日時,アレイ,札幌→大通り,大通り→札幌,合計
2019-09-01T05:45:00+09:00,J1,270,301,571
2019-09-01T05:45:00+09:00,J2,118,165,283
2019-09-01T05:45:00+09:00,J3,276,229,505
2019-09-01T05:45:00+09:00,J4,331,304,635
2019-09-01T05:45:00+09:00,J5,355,303,658
2019-09-01T06:00:00+09:00,J1,307,295,602
2019-09-01T06:00:00+09:00,J2,155,194,349
2019-09-01T06:00:00+09:00,J3,426,325,751
2019-09-01T06:00:00+09:00,J4,388,317,705
2019-09-01T06:00:00+09:00,J5,222,176,398
2019-09-01T06:15:00+09:00,J1,361,360,721
2019-09-01T06:15:00+09:00,J2,203,193,396
2019-09-01T06:15:00+09:00,J3,402,297,699
2019-09-01T06:15:00+09:00,J4,487,497,984
2019-09-01T06:15:00+09:00,J5,181,111,292
2019-09-01T06:30:00+09:00,J1,297,319,616
2019-09-01T06:30:00+09:00,J2,221,220,441
2019-09-01T06:30:00+09:00,J3,405,338,743
2019-09-01T06:30:00+09:00,J4,310,337,647
2019-09-01T06:30:00+09:00,J5,170,148,318
2019-09-01T06:45:00+09:00,J1,354,313,667
2019-09-01T06:45:00+09:00,J2,221,201,422
2019-09-01T06:45:00+09:00,J3,395,318,713
2019-09-01T06:45:00+09:00,J4,366,382,748
2019-09-01T06:45:00+09:00,J5,262,204,466
2019-09-01T07:00:00+09:00,J1,357,334,691
2019-09-01T07:00:00+09:00,J2,166,234,400
2019-09-01T07:00:00+09:00,J3,387,342,729
2019-09-01T07:00:00+09:00,J4,340,304,644
2019-09-01T07:00:00+09:00,J5,319,230,549
2019-09-01T07:15:00+09:00,J1,361,316,677
2019-09-01T07:15:00+09:00,J2,220,226,446
2019-09-01T07:15:00+09:00,J3,378,311,689
2019-09-01T07:15:00+09:00,J4,390,397,787
2019-09-01T07:15:00+09:00,J5,341,315,656
2019-09-01T07:30:00+09:00,J1,317,333,650
2019-09-01T07:30:00+09:00,J2,244,260,504
2019-09-01T07:30:00+09:00,J3,434,316,750
2019-09-01T07:30:00+09:00,J4,427,422,849
2019-09-01T07:30:00+09:00,J5,249,191,440
2019-09-01T07:45:00+09:00,J1,318,332,650
2019-09-01T07:45:00+09:00,J2,220,258,478
2019-09-01T07:45:00+09:00,J3,384,264,648
2019-09-01T07:45:00+09:00,J4,541,604,1145
2019-09-01T07:45:00+09:00,J5,233,196,429
2019-09-01T08:00:00+09:00,J1,478,430,908
2019-09-01T08:00:00+09:00,J2,288,288,576
2019-09-01T08:00:00+09:00,J3,506,458,964
2019-09-01T08:00:00+09:00,J4,530,508,1038
2019-09-01T08:00:00+09:00,J5,221,200,421
2019-09-01T08:15:00+09:00,J1,472,405,877
2019-09-01T08:15:00+09:00,J2,355,288,643
2019-09-01T08:15:00+09:00,J3,676,562,1238
2019-09-01T08:15:00+09:00,J4,511,547,1058
2019-09-01T08:15:00+09:00,J5,210,151,361
2019-09-01T08:30:00+09:00,J1,517,418,935
2019-09-01T08:30:00+09:00,J2,391,311,702
2019-09-01T08:30:00+09:00,J3,606,579,1185
2019-09-01T08:30:00+09:00,J4,519,594,1113
2019-09-01T08:30:00+09:00,J5,197,173,370
2019-09-01T08:45:00+09:00,J1,434,372,806
2019-09-01T08:45:00+09:00,J2,405,301,706
2019-09-01T08:45:00+09:00,J3,631,523,1154
2019-09-01T08:45:00+09:00,J4,487,543,1030
2019-09-01T08:45:00+09:00,J5,204,155,359
2019-09-01T09:00:00+09:00,J1,461,395,856
2019-09-01T09:00:00+09:00,J2,443,362,805
2019-09-01T09:00:00+09:00,J3,554,454,1008
2019-09-01T09:00:00+09:00,J4,446,559,1005
2019-09-01T09:00:00+09:00,J5,160,158,318
2019-09-01T09:15:00+09:00,J1,444,399,843
2019-09-01T09:15:00+09:00,J2,453,338,791
2019-09-01T09:15:00+09:00,J3,526,471,997
2019-09-01T09:15:00+09:00,J4,472,468,940
2019-09-01T09:15:00+09:00,J5,176,140,316
2019-09-01T09:30:00+09:00,J1,472,457,929
2019-09-01T09:30:00+09:00,J2,495,438,933
2019-09-01T09:30:00+09:00,J3,464,589,1053
2019-09-01T09:30:00+09:00,J4,488,485,973
2019-09-01T09:30:00+09:00,J5,212,178,390
2019-09-01T09:45:00+09:00,J1,476,442,918
2019-09-01T09:45:00+09:00,J2,534,435,969
2019-09-01T09:45:00+09:00,J3,468,554,1022
2019-09-01T09:45:00+09:00,J4,484,456,940
2019-09-01T09:45:00+09:00,J5,181,202,383
2019-09-01T10:00:00+09:00,J1,479,491,970
2019-09-01T10:00:00+09:00,J2,551,456,1007
2019-09-01T10:00:00+09:00,J3,464,530,994
2019-09-01T10:00:00+09:00,J4,348,383,731
2019-09-01T10:00:00+09:00,J5,225,205,430
2019-09-01T10:15:00+09:00,J1,567,548,1115
2019-09-01T10:15:00+09:00,J2,481,461,942
2019-09-01T10:15:00+09:00,J3,506,566,1072
2019-09-01T10:15:00+09:00,J4,367,403,770
2019-09-01T10:15:00+09:00,J5,220,181,401
2019-09-01T10:30:00+09:00,J1,558,533,1091
2019-09-01T10:30:00+09:00,J2,461,476,937
2019-09-01T10:30:00+09:00,J3,490,577,1067
2019-09-01T10:30:00+09:00,J4,345,376,721
2019-09-01T10:30:00+09:00,J5,186,204,390
2019-09-01T10:45:00+09:00,J1,503,440,943
2019-09-01T10:45:00+09:00,J2,451,470,921
2019-09-01T10:45:00+09:00,J3,554,522,1076
2019-09-01T10:45:00+09:00,J4,344,359,703
2019-09-01T10:45:00+09:00,J5,207,204,411
2019-09-01T11:00:00+09:00,J1,539,588,1127
2019-09-01T11:00:00+09:00,J2,408,383,791
2019-09-01T11:00:00+09:00,J3,593,556,1149
2019-09-01T11:00:00+09:00,J4,301,332,633
2019-09-01T11:00:00+09:00,J5,176,215,391
2019-09-01T11:15:00+09:00,J1,530,545,1075
2019-09-01T11:15:00+09:00,J2,428,414,842
2019-09-01T11:15:00+09:00,J3,591,616,1207
2019-09-01T11:15:00+09:00,J4,442,321,763
2019-09-01T11:15:00+09:00,J5,172,218,390
2019-09-01T11:30:00+09:00,J1,509,434,943
2019-09-01T11:30:00+09:00,J2,455,383,838
2019-09-01T11:30:00+09:00,J3,527,515,1042
2019-09-01T11:30:00+09:00,J4,365,360,725
2019-09-01T11:30:00+09:00,J5,173,210,383
2019-09-01T11:45:00+09:00,J1,453,455,908
2019-09-01T11:45:00+09:00,J2,461,423,884
2019-09-01T11:45:00+09:00,J3,580,529,1109
2019-09-01T11:45:00+09:00,J4,377,352,729
2019-09-01T11:45:00+09:00,J5,205,251,456
2019-09-01T12:00:00+09:00,J1,475,513,988
2019-09-01T12:00:00+09:00,J2,443,486,929
2019-09-01T12:00:00+09:00,J3,585,554,1139
2019-09-01T12:00:00+09:00,J4,404,330,734
2019-09-01T12:00:00+09:00,J5,268,270,538
2019-09-01T12:15:00+09:00,J1,503,581,1084
2019-09-01T12:15:00+09:00,J2,482,438,920
2019-09-01T12:15:00+09:00,J3,549,587,1136
2019-09-01T12:15:00+09:00,J4,404,380,784
2019-09-01T12:15:00+09:00,J5,224,252,476
2019-09-01T12:30:00+09:00,J1,620,644,1264
2019-09-01T12:30:00+09:00,J2,437,391,828
2019-09-01T12:30:00+09:00,J3,523,504,1027
2019-09-01T12:30:00+09:00,J4,392,417,809
2019-09-01T12:30:00+09:00,J5,226,235,461
2019-09-01T12:45:00+09:00,J1,583,663,1246
2019-09-01T12:45:00+09:00,J2,388,460,848
2019-09-01T12:45:00+09:00,J3,559,514,1073
2019-09-01T12:45:00+09:00,J4,374,406,780
2019-09-01T12:45:00+09:00,J5,247,252,499
2019-09-01T13:00:00+09:00,J1,622,612,1234
2019-09-01T13:00:00+09:00,J2,462,420,882
2019-09-01T13:00:00+09:00,J3,591,487,1078
2019-09-01T13:00:00+09:00,J4,466,406,872
2019-09-01T13:00:00+09:00,J5,250,219,469
2019-09-01T13:15:00+09:00,J1,562,649,1211
2019-09-01T13:15:00+09:00,J2,442,444,886
2019-09-01T13:15:00+09:00,J3,672,511,1183
2019-09-01T13:15:00+09:00,J4,514,465,979
2019-09-01T13:15:00+09:00,J5,354,303,657
2019-09-01T13:30:00+09:00,J1,579,596,1175
2019-09-01T13:30:00+09:00,J2,457,447,904
2019-09-01T13:30:00+09:00,J3,657,578,1235
2019-09-01T13:30:00+09:00,J4,575,458,1033
2019-09-01T13:30:00+09:00,J5,310,350,660
2019-09-01T13:45:00+09:00,J1,604,693,1297
2019-09-01T13:45:00+09:00,J2,480,506,986
2019-09-01T13:45:00+09:00,J3,667,560,1227
2019-09-01T13:45:00+09:00,J4,498,407,905
2019-09-01T13:45:00+09:00,J5,302,274,576
2019-09-01T14:00:00+09:00,J1,547,718,1265
2019-09-01T14:00:00+09:00,J2,512,464,976
2019-09-01T14:00:00+09:00,J3,649,601,1250
2019-09-01T14:00:00+09:00,J4,507,476,983
2019-09-01T14:00:00+09:00,J5,365,321,686
2019-09-01T14:15:00+09:00,J1,581,679,1260
2019-09-01T14:15:00+09:00,J2,524,458,982
2019-09-01T14:15:00+09:00,J3,704,570,1274
2019-09-01T14:15:00+09:00,J4,565,474,1039
2019-09-01T14:15:00+09:00,J5,368,361,729
2019-09-01T14:30:00+09:00,J1,566,697,1263
2019-09-01T14:30:00+09:00,J2,505,486,991
2019-09-01T14:30:00+09:00,J3,702,558,1260
2019-09-01T14:30:00+09:00,J4,573,452,1025
2019-09-01T14:30:00+09:00,J5,281,317,598
2019-09-01T14:45:00+09:00,J1,473,557,1030
2019-09-01T14:45:00+09:00,J2,478,531,1009
2019-09-01T14:45:00+09:00,J3,663,592,1255
2019-09-01T14:45:00+09:00,J4,500,484,984
2019-09-01T14:45:00+09:00,J5,333,328,661
2019-09-01T15:00:00+09:00,J1,485,657,1142
2019-09-01T15:00:00+09:00,J2,483,480,963
2019-09-01T15:00:00+09:00,J3,683,592,1275
2019-09-01T15:00:00+09:00,J4,485,552,1037
2019-09-01T15:00:00+09:00,J5,374,355,729
2019-09-01T15:15:00+09:00,J1,525,649,1174
2019-09-01T15:15:00+09:00,J2,497,513,1010
2019-09-01T15:15:00+09:00,J3,738,636,1374
2019-09-01T15:15:00+09:00,J4,514,568,1082
2019-09-01T15:15:00+09:00,J5,460,456,916
2019-09-01T15:30:00+09:00,J1,566,613,1179
2019-09-01T15:30:00+09:00,J2,529,517,1046
2019-09-01T15:30:00+09:00,J3,722,660,1382
2019-09-01T15:30:00+09:00,J4,555,475,1030
2019-09-01T15:30:00+09:00,J5,438,415,853
2019-09-01T15:45:00+09:00,J1,547,660,1207
2019-09-01T15:45:00+09:00,J2,496,488,984
2019-09-01T15:45:00+09:00,J3,732,645,1377
2019-09-01T15:45:00+09:00,J4,553,469,1022
2019-09-01T15:45:00+09:00,J5,314,353,667
2019-09-01T16:00:00+09:00,J1,573,705,1278
2019-09-01T16:00:00+09:00,J2,483,463,946
2019-09-01T16:00:00+09:00,J3,688,577,1265
2019-09-01T16:00:00+09:00,J4,507,460,967
2019-09-01T16:00:00+09:00,J5,321,366,687
2019-09-01T16:15:00+09:00,J1,591,701,1292
2019-09-01T16:15:00+09:00,J2,484,433,917
2019-09-01T16:15:00+09:00,J3,659,561,1220
2019-09-01T16:15:00+09:00,J4,573,495,1068
2019-09-01T16:15:00+09:00,J5,352,338,690
2019-09-01T16:30:00+09:00,J1,427,570,997
2019-09-01T16:30:00+09:00,J2,426,417,843
2019-09-01T16:30:00+09:00,J3,714,676,1390
2019-09-01T16:30:00+09:00,J4,496,517,1013
2019-09-01T16:30:00+09:00,J5,433,394,827
2019-09-01T16:45:00+09:00,J1,425,614,1039
2019-09-01T16:45:00+09:00,J2,463,411,874
2019-09-01T16:45:00+09:00,J3,680,674,1354
2019-09-01T16:45:00+09:00,J4,529,479,1008
2019-09-01T16:45:00+09:00,J5,426,399,825
2019-09-01T17:00:00+09:00,J1,583,635,1218
2019-09-01T17:00:00+09:00,J2,379,377,756
2019-09-01T17:00:00+09:00,J3,705,709,1414
2019-09-01T17:00:00+09:00,J4,516,432,948
2019-09-01T17:00:00+09:00,J5,283,273,556
2019-09-01T17:15:00+09:00,J1,492,561,1053
2019-09-01T17:15:00+09:00,J2,448,380,828
2019-09-01T17:15:00+09:00,J3,686,635,1321
2019-09-01T17:15:00+09:00,J4,518,416,934
2019-09-01T17:15:00+09:00,J5,314,282,596
2019-09-01T17:30:00+09:00,J1,547,566,1113
2019-09-01T17:30:00+09:00,J2,500,462,962
2019-09-01T17:30:00+09:00,J3,609,532,1141
2019-09-01T17:30:00+09:00,J4,569,394,963
2019-09-01T17:30:00+09:00,J5,306,287,593
2019-09-01T17:45:00+09:00,J1,503,497,1000
2019-09-01T17:45:00+09:00,J2,414,387,801
2019-09-01T17:45:00+09:00,J3,532,538,1070
2019-09-01T17:45:00+09:00,J4,508,433,941
2019-09-01T17:45:00+09:00,J5,305,306,611
2019-09-01T18:00:00+09:00,J1,541,582,1123
2019-09-01T18:00:00+09:00,J2,470,423,893
2019-09-01T18:00:00+09:00,J3,535,556,1091
2019-09-01T18:00:00+09:00,J4,517,396,913
2019-09-01T18:00:00+09:00,J5,322,306,628
2019-09-01T18:15:00+09:00,J1,545,579,1124
2019-09-01T18:15:00+09:00,J2,503,401,904
2019-09-01T18:15:00+09:00,J3,587,530,1117
2019-09-01T18:15:00+09:00,J4,517,384,901
2019-09-01T18:15:00+09:00,J5,310,298,608
2019-09-01T18:30:00+09:00,J1,541,615,1156
2019-09-01T18:30:00+09:00,J2,463,392,855
2019-09-01T18:30:00+09:00,J3,533,502,1035
2019-09-01T18:30:00+09:00,J4,468,450,918
2019-09-01T18:30:00+09:00,J5,308,255,563
2019-09-01T18:45:00+09:00,J1,543,604,1147
2019-09-01T18:45:00+09:00,J2,392,291,683
2019-09-01T18:45:00+09:00,J3,484,449,933
2019-09-01T18:45:00+09:00,J4,466,471,937
2019-09-01T18:45:00+09:00,J5,274,254,528
2019-09-01T19:00:00+09:00,J1,476,520,996
2019-09-01T19:00:00+09:00,J2,354,311,665
2019-09-01T19:00:00+09:00,J3,458,475,933
2019-09-01T19:00:00+09:00,J4,497,451,948
2019-09-01T19:00:00+09:00,J5,359,305,664
2019-09-01T19:15:00+09:00,J1,476,541,1017
2019-09-01T19:15:00+09:00,J2,339,301,640
2019-09-01T19:15:00+09:00,J3,469,479,948
2019-09-01T19:15:00+09:00,J4,514,411,925
2019-09-01T19:15:00+09:00,J5,319,299,618
2019-09-01T19:30:00+09:00,J1,401,467,868
2019-09-01T19:30:00+09:00,J2,326,231,557
2019-09-01T19:30:00+09:00,J3,458,412,870
2019-09-01T19:30:00+09:00,J4,470,427,897
2019-09-01T19:30:00+09:00,J5,281,269,550
2019-09-01T19:45:00+09:00,J1,411,470,881
2019-09-01T19:45:00+09:00,J2,349,309,658
2019-09-01T19:45:00+09:00,J3,447,456,903
2019-09-01T19:45:00+09:00,J4,518,524,1042
2019-09-01T19:45:00+09:00,J5,297,320,617
2019-09-01T20:00:00+09:00,J1,455,461,916
2019-09-01T20:00:00+09:00,J2,332,302,634
2019-09-01T20:00:00+09:00,J3,500,483,983
2019-09-01T20:00:00+09:00,J4,546,486,1032
2019-09-01T20:00:00+09:00,J5,254,264,518
2019-09-01T20:15:00+09:00,J1,488,490,978
2019-09-01T20:15:00+09:00,J2,397,281,678
2019-09-01T20:15:00+09:00,J3,483,456,939
2019-09-01T20:15:00+09:00,J4,497,531,1028
2019-09-01T20:15:00+09:00,J5,247,242,489
2019-09-01T20:30:00+09:00,J1,429,435,864
2019-09-01T20:30:00+09:00,J2,298,234,532
2019-09-01T20:30:00+09:00,J3,511,435,946
2019-09-01T20:30:00+09:00,J4,542,465,1007
2019-09-01T20:30:00+09:00,J5,303,264,567
2019-09-01T20:45:00+09:00,J1,431,386,817
2019-09-01T20:45:00+09:00,J2,302,262,564
2019-09-01T20:45:00+09:00,J3,533,373,906
2019-09-01T20:45:00+09:00,J4,558,480,1038
2019-09-01T20:45:00+09:00,J5,345,322,667
2019-09-01T21:00:00+09:00,J1,497,579,1076
2019-09-01T21:00:00+09:00,J2,283,320,603
2019-09-01T21:00:00+09:00,J3,356,318,674
2019-09-01T21:00:00+09:00,J4,536,449,985
2019-09-01T21:00:00+09:00,J5,338,345,683
2019-09-01T21:15:00+09:00,J1,455,495,950
2019-09-01T21:15:00+09:00,J2,331,317,648
2019-09-01T21:15:00+09:00,J3,367,317,684
2019-09-01T21:15:00+09:00,J4,459,454,913
2019-09-01T21:15:00+09:00,J5,387,374,761
2019-09-01T21:30:00+09:00,J1,459,408,867
2019-09-01T21:30:00+09:00,J2,218,256,474
2019-09-01T21:30:00+09:00,J3,344,283,627
2019-09-01T21:30:00+09:00,J4,522,444,966
2019-09-01T21:30:00+09:00,J5,349,299,648
2019-09-01T21:45:00+09:00,J1,379,419,798
2019-09-01T21:45:00+09:00,J2,233,260,493
2019-09-01T21:45:00+09:00,J3,308,331,639
2019-09-01T21:45:00+09:00,J4,419,389,808
2019-09-01T21:45:00+09:00,J5,334,324,658
2019-09-01T22:00:00+09:00,J1,413,365,778
2019-09-01T22:00:00+09:00,J2,164,194,358
2019-09-01T22:00:00+09:00,J3,306,297,603
2019-09-01T22:00:00+09:00,J4,370,311,681
2019-09-01T22:00:00+09:00,J5,388,404,792
2019-09-01T22:15:00+09:00,J1,348,368,716
2019-09-01T22:15:00+09:00,J2,179,237,416
2019-09-01T22:15:00+09:00,J3,346,281,627
2019-09-01T22:15:00+09:00,J4,354,371,725
2019-09-01T22:15:00+09:00,J5,321,423,744
2019-09-01T22:30:00+09:00,J1,294,337,631
2019-09-01T22:30:00+09:00,J2,232,267,499
2019-09-01T22:30:00+09:00,J3,426,320,746
2019-09-01T22:30:00+09:00,J4,458,407,865
2019-09-01T22:30:00+09:00,J5,353,418,771
2019-09-01T22:45:00+09:00,J1,277,304,581
2019-09-01T22:45:00+09:00,J2,178,234,412
2019-09-01T22:45:00+09:00,J3,403,340,743
2019-09-01T22:45:00+09:00,J4,498,491,989
2019-09-01T22:45:00+09:00,J5,313,283,596
2019-09-01T23:00:00+09:00,J1,304,353,657
2019-09-01T23:00:00+09:00,J2,166,213,379
2019-09-01T23:00:00+09:00,J3,390,304,694
2019-09-01T23:00:00+09:00,J4,431,461,892
2019-09-01T23:00:00+09:00,J5,221,183,404
2019-09-01T23:15:00+09:00,J1,304,337,641
2019-09-01T23:15:00+09:00,J2,175,265,440
2019-09-01T23:15:00+09:00,J3,431,313,744
2019-09-01T23:15:00+09:00,J4,344,372,716
2019-09-01T23:15:00+09:00,J5,197,165,362
2019-09-01T23:30:00+09:00,J1,302,316,618
2019-09-01T23:30:00+09:00,J2,214,291,505
2019-09-01T23:30:00+09:00,J3,405,295,700
2019-09-01T23:30:00+09:00,J4,327,340,667
2019-09-01T23:30:00+09:00,J5,182,181,363
2019-09-01T23:45:00+09:00,J1,326,307,633
2019-09-01T23:45:00+09:00,J2,212,244,456
2019-09-01T23:45:00+09:00,J3,387,309,696
2019-09-01T23:45:00+09:00,J4,360,353,713
2019-09-01T23:45:00+09:00,J5,171,182,353
2019-09-02T00:00:00+09:00,J1,318,275,593
2019-09-02T00:00:00+09:00,J2,200,197,397
2019-09-02T00:00:00+09:00,J3,412,320,732
2019-09-02T00:00:00+09:00,J4,466,450,916
2019-09-02T00:00:00+09:00,J5,261,217,478
2019-09-02T00:15:00+09:00,J1,274,222,496
2019-09-02T00:15:00+09:00,J2,151,157,308
2019-09-02T00:15:00+09:00,J3,273,246,519
2019-09-02T00:15:00+09:00,J4,243,222,465
2019-09-02T00:15:00+09:00,J5,256,225,481
2019-09-02T00:30:00+09:00,J1,243,233,476
2019-09-02T00:30:00+09:00,J2,126,114,240
2019-09-02T00:30:00+09:00,J3,239,223,462
2019-09-02T00:30:00+09:00,J4,229,206,435
2019-09-02T00:30:00+09:00,J5,249,298,547
2019-09-02T00:45:00+09:00,J1,249,242,491
2019-09-02T00:45:00+09:00,J2,92,122,214
2019-09-02T00:45:00+09:00,J3,239,223,462
2019-09-02T00:45:00+09:00,J4,288,270,558
2019-09-02T00:45:00+09:00,J5,270,343,613
2019-09-02T05:45:00+09:00,J1,208,211,419
2019-09-02T05:45:00+09:00,J2,180,167,347
2019-09-02T05:45:00+09:00,J3,258,281,539
2019-09-02T05:45:00+09:00,J4,258,198,456
2019-09-02T05:45:00+09:00,J5,202,168,370
2019-09-02T06:00:00+09:00,J1,243,229,472
2019-09-02T06:00:00+09:00,J2,209,160,369
2019-09-02T06:00:00+09:00,J3,234,217,451
2019-09-02T06:00:00+09:00,J4,357,352,709
2019-09-02T06:00:00+09:00,J5,260,281,541
2019-09-02T06:15:00+09:00,J1,289,267,556
2019-09-02T06:15:00+09:00,J2,234,184,418
2019-09-02T06:15:00+09:00,J3,227,202,429
2019-09-02T06:15:00+09:00,J4,402,433,835
2019-09-02T06:15:00+09:00,J5,237,306,543
2019-09-02T06:30:00+09:00,J1,345,313,658
2019-09-02T06:30:00+09:00,J2,255,206,461
2019-09-02T06:30:00+09:00,J3,280,230,510
2019-09-02T06:30:00+09:00,J4,374,418,792
2019-09-02T06:30:00+09:00,J5,223,232,455
2019-09-02T06:45:00+09:00,J1,276,247,523
2019-09-02T06:45:00+09:00,J2,150,125,275
2019-09-02T06:45:00+09:00,J3,298,253,551
2019-09-02T06:45:00+09:00,J4,265,285,550
2019-09-02T06:45:00+09:00,J5,242,276,518
2019-09-02T07:00:00+09:00,J1,367,326,693
2019-09-02T07:00:00+09:00,J2,166,209,375
2019-09-02T07:00:00+09:00,J3,273,272,545
2019-09-02T07:00:00+09:00,J4,295,309,604
2019-09-02T07:00:00+09:00,J5,292,248,540
2019-09-02T07:15:00+09:00,J1,344,260,604
2019-09-02T07:15:00+09:00,J2,223,201,424
2019-09-02T07:15:00+09:00,J3,366,326,692
2019-09-02T07:15:00+09:00,J4,293,385,678
2019-09-02T07:15:00+09:00,J5,267,310,577
2019-09-02T07:30:00+09:00,J1,411,279,690
2019-09-02T07:30:00+09:00,J2,241,217,458
2019-09-02T07:30:00+09:00,J3,506,579,1085
2019-09-02T07:30:00+09:00,J4,364,455,819
2019-09-02T07:30:00+09:00,J5,286,274,560
2019-09-02T07:45:00+09:00,J1,561,402,963
2019-09-02T07:45:00+09:00,J2,305,281,586
2019-09-02T07:45:00+09:00,J3,594,534,1128
2019-09-02T07:45:00+09:00,J4,345,578,923
2019-09-02T07:45:00+09:00,J5,357,259,616
2019-09-02T08:00:00+09:00,J1,892,582,1474
2019-09-02T08:00:00+09:00,J2,323,262,585
2019-09-02T08:00:00+09:00,J3,797,807,1604
2019-09-02T08:00:00+09:00,J4,551,732,1283
2019-09-02T08:00:00+09:00,J5,326,240,566
2019-09-02T08:15:00+09:00,J1,977,571,1548
2019-09-02T08:15:00+09:00,J2,426,282,708
2019-09-02T08:15:00+09:00,J3,879,852,1731
2019-09-02T08:15:00+09:00,J4,562,1007,1569
2019-09-02T08:15:00+09:00,J5,299,235,534
2019-09-02T08:30:00+09:00,J1,1010,536,1546
2019-09-02T08:30:00+09:00,J2,495,297,792
2019-09-02T08:30:00+09:00,J3,783,1057,1840
2019-09-02T08:30:00+09:00,J4,623,1035,1658
2019-09-02T08:30:00+09:00,J5,336,291,627
2019-09-02T08:45:00+09:00,J1,721,506,1227
2019-09-02T08:45:00+09:00,J2,369,277,646
2019-09-02T08:45:00+09:00,J3,696,821,1517
2019-09-02T08:45:00+09:00,J4,642,836,1478
2019-09-02T08:45:00+09:00,J5,273,211,484
2019-09-02T09:00:00+09:00,J1,632,491,1123
2019-09-02T09:00:00+09:00,J2,309,260,569
2019-09-02T09:00:00+09:00,J3,713,697,1410
2019-09-02T09:00:00+09:00,J4,622,745,1367
2019-09-02T09:00:00+09:00,J5,246,164,410
2019-09-02T09:15:00+09:00,J1,503,386,889
2019-09-02T09:15:00+09:00,J2,350,239,589
2019-09-02T09:15:00+09:00,J3,628,577,1205
2019-09-02T09:15:00+09:00,J4,532,638,1170
2019-09-02T09:15:00+09:00,J5,226,180,406
2019-09-02T09:30:00+09:00,J1,510,422,932
2019-09-02T09:30:00+09:00,J2,366,263,629
2019-09-02T09:30:00+09:00,J3,603,587,1190
2019-09-02T09:30:00+09:00,J4,555,700,1255
2019-09-02T09:30:00+09:00,J5,279,166,445
2019-09-02T09:45:00+09:00,J1,454,385,839
2019-09-02T09:45:00+09:00,J2,380,301,681
2019-09-02T09:45:00+09:00,J3,575,525,1100
2019-09-02T09:45:00+09:00,J4,516,580,1096
2019-09-02T09:45:00+09:00,J5,235,170,405
2019-09-02T10:00:00+09:00,J1,414,404,818
2019-09-02T10:00:00+09:00,J2,352,339,691
2019-09-02T10:00:00+09:00,J3,463,468,931
2019-09-02T10:00:00+09:00,J4,477,559,1036
2019-09-02T10:00:00+09:00,J5,239,180,419
2019-09-02T10:15:00+09:00,J1,412,404,816
2019-09-02T10:15:00+09:00,J2,353,291,644
2019-09-02T10:15:00+09:00,J3,454,495,949
2019-09-02T10:15:00+09:00,J4,503,523,1026
2019-09-02T10:15:00+09:00,J5,250,176,426
2019-09-02T10:30:00+09:00,J1,489,459,948
2019-09-02T10:30:00+09:00,J2,361,331,692
2019-09-02T10:30:00+09:00,J3,475,518,993
2019-09-02T10:30:00+09:00,J4,481,528,1009
2019-09-02T10:30:00+09:00,J5,252,200,452
2019-09-02T10:45:00+09:00,J1,474,443,917
2019-09-02T10:45:00+09:00,J2,386,399,785
2019-09-02T10:45:00+09:00,J3,452,573,1025
2019-09-02T10:45:00+09:00,J4,438,527,965
2019-09-02T10:45:00+09:00,J5,232,197,429
2019-09-02T11:00:00+09:00,J1,424,477,901
2019-09-02T11:00:00+09:00,J2,443,386,829
2019-09-02T11:00:00+09:00,J3,496,561,1057
2019-09-02T11:00:00+09:00,J4,498,412,910
2019-09-02T11:00:00+09:00,J5,226,194,420
2019-09-02T11:15:00+09:00,J1,531,472,1003
2019-09-02T11:15:00+09:00,J2,360,328,688
2019-09-02T11:15:00+09:00,J3,620,566,1186
2019-09-02T11:15:00+09:00,J4,443,367,810
2019-09-02T11:15:00+09:00,J5,242,220,462
2019-09-02T11:30:00+09:00,J1,532,519,1051
2019-09-02T11:30:00+09:00,J2,395,348,743
2019-09-02T11:30:00+09:00,J3,649,603,1252
2019-09-02T11:30:00+09:00,J4,439,390,829
2019-09-02T11:30:00+09:00,J5,204,221,425
2019-09-02T11:45:00+09:00,J1,524,529,1053
2019-09-02T11:45:00+09:00,J2,380,329,709
2019-09-02T11:45:00+09:00,J3,591,572,1163
2019-09-02T11:45:00+09:00,J4,401,383,784
2019-09-02T11:45:00+09:00,J5,217,234,451
2019-09-02T12:00:00+09:00,J1,504,543,1047
2019-09-02T12:00:00+09:00,J2,435,403,838
2019-09-02T12:00:00+09:00,J3,597,593,1190
2019-09-02T12:00:00+09:00,J4,478,432,910
2019-09-02T12:00:00+09:00,J5,284,291,575
2019-09-02T12:15:00+09:00,J1,496,501,997
2019-09-02T12:15:00+09:00,J2,377,308,685
2019-09-02T12:15:00+09:00,J3,618,517,1135
2019-09-02T12:15:00+09:00,J4,494,439,933
2019-09-02T12:15:00+09:00,J5,270,255,525
2019-09-02T12:30:00+09:00,J1,503,471,974
2019-09-02T12:30:00+09:00,J2,370,285,655
2019-09-02T12:30:00+09:00,J3,620,558,1178
2019-09-02T12:30:00+09:00,J4,475,534,1009
2019-09-02T12:30:00+09:00,J5,281,282,563
2019-09-02T12:45:00+09:00,J1,466,507,973
2019-09-02T12:45:00+09:00,J2,320,258,578
2019-09-02T12:45:00+09:00,J3,596,624,1220
2019-09-02T12:45:00+09:00,J4,467,437,904
2019-09-02T12:45:00+09:00,J5,283,230,513
2019-09-02T13:00:00+09:00,J1,468,498,966
2019-09-02T13:00:00+09:00,J2,330,313,643
2019-09-02T13:00:00+09:00,J3,614,559,1173
2019-09-02T13:00:00+09:00,J4,485,463,948
2019-09-02T13:00:00+09:00,J5,295,275,570
2019-09-02T13:15:00+09:00,J1,410,540,950
2019-09-02T13:15:00+09:00,J2,275,255,530
2019-09-02T13:15:00+09:00,J3,607,583,1190
2019-09-02T13:15:00+09:00,J4,478,469,947
2019-09-02T13:15:00+09:00,J5,336,290,626
2019-09-02T13:30:00+09:00,J1,384,451,835
2019-09-02T13:30:00+09:00,J2,373,294,667
2019-09-02T13:30:00+09:00,J3,604,548,1152
2019-09-02T13:30:00+09:00,J4,451,461,912
2019-09-02T13:30:00+09:00,J5,310,282,592
2019-09-02T13:45:00+09:00,J1,369,387,756
2019-09-02T13:45:00+09:00,J2,392,361,753
2019-09-02T13:45:00+09:00,J3,609,517,1126
2019-09-02T13:45:00+09:00,J4,437,488,925
2019-09-02T13:45:00+09:00,J5,304,300,604
2019-09-02T14:00:00+09:00,J1,387,397,784
2019-09-02T14:00:00+09:00,J2,327,298,625
2019-09-02T14:00:00+09:00,J3,570,488,1058
2019-09-02T14:00:00+09:00,J4,430,447,877
2019-09-02T14:00:00+09:00,J5,306,258,564
2019-09-02T14:15:00+09:00,J1,298,413,711
2019-09-02T14:15:00+09:00,J2,330,276,606
2019-09-02T14:15:00+09:00,J3,574,531,1105
2019-09-02T14:15:00+09:00,J4,478,422,900
2019-09-02T14:15:00+09:00,J5,266,224,490
2019-09-02T14:30:00+09:00,J1,319,413,732
2019-09-02T14:30:00+09:00,J2,296,258,554
2019-09-02T14:30:00+09:00,J3,562,484,1046
2019-09-02T14:30:00+09:00,J4,502,431,933
2019-09-02T14:30:00+09:00,J5,293,249,542
2019-09-02T14:45:00+09:00,J1,406,475,881
2019-09-02T14:45:00+09:00,J2,341,290,631
2019-09-02T14:45:00+09:00,J3,581,490,1071
2019-09-02T14:45:00+09:00,J4,532,430,962
2019-09-02T14:45:00+09:00,J5,255,234,489
2019-09-02T15:00:00+09:00,J1,390,508,898
2019-09-02T15:00:00+09:00,J2,357,273,630
2019-09-02T15:00:00+09:00,J3,520,579,1099
2019-09-02T15:00:00+09:00,J4,473,409,882
2019-09-02T15:00:00+09:00,J5,277,289,566
2019-09-02T15:15:00+09:00,J1,461,529,990
2019-09-02T15:15:00+09:00,J2,362,274,636
2019-09-02T15:15:00+09:00,J3,567,587,1154
2019-09-02T15:15:00+09:00,J4,485,370,855
2019-09-02T15:15:00+09:00,J5,277,227,504
2019-09-02T15:30:00+09:00,J1,441,521,962
2019-09-02T15:30:00+09:00,J2,327,303,630
2019-09-02T15:30:00+09:00,J3,563,608,1171
2019-09-02T15:30:00+09:00,J4,521,430,951
2019-09-02T15:30:00+09:00,J5,252,233,485
2019-09-02T15:45:00+09:00,J1,439,481,920
2019-09-02T15:45:00+09:00,J2,324,330,654
2019-09-02T15:45:00+09:00,J3,501,501,1002
2019-09-02T15:45:00+09:00,J4,478,358,836
2019-09-02T15:45:00+09:00,J5,277,270,547
2019-09-02T16:00:00+09:00,J1,464,468,932
2019-09-02T16:00:00+09:00,J2,353,369,722
2019-09-02T16:00:00+09:00,J3,483,448,931
2019-09-02T16:00:00+09:00,J4,514,363,877
2019-09-02T16:00:00+09:00,J5,284,250,534
2019-09-02T16:15:00+09:00,J1,488,467,955
2019-09-02T16:15:00+09:00,J2,373,343,716
2019-09-02T16:15:00+09:00,J3,453,436,889
2019-09-02T16:15:00+09:00,J4,490,366,856
2019-09-02T16:15:00+09:00,J5,274,228,502
2019-09-02T16:30:00+09:00,J1,478,534,1012
2019-09-02T16:30:00+09:00,J2,297,305,602
2019-09-02T16:30:00+09:00,J3,446,530,976
2019-09-02T16:30:00+09:00,J4,518,340,858
2019-09-02T16:30:00+09:00,J5,250,249,499
2019-09-02T16:45:00+09:00,J1,504,492,996
2019-09-02T16:45:00+09:00,J2,373,327,700
2019-09-02T16:45:00+09:00,J3,512,466,978
2019-09-02T16:45:00+09:00,J4,473,384,857
2019-09-02T16:45:00+09:00,J5,289,255,544
2019-09-02T17:00:00+09:00,J1,564,638,1202
2019-09-02T17:00:00+09:00,J2,309,372,681
2019-09-02T17:00:00+09:00,J3,531,546,1077
2019-09-02T17:00:00+09:00,J4,487,342,829
2019-09-02T17:00:00+09:00,J5,294,288,582
2019-09-02T17:15:00+09:00,J1,593,727,1320
2019-09-02T17:15:00+09:00,J2,359,327,686
2019-09-02T17:15:00+09:00,J3,594,571,1165
2019-09-02T17:15:00+09:00,J4,458,341,799
2019-09-02T17:15:00+09:00,J5,258,320,578
2019-09-02T17:30:00+09:00,J1,611,742,1353
2019-09-02T17:30:00+09:00,J2,406,365,771
2019-09-02T17:30:00+09:00,J3,491,532,1023
2019-09-02T17:30:00+09:00,J4,544,411,955
2019-09-02T17:30:00+09:00,J5,268,300,568
2019-09-02T17:45:00+09:00,J1,585,755,1340
2019-09-02T17:45:00+09:00,J2,442,344,786
2019-09-02T17:45:00+09:00,J3,568,546,1114
2019-09-02T17:45:00+09:00,J4,643,407,1050
2019-09-02T17:45:00+09:00,J5,269,353,622
2019-09-02T18:00:00+09:00,J1,609,829,1438
2019-09-02T18:00:00+09:00,J2,438,317,755
2019-09-02T18:00:00+09:00,J3,729,568,1297
2019-09-02T18:00:00+09:00,J4,642,382,1024
2019-09-02T18:00:00+09:00,J5,279,314,593
2019-09-02T18:15:00+09:00,J1,517,754,1271
2019-09-02T18:15:00+09:00,J2,391,305,696
2019-09-02T18:15:00+09:00,J3,756,632,1388
2019-09-02T18:15:00+09:00,J4,709,404,1113
2019-09-02T18:15:00+09:00,J5,261,382,643
2019-09-02T18:30:00+09:00,J1,508,627,1135
2019-09-02T18:30:00+09:00,J2,313,254,567
2019-09-02T18:30:00+09:00,J3,718,590,1308
2019-09-02T18:30:00+09:00,J4,594,386,980
2019-09-02T18:30:00+09:00,J5,277,299,576
2019-09-02T18:45:00+09:00,J1,478,576,1054
2019-09-02T18:45:00+09:00,J2,292,262,554
2019-09-02T18:45:00+09:00,J3,657,564,1221
2019-09-02T18:45:00+09:00,J4,521,368,889
2019-09-02T18:45:00+09:00,J5,236,279,515
2019-09-02T19:00:00+09:00,J1,436,546,982
2019-09-02T19:00:00+09:00,J2,309,216,525
2019-09-02T19:00:00+09:00,J3,604,580,1184
2019-09-02T19:00:00+09:00,J4,509,343,852
2019-09-02T19:00:00+09:00,J5,262,303,565
2019-09-02T19:15:00+09:00,J1,480,590,1070
2019-09-02T19:15:00+09:00,J2,285,219,504
2019-09-02T19:15:00+09:00,J3,579,481,1060
2019-09-02T19:15:00+09:00,J4,468,355,823
2019-09-02T19:15:00+09:00,J5,244,319,563
2019-09-02T19:30:00+09:00,J1,463,451,914
2019-09-02T19:30:00+09:00,J2,313,291,604
2019-09-02T19:30:00+09:00,J3,541,505,1046
2019-09-02T19:30:00+09:00,J4,454,274,728
2019-09-02T19:30:00+09:00,J5,238,258,496
2019-09-02T19:45:00+09:00,J1,353,370,723
2019-09-02T19:45:00+09:00,J2,353,297,650
2019-09-02T19:45:00+09:00,J3,488,426,914
2019-09-02T19:45:00+09:00,J4,408,275,683
2019-09-02T19:45:00+09:00,J5,240,224,464
2019-09-02T20:00:00+09:00,J1,376,413,789
2019-09-02T20:00:00+09:00,J2,318,311,629
2019-09-02T20:00:00+09:00,J3,497,401,898
2019-09-02T20:00:00+09:00,J4,497,338,835
2019-09-02T20:00:00+09:00,J5,237,197,434
2019-09-02T20:15:00+09:00,J1,348,404,752
2019-09-02T20:15:00+09:00,J2,265,212,477
2019-09-02T20:15:00+09:00,J3,437,426,863
2019-09-02T20:15:00+09:00,J4,395,278,673
2019-09-02T20:15:00+09:00,J5,225,196,421
2019-09-02T20:30:00+09:00,J1,353,382,735
2019-09-02T20:30:00+09:00,J2,261,261,522
2019-09-02T20:30:00+09:00,J3,433,409,842
2019-09-02T20:30:00+09:00,J4,414,328,742
2019-09-02T20:30:00+09:00,J5,200,181,381
2019-09-02T20:45:00+09:00,J1,417,486,903
2019-09-02T20:45:00+09:00,J2,266,277,543
2019-09-02T20:45:00+09:00,J3,547,449,996
2019-09-02T20:45:00+09:00,J4,563,377,940
2019-09-02T20:45:00+09:00,J5,242,202,444
2019-09-02T21:00:00+09:00,J1,395,492,887
2019-09-02T21:00:00+09:00,J2,229,225,454
2019-09-02T21:00:00+09:00,J3,476,434,910
2019-09-02T21:00:00+09:00,J4,488,308,796
2019-09-02T21:00:00+09:00,J5,228,225,453
2019-09-02T21:15:00+09:00,J1,385,557,942
2019-09-02T21:15:00+09:00,J2,242,250,492
2019-09-02T21:15:00+09:00,J3,491,481,972
2019-09-02T21:15:00+09:00,J4,496,378,874
2019-09-02T21:15:00+09:00,J5,267,264,531
2019-09-02T21:30:00+09:00,J1,388,446,834
2019-09-02T21:30:00+09:00,J2,186,188,374
2019-09-02T21:30:00+09:00,J3,487,440,927
2019-09-02T21:30:00+09:00,J4,552,420,972
2019-09-02T21:30:00+09:00,J5,225,255,480
2019-09-02T21:45:00+09:00,J1,452,506,958
2019-09-02T21:45:00+09:00,J2,209,216,425
2019-09-02T21:45:00+09:00,J3,438,437,875
2019-09-02T21:45:00+09:00,J4,541,432,973
2019-09-02T21:45:00+09:00,J5,280,223,503
2019-09-02T22:00:00+09:00,J1,319,424,743
2019-09-02T22:00:00+09:00,J2,220,241,461
2019-09-02T22:00:00+09:00,J3,550,494,1044
2019-09-02T22:00:00+09:00,J4,545,495,1040
2019-09-02T22:00:00+09:00,J5,181,159,340
2019-09-02T22:15:00+09:00,J1,342,428,770
2019-09-02T22:15:00+09:00,J2,220,194,414
2019-09-02T22:15:00+09:00,J3,454,411,865
2019-09-02T22:15:00+09:00,J4,535,429,964
2019-09-02T22:15:00+09:00,J5,252,171,423
2019-09-02T22:30:00+09:00,J1,350,381,731
2019-09-02T22:30:00+09:00,J2,224,177,401
2019-09-02T22:30:00+09:00,J3,433,368,801
2019-09-02T22:30:00+09:00,J4,514,456,970
2019-09-02T22:30:00+09:00,J5,190,182,372
2019-09-02T22:45:00+09:00,J1,303,333,636
2019-09-02T22:45:00+09:00,J2,209,205,414
2019-09-02T22:45:00+09:00,J3,407,325,732
2019-09-02T22:45:00+09:00,J4,516,501,1017
2019-09-02T22:45:00+09:00,J5,174,156,330
2019-09-02T23:00:00+09:00,J1,301,292,593
2019-09-02T23:00:00+09:00,J2,238,205,443
2019-09-02T23:00:00+09:00,J3,448,318,766
2019-09-02T23:00:00+09:00,J4,525,489,1014
2019-09-02T23:00:00+09:00,J5,142,181,323
2019-09-02T23:15:00+09:00,J1,210,231,441
2019-09-02T23:15:00+09:00,J2,220,209,429
2019-09-02T23:15:00+09:00,J3,406,318,724
2019-09-02T23:15:00+09:00,J4,579,492,1071
2019-09-02T23:15:00+09:00,J5,192,161,353
2019-09-02T23:30:00+09:00,J1,233,249,482
2019-09-02T23:30:00+09:00,J2,221,176,397
2019-09-02T23:30:00+09:00,J3,405,347,752
2019-09-02T23:30:00+09:00,J4,475,441,916
2019-09-02T23:30:00+09:00,J5,155,155,310
2019-09-02T23:45:00+09:00,J1,200,218,418
2019-09-02T23:45:00+09:00,J2,189,153,342
2019-09-02T23:45:00+09:00,J3,365,298,663
2019-09-02T23:45:00+09:00,J4,518,457,975
2019-09-02T23:45:00+09:00,J5,164,144,308
2019-09-03T00:00:00+09:00,J1,132,143,275
2019-09-03T00:00:00+09:00,J2,215,138,353
2019-09-03T00:00:00+09:00,J3,410,282,692
2019-09-03T00:00:00+09:00,J4,537,527,1064
2019-09-03T00:00:00+09:00,J5,184,186,370
2019-09-03T00:15:00+09:00,J1,74,91,165
2019-09-03T00:15:00+09:00,J2,190,169,359
2019-09-03T00:15:00+09:00,J3,322,242,564
2019-09-03T00:15:00+09:00,J4,527,456,983
2019-09-03T00:15:00+09:00,J5,173,134,307
2019-09-03T00:30:00+09:00,J1,90,91,181
2019-09-03T00:30:00+09:00,J2,126,184,310
2019-09-03T00:30:00+09:00,J3,355,265,620
2019-09-03T00:30:00+09:00,J4,490,516,1006
2019-09-03T00:30:00+09:00,J5,94,53,147
2019-09-03T00:45:00+09:00,J1,79,74,153
2019-09-03T00:45:00+09:00,J2,107,128,235
2019-09-03T00:45:00+09:00,J3,333,240,573
2019-09-03T00:45:00+09:00,J4,498,448,946
2019-09-03T00:45:00+09:00,J5,91,55,146
2019-09-03T05:45:00+09:00,J1,340,302,642
2019-09-03T05:45:00+09:00,J2,179,130,309
2019-09-03T05:45:00+09:00,J3,246,206,452
2019-09-03T05:45:00+09:00,J4,441,457,898
2019-09-03T05:45:00+09:00,J5,220,243,463
2019-09-03T06:00:00+09:00,J1,358,342,700
2019-09-03T06:00:00+09:00,J2,151,149,300
2019-09-03T06:00:00+09:00,J3,253,216,469
2019-09-03T06:00:00+09:00,J4,396,457,853
2019-09-03T06:00:00+09:00,J5,330,359,689
2019-09-03T06:15:00+09:00,J1,338,316,654
2019-09-03T06:15:00+09:00,J2,199,194,393
2019-09-03T06:15:00+09:00,J3,263,226,489
2019-09-03T06:15:00+09:00,J4,399,437,836
2019-09-03T06:15:00+09:00,J5,342,340,682
2019-09-03T06:30:00+09:00,J1,341,292,633
2019-09-03T06:30:00+09:00,J2,227,161,388
2019-09-03T06:30:00+09:00,J3,341,289,630
2019-09-03T06:30:00+09:00,J4,271,280,551
2019-09-03T06:30:00+09:00,J5,219,198,417
2019-09-03T06:45:00+09:00,J1,354,310,664
2019-09-03T06:45:00+09:00,J2,181,190,371
2019-09-03T06:45:00+09:00,J3,374,343,717
2019-09-03T06:45:00+09:00,J4,296,339,635
2019-09-03T06:45:00+09:00,J5,280,322,602
2019-09-03T07:00:00+09:00,J1,391,323,714
2019-09-03T07:00:00+09:00,J2,171,171,342
2019-09-03T07:00:00+09:00,J3,390,397,787
2019-09-03T07:00:00+09:00,J4,319,329,648
2019-09-03T07:00:00+09:00,J5,271,374,645
2019-09-03T07:15:00+09:00,J1,489,361,850
2019-09-03T07:15:00+09:00,J2,198,167,365
2019-09-03T07:15:00+09:00,J3,491,437,928
2019-09-03T07:15:00+09:00,J4,306,388,694
2019-09-03T07:15:00+09:00,J5,295,371,666
2019-09-03T07:30:00+09:00,J1,567,444,1011
2019-09-03T07:30:00+09:00,J2,225,229,454
2019-09-03T07:30:00+09:00,J3,589,525,1114
2019-09-03T07:30:00+09:00,J4,480,611,1091
2019-09-03T07:30:00+09:00,J5,307,325,632
2019-09-03T07:45:00+09:00,J1,712,555,1267
2019-09-03T07:45:00+09:00,J2,339,294,633
2019-09-03T07:45:00+09:00,J3,715,657,1372
2019-09-03T07:45:00+09:00,J4,597,812,1409
2019-09-03T07:45:00+09:00,J5,238,212,450
2019-09-03T08:00:00+09:00,J1,974,609,1583
2019-09-03T08:00:00+09:00,J2,384,277,661
2019-09-03T08:00:00+09:00,J3,755,763,1518
2019-09-03T08:00:00+09:00,J4,623,955,1578
2019-09-03T08:00:00+09:00,J5,201,186,387
2019-09-03T08:15:00+09:00,J1,1147,698,1845
2019-09-03T08:15:00+09:00,J2,535,320,855
2019-09-03T08:15:00+09:00,J3,847,889,1736
2019-09-03T08:15:00+09:00,J4,549,973,1522
2019-09-03T08:15:00+09:00,J5,294,280,574
2019-09-03T08:30:00+09:00,J1,1088,727,1815
2019-09-03T08:30:00+09:00,J2,458,314,772
2019-09-03T08:30:00+09:00,J3,864,927,1791
2019-09-03T08:30:00+09:00,J4,609,959,1568
2019-09-03T08:30:00+09:00,J5,304,290,594
2019-09-03T08:45:00+09:00,J1,812,617,1429
2019-09-03T08:45:00+09:00,J2,395,280,675
2019-09-03T08:45:00+09:00,J3,747,831,1578
2019-09-03T08:45:00+09:00,J4,572,705,1277
2019-09-03T08:45:00+09:00,J5,257,248,505
2019-09-03T09:00:00+09:00,J1,800,701,1501
2019-09-03T09:00:00+09:00,J2,399,289,688
2019-09-03T09:00:00+09:00,J3,700,707,1407
2019-09-03T09:00:00+09:00,J4,493,675,1168
2019-09-03T09:00:00+09:00,J5,267,197,464
2019-09-03T09:15:00+09:00,J1,710,632,1342
2019-09-03T09:15:00+09:00,J2,372,307,679
2019-09-03T09:15:00+09:00,J3,593,516,1109
2019-09-03T09:15:00+09:00,J4,570,618,1188
2019-09-03T09:15:00+09:00,J5,253,212,465
2019-09-03T09:30:00+09:00,J1,603,596,1199
2019-09-03T09:30:00+09:00,J2,337,280,617
2019-09-03T09:30:00+09:00,J3,652,629,1281
2019-09-03T09:30:00+09:00,J4,494,610,1104
2019-09-03T09:30:00+09:00,J5,218,202,420
2019-09-03T09:45:00+09:00,J1,691,578,1269
2019-09-03T09:45:00+09:00,J2,441,309,750
2019-09-03T09:45:00+09:00,J3,622,518,1140
2019-09-03T09:45:00+09:00,J4,417,433,850
2019-09-03T09:45:00+09:00,J5,216,173,389
2019-09-03T10:00:00+09:00,J1,590,545,1135
2019-09-03T10:00:00+09:00,J2,343,295,638
2019-09-03T10:00:00+09:00,J3,640,537,1177
2019-09-03T10:00:00+09:00,J4,458,417,875
2019-09-03T10:00:00+09:00,J5,206,183,389
2019-09-03T10:15:00+09:00,J1,620,568,1188
2019-09-03T10:15:00+09:00,J2,388,290,678
2019-09-03T10:15:00+09:00,J3,567,483,1050
2019-09-03T10:15:00+09:00,J4,460,427,887
2019-09-03T10:15:00+09:00,J5,205,169,374
2019-09-03T10:30:00+09:00,J1,565,549,1114
2019-09-03T10:30:00+09:00,J2,326,289,615
2019-09-03T10:30:00+09:00,J3,483,473,956
2019-09-03T10:30:00+09:00,J4,491,481,972
2019-09-03T10:30:00+09:00,J5,187,177,364
2019-09-03T10:45:00+09:00,J1,576,582,1158
2019-09-03T10:45:00+09:00,J2,359,316,675
2019-09-03T10:45:00+09:00,J3,456,422,878
2019-09-03T10:45:00+09:00,J4,478,476,954
2019-09-03T10:45:00+09:00,J5,180,159,339
2019-09-03T11:00:00+09:00,J1,622,606,1228
2019-09-03T11:00:00+09:00,J2,378,301,679
2019-09-03T11:00:00+09:00,J3,411,371,782
2019-09-03T11:00:00+09:00,J4,495,477,972
2019-09-03T11:00:00+09:00,J5,176,148,324
2019-09-03T11:15:00+09:00,J1,660,744,1404
2019-09-03T11:15:00+09:00,J2,287,264,551
2019-09-03T11:15:00+09:00,J3,545,634,1179
2019-09-03T11:15:00+09:00,J4,360,419,779
2019-09-03T11:15:00+09:00,J5,171,199,370
2019-09-03T11:30:00+09:00,J1,709,756,1465
2019-09-03T11:30:00+09:00,J2,269,276,545
2019-09-03T11:30:00+09:00,J3,622,668,1290
2019-09-03T11:30:00+09:00,J4,380,403,783
2019-09-03T11:30:00+09:00,J5,159,206,365
2019-09-03T11:45:00+09:00,J1,723,761,1484
2019-09-03T11:45:00+09:00,J2,252,237,489
2019-09-03T11:45:00+09:00,J3,616,636,1252
2019-09-03T11:45:00+09:00,J4,379,349,728
2019-09-03T11:45:00+09:00,J5,221,216,437
2019-09-03T12:00:00+09:00,J1,679,743,1422
2019-09-03T12:00:00+09:00,J2,282,248,530
2019-09-03T12:00:00+09:00,J3,609,664,1273
2019-09-03T12:00:00+09:00,J4,359,405,764
2019-09-03T12:00:00+09:00,J5,261,276,537
2019-09-03T12:15:00+09:00,J1,635,782,1417
2019-09-03T12:15:00+09:00,J2,286,263,549
2019-09-03T12:15:00+09:00,J3,600,636,1236
2019-09-03T12:15:00+09:00,J4,464,413,877
2019-09-03T12:15:00+09:00,J5,237,228,465
2019-09-03T12:30:00+09:00,J1,659,802,1461
2019-09-03T12:30:00+09:00,J2,315,299,614
2019-09-03T12:30:00+09:00,J3,669,629,1298
2019-09-03T12:30:00+09:00,J4,475,507,982
2019-09-03T12:30:00+09:00,J5,259,231,490
2019-09-03T12:45:00+09:00,J1,735,719,1454
2019-09-03T12:45:00+09:00,J2,319,293,612
2019-09-03T12:45:00+09:00,J3,597,684,1281
2019-09-03T12:45:00+09:00,J4,417,453,870
2019-09-03T12:45:00+09:00,J5,210,236,446
2019-09-03T13:00:00+09:00,J1,627,726,1353
2019-09-03T13:00:00+09:00,J2,298,305,603
2019-09-03T13:00:00+09:00,J3,654,598,1252
2019-09-03T13:00:00+09:00,J4,517,462,979
2019-09-03T13:00:00+09:00,J5,276,235,511
2019-09-03T13:15:00+09:00,J1,592,675,1267
2019-09-03T13:15:00+09:00,J2,298,260,558
2019-09-03T13:15:00+09:00,J3,643,572,1215
2019-09-03T13:15:00+09:00,J4,545,443,988
2019-09-03T13:15:00+09:00,J5,237,220,457
2019-09-03T13:30:00+09:00,J1,621,657,1278
2019-09-03T13:30:00+09:00,J2,261,241,502
2019-09-03T13:30:00+09:00,J3,702,608,1310
2019-09-03T13:30:00+09:00,J4,491,481,972
2019-09-03T13:30:00+09:00,J5,242,198,440
2019-09-03T13:45:00+09:00,J1,698,681,1379
2019-09-03T13:45:00+09:00,J2,393,309,702
2019-09-03T13:45:00+09:00,J3,707,624,1331
2019-09-03T13:45:00+09:00,J4,490,486,976
2019-09-03T13:45:00+09:00,J5,176,224,400
2019-09-03T14:00:00+09:00,J1,639,715,1354
2019-09-03T14:00:00+09:00,J2,300,271,571
2019-09-03T14:00:00+09:00,J3,705,661,1366
2019-09-03T14:00:00+09:00,J4,508,490,998
2019-09-03T14:00:00+09:00,J5,228,202,430
2019-09-03T14:15:00+09:00,J1,673,706,1379
2019-09-03T14:15:00+09:00,J2,353,308,661
2019-09-03T14:15:00+09:00,J3,778,571,1349
2019-09-03T14:15:00+09:00,J4,502,457,959
2019-09-03T14:15:00+09:00,J5,196,153,349
2019-09-03T14:30:00+09:00,J1,712,749,1461
2019-09-03T14:30:00+09:00,J2,400,326,726
2019-09-03T14:30:00+09:00,J3,778,622,1400
2019-09-03T14:30:00+09:00,J4,537,428,965
2019-09-03T14:30:00+09:00,J5,212,196,408
2019-09-03T14:45:00+09:00,J1,677,722,1399
2019-09-03T14:45:00+09:00,J2,369,307,676
2019-09-03T14:45:00+09:00,J3,704,667,1371
2019-09-03T14:45:00+09:00,J4,517,444,961
2019-09-03T14:45:00+09:00,J5,207,197,404
2019-09-03T15:00:00+09:00,J1,638,751,1389
2019-09-03T15:00:00+09:00,J2,393,305,698
2019-09-03T15:00:00+09:00,J3,666,643,1309
2019-09-03T15:00:00+09:00,J4,509,469,978
2019-09-03T15:00:00+09:00,J5,196,189,385
2019-09-03T15:15:00+09:00,J1,666,711,1377
2019-09-03T15:15:00+09:00,J2,412,312,724
2019-09-03T15:15:00+09:00,J3,734,658,1392
2019-09-03T15:15:00+09:00,J4,497,439,936
2019-09-03T15:15:00+09:00,J5,248,259,507
2019-09-03T15:30:00+09:00,J1,640,705,1345
2019-09-03T15:30:00+09:00,J2,405,289,694
2019-09-03T15:30:00+09:00,J3,672,674,1346
2019-09-03T15:30:00+09:00,J4,524,438,962
2019-09-03T15:30:00+09:00,J5,251,248,499
2019-09-03T15:45:00+09:00,J1,676,703,1379
2019-09-03T15:45:00+09:00,J2,406,304,710
2019-09-03T15:45:00+09:00,J3,722,650,1372
2019-09-03T15:45:00+09:00,J4,462,481,943
2019-09-03T15:45:00+09:00,J5,224,205,429
2019-09-03T16:00:00+09:00,J1,628,695,1323
2019-09-03T16:00:00+09:00,J2,407,304,711
2019-09-03T16:00:00+09:00,J3,737,665,1402
2019-09-03T16:00:00+09:00,J4,483,447,930
2019-09-03T16:00:00+09:00,J5,227,193,420
2019-09-03T16:15:00+09:00,J1,683,759,1442
2019-09-03T16:15:00+09:00,J2,449,272,721
2019-09-03T16:15:00+09:00,J3,693,576,1269
2019-09-03T16:15:00+09:00,J4,561,505,1066
2019-09-03T16:15:00+09:00,J5,194,244,438
2019-09-03T16:30:00+09:00,J1,684,731,1415
2019-09-03T16:30:00+09:00,J2,440,323,763
2019-09-03T16:30:00+09:00,J3,715,627,1342
2019-09-03T16:30:00+09:00,J4,522,525,1047
2019-09-03T16:30:00+09:00,J5,193,171,364
2019-09-03T16:45:00+09:00,J1,653,694,1347
2019-09-03T16:45:00+09:00,J2,414,340,754
2019-09-03T16:45:00+09:00,J3,722,609,1331
2019-09-03T16:45:00+09:00,J4,537,401,938
2019-09-03T16:45:00+09:00,J5,203,191,394
2019-09-03T17:00:00+09:00,J1,723,841,1564
2019-09-03T17:00:00+09:00,J2,375,341,716
2019-09-03T17:00:00+09:00,J3,762,687,1449
2019-09-03T17:00:00+09:00,J4,544,434,978
2019-09-03T17:00:00+09:00,J5,196,230,426
2019-09-03T17:15:00+09:00,J1,761,847,1608
2019-09-03T17:15:00+09:00,J2,471,382,853
2019-09-03T17:15:00+09:00,J3,813,761,1574
2019-09-03T17:15:00+09:00,J4,613,399,1012
2019-09-03T17:15:00+09:00,J5,191,209,400
2019-09-03T17:30:00+09:00,J1,795,903,1698
2019-09-03T17:30:00+09:00,J2,520,366,886
2019-09-03T17:30:00+09:00,J3,897,727,1624
2019-09-03T17:30:00+09:00,J4,667,473,1140
2019-09-03T17:30:00+09:00,J5,227,250,477
2019-09-03T17:45:00+09:00,J1,804,913,1717
2019-09-03T17:45:00+09:00,J2,503,380,883
2019-09-03T17:45:00+09:00,J3,789,623,1412
2019-09-03T17:45:00+09:00,J4,663,494,1157
2019-09-03T17:45:00+09:00,J5,219,254,473
2019-09-03T18:00:00+09:00,J1,806,849,1655
2019-09-03T18:00:00+09:00,J2,582,381,963
2019-09-03T18:00:00+09:00,J3,771,577,1348
2019-09-03T18:00:00+09:00,J4,605,399,1004
2019-09-03T18:00:00+09:00,J5,207,256,463
2019-09-03T18:15:00+09:00,J1,797,963,1760
2019-09-03T18:15:00+09:00,J2,521,356,877
2019-09-03T18:15:00+09:00,J3,744,523,1267
2019-09-03T18:15:00+09:00,J4,601,434,1035
2019-09-03T18:15:00+09:00,J5,218,310,528
2019-09-03T18:30:00+09:00,J1,789,878,1667
2019-09-03T18:30:00+09:00,J2,510,321,831
2019-09-03T18:30:00+09:00,J3,771,548,1319
2019-09-03T18:30:00+09:00,J4,614,421,1035
2019-09-03T18:30:00+09:00,J5,260,268,528
2019-09-03T18:45:00+09:00,J1,719,870,1589
2019-09-03T18:45:00+09:00,J2,427,295,722
2019-09-03T18:45:00+09:00,J3,712,589,1301
2019-09-03T18:45:00+09:00,J4,607,378,985
2019-09-03T18:45:00+09:00,J5,232,260,492
2019-09-03T19:00:00+09:00,J1,568,635,1203
2019-09-03T19:00:00+09:00,J2,402,273,675
2019-09-03T19:00:00+09:00,J3,711,585,1296
2019-09-03T19:00:00+09:00,J4,537,326,863
2019-09-03T19:00:00+09:00,J5,283,329,612
2019-09-03T19:15:00+09:00,J1,565,675,1240
2019-09-03T19:15:00+09:00,J2,437,282,719
2019-09-03T19:15:00+09:00,J3,699,657,1356
2019-09-03T19:15:00+09:00,J4,631,372,1003
2019-09-03T19:15:00+09:00,J5,314,329,643
2019-09-03T19:30:00+09:00,J1,523,719,1242
2019-09-03T19:30:00+09:00,J2,379,232,611
2019-09-03T19:30:00+09:00,J3,670,524,1194
2019-09-03T19:30:00+09:00,J4,573,439,1012
2019-09-03T19:30:00+09:00,J5,313,305,618
2019-09-03T19:45:00+09:00,J1,540,638,1178
2019-09-03T19:45:00+09:00,J2,371,262,633
2019-09-03T19:45:00+09:00,J3,610,606,1216
2019-09-03T19:45:00+09:00,J4,580,436,1016
2019-09-03T19:45:00+09:00,J5,390,349,739
2019-09-03T20:00:00+09:00,J1,467,596,1063
2019-09-03T20:00:00+09:00,J2,334,234,568
2019-09-03T20:00:00+09:00,J3,604,561,1165
2019-09-03T20:00:00+09:00,J4,607,482,1089
2019-09-03T20:00:00+09:00,J5,362,403,765
2019-09-03T20:15:00+09:00,J1,530,613,1143
2019-09-03T20:15:00+09:00,J2,288,237,525
2019-09-03T20:15:00+09:00,J3,606,511,1117
2019-09-03T20:15:00+09:00,J4,573,532,1105
2019-09-03T20:15:00+09:00,J5,460,435,895
2019-09-03T20:30:00+09:00,J1,596,659,1255
2019-09-03T20:30:00+09:00,J2,311,258,569
2019-09-03T20:30:00+09:00,J3,687,617,1304
2019-09-03T20:30:00+09:00,J4,636,499,1135
2019-09-03T20:30:00+09:00,J5,407,463,870
2019-09-03T20:45:00+09:00,J1,497,544,1041
2019-09-03T20:45:00+09:00,J2,308,255,563
2019-09-03T20:45:00+09:00,J3,562,520,1082
2019-09-03T20:45:00+09:00,J4,579,462,1041
2019-09-03T20:45:00+09:00,J5,368,443,811
2019-09-03T21:00:00+09:00,J1,508,556,1064
2019-09-03T21:00:00+09:00,J2,250,249,499
2019-09-03T21:00:00+09:00,J3,475,437,912
2019-09-03T21:00:00+09:00,J4,614,428,1042
2019-09-03T21:00:00+09:00,J5,306,407,713
2019-09-03T21:15:00+09:00,J1,523,616,1139
2019-09-03T21:15:00+09:00,J2,274,267,541
2019-09-03T21:15:00+09:00,J3,488,398,886
2019-09-03T21:15:00+09:00,J4,492,368,860
2019-09-03T21:15:00+09:00,J5,368,478,846
2019-09-03T21:30:00+09:00,J1,492,527,1019
2019-09-03T21:30:00+09:00,J2,182,210,392
2019-09-03T21:30:00+09:00,J3,439,353,792
2019-09-03T21:30:00+09:00,J4,447,319,766
2019-09-03T21:30:00+09:00,J5,357,448,805
2019-09-03T21:45:00+09:00,J1,470,478,948
2019-09-03T21:45:00+09:00,J2,197,225,422
2019-09-03T21:45:00+09:00,J3,360,325,685
2019-09-03T21:45:00+09:00,J4,368,390,758
2019-09-03T21:45:00+09:00,J5,308,409,717
2019-09-03T22:00:00+09:00,J1,491,472,963
2019-09-03T22:00:00+09:00,J2,233,252,485
2019-09-03T22:00:00+09:00,J3,417,357,774
2019-09-03T22:00:00+09:00,J4,568,520,1088
2019-09-03T22:00:00+09:00,J5,254,322,576
2019-09-03T22:15:00+09:00,J1,409,443,852
2019-09-03T22:15:00+09:00,J2,201,184,385
2019-09-03T22:15:00+09:00,J3,416,352,768
2019-09-03T22:15:00+09:00,J4,566,420,986
2019-09-03T22:15:00+09:00,J5,305,341,646
2019-09-03T22:30:00+09:00,J1,428,405,833
2019-09-03T22:30:00+09:00,J2,203,207,410
2019-09-03T22:30:00+09:00,J3,371,313,684
2019-09-03T22:30:00+09:00,J4,511,436,947
2019-09-03T22:30:00+09:00,J5,297,298,595
2019-09-03T22:45:00+09:00,J1,397,433,830
2019-09-03T22:45:00+09:00,J2,218,208,426
2019-09-03T22:45:00+09:00,J3,366,315,681
2019-09-03T22:45:00+09:00,J4,430,394,824
2019-09-03T22:45:00+09:00,J5,336,345,681
2019-09-03T23:00:00+09:00,J1,339,419,758
2019-09-03T23:00:00+09:00,J2,207,217,424
2019-09-03T23:00:00+09:00,J3,392,309,701
2019-09-03T23:00:00+09:00,J4,504,514,1018
2019-09-03T23:00:00+09:00,J5,361,322,683
2019-09-03T23:15:00+09:00,J1,368,395,763
2019-09-03T23:15:00+09:00,J2,205,194,399
2019-09-03T23:15:00+09:00,J3,382,329,711
2019-09-03T23:15:00+09:00,J4,456,492,948
2019-09-03T23:15:00+09:00,J5,332,303,635
2019-09-03T23:30:00+09:00,J1,377,424,801
2019-09-03T23:30:00+09:00,J2,177,210,387
2019-09-03T23:30:00+09:00,J3,335,244,579
2019-09-03T23:30:00+09:00,J4,421,396,817
2019-09-03T23:30:00+09:00,J5,274,352,626
2019-09-03T23:45:00+09:00,J1,386,391,777
2019-09-03T23:45:00+09:00,J2,186,139,325
2019-09-03T23:45:00+09:00,J3,299,244,543
2019-09-03T23:45:00+09:00,J4,399,407,806
2019-09-03T23:45:00+09:00,J5,394,313,707
2019-09-04T00:00:00+09:00,J1,307,309,616
2019-09-04T00:00:00+09:00,J2,169,175,344
2019-09-04T00:00:00+09:00,J3,300,240,540
2019-09-04T00:00:00+09:00,J4,473,419,892
2019-09-04T00:00:00+09:00,J5,344,288,632
2019-09-04T00:15:00+09:00,J1,218,202,420
2019-09-04T00:15:00+09:00,J2,139,138,277
2019-09-04T00:15:00+09:00,J3,291,266,557
2019-09-04T00:15:00+09:00,J4,248,214,462
2019-09-04T00:15:00+09:00,J5,259,249,508
2019-09-04T00:30:00+09:00,J1,288,248,536
2019-09-04T00:30:00+09:00,J2,150,189,339
2019-09-04T00:30:00+09:00,J3,279,241,520
2019-09-04T00:30:00+09:00,J4,199,211,410
2019-09-04T00:30:00+09:00,J5,135,158,293
2019-09-04T00:45:00+09:00,J1,281,235,516
2019-09-04T00:45:00+09:00,J2,169,158,327
2019-09-04T00:45:00+09:00,J3,328,262,590
2019-09-04T00:45:00+09:00,J4,196,199,395
2019-09-04T00:45:00+09:00,J5,135,146,281
2019-09-04T05:45:00+09:00,J1,286,249,535
2019-09-04T05:45:00+09:00,J2,154,122,276
2019-09-04T05:45:00+09:00,J3,437,348,785
2019-09-04T05:45:00+09:00,J4,713,794,1507
2019-09-04T05:45:00+09:00,J5,188,165,353
2019-09-04T06:00:00+09:00,J1,297,280,577
2019-09-04T06:00:00+09:00,J2,242,187,429
2019-09-04T06:00:00+09:00,J3,413,390,803
2019-09-04T06:00:00+09:00,J4,849,831,1680
2019-09-04T06:00:00+09:00,J5,116,148,264
2019-09-04T06:15:00+09:00,J1,435,392,827
2019-09-04T06:15:00+09:00,J2,169,199,368
2019-09-04T06:15:00+09:00,J3,481,431,912
2019-09-04T06:15:00+09:00,J4,602,688,1290
2019-09-04T06:15:00+09:00,J5,180,164,344
2019-09-04T06:30:00+09:00,J1,403,374,777
2019-09-04T06:30:00+09:00,J2,192,190,382
2019-09-04T06:30:00+09:00,J3,478,398,876
2019-09-04T06:30:00+09:00,J4,681,728,1409
2019-09-04T06:30:00+09:00,J5,281,313,594
2019-09-04T06:45:00+09:00,J1,434,394,828
2019-09-04T06:45:00+09:00,J2,265,227,492
2019-09-04T06:45:00+09:00,J3,473,377,850
2019-09-04T06:45:00+09:00,J4,447,490,937
2019-09-04T06:45:00+09:00,J5,255,292,547
2019-09-04T07:00:00+09:00,J1,487,435,922
2019-09-04T07:00:00+09:00,J2,217,167,384
2019-09-04T07:00:00+09:00,J3,539,456,995
2019-09-04T07:00:00+09:00,J4,455,508,963
2019-09-04T07:00:00+09:00,J5,365,389,754
2019-09-04T07:15:00+09:00,J1,542,469,1011
2019-09-04T07:15:00+09:00,J2,204,225,429
2019-09-04T07:15:00+09:00,J3,636,613,1249
2019-09-04T07:15:00+09:00,J4,462,540,1002
2019-09-04T07:15:00+09:00,J5,320,329,649
2019-09-04T07:30:00+09:00,J1,584,435,1019
2019-09-04T07:30:00+09:00,J2,274,244,518
2019-09-04T07:30:00+09:00,J3,668,707,1375
2019-09-04T07:30:00+09:00,J4,484,587,1071
2019-09-04T07:30:00+09:00,J5,281,286,567
2019-09-04T07:45:00+09:00,J1,709,536,1245
2019-09-04T07:45:00+09:00,J2,277,279,556
2019-09-04T07:45:00+09:00,J3,706,689,1395
2019-09-04T07:45:00+09:00,J4,534,680,1214
2019-09-04T07:45:00+09:00,J5,266,263,529
2019-09-04T08:00:00+09:00,J1,896,665,1561
2019-09-04T08:00:00+09:00,J2,347,294,641
2019-09-04T08:00:00+09:00,J3,768,775,1543
2019-09-04T08:00:00+09:00,J4,420,710,1130
2019-09-04T08:00:00+09:00,J5,277,313,590
2019-09-04T08:15:00+09:00,J1,1036,634,1670
2019-09-04T08:15:00+09:00,J2,381,274,655
2019-09-04T08:15:00+09:00,J3,767,865,1632
2019-09-04T08:15:00+09:00,J4,515,921,1436
2019-09-04T08:15:00+09:00,J5,361,405,766
2019-09-04T08:30:00+09:00,J1,1004,639,1643
2019-09-04T08:30:00+09:00,J2,403,272,675
2019-09-04T08:30:00+09:00,J3,664,852,1516
2019-09-04T08:30:00+09:00,J4,631,946,1577
2019-09-04T08:30:00+09:00,J5,393,450,843
2019-09-04T08:45:00+09:00,J1,778,560,1338
2019-09-04T08:45:00+09:00,J2,287,274,561
2019-09-04T08:45:00+09:00,J3,571,679,1250
2019-09-04T08:45:00+09:00,J4,539,770,1309
2019-09-04T08:45:00+09:00,J5,332,367,699
2019-09-04T09:00:00+09:00,J1,689,506,1195
2019-09-04T09:00:00+09:00,J2,280,257,537
2019-09-04T09:00:00+09:00,J3,526,539,1065
2019-09-04T09:00:00+09:00,J4,577,756,1333
2019-09-04T09:00:00+09:00,J5,309,374,683
2019-09-04T09:15:00+09:00,J1,574,484,1058
2019-09-04T09:15:00+09:00,J2,297,219,516
2019-09-04T09:15:00+09:00,J3,566,629,1195
2019-09-04T09:15:00+09:00,J4,593,746,1339
2019-09-04T09:15:00+09:00,J5,326,336,662
2019-09-04T09:30:00+09:00,J1,643,536,1179
2019-09-04T09:30:00+09:00,J2,310,287,597
2019-09-04T09:30:00+09:00,J3,560,551,1111
2019-09-04T09:30:00+09:00,J4,591,777,1368
2019-09-04T09:30:00+09:00,J5,312,308,620
2019-09-04T09:45:00+09:00,J1,577,467,1044
2019-09-04T09:45:00+09:00,J2,308,277,585
2019-09-04T09:45:00+09:00,J3,414,523,937
2019-09-04T09:45:00+09:00,J4,550,631,1181
2019-09-04T09:45:00+09:00,J5,320,342,662
2019-09-04T10:00:00+09:00,J1,521,437,958
2019-09-04T10:00:00+09:00,J2,240,236,476
2019-09-04T10:00:00+09:00,J3,414,452,866
2019-09-04T10:00:00+09:00,J4,557,513,1070
2019-09-04T10:00:00+09:00,J5,272,247,519
2019-09-04T10:15:00+09:00,J1,543,484,1027
2019-09-04T10:15:00+09:00,J2,298,247,545
2019-09-04T10:15:00+09:00,J3,395,468,863
2019-09-04T10:15:00+09:00,J4,608,633,1241
2019-09-04T10:15:00+09:00,J5,287,310,597
2019-09-04T10:30:00+09:00,J1,554,512,1066
2019-09-04T10:30:00+09:00,J2,275,271,546
2019-09-04T10:30:00+09:00,J3,442,406,848
2019-09-04T10:30:00+09:00,J4,537,552,1089
2019-09-04T10:30:00+09:00,J5,318,327,645
2019-09-04T10:45:00+09:00,J1,564,490,1054
2019-09-04T10:45:00+09:00,J2,334,308,642
2019-09-04T10:45:00+09:00,J3,473,418,891
2019-09-04T10:45:00+09:00,J4,525,503,1028
2019-09-04T10:45:00+09:00,J5,267,210,477
2019-09-04T11:00:00+09:00,J1,611,512,1123
2019-09-04T11:00:00+09:00,J2,392,269,661
2019-09-04T11:00:00+09:00,J3,533,392,925
2019-09-04T11:00:00+09:00,J4,569,557,1126
2019-09-04T11:00:00+09:00,J5,289,262,551
2019-09-04T11:15:00+09:00,J1,544,627,1171
2019-09-04T11:15:00+09:00,J2,448,278,726
2019-09-04T11:15:00+09:00,J3,656,631,1287
2019-09-04T11:15:00+09:00,J4,515,567,1082
2019-09-04T11:15:00+09:00,J5,213,163,376
2019-09-04T11:30:00+09:00,J1,622,614,1236
2019-09-04T11:30:00+09:00,J2,363,294,657
2019-09-04T11:30:00+09:00,J3,673,687,1360
2019-09-04T11:30:00+09:00,J4,525,461,986
2019-09-04T11:30:00+09:00,J5,258,190,448
2019-09-04T11:45:00+09:00,J1,582,604,1186
2019-09-04T11:45:00+09:00,J2,394,303,697
2019-09-04T11:45:00+09:00,J3,788,731,1519
2019-09-04T11:45:00+09:00,J4,541,530,1071
2019-09-04T11:45:00+09:00,J5,188,167,355
2019-09-04T12:00:00+09:00,J1,652,748,1400
2019-09-04T12:00:00+09:00,J2,437,292,729
2019-09-04T12:00:00+09:00,J3,819,738,1557
2019-09-04T12:00:00+09:00,J4,524,495,1019
2019-09-04T12:00:00+09:00,J5,279,221,500
2019-09-04T12:15:00+09:00,J1,592,698,1290
2019-09-04T12:15:00+09:00,J2,416,297,713
2019-09-04T12:15:00+09:00,J3,704,649,1353
2019-09-04T12:15:00+09:00,J4,517,546,1063
2019-09-04T12:15:00+09:00,J5,261,224,485
2019-09-04T12:30:00+09:00,J1,604,686,1290
2019-09-04T12:30:00+09:00,J2,329,328,657
2019-09-04T12:30:00+09:00,J3,666,658,1324
2019-09-04T12:30:00+09:00,J4,505,572,1077
2019-09-04T12:30:00+09:00,J5,249,209,458
2019-09-04T12:45:00+09:00,J1,651,691,1342
2019-09-04T12:45:00+09:00,J2,356,361,717
2019-09-04T12:45:00+09:00,J3,712,682,1394
2019-09-04T12:45:00+09:00,J4,531,487,1018
2019-09-04T12:45:00+09:00,J5,217,229,446
2019-09-04T13:00:00+09:00,J1,555,681,1236
2019-09-04T13:00:00+09:00,J2,395,341,736
2019-09-04T13:00:00+09:00,J3,703,672,1375
2019-09-04T13:00:00+09:00,J4,494,500,994
2019-09-04T13:00:00+09:00,J5,208,180,388
2019-09-04T13:15:00+09:00,J1,544,621,1165
2019-09-04T13:15:00+09:00,J2,365,331,696
2019-09-04T13:15:00+09:00,J3,700,697,1397
2019-09-04T13:15:00+09:00,J4,538,519,1057
2019-09-04T13:15:00+09:00,J5,224,194,418
2019-09-04T13:30:00+09:00,J1,526,638,1164
2019-09-04T13:30:00+09:00,J2,484,407,891
2019-09-04T13:30:00+09:00,J3,688,731,1419
2019-09-04T13:30:00+09:00,J4,501,511,1012
2019-09-04T13:30:00+09:00,J5,186,226,412
2019-09-04T13:45:00+09:00,J1,527,611,1138
2019-09-04T13:45:00+09:00,J2,482,349,831
2019-09-04T13:45:00+09:00,J3,635,642,1277
2019-09-04T13:45:00+09:00,J4,489,537,1026
2019-09-04T13:45:00+09:00,J5,239,221,460
2019-09-04T14:00:00+09:00,J1,472,628,1100
2019-09-04T14:00:00+09:00,J2,395,374,769
2019-09-04T14:00:00+09:00,J3,683,698,1381
2019-09-04T14:00:00+09:00,J4,510,562,1072
2019-09-04T14:00:00+09:00,J5,226,187,413
2019-09-04T14:15:00+09:00,J1,520,628,1148
2019-09-04T14:15:00+09:00,J2,452,425,877
2019-09-04T14:15:00+09:00,J3,715,687,1402
2019-09-04T14:15:00+09:00,J4,557,524,1081
2019-09-04T14:15:00+09:00,J5,252,177,429
2019-09-04T14:30:00+09:00,J1,562,611,1173
2019-09-04T14:30:00+09:00,J2,443,387,830
2019-09-04T14:30:00+09:00,J3,709,630,1339
2019-09-04T14:30:00+09:00,J4,509,534,1043
2019-09-04T14:30:00+09:00,J5,237,197,434
2019-09-04T14:45:00+09:00,J1,491,597,1088
2019-09-04T14:45:00+09:00,J2,394,329,723
2019-09-04T14:45:00+09:00,J3,674,608,1282
2019-09-04T14:45:00+09:00,J4,467,543,1010
2019-09-04T14:45:00+09:00,J5,236,177,413
2019-09-04T15:00:00+09:00,J1,450,622,1072
2019-09-04T15:00:00+09:00,J2,365,357,722
2019-09-04T15:00:00+09:00,J3,640,581,1221
2019-09-04T15:00:00+09:00,J4,485,467,952
2019-09-04T15:00:00+09:00,J5,272,216,488
2019-09-04T15:15:00+09:00,J1,534,674,1208
2019-09-04T15:15:00+09:00,J2,421,383,804
2019-09-04T15:15:00+09:00,J3,657,651,1308
2019-09-04T15:15:00+09:00,J4,518,484,1002
2019-09-04T15:15:00+09:00,J5,242,227,469
2019-09-04T15:30:00+09:00,J1,530,588,1118
2019-09-04T15:30:00+09:00,J2,430,403,833
2019-09-04T15:30:00+09:00,J3,650,624,1274
2019-09-04T15:30:00+09:00,J4,494,477,971
2019-09-04T15:30:00+09:00,J5,241,223,464
2019-09-04T15:45:00+09:00,J1,520,628,1148
2019-09-04T15:45:00+09:00,J2,409,330,739
2019-09-04T15:45:00+09:00,J3,687,587,1274
2019-09-04T15:45:00+09:00,J4,501,453,954
2019-09-04T15:45:00+09:00,J5,241,205,446
2019-09-04T16:00:00+09:00,J1,567,635,1202
2019-09-04T16:00:00+09:00,J2,479,331,810
2019-09-04T16:00:00+09:00,J3,720,647,1367
2019-09-04T16:00:00+09:00,J4,522,461,983
2019-09-04T16:00:00+09:00,J5,242,208,450
2019-09-04T16:15:00+09:00,J1,582,687,1269
2019-09-04T16:15:00+09:00,J2,420,364,784
2019-09-04T16:15:00+09:00,J3,748,636,1384
2019-09-04T16:15:00+09:00,J4,542,447,989
2019-09-04T16:15:00+09:00,J5,282,235,517
2019-09-04T16:30:00+09:00,J1,536,679,1215
2019-09-04T16:30:00+09:00,J2,468,344,812
2019-09-04T16:30:00+09:00,J3,755,689,1444
2019-09-04T16:30:00+09:00,J4,572,458,1030
2019-09-04T16:30:00+09:00,J5,225,193,418
2019-09-04T16:45:00+09:00,J1,631,756,1387
2019-09-04T16:45:00+09:00,J2,407,278,685
2019-09-04T16:45:00+09:00,J3,830,652,1482
2019-09-04T16:45:00+09:00,J4,527,448,975
2019-09-04T16:45:00+09:00,J5,241,233,474
2019-09-04T17:00:00+09:00,J1,725,840,1565
2019-09-04T17:00:00+09:00,J2,415,343,758
2019-09-04T17:00:00+09:00,J3,780,720,1500
2019-09-04T17:00:00+09:00,J4,637,496,1133
2019-09-04T17:00:00+09:00,J5,228,235,463
2019-09-04T17:15:00+09:00,J1,760,896,1656
2019-09-04T17:15:00+09:00,J2,470,385,855
2019-09-04T17:15:00+09:00,J3,808,709,1517
2019-09-04T17:15:00+09:00,J4,560,462,1022
2019-09-04T17:15:00+09:00,J5,240,259,499
2019-09-04T17:30:00+09:00,J1,767,983,1750
2019-09-04T17:30:00+09:00,J2,506,393,899
2019-09-04T17:30:00+09:00,J3,817,696,1513
2019-09-04T17:30:00+09:00,J4,634,485,1119
2019-09-04T17:30:00+09:00,J5,231,236,467
2019-09-04T17:45:00+09:00,J1,845,964,1809
2019-09-04T17:45:00+09:00,J2,509,410,919
2019-09-04T17:45:00+09:00,J3,809,673,1482
2019-09-04T17:45:00+09:00,J4,654,453,1107
2019-09-04T17:45:00+09:00,J5,255,238,493
2019-09-04T18:00:00+09:00,J1,909,1028,1937
2019-09-04T18:00:00+09:00,J2,466,344,810
2019-09-04T18:00:00+09:00,J3,863,688,1551
2019-09-04T18:00:00+09:00,J4,619,453,1072
2019-09-04T18:00:00+09:00,J5,284,284,568
2019-09-04T18:15:00+09:00,J1,851,967,1818
2019-09-04T18:15:00+09:00,J2,501,336,837
2019-09-04T18:15:00+09:00,J3,841,585,1426
2019-09-04T18:15:00+09:00,J4,586,446,1032
2019-09-04T18:15:00+09:00,J5,273,278,551
2019-09-04T18:30:00+09:00,J1,826,852,1678
2019-09-04T18:30:00+09:00,J2,446,353,799
2019-09-04T18:30:00+09:00,J3,699,531,1230
2019-09-04T18:30:00+09:00,J4,512,414,926
2019-09-04T18:30:00+09:00,J5,270,264,534
2019-09-04T18:45:00+09:00,J1,745,739,1484
2019-09-04T18:45:00+09:00,J2,433,340,773
2019-09-04T18:45:00+09:00,J3,583,479,1062
2019-09-04T18:45:00+09:00,J4,467,371,838
2019-09-04T18:45:00+09:00,J5,227,200,427
2019-09-04T19:00:00+09:00,J1,580,731,1311
2019-09-04T19:00:00+09:00,J2,417,245,662
2019-09-04T19:00:00+09:00,J3,593,410,1003
2019-09-04T19:00:00+09:00,J4,493,312,805
2019-09-04T19:00:00+09:00,J5,220,233,453
2019-09-04T19:15:00+09:00,J1,585,675,1260
2019-09-04T19:15:00+09:00,J2,390,258,648
2019-09-04T19:15:00+09:00,J3,575,491,1066
2019-09-04T19:15:00+09:00,J4,470,348,818
2019-09-04T19:15:00+09:00,J5,205,220,425
2019-09-04T19:30:00+09:00,J1,546,589,1135
2019-09-04T19:30:00+09:00,J2,362,246,608
2019-09-04T19:30:00+09:00,J3,581,479,1060
2019-09-04T19:30:00+09:00,J4,452,345,797
2019-09-04T19:30:00+09:00,J5,238,209,447
2019-09-04T19:45:00+09:00,J1,563,612,1175
2019-09-04T19:45:00+09:00,J2,405,263,668
2019-09-04T19:45:00+09:00,J3,557,427,984
2019-09-04T19:45:00+09:00,J4,471,359,830
2019-09-04T19:45:00+09:00,J5,206,209,415
2019-09-04T20:00:00+09:00,J1,455,607,1062
2019-09-04T20:00:00+09:00,J2,350,192,542
2019-09-04T20:00:00+09:00,J3,548,392,940
2019-09-04T20:00:00+09:00,J4,581,505,1086
2019-09-04T20:00:00+09:00,J5,254,217,471
2019-09-04T20:15:00+09:00,J1,475,557,1032
2019-09-04T20:15:00+09:00,J2,280,195,475
2019-09-04T20:15:00+09:00,J3,499,412,911
2019-09-04T20:15:00+09:00,J4,655,534,1189
2019-09-04T20:15:00+09:00,J5,268,239,507
2019-09-04T20:30:00+09:00,J1,457,575,1032
2019-09-04T20:30:00+09:00,J2,308,185,493
2019-09-04T20:30:00+09:00,J3,518,382,900
2019-09-04T20:30:00+09:00,J4,605,466,1071
2019-09-04T20:30:00+09:00,J5,246,213,459
2019-09-04T20:45:00+09:00,J1,435,469,904
2019-09-04T20:45:00+09:00,J2,295,218,513
2019-09-04T20:45:00+09:00,J3,488,367,855
2019-09-04T20:45:00+09:00,J4,632,496,1128
2019-09-04T20:45:00+09:00,J5,268,271,539
2019-09-04T21:00:00+09:00,J1,449,566,1015
2019-09-04T21:00:00+09:00,J2,278,232,510
2019-09-04T21:00:00+09:00,J3,527,386,913
2019-09-04T21:00:00+09:00,J4,572,508,1080
2019-09-04T21:00:00+09:00,J5,309,271,580
2019-09-04T21:15:00+09:00,J1,417,528,945
2019-09-04T21:15:00+09:00,J2,330,235,565
2019-09-04T21:15:00+09:00,J3,504,467,971
2019-09-04T21:15:00+09:00,J4,594,572,1166
2019-09-04T21:15:00+09:00,J5,269,218,487
2019-09-04T21:30:00+09:00,J1,390,442,832
2019-09-04T21:30:00+09:00,J2,261,213,474
2019-09-04T21:30:00+09:00,J3,509,399,908
2019-09-04T21:30:00+09:00,J4,570,490,1060
2019-09-04T21:30:00+09:00,J5,309,211,520
2019-09-04T21:45:00+09:00,J1,378,418,796
2019-09-04T21:45:00+09:00,J2,207,244,451
2019-09-04T21:45:00+09:00,J3,454,392,846
2019-09-04T21:45:00+09:00,J4,531,486,1017
2019-09-04T21:45:00+09:00,J5,297,258,555
2019-09-04T22:00:00+09:00,J1,498,476,974
2019-09-04T22:00:00+09:00,J2,208,212,420
2019-09-04T22:00:00+09:00,J3,473,443,916
2019-09-04T22:00:00+09:00,J4,493,461,954
2019-09-04T22:00:00+09:00,J5,328,266,594
2019-09-04T22:15:00+09:00,J1,388,475,863
2019-09-04T22:15:00+09:00,J2,202,176,378
2019-09-04T22:15:00+09:00,J3,444,403,847
2019-09-04T22:15:00+09:00,J4,450,404,854
2019-09-04T22:15:00+09:00,J5,331,331,662
2019-09-04T22:30:00+09:00,J1,375,469,844
2019-09-04T22:30:00+09:00,J2,223,213,436
2019-09-04T22:30:00+09:00,J3,391,374,765
2019-09-04T22:30:00+09:00,J4,567,480,1047
2019-09-04T22:30:00+09:00,J5,318,324,642
2019-09-04T22:45:00+09:00,J1,387,433,820
2019-09-04T22:45:00+09:00,J2,211,194,405
2019-09-04T22:45:00+09:00,J3,431,436,867
2019-09-04T22:45:00+09:00,J4,473,389,862
2019-09-04T22:45:00+09:00,J5,320,267,587
2019-09-04T23:00:00+09:00,J1,420,412,832
2019-09-04T23:00:00+09:00,J2,203,181,384
2019-09-04T23:00:00+09:00,J3,432,410,842
2019-09-04T23:00:00+09:00,J4,482,485,967
2019-09-04T23:00:00+09:00,J5,283,293,576
2019-09-04T23:15:00+09:00,J1,339,400,739
2019-09-04T23:15:00+09:00,J2,180,197,377
2019-09-04T23:15:00+09:00,J3,511,434,945
2019-09-04T23:15:00+09:00,J4,513,505,1018
2019-09-04T23:15:00+09:00,J5,306,320,626
2019-09-04T23:30:00+09:00,J1,356,356,712
2019-09-04T23:30:00+09:00,J2,202,168,370
2019-09-04T23:30:00+09:00,J3,324,297,621
2019-09-04T23:30:00+09:00,J4,530,495,1025
2019-09-04T23:30:00+09:00,J5,301,295,596
2019-09-04T23:45:00+09:00,J1,333,308,641
2019-09-04T23:45:00+09:00,J2,156,191,347
2019-09-04T23:45:00+09:00,J3,385,361,746
2019-09-04T23:45:00+09:00,J4,558,601,1159
2019-09-04T23:45:00+09:00,J5,321,298,619
2019-09-05T00:00:00+09:00,J1,278,292,570
2019-09-05T00:00:00+09:00,J2,167,159,326
2019-09-05T00:00:00+09:00,J3,437,383,820
2019-09-05T00:00:00+09:00,J4,489,440,929
2019-09-05T00:00:00+09:00,J5,248,290,538
2019-09-05T00:15:00+09:00,J1,303,283,586
2019-09-05T00:15:00+09:00,J2,141,173,314
2019-09-05T00:15:00+09:00,J3,422,347,769
2019-09-05T00:15:00+09:00,J4,203,215,418
2019-09-05T00:15:00+09:00,J5,185,223,408
2019-09-05T00:30:00+09:00,J1,294,271,565
2019-09-05T00:30:00+09:00,J2,118,128,246
2019-09-05T00:30:00+09:00,J3,360,328,688
2019-09-05T00:30:00+09:00,J4,181,154,335
2019-09-05T00:30:00+09:00,J5,156,127,283
2019-09-05T00:45:00+09:00,J1,284,245,529
2019-09-05T00:45:00+09:00,J2,104,97,201
2019-09-05T00:45:00+09:00,J3,376,343,719
2019-09-05T00:45:00+09:00,J4,181,182,363
2019-09-05T00:45:00+09:00,J5,150,132,282
2019-09-05T05:45:00+09:00,J1,265,239,504
2019-09-05T05:45:00+09:00,J2,210,225,435
2019-09-05T05:45:00+09:00,J3,417,358,775
2019-09-05T05:45:00+09:00,J4,411,449,860
2019-09-05T05:45:00+09:00,J5,164,162,326
2019-09-05T06:00:00+09:00,J1,209,183,392
2019-09-05T06:00:00+09:00,J2,166,146,312
2019-09-05T06:00:00+09:00,J3,487,444,931
2019-09-05T06:00:00+09:00,J4,680,697,1377
2019-09-05T06:00:00+09:00,J5,118,118,236
2019-09-05T06:15:00+09:00,J1,299,290,589
2019-09-05T06:15:00+09:00,J2,152,147,299
2019-09-05T06:15:00+09:00,J3,533,459,992
2019-09-05T06:15:00+09:00,J4,525,579,1104
2019-09-05T06:15:00+09:00,J5,174,169,343
2019-09-05T06:30:00+09:00,J1,332,347,679
2019-09-05T06:30:00+09:00,J2,152,136,288
2019-09-05T06:30:00+09:00,J3,512,427,939
2019-09-05T06:30:00+09:00,J4,626,633,1259
2019-09-05T06:30:00+09:00,J5,179,166,345
2019-09-05T06:45:00+09:00,J1,434,398,832
2019-09-05T06:45:00+09:00,J2,258,178,436
2019-09-05T06:45:00+09:00,J3,554,496,1050
2019-09-05T06:45:00+09:00,J4,455,534,989
2019-09-05T06:45:00+09:00,J5,189,198,387
2019-09-05T07:00:00+09:00,J1,445,375,820
2019-09-05T07:00:00+09:00,J2,228,137,365
2019-09-05T07:00:00+09:00,J3,532,460,992
2019-09-05T07:00:00+09:00,J4,564,635,1199
2019-09-05T07:00:00+09:00,J5,225,282,507
2019-09-05T07:15:00+09:00,J1,533,419,952
2019-09-05T07:15:00+09:00,J2,240,152,392
2019-09-05T07:15:00+09:00,J3,670,515,1185
2019-09-05T07:15:00+09:00,J4,558,667,1225
2019-09-05T07:15:00+09:00,J5,220,242,462
2019-09-05T07:30:00+09:00,J1,525,443,968
2019-09-05T07:30:00+09:00,J2,303,259,562
2019-09-05T07:30:00+09:00,J3,435,409,844
2019-09-05T07:30:00+09:00,J4,414,486,900
2019-09-05T07:30:00+09:00,J5,301,369,670
2019-09-05T07:45:00+09:00,J1,693,470,1163
2019-09-05T07:45:00+09:00,J2,313,277,590
2019-09-05T07:45:00+09:00,J3,474,506,980
2019-09-05T07:45:00+09:00,J4,346,504,850
2019-09-05T07:45:00+09:00,J5,313,424,737
2019-09-05T08:00:00+09:00,J1,875,634,1509
2019-09-05T08:00:00+09:00,J2,362,361,723
2019-09-05T08:00:00+09:00,J3,516,664,1180
2019-09-05T08:00:00+09:00,J4,447,735,1182
2019-09-05T08:00:00+09:00,J5,366,280,646
2019-09-05T08:15:00+09:00,J1,1078,638,1716
2019-09-05T08:15:00+09:00,J2,349,272,621
2019-09-05T08:15:00+09:00,J3,502,748,1250
2019-09-05T08:15:00+09:00,J4,623,950,1573
2019-09-05T08:15:00+09:00,J5,274,237,511
2019-09-05T08:30:00+09:00,J1,1135,677,1812
2019-09-05T08:30:00+09:00,J2,422,309,731
2019-09-05T08:30:00+09:00,J3,642,808,1450
2019-09-05T08:30:00+09:00,J4,656,1082,1738
2019-09-05T08:30:00+09:00,J5,344,299,643
2019-09-05T08:45:00+09:00,J1,790,575,1365
2019-09-05T08:45:00+09:00,J2,337,263,600
2019-09-05T08:45:00+09:00,J3,558,627,1185
2019-09-05T08:45:00+09:00,J4,581,857,1438
2019-09-05T08:45:00+09:00,J5,280,244,524
2019-09-05T09:00:00+09:00,J1,698,588,1286
2019-09-05T09:00:00+09:00,J2,307,258,565
2019-09-05T09:00:00+09:00,J3,518,462,980
2019-09-05T09:00:00+09:00,J4,476,645,1121
2019-09-05T09:00:00+09:00,J5,229,183,412
2019-09-05T09:15:00+09:00,J1,583,486,1069
2019-09-05T09:15:00+09:00,J2,334,252,586
2019-09-05T09:15:00+09:00,J3,503,483,986
2019-09-05T09:15:00+09:00,J4,537,656,1193
2019-09-05T09:15:00+09:00,J5,258,170,428
2019-09-05T09:30:00+09:00,J1,611,480,1091
2019-09-05T09:30:00+09:00,J2,337,261,598
2019-09-05T09:30:00+09:00,J3,561,489,1050
2019-09-05T09:30:00+09:00,J4,551,615,1166
2019-09-05T09:30:00+09:00,J5,250,198,448
2019-09-05T09:45:00+09:00,J1,555,529,1084
2019-09-05T09:45:00+09:00,J2,292,278,570
2019-09-05T09:45:00+09:00,J3,559,499,1058
2019-09-05T09:45:00+09:00,J4,557,589,1146
2019-09-05T09:45:00+09:00,J5,212,178,390
2019-09-05T10:00:00+09:00,J1,522,494,1016
2019-09-05T10:00:00+09:00,J2,298,290,588
2019-09-05T10:00:00+09:00,J3,548,400,948
2019-09-05T10:00:00+09:00,J4,582,531,1113
2019-09-05T10:00:00+09:00,J5,243,150,393
2019-09-05T10:15:00+09:00,J1,557,561,1118
2019-09-05T10:15:00+09:00,J2,362,268,630
2019-09-05T10:15:00+09:00,J3,556,452,1008
2019-09-05T10:15:00+09:00,J4,534,472,1006
2019-09-05T10:15:00+09:00,J5,208,161,369
2019-09-05T10:30:00+09:00,J1,556,563,1119
2019-09-05T10:30:00+09:00,J2,423,341,764
2019-09-05T10:30:00+09:00,J3,633,554,1187
2019-09-05T10:30:00+09:00,J4,529,514,1043
2019-09-05T10:30:00+09:00,J5,212,151,363
2019-09-05T10:45:00+09:00,J1,560,545,1105
2019-09-05T10:45:00+09:00,J2,312,280,592
2019-09-05T10:45:00+09:00,J3,543,566,1109
2019-09-05T10:45:00+09:00,J4,568,540,1108
2019-09-05T10:45:00+09:00,J5,222,195,417
2019-09-05T11:00:00+09:00,J1,499,508,1007
2019-09-05T11:00:00+09:00,J2,262,256,518
2019-09-05T11:00:00+09:00,J3,602,531,1133
2019-09-05T11:00:00+09:00,J4,472,519,991
2019-09-05T11:00:00+09:00,J5,240,149,389
2019-09-05T11:15:00+09:00,J1,602,592,1194
2019-09-05T11:15:00+09:00,J2,327,262,589
2019-09-05T11:15:00+09:00,J3,676,660,1336
2019-09-05T11:15:00+09:00,J4,516,499,1015
2019-09-05T11:15:00+09:00,J5,228,186,414
2019-09-05T11:30:00+09:00,J1,653,696,1349
2019-09-05T11:30:00+09:00,J2,323,246,569
2019-09-05T11:30:00+09:00,J3,735,777,1512
2019-09-05T11:30:00+09:00,J4,401,462,863
2019-09-05T11:30:00+09:00,J5,259,239,498
2019-09-05T11:45:00+09:00,J1,583,602,1185
2019-09-05T11:45:00+09:00,J2,344,314,658
2019-09-05T11:45:00+09:00,J3,724,740,1464
2019-09-05T11:45:00+09:00,J4,449,443,892
2019-09-05T11:45:00+09:00,J5,233,177,410
2019-09-05T12:00:00+09:00,J1,657,660,1317
2019-09-05T12:00:00+09:00,J2,339,286,625
2019-09-05T12:00:00+09:00,J3,723,781,1504
2019-09-05T12:00:00+09:00,J4,532,447,979
2019-09-05T12:00:00+09:00,J5,268,245,513
2019-09-05T12:15:00+09:00,J1,646,697,1343
2019-09-05T12:15:00+09:00,J2,354,303,657
2019-09-05T12:15:00+09:00,J3,646,658,1304
2019-09-05T12:15:00+09:00,J4,535,524,1059
2019-09-05T12:15:00+09:00,J5,246,224,470
2019-09-05T12:30:00+09:00,J1,656,698,1354
2019-09-05T12:30:00+09:00,J2,345,275,620
2019-09-05T12:30:00+09:00,J3,653,590,1243
2019-09-05T12:30:00+09:00,J4,589,549,1138
2019-09-05T12:30:00+09:00,J5,221,243,464
2019-09-05T12:45:00+09:00,J1,595,656,1251
2019-09-05T12:45:00+09:00,J2,311,259,570
2019-09-05T12:45:00+09:00,J3,692,608,1300
2019-09-05T12:45:00+09:00,J4,655,571,1226
2019-09-05T12:45:00+09:00,J5,256,233,489
2019-09-05T13:00:00+09:00,J1,520,609,1129
2019-09-05T13:00:00+09:00,J2,368,270,638
2019-09-05T13:00:00+09:00,J3,675,599,1274
2019-09-05T13:00:00+09:00,J4,539,517,1056
2019-09-05T13:00:00+09:00,J5,261,232,493
2019-09-05T13:15:00+09:00,J1,510,587,1097
2019-09-05T13:15:00+09:00,J2,365,294,659
2019-09-05T13:15:00+09:00,J3,640,509,1149
2019-09-05T13:15:00+09:00,J4,621,515,1136
2019-09-05T13:15:00+09:00,J5,224,215,439
2019-09-05T13:30:00+09:00,J1,488,589,1077
2019-09-05T13:30:00+09:00,J2,430,313,743
2019-09-05T13:30:00+09:00,J3,629,552,1181
2019-09-05T13:30:00+09:00,J4,568,533,1101
2019-09-05T13:30:00+09:00,J5,211,190,401
2019-09-05T13:45:00+09:00,J1,524,583,1107
2019-09-05T13:45:00+09:00,J2,379,307,686
2019-09-05T13:45:00+09:00,J3,608,508,1116
2019-09-05T13:45:00+09:00,J4,581,517,1098
2019-09-05T13:45:00+09:00,J5,215,195,410
2019-09-05T14:00:00+09:00,J1,558,616,1174
2019-09-05T14:00:00+09:00,J2,375,319,694
2019-09-05T14:00:00+09:00,J3,622,427,1049
2019-09-05T14:00:00+09:00,J4,524,478,1002
2019-09-05T14:00:00+09:00,J5,208,210,418
2019-09-05T14:15:00+09:00,J1,527,608,1135
2019-09-05T14:15:00+09:00,J2,421,326,747
2019-09-05T14:15:00+09:00,J3,632,500,1132
2019-09-05T14:15:00+09:00,J4,550,492,1042
2019-09-05T14:15:00+09:00,J5,223,228,451
2019-09-05T14:30:00+09:00,J1,530,636,1166
2019-09-05T14:30:00+09:00,J2,426,356,782
2019-09-05T14:30:00+09:00,J3,621,533,1154
2019-09-05T14:30:00+09:00,J4,590,501,1091
2019-09-05T14:30:00+09:00,J5,233,249,482
2019-09-05T14:45:00+09:00,J1,517,600,1117
2019-09-05T14:45:00+09:00,J2,411,349,760
2019-09-05T14:45:00+09:00,J3,599,475,1074
2019-09-05T14:45:00+09:00,J4,604,440,1044
2019-09-05T14:45:00+09:00,J5,207,213,420
2019-09-05T15:00:00+09:00,J1,536,658,1194
2019-09-05T15:00:00+09:00,J2,412,345,757
2019-09-05T15:00:00+09:00,J3,578,487,1065
2019-09-05T15:00:00+09:00,J4,504,459,963
2019-09-05T15:00:00+09:00,J5,219,227,446
2019-09-05T15:15:00+09:00,J1,509,651,1160
2019-09-05T15:15:00+09:00,J2,380,306,686
2019-09-05T15:15:00+09:00,J3,596,475,1071
2019-09-05T15:15:00+09:00,J4,529,442,971
2019-09-05T15:15:00+09:00,J5,215,206,421
2019-09-05T15:30:00+09:00,J1,522,585,1107
2019-09-05T15:30:00+09:00,J2,430,291,721
2019-09-05T15:30:00+09:00,J3,580,479,1059
2019-09-05T15:30:00+09:00,J4,461,438,899
2019-09-05T15:30:00+09:00,J5,251,262,513
2019-09-05T15:45:00+09:00,J1,507,507,1014
2019-09-05T15:45:00+09:00,J2,421,308,729
2019-09-05T15:45:00+09:00,J3,621,410,1031
2019-09-05T15:45:00+09:00,J4,591,452,1043
2019-09-05T15:45:00+09:00,J5,215,215,430
2019-09-05T16:00:00+09:00,J1,537,542,1079
2019-09-05T16:00:00+09:00,J2,354,289,643
2019-09-05T16:00:00+09:00,J3,652,480,1132
2019-09-05T16:00:00+09:00,J4,548,428,976
2019-09-05T16:00:00+09:00,J5,214,246,460
2019-09-05T16:15:00+09:00,J1,543,621,1164
2019-09-05T16:15:00+09:00,J2,399,343,742
2019-09-05T16:15:00+09:00,J3,624,506,1130
2019-09-05T16:15:00+09:00,J4,517,431,948
2019-09-05T16:15:00+09:00,J5,208,288,496
2019-09-05T16:30:00+09:00,J1,595,635,1230
2019-09-05T16:30:00+09:00,J2,395,389,784
2019-09-05T16:30:00+09:00,J3,650,477,1127
2019-09-05T16:30:00+09:00,J4,526,435,961
2019-09-05T16:30:00+09:00,J5,197,225,422
2019-09-05T16:45:00+09:00,J1,565,571,1136
2019-09-05T16:45:00+09:00,J2,409,318,727
2019-09-05T16:45:00+09:00,J3,607,485,1092
2019-09-05T16:45:00+09:00,J4,615,484,1099
2019-09-05T16:45:00+09:00,J5,219,239,458
2019-09-05T17:00:00+09:00,J1,622,709,1331
2019-09-05T17:00:00+09:00,J2,428,328,756
2019-09-05T17:00:00+09:00,J3,705,606,1311
2019-09-05T17:00:00+09:00,J4,515,450,965
2019-09-05T17:00:00+09:00,J5,226,277,503
2019-09-05T17:15:00+09:00,J1,747,832,1579
2019-09-05T17:15:00+09:00,J2,495,381,876
2019-09-05T17:15:00+09:00,J3,661,637,1298
2019-09-05T17:15:00+09:00,J4,590,420,1010
2019-09-05T17:15:00+09:00,J5,249,313,562
2019-09-05T17:30:00+09:00,J1,681,812,1493
2019-09-05T17:30:00+09:00,J2,423,290,713
2019-09-05T17:30:00+09:00,J3,688,615,1303
2019-09-05T17:30:00+09:00,J4,608,410,1018
2019-09-05T17:30:00+09:00,J5,244,352,596
2019-09-05T17:45:00+09:00,J1,711,878,1589
2019-09-05T17:45:00+09:00,J2,487,356,843
2019-09-05T17:45:00+09:00,J3,643,516,1159
2019-09-05T17:45:00+09:00,J4,655,416,1071
2019-09-05T17:45:00+09:00,J5,222,311,533
2019-09-05T18:00:00+09:00,J1,700,852,1552
2019-09-05T18:00:00+09:00,J2,434,363,797
2019-09-05T18:00:00+09:00,J3,757,513,1270
2019-09-05T18:00:00+09:00,J4,613,370,983
2019-09-05T18:00:00+09:00,J5,241,316,557
2019-09-05T18:15:00+09:00,J1,636,780,1416
2019-09-05T18:15:00+09:00,J2,396,319,715
2019-09-05T18:15:00+09:00,J3,665,577,1242
2019-09-05T18:15:00+09:00,J4,662,357,1019
2019-09-05T18:15:00+09:00,J5,248,348,596
2019-09-05T18:30:00+09:00,J1,618,815,1433
2019-09-05T18:30:00+09:00,J2,409,330,739
2019-09-05T18:30:00+09:00,J3,547,517,1064
2019-09-05T18:30:00+09:00,J4,599,385,984
2019-09-05T18:30:00+09:00,J5,226,303,529
2019-09-05T18:45:00+09:00,J1,594,691,1285
2019-09-05T18:45:00+09:00,J2,433,316,749
2019-09-05T18:45:00+09:00,J3,518,436,954
2019-09-05T18:45:00+09:00,J4,517,398,915
2019-09-05T18:45:00+09:00,J5,205,284,489
2019-09-05T19:00:00+09:00,J1,444,544,988
2019-09-05T19:00:00+09:00,J2,329,284,613
2019-09-05T19:00:00+09:00,J3,427,474,901
2019-09-05T19:00:00+09:00,J4,472,329,801
2019-09-05T19:00:00+09:00,J5,256,266,522
2019-09-05T19:15:00+09:00,J1,485,606,1091
2019-09-05T19:15:00+09:00,J2,364,271,635
2019-09-05T19:15:00+09:00,J3,523,495,1018
2019-09-05T19:15:00+09:00,J4,395,315,710
2019-09-05T19:15:00+09:00,J5,270,307,577
2019-09-05T19:30:00+09:00,J1,432,544,976
2019-09-05T19:30:00+09:00,J2,347,233,580
2019-09-05T19:30:00+09:00,J3,506,429,935
2019-09-05T19:30:00+09:00,J4,354,286,640
2019-09-05T19:30:00+09:00,J5,234,234,468
2019-09-05T19:45:00+09:00,J1,458,517,975
2019-09-05T19:45:00+09:00,J2,321,265,586
2019-09-05T19:45:00+09:00,J3,544,438,982
2019-09-05T19:45:00+09:00,J4,379,300,679
2019-09-05T19:45:00+09:00,J5,206,217,423
2019-09-05T20:00:00+09:00,J1,458,581,1039
2019-09-05T20:00:00+09:00,J2,285,240,525
2019-09-05T20:00:00+09:00,J3,452,396,848
2019-09-05T20:00:00+09:00,J4,513,352,865
2019-09-05T20:00:00+09:00,J5,207,245,452
2019-09-05T20:15:00+09:00,J1,479,525,1004
2019-09-05T20:15:00+09:00,J2,254,216,470
2019-09-05T20:15:00+09:00,J3,480,384,864
2019-09-05T20:15:00+09:00,J4,522,432,954
2019-09-05T20:15:00+09:00,J5,187,223,410
2019-09-05T20:30:00+09:00,J1,442,502,944
2019-09-05T20:30:00+09:00,J2,257,200,457
2019-09-05T20:30:00+09:00,J3,463,420,883
2019-09-05T20:30:00+09:00,J4,590,448,1038
2019-09-05T20:30:00+09:00,J5,199,212,411
2019-09-05T20:45:00+09:00,J1,437,490,927
2019-09-05T20:45:00+09:00,J2,240,217,457
2019-09-05T20:45:00+09:00,J3,510,360,870
2019-09-05T20:45:00+09:00,J4,538,478,1016
2019-09-05T20:45:00+09:00,J5,194,177,371
2019-09-05T21:00:00+09:00,J1,507,531,1038
2019-09-05T21:00:00+09:00,J2,282,201,483
2019-09-05T21:00:00+09:00,J3,461,356,817
2019-09-05T21:00:00+09:00,J4,603,505,1108
2019-09-05T21:00:00+09:00,J5,187,162,349
2019-09-05T21:15:00+09:00,J1,438,526,964
2019-09-05T21:15:00+09:00,J2,257,200,457
2019-09-05T21:15:00+09:00,J3,483,335,818
2019-09-05T21:15:00+09:00,J4,563,449,1012
2019-09-05T21:15:00+09:00,J5,188,171,359
2019-09-05T21:30:00+09:00,J1,454,491,945
2019-09-05T21:30:00+09:00,J2,255,208,463
2019-09-05T21:30:00+09:00,J3,444,314,758
2019-09-05T21:30:00+09:00,J4,598,466,1064
2019-09-05T21:30:00+09:00,J5,192,155,347
2019-09-05T21:45:00+09:00,J1,412,508,920
2019-09-05T21:45:00+09:00,J2,289,168,457
2019-09-05T21:45:00+09:00,J3,481,329,810
2019-09-05T21:45:00+09:00,J4,581,431,1012
2019-09-05T21:45:00+09:00,J5,160,161,321
2019-09-05T22:00:00+09:00,J1,389,466,855
2019-09-05T22:00:00+09:00,J2,220,224,444
2019-09-05T22:00:00+09:00,J3,448,426,874
2019-09-05T22:00:00+09:00,J4,585,476,1061
2019-09-05T22:00:00+09:00,J5,173,125,298
2019-09-05T22:15:00+09:00,J1,305,387,692
2019-09-05T22:15:00+09:00,J2,194,194,388
2019-09-05T22:15:00+09:00,J3,437,440,877
2019-09-05T22:15:00+09:00,J4,579,453,1032
2019-09-05T22:15:00+09:00,J5,168,168,336
2019-09-05T22:30:00+09:00,J1,327,411,738
2019-09-05T22:30:00+09:00,J2,198,197,395
2019-09-05T22:30:00+09:00,J3,418,388,806
2019-09-05T22:30:00+09:00,J4,541,486,1027
2019-09-05T22:30:00+09:00,J5,165,153,318
2019-09-05T22:45:00+09:00,J1,338,381,719
2019-09-05T22:45:00+09:00,J2,153,198,351
2019-09-05T22:45:00+09:00,J3,355,345,700
2019-09-05T22:45:00+09:00,J4,581,521,1102
2019-09-05T22:45:00+09:00,J5,183,169,352
2019-09-05T23:00:00+09:00,J1,364,409,773
2019-09-05T23:00:00+09:00,J2,184,228,412
2019-09-05T23:00:00+09:00,J3,362,303,665
2019-09-05T23:00:00+09:00,J4,534,468,1002
2019-09-05T23:00:00+09:00,J5,159,129,288
2019-09-05T23:15:00+09:00,J1,325,350,675
2019-09-05T23:15:00+09:00,J2,196,224,420
2019-09-05T23:15:00+09:00,J3,397,343,740
2019-09-05T23:15:00+09:00,J4,572,529,1101
2019-09-05T23:15:00+09:00,J5,139,127,266
2019-09-05T23:30:00+09:00,J1,333,394,727
2019-09-05T23:30:00+09:00,J2,144,184,328
2019-09-05T23:30:00+09:00,J3,392,343,735
2019-09-05T23:30:00+09:00,J4,497,469,966
2019-09-05T23:30:00+09:00,J5,157,113,270
2019-09-05T23:45:00+09:00,J1,313,364,677
2019-09-05T23:45:00+09:00,J2,192,205,397
2019-09-05T23:45:00+09:00,J3,414,337,751
2019-09-05T23:45:00+09:00,J4,493,423,916
2019-09-05T23:45:00+09:00,J5,119,94,213
2019-09-06T00:00:00+09:00,J1,255,250,505
2019-09-06T00:00:00+09:00,J2,167,188,355
2019-09-06T00:00:00+09:00,J3,336,311,647
2019-09-06T00:00:00+09:00,J4,464,400,864
2019-09-06T00:00:00+09:00,J5,156,125,281
2019-09-06T00:15:00+09:00,J1,249,252,501
2019-09-06T00:15:00+09:00,J2,104,136,240
2019-09-06T00:15:00+09:00,J3,265,246,511
2019-09-06T00:15:00+09:00,J4,518,516,1034
2019-09-06T00:15:00+09:00,J5,243,228,471
2019-09-06T00:30:00+09:00,J1,220,211,431
2019-09-06T00:30:00+09:00,J2,102,124,226
2019-09-06T00:30:00+09:00,J3,236,250,486
2019-09-06T00:30:00+09:00,J4,450,421,871
2019-09-06T00:30:00+09:00,J5,258,246,504
2019-09-06T00:45:00+09:00,J1,234,237,471
2019-09-06T00:45:00+09:00,J2,188,149,337
2019-09-06T00:45:00+09:00,J3,295,318,613
2019-09-06T00:45:00+09:00,J4,467,411,878
2019-09-06T00:45:00+09:00,J5,235,218,453
2019-09-06T05:45:00+09:00,J1,267,284,551
2019-09-06T05:45:00+09:00,J2,261,263,524
2019-09-06T05:45:00+09:00,J3,341,303,644
2019-09-06T05:45:00+09:00,J4,287,273,560
2019-09-06T06:00:00+09:00,J1,279,287,566
2019-09-06T06:00:00+09:00,J2,213,178,391
2019-09-06T06:00:00+09:00,J3,293,255,548
2019-09-06T06:00:00+09:00,J4,372,360,732
2019-09-06T06:15:00+09:00,J1,263,304,567
2019-09-06T06:15:00+09:00,J2,166,163,329
2019-09-06T06:15:00+09:00,J3,304,280,584
2019-09-06T06:15:00+09:00,J4,430,413,843
2019-09-06T06:30:00+09:00,J1,315,269,584
2019-09-06T06:30:00+09:00,J2,147,176,323
2019-09-06T06:30:00+09:00,J3,357,320,677
2019-09-06T06:30:00+09:00,J4,318,353,671
2019-09-06T06:45:00+09:00,J1,313,291,604
2019-09-06T06:45:00+09:00,J2,181,168,349
2019-09-06T06:45:00+09:00,J3,513,370,883
2019-09-06T06:45:00+09:00,J4,381,368,749
2019-09-06T07:00:00+09:00,J1,387,353,740
2019-09-06T07:00:00+09:00,J2,211,247,458
2019-09-06T07:00:00+09:00,J3,503,402,905
2019-09-06T07:00:00+09:00,J4,383,405,788
2019-09-06T07:15:00+09:00,J1,426,395,821
2019-09-06T07:15:00+09:00,J2,239,207,446
2019-09-06T07:15:00+09:00,J3,528,486,1014
2019-09-06T07:15:00+09:00,J4,396,420,816
2019-09-06T07:30:00+09:00,J1,606,468,1074
2019-09-06T07:30:00+09:00,J2,247,265,512
2019-09-06T07:30:00+09:00,J3,368,409,777
2019-09-06T07:30:00+09:00,J4,563,672,1235
2019-09-06T07:45:00+09:00,J1,701,513,1214
2019-09-06T07:45:00+09:00,J2,300,280,580
2019-09-06T07:45:00+09:00,J3,491,517,1008
2019-09-06T07:45:00+09:00,J4,552,879,1431
2019-09-06T08:00:00+09:00,J1,881,617,1498
2019-09-06T08:00:00+09:00,J2,298,289,587
2019-09-06T08:00:00+09:00,J3,607,632,1239
2019-09-06T08:00:00+09:00,J4,628,810,1438
2019-09-06T08:15:00+09:00,J1,1080,625,1705
2019-09-06T08:15:00+09:00,J2,472,312,784
2019-09-06T08:15:00+09:00,J3,789,790,1579
2019-09-06T08:15:00+09:00,J4,637,901,1538
2019-09-06T08:30:00+09:00,J1,1107,651,1758
2019-09-06T08:30:00+09:00,J2,536,346,882
2019-09-06T08:30:00+09:00,J3,702,805,1507
2019-09-06T08:30:00+09:00,J4,501,846,1347
2019-09-06T08:45:00+09:00,J1,828,587,1415
2019-09-06T08:45:00+09:00,J2,449,290,739
2019-09-06T08:45:00+09:00,J3,637,689,1326
2019-09-06T08:45:00+09:00,J4,371,707,1078
2019-09-06T09:00:00+09:00,J1,717,495,1212
2019-09-06T09:00:00+09:00,J2,390,276,666
2019-09-06T09:00:00+09:00,J3,547,529,1076
2019-09-06T09:00:00+09:00,J4,282,494,776
2019-09-06T09:15:00+09:00,J1,669,484,1153
2019-09-06T09:15:00+09:00,J2,412,282,694
2019-09-06T09:15:00+09:00,J3,549,503,1052
2019-09-06T09:15:00+09:00,J4,367,496,863
2019-09-06T09:30:00+09:00,J1,638,526,1164
2019-09-06T09:30:00+09:00,J2,389,255,644
2019-09-06T09:30:00+09:00,J3,624,532,1156
2019-09-06T09:30:00+09:00,J4,321,493,814
2019-09-06T09:45:00+09:00,J1,487,430,917
2019-09-06T09:45:00+09:00,J2,306,237,543
2019-09-06T09:45:00+09:00,J3,569,490,1059
2019-09-06T09:45:00+09:00,J4,278,346,624
2019-09-06T10:00:00+09:00,J1,499,500,999
2019-09-06T10:00:00+09:00,J2,324,283,607
2019-09-06T10:00:00+09:00,J3,473,487,960
2019-09-06T10:00:00+09:00,J4,277,350,627
2019-09-06T10:15:00+09:00,J1,612,520,1132
2019-09-06T10:15:00+09:00,J2,340,241,581
2019-09-06T10:15:00+09:00,J3,484,440,924
2019-09-06T10:15:00+09:00,J4,405,423,828
2019-09-06T10:30:00+09:00,J1,588,503,1091
2019-09-06T10:30:00+09:00,J2,344,289,633
2019-09-06T10:30:00+09:00,J3,488,457,945
2019-09-06T10:30:00+09:00,J4,406,346,752
2019-09-06T10:45:00+09:00,J1,526,497,1023
2019-09-06T10:45:00+09:00,J2,289,253,542
2019-09-06T10:45:00+09:00,J3,475,437,912
2019-09-06T10:45:00+09:00,J4,403,403,806
2019-09-06T11:00:00+09:00,J1,564,552,1116
2019-09-06T11:00:00+09:00,J2,328,267,595
2019-09-06T11:00:00+09:00,J3,528,453,981
2019-09-06T11:00:00+09:00,J4,406,419,825
2019-09-06T11:15:00+09:00,J1,625,578,1203
2019-09-06T11:15:00+09:00,J2,287,267,554
2019-09-06T11:15:00+09:00,J3,596,553,1149
2019-09-06T11:15:00+09:00,J4,387,373,760
2019-09-06T11:30:00+09:00,J1,615,538,1153
2019-09-06T11:30:00+09:00,J2,366,308,674
2019-09-06T11:30:00+09:00,J3,695,527,1222
2019-09-06T11:30:00+09:00,J4,382,350,732
2019-09-06T11:45:00+09:00,J1,571,615,1186
2019-09-06T11:45:00+09:00,J2,367,271,638
2019-09-06T11:45:00+09:00,J3,643,546,1189
2019-09-06T11:45:00+09:00,J4,439,362,801
2019-09-06T12:00:00+09:00,J1,632,630,1262
2019-09-06T12:00:00+09:00,J2,354,331,685
2019-09-06T12:00:00+09:00,J3,576,530,1106
2019-09-06T12:00:00+09:00,J4,422,418,840
2019-09-06T12:15:00+09:00,J1,644,609,1253
2019-09-06T12:15:00+09:00,J2,345,301,646
2019-09-06T12:15:00+09:00,J3,548,593,1141
2019-09-06T12:15:00+09:00,J4,425,444,869
2019-09-06T12:30:00+09:00,J1,587,686,1273
2019-09-06T12:30:00+09:00,J2,336,282,618
2019-09-06T12:30:00+09:00,J3,548,596,1144
2019-09-06T12:30:00+09:00,J4,453,463,916
2019-09-06T12:45:00+09:00,J1,595,635,1230
2019-09-06T12:45:00+09:00,J2,321,260,581
2019-09-06T12:45:00+09:00,J3,504,559,1063
2019-09-06T12:45:00+09:00,J4,371,383,754
2019-09-06T13:00:00+09:00,J1,536,667,1203
2019-09-06T13:00:00+09:00,J2,292,327,619
2019-09-06T13:00:00+09:00,J3,540,534,1074
2019-09-06T13:00:00+09:00,J4,398,377,775
2019-09-06T13:15:00+09:00,J1,658,731,1389
2019-09-06T13:15:00+09:00,J2,319,337,656
2019-09-06T13:15:00+09:00,J3,529,565,1094
2019-09-06T13:15:00+09:00,J4,371,374,745
2019-09-06T13:30:00+09:00,J1,643,667,1310
2019-09-06T13:30:00+09:00,J2,335,275,610
2019-09-06T13:30:00+09:00,J3,550,548,1098
2019-09-06T13:30:00+09:00,J4,445,386,831
2019-09-06T13:45:00+09:00,J1,591,744,1335
2019-09-06T13:45:00+09:00,J2,331,288,619
2019-09-06T13:45:00+09:00,J3,542,550,1092
2019-09-06T13:45:00+09:00,J4,391,423,814
2019-09-06T14:00:00+09:00,J1,612,695,1307
2019-09-06T14:00:00+09:00,J2,279,280,559
2019-09-06T14:00:00+09:00,J3,519,521,1040
2019-09-06T14:00:00+09:00,J4,378,403,781
2019-09-06T14:15:00+09:00,J1,606,653,1259
2019-09-06T14:15:00+09:00,J2,357,332,689
2019-09-06T14:15:00+09:00,J3,519,520,1039
2019-09-06T14:15:00+09:00,J4,410,400,810
2019-09-06T14:30:00+09:00,J1,613,746,1359
2019-09-06T14:30:00+09:00,J2,327,300,627
2019-09-06T14:30:00+09:00,J3,543,562,1105
2019-09-06T14:30:00+09:00,J4,442,457,899
2019-09-06T14:45:00+09:00,J1,645,664,1309
2019-09-06T14:45:00+09:00,J2,332,274,606
2019-09-06T14:45:00+09:00,J3,513,530,1043
2019-09-06T14:45:00+09:00,J4,433,419,852
2019-09-06T15:00:00+09:00,J1,615,766,1381
2019-09-06T15:00:00+09:00,J2,341,335,676
2019-09-06T15:00:00+09:00,J3,569,628,1197
2019-09-06T15:00:00+09:00,J4,450,446,896
2019-09-06T15:15:00+09:00,J1,719,912,1631
2019-09-06T15:15:00+09:00,J2,414,360,774
2019-09-06T15:15:00+09:00,J3,687,690,1377
2019-09-06T15:15:00+09:00,J4,460,516,976
2019-09-06T15:30:00+09:00,J1,672,917,1589
2019-09-06T15:30:00+09:00,J2,430,383,813
2019-09-06T15:30:00+09:00,J3,674,629,1303
2019-09-06T15:30:00+09:00,J4,457,470,927
2019-09-06T15:45:00+09:00,J1,664,891,1555
2019-09-06T15:45:00+09:00,J2,459,322,781
2019-09-06T15:45:00+09:00,J3,650,595,1245
2019-09-06T15:45:00+09:00,J4,518,463,981
2019-09-06T16:00:00+09:00,J1,648,850,1498
2019-09-06T16:00:00+09:00,J2,360,392,752
2019-09-06T16:00:00+09:00,J3,656,620,1276
2019-09-06T16:00:00+09:00,J4,443,435,878
2019-09-06T16:15:00+09:00,J1,750,907,1657
2019-09-06T16:15:00+09:00,J2,420,323,743
2019-09-06T16:15:00+09:00,J3,720,735,1455
2019-09-06T16:15:00+09:00,J4,499,443,942
2019-09-06T16:30:00+09:00,J1,679,807,1486
2019-09-06T16:30:00+09:00,J2,442,320,762
2019-09-06T16:30:00+09:00,J3,873,836,1709
2019-09-06T16:30:00+09:00,J4,531,551,1082
2019-09-06T16:45:00+09:00,J1,597,736,1333
2019-09-06T16:45:00+09:00,J2,390,342,732
2019-09-06T16:45:00+09:00,J3,755,743,1498
2019-09-06T16:45:00+09:00,J4,677,481,1158
2019-09-06T17:00:00+09:00,J1,798,932,1730
2019-09-06T17:00:00+09:00,J2,591,406,997
2019-09-06T17:00:00+09:00,J3,911,801,1712
2019-09-06T17:00:00+09:00,J4,694,647,1341
2019-09-06T17:15:00+09:00,J1,882,984,1866
2019-09-06T17:15:00+09:00,J2,601,297,898
2019-09-06T17:15:00+09:00,J3,1025,836,1861
2019-09-06T17:15:00+09:00,J4,920,681,1601
2019-09-06T17:30:00+09:00,J1,966,1124,2090
2019-09-06T17:30:00+09:00,J2,626,381,1007
2019-09-06T17:30:00+09:00,J3,1104,898,2002
2019-09-06T17:30:00+09:00,J4,965,700,1665
2019-09-06T17:45:00+09:00,J1,1005,1156,2161
2019-09-06T17:45:00+09:00,J2,569,418,987
2019-09-06T17:45:00+09:00,J3,1175,879,2054
2019-09-06T17:45:00+09:00,J4,903,632,1535
2019-09-06T18:00:00+09:00,J1,1023,1198,2221
2019-09-06T18:00:00+09:00,J2,629,449,1078
2019-09-06T18:00:00+09:00,J3,1250,895,2145
2019-09-06T18:00:00+09:00,J4,999,723,1722
2019-09-06T18:15:00+09:00,J1,967,1261,2228
2019-09-06T18:15:00+09:00,J2,655,412,1067
2019-09-06T18:15:00+09:00,J3,1057,970,2027
2019-09-06T18:15:00+09:00,J4,1106,613,1719
2019-09-06T18:30:00+09:00,J1,881,1047,1928
2019-09-06T18:30:00+09:00,J2,600,401,1001
2019-09-06T18:30:00+09:00,J3,1032,694,1726
2019-09-06T18:30:00+09:00,J4,892,571,1463
2019-09-06T18:45:00+09:00,J1,744,979,1723
2019-09-06T18:45:00+09:00,J2,459,434,893
2019-09-06T18:45:00+09:00,J3,972,734,1706
2019-09-06T18:45:00+09:00,J4,707,511,1218
2019-09-06T19:00:00+09:00,J1,723,849,1572
2019-09-06T19:00:00+09:00,J2,528,319,847
2019-09-06T19:00:00+09:00,J3,822,718,1540
2019-09-06T19:00:00+09:00,J4,601,446,1047
2019-09-06T19:15:00+09:00,J1,665,896,1561
2019-09-06T19:15:00+09:00,J2,414,307,721
2019-09-06T19:15:00+09:00,J3,752,664,1416
2019-09-06T19:15:00+09:00,J4,657,430,1087
2019-09-06T19:30:00+09:00,J1,572,803,1375
2019-09-06T19:30:00+09:00,J2,429,309,738
2019-09-06T19:30:00+09:00,J3,658,641,1299
2019-09-06T19:30:00+09:00,J4,572,385,957
2019-09-06T19:45:00+09:00,J1,569,724,1293
2019-09-06T19:45:00+09:00,J2,362,267,629
2019-09-06T19:45:00+09:00,J3,668,538,1206
2019-09-06T19:45:00+09:00,J4,479,386,865
2019-09-06T20:00:00+09:00,J1,525,710,1235
2019-09-06T20:00:00+09:00,J2,349,264,613
2019-09-06T20:00:00+09:00,J3,625,593,1218
2019-09-06T20:00:00+09:00,J4,452,382,834
2019-09-06T20:15:00+09:00,J1,599,784,1383
2019-09-06T20:15:00+09:00,J2,401,299,700
2019-09-06T20:15:00+09:00,J3,641,511,1152
2019-09-06T20:15:00+09:00,J4,502,413,915
2019-09-06T20:30:00+09:00,J1,547,692,1239
2019-09-06T20:30:00+09:00,J2,392,296,688
2019-09-06T20:30:00+09:00,J3,550,521,1071
2019-09-06T20:30:00+09:00,J4,550,419,969
2019-09-06T20:45:00+09:00,J1,542,607,1149
2019-09-06T20:45:00+09:00,J2,376,297,673
2019-09-06T20:45:00+09:00,J3,574,473,1047
2019-09-06T20:45:00+09:00,J4,448,360,808
2019-09-06T21:00:00+09:00,J1,525,709,1234
2019-09-06T21:00:00+09:00,J2,331,247,578
2019-09-06T21:00:00+09:00,J3,603,547,1150
2019-09-06T21:00:00+09:00,J4,506,322,828
2019-09-06T21:15:00+09:00,J1,548,757,1305
2019-09-06T21:15:00+09:00,J2,311,275,586
2019-09-06T21:15:00+09:00,J3,559,500,1059
2019-09-06T21:15:00+09:00,J4,565,360,925
2019-09-06T21:30:00+09:00,J1,502,604,1106
2019-09-06T21:30:00+09:00,J2,297,253,550
2019-09-06T21:30:00+09:00,J3,475,508,983
2019-09-06T21:30:00+09:00,J4,425,341,766
2019-09-06T21:45:00+09:00,J1,466,535,1001
2019-09-06T21:45:00+09:00,J2,297,264,561
2019-09-06T21:45:00+09:00,J3,457,455,912
2019-09-06T21:45:00+09:00,J4,418,344,762
2019-09-06T22:00:00+09:00,J1,469,589,1058
2019-09-06T22:00:00+09:00,J2,281,267,548
2019-09-06T22:00:00+09:00,J3,464,490,954
2019-09-06T22:00:00+09:00,J4,473,365,838
2019-09-06T22:15:00+09:00,J1,392,536,928
2019-09-06T22:15:00+09:00,J2,267,231,498
2019-09-06T22:15:00+09:00,J3,487,484,971
2019-09-06T22:15:00+09:00,J4,454,362,816
2019-09-06T22:30:00+09:00,J1,384,481,865
2019-09-06T22:30:00+09:00,J2,221,201,422
2019-09-06T22:30:00+09:00,J3,387,442,829
2019-09-06T22:30:00+09:00,J4,438,406,844
2019-09-06T22:45:00+09:00,J1,355,441,796
2019-09-06T22:45:00+09:00,J2,230,223,453
2019-09-06T22:45:00+09:00,J3,377,389,766
2019-09-06T22:45:00+09:00,J4,369,365,734
2019-09-06T23:00:00+09:00,J1,345,397,742
2019-09-06T23:00:00+09:00,J2,190,196,386
2019-09-06T23:00:00+09:00,J3,386,365,751
2019-09-06T23:00:00+09:00,J4,360,280,640
2019-09-06T23:15:00+09:00,J1,329,411,740
2019-09-06T23:15:00+09:00,J2,188,230,418
2019-09-06T23:15:00+09:00,J3,390,360,750
2019-09-06T23:15:00+09:00,J4,339,307,646
2019-09-06T23:30:00+09:00,J1,298,390,688
2019-09-06T23:30:00+09:00,J2,177,230,407
2019-09-06T23:30:00+09:00,J3,349,395,744
2019-09-06T23:30:00+09:00,J4,282,300,582
2019-09-06T23:45:00+09:00,J1,259,326,585
2019-09-06T23:45:00+09:00,J2,236,195,431
2019-09-06T23:45:00+09:00,J3,384,368,752
2019-09-06T23:45:00+09:00,J4,383,338,721
2019-09-07T00:00:00+09:00,J1,216,241,457
2019-09-07T00:00:00+09:00,J2,125,131,256
2019-09-07T00:00:00+09:00,J3,321,301,622
2019-09-07T00:00:00+09:00,J4,275,271,546
2019-09-07T00:15:00+09:00,J1,197,202,399
2019-09-07T00:15:00+09:00,J2,128,155,283
2019-09-07T00:15:00+09:00,J3,289,324,613
2019-09-07T00:15:00+09:00,J4,241,211,452
2019-09-07T00:30:00+09:00,J1,145,162,307
2019-09-07T00:30:00+09:00,J2,186,222,408
2019-09-07T00:30:00+09:00,J3,306,341,647
2019-09-07T00:30:00+09:00,J4,222,212,434
2019-09-07T00:45:00+09:00,J1,108,173,281
2019-09-07T00:45:00+09:00,J2,169,210,379
2019-09-07T00:45:00+09:00,J3,362,338,700
2019-09-07T00:45:00+09:00,J4,284,260,544
2019-09-07T05:45:00+09:00,J1,277,276,553
2019-09-07T05:45:00+09:00,J2,199,132,331
2019-09-07T05:45:00+09:00,J3,342,310,652
2019-09-07T05:45:00+09:00,J4,480,561,1041
2019-09-07T06:00:00+09:00,J1,318,292,610
2019-09-07T06:00:00+09:00,J2,201,169,370
2019-09-07T06:00:00+09:00,J3,385,378,763
2019-09-07T06:00:00+09:00,J4,489,562,1051
2019-09-07T06:15:00+09:00,J1,276,280,556
2019-09-07T06:15:00+09:00,J2,196,161,357
2019-09-07T06:15:00+09:00,J3,401,343,744
2019-09-07T06:15:00+09:00,J4,430,464,894
2019-09-07T06:30:00+09:00,J1,311,319,630
2019-09-07T06:30:00+09:00,J2,216,216,432
2019-09-07T06:30:00+09:00,J3,411,317,728
2019-09-07T06:30:00+09:00,J4,365,358,723
2019-09-07T06:45:00+09:00,J1,282,285,567
2019-09-07T06:45:00+09:00,J2,199,173,372
2019-09-07T06:45:00+09:00,J3,454,375,829
2019-09-07T06:45:00+09:00,J4,405,348,753
2019-09-07T07:00:00+09:00,J1,324,267,591
2019-09-07T07:00:00+09:00,J2,244,187,431
2019-09-07T07:00:00+09:00,J3,381,397,778
2019-09-07T07:00:00+09:00,J4,379,381,760
2019-09-07T07:15:00+09:00,J1,361,318,679
2019-09-07T07:15:00+09:00,J2,247,187,434
2019-09-07T07:15:00+09:00,J3,368,394,762
2019-09-07T07:15:00+09:00,J4,342,361,703
2019-09-07T07:30:00+09:00,J1,362,305,667
2019-09-07T07:30:00+09:00,J2,278,188,466
2019-09-07T07:30:00+09:00,J3,371,390,761
2019-09-07T07:30:00+09:00,J4,258,372,630
2019-09-07T07:45:00+09:00,J1,313,304,617
2019-09-07T07:45:00+09:00,J2,223,203,426
2019-09-07T07:45:00+09:00,J3,300,355,655
2019-09-07T07:45:00+09:00,J4,324,350,674
2019-09-07T08:00:00+09:00,J1,435,377,812
2019-09-07T08:00:00+09:00,J2,307,321,628
2019-09-07T08:00:00+09:00,J3,412,470,882
2019-09-07T08:00:00+09:00,J4,225,294,519
2019-09-07T08:15:00+09:00,J1,507,392,899
2019-09-07T08:15:00+09:00,J2,365,242,607
2019-09-07T08:15:00+09:00,J3,518,452,970
2019-09-07T08:15:00+09:00,J4,246,319,565
2019-09-07T08:30:00+09:00,J1,490,357,847
2019-09-07T08:30:00+09:00,J2,312,245,557
2019-09-07T08:30:00+09:00,J3,482,502,984
2019-09-07T08:30:00+09:00,J4,239,310,549
2019-09-07T08:45:00+09:00,J1,427,310,737
2019-09-07T08:45:00+09:00,J2,333,281,614
2019-09-07T08:45:00+09:00,J3,489,473,962
2019-09-07T08:45:00+09:00,J4,250,292,542
2019-09-07T09:00:00+09:00,J1,418,311,729
2019-09-07T09:00:00+09:00,J2,306,262,568
2019-09-07T09:00:00+09:00,J3,486,471,957
2019-09-07T09:00:00+09:00,J4,274,304,578
2019-09-07T09:15:00+09:00,J1,421,336,757
2019-09-07T09:15:00+09:00,J2,283,235,518
2019-09-07T09:15:00+09:00,J3,637,628,1265
2019-09-07T09:15:00+09:00,J4,402,431,833
2019-09-07T09:30:00+09:00,J1,474,389,863
2019-09-07T09:30:00+09:00,J2,246,234,480
2019-09-07T09:30:00+09:00,J3,753,680,1433
2019-09-07T09:30:00+09:00,J4,512,477,989
2019-09-07T09:45:00+09:00,J1,505,399,904
2019-09-07T09:45:00+09:00,J2,273,216,489
2019-09-07T09:45:00+09:00,J3,726,675,1401
2019-09-07T09:45:00+09:00,J4,542,497,1039
2019-09-07T10:00:00+09:00,J1,497,419,916
2019-09-07T10:00:00+09:00,J2,298,287,585
2019-09-07T10:00:00+09:00,J3,543,470,1013
2019-09-07T10:00:00+09:00,J4,409,394,803
2019-09-07T10:15:00+09:00,J1,555,476,1031
2019-09-07T10:15:00+09:00,J2,335,270,605
2019-09-07T10:15:00+09:00,J3,551,580,1131
2019-09-07T10:15:00+09:00,J4,306,313,619
2019-09-07T10:30:00+09:00,J1,514,455,969
2019-09-07T10:30:00+09:00,J2,278,250,528
2019-09-07T10:30:00+09:00,J3,491,519,1010
2019-09-07T10:30:00+09:00,J4,294,340,634
2019-09-07T10:45:00+09:00,J1,556,513,1069
2019-09-07T10:45:00+09:00,J2,369,231,600
2019-09-07T10:45:00+09:00,J3,470,508,978
2019-09-07T10:45:00+09:00,J4,402,320,722
2019-09-07T11:00:00+09:00,J1,578,513,1091
2019-09-07T11:00:00+09:00,J2,354,227,581
2019-09-07T11:00:00+09:00,J3,463,502,965
2019-09-07T11:00:00+09:00,J4,391,281,672
2019-09-07T11:15:00+09:00,J1,617,567,1184
2019-09-07T11:15:00+09:00,J2,405,248,653
2019-09-07T11:15:00+09:00,J3,511,534,1045
2019-09-07T11:15:00+09:00,J4,466,373,839
2019-09-07T11:30:00+09:00,J1,688,592,1280
2019-09-07T11:30:00+09:00,J2,415,271,686
2019-09-07T11:30:00+09:00,J3,528,521,1049
2019-09-07T11:30:00+09:00,J4,553,531,1084
2019-09-07T11:45:00+09:00,J1,619,547,1166
2019-09-07T11:45:00+09:00,J2,328,220,548
2019-09-07T11:45:00+09:00,J3,494,611,1105
2019-09-07T11:45:00+09:00,J4,529,441,970
2019-09-07T12:00:00+09:00,J1,660,606,1266
2019-09-07T12:00:00+09:00,J2,372,250,622
2019-09-07T12:00:00+09:00,J3,633,641,1274
2019-09-07T12:00:00+09:00,J4,398,344,742
2019-09-07T12:15:00+09:00,J1,609,592,1201
2019-09-07T12:15:00+09:00,J2,393,270,663
2019-09-07T12:15:00+09:00,J3,584,638,1222
2019-09-07T12:15:00+09:00,J4,444,425,869
2019-09-07T12:30:00+09:00,J1,569,601,1170
2019-09-07T12:30:00+09:00,J2,369,359,728
2019-09-07T12:30:00+09:00,J3,640,672,1312
2019-09-07T12:30:00+09:00,J4,599,493,1092
2019-09-07T12:45:00+09:00,J1,581,650,1231
2019-09-07T12:45:00+09:00,J2,430,281,711
2019-09-07T12:45:00+09:00,J3,634,713,1347
2019-09-07T12:45:00+09:00,J4,572,460,1032
2019-09-07T13:00:00+09:00,J1,698,707,1405
2019-09-07T13:00:00+09:00,J2,365,277,642
2019-09-07T13:00:00+09:00,J3,639,661,1300
2019-09-07T13:00:00+09:00,J4,430,394,824
2019-09-07T13:15:00+09:00,J1,674,691,1365
2019-09-07T13:15:00+09:00,J2,359,287,646
2019-09-07T13:15:00+09:00,J3,640,657,1297
2019-09-07T13:15:00+09:00,J4,434,352,786
2019-09-07T13:30:00+09:00,J1,694,699,1393
2019-09-07T13:30:00+09:00,J2,390,284,674
2019-09-07T13:30:00+09:00,J3,661,735,1396
2019-09-07T13:30:00+09:00,J4,476,354,830
2019-09-07T13:45:00+09:00,J1,602,645,1247
2019-09-07T13:45:00+09:00,J2,378,250,628
2019-09-07T13:45:00+09:00,J3,687,769,1456
2019-09-07T13:45:00+09:00,J4,536,420,956
2019-09-07T14:00:00+09:00,J1,599,612,1211
2019-09-07T14:00:00+09:00,J2,422,301,723
2019-09-07T14:00:00+09:00,J3,650,718,1368
2019-09-07T14:00:00+09:00,J4,602,522,1124
2019-09-07T14:15:00+09:00,J1,666,766,1432
2019-09-07T14:15:00+09:00,J2,400,317,717
2019-09-07T14:15:00+09:00,J3,644,709,1353
2019-09-07T14:15:00+09:00,J4,494,453,947
2019-09-07T14:30:00+09:00,J1,750,746,1496
2019-09-07T14:30:00+09:00,J2,361,398,759
2019-09-07T14:30:00+09:00,J3,675,700,1375
2019-09-07T14:30:00+09:00,J4,425,387,812
2019-09-07T14:45:00+09:00,J1,663,669,1332
2019-09-07T14:45:00+09:00,J2,343,273,616
2019-09-07T14:45:00+09:00,J3,663,706,1369
2019-09-07T14:45:00+09:00,J4,436,344,780
2019-09-07T15:00:00+09:00,J1,654,710,1364
2019-09-07T15:00:00+09:00,J2,367,245,612
2019-09-07T15:00:00+09:00,J3,648,734,1382
2019-09-07T15:00:00+09:00,J4,414,341,755
2019-09-07T15:15:00+09:00,J1,574,731,1305
2019-09-07T15:15:00+09:00,J2,380,263,643
2019-09-07T15:15:00+09:00,J3,598,651,1249
2019-09-07T15:15:00+09:00,J4,460,363,823
2019-09-07T15:30:00+09:00,J1,640,606,1246
2019-09-07T15:30:00+09:00,J2,453,268,721
2019-09-07T15:30:00+09:00,J3,618,695,1313
2019-09-07T15:30:00+09:00,J4,526,445,971
2019-09-07T15:45:00+09:00,J1,553,678,1231
2019-09-07T15:45:00+09:00,J2,491,265,756
2019-09-07T15:45:00+09:00,J3,606,707,1313
2019-09-07T15:45:00+09:00,J4,418,338,756
2019-09-07T16:00:00+09:00,J1,616,665,1281
2019-09-07T16:00:00+09:00,J2,476,303,779
2019-09-07T16:00:00+09:00,J3,591,640,1231
2019-09-07T16:00:00+09:00,J4,432,339,771
2019-09-07T16:15:00+09:00,J1,686,689,1375
2019-09-07T16:15:00+09:00,J2,503,240,743
2019-09-07T16:15:00+09:00,J3,574,684,1258
2019-09-07T16:15:00+09:00,J4,409,329,738
2019-09-07T16:30:00+09:00,J1,576,620,1196
2019-09-07T16:30:00+09:00,J2,457,249,706
2019-09-07T16:30:00+09:00,J3,682,671,1353
2019-09-07T16:30:00+09:00,J4,428,361,789
2019-09-07T16:45:00+09:00,J1,554,561,1115
2019-09-07T16:45:00+09:00,J2,440,241,681
2019-09-07T16:45:00+09:00,J3,629,705,1334
2019-09-07T16:45:00+09:00,J4,477,414,891
2019-09-07T17:00:00+09:00,J1,609,600,1209
2019-09-07T17:00:00+09:00,J2,467,245,712
2019-09-07T17:00:00+09:00,J3,661,690,1351
2019-09-07T17:00:00+09:00,J4,547,458,1005
2019-09-07T17:15:00+09:00,J1,690,691,1381
2019-09-07T17:15:00+09:00,J2,523,207,730
2019-09-07T17:15:00+09:00,J3,700,718,1418
2019-09-07T17:15:00+09:00,J4,507,353,860
2019-09-07T17:30:00+09:00,J1,659,590,1249
2019-09-07T17:30:00+09:00,J2,441,235,676
2019-09-07T17:30:00+09:00,J3,665,729,1394
2019-09-07T17:30:00+09:00,J4,434,357,791
2019-09-07T17:45:00+09:00,J1,568,557,1125
2019-09-07T17:45:00+09:00,J2,415,175,590
2019-09-07T17:45:00+09:00,J3,649,646,1295
2019-09-07T17:45:00+09:00,J4,388,320,708
2019-09-07T18:00:00+09:00,J1,628,657,1285
2019-09-07T18:00:00+09:00,J2,426,190,616
2019-09-07T18:00:00+09:00,J3,619,617,1236
2019-09-07T18:00:00+09:00,J4,402,283,685
2019-09-07T18:15:00+09:00,J1,611,632,1243
2019-09-07T18:15:00+09:00,J2,510,221,731
2019-09-07T18:15:00+09:00,J3,772,685,1457
2019-09-07T18:15:00+09:00,J4,500,324,824
2019-09-07T18:30:00+09:00,J1,533,552,1085
2019-09-07T18:30:00+09:00,J2,376,211,587
2019-09-07T18:30:00+09:00,J3,617,597,1214
2019-09-07T18:30:00+09:00,J4,495,403,898
2019-09-07T18:45:00+09:00,J1,526,506,1032
2019-09-07T18:45:00+09:00,J2,398,232,630
2019-09-07T18:45:00+09:00,J3,580,604,1184
2019-09-07T18:45:00+09:00,J4,524,403,927
2019-09-07T19:00:00+09:00,J1,397,487,884
2019-09-07T19:00:00+09:00,J2,373,225,598
2019-09-07T19:00:00+09:00,J3,552,580,1132
2019-09-07T19:00:00+09:00,J4,485,330,815
2019-09-07T19:15:00+09:00,J1,414,455,869
2019-09-07T19:15:00+09:00,J2,277,209,486
2019-09-07T19:15:00+09:00,J3,549,587,1136
2019-09-07T19:15:00+09:00,J4,478,294,772
2019-09-07T19:30:00+09:00,J1,349,426,775
2019-09-07T19:30:00+09:00,J2,262,187,449
2019-09-07T19:30:00+09:00,J3,580,549,1129
2019-09-07T19:30:00+09:00,J4,354,272,626
2019-09-07T19:45:00+09:00,J1,370,395,765
2019-09-07T19:45:00+09:00,J2,216,190,406
2019-09-07T19:45:00+09:00,J3,482,541,1023
2019-09-07T19:45:00+09:00,J4,365,287,652
2019-09-07T20:00:00+09:00,J1,329,412,741
2019-09-07T20:00:00+09:00,J2,211,161,372
2019-09-07T20:00:00+09:00,J3,559,571,1130
2019-09-07T20:00:00+09:00,J4,301,251,552
2019-09-07T20:15:00+09:00,J1,332,376,708
2019-09-07T20:15:00+09:00,J2,235,176,411
2019-09-07T20:15:00+09:00,J3,500,586,1086
2019-09-07T20:15:00+09:00,J4,295,257,552
2019-09-07T20:30:00+09:00,J1,350,368,718
2019-09-07T20:30:00+09:00,J2,186,152,338
2019-09-07T20:30:00+09:00,J3,505,563,1068
2019-09-07T20:30:00+09:00,J4,335,255,590
2019-09-07T20:45:00+09:00,J1,314,342,656
2019-09-07T20:45:00+09:00,J2,230,206,436
2019-09-07T20:45:00+09:00,J3,518,504,1022
2019-09-07T20:45:00+09:00,J4,350,281,631
2019-09-07T21:00:00+09:00,J1,366,364,730
2019-09-07T21:00:00+09:00,J2,239,211,450
2019-09-07T21:00:00+09:00,J3,352,357,709
2019-09-07T21:00:00+09:00,J4,381,305,686
2019-09-07T21:15:00+09:00,J1,357,403,760
2019-09-07T21:15:00+09:00,J2,282,200,482
2019-09-07T21:15:00+09:00,J3,360,362,722
2019-09-07T21:15:00+09:00,J4,378,267,645
2019-09-07T21:30:00+09:00,J1,307,323,630
2019-09-07T21:30:00+09:00,J2,233,218,451
2019-09-07T21:30:00+09:00,J3,350,321,671
2019-09-07T21:30:00+09:00,J4,320,243,563
2019-09-07T21:45:00+09:00,J1,295,279,574
2019-09-07T21:45:00+09:00,J2,237,167,404
2019-09-07T21:45:00+09:00,J3,346,312,658
2019-09-07T21:45:00+09:00,J4,266,263,529
2019-09-07T22:00:00+09:00,J1,250,289,539
2019-09-07T22:00:00+09:00,J2,218,208,426
2019-09-07T22:00:00+09:00,J3,367,308,675
2019-09-07T22:00:00+09:00,J4,304,272,576
2019-09-07T22:15:00+09:00,J1,245,278,523
2019-09-07T22:15:00+09:00,J2,183,173,356
2019-09-07T22:15:00+09:00,J3,330,359,689
2019-09-07T22:15:00+09:00,J4,273,261,534
2019-09-07T22:30:00+09:00,J1,239,292,531
2019-09-07T22:30:00+09:00,J2,220,208,428
2019-09-07T22:30:00+09:00,J3,310,339,649
2019-09-07T22:30:00+09:00,J4,323,305,628
2019-09-07T22:45:00+09:00,J1,197,304,501
2019-09-07T22:45:00+09:00,J2,230,229,459
2019-09-07T22:45:00+09:00,J3,341,359,700
2019-09-07T22:45:00+09:00,J4,318,303,621
2019-09-07T23:00:00+09:00,J1,221,277,498
2019-09-07T23:00:00+09:00,J2,256,173,429
2019-09-07T23:00:00+09:00,J3,327,391,718
2019-09-07T23:00:00+09:00,J4,285,257,542
2019-09-07T23:15:00+09:00,J1,260,314,574
2019-09-07T23:15:00+09:00,J2,226,223,449
2019-09-07T23:15:00+09:00,J3,354,412,766
2019-09-07T23:15:00+09:00,J4,283,249,532
2019-09-07T23:30:00+09:00,J1,237,333,570
2019-09-07T23:30:00+09:00,J2,207,174,381
2019-09-07T23:30:00+09:00,J3,351,402,753
2019-09-07T23:30:00+09:00,J4,257,241,498
2019-09-07T23:45:00+09:00,J1,223,239,462
2019-09-07T23:45:00+09:00,J2,250,175,425
2019-09-07T23:45:00+09:00,J3,312,318,630
2019-09-07T23:45:00+09:00,J4,242,249,491
2019-09-08T00:00:00+09:00,J1,145,165,310
2019-09-08T00:00:00+09:00,J2,196,179,375
2019-09-08T00:00:00+09:00,J3,284,248,532
2019-09-08T00:00:00+09:00,J4,203,174,377
2019-09-08T00:15:00+09:00,J1,140,168,308
2019-09-08T00:15:00+09:00,J2,167,178,345
2019-09-08T00:15:00+09:00,J3,240,344,584
2019-09-08T00:15:00+09:00,J4,183,192,375
2019-09-08T00:30:00+09:00,J1,175,166,341
2019-09-08T00:30:00+09:00,J2,201,165,366
2019-09-08T00:30:00+09:00,J3,231,376,607
2019-09-08T00:30:00+09:00,J4,136,175,311
2019-09-08T00:45:00+09:00,J1,193,183,376
2019-09-08T00:45:00+09:00,J2,224,130,354
2019-09-08T00:45:00+09:00,J3,345,345,690
2019-09-08T00:45:00+09:00,J4,156,176,332
2019-09-08T05:45:00+09:00,J1,186,194,380
2019-09-08T05:45:00+09:00,J2,128,109,237
2019-09-08T05:45:00+09:00,J3,320,292,612
2019-09-08T05:45:00+09:00,J4,393,449,842
2019-09-08T06:00:00+09:00,J1,180,232,412
2019-09-08T06:00:00+09:00,J2,180,145,325
2019-09-08T06:00:00+09:00,J3,411,331,742
2019-09-08T06:00:00+09:00,J4,218,277,495
2019-09-08T06:15:00+09:00,J1,154,211,365
2019-09-08T06:15:00+09:00,J2,178,114,292
2019-09-08T06:15:00+09:00,J3,433,361,794
2019-09-08T06:15:00+09:00,J4,360,364,724
2019-09-08T06:30:00+09:00,J1,197,224,421
2019-09-08T06:30:00+09:00,J2,183,162,345
2019-09-08T06:30:00+09:00,J3,407,324,731
2019-09-08T06:30:00+09:00,J4,303,383,686
2019-09-08T06:45:00+09:00,J1,234,247,481
2019-09-08T06:45:00+09:00,J2,242,129,371
2019-09-08T06:45:00+09:00,J3,371,344,715
2019-09-08T06:45:00+09:00,J4,216,240,456
2019-09-08T07:00:00+09:00,J1,246,251,497
2019-09-08T07:00:00+09:00,J2,183,205,388
2019-09-08T07:00:00+09:00,J3,329,416,745
2019-09-08T07:00:00+09:00,J4,282,297,579
2019-09-08T07:15:00+09:00,J1,268,249,517
2019-09-08T07:15:00+09:00,J2,258,217,475
2019-09-08T07:15:00+09:00,J3,388,378,766
2019-09-08T07:15:00+09:00,J4,313,362,675
2019-09-08T07:30:00+09:00,J1,283,263,546
2019-09-08T07:30:00+09:00,J2,292,230,522
2019-09-08T07:30:00+09:00,J3,306,463,769
2019-09-08T07:30:00+09:00,J4,250,314,564
2019-09-08T07:45:00+09:00,J1,300,284,584
2019-09-08T07:45:00+09:00,J2,274,212,486
2019-09-08T07:45:00+09:00,J3,296,421,717
2019-09-08T07:45:00+09:00,J4,218,288,506
2019-09-08T08:00:00+09:00,J1,301,269,570
2019-09-08T08:00:00+09:00,J2,292,289,581
2019-09-08T08:00:00+09:00,J3,393,460,853
2019-09-08T08:00:00+09:00,J4,245,274,519
2019-09-08T08:15:00+09:00,J1,419,298,717
2019-09-08T08:15:00+09:00,J2,342,252,594
2019-09-08T08:15:00+09:00,J3,411,451,862
2019-09-08T08:15:00+09:00,J4,243,355,598
2019-09-08T08:30:00+09:00,J1,435,337,772
2019-09-08T08:30:00+09:00,J2,257,251,508
2019-09-08T08:30:00+09:00,J3,546,475,1021
2019-09-08T08:30:00+09:00,J4,234,349,583
2019-09-08T08:45:00+09:00,J1,414,303,717
2019-09-08T08:45:00+09:00,J2,256,273,529
2019-09-08T08:45:00+09:00,J3,515,461,976
2019-09-08T08:45:00+09:00,J4,202,297,499
2019-09-08T09:00:00+09:00,J1,424,376,800
2019-09-08T09:00:00+09:00,J2,216,212,428
2019-09-08T09:00:00+09:00,J3,437,515,952
2019-09-08T09:00:00+09:00,J4,298,324,622
2019-09-08T09:15:00+09:00,J1,470,352,822
2019-09-08T09:15:00+09:00,J2,227,207,434
2019-09-08T09:15:00+09:00,J3,519,532,1051
2019-09-08T09:15:00+09:00,J4,254,275,529
2019-09-08T09:30:00+09:00,J1,473,406,879
2019-09-08T09:30:00+09:00,J2,239,222,461
2019-09-08T09:30:00+09:00,J3,454,519,973
2019-09-08T09:30:00+09:00,J4,309,353,662
2019-09-08T09:45:00+09:00,J1,495,402,897
2019-09-08T09:45:00+09:00,J2,325,251,576
2019-09-08T09:45:00+09:00,J3,476,532,1008
2019-09-08T09:45:00+09:00,J4,294,337,631
2019-09-08T10:00:00+09:00,J1,413,376,789
2019-09-08T10:00:00+09:00,J2,282,231,513
2019-09-08T10:00:00+09:00,J3,583,536,1119
2019-09-08T10:00:00+09:00,J4,325,362,687
2019-09-08T10:15:00+09:00,J1,500,393,893
2019-09-08T10:15:00+09:00,J2,370,242,612
2019-09-08T10:15:00+09:00,J3,616,639,1255
2019-09-08T10:15:00+09:00,J4,289,342,631
2019-09-08T10:30:00+09:00,J1,503,445,948
2019-09-08T10:30:00+09:00,J2,393,253,646
2019-09-08T10:30:00+09:00,J3,760,761,1521
2019-09-08T10:30:00+09:00,J4,375,354,729
2019-09-08T10:45:00+09:00,J1,609,476,1085
2019-09-08T10:45:00+09:00,J2,390,224,614
2019-09-08T10:45:00+09:00,J3,548,626,1174
2019-09-08T10:45:00+09:00,J4,369,369,738
2019-09-08T11:00:00+09:00,J1,592,542,1134
2019-09-08T11:00:00+09:00,J2,419,191,610
2019-09-08T11:00:00+09:00,J3,657,614,1271
2019-09-08T11:00:00+09:00,J4,389,367,756
2019-09-08T11:15:00+09:00,J1,585,550,1135
2019-09-08T11:15:00+09:00,J2,413,250,663
2019-09-08T11:15:00+09:00,J3,662,690,1352
2019-09-08T11:15:00+09:00,J4,372,345,717
2019-09-08T11:30:00+09:00,J1,624,631,1255
2019-09-08T11:30:00+09:00,J2,320,283,603
2019-09-08T11:30:00+09:00,J3,562,718,1280
2019-09-08T11:30:00+09:00,J4,434,365,799
2019-09-08T11:45:00+09:00,J1,724,705,1429
2019-09-08T11:45:00+09:00,J2,420,354,774
2019-09-08T11:45:00+09:00,J3,638,657,1295
2019-09-08T11:45:00+09:00,J4,417,399,816
2019-09-08T12:00:00+09:00,J1,665,627,1292
2019-09-08T12:00:00+09:00,J2,427,333,760
2019-09-08T12:00:00+09:00,J3,609,683,1292
2019-09-08T12:00:00+09:00,J4,380,345,725
2019-09-08T12:15:00+09:00,J1,710,692,1402
2019-09-08T12:15:00+09:00,J2,461,344,805
2019-09-08T12:15:00+09:00,J3,606,755,1361
2019-09-08T12:15:00+09:00,J4,466,359,825
2019-09-08T12:30:00+09:00,J1,672,737,1409
2019-09-08T12:30:00+09:00,J2,421,290,711
2019-09-08T12:30:00+09:00,J3,619,745,1364
2019-09-08T12:30:00+09:00,J4,556,443,999
2019-09-08T12:45:00+09:00,J1,676,783,1459
2019-09-08T12:45:00+09:00,J2,390,350,740
2019-09-08T12:45:00+09:00,J3,729,793,1522
2019-09-08T12:45:00+09:00,J4,635,483,1118
2019-09-08T13:00:00+09:00,J1,617,737,1354
2019-09-08T13:00:00+09:00,J2,428,322,750
2019-09-08T13:00:00+09:00,J3,641,707,1348
2019-09-08T13:00:00+09:00,J4,477,419,896
2019-09-08T13:15:00+09:00,J1,706,715,1421
2019-09-08T13:15:00+09:00,J2,371,348,719
2019-09-08T13:15:00+09:00,J3,724,851,1575
2019-09-08T13:15:00+09:00,J4,471,404,875
2019-09-08T13:30:00+09:00,J1,645,712,1357
2019-09-08T13:30:00+09:00,J2,401,372,773
2019-09-08T13:30:00+09:00,J3,706,783,1489
2019-09-08T13:30:00+09:00,J4,449,382,831
2019-09-08T13:45:00+09:00,J1,629,699,1328
2019-09-08T13:45:00+09:00,J2,347,346,693
2019-09-08T13:45:00+09:00,J3,771,794,1565
2019-09-08T13:45:00+09:00,J4,443,396,839
2019-09-08T14:00:00+09:00,J1,611,695,1306
2019-09-08T14:00:00+09:00,J2,420,298,718
2019-09-08T14:00:00+09:00,J3,909,774,1683
2019-09-08T14:00:00+09:00,J4,427,356,783
2019-09-08T14:15:00+09:00,J1,593,701,1294
2019-09-08T14:15:00+09:00,J2,453,281,734
2019-09-08T14:15:00+09:00,J3,817,788,1605
2019-09-08T14:15:00+09:00,J4,468,383,851
2019-09-08T14:30:00+09:00,J1,602,795,1397
2019-09-08T14:30:00+09:00,J2,512,245,757
2019-09-08T14:30:00+09:00,J3,825,816,1641
2019-09-08T14:30:00+09:00,J4,518,399,917
2019-09-08T14:45:00+09:00,J1,672,725,1397
2019-09-08T14:45:00+09:00,J2,483,314,797
2019-09-08T14:45:00+09:00,J3,793,777,1570
2019-09-08T14:45:00+09:00,J4,459,324,783
2019-09-08T15:00:00+09:00,J1,692,906,1598
2019-09-08T15:00:00+09:00,J2,449,393,842
2019-09-08T15:00:00+09:00,J3,706,729,1435
2019-09-08T15:00:00+09:00,J4,496,401,897
2019-09-08T15:15:00+09:00,J1,668,797,1465
2019-09-08T15:15:00+09:00,J2,393,373,766
2019-09-08T15:15:00+09:00,J3,728,739,1467
2019-09-08T15:15:00+09:00,J4,627,455,1082
2019-09-08T15:30:00+09:00,J1,701,749,1450
2019-09-08T15:30:00+09:00,J2,445,356,801
2019-09-08T15:30:00+09:00,J3,642,716,1358
2019-09-08T15:30:00+09:00,J4,600,489,1089
2019-09-08T15:45:00+09:00,J1,667,720,1387
2019-09-08T15:45:00+09:00,J2,430,259,689
2019-09-08T15:45:00+09:00,J3,705,717,1422
2019-09-08T15:45:00+09:00,J4,471,447,918
2019-09-08T16:00:00+09:00,J1,672,757,1429
2019-09-08T16:00:00+09:00,J2,487,359,846
2019-09-08T16:00:00+09:00,J3,711,822,1533
2019-09-08T16:00:00+09:00,J4,504,427,931
2019-09-08T16:15:00+09:00,J1,627,772,1399
2019-09-08T16:15:00+09:00,J2,445,380,825
2019-09-08T16:15:00+09:00,J3,659,741,1400
2019-09-08T16:15:00+09:00,J4,509,347,856
2019-09-08T16:30:00+09:00,J1,604,609,1213
2019-09-08T16:30:00+09:00,J2,442,277,719
2019-09-08T16:30:00+09:00,J3,687,652,1339
2019-09-08T16:30:00+09:00,J4,422,334,756
2019-09-08T16:45:00+09:00,J1,665,652,1317
2019-09-08T16:45:00+09:00,J2,376,258,634
2019-09-08T16:45:00+09:00,J3,699,720,1419
2019-09-08T16:45:00+09:00,J4,398,344,742
2019-09-08T17:00:00+09:00,J1,600,670,1270
2019-09-08T17:00:00+09:00,J2,390,329,719
2019-09-08T17:00:00+09:00,J3,755,811,1566
2019-09-08T17:00:00+09:00,J4,434,310,744
2019-09-08T17:15:00+09:00,J1,554,544,1098
2019-09-08T17:15:00+09:00,J2,367,310,677
2019-09-08T17:15:00+09:00,J3,557,582,1139
2019-09-08T17:15:00+09:00,J4,389,311,700
2019-09-08T17:30:00+09:00,J1,519,500,1019
2019-09-08T17:30:00+09:00,J2,402,368,770
2019-09-08T17:30:00+09:00,J3,483,558,1041
2019-09-08T17:30:00+09:00,J4,375,331,706
2019-09-08T17:45:00+09:00,J1,403,429,832
2019-09-08T17:45:00+09:00,J2,392,244,636
2019-09-08T17:45:00+09:00,J3,480,481,961
2019-09-08T17:45:00+09:00,J4,404,320,724
2019-09-08T18:00:00+09:00,J1,514,535,1049
2019-09-08T18:00:00+09:00,J2,399,256,655
2019-09-08T18:00:00+09:00,J3,521,513,1034
2019-09-08T18:00:00+09:00,J4,365,309,674
2019-09-08T18:15:00+09:00,J1,481,567,1048
2019-09-08T18:15:00+09:00,J2,399,258,657
2019-09-08T18:15:00+09:00,J3,589,566,1155
2019-09-08T18:15:00+09:00,J4,410,347,757
2019-09-08T18:30:00+09:00,J1,460,490,950
2019-09-08T18:30:00+09:00,J2,421,234,655
2019-09-08T18:30:00+09:00,J3,614,541,1155
2019-09-08T18:30:00+09:00,J4,354,371,725
2019-09-08T18:45:00+09:00,J1,456,443,899
2019-09-08T18:45:00+09:00,J2,329,274,603
2019-09-08T18:45:00+09:00,J3,633,567,1200
2019-09-08T18:45:00+09:00,J4,290,294,584
2019-09-08T19:00:00+09:00,J1,376,411,787
2019-09-08T19:00:00+09:00,J2,287,234,521
2019-09-08T19:00:00+09:00,J3,586,506,1092
2019-09-08T19:00:00+09:00,J4,313,253,566
2019-09-08T19:15:00+09:00,J1,397,492,889
2019-09-08T19:15:00+09:00,J2,295,247,542
2019-09-08T19:15:00+09:00,J3,599,536,1135
2019-09-08T19:15:00+09:00,J4,393,276,669
2019-09-08T19:30:00+09:00,J1,382,387,769
2019-09-08T19:30:00+09:00,J2,265,176,441
2019-09-08T19:30:00+09:00,J3,532,503,1035
2019-09-08T19:30:00+09:00,J4,403,315,718
2019-09-08T19:45:00+09:00,J1,301,365,666
2019-09-08T19:45:00+09:00,J2,233,241,474
2019-09-08T19:45:00+09:00,J3,447,520,967
2019-09-08T19:45:00+09:00,J4,308,289,597
2019-09-08T20:00:00+09:00,J1,328,393,721
2019-09-08T20:00:00+09:00,J2,242,220,462
2019-09-08T20:00:00+09:00,J3,517,510,1027
2019-09-08T20:00:00+09:00,J4,310,262,572
2019-09-08T20:15:00+09:00,J1,322,395,717
2019-09-08T20:15:00+09:00,J2,236,216,452
2019-09-08T20:15:00+09:00,J3,603,543,1146
2019-09-08T20:15:00+09:00,J4,322,265,587
2019-09-08T20:30:00+09:00,J1,372,386,758
2019-09-08T20:30:00+09:00,J2,202,197,399
2019-09-08T20:30:00+09:00,J3,535,486,1021
2019-09-08T20:30:00+09:00,J4,280,247,527
2019-09-08T20:45:00+09:00,J1,356,342,698
2019-09-08T20:45:00+09:00,J2,174,170,344
2019-09-08T20:45:00+09:00,J3,522,491,1013
2019-09-08T20:45:00+09:00,J4,315,216,531
2019-09-08T21:00:00+09:00,J1,306,358,664
2019-09-08T21:00:00+09:00,J2,269,288,557
2019-09-08T21:00:00+09:00,J3,329,324,653
2019-09-08T21:00:00+09:00,J4,373,257,630
2019-09-08T21:15:00+09:00,J1,267,317,584
2019-09-08T21:15:00+09:00,J2,207,219,426
2019-09-08T21:15:00+09:00,J3,334,340,674
2019-09-08T21:15:00+09:00,J4,371,306,677
2019-09-08T21:30:00+09:00,J1,289,289,578
2019-09-08T21:30:00+09:00,J2,215,190,405
2019-09-08T21:30:00+09:00,J3,332,307,639
2019-09-08T21:30:00+09:00,J4,366,373,739
2019-09-08T21:45:00+09:00,J1,234,256,490
2019-09-08T21:45:00+09:00,J2,196,206,402
2019-09-08T21:45:00+09:00,J3,308,329,637
2019-09-08T21:45:00+09:00,J4,370,319,689
2019-09-08T22:00:00+09:00,J1,212,250,462
2019-09-08T22:00:00+09:00,J2,185,164,349
2019-09-08T22:00:00+09:00,J3,289,350,639
2019-09-08T22:00:00+09:00,J4,389,319,708
2019-09-08T22:15:00+09:00,J1,204,285,489
2019-09-08T22:15:00+09:00,J2,139,169,308
2019-09-08T22:15:00+09:00,J3,343,337,680
2019-09-08T22:15:00+09:00,J4,298,266,564
2019-09-08T22:30:00+09:00,J1,220,238,458
2019-09-08T22:30:00+09:00,J2,193,205,398
2019-09-08T22:30:00+09:00,J3,273,286,559
2019-09-08T22:30:00+09:00,J4,445,339,784
2019-09-08T22:45:00+09:00,J1,210,220,430
2019-09-08T22:45:00+09:00,J2,194,213,407
2019-09-08T22:45:00+09:00,J3,273,317,590
2019-09-08T22:45:00+09:00,J4,353,357,710
2019-09-08T23:00:00+09:00,J1,195,228,423
2019-09-08T23:00:00+09:00,J2,163,159,322
2019-09-08T23:00:00+09:00,J3,273,312,585
2019-09-08T23:00:00+09:00,J4,317,335,652
2019-09-08T23:15:00+09:00,J1,199,228,427
2019-09-08T23:15:00+09:00,J2,179,178,357
2019-09-08T23:15:00+09:00,J3,237,326,563
2019-09-08T23:15:00+09:00,J4,342,306,648
2019-09-08T23:30:00+09:00,J1,198,218,416
2019-09-08T23:30:00+09:00,J2,194,201,395
2019-09-08T23:30:00+09:00,J3,260,289,549
2019-09-08T23:30:00+09:00,J4,427,367,794
2019-09-08T23:45:00+09:00,J1,177,164,341
2019-09-08T23:45:00+09:00,J2,167,179,346
2019-09-08T23:45:00+09:00,J3,269,264,533
2019-09-08T23:45:00+09:00,J4,316,277,593
2019-09-09T00:00:00+09:00,J1,174,154,328
2019-09-09T00:00:00+09:00,J2,148,170,318
2019-09-09T00:00:00+09:00,J3,241,252,493
2019-09-09T00:00:00+09:00,J4,270,261,531
2019-09-09T00:15:00+09:00,J1,145,134,279
2019-09-09T00:15:00+09:00,J2,99,140,239
2019-09-09T00:15:00+09:00,J3,248,250,498
2019-09-09T00:15:00+09:00,J4,217,211,428
2019-09-09T00:30:00+09:00,J1,154,146,300
2019-09-09T00:30:00+09:00,J2,171,197,368
2019-09-09T00:30:00+09:00,J3,271,238,509
2019-09-09T00:30:00+09:00,J4,167,120,287
2019-09-09T00:45:00+09:00,J1,132,155,287
2019-09-09T00:45:00+09:00,J2,171,173,344
2019-09-09T00:45:00+09:00,J3,246,296,542
2019-09-09T00:45:00+09:00,J4,153,167,320
2019-09-09T05:45:00+09:00,J1,205,190,395
2019-09-09T05:45:00+09:00,J2,183,154,337
2019-09-09T05:45:00+09:00,J3,312,333,645
2019-09-09T05:45:00+09:00,J4,270,260,530
2019-09-09T06:00:00+09:00,J1,207,236,443
2019-09-09T06:00:00+09:00,J2,192,134,326
2019-09-09T06:00:00+09:00,J3,255,300,555
2019-09-09T06:00:00+09:00,J4,177,190,367
2019-09-09T06:15:00+09:00,J1,198,210,408
2019-09-09T06:15:00+09:00,J2,211,146,357
2019-09-09T06:15:00+09:00,J3,270,327,597
2019-09-09T06:15:00+09:00,J4,179,257,436
2019-09-09T06:30:00+09:00,J1,203,221,424
2019-09-09T06:30:00+09:00,J2,279,193,472
2019-09-09T06:30:00+09:00,J3,281,325,606
2019-09-09T06:30:00+09:00,J4,202,244,446
2019-09-09T06:45:00+09:00,J1,237,202,439
2019-09-09T06:45:00+09:00,J2,223,168,391
2019-09-09T06:45:00+09:00,J3,292,319,611
2019-09-09T06:45:00+09:00,J4,233,267,500
2019-09-09T07:00:00+09:00,J1,248,202,450
2019-09-09T07:00:00+09:00,J2,279,195,474
2019-09-09T07:00:00+09:00,J3,365,383,748
2019-09-09T07:00:00+09:00,J4,212,235,447
2019-09-09T07:15:00+09:00,J1,323,232,555
2019-09-09T07:15:00+09:00,J2,343,233,576
2019-09-09T07:15:00+09:00,J3,388,387,775
2019-09-09T07:15:00+09:00,J4,227,346,573
2019-09-09T07:30:00+09:00,J1,519,313,832
2019-09-09T07:30:00+09:00,J2,337,227,564
2019-09-09T07:30:00+09:00,J3,742,551,1293
2019-09-09T07:30:00+09:00,J4,326,474,800
2019-09-09T07:45:00+09:00,J1,568,399,967
2019-09-09T07:45:00+09:00,J2,333,295,628
2019-09-09T07:45:00+09:00,J3,861,772,1633
2019-09-09T07:45:00+09:00,J4,528,823,1351
2019-09-09T08:00:00+09:00,J1,986,593,1579
2019-09-09T08:00:00+09:00,J2,438,373,811
2019-09-09T08:00:00+09:00,J3,728,781,1509
2019-09-09T08:00:00+09:00,J4,560,875,1435
2019-09-09T08:15:00+09:00,J1,1209,731,1940
2019-09-09T08:15:00+09:00,J2,381,375,756
2019-09-09T08:15:00+09:00,J3,844,975,1819
2019-09-09T08:15:00+09:00,J4,622,939,1561
2019-09-09T08:30:00+09:00,J1,1146,741,1887
2019-09-09T08:30:00+09:00,J2,497,271,768
2019-09-09T08:30:00+09:00,J3,778,1035,1813
2019-09-09T08:30:00+09:00,J4,505,868,1373
2019-09-09T08:45:00+09:00,J1,781,504,1285
2019-09-09T08:45:00+09:00,J2,324,256,580
2019-09-09T08:45:00+09:00,J3,576,820,1396
2019-09-09T08:45:00+09:00,J4,536,711,1247
2019-09-09T09:00:00+09:00,J1,656,454,1110
2019-09-09T09:00:00+09:00,J2,357,210,567
2019-09-09T09:00:00+09:00,J3,458,491,949
2019-09-09T09:00:00+09:00,J4,481,606,1087
2019-09-09T09:15:00+09:00,J1,596,469,1065
2019-09-09T09:15:00+09:00,J2,417,290,707
2019-09-09T09:15:00+09:00,J3,373,564,937
2019-09-09T09:15:00+09:00,J4,457,591,1048
2019-09-09T09:30:00+09:00,J1,637,476,1113
2019-09-09T09:30:00+09:00,J2,392,258,650
2019-09-09T09:30:00+09:00,J3,483,579,1062
2019-09-09T09:30:00+09:00,J4,360,472,832
2019-09-09T09:45:00+09:00,J1,541,457,998
2019-09-09T09:45:00+09:00,J2,334,250,584
2019-09-09T09:45:00+09:00,J3,472,495,967
2019-09-09T09:45:00+09:00,J4,257,340,597
2019-09-09T10:00:00+09:00,J1,506,491,997
2019-09-09T10:00:00+09:00,J2,235,201,436
2019-09-09T10:00:00+09:00,J3,432,416,848
2019-09-09T10:00:00+09:00,J4,257,365,622
2019-09-09T10:15:00+09:00,J1,580,564,1144
2019-09-09T10:15:00+09:00,J2,255,232,487
2019-09-09T10:15:00+09:00,J3,456,516,972
2019-09-09T10:15:00+09:00,J4,334,337,671
2019-09-09T10:30:00+09:00,J1,587,552,1139
2019-09-09T10:30:00+09:00,J2,231,218,449
2019-09-09T10:30:00+09:00,J3,746,657,1403
2019-09-09T10:30:00+09:00,J4,381,416,797
2019-09-09T10:45:00+09:00,J1,626,614,1240
2019-09-09T10:45:00+09:00,J2,341,230,571
2019-09-09T10:45:00+09:00,J3,661,570,1231
2019-09-09T10:45:00+09:00,J4,412,415,827
2019-09-09T11:00:00+09:00,J1,585,544,1129
2019-09-09T11:00:00+09:00,J2,303,260,563
2019-09-09T11:00:00+09:00,J3,603,555,1158
2019-09-09T11:00:00+09:00,J4,360,430,790
2019-09-09T11:15:00+09:00,J1,510,458,968
2019-09-09T11:15:00+09:00,J2,354,266,620
2019-09-09T11:15:00+09:00,J3,618,644,1262
2019-09-09T11:15:00+09:00,J4,352,373,725
2019-09-09T11:30:00+09:00,J1,532,498,1030
2019-09-09T11:30:00+09:00,J2,342,339,681
2019-09-09T11:30:00+09:00,J3,764,647,1411
2019-09-09T11:30:00+09:00,J4,406,459,865
2019-09-09T11:45:00+09:00,J1,643,572,1215
2019-09-09T11:45:00+09:00,J2,365,322,687
2019-09-09T11:45:00+09:00,J3,628,594,1222
2019-09-09T11:45:00+09:00,J4,321,395,716
2019-09-09T12:00:00+09:00,J1,651,739,1390
2019-09-09T12:00:00+09:00,J2,414,282,696
2019-09-09T12:00:00+09:00,J3,661,603,1264
2019-09-09T12:00:00+09:00,J4,425,429,854
2019-09-09T12:15:00+09:00,J1,567,689,1256
2019-09-09T12:15:00+09:00,J2,381,287,668
2019-09-09T12:15:00+09:00,J3,602,562,1164
2019-09-09T12:15:00+09:00,J4,394,396,790
2019-09-09T12:30:00+09:00,J1,672,743,1415
2019-09-09T12:30:00+09:00,J2,356,339,695
2019-09-09T12:30:00+09:00,J3,646,630,1276
2019-09-09T12:30:00+09:00,J4,426,445,871
2019-09-09T12:45:00+09:00,J1,577,691,1268
2019-09-09T12:45:00+09:00,J2,356,321,677
2019-09-09T12:45:00+09:00,J3,641,624,1265
2019-09-09T12:45:00+09:00,J4,430,430,860
2019-09-09T13:00:00+09:00,J1,624,742,1366
2019-09-09T13:00:00+09:00,J2,348,318,666
2019-09-09T13:00:00+09:00,J3,644,643,1287
2019-09-09T13:00:00+09:00,J4,417,445,862
2019-09-09T13:15:00+09:00,J1,581,616,1197
2019-09-09T13:15:00+09:00,J2,359,332,691
2019-09-09T13:15:00+09:00,J3,672,700,1372
2019-09-09T13:15:00+09:00,J4,431,429,860
2019-09-09T13:30:00+09:00,J1,607,640,1247
2019-09-09T13:30:00+09:00,J2,327,338,665
2019-09-09T13:30:00+09:00,J3,607,664,1271
2019-09-09T13:30:00+09:00,J4,402,359,761
2019-09-09T13:45:00+09:00,J1,645,592,1237
2019-09-09T13:45:00+09:00,J2,371,242,613
2019-09-09T13:45:00+09:00,J3,633,609,1242
2019-09-09T13:45:00+09:00,J4,367,292,659
2019-09-09T14:00:00+09:00,J1,643,638,1281
2019-09-09T14:00:00+09:00,J2,450,231,681
2019-09-09T14:00:00+09:00,J3,672,595,1267
2019-09-09T14:00:00+09:00,J4,468,400,868
2019-09-09T14:15:00+09:00,J1,636,664,1300
2019-09-09T14:15:00+09:00,J2,411,258,669
2019-09-09T14:15:00+09:00,J3,662,568,1230
2019-09-09T14:15:00+09:00,J4,447,475,922
2019-09-09T14:30:00+09:00,J1,620,667,1287
2019-09-09T14:30:00+09:00,J2,413,228,641
2019-09-09T14:30:00+09:00,J3,630,529,1159
2019-09-09T14:30:00+09:00,J4,432,431,863
2019-09-09T14:45:00+09:00,J1,632,658,1290
2019-09-09T14:45:00+09:00,J2,401,294,695
2019-09-09T14:45:00+09:00,J3,660,512,1172
2019-09-09T14:45:00+09:00,J4,514,499,1013
2019-09-09T15:00:00+09:00,J1,650,728,1378
2019-09-09T15:00:00+09:00,J2,410,238,648
2019-09-09T15:00:00+09:00,J3,784,619,1403
2019-09-09T15:00:00+09:00,J4,552,527,1079
2019-09-09T15:15:00+09:00,J1,666,669,1335
2019-09-09T15:15:00+09:00,J2,387,298,685
2019-09-09T15:15:00+09:00,J3,758,592,1350
2019-09-09T15:15:00+09:00,J4,637,604,1241
2019-09-09T15:30:00+09:00,J1,575,710,1285
2019-09-09T15:30:00+09:00,J2,445,293,738
2019-09-09T15:30:00+09:00,J3,618,509,1127
2019-09-09T15:30:00+09:00,J4,594,508,1102
2019-09-09T15:45:00+09:00,J1,583,722,1305
2019-09-09T15:45:00+09:00,J2,399,261,660
2019-09-09T15:45:00+09:00,J3,583,526,1109
2019-09-09T15:45:00+09:00,J4,632,557,1189
2019-09-09T16:00:00+09:00,J1,585,730,1315
2019-09-09T16:00:00+09:00,J2,456,289,745
2019-09-09T16:00:00+09:00,J3,575,513,1088
2019-09-09T16:00:00+09:00,J4,653,612,1265
2019-09-09T16:15:00+09:00,J1,673,722,1395
2019-09-09T16:15:00+09:00,J2,464,240,704
2019-09-09T16:15:00+09:00,J3,583,530,1113
2019-09-09T16:15:00+09:00,J4,653,597,1250
2019-09-09T16:30:00+09:00,J1,653,667,1320
2019-09-09T16:30:00+09:00,J2,391,268,659
2019-09-09T16:30:00+09:00,J3,638,515,1153
2019-09-09T16:30:00+09:00,J4,716,699,1415
2019-09-09T16:45:00+09:00,J1,548,615,1163
2019-09-09T16:45:00+09:00,J2,360,304,664
2019-09-09T16:45:00+09:00,J3,719,551,1270
2019-09-09T16:45:00+09:00,J4,696,729,1425
2019-09-09T17:00:00+09:00,J1,615,663,1278
2019-09-09T17:00:00+09:00,J2,378,378,756
2019-09-09T17:00:00+09:00,J3,855,666,1521
2019-09-09T17:00:00+09:00,J4,590,473,1063
2019-09-09T17:15:00+09:00,J1,710,760,1470
2019-09-09T17:15:00+09:00,J2,314,310,624
2019-09-09T17:15:00+09:00,J3,858,707,1565
2019-09-09T17:15:00+09:00,J4,589,566,1155
2019-09-09T17:30:00+09:00,J1,760,838,1598
2019-09-09T17:30:00+09:00,J2,366,298,664
2019-09-09T17:30:00+09:00,J3,763,672,1435
2019-09-09T17:30:00+09:00,J4,712,590,1302
2019-09-09T17:45:00+09:00,J1,700,786,1486
2019-09-09T17:45:00+09:00,J2,404,290,694
2019-09-09T17:45:00+09:00,J3,770,659,1429
2019-09-09T17:45:00+09:00,J4,729,522,1251
2019-09-09T18:00:00+09:00,J1,684,835,1519
2019-09-09T18:00:00+09:00,J2,476,292,768
2019-09-09T18:00:00+09:00,J3,836,693,1529
2019-09-09T18:00:00+09:00,J4,706,621,1327
2019-09-09T18:15:00+09:00,J1,705,758,1463
2019-09-09T18:15:00+09:00,J2,435,305,740
2019-09-09T18:15:00+09:00,J3,889,727,1616
2019-09-09T18:15:00+09:00,J4,790,551,1341
2019-09-09T18:30:00+09:00,J1,542,704,1246
2019-09-09T18:30:00+09:00,J2,374,301,675
2019-09-09T18:30:00+09:00,J3,755,532,1287
2019-09-09T18:30:00+09:00,J4,644,398,1042
2019-09-09T18:45:00+09:00,J1,651,672,1323
2019-09-09T18:45:00+09:00,J2,404,316,720
2019-09-09T18:45:00+09:00,J3,723,600,1323
2019-09-09T18:45:00+09:00,J4,464,366,830
2019-09-09T19:00:00+09:00,J1,536,621,1157
2019-09-09T19:00:00+09:00,J2,258,249,507
2019-09-09T19:00:00+09:00,J3,697,586,1283
2019-09-09T19:00:00+09:00,J4,490,356,846
2019-09-09T19:15:00+09:00,J1,472,595,1067
2019-09-09T19:15:00+09:00,J2,240,226,466
2019-09-09T19:15:00+09:00,J3,660,570,1230
2019-09-09T19:15:00+09:00,J4,443,320,763
2019-09-09T19:30:00+09:00,J1,534,583,1117
2019-09-09T19:30:00+09:00,J2,271,257,528
2019-09-09T19:30:00+09:00,J3,645,581,1226
2019-09-09T19:30:00+09:00,J4,385,330,715
2019-09-09T19:45:00+09:00,J1,468,535,1003
2019-09-09T19:45:00+09:00,J2,316,274,590
2019-09-09T19:45:00+09:00,J3,642,580,1222
2019-09-09T19:45:00+09:00,J4,276,325,601
2019-09-09T20:00:00+09:00,J1,404,421,825
2019-09-09T20:00:00+09:00,J2,401,269,670
2019-09-09T20:00:00+09:00,J3,609,549,1158
2019-09-09T20:00:00+09:00,J4,316,288,604
2019-09-09T20:15:00+09:00,J1,374,379,753
2019-09-09T20:15:00+09:00,J2,374,244,618
2019-09-09T20:15:00+09:00,J3,589,601,1190
2019-09-09T20:15:00+09:00,J4,403,304,707
2019-09-09T20:30:00+09:00,J1,322,370,692
2019-09-09T20:30:00+09:00,J2,316,186,502
2019-09-09T20:30:00+09:00,J3,662,537,1199
2019-09-09T20:30:00+09:00,J4,373,317,690
2019-09-09T20:45:00+09:00,J1,331,397,728
2019-09-09T20:45:00+09:00,J2,286,205,491
2019-09-09T20:45:00+09:00,J3,550,447,997
2019-09-09T20:45:00+09:00,J4,356,322,678
2019-09-09T21:00:00+09:00,J1,350,351,701
2019-09-09T21:00:00+09:00,J2,266,173,439
2019-09-09T21:00:00+09:00,J3,386,368,754
2019-09-09T21:00:00+09:00,J4,393,242,635
2019-09-09T21:15:00+09:00,J1,341,353,694
2019-09-09T21:15:00+09:00,J2,239,202,441
2019-09-09T21:15:00+09:00,J3,387,417,804
2019-09-09T21:15:00+09:00,J4,290,213,503
2019-09-09T21:30:00+09:00,J1,330,316,646
2019-09-09T21:30:00+09:00,J2,238,214,452
2019-09-09T21:30:00+09:00,J3,418,372,790
2019-09-09T21:30:00+09:00,J4,322,248,570
2019-09-09T21:45:00+09:00,J1,307,280,587
2019-09-09T21:45:00+09:00,J2,191,197,388
2019-09-09T21:45:00+09:00,J3,329,337,666
2019-09-09T21:45:00+09:00,J4,273,241,514
2019-09-09T22:00:00+09:00,J1,266,287,553
2019-09-09T22:00:00+09:00,J2,235,211,446
2019-09-09T22:00:00+09:00,J3,292,382,674
2019-09-09T22:00:00+09:00,J4,227,224,451
2019-09-09T22:15:00+09:00,J1,246,253,499
2019-09-09T22:15:00+09:00,J2,258,196,454
2019-09-09T22:15:00+09:00,J3,293,342,635
2019-09-09T22:15:00+09:00,J4,225,214,439
2019-09-09T22:30:00+09:00,J1,265,276,541
2019-09-09T22:30:00+09:00,J2,223,185,408
2019-09-09T22:30:00+09:00,J3,350,338,688
2019-09-09T22:30:00+09:00,J4,218,227,445
2019-09-09T22:45:00+09:00,J1,206,231,437
2019-09-09T22:45:00+09:00,J2,253,181,434
2019-09-09T22:45:00+09:00,J3,331,332,663
2019-09-09T22:45:00+09:00,J4,194,190,384
2019-09-09T23:00:00+09:00,J1,247,195,442
2019-09-09T23:00:00+09:00,J2,239,180,419
2019-09-09T23:00:00+09:00,J3,316,330,646
2019-09-09T23:00:00+09:00,J4,257,236,493
2019-09-09T23:15:00+09:00,J1,200,257,457
2019-09-09T23:15:00+09:00,J2,219,182,401
2019-09-09T23:15:00+09:00,J3,305,340,645
2019-09-09T23:15:00+09:00,J4,202,198,400
2019-09-09T23:30:00+09:00,J1,235,242,477
2019-09-09T23:30:00+09:00,J2,217,184,401
2019-09-09T23:30:00+09:00,J3,302,337,639
2019-09-09T23:30:00+09:00,J4,189,179,368
2019-09-09T23:45:00+09:00,J1,257,203,460
2019-09-09T23:45:00+09:00,J2,237,201,438
2019-09-09T23:45:00+09:00,J3,242,310,552
2019-09-09T23:45:00+09:00,J4,259,214,473
2019-09-10T00:00:00+09:00,J1,249,182,431
2019-09-10T00:00:00+09:00,J2,173,172,345
2019-09-10T00:00:00+09:00,J3,234,294,528
2019-09-10T00:00:00+09:00,J4,201,204,405
2019-09-10T00:15:00+09:00,J1,137,118,255
2019-09-10T00:15:00+09:00,J2,218,172,390
2019-09-10T00:15:00+09:00,J3,223,271,494
2019-09-10T00:15:00+09:00,J4,201,200,401
2019-09-10T00:30:00+09:00,J1,191,166,357
2019-09-10T00:30:00+09:00,J2,187,186,373
2019-09-10T00:30:00+09:00,J3,291,322,613
2019-09-10T00:30:00+09:00,J4,305,249,554
2019-09-10T00:45:00+09:00,J1,163,130,293
2019-09-10T00:45:00+09:00,J2,164,136,300
2019-09-10T00:45:00+09:00,J3,356,317,673
2019-09-10T00:45:00+09:00,J4,241,202,443
2019-09-10T05:45:00+09:00,J1,212,186,398
2019-09-10T05:45:00+09:00,J2,181,146,327
2019-09-10T05:45:00+09:00,J3,321,242,563
2019-09-10T05:45:00+09:00,J4,276,246,522
2019-09-10T06:00:00+09:00,J1,235,262,497
2019-09-10T06:00:00+09:00,J2,227,163,390
2019-09-10T06:00:00+09:00,J3,326,261,587
2019-09-10T06:00:00+09:00,J4,315,265,580
2019-09-10T06:15:00+09:00,J1,222,201,423
2019-09-10T06:15:00+09:00,J2,184,127,311
2019-09-10T06:15:00+09:00,J3,384,312,696
2019-09-10T06:15:00+09:00,J4,251,318,569
2019-09-10T06:30:00+09:00,J1,271,208,479
2019-09-10T06:30:00+09:00,J2,208,128,336
2019-09-10T06:30:00+09:00,J3,383,302,685
2019-09-10T06:30:00+09:00,J4,272,259,531
2019-09-10T06:45:00+09:00,J1,295,259,554
2019-09-10T06:45:00+09:00,J2,229,157,386
2019-09-10T06:45:00+09:00,J3,379,353,732
2019-09-10T06:45:00+09:00,J4,286,258,544
2019-09-10T07:00:00+09:00,J1,255,282,537
2019-09-10T07:00:00+09:00,J2,260,202,462
2019-09-10T07:00:00+09:00,J3,342,383,725
2019-09-10T07:00:00+09:00,J4,268,300,568
2019-09-10T07:15:00+09:00,J1,375,241,616
2019-09-10T07:15:00+09:00,J2,339,230,569
2019-09-10T07:15:00+09:00,J3,341,462,803
2019-09-10T07:15:00+09:00,J4,219,338,557
2019-09-10T07:30:00+09:00,J1,418,291,709
2019-09-10T07:30:00+09:00,J2,289,245,534
2019-09-10T07:30:00+09:00,J3,586,581,1167
2019-09-10T07:30:00+09:00,J4,254,435,689
2019-09-10T07:45:00+09:00,J1,551,357,908
2019-09-10T07:45:00+09:00,J2,392,306,698
2019-09-10T07:45:00+09:00,J3,694,715,1409
2019-09-10T07:45:00+09:00,J4,351,533,884
2019-09-10T08:00:00+09:00,J1,757,463,1220
2019-09-10T08:00:00+09:00,J2,463,338,801
2019-09-10T08:00:00+09:00,J3,744,799,1543
2019-09-10T08:00:00+09:00,J4,392,669,1061
2019-09-10T08:15:00+09:00,J1,952,470,1422
2019-09-10T08:15:00+09:00,J2,546,381,927
2019-09-10T08:15:00+09:00,J3,794,879,1673
2019-09-10T08:15:00+09:00,J4,550,963,1513
2019-09-10T08:30:00+09:00,J1,955,510,1465
2019-09-10T08:30:00+09:00,J2,506,359,865
2019-09-10T08:30:00+09:00,J3,639,972,1611
2019-09-10T08:30:00+09:00,J4,488,860,1348
2019-09-10T08:45:00+09:00,J1,720,479,1199
2019-09-10T08:45:00+09:00,J2,408,254,662
2019-09-10T08:45:00+09:00,J3,668,709,1377
2019-09-10T08:45:00+09:00,J4,401,713,1114
2019-09-10T09:00:00+09:00,J1,630,458,1088
2019-09-10T09:00:00+09:00,J2,280,249,529
2019-09-10T09:00:00+09:00,J3,726,647,1373
2019-09-10T09:00:00+09:00,J4,447,500,947
2019-09-10T09:15:00+09:00,J1,599,452,1051
2019-09-10T09:15:00+09:00,J2,329,256,585
2019-09-10T09:15:00+09:00,J3,596,527,1123
2019-09-10T09:15:00+09:00,J4,411,531,942
2019-09-10T09:30:00+09:00,J1,636,449,1085
2019-09-10T09:30:00+09:00,J2,340,250,590
2019-09-10T09:30:00+09:00,J3,560,554,1114
2019-09-10T09:30:00+09:00,J4,509,558,1067
2019-09-10T09:45:00+09:00,J1,588,508,1096
2019-09-10T09:45:00+09:00,J2,361,192,553
2019-09-10T09:45:00+09:00,J3,502,460,962
2019-09-10T09:45:00+09:00,J4,505,499,1004
2019-09-10T10:00:00+09:00,J1,541,498,1039
2019-09-10T10:00:00+09:00,J2,301,238,539
2019-09-10T10:00:00+09:00,J3,491,442,933
2019-09-10T10:00:00+09:00,J4,518,450,968
2019-09-10T10:15:00+09:00,J1,522,544,1066
2019-09-10T10:15:00+09:00,J2,306,266,572
2019-09-10T10:15:00+09:00,J3,611,564,1175
2019-09-10T10:15:00+09:00,J4,418,406,824
2019-09-10T10:30:00+09:00,J1,554,500,1054
2019-09-10T10:30:00+09:00,J2,367,249,616
2019-09-10T10:30:00+09:00,J3,601,638,1239
2019-09-10T10:30:00+09:00,J4,355,371,726
2019-09-10T10:45:00+09:00,J1,589,558,1147
2019-09-10T10:45:00+09:00,J2,414,296,710
2019-09-10T10:45:00+09:00,J3,590,602,1192
2019-09-10T10:45:00+09:00,J4,368,366,734
2019-09-10T11:00:00+09:00,J1,556,550,1106
2019-09-10T11:00:00+09:00,J2,459,362,821
2019-09-10T11:00:00+09:00,J3,567,577,1144
2019-09-10T11:00:00+09:00,J4,331,334,665
2019-09-10T11:15:00+09:00,J1,608,608,1216
2019-09-10T11:15:00+09:00,J2,407,349,756
2019-09-10T11:15:00+09:00,J3,656,641,1297
2019-09-10T11:15:00+09:00,J4,372,318,690
2019-09-10T11:30:00+09:00,J1,569,647,1216
2019-09-10T11:30:00+09:00,J2,549,429,978
2019-09-10T11:30:00+09:00,J3,570,677,1247
2019-09-10T11:30:00+09:00,J4,312,341,653
2019-09-10T11:45:00+09:00,J1,571,594,1165
2019-09-10T11:45:00+09:00,J2,457,393,850
2019-09-10T11:45:00+09:00,J3,492,524,1016
2019-09-10T11:45:00+09:00,J4,332,370,702
2019-09-10T12:00:00+09:00,J1,630,635,1265
2019-09-10T12:00:00+09:00,J2,431,328,759
2019-09-10T12:00:00+09:00,J3,563,546,1109
2019-09-10T12:00:00+09:00,J4,412,385,797
2019-09-10T12:15:00+09:00,J1,669,726,1395
2019-09-10T12:15:00+09:00,J2,403,296,699
2019-09-10T12:15:00+09:00,J3,724,691,1415
2019-09-10T12:15:00+09:00,J4,559,493,1052
2019-09-10T12:30:00+09:00,J1,635,661,1296
2019-09-10T12:30:00+09:00,J2,425,317,742
2019-09-10T12:30:00+09:00,J3,956,863,1819
2019-09-10T12:30:00+09:00,J4,573,560,1133
2019-09-10T12:45:00+09:00,J1,643,717,1360
2019-09-10T12:45:00+09:00,J2,367,268,635
2019-09-10T12:45:00+09:00,J3,927,821,1748
2019-09-10T12:45:00+09:00,J4,539,520,1059
2019-09-10T13:00:00+09:00,J1,661,704,1365
2019-09-10T13:00:00+09:00,J2,334,306,640
2019-09-10T13:00:00+09:00,J3,877,813,1690
2019-09-10T13:00:00+09:00,J4,574,460,1034
2019-09-10T13:15:00+09:00,J1,644,762,1406
2019-09-10T13:15:00+09:00,J2,347,296,643
2019-09-10T13:15:00+09:00,J3,871,835,1706
2019-09-10T13:15:00+09:00,J4,558,478,1036
2019-09-10T13:30:00+09:00,J1,622,636,1258
2019-09-10T13:30:00+09:00,J2,312,334,646
2019-09-10T13:30:00+09:00,J3,782,684,1466
2019-09-10T13:30:00+09:00,J4,558,474,1032
2019-09-10T13:45:00+09:00,J1,600,711,1311
2019-09-10T13:45:00+09:00,J2,267,277,544
2019-09-10T13:45:00+09:00,J3,702,593,1295
2019-09-10T13:45:00+09:00,J4,509,469,978
2019-09-10T14:00:00+09:00,J1,612,642,1254
2019-09-10T14:00:00+09:00,J2,324,292,616
2019-09-10T14:00:00+09:00,J3,716,619,1335
2019-09-10T14:00:00+09:00,J4,521,424,945
2019-09-10T14:15:00+09:00,J1,609,599,1208
2019-09-10T14:15:00+09:00,J2,351,311,662
2019-09-10T14:15:00+09:00,J3,664,594,1258
2019-09-10T14:15:00+09:00,J4,564,475,1039
2019-09-10T14:30:00+09:00,J1,595,623,1218
2019-09-10T14:30:00+09:00,J2,333,342,675
2019-09-10T14:30:00+09:00,J3,554,523,1077
2019-09-10T14:30:00+09:00,J4,547,460,1007
2019-09-10T14:45:00+09:00,J1,651,693,1344
2019-09-10T14:45:00+09:00,J2,338,288,626
2019-09-10T14:45:00+09:00,J3,529,494,1023
2019-09-10T14:45:00+09:00,J4,497,428,925
2019-09-10T15:00:00+09:00,J1,576,659,1235
2019-09-10T15:00:00+09:00,J2,306,299,605
2019-09-10T15:00:00+09:00,J3,501,505,1006
2019-09-10T15:00:00+09:00,J4,603,440,1043
2019-09-10T15:15:00+09:00,J1,524,666,1190
2019-09-10T15:15:00+09:00,J2,301,299,600
2019-09-10T15:15:00+09:00,J3,488,398,886
2019-09-10T15:15:00+09:00,J4,536,451,987
2019-09-10T15:30:00+09:00,J1,559,640,1199
2019-09-10T15:30:00+09:00,J2,282,299,581
2019-09-10T15:30:00+09:00,J3,454,389,843
2019-09-10T15:30:00+09:00,J4,501,503,1004
2019-09-10T15:45:00+09:00,J1,668,642,1310
2019-09-10T15:45:00+09:00,J2,382,332,714
2019-09-10T15:45:00+09:00,J3,517,389,906
2019-09-10T15:45:00+09:00,J4,543,450,993
2019-09-10T16:00:00+09:00,J1,603,651,1254
2019-09-10T16:00:00+09:00,J2,338,325,663
2019-09-10T16:00:00+09:00,J3,546,385,931
2019-09-10T16:00:00+09:00,J4,512,448,960
2019-09-10T16:15:00+09:00,J1,607,650,1257
2019-09-10T16:15:00+09:00,J2,334,280,614
2019-09-10T16:15:00+09:00,J3,550,381,931
2019-09-10T16:15:00+09:00,J4,524,451,975
2019-09-10T16:30:00+09:00,J1,569,600,1169
2019-09-10T16:30:00+09:00,J2,311,266,577
2019-09-10T16:30:00+09:00,J3,486,397,883
2019-09-10T16:30:00+09:00,J4,524,427,951
2019-09-10T16:45:00+09:00,J1,614,657,1271
2019-09-10T16:45:00+09:00,J2,276,250,526
2019-09-10T16:45:00+09:00,J3,557,401,958
2019-09-10T16:45:00+09:00,J4,555,405,960
2019-09-10T17:00:00+09:00,J1,584,620,1204
2019-09-10T17:00:00+09:00,J2,390,350,740
2019-09-10T17:00:00+09:00,J3,615,597,1212
2019-09-10T17:00:00+09:00,J4,519,414,933
2019-09-10T17:15:00+09:00,J1,616,705,1321
2019-09-10T17:15:00+09:00,J2,436,305,741
2019-09-10T17:15:00+09:00,J3,668,754,1422
2019-09-10T17:15:00+09:00,J4,452,400,852
2019-09-10T17:30:00+09:00,J1,606,743,1349
2019-09-10T17:30:00+09:00,J2,498,323,821
2019-09-10T17:30:00+09:00,J3,710,712,1422
2019-09-10T17:30:00+09:00,J4,539,396,935
2019-09-10T17:45:00+09:00,J1,652,818,1470
2019-09-10T17:45:00+09:00,J2,460,289,749
2019-09-10T17:45:00+09:00,J3,664,686,1350
2019-09-10T17:45:00+09:00,J4,516,431,947
2019-09-10T18:00:00+09:00,J1,672,859,1531
2019-09-10T18:00:00+09:00,J2,513,326,839
2019-09-10T18:00:00+09:00,J3,800,775,1575
2019-09-10T18:00:00+09:00,J4,535,420,955
2019-09-10T18:15:00+09:00,J1,663,899,1562
2019-09-10T18:15:00+09:00,J2,505,320,825
2019-09-10T18:15:00+09:00,J3,704,658,1362
2019-09-10T18:15:00+09:00,J4,614,414,1028
2019-09-10T18:30:00+09:00,J1,680,781,1461
2019-09-10T18:30:00+09:00,J2,510,305,815
2019-09-10T18:30:00+09:00,J3,592,536,1128
2019-09-10T18:30:00+09:00,J4,570,372,942
2019-09-10T18:45:00+09:00,J1,533,697,1230
2019-09-10T18:45:00+09:00,J2,429,343,772
2019-09-10T18:45:00+09:00,J3,554,609,1163
2019-09-10T18:45:00+09:00,J4,575,330,905
2019-09-10T19:00:00+09:00,J1,516,546,1062
2019-09-10T19:00:00+09:00,J2,430,287,717
2019-09-10T19:00:00+09:00,J3,579,621,1200
2019-09-10T19:00:00+09:00,J4,629,404,1033
2019-09-10T19:15:00+09:00,J1,584,709,1293
2019-09-10T19:15:00+09:00,J2,441,315,756
2019-09-10T19:15:00+09:00,J3,622,533,1155
2019-09-10T19:15:00+09:00,J4,589,464,1053
2019-09-10T19:30:00+09:00,J1,564,653,1217
2019-09-10T19:30:00+09:00,J2,402,299,701
2019-09-10T19:30:00+09:00,J3,542,550,1092
2019-09-10T19:30:00+09:00,J4,597,487,1084
2019-09-10T19:45:00+09:00,J1,545,654,1199
2019-09-10T19:45:00+09:00,J2,367,285,652
2019-09-10T19:45:00+09:00,J3,505,452,957
2019-09-10T19:45:00+09:00,J4,587,478,1065
2019-09-10T20:00:00+09:00,J1,505,629,1134
2019-09-10T20:00:00+09:00,J2,350,300,650
2019-09-10T20:00:00+09:00,J3,506,431,937
2019-09-10T20:00:00+09:00,J4,659,528,1187
2019-09-10T20:15:00+09:00,J1,497,689,1186
2019-09-10T20:15:00+09:00,J2,334,217,551
2019-09-10T20:15:00+09:00,J3,514,460,974
2019-09-10T20:15:00+09:00,J4,594,466,1060
2019-09-10T20:30:00+09:00,J1,532,640,1172
2019-09-10T20:30:00+09:00,J2,340,252,592
2019-09-10T20:30:00+09:00,J3,510,414,924
2019-09-10T20:30:00+09:00,J4,602,491,1093
2019-09-10T20:45:00+09:00,J1,498,556,1054
2019-09-10T20:45:00+09:00,J2,323,236,559
2019-09-10T20:45:00+09:00,J3,446,398,844
2019-09-10T20:45:00+09:00,J4,573,504,1077
2019-09-10T21:00:00+09:00,J1,602,655,1257
2019-09-10T21:00:00+09:00,J2,321,266,587
2019-09-10T21:00:00+09:00,J3,335,296,631
2019-09-10T21:00:00+09:00,J4,523,450,973
2019-09-10T21:15:00+09:00,J1,633,657,1290
2019-09-10T21:15:00+09:00,J2,300,286,586
2019-09-10T21:15:00+09:00,J3,369,251,620
2019-09-10T21:15:00+09:00,J4,521,448,969
2019-09-10T21:30:00+09:00,J1,531,621,1152
2019-09-10T21:30:00+09:00,J2,309,337,646
2019-09-10T21:30:00+09:00,J3,404,370,774
2019-09-10T21:30:00+09:00,J4,557,479,1036
2019-09-10T21:45:00+09:00,J1,512,525,1037
2019-09-10T21:45:00+09:00,J2,239,273,512
2019-09-10T21:45:00+09:00,J3,349,280,629
2019-09-10T21:45:00+09:00,J4,547,482,1029
2019-09-10T22:00:00+09:00,J1,454,523,977
2019-09-10T22:00:00+09:00,J2,236,256,492
2019-09-10T22:00:00+09:00,J3,328,273,601
2019-09-10T22:00:00+09:00,J4,604,492,1096
2019-09-10T22:15:00+09:00,J1,460,461,921
2019-09-10T22:15:00+09:00,J2,219,220,439
2019-09-10T22:15:00+09:00,J3,297,275,572
2019-09-10T22:15:00+09:00,J4,520,424,944
2019-09-10T22:30:00+09:00,J1,430,484,914
2019-09-10T22:30:00+09:00,J2,209,235,444
2019-09-10T22:30:00+09:00,J3,377,307,684
2019-09-10T22:30:00+09:00,J4,454,426,880
2019-09-10T22:45:00+09:00,J1,490,508,998
2019-09-10T22:45:00+09:00,J2,188,235,423
2019-09-10T22:45:00+09:00,J3,405,308,713
2019-09-10T22:45:00+09:00,J4,425,384,809
2019-09-10T23:00:00+09:00,J1,443,491,934
2019-09-10T23:00:00+09:00,J2,211,220,431
2019-09-10T23:00:00+09:00,J3,385,298,683
2019-09-10T23:00:00+09:00,J4,433,420,853
2019-09-10T23:15:00+09:00,J1,347,434,781
2019-09-10T23:15:00+09:00,J2,152,191,343
2019-09-10T23:15:00+09:00,J3,322,300,622
2019-09-10T23:15:00+09:00,J4,518,450,968
2019-09-10T23:30:00+09:00,J1,446,459,905
2019-09-10T23:30:00+09:00,J2,163,188,351
2019-09-10T23:30:00+09:00,J3,313,285,598
2019-09-10T23:30:00+09:00,J4,538,445,983
2019-09-10T23:45:00+09:00,J1,357,319,676
2019-09-10T23:45:00+09:00,J2,177,226,403
2019-09-10T23:45:00+09:00,J3,328,242,570
2019-09-10T23:45:00+09:00,J4,466,366,832
2019-09-11T00:00:00+09:00,J1,349,379,728
2019-09-11T00:00:00+09:00,J2,104,140,244
2019-09-11T00:00:00+09:00,J3,284,232,516
2019-09-11T00:00:00+09:00,J4,418,337,755
2019-09-11T00:15:00+09:00,J1,323,277,600
2019-09-11T00:15:00+09:00,J2,83,88,171
2019-09-11T00:15:00+09:00,J3,318,252,570
2019-09-11T00:15:00+09:00,J4,423,334,757
2019-09-11T00:30:00+09:00,J1,338,292,630
2019-09-11T00:30:00+09:00,J2,100,118,218
2019-09-11T00:30:00+09:00,J3,225,214,439
2019-09-11T00:30:00+09:00,J4,436,376,812
2019-09-11T00:45:00+09:00,J1,305,275,580
2019-09-11T00:45:00+09:00,J2,65,91,156
2019-09-11T00:45:00+09:00,J3,225,208,433
2019-09-11T00:45:00+09:00,J4,527,500,1027
2019-09-11T05:45:00+09:00,J1,293,290,583
2019-09-11T05:45:00+09:00,J2,172,182,354
2019-09-11T05:45:00+09:00,J3,263,238,501
2019-09-11T05:45:00+09:00,J4,318,239,557
2019-09-11T06:00:00+09:00,J1,292,227,519
2019-09-11T06:00:00+09:00,J2,163,129,292
2019-09-11T06:00:00+09:00,J3,305,261,566
2019-09-11T06:00:00+09:00,J4,384,381,765
2019-09-11T06:15:00+09:00,J1,453,356,809
2019-09-11T06:15:00+09:00,J2,198,198,396
2019-09-11T06:15:00+09:00,J3,317,354,671
2019-09-11T06:15:00+09:00,J4,466,427,893
2019-09-11T06:30:00+09:00,J1,484,439,923
2019-09-11T06:30:00+09:00,J2,182,188,370
2019-09-11T06:30:00+09:00,J3,331,334,665
2019-09-11T06:30:00+09:00,J4,297,312,609
2019-09-11T06:45:00+09:00,J1,451,338,789
2019-09-11T06:45:00+09:00,J2,153,140,293
2019-09-11T06:45:00+09:00,J3,288,287,575
2019-09-11T06:45:00+09:00,J4,359,354,713
2019-09-11T07:00:00+09:00,J1,450,444,894
2019-09-11T07:00:00+09:00,J2,192,173,365
2019-09-11T07:00:00+09:00,J3,343,358,701
2019-09-11T07:00:00+09:00,J4,370,432,802
2019-09-11T07:15:00+09:00,J1,500,476,976
2019-09-11T07:15:00+09:00,J2,242,191,433
2019-09-11T07:15:00+09:00,J3,353,349,702
2019-09-11T07:15:00+09:00,J4,414,502,916
2019-09-11T07:30:00+09:00,J1,552,401,953
2019-09-11T07:30:00+09:00,J2,235,233,468
2019-09-11T07:30:00+09:00,J3,493,485,978
2019-09-11T07:30:00+09:00,J4,489,611,1100
2019-09-11T07:45:00+09:00,J1,699,523,1222
2019-09-11T07:45:00+09:00,J2,287,233,520
2019-09-11T07:45:00+09:00,J3,527,596,1123
2019-09-11T07:45:00+09:00,J4,487,655,1142
2019-09-11T08:00:00+09:00,J1,975,656,1631
2019-09-11T08:00:00+09:00,J2,261,217,478
2019-09-11T08:00:00+09:00,J3,627,695,1322
2019-09-11T08:00:00+09:00,J4,505,719,1224
2019-09-11T08:15:00+09:00,J1,1108,794,1902
2019-09-11T08:15:00+09:00,J2,379,247,626
2019-09-11T08:15:00+09:00,J3,709,719,1428
2019-09-11T08:15:00+09:00,J4,628,1007,1635
2019-09-11T08:30:00+09:00,J1,1131,735,1866
2019-09-11T08:30:00+09:00,J2,379,237,616
2019-09-11T08:30:00+09:00,J3,613,812,1425
2019-09-11T08:30:00+09:00,J4,677,987,1664
2019-09-11T08:45:00+09:00,J1,891,605,1496
2019-09-11T08:45:00+09:00,J2,284,202,486
2019-09-11T08:45:00+09:00,J3,619,634,1253
2019-09-11T08:45:00+09:00,J4,542,758,1300
2019-09-11T09:00:00+09:00,J1,720,610,1330
2019-09-11T09:00:00+09:00,J2,280,213,493
2019-09-11T09:00:00+09:00,J3,591,547,1138
2019-09-11T09:00:00+09:00,J4,528,605,1133
2019-09-11T09:15:00+09:00,J1,678,538,1216
2019-09-11T09:15:00+09:00,J2,292,217,509
2019-09-11T09:15:00+09:00,J3,505,428,933
2019-09-11T09:15:00+09:00,J4,515,682,1197
2019-09-11T09:30:00+09:00,J1,625,535,1160
2019-09-11T09:30:00+09:00,J2,262,222,484
2019-09-11T09:30:00+09:00,J3,525,460,985
2019-09-11T09:30:00+09:00,J4,586,622,1208
2019-09-11T09:45:00+09:00,J1,544,532,1076
2019-09-11T09:45:00+09:00,J2,249,221,470
2019-09-11T09:45:00+09:00,J3,487,425,912
2019-09-11T09:45:00+09:00,J4,534,600,1134
2019-09-11T10:00:00+09:00,J1,553,505,1058
2019-09-11T10:00:00+09:00,J2,255,215,470
2019-09-11T10:00:00+09:00,J3,540,454,994
2019-09-11T10:00:00+09:00,J4,530,503,1033
2019-09-11T10:15:00+09:00,J1,700,683,1383
2019-09-11T10:15:00+09:00,J2,319,293,612
2019-09-11T10:15:00+09:00,J3,594,540,1134
2019-09-11T10:15:00+09:00,J4,547,551,1098
2019-09-11T10:30:00+09:00,J1,751,695,1446
2019-09-11T10:30:00+09:00,J2,332,297,629
2019-09-11T10:30:00+09:00,J3,584,497,1081
2019-09-11T10:30:00+09:00,J4,576,690,1266
2019-09-11T10:45:00+09:00,J1,650,659,1309
2019-09-11T10:45:00+09:00,J2,313,326,639
2019-09-11T10:45:00+09:00,J3,580,529,1109
2019-09-11T10:45:00+09:00,J4,607,627,1234
2019-09-11T11:00:00+09:00,J1,608,597,1205
2019-09-11T11:00:00+09:00,J2,248,268,516
2019-09-11T11:00:00+09:00,J3,636,637,1273
2019-09-11T11:00:00+09:00,J4,610,549,1159
2019-09-11T11:15:00+09:00,J1,755,730,1485
2019-09-11T11:15:00+09:00,J2,412,342,754
2019-09-11T11:15:00+09:00,J3,654,609,1263
2019-09-11T11:15:00+09:00,J4,625,593,1218
2019-09-11T11:30:00+09:00,J1,720,783,1503
2019-09-11T11:30:00+09:00,J2,356,311,667
2019-09-11T11:30:00+09:00,J3,534,518,1052
2019-09-11T11:30:00+09:00,J4,606,623,1229
2019-09-11T11:45:00+09:00,J1,797,903,1700
2019-09-11T11:45:00+09:00,J2,427,288,715
2019-09-11T11:45:00+09:00,J3,568,532,1100
2019-09-11T11:45:00+09:00,J4,681,642,1323
2019-09-11T12:00:00+09:00,J1,745,810,1555
2019-09-11T12:00:00+09:00,J2,428,305,733
2019-09-11T12:00:00+09:00,J3,572,592,1164
2019-09-11T12:00:00+09:00,J4,716,681,1397
2019-09-11T12:15:00+09:00,J1,737,874,1611
2019-09-11T12:15:00+09:00,J2,401,291,692
2019-09-11T12:15:00+09:00,J3,620,595,1215
2019-09-11T12:15:00+09:00,J4,676,600,1276
2019-09-11T12:30:00+09:00,J1,806,789,1595
2019-09-11T12:30:00+09:00,J2,415,247,662
2019-09-11T12:30:00+09:00,J3,624,551,1175
2019-09-11T12:30:00+09:00,J4,628,590,1218
2019-09-11T12:45:00+09:00,J1,768,807,1575
2019-09-11T12:45:00+09:00,J2,398,239,637
2019-09-11T12:45:00+09:00,J3,591,512,1103
2019-09-11T12:45:00+09:00,J4,681,605,1286
2019-09-11T13:00:00+09:00,J1,761,864,1625
2019-09-11T13:00:00+09:00,J2,429,256,685
2019-09-11T13:00:00+09:00,J3,555,556,1111
2019-09-11T13:00:00+09:00,J4,577,514,1091
2019-09-11T13:15:00+09:00,J1,748,929,1677
2019-09-11T13:15:00+09:00,J2,454,296,750
2019-09-11T13:15:00+09:00,J3,615,504,1119
2019-09-11T13:15:00+09:00,J4,494,472,966
2019-09-11T13:30:00+09:00,J1,731,894,1625
2019-09-11T13:30:00+09:00,J2,433,312,745
2019-09-11T13:30:00+09:00,J3,571,526,1097
2019-09-11T13:30:00+09:00,J4,572,524,1096
2019-09-11T13:45:00+09:00,J1,706,772,1478
2019-09-11T13:45:00+09:00,J2,420,274,694
2019-09-11T13:45:00+09:00,J3,540,578,1118
2019-09-11T13:45:00+09:00,J4,583,518,1101
2019-09-11T14:00:00+09:00,J1,683,771,1454
2019-09-11T14:00:00+09:00,J2,441,309,750
2019-09-11T14:00:00+09:00,J3,579,513,1092
2019-09-11T14:00:00+09:00,J4,609,490,1099
2019-09-11T14:15:00+09:00,J1,652,808,1460
2019-09-11T14:15:00+09:00,J2,448,287,735
2019-09-11T14:15:00+09:00,J3,576,553,1129
2019-09-11T14:15:00+09:00,J4,635,553,1188
2019-09-11T14:30:00+09:00,J1,703,780,1483
2019-09-11T14:30:00+09:00,J2,503,261,764
2019-09-11T14:30:00+09:00,J3,657,636,1293
2019-09-11T14:30:00+09:00,J4,663,553,1216
2019-09-11T14:45:00+09:00,J1,682,872,1554
2019-09-11T14:45:00+09:00,J2,461,321,782
2019-09-11T14:45:00+09:00,J3,689,634,1323
2019-09-11T14:45:00+09:00,J4,677,565,1242
2019-09-11T15:00:00+09:00,J1,730,876,1606
2019-09-11T15:00:00+09:00,J2,453,289,742
2019-09-11T15:00:00+09:00,J3,670,612,1282
2019-09-11T15:00:00+09:00,J4,588,513,1101
2019-09-11T15:15:00+09:00,J1,840,997,1837
2019-09-11T15:15:00+09:00,J2,456,299,755
2019-09-11T15:15:00+09:00,J3,624,573,1197
2019-09-11T15:15:00+09:00,J4,546,449,995
2019-09-11T15:30:00+09:00,J1,834,948,1782
2019-09-11T15:30:00+09:00,J2,469,348,817
2019-09-11T15:30:00+09:00,J3,677,585,1262
2019-09-11T15:30:00+09:00,J4,699,636,1335
2019-09-11T15:45:00+09:00,J1,786,1003,1789
2019-09-11T15:45:00+09:00,J2,317,322,639
2019-09-11T15:45:00+09:00,J3,697,651,1348
2019-09-11T15:45:00+09:00,J4,694,606,1300
2019-09-11T16:00:00+09:00,J1,831,924,1755
2019-09-11T16:00:00+09:00,J2,345,297,642
2019-09-11T16:00:00+09:00,J3,753,686,1439
2019-09-11T16:00:00+09:00,J4,688,670,1358
2019-09-11T16:15:00+09:00,J1,876,1015,1891
2019-09-11T16:15:00+09:00,J2,380,332,712
2019-09-11T16:15:00+09:00,J3,741,728,1469
2019-09-11T16:15:00+09:00,J4,721,603,1324
2019-09-11T16:30:00+09:00,J1,845,967,1812
2019-09-11T16:30:00+09:00,J2,413,321,734
2019-09-11T16:30:00+09:00,J3,790,783,1573
2019-09-11T16:30:00+09:00,J4,717,549,1266
2019-09-11T16:45:00+09:00,J1,837,961,1798
2019-09-11T16:45:00+09:00,J2,384,271,655
2019-09-11T16:45:00+09:00,J3,733,735,1468
2019-09-11T16:45:00+09:00,J4,717,565,1282
2019-09-11T17:00:00+09:00,J1,913,1111,2024
2019-09-11T17:00:00+09:00,J2,405,318,723
2019-09-11T17:00:00+09:00,J3,837,730,1567
2019-09-11T17:00:00+09:00,J4,749,572,1321
2019-09-11T17:15:00+09:00,J1,919,1157,2076
2019-09-11T17:15:00+09:00,J2,504,406,910
2019-09-11T17:15:00+09:00,J3,796,732,1528
2019-09-11T17:15:00+09:00,J4,864,583,1447
2019-09-11T17:30:00+09:00,J1,938,1240,2178
2019-09-11T17:30:00+09:00,J2,529,415,944
2019-09-11T17:30:00+09:00,J3,1020,775,1795
2019-09-11T17:30:00+09:00,J4,905,625,1530
2019-09-11T17:45:00+09:00,J1,900,1254,2154
2019-09-11T17:45:00+09:00,J2,493,445,938
2019-09-11T17:45:00+09:00,J3,1034,768,1802
2019-09-11T17:45:00+09:00,J4,934,674,1608
2019-09-11T18:00:00+09:00,J1,913,1250,2163
2019-09-11T18:00:00+09:00,J2,457,411,868
2019-09-11T18:00:00+09:00,J3,998,760,1758
2019-09-11T18:00:00+09:00,J4,934,682,1616
2019-09-11T18:15:00+09:00,J1,903,1160,2063
2019-09-11T18:15:00+09:00,J2,488,362,850
2019-09-11T18:15:00+09:00,J3,997,647,1644
2019-09-11T18:15:00+09:00,J4,927,619,1546
2019-09-11T18:30:00+09:00,J1,905,1053,1958
2019-09-11T18:30:00+09:00,J2,425,314,739
2019-09-11T18:30:00+09:00,J3,881,674,1555
2019-09-11T18:30:00+09:00,J4,813,635,1448
2019-09-11T18:45:00+09:00,J1,836,921,1757
2019-09-11T18:45:00+09:00,J2,341,266,607
2019-09-11T18:45:00+09:00,J3,723,534,1257
2019-09-11T18:45:00+09:00,J4,787,563,1350
2019-09-11T19:00:00+09:00,J1,768,830,1598
2019-09-11T19:00:00+09:00,J2,295,297,592
2019-09-11T19:00:00+09:00,J3,684,555,1239
2019-09-11T19:00:00+09:00,J4,724,519,1243
2019-09-11T19:15:00+09:00,J1,781,881,1662
2019-09-11T19:15:00+09:00,J2,347,326,673
2019-09-11T19:15:00+09:00,J3,760,521,1281
2019-09-11T19:15:00+09:00,J4,803,481,1284
2019-09-11T19:30:00+09:00,J1,726,870,1596
2019-09-11T19:30:00+09:00,J2,293,325,618
2019-09-11T19:30:00+09:00,J3,632,594,1226
2019-09-11T19:30:00+09:00,J4,692,556,1248
2019-09-11T19:45:00+09:00,J1,755,876,1631
2019-09-11T19:45:00+09:00,J2,276,294,570
2019-09-11T19:45:00+09:00,J3,583,548,1131
2019-09-11T19:45:00+09:00,J4,616,444,1060
2019-09-11T20:00:00+09:00,J1,782,860,1642
2019-09-11T20:00:00+09:00,J2,327,294,621
2019-09-11T20:00:00+09:00,J3,521,489,1010
2019-09-11T20:00:00+09:00,J4,552,396,948
2019-09-11T20:15:00+09:00,J1,673,854,1527
2019-09-11T20:15:00+09:00,J2,309,274,583
2019-09-11T20:15:00+09:00,J3,528,476,1004
2019-09-11T20:15:00+09:00,J4,610,409,1019
2019-09-11T20:30:00+09:00,J1,690,778,1468
2019-09-11T20:30:00+09:00,J2,286,296,582
2019-09-11T20:30:00+09:00,J3,511,506,1017
2019-09-11T20:30:00+09:00,J4,508,325,833
2019-09-11T20:45:00+09:00,J1,863,885,1748
2019-09-11T20:45:00+09:00,J2,250,268,518
2019-09-11T20:45:00+09:00,J3,488,438,926
2019-09-11T20:45:00+09:00,J4,519,345,864
2019-09-11T21:00:00+09:00,J1,838,850,1688
2019-09-11T21:00:00+09:00,J2,209,255,464
2019-09-11T21:00:00+09:00,J3,507,413,920
2019-09-11T21:00:00+09:00,J4,555,410,965
2019-09-11T21:15:00+09:00,J1,761,814,1575
2019-09-11T21:15:00+09:00,J2,218,266,484
2019-09-11T21:15:00+09:00,J3,518,475,993
2019-09-11T21:15:00+09:00,J4,683,488,1171
2019-09-11T21:30:00+09:00,J1,740,753,1493
2019-09-11T21:30:00+09:00,J2,207,241,448
2019-09-11T21:30:00+09:00,J3,541,462,1003
2019-09-11T21:30:00+09:00,J4,573,445,1018
2019-09-11T21:45:00+09:00,J1,747,854,1601
2019-09-11T21:45:00+09:00,J2,229,229,458
2019-09-11T21:45:00+09:00,J3,522,460,982
2019-09-11T21:45:00+09:00,J4,532,422,954
2019-09-11T22:00:00+09:00,J1,681,831,1512
2019-09-11T22:00:00+09:00,J2,170,206,376
2019-09-11T22:00:00+09:00,J3,406,414,820
2019-09-11T22:00:00+09:00,J4,527,443,970
2019-09-11T22:15:00+09:00,J1,667,732,1399
2019-09-11T22:15:00+09:00,J2,157,160,317
2019-09-11T22:15:00+09:00,J3,388,389,777
2019-09-11T22:15:00+09:00,J4,501,467,968
2019-09-11T22:30:00+09:00,J1,625,702,1327
2019-09-11T22:30:00+09:00,J2,181,195,376
2019-09-11T22:30:00+09:00,J3,434,349,783
2019-09-11T22:30:00+09:00,J4,484,478,962
2019-09-11T22:45:00+09:00,J1,660,690,1350
2019-09-11T22:45:00+09:00,J2,171,180,351
2019-09-11T22:45:00+09:00,J3,406,341,747
2019-09-11T22:45:00+09:00,J4,434,416,850
2019-09-11T23:00:00+09:00,J1,603,703,1306
2019-09-11T23:00:00+09:00,J2,212,227,439
2019-09-11T23:00:00+09:00,J3,381,320,701
2019-09-11T23:00:00+09:00,J4,478,432,910
2019-09-11T23:15:00+09:00,J1,600,657,1257
2019-09-11T23:15:00+09:00,J2,219,247,466
2019-09-11T23:15:00+09:00,J3,380,376,756
2019-09-11T23:15:00+09:00,J4,481,490,971
2019-09-11T23:30:00+09:00,J1,629,686,1315
2019-09-11T23:30:00+09:00,J2,219,206,425
2019-09-11T23:30:00+09:00,J3,345,293,638
2019-09-11T23:30:00+09:00,J4,433,365,798
2019-09-11T23:45:00+09:00,J1,533,541,1074
2019-09-11T23:45:00+09:00,J2,184,190,374
2019-09-11T23:45:00+09:00,J3,364,288,652
2019-09-11T23:45:00+09:00,J4,359,331,690
2019-09-12T00:00:00+09:00,J1,570,503,1073
2019-09-12T00:00:00+09:00,J2,176,185,361
2019-09-12T00:00:00+09:00,J3,289,248,537
2019-09-12T00:00:00+09:00,J4,378,372,750
2019-09-12T00:15:00+09:00,J1,212,193,405
2019-09-12T00:15:00+09:00,J2,183,172,355
2019-09-12T00:15:00+09:00,J3,314,285,599
2019-09-12T00:15:00+09:00,J4,199,182,381
2019-09-12T00:30:00+09:00,J1,207,171,378
2019-09-12T00:30:00+09:00,J2,183,161,344
2019-09-12T00:30:00+09:00,J3,369,331,700
2019-09-12T00:30:00+09:00,J4,160,156,316
2019-09-12T00:45:00+09:00,J1,206,167,373
2019-09-12T00:45:00+09:00,J2,181,184,365
2019-09-12T00:45:00+09:00,J3,310,328,638
2019-09-12T00:45:00+09:00,J4,137,151,288
2019-09-12T05:45:00+09:00,J1,418,413,831
2019-09-12T05:45:00+09:00,J2,145,192,337
2019-09-12T05:45:00+09:00,J3,310,262,572
2019-09-12T05:45:00+09:00,J4,658,745,1403
2019-09-12T06:00:00+09:00,J1,646,632,1278
2019-09-12T06:00:00+09:00,J2,194,170,364
2019-09-12T06:00:00+09:00,J3,366,307,673
2019-09-12T06:00:00+09:00,J4,457,532,989
2019-09-12T06:15:00+09:00,J1,485,425,910
2019-09-12T06:15:00+09:00,J2,230,213,443
2019-09-12T06:15:00+09:00,J3,400,347,747
2019-09-12T06:15:00+09:00,J4,562,545,1107
2019-09-12T06:30:00+09:00,J1,613,577,1190
2019-09-12T06:30:00+09:00,J2,208,235,443
2019-09-12T06:30:00+09:00,J3,413,342,755
2019-09-12T06:30:00+09:00,J4,488,535,1023
2019-09-12T06:45:00+09:00,J1,606,589,1195
2019-09-12T06:45:00+09:00,J2,181,179,360
2019-09-12T06:45:00+09:00,J3,406,391,797
2019-09-12T06:45:00+09:00,J4,405,404,809
2019-09-12T07:00:00+09:00,J1,627,524,1151
2019-09-12T07:00:00+09:00,J2,266,244,510
2019-09-12T07:00:00+09:00,J3,373,383,756
2019-09-12T07:00:00+09:00,J4,357,388,745
2019-09-12T07:15:00+09:00,J1,627,574,1201
2019-09-12T07:15:00+09:00,J2,347,268,615
2019-09-12T07:15:00+09:00,J3,439,424,863
2019-09-12T07:15:00+09:00,J4,354,422,776
2019-09-12T07:30:00+09:00,J1,673,573,1246
2019-09-12T07:30:00+09:00,J2,257,243,500
2019-09-12T07:30:00+09:00,J3,421,472,893
2019-09-12T07:30:00+09:00,J4,386,544,930
2019-09-12T07:45:00+09:00,J1,758,607,1365
2019-09-12T07:45:00+09:00,J2,297,272,569
2019-09-12T07:45:00+09:00,J3,477,623,1100
2019-09-12T07:45:00+09:00,J4,469,658,1127
2019-09-12T08:00:00+09:00,J1,1003,680,1683
2019-09-12T08:00:00+09:00,J2,329,322,651
2019-09-12T08:00:00+09:00,J3,630,776,1406
2019-09-12T08:00:00+09:00,J4,406,642,1048
2019-09-12T08:15:00+09:00,J1,1009,694,1703
2019-09-12T08:15:00+09:00,J2,404,353,757
2019-09-12T08:15:00+09:00,J3,615,983,1598
2019-09-12T08:15:00+09:00,J4,469,878,1347
2019-09-12T08:30:00+09:00,J1,1108,679,1787
2019-09-12T08:30:00+09:00,J2,455,322,777
2019-09-12T08:30:00+09:00,J3,668,1003,1671
2019-09-12T08:30:00+09:00,J4,491,824,1315
2019-09-12T08:45:00+09:00,J1,902,736,1638
2019-09-12T08:45:00+09:00,J2,357,320,677
2019-09-12T08:45:00+09:00,J3,597,813,1410
2019-09-12T08:45:00+09:00,J4,505,755,1260
2019-09-12T09:00:00+09:00,J1,819,742,1561
2019-09-12T09:00:00+09:00,J2,349,296,645
2019-09-12T09:00:00+09:00,J3,564,557,1121
2019-09-12T09:00:00+09:00,J4,359,448,807
2019-09-12T09:15:00+09:00,J1,782,621,1403
2019-09-12T09:15:00+09:00,J2,312,260,572
2019-09-12T09:15:00+09:00,J3,508,472,980
2019-09-12T09:15:00+09:00,J4,501,583,1084
2019-09-12T09:30:00+09:00,J1,715,633,1348
2019-09-12T09:30:00+09:00,J2,360,262,622
2019-09-12T09:30:00+09:00,J3,542,538,1080
2019-09-12T09:30:00+09:00,J4,404,498,902
2019-09-12T09:45:00+09:00,J1,716,674,1390
2019-09-12T09:45:00+09:00,J2,365,324,689
2019-09-12T09:45:00+09:00,J3,474,528,1002
2019-09-12T09:45:00+09:00,J4,459,422,881
2019-09-12T10:00:00+09:00,J1,682,695,1377
2019-09-12T10:00:00+09:00,J2,297,242,539
2019-09-12T10:00:00+09:00,J3,451,378,829
2019-09-12T10:00:00+09:00,J4,484,419,903
2019-09-12T10:15:00+09:00,J1,708,747,1455
2019-09-12T10:15:00+09:00,J2,324,287,611
2019-09-12T10:15:00+09:00,J3,478,448,926
2019-09-12T10:15:00+09:00,J4,439,409,848
2019-09-12T10:30:00+09:00,J1,685,669,1354
2019-09-12T10:30:00+09:00,J2,329,318,647
2019-09-12T10:30:00+09:00,J3,529,465,994
2019-09-12T10:30:00+09:00,J4,494,460,954
2019-09-12T10:45:00+09:00,J1,727,732,1459
2019-09-12T10:45:00+09:00,J2,402,321,723
2019-09-12T10:45:00+09:00,J3,543,544,1087
2019-09-12T10:45:00+09:00,J4,622,566,1188
2019-09-12T11:00:00+09:00,J1,848,766,1614
2019-09-12T11:00:00+09:00,J2,430,368,798
2019-09-12T11:00:00+09:00,J3,579,492,1071
2019-09-12T11:00:00+09:00,J4,640,497,1137
2019-09-12T11:15:00+09:00,J1,707,736,1443
2019-09-12T11:15:00+09:00,J2,389,270,659
2019-09-12T11:15:00+09:00,J3,536,502,1038
2019-09-12T11:15:00+09:00,J4,661,540,1201
2019-09-12T11:30:00+09:00,J1,736,776,1512
2019-09-12T11:30:00+09:00,J2,365,240,605
2019-09-12T11:30:00+09:00,J3,473,486,959
2019-09-12T11:30:00+09:00,J4,538,480,1018
2019-09-12T11:45:00+09:00,J1,829,789,1618
2019-09-12T11:45:00+09:00,J2,369,281,650
2019-09-12T11:45:00+09:00,J3,552,469,1021
2019-09-12T11:45:00+09:00,J4,646,516,1162
2019-09-12T12:00:00+09:00,J1,775,777,1552
2019-09-12T12:00:00+09:00,J2,383,320,703
2019-09-12T12:00:00+09:00,J3,504,507,1011
2019-09-12T12:00:00+09:00,J4,651,554,1205
2019-09-12T12:15:00+09:00,J1,634,762,1396
2019-09-12T12:15:00+09:00,J2,380,295,675
2019-09-12T12:15:00+09:00,J3,616,548,1164
2019-09-12T12:15:00+09:00,J4,598,508,1106
2019-09-12T12:30:00+09:00,J1,646,665,1311
2019-09-12T12:30:00+09:00,J2,385,331,716
2019-09-12T12:30:00+09:00,J3,556,529,1085
2019-09-12T12:30:00+09:00,J4,608,529,1137
2019-09-12T12:45:00+09:00,J1,672,630,1302
2019-09-12T12:45:00+09:00,J2,390,296,686
2019-09-12T12:45:00+09:00,J3,573,511,1084
2019-09-12T12:45:00+09:00,J4,557,495,1052
2019-09-12T13:00:00+09:00,J1,562,687,1249
2019-09-12T13:00:00+09:00,J2,339,300,639
2019-09-12T13:00:00+09:00,J3,645,515,1160
2019-09-12T13:00:00+09:00,J4,598,483,1081
2019-09-12T13:15:00+09:00,J1,771,810,1581
2019-09-12T13:15:00+09:00,J2,356,302,658
2019-09-12T13:15:00+09:00,J3,615,573,1188
2019-09-12T13:15:00+09:00,J4,638,601,1239
2019-09-12T13:30:00+09:00,J1,754,917,1671
2019-09-12T13:30:00+09:00,J2,334,335,669
2019-09-12T13:30:00+09:00,J3,696,602,1298
2019-09-12T13:30:00+09:00,J4,640,597,1237
2019-09-12T13:45:00+09:00,J1,632,691,1323
2019-09-12T13:45:00+09:00,J2,286,313,599
2019-09-12T13:45:00+09:00,J3,600,556,1156
2019-09-12T13:45:00+09:00,J4,643,605,1248
2019-09-12T14:00:00+09:00,J1,695,812,1507
2019-09-12T14:00:00+09:00,J2,359,298,657
2019-09-12T14:00:00+09:00,J3,645,553,1198
2019-09-12T14:00:00+09:00,J4,596,580,1176
2019-09-12T14:15:00+09:00,J1,791,934,1725
2019-09-12T14:15:00+09:00,J2,373,333,706
2019-09-12T14:15:00+09:00,J3,715,710,1425
2019-09-12T14:15:00+09:00,J4,641,591,1232
2019-09-12T14:30:00+09:00,J1,663,779,1442
2019-09-12T14:30:00+09:00,J2,325,283,608
2019-09-12T14:30:00+09:00,J3,702,610,1312
2019-09-12T14:30:00+09:00,J4,618,519,1137
2019-09-12T14:45:00+09:00,J1,703,794,1497
2019-09-12T14:45:00+09:00,J2,362,282,644
2019-09-12T14:45:00+09:00,J3,725,575,1300
2019-09-12T14:45:00+09:00,J4,627,553,1180
2019-09-12T15:00:00+09:00,J1,621,711,1332
2019-09-12T15:00:00+09:00,J2,387,322,709
2019-09-12T15:00:00+09:00,J3,607,575,1182
2019-09-12T15:00:00+09:00,J4,631,561,1192
2019-09-12T15:15:00+09:00,J1,619,797,1416
2019-09-12T15:15:00+09:00,J2,349,323,672
2019-09-12T15:15:00+09:00,J3,634,576,1210
2019-09-12T15:15:00+09:00,J4,612,583,1195
2019-09-12T15:30:00+09:00,J1,725,831,1556
2019-09-12T15:30:00+09:00,J2,386,305,691
2019-09-12T15:30:00+09:00,J3,612,558,1170
2019-09-12T15:30:00+09:00,J4,627,533,1160
2019-09-12T15:45:00+09:00,J1,737,732,1469
2019-09-12T15:45:00+09:00,J2,389,253,642
2019-09-12T15:45:00+09:00,J3,640,551,1191
2019-09-12T15:45:00+09:00,J4,584,542,1126
2019-09-12T16:00:00+09:00,J1,668,709,1377
2019-09-12T16:00:00+09:00,J2,325,290,615
2019-09-12T16:00:00+09:00,J3,609,525,1134
2019-09-12T16:00:00+09:00,J4,616,542,1158
2019-09-12T16:15:00+09:00,J1,712,785,1497
2019-09-12T16:15:00+09:00,J2,406,274,680
2019-09-12T16:15:00+09:00,J3,574,513,1087
2019-09-12T16:15:00+09:00,J4,640,609,1249
2019-09-12T16:30:00+09:00,J1,706,839,1545
2019-09-12T16:30:00+09:00,J2,388,307,695
2019-09-12T16:30:00+09:00,J3,592,560,1152
2019-09-12T16:30:00+09:00,J4,646,601,1247
2019-09-12T16:45:00+09:00,J1,727,835,1562
2019-09-12T16:45:00+09:00,J2,374,319,693
2019-09-12T16:45:00+09:00,J3,651,549,1200
2019-09-12T16:45:00+09:00,J4,660,592,1252
2019-09-12T17:00:00+09:00,J1,824,946,1770
2019-09-12T17:00:00+09:00,J2,415,328,743
2019-09-12T17:00:00+09:00,J3,767,687,1454
2019-09-12T17:00:00+09:00,J4,698,585,1283
2019-09-12T17:15:00+09:00,J1,814,1061,1875
2019-09-12T17:15:00+09:00,J2,475,325,800
2019-09-12T17:15:00+09:00,J3,857,775,1632
2019-09-12T17:15:00+09:00,J4,756,721,1477
2019-09-12T17:30:00+09:00,J1,924,1002,1926
2019-09-12T17:30:00+09:00,J2,518,333,851
2019-09-12T17:30:00+09:00,J3,861,695,1556
2019-09-12T17:30:00+09:00,J4,884,625,1509
2019-09-12T17:45:00+09:00,J1,887,1132,2019
2019-09-12T17:45:00+09:00,J2,452,308,760
2019-09-12T17:45:00+09:00,J3,893,734,1627
2019-09-12T17:45:00+09:00,J4,916,582,1498
2019-09-12T18:00:00+09:00,J1,981,1164,2145
2019-09-12T18:00:00+09:00,J2,463,352,815
2019-09-12T18:00:00+09:00,J3,928,753,1681
2019-09-12T18:00:00+09:00,J4,872,493,1365
2019-09-12T18:15:00+09:00,J1,896,1051,1947
2019-09-12T18:15:00+09:00,J2,451,348,799
2019-09-12T18:15:00+09:00,J3,807,632,1439
2019-09-12T18:15:00+09:00,J4,916,614,1530
2019-09-12T18:30:00+09:00,J1,825,1002,1827
2019-09-12T18:30:00+09:00,J2,417,348,765
2019-09-12T18:30:00+09:00,J3,713,630,1343
2019-09-12T18:30:00+09:00,J4,796,512,1308
2019-09-12T18:45:00+09:00,J1,832,847,1679
2019-09-12T18:45:00+09:00,J2,375,286,661
2019-09-12T18:45:00+09:00,J3,629,590,1219
2019-09-12T18:45:00+09:00,J4,748,412,1160
2019-09-12T19:00:00+09:00,J1,746,880,1626
2019-09-12T19:00:00+09:00,J2,383,254,637
2019-09-12T19:00:00+09:00,J3,620,585,1205
2019-09-12T19:00:00+09:00,J4,594,355,949
2019-09-12T19:15:00+09:00,J1,776,905,1681
2019-09-12T19:15:00+09:00,J2,329,284,613
2019-09-12T19:15:00+09:00,J3,571,553,1124
2019-09-12T19:15:00+09:00,J4,586,376,962
2019-09-12T19:30:00+09:00,J1,695,819,1514
2019-09-12T19:30:00+09:00,J2,277,251,528
2019-09-12T19:30:00+09:00,J3,612,526,1138
2019-09-12T19:30:00+09:00,J4,492,289,781
2019-09-12T19:45:00+09:00,J1,672,857,1529
2019-09-12T19:45:00+09:00,J2,257,219,476
2019-09-12T19:45:00+09:00,J3,524,477,1001
2019-09-12T19:45:00+09:00,J4,405,297,702
2019-09-12T20:00:00+09:00,J1,656,703,1359
2019-09-12T20:00:00+09:00,J2,259,232,491
2019-09-12T20:00:00+09:00,J3,454,450,904
2019-09-12T20:00:00+09:00,J4,424,304,728
2019-09-12T20:15:00+09:00,J1,645,780,1425
2019-09-12T20:15:00+09:00,J2,285,235,520
2019-09-12T20:15:00+09:00,J3,464,463,927
2019-09-12T20:15:00+09:00,J4,469,351,820
2019-09-12T20:30:00+09:00,J1,741,828,1569
2019-09-12T20:30:00+09:00,J2,260,237,497
2019-09-12T20:30:00+09:00,J3,516,511,1027
2019-09-12T20:30:00+09:00,J4,523,419,942
2019-09-12T20:45:00+09:00,J1,620,750,1370
2019-09-12T20:45:00+09:00,J2,272,231,503
2019-09-12T20:45:00+09:00,J3,443,462,905
2019-09-12T20:45:00+09:00,J4,431,323,754
2019-09-12T21:00:00+09:00,J1,713,800,1513
2019-09-12T21:00:00+09:00,J2,292,282,574
2019-09-12T21:00:00+09:00,J3,419,372,791
2019-09-12T21:00:00+09:00,J4,535,437,972
2019-09-12T21:15:00+09:00,J1,746,819,1565
2019-09-12T21:15:00+09:00,J2,274,271,545
2019-09-12T21:15:00+09:00,J3,434,369,803
2019-09-12T21:15:00+09:00,J4,499,415,914
2019-09-12T21:30:00+09:00,J1,658,754,1412
2019-09-12T21:30:00+09:00,J2,232,257,489
2019-09-12T21:30:00+09:00,J3,419,409,828
2019-09-12T21:30:00+09:00,J4,541,466,1007
2019-09-12T21:45:00+09:00,J1,642,705,1347
2019-09-12T21:45:00+09:00,J2,227,194,421
2019-09-12T21:45:00+09:00,J3,370,328,698
2019-09-12T21:45:00+09:00,J4,549,487,1036
2019-09-12T22:00:00+09:00,J1,621,721,1342
2019-09-12T22:00:00+09:00,J2,253,241,494
2019-09-12T22:00:00+09:00,J3,412,335,747
2019-09-12T22:00:00+09:00,J4,596,607,1203
2019-09-12T22:15:00+09:00,J1,600,710,1310
2019-09-12T22:15:00+09:00,J2,209,199,408
2019-09-12T22:15:00+09:00,J3,369,299,668
2019-09-12T22:15:00+09:00,J4,689,653,1342
2019-09-12T22:30:00+09:00,J1,663,702,1365
2019-09-12T22:30:00+09:00,J2,255,225,480
2019-09-12T22:30:00+09:00,J3,327,310,637
2019-09-12T22:30:00+09:00,J4,689,666,1355
2019-09-12T22:45:00+09:00,J1,691,846,1537
2019-09-12T22:45:00+09:00,J2,211,211,422
2019-09-12T22:45:00+09:00,J3,370,324,694
2019-09-12T22:45:00+09:00,J4,605,595,1200
2019-09-12T23:00:00+09:00,J1,663,715,1378
2019-09-12T23:00:00+09:00,J2,229,193,422
2019-09-12T23:00:00+09:00,J3,373,321,694
2019-09-12T23:00:00+09:00,J4,554,509,1063
2019-09-12T23:15:00+09:00,J1,658,775,1433
2019-09-12T23:15:00+09:00,J2,211,183,394
2019-09-12T23:15:00+09:00,J3,399,375,774
2019-09-12T23:15:00+09:00,J4,603,659,1262
2019-09-12T23:30:00+09:00,J1,684,765,1449
2019-09-12T23:30:00+09:00,J2,224,173,397
2019-09-12T23:30:00+09:00,J3,407,384,791
2019-09-12T23:30:00+09:00,J4,453,477,930
2019-09-12T23:45:00+09:00,J1,590,609,1199
2019-09-12T23:45:00+09:00,J2,247,198,445
2019-09-12T23:45:00+09:00,J3,391,399,790
2019-09-12T23:45:00+09:00,J4,580,530,1110
2019-09-13T00:00:00+09:00,J1,503,503,1006
2019-09-13T00:00:00+09:00,J2,220,197,417
2019-09-13T00:00:00+09:00,J3,335,257,592
2019-09-13T00:00:00+09:00,J4,650,598,1248
2019-09-13T00:15:00+09:00,J1,282,303,585
2019-09-13T00:15:00+09:00,J2,305,305,610
2019-09-13T00:15:00+09:00,J3,309,274,583
2019-09-13T00:15:00+09:00,J4,400,398,798
2019-09-13T00:30:00+09:00,J1,339,304,643
2019-09-13T00:30:00+09:00,J2,213,187,400
2019-09-13T00:30:00+09:00,J3,297,275,572
2019-09-13T00:30:00+09:00,J4,236,248,484
2019-09-13T00:45:00+09:00,J1,248,208,456
2019-09-13T00:45:00+09:00,J2,176,159,335
2019-09-13T00:45:00+09:00,J3,313,320,633
2019-09-13T00:45:00+09:00,J4,262,229,491
2019-09-13T05:45:00+09:00,J1,269,241,510
2019-09-13T05:45:00+09:00,J2,175,133,308
2019-09-13T05:45:00+09:00,J3,310,273,583
2019-09-13T05:45:00+09:00,J4,585,585,1170
2019-09-13T06:00:00+09:00,J1,360,271,631
2019-09-13T06:00:00+09:00,J2,209,185,394
2019-09-13T06:00:00+09:00,J3,421,318,739
2019-09-13T06:00:00+09:00,J4,422,357,779
2019-09-13T06:15:00+09:00,J1,415,395,810
2019-09-13T06:15:00+09:00,J2,207,200,407
2019-09-13T06:15:00+09:00,J3,424,363,787
2019-09-13T06:15:00+09:00,J4,534,586,1120
2019-09-13T06:30:00+09:00,J1,510,489,999
2019-09-13T06:30:00+09:00,J2,222,199,421
2019-09-13T06:30:00+09:00,J3,439,382,821
2019-09-13T06:30:00+09:00,J4,618,634,1252
2019-09-13T06:45:00+09:00,J1,690,696,1386
2019-09-13T06:45:00+09:00,J2,194,179,373
2019-09-13T06:45:00+09:00,J3,452,337,789
2019-09-13T06:45:00+09:00,J4,550,534,1084
2019-09-13T07:00:00+09:00,J1,571,597,1168
2019-09-13T07:00:00+09:00,J2,282,164,446
2019-09-13T07:00:00+09:00,J3,432,418,850
2019-09-13T07:00:00+09:00,J4,646,694,1340
2019-09-13T07:15:00+09:00,J1,693,679,1372
2019-09-13T07:15:00+09:00,J2,289,214,503
2019-09-13T07:15:00+09:00,J3,504,467,971
2019-09-13T07:15:00+09:00,J4,623,681,1304
2019-09-13T07:30:00+09:00,J1,689,610,1299
2019-09-13T07:30:00+09:00,J2,292,269,561
2019-09-13T07:30:00+09:00,J3,390,482,872
2019-09-13T07:30:00+09:00,J4,643,758,1401
2019-09-13T07:45:00+09:00,J1,826,731,1557
2019-09-13T07:45:00+09:00,J2,424,374,798
2019-09-13T07:45:00+09:00,J3,552,606,1158
2019-09-13T07:45:00+09:00,J4,673,836,1509
2019-09-13T08:00:00+09:00,J1,1017,782,1799
2019-09-13T08:00:00+09:00,J2,366,327,693
2019-09-13T08:00:00+09:00,J3,585,704,1289
2019-09-13T08:00:00+09:00,J4,691,848,1539
2019-09-13T08:15:00+09:00,J1,1199,814,2013
2019-09-13T08:15:00+09:00,J2,431,366,797
2019-09-13T08:15:00+09:00,J3,702,876,1578
2019-09-13T08:15:00+09:00,J4,470,880,1350
2019-09-13T08:30:00+09:00,J1,1206,817,2023
2019-09-13T08:30:00+09:00,J2,475,374,849
2019-09-13T08:30:00+09:00,J3,715,932,1647
2019-09-13T08:30:00+09:00,J4,594,866,1460
2019-09-13T08:45:00+09:00,J1,952,748,1700
2019-09-13T08:45:00+09:00,J2,406,309,715
2019-09-13T08:45:00+09:00,J3,580,689,1269
2019-09-13T08:45:00+09:00,J4,466,761,1227
2019-09-13T09:00:00+09:00,J1,899,755,1654
2019-09-13T09:00:00+09:00,J2,391,215,606
2019-09-13T09:00:00+09:00,J3,610,544,1154
2019-09-13T09:00:00+09:00,J4,380,562,942
2019-09-13T09:15:00+09:00,J1,769,632,1401
2019-09-13T09:15:00+09:00,J2,398,247,645
2019-09-13T09:15:00+09:00,J3,528,533,1061
2019-09-13T09:15:00+09:00,J4,377,493,870
2019-09-13T09:30:00+09:00,J1,768,677,1445
2019-09-13T09:30:00+09:00,J2,344,252,596
2019-09-13T09:30:00+09:00,J3,562,507,1069
2019-09-13T09:30:00+09:00,J4,371,435,806
2019-09-13T09:45:00+09:00,J1,734,658,1392
2019-09-13T09:45:00+09:00,J2,376,284,660
2019-09-13T09:45:00+09:00,J3,553,504,1057
2019-09-13T09:45:00+09:00,J4,350,386,736
2019-09-13T10:00:00+09:00,J1,697,733,1430
2019-09-13T10:00:00+09:00,J2,329,262,591
2019-09-13T10:00:00+09:00,J3,470,389,859
2019-09-13T10:00:00+09:00,J4,362,315,677
2019-09-13T10:15:00+09:00,J1,578,540,1118
2019-09-13T10:15:00+09:00,J2,337,311,648
2019-09-13T10:15:00+09:00,J3,468,399,867
2019-09-13T10:15:00+09:00,J4,350,352,702
2019-09-13T10:30:00+09:00,J1,724,666,1390
2019-09-13T10:30:00+09:00,J2,348,272,620
2019-09-13T10:30:00+09:00,J3,494,450,944
2019-09-13T10:30:00+09:00,J4,463,411,874
2019-09-13T10:45:00+09:00,J1,715,710,1425
2019-09-13T10:45:00+09:00,J2,400,334,734
2019-09-13T10:45:00+09:00,J3,479,460,939
2019-09-13T10:45:00+09:00,J4,367,380,747
2019-09-13T11:00:00+09:00,J1,711,711,1422
2019-09-13T11:00:00+09:00,J2,347,322,669
2019-09-13T11:00:00+09:00,J3,473,477,950
2019-09-13T11:00:00+09:00,J4,392,393,785
2019-09-13T11:15:00+09:00,J1,721,720,1441
2019-09-13T11:15:00+09:00,J2,317,317,634
2019-09-13T11:15:00+09:00,J3,486,468,954
2019-09-13T11:15:00+09:00,J4,465,431,896
2019-09-13T11:30:00+09:00,J1,671,694,1365
2019-09-13T11:30:00+09:00,J2,414,343,757
2019-09-13T11:30:00+09:00,J3,476,492,968
2019-09-13T11:30:00+09:00,J4,481,393,874
2019-09-13T11:45:00+09:00,J1,709,685,1394
2019-09-13T11:45:00+09:00,J2,408,307,715
2019-09-13T11:45:00+09:00,J3,501,490,991
2019-09-13T11:45:00+09:00,J4,471,371,842
2019-09-13T12:00:00+09:00,J1,663,827,1490
2019-09-13T12:00:00+09:00,J2,413,305,718
2019-09-13T12:00:00+09:00,J3,537,483,1020
2019-09-13T12:00:00+09:00,J4,613,439,1052
2019-09-13T12:15:00+09:00,J1,660,762,1422
2019-09-13T12:15:00+09:00,J2,385,273,658
2019-09-13T12:15:00+09:00,J3,630,475,1105
2019-09-13T12:15:00+09:00,J4,701,491,1192
2019-09-13T12:30:00+09:00,J1,742,730,1472
2019-09-13T12:30:00+09:00,J2,425,312,737
2019-09-13T12:30:00+09:00,J3,653,550,1203
2019-09-13T12:30:00+09:00,J4,655,569,1224
2019-09-13T12:45:00+09:00,J1,685,784,1469
2019-09-13T12:45:00+09:00,J2,386,312,698
2019-09-13T12:45:00+09:00,J3,559,542,1101
2019-09-13T12:45:00+09:00,J4,648,591,1239
2019-09-13T13:00:00+09:00,J1,731,834,1565
2019-09-13T13:00:00+09:00,J2,421,326,747
2019-09-13T13:00:00+09:00,J3,578,476,1054
2019-09-13T13:00:00+09:00,J4,668,601,1269
2019-09-13T13:15:00+09:00,J1,686,784,1470
2019-09-13T13:15:00+09:00,J2,342,290,632
2019-09-13T13:15:00+09:00,J3,546,513,1059
2019-09-13T13:15:00+09:00,J4,655,607,1262
2019-09-13T13:30:00+09:00,J1,700,752,1452
2019-09-13T13:30:00+09:00,J2,333,277,610
2019-09-13T13:30:00+09:00,J3,617,495,1112
2019-09-13T13:30:00+09:00,J4,588,623,1211
2019-09-13T13:45:00+09:00,J1,684,730,1414
2019-09-13T13:45:00+09:00,J2,378,291,669
2019-09-13T13:45:00+09:00,J3,647,579,1226
2019-09-13T13:45:00+09:00,J4,585,601,1186
2019-09-13T14:00:00+09:00,J1,650,768,1418
2019-09-13T14:00:00+09:00,J2,312,264,576
2019-09-13T14:00:00+09:00,J3,651,574,1225
2019-09-13T14:00:00+09:00,J4,635,593,1228
2019-09-13T14:15:00+09:00,J1,607,712,1319
2019-09-13T14:15:00+09:00,J2,298,329,627
2019-09-13T14:15:00+09:00,J3,621,515,1136
2019-09-13T14:15:00+09:00,J4,646,582,1228
2019-09-13T14:30:00+09:00,J1,646,699,1345
2019-09-13T14:30:00+09:00,J2,316,327,643
2019-09-13T14:30:00+09:00,J3,671,581,1252
2019-09-13T14:30:00+09:00,J4,641,627,1268
2019-09-13T14:45:00+09:00,J1,629,638,1267
2019-09-13T14:45:00+09:00,J2,369,289,658
2019-09-13T14:45:00+09:00,J3,644,593,1237
2019-09-13T14:45:00+09:00,J4,640,538,1178
2019-09-13T15:00:00+09:00,J1,623,672,1295
2019-09-13T15:00:00+09:00,J2,328,280,608
2019-09-13T15:00:00+09:00,J3,713,642,1355
2019-09-13T15:00:00+09:00,J4,657,552,1209
2019-09-13T15:15:00+09:00,J1,621,681,1302
2019-09-13T15:15:00+09:00,J2,329,291,620
2019-09-13T15:15:00+09:00,J3,669,570,1239
2019-09-13T15:15:00+09:00,J4,627,587,1214
2019-09-13T15:30:00+09:00,J1,633,637,1270
2019-09-13T15:30:00+09:00,J2,288,327,615
2019-09-13T15:30:00+09:00,J3,619,553,1172
2019-09-13T15:30:00+09:00,J4,593,471,1064
2019-09-13T15:45:00+09:00,J1,592,673,1265
2019-09-13T15:45:00+09:00,J2,327,311,638
2019-09-13T15:45:00+09:00,J3,622,576,1198
2019-09-13T15:45:00+09:00,J4,536,416,952
2019-09-13T16:00:00+09:00,J1,629,668,1297
2019-09-13T16:00:00+09:00,J2,327,299,626
2019-09-13T16:00:00+09:00,J3,606,515,1121
2019-09-13T16:00:00+09:00,J4,580,429,1009
2019-09-13T16:15:00+09:00,J1,652,729,1381
2019-09-13T16:15:00+09:00,J2,378,351,729
2019-09-13T16:15:00+09:00,J3,619,500,1119
2019-09-13T16:15:00+09:00,J4,662,488,1150
2019-09-13T16:30:00+09:00,J1,655,734,1389
2019-09-13T16:30:00+09:00,J2,336,332,668
2019-09-13T16:30:00+09:00,J3,606,611,1217
2019-09-13T16:30:00+09:00,J4,683,566,1249
2019-09-13T16:45:00+09:00,J1,640,721,1361
2019-09-13T16:45:00+09:00,J2,364,352,716
2019-09-13T16:45:00+09:00,J3,739,622,1361
2019-09-13T16:45:00+09:00,J4,630,565,1195
2019-09-13T17:00:00+09:00,J1,667,862,1529
2019-09-13T17:00:00+09:00,J2,364,336,700
2019-09-13T17:00:00+09:00,J3,877,723,1600
2019-09-13T17:00:00+09:00,J4,660,558,1218
2019-09-13T17:15:00+09:00,J1,797,920,1717
2019-09-13T17:15:00+09:00,J2,466,357,823
2019-09-13T17:15:00+09:00,J3,869,757,1626
2019-09-13T17:15:00+09:00,J4,705,528,1233
2019-09-13T17:30:00+09:00,J1,796,924,1720
2019-09-13T17:30:00+09:00,J2,454,359,813
2019-09-13T17:30:00+09:00,J3,882,790,1672
2019-09-13T17:30:00+09:00,J4,796,631,1427
2019-09-13T17:45:00+09:00,J1,829,1050,1879
2019-09-13T17:45:00+09:00,J2,522,359,881
2019-09-13T17:45:00+09:00,J3,894,625,1519
2019-09-13T17:45:00+09:00,J4,798,712,1510
2019-09-13T18:00:00+09:00,J1,802,1096,1898
2019-09-13T18:00:00+09:00,J2,532,387,919
2019-09-13T18:00:00+09:00,J3,982,645,1627
2019-09-13T18:00:00+09:00,J4,793,655,1448
2019-09-13T18:15:00+09:00,J1,802,1009,1811
2019-09-13T18:15:00+09:00,J2,519,339,858
2019-09-13T18:15:00+09:00,J3,966,709,1675
2019-09-13T18:15:00+09:00,J4,894,648,1542
2019-09-13T18:30:00+09:00,J1,752,936,1688
2019-09-13T18:30:00+09:00,J2,418,323,741
2019-09-13T18:30:00+09:00,J3,893,684,1577
2019-09-13T18:30:00+09:00,J4,804,621,1425
2019-09-13T18:45:00+09:00,J1,663,874,1537
2019-09-13T18:45:00+09:00,J2,394,324,718
2019-09-13T18:45:00+09:00,J3,762,653,1415
2019-09-13T18:45:00+09:00,J4,763,579,1342
2019-09-13T19:00:00+09:00,J1,607,822,1429
2019-09-13T19:00:00+09:00,J2,413,341,754
2019-09-13T19:00:00+09:00,J3,700,541,1241
2019-09-13T19:00:00+09:00,J4,751,512,1263
2019-09-13T19:15:00+09:00,J1,645,808,1453
2019-09-13T19:15:00+09:00,J2,331,319,650
2019-09-13T19:15:00+09:00,J3,684,507,1191
2019-09-13T19:15:00+09:00,J4,705,477,1182
2019-09-13T19:30:00+09:00,J1,603,754,1357
2019-09-13T19:30:00+09:00,J2,294,269,563
2019-09-13T19:30:00+09:00,J3,589,518,1107
2019-09-13T19:30:00+09:00,J4,614,468,1082
2019-09-13T19:45:00+09:00,J1,612,749,1361
2019-09-13T19:45:00+09:00,J2,295,270,565
2019-09-13T19:45:00+09:00,J3,509,496,1005
2019-09-13T19:45:00+09:00,J4,591,404,995
2019-09-13T20:00:00+09:00,J1,596,769,1365
2019-09-13T20:00:00+09:00,J2,276,302,578
2019-09-13T20:00:00+09:00,J3,514,507,1021
2019-09-13T20:00:00+09:00,J4,590,427,1017
2019-09-13T20:15:00+09:00,J1,582,738,1320
2019-09-13T20:15:00+09:00,J2,279,310,589
2019-09-13T20:15:00+09:00,J3,486,517,1003
2019-09-13T20:15:00+09:00,J4,518,376,894
2019-09-13T20:30:00+09:00,J1,598,660,1258
2019-09-13T20:30:00+09:00,J2,293,274,567
2019-09-13T20:30:00+09:00,J3,509,530,1039
2019-09-13T20:30:00+09:00,J4,616,438,1054
2019-09-13T20:45:00+09:00,J1,604,653,1257
2019-09-13T20:45:00+09:00,J2,262,235,497
2019-09-13T20:45:00+09:00,J3,526,459,985
2019-09-13T20:45:00+09:00,J4,558,373,931
2019-09-13T21:00:00+09:00,J1,634,742,1376
2019-09-13T21:00:00+09:00,J2,326,269,595
2019-09-13T21:00:00+09:00,J3,446,392,838
2019-09-13T21:00:00+09:00,J4,546,439,985
2019-09-13T21:15:00+09:00,J1,553,725,1278
2019-09-13T21:15:00+09:00,J2,307,233,540
2019-09-13T21:15:00+09:00,J3,467,448,915
2019-09-13T21:15:00+09:00,J4,644,527,1171
2019-09-13T21:30:00+09:00,J1,613,693,1306
2019-09-13T21:30:00+09:00,J2,298,214,512
2019-09-13T21:30:00+09:00,J3,485,405,890
2019-09-13T21:30:00+09:00,J4,560,489,1049
2019-09-13T21:45:00+09:00,J1,601,696,1297
2019-09-13T21:45:00+09:00,J2,283,250,533
2019-09-13T21:45:00+09:00,J3,480,467,947
2019-09-13T21:45:00+09:00,J4,593,521,1114
2019-09-13T22:00:00+09:00,J1,540,614,1154
2019-09-13T22:00:00+09:00,J2,287,278,565
2019-09-13T22:00:00+09:00,J3,569,467,1036
2019-09-13T22:00:00+09:00,J4,636,570,1206
2019-09-13T22:15:00+09:00,J1,588,673,1261
2019-09-13T22:15:00+09:00,J2,246,235,481
2019-09-13T22:15:00+09:00,J3,551,502,1053
2019-09-13T22:15:00+09:00,J4,716,723,1439
2019-09-13T22:30:00+09:00,J1,595,649,1244
2019-09-13T22:30:00+09:00,J2,231,228,459
2019-09-13T22:30:00+09:00,J3,570,552,1122
2019-09-13T22:30:00+09:00,J4,695,655,1350
2019-09-13T22:45:00+09:00,J1,567,631,1198
2019-09-13T22:45:00+09:00,J2,211,197,408
2019-09-13T22:45:00+09:00,J3,592,476,1068
2019-09-13T22:45:00+09:00,J4,699,710,1409
2019-09-13T23:00:00+09:00,J1,544,644,1188
2019-09-13T23:00:00+09:00,J2,234,260,494
2019-09-13T23:00:00+09:00,J3,525,451,976
2019-09-13T23:00:00+09:00,J4,684,623,1307
2019-09-13T23:15:00+09:00,J1,470,562,1032
2019-09-13T23:15:00+09:00,J2,267,253,520
2019-09-13T23:15:00+09:00,J3,428,468,896
2019-09-13T23:15:00+09:00,J4,671,592,1263
2019-09-13T23:30:00+09:00,J1,416,468,884
2019-09-13T23:30:00+09:00,J2,243,259,502
2019-09-13T23:30:00+09:00,J3,389,406,795
2019-09-13T23:30:00+09:00,J4,589,549,1138
2019-09-13T23:45:00+09:00,J1,490,551,1041
2019-09-13T23:45:00+09:00,J2,250,260,510
2019-09-13T23:45:00+09:00,J3,531,438,969
2019-09-13T23:45:00+09:00,J4,667,679,1346
2019-09-14T00:00:00+09:00,J1,365,330,695
2019-09-14T00:00:00+09:00,J2,205,202,407
2019-09-14T00:00:00+09:00,J3,502,432,934
2019-09-14T00:00:00+09:00,J4,637,648,1285
2019-09-14T00:15:00+09:00,J1,194,190,384
2019-09-14T00:15:00+09:00,J2,172,178,350
2019-09-14T00:15:00+09:00,J3,338,317,655
2019-09-14T00:15:00+09:00,J4,314,302,616
2019-09-14T00:30:00+09:00,J1,152,154,306
2019-09-14T00:30:00+09:00,J2,215,119,334
2019-09-14T00:30:00+09:00,J3,334,318,652
2019-09-14T00:30:00+09:00,J4,300,314,614
2019-09-14T00:45:00+09:00,J1,172,162,334
2019-09-14T00:45:00+09:00,J2,193,92,285
2019-09-14T00:45:00+09:00,J3,325,302,627
2019-09-14T00:45:00+09:00,J4,315,319,634
2019-09-14T05:45:00+09:00,J1,44,58,102
2019-09-14T05:45:00+09:00,J2,54,68,122
2019-09-14T05:45:00+09:00,J3,351,303,654
2019-09-14T05:45:00+09:00,J4,235,241,476
2019-09-14T06:00:00+09:00,J1,41,37,78
2019-09-14T06:00:00+09:00,J2,76,65,141
2019-09-14T06:00:00+09:00,J3,305,262,567
2019-09-14T06:00:00+09:00,J4,282,308,590
2019-09-14T06:15:00+09:00,J1,87,103,190
2019-09-14T06:15:00+09:00,J2,101,85,186
2019-09-14T06:15:00+09:00,J3,333,285,618
2019-09-14T06:15:00+09:00,J4,457,506,963
2019-09-14T06:30:00+09:00,J1,131,135,266
2019-09-14T06:30:00+09:00,J2,301,190,491
2019-09-14T06:30:00+09:00,J3,290,278,568
2019-09-14T06:30:00+09:00,J4,444,444,888
2019-09-14T06:45:00+09:00,J1,209,181,390
2019-09-14T06:45:00+09:00,J2,278,237,515
2019-09-14T06:45:00+09:00,J3,286,272,558
2019-09-14T06:45:00+09:00,J4,455,458,913
2019-09-14T07:00:00+09:00,J1,295,311,606
2019-09-14T07:00:00+09:00,J2,273,229,502
2019-09-14T07:00:00+09:00,J3,289,309,598
2019-09-14T07:00:00+09:00,J4,531,547,1078
2019-09-14T07:15:00+09:00,J1,325,268,593
2019-09-14T07:15:00+09:00,J2,269,176,445
2019-09-14T07:15:00+09:00,J3,303,267,570
2019-09-14T07:15:00+09:00,J4,611,561,1172
2019-09-14T07:30:00+09:00,J1,330,333,663
2019-09-14T07:30:00+09:00,J2,237,180,417
2019-09-14T07:30:00+09:00,J3,362,351,713
2019-09-14T07:30:00+09:00,J4,476,511,987
2019-09-14T07:45:00+09:00,J1,326,287,613
2019-09-14T07:45:00+09:00,J2,241,220,461
2019-09-14T07:45:00+09:00,J3,289,298,587
2019-09-14T07:45:00+09:00,J4,394,469,863
2019-09-14T08:00:00+09:00,J1,501,468,969
2019-09-14T08:00:00+09:00,J2,252,298,550
2019-09-14T08:00:00+09:00,J3,290,315,605
2019-09-14T08:00:00+09:00,J4,295,352,647
2019-09-14T08:15:00+09:00,J1,620,510,1130
2019-09-14T08:15:00+09:00,J2,297,291,588
2019-09-14T08:15:00+09:00,J3,346,334,680
2019-09-14T08:15:00+09:00,J4,390,450,840
2019-09-14T08:30:00+09:00,J1,555,458,1013
2019-09-14T08:30:00+09:00,J2,307,269,576
2019-09-14T08:30:00+09:00,J3,340,398,738
2019-09-14T08:30:00+09:00,J4,371,481,852
2019-09-14T08:45:00+09:00,J1,501,444,945
2019-09-14T08:45:00+09:00,J2,279,299,578
2019-09-14T08:45:00+09:00,J3,304,358,662
2019-09-14T08:45:00+09:00,J4,313,324,637
2019-09-14T09:00:00+09:00,J1,483,425,908
2019-09-14T09:00:00+09:00,J2,328,301,629
2019-09-14T09:00:00+09:00,J3,278,282,560
2019-09-14T09:00:00+09:00,J4,338,346,684
2019-09-14T09:15:00+09:00,J1,532,416,948
2019-09-14T09:15:00+09:00,J2,279,277,556
2019-09-14T09:15:00+09:00,J3,349,334,683
2019-09-14T09:15:00+09:00,J4,381,358,739
2019-09-14T09:30:00+09:00,J1,508,475,983
2019-09-14T09:30:00+09:00,J2,290,224,514
2019-09-14T09:30:00+09:00,J3,339,355,694
2019-09-14T09:30:00+09:00,J4,380,412,792
2019-09-14T09:45:00+09:00,J1,484,390,874
2019-09-14T09:45:00+09:00,J2,305,205,510
2019-09-14T09:45:00+09:00,J3,462,375,837
2019-09-14T09:45:00+09:00,J4,365,386,751
2019-09-14T10:00:00+09:00,J1,434,343,777
2019-09-14T10:00:00+09:00,J2,270,236,506
2019-09-14T10:00:00+09:00,J3,518,379,897
2019-09-14T10:00:00+09:00,J4,377,319,696
2019-09-14T10:15:00+09:00,J1,631,486,1117
2019-09-14T10:15:00+09:00,J2,297,272,569
2019-09-14T10:15:00+09:00,J3,531,448,979
2019-09-14T10:15:00+09:00,J4,452,450,902
2019-09-14T10:30:00+09:00,J1,598,437,1035
2019-09-14T10:30:00+09:00,J2,296,298,594
2019-09-14T10:30:00+09:00,J3,597,455,1052
2019-09-14T10:30:00+09:00,J4,516,569,1085
2019-09-14T10:45:00+09:00,J1,561,493,1054
2019-09-14T10:45:00+09:00,J2,400,314,714
2019-09-14T10:45:00+09:00,J3,585,467,1052
2019-09-14T10:45:00+09:00,J4,613,549,1162
2019-09-14T11:00:00+09:00,J1,609,545,1154
2019-09-14T11:00:00+09:00,J2,423,316,739
2019-09-14T11:00:00+09:00,J3,683,572,1255
2019-09-14T11:00:00+09:00,J4,576,556,1132
2019-09-14T11:15:00+09:00,J1,598,592,1190
2019-09-14T11:15:00+09:00,J2,423,289,712
2019-09-14T11:15:00+09:00,J3,737,716,1453
2019-09-14T11:15:00+09:00,J4,588,555,1143
2019-09-14T11:30:00+09:00,J1,671,639,1310
2019-09-14T11:30:00+09:00,J2,484,263,747
2019-09-14T11:30:00+09:00,J3,735,659,1394
2019-09-14T11:30:00+09:00,J4,602,592,1194
2019-09-14T11:45:00+09:00,J1,634,727,1361
2019-09-14T11:45:00+09:00,J2,412,261,673
2019-09-14T11:45:00+09:00,J3,710,630,1340
2019-09-14T11:45:00+09:00,J4,655,566,1221
2019-09-14T12:00:00+09:00,J1,712,691,1403
2019-09-14T12:00:00+09:00,J2,424,285,709
2019-09-14T12:00:00+09:00,J3,776,658,1434
2019-09-14T12:00:00+09:00,J4,622,531,1153
2019-09-14T12:15:00+09:00,J1,811,751,1562
2019-09-14T12:15:00+09:00,J2,322,266,588
2019-09-14T12:15:00+09:00,J3,772,742,1514
2019-09-14T12:15:00+09:00,J4,647,554,1201
2019-09-14T12:30:00+09:00,J1,713,767,1480
2019-09-14T12:30:00+09:00,J2,351,356,707
2019-09-14T12:30:00+09:00,J3,706,684,1390
2019-09-14T12:30:00+09:00,J4,636,581,1217
2019-09-14T12:45:00+09:00,J1,704,732,1436
2019-09-14T12:45:00+09:00,J2,308,293,601
2019-09-14T12:45:00+09:00,J3,731,714,1445
2019-09-14T12:45:00+09:00,J4,667,570,1237
2019-09-14T13:00:00+09:00,J1,715,696,1411
2019-09-14T13:00:00+09:00,J2,374,246,620
2019-09-14T13:00:00+09:00,J3,821,640,1461
2019-09-14T13:00:00+09:00,J4,573,559,1132
2019-09-14T13:15:00+09:00,J1,721,789,1510
2019-09-14T13:15:00+09:00,J2,392,276,668
2019-09-14T13:15:00+09:00,J3,811,685,1496
2019-09-14T13:15:00+09:00,J4,677,620,1297
2019-09-14T13:30:00+09:00,J1,696,728,1424
2019-09-14T13:30:00+09:00,J2,322,262,584
2019-09-14T13:30:00+09:00,J3,783,652,1435
2019-09-14T13:30:00+09:00,J4,622,542,1164
2019-09-14T13:45:00+09:00,J1,709,732,1441
2019-09-14T13:45:00+09:00,J2,324,282,606
2019-09-14T13:45:00+09:00,J3,719,658,1377
2019-09-14T13:45:00+09:00,J4,671,585,1256
2019-09-14T14:00:00+09:00,J1,683,775,1458
2019-09-14T14:00:00+09:00,J2,340,291,631
2019-09-14T14:00:00+09:00,J3,727,642,1369
2019-09-14T14:00:00+09:00,J4,644,548,1192
2019-09-14T14:15:00+09:00,J1,658,794,1452
2019-09-14T14:15:00+09:00,J2,337,314,651
2019-09-14T14:15:00+09:00,J3,751,666,1417
2019-09-14T14:15:00+09:00,J4,665,544,1209
2019-09-14T14:30:00+09:00,J1,770,801,1571
2019-09-14T14:30:00+09:00,J2,362,309,671
2019-09-14T14:30:00+09:00,J3,749,724,1473
2019-09-14T14:30:00+09:00,J4,611,460,1071
2019-09-14T14:45:00+09:00,J1,726,781,1507
2019-09-14T14:45:00+09:00,J2,316,289,605
2019-09-14T14:45:00+09:00,J3,763,669,1432
2019-09-14T14:45:00+09:00,J4,664,579,1243
2019-09-14T15:00:00+09:00,J1,731,737,1468
2019-09-14T15:00:00+09:00,J2,326,266,592
2019-09-14T15:00:00+09:00,J3,761,637,1398
2019-09-14T15:00:00+09:00,J4,618,595,1213
2019-09-14T15:15:00+09:00,J1,725,826,1551
2019-09-14T15:15:00+09:00,J2,325,302,627
2019-09-14T15:15:00+09:00,J3,728,669,1397
2019-09-14T15:15:00+09:00,J4,693,602,1295
2019-09-14T15:30:00+09:00,J1,686,810,1496
2019-09-14T15:30:00+09:00,J2,326,312,638
2019-09-14T15:30:00+09:00,J3,679,658,1337
2019-09-14T15:30:00+09:00,J4,645,564,1209
2019-09-14T15:45:00+09:00,J1,741,824,1565
2019-09-14T15:45:00+09:00,J2,336,271,607
2019-09-14T15:45:00+09:00,J3,670,676,1346
2019-09-14T15:45:00+09:00,J4,640,660,1300
2019-09-14T16:00:00+09:00,J1,690,811,1501
2019-09-14T16:00:00+09:00,J2,352,262,614
2019-09-14T16:00:00+09:00,J3,720,610,1330
2019-09-14T16:00:00+09:00,J4,685,574,1259
2019-09-14T16:15:00+09:00,J1,736,816,1552
2019-09-14T16:15:00+09:00,J2,400,286,686
2019-09-14T16:15:00+09:00,J3,762,667,1429
2019-09-14T16:15:00+09:00,J4,646,616,1262
2019-09-14T16:30:00+09:00,J1,673,830,1503
2019-09-14T16:30:00+09:00,J2,403,291,694
2019-09-14T16:30:00+09:00,J3,775,642,1417
2019-09-14T16:30:00+09:00,J4,582,590,1172
2019-09-14T16:45:00+09:00,J1,701,782,1483
2019-09-14T16:45:00+09:00,J2,360,254,614
2019-09-14T16:45:00+09:00,J3,711,584,1295
2019-09-14T16:45:00+09:00,J4,631,584,1215
2019-09-14T17:00:00+09:00,J1,761,809,1570
2019-09-14T17:00:00+09:00,J2,373,269,642
2019-09-14T17:00:00+09:00,J3,730,736,1466
2019-09-14T17:00:00+09:00,J4,568,492,1060
2019-09-14T17:15:00+09:00,J1,774,823,1597
2019-09-14T17:15:00+09:00,J2,337,284,621
2019-09-14T17:15:00+09:00,J3,808,740,1548
2019-09-14T17:15:00+09:00,J4,486,428,914
2019-09-14T17:30:00+09:00,J1,749,832,1581
2019-09-14T17:30:00+09:00,J2,360,298,658
2019-09-14T17:30:00+09:00,J3,720,747,1467
2019-09-14T17:30:00+09:00,J4,459,404,863
2019-09-14T17:45:00+09:00,J1,684,773,1457
2019-09-14T17:45:00+09:00,J2,381,334,715
2019-09-14T17:45:00+09:00,J3,838,806,1644
2019-09-14T17:45:00+09:00,J4,620,564,1184
2019-09-14T18:00:00+09:00,J1,732,779,1511
2019-09-14T18:00:00+09:00,J2,375,310,685
2019-09-14T18:00:00+09:00,J3,756,715,1471
2019-09-14T18:00:00+09:00,J4,671,576,1247
2019-09-14T18:15:00+09:00,J1,758,807,1565
2019-09-14T18:15:00+09:00,J2,368,261,629
2019-09-14T18:15:00+09:00,J3,816,694,1510
2019-09-14T18:15:00+09:00,J4,691,593,1284
2019-09-14T18:30:00+09:00,J1,638,631,1269
2019-09-14T18:30:00+09:00,J2,374,268,642
2019-09-14T18:30:00+09:00,J3,595,561,1156
2019-09-14T18:30:00+09:00,J4,656,540,1196
2019-09-14T18:45:00+09:00,J1,648,676,1324
2019-09-14T18:45:00+09:00,J2,319,255,574
2019-09-14T18:45:00+09:00,J3,552,549,1101
2019-09-14T18:45:00+09:00,J4,582,488,1070
2019-09-14T19:00:00+09:00,J1,549,566,1115
2019-09-14T19:00:00+09:00,J2,317,234,551
2019-09-14T19:00:00+09:00,J3,572,473,1045
2019-09-14T19:00:00+09:00,J4,699,558,1257
2019-09-14T19:15:00+09:00,J1,529,588,1117
2019-09-14T19:15:00+09:00,J2,333,201,534
2019-09-14T19:15:00+09:00,J3,604,522,1126
2019-09-14T19:15:00+09:00,J4,584,523,1107
2019-09-14T19:30:00+09:00,J1,508,572,1080
2019-09-14T19:30:00+09:00,J2,328,245,573
2019-09-14T19:30:00+09:00,J3,555,536,1091
2019-09-14T19:30:00+09:00,J4,601,496,1097
2019-09-14T19:45:00+09:00,J1,492,550,1042
2019-09-14T19:45:00+09:00,J2,336,224,560
2019-09-14T19:45:00+09:00,J3,540,485,1025
2019-09-14T19:45:00+09:00,J4,514,458,972
2019-09-14T20:00:00+09:00,J1,433,532,965
2019-09-14T20:00:00+09:00,J2,319,268,587
2019-09-14T20:00:00+09:00,J3,562,499,1061
2019-09-14T20:00:00+09:00,J4,470,454,924
2019-09-14T20:15:00+09:00,J1,528,567,1095
2019-09-14T20:15:00+09:00,J2,320,306,626
2019-09-14T20:15:00+09:00,J3,649,558,1207
2019-09-14T20:15:00+09:00,J4,539,432,971
2019-09-14T20:30:00+09:00,J1,463,522,985
2019-09-14T20:30:00+09:00,J2,258,275,533
2019-09-14T20:30:00+09:00,J3,540,528,1068
2019-09-14T20:30:00+09:00,J4,583,447,1030
2019-09-14T20:45:00+09:00,J1,447,462,909
2019-09-14T20:45:00+09:00,J2,257,244,501
2019-09-14T20:45:00+09:00,J3,537,533,1070
2019-09-14T20:45:00+09:00,J4,545,444,989
2019-09-14T21:00:00+09:00,J1,449,516,965
2019-09-14T21:00:00+09:00,J2,311,259,570
2019-09-14T21:00:00+09:00,J3,527,472,999
2019-09-14T21:00:00+09:00,J4,522,426,948
2019-09-14T21:15:00+09:00,J1,407,492,899
2019-09-14T21:15:00+09:00,J2,297,250,547
2019-09-14T21:15:00+09:00,J3,500,350,850
2019-09-14T21:15:00+09:00,J4,556,454,1010
2019-09-14T21:30:00+09:00,J1,415,523,938
2019-09-14T21:30:00+09:00,J2,306,315,621
2019-09-14T21:30:00+09:00,J3,399,418,817
2019-09-14T21:30:00+09:00,J4,543,424,967
2019-09-14T21:45:00+09:00,J1,376,458,834
2019-09-14T21:45:00+09:00,J2,169,198,367
2019-09-14T21:45:00+09:00,J3,432,396,828
2019-09-14T21:45:00+09:00,J4,538,391,929
2019-09-14T22:00:00+09:00,J1,350,437,787
2019-09-14T22:00:00+09:00,J2,156,237,393
2019-09-14T22:00:00+09:00,J3,389,373,762
2019-09-14T22:00:00+09:00,J4,463,357,820
2019-09-14T22:15:00+09:00,J1,310,397,707
2019-09-14T22:15:00+09:00,J2,160,180,340
2019-09-14T22:15:00+09:00,J3,376,390,766
2019-09-14T22:15:00+09:00,J4,443,411,854
2019-09-14T22:30:00+09:00,J1,311,385,696
2019-09-14T22:30:00+09:00,J2,179,215,394
2019-09-14T22:30:00+09:00,J3,431,374,805
2019-09-14T22:30:00+09:00,J4,508,466,974
2019-09-14T22:45:00+09:00,J1,312,400,712
2019-09-14T22:45:00+09:00,J2,220,177,397
2019-09-14T22:45:00+09:00,J3,376,309,685
2019-09-14T22:45:00+09:00,J4,413,395,808
2019-09-14T23:00:00+09:00,J1,373,360,733
2019-09-14T23:00:00+09:00,J2,250,207,457
2019-09-14T23:00:00+09:00,J3,363,347,710
2019-09-14T23:00:00+09:00,J4,420,403,823
2019-09-14T23:15:00+09:00,J1,319,338,657
2019-09-14T23:15:00+09:00,J2,235,217,452
2019-09-14T23:15:00+09:00,J3,378,320,698
2019-09-14T23:15:00+09:00,J4,435,403,838
2019-09-14T23:30:00+09:00,J1,439,514,953
2019-09-14T23:30:00+09:00,J2,223,229,452
2019-09-14T23:30:00+09:00,J3,330,326,656
2019-09-14T23:30:00+09:00,J4,417,331,748
2019-09-14T23:45:00+09:00,J1,353,374,727
2019-09-14T23:45:00+09:00,J2,214,208,422
2019-09-14T23:45:00+09:00,J3,339,264,603
2019-09-14T23:45:00+09:00,J4,393,299,692
2019-09-15T00:00:00+09:00,J1,348,326,674
2019-09-15T00:00:00+09:00,J2,178,213,391
2019-09-15T00:00:00+09:00,J3,345,329,674
2019-09-15T00:00:00+09:00,J4,382,314,696
2019-09-15T00:15:00+09:00,J1,293,268,561
2019-09-15T00:15:00+09:00,J2,200,187,387
2019-09-15T00:15:00+09:00,J3,278,259,537
2019-09-15T00:15:00+09:00,J4,330,267,597
2019-09-15T00:30:00+09:00,J1,244,223,467
2019-09-15T00:30:00+09:00,J2,164,143,307
2019-09-15T00:30:00+09:00,J3,234,229,463
2019-09-15T00:30:00+09:00,J4,245,230,475
2019-09-15T00:45:00+09:00,J1,220,230,450
2019-09-15T00:45:00+09:00,J2,174,209,383
2019-09-15T00:45:00+09:00,J3,264,269,533
2019-09-15T00:45:00+09:00,J4,227,219,446
2019-09-15T05:45:00+09:00,J1,357,335,692
2019-09-15T05:45:00+09:00,J2,192,164,356
2019-09-15T05:45:00+09:00,J3,215,233,448
2019-09-15T05:45:00+09:00,J4,283,311,594
2019-09-15T06:00:00+09:00,J1,384,421,805
2019-09-15T06:00:00+09:00,J2,200,187,387
2019-09-15T06:00:00+09:00,J3,216,215,431
2019-09-15T06:00:00+09:00,J4,295,263,558
2019-09-15T06:15:00+09:00,J1,307,312,619
2019-09-15T06:15:00+09:00,J2,137,150,287
2019-09-15T06:15:00+09:00,J3,281,289,570
2019-09-15T06:15:00+09:00,J4,357,298,655
2019-09-15T06:30:00+09:00,J1,403,392,795
2019-09-15T06:30:00+09:00,J2,134,166,300
2019-09-15T06:30:00+09:00,J3,229,262,491
2019-09-15T06:30:00+09:00,J4,340,320,660
2019-09-15T06:45:00+09:00,J1,410,396,806
2019-09-15T06:45:00+09:00,J2,202,201,403
2019-09-15T06:45:00+09:00,J3,299,285,584
2019-09-15T06:45:00+09:00,J4,358,325,683
2019-09-15T07:00:00+09:00,J1,419,414,833
2019-09-15T07:00:00+09:00,J2,137,149,286
2019-09-15T07:00:00+09:00,J3,283,248,531
2019-09-15T07:00:00+09:00,J4,278,332,610
2019-09-15T07:15:00+09:00,J1,393,362,755
2019-09-15T07:15:00+09:00,J2,185,179,364
2019-09-15T07:15:00+09:00,J3,344,285,629
2019-09-15T07:15:00+09:00,J4,369,338,707
2019-09-15T07:30:00+09:00,J1,397,401,798
2019-09-15T07:30:00+09:00,J2,177,175,352
2019-09-15T07:30:00+09:00,J3,388,328,716
2019-09-15T07:30:00+09:00,J4,428,387,815
2019-09-15T07:45:00+09:00,J1,352,345,697
2019-09-15T07:45:00+09:00,J2,208,211,419
2019-09-15T07:45:00+09:00,J3,394,391,785
2019-09-15T07:45:00+09:00,J4,438,430,868
2019-09-15T08:00:00+09:00,J1,520,495,1015
2019-09-15T08:00:00+09:00,J2,198,217,415
2019-09-15T08:00:00+09:00,J3,594,522,1116
2019-09-15T08:00:00+09:00,J4,456,536,992
2019-09-15T08:15:00+09:00,J1,601,505,1106
2019-09-15T08:15:00+09:00,J2,187,152,339
2019-09-15T08:15:00+09:00,J3,555,494,1049
2019-09-15T08:15:00+09:00,J4,481,527,1008
2019-09-15T08:30:00+09:00,J1,585,483,1068
2019-09-15T08:30:00+09:00,J2,208,195,403
2019-09-15T08:30:00+09:00,J3,494,556,1050
2019-09-15T08:30:00+09:00,J4,474,551,1025
2019-09-15T08:45:00+09:00,J1,588,491,1079
2019-09-15T08:45:00+09:00,J2,172,179,351
2019-09-15T08:45:00+09:00,J3,542,562,1104
2019-09-15T08:45:00+09:00,J4,553,591,1144
2019-09-15T09:00:00+09:00,J1,562,462,1024
2019-09-15T09:00:00+09:00,J2,252,210,462
2019-09-15T09:00:00+09:00,J3,564,440,1004
2019-09-15T09:00:00+09:00,J4,489,601,1090
2019-09-15T09:15:00+09:00,J1,534,452,986
2019-09-15T09:15:00+09:00,J2,264,190,454
2019-09-15T09:15:00+09:00,J3,494,484,978
2019-09-15T09:15:00+09:00,J4,543,551,1094
2019-09-15T09:30:00+09:00,J1,492,406,898
2019-09-15T09:30:00+09:00,J2,214,203,417
2019-09-15T09:30:00+09:00,J3,486,411,897
2019-09-15T09:30:00+09:00,J4,556,635,1191
2019-09-15T09:45:00+09:00,J1,569,506,1075
2019-09-15T09:45:00+09:00,J2,262,246,508
2019-09-15T09:45:00+09:00,J3,515,551,1066
2019-09-15T09:45:00+09:00,J4,536,554,1090
2019-09-15T10:00:00+09:00,J1,590,493,1083
2019-09-15T10:00:00+09:00,J2,255,228,483
2019-09-15T10:00:00+09:00,J3,525,466,991
2019-09-15T10:00:00+09:00,J4,529,461,990
2019-09-15T10:15:00+09:00,J1,572,525,1097
2019-09-15T10:15:00+09:00,J2,279,271,550
2019-09-15T10:15:00+09:00,J3,476,427,903
2019-09-15T10:15:00+09:00,J4,522,476,998
2019-09-15T10:30:00+09:00,J1,618,508,1126
2019-09-15T10:30:00+09:00,J2,325,303,628
2019-09-15T10:30:00+09:00,J3,552,470,1022
2019-09-15T10:30:00+09:00,J4,537,489,1026
2019-09-15T10:45:00+09:00,J1,627,526,1153
2019-09-15T10:45:00+09:00,J2,334,264,598
2019-09-15T10:45:00+09:00,J3,581,509,1090
2019-09-15T10:45:00+09:00,J4,522,525,1047
2019-09-15T11:00:00+09:00,J1,660,624,1284
2019-09-15T11:00:00+09:00,J2,332,190,522
2019-09-15T11:00:00+09:00,J3,808,666,1474
2019-09-15T11:00:00+09:00,J4,486,388,874
2019-09-15T11:15:00+09:00,J1,720,646,1366
2019-09-15T11:15:00+09:00,J2,392,262,654
2019-09-15T11:15:00+09:00,J3,660,631,1291
2019-09-15T11:15:00+09:00,J4,376,379,755
2019-09-15T11:30:00+09:00,J1,704,665,1369
2019-09-15T11:30:00+09:00,J2,368,225,593
2019-09-15T11:30:00+09:00,J3,653,604,1257
2019-09-15T11:30:00+09:00,J4,446,413,859
2019-09-15T11:45:00+09:00,J1,646,635,1281
2019-09-15T11:45:00+09:00,J2,395,208,603
2019-09-15T11:45:00+09:00,J3,708,607,1315
2019-09-15T11:45:00+09:00,J4,446,447,893
2019-09-15T12:00:00+09:00,J1,670,616,1286
2019-09-15T12:00:00+09:00,J2,460,240,700
2019-09-15T12:00:00+09:00,J3,724,672,1396
2019-09-15T12:00:00+09:00,J4,452,418,870
2019-09-15T12:15:00+09:00,J1,682,693,1375
2019-09-15T12:15:00+09:00,J2,471,286,757
2019-09-15T12:15:00+09:00,J3,739,584,1323
2019-09-15T12:15:00+09:00,J4,420,371,791
2019-09-15T12:30:00+09:00,J1,676,638,1314
2019-09-15T12:30:00+09:00,J2,445,286,731
2019-09-15T12:30:00+09:00,J3,657,660,1317
2019-09-15T12:30:00+09:00,J4,439,386,825
2019-09-15T12:45:00+09:00,J1,702,757,1459
2019-09-15T12:45:00+09:00,J2,426,297,723
2019-09-15T12:45:00+09:00,J3,700,601,1301
2019-09-15T12:45:00+09:00,J4,411,376,787
2019-09-15T13:00:00+09:00,J1,668,716,1384
2019-09-15T13:00:00+09:00,J2,548,321,869
2019-09-15T13:00:00+09:00,J3,773,635,1408
2019-09-15T13:00:00+09:00,J4,423,378,801
2019-09-15T13:15:00+09:00,J1,646,746,1392
2019-09-15T13:15:00+09:00,J2,487,339,826
2019-09-15T13:15:00+09:00,J3,591,568,1159
2019-09-15T13:15:00+09:00,J4,349,381,730
2019-09-15T13:30:00+09:00,J1,653,759,1412
2019-09-15T13:30:00+09:00,J2,499,306,805
2019-09-15T13:30:00+09:00,J3,432,499,931
2019-09-15T13:30:00+09:00,J4,364,375,739
2019-09-15T13:45:00+09:00,J1,641,777,1418
2019-09-15T13:45:00+09:00,J2,427,318,745
2019-09-15T13:45:00+09:00,J3,500,505,1005
2019-09-15T13:45:00+09:00,J4,371,356,727
2019-09-15T14:00:00+09:00,J1,717,728,1445
2019-09-15T14:00:00+09:00,J2,434,335,769
2019-09-15T14:00:00+09:00,J3,483,504,987
2019-09-15T14:00:00+09:00,J4,423,365,788
2019-09-15T14:15:00+09:00,J1,612,669,1281
2019-09-15T14:15:00+09:00,J2,437,351,788
2019-09-15T14:15:00+09:00,J3,529,537,1066
2019-09-15T14:15:00+09:00,J4,398,426,824
2019-09-15T14:30:00+09:00,J1,610,712,1322
2019-09-15T14:30:00+09:00,J2,477,349,826
2019-09-15T14:30:00+09:00,J3,532,588,1120
2019-09-15T14:30:00+09:00,J4,407,343,750
2019-09-15T14:45:00+09:00,J1,581,690,1271
2019-09-15T14:45:00+09:00,J2,443,336,779
2019-09-15T14:45:00+09:00,J3,551,556,1107
2019-09-15T14:45:00+09:00,J4,424,320,744
2019-09-15T15:00:00+09:00,J1,625,694,1319
2019-09-15T15:00:00+09:00,J2,433,311,744
2019-09-15T15:00:00+09:00,J3,529,597,1126
2019-09-15T15:00:00+09:00,J4,415,365,780
2019-09-15T15:15:00+09:00,J1,727,841,1568
2019-09-15T15:15:00+09:00,J2,426,341,767
2019-09-15T15:15:00+09:00,J3,540,573,1113
2019-09-15T15:15:00+09:00,J4,432,353,785
2019-09-15T15:30:00+09:00,J1,665,704,1369
2019-09-15T15:30:00+09:00,J2,413,376,789
2019-09-15T15:30:00+09:00,J3,521,541,1062
2019-09-15T15:30:00+09:00,J4,428,404,832
2019-09-15T15:45:00+09:00,J1,670,788,1458
2019-09-15T15:45:00+09:00,J2,387,343,730
2019-09-15T15:45:00+09:00,J3,414,523,937
2019-09-15T15:45:00+09:00,J4,435,411,846
2019-09-15T16:00:00+09:00,J1,647,718,1365
2019-09-15T16:00:00+09:00,J2,367,337,704
2019-09-15T16:00:00+09:00,J3,455,558,1013
2019-09-15T16:00:00+09:00,J4,477,445,922
2019-09-15T16:15:00+09:00,J1,703,665,1368
2019-09-15T16:15:00+09:00,J2,422,371,793
2019-09-15T16:15:00+09:00,J3,472,495,967
2019-09-15T16:15:00+09:00,J4,472,450,922
2019-09-15T16:30:00+09:00,J1,651,743,1394
2019-09-15T16:30:00+09:00,J2,409,375,784
2019-09-15T16:30:00+09:00,J3,484,526,1010
2019-09-15T16:30:00+09:00,J4,443,351,794
2019-09-15T16:45:00+09:00,J1,658,810,1468
2019-09-15T16:45:00+09:00,J2,403,362,765
2019-09-15T16:45:00+09:00,J3,447,517,964
2019-09-15T16:45:00+09:00,J4,341,330,671
2019-09-15T17:00:00+09:00,J1,675,811,1486
2019-09-15T17:00:00+09:00,J2,379,342,721
2019-09-15T17:00:00+09:00,J3,460,518,978
2019-09-15T17:00:00+09:00,J4,363,326,689
2019-09-15T17:15:00+09:00,J1,644,812,1456
2019-09-15T17:15:00+09:00,J2,409,324,733
2019-09-15T17:15:00+09:00,J3,459,564,1023
2019-09-15T17:15:00+09:00,J4,408,365,773
2019-09-15T17:30:00+09:00,J1,730,760,1490
2019-09-15T17:30:00+09:00,J2,450,347,797
2019-09-15T17:30:00+09:00,J3,516,542,1058
2019-09-15T17:30:00+09:00,J4,355,351,706
2019-09-15T17:45:00+09:00,J1,766,817,1583
2019-09-15T17:45:00+09:00,J2,435,333,768
2019-09-15T17:45:00+09:00,J3,490,510,1000
2019-09-15T17:45:00+09:00,J4,392,320,712
2019-09-15T18:00:00+09:00,J1,707,827,1534
2019-09-15T18:00:00+09:00,J2,419,300,719
2019-09-15T18:00:00+09:00,J3,494,526,1020
2019-09-15T18:00:00+09:00,J4,369,349,718
2019-09-15T18:15:00+09:00,J1,747,870,1617
2019-09-15T18:15:00+09:00,J2,455,329,784
2019-09-15T18:15:00+09:00,J3,534,531,1065
2019-09-15T18:15:00+09:00,J4,408,304,712
2019-09-15T18:30:00+09:00,J1,701,779,1480
2019-09-15T18:30:00+09:00,J2,462,296,758
2019-09-15T18:30:00+09:00,J3,495,483,978
2019-09-15T18:30:00+09:00,J4,383,338,721
2019-09-15T18:45:00+09:00,J1,681,673,1354
2019-09-15T18:45:00+09:00,J2,400,270,670
2019-09-15T18:45:00+09:00,J3,494,451,945
2019-09-15T18:45:00+09:00,J4,386,359,745
2019-09-15T19:00:00+09:00,J1,580,644,1224
2019-09-15T19:00:00+09:00,J2,354,319,673
2019-09-15T19:00:00+09:00,J3,431,471,902
2019-09-15T19:00:00+09:00,J4,442,360,802
2019-09-15T19:15:00+09:00,J1,514,603,1117
2019-09-15T19:15:00+09:00,J2,400,299,699
2019-09-15T19:15:00+09:00,J3,476,461,937
2019-09-15T19:15:00+09:00,J4,484,381,865
2019-09-15T19:30:00+09:00,J1,485,573,1058
2019-09-15T19:30:00+09:00,J2,299,250,549
2019-09-15T19:30:00+09:00,J3,451,454,905
2019-09-15T19:30:00+09:00,J4,392,347,739
2019-09-15T19:45:00+09:00,J1,476,559,1035
2019-09-15T19:45:00+09:00,J2,327,226,553
2019-09-15T19:45:00+09:00,J3,473,469,942
2019-09-15T19:45:00+09:00,J4,469,372,841
2019-09-15T20:00:00+09:00,J1,479,569,1048
2019-09-15T20:00:00+09:00,J2,323,210,533
2019-09-15T20:00:00+09:00,J3,459,486,945
2019-09-15T20:00:00+09:00,J4,477,413,890
2019-09-15T20:15:00+09:00,J1,457,515,972
2019-09-15T20:15:00+09:00,J2,347,214,561
2019-09-15T20:15:00+09:00,J3,547,449,996
2019-09-15T20:15:00+09:00,J4,470,431,901
2019-09-15T20:30:00+09:00,J1,484,601,1085
2019-09-15T20:30:00+09:00,J2,304,233,537
2019-09-15T20:30:00+09:00,J3,497,489,986
2019-09-15T20:30:00+09:00,J4,490,426,916
2019-09-15T20:45:00+09:00,J1,544,549,1093
2019-09-15T20:45:00+09:00,J2,248,216,464
2019-09-15T20:45:00+09:00,J3,538,426,964
2019-09-15T20:45:00+09:00,J4,475,364,839
2019-09-15T21:00:00+09:00,J1,518,585,1103
2019-09-15T21:00:00+09:00,J2,261,264,525
2019-09-15T21:00:00+09:00,J3,374,290,664
2019-09-15T21:00:00+09:00,J4,542,452,994
2019-09-15T21:15:00+09:00,J1,461,517,978
2019-09-15T21:15:00+09:00,J2,267,212,479
2019-09-15T21:15:00+09:00,J3,394,304,698
2019-09-15T21:15:00+09:00,J4,519,513,1032
2019-09-15T21:30:00+09:00,J1,454,525,979
2019-09-15T21:30:00+09:00,J2,215,162,377
2019-09-15T21:30:00+09:00,J3,412,391,803
2019-09-15T21:30:00+09:00,J4,573,455,1028
2019-09-15T21:45:00+09:00,J1,373,415,788
2019-09-15T21:45:00+09:00,J2,182,157,339
2019-09-15T21:45:00+09:00,J3,358,361,719
2019-09-15T21:45:00+09:00,J4,523,442,965
2019-09-15T22:00:00+09:00,J1,412,455,867
2019-09-15T22:00:00+09:00,J2,149,171,320
2019-09-15T22:00:00+09:00,J3,347,328,675
2019-09-15T22:00:00+09:00,J4,541,487,1028
2019-09-15T22:15:00+09:00,J1,383,401,784
2019-09-15T22:15:00+09:00,J2,120,140,260
2019-09-15T22:15:00+09:00,J3,388,424,812
2019-09-15T22:15:00+09:00,J4,433,425,858
2019-09-15T22:30:00+09:00,J1,400,474,874
2019-09-15T22:30:00+09:00,J2,151,158,309
2019-09-15T22:30:00+09:00,J3,435,450,885
2019-09-15T22:30:00+09:00,J4,499,467,966
2019-09-15T22:45:00+09:00,J1,358,421,779
2019-09-15T22:45:00+09:00,J2,145,153,298
2019-09-15T22:45:00+09:00,J3,431,430,861
2019-09-15T22:45:00+09:00,J4,470,505,975
2019-09-15T23:00:00+09:00,J1,376,379,755
2019-09-15T23:00:00+09:00,J2,124,147,271
2019-09-15T23:00:00+09:00,J3,430,470,900
2019-09-15T23:00:00+09:00,J4,497,478,975
2019-09-15T23:15:00+09:00,J1,353,336,689
2019-09-15T23:15:00+09:00,J2,152,170,322
2019-09-15T23:15:00+09:00,J3,385,373,758
2019-09-15T23:15:00+09:00,J4,480,432,912
2019-09-15T23:30:00+09:00,J1,350,346,696
2019-09-15T23:30:00+09:00,J2,122,137,259
2019-09-15T23:30:00+09:00,J3,400,363,763
2019-09-15T23:30:00+09:00,J4,533,519,1052
2019-09-15T23:45:00+09:00,J1,284,319,603
2019-09-15T23:45:00+09:00,J2,171,167,338
2019-09-15T23:45:00+09:00,J3,436,382,818
2019-09-15T23:45:00+09:00,J4,433,427,860
2019-09-16T00:00:00+09:00,J1,308,343,651
2019-09-16T00:00:00+09:00,J2,92,108,200
2019-09-16T00:00:00+09:00,J3,352,355,707
2019-09-16T00:00:00+09:00,J4,442,475,917
2019-09-16T00:15:00+09:00,J1,267,243,510
2019-09-16T00:15:00+09:00,J2,97,90,187
2019-09-16T00:15:00+09:00,J3,262,232,494
2019-09-16T00:15:00+09:00,J4,468,479,947
2019-09-16T00:30:00+09:00,J1,271,239,510
2019-09-16T00:30:00+09:00,J2,102,96,198
2019-09-16T00:30:00+09:00,J3,256,252,508
2019-09-16T00:30:00+09:00,J4,224,192,416
2019-09-16T00:45:00+09:00,J1,289,268,557
2019-09-16T00:45:00+09:00,J2,99,134,233
2019-09-16T00:45:00+09:00,J3,230,268,498
2019-09-16T00:45:00+09:00,J4,301,226,527
2019-09-16T05:45:00+09:00,J1,314,286,600
2019-09-16T05:45:00+09:00,J2,120,120,240
2019-09-16T05:45:00+09:00,J3,307,284,591
2019-09-16T05:45:00+09:00,J4,285,287,572
2019-09-16T06:00:00+09:00,J1,311,319,630
2019-09-16T06:00:00+09:00,J2,144,152,296
2019-09-16T06:00:00+09:00,J3,285,289,574
2019-09-16T06:00:00+09:00,J4,326,288,614
2019-09-16T06:15:00+09:00,J1,314,299,613
2019-09-16T06:15:00+09:00,J2,119,139,258
2019-09-16T06:15:00+09:00,J3,290,319,609
2019-09-16T06:15:00+09:00,J4,412,366,778
2019-09-16T06:30:00+09:00,J1,340,335,675
2019-09-16T06:30:00+09:00,J2,160,184,344
2019-09-16T06:30:00+09:00,J3,378,315,693
2019-09-16T06:30:00+09:00,J4,352,320,672
2019-09-16T06:45:00+09:00,J1,296,295,591
2019-09-16T06:45:00+09:00,J2,155,158,313
2019-09-16T06:45:00+09:00,J3,261,234,495
2019-09-16T06:45:00+09:00,J4,377,352,729
2019-09-16T07:00:00+09:00,J1,253,294,547
2019-09-16T07:00:00+09:00,J2,203,204,407
2019-09-16T07:00:00+09:00,J3,243,233,476
2019-09-16T07:00:00+09:00,J4,370,343,713
2019-09-16T07:15:00+09:00,J1,306,266,572
2019-09-16T07:15:00+09:00,J2,182,156,338
2019-09-16T07:15:00+09:00,J3,261,257,518
2019-09-16T07:15:00+09:00,J4,383,323,706
2019-09-16T07:30:00+09:00,J1,346,313,659
2019-09-16T07:30:00+09:00,J2,180,189,369
2019-09-16T07:30:00+09:00,J3,269,256,525
2019-09-16T07:30:00+09:00,J4,405,412,817
2019-09-16T07:45:00+09:00,J1,357,314,671
2019-09-16T07:45:00+09:00,J2,146,153,299
2019-09-16T07:45:00+09:00,J3,282,230,512
2019-09-16T07:45:00+09:00,J4,469,497,966
2019-09-16T08:00:00+09:00,J1,550,466,1016
2019-09-16T08:00:00+09:00,J2,244,188,432
2019-09-16T08:00:00+09:00,J3,491,432,923
2019-09-16T08:00:00+09:00,J4,453,543,996
2019-09-16T08:15:00+09:00,J1,626,555,1181
2019-09-16T08:15:00+09:00,J2,241,185,426
2019-09-16T08:15:00+09:00,J3,497,464,961
2019-09-16T08:15:00+09:00,J4,392,476,868
2019-09-16T08:30:00+09:00,J1,602,522,1124
2019-09-16T08:30:00+09:00,J2,262,228,490
2019-09-16T08:30:00+09:00,J3,455,459,914
2019-09-16T08:30:00+09:00,J4,395,477,872
2019-09-16T08:45:00+09:00,J1,530,518,1048
2019-09-16T08:45:00+09:00,J2,289,226,515
2019-09-16T08:45:00+09:00,J3,431,411,842
2019-09-16T08:45:00+09:00,J4,357,412,769
2019-09-16T09:00:00+09:00,J1,466,460,926
2019-09-16T09:00:00+09:00,J2,366,271,637
2019-09-16T09:00:00+09:00,J3,513,439,952
2019-09-16T09:00:00+09:00,J4,329,383,712
2019-09-16T09:15:00+09:00,J1,487,500,987
2019-09-16T09:15:00+09:00,J2,343,306,649
2019-09-16T09:15:00+09:00,J3,539,474,1013
2019-09-16T09:15:00+09:00,J4,422,455,877
2019-09-16T09:30:00+09:00,J1,575,429,1004
2019-09-16T09:30:00+09:00,J2,368,324,692
2019-09-16T09:30:00+09:00,J3,607,506,1113
2019-09-16T09:30:00+09:00,J4,486,526,1012
2019-09-16T09:45:00+09:00,J1,511,435,946
2019-09-16T09:45:00+09:00,J2,409,358,767
2019-09-16T09:45:00+09:00,J3,575,514,1089
2019-09-16T09:45:00+09:00,J4,425,437,862
2019-09-16T10:00:00+09:00,J1,545,439,984
2019-09-16T10:00:00+09:00,J2,359,369,728
2019-09-16T10:00:00+09:00,J3,489,442,931
2019-09-16T10:00:00+09:00,J4,396,406,802
2019-09-16T10:15:00+09:00,J1,571,496,1067
2019-09-16T10:15:00+09:00,J2,417,363,780
2019-09-16T10:15:00+09:00,J3,535,492,1027
2019-09-16T10:15:00+09:00,J4,458,510,968
2019-09-16T10:30:00+09:00,J1,550,563,1113
2019-09-16T10:30:00+09:00,J2,331,332,663
2019-09-16T10:30:00+09:00,J3,560,572,1132
2019-09-16T10:30:00+09:00,J4,467,459,926
2019-09-16T10:45:00+09:00,J1,587,562,1149
2019-09-16T10:45:00+09:00,J2,382,310,692
2019-09-16T10:45:00+09:00,J3,603,536,1139
2019-09-16T10:45:00+09:00,J4,424,461,885
2019-09-16T11:00:00+09:00,J1,590,481,1071
2019-09-16T11:00:00+09:00,J2,373,316,689
2019-09-16T11:00:00+09:00,J3,603,571,1174
2019-09-16T11:00:00+09:00,J4,411,396,807
2019-09-16T11:15:00+09:00,J1,604,551,1155
2019-09-16T11:15:00+09:00,J2,365,327,692
2019-09-16T11:15:00+09:00,J3,603,561,1164
2019-09-16T11:15:00+09:00,J4,395,414,809
2019-09-16T11:30:00+09:00,J1,592,569,1161
2019-09-16T11:30:00+09:00,J2,364,295,659
2019-09-16T11:30:00+09:00,J3,566,519,1085
2019-09-16T11:30:00+09:00,J4,420,426,846
2019-09-16T11:45:00+09:00,J1,537,587,1124
2019-09-16T11:45:00+09:00,J2,348,214,562
2019-09-16T11:45:00+09:00,J3,550,547,1097
2019-09-16T11:45:00+09:00,J4,393,342,735
2019-09-16T12:00:00+09:00,J1,605,624,1229
2019-09-16T12:00:00+09:00,J2,375,256,631
2019-09-16T12:00:00+09:00,J3,499,480,979
2019-09-16T12:00:00+09:00,J4,444,409,853
2019-09-16T12:15:00+09:00,J1,577,598,1175
2019-09-16T12:15:00+09:00,J2,341,233,574
2019-09-16T12:15:00+09:00,J3,555,522,1077
2019-09-16T12:15:00+09:00,J4,414,410,824
2019-09-16T12:30:00+09:00,J1,573,615,1188
2019-09-16T12:30:00+09:00,J2,311,222,533
2019-09-16T12:30:00+09:00,J3,574,549,1123
2019-09-16T12:30:00+09:00,J4,414,447,861
2019-09-16T12:45:00+09:00,J1,640,712,1352
2019-09-16T12:45:00+09:00,J2,308,264,572
2019-09-16T12:45:00+09:00,J3,582,677,1259
2019-09-16T12:45:00+09:00,J4,383,380,763
2019-09-16T13:00:00+09:00,J1,530,663,1193
2019-09-16T13:00:00+09:00,J2,289,225,514
2019-09-16T13:00:00+09:00,J3,524,621,1145
2019-09-16T13:00:00+09:00,J4,403,401,804
2019-09-16T13:15:00+09:00,J1,540,553,1093
2019-09-16T13:15:00+09:00,J2,313,226,539
2019-09-16T13:15:00+09:00,J3,520,595,1115
2019-09-16T13:15:00+09:00,J4,340,389,729
2019-09-16T13:30:00+09:00,J1,562,597,1159
2019-09-16T13:30:00+09:00,J2,334,234,568
2019-09-16T13:30:00+09:00,J3,586,638,1224
2019-09-16T13:30:00+09:00,J4,399,346,745
2019-09-16T13:45:00+09:00,J1,525,630,1155
2019-09-16T13:45:00+09:00,J2,326,311,637
2019-09-16T13:45:00+09:00,J3,495,441,936
2019-09-16T13:45:00+09:00,J4,346,386,732
2019-09-16T14:00:00+09:00,J1,554,616,1170
2019-09-16T14:00:00+09:00,J2,350,312,662
2019-09-16T14:00:00+09:00,J3,440,526,966
2019-09-16T14:00:00+09:00,J4,379,361,740
2019-09-16T14:15:00+09:00,J1,597,700,1297
2019-09-16T14:15:00+09:00,J2,391,327,718
2019-09-16T14:15:00+09:00,J3,609,709,1318
2019-09-16T14:15:00+09:00,J4,445,376,821
2019-09-16T14:30:00+09:00,J1,632,922,1554
2019-09-16T14:30:00+09:00,J2,444,380,824
2019-09-16T14:30:00+09:00,J3,689,922,1611
2019-09-16T14:30:00+09:00,J4,518,445,963
2019-09-16T14:45:00+09:00,J1,578,835,1413
2019-09-16T14:45:00+09:00,J2,364,327,691
2019-09-16T14:45:00+09:00,J3,702,718,1420
2019-09-16T14:45:00+09:00,J4,454,388,842
2019-09-16T15:00:00+09:00,J1,539,700,1239
2019-09-16T15:00:00+09:00,J2,331,295,626
2019-09-16T15:00:00+09:00,J3,583,721,1304
2019-09-16T15:00:00+09:00,J4,462,369,831
2019-09-16T15:15:00+09:00,J1,547,756,1303
2019-09-16T15:15:00+09:00,J2,332,328,660
2019-09-16T15:15:00+09:00,J3,593,699,1292
2019-09-16T15:15:00+09:00,J4,407,400,807
2019-09-16T15:30:00+09:00,J1,630,756,1386
2019-09-16T15:30:00+09:00,J2,330,261,591
2019-09-16T15:30:00+09:00,J3,581,709,1290
2019-09-16T15:30:00+09:00,J4,449,367,816
2019-09-16T15:45:00+09:00,J1,629,614,1243
2019-09-16T15:45:00+09:00,J2,322,262,584
2019-09-16T15:45:00+09:00,J3,533,658,1191
2019-09-16T15:45:00+09:00,J4,423,398,821
2019-09-16T16:00:00+09:00,J1,585,668,1253
2019-09-16T16:00:00+09:00,J2,341,361,702
2019-09-16T16:00:00+09:00,J3,577,702,1279
2019-09-16T16:00:00+09:00,J4,405,371,776
2019-09-16T16:15:00+09:00,J1,612,685,1297
2019-09-16T16:15:00+09:00,J2,331,262,593
2019-09-16T16:15:00+09:00,J3,593,636,1229
2019-09-16T16:15:00+09:00,J4,448,367,815
2019-09-16T16:30:00+09:00,J1,610,641,1251
2019-09-16T16:30:00+09:00,J2,277,212,489
2019-09-16T16:30:00+09:00,J3,602,654,1256
2019-09-16T16:30:00+09:00,J4,440,345,785
2019-09-16T16:45:00+09:00,J1,620,693,1313
2019-09-16T16:45:00+09:00,J2,304,280,584
2019-09-16T16:45:00+09:00,J3,574,662,1236
2019-09-16T16:45:00+09:00,J4,444,358,802
2019-09-16T17:00:00+09:00,J1,635,668,1303
2019-09-16T17:00:00+09:00,J2,286,281,567
2019-09-16T17:00:00+09:00,J3,634,706,1340
2019-09-16T17:00:00+09:00,J4,504,427,931
2019-09-16T17:15:00+09:00,J1,665,765,1430
2019-09-16T17:15:00+09:00,J2,328,248,576
2019-09-16T17:15:00+09:00,J3,601,578,1179
2019-09-16T17:15:00+09:00,J4,483,364,847
2019-09-16T17:30:00+09:00,J1,672,725,1397
2019-09-16T17:30:00+09:00,J2,433,325,758
2019-09-16T17:30:00+09:00,J3,522,550,1072
2019-09-16T17:30:00+09:00,J4,446,303,749
2019-09-16T17:45:00+09:00,J1,605,706,1311
2019-09-16T17:45:00+09:00,J2,394,309,703
2019-09-16T17:45:00+09:00,J3,476,502,978
2019-09-16T17:45:00+09:00,J4,410,337,747
2019-09-16T18:00:00+09:00,J1,664,717,1381
2019-09-16T18:00:00+09:00,J2,325,292,617
2019-09-16T18:00:00+09:00,J3,513,542,1055
2019-09-16T18:00:00+09:00,J4,400,346,746
2019-09-16T18:15:00+09:00,J1,711,987,1698
2019-09-16T18:15:00+09:00,J2,457,351,808
2019-09-16T18:15:00+09:00,J3,737,722,1459
2019-09-16T18:15:00+09:00,J4,525,363,888
2019-09-16T18:30:00+09:00,J1,742,933,1675
2019-09-16T18:30:00+09:00,J2,407,346,753
2019-09-16T18:30:00+09:00,J3,613,663,1276
2019-09-16T18:30:00+09:00,J4,488,379,867
2019-09-16T18:45:00+09:00,J1,732,850,1582
2019-09-16T18:45:00+09:00,J2,327,305,632
2019-09-16T18:45:00+09:00,J3,548,565,1113
2019-09-16T18:45:00+09:00,J4,476,357,833
2019-09-16T19:00:00+09:00,J1,698,795,1493
2019-09-16T19:00:00+09:00,J2,323,296,619
2019-09-16T19:00:00+09:00,J3,529,491,1020
2019-09-16T19:00:00+09:00,J4,459,337,796
2019-09-16T19:15:00+09:00,J1,644,734,1378
2019-09-16T19:15:00+09:00,J2,309,264,573
2019-09-16T19:15:00+09:00,J3,463,554,1017
2019-09-16T19:15:00+09:00,J4,516,458,974
2019-09-16T19:30:00+09:00,J1,610,776,1386
2019-09-16T19:30:00+09:00,J2,301,276,577
2019-09-16T19:30:00+09:00,J3,519,502,1021
2019-09-16T19:30:00+09:00,J4,468,365,833
2019-09-16T19:45:00+09:00,J1,578,742,1320
2019-09-16T19:45:00+09:00,J2,229,309,538
2019-09-16T19:45:00+09:00,J3,480,558,1038
2019-09-16T19:45:00+09:00,J4,480,387,867
2019-09-16T20:00:00+09:00,J1,611,719,1330
2019-09-16T20:00:00+09:00,J2,274,264,538
2019-09-16T20:00:00+09:00,J3,482,613,1095
2019-09-16T20:00:00+09:00,J4,465,390,855
2019-09-16T20:15:00+09:00,J1,586,720,1306
2019-09-16T20:15:00+09:00,J2,287,294,581
2019-09-16T20:15:00+09:00,J3,483,521,1004
2019-09-16T20:15:00+09:00,J4,442,348,790
2019-09-16T20:30:00+09:00,J1,547,692,1239
2019-09-16T20:30:00+09:00,J2,256,245,501
2019-09-16T20:30:00+09:00,J3,454,479,933
2019-09-16T20:30:00+09:00,J4,453,418,871
2019-09-16T20:45:00+09:00,J1,585,686,1271
2019-09-16T20:45:00+09:00,J2,282,243,525
2019-09-16T20:45:00+09:00,J3,414,441,855
2019-09-16T20:45:00+09:00,J4,439,415,854
2019-09-16T21:00:00+09:00,J1,552,646,1198
2019-09-16T21:00:00+09:00,J2,347,259,606
2019-09-16T21:00:00+09:00,J3,460,432,892
2019-09-16T21:00:00+09:00,J4,534,457,991
2019-09-16T21:15:00+09:00,J1,536,638,1174
2019-09-16T21:15:00+09:00,J2,344,234,578
2019-09-16T21:15:00+09:00,J3,494,387,881
2019-09-16T21:15:00+09:00,J4,539,388,927
2019-09-16T21:30:00+09:00,J1,481,544,1025
2019-09-16T21:30:00+09:00,J2,303,243,546
2019-09-16T21:30:00+09:00,J3,401,353,754
2019-09-16T21:30:00+09:00,J4,511,430,941
2019-09-16T21:45:00+09:00,J1,500,521,1021
2019-09-16T21:45:00+09:00,J2,315,250,565
2019-09-16T21:45:00+09:00,J3,379,350,729
2019-09-16T21:45:00+09:00,J4,544,488,1032
2019-09-16T22:00:00+09:00,J1,479,513,992
2019-09-16T22:00:00+09:00,J2,269,240,509
2019-09-16T22:00:00+09:00,J3,311,292,603
2019-09-16T22:00:00+09:00,J4,491,454,945
2019-09-16T22:15:00+09:00,J1,430,504,934
2019-09-16T22:15:00+09:00,J2,202,210,412
2019-09-16T22:15:00+09:00,J3,346,309,655
2019-09-16T22:15:00+09:00,J4,508,523,1031
2019-09-16T22:30:00+09:00,J1,445,510,955
2019-09-16T22:30:00+09:00,J2,211,233,444
2019-09-16T22:30:00+09:00,J3,337,299,636
2019-09-16T22:30:00+09:00,J4,504,504,1008
2019-09-16T22:45:00+09:00,J1,439,477,916
2019-09-16T22:45:00+09:00,J2,141,176,317
2019-09-16T22:45:00+09:00,J3,322,310,632
2019-09-16T22:45:00+09:00,J4,548,524,1072
2019-09-16T23:00:00+09:00,J1,401,445,846
2019-09-16T23:00:00+09:00,J2,138,134,272
2019-09-16T23:00:00+09:00,J3,380,293,673
2019-09-16T23:00:00+09:00,J4,505,488,993
2019-09-16T23:15:00+09:00,J1,364,421,785
2019-09-16T23:15:00+09:00,J2,161,174,335
2019-09-16T23:15:00+09:00,J3,323,296,619
2019-09-16T23:15:00+09:00,J4,504,507,1011
2019-09-16T23:30:00+09:00,J1,401,466,867
2019-09-16T23:30:00+09:00,J2,185,162,347
2019-09-16T23:30:00+09:00,J3,327,307,634
2019-09-16T23:30:00+09:00,J4,492,494,986
2019-09-16T23:45:00+09:00,J1,378,479,857
2019-09-16T23:45:00+09:00,J2,171,202,373
2019-09-16T23:45:00+09:00,J3,320,299,619
2019-09-16T23:45:00+09:00,J4,547,565,1112
2019-09-17T00:00:00+09:00,J1,367,393,760
2019-09-17T00:00:00+09:00,J2,181,172,353
2019-09-17T00:00:00+09:00,J3,350,276,626
2019-09-17T00:00:00+09:00,J4,507,503,1010
2019-09-17T00:15:00+09:00,J1,231,234,465
2019-09-17T00:15:00+09:00,J2,112,131,243
2019-09-17T00:15:00+09:00,J3,267,232,499
2019-09-17T00:15:00+09:00,J4,439,481,920
2019-09-17T00:30:00+09:00,J1,282,254,536
2019-09-17T00:30:00+09:00,J2,78,140,218
2019-09-17T00:30:00+09:00,J3,255,206,461
2019-09-17T00:30:00+09:00,J4,427,452,879
2019-09-17T00:45:00+09:00,J1,277,280,557
2019-09-17T00:45:00+09:00,J2,196,183,379
2019-09-17T00:45:00+09:00,J3,240,176,416
2019-09-17T00:45:00+09:00,J4,368,303,671
2019-09-17T05:45:00+09:00,J1,457,394,851
2019-09-17T05:45:00+09:00,J2,259,246,505
2019-09-17T05:45:00+09:00,J3,346,284,630
2019-09-17T05:45:00+09:00,J4,406,356,762
2019-09-17T06:00:00+09:00,J1,489,488,977
2019-09-17T06:00:00+09:00,J2,268,264,532
2019-09-17T06:00:00+09:00,J3,458,346,804
2019-09-17T06:00:00+09:00,J4,389,366,755
2019-09-17T06:15:00+09:00,J1,665,678,1343
2019-09-17T06:15:00+09:00,J2,234,268,502
2019-09-17T06:15:00+09:00,J3,332,350,682
2019-09-17T06:15:00+09:00,J4,231,301,532
2019-09-17T06:30:00+09:00,J1,554,522,1076
2019-09-17T06:30:00+09:00,J2,320,219,539
2019-09-17T06:30:00+09:00,J3,360,367,727
2019-09-17T06:30:00+09:00,J4,239,246,485
2019-09-17T06:45:00+09:00,J1,435,410,845
2019-09-17T06:45:00+09:00,J2,330,280,610
2019-09-17T06:45:00+09:00,J3,274,290,564
2019-09-17T06:45:00+09:00,J4,293,337,630
2019-09-17T07:00:00+09:00,J1,480,422,902
2019-09-17T07:00:00+09:00,J2,338,286,624
2019-09-17T07:00:00+09:00,J3,342,368,710
2019-09-17T07:00:00+09:00,J4,312,343,655
2019-09-17T07:15:00+09:00,J1,499,426,925
2019-09-17T07:15:00+09:00,J2,413,332,745
2019-09-17T07:15:00+09:00,J3,396,366,762
2019-09-17T07:15:00+09:00,J4,333,435,768
2019-09-17T07:30:00+09:00,J1,549,448,997
2019-09-17T07:30:00+09:00,J2,403,357,760
2019-09-17T07:30:00+09:00,J3,468,506,974
2019-09-17T07:30:00+09:00,J4,388,516,904
2019-09-17T07:45:00+09:00,J1,621,472,1093
2019-09-17T07:45:00+09:00,J2,446,284,730
2019-09-17T07:45:00+09:00,J3,505,566,1071
2019-09-17T07:45:00+09:00,J4,426,580,1006
2019-09-17T08:00:00+09:00,J1,851,531,1382
2019-09-17T08:00:00+09:00,J2,508,261,769
2019-09-17T08:00:00+09:00,J3,622,696,1318
2019-09-17T08:00:00+09:00,J4,516,780,1296
2019-09-17T08:15:00+09:00,J1,1015,580,1595
2019-09-17T08:15:00+09:00,J2,628,345,973
2019-09-17T08:15:00+09:00,J3,734,835,1569
2019-09-17T08:15:00+09:00,J4,588,957,1545
2019-09-17T08:30:00+09:00,J1,1033,644,1677
2019-09-17T08:30:00+09:00,J2,607,313,920
2019-09-17T08:30:00+09:00,J3,685,863,1548
2019-09-17T08:30:00+09:00,J4,540,1041,1581
2019-09-17T08:45:00+09:00,J1,845,613,1458
2019-09-17T08:45:00+09:00,J2,499,255,754
2019-09-17T08:45:00+09:00,J3,610,617,1227
2019-09-17T08:45:00+09:00,J4,564,828,1392
2019-09-17T09:00:00+09:00,J1,671,531,1202
2019-09-17T09:00:00+09:00,J2,384,289,673
2019-09-17T09:00:00+09:00,J3,517,498,1015
2019-09-17T09:00:00+09:00,J4,552,646,1198
2019-09-17T09:15:00+09:00,J1,610,479,1089
2019-09-17T09:15:00+09:00,J2,401,281,682
2019-09-17T09:15:00+09:00,J3,509,487,996
2019-09-17T09:15:00+09:00,J4,545,728,1273
2019-09-17T09:30:00+09:00,J1,584,509,1093
2019-09-17T09:30:00+09:00,J2,403,286,689
2019-09-17T09:30:00+09:00,J3,612,540,1152
2019-09-17T09:30:00+09:00,J4,571,707,1278
2019-09-17T09:45:00+09:00,J1,526,498,1024
2019-09-17T09:45:00+09:00,J2,358,313,671
2019-09-17T09:45:00+09:00,J3,527,515,1042
2019-09-17T09:45:00+09:00,J4,563,619,1182
2019-09-17T10:00:00+09:00,J1,542,493,1035
2019-09-17T10:00:00+09:00,J2,306,273,579
2019-09-17T10:00:00+09:00,J3,528,492,1020
2019-09-17T10:00:00+09:00,J4,529,594,1123
2019-09-17T10:15:00+09:00,J1,588,519,1107
2019-09-17T10:15:00+09:00,J2,346,295,641
2019-09-17T10:15:00+09:00,J3,589,564,1153
2019-09-17T10:15:00+09:00,J4,541,602,1143
2019-09-17T10:30:00+09:00,J1,556,540,1096
2019-09-17T10:30:00+09:00,J2,375,317,692
2019-09-17T10:30:00+09:00,J3,603,575,1178
2019-09-17T10:30:00+09:00,J4,570,563,1133
2019-09-17T10:45:00+09:00,J1,560,512,1072
2019-09-17T10:45:00+09:00,J2,334,354,688
2019-09-17T10:45:00+09:00,J3,620,532,1152
2019-09-17T10:45:00+09:00,J4,534,566,1100
2019-09-17T11:00:00+09:00,J1,581,550,1131
2019-09-17T11:00:00+09:00,J2,274,307,581
2019-09-17T11:00:00+09:00,J3,650,558,1208
2019-09-17T11:00:00+09:00,J4,555,573,1128
2019-09-17T11:15:00+09:00,J1,642,622,1264
2019-09-17T11:15:00+09:00,J2,387,358,745
2019-09-17T11:15:00+09:00,J3,686,613,1299
2019-09-17T11:15:00+09:00,J4,526,571,1097
2019-09-17T11:30:00+09:00,J1,653,653,1306
2019-09-17T11:30:00+09:00,J2,367,361,728
2019-09-17T11:30:00+09:00,J3,703,597,1300
2019-09-17T11:30:00+09:00,J4,553,538,1091
2019-09-17T11:45:00+09:00,J1,623,599,1222
2019-09-17T11:45:00+09:00,J2,316,346,662
2019-09-17T11:45:00+09:00,J3,644,607,1251
2019-09-17T11:45:00+09:00,J4,617,531,1148
2019-09-17T12:00:00+09:00,J1,625,710,1335
2019-09-17T12:00:00+09:00,J2,358,444,802
2019-09-17T12:00:00+09:00,J3,655,666,1321
2019-09-17T12:00:00+09:00,J4,600,509,1109
2019-09-17T12:15:00+09:00,J1,630,631,1261
2019-09-17T12:15:00+09:00,J2,433,419,852
2019-09-17T12:15:00+09:00,J3,585,552,1137
2019-09-17T12:15:00+09:00,J4,626,538,1164
2019-09-17T12:30:00+09:00,J1,667,676,1343
2019-09-17T12:30:00+09:00,J2,505,439,944
2019-09-17T12:30:00+09:00,J3,663,529,1192
2019-09-17T12:30:00+09:00,J4,598,559,1157
2019-09-17T12:45:00+09:00,J1,639,690,1329
2019-09-17T12:45:00+09:00,J2,462,429,891
2019-09-17T12:45:00+09:00,J3,663,529,1192
2019-09-17T12:45:00+09:00,J4,576,532,1108
2019-09-17T13:00:00+09:00,J1,649,730,1379
2019-09-17T13:00:00+09:00,J2,467,417,884
2019-09-17T13:00:00+09:00,J3,604,569,1173
2019-09-17T13:00:00+09:00,J4,568,580,1148
2019-09-17T13:15:00+09:00,J1,656,745,1401
2019-09-17T13:15:00+09:00,J2,423,409,832
2019-09-17T13:15:00+09:00,J3,561,599,1160
2019-09-17T13:15:00+09:00,J4,529,544,1073
2019-09-17T13:30:00+09:00,J1,684,675,1359
2019-09-17T13:30:00+09:00,J2,434,417,851
2019-09-17T13:30:00+09:00,J3,625,596,1221
2019-09-17T13:30:00+09:00,J4,550,533,1083
2019-09-17T13:45:00+09:00,J1,677,718,1395
2019-09-17T13:45:00+09:00,J2,392,411,803
2019-09-17T13:45:00+09:00,J3,592,596,1188
2019-09-17T13:45:00+09:00,J4,562,552,1114
2019-09-17T14:00:00+09:00,J1,675,664,1339
2019-09-17T14:00:00+09:00,J2,459,343,802
2019-09-17T14:00:00+09:00,J3,641,581,1222
2019-09-17T14:00:00+09:00,J4,545,563,1108
2019-09-17T14:15:00+09:00,J1,659,655,1314
2019-09-17T14:15:00+09:00,J2,399,368,767
2019-09-17T14:15:00+09:00,J3,602,555,1157
2019-09-17T14:15:00+09:00,J4,542,490,1032
2019-09-17T14:30:00+09:00,J1,701,805,1506
2019-09-17T14:30:00+09:00,J2,423,383,806
2019-09-17T14:30:00+09:00,J3,670,619,1289
2019-09-17T14:30:00+09:00,J4,558,571,1129
2019-09-17T14:45:00+09:00,J1,696,826,1522
2019-09-17T14:45:00+09:00,J2,414,412,826
2019-09-17T14:45:00+09:00,J3,612,596,1208
2019-09-17T14:45:00+09:00,J4,591,480,1071
2019-09-17T15:00:00+09:00,J1,652,803,1455
2019-09-17T15:00:00+09:00,J2,371,453,824
2019-09-17T15:00:00+09:00,J3,658,585,1243
2019-09-17T15:00:00+09:00,J4,561,579,1140
2019-09-17T15:15:00+09:00,J1,658,838,1496
2019-09-17T15:15:00+09:00,J2,375,451,826
2019-09-17T15:15:00+09:00,J3,583,576,1159
2019-09-17T15:15:00+09:00,J4,628,504,1132
2019-09-17T15:30:00+09:00,J1,745,885,1630
2019-09-17T15:30:00+09:00,J2,398,382,780
2019-09-17T15:30:00+09:00,J3,672,555,1227
2019-09-17T15:30:00+09:00,J4,591,532,1123
2019-09-17T15:45:00+09:00,J1,700,742,1442
2019-09-17T15:45:00+09:00,J2,326,393,719
2019-09-17T15:45:00+09:00,J3,688,611,1299
2019-09-17T15:45:00+09:00,J4,602,592,1194
2019-09-17T16:00:00+09:00,J1,674,783,1457
2019-09-17T16:00:00+09:00,J2,311,417,728
2019-09-17T16:00:00+09:00,J3,661,584,1245
2019-09-17T16:00:00+09:00,J4,629,540,1169
2019-09-17T16:15:00+09:00,J1,678,749,1427
2019-09-17T16:15:00+09:00,J2,393,420,813
2019-09-17T16:15:00+09:00,J3,741,562,1303
2019-09-17T16:15:00+09:00,J4,683,544,1227
2019-09-17T16:30:00+09:00,J1,720,757,1477
2019-09-17T16:30:00+09:00,J2,304,411,715
2019-09-17T16:30:00+09:00,J3,660,543,1203
2019-09-17T16:30:00+09:00,J4,676,573,1249
2019-09-17T16:45:00+09:00,J1,680,815,1495
2019-09-17T16:45:00+09:00,J2,361,423,784
2019-09-17T16:45:00+09:00,J3,657,549,1206
2019-09-17T16:45:00+09:00,J4,647,548,1195
2019-09-17T17:00:00+09:00,J1,720,928,1648
2019-09-17T17:00:00+09:00,J2,318,460,778
2019-09-17T17:00:00+09:00,J3,802,712,1514
2019-09-17T17:00:00+09:00,J4,618,555,1173
2019-09-17T17:15:00+09:00,J1,885,972,1857
2019-09-17T17:15:00+09:00,J2,426,550,976
2019-09-17T17:15:00+09:00,J3,846,688,1534
2019-09-17T17:15:00+09:00,J4,656,523,1179
2019-09-17T17:30:00+09:00,J1,820,924,1744
2019-09-17T17:30:00+09:00,J2,354,517,871
2019-09-17T17:30:00+09:00,J3,845,747,1592
2019-09-17T17:30:00+09:00,J4,773,603,1376
2019-09-17T17:45:00+09:00,J1,871,977,1848
2019-09-17T17:45:00+09:00,J2,442,583,1025
2019-09-17T17:45:00+09:00,J3,918,747,1665
2019-09-17T17:45:00+09:00,J4,796,618,1414
2019-09-17T18:00:00+09:00,J1,963,1095,2058
2019-09-17T18:00:00+09:00,J2,396,576,972
2019-09-17T18:00:00+09:00,J3,934,706,1640
2019-09-17T18:00:00+09:00,J4,841,627,1468
2019-09-17T18:15:00+09:00,J1,928,1057,1985
2019-09-17T18:15:00+09:00,J2,425,579,1004
2019-09-17T18:15:00+09:00,J3,827,726,1553
2019-09-17T18:15:00+09:00,J4,872,589,1461
2019-09-17T18:30:00+09:00,J1,798,846,1644
2019-09-17T18:30:00+09:00,J2,405,515,920
2019-09-17T18:30:00+09:00,J3,777,733,1510
2019-09-17T18:30:00+09:00,J4,805,607,1412
2019-09-17T18:45:00+09:00,J1,764,813,1577
2019-09-17T18:45:00+09:00,J2,367,473,840
2019-09-17T18:45:00+09:00,J3,675,675,1350
2019-09-17T18:45:00+09:00,J4,713,528,1241
2019-09-17T19:00:00+09:00,J1,689,807,1496
2019-09-17T19:00:00+09:00,J2,362,388,750
2019-09-17T19:00:00+09:00,J3,722,669,1391
2019-09-17T19:00:00+09:00,J4,659,517,1176
2019-09-17T19:15:00+09:00,J1,729,872,1601
2019-09-17T19:15:00+09:00,J2,339,423,762
2019-09-17T19:15:00+09:00,J3,581,640,1221
2019-09-17T19:15:00+09:00,J4,701,567,1268
2019-09-17T19:30:00+09:00,J1,659,831,1490
2019-09-17T19:30:00+09:00,J2,362,428,790
2019-09-17T19:30:00+09:00,J3,659,619,1278
2019-09-17T19:30:00+09:00,J4,688,495,1183
2019-09-17T19:45:00+09:00,J1,657,785,1442
2019-09-17T19:45:00+09:00,J2,365,401,766
2019-09-17T19:45:00+09:00,J3,602,523,1125
2019-09-17T19:45:00+09:00,J4,656,543,1199
2019-09-17T20:00:00+09:00,J1,700,796,1496
2019-09-17T20:00:00+09:00,J2,370,447,817
2019-09-17T20:00:00+09:00,J3,699,615,1314
2019-09-17T20:00:00+09:00,J4,654,500,1154
2019-09-17T20:15:00+09:00,J1,675,751,1426
2019-09-17T20:15:00+09:00,J2,406,413,819
2019-09-17T20:15:00+09:00,J3,613,527,1140
2019-09-17T20:15:00+09:00,J4,628,485,1113
2019-09-17T20:30:00+09:00,J1,738,781,1519
2019-09-17T20:30:00+09:00,J2,398,431,829
2019-09-17T20:30:00+09:00,J3,551,499,1050
2019-09-17T20:30:00+09:00,J4,629,450,1079
2019-09-17T20:45:00+09:00,J1,659,754,1413
2019-09-17T20:45:00+09:00,J2,344,394,738
2019-09-17T20:45:00+09:00,J3,496,455,951
2019-09-17T20:45:00+09:00,J4,555,404,959
2019-09-17T21:00:00+09:00,J1,715,742,1457
2019-09-17T21:00:00+09:00,J2,295,324,619
2019-09-17T21:00:00+09:00,J3,457,419,876
2019-09-17T21:00:00+09:00,J4,509,364,873
2019-09-17T21:15:00+09:00,J1,721,848,1569
2019-09-17T21:15:00+09:00,J2,299,274,573
2019-09-17T21:15:00+09:00,J3,465,420,885
2019-09-17T21:15:00+09:00,J4,419,330,749
2019-09-17T21:30:00+09:00,J1,703,751,1454
2019-09-17T21:30:00+09:00,J2,323,310,633
2019-09-17T21:30:00+09:00,J3,466,432,898
2019-09-17T21:30:00+09:00,J4,494,399,893
2019-09-17T21:45:00+09:00,J1,673,768,1441
2019-09-17T21:45:00+09:00,J2,316,315,631
2019-09-17T21:45:00+09:00,J3,553,437,990
2019-09-17T21:45:00+09:00,J4,543,444,987
2019-09-17T22:00:00+09:00,J1,618,706,1324
2019-09-17T22:00:00+09:00,J2,309,331,640
2019-09-17T22:00:00+09:00,J3,528,409,937
2019-09-17T22:00:00+09:00,J4,592,485,1077
2019-09-17T22:15:00+09:00,J1,526,544,1070
2019-09-17T22:15:00+09:00,J2,269,249,518
2019-09-17T22:15:00+09:00,J3,471,511,982
2019-09-17T22:15:00+09:00,J4,675,625,1300
2019-09-17T22:30:00+09:00,J1,545,630,1175
2019-09-17T22:30:00+09:00,J2,315,313,628
2019-09-17T22:30:00+09:00,J3,471,446,917
2019-09-17T22:30:00+09:00,J4,712,687,1399
2019-09-17T22:45:00+09:00,J1,573,660,1233
2019-09-17T22:45:00+09:00,J2,301,292,593
2019-09-17T22:45:00+09:00,J3,509,468,977
2019-09-17T22:45:00+09:00,J4,570,563,1133
2019-09-17T23:00:00+09:00,J1,613,645,1258
2019-09-17T23:00:00+09:00,J2,351,347,698
2019-09-17T23:00:00+09:00,J3,395,413,808
2019-09-17T23:00:00+09:00,J4,570,584,1154
2019-09-17T23:15:00+09:00,J1,528,598,1126
2019-09-17T23:15:00+09:00,J2,296,285,581
2019-09-17T23:15:00+09:00,J3,415,373,788
2019-09-17T23:15:00+09:00,J4,759,726,1485
2019-09-17T23:30:00+09:00,J1,541,521,1062
2019-09-17T23:30:00+09:00,J2,249,249,498
2019-09-17T23:30:00+09:00,J3,312,305,617
2019-09-17T23:30:00+09:00,J4,565,547,1112
2019-09-17T23:45:00+09:00,J1,361,349,710
2019-09-17T23:45:00+09:00,J2,292,277,569
2019-09-17T23:45:00+09:00,J3,404,343,747
2019-09-17T23:45:00+09:00,J4,805,692,1497
2019-09-18T00:00:00+09:00,J1,401,401,802
2019-09-18T00:00:00+09:00,J2,259,195,454
2019-09-18T00:00:00+09:00,J3,311,264,575
2019-09-18T00:00:00+09:00,J4,741,720,1461
2019-09-18T00:15:00+09:00,J1,225,248,473
2019-09-18T00:15:00+09:00,J2,267,196,463
2019-09-18T00:15:00+09:00,J3,338,324,662
2019-09-18T00:15:00+09:00,J4,367,320,687
2019-09-18T00:30:00+09:00,J1,171,196,367
2019-09-18T00:30:00+09:00,J2,259,243,502
2019-09-18T00:30:00+09:00,J3,330,318,648
2019-09-18T00:30:00+09:00,J4,405,382,787
2019-09-18T00:45:00+09:00,J1,164,198,362
2019-09-18T00:45:00+09:00,J2,179,177,356
2019-09-18T00:45:00+09:00,J3,326,247,573
2019-09-18T00:45:00+09:00,J4,344,298,642
2019-09-18T05:45:00+09:00,J1,248,269,517
2019-09-18T05:45:00+09:00,J2,220,248,468
2019-09-18T05:45:00+09:00,J3,397,347,744
2019-09-18T05:45:00+09:00,J4,634,645,1279
2019-09-18T06:00:00+09:00,J1,312,293,605
2019-09-18T06:00:00+09:00,J2,209,263,472
2019-09-18T06:00:00+09:00,J3,377,313,690
2019-09-18T06:00:00+09:00,J4,837,818,1655
2019-09-18T06:15:00+09:00,J1,411,446,857
2019-09-18T06:15:00+09:00,J2,236,217,453
2019-09-18T06:15:00+09:00,J3,478,395,873
2019-09-18T06:15:00+09:00,J4,681,746,1427
2019-09-18T06:30:00+09:00,J1,473,420,893
2019-09-18T06:30:00+09:00,J2,232,196,428
2019-09-18T06:30:00+09:00,J3,397,342,739
2019-09-18T06:30:00+09:00,J4,758,741,1499
2019-09-18T06:45:00+09:00,J1,530,491,1021
2019-09-18T06:45:00+09:00,J2,259,233,492
2019-09-18T06:45:00+09:00,J3,462,409,871
2019-09-18T06:45:00+09:00,J4,765,700,1465
2019-09-18T07:00:00+09:00,J1,630,602,1232
2019-09-18T07:00:00+09:00,J2,340,277,617
2019-09-18T07:00:00+09:00,J3,486,419,905
2019-09-18T07:00:00+09:00,J4,702,810,1512
2019-09-18T07:15:00+09:00,J1,661,592,1253
2019-09-18T07:15:00+09:00,J2,357,283,640
2019-09-18T07:15:00+09:00,J3,552,567,1119
2019-09-18T07:15:00+09:00,J4,680,767,1447
2019-09-18T07:30:00+09:00,J1,681,561,1242
2019-09-18T07:30:00+09:00,J2,380,285,665
2019-09-18T07:30:00+09:00,J3,728,717,1445
2019-09-18T07:30:00+09:00,J4,777,913,1690
2019-09-18T07:45:00+09:00,J1,801,660,1461
2019-09-18T07:45:00+09:00,J2,554,262,816
2019-09-18T07:45:00+09:00,J3,691,811,1502
2019-09-18T07:45:00+09:00,J4,796,1022,1818
2019-09-18T08:00:00+09:00,J1,1044,845,1889
2019-09-18T08:00:00+09:00,J2,727,399,1126
2019-09-18T08:00:00+09:00,J3,765,956,1721
2019-09-18T08:00:00+09:00,J4,856,1085,1941
2019-09-18T08:15:00+09:00,J1,1193,775,1968
2019-09-18T08:15:00+09:00,J2,788,349,1137
2019-09-18T08:15:00+09:00,J3,770,1006,1776
2019-09-18T08:15:00+09:00,J4,837,1079,1916
2019-09-18T08:30:00+09:00,J1,1105,809,1914
2019-09-18T08:30:00+09:00,J2,822,348,1170
2019-09-18T08:30:00+09:00,J3,708,1128,1836
2019-09-18T08:30:00+09:00,J4,788,1084,1872
2019-09-18T08:45:00+09:00,J1,917,712,1629
2019-09-18T08:45:00+09:00,J2,648,282,930
2019-09-18T08:45:00+09:00,J3,654,893,1547
2019-09-18T08:45:00+09:00,J4,848,1017,1865
2019-09-18T09:00:00+09:00,J1,811,704,1515
2019-09-18T09:00:00+09:00,J2,525,290,815
2019-09-18T09:00:00+09:00,J3,642,641,1283
2019-09-18T09:00:00+09:00,J4,658,817,1475
2019-09-18T09:15:00+09:00,J1,757,546,1303
2019-09-18T09:15:00+09:00,J2,506,274,780
2019-09-18T09:15:00+09:00,J3,614,685,1299
2019-09-18T09:15:00+09:00,J4,702,748,1450
2019-09-18T09:30:00+09:00,J1,696,592,1288
2019-09-18T09:30:00+09:00,J2,543,347,890
2019-09-18T09:30:00+09:00,J3,579,572,1151
2019-09-18T09:30:00+09:00,J4,615,652,1267
2019-09-18T09:45:00+09:00,J1,765,716,1481
2019-09-18T09:45:00+09:00,J2,463,310,773
2019-09-18T09:45:00+09:00,J3,542,484,1026
2019-09-18T09:45:00+09:00,J4,460,500,960
2019-09-18T10:00:00+09:00,J1,556,555,1111
2019-09-18T10:00:00+09:00,J2,524,340,864
2019-09-18T10:00:00+09:00,J3,478,502,980
2019-09-18T10:00:00+09:00,J4,625,613,1238
2019-09-18T10:15:00+09:00,J1,622,565,1187
2019-09-18T10:15:00+09:00,J2,464,338,802
2019-09-18T10:15:00+09:00,J3,519,458,977
2019-09-18T10:15:00+09:00,J4,466,537,1003
2019-09-18T10:30:00+09:00,J1,621,555,1176
2019-09-18T10:30:00+09:00,J2,474,413,887
2019-09-18T10:30:00+09:00,J3,497,508,1005
2019-09-18T10:30:00+09:00,J4,511,473,984
2019-09-18T10:45:00+09:00,J1,591,526,1117
2019-09-18T10:45:00+09:00,J2,456,421,877
2019-09-18T10:45:00+09:00,J3,442,487,929
2019-09-18T10:45:00+09:00,J4,476,473,949
2019-09-18T11:00:00+09:00,J1,564,560,1124
2019-09-18T11:00:00+09:00,J2,447,463,910
2019-09-18T11:00:00+09:00,J3,458,436,894
2019-09-18T11:00:00+09:00,J4,460,465,925
2019-09-18T11:15:00+09:00,J1,674,609,1283
2019-09-18T11:15:00+09:00,J2,435,445,880
2019-09-18T11:15:00+09:00,J3,488,469,957
2019-09-18T11:15:00+09:00,J4,503,507,1010
2019-09-18T11:30:00+09:00,J1,703,664,1367
2019-09-18T11:30:00+09:00,J2,510,521,1031
2019-09-18T11:30:00+09:00,J3,482,493,975
2019-09-18T11:30:00+09:00,J4,402,381,783
2019-09-18T11:45:00+09:00,J1,638,655,1293
2019-09-18T11:45:00+09:00,J2,483,386,869
2019-09-18T11:45:00+09:00,J3,500,513,1013
2019-09-18T11:45:00+09:00,J4,482,470,952
2019-09-18T12:00:00+09:00,J1,659,691,1350
2019-09-18T12:00:00+09:00,J2,500,459,959
2019-09-18T12:00:00+09:00,J3,464,470,934
2019-09-18T12:00:00+09:00,J4,447,354,801
2019-09-18T12:15:00+09:00,J1,699,636,1335
2019-09-18T12:15:00+09:00,J2,518,466,984
2019-09-18T12:15:00+09:00,J3,496,510,1006
2019-09-18T12:15:00+09:00,J4,450,396,846
2019-09-18T12:30:00+09:00,J1,633,643,1276
2019-09-18T12:30:00+09:00,J2,476,408,884
2019-09-18T12:30:00+09:00,J3,522,535,1057
2019-09-18T12:30:00+09:00,J4,495,462,957
2019-09-18T12:45:00+09:00,J1,489,526,1015
2019-09-18T12:45:00+09:00,J2,444,380,824
2019-09-18T12:45:00+09:00,J3,457,523,980
2019-09-18T12:45:00+09:00,J4,406,433,839
2019-09-18T13:00:00+09:00,J1,511,648,1159
2019-09-18T13:00:00+09:00,J2,414,405,819
2019-09-18T13:00:00+09:00,J3,459,450,909
2019-09-18T13:00:00+09:00,J4,390,375,765
2019-09-18T13:15:00+09:00,J1,552,589,1141
2019-09-18T13:15:00+09:00,J2,396,382,778
2019-09-18T13:15:00+09:00,J3,440,549,989
2019-09-18T13:15:00+09:00,J4,423,397,820
2019-09-18T13:30:00+09:00,J1,515,615,1130
2019-09-18T13:30:00+09:00,J2,385,357,742
2019-09-18T13:30:00+09:00,J3,484,468,952
2019-09-18T13:30:00+09:00,J4,456,384,840
2019-09-18T13:45:00+09:00,J1,450,576,1026
2019-09-18T13:45:00+09:00,J2,347,353,700
2019-09-18T13:45:00+09:00,J3,456,489,945
2019-09-18T13:45:00+09:00,J4,419,373,792
2019-09-18T14:00:00+09:00,J1,496,629,1125
2019-09-18T14:00:00+09:00,J2,362,406,768
2019-09-18T14:00:00+09:00,J3,486,485,971
2019-09-18T14:00:00+09:00,J4,458,312,770
2019-09-18T14:15:00+09:00,J1,496,565,1061
2019-09-18T14:15:00+09:00,J2,312,345,657
2019-09-18T14:15:00+09:00,J3,430,396,826
2019-09-18T14:15:00+09:00,J4,550,492,1042
2019-09-18T14:30:00+09:00,J1,504,564,1068
2019-09-18T14:30:00+09:00,J2,325,393,718
2019-09-18T14:30:00+09:00,J3,449,491,940
2019-09-18T14:30:00+09:00,J4,522,436,958
2019-09-18T14:45:00+09:00,J1,574,600,1174
2019-09-18T14:45:00+09:00,J2,325,356,681
2019-09-18T14:45:00+09:00,J3,501,504,1005
2019-09-18T14:45:00+09:00,J4,537,451,988
2019-09-18T15:00:00+09:00,J1,564,666,1230
2019-09-18T15:00:00+09:00,J2,329,407,736
2019-09-18T15:00:00+09:00,J3,433,453,886
2019-09-18T15:00:00+09:00,J4,557,422,979
2019-09-18T15:15:00+09:00,J1,549,656,1205
2019-09-18T15:15:00+09:00,J2,365,409,774
2019-09-18T15:15:00+09:00,J3,541,517,1058
2019-09-18T15:15:00+09:00,J4,558,422,980
2019-09-18T15:30:00+09:00,J1,484,626,1110
2019-09-18T15:30:00+09:00,J2,337,383,720
2019-09-18T15:30:00+09:00,J3,536,521,1057
2019-09-18T15:30:00+09:00,J4,462,405,867
2019-09-18T15:45:00+09:00,J1,579,649,1228
2019-09-18T15:45:00+09:00,J2,319,433,752
2019-09-18T15:45:00+09:00,J3,482,545,1027
2019-09-18T15:45:00+09:00,J4,534,465,999
2019-09-18T16:00:00+09:00,J1,564,675,1239
2019-09-18T16:00:00+09:00,J2,310,453,763
2019-09-18T16:00:00+09:00,J3,487,502,989
2019-09-18T16:00:00+09:00,J4,554,389,943
2019-09-18T16:15:00+09:00,J1,575,659,1234
2019-09-18T16:15:00+09:00,J2,391,405,796
2019-09-18T16:15:00+09:00,J3,554,500,1054
2019-09-18T16:15:00+09:00,J4,703,628,1331
2019-09-18T16:30:00+09:00,J1,596,662,1258
2019-09-18T16:30:00+09:00,J2,344,343,687
2019-09-18T16:30:00+09:00,J3,520,490,1010
2019-09-18T16:30:00+09:00,J4,561,480,1041
2019-09-18T16:45:00+09:00,J1,664,660,1324
2019-09-18T16:45:00+09:00,J2,379,357,736
2019-09-18T16:45:00+09:00,J3,602,513,1115
2019-09-18T16:45:00+09:00,J4,531,447,978
2019-09-18T17:00:00+09:00,J1,702,839,1541
2019-09-18T17:00:00+09:00,J2,375,547,922
2019-09-18T17:00:00+09:00,J3,737,574,1311
2019-09-18T17:00:00+09:00,J4,681,506,1187
2019-09-18T17:15:00+09:00,J1,743,960,1703
2019-09-18T17:15:00+09:00,J2,434,594,1028
2019-09-18T17:15:00+09:00,J3,750,618,1368
2019-09-18T17:15:00+09:00,J4,718,529,1247
2019-09-18T17:30:00+09:00,J1,789,993,1782
2019-09-18T17:30:00+09:00,J2,499,599,1098
2019-09-18T17:30:00+09:00,J3,947,713,1660
2019-09-18T17:30:00+09:00,J4,764,521,1285
2019-09-18T17:45:00+09:00,J1,866,1056,1922
2019-09-18T17:45:00+09:00,J2,529,624,1153
2019-09-18T17:45:00+09:00,J3,984,673,1657
2019-09-18T17:45:00+09:00,J4,828,610,1438
2019-09-18T18:00:00+09:00,J1,906,1103,2009
2019-09-18T18:00:00+09:00,J2,581,588,1169
2019-09-18T18:00:00+09:00,J3,1065,688,1753
2019-09-18T18:00:00+09:00,J4,878,619,1497
2019-09-18T18:15:00+09:00,J1,924,1145,2069
2019-09-18T18:15:00+09:00,J2,734,684,1418
2019-09-18T18:15:00+09:00,J3,1074,811,1885
2019-09-18T18:15:00+09:00,J4,1057,589,1646
2019-09-18T18:30:00+09:00,J1,849,1067,1916
2019-09-18T18:30:00+09:00,J2,722,633,1355
2019-09-18T18:30:00+09:00,J3,935,748,1683
2019-09-18T18:30:00+09:00,J4,888,569,1457
2019-09-18T18:45:00+09:00,J1,850,1069,1919
2019-09-18T18:45:00+09:00,J2,626,586,1212
2019-09-18T18:45:00+09:00,J3,872,724,1596
2019-09-18T18:45:00+09:00,J4,830,531,1361
2019-09-18T19:00:00+09:00,J1,767,947,1714
2019-09-18T19:00:00+09:00,J2,587,587,1174
2019-09-18T19:00:00+09:00,J3,800,807,1607
2019-09-18T19:00:00+09:00,J4,735,598,1333
2019-09-18T19:15:00+09:00,J1,828,1094,1922
2019-09-18T19:15:00+09:00,J2,527,542,1069
2019-09-18T19:15:00+09:00,J3,803,792,1595
2019-09-18T19:15:00+09:00,J4,783,604,1387
2019-09-18T19:30:00+09:00,J1,770,845,1615
2019-09-18T19:30:00+09:00,J2,436,461,897
2019-09-18T19:30:00+09:00,J3,726,622,1348
2019-09-18T19:30:00+09:00,J4,690,564,1254
2019-09-18T19:45:00+09:00,J1,723,870,1593
2019-09-18T19:45:00+09:00,J2,337,449,786
2019-09-18T19:45:00+09:00,J3,571,618,1189
2019-09-18T19:45:00+09:00,J4,705,493,1198
2019-09-18T20:00:00+09:00,J1,721,925,1646
2019-09-18T20:00:00+09:00,J2,330,421,751
2019-09-18T20:00:00+09:00,J3,600,631,1231
2019-09-18T20:00:00+09:00,J4,677,547,1224
2019-09-18T20:15:00+09:00,J1,631,762,1393
2019-09-18T20:15:00+09:00,J2,379,419,798
2019-09-18T20:15:00+09:00,J3,612,466,1078
2019-09-18T20:15:00+09:00,J4,581,436,1017
2019-09-18T20:30:00+09:00,J1,686,821,1507
2019-09-18T20:30:00+09:00,J2,391,401,792
2019-09-18T20:30:00+09:00,J3,624,495,1119
2019-09-18T20:30:00+09:00,J4,485,366,851
2019-09-18T20:45:00+09:00,J1,797,826,1623
2019-09-18T20:45:00+09:00,J2,417,392,809
2019-09-18T20:45:00+09:00,J3,484,427,911
2019-09-18T20:45:00+09:00,J4,421,334,755
2019-09-18T21:00:00+09:00,J1,679,776,1455
2019-09-18T21:00:00+09:00,J2,397,426,823
2019-09-18T21:00:00+09:00,J3,551,481,1032
2019-09-18T21:00:00+09:00,J4,635,507,1142
2019-09-18T21:15:00+09:00,J1,723,817,1540
2019-09-18T21:15:00+09:00,J2,313,312,625
2019-09-18T21:15:00+09:00,J3,588,484,1072
2019-09-18T21:15:00+09:00,J4,571,502,1073
2019-09-18T21:30:00+09:00,J1,700,800,1500
2019-09-18T21:30:00+09:00,J2,282,310,592
2019-09-18T21:30:00+09:00,J3,546,429,975
2019-09-18T21:30:00+09:00,J4,565,473,1038
2019-09-18T21:45:00+09:00,J1,708,801,1509
2019-09-18T21:45:00+09:00,J2,309,336,645
2019-09-18T21:45:00+09:00,J3,511,450,961
2019-09-18T21:45:00+09:00,J4,602,532,1134
2019-09-18T22:00:00+09:00,J1,730,773,1503
2019-09-18T22:00:00+09:00,J2,378,317,695
2019-09-18T22:00:00+09:00,J3,522,500,1022
2019-09-18T22:00:00+09:00,J4,623,539,1162
2019-09-18T22:15:00+09:00,J1,768,798,1566
2019-09-18T22:15:00+09:00,J2,282,236,518
2019-09-18T22:15:00+09:00,J3,529,525,1054
2019-09-18T22:15:00+09:00,J4,644,523,1167
2019-09-18T22:30:00+09:00,J1,778,803,1581
2019-09-18T22:30:00+09:00,J2,305,257,562
2019-09-18T22:30:00+09:00,J3,516,479,995
2019-09-18T22:30:00+09:00,J4,625,630,1255
2019-09-18T22:45:00+09:00,J1,754,792,1546
2019-09-18T22:45:00+09:00,J2,326,295,621
2019-09-18T22:45:00+09:00,J3,448,393,841
2019-09-18T22:45:00+09:00,J4,645,645,1290
2019-09-18T23:00:00+09:00,J1,647,678,1325
2019-09-18T23:00:00+09:00,J2,319,316,635
2019-09-18T23:00:00+09:00,J3,447,411,858
2019-09-18T23:00:00+09:00,J4,634,640,1274
2019-09-18T23:15:00+09:00,J1,645,675,1320
2019-09-18T23:15:00+09:00,J2,293,315,608
2019-09-18T23:15:00+09:00,J3,456,433,889
2019-09-18T23:15:00+09:00,J4,688,644,1332
2019-09-18T23:30:00+09:00,J1,701,710,1411
2019-09-18T23:30:00+09:00,J2,247,244,491
2019-09-18T23:30:00+09:00,J3,451,339,790
2019-09-18T23:30:00+09:00,J4,565,558,1123
2019-09-18T23:45:00+09:00,J1,646,629,1275
2019-09-18T23:45:00+09:00,J2,296,275,571
2019-09-18T23:45:00+09:00,J3,430,320,750
2019-09-18T23:45:00+09:00,J4,635,608,1243
2019-09-19T00:00:00+09:00,J1,548,517,1065
2019-09-19T00:00:00+09:00,J2,206,235,441
2019-09-19T00:00:00+09:00,J3,389,326,715
2019-09-19T00:00:00+09:00,J4,627,556,1183
2019-09-19T00:15:00+09:00,J1,213,198,411
2019-09-19T00:15:00+09:00,J2,271,269,540
2019-09-19T00:15:00+09:00,J3,356,345,701
2019-09-19T00:15:00+09:00,J4,440,436,876
2019-09-19T00:30:00+09:00,J1,290,251,541
2019-09-19T00:30:00+09:00,J2,243,299,542
2019-09-19T00:30:00+09:00,J3,383,377,760
2019-09-19T00:30:00+09:00,J4,273,261,534
2019-09-19T00:45:00+09:00,J1,341,269,610
2019-09-19T00:45:00+09:00,J2,257,303,560
2019-09-19T00:45:00+09:00,J3,437,389,826
2019-09-19T00:45:00+09:00,J4,386,366,752
2019-09-19T05:45:00+09:00,J1,311,285,596
2019-09-19T05:45:00+09:00,J2,267,377,644
2019-09-19T05:45:00+09:00,J3,335,298,633
2019-09-19T05:45:00+09:00,J4,820,816,1636
2019-09-19T06:00:00+09:00,J1,490,443,933
2019-09-19T06:00:00+09:00,J2,236,263,499
2019-09-19T06:00:00+09:00,J3,307,252,559
2019-09-19T06:00:00+09:00,J4,906,906,1812
2019-09-19T06:15:00+09:00,J1,475,468,943
2019-09-19T06:15:00+09:00,J2,237,198,435
2019-09-19T06:15:00+09:00,J3,347,300,647
2019-09-19T06:15:00+09:00,J4,837,840,1677
2019-09-19T06:30:00+09:00,J1,492,514,1006
2019-09-19T06:30:00+09:00,J2,237,218,455
2019-09-19T06:30:00+09:00,J3,335,323,658
2019-09-19T06:30:00+09:00,J4,852,1031,1883
2019-09-19T06:45:00+09:00,J1,510,437,947
2019-09-19T06:45:00+09:00,J2,251,213,464
2019-09-19T06:45:00+09:00,J3,393,354,747
2019-09-19T06:45:00+09:00,J4,712,737,1449
2019-09-19T07:00:00+09:00,J1,555,560,1115
2019-09-19T07:00:00+09:00,J2,296,277,573
2019-09-19T07:00:00+09:00,J3,417,356,773
2019-09-19T07:00:00+09:00,J4,951,1013,1964
2019-09-19T07:15:00+09:00,J1,646,634,1280
2019-09-19T07:15:00+09:00,J2,270,231,501
2019-09-19T07:15:00+09:00,J3,412,361,773
2019-09-19T07:15:00+09:00,J4,902,903,1805
2019-09-19T07:30:00+09:00,J1,778,614,1392
2019-09-19T07:30:00+09:00,J2,252,195,447
2019-09-19T07:30:00+09:00,J3,647,623,1270
2019-09-19T07:30:00+09:00,J4,671,843,1514
2019-09-19T07:45:00+09:00,J1,937,808,1745
2019-09-19T07:45:00+09:00,J2,302,246,548
2019-09-19T07:45:00+09:00,J3,699,629,1328
2019-09-19T07:45:00+09:00,J4,710,894,1604
2019-09-19T08:00:00+09:00,J1,1135,828,1963
2019-09-19T08:00:00+09:00,J2,379,365,744
2019-09-19T08:00:00+09:00,J3,803,849,1652
2019-09-19T08:00:00+09:00,J4,700,959,1659
2019-09-19T08:15:00+09:00,J1,1269,967,2236
2019-09-19T08:15:00+09:00,J2,449,391,840
2019-09-19T08:15:00+09:00,J3,997,1088,2085
2019-09-19T08:15:00+09:00,J4,730,1133,1863
2019-09-19T08:30:00+09:00,J1,1246,961,2207
2019-09-19T08:30:00+09:00,J2,417,388,805
2019-09-19T08:30:00+09:00,J3,859,988,1847
2019-09-19T08:30:00+09:00,J4,761,1112,1873
2019-09-19T08:45:00+09:00,J1,1093,820,1913
2019-09-19T08:45:00+09:00,J2,419,313,732
2019-09-19T08:45:00+09:00,J3,882,937,1819
2019-09-19T08:45:00+09:00,J4,765,1019,1784
2019-09-19T09:00:00+09:00,J1,912,848,1760
2019-09-19T09:00:00+09:00,J2,455,283,738
2019-09-19T09:00:00+09:00,J3,869,855,1724
2019-09-19T09:00:00+09:00,J4,902,1018,1920
2019-09-19T09:15:00+09:00,J1,886,748,1634
2019-09-19T09:15:00+09:00,J2,383,259,642
2019-09-19T09:15:00+09:00,J3,658,627,1285
2019-09-19T09:15:00+09:00,J4,877,999,1876
2019-09-19T09:30:00+09:00,J1,918,837,1755
2019-09-19T09:30:00+09:00,J2,440,282,722
2019-09-19T09:30:00+09:00,J3,737,721,1458
2019-09-19T09:30:00+09:00,J4,802,820,1622
2019-09-19T09:45:00+09:00,J1,1084,1058,2142
2019-09-19T09:45:00+09:00,J2,361,284,645
2019-09-19T09:45:00+09:00,J3,719,607,1326
2019-09-19T09:45:00+09:00,J4,760,808,1568
2019-09-19T10:00:00+09:00,J1,1036,1144,2180
2019-09-19T10:00:00+09:00,J2,316,264,580
2019-09-19T10:00:00+09:00,J3,568,574,1142
2019-09-19T10:00:00+09:00,J4,631,586,1217
2019-09-19T10:15:00+09:00,J1,964,983,1947
2019-09-19T10:15:00+09:00,J2,403,265,668
2019-09-19T10:15:00+09:00,J3,691,678,1369
2019-09-19T10:15:00+09:00,J4,669,741,1410
2019-09-19T10:30:00+09:00,J1,1037,1060,2097
2019-09-19T10:30:00+09:00,J2,357,289,646
2019-09-19T10:30:00+09:00,J3,803,726,1529
2019-09-19T10:30:00+09:00,J4,745,713,1458
2019-09-19T10:45:00+09:00,J1,1020,1084,2104
2019-09-19T10:45:00+09:00,J2,374,323,697
2019-09-19T10:45:00+09:00,J3,838,767,1605
2019-09-19T10:45:00+09:00,J4,758,687,1445
2019-09-19T11:00:00+09:00,J1,1004,1081,2085
2019-09-19T11:00:00+09:00,J2,409,299,708
2019-09-19T11:00:00+09:00,J3,798,724,1522
2019-09-19T11:00:00+09:00,J4,824,806,1630
2019-09-19T11:15:00+09:00,J1,893,963,1856
2019-09-19T11:15:00+09:00,J2,415,351,766
2019-09-19T11:15:00+09:00,J3,790,767,1557
2019-09-19T11:15:00+09:00,J4,699,794,1493
2019-09-19T11:30:00+09:00,J1,983,1043,2026
2019-09-19T11:30:00+09:00,J2,420,413,833
2019-09-19T11:30:00+09:00,J3,790,801,1591
2019-09-19T11:30:00+09:00,J4,748,769,1517
2019-09-19T11:45:00+09:00,J1,909,1010,1919
2019-09-19T11:45:00+09:00,J2,396,375,771
2019-09-19T11:45:00+09:00,J3,790,798,1588
2019-09-19T11:45:00+09:00,J4,778,692,1470
2019-09-19T12:00:00+09:00,J1,1080,1039,2119
2019-09-19T12:00:00+09:00,J2,429,370,799
2019-09-19T12:00:00+09:00,J3,842,728,1570
2019-09-19T12:00:00+09:00,J4,727,697,1424
2019-09-19T12:15:00+09:00,J1,1025,1060,2085
2019-09-19T12:15:00+09:00,J2,493,387,880
2019-09-19T12:15:00+09:00,J3,876,799,1675
2019-09-19T12:15:00+09:00,J4,787,727,1514
2019-09-19T12:30:00+09:00,J1,897,925,1822
2019-09-19T12:30:00+09:00,J2,468,403,871
2019-09-19T12:30:00+09:00,J3,785,766,1551
2019-09-19T12:30:00+09:00,J4,827,754,1581
2019-09-19T12:45:00+09:00,J1,826,909,1735
2019-09-19T12:45:00+09:00,J2,408,378,786
2019-09-19T12:45:00+09:00,J3,810,735,1545
2019-09-19T12:45:00+09:00,J4,813,775,1588
2019-09-19T13:00:00+09:00,J1,816,940,1756
2019-09-19T13:00:00+09:00,J2,440,361,801
2019-09-19T13:00:00+09:00,J3,714,706,1420
2019-09-19T13:00:00+09:00,J4,714,659,1373
2019-09-19T13:15:00+09:00,J1,752,862,1614
2019-09-19T13:15:00+09:00,J2,347,380,727
2019-09-19T13:15:00+09:00,J3,704,691,1395
2019-09-19T13:15:00+09:00,J4,804,710,1514
2019-09-19T13:30:00+09:00,J1,740,844,1584
2019-09-19T13:30:00+09:00,J2,340,389,729
2019-09-19T13:30:00+09:00,J3,681,775,1456
2019-09-19T13:30:00+09:00,J4,839,837,1676
2019-09-19T13:45:00+09:00,J1,803,922,1725
2019-09-19T13:45:00+09:00,J2,408,388,796
2019-09-19T13:45:00+09:00,J3,752,747,1499
2019-09-19T13:45:00+09:00,J4,827,728,1555
2019-09-19T14:00:00+09:00,J1,723,875,1598
2019-09-19T14:00:00+09:00,J2,386,373,759
2019-09-19T14:00:00+09:00,J3,713,770,1483
2019-09-19T14:00:00+09:00,J4,908,806,1714
2019-09-19T14:15:00+09:00,J1,807,964,1771
2019-09-19T14:15:00+09:00,J2,424,385,809
2019-09-19T14:15:00+09:00,J3,801,851,1652
2019-09-19T14:15:00+09:00,J4,888,732,1620
2019-09-19T14:30:00+09:00,J1,666,846,1512
2019-09-19T14:30:00+09:00,J2,397,378,775
2019-09-19T14:30:00+09:00,J3,792,770,1562
2019-09-19T14:30:00+09:00,J4,853,754,1607
2019-09-19T14:45:00+09:00,J1,739,887,1626
2019-09-19T14:45:00+09:00,J2,411,368,779
2019-09-19T14:45:00+09:00,J3,766,685,1451
2019-09-19T14:45:00+09:00,J4,867,769,1636
2019-09-19T15:00:00+09:00,J1,752,889,1641
2019-09-19T15:00:00+09:00,J2,402,409,811
2019-09-19T15:00:00+09:00,J3,804,801,1605
2019-09-19T15:00:00+09:00,J4,826,752,1578
2019-09-19T15:15:00+09:00,J1,751,1025,1776
2019-09-19T15:15:00+09:00,J2,436,480,916
2019-09-19T15:15:00+09:00,J3,910,863,1773
2019-09-19T15:15:00+09:00,J4,854,794,1648
2019-09-19T15:30:00+09:00,J1,909,1057,1966
2019-09-19T15:30:00+09:00,J2,430,483,913
2019-09-19T15:30:00+09:00,J3,847,917,1764
2019-09-19T15:30:00+09:00,J4,964,855,1819
2019-09-19T15:45:00+09:00,J1,838,1058,1896
2019-09-19T15:45:00+09:00,J2,409,397,806
2019-09-19T15:45:00+09:00,J3,793,855,1648
2019-09-19T15:45:00+09:00,J4,811,833,1644
2019-09-19T16:00:00+09:00,J1,763,949,1712
2019-09-19T16:00:00+09:00,J2,352,386,738
2019-09-19T16:00:00+09:00,J3,837,757,1594
2019-09-19T16:00:00+09:00,J4,926,832,1758
2019-09-19T16:15:00+09:00,J1,740,845,1585
2019-09-19T16:15:00+09:00,J2,345,361,706
2019-09-19T16:15:00+09:00,J3,838,744,1582
2019-09-19T16:15:00+09:00,J4,855,870,1725
2019-09-19T16:30:00+09:00,J1,761,919,1680
2019-09-19T16:30:00+09:00,J2,382,386,768
2019-09-19T16:30:00+09:00,J3,722,618,1340
2019-09-19T16:30:00+09:00,J4,983,916,1899
2019-09-19T16:45:00+09:00,J1,761,855,1616
2019-09-19T16:45:00+09:00,J2,392,434,826
2019-09-19T16:45:00+09:00,J3,738,654,1392
2019-09-19T16:45:00+09:00,J4,917,793,1710
2019-09-19T17:00:00+09:00,J1,849,940,1789
2019-09-19T17:00:00+09:00,J2,430,407,837
2019-09-19T17:00:00+09:00,J3,899,751,1650
2019-09-19T17:00:00+09:00,J4,924,727,1651
2019-09-19T17:15:00+09:00,J1,879,1121,2000
2019-09-19T17:15:00+09:00,J2,501,378,879
2019-09-19T17:15:00+09:00,J3,900,800,1700
2019-09-19T17:15:00+09:00,J4,926,743,1669
2019-09-19T17:30:00+09:00,J1,901,1137,2038
2019-09-19T17:30:00+09:00,J2,522,340,862
2019-09-19T17:30:00+09:00,J3,929,768,1697
2019-09-19T17:30:00+09:00,J4,901,647,1548
2019-09-19T17:45:00+09:00,J1,931,1160,2091
2019-09-19T17:45:00+09:00,J2,562,325,887
2019-09-19T17:45:00+09:00,J3,950,805,1755
2019-09-19T17:45:00+09:00,J4,949,695,1644
2019-09-19T18:00:00+09:00,J1,962,1158,2120
2019-09-19T18:00:00+09:00,J2,582,412,994
2019-09-19T18:00:00+09:00,J3,985,853,1838
2019-09-19T18:00:00+09:00,J4,974,765,1739
2019-09-19T18:15:00+09:00,J1,989,1257,2246
2019-09-19T18:15:00+09:00,J2,617,436,1053
2019-09-19T18:15:00+09:00,J3,978,925,1903
2019-09-19T18:15:00+09:00,J4,856,689,1545
2019-09-19T18:30:00+09:00,J1,986,1225,2211
2019-09-19T18:30:00+09:00,J2,603,400,1003
2019-09-19T18:30:00+09:00,J3,1066,890,1956
2019-09-19T18:30:00+09:00,J4,999,736,1735
2019-09-19T18:45:00+09:00,J1,966,1167,2133
2019-09-19T18:45:00+09:00,J2,520,349,869
2019-09-19T18:45:00+09:00,J3,855,862,1717
2019-09-19T18:45:00+09:00,J4,810,645,1455
2019-09-19T19:00:00+09:00,J1,896,1065,1961
2019-09-19T19:00:00+09:00,J2,471,270,741
2019-09-19T19:00:00+09:00,J3,865,721,1586
2019-09-19T19:00:00+09:00,J4,794,659,1453
2019-09-19T19:15:00+09:00,J1,990,1164,2154
2019-09-19T19:15:00+09:00,J2,409,328,737
2019-09-19T19:15:00+09:00,J3,904,731,1635
2019-09-19T19:15:00+09:00,J4,946,743,1689
2019-09-19T19:30:00+09:00,J1,914,1105,2019
2019-09-19T19:30:00+09:00,J2,352,310,662
2019-09-19T19:30:00+09:00,J3,692,700,1392
2019-09-19T19:30:00+09:00,J4,996,798,1794
2019-09-19T19:45:00+09:00,J1,851,951,1802
2019-09-19T19:45:00+09:00,J2,373,309,682
2019-09-19T19:45:00+09:00,J3,752,611,1363
2019-09-19T19:45:00+09:00,J4,817,741,1558
2019-09-19T20:00:00+09:00,J1,762,975,1737
2019-09-19T20:00:00+09:00,J2,324,257,581
2019-09-19T20:00:00+09:00,J3,686,650,1336
2019-09-19T20:00:00+09:00,J4,839,787,1626
2019-09-19T20:15:00+09:00,J1,686,860,1546
2019-09-19T20:15:00+09:00,J2,326,314,640
2019-09-19T20:15:00+09:00,J3,731,612,1343
2019-09-19T20:15:00+09:00,J4,883,753,1636
2019-09-19T20:30:00+09:00,J1,680,850,1530
2019-09-19T20:30:00+09:00,J2,320,290,610
2019-09-19T20:30:00+09:00,J3,657,592,1249
2019-09-19T20:30:00+09:00,J4,766,738,1504
2019-09-19T20:45:00+09:00,J1,810,928,1738
2019-09-19T20:45:00+09:00,J2,281,246,527
2019-09-19T20:45:00+09:00,J3,632,482,1114
2019-09-19T20:45:00+09:00,J4,773,723,1496
2019-09-19T21:00:00+09:00,J1,839,997,1836
2019-09-19T21:00:00+09:00,J2,283,267,550
2019-09-19T21:00:00+09:00,J3,669,511,1180
2019-09-19T21:00:00+09:00,J4,858,765,1623
2019-09-19T21:15:00+09:00,J1,810,953,1763
2019-09-19T21:15:00+09:00,J2,308,188,496
2019-09-19T21:15:00+09:00,J3,685,565,1250
2019-09-19T21:15:00+09:00,J4,840,694,1534
2019-09-19T21:30:00+09:00,J1,740,855,1595
2019-09-19T21:30:00+09:00,J2,275,183,458
2019-09-19T21:30:00+09:00,J3,648,489,1137
2019-09-19T21:30:00+09:00,J4,855,821,1676
2019-09-19T21:45:00+09:00,J1,712,834,1546
2019-09-19T21:45:00+09:00,J2,275,205,480
2019-09-19T21:45:00+09:00,J3,604,472,1076
2019-09-19T21:45:00+09:00,J4,832,787,1619
2019-09-19T22:00:00+09:00,J1,691,735,1426
2019-09-19T22:00:00+09:00,J2,234,214,448
2019-09-19T22:00:00+09:00,J3,500,381,881
2019-09-19T22:00:00+09:00,J4,876,872,1748
2019-09-19T22:15:00+09:00,J1,669,799,1468
2019-09-19T22:15:00+09:00,J2,190,161,351
2019-09-19T22:15:00+09:00,J3,492,468,960
2019-09-19T22:15:00+09:00,J4,944,904,1848
2019-09-19T22:30:00+09:00,J1,733,776,1509
2019-09-19T22:30:00+09:00,J2,253,197,450
2019-09-19T22:30:00+09:00,J3,512,416,928
2019-09-19T22:30:00+09:00,J4,948,869,1817
2019-09-19T22:45:00+09:00,J1,709,678,1387
2019-09-19T22:45:00+09:00,J2,255,200,455
2019-09-19T22:45:00+09:00,J3,543,416,959
2019-09-19T22:45:00+09:00,J4,927,895,1822
2019-09-19T23:00:00+09:00,J1,795,794,1589
2019-09-19T23:00:00+09:00,J2,259,190,449
2019-09-19T23:00:00+09:00,J3,512,419,931
2019-09-19T23:00:00+09:00,J4,908,894,1802
2019-09-19T23:15:00+09:00,J1,730,787,1517
2019-09-19T23:15:00+09:00,J2,256,271,527
2019-09-19T23:15:00+09:00,J3,478,410,888
2019-09-19T23:15:00+09:00,J4,820,767,1587
2019-09-19T23:30:00+09:00,J1,626,707,1333
2019-09-19T23:30:00+09:00,J2,250,253,503
2019-09-19T23:30:00+09:00,J3,490,385,875
2019-09-19T23:30:00+09:00,J4,724,647,1371
2019-09-19T23:45:00+09:00,J1,648,677,1325
2019-09-19T23:45:00+09:00,J2,217,213,430
2019-09-19T23:45:00+09:00,J3,456,380,836
2019-09-19T23:45:00+09:00,J4,625,612,1237
2019-09-20T00:00:00+09:00,J1,569,622,1191
2019-09-20T00:00:00+09:00,J2,195,207,402
2019-09-20T00:00:00+09:00,J3,376,276,652
2019-09-20T00:00:00+09:00,J4,569,543,1112
2019-09-20T00:15:00+09:00,J1,209,221,430
2019-09-20T00:15:00+09:00,J2,180,188,368
2019-09-20T00:15:00+09:00,J3,290,279,569
2019-09-20T00:15:00+09:00,J4,324,257,581
2019-09-20T00:30:00+09:00,J1,121,178,299
2019-09-20T00:30:00+09:00,J2,158,179,337
2019-09-20T00:30:00+09:00,J3,404,390,794
2019-09-20T00:30:00+09:00,J4,341,266,607
2019-09-20T00:45:00+09:00,J1,219,208,427
2019-09-20T00:45:00+09:00,J2,126,190,316
2019-09-20T00:45:00+09:00,J3,347,388,735
2019-09-20T00:45:00+09:00,J4,433,392,825
2019-09-20T05:45:00+09:00,J1,379,381,760
2019-09-20T05:45:00+09:00,J2,163,164,327
2019-09-20T05:45:00+09:00,J3,307,320,627
2019-09-20T05:45:00+09:00,J4,462,499,961
2019-09-20T06:00:00+09:00,J1,435,456,891
2019-09-20T06:00:00+09:00,J2,155,191,346
2019-09-20T06:00:00+09:00,J3,268,230,498
2019-09-20T06:00:00+09:00,J4,471,500,971
2019-09-20T06:15:00+09:00,J1,544,519,1063
2019-09-20T06:15:00+09:00,J2,195,211,406
2019-09-20T06:15:00+09:00,J3,314,271,585
2019-09-20T06:15:00+09:00,J4,507,528,1035
2019-09-20T06:30:00+09:00,J1,509,531,1040
2019-09-20T06:30:00+09:00,J2,183,200,383
2019-09-20T06:30:00+09:00,J3,321,295,616
2019-09-20T06:30:00+09:00,J4,431,426,857
2019-09-20T06:45:00+09:00,J1,597,524,1121
2019-09-20T06:45:00+09:00,J2,213,220,433
2019-09-20T06:45:00+09:00,J3,400,300,700
2019-09-20T06:45:00+09:00,J4,508,531,1039
2019-09-20T07:00:00+09:00,J1,756,746,1502
2019-09-20T07:00:00+09:00,J2,219,191,410
2019-09-20T07:00:00+09:00,J3,384,322,706
2019-09-20T07:00:00+09:00,J4,540,564,1104
2019-09-20T07:15:00+09:00,J1,644,606,1250
2019-09-20T07:15:00+09:00,J2,255,246,501
2019-09-20T07:15:00+09:00,J3,466,414,880
2019-09-20T07:15:00+09:00,J4,491,573,1064
2019-09-20T07:30:00+09:00,J1,633,563,1196
2019-09-20T07:30:00+09:00,J2,221,207,428
2019-09-20T07:30:00+09:00,J3,662,669,1331
2019-09-20T07:30:00+09:00,J4,606,778,1384
2019-09-20T07:45:00+09:00,J1,755,650,1405
2019-09-20T07:45:00+09:00,J2,351,298,649
2019-09-20T07:45:00+09:00,J3,685,719,1404
2019-09-20T07:45:00+09:00,J4,641,772,1413
2019-09-20T08:00:00+09:00,J1,984,815,1799
2019-09-20T08:00:00+09:00,J2,374,356,730
2019-09-20T08:00:00+09:00,J3,701,743,1444
2019-09-20T08:00:00+09:00,J4,662,924,1586
2019-09-20T08:15:00+09:00,J1,1084,786,1870
2019-09-20T08:15:00+09:00,J2,413,346,759
2019-09-20T08:15:00+09:00,J3,774,905,1679
2019-09-20T08:15:00+09:00,J4,679,1094,1773
2019-09-20T08:30:00+09:00,J1,1204,853,2057
2019-09-20T08:30:00+09:00,J2,517,365,882
2019-09-20T08:30:00+09:00,J3,765,1002,1767
2019-09-20T08:30:00+09:00,J4,728,1003,1731
2019-09-20T08:45:00+09:00,J1,912,794,1706
2019-09-20T08:45:00+09:00,J2,366,270,636
2019-09-20T08:45:00+09:00,J3,715,725,1440
2019-09-20T08:45:00+09:00,J4,638,955,1593
2019-09-20T09:00:00+09:00,J1,889,763,1652
2019-09-20T09:00:00+09:00,J2,338,305,643
2019-09-20T09:00:00+09:00,J3,716,565,1281
2019-09-20T09:00:00+09:00,J4,578,740,1318
2019-09-20T09:15:00+09:00,J1,719,633,1352
2019-09-20T09:15:00+09:00,J2,328,314,642
2019-09-20T09:15:00+09:00,J3,638,628,1266
2019-09-20T09:15:00+09:00,J4,638,845,1483
2019-09-20T09:30:00+09:00,J1,814,612,1426
2019-09-20T09:30:00+09:00,J2,348,344,692
2019-09-20T09:30:00+09:00,J3,738,647,1385
2019-09-20T09:30:00+09:00,J4,572,692,1264
2019-09-20T09:45:00+09:00,J1,694,646,1340
2019-09-20T09:45:00+09:00,J2,306,277,583
2019-09-20T09:45:00+09:00,J3,638,608,1246
2019-09-20T09:45:00+09:00,J4,604,622,1226
2019-09-20T10:00:00+09:00,J1,567,551,1118
2019-09-20T10:00:00+09:00,J2,260,289,549
2019-09-20T10:00:00+09:00,J3,685,667,1352
2019-09-20T10:00:00+09:00,J4,512,607,1119
2019-09-20T10:15:00+09:00,J1,742,777,1519
2019-09-20T10:15:00+09:00,J2,349,335,684
2019-09-20T10:15:00+09:00,J3,625,613,1238
2019-09-20T10:15:00+09:00,J4,545,546,1091
2019-09-20T10:30:00+09:00,J1,789,749,1538
2019-09-20T10:30:00+09:00,J2,370,325,695
2019-09-20T10:30:00+09:00,J3,675,635,1310
2019-09-20T10:30:00+09:00,J4,594,708,1302
2019-09-20T10:45:00+09:00,J1,704,681,1385
2019-09-20T10:45:00+09:00,J2,341,323,664
2019-09-20T10:45:00+09:00,J3,642,617,1259
2019-09-20T10:45:00+09:00,J4,673,660,1333
2019-09-20T11:00:00+09:00,J1,683,655,1338
2019-09-20T11:00:00+09:00,J2,374,315,689
2019-09-20T11:00:00+09:00,J3,687,698,1385
2019-09-20T11:00:00+09:00,J4,649,692,1341
2019-09-20T11:15:00+09:00,J1,867,823,1690
2019-09-20T11:15:00+09:00,J2,376,383,759
2019-09-20T11:15:00+09:00,J3,665,696,1361
2019-09-20T11:15:00+09:00,J4,633,657,1290
2019-09-20T11:30:00+09:00,J1,824,822,1646
2019-09-20T11:30:00+09:00,J2,378,311,689
2019-09-20T11:30:00+09:00,J3,666,699,1365
2019-09-20T11:30:00+09:00,J4,657,666,1323
2019-09-20T11:45:00+09:00,J1,837,805,1642
2019-09-20T11:45:00+09:00,J2,362,353,715
2019-09-20T11:45:00+09:00,J3,664,691,1355
2019-09-20T11:45:00+09:00,J4,607,654,1261
2019-09-20T12:00:00+09:00,J1,869,889,1758
2019-09-20T12:00:00+09:00,J2,437,323,760
2019-09-20T12:00:00+09:00,J3,679,679,1358
2019-09-20T12:00:00+09:00,J4,623,620,1243
2019-09-20T12:15:00+09:00,J1,753,820,1573
2019-09-20T12:15:00+09:00,J2,449,325,774
2019-09-20T12:15:00+09:00,J3,667,642,1309
2019-09-20T12:15:00+09:00,J4,647,650,1297
2019-09-20T12:30:00+09:00,J1,767,835,1602
2019-09-20T12:30:00+09:00,J2,441,334,775
2019-09-20T12:30:00+09:00,J3,614,606,1220
2019-09-20T12:30:00+09:00,J4,679,632,1311
2019-09-20T12:45:00+09:00,J1,752,814,1566
2019-09-20T12:45:00+09:00,J2,449,300,749
2019-09-20T12:45:00+09:00,J3,567,613,1180
2019-09-20T12:45:00+09:00,J4,627,695,1322
2019-09-20T13:00:00+09:00,J1,739,814,1553
2019-09-20T13:00:00+09:00,J2,415,265,680
2019-09-20T13:00:00+09:00,J3,521,491,1012
2019-09-20T13:00:00+09:00,J4,667,652,1319
2019-09-20T13:15:00+09:00,J1,740,881,1621
2019-09-20T13:15:00+09:00,J2,441,237,678
2019-09-20T13:15:00+09:00,J3,518,513,1031
2019-09-20T13:15:00+09:00,J4,610,527,1137
2019-09-20T13:30:00+09:00,J1,775,823,1598
2019-09-20T13:30:00+09:00,J2,404,246,650
2019-09-20T13:30:00+09:00,J3,614,555,1169
2019-09-20T13:30:00+09:00,J4,628,583,1211
2019-09-20T13:45:00+09:00,J1,801,866,1667
2019-09-20T13:45:00+09:00,J2,394,263,657
2019-09-20T13:45:00+09:00,J3,590,580,1170
2019-09-20T13:45:00+09:00,J4,481,498,979
2019-09-20T14:00:00+09:00,J1,794,918,1712
2019-09-20T14:00:00+09:00,J2,409,283,692
2019-09-20T14:00:00+09:00,J3,597,632,1229
2019-09-20T14:00:00+09:00,J4,454,435,889
2019-09-20T14:15:00+09:00,J1,745,895,1640
2019-09-20T14:15:00+09:00,J2,436,286,722
2019-09-20T14:15:00+09:00,J3,621,600,1221
2019-09-20T14:15:00+09:00,J4,542,497,1039
2019-09-20T14:30:00+09:00,J1,753,824,1577
2019-09-20T14:30:00+09:00,J2,448,291,739
2019-09-20T14:30:00+09:00,J3,575,532,1107
2019-09-20T14:30:00+09:00,J4,545,490,1035
2019-09-20T14:45:00+09:00,J1,818,805,1623
2019-09-20T14:45:00+09:00,J2,450,302,752
2019-09-20T14:45:00+09:00,J3,585,553,1138
2019-09-20T14:45:00+09:00,J4,553,515,1068
2019-09-20T15:00:00+09:00,J1,805,873,1678
2019-09-20T15:00:00+09:00,J2,397,346,743
2019-09-20T15:00:00+09:00,J3,541,554,1095
2019-09-20T15:00:00+09:00,J4,504,479,983
2019-09-20T15:15:00+09:00,J1,876,948,1824
2019-09-20T15:15:00+09:00,J2,458,359,817
2019-09-20T15:15:00+09:00,J3,579,585,1164
2019-09-20T15:15:00+09:00,J4,572,517,1089
2019-09-20T15:30:00+09:00,J1,844,875,1719
2019-09-20T15:30:00+09:00,J2,477,290,767
2019-09-20T15:30:00+09:00,J3,550,525,1075
2019-09-20T15:30:00+09:00,J4,517,472,989
2019-09-20T15:45:00+09:00,J1,872,858,1730
2019-09-20T15:45:00+09:00,J2,447,357,804
2019-09-20T15:45:00+09:00,J3,562,550,1112
2019-09-20T15:45:00+09:00,J4,515,524,1039
2019-09-20T16:00:00+09:00,J1,729,870,1599
2019-09-20T16:00:00+09:00,J2,426,402,828
2019-09-20T16:00:00+09:00,J3,618,614,1232
2019-09-20T16:00:00+09:00,J4,605,575,1180
2019-09-20T16:15:00+09:00,J1,644,667,1311
2019-09-20T16:15:00+09:00,J2,439,362,801
2019-09-20T16:15:00+09:00,J3,561,623,1184
2019-09-20T16:15:00+09:00,J4,560,580,1140
2019-09-20T16:30:00+09:00,J1,651,647,1298
2019-09-20T16:30:00+09:00,J2,414,311,725
2019-09-20T16:30:00+09:00,J3,581,555,1136
2019-09-20T16:30:00+09:00,J4,582,582,1164
2019-09-20T16:45:00+09:00,J1,598,585,1183
2019-09-20T16:45:00+09:00,J2,419,320,739
2019-09-20T16:45:00+09:00,J3,664,568,1232
2019-09-20T16:45:00+09:00,J4,585,520,1105
2019-09-20T17:00:00+09:00,J1,740,680,1420
2019-09-20T17:00:00+09:00,J2,458,375,833
2019-09-20T17:00:00+09:00,J3,643,630,1273
2019-09-20T17:00:00+09:00,J4,583,527,1110
2019-09-20T17:15:00+09:00,J1,656,655,1311
2019-09-20T17:15:00+09:00,J2,551,384,935
2019-09-20T17:15:00+09:00,J3,737,650,1387
2019-09-20T17:15:00+09:00,J4,663,531,1194
2019-09-20T17:30:00+09:00,J1,755,682,1437
2019-09-20T17:30:00+09:00,J2,603,348,951
2019-09-20T17:30:00+09:00,J3,850,695,1545
2019-09-20T17:30:00+09:00,J4,723,514,1237
2019-09-20T17:45:00+09:00,J1,736,660,1396
2019-09-20T17:45:00+09:00,J2,642,377,1019
2019-09-20T17:45:00+09:00,J3,913,731,1644
2019-09-20T17:45:00+09:00,J4,766,559,1325
2019-09-20T18:00:00+09:00,J1,716,637,1353
2019-09-20T18:00:00+09:00,J2,596,415,1011
2019-09-20T18:00:00+09:00,J3,976,804,1780
2019-09-20T18:00:00+09:00,J4,819,597,1416
2019-09-20T18:15:00+09:00,J1,756,698,1454
2019-09-20T18:15:00+09:00,J2,720,428,1148
2019-09-20T18:15:00+09:00,J3,1010,815,1825
2019-09-20T18:15:00+09:00,J4,830,513,1343
2019-09-20T18:30:00+09:00,J1,734,591,1325
2019-09-20T18:30:00+09:00,J2,611,350,961
2019-09-20T18:30:00+09:00,J3,894,770,1664
2019-09-20T18:30:00+09:00,J4,720,535,1255
2019-09-20T18:45:00+09:00,J1,704,599,1303
2019-09-20T18:45:00+09:00,J2,584,326,910
2019-09-20T18:45:00+09:00,J3,824,684,1508
2019-09-20T18:45:00+09:00,J4,725,538,1263
2019-09-20T19:00:00+09:00,J1,655,597,1252
2019-09-20T19:00:00+09:00,J2,464,278,742
2019-09-20T19:00:00+09:00,J3,786,690,1476
2019-09-20T19:00:00+09:00,J4,810,608,1418
2019-09-20T19:15:00+09:00,J1,605,592,1197
2019-09-20T19:15:00+09:00,J2,467,316,783
2019-09-20T19:15:00+09:00,J3,736,712,1448
2019-09-20T19:15:00+09:00,J4,796,676,1472
2019-09-20T19:30:00+09:00,J1,609,645,1254
2019-09-20T19:30:00+09:00,J2,449,276,725
2019-09-20T19:30:00+09:00,J3,651,632,1283
2019-09-20T19:30:00+09:00,J4,710,637,1347
2019-09-20T19:45:00+09:00,J1,630,588,1218
2019-09-20T19:45:00+09:00,J2,369,282,651
2019-09-20T19:45:00+09:00,J3,625,646,1271
2019-09-20T19:45:00+09:00,J4,775,613,1388
2019-09-20T20:00:00+09:00,J1,665,642,1307
2019-09-20T20:00:00+09:00,J2,386,250,636
2019-09-20T20:00:00+09:00,J3,699,648,1347
2019-09-20T20:00:00+09:00,J4,695,566,1261
2019-09-20T20:15:00+09:00,J1,593,603,1196
2019-09-20T20:15:00+09:00,J2,359,305,664
2019-09-20T20:15:00+09:00,J3,661,678,1339
2019-09-20T20:15:00+09:00,J4,781,701,1482
2019-09-20T20:30:00+09:00,J1,535,638,1173
2019-09-20T20:30:00+09:00,J2,382,269,651
2019-09-20T20:30:00+09:00,J3,650,643,1293
2019-09-20T20:30:00+09:00,J4,751,662,1413
2019-09-20T20:45:00+09:00,J1,644,659,1303
2019-09-20T20:45:00+09:00,J2,347,280,627
2019-09-20T20:45:00+09:00,J3,747,689,1436
2019-09-20T20:45:00+09:00,J4,762,643,1405
2019-09-20T21:00:00+09:00,J1,628,685,1313
2019-09-20T21:00:00+09:00,J2,325,241,566
2019-09-20T21:00:00+09:00,J3,637,553,1190
2019-09-20T21:00:00+09:00,J4,773,738,1511
2019-09-20T21:15:00+09:00,J1,692,715,1407
2019-09-20T21:15:00+09:00,J2,379,217,596
2019-09-20T21:15:00+09:00,J3,729,535,1264
2019-09-20T21:15:00+09:00,J4,826,707,1533
2019-09-20T21:30:00+09:00,J1,674,725,1399
2019-09-20T21:30:00+09:00,J2,365,226,591
2019-09-20T21:30:00+09:00,J3,641,588,1229
2019-09-20T21:30:00+09:00,J4,805,799,1604
2019-09-20T21:45:00+09:00,J1,686,721,1407
2019-09-20T21:45:00+09:00,J2,343,237,580
2019-09-20T21:45:00+09:00,J3,622,561,1183
2019-09-20T21:45:00+09:00,J4,777,730,1507
2019-09-20T22:00:00+09:00,J1,610,774,1384
2019-09-20T22:00:00+09:00,J2,300,204,504
2019-09-20T22:00:00+09:00,J3,578,533,1111
2019-09-20T22:00:00+09:00,J4,811,709,1520
2019-09-20T22:15:00+09:00,J1,631,669,1300
2019-09-20T22:15:00+09:00,J2,289,235,524
2019-09-20T22:15:00+09:00,J3,536,520,1056
2019-09-20T22:15:00+09:00,J4,780,724,1504
2019-09-20T22:30:00+09:00,J1,635,672,1307
2019-09-20T22:30:00+09:00,J2,235,257,492
2019-09-20T22:30:00+09:00,J3,465,467,932
2019-09-20T22:30:00+09:00,J4,697,710,1407
2019-09-20T22:45:00+09:00,J1,581,619,1200
2019-09-20T22:45:00+09:00,J2,256,231,487
2019-09-20T22:45:00+09:00,J3,478,471,949
2019-09-20T22:45:00+09:00,J4,733,669,1402
2019-09-20T23:00:00+09:00,J1,586,655,1241
2019-09-20T23:00:00+09:00,J2,255,259,514
2019-09-20T23:00:00+09:00,J3,544,406,950
2019-09-20T23:00:00+09:00,J4,678,623,1301
2019-09-20T23:15:00+09:00,J1,546,549,1095
2019-09-20T23:15:00+09:00,J2,243,214,457
2019-09-20T23:15:00+09:00,J3,491,441,932
2019-09-20T23:15:00+09:00,J4,705,672,1377
2019-09-20T23:30:00+09:00,J1,312,378,690
2019-09-20T23:30:00+09:00,J2,208,201,409
2019-09-20T23:30:00+09:00,J3,486,462,948
2019-09-20T23:30:00+09:00,J4,740,692,1432
2019-09-20T23:45:00+09:00,J1,332,328,660
2019-09-20T23:45:00+09:00,J2,241,164,405
2019-09-20T23:45:00+09:00,J3,457,396,853
2019-09-20T23:45:00+09:00,J4,751,710,1461
2019-09-21T00:00:00+09:00,J1,378,351,729
2019-09-21T00:00:00+09:00,J2,196,131,327
2019-09-21T00:00:00+09:00,J3,412,360,772
2019-09-21T00:00:00+09:00,J4,718,679,1397
2019-09-21T00:15:00+09:00,J1,128,150,278
2019-09-21T00:15:00+09:00,J2,146,175,321
2019-09-21T00:15:00+09:00,J3,420,360,780
2019-09-21T00:15:00+09:00,J4,410,335,745
2019-09-21T00:30:00+09:00,J1,200,186,386
2019-09-21T00:30:00+09:00,J2,235,239,474
2019-09-21T00:30:00+09:00,J3,543,475,1018
2019-09-21T00:30:00+09:00,J4,309,305,614
2019-09-21T00:45:00+09:00,J1,204,196,400
2019-09-21T00:45:00+09:00,J2,187,167,354
2019-09-21T00:45:00+09:00,J3,454,457,911
2019-09-21T00:45:00+09:00,J4,244,233,477
2019-09-21T05:45:00+09:00,J1,308,273,581
2019-09-21T05:45:00+09:00,J2,225,262,487
2019-09-21T05:45:00+09:00,J3,388,391,779
2019-09-21T05:45:00+09:00,J4,399,384,783
2019-09-21T06:00:00+09:00,J1,363,393,756
2019-09-21T06:00:00+09:00,J2,175,162,337
2019-09-21T06:00:00+09:00,J3,364,274,638
2019-09-21T06:00:00+09:00,J4,368,424,792
2019-09-21T06:15:00+09:00,J1,421,403,824
2019-09-21T06:15:00+09:00,J2,285,197,482
2019-09-21T06:15:00+09:00,J3,374,271,645
2019-09-21T06:15:00+09:00,J4,502,507,1009
2019-09-21T06:30:00+09:00,J1,511,552,1063
2019-09-21T06:30:00+09:00,J2,219,210,429
2019-09-21T06:30:00+09:00,J3,433,404,837
2019-09-21T06:30:00+09:00,J4,474,426,900
2019-09-21T06:45:00+09:00,J1,569,559,1128
2019-09-21T06:45:00+09:00,J2,231,206,437
2019-09-21T06:45:00+09:00,J3,375,329,704
2019-09-21T06:45:00+09:00,J4,493,497,990
2019-09-21T07:00:00+09:00,J1,728,728,1456
2019-09-21T07:00:00+09:00,J2,223,289,512
2019-09-21T07:00:00+09:00,J3,359,326,685
2019-09-21T07:00:00+09:00,J4,667,752,1419
2019-09-21T07:15:00+09:00,J1,579,634,1213
2019-09-21T07:15:00+09:00,J2,208,218,426
2019-09-21T07:15:00+09:00,J3,415,322,737
2019-09-21T07:15:00+09:00,J4,624,589,1213
2019-09-21T07:30:00+09:00,J1,532,549,1081
2019-09-21T07:30:00+09:00,J2,270,292,562
2019-09-21T07:30:00+09:00,J3,439,360,799
2019-09-21T07:30:00+09:00,J4,611,651,1262
2019-09-21T07:45:00+09:00,J1,488,507,995
2019-09-21T07:45:00+09:00,J2,280,305,585
2019-09-21T07:45:00+09:00,J3,376,364,740
2019-09-21T07:45:00+09:00,J4,607,706,1313
2019-09-21T08:00:00+09:00,J1,624,617,1241
2019-09-21T08:00:00+09:00,J2,380,307,687
2019-09-21T08:00:00+09:00,J3,605,569,1174
2019-09-21T08:00:00+09:00,J4,582,656,1238
2019-09-21T08:15:00+09:00,J1,596,525,1121
2019-09-21T08:15:00+09:00,J2,382,303,685
2019-09-21T08:15:00+09:00,J3,601,550,1151
2019-09-21T08:15:00+09:00,J4,615,705,1320
2019-09-21T08:30:00+09:00,J1,539,496,1035
2019-09-21T08:30:00+09:00,J2,425,363,788
2019-09-21T08:30:00+09:00,J3,531,434,965
2019-09-21T08:30:00+09:00,J4,551,604,1155
2019-09-21T08:45:00+09:00,J1,526,507,1033
2019-09-21T08:45:00+09:00,J2,395,362,757
2019-09-21T08:45:00+09:00,J3,543,448,991
2019-09-21T08:45:00+09:00,J4,492,567,1059
2019-09-21T09:00:00+09:00,J1,537,468,1005
2019-09-21T09:00:00+09:00,J2,361,318,679
2019-09-21T09:00:00+09:00,J3,488,432,920
2019-09-21T09:00:00+09:00,J4,527,572,1099
2019-09-21T09:15:00+09:00,J1,508,447,955
2019-09-21T09:15:00+09:00,J2,332,268,600
2019-09-21T09:15:00+09:00,J3,568,454,1022
2019-09-21T09:15:00+09:00,J4,543,616,1159
2019-09-21T09:30:00+09:00,J1,515,500,1015
2019-09-21T09:30:00+09:00,J2,385,323,708
2019-09-21T09:30:00+09:00,J3,586,517,1103
2019-09-21T09:30:00+09:00,J4,570,648,1218
2019-09-21T09:45:00+09:00,J1,564,437,1001
2019-09-21T09:45:00+09:00,J2,381,340,721
2019-09-21T09:45:00+09:00,J3,636,553,1189
2019-09-21T09:45:00+09:00,J4,547,591,1138
2019-09-21T10:00:00+09:00,J1,459,444,903
2019-09-21T10:00:00+09:00,J2,347,363,710
2019-09-21T10:00:00+09:00,J3,688,527,1215
2019-09-21T10:00:00+09:00,J4,586,561,1147
2019-09-21T10:15:00+09:00,J1,539,521,1060
2019-09-21T10:15:00+09:00,J2,412,402,814
2019-09-21T10:15:00+09:00,J3,555,586,1141
2019-09-21T10:15:00+09:00,J4,587,609,1196
2019-09-21T10:30:00+09:00,J1,573,491,1064
2019-09-21T10:30:00+09:00,J2,383,371,754
2019-09-21T10:30:00+09:00,J3,585,615,1200
2019-09-21T10:30:00+09:00,J4,583,533,1116
2019-09-21T10:45:00+09:00,J1,511,466,977
2019-09-21T10:45:00+09:00,J2,480,363,843
2019-09-21T10:45:00+09:00,J3,607,568,1175
2019-09-21T10:45:00+09:00,J4,563,572,1135
2019-09-21T11:00:00+09:00,J1,553,505,1058
2019-09-21T11:00:00+09:00,J2,424,332,756
2019-09-21T11:00:00+09:00,J3,644,683,1327
2019-09-21T11:00:00+09:00,J4,566,483,1049
2019-09-21T11:15:00+09:00,J1,530,503,1033
2019-09-21T11:15:00+09:00,J2,479,300,779
2019-09-21T11:15:00+09:00,J3,730,697,1427
2019-09-21T11:15:00+09:00,J4,578,570,1148
2019-09-21T11:30:00+09:00,J1,480,498,978
2019-09-21T11:30:00+09:00,J2,585,292,877
2019-09-21T11:30:00+09:00,J3,701,651,1352
2019-09-21T11:30:00+09:00,J4,567,509,1076
2019-09-21T11:45:00+09:00,J1,599,492,1091
2019-09-21T11:45:00+09:00,J2,563,328,891
2019-09-21T11:45:00+09:00,J3,712,592,1304
2019-09-21T11:45:00+09:00,J4,563,467,1030
2019-09-21T12:00:00+09:00,J1,527,534,1061
2019-09-21T12:00:00+09:00,J2,559,333,892
2019-09-21T12:00:00+09:00,J3,749,634,1383
2019-09-21T12:00:00+09:00,J4,587,537,1124
2019-09-21T12:15:00+09:00,J1,560,490,1050
2019-09-21T12:15:00+09:00,J2,552,405,957
2019-09-21T12:15:00+09:00,J3,665,663,1328
2019-09-21T12:15:00+09:00,J4,546,460,1006
2019-09-21T12:30:00+09:00,J1,535,450,985
2019-09-21T12:30:00+09:00,J2,567,391,958
2019-09-21T12:30:00+09:00,J3,665,550,1215
2019-09-21T12:30:00+09:00,J4,448,439,887
2019-09-21T12:45:00+09:00,J1,487,493,980
2019-09-21T12:45:00+09:00,J2,579,404,983
2019-09-21T12:45:00+09:00,J3,615,626,1241
2019-09-21T12:45:00+09:00,J4,439,455,894
2019-09-21T13:00:00+09:00,J1,526,548,1074
2019-09-21T13:00:00+09:00,J2,616,420,1036
2019-09-21T13:00:00+09:00,J3,598,614,1212
2019-09-21T13:00:00+09:00,J4,436,433,869
2019-09-21T13:15:00+09:00,J1,477,544,1021
2019-09-21T13:15:00+09:00,J2,547,473,1020
2019-09-21T13:15:00+09:00,J3,518,613,1131
2019-09-21T13:15:00+09:00,J4,451,450,901
2019-09-21T13:30:00+09:00,J1,498,485,983
2019-09-21T13:30:00+09:00,J2,606,458,1064
2019-09-21T13:30:00+09:00,J3,552,659,1211
2019-09-21T13:30:00+09:00,J4,503,425,928
2019-09-21T13:45:00+09:00,J1,509,552,1061
2019-09-21T13:45:00+09:00,J2,557,540,1097
2019-09-21T13:45:00+09:00,J3,570,644,1214
2019-09-21T13:45:00+09:00,J4,483,452,935
2019-09-21T14:00:00+09:00,J1,489,506,995
2019-09-21T14:00:00+09:00,J2,572,541,1113
2019-09-21T14:00:00+09:00,J3,555,597,1152
2019-09-21T14:00:00+09:00,J4,415,412,827
2019-09-21T14:15:00+09:00,J1,465,498,963
2019-09-21T14:15:00+09:00,J2,551,592,1143
2019-09-21T14:15:00+09:00,J3,564,640,1204
2019-09-21T14:15:00+09:00,J4,480,438,918
2019-09-21T14:30:00+09:00,J1,445,499,944
2019-09-21T14:30:00+09:00,J2,597,552,1149
2019-09-21T14:30:00+09:00,J3,615,678,1293
2019-09-21T14:30:00+09:00,J4,514,494,1008
2019-09-21T14:45:00+09:00,J1,476,544,1020
2019-09-21T14:45:00+09:00,J2,627,620,1247
2019-09-21T14:45:00+09:00,J3,557,598,1155
2019-09-21T14:45:00+09:00,J4,482,432,914
2019-09-21T15:00:00+09:00,J1,498,575,1073
2019-09-21T15:00:00+09:00,J2,606,570,1176
2019-09-21T15:00:00+09:00,J3,532,654,1186
2019-09-21T15:00:00+09:00,J4,514,453,967
2019-09-21T15:15:00+09:00,J1,500,579,1079
2019-09-21T15:15:00+09:00,J2,549,529,1078
2019-09-21T15:15:00+09:00,J3,513,718,1231
2019-09-21T15:15:00+09:00,J4,505,467,972
2019-09-21T15:30:00+09:00,J1,547,545,1092
2019-09-21T15:30:00+09:00,J2,600,610,1210
2019-09-21T15:30:00+09:00,J3,544,632,1176
2019-09-21T15:30:00+09:00,J4,476,388,864
2019-09-21T15:45:00+09:00,J1,559,453,1012
2019-09-21T15:45:00+09:00,J2,602,482,1084
2019-09-21T15:45:00+09:00,J3,576,657,1233
2019-09-21T15:45:00+09:00,J4,465,404,869
2019-09-21T16:00:00+09:00,J1,557,513,1070
2019-09-21T16:00:00+09:00,J2,515,499,1014
2019-09-21T16:00:00+09:00,J3,542,647,1189
2019-09-21T16:00:00+09:00,J4,484,390,874
2019-09-21T16:15:00+09:00,J1,519,478,997
2019-09-21T16:15:00+09:00,J2,586,498,1084
2019-09-21T16:15:00+09:00,J3,605,602,1207
2019-09-21T16:15:00+09:00,J4,437,441,878
2019-09-21T16:30:00+09:00,J1,490,525,1015
2019-09-21T16:30:00+09:00,J2,531,565,1096
2019-09-21T16:30:00+09:00,J3,559,651,1210
2019-09-21T16:30:00+09:00,J4,455,436,891
2019-09-21T16:45:00+09:00,J1,547,529,1076
2019-09-21T16:45:00+09:00,J2,633,443,1076
2019-09-21T16:45:00+09:00,J3,639,687,1326
2019-09-21T16:45:00+09:00,J4,503,460,963
2019-09-21T17:00:00+09:00,J1,592,521,1113
2019-09-21T17:00:00+09:00,J2,554,504,1058
2019-09-21T17:00:00+09:00,J3,635,615,1250
2019-09-21T17:00:00+09:00,J4,536,444,980
2019-09-21T17:15:00+09:00,J1,581,523,1104
2019-09-21T17:15:00+09:00,J2,593,567,1160
2019-09-21T17:15:00+09:00,J3,728,636,1364
2019-09-21T17:15:00+09:00,J4,492,443,935
2019-09-21T17:30:00+09:00,J1,602,534,1136
2019-09-21T17:30:00+09:00,J2,621,495,1116
2019-09-21T17:30:00+09:00,J3,776,695,1471
2019-09-21T17:30:00+09:00,J4,460,431,891
2019-09-21T17:45:00+09:00,J1,609,576,1185
2019-09-21T17:45:00+09:00,J2,594,501,1095
2019-09-21T17:45:00+09:00,J3,652,641,1293
2019-09-21T17:45:00+09:00,J4,546,444,990
2019-09-21T18:00:00+09:00,J1,588,568,1156
2019-09-21T18:00:00+09:00,J2,668,496,1164
2019-09-21T18:00:00+09:00,J3,722,670,1392
2019-09-21T18:00:00+09:00,J4,706,536,1242
2019-09-21T18:15:00+09:00,J1,664,571,1235
2019-09-21T18:15:00+09:00,J2,619,485,1104
2019-09-21T18:15:00+09:00,J3,773,595,1368
2019-09-21T18:15:00+09:00,J4,733,544,1277
2019-09-21T18:30:00+09:00,J1,613,535,1148
2019-09-21T18:30:00+09:00,J2,578,448,1026
2019-09-21T18:30:00+09:00,J3,648,537,1185
2019-09-21T18:30:00+09:00,J4,734,642,1376
2019-09-21T18:45:00+09:00,J1,573,484,1057
2019-09-21T18:45:00+09:00,J2,641,374,1015
2019-09-21T18:45:00+09:00,J3,619,509,1128
2019-09-21T18:45:00+09:00,J4,797,624,1421
2019-09-21T19:00:00+09:00,J1,533,485,1018
2019-09-21T19:00:00+09:00,J2,513,471,984
2019-09-21T19:00:00+09:00,J3,625,487,1112
2019-09-21T19:00:00+09:00,J4,816,689,1505
2019-09-21T19:15:00+09:00,J1,571,472,1043
2019-09-21T19:15:00+09:00,J2,472,532,1004
2019-09-21T19:15:00+09:00,J3,590,536,1126
2019-09-21T19:15:00+09:00,J4,766,651,1417
2019-09-21T19:30:00+09:00,J1,429,408,837
2019-09-21T19:30:00+09:00,J2,448,486,934
2019-09-21T19:30:00+09:00,J3,557,600,1157
2019-09-21T19:30:00+09:00,J4,787,641,1428
2019-09-21T19:45:00+09:00,J1,431,472,903
2019-09-21T19:45:00+09:00,J2,367,480,847
2019-09-21T19:45:00+09:00,J3,525,481,1006
2019-09-21T19:45:00+09:00,J4,672,621,1293
2019-09-21T20:00:00+09:00,J1,477,460,937
2019-09-21T20:00:00+09:00,J2,410,440,850
2019-09-21T20:00:00+09:00,J3,545,602,1147
2019-09-21T20:00:00+09:00,J4,635,557,1192
2019-09-21T20:15:00+09:00,J1,504,521,1025
2019-09-21T20:15:00+09:00,J2,430,584,1014
2019-09-21T20:15:00+09:00,J3,584,654,1238
2019-09-21T20:15:00+09:00,J4,663,600,1263
2019-09-21T20:30:00+09:00,J1,446,468,914
2019-09-21T20:30:00+09:00,J2,397,482,879
2019-09-21T20:30:00+09:00,J3,592,556,1148
2019-09-21T20:30:00+09:00,J4,740,705,1445
2019-09-21T20:45:00+09:00,J1,432,437,869
2019-09-21T20:45:00+09:00,J2,337,404,741
2019-09-21T20:45:00+09:00,J3,557,518,1075
2019-09-21T20:45:00+09:00,J4,714,605,1319
2019-09-21T21:00:00+09:00,J1,483,442,925
2019-09-21T21:00:00+09:00,J2,378,437,815
2019-09-21T21:00:00+09:00,J3,482,541,1023
2019-09-21T21:00:00+09:00,J4,667,594,1261
2019-09-21T21:15:00+09:00,J1,390,429,819
2019-09-21T21:15:00+09:00,J2,432,471,903
2019-09-21T21:15:00+09:00,J3,545,473,1018
2019-09-21T21:15:00+09:00,J4,715,699,1414
2019-09-21T21:30:00+09:00,J1,409,431,840
2019-09-21T21:30:00+09:00,J2,392,360,752
2019-09-21T21:30:00+09:00,J3,479,538,1017
2019-09-21T21:30:00+09:00,J4,702,654,1356
2019-09-21T21:45:00+09:00,J1,350,340,690
2019-09-21T21:45:00+09:00,J2,334,369,703
2019-09-21T21:45:00+09:00,J3,402,469,871
2019-09-21T21:45:00+09:00,J4,649,655,1304
2019-09-21T22:00:00+09:00,J1,407,401,808
2019-09-21T22:00:00+09:00,J2,334,305,639
2019-09-21T22:00:00+09:00,J3,472,416,888
2019-09-21T22:00:00+09:00,J4,690,633,1323
2019-09-21T22:15:00+09:00,J1,457,429,886
2019-09-21T22:15:00+09:00,J2,298,295,593
2019-09-21T22:15:00+09:00,J3,438,392,830
2019-09-21T22:15:00+09:00,J4,706,635,1341
2019-09-21T22:30:00+09:00,J1,413,421,834
2019-09-21T22:30:00+09:00,J2,328,282,610
2019-09-21T22:30:00+09:00,J3,424,397,821
2019-09-21T22:30:00+09:00,J4,723,689,1412
2019-09-21T22:45:00+09:00,J1,420,413,833
2019-09-21T22:45:00+09:00,J2,324,317,641
2019-09-21T22:45:00+09:00,J3,409,397,806
2019-09-21T22:45:00+09:00,J4,691,676,1367
2019-09-21T23:00:00+09:00,J1,427,431,858
2019-09-21T23:00:00+09:00,J2,338,270,608
2019-09-21T23:00:00+09:00,J3,466,431,897
2019-09-21T23:00:00+09:00,J4,677,699,1376
2019-09-21T23:15:00+09:00,J1,438,385,823
2019-09-21T23:15:00+09:00,J2,337,302,639
2019-09-21T23:15:00+09:00,J3,428,407,835
2019-09-21T23:15:00+09:00,J4,763,706,1469
2019-09-21T23:30:00+09:00,J1,367,399,766
2019-09-21T23:30:00+09:00,J2,343,317,660
2019-09-21T23:30:00+09:00,J3,467,414,881
2019-09-21T23:30:00+09:00,J4,678,671,1349
2019-09-21T23:45:00+09:00,J1,307,369,676
2019-09-21T23:45:00+09:00,J2,337,278,615
2019-09-21T23:45:00+09:00,J3,471,442,913
2019-09-21T23:45:00+09:00,J4,661,638,1299
2019-09-22T00:00:00+09:00,J1,343,328,671
2019-09-22T00:00:00+09:00,J2,309,263,572
2019-09-22T00:00:00+09:00,J3,431,375,806
2019-09-22T00:00:00+09:00,J4,573,612,1185
2019-09-22T00:15:00+09:00,J1,146,113,259
2019-09-22T00:15:00+09:00,J2,244,161,405
2019-09-22T00:15:00+09:00,J3,346,278,624
2019-09-22T00:15:00+09:00,J4,418,392,810
2019-09-22T00:30:00+09:00,J1,233,167,400
2019-09-22T00:30:00+09:00,J2,172,176,348
2019-09-22T00:30:00+09:00,J3,228,181,409
2019-09-22T00:30:00+09:00,J4,512,504,1016
2019-09-22T00:45:00+09:00,J1,238,221,459
2019-09-22T00:45:00+09:00,J2,176,159,335
2019-09-22T00:45:00+09:00,J3,238,194,432
2019-09-22T00:45:00+09:00,J4,408,373,781
2019-09-22T05:45:00+09:00,J1,247,252,499
2019-09-22T05:45:00+09:00,J2,176,210,386
2019-09-22T05:45:00+09:00,J3,344,269,613
2019-09-22T05:45:00+09:00,J4,617,575,1192
2019-09-22T06:00:00+09:00,J1,267,279,546
2019-09-22T06:00:00+09:00,J2,185,248,433
2019-09-22T06:00:00+09:00,J3,398,258,656
2019-09-22T06:00:00+09:00,J4,651,634,1285
2019-09-22T06:15:00+09:00,J1,406,351,757
2019-09-22T06:15:00+09:00,J2,220,172,392
2019-09-22T06:15:00+09:00,J3,359,286,645
2019-09-22T06:15:00+09:00,J4,528,607,1135
2019-09-22T06:30:00+09:00,J1,283,301,584
2019-09-22T06:30:00+09:00,J2,170,156,326
2019-09-22T06:30:00+09:00,J3,382,313,695
2019-09-22T06:30:00+09:00,J4,556,565,1121
2019-09-22T06:45:00+09:00,J1,364,375,739
2019-09-22T06:45:00+09:00,J2,210,181,391
2019-09-22T06:45:00+09:00,J3,400,353,753
2019-09-22T06:45:00+09:00,J4,498,560,1058
2019-09-22T07:00:00+09:00,J1,352,388,740
2019-09-22T07:00:00+09:00,J2,214,202,416
2019-09-22T07:00:00+09:00,J3,372,303,675
2019-09-22T07:00:00+09:00,J4,491,448,939
2019-09-22T07:15:00+09:00,J1,348,324,672
2019-09-22T07:15:00+09:00,J2,234,216,450
2019-09-22T07:15:00+09:00,J3,469,373,842
2019-09-22T07:15:00+09:00,J4,534,515,1049
2019-09-22T07:30:00+09:00,J1,334,341,675
2019-09-22T07:30:00+09:00,J2,237,220,457
2019-09-22T07:30:00+09:00,J3,500,428,928
2019-09-22T07:30:00+09:00,J4,543,597,1140
2019-09-22T07:45:00+09:00,J1,299,299,598
2019-09-22T07:45:00+09:00,J2,225,172,397
2019-09-22T07:45:00+09:00,J3,468,478,946
2019-09-22T07:45:00+09:00,J4,508,575,1083
2019-09-22T08:00:00+09:00,J1,460,443,903
2019-09-22T08:00:00+09:00,J2,316,205,521
2019-09-22T08:00:00+09:00,J3,595,567,1162
2019-09-22T08:00:00+09:00,J4,522,529,1051
2019-09-22T08:15:00+09:00,J1,424,401,825
2019-09-22T08:15:00+09:00,J2,341,265,606
2019-09-22T08:15:00+09:00,J3,565,553,1118
2019-09-22T08:15:00+09:00,J4,418,528,946
2019-09-22T08:30:00+09:00,J1,367,347,714
2019-09-22T08:30:00+09:00,J2,313,293,606
2019-09-22T08:30:00+09:00,J3,499,561,1060
2019-09-22T08:30:00+09:00,J4,552,668,1220
2019-09-22T08:45:00+09:00,J1,469,518,987
2019-09-22T08:45:00+09:00,J2,294,301,595
2019-09-22T08:45:00+09:00,J3,572,548,1120
2019-09-22T08:45:00+09:00,J4,468,548,1016
2019-09-22T09:00:00+09:00,J1,378,332,710
2019-09-22T09:00:00+09:00,J2,259,286,545
2019-09-22T09:00:00+09:00,J3,511,475,986
2019-09-22T09:00:00+09:00,J4,512,504,1016
2019-09-22T09:15:00+09:00,J1,423,419,842
2019-09-22T09:15:00+09:00,J2,330,293,623
2019-09-22T09:15:00+09:00,J3,480,534,1014
2019-09-22T09:15:00+09:00,J4,588,608,1196
2019-09-22T09:30:00+09:00,J1,428,359,787
2019-09-22T09:30:00+09:00,J2,348,301,649
2019-09-22T09:30:00+09:00,J3,520,570,1090
2019-09-22T09:30:00+09:00,J4,572,650,1222
2019-09-22T09:45:00+09:00,J1,567,493,1060
2019-09-22T09:45:00+09:00,J2,397,254,651
2019-09-22T09:45:00+09:00,J3,544,536,1080
2019-09-22T09:45:00+09:00,J4,582,631,1213
2019-09-22T10:00:00+09:00,J1,543,533,1076
2019-09-22T10:00:00+09:00,J2,406,264,670
2019-09-22T10:00:00+09:00,J3,579,538,1117
2019-09-22T10:00:00+09:00,J4,554,509,1063
2019-09-22T10:15:00+09:00,J1,505,481,986
2019-09-22T10:15:00+09:00,J2,452,281,733
2019-09-22T10:15:00+09:00,J3,519,505,1024
2019-09-22T10:15:00+09:00,J4,519,455,974
2019-09-22T10:30:00+09:00,J1,572,585,1157
2019-09-22T10:30:00+09:00,J2,504,335,839
2019-09-22T10:30:00+09:00,J3,535,500,1035
2019-09-22T10:30:00+09:00,J4,473,496,969
2019-09-22T10:45:00+09:00,J1,547,434,981
2019-09-22T10:45:00+09:00,J2,481,341,822
2019-09-22T10:45:00+09:00,J3,547,536,1083
2019-09-22T10:45:00+09:00,J4,436,495,931
2019-09-22T11:00:00+09:00,J1,553,525,1078
2019-09-22T11:00:00+09:00,J2,534,339,873
2019-09-22T11:00:00+09:00,J3,552,534,1086
2019-09-22T11:00:00+09:00,J4,426,385,811
2019-09-22T11:15:00+09:00,J1,495,456,951
2019-09-22T11:15:00+09:00,J2,517,386,903
2019-09-22T11:15:00+09:00,J3,613,564,1177
2019-09-22T11:15:00+09:00,J4,441,459,900
2019-09-22T11:30:00+09:00,J1,561,554,1115
2019-09-22T11:30:00+09:00,J2,573,380,953
2019-09-22T11:30:00+09:00,J3,626,628,1254
2019-09-22T11:30:00+09:00,J4,400,424,824
2019-09-22T11:45:00+09:00,J1,590,582,1172
2019-09-22T11:45:00+09:00,J2,541,371,912
2019-09-22T11:45:00+09:00,J3,586,561,1147
2019-09-22T11:45:00+09:00,J4,407,422,829
2019-09-22T12:00:00+09:00,J1,594,515,1109
2019-09-22T12:00:00+09:00,J2,571,394,965
2019-09-22T12:00:00+09:00,J3,680,622,1302
2019-09-22T12:00:00+09:00,J4,451,415,866
2019-09-22T12:15:00+09:00,J1,557,630,1187
2019-09-22T12:15:00+09:00,J2,566,525,1091
2019-09-22T12:15:00+09:00,J3,607,577,1184
2019-09-22T12:15:00+09:00,J4,447,394,841
2019-09-22T12:30:00+09:00,J1,609,628,1237
2019-09-22T12:30:00+09:00,J2,576,487,1063
2019-09-22T12:30:00+09:00,J3,594,616,1210
2019-09-22T12:30:00+09:00,J4,409,406,815
2019-09-22T12:45:00+09:00,J1,561,597,1158
2019-09-22T12:45:00+09:00,J2,574,448,1022
2019-09-22T12:45:00+09:00,J3,603,628,1231
2019-09-22T12:45:00+09:00,J4,455,423,878
2019-09-22T13:00:00+09:00,J1,576,621,1197
2019-09-22T13:00:00+09:00,J2,580,487,1067
2019-09-22T13:00:00+09:00,J3,595,612,1207
2019-09-22T13:00:00+09:00,J4,421,365,786
2019-09-22T13:15:00+09:00,J1,478,625,1103
2019-09-22T13:15:00+09:00,J2,565,492,1057
2019-09-22T13:15:00+09:00,J3,536,614,1150
2019-09-22T13:15:00+09:00,J4,433,368,801
2019-09-22T13:30:00+09:00,J1,552,621,1173
2019-09-22T13:30:00+09:00,J2,591,491,1082
2019-09-22T13:30:00+09:00,J3,645,624,1269
2019-09-22T13:30:00+09:00,J4,408,395,803
2019-09-22T13:45:00+09:00,J1,504,558,1062
2019-09-22T13:45:00+09:00,J2,567,446,1013
2019-09-22T13:45:00+09:00,J3,563,689,1252
2019-09-22T13:45:00+09:00,J4,544,411,955
2019-09-22T14:00:00+09:00,J1,538,577,1115
2019-09-22T14:00:00+09:00,J2,651,527,1178
2019-09-22T14:00:00+09:00,J3,547,622,1169
2019-09-22T14:00:00+09:00,J4,461,436,897
2019-09-22T14:15:00+09:00,J1,540,552,1092
2019-09-22T14:15:00+09:00,J2,539,543,1082
2019-09-22T14:15:00+09:00,J3,584,649,1233
2019-09-22T14:15:00+09:00,J4,478,403,881
2019-09-22T14:30:00+09:00,J1,534,612,1146
2019-09-22T14:30:00+09:00,J2,622,521,1143
2019-09-22T14:30:00+09:00,J3,589,667,1256
2019-09-22T14:30:00+09:00,J4,534,409,943
2019-09-22T14:45:00+09:00,J1,575,640,1215
2019-09-22T14:45:00+09:00,J2,552,483,1035
2019-09-22T14:45:00+09:00,J3,607,664,1271
2019-09-22T14:45:00+09:00,J4,490,470,960
2019-09-22T15:00:00+09:00,J1,582,677,1259
2019-09-22T15:00:00+09:00,J2,510,474,984
2019-09-22T15:00:00+09:00,J3,580,731,1311
2019-09-22T15:00:00+09:00,J4,484,413,897
2019-09-22T15:15:00+09:00,J1,595,629,1224
2019-09-22T15:15:00+09:00,J2,566,509,1075
2019-09-22T15:15:00+09:00,J3,644,693,1337
2019-09-22T15:15:00+09:00,J4,488,415,903
2019-09-22T15:30:00+09:00,J1,597,673,1270
2019-09-22T15:30:00+09:00,J2,592,523,1115
2019-09-22T15:30:00+09:00,J3,666,680,1346
2019-09-22T15:30:00+09:00,J4,512,434,946
2019-09-22T15:45:00+09:00,J1,555,618,1173
2019-09-22T15:45:00+09:00,J2,601,477,1078
2019-09-22T15:45:00+09:00,J3,649,641,1290
2019-09-22T15:45:00+09:00,J4,496,435,931
2019-09-22T16:00:00+09:00,J1,548,662,1210
2019-09-22T16:00:00+09:00,J2,587,507,1094
2019-09-22T16:00:00+09:00,J3,628,630,1258
2019-09-22T16:00:00+09:00,J4,443,446,889
2019-09-22T16:15:00+09:00,J1,604,703,1307
2019-09-22T16:15:00+09:00,J2,613,533,1146
2019-09-22T16:15:00+09:00,J3,645,621,1266
2019-09-22T16:15:00+09:00,J4,499,424,923
2019-09-22T16:30:00+09:00,J1,601,694,1295
2019-09-22T16:30:00+09:00,J2,600,542,1142
2019-09-22T16:30:00+09:00,J3,599,635,1234
2019-09-22T16:30:00+09:00,J4,529,392,921
2019-09-22T16:45:00+09:00,J1,625,625,1250
2019-09-22T16:45:00+09:00,J2,605,543,1148
2019-09-22T16:45:00+09:00,J3,624,679,1303
2019-09-22T16:45:00+09:00,J4,518,438,956
2019-09-22T17:00:00+09:00,J1,604,605,1209
2019-09-22T17:00:00+09:00,J2,599,452,1051
2019-09-22T17:00:00+09:00,J3,635,678,1313
2019-09-22T17:00:00+09:00,J4,504,452,956
2019-09-22T17:15:00+09:00,J1,660,648,1308
2019-09-22T17:15:00+09:00,J2,618,523,1141
2019-09-22T17:15:00+09:00,J3,643,697,1340
2019-09-22T17:15:00+09:00,J4,462,413,875
2019-09-22T17:30:00+09:00,J1,610,665,1275
2019-09-22T17:30:00+09:00,J2,627,437,1064
2019-09-22T17:30:00+09:00,J3,771,631,1402
2019-09-22T17:30:00+09:00,J4,463,446,909
2019-09-22T17:45:00+09:00,J1,639,621,1260
2019-09-22T17:45:00+09:00,J2,603,421,1024
2019-09-22T17:45:00+09:00,J3,657,628,1285
2019-09-22T17:45:00+09:00,J4,513,436,949
2019-09-22T18:00:00+09:00,J1,733,660,1393
2019-09-22T18:00:00+09:00,J2,574,409,983
2019-09-22T18:00:00+09:00,J3,695,622,1317
2019-09-22T18:00:00+09:00,J4,499,461,960
2019-09-22T18:15:00+09:00,J1,708,644,1352
2019-09-22T18:15:00+09:00,J2,562,419,981
2019-09-22T18:15:00+09:00,J3,726,639,1365
2019-09-22T18:15:00+09:00,J4,604,497,1101
2019-09-22T18:30:00+09:00,J1,648,563,1211
2019-09-22T18:30:00+09:00,J2,527,376,903
2019-09-22T18:30:00+09:00,J3,623,593,1216
2019-09-22T18:30:00+09:00,J4,607,603,1210
2019-09-22T18:45:00+09:00,J1,582,544,1126
2019-09-22T18:45:00+09:00,J2,429,332,761
2019-09-22T18:45:00+09:00,J3,579,581,1160
2019-09-22T18:45:00+09:00,J4,635,478,1113
2019-09-22T19:00:00+09:00,J1,533,515,1048
2019-09-22T19:00:00+09:00,J2,488,360,848
2019-09-22T19:00:00+09:00,J3,596,552,1148
2019-09-22T19:00:00+09:00,J4,596,545,1141
2019-09-22T19:15:00+09:00,J1,470,483,953
2019-09-22T19:15:00+09:00,J2,443,385,828
2019-09-22T19:15:00+09:00,J3,577,616,1193
2019-09-22T19:15:00+09:00,J4,714,629,1343
2019-09-22T19:30:00+09:00,J1,528,577,1105
2019-09-22T19:30:00+09:00,J2,443,397,840
2019-09-22T19:30:00+09:00,J3,548,565,1113
2019-09-22T19:30:00+09:00,J4,665,626,1291
2019-09-22T19:45:00+09:00,J1,526,504,1030
2019-09-22T19:45:00+09:00,J2,410,327,737
2019-09-22T19:45:00+09:00,J3,497,542,1039
2019-09-22T19:45:00+09:00,J4,598,583,1181
2019-09-22T20:00:00+09:00,J1,513,484,997
2019-09-22T20:00:00+09:00,J2,433,422,855
2019-09-22T20:00:00+09:00,J3,505,615,1120
2019-09-22T20:00:00+09:00,J4,627,580,1207
2019-09-22T20:15:00+09:00,J1,559,544,1103
2019-09-22T20:15:00+09:00,J2,381,455,836
2019-09-22T20:15:00+09:00,J3,487,582,1069
2019-09-22T20:15:00+09:00,J4,687,643,1330
2019-09-22T20:30:00+09:00,J1,557,535,1092
2019-09-22T20:30:00+09:00,J2,423,367,790
2019-09-22T20:30:00+09:00,J3,570,564,1134
2019-09-22T20:30:00+09:00,J4,674,594,1268
2019-09-22T20:45:00+09:00,J1,496,505,1001
2019-09-22T20:45:00+09:00,J2,435,343,778
2019-09-22T20:45:00+09:00,J3,530,541,1071
2019-09-22T20:45:00+09:00,J4,663,569,1232
2019-09-22T21:00:00+09:00,J1,563,527,1090
2019-09-22T21:00:00+09:00,J2,401,324,725
2019-09-22T21:00:00+09:00,J3,496,450,946
2019-09-22T21:00:00+09:00,J4,694,657,1351
2019-09-22T21:15:00+09:00,J1,565,551,1116
2019-09-22T21:15:00+09:00,J2,404,302,706
2019-09-22T21:15:00+09:00,J3,542,465,1007
2019-09-22T21:15:00+09:00,J4,703,673,1376
2019-09-22T21:30:00+09:00,J1,489,446,935
2019-09-22T21:30:00+09:00,J2,385,258,643
2019-09-22T21:30:00+09:00,J3,514,442,956
2019-09-22T21:30:00+09:00,J4,622,647,1269
2019-09-22T21:45:00+09:00,J1,446,436,882
2019-09-22T21:45:00+09:00,J2,331,252,583
2019-09-22T21:45:00+09:00,J3,446,394,840
2019-09-22T21:45:00+09:00,J4,701,677,1378
2019-09-22T22:00:00+09:00,J1,493,501,994
2019-09-22T22:00:00+09:00,J2,355,261,616
2019-09-22T22:00:00+09:00,J3,432,461,893
2019-09-22T22:00:00+09:00,J4,763,775,1538
2019-09-22T22:15:00+09:00,J1,471,480,951
2019-09-22T22:15:00+09:00,J2,310,259,569
2019-09-22T22:15:00+09:00,J3,452,454,906
2019-09-22T22:15:00+09:00,J4,736,735,1471
2019-09-22T22:30:00+09:00,J1,405,475,880
2019-09-22T22:30:00+09:00,J2,312,287,599
2019-09-22T22:30:00+09:00,J3,415,421,836
2019-09-22T22:30:00+09:00,J4,851,834,1685
2019-09-22T22:45:00+09:00,J1,395,393,788
2019-09-22T22:45:00+09:00,J2,290,262,552
2019-09-22T22:45:00+09:00,J3,431,393,824
2019-09-22T22:45:00+09:00,J4,949,879,1828
2019-09-22T23:00:00+09:00,J1,432,377,809
2019-09-22T23:00:00+09:00,J2,288,232,520
2019-09-22T23:00:00+09:00,J3,387,364,751
2019-09-22T23:00:00+09:00,J4,765,781,1546
2019-09-22T23:15:00+09:00,J1,391,407,798
2019-09-22T23:15:00+09:00,J2,314,238,552
2019-09-22T23:15:00+09:00,J3,455,445,900
2019-09-22T23:15:00+09:00,J4,763,749,1512
2019-09-22T23:30:00+09:00,J1,451,497,948
2019-09-22T23:30:00+09:00,J2,293,216,509
2019-09-22T23:30:00+09:00,J3,470,395,865
2019-09-22T23:30:00+09:00,J4,618,630,1248
2019-09-22T23:45:00+09:00,J1,330,346,676
2019-09-22T23:45:00+09:00,J2,301,230,531
2019-09-22T23:45:00+09:00,J3,491,374,865
2019-09-22T23:45:00+09:00,J4,648,649,1297
2019-09-23T00:00:00+09:00,J1,259,288,547
2019-09-23T00:00:00+09:00,J2,272,199,471
2019-09-23T00:00:00+09:00,J3,399,362,761
2019-09-23T00:00:00+09:00,J4,676,649,1325
2019-09-23T00:15:00+09:00,J1,166,163,329
2019-09-23T00:15:00+09:00,J2,191,175,366
2019-09-23T00:15:00+09:00,J3,312,210,522
2019-09-23T00:15:00+09:00,J4,552,662,1214
2019-09-23T00:30:00+09:00,J1,180,122,302
2019-09-23T00:30:00+09:00,J2,205,208,413
2019-09-23T00:30:00+09:00,J3,258,245,503
2019-09-23T00:30:00+09:00,J4,516,645,1161
2019-09-23T00:45:00+09:00,J1,164,123,287
2019-09-23T00:45:00+09:00,J2,188,156,344
2019-09-23T00:45:00+09:00,J3,287,257,544
2019-09-23T00:45:00+09:00,J4,498,520,1018
2019-09-23T05:45:00+09:00,J1,245,240,485
2019-09-23T05:45:00+09:00,J2,179,189,368
2019-09-23T05:45:00+09:00,J3,415,336,751
2019-09-23T05:45:00+09:00,J4,490,477,967
2019-09-23T06:00:00+09:00,J1,348,357,705
2019-09-23T06:00:00+09:00,J2,199,188,387
2019-09-23T06:00:00+09:00,J3,314,270,584
2019-09-23T06:00:00+09:00,J4,495,503,998
2019-09-23T06:15:00+09:00,J1,375,412,787
2019-09-23T06:15:00+09:00,J2,183,239,422
2019-09-23T06:15:00+09:00,J3,310,277,587
2019-09-23T06:15:00+09:00,J4,578,591,1169
2019-09-23T06:30:00+09:00,J1,370,404,774
2019-09-23T06:30:00+09:00,J2,190,201,391
2019-09-23T06:30:00+09:00,J3,310,264,574
2019-09-23T06:30:00+09:00,J4,571,554,1125
2019-09-23T06:45:00+09:00,J1,309,310,619
2019-09-23T06:45:00+09:00,J2,231,221,452
2019-09-23T06:45:00+09:00,J3,278,276,554
2019-09-23T06:45:00+09:00,J4,596,592,1188
2019-09-23T07:00:00+09:00,J1,427,403,830
2019-09-23T07:00:00+09:00,J2,222,262,484
2019-09-23T07:00:00+09:00,J3,333,275,608
2019-09-23T07:00:00+09:00,J4,756,767,1523
2019-09-23T07:15:00+09:00,J1,351,330,681
2019-09-23T07:15:00+09:00,J2,185,233,418
2019-09-23T07:15:00+09:00,J3,389,334,723
2019-09-23T07:15:00+09:00,J4,769,792,1561
2019-09-23T07:30:00+09:00,J1,428,462,890
2019-09-23T07:30:00+09:00,J2,252,280,532
2019-09-23T07:30:00+09:00,J3,393,351,744
2019-09-23T07:30:00+09:00,J4,680,609,1289
2019-09-23T07:45:00+09:00,J1,385,398,783
2019-09-23T07:45:00+09:00,J2,253,220,473
2019-09-23T07:45:00+09:00,J3,422,386,808
2019-09-23T07:45:00+09:00,J4,717,752,1469
2019-09-23T08:00:00+09:00,J1,591,594,1185
2019-09-23T08:00:00+09:00,J2,296,245,541
2019-09-23T08:00:00+09:00,J3,650,659,1309
2019-09-23T08:00:00+09:00,J4,618,695,1313
2019-09-23T08:15:00+09:00,J1,663,573,1236
2019-09-23T08:15:00+09:00,J2,240,231,471
2019-09-23T08:15:00+09:00,J3,614,654,1268
2019-09-23T08:15:00+09:00,J4,653,687,1340
2019-09-23T08:30:00+09:00,J1,569,583,1152
2019-09-23T08:30:00+09:00,J2,255,291,546
2019-09-23T08:30:00+09:00,J3,606,609,1215
2019-09-23T08:30:00+09:00,J4,584,672,1256
2019-09-23T08:45:00+09:00,J1,631,574,1205
2019-09-23T08:45:00+09:00,J2,296,244,540
2019-09-23T08:45:00+09:00,J3,596,536,1132
2019-09-23T08:45:00+09:00,J4,527,507,1034
2019-09-23T09:00:00+09:00,J1,581,552,1133
2019-09-23T09:00:00+09:00,J2,320,272,592
2019-09-23T09:00:00+09:00,J3,564,526,1090
2019-09-23T09:00:00+09:00,J4,593,653,1246
2019-09-23T09:15:00+09:00,J1,610,571,1181
2019-09-23T09:15:00+09:00,J2,328,302,630
2019-09-23T09:15:00+09:00,J3,589,533,1122
2019-09-23T09:15:00+09:00,J4,609,770,1379
2019-09-23T09:30:00+09:00,J1,579,535,1114
2019-09-23T09:30:00+09:00,J2,344,287,631
2019-09-23T09:30:00+09:00,J3,678,667,1345
2019-09-23T09:30:00+09:00,J4,614,550,1164
2019-09-23T09:45:00+09:00,J1,628,565,1193
2019-09-23T09:45:00+09:00,J2,351,331,682
2019-09-23T09:45:00+09:00,J3,633,627,1260
2019-09-23T09:45:00+09:00,J4,635,588,1223
2019-09-23T10:00:00+09:00,J1,527,506,1033
2019-09-23T10:00:00+09:00,J2,341,272,613
2019-09-23T10:00:00+09:00,J3,659,640,1299
2019-09-23T10:00:00+09:00,J4,637,628,1265
2019-09-23T10:15:00+09:00,J1,673,558,1231
2019-09-23T10:15:00+09:00,J2,401,396,797
2019-09-23T10:15:00+09:00,J3,727,658,1385
2019-09-23T10:15:00+09:00,J4,687,616,1303
2019-09-23T10:30:00+09:00,J1,601,497,1098
2019-09-23T10:30:00+09:00,J2,365,382,747
2019-09-23T10:30:00+09:00,J3,796,819,1615
2019-09-23T10:30:00+09:00,J4,674,672,1346
2019-09-23T10:45:00+09:00,J1,586,470,1056
2019-09-23T10:45:00+09:00,J2,428,448,876
2019-09-23T10:45:00+09:00,J3,804,724,1528
2019-09-23T10:45:00+09:00,J4,717,677,1394
2019-09-23T11:00:00+09:00,J1,701,629,1330
2019-09-23T11:00:00+09:00,J2,412,446,858
2019-09-23T11:00:00+09:00,J3,889,808,1697
2019-09-23T11:00:00+09:00,J4,705,732,1437
2019-09-23T11:15:00+09:00,J1,680,654,1334
2019-09-23T11:15:00+09:00,J2,390,454,844
2019-09-23T11:15:00+09:00,J3,834,808,1642
2019-09-23T11:15:00+09:00,J4,733,692,1425
2019-09-23T11:30:00+09:00,J1,618,580,1198
2019-09-23T11:30:00+09:00,J2,395,360,755
2019-09-23T11:30:00+09:00,J3,864,771,1635
2019-09-23T11:30:00+09:00,J4,738,670,1408
2019-09-23T11:45:00+09:00,J1,685,667,1352
2019-09-23T11:45:00+09:00,J2,443,427,870
2019-09-23T11:45:00+09:00,J3,845,698,1543
2019-09-23T11:45:00+09:00,J4,730,700,1430
2019-09-23T12:00:00+09:00,J1,688,673,1361
2019-09-23T12:00:00+09:00,J2,497,436,933
2019-09-23T12:00:00+09:00,J3,887,699,1586
2019-09-23T12:00:00+09:00,J4,791,695,1486
2019-09-23T12:15:00+09:00,J1,662,654,1316
2019-09-23T12:15:00+09:00,J2,443,428,871
2019-09-23T12:15:00+09:00,J3,853,704,1557
2019-09-23T12:15:00+09:00,J4,851,805,1656
2019-09-23T12:30:00+09:00,J1,563,577,1140
2019-09-23T12:30:00+09:00,J2,441,447,888
2019-09-23T12:30:00+09:00,J3,831,818,1649
2019-09-23T12:30:00+09:00,J4,766,716,1482
2019-09-23T12:45:00+09:00,J1,694,569,1263
2019-09-23T12:45:00+09:00,J2,382,366,748
2019-09-23T12:45:00+09:00,J3,782,780,1562
2019-09-23T12:45:00+09:00,J4,802,741,1543
2019-09-23T13:00:00+09:00,J1,610,528,1138
2019-09-23T13:00:00+09:00,J2,418,359,777
2019-09-23T13:00:00+09:00,J3,867,816,1683
2019-09-23T13:00:00+09:00,J4,831,759,1590
2019-09-23T13:15:00+09:00,J1,696,686,1382
2019-09-23T13:15:00+09:00,J2,429,366,795
2019-09-23T13:15:00+09:00,J3,826,806,1632
2019-09-23T13:15:00+09:00,J4,762,745,1507
2019-09-23T13:30:00+09:00,J1,576,477,1053
2019-09-23T13:30:00+09:00,J2,496,401,897
2019-09-23T13:30:00+09:00,J3,770,758,1528
2019-09-23T13:30:00+09:00,J4,753,644,1397
2019-09-23T13:45:00+09:00,J1,493,553,1046
2019-09-23T13:45:00+09:00,J2,464,454,918
2019-09-23T13:45:00+09:00,J3,752,739,1491
2019-09-23T13:45:00+09:00,J4,829,762,1591
2019-09-23T14:00:00+09:00,J1,597,577,1174
2019-09-23T14:00:00+09:00,J2,478,398,876
2019-09-23T14:00:00+09:00,J3,793,753,1546
2019-09-23T14:00:00+09:00,J4,808,727,1535
2019-09-23T14:15:00+09:00,J1,679,666,1345
2019-09-23T14:15:00+09:00,J2,543,510,1053
2019-09-23T14:15:00+09:00,J3,840,731,1571
2019-09-23T14:15:00+09:00,J4,852,736,1588
2019-09-23T14:30:00+09:00,J1,651,532,1183
2019-09-23T14:30:00+09:00,J2,502,458,960
2019-09-23T14:30:00+09:00,J3,868,758,1626
2019-09-23T14:30:00+09:00,J4,690,630,1320
2019-09-23T14:45:00+09:00,J1,627,587,1214
2019-09-23T14:45:00+09:00,J2,487,387,874
2019-09-23T14:45:00+09:00,J3,718,770,1488
2019-09-23T14:45:00+09:00,J4,679,652,1331
2019-09-23T15:00:00+09:00,J1,780,737,1517
2019-09-23T15:00:00+09:00,J2,497,391,888
2019-09-23T15:00:00+09:00,J3,779,818,1597
2019-09-23T15:00:00+09:00,J4,805,700,1505
2019-09-23T15:15:00+09:00,J1,746,780,1526
2019-09-23T15:15:00+09:00,J2,451,440,891
2019-09-23T15:15:00+09:00,J3,796,754,1550
2019-09-23T15:15:00+09:00,J4,759,713,1472
2019-09-23T15:30:00+09:00,J1,784,692,1476
2019-09-23T15:30:00+09:00,J2,451,393,844
2019-09-23T15:30:00+09:00,J3,796,754,1550
2019-09-23T15:30:00+09:00,J4,734,644,1378
2019-09-23T15:45:00+09:00,J1,750,699,1449
2019-09-23T15:45:00+09:00,J2,536,358,894
2019-09-23T15:45:00+09:00,J3,762,727,1489
2019-09-23T15:45:00+09:00,J4,814,739,1553
2019-09-23T16:00:00+09:00,J1,784,740,1524
2019-09-23T16:00:00+09:00,J2,491,396,887
2019-09-23T16:00:00+09:00,J3,792,731,1523
2019-09-23T16:00:00+09:00,J4,685,576,1261
2019-09-23T16:15:00+09:00,J1,825,760,1585
2019-09-23T16:15:00+09:00,J2,525,457,982
2019-09-23T16:15:00+09:00,J3,817,721,1538
2019-09-23T16:15:00+09:00,J4,583,507,1090
2019-09-23T16:30:00+09:00,J1,771,674,1445
2019-09-23T16:30:00+09:00,J2,501,431,932
2019-09-23T16:30:00+09:00,J3,781,688,1469
2019-09-23T16:30:00+09:00,J4,535,492,1027
2019-09-23T16:45:00+09:00,J1,826,778,1604
2019-09-23T16:45:00+09:00,J2,464,357,821
2019-09-23T16:45:00+09:00,J3,800,656,1456
2019-09-23T16:45:00+09:00,J4,668,508,1176
2019-09-23T17:00:00+09:00,J1,848,824,1672
2019-09-23T17:00:00+09:00,J2,436,383,819
2019-09-23T17:00:00+09:00,J3,772,775,1547
2019-09-23T17:00:00+09:00,J4,618,523,1141
2019-09-23T17:15:00+09:00,J1,920,828,1748
2019-09-23T17:15:00+09:00,J2,447,380,827
2019-09-23T17:15:00+09:00,J3,781,690,1471
2019-09-23T17:15:00+09:00,J4,635,568,1203
2019-09-23T17:30:00+09:00,J1,809,766,1575
2019-09-23T17:30:00+09:00,J2,477,335,812
2019-09-23T17:30:00+09:00,J3,740,725,1465
2019-09-23T17:30:00+09:00,J4,758,652,1410
2019-09-23T17:45:00+09:00,J1,713,666,1379
2019-09-23T17:45:00+09:00,J2,476,411,887
2019-09-23T17:45:00+09:00,J3,756,647,1403
2019-09-23T17:45:00+09:00,J4,743,617,1360
2019-09-23T18:00:00+09:00,J1,864,747,1611
2019-09-23T18:00:00+09:00,J2,433,376,809
2019-09-23T18:00:00+09:00,J3,745,642,1387
2019-09-23T18:00:00+09:00,J4,734,538,1272
2019-09-23T18:15:00+09:00,J1,901,785,1686
2019-09-23T18:15:00+09:00,J2,489,382,871
2019-09-23T18:15:00+09:00,J3,757,618,1375
2019-09-23T18:15:00+09:00,J4,789,591,1380
2019-09-23T18:30:00+09:00,J1,816,667,1483
2019-09-23T18:30:00+09:00,J2,454,388,842
2019-09-23T18:30:00+09:00,J3,747,584,1331
2019-09-23T18:30:00+09:00,J4,706,603,1309
2019-09-23T18:45:00+09:00,J1,664,550,1214
2019-09-23T18:45:00+09:00,J2,396,377,773
2019-09-23T18:45:00+09:00,J3,733,661,1394
2019-09-23T18:45:00+09:00,J4,740,662,1402
2019-09-23T19:00:00+09:00,J1,571,561,1132
2019-09-23T19:00:00+09:00,J2,336,259,595
2019-09-23T19:00:00+09:00,J3,773,641,1414
2019-09-23T19:00:00+09:00,J4,762,578,1340
2019-09-23T19:15:00+09:00,J1,618,626,1244
2019-09-23T19:15:00+09:00,J2,381,239,620
2019-09-23T19:15:00+09:00,J3,820,625,1445
2019-09-23T19:15:00+09:00,J4,787,629,1416
2019-09-23T19:30:00+09:00,J1,627,648,1275
2019-09-23T19:30:00+09:00,J2,307,243,550
2019-09-23T19:30:00+09:00,J3,710,525,1235
2019-09-23T19:30:00+09:00,J4,791,657,1448
2019-09-23T19:45:00+09:00,J1,611,622,1233
2019-09-23T19:45:00+09:00,J2,271,242,513
2019-09-23T19:45:00+09:00,J3,626,585,1211
2019-09-23T19:45:00+09:00,J4,672,642,1314
2019-09-23T20:00:00+09:00,J1,666,720,1386
2019-09-23T20:00:00+09:00,J2,343,298,641
2019-09-23T20:00:00+09:00,J3,670,654,1324
2019-09-23T20:00:00+09:00,J4,691,656,1347
2019-09-23T20:15:00+09:00,J1,573,569,1142
2019-09-23T20:15:00+09:00,J2,271,254,525
2019-09-23T20:15:00+09:00,J3,677,620,1297
2019-09-23T20:15:00+09:00,J4,661,584,1245
2019-09-23T20:30:00+09:00,J1,606,593,1199
2019-09-23T20:30:00+09:00,J2,295,330,625
2019-09-23T20:30:00+09:00,J3,697,587,1284
2019-09-23T20:30:00+09:00,J4,681,532,1213
2019-09-23T20:45:00+09:00,J1,585,650,1235
2019-09-23T20:45:00+09:00,J2,248,260,508
2019-09-23T20:45:00+09:00,J3,671,612,1283
2019-09-23T20:45:00+09:00,J4,672,601,1273
2019-09-23T21:00:00+09:00,J1,642,707,1349
2019-09-23T21:00:00+09:00,J2,257,261,518
2019-09-23T21:00:00+09:00,J3,560,492,1052
2019-09-23T21:00:00+09:00,J4,713,668,1381
2019-09-23T21:15:00+09:00,J1,628,691,1319
2019-09-23T21:15:00+09:00,J2,261,277,538
2019-09-23T21:15:00+09:00,J3,613,473,1086
2019-09-23T21:15:00+09:00,J4,704,682,1386
2019-09-23T21:30:00+09:00,J1,646,668,1314
2019-09-23T21:30:00+09:00,J2,255,295,550
2019-09-23T21:30:00+09:00,J3,565,442,1007
2019-09-23T21:30:00+09:00,J4,682,605,1287
2019-09-23T21:45:00+09:00,J1,568,589,1157
2019-09-23T21:45:00+09:00,J2,248,258,506
2019-09-23T21:45:00+09:00,J3,544,423,967
2019-09-23T21:45:00+09:00,J4,687,648,1335
2019-09-23T22:00:00+09:00,J1,683,751,1434
2019-09-23T22:00:00+09:00,J2,231,258,489
2019-09-23T22:00:00+09:00,J3,502,455,957
2019-09-23T22:00:00+09:00,J4,680,570,1250
2019-09-23T22:15:00+09:00,J1,644,706,1350
2019-09-23T22:15:00+09:00,J2,176,216,392
2019-09-23T22:15:00+09:00,J3,514,436,950
2019-09-23T22:15:00+09:00,J4,739,688,1427
2019-09-23T22:30:00+09:00,J1,582,646,1228
2019-09-23T22:30:00+09:00,J2,193,240,433
2019-09-23T22:30:00+09:00,J3,483,410,893
2019-09-23T22:30:00+09:00,J4,695,738,1433
2019-09-23T22:45:00+09:00,J1,647,638,1285
2019-09-23T22:45:00+09:00,J2,196,221,417
2019-09-23T22:45:00+09:00,J3,446,415,861
2019-09-23T22:45:00+09:00,J4,703,661,1364
2019-09-23T23:00:00+09:00,J1,440,558,998
2019-09-23T23:00:00+09:00,J2,222,261,483
2019-09-23T23:00:00+09:00,J3,468,320,788
2019-09-23T23:00:00+09:00,J4,658,698,1356
2019-09-23T23:15:00+09:00,J1,477,563,1040
2019-09-23T23:15:00+09:00,J2,185,220,405
2019-09-23T23:15:00+09:00,J3,464,372,836
2019-09-23T23:15:00+09:00,J4,689,579,1268
2019-09-23T23:30:00+09:00,J1,572,647,1219
2019-09-23T23:30:00+09:00,J2,170,212,382
2019-09-23T23:30:00+09:00,J3,491,383,874
2019-09-23T23:30:00+09:00,J4,606,639,1245
2019-09-23T23:45:00+09:00,J1,577,608,1185
2019-09-23T23:45:00+09:00,J2,183,197,380
2019-09-23T23:45:00+09:00,J3,364,306,670
2019-09-23T23:45:00+09:00,J4,581,532,1113
2019-09-24T00:00:00+09:00,J1,360,339,699
2019-09-24T00:00:00+09:00,J2,211,210,421
2019-09-24T00:00:00+09:00,J3,393,281,674
2019-09-24T00:00:00+09:00,J4,529,586,1115
2019-09-24T00:15:00+09:00,J1,185,218,403
2019-09-24T00:15:00+09:00,J2,153,202,355
2019-09-24T00:15:00+09:00,J3,309,282,591
2019-09-24T00:15:00+09:00,J4,562,562,1124
2019-09-24T00:30:00+09:00,J1,125,159,284
2019-09-24T00:30:00+09:00,J2,136,197,333
2019-09-24T00:30:00+09:00,J3,414,449,863
2019-09-24T00:30:00+09:00,J4,495,531,1026
2019-09-24T00:45:00+09:00,J1,213,203,416
2019-09-24T00:45:00+09:00,J2,141,213,354
2019-09-24T00:45:00+09:00,J3,413,425,838
2019-09-24T00:45:00+09:00,J4,468,514,982
2019-09-24T05:45:00+09:00,J1,205,183,388
2019-09-24T05:45:00+09:00,J2,191,228,419
2019-09-24T05:45:00+09:00,J3,291,256,547
2019-09-24T05:45:00+09:00,J4,551,501,1052
2019-09-24T06:00:00+09:00,J1,206,155,361
2019-09-24T06:00:00+09:00,J2,199,200,399
2019-09-24T06:00:00+09:00,J3,320,265,585
2019-09-24T06:00:00+09:00,J4,579,609,1188
2019-09-24T06:15:00+09:00,J1,315,325,640
2019-09-24T06:15:00+09:00,J2,214,206,420
2019-09-24T06:15:00+09:00,J3,367,303,670
2019-09-24T06:15:00+09:00,J4,493,569,1062
2019-09-24T06:30:00+09:00,J1,324,359,683
2019-09-24T06:30:00+09:00,J2,198,131,329
2019-09-24T06:30:00+09:00,J3,337,306,643
2019-09-24T06:30:00+09:00,J4,488,611,1099
2019-09-24T06:45:00+09:00,J1,387,352,739
2019-09-24T06:45:00+09:00,J2,228,156,384
2019-09-24T06:45:00+09:00,J3,358,366,724
2019-09-24T06:45:00+09:00,J4,566,644,1210
2019-09-24T07:00:00+09:00,J1,402,392,794
2019-09-24T07:00:00+09:00,J2,282,259,541
2019-09-24T07:00:00+09:00,J3,454,416,870
2019-09-24T07:00:00+09:00,J4,604,652,1256
2019-09-24T07:15:00+09:00,J1,422,351,773
2019-09-24T07:15:00+09:00,J2,329,234,563
2019-09-24T07:15:00+09:00,J3,581,506,1087
2019-09-24T07:15:00+09:00,J4,549,655,1204
2019-09-24T07:30:00+09:00,J1,401,345,746
2019-09-24T07:30:00+09:00,J2,328,326,654
2019-09-24T07:30:00+09:00,J3,635,674,1309
2019-09-24T07:30:00+09:00,J4,586,698,1284
2019-09-24T07:45:00+09:00,J1,469,434,903
2019-09-24T07:45:00+09:00,J2,536,226,762
2019-09-24T07:45:00+09:00,J3,578,752,1330
2019-09-24T07:45:00+09:00,J4,549,783,1332
2019-09-24T08:00:00+09:00,J1,669,542,1211
2019-09-24T08:00:00+09:00,J2,681,260,941
2019-09-24T08:00:00+09:00,J3,661,855,1516
2019-09-24T08:00:00+09:00,J4,637,878,1515
2019-09-24T08:15:00+09:00,J1,749,519,1268
2019-09-24T08:15:00+09:00,J2,814,301,1115
2019-09-24T08:15:00+09:00,J3,735,950,1685
2019-09-24T08:15:00+09:00,J4,598,969,1567
2019-09-24T08:30:00+09:00,J1,712,532,1244
2019-09-24T08:30:00+09:00,J2,838,360,1198
2019-09-24T08:30:00+09:00,J3,724,988,1712
2019-09-24T08:30:00+09:00,J4,533,956,1489
2019-09-24T08:45:00+09:00,J1,654,493,1147
2019-09-24T08:45:00+09:00,J2,528,334,862
2019-09-24T08:45:00+09:00,J3,638,872,1510
2019-09-24T08:45:00+09:00,J4,596,913,1509
2019-09-24T09:00:00+09:00,J1,581,484,1065
2019-09-24T09:00:00+09:00,J2,417,312,729
2019-09-24T09:00:00+09:00,J3,654,749,1403
2019-09-24T09:00:00+09:00,J4,551,701,1252
2019-09-24T09:15:00+09:00,J1,533,398,931
2019-09-24T09:15:00+09:00,J2,405,283,688
2019-09-24T09:15:00+09:00,J3,621,706,1327
2019-09-24T09:15:00+09:00,J4,492,608,1100
2019-09-24T09:30:00+09:00,J1,474,420,894
2019-09-24T09:30:00+09:00,J2,435,306,741
2019-09-24T09:30:00+09:00,J3,623,654,1277
2019-09-24T09:30:00+09:00,J4,490,558,1048
2019-09-24T09:45:00+09:00,J1,416,347,763
2019-09-24T09:45:00+09:00,J2,396,273,669
2019-09-24T09:45:00+09:00,J3,682,657,1339
2019-09-24T09:45:00+09:00,J4,408,452,860
2019-09-24T10:00:00+09:00,J1,441,396,837
2019-09-24T10:00:00+09:00,J2,342,240,582
2019-09-24T10:00:00+09:00,J3,491,553,1044
2019-09-24T10:00:00+09:00,J4,424,437,861
2019-09-24T10:15:00+09:00,J1,428,410,838
2019-09-24T10:15:00+09:00,J2,390,270,660
2019-09-24T10:15:00+09:00,J3,506,548,1054
2019-09-24T10:15:00+09:00,J4,386,455,841
2019-09-24T10:30:00+09:00,J1,435,403,838
2019-09-24T10:30:00+09:00,J2,478,287,765
2019-09-24T10:30:00+09:00,J3,590,520,1110
2019-09-24T10:30:00+09:00,J4,411,423,834
2019-09-24T10:45:00+09:00,J1,405,381,786
2019-09-24T10:45:00+09:00,J2,468,276,744
2019-09-24T10:45:00+09:00,J3,526,534,1060
2019-09-24T10:45:00+09:00,J4,467,409,876
2019-09-24T11:00:00+09:00,J1,432,377,809
2019-09-24T11:00:00+09:00,J2,477,329,806
2019-09-24T11:00:00+09:00,J3,573,564,1137
2019-09-24T11:00:00+09:00,J4,498,434,932
2019-09-24T11:15:00+09:00,J1,476,443,919
2019-09-24T11:15:00+09:00,J2,514,303,817
2019-09-24T11:15:00+09:00,J3,559,496,1055
2019-09-24T11:15:00+09:00,J4,445,398,843
2019-09-24T11:30:00+09:00,J1,444,442,886
2019-09-24T11:30:00+09:00,J2,493,331,824
2019-09-24T11:30:00+09:00,J3,576,564,1140
2019-09-24T11:30:00+09:00,J4,406,462,868
2019-09-24T11:45:00+09:00,J1,515,474,989
2019-09-24T11:45:00+09:00,J2,488,340,828
2019-09-24T11:45:00+09:00,J3,602,521,1123
2019-09-24T11:45:00+09:00,J4,499,497,996
2019-09-24T12:00:00+09:00,J1,542,479,1021
2019-09-24T12:00:00+09:00,J2,500,386,886
2019-09-24T12:00:00+09:00,J3,568,577,1145
2019-09-24T12:00:00+09:00,J4,493,477,970
2019-09-24T12:15:00+09:00,J1,549,399,948
2019-09-24T12:15:00+09:00,J2,516,543,1059
2019-09-24T12:15:00+09:00,J3,566,545,1111
2019-09-24T12:15:00+09:00,J4,458,444,902
2019-09-24T12:30:00+09:00,J1,513,416,929
2019-09-24T12:30:00+09:00,J2,500,500,1000
2019-09-24T12:30:00+09:00,J3,556,552,1108
2019-09-24T12:30:00+09:00,J4,443,491,934
2019-09-24T12:45:00+09:00,J1,456,372,828
2019-09-24T12:45:00+09:00,J2,580,541,1121
2019-09-24T12:45:00+09:00,J3,492,503,995
2019-09-24T12:45:00+09:00,J4,452,399,851
2019-09-24T13:00:00+09:00,J1,471,379,850
2019-09-24T13:00:00+09:00,J2,509,479,988
2019-09-24T13:00:00+09:00,J3,508,459,967
2019-09-24T13:00:00+09:00,J4,428,359,787
2019-09-24T13:15:00+09:00,J1,486,432,918
2019-09-24T13:15:00+09:00,J2,505,513,1018
2019-09-24T13:15:00+09:00,J3,504,497,1001
2019-09-24T13:15:00+09:00,J4,461,374,835
2019-09-24T13:30:00+09:00,J1,409,387,796
2019-09-24T13:30:00+09:00,J2,485,515,1000
2019-09-24T13:30:00+09:00,J3,474,472,946
2019-09-24T13:30:00+09:00,J4,479,408,887
2019-09-24T13:45:00+09:00,J1,450,409,859
2019-09-24T13:45:00+09:00,J2,535,505,1040
2019-09-24T13:45:00+09:00,J3,401,423,824
2019-09-24T13:45:00+09:00,J4,437,411,848
2019-09-24T14:00:00+09:00,J1,492,442,934
2019-09-24T14:00:00+09:00,J2,545,477,1022
2019-09-24T14:00:00+09:00,J3,449,414,863
2019-09-24T14:00:00+09:00,J4,489,416,905
2019-09-24T14:15:00+09:00,J1,450,432,882
2019-09-24T14:15:00+09:00,J2,511,486,997
2019-09-24T14:15:00+09:00,J3,444,428,872
2019-09-24T14:15:00+09:00,J4,402,317,719
2019-09-24T14:30:00+09:00,J1,458,470,928
2019-09-24T14:30:00+09:00,J2,475,495,970
2019-09-24T14:30:00+09:00,J3,421,437,858
2019-09-24T14:30:00+09:00,J4,411,333,744
2019-09-24T14:45:00+09:00,J1,544,435,979
2019-09-24T14:45:00+09:00,J2,491,512,1003
2019-09-24T14:45:00+09:00,J3,471,439,910
2019-09-24T14:45:00+09:00,J4,426,327,753
2019-09-24T15:00:00+09:00,J1,545,533,1078
2019-09-24T15:00:00+09:00,J2,424,520,944
2019-09-24T15:00:00+09:00,J3,469,467,936
2019-09-24T15:00:00+09:00,J4,390,356,746
2019-09-24T15:15:00+09:00,J1,622,559,1181
2019-09-24T15:15:00+09:00,J2,554,634,1188
2019-09-24T15:15:00+09:00,J3,607,667,1274
2019-09-24T15:15:00+09:00,J4,616,490,1106
2019-09-24T15:30:00+09:00,J1,691,667,1358
2019-09-24T15:30:00+09:00,J2,564,626,1190
2019-09-24T15:30:00+09:00,J3,565,720,1285
2019-09-24T15:30:00+09:00,J4,577,497,1074
2019-09-24T15:45:00+09:00,J1,615,587,1202
2019-09-24T15:45:00+09:00,J2,512,524,1036
2019-09-24T15:45:00+09:00,J3,598,601,1199
2019-09-24T15:45:00+09:00,J4,443,443,886
2019-09-24T16:00:00+09:00,J1,615,589,1204
2019-09-24T16:00:00+09:00,J2,518,449,967
2019-09-24T16:00:00+09:00,J3,556,594,1150
2019-09-24T16:00:00+09:00,J4,491,473,964
2019-09-24T16:15:00+09:00,J1,585,516,1101
2019-09-24T16:15:00+09:00,J2,639,494,1133
2019-09-24T16:15:00+09:00,J3,500,596,1096
2019-09-24T16:15:00+09:00,J4,559,487,1046
2019-09-24T16:30:00+09:00,J1,581,588,1169
2019-09-24T16:30:00+09:00,J2,556,408,964
2019-09-24T16:30:00+09:00,J3,533,619,1152
2019-09-24T16:30:00+09:00,J4,469,395,864
2019-09-24T16:45:00+09:00,J1,603,553,1156
2019-09-24T16:45:00+09:00,J2,518,382,900
2019-09-24T16:45:00+09:00,J3,578,530,1108
2019-09-24T16:45:00+09:00,J4,499,420,919
2019-09-24T17:00:00+09:00,J1,653,594,1247
2019-09-24T17:00:00+09:00,J2,522,512,1034
2019-09-24T17:00:00+09:00,J3,565,589,1154
2019-09-24T17:00:00+09:00,J4,480,409,889
2019-09-24T17:15:00+09:00,J1,652,603,1255
2019-09-24T17:15:00+09:00,J2,635,522,1157
2019-09-24T17:15:00+09:00,J3,663,730,1393
2019-09-24T17:15:00+09:00,J4,527,523,1050
2019-09-24T17:30:00+09:00,J1,676,635,1311
2019-09-24T17:30:00+09:00,J2,661,552,1213
2019-09-24T17:30:00+09:00,J3,806,636,1442
2019-09-24T17:30:00+09:00,J4,666,521,1187
2019-09-24T17:45:00+09:00,J1,751,700,1451
2019-09-24T17:45:00+09:00,J2,650,523,1173
2019-09-24T17:45:00+09:00,J3,823,710,1533
2019-09-24T17:45:00+09:00,J4,752,599,1351
2019-09-24T18:00:00+09:00,J1,778,653,1431
2019-09-24T18:00:00+09:00,J2,670,524,1194
2019-09-24T18:00:00+09:00,J3,825,660,1485
2019-09-24T18:00:00+09:00,J4,764,581,1345
2019-09-24T18:15:00+09:00,J1,728,617,1345
2019-09-24T18:15:00+09:00,J2,648,502,1150
2019-09-24T18:15:00+09:00,J3,886,696,1582
2019-09-24T18:15:00+09:00,J4,789,480,1269
2019-09-24T18:30:00+09:00,J1,677,587,1264
2019-09-24T18:30:00+09:00,J2,557,424,981
2019-09-24T18:30:00+09:00,J3,801,690,1491
2019-09-24T18:30:00+09:00,J4,682,565,1247
2019-09-24T18:45:00+09:00,J1,624,563,1187
2019-09-24T18:45:00+09:00,J2,468,395,863
2019-09-24T18:45:00+09:00,J3,735,648,1383
2019-09-24T18:45:00+09:00,J4,754,520,1274
2019-09-24T19:00:00+09:00,J1,575,588,1163
2019-09-24T19:00:00+09:00,J2,540,359,899
2019-09-24T19:00:00+09:00,J3,751,650,1401
2019-09-24T19:00:00+09:00,J4,739,563,1302
2019-09-24T19:15:00+09:00,J1,556,595,1151
2019-09-24T19:15:00+09:00,J2,525,355,880
2019-09-24T19:15:00+09:00,J3,646,615,1261
2019-09-24T19:15:00+09:00,J4,773,617,1390
2019-09-24T19:30:00+09:00,J1,535,520,1055
2019-09-24T19:30:00+09:00,J2,443,305,748
2019-09-24T19:30:00+09:00,J3,601,602,1203
2019-09-24T19:30:00+09:00,J4,707,613,1320
2019-09-24T19:45:00+09:00,J1,588,604,1192
2019-09-24T19:45:00+09:00,J2,404,343,747
2019-09-24T19:45:00+09:00,J3,569,566,1135
2019-09-24T19:45:00+09:00,J4,746,564,1310
2019-09-24T20:00:00+09:00,J1,456,497,953
2019-09-24T20:00:00+09:00,J2,363,348,711
2019-09-24T20:00:00+09:00,J3,604,591,1195
2019-09-24T20:00:00+09:00,J4,642,615,1257
2019-09-24T20:15:00+09:00,J1,479,442,921
2019-09-24T20:15:00+09:00,J2,382,345,727
2019-09-24T20:15:00+09:00,J3,565,649,1214
2019-09-24T20:15:00+09:00,J4,736,654,1390
2019-09-24T20:30:00+09:00,J1,525,520,1045
2019-09-24T20:30:00+09:00,J2,320,286,606
2019-09-24T20:30:00+09:00,J3,578,549,1127
2019-09-24T20:30:00+09:00,J4,697,643,1340
2019-09-24T20:45:00+09:00,J1,539,567,1106
2019-09-24T20:45:00+09:00,J2,280,249,529
2019-09-24T20:45:00+09:00,J3,586,533,1119
2019-09-24T20:45:00+09:00,J4,703,590,1293
2019-09-24T21:00:00+09:00,J1,531,543,1074
2019-09-24T21:00:00+09:00,J2,314,257,571
2019-09-24T21:00:00+09:00,J3,590,508,1098
2019-09-24T21:00:00+09:00,J4,752,620,1372
2019-09-24T21:15:00+09:00,J1,620,620,1240
2019-09-24T21:15:00+09:00,J2,358,313,671
2019-09-24T21:15:00+09:00,J3,589,531,1120
2019-09-24T21:15:00+09:00,J4,731,594,1325
2019-09-24T21:30:00+09:00,J1,562,537,1099
2019-09-24T21:30:00+09:00,J2,313,251,564
2019-09-24T21:30:00+09:00,J3,548,470,1018
2019-09-24T21:30:00+09:00,J4,720,628,1348
2019-09-24T21:45:00+09:00,J1,579,538,1117
2019-09-24T21:45:00+09:00,J2,309,257,566
2019-09-24T21:45:00+09:00,J3,531,474,1005
2019-09-24T21:45:00+09:00,J4,664,676,1340
2019-09-24T22:00:00+09:00,J1,540,501,1041
2019-09-24T22:00:00+09:00,J2,246,309,555
2019-09-24T22:00:00+09:00,J3,463,437,900
2019-09-24T22:00:00+09:00,J4,660,625,1285
2019-09-24T22:15:00+09:00,J1,350,390,740
2019-09-24T22:15:00+09:00,J2,261,277,538
2019-09-24T22:15:00+09:00,J3,485,439,924
2019-09-24T22:15:00+09:00,J4,712,601,1313
2019-09-24T22:30:00+09:00,J1,370,401,771
2019-09-24T22:30:00+09:00,J2,310,328,638
2019-09-24T22:30:00+09:00,J3,524,449,973
2019-09-24T22:30:00+09:00,J4,609,592,1201
2019-09-24T22:45:00+09:00,J1,423,453,876
2019-09-24T22:45:00+09:00,J2,216,222,438
2019-09-24T22:45:00+09:00,J3,502,420,922
2019-09-24T22:45:00+09:00,J4,660,703,1363
2019-09-24T23:00:00+09:00,J1,515,474,989
2019-09-24T23:00:00+09:00,J2,218,283,501
2019-09-24T23:00:00+09:00,J3,463,413,876
2019-09-24T23:00:00+09:00,J4,631,671,1302
2019-09-24T23:15:00+09:00,J1,504,500,1004
2019-09-24T23:15:00+09:00,J2,248,316,564
2019-09-24T23:15:00+09:00,J3,456,424,880
2019-09-24T23:15:00+09:00,J4,658,663,1321
2019-09-24T23:30:00+09:00,J1,478,447,925
2019-09-24T23:30:00+09:00,J2,210,277,487
2019-09-24T23:30:00+09:00,J3,436,382,818
2019-09-24T23:30:00+09:00,J4,608,618,1226
2019-09-24T23:45:00+09:00,J1,433,374,807
2019-09-24T23:45:00+09:00,J2,215,256,471
2019-09-24T23:45:00+09:00,J3,496,399,895
2019-09-24T23:45:00+09:00,J4,551,517,1068
2019-09-25T00:00:00+09:00,J1,340,340,680
2019-09-25T00:00:00+09:00,J2,222,220,442
2019-09-25T00:00:00+09:00,J3,468,357,825
2019-09-25T00:00:00+09:00,J4,418,494,912
2019-09-25T00:15:00+09:00,J1,131,154,285
2019-09-25T00:15:00+09:00,J2,158,176,334
2019-09-25T00:15:00+09:00,J3,253,214,467
2019-09-25T00:15:00+09:00,J4,454,382,836
2019-09-25T00:30:00+09:00,J1,96,127,223
2019-09-25T00:30:00+09:00,J2,121,173,294
2019-09-25T00:30:00+09:00,J3,305,315,620
2019-09-25T00:30:00+09:00,J4,459,420,879
2019-09-25T00:45:00+09:00,J1,157,156,313
2019-09-25T00:45:00+09:00,J2,158,179,337
2019-09-25T00:45:00+09:00,J3,300,288,588
2019-09-25T00:45:00+09:00,J4,398,378,776
2019-09-25T05:45:00+09:00,J1,291,285,576
2019-09-25T05:45:00+09:00,J2,224,204,428
2019-09-25T05:45:00+09:00,J3,336,306,642
2019-09-25T05:45:00+09:00,J4,611,579,1190
2019-09-25T06:00:00+09:00,J1,260,282,542
2019-09-25T06:00:00+09:00,J2,140,174,314
2019-09-25T06:00:00+09:00,J3,260,233,493
2019-09-25T06:00:00+09:00,J4,346,365,711
2019-09-25T06:15:00+09:00,J1,303,299,602
2019-09-25T06:15:00+09:00,J2,161,183,344
2019-09-25T06:15:00+09:00,J3,233,226,459
2019-09-25T06:15:00+09:00,J4,447,431,878
2019-09-25T06:30:00+09:00,J1,328,317,645
2019-09-25T06:30:00+09:00,J2,163,175,338
2019-09-25T06:30:00+09:00,J3,385,236,621
2019-09-25T06:30:00+09:00,J4,436,416,852
2019-09-25T06:45:00+09:00,J1,453,391,844
2019-09-25T06:45:00+09:00,J2,174,184,358
2019-09-25T06:45:00+09:00,J3,379,296,675
2019-09-25T06:45:00+09:00,J4,469,524,993
2019-09-25T07:00:00+09:00,J1,480,445,925
2019-09-25T07:00:00+09:00,J2,148,183,331
2019-09-25T07:00:00+09:00,J3,388,344,732
2019-09-25T07:00:00+09:00,J4,551,499,1050
2019-09-25T07:15:00+09:00,J1,470,436,906
2019-09-25T07:15:00+09:00,J2,191,167,358
2019-09-25T07:15:00+09:00,J3,450,359,809
2019-09-25T07:15:00+09:00,J4,487,615,1102
2019-09-25T07:30:00+09:00,J1,433,410,843
2019-09-25T07:30:00+09:00,J2,223,245,468
2019-09-25T07:30:00+09:00,J3,602,648,1250
2019-09-25T07:30:00+09:00,J4,561,727,1288
2019-09-25T07:45:00+09:00,J1,546,490,1036
2019-09-25T07:45:00+09:00,J2,289,293,582
2019-09-25T07:45:00+09:00,J3,697,573,1270
2019-09-25T07:45:00+09:00,J4,581,760,1341
2019-09-25T08:00:00+09:00,J1,689,607,1296
2019-09-25T08:00:00+09:00,J2,380,317,697
2019-09-25T08:00:00+09:00,J3,740,674,1414
2019-09-25T08:00:00+09:00,J4,601,950,1551
2019-09-25T08:15:00+09:00,J1,798,592,1390
2019-09-25T08:15:00+09:00,J2,375,291,666
2019-09-25T08:15:00+09:00,J3,758,779,1537
2019-09-25T08:15:00+09:00,J4,658,1000,1658
2019-09-25T08:30:00+09:00,J1,794,602,1396
2019-09-25T08:30:00+09:00,J2,384,300,684
2019-09-25T08:30:00+09:00,J3,767,890,1657
2019-09-25T08:30:00+09:00,J4,694,1055,1749
2019-09-25T08:45:00+09:00,J1,792,583,1375
2019-09-25T08:45:00+09:00,J2,343,248,591
2019-09-25T08:45:00+09:00,J3,707,677,1384
2019-09-25T08:45:00+09:00,J4,601,848,1449
2019-09-25T09:00:00+09:00,J1,609,530,1139
2019-09-25T09:00:00+09:00,J2,313,275,588
2019-09-25T09:00:00+09:00,J3,626,471,1097
2019-09-25T09:00:00+09:00,J4,598,661,1259
2019-09-25T09:15:00+09:00,J1,560,449,1009
2019-09-25T09:15:00+09:00,J2,371,229,600
2019-09-25T09:15:00+09:00,J3,612,478,1090
2019-09-25T09:15:00+09:00,J4,610,765,1375
2019-09-25T09:30:00+09:00,J1,602,464,1066
2019-09-25T09:30:00+09:00,J2,345,245,590
2019-09-25T09:30:00+09:00,J3,623,477,1100
2019-09-25T09:30:00+09:00,J4,629,675,1304
2019-09-25T09:45:00+09:00,J1,512,419,931
2019-09-25T09:45:00+09:00,J2,331,277,608
2019-09-25T09:45:00+09:00,J3,627,468,1095
2019-09-25T09:45:00+09:00,J4,524,604,1128
2019-09-25T10:00:00+09:00,J1,539,496,1035
2019-09-25T10:00:00+09:00,J2,273,252,525
2019-09-25T10:00:00+09:00,J3,547,446,993
2019-09-25T10:00:00+09:00,J4,565,601,1166
2019-09-25T10:15:00+09:00,J1,545,464,1009
2019-09-25T10:15:00+09:00,J2,273,226,499
2019-09-25T10:15:00+09:00,J3,629,514,1143
2019-09-25T10:15:00+09:00,J4,644,627,1271
2019-09-25T10:30:00+09:00,J1,562,477,1039
2019-09-25T10:30:00+09:00,J2,312,253,565
2019-09-25T10:30:00+09:00,J3,664,559,1223
2019-09-25T10:30:00+09:00,J4,684,746,1430
2019-09-25T10:45:00+09:00,J1,629,470,1099
2019-09-25T10:45:00+09:00,J2,313,268,581
2019-09-25T10:45:00+09:00,J3,693,548,1241
2019-09-25T10:45:00+09:00,J4,698,732,1430
2019-09-25T11:00:00+09:00,J1,550,543,1093
2019-09-25T11:00:00+09:00,J2,301,301,602
2019-09-25T11:00:00+09:00,J3,710,606,1316
2019-09-25T11:00:00+09:00,J4,753,715,1468
2019-09-25T11:15:00+09:00,J1,789,669,1458
2019-09-25T11:15:00+09:00,J2,275,294,569
2019-09-25T11:15:00+09:00,J3,644,575,1219
2019-09-25T11:15:00+09:00,J4,696,647,1343
2019-09-25T11:30:00+09:00,J1,756,637,1393
2019-09-25T11:30:00+09:00,J2,346,293,639
2019-09-25T11:30:00+09:00,J3,632,648,1280
2019-09-25T11:30:00+09:00,J4,663,735,1398
2019-09-25T11:45:00+09:00,J1,728,688,1416
2019-09-25T11:45:00+09:00,J2,283,271,554
2019-09-25T11:45:00+09:00,J3,651,615,1266
2019-09-25T11:45:00+09:00,J4,698,681,1379
2019-09-25T12:00:00+09:00,J1,729,591,1320
2019-09-25T12:00:00+09:00,J2,338,336,674
2019-09-25T12:00:00+09:00,J3,753,688,1441
2019-09-25T12:00:00+09:00,J4,719,656,1375
2019-09-25T12:15:00+09:00,J1,654,591,1245
2019-09-25T12:15:00+09:00,J2,343,340,683
2019-09-25T12:15:00+09:00,J3,745,726,1471
2019-09-25T12:15:00+09:00,J4,678,733,1411
2019-09-25T12:30:00+09:00,J1,712,587,1299
2019-09-25T12:30:00+09:00,J2,403,408,811
2019-09-25T12:30:00+09:00,J3,748,718,1466
2019-09-25T12:30:00+09:00,J4,679,694,1373
2019-09-25T12:45:00+09:00,J1,587,536,1123
2019-09-25T12:45:00+09:00,J2,418,347,765
2019-09-25T12:45:00+09:00,J3,754,714,1468
2019-09-25T12:45:00+09:00,J4,729,777,1506
2019-09-25T13:00:00+09:00,J1,574,526,1100
2019-09-25T13:00:00+09:00,J2,360,335,695
2019-09-25T13:00:00+09:00,J3,762,701,1463
2019-09-25T13:00:00+09:00,J4,748,641,1389
2019-09-25T13:15:00+09:00,J1,614,540,1154
2019-09-25T13:15:00+09:00,J2,390,396,786
2019-09-25T13:15:00+09:00,J3,670,668,1338
2019-09-25T13:15:00+09:00,J4,688,738,1426
2019-09-25T13:30:00+09:00,J1,723,642,1365
2019-09-25T13:30:00+09:00,J2,375,385,760
2019-09-25T13:30:00+09:00,J3,695,624,1319
2019-09-25T13:30:00+09:00,J4,740,641,1381
2019-09-25T13:45:00+09:00,J1,543,459,1002
2019-09-25T13:45:00+09:00,J2,326,302,628
2019-09-25T13:45:00+09:00,J3,679,618,1297
2019-09-25T13:45:00+09:00,J4,774,657,1431
2019-09-25T14:00:00+09:00,J1,648,558,1206
2019-09-25T14:00:00+09:00,J2,355,354,709
2019-09-25T14:00:00+09:00,J3,704,620,1324
2019-09-25T14:00:00+09:00,J4,639,653,1292
2019-09-25T14:15:00+09:00,J1,605,553,1158
2019-09-25T14:15:00+09:00,J2,344,288,632
2019-09-25T14:15:00+09:00,J3,673,605,1278
2019-09-25T14:15:00+09:00,J4,710,700,1410
2019-09-25T14:30:00+09:00,J1,645,558,1203
2019-09-25T14:30:00+09:00,J2,350,350,700
2019-09-25T14:30:00+09:00,J3,659,656,1315
2019-09-25T14:30:00+09:00,J4,691,691,1382
2019-09-25T14:45:00+09:00,J1,784,675,1459
2019-09-25T14:45:00+09:00,J2,420,378,798
2019-09-25T14:45:00+09:00,J3,693,649,1342
2019-09-25T14:45:00+09:00,J4,681,577,1258
2019-09-25T15:00:00+09:00,J1,637,589,1226
2019-09-25T15:00:00+09:00,J2,359,352,711
2019-09-25T15:00:00+09:00,J3,674,548,1222
2019-09-25T15:00:00+09:00,J4,698,639,1337
2019-09-25T15:15:00+09:00,J1,669,671,1340
2019-09-25T15:15:00+09:00,J2,327,390,717
2019-09-25T15:15:00+09:00,J3,664,644,1308
2019-09-25T15:15:00+09:00,J4,631,514,1145
2019-09-25T15:30:00+09:00,J1,791,714,1505
2019-09-25T15:30:00+09:00,J2,361,354,715
2019-09-25T15:30:00+09:00,J3,693,563,1256
2019-09-25T15:30:00+09:00,J4,684,586,1270
2019-09-25T15:45:00+09:00,J1,693,655,1348
2019-09-25T15:45:00+09:00,J2,330,336,666
2019-09-25T15:45:00+09:00,J3,674,606,1280
2019-09-25T15:45:00+09:00,J4,667,565,1232
2019-09-25T16:00:00+09:00,J1,629,570,1199
2019-09-25T16:00:00+09:00,J2,339,306,645
2019-09-25T16:00:00+09:00,J3,676,688,1364
2019-09-25T16:00:00+09:00,J4,623,527,1150
2019-09-25T16:15:00+09:00,J1,658,534,1192
2019-09-25T16:15:00+09:00,J2,337,297,634
2019-09-25T16:15:00+09:00,J3,663,665,1328
2019-09-25T16:15:00+09:00,J4,645,515,1160
2019-09-25T16:30:00+09:00,J1,675,594,1269
2019-09-25T16:30:00+09:00,J2,337,275,612
2019-09-25T16:30:00+09:00,J3,608,554,1162
2019-09-25T16:30:00+09:00,J4,655,522,1177
2019-09-25T16:45:00+09:00,J1,694,577,1271
2019-09-25T16:45:00+09:00,J2,355,291,646
2019-09-25T16:45:00+09:00,J3,673,605,1278
2019-09-25T16:45:00+09:00,J4,590,463,1053
2019-09-25T17:00:00+09:00,J1,724,692,1416
2019-09-25T17:00:00+09:00,J2,386,284,670
2019-09-25T17:00:00+09:00,J3,772,702,1474
2019-09-25T17:00:00+09:00,J4,605,459,1064
2019-09-25T17:15:00+09:00,J1,769,655,1424
2019-09-25T17:15:00+09:00,J2,429,323,752
2019-09-25T17:15:00+09:00,J3,787,634,1421
2019-09-25T17:15:00+09:00,J4,731,539,1270
2019-09-25T17:30:00+09:00,J1,813,704,1517
2019-09-25T17:30:00+09:00,J2,458,382,840
2019-09-25T17:30:00+09:00,J3,842,758,1600
2019-09-25T17:30:00+09:00,J4,832,583,1415
2019-09-25T17:45:00+09:00,J1,794,719,1513
2019-09-25T17:45:00+09:00,J2,469,327,796
2019-09-25T17:45:00+09:00,J3,888,751,1639
2019-09-25T17:45:00+09:00,J4,929,675,1604
2019-09-25T18:00:00+09:00,J1,897,787,1684
2019-09-25T18:00:00+09:00,J2,540,354,894
2019-09-25T18:00:00+09:00,J3,986,783,1769
2019-09-25T18:00:00+09:00,J4,947,626,1573
2019-09-25T18:15:00+09:00,J1,899,822,1721
2019-09-25T18:15:00+09:00,J2,471,334,805
2019-09-25T18:15:00+09:00,J3,947,701,1648
2019-09-25T18:15:00+09:00,J4,899,620,1519
2019-09-25T18:30:00+09:00,J1,924,813,1737
2019-09-25T18:30:00+09:00,J2,473,287,760
2019-09-25T18:30:00+09:00,J3,913,664,1577
2019-09-25T18:30:00+09:00,J4,853,599,1452
2019-09-25T18:45:00+09:00,J1,697,742,1439
2019-09-25T18:45:00+09:00,J2,368,287,655
2019-09-25T18:45:00+09:00,J3,854,610,1464
2019-09-25T18:45:00+09:00,J4,811,683,1494
2019-09-25T19:00:00+09:00,J1,701,659,1360
2019-09-25T19:00:00+09:00,J2,372,307,679
2019-09-25T19:00:00+09:00,J3,858,597,1455
2019-09-25T19:00:00+09:00,J4,765,674,1439
2019-09-25T19:15:00+09:00,J1,825,740,1565
2019-09-25T19:15:00+09:00,J2,347,373,720
2019-09-25T19:15:00+09:00,J3,768,562,1330
2019-09-25T19:15:00+09:00,J4,824,560,1384
2019-09-25T19:30:00+09:00,J1,761,750,1511
2019-09-25T19:30:00+09:00,J2,352,355,707
2019-09-25T19:30:00+09:00,J3,699,604,1303
2019-09-25T19:30:00+09:00,J4,662,520,1182
2019-09-25T19:45:00+09:00,J1,804,768,1572
2019-09-25T19:45:00+09:00,J2,288,265,553
2019-09-25T19:45:00+09:00,J3,653,566,1219
2019-09-25T19:45:00+09:00,J4,743,605,1348
2019-09-25T20:00:00+09:00,J1,720,749,1469
2019-09-25T20:00:00+09:00,J2,331,241,572
2019-09-25T20:00:00+09:00,J3,662,553,1215
2019-09-25T20:00:00+09:00,J4,796,714,1510
2019-09-25T20:15:00+09:00,J1,640,671,1311
2019-09-25T20:15:00+09:00,J2,256,260,516
2019-09-25T20:15:00+09:00,J3,601,558,1159
2019-09-25T20:15:00+09:00,J4,790,775,1565
2019-09-25T20:30:00+09:00,J1,609,615,1224
2019-09-25T20:30:00+09:00,J2,360,284,644
2019-09-25T20:30:00+09:00,J3,582,491,1073
2019-09-25T20:30:00+09:00,J4,697,667,1364
2019-09-25T20:45:00+09:00,J1,708,698,1406
2019-09-25T20:45:00+09:00,J2,325,316,641
2019-09-25T20:45:00+09:00,J3,606,495,1101
2019-09-25T20:45:00+09:00,J4,786,722,1508
2019-09-25T21:00:00+09:00,J1,636,641,1277
2019-09-25T21:00:00+09:00,J2,331,281,612
2019-09-25T21:00:00+09:00,J3,626,430,1056
2019-09-25T21:00:00+09:00,J4,862,773,1635
2019-09-25T21:15:00+09:00,J1,636,624,1260
2019-09-25T21:15:00+09:00,J2,269,240,509
2019-09-25T21:15:00+09:00,J3,592,436,1028
2019-09-25T21:15:00+09:00,J4,836,738,1574
2019-09-25T21:30:00+09:00,J1,596,590,1186
2019-09-25T21:30:00+09:00,J2,263,262,525
2019-09-25T21:30:00+09:00,J3,538,397,935
2019-09-25T21:30:00+09:00,J4,855,831,1686
2019-09-25T21:45:00+09:00,J1,541,595,1136
2019-09-25T21:45:00+09:00,J2,191,252,443
2019-09-25T21:45:00+09:00,J3,514,374,888
2019-09-25T21:45:00+09:00,J4,928,886,1814
2019-09-25T22:00:00+09:00,J1,569,585,1154
2019-09-25T22:00:00+09:00,J2,180,214,394
2019-09-25T22:00:00+09:00,J3,491,376,867
2019-09-25T22:00:00+09:00,J4,876,862,1738
2019-09-25T22:15:00+09:00,J1,510,511,1021
2019-09-25T22:15:00+09:00,J2,189,256,445
2019-09-25T22:15:00+09:00,J3,388,377,765
2019-09-25T22:15:00+09:00,J4,952,965,1917
2019-09-25T22:30:00+09:00,J1,545,525,1070
2019-09-25T22:30:00+09:00,J2,229,198,427
2019-09-25T22:30:00+09:00,J3,370,319,689
2019-09-25T22:30:00+09:00,J4,1018,1017,2035
2019-09-25T22:45:00+09:00,J1,526,482,1008
2019-09-25T22:45:00+09:00,J2,259,267,526
2019-09-25T22:45:00+09:00,J3,418,355,773
2019-09-25T22:45:00+09:00,J4,1081,1034,2115
2019-09-25T23:00:00+09:00,J1,503,589,1092
2019-09-25T23:00:00+09:00,J2,301,304,605
2019-09-25T23:00:00+09:00,J3,407,350,757
2019-09-25T23:00:00+09:00,J4,1020,940,1960
2019-09-25T23:15:00+09:00,J1,442,474,916
2019-09-25T23:15:00+09:00,J2,234,177,411
2019-09-25T23:15:00+09:00,J3,335,267,602
2019-09-25T23:15:00+09:00,J4,878,832,1710
2019-09-25T23:30:00+09:00,J1,599,564,1163
2019-09-25T23:30:00+09:00,J2,253,263,516
2019-09-25T23:30:00+09:00,J3,461,400,861
2019-09-25T23:30:00+09:00,J4,1006,968,1974
2019-09-25T23:45:00+09:00,J1,452,474,926
2019-09-25T23:45:00+09:00,J2,193,177,370
2019-09-25T23:45:00+09:00,J3,364,292,656
2019-09-25T23:45:00+09:00,J4,886,853,1739
2019-09-26T00:00:00+09:00,J1,452,458,910
2019-09-26T00:00:00+09:00,J2,196,189,385
2019-09-26T00:00:00+09:00,J3,344,271,615
2019-09-26T00:00:00+09:00,J4,753,752,1505
2019-09-26T00:15:00+09:00,J1,226,207,433
2019-09-26T00:15:00+09:00,J2,199,160,359
2019-09-26T00:15:00+09:00,J3,429,437,866
2019-09-26T00:15:00+09:00,J4,287,308,595
2019-09-26T00:30:00+09:00,J1,148,202,350
2019-09-26T00:30:00+09:00,J2,296,213,509
2019-09-26T00:30:00+09:00,J3,538,479,1017
2019-09-26T00:30:00+09:00,J4,161,176,337
2019-09-26T00:45:00+09:00,J1,127,179,306
2019-09-26T00:45:00+09:00,J2,243,272,515
2019-09-26T00:45:00+09:00,J3,483,470,953
2019-09-26T00:45:00+09:00,J4,184,198,382
2019-09-26T05:45:00+09:00,J1,386,403,789
2019-09-26T05:45:00+09:00,J2,283,251,534
2019-09-26T05:45:00+09:00,J3,435,381,816
2019-09-26T05:45:00+09:00,J4,614,656,1270
2019-09-26T06:00:00+09:00,J1,373,395,768
2019-09-26T06:00:00+09:00,J2,260,261,521
2019-09-26T06:00:00+09:00,J3,374,315,689
2019-09-26T06:00:00+09:00,J4,604,646,1250
2019-09-26T06:15:00+09:00,J1,354,336,690
2019-09-26T06:15:00+09:00,J2,275,211,486
2019-09-26T06:15:00+09:00,J3,359,309,668
2019-09-26T06:15:00+09:00,J4,667,716,1383
2019-09-26T06:30:00+09:00,J1,451,417,868
2019-09-26T06:30:00+09:00,J2,267,212,479
2019-09-26T06:30:00+09:00,J3,318,285,603
2019-09-26T06:30:00+09:00,J4,733,773,1506
2019-09-26T06:45:00+09:00,J1,514,477,991
2019-09-26T06:45:00+09:00,J2,267,214,481
2019-09-26T06:45:00+09:00,J3,418,364,782
2019-09-26T06:45:00+09:00,J4,506,570,1076
2019-09-26T07:00:00+09:00,J1,569,556,1125
2019-09-26T07:00:00+09:00,J2,279,236,515
2019-09-26T07:00:00+09:00,J3,497,460,957
2019-09-26T07:00:00+09:00,J4,652,664,1316
2019-09-26T07:15:00+09:00,J1,617,590,1207
2019-09-26T07:15:00+09:00,J2,333,329,662
2019-09-26T07:15:00+09:00,J3,582,515,1097
2019-09-26T07:15:00+09:00,J4,515,563,1078
2019-09-26T07:30:00+09:00,J1,518,448,966
2019-09-26T07:30:00+09:00,J2,312,260,572
2019-09-26T07:30:00+09:00,J3,491,536,1027
2019-09-26T07:30:00+09:00,J4,507,576,1083
2019-09-26T07:45:00+09:00,J1,617,502,1119
2019-09-26T07:45:00+09:00,J2,317,264,581
2019-09-26T07:45:00+09:00,J3,527,568,1095
2019-09-26T07:45:00+09:00,J4,501,628,1129
2019-09-26T08:00:00+09:00,J1,748,631,1379
2019-09-26T08:00:00+09:00,J2,352,306,658
2019-09-26T08:00:00+09:00,J3,677,792,1469
2019-09-26T08:00:00+09:00,J4,535,796,1331
2019-09-26T08:15:00+09:00,J1,721,649,1370
2019-09-26T08:15:00+09:00,J2,474,298,772
2019-09-26T08:15:00+09:00,J3,733,975,1708
2019-09-26T08:15:00+09:00,J4,634,996,1630
2019-09-26T08:30:00+09:00,J1,753,576,1329
2019-09-26T08:30:00+09:00,J2,482,295,777
2019-09-26T08:30:00+09:00,J3,629,976,1605
2019-09-26T08:30:00+09:00,J4,600,1013,1613
2019-09-26T08:45:00+09:00,J1,634,508,1142
2019-09-26T08:45:00+09:00,J2,429,271,700
2019-09-26T08:45:00+09:00,J3,573,802,1375
2019-09-26T08:45:00+09:00,J4,592,799,1391
2019-09-26T09:00:00+09:00,J1,577,541,1118
2019-09-26T09:00:00+09:00,J2,402,303,705
2019-09-26T09:00:00+09:00,J3,528,561,1089
2019-09-26T09:00:00+09:00,J4,587,693,1280
2019-09-26T09:15:00+09:00,J1,519,478,997
2019-09-26T09:15:00+09:00,J2,381,258,639
2019-09-26T09:15:00+09:00,J3,458,499,957
2019-09-26T09:15:00+09:00,J4,592,746,1338
2019-09-26T09:30:00+09:00,J1,583,486,1069
2019-09-26T09:30:00+09:00,J2,382,244,626
2019-09-26T09:30:00+09:00,J3,517,561,1078
2019-09-26T09:30:00+09:00,J4,581,761,1342
2019-09-26T09:45:00+09:00,J1,505,434,939
2019-09-26T09:45:00+09:00,J2,364,270,634
2019-09-26T09:45:00+09:00,J3,436,459,895
2019-09-26T09:45:00+09:00,J4,563,661,1224
2019-09-26T10:00:00+09:00,J1,516,451,967
2019-09-26T10:00:00+09:00,J2,334,220,554
2019-09-26T10:00:00+09:00,J3,466,428,894
2019-09-26T10:00:00+09:00,J4,548,644,1192
2019-09-26T10:15:00+09:00,J1,473,356,829
2019-09-26T10:15:00+09:00,J2,286,218,504
2019-09-26T10:15:00+09:00,J3,553,469,1022
2019-09-26T10:15:00+09:00,J4,577,679,1256
2019-09-26T10:30:00+09:00,J1,427,396,823
2019-09-26T10:30:00+09:00,J2,274,206,480
2019-09-26T10:30:00+09:00,J3,548,469,1017
2019-09-26T10:30:00+09:00,J4,628,658,1286
2019-09-26T10:45:00+09:00,J1,460,370,830
2019-09-26T10:45:00+09:00,J2,268,258,526
2019-09-26T10:45:00+09:00,J3,605,565,1170
2019-09-26T10:45:00+09:00,J4,605,573,1178
2019-09-26T11:00:00+09:00,J1,469,395,864
2019-09-26T11:00:00+09:00,J2,331,343,674
2019-09-26T11:00:00+09:00,J3,706,620,1326
2019-09-26T11:00:00+09:00,J4,615,563,1178
2019-09-26T11:15:00+09:00,J1,544,408,952
2019-09-26T11:15:00+09:00,J2,373,366,739
2019-09-26T11:15:00+09:00,J3,637,655,1292
2019-09-26T11:15:00+09:00,J4,698,586,1284
2019-09-26T11:30:00+09:00,J1,511,425,936
2019-09-26T11:30:00+09:00,J2,390,296,686
2019-09-26T11:30:00+09:00,J3,621,643,1264
2019-09-26T11:30:00+09:00,J4,592,591,1183
2019-09-26T11:45:00+09:00,J1,497,469,966
2019-09-26T11:45:00+09:00,J2,338,256,594
2019-09-26T11:45:00+09:00,J3,604,660,1264
2019-09-26T11:45:00+09:00,J4,600,493,1093
2019-09-26T12:00:00+09:00,J1,523,428,951
2019-09-26T12:00:00+09:00,J2,399,293,692
2019-09-26T12:00:00+09:00,J3,655,688,1343
2019-09-26T12:00:00+09:00,J4,591,511,1102
2019-09-26T12:15:00+09:00,J1,544,426,970
2019-09-26T12:15:00+09:00,J2,448,244,692
2019-09-26T12:15:00+09:00,J3,553,677,1230
2019-09-26T12:15:00+09:00,J4,587,541,1128
2019-09-26T12:30:00+09:00,J1,566,403,969
2019-09-26T12:30:00+09:00,J2,451,223,674
2019-09-26T12:30:00+09:00,J3,641,642,1283
2019-09-26T12:30:00+09:00,J4,495,476,971
2019-09-26T12:45:00+09:00,J1,548,426,974
2019-09-26T12:45:00+09:00,J2,384,215,599
2019-09-26T12:45:00+09:00,J3,604,581,1185
2019-09-26T12:45:00+09:00,J4,484,431,915
2019-09-26T13:00:00+09:00,J1,494,405,899
2019-09-26T13:00:00+09:00,J2,479,247,726
2019-09-26T13:00:00+09:00,J3,572,544,1116
2019-09-26T13:00:00+09:00,J4,525,454,979
2019-09-26T13:15:00+09:00,J1,448,392,840
2019-09-26T13:15:00+09:00,J2,438,285,723
2019-09-26T13:15:00+09:00,J3,603,541,1144
2019-09-26T13:15:00+09:00,J4,496,491,987
2019-09-26T13:30:00+09:00,J1,460,395,855
2019-09-26T13:30:00+09:00,J2,406,288,694
2019-09-26T13:30:00+09:00,J3,637,575,1212
2019-09-26T13:30:00+09:00,J4,531,491,1022
2019-09-26T13:45:00+09:00,J1,490,416,906
2019-09-26T13:45:00+09:00,J2,429,271,700
2019-09-26T13:45:00+09:00,J3,648,631,1279
2019-09-26T13:45:00+09:00,J4,514,512,1026
2019-09-26T14:00:00+09:00,J1,473,408,881
2019-09-26T14:00:00+09:00,J2,475,331,806
2019-09-26T14:00:00+09:00,J3,689,624,1313
2019-09-26T14:00:00+09:00,J4,482,482,964
2019-09-26T14:15:00+09:00,J1,595,482,1077
2019-09-26T14:15:00+09:00,J2,442,322,764
2019-09-26T14:15:00+09:00,J3,680,604,1284
2019-09-26T14:15:00+09:00,J4,449,412,861
2019-09-26T14:30:00+09:00,J1,497,451,948
2019-09-26T14:30:00+09:00,J2,440,305,745
2019-09-26T14:30:00+09:00,J3,564,664,1228
2019-09-26T14:30:00+09:00,J4,465,426,891
2019-09-26T14:45:00+09:00,J1,522,380,902
2019-09-26T14:45:00+09:00,J2,439,305,744
2019-09-26T14:45:00+09:00,J3,606,616,1222
2019-09-26T14:45:00+09:00,J4,456,443,899
2019-09-26T15:00:00+09:00,J1,479,455,934
2019-09-26T15:00:00+09:00,J2,336,385,721
2019-09-26T15:00:00+09:00,J3,593,585,1178
2019-09-26T15:00:00+09:00,J4,449,361,810
2019-09-26T15:15:00+09:00,J1,463,438,901
2019-09-26T15:15:00+09:00,J2,417,332,749
2019-09-26T15:15:00+09:00,J3,591,679,1270
2019-09-26T15:15:00+09:00,J4,412,363,775
2019-09-26T15:30:00+09:00,J1,478,484,962
2019-09-26T15:30:00+09:00,J2,416,318,734
2019-09-26T15:30:00+09:00,J3,607,635,1242
2019-09-26T15:30:00+09:00,J4,410,412,822
2019-09-26T15:45:00+09:00,J1,489,465,954
2019-09-26T15:45:00+09:00,J2,410,326,736
2019-09-26T15:45:00+09:00,J3,586,634,1220
2019-09-26T15:45:00+09:00,J4,451,410,861
2019-09-26T16:00:00+09:00,J1,524,513,1037
2019-09-26T16:00:00+09:00,J2,464,282,746
2019-09-26T16:00:00+09:00,J3,610,652,1262
2019-09-26T16:00:00+09:00,J4,455,416,871
2019-09-26T16:15:00+09:00,J1,567,531,1098
2019-09-26T16:15:00+09:00,J2,427,323,750
2019-09-26T16:15:00+09:00,J3,589,619,1208
2019-09-26T16:15:00+09:00,J4,501,371,872
2019-09-26T16:30:00+09:00,J1,571,507,1078
2019-09-26T16:30:00+09:00,J2,441,334,775
2019-09-26T16:30:00+09:00,J3,609,634,1243
2019-09-26T16:30:00+09:00,J4,494,367,861
2019-09-26T16:45:00+09:00,J1,580,517,1097
2019-09-26T16:45:00+09:00,J2,429,342,771
2019-09-26T16:45:00+09:00,J3,602,637,1239
2019-09-26T16:45:00+09:00,J4,521,444,965
2019-09-26T17:00:00+09:00,J1,658,535,1193
2019-09-26T17:00:00+09:00,J2,408,376,784
2019-09-26T17:00:00+09:00,J3,666,684,1350
2019-09-26T17:00:00+09:00,J4,480,412,892
2019-09-26T17:15:00+09:00,J1,662,565,1227
2019-09-26T17:15:00+09:00,J2,467,381,848
2019-09-26T17:15:00+09:00,J3,727,711,1438
2019-09-26T17:15:00+09:00,J4,539,377,916
2019-09-26T17:30:00+09:00,J1,631,627,1258
2019-09-26T17:30:00+09:00,J2,469,399,868
2019-09-26T17:30:00+09:00,J3,823,708,1531
2019-09-26T17:30:00+09:00,J4,620,424,1044
2019-09-26T17:45:00+09:00,J1,678,610,1288
2019-09-26T17:45:00+09:00,J2,452,373,825
2019-09-26T17:45:00+09:00,J3,797,715,1512
2019-09-26T17:45:00+09:00,J4,628,447,1075
2019-09-26T18:00:00+09:00,J1,696,561,1257
2019-09-26T18:00:00+09:00,J2,504,393,897
2019-09-26T18:00:00+09:00,J3,885,694,1579
2019-09-26T18:00:00+09:00,J4,624,416,1040
2019-09-26T18:15:00+09:00,J1,643,589,1232
2019-09-26T18:15:00+09:00,J2,498,377,875
2019-09-26T18:15:00+09:00,J3,841,529,1370
2019-09-26T18:15:00+09:00,J4,660,389,1049
2019-09-26T18:30:00+09:00,J1,641,485,1126
2019-09-26T18:30:00+09:00,J2,436,364,800
2019-09-26T18:30:00+09:00,J3,732,535,1267
2019-09-26T18:30:00+09:00,J4,587,346,933
2019-09-26T18:45:00+09:00,J1,552,414,966
2019-09-26T18:45:00+09:00,J2,476,350,826
2019-09-26T18:45:00+09:00,J3,633,446,1079
2019-09-26T18:45:00+09:00,J4,554,367,921
2019-09-26T19:00:00+09:00,J1,543,414,957
2019-09-26T19:00:00+09:00,J2,402,308,710
2019-09-26T19:00:00+09:00,J3,614,456,1070
2019-09-26T19:00:00+09:00,J4,524,370,894
2019-09-26T19:15:00+09:00,J1,512,498,1010
2019-09-26T19:15:00+09:00,J2,379,315,694
2019-09-26T19:15:00+09:00,J3,587,494,1081
2019-09-26T19:15:00+09:00,J4,481,375,856
2019-09-26T19:30:00+09:00,J1,544,454,998
2019-09-26T19:30:00+09:00,J2,338,316,654
2019-09-26T19:30:00+09:00,J3,596,511,1107
2019-09-26T19:30:00+09:00,J4,477,356,833
2019-09-26T19:45:00+09:00,J1,475,471,946
2019-09-26T19:45:00+09:00,J2,351,314,665
2019-09-26T19:45:00+09:00,J3,579,445,1024
2019-09-26T19:45:00+09:00,J4,592,432,1024
2019-09-26T20:00:00+09:00,J1,435,418,853
2019-09-26T20:00:00+09:00,J2,301,299,600
2019-09-26T20:00:00+09:00,J3,524,524,1048
2019-09-26T20:00:00+09:00,J4,554,494,1048
2019-09-26T20:15:00+09:00,J1,417,422,839
2019-09-26T20:15:00+09:00,J2,294,263,557
2019-09-26T20:15:00+09:00,J3,621,488,1109
2019-09-26T20:15:00+09:00,J4,613,463,1076
2019-09-26T20:30:00+09:00,J1,452,412,864
2019-09-26T20:30:00+09:00,J2,336,268,604
2019-09-26T20:30:00+09:00,J3,575,469,1044
2019-09-26T20:30:00+09:00,J4,541,465,1006
2019-09-26T20:45:00+09:00,J1,478,418,896
2019-09-26T20:45:00+09:00,J2,320,253,573
2019-09-26T20:45:00+09:00,J3,533,486,1019
2019-09-26T20:45:00+09:00,J4,632,534,1166
2019-09-26T21:00:00+09:00,J1,509,451,960
2019-09-26T21:00:00+09:00,J2,266,237,503
2019-09-26T21:00:00+09:00,J3,563,432,995
2019-09-26T21:00:00+09:00,J4,628,564,1192
2019-09-26T21:15:00+09:00,J1,441,435,876
2019-09-26T21:15:00+09:00,J2,308,203,511
2019-09-26T21:15:00+09:00,J3,471,408,879
2019-09-26T21:15:00+09:00,J4,575,490,1065
2019-09-26T21:30:00+09:00,J1,413,436,849
2019-09-26T21:30:00+09:00,J2,297,152,449
2019-09-26T21:30:00+09:00,J3,487,393,880
2019-09-26T21:30:00+09:00,J4,668,569,1237
2019-09-26T21:45:00+09:00,J1,434,473,907
2019-09-26T21:45:00+09:00,J2,294,158,452
2019-09-26T21:45:00+09:00,J3,497,405,902
2019-09-26T21:45:00+09:00,J4,598,558,1156
2019-09-26T22:00:00+09:00,J1,422,441,863
2019-09-26T22:00:00+09:00,J2,258,176,434
2019-09-26T22:00:00+09:00,J3,462,359,821
2019-09-26T22:00:00+09:00,J4,588,541,1129
2019-09-26T22:15:00+09:00,J1,450,472,922
2019-09-26T22:15:00+09:00,J2,205,202,407
2019-09-26T22:15:00+09:00,J3,478,388,866
2019-09-26T22:15:00+09:00,J4,574,518,1092
2019-09-26T22:30:00+09:00,J1,420,401,821
2019-09-26T22:30:00+09:00,J2,210,148,358
2019-09-26T22:30:00+09:00,J3,412,389,801
2019-09-26T22:30:00+09:00,J4,578,539,1117
2019-09-26T22:45:00+09:00,J1,420,416,836
2019-09-26T22:45:00+09:00,J2,212,176,388
2019-09-26T22:45:00+09:00,J3,448,393,841
2019-09-26T22:45:00+09:00,J4,626,571,1197
2019-09-26T23:00:00+09:00,J1,446,405,851
2019-09-26T23:00:00+09:00,J2,219,193,412
2019-09-26T23:00:00+09:00,J3,475,369,844
2019-09-26T23:00:00+09:00,J4,662,620,1282
2019-09-26T23:15:00+09:00,J1,363,396,759
2019-09-26T23:15:00+09:00,J2,167,154,321
2019-09-26T23:15:00+09:00,J3,405,358,763
2019-09-26T23:15:00+09:00,J4,672,729,1401
2019-09-26T23:30:00+09:00,J1,418,444,862
2019-09-26T23:30:00+09:00,J2,194,162,356
2019-09-26T23:30:00+09:00,J3,472,418,890
2019-09-26T23:30:00+09:00,J4,617,620,1237
2019-09-26T23:45:00+09:00,J1,345,370,715
2019-09-26T23:45:00+09:00,J2,205,194,399
2019-09-26T23:45:00+09:00,J3,426,339,765
2019-09-26T23:45:00+09:00,J4,610,610,1220
2019-09-27T00:00:00+09:00,J1,282,222,504
2019-09-27T00:00:00+09:00,J2,160,119,279
2019-09-27T00:00:00+09:00,J3,346,293,639
2019-09-27T00:00:00+09:00,J4,610,664,1274
2019-09-27T00:15:00+09:00,J1,173,160,333
2019-09-27T00:15:00+09:00,J2,157,120,277
2019-09-27T00:15:00+09:00,J3,282,259,541
2019-09-27T00:15:00+09:00,J4,355,362,717
2019-09-27T00:30:00+09:00,J1,159,183,342
2019-09-27T00:30:00+09:00,J2,183,173,356
2019-09-27T00:30:00+09:00,J3,259,199,458
2019-09-27T00:30:00+09:00,J4,296,312,608
2019-09-27T00:45:00+09:00,J1,187,136,323
2019-09-27T00:45:00+09:00,J2,192,197,389
2019-09-27T00:45:00+09:00,J3,211,200,411
2019-09-27T00:45:00+09:00,J4,358,348,706
2019-09-27T05:45:00+09:00,J1,277,257,534
2019-09-27T05:45:00+09:00,J2,203,177,380
2019-09-27T05:45:00+09:00,J3,289,230,519
2019-09-27T05:45:00+09:00,J4,626,568,1194
2019-09-27T06:00:00+09:00,J1,266,237,503
2019-09-27T06:00:00+09:00,J2,196,199,395
2019-09-27T06:00:00+09:00,J3,360,241,601
2019-09-27T06:00:00+09:00,J4,635,693,1328
2019-09-27T06:15:00+09:00,J1,356,304,660
2019-09-27T06:15:00+09:00,J2,192,244,436
2019-09-27T06:15:00+09:00,J3,329,258,587
2019-09-27T06:15:00+09:00,J4,566,593,1159
2019-09-27T06:30:00+09:00,J1,305,350,655
2019-09-27T06:30:00+09:00,J2,187,213,400
2019-09-27T06:30:00+09:00,J3,350,289,639
2019-09-27T06:30:00+09:00,J4,545,567,1112
2019-09-27T06:45:00+09:00,J1,376,322,698
2019-09-27T06:45:00+09:00,J2,210,199,409
2019-09-27T06:45:00+09:00,J3,443,367,810
2019-09-27T06:45:00+09:00,J4,567,587,1154
2019-09-27T07:00:00+09:00,J1,395,412,807
2019-09-27T07:00:00+09:00,J2,211,265,476
2019-09-27T07:00:00+09:00,J3,418,333,751
2019-09-27T07:00:00+09:00,J4,590,649,1239
2019-09-27T07:15:00+09:00,J1,467,379,846
2019-09-27T07:15:00+09:00,J2,255,265,520
2019-09-27T07:15:00+09:00,J3,529,456,985
2019-09-27T07:15:00+09:00,J4,553,709,1262
2019-09-27T07:30:00+09:00,J1,399,345,744
2019-09-27T07:30:00+09:00,J2,260,265,525
2019-09-27T07:30:00+09:00,J3,616,662,1278
2019-09-27T07:30:00+09:00,J4,544,656,1200
2019-09-27T07:45:00+09:00,J1,472,429,901
2019-09-27T07:45:00+09:00,J2,354,282,636
2019-09-27T07:45:00+09:00,J3,664,724,1388
2019-09-27T07:45:00+09:00,J4,626,775,1401
2019-09-27T08:00:00+09:00,J1,605,487,1092
2019-09-27T08:00:00+09:00,J2,417,263,680
2019-09-27T08:00:00+09:00,J3,739,851,1590
2019-09-27T08:00:00+09:00,J4,563,770,1333
2019-09-27T08:15:00+09:00,J1,704,518,1222
2019-09-27T08:15:00+09:00,J2,506,266,772
2019-09-27T08:15:00+09:00,J3,755,1022,1777
2019-09-27T08:15:00+09:00,J4,485,863,1348
2019-09-27T08:30:00+09:00,J1,762,533,1295
2019-09-27T08:30:00+09:00,J2,502,260,762
2019-09-27T08:30:00+09:00,J3,640,997,1637
2019-09-27T08:30:00+09:00,J4,463,827,1290
2019-09-27T08:45:00+09:00,J1,658,469,1127
2019-09-27T08:45:00+09:00,J2,448,259,707
2019-09-27T08:45:00+09:00,J3,614,848,1462
2019-09-27T08:45:00+09:00,J4,300,614,914
2019-09-27T09:00:00+09:00,J1,599,502,1101
2019-09-27T09:00:00+09:00,J2,351,198,549
2019-09-27T09:00:00+09:00,J3,586,657,1243
2019-09-27T09:00:00+09:00,J4,270,440,710
2019-09-27T09:15:00+09:00,J1,540,421,961
2019-09-27T09:15:00+09:00,J2,368,180,548
2019-09-27T09:15:00+09:00,J3,587,613,1200
2019-09-27T09:15:00+09:00,J4,282,416,698
2019-09-27T09:30:00+09:00,J1,517,445,962
2019-09-27T09:30:00+09:00,J2,400,232,632
2019-09-27T09:30:00+09:00,J3,593,650,1243
2019-09-27T09:30:00+09:00,J4,349,419,768
2019-09-27T09:45:00+09:00,J1,484,363,847
2019-09-27T09:45:00+09:00,J2,381,247,628
2019-09-27T09:45:00+09:00,J3,607,594,1201
2019-09-27T09:45:00+09:00,J4,355,361,716
2019-09-27T10:00:00+09:00,J1,488,415,903
2019-09-27T10:00:00+09:00,J2,360,249,609
2019-09-27T10:00:00+09:00,J3,550,526,1076
2019-09-27T10:00:00+09:00,J4,293,318,611
2019-09-27T10:15:00+09:00,J1,470,394,864
2019-09-27T10:15:00+09:00,J2,369,265,634
2019-09-27T10:15:00+09:00,J3,541,438,979
2019-09-27T10:15:00+09:00,J4,310,313,623
2019-09-27T10:30:00+09:00,J1,459,352,811
2019-09-27T10:30:00+09:00,J2,408,275,683
2019-09-27T10:30:00+09:00,J3,419,485,904
2019-09-27T10:30:00+09:00,J4,332,376,708
2019-09-27T10:45:00+09:00,J1,499,393,892
2019-09-27T10:45:00+09:00,J2,437,344,781
2019-09-27T10:45:00+09:00,J3,536,490,1026
2019-09-27T10:45:00+09:00,J4,439,410,849
2019-09-27T11:00:00+09:00,J1,483,316,799
2019-09-27T11:00:00+09:00,J2,379,316,695
2019-09-27T11:00:00+09:00,J3,464,471,935
2019-09-27T11:00:00+09:00,J4,402,427,829
2019-09-27T11:15:00+09:00,J1,561,448,1009
2019-09-27T11:15:00+09:00,J2,304,341,645
2019-09-27T11:15:00+09:00,J3,449,489,938
2019-09-27T11:15:00+09:00,J4,414,380,794
2019-09-27T11:30:00+09:00,J1,559,516,1075
2019-09-27T11:30:00+09:00,J2,375,367,742
2019-09-27T11:30:00+09:00,J3,449,463,912
2019-09-27T11:30:00+09:00,J4,394,379,773
2019-09-27T11:45:00+09:00,J1,542,451,993
2019-09-27T11:45:00+09:00,J2,376,362,738
2019-09-27T11:45:00+09:00,J3,491,452,943
2019-09-27T11:45:00+09:00,J4,421,353,774
2019-09-27T12:00:00+09:00,J1,597,519,1116
2019-09-27T12:00:00+09:00,J2,419,343,762
2019-09-27T12:00:00+09:00,J3,556,534,1090
2019-09-27T12:00:00+09:00,J4,488,409,897
2019-09-27T12:15:00+09:00,J1,605,495,1100
2019-09-27T12:15:00+09:00,J2,441,336,777
2019-09-27T12:15:00+09:00,J3,516,542,1058
2019-09-27T12:15:00+09:00,J4,538,426,964
2019-09-27T12:30:00+09:00,J1,620,499,1119
2019-09-27T12:30:00+09:00,J2,405,312,717
2019-09-27T12:30:00+09:00,J3,596,579,1175
2019-09-27T12:30:00+09:00,J4,566,482,1048
2019-09-27T12:45:00+09:00,J1,633,562,1195
2019-09-27T12:45:00+09:00,J2,377,346,723
2019-09-27T12:45:00+09:00,J3,500,559,1059
2019-09-27T12:45:00+09:00,J4,705,528,1233
2019-09-27T13:00:00+09:00,J1,587,517,1104
2019-09-27T13:00:00+09:00,J2,430,363,793
2019-09-27T13:00:00+09:00,J3,523,561,1084
2019-09-27T13:00:00+09:00,J4,624,416,1040
2019-09-27T13:15:00+09:00,J1,596,539,1135
2019-09-27T13:15:00+09:00,J2,426,398,824
2019-09-27T13:15:00+09:00,J3,494,499,993
2019-09-27T13:15:00+09:00,J4,524,407,931
2019-09-27T13:30:00+09:00,J1,588,540,1128
2019-09-27T13:30:00+09:00,J2,354,353,707
2019-09-27T13:30:00+09:00,J3,529,566,1095
2019-09-27T13:30:00+09:00,J4,548,447,995
2019-09-27T13:45:00+09:00,J1,567,456,1023
2019-09-27T13:45:00+09:00,J2,420,355,775
2019-09-27T13:45:00+09:00,J3,462,581,1043
2019-09-27T13:45:00+09:00,J4,545,446,991
2019-09-27T14:00:00+09:00,J1,541,518,1059
2019-09-27T14:00:00+09:00,J2,424,361,785
2019-09-27T14:00:00+09:00,J3,518,550,1068
2019-09-27T14:00:00+09:00,J4,529,419,948
2019-09-27T14:15:00+09:00,J1,586,539,1125
2019-09-27T14:15:00+09:00,J2,400,315,715
2019-09-27T14:15:00+09:00,J3,582,554,1136
2019-09-27T14:15:00+09:00,J4,496,428,924
2019-09-27T14:30:00+09:00,J1,613,517,1130
2019-09-27T14:30:00+09:00,J2,434,357,791
2019-09-27T14:30:00+09:00,J3,544,568,1112
2019-09-27T14:30:00+09:00,J4,479,377,856
2019-09-27T14:45:00+09:00,J1,563,526,1089
2019-09-27T14:45:00+09:00,J2,461,320,781
2019-09-27T14:45:00+09:00,J3,576,503,1079
2019-09-27T14:45:00+09:00,J4,522,411,933
2019-09-27T15:00:00+09:00,J1,601,525,1126
2019-09-27T15:00:00+09:00,J2,478,354,832
2019-09-27T15:00:00+09:00,J3,598,499,1097
2019-09-27T15:00:00+09:00,J4,515,388,903
2019-09-27T15:15:00+09:00,J1,546,514,1060
2019-09-27T15:15:00+09:00,J2,432,313,745
2019-09-27T15:15:00+09:00,J3,607,555,1162
2019-09-27T15:15:00+09:00,J4,500,426,926
2019-09-27T15:30:00+09:00,J1,557,478,1035
2019-09-27T15:30:00+09:00,J2,483,332,815
2019-09-27T15:30:00+09:00,J3,554,536,1090
2019-09-27T15:30:00+09:00,J4,449,395,844
2019-09-27T15:45:00+09:00,J1,621,511,1132
2019-09-27T15:45:00+09:00,J2,444,364,808
2019-09-27T15:45:00+09:00,J3,573,568,1141
2019-09-27T15:45:00+09:00,J4,464,438,902
2019-09-27T16:00:00+09:00,J1,593,489,1082
2019-09-27T16:00:00+09:00,J2,483,335,818
2019-09-27T16:00:00+09:00,J3,655,537,1192
2019-09-27T16:00:00+09:00,J4,391,388,779
2019-09-27T16:15:00+09:00,J1,571,527,1098
2019-09-27T16:15:00+09:00,J2,520,312,832
2019-09-27T16:15:00+09:00,J3,608,552,1160
2019-09-27T16:15:00+09:00,J4,502,427,929
2019-09-27T16:30:00+09:00,J1,576,529,1105
2019-09-27T16:30:00+09:00,J2,459,318,777
2019-09-27T16:30:00+09:00,J3,601,579,1180
2019-09-27T16:30:00+09:00,J4,548,436,984
2019-09-27T16:45:00+09:00,J1,568,476,1044
2019-09-27T16:45:00+09:00,J2,482,316,798
2019-09-27T16:45:00+09:00,J3,624,561,1185
2019-09-27T16:45:00+09:00,J4,516,389,905
2019-09-27T17:00:00+09:00,J1,624,606,1230
2019-09-27T17:00:00+09:00,J2,503,387,890
2019-09-27T17:00:00+09:00,J3,692,635,1327
2019-09-27T17:00:00+09:00,J4,508,455,963
2019-09-27T17:15:00+09:00,J1,675,590,1265
2019-09-27T17:15:00+09:00,J2,477,294,771
2019-09-27T17:15:00+09:00,J3,805,626,1431
2019-09-27T17:15:00+09:00,J4,641,402,1043
2019-09-27T17:30:00+09:00,J1,693,627,1320
2019-09-27T17:30:00+09:00,J2,617,361,978
2019-09-27T17:30:00+09:00,J3,895,780,1675
2019-09-27T17:30:00+09:00,J4,661,462,1123
2019-09-27T17:45:00+09:00,J1,731,633,1364
2019-09-27T17:45:00+09:00,J2,603,345,948
2019-09-27T17:45:00+09:00,J3,913,724,1637
2019-09-27T17:45:00+09:00,J4,709,448,1157
2019-09-27T18:00:00+09:00,J1,712,696,1408
2019-09-27T18:00:00+09:00,J2,635,352,987
2019-09-27T18:00:00+09:00,J3,980,691,1671
2019-09-27T18:00:00+09:00,J4,694,444,1138
2019-09-27T18:15:00+09:00,J1,781,634,1415
2019-09-27T18:15:00+09:00,J2,594,377,971
2019-09-27T18:15:00+09:00,J3,878,778,1656
2019-09-27T18:15:00+09:00,J4,756,479,1235
2019-09-27T18:30:00+09:00,J1,686,557,1243
2019-09-27T18:30:00+09:00,J2,524,327,851
2019-09-27T18:30:00+09:00,J3,821,667,1488
2019-09-27T18:30:00+09:00,J4,640,456,1096
2019-09-27T18:45:00+09:00,J1,701,534,1235
2019-09-27T18:45:00+09:00,J2,573,324,897
2019-09-27T18:45:00+09:00,J3,718,680,1398
2019-09-27T18:45:00+09:00,J4,585,473,1058
2019-09-27T19:00:00+09:00,J1,619,555,1174
2019-09-27T19:00:00+09:00,J2,482,262,744
2019-09-27T19:00:00+09:00,J3,761,569,1330
2019-09-27T19:00:00+09:00,J4,698,541,1239
2019-09-27T19:15:00+09:00,J1,559,569,1128
2019-09-27T19:15:00+09:00,J2,519,288,807
2019-09-27T19:15:00+09:00,J3,743,647,1390
2019-09-27T19:15:00+09:00,J4,700,604,1304
2019-09-27T19:30:00+09:00,J1,624,516,1140
2019-09-27T19:30:00+09:00,J2,444,258,702
2019-09-27T19:30:00+09:00,J3,659,549,1208
2019-09-27T19:30:00+09:00,J4,687,591,1278
2019-09-27T19:45:00+09:00,J1,542,451,993
2019-09-27T19:45:00+09:00,J2,393,274,667
2019-09-27T19:45:00+09:00,J3,567,584,1151
2019-09-27T19:45:00+09:00,J4,680,561,1241
2019-09-27T20:00:00+09:00,J1,453,396,849
2019-09-27T20:00:00+09:00,J2,390,251,641
2019-09-27T20:00:00+09:00,J3,618,548,1166
2019-09-27T20:00:00+09:00,J4,770,592,1362
2019-09-27T20:15:00+09:00,J1,485,460,945
2019-09-27T20:15:00+09:00,J2,375,258,633
2019-09-27T20:15:00+09:00,J3,555,615,1170
2019-09-27T20:15:00+09:00,J4,772,690,1462
2019-09-27T20:30:00+09:00,J1,509,447,956
2019-09-27T20:30:00+09:00,J2,295,217,512
2019-09-27T20:30:00+09:00,J3,532,585,1117
2019-09-27T20:30:00+09:00,J4,681,606,1287
2019-09-27T20:45:00+09:00,J1,510,454,964
2019-09-27T20:45:00+09:00,J2,295,196,491
2019-09-27T20:45:00+09:00,J3,543,515,1058
2019-09-27T20:45:00+09:00,J4,750,565,1315
2019-09-27T21:00:00+09:00,J1,601,520,1121
2019-09-27T21:00:00+09:00,J2,303,212,515
2019-09-27T21:00:00+09:00,J3,611,576,1187
2019-09-27T21:00:00+09:00,J4,771,701,1472
2019-09-27T21:15:00+09:00,J1,620,561,1181
2019-09-27T21:15:00+09:00,J2,307,186,493
2019-09-27T21:15:00+09:00,J3,586,532,1118
2019-09-27T21:15:00+09:00,J4,744,646,1390
2019-09-27T21:30:00+09:00,J1,545,521,1066
2019-09-27T21:30:00+09:00,J2,283,244,527
2019-09-27T21:30:00+09:00,J3,542,512,1054
2019-09-27T21:30:00+09:00,J4,803,718,1521
2019-09-27T21:45:00+09:00,J1,530,515,1045
2019-09-27T21:45:00+09:00,J2,282,187,469
2019-09-27T21:45:00+09:00,J3,539,444,983
2019-09-27T21:45:00+09:00,J4,805,753,1558
2019-09-27T22:00:00+09:00,J1,603,558,1161
2019-09-27T22:00:00+09:00,J2,238,173,411
2019-09-27T22:00:00+09:00,J3,520,464,984
2019-09-27T22:00:00+09:00,J4,826,758,1584
2019-09-27T22:15:00+09:00,J1,494,466,960
2019-09-27T22:15:00+09:00,J2,203,178,381
2019-09-27T22:15:00+09:00,J3,451,408,859
2019-09-27T22:15:00+09:00,J4,787,784,1571
2019-09-27T22:30:00+09:00,J1,495,519,1014
2019-09-27T22:30:00+09:00,J2,244,249,493
2019-09-27T22:30:00+09:00,J3,485,467,952
2019-09-27T22:30:00+09:00,J4,820,818,1638
2019-09-27T22:45:00+09:00,J1,595,645,1240
2019-09-27T22:45:00+09:00,J2,277,271,548
2019-09-27T22:45:00+09:00,J3,559,503,1062
2019-09-27T22:45:00+09:00,J4,801,783,1584
2019-09-27T23:00:00+09:00,J1,530,524,1054
2019-09-27T23:00:00+09:00,J2,237,236,473
2019-09-27T23:00:00+09:00,J3,507,484,991
2019-09-27T23:00:00+09:00,J4,811,845,1656
2019-09-27T23:15:00+09:00,J1,540,530,1070
2019-09-27T23:15:00+09:00,J2,277,271,548
2019-09-27T23:15:00+09:00,J3,508,476,984
2019-09-27T23:15:00+09:00,J4,842,845,1687
2019-09-27T23:30:00+09:00,J1,533,528,1061
2019-09-27T23:30:00+09:00,J2,199,165,364
2019-09-27T23:30:00+09:00,J3,532,464,996
2019-09-27T23:30:00+09:00,J4,806,793,1599
2019-09-27T23:45:00+09:00,J1,490,503,993
2019-09-27T23:45:00+09:00,J2,214,178,392
2019-09-27T23:45:00+09:00,J3,465,433,898
2019-09-27T23:45:00+09:00,J4,805,732,1537
2019-09-28T00:00:00+09:00,J1,381,450,831
2019-09-28T00:00:00+09:00,J2,190,148,338
2019-09-28T00:00:00+09:00,J3,471,399,870
2019-09-28T00:00:00+09:00,J4,682,752,1434
2019-09-28T00:15:00+09:00,J1,211,206,417
2019-09-28T00:15:00+09:00,J2,200,218,418
2019-09-28T00:15:00+09:00,J3,296,272,568
2019-09-28T00:15:00+09:00,J4,440,370,810
2019-09-28T00:30:00+09:00,J1,113,89,202
2019-09-28T00:30:00+09:00,J2,165,212,377
2019-09-28T00:30:00+09:00,J3,365,371,736
2019-09-28T00:30:00+09:00,J4,555,484,1039
2019-09-28T00:45:00+09:00,J1,112,127,239
2019-09-28T00:45:00+09:00,J2,172,197,369
2019-09-28T00:45:00+09:00,J3,427,375,802
2019-09-28T00:45:00+09:00,J4,562,640,1202
2019-09-28T05:45:00+09:00,J1,310,361,671
2019-09-28T05:45:00+09:00,J2,287,231,518
2019-09-28T05:45:00+09:00,J3,434,411,845
2019-09-28T05:45:00+09:00,J4,538,579,1117
2019-09-28T06:00:00+09:00,J1,374,364,738
2019-09-28T06:00:00+09:00,J2,259,234,493
2019-09-28T06:00:00+09:00,J3,280,237,517
2019-09-28T06:00:00+09:00,J4,613,578,1191
2019-09-28T06:15:00+09:00,J1,373,377,750
2019-09-28T06:15:00+09:00,J2,235,177,412
2019-09-28T06:15:00+09:00,J3,256,261,517
2019-09-28T06:15:00+09:00,J4,577,602,1179
2019-09-28T06:30:00+09:00,J1,457,427,884
2019-09-28T06:30:00+09:00,J2,232,242,474
2019-09-28T06:30:00+09:00,J3,257,213,470
2019-09-28T06:30:00+09:00,J4,549,597,1146
2019-09-28T06:45:00+09:00,J1,505,484,989
2019-09-28T06:45:00+09:00,J2,249,241,490
2019-09-28T06:45:00+09:00,J3,323,277,600
2019-09-28T06:45:00+09:00,J4,608,588,1196
2019-09-28T07:00:00+09:00,J1,623,615,1238
2019-09-28T07:00:00+09:00,J2,233,214,447
2019-09-28T07:00:00+09:00,J3,346,334,680
2019-09-28T07:00:00+09:00,J4,724,729,1453
2019-09-28T07:15:00+09:00,J1,604,622,1226
2019-09-28T07:15:00+09:00,J2,339,283,622
2019-09-28T07:15:00+09:00,J3,372,358,730
2019-09-28T07:15:00+09:00,J4,652,646,1298
2019-09-28T07:30:00+09:00,J1,520,530,1050
2019-09-28T07:30:00+09:00,J2,349,308,657
2019-09-28T07:30:00+09:00,J3,377,339,716
2019-09-28T07:30:00+09:00,J4,508,568,1076
2019-09-28T07:45:00+09:00,J1,487,464,951
2019-09-28T07:45:00+09:00,J2,376,321,697
2019-09-28T07:45:00+09:00,J3,365,341,706
2019-09-28T07:45:00+09:00,J4,526,596,1122
2019-09-28T08:00:00+09:00,J1,682,640,1322
2019-09-28T08:00:00+09:00,J2,392,325,717
2019-09-28T08:00:00+09:00,J3,506,421,927
2019-09-28T08:00:00+09:00,J4,533,547,1080
2019-09-28T08:15:00+09:00,J1,636,641,1277
2019-09-28T08:15:00+09:00,J2,480,384,864
2019-09-28T08:15:00+09:00,J3,434,461,895
2019-09-28T08:15:00+09:00,J4,563,621,1184
2019-09-28T08:30:00+09:00,J1,644,573,1217
2019-09-28T08:30:00+09:00,J2,512,455,967
2019-09-28T08:30:00+09:00,J3,477,456,933
2019-09-28T08:30:00+09:00,J4,484,578,1062
2019-09-28T08:45:00+09:00,J1,634,598,1232
2019-09-28T08:45:00+09:00,J2,476,459,935
2019-09-28T08:45:00+09:00,J3,475,470,945
2019-09-28T08:45:00+09:00,J4,503,474,977
2019-09-28T09:00:00+09:00,J1,517,492,1009
2019-09-28T09:00:00+09:00,J2,484,381,865
2019-09-28T09:00:00+09:00,J3,429,405,834
2019-09-28T09:00:00+09:00,J4,518,561,1079
2019-09-28T09:15:00+09:00,J1,494,363,857
2019-09-28T09:15:00+09:00,J2,455,307,762
2019-09-28T09:15:00+09:00,J3,465,428,893
2019-09-28T09:15:00+09:00,J4,509,691,1200
2019-09-28T09:30:00+09:00,J1,502,383,885
2019-09-28T09:30:00+09:00,J2,371,278,649
2019-09-28T09:30:00+09:00,J3,466,433,899
2019-09-28T09:30:00+09:00,J4,547,626,1173
2019-09-28T09:45:00+09:00,J1,487,358,845
2019-09-28T09:45:00+09:00,J2,363,276,639
2019-09-28T09:45:00+09:00,J3,522,402,924
2019-09-28T09:45:00+09:00,J4,539,616,1155
2019-09-28T10:00:00+09:00,J1,439,418,857
2019-09-28T10:00:00+09:00,J2,344,282,626
2019-09-28T10:00:00+09:00,J3,520,455,975
2019-09-28T10:00:00+09:00,J4,564,517,1081
2019-09-28T10:15:00+09:00,J1,458,407,865
2019-09-28T10:15:00+09:00,J2,367,339,706
2019-09-28T10:15:00+09:00,J3,620,550,1170
2019-09-28T10:15:00+09:00,J4,536,487,1023
2019-09-28T10:30:00+09:00,J1,457,376,833
2019-09-28T10:30:00+09:00,J2,375,406,781
2019-09-28T10:30:00+09:00,J3,646,677,1323
2019-09-28T10:30:00+09:00,J4,604,560,1164
2019-09-28T10:45:00+09:00,J1,473,336,809
2019-09-28T10:45:00+09:00,J2,508,431,939
2019-09-28T10:45:00+09:00,J3,588,647,1235
2019-09-28T10:45:00+09:00,J4,530,487,1017
2019-09-28T11:00:00+09:00,J1,492,421,913
2019-09-28T11:00:00+09:00,J2,493,346,839
2019-09-28T11:00:00+09:00,J3,731,688,1419
2019-09-28T11:00:00+09:00,J4,541,493,1034
2019-09-28T11:15:00+09:00,J1,529,398,927
2019-09-28T11:15:00+09:00,J2,462,356,818
2019-09-28T11:15:00+09:00,J3,742,667,1409
2019-09-28T11:15:00+09:00,J4,463,497,960
2019-09-28T11:30:00+09:00,J1,498,389,887
2019-09-28T11:30:00+09:00,J2,571,343,914
2019-09-28T11:30:00+09:00,J3,771,606,1377
2019-09-28T11:30:00+09:00,J4,492,471,963
2019-09-28T11:45:00+09:00,J1,489,415,904
2019-09-28T11:45:00+09:00,J2,577,350,927
2019-09-28T11:45:00+09:00,J3,656,664,1320
2019-09-28T11:45:00+09:00,J4,467,437,904
2019-09-28T12:00:00+09:00,J1,520,476,996
2019-09-28T12:00:00+09:00,J2,585,338,923
2019-09-28T12:00:00+09:00,J3,658,688,1346
2019-09-28T12:00:00+09:00,J4,435,422,857
2019-09-28T12:15:00+09:00,J1,581,486,1067
2019-09-28T12:15:00+09:00,J2,612,439,1051
2019-09-28T12:15:00+09:00,J3,664,707,1371
2019-09-28T12:15:00+09:00,J4,459,420,879
2019-09-28T12:30:00+09:00,J1,516,408,924
2019-09-28T12:30:00+09:00,J2,586,415,1001
2019-09-28T12:30:00+09:00,J3,589,634,1223
2019-09-28T12:30:00+09:00,J4,410,420,830
2019-09-28T12:45:00+09:00,J1,497,482,979
2019-09-28T12:45:00+09:00,J2,618,516,1134
2019-09-28T12:45:00+09:00,J3,590,632,1222
2019-09-28T12:45:00+09:00,J4,468,395,863
2019-09-28T13:00:00+09:00,J1,549,471,1020
2019-09-28T13:00:00+09:00,J2,586,534,1120
2019-09-28T13:00:00+09:00,J3,595,596,1191
2019-09-28T13:00:00+09:00,J4,519,372,891
2019-09-28T13:15:00+09:00,J1,500,451,951
2019-09-28T13:15:00+09:00,J2,501,612,1113
2019-09-28T13:15:00+09:00,J3,552,562,1114
2019-09-28T13:15:00+09:00,J4,501,419,920
2019-09-28T13:30:00+09:00,J1,564,543,1107
2019-09-28T13:30:00+09:00,J2,589,503,1092
2019-09-28T13:30:00+09:00,J3,608,533,1141
2019-09-28T13:30:00+09:00,J4,570,437,1007
2019-09-28T13:45:00+09:00,J1,540,466,1006
2019-09-28T13:45:00+09:00,J2,606,621,1227
2019-09-28T13:45:00+09:00,J3,519,602,1121
2019-09-28T13:45:00+09:00,J4,548,427,975
2019-09-28T14:00:00+09:00,J1,544,496,1040
2019-09-28T14:00:00+09:00,J2,588,536,1124
2019-09-28T14:00:00+09:00,J3,491,520,1011
2019-09-28T14:00:00+09:00,J4,630,426,1056
2019-09-28T14:15:00+09:00,J1,531,410,941
2019-09-28T14:15:00+09:00,J2,488,469,957
2019-09-28T14:15:00+09:00,J3,493,543,1036
2019-09-28T14:15:00+09:00,J4,596,493,1089
2019-09-28T14:30:00+09:00,J1,469,368,837
2019-09-28T14:30:00+09:00,J2,523,456,979
2019-09-28T14:30:00+09:00,J3,544,621,1165
2019-09-28T14:30:00+09:00,J4,702,481,1183
2019-09-28T14:45:00+09:00,J1,480,349,829
2019-09-28T14:45:00+09:00,J2,475,477,952
2019-09-28T14:45:00+09:00,J3,478,529,1007
2019-09-28T14:45:00+09:00,J4,685,601,1286
2019-09-28T15:00:00+09:00,J1,470,365,835
2019-09-28T15:00:00+09:00,J2,447,436,883
2019-09-28T15:00:00+09:00,J3,473,536,1009
2019-09-28T15:00:00+09:00,J4,705,597,1302
2019-09-28T15:15:00+09:00,J1,454,405,859
2019-09-28T15:15:00+09:00,J2,482,486,968
2019-09-28T15:15:00+09:00,J3,500,561,1061
2019-09-28T15:15:00+09:00,J4,731,660,1391
2019-09-28T15:30:00+09:00,J1,453,380,833
2019-09-28T15:30:00+09:00,J2,500,403,903
2019-09-28T15:30:00+09:00,J3,482,660,1142
2019-09-28T15:30:00+09:00,J4,735,610,1345
2019-09-28T15:45:00+09:00,J1,509,453,962
2019-09-28T15:45:00+09:00,J2,464,447,911
2019-09-28T15:45:00+09:00,J3,507,462,969
2019-09-28T15:45:00+09:00,J4,701,536,1237
2019-09-28T16:00:00+09:00,J1,496,456,952
2019-09-28T16:00:00+09:00,J2,439,354,793
2019-09-28T16:00:00+09:00,J3,523,481,1004
2019-09-28T16:00:00+09:00,J4,731,561,1292
2019-09-28T16:15:00+09:00,J1,474,419,893
2019-09-28T16:15:00+09:00,J2,429,396,825
2019-09-28T16:15:00+09:00,J3,523,522,1045
2019-09-28T16:15:00+09:00,J4,661,494,1155
2019-09-28T16:30:00+09:00,J1,545,420,965
2019-09-28T16:30:00+09:00,J2,448,335,783
2019-09-28T16:30:00+09:00,J3,513,548,1061
2019-09-28T16:30:00+09:00,J4,742,520,1262
2019-09-28T16:45:00+09:00,J1,539,476,1015
2019-09-28T16:45:00+09:00,J2,487,374,861
2019-09-28T16:45:00+09:00,J3,529,541,1070
2019-09-28T16:45:00+09:00,J4,718,563,1281
2019-09-28T17:00:00+09:00,J1,607,552,1159
2019-09-28T17:00:00+09:00,J2,531,402,933
2019-09-28T17:00:00+09:00,J3,563,503,1066
2019-09-28T17:00:00+09:00,J4,755,638,1393
2019-09-28T17:15:00+09:00,J1,573,506,1079
2019-09-28T17:15:00+09:00,J2,573,448,1021
2019-09-28T17:15:00+09:00,J3,576,551,1127
2019-09-28T17:15:00+09:00,J4,815,589,1404
2019-09-28T17:30:00+09:00,J1,583,482,1065
2019-09-28T17:30:00+09:00,J2,616,436,1052
2019-09-28T17:30:00+09:00,J3,551,580,1131
2019-09-28T17:30:00+09:00,J4,845,645,1490
2019-09-28T17:45:00+09:00,J1,561,500,1061
2019-09-28T17:45:00+09:00,J2,545,428,973
2019-09-28T17:45:00+09:00,J3,512,592,1104
2019-09-28T17:45:00+09:00,J4,721,555,1276
2019-09-28T18:00:00+09:00,J1,608,498,1106
2019-09-28T18:00:00+09:00,J2,544,460,1004
2019-09-28T18:00:00+09:00,J3,531,517,1048
2019-09-28T18:00:00+09:00,J4,729,491,1220
2019-09-28T18:15:00+09:00,J1,673,535,1208
2019-09-28T18:15:00+09:00,J2,508,446,954
2019-09-28T18:15:00+09:00,J3,528,578,1106
2019-09-28T18:15:00+09:00,J4,773,548,1321
2019-09-28T18:30:00+09:00,J1,557,523,1080
2019-09-28T18:30:00+09:00,J2,529,431,960
2019-09-28T18:30:00+09:00,J3,465,466,931
2019-09-28T18:30:00+09:00,J4,657,479,1136
2019-09-28T18:45:00+09:00,J1,544,424,968
2019-09-28T18:45:00+09:00,J2,536,411,947
2019-09-28T18:45:00+09:00,J3,490,444,934
2019-09-28T18:45:00+09:00,J4,616,395,1011
2019-09-28T19:00:00+09:00,J1,460,404,864
2019-09-28T19:00:00+09:00,J2,424,373,797
2019-09-28T19:00:00+09:00,J3,409,432,841
2019-09-28T19:00:00+09:00,J4,432,360,792
2019-09-28T19:15:00+09:00,J1,455,413,868
2019-09-28T19:15:00+09:00,J2,408,374,782
2019-09-28T19:15:00+09:00,J3,465,407,872
2019-09-28T19:15:00+09:00,J4,480,352,832
2019-09-28T19:30:00+09:00,J1,470,407,877
2019-09-28T19:30:00+09:00,J2,391,388,779
2019-09-28T19:30:00+09:00,J3,344,423,767
2019-09-28T19:30:00+09:00,J4,471,423,894
2019-09-28T19:45:00+09:00,J1,432,353,785
2019-09-28T19:45:00+09:00,J2,403,395,798
2019-09-28T19:45:00+09:00,J3,360,403,763
2019-09-28T19:45:00+09:00,J4,534,504,1038
2019-09-28T20:00:00+09:00,J1,361,388,749
2019-09-28T20:00:00+09:00,J2,364,387,751
2019-09-28T20:00:00+09:00,J3,366,366,732
2019-09-28T20:00:00+09:00,J4,482,470,952
2019-09-28T20:15:00+09:00,J1,371,386,757
2019-09-28T20:15:00+09:00,J2,361,353,714
2019-09-28T20:15:00+09:00,J3,409,418,827
2019-09-28T20:15:00+09:00,J4,578,526,1104
2019-09-28T20:30:00+09:00,J1,474,441,915
2019-09-28T20:30:00+09:00,J2,356,404,760
2019-09-28T20:30:00+09:00,J3,426,432,858
2019-09-28T20:30:00+09:00,J4,556,494,1050
2019-09-28T20:45:00+09:00,J1,495,438,933
2019-09-28T20:45:00+09:00,J2,340,382,722
2019-09-28T20:45:00+09:00,J3,369,431,800
2019-09-28T20:45:00+09:00,J4,562,486,1048
2019-09-28T21:00:00+09:00,J1,510,491,1001
2019-09-28T21:00:00+09:00,J2,344,449,793
2019-09-28T21:00:00+09:00,J3,381,398,779
2019-09-28T21:00:00+09:00,J4,623,545,1168
2019-09-28T21:15:00+09:00,J1,521,479,1000
2019-09-28T21:15:00+09:00,J2,382,406,788
2019-09-28T21:15:00+09:00,J3,404,386,790
2019-09-28T21:15:00+09:00,J4,620,530,1150
2019-09-28T21:30:00+09:00,J1,517,498,1015
2019-09-28T21:30:00+09:00,J2,368,274,642
2019-09-28T21:30:00+09:00,J3,328,340,668
2019-09-28T21:30:00+09:00,J4,613,611,1224
2019-09-28T21:45:00+09:00,J1,417,411,828
2019-09-28T21:45:00+09:00,J2,293,400,693
2019-09-28T21:45:00+09:00,J3,345,334,679
2019-09-28T21:45:00+09:00,J4,682,615,1297
2019-09-28T22:00:00+09:00,J1,405,452,857
2019-09-28T22:00:00+09:00,J2,328,335,663
2019-09-28T22:00:00+09:00,J3,330,318,648
2019-09-28T22:00:00+09:00,J4,768,680,1448
2019-09-28T22:15:00+09:00,J1,401,412,813
2019-09-28T22:15:00+09:00,J2,322,427,749
2019-09-28T22:15:00+09:00,J3,366,365,731
2019-09-28T22:15:00+09:00,J4,720,706,1426
2019-09-28T22:30:00+09:00,J1,439,457,896
2019-09-28T22:30:00+09:00,J2,338,396,734
2019-09-28T22:30:00+09:00,J3,380,384,764
2019-09-28T22:30:00+09:00,J4,686,713,1399
2019-09-28T22:45:00+09:00,J1,334,362,696
2019-09-28T22:45:00+09:00,J2,315,339,654
2019-09-28T22:45:00+09:00,J3,370,348,718
2019-09-28T22:45:00+09:00,J4,756,693,1449
2019-09-28T23:00:00+09:00,J1,352,363,715
2019-09-28T23:00:00+09:00,J2,315,285,600
2019-09-28T23:00:00+09:00,J3,411,386,797
2019-09-28T23:00:00+09:00,J4,757,656,1413
2019-09-28T23:15:00+09:00,J1,365,320,685
2019-09-28T23:15:00+09:00,J2,299,304,603
2019-09-28T23:15:00+09:00,J3,389,422,811
2019-09-28T23:15:00+09:00,J4,782,732,1514
2019-09-28T23:30:00+09:00,J1,438,424,862
2019-09-28T23:30:00+09:00,J2,336,261,597
2019-09-28T23:30:00+09:00,J3,466,417,883
2019-09-28T23:30:00+09:00,J4,627,628,1255
2019-09-28T23:45:00+09:00,J1,317,304,621
2019-09-28T23:45:00+09:00,J2,317,218,535
2019-09-28T23:45:00+09:00,J3,371,383,754
2019-09-28T23:45:00+09:00,J4,702,605,1307
2019-09-29T00:00:00+09:00,J1,331,324,655
2019-09-29T00:00:00+09:00,J2,253,163,416
2019-09-29T00:00:00+09:00,J3,372,353,725
2019-09-29T00:00:00+09:00,J4,670,698,1368
2019-09-29T00:15:00+09:00,J1,181,168,349
2019-09-29T00:15:00+09:00,J2,203,164,367
2019-09-29T00:15:00+09:00,J3,297,272,569
2019-09-29T00:15:00+09:00,J4,390,391,781
2019-09-29T00:30:00+09:00,J1,147,125,272
2019-09-29T00:30:00+09:00,J2,165,146,311
2019-09-29T00:30:00+09:00,J3,317,256,573
2019-09-29T00:30:00+09:00,J4,396,400,796
2019-09-29T00:45:00+09:00,J1,197,158,355
2019-09-29T00:45:00+09:00,J2,157,132,289
2019-09-29T00:45:00+09:00,J3,312,287,599
2019-09-29T00:45:00+09:00,J4,414,330,744
2019-09-29T05:45:00+09:00,J1,198,180,378
2019-09-29T05:45:00+09:00,J2,164,178,342
2019-09-29T05:45:00+09:00,J3,278,256,534
2019-09-29T05:45:00+09:00,J4,617,575,1192
2019-09-29T06:00:00+09:00,J1,241,243,484
2019-09-29T06:00:00+09:00,J2,200,184,384
2019-09-29T06:00:00+09:00,J3,316,270,586
2019-09-29T06:00:00+09:00,J4,598,540,1138
2019-09-29T06:15:00+09:00,J1,278,274,552
2019-09-29T06:15:00+09:00,J2,200,258,458
2019-09-29T06:15:00+09:00,J3,378,322,700
2019-09-29T06:15:00+09:00,J4,574,632,1206
2019-09-29T06:30:00+09:00,J1,223,198,421
2019-09-29T06:30:00+09:00,J2,182,224,406
2019-09-29T06:30:00+09:00,J3,400,342,742
2019-09-29T06:30:00+09:00,J4,562,536,1098
2019-09-29T06:45:00+09:00,J1,279,281,560
2019-09-29T06:45:00+09:00,J2,210,266,476
2019-09-29T06:45:00+09:00,J3,358,373,731
2019-09-29T06:45:00+09:00,J4,542,538,1080
2019-09-29T07:00:00+09:00,J1,330,299,629
2019-09-29T07:00:00+09:00,J2,199,221,420
2019-09-29T07:00:00+09:00,J3,409,322,731
2019-09-29T07:00:00+09:00,J4,507,546,1053
2019-09-29T07:15:00+09:00,J1,241,251,492
2019-09-29T07:15:00+09:00,J2,156,210,366
2019-09-29T07:15:00+09:00,J3,427,336,763
2019-09-29T07:15:00+09:00,J4,566,572,1138
2019-09-29T07:30:00+09:00,J1,305,285,590
2019-09-29T07:30:00+09:00,J2,189,244,433
2019-09-29T07:30:00+09:00,J3,441,380,821
2019-09-29T07:30:00+09:00,J4,581,614,1195
2019-09-29T07:45:00+09:00,J1,288,330,618
2019-09-29T07:45:00+09:00,J2,228,235,463
2019-09-29T07:45:00+09:00,J3,501,447,948
2019-09-29T07:45:00+09:00,J4,533,598,1131
2019-09-29T08:00:00+09:00,J1,477,444,921
2019-09-29T08:00:00+09:00,J2,222,246,468
2019-09-29T08:00:00+09:00,J3,627,599,1226
2019-09-29T08:00:00+09:00,J4,550,627,1177
2019-09-29T08:15:00+09:00,J1,458,456,914
2019-09-29T08:15:00+09:00,J2,258,263,521
2019-09-29T08:15:00+09:00,J3,576,654,1230
2019-09-29T08:15:00+09:00,J4,537,562,1099
2019-09-29T08:30:00+09:00,J1,451,436,887
2019-09-29T08:30:00+09:00,J2,244,256,500
2019-09-29T08:30:00+09:00,J3,586,629,1215
2019-09-29T08:30:00+09:00,J4,541,565,1106
2019-09-29T08:45:00+09:00,J1,521,477,998
2019-09-29T08:45:00+09:00,J2,216,269,485
2019-09-29T08:45:00+09:00,J3,578,596,1174
2019-09-29T08:45:00+09:00,J4,483,484,967
2019-09-29T09:00:00+09:00,J1,392,371,763
2019-09-29T09:00:00+09:00,J2,237,258,495
2019-09-29T09:00:00+09:00,J3,582,528,1110
2019-09-29T09:00:00+09:00,J4,631,609,1240
2019-09-29T09:15:00+09:00,J1,409,350,759
2019-09-29T09:15:00+09:00,J2,257,297,554
2019-09-29T09:15:00+09:00,J3,637,620,1257
2019-09-29T09:15:00+09:00,J4,550,541,1091
2019-09-29T09:30:00+09:00,J1,469,435,904
2019-09-29T09:30:00+09:00,J2,285,284,569
2019-09-29T09:30:00+09:00,J3,538,649,1187
2019-09-29T09:30:00+09:00,J4,567,586,1153
2019-09-29T09:45:00+09:00,J1,478,444,922
2019-09-29T09:45:00+09:00,J2,288,272,560
2019-09-29T09:45:00+09:00,J3,594,676,1270
2019-09-29T09:45:00+09:00,J4,615,636,1251
2019-09-29T10:00:00+09:00,J1,534,476,1010
2019-09-29T10:00:00+09:00,J2,371,217,588
2019-09-29T10:00:00+09:00,J3,565,652,1217
2019-09-29T10:00:00+09:00,J4,625,511,1136
2019-09-29T10:15:00+09:00,J1,582,478,1060
2019-09-29T10:15:00+09:00,J2,340,205,545
2019-09-29T10:15:00+09:00,J3,616,594,1210
2019-09-29T10:15:00+09:00,J4,455,455,910
2019-09-29T10:30:00+09:00,J1,540,422,962
2019-09-29T10:30:00+09:00,J2,425,220,645
2019-09-29T10:30:00+09:00,J3,615,606,1221
2019-09-29T10:30:00+09:00,J4,513,421,934
2019-09-29T10:45:00+09:00,J1,534,449,983
2019-09-29T10:45:00+09:00,J2,435,266,701
2019-09-29T10:45:00+09:00,J3,573,614,1187
2019-09-29T10:45:00+09:00,J4,524,468,992
2019-09-29T11:00:00+09:00,J1,573,591,1164
2019-09-29T11:00:00+09:00,J2,504,294,798
2019-09-29T11:00:00+09:00,J3,565,586,1151
2019-09-29T11:00:00+09:00,J4,603,526,1129
2019-09-29T11:15:00+09:00,J1,573,586,1159
2019-09-29T11:15:00+09:00,J2,529,342,871
2019-09-29T11:15:00+09:00,J3,652,701,1353
2019-09-29T11:15:00+09:00,J4,488,507,995
2019-09-29T11:30:00+09:00,J1,577,507,1084
2019-09-29T11:30:00+09:00,J2,418,377,795
2019-09-29T11:30:00+09:00,J3,593,635,1228
2019-09-29T11:30:00+09:00,J4,458,432,890
2019-09-29T11:45:00+09:00,J1,499,451,950
2019-09-29T11:45:00+09:00,J2,436,376,812
2019-09-29T11:45:00+09:00,J3,627,557,1184
2019-09-29T11:45:00+09:00,J4,419,349,768
2019-09-29T12:00:00+09:00,J1,535,422,957
2019-09-29T12:00:00+09:00,J2,428,380,808
2019-09-29T12:00:00+09:00,J3,621,513,1134
2019-09-29T12:00:00+09:00,J4,432,319,751
2019-09-29T12:15:00+09:00,J1,508,417,925
2019-09-29T12:15:00+09:00,J2,418,399,817
2019-09-29T12:15:00+09:00,J3,637,529,1166
2019-09-29T12:15:00+09:00,J4,434,343,777
2019-09-29T12:30:00+09:00,J1,508,428,936
2019-09-29T12:30:00+09:00,J2,367,412,779
2019-09-29T12:30:00+09:00,J3,518,577,1095
2019-09-29T12:30:00+09:00,J4,462,377,839
2019-09-29T12:45:00+09:00,J1,486,363,849
2019-09-29T12:45:00+09:00,J2,411,407,818
2019-09-29T12:45:00+09:00,J3,518,488,1006
2019-09-29T12:45:00+09:00,J4,443,374,817
2019-09-29T13:00:00+09:00,J1,435,376,811
2019-09-29T13:00:00+09:00,J2,393,346,739
2019-09-29T13:00:00+09:00,J3,546,542,1088
2019-09-29T13:00:00+09:00,J4,474,433,907
2019-09-29T13:15:00+09:00,J1,486,373,859
2019-09-29T13:15:00+09:00,J2,333,345,678
2019-09-29T13:15:00+09:00,J3,511,556,1067
2019-09-29T13:15:00+09:00,J4,501,394,895
2019-09-29T13:30:00+09:00,J1,518,429,947
2019-09-29T13:30:00+09:00,J2,379,320,699
2019-09-29T13:30:00+09:00,J3,514,489,1003
2019-09-29T13:30:00+09:00,J4,514,376,890
2019-09-29T13:45:00+09:00,J1,487,391,878
2019-09-29T13:45:00+09:00,J2,402,276,678
2019-09-29T13:45:00+09:00,J3,504,544,1048
2019-09-29T13:45:00+09:00,J4,579,468,1047
2019-09-29T14:00:00+09:00,J1,505,405,910
2019-09-29T14:00:00+09:00,J2,397,278,675
2019-09-29T14:00:00+09:00,J3,520,500,1020
2019-09-29T14:00:00+09:00,J4,649,463,1112
2019-09-29T14:15:00+09:00,J1,423,381,804
2019-09-29T14:15:00+09:00,J2,356,269,625
2019-09-29T14:15:00+09:00,J3,403,457,860
2019-09-29T14:15:00+09:00,J4,615,498,1113
2019-09-29T14:30:00+09:00,J1,503,425,928
2019-09-29T14:30:00+09:00,J2,443,326,769
2019-09-29T14:30:00+09:00,J3,542,579,1121
2019-09-29T14:30:00+09:00,J4,814,600,1414
2019-09-29T14:45:00+09:00,J1,372,341,713
2019-09-29T14:45:00+09:00,J2,374,303,677
2019-09-29T14:45:00+09:00,J3,443,486,929
2019-09-29T14:45:00+09:00,J4,610,467,1077
2019-09-29T15:00:00+09:00,J1,395,299,694
2019-09-29T15:00:00+09:00,J2,352,287,639
2019-09-29T15:00:00+09:00,J3,433,534,967
2019-09-29T15:00:00+09:00,J4,714,591,1305
2019-09-29T15:15:00+09:00,J1,453,301,754
2019-09-29T15:15:00+09:00,J2,388,290,678
2019-09-29T15:15:00+09:00,J3,516,598,1114
2019-09-29T15:15:00+09:00,J4,693,567,1260
2019-09-29T15:30:00+09:00,J1,442,339,781
2019-09-29T15:30:00+09:00,J2,390,314,704
2019-09-29T15:30:00+09:00,J3,450,516,966
2019-09-29T15:30:00+09:00,J4,728,617,1345
2019-09-29T15:45:00+09:00,J1,478,387,865
2019-09-29T15:45:00+09:00,J2,360,264,624
2019-09-29T15:45:00+09:00,J3,470,520,990
2019-09-29T15:45:00+09:00,J4,670,579,1249
2019-09-29T16:00:00+09:00,J1,452,422,874
2019-09-29T16:00:00+09:00,J2,338,265,603
2019-09-29T16:00:00+09:00,J3,480,544,1024
2019-09-29T16:00:00+09:00,J4,632,518,1150
2019-09-29T16:15:00+09:00,J1,508,410,918
2019-09-29T16:15:00+09:00,J2,354,237,591
2019-09-29T16:15:00+09:00,J3,508,534,1042
2019-09-29T16:15:00+09:00,J4,629,561,1190
2019-09-29T16:30:00+09:00,J1,479,389,868
2019-09-29T16:30:00+09:00,J2,333,281,614
2019-09-29T16:30:00+09:00,J3,490,552,1042
2019-09-29T16:30:00+09:00,J4,641,608,1249
2019-09-29T16:45:00+09:00,J1,456,393,849
2019-09-29T16:45:00+09:00,J2,332,304,636
2019-09-29T16:45:00+09:00,J3,494,574,1068
2019-09-29T16:45:00+09:00,J4,655,616,1271
2019-09-29T17:00:00+09:00,J1,515,449,964
2019-09-29T17:00:00+09:00,J2,336,301,637
2019-09-29T17:00:00+09:00,J3,555,528,1083
2019-09-29T17:00:00+09:00,J4,672,607,1279
2019-09-29T17:15:00+09:00,J1,488,438,926
2019-09-29T17:15:00+09:00,J2,344,251,595
2019-09-29T17:15:00+09:00,J3,601,559,1160
2019-09-29T17:15:00+09:00,J4,670,672,1342
2019-09-29T17:30:00+09:00,J1,518,399,917
2019-09-29T17:30:00+09:00,J2,386,282,668
2019-09-29T17:30:00+09:00,J3,508,540,1048
2019-09-29T17:30:00+09:00,J4,656,614,1270
2019-09-29T17:45:00+09:00,J1,504,427,931
2019-09-29T17:45:00+09:00,J2,361,292,653
2019-09-29T17:45:00+09:00,J3,490,560,1050
2019-09-29T17:45:00+09:00,J4,703,579,1282
2019-09-29T18:00:00+09:00,J1,512,463,975
2019-09-29T18:00:00+09:00,J2,400,302,702
2019-09-29T18:00:00+09:00,J3,489,476,965
2019-09-29T18:00:00+09:00,J4,662,435,1097
2019-09-29T18:15:00+09:00,J1,518,497,1015
2019-09-29T18:15:00+09:00,J2,380,262,642
2019-09-29T18:15:00+09:00,J3,465,489,954
2019-09-29T18:15:00+09:00,J4,599,396,995
2019-09-29T18:30:00+09:00,J1,430,379,809
2019-09-29T18:30:00+09:00,J2,352,275,627
2019-09-29T18:30:00+09:00,J3,459,414,873
2019-09-29T18:30:00+09:00,J4,589,398,987
2019-09-29T18:45:00+09:00,J1,446,384,830
2019-09-29T18:45:00+09:00,J2,392,277,669
2019-09-29T18:45:00+09:00,J3,414,393,807
2019-09-29T18:45:00+09:00,J4,651,399,1050
2019-09-29T19:00:00+09:00,J1,333,376,709
2019-09-29T19:00:00+09:00,J2,329,254,583
2019-09-29T19:00:00+09:00,J3,371,394,765
2019-09-29T19:00:00+09:00,J4,440,327,767
2019-09-29T19:15:00+09:00,J1,385,375,760
2019-09-29T19:15:00+09:00,J2,282,179,461
2019-09-29T19:15:00+09:00,J3,390,391,781
2019-09-29T19:15:00+09:00,J4,447,338,785
2019-09-29T19:30:00+09:00,J1,367,328,695
2019-09-29T19:30:00+09:00,J2,298,218,516
2019-09-29T19:30:00+09:00,J3,332,388,720
2019-09-29T19:30:00+09:00,J4,363,340,703
2019-09-29T19:45:00+09:00,J1,338,303,641
2019-09-29T19:45:00+09:00,J2,219,212,431
2019-09-29T19:45:00+09:00,J3,311,349,660
2019-09-29T19:45:00+09:00,J4,354,278,632
2019-09-29T20:00:00+09:00,J1,313,320,633
2019-09-29T20:00:00+09:00,J2,303,249,552
2019-09-29T20:00:00+09:00,J3,339,334,673
2019-09-29T20:00:00+09:00,J4,357,369,726
2019-09-29T20:15:00+09:00,J1,335,389,724
2019-09-29T20:15:00+09:00,J2,274,241,515
2019-09-29T20:15:00+09:00,J3,330,380,710
2019-09-29T20:15:00+09:00,J4,417,308,725
2019-09-29T20:30:00+09:00,J1,360,377,737
2019-09-29T20:30:00+09:00,J2,269,250,519
2019-09-29T20:30:00+09:00,J3,345,308,653
2019-09-29T20:30:00+09:00,J4,378,315,693
2019-09-29T20:45:00+09:00,J1,416,387,803
2019-09-29T20:45:00+09:00,J2,282,234,516
2019-09-29T20:45:00+09:00,J3,317,315,632
2019-09-29T20:45:00+09:00,J4,397,329,726
2019-09-29T21:00:00+09:00,J1,502,500,1002
2019-09-29T21:00:00+09:00,J2,256,246,502
2019-09-29T21:00:00+09:00,J3,298,268,566
2019-09-29T21:00:00+09:00,J4,459,447,906
2019-09-29T21:15:00+09:00,J1,418,418,836
2019-09-29T21:15:00+09:00,J2,241,253,494
2019-09-29T21:15:00+09:00,J3,253,262,515
2019-09-29T21:15:00+09:00,J4,506,502,1008
2019-09-29T21:30:00+09:00,J1,401,443,844
2019-09-29T21:30:00+09:00,J2,257,224,481
2019-09-29T21:30:00+09:00,J3,264,230,494
2019-09-29T21:30:00+09:00,J4,515,535,1050
2019-09-29T21:45:00+09:00,J1,342,353,695
2019-09-29T21:45:00+09:00,J2,224,218,442
2019-09-29T21:45:00+09:00,J3,304,280,584
2019-09-29T21:45:00+09:00,J4,544,568,1112
2019-09-29T22:00:00+09:00,J1,342,336,678
2019-09-29T22:00:00+09:00,J2,261,197,458
2019-09-29T22:00:00+09:00,J3,249,259,508
2019-09-29T22:00:00+09:00,J4,587,605,1192
2019-09-29T22:15:00+09:00,J1,352,301,653
2019-09-29T22:15:00+09:00,J2,201,213,414
2019-09-29T22:15:00+09:00,J3,289,284,573
2019-09-29T22:15:00+09:00,J4,615,637,1252
2019-09-29T22:30:00+09:00,J1,388,383,771
2019-09-29T22:30:00+09:00,J2,210,225,435
2019-09-29T22:30:00+09:00,J3,286,272,558
2019-09-29T22:30:00+09:00,J4,659,682,1341
2019-09-29T22:45:00+09:00,J1,292,322,614
2019-09-29T22:45:00+09:00,J2,218,212,430
2019-09-29T22:45:00+09:00,J3,275,274,549
2019-09-29T22:45:00+09:00,J4,756,747,1503
2019-09-29T23:00:00+09:00,J1,340,364,704
2019-09-29T23:00:00+09:00,J2,244,213,457
2019-09-29T23:00:00+09:00,J3,331,301,632
2019-09-29T23:00:00+09:00,J4,688,723,1411
2019-09-29T23:15:00+09:00,J1,359,372,731
2019-09-29T23:15:00+09:00,J2,204,195,399
2019-09-29T23:15:00+09:00,J3,323,328,651
2019-09-29T23:15:00+09:00,J4,644,709,1353
2019-09-29T23:30:00+09:00,J1,369,368,737
2019-09-29T23:30:00+09:00,J2,218,241,459
2019-09-29T23:30:00+09:00,J3,287,306,593
2019-09-29T23:30:00+09:00,J4,520,516,1036
2019-09-29T23:45:00+09:00,J1,312,290,602
2019-09-29T23:45:00+09:00,J2,245,179,424
2019-09-29T23:45:00+09:00,J3,301,283,584
2019-09-29T23:45:00+09:00,J4,574,593,1167
2019-09-30T00:00:00+09:00,J1,310,269,579
2019-09-30T00:00:00+09:00,J2,219,174,393
2019-09-30T00:00:00+09:00,J3,232,274,506
2019-09-30T00:00:00+09:00,J4,619,680,1299
2019-09-30T00:15:00+09:00,J1,193,196,389
2019-09-30T00:15:00+09:00,J2,225,160,385
2019-09-30T00:15:00+09:00,J3,311,276,587
2019-09-30T00:15:00+09:00,J4,420,421,841
2019-09-30T00:30:00+09:00,J1,266,214,480
2019-09-30T00:30:00+09:00,J2,178,137,315
2019-09-30T00:30:00+09:00,J3,299,318,617
2019-09-30T00:30:00+09:00,J4,309,284,593
2019-09-30T00:45:00+09:00,J1,253,270,523
2019-09-30T00:45:00+09:00,J2,186,128,314
2019-09-30T00:45:00+09:00,J3,301,270,571
2019-09-30T00:45:00+09:00,J4,292,279,571
2019-09-30T05:45:00+09:00,J1,318,247,565
2019-09-30T05:45:00+09:00,J2,174,253,427
2019-09-30T05:45:00+09:00,J3,311,242,553
2019-09-30T05:45:00+09:00,J4,635,658,1293
2019-09-30T06:00:00+09:00,J1,264,281,545
2019-09-30T06:00:00+09:00,J2,175,201,376
2019-09-30T06:00:00+09:00,J3,404,328,732
2019-09-30T06:00:00+09:00,J4,539,502,1041
2019-09-30T06:15:00+09:00,J1,313,242,555
2019-09-30T06:15:00+09:00,J2,213,217,430
2019-09-30T06:15:00+09:00,J3,518,457,975
2019-09-30T06:15:00+09:00,J4,614,651,1265
2019-09-30T06:30:00+09:00,J1,358,318,676
2019-09-30T06:30:00+09:00,J2,210,151,361
2019-09-30T06:30:00+09:00,J3,484,444,928
2019-09-30T06:30:00+09:00,J4,637,668,1305
2019-09-30T06:45:00+09:00,J1,410,405,815
2019-09-30T06:45:00+09:00,J2,273,224,497
2019-09-30T06:45:00+09:00,J3,429,421,850
2019-09-30T06:45:00+09:00,J4,629,660,1289
2019-09-30T07:00:00+09:00,J1,434,400,834
2019-09-30T07:00:00+09:00,J2,278,270,548
2019-09-30T07:00:00+09:00,J3,500,385,885
2019-09-30T07:00:00+09:00,J4,617,652,1269
2019-09-30T07:15:00+09:00,J1,446,362,808
2019-09-30T07:15:00+09:00,J2,300,269,569
2019-09-30T07:15:00+09:00,J3,504,546,1050
2019-09-30T07:15:00+09:00,J4,666,689,1355
2019-09-30T07:30:00+09:00,J1,409,367,776
2019-09-30T07:30:00+09:00,J2,372,338,710
2019-09-30T07:30:00+09:00,J3,630,690,1320
2019-09-30T07:30:00+09:00,J4,642,791,1433
2019-09-30T07:45:00+09:00,J1,489,461,950
2019-09-30T07:45:00+09:00,J2,533,319,852
2019-09-30T07:45:00+09:00,J3,620,759,1379
2019-09-30T07:45:00+09:00,J4,670,903,1573
2019-09-30T08:00:00+09:00,J1,612,564,1176
2019-09-30T08:00:00+09:00,J2,644,248,892
2019-09-30T08:00:00+09:00,J3,679,836,1515
2019-09-30T08:00:00+09:00,J4,640,961,1601
2019-09-30T08:15:00+09:00,J1,734,501,1235
2019-09-30T08:15:00+09:00,J2,767,298,1065
2019-09-30T08:15:00+09:00,J3,637,975,1612
2019-09-30T08:15:00+09:00,J4,581,917,1498
2019-09-30T08:30:00+09:00,J1,716,500,1216
2019-09-30T08:30:00+09:00,J2,942,328,1270
2019-09-30T08:30:00+09:00,J3,778,968,1746
2019-09-30T08:30:00+09:00,J4,426,901,1327
2019-09-30T08:45:00+09:00,J1,600,458,1058
2019-09-30T08:45:00+09:00,J2,597,283,880
2019-09-30T08:45:00+09:00,J3,577,800,1377
2019-09-30T08:45:00+09:00,J4,370,637,1007
2019-09-30T09:00:00+09:00,J1,603,502,1105
2019-09-30T09:00:00+09:00,J2,598,307,905
2019-09-30T09:00:00+09:00,J3,648,616,1264
2019-09-30T09:00:00+09:00,J4,331,507,838
2019-09-30T09:15:00+09:00,J1,448,350,798
2019-09-30T09:15:00+09:00,J2,510,274,784
2019-09-30T09:15:00+09:00,J3,597,639,1236
2019-09-30T09:15:00+09:00,J4,330,486,816
2019-09-30T09:30:00+09:00,J1,422,307,729
2019-09-30T09:30:00+09:00,J2,514,260,774
2019-09-30T09:30:00+09:00,J3,563,586,1149
2019-09-30T09:30:00+09:00,J4,356,429,785
2019-09-30T09:45:00+09:00,J1,418,360,778
2019-09-30T09:45:00+09:00,J2,475,292,767
2019-09-30T09:45:00+09:00,J3,502,501,1003
2019-09-30T09:45:00+09:00,J4,282,335,617
2019-09-30T10:00:00+09:00,J1,411,310,721
2019-09-30T10:00:00+09:00,J2,453,322,775
2019-09-30T10:00:00+09:00,J3,443,473,916
2019-09-30T10:00:00+09:00,J4,287,345,632
2019-09-30T10:15:00+09:00,J1,447,341,788
2019-09-30T10:15:00+09:00,J2,452,363,815
2019-09-30T10:15:00+09:00,J3,479,430,909
2019-09-30T10:15:00+09:00,J4,347,323,670
2019-09-30T10:30:00+09:00,J1,422,338,760
2019-09-30T10:30:00+09:00,J2,454,458,912
2019-09-30T10:30:00+09:00,J3,426,433,859
2019-09-30T10:30:00+09:00,J4,377,296,673
2019-09-30T10:45:00+09:00,J1,400,308,708
2019-09-30T10:45:00+09:00,J2,477,478,955
2019-09-30T10:45:00+09:00,J3,466,470,936
2019-09-30T10:45:00+09:00,J4,340,356,696
2019-09-30T11:00:00+09:00,J1,409,396,805
2019-09-30T11:00:00+09:00,J2,501,459,960
2019-09-30T11:00:00+09:00,J3,438,462,900
2019-09-30T11:00:00+09:00,J4,396,363,759
2019-09-30T11:15:00+09:00,J1,510,479,989
2019-09-30T11:15:00+09:00,J2,507,471,978
2019-09-30T11:15:00+09:00,J3,434,459,893
2019-09-30T11:15:00+09:00,J4,477,415,892
2019-09-30T11:30:00+09:00,J1,452,359,811
2019-09-30T11:30:00+09:00,J2,429,445,874
2019-09-30T11:30:00+09:00,J3,429,433,862
2019-09-30T11:30:00+09:00,J4,614,496,1110
2019-09-30T11:45:00+09:00,J1,479,425,904
2019-09-30T11:45:00+09:00,J2,493,397,890
2019-09-30T11:45:00+09:00,J3,429,474,903
2019-09-30T11:45:00+09:00,J4,546,423,969
2019-09-30T12:00:00+09:00,J1,473,436,909
2019-09-30T12:00:00+09:00,J2,454,458,912
2019-09-30T12:00:00+09:00,J3,470,470,940
2019-09-30T12:00:00+09:00,J4,699,598,1297
2019-09-30T12:15:00+09:00,J1,515,415,930
2019-09-30T12:15:00+09:00,J2,432,412,844
2019-09-30T12:15:00+09:00,J3,526,546,1072
2019-09-30T12:15:00+09:00,J4,768,595,1363
2019-09-30T12:30:00+09:00,J1,457,450,907
2019-09-30T12:30:00+09:00,J2,455,418,873
2019-09-30T12:30:00+09:00,J3,607,604,1211
2019-09-30T12:30:00+09:00,J4,705,639,1344
2019-09-30T12:45:00+09:00,J1,432,439,871
2019-09-30T12:45:00+09:00,J2,402,395,797
2019-09-30T12:45:00+09:00,J3,530,547,1077
2019-09-30T12:45:00+09:00,J4,625,574,1199
2019-09-30T13:00:00+09:00,J1,396,391,787
2019-09-30T13:00:00+09:00,J2,346,391,737
2019-09-30T13:00:00+09:00,J3,547,523,1070
2019-09-30T13:00:00+09:00,J4,683,621,1304
2019-09-30T13:15:00+09:00,J1,370,262,632
2019-09-30T13:15:00+09:00,J2,346,393,739
2019-09-30T13:15:00+09:00,J3,552,534,1086
2019-09-30T13:15:00+09:00,J4,622,583,1205
2019-09-30T13:30:00+09:00,J1,330,334,664
2019-09-30T13:30:00+09:00,J2,337,327,664
2019-09-30T13:30:00+09:00,J3,538,515,1053
2019-09-30T13:30:00+09:00,J4,685,594,1279
2019-09-30T13:45:00+09:00,J1,373,320,693
2019-09-30T13:45:00+09:00,J2,339,374,713
2019-09-30T13:45:00+09:00,J3,573,589,1162
2019-09-30T13:45:00+09:00,J4,631,550,1181
2019-09-30T14:00:00+09:00,J1,394,322,716
2019-09-30T14:00:00+09:00,J2,345,387,732
2019-09-30T14:00:00+09:00,J3,639,523,1162
2019-09-30T14:00:00+09:00,J4,629,538,1167
2019-09-30T14:15:00+09:00,J1,412,380,792
2019-09-30T14:15:00+09:00,J2,328,376,704
2019-09-30T14:15:00+09:00,J3,551,493,1044
2019-09-30T14:15:00+09:00,J4,673,544,1217
2019-09-30T14:30:00+09:00,J1,408,344,752
2019-09-30T14:30:00+09:00,J2,340,375,715
2019-09-30T14:30:00+09:00,J3,557,476,1033
2019-09-30T14:30:00+09:00,J4,586,587,1173
2019-09-30T14:45:00+09:00,J1,360,297,657
2019-09-30T14:45:00+09:00,J2,349,392,741
2019-09-30T14:45:00+09:00,J3,490,421,911
2019-09-30T14:45:00+09:00,J4,674,578,1252
2019-09-30T15:00:00+09:00,J1,443,388,831
2019-09-30T15:00:00+09:00,J2,314,353,667
2019-09-30T15:00:00+09:00,J3,501,505,1006
2019-09-30T15:00:00+09:00,J4,630,527,1157
2019-09-30T15:15:00+09:00,J1,445,445,890
2019-09-30T15:15:00+09:00,J2,333,412,745
2019-09-30T15:15:00+09:00,J3,541,508,1049
2019-09-30T15:15:00+09:00,J4,634,534,1168
2019-09-30T15:30:00+09:00,J1,442,464,906
2019-09-30T15:30:00+09:00,J2,373,380,753
2019-09-30T15:30:00+09:00,J3,544,540,1084
2019-09-30T15:30:00+09:00,J4,623,503,1126
2019-09-30T15:45:00+09:00,J1,442,411,853
2019-09-30T15:45:00+09:00,J2,352,399,751
2019-09-30T15:45:00+09:00,J3,523,457,980
2019-09-30T15:45:00+09:00,J4,615,567,1182
2019-09-30T16:00:00+09:00,J1,420,368,788
2019-09-30T16:00:00+09:00,J2,329,360,689
2019-09-30T16:00:00+09:00,J3,554,510,1064
2019-09-30T16:00:00+09:00,J4,622,524,1146
2019-09-30T16:15:00+09:00,J1,472,409,881
2019-09-30T16:15:00+09:00,J2,377,395,772
2019-09-30T16:15:00+09:00,J3,596,500,1096
2019-09-30T16:15:00+09:00,J4,722,583,1305
2019-09-30T16:30:00+09:00,J1,424,393,817
2019-09-30T16:30:00+09:00,J2,375,394,769
2019-09-30T16:30:00+09:00,J3,573,494,1067
2019-09-30T16:30:00+09:00,J4,578,496,1074
2019-09-30T16:45:00+09:00,J1,428,413,841
2019-09-30T16:45:00+09:00,J2,324,415,739
2019-09-30T16:45:00+09:00,J3,569,533,1102
2019-09-30T16:45:00+09:00,J4,601,568,1169
2019-09-30T17:00:00+09:00,J1,490,426,916
2019-09-30T17:00:00+09:00,J2,376,430,806
2019-09-30T17:00:00+09:00,J3,737,604,1341
2019-09-30T17:00:00+09:00,J4,693,523,1216
2019-09-30T17:15:00+09:00,J1,515,496,1011
2019-09-30T17:15:00+09:00,J2,426,522,948
2019-09-30T17:15:00+09:00,J3,707,552,1259
2019-09-30T17:15:00+09:00,J4,728,490,1218
2019-09-30T17:30:00+09:00,J1,562,490,1052
2019-09-30T17:30:00+09:00,J2,408,514,922
2019-09-30T17:30:00+09:00,J3,752,524,1276
2019-09-30T17:30:00+09:00,J4,748,511,1259
2019-09-30T17:45:00+09:00,J1,577,531,1108
2019-09-30T17:45:00+09:00,J2,420,532,952
2019-09-30T17:45:00+09:00,J3,712,574,1286
2019-09-30T17:45:00+09:00,J4,859,582,1441
2019-09-30T18:00:00+09:00,J1,627,551,1178
2019-09-30T18:00:00+09:00,J2,440,572,1012
2019-09-30T18:00:00+09:00,J3,807,576,1383
2019-09-30T18:00:00+09:00,J4,822,502,1324
2019-09-30T18:15:00+09:00,J1,570,494,1064
2019-09-30T18:15:00+09:00,J2,471,544,1015
2019-09-30T18:15:00+09:00,J3,775,541,1316
2019-09-30T18:15:00+09:00,J4,779,601,1380
2019-09-30T18:30:00+09:00,J1,500,418,918
2019-09-30T18:30:00+09:00,J2,414,494,908
2019-09-30T18:30:00+09:00,J3,766,497,1263
2019-09-30T18:30:00+09:00,J4,775,527,1302
2019-09-30T18:45:00+09:00,J1,467,344,811
2019-09-30T18:45:00+09:00,J2,331,395,726
2019-09-30T18:45:00+09:00,J3,647,500,1147
2019-09-30T18:45:00+09:00,J4,705,478,1183
2019-09-30T19:00:00+09:00,J1,393,394,787
2019-09-30T19:00:00+09:00,J2,325,394,719
2019-09-30T19:00:00+09:00,J3,643,484,1127
2019-09-30T19:00:00+09:00,J4,726,575,1301
2019-09-30T19:15:00+09:00,J1,452,401,853
2019-09-30T19:15:00+09:00,J2,319,349,668
2019-09-30T19:15:00+09:00,J3,535,468,1003
2019-09-30T19:15:00+09:00,J4,679,539,1218
2019-09-30T19:30:00+09:00,J1,411,392,803
2019-09-30T19:30:00+09:00,J2,279,340,619
2019-09-30T19:30:00+09:00,J3,459,495,954
2019-09-30T19:30:00+09:00,J4,669,523,1192
2019-09-30T19:45:00+09:00,J1,435,363,798
2019-09-30T19:45:00+09:00,J2,275,305,580
2019-09-30T19:45:00+09:00,J3,455,466,921
2019-09-30T19:45:00+09:00,J4,579,422,1001
2019-09-30T20:00:00+09:00,J1,353,301,654
2019-09-30T20:00:00+09:00,J2,249,316,565
2019-09-30T20:00:00+09:00,J3,420,412,832
2019-09-30T20:00:00+09:00,J4,556,345,901
2019-09-30T20:15:00+09:00,J1,334,366,700
2019-09-30T20:15:00+09:00,J2,247,336,583
2019-09-30T20:15:00+09:00,J3,454,377,831
2019-09-30T20:15:00+09:00,J4,477,396,873
2019-09-30T20:30:00+09:00,J1,384,318,702
2019-09-30T20:30:00+09:00,J2,318,259,577
2019-09-30T20:30:00+09:00,J3,425,386,811
2019-09-30T20:30:00+09:00,J4,463,380,843
2019-09-30T20:45:00+09:00,J1,350,318,668
2019-09-30T20:45:00+09:00,J2,375,315,690
2019-09-30T20:45:00+09:00,J3,375,308,683
2019-09-30T20:45:00+09:00,J4,441,388,829
2019-09-30T21:00:00+09:00,J1,419,358,777
2019-09-30T21:00:00+09:00,J2,299,273,572
2019-09-30T21:00:00+09:00,J3,347,307,654
2019-09-30T21:00:00+09:00,J4,498,417,915
2019-09-30T21:15:00+09:00,J1,430,394,824
2019-09-30T21:15:00+09:00,J2,309,286,595
2019-09-30T21:15:00+09:00,J3,399,310,709
2019-09-30T21:15:00+09:00,J4,402,354,756
2019-09-30T21:30:00+09:00,J1,437,410,847
2019-09-30T21:30:00+09:00,J2,259,271,530
2019-09-30T21:30:00+09:00,J3,359,320,679
2019-09-30T21:30:00+09:00,J4,436,403,839
2019-09-30T21:45:00+09:00,J1,479,452,931
2019-09-30T21:45:00+09:00,J2,339,352,691
2019-09-30T21:45:00+09:00,J3,374,313,687
2019-09-30T21:45:00+09:00,J4,421,357,778
2019-09-30T22:00:00+09:00,J1,455,482,937
2019-09-30T22:00:00+09:00,J2,318,353,671
2019-09-30T22:00:00+09:00,J3,348,310,658
2019-09-30T22:00:00+09:00,J4,541,490,1031
2019-09-30T22:15:00+09:00,J1,410,448,858
2019-09-30T22:15:00+09:00,J2,309,336,645
2019-09-30T22:15:00+09:00,J3,325,298,623
2019-09-30T22:15:00+09:00,J4,624,633,1257
2019-09-30T22:30:00+09:00,J1,426,495,921
2019-09-30T22:30:00+09:00,J2,270,309,579
2019-09-30T22:30:00+09:00,J3,339,347,686
2019-09-30T22:30:00+09:00,J4,600,605,1205
2019-09-30T22:45:00+09:00,J1,409,477,886
2019-09-30T22:45:00+09:00,J2,279,257,536
2019-09-30T22:45:00+09:00,J3,383,371,754
2019-09-30T22:45:00+09:00,J4,623,608,1231
2019-09-30T23:00:00+09:00,J1,370,321,691
2019-09-30T23:00:00+09:00,J2,322,263,585
2019-09-30T23:00:00+09:00,J3,286,303,589
2019-09-30T23:00:00+09:00,J4,668,605,1273
2019-09-30T23:15:00+09:00,J1,385,428,813
2019-09-30T23:15:00+09:00,J2,267,235,502
2019-09-30T23:15:00+09:00,J3,296,313,609
2019-09-30T23:15:00+09:00,J4,659,668,1327
2019-09-30T23:30:00+09:00,J1,414,440,854
2019-09-30T23:30:00+09:00,J2,261,162,423
2019-09-30T23:30:00+09:00,J3,325,288,613
2019-09-30T23:30:00+09:00,J4,609,587,1196
2019-09-30T23:45:00+09:00,J1,349,370,719
2019-09-30T23:45:00+09:00,J2,285,208,493
2019-09-30T23:45:00+09:00,J3,296,308,604
2019-09-30T23:45:00+09:00,J4,603,604,1207
2019-10-01T00:00:00+09:00,J1,319,289,608
2019-10-01T00:00:00+09:00,J2,253,202,455
2019-10-01T00:00:00+09:00,J3,293,241,534
2019-10-01T00:00:00+09:00,J4,638,681,1319
2019-10-01T00:15:00+09:00,J1,158,146,304
2019-10-01T00:15:00+09:00,J2,198,147,345
2019-10-01T00:15:00+09:00,J3,335,316,651
2019-10-01T00:15:00+09:00,J4,359,360,719
2019-10-01T00:30:00+09:00,J1,157,190,347
2019-10-01T00:30:00+09:00,J2,213,146,359
2019-10-01T00:30:00+09:00,J3,302,276,578
2019-10-01T00:30:00+09:00,J4,267,254,521
2019-10-01T00:45:00+09:00,J1,231,218,449
2019-10-01T00:45:00+09:00,J2,213,189,402
2019-10-01T00:45:00+09:00,J3,320,267,587
2019-10-01T00:45:00+09:00,J4,264,225,489
