日時,アレイ,札幌→大通り,大通り→札幌,合計
2019-05-01T05:45:00+09:00,J1,487,496,983
2019-05-01T05:45:00+09:00,J2,360,464,824
2019-05-01T05:45:00+09:00,J3,621,676,1297
2019-05-01T05:45:00+09:00,J4,405,488,893
2019-05-01T05:45:00+09:00,J5,211,237,448
2019-05-01T06:00:00+09:00,J1,423,429,852
2019-05-01T06:00:00+09:00,J2,362,487,849
2019-05-01T06:00:00+09:00,J3,767,775,1542
2019-05-01T06:00:00+09:00,J4,361,423,784
2019-05-01T06:00:00+09:00,J5,276,241,517
2019-05-01T06:15:00+09:00,J1,511,474,985
2019-05-01T06:15:00+09:00,J2,391,509,900
2019-05-01T06:15:00+09:00,J3,764,728,1492
2019-05-01T06:15:00+09:00,J4,441,497,938
2019-05-01T06:15:00+09:00,J5,298,246,544
2019-05-01T06:30:00+09:00,J1,433,447,880
2019-05-01T06:30:00+09:00,J2,359,459,818
2019-05-01T06:30:00+09:00,J3,734,760,1494
2019-05-01T06:30:00+09:00,J4,458,478,936
2019-05-01T06:30:00+09:00,J5,260,290,550
2019-05-01T06:45:00+09:00,J1,449,424,873
2019-05-01T06:45:00+09:00,J2,377,453,830
2019-05-01T06:45:00+09:00,J3,716,726,1442
2019-05-01T06:45:00+09:00,J4,461,505,966
2019-05-01T06:45:00+09:00,J5,266,272,538
2019-05-01T07:00:00+09:00,J1,486,550,1036
2019-05-01T07:00:00+09:00,J2,371,379,750
2019-05-01T07:00:00+09:00,J3,760,709,1469
2019-05-01T07:00:00+09:00,J4,401,520,921
2019-05-01T07:00:00+09:00,J5,279,256,535
2019-05-01T07:15:00+09:00,J1,539,477,1016
2019-05-01T07:15:00+09:00,J2,349,376,725
2019-05-01T07:15:00+09:00,J3,818,781,1599
2019-05-01T07:15:00+09:00,J4,459,515,974
2019-05-01T07:15:00+09:00,J5,266,313,579
2019-05-01T07:30:00+09:00,J1,521,526,1047
2019-05-01T07:30:00+09:00,J2,312,379,691
2019-05-01T07:30:00+09:00,J3,773,754,1527
2019-05-01T07:30:00+09:00,J4,486,539,1025
2019-05-01T07:30:00+09:00,J5,311,309,620
2019-05-01T07:45:00+09:00,J1,501,494,995
2019-05-01T07:45:00+09:00,J2,358,375,733
2019-05-01T07:45:00+09:00,J3,828,755,1583
2019-05-01T07:45:00+09:00,J4,455,528,983
2019-05-01T07:45:00+09:00,J5,316,304,620
2019-05-01T08:00:00+09:00,J1,820,834,1654
2019-05-01T08:00:00+09:00,J2,524,452,976
2019-05-01T08:00:00+09:00,J3,823,811,1634
2019-05-01T08:00:00+09:00,J4,508,602,1110
2019-05-01T08:00:00+09:00,J5,353,336,689
2019-05-01T08:15:00+09:00,J1,981,890,1871
2019-05-01T08:15:00+09:00,J2,611,471,1082
2019-05-01T08:15:00+09:00,J3,704,705,1409
2019-05-01T08:15:00+09:00,J4,560,598,1158
2019-05-01T08:15:00+09:00,J5,387,344,731
2019-05-01T08:30:00+09:00,J1,1002,890,1892
2019-05-01T08:30:00+09:00,J2,674,611,1285
2019-05-01T08:30:00+09:00,J3,675,715,1390
2019-05-01T08:30:00+09:00,J4,616,568,1184
2019-05-01T08:30:00+09:00,J5,330,349,679
2019-05-01T08:45:00+09:00,J1,856,918,1774
2019-05-01T08:45:00+09:00,J2,615,620,1235
2019-05-01T08:45:00+09:00,J3,739,683,1422
2019-05-01T08:45:00+09:00,J4,562,517,1079
2019-05-01T08:45:00+09:00,J5,291,307,598
2019-05-01T09:00:00+09:00,J1,759,739,1498
2019-05-01T09:00:00+09:00,J2,580,609,1189
2019-05-01T09:00:00+09:00,J3,747,697,1444
2019-05-01T09:00:00+09:00,J4,620,554,1174
2019-05-01T09:00:00+09:00,J5,358,320,678
2019-05-01T09:15:00+09:00,J1,843,758,1601
2019-05-01T09:15:00+09:00,J2,643,565,1208
2019-05-01T09:15:00+09:00,J3,838,775,1613
2019-05-01T09:15:00+09:00,J4,726,673,1399
2019-05-01T09:15:00+09:00,J5,350,310,660
2019-05-01T09:30:00+09:00,J1,741,871,1612
2019-05-01T09:30:00+09:00,J2,629,575,1204
2019-05-01T09:30:00+09:00,J3,716,787,1503
2019-05-01T09:30:00+09:00,J4,824,812,1636
2019-05-01T09:30:00+09:00,J5,389,336,725
2019-05-01T09:45:00+09:00,J1,736,842,1578
2019-05-01T09:45:00+09:00,J2,691,648,1339
2019-05-01T09:45:00+09:00,J3,726,755,1481
2019-05-01T09:45:00+09:00,J4,796,847,1643
2019-05-01T09:45:00+09:00,J5,344,360,704
2019-05-01T10:00:00+09:00,J1,833,783,1616
2019-05-01T10:00:00+09:00,J2,694,665,1359
2019-05-01T10:00:00+09:00,J3,673,621,1294
2019-05-01T10:00:00+09:00,J4,875,874,1749
2019-05-01T10:00:00+09:00,J5,330,346,676
2019-05-01T10:15:00+09:00,J1,794,790,1584
2019-05-01T10:15:00+09:00,J2,770,644,1414
2019-05-01T10:15:00+09:00,J3,603,648,1251
2019-05-01T10:15:00+09:00,J4,938,836,1774
2019-05-01T10:15:00+09:00,J5,430,423,853
2019-05-01T10:30:00+09:00,J1,732,718,1450
2019-05-01T10:30:00+09:00,J2,832,689,1521
2019-05-01T10:30:00+09:00,J3,653,540,1193
2019-05-01T10:30:00+09:00,J4,898,851,1749
2019-05-01T10:30:00+09:00,J5,467,479,946
2019-05-01T10:45:00+09:00,J1,791,692,1483
2019-05-01T10:45:00+09:00,J2,882,611,1493
2019-05-01T10:45:00+09:00,J3,673,551,1224
2019-05-01T10:45:00+09:00,J4,892,876,1768
2019-05-01T10:45:00+09:00,J5,554,586,1140
2019-05-01T11:00:00+09:00,J1,996,776,1772
2019-05-01T11:00:00+09:00,J2,936,648,1584
2019-05-01T11:00:00+09:00,J3,726,650,1376
2019-05-01T11:00:00+09:00,J4,891,848,1739
2019-05-01T11:00:00+09:00,J5,559,617,1176
2019-05-01T11:15:00+09:00,J1,841,779,1620
2019-05-01T11:15:00+09:00,J2,872,592,1464
2019-05-01T11:15:00+09:00,J3,698,639,1337
2019-05-01T11:15:00+09:00,J4,803,862,1665
2019-05-01T11:15:00+09:00,J5,496,631,1127
2019-05-01T11:30:00+09:00,J1,883,909,1792
2019-05-01T11:30:00+09:00,J2,840,665,1505
2019-05-01T11:30:00+09:00,J3,683,643,1326
2019-05-01T11:30:00+09:00,J4,811,767,1578
2019-05-01T11:30:00+09:00,J5,605,664,1269
2019-05-01T11:45:00+09:00,J1,870,874,1744
2019-05-01T11:45:00+09:00,J2,791,635,1426
2019-05-01T11:45:00+09:00,J3,696,683,1379
2019-05-01T11:45:00+09:00,J4,818,812,1630
2019-05-01T11:45:00+09:00,J5,494,553,1047
2019-05-01T12:00:00+09:00,J1,907,816,1723
2019-05-01T12:00:00+09:00,J2,776,680,1456
2019-05-01T12:00:00+09:00,J3,688,638,1326
2019-05-01T12:00:00+09:00,J4,781,792,1573
2019-05-01T12:00:00+09:00,J5,444,475,919
2019-05-01T12:15:00+09:00,J1,839,844,1683
2019-05-01T12:15:00+09:00,J2,747,690,1437
2019-05-01T12:15:00+09:00,J3,696,583,1279
2019-05-01T12:15:00+09:00,J4,854,847,1701
2019-05-01T12:15:00+09:00,J5,497,599,1096
2019-05-01T12:30:00+09:00,J1,690,751,1441
2019-05-01T12:30:00+09:00,J2,671,589,1260
2019-05-01T12:30:00+09:00,J3,691,580,1271
2019-05-01T12:30:00+09:00,J4,784,832,1616
2019-05-01T12:30:00+09:00,J5,551,614,1165
2019-05-01T12:45:00+09:00,J1,694,869,1563
2019-05-01T12:45:00+09:00,J2,650,568,1218
2019-05-01T12:45:00+09:00,J3,709,620,1329
2019-05-01T12:45:00+09:00,J4,763,774,1537
2019-05-01T12:45:00+09:00,J5,484,526,1010
2019-05-01T13:00:00+09:00,J1,695,911,1606
2019-05-01T13:00:00+09:00,J2,610,553,1163
2019-05-01T13:00:00+09:00,J3,726,671,1397
2019-05-01T13:00:00+09:00,J4,754,803,1557
2019-05-01T13:00:00+09:00,J5,560,614,1174
2019-05-01T13:15:00+09:00,J1,651,821,1472
2019-05-01T13:15:00+09:00,J2,608,622,1230
2019-05-01T13:15:00+09:00,J3,810,682,1492
2019-05-01T13:15:00+09:00,J4,713,840,1553
2019-05-01T13:15:00+09:00,J5,525,550,1075
2019-05-01T13:30:00+09:00,J1,709,875,1584
2019-05-01T13:30:00+09:00,J2,573,677,1250
2019-05-01T13:30:00+09:00,J3,773,842,1615
2019-05-01T13:30:00+09:00,J4,718,799,1517
2019-05-01T13:30:00+09:00,J5,539,542,1081
2019-05-01T13:45:00+09:00,J1,696,937,1633
2019-05-01T13:45:00+09:00,J2,608,650,1258
2019-05-01T13:45:00+09:00,J3,740,743,1483
2019-05-01T13:45:00+09:00,J4,769,750,1519
2019-05-01T13:45:00+09:00,J5,438,451,889
2019-05-01T14:00:00+09:00,J1,629,907,1536
2019-05-01T14:00:00+09:00,J2,567,699,1266
2019-05-01T14:00:00+09:00,J3,855,800,1655
2019-05-01T14:00:00+09:00,J4,726,805,1531
2019-05-01T14:00:00+09:00,J5,407,439,846
2019-05-01T14:15:00+09:00,J1,641,1037,1678
2019-05-01T14:15:00+09:00,J2,613,726,1339
2019-05-01T14:15:00+09:00,J3,815,877,1692
2019-05-01T14:15:00+09:00,J4,698,805,1503
2019-05-01T14:15:00+09:00,J5,416,419,835
2019-05-01T14:30:00+09:00,J1,754,936,1690
2019-05-01T14:30:00+09:00,J2,620,676,1296
2019-05-01T14:30:00+09:00,J3,903,850,1753
2019-05-01T14:30:00+09:00,J4,684,755,1439
2019-05-01T14:30:00+09:00,J5,424,401,825
2019-05-01T14:45:00+09:00,J1,653,896,1549
2019-05-01T14:45:00+09:00,J2,538,707,1245
2019-05-01T14:45:00+09:00,J3,772,796,1568
2019-05-01T14:45:00+09:00,J4,681,756,1437
2019-05-01T14:45:00+09:00,J5,511,464,975
2019-05-01T15:00:00+09:00,J1,726,859,1585
2019-05-01T15:00:00+09:00,J2,582,724,1306
2019-05-01T15:00:00+09:00,J3,748,819,1567
2019-05-01T15:00:00+09:00,J4,665,779,1444
2019-05-01T15:00:00+09:00,J5,462,460,922
2019-05-01T15:15:00+09:00,J1,757,886,1643
2019-05-01T15:15:00+09:00,J2,575,683,1258
2019-05-01T15:15:00+09:00,J3,807,759,1566
2019-05-01T15:15:00+09:00,J4,730,781,1511
2019-05-01T15:15:00+09:00,J5,517,517,1034
2019-05-01T15:30:00+09:00,J1,726,950,1676
2019-05-01T15:30:00+09:00,J2,613,762,1375
2019-05-01T15:30:00+09:00,J3,885,853,1738
2019-05-01T15:30:00+09:00,J4,775,784,1559
2019-05-01T15:30:00+09:00,J5,525,476,1001
2019-05-01T15:45:00+09:00,J1,693,910,1603
2019-05-01T15:45:00+09:00,J2,560,701,1261
2019-05-01T15:45:00+09:00,J3,828,870,1698
2019-05-01T15:45:00+09:00,J4,736,712,1448
2019-05-01T15:45:00+09:00,J5,431,495,926
2019-05-01T16:00:00+09:00,J1,701,980,1681
2019-05-01T16:00:00+09:00,J2,571,694,1265
2019-05-01T16:00:00+09:00,J3,875,850,1725
2019-05-01T16:00:00+09:00,J4,676,770,1446
2019-05-01T16:00:00+09:00,J5,525,487,1012
2019-05-01T16:15:00+09:00,J1,749,958,1707
2019-05-01T16:15:00+09:00,J2,578,747,1325
2019-05-01T16:15:00+09:00,J3,878,872,1750
2019-05-01T16:15:00+09:00,J4,774,816,1590
2019-05-01T16:15:00+09:00,J5,432,411,843
2019-05-01T16:30:00+09:00,J1,792,868,1660
2019-05-01T16:30:00+09:00,J2,599,723,1322
2019-05-01T16:30:00+09:00,J3,874,853,1727
2019-05-01T16:30:00+09:00,J4,706,734,1440
2019-05-01T16:30:00+09:00,J5,473,520,993
2019-05-01T16:45:00+09:00,J1,767,909,1676
2019-05-01T16:45:00+09:00,J2,592,783,1375
2019-05-01T16:45:00+09:00,J3,816,847,1663
2019-05-01T16:45:00+09:00,J4,718,765,1483
2019-05-01T16:45:00+09:00,J5,451,475,926
2019-05-01T17:00:00+09:00,J1,1041,1075,2116
2019-05-01T17:00:00+09:00,J2,595,756,1351
2019-05-01T17:00:00+09:00,J3,933,836,1769
2019-05-01T17:00:00+09:00,J4,736,755,1491
2019-05-01T17:00:00+09:00,J5,492,526,1018
2019-05-01T17:15:00+09:00,J1,1071,1133,2204
2019-05-01T17:15:00+09:00,J2,637,713,1350
2019-05-01T17:15:00+09:00,J3,948,844,1792
2019-05-01T17:15:00+09:00,J4,777,775,1552
2019-05-01T17:15:00+09:00,J5,612,625,1237
2019-05-01T17:30:00+09:00,J1,983,1049,2032
2019-05-01T17:30:00+09:00,J2,665,701,1366
2019-05-01T17:30:00+09:00,J3,950,930,1880
2019-05-01T17:30:00+09:00,J4,779,716,1495
2019-05-01T17:30:00+09:00,J5,575,599,1174
2019-05-01T17:45:00+09:00,J1,921,1190,2111
2019-05-01T17:45:00+09:00,J2,691,808,1499
2019-05-01T17:45:00+09:00,J3,1001,930,1931
2019-05-01T17:45:00+09:00,J4,779,816,1595
2019-05-01T17:45:00+09:00,J5,574,677,1251
2019-05-01T18:00:00+09:00,J1,1057,1040,2097
2019-05-01T18:00:00+09:00,J2,728,753,1481
2019-05-01T18:00:00+09:00,J3,949,918,1867
2019-05-01T18:00:00+09:00,J4,748,816,1564
2019-05-01T18:00:00+09:00,J5,615,586,1201
2019-05-01T18:15:00+09:00,J1,994,1243,2237
2019-05-01T18:15:00+09:00,J2,656,778,1434
2019-05-01T18:15:00+09:00,J3,1028,783,1811
2019-05-01T18:15:00+09:00,J4,834,785,1619
2019-05-01T18:15:00+09:00,J5,562,673,1235
2019-05-01T18:30:00+09:00,J1,975,1074,2049
2019-05-01T18:30:00+09:00,J2,695,666,1361
2019-05-01T18:30:00+09:00,J3,881,728,1609
2019-05-01T18:30:00+09:00,J4,794,796,1590
2019-05-01T18:30:00+09:00,J5,567,566,1133
2019-05-01T18:45:00+09:00,J1,920,1099,2019
2019-05-01T18:45:00+09:00,J2,657,661,1318
2019-05-01T18:45:00+09:00,J3,772,670,1442
2019-05-01T18:45:00+09:00,J4,752,800,1552
2019-05-01T18:45:00+09:00,J5,515,512,1027
2019-05-01T19:00:00+09:00,J1,860,1041,1901
2019-05-01T19:00:00+09:00,J2,546,477,1023
2019-05-01T19:00:00+09:00,J3,745,589,1334
2019-05-01T19:00:00+09:00,J4,756,777,1533
2019-05-01T19:00:00+09:00,J5,548,565,1113
2019-05-01T19:15:00+09:00,J1,830,947,1777
2019-05-01T19:15:00+09:00,J2,548,517,1065
2019-05-01T19:15:00+09:00,J3,711,657,1368
2019-05-01T19:15:00+09:00,J4,770,789,1559
2019-05-01T19:15:00+09:00,J5,522,566,1088
2019-05-01T19:30:00+09:00,J1,782,956,1738
2019-05-01T19:30:00+09:00,J2,590,461,1051
2019-05-01T19:30:00+09:00,J3,655,598,1253
2019-05-01T19:30:00+09:00,J4,768,736,1504
2019-05-01T19:30:00+09:00,J5,577,601,1178
2019-05-01T19:45:00+09:00,J1,806,904,1710
2019-05-01T19:45:00+09:00,J2,579,514,1093
2019-05-01T19:45:00+09:00,J3,603,553,1156
2019-05-01T19:45:00+09:00,J4,746,721,1467
2019-05-01T19:45:00+09:00,J5,508,575,1083
2019-05-01T20:00:00+09:00,J1,739,950,1689
2019-05-01T20:00:00+09:00,J2,701,507,1208
2019-05-01T20:00:00+09:00,J3,620,626,1246
2019-05-01T20:00:00+09:00,J4,838,844,1682
2019-05-01T20:00:00+09:00,J5,564,645,1209
2019-05-01T20:15:00+09:00,J1,771,993,1764
2019-05-01T20:15:00+09:00,J2,624,621,1245
2019-05-01T20:15:00+09:00,J3,640,562,1202
2019-05-01T20:15:00+09:00,J4,819,812,1631
2019-05-01T20:15:00+09:00,J5,580,616,1196
2019-05-01T20:30:00+09:00,J1,759,868,1627
2019-05-01T20:30:00+09:00,J2,576,566,1142
2019-05-01T20:30:00+09:00,J3,600,545,1145
2019-05-01T20:30:00+09:00,J4,821,818,1639
2019-05-01T20:30:00+09:00,J5,457,657,1114
2019-05-01T20:45:00+09:00,J1,750,817,1567
2019-05-01T20:45:00+09:00,J2,623,552,1175
2019-05-01T20:45:00+09:00,J3,542,537,1079
2019-05-01T20:45:00+09:00,J4,848,794,1642
2019-05-01T20:45:00+09:00,J5,494,640,1134
2019-05-01T21:00:00+09:00,J1,737,816,1553
2019-05-01T21:00:00+09:00,J2,615,551,1166
2019-05-01T21:00:00+09:00,J3,557,506,1063
2019-05-01T21:00:00+09:00,J4,773,761,1534
2019-05-01T21:00:00+09:00,J5,542,668,1210
2019-05-01T21:15:00+09:00,J1,752,800,1552
2019-05-01T21:15:00+09:00,J2,578,414,992
2019-05-01T21:15:00+09:00,J3,585,526,1111
2019-05-01T21:15:00+09:00,J4,858,751,1609
2019-05-01T21:15:00+09:00,J5,529,628,1157
2019-05-01T21:30:00+09:00,J1,665,760,1425
2019-05-01T21:30:00+09:00,J2,663,455,1118
2019-05-01T21:30:00+09:00,J3,587,549,1136
2019-05-01T21:30:00+09:00,J4,800,738,1538
2019-05-01T21:30:00+09:00,J5,493,608,1101
2019-05-01T21:45:00+09:00,J1,689,812,1501
2019-05-01T21:45:00+09:00,J2,616,478,1094
2019-05-01T21:45:00+09:00,J3,515,520,1035
2019-05-01T21:45:00+09:00,J4,793,797,1590
2019-05-01T21:45:00+09:00,J5,525,537,1062
2019-05-01T22:00:00+09:00,J1,663,739,1402
2019-05-01T22:00:00+09:00,J2,597,509,1106
2019-05-01T22:00:00+09:00,J3,476,478,954
2019-05-01T22:00:00+09:00,J4,787,745,1532
2019-05-01T22:00:00+09:00,J5,386,423,809
2019-05-01T22:15:00+09:00,J1,617,722,1339
2019-05-01T22:15:00+09:00,J2,574,495,1069
2019-05-01T22:15:00+09:00,J3,498,511,1009
2019-05-01T22:15:00+09:00,J4,792,871,1663
2019-05-01T22:15:00+09:00,J5,390,441,831
2019-05-01T22:30:00+09:00,J1,603,636,1239
2019-05-01T22:30:00+09:00,J2,570,546,1116
2019-05-01T22:30:00+09:00,J3,437,450,887
2019-05-01T22:30:00+09:00,J4,810,794,1604
2019-05-01T22:30:00+09:00,J5,391,398,789
2019-05-01T22:45:00+09:00,J1,610,750,1360
2019-05-01T22:45:00+09:00,J2,570,561,1131
2019-05-01T22:45:00+09:00,J3,481,493,974
2019-05-01T22:45:00+09:00,J4,822,795,1617
2019-05-01T22:45:00+09:00,J5,337,353,690
2019-05-01T23:00:00+09:00,J1,615,597,1212
2019-05-01T23:00:00+09:00,J2,565,574,1139
2019-05-01T23:00:00+09:00,J3,474,491,965
2019-05-01T23:00:00+09:00,J4,859,813,1672
2019-05-01T23:00:00+09:00,J5,299,301,600
2019-05-01T23:15:00+09:00,J1,537,616,1153
2019-05-01T23:15:00+09:00,J2,519,552,1071
2019-05-01T23:15:00+09:00,J3,431,497,928
2019-05-01T23:15:00+09:00,J4,807,728,1535
2019-05-01T23:15:00+09:00,J5,311,272,583
2019-05-01T23:30:00+09:00,J1,523,583,1106
2019-05-01T23:30:00+09:00,J2,465,603,1068
2019-05-01T23:30:00+09:00,J3,450,523,973
2019-05-01T23:30:00+09:00,J4,705,770,1475
2019-05-01T23:30:00+09:00,J5,302,253,555
2019-05-01T23:45:00+09:00,J1,514,551,1065
2019-05-01T23:45:00+09:00,J2,503,557,1060
2019-05-01T23:45:00+09:00,J3,445,472,917
2019-05-01T23:45:00+09:00,J4,726,706,1432
2019-05-01T23:45:00+09:00,J5,318,258,576
2019-05-02T00:00:00+09:00,J1,456,442,898
2019-05-02T00:00:00+09:00,J2,413,421,834
2019-05-02T00:00:00+09:00,J3,441,430,871
2019-05-02T00:00:00+09:00,J4,746,685,1431
2019-05-02T00:00:00+09:00,J5,288,253,541
2019-05-02T00:15:00+09:00,J1,413,475,888
2019-05-02T00:15:00+09:00,J2,355,320,675
2019-05-02T00:15:00+09:00,J3,643,528,1171
2019-05-02T00:15:00+09:00,J4,551,547,1098
2019-05-02T00:15:00+09:00,J5,243,289,532
2019-05-02T00:30:00+09:00,J1,457,509,966
2019-05-02T00:30:00+09:00,J2,400,331,731
2019-05-02T00:30:00+09:00,J3,670,605,1275
2019-05-02T00:30:00+09:00,J4,377,373,750
2019-05-02T00:30:00+09:00,J5,269,227,496
2019-05-02T00:45:00+09:00,J1,419,474,893
2019-05-02T00:45:00+09:00,J2,352,366,718
2019-05-02T00:45:00+09:00,J3,743,640,1383
2019-05-02T00:45:00+09:00,J4,363,364,727
2019-05-02T00:45:00+09:00,J5,259,225,484
2019-05-02T05:45:00+09:00,J1,482,556,1038
2019-05-02T05:45:00+09:00,J2,385,424,809
2019-05-02T05:45:00+09:00,J3,660,699,1359
2019-05-02T05:45:00+09:00,J4,367,402,769
2019-05-02T05:45:00+09:00,J5,290,267,557
2019-05-02T06:00:00+09:00,J1,535,563,1098
2019-05-02T06:00:00+09:00,J2,304,434,738
2019-05-02T06:00:00+09:00,J3,808,692,1500
2019-05-02T06:00:00+09:00,J4,363,437,800
2019-05-02T06:00:00+09:00,J5,271,271,542
2019-05-02T06:15:00+09:00,J1,508,511,1019
2019-05-02T06:15:00+09:00,J2,327,430,757
2019-05-02T06:15:00+09:00,J3,752,710,1462
2019-05-02T06:15:00+09:00,J4,382,510,892
2019-05-02T06:15:00+09:00,J5,277,296,573
2019-05-02T06:30:00+09:00,J1,462,505,967
2019-05-02T06:30:00+09:00,J2,387,414,801
2019-05-02T06:30:00+09:00,J3,777,650,1427
2019-05-02T06:30:00+09:00,J4,387,452,839
2019-05-02T06:30:00+09:00,J5,278,276,554
2019-05-02T06:45:00+09:00,J1,567,492,1059
2019-05-02T06:45:00+09:00,J2,402,466,868
2019-05-02T06:45:00+09:00,J3,703,662,1365
2019-05-02T06:45:00+09:00,J4,387,441,828
2019-05-02T06:45:00+09:00,J5,238,256,494
2019-05-02T07:00:00+09:00,J1,514,511,1025
2019-05-02T07:00:00+09:00,J2,356,341,697
2019-05-02T07:00:00+09:00,J3,751,695,1446
2019-05-02T07:00:00+09:00,J4,454,519,973
2019-05-02T07:00:00+09:00,J5,311,266,577
2019-05-02T07:15:00+09:00,J1,541,609,1150
2019-05-02T07:15:00+09:00,J2,332,317,649
2019-05-02T07:15:00+09:00,J3,757,687,1444
2019-05-02T07:15:00+09:00,J4,465,440,905
2019-05-02T07:15:00+09:00,J5,309,292,601
2019-05-02T07:30:00+09:00,J1,595,515,1110
2019-05-02T07:30:00+09:00,J2,385,370,755
2019-05-02T07:30:00+09:00,J3,799,737,1536
2019-05-02T07:30:00+09:00,J4,512,481,993
2019-05-02T07:30:00+09:00,J5,362,322,684
2019-05-02T07:45:00+09:00,J1,579,610,1189
2019-05-02T07:45:00+09:00,J2,364,344,708
2019-05-02T07:45:00+09:00,J3,848,741,1589
2019-05-02T07:45:00+09:00,J4,518,483,1001
2019-05-02T07:45:00+09:00,J5,307,288,595
2019-05-02T08:00:00+09:00,J1,934,891,1825
2019-05-02T08:00:00+09:00,J2,486,416,902
2019-05-02T08:00:00+09:00,J3,738,741,1479
2019-05-02T08:00:00+09:00,J4,534,527,1061
2019-05-02T08:00:00+09:00,J5,367,319,686
2019-05-02T08:15:00+09:00,J1,965,996,1961
2019-05-02T08:15:00+09:00,J2,539,431,970
2019-05-02T08:15:00+09:00,J3,752,776,1528
2019-05-02T08:15:00+09:00,J4,631,606,1237
2019-05-02T08:15:00+09:00,J5,368,317,685
2019-05-02T08:30:00+09:00,J1,960,948,1908
2019-05-02T08:30:00+09:00,J2,576,545,1121
2019-05-02T08:30:00+09:00,J3,603,674,1277
2019-05-02T08:30:00+09:00,J4,673,718,1391
2019-05-02T08:30:00+09:00,J5,406,361,767
2019-05-02T08:45:00+09:00,J1,935,1007,1942
2019-05-02T08:45:00+09:00,J2,542,540,1082
2019-05-02T08:45:00+09:00,J3,654,632,1286
2019-05-02T08:45:00+09:00,J4,659,689,1348
2019-05-02T08:45:00+09:00,J5,339,351,690
2019-05-02T09:00:00+09:00,J1,779,840,1619
2019-05-02T09:00:00+09:00,J2,550,549,1099
2019-05-02T09:00:00+09:00,J3,617,642,1259
2019-05-02T09:00:00+09:00,J4,768,761,1529
2019-05-02T09:00:00+09:00,J5,353,329,682
2019-05-02T09:15:00+09:00,J1,799,785,1584
2019-05-02T09:15:00+09:00,J2,543,517,1060
2019-05-02T09:15:00+09:00,J3,676,673,1349
2019-05-02T09:15:00+09:00,J4,769,845,1614
2019-05-02T09:15:00+09:00,J5,375,427,802
2019-05-02T09:30:00+09:00,J1,860,676,1536
2019-05-02T09:30:00+09:00,J2,608,576,1184
2019-05-02T09:30:00+09:00,J3,767,752,1519
2019-05-02T09:30:00+09:00,J4,771,724,1495
2019-05-02T09:30:00+09:00,J5,395,368,763
2019-05-02T09:45:00+09:00,J1,853,794,1647
2019-05-02T09:45:00+09:00,J2,550,552,1102
2019-05-02T09:45:00+09:00,J3,778,765,1543
2019-05-02T09:45:00+09:00,J4,710,682,1392
2019-05-02T09:45:00+09:00,J5,361,360,721
2019-05-02T10:00:00+09:00,J1,777,767,1544
2019-05-02T10:00:00+09:00,J2,580,577,1157
2019-05-02T10:00:00+09:00,J3,701,712,1413
2019-05-02T10:00:00+09:00,J4,734,723,1457
2019-05-02T10:00:00+09:00,J5,359,354,713
2019-05-02T10:15:00+09:00,J1,848,819,1667
2019-05-02T10:15:00+09:00,J2,643,598,1241
2019-05-02T10:15:00+09:00,J3,724,768,1492
2019-05-02T10:15:00+09:00,J4,861,858,1719
2019-05-02T10:15:00+09:00,J5,443,390,833
2019-05-02T10:30:00+09:00,J1,831,900,1731
2019-05-02T10:30:00+09:00,J2,671,667,1338
2019-05-02T10:30:00+09:00,J3,655,688,1343
2019-05-02T10:30:00+09:00,J4,897,906,1803
2019-05-02T10:30:00+09:00,J5,500,459,959
2019-05-02T10:45:00+09:00,J1,941,885,1826
2019-05-02T10:45:00+09:00,J2,747,753,1500
2019-05-02T10:45:00+09:00,J3,681,735,1416
2019-05-02T10:45:00+09:00,J4,842,890,1732
2019-05-02T10:45:00+09:00,J5,465,476,941
2019-05-02T11:00:00+09:00,J1,1059,1054,2113
2019-05-02T11:00:00+09:00,J2,729,740,1469
2019-05-02T11:00:00+09:00,J3,790,755,1545
2019-05-02T11:00:00+09:00,J4,889,862,1751
2019-05-02T11:00:00+09:00,J5,546,577,1123
2019-05-02T11:15:00+09:00,J1,1097,1144,2241
2019-05-02T11:15:00+09:00,J2,912,785,1697
2019-05-02T11:15:00+09:00,J3,836,783,1619
2019-05-02T11:15:00+09:00,J4,962,954,1916
2019-05-02T11:15:00+09:00,J5,592,625,1217
2019-05-02T11:30:00+09:00,J1,1053,1216,2269
2019-05-02T11:30:00+09:00,J2,878,761,1639
2019-05-02T11:30:00+09:00,J3,822,756,1578
2019-05-02T11:30:00+09:00,J4,1076,923,1999
2019-05-02T11:30:00+09:00,J5,594,648,1242
2019-05-02T11:45:00+09:00,J1,950,1151,2101
2019-05-02T11:45:00+09:00,J2,882,670,1552
2019-05-02T11:45:00+09:00,J3,866,748,1614
2019-05-02T11:45:00+09:00,J4,996,886,1882
2019-05-02T11:45:00+09:00,J5,629,679,1308
2019-05-02T12:00:00+09:00,J1,1089,1231,2320
2019-05-02T12:00:00+09:00,J2,886,707,1593
2019-05-02T12:00:00+09:00,J3,752,827,1579
2019-05-02T12:00:00+09:00,J4,1000,896,1896
2019-05-02T12:00:00+09:00,J5,614,618,1232
2019-05-02T12:15:00+09:00,J1,964,1167,2131
2019-05-02T12:15:00+09:00,J2,859,674,1533
2019-05-02T12:15:00+09:00,J3,628,770,1398
2019-05-02T12:15:00+09:00,J4,977,824,1801
2019-05-02T12:15:00+09:00,J5,522,626,1148
2019-05-02T12:30:00+09:00,J1,938,1013,1951
2019-05-02T12:30:00+09:00,J2,965,626,1591
2019-05-02T12:30:00+09:00,J3,678,661,1339
2019-05-02T12:30:00+09:00,J4,917,876,1793
2019-05-02T12:30:00+09:00,J5,495,506,1001
2019-05-02T12:45:00+09:00,J1,934,972,1906
2019-05-02T12:45:00+09:00,J2,927,588,1515
2019-05-02T12:45:00+09:00,J3,681,728,1409
2019-05-02T12:45:00+09:00,J4,878,833,1711
2019-05-02T12:45:00+09:00,J5,468,496,964
2019-05-02T13:00:00+09:00,J1,910,1126,2036
2019-05-02T13:00:00+09:00,J2,963,644,1607
2019-05-02T13:00:00+09:00,J3,759,801,1560
2019-05-02T13:00:00+09:00,J4,871,811,1682
2019-05-02T13:00:00+09:00,J5,435,447,882
2019-05-02T13:15:00+09:00,J1,995,1175,2170
2019-05-02T13:15:00+09:00,J2,926,637,1563
2019-05-02T13:15:00+09:00,J3,733,807,1540
2019-05-02T13:15:00+09:00,J4,943,946,1889
2019-05-02T13:15:00+09:00,J5,478,480,958
2019-05-02T13:30:00+09:00,J1,1015,1224,2239
2019-05-02T13:30:00+09:00,J2,889,727,1616
2019-05-02T13:30:00+09:00,J3,803,867,1670
2019-05-02T13:30:00+09:00,J4,881,911,1792
2019-05-02T13:30:00+09:00,J5,581,657,1238
2019-05-02T13:45:00+09:00,J1,1024,1264,2288
2019-05-02T13:45:00+09:00,J2,871,734,1605
2019-05-02T13:45:00+09:00,J3,873,894,1767
2019-05-02T13:45:00+09:00,J4,842,908,1750
2019-05-02T13:45:00+09:00,J5,567,645,1212
2019-05-02T14:00:00+09:00,J1,974,1181,2155
2019-05-02T14:00:00+09:00,J2,884,747,1631
2019-05-02T14:00:00+09:00,J3,945,891,1836
2019-05-02T14:00:00+09:00,J4,869,917,1786
2019-05-02T14:00:00+09:00,J5,579,622,1201
2019-05-02T14:15:00+09:00,J1,899,1226,2125
2019-05-02T14:15:00+09:00,J2,852,774,1626
2019-05-02T14:15:00+09:00,J3,883,829,1712
2019-05-02T14:15:00+09:00,J4,875,883,1758
2019-05-02T14:15:00+09:00,J5,628,664,1292
2019-05-02T14:30:00+09:00,J1,937,1181,2118
2019-05-02T14:30:00+09:00,J2,899,736,1635
2019-05-02T14:30:00+09:00,J3,889,841,1730
2019-05-02T14:30:00+09:00,J4,857,977,1834
2019-05-02T14:30:00+09:00,J5,553,669,1222
2019-05-02T14:45:00+09:00,J1,982,1139,2121
2019-05-02T14:45:00+09:00,J2,857,740,1597
2019-05-02T14:45:00+09:00,J3,871,890,1761
2019-05-02T14:45:00+09:00,J4,850,926,1776
2019-05-02T14:45:00+09:00,J5,601,619,1220
2019-05-02T15:00:00+09:00,J1,993,1153,2146
2019-05-02T15:00:00+09:00,J2,824,743,1567
2019-05-02T15:00:00+09:00,J3,916,831,1747
2019-05-02T15:00:00+09:00,J4,844,885,1729
2019-05-02T15:00:00+09:00,J5,585,634,1219
2019-05-02T15:15:00+09:00,J1,1000,1224,2224
2019-05-02T15:15:00+09:00,J2,891,718,1609
2019-05-02T15:15:00+09:00,J3,912,913,1825
2019-05-02T15:15:00+09:00,J4,804,840,1644
2019-05-02T15:15:00+09:00,J5,538,643,1181
2019-05-02T15:30:00+09:00,J1,974,1214,2188
2019-05-02T15:30:00+09:00,J2,865,760,1625
2019-05-02T15:30:00+09:00,J3,948,908,1856
2019-05-02T15:30:00+09:00,J4,860,979,1839
2019-05-02T15:30:00+09:00,J5,555,606,1161
2019-05-02T15:45:00+09:00,J1,982,1238,2220
2019-05-02T15:45:00+09:00,J2,858,784,1642
2019-05-02T15:45:00+09:00,J3,911,880,1791
2019-05-02T15:45:00+09:00,J4,900,989,1889
2019-05-02T15:45:00+09:00,J5,525,627,1152
2019-05-02T16:00:00+09:00,J1,988,1234,2222
2019-05-02T16:00:00+09:00,J2,884,789,1673
2019-05-02T16:00:00+09:00,J3,1006,897,1903
2019-05-02T16:00:00+09:00,J4,921,929,1850
2019-05-02T16:00:00+09:00,J5,536,623,1159
2019-05-02T16:15:00+09:00,J1,998,1158,2156
2019-05-02T16:15:00+09:00,J2,935,757,1692
2019-05-02T16:15:00+09:00,J3,982,926,1908
2019-05-02T16:15:00+09:00,J4,844,898,1742
2019-05-02T16:15:00+09:00,J5,578,629,1207
2019-05-02T16:30:00+09:00,J1,1018,1209,2227
2019-05-02T16:30:00+09:00,J2,942,770,1712
2019-05-02T16:30:00+09:00,J3,1050,1033,2083
2019-05-02T16:30:00+09:00,J4,828,849,1677
2019-05-02T16:30:00+09:00,J5,580,599,1179
2019-05-02T16:45:00+09:00,J1,1000,1223,2223
2019-05-02T16:45:00+09:00,J2,1000,672,1672
2019-05-02T16:45:00+09:00,J3,1035,992,2027
2019-05-02T16:45:00+09:00,J4,887,807,1694
2019-05-02T16:45:00+09:00,J5,465,483,948
2019-05-02T17:00:00+09:00,J1,1110,1252,2362
2019-05-02T17:00:00+09:00,J2,1004,721,1725
2019-05-02T17:00:00+09:00,J3,1076,946,2022
2019-05-02T17:00:00+09:00,J4,878,886,1764
2019-05-02T17:00:00+09:00,J5,471,480,951
2019-05-02T17:15:00+09:00,J1,1101,1258,2359
2019-05-02T17:15:00+09:00,J2,980,771,1751
2019-05-02T17:15:00+09:00,J3,1060,939,1999
2019-05-02T17:15:00+09:00,J4,962,872,1834
2019-05-02T17:15:00+09:00,J5,436,459,895
2019-05-02T17:30:00+09:00,J1,1103,1174,2277
2019-05-02T17:30:00+09:00,J2,960,764,1724
2019-05-02T17:30:00+09:00,J3,1074,907,1981
2019-05-02T17:30:00+09:00,J4,800,864,1664
2019-05-02T17:30:00+09:00,J5,422,441,863
2019-05-02T17:45:00+09:00,J1,1022,1179,2201
2019-05-02T17:45:00+09:00,J2,961,742,1703
2019-05-02T17:45:00+09:00,J3,1042,888,1930
2019-05-02T17:45:00+09:00,J4,876,859,1735
2019-05-02T17:45:00+09:00,J5,428,372,800
2019-05-02T18:00:00+09:00,J1,1045,1208,2253
2019-05-02T18:00:00+09:00,J2,908,799,1707
2019-05-02T18:00:00+09:00,J3,1021,823,1844
2019-05-02T18:00:00+09:00,J4,843,921,1764
2019-05-02T18:00:00+09:00,J5,448,424,872
2019-05-02T18:15:00+09:00,J1,1084,1135,2219
2019-05-02T18:15:00+09:00,J2,932,809,1741
2019-05-02T18:15:00+09:00,J3,981,830,1811
2019-05-02T18:15:00+09:00,J4,991,825,1816
2019-05-02T18:15:00+09:00,J5,420,405,825
2019-05-02T18:30:00+09:00,J1,941,1103,2044
2019-05-02T18:30:00+09:00,J2,874,778,1652
2019-05-02T18:30:00+09:00,J3,733,719,1452
2019-05-02T18:30:00+09:00,J4,914,858,1772
2019-05-02T18:30:00+09:00,J5,500,514,1014
2019-05-02T18:45:00+09:00,J1,888,1026,1914
2019-05-02T18:45:00+09:00,J2,802,777,1579
2019-05-02T18:45:00+09:00,J3,792,664,1456
2019-05-02T18:45:00+09:00,J4,1022,815,1837
2019-05-02T18:45:00+09:00,J5,539,593,1132
2019-05-02T19:00:00+09:00,J1,839,861,1700
2019-05-02T19:00:00+09:00,J2,811,694,1505
2019-05-02T19:00:00+09:00,J3,752,731,1483
2019-05-02T19:00:00+09:00,J4,981,840,1821
2019-05-02T19:00:00+09:00,J5,539,592,1131
2019-05-02T19:15:00+09:00,J1,844,858,1702
2019-05-02T19:15:00+09:00,J2,782,656,1438
2019-05-02T19:15:00+09:00,J3,820,772,1592
2019-05-02T19:15:00+09:00,J4,936,856,1792
2019-05-02T19:15:00+09:00,J5,534,608,1142
2019-05-02T19:30:00+09:00,J1,784,883,1667
2019-05-02T19:30:00+09:00,J2,862,642,1504
2019-05-02T19:30:00+09:00,J3,774,715,1489
2019-05-02T19:30:00+09:00,J4,926,860,1786
2019-05-02T19:30:00+09:00,J5,580,597,1177
2019-05-02T19:45:00+09:00,J1,796,876,1672
2019-05-02T19:45:00+09:00,J2,812,643,1455
2019-05-02T19:45:00+09:00,J3,737,691,1428
2019-05-02T19:45:00+09:00,J4,843,770,1613
2019-05-02T19:45:00+09:00,J5,520,577,1097
2019-05-02T20:00:00+09:00,J1,800,886,1686
2019-05-02T20:00:00+09:00,J2,851,596,1447
2019-05-02T20:00:00+09:00,J3,723,792,1515
2019-05-02T20:00:00+09:00,J4,863,801,1664
2019-05-02T20:00:00+09:00,J5,586,562,1148
2019-05-02T20:15:00+09:00,J1,827,918,1745
2019-05-02T20:15:00+09:00,J2,803,620,1423
2019-05-02T20:15:00+09:00,J3,792,748,1540
2019-05-02T20:15:00+09:00,J4,834,790,1624
2019-05-02T20:15:00+09:00,J5,552,549,1101
2019-05-02T20:30:00+09:00,J1,885,904,1789
2019-05-02T20:30:00+09:00,J2,690,674,1364
2019-05-02T20:30:00+09:00,J3,827,782,1609
2019-05-02T20:30:00+09:00,J4,793,730,1523
2019-05-02T20:30:00+09:00,J5,525,490,1015
2019-05-02T20:45:00+09:00,J1,793,949,1742
2019-05-02T20:45:00+09:00,J2,690,684,1374
2019-05-02T20:45:00+09:00,J3,795,791,1586
2019-05-02T20:45:00+09:00,J4,669,603,1272
2019-05-02T20:45:00+09:00,J5,441,428,869
2019-05-02T21:00:00+09:00,J1,811,873,1684
2019-05-02T21:00:00+09:00,J2,660,645,1305
2019-05-02T21:00:00+09:00,J3,658,657,1315
2019-05-02T21:00:00+09:00,J4,750,769,1519
2019-05-02T21:00:00+09:00,J5,422,461,883
2019-05-02T21:15:00+09:00,J1,775,916,1691
2019-05-02T21:15:00+09:00,J2,627,579,1206
2019-05-02T21:15:00+09:00,J3,640,622,1262
2019-05-02T21:15:00+09:00,J4,886,759,1645
2019-05-02T21:15:00+09:00,J5,450,428,878
2019-05-02T21:30:00+09:00,J1,788,820,1608
2019-05-02T21:30:00+09:00,J2,628,659,1287
2019-05-02T21:30:00+09:00,J3,675,626,1301
2019-05-02T21:30:00+09:00,J4,748,749,1497
2019-05-02T21:30:00+09:00,J5,387,379,766
2019-05-02T21:45:00+09:00,J1,708,869,1577
2019-05-02T21:45:00+09:00,J2,586,607,1193
2019-05-02T21:45:00+09:00,J3,628,639,1267
2019-05-02T21:45:00+09:00,J4,828,741,1569
2019-05-02T21:45:00+09:00,J5,327,313,640
2019-05-02T22:00:00+09:00,J1,712,819,1531
2019-05-02T22:00:00+09:00,J2,459,565,1024
2019-05-02T22:00:00+09:00,J3,578,662,1240
2019-05-02T22:00:00+09:00,J4,736,714,1450
2019-05-02T22:00:00+09:00,J5,351,304,655
2019-05-02T22:15:00+09:00,J1,777,825,1602
2019-05-02T22:15:00+09:00,J2,431,481,912
2019-05-02T22:15:00+09:00,J3,686,680,1366
2019-05-02T22:15:00+09:00,J4,790,680,1470
2019-05-02T22:15:00+09:00,J5,347,317,664
2019-05-02T22:30:00+09:00,J1,709,775,1484
2019-05-02T22:30:00+09:00,J2,473,512,985
2019-05-02T22:30:00+09:00,J3,691,658,1349
2019-05-02T22:30:00+09:00,J4,758,668,1426
2019-05-02T22:30:00+09:00,J5,321,304,625
2019-05-02T22:45:00+09:00,J1,704,779,1483
2019-05-02T22:45:00+09:00,J2,445,494,939
2019-05-02T22:45:00+09:00,J3,752,681,1433
2019-05-02T22:45:00+09:00,J4,761,678,1439
2019-05-02T22:45:00+09:00,J5,309,296,605
2019-05-02T23:00:00+09:00,J1,688,694,1382
2019-05-02T23:00:00+09:00,J2,419,482,901
2019-05-02T23:00:00+09:00,J3,753,705,1458
2019-05-02T23:00:00+09:00,J4,713,613,1326
2019-05-02T23:00:00+09:00,J5,308,246,554
2019-05-02T23:15:00+09:00,J1,791,785,1576
2019-05-02T23:15:00+09:00,J2,394,508,902
2019-05-02T23:15:00+09:00,J3,694,676,1370
2019-05-02T23:15:00+09:00,J4,728,693,1421
2019-05-02T23:15:00+09:00,J5,329,256,585
2019-05-02T23:30:00+09:00,J1,724,760,1484
2019-05-02T23:30:00+09:00,J2,429,452,881
2019-05-02T23:30:00+09:00,J3,669,681,1350
2019-05-02T23:30:00+09:00,J4,713,651,1364
2019-05-02T23:30:00+09:00,J5,313,243,556
2019-05-02T23:45:00+09:00,J1,704,756,1460
2019-05-02T23:45:00+09:00,J2,413,475,888
2019-05-02T23:45:00+09:00,J3,663,618,1281
2019-05-02T23:45:00+09:00,J4,648,577,1225
2019-05-02T23:45:00+09:00,J5,298,282,580
2019-05-03T00:00:00+09:00,J1,588,553,1141
2019-05-03T00:00:00+09:00,J2,331,364,695
2019-05-03T00:00:00+09:00,J3,678,628,1306
2019-05-03T00:00:00+09:00,J4,553,474,1027
2019-05-03T00:00:00+09:00,J5,277,234,511
2019-05-03T00:15:00+09:00,J1,289,313,602
2019-05-03T00:15:00+09:00,J2,343,380,723
2019-05-03T00:15:00+09:00,J3,695,673,1368
2019-05-03T00:15:00+09:00,J4,366,360,726
2019-05-03T00:15:00+09:00,J5,275,219,494
2019-05-03T00:30:00+09:00,J1,362,323,685
2019-05-03T00:30:00+09:00,J2,316,391,707
2019-05-03T00:30:00+09:00,J3,722,602,1324
2019-05-03T00:30:00+09:00,J4,347,346,693
2019-05-03T00:30:00+09:00,J5,289,231,520
2019-05-03T00:45:00+09:00,J1,351,348,699
2019-05-03T00:45:00+09:00,J2,350,390,740
2019-05-03T00:45:00+09:00,J3,665,641,1306
2019-05-03T00:45:00+09:00,J4,315,333,648
2019-05-03T00:45:00+09:00,J5,313,218,531
2019-05-03T05:45:00+09:00,J1,368,365,733
2019-05-03T05:45:00+09:00,J2,413,405,818
2019-05-03T05:45:00+09:00,J3,511,477,988
2019-05-03T05:45:00+09:00,J4,511,511,1022
2019-05-03T05:45:00+09:00,J5,335,295,630
2019-05-03T06:00:00+09:00,J1,365,400,765
2019-05-03T06:00:00+09:00,J2,328,390,718
2019-05-03T06:00:00+09:00,J3,681,604,1285
2019-05-03T06:00:00+09:00,J4,496,472,968
2019-05-03T06:00:00+09:00,J5,275,230,505
2019-05-03T06:15:00+09:00,J1,373,416,789
2019-05-03T06:15:00+09:00,J2,369,466,835
2019-05-03T06:15:00+09:00,J3,803,785,1588
2019-05-03T06:15:00+09:00,J4,445,474,919
2019-05-03T06:15:00+09:00,J5,306,267,573
2019-05-03T06:30:00+09:00,J1,356,333,689
2019-05-03T06:30:00+09:00,J2,342,386,728
2019-05-03T06:30:00+09:00,J3,676,659,1335
2019-05-03T06:30:00+09:00,J4,418,496,914
2019-05-03T06:30:00+09:00,J5,259,269,528
2019-05-03T06:45:00+09:00,J1,453,417,870
2019-05-03T06:45:00+09:00,J2,378,428,806
2019-05-03T06:45:00+09:00,J3,733,744,1477
2019-05-03T06:45:00+09:00,J4,429,486,915
2019-05-03T06:45:00+09:00,J5,282,238,520
2019-05-03T07:00:00+09:00,J1,405,429,834
2019-05-03T07:00:00+09:00,J2,334,347,681
2019-05-03T07:00:00+09:00,J3,794,715,1509
2019-05-03T07:00:00+09:00,J4,411,468,879
2019-05-03T07:00:00+09:00,J5,297,254,551
2019-05-03T07:15:00+09:00,J1,508,532,1040
2019-05-03T07:15:00+09:00,J2,320,334,654
2019-05-03T07:15:00+09:00,J3,794,709,1503
2019-05-03T07:15:00+09:00,J4,397,429,826
2019-05-03T07:15:00+09:00,J5,282,277,559
2019-05-03T07:30:00+09:00,J1,497,495,992
2019-05-03T07:30:00+09:00,J2,321,279,600
2019-05-03T07:30:00+09:00,J3,788,722,1510
2019-05-03T07:30:00+09:00,J4,378,404,782
2019-05-03T07:30:00+09:00,J5,281,291,572
2019-05-03T07:45:00+09:00,J1,517,465,982
2019-05-03T07:45:00+09:00,J2,303,289,592
2019-05-03T07:45:00+09:00,J3,738,714,1452
2019-05-03T07:45:00+09:00,J4,354,446,800
2019-05-03T07:45:00+09:00,J5,292,280,572
2019-05-03T08:00:00+09:00,J1,760,746,1506
2019-05-03T08:00:00+09:00,J2,442,331,773
2019-05-03T08:00:00+09:00,J3,779,685,1464
2019-05-03T08:00:00+09:00,J4,466,540,1006
2019-05-03T08:00:00+09:00,J5,310,292,602
2019-05-03T08:15:00+09:00,J1,868,836,1704
2019-05-03T08:15:00+09:00,J2,543,496,1039
2019-05-03T08:15:00+09:00,J3,613,689,1302
2019-05-03T08:15:00+09:00,J4,511,542,1053
2019-05-03T08:15:00+09:00,J5,364,293,657
2019-05-03T08:30:00+09:00,J1,864,972,1836
2019-05-03T08:30:00+09:00,J2,604,518,1122
2019-05-03T08:30:00+09:00,J3,532,665,1197
2019-05-03T08:30:00+09:00,J4,604,598,1202
2019-05-03T08:30:00+09:00,J5,338,313,651
2019-05-03T08:45:00+09:00,J1,866,913,1779
2019-05-03T08:45:00+09:00,J2,570,582,1152
2019-05-03T08:45:00+09:00,J3,521,569,1090
2019-05-03T08:45:00+09:00,J4,592,536,1128
2019-05-03T08:45:00+09:00,J5,333,322,655
2019-05-03T09:00:00+09:00,J1,734,744,1478
2019-05-03T09:00:00+09:00,J2,587,681,1268
2019-05-03T09:00:00+09:00,J3,465,529,994
2019-05-03T09:00:00+09:00,J4,646,635,1281
2019-05-03T09:00:00+09:00,J5,289,275,564
2019-05-03T09:15:00+09:00,J1,719,779,1498
2019-05-03T09:15:00+09:00,J2,588,650,1238
2019-05-03T09:15:00+09:00,J3,490,581,1071
2019-05-03T09:15:00+09:00,J4,613,644,1257
2019-05-03T09:15:00+09:00,J5,373,344,717
2019-05-03T09:30:00+09:00,J1,812,832,1644
2019-05-03T09:30:00+09:00,J2,686,622,1308
2019-05-03T09:30:00+09:00,J3,536,545,1081
2019-05-03T09:30:00+09:00,J4,718,746,1464
2019-05-03T09:30:00+09:00,J5,387,352,739
2019-05-03T09:45:00+09:00,J1,777,766,1543
2019-05-03T09:45:00+09:00,J2,696,667,1363
2019-05-03T09:45:00+09:00,J3,539,574,1113
2019-05-03T09:45:00+09:00,J4,744,814,1558
2019-05-03T09:45:00+09:00,J5,359,361,720
2019-05-03T10:00:00+09:00,J1,725,646,1371
2019-05-03T10:00:00+09:00,J2,698,665,1363
2019-05-03T10:00:00+09:00,J3,502,499,1001
2019-05-03T10:00:00+09:00,J4,924,850,1774
2019-05-03T10:00:00+09:00,J5,377,420,797
2019-05-03T10:15:00+09:00,J1,754,625,1379
2019-05-03T10:15:00+09:00,J2,748,673,1421
2019-05-03T10:15:00+09:00,J3,594,545,1139
2019-05-03T10:15:00+09:00,J4,898,800,1698
2019-05-03T10:15:00+09:00,J5,428,489,917
2019-05-03T10:30:00+09:00,J1,712,606,1318
2019-05-03T10:30:00+09:00,J2,805,605,1410
2019-05-03T10:30:00+09:00,J3,566,576,1142
2019-05-03T10:30:00+09:00,J4,820,818,1638
2019-05-03T10:30:00+09:00,J5,519,562,1081
2019-05-03T10:45:00+09:00,J1,703,724,1427
2019-05-03T10:45:00+09:00,J2,723,552,1275
2019-05-03T10:45:00+09:00,J3,638,581,1219
2019-05-03T10:45:00+09:00,J4,863,801,1664
2019-05-03T10:45:00+09:00,J5,503,612,1115
2019-05-03T11:00:00+09:00,J1,797,890,1687
2019-05-03T11:00:00+09:00,J2,712,585,1297
2019-05-03T11:00:00+09:00,J3,692,638,1330
2019-05-03T11:00:00+09:00,J4,804,842,1646
2019-05-03T11:00:00+09:00,J5,551,752,1303
2019-05-03T11:15:00+09:00,J1,835,874,1709
2019-05-03T11:15:00+09:00,J2,649,604,1253
2019-05-03T11:15:00+09:00,J3,712,655,1367
2019-05-03T11:15:00+09:00,J4,753,875,1628
2019-05-03T11:15:00+09:00,J5,562,663,1225
2019-05-03T11:30:00+09:00,J1,822,921,1743
2019-05-03T11:30:00+09:00,J2,682,577,1259
2019-05-03T11:30:00+09:00,J3,794,648,1442
2019-05-03T11:30:00+09:00,J4,796,804,1600
2019-05-03T11:30:00+09:00,J5,608,629,1237
2019-05-03T11:45:00+09:00,J1,776,946,1722
2019-05-03T11:45:00+09:00,J2,612,647,1259
2019-05-03T11:45:00+09:00,J3,786,711,1497
2019-05-03T11:45:00+09:00,J4,741,776,1517
2019-05-03T11:45:00+09:00,J5,526,605,1131
2019-05-03T12:00:00+09:00,J1,795,973,1768
2019-05-03T12:00:00+09:00,J2,621,563,1184
2019-05-03T12:00:00+09:00,J3,755,733,1488
2019-05-03T12:00:00+09:00,J4,713,822,1535
2019-05-03T12:00:00+09:00,J5,515,470,985
2019-05-03T12:15:00+09:00,J1,774,902,1676
2019-05-03T12:15:00+09:00,J2,583,546,1129
2019-05-03T12:15:00+09:00,J3,752,766,1518
2019-05-03T12:15:00+09:00,J4,792,832,1624
2019-05-03T12:15:00+09:00,J5,486,490,976
2019-05-03T12:30:00+09:00,J1,592,900,1492
2019-05-03T12:30:00+09:00,J2,560,519,1079
2019-05-03T12:30:00+09:00,J3,736,701,1437
2019-05-03T12:30:00+09:00,J4,723,845,1568
2019-05-03T12:30:00+09:00,J5,460,507,967
2019-05-03T12:45:00+09:00,J1,675,779,1454
2019-05-03T12:45:00+09:00,J2,527,533,1060
2019-05-03T12:45:00+09:00,J3,746,729,1475
2019-05-03T12:45:00+09:00,J4,714,803,1517
2019-05-03T12:45:00+09:00,J5,480,504,984
2019-05-03T13:00:00+09:00,J1,759,768,1527
2019-05-03T13:00:00+09:00,J2,544,576,1120
2019-05-03T13:00:00+09:00,J3,738,752,1490
2019-05-03T13:00:00+09:00,J4,738,784,1522
2019-05-03T13:00:00+09:00,J5,509,475,984
2019-05-03T13:15:00+09:00,J1,738,859,1597
2019-05-03T13:15:00+09:00,J2,522,616,1138
2019-05-03T13:15:00+09:00,J3,751,752,1503
2019-05-03T13:15:00+09:00,J4,661,798,1459
2019-05-03T13:15:00+09:00,J5,487,444,931
2019-05-03T13:30:00+09:00,J1,753,785,1538
2019-05-03T13:30:00+09:00,J2,477,592,1069
2019-05-03T13:30:00+09:00,J3,781,768,1549
2019-05-03T13:30:00+09:00,J4,731,775,1506
2019-05-03T13:30:00+09:00,J5,434,440,874
2019-05-03T13:45:00+09:00,J1,736,856,1592
2019-05-03T13:45:00+09:00,J2,473,600,1073
2019-05-03T13:45:00+09:00,J3,760,708,1468
2019-05-03T13:45:00+09:00,J4,683,782,1465
2019-05-03T13:45:00+09:00,J5,433,418,851
2019-05-03T14:00:00+09:00,J1,793,810,1603
2019-05-03T14:00:00+09:00,J2,542,597,1139
2019-05-03T14:00:00+09:00,J3,713,722,1435
2019-05-03T14:00:00+09:00,J4,675,702,1377
2019-05-03T14:00:00+09:00,J5,449,437,886
2019-05-03T14:15:00+09:00,J1,874,993,1867
2019-05-03T14:15:00+09:00,J2,456,682,1138
2019-05-03T14:15:00+09:00,J3,828,836,1664
2019-05-03T14:15:00+09:00,J4,681,726,1407
2019-05-03T14:15:00+09:00,J5,429,395,824
2019-05-03T14:30:00+09:00,J1,800,986,1786
2019-05-03T14:30:00+09:00,J2,535,668,1203
2019-05-03T14:30:00+09:00,J3,793,838,1631
2019-05-03T14:30:00+09:00,J4,638,667,1305
2019-05-03T14:30:00+09:00,J5,496,471,967
2019-05-03T14:45:00+09:00,J1,845,964,1809
2019-05-03T14:45:00+09:00,J2,546,673,1219
2019-05-03T14:45:00+09:00,J3,865,840,1705
2019-05-03T14:45:00+09:00,J4,608,611,1219
2019-05-03T14:45:00+09:00,J5,505,461,966
2019-05-03T15:00:00+09:00,J1,857,935,1792
2019-05-03T15:00:00+09:00,J2,561,673,1234
2019-05-03T15:00:00+09:00,J3,815,901,1716
2019-05-03T15:00:00+09:00,J4,611,698,1309
2019-05-03T15:00:00+09:00,J5,410,419,829
2019-05-03T15:15:00+09:00,J1,863,969,1832
2019-05-03T15:15:00+09:00,J2,575,713,1288
2019-05-03T15:15:00+09:00,J3,780,841,1621
2019-05-03T15:15:00+09:00,J4,552,744,1296
2019-05-03T15:15:00+09:00,J5,484,436,920
2019-05-03T15:30:00+09:00,J1,816,1000,1816
2019-05-03T15:30:00+09:00,J2,622,722,1344
2019-05-03T15:30:00+09:00,J3,910,900,1810
2019-05-03T15:30:00+09:00,J4,687,652,1339
2019-05-03T15:30:00+09:00,J5,475,399,874
2019-05-03T15:45:00+09:00,J1,793,967,1760
2019-05-03T15:45:00+09:00,J2,661,735,1396
2019-05-03T15:45:00+09:00,J3,916,895,1811
2019-05-03T15:45:00+09:00,J4,663,671,1334
2019-05-03T15:45:00+09:00,J5,430,458,888
2019-05-03T16:00:00+09:00,J1,801,921,1722
2019-05-03T16:00:00+09:00,J2,644,747,1391
2019-05-03T16:00:00+09:00,J3,922,875,1797
2019-05-03T16:00:00+09:00,J4,705,687,1392
2019-05-03T16:00:00+09:00,J5,389,378,767
2019-05-03T16:15:00+09:00,J1,817,953,1770
2019-05-03T16:15:00+09:00,J2,655,685,1340
2019-05-03T16:15:00+09:00,J3,898,819,1717
2019-05-03T16:15:00+09:00,J4,621,629,1250
2019-05-03T16:15:00+09:00,J5,353,342,695
2019-05-03T16:30:00+09:00,J1,864,976,1840
2019-05-03T16:30:00+09:00,J2,674,722,1396
2019-05-03T16:30:00+09:00,J3,918,857,1775
2019-05-03T16:30:00+09:00,J4,699,695,1394
2019-05-03T16:30:00+09:00,J5,414,397,811
2019-05-03T16:45:00+09:00,J1,854,950,1804
2019-05-03T16:45:00+09:00,J2,688,694,1382
2019-05-03T16:45:00+09:00,J3,882,877,1759
2019-05-03T16:45:00+09:00,J4,650,681,1331
2019-05-03T16:45:00+09:00,J5,415,390,805
2019-05-03T17:00:00+09:00,J1,968,1107,2075
2019-05-03T17:00:00+09:00,J2,712,701,1413
2019-05-03T17:00:00+09:00,J3,939,908,1847
2019-05-03T17:00:00+09:00,J4,648,639,1287
2019-05-03T17:00:00+09:00,J5,404,364,768
2019-05-03T17:15:00+09:00,J1,1002,1060,2062
2019-05-03T17:15:00+09:00,J2,715,678,1393
2019-05-03T17:15:00+09:00,J3,958,1005,1963
2019-05-03T17:15:00+09:00,J4,686,687,1373
2019-05-03T17:15:00+09:00,J5,453,385,838
2019-05-03T17:30:00+09:00,J1,948,1093,2041
2019-05-03T17:30:00+09:00,J2,696,717,1413
2019-05-03T17:30:00+09:00,J3,974,930,1904
2019-05-03T17:30:00+09:00,J4,715,753,1468
2019-05-03T17:30:00+09:00,J5,439,459,898
2019-05-03T17:45:00+09:00,J1,978,1001,1979
2019-05-03T17:45:00+09:00,J2,710,667,1377
2019-05-03T17:45:00+09:00,J3,1007,914,1921
2019-05-03T17:45:00+09:00,J4,709,666,1375
2019-05-03T17:45:00+09:00,J5,365,375,740
2019-05-03T18:00:00+09:00,J1,922,1042,1964
2019-05-03T18:00:00+09:00,J2,661,640,1301
2019-05-03T18:00:00+09:00,J3,984,919,1903
2019-05-03T18:00:00+09:00,J4,653,608,1261
2019-05-03T18:00:00+09:00,J5,468,423,891
2019-05-03T18:15:00+09:00,J1,998,1029,2027
2019-05-03T18:15:00+09:00,J2,642,716,1358
2019-05-03T18:15:00+09:00,J3,965,815,1780
2019-05-03T18:15:00+09:00,J4,648,627,1275
2019-05-03T18:15:00+09:00,J5,444,408,852
2019-05-03T18:30:00+09:00,J1,804,829,1633
2019-05-03T18:30:00+09:00,J2,575,708,1283
2019-05-03T18:30:00+09:00,J3,916,882,1798
2019-05-03T18:30:00+09:00,J4,619,620,1239
2019-05-03T18:30:00+09:00,J5,471,402,873
2019-05-03T18:45:00+09:00,J1,732,824,1556
2019-05-03T18:45:00+09:00,J2,557,638,1195
2019-05-03T18:45:00+09:00,J3,901,792,1693
2019-05-03T18:45:00+09:00,J4,675,647,1322
2019-05-03T18:45:00+09:00,J5,365,382,747
2019-05-03T19:00:00+09:00,J1,601,766,1367
2019-05-03T19:00:00+09:00,J2,399,512,911
2019-05-03T19:00:00+09:00,J3,841,839,1680
2019-05-03T19:00:00+09:00,J4,592,690,1282
2019-05-03T19:00:00+09:00,J5,429,377,806
2019-05-03T19:15:00+09:00,J1,576,699,1275
2019-05-03T19:15:00+09:00,J2,434,569,1003
2019-05-03T19:15:00+09:00,J3,773,852,1625
2019-05-03T19:15:00+09:00,J4,640,644,1284
2019-05-03T19:15:00+09:00,J5,401,425,826
2019-05-03T19:30:00+09:00,J1,680,733,1413
2019-05-03T19:30:00+09:00,J2,488,426,914
2019-05-03T19:30:00+09:00,J3,722,822,1544
2019-05-03T19:30:00+09:00,J4,718,773,1491
2019-05-03T19:30:00+09:00,J5,391,333,724
2019-05-03T19:45:00+09:00,J1,617,710,1327
2019-05-03T19:45:00+09:00,J2,437,484,921
2019-05-03T19:45:00+09:00,J3,688,670,1358
2019-05-03T19:45:00+09:00,J4,662,700,1362
2019-05-03T19:45:00+09:00,J5,397,384,781
2019-05-03T20:00:00+09:00,J1,530,623,1153
2019-05-03T20:00:00+09:00,J2,437,365,802
2019-05-03T20:00:00+09:00,J3,730,640,1370
2019-05-03T20:00:00+09:00,J4,641,713,1354
2019-05-03T20:00:00+09:00,J5,424,406,830
2019-05-03T20:15:00+09:00,J1,605,713,1318
2019-05-03T20:15:00+09:00,J2,489,482,971
2019-05-03T20:15:00+09:00,J3,754,706,1460
2019-05-03T20:15:00+09:00,J4,697,701,1398
2019-05-03T20:15:00+09:00,J5,459,405,864
2019-05-03T20:30:00+09:00,J1,644,618,1262
2019-05-03T20:30:00+09:00,J2,413,414,827
2019-05-03T20:30:00+09:00,J3,675,582,1257
2019-05-03T20:30:00+09:00,J4,714,652,1366
2019-05-03T20:30:00+09:00,J5,391,375,766
2019-05-03T20:45:00+09:00,J1,649,640,1289
2019-05-03T20:45:00+09:00,J2,497,421,918
2019-05-03T20:45:00+09:00,J3,760,532,1292
2019-05-03T20:45:00+09:00,J4,644,649,1293
2019-05-03T20:45:00+09:00,J5,332,337,669
2019-05-03T21:00:00+09:00,J1,635,669,1304
2019-05-03T21:00:00+09:00,J2,482,435,917
2019-05-03T21:00:00+09:00,J3,634,487,1121
2019-05-03T21:00:00+09:00,J4,676,706,1382
2019-05-03T21:00:00+09:00,J5,422,494,916
2019-05-03T21:15:00+09:00,J1,648,670,1318
2019-05-03T21:15:00+09:00,J2,437,424,861
2019-05-03T21:15:00+09:00,J3,656,519,1175
2019-05-03T21:15:00+09:00,J4,666,703,1369
2019-05-03T21:15:00+09:00,J5,491,546,1037
2019-05-03T21:30:00+09:00,J1,570,629,1199
2019-05-03T21:30:00+09:00,J2,468,479,947
2019-05-03T21:30:00+09:00,J3,663,497,1160
2019-05-03T21:30:00+09:00,J4,672,706,1378
2019-05-03T21:30:00+09:00,J5,505,552,1057
2019-05-03T21:45:00+09:00,J1,620,630,1250
2019-05-03T21:45:00+09:00,J2,424,487,911
2019-05-03T21:45:00+09:00,J3,600,513,1113
2019-05-03T21:45:00+09:00,J4,644,613,1257
2019-05-03T21:45:00+09:00,J5,480,544,1024
2019-05-03T22:00:00+09:00,J1,593,626,1219
2019-05-03T22:00:00+09:00,J2,455,497,952
2019-05-03T22:00:00+09:00,J3,636,580,1216
2019-05-03T22:00:00+09:00,J4,591,612,1203
2019-05-03T22:00:00+09:00,J5,491,634,1125
2019-05-03T22:15:00+09:00,J1,558,582,1140
2019-05-03T22:15:00+09:00,J2,502,439,941
2019-05-03T22:15:00+09:00,J3,590,532,1122
2019-05-03T22:15:00+09:00,J4,603,651,1254
2019-05-03T22:15:00+09:00,J5,514,579,1093
2019-05-03T22:30:00+09:00,J1,580,643,1223
2019-05-03T22:30:00+09:00,J2,483,503,986
2019-05-03T22:30:00+09:00,J3,572,461,1033
2019-05-03T22:30:00+09:00,J4,661,635,1296
2019-05-03T22:30:00+09:00,J5,504,544,1048
2019-05-03T22:45:00+09:00,J1,538,635,1173
2019-05-03T22:45:00+09:00,J2,538,438,976
2019-05-03T22:45:00+09:00,J3,563,448,1011
2019-05-03T22:45:00+09:00,J4,691,641,1332
2019-05-03T22:45:00+09:00,J5,476,511,987
2019-05-03T23:00:00+09:00,J1,549,691,1240
2019-05-03T23:00:00+09:00,J2,578,517,1095
2019-05-03T23:00:00+09:00,J3,559,449,1008
2019-05-03T23:00:00+09:00,J4,703,705,1408
2019-05-03T23:00:00+09:00,J5,509,555,1064
2019-05-03T23:15:00+09:00,J1,619,716,1335
2019-05-03T23:15:00+09:00,J2,624,534,1158
2019-05-03T23:15:00+09:00,J3,551,430,981
2019-05-03T23:15:00+09:00,J4,684,697,1381
2019-05-03T23:15:00+09:00,J5,423,495,918
2019-05-03T23:30:00+09:00,J1,558,610,1168
2019-05-03T23:30:00+09:00,J2,560,476,1036
2019-05-03T23:30:00+09:00,J3,499,457,956
2019-05-03T23:30:00+09:00,J4,740,721,1461
2019-05-03T23:30:00+09:00,J5,450,491,941
2019-05-03T23:45:00+09:00,J1,591,625,1216
2019-05-03T23:45:00+09:00,J2,546,513,1059
2019-05-03T23:45:00+09:00,J3,459,412,871
2019-05-03T23:45:00+09:00,J4,763,666,1429
2019-05-03T23:45:00+09:00,J5,451,522,973
2019-05-04T00:00:00+09:00,J1,426,537,963
2019-05-04T00:00:00+09:00,J2,579,511,1090
2019-05-04T00:00:00+09:00,J3,384,308,692
2019-05-04T00:00:00+09:00,J4,756,675,1431
2019-05-04T00:00:00+09:00,J5,347,367,714
2019-05-04T00:15:00+09:00,J1,442,529,971
2019-05-04T00:15:00+09:00,J2,565,532,1097
2019-05-04T00:15:00+09:00,J3,367,349,716
2019-05-04T00:15:00+09:00,J4,736,580,1316
2019-05-04T00:15:00+09:00,J5,266,300,566
2019-05-04T00:30:00+09:00,J1,449,456,905
2019-05-04T00:30:00+09:00,J2,572,539,1111
2019-05-04T00:30:00+09:00,J3,349,349,698
2019-05-04T00:30:00+09:00,J4,557,600,1157
2019-05-04T00:30:00+09:00,J5,232,233,465
2019-05-04T00:45:00+09:00,J1,444,389,833
2019-05-04T00:45:00+09:00,J2,561,515,1076
2019-05-04T00:45:00+09:00,J3,320,355,675
2019-05-04T00:45:00+09:00,J4,615,636,1251
2019-05-04T00:45:00+09:00,J5,265,201,466
2019-05-04T05:45:00+09:00,J1,532,500,1032
2019-05-04T05:45:00+09:00,J2,381,439,820
2019-05-04T05:45:00+09:00,J3,781,678,1459
2019-05-04T05:45:00+09:00,J4,314,363,677
2019-05-04T05:45:00+09:00,J5,252,189,441
2019-05-04T06:00:00+09:00,J1,457,504,961
2019-05-04T06:00:00+09:00,J2,431,382,813
2019-05-04T06:00:00+09:00,J3,819,741,1560
2019-05-04T06:00:00+09:00,J4,352,421,773
2019-05-04T06:00:00+09:00,J5,263,183,446
2019-05-04T06:15:00+09:00,J1,505,574,1079
2019-05-04T06:15:00+09:00,J2,354,401,755
2019-05-04T06:15:00+09:00,J3,770,636,1406
2019-05-04T06:15:00+09:00,J4,338,367,705
2019-05-04T06:15:00+09:00,J5,272,245,517
2019-05-04T06:30:00+09:00,J1,537,498,1035
2019-05-04T06:30:00+09:00,J2,376,372,748
2019-05-04T06:30:00+09:00,J3,788,635,1423
2019-05-04T06:30:00+09:00,J4,293,378,671
2019-05-04T06:30:00+09:00,J5,249,215,464
2019-05-04T06:45:00+09:00,J1,525,554,1079
2019-05-04T06:45:00+09:00,J2,446,433,879
2019-05-04T06:45:00+09:00,J3,766,602,1368
2019-05-04T06:45:00+09:00,J4,421,431,852
2019-05-04T06:45:00+09:00,J5,258,245,503
2019-05-04T07:00:00+09:00,J1,521,502,1023
2019-05-04T07:00:00+09:00,J2,366,324,690
2019-05-04T07:00:00+09:00,J3,797,594,1391
2019-05-04T07:00:00+09:00,J4,392,424,816
2019-05-04T07:00:00+09:00,J5,260,247,507
2019-05-04T07:15:00+09:00,J1,556,442,998
2019-05-04T07:15:00+09:00,J2,387,303,690
2019-05-04T07:15:00+09:00,J3,818,633,1451
2019-05-04T07:15:00+09:00,J4,563,468,1031
2019-05-04T07:15:00+09:00,J5,266,241,507
2019-05-04T07:30:00+09:00,J1,527,482,1009
2019-05-04T07:30:00+09:00,J2,407,352,759
2019-05-04T07:30:00+09:00,J3,736,670,1406
2019-05-04T07:30:00+09:00,J4,561,598,1159
2019-05-04T07:30:00+09:00,J5,316,227,543
2019-05-04T07:45:00+09:00,J1,532,508,1040
2019-05-04T07:45:00+09:00,J2,443,475,918
2019-05-04T07:45:00+09:00,J3,725,643,1368
2019-05-04T07:45:00+09:00,J4,656,595,1251
2019-05-04T07:45:00+09:00,J5,291,246,537
2019-05-04T08:00:00+09:00,J1,887,852,1739
2019-05-04T08:00:00+09:00,J2,669,714,1383
2019-05-04T08:00:00+09:00,J3,570,589,1159
2019-05-04T08:00:00+09:00,J4,609,690,1299
2019-05-04T08:00:00+09:00,J5,334,307,641
2019-05-04T08:15:00+09:00,J1,951,876,1827
2019-05-04T08:15:00+09:00,J2,736,624,1360
2019-05-04T08:15:00+09:00,J3,575,557,1132
2019-05-04T08:15:00+09:00,J4,689,767,1456
2019-05-04T08:15:00+09:00,J5,345,326,671
2019-05-04T08:30:00+09:00,J1,906,809,1715
2019-05-04T08:30:00+09:00,J2,753,612,1365
2019-05-04T08:30:00+09:00,J3,643,645,1288
2019-05-04T08:30:00+09:00,J4,837,837,1674
2019-05-04T08:30:00+09:00,J5,403,415,818
2019-05-04T08:45:00+09:00,J1,896,759,1655
2019-05-04T08:45:00+09:00,J2,703,583,1286
2019-05-04T08:45:00+09:00,J3,565,565,1130
2019-05-04T08:45:00+09:00,J4,872,722,1594
2019-05-04T08:45:00+09:00,J5,390,390,780
2019-05-04T09:00:00+09:00,J1,743,600,1343
2019-05-04T09:00:00+09:00,J2,722,668,1390
2019-05-04T09:00:00+09:00,J3,565,514,1079
2019-05-04T09:00:00+09:00,J4,814,812,1626
2019-05-04T09:00:00+09:00,J5,375,376,751
2019-05-04T09:15:00+09:00,J1,624,537,1161
2019-05-04T09:15:00+09:00,J2,773,585,1358
2019-05-04T09:15:00+09:00,J3,522,528,1050
2019-05-04T09:15:00+09:00,J4,915,803,1718
2019-05-04T09:15:00+09:00,J5,362,396,758
2019-05-04T09:30:00+09:00,J1,583,562,1145
2019-05-04T09:30:00+09:00,J2,722,557,1279
2019-05-04T09:30:00+09:00,J3,492,433,925
2019-05-04T09:30:00+09:00,J4,834,775,1609
2019-05-04T09:30:00+09:00,J5,438,438,876
2019-05-04T09:45:00+09:00,J1,596,634,1230
2019-05-04T09:45:00+09:00,J2,711,533,1244
2019-05-04T09:45:00+09:00,J3,590,563,1153
2019-05-04T09:45:00+09:00,J4,727,773,1500
2019-05-04T09:45:00+09:00,J5,449,482,931
2019-05-04T10:00:00+09:00,J1,596,639,1235
2019-05-04T10:00:00+09:00,J2,663,533,1196
2019-05-04T10:00:00+09:00,J3,559,627,1186
2019-05-04T10:00:00+09:00,J4,731,720,1451
2019-05-04T10:00:00+09:00,J5,449,515,964
2019-05-04T10:15:00+09:00,J1,562,659,1221
2019-05-04T10:15:00+09:00,J2,571,529,1100
2019-05-04T10:15:00+09:00,J3,650,592,1242
2019-05-04T10:15:00+09:00,J4,691,781,1472
2019-05-04T10:15:00+09:00,J5,542,623,1165
2019-05-04T10:30:00+09:00,J1,620,646,1266
2019-05-04T10:30:00+09:00,J2,542,519,1061
2019-05-04T10:30:00+09:00,J3,734,667,1401
2019-05-04T10:30:00+09:00,J4,695,837,1532
2019-05-04T10:30:00+09:00,J5,570,665,1235
2019-05-04T10:45:00+09:00,J1,711,624,1335
2019-05-04T10:45:00+09:00,J2,479,511,990
2019-05-04T10:45:00+09:00,J3,706,804,1510
2019-05-04T10:45:00+09:00,J4,642,731,1373
2019-05-04T10:45:00+09:00,J5,523,598,1121
2019-05-04T11:00:00+09:00,J1,909,733,1642
2019-05-04T11:00:00+09:00,J2,496,494,990
2019-05-04T11:00:00+09:00,J3,844,766,1610
2019-05-04T11:00:00+09:00,J4,655,727,1382
2019-05-04T11:00:00+09:00,J5,540,599,1139
2019-05-04T11:15:00+09:00,J1,932,822,1754
2019-05-04T11:15:00+09:00,J2,482,604,1086
2019-05-04T11:15:00+09:00,J3,867,831,1698
2019-05-04T11:15:00+09:00,J4,633,667,1300
2019-05-04T11:15:00+09:00,J5,464,526,990
2019-05-04T11:30:00+09:00,J1,953,839,1792
2019-05-04T11:30:00+09:00,J2,575,569,1144
2019-05-04T11:30:00+09:00,J3,876,793,1669
2019-05-04T11:30:00+09:00,J4,612,658,1270
2019-05-04T11:30:00+09:00,J5,416,440,856
2019-05-04T11:45:00+09:00,J1,996,967,1963
2019-05-04T11:45:00+09:00,J2,606,697,1303
2019-05-04T11:45:00+09:00,J3,805,815,1620
2019-05-04T11:45:00+09:00,J4,590,623,1213
2019-05-04T11:45:00+09:00,J5,456,374,830
2019-05-04T12:00:00+09:00,J1,970,947,1917
2019-05-04T12:00:00+09:00,J2,686,658,1344
2019-05-04T12:00:00+09:00,J3,877,895,1772
2019-05-04T12:00:00+09:00,J4,613,620,1233
2019-05-04T12:00:00+09:00,J5,334,354,688
2019-05-04T12:15:00+09:00,J1,859,965,1824
2019-05-04T12:15:00+09:00,J2,751,683,1434
2019-05-04T12:15:00+09:00,J3,1017,984,2001
2019-05-04T12:15:00+09:00,J4,665,708,1373
2019-05-04T12:15:00+09:00,J5,383,337,720
2019-05-04T12:30:00+09:00,J1,814,903,1717
2019-05-04T12:30:00+09:00,J2,839,741,1580
2019-05-04T12:30:00+09:00,J3,1037,949,1986
2019-05-04T12:30:00+09:00,J4,648,650,1298
2019-05-04T12:30:00+09:00,J5,419,369,788
2019-05-04T12:45:00+09:00,J1,781,836,1617
2019-05-04T12:45:00+09:00,J2,878,711,1589
2019-05-04T12:45:00+09:00,J3,874,910,1784
2019-05-04T12:45:00+09:00,J4,730,739,1469
2019-05-04T12:45:00+09:00,J5,353,383,736
2019-05-04T13:00:00+09:00,J1,613,784,1397
2019-05-04T13:00:00+09:00,J2,833,723,1556
2019-05-04T13:00:00+09:00,J3,841,885,1726
2019-05-04T13:00:00+09:00,J4,669,716,1385
2019-05-04T13:00:00+09:00,J5,391,344,735
2019-05-04T13:15:00+09:00,J1,670,767,1437
2019-05-04T13:15:00+09:00,J2,867,786,1653
2019-05-04T13:15:00+09:00,J3,777,857,1634
2019-05-04T13:15:00+09:00,J4,625,692,1317
2019-05-04T13:15:00+09:00,J5,410,326,736
2019-05-04T13:30:00+09:00,J1,565,662,1227
2019-05-04T13:30:00+09:00,J2,854,695,1549
2019-05-04T13:30:00+09:00,J3,779,840,1619
2019-05-04T13:30:00+09:00,J4,678,629,1307
2019-05-04T13:30:00+09:00,J5,393,360,753
2019-05-04T13:45:00+09:00,J1,489,606,1095
2019-05-04T13:45:00+09:00,J2,852,712,1564
2019-05-04T13:45:00+09:00,J3,782,836,1618
2019-05-04T13:45:00+09:00,J4,631,673,1304
2019-05-04T13:45:00+09:00,J5,425,365,790
2019-05-04T14:00:00+09:00,J1,439,601,1040
2019-05-04T14:00:00+09:00,J2,816,654,1470
2019-05-04T14:00:00+09:00,J3,756,806,1562
2019-05-04T14:00:00+09:00,J4,660,611,1271
2019-05-04T14:00:00+09:00,J5,402,400,802
2019-05-04T14:15:00+09:00,J1,488,646,1134
2019-05-04T14:15:00+09:00,J2,826,705,1531
2019-05-04T14:15:00+09:00,J3,791,826,1617
2019-05-04T14:15:00+09:00,J4,726,739,1465
2019-05-04T14:15:00+09:00,J5,389,410,799
2019-05-04T14:30:00+09:00,J1,505,665,1170
2019-05-04T14:30:00+09:00,J2,798,761,1559
2019-05-04T14:30:00+09:00,J3,797,811,1608
2019-05-04T14:30:00+09:00,J4,753,746,1499
2019-05-04T14:30:00+09:00,J5,412,410,822
2019-05-04T14:45:00+09:00,J1,515,629,1144
2019-05-04T14:45:00+09:00,J2,801,723,1524
2019-05-04T14:45:00+09:00,J3,823,860,1683
2019-05-04T14:45:00+09:00,J4,751,741,1492
2019-05-04T14:45:00+09:00,J5,411,399,810
2019-05-04T15:00:00+09:00,J1,563,611,1174
2019-05-04T15:00:00+09:00,J2,819,742,1561
2019-05-04T15:00:00+09:00,J3,759,785,1544
2019-05-04T15:00:00+09:00,J4,778,834,1612
2019-05-04T15:00:00+09:00,J5,378,351,729
2019-05-04T15:15:00+09:00,J1,527,651,1178
2019-05-04T15:15:00+09:00,J2,756,753,1509
2019-05-04T15:15:00+09:00,J3,817,877,1694
2019-05-04T15:15:00+09:00,J4,747,734,1481
2019-05-04T15:15:00+09:00,J5,401,391,792
2019-05-04T15:30:00+09:00,J1,546,649,1195
2019-05-04T15:30:00+09:00,J2,794,674,1468
2019-05-04T15:30:00+09:00,J3,849,853,1702
2019-05-04T15:30:00+09:00,J4,826,845,1671
2019-05-04T15:30:00+09:00,J5,452,435,887
2019-05-04T15:45:00+09:00,J1,683,814,1497
2019-05-04T15:45:00+09:00,J2,836,722,1558
2019-05-04T15:45:00+09:00,J3,850,857,1707
2019-05-04T15:45:00+09:00,J4,735,835,1570
2019-05-04T15:45:00+09:00,J5,406,399,805
2019-05-04T16:00:00+09:00,J1,642,822,1464
2019-05-04T16:00:00+09:00,J2,807,767,1574
2019-05-04T16:00:00+09:00,J3,824,825,1649
2019-05-04T16:00:00+09:00,J4,734,845,1579
2019-05-04T16:00:00+09:00,J5,400,380,780
2019-05-04T16:15:00+09:00,J1,727,902,1629
2019-05-04T16:15:00+09:00,J2,823,700,1523
2019-05-04T16:15:00+09:00,J3,828,792,1620
2019-05-04T16:15:00+09:00,J4,814,862,1676
2019-05-04T16:15:00+09:00,J5,355,338,693
2019-05-04T16:30:00+09:00,J1,761,804,1565
2019-05-04T16:30:00+09:00,J2,785,708,1493
2019-05-04T16:30:00+09:00,J3,802,789,1591
2019-05-04T16:30:00+09:00,J4,700,765,1465
2019-05-04T16:30:00+09:00,J5,361,384,745
2019-05-04T16:45:00+09:00,J1,578,665,1243
2019-05-04T16:45:00+09:00,J2,832,728,1560
2019-05-04T16:45:00+09:00,J3,811,812,1623
2019-05-04T16:45:00+09:00,J4,685,739,1424
2019-05-04T16:45:00+09:00,J5,371,367,738
2019-05-04T17:00:00+09:00,J1,637,751,1388
2019-05-04T17:00:00+09:00,J2,774,711,1485
2019-05-04T17:00:00+09:00,J3,820,838,1658
2019-05-04T17:00:00+09:00,J4,676,736,1412
2019-05-04T17:00:00+09:00,J5,362,366,728
2019-05-04T17:15:00+09:00,J1,675,820,1495
2019-05-04T17:15:00+09:00,J2,825,724,1549
2019-05-04T17:15:00+09:00,J3,767,850,1617
2019-05-04T17:15:00+09:00,J4,722,753,1475
2019-05-04T17:15:00+09:00,J5,380,408,788
2019-05-04T17:30:00+09:00,J1,606,772,1378
2019-05-04T17:30:00+09:00,J2,896,779,1675
2019-05-04T17:30:00+09:00,J3,831,855,1686
2019-05-04T17:30:00+09:00,J4,819,821,1640
2019-05-04T17:30:00+09:00,J5,414,415,829
2019-05-04T17:45:00+09:00,J1,687,828,1515
2019-05-04T17:45:00+09:00,J2,835,713,1548
2019-05-04T17:45:00+09:00,J3,729,828,1557
2019-05-04T17:45:00+09:00,J4,702,755,1457
2019-05-04T17:45:00+09:00,J5,407,351,758
2019-05-04T18:00:00+09:00,J1,623,659,1282
2019-05-04T18:00:00+09:00,J2,808,704,1512
2019-05-04T18:00:00+09:00,J3,909,855,1764
2019-05-04T18:00:00+09:00,J4,727,695,1422
2019-05-04T18:00:00+09:00,J5,425,432,857
2019-05-04T18:15:00+09:00,J1,597,695,1292
2019-05-04T18:15:00+09:00,J2,815,785,1600
2019-05-04T18:15:00+09:00,J3,866,855,1721
2019-05-04T18:15:00+09:00,J4,688,671,1359
2019-05-04T18:15:00+09:00,J5,442,448,890
2019-05-04T18:30:00+09:00,J1,481,586,1067
2019-05-04T18:30:00+09:00,J2,863,750,1613
2019-05-04T18:30:00+09:00,J3,698,674,1372
2019-05-04T18:30:00+09:00,J4,671,648,1319
2019-05-04T18:30:00+09:00,J5,419,367,786
2019-05-04T18:45:00+09:00,J1,464,496,960
2019-05-04T18:45:00+09:00,J2,807,655,1462
2019-05-04T18:45:00+09:00,J3,764,714,1478
2019-05-04T18:45:00+09:00,J4,722,565,1287
2019-05-04T18:45:00+09:00,J5,374,356,730
2019-05-04T19:00:00+09:00,J1,550,541,1091
2019-05-04T19:00:00+09:00,J2,644,538,1182
2019-05-04T19:00:00+09:00,J3,863,761,1624
2019-05-04T19:00:00+09:00,J4,600,584,1184
2019-05-04T19:00:00+09:00,J5,387,401,788
2019-05-04T19:15:00+09:00,J1,552,594,1146
2019-05-04T19:15:00+09:00,J2,567,573,1140
2019-05-04T19:15:00+09:00,J3,818,768,1586
2019-05-04T19:15:00+09:00,J4,608,572,1180
2019-05-04T19:15:00+09:00,J5,439,443,882
2019-05-04T19:30:00+09:00,J1,677,679,1356
2019-05-04T19:30:00+09:00,J2,573,480,1053
2019-05-04T19:30:00+09:00,J3,858,741,1599
2019-05-04T19:30:00+09:00,J4,530,607,1137
2019-05-04T19:30:00+09:00,J5,389,386,775
2019-05-04T19:45:00+09:00,J1,627,621,1248
2019-05-04T19:45:00+09:00,J2,542,522,1064
2019-05-04T19:45:00+09:00,J3,892,763,1655
2019-05-04T19:45:00+09:00,J4,514,543,1057
2019-05-04T19:45:00+09:00,J5,389,357,746
2019-05-04T20:00:00+09:00,J1,618,604,1222
2019-05-04T20:00:00+09:00,J2,503,489,992
2019-05-04T20:00:00+09:00,J3,899,763,1662
2019-05-04T20:00:00+09:00,J4,526,526,1052
2019-05-04T20:00:00+09:00,J5,391,346,737
2019-05-04T20:15:00+09:00,J1,547,581,1128
2019-05-04T20:15:00+09:00,J2,512,520,1032
2019-05-04T20:15:00+09:00,J3,867,827,1694
2019-05-04T20:15:00+09:00,J4,567,595,1162
2019-05-04T20:15:00+09:00,J5,406,336,742
2019-05-04T20:30:00+09:00,J1,636,598,1234
2019-05-04T20:30:00+09:00,J2,479,505,984
2019-05-04T20:30:00+09:00,J3,886,751,1637
2019-05-04T20:30:00+09:00,J4,541,582,1123
2019-05-04T20:30:00+09:00,J5,336,335,671
2019-05-04T20:45:00+09:00,J1,603,587,1190
2019-05-04T20:45:00+09:00,J2,432,468,900
2019-05-04T20:45:00+09:00,J3,837,754,1591
2019-05-04T20:45:00+09:00,J4,605,612,1217
2019-05-04T20:45:00+09:00,J5,376,329,705
2019-05-04T21:00:00+09:00,J1,647,616,1263
2019-05-04T21:00:00+09:00,J2,364,445,809
2019-05-04T21:00:00+09:00,J3,822,613,1435
2019-05-04T21:00:00+09:00,J4,575,651,1226
2019-05-04T21:00:00+09:00,J5,390,305,695
2019-05-04T21:15:00+09:00,J1,661,670,1331
2019-05-04T21:15:00+09:00,J2,401,428,829
2019-05-04T21:15:00+09:00,J3,742,603,1345
2019-05-04T21:15:00+09:00,J4,668,703,1371
2019-05-04T21:15:00+09:00,J5,411,396,807
2019-05-04T21:30:00+09:00,J1,631,624,1255
2019-05-04T21:30:00+09:00,J2,350,408,758
2019-05-04T21:30:00+09:00,J3,686,634,1320
2019-05-04T21:30:00+09:00,J4,559,621,1180
2019-05-04T21:30:00+09:00,J5,348,353,701
2019-05-04T21:45:00+09:00,J1,635,586,1221
2019-05-04T21:45:00+09:00,J2,366,437,803
2019-05-04T21:45:00+09:00,J3,703,685,1388
2019-05-04T21:45:00+09:00,J4,556,631,1187
2019-05-04T21:45:00+09:00,J5,318,320,638
2019-05-04T22:00:00+09:00,J1,543,615,1158
2019-05-04T22:00:00+09:00,J2,294,353,647
2019-05-04T22:00:00+09:00,J3,634,572,1206
2019-05-04T22:00:00+09:00,J4,523,624,1147
2019-05-04T22:00:00+09:00,J5,346,317,663
2019-05-04T22:15:00+09:00,J1,551,527,1078
2019-05-04T22:15:00+09:00,J2,344,361,705
2019-05-04T22:15:00+09:00,J3,619,587,1206
2019-05-04T22:15:00+09:00,J4,589,600,1189
2019-05-04T22:15:00+09:00,J5,381,314,695
2019-05-04T22:30:00+09:00,J1,556,581,1137
2019-05-04T22:30:00+09:00,J2,300,419,719
2019-05-04T22:30:00+09:00,J3,593,593,1186
2019-05-04T22:30:00+09:00,J4,548,634,1182
2019-05-04T22:30:00+09:00,J5,359,400,759
2019-05-04T22:45:00+09:00,J1,469,510,979
2019-05-04T22:45:00+09:00,J2,250,351,601
2019-05-04T22:45:00+09:00,J3,571,613,1184
2019-05-04T22:45:00+09:00,J4,557,597,1154
2019-05-04T22:45:00+09:00,J5,388,462,850
2019-05-04T23:00:00+09:00,J1,476,445,921
2019-05-04T23:00:00+09:00,J2,298,380,678
2019-05-04T23:00:00+09:00,J3,602,624,1226
2019-05-04T23:00:00+09:00,J4,574,598,1172
2019-05-04T23:00:00+09:00,J5,453,457,910
2019-05-04T23:15:00+09:00,J1,355,468,823
2019-05-04T23:15:00+09:00,J2,321,376,697
2019-05-04T23:15:00+09:00,J3,549,592,1141
2019-05-04T23:15:00+09:00,J4,578,593,1171
2019-05-04T23:15:00+09:00,J5,441,514,955
2019-05-04T23:30:00+09:00,J1,409,443,852
2019-05-04T23:30:00+09:00,J2,331,444,775
2019-05-04T23:30:00+09:00,J3,602,598,1200
2019-05-04T23:30:00+09:00,J4,542,586,1128
2019-05-04T23:30:00+09:00,J5,460,523,983
2019-05-04T23:45:00+09:00,J1,425,430,855
2019-05-04T23:45:00+09:00,J2,337,450,787
2019-05-04T23:45:00+09:00,J3,598,604,1202
2019-05-04T23:45:00+09:00,J4,540,537,1077
2019-05-04T23:45:00+09:00,J5,415,542,957
2019-05-05T00:00:00+09:00,J1,402,343,745
2019-05-05T00:00:00+09:00,J2,363,364,727
2019-05-05T00:00:00+09:00,J3,501,525,1026
2019-05-05T00:00:00+09:00,J4,570,538,1108
2019-05-05T00:00:00+09:00,J5,520,654,1174
2019-05-05T00:15:00+09:00,J1,356,351,707
2019-05-05T00:15:00+09:00,J2,360,345,705
2019-05-05T00:15:00+09:00,J3,499,495,994
2019-05-05T00:15:00+09:00,J4,583,611,1194
2019-05-05T00:15:00+09:00,J5,464,562,1026
2019-05-05T00:30:00+09:00,J1,357,357,714
2019-05-05T00:30:00+09:00,J2,443,403,846
2019-05-05T00:30:00+09:00,J3,446,419,865
2019-05-05T00:30:00+09:00,J4,671,635,1306
2019-05-05T00:30:00+09:00,J5,532,547,1079
2019-05-05T00:45:00+09:00,J1,330,282,612
2019-05-05T00:45:00+09:00,J2,424,326,750
2019-05-05T00:45:00+09:00,J3,458,496,954
2019-05-05T00:45:00+09:00,J4,586,592,1178
2019-05-05T00:45:00+09:00,J5,486,524,1010
2019-05-05T05:45:00+09:00,J1,276,298,574
2019-05-05T05:45:00+09:00,J2,416,463,879
2019-05-05T05:45:00+09:00,J3,531,483,1014
2019-05-05T05:45:00+09:00,J4,501,408,909
2019-05-05T05:45:00+09:00,J5,240,254,494
2019-05-05T06:00:00+09:00,J1,335,294,629
2019-05-05T06:00:00+09:00,J2,494,544,1038
2019-05-05T06:00:00+09:00,J3,486,407,893
2019-05-05T06:00:00+09:00,J4,556,537,1093
2019-05-05T06:00:00+09:00,J5,280,282,562
2019-05-05T06:15:00+09:00,J1,440,396,836
2019-05-05T06:15:00+09:00,J2,595,598,1193
2019-05-05T06:15:00+09:00,J3,336,364,700
2019-05-05T06:15:00+09:00,J4,567,553,1120
2019-05-05T06:15:00+09:00,J5,320,296,616
2019-05-05T06:30:00+09:00,J1,409,348,757
2019-05-05T06:30:00+09:00,J2,588,566,1154
2019-05-05T06:30:00+09:00,J3,371,304,675
2019-05-05T06:30:00+09:00,J4,658,548,1206
2019-05-05T06:30:00+09:00,J5,275,258,533
2019-05-05T06:45:00+09:00,J1,445,347,792
2019-05-05T06:45:00+09:00,J2,571,548,1119
2019-05-05T06:45:00+09:00,J3,349,374,723
2019-05-05T06:45:00+09:00,J4,644,572,1216
2019-05-05T06:45:00+09:00,J5,271,263,534
2019-05-05T07:00:00+09:00,J1,418,335,753
2019-05-05T07:00:00+09:00,J2,612,578,1190
2019-05-05T07:00:00+09:00,J3,340,340,680
2019-05-05T07:00:00+09:00,J4,765,543,1308
2019-05-05T07:00:00+09:00,J5,298,280,578
2019-05-05T07:15:00+09:00,J1,327,272,599
2019-05-05T07:15:00+09:00,J2,645,595,1240
2019-05-05T07:15:00+09:00,J3,402,366,768
2019-05-05T07:15:00+09:00,J4,837,637,1474
2019-05-05T07:15:00+09:00,J5,306,295,601
2019-05-05T07:30:00+09:00,J1,316,286,602
2019-05-05T07:30:00+09:00,J2,575,496,1071
2019-05-05T07:30:00+09:00,J3,388,307,695
2019-05-05T07:30:00+09:00,J4,848,677,1525
2019-05-05T07:30:00+09:00,J5,339,343,682
2019-05-05T07:45:00+09:00,J1,330,329,659
2019-05-05T07:45:00+09:00,J2,562,471,1033
2019-05-05T07:45:00+09:00,J3,404,354,758
2019-05-05T07:45:00+09:00,J4,839,734,1573
2019-05-05T07:45:00+09:00,J5,331,330,661
2019-05-05T08:00:00+09:00,J1,658,695,1353
2019-05-05T08:00:00+09:00,J2,574,515,1089
2019-05-05T08:00:00+09:00,J3,676,678,1354
2019-05-05T08:00:00+09:00,J4,865,829,1694
2019-05-05T08:00:00+09:00,J5,416,433,849
2019-05-05T08:15:00+09:00,J1,742,783,1525
2019-05-05T08:15:00+09:00,J2,564,568,1132
2019-05-05T08:15:00+09:00,J3,694,692,1386
2019-05-05T08:15:00+09:00,J4,775,796,1571
2019-05-05T08:15:00+09:00,J5,485,460,945
2019-05-05T08:30:00+09:00,J1,758,857,1615
2019-05-05T08:30:00+09:00,J2,562,575,1137
2019-05-05T08:30:00+09:00,J3,750,699,1449
2019-05-05T08:30:00+09:00,J4,759,695,1454
2019-05-05T08:30:00+09:00,J5,478,536,1014
2019-05-05T08:45:00+09:00,J1,816,779,1595
2019-05-05T08:45:00+09:00,J2,489,505,994
2019-05-05T08:45:00+09:00,J3,850,721,1571
2019-05-05T08:45:00+09:00,J4,666,684,1350
2019-05-05T08:45:00+09:00,J5,514,545,1059
2019-05-05T09:00:00+09:00,J1,695,638,1333
2019-05-05T09:00:00+09:00,J2,464,474,938
2019-05-05T09:00:00+09:00,J3,738,680,1418
2019-05-05T09:00:00+09:00,J4,711,667,1378
2019-05-05T09:00:00+09:00,J5,554,622,1176
2019-05-05T09:15:00+09:00,J1,760,617,1377
2019-05-05T09:15:00+09:00,J2,431,483,914
2019-05-05T09:15:00+09:00,J3,762,672,1434
2019-05-05T09:15:00+09:00,J4,617,669,1286
2019-05-05T09:15:00+09:00,J5,525,613,1138
2019-05-05T09:30:00+09:00,J1,697,603,1300
2019-05-05T09:30:00+09:00,J2,435,434,869
2019-05-05T09:30:00+09:00,J3,801,788,1589
2019-05-05T09:30:00+09:00,J4,652,692,1344
2019-05-05T09:30:00+09:00,J5,589,675,1264
2019-05-05T09:45:00+09:00,J1,739,557,1296
2019-05-05T09:45:00+09:00,J2,408,472,880
2019-05-05T09:45:00+09:00,J3,791,779,1570
2019-05-05T09:45:00+09:00,J4,653,717,1370
2019-05-05T09:45:00+09:00,J5,498,559,1057
2019-05-05T10:00:00+09:00,J1,691,601,1292
2019-05-05T10:00:00+09:00,J2,398,518,916
2019-05-05T10:00:00+09:00,J3,828,826,1654
2019-05-05T10:00:00+09:00,J4,615,623,1238
2019-05-05T10:00:00+09:00,J5,518,488,1006
2019-05-05T10:15:00+09:00,J1,712,677,1389
2019-05-05T10:15:00+09:00,J2,440,549,989
2019-05-05T10:15:00+09:00,J3,771,757,1528
2019-05-05T10:15:00+09:00,J4,542,608,1150
2019-05-05T10:15:00+09:00,J5,456,435,891
2019-05-05T10:30:00+09:00,J1,698,675,1373
2019-05-05T10:30:00+09:00,J2,484,531,1015
2019-05-05T10:30:00+09:00,J3,710,721,1431
2019-05-05T10:30:00+09:00,J4,593,620,1213
2019-05-05T10:30:00+09:00,J5,423,421,844
2019-05-05T10:45:00+09:00,J1,708,751,1459
2019-05-05T10:45:00+09:00,J2,561,614,1175
2019-05-05T10:45:00+09:00,J3,685,693,1378
2019-05-05T10:45:00+09:00,J4,538,615,1153
2019-05-05T10:45:00+09:00,J5,351,336,687
2019-05-05T11:00:00+09:00,J1,759,984,1743
2019-05-05T11:00:00+09:00,J2,658,625,1283
2019-05-05T11:00:00+09:00,J3,662,675,1337
2019-05-05T11:00:00+09:00,J4,609,552,1161
2019-05-05T11:00:00+09:00,J5,377,387,764
2019-05-05T11:15:00+09:00,J1,782,874,1656
2019-05-05T11:15:00+09:00,J2,737,636,1373
2019-05-05T11:15:00+09:00,J3,694,697,1391
2019-05-05T11:15:00+09:00,J4,611,645,1256
2019-05-05T11:15:00+09:00,J5,403,314,717
2019-05-05T11:30:00+09:00,J1,778,896,1674
2019-05-05T11:30:00+09:00,J2,793,712,1505
2019-05-05T11:30:00+09:00,J3,837,717,1554
2019-05-05T11:30:00+09:00,J4,616,694,1310
2019-05-05T11:30:00+09:00,J5,299,297,596
2019-05-05T11:45:00+09:00,J1,783,769,1552
2019-05-05T11:45:00+09:00,J2,809,589,1398
2019-05-05T11:45:00+09:00,J3,686,712,1398
2019-05-05T11:45:00+09:00,J4,708,730,1438
2019-05-05T11:45:00+09:00,J5,397,353,750
2019-05-05T12:00:00+09:00,J1,684,854,1538
2019-05-05T12:00:00+09:00,J2,856,620,1476
2019-05-05T12:00:00+09:00,J3,779,733,1512
2019-05-05T12:00:00+09:00,J4,773,729,1502
2019-05-05T12:00:00+09:00,J5,356,380,736
2019-05-05T12:15:00+09:00,J1,654,768,1422
2019-05-05T12:15:00+09:00,J2,762,618,1380
2019-05-05T12:15:00+09:00,J3,723,728,1451
2019-05-05T12:15:00+09:00,J4,789,839,1628
2019-05-05T12:15:00+09:00,J5,359,379,738
2019-05-05T12:30:00+09:00,J1,650,631,1281
2019-05-05T12:30:00+09:00,J2,753,592,1345
2019-05-05T12:30:00+09:00,J3,644,617,1261
2019-05-05T12:30:00+09:00,J4,836,764,1600
2019-05-05T12:30:00+09:00,J5,412,483,895
2019-05-05T12:45:00+09:00,J1,648,665,1313
2019-05-05T12:45:00+09:00,J2,698,548,1246
2019-05-05T12:45:00+09:00,J3,637,608,1245
2019-05-05T12:45:00+09:00,J4,788,862,1650
2019-05-05T12:45:00+09:00,J5,450,525,975
2019-05-05T13:00:00+09:00,J1,711,759,1470
2019-05-05T13:00:00+09:00,J2,681,566,1247
2019-05-05T13:00:00+09:00,J3,614,678,1292
2019-05-05T13:00:00+09:00,J4,755,753,1508
2019-05-05T13:00:00+09:00,J5,443,496,939
2019-05-05T13:15:00+09:00,J1,784,835,1619
2019-05-05T13:15:00+09:00,J2,630,605,1235
2019-05-05T13:15:00+09:00,J3,663,701,1364
2019-05-05T13:15:00+09:00,J4,774,716,1490
2019-05-05T13:15:00+09:00,J5,411,434,845
2019-05-05T13:30:00+09:00,J1,797,865,1662
2019-05-05T13:30:00+09:00,J2,679,576,1255
2019-05-05T13:30:00+09:00,J3,588,670,1258
2019-05-05T13:30:00+09:00,J4,637,681,1318
2019-05-05T13:30:00+09:00,J5,429,418,847
2019-05-05T13:45:00+09:00,J1,688,826,1514
2019-05-05T13:45:00+09:00,J2,625,548,1173
2019-05-05T13:45:00+09:00,J3,566,643,1209
2019-05-05T13:45:00+09:00,J4,632,715,1347
2019-05-05T13:45:00+09:00,J5,380,431,811
2019-05-05T14:00:00+09:00,J1,659,754,1413
2019-05-05T14:00:00+09:00,J2,616,582,1198
2019-05-05T14:00:00+09:00,J3,657,662,1319
2019-05-05T14:00:00+09:00,J4,703,774,1477
2019-05-05T14:00:00+09:00,J5,444,459,903
2019-05-05T14:15:00+09:00,J1,607,661,1268
2019-05-05T14:15:00+09:00,J2,641,568,1209
2019-05-05T14:15:00+09:00,J3,603,680,1283
2019-05-05T14:15:00+09:00,J4,840,850,1690
2019-05-05T14:15:00+09:00,J5,442,475,917
2019-05-05T14:30:00+09:00,J1,610,689,1299
2019-05-05T14:30:00+09:00,J2,632,532,1164
2019-05-05T14:30:00+09:00,J3,662,691,1353
2019-05-05T14:30:00+09:00,J4,749,815,1564
2019-05-05T14:30:00+09:00,J5,459,440,899
2019-05-05T14:45:00+09:00,J1,795,829,1624
2019-05-05T14:45:00+09:00,J2,576,522,1098
2019-05-05T14:45:00+09:00,J3,641,675,1316
2019-05-05T14:45:00+09:00,J4,791,869,1660
2019-05-05T14:45:00+09:00,J5,436,467,903
2019-05-05T15:00:00+09:00,J1,840,831,1671
2019-05-05T15:00:00+09:00,J2,603,535,1138
2019-05-05T15:00:00+09:00,J3,567,657,1224
2019-05-05T15:00:00+09:00,J4,765,894,1659
2019-05-05T15:00:00+09:00,J5,389,430,819
2019-05-05T15:15:00+09:00,J1,833,916,1749
2019-05-05T15:15:00+09:00,J2,636,543,1179
2019-05-05T15:15:00+09:00,J3,651,669,1320
2019-05-05T15:15:00+09:00,J4,835,833,1668
2019-05-05T15:15:00+09:00,J5,337,430,767
2019-05-05T15:30:00+09:00,J1,811,867,1678
2019-05-05T15:30:00+09:00,J2,691,605,1296
2019-05-05T15:30:00+09:00,J3,674,678,1352
2019-05-05T15:30:00+09:00,J4,782,832,1614
2019-05-05T15:30:00+09:00,J5,412,480,892
2019-05-05T15:45:00+09:00,J1,834,797,1631
2019-05-05T15:45:00+09:00,J2,690,538,1228
2019-05-05T15:45:00+09:00,J3,653,648,1301
2019-05-05T15:45:00+09:00,J4,785,881,1666
2019-05-05T15:45:00+09:00,J5,374,432,806
2019-05-05T16:00:00+09:00,J1,761,759,1520
2019-05-05T16:00:00+09:00,J2,730,572,1302
2019-05-05T16:00:00+09:00,J3,624,633,1257
2019-05-05T16:00:00+09:00,J4,761,871,1632
2019-05-05T16:00:00+09:00,J5,341,464,805
2019-05-05T16:15:00+09:00,J1,713,723,1436
2019-05-05T16:15:00+09:00,J2,717,531,1248
2019-05-05T16:15:00+09:00,J3,609,690,1299
2019-05-05T16:15:00+09:00,J4,781,848,1629
2019-05-05T16:15:00+09:00,J5,391,392,783
2019-05-05T16:30:00+09:00,J1,685,736,1421
2019-05-05T16:30:00+09:00,J2,767,563,1330
2019-05-05T16:30:00+09:00,J3,559,657,1216
2019-05-05T16:30:00+09:00,J4,865,848,1713
2019-05-05T16:30:00+09:00,J5,376,457,833
2019-05-05T16:45:00+09:00,J1,680,748,1428
2019-05-05T16:45:00+09:00,J2,815,507,1322
2019-05-05T16:45:00+09:00,J3,579,630,1209
2019-05-05T16:45:00+09:00,J4,775,789,1564
2019-05-05T16:45:00+09:00,J5,391,386,777
2019-05-05T17:00:00+09:00,J1,727,836,1563
2019-05-05T17:00:00+09:00,J2,742,589,1331
2019-05-05T17:00:00+09:00,J3,672,646,1318
2019-05-05T17:00:00+09:00,J4,791,773,1564
2019-05-05T17:00:00+09:00,J5,425,469,894
2019-05-05T17:15:00+09:00,J1,756,771,1527
2019-05-05T17:15:00+09:00,J2,778,566,1344
2019-05-05T17:15:00+09:00,J3,673,623,1296
2019-05-05T17:15:00+09:00,J4,776,782,1558
2019-05-05T17:15:00+09:00,J5,374,414,788
2019-05-05T17:30:00+09:00,J1,781,817,1598
2019-05-05T17:30:00+09:00,J2,770,542,1312
2019-05-05T17:30:00+09:00,J3,657,608,1265
2019-05-05T17:30:00+09:00,J4,822,810,1632
2019-05-05T17:30:00+09:00,J5,426,429,855
2019-05-05T17:45:00+09:00,J1,788,840,1628
2019-05-05T17:45:00+09:00,J2,743,604,1347
2019-05-05T17:45:00+09:00,J3,624,625,1249
2019-05-05T17:45:00+09:00,J4,794,861,1655
2019-05-05T17:45:00+09:00,J5,436,451,887
2019-05-05T18:00:00+09:00,J1,749,777,1526
2019-05-05T18:00:00+09:00,J2,818,547,1365
2019-05-05T18:00:00+09:00,J3,636,651,1287
2019-05-05T18:00:00+09:00,J4,800,797,1597
2019-05-05T18:00:00+09:00,J5,406,457,863
2019-05-05T18:15:00+09:00,J1,715,763,1478
2019-05-05T18:15:00+09:00,J2,761,547,1308
2019-05-05T18:15:00+09:00,J3,680,663,1343
2019-05-05T18:15:00+09:00,J4,748,793,1541
2019-05-05T18:15:00+09:00,J5,463,489,952
2019-05-05T18:30:00+09:00,J1,591,754,1345
2019-05-05T18:30:00+09:00,J2,756,537,1293
2019-05-05T18:30:00+09:00,J3,602,567,1169
2019-05-05T18:30:00+09:00,J4,715,739,1454
2019-05-05T18:30:00+09:00,J5,430,497,927
2019-05-05T18:45:00+09:00,J1,552,663,1215
2019-05-05T18:45:00+09:00,J2,728,502,1230
2019-05-05T18:45:00+09:00,J3,638,557,1195
2019-05-05T18:45:00+09:00,J4,774,714,1488
2019-05-05T18:45:00+09:00,J5,386,430,816
2019-05-05T19:00:00+09:00,J1,550,600,1150
2019-05-05T19:00:00+09:00,J2,724,543,1267
2019-05-05T19:00:00+09:00,J3,608,592,1200
2019-05-05T19:00:00+09:00,J4,654,620,1274
2019-05-05T19:00:00+09:00,J5,387,413,800
2019-05-05T19:15:00+09:00,J1,519,679,1198
2019-05-05T19:15:00+09:00,J2,739,558,1297
2019-05-05T19:15:00+09:00,J3,595,611,1206
2019-05-05T19:15:00+09:00,J4,734,648,1382
2019-05-05T19:15:00+09:00,J5,403,457,860
2019-05-05T19:30:00+09:00,J1,405,497,902
2019-05-05T19:30:00+09:00,J2,734,578,1312
2019-05-05T19:30:00+09:00,J3,627,564,1191
2019-05-05T19:30:00+09:00,J4,596,508,1104
2019-05-05T19:30:00+09:00,J5,373,414,787
2019-05-05T19:45:00+09:00,J1,353,417,770
2019-05-05T19:45:00+09:00,J2,608,596,1204
2019-05-05T19:45:00+09:00,J3,614,538,1152
2019-05-05T19:45:00+09:00,J4,547,591,1138
2019-05-05T19:45:00+09:00,J5,340,371,711
2019-05-05T20:00:00+09:00,J1,354,453,807
2019-05-05T20:00:00+09:00,J2,648,553,1201
2019-05-05T20:00:00+09:00,J3,680,580,1260
2019-05-05T20:00:00+09:00,J4,639,637,1276
2019-05-05T20:00:00+09:00,J5,345,391,736
2019-05-05T20:15:00+09:00,J1,500,534,1034
2019-05-05T20:15:00+09:00,J2,620,571,1191
2019-05-05T20:15:00+09:00,J3,646,582,1228
2019-05-05T20:15:00+09:00,J4,566,570,1136
2019-05-05T20:15:00+09:00,J5,340,395,735
2019-05-05T20:30:00+09:00,J1,585,541,1126
2019-05-05T20:30:00+09:00,J2,504,481,985
2019-05-05T20:30:00+09:00,J3,721,588,1309
2019-05-05T20:30:00+09:00,J4,491,474,965
2019-05-05T20:30:00+09:00,J5,318,349,667
2019-05-05T20:45:00+09:00,J1,603,652,1255
2019-05-05T20:45:00+09:00,J2,484,401,885
2019-05-05T20:45:00+09:00,J3,666,561,1227
2019-05-05T20:45:00+09:00,J4,465,478,943
2019-05-05T20:45:00+09:00,J5,320,366,686
2019-05-05T21:00:00+09:00,J1,580,661,1241
2019-05-05T21:00:00+09:00,J2,410,426,836
2019-05-05T21:00:00+09:00,J3,665,588,1253
2019-05-05T21:00:00+09:00,J4,531,507,1038
2019-05-05T21:00:00+09:00,J5,342,361,703
2019-05-05T21:15:00+09:00,J1,579,679,1258
2019-05-05T21:15:00+09:00,J2,447,463,910
2019-05-05T21:15:00+09:00,J3,711,658,1369
2019-05-05T21:15:00+09:00,J4,624,597,1221
2019-05-05T21:15:00+09:00,J5,421,364,785
2019-05-05T21:30:00+09:00,J1,563,590,1153
2019-05-05T21:30:00+09:00,J2,452,463,915
2019-05-05T21:30:00+09:00,J3,728,641,1369
2019-05-05T21:30:00+09:00,J4,609,623,1232
2019-05-05T21:30:00+09:00,J5,389,363,752
2019-05-05T21:45:00+09:00,J1,526,528,1054
2019-05-05T21:45:00+09:00,J2,350,351,701
2019-05-05T21:45:00+09:00,J3,736,609,1345
2019-05-05T21:45:00+09:00,J4,502,561,1063
2019-05-05T21:45:00+09:00,J5,370,317,687
2019-05-05T22:00:00+09:00,J1,453,589,1042
2019-05-05T22:00:00+09:00,J2,307,389,696
2019-05-05T22:00:00+09:00,J3,578,563,1141
2019-05-05T22:00:00+09:00,J4,554,568,1122
2019-05-05T22:00:00+09:00,J5,336,277,613
2019-05-05T22:15:00+09:00,J1,486,463,949
2019-05-05T22:15:00+09:00,J2,266,343,609
2019-05-05T22:15:00+09:00,J3,701,575,1276
2019-05-05T22:15:00+09:00,J4,513,525,1038
2019-05-05T22:15:00+09:00,J5,274,258,532
2019-05-05T22:30:00+09:00,J1,467,498,965
2019-05-05T22:30:00+09:00,J2,270,347,617
2019-05-05T22:30:00+09:00,J3,687,575,1262
2019-05-05T22:30:00+09:00,J4,449,481,930
2019-05-05T22:30:00+09:00,J5,321,248,569
2019-05-05T22:45:00+09:00,J1,488,492,980
2019-05-05T22:45:00+09:00,J2,286,338,624
2019-05-05T22:45:00+09:00,J3,640,592,1232
2019-05-05T22:45:00+09:00,J4,543,535,1078
2019-05-05T22:45:00+09:00,J5,293,213,506
2019-05-05T23:00:00+09:00,J1,477,466,943
2019-05-05T23:00:00+09:00,J2,253,333,586
2019-05-05T23:00:00+09:00,J3,617,545,1162
2019-05-05T23:00:00+09:00,J4,581,591,1172
2019-05-05T23:00:00+09:00,J5,285,225,510
2019-05-05T23:15:00+09:00,J1,425,460,885
2019-05-05T23:15:00+09:00,J2,233,346,579
2019-05-05T23:15:00+09:00,J3,636,581,1217
2019-05-05T23:15:00+09:00,J4,474,622,1096
2019-05-05T23:15:00+09:00,J5,229,218,447
2019-05-05T23:30:00+09:00,J1,417,474,891
2019-05-05T23:30:00+09:00,J2,233,307,540
2019-05-05T23:30:00+09:00,J3,589,624,1213
2019-05-05T23:30:00+09:00,J4,443,504,947
2019-05-05T23:30:00+09:00,J5,265,199,464
2019-05-05T23:45:00+09:00,J1,368,426,794
2019-05-05T23:45:00+09:00,J2,262,300,562
2019-05-05T23:45:00+09:00,J3,549,626,1175
2019-05-05T23:45:00+09:00,J4,499,508,1007
2019-05-05T23:45:00+09:00,J5,248,206,454
2019-05-06T00:00:00+09:00,J1,359,393,752
2019-05-06T00:00:00+09:00,J2,274,297,571
2019-05-06T00:00:00+09:00,J3,549,555,1104
2019-05-06T00:00:00+09:00,J4,441,453,894
2019-05-06T00:00:00+09:00,J5,279,260,539
2019-05-06T00:15:00+09:00,J1,311,317,628
2019-05-06T00:15:00+09:00,J2,260,284,544
2019-05-06T00:15:00+09:00,J3,502,454,956
2019-05-06T00:15:00+09:00,J4,452,382,834
2019-05-06T00:15:00+09:00,J5,329,336,665
2019-05-06T00:30:00+09:00,J1,357,338,695
2019-05-06T00:30:00+09:00,J2,285,327,612
2019-05-06T00:30:00+09:00,J3,466,446,912
2019-05-06T00:30:00+09:00,J4,498,473,971
2019-05-06T00:30:00+09:00,J5,405,455,860
2019-05-06T00:45:00+09:00,J1,326,325,651
2019-05-06T00:45:00+09:00,J2,303,292,595
2019-05-06T00:45:00+09:00,J3,382,422,804
2019-05-06T00:45:00+09:00,J4,561,542,1103
2019-05-06T00:45:00+09:00,J5,399,534,933
2019-05-06T05:45:00+09:00,J1,363,346,709
2019-05-06T05:45:00+09:00,J2,627,619,1246
2019-05-06T05:45:00+09:00,J3,369,323,692
2019-05-06T05:45:00+09:00,J4,675,607,1282
2019-05-06T05:45:00+09:00,J5,270,230,500
2019-05-06T06:00:00+09:00,J1,365,420,785
2019-05-06T06:00:00+09:00,J2,671,533,1204
2019-05-06T06:00:00+09:00,J3,379,299,678
2019-05-06T06:00:00+09:00,J4,793,697,1490
2019-05-06T06:00:00+09:00,J5,296,306,602
2019-05-06T06:15:00+09:00,J1,354,355,709
2019-05-06T06:15:00+09:00,J2,640,564,1204
2019-05-06T06:15:00+09:00,J3,409,327,736
2019-05-06T06:15:00+09:00,J4,786,724,1510
2019-05-06T06:15:00+09:00,J5,369,427,796
2019-05-06T06:30:00+09:00,J1,392,347,739
2019-05-06T06:30:00+09:00,J2,609,455,1064
2019-05-06T06:30:00+09:00,J3,319,312,631
2019-05-06T06:30:00+09:00,J4,762,738,1500
2019-05-06T06:30:00+09:00,J5,338,406,744
2019-05-06T06:45:00+09:00,J1,352,331,683
2019-05-06T06:45:00+09:00,J2,508,405,913
2019-05-06T06:45:00+09:00,J3,348,289,637
2019-05-06T06:45:00+09:00,J4,694,639,1333
2019-05-06T06:45:00+09:00,J5,373,416,789
2019-05-06T07:00:00+09:00,J1,398,419,817
2019-05-06T07:00:00+09:00,J2,563,569,1132
2019-05-06T07:00:00+09:00,J3,410,376,786
2019-05-06T07:00:00+09:00,J4,632,621,1253
2019-05-06T07:00:00+09:00,J5,337,388,725
2019-05-06T07:15:00+09:00,J1,385,383,768
2019-05-06T07:15:00+09:00,J2,446,412,858
2019-05-06T07:15:00+09:00,J3,427,360,787
2019-05-06T07:15:00+09:00,J4,651,616,1267
2019-05-06T07:15:00+09:00,J5,393,439,832
2019-05-06T07:30:00+09:00,J1,481,401,882
2019-05-06T07:30:00+09:00,J2,416,431,847
2019-05-06T07:30:00+09:00,J3,535,429,964
2019-05-06T07:30:00+09:00,J4,641,635,1276
2019-05-06T07:30:00+09:00,J5,423,447,870
2019-05-06T07:45:00+09:00,J1,442,431,873
2019-05-06T07:45:00+09:00,J2,421,417,838
2019-05-06T07:45:00+09:00,J3,485,413,898
2019-05-06T07:45:00+09:00,J4,556,639,1195
2019-05-06T07:45:00+09:00,J5,450,508,958
2019-05-06T08:00:00+09:00,J1,672,621,1293
2019-05-06T08:00:00+09:00,J2,432,432,864
2019-05-06T08:00:00+09:00,J3,634,639,1273
2019-05-06T08:00:00+09:00,J4,641,688,1329
2019-05-06T08:00:00+09:00,J5,573,605,1178
2019-05-06T08:15:00+09:00,J1,812,680,1492
2019-05-06T08:15:00+09:00,J2,377,385,762
2019-05-06T08:15:00+09:00,J3,717,762,1479
2019-05-06T08:15:00+09:00,J4,727,756,1483
2019-05-06T08:15:00+09:00,J5,517,620,1137
2019-05-06T08:30:00+09:00,J1,774,681,1455
2019-05-06T08:30:00+09:00,J2,401,377,778
2019-05-06T08:30:00+09:00,J3,774,773,1547
2019-05-06T08:30:00+09:00,J4,640,630,1270
2019-05-06T08:30:00+09:00,J5,579,549,1128
2019-05-06T08:45:00+09:00,J1,697,679,1376
2019-05-06T08:45:00+09:00,J2,402,423,825
2019-05-06T08:45:00+09:00,J3,754,747,1501
2019-05-06T08:45:00+09:00,J4,616,710,1326
2019-05-06T08:45:00+09:00,J5,490,556,1046
2019-05-06T09:00:00+09:00,J1,545,574,1119
2019-05-06T09:00:00+09:00,J2,388,342,730
2019-05-06T09:00:00+09:00,J3,788,724,1512
2019-05-06T09:00:00+09:00,J4,644,695,1339
2019-05-06T09:00:00+09:00,J5,422,397,819
2019-05-06T09:15:00+09:00,J1,563,525,1088
2019-05-06T09:15:00+09:00,J2,429,391,820
2019-05-06T09:15:00+09:00,J3,785,776,1561
2019-05-06T09:15:00+09:00,J4,646,663,1309
2019-05-06T09:15:00+09:00,J5,374,326,700
2019-05-06T09:30:00+09:00,J1,571,598,1169
2019-05-06T09:30:00+09:00,J2,393,377,770
2019-05-06T09:30:00+09:00,J3,751,775,1526
2019-05-06T09:30:00+09:00,J4,632,659,1291
2019-05-06T09:30:00+09:00,J5,394,356,750
2019-05-06T09:45:00+09:00,J1,613,626,1239
2019-05-06T09:45:00+09:00,J2,415,470,885
2019-05-06T09:45:00+09:00,J3,784,792,1576
2019-05-06T09:45:00+09:00,J4,583,703,1286
2019-05-06T09:45:00+09:00,J5,298,267,565
2019-05-06T10:00:00+09:00,J1,545,655,1200
2019-05-06T10:00:00+09:00,J2,402,464,866
2019-05-06T10:00:00+09:00,J3,776,739,1515
2019-05-06T10:00:00+09:00,J4,607,634,1241
2019-05-06T10:00:00+09:00,J5,310,282,592
2019-05-06T10:15:00+09:00,J1,661,646,1307
2019-05-06T10:15:00+09:00,J2,446,460,906
2019-05-06T10:15:00+09:00,J3,798,855,1653
2019-05-06T10:15:00+09:00,J4,568,657,1225
2019-05-06T10:15:00+09:00,J5,267,243,510
2019-05-06T10:30:00+09:00,J1,726,627,1353
2019-05-06T10:30:00+09:00,J2,425,463,888
2019-05-06T10:30:00+09:00,J3,800,863,1663
2019-05-06T10:30:00+09:00,J4,576,655,1231
2019-05-06T10:30:00+09:00,J5,295,251,546
2019-05-06T10:45:00+09:00,J1,739,655,1394
2019-05-06T10:45:00+09:00,J2,417,500,917
2019-05-06T10:45:00+09:00,J3,857,888,1745
2019-05-06T10:45:00+09:00,J4,569,678,1247
2019-05-06T10:45:00+09:00,J5,349,261,610
2019-05-06T11:00:00+09:00,J1,932,794,1726
2019-05-06T11:00:00+09:00,J2,509,495,1004
2019-05-06T11:00:00+09:00,J3,854,854,1708
2019-05-06T11:00:00+09:00,J4,681,816,1497
2019-05-06T11:00:00+09:00,J5,314,283,597
2019-05-06T11:15:00+09:00,J1,814,852,1666
2019-05-06T11:15:00+09:00,J2,543,542,1085
2019-05-06T11:15:00+09:00,J3,805,896,1701
2019-05-06T11:15:00+09:00,J4,777,944,1721
2019-05-06T11:15:00+09:00,J5,313,310,623
2019-05-06T11:30:00+09:00,J1,856,896,1752
2019-05-06T11:30:00+09:00,J2,641,569,1210
2019-05-06T11:30:00+09:00,J3,824,842,1666
2019-05-06T11:30:00+09:00,J4,905,972,1877
2019-05-06T11:30:00+09:00,J5,299,357,656
2019-05-06T11:45:00+09:00,J1,841,868,1709
2019-05-06T11:45:00+09:00,J2,656,567,1223
2019-05-06T11:45:00+09:00,J3,771,780,1551
2019-05-06T11:45:00+09:00,J4,979,1030,2009
2019-05-06T11:45:00+09:00,J5,341,354,695
2019-05-06T12:00:00+09:00,J1,775,816,1591
2019-05-06T12:00:00+09:00,J2,721,699,1420
2019-05-06T12:00:00+09:00,J3,920,847,1767
2019-05-06T12:00:00+09:00,J4,1037,939,1976
2019-05-06T12:00:00+09:00,J5,371,429,800
2019-05-06T12:15:00+09:00,J1,744,903,1647
2019-05-06T12:15:00+09:00,J2,753,632,1385
2019-05-06T12:15:00+09:00,J3,849,779,1628
2019-05-06T12:15:00+09:00,J4,978,919,1897
2019-05-06T12:15:00+09:00,J5,443,475,918
2019-05-06T12:30:00+09:00,J1,824,805,1629
2019-05-06T12:30:00+09:00,J2,801,651,1452
2019-05-06T12:30:00+09:00,J3,777,785,1562
2019-05-06T12:30:00+09:00,J4,948,912,1860
2019-05-06T12:30:00+09:00,J5,442,475,917
2019-05-06T12:45:00+09:00,J1,768,793,1561
2019-05-06T12:45:00+09:00,J2,771,624,1395
2019-05-06T12:45:00+09:00,J3,702,731,1433
2019-05-06T12:45:00+09:00,J4,1010,849,1859
2019-05-06T12:45:00+09:00,J5,449,490,939
2019-05-06T13:00:00+09:00,J1,744,877,1621
2019-05-06T13:00:00+09:00,J2,814,600,1414
2019-05-06T13:00:00+09:00,J3,778,703,1481
2019-05-06T13:00:00+09:00,J4,977,927,1904
2019-05-06T13:00:00+09:00,J5,523,543,1066
2019-05-06T13:15:00+09:00,J1,597,640,1237
2019-05-06T13:15:00+09:00,J2,760,617,1377
2019-05-06T13:15:00+09:00,J3,685,676,1361
2019-05-06T13:15:00+09:00,J4,908,861,1769
2019-05-06T13:15:00+09:00,J5,553,629,1182
2019-05-06T13:30:00+09:00,J1,628,709,1337
2019-05-06T13:30:00+09:00,J2,784,565,1349
2019-05-06T13:30:00+09:00,J3,682,702,1384
2019-05-06T13:30:00+09:00,J4,901,896,1797
2019-05-06T13:30:00+09:00,J5,531,618,1149
2019-05-06T13:45:00+09:00,J1,595,690,1285
2019-05-06T13:45:00+09:00,J2,763,563,1326
2019-05-06T13:45:00+09:00,J3,593,601,1194
2019-05-06T13:45:00+09:00,J4,871,878,1749
2019-05-06T13:45:00+09:00,J5,572,613,1185
2019-05-06T14:00:00+09:00,J1,654,669,1323
2019-05-06T14:00:00+09:00,J2,708,580,1288
2019-05-06T14:00:00+09:00,J3,619,619,1238
2019-05-06T14:00:00+09:00,J4,805,880,1685
2019-05-06T14:00:00+09:00,J5,587,622,1209
2019-05-06T14:15:00+09:00,J1,645,708,1353
2019-05-06T14:15:00+09:00,J2,684,602,1286
2019-05-06T14:15:00+09:00,J3,616,686,1302
2019-05-06T14:15:00+09:00,J4,794,835,1629
2019-05-06T14:15:00+09:00,J5,590,657,1247
2019-05-06T14:30:00+09:00,J1,724,771,1495
2019-05-06T14:30:00+09:00,J2,689,554,1243
2019-05-06T14:30:00+09:00,J3,643,634,1277
2019-05-06T14:30:00+09:00,J4,875,800,1675
2019-05-06T14:30:00+09:00,J5,627,658,1285
2019-05-06T14:45:00+09:00,J1,530,691,1221
2019-05-06T14:45:00+09:00,J2,632,585,1217
2019-05-06T14:45:00+09:00,J3,534,586,1120
2019-05-06T14:45:00+09:00,J4,841,893,1734
2019-05-06T14:45:00+09:00,J5,552,668,1220
2019-05-06T15:00:00+09:00,J1,499,643,1142
2019-05-06T15:00:00+09:00,J2,649,641,1290
2019-05-06T15:00:00+09:00,J3,620,576,1196
2019-05-06T15:00:00+09:00,J4,838,826,1664
2019-05-06T15:00:00+09:00,J5,616,652,1268
2019-05-06T15:15:00+09:00,J1,493,577,1070
2019-05-06T15:15:00+09:00,J2,770,696,1466
2019-05-06T15:15:00+09:00,J3,520,637,1157
2019-05-06T15:15:00+09:00,J4,818,867,1685
2019-05-06T15:15:00+09:00,J5,589,643,1232
2019-05-06T15:30:00+09:00,J1,461,647,1108
2019-05-06T15:30:00+09:00,J2,759,569,1328
2019-05-06T15:30:00+09:00,J3,585,637,1222
2019-05-06T15:30:00+09:00,J4,860,819,1679
2019-05-06T15:30:00+09:00,J5,585,680,1265
2019-05-06T15:45:00+09:00,J1,605,675,1280
2019-05-06T15:45:00+09:00,J2,661,602,1263
2019-05-06T15:45:00+09:00,J3,571,668,1239
2019-05-06T15:45:00+09:00,J4,751,851,1602
2019-05-06T15:45:00+09:00,J5,529,625,1154
2019-05-06T16:00:00+09:00,J1,594,658,1252
2019-05-06T16:00:00+09:00,J2,619,567,1186
2019-05-06T16:00:00+09:00,J3,552,655,1207
2019-05-06T16:00:00+09:00,J4,854,782,1636
2019-05-06T16:00:00+09:00,J5,581,632,1213
2019-05-06T16:15:00+09:00,J1,565,655,1220
2019-05-06T16:15:00+09:00,J2,704,622,1326
2019-05-06T16:15:00+09:00,J3,593,611,1204
2019-05-06T16:15:00+09:00,J4,845,804,1649
2019-05-06T16:15:00+09:00,J5,557,586,1143
2019-05-06T16:30:00+09:00,J1,558,671,1229
2019-05-06T16:30:00+09:00,J2,756,569,1325
2019-05-06T16:30:00+09:00,J3,579,630,1209
2019-05-06T16:30:00+09:00,J4,765,833,1598
2019-05-06T16:30:00+09:00,J5,552,593,1145
2019-05-06T16:45:00+09:00,J1,529,671,1200
2019-05-06T16:45:00+09:00,J2,747,635,1382
2019-05-06T16:45:00+09:00,J3,610,599,1209
2019-05-06T16:45:00+09:00,J4,779,735,1514
2019-05-06T16:45:00+09:00,J5,564,567,1131
2019-05-06T17:00:00+09:00,J1,743,775,1518
2019-05-06T17:00:00+09:00,J2,775,654,1429
2019-05-06T17:00:00+09:00,J3,665,749,1414
2019-05-06T17:00:00+09:00,J4,860,816,1676
2019-05-06T17:00:00+09:00,J5,492,558,1050
2019-05-06T17:15:00+09:00,J1,731,851,1582
2019-05-06T17:15:00+09:00,J2,830,650,1480
2019-05-06T17:15:00+09:00,J3,706,792,1498
2019-05-06T17:15:00+09:00,J4,778,817,1595
2019-05-06T17:15:00+09:00,J5,571,616,1187
2019-05-06T17:30:00+09:00,J1,836,864,1700
2019-05-06T17:30:00+09:00,J2,802,670,1472
2019-05-06T17:30:00+09:00,J3,801,821,1622
2019-05-06T17:30:00+09:00,J4,840,870,1710
2019-05-06T17:30:00+09:00,J5,540,647,1187
2019-05-06T17:45:00+09:00,J1,788,851,1639
2019-05-06T17:45:00+09:00,J2,743,701,1444
2019-05-06T17:45:00+09:00,J3,725,831,1556
2019-05-06T17:45:00+09:00,J4,891,848,1739
2019-05-06T17:45:00+09:00,J5,538,625,1163
2019-05-06T18:00:00+09:00,J1,770,922,1692
2019-05-06T18:00:00+09:00,J2,814,652,1466
2019-05-06T18:00:00+09:00,J3,816,893,1709
2019-05-06T18:00:00+09:00,J4,926,843,1769
2019-05-06T18:00:00+09:00,J5,555,628,1183
2019-05-06T18:15:00+09:00,J1,782,947,1729
2019-05-06T18:15:00+09:00,J2,898,653,1551
2019-05-06T18:15:00+09:00,J3,827,883,1710
2019-05-06T18:15:00+09:00,J4,939,887,1826
2019-05-06T18:15:00+09:00,J5,587,746,1333
2019-05-06T18:30:00+09:00,J1,747,801,1548
2019-05-06T18:30:00+09:00,J2,914,668,1582
2019-05-06T18:30:00+09:00,J3,802,761,1563
2019-05-06T18:30:00+09:00,J4,968,880,1848
2019-05-06T18:30:00+09:00,J5,638,665,1303
2019-05-06T18:45:00+09:00,J1,754,724,1478
2019-05-06T18:45:00+09:00,J2,770,651,1421
2019-05-06T18:45:00+09:00,J3,747,719,1466
2019-05-06T18:45:00+09:00,J4,979,908,1887
2019-05-06T18:45:00+09:00,J5,634,649,1283
2019-05-06T19:00:00+09:00,J1,755,730,1485
2019-05-06T19:00:00+09:00,J2,740,602,1342
2019-05-06T19:00:00+09:00,J3,732,679,1411
2019-05-06T19:00:00+09:00,J4,944,883,1827
2019-05-06T19:00:00+09:00,J5,581,643,1224
2019-05-06T19:15:00+09:00,J1,668,763,1431
2019-05-06T19:15:00+09:00,J2,678,593,1271
2019-05-06T19:15:00+09:00,J3,705,692,1397
2019-05-06T19:15:00+09:00,J4,950,915,1865
2019-05-06T19:15:00+09:00,J5,511,629,1140
2019-05-06T19:30:00+09:00,J1,634,663,1297
2019-05-06T19:30:00+09:00,J2,623,592,1215
2019-05-06T19:30:00+09:00,J3,625,679,1304
2019-05-06T19:30:00+09:00,J4,805,794,1599
2019-05-06T19:30:00+09:00,J5,508,514,1022
2019-05-06T19:45:00+09:00,J1,700,690,1390
2019-05-06T19:45:00+09:00,J2,637,552,1189
2019-05-06T19:45:00+09:00,J3,656,683,1339
2019-05-06T19:45:00+09:00,J4,795,776,1571
2019-05-06T19:45:00+09:00,J5,401,485,886
2019-05-06T20:00:00+09:00,J1,712,732,1444
2019-05-06T20:00:00+09:00,J2,658,564,1222
2019-05-06T20:00:00+09:00,J3,705,674,1379
2019-05-06T20:00:00+09:00,J4,670,626,1296
2019-05-06T20:00:00+09:00,J5,381,392,773
2019-05-06T20:15:00+09:00,J1,645,660,1305
2019-05-06T20:15:00+09:00,J2,556,515,1071
2019-05-06T20:15:00+09:00,J3,846,847,1693
2019-05-06T20:15:00+09:00,J4,579,606,1185
2019-05-06T20:15:00+09:00,J5,386,382,768
2019-05-06T20:30:00+09:00,J1,678,735,1413
2019-05-06T20:30:00+09:00,J2,565,444,1009
2019-05-06T20:30:00+09:00,J3,804,783,1587
2019-05-06T20:30:00+09:00,J4,578,595,1173
2019-05-06T20:30:00+09:00,J5,382,341,723
2019-05-06T20:45:00+09:00,J1,657,648,1305
2019-05-06T20:45:00+09:00,J2,441,385,826
2019-05-06T20:45:00+09:00,J3,800,727,1527
2019-05-06T20:45:00+09:00,J4,545,547,1092
2019-05-06T20:45:00+09:00,J5,332,278,610
2019-05-06T21:00:00+09:00,J1,606,628,1234
2019-05-06T21:00:00+09:00,J2,446,429,875
2019-05-06T21:00:00+09:00,J3,808,638,1446
2019-05-06T21:00:00+09:00,J4,589,618,1207
2019-05-06T21:00:00+09:00,J5,384,369,753
2019-05-06T21:15:00+09:00,J1,641,692,1333
2019-05-06T21:15:00+09:00,J2,528,499,1027
2019-05-06T21:15:00+09:00,J3,746,740,1486
2019-05-06T21:15:00+09:00,J4,550,555,1105
2019-05-06T21:15:00+09:00,J5,404,359,763
2019-05-06T21:30:00+09:00,J1,527,633,1160
2019-05-06T21:30:00+09:00,J2,455,409,864
2019-05-06T21:30:00+09:00,J3,743,707,1450
2019-05-06T21:30:00+09:00,J4,519,531,1050
2019-05-06T21:30:00+09:00,J5,402,386,788
2019-05-06T21:45:00+09:00,J1,639,653,1292
2019-05-06T21:45:00+09:00,J2,415,387,802
2019-05-06T21:45:00+09:00,J3,706,639,1345
2019-05-06T21:45:00+09:00,J4,472,524,996
2019-05-06T21:45:00+09:00,J5,371,346,717
2019-05-06T22:00:00+09:00,J1,533,557,1090
2019-05-06T22:00:00+09:00,J2,384,365,749
2019-05-06T22:00:00+09:00,J3,641,621,1262
2019-05-06T22:00:00+09:00,J4,504,531,1035
2019-05-06T22:00:00+09:00,J5,356,288,644
2019-05-06T22:15:00+09:00,J1,506,577,1083
2019-05-06T22:15:00+09:00,J2,325,430,755
2019-05-06T22:15:00+09:00,J3,682,635,1317
2019-05-06T22:15:00+09:00,J4,484,533,1017
2019-05-06T22:15:00+09:00,J5,350,270,620
2019-05-06T22:30:00+09:00,J1,453,527,980
2019-05-06T22:30:00+09:00,J2,335,396,731
2019-05-06T22:30:00+09:00,J3,600,609,1209
2019-05-06T22:30:00+09:00,J4,493,515,1008
2019-05-06T22:30:00+09:00,J5,308,245,553
2019-05-06T22:45:00+09:00,J1,410,538,948
2019-05-06T22:45:00+09:00,J2,289,343,632
2019-05-06T22:45:00+09:00,J3,696,580,1276
2019-05-06T22:45:00+09:00,J4,466,482,948
2019-05-06T22:45:00+09:00,J5,280,235,515
2019-05-06T23:00:00+09:00,J1,444,521,965
2019-05-06T23:00:00+09:00,J2,301,351,652
2019-05-06T23:00:00+09:00,J3,585,599,1184
2019-05-06T23:00:00+09:00,J4,506,498,1004
2019-05-06T23:00:00+09:00,J5,291,253,544
2019-05-06T23:15:00+09:00,J1,415,508,923
2019-05-06T23:15:00+09:00,J2,262,353,615
2019-05-06T23:15:00+09:00,J3,650,607,1257
2019-05-06T23:15:00+09:00,J4,439,542,981
2019-05-06T23:15:00+09:00,J5,277,281,558
2019-05-06T23:30:00+09:00,J1,382,406,788
2019-05-06T23:30:00+09:00,J2,291,336,627
2019-05-06T23:30:00+09:00,J3,601,539,1140
2019-05-06T23:30:00+09:00,J4,528,551,1079
2019-05-06T23:30:00+09:00,J5,268,248,516
2019-05-06T23:45:00+09:00,J1,459,429,888
2019-05-06T23:45:00+09:00,J2,328,353,681
2019-05-06T23:45:00+09:00,J3,641,646,1287
2019-05-06T23:45:00+09:00,J4,499,516,1015
2019-05-06T23:45:00+09:00,J5,305,305,610
2019-05-07T00:00:00+09:00,J1,414,397,811
2019-05-07T00:00:00+09:00,J2,317,338,655
2019-05-07T00:00:00+09:00,J3,575,571,1146
2019-05-07T00:00:00+09:00,J4,491,468,959
2019-05-07T00:00:00+09:00,J5,353,354,707
2019-05-07T00:15:00+09:00,J1,248,313,561
2019-05-07T00:15:00+09:00,J2,323,293,616
2019-05-07T00:15:00+09:00,J3,509,473,982
2019-05-07T00:15:00+09:00,J4,507,505,1012
2019-05-07T00:15:00+09:00,J5,337,478,815
2019-05-07T00:30:00+09:00,J1,303,304,607
2019-05-07T00:30:00+09:00,J2,327,329,656
2019-05-07T00:30:00+09:00,J3,530,415,945
2019-05-07T00:30:00+09:00,J4,497,532,1029
2019-05-07T00:30:00+09:00,J5,417,535,952
2019-05-07T00:45:00+09:00,J1,356,328,684
2019-05-07T00:45:00+09:00,J2,306,332,638
2019-05-07T00:45:00+09:00,J3,501,498,999
2019-05-07T00:45:00+09:00,J4,543,521,1064
2019-05-07T00:45:00+09:00,J5,424,525,949
2019-05-07T05:45:00+09:00,J1,610,542,1152
2019-05-07T05:45:00+09:00,J2,487,422,909
2019-05-07T05:45:00+09:00,J3,600,550,1150
2019-05-07T05:45:00+09:00,J4,581,558,1139
2019-05-07T05:45:00+09:00,J5,277,252,529
2019-05-07T06:00:00+09:00,J1,532,612,1144
2019-05-07T06:00:00+09:00,J2,534,558,1092
2019-05-07T06:00:00+09:00,J3,629,560,1189
2019-05-07T06:00:00+09:00,J4,692,613,1305
2019-05-07T06:00:00+09:00,J5,287,265,552
2019-05-07T06:15:00+09:00,J1,666,711,1377
2019-05-07T06:15:00+09:00,J2,603,537,1140
2019-05-07T06:15:00+09:00,J3,582,535,1117
2019-05-07T06:15:00+09:00,J4,726,632,1358
2019-05-07T06:15:00+09:00,J5,314,287,601
2019-05-07T06:30:00+09:00,J1,701,733,1434
2019-05-07T06:30:00+09:00,J2,643,532,1175
2019-05-07T06:30:00+09:00,J3,508,564,1072
2019-05-07T06:30:00+09:00,J4,683,699,1382
2019-05-07T06:30:00+09:00,J5,342,326,668
2019-05-07T06:45:00+09:00,J1,769,790,1559
2019-05-07T06:45:00+09:00,J2,729,551,1280
2019-05-07T06:45:00+09:00,J3,483,501,984
2019-05-07T06:45:00+09:00,J4,766,753,1519
2019-05-07T06:45:00+09:00,J5,326,339,665
2019-05-07T07:00:00+09:00,J1,856,887,1743
2019-05-07T07:00:00+09:00,J2,648,600,1248
2019-05-07T07:00:00+09:00,J3,495,487,982
2019-05-07T07:00:00+09:00,J4,766,860,1626
2019-05-07T07:00:00+09:00,J5,369,334,703
2019-05-07T07:15:00+09:00,J1,886,890,1776
2019-05-07T07:15:00+09:00,J2,756,593,1349
2019-05-07T07:15:00+09:00,J3,577,577,1154
2019-05-07T07:15:00+09:00,J4,857,978,1835
2019-05-07T07:15:00+09:00,J5,426,424,850
2019-05-07T07:30:00+09:00,J1,948,910,1858
2019-05-07T07:30:00+09:00,J2,774,632,1406
2019-05-07T07:30:00+09:00,J3,810,776,1586
2019-05-07T07:30:00+09:00,J4,805,1090,1895
2019-05-07T07:30:00+09:00,J5,508,556,1064
2019-05-07T07:45:00+09:00,J1,1084,940,2024
2019-05-07T07:45:00+09:00,J2,841,627,1468
2019-05-07T07:45:00+09:00,J3,1020,873,1893
2019-05-07T07:45:00+09:00,J4,782,887,1669
2019-05-07T07:45:00+09:00,J5,658,730,1388
2019-05-07T08:00:00+09:00,J1,1283,1170,2453
2019-05-07T08:00:00+09:00,J2,966,611,1577
2019-05-07T08:00:00+09:00,J3,1146,1011,2157
2019-05-07T08:00:00+09:00,J4,780,980,1760
2019-05-07T08:00:00+09:00,J5,587,599,1186
2019-05-07T08:15:00+09:00,J1,1381,1238,2619
2019-05-07T08:15:00+09:00,J2,996,603,1599
2019-05-07T08:15:00+09:00,J3,1251,1176,2427
2019-05-07T08:15:00+09:00,J4,868,1050,1918
2019-05-07T08:15:00+09:00,J5,535,506,1041
2019-05-07T08:30:00+09:00,J1,1314,1212,2526
2019-05-07T08:30:00+09:00,J2,1011,562,1573
2019-05-07T08:30:00+09:00,J3,1039,1243,2282
2019-05-07T08:30:00+09:00,J4,736,1150,1886
2019-05-07T08:30:00+09:00,J5,528,512,1040
2019-05-07T08:45:00+09:00,J1,1091,953,2044
2019-05-07T08:45:00+09:00,J2,812,483,1295
2019-05-07T08:45:00+09:00,J3,807,930,1737
2019-05-07T08:45:00+09:00,J4,696,870,1566
2019-05-07T08:45:00+09:00,J5,508,517,1025
2019-05-07T09:00:00+09:00,J1,1110,905,2015
2019-05-07T09:00:00+09:00,J2,646,538,1184
2019-05-07T09:00:00+09:00,J3,555,681,1236
2019-05-07T09:00:00+09:00,J4,810,798,1608
2019-05-07T09:00:00+09:00,J5,616,702,1318
2019-05-07T09:15:00+09:00,J1,939,843,1782
2019-05-07T09:15:00+09:00,J2,735,525,1260
2019-05-07T09:15:00+09:00,J3,658,606,1264
2019-05-07T09:15:00+09:00,J4,828,848,1676
2019-05-07T09:15:00+09:00,J5,597,680,1277
2019-05-07T09:30:00+09:00,J1,884,848,1732
2019-05-07T09:30:00+09:00,J2,711,617,1328
2019-05-07T09:30:00+09:00,J3,688,665,1353
2019-05-07T09:30:00+09:00,J4,832,901,1733
2019-05-07T09:30:00+09:00,J5,598,666,1264
2019-05-07T09:45:00+09:00,J1,763,748,1511
2019-05-07T09:45:00+09:00,J2,774,553,1327
2019-05-07T09:45:00+09:00,J3,650,565,1215
2019-05-07T09:45:00+09:00,J4,747,789,1536
2019-05-07T09:45:00+09:00,J5,579,627,1206
2019-05-07T10:00:00+09:00,J1,820,812,1632
2019-05-07T10:00:00+09:00,J2,732,561,1293
2019-05-07T10:00:00+09:00,J3,578,557,1135
2019-05-07T10:00:00+09:00,J4,791,695,1486
2019-05-07T10:00:00+09:00,J5,595,634,1229
2019-05-07T10:15:00+09:00,J1,711,696,1407
2019-05-07T10:15:00+09:00,J2,792,549,1341
2019-05-07T10:15:00+09:00,J3,602,583,1185
2019-05-07T10:15:00+09:00,J4,795,826,1621
2019-05-07T10:15:00+09:00,J5,597,638,1235
2019-05-07T10:30:00+09:00,J1,772,711,1483
2019-05-07T10:30:00+09:00,J2,761,594,1355
2019-05-07T10:30:00+09:00,J3,632,603,1235
2019-05-07T10:30:00+09:00,J4,731,767,1498
2019-05-07T10:30:00+09:00,J5,525,525,1050
2019-05-07T10:45:00+09:00,J1,732,729,1461
2019-05-07T10:45:00+09:00,J2,689,562,1251
2019-05-07T10:45:00+09:00,J3,618,590,1208
2019-05-07T10:45:00+09:00,J4,667,703,1370
2019-05-07T10:45:00+09:00,J5,507,592,1099
2019-05-07T11:00:00+09:00,J1,796,830,1626
2019-05-07T11:00:00+09:00,J2,611,573,1184
2019-05-07T11:00:00+09:00,J3,720,620,1340
2019-05-07T11:00:00+09:00,J4,713,712,1425
2019-05-07T11:00:00+09:00,J5,502,515,1017
2019-05-07T11:15:00+09:00,J1,928,1075,2003
2019-05-07T11:15:00+09:00,J2,615,581,1196
2019-05-07T11:15:00+09:00,J3,787,627,1414
2019-05-07T11:15:00+09:00,J4,716,713,1429
2019-05-07T11:15:00+09:00,J5,506,522,1028
2019-05-07T11:30:00+09:00,J1,960,1034,1994
2019-05-07T11:30:00+09:00,J2,539,540,1079
2019-05-07T11:30:00+09:00,J3,744,648,1392
2019-05-07T11:30:00+09:00,J4,678,764,1442
2019-05-07T11:30:00+09:00,J5,569,571,1140
2019-05-07T11:45:00+09:00,J1,970,1042,2012
2019-05-07T11:45:00+09:00,J2,547,576,1123
2019-05-07T11:45:00+09:00,J3,710,705,1415
2019-05-07T11:45:00+09:00,J4,750,706,1456
2019-05-07T11:45:00+09:00,J5,372,389,761
2019-05-07T12:00:00+09:00,J1,918,1013,1931
2019-05-07T12:00:00+09:00,J2,540,602,1142
2019-05-07T12:00:00+09:00,J3,815,720,1535
2019-05-07T12:00:00+09:00,J4,773,765,1538
2019-05-07T12:00:00+09:00,J5,503,500,1003
2019-05-07T12:15:00+09:00,J1,828,900,1728
2019-05-07T12:15:00+09:00,J2,465,520,985
2019-05-07T12:15:00+09:00,J3,853,830,1683
2019-05-07T12:15:00+09:00,J4,711,743,1454
2019-05-07T12:15:00+09:00,J5,468,399,867
2019-05-07T12:30:00+09:00,J1,765,786,1551
2019-05-07T12:30:00+09:00,J2,504,494,998
2019-05-07T12:30:00+09:00,J3,888,880,1768
2019-05-07T12:30:00+09:00,J4,705,751,1456
2019-05-07T12:30:00+09:00,J5,517,450,967
2019-05-07T12:45:00+09:00,J1,765,742,1507
2019-05-07T12:45:00+09:00,J2,468,509,977
2019-05-07T12:45:00+09:00,J3,790,795,1585
2019-05-07T12:45:00+09:00,J4,580,754,1334
2019-05-07T12:45:00+09:00,J5,507,487,994
2019-05-07T13:00:00+09:00,J1,697,757,1454
2019-05-07T13:00:00+09:00,J2,462,537,999
2019-05-07T13:00:00+09:00,J3,836,807,1643
2019-05-07T13:00:00+09:00,J4,637,734,1371
2019-05-07T13:00:00+09:00,J5,488,490,978
2019-05-07T13:15:00+09:00,J1,685,771,1456
2019-05-07T13:15:00+09:00,J2,472,502,974
2019-05-07T13:15:00+09:00,J3,813,851,1664
2019-05-07T13:15:00+09:00,J4,567,723,1290
2019-05-07T13:15:00+09:00,J5,514,475,989
2019-05-07T13:30:00+09:00,J1,652,735,1387
2019-05-07T13:30:00+09:00,J2,445,511,956
2019-05-07T13:30:00+09:00,J3,811,864,1675
2019-05-07T13:30:00+09:00,J4,646,647,1293
2019-05-07T13:30:00+09:00,J5,439,356,795
2019-05-07T13:45:00+09:00,J1,743,792,1535
2019-05-07T13:45:00+09:00,J2,447,502,949
2019-05-07T13:45:00+09:00,J3,767,871,1638
2019-05-07T13:45:00+09:00,J4,590,673,1263
2019-05-07T13:45:00+09:00,J5,422,399,821
2019-05-07T14:00:00+09:00,J1,751,714,1465
2019-05-07T14:00:00+09:00,J2,479,525,1004
2019-05-07T14:00:00+09:00,J3,776,784,1560
2019-05-07T14:00:00+09:00,J4,601,638,1239
2019-05-07T14:00:00+09:00,J5,475,478,953
2019-05-07T14:15:00+09:00,J1,717,719,1436
2019-05-07T14:15:00+09:00,J2,473,502,975
2019-05-07T14:15:00+09:00,J3,845,851,1696
2019-05-07T14:15:00+09:00,J4,660,674,1334
2019-05-07T14:15:00+09:00,J5,487,446,933
2019-05-07T14:30:00+09:00,J1,681,786,1467
2019-05-07T14:30:00+09:00,J2,431,475,906
2019-05-07T14:30:00+09:00,J3,836,823,1659
2019-05-07T14:30:00+09:00,J4,625,647,1272
2019-05-07T14:30:00+09:00,J5,395,373,768
2019-05-07T14:45:00+09:00,J1,656,709,1365
2019-05-07T14:45:00+09:00,J2,419,550,969
2019-05-07T14:45:00+09:00,J3,788,786,1574
2019-05-07T14:45:00+09:00,J4,605,649,1254
2019-05-07T14:45:00+09:00,J5,368,365,733
2019-05-07T15:00:00+09:00,J1,669,770,1439
2019-05-07T15:00:00+09:00,J2,392,500,892
2019-05-07T15:00:00+09:00,J3,808,852,1660
2019-05-07T15:00:00+09:00,J4,642,669,1311
2019-05-07T15:00:00+09:00,J5,414,368,782
2019-05-07T15:15:00+09:00,J1,668,749,1417
2019-05-07T15:15:00+09:00,J2,370,474,844
2019-05-07T15:15:00+09:00,J3,872,828,1700
2019-05-07T15:15:00+09:00,J4,695,707,1402
2019-05-07T15:15:00+09:00,J5,377,388,765
2019-05-07T15:30:00+09:00,J1,652,741,1393
2019-05-07T15:30:00+09:00,J2,369,500,869
2019-05-07T15:30:00+09:00,J3,800,835,1635
2019-05-07T15:30:00+09:00,J4,637,633,1270
2019-05-07T15:30:00+09:00,J5,323,301,624
2019-05-07T15:45:00+09:00,J1,681,795,1476
2019-05-07T15:45:00+09:00,J2,431,483,914
2019-05-07T15:45:00+09:00,J3,831,791,1622
2019-05-07T15:45:00+09:00,J4,637,667,1304
2019-05-07T15:45:00+09:00,J5,352,343,695
2019-05-07T16:00:00+09:00,J1,696,798,1494
2019-05-07T16:00:00+09:00,J2,423,528,951
2019-05-07T16:00:00+09:00,J3,837,782,1619
2019-05-07T16:00:00+09:00,J4,606,620,1226
2019-05-07T16:00:00+09:00,J5,358,322,680
2019-05-07T16:15:00+09:00,J1,782,803,1585
2019-05-07T16:15:00+09:00,J2,469,635,1104
2019-05-07T16:15:00+09:00,J3,900,832,1732
2019-05-07T16:15:00+09:00,J4,694,650,1344
2019-05-07T16:15:00+09:00,J5,407,371,778
2019-05-07T16:30:00+09:00,J1,744,797,1541
2019-05-07T16:30:00+09:00,J2,414,555,969
2019-05-07T16:30:00+09:00,J3,852,792,1644
2019-05-07T16:30:00+09:00,J4,552,663,1215
2019-05-07T16:30:00+09:00,J5,311,259,570
2019-05-07T16:45:00+09:00,J1,749,785,1534
2019-05-07T16:45:00+09:00,J2,453,549,1002
2019-05-07T16:45:00+09:00,J3,778,815,1593
2019-05-07T16:45:00+09:00,J4,614,659,1273
2019-05-07T16:45:00+09:00,J5,450,408,858
2019-05-07T17:00:00+09:00,J1,807,933,1740
2019-05-07T17:00:00+09:00,J2,399,656,1055
2019-05-07T17:00:00+09:00,J3,883,851,1734
2019-05-07T17:00:00+09:00,J4,610,662,1272
2019-05-07T17:00:00+09:00,J5,454,416,870
2019-05-07T17:15:00+09:00,J1,891,1037,1928
2019-05-07T17:15:00+09:00,J2,446,667,1113
2019-05-07T17:15:00+09:00,J3,858,954,1812
2019-05-07T17:15:00+09:00,J4,766,731,1497
2019-05-07T17:15:00+09:00,J5,498,497,995
2019-05-07T17:30:00+09:00,J1,956,1106,2062
2019-05-07T17:30:00+09:00,J2,548,722,1270
2019-05-07T17:30:00+09:00,J3,968,935,1903
2019-05-07T17:30:00+09:00,J4,878,711,1589
2019-05-07T17:30:00+09:00,J5,423,475,898
2019-05-07T17:45:00+09:00,J1,1040,1154,2194
2019-05-07T17:45:00+09:00,J2,569,802,1371
2019-05-07T17:45:00+09:00,J3,949,904,1853
2019-05-07T17:45:00+09:00,J4,862,792,1654
2019-05-07T17:45:00+09:00,J5,442,487,929
2019-05-07T18:00:00+09:00,J1,1006,1259,2265
2019-05-07T18:00:00+09:00,J2,584,773,1357
2019-05-07T18:00:00+09:00,J3,1054,900,1954
2019-05-07T18:00:00+09:00,J4,914,787,1701
2019-05-07T18:00:00+09:00,J5,398,438,836
2019-05-07T18:15:00+09:00,J1,983,1162,2145
2019-05-07T18:15:00+09:00,J2,690,824,1514
2019-05-07T18:15:00+09:00,J3,1078,1051,2129
2019-05-07T18:15:00+09:00,J4,939,749,1688
2019-05-07T18:15:00+09:00,J5,420,494,914
2019-05-07T18:30:00+09:00,J1,886,1125,2011
2019-05-07T18:30:00+09:00,J2,577,728,1305
2019-05-07T18:30:00+09:00,J3,1050,965,2015
2019-05-07T18:30:00+09:00,J4,931,715,1646
2019-05-07T18:30:00+09:00,J5,414,456,870
2019-05-07T18:45:00+09:00,J1,885,1020,1905
2019-05-07T18:45:00+09:00,J2,539,649,1188
2019-05-07T18:45:00+09:00,J3,981,926,1907
2019-05-07T18:45:00+09:00,J4,829,765,1594
2019-05-07T18:45:00+09:00,J5,408,422,830
2019-05-07T19:00:00+09:00,J1,719,850,1569
2019-05-07T19:00:00+09:00,J2,549,707,1256
2019-05-07T19:00:00+09:00,J3,963,923,1886
2019-05-07T19:00:00+09:00,J4,774,716,1490
2019-05-07T19:00:00+09:00,J5,480,443,923
2019-05-07T19:15:00+09:00,J1,781,908,1689
2019-05-07T19:15:00+09:00,J2,542,621,1163
2019-05-07T19:15:00+09:00,J3,898,919,1817
2019-05-07T19:15:00+09:00,J4,817,688,1505
2019-05-07T19:15:00+09:00,J5,443,467,910
2019-05-07T19:30:00+09:00,J1,765,865,1630
2019-05-07T19:30:00+09:00,J2,559,587,1146
2019-05-07T19:30:00+09:00,J3,757,855,1612
2019-05-07T19:30:00+09:00,J4,803,695,1498
2019-05-07T19:30:00+09:00,J5,491,433,924
2019-05-07T19:45:00+09:00,J1,694,792,1486
2019-05-07T19:45:00+09:00,J2,430,532,962
2019-05-07T19:45:00+09:00,J3,738,847,1585
2019-05-07T19:45:00+09:00,J4,719,724,1443
2019-05-07T19:45:00+09:00,J5,430,434,864
2019-05-07T20:00:00+09:00,J1,636,816,1452
2019-05-07T20:00:00+09:00,J2,367,533,900
2019-05-07T20:00:00+09:00,J3,766,774,1540
2019-05-07T20:00:00+09:00,J4,710,636,1346
2019-05-07T20:00:00+09:00,J5,452,436,888
2019-05-07T20:15:00+09:00,J1,660,741,1401
2019-05-07T20:15:00+09:00,J2,364,549,913
2019-05-07T20:15:00+09:00,J3,825,775,1600
2019-05-07T20:15:00+09:00,J4,693,687,1380
2019-05-07T20:15:00+09:00,J5,477,457,934
2019-05-07T20:30:00+09:00,J1,578,650,1228
2019-05-07T20:30:00+09:00,J2,344,418,762
2019-05-07T20:30:00+09:00,J3,815,766,1581
2019-05-07T20:30:00+09:00,J4,710,639,1349
2019-05-07T20:30:00+09:00,J5,460,419,879
2019-05-07T20:45:00+09:00,J1,560,648,1208
2019-05-07T20:45:00+09:00,J2,372,414,786
2019-05-07T20:45:00+09:00,J3,798,731,1529
2019-05-07T20:45:00+09:00,J4,700,615,1315
2019-05-07T20:45:00+09:00,J5,440,436,876
2019-05-07T21:00:00+09:00,J1,684,733,1417
2019-05-07T21:00:00+09:00,J2,329,396,725
2019-05-07T21:00:00+09:00,J3,698,598,1296
2019-05-07T21:00:00+09:00,J4,639,661,1300
2019-05-07T21:00:00+09:00,J5,427,383,810
2019-05-07T21:15:00+09:00,J1,676,756,1432
2019-05-07T21:15:00+09:00,J2,417,412,829
2019-05-07T21:15:00+09:00,J3,659,642,1301
2019-05-07T21:15:00+09:00,J4,723,650,1373
2019-05-07T21:15:00+09:00,J5,446,449,895
2019-05-07T21:30:00+09:00,J1,582,751,1333
2019-05-07T21:30:00+09:00,J2,365,403,768
2019-05-07T21:30:00+09:00,J3,748,636,1384
2019-05-07T21:30:00+09:00,J4,644,636,1280
2019-05-07T21:30:00+09:00,J5,453,456,909
2019-05-07T21:45:00+09:00,J1,583,739,1322
2019-05-07T21:45:00+09:00,J2,367,380,747
2019-05-07T21:45:00+09:00,J3,686,557,1243
2019-05-07T21:45:00+09:00,J4,695,644,1339
2019-05-07T21:45:00+09:00,J5,429,456,885
2019-05-07T22:00:00+09:00,J1,562,659,1221
2019-05-07T22:00:00+09:00,J2,313,351,664
2019-05-07T22:00:00+09:00,J3,592,568,1160
2019-05-07T22:00:00+09:00,J4,596,653,1249
2019-05-07T22:00:00+09:00,J5,438,524,962
2019-05-07T22:15:00+09:00,J1,525,608,1133
2019-05-07T22:15:00+09:00,J2,312,397,709
2019-05-07T22:15:00+09:00,J3,603,539,1142
2019-05-07T22:15:00+09:00,J4,556,606,1162
2019-05-07T22:15:00+09:00,J5,495,538,1033
2019-05-07T22:30:00+09:00,J1,608,632,1240
2019-05-07T22:30:00+09:00,J2,325,357,682
2019-05-07T22:30:00+09:00,J3,589,553,1142
2019-05-07T22:30:00+09:00,J4,612,607,1219
2019-05-07T22:30:00+09:00,J5,519,599,1118
2019-05-07T22:45:00+09:00,J1,533,630,1163
2019-05-07T22:45:00+09:00,J2,424,352,776
2019-05-07T22:45:00+09:00,J3,626,522,1148
2019-05-07T22:45:00+09:00,J4,687,614,1301
2019-05-07T22:45:00+09:00,J5,492,574,1066
2019-05-07T23:00:00+09:00,J1,507,626,1133
2019-05-07T23:00:00+09:00,J2,378,387,765
2019-05-07T23:00:00+09:00,J3,593,529,1122
2019-05-07T23:00:00+09:00,J4,670,641,1311
2019-05-07T23:00:00+09:00,J5,536,582,1118
2019-05-07T23:15:00+09:00,J1,558,535,1093
2019-05-07T23:15:00+09:00,J2,392,369,761
2019-05-07T23:15:00+09:00,J3,581,526,1107
2019-05-07T23:15:00+09:00,J4,627,609,1236
2019-05-07T23:15:00+09:00,J5,453,538,991
2019-05-07T23:30:00+09:00,J1,517,589,1106
2019-05-07T23:30:00+09:00,J2,383,378,761
2019-05-07T23:30:00+09:00,J3,518,544,1062
2019-05-07T23:30:00+09:00,J4,596,560,1156
2019-05-07T23:30:00+09:00,J5,476,559,1035
2019-05-07T23:45:00+09:00,J1,496,530,1026
2019-05-07T23:45:00+09:00,J2,391,327,718
2019-05-07T23:45:00+09:00,J3,466,426,892
2019-05-07T23:45:00+09:00,J4,558,530,1088
2019-05-07T23:45:00+09:00,J5,482,554,1036
2019-05-08T00:00:00+09:00,J1,434,446,880
2019-05-08T00:00:00+09:00,J2,430,337,767
2019-05-08T00:00:00+09:00,J3,472,377,849
2019-05-08T00:00:00+09:00,J4,590,534,1124
2019-05-08T00:00:00+09:00,J5,432,548,980
2019-05-08T00:15:00+09:00,J1,404,380,784
2019-05-08T00:15:00+09:00,J2,565,464,1029
2019-05-08T00:15:00+09:00,J3,406,335,741
2019-05-08T00:15:00+09:00,J4,546,548,1094
2019-05-08T00:15:00+09:00,J5,359,393,752
2019-05-08T00:30:00+09:00,J1,310,274,584
2019-05-08T00:30:00+09:00,J2,512,455,967
2019-05-08T00:30:00+09:00,J3,385,272,657
2019-05-08T00:30:00+09:00,J4,759,664,1423
2019-05-08T00:30:00+09:00,J5,329,359,688
2019-05-08T00:45:00+09:00,J1,233,209,442
2019-05-08T00:45:00+09:00,J2,575,492,1067
2019-05-08T00:45:00+09:00,J3,367,324,691
2019-05-08T00:45:00+09:00,J4,771,616,1387
2019-05-08T00:45:00+09:00,J5,356,347,703
2019-05-08T05:45:00+09:00,J1,351,248,599
2019-05-08T05:45:00+09:00,J2,418,374,792
2019-05-08T05:45:00+09:00,J3,743,591,1334
2019-05-08T05:45:00+09:00,J4,514,493,1007
2019-05-08T05:45:00+09:00,J5,234,221,455
2019-05-08T06:00:00+09:00,J1,539,433,972
2019-05-08T06:00:00+09:00,J2,484,540,1024
2019-05-08T06:00:00+09:00,J3,678,615,1293
2019-05-08T06:00:00+09:00,J4,622,501,1123
2019-05-08T06:00:00+09:00,J5,252,235,487
2019-05-08T06:15:00+09:00,J1,509,562,1071
2019-05-08T06:15:00+09:00,J2,508,565,1073
2019-05-08T06:15:00+09:00,J3,761,597,1358
2019-05-08T06:15:00+09:00,J4,625,662,1287
2019-05-08T06:15:00+09:00,J5,285,288,573
2019-05-08T06:30:00+09:00,J1,604,554,1158
2019-05-08T06:30:00+09:00,J2,570,487,1057
2019-05-08T06:30:00+09:00,J3,650,604,1254
2019-05-08T06:30:00+09:00,J4,674,567,1241
2019-05-08T06:30:00+09:00,J5,274,277,551
2019-05-08T06:45:00+09:00,J1,666,623,1289
2019-05-08T06:45:00+09:00,J2,629,518,1147
2019-05-08T06:45:00+09:00,J3,663,626,1289
2019-05-08T06:45:00+09:00,J4,691,670,1361
2019-05-08T06:45:00+09:00,J5,306,326,632
2019-05-08T07:00:00+09:00,J1,799,789,1588
2019-05-08T07:00:00+09:00,J2,622,556,1178
2019-05-08T07:00:00+09:00,J3,713,641,1354
2019-05-08T07:00:00+09:00,J4,792,772,1564
2019-05-08T07:00:00+09:00,J5,300,285,585
2019-05-08T07:15:00+09:00,J1,816,823,1639
2019-05-08T07:15:00+09:00,J2,710,603,1313
2019-05-08T07:15:00+09:00,J3,658,606,1264
2019-05-08T07:15:00+09:00,J4,872,881,1753
2019-05-08T07:15:00+09:00,J5,339,312,651
2019-05-08T07:30:00+09:00,J1,892,786,1678
2019-05-08T07:30:00+09:00,J2,726,582,1308
2019-05-08T07:30:00+09:00,J3,737,749,1486
2019-05-08T07:30:00+09:00,J4,886,871,1757
2019-05-08T07:30:00+09:00,J5,418,501,919
2019-05-08T07:45:00+09:00,J1,1083,944,2027
2019-05-08T07:45:00+09:00,J2,905,636,1541
2019-05-08T07:45:00+09:00,J3,877,868,1745
2019-05-08T07:45:00+09:00,J4,960,1043,2003
2019-05-08T07:45:00+09:00,J5,651,708,1359
2019-05-08T08:00:00+09:00,J1,1329,1169,2498
2019-05-08T08:00:00+09:00,J2,963,542,1505
2019-05-08T08:00:00+09:00,J3,1062,995,2057
2019-05-08T08:00:00+09:00,J4,939,1134,2073
2019-05-08T08:00:00+09:00,J5,694,760,1454
2019-05-08T08:15:00+09:00,J1,1337,1143,2480
2019-05-08T08:15:00+09:00,J2,1108,560,1668
2019-05-08T08:15:00+09:00,J3,1117,1129,2246
2019-05-08T08:15:00+09:00,J4,862,1064,1926
2019-05-08T08:15:00+09:00,J5,598,615,1213
2019-05-08T08:30:00+09:00,J1,1449,1094,2543
2019-05-08T08:30:00+09:00,J2,1135,594,1729
2019-05-08T08:30:00+09:00,J3,965,1227,2192
2019-05-08T08:30:00+09:00,J4,908,1097,2005
2019-05-08T08:30:00+09:00,J5,545,595,1140
2019-05-08T08:45:00+09:00,J1,1163,992,2155
2019-05-08T08:45:00+09:00,J2,848,545,1393
2019-05-08T08:45:00+09:00,J3,751,1015,1766
2019-05-08T08:45:00+09:00,J4,856,945,1801
2019-05-08T08:45:00+09:00,J5,538,588,1126
2019-05-08T09:00:00+09:00,J1,1114,1016,2130
2019-05-08T09:00:00+09:00,J2,748,580,1328
2019-05-08T09:00:00+09:00,J3,906,883,1789
2019-05-08T09:00:00+09:00,J4,937,883,1820
2019-05-08T09:00:00+09:00,J5,485,511,996
2019-05-08T09:15:00+09:00,J1,965,823,1788
2019-05-08T09:15:00+09:00,J2,870,616,1486
2019-05-08T09:15:00+09:00,J3,751,802,1553
2019-05-08T09:15:00+09:00,J4,936,946,1882
2019-05-08T09:15:00+09:00,J5,555,637,1192
2019-05-08T09:30:00+09:00,J1,894,883,1777
2019-05-08T09:30:00+09:00,J2,848,618,1466
2019-05-08T09:30:00+09:00,J3,721,720,1441
2019-05-08T09:30:00+09:00,J4,904,934,1838
2019-05-08T09:30:00+09:00,J5,606,624,1230
2019-05-08T09:45:00+09:00,J1,805,786,1591
2019-05-08T09:45:00+09:00,J2,810,648,1458
2019-05-08T09:45:00+09:00,J3,787,752,1539
2019-05-08T09:45:00+09:00,J4,880,875,1755
2019-05-08T09:45:00+09:00,J5,528,558,1086
2019-05-08T10:00:00+09:00,J1,751,792,1543
2019-05-08T10:00:00+09:00,J2,685,602,1287
2019-05-08T10:00:00+09:00,J3,671,673,1344
2019-05-08T10:00:00+09:00,J4,819,866,1685
2019-05-08T10:00:00+09:00,J5,472,521,993
2019-05-08T10:15:00+09:00,J1,774,751,1525
2019-05-08T10:15:00+09:00,J2,667,690,1357
2019-05-08T10:15:00+09:00,J3,693,648,1341
2019-05-08T10:15:00+09:00,J4,818,820,1638
2019-05-08T10:15:00+09:00,J5,460,594,1054
2019-05-08T10:30:00+09:00,J1,798,819,1617
2019-05-08T10:30:00+09:00,J2,684,665,1349
2019-05-08T10:30:00+09:00,J3,695,682,1377
2019-05-08T10:30:00+09:00,J4,867,835,1702
2019-05-08T10:30:00+09:00,J5,582,655,1237
2019-05-08T10:45:00+09:00,J1,827,937,1764
2019-05-08T10:45:00+09:00,J2,803,589,1392
2019-05-08T10:45:00+09:00,J3,710,657,1367
2019-05-08T10:45:00+09:00,J4,929,867,1796
2019-05-08T10:45:00+09:00,J5,564,700,1264
2019-05-08T11:00:00+09:00,J1,740,844,1584
2019-05-08T11:00:00+09:00,J2,748,631,1379
2019-05-08T11:00:00+09:00,J3,691,626,1317
2019-05-08T11:00:00+09:00,J4,837,838,1675
2019-05-08T11:00:00+09:00,J5,558,624,1182
2019-05-08T11:15:00+09:00,J1,921,947,1868
2019-05-08T11:15:00+09:00,J2,833,672,1505
2019-05-08T11:15:00+09:00,J3,736,647,1383
2019-05-08T11:15:00+09:00,J4,854,826,1680
2019-05-08T11:15:00+09:00,J5,563,635,1198
2019-05-08T11:30:00+09:00,J1,969,1048,2017
2019-05-08T11:30:00+09:00,J2,873,590,1463
2019-05-08T11:30:00+09:00,J3,698,691,1389
2019-05-08T11:30:00+09:00,J4,779,831,1610
2019-05-08T11:30:00+09:00,J5,609,667,1276
2019-05-08T11:45:00+09:00,J1,1010,1150,2160
2019-05-08T11:45:00+09:00,J2,791,592,1383
2019-05-08T11:45:00+09:00,J3,732,627,1359
2019-05-08T11:45:00+09:00,J4,855,776,1631
2019-05-08T11:45:00+09:00,J5,543,508,1051
2019-05-08T12:00:00+09:00,J1,1004,1216,2220
2019-05-08T12:00:00+09:00,J2,726,604,1330
2019-05-08T12:00:00+09:00,J3,750,752,1502
2019-05-08T12:00:00+09:00,J4,834,761,1595
2019-05-08T12:00:00+09:00,J5,577,592,1169
2019-05-08T12:15:00+09:00,J1,890,898,1788
2019-05-08T12:15:00+09:00,J2,609,630,1239
2019-05-08T12:15:00+09:00,J3,769,704,1473
2019-05-08T12:15:00+09:00,J4,771,790,1561
2019-05-08T12:15:00+09:00,J5,571,654,1225
2019-05-08T12:30:00+09:00,J1,841,912,1753
2019-05-08T12:30:00+09:00,J2,594,616,1210
2019-05-08T12:30:00+09:00,J3,745,724,1469
2019-05-08T12:30:00+09:00,J4,752,726,1478
2019-05-08T12:30:00+09:00,J5,605,625,1230
2019-05-08T12:45:00+09:00,J1,827,833,1660
2019-05-08T12:45:00+09:00,J2,598,587,1185
2019-05-08T12:45:00+09:00,J3,721,721,1442
2019-05-08T12:45:00+09:00,J4,697,793,1490
2019-05-08T12:45:00+09:00,J5,556,644,1200
2019-05-08T13:00:00+09:00,J1,824,923,1747
2019-05-08T13:00:00+09:00,J2,583,569,1152
2019-05-08T13:00:00+09:00,J3,789,671,1460
2019-05-08T13:00:00+09:00,J4,697,695,1392
2019-05-08T13:00:00+09:00,J5,525,617,1142
2019-05-08T13:15:00+09:00,J1,903,966,1869
2019-05-08T13:15:00+09:00,J2,589,620,1209
2019-05-08T13:15:00+09:00,J3,802,711,1513
2019-05-08T13:15:00+09:00,J4,705,747,1452
2019-05-08T13:15:00+09:00,J5,516,615,1131
2019-05-08T13:30:00+09:00,J1,949,1055,2004
2019-05-08T13:30:00+09:00,J2,577,626,1203
2019-05-08T13:30:00+09:00,J3,816,681,1497
2019-05-08T13:30:00+09:00,J4,714,779,1493
2019-05-08T13:30:00+09:00,J5,520,631,1151
2019-05-08T13:45:00+09:00,J1,911,1053,1964
2019-05-08T13:45:00+09:00,J2,621,574,1195
2019-05-08T13:45:00+09:00,J3,819,701,1520
2019-05-08T13:45:00+09:00,J4,675,731,1406
2019-05-08T13:45:00+09:00,J5,467,611,1078
2019-05-08T14:00:00+09:00,J1,955,975,1930
2019-05-08T14:00:00+09:00,J2,562,628,1190
2019-05-08T14:00:00+09:00,J3,860,751,1611
2019-05-08T14:00:00+09:00,J4,677,751,1428
2019-05-08T14:00:00+09:00,J5,607,652,1259
2019-05-08T14:15:00+09:00,J1,852,926,1778
2019-05-08T14:15:00+09:00,J2,563,616,1179
2019-05-08T14:15:00+09:00,J3,802,729,1531
2019-05-08T14:15:00+09:00,J4,691,758,1449
2019-05-08T14:15:00+09:00,J5,524,638,1162
2019-05-08T14:30:00+09:00,J1,932,980,1912
2019-05-08T14:30:00+09:00,J2,548,568,1116
2019-05-08T14:30:00+09:00,J3,773,688,1461
2019-05-08T14:30:00+09:00,J4,639,739,1378
2019-05-08T14:30:00+09:00,J5,589,586,1175
2019-05-08T14:45:00+09:00,J1,930,1093,2023
2019-05-08T14:45:00+09:00,J2,532,553,1085
2019-05-08T14:45:00+09:00,J3,808,656,1464
2019-05-08T14:45:00+09:00,J4,714,781,1495
2019-05-08T14:45:00+09:00,J5,539,654,1193
2019-05-08T15:00:00+09:00,J1,882,1019,1901
2019-05-08T15:00:00+09:00,J2,556,589,1145
2019-05-08T15:00:00+09:00,J3,743,702,1445
2019-05-08T15:00:00+09:00,J4,665,798,1463
2019-05-08T15:00:00+09:00,J5,545,704,1249
2019-05-08T15:15:00+09:00,J1,870,973,1843
2019-05-08T15:15:00+09:00,J2,543,605,1148
2019-05-08T15:15:00+09:00,J3,738,705,1443
2019-05-08T15:15:00+09:00,J4,730,756,1486
2019-05-08T15:15:00+09:00,J5,534,693,1227
2019-05-08T15:30:00+09:00,J1,936,910,1846
2019-05-08T15:30:00+09:00,J2,548,601,1149
2019-05-08T15:30:00+09:00,J3,775,761,1536
2019-05-08T15:30:00+09:00,J4,676,745,1421
2019-05-08T15:30:00+09:00,J5,575,644,1219
2019-05-08T15:45:00+09:00,J1,938,1022,1960
2019-05-08T15:45:00+09:00,J2,537,587,1124
2019-05-08T15:45:00+09:00,J3,773,679,1452
2019-05-08T15:45:00+09:00,J4,716,733,1449
2019-05-08T15:45:00+09:00,J5,529,614,1143
2019-05-08T16:00:00+09:00,J1,880,1029,1909
2019-05-08T16:00:00+09:00,J2,515,565,1080
2019-05-08T16:00:00+09:00,J3,742,687,1429
2019-05-08T16:00:00+09:00,J4,639,690,1329
2019-05-08T16:00:00+09:00,J5,514,637,1151
2019-05-08T16:15:00+09:00,J1,816,948,1764
2019-05-08T16:15:00+09:00,J2,539,626,1165
2019-05-08T16:15:00+09:00,J3,792,730,1522
2019-05-08T16:15:00+09:00,J4,689,712,1401
2019-05-08T16:15:00+09:00,J5,565,614,1179
2019-05-08T16:30:00+09:00,J1,887,918,1805
2019-05-08T16:30:00+09:00,J2,504,572,1076
2019-05-08T16:30:00+09:00,J3,715,673,1388
2019-05-08T16:30:00+09:00,J4,708,685,1393
2019-05-08T16:30:00+09:00,J5,497,618,1115
2019-05-08T16:45:00+09:00,J1,943,980,1923
2019-05-08T16:45:00+09:00,J2,539,696,1235
2019-05-08T16:45:00+09:00,J3,748,786,1534
2019-05-08T16:45:00+09:00,J4,662,771,1433
2019-05-08T16:45:00+09:00,J5,575,672,1247
2019-05-08T17:00:00+09:00,J1,981,1171,2152
2019-05-08T17:00:00+09:00,J2,562,696,1258
2019-05-08T17:00:00+09:00,J3,903,821,1724
2019-05-08T17:00:00+09:00,J4,694,725,1419
2019-05-08T17:00:00+09:00,J5,547,659,1206
2019-05-08T17:15:00+09:00,J1,1075,1129,2204
2019-05-08T17:15:00+09:00,J2,602,708,1310
2019-05-08T17:15:00+09:00,J3,1058,952,2010
2019-05-08T17:15:00+09:00,J4,761,752,1513
2019-05-08T17:15:00+09:00,J5,567,654,1221
2019-05-08T17:30:00+09:00,J1,1084,1293,2377
2019-05-08T17:30:00+09:00,J2,622,772,1394
2019-05-08T17:30:00+09:00,J3,1075,1074,2149
2019-05-08T17:30:00+09:00,J4,846,860,1706
2019-05-08T17:30:00+09:00,J5,614,654,1268
2019-05-08T17:45:00+09:00,J1,1107,1267,2374
2019-05-08T17:45:00+09:00,J2,550,811,1361
2019-05-08T17:45:00+09:00,J3,1091,1038,2129
2019-05-08T17:45:00+09:00,J4,914,779,1693
2019-05-08T17:45:00+09:00,J5,631,642,1273
2019-05-08T18:00:00+09:00,J1,1133,1323,2456
2019-05-08T18:00:00+09:00,J2,622,824,1446
2019-05-08T18:00:00+09:00,J3,1247,973,2220
2019-05-08T18:00:00+09:00,J4,914,715,1629
2019-05-08T18:00:00+09:00,J5,655,656,1311
2019-05-08T18:15:00+09:00,J1,1019,1161,2180
2019-05-08T18:15:00+09:00,J2,612,768,1380
2019-05-08T18:15:00+09:00,J3,1074,906,1980
2019-05-08T18:15:00+09:00,J4,997,801,1798
2019-05-08T18:15:00+09:00,J5,542,528,1070
2019-05-08T18:30:00+09:00,J1,1021,1103,2124
2019-05-08T18:30:00+09:00,J2,540,688,1228
2019-05-08T18:30:00+09:00,J3,986,768,1754
2019-05-08T18:30:00+09:00,J4,858,808,1666
2019-05-08T18:30:00+09:00,J5,466,528,994
2019-05-08T18:45:00+09:00,J1,1007,1179,2186
2019-05-08T18:45:00+09:00,J2,580,627,1207
2019-05-08T18:45:00+09:00,J3,885,680,1565
2019-05-08T18:45:00+09:00,J4,889,778,1667
2019-05-08T18:45:00+09:00,J5,441,497,938
2019-05-08T19:00:00+09:00,J1,893,978,1871
2019-05-08T19:00:00+09:00,J2,481,536,1017
2019-05-08T19:00:00+09:00,J3,902,646,1548
2019-05-08T19:00:00+09:00,J4,895,807,1702
2019-05-08T19:00:00+09:00,J5,516,512,1028
2019-05-08T19:15:00+09:00,J1,941,1077,2018
2019-05-08T19:15:00+09:00,J2,480,601,1081
2019-05-08T19:15:00+09:00,J3,896,684,1580
2019-05-08T19:15:00+09:00,J4,932,790,1722
2019-05-08T19:15:00+09:00,J5,606,529,1135
2019-05-08T19:30:00+09:00,J1,915,1047,1962
2019-05-08T19:30:00+09:00,J2,471,548,1019
2019-05-08T19:30:00+09:00,J3,832,658,1490
2019-05-08T19:30:00+09:00,J4,916,755,1671
2019-05-08T19:30:00+09:00,J5,502,517,1019
2019-05-08T19:45:00+09:00,J1,832,950,1782
2019-05-08T19:45:00+09:00,J2,426,512,938
2019-05-08T19:45:00+09:00,J3,737,617,1354
2019-05-08T19:45:00+09:00,J4,816,730,1546
2019-05-08T19:45:00+09:00,J5,510,541,1051
2019-05-08T20:00:00+09:00,J1,852,1018,1870
2019-05-08T20:00:00+09:00,J2,387,495,882
2019-05-08T20:00:00+09:00,J3,766,643,1409
2019-05-08T20:00:00+09:00,J4,771,775,1546
2019-05-08T20:00:00+09:00,J5,559,565,1124
2019-05-08T20:15:00+09:00,J1,793,887,1680
2019-05-08T20:15:00+09:00,J2,563,530,1093
2019-05-08T20:15:00+09:00,J3,681,582,1263
2019-05-08T20:15:00+09:00,J4,779,706,1485
2019-05-08T20:15:00+09:00,J5,507,506,1013
2019-05-08T20:30:00+09:00,J1,696,801,1497
2019-05-08T20:30:00+09:00,J2,681,549,1230
2019-05-08T20:30:00+09:00,J3,674,532,1206
2019-05-08T20:30:00+09:00,J4,844,729,1573
2019-05-08T20:30:00+09:00,J5,530,539,1069
2019-05-08T20:45:00+09:00,J1,737,853,1590
2019-05-08T20:45:00+09:00,J2,679,557,1236
2019-05-08T20:45:00+09:00,J3,619,577,1196
2019-05-08T20:45:00+09:00,J4,779,667,1446
2019-05-08T20:45:00+09:00,J5,464,493,957
2019-05-08T21:00:00+09:00,J1,727,829,1556
2019-05-08T21:00:00+09:00,J2,627,580,1207
2019-05-08T21:00:00+09:00,J3,673,473,1146
2019-05-08T21:00:00+09:00,J4,736,629,1365
2019-05-08T21:00:00+09:00,J5,504,567,1071
2019-05-08T21:15:00+09:00,J1,715,848,1563
2019-05-08T21:15:00+09:00,J2,587,471,1058
2019-05-08T21:15:00+09:00,J3,651,538,1189
2019-05-08T21:15:00+09:00,J4,739,694,1433
2019-05-08T21:15:00+09:00,J5,579,592,1171
2019-05-08T21:30:00+09:00,J1,762,829,1591
2019-05-08T21:30:00+09:00,J2,593,540,1133
2019-05-08T21:30:00+09:00,J3,615,519,1134
2019-05-08T21:30:00+09:00,J4,764,709,1473
2019-05-08T21:30:00+09:00,J5,559,638,1197
2019-05-08T21:45:00+09:00,J1,685,762,1447
2019-05-08T21:45:00+09:00,J2,571,539,1110
2019-05-08T21:45:00+09:00,J3,546,443,989
2019-05-08T21:45:00+09:00,J4,736,601,1337
2019-05-08T21:45:00+09:00,J5,544,627,1171
2019-05-08T22:00:00+09:00,J1,619,742,1361
2019-05-08T22:00:00+09:00,J2,621,440,1061
2019-05-08T22:00:00+09:00,J3,515,470,985
2019-05-08T22:00:00+09:00,J4,764,679,1443
2019-05-08T22:00:00+09:00,J5,485,585,1070
2019-05-08T22:15:00+09:00,J1,582,693,1275
2019-05-08T22:15:00+09:00,J2,594,491,1085
2019-05-08T22:15:00+09:00,J3,442,427,869
2019-05-08T22:15:00+09:00,J4,688,657,1345
2019-05-08T22:15:00+09:00,J5,518,583,1101
2019-05-08T22:30:00+09:00,J1,614,666,1280
2019-05-08T22:30:00+09:00,J2,634,507,1141
2019-05-08T22:30:00+09:00,J3,485,502,987
2019-05-08T22:30:00+09:00,J4,622,613,1235
2019-05-08T22:30:00+09:00,J5,430,549,979
2019-05-08T22:45:00+09:00,J1,602,632,1234
2019-05-08T22:45:00+09:00,J2,614,544,1158
2019-05-08T22:45:00+09:00,J3,484,458,942
2019-05-08T22:45:00+09:00,J4,607,687,1294
2019-05-08T22:45:00+09:00,J5,378,420,798
2019-05-08T23:00:00+09:00,J1,628,711,1339
2019-05-08T23:00:00+09:00,J2,626,534,1160
2019-05-08T23:00:00+09:00,J3,472,484,956
2019-05-08T23:00:00+09:00,J4,679,734,1413
2019-05-08T23:00:00+09:00,J5,381,399,780
2019-05-08T23:15:00+09:00,J1,627,710,1337
2019-05-08T23:15:00+09:00,J2,614,551,1165
2019-05-08T23:15:00+09:00,J3,435,430,865
2019-05-08T23:15:00+09:00,J4,699,675,1374
2019-05-08T23:15:00+09:00,J5,332,308,640
2019-05-08T23:30:00+09:00,J1,545,631,1176
2019-05-08T23:30:00+09:00,J2,650,571,1221
2019-05-08T23:30:00+09:00,J3,419,418,837
2019-05-08T23:30:00+09:00,J4,668,627,1295
2019-05-08T23:30:00+09:00,J5,312,308,620
2019-05-08T23:45:00+09:00,J1,512,544,1056
2019-05-08T23:45:00+09:00,J2,585,492,1077
2019-05-08T23:45:00+09:00,J3,454,415,869
2019-05-08T23:45:00+09:00,J4,667,601,1268
2019-05-08T23:45:00+09:00,J5,310,316,626
2019-05-09T00:00:00+09:00,J1,465,436,901
2019-05-09T00:00:00+09:00,J2,579,479,1058
2019-05-09T00:00:00+09:00,J3,452,384,836
2019-05-09T00:00:00+09:00,J4,614,529,1143
2019-05-09T00:00:00+09:00,J5,287,288,575
2019-05-09T00:15:00+09:00,J1,372,352,724
2019-05-09T00:15:00+09:00,J2,521,525,1046
2019-05-09T00:15:00+09:00,J3,547,497,1044
2019-05-09T00:15:00+09:00,J4,658,637,1295
2019-05-09T00:15:00+09:00,J5,243,208,451
2019-05-09T00:30:00+09:00,J1,313,251,564
2019-05-09T00:30:00+09:00,J2,503,559,1062
2019-05-09T00:30:00+09:00,J3,602,605,1207
2019-05-09T00:30:00+09:00,J4,476,516,992
2019-05-09T00:30:00+09:00,J5,235,178,413
2019-05-09T00:45:00+09:00,J1,359,292,651
2019-05-09T00:45:00+09:00,J2,524,532,1056
2019-05-09T00:45:00+09:00,J3,659,659,1318
2019-05-09T00:45:00+09:00,J4,532,466,998
2019-05-09T00:45:00+09:00,J5,116,109,225
2019-05-09T05:45:00+09:00,J1,483,467,950
2019-05-09T05:45:00+09:00,J2,339,285,624
2019-05-09T05:45:00+09:00,J3,741,698,1439
2019-05-09T05:45:00+09:00,J4,875,723,1598
2019-05-09T05:45:00+09:00,J5,228,219,447
2019-05-09T06:00:00+09:00,J1,519,490,1009
2019-05-09T06:00:00+09:00,J2,429,282,711
2019-05-09T06:00:00+09:00,J3,800,720,1520
2019-05-09T06:00:00+09:00,J4,840,715,1555
2019-05-09T06:00:00+09:00,J5,211,230,441
2019-05-09T06:15:00+09:00,J1,528,558,1086
2019-05-09T06:15:00+09:00,J2,426,335,761
2019-05-09T06:15:00+09:00,J3,787,735,1522
2019-05-09T06:15:00+09:00,J4,831,726,1557
2019-05-09T06:15:00+09:00,J5,255,259,514
2019-05-09T06:30:00+09:00,J1,500,571,1071
2019-05-09T06:30:00+09:00,J2,310,330,640
2019-05-09T06:30:00+09:00,J3,722,661,1383
2019-05-09T06:30:00+09:00,J4,825,770,1595
2019-05-09T06:30:00+09:00,J5,241,250,491
2019-05-09T06:45:00+09:00,J1,665,647,1312
2019-05-09T06:45:00+09:00,J2,354,334,688
2019-05-09T06:45:00+09:00,J3,787,624,1411
2019-05-09T06:45:00+09:00,J4,783,767,1550
2019-05-09T06:45:00+09:00,J5,260,260,520
2019-05-09T07:00:00+09:00,J1,648,769,1417
2019-05-09T07:00:00+09:00,J2,386,461,847
2019-05-09T07:00:00+09:00,J3,724,711,1435
2019-05-09T07:00:00+09:00,J4,932,818,1750
2019-05-09T07:00:00+09:00,J5,325,302,627
2019-05-09T07:15:00+09:00,J1,689,698,1387
2019-05-09T07:15:00+09:00,J2,439,436,875
2019-05-09T07:15:00+09:00,J3,645,624,1269
2019-05-09T07:15:00+09:00,J4,888,841,1729
2019-05-09T07:15:00+09:00,J5,354,364,718
2019-05-09T07:30:00+09:00,J1,762,629,1391
2019-05-09T07:30:00+09:00,J2,423,407,830
2019-05-09T07:30:00+09:00,J3,717,671,1388
2019-05-09T07:30:00+09:00,J4,846,925,1771
2019-05-09T07:30:00+09:00,J5,546,591,1137
2019-05-09T07:45:00+09:00,J1,870,595,1465
2019-05-09T07:45:00+09:00,J2,573,438,1011
2019-05-09T07:45:00+09:00,J3,806,818,1624
2019-05-09T07:45:00+09:00,J4,742,884,1626
2019-05-09T07:45:00+09:00,J5,424,423,847
2019-05-09T08:00:00+09:00,J1,1225,905,2130
2019-05-09T08:00:00+09:00,J2,578,475,1053
2019-05-09T08:00:00+09:00,J3,910,876,1786
2019-05-09T08:00:00+09:00,J4,765,1013,1778
2019-05-09T08:00:00+09:00,J5,398,391,789
2019-05-09T08:15:00+09:00,J1,1204,1166,2370
2019-05-09T08:15:00+09:00,J2,635,439,1074
2019-05-09T08:15:00+09:00,J3,967,1131,2098
2019-05-09T08:15:00+09:00,J4,755,1136,1891
2019-05-09T08:15:00+09:00,J5,451,465,916
2019-05-09T08:30:00+09:00,J1,1279,1011,2290
2019-05-09T08:30:00+09:00,J2,625,363,988
2019-05-09T08:30:00+09:00,J3,937,1349,2286
2019-05-09T08:30:00+09:00,J4,758,1065,1823
2019-05-09T08:30:00+09:00,J5,495,501,996
2019-05-09T08:45:00+09:00,J1,1176,923,2099
2019-05-09T08:45:00+09:00,J2,532,331,863
2019-05-09T08:45:00+09:00,J3,942,1063,2005
2019-05-09T08:45:00+09:00,J4,685,961,1646
2019-05-09T08:45:00+09:00,J5,414,419,833
2019-05-09T09:00:00+09:00,J1,943,870,1813
2019-05-09T09:00:00+09:00,J2,482,425,907
2019-05-09T09:00:00+09:00,J3,818,744,1562
2019-05-09T09:00:00+09:00,J4,650,758,1408
2019-05-09T09:00:00+09:00,J5,382,343,725
2019-05-09T09:15:00+09:00,J1,763,722,1485
2019-05-09T09:15:00+09:00,J2,467,377,844
2019-05-09T09:15:00+09:00,J3,802,753,1555
2019-05-09T09:15:00+09:00,J4,589,777,1366
2019-05-09T09:15:00+09:00,J5,294,305,599
2019-05-09T09:30:00+09:00,J1,753,712,1465
2019-05-09T09:30:00+09:00,J2,423,343,766
2019-05-09T09:30:00+09:00,J3,842,852,1694
2019-05-09T09:30:00+09:00,J4,599,717,1316
2019-05-09T09:30:00+09:00,J5,409,344,753
2019-05-09T09:45:00+09:00,J1,781,784,1565
2019-05-09T09:45:00+09:00,J2,382,393,775
2019-05-09T09:45:00+09:00,J3,875,840,1715
2019-05-09T09:45:00+09:00,J4,559,673,1232
2019-05-09T09:45:00+09:00,J5,418,397,815
2019-05-09T10:00:00+09:00,J1,772,706,1478
2019-05-09T10:00:00+09:00,J2,477,441,918
2019-05-09T10:00:00+09:00,J3,863,766,1629
2019-05-09T10:00:00+09:00,J4,570,637,1207
2019-05-09T10:00:00+09:00,J5,473,409,882
2019-05-09T10:15:00+09:00,J1,773,722,1495
2019-05-09T10:15:00+09:00,J2,405,426,831
2019-05-09T10:15:00+09:00,J3,821,921,1742
2019-05-09T10:15:00+09:00,J4,515,641,1156
2019-05-09T10:15:00+09:00,J5,371,322,693
2019-05-09T10:30:00+09:00,J1,800,671,1471
2019-05-09T10:30:00+09:00,J2,468,366,834
2019-05-09T10:30:00+09:00,J3,895,856,1751
2019-05-09T10:30:00+09:00,J4,492,547,1039
2019-05-09T10:30:00+09:00,J5,411,366,777
2019-05-09T10:45:00+09:00,J1,800,770,1570
2019-05-09T10:45:00+09:00,J2,432,346,778
2019-05-09T10:45:00+09:00,J3,793,931,1724
2019-05-09T10:45:00+09:00,J4,533,605,1138
2019-05-09T10:45:00+09:00,J5,392,278,670
2019-05-09T11:00:00+09:00,J1,798,822,1620
2019-05-09T11:00:00+09:00,J2,473,398,871
2019-05-09T11:00:00+09:00,J3,842,893,1735
2019-05-09T11:00:00+09:00,J4,523,614,1137
2019-05-09T11:00:00+09:00,J5,377,394,771
2019-05-09T11:15:00+09:00,J1,903,891,1794
2019-05-09T11:15:00+09:00,J2,488,382,870
2019-05-09T11:15:00+09:00,J3,840,841,1681
2019-05-09T11:15:00+09:00,J4,593,631,1224
2019-05-09T11:15:00+09:00,J5,428,373,801
2019-05-09T11:30:00+09:00,J1,880,992,1872
2019-05-09T11:30:00+09:00,J2,515,387,902
2019-05-09T11:30:00+09:00,J3,882,913,1795
2019-05-09T11:30:00+09:00,J4,728,698,1426
2019-05-09T11:30:00+09:00,J5,465,449,914
2019-05-09T11:45:00+09:00,J1,917,928,1845
2019-05-09T11:45:00+09:00,J2,538,419,957
2019-05-09T11:45:00+09:00,J3,849,799,1648
2019-05-09T11:45:00+09:00,J4,733,889,1622
2019-05-09T11:45:00+09:00,J5,432,438,870
2019-05-09T12:00:00+09:00,J1,839,907,1746
2019-05-09T12:00:00+09:00,J2,563,459,1022
2019-05-09T12:00:00+09:00,J3,944,777,1721
2019-05-09T12:00:00+09:00,J4,865,899,1764
2019-05-09T12:00:00+09:00,J5,445,496,941
2019-05-09T12:15:00+09:00,J1,867,854,1721
2019-05-09T12:15:00+09:00,J2,530,455,985
2019-05-09T12:15:00+09:00,J3,689,748,1437
2019-05-09T12:15:00+09:00,J4,886,838,1724
2019-05-09T12:15:00+09:00,J5,394,373,767
2019-05-09T12:30:00+09:00,J1,804,867,1671
2019-05-09T12:30:00+09:00,J2,543,483,1026
2019-05-09T12:30:00+09:00,J3,666,624,1290
2019-05-09T12:30:00+09:00,J4,766,793,1559
2019-05-09T12:30:00+09:00,J5,395,320,715
2019-05-09T12:45:00+09:00,J1,749,799,1548
2019-05-09T12:45:00+09:00,J2,551,439,990
2019-05-09T12:45:00+09:00,J3,632,685,1317
2019-05-09T12:45:00+09:00,J4,848,813,1661
2019-05-09T12:45:00+09:00,J5,355,378,733
2019-05-09T13:00:00+09:00,J1,710,783,1493
2019-05-09T13:00:00+09:00,J2,516,484,1000
2019-05-09T13:00:00+09:00,J3,673,641,1314
2019-05-09T13:00:00+09:00,J4,829,756,1585
2019-05-09T13:00:00+09:00,J5,387,400,787
2019-05-09T13:15:00+09:00,J1,670,778,1448
2019-05-09T13:15:00+09:00,J2,541,439,980
2019-05-09T13:15:00+09:00,J3,584,617,1201
2019-05-09T13:15:00+09:00,J4,901,789,1690
2019-05-09T13:15:00+09:00,J5,400,362,762
2019-05-09T13:30:00+09:00,J1,813,827,1640
2019-05-09T13:30:00+09:00,J2,580,522,1102
2019-05-09T13:30:00+09:00,J3,596,641,1237
2019-05-09T13:30:00+09:00,J4,845,816,1661
2019-05-09T13:30:00+09:00,J5,366,349,715
2019-05-09T13:45:00+09:00,J1,791,870,1661
2019-05-09T13:45:00+09:00,J2,559,435,994
2019-05-09T13:45:00+09:00,J3,617,611,1228
2019-05-09T13:45:00+09:00,J4,767,756,1523
2019-05-09T13:45:00+09:00,J5,344,322,666
2019-05-09T14:00:00+09:00,J1,781,839,1620
2019-05-09T14:00:00+09:00,J2,541,451,992
2019-05-09T14:00:00+09:00,J3,726,699,1425
2019-05-09T14:00:00+09:00,J4,806,837,1643
2019-05-09T14:00:00+09:00,J5,424,373,797
2019-05-09T14:15:00+09:00,J1,718,775,1493
2019-05-09T14:15:00+09:00,J2,523,486,1009
2019-05-09T14:15:00+09:00,J3,645,734,1379
2019-05-09T14:15:00+09:00,J4,876,859,1735
2019-05-09T14:15:00+09:00,J5,381,347,728
2019-05-09T14:30:00+09:00,J1,700,786,1486
2019-05-09T14:30:00+09:00,J2,540,496,1036
2019-05-09T14:30:00+09:00,J3,716,780,1496
2019-05-09T14:30:00+09:00,J4,908,915,1823
2019-05-09T14:30:00+09:00,J5,364,410,774
2019-05-09T14:45:00+09:00,J1,655,713,1368
2019-05-09T14:45:00+09:00,J2,514,490,1004
2019-05-09T14:45:00+09:00,J3,757,839,1596
2019-05-09T14:45:00+09:00,J4,791,889,1680
2019-05-09T14:45:00+09:00,J5,428,401,829
2019-05-09T15:00:00+09:00,J1,647,690,1337
2019-05-09T15:00:00+09:00,J2,500,495,995
2019-05-09T15:00:00+09:00,J3,762,774,1536
2019-05-09T15:00:00+09:00,J4,835,831,1666
2019-05-09T15:00:00+09:00,J5,454,450,904
2019-05-09T15:15:00+09:00,J1,680,730,1410
2019-05-09T15:15:00+09:00,J2,434,456,890
2019-05-09T15:15:00+09:00,J3,714,790,1504
2019-05-09T15:15:00+09:00,J4,812,891,1703
2019-05-09T15:15:00+09:00,J5,384,430,814
2019-05-09T15:30:00+09:00,J1,680,767,1447
2019-05-09T15:30:00+09:00,J2,518,475,993
2019-05-09T15:30:00+09:00,J3,621,755,1376
2019-05-09T15:30:00+09:00,J4,826,895,1721
2019-05-09T15:30:00+09:00,J5,412,387,799
2019-05-09T15:45:00+09:00,J1,743,794,1537
2019-05-09T15:45:00+09:00,J2,524,482,1006
2019-05-09T15:45:00+09:00,J3,662,732,1394
2019-05-09T15:45:00+09:00,J4,844,901,1745
2019-05-09T15:45:00+09:00,J5,390,398,788
2019-05-09T16:00:00+09:00,J1,713,754,1467
2019-05-09T16:00:00+09:00,J2,514,493,1007
2019-05-09T16:00:00+09:00,J3,724,761,1485
2019-05-09T16:00:00+09:00,J4,888,808,1696
2019-05-09T16:00:00+09:00,J5,409,407,816
2019-05-09T16:15:00+09:00,J1,738,864,1602
2019-05-09T16:15:00+09:00,J2,636,488,1124
2019-05-09T16:15:00+09:00,J3,795,770,1565
2019-05-09T16:15:00+09:00,J4,885,882,1767
2019-05-09T16:15:00+09:00,J5,446,403,849
2019-05-09T16:30:00+09:00,J1,775,829,1604
2019-05-09T16:30:00+09:00,J2,563,465,1028
2019-05-09T16:30:00+09:00,J3,816,778,1594
2019-05-09T16:30:00+09:00,J4,951,853,1804
2019-05-09T16:30:00+09:00,J5,399,394,793
2019-05-09T16:45:00+09:00,J1,831,867,1698
2019-05-09T16:45:00+09:00,J2,542,464,1006
2019-05-09T16:45:00+09:00,J3,818,794,1612
2019-05-09T16:45:00+09:00,J4,956,850,1806
2019-05-09T16:45:00+09:00,J5,395,413,808
2019-05-09T17:00:00+09:00,J1,880,1125,2005
2019-05-09T17:00:00+09:00,J2,553,524,1077
2019-05-09T17:00:00+09:00,J3,883,849,1732
2019-05-09T17:00:00+09:00,J4,965,952,1917
2019-05-09T17:00:00+09:00,J5,380,382,762
2019-05-09T17:15:00+09:00,J1,936,1122,2058
2019-05-09T17:15:00+09:00,J2,605,554,1159
2019-05-09T17:15:00+09:00,J3,849,847,1696
2019-05-09T17:15:00+09:00,J4,1013,860,1873
2019-05-09T17:15:00+09:00,J5,408,413,821
2019-05-09T17:30:00+09:00,J1,983,1207,2190
2019-05-09T17:30:00+09:00,J2,640,552,1192
2019-05-09T17:30:00+09:00,J3,899,903,1802
2019-05-09T17:30:00+09:00,J4,1023,933,1956
2019-05-09T17:30:00+09:00,J5,409,433,842
2019-05-09T17:45:00+09:00,J1,979,1145,2124
2019-05-09T17:45:00+09:00,J2,661,556,1217
2019-05-09T17:45:00+09:00,J3,956,906,1862
2019-05-09T17:45:00+09:00,J4,1047,979,2026
2019-05-09T17:45:00+09:00,J5,405,516,921
2019-05-09T18:00:00+09:00,J1,994,1190,2184
2019-05-09T18:00:00+09:00,J2,622,530,1152
2019-05-09T18:00:00+09:00,J3,1094,928,2022
2019-05-09T18:00:00+09:00,J4,1098,915,2013
2019-05-09T18:00:00+09:00,J5,416,450,866
2019-05-09T18:15:00+09:00,J1,851,1119,1970
2019-05-09T18:15:00+09:00,J2,656,520,1176
2019-05-09T18:15:00+09:00,J3,1055,966,2021
2019-05-09T18:15:00+09:00,J4,1051,946,1997
2019-05-09T18:15:00+09:00,J5,440,533,973
2019-05-09T18:30:00+09:00,J1,804,1075,1879
2019-05-09T18:30:00+09:00,J2,592,499,1091
2019-05-09T18:30:00+09:00,J3,1083,866,1949
2019-05-09T18:30:00+09:00,J4,919,848,1767
2019-05-09T18:30:00+09:00,J5,442,460,902
2019-05-09T18:45:00+09:00,J1,889,977,1866
2019-05-09T18:45:00+09:00,J2,552,452,1004
2019-05-09T18:45:00+09:00,J3,1021,821,1842
2019-05-09T18:45:00+09:00,J4,971,880,1851
2019-05-09T18:45:00+09:00,J5,429,478,907
2019-05-09T19:00:00+09:00,J1,790,881,1671
2019-05-09T19:00:00+09:00,J2,524,425,949
2019-05-09T19:00:00+09:00,J3,1014,911,1925
2019-05-09T19:00:00+09:00,J4,842,735,1577
2019-05-09T19:00:00+09:00,J5,457,453,910
2019-05-09T19:15:00+09:00,J1,855,1008,1863
2019-05-09T19:15:00+09:00,J2,508,424,932
2019-05-09T19:15:00+09:00,J3,1029,897,1926
2019-05-09T19:15:00+09:00,J4,757,687,1444
2019-05-09T19:15:00+09:00,J5,463,450,913
2019-05-09T19:30:00+09:00,J1,774,1029,1803
2019-05-09T19:30:00+09:00,J2,506,472,978
2019-05-09T19:30:00+09:00,J3,922,870,1792
2019-05-09T19:30:00+09:00,J4,737,661,1398
2019-05-09T19:30:00+09:00,J5,426,371,797
2019-05-09T19:45:00+09:00,J1,837,932,1769
2019-05-09T19:45:00+09:00,J2,457,446,903
2019-05-09T19:45:00+09:00,J3,843,801,1644
2019-05-09T19:45:00+09:00,J4,645,654,1299
2019-05-09T19:45:00+09:00,J5,375,362,737
2019-05-09T20:00:00+09:00,J1,791,1030,1821
2019-05-09T20:00:00+09:00,J2,421,459,880
2019-05-09T20:00:00+09:00,J3,823,740,1563
2019-05-09T20:00:00+09:00,J4,627,603,1230
2019-05-09T20:00:00+09:00,J5,382,334,716
2019-05-09T20:15:00+09:00,J1,881,900,1781
2019-05-09T20:15:00+09:00,J2,471,429,900
2019-05-09T20:15:00+09:00,J3,776,782,1558
2019-05-09T20:15:00+09:00,J4,748,632,1380
2019-05-09T20:15:00+09:00,J5,394,355,749
2019-05-09T20:30:00+09:00,J1,767,869,1636
2019-05-09T20:30:00+09:00,J2,404,422,826
2019-05-09T20:30:00+09:00,J3,747,745,1492
2019-05-09T20:30:00+09:00,J4,673,687,1360
2019-05-09T20:30:00+09:00,J5,415,386,801
2019-05-09T20:45:00+09:00,J1,756,873,1629
2019-05-09T20:45:00+09:00,J2,395,427,822
2019-05-09T20:45:00+09:00,J3,802,674,1476
2019-05-09T20:45:00+09:00,J4,698,716,1414
2019-05-09T20:45:00+09:00,J5,404,406,810
2019-05-09T21:00:00+09:00,J1,703,882,1585
2019-05-09T21:00:00+09:00,J2,356,403,759
2019-05-09T21:00:00+09:00,J3,818,710,1528
2019-05-09T21:00:00+09:00,J4,664,670,1334
2019-05-09T21:00:00+09:00,J5,432,418,850
2019-05-09T21:15:00+09:00,J1,698,888,1586
2019-05-09T21:15:00+09:00,J2,409,451,860
2019-05-09T21:15:00+09:00,J3,764,731,1495
2019-05-09T21:15:00+09:00,J4,687,702,1389
2019-05-09T21:15:00+09:00,J5,394,401,795
2019-05-09T21:30:00+09:00,J1,721,814,1535
2019-05-09T21:30:00+09:00,J2,332,339,671
2019-05-09T21:30:00+09:00,J3,772,722,1494
2019-05-09T21:30:00+09:00,J4,632,643,1275
2019-05-09T21:30:00+09:00,J5,346,344,690
2019-05-09T21:45:00+09:00,J1,754,796,1550
2019-05-09T21:45:00+09:00,J2,318,329,647
2019-05-09T21:45:00+09:00,J3,652,748,1400
2019-05-09T21:45:00+09:00,J4,624,681,1305
2019-05-09T21:45:00+09:00,J5,347,344,691
2019-05-09T22:00:00+09:00,J1,665,728,1393
2019-05-09T22:00:00+09:00,J2,362,380,742
2019-05-09T22:00:00+09:00,J3,644,613,1257
2019-05-09T22:00:00+09:00,J4,711,735,1446
2019-05-09T22:00:00+09:00,J5,321,329,650
2019-05-09T22:15:00+09:00,J1,602,715,1317
2019-05-09T22:15:00+09:00,J2,347,347,694
2019-05-09T22:15:00+09:00,J3,655,517,1172
2019-05-09T22:15:00+09:00,J4,680,645,1325
2019-05-09T22:15:00+09:00,J5,317,346,663
2019-05-09T22:30:00+09:00,J1,675,659,1334
2019-05-09T22:30:00+09:00,J2,277,327,604
2019-05-09T22:30:00+09:00,J3,553,536,1089
2019-05-09T22:30:00+09:00,J4,624,628,1252
2019-05-09T22:30:00+09:00,J5,311,307,618
2019-05-09T22:45:00+09:00,J1,617,717,1334
2019-05-09T22:45:00+09:00,J2,295,317,612
2019-05-09T22:45:00+09:00,J3,643,566,1209
2019-05-09T22:45:00+09:00,J4,616,611,1227
2019-05-09T22:45:00+09:00,J5,344,371,715
2019-05-09T23:00:00+09:00,J1,609,693,1302
2019-05-09T23:00:00+09:00,J2,321,306,627
2019-05-09T23:00:00+09:00,J3,613,559,1172
2019-05-09T23:00:00+09:00,J4,555,621,1176
2019-05-09T23:00:00+09:00,J5,337,318,655
2019-05-09T23:15:00+09:00,J1,610,645,1255
2019-05-09T23:15:00+09:00,J2,287,304,591
2019-05-09T23:15:00+09:00,J3,604,547,1151
2019-05-09T23:15:00+09:00,J4,588,662,1250
2019-05-09T23:15:00+09:00,J5,423,434,857
2019-05-09T23:30:00+09:00,J1,543,620,1163
2019-05-09T23:30:00+09:00,J2,346,331,677
2019-05-09T23:30:00+09:00,J3,639,551,1190
2019-05-09T23:30:00+09:00,J4,619,589,1208
2019-05-09T23:30:00+09:00,J5,391,397,788
2019-05-09T23:45:00+09:00,J1,582,588,1170
2019-05-09T23:45:00+09:00,J2,304,272,576
2019-05-09T23:45:00+09:00,J3,565,496,1061
2019-05-09T23:45:00+09:00,J4,532,520,1052
2019-05-09T23:45:00+09:00,J5,365,401,766
2019-05-10T00:00:00+09:00,J1,510,535,1045
2019-05-10T00:00:00+09:00,J2,310,287,597
2019-05-10T00:00:00+09:00,J3,487,414,901
2019-05-10T00:00:00+09:00,J4,515,533,1048
2019-05-10T00:00:00+09:00,J5,424,476,900
2019-05-10T00:15:00+09:00,J1,451,416,867
2019-05-10T00:15:00+09:00,J2,317,296,613
2019-05-10T00:15:00+09:00,J3,449,402,851
2019-05-10T00:15:00+09:00,J4,477,446,923
2019-05-10T00:15:00+09:00,J5,473,524,997
2019-05-10T00:30:00+09:00,J1,272,286,558
2019-05-10T00:30:00+09:00,J2,349,270,619
2019-05-10T00:30:00+09:00,J3,464,373,837
2019-05-10T00:30:00+09:00,J4,516,531,1047
2019-05-10T00:30:00+09:00,J5,438,537,975
2019-05-10T00:45:00+09:00,J1,225,261,486
2019-05-10T00:45:00+09:00,J2,336,320,656
2019-05-10T00:45:00+09:00,J3,431,365,796
2019-05-10T00:45:00+09:00,J4,514,558,1072
2019-05-10T00:45:00+09:00,J5,441,522,963
2019-05-10T05:45:00+09:00,J1,547,487,1034
2019-05-10T05:45:00+09:00,J2,454,388,842
2019-05-10T05:45:00+09:00,J3,631,611,1242
2019-05-10T05:45:00+09:00,J4,615,615,1230
2019-05-10T05:45:00+09:00,J5,246,245,491
2019-05-10T06:00:00+09:00,J1,544,559,1103
2019-05-10T06:00:00+09:00,J2,603,536,1139
2019-05-10T06:00:00+09:00,J3,594,637,1231
2019-05-10T06:00:00+09:00,J4,725,690,1415
2019-05-10T06:00:00+09:00,J5,300,281,581
2019-05-10T06:15:00+09:00,J1,589,619,1208
2019-05-10T06:15:00+09:00,J2,576,447,1023
2019-05-10T06:15:00+09:00,J3,529,543,1072
2019-05-10T06:15:00+09:00,J4,763,732,1495
2019-05-10T06:15:00+09:00,J5,332,270,602
2019-05-10T06:30:00+09:00,J1,624,620,1244
2019-05-10T06:30:00+09:00,J2,566,488,1054
2019-05-10T06:30:00+09:00,J3,460,436,896
2019-05-10T06:30:00+09:00,J4,708,653,1361
2019-05-10T06:30:00+09:00,J5,339,286,625
2019-05-10T06:45:00+09:00,J1,619,650,1269
2019-05-10T06:45:00+09:00,J2,647,541,1188
2019-05-10T06:45:00+09:00,J3,387,449,836
2019-05-10T06:45:00+09:00,J4,771,745,1516
2019-05-10T06:45:00+09:00,J5,345,354,699
2019-05-10T07:00:00+09:00,J1,698,664,1362
2019-05-10T07:00:00+09:00,J2,640,539,1179
2019-05-10T07:00:00+09:00,J3,474,589,1063
2019-05-10T07:00:00+09:00,J4,817,785,1602
2019-05-10T07:00:00+09:00,J5,375,301,676
2019-05-10T07:15:00+09:00,J1,783,735,1518
2019-05-10T07:15:00+09:00,J2,703,593,1296
2019-05-10T07:15:00+09:00,J3,574,630,1204
2019-05-10T07:15:00+09:00,J4,830,817,1647
2019-05-10T07:15:00+09:00,J5,389,394,783
2019-05-10T07:30:00+09:00,J1,878,800,1678
2019-05-10T07:30:00+09:00,J2,585,442,1027
2019-05-10T07:30:00+09:00,J3,780,733,1513
2019-05-10T07:30:00+09:00,J4,846,873,1719
2019-05-10T07:30:00+09:00,J5,531,555,1086
2019-05-10T07:45:00+09:00,J1,996,866,1862
2019-05-10T07:45:00+09:00,J2,647,495,1142
2019-05-10T07:45:00+09:00,J3,855,814,1669
2019-05-10T07:45:00+09:00,J4,705,829,1534
2019-05-10T07:45:00+09:00,J5,646,741,1387
2019-05-10T08:00:00+09:00,J1,1148,969,2117
2019-05-10T08:00:00+09:00,J2,779,453,1232
2019-05-10T08:00:00+09:00,J3,1074,991,2065
2019-05-10T08:00:00+09:00,J4,752,877,1629
2019-05-10T08:00:00+09:00,J5,532,517,1049
2019-05-10T08:15:00+09:00,J1,1322,1069,2391
2019-05-10T08:15:00+09:00,J2,905,523,1428
2019-05-10T08:15:00+09:00,J3,1120,1205,2325
2019-05-10T08:15:00+09:00,J4,734,1217,1951
2019-05-10T08:15:00+09:00,J5,474,497,971
2019-05-10T08:30:00+09:00,J1,1273,984,2257
2019-05-10T08:30:00+09:00,J2,893,546,1439
2019-05-10T08:30:00+09:00,J3,1049,1294,2343
2019-05-10T08:30:00+09:00,J4,684,1142,1826
2019-05-10T08:30:00+09:00,J5,475,513,988
2019-05-10T08:45:00+09:00,J1,1088,892,1980
2019-05-10T08:45:00+09:00,J2,713,495,1208
2019-05-10T08:45:00+09:00,J3,850,939,1789
2019-05-10T08:45:00+09:00,J4,657,947,1604
2019-05-10T08:45:00+09:00,J5,459,397,856
2019-05-10T09:00:00+09:00,J1,1013,953,1966
2019-05-10T09:00:00+09:00,J2,580,455,1035
2019-05-10T09:00:00+09:00,J3,743,705,1448
2019-05-10T09:00:00+09:00,J4,642,731,1373
2019-05-10T09:00:00+09:00,J5,529,525,1054
2019-05-10T09:15:00+09:00,J1,918,878,1796
2019-05-10T09:15:00+09:00,J2,630,456,1086
2019-05-10T09:15:00+09:00,J3,734,751,1485
2019-05-10T09:15:00+09:00,J4,730,756,1486
2019-05-10T09:15:00+09:00,J5,571,560,1131
2019-05-10T09:30:00+09:00,J1,968,958,1926
2019-05-10T09:30:00+09:00,J2,611,503,1114
2019-05-10T09:30:00+09:00,J3,679,653,1332
2019-05-10T09:30:00+09:00,J4,713,782,1495
2019-05-10T09:30:00+09:00,J5,505,461,966
2019-05-10T09:45:00+09:00,J1,790,816,1606
2019-05-10T09:45:00+09:00,J2,572,509,1081
2019-05-10T09:45:00+09:00,J3,697,645,1342
2019-05-10T09:45:00+09:00,J4,685,727,1412
2019-05-10T09:45:00+09:00,J5,522,550,1072
2019-05-10T10:00:00+09:00,J1,835,846,1681
2019-05-10T10:00:00+09:00,J2,596,538,1134
2019-05-10T10:00:00+09:00,J3,642,584,1226
2019-05-10T10:00:00+09:00,J4,688,649,1337
2019-05-10T10:00:00+09:00,J5,528,536,1064
2019-05-10T10:15:00+09:00,J1,830,847,1677
2019-05-10T10:15:00+09:00,J2,625,582,1207
2019-05-10T10:15:00+09:00,J3,675,601,1276
2019-05-10T10:15:00+09:00,J4,730,678,1408
2019-05-10T10:15:00+09:00,J5,388,372,760
2019-05-10T10:30:00+09:00,J1,838,845,1683
2019-05-10T10:30:00+09:00,J2,624,594,1218
2019-05-10T10:30:00+09:00,J3,748,762,1510
2019-05-10T10:30:00+09:00,J4,722,698,1420
2019-05-10T10:30:00+09:00,J5,397,405,802
2019-05-10T10:45:00+09:00,J1,893,925,1818
2019-05-10T10:45:00+09:00,J2,629,549,1178
2019-05-10T10:45:00+09:00,J3,770,656,1426
2019-05-10T10:45:00+09:00,J4,781,759,1540
2019-05-10T10:45:00+09:00,J5,399,402,801
2019-05-10T11:00:00+09:00,J1,821,949,1770
2019-05-10T11:00:00+09:00,J2,658,621,1279
2019-05-10T11:00:00+09:00,J3,689,695,1384
2019-05-10T11:00:00+09:00,J4,726,813,1539
2019-05-10T11:00:00+09:00,J5,345,363,708
2019-05-10T11:15:00+09:00,J1,956,1099,2055
2019-05-10T11:15:00+09:00,J2,680,646,1326
2019-05-10T11:15:00+09:00,J3,734,684,1418
2019-05-10T11:15:00+09:00,J4,760,801,1561
2019-05-10T11:15:00+09:00,J5,407,473,880
2019-05-10T11:30:00+09:00,J1,986,1029,2015
2019-05-10T11:30:00+09:00,J2,633,619,1252
2019-05-10T11:30:00+09:00,J3,799,797,1596
2019-05-10T11:30:00+09:00,J4,800,854,1654
2019-05-10T11:30:00+09:00,J5,526,477,1003
2019-05-10T11:45:00+09:00,J1,984,1116,2100
2019-05-10T11:45:00+09:00,J2,629,650,1279
2019-05-10T11:45:00+09:00,J3,837,891,1728
2019-05-10T11:45:00+09:00,J4,778,834,1612
2019-05-10T11:45:00+09:00,J5,442,411,853
2019-05-10T12:00:00+09:00,J1,1070,1215,2285
2019-05-10T12:00:00+09:00,J2,717,759,1476
2019-05-10T12:00:00+09:00,J3,938,839,1777
2019-05-10T12:00:00+09:00,J4,844,804,1648
2019-05-10T12:00:00+09:00,J5,409,427,836
2019-05-10T12:15:00+09:00,J1,1007,1238,2245
2019-05-10T12:15:00+09:00,J2,668,676,1344
2019-05-10T12:15:00+09:00,J3,883,791,1674
2019-05-10T12:15:00+09:00,J4,861,849,1710
2019-05-10T12:15:00+09:00,J5,454,448,902
2019-05-10T12:30:00+09:00,J1,1073,1196,2269
2019-05-10T12:30:00+09:00,J2,700,623,1323
2019-05-10T12:30:00+09:00,J3,979,866,1845
2019-05-10T12:30:00+09:00,J4,771,802,1573
2019-05-10T12:30:00+09:00,J5,547,519,1066
2019-05-10T12:45:00+09:00,J1,1061,1141,2202
2019-05-10T12:45:00+09:00,J2,620,605,1225
2019-05-10T12:45:00+09:00,J3,913,862,1775
2019-05-10T12:45:00+09:00,J4,739,792,1531
2019-05-10T12:45:00+09:00,J5,559,618,1177
2019-05-10T13:00:00+09:00,J1,1011,1155,2166
2019-05-10T13:00:00+09:00,J2,611,656,1267
2019-05-10T13:00:00+09:00,J3,916,891,1807
2019-05-10T13:00:00+09:00,J4,810,757,1567
2019-05-10T13:00:00+09:00,J5,587,690,1277
2019-05-10T13:15:00+09:00,J1,948,1160,2108
2019-05-10T13:15:00+09:00,J2,624,663,1287
2019-05-10T13:15:00+09:00,J3,822,873,1695
2019-05-10T13:15:00+09:00,J4,819,818,1637
2019-05-10T13:15:00+09:00,J5,598,715,1313
2019-05-10T13:30:00+09:00,J1,890,1093,1983
2019-05-10T13:30:00+09:00,J2,656,630,1286
2019-05-10T13:30:00+09:00,J3,1005,810,1815
2019-05-10T13:30:00+09:00,J4,706,885,1591
2019-05-10T13:30:00+09:00,J5,547,719,1266
2019-05-10T13:45:00+09:00,J1,979,1114,2093
2019-05-10T13:45:00+09:00,J2,624,637,1261
2019-05-10T13:45:00+09:00,J3,965,832,1797
2019-05-10T13:45:00+09:00,J4,730,759,1489
2019-05-10T13:45:00+09:00,J5,540,665,1205
2019-05-10T14:00:00+09:00,J1,972,1057,2029
2019-05-10T14:00:00+09:00,J2,590,616,1206
2019-05-10T14:00:00+09:00,J3,925,815,1740
2019-05-10T14:00:00+09:00,J4,752,742,1494
2019-05-10T14:00:00+09:00,J5,589,594,1183
2019-05-10T14:15:00+09:00,J1,1001,1119,2120
2019-05-10T14:15:00+09:00,J2,690,636,1326
2019-05-10T14:15:00+09:00,J3,922,890,1812
2019-05-10T14:15:00+09:00,J4,785,785,1570
2019-05-10T14:15:00+09:00,J5,545,640,1185
2019-05-10T14:30:00+09:00,J1,976,1155,2131
2019-05-10T14:30:00+09:00,J2,625,651,1276
2019-05-10T14:30:00+09:00,J3,941,874,1815
2019-05-10T14:30:00+09:00,J4,735,849,1584
2019-05-10T14:30:00+09:00,J5,536,648,1184
2019-05-10T14:45:00+09:00,J1,962,1101,2063
2019-05-10T14:45:00+09:00,J2,676,655,1331
2019-05-10T14:45:00+09:00,J3,862,900,1762
2019-05-10T14:45:00+09:00,J4,760,758,1518
2019-05-10T14:45:00+09:00,J5,574,573,1147
2019-05-10T15:00:00+09:00,J1,1026,1115,2141
2019-05-10T15:00:00+09:00,J2,696,625,1321
2019-05-10T15:00:00+09:00,J3,851,874,1725
2019-05-10T15:00:00+09:00,J4,739,743,1482
2019-05-10T15:00:00+09:00,J5,480,553,1033
2019-05-10T15:15:00+09:00,J1,1020,1165,2185
2019-05-10T15:15:00+09:00,J2,663,651,1314
2019-05-10T15:15:00+09:00,J3,895,845,1740
2019-05-10T15:15:00+09:00,J4,752,748,1500
2019-05-10T15:15:00+09:00,J5,518,596,1114
2019-05-10T15:30:00+09:00,J1,1013,1124,2137
2019-05-10T15:30:00+09:00,J2,712,698,1410
2019-05-10T15:30:00+09:00,J3,890,882,1772
2019-05-10T15:30:00+09:00,J4,767,802,1569
2019-05-10T15:30:00+09:00,J5,527,598,1125
2019-05-10T15:45:00+09:00,J1,764,929,1693
2019-05-10T15:45:00+09:00,J2,528,556,1084
2019-05-10T15:45:00+09:00,J3,759,701,1460
2019-05-10T15:45:00+09:00,J4,606,694,1300
2019-05-10T15:45:00+09:00,J5,477,472,949
2019-05-10T16:00:00+09:00,J1,1210,1357,2567
2019-05-10T16:00:00+09:00,J2,832,827,1659
2019-05-10T16:00:00+09:00,J3,1088,1073,2161
2019-05-10T16:00:00+09:00,J4,787,962,1749
2019-05-10T16:00:00+09:00,J5,602,659,1261
2019-05-10T16:15:00+09:00,J1,1004,1108,2112
2019-05-10T16:15:00+09:00,J2,649,678,1327
2019-05-10T16:15:00+09:00,J3,891,837,1728
2019-05-10T16:15:00+09:00,J4,723,739,1462
2019-05-10T16:15:00+09:00,J5,531,560,1091
2019-05-10T16:30:00+09:00,J1,1073,1168,2241
2019-05-10T16:30:00+09:00,J2,720,676,1396
2019-05-10T16:30:00+09:00,J3,927,973,1900
2019-05-10T16:30:00+09:00,J4,763,748,1511
2019-05-10T16:30:00+09:00,J5,512,621,1133
2019-05-10T16:45:00+09:00,J1,969,1114,2083
2019-05-10T16:45:00+09:00,J2,758,589,1347
2019-05-10T16:45:00+09:00,J3,946,854,1800
2019-05-10T16:45:00+09:00,J4,751,700,1451
2019-05-10T16:45:00+09:00,J5,465,533,998
2019-05-10T17:00:00+09:00,J1,1096,1302,2398
2019-05-10T17:00:00+09:00,J2,816,715,1531
2019-05-10T17:00:00+09:00,J3,1035,1104,2139
2019-05-10T17:00:00+09:00,J4,793,857,1650
2019-05-10T17:00:00+09:00,J5,528,608,1136
2019-05-10T17:15:00+09:00,J1,1057,1293,2350
2019-05-10T17:15:00+09:00,J2,866,822,1688
2019-05-10T17:15:00+09:00,J3,1198,993,2191
2019-05-10T17:15:00+09:00,J4,809,846,1655
2019-05-10T17:15:00+09:00,J5,635,725,1360
2019-05-10T17:30:00+09:00,J1,1195,1292,2487
2019-05-10T17:30:00+09:00,J2,835,782,1617
2019-05-10T17:30:00+09:00,J3,1207,1102,2309
2019-05-10T17:30:00+09:00,J4,909,788,1697
2019-05-10T17:30:00+09:00,J5,653,793,1446
2019-05-10T17:45:00+09:00,J1,1166,1297,2463
2019-05-10T17:45:00+09:00,J2,745,870,1615
2019-05-10T17:45:00+09:00,J3,1324,1116,2440
2019-05-10T17:45:00+09:00,J4,928,827,1755
2019-05-10T17:45:00+09:00,J5,661,775,1436
2019-05-10T18:00:00+09:00,J1,1196,1358,2554
2019-05-10T18:00:00+09:00,J2,911,927,1838
2019-05-10T18:00:00+09:00,J3,1506,1107,2613
2019-05-10T18:00:00+09:00,J4,973,813,1786
2019-05-10T18:00:00+09:00,J5,587,798,1385
2019-05-10T18:15:00+09:00,J1,1127,1273,2400
2019-05-10T18:15:00+09:00,J2,888,894,1782
2019-05-10T18:15:00+09:00,J3,1296,933,2229
2019-05-10T18:15:00+09:00,J4,1045,851,1896
2019-05-10T18:15:00+09:00,J5,575,577,1152
2019-05-10T18:30:00+09:00,J1,1076,1242,2318
2019-05-10T18:30:00+09:00,J2,786,788,1574
2019-05-10T18:30:00+09:00,J3,1184,916,2100
2019-05-10T18:30:00+09:00,J4,1022,883,1905
2019-05-10T18:30:00+09:00,J5,463,498,961
2019-05-10T18:45:00+09:00,J1,1069,1224,2293
2019-05-10T18:45:00+09:00,J2,693,741,1434
2019-05-10T18:45:00+09:00,J3,1027,868,1895
2019-05-10T18:45:00+09:00,J4,1002,889,1891
2019-05-10T18:45:00+09:00,J5,477,423,900
2019-05-10T19:00:00+09:00,J1,960,1115,2075
2019-05-10T19:00:00+09:00,J2,660,667,1327
2019-05-10T19:00:00+09:00,J3,988,871,1859
2019-05-10T19:00:00+09:00,J4,917,847,1764
2019-05-10T19:00:00+09:00,J5,496,494,990
2019-05-10T19:15:00+09:00,J1,1054,1146,2200
2019-05-10T19:15:00+09:00,J2,570,580,1150
2019-05-10T19:15:00+09:00,J3,998,821,1819
2019-05-10T19:15:00+09:00,J4,1001,875,1876
2019-05-10T19:15:00+09:00,J5,469,532,1001
2019-05-10T19:30:00+09:00,J1,985,1094,2079
2019-05-10T19:30:00+09:00,J2,544,601,1145
2019-05-10T19:30:00+09:00,J3,919,809,1728
2019-05-10T19:30:00+09:00,J4,960,831,1791
2019-05-10T19:30:00+09:00,J5,522,502,1024
2019-05-10T19:45:00+09:00,J1,933,1062,1995
2019-05-10T19:45:00+09:00,J2,562,503,1065
2019-05-10T19:45:00+09:00,J3,823,736,1559
2019-05-10T19:45:00+09:00,J4,921,764,1685
2019-05-10T19:45:00+09:00,J5,479,499,978
2019-05-10T20:00:00+09:00,J1,1065,1130,2195
2019-05-10T20:00:00+09:00,J2,577,547,1124
2019-05-10T20:00:00+09:00,J3,748,681,1429
2019-05-10T20:00:00+09:00,J4,904,758,1662
2019-05-10T20:00:00+09:00,J5,443,568,1011
2019-05-10T20:15:00+09:00,J1,950,1187,2137
2019-05-10T20:15:00+09:00,J2,501,571,1072
2019-05-10T20:15:00+09:00,J3,776,708,1484
2019-05-10T20:15:00+09:00,J4,918,807,1725
2019-05-10T20:15:00+09:00,J5,533,532,1065
2019-05-10T20:30:00+09:00,J1,976,1037,2013
2019-05-10T20:30:00+09:00,J2,539,517,1056
2019-05-10T20:30:00+09:00,J3,813,766,1579
2019-05-10T20:30:00+09:00,J4,856,801,1657
2019-05-10T20:30:00+09:00,J5,505,530,1035
2019-05-10T20:45:00+09:00,J1,885,1042,1927
2019-05-10T20:45:00+09:00,J2,743,712,1455
2019-05-10T20:45:00+09:00,J3,767,732,1499
2019-05-10T20:45:00+09:00,J4,928,735,1663
2019-05-10T20:45:00+09:00,J5,514,522,1036
2019-05-10T21:00:00+09:00,J1,983,1070,2053
2019-05-10T21:00:00+09:00,J2,642,579,1221
2019-05-10T21:00:00+09:00,J3,802,692,1494
2019-05-10T21:00:00+09:00,J4,861,803,1664
2019-05-10T21:00:00+09:00,J5,495,528,1023
2019-05-10T21:15:00+09:00,J1,993,1071,2064
2019-05-10T21:15:00+09:00,J2,579,525,1104
2019-05-10T21:15:00+09:00,J3,795,716,1511
2019-05-10T21:15:00+09:00,J4,806,761,1567
2019-05-10T21:15:00+09:00,J5,548,562,1110
2019-05-10T21:30:00+09:00,J1,1033,1092,2125
2019-05-10T21:30:00+09:00,J2,616,526,1142
2019-05-10T21:30:00+09:00,J3,714,691,1405
2019-05-10T21:30:00+09:00,J4,785,780,1565
2019-05-10T21:30:00+09:00,J5,539,602,1141
2019-05-10T21:45:00+09:00,J1,982,1092,2074
2019-05-10T21:45:00+09:00,J2,622,539,1161
2019-05-10T21:45:00+09:00,J3,676,595,1271
2019-05-10T21:45:00+09:00,J4,778,739,1517
2019-05-10T21:45:00+09:00,J5,515,596,1111
2019-05-10T22:00:00+09:00,J1,936,1058,1994
2019-05-10T22:00:00+09:00,J2,658,625,1283
2019-05-10T22:00:00+09:00,J3,584,585,1169
2019-05-10T22:00:00+09:00,J4,811,789,1600
2019-05-10T22:00:00+09:00,J5,507,585,1092
2019-05-10T22:15:00+09:00,J1,894,957,1851
2019-05-10T22:15:00+09:00,J2,585,549,1134
2019-05-10T22:15:00+09:00,J3,628,572,1200
2019-05-10T22:15:00+09:00,J4,760,768,1528
2019-05-10T22:15:00+09:00,J5,484,586,1070
2019-05-10T22:30:00+09:00,J1,832,978,1810
2019-05-10T22:30:00+09:00,J2,655,614,1269
2019-05-10T22:30:00+09:00,J3,626,635,1261
2019-05-10T22:30:00+09:00,J4,794,719,1513
2019-05-10T22:30:00+09:00,J5,440,560,1000
2019-05-10T22:45:00+09:00,J1,781,876,1657
2019-05-10T22:45:00+09:00,J2,621,634,1255
2019-05-10T22:45:00+09:00,J3,665,588,1253
2019-05-10T22:45:00+09:00,J4,862,764,1626
2019-05-10T22:45:00+09:00,J5,374,496,870
2019-05-10T23:00:00+09:00,J1,819,934,1753
2019-05-10T23:00:00+09:00,J2,640,605,1245
2019-05-10T23:00:00+09:00,J3,591,603,1194
2019-05-10T23:00:00+09:00,J4,827,742,1569
2019-05-10T23:00:00+09:00,J5,344,438,782
2019-05-10T23:15:00+09:00,J1,818,871,1689
2019-05-10T23:15:00+09:00,J2,644,612,1256
2019-05-10T23:15:00+09:00,J3,616,600,1216
2019-05-10T23:15:00+09:00,J4,786,742,1528
2019-05-10T23:15:00+09:00,J5,315,418,733
2019-05-10T23:30:00+09:00,J1,870,880,1750
2019-05-10T23:30:00+09:00,J2,571,595,1166
2019-05-10T23:30:00+09:00,J3,609,610,1219
2019-05-10T23:30:00+09:00,J4,790,703,1493
2019-05-10T23:30:00+09:00,J5,299,425,724
2019-05-10T23:45:00+09:00,J1,698,851,1549
2019-05-10T23:45:00+09:00,J2,530,540,1070
2019-05-10T23:45:00+09:00,J3,670,613,1283
2019-05-10T23:45:00+09:00,J4,750,636,1386
2019-05-10T23:45:00+09:00,J5,321,422,743
2019-05-11T00:00:00+09:00,J1,642,592,1234
2019-05-11T00:00:00+09:00,J2,427,427,854
2019-05-11T00:00:00+09:00,J3,660,626,1286
2019-05-11T00:00:00+09:00,J4,784,584,1368
2019-05-11T00:00:00+09:00,J5,276,268,544
2019-05-11T00:15:00+09:00,J1,410,354,764
2019-05-11T00:15:00+09:00,J2,415,364,779
2019-05-11T00:15:00+09:00,J3,742,649,1391
2019-05-11T00:15:00+09:00,J4,602,476,1078
2019-05-11T00:15:00+09:00,J5,202,176,378
2019-05-11T00:30:00+09:00,J1,407,438,845
2019-05-11T00:30:00+09:00,J2,357,370,727
2019-05-11T00:30:00+09:00,J3,708,594,1302
2019-05-11T00:30:00+09:00,J4,290,283,573
2019-05-11T00:30:00+09:00,J5,191,183,374
2019-05-11T00:45:00+09:00,J1,429,467,896
2019-05-11T00:45:00+09:00,J2,388,457,845
2019-05-11T00:45:00+09:00,J3,676,585,1261
2019-05-11T00:45:00+09:00,J4,285,310,595
2019-05-11T00:45:00+09:00,J5,202,179,381
2019-05-11T05:45:00+09:00,J1,601,569,1170
2019-05-11T05:45:00+09:00,J2,300,383,683
2019-05-11T05:45:00+09:00,J3,784,733,1517
2019-05-11T05:45:00+09:00,J4,329,356,685
2019-05-11T05:45:00+09:00,J5,236,218,454
2019-05-11T06:00:00+09:00,J1,473,482,955
2019-05-11T06:00:00+09:00,J2,347,328,675
2019-05-11T06:00:00+09:00,J3,796,722,1518
2019-05-11T06:00:00+09:00,J4,411,354,765
2019-05-11T06:00:00+09:00,J5,214,229,443
2019-05-11T06:15:00+09:00,J1,637,634,1271
2019-05-11T06:15:00+09:00,J2,365,336,701
2019-05-11T06:15:00+09:00,J3,880,761,1641
2019-05-11T06:15:00+09:00,J4,413,432,845
2019-05-11T06:15:00+09:00,J5,217,200,417
2019-05-11T06:30:00+09:00,J1,631,620,1251
2019-05-11T06:30:00+09:00,J2,308,359,667
2019-05-11T06:30:00+09:00,J3,786,721,1507
2019-05-11T06:30:00+09:00,J4,381,376,757
2019-05-11T06:30:00+09:00,J5,224,216,440
2019-05-11T06:45:00+09:00,J1,690,658,1348
2019-05-11T06:45:00+09:00,J2,341,327,668
2019-05-11T06:45:00+09:00,J3,735,677,1412
2019-05-11T06:45:00+09:00,J4,455,434,889
2019-05-11T06:45:00+09:00,J5,225,230,455
2019-05-11T07:00:00+09:00,J1,783,748,1531
2019-05-11T07:00:00+09:00,J2,305,255,560
2019-05-11T07:00:00+09:00,J3,879,666,1545
2019-05-11T07:00:00+09:00,J4,540,554,1094
2019-05-11T07:00:00+09:00,J5,231,229,460
2019-05-11T07:15:00+09:00,J1,660,713,1373
2019-05-11T07:15:00+09:00,J2,317,258,575
2019-05-11T07:15:00+09:00,J3,754,645,1399
2019-05-11T07:15:00+09:00,J4,574,578,1152
2019-05-11T07:15:00+09:00,J5,229,225,454
2019-05-11T07:30:00+09:00,J1,736,768,1504
2019-05-11T07:30:00+09:00,J2,322,320,642
2019-05-11T07:30:00+09:00,J3,747,709,1456
2019-05-11T07:30:00+09:00,J4,646,622,1268
2019-05-11T07:30:00+09:00,J5,236,245,481
2019-05-11T07:45:00+09:00,J1,777,779,1556
2019-05-11T07:45:00+09:00,J2,278,275,553
2019-05-11T07:45:00+09:00,J3,770,650,1420
2019-05-11T07:45:00+09:00,J4,650,679,1329
2019-05-11T07:45:00+09:00,J5,247,237,484
2019-05-11T08:00:00+09:00,J1,1097,1003,2100
2019-05-11T08:00:00+09:00,J2,411,439,850
2019-05-11T08:00:00+09:00,J3,694,661,1355
2019-05-11T08:00:00+09:00,J4,767,746,1513
2019-05-11T08:00:00+09:00,J5,361,346,707
2019-05-11T08:15:00+09:00,J1,1116,1057,2173
2019-05-11T08:15:00+09:00,J2,498,460,958
2019-05-11T08:15:00+09:00,J3,735,698,1433
2019-05-11T08:15:00+09:00,J4,884,844,1728
2019-05-11T08:15:00+09:00,J5,433,447,880
2019-05-11T08:30:00+09:00,J1,1068,1044,2112
2019-05-11T08:30:00+09:00,J2,531,433,964
2019-05-11T08:30:00+09:00,J3,719,712,1431
2019-05-11T08:30:00+09:00,J4,894,886,1780
2019-05-11T08:30:00+09:00,J5,504,498,1002
2019-05-11T08:45:00+09:00,J1,1079,998,2077
2019-05-11T08:45:00+09:00,J2,507,420,927
2019-05-11T08:45:00+09:00,J3,737,683,1420
2019-05-11T08:45:00+09:00,J4,880,796,1676
2019-05-11T08:45:00+09:00,J5,440,462,902
2019-05-11T09:00:00+09:00,J1,871,916,1787
2019-05-11T09:00:00+09:00,J2,554,443,997
2019-05-11T09:00:00+09:00,J3,600,638,1238
2019-05-11T09:00:00+09:00,J4,809,867,1676
2019-05-11T09:00:00+09:00,J5,422,430,852
2019-05-11T09:15:00+09:00,J1,738,835,1573
2019-05-11T09:15:00+09:00,J2,556,488,1044
2019-05-11T09:15:00+09:00,J3,536,504,1040
2019-05-11T09:15:00+09:00,J4,842,811,1653
2019-05-11T09:15:00+09:00,J5,438,462,900
2019-05-11T09:30:00+09:00,J1,808,796,1604
2019-05-11T09:30:00+09:00,J2,546,494,1040
2019-05-11T09:30:00+09:00,J3,576,608,1184
2019-05-11T09:30:00+09:00,J4,822,807,1629
2019-05-11T09:30:00+09:00,J5,458,480,938
2019-05-11T09:45:00+09:00,J1,803,748,1551
2019-05-11T09:45:00+09:00,J2,498,480,978
2019-05-11T09:45:00+09:00,J3,560,568,1128
2019-05-11T09:45:00+09:00,J4,844,784,1628
2019-05-11T09:45:00+09:00,J5,438,530,968
2019-05-11T10:00:00+09:00,J1,703,674,1377
2019-05-11T10:00:00+09:00,J2,575,424,999
2019-05-11T10:00:00+09:00,J3,529,514,1043
2019-05-11T10:00:00+09:00,J4,856,852,1708
2019-05-11T10:00:00+09:00,J5,498,548,1046
2019-05-11T10:15:00+09:00,J1,819,790,1609
2019-05-11T10:15:00+09:00,J2,608,394,1002
2019-05-11T10:15:00+09:00,J3,545,545,1090
2019-05-11T10:15:00+09:00,J4,831,847,1678
2019-05-11T10:15:00+09:00,J5,533,585,1118
2019-05-11T10:30:00+09:00,J1,742,825,1567
2019-05-11T10:30:00+09:00,J2,542,381,923
2019-05-11T10:30:00+09:00,J3,618,590,1208
2019-05-11T10:30:00+09:00,J4,878,834,1712
2019-05-11T10:30:00+09:00,J5,514,560,1074
2019-05-11T10:45:00+09:00,J1,787,844,1631
2019-05-11T10:45:00+09:00,J2,508,371,879
2019-05-11T10:45:00+09:00,J3,694,647,1341
2019-05-11T10:45:00+09:00,J4,857,856,1713
2019-05-11T10:45:00+09:00,J5,470,566,1036
2019-05-11T11:00:00+09:00,J1,945,970,1915
2019-05-11T11:00:00+09:00,J2,513,399,912
2019-05-11T11:00:00+09:00,J3,770,696,1466
2019-05-11T11:00:00+09:00,J4,840,811,1651
2019-05-11T11:00:00+09:00,J5,515,517,1032
2019-05-11T11:15:00+09:00,J1,888,964,1852
2019-05-11T11:15:00+09:00,J2,475,340,815
2019-05-11T11:15:00+09:00,J3,803,722,1525
2019-05-11T11:15:00+09:00,J4,778,749,1527
2019-05-11T11:15:00+09:00,J5,514,525,1039
2019-05-11T11:30:00+09:00,J1,990,1047,2037
2019-05-11T11:30:00+09:00,J2,542,386,928
2019-05-11T11:30:00+09:00,J3,819,741,1560
2019-05-11T11:30:00+09:00,J4,854,767,1621
2019-05-11T11:30:00+09:00,J5,454,428,882
2019-05-11T11:45:00+09:00,J1,943,961,1904
2019-05-11T11:45:00+09:00,J2,459,388,847
2019-05-11T11:45:00+09:00,J3,803,804,1607
2019-05-11T11:45:00+09:00,J4,732,794,1526
2019-05-11T11:45:00+09:00,J5,452,424,876
2019-05-11T12:00:00+09:00,J1,983,1063,2046
2019-05-11T12:00:00+09:00,J2,450,387,837
2019-05-11T12:00:00+09:00,J3,851,817,1668
2019-05-11T12:00:00+09:00,J4,762,796,1558
2019-05-11T12:00:00+09:00,J5,417,415,832
2019-05-11T12:15:00+09:00,J1,997,1131,2128
2019-05-11T12:15:00+09:00,J2,450,370,820
2019-05-11T12:15:00+09:00,J3,897,847,1744
2019-05-11T12:15:00+09:00,J4,753,752,1505
2019-05-11T12:15:00+09:00,J5,439,388,827
2019-05-11T12:30:00+09:00,J1,890,954,1844
2019-05-11T12:30:00+09:00,J2,472,382,854
2019-05-11T12:30:00+09:00,J3,839,832,1671
2019-05-11T12:30:00+09:00,J4,787,831,1618
2019-05-11T12:30:00+09:00,J5,522,461,983
2019-05-11T12:45:00+09:00,J1,845,951,1796
2019-05-11T12:45:00+09:00,J2,463,397,860
2019-05-11T12:45:00+09:00,J3,873,863,1736
2019-05-11T12:45:00+09:00,J4,710,847,1557
2019-05-11T12:45:00+09:00,J5,494,493,987
2019-05-11T13:00:00+09:00,J1,861,1003,1864
2019-05-11T13:00:00+09:00,J2,496,445,941
2019-05-11T13:00:00+09:00,J3,846,897,1743
2019-05-11T13:00:00+09:00,J4,736,739,1475
2019-05-11T13:00:00+09:00,J5,477,481,958
2019-05-11T13:15:00+09:00,J1,882,1019,1901
2019-05-11T13:15:00+09:00,J2,450,452,902
2019-05-11T13:15:00+09:00,J3,835,883,1718
2019-05-11T13:15:00+09:00,J4,702,801,1503
2019-05-11T13:15:00+09:00,J5,497,420,917
2019-05-11T13:30:00+09:00,J1,946,968,1914
2019-05-11T13:30:00+09:00,J2,447,456,903
2019-05-11T13:30:00+09:00,J3,945,910,1855
2019-05-11T13:30:00+09:00,J4,733,781,1514
2019-05-11T13:30:00+09:00,J5,495,476,971
2019-05-11T13:45:00+09:00,J1,926,1020,1946
2019-05-11T13:45:00+09:00,J2,413,425,838
2019-05-11T13:45:00+09:00,J3,887,890,1777
2019-05-11T13:45:00+09:00,J4,696,803,1499
2019-05-11T13:45:00+09:00,J5,480,395,875
2019-05-11T14:00:00+09:00,J1,985,998,1983
2019-05-11T14:00:00+09:00,J2,478,493,971
2019-05-11T14:00:00+09:00,J3,975,948,1923
2019-05-11T14:00:00+09:00,J4,638,761,1399
2019-05-11T14:00:00+09:00,J5,452,421,873
2019-05-11T14:15:00+09:00,J1,984,1089,2073
2019-05-11T14:15:00+09:00,J2,439,468,907
2019-05-11T14:15:00+09:00,J3,905,894,1799
2019-05-11T14:15:00+09:00,J4,688,776,1464
2019-05-11T14:15:00+09:00,J5,443,424,867
2019-05-11T14:30:00+09:00,J1,935,1146,2081
2019-05-11T14:30:00+09:00,J2,505,443,948
2019-05-11T14:30:00+09:00,J3,943,877,1820
2019-05-11T14:30:00+09:00,J4,704,808,1512
2019-05-11T14:30:00+09:00,J5,510,464,974
2019-05-11T14:45:00+09:00,J1,962,1021,1983
2019-05-11T14:45:00+09:00,J2,491,439,930
2019-05-11T14:45:00+09:00,J3,943,898,1841
2019-05-11T14:45:00+09:00,J4,717,786,1503
2019-05-11T14:45:00+09:00,J5,487,444,931
2019-05-11T15:00:00+09:00,J1,925,1046,1971
2019-05-11T15:00:00+09:00,J2,525,480,1005
2019-05-11T15:00:00+09:00,J3,906,922,1828
2019-05-11T15:00:00+09:00,J4,689,802,1491
2019-05-11T15:00:00+09:00,J5,539,559,1098
2019-05-11T15:15:00+09:00,J1,946,1134,2080
2019-05-11T15:15:00+09:00,J2,540,521,1061
2019-05-11T15:15:00+09:00,J3,942,852,1794
2019-05-11T15:15:00+09:00,J4,678,749,1427
2019-05-11T15:15:00+09:00,J5,473,478,951
2019-05-11T15:30:00+09:00,J1,912,1054,1966
2019-05-11T15:30:00+09:00,J2,545,547,1092
2019-05-11T15:30:00+09:00,J3,944,911,1855
2019-05-11T15:30:00+09:00,J4,705,740,1445
2019-05-11T15:30:00+09:00,J5,508,481,989
2019-05-11T15:45:00+09:00,J1,913,1141,2054
2019-05-11T15:45:00+09:00,J2,503,485,988
2019-05-11T15:45:00+09:00,J3,947,938,1885
2019-05-11T15:45:00+09:00,J4,701,762,1463
2019-05-11T15:45:00+09:00,J5,550,472,1022
2019-05-11T16:00:00+09:00,J1,1008,1121,2129
2019-05-11T16:00:00+09:00,J2,485,462,947
2019-05-11T16:00:00+09:00,J3,973,845,1818
2019-05-11T16:00:00+09:00,J4,699,738,1437
2019-05-11T16:00:00+09:00,J5,507,530,1037
2019-05-11T16:15:00+09:00,J1,951,1122,2073
2019-05-11T16:15:00+09:00,J2,503,499,1002
2019-05-11T16:15:00+09:00,J3,1009,866,1875
2019-05-11T16:15:00+09:00,J4,711,798,1509
2019-05-11T16:15:00+09:00,J5,487,495,982
2019-05-11T16:30:00+09:00,J1,1022,1157,2179
2019-05-11T16:30:00+09:00,J2,478,484,962
2019-05-11T16:30:00+09:00,J3,959,842,1801
2019-05-11T16:30:00+09:00,J4,750,803,1553
2019-05-11T16:30:00+09:00,J5,520,508,1028
2019-05-11T16:45:00+09:00,J1,945,1132,2077
2019-05-11T16:45:00+09:00,J2,485,464,949
2019-05-11T16:45:00+09:00,J3,922,901,1823
2019-05-11T16:45:00+09:00,J4,661,782,1443
2019-05-11T16:45:00+09:00,J5,471,461,932
2019-05-11T17:00:00+09:00,J1,1074,1192,2266
2019-05-11T17:00:00+09:00,J2,522,503,1025
2019-05-11T17:00:00+09:00,J3,1151,913,2064
2019-05-11T17:00:00+09:00,J4,743,765,1508
2019-05-11T17:00:00+09:00,J5,534,528,1062
2019-05-11T17:15:00+09:00,J1,1113,1248,2361
2019-05-11T17:15:00+09:00,J2,603,532,1135
2019-05-11T17:15:00+09:00,J3,1118,979,2097
2019-05-11T17:15:00+09:00,J4,777,758,1535
2019-05-11T17:15:00+09:00,J5,534,567,1101
2019-05-11T17:30:00+09:00,J1,1078,1143,2221
2019-05-11T17:30:00+09:00,J2,608,451,1059
2019-05-11T17:30:00+09:00,J3,1155,909,2064
2019-05-11T17:30:00+09:00,J4,825,770,1595
2019-05-11T17:30:00+09:00,J5,543,552,1095
2019-05-11T17:45:00+09:00,J1,1072,1222,2294
2019-05-11T17:45:00+09:00,J2,572,401,973
2019-05-11T17:45:00+09:00,J3,1079,956,2035
2019-05-11T17:45:00+09:00,J4,780,718,1498
2019-05-11T17:45:00+09:00,J5,566,572,1138
2019-05-11T18:00:00+09:00,J1,1185,1284,2469
2019-05-11T18:00:00+09:00,J2,677,459,1136
2019-05-11T18:00:00+09:00,J3,1110,970,2080
2019-05-11T18:00:00+09:00,J4,674,706,1380
2019-05-11T18:00:00+09:00,J5,550,623,1173
2019-05-11T18:15:00+09:00,J1,1180,1319,2499
2019-05-11T18:15:00+09:00,J2,684,406,1090
2019-05-11T18:15:00+09:00,J3,1169,949,2118
2019-05-11T18:15:00+09:00,J4,839,777,1616
2019-05-11T18:15:00+09:00,J5,553,597,1150
2019-05-11T18:30:00+09:00,J1,996,1111,2107
2019-05-11T18:30:00+09:00,J2,652,463,1115
2019-05-11T18:30:00+09:00,J3,908,811,1719
2019-05-11T18:30:00+09:00,J4,857,821,1678
2019-05-11T18:30:00+09:00,J5,496,529,1025
2019-05-11T18:45:00+09:00,J1,1019,1098,2117
2019-05-11T18:45:00+09:00,J2,724,443,1167
2019-05-11T18:45:00+09:00,J3,844,773,1617
2019-05-11T18:45:00+09:00,J4,784,850,1634
2019-05-11T18:45:00+09:00,J5,391,366,757
2019-05-11T19:00:00+09:00,J1,888,1032,1920
2019-05-11T19:00:00+09:00,J2,559,388,947
2019-05-11T19:00:00+09:00,J3,865,791,1656
2019-05-11T19:00:00+09:00,J4,863,805,1668
2019-05-11T19:00:00+09:00,J5,449,461,910
2019-05-11T19:15:00+09:00,J1,957,1041,1998
2019-05-11T19:15:00+09:00,J2,609,393,1002
2019-05-11T19:15:00+09:00,J3,843,700,1543
2019-05-11T19:15:00+09:00,J4,849,855,1704
2019-05-11T19:15:00+09:00,J5,482,474,956
2019-05-11T19:30:00+09:00,J1,952,1057,2009
2019-05-11T19:30:00+09:00,J2,545,397,942
2019-05-11T19:30:00+09:00,J3,812,702,1514
2019-05-11T19:30:00+09:00,J4,872,773,1645
2019-05-11T19:30:00+09:00,J5,396,392,788
2019-05-11T19:45:00+09:00,J1,896,1087,1983
2019-05-11T19:45:00+09:00,J2,407,395,802
2019-05-11T19:45:00+09:00,J3,789,774,1563
2019-05-11T19:45:00+09:00,J4,807,878,1685
2019-05-11T19:45:00+09:00,J5,420,374,794
2019-05-11T20:00:00+09:00,J1,885,953,1838
2019-05-11T20:00:00+09:00,J2,490,407,897
2019-05-11T20:00:00+09:00,J3,718,704,1422
2019-05-11T20:00:00+09:00,J4,819,772,1591
2019-05-11T20:00:00+09:00,J5,415,412,827
2019-05-11T20:15:00+09:00,J1,921,1065,1986
2019-05-11T20:15:00+09:00,J2,484,443,927
2019-05-11T20:15:00+09:00,J3,772,740,1512
2019-05-11T20:15:00+09:00,J4,833,790,1623
2019-05-11T20:15:00+09:00,J5,444,426,870
2019-05-11T20:30:00+09:00,J1,944,1113,2057
2019-05-11T20:30:00+09:00,J2,452,380,832
2019-05-11T20:30:00+09:00,J3,698,682,1380
2019-05-11T20:30:00+09:00,J4,878,802,1680
2019-05-11T20:30:00+09:00,J5,426,401,827
2019-05-11T20:45:00+09:00,J1,903,1021,1924
2019-05-11T20:45:00+09:00,J2,551,370,921
2019-05-11T20:45:00+09:00,J3,733,686,1419
2019-05-11T20:45:00+09:00,J4,950,797,1747
2019-05-11T20:45:00+09:00,J5,465,443,908
2019-05-11T21:00:00+09:00,J1,953,984,1937
2019-05-11T21:00:00+09:00,J2,511,415,926
2019-05-11T21:00:00+09:00,J3,729,697,1426
2019-05-11T21:00:00+09:00,J4,854,740,1594
2019-05-11T21:00:00+09:00,J5,488,456,944
2019-05-11T21:15:00+09:00,J1,972,1049,2021
2019-05-11T21:15:00+09:00,J2,524,455,979
2019-05-11T21:15:00+09:00,J3,744,672,1416
2019-05-11T21:15:00+09:00,J4,947,767,1714
2019-05-11T21:15:00+09:00,J5,493,527,1020
2019-05-11T21:30:00+09:00,J1,906,1072,1978
2019-05-11T21:30:00+09:00,J2,462,386,848
2019-05-11T21:30:00+09:00,J3,730,684,1414
2019-05-11T21:30:00+09:00,J4,869,790,1659
2019-05-11T21:30:00+09:00,J5,522,548,1070
2019-05-11T21:45:00+09:00,J1,931,1084,2015
2019-05-11T21:45:00+09:00,J2,451,425,876
2019-05-11T21:45:00+09:00,J3,682,641,1323
2019-05-11T21:45:00+09:00,J4,810,749,1559
2019-05-11T21:45:00+09:00,J5,544,541,1085
2019-05-11T22:00:00+09:00,J1,896,992,1888
2019-05-11T22:00:00+09:00,J2,471,445,916
2019-05-11T22:00:00+09:00,J3,602,597,1199
2019-05-11T22:00:00+09:00,J4,785,710,1495
2019-05-11T22:00:00+09:00,J5,476,570,1046
2019-05-11T22:15:00+09:00,J1,895,983,1878
2019-05-11T22:15:00+09:00,J2,471,396,867
2019-05-11T22:15:00+09:00,J3,562,621,1183
2019-05-11T22:15:00+09:00,J4,763,695,1458
2019-05-11T22:15:00+09:00,J5,480,574,1054
2019-05-11T22:30:00+09:00,J1,845,973,1818
2019-05-11T22:30:00+09:00,J2,454,472,926
2019-05-11T22:30:00+09:00,J3,639,582,1221
2019-05-11T22:30:00+09:00,J4,782,732,1514
2019-05-11T22:30:00+09:00,J5,478,573,1051
2019-05-11T22:45:00+09:00,J1,887,1016,1903
2019-05-11T22:45:00+09:00,J2,357,411,768
2019-05-11T22:45:00+09:00,J3,563,543,1106
2019-05-11T22:45:00+09:00,J4,757,695,1452
2019-05-11T22:45:00+09:00,J5,503,551,1054
2019-05-11T23:00:00+09:00,J1,941,920,1861
2019-05-11T23:00:00+09:00,J2,353,331,684
2019-05-11T23:00:00+09:00,J3,515,520,1035
2019-05-11T23:00:00+09:00,J4,770,668,1438
2019-05-11T23:00:00+09:00,J5,430,510,940
2019-05-11T23:15:00+09:00,J1,856,919,1775
2019-05-11T23:15:00+09:00,J2,418,432,850
2019-05-11T23:15:00+09:00,J3,554,539,1093
2019-05-11T23:15:00+09:00,J4,757,741,1498
2019-05-11T23:15:00+09:00,J5,404,498,902
2019-05-11T23:30:00+09:00,J1,867,898,1765
2019-05-11T23:30:00+09:00,J2,400,430,830
2019-05-11T23:30:00+09:00,J3,513,520,1033
2019-05-11T23:30:00+09:00,J4,711,663,1374
2019-05-11T23:30:00+09:00,J5,423,510,933
2019-05-11T23:45:00+09:00,J1,772,873,1645
2019-05-11T23:45:00+09:00,J2,443,421,864
2019-05-11T23:45:00+09:00,J3,560,473,1033
2019-05-11T23:45:00+09:00,J4,758,646,1404
2019-05-11T23:45:00+09:00,J5,415,497,912
2019-05-12T00:00:00+09:00,J1,611,694,1305
2019-05-12T00:00:00+09:00,J2,375,308,683
2019-05-12T00:00:00+09:00,J3,486,409,895
2019-05-12T00:00:00+09:00,J4,774,643,1417
2019-05-12T00:00:00+09:00,J5,328,377,705
2019-05-12T00:15:00+09:00,J1,544,498,1042
2019-05-12T00:15:00+09:00,J2,268,248,516
2019-05-12T00:15:00+09:00,J3,588,530,1118
2019-05-12T00:15:00+09:00,J4,647,614,1261
2019-05-12T00:15:00+09:00,J5,274,331,605
2019-05-12T00:30:00+09:00,J1,265,320,585
2019-05-12T00:30:00+09:00,J2,287,257,544
2019-05-12T00:30:00+09:00,J3,701,636,1337
2019-05-12T00:30:00+09:00,J4,572,517,1089
2019-05-12T00:30:00+09:00,J5,224,189,413
2019-05-12T00:45:00+09:00,J1,406,396,802
2019-05-12T00:45:00+09:00,J2,292,280,572
2019-05-12T00:45:00+09:00,J3,702,641,1343
2019-05-12T00:45:00+09:00,J4,537,566,1103
2019-05-12T00:45:00+09:00,J5,227,186,413
2019-05-12T05:45:00+09:00,J1,561,541,1102
2019-05-12T05:45:00+09:00,J2,347,359,706
2019-05-12T05:45:00+09:00,J3,819,714,1533
2019-05-12T05:45:00+09:00,J4,356,290,646
2019-05-12T05:45:00+09:00,J5,274,219,493
2019-05-12T06:00:00+09:00,J1,441,480,921
2019-05-12T06:00:00+09:00,J2,343,289,632
2019-05-12T06:00:00+09:00,J3,917,779,1696
2019-05-12T06:00:00+09:00,J4,446,398,844
2019-05-12T06:00:00+09:00,J5,268,244,512
2019-05-12T06:15:00+09:00,J1,571,549,1120
2019-05-12T06:15:00+09:00,J2,383,327,710
2019-05-12T06:15:00+09:00,J3,805,745,1550
2019-05-12T06:15:00+09:00,J4,501,442,943
2019-05-12T06:15:00+09:00,J5,273,261,534
2019-05-12T06:30:00+09:00,J1,546,512,1058
2019-05-12T06:30:00+09:00,J2,392,375,767
2019-05-12T06:30:00+09:00,J3,766,651,1417
2019-05-12T06:30:00+09:00,J4,474,473,947
2019-05-12T06:30:00+09:00,J5,241,232,473
2019-05-12T06:45:00+09:00,J1,526,554,1080
2019-05-12T06:45:00+09:00,J2,324,289,613
2019-05-12T06:45:00+09:00,J3,753,712,1465
2019-05-12T06:45:00+09:00,J4,488,512,1000
2019-05-12T06:45:00+09:00,J5,252,227,479
2019-05-12T07:00:00+09:00,J1,636,590,1226
2019-05-12T07:00:00+09:00,J2,288,264,552
2019-05-12T07:00:00+09:00,J3,808,699,1507
2019-05-12T07:00:00+09:00,J4,609,615,1224
2019-05-12T07:00:00+09:00,J5,246,267,513
2019-05-12T07:15:00+09:00,J1,610,599,1209
2019-05-12T07:15:00+09:00,J2,339,244,583
2019-05-12T07:15:00+09:00,J3,737,627,1364
2019-05-12T07:15:00+09:00,J4,661,593,1254
2019-05-12T07:15:00+09:00,J5,252,274,526
2019-05-12T07:30:00+09:00,J1,619,571,1190
2019-05-12T07:30:00+09:00,J2,383,345,728
2019-05-12T07:30:00+09:00,J3,682,596,1278
2019-05-12T07:30:00+09:00,J4,672,677,1349
2019-05-12T07:30:00+09:00,J5,276,268,544
2019-05-12T07:45:00+09:00,J1,765,736,1501
2019-05-12T07:45:00+09:00,J2,311,328,639
2019-05-12T07:45:00+09:00,J3,694,669,1363
2019-05-12T07:45:00+09:00,J4,664,602,1266
2019-05-12T07:45:00+09:00,J5,264,310,574
2019-05-12T08:00:00+09:00,J1,1123,1071,2194
2019-05-12T08:00:00+09:00,J2,395,419,814
2019-05-12T08:00:00+09:00,J3,653,657,1310
2019-05-12T08:00:00+09:00,J4,766,704,1470
2019-05-12T08:00:00+09:00,J5,338,352,690
2019-05-12T08:15:00+09:00,J1,1147,1094,2241
2019-05-12T08:15:00+09:00,J2,447,453,900
2019-05-12T08:15:00+09:00,J3,714,699,1413
2019-05-12T08:15:00+09:00,J4,860,785,1645
2019-05-12T08:15:00+09:00,J5,460,456,916
2019-05-12T08:30:00+09:00,J1,1039,1048,2087
2019-05-12T08:30:00+09:00,J2,562,463,1025
2019-05-12T08:30:00+09:00,J3,760,724,1484
2019-05-12T08:30:00+09:00,J4,942,816,1758
2019-05-12T08:30:00+09:00,J5,478,540,1018
2019-05-12T08:45:00+09:00,J1,928,951,1879
2019-05-12T08:45:00+09:00,J2,516,496,1012
2019-05-12T08:45:00+09:00,J3,700,606,1306
2019-05-12T08:45:00+09:00,J4,928,830,1758
2019-05-12T08:45:00+09:00,J5,424,495,919
2019-05-12T09:00:00+09:00,J1,812,831,1643
2019-05-12T09:00:00+09:00,J2,563,503,1066
2019-05-12T09:00:00+09:00,J3,586,543,1129
2019-05-12T09:00:00+09:00,J4,851,835,1686
2019-05-12T09:00:00+09:00,J5,408,439,847
2019-05-12T09:15:00+09:00,J1,873,844,1717
2019-05-12T09:15:00+09:00,J2,460,471,931
2019-05-12T09:15:00+09:00,J3,524,467,991
2019-05-12T09:15:00+09:00,J4,838,809,1647
2019-05-12T09:15:00+09:00,J5,393,464,857
2019-05-12T09:30:00+09:00,J1,931,898,1829
2019-05-12T09:30:00+09:00,J2,513,466,979
2019-05-12T09:30:00+09:00,J3,510,594,1104
2019-05-12T09:30:00+09:00,J4,880,827,1707
2019-05-12T09:30:00+09:00,J5,426,467,893
2019-05-12T09:45:00+09:00,J1,790,909,1699
2019-05-12T09:45:00+09:00,J2,463,446,909
2019-05-12T09:45:00+09:00,J3,567,544,1111
2019-05-12T09:45:00+09:00,J4,899,796,1695
2019-05-12T09:45:00+09:00,J5,438,500,938
2019-05-12T10:00:00+09:00,J1,803,824,1627
2019-05-12T10:00:00+09:00,J2,529,543,1072
2019-05-12T10:00:00+09:00,J3,584,543,1127
2019-05-12T10:00:00+09:00,J4,918,796,1714
2019-05-12T10:00:00+09:00,J5,494,537,1031
2019-05-12T10:15:00+09:00,J1,877,938,1815
2019-05-12T10:15:00+09:00,J2,554,570,1124
2019-05-12T10:15:00+09:00,J3,507,524,1031
2019-05-12T10:15:00+09:00,J4,837,796,1633
2019-05-12T10:15:00+09:00,J5,548,559,1107
2019-05-12T10:30:00+09:00,J1,838,901,1739
2019-05-12T10:30:00+09:00,J2,634,538,1172
2019-05-12T10:30:00+09:00,J3,527,471,998
2019-05-12T10:30:00+09:00,J4,937,889,1826
2019-05-12T10:30:00+09:00,J5,545,569,1114
2019-05-12T10:45:00+09:00,J1,874,947,1821
2019-05-12T10:45:00+09:00,J2,627,461,1088
2019-05-12T10:45:00+09:00,J3,555,557,1112
2019-05-12T10:45:00+09:00,J4,883,877,1760
2019-05-12T10:45:00+09:00,J5,504,601,1105
2019-05-12T11:00:00+09:00,J1,999,991,1990
2019-05-12T11:00:00+09:00,J2,621,422,1043
2019-05-12T11:00:00+09:00,J3,707,626,1333
2019-05-12T11:00:00+09:00,J4,926,856,1782
2019-05-12T11:00:00+09:00,J5,487,562,1049
2019-05-12T11:15:00+09:00,J1,1024,1011,2035
2019-05-12T11:15:00+09:00,J2,576,385,961
2019-05-12T11:15:00+09:00,J3,714,655,1369
2019-05-12T11:15:00+09:00,J4,881,806,1687
2019-05-12T11:15:00+09:00,J5,488,530,1018
2019-05-12T11:30:00+09:00,J1,1027,1114,2141
2019-05-12T11:30:00+09:00,J2,577,382,959
2019-05-12T11:30:00+09:00,J3,795,700,1495
2019-05-12T11:30:00+09:00,J4,846,784,1630
2019-05-12T11:30:00+09:00,J5,544,484,1028
2019-05-12T11:45:00+09:00,J1,1082,1094,2176
2019-05-12T11:45:00+09:00,J2,609,389,998
2019-05-12T11:45:00+09:00,J3,820,675,1495
2019-05-12T11:45:00+09:00,J4,758,782,1540
2019-05-12T11:45:00+09:00,J5,402,423,825
2019-05-12T12:00:00+09:00,J1,1008,1091,2099
2019-05-12T12:00:00+09:00,J2,501,396,897
2019-05-12T12:00:00+09:00,J3,774,682,1456
2019-05-12T12:00:00+09:00,J4,769,817,1586
2019-05-12T12:00:00+09:00,J5,395,412,807
2019-05-12T12:15:00+09:00,J1,981,1075,2056
2019-05-12T12:15:00+09:00,J2,559,427,986
2019-05-12T12:15:00+09:00,J3,805,722,1527
2019-05-12T12:15:00+09:00,J4,843,783,1626
2019-05-12T12:15:00+09:00,J5,445,373,818
2019-05-12T12:30:00+09:00,J1,897,913,1810
2019-05-12T12:30:00+09:00,J2,483,376,859
2019-05-12T12:30:00+09:00,J3,786,766,1552
2019-05-12T12:30:00+09:00,J4,764,756,1520
2019-05-12T12:30:00+09:00,J5,457,436,893
2019-05-12T12:45:00+09:00,J1,887,974,1861
2019-05-12T12:45:00+09:00,J2,482,340,822
2019-05-12T12:45:00+09:00,J3,868,756,1624
2019-05-12T12:45:00+09:00,J4,686,796,1482
2019-05-12T12:45:00+09:00,J5,489,456,945
2019-05-12T13:00:00+09:00,J1,823,1028,1851
2019-05-12T13:00:00+09:00,J2,401,390,791
2019-05-12T13:00:00+09:00,J3,754,824,1578
2019-05-12T13:00:00+09:00,J4,772,777,1549
2019-05-12T13:00:00+09:00,J5,416,382,798
2019-05-12T13:15:00+09:00,J1,857,1024,1881
2019-05-12T13:15:00+09:00,J2,437,417,854
2019-05-12T13:15:00+09:00,J3,854,860,1714
2019-05-12T13:15:00+09:00,J4,740,812,1552
2019-05-12T13:15:00+09:00,J5,419,400,819
2019-05-12T13:30:00+09:00,J1,852,973,1825
2019-05-12T13:30:00+09:00,J2,503,446,949
2019-05-12T13:30:00+09:00,J3,844,958,1802
2019-05-12T13:30:00+09:00,J4,745,762,1507
2019-05-12T13:30:00+09:00,J5,493,455,948
2019-05-12T13:45:00+09:00,J1,862,910,1772
2019-05-12T13:45:00+09:00,J2,410,393,803
2019-05-12T13:45:00+09:00,J3,776,836,1612
2019-05-12T13:45:00+09:00,J4,761,758,1519
2019-05-12T13:45:00+09:00,J5,417,391,808
2019-05-12T14:00:00+09:00,J1,796,937,1733
2019-05-12T14:00:00+09:00,J2,434,380,814
2019-05-12T14:00:00+09:00,J3,827,884,1711
2019-05-12T14:00:00+09:00,J4,721,814,1535
2019-05-12T14:00:00+09:00,J5,452,373,825
2019-05-12T14:15:00+09:00,J1,839,895,1734
2019-05-12T14:15:00+09:00,J2,448,422,870
2019-05-12T14:15:00+09:00,J3,793,872,1665
2019-05-12T14:15:00+09:00,J4,685,778,1463
2019-05-12T14:15:00+09:00,J5,411,392,803
2019-05-12T14:30:00+09:00,J1,868,960,1828
2019-05-12T14:30:00+09:00,J2,444,408,852
2019-05-12T14:30:00+09:00,J3,849,923,1772
2019-05-12T14:30:00+09:00,J4,745,791,1536
2019-05-12T14:30:00+09:00,J5,366,382,748
2019-05-12T14:45:00+09:00,J1,841,968,1809
2019-05-12T14:45:00+09:00,J2,397,456,853
2019-05-12T14:45:00+09:00,J3,866,874,1740
2019-05-12T14:45:00+09:00,J4,714,806,1520
2019-05-12T14:45:00+09:00,J5,320,341,661
2019-05-12T15:00:00+09:00,J1,831,986,1817
2019-05-12T15:00:00+09:00,J2,459,481,940
2019-05-12T15:00:00+09:00,J3,820,879,1699
2019-05-12T15:00:00+09:00,J4,627,638,1265
2019-05-12T15:00:00+09:00,J5,385,357,742
2019-05-12T15:15:00+09:00,J1,927,1075,2002
2019-05-12T15:15:00+09:00,J2,450,433,883
2019-05-12T15:15:00+09:00,J3,809,804,1613
2019-05-12T15:15:00+09:00,J4,680,740,1420
2019-05-12T15:15:00+09:00,J5,440,451,891
2019-05-12T15:30:00+09:00,J1,938,1086,2024
2019-05-12T15:30:00+09:00,J2,441,476,917
2019-05-12T15:30:00+09:00,J3,814,939,1753
2019-05-12T15:30:00+09:00,J4,728,725,1453
2019-05-12T15:30:00+09:00,J5,419,382,801
2019-05-12T15:45:00+09:00,J1,957,1138,2095
2019-05-12T15:45:00+09:00,J2,458,463,921
2019-05-12T15:45:00+09:00,J3,790,905,1695
2019-05-12T15:45:00+09:00,J4,670,693,1363
2019-05-12T15:45:00+09:00,J5,408,379,787
2019-05-12T16:00:00+09:00,J1,890,1009,1899
2019-05-12T16:00:00+09:00,J2,447,407,854
2019-05-12T16:00:00+09:00,J3,833,832,1665
2019-05-12T16:00:00+09:00,J4,770,703,1473
2019-05-12T16:00:00+09:00,J5,463,411,874
2019-05-12T16:15:00+09:00,J1,968,1010,1978
2019-05-12T16:15:00+09:00,J2,469,462,931
2019-05-12T16:15:00+09:00,J3,836,742,1578
2019-05-12T16:15:00+09:00,J4,604,737,1341
2019-05-12T16:15:00+09:00,J5,390,399,789
2019-05-12T16:30:00+09:00,J1,909,973,1882
2019-05-12T16:30:00+09:00,J2,501,500,1001
2019-05-12T16:30:00+09:00,J3,882,730,1612
2019-05-12T16:30:00+09:00,J4,672,673,1345
2019-05-12T16:30:00+09:00,J5,454,467,921
2019-05-12T16:45:00+09:00,J1,851,967,1818
2019-05-12T16:45:00+09:00,J2,444,469,913
2019-05-12T16:45:00+09:00,J3,810,742,1552
2019-05-12T16:45:00+09:00,J4,638,679,1317
2019-05-12T16:45:00+09:00,J5,376,443,819
2019-05-12T17:00:00+09:00,J1,876,1069,1945
2019-05-12T17:00:00+09:00,J2,417,524,941
2019-05-12T17:00:00+09:00,J3,956,880,1836
2019-05-12T17:00:00+09:00,J4,652,669,1321
2019-05-12T17:00:00+09:00,J5,424,429,853
2019-05-12T17:15:00+09:00,J1,898,998,1896
2019-05-12T17:15:00+09:00,J2,481,492,973
2019-05-12T17:15:00+09:00,J3,936,896,1832
2019-05-12T17:15:00+09:00,J4,621,678,1299
2019-05-12T17:15:00+09:00,J5,441,457,898
2019-05-12T17:30:00+09:00,J1,1015,1122,2137
2019-05-12T17:30:00+09:00,J2,452,428,880
2019-05-12T17:30:00+09:00,J3,958,813,1771
2019-05-12T17:30:00+09:00,J4,553,597,1150
2019-05-12T17:30:00+09:00,J5,458,457,915
2019-05-12T17:45:00+09:00,J1,992,1033,2025
2019-05-12T17:45:00+09:00,J2,481,455,936
2019-05-12T17:45:00+09:00,J3,943,813,1756
2019-05-12T17:45:00+09:00,J4,598,594,1192
2019-05-12T17:45:00+09:00,J5,460,457,917
2019-05-12T18:00:00+09:00,J1,1019,1119,2138
2019-05-12T18:00:00+09:00,J2,486,412,898
2019-05-12T18:00:00+09:00,J3,884,791,1675
2019-05-12T18:00:00+09:00,J4,583,603,1186
2019-05-12T18:00:00+09:00,J5,422,402,824
2019-05-12T18:15:00+09:00,J1,996,1176,2172
2019-05-12T18:15:00+09:00,J2,443,456,899
2019-05-12T18:15:00+09:00,J3,882,854,1736
2019-05-12T18:15:00+09:00,J4,562,619,1181
2019-05-12T18:15:00+09:00,J5,506,527,1033
2019-05-12T18:30:00+09:00,J1,916,903,1819
2019-05-12T18:30:00+09:00,J2,461,379,840
2019-05-12T18:30:00+09:00,J3,863,832,1695
2019-05-12T18:30:00+09:00,J4,632,644,1276
2019-05-12T18:30:00+09:00,J5,405,348,753
2019-05-12T18:45:00+09:00,J1,857,915,1772
2019-05-12T18:45:00+09:00,J2,393,319,712
2019-05-12T18:45:00+09:00,J3,720,755,1475
2019-05-12T18:45:00+09:00,J4,613,693,1306
2019-05-12T18:45:00+09:00,J5,355,336,691
2019-05-12T19:00:00+09:00,J1,798,844,1642
2019-05-12T19:00:00+09:00,J2,406,366,772
2019-05-12T19:00:00+09:00,J3,789,753,1542
2019-05-12T19:00:00+09:00,J4,657,643,1300
2019-05-12T19:00:00+09:00,J5,352,335,687
2019-05-12T19:15:00+09:00,J1,712,842,1554
2019-05-12T19:15:00+09:00,J2,356,318,674
2019-05-12T19:15:00+09:00,J3,761,688,1449
2019-05-12T19:15:00+09:00,J4,688,633,1321
2019-05-12T19:15:00+09:00,J5,368,351,719
2019-05-12T19:30:00+09:00,J1,790,855,1645
2019-05-12T19:30:00+09:00,J2,354,272,626
2019-05-12T19:30:00+09:00,J3,647,648,1295
2019-05-12T19:30:00+09:00,J4,694,742,1436
2019-05-12T19:30:00+09:00,J5,309,293,602
2019-05-12T19:45:00+09:00,J1,797,891,1688
2019-05-12T19:45:00+09:00,J2,341,289,630
2019-05-12T19:45:00+09:00,J3,686,690,1376
2019-05-12T19:45:00+09:00,J4,816,709,1525
2019-05-12T19:45:00+09:00,J5,388,326,714
2019-05-12T20:00:00+09:00,J1,754,886,1640
2019-05-12T20:00:00+09:00,J2,376,337,713
2019-05-12T20:00:00+09:00,J3,706,706,1412
2019-05-12T20:00:00+09:00,J4,808,735,1543
2019-05-12T20:00:00+09:00,J5,411,381,792
2019-05-12T20:15:00+09:00,J1,835,872,1707
2019-05-12T20:15:00+09:00,J2,410,315,725
2019-05-12T20:15:00+09:00,J3,680,613,1293
2019-05-12T20:15:00+09:00,J4,766,645,1411
2019-05-12T20:15:00+09:00,J5,359,350,709
2019-05-12T20:30:00+09:00,J1,771,831,1602
2019-05-12T20:30:00+09:00,J2,467,396,863
2019-05-12T20:30:00+09:00,J3,677,570,1247
2019-05-12T20:30:00+09:00,J4,886,784,1670
2019-05-12T20:30:00+09:00,J5,359,358,717
2019-05-12T20:45:00+09:00,J1,760,858,1618
2019-05-12T20:45:00+09:00,J2,440,366,806
2019-05-12T20:45:00+09:00,J3,628,538,1166
2019-05-12T20:45:00+09:00,J4,732,801,1533
2019-05-12T20:45:00+09:00,J5,380,331,711
2019-05-12T21:00:00+09:00,J1,819,849,1668
2019-05-12T21:00:00+09:00,J2,397,332,729
2019-05-12T21:00:00+09:00,J3,689,589,1278
2019-05-12T21:00:00+09:00,J4,663,613,1276
2019-05-12T21:00:00+09:00,J5,369,349,718
2019-05-12T21:15:00+09:00,J1,827,839,1666
2019-05-12T21:15:00+09:00,J2,455,322,777
2019-05-12T21:15:00+09:00,J3,644,592,1236
2019-05-12T21:15:00+09:00,J4,733,632,1365
2019-05-12T21:15:00+09:00,J5,427,435,862
2019-05-12T21:30:00+09:00,J1,777,816,1593
2019-05-12T21:30:00+09:00,J2,525,434,959
2019-05-12T21:30:00+09:00,J3,636,563,1199
2019-05-12T21:30:00+09:00,J4,753,612,1365
2019-05-12T21:30:00+09:00,J5,456,507,963
2019-05-12T21:45:00+09:00,J1,744,805,1549
2019-05-12T21:45:00+09:00,J2,479,390,869
2019-05-12T21:45:00+09:00,J3,566,511,1077
2019-05-12T21:45:00+09:00,J4,645,675,1320
2019-05-12T21:45:00+09:00,J5,444,501,945
2019-05-12T22:00:00+09:00,J1,719,723,1442
2019-05-12T22:00:00+09:00,J2,557,443,1000
2019-05-12T22:00:00+09:00,J3,584,477,1061
2019-05-12T22:00:00+09:00,J4,735,630,1365
2019-05-12T22:00:00+09:00,J5,471,573,1044
2019-05-12T22:15:00+09:00,J1,736,690,1426
2019-05-12T22:15:00+09:00,J2,492,490,982
2019-05-12T22:15:00+09:00,J3,444,425,869
2019-05-12T22:15:00+09:00,J4,660,633,1293
2019-05-12T22:15:00+09:00,J5,519,542,1061
2019-05-12T22:30:00+09:00,J1,757,692,1449
2019-05-12T22:30:00+09:00,J2,465,420,885
2019-05-12T22:30:00+09:00,J3,466,394,860
2019-05-12T22:30:00+09:00,J4,642,622,1264
2019-05-12T22:30:00+09:00,J5,481,522,1003
2019-05-12T22:45:00+09:00,J1,631,696,1327
2019-05-12T22:45:00+09:00,J2,434,436,870
2019-05-12T22:45:00+09:00,J3,431,399,830
2019-05-12T22:45:00+09:00,J4,701,699,1400
2019-05-12T22:45:00+09:00,J5,442,538,980
2019-05-12T23:00:00+09:00,J1,617,643,1260
2019-05-12T23:00:00+09:00,J2,429,423,852
2019-05-12T23:00:00+09:00,J3,448,396,844
2019-05-12T23:00:00+09:00,J4,705,667,1372
2019-05-12T23:00:00+09:00,J5,440,469,909
2019-05-12T23:15:00+09:00,J1,647,632,1279
2019-05-12T23:15:00+09:00,J2,478,443,921
2019-05-12T23:15:00+09:00,J3,441,375,816
2019-05-12T23:15:00+09:00,J4,655,658,1313
2019-05-12T23:15:00+09:00,J5,413,511,924
2019-05-12T23:30:00+09:00,J1,600,623,1223
2019-05-12T23:30:00+09:00,J2,400,430,830
2019-05-12T23:30:00+09:00,J3,455,363,818
2019-05-12T23:30:00+09:00,J4,693,673,1366
2019-05-12T23:30:00+09:00,J5,375,471,846
2019-05-12T23:45:00+09:00,J1,607,656,1263
2019-05-12T23:45:00+09:00,J2,412,388,800
2019-05-12T23:45:00+09:00,J3,465,394,859
2019-05-12T23:45:00+09:00,J4,680,586,1266
2019-05-12T23:45:00+09:00,J5,356,420,776
2019-05-13T00:00:00+09:00,J1,437,370,807
2019-05-13T00:00:00+09:00,J2,363,345,708
2019-05-13T00:00:00+09:00,J3,374,371,745
2019-05-13T00:00:00+09:00,J4,668,576,1244
2019-05-13T00:00:00+09:00,J5,322,393,715
2019-05-13T00:15:00+09:00,J1,366,425,791
2019-05-13T00:15:00+09:00,J2,367,306,673
2019-05-13T00:15:00+09:00,J3,437,356,793
2019-05-13T00:15:00+09:00,J4,697,573,1270
2019-05-13T00:15:00+09:00,J5,318,295,613
2019-05-13T00:30:00+09:00,J1,463,476,939
2019-05-13T00:30:00+09:00,J2,407,360,767
2019-05-13T00:30:00+09:00,J3,436,416,852
2019-05-13T00:30:00+09:00,J4,747,655,1402
2019-05-13T00:30:00+09:00,J5,262,301,563
2019-05-13T00:45:00+09:00,J1,382,425,807
2019-05-13T00:45:00+09:00,J2,417,344,761
2019-05-13T00:45:00+09:00,J3,470,450,920
2019-05-13T00:45:00+09:00,J4,763,629,1392
2019-05-13T00:45:00+09:00,J5,264,296,560
2019-05-13T05:45:00+09:00,J1,475,516,991
2019-05-13T05:45:00+09:00,J2,372,353,725
2019-05-13T05:45:00+09:00,J3,768,671,1439
2019-05-13T05:45:00+09:00,J4,455,353,808
2019-05-13T05:45:00+09:00,J5,251,229,480
2019-05-13T06:00:00+09:00,J1,508,540,1048
2019-05-13T06:00:00+09:00,J2,405,358,763
2019-05-13T06:00:00+09:00,J3,816,613,1429
2019-05-13T06:00:00+09:00,J4,518,424,942
2019-05-13T06:00:00+09:00,J5,235,284,519
2019-05-13T06:15:00+09:00,J1,608,620,1228
2019-05-13T06:15:00+09:00,J2,418,375,793
2019-05-13T06:15:00+09:00,J3,778,626,1404
2019-05-13T06:15:00+09:00,J4,534,504,1038
2019-05-13T06:15:00+09:00,J5,244,287,531
2019-05-13T06:30:00+09:00,J1,577,596,1173
2019-05-13T06:30:00+09:00,J2,444,485,929
2019-05-13T06:30:00+09:00,J3,757,689,1446
2019-05-13T06:30:00+09:00,J4,567,534,1101
2019-05-13T06:30:00+09:00,J5,243,251,494
2019-05-13T06:45:00+09:00,J1,602,622,1224
2019-05-13T06:45:00+09:00,J2,482,483,965
2019-05-13T06:45:00+09:00,J3,713,675,1388
2019-05-13T06:45:00+09:00,J4,603,602,1205
2019-05-13T06:45:00+09:00,J5,282,281,563
2019-05-13T07:00:00+09:00,J1,613,675,1288
2019-05-13T07:00:00+09:00,J2,550,578,1128
2019-05-13T07:00:00+09:00,J3,660,634,1294
2019-05-13T07:00:00+09:00,J4,704,716,1420
2019-05-13T07:00:00+09:00,J5,264,293,557
2019-05-13T07:15:00+09:00,J1,721,738,1459
2019-05-13T07:15:00+09:00,J2,641,587,1228
2019-05-13T07:15:00+09:00,J3,570,620,1190
2019-05-13T07:15:00+09:00,J4,846,831,1677
2019-05-13T07:15:00+09:00,J5,333,365,698
2019-05-13T07:30:00+09:00,J1,859,750,1609
2019-05-13T07:30:00+09:00,J2,784,579,1363
2019-05-13T07:30:00+09:00,J3,778,687,1465
2019-05-13T07:30:00+09:00,J4,884,887,1771
2019-05-13T07:30:00+09:00,J5,479,501,980
2019-05-13T07:45:00+09:00,J1,916,800,1716
2019-05-13T07:45:00+09:00,J2,812,552,1364
2019-05-13T07:45:00+09:00,J3,895,873,1768
2019-05-13T07:45:00+09:00,J4,838,965,1803
2019-05-13T07:45:00+09:00,J5,618,662,1280
2019-05-13T08:00:00+09:00,J1,1202,971,2173
2019-05-13T08:00:00+09:00,J2,814,529,1343
2019-05-13T08:00:00+09:00,J3,1009,848,1857
2019-05-13T08:00:00+09:00,J4,763,885,1648
2019-05-13T08:00:00+09:00,J5,459,468,927
2019-05-13T08:15:00+09:00,J1,1385,934,2319
2019-05-13T08:15:00+09:00,J2,943,522,1465
2019-05-13T08:15:00+09:00,J3,1139,1040,2179
2019-05-13T08:15:00+09:00,J4,762,1099,1861
2019-05-13T08:15:00+09:00,J5,472,454,926
2019-05-13T08:30:00+09:00,J1,1226,956,2182
2019-05-13T08:30:00+09:00,J2,886,515,1401
2019-05-13T08:30:00+09:00,J3,1016,1185,2201
2019-05-13T08:30:00+09:00,J4,716,1078,1794
2019-05-13T08:30:00+09:00,J5,471,440,911
2019-05-13T08:45:00+09:00,J1,1075,848,1923
2019-05-13T08:45:00+09:00,J2,680,474,1154
2019-05-13T08:45:00+09:00,J3,869,918,1787
2019-05-13T08:45:00+09:00,J4,652,882,1534
2019-05-13T08:45:00+09:00,J5,406,391,797
2019-05-13T09:00:00+09:00,J1,905,791,1696
2019-05-13T09:00:00+09:00,J2,596,469,1065
2019-05-13T09:00:00+09:00,J3,796,728,1524
2019-05-13T09:00:00+09:00,J4,640,735,1375
2019-05-13T09:00:00+09:00,J5,501,487,988
2019-05-13T09:15:00+09:00,J1,847,654,1501
2019-05-13T09:15:00+09:00,J2,586,488,1074
2019-05-13T09:15:00+09:00,J3,751,700,1451
2019-05-13T09:15:00+09:00,J4,696,757,1453
2019-05-13T09:15:00+09:00,J5,468,423,891
2019-05-13T09:30:00+09:00,J1,799,680,1479
2019-05-13T09:30:00+09:00,J2,545,506,1051
2019-05-13T09:30:00+09:00,J3,749,702,1451
2019-05-13T09:30:00+09:00,J4,745,735,1480
2019-05-13T09:30:00+09:00,J5,409,401,810
2019-05-13T09:45:00+09:00,J1,710,648,1358
2019-05-13T09:45:00+09:00,J2,519,507,1026
2019-05-13T09:45:00+09:00,J3,717,611,1328
2019-05-13T09:45:00+09:00,J4,694,694,1388
2019-05-13T09:45:00+09:00,J5,433,493,926
2019-05-13T10:00:00+09:00,J1,610,638,1248
2019-05-13T10:00:00+09:00,J2,501,500,1001
2019-05-13T10:00:00+09:00,J3,662,613,1275
2019-05-13T10:00:00+09:00,J4,606,662,1268
2019-05-13T10:00:00+09:00,J5,407,413,820
2019-05-13T10:15:00+09:00,J1,593,728,1321
2019-05-13T10:15:00+09:00,J2,419,454,873
2019-05-13T10:15:00+09:00,J3,664,719,1383
2019-05-13T10:15:00+09:00,J4,702,715,1417
2019-05-13T10:15:00+09:00,J5,339,332,671
2019-05-13T10:30:00+09:00,J1,631,692,1323
2019-05-13T10:30:00+09:00,J2,457,467,924
2019-05-13T10:30:00+09:00,J3,825,856,1681
2019-05-13T10:30:00+09:00,J4,677,724,1401
2019-05-13T10:30:00+09:00,J5,331,293,624
2019-05-13T10:45:00+09:00,J1,610,705,1315
2019-05-13T10:45:00+09:00,J2,499,440,939
2019-05-13T10:45:00+09:00,J3,799,897,1696
2019-05-13T10:45:00+09:00,J4,594,643,1237
2019-05-13T10:45:00+09:00,J5,329,328,657
2019-05-13T11:00:00+09:00,J1,612,721,1333
2019-05-13T11:00:00+09:00,J2,509,542,1051
2019-05-13T11:00:00+09:00,J3,899,881,1780
2019-05-13T11:00:00+09:00,J4,618,674,1292
2019-05-13T11:00:00+09:00,J5,288,287,575
2019-05-13T11:15:00+09:00,J1,791,836,1627
2019-05-13T11:15:00+09:00,J2,543,514,1057
2019-05-13T11:15:00+09:00,J3,890,927,1817
2019-05-13T11:15:00+09:00,J4,588,673,1261
2019-05-13T11:15:00+09:00,J5,304,283,587
2019-05-13T11:30:00+09:00,J1,861,806,1667
2019-05-13T11:30:00+09:00,J2,461,546,1007
2019-05-13T11:30:00+09:00,J3,815,808,1623
2019-05-13T11:30:00+09:00,J4,494,627,1121
2019-05-13T11:30:00+09:00,J5,326,295,621
2019-05-13T11:45:00+09:00,J1,828,784,1612
2019-05-13T11:45:00+09:00,J2,514,482,996
2019-05-13T11:45:00+09:00,J3,787,742,1529
2019-05-13T11:45:00+09:00,J4,562,576,1138
2019-05-13T11:45:00+09:00,J5,353,264,617
2019-05-13T12:00:00+09:00,J1,896,890,1786
2019-05-13T12:00:00+09:00,J2,653,600,1253
2019-05-13T12:00:00+09:00,J3,825,794,1619
2019-05-13T12:00:00+09:00,J4,609,626,1235
2019-05-13T12:00:00+09:00,J5,361,341,702
2019-05-13T12:15:00+09:00,J1,846,828,1674
2019-05-13T12:15:00+09:00,J2,718,617,1335
2019-05-13T12:15:00+09:00,J3,775,781,1556
2019-05-13T12:15:00+09:00,J4,662,633,1295
2019-05-13T12:15:00+09:00,J5,300,310,610
2019-05-13T12:30:00+09:00,J1,841,857,1698
2019-05-13T12:30:00+09:00,J2,815,687,1502
2019-05-13T12:30:00+09:00,J3,716,763,1479
2019-05-13T12:30:00+09:00,J4,744,799,1543
2019-05-13T12:30:00+09:00,J5,337,410,747
2019-05-13T12:45:00+09:00,J1,871,826,1697
2019-05-13T12:45:00+09:00,J2,727,606,1333
2019-05-13T12:45:00+09:00,J3,644,630,1274
2019-05-13T12:45:00+09:00,J4,749,704,1453
2019-05-13T12:45:00+09:00,J5,335,343,678
2019-05-13T13:00:00+09:00,J1,817,936,1753
2019-05-13T13:00:00+09:00,J2,747,632,1379
2019-05-13T13:00:00+09:00,J3,713,650,1363
2019-05-13T13:00:00+09:00,J4,534,579,1113
2019-05-13T13:00:00+09:00,J5,342,335,677
2019-05-13T13:15:00+09:00,J1,835,968,1803
2019-05-13T13:15:00+09:00,J2,727,650,1377
2019-05-13T13:15:00+09:00,J3,656,656,1312
2019-05-13T13:15:00+09:00,J4,557,598,1155
2019-05-13T13:15:00+09:00,J5,340,331,671
2019-05-13T13:30:00+09:00,J1,843,900,1743
2019-05-13T13:30:00+09:00,J2,699,632,1331
2019-05-13T13:30:00+09:00,J3,651,661,1312
2019-05-13T13:30:00+09:00,J4,614,609,1223
2019-05-13T13:30:00+09:00,J5,358,295,653
2019-05-13T13:45:00+09:00,J1,879,891,1770
2019-05-13T13:45:00+09:00,J2,708,642,1350
2019-05-13T13:45:00+09:00,J3,684,672,1356
2019-05-13T13:45:00+09:00,J4,699,688,1387
2019-05-13T13:45:00+09:00,J5,354,327,681
2019-05-13T14:00:00+09:00,J1,860,861,1721
2019-05-13T14:00:00+09:00,J2,726,633,1359
2019-05-13T14:00:00+09:00,J3,690,655,1345
2019-05-13T14:00:00+09:00,J4,675,654,1329
2019-05-13T14:00:00+09:00,J5,331,294,625
2019-05-13T14:15:00+09:00,J1,904,940,1844
2019-05-13T14:15:00+09:00,J2,756,654,1410
2019-05-13T14:15:00+09:00,J3,655,737,1392
2019-05-13T14:15:00+09:00,J4,646,648,1294
2019-05-13T14:15:00+09:00,J5,311,322,633
2019-05-13T14:30:00+09:00,J1,778,832,1610
2019-05-13T14:30:00+09:00,J2,673,636,1309
2019-05-13T14:30:00+09:00,J3,691,716,1407
2019-05-13T14:30:00+09:00,J4,570,643,1213
2019-05-13T14:30:00+09:00,J5,353,302,655
2019-05-13T14:45:00+09:00,J1,769,890,1659
2019-05-13T14:45:00+09:00,J2,598,630,1228
2019-05-13T14:45:00+09:00,J3,698,712,1410
2019-05-13T14:45:00+09:00,J4,686,657,1343
2019-05-13T14:45:00+09:00,J5,339,297,636
2019-05-13T15:00:00+09:00,J1,727,829,1556
2019-05-13T15:00:00+09:00,J2,595,600,1195
2019-05-13T15:00:00+09:00,J3,698,697,1395
2019-05-13T15:00:00+09:00,J4,657,662,1319
2019-05-13T15:00:00+09:00,J5,349,346,695
2019-05-13T15:15:00+09:00,J1,662,831,1493
2019-05-13T15:15:00+09:00,J2,658,628,1286
2019-05-13T15:15:00+09:00,J3,742,774,1516
2019-05-13T15:15:00+09:00,J4,701,650,1351
2019-05-13T15:15:00+09:00,J5,337,330,667
2019-05-13T15:30:00+09:00,J1,684,829,1513
2019-05-13T15:30:00+09:00,J2,639,591,1230
2019-05-13T15:30:00+09:00,J3,755,762,1517
2019-05-13T15:30:00+09:00,J4,670,715,1385
2019-05-13T15:30:00+09:00,J5,378,314,692
2019-05-13T15:45:00+09:00,J1,762,833,1595
2019-05-13T15:45:00+09:00,J2,581,640,1221
2019-05-13T15:45:00+09:00,J3,727,703,1430
2019-05-13T15:45:00+09:00,J4,718,646,1364
2019-05-13T15:45:00+09:00,J5,312,324,636
2019-05-13T16:00:00+09:00,J1,678,752,1430
2019-05-13T16:00:00+09:00,J2,563,549,1112
2019-05-13T16:00:00+09:00,J3,770,705,1475
2019-05-13T16:00:00+09:00,J4,646,672,1318
2019-05-13T16:00:00+09:00,J5,311,327,638
2019-05-13T16:15:00+09:00,J1,744,861,1605
2019-05-13T16:15:00+09:00,J2,573,597,1170
2019-05-13T16:15:00+09:00,J3,772,856,1628
2019-05-13T16:15:00+09:00,J4,793,765,1558
2019-05-13T16:15:00+09:00,J5,339,341,680
2019-05-13T16:30:00+09:00,J1,852,918,1770
2019-05-13T16:30:00+09:00,J2,560,602,1162
2019-05-13T16:30:00+09:00,J3,800,772,1572
2019-05-13T16:30:00+09:00,J4,765,811,1576
2019-05-13T16:30:00+09:00,J5,332,337,669
2019-05-13T16:45:00+09:00,J1,875,973,1848
2019-05-13T16:45:00+09:00,J2,593,590,1183
2019-05-13T16:45:00+09:00,J3,850,799,1649
2019-05-13T16:45:00+09:00,J4,749,708,1457
2019-05-13T16:45:00+09:00,J5,334,310,644
2019-05-13T17:00:00+09:00,J1,870,1093,1963
2019-05-13T17:00:00+09:00,J2,628,637,1265
2019-05-13T17:00:00+09:00,J3,801,862,1663
2019-05-13T17:00:00+09:00,J4,748,741,1489
2019-05-13T17:00:00+09:00,J5,352,325,677
2019-05-13T17:15:00+09:00,J1,963,1217,2180
2019-05-13T17:15:00+09:00,J2,741,773,1514
2019-05-13T17:15:00+09:00,J3,888,868,1756
2019-05-13T17:15:00+09:00,J4,911,936,1847
2019-05-13T17:15:00+09:00,J5,371,414,785
2019-05-13T17:30:00+09:00,J1,1048,1142,2190
2019-05-13T17:30:00+09:00,J2,822,804,1626
2019-05-13T17:30:00+09:00,J3,889,838,1727
2019-05-13T17:30:00+09:00,J4,893,911,1804
2019-05-13T17:30:00+09:00,J5,363,389,752
2019-05-13T17:45:00+09:00,J1,939,1193,2132
2019-05-13T17:45:00+09:00,J2,799,755,1554
2019-05-13T17:45:00+09:00,J3,964,831,1795
2019-05-13T17:45:00+09:00,J4,1011,968,1979
2019-05-13T17:45:00+09:00,J5,400,479,879
2019-05-13T18:00:00+09:00,J1,1013,1111,2124
2019-05-13T18:00:00+09:00,J2,899,833,1732
2019-05-13T18:00:00+09:00,J3,1087,793,1880
2019-05-13T18:00:00+09:00,J4,974,873,1847
2019-05-13T18:00:00+09:00,J5,427,450,877
2019-05-13T18:15:00+09:00,J1,899,1044,1943
2019-05-13T18:15:00+09:00,J2,818,854,1672
2019-05-13T18:15:00+09:00,J3,996,757,1753
2019-05-13T18:15:00+09:00,J4,962,794,1756
2019-05-13T18:15:00+09:00,J5,368,497,865
2019-05-13T18:30:00+09:00,J1,880,1074,1954
2019-05-13T18:30:00+09:00,J2,814,726,1540
2019-05-13T18:30:00+09:00,J3,965,834,1799
2019-05-13T18:30:00+09:00,J4,941,837,1778
2019-05-13T18:30:00+09:00,J5,386,467,853
2019-05-13T18:45:00+09:00,J1,840,973,1813
2019-05-13T18:45:00+09:00,J2,660,648,1308
2019-05-13T18:45:00+09:00,J3,949,793,1742
2019-05-13T18:45:00+09:00,J4,779,684,1463
2019-05-13T18:45:00+09:00,J5,384,493,877
2019-05-13T19:00:00+09:00,J1,719,913,1632
2019-05-13T19:00:00+09:00,J2,577,683,1260
2019-05-13T19:00:00+09:00,J3,883,788,1671
2019-05-13T19:00:00+09:00,J4,698,669,1367
2019-05-13T19:00:00+09:00,J5,439,439,878
2019-05-13T19:15:00+09:00,J1,716,824,1540
2019-05-13T19:15:00+09:00,J2,725,670,1395
2019-05-13T19:15:00+09:00,J3,887,774,1661
2019-05-13T19:15:00+09:00,J4,785,636,1421
2019-05-13T19:15:00+09:00,J5,400,467,867
2019-05-13T19:30:00+09:00,J1,734,796,1530
2019-05-13T19:30:00+09:00,J2,619,599,1218
2019-05-13T19:30:00+09:00,J3,849,824,1673
2019-05-13T19:30:00+09:00,J4,683,669,1352
2019-05-13T19:30:00+09:00,J5,381,437,818
2019-05-13T19:45:00+09:00,J1,631,768,1399
2019-05-13T19:45:00+09:00,J2,472,525,997
2019-05-13T19:45:00+09:00,J3,828,742,1570
2019-05-13T19:45:00+09:00,J4,616,544,1160
2019-05-13T19:45:00+09:00,J5,360,424,784
2019-05-13T20:00:00+09:00,J1,601,746,1347
2019-05-13T20:00:00+09:00,J2,475,500,975
2019-05-13T20:00:00+09:00,J3,905,751,1656
2019-05-13T20:00:00+09:00,J4,698,637,1335
2019-05-13T20:00:00+09:00,J5,362,400,762
2019-05-13T20:15:00+09:00,J1,628,770,1398
2019-05-13T20:15:00+09:00,J2,520,521,1041
2019-05-13T20:15:00+09:00,J3,897,812,1709
2019-05-13T20:15:00+09:00,J4,700,670,1370
2019-05-13T20:15:00+09:00,J5,371,397,768
2019-05-13T20:30:00+09:00,J1,567,715,1282
2019-05-13T20:30:00+09:00,J2,428,508,936
2019-05-13T20:30:00+09:00,J3,966,827,1793
2019-05-13T20:30:00+09:00,J4,673,598,1271
2019-05-13T20:30:00+09:00,J5,385,400,785
2019-05-13T20:45:00+09:00,J1,567,672,1239
2019-05-13T20:45:00+09:00,J2,394,482,876
2019-05-13T20:45:00+09:00,J3,852,678,1530
2019-05-13T20:45:00+09:00,J4,589,548,1137
2019-05-13T20:45:00+09:00,J5,337,326,663
2019-05-13T21:00:00+09:00,J1,580,616,1196
2019-05-13T21:00:00+09:00,J2,483,465,948
2019-05-13T21:00:00+09:00,J3,852,643,1495
2019-05-13T21:00:00+09:00,J4,644,594,1238
2019-05-13T21:00:00+09:00,J5,360,322,682
2019-05-13T21:15:00+09:00,J1,590,744,1334
2019-05-13T21:15:00+09:00,J2,413,470,883
2019-05-13T21:15:00+09:00,J3,741,718,1459
2019-05-13T21:15:00+09:00,J4,644,581,1225
2019-05-13T21:15:00+09:00,J5,389,331,720
2019-05-13T21:30:00+09:00,J1,708,712,1420
2019-05-13T21:30:00+09:00,J2,329,390,719
2019-05-13T21:30:00+09:00,J3,722,770,1492
2019-05-13T21:30:00+09:00,J4,637,606,1243
2019-05-13T21:30:00+09:00,J5,324,310,634
2019-05-13T21:45:00+09:00,J1,603,746,1349
2019-05-13T21:45:00+09:00,J2,335,372,707
2019-05-13T21:45:00+09:00,J3,730,716,1446
2019-05-13T21:45:00+09:00,J4,635,628,1263
2019-05-13T21:45:00+09:00,J5,308,315,623
2019-05-13T22:00:00+09:00,J1,565,677,1242
2019-05-13T22:00:00+09:00,J2,356,427,783
2019-05-13T22:00:00+09:00,J3,711,704,1415
2019-05-13T22:00:00+09:00,J4,644,709,1353
2019-05-13T22:00:00+09:00,J5,268,298,566
2019-05-13T22:15:00+09:00,J1,621,675,1296
2019-05-13T22:15:00+09:00,J2,307,347,654
2019-05-13T22:15:00+09:00,J3,662,551,1213
2019-05-13T22:15:00+09:00,J4,608,677,1285
2019-05-13T22:15:00+09:00,J5,267,244,511
2019-05-13T22:30:00+09:00,J1,577,763,1340
2019-05-13T22:30:00+09:00,J2,300,342,642
2019-05-13T22:30:00+09:00,J3,548,526,1074
2019-05-13T22:30:00+09:00,J4,565,677,1242
2019-05-13T22:30:00+09:00,J5,223,252,475
2019-05-13T22:45:00+09:00,J1,584,677,1261
2019-05-13T22:45:00+09:00,J2,355,404,759
2019-05-13T22:45:00+09:00,J3,561,508,1069
2019-05-13T22:45:00+09:00,J4,568,610,1178
2019-05-13T22:45:00+09:00,J5,234,228,462
2019-05-13T23:00:00+09:00,J1,530,655,1185
2019-05-13T23:00:00+09:00,J2,314,399,713
2019-05-13T23:00:00+09:00,J3,622,530,1152
2019-05-13T23:00:00+09:00,J4,563,675,1238
2019-05-13T23:00:00+09:00,J5,253,249,502
2019-05-13T23:15:00+09:00,J1,504,572,1076
2019-05-13T23:15:00+09:00,J2,366,411,777
2019-05-13T23:15:00+09:00,J3,540,531,1071
2019-05-13T23:15:00+09:00,J4,574,616,1190
2019-05-13T23:15:00+09:00,J5,300,263,563
2019-05-13T23:30:00+09:00,J1,505,592,1097
2019-05-13T23:30:00+09:00,J2,338,439,777
2019-05-13T23:30:00+09:00,J3,543,498,1041
2019-05-13T23:30:00+09:00,J4,499,617,1116
2019-05-13T23:30:00+09:00,J5,333,291,624
2019-05-13T23:45:00+09:00,J1,478,611,1089
2019-05-13T23:45:00+09:00,J2,314,397,711
2019-05-13T23:45:00+09:00,J3,596,532,1128
2019-05-13T23:45:00+09:00,J4,498,512,1010
2019-05-13T23:45:00+09:00,J5,298,294,592
2019-05-14T00:00:00+09:00,J1,456,529,985
2019-05-14T00:00:00+09:00,J2,355,338,693
2019-05-14T00:00:00+09:00,J3,529,515,1044
2019-05-14T00:00:00+09:00,J4,462,578,1040
2019-05-14T00:00:00+09:00,J5,374,419,793
2019-05-14T00:15:00+09:00,J1,428,433,861
2019-05-14T00:15:00+09:00,J2,350,307,657
2019-05-14T00:15:00+09:00,J3,446,358,804
2019-05-14T00:15:00+09:00,J4,452,457,909
2019-05-14T00:15:00+09:00,J5,458,509,967
2019-05-14T00:30:00+09:00,J1,303,251,554
2019-05-14T00:30:00+09:00,J2,359,366,725
2019-05-14T00:30:00+09:00,J3,480,337,817
2019-05-14T00:30:00+09:00,J4,486,492,978
2019-05-14T00:30:00+09:00,J5,531,578,1109
2019-05-14T00:45:00+09:00,J1,228,223,451
2019-05-14T00:45:00+09:00,J2,414,336,750
2019-05-14T00:45:00+09:00,J3,462,377,839
2019-05-14T00:45:00+09:00,J4,485,470,955
2019-05-14T00:45:00+09:00,J5,523,569,1092
2019-05-14T05:45:00+09:00,J1,504,429,933
2019-05-14T05:45:00+09:00,J2,418,376,794
2019-05-14T05:45:00+09:00,J3,459,443,902
2019-05-14T05:45:00+09:00,J4,767,604,1371
2019-05-14T05:45:00+09:00,J5,280,247,527
2019-05-14T06:00:00+09:00,J1,527,460,987
2019-05-14T06:00:00+09:00,J2,499,452,951
2019-05-14T06:00:00+09:00,J3,437,415,852
2019-05-14T06:00:00+09:00,J4,791,683,1474
2019-05-14T06:00:00+09:00,J5,313,301,614
2019-05-14T06:15:00+09:00,J1,583,480,1063
2019-05-14T06:15:00+09:00,J2,456,464,920
2019-05-14T06:15:00+09:00,J3,398,355,753
2019-05-14T06:15:00+09:00,J4,828,719,1547
2019-05-14T06:15:00+09:00,J5,362,372,734
2019-05-14T06:30:00+09:00,J1,535,489,1024
2019-05-14T06:30:00+09:00,J2,413,422,835
2019-05-14T06:30:00+09:00,J3,313,303,616
2019-05-14T06:30:00+09:00,J4,693,693,1386
2019-05-14T06:30:00+09:00,J5,309,310,619
2019-05-14T06:45:00+09:00,J1,633,475,1108
2019-05-14T06:45:00+09:00,J2,482,457,939
2019-05-14T06:45:00+09:00,J3,371,355,726
2019-05-14T06:45:00+09:00,J4,744,681,1425
2019-05-14T06:45:00+09:00,J5,369,375,744
2019-05-14T07:00:00+09:00,J1,597,595,1192
2019-05-14T07:00:00+09:00,J2,471,466,937
2019-05-14T07:00:00+09:00,J3,404,372,776
2019-05-14T07:00:00+09:00,J4,688,705,1393
2019-05-14T07:00:00+09:00,J5,419,418,837
2019-05-14T07:15:00+09:00,J1,715,595,1310
2019-05-14T07:15:00+09:00,J2,457,404,861
2019-05-14T07:15:00+09:00,J3,454,437,891
2019-05-14T07:15:00+09:00,J4,650,671,1321
2019-05-14T07:15:00+09:00,J5,489,491,980
2019-05-14T07:30:00+09:00,J1,745,559,1304
2019-05-14T07:30:00+09:00,J2,378,318,696
2019-05-14T07:30:00+09:00,J3,847,778,1625
2019-05-14T07:30:00+09:00,J4,670,717,1387
2019-05-14T07:30:00+09:00,J5,585,626,1211
2019-05-14T07:45:00+09:00,J1,765,537,1302
2019-05-14T07:45:00+09:00,J2,396,389,785
2019-05-14T07:45:00+09:00,J3,910,896,1806
2019-05-14T07:45:00+09:00,J4,668,901,1569
2019-05-14T07:45:00+09:00,J5,456,413,869
2019-05-14T08:00:00+09:00,J1,1041,867,1908
2019-05-14T08:00:00+09:00,J2,534,423,957
2019-05-14T08:00:00+09:00,J3,827,1034,1861
2019-05-14T08:00:00+09:00,J4,623,1036,1659
2019-05-14T08:00:00+09:00,J5,390,390,780
2019-05-14T08:15:00+09:00,J1,1167,967,2134
2019-05-14T08:15:00+09:00,J2,579,427,1006
2019-05-14T08:15:00+09:00,J3,924,1226,2150
2019-05-14T08:15:00+09:00,J4,639,1107,1746
2019-05-14T08:15:00+09:00,J5,488,467,955
2019-05-14T08:30:00+09:00,J1,1319,860,2179
2019-05-14T08:30:00+09:00,J2,522,368,890
2019-05-14T08:30:00+09:00,J3,966,1300,2266
2019-05-14T08:30:00+09:00,J4,711,1126,1837
2019-05-14T08:30:00+09:00,J5,549,606,1155
2019-05-14T08:45:00+09:00,J1,1122,809,1931
2019-05-14T08:45:00+09:00,J2,470,285,755
2019-05-14T08:45:00+09:00,J3,994,1096,2090
2019-05-14T08:45:00+09:00,J4,584,835,1419
2019-05-14T08:45:00+09:00,J5,368,395,763
2019-05-14T09:00:00+09:00,J1,1013,756,1769
2019-05-14T09:00:00+09:00,J2,398,292,690
2019-05-14T09:00:00+09:00,J3,865,876,1741
2019-05-14T09:00:00+09:00,J4,552,619,1171
2019-05-14T09:00:00+09:00,J5,332,298,630
2019-05-14T09:15:00+09:00,J1,868,633,1501
2019-05-14T09:15:00+09:00,J2,365,303,668
2019-05-14T09:15:00+09:00,J3,788,805,1593
2019-05-14T09:15:00+09:00,J4,529,665,1194
2019-05-14T09:15:00+09:00,J5,302,331,633
2019-05-14T09:30:00+09:00,J1,901,566,1467
2019-05-14T09:30:00+09:00,J2,418,298,716
2019-05-14T09:30:00+09:00,J3,828,818,1646
2019-05-14T09:30:00+09:00,J4,539,662,1201
2019-05-14T09:30:00+09:00,J5,318,337,655
2019-05-14T09:45:00+09:00,J1,866,636,1502
2019-05-14T09:45:00+09:00,J2,438,326,764
2019-05-14T09:45:00+09:00,J3,823,733,1556
2019-05-14T09:45:00+09:00,J4,530,605,1135
2019-05-14T09:45:00+09:00,J5,295,318,613
2019-05-14T10:00:00+09:00,J1,721,646,1367
2019-05-14T10:00:00+09:00,J2,353,325,678
2019-05-14T10:00:00+09:00,J3,726,696,1422
2019-05-14T10:00:00+09:00,J4,549,554,1103
2019-05-14T10:00:00+09:00,J5,285,295,580
2019-05-14T10:15:00+09:00,J1,698,673,1371
2019-05-14T10:15:00+09:00,J2,446,322,768
2019-05-14T10:15:00+09:00,J3,700,648,1348
2019-05-14T10:15:00+09:00,J4,615,612,1227
2019-05-14T10:15:00+09:00,J5,294,271,565
2019-05-14T10:30:00+09:00,J1,754,694,1448
2019-05-14T10:30:00+09:00,J2,416,388,804
2019-05-14T10:30:00+09:00,J3,602,632,1234
2019-05-14T10:30:00+09:00,J4,669,738,1407
2019-05-14T10:30:00+09:00,J5,276,312,588
2019-05-14T10:45:00+09:00,J1,693,725,1418
2019-05-14T10:45:00+09:00,J2,439,373,812
2019-05-14T10:45:00+09:00,J3,659,673,1332
2019-05-14T10:45:00+09:00,J4,714,759,1473
2019-05-14T10:45:00+09:00,J5,307,340,647
2019-05-14T11:00:00+09:00,J1,736,669,1405
2019-05-14T11:00:00+09:00,J2,573,437,1010
2019-05-14T11:00:00+09:00,J3,633,581,1214
2019-05-14T11:00:00+09:00,J4,886,911,1797
2019-05-14T11:00:00+09:00,J5,290,334,624
2019-05-14T11:15:00+09:00,J1,816,884,1700
2019-05-14T11:15:00+09:00,J2,601,477,1078
2019-05-14T11:15:00+09:00,J3,682,735,1417
2019-05-14T11:15:00+09:00,J4,930,920,1850
2019-05-14T11:15:00+09:00,J5,361,362,723
2019-05-14T11:30:00+09:00,J1,861,873,1734
2019-05-14T11:30:00+09:00,J2,523,446,969
2019-05-14T11:30:00+09:00,J3,661,803,1464
2019-05-14T11:30:00+09:00,J4,991,842,1833
2019-05-14T11:30:00+09:00,J5,354,364,718
2019-05-14T11:45:00+09:00,J1,795,866,1661
2019-05-14T11:45:00+09:00,J2,471,423,894
2019-05-14T11:45:00+09:00,J3,669,679,1348
2019-05-14T11:45:00+09:00,J4,974,779,1753
2019-05-14T11:45:00+09:00,J5,371,401,772
2019-05-14T12:00:00+09:00,J1,777,839,1616
2019-05-14T12:00:00+09:00,J2,547,399,946
2019-05-14T12:00:00+09:00,J3,724,718,1442
2019-05-14T12:00:00+09:00,J4,917,796,1713
2019-05-14T12:00:00+09:00,J5,405,468,873
2019-05-14T12:15:00+09:00,J1,664,707,1371
2019-05-14T12:15:00+09:00,J2,526,364,890
2019-05-14T12:15:00+09:00,J3,665,573,1238
2019-05-14T12:15:00+09:00,J4,918,848,1766
2019-05-14T12:15:00+09:00,J5,526,553,1079
2019-05-14T12:30:00+09:00,J1,679,739,1418
2019-05-14T12:30:00+09:00,J2,502,397,899
2019-05-14T12:30:00+09:00,J3,593,624,1217
2019-05-14T12:30:00+09:00,J4,828,826,1654
2019-05-14T12:30:00+09:00,J5,536,578,1114
2019-05-14T12:45:00+09:00,J1,675,760,1435
2019-05-14T12:45:00+09:00,J2,461,368,829
2019-05-14T12:45:00+09:00,J3,596,542,1138
2019-05-14T12:45:00+09:00,J4,726,802,1528
2019-05-14T12:45:00+09:00,J5,469,548,1017
2019-05-14T13:00:00+09:00,J1,682,712,1394
2019-05-14T13:00:00+09:00,J2,469,337,806
2019-05-14T13:00:00+09:00,J3,601,521,1122
2019-05-14T13:00:00+09:00,J4,784,854,1638
2019-05-14T13:00:00+09:00,J5,489,525,1014
2019-05-14T13:15:00+09:00,J1,615,726,1341
2019-05-14T13:15:00+09:00,J2,455,363,818
2019-05-14T13:15:00+09:00,J3,552,625,1177
2019-05-14T13:15:00+09:00,J4,807,828,1635
2019-05-14T13:15:00+09:00,J5,514,534,1048
2019-05-14T13:30:00+09:00,J1,635,651,1286
2019-05-14T13:30:00+09:00,J2,430,335,765
2019-05-14T13:30:00+09:00,J3,531,605,1136
2019-05-14T13:30:00+09:00,J4,722,827,1549
2019-05-14T13:30:00+09:00,J5,404,474,878
2019-05-14T13:45:00+09:00,J1,639,685,1324
2019-05-14T13:45:00+09:00,J2,398,374,772
2019-05-14T13:45:00+09:00,J3,552,593,1145
2019-05-14T13:45:00+09:00,J4,743,769,1512
2019-05-14T13:45:00+09:00,J5,453,547,1000
2019-05-14T14:00:00+09:00,J1,578,624,1202
2019-05-14T14:00:00+09:00,J2,401,348,749
2019-05-14T14:00:00+09:00,J3,541,515,1056
2019-05-14T14:00:00+09:00,J4,748,736,1484
2019-05-14T14:00:00+09:00,J5,506,566,1072
2019-05-14T14:15:00+09:00,J1,573,630,1203
2019-05-14T14:15:00+09:00,J2,384,339,723
2019-05-14T14:15:00+09:00,J3,601,593,1194
2019-05-14T14:15:00+09:00,J4,731,798,1529
2019-05-14T14:15:00+09:00,J5,513,544,1057
2019-05-14T14:30:00+09:00,J1,536,614,1150
2019-05-14T14:30:00+09:00,J2,393,393,786
2019-05-14T14:30:00+09:00,J3,575,601,1176
2019-05-14T14:30:00+09:00,J4,808,748,1556
2019-05-14T14:30:00+09:00,J5,491,536,1027
2019-05-14T14:45:00+09:00,J1,585,673,1258
2019-05-14T14:45:00+09:00,J2,402,332,734
2019-05-14T14:45:00+09:00,J3,504,573,1077
2019-05-14T14:45:00+09:00,J4,770,757,1527
2019-05-14T14:45:00+09:00,J5,491,507,998
2019-05-14T15:00:00+09:00,J1,607,754,1361
2019-05-14T15:00:00+09:00,J2,450,370,820
2019-05-14T15:00:00+09:00,J3,476,648,1124
2019-05-14T15:00:00+09:00,J4,728,732,1460
2019-05-14T15:00:00+09:00,J5,579,558,1137
2019-05-14T15:15:00+09:00,J1,622,702,1324
2019-05-14T15:15:00+09:00,J2,397,384,781
2019-05-14T15:15:00+09:00,J3,579,672,1251
2019-05-14T15:15:00+09:00,J4,794,742,1536
2019-05-14T15:15:00+09:00,J5,559,602,1161
2019-05-14T15:30:00+09:00,J1,673,692,1365
2019-05-14T15:30:00+09:00,J2,417,409,826
2019-05-14T15:30:00+09:00,J3,594,676,1270
2019-05-14T15:30:00+09:00,J4,923,771,1694
2019-05-14T15:30:00+09:00,J5,519,612,1131
2019-05-14T15:45:00+09:00,J1,603,643,1246
2019-05-14T15:45:00+09:00,J2,396,403,799
2019-05-14T15:45:00+09:00,J3,509,581,1090
2019-05-14T15:45:00+09:00,J4,905,791,1696
2019-05-14T15:45:00+09:00,J5,553,532,1085
2019-05-14T16:00:00+09:00,J1,554,686,1240
2019-05-14T16:00:00+09:00,J2,443,318,761
2019-05-14T16:00:00+09:00,J3,517,563,1080
2019-05-14T16:00:00+09:00,J4,889,799,1688
2019-05-14T16:00:00+09:00,J5,511,561,1072
2019-05-14T16:15:00+09:00,J1,606,719,1325
2019-05-14T16:15:00+09:00,J2,424,394,818
2019-05-14T16:15:00+09:00,J3,536,570,1106
2019-05-14T16:15:00+09:00,J4,905,796,1701
2019-05-14T16:15:00+09:00,J5,586,593,1179
2019-05-14T16:30:00+09:00,J1,578,703,1281
2019-05-14T16:30:00+09:00,J2,438,405,843
2019-05-14T16:30:00+09:00,J3,541,578,1119
2019-05-14T16:30:00+09:00,J4,800,838,1638
2019-05-14T16:30:00+09:00,J5,591,579,1170
2019-05-14T16:45:00+09:00,J1,604,743,1347
2019-05-14T16:45:00+09:00,J2,447,352,799
2019-05-14T16:45:00+09:00,J3,575,548,1123
2019-05-14T16:45:00+09:00,J4,810,796,1606
2019-05-14T16:45:00+09:00,J5,568,620,1188
2019-05-14T17:00:00+09:00,J1,769,888,1657
2019-05-14T17:00:00+09:00,J2,463,380,843
2019-05-14T17:00:00+09:00,J3,701,634,1335
2019-05-14T17:00:00+09:00,J4,856,778,1634
2019-05-14T17:00:00+09:00,J5,621,643,1264
2019-05-14T17:15:00+09:00,J1,785,877,1662
2019-05-14T17:15:00+09:00,J2,530,379,909
2019-05-14T17:15:00+09:00,J3,757,662,1419
2019-05-14T17:15:00+09:00,J4,901,793,1694
2019-05-14T17:15:00+09:00,J5,593,704,1297
2019-05-14T17:30:00+09:00,J1,927,945,1872
2019-05-14T17:30:00+09:00,J2,540,393,933
2019-05-14T17:30:00+09:00,J3,798,792,1590
2019-05-14T17:30:00+09:00,J4,937,870,1807
2019-05-14T17:30:00+09:00,J5,631,671,1302
2019-05-14T17:45:00+09:00,J1,940,935,1875
2019-05-14T17:45:00+09:00,J2,526,360,886
2019-05-14T17:45:00+09:00,J3,796,795,1591
2019-05-14T17:45:00+09:00,J4,964,894,1858
2019-05-14T17:45:00+09:00,J5,695,759,1454
2019-05-14T18:00:00+09:00,J1,921,989,1910
2019-05-14T18:00:00+09:00,J2,530,371,901
2019-05-14T18:00:00+09:00,J3,888,805,1693
2019-05-14T18:00:00+09:00,J4,992,905,1897
2019-05-14T18:00:00+09:00,J5,677,729,1406
2019-05-14T18:15:00+09:00,J1,809,888,1697
2019-05-14T18:15:00+09:00,J2,508,354,862
2019-05-14T18:15:00+09:00,J3,839,754,1593
2019-05-14T18:15:00+09:00,J4,1048,952,2000
2019-05-14T18:15:00+09:00,J5,648,711,1359
2019-05-14T18:30:00+09:00,J1,609,886,1495
2019-05-14T18:30:00+09:00,J2,533,374,907
2019-05-14T18:30:00+09:00,J3,764,715,1479
2019-05-14T18:30:00+09:00,J4,994,934,1928
2019-05-14T18:30:00+09:00,J5,609,716,1325
2019-05-14T18:45:00+09:00,J1,574,811,1385
2019-05-14T18:45:00+09:00,J2,491,350,841
2019-05-14T18:45:00+09:00,J3,738,686,1424
2019-05-14T18:45:00+09:00,J4,981,850,1831
2019-05-14T18:45:00+09:00,J5,664,632,1296
2019-05-14T19:00:00+09:00,J1,534,738,1272
2019-05-14T19:00:00+09:00,J2,564,325,889
2019-05-14T19:00:00+09:00,J3,688,562,1250
2019-05-14T19:00:00+09:00,J4,934,835,1769
2019-05-14T19:00:00+09:00,J5,619,666,1285
2019-05-14T19:15:00+09:00,J1,597,700,1297
2019-05-14T19:15:00+09:00,J2,510,369,879
2019-05-14T19:15:00+09:00,J3,748,627,1375
2019-05-14T19:15:00+09:00,J4,930,819,1749
2019-05-14T19:15:00+09:00,J5,555,672,1227
2019-05-14T19:30:00+09:00,J1,661,678,1339
2019-05-14T19:30:00+09:00,J2,428,330,758
2019-05-14T19:30:00+09:00,J3,650,596,1246
2019-05-14T19:30:00+09:00,J4,873,774,1647
2019-05-14T19:30:00+09:00,J5,537,653,1190
2019-05-14T19:45:00+09:00,J1,675,692,1367
2019-05-14T19:45:00+09:00,J2,464,344,808
2019-05-14T19:45:00+09:00,J3,540,554,1094
2019-05-14T19:45:00+09:00,J4,924,879,1803
2019-05-14T19:45:00+09:00,J5,521,592,1113
2019-05-14T20:00:00+09:00,J1,647,714,1361
2019-05-14T20:00:00+09:00,J2,494,456,950
2019-05-14T20:00:00+09:00,J3,555,598,1153
2019-05-14T20:00:00+09:00,J4,825,919,1744
2019-05-14T20:00:00+09:00,J5,516,540,1056
2019-05-14T20:15:00+09:00,J1,734,752,1486
2019-05-14T20:15:00+09:00,J2,546,373,919
2019-05-14T20:15:00+09:00,J3,591,568,1159
2019-05-14T20:15:00+09:00,J4,961,845,1806
2019-05-14T20:15:00+09:00,J5,475,568,1043
2019-05-14T20:30:00+09:00,J1,757,714,1471
2019-05-14T20:30:00+09:00,J2,511,407,918
2019-05-14T20:30:00+09:00,J3,556,484,1040
2019-05-14T20:30:00+09:00,J4,925,873,1798
2019-05-14T20:30:00+09:00,J5,440,515,955
2019-05-14T20:45:00+09:00,J1,691,705,1396
2019-05-14T20:45:00+09:00,J2,454,385,839
2019-05-14T20:45:00+09:00,J3,638,525,1163
2019-05-14T20:45:00+09:00,J4,915,777,1692
2019-05-14T20:45:00+09:00,J5,408,499,907
2019-05-14T21:00:00+09:00,J1,701,681,1382
2019-05-14T21:00:00+09:00,J2,510,419,929
2019-05-14T21:00:00+09:00,J3,539,457,996
2019-05-14T21:00:00+09:00,J4,904,738,1642
2019-05-14T21:00:00+09:00,J5,388,451,839
2019-05-14T21:15:00+09:00,J1,623,804,1427
2019-05-14T21:15:00+09:00,J2,476,410,886
2019-05-14T21:15:00+09:00,J3,583,487,1070
2019-05-14T21:15:00+09:00,J4,960,806,1766
2019-05-14T21:15:00+09:00,J5,387,422,809
2019-05-14T21:30:00+09:00,J1,594,681,1275
2019-05-14T21:30:00+09:00,J2,465,390,855
2019-05-14T21:30:00+09:00,J3,521,459,980
2019-05-14T21:30:00+09:00,J4,802,716,1518
2019-05-14T21:30:00+09:00,J5,359,407,766
2019-05-14T21:45:00+09:00,J1,552,591,1143
2019-05-14T21:45:00+09:00,J2,399,310,709
2019-05-14T21:45:00+09:00,J3,503,459,962
2019-05-14T21:45:00+09:00,J4,740,642,1382
2019-05-14T21:45:00+09:00,J5,345,385,730
2019-05-14T22:00:00+09:00,J1,506,568,1074
2019-05-14T22:00:00+09:00,J2,368,328,696
2019-05-14T22:00:00+09:00,J3,594,499,1093
2019-05-14T22:00:00+09:00,J4,726,650,1376
2019-05-14T22:00:00+09:00,J5,350,329,679
2019-05-14T22:15:00+09:00,J1,468,598,1066
2019-05-14T22:15:00+09:00,J2,373,256,629
2019-05-14T22:15:00+09:00,J3,597,526,1123
2019-05-14T22:15:00+09:00,J4,698,628,1326
2019-05-14T22:15:00+09:00,J5,341,303,644
2019-05-14T22:30:00+09:00,J1,411,518,929
2019-05-14T22:30:00+09:00,J2,367,294,661
2019-05-14T22:30:00+09:00,J3,576,606,1182
2019-05-14T22:30:00+09:00,J4,625,603,1228
2019-05-14T22:30:00+09:00,J5,291,297,588
2019-05-14T22:45:00+09:00,J1,431,496,927
2019-05-14T22:45:00+09:00,J2,329,270,599
2019-05-14T22:45:00+09:00,J3,608,550,1158
2019-05-14T22:45:00+09:00,J4,636,656,1292
2019-05-14T22:45:00+09:00,J5,274,271,545
2019-05-14T23:00:00+09:00,J1,416,508,924
2019-05-14T23:00:00+09:00,J2,238,292,530
2019-05-14T23:00:00+09:00,J3,615,561,1176
2019-05-14T23:00:00+09:00,J4,576,571,1147
2019-05-14T23:00:00+09:00,J5,316,270,586
2019-05-14T23:15:00+09:00,J1,391,448,839
2019-05-14T23:15:00+09:00,J2,268,295,563
2019-05-14T23:15:00+09:00,J3,635,589,1224
2019-05-14T23:15:00+09:00,J4,588,512,1100
2019-05-14T23:15:00+09:00,J5,263,262,525
2019-05-14T23:30:00+09:00,J1,395,465,860
2019-05-14T23:30:00+09:00,J2,261,272,533
2019-05-14T23:30:00+09:00,J3,616,541,1157
2019-05-14T23:30:00+09:00,J4,474,488,962
2019-05-14T23:30:00+09:00,J5,265,213,478
2019-05-14T23:45:00+09:00,J1,378,445,823
2019-05-14T23:45:00+09:00,J2,273,323,596
2019-05-14T23:45:00+09:00,J3,655,586,1241
2019-05-14T23:45:00+09:00,J4,482,453,935
2019-05-14T23:45:00+09:00,J5,277,225,502
2019-05-15T00:00:00+09:00,J1,339,337,676
2019-05-15T00:00:00+09:00,J2,324,338,662
2019-05-15T00:00:00+09:00,J3,589,533,1122
2019-05-15T00:00:00+09:00,J4,430,390,820
2019-05-15T00:00:00+09:00,J5,276,235,511
2019-05-15T00:15:00+09:00,J1,343,346,689
2019-05-15T00:15:00+09:00,J2,282,336,618
2019-05-15T00:15:00+09:00,J3,499,531,1030
2019-05-15T00:15:00+09:00,J4,399,375,774
2019-05-15T00:15:00+09:00,J5,218,179,397
2019-05-15T00:30:00+09:00,J1,421,356,777
2019-05-15T00:30:00+09:00,J2,211,267,478
2019-05-15T00:30:00+09:00,J3,538,479,1017
2019-05-15T00:30:00+09:00,J4,388,404,792
2019-05-15T00:30:00+09:00,J5,158,163,321
2019-05-15T00:45:00+09:00,J1,411,393,804
2019-05-15T00:45:00+09:00,J2,241,301,542
2019-05-15T00:45:00+09:00,J3,563,530,1093
2019-05-15T00:45:00+09:00,J4,397,419,816
2019-05-15T00:45:00+09:00,J5,146,150,296
2019-05-15T05:45:00+09:00,J1,274,284,558
2019-05-15T05:45:00+09:00,J2,353,321,674
2019-05-15T05:45:00+09:00,J3,502,457,959
2019-05-15T05:45:00+09:00,J4,533,547,1080
2019-05-15T05:45:00+09:00,J5,537,601,1138
2019-05-15T06:00:00+09:00,J1,292,314,606
2019-05-15T06:00:00+09:00,J2,362,304,666
2019-05-15T06:00:00+09:00,J3,506,452,958
2019-05-15T06:00:00+09:00,J4,490,543,1033
2019-05-15T06:00:00+09:00,J5,488,579,1067
2019-05-15T06:15:00+09:00,J1,333,336,669
2019-05-15T06:15:00+09:00,J2,301,271,572
2019-05-15T06:15:00+09:00,J3,530,478,1008
2019-05-15T06:15:00+09:00,J4,506,483,989
2019-05-15T06:15:00+09:00,J5,439,503,942
2019-05-15T06:30:00+09:00,J1,280,322,602
2019-05-15T06:30:00+09:00,J2,260,233,493
2019-05-15T06:30:00+09:00,J3,495,467,962
2019-05-15T06:30:00+09:00,J4,475,516,991
2019-05-15T06:30:00+09:00,J5,443,529,972
2019-05-15T06:45:00+09:00,J1,407,408,815
2019-05-15T06:45:00+09:00,J2,317,292,609
2019-05-15T06:45:00+09:00,J3,552,451,1003
2019-05-15T06:45:00+09:00,J4,531,560,1091
2019-05-15T06:45:00+09:00,J5,406,488,894
2019-05-15T07:00:00+09:00,J1,446,427,873
2019-05-15T07:00:00+09:00,J2,361,357,718
2019-05-15T07:00:00+09:00,J3,551,516,1067
2019-05-15T07:00:00+09:00,J4,567,641,1208
2019-05-15T07:00:00+09:00,J5,487,534,1021
2019-05-15T07:15:00+09:00,J1,565,523,1088
2019-05-15T07:15:00+09:00,J2,336,265,601
2019-05-15T07:15:00+09:00,J3,676,631,1307
2019-05-15T07:15:00+09:00,J4,621,810,1431
2019-05-15T07:15:00+09:00,J5,492,460,952
2019-05-15T07:30:00+09:00,J1,692,638,1330
2019-05-15T07:30:00+09:00,J2,336,240,576
2019-05-15T07:30:00+09:00,J3,768,811,1579
2019-05-15T07:30:00+09:00,J4,554,692,1246
2019-05-15T07:30:00+09:00,J5,526,494,1020
2019-05-15T07:45:00+09:00,J1,902,633,1535
2019-05-15T07:45:00+09:00,J2,516,382,898
2019-05-15T07:45:00+09:00,J3,828,922,1750
2019-05-15T07:45:00+09:00,J4,580,866,1446
2019-05-15T07:45:00+09:00,J5,464,452,916
2019-05-15T08:00:00+09:00,J1,1234,890,2124
2019-05-15T08:00:00+09:00,J2,465,526,991
2019-05-15T08:00:00+09:00,J3,832,1095,1927
2019-05-15T08:00:00+09:00,J4,816,1011,1827
2019-05-15T08:00:00+09:00,J5,516,545,1061
2019-05-15T08:15:00+09:00,J1,1265,949,2214
2019-05-15T08:15:00+09:00,J2,656,587,1243
2019-05-15T08:15:00+09:00,J3,791,1115,1906
2019-05-15T08:15:00+09:00,J4,981,1107,2088
2019-05-15T08:15:00+09:00,J5,590,661,1251
2019-05-15T08:30:00+09:00,J1,1231,1018,2249
2019-05-15T08:30:00+09:00,J2,624,478,1102
2019-05-15T08:30:00+09:00,J3,808,1066,1874
2019-05-15T08:30:00+09:00,J4,948,1168,2116
2019-05-15T08:30:00+09:00,J5,560,661,1221
2019-05-15T08:45:00+09:00,J1,1004,824,1828
2019-05-15T08:45:00+09:00,J2,542,443,985
2019-05-15T08:45:00+09:00,J3,645,876,1521
2019-05-15T08:45:00+09:00,J4,913,996,1909
2019-05-15T08:45:00+09:00,J5,545,665,1210
2019-05-15T09:00:00+09:00,J1,789,720,1509
2019-05-15T09:00:00+09:00,J2,475,431,906
2019-05-15T09:00:00+09:00,J3,526,692,1218
2019-05-15T09:00:00+09:00,J4,802,909,1711
2019-05-15T09:00:00+09:00,J5,461,526,987
2019-05-15T09:15:00+09:00,J1,714,524,1238
2019-05-15T09:15:00+09:00,J2,546,497,1043
2019-05-15T09:15:00+09:00,J3,540,617,1157
2019-05-15T09:15:00+09:00,J4,889,925,1814
2019-05-15T09:15:00+09:00,J5,500,526,1026
2019-05-15T09:30:00+09:00,J1,733,499,1232
2019-05-15T09:30:00+09:00,J2,527,459,986
2019-05-15T09:30:00+09:00,J3,579,610,1189
2019-05-15T09:30:00+09:00,J4,802,947,1749
2019-05-15T09:30:00+09:00,J5,476,477,953
2019-05-15T09:45:00+09:00,J1,705,608,1313
2019-05-15T09:45:00+09:00,J2,509,438,947
2019-05-15T09:45:00+09:00,J3,550,607,1157
2019-05-15T09:45:00+09:00,J4,898,874,1772
2019-05-15T09:45:00+09:00,J5,483,517,1000
2019-05-15T10:00:00+09:00,J1,669,547,1216
2019-05-15T10:00:00+09:00,J2,493,420,913
2019-05-15T10:00:00+09:00,J3,539,593,1132
2019-05-15T10:00:00+09:00,J4,753,800,1553
2019-05-15T10:00:00+09:00,J5,378,418,796
2019-05-15T10:15:00+09:00,J1,589,612,1201
2019-05-15T10:15:00+09:00,J2,491,491,982
2019-05-15T10:15:00+09:00,J3,514,624,1138
2019-05-15T10:15:00+09:00,J4,865,864,1729
2019-05-15T10:15:00+09:00,J5,451,493,944
2019-05-15T10:30:00+09:00,J1,700,653,1353
2019-05-15T10:30:00+09:00,J2,499,445,944
2019-05-15T10:30:00+09:00,J3,557,586,1143
2019-05-15T10:30:00+09:00,J4,942,911,1853
2019-05-15T10:30:00+09:00,J5,508,537,1045
2019-05-15T10:45:00+09:00,J1,695,638,1333
2019-05-15T10:45:00+09:00,J2,534,445,979
2019-05-15T10:45:00+09:00,J3,596,610,1206
2019-05-15T10:45:00+09:00,J4,942,811,1753
2019-05-15T10:45:00+09:00,J5,521,607,1128
2019-05-15T11:00:00+09:00,J1,697,617,1314
2019-05-15T11:00:00+09:00,J2,535,444,979
2019-05-15T11:00:00+09:00,J3,554,569,1123
2019-05-15T11:00:00+09:00,J4,855,788,1643
2019-05-15T11:00:00+09:00,J5,490,564,1054
2019-05-15T11:15:00+09:00,J1,816,794,1610
2019-05-15T11:15:00+09:00,J2,530,393,923
2019-05-15T11:15:00+09:00,J3,567,505,1072
2019-05-15T11:15:00+09:00,J4,845,814,1659
2019-05-15T11:15:00+09:00,J5,535,606,1141
2019-05-15T11:30:00+09:00,J1,797,806,1603
2019-05-15T11:30:00+09:00,J2,492,385,877
2019-05-15T11:30:00+09:00,J3,628,581,1209
2019-05-15T11:30:00+09:00,J4,824,785,1609
2019-05-15T11:30:00+09:00,J5,542,642,1184
2019-05-15T11:45:00+09:00,J1,691,801,1492
2019-05-15T11:45:00+09:00,J2,489,399,888
2019-05-15T11:45:00+09:00,J3,637,537,1174
2019-05-15T11:45:00+09:00,J4,799,789,1588
2019-05-15T11:45:00+09:00,J5,579,652,1231
2019-05-15T12:00:00+09:00,J1,636,797,1433
2019-05-15T12:00:00+09:00,J2,461,345,806
2019-05-15T12:00:00+09:00,J3,672,629,1301
2019-05-15T12:00:00+09:00,J4,901,840,1741
2019-05-15T12:00:00+09:00,J5,639,641,1280
2019-05-15T12:15:00+09:00,J1,538,725,1263
2019-05-15T12:15:00+09:00,J2,452,349,801
2019-05-15T12:15:00+09:00,J3,706,595,1301
2019-05-15T12:15:00+09:00,J4,807,870,1677
2019-05-15T12:15:00+09:00,J5,587,684,1271
2019-05-15T12:30:00+09:00,J1,533,713,1246
2019-05-15T12:30:00+09:00,J2,430,373,803
2019-05-15T12:30:00+09:00,J3,734,658,1392
2019-05-15T12:30:00+09:00,J4,782,835,1617
2019-05-15T12:30:00+09:00,J5,507,548,1055
2019-05-15T12:45:00+09:00,J1,576,766,1342
2019-05-15T12:45:00+09:00,J2,438,377,815
2019-05-15T12:45:00+09:00,J3,668,708,1376
2019-05-15T12:45:00+09:00,J4,750,895,1645
2019-05-15T12:45:00+09:00,J5,543,590,1133
2019-05-15T13:00:00+09:00,J1,590,769,1359
2019-05-15T13:00:00+09:00,J2,399,407,806
2019-05-15T13:00:00+09:00,J3,627,635,1262
2019-05-15T13:00:00+09:00,J4,795,834,1629
2019-05-15T13:00:00+09:00,J5,568,655,1223
2019-05-15T13:15:00+09:00,J1,602,743,1345
2019-05-15T13:15:00+09:00,J2,443,340,783
2019-05-15T13:15:00+09:00,J3,659,658,1317
2019-05-15T13:15:00+09:00,J4,791,785,1576
2019-05-15T13:15:00+09:00,J5,576,635,1211
2019-05-15T13:30:00+09:00,J1,604,775,1379
2019-05-15T13:30:00+09:00,J2,424,355,779
2019-05-15T13:30:00+09:00,J3,608,644,1252
2019-05-15T13:30:00+09:00,J4,743,804,1547
2019-05-15T13:30:00+09:00,J5,568,549,1117
2019-05-15T13:45:00+09:00,J1,641,696,1337
2019-05-15T13:45:00+09:00,J2,427,335,762
2019-05-15T13:45:00+09:00,J3,675,615,1290
2019-05-15T13:45:00+09:00,J4,826,782,1608
2019-05-15T13:45:00+09:00,J5,526,598,1124
2019-05-15T14:00:00+09:00,J1,628,733,1361
2019-05-15T14:00:00+09:00,J2,439,354,793
2019-05-15T14:00:00+09:00,J3,546,600,1146
2019-05-15T14:00:00+09:00,J4,785,751,1536
2019-05-15T14:00:00+09:00,J5,431,443,874
2019-05-15T14:15:00+09:00,J1,782,828,1610
2019-05-15T14:15:00+09:00,J2,487,373,860
2019-05-15T14:15:00+09:00,J3,643,609,1252
2019-05-15T14:15:00+09:00,J4,833,819,1652
2019-05-15T14:15:00+09:00,J5,451,501,952
2019-05-15T14:30:00+09:00,J1,797,775,1572
2019-05-15T14:30:00+09:00,J2,467,406,873
2019-05-15T14:30:00+09:00,J3,612,580,1192
2019-05-15T14:30:00+09:00,J4,831,857,1688
2019-05-15T14:30:00+09:00,J5,401,495,896
2019-05-15T14:45:00+09:00,J1,650,756,1406
2019-05-15T14:45:00+09:00,J2,528,418,946
2019-05-15T14:45:00+09:00,J3,584,670,1254
2019-05-15T14:45:00+09:00,J4,765,777,1542
2019-05-15T14:45:00+09:00,J5,389,411,800
2019-05-15T15:00:00+09:00,J1,695,707,1402
2019-05-15T15:00:00+09:00,J2,543,407,950
2019-05-15T15:00:00+09:00,J3,582,550,1132
2019-05-15T15:00:00+09:00,J4,807,781,1588
2019-05-15T15:00:00+09:00,J5,458,463,921
2019-05-15T15:15:00+09:00,J1,657,766,1423
2019-05-15T15:15:00+09:00,J2,473,387,860
2019-05-15T15:15:00+09:00,J3,598,645,1243
2019-05-15T15:15:00+09:00,J4,764,777,1541
2019-05-15T15:15:00+09:00,J5,427,502,929
2019-05-15T15:30:00+09:00,J1,637,769,1406
2019-05-15T15:30:00+09:00,J2,518,380,898
2019-05-15T15:30:00+09:00,J3,630,600,1230
2019-05-15T15:30:00+09:00,J4,820,775,1595
2019-05-15T15:30:00+09:00,J5,459,448,907
2019-05-15T15:45:00+09:00,J1,587,776,1363
2019-05-15T15:45:00+09:00,J2,531,356,887
2019-05-15T15:45:00+09:00,J3,597,619,1216
2019-05-15T15:45:00+09:00,J4,834,788,1622
2019-05-15T15:45:00+09:00,J5,454,483,937
2019-05-15T16:00:00+09:00,J1,560,712,1272
2019-05-15T16:00:00+09:00,J2,547,404,951
2019-05-15T16:00:00+09:00,J3,618,624,1242
2019-05-15T16:00:00+09:00,J4,789,801,1590
2019-05-15T16:00:00+09:00,J5,453,492,945
2019-05-15T16:15:00+09:00,J1,686,806,1492
2019-05-15T16:15:00+09:00,J2,498,378,876
2019-05-15T16:15:00+09:00,J3,678,665,1343
2019-05-15T16:15:00+09:00,J4,783,838,1621
2019-05-15T16:15:00+09:00,J5,494,567,1061
2019-05-15T16:30:00+09:00,J1,606,744,1350
2019-05-15T16:30:00+09:00,J2,494,382,876
2019-05-15T16:30:00+09:00,J3,649,652,1301
2019-05-15T16:30:00+09:00,J4,824,807,1631
2019-05-15T16:30:00+09:00,J5,500,570,1070
2019-05-15T16:45:00+09:00,J1,632,685,1317
2019-05-15T16:45:00+09:00,J2,454,363,817
2019-05-15T16:45:00+09:00,J3,621,584,1205
2019-05-15T16:45:00+09:00,J4,810,757,1567
2019-05-15T16:45:00+09:00,J5,515,566,1081
2019-05-15T17:00:00+09:00,J1,713,897,1610
2019-05-15T17:00:00+09:00,J2,506,360,866
2019-05-15T17:00:00+09:00,J3,778,695,1473
2019-05-15T17:00:00+09:00,J4,856,912,1768
2019-05-15T17:00:00+09:00,J5,588,622,1210
2019-05-15T17:15:00+09:00,J1,735,950,1685
2019-05-15T17:15:00+09:00,J2,509,386,895
2019-05-15T17:15:00+09:00,J3,835,680,1515
2019-05-15T17:15:00+09:00,J4,888,960,1848
2019-05-15T17:15:00+09:00,J5,691,709,1400
2019-05-15T17:30:00+09:00,J1,878,1058,1936
2019-05-15T17:30:00+09:00,J2,591,406,997
2019-05-15T17:30:00+09:00,J3,893,743,1636
2019-05-15T17:30:00+09:00,J4,942,864,1806
2019-05-15T17:30:00+09:00,J5,660,726,1386
2019-05-15T17:45:00+09:00,J1,964,1200,2164
2019-05-15T17:45:00+09:00,J2,570,379,949
2019-05-15T17:45:00+09:00,J3,897,798,1695
2019-05-15T17:45:00+09:00,J4,961,889,1850
2019-05-15T17:45:00+09:00,J5,691,707,1398
2019-05-15T18:00:00+09:00,J1,972,1199,2171
2019-05-15T18:00:00+09:00,J2,623,476,1099
2019-05-15T18:00:00+09:00,J3,1030,723,1753
2019-05-15T18:00:00+09:00,J4,980,971,1951
2019-05-15T18:00:00+09:00,J5,652,737,1389
2019-05-15T18:15:00+09:00,J1,902,1091,1993
2019-05-15T18:15:00+09:00,J2,567,425,992
2019-05-15T18:15:00+09:00,J3,826,697,1523
2019-05-15T18:15:00+09:00,J4,981,870,1851
2019-05-15T18:15:00+09:00,J5,657,707,1364
2019-05-15T18:30:00+09:00,J1,819,921,1740
2019-05-15T18:30:00+09:00,J2,522,371,893
2019-05-15T18:30:00+09:00,J3,792,696,1488
2019-05-15T18:30:00+09:00,J4,899,911,1810
2019-05-15T18:30:00+09:00,J5,578,635,1213
2019-05-15T18:45:00+09:00,J1,647,823,1470
2019-05-15T18:45:00+09:00,J2,523,333,856
2019-05-15T18:45:00+09:00,J3,761,678,1439
2019-05-15T18:45:00+09:00,J4,914,861,1775
2019-05-15T18:45:00+09:00,J5,595,625,1220
2019-05-15T19:00:00+09:00,J1,616,702,1318
2019-05-15T19:00:00+09:00,J2,467,312,779
2019-05-15T19:00:00+09:00,J3,744,596,1340
2019-05-15T19:00:00+09:00,J4,842,881,1723
2019-05-15T19:00:00+09:00,J5,605,685,1290
2019-05-15T19:15:00+09:00,J1,759,736,1495
2019-05-15T19:15:00+09:00,J2,531,377,908
2019-05-15T19:15:00+09:00,J3,709,589,1298
2019-05-15T19:15:00+09:00,J4,921,832,1753
2019-05-15T19:15:00+09:00,J5,653,632,1285
2019-05-15T19:30:00+09:00,J1,725,724,1449
2019-05-15T19:30:00+09:00,J2,482,320,802
2019-05-15T19:30:00+09:00,J3,653,549,1202
2019-05-15T19:30:00+09:00,J4,876,758,1634
2019-05-15T19:30:00+09:00,J5,671,673,1344
2019-05-15T19:45:00+09:00,J1,725,774,1499
2019-05-15T19:45:00+09:00,J2,420,383,803
2019-05-15T19:45:00+09:00,J3,639,585,1224
2019-05-15T19:45:00+09:00,J4,909,740,1649
2019-05-15T19:45:00+09:00,J5,663,680,1343
2019-05-15T20:00:00+09:00,J1,676,760,1436
2019-05-15T20:00:00+09:00,J2,494,411,905
2019-05-15T20:00:00+09:00,J3,600,541,1141
2019-05-15T20:00:00+09:00,J4,928,819,1747
2019-05-15T20:00:00+09:00,J5,545,657,1202
2019-05-15T20:15:00+09:00,J1,720,839,1559
2019-05-15T20:15:00+09:00,J2,448,379,827
2019-05-15T20:15:00+09:00,J3,628,660,1288
2019-05-15T20:15:00+09:00,J4,934,872,1806
2019-05-15T20:15:00+09:00,J5,571,609,1180
2019-05-15T20:30:00+09:00,J1,646,838,1484
2019-05-15T20:30:00+09:00,J2,438,444,882
2019-05-15T20:30:00+09:00,J3,602,598,1200
2019-05-15T20:30:00+09:00,J4,859,839,1698
2019-05-15T20:30:00+09:00,J5,530,596,1126
2019-05-15T20:45:00+09:00,J1,718,810,1528
2019-05-15T20:45:00+09:00,J2,474,391,865
2019-05-15T20:45:00+09:00,J3,666,636,1302
2019-05-15T20:45:00+09:00,J4,766,777,1543
2019-05-15T20:45:00+09:00,J5,465,512,977
2019-05-15T21:00:00+09:00,J1,673,805,1478
2019-05-15T21:00:00+09:00,J2,484,424,908
2019-05-15T21:00:00+09:00,J3,673,620,1293
2019-05-15T21:00:00+09:00,J4,874,849,1723
2019-05-15T21:00:00+09:00,J5,418,425,843
2019-05-15T21:15:00+09:00,J1,703,788,1491
2019-05-15T21:15:00+09:00,J2,442,385,827
2019-05-15T21:15:00+09:00,J3,599,590,1189
2019-05-15T21:15:00+09:00,J4,958,889,1847
2019-05-15T21:15:00+09:00,J5,393,454,847
2019-05-15T21:30:00+09:00,J1,660,725,1385
2019-05-15T21:30:00+09:00,J2,413,355,768
2019-05-15T21:30:00+09:00,J3,582,573,1155
2019-05-15T21:30:00+09:00,J4,823,868,1691
2019-05-15T21:30:00+09:00,J5,347,375,722
2019-05-15T21:45:00+09:00,J1,645,661,1306
2019-05-15T21:45:00+09:00,J2,445,407,852
2019-05-15T21:45:00+09:00,J3,594,526,1120
2019-05-15T21:45:00+09:00,J4,755,786,1541
2019-05-15T21:45:00+09:00,J5,361,357,718
2019-05-15T22:00:00+09:00,J1,612,701,1313
2019-05-15T22:00:00+09:00,J2,367,395,762
2019-05-15T22:00:00+09:00,J3,570,586,1156
2019-05-15T22:00:00+09:00,J4,699,750,1449
2019-05-15T22:00:00+09:00,J5,352,306,658
2019-05-15T22:15:00+09:00,J1,557,596,1153
2019-05-15T22:15:00+09:00,J2,323,331,654
2019-05-15T22:15:00+09:00,J3,605,638,1243
2019-05-15T22:15:00+09:00,J4,767,728,1495
2019-05-15T22:15:00+09:00,J5,367,301,668
2019-05-15T22:30:00+09:00,J1,535,616,1151
2019-05-15T22:30:00+09:00,J2,318,328,646
2019-05-15T22:30:00+09:00,J3,631,602,1233
2019-05-15T22:30:00+09:00,J4,732,722,1454
2019-05-15T22:30:00+09:00,J5,327,304,631
2019-05-15T22:45:00+09:00,J1,536,643,1179
2019-05-15T22:45:00+09:00,J2,284,261,545
2019-05-15T22:45:00+09:00,J3,626,613,1239
2019-05-15T22:45:00+09:00,J4,606,601,1207
2019-05-15T22:45:00+09:00,J5,291,274,565
2019-05-15T23:00:00+09:00,J1,551,693,1244
2019-05-15T23:00:00+09:00,J2,282,255,537
2019-05-15T23:00:00+09:00,J3,693,640,1333
2019-05-15T23:00:00+09:00,J4,572,540,1112
2019-05-15T23:00:00+09:00,J5,321,260,581
2019-05-15T23:15:00+09:00,J1,518,539,1057
2019-05-15T23:15:00+09:00,J2,245,238,483
2019-05-15T23:15:00+09:00,J3,702,629,1331
2019-05-15T23:15:00+09:00,J4,630,594,1224
2019-05-15T23:15:00+09:00,J5,274,223,497
2019-05-15T23:30:00+09:00,J1,505,533,1038
2019-05-15T23:30:00+09:00,J2,223,230,453
2019-05-15T23:30:00+09:00,J3,646,589,1235
2019-05-15T23:30:00+09:00,J4,528,539,1067
2019-05-15T23:30:00+09:00,J5,317,237,554
2019-05-15T23:45:00+09:00,J1,529,508,1037
2019-05-15T23:45:00+09:00,J2,214,230,444
2019-05-15T23:45:00+09:00,J3,647,556,1203
2019-05-15T23:45:00+09:00,J4,469,425,894
2019-05-15T23:45:00+09:00,J5,266,222,488
2019-05-16T00:00:00+09:00,J1,399,395,794
2019-05-16T00:00:00+09:00,J2,227,270,497
2019-05-16T00:00:00+09:00,J3,662,480,1142
2019-05-16T00:00:00+09:00,J4,476,419,895
2019-05-16T00:00:00+09:00,J5,282,218,500
2019-05-16T00:15:00+09:00,J1,330,358,688
2019-05-16T00:15:00+09:00,J2,229,296,525
2019-05-16T00:15:00+09:00,J3,520,452,972
2019-05-16T00:15:00+09:00,J4,406,466,872
2019-05-16T00:15:00+09:00,J5,226,215,441
2019-05-16T00:30:00+09:00,J1,428,437,865
2019-05-16T00:30:00+09:00,J2,226,276,502
2019-05-16T00:30:00+09:00,J3,526,473,999
2019-05-16T00:30:00+09:00,J4,370,387,757
2019-05-16T00:30:00+09:00,J5,220,218,438
2019-05-16T00:45:00+09:00,J1,490,501,991
2019-05-16T00:45:00+09:00,J2,214,286,500
2019-05-16T00:45:00+09:00,J3,517,502,1019
2019-05-16T00:45:00+09:00,J4,366,427,793
2019-05-16T00:45:00+09:00,J5,217,210,427
2019-05-16T05:45:00+09:00,J1,347,388,735
2019-05-16T05:45:00+09:00,J2,320,286,606
2019-05-16T05:45:00+09:00,J3,453,351,804
2019-05-16T05:45:00+09:00,J4,496,521,1017
2019-05-16T05:45:00+09:00,J5,417,552,969
2019-05-16T06:00:00+09:00,J1,387,406,793
2019-05-16T06:00:00+09:00,J2,316,297,613
2019-05-16T06:00:00+09:00,J3,534,380,914
2019-05-16T06:00:00+09:00,J4,465,512,977
2019-05-16T06:00:00+09:00,J5,413,540,953
2019-05-16T06:15:00+09:00,J1,377,410,787
2019-05-16T06:15:00+09:00,J2,328,293,621
2019-05-16T06:15:00+09:00,J3,546,397,943
2019-05-16T06:15:00+09:00,J4,528,547,1075
2019-05-16T06:15:00+09:00,J5,459,504,963
2019-05-16T06:30:00+09:00,J1,358,368,726
2019-05-16T06:30:00+09:00,J2,289,284,573
2019-05-16T06:30:00+09:00,J3,563,474,1037
2019-05-16T06:30:00+09:00,J4,532,463,995
2019-05-16T06:30:00+09:00,J5,446,516,962
2019-05-16T06:45:00+09:00,J1,446,414,860
2019-05-16T06:45:00+09:00,J2,274,322,596
2019-05-16T06:45:00+09:00,J3,565,461,1026
2019-05-16T06:45:00+09:00,J4,557,543,1100
2019-05-16T06:45:00+09:00,J5,440,483,923
2019-05-16T07:00:00+09:00,J1,520,467,987
2019-05-16T07:00:00+09:00,J2,324,330,654
2019-05-16T07:00:00+09:00,J3,629,524,1153
2019-05-16T07:00:00+09:00,J4,498,569,1067
2019-05-16T07:00:00+09:00,J5,480,496,976
2019-05-16T07:15:00+09:00,J1,625,576,1201
2019-05-16T07:15:00+09:00,J2,379,279,658
2019-05-16T07:15:00+09:00,J3,674,597,1271
2019-05-16T07:15:00+09:00,J4,508,638,1146
2019-05-16T07:15:00+09:00,J5,485,441,926
2019-05-16T07:30:00+09:00,J1,756,655,1411
2019-05-16T07:30:00+09:00,J2,399,288,687
2019-05-16T07:30:00+09:00,J3,726,793,1519
2019-05-16T07:30:00+09:00,J4,589,780,1369
2019-05-16T07:30:00+09:00,J5,380,316,696
2019-05-16T07:45:00+09:00,J1,896,695,1591
2019-05-16T07:45:00+09:00,J2,469,415,884
2019-05-16T07:45:00+09:00,J3,759,884,1643
2019-05-16T07:45:00+09:00,J4,657,960,1617
2019-05-16T07:45:00+09:00,J5,453,402,855
2019-05-16T08:00:00+09:00,J1,1243,876,2119
2019-05-16T08:00:00+09:00,J2,535,518,1053
2019-05-16T08:00:00+09:00,J3,813,1064,1877
2019-05-16T08:00:00+09:00,J4,881,1138,2019
2019-05-16T08:00:00+09:00,J5,516,612,1128
2019-05-16T08:15:00+09:00,J1,1203,948,2151
2019-05-16T08:15:00+09:00,J2,538,591,1129
2019-05-16T08:15:00+09:00,J3,846,1134,1980
2019-05-16T08:15:00+09:00,J4,911,1080,1991
2019-05-16T08:15:00+09:00,J5,624,697,1321
2019-05-16T08:30:00+09:00,J1,1213,943,2156
2019-05-16T08:30:00+09:00,J2,637,508,1145
2019-05-16T08:30:00+09:00,J3,819,1079,1898
2019-05-16T08:30:00+09:00,J4,844,973,1817
2019-05-16T08:30:00+09:00,J5,557,639,1196
2019-05-16T08:45:00+09:00,J1,989,779,1768
2019-05-16T08:45:00+09:00,J2,565,381,946
2019-05-16T08:45:00+09:00,J3,644,814,1458
2019-05-16T08:45:00+09:00,J4,770,965,1735
2019-05-16T08:45:00+09:00,J5,591,600,1191
2019-05-16T09:00:00+09:00,J1,888,764,1652
2019-05-16T09:00:00+09:00,J2,539,517,1056
2019-05-16T09:00:00+09:00,J3,600,649,1249
2019-05-16T09:00:00+09:00,J4,899,907,1806
2019-05-16T09:00:00+09:00,J5,459,525,984
2019-05-16T09:15:00+09:00,J1,782,557,1339
2019-05-16T09:15:00+09:00,J2,581,515,1096
2019-05-16T09:15:00+09:00,J3,582,619,1201
2019-05-16T09:15:00+09:00,J4,892,922,1814
2019-05-16T09:15:00+09:00,J5,512,527,1039
2019-05-16T09:30:00+09:00,J1,757,613,1370
2019-05-16T09:30:00+09:00,J2,536,493,1029
2019-05-16T09:30:00+09:00,J3,610,657,1267
2019-05-16T09:30:00+09:00,J4,925,954,1879
2019-05-16T09:30:00+09:00,J5,501,570,1071
2019-05-16T09:45:00+09:00,J1,608,622,1230
2019-05-16T09:45:00+09:00,J2,512,475,987
2019-05-16T09:45:00+09:00,J3,528,570,1098
2019-05-16T09:45:00+09:00,J4,848,761,1609
2019-05-16T09:45:00+09:00,J5,488,440,928
2019-05-16T10:00:00+09:00,J1,529,595,1124
2019-05-16T10:00:00+09:00,J2,496,488,984
2019-05-16T10:00:00+09:00,J3,553,540,1093
2019-05-16T10:00:00+09:00,J4,842,800,1642
2019-05-16T10:00:00+09:00,J5,559,556,1115
2019-05-16T10:15:00+09:00,J1,581,596,1177
2019-05-16T10:15:00+09:00,J2,535,442,977
2019-05-16T10:15:00+09:00,J3,625,561,1186
2019-05-16T10:15:00+09:00,J4,855,794,1649
2019-05-16T10:15:00+09:00,J5,539,587,1126
2019-05-16T10:30:00+09:00,J1,640,746,1386
2019-05-16T10:30:00+09:00,J2,528,395,923
2019-05-16T10:30:00+09:00,J3,692,625,1317
2019-05-16T10:30:00+09:00,J4,840,871,1711
2019-05-16T10:30:00+09:00,J5,546,601,1147
2019-05-16T10:45:00+09:00,J1,791,808,1599
2019-05-16T10:45:00+09:00,J2,530,439,969
2019-05-16T10:45:00+09:00,J3,742,600,1342
2019-05-16T10:45:00+09:00,J4,782,835,1617
2019-05-16T10:45:00+09:00,J5,512,575,1087
2019-05-16T11:00:00+09:00,J1,740,745,1485
2019-05-16T11:00:00+09:00,J2,421,380,801
2019-05-16T11:00:00+09:00,J3,742,609,1351
2019-05-16T11:00:00+09:00,J4,767,797,1564
2019-05-16T11:00:00+09:00,J5,515,537,1052
2019-05-16T11:15:00+09:00,J1,894,910,1804
2019-05-16T11:15:00+09:00,J2,444,359,803
2019-05-16T11:15:00+09:00,J3,800,625,1425
2019-05-16T11:15:00+09:00,J4,741,839,1580
2019-05-16T11:15:00+09:00,J5,557,598,1155
2019-05-16T11:30:00+09:00,J1,1081,946,2027
2019-05-16T11:30:00+09:00,J2,480,364,844
2019-05-16T11:30:00+09:00,J3,797,729,1526
2019-05-16T11:30:00+09:00,J4,770,828,1598
2019-05-16T11:30:00+09:00,J5,573,635,1208
2019-05-16T11:45:00+09:00,J1,1045,1001,2046
2019-05-16T11:45:00+09:00,J2,459,445,904
2019-05-16T11:45:00+09:00,J3,798,706,1504
2019-05-16T11:45:00+09:00,J4,758,799,1557
2019-05-16T11:45:00+09:00,J5,458,521,979
2019-05-16T12:00:00+09:00,J1,984,1048,2032
2019-05-16T12:00:00+09:00,J2,428,513,941
2019-05-16T12:00:00+09:00,J3,808,778,1586
2019-05-16T12:00:00+09:00,J4,734,708,1442
2019-05-16T12:00:00+09:00,J5,489,521,1010
2019-05-16T12:15:00+09:00,J1,919,868,1787
2019-05-16T12:15:00+09:00,J2,471,481,952
2019-05-16T12:15:00+09:00,J3,828,753,1581
2019-05-16T12:15:00+09:00,J4,713,754,1467
2019-05-16T12:15:00+09:00,J5,367,431,798
2019-05-16T12:30:00+09:00,J1,831,897,1728
2019-05-16T12:30:00+09:00,J2,556,504,1060
2019-05-16T12:30:00+09:00,J3,830,751,1581
2019-05-16T12:30:00+09:00,J4,746,795,1541
2019-05-16T12:30:00+09:00,J5,373,355,728
2019-05-16T12:45:00+09:00,J1,815,882,1697
2019-05-16T12:45:00+09:00,J2,501,567,1068
2019-05-16T12:45:00+09:00,J3,898,823,1721
2019-05-16T12:45:00+09:00,J4,642,750,1392
2019-05-16T12:45:00+09:00,J5,374,328,702
2019-05-16T13:00:00+09:00,J1,670,858,1528
2019-05-16T13:00:00+09:00,J2,533,632,1165
2019-05-16T13:00:00+09:00,J3,875,826,1701
2019-05-16T13:00:00+09:00,J4,589,671,1260
2019-05-16T13:00:00+09:00,J5,577,512,1089
2019-05-16T13:15:00+09:00,J1,522,602,1124
2019-05-16T13:15:00+09:00,J2,531,600,1131
2019-05-16T13:15:00+09:00,J3,906,746,1652
2019-05-16T13:15:00+09:00,J4,565,667,1232
2019-05-16T13:15:00+09:00,J5,416,374,790
2019-05-16T13:30:00+09:00,J1,606,666,1272
2019-05-16T13:30:00+09:00,J2,527,527,1054
2019-05-16T13:30:00+09:00,J3,920,807,1727
2019-05-16T13:30:00+09:00,J4,572,682,1254
2019-05-16T13:30:00+09:00,J5,384,366,750
2019-05-16T13:45:00+09:00,J1,563,585,1148
2019-05-16T13:45:00+09:00,J2,509,586,1095
2019-05-16T13:45:00+09:00,J3,900,755,1655
2019-05-16T13:45:00+09:00,J4,614,625,1239
2019-05-16T13:45:00+09:00,J5,416,383,799
2019-05-16T14:00:00+09:00,J1,528,616,1144
2019-05-16T14:00:00+09:00,J2,519,555,1074
2019-05-16T14:00:00+09:00,J3,897,814,1711
2019-05-16T14:00:00+09:00,J4,587,682,1269
2019-05-16T14:00:00+09:00,J5,404,394,798
2019-05-16T14:15:00+09:00,J1,787,904,1691
2019-05-16T14:15:00+09:00,J2,522,537,1059
2019-05-16T14:15:00+09:00,J3,878,774,1652
2019-05-16T14:15:00+09:00,J4,627,618,1245
2019-05-16T14:15:00+09:00,J5,371,393,764
2019-05-16T14:30:00+09:00,J1,771,825,1596
2019-05-16T14:30:00+09:00,J2,570,561,1131
2019-05-16T14:30:00+09:00,J3,964,837,1801
2019-05-16T14:30:00+09:00,J4,658,706,1364
2019-05-16T14:30:00+09:00,J5,450,389,839
2019-05-16T14:45:00+09:00,J1,776,879,1655
2019-05-16T14:45:00+09:00,J2,607,619,1226
2019-05-16T14:45:00+09:00,J3,971,831,1802
2019-05-16T14:45:00+09:00,J4,645,774,1419
2019-05-16T14:45:00+09:00,J5,447,470,917
2019-05-16T15:00:00+09:00,J1,831,883,1714
2019-05-16T15:00:00+09:00,J2,597,624,1221
2019-05-16T15:00:00+09:00,J3,966,823,1789
2019-05-16T15:00:00+09:00,J4,734,807,1541
2019-05-16T15:00:00+09:00,J5,562,599,1161
2019-05-16T15:15:00+09:00,J1,898,876,1774
2019-05-16T15:15:00+09:00,J2,562,545,1107
2019-05-16T15:15:00+09:00,J3,995,878,1873
2019-05-16T15:15:00+09:00,J4,715,809,1524
2019-05-16T15:15:00+09:00,J5,412,474,886
2019-05-16T15:30:00+09:00,J1,808,929,1737
2019-05-16T15:30:00+09:00,J2,504,553,1057
2019-05-16T15:30:00+09:00,J3,1011,907,1918
2019-05-16T15:30:00+09:00,J4,739,773,1512
2019-05-16T15:30:00+09:00,J5,496,500,996
2019-05-16T15:45:00+09:00,J1,860,953,1813
2019-05-16T15:45:00+09:00,J2,462,487,949
2019-05-16T15:45:00+09:00,J3,1061,789,1850
2019-05-16T15:45:00+09:00,J4,703,774,1477
2019-05-16T15:45:00+09:00,J5,433,514,947
2019-05-16T16:00:00+09:00,J1,891,984,1875
2019-05-16T16:00:00+09:00,J2,500,461,961
2019-05-16T16:00:00+09:00,J3,1086,852,1938
2019-05-16T16:00:00+09:00,J4,777,835,1612
2019-05-16T16:00:00+09:00,J5,458,497,955
2019-05-16T16:15:00+09:00,J1,851,896,1747
2019-05-16T16:15:00+09:00,J2,482,523,1005
2019-05-16T16:15:00+09:00,J3,975,848,1823
2019-05-16T16:15:00+09:00,J4,655,777,1432
2019-05-16T16:15:00+09:00,J5,551,550,1101
2019-05-16T16:30:00+09:00,J1,898,904,1802
2019-05-16T16:30:00+09:00,J2,461,506,967
2019-05-16T16:30:00+09:00,J3,943,864,1807
2019-05-16T16:30:00+09:00,J4,738,700,1438
2019-05-16T16:30:00+09:00,J5,522,598,1120
2019-05-16T16:45:00+09:00,J1,837,966,1803
2019-05-16T16:45:00+09:00,J2,495,518,1013
2019-05-16T16:45:00+09:00,J3,936,833,1769
2019-05-16T16:45:00+09:00,J4,688,704,1392
2019-05-16T16:45:00+09:00,J5,493,568,1061
2019-05-16T17:00:00+09:00,J1,876,1106,1982
2019-05-16T17:00:00+09:00,J2,493,569,1062
2019-05-16T17:00:00+09:00,J3,988,824,1812
2019-05-16T17:00:00+09:00,J4,745,787,1532
2019-05-16T17:00:00+09:00,J5,618,650,1268
2019-05-16T17:15:00+09:00,J1,884,1131,2015
2019-05-16T17:15:00+09:00,J2,541,561,1102
2019-05-16T17:15:00+09:00,J3,1000,878,1878
2019-05-16T17:15:00+09:00,J4,773,714,1487
2019-05-16T17:15:00+09:00,J5,589,645,1234
2019-05-16T17:30:00+09:00,J1,970,1129,2099
2019-05-16T17:30:00+09:00,J2,527,583,1110
2019-05-16T17:30:00+09:00,J3,1027,817,1844
2019-05-16T17:30:00+09:00,J4,780,741,1521
2019-05-16T17:30:00+09:00,J5,608,647,1255
2019-05-16T17:45:00+09:00,J1,1006,1125,2131
2019-05-16T17:45:00+09:00,J2,588,598,1186
2019-05-16T17:45:00+09:00,J3,1022,853,1875
2019-05-16T17:45:00+09:00,J4,898,708,1606
2019-05-16T17:45:00+09:00,J5,549,599,1148
2019-05-16T18:00:00+09:00,J1,1040,1195,2235
2019-05-16T18:00:00+09:00,J2,622,583,1205
2019-05-16T18:00:00+09:00,J3,1114,828,1942
2019-05-16T18:00:00+09:00,J4,859,745,1604
2019-05-16T18:00:00+09:00,J5,574,634,1208
2019-05-16T18:15:00+09:00,J1,982,1177,2159
2019-05-16T18:15:00+09:00,J2,608,598,1206
2019-05-16T18:15:00+09:00,J3,1107,913,2020
2019-05-16T18:15:00+09:00,J4,905,717,1622
2019-05-16T18:15:00+09:00,J5,547,609,1156
2019-05-16T18:30:00+09:00,J1,873,985,1858
2019-05-16T18:30:00+09:00,J2,489,527,1016
2019-05-16T18:30:00+09:00,J3,994,804,1798
2019-05-16T18:30:00+09:00,J4,898,742,1640
2019-05-16T18:30:00+09:00,J5,584,551,1135
2019-05-16T18:45:00+09:00,J1,889,1029,1918
2019-05-16T18:45:00+09:00,J2,454,462,916
2019-05-16T18:45:00+09:00,J3,832,747,1579
2019-05-16T18:45:00+09:00,J4,807,761,1568
2019-05-16T18:45:00+09:00,J5,531,494,1025
2019-05-16T19:00:00+09:00,J1,709,823,1532
2019-05-16T19:00:00+09:00,J2,442,402,844
2019-05-16T19:00:00+09:00,J3,732,737,1469
2019-05-16T19:00:00+09:00,J4,845,788,1633
2019-05-16T19:00:00+09:00,J5,587,577,1164
2019-05-16T19:15:00+09:00,J1,628,854,1482
2019-05-16T19:15:00+09:00,J2,429,457,886
2019-05-16T19:15:00+09:00,J3,690,727,1417
2019-05-16T19:15:00+09:00,J4,883,830,1713
2019-05-16T19:15:00+09:00,J5,530,596,1126
2019-05-16T19:30:00+09:00,J1,582,794,1376
2019-05-16T19:30:00+09:00,J2,418,423,841
2019-05-16T19:30:00+09:00,J3,685,633,1318
2019-05-16T19:30:00+09:00,J4,762,719,1481
2019-05-16T19:30:00+09:00,J5,533,524,1057
2019-05-16T19:45:00+09:00,J1,643,735,1378
2019-05-16T19:45:00+09:00,J2,398,379,777
2019-05-16T19:45:00+09:00,J3,665,597,1262
2019-05-16T19:45:00+09:00,J4,742,719,1461
2019-05-16T19:45:00+09:00,J5,514,549,1063
2019-05-16T20:00:00+09:00,J1,536,753,1289
2019-05-16T20:00:00+09:00,J2,354,368,722
2019-05-16T20:00:00+09:00,J3,672,562,1234
2019-05-16T20:00:00+09:00,J4,784,711,1495
2019-05-16T20:00:00+09:00,J5,561,560,1121
2019-05-16T20:15:00+09:00,J1,535,682,1217
2019-05-16T20:15:00+09:00,J2,366,319,685
2019-05-16T20:15:00+09:00,J3,651,577,1228
2019-05-16T20:15:00+09:00,J4,773,666,1439
2019-05-16T20:15:00+09:00,J5,477,605,1082
2019-05-16T20:30:00+09:00,J1,492,627,1119
2019-05-16T20:30:00+09:00,J2,345,263,608
2019-05-16T20:30:00+09:00,J3,604,523,1127
2019-05-16T20:30:00+09:00,J4,772,716,1488
2019-05-16T20:30:00+09:00,J5,577,547,1124
2019-05-16T20:45:00+09:00,J1,478,555,1033
2019-05-16T20:45:00+09:00,J2,383,345,728
2019-05-16T20:45:00+09:00,J3,610,450,1060
2019-05-16T20:45:00+09:00,J4,787,702,1489
2019-05-16T20:45:00+09:00,J5,618,598,1216
2019-05-16T21:00:00+09:00,J1,628,633,1261
2019-05-16T21:00:00+09:00,J2,431,351,782
2019-05-16T21:00:00+09:00,J3,566,515,1081
2019-05-16T21:00:00+09:00,J4,807,669,1476
2019-05-16T21:00:00+09:00,J5,538,574,1112
2019-05-16T21:15:00+09:00,J1,665,780,1445
2019-05-16T21:15:00+09:00,J2,400,310,710
2019-05-16T21:15:00+09:00,J3,594,559,1153
2019-05-16T21:15:00+09:00,J4,781,736,1517
2019-05-16T21:15:00+09:00,J5,606,618,1224
2019-05-16T21:30:00+09:00,J1,578,702,1280
2019-05-16T21:30:00+09:00,J2,360,310,670
2019-05-16T21:30:00+09:00,J3,618,605,1223
2019-05-16T21:30:00+09:00,J4,791,680,1471
2019-05-16T21:30:00+09:00,J5,524,551,1075
2019-05-16T21:45:00+09:00,J1,597,723,1320
2019-05-16T21:45:00+09:00,J2,443,410,853
2019-05-16T21:45:00+09:00,J3,630,633,1263
2019-05-16T21:45:00+09:00,J4,776,707,1483
2019-05-16T21:45:00+09:00,J5,405,428,833
2019-05-16T22:00:00+09:00,J1,577,713,1290
2019-05-16T22:00:00+09:00,J2,420,387,807
2019-05-16T22:00:00+09:00,J3,656,529,1185
2019-05-16T22:00:00+09:00,J4,785,801,1586
2019-05-16T22:00:00+09:00,J5,364,371,735
2019-05-16T22:15:00+09:00,J1,630,679,1309
2019-05-16T22:15:00+09:00,J2,444,427,871
2019-05-16T22:15:00+09:00,J3,579,505,1084
2019-05-16T22:15:00+09:00,J4,782,739,1521
2019-05-16T22:15:00+09:00,J5,328,291,619
2019-05-16T22:30:00+09:00,J1,540,652,1192
2019-05-16T22:30:00+09:00,J2,369,383,752
2019-05-16T22:30:00+09:00,J3,667,526,1193
2019-05-16T22:30:00+09:00,J4,834,726,1560
2019-05-16T22:30:00+09:00,J5,272,244,516
2019-05-16T22:45:00+09:00,J1,514,688,1202
2019-05-16T22:45:00+09:00,J2,390,378,768
2019-05-16T22:45:00+09:00,J3,621,578,1199
2019-05-16T22:45:00+09:00,J4,799,741,1540
2019-05-16T22:45:00+09:00,J5,243,255,498
2019-05-16T23:00:00+09:00,J1,493,619,1112
2019-05-16T23:00:00+09:00,J2,304,443,747
2019-05-16T23:00:00+09:00,J3,609,593,1202
2019-05-16T23:00:00+09:00,J4,860,764,1624
2019-05-16T23:00:00+09:00,J5,239,221,460
2019-05-16T23:15:00+09:00,J1,533,630,1163
2019-05-16T23:15:00+09:00,J2,336,332,668
2019-05-16T23:15:00+09:00,J3,661,581,1242
2019-05-16T23:15:00+09:00,J4,799,770,1569
2019-05-16T23:15:00+09:00,J5,227,228,455
2019-05-16T23:30:00+09:00,J1,514,579,1093
2019-05-16T23:30:00+09:00,J2,347,335,682
2019-05-16T23:30:00+09:00,J3,603,579,1182
2019-05-16T23:30:00+09:00,J4,833,725,1558
2019-05-16T23:30:00+09:00,J5,237,174,411
2019-05-16T23:45:00+09:00,J1,439,571,1010
2019-05-16T23:45:00+09:00,J2,345,373,718
2019-05-16T23:45:00+09:00,J3,646,592,1238
2019-05-16T23:45:00+09:00,J4,727,700,1427
2019-05-16T23:45:00+09:00,J5,216,194,410
2019-05-17T00:00:00+09:00,J1,449,535,984
2019-05-17T00:00:00+09:00,J2,257,239,496
2019-05-17T00:00:00+09:00,J3,647,551,1198
2019-05-17T00:00:00+09:00,J4,828,785,1613
2019-05-17T00:00:00+09:00,J5,206,206,412
2019-05-17T00:15:00+09:00,J1,417,484,901
2019-05-17T00:15:00+09:00,J2,237,248,485
2019-05-17T00:15:00+09:00,J3,527,456,983
2019-05-17T00:15:00+09:00,J4,439,496,935
2019-05-17T00:15:00+09:00,J5,206,184,390
2019-05-17T00:30:00+09:00,J1,498,438,936
2019-05-17T00:30:00+09:00,J2,292,302,594
2019-05-17T00:30:00+09:00,J3,418,402,820
2019-05-17T00:30:00+09:00,J4,397,367,764
2019-05-17T00:30:00+09:00,J5,171,165,336
2019-05-17T00:45:00+09:00,J1,526,418,944
2019-05-17T00:45:00+09:00,J2,262,335,597
2019-05-17T00:45:00+09:00,J3,361,329,690
2019-05-17T00:45:00+09:00,J4,423,388,811
2019-05-17T00:45:00+09:00,J5,129,164,293
2019-05-17T05:45:00+09:00,J1,382,398,780
2019-05-17T05:45:00+09:00,J2,257,269,526
2019-05-17T05:45:00+09:00,J3,397,305,702
2019-05-17T05:45:00+09:00,J4,415,470,885
2019-05-17T05:45:00+09:00,J5,441,563,1004
2019-05-17T06:00:00+09:00,J1,442,484,926
2019-05-17T06:00:00+09:00,J2,285,297,582
2019-05-17T06:00:00+09:00,J3,469,353,822
2019-05-17T06:00:00+09:00,J4,441,444,885
2019-05-17T06:00:00+09:00,J5,288,282,570
2019-05-17T06:15:00+09:00,J1,443,472,915
2019-05-17T06:15:00+09:00,J2,310,349,659
2019-05-17T06:15:00+09:00,J3,499,444,943
2019-05-17T06:15:00+09:00,J4,446,494,940
2019-05-17T06:15:00+09:00,J5,254,258,512
2019-05-17T06:30:00+09:00,J1,542,465,1007
2019-05-17T06:30:00+09:00,J2,280,294,574
2019-05-17T06:30:00+09:00,J3,477,458,935
2019-05-17T06:30:00+09:00,J4,401,472,873
2019-05-17T06:30:00+09:00,J5,261,252,513
2019-05-17T06:45:00+09:00,J1,514,477,991
2019-05-17T06:45:00+09:00,J2,290,333,623
2019-05-17T06:45:00+09:00,J3,595,479,1074
2019-05-17T06:45:00+09:00,J4,462,498,960
2019-05-17T06:45:00+09:00,J5,292,294,586
2019-05-17T07:00:00+09:00,J1,505,517,1022
2019-05-17T07:00:00+09:00,J2,288,251,539
2019-05-17T07:00:00+09:00,J3,607,535,1142
2019-05-17T07:00:00+09:00,J4,468,508,976
2019-05-17T07:00:00+09:00,J5,407,397,804
2019-05-17T07:15:00+09:00,J1,562,587,1149
2019-05-17T07:15:00+09:00,J2,343,233,576
2019-05-17T07:15:00+09:00,J3,664,591,1255
2019-05-17T07:15:00+09:00,J4,653,672,1325
2019-05-17T07:15:00+09:00,J5,444,392,836
2019-05-17T07:30:00+09:00,J1,775,642,1417
2019-05-17T07:30:00+09:00,J2,383,281,664
2019-05-17T07:30:00+09:00,J3,778,804,1582
2019-05-17T07:30:00+09:00,J4,824,978,1802
2019-05-17T07:30:00+09:00,J5,440,398,838
2019-05-17T07:45:00+09:00,J1,823,607,1430
2019-05-17T07:45:00+09:00,J2,493,413,906
2019-05-17T07:45:00+09:00,J3,786,974,1760
2019-05-17T07:45:00+09:00,J4,872,990,1862
2019-05-17T07:45:00+09:00,J5,509,544,1053
2019-05-17T08:00:00+09:00,J1,1087,824,1911
2019-05-17T08:00:00+09:00,J2,563,527,1090
2019-05-17T08:00:00+09:00,J3,834,1012,1846
2019-05-17T08:00:00+09:00,J4,825,934,1759
2019-05-17T08:00:00+09:00,J5,621,690,1311
2019-05-17T08:15:00+09:00,J1,1103,930,2033
2019-05-17T08:15:00+09:00,J2,566,491,1057
2019-05-17T08:15:00+09:00,J3,862,1022,1884
2019-05-17T08:15:00+09:00,J4,835,1048,1883
2019-05-17T08:15:00+09:00,J5,492,469,961
2019-05-17T08:30:00+09:00,J1,1173,971,2144
2019-05-17T08:30:00+09:00,J2,627,419,1046
2019-05-17T08:30:00+09:00,J3,830,1030,1860
2019-05-17T08:30:00+09:00,J4,803,1066,1869
2019-05-17T08:30:00+09:00,J5,499,446,945
2019-05-17T08:45:00+09:00,J1,903,849,1752
2019-05-17T08:45:00+09:00,J2,470,325,795
2019-05-17T08:45:00+09:00,J3,706,834,1540
2019-05-17T08:45:00+09:00,J4,640,880,1520
2019-05-17T08:45:00+09:00,J5,389,408,797
2019-05-17T09:00:00+09:00,J1,881,790,1671
2019-05-17T09:00:00+09:00,J2,498,359,857
2019-05-17T09:00:00+09:00,J3,664,635,1299
2019-05-17T09:00:00+09:00,J4,705,680,1385
2019-05-17T09:00:00+09:00,J5,382,399,781
2019-05-17T09:15:00+09:00,J1,723,595,1318
2019-05-17T09:15:00+09:00,J2,522,398,920
2019-05-17T09:15:00+09:00,J3,589,577,1166
2019-05-17T09:15:00+09:00,J4,776,841,1617
2019-05-17T09:15:00+09:00,J5,393,390,783
2019-05-17T09:30:00+09:00,J1,659,638,1297
2019-05-17T09:30:00+09:00,J2,495,414,909
2019-05-17T09:30:00+09:00,J3,603,596,1199
2019-05-17T09:30:00+09:00,J4,754,921,1675
2019-05-17T09:30:00+09:00,J5,419,440,859
2019-05-17T09:45:00+09:00,J1,587,647,1234
2019-05-17T09:45:00+09:00,J2,507,383,890
2019-05-17T09:45:00+09:00,J3,618,597,1215
2019-05-17T09:45:00+09:00,J4,775,834,1609
2019-05-17T09:45:00+09:00,J5,531,571,1102
2019-05-17T10:00:00+09:00,J1,544,557,1101
2019-05-17T10:00:00+09:00,J2,432,348,780
2019-05-17T10:00:00+09:00,J3,665,500,1165
2019-05-17T10:00:00+09:00,J4,737,828,1565
2019-05-17T10:00:00+09:00,J5,509,503,1012
2019-05-17T10:15:00+09:00,J1,591,626,1217
2019-05-17T10:15:00+09:00,J2,406,312,718
2019-05-17T10:15:00+09:00,J3,672,544,1216
2019-05-17T10:15:00+09:00,J4,673,748,1421
2019-05-17T10:15:00+09:00,J5,487,512,999
2019-05-17T10:30:00+09:00,J1,641,669,1310
2019-05-17T10:30:00+09:00,J2,415,328,743
2019-05-17T10:30:00+09:00,J3,638,578,1216
2019-05-17T10:30:00+09:00,J4,701,752,1453
2019-05-17T10:30:00+09:00,J5,418,400,818
2019-05-17T10:45:00+09:00,J1,742,714,1456
2019-05-17T10:45:00+09:00,J2,440,410,850
2019-05-17T10:45:00+09:00,J3,633,716,1349
2019-05-17T10:45:00+09:00,J4,720,717,1437
2019-05-17T10:45:00+09:00,J5,494,490,984
2019-05-17T11:00:00+09:00,J1,788,690,1478
2019-05-17T11:00:00+09:00,J2,417,375,792
2019-05-17T11:00:00+09:00,J3,680,706,1386
2019-05-17T11:00:00+09:00,J4,714,732,1446
2019-05-17T11:00:00+09:00,J5,501,468,969
2019-05-17T11:15:00+09:00,J1,906,766,1672
2019-05-17T11:15:00+09:00,J2,395,414,809
2019-05-17T11:15:00+09:00,J3,648,790,1438
2019-05-17T11:15:00+09:00,J4,648,707,1355
2019-05-17T11:15:00+09:00,J5,515,479,994
2019-05-17T11:30:00+09:00,J1,908,815,1723
2019-05-17T11:30:00+09:00,J2,459,508,967
2019-05-17T11:30:00+09:00,J3,768,770,1538
2019-05-17T11:30:00+09:00,J4,729,654,1383
2019-05-17T11:30:00+09:00,J5,418,378,796
2019-05-17T11:45:00+09:00,J1,875,881,1756
2019-05-17T11:45:00+09:00,J2,442,467,909
2019-05-17T11:45:00+09:00,J3,793,791,1584
2019-05-17T11:45:00+09:00,J4,726,694,1420
2019-05-17T11:45:00+09:00,J5,442,390,832
2019-05-17T12:00:00+09:00,J1,830,917,1747
2019-05-17T12:00:00+09:00,J2,541,514,1055
2019-05-17T12:00:00+09:00,J3,718,873,1591
2019-05-17T12:00:00+09:00,J4,815,807,1622
2019-05-17T12:00:00+09:00,J5,447,408,855
2019-05-17T12:15:00+09:00,J1,843,928,1771
2019-05-17T12:15:00+09:00,J2,575,517,1092
2019-05-17T12:15:00+09:00,J3,775,807,1582
2019-05-17T12:15:00+09:00,J4,885,853,1738
2019-05-17T12:15:00+09:00,J5,402,414,816
2019-05-17T12:30:00+09:00,J1,860,857,1717
2019-05-17T12:30:00+09:00,J2,542,520,1062
2019-05-17T12:30:00+09:00,J3,803,826,1629
2019-05-17T12:30:00+09:00,J4,921,913,1834
2019-05-17T12:30:00+09:00,J5,499,470,969
2019-05-17T12:45:00+09:00,J1,777,802,1579
2019-05-17T12:45:00+09:00,J2,516,471,987
2019-05-17T12:45:00+09:00,J3,843,804,1647
2019-05-17T12:45:00+09:00,J4,853,957,1810
2019-05-17T12:45:00+09:00,J5,394,469,863
2019-05-17T13:00:00+09:00,J1,767,827,1594
2019-05-17T13:00:00+09:00,J2,579,486,1065
2019-05-17T13:00:00+09:00,J3,833,811,1644
2019-05-17T13:00:00+09:00,J4,946,971,1917
2019-05-17T13:00:00+09:00,J5,403,414,817
2019-05-17T13:15:00+09:00,J1,787,892,1679
2019-05-17T13:15:00+09:00,J2,563,462,1025
2019-05-17T13:15:00+09:00,J3,912,878,1790
2019-05-17T13:15:00+09:00,J4,1001,982,1983
2019-05-17T13:15:00+09:00,J5,462,543,1005
2019-05-17T13:30:00+09:00,J1,785,859,1644
2019-05-17T13:30:00+09:00,J2,611,487,1098
2019-05-17T13:30:00+09:00,J3,857,791,1648
2019-05-17T13:30:00+09:00,J4,1023,1108,2131
2019-05-17T13:30:00+09:00,J5,445,477,922
2019-05-17T13:45:00+09:00,J1,745,834,1579
2019-05-17T13:45:00+09:00,J2,552,498,1050
2019-05-17T13:45:00+09:00,J3,757,854,1611
2019-05-17T13:45:00+09:00,J4,1001,1032,2033
2019-05-17T13:45:00+09:00,J5,441,456,897
2019-05-17T14:00:00+09:00,J1,743,845,1588
2019-05-17T14:00:00+09:00,J2,528,476,1004
2019-05-17T14:00:00+09:00,J3,837,861,1698
2019-05-17T14:00:00+09:00,J4,967,1033,2000
2019-05-17T14:00:00+09:00,J5,384,428,812
2019-05-17T14:15:00+09:00,J1,706,801,1507
2019-05-17T14:15:00+09:00,J2,523,470,993
2019-05-17T14:15:00+09:00,J3,780,878,1658
2019-05-17T14:15:00+09:00,J4,999,1023,2022
2019-05-17T14:15:00+09:00,J5,421,433,854
2019-05-17T14:30:00+09:00,J1,743,780,1523
2019-05-17T14:30:00+09:00,J2,511,503,1014
2019-05-17T14:30:00+09:00,J3,812,813,1625
2019-05-17T14:30:00+09:00,J4,1002,1045,2047
2019-05-17T14:30:00+09:00,J5,415,422,837
2019-05-17T14:45:00+09:00,J1,695,771,1466
2019-05-17T14:45:00+09:00,J2,537,466,1003
2019-05-17T14:45:00+09:00,J3,856,831,1687
2019-05-17T14:45:00+09:00,J4,1056,1051,2107
2019-05-17T14:45:00+09:00,J5,482,503,985
2019-05-17T15:00:00+09:00,J1,705,714,1419
2019-05-17T15:00:00+09:00,J2,553,483,1036
2019-05-17T15:00:00+09:00,J3,871,831,1702
2019-05-17T15:00:00+09:00,J4,984,1033,2017
2019-05-17T15:00:00+09:00,J5,489,501,990
2019-05-17T15:15:00+09:00,J1,718,792,1510
2019-05-17T15:15:00+09:00,J2,514,442,956
2019-05-17T15:15:00+09:00,J3,767,814,1581
2019-05-17T15:15:00+09:00,J4,1036,1038,2074
2019-05-17T15:15:00+09:00,J5,426,448,874
2019-05-17T15:30:00+09:00,J1,672,759,1431
2019-05-17T15:30:00+09:00,J2,493,525,1018
2019-05-17T15:30:00+09:00,J3,804,846,1650
2019-05-17T15:30:00+09:00,J4,1004,1049,2053
2019-05-17T15:30:00+09:00,J5,455,483,938
2019-05-17T15:45:00+09:00,J1,778,757,1535
2019-05-17T15:45:00+09:00,J2,563,536,1099
2019-05-17T15:45:00+09:00,J3,771,855,1626
2019-05-17T15:45:00+09:00,J4,989,991,1980
2019-05-17T15:45:00+09:00,J5,460,490,950
2019-05-17T16:00:00+09:00,J1,703,738,1441
2019-05-17T16:00:00+09:00,J2,541,451,992
2019-05-17T16:00:00+09:00,J3,804,834,1638
2019-05-17T16:00:00+09:00,J4,951,980,1931
2019-05-17T16:00:00+09:00,J5,450,471,921
2019-05-17T16:15:00+09:00,J1,540,613,1153
2019-05-17T16:15:00+09:00,J2,460,409,869
2019-05-17T16:15:00+09:00,J3,706,667,1373
2019-05-17T16:15:00+09:00,J4,718,799,1517
2019-05-17T16:15:00+09:00,J5,377,462,839
2019-05-17T16:30:00+09:00,J1,855,836,1691
2019-05-17T16:30:00+09:00,J2,685,599,1284
2019-05-17T16:30:00+09:00,J3,1042,935,1977
2019-05-17T16:30:00+09:00,J4,1188,1154,2342
2019-05-17T16:30:00+09:00,J5,515,539,1054
2019-05-17T16:45:00+09:00,J1,715,769,1484
2019-05-17T16:45:00+09:00,J2,628,539,1167
2019-05-17T16:45:00+09:00,J3,857,859,1716
2019-05-17T16:45:00+09:00,J4,1020,1032,2052
2019-05-17T16:45:00+09:00,J5,467,488,955
2019-05-17T17:00:00+09:00,J1,802,911,1713
2019-05-17T17:00:00+09:00,J2,596,533,1129
2019-05-17T17:00:00+09:00,J3,949,911,1860
2019-05-17T17:00:00+09:00,J4,1079,1015,2094
2019-05-17T17:00:00+09:00,J5,572,561,1133
2019-05-17T17:15:00+09:00,J1,798,971,1769
2019-05-17T17:15:00+09:00,J2,663,546,1209
2019-05-17T17:15:00+09:00,J3,1037,927,1964
2019-05-17T17:15:00+09:00,J4,1092,1121,2213
2019-05-17T17:15:00+09:00,J5,531,639,1170
2019-05-17T17:30:00+09:00,J1,830,1004,1834
2019-05-17T17:30:00+09:00,J2,617,568,1185
2019-05-17T17:30:00+09:00,J3,1095,983,2078
2019-05-17T17:30:00+09:00,J4,1245,1074,2319
2019-05-17T17:30:00+09:00,J5,581,662,1243
2019-05-17T17:45:00+09:00,J1,835,1098,1933
2019-05-17T17:45:00+09:00,J2,717,577,1294
2019-05-17T17:45:00+09:00,J3,1113,972,2085
2019-05-17T17:45:00+09:00,J4,1154,966,2120
2019-05-17T17:45:00+09:00,J5,574,635,1209
2019-05-17T18:00:00+09:00,J1,923,1149,2072
2019-05-17T18:00:00+09:00,J2,762,581,1343
2019-05-17T18:00:00+09:00,J3,1192,957,2149
2019-05-17T18:00:00+09:00,J4,1176,1037,2213
2019-05-17T18:00:00+09:00,J5,518,607,1125
2019-05-17T18:15:00+09:00,J1,901,992,1893
2019-05-17T18:15:00+09:00,J2,785,523,1308
2019-05-17T18:15:00+09:00,J3,1253,927,2180
2019-05-17T18:15:00+09:00,J4,1160,993,2153
2019-05-17T18:15:00+09:00,J5,506,612,1118
2019-05-17T18:30:00+09:00,J1,844,842,1686
2019-05-17T18:30:00+09:00,J2,710,489,1199
2019-05-17T18:30:00+09:00,J3,1081,861,1942
2019-05-17T18:30:00+09:00,J4,1071,960,2031
2019-05-17T18:30:00+09:00,J5,493,602,1095
2019-05-17T18:45:00+09:00,J1,786,833,1619
2019-05-17T18:45:00+09:00,J2,603,537,1140
2019-05-17T18:45:00+09:00,J3,1054,784,1838
2019-05-17T18:45:00+09:00,J4,1022,987,2009
2019-05-17T18:45:00+09:00,J5,433,520,953
2019-05-17T19:00:00+09:00,J1,666,707,1373
2019-05-17T19:00:00+09:00,J2,589,505,1094
2019-05-17T19:00:00+09:00,J3,1070,898,1968
2019-05-17T19:00:00+09:00,J4,942,924,1866
2019-05-17T19:00:00+09:00,J5,467,511,978
2019-05-17T19:15:00+09:00,J1,743,748,1491
2019-05-17T19:15:00+09:00,J2,614,516,1130
2019-05-17T19:15:00+09:00,J3,1052,860,1912
2019-05-17T19:15:00+09:00,J4,931,747,1678
2019-05-17T19:15:00+09:00,J5,541,486,1027
2019-05-17T19:30:00+09:00,J1,729,758,1487
2019-05-17T19:30:00+09:00,J2,603,492,1095
2019-05-17T19:30:00+09:00,J3,870,797,1667
2019-05-17T19:30:00+09:00,J4,738,660,1398
2019-05-17T19:30:00+09:00,J5,442,452,894
2019-05-17T19:45:00+09:00,J1,596,731,1327
2019-05-17T19:45:00+09:00,J2,494,419,913
2019-05-17T19:45:00+09:00,J3,777,744,1521
2019-05-17T19:45:00+09:00,J4,728,608,1336
2019-05-17T19:45:00+09:00,J5,470,421,891
2019-05-17T20:00:00+09:00,J1,669,719,1388
2019-05-17T20:00:00+09:00,J2,511,469,980
2019-05-17T20:00:00+09:00,J3,803,739,1542
2019-05-17T20:00:00+09:00,J4,659,595,1254
2019-05-17T20:00:00+09:00,J5,489,428,917
2019-05-17T20:15:00+09:00,J1,647,649,1296
2019-05-17T20:15:00+09:00,J2,509,456,965
2019-05-17T20:15:00+09:00,J3,778,745,1523
2019-05-17T20:15:00+09:00,J4,686,640,1326
2019-05-17T20:15:00+09:00,J5,570,497,1067
2019-05-17T20:30:00+09:00,J1,611,691,1302
2019-05-17T20:30:00+09:00,J2,476,559,1035
2019-05-17T20:30:00+09:00,J3,675,744,1419
2019-05-17T20:30:00+09:00,J4,667,578,1245
2019-05-17T20:30:00+09:00,J5,499,488,987
2019-05-17T20:45:00+09:00,J1,614,706,1320
2019-05-17T20:45:00+09:00,J2,396,455,851
2019-05-17T20:45:00+09:00,J3,682,693,1375
2019-05-17T20:45:00+09:00,J4,650,572,1222
2019-05-17T20:45:00+09:00,J5,417,375,792
2019-05-17T21:00:00+09:00,J1,637,690,1327
2019-05-17T21:00:00+09:00,J2,400,399,799
2019-05-17T21:00:00+09:00,J3,622,628,1250
2019-05-17T21:00:00+09:00,J4,600,571,1171
2019-05-17T21:00:00+09:00,J5,495,457,952
2019-05-17T21:15:00+09:00,J1,633,727,1360
2019-05-17T21:15:00+09:00,J2,360,371,731
2019-05-17T21:15:00+09:00,J3,621,568,1189
2019-05-17T21:15:00+09:00,J4,610,545,1155
2019-05-17T21:15:00+09:00,J5,476,467,943
2019-05-17T21:30:00+09:00,J1,540,611,1151
2019-05-17T21:30:00+09:00,J2,356,384,740
2019-05-17T21:30:00+09:00,J3,565,509,1074
2019-05-17T21:30:00+09:00,J4,541,525,1066
2019-05-17T21:30:00+09:00,J5,424,357,781
2019-05-17T21:45:00+09:00,J1,493,635,1128
2019-05-17T21:45:00+09:00,J2,300,365,665
2019-05-17T21:45:00+09:00,J3,519,542,1061
2019-05-17T21:45:00+09:00,J4,523,579,1102
2019-05-17T21:45:00+09:00,J5,436,396,832
2019-05-17T22:00:00+09:00,J1,495,600,1095
2019-05-17T22:00:00+09:00,J2,274,256,530
2019-05-17T22:00:00+09:00,J3,451,526,977
2019-05-17T22:00:00+09:00,J4,640,691,1331
2019-05-17T22:00:00+09:00,J5,454,432,886
2019-05-17T22:15:00+09:00,J1,449,517,966
2019-05-17T22:15:00+09:00,J2,253,284,537
2019-05-17T22:15:00+09:00,J3,480,479,959
2019-05-17T22:15:00+09:00,J4,606,721,1327
2019-05-17T22:15:00+09:00,J5,364,446,810
2019-05-17T22:30:00+09:00,J1,476,578,1054
2019-05-17T22:30:00+09:00,J2,239,275,514
2019-05-17T22:30:00+09:00,J3,469,426,895
2019-05-17T22:30:00+09:00,J4,595,630,1225
2019-05-17T22:30:00+09:00,J5,430,446,876
2019-05-17T22:45:00+09:00,J1,385,482,867
2019-05-17T22:45:00+09:00,J2,289,291,580
2019-05-17T22:45:00+09:00,J3,521,445,966
2019-05-17T22:45:00+09:00,J4,596,621,1217
2019-05-17T22:45:00+09:00,J5,449,479,928
2019-05-17T23:00:00+09:00,J1,381,416,797
2019-05-17T23:00:00+09:00,J2,331,272,603
2019-05-17T23:00:00+09:00,J3,546,471,1017
2019-05-17T23:00:00+09:00,J4,577,589,1166
2019-05-17T23:00:00+09:00,J5,443,544,987
2019-05-17T23:15:00+09:00,J1,379,495,874
2019-05-17T23:15:00+09:00,J2,294,309,603
2019-05-17T23:15:00+09:00,J3,539,577,1116
2019-05-17T23:15:00+09:00,J4,561,596,1157
2019-05-17T23:15:00+09:00,J5,421,504,925
2019-05-17T23:30:00+09:00,J1,364,448,812
2019-05-17T23:30:00+09:00,J2,286,269,555
2019-05-17T23:30:00+09:00,J3,453,486,939
2019-05-17T23:30:00+09:00,J4,539,630,1169
2019-05-17T23:30:00+09:00,J5,408,505,913
2019-05-17T23:45:00+09:00,J1,340,429,769
2019-05-17T23:45:00+09:00,J2,346,302,648
2019-05-17T23:45:00+09:00,J3,473,403,876
2019-05-17T23:45:00+09:00,J4,552,580,1132
2019-05-17T23:45:00+09:00,J5,386,437,823
2019-05-18T00:00:00+09:00,J1,273,311,584
2019-05-18T00:00:00+09:00,J2,363,336,699
2019-05-18T00:00:00+09:00,J3,479,371,850
2019-05-18T00:00:00+09:00,J4,551,520,1071
2019-05-18T00:00:00+09:00,J5,464,479,943
2019-05-18T00:15:00+09:00,J1,212,257,469
2019-05-18T00:15:00+09:00,J2,328,246,574
2019-05-18T00:15:00+09:00,J3,492,438,930
2019-05-18T00:15:00+09:00,J4,631,562,1193
2019-05-18T00:15:00+09:00,J5,287,277,564
2019-05-18T00:30:00+09:00,J1,149,272,421
2019-05-18T00:30:00+09:00,J2,337,240,577
2019-05-18T00:30:00+09:00,J3,567,541,1108
2019-05-18T00:30:00+09:00,J4,644,555,1199
2019-05-18T00:30:00+09:00,J5,256,217,473
2019-05-18T00:45:00+09:00,J1,229,237,466
2019-05-18T00:45:00+09:00,J2,295,225,520
2019-05-18T00:45:00+09:00,J3,499,413,912
2019-05-18T00:45:00+09:00,J4,675,528,1203
2019-05-18T00:45:00+09:00,J5,231,222,453
2019-05-18T05:45:00+09:00,J1,343,271,614
2019-05-18T05:45:00+09:00,J2,288,379,667
2019-05-18T05:45:00+09:00,J3,555,524,1079
2019-05-18T05:45:00+09:00,J4,814,675,1489
2019-05-18T05:45:00+09:00,J5,244,248,492
2019-05-18T06:00:00+09:00,J1,299,264,563
2019-05-18T06:00:00+09:00,J2,308,384,692
2019-05-18T06:00:00+09:00,J3,641,575,1216
2019-05-18T06:00:00+09:00,J4,788,625,1413
2019-05-18T06:00:00+09:00,J5,220,241,461
2019-05-18T06:15:00+09:00,J1,321,317,638
2019-05-18T06:15:00+09:00,J2,287,259,546
2019-05-18T06:15:00+09:00,J3,701,536,1237
2019-05-18T06:15:00+09:00,J4,785,700,1485
2019-05-18T06:15:00+09:00,J5,264,277,541
2019-05-18T06:30:00+09:00,J1,278,315,593
2019-05-18T06:30:00+09:00,J2,247,201,448
2019-05-18T06:30:00+09:00,J3,665,537,1202
2019-05-18T06:30:00+09:00,J4,764,669,1433
2019-05-18T06:30:00+09:00,J5,277,258,535
2019-05-18T06:45:00+09:00,J1,295,280,575
2019-05-18T06:45:00+09:00,J2,270,245,515
2019-05-18T06:45:00+09:00,J3,615,511,1126
2019-05-18T06:45:00+09:00,J4,737,758,1495
2019-05-18T06:45:00+09:00,J5,258,245,503
2019-05-18T07:00:00+09:00,J1,311,305,616
2019-05-18T07:00:00+09:00,J2,360,276,636
2019-05-18T07:00:00+09:00,J3,671,538,1209
2019-05-18T07:00:00+09:00,J4,804,735,1539
2019-05-18T07:00:00+09:00,J5,284,240,524
2019-05-18T07:15:00+09:00,J1,355,304,659
2019-05-18T07:15:00+09:00,J2,339,338,677
2019-05-18T07:15:00+09:00,J3,669,576,1245
2019-05-18T07:15:00+09:00,J4,817,681,1498
2019-05-18T07:15:00+09:00,J5,283,217,500
2019-05-18T07:30:00+09:00,J1,345,363,708
2019-05-18T07:30:00+09:00,J2,417,404,821
2019-05-18T07:30:00+09:00,J3,646,639,1285
2019-05-18T07:30:00+09:00,J4,860,709,1569
2019-05-18T07:30:00+09:00,J5,303,263,566
2019-05-18T07:45:00+09:00,J1,338,415,753
2019-05-18T07:45:00+09:00,J2,414,405,819
2019-05-18T07:45:00+09:00,J3,662,549,1211
2019-05-18T07:45:00+09:00,J4,747,673,1420
2019-05-18T07:45:00+09:00,J5,277,322,599
2019-05-18T08:00:00+09:00,J1,592,522,1114
2019-05-18T08:00:00+09:00,J2,416,447,863
2019-05-18T08:00:00+09:00,J3,496,486,982
2019-05-18T08:00:00+09:00,J4,699,639,1338
2019-05-18T08:00:00+09:00,J5,380,356,736
2019-05-18T08:15:00+09:00,J1,655,616,1271
2019-05-18T08:15:00+09:00,J2,486,442,928
2019-05-18T08:15:00+09:00,J3,609,566,1175
2019-05-18T08:15:00+09:00,J4,639,704,1343
2019-05-18T08:15:00+09:00,J5,489,536,1025
2019-05-18T08:30:00+09:00,J1,654,641,1295
2019-05-18T08:30:00+09:00,J2,490,452,942
2019-05-18T08:30:00+09:00,J3,667,668,1335
2019-05-18T08:30:00+09:00,J4,610,638,1248
2019-05-18T08:30:00+09:00,J5,544,593,1137
2019-05-18T08:45:00+09:00,J1,673,698,1371
2019-05-18T08:45:00+09:00,J2,448,348,796
2019-05-18T08:45:00+09:00,J3,681,572,1253
2019-05-18T08:45:00+09:00,J4,574,681,1255
2019-05-18T08:45:00+09:00,J5,507,556,1063
2019-05-18T09:00:00+09:00,J1,576,576,1152
2019-05-18T09:00:00+09:00,J2,415,356,771
2019-05-18T09:00:00+09:00,J3,610,530,1140
2019-05-18T09:00:00+09:00,J4,671,637,1308
2019-05-18T09:00:00+09:00,J5,443,500,943
2019-05-18T09:15:00+09:00,J1,626,595,1221
2019-05-18T09:15:00+09:00,J2,427,369,796
2019-05-18T09:15:00+09:00,J3,636,545,1181
2019-05-18T09:15:00+09:00,J4,588,695,1283
2019-05-18T09:15:00+09:00,J5,367,417,784
2019-05-18T09:30:00+09:00,J1,695,602,1297
2019-05-18T09:30:00+09:00,J2,363,317,680
2019-05-18T09:30:00+09:00,J3,603,499,1102
2019-05-18T09:30:00+09:00,J4,628,696,1324
2019-05-18T09:30:00+09:00,J5,295,297,592
2019-05-18T09:45:00+09:00,J1,762,597,1359
2019-05-18T09:45:00+09:00,J2,405,314,719
2019-05-18T09:45:00+09:00,J3,559,530,1089
2019-05-18T09:45:00+09:00,J4,589,641,1230
2019-05-18T09:45:00+09:00,J5,356,360,716
2019-05-18T10:00:00+09:00,J1,698,579,1277
2019-05-18T10:00:00+09:00,J2,434,387,821
2019-05-18T10:00:00+09:00,J3,620,566,1186
2019-05-18T10:00:00+09:00,J4,524,585,1109
2019-05-18T10:00:00+09:00,J5,210,203,413
2019-05-18T10:15:00+09:00,J1,734,580,1314
2019-05-18T10:15:00+09:00,J2,428,404,832
2019-05-18T10:15:00+09:00,J3,616,595,1211
2019-05-18T10:15:00+09:00,J4,620,583,1203
2019-05-18T10:15:00+09:00,J5,254,256,510
2019-05-18T10:30:00+09:00,J1,688,614,1302
2019-05-18T10:30:00+09:00,J2,431,422,853
2019-05-18T10:30:00+09:00,J3,656,736,1392
2019-05-18T10:30:00+09:00,J4,567,601,1168
2019-05-18T10:30:00+09:00,J5,259,263,522
2019-05-18T10:45:00+09:00,J1,741,682,1423
2019-05-18T10:45:00+09:00,J2,459,505,964
2019-05-18T10:45:00+09:00,J3,816,771,1587
2019-05-18T10:45:00+09:00,J4,715,644,1359
2019-05-18T10:45:00+09:00,J5,302,272,574
2019-05-18T11:00:00+09:00,J1,841,813,1654
2019-05-18T11:00:00+09:00,J2,574,473,1047
2019-05-18T11:00:00+09:00,J3,818,778,1596
2019-05-18T11:00:00+09:00,J4,818,767,1585
2019-05-18T11:00:00+09:00,J5,293,257,550
2019-05-18T11:15:00+09:00,J1,840,830,1670
2019-05-18T11:15:00+09:00,J2,615,477,1092
2019-05-18T11:15:00+09:00,J3,697,752,1449
2019-05-18T11:15:00+09:00,J4,913,950,1863
2019-05-18T11:15:00+09:00,J5,359,351,710
2019-05-18T11:30:00+09:00,J1,841,828,1669
2019-05-18T11:30:00+09:00,J2,608,467,1075
2019-05-18T11:30:00+09:00,J3,752,736,1488
2019-05-18T11:30:00+09:00,J4,899,1007,1906
2019-05-18T11:30:00+09:00,J5,364,330,694
2019-05-18T11:45:00+09:00,J1,871,853,1724
2019-05-18T11:45:00+09:00,J2,615,501,1116
2019-05-18T11:45:00+09:00,J3,813,793,1606
2019-05-18T11:45:00+09:00,J4,976,883,1859
2019-05-18T11:45:00+09:00,J5,323,327,650
2019-05-18T12:00:00+09:00,J1,846,939,1785
2019-05-18T12:00:00+09:00,J2,649,441,1090
2019-05-18T12:00:00+09:00,J3,824,782,1606
2019-05-18T12:00:00+09:00,J4,1061,1030,2091
2019-05-18T12:00:00+09:00,J5,317,348,665
2019-05-18T12:15:00+09:00,J1,738,884,1622
2019-05-18T12:15:00+09:00,J2,600,443,1043
2019-05-18T12:15:00+09:00,J3,884,849,1733
2019-05-18T12:15:00+09:00,J4,995,955,1950
2019-05-18T12:15:00+09:00,J5,380,432,812
2019-05-18T12:30:00+09:00,J1,675,832,1507
2019-05-18T12:30:00+09:00,J2,660,438,1098
2019-05-18T12:30:00+09:00,J3,937,892,1829
2019-05-18T12:30:00+09:00,J4,985,969,1954
2019-05-18T12:30:00+09:00,J5,468,512,980
2019-05-18T12:45:00+09:00,J1,608,781,1389
2019-05-18T12:45:00+09:00,J2,619,408,1027
2019-05-18T12:45:00+09:00,J3,871,919,1790
2019-05-18T12:45:00+09:00,J4,993,951,1944
2019-05-18T12:45:00+09:00,J5,514,535,1049
2019-05-18T13:00:00+09:00,J1,590,788,1378
2019-05-18T13:00:00+09:00,J2,575,430,1005
2019-05-18T13:00:00+09:00,J3,916,838,1754
2019-05-18T13:00:00+09:00,J4,975,937,1912
2019-05-18T13:00:00+09:00,J5,585,627,1212
2019-05-18T13:15:00+09:00,J1,600,785,1385
2019-05-18T13:15:00+09:00,J2,627,421,1048
2019-05-18T13:15:00+09:00,J3,833,901,1734
2019-05-18T13:15:00+09:00,J4,940,955,1895
2019-05-18T13:15:00+09:00,J5,610,604,1214
2019-05-18T13:30:00+09:00,J1,602,844,1446
2019-05-18T13:30:00+09:00,J2,594,413,1007
2019-05-18T13:30:00+09:00,J3,779,796,1575
2019-05-18T13:30:00+09:00,J4,976,974,1950
2019-05-18T13:30:00+09:00,J5,546,596,1142
2019-05-18T13:45:00+09:00,J1,619,801,1420
2019-05-18T13:45:00+09:00,J2,560,380,940
2019-05-18T13:45:00+09:00,J3,776,796,1572
2019-05-18T13:45:00+09:00,J4,933,1014,1947
2019-05-18T13:45:00+09:00,J5,537,575,1112
2019-05-18T14:00:00+09:00,J1,632,830,1462
2019-05-18T14:00:00+09:00,J2,590,403,993
2019-05-18T14:00:00+09:00,J3,797,763,1560
2019-05-18T14:00:00+09:00,J4,953,898,1851
2019-05-18T14:00:00+09:00,J5,597,679,1276
2019-05-18T14:15:00+09:00,J1,606,811,1417
2019-05-18T14:15:00+09:00,J2,511,385,896
2019-05-18T14:15:00+09:00,J3,732,770,1502
2019-05-18T14:15:00+09:00,J4,932,999,1931
2019-05-18T14:15:00+09:00,J5,514,542,1056
2019-05-18T14:30:00+09:00,J1,662,866,1528
2019-05-18T14:30:00+09:00,J2,628,447,1075
2019-05-18T14:30:00+09:00,J3,788,889,1677
2019-05-18T14:30:00+09:00,J4,1007,1035,2042
2019-05-18T14:30:00+09:00,J5,487,442,929
2019-05-18T14:45:00+09:00,J1,607,800,1407
2019-05-18T14:45:00+09:00,J2,562,423,985
2019-05-18T14:45:00+09:00,J3,700,794,1494
2019-05-18T14:45:00+09:00,J4,848,965,1813
2019-05-18T14:45:00+09:00,J5,485,493,978
2019-05-18T15:00:00+09:00,J1,646,820,1466
2019-05-18T15:00:00+09:00,J2,610,419,1029
2019-05-18T15:00:00+09:00,J3,751,801,1552
2019-05-18T15:00:00+09:00,J4,813,933,1746
2019-05-18T15:00:00+09:00,J5,566,562,1128
2019-05-18T15:15:00+09:00,J1,645,936,1581
2019-05-18T15:15:00+09:00,J2,580,499,1079
2019-05-18T15:15:00+09:00,J3,773,786,1559
2019-05-18T15:15:00+09:00,J4,918,952,1870
2019-05-18T15:15:00+09:00,J5,453,429,882
2019-05-18T15:30:00+09:00,J1,709,763,1472
2019-05-18T15:30:00+09:00,J2,596,461,1057
2019-05-18T15:30:00+09:00,J3,646,821,1467
2019-05-18T15:30:00+09:00,J4,868,1015,1883
2019-05-18T15:30:00+09:00,J5,446,459,905
2019-05-18T15:45:00+09:00,J1,726,831,1557
2019-05-18T15:45:00+09:00,J2,528,479,1007
2019-05-18T15:45:00+09:00,J3,614,750,1364
2019-05-18T15:45:00+09:00,J4,861,971,1832
2019-05-18T15:45:00+09:00,J5,493,494,987
2019-05-18T16:00:00+09:00,J1,682,852,1534
2019-05-18T16:00:00+09:00,J2,612,501,1113
2019-05-18T16:00:00+09:00,J3,671,731,1402
2019-05-18T16:00:00+09:00,J4,866,935,1801
2019-05-18T16:00:00+09:00,J5,545,521,1066
2019-05-18T16:15:00+09:00,J1,646,763,1409
2019-05-18T16:15:00+09:00,J2,590,445,1035
2019-05-18T16:15:00+09:00,J3,676,775,1451
2019-05-18T16:15:00+09:00,J4,876,857,1733
2019-05-18T16:15:00+09:00,J5,538,542,1080
2019-05-18T16:30:00+09:00,J1,616,771,1387
2019-05-18T16:30:00+09:00,J2,619,396,1015
2019-05-18T16:30:00+09:00,J3,669,691,1360
2019-05-18T16:30:00+09:00,J4,811,906,1717
2019-05-18T16:30:00+09:00,J5,506,559,1065
2019-05-18T16:45:00+09:00,J1,621,816,1437
2019-05-18T16:45:00+09:00,J2,551,385,936
2019-05-18T16:45:00+09:00,J3,715,794,1509
2019-05-18T16:45:00+09:00,J4,797,835,1632
2019-05-18T16:45:00+09:00,J5,463,486,949
2019-05-18T17:00:00+09:00,J1,658,807,1465
2019-05-18T17:00:00+09:00,J2,596,364,960
2019-05-18T17:00:00+09:00,J3,795,798,1593
2019-05-18T17:00:00+09:00,J4,847,846,1693
2019-05-18T17:00:00+09:00,J5,555,635,1190
2019-05-18T17:15:00+09:00,J1,750,838,1588
2019-05-18T17:15:00+09:00,J2,630,398,1028
2019-05-18T17:15:00+09:00,J3,795,727,1522
2019-05-18T17:15:00+09:00,J4,869,819,1688
2019-05-18T17:15:00+09:00,J5,630,712,1342
2019-05-18T17:30:00+09:00,J1,716,836,1552
2019-05-18T17:30:00+09:00,J2,601,393,994
2019-05-18T17:30:00+09:00,J3,806,697,1503
2019-05-18T17:30:00+09:00,J4,881,859,1740
2019-05-18T17:30:00+09:00,J5,616,667,1283
2019-05-18T17:45:00+09:00,J1,693,777,1470
2019-05-18T17:45:00+09:00,J2,592,415,1007
2019-05-18T17:45:00+09:00,J3,837,806,1643
2019-05-18T17:45:00+09:00,J4,911,883,1794
2019-05-18T17:45:00+09:00,J5,627,656,1283
2019-05-18T18:00:00+09:00,J1,688,816,1504
2019-05-18T18:00:00+09:00,J2,628,382,1010
2019-05-18T18:00:00+09:00,J3,859,825,1684
2019-05-18T18:00:00+09:00,J4,895,939,1834
2019-05-18T18:00:00+09:00,J5,583,608,1191
2019-05-18T18:15:00+09:00,J1,685,802,1487
2019-05-18T18:15:00+09:00,J2,618,390,1008
2019-05-18T18:15:00+09:00,J3,914,803,1717
2019-05-18T18:15:00+09:00,J4,916,935,1851
2019-05-18T18:15:00+09:00,J5,595,591,1186
2019-05-18T18:30:00+09:00,J1,592,751,1343
2019-05-18T18:30:00+09:00,J2,614,422,1036
2019-05-18T18:30:00+09:00,J3,903,744,1647
2019-05-18T18:30:00+09:00,J4,996,928,1924
2019-05-18T18:30:00+09:00,J5,509,607,1116
2019-05-18T18:45:00+09:00,J1,777,803,1580
2019-05-18T18:45:00+09:00,J2,651,456,1107
2019-05-18T18:45:00+09:00,J3,936,795,1731
2019-05-18T18:45:00+09:00,J4,923,899,1822
2019-05-18T18:45:00+09:00,J5,439,575,1014
2019-05-18T19:00:00+09:00,J1,686,687,1373
2019-05-18T19:00:00+09:00,J2,499,435,934
2019-05-18T19:00:00+09:00,J3,863,693,1556
2019-05-18T19:00:00+09:00,J4,908,823,1731
2019-05-18T19:00:00+09:00,J5,445,483,928
2019-05-18T19:15:00+09:00,J1,669,746,1415
2019-05-18T19:15:00+09:00,J2,521,396,917
2019-05-18T19:15:00+09:00,J3,846,784,1630
2019-05-18T19:15:00+09:00,J4,935,869,1804
2019-05-18T19:15:00+09:00,J5,407,449,856
2019-05-18T19:30:00+09:00,J1,663,738,1401
2019-05-18T19:30:00+09:00,J2,536,398,934
2019-05-18T19:30:00+09:00,J3,980,877,1857
2019-05-18T19:30:00+09:00,J4,894,825,1719
2019-05-18T19:30:00+09:00,J5,414,381,795
2019-05-18T19:45:00+09:00,J1,677,684,1361
2019-05-18T19:45:00+09:00,J2,504,363,867
2019-05-18T19:45:00+09:00,J3,861,765,1626
2019-05-18T19:45:00+09:00,J4,836,724,1560
2019-05-18T19:45:00+09:00,J5,356,395,751
2019-05-18T20:00:00+09:00,J1,664,732,1396
2019-05-18T20:00:00+09:00,J2,495,413,908
2019-05-18T20:00:00+09:00,J3,877,763,1640
2019-05-18T20:00:00+09:00,J4,799,713,1512
2019-05-18T20:00:00+09:00,J5,394,392,786
2019-05-18T20:15:00+09:00,J1,603,769,1372
2019-05-18T20:15:00+09:00,J2,417,348,765
2019-05-18T20:15:00+09:00,J3,848,738,1586
2019-05-18T20:15:00+09:00,J4,752,702,1454
2019-05-18T20:15:00+09:00,J5,330,369,699
2019-05-18T20:30:00+09:00,J1,573,660,1233
2019-05-18T20:30:00+09:00,J2,418,370,788
2019-05-18T20:30:00+09:00,J3,876,789,1665
2019-05-18T20:30:00+09:00,J4,665,662,1327
2019-05-18T20:30:00+09:00,J5,358,350,708
2019-05-18T20:45:00+09:00,J1,622,732,1354
2019-05-18T20:45:00+09:00,J2,454,391,845
2019-05-18T20:45:00+09:00,J3,768,778,1546
2019-05-18T20:45:00+09:00,J4,637,619,1256
2019-05-18T20:45:00+09:00,J5,351,341,692
2019-05-18T21:00:00+09:00,J1,585,644,1229
2019-05-18T21:00:00+09:00,J2,389,337,726
2019-05-18T21:00:00+09:00,J3,742,699,1441
2019-05-18T21:00:00+09:00,J4,671,629,1300
2019-05-18T21:00:00+09:00,J5,384,357,741
2019-05-18T21:15:00+09:00,J1,596,638,1234
2019-05-18T21:15:00+09:00,J2,404,337,741
2019-05-18T21:15:00+09:00,J3,664,665,1329
2019-05-18T21:15:00+09:00,J4,622,535,1157
2019-05-18T21:15:00+09:00,J5,365,315,680
2019-05-18T21:30:00+09:00,J1,521,634,1155
2019-05-18T21:30:00+09:00,J2,404,368,772
2019-05-18T21:30:00+09:00,J3,646,684,1330
2019-05-18T21:30:00+09:00,J4,564,542,1106
2019-05-18T21:30:00+09:00,J5,362,296,658
2019-05-18T21:45:00+09:00,J1,502,627,1129
2019-05-18T21:45:00+09:00,J2,262,329,591
2019-05-18T21:45:00+09:00,J3,566,611,1177
2019-05-18T21:45:00+09:00,J4,513,475,988
2019-05-18T21:45:00+09:00,J5,279,237,516
2019-05-18T22:00:00+09:00,J1,474,592,1066
2019-05-18T22:00:00+09:00,J2,278,336,614
2019-05-18T22:00:00+09:00,J3,527,527,1054
2019-05-18T22:00:00+09:00,J4,414,464,878
2019-05-18T22:00:00+09:00,J5,241,213,454
2019-05-18T22:15:00+09:00,J1,422,541,963
2019-05-18T22:15:00+09:00,J2,276,319,595
2019-05-18T22:15:00+09:00,J3,521,578,1099
2019-05-18T22:15:00+09:00,J4,403,476,879
2019-05-18T22:15:00+09:00,J5,305,292,597
2019-05-18T22:30:00+09:00,J1,449,537,986
2019-05-18T22:30:00+09:00,J2,273,366,639
2019-05-18T22:30:00+09:00,J3,574,535,1109
2019-05-18T22:30:00+09:00,J4,444,577,1021
2019-05-18T22:30:00+09:00,J5,283,338,621
2019-05-18T22:45:00+09:00,J1,492,569,1061
2019-05-18T22:45:00+09:00,J2,328,322,650
2019-05-18T22:45:00+09:00,J3,519,509,1028
2019-05-18T22:45:00+09:00,J4,518,643,1161
2019-05-18T22:45:00+09:00,J5,324,339,663
2019-05-18T23:00:00+09:00,J1,465,611,1076
2019-05-18T23:00:00+09:00,J2,281,316,597
2019-05-18T23:00:00+09:00,J3,486,540,1026
2019-05-18T23:00:00+09:00,J4,487,580,1067
2019-05-18T23:00:00+09:00,J5,318,310,628
2019-05-18T23:15:00+09:00,J1,438,603,1041
2019-05-18T23:15:00+09:00,J2,278,305,583
2019-05-18T23:15:00+09:00,J3,502,488,990
2019-05-18T23:15:00+09:00,J4,472,535,1007
2019-05-18T23:15:00+09:00,J5,383,385,768
2019-05-18T23:30:00+09:00,J1,423,479,902
2019-05-18T23:30:00+09:00,J2,292,288,580
2019-05-18T23:30:00+09:00,J3,489,508,997
2019-05-18T23:30:00+09:00,J4,533,643,1176
2019-05-18T23:30:00+09:00,J5,294,365,659
2019-05-18T23:45:00+09:00,J1,421,509,930
2019-05-18T23:45:00+09:00,J2,306,274,580
2019-05-18T23:45:00+09:00,J3,426,459,885
2019-05-18T23:45:00+09:00,J4,566,598,1164
2019-05-18T23:45:00+09:00,J5,280,307,587
2019-05-19T00:00:00+09:00,J1,352,372,724
2019-05-19T00:00:00+09:00,J2,308,247,555
2019-05-19T00:00:00+09:00,J3,416,382,798
2019-05-19T00:00:00+09:00,J4,501,559,1060
2019-05-19T00:00:00+09:00,J5,414,466,880
2019-05-19T00:15:00+09:00,J1,255,271,526
2019-05-19T00:15:00+09:00,J2,326,283,609
2019-05-19T00:15:00+09:00,J3,411,351,762
2019-05-19T00:15:00+09:00,J4,555,560,1115
2019-05-19T00:15:00+09:00,J5,297,318,615
2019-05-19T00:30:00+09:00,J1,316,265,581
2019-05-19T00:30:00+09:00,J2,352,337,689
2019-05-19T00:30:00+09:00,J3,463,420,883
2019-05-19T00:30:00+09:00,J4,693,665,1358
2019-05-19T00:30:00+09:00,J5,234,196,430
2019-05-19T00:45:00+09:00,J1,264,320,584
2019-05-19T00:45:00+09:00,J2,274,324,598
2019-05-19T00:45:00+09:00,J3,566,484,1050
2019-05-19T00:45:00+09:00,J4,432,417,849
2019-05-19T00:45:00+09:00,J5,185,170,355
2019-05-19T05:45:00+09:00,J1,259,261,520
2019-05-19T05:45:00+09:00,J2,208,197,405
2019-05-19T05:45:00+09:00,J3,611,574,1185
2019-05-19T05:45:00+09:00,J4,616,599,1215
2019-05-19T05:45:00+09:00,J5,205,150,355
2019-05-19T06:00:00+09:00,J1,249,310,559
2019-05-19T06:00:00+09:00,J2,260,243,503
2019-05-19T06:00:00+09:00,J3,686,651,1337
2019-05-19T06:00:00+09:00,J4,636,636,1272
2019-05-19T06:00:00+09:00,J5,207,174,381
2019-05-19T06:15:00+09:00,J1,304,334,638
2019-05-19T06:15:00+09:00,J2,294,295,589
2019-05-19T06:15:00+09:00,J3,672,612,1284
2019-05-19T06:15:00+09:00,J4,779,715,1494
2019-05-19T06:15:00+09:00,J5,213,235,448
2019-05-19T06:30:00+09:00,J1,275,320,595
2019-05-19T06:30:00+09:00,J2,283,260,543
2019-05-19T06:30:00+09:00,J3,613,559,1172
2019-05-19T06:30:00+09:00,J4,725,705,1430
2019-05-19T06:30:00+09:00,J5,231,202,433
2019-05-19T06:45:00+09:00,J1,263,300,563
2019-05-19T06:45:00+09:00,J2,329,284,613
2019-05-19T06:45:00+09:00,J3,626,509,1135
2019-05-19T06:45:00+09:00,J4,721,716,1437
2019-05-19T06:45:00+09:00,J5,212,175,387
2019-05-19T07:00:00+09:00,J1,278,366,644
2019-05-19T07:00:00+09:00,J2,370,316,686
2019-05-19T07:00:00+09:00,J3,612,594,1206
2019-05-19T07:00:00+09:00,J4,757,717,1474
2019-05-19T07:00:00+09:00,J5,221,192,413
2019-05-19T07:15:00+09:00,J1,357,342,699
2019-05-19T07:15:00+09:00,J2,346,349,695
2019-05-19T07:15:00+09:00,J3,673,545,1218
2019-05-19T07:15:00+09:00,J4,845,693,1538
2019-05-19T07:15:00+09:00,J5,252,208,460
2019-05-19T07:30:00+09:00,J1,294,354,648
2019-05-19T07:30:00+09:00,J2,386,368,754
2019-05-19T07:30:00+09:00,J3,642,579,1221
2019-05-19T07:30:00+09:00,J4,785,771,1556
2019-05-19T07:30:00+09:00,J5,295,232,527
2019-05-19T07:45:00+09:00,J1,346,335,681
2019-05-19T07:45:00+09:00,J2,371,409,780
2019-05-19T07:45:00+09:00,J3,556,574,1130
2019-05-19T07:45:00+09:00,J4,783,699,1482
2019-05-19T07:45:00+09:00,J5,227,254,481
2019-05-19T08:00:00+09:00,J1,581,551,1132
2019-05-19T08:00:00+09:00,J2,368,417,785
2019-05-19T08:00:00+09:00,J3,575,566,1141
2019-05-19T08:00:00+09:00,J4,761,677,1438
2019-05-19T08:00:00+09:00,J5,292,299,591
2019-05-19T08:15:00+09:00,J1,614,566,1180
2019-05-19T08:15:00+09:00,J2,406,426,832
2019-05-19T08:15:00+09:00,J3,590,642,1232
2019-05-19T08:15:00+09:00,J4,699,629,1328
2019-05-19T08:15:00+09:00,J5,362,446,808
2019-05-19T08:30:00+09:00,J1,636,576,1212
2019-05-19T08:30:00+09:00,J2,403,400,803
2019-05-19T08:30:00+09:00,J3,606,670,1276
2019-05-19T08:30:00+09:00,J4,712,632,1344
2019-05-19T08:30:00+09:00,J5,502,520,1022
2019-05-19T08:45:00+09:00,J1,601,483,1084
2019-05-19T08:45:00+09:00,J2,430,425,855
2019-05-19T08:45:00+09:00,J3,604,611,1215
2019-05-19T08:45:00+09:00,J4,666,610,1276
2019-05-19T08:45:00+09:00,J5,486,511,997
2019-05-19T09:00:00+09:00,J1,525,488,1013
2019-05-19T09:00:00+09:00,J2,410,407,817
2019-05-19T09:00:00+09:00,J3,554,557,1111
2019-05-19T09:00:00+09:00,J4,636,637,1273
2019-05-19T09:00:00+09:00,J5,500,487,987
2019-05-19T09:15:00+09:00,J1,582,561,1143
2019-05-19T09:15:00+09:00,J2,408,385,793
2019-05-19T09:15:00+09:00,J3,508,505,1013
2019-05-19T09:15:00+09:00,J4,574,608,1182
2019-05-19T09:15:00+09:00,J5,567,562,1129
2019-05-19T09:30:00+09:00,J1,565,641,1206
2019-05-19T09:30:00+09:00,J2,419,389,808
2019-05-19T09:30:00+09:00,J3,592,538,1130
2019-05-19T09:30:00+09:00,J4,650,723,1373
2019-05-19T09:30:00+09:00,J5,590,616,1206
2019-05-19T09:45:00+09:00,J1,739,621,1360
2019-05-19T09:45:00+09:00,J2,422,379,801
2019-05-19T09:45:00+09:00,J3,647,576,1223
2019-05-19T09:45:00+09:00,J4,600,632,1232
2019-05-19T09:45:00+09:00,J5,389,466,855
2019-05-19T10:00:00+09:00,J1,690,607,1297
2019-05-19T10:00:00+09:00,J2,376,345,721
2019-05-19T10:00:00+09:00,J3,615,523,1138
2019-05-19T10:00:00+09:00,J4,610,658,1268
2019-05-19T10:00:00+09:00,J5,408,422,830
2019-05-19T10:15:00+09:00,J1,713,651,1364
2019-05-19T10:15:00+09:00,J2,430,424,854
2019-05-19T10:15:00+09:00,J3,616,670,1286
2019-05-19T10:15:00+09:00,J4,541,678,1219
2019-05-19T10:15:00+09:00,J5,337,359,696
2019-05-19T10:30:00+09:00,J1,694,628,1322
2019-05-19T10:30:00+09:00,J2,403,452,855
2019-05-19T10:30:00+09:00,J3,649,708,1357
2019-05-19T10:30:00+09:00,J4,551,615,1166
2019-05-19T10:30:00+09:00,J5,327,330,657
2019-05-19T10:45:00+09:00,J1,678,601,1279
2019-05-19T10:45:00+09:00,J2,488,452,940
2019-05-19T10:45:00+09:00,J3,748,754,1502
2019-05-19T10:45:00+09:00,J4,596,687,1283
2019-05-19T10:45:00+09:00,J5,311,286,597
2019-05-19T11:00:00+09:00,J1,756,769,1525
2019-05-19T11:00:00+09:00,J2,546,467,1013
2019-05-19T11:00:00+09:00,J3,767,683,1450
2019-05-19T11:00:00+09:00,J4,651,698,1349
2019-05-19T11:00:00+09:00,J5,354,307,661
2019-05-19T11:15:00+09:00,J1,751,807,1558
2019-05-19T11:15:00+09:00,J2,550,485,1035
2019-05-19T11:15:00+09:00,J3,763,758,1521
2019-05-19T11:15:00+09:00,J4,823,807,1630
2019-05-19T11:15:00+09:00,J5,330,321,651
2019-05-19T11:30:00+09:00,J1,787,827,1614
2019-05-19T11:30:00+09:00,J2,511,407,918
2019-05-19T11:30:00+09:00,J3,766,726,1492
2019-05-19T11:30:00+09:00,J4,856,828,1684
2019-05-19T11:30:00+09:00,J5,372,327,699
2019-05-19T11:45:00+09:00,J1,716,808,1524
2019-05-19T11:45:00+09:00,J2,633,477,1110
2019-05-19T11:45:00+09:00,J3,809,805,1614
2019-05-19T11:45:00+09:00,J4,950,1007,1957
2019-05-19T11:45:00+09:00,J5,297,306,603
2019-05-19T12:00:00+09:00,J1,735,800,1535
2019-05-19T12:00:00+09:00,J2,580,450,1030
2019-05-19T12:00:00+09:00,J3,911,831,1742
2019-05-19T12:00:00+09:00,J4,941,966,1907
2019-05-19T12:00:00+09:00,J5,334,356,690
2019-05-19T12:15:00+09:00,J1,693,812,1505
2019-05-19T12:15:00+09:00,J2,523,461,984
2019-05-19T12:15:00+09:00,J3,921,822,1743
2019-05-19T12:15:00+09:00,J4,1018,1012,2030
2019-05-19T12:15:00+09:00,J5,356,423,779
2019-05-19T12:30:00+09:00,J1,627,755,1382
2019-05-19T12:30:00+09:00,J2,532,496,1028
2019-05-19T12:30:00+09:00,J3,725,720,1445
2019-05-19T12:30:00+09:00,J4,923,962,1885
2019-05-19T12:30:00+09:00,J5,366,372,738
2019-05-19T12:45:00+09:00,J1,631,736,1367
2019-05-19T12:45:00+09:00,J2,584,387,971
2019-05-19T12:45:00+09:00,J3,678,749,1427
2019-05-19T12:45:00+09:00,J4,994,929,1923
2019-05-19T12:45:00+09:00,J5,423,424,847
2019-05-19T13:00:00+09:00,J1,565,744,1309
2019-05-19T13:00:00+09:00,J2,598,395,993
2019-05-19T13:00:00+09:00,J3,721,833,1554
2019-05-19T13:00:00+09:00,J4,974,876,1850
2019-05-19T13:00:00+09:00,J5,435,472,907
2019-05-19T13:15:00+09:00,J1,571,691,1262
2019-05-19T13:15:00+09:00,J2,563,420,983
2019-05-19T13:15:00+09:00,J3,817,843,1660
2019-05-19T13:15:00+09:00,J4,904,887,1791
2019-05-19T13:15:00+09:00,J5,543,542,1085
2019-05-19T13:30:00+09:00,J1,595,797,1392
2019-05-19T13:30:00+09:00,J2,596,377,973
2019-05-19T13:30:00+09:00,J3,716,882,1598
2019-05-19T13:30:00+09:00,J4,840,863,1703
2019-05-19T13:30:00+09:00,J5,525,592,1117
2019-05-19T13:45:00+09:00,J1,541,686,1227
2019-05-19T13:45:00+09:00,J2,567,429,996
2019-05-19T13:45:00+09:00,J3,695,746,1441
2019-05-19T13:45:00+09:00,J4,896,911,1807
2019-05-19T13:45:00+09:00,J5,505,577,1082
2019-05-19T14:00:00+09:00,J1,625,781,1406
2019-05-19T14:00:00+09:00,J2,570,365,935
2019-05-19T14:00:00+09:00,J3,715,720,1435
2019-05-19T14:00:00+09:00,J4,856,814,1670
2019-05-19T14:00:00+09:00,J5,510,576,1086
2019-05-19T14:15:00+09:00,J1,573,719,1292
2019-05-19T14:15:00+09:00,J2,506,336,842
2019-05-19T14:15:00+09:00,J3,720,699,1419
2019-05-19T14:15:00+09:00,J4,923,861,1784
2019-05-19T14:15:00+09:00,J5,528,604,1132
2019-05-19T14:30:00+09:00,J1,623,747,1370
2019-05-19T14:30:00+09:00,J2,543,378,921
2019-05-19T14:30:00+09:00,J3,686,706,1392
2019-05-19T14:30:00+09:00,J4,897,913,1810
2019-05-19T14:30:00+09:00,J5,495,530,1025
2019-05-19T14:45:00+09:00,J1,537,687,1224
2019-05-19T14:45:00+09:00,J2,541,386,927
2019-05-19T14:45:00+09:00,J3,673,696,1369
2019-05-19T14:45:00+09:00,J4,875,893,1768
2019-05-19T14:45:00+09:00,J5,585,634,1219
2019-05-19T15:00:00+09:00,J1,548,743,1291
2019-05-19T15:00:00+09:00,J2,564,441,1005
2019-05-19T15:00:00+09:00,J3,719,694,1413
2019-05-19T15:00:00+09:00,J4,809,846,1655
2019-05-19T15:00:00+09:00,J5,468,553,1021
2019-05-19T15:15:00+09:00,J1,644,785,1429
2019-05-19T15:15:00+09:00,J2,495,411,906
2019-05-19T15:15:00+09:00,J3,630,715,1345
2019-05-19T15:15:00+09:00,J4,778,769,1547
2019-05-19T15:15:00+09:00,J5,506,557,1063
2019-05-19T15:30:00+09:00,J1,573,822,1395
2019-05-19T15:30:00+09:00,J2,471,391,862
2019-05-19T15:30:00+09:00,J3,648,717,1365
2019-05-19T15:30:00+09:00,J4,815,862,1677
2019-05-19T15:30:00+09:00,J5,520,575,1095
2019-05-19T15:45:00+09:00,J1,589,683,1272
2019-05-19T15:45:00+09:00,J2,460,332,792
2019-05-19T15:45:00+09:00,J3,649,704,1353
2019-05-19T15:45:00+09:00,J4,862,904,1766
2019-05-19T15:45:00+09:00,J5,414,405,819
2019-05-19T16:00:00+09:00,J1,564,668,1232
2019-05-19T16:00:00+09:00,J2,490,394,884
2019-05-19T16:00:00+09:00,J3,618,681,1299
2019-05-19T16:00:00+09:00,J4,813,925,1738
2019-05-19T16:00:00+09:00,J5,464,473,937
2019-05-19T16:15:00+09:00,J1,583,696,1279
2019-05-19T16:15:00+09:00,J2,541,409,950
2019-05-19T16:15:00+09:00,J3,691,664,1355
2019-05-19T16:15:00+09:00,J4,825,885,1710
2019-05-19T16:15:00+09:00,J5,480,468,948
2019-05-19T16:30:00+09:00,J1,595,665,1260
2019-05-19T16:30:00+09:00,J2,523,373,896
2019-05-19T16:30:00+09:00,J3,756,697,1453
2019-05-19T16:30:00+09:00,J4,741,848,1589
2019-05-19T16:30:00+09:00,J5,420,435,855
2019-05-19T16:45:00+09:00,J1,552,727,1279
2019-05-19T16:45:00+09:00,J2,488,375,863
2019-05-19T16:45:00+09:00,J3,659,704,1363
2019-05-19T16:45:00+09:00,J4,851,795,1646
2019-05-19T16:45:00+09:00,J5,451,499,950
2019-05-19T17:00:00+09:00,J1,638,744,1382
2019-05-19T17:00:00+09:00,J2,497,406,903
2019-05-19T17:00:00+09:00,J3,703,774,1477
2019-05-19T17:00:00+09:00,J4,818,872,1690
2019-05-19T17:00:00+09:00,J5,549,590,1139
2019-05-19T17:15:00+09:00,J1,610,752,1362
2019-05-19T17:15:00+09:00,J2,494,332,826
2019-05-19T17:15:00+09:00,J3,782,746,1528
2019-05-19T17:15:00+09:00,J4,825,809,1634
2019-05-19T17:15:00+09:00,J5,524,503,1027
2019-05-19T17:30:00+09:00,J1,635,737,1372
2019-05-19T17:30:00+09:00,J2,542,379,921
2019-05-19T17:30:00+09:00,J3,751,653,1404
2019-05-19T17:30:00+09:00,J4,780,903,1683
2019-05-19T17:30:00+09:00,J5,470,525,995
2019-05-19T17:45:00+09:00,J1,627,659,1286
2019-05-19T17:45:00+09:00,J2,484,384,868
2019-05-19T17:45:00+09:00,J3,708,720,1428
2019-05-19T17:45:00+09:00,J4,768,794,1562
2019-05-19T17:45:00+09:00,J5,545,612,1157
2019-05-19T18:00:00+09:00,J1,619,707,1326
2019-05-19T18:00:00+09:00,J2,555,432,987
2019-05-19T18:00:00+09:00,J3,774,808,1582
2019-05-19T18:00:00+09:00,J4,834,863,1697
2019-05-19T18:00:00+09:00,J5,585,649,1234
2019-05-19T18:15:00+09:00,J1,630,686,1316
2019-05-19T18:15:00+09:00,J2,583,426,1009
2019-05-19T18:15:00+09:00,J3,766,782,1548
2019-05-19T18:15:00+09:00,J4,875,826,1701
2019-05-19T18:15:00+09:00,J5,583,634,1217
2019-05-19T18:30:00+09:00,J1,482,583,1065
2019-05-19T18:30:00+09:00,J2,529,430,959
2019-05-19T18:30:00+09:00,J3,757,784,1541
2019-05-19T18:30:00+09:00,J4,868,779,1647
2019-05-19T18:30:00+09:00,J5,478,497,975
2019-05-19T18:45:00+09:00,J1,435,540,975
2019-05-19T18:45:00+09:00,J2,514,448,962
2019-05-19T18:45:00+09:00,J3,746,787,1533
2019-05-19T18:45:00+09:00,J4,938,944,1882
2019-05-19T18:45:00+09:00,J5,486,512,998
2019-05-19T19:00:00+09:00,J1,406,576,982
2019-05-19T19:00:00+09:00,J2,484,423,907
2019-05-19T19:00:00+09:00,J3,790,822,1612
2019-05-19T19:00:00+09:00,J4,955,845,1800
2019-05-19T19:00:00+09:00,J5,462,508,970
2019-05-19T19:15:00+09:00,J1,413,551,964
2019-05-19T19:15:00+09:00,J2,519,372,891
2019-05-19T19:15:00+09:00,J3,831,778,1609
2019-05-19T19:15:00+09:00,J4,1008,899,1907
2019-05-19T19:15:00+09:00,J5,548,525,1073
2019-05-19T19:30:00+09:00,J1,435,535,970
2019-05-19T19:30:00+09:00,J2,508,387,895
2019-05-19T19:30:00+09:00,J3,812,708,1520
2019-05-19T19:30:00+09:00,J4,978,876,1854
2019-05-19T19:30:00+09:00,J5,444,464,908
2019-05-19T19:45:00+09:00,J1,439,480,919
2019-05-19T19:45:00+09:00,J2,448,414,862
2019-05-19T19:45:00+09:00,J3,793,747,1540
2019-05-19T19:45:00+09:00,J4,908,812,1720
2019-05-19T19:45:00+09:00,J5,417,437,854
2019-05-19T20:00:00+09:00,J1,465,544,1009
2019-05-19T20:00:00+09:00,J2,415,403,818
2019-05-19T20:00:00+09:00,J3,855,741,1596
2019-05-19T20:00:00+09:00,J4,841,854,1695
2019-05-19T20:00:00+09:00,J5,368,390,758
2019-05-19T20:15:00+09:00,J1,566,571,1137
2019-05-19T20:15:00+09:00,J2,400,339,739
2019-05-19T20:15:00+09:00,J3,896,766,1662
2019-05-19T20:15:00+09:00,J4,774,795,1569
2019-05-19T20:15:00+09:00,J5,365,381,746
2019-05-19T20:30:00+09:00,J1,566,617,1183
2019-05-19T20:30:00+09:00,J2,393,366,759
2019-05-19T20:30:00+09:00,J3,782,702,1484
2019-05-19T20:30:00+09:00,J4,712,632,1344
2019-05-19T20:30:00+09:00,J5,347,361,708
2019-05-19T20:45:00+09:00,J1,515,558,1073
2019-05-19T20:45:00+09:00,J2,377,396,773
2019-05-19T20:45:00+09:00,J3,731,717,1448
2019-05-19T20:45:00+09:00,J4,654,627,1281
2019-05-19T20:45:00+09:00,J5,333,343,676
2019-05-19T21:00:00+09:00,J1,580,630,1210
2019-05-19T21:00:00+09:00,J2,434,325,759
2019-05-19T21:00:00+09:00,J3,676,590,1266
2019-05-19T21:00:00+09:00,J4,622,623,1245
2019-05-19T21:00:00+09:00,J5,384,352,736
2019-05-19T21:15:00+09:00,J1,486,601,1087
2019-05-19T21:15:00+09:00,J2,381,385,766
2019-05-19T21:15:00+09:00,J3,632,633,1265
2019-05-19T21:15:00+09:00,J4,622,622,1244
2019-05-19T21:15:00+09:00,J5,442,364,806
2019-05-19T21:30:00+09:00,J1,485,558,1043
2019-05-19T21:30:00+09:00,J2,323,350,673
2019-05-19T21:30:00+09:00,J3,536,600,1136
2019-05-19T21:30:00+09:00,J4,566,522,1088
2019-05-19T21:30:00+09:00,J5,370,310,680
2019-05-19T21:45:00+09:00,J1,481,542,1023
2019-05-19T21:45:00+09:00,J2,279,313,592
2019-05-19T21:45:00+09:00,J3,414,477,891
2019-05-19T21:45:00+09:00,J4,472,488,960
2019-05-19T21:45:00+09:00,J5,294,261,555
2019-05-19T22:00:00+09:00,J1,420,453,873
2019-05-19T22:00:00+09:00,J2,268,356,624
2019-05-19T22:00:00+09:00,J3,480,441,921
2019-05-19T22:00:00+09:00,J4,487,507,994
2019-05-19T22:00:00+09:00,J5,269,249,518
2019-05-19T22:15:00+09:00,J1,393,482,875
2019-05-19T22:15:00+09:00,J2,277,325,602
2019-05-19T22:15:00+09:00,J3,468,460,928
2019-05-19T22:15:00+09:00,J4,437,482,919
2019-05-19T22:15:00+09:00,J5,286,297,583
2019-05-19T22:30:00+09:00,J1,421,432,853
2019-05-19T22:30:00+09:00,J2,289,291,580
2019-05-19T22:30:00+09:00,J3,473,498,971
2019-05-19T22:30:00+09:00,J4,380,466,846
2019-05-19T22:30:00+09:00,J5,333,348,681
2019-05-19T22:45:00+09:00,J1,400,423,823
2019-05-19T22:45:00+09:00,J2,260,303,563
2019-05-19T22:45:00+09:00,J3,438,460,898
2019-05-19T22:45:00+09:00,J4,426,472,898
2019-05-19T22:45:00+09:00,J5,356,409,765
2019-05-19T23:00:00+09:00,J1,341,377,718
2019-05-19T23:00:00+09:00,J2,275,302,577
2019-05-19T23:00:00+09:00,J3,411,434,845
2019-05-19T23:00:00+09:00,J4,447,455,902
2019-05-19T23:00:00+09:00,J5,380,389,769
2019-05-19T23:15:00+09:00,J1,400,397,797
2019-05-19T23:15:00+09:00,J2,251,267,518
2019-05-19T23:15:00+09:00,J3,432,450,882
2019-05-19T23:15:00+09:00,J4,435,480,915
2019-05-19T23:15:00+09:00,J5,344,462,806
2019-05-19T23:30:00+09:00,J1,394,409,803
2019-05-19T23:30:00+09:00,J2,267,239,506
2019-05-19T23:30:00+09:00,J3,416,404,820
2019-05-19T23:30:00+09:00,J4,433,497,930
2019-05-19T23:30:00+09:00,J5,332,370,702
2019-05-19T23:45:00+09:00,J1,428,365,793
2019-05-19T23:45:00+09:00,J2,237,238,475
2019-05-19T23:45:00+09:00,J3,424,398,822
2019-05-19T23:45:00+09:00,J4,381,435,816
2019-05-19T23:45:00+09:00,J5,267,275,542
2019-05-20T00:00:00+09:00,J1,325,355,680
2019-05-20T00:00:00+09:00,J2,296,283,579
2019-05-20T00:00:00+09:00,J3,385,369,754
2019-05-20T00:00:00+09:00,J4,395,401,796
2019-05-20T00:00:00+09:00,J5,298,339,637
2019-05-20T00:15:00+09:00,J1,321,381,702
2019-05-20T00:15:00+09:00,J2,341,390,731
2019-05-20T00:15:00+09:00,J3,405,370,775
2019-05-20T00:15:00+09:00,J4,419,473,892
2019-05-20T00:15:00+09:00,J5,415,411,826
2019-05-20T00:30:00+09:00,J1,315,363,678
2019-05-20T00:30:00+09:00,J2,283,337,620
2019-05-20T00:30:00+09:00,J3,569,529,1098
2019-05-20T00:30:00+09:00,J4,642,629,1271
2019-05-20T00:30:00+09:00,J5,231,239,470
2019-05-20T00:45:00+09:00,J1,299,374,673
2019-05-20T00:45:00+09:00,J2,370,379,749
2019-05-20T00:45:00+09:00,J3,605,550,1155
2019-05-20T00:45:00+09:00,J4,425,457,882
2019-05-20T00:45:00+09:00,J5,193,178,371
2019-05-20T05:45:00+09:00,J1,277,275,552
2019-05-20T05:45:00+09:00,J2,331,233,564
2019-05-20T05:45:00+09:00,J3,548,488,1036
2019-05-20T05:45:00+09:00,J4,818,663,1481
2019-05-20T05:45:00+09:00,J5,203,194,397
2019-05-20T06:00:00+09:00,J1,259,330,589
2019-05-20T06:00:00+09:00,J2,348,297,645
2019-05-20T06:00:00+09:00,J3,581,508,1089
2019-05-20T06:00:00+09:00,J4,826,763,1589
2019-05-20T06:00:00+09:00,J5,209,176,385
2019-05-20T06:15:00+09:00,J1,325,347,672
2019-05-20T06:15:00+09:00,J2,355,320,675
2019-05-20T06:15:00+09:00,J3,714,593,1307
2019-05-20T06:15:00+09:00,J4,867,801,1668
2019-05-20T06:15:00+09:00,J5,217,198,415
2019-05-20T06:30:00+09:00,J1,324,347,671
2019-05-20T06:30:00+09:00,J2,345,344,689
2019-05-20T06:30:00+09:00,J3,629,588,1217
2019-05-20T06:30:00+09:00,J4,819,724,1543
2019-05-20T06:30:00+09:00,J5,270,263,533
2019-05-20T06:45:00+09:00,J1,356,340,696
2019-05-20T06:45:00+09:00,J2,426,385,811
2019-05-20T06:45:00+09:00,J3,655,587,1242
2019-05-20T06:45:00+09:00,J4,824,782,1606
2019-05-20T06:45:00+09:00,J5,316,305,621
2019-05-20T07:00:00+09:00,J1,455,391,846
2019-05-20T07:00:00+09:00,J2,402,380,782
2019-05-20T07:00:00+09:00,J3,669,605,1274
2019-05-20T07:00:00+09:00,J4,801,705,1506
2019-05-20T07:00:00+09:00,J5,309,283,592
2019-05-20T07:15:00+09:00,J1,553,423,976
2019-05-20T07:15:00+09:00,J2,401,416,817
2019-05-20T07:15:00+09:00,J3,741,690,1431
2019-05-20T07:15:00+09:00,J4,856,769,1625
2019-05-20T07:15:00+09:00,J5,333,348,681
2019-05-20T07:30:00+09:00,J1,615,486,1101
2019-05-20T07:30:00+09:00,J2,424,395,819
2019-05-20T07:30:00+09:00,J3,687,692,1379
2019-05-20T07:30:00+09:00,J4,739,765,1504
2019-05-20T07:30:00+09:00,J5,525,545,1070
2019-05-20T07:45:00+09:00,J1,714,639,1353
2019-05-20T07:45:00+09:00,J2,486,408,894
2019-05-20T07:45:00+09:00,J3,766,759,1525
2019-05-20T07:45:00+09:00,J4,664,821,1485
2019-05-20T07:45:00+09:00,J5,602,640,1242
2019-05-20T08:00:00+09:00,J1,1142,922,2064
2019-05-20T08:00:00+09:00,J2,539,455,994
2019-05-20T08:00:00+09:00,J3,894,852,1746
2019-05-20T08:00:00+09:00,J4,683,997,1680
2019-05-20T08:00:00+09:00,J5,552,554,1106
2019-05-20T08:15:00+09:00,J1,1301,836,2137
2019-05-20T08:15:00+09:00,J2,588,454,1042
2019-05-20T08:15:00+09:00,J3,751,1093,1844
2019-05-20T08:15:00+09:00,J4,730,1171,1901
2019-05-20T08:15:00+09:00,J5,514,508,1022
2019-05-20T08:30:00+09:00,J1,1342,805,2147
2019-05-20T08:30:00+09:00,J2,596,444,1040
2019-05-20T08:30:00+09:00,J3,823,1201,2024
2019-05-20T08:30:00+09:00,J4,710,1014,1724
2019-05-20T08:30:00+09:00,J5,459,532,991
2019-05-20T08:45:00+09:00,J1,1010,748,1758
2019-05-20T08:45:00+09:00,J2,531,375,906
2019-05-20T08:45:00+09:00,J3,732,904,1636
2019-05-20T08:45:00+09:00,J4,612,877,1489
2019-05-20T08:45:00+09:00,J5,374,436,810
2019-05-20T09:00:00+09:00,J1,971,744,1715
2019-05-20T09:00:00+09:00,J2,451,390,841
2019-05-20T09:00:00+09:00,J3,608,629,1237
2019-05-20T09:00:00+09:00,J4,603,751,1354
2019-05-20T09:00:00+09:00,J5,396,337,733
2019-05-20T09:15:00+09:00,J1,826,613,1439
2019-05-20T09:15:00+09:00,J2,436,378,814
2019-05-20T09:15:00+09:00,J3,562,618,1180
2019-05-20T09:15:00+09:00,J4,547,782,1329
2019-05-20T09:15:00+09:00,J5,301,259,560
2019-05-20T09:30:00+09:00,J1,755,664,1419
2019-05-20T09:30:00+09:00,J2,442,370,812
2019-05-20T09:30:00+09:00,J3,639,667,1306
2019-05-20T09:30:00+09:00,J4,535,707,1242
2019-05-20T09:30:00+09:00,J5,412,359,771
2019-05-20T09:45:00+09:00,J1,739,619,1358
2019-05-20T09:45:00+09:00,J2,417,386,803
2019-05-20T09:45:00+09:00,J3,650,618,1268
2019-05-20T09:45:00+09:00,J4,563,588,1151
2019-05-20T09:45:00+09:00,J5,322,257,579
2019-05-20T10:00:00+09:00,J1,714,658,1372
2019-05-20T10:00:00+09:00,J2,425,379,804
2019-05-20T10:00:00+09:00,J3,583,604,1187
2019-05-20T10:00:00+09:00,J4,605,674,1279
2019-05-20T10:00:00+09:00,J5,350,288,638
2019-05-20T10:15:00+09:00,J1,724,592,1316
2019-05-20T10:15:00+09:00,J2,394,382,776
2019-05-20T10:15:00+09:00,J3,724,670,1394
2019-05-20T10:15:00+09:00,J4,790,791,1581
2019-05-20T10:15:00+09:00,J5,375,352,727
2019-05-20T10:30:00+09:00,J1,674,644,1318
2019-05-20T10:30:00+09:00,J2,447,403,850
2019-05-20T10:30:00+09:00,J3,765,796,1561
2019-05-20T10:30:00+09:00,J4,926,849,1775
2019-05-20T10:30:00+09:00,J5,389,389,778
2019-05-20T10:45:00+09:00,J1,713,674,1387
2019-05-20T10:45:00+09:00,J2,432,492,924
2019-05-20T10:45:00+09:00,J3,879,820,1699
2019-05-20T10:45:00+09:00,J4,985,808,1793
2019-05-20T10:45:00+09:00,J5,449,395,844
2019-05-20T11:00:00+09:00,J1,679,658,1337
2019-05-20T11:00:00+09:00,J2,462,471,933
2019-05-20T11:00:00+09:00,J3,911,877,1788
2019-05-20T11:00:00+09:00,J4,966,850,1816
2019-05-20T11:00:00+09:00,J5,398,385,783
2019-05-20T11:15:00+09:00,J1,762,810,1572
2019-05-20T11:15:00+09:00,J2,446,494,940
2019-05-20T11:15:00+09:00,J3,869,862,1731
2019-05-20T11:15:00+09:00,J4,875,815,1690
2019-05-20T11:15:00+09:00,J5,400,426,826
2019-05-20T11:30:00+09:00,J1,827,834,1661
2019-05-20T11:30:00+09:00,J2,567,500,1067
2019-05-20T11:30:00+09:00,J3,997,930,1927
2019-05-20T11:30:00+09:00,J4,676,687,1363
2019-05-20T11:30:00+09:00,J5,452,447,899
2019-05-20T11:45:00+09:00,J1,750,815,1565
2019-05-20T11:45:00+09:00,J2,526,496,1022
2019-05-20T11:45:00+09:00,J3,844,835,1679
2019-05-20T11:45:00+09:00,J4,627,598,1225
2019-05-20T11:45:00+09:00,J5,408,422,830
2019-05-20T12:00:00+09:00,J1,805,817,1622
2019-05-20T12:00:00+09:00,J2,607,504,1111
2019-05-20T12:00:00+09:00,J3,873,856,1729
2019-05-20T12:00:00+09:00,J4,583,619,1202
2019-05-20T12:00:00+09:00,J5,484,527,1011
2019-05-20T12:15:00+09:00,J1,727,860,1587
2019-05-20T12:15:00+09:00,J2,510,370,880
2019-05-20T12:15:00+09:00,J3,926,867,1793
2019-05-20T12:15:00+09:00,J4,783,744,1527
2019-05-20T12:15:00+09:00,J5,447,499,946
2019-05-20T12:30:00+09:00,J1,726,897,1623
2019-05-20T12:30:00+09:00,J2,528,444,972
2019-05-20T12:30:00+09:00,J3,866,928,1794
2019-05-20T12:30:00+09:00,J4,878,950,1828
2019-05-20T12:30:00+09:00,J5,484,517,1001
2019-05-20T12:45:00+09:00,J1,657,791,1448
2019-05-20T12:45:00+09:00,J2,484,452,936
2019-05-20T12:45:00+09:00,J3,810,884,1694
2019-05-20T12:45:00+09:00,J4,911,926,1837
2019-05-20T12:45:00+09:00,J5,534,538,1072
2019-05-20T13:00:00+09:00,J1,688,863,1551
2019-05-20T13:00:00+09:00,J2,559,462,1021
2019-05-20T13:00:00+09:00,J3,900,908,1808
2019-05-20T13:00:00+09:00,J4,946,1001,1947
2019-05-20T13:00:00+09:00,J5,522,545,1067
2019-05-20T13:15:00+09:00,J1,696,823,1519
2019-05-20T13:15:00+09:00,J2,591,477,1068
2019-05-20T13:15:00+09:00,J3,794,837,1631
2019-05-20T13:15:00+09:00,J4,966,1027,1993
2019-05-20T13:15:00+09:00,J5,466,544,1010
2019-05-20T13:30:00+09:00,J1,620,812,1432
2019-05-20T13:30:00+09:00,J2,517,476,993
2019-05-20T13:30:00+09:00,J3,861,803,1664
2019-05-20T13:30:00+09:00,J4,950,982,1932
2019-05-20T13:30:00+09:00,J5,440,505,945
2019-05-20T13:45:00+09:00,J1,592,756,1348
2019-05-20T13:45:00+09:00,J2,506,450,956
2019-05-20T13:45:00+09:00,J3,847,864,1711
2019-05-20T13:45:00+09:00,J4,853,941,1794
2019-05-20T13:45:00+09:00,J5,449,462,911
2019-05-20T14:00:00+09:00,J1,623,780,1403
2019-05-20T14:00:00+09:00,J2,467,455,922
2019-05-20T14:00:00+09:00,J3,1001,938,1939
2019-05-20T14:00:00+09:00,J4,890,929,1819
2019-05-20T14:00:00+09:00,J5,440,489,929
2019-05-20T14:15:00+09:00,J1,644,809,1453
2019-05-20T14:15:00+09:00,J2,521,448,969
2019-05-20T14:15:00+09:00,J3,940,788,1728
2019-05-20T14:15:00+09:00,J4,990,1004,1994
2019-05-20T14:15:00+09:00,J5,453,496,949
2019-05-20T14:30:00+09:00,J1,676,774,1450
2019-05-20T14:30:00+09:00,J2,581,442,1023
2019-05-20T14:30:00+09:00,J3,1049,960,2009
2019-05-20T14:30:00+09:00,J4,943,907,1850
2019-05-20T14:30:00+09:00,J5,399,447,846
2019-05-20T14:45:00+09:00,J1,601,737,1338
2019-05-20T14:45:00+09:00,J2,539,437,976
2019-05-20T14:45:00+09:00,J3,824,806,1630
2019-05-20T14:45:00+09:00,J4,911,987,1898
2019-05-20T14:45:00+09:00,J5,442,476,918
2019-05-20T15:00:00+09:00,J1,613,750,1363
2019-05-20T15:00:00+09:00,J2,562,429,991
2019-05-20T15:00:00+09:00,J3,848,718,1566
2019-05-20T15:00:00+09:00,J4,900,988,1888
2019-05-20T15:00:00+09:00,J5,501,529,1030
2019-05-20T15:15:00+09:00,J1,650,798,1448
2019-05-20T15:15:00+09:00,J2,500,444,944
2019-05-20T15:15:00+09:00,J3,858,812,1670
2019-05-20T15:15:00+09:00,J4,974,1039,2013
2019-05-20T15:15:00+09:00,J5,444,472,916
2019-05-20T15:30:00+09:00,J1,651,842,1493
2019-05-20T15:30:00+09:00,J2,592,429,1021
2019-05-20T15:30:00+09:00,J3,886,814,1700
2019-05-20T15:30:00+09:00,J4,919,972,1891
2019-05-20T15:30:00+09:00,J5,513,561,1074
2019-05-20T15:45:00+09:00,J1,593,763,1356
2019-05-20T15:45:00+09:00,J2,587,477,1064
2019-05-20T15:45:00+09:00,J3,821,835,1656
2019-05-20T15:45:00+09:00,J4,945,969,1914
2019-05-20T15:45:00+09:00,J5,540,492,1032
2019-05-20T16:00:00+09:00,J1,632,741,1373
2019-05-20T16:00:00+09:00,J2,527,505,1032
2019-05-20T16:00:00+09:00,J3,775,778,1553
2019-05-20T16:00:00+09:00,J4,948,1092,2040
2019-05-20T16:00:00+09:00,J5,448,483,931
2019-05-20T16:15:00+09:00,J1,716,815,1531
2019-05-20T16:15:00+09:00,J2,606,462,1068
2019-05-20T16:15:00+09:00,J3,796,798,1594
2019-05-20T16:15:00+09:00,J4,1022,1000,2022
2019-05-20T16:15:00+09:00,J5,388,432,820
2019-05-20T16:30:00+09:00,J1,700,769,1469
2019-05-20T16:30:00+09:00,J2,631,444,1075
2019-05-20T16:30:00+09:00,J3,800,700,1500
2019-05-20T16:30:00+09:00,J4,885,960,1845
2019-05-20T16:30:00+09:00,J5,423,481,904
2019-05-20T16:45:00+09:00,J1,751,791,1542
2019-05-20T16:45:00+09:00,J2,574,456,1030
2019-05-20T16:45:00+09:00,J3,789,812,1601
2019-05-20T16:45:00+09:00,J4,1015,959,1974
2019-05-20T16:45:00+09:00,J5,447,431,878
2019-05-20T17:00:00+09:00,J1,819,940,1759
2019-05-20T17:00:00+09:00,J2,583,506,1089
2019-05-20T17:00:00+09:00,J3,833,849,1682
2019-05-20T17:00:00+09:00,J4,1028,1046,2074
2019-05-20T17:00:00+09:00,J5,437,449,886
2019-05-20T17:15:00+09:00,J1,866,1003,1869
2019-05-20T17:15:00+09:00,J2,566,566,1132
2019-05-20T17:15:00+09:00,J3,815,823,1638
2019-05-20T17:15:00+09:00,J4,1136,962,2098
2019-05-20T17:15:00+09:00,J5,509,553,1062
2019-05-20T17:30:00+09:00,J1,894,958,1852
2019-05-20T17:30:00+09:00,J2,637,518,1155
2019-05-20T17:30:00+09:00,J3,979,924,1903
2019-05-20T17:30:00+09:00,J4,1119,947,2066
2019-05-20T17:30:00+09:00,J5,566,545,1111
2019-05-20T17:45:00+09:00,J1,867,949,1816
2019-05-20T17:45:00+09:00,J2,664,572,1236
2019-05-20T17:45:00+09:00,J3,1020,865,1885
2019-05-20T17:45:00+09:00,J4,1096,912,2008
2019-05-20T17:45:00+09:00,J5,518,545,1063
2019-05-20T18:00:00+09:00,J1,803,1075,1878
2019-05-20T18:00:00+09:00,J2,659,544,1203
2019-05-20T18:00:00+09:00,J3,1164,894,2058
2019-05-20T18:00:00+09:00,J4,1154,959,2113
2019-05-20T18:00:00+09:00,J5,529,580,1109
2019-05-20T18:15:00+09:00,J1,749,1029,1778
2019-05-20T18:15:00+09:00,J2,715,553,1268
2019-05-20T18:15:00+09:00,J3,1278,1040,2318
2019-05-20T18:15:00+09:00,J4,1207,1039,2246
2019-05-20T18:15:00+09:00,J5,531,578,1109
2019-05-20T18:30:00+09:00,J1,667,890,1557
2019-05-20T18:30:00+09:00,J2,637,606,1243
2019-05-20T18:30:00+09:00,J3,1115,927,2042
2019-05-20T18:30:00+09:00,J4,1122,877,1999
2019-05-20T18:30:00+09:00,J5,476,596,1072
2019-05-20T18:45:00+09:00,J1,737,803,1540
2019-05-20T18:45:00+09:00,J2,627,523,1150
2019-05-20T18:45:00+09:00,J3,1114,819,1933
2019-05-20T18:45:00+09:00,J4,1074,1004,2078
2019-05-20T18:45:00+09:00,J5,492,521,1013
2019-05-20T19:00:00+09:00,J1,708,727,1435
2019-05-20T19:00:00+09:00,J2,594,481,1075
2019-05-20T19:00:00+09:00,J3,971,854,1825
2019-05-20T19:00:00+09:00,J4,1068,965,2033
2019-05-20T19:00:00+09:00,J5,490,503,993
2019-05-20T19:15:00+09:00,J1,654,739,1393
2019-05-20T19:15:00+09:00,J2,564,484,1048
2019-05-20T19:15:00+09:00,J3,942,784,1726
2019-05-20T19:15:00+09:00,J4,1031,933,1964
2019-05-20T19:15:00+09:00,J5,524,527,1051
2019-05-20T19:30:00+09:00,J1,634,661,1295
2019-05-20T19:30:00+09:00,J2,475,439,914
2019-05-20T19:30:00+09:00,J3,884,782,1666
2019-05-20T19:30:00+09:00,J4,930,747,1677
2019-05-20T19:30:00+09:00,J5,478,474,952
2019-05-20T19:45:00+09:00,J1,638,706,1344
2019-05-20T19:45:00+09:00,J2,456,424,880
2019-05-20T19:45:00+09:00,J3,637,739,1376
2019-05-20T19:45:00+09:00,J4,850,785,1635
2019-05-20T19:45:00+09:00,J5,454,413,867
2019-05-20T20:00:00+09:00,J1,669,783,1452
2019-05-20T20:00:00+09:00,J2,491,437,928
2019-05-20T20:00:00+09:00,J3,713,701,1414
2019-05-20T20:00:00+09:00,J4,802,796,1598
2019-05-20T20:00:00+09:00,J5,455,415,870
2019-05-20T20:15:00+09:00,J1,607,752,1359
2019-05-20T20:15:00+09:00,J2,491,456,947
2019-05-20T20:15:00+09:00,J3,653,602,1255
2019-05-20T20:15:00+09:00,J4,762,700,1462
2019-05-20T20:15:00+09:00,J5,427,412,839
2019-05-20T20:30:00+09:00,J1,571,760,1331
2019-05-20T20:30:00+09:00,J2,418,458,876
2019-05-20T20:30:00+09:00,J3,590,583,1173
2019-05-20T20:30:00+09:00,J4,715,593,1308
2019-05-20T20:30:00+09:00,J5,385,377,762
2019-05-20T20:45:00+09:00,J1,573,666,1239
2019-05-20T20:45:00+09:00,J2,402,492,894
2019-05-20T20:45:00+09:00,J3,595,526,1121
2019-05-20T20:45:00+09:00,J4,636,524,1160
2019-05-20T20:45:00+09:00,J5,341,331,672
2019-05-20T21:00:00+09:00,J1,538,618,1156
2019-05-20T21:00:00+09:00,J2,390,425,815
2019-05-20T21:00:00+09:00,J3,586,493,1079
2019-05-20T21:00:00+09:00,J4,680,518,1198
2019-05-20T21:00:00+09:00,J5,426,390,816
2019-05-20T21:15:00+09:00,J1,523,592,1115
2019-05-20T21:15:00+09:00,J2,349,415,764
2019-05-20T21:15:00+09:00,J3,590,565,1155
2019-05-20T21:15:00+09:00,J4,541,476,1017
2019-05-20T21:15:00+09:00,J5,410,386,796
2019-05-20T21:30:00+09:00,J1,505,620,1125
2019-05-20T21:30:00+09:00,J2,302,368,670
2019-05-20T21:30:00+09:00,J3,512,507,1019
2019-05-20T21:30:00+09:00,J4,527,546,1073
2019-05-20T21:30:00+09:00,J5,356,370,726
2019-05-20T21:45:00+09:00,J1,473,533,1006
2019-05-20T21:45:00+09:00,J2,292,304,596
2019-05-20T21:45:00+09:00,J3,497,472,969
2019-05-20T21:45:00+09:00,J4,538,529,1067
2019-05-20T21:45:00+09:00,J5,290,341,631
2019-05-20T22:00:00+09:00,J1,554,573,1127
2019-05-20T22:00:00+09:00,J2,298,300,598
2019-05-20T22:00:00+09:00,J3,508,473,981
2019-05-20T22:00:00+09:00,J4,521,523,1044
2019-05-20T22:00:00+09:00,J5,346,383,729
2019-05-20T22:15:00+09:00,J1,494,528,1022
2019-05-20T22:15:00+09:00,J2,297,312,609
2019-05-20T22:15:00+09:00,J3,511,447,958
2019-05-20T22:15:00+09:00,J4,568,559,1127
2019-05-20T22:15:00+09:00,J5,422,444,866
2019-05-20T22:30:00+09:00,J1,588,610,1198
2019-05-20T22:30:00+09:00,J2,324,327,651
2019-05-20T22:30:00+09:00,J3,594,480,1074
2019-05-20T22:30:00+09:00,J4,480,535,1015
2019-05-20T22:30:00+09:00,J5,450,541,991
2019-05-20T22:45:00+09:00,J1,545,509,1054
2019-05-20T22:45:00+09:00,J2,392,386,778
2019-05-20T22:45:00+09:00,J3,535,542,1077
2019-05-20T22:45:00+09:00,J4,638,648,1286
2019-05-20T22:45:00+09:00,J5,463,596,1059
2019-05-20T23:00:00+09:00,J1,527,483,1010
2019-05-20T23:00:00+09:00,J2,357,379,736
2019-05-20T23:00:00+09:00,J3,563,541,1104
2019-05-20T23:00:00+09:00,J4,685,614,1299
2019-05-20T23:00:00+09:00,J5,452,522,974
2019-05-20T23:15:00+09:00,J1,460,492,952
2019-05-20T23:15:00+09:00,J2,373,386,759
2019-05-20T23:15:00+09:00,J3,582,555,1137
2019-05-20T23:15:00+09:00,J4,647,618,1265
2019-05-20T23:15:00+09:00,J5,412,511,923
2019-05-20T23:30:00+09:00,J1,339,406,745
2019-05-20T23:30:00+09:00,J2,406,363,769
2019-05-20T23:30:00+09:00,J3,522,499,1021
2019-05-20T23:30:00+09:00,J4,578,595,1173
2019-05-20T23:30:00+09:00,J5,424,472,896
2019-05-20T23:45:00+09:00,J1,329,399,728
2019-05-20T23:45:00+09:00,J2,368,355,723
2019-05-20T23:45:00+09:00,J3,475,460,935
2019-05-20T23:45:00+09:00,J4,560,576,1136
2019-05-20T23:45:00+09:00,J5,348,368,716
2019-05-21T00:00:00+09:00,J1,277,285,562
2019-05-21T00:00:00+09:00,J2,331,326,657
2019-05-21T00:00:00+09:00,J3,555,534,1089
2019-05-21T00:00:00+09:00,J4,533,544,1077
2019-05-21T00:00:00+09:00,J5,418,479,897
2019-05-21T00:15:00+09:00,J1,279,290,569
2019-05-21T00:15:00+09:00,J2,374,336,710
2019-05-21T00:15:00+09:00,J3,599,494,1093
2019-05-21T00:15:00+09:00,J4,678,590,1268
2019-05-21T00:15:00+09:00,J5,227,204,431
2019-05-21T00:30:00+09:00,J1,276,237,513
2019-05-21T00:30:00+09:00,J2,411,364,775
2019-05-21T00:30:00+09:00,J3,472,458,930
2019-05-21T00:30:00+09:00,J4,325,353,678
2019-05-21T00:30:00+09:00,J5,218,208,426
2019-05-21T00:45:00+09:00,J1,328,287,615
2019-05-21T00:45:00+09:00,J2,363,348,711
2019-05-21T00:45:00+09:00,J3,573,451,1024
2019-05-21T00:45:00+09:00,J4,360,354,714
2019-05-21T00:45:00+09:00,J5,245,183,428
2019-05-21T05:45:00+09:00,J1,268,307,575
2019-05-21T05:45:00+09:00,J2,247,236,483
2019-05-21T05:45:00+09:00,J3,515,470,985
2019-05-21T05:45:00+09:00,J4,403,462,865
2019-05-21T05:45:00+09:00,J5,185,143,328
2019-05-21T06:00:00+09:00,J1,308,300,608
2019-05-21T06:00:00+09:00,J2,312,265,577
2019-05-21T06:00:00+09:00,J3,558,517,1075
2019-05-21T06:00:00+09:00,J4,656,706,1362
2019-05-21T06:00:00+09:00,J5,209,144,353
2019-05-21T06:15:00+09:00,J1,412,409,821
2019-05-21T06:15:00+09:00,J2,398,351,749
2019-05-21T06:15:00+09:00,J3,699,608,1307
2019-05-21T06:15:00+09:00,J4,750,770,1520
2019-05-21T06:15:00+09:00,J5,225,187,412
2019-05-21T06:30:00+09:00,J1,416,360,776
2019-05-21T06:30:00+09:00,J2,403,316,719
2019-05-21T06:30:00+09:00,J3,654,606,1260
2019-05-21T06:30:00+09:00,J4,806,707,1513
2019-05-21T06:30:00+09:00,J5,235,161,396
2019-05-21T06:45:00+09:00,J1,482,438,920
2019-05-21T06:45:00+09:00,J2,391,372,763
2019-05-21T06:45:00+09:00,J3,642,652,1294
2019-05-21T06:45:00+09:00,J4,807,745,1552
2019-05-21T06:45:00+09:00,J5,287,216,503
2019-05-21T07:00:00+09:00,J1,637,599,1236
2019-05-21T07:00:00+09:00,J2,427,424,851
2019-05-21T07:00:00+09:00,J3,760,761,1521
2019-05-21T07:00:00+09:00,J4,794,712,1506
2019-05-21T07:00:00+09:00,J5,287,291,578
2019-05-21T07:15:00+09:00,J1,735,577,1312
2019-05-21T07:15:00+09:00,J2,405,380,785
2019-05-21T07:15:00+09:00,J3,845,833,1678
2019-05-21T07:15:00+09:00,J4,807,802,1609
2019-05-21T07:15:00+09:00,J5,439,424,863
2019-05-21T07:30:00+09:00,J1,722,644,1366
2019-05-21T07:30:00+09:00,J2,490,465,955
2019-05-21T07:30:00+09:00,J3,697,783,1480
2019-05-21T07:30:00+09:00,J4,791,867,1658
2019-05-21T07:30:00+09:00,J5,539,629,1168
2019-05-21T07:45:00+09:00,J1,915,718,1633
2019-05-21T07:45:00+09:00,J2,549,464,1013
2019-05-21T07:45:00+09:00,J3,720,837,1557
2019-05-21T07:45:00+09:00,J4,806,1011,1817
2019-05-21T07:45:00+09:00,J5,516,572,1088
2019-05-21T08:00:00+09:00,J1,1155,955,2110
2019-05-21T08:00:00+09:00,J2,659,482,1141
2019-05-21T08:00:00+09:00,J3,877,930,1807
2019-05-21T08:00:00+09:00,J4,811,1115,1926
2019-05-21T08:00:00+09:00,J5,494,476,970
2019-05-21T08:15:00+09:00,J1,1329,1125,2454
2019-05-21T08:15:00+09:00,J2,939,584,1523
2019-05-21T08:15:00+09:00,J3,1014,1033,2047
2019-05-21T08:15:00+09:00,J4,819,1252,2071
2019-05-21T08:15:00+09:00,J5,538,557,1095
2019-05-21T08:30:00+09:00,J1,1321,1039,2360
2019-05-21T08:30:00+09:00,J2,772,547,1319
2019-05-21T08:30:00+09:00,J3,826,1177,2003
2019-05-21T08:30:00+09:00,J4,738,1151,1889
2019-05-21T08:30:00+09:00,J5,547,616,1163
2019-05-21T08:45:00+09:00,J1,984,903,1887
2019-05-21T08:45:00+09:00,J2,531,454,985
2019-05-21T08:45:00+09:00,J3,737,880,1617
2019-05-21T08:45:00+09:00,J4,665,968,1633
2019-05-21T08:45:00+09:00,J5,443,406,849
2019-05-21T09:00:00+09:00,J1,902,777,1679
2019-05-21T09:00:00+09:00,J2,549,437,986
2019-05-21T09:00:00+09:00,J3,594,657,1251
2019-05-21T09:00:00+09:00,J4,682,814,1496
2019-05-21T09:00:00+09:00,J5,284,313,597
2019-05-21T09:15:00+09:00,J1,813,650,1463
2019-05-21T09:15:00+09:00,J2,573,418,991
2019-05-21T09:15:00+09:00,J3,587,619,1206
2019-05-21T09:15:00+09:00,J4,683,858,1541
2019-05-21T09:15:00+09:00,J5,295,274,569
2019-05-21T09:30:00+09:00,J1,743,663,1406
2019-05-21T09:30:00+09:00,J2,546,399,945
2019-05-21T09:30:00+09:00,J3,612,648,1260
2019-05-21T09:30:00+09:00,J4,695,821,1516
2019-05-21T09:30:00+09:00,J5,310,307,617
2019-05-21T09:45:00+09:00,J1,697,605,1302
2019-05-21T09:45:00+09:00,J2,551,451,1002
2019-05-21T09:45:00+09:00,J3,519,587,1106
2019-05-21T09:45:00+09:00,J4,665,756,1421
2019-05-21T09:45:00+09:00,J5,267,259,526
2019-05-21T10:00:00+09:00,J1,598,628,1226
2019-05-21T10:00:00+09:00,J2,548,441,989
2019-05-21T10:00:00+09:00,J3,594,543,1137
2019-05-21T10:00:00+09:00,J4,675,768,1443
2019-05-21T10:00:00+09:00,J5,215,259,474
2019-05-21T10:15:00+09:00,J1,631,636,1267
2019-05-21T10:15:00+09:00,J2,455,426,881
2019-05-21T10:15:00+09:00,J3,511,589,1100
2019-05-21T10:15:00+09:00,J4,693,753,1446
2019-05-21T10:15:00+09:00,J5,196,230,426
2019-05-21T10:30:00+09:00,J1,582,656,1238
2019-05-21T10:30:00+09:00,J2,459,474,933
2019-05-21T10:30:00+09:00,J3,620,661,1281
2019-05-21T10:30:00+09:00,J4,709,769,1478
2019-05-21T10:30:00+09:00,J5,324,232,556
2019-05-21T10:45:00+09:00,J1,662,643,1305
2019-05-21T10:45:00+09:00,J2,458,376,834
2019-05-21T10:45:00+09:00,J3,721,677,1398
2019-05-21T10:45:00+09:00,J4,632,724,1356
2019-05-21T10:45:00+09:00,J5,306,246,552
2019-05-21T11:00:00+09:00,J1,703,717,1420
2019-05-21T11:00:00+09:00,J2,453,432,885
2019-05-21T11:00:00+09:00,J3,742,727,1469
2019-05-21T11:00:00+09:00,J4,779,794,1573
2019-05-21T11:00:00+09:00,J5,333,268,601
2019-05-21T11:15:00+09:00,J1,852,846,1698
2019-05-21T11:15:00+09:00,J2,432,430,862
2019-05-21T11:15:00+09:00,J3,773,879,1652
2019-05-21T11:15:00+09:00,J4,752,785,1537
2019-05-21T11:15:00+09:00,J5,337,322,659
2019-05-21T11:30:00+09:00,J1,927,835,1762
2019-05-21T11:30:00+09:00,J2,478,437,915
2019-05-21T11:30:00+09:00,J3,816,845,1661
2019-05-21T11:30:00+09:00,J4,835,761,1596
2019-05-21T11:30:00+09:00,J5,350,335,685
2019-05-21T11:45:00+09:00,J1,822,944,1766
2019-05-21T11:45:00+09:00,J2,455,443,898
2019-05-21T11:45:00+09:00,J3,804,813,1617
2019-05-21T11:45:00+09:00,J4,847,757,1604
2019-05-21T11:45:00+09:00,J5,299,339,638
2019-05-21T12:00:00+09:00,J1,885,996,1881
2019-05-21T12:00:00+09:00,J2,578,569,1147
2019-05-21T12:00:00+09:00,J3,922,870,1792
2019-05-21T12:00:00+09:00,J4,838,762,1600
2019-05-21T12:00:00+09:00,J5,340,379,719
2019-05-21T12:15:00+09:00,J1,760,862,1622
2019-05-21T12:15:00+09:00,J2,592,595,1187
2019-05-21T12:15:00+09:00,J3,994,896,1890
2019-05-21T12:15:00+09:00,J4,954,839,1793
2019-05-21T12:15:00+09:00,J5,360,396,756
2019-05-21T12:30:00+09:00,J1,760,894,1654
2019-05-21T12:30:00+09:00,J2,652,569,1221
2019-05-21T12:30:00+09:00,J3,955,941,1896
2019-05-21T12:30:00+09:00,J4,914,901,1815
2019-05-21T12:30:00+09:00,J5,335,378,713
2019-05-21T12:45:00+09:00,J1,795,845,1640
2019-05-21T12:45:00+09:00,J2,637,513,1150
2019-05-21T12:45:00+09:00,J3,817,807,1624
2019-05-21T12:45:00+09:00,J4,906,866,1772
2019-05-21T12:45:00+09:00,J5,336,421,757
2019-05-21T13:00:00+09:00,J1,775,825,1600
2019-05-21T13:00:00+09:00,J2,552,572,1124
2019-05-21T13:00:00+09:00,J3,840,855,1695
2019-05-21T13:00:00+09:00,J4,841,804,1645
2019-05-21T13:00:00+09:00,J5,328,407,735
2019-05-21T13:15:00+09:00,J1,760,879,1639
2019-05-21T13:15:00+09:00,J2,559,615,1174
2019-05-21T13:15:00+09:00,J3,918,896,1814
2019-05-21T13:15:00+09:00,J4,905,898,1803
2019-05-21T13:15:00+09:00,J5,326,401,727
2019-05-21T13:30:00+09:00,J1,788,820,1608
2019-05-21T13:30:00+09:00,J2,630,622,1252
2019-05-21T13:30:00+09:00,J3,935,879,1814
2019-05-21T13:30:00+09:00,J4,945,876,1821
2019-05-21T13:30:00+09:00,J5,308,335,643
2019-05-21T13:45:00+09:00,J1,710,767,1477
2019-05-21T13:45:00+09:00,J2,506,591,1097
2019-05-21T13:45:00+09:00,J3,965,862,1827
2019-05-21T13:45:00+09:00,J4,961,981,1942
2019-05-21T13:45:00+09:00,J5,297,375,672
2019-05-21T14:00:00+09:00,J1,704,791,1495
2019-05-21T14:00:00+09:00,J2,529,622,1151
2019-05-21T14:00:00+09:00,J3,947,821,1768
2019-05-21T14:00:00+09:00,J4,923,1040,1963
2019-05-21T14:00:00+09:00,J5,306,353,659
2019-05-21T14:15:00+09:00,J1,672,722,1394
2019-05-21T14:15:00+09:00,J2,619,582,1201
2019-05-21T14:15:00+09:00,J3,961,956,1917
2019-05-21T14:15:00+09:00,J4,917,939,1856
2019-05-21T14:15:00+09:00,J5,411,437,848
2019-05-21T14:30:00+09:00,J1,729,748,1477
2019-05-21T14:30:00+09:00,J2,688,566,1254
2019-05-21T14:30:00+09:00,J3,989,999,1988
2019-05-21T14:30:00+09:00,J4,978,966,1944
2019-05-21T14:30:00+09:00,J5,427,442,869
2019-05-21T14:45:00+09:00,J1,666,781,1447
2019-05-21T14:45:00+09:00,J2,651,554,1205
2019-05-21T14:45:00+09:00,J3,932,928,1860
2019-05-21T14:45:00+09:00,J4,935,905,1840
2019-05-21T14:45:00+09:00,J5,403,433,836
2019-05-21T15:00:00+09:00,J1,740,813,1553
2019-05-21T15:00:00+09:00,J2,580,607,1187
2019-05-21T15:00:00+09:00,J3,877,898,1775
2019-05-21T15:00:00+09:00,J4,905,972,1877
2019-05-21T15:00:00+09:00,J5,400,457,857
2019-05-21T15:15:00+09:00,J1,712,761,1473
2019-05-21T15:15:00+09:00,J2,587,614,1201
2019-05-21T15:15:00+09:00,J3,939,972,1911
2019-05-21T15:15:00+09:00,J4,872,901,1773
2019-05-21T15:15:00+09:00,J5,381,457,838
2019-05-21T15:30:00+09:00,J1,839,921,1760
2019-05-21T15:30:00+09:00,J2,615,625,1240
2019-05-21T15:30:00+09:00,J3,899,889,1788
2019-05-21T15:30:00+09:00,J4,800,855,1655
2019-05-21T15:30:00+09:00,J5,299,341,640
2019-05-21T15:45:00+09:00,J1,829,953,1782
2019-05-21T15:45:00+09:00,J2,615,623,1238
2019-05-21T15:45:00+09:00,J3,817,949,1766
2019-05-21T15:45:00+09:00,J4,773,683,1456
2019-05-21T15:45:00+09:00,J5,377,358,735
2019-05-21T16:00:00+09:00,J1,800,997,1797
2019-05-21T16:00:00+09:00,J2,653,691,1344
2019-05-21T16:00:00+09:00,J3,850,924,1774
2019-05-21T16:00:00+09:00,J4,860,852,1712
2019-05-21T16:00:00+09:00,J5,375,398,773
2019-05-21T16:15:00+09:00,J1,872,1012,1884
2019-05-21T16:15:00+09:00,J2,642,723,1365
2019-05-21T16:15:00+09:00,J3,822,871,1693
2019-05-21T16:15:00+09:00,J4,802,748,1550
2019-05-21T16:15:00+09:00,J5,365,345,710
2019-05-21T16:30:00+09:00,J1,888,1008,1896
2019-05-21T16:30:00+09:00,J2,555,661,1216
2019-05-21T16:30:00+09:00,J3,892,866,1758
2019-05-21T16:30:00+09:00,J4,780,760,1540
2019-05-21T16:30:00+09:00,J5,347,404,751
2019-05-21T16:45:00+09:00,J1,912,962,1874
2019-05-21T16:45:00+09:00,J2,657,752,1409
2019-05-21T16:45:00+09:00,J3,882,920,1802
2019-05-21T16:45:00+09:00,J4,921,867,1788
2019-05-21T16:45:00+09:00,J5,421,384,805
2019-05-21T17:00:00+09:00,J1,987,1136,2123
2019-05-21T17:00:00+09:00,J2,693,780,1473
2019-05-21T17:00:00+09:00,J3,886,981,1867
2019-05-21T17:00:00+09:00,J4,922,886,1808
2019-05-21T17:00:00+09:00,J5,474,460,934
2019-05-21T17:15:00+09:00,J1,1007,1155,2162
2019-05-21T17:15:00+09:00,J2,776,830,1606
2019-05-21T17:15:00+09:00,J3,947,903,1850
2019-05-21T17:15:00+09:00,J4,992,890,1882
2019-05-21T17:15:00+09:00,J5,391,423,814
2019-05-21T17:30:00+09:00,J1,1014,1192,2206
2019-05-21T17:30:00+09:00,J2,787,842,1629
2019-05-21T17:30:00+09:00,J3,995,956,1951
2019-05-21T17:30:00+09:00,J4,1041,976,2017
2019-05-21T17:30:00+09:00,J5,409,444,853
2019-05-21T17:45:00+09:00,J1,1023,1179,2202
2019-05-21T17:45:00+09:00,J2,735,762,1497
2019-05-21T17:45:00+09:00,J3,973,937,1910
2019-05-21T17:45:00+09:00,J4,1067,963,2030
2019-05-21T17:45:00+09:00,J5,399,429,828
2019-05-21T18:00:00+09:00,J1,1011,1129,2140
2019-05-21T18:00:00+09:00,J2,799,827,1626
2019-05-21T18:00:00+09:00,J3,1085,901,1986
2019-05-21T18:00:00+09:00,J4,1009,847,1856
2019-05-21T18:00:00+09:00,J5,431,476,907
2019-05-21T18:15:00+09:00,J1,930,1100,2030
2019-05-21T18:15:00+09:00,J2,786,753,1539
2019-05-21T18:15:00+09:00,J3,1129,958,2087
2019-05-21T18:15:00+09:00,J4,990,730,1720
2019-05-21T18:15:00+09:00,J5,426,478,904
2019-05-21T18:30:00+09:00,J1,866,1109,1975
2019-05-21T18:30:00+09:00,J2,765,712,1477
2019-05-21T18:30:00+09:00,J3,939,823,1762
2019-05-21T18:30:00+09:00,J4,856,663,1519
2019-05-21T18:30:00+09:00,J5,387,480,867
2019-05-21T18:45:00+09:00,J1,857,1031,1888
2019-05-21T18:45:00+09:00,J2,665,709,1374
2019-05-21T18:45:00+09:00,J3,888,761,1649
2019-05-21T18:45:00+09:00,J4,763,585,1348
2019-05-21T18:45:00+09:00,J5,364,403,767
2019-05-21T19:00:00+09:00,J1,744,863,1607
2019-05-21T19:00:00+09:00,J2,634,706,1340
2019-05-21T19:00:00+09:00,J3,841,693,1534
2019-05-21T19:00:00+09:00,J4,815,602,1417
2019-05-21T19:00:00+09:00,J5,421,438,859
2019-05-21T19:15:00+09:00,J1,723,874,1597
2019-05-21T19:15:00+09:00,J2,603,715,1318
2019-05-21T19:15:00+09:00,J3,796,700,1496
2019-05-21T19:15:00+09:00,J4,789,592,1381
2019-05-21T19:15:00+09:00,J5,380,436,816
2019-05-21T19:30:00+09:00,J1,662,829,1491
2019-05-21T19:30:00+09:00,J2,568,553,1121
2019-05-21T19:30:00+09:00,J3,690,589,1279
2019-05-21T19:30:00+09:00,J4,640,615,1255
2019-05-21T19:30:00+09:00,J5,382,371,753
2019-05-21T19:45:00+09:00,J1,595,716,1311
2019-05-21T19:45:00+09:00,J2,482,547,1029
2019-05-21T19:45:00+09:00,J3,684,530,1214
2019-05-21T19:45:00+09:00,J4,636,556,1192
2019-05-21T19:45:00+09:00,J5,353,379,732
2019-05-21T20:00:00+09:00,J1,612,724,1336
2019-05-21T20:00:00+09:00,J2,394,505,899
2019-05-21T20:00:00+09:00,J3,682,622,1304
2019-05-21T20:00:00+09:00,J4,638,590,1228
2019-05-21T20:00:00+09:00,J5,397,375,772
2019-05-21T20:15:00+09:00,J1,639,756,1395
2019-05-21T20:15:00+09:00,J2,432,560,992
2019-05-21T20:15:00+09:00,J3,643,559,1202
2019-05-21T20:15:00+09:00,J4,674,599,1273
2019-05-21T20:15:00+09:00,J5,386,354,740
2019-05-21T20:30:00+09:00,J1,594,724,1318
2019-05-21T20:30:00+09:00,J2,427,521,948
2019-05-21T20:30:00+09:00,J3,567,515,1082
2019-05-21T20:30:00+09:00,J4,568,626,1194
2019-05-21T20:30:00+09:00,J5,376,432,808
2019-05-21T20:45:00+09:00,J1,542,677,1219
2019-05-21T20:45:00+09:00,J2,375,436,811
2019-05-21T20:45:00+09:00,J3,586,541,1127
2019-05-21T20:45:00+09:00,J4,686,663,1349
2019-05-21T20:45:00+09:00,J5,299,391,690
2019-05-21T21:00:00+09:00,J1,527,632,1159
2019-05-21T21:00:00+09:00,J2,387,479,866
2019-05-21T21:00:00+09:00,J3,544,510,1054
2019-05-21T21:00:00+09:00,J4,655,641,1296
2019-05-21T21:00:00+09:00,J5,382,414,796
2019-05-21T21:15:00+09:00,J1,580,696,1276
2019-05-21T21:15:00+09:00,J2,388,498,886
2019-05-21T21:15:00+09:00,J3,554,538,1092
2019-05-21T21:15:00+09:00,J4,547,582,1129
2019-05-21T21:15:00+09:00,J5,386,404,790
2019-05-21T21:30:00+09:00,J1,633,767,1400
2019-05-21T21:30:00+09:00,J2,366,426,792
2019-05-21T21:30:00+09:00,J3,549,551,1100
2019-05-21T21:30:00+09:00,J4,548,576,1124
2019-05-21T21:30:00+09:00,J5,429,445,874
2019-05-21T21:45:00+09:00,J1,562,587,1149
2019-05-21T21:45:00+09:00,J2,348,404,752
2019-05-21T21:45:00+09:00,J3,486,488,974
2019-05-21T21:45:00+09:00,J4,557,563,1120
2019-05-21T21:45:00+09:00,J5,445,496,941
2019-05-21T22:00:00+09:00,J1,570,587,1157
2019-05-21T22:00:00+09:00,J2,394,417,811
2019-05-21T22:00:00+09:00,J3,555,482,1037
2019-05-21T22:00:00+09:00,J4,562,577,1139
2019-05-21T22:00:00+09:00,J5,489,454,943
2019-05-21T22:15:00+09:00,J1,593,598,1191
2019-05-21T22:15:00+09:00,J2,467,505,972
2019-05-21T22:15:00+09:00,J3,574,567,1141
2019-05-21T22:15:00+09:00,J4,585,667,1252
2019-05-21T22:15:00+09:00,J5,465,488,953
2019-05-21T22:30:00+09:00,J1,614,619,1233
2019-05-21T22:30:00+09:00,J2,520,433,953
2019-05-21T22:30:00+09:00,J3,625,601,1226
2019-05-21T22:30:00+09:00,J4,631,655,1286
2019-05-21T22:30:00+09:00,J5,337,403,740
2019-05-21T22:45:00+09:00,J1,604,665,1269
2019-05-21T22:45:00+09:00,J2,484,482,966
2019-05-21T22:45:00+09:00,J3,657,646,1303
2019-05-21T22:45:00+09:00,J4,611,676,1287
2019-05-21T22:45:00+09:00,J5,295,289,584
2019-05-21T23:00:00+09:00,J1,638,686,1324
2019-05-21T23:00:00+09:00,J2,549,485,1034
2019-05-21T23:00:00+09:00,J3,677,630,1307
2019-05-21T23:00:00+09:00,J4,584,684,1268
2019-05-21T23:00:00+09:00,J5,318,251,569
2019-05-21T23:15:00+09:00,J1,593,661,1254
2019-05-21T23:15:00+09:00,J2,522,463,985
2019-05-21T23:15:00+09:00,J3,690,624,1314
2019-05-21T23:15:00+09:00,J4,598,674,1272
2019-05-21T23:15:00+09:00,J5,234,241,475
2019-05-21T23:30:00+09:00,J1,599,673,1272
2019-05-21T23:30:00+09:00,J2,508,515,1023
2019-05-21T23:30:00+09:00,J3,619,657,1276
2019-05-21T23:30:00+09:00,J4,587,599,1186
2019-05-21T23:30:00+09:00,J5,219,216,435
2019-05-21T23:45:00+09:00,J1,548,619,1167
2019-05-21T23:45:00+09:00,J2,439,469,908
2019-05-21T23:45:00+09:00,J3,660,618,1278
2019-05-21T23:45:00+09:00,J4,586,577,1163
2019-05-21T23:45:00+09:00,J5,236,253,489
2019-05-22T00:00:00+09:00,J1,479,412,891
2019-05-22T00:00:00+09:00,J2,464,406,870
2019-05-22T00:00:00+09:00,J3,601,519,1120
2019-05-22T00:00:00+09:00,J4,573,622,1195
2019-05-22T00:00:00+09:00,J5,203,190,393
2019-05-22T00:15:00+09:00,J1,349,303,652
2019-05-22T00:15:00+09:00,J2,411,327,738
2019-05-22T00:15:00+09:00,J3,449,433,882
2019-05-22T00:15:00+09:00,J4,563,516,1079
2019-05-22T00:15:00+09:00,J5,215,189,404
2019-05-22T00:30:00+09:00,J1,259,260,519
2019-05-22T00:30:00+09:00,J2,382,348,730
2019-05-22T00:30:00+09:00,J3,413,390,803
2019-05-22T00:30:00+09:00,J4,365,345,710
2019-05-22T00:30:00+09:00,J5,182,193,375
2019-05-22T00:45:00+09:00,J1,242,319,561
2019-05-22T00:45:00+09:00,J2,366,303,669
2019-05-22T00:45:00+09:00,J3,411,406,817
2019-05-22T00:45:00+09:00,J4,444,387,831
2019-05-22T00:45:00+09:00,J5,151,175,326
2019-05-22T05:45:00+09:00,J1,362,357,719
2019-05-22T05:45:00+09:00,J2,290,388,678
2019-05-22T05:45:00+09:00,J3,499,485,984
2019-05-22T05:45:00+09:00,J4,375,420,795
2019-05-22T05:45:00+09:00,J5,444,559,1003
2019-05-22T06:00:00+09:00,J1,418,369,787
2019-05-22T06:00:00+09:00,J2,338,358,696
2019-05-22T06:00:00+09:00,J3,508,508,1016
2019-05-22T06:00:00+09:00,J4,407,455,862
2019-05-22T06:00:00+09:00,J5,341,320,661
2019-05-22T06:15:00+09:00,J1,496,440,936
2019-05-22T06:15:00+09:00,J2,266,250,516
2019-05-22T06:15:00+09:00,J3,466,467,933
2019-05-22T06:15:00+09:00,J4,591,663,1254
2019-05-22T06:15:00+09:00,J5,221,232,453
2019-05-22T06:30:00+09:00,J1,510,450,960
2019-05-22T06:30:00+09:00,J2,259,259,518
2019-05-22T06:30:00+09:00,J3,444,462,906
2019-05-22T06:30:00+09:00,J4,564,573,1137
2019-05-22T06:30:00+09:00,J5,255,257,512
2019-05-22T06:45:00+09:00,J1,481,434,915
2019-05-22T06:45:00+09:00,J2,342,271,613
2019-05-22T06:45:00+09:00,J3,523,472,995
2019-05-22T06:45:00+09:00,J4,660,736,1396
2019-05-22T06:45:00+09:00,J5,244,243,487
2019-05-22T07:00:00+09:00,J1,640,528,1168
2019-05-22T07:00:00+09:00,J2,390,297,687
2019-05-22T07:00:00+09:00,J3,547,511,1058
2019-05-22T07:00:00+09:00,J4,812,796,1608
2019-05-22T07:00:00+09:00,J5,224,226,450
2019-05-22T07:15:00+09:00,J1,642,492,1134
2019-05-22T07:15:00+09:00,J2,387,339,726
2019-05-22T07:15:00+09:00,J3,746,633,1379
2019-05-22T07:15:00+09:00,J4,862,875,1737
2019-05-22T07:15:00+09:00,J5,308,259,567
2019-05-22T07:30:00+09:00,J1,700,503,1203
2019-05-22T07:30:00+09:00,J2,424,467,891
2019-05-22T07:30:00+09:00,J3,805,875,1680
2019-05-22T07:30:00+09:00,J4,854,754,1608
2019-05-22T07:30:00+09:00,J5,370,389,759
2019-05-22T07:45:00+09:00,J1,750,585,1335
2019-05-22T07:45:00+09:00,J2,494,508,1002
2019-05-22T07:45:00+09:00,J3,664,852,1516
2019-05-22T07:45:00+09:00,J4,711,802,1513
2019-05-22T07:45:00+09:00,J5,518,487,1005
2019-05-22T08:00:00+09:00,J1,1062,898,1960
2019-05-22T08:00:00+09:00,J2,537,466,1003
2019-05-22T08:00:00+09:00,J3,735,910,1645
2019-05-22T08:00:00+09:00,J4,725,1004,1729
2019-05-22T08:00:00+09:00,J5,496,597,1093
2019-05-22T08:15:00+09:00,J1,1269,997,2266
2019-05-22T08:15:00+09:00,J2,685,464,1149
2019-05-22T08:15:00+09:00,J3,934,959,1893
2019-05-22T08:15:00+09:00,J4,674,1105,1779
2019-05-22T08:15:00+09:00,J5,448,467,915
2019-05-22T08:30:00+09:00,J1,1258,932,2190
2019-05-22T08:30:00+09:00,J2,656,454,1110
2019-05-22T08:30:00+09:00,J3,771,930,1701
2019-05-22T08:30:00+09:00,J4,631,1037,1668
2019-05-22T08:30:00+09:00,J5,474,478,952
2019-05-22T08:45:00+09:00,J1,971,818,1789
2019-05-22T08:45:00+09:00,J2,518,485,1003
2019-05-22T08:45:00+09:00,J3,677,735,1412
2019-05-22T08:45:00+09:00,J4,601,907,1508
2019-05-22T08:45:00+09:00,J5,380,354,734
2019-05-22T09:00:00+09:00,J1,918,808,1726
2019-05-22T09:00:00+09:00,J2,446,413,859
2019-05-22T09:00:00+09:00,J3,598,581,1179
2019-05-22T09:00:00+09:00,J4,665,725,1390
2019-05-22T09:00:00+09:00,J5,454,455,909
2019-05-22T09:15:00+09:00,J1,747,650,1397
2019-05-22T09:15:00+09:00,J2,414,368,782
2019-05-22T09:15:00+09:00,J3,578,612,1190
2019-05-22T09:15:00+09:00,J4,658,753,1411
2019-05-22T09:15:00+09:00,J5,370,353,723
2019-05-22T09:30:00+09:00,J1,708,678,1386
2019-05-22T09:30:00+09:00,J2,394,330,724
2019-05-22T09:30:00+09:00,J3,593,557,1150
2019-05-22T09:30:00+09:00,J4,620,771,1391
2019-05-22T09:30:00+09:00,J5,293,299,592
2019-05-22T09:45:00+09:00,J1,754,635,1389
2019-05-22T09:45:00+09:00,J2,379,338,717
2019-05-22T09:45:00+09:00,J3,624,555,1179
2019-05-22T09:45:00+09:00,J4,625,747,1372
2019-05-22T09:45:00+09:00,J5,307,311,618
2019-05-22T10:00:00+09:00,J1,658,672,1330
2019-05-22T10:00:00+09:00,J2,361,413,774
2019-05-22T10:00:00+09:00,J3,578,482,1060
2019-05-22T10:00:00+09:00,J4,619,656,1275
2019-05-22T10:00:00+09:00,J5,266,291,557
2019-05-22T10:15:00+09:00,J1,740,675,1415
2019-05-22T10:15:00+09:00,J2,437,449,886
2019-05-22T10:15:00+09:00,J3,533,561,1094
2019-05-22T10:15:00+09:00,J4,563,656,1219
2019-05-22T10:15:00+09:00,J5,425,453,878
2019-05-22T10:30:00+09:00,J1,790,597,1387
2019-05-22T10:30:00+09:00,J2,471,499,970
2019-05-22T10:30:00+09:00,J3,703,730,1433
2019-05-22T10:30:00+09:00,J4,499,624,1123
2019-05-22T10:30:00+09:00,J5,315,275,590
2019-05-22T10:45:00+09:00,J1,675,663,1338
2019-05-22T10:45:00+09:00,J2,509,510,1019
2019-05-22T10:45:00+09:00,J3,784,754,1538
2019-05-22T10:45:00+09:00,J4,593,642,1235
2019-05-22T10:45:00+09:00,J5,344,330,674
2019-05-22T11:00:00+09:00,J1,709,682,1391
2019-05-22T11:00:00+09:00,J2,486,476,962
2019-05-22T11:00:00+09:00,J3,827,804,1631
2019-05-22T11:00:00+09:00,J4,675,612,1287
2019-05-22T11:00:00+09:00,J5,334,292,626
2019-05-22T11:15:00+09:00,J1,799,746,1545
2019-05-22T11:15:00+09:00,J2,538,453,991
2019-05-22T11:15:00+09:00,J3,884,845,1729
2019-05-22T11:15:00+09:00,J4,685,619,1304
2019-05-22T11:15:00+09:00,J5,382,376,758
2019-05-22T11:30:00+09:00,J1,802,813,1615
2019-05-22T11:30:00+09:00,J2,559,419,978
2019-05-22T11:30:00+09:00,J3,822,846,1668
2019-05-22T11:30:00+09:00,J4,604,585,1189
2019-05-22T11:30:00+09:00,J5,323,351,674
2019-05-22T11:45:00+09:00,J1,807,808,1615
2019-05-22T11:45:00+09:00,J2,501,393,894
2019-05-22T11:45:00+09:00,J3,839,757,1596
2019-05-22T11:45:00+09:00,J4,634,585,1219
2019-05-22T11:45:00+09:00,J5,303,283,586
2019-05-22T12:00:00+09:00,J1,808,842,1650
2019-05-22T12:00:00+09:00,J2,575,452,1027
2019-05-22T12:00:00+09:00,J3,1087,908,1995
2019-05-22T12:00:00+09:00,J4,748,701,1449
2019-05-22T12:00:00+09:00,J5,332,425,757
2019-05-22T12:15:00+09:00,J1,775,769,1544
2019-05-22T12:15:00+09:00,J2,537,456,993
2019-05-22T12:15:00+09:00,J3,1050,914,1964
2019-05-22T12:15:00+09:00,J4,859,836,1695
2019-05-22T12:15:00+09:00,J5,413,443,856
2019-05-22T12:30:00+09:00,J1,694,777,1471
2019-05-22T12:30:00+09:00,J2,543,455,998
2019-05-22T12:30:00+09:00,J3,975,967,1942
2019-05-22T12:30:00+09:00,J4,852,888,1740
2019-05-22T12:30:00+09:00,J5,437,435,872
2019-05-22T12:45:00+09:00,J1,740,756,1496
2019-05-22T12:45:00+09:00,J2,529,505,1034
2019-05-22T12:45:00+09:00,J3,942,969,1911
2019-05-22T12:45:00+09:00,J4,737,691,1428
2019-05-22T12:45:00+09:00,J5,378,380,758
2019-05-22T13:00:00+09:00,J1,588,782,1370
2019-05-22T13:00:00+09:00,J2,515,472,987
2019-05-22T13:00:00+09:00,J3,845,962,1807
2019-05-22T13:00:00+09:00,J4,667,679,1346
2019-05-22T13:00:00+09:00,J5,402,403,805
2019-05-22T13:15:00+09:00,J1,619,781,1400
2019-05-22T13:15:00+09:00,J2,572,502,1074
2019-05-22T13:15:00+09:00,J3,862,895,1757
2019-05-22T13:15:00+09:00,J4,727,688,1415
2019-05-22T13:15:00+09:00,J5,429,469,898
2019-05-22T13:30:00+09:00,J1,653,774,1427
2019-05-22T13:30:00+09:00,J2,618,480,1098
2019-05-22T13:30:00+09:00,J3,795,894,1689
2019-05-22T13:30:00+09:00,J4,808,810,1618
2019-05-22T13:30:00+09:00,J5,445,562,1007
2019-05-22T13:45:00+09:00,J1,666,776,1442
2019-05-22T13:45:00+09:00,J2,528,511,1039
2019-05-22T13:45:00+09:00,J3,716,866,1582
2019-05-22T13:45:00+09:00,J4,786,854,1640
2019-05-22T13:45:00+09:00,J5,459,568,1027
2019-05-22T14:00:00+09:00,J1,562,750,1312
2019-05-22T14:00:00+09:00,J2,596,463,1059
2019-05-22T14:00:00+09:00,J3,781,838,1619
2019-05-22T14:00:00+09:00,J4,776,752,1528
2019-05-22T14:00:00+09:00,J5,436,536,972
2019-05-22T14:15:00+09:00,J1,567,708,1275
2019-05-22T14:15:00+09:00,J2,622,452,1074
2019-05-22T14:15:00+09:00,J3,716,813,1529
2019-05-22T14:15:00+09:00,J4,792,840,1632
2019-05-22T14:15:00+09:00,J5,470,460,930
2019-05-22T14:30:00+09:00,J1,606,701,1307
2019-05-22T14:30:00+09:00,J2,605,446,1051
2019-05-22T14:30:00+09:00,J3,693,839,1532
2019-05-22T14:30:00+09:00,J4,822,820,1642
2019-05-22T14:30:00+09:00,J5,505,527,1032
2019-05-22T14:45:00+09:00,J1,571,740,1311
2019-05-22T14:45:00+09:00,J2,557,476,1033
2019-05-22T14:45:00+09:00,J3,722,802,1524
2019-05-22T14:45:00+09:00,J4,882,897,1779
2019-05-22T14:45:00+09:00,J5,480,583,1063
2019-05-22T15:00:00+09:00,J1,566,764,1330
2019-05-22T15:00:00+09:00,J2,526,487,1013
2019-05-22T15:00:00+09:00,J3,691,756,1447
2019-05-22T15:00:00+09:00,J4,909,902,1811
2019-05-22T15:00:00+09:00,J5,498,555,1053
2019-05-22T15:15:00+09:00,J1,572,712,1284
2019-05-22T15:15:00+09:00,J2,588,529,1117
2019-05-22T15:15:00+09:00,J3,638,758,1396
2019-05-22T15:15:00+09:00,J4,870,929,1799
2019-05-22T15:15:00+09:00,J5,530,575,1105
2019-05-22T15:30:00+09:00,J1,584,763,1347
2019-05-22T15:30:00+09:00,J2,571,503,1074
2019-05-22T15:30:00+09:00,J3,777,797,1574
2019-05-22T15:30:00+09:00,J4,867,994,1861
2019-05-22T15:30:00+09:00,J5,443,498,941
2019-05-22T15:45:00+09:00,J1,600,773,1373
2019-05-22T15:45:00+09:00,J2,561,451,1012
2019-05-22T15:45:00+09:00,J3,678,712,1390
2019-05-22T15:45:00+09:00,J4,900,896,1796
2019-05-22T15:45:00+09:00,J5,475,514,989
2019-05-22T16:00:00+09:00,J1,589,784,1373
2019-05-22T16:00:00+09:00,J2,512,419,931
2019-05-22T16:00:00+09:00,J3,662,715,1377
2019-05-22T16:00:00+09:00,J4,831,803,1634
2019-05-22T16:00:00+09:00,J5,426,495,921
2019-05-22T16:15:00+09:00,J1,600,780,1380
2019-05-22T16:15:00+09:00,J2,537,414,951
2019-05-22T16:15:00+09:00,J3,673,735,1408
2019-05-22T16:15:00+09:00,J4,843,953,1796
2019-05-22T16:15:00+09:00,J5,449,511,960
2019-05-22T16:30:00+09:00,J1,568,690,1258
2019-05-22T16:30:00+09:00,J2,597,451,1048
2019-05-22T16:30:00+09:00,J3,663,783,1446
2019-05-22T16:30:00+09:00,J4,875,951,1826
2019-05-22T16:30:00+09:00,J5,450,534,984
2019-05-22T16:45:00+09:00,J1,543,719,1262
2019-05-22T16:45:00+09:00,J2,569,493,1062
2019-05-22T16:45:00+09:00,J3,735,790,1525
2019-05-22T16:45:00+09:00,J4,908,933,1841
2019-05-22T16:45:00+09:00,J5,494,542,1036
2019-05-22T17:00:00+09:00,J1,669,800,1469
2019-05-22T17:00:00+09:00,J2,568,473,1041
2019-05-22T17:00:00+09:00,J3,765,881,1646
2019-05-22T17:00:00+09:00,J4,928,940,1868
2019-05-22T17:00:00+09:00,J5,502,552,1054
2019-05-22T17:15:00+09:00,J1,707,844,1551
2019-05-22T17:15:00+09:00,J2,652,534,1186
2019-05-22T17:15:00+09:00,J3,873,897,1770
2019-05-22T17:15:00+09:00,J4,957,974,1931
2019-05-22T17:15:00+09:00,J5,530,653,1183
2019-05-22T17:30:00+09:00,J1,750,836,1586
2019-05-22T17:30:00+09:00,J2,666,522,1188
2019-05-22T17:30:00+09:00,J3,892,877,1769
2019-05-22T17:30:00+09:00,J4,1073,967,2040
2019-05-22T17:30:00+09:00,J5,538,645,1183
2019-05-22T17:45:00+09:00,J1,765,869,1634
2019-05-22T17:45:00+09:00,J2,703,427,1130
2019-05-22T17:45:00+09:00,J3,1048,791,1839
2019-05-22T17:45:00+09:00,J4,1099,930,2029
2019-05-22T17:45:00+09:00,J5,562,617,1179
2019-05-22T18:00:00+09:00,J1,777,900,1677
2019-05-22T18:00:00+09:00,J2,741,479,1220
2019-05-22T18:00:00+09:00,J3,1035,822,1857
2019-05-22T18:00:00+09:00,J4,1141,897,2038
2019-05-22T18:00:00+09:00,J5,555,655,1210
2019-05-22T18:15:00+09:00,J1,716,804,1520
2019-05-22T18:15:00+09:00,J2,719,460,1179
2019-05-22T18:15:00+09:00,J3,892,817,1709
2019-05-22T18:15:00+09:00,J4,1089,873,1962
2019-05-22T18:15:00+09:00,J5,493,557,1050
2019-05-22T18:30:00+09:00,J1,581,864,1445
2019-05-22T18:30:00+09:00,J2,664,442,1106
2019-05-22T18:30:00+09:00,J3,930,846,1776
2019-05-22T18:30:00+09:00,J4,1016,873,1889
2019-05-22T18:30:00+09:00,J5,546,545,1091
2019-05-22T18:45:00+09:00,J1,616,824,1440
2019-05-22T18:45:00+09:00,J2,636,438,1074
2019-05-22T18:45:00+09:00,J3,964,1021,1985
2019-05-22T18:45:00+09:00,J4,975,928,1903
2019-05-22T18:45:00+09:00,J5,520,556,1076
2019-05-22T19:00:00+09:00,J1,542,724,1266
2019-05-22T19:00:00+09:00,J2,603,463,1066
2019-05-22T19:00:00+09:00,J3,906,827,1733
2019-05-22T19:00:00+09:00,J4,1014,883,1897
2019-05-22T19:00:00+09:00,J5,506,608,1114
2019-05-22T19:15:00+09:00,J1,525,734,1259
2019-05-22T19:15:00+09:00,J2,562,432,994
2019-05-22T19:15:00+09:00,J3,868,886,1754
2019-05-22T19:15:00+09:00,J4,944,902,1846
2019-05-22T19:15:00+09:00,J5,520,602,1122
2019-05-22T19:30:00+09:00,J1,417,653,1070
2019-05-22T19:30:00+09:00,J2,526,390,916
2019-05-22T19:30:00+09:00,J3,823,813,1636
2019-05-22T19:30:00+09:00,J4,912,717,1629
2019-05-22T19:30:00+09:00,J5,472,495,967
2019-05-22T19:45:00+09:00,J1,489,594,1083
2019-05-22T19:45:00+09:00,J2,487,462,949
2019-05-22T19:45:00+09:00,J3,771,812,1583
2019-05-22T19:45:00+09:00,J4,689,633,1322
2019-05-22T19:45:00+09:00,J5,469,486,955
2019-05-22T20:00:00+09:00,J1,557,634,1191
2019-05-22T20:00:00+09:00,J2,509,491,1000
2019-05-22T20:00:00+09:00,J3,795,732,1527
2019-05-22T20:00:00+09:00,J4,578,518,1096
2019-05-22T20:00:00+09:00,J5,429,490,919
2019-05-22T20:15:00+09:00,J1,554,596,1150
2019-05-22T20:15:00+09:00,J2,506,451,957
2019-05-22T20:15:00+09:00,J3,899,784,1683
2019-05-22T20:15:00+09:00,J4,562,544,1106
2019-05-22T20:15:00+09:00,J5,462,441,903
2019-05-22T20:30:00+09:00,J1,501,577,1078
2019-05-22T20:30:00+09:00,J2,512,402,914
2019-05-22T20:30:00+09:00,J3,962,777,1739
2019-05-22T20:30:00+09:00,J4,615,487,1102
2019-05-22T20:30:00+09:00,J5,433,411,844
2019-05-22T20:45:00+09:00,J1,490,605,1095
2019-05-22T20:45:00+09:00,J2,452,342,794
2019-05-22T20:45:00+09:00,J3,853,712,1565
2019-05-22T20:45:00+09:00,J4,572,489,1061
2019-05-22T20:45:00+09:00,J5,344,355,699
2019-05-22T21:00:00+09:00,J1,610,627,1237
2019-05-22T21:00:00+09:00,J2,442,338,780
2019-05-22T21:00:00+09:00,J3,778,566,1344
2019-05-22T21:00:00+09:00,J4,512,503,1015
2019-05-22T21:00:00+09:00,J5,389,312,701
2019-05-22T21:15:00+09:00,J1,575,619,1194
2019-05-22T21:15:00+09:00,J2,456,333,789
2019-05-22T21:15:00+09:00,J3,736,661,1397
2019-05-22T21:15:00+09:00,J4,546,549,1095
2019-05-22T21:15:00+09:00,J5,363,349,712
2019-05-22T21:30:00+09:00,J1,558,564,1122
2019-05-22T21:30:00+09:00,J2,390,366,756
2019-05-22T21:30:00+09:00,J3,617,604,1221
2019-05-22T21:30:00+09:00,J4,464,459,923
2019-05-22T21:30:00+09:00,J5,347,386,733
2019-05-22T21:45:00+09:00,J1,546,560,1106
2019-05-22T21:45:00+09:00,J2,381,375,756
2019-05-22T21:45:00+09:00,J3,504,530,1034
2019-05-22T21:45:00+09:00,J4,487,469,956
2019-05-22T21:45:00+09:00,J5,357,346,703
2019-05-22T22:00:00+09:00,J1,539,549,1088
2019-05-22T22:00:00+09:00,J2,350,412,762
2019-05-22T22:00:00+09:00,J3,425,484,909
2019-05-22T22:00:00+09:00,J4,471,531,1002
2019-05-22T22:00:00+09:00,J5,347,299,646
2019-05-22T22:15:00+09:00,J1,502,493,995
2019-05-22T22:15:00+09:00,J2,307,353,660
2019-05-22T22:15:00+09:00,J3,402,457,859
2019-05-22T22:15:00+09:00,J4,491,523,1014
2019-05-22T22:15:00+09:00,J5,318,332,650
2019-05-22T22:30:00+09:00,J1,509,560,1069
2019-05-22T22:30:00+09:00,J2,286,358,644
2019-05-22T22:30:00+09:00,J3,402,419,821
2019-05-22T22:30:00+09:00,J4,451,493,944
2019-05-22T22:30:00+09:00,J5,282,246,528
2019-05-22T22:45:00+09:00,J1,473,533,1006
2019-05-22T22:45:00+09:00,J2,240,332,572
2019-05-22T22:45:00+09:00,J3,501,431,932
2019-05-22T22:45:00+09:00,J4,396,425,821
2019-05-22T22:45:00+09:00,J5,207,258,465
2019-05-22T23:00:00+09:00,J1,462,568,1030
2019-05-22T23:00:00+09:00,J2,290,343,633
2019-05-22T23:00:00+09:00,J3,429,424,853
2019-05-22T23:00:00+09:00,J4,419,509,928
2019-05-22T23:00:00+09:00,J5,203,226,429
2019-05-22T23:15:00+09:00,J1,458,496,954
2019-05-22T23:15:00+09:00,J2,299,345,644
2019-05-22T23:15:00+09:00,J3,445,451,896
2019-05-22T23:15:00+09:00,J4,442,482,924
2019-05-22T23:15:00+09:00,J5,243,263,506
2019-05-22T23:30:00+09:00,J1,388,461,849
2019-05-22T23:30:00+09:00,J2,277,373,650
2019-05-22T23:30:00+09:00,J3,408,438,846
2019-05-22T23:30:00+09:00,J4,438,493,931
2019-05-22T23:30:00+09:00,J5,203,238,441
2019-05-22T23:45:00+09:00,J1,395,408,803
2019-05-22T23:45:00+09:00,J2,268,298,566
2019-05-22T23:45:00+09:00,J3,474,386,860
2019-05-22T23:45:00+09:00,J4,421,482,903
2019-05-22T23:45:00+09:00,J5,215,270,485
2019-05-23T00:00:00+09:00,J1,352,367,719
2019-05-23T00:00:00+09:00,J2,240,212,452
2019-05-23T00:00:00+09:00,J3,412,406,818
2019-05-23T00:00:00+09:00,J4,373,400,773
2019-05-23T00:00:00+09:00,J5,320,398,718
2019-05-23T00:15:00+09:00,J1,289,324,613
2019-05-23T00:15:00+09:00,J2,248,279,527
2019-05-23T00:15:00+09:00,J3,373,391,764
2019-05-23T00:15:00+09:00,J4,460,522,982
2019-05-23T00:15:00+09:00,J5,404,453,857
2019-05-23T00:30:00+09:00,J1,276,292,568
2019-05-23T00:30:00+09:00,J2,270,279,549
2019-05-23T00:30:00+09:00,J3,352,353,705
2019-05-23T00:30:00+09:00,J4,538,485,1023
2019-05-23T00:30:00+09:00,J5,447,429,876
2019-05-23T00:45:00+09:00,J1,351,315,666
2019-05-23T00:45:00+09:00,J2,305,254,559
2019-05-23T00:45:00+09:00,J3,313,351,664
2019-05-23T00:45:00+09:00,J4,484,464,948
2019-05-23T00:45:00+09:00,J5,438,467,905
2019-05-23T05:45:00+09:00,J1,237,260,497
2019-05-23T05:45:00+09:00,J2,263,205,468
2019-05-23T05:45:00+09:00,J3,574,508,1082
2019-05-23T05:45:00+09:00,J4,587,584,1171
2019-05-23T05:45:00+09:00,J5,261,190,451
2019-05-23T06:00:00+09:00,J1,283,273,556
2019-05-23T06:00:00+09:00,J2,332,252,584
2019-05-23T06:00:00+09:00,J3,614,591,1205
2019-05-23T06:00:00+09:00,J4,733,628,1361
2019-05-23T06:00:00+09:00,J5,251,209,460
2019-05-23T06:15:00+09:00,J1,295,333,628
2019-05-23T06:15:00+09:00,J2,336,278,614
2019-05-23T06:15:00+09:00,J3,718,616,1334
2019-05-23T06:15:00+09:00,J4,696,603,1299
2019-05-23T06:15:00+09:00,J5,244,227,471
2019-05-23T06:30:00+09:00,J1,335,364,699
2019-05-23T06:30:00+09:00,J2,323,277,600
2019-05-23T06:30:00+09:00,J3,608,630,1238
2019-05-23T06:30:00+09:00,J4,626,629,1255
2019-05-23T06:30:00+09:00,J5,274,243,517
2019-05-23T06:45:00+09:00,J1,348,371,719
2019-05-23T06:45:00+09:00,J2,388,351,739
2019-05-23T06:45:00+09:00,J3,592,596,1188
2019-05-23T06:45:00+09:00,J4,689,642,1331
2019-05-23T06:45:00+09:00,J5,294,311,605
2019-05-23T07:00:00+09:00,J1,393,325,718
2019-05-23T07:00:00+09:00,J2,403,373,776
2019-05-23T07:00:00+09:00,J3,523,535,1058
2019-05-23T07:00:00+09:00,J4,647,628,1275
2019-05-23T07:00:00+09:00,J5,335,352,687
2019-05-23T07:15:00+09:00,J1,465,429,894
2019-05-23T07:15:00+09:00,J2,319,356,675
2019-05-23T07:15:00+09:00,J3,499,547,1046
2019-05-23T07:15:00+09:00,J4,678,714,1392
2019-05-23T07:15:00+09:00,J5,415,445,860
2019-05-23T07:30:00+09:00,J1,561,493,1054
2019-05-23T07:30:00+09:00,J2,381,363,744
2019-05-23T07:30:00+09:00,J3,594,620,1214
2019-05-23T07:30:00+09:00,J4,662,732,1394
2019-05-23T07:30:00+09:00,J5,578,603,1181
2019-05-23T07:45:00+09:00,J1,789,590,1379
2019-05-23T07:45:00+09:00,J2,454,367,821
2019-05-23T07:45:00+09:00,J3,651,680,1331
2019-05-23T07:45:00+09:00,J4,599,876,1475
2019-05-23T07:45:00+09:00,J5,600,652,1252
2019-05-23T08:00:00+09:00,J1,1165,781,1946
2019-05-23T08:00:00+09:00,J2,497,391,888
2019-05-23T08:00:00+09:00,J3,761,813,1574
2019-05-23T08:00:00+09:00,J4,601,910,1511
2019-05-23T08:00:00+09:00,J5,449,415,864
2019-05-23T08:15:00+09:00,J1,1217,731,1948
2019-05-23T08:15:00+09:00,J2,507,349,856
2019-05-23T08:15:00+09:00,J3,791,1031,1822
2019-05-23T08:15:00+09:00,J4,685,1054,1739
2019-05-23T08:15:00+09:00,J5,469,480,949
2019-05-23T08:30:00+09:00,J1,1190,785,1975
2019-05-23T08:30:00+09:00,J2,624,405,1029
2019-05-23T08:30:00+09:00,J3,825,1099,1924
2019-05-23T08:30:00+09:00,J4,893,1059,1952
2019-05-23T08:30:00+09:00,J5,584,581,1165
2019-05-23T08:45:00+09:00,J1,984,737,1721
2019-05-23T08:45:00+09:00,J2,496,367,863
2019-05-23T08:45:00+09:00,J3,778,904,1682
2019-05-23T08:45:00+09:00,J4,717,846,1563
2019-05-23T08:45:00+09:00,J5,411,392,803
2019-05-23T09:00:00+09:00,J1,860,710,1570
2019-05-23T09:00:00+09:00,J2,487,449,936
2019-05-23T09:00:00+09:00,J3,751,760,1511
2019-05-23T09:00:00+09:00,J4,458,644,1102
2019-05-23T09:00:00+09:00,J5,334,335,669
2019-05-23T09:15:00+09:00,J1,754,639,1393
2019-05-23T09:15:00+09:00,J2,475,338,813
2019-05-23T09:15:00+09:00,J3,762,793,1555
2019-05-23T09:15:00+09:00,J4,621,727,1348
2019-05-23T09:15:00+09:00,J5,331,386,717
2019-05-23T09:30:00+09:00,J1,718,590,1308
2019-05-23T09:30:00+09:00,J2,451,339,790
2019-05-23T09:30:00+09:00,J3,743,760,1503
2019-05-23T09:30:00+09:00,J4,589,613,1202
2019-05-23T09:30:00+09:00,J5,330,370,700
2019-05-23T09:45:00+09:00,J1,708,585,1293
2019-05-23T09:45:00+09:00,J2,465,416,881
2019-05-23T09:45:00+09:00,J3,710,728,1438
2019-05-23T09:45:00+09:00,J4,536,495,1031
2019-05-23T09:45:00+09:00,J5,365,333,698
2019-05-23T10:00:00+09:00,J1,578,580,1158
2019-05-23T10:00:00+09:00,J2,392,331,723
2019-05-23T10:00:00+09:00,J3,717,702,1419
2019-05-23T10:00:00+09:00,J4,573,508,1081
2019-05-23T10:00:00+09:00,J5,301,257,558
2019-05-23T10:15:00+09:00,J1,641,606,1247
2019-05-23T10:15:00+09:00,J2,415,341,756
2019-05-23T10:15:00+09:00,J3,820,716,1536
2019-05-23T10:15:00+09:00,J4,578,565,1143
2019-05-23T10:15:00+09:00,J5,298,299,597
2019-05-23T10:30:00+09:00,J1,644,674,1318
2019-05-23T10:30:00+09:00,J2,477,368,845
2019-05-23T10:30:00+09:00,J3,876,838,1714
2019-05-23T10:30:00+09:00,J4,740,672,1412
2019-05-23T10:30:00+09:00,J5,301,362,663
2019-05-23T10:45:00+09:00,J1,585,660,1245
2019-05-23T10:45:00+09:00,J2,499,448,947
2019-05-23T10:45:00+09:00,J3,811,829,1640
2019-05-23T10:45:00+09:00,J4,823,781,1604
2019-05-23T10:45:00+09:00,J5,294,325,619
2019-05-23T11:00:00+09:00,J1,693,675,1368
2019-05-23T11:00:00+09:00,J2,500,402,902
2019-05-23T11:00:00+09:00,J3,748,755,1503
2019-05-23T11:00:00+09:00,J4,793,781,1574
2019-05-23T11:00:00+09:00,J5,294,333,627
2019-05-23T11:15:00+09:00,J1,709,828,1537
2019-05-23T11:15:00+09:00,J2,500,400,900
2019-05-23T11:15:00+09:00,J3,762,752,1514
2019-05-23T11:15:00+09:00,J4,631,679,1310
2019-05-23T11:15:00+09:00,J5,304,336,640
2019-05-23T11:30:00+09:00,J1,738,793,1531
2019-05-23T11:30:00+09:00,J2,495,417,912
2019-05-23T11:30:00+09:00,J3,670,739,1409
2019-05-23T11:30:00+09:00,J4,872,850,1722
2019-05-23T11:30:00+09:00,J5,386,322,708
2019-05-23T11:45:00+09:00,J1,736,815,1551
2019-05-23T11:45:00+09:00,J2,476,433,909
2019-05-23T11:45:00+09:00,J3,679,724,1403
2019-05-23T11:45:00+09:00,J4,721,680,1401
2019-05-23T11:45:00+09:00,J5,350,318,668
2019-05-23T12:00:00+09:00,J1,704,802,1506
2019-05-23T12:00:00+09:00,J2,498,490,988
2019-05-23T12:00:00+09:00,J3,673,755,1428
2019-05-23T12:00:00+09:00,J4,879,838,1717
2019-05-23T12:00:00+09:00,J5,402,416,818
2019-05-23T12:15:00+09:00,J1,571,741,1312
2019-05-23T12:15:00+09:00,J2,490,478,968
2019-05-23T12:15:00+09:00,J3,605,692,1297
2019-05-23T12:15:00+09:00,J4,762,793,1555
2019-05-23T12:15:00+09:00,J5,393,351,744
2019-05-23T12:30:00+09:00,J1,556,718,1274
2019-05-23T12:30:00+09:00,J2,468,488,956
2019-05-23T12:30:00+09:00,J3,584,740,1324
2019-05-23T12:30:00+09:00,J4,832,805,1637
2019-05-23T12:30:00+09:00,J5,400,367,767
2019-05-23T12:45:00+09:00,J1,518,606,1124
2019-05-23T12:45:00+09:00,J2,552,427,979
2019-05-23T12:45:00+09:00,J3,590,623,1213
2019-05-23T12:45:00+09:00,J4,754,835,1589
2019-05-23T12:45:00+09:00,J5,381,377,758
2019-05-23T13:00:00+09:00,J1,553,584,1137
2019-05-23T13:00:00+09:00,J2,566,425,991
2019-05-23T13:00:00+09:00,J3,559,584,1143
2019-05-23T13:00:00+09:00,J4,778,718,1496
2019-05-23T13:00:00+09:00,J5,331,381,712
2019-05-23T13:15:00+09:00,J1,532,645,1177
2019-05-23T13:15:00+09:00,J2,505,414,919
2019-05-23T13:15:00+09:00,J3,555,636,1191
2019-05-23T13:15:00+09:00,J4,804,771,1575
2019-05-23T13:15:00+09:00,J5,387,337,724
2019-05-23T13:30:00+09:00,J1,575,691,1266
2019-05-23T13:30:00+09:00,J2,522,501,1023
2019-05-23T13:30:00+09:00,J3,591,622,1213
2019-05-23T13:30:00+09:00,J4,759,732,1491
2019-05-23T13:30:00+09:00,J5,349,323,672
2019-05-23T13:45:00+09:00,J1,545,653,1198
2019-05-23T13:45:00+09:00,J2,438,466,904
2019-05-23T13:45:00+09:00,J3,539,652,1191
2019-05-23T13:45:00+09:00,J4,686,654,1340
2019-05-23T13:45:00+09:00,J5,331,279,610
2019-05-23T14:00:00+09:00,J1,574,710,1284
2019-05-23T14:00:00+09:00,J2,488,443,931
2019-05-23T14:00:00+09:00,J3,587,639,1226
2019-05-23T14:00:00+09:00,J4,593,607,1200
2019-05-23T14:00:00+09:00,J5,339,333,672
2019-05-23T14:15:00+09:00,J1,586,657,1243
2019-05-23T14:15:00+09:00,J2,494,459,953
2019-05-23T14:15:00+09:00,J3,590,645,1235
2019-05-23T14:15:00+09:00,J4,850,765,1615
2019-05-23T14:15:00+09:00,J5,344,344,688
2019-05-23T14:30:00+09:00,J1,544,690,1234
2019-05-23T14:30:00+09:00,J2,484,485,969
2019-05-23T14:30:00+09:00,J3,560,699,1259
2019-05-23T14:30:00+09:00,J4,859,826,1685
2019-05-23T14:30:00+09:00,J5,374,402,776
2019-05-23T14:45:00+09:00,J1,540,621,1161
2019-05-23T14:45:00+09:00,J2,504,515,1019
2019-05-23T14:45:00+09:00,J3,596,675,1271
2019-05-23T14:45:00+09:00,J4,811,705,1516
2019-05-23T14:45:00+09:00,J5,344,334,678
2019-05-23T15:00:00+09:00,J1,531,713,1244
2019-05-23T15:00:00+09:00,J2,444,492,936
2019-05-23T15:00:00+09:00,J3,574,663,1237
2019-05-23T15:00:00+09:00,J4,924,863,1787
2019-05-23T15:00:00+09:00,J5,332,372,704
2019-05-23T15:15:00+09:00,J1,544,642,1186
2019-05-23T15:15:00+09:00,J2,484,466,950
2019-05-23T15:15:00+09:00,J3,587,664,1251
2019-05-23T15:15:00+09:00,J4,931,887,1818
2019-05-23T15:15:00+09:00,J5,397,320,717
2019-05-23T15:30:00+09:00,J1,555,751,1306
2019-05-23T15:30:00+09:00,J2,515,518,1033
2019-05-23T15:30:00+09:00,J3,585,666,1251
2019-05-23T15:30:00+09:00,J4,950,917,1867
2019-05-23T15:30:00+09:00,J5,356,390,746
2019-05-23T15:45:00+09:00,J1,568,688,1256
2019-05-23T15:45:00+09:00,J2,499,417,916
2019-05-23T15:45:00+09:00,J3,606,638,1244
2019-05-23T15:45:00+09:00,J4,859,806,1665
2019-05-23T15:45:00+09:00,J5,356,403,759
2019-05-23T16:00:00+09:00,J1,530,628,1158
2019-05-23T16:00:00+09:00,J2,505,518,1023
2019-05-23T16:00:00+09:00,J3,607,650,1257
2019-05-23T16:00:00+09:00,J4,813,801,1614
2019-05-23T16:00:00+09:00,J5,355,368,723
2019-05-23T16:15:00+09:00,J1,551,751,1302
2019-05-23T16:15:00+09:00,J2,511,511,1022
2019-05-23T16:15:00+09:00,J3,599,678,1277
2019-05-23T16:15:00+09:00,J4,909,852,1761
2019-05-23T16:15:00+09:00,J5,365,376,741
2019-05-23T16:30:00+09:00,J1,496,665,1161
2019-05-23T16:30:00+09:00,J2,467,379,846
2019-05-23T16:30:00+09:00,J3,593,627,1220
2019-05-23T16:30:00+09:00,J4,926,922,1848
2019-05-23T16:30:00+09:00,J5,369,449,818
2019-05-23T16:45:00+09:00,J1,563,653,1216
2019-05-23T16:45:00+09:00,J2,492,458,950
2019-05-23T16:45:00+09:00,J3,622,613,1235
2019-05-23T16:45:00+09:00,J4,944,846,1790
2019-05-23T16:45:00+09:00,J5,441,438,879
2019-05-23T17:00:00+09:00,J1,617,753,1370
2019-05-23T17:00:00+09:00,J2,567,460,1027
2019-05-23T17:00:00+09:00,J3,712,690,1402
2019-05-23T17:00:00+09:00,J4,955,865,1820
2019-05-23T17:00:00+09:00,J5,503,513,1016
2019-05-23T17:15:00+09:00,J1,640,796,1436
2019-05-23T17:15:00+09:00,J2,585,441,1026
2019-05-23T17:15:00+09:00,J3,726,672,1398
2019-05-23T17:15:00+09:00,J4,1005,885,1890
2019-05-23T17:15:00+09:00,J5,503,585,1088
2019-05-23T17:30:00+09:00,J1,721,812,1533
2019-05-23T17:30:00+09:00,J2,634,483,1117
2019-05-23T17:30:00+09:00,J3,824,743,1567
2019-05-23T17:30:00+09:00,J4,1045,923,1968
2019-05-23T17:30:00+09:00,J5,517,598,1115
2019-05-23T17:45:00+09:00,J1,692,828,1520
2019-05-23T17:45:00+09:00,J2,616,392,1008
2019-05-23T17:45:00+09:00,J3,856,688,1544
2019-05-23T17:45:00+09:00,J4,1076,890,1966
2019-05-23T17:45:00+09:00,J5,496,592,1088
2019-05-23T18:00:00+09:00,J1,739,858,1597
2019-05-23T18:00:00+09:00,J2,600,444,1044
2019-05-23T18:00:00+09:00,J3,883,645,1528
2019-05-23T18:00:00+09:00,J4,1094,980,2074
2019-05-23T18:00:00+09:00,J5,522,597,1119
2019-05-23T18:15:00+09:00,J1,814,832,1646
2019-05-23T18:15:00+09:00,J2,637,423,1060
2019-05-23T18:15:00+09:00,J3,795,666,1461
2019-05-23T18:15:00+09:00,J4,1066,930,1996
2019-05-23T18:15:00+09:00,J5,489,586,1075
2019-05-23T18:30:00+09:00,J1,635,840,1475
2019-05-23T18:30:00+09:00,J2,545,424,969
2019-05-23T18:30:00+09:00,J3,713,622,1335
2019-05-23T18:30:00+09:00,J4,1003,841,1844
2019-05-23T18:30:00+09:00,J5,466,499,965
2019-05-23T18:45:00+09:00,J1,780,810,1590
2019-05-23T18:45:00+09:00,J2,537,393,930
2019-05-23T18:45:00+09:00,J3,716,655,1371
2019-05-23T18:45:00+09:00,J4,790,689,1479
2019-05-23T18:45:00+09:00,J5,487,488,975
2019-05-23T19:00:00+09:00,J1,692,752,1444
2019-05-23T19:00:00+09:00,J2,508,418,926
2019-05-23T19:00:00+09:00,J3,787,736,1523
2019-05-23T19:00:00+09:00,J4,755,604,1359
2019-05-23T19:00:00+09:00,J5,485,497,982
2019-05-23T19:15:00+09:00,J1,716,906,1622
2019-05-23T19:15:00+09:00,J2,496,378,874
2019-05-23T19:15:00+09:00,J3,799,753,1552
2019-05-23T19:15:00+09:00,J4,724,597,1321
2019-05-23T19:15:00+09:00,J5,416,506,922
2019-05-23T19:30:00+09:00,J1,734,844,1578
2019-05-23T19:30:00+09:00,J2,473,411,884
2019-05-23T19:30:00+09:00,J3,790,734,1524
2019-05-23T19:30:00+09:00,J4,687,499,1186
2019-05-23T19:30:00+09:00,J5,447,433,880
2019-05-23T19:45:00+09:00,J1,657,773,1430
2019-05-23T19:45:00+09:00,J2,473,382,855
2019-05-23T19:45:00+09:00,J3,765,808,1573
2019-05-23T19:45:00+09:00,J4,667,499,1166
2019-05-23T19:45:00+09:00,J5,366,415,781
2019-05-23T20:00:00+09:00,J1,596,718,1314
2019-05-23T20:00:00+09:00,J2,470,424,894
2019-05-23T20:00:00+09:00,J3,902,861,1763
2019-05-23T20:00:00+09:00,J4,638,588,1226
2019-05-23T20:00:00+09:00,J5,446,397,843
2019-05-23T20:15:00+09:00,J1,653,770,1423
2019-05-23T20:15:00+09:00,J2,508,444,952
2019-05-23T20:15:00+09:00,J3,858,755,1613
2019-05-23T20:15:00+09:00,J4,715,577,1292
2019-05-23T20:15:00+09:00,J5,401,433,834
2019-05-23T20:30:00+09:00,J1,671,766,1437
2019-05-23T20:30:00+09:00,J2,476,464,940
2019-05-23T20:30:00+09:00,J3,920,749,1669
2019-05-23T20:30:00+09:00,J4,640,575,1215
2019-05-23T20:30:00+09:00,J5,383,375,758
2019-05-23T20:45:00+09:00,J1,596,717,1313
2019-05-23T20:45:00+09:00,J2,436,407,843
2019-05-23T20:45:00+09:00,J3,767,708,1475
2019-05-23T20:45:00+09:00,J4,605,564,1169
2019-05-23T20:45:00+09:00,J5,355,310,665
2019-05-23T21:00:00+09:00,J1,608,721,1329
2019-05-23T21:00:00+09:00,J2,396,379,775
2019-05-23T21:00:00+09:00,J3,679,691,1370
2019-05-23T21:00:00+09:00,J4,606,528,1134
2019-05-23T21:00:00+09:00,J5,389,325,714
2019-05-23T21:15:00+09:00,J1,657,748,1405
2019-05-23T21:15:00+09:00,J2,433,408,841
2019-05-23T21:15:00+09:00,J3,718,634,1352
2019-05-23T21:15:00+09:00,J4,597,473,1070
2019-05-23T21:15:00+09:00,J5,390,322,712
2019-05-23T21:30:00+09:00,J1,524,607,1131
2019-05-23T21:30:00+09:00,J2,390,344,734
2019-05-23T21:30:00+09:00,J3,641,633,1274
2019-05-23T21:30:00+09:00,J4,547,488,1035
2019-05-23T21:30:00+09:00,J5,292,279,571
2019-05-23T21:45:00+09:00,J1,515,619,1134
2019-05-23T21:45:00+09:00,J2,394,287,681
2019-05-23T21:45:00+09:00,J3,565,556,1121
2019-05-23T21:45:00+09:00,J4,540,431,971
2019-05-23T21:45:00+09:00,J5,317,298,615
2019-05-23T22:00:00+09:00,J1,539,578,1117
2019-05-23T22:00:00+09:00,J2,339,348,687
2019-05-23T22:00:00+09:00,J3,583,508,1091
2019-05-23T22:00:00+09:00,J4,495,484,979
2019-05-23T22:00:00+09:00,J5,278,240,518
2019-05-23T22:15:00+09:00,J1,486,500,986
2019-05-23T22:15:00+09:00,J2,332,342,674
2019-05-23T22:15:00+09:00,J3,583,519,1102
2019-05-23T22:15:00+09:00,J4,484,426,910
2019-05-23T22:15:00+09:00,J5,284,265,549
2019-05-23T22:30:00+09:00,J1,419,561,980
2019-05-23T22:30:00+09:00,J2,313,337,650
2019-05-23T22:30:00+09:00,J3,581,500,1081
2019-05-23T22:30:00+09:00,J4,447,478,925
2019-05-23T22:30:00+09:00,J5,272,269,541
2019-05-23T22:45:00+09:00,J1,388,488,876
2019-05-23T22:45:00+09:00,J2,266,290,556
2019-05-23T22:45:00+09:00,J3,505,496,1001
2019-05-23T22:45:00+09:00,J4,399,430,829
2019-05-23T22:45:00+09:00,J5,254,307,561
2019-05-23T23:00:00+09:00,J1,384,498,882
2019-05-23T23:00:00+09:00,J2,290,299,589
2019-05-23T23:00:00+09:00,J3,543,520,1063
2019-05-23T23:00:00+09:00,J4,441,420,861
2019-05-23T23:00:00+09:00,J5,278,306,584
2019-05-23T23:15:00+09:00,J1,419,415,834
2019-05-23T23:15:00+09:00,J2,235,300,535
2019-05-23T23:15:00+09:00,J3,472,432,904
2019-05-23T23:15:00+09:00,J4,361,437,798
2019-05-23T23:15:00+09:00,J5,357,415,772
2019-05-23T23:30:00+09:00,J1,357,421,778
2019-05-23T23:30:00+09:00,J2,266,276,542
2019-05-23T23:30:00+09:00,J3,485,464,949
2019-05-23T23:30:00+09:00,J4,361,443,804
2019-05-23T23:30:00+09:00,J5,430,491,921
2019-05-23T23:45:00+09:00,J1,387,427,814
2019-05-23T23:45:00+09:00,J2,289,299,588
2019-05-23T23:45:00+09:00,J3,472,383,855
2019-05-23T23:45:00+09:00,J4,379,394,773
2019-05-23T23:45:00+09:00,J5,322,419,741
2019-05-24T00:00:00+09:00,J1,362,365,727
2019-05-24T00:00:00+09:00,J2,269,314,583
2019-05-24T00:00:00+09:00,J3,394,370,764
2019-05-24T00:00:00+09:00,J4,420,427,847
2019-05-24T00:00:00+09:00,J5,416,498,914
2019-05-24T00:15:00+09:00,J1,320,409,729
2019-05-24T00:15:00+09:00,J2,242,210,452
2019-05-24T00:15:00+09:00,J3,388,372,760
2019-05-24T00:15:00+09:00,J4,420,436,856
2019-05-24T00:15:00+09:00,J5,424,463,887
2019-05-24T00:30:00+09:00,J1,337,318,655
2019-05-24T00:30:00+09:00,J2,205,205,410
2019-05-24T00:30:00+09:00,J3,387,339,726
2019-05-24T00:30:00+09:00,J4,479,529,1008
2019-05-24T00:30:00+09:00,J5,379,408,787
2019-05-24T00:45:00+09:00,J1,327,325,652
2019-05-24T00:45:00+09:00,J2,226,237,463
2019-05-24T00:45:00+09:00,J3,420,335,755
2019-05-24T00:45:00+09:00,J4,481,473,954
2019-05-24T00:45:00+09:00,J5,377,409,786
2019-05-24T05:45:00+09:00,J1,315,307,622
2019-05-24T05:45:00+09:00,J2,333,344,677
2019-05-24T05:45:00+09:00,J3,576,523,1099
2019-05-24T05:45:00+09:00,J4,752,634,1386
2019-05-24T05:45:00+09:00,J5,217,171,388
2019-05-24T06:00:00+09:00,J1,302,302,604
2019-05-24T06:00:00+09:00,J2,301,332,633
2019-05-24T06:00:00+09:00,J3,593,522,1115
2019-05-24T06:00:00+09:00,J4,744,633,1377
2019-05-24T06:00:00+09:00,J5,218,158,376
2019-05-24T06:15:00+09:00,J1,376,352,728
2019-05-24T06:15:00+09:00,J2,292,328,620
2019-05-24T06:15:00+09:00,J3,565,561,1126
2019-05-24T06:15:00+09:00,J4,606,641,1247
2019-05-24T06:15:00+09:00,J5,267,232,499
2019-05-24T06:30:00+09:00,J1,331,329,660
2019-05-24T06:30:00+09:00,J2,337,307,644
2019-05-24T06:30:00+09:00,J3,603,529,1132
2019-05-24T06:30:00+09:00,J4,578,560,1138
2019-05-24T06:30:00+09:00,J5,254,231,485
2019-05-24T06:45:00+09:00,J1,380,367,747
2019-05-24T06:45:00+09:00,J2,285,287,572
2019-05-24T06:45:00+09:00,J3,538,554,1092
2019-05-24T06:45:00+09:00,J4,665,610,1275
2019-05-24T06:45:00+09:00,J5,236,251,487
2019-05-24T07:00:00+09:00,J1,453,421,874
2019-05-24T07:00:00+09:00,J2,325,297,622
2019-05-24T07:00:00+09:00,J3,662,633,1295
2019-05-24T07:00:00+09:00,J4,503,591,1094
2019-05-24T07:00:00+09:00,J5,300,275,575
2019-05-24T07:15:00+09:00,J1,543,441,984
2019-05-24T07:15:00+09:00,J2,362,313,675
2019-05-24T07:15:00+09:00,J3,612,627,1239
2019-05-24T07:15:00+09:00,J4,575,675,1250
2019-05-24T07:15:00+09:00,J5,404,373,777
2019-05-24T07:30:00+09:00,J1,558,483,1041
2019-05-24T07:30:00+09:00,J2,368,339,707
2019-05-24T07:30:00+09:00,J3,630,624,1254
2019-05-24T07:30:00+09:00,J4,584,728,1312
2019-05-24T07:30:00+09:00,J5,445,486,931
2019-05-24T07:45:00+09:00,J1,709,581,1290
2019-05-24T07:45:00+09:00,J2,401,381,782
2019-05-24T07:45:00+09:00,J3,600,680,1280
2019-05-24T07:45:00+09:00,J4,571,864,1435
2019-05-24T07:45:00+09:00,J5,387,346,733
2019-05-24T08:00:00+09:00,J1,1055,856,1911
2019-05-24T08:00:00+09:00,J2,498,418,916
2019-05-24T08:00:00+09:00,J3,750,778,1528
2019-05-24T08:00:00+09:00,J4,600,1048,1648
2019-05-24T08:00:00+09:00,J5,345,396,741
2019-05-24T08:15:00+09:00,J1,1200,826,2026
2019-05-24T08:15:00+09:00,J2,596,397,993
2019-05-24T08:15:00+09:00,J3,850,966,1816
2019-05-24T08:15:00+09:00,J4,685,1076,1761
2019-05-24T08:15:00+09:00,J5,397,398,795
2019-05-24T08:30:00+09:00,J1,1229,775,2004
2019-05-24T08:30:00+09:00,J2,572,371,943
2019-05-24T08:30:00+09:00,J3,761,1058,1819
2019-05-24T08:30:00+09:00,J4,688,1052,1740
2019-05-24T08:30:00+09:00,J5,429,422,851
2019-05-24T08:45:00+09:00,J1,979,757,1736
2019-05-24T08:45:00+09:00,J2,471,311,782
2019-05-24T08:45:00+09:00,J3,686,876,1562
2019-05-24T08:45:00+09:00,J4,536,783,1319
2019-05-24T08:45:00+09:00,J5,371,351,722
2019-05-24T09:00:00+09:00,J1,906,751,1657
2019-05-24T09:00:00+09:00,J2,459,401,860
2019-05-24T09:00:00+09:00,J3,643,655,1298
2019-05-24T09:00:00+09:00,J4,515,674,1189
2019-05-24T09:00:00+09:00,J5,349,323,672
2019-05-24T09:15:00+09:00,J1,798,587,1385
2019-05-24T09:15:00+09:00,J2,439,376,815
2019-05-24T09:15:00+09:00,J3,600,620,1220
2019-05-24T09:15:00+09:00,J4,488,706,1194
2019-05-24T09:15:00+09:00,J5,356,288,644
2019-05-24T09:30:00+09:00,J1,822,598,1420
2019-05-24T09:30:00+09:00,J2,445,352,797
2019-05-24T09:30:00+09:00,J3,628,664,1292
2019-05-24T09:30:00+09:00,J4,477,631,1108
2019-05-24T09:30:00+09:00,J5,359,281,640
2019-05-24T09:45:00+09:00,J1,705,602,1307
2019-05-24T09:45:00+09:00,J2,447,334,781
2019-05-24T09:45:00+09:00,J3,676,703,1379
2019-05-24T09:45:00+09:00,J4,456,539,995
2019-05-24T09:45:00+09:00,J5,296,269,565
2019-05-24T10:00:00+09:00,J1,659,620,1279
2019-05-24T10:00:00+09:00,J2,361,373,734
2019-05-24T10:00:00+09:00,J3,760,784,1544
2019-05-24T10:00:00+09:00,J4,514,576,1090
2019-05-24T10:00:00+09:00,J5,397,337,734
2019-05-24T10:15:00+09:00,J1,657,634,1291
2019-05-24T10:15:00+09:00,J2,437,381,818
2019-05-24T10:15:00+09:00,J3,764,778,1542
2019-05-24T10:15:00+09:00,J4,540,584,1124
2019-05-24T10:15:00+09:00,J5,332,297,629
2019-05-24T10:30:00+09:00,J1,686,658,1344
2019-05-24T10:30:00+09:00,J2,542,434,976
2019-05-24T10:30:00+09:00,J3,843,792,1635
2019-05-24T10:30:00+09:00,J4,589,598,1187
2019-05-24T10:30:00+09:00,J5,447,386,833
2019-05-24T10:45:00+09:00,J1,650,687,1337
2019-05-24T10:45:00+09:00,J2,534,447,981
2019-05-24T10:45:00+09:00,J3,933,851,1784
2019-05-24T10:45:00+09:00,J4,616,651,1267
2019-05-24T10:45:00+09:00,J5,344,311,655
2019-05-24T11:00:00+09:00,J1,653,679,1332
2019-05-24T11:00:00+09:00,J2,577,458,1035
2019-05-24T11:00:00+09:00,J3,939,887,1826
2019-05-24T11:00:00+09:00,J4,623,578,1201
2019-05-24T11:00:00+09:00,J5,349,296,645
2019-05-24T11:15:00+09:00,J1,750,919,1669
2019-05-24T11:15:00+09:00,J2,535,415,950
2019-05-24T11:15:00+09:00,J3,763,891,1654
2019-05-24T11:15:00+09:00,J4,673,701,1374
2019-05-24T11:15:00+09:00,J5,372,419,791
2019-05-24T11:30:00+09:00,J1,702,778,1480
2019-05-24T11:30:00+09:00,J2,492,411,903
2019-05-24T11:30:00+09:00,J3,684,854,1538
2019-05-24T11:30:00+09:00,J4,688,778,1466
2019-05-24T11:30:00+09:00,J5,337,331,668
2019-05-24T11:45:00+09:00,J1,730,761,1491
2019-05-24T11:45:00+09:00,J2,531,452,983
2019-05-24T11:45:00+09:00,J3,743,761,1504
2019-05-24T11:45:00+09:00,J4,572,632,1204
2019-05-24T11:45:00+09:00,J5,297,277,574
2019-05-24T12:00:00+09:00,J1,631,855,1486
2019-05-24T12:00:00+09:00,J2,488,434,922
2019-05-24T12:00:00+09:00,J3,697,807,1504
2019-05-24T12:00:00+09:00,J4,644,647,1291
2019-05-24T12:00:00+09:00,J5,387,350,737
2019-05-24T12:15:00+09:00,J1,593,776,1369
2019-05-24T12:15:00+09:00,J2,523,414,937
2019-05-24T12:15:00+09:00,J3,696,690,1386
2019-05-24T12:15:00+09:00,J4,790,791,1581
2019-05-24T12:15:00+09:00,J5,380,328,708
2019-05-24T12:30:00+09:00,J1,624,697,1321
2019-05-24T12:30:00+09:00,J2,557,444,1001
2019-05-24T12:30:00+09:00,J3,623,801,1424
2019-05-24T12:30:00+09:00,J4,931,957,1888
2019-05-24T12:30:00+09:00,J5,396,372,768
2019-05-24T12:45:00+09:00,J1,586,727,1313
2019-05-24T12:45:00+09:00,J2,554,479,1033
2019-05-24T12:45:00+09:00,J3,700,723,1423
2019-05-24T12:45:00+09:00,J4,838,863,1701
2019-05-24T12:45:00+09:00,J5,388,316,704
2019-05-24T13:00:00+09:00,J1,595,735,1330
2019-05-24T13:00:00+09:00,J2,530,478,1008
2019-05-24T13:00:00+09:00,J3,701,662,1363
2019-05-24T13:00:00+09:00,J4,799,862,1661
2019-05-24T13:00:00+09:00,J5,382,392,774
2019-05-24T13:15:00+09:00,J1,657,692,1349
2019-05-24T13:15:00+09:00,J2,527,473,1000
2019-05-24T13:15:00+09:00,J3,680,688,1368
2019-05-24T13:15:00+09:00,J4,800,711,1511
2019-05-24T13:15:00+09:00,J5,351,330,681
2019-05-24T13:30:00+09:00,J1,761,838,1599
2019-05-24T13:30:00+09:00,J2,503,424,927
2019-05-24T13:30:00+09:00,J3,732,679,1411
2019-05-24T13:30:00+09:00,J4,833,816,1649
2019-05-24T13:30:00+09:00,J5,357,367,724
2019-05-24T13:45:00+09:00,J1,723,721,1444
2019-05-24T13:45:00+09:00,J2,508,449,957
2019-05-24T13:45:00+09:00,J3,576,694,1270
2019-05-24T13:45:00+09:00,J4,881,876,1757
2019-05-24T13:45:00+09:00,J5,368,331,699
2019-05-24T14:00:00+09:00,J1,724,754,1478
2019-05-24T14:00:00+09:00,J2,513,473,986
2019-05-24T14:00:00+09:00,J3,585,613,1198
2019-05-24T14:00:00+09:00,J4,816,794,1610
2019-05-24T14:00:00+09:00,J5,358,354,712
2019-05-24T14:15:00+09:00,J1,763,815,1578
2019-05-24T14:15:00+09:00,J2,517,513,1030
2019-05-24T14:15:00+09:00,J3,652,657,1309
2019-05-24T14:15:00+09:00,J4,825,828,1653
2019-05-24T14:15:00+09:00,J5,331,366,697
2019-05-24T14:30:00+09:00,J1,793,813,1606
2019-05-24T14:30:00+09:00,J2,480,453,933
2019-05-24T14:30:00+09:00,J3,698,757,1455
2019-05-24T14:30:00+09:00,J4,787,821,1608
2019-05-24T14:30:00+09:00,J5,368,388,756
2019-05-24T14:45:00+09:00,J1,756,812,1568
2019-05-24T14:45:00+09:00,J2,512,461,973
2019-05-24T14:45:00+09:00,J3,672,721,1393
2019-05-24T14:45:00+09:00,J4,817,744,1561
2019-05-24T14:45:00+09:00,J5,388,323,711
2019-05-24T15:00:00+09:00,J1,783,859,1642
2019-05-24T15:00:00+09:00,J2,520,450,970
2019-05-24T15:00:00+09:00,J3,660,699,1359
2019-05-24T15:00:00+09:00,J4,822,852,1674
2019-05-24T15:00:00+09:00,J5,340,364,704
2019-05-24T15:15:00+09:00,J1,773,847,1620
2019-05-24T15:15:00+09:00,J2,562,456,1018
2019-05-24T15:15:00+09:00,J3,644,685,1329
2019-05-24T15:15:00+09:00,J4,887,873,1760
2019-05-24T15:15:00+09:00,J5,360,397,757
2019-05-24T15:30:00+09:00,J1,813,808,1621
2019-05-24T15:30:00+09:00,J2,537,484,1021
2019-05-24T15:30:00+09:00,J3,637,698,1335
2019-05-24T15:30:00+09:00,J4,891,909,1800
2019-05-24T15:30:00+09:00,J5,384,414,798
2019-05-24T15:45:00+09:00,J1,766,861,1627
2019-05-24T15:45:00+09:00,J2,602,445,1047
2019-05-24T15:45:00+09:00,J3,673,688,1361
2019-05-24T15:45:00+09:00,J4,941,978,1919
2019-05-24T15:45:00+09:00,J5,370,386,756
2019-05-24T16:00:00+09:00,J1,679,744,1423
2019-05-24T16:00:00+09:00,J2,573,504,1077
2019-05-24T16:00:00+09:00,J3,683,742,1425
2019-05-24T16:00:00+09:00,J4,990,877,1867
2019-05-24T16:00:00+09:00,J5,401,446,847
2019-05-24T16:15:00+09:00,J1,722,775,1497
2019-05-24T16:15:00+09:00,J2,576,465,1041
2019-05-24T16:15:00+09:00,J3,658,727,1385
2019-05-24T16:15:00+09:00,J4,929,908,1837
2019-05-24T16:15:00+09:00,J5,413,444,857
2019-05-24T16:30:00+09:00,J1,601,746,1347
2019-05-24T16:30:00+09:00,J2,482,459,941
2019-05-24T16:30:00+09:00,J3,633,694,1327
2019-05-24T16:30:00+09:00,J4,917,891,1808
2019-05-24T16:30:00+09:00,J5,412,432,844
2019-05-24T16:45:00+09:00,J1,687,796,1483
2019-05-24T16:45:00+09:00,J2,503,463,966
2019-05-24T16:45:00+09:00,J3,676,757,1433
2019-05-24T16:45:00+09:00,J4,942,875,1817
2019-05-24T16:45:00+09:00,J5,354,440,794
2019-05-24T17:00:00+09:00,J1,839,888,1727
2019-05-24T17:00:00+09:00,J2,608,509,1117
2019-05-24T17:00:00+09:00,J3,746,749,1495
2019-05-24T17:00:00+09:00,J4,982,929,1911
2019-05-24T17:00:00+09:00,J5,380,422,802
2019-05-24T17:15:00+09:00,J1,831,882,1713
2019-05-24T17:15:00+09:00,J2,645,460,1105
2019-05-24T17:15:00+09:00,J3,836,804,1640
2019-05-24T17:15:00+09:00,J4,990,980,1970
2019-05-24T17:15:00+09:00,J5,432,469,901
2019-05-24T17:30:00+09:00,J1,901,1075,1976
2019-05-24T17:30:00+09:00,J2,747,472,1219
2019-05-24T17:30:00+09:00,J3,919,927,1846
2019-05-24T17:30:00+09:00,J4,1042,993,2035
2019-05-24T17:30:00+09:00,J5,425,512,937
2019-05-24T17:45:00+09:00,J1,895,1001,1896
2019-05-24T17:45:00+09:00,J2,692,473,1165
2019-05-24T17:45:00+09:00,J3,953,906,1859
2019-05-24T17:45:00+09:00,J4,1080,944,2024
2019-05-24T17:45:00+09:00,J5,459,501,960
2019-05-24T18:00:00+09:00,J1,929,1159,2088
2019-05-24T18:00:00+09:00,J2,673,508,1181
2019-05-24T18:00:00+09:00,J3,1090,863,1953
2019-05-24T18:00:00+09:00,J4,1123,914,2037
2019-05-24T18:00:00+09:00,J5,471,514,985
2019-05-24T18:15:00+09:00,J1,928,1099,2027
2019-05-24T18:15:00+09:00,J2,709,438,1147
2019-05-24T18:15:00+09:00,J3,1013,965,1978
2019-05-24T18:15:00+09:00,J4,1122,905,2027
2019-05-24T18:15:00+09:00,J5,440,528,968
2019-05-24T18:30:00+09:00,J1,933,1032,1965
2019-05-24T18:30:00+09:00,J2,744,414,1158
2019-05-24T18:30:00+09:00,J3,1001,895,1896
2019-05-24T18:30:00+09:00,J4,1034,872,1906
2019-05-24T18:30:00+09:00,J5,438,519,957
2019-05-24T18:45:00+09:00,J1,847,953,1800
2019-05-24T18:45:00+09:00,J2,643,488,1131
2019-05-24T18:45:00+09:00,J3,932,857,1789
2019-05-24T18:45:00+09:00,J4,887,791,1678
2019-05-24T18:45:00+09:00,J5,457,466,923
2019-05-24T19:00:00+09:00,J1,738,863,1601
2019-05-24T19:00:00+09:00,J2,614,469,1083
2019-05-24T19:00:00+09:00,J3,964,848,1812
2019-05-24T19:00:00+09:00,J4,836,754,1590
2019-05-24T19:00:00+09:00,J5,481,490,971
2019-05-24T19:15:00+09:00,J1,763,858,1621
2019-05-24T19:15:00+09:00,J2,613,478,1091
2019-05-24T19:15:00+09:00,J3,1006,899,1905
2019-05-24T19:15:00+09:00,J4,752,639,1391
2019-05-24T19:15:00+09:00,J5,427,453,880
2019-05-24T19:30:00+09:00,J1,677,835,1512
2019-05-24T19:30:00+09:00,J2,568,441,1009
2019-05-24T19:30:00+09:00,J3,908,809,1717
2019-05-24T19:30:00+09:00,J4,739,551,1290
2019-05-24T19:30:00+09:00,J5,402,412,814
2019-05-24T19:45:00+09:00,J1,653,752,1405
2019-05-24T19:45:00+09:00,J2,523,448,971
2019-05-24T19:45:00+09:00,J3,825,832,1657
2019-05-24T19:45:00+09:00,J4,722,638,1360
2019-05-24T19:45:00+09:00,J5,381,411,792
2019-05-24T20:00:00+09:00,J1,694,773,1467
2019-05-24T20:00:00+09:00,J2,569,438,1007
2019-05-24T20:00:00+09:00,J3,844,789,1633
2019-05-24T20:00:00+09:00,J4,716,627,1343
2019-05-24T20:00:00+09:00,J5,391,435,826
2019-05-24T20:15:00+09:00,J1,647,764,1411
2019-05-24T20:15:00+09:00,J2,597,412,1009
2019-05-24T20:15:00+09:00,J3,851,786,1637
2019-05-24T20:15:00+09:00,J4,692,609,1301
2019-05-24T20:15:00+09:00,J5,401,397,798
2019-05-24T20:30:00+09:00,J1,632,695,1327
2019-05-24T20:30:00+09:00,J2,468,369,837
2019-05-24T20:30:00+09:00,J3,758,672,1430
2019-05-24T20:30:00+09:00,J4,669,646,1315
2019-05-24T20:30:00+09:00,J5,359,323,682
2019-05-24T20:45:00+09:00,J1,576,691,1267
2019-05-24T20:45:00+09:00,J2,505,393,898
2019-05-24T20:45:00+09:00,J3,749,641,1390
2019-05-24T20:45:00+09:00,J4,671,650,1321
2019-05-24T20:45:00+09:00,J5,331,330,661
2019-05-24T21:00:00+09:00,J1,581,665,1246
2019-05-24T21:00:00+09:00,J2,428,448,876
2019-05-24T21:00:00+09:00,J3,684,633,1317
2019-05-24T21:00:00+09:00,J4,614,636,1250
2019-05-24T21:00:00+09:00,J5,374,325,699
2019-05-24T21:15:00+09:00,J1,579,697,1276
2019-05-24T21:15:00+09:00,J2,469,453,922
2019-05-24T21:15:00+09:00,J3,707,627,1334
2019-05-24T21:15:00+09:00,J4,657,582,1239
2019-05-24T21:15:00+09:00,J5,330,317,647
2019-05-24T21:30:00+09:00,J1,582,648,1230
2019-05-24T21:30:00+09:00,J2,443,445,888
2019-05-24T21:30:00+09:00,J3,641,572,1213
2019-05-24T21:30:00+09:00,J4,605,542,1147
2019-05-24T21:30:00+09:00,J5,362,315,677
2019-05-24T21:45:00+09:00,J1,531,619,1150
2019-05-24T21:45:00+09:00,J2,402,403,805
2019-05-24T21:45:00+09:00,J3,625,544,1169
2019-05-24T21:45:00+09:00,J4,548,497,1045
2019-05-24T21:45:00+09:00,J5,293,307,600
2019-05-24T22:00:00+09:00,J1,518,609,1127
2019-05-24T22:00:00+09:00,J2,353,357,710
2019-05-24T22:00:00+09:00,J3,620,453,1073
2019-05-24T22:00:00+09:00,J4,537,546,1083
2019-05-24T22:00:00+09:00,J5,249,285,534
2019-05-24T22:15:00+09:00,J1,461,516,977
2019-05-24T22:15:00+09:00,J2,345,307,652
2019-05-24T22:15:00+09:00,J3,559,451,1010
2019-05-24T22:15:00+09:00,J4,528,534,1062
2019-05-24T22:15:00+09:00,J5,227,235,462
2019-05-24T22:30:00+09:00,J1,491,563,1054
2019-05-24T22:30:00+09:00,J2,322,346,668
2019-05-24T22:30:00+09:00,J3,500,522,1022
2019-05-24T22:30:00+09:00,J4,558,481,1039
2019-05-24T22:30:00+09:00,J5,254,258,512
2019-05-24T22:45:00+09:00,J1,494,529,1023
2019-05-24T22:45:00+09:00,J2,344,294,638
2019-05-24T22:45:00+09:00,J3,580,502,1082
2019-05-24T22:45:00+09:00,J4,470,450,920
2019-05-24T22:45:00+09:00,J5,214,238,452
2019-05-24T23:00:00+09:00,J1,479,525,1004
2019-05-24T23:00:00+09:00,J2,310,344,654
2019-05-24T23:00:00+09:00,J3,521,554,1075
2019-05-24T23:00:00+09:00,J4,473,458,931
2019-05-24T23:00:00+09:00,J5,231,271,502
2019-05-24T23:15:00+09:00,J1,475,514,989
2019-05-24T23:15:00+09:00,J2,345,345,690
2019-05-24T23:15:00+09:00,J3,566,538,1104
2019-05-24T23:15:00+09:00,J4,499,472,971
2019-05-24T23:15:00+09:00,J5,236,265,501
2019-05-24T23:30:00+09:00,J1,503,535,1038
2019-05-24T23:30:00+09:00,J2,309,346,655
2019-05-24T23:30:00+09:00,J3,544,506,1050
2019-05-24T23:30:00+09:00,J4,412,461,873
2019-05-24T23:30:00+09:00,J5,272,295,567
2019-05-24T23:45:00+09:00,J1,469,527,996
2019-05-24T23:45:00+09:00,J2,311,318,629
2019-05-24T23:45:00+09:00,J3,475,458,933
2019-05-24T23:45:00+09:00,J4,356,344,700
2019-05-24T23:45:00+09:00,J5,241,266,507
2019-05-25T00:00:00+09:00,J1,326,409,735
2019-05-25T00:00:00+09:00,J2,237,290,527
2019-05-25T00:00:00+09:00,J3,443,406,849
2019-05-25T00:00:00+09:00,J4,339,397,736
2019-05-25T00:00:00+09:00,J5,347,397,744
2019-05-25T00:15:00+09:00,J1,316,334,650
2019-05-25T00:15:00+09:00,J2,239,207,446
2019-05-25T00:15:00+09:00,J3,506,449,955
2019-05-25T00:15:00+09:00,J4,402,414,816
2019-05-25T00:15:00+09:00,J5,381,427,808
2019-05-25T00:30:00+09:00,J1,280,282,562
2019-05-25T00:30:00+09:00,J2,224,241,465
2019-05-25T00:30:00+09:00,J3,452,480,932
2019-05-25T00:30:00+09:00,J4,454,516,970
2019-05-25T00:30:00+09:00,J5,251,314,565
2019-05-25T00:45:00+09:00,J1,262,286,548
2019-05-25T00:45:00+09:00,J2,257,228,485
2019-05-25T00:45:00+09:00,J3,499,489,988
2019-05-25T00:45:00+09:00,J4,486,478,964
2019-05-25T00:45:00+09:00,J5,289,249,538
2019-05-25T05:45:00+09:00,J1,274,249,523
2019-05-25T05:45:00+09:00,J2,408,369,777
2019-05-25T05:45:00+09:00,J3,594,547,1141
2019-05-25T05:45:00+09:00,J4,713,715,1428
2019-05-25T05:45:00+09:00,J5,235,184,419
2019-05-25T06:00:00+09:00,J1,302,306,608
2019-05-25T06:00:00+09:00,J2,488,481,969
2019-05-25T06:00:00+09:00,J3,650,565,1215
2019-05-25T06:00:00+09:00,J4,739,648,1387
2019-05-25T06:00:00+09:00,J5,239,217,456
2019-05-25T06:15:00+09:00,J1,318,337,655
2019-05-25T06:15:00+09:00,J2,546,462,1008
2019-05-25T06:15:00+09:00,J3,625,615,1240
2019-05-25T06:15:00+09:00,J4,710,630,1340
2019-05-25T06:15:00+09:00,J5,257,207,464
2019-05-25T06:30:00+09:00,J1,296,285,581
2019-05-25T06:30:00+09:00,J2,500,450,950
2019-05-25T06:30:00+09:00,J3,639,590,1229
2019-05-25T06:30:00+09:00,J4,641,574,1215
2019-05-25T06:30:00+09:00,J5,237,213,450
2019-05-25T06:45:00+09:00,J1,295,296,591
2019-05-25T06:45:00+09:00,J2,533,481,1014
2019-05-25T06:45:00+09:00,J3,579,490,1069
2019-05-25T06:45:00+09:00,J4,665,516,1181
2019-05-25T06:45:00+09:00,J5,229,274,503
2019-05-25T07:00:00+09:00,J1,345,335,680
2019-05-25T07:00:00+09:00,J2,549,441,990
2019-05-25T07:00:00+09:00,J3,596,541,1137
2019-05-25T07:00:00+09:00,J4,564,524,1088
2019-05-25T07:00:00+09:00,J5,227,229,456
2019-05-25T07:15:00+09:00,J1,390,310,700
2019-05-25T07:15:00+09:00,J2,467,398,865
2019-05-25T07:15:00+09:00,J3,530,445,975
2019-05-25T07:15:00+09:00,J4,628,618,1246
2019-05-25T07:15:00+09:00,J5,296,261,557
2019-05-25T07:30:00+09:00,J1,358,361,719
2019-05-25T07:30:00+09:00,J2,395,403,798
2019-05-25T07:30:00+09:00,J3,471,454,925
2019-05-25T07:30:00+09:00,J4,554,560,1114
2019-05-25T07:30:00+09:00,J5,303,281,584
2019-05-25T07:45:00+09:00,J1,462,377,839
2019-05-25T07:45:00+09:00,J2,396,360,756
2019-05-25T07:45:00+09:00,J3,406,412,818
2019-05-25T07:45:00+09:00,J4,524,566,1090
2019-05-25T07:45:00+09:00,J5,355,402,757
2019-05-25T08:00:00+09:00,J1,681,659,1340
2019-05-25T08:00:00+09:00,J2,465,380,845
2019-05-25T08:00:00+09:00,J3,523,476,999
2019-05-25T08:00:00+09:00,J4,528,612,1140
2019-05-25T08:00:00+09:00,J5,490,466,956
2019-05-25T08:15:00+09:00,J1,900,712,1612
2019-05-25T08:15:00+09:00,J2,450,431,881
2019-05-25T08:15:00+09:00,J3,599,503,1102
2019-05-25T08:15:00+09:00,J4,604,671,1275
2019-05-25T08:15:00+09:00,J5,434,541,975
2019-05-25T08:30:00+09:00,J1,907,657,1564
2019-05-25T08:30:00+09:00,J2,438,366,804
2019-05-25T08:30:00+09:00,J3,524,560,1084
2019-05-25T08:30:00+09:00,J4,586,727,1313
2019-05-25T08:30:00+09:00,J5,369,370,739
2019-05-25T08:45:00+09:00,J1,785,775,1560
2019-05-25T08:45:00+09:00,J2,451,427,878
2019-05-25T08:45:00+09:00,J3,547,523,1070
2019-05-25T08:45:00+09:00,J4,541,678,1219
2019-05-25T08:45:00+09:00,J5,333,363,696
2019-05-25T09:00:00+09:00,J1,698,604,1302
2019-05-25T09:00:00+09:00,J2,497,442,939
2019-05-25T09:00:00+09:00,J3,574,567,1141
2019-05-25T09:00:00+09:00,J4,579,636,1215
2019-05-25T09:00:00+09:00,J5,287,289,576
2019-05-25T09:15:00+09:00,J1,684,580,1264
2019-05-25T09:15:00+09:00,J2,503,479,982
2019-05-25T09:15:00+09:00,J3,618,590,1208
2019-05-25T09:15:00+09:00,J4,416,594,1010
2019-05-25T09:15:00+09:00,J5,343,337,680
2019-05-25T09:30:00+09:00,J1,694,591,1285
2019-05-25T09:30:00+09:00,J2,537,466,1003
2019-05-25T09:30:00+09:00,J3,706,730,1436
2019-05-25T09:30:00+09:00,J4,558,602,1160
2019-05-25T09:30:00+09:00,J5,273,204,477
2019-05-25T09:45:00+09:00,J1,683,599,1282
2019-05-25T09:45:00+09:00,J2,584,442,1026
2019-05-25T09:45:00+09:00,J3,739,745,1484
2019-05-25T09:45:00+09:00,J4,662,589,1251
2019-05-25T09:45:00+09:00,J5,279,215,494
2019-05-25T10:00:00+09:00,J1,596,612,1208
2019-05-25T10:00:00+09:00,J2,652,525,1177
2019-05-25T10:00:00+09:00,J3,812,728,1540
2019-05-25T10:00:00+09:00,J4,724,673,1397
2019-05-25T10:00:00+09:00,J5,308,258,566
2019-05-25T10:15:00+09:00,J1,637,599,1236
2019-05-25T10:15:00+09:00,J2,727,629,1356
2019-05-25T10:15:00+09:00,J3,804,816,1620
2019-05-25T10:15:00+09:00,J4,803,849,1652
2019-05-25T10:15:00+09:00,J5,328,318,646
2019-05-25T10:30:00+09:00,J1,576,608,1184
2019-05-25T10:30:00+09:00,J2,748,609,1357
2019-05-25T10:30:00+09:00,J3,714,778,1492
2019-05-25T10:30:00+09:00,J4,891,857,1748
2019-05-25T10:30:00+09:00,J5,314,325,639
2019-05-25T10:45:00+09:00,J1,585,560,1145
2019-05-25T10:45:00+09:00,J2,734,555,1289
2019-05-25T10:45:00+09:00,J3,638,676,1314
2019-05-25T10:45:00+09:00,J4,929,937,1866
2019-05-25T10:45:00+09:00,J5,314,316,630
2019-05-25T11:00:00+09:00,J1,780,746,1526
2019-05-25T11:00:00+09:00,J2,828,660,1488
2019-05-25T11:00:00+09:00,J3,704,695,1399
2019-05-25T11:00:00+09:00,J4,932,820,1752
2019-05-25T11:00:00+09:00,J5,338,359,697
2019-05-25T11:15:00+09:00,J1,714,771,1485
2019-05-25T11:15:00+09:00,J2,777,591,1368
2019-05-25T11:15:00+09:00,J3,629,588,1217
2019-05-25T11:15:00+09:00,J4,788,850,1638
2019-05-25T11:15:00+09:00,J5,351,394,745
2019-05-25T11:30:00+09:00,J1,715,761,1476
2019-05-25T11:30:00+09:00,J2,662,555,1217
2019-05-25T11:30:00+09:00,J3,592,564,1156
2019-05-25T11:30:00+09:00,J4,852,766,1618
2019-05-25T11:30:00+09:00,J5,477,525,1002
2019-05-25T11:45:00+09:00,J1,688,721,1409
2019-05-25T11:45:00+09:00,J2,622,510,1132
2019-05-25T11:45:00+09:00,J3,574,674,1248
2019-05-25T11:45:00+09:00,J4,826,775,1601
2019-05-25T11:45:00+09:00,J5,463,559,1022
2019-05-25T12:00:00+09:00,J1,676,748,1424
2019-05-25T12:00:00+09:00,J2,624,523,1147
2019-05-25T12:00:00+09:00,J3,624,664,1288
2019-05-25T12:00:00+09:00,J4,764,770,1534
2019-05-25T12:00:00+09:00,J5,473,514,987
2019-05-25T12:15:00+09:00,J1,746,840,1586
2019-05-25T12:15:00+09:00,J2,624,600,1224
2019-05-25T12:15:00+09:00,J3,669,705,1374
2019-05-25T12:15:00+09:00,J4,768,850,1618
2019-05-25T12:15:00+09:00,J5,330,333,663
2019-05-25T12:30:00+09:00,J1,713,761,1474
2019-05-25T12:30:00+09:00,J2,599,534,1133
2019-05-25T12:30:00+09:00,J3,698,710,1408
2019-05-25T12:30:00+09:00,J4,786,813,1599
2019-05-25T12:30:00+09:00,J5,356,398,754
2019-05-25T12:45:00+09:00,J1,706,788,1494
2019-05-25T12:45:00+09:00,J2,605,617,1222
2019-05-25T12:45:00+09:00,J3,820,686,1506
2019-05-25T12:45:00+09:00,J4,740,793,1533
2019-05-25T12:45:00+09:00,J5,353,387,740
2019-05-25T13:00:00+09:00,J1,757,832,1589
2019-05-25T13:00:00+09:00,J2,605,710,1315
2019-05-25T13:00:00+09:00,J3,893,716,1609
2019-05-25T13:00:00+09:00,J4,794,826,1620
2019-05-25T13:00:00+09:00,J5,425,431,856
2019-05-25T13:15:00+09:00,J1,707,831,1538
2019-05-25T13:15:00+09:00,J2,669,665,1334
2019-05-25T13:15:00+09:00,J3,910,776,1686
2019-05-25T13:15:00+09:00,J4,821,859,1680
2019-05-25T13:15:00+09:00,J5,402,349,751
2019-05-25T13:30:00+09:00,J1,808,905,1713
2019-05-25T13:30:00+09:00,J2,731,666,1397
2019-05-25T13:30:00+09:00,J3,997,884,1881
2019-05-25T13:30:00+09:00,J4,728,848,1576
2019-05-25T13:30:00+09:00,J5,334,347,681
2019-05-25T13:45:00+09:00,J1,716,866,1582
2019-05-25T13:45:00+09:00,J2,597,653,1250
2019-05-25T13:45:00+09:00,J3,889,922,1811
2019-05-25T13:45:00+09:00,J4,680,808,1488
2019-05-25T13:45:00+09:00,J5,298,279,577
2019-05-25T14:00:00+09:00,J1,707,868,1575
2019-05-25T14:00:00+09:00,J2,586,657,1243
2019-05-25T14:00:00+09:00,J3,796,777,1573
2019-05-25T14:00:00+09:00,J4,727,785,1512
2019-05-25T14:00:00+09:00,J5,304,289,593
2019-05-25T14:15:00+09:00,J1,671,966,1637
2019-05-25T14:15:00+09:00,J2,624,613,1237
2019-05-25T14:15:00+09:00,J3,805,845,1650
2019-05-25T14:15:00+09:00,J4,703,802,1505
2019-05-25T14:15:00+09:00,J5,361,342,703
2019-05-25T14:30:00+09:00,J1,709,842,1551
2019-05-25T14:30:00+09:00,J2,630,624,1254
2019-05-25T14:30:00+09:00,J3,893,872,1765
2019-05-25T14:30:00+09:00,J4,755,847,1602
2019-05-25T14:30:00+09:00,J5,323,314,637
2019-05-25T14:45:00+09:00,J1,687,888,1575
2019-05-25T14:45:00+09:00,J2,755,678,1433
2019-05-25T14:45:00+09:00,J3,970,970,1940
2019-05-25T14:45:00+09:00,J4,771,917,1688
2019-05-25T14:45:00+09:00,J5,356,345,701
2019-05-25T15:00:00+09:00,J1,745,891,1636
2019-05-25T15:00:00+09:00,J2,753,660,1413
2019-05-25T15:00:00+09:00,J3,974,939,1913
2019-05-25T15:00:00+09:00,J4,786,759,1545
2019-05-25T15:00:00+09:00,J5,313,344,657
2019-05-25T15:15:00+09:00,J1,729,962,1691
2019-05-25T15:15:00+09:00,J2,789,695,1484
2019-05-25T15:15:00+09:00,J3,881,918,1799
2019-05-25T15:15:00+09:00,J4,762,788,1550
2019-05-25T15:15:00+09:00,J5,387,371,758
2019-05-25T15:30:00+09:00,J1,703,1007,1710
2019-05-25T15:30:00+09:00,J2,884,653,1537
2019-05-25T15:30:00+09:00,J3,894,994,1888
2019-05-25T15:30:00+09:00,J4,746,836,1582
2019-05-25T15:30:00+09:00,J5,303,376,679
2019-05-25T15:45:00+09:00,J1,758,870,1628
2019-05-25T15:45:00+09:00,J2,837,674,1511
2019-05-25T15:45:00+09:00,J3,847,943,1790
2019-05-25T15:45:00+09:00,J4,702,728,1430
2019-05-25T15:45:00+09:00,J5,337,294,631
2019-05-25T16:00:00+09:00,J1,662,978,1640
2019-05-25T16:00:00+09:00,J2,778,660,1438
2019-05-25T16:00:00+09:00,J3,867,913,1780
2019-05-25T16:00:00+09:00,J4,681,727,1408
2019-05-25T16:00:00+09:00,J5,355,374,729
2019-05-25T16:15:00+09:00,J1,681,913,1594
2019-05-25T16:15:00+09:00,J2,806,660,1466
2019-05-25T16:15:00+09:00,J3,945,1013,1958
2019-05-25T16:15:00+09:00,J4,627,702,1329
2019-05-25T16:15:00+09:00,J5,339,381,720
2019-05-25T16:30:00+09:00,J1,736,906,1642
2019-05-25T16:30:00+09:00,J2,882,608,1490
2019-05-25T16:30:00+09:00,J3,908,979,1887
2019-05-25T16:30:00+09:00,J4,695,711,1406
2019-05-25T16:30:00+09:00,J5,285,363,648
2019-05-25T16:45:00+09:00,J1,749,875,1624
2019-05-25T16:45:00+09:00,J2,778,634,1412
2019-05-25T16:45:00+09:00,J3,871,986,1857
2019-05-25T16:45:00+09:00,J4,735,692,1427
2019-05-25T16:45:00+09:00,J5,285,317,602
2019-05-25T17:00:00+09:00,J1,757,978,1735
2019-05-25T17:00:00+09:00,J2,736,571,1307
2019-05-25T17:00:00+09:00,J3,1015,950,1965
2019-05-25T17:00:00+09:00,J4,738,691,1429
2019-05-25T17:00:00+09:00,J5,292,346,638
2019-05-25T17:15:00+09:00,J1,809,1039,1848
2019-05-25T17:15:00+09:00,J2,680,622,1302
2019-05-25T17:15:00+09:00,J3,1003,963,1966
2019-05-25T17:15:00+09:00,J4,741,752,1493
2019-05-25T17:15:00+09:00,J5,305,343,648
2019-05-25T17:30:00+09:00,J1,823,1005,1828
2019-05-25T17:30:00+09:00,J2,662,629,1291
2019-05-25T17:30:00+09:00,J3,1066,939,2005
2019-05-25T17:30:00+09:00,J4,735,705,1440
2019-05-25T17:30:00+09:00,J5,366,339,705
2019-05-25T17:45:00+09:00,J1,846,913,1759
2019-05-25T17:45:00+09:00,J2,649,672,1321
2019-05-25T17:45:00+09:00,J3,1011,792,1803
2019-05-25T17:45:00+09:00,J4,754,705,1459
2019-05-25T17:45:00+09:00,J5,368,338,706
2019-05-25T18:00:00+09:00,J1,900,914,1814
2019-05-25T18:00:00+09:00,J2,599,611,1210
2019-05-25T18:00:00+09:00,J3,973,731,1704
2019-05-25T18:00:00+09:00,J4,730,700,1430
2019-05-25T18:00:00+09:00,J5,345,312,657
2019-05-25T18:15:00+09:00,J1,899,971,1870
2019-05-25T18:15:00+09:00,J2,538,620,1158
2019-05-25T18:15:00+09:00,J3,1024,720,1744
2019-05-25T18:15:00+09:00,J4,778,726,1504
2019-05-25T18:15:00+09:00,J5,332,324,656
2019-05-25T18:30:00+09:00,J1,694,652,1346
2019-05-25T18:30:00+09:00,J2,502,538,1040
2019-05-25T18:30:00+09:00,J3,834,640,1474
2019-05-25T18:30:00+09:00,J4,776,739,1515
2019-05-25T18:30:00+09:00,J5,255,217,472
2019-05-25T18:45:00+09:00,J1,690,602,1292
2019-05-25T18:45:00+09:00,J2,504,472,976
2019-05-25T18:45:00+09:00,J3,681,559,1240
2019-05-25T18:45:00+09:00,J4,689,702,1391
2019-05-25T18:45:00+09:00,J5,305,289,594
2019-05-25T19:00:00+09:00,J1,573,597,1170
2019-05-25T19:00:00+09:00,J2,450,463,913
2019-05-25T19:00:00+09:00,J3,595,554,1149
2019-05-25T19:00:00+09:00,J4,711,871,1582
2019-05-25T19:00:00+09:00,J5,385,410,795
2019-05-25T19:15:00+09:00,J1,503,536,1039
2019-05-25T19:15:00+09:00,J2,466,506,972
2019-05-25T19:15:00+09:00,J3,518,577,1095
2019-05-25T19:15:00+09:00,J4,732,780,1512
2019-05-25T19:15:00+09:00,J5,406,434,840
2019-05-25T19:30:00+09:00,J1,488,548,1036
2019-05-25T19:30:00+09:00,J2,466,479,945
2019-05-25T19:30:00+09:00,J3,530,570,1100
2019-05-25T19:30:00+09:00,J4,765,780,1545
2019-05-25T19:30:00+09:00,J5,461,490,951
2019-05-25T19:45:00+09:00,J1,419,486,905
2019-05-25T19:45:00+09:00,J2,378,401,779
2019-05-25T19:45:00+09:00,J3,503,528,1031
2019-05-25T19:45:00+09:00,J4,708,719,1427
2019-05-25T19:45:00+09:00,J5,470,528,998
2019-05-25T20:00:00+09:00,J1,448,563,1011
2019-05-25T20:00:00+09:00,J2,370,383,753
2019-05-25T20:00:00+09:00,J3,489,526,1015
2019-05-25T20:00:00+09:00,J4,801,767,1568
2019-05-25T20:00:00+09:00,J5,537,548,1085
2019-05-25T20:15:00+09:00,J1,424,550,974
2019-05-25T20:15:00+09:00,J2,476,445,921
2019-05-25T20:15:00+09:00,J3,583,534,1117
2019-05-25T20:15:00+09:00,J4,753,780,1533
2019-05-25T20:15:00+09:00,J5,537,597,1134
2019-05-25T20:30:00+09:00,J1,381,582,963
2019-05-25T20:30:00+09:00,J2,399,462,861
2019-05-25T20:30:00+09:00,J3,453,484,937
2019-05-25T20:30:00+09:00,J4,722,685,1407
2019-05-25T20:30:00+09:00,J5,558,555,1113
2019-05-25T20:45:00+09:00,J1,398,555,953
2019-05-25T20:45:00+09:00,J2,439,442,881
2019-05-25T20:45:00+09:00,J3,458,441,899
2019-05-25T20:45:00+09:00,J4,733,700,1433
2019-05-25T20:45:00+09:00,J5,545,576,1121
2019-05-25T21:00:00+09:00,J1,463,594,1057
2019-05-25T21:00:00+09:00,J2,457,473,930
2019-05-25T21:00:00+09:00,J3,506,484,990
2019-05-25T21:00:00+09:00,J4,767,724,1491
2019-05-25T21:00:00+09:00,J5,589,600,1189
2019-05-25T21:15:00+09:00,J1,507,600,1107
2019-05-25T21:15:00+09:00,J2,538,546,1084
2019-05-25T21:15:00+09:00,J3,553,504,1057
2019-05-25T21:15:00+09:00,J4,768,750,1518
2019-05-25T21:15:00+09:00,J5,547,599,1146
2019-05-25T21:30:00+09:00,J1,496,501,997
2019-05-25T21:30:00+09:00,J2,524,450,974
2019-05-25T21:30:00+09:00,J3,503,539,1042
2019-05-25T21:30:00+09:00,J4,832,766,1598
2019-05-25T21:30:00+09:00,J5,492,534,1026
2019-05-25T21:45:00+09:00,J1,494,534,1028
2019-05-25T21:45:00+09:00,J2,615,480,1095
2019-05-25T21:45:00+09:00,J3,515,494,1009
2019-05-25T21:45:00+09:00,J4,827,745,1572
2019-05-25T21:45:00+09:00,J5,464,503,967
2019-05-25T22:00:00+09:00,J1,376,518,894
2019-05-25T22:00:00+09:00,J2,582,517,1099
2019-05-25T22:00:00+09:00,J3,469,520,989
2019-05-25T22:00:00+09:00,J4,858,817,1675
2019-05-25T22:00:00+09:00,J5,434,408,842
2019-05-25T22:15:00+09:00,J1,401,481,882
2019-05-25T22:15:00+09:00,J2,567,593,1160
2019-05-25T22:15:00+09:00,J3,522,593,1115
2019-05-25T22:15:00+09:00,J4,841,792,1633
2019-05-25T22:15:00+09:00,J5,407,411,818
2019-05-25T22:30:00+09:00,J1,420,525,945
2019-05-25T22:30:00+09:00,J2,545,562,1107
2019-05-25T22:30:00+09:00,J3,569,595,1164
2019-05-25T22:30:00+09:00,J4,865,754,1619
2019-05-25T22:30:00+09:00,J5,368,344,712
2019-05-25T22:45:00+09:00,J1,314,498,812
2019-05-25T22:45:00+09:00,J2,559,508,1067
2019-05-25T22:45:00+09:00,J3,618,584,1202
2019-05-25T22:45:00+09:00,J4,913,801,1714
2019-05-25T22:45:00+09:00,J5,344,360,704
2019-05-25T23:00:00+09:00,J1,423,493,916
2019-05-25T23:00:00+09:00,J2,525,445,970
2019-05-25T23:00:00+09:00,J3,690,638,1328
2019-05-25T23:00:00+09:00,J4,853,835,1688
2019-05-25T23:00:00+09:00,J5,265,284,549
2019-05-25T23:15:00+09:00,J1,446,520,966
2019-05-25T23:15:00+09:00,J2,514,528,1042
2019-05-25T23:15:00+09:00,J3,688,617,1305
2019-05-25T23:15:00+09:00,J4,815,811,1626
2019-05-25T23:15:00+09:00,J5,237,240,477
2019-05-25T23:30:00+09:00,J1,408,503,911
2019-05-25T23:30:00+09:00,J2,501,469,970
2019-05-25T23:30:00+09:00,J3,640,582,1222
2019-05-25T23:30:00+09:00,J4,780,737,1517
2019-05-25T23:30:00+09:00,J5,266,221,487
2019-05-25T23:45:00+09:00,J1,362,431,793
2019-05-25T23:45:00+09:00,J2,441,449,890
2019-05-25T23:45:00+09:00,J3,652,561,1213
2019-05-25T23:45:00+09:00,J4,769,735,1504
2019-05-25T23:45:00+09:00,J5,278,281,559
2019-05-26T00:00:00+09:00,J1,370,298,668
2019-05-26T00:00:00+09:00,J2,389,298,687
2019-05-26T00:00:00+09:00,J3,594,523,1117
2019-05-26T00:00:00+09:00,J4,719,739,1458
2019-05-26T00:00:00+09:00,J5,226,243,469
2019-05-26T00:15:00+09:00,J1,368,314,682
2019-05-26T00:15:00+09:00,J2,325,283,608
2019-05-26T00:15:00+09:00,J3,540,498,1038
2019-05-26T00:15:00+09:00,J4,689,619,1308
2019-05-26T00:15:00+09:00,J5,214,177,391
2019-05-26T00:30:00+09:00,J1,353,285,638
2019-05-26T00:30:00+09:00,J2,277,307,584
2019-05-26T00:30:00+09:00,J3,337,358,695
2019-05-26T00:30:00+09:00,J4,417,354,771
2019-05-26T00:30:00+09:00,J5,173,129,302
2019-05-26T00:45:00+09:00,J1,399,286,685
2019-05-26T00:45:00+09:00,J2,243,316,559
2019-05-26T00:45:00+09:00,J3,382,344,726
2019-05-26T00:45:00+09:00,J4,296,320,616
2019-05-26T00:45:00+09:00,J5,139,161,300
2019-05-26T05:45:00+09:00,J1,337,394,731
2019-05-26T05:45:00+09:00,J2,271,266,537
2019-05-26T05:45:00+09:00,J3,344,309,653
2019-05-26T05:45:00+09:00,J4,530,512,1042
2019-05-26T05:45:00+09:00,J5,389,431,820
2019-05-26T06:00:00+09:00,J1,402,475,877
2019-05-26T06:00:00+09:00,J2,260,287,547
2019-05-26T06:00:00+09:00,J3,321,340,661
2019-05-26T06:00:00+09:00,J4,542,493,1035
2019-05-26T06:00:00+09:00,J5,423,506,929
2019-05-26T06:15:00+09:00,J1,404,434,838
2019-05-26T06:15:00+09:00,J2,246,231,477
2019-05-26T06:15:00+09:00,J3,350,353,703
2019-05-26T06:15:00+09:00,J4,516,503,1019
2019-05-26T06:15:00+09:00,J5,400,466,866
2019-05-26T06:30:00+09:00,J1,429,490,919
2019-05-26T06:30:00+09:00,J2,246,209,455
2019-05-26T06:30:00+09:00,J3,355,344,699
2019-05-26T06:30:00+09:00,J4,466,528,994
2019-05-26T06:30:00+09:00,J5,437,450,887
2019-05-26T06:45:00+09:00,J1,420,420,840
2019-05-26T06:45:00+09:00,J2,262,276,538
2019-05-26T06:45:00+09:00,J3,373,344,717
2019-05-26T06:45:00+09:00,J4,463,536,999
2019-05-26T06:45:00+09:00,J5,382,444,826
2019-05-26T07:00:00+09:00,J1,453,447,900
2019-05-26T07:00:00+09:00,J2,242,305,547
2019-05-26T07:00:00+09:00,J3,378,373,751
2019-05-26T07:00:00+09:00,J4,507,509,1016
2019-05-26T07:00:00+09:00,J5,441,439,880
2019-05-26T07:15:00+09:00,J1,478,460,938
2019-05-26T07:15:00+09:00,J2,287,272,559
2019-05-26T07:15:00+09:00,J3,352,366,718
2019-05-26T07:15:00+09:00,J4,507,518,1025
2019-05-26T07:15:00+09:00,J5,441,494,935
2019-05-26T07:30:00+09:00,J1,431,370,801
2019-05-26T07:30:00+09:00,J2,308,300,608
2019-05-26T07:30:00+09:00,J3,407,402,809
2019-05-26T07:30:00+09:00,J4,400,477,877
2019-05-26T07:30:00+09:00,J5,393,454,847
2019-05-26T07:45:00+09:00,J1,422,400,822
2019-05-26T07:45:00+09:00,J2,294,243,537
2019-05-26T07:45:00+09:00,J3,401,378,779
2019-05-26T07:45:00+09:00,J4,387,460,847
2019-05-26T07:45:00+09:00,J5,424,405,829
2019-05-26T08:00:00+09:00,J1,641,599,1240
2019-05-26T08:00:00+09:00,J2,300,244,544
2019-05-26T08:00:00+09:00,J3,611,611,1222
2019-05-26T08:00:00+09:00,J4,441,501,942
2019-05-26T08:00:00+09:00,J5,360,382,742
2019-05-26T08:15:00+09:00,J1,665,626,1291
2019-05-26T08:15:00+09:00,J2,335,262,597
2019-05-26T08:15:00+09:00,J3,735,726,1461
2019-05-26T08:15:00+09:00,J4,443,551,994
2019-05-26T08:15:00+09:00,J5,313,306,619
2019-05-26T08:30:00+09:00,J1,666,703,1369
2019-05-26T08:30:00+09:00,J2,405,271,676
2019-05-26T08:30:00+09:00,J3,765,843,1608
2019-05-26T08:30:00+09:00,J4,425,529,954
2019-05-26T08:30:00+09:00,J5,289,297,586
2019-05-26T08:45:00+09:00,J1,587,587,1174
2019-05-26T08:45:00+09:00,J2,408,333,741
2019-05-26T08:45:00+09:00,J3,757,793,1550
2019-05-26T08:45:00+09:00,J4,414,452,866
2019-05-26T08:45:00+09:00,J5,297,279,576
2019-05-26T09:00:00+09:00,J1,501,503,1004
2019-05-26T09:00:00+09:00,J2,503,377,880
2019-05-26T09:00:00+09:00,J3,603,620,1223
2019-05-26T09:00:00+09:00,J4,526,529,1055
2019-05-26T09:00:00+09:00,J5,308,318,626
2019-05-26T09:15:00+09:00,J1,529,501,1030
2019-05-26T09:15:00+09:00,J2,499,468,967
2019-05-26T09:15:00+09:00,J3,612,637,1249
2019-05-26T09:15:00+09:00,J4,628,640,1268
2019-05-26T09:15:00+09:00,J5,319,312,631
2019-05-26T09:30:00+09:00,J1,508,485,993
2019-05-26T09:30:00+09:00,J2,530,429,959
2019-05-26T09:30:00+09:00,J3,595,585,1180
2019-05-26T09:30:00+09:00,J4,789,748,1537
2019-05-26T09:30:00+09:00,J5,330,365,695
2019-05-26T09:45:00+09:00,J1,527,495,1022
2019-05-26T09:45:00+09:00,J2,509,378,887
2019-05-26T09:45:00+09:00,J3,519,599,1118
2019-05-26T09:45:00+09:00,J4,792,788,1580
2019-05-26T09:45:00+09:00,J5,318,354,672
2019-05-26T10:00:00+09:00,J1,547,506,1053
2019-05-26T10:00:00+09:00,J2,453,354,807
2019-05-26T10:00:00+09:00,J3,582,574,1156
2019-05-26T10:00:00+09:00,J4,755,685,1440
2019-05-26T10:00:00+09:00,J5,376,397,773
2019-05-26T10:15:00+09:00,J1,693,581,1274
2019-05-26T10:15:00+09:00,J2,464,325,789
2019-05-26T10:15:00+09:00,J3,591,511,1102
2019-05-26T10:15:00+09:00,J4,723,731,1454
2019-05-26T10:15:00+09:00,J5,403,398,801
2019-05-26T10:30:00+09:00,J1,735,616,1351
2019-05-26T10:30:00+09:00,J2,417,353,770
2019-05-26T10:30:00+09:00,J3,585,613,1198
2019-05-26T10:30:00+09:00,J4,708,714,1422
2019-05-26T10:30:00+09:00,J5,544,568,1112
2019-05-26T10:45:00+09:00,J1,747,661,1408
2019-05-26T10:45:00+09:00,J2,451,362,813
2019-05-26T10:45:00+09:00,J3,641,664,1305
2019-05-26T10:45:00+09:00,J4,624,767,1391
2019-05-26T10:45:00+09:00,J5,598,603,1201
2019-05-26T11:00:00+09:00,J1,877,864,1741
2019-05-26T11:00:00+09:00,J2,406,441,847
2019-05-26T11:00:00+09:00,J3,718,738,1456
2019-05-26T11:00:00+09:00,J4,575,724,1299
2019-05-26T11:00:00+09:00,J5,537,580,1117
2019-05-26T11:15:00+09:00,J1,847,869,1716
2019-05-26T11:15:00+09:00,J2,420,469,889
2019-05-26T11:15:00+09:00,J3,762,675,1437
2019-05-26T11:15:00+09:00,J4,574,718,1292
2019-05-26T11:15:00+09:00,J5,420,447,867
2019-05-26T11:30:00+09:00,J1,885,891,1776
2019-05-26T11:30:00+09:00,J2,551,508,1059
2019-05-26T11:30:00+09:00,J3,918,828,1746
2019-05-26T11:30:00+09:00,J4,631,713,1344
2019-05-26T11:30:00+09:00,J5,377,359,736
2019-05-26T11:45:00+09:00,J1,860,873,1733
2019-05-26T11:45:00+09:00,J2,575,449,1024
2019-05-26T11:45:00+09:00,J3,991,864,1855
2019-05-26T11:45:00+09:00,J4,663,584,1247
2019-05-26T11:45:00+09:00,J5,317,302,619
2019-05-26T12:00:00+09:00,J1,799,898,1697
2019-05-26T12:00:00+09:00,J2,649,427,1076
2019-05-26T12:00:00+09:00,J3,982,909,1891
2019-05-26T12:00:00+09:00,J4,625,630,1255
2019-05-26T12:00:00+09:00,J5,355,334,689
2019-05-26T12:15:00+09:00,J1,733,985,1718
2019-05-26T12:15:00+09:00,J2,667,504,1171
2019-05-26T12:15:00+09:00,J3,1005,979,1984
2019-05-26T12:15:00+09:00,J4,635,572,1207
2019-05-26T12:15:00+09:00,J5,338,323,661
2019-05-26T12:30:00+09:00,J1,614,937,1551
2019-05-26T12:30:00+09:00,J2,691,516,1207
2019-05-26T12:30:00+09:00,J3,911,889,1800
2019-05-26T12:30:00+09:00,J4,643,563,1206
2019-05-26T12:30:00+09:00,J5,352,377,729
2019-05-26T12:45:00+09:00,J1,701,887,1588
2019-05-26T12:45:00+09:00,J2,585,466,1051
2019-05-26T12:45:00+09:00,J3,860,931,1791
2019-05-26T12:45:00+09:00,J4,596,588,1184
2019-05-26T12:45:00+09:00,J5,361,435,796
2019-05-26T13:00:00+09:00,J1,716,850,1566
2019-05-26T13:00:00+09:00,J2,594,492,1086
2019-05-26T13:00:00+09:00,J3,932,908,1840
2019-05-26T13:00:00+09:00,J4,645,590,1235
2019-05-26T13:00:00+09:00,J5,424,506,930
2019-05-26T13:15:00+09:00,J1,705,768,1473
2019-05-26T13:15:00+09:00,J2,560,462,1022
2019-05-26T13:15:00+09:00,J3,893,867,1760
2019-05-26T13:15:00+09:00,J4,632,553,1185
2019-05-26T13:15:00+09:00,J5,419,519,938
2019-05-26T13:30:00+09:00,J1,678,802,1480
2019-05-26T13:30:00+09:00,J2,527,411,938
2019-05-26T13:30:00+09:00,J3,880,806,1686
2019-05-26T13:30:00+09:00,J4,695,545,1240
2019-05-26T13:30:00+09:00,J5,451,551,1002
2019-05-26T13:45:00+09:00,J1,627,937,1564
2019-05-26T13:45:00+09:00,J2,558,467,1025
2019-05-26T13:45:00+09:00,J3,711,783,1494
2019-05-26T13:45:00+09:00,J4,689,671,1360
2019-05-26T13:45:00+09:00,J5,498,586,1084
2019-05-26T14:00:00+09:00,J1,751,921,1672
2019-05-26T14:00:00+09:00,J2,578,436,1014
2019-05-26T14:00:00+09:00,J3,675,685,1360
2019-05-26T14:00:00+09:00,J4,714,615,1329
2019-05-26T14:00:00+09:00,J5,529,593,1122
2019-05-26T14:15:00+09:00,J1,706,778,1484
2019-05-26T14:15:00+09:00,J2,573,376,949
2019-05-26T14:15:00+09:00,J3,693,706,1399
2019-05-26T14:15:00+09:00,J4,701,615,1316
2019-05-26T14:15:00+09:00,J5,501,578,1079
2019-05-26T14:30:00+09:00,J1,593,811,1404
2019-05-26T14:30:00+09:00,J2,501,396,897
2019-05-26T14:30:00+09:00,J3,739,740,1479
2019-05-26T14:30:00+09:00,J4,742,584,1326
2019-05-26T14:30:00+09:00,J5,565,572,1137
2019-05-26T14:45:00+09:00,J1,608,811,1419
2019-05-26T14:45:00+09:00,J2,556,403,959
2019-05-26T14:45:00+09:00,J3,643,763,1406
2019-05-26T14:45:00+09:00,J4,829,733,1562
2019-05-26T14:45:00+09:00,J5,510,478,988
2019-05-26T15:00:00+09:00,J1,667,794,1461
2019-05-26T15:00:00+09:00,J2,495,409,904
2019-05-26T15:00:00+09:00,J3,662,732,1394
2019-05-26T15:00:00+09:00,J4,849,794,1643
2019-05-26T15:00:00+09:00,J5,518,538,1056
2019-05-26T15:15:00+09:00,J1,620,769,1389
2019-05-26T15:15:00+09:00,J2,528,396,924
2019-05-26T15:15:00+09:00,J3,592,682,1274
2019-05-26T15:15:00+09:00,J4,776,731,1507
2019-05-26T15:15:00+09:00,J5,597,643,1240
2019-05-26T15:30:00+09:00,J1,538,755,1293
2019-05-26T15:30:00+09:00,J2,515,452,967
2019-05-26T15:30:00+09:00,J3,600,730,1330
2019-05-26T15:30:00+09:00,J4,794,707,1501
2019-05-26T15:30:00+09:00,J5,529,616,1145
2019-05-26T15:45:00+09:00,J1,603,807,1410
2019-05-26T15:45:00+09:00,J2,514,352,866
2019-05-26T15:45:00+09:00,J3,637,665,1302
2019-05-26T15:45:00+09:00,J4,777,703,1480
2019-05-26T15:45:00+09:00,J5,555,553,1108
2019-05-26T16:00:00+09:00,J1,640,782,1422
2019-05-26T16:00:00+09:00,J2,485,432,917
2019-05-26T16:00:00+09:00,J3,619,729,1348
2019-05-26T16:00:00+09:00,J4,784,657,1441
2019-05-26T16:00:00+09:00,J5,521,558,1079
2019-05-26T16:15:00+09:00,J1,473,645,1118
2019-05-26T16:15:00+09:00,J2,408,341,749
2019-05-26T16:15:00+09:00,J3,491,520,1011
2019-05-26T16:15:00+09:00,J4,690,627,1317
2019-05-26T16:15:00+09:00,J5,431,493,924
2019-05-26T16:30:00+09:00,J1,584,692,1276
2019-05-26T16:30:00+09:00,J2,462,382,844
2019-05-26T16:30:00+09:00,J3,676,700,1376
2019-05-26T16:30:00+09:00,J4,822,733,1555
2019-05-26T16:30:00+09:00,J5,624,645,1269
2019-05-26T16:45:00+09:00,J1,548,632,1180
2019-05-26T16:45:00+09:00,J2,437,352,789
2019-05-26T16:45:00+09:00,J3,544,645,1189
2019-05-26T16:45:00+09:00,J4,709,640,1349
2019-05-26T16:45:00+09:00,J5,569,617,1186
2019-05-26T17:00:00+09:00,J1,622,680,1302
2019-05-26T17:00:00+09:00,J2,438,418,856
2019-05-26T17:00:00+09:00,J3,595,628,1223
2019-05-26T17:00:00+09:00,J4,643,557,1200
2019-05-26T17:00:00+09:00,J5,489,612,1101
2019-05-26T17:15:00+09:00,J1,587,717,1304
2019-05-26T17:15:00+09:00,J2,390,423,813
2019-05-26T17:15:00+09:00,J3,551,650,1201
2019-05-26T17:15:00+09:00,J4,741,650,1391
2019-05-26T17:15:00+09:00,J5,495,590,1085
2019-05-26T17:30:00+09:00,J1,628,664,1292
2019-05-26T17:30:00+09:00,J2,452,344,796
2019-05-26T17:30:00+09:00,J3,586,684,1270
2019-05-26T17:30:00+09:00,J4,641,572,1213
2019-05-26T17:30:00+09:00,J5,463,571,1034
2019-05-26T17:45:00+09:00,J1,571,616,1187
2019-05-26T17:45:00+09:00,J2,389,300,689
2019-05-26T17:45:00+09:00,J3,580,604,1184
2019-05-26T17:45:00+09:00,J4,680,508,1188
2019-05-26T17:45:00+09:00,J5,483,593,1076
2019-05-26T18:00:00+09:00,J1,584,577,1161
2019-05-26T18:00:00+09:00,J2,430,323,753
2019-05-26T18:00:00+09:00,J3,629,628,1257
2019-05-26T18:00:00+09:00,J4,626,549,1175
2019-05-26T18:00:00+09:00,J5,489,572,1061
2019-05-26T18:15:00+09:00,J1,554,639,1193
2019-05-26T18:15:00+09:00,J2,458,269,727
2019-05-26T18:15:00+09:00,J3,609,647,1256
2019-05-26T18:15:00+09:00,J4,718,596,1314
2019-05-26T18:15:00+09:00,J5,486,586,1072
2019-05-26T18:30:00+09:00,J1,528,568,1096
2019-05-26T18:30:00+09:00,J2,434,313,747
2019-05-26T18:30:00+09:00,J3,593,557,1150
2019-05-26T18:30:00+09:00,J4,575,501,1076
2019-05-26T18:30:00+09:00,J5,352,448,800
2019-05-26T18:45:00+09:00,J1,467,531,998
2019-05-26T18:45:00+09:00,J2,408,316,724
2019-05-26T18:45:00+09:00,J3,618,545,1163
2019-05-26T18:45:00+09:00,J4,538,383,921
2019-05-26T18:45:00+09:00,J5,294,312,606
2019-05-26T19:00:00+09:00,J1,489,545,1034
2019-05-26T19:00:00+09:00,J2,463,378,841
2019-05-26T19:00:00+09:00,J3,562,516,1078
2019-05-26T19:00:00+09:00,J4,493,437,930
2019-05-26T19:00:00+09:00,J5,340,389,729
2019-05-26T19:15:00+09:00,J1,499,585,1084
2019-05-26T19:15:00+09:00,J2,395,375,770
2019-05-26T19:15:00+09:00,J3,662,615,1277
2019-05-26T19:15:00+09:00,J4,425,429,854
2019-05-26T19:15:00+09:00,J5,374,454,828
2019-05-26T19:30:00+09:00,J1,457,563,1020
2019-05-26T19:30:00+09:00,J2,400,279,679
2019-05-26T19:30:00+09:00,J3,538,521,1059
2019-05-26T19:30:00+09:00,J4,428,434,862
2019-05-26T19:30:00+09:00,J5,341,284,625
2019-05-26T19:45:00+09:00,J1,426,505,931
2019-05-26T19:45:00+09:00,J2,373,309,682
2019-05-26T19:45:00+09:00,J3,572,566,1138
2019-05-26T19:45:00+09:00,J4,433,461,894
2019-05-26T19:45:00+09:00,J5,308,309,617
2019-05-26T20:00:00+09:00,J1,422,541,963
2019-05-26T20:00:00+09:00,J2,369,290,659
2019-05-26T20:00:00+09:00,J3,615,587,1202
2019-05-26T20:00:00+09:00,J4,440,467,907
2019-05-26T20:00:00+09:00,J5,341,288,629
2019-05-26T20:15:00+09:00,J1,429,522,951
2019-05-26T20:15:00+09:00,J2,385,272,657
2019-05-26T20:15:00+09:00,J3,616,637,1253
2019-05-26T20:15:00+09:00,J4,433,472,905
2019-05-26T20:15:00+09:00,J5,306,289,595
2019-05-26T20:30:00+09:00,J1,401,488,889
2019-05-26T20:30:00+09:00,J2,326,312,638
2019-05-26T20:30:00+09:00,J3,634,571,1205
2019-05-26T20:30:00+09:00,J4,473,446,919
2019-05-26T20:30:00+09:00,J5,329,241,570
2019-05-26T20:45:00+09:00,J1,413,493,906
2019-05-26T20:45:00+09:00,J2,338,300,638
2019-05-26T20:45:00+09:00,J3,655,596,1251
2019-05-26T20:45:00+09:00,J4,416,462,878
2019-05-26T20:45:00+09:00,J5,281,250,531
2019-05-26T21:00:00+09:00,J1,447,477,924
2019-05-26T21:00:00+09:00,J2,307,328,635
2019-05-26T21:00:00+09:00,J3,641,611,1252
2019-05-26T21:00:00+09:00,J4,512,563,1075
2019-05-26T21:00:00+09:00,J5,317,349,666
2019-05-26T21:15:00+09:00,J1,435,516,951
2019-05-26T21:15:00+09:00,J2,278,316,594
2019-05-26T21:15:00+09:00,J3,621,544,1165
2019-05-26T21:15:00+09:00,J4,483,583,1066
2019-05-26T21:15:00+09:00,J5,355,356,711
2019-05-26T21:30:00+09:00,J1,399,442,841
2019-05-26T21:30:00+09:00,J2,282,334,616
2019-05-26T21:30:00+09:00,J3,611,535,1146
2019-05-26T21:30:00+09:00,J4,554,512,1066
2019-05-26T21:30:00+09:00,J5,342,376,718
2019-05-26T21:45:00+09:00,J1,415,453,868
2019-05-26T21:45:00+09:00,J2,241,265,506
2019-05-26T21:45:00+09:00,J3,558,517,1075
2019-05-26T21:45:00+09:00,J4,561,530,1091
2019-05-26T21:45:00+09:00,J5,318,350,668
2019-05-26T22:00:00+09:00,J1,422,459,881
2019-05-26T22:00:00+09:00,J2,266,309,575
2019-05-26T22:00:00+09:00,J3,550,522,1072
2019-05-26T22:00:00+09:00,J4,510,543,1053
2019-05-26T22:00:00+09:00,J5,382,402,784
2019-05-26T22:15:00+09:00,J1,437,467,904
2019-05-26T22:15:00+09:00,J2,229,195,424
2019-05-26T22:15:00+09:00,J3,467,489,956
2019-05-26T22:15:00+09:00,J4,513,499,1012
2019-05-26T22:15:00+09:00,J5,477,493,970
2019-05-26T22:30:00+09:00,J1,424,393,817
2019-05-26T22:30:00+09:00,J2,204,198,402
2019-05-26T22:30:00+09:00,J3,431,436,867
2019-05-26T22:30:00+09:00,J4,580,523,1103
2019-05-26T22:30:00+09:00,J5,501,471,972
2019-05-26T22:45:00+09:00,J1,363,420,783
2019-05-26T22:45:00+09:00,J2,230,245,475
2019-05-26T22:45:00+09:00,J3,406,405,811
2019-05-26T22:45:00+09:00,J4,615,596,1211
2019-05-26T22:45:00+09:00,J5,433,472,905
2019-05-26T23:00:00+09:00,J1,317,311,628
2019-05-26T23:00:00+09:00,J2,264,291,555
2019-05-26T23:00:00+09:00,J3,440,311,751
2019-05-26T23:00:00+09:00,J4,632,612,1244
2019-05-26T23:00:00+09:00,J5,389,402,791
2019-05-26T23:15:00+09:00,J1,260,276,536
2019-05-26T23:15:00+09:00,J2,313,292,605
2019-05-26T23:15:00+09:00,J3,426,381,807
2019-05-26T23:15:00+09:00,J4,636,597,1233
2019-05-26T23:15:00+09:00,J5,336,390,726
2019-05-26T23:30:00+09:00,J1,246,261,507
2019-05-26T23:30:00+09:00,J2,315,280,595
2019-05-26T23:30:00+09:00,J3,369,401,770
2019-05-26T23:30:00+09:00,J4,577,536,1113
2019-05-26T23:30:00+09:00,J5,292,300,592
2019-05-26T23:45:00+09:00,J1,216,303,519
2019-05-26T23:45:00+09:00,J2,327,333,660
2019-05-26T23:45:00+09:00,J3,343,349,692
2019-05-26T23:45:00+09:00,J4,677,595,1272
2019-05-26T23:45:00+09:00,J5,287,287,574
2019-05-27T00:00:00+09:00,J1,197,194,391
2019-05-27T00:00:00+09:00,J2,339,348,687
2019-05-27T00:00:00+09:00,J3,321,337,658
2019-05-27T00:00:00+09:00,J4,541,394,935
2019-05-27T00:00:00+09:00,J5,241,243,484
2019-05-27T00:15:00+09:00,J1,232,172,404
2019-05-27T00:15:00+09:00,J2,400,359,759
2019-05-27T00:15:00+09:00,J3,352,363,715
2019-05-27T00:15:00+09:00,J4,315,314,629
2019-05-27T00:15:00+09:00,J5,179,191,370
2019-05-27T00:30:00+09:00,J1,212,177,389
2019-05-27T00:30:00+09:00,J2,378,405,783
2019-05-27T00:30:00+09:00,J3,348,327,675
2019-05-27T00:30:00+09:00,J4,301,247,548
2019-05-27T00:30:00+09:00,J5,166,208,374
2019-05-27T00:45:00+09:00,J1,219,209,428
2019-05-27T00:45:00+09:00,J2,326,335,661
2019-05-27T00:45:00+09:00,J3,333,297,630
2019-05-27T00:45:00+09:00,J4,313,318,631
2019-05-27T00:45:00+09:00,J5,165,215,380
2019-05-27T05:45:00+09:00,J1,341,273,614
2019-05-27T05:45:00+09:00,J2,211,210,421
2019-05-27T05:45:00+09:00,J3,426,408,834
2019-05-27T05:45:00+09:00,J4,507,544,1051
2019-05-27T05:45:00+09:00,J5,154,168,322
2019-05-27T06:00:00+09:00,J1,400,268,668
2019-05-27T06:00:00+09:00,J2,226,261,487
2019-05-27T06:00:00+09:00,J3,444,436,880
2019-05-27T06:00:00+09:00,J4,503,521,1024
2019-05-27T06:00:00+09:00,J5,112,104,216
2019-05-27T06:15:00+09:00,J1,349,321,670
2019-05-27T06:15:00+09:00,J2,240,316,556
2019-05-27T06:15:00+09:00,J3,455,489,944
2019-05-27T06:15:00+09:00,J4,439,577,1016
2019-05-27T06:15:00+09:00,J5,168,166,334
2019-05-27T06:30:00+09:00,J1,268,282,550
2019-05-27T06:30:00+09:00,J2,294,372,666
2019-05-27T06:30:00+09:00,J3,484,512,996
2019-05-27T06:30:00+09:00,J4,418,539,957
2019-05-27T06:30:00+09:00,J5,196,179,375
2019-05-27T06:45:00+09:00,J1,318,296,614
2019-05-27T06:45:00+09:00,J2,276,293,569
2019-05-27T06:45:00+09:00,J3,559,540,1099
2019-05-27T06:45:00+09:00,J4,454,557,1011
2019-05-27T06:45:00+09:00,J5,241,191,432
2019-05-27T07:00:00+09:00,J1,333,401,734
2019-05-27T07:00:00+09:00,J2,349,336,685
2019-05-27T07:00:00+09:00,J3,712,586,1298
2019-05-27T07:00:00+09:00,J4,490,532,1022
2019-05-27T07:00:00+09:00,J5,300,226,526
2019-05-27T07:15:00+09:00,J1,409,381,790
2019-05-27T07:15:00+09:00,J2,441,287,728
2019-05-27T07:15:00+09:00,J3,728,701,1429
2019-05-27T07:15:00+09:00,J4,484,579,1063
2019-05-27T07:15:00+09:00,J5,314,301,615
2019-05-27T07:30:00+09:00,J1,518,478,996
2019-05-27T07:30:00+09:00,J2,476,369,845
2019-05-27T07:30:00+09:00,J3,705,843,1548
2019-05-27T07:30:00+09:00,J4,518,715,1233
2019-05-27T07:30:00+09:00,J5,283,320,603
2019-05-27T07:45:00+09:00,J1,654,536,1190
2019-05-27T07:45:00+09:00,J2,549,521,1070
2019-05-27T07:45:00+09:00,J3,696,818,1514
2019-05-27T07:45:00+09:00,J4,704,920,1624
2019-05-27T07:45:00+09:00,J5,458,484,942
2019-05-27T08:00:00+09:00,J1,1041,601,1642
2019-05-27T08:00:00+09:00,J2,540,434,974
2019-05-27T08:00:00+09:00,J3,686,887,1573
2019-05-27T08:00:00+09:00,J4,913,1025,1938
2019-05-27T08:00:00+09:00,J5,607,676,1283
2019-05-27T08:15:00+09:00,J1,1130,660,1790
2019-05-27T08:15:00+09:00,J2,576,413,989
2019-05-27T08:15:00+09:00,J3,736,967,1703
2019-05-27T08:15:00+09:00,J4,894,1036,1930
2019-05-27T08:15:00+09:00,J5,484,519,1003
2019-05-27T08:30:00+09:00,J1,1058,728,1786
2019-05-27T08:30:00+09:00,J2,589,427,1016
2019-05-27T08:30:00+09:00,J3,703,1101,1804
2019-05-27T08:30:00+09:00,J4,789,1030,1819
2019-05-27T08:30:00+09:00,J5,498,463,961
2019-05-27T08:45:00+09:00,J1,822,585,1407
2019-05-27T08:45:00+09:00,J2,462,392,854
2019-05-27T08:45:00+09:00,J3,660,895,1555
2019-05-27T08:45:00+09:00,J4,661,819,1480
2019-05-27T08:45:00+09:00,J5,458,399,857
2019-05-27T09:00:00+09:00,J1,711,568,1279
2019-05-27T09:00:00+09:00,J2,403,325,728
2019-05-27T09:00:00+09:00,J3,627,718,1345
2019-05-27T09:00:00+09:00,J4,685,724,1409
2019-05-27T09:00:00+09:00,J5,388,309,697
2019-05-27T09:15:00+09:00,J1,608,545,1153
2019-05-27T09:15:00+09:00,J2,402,358,760
2019-05-27T09:15:00+09:00,J3,709,751,1460
2019-05-27T09:15:00+09:00,J4,645,724,1369
2019-05-27T09:15:00+09:00,J5,349,313,662
2019-05-27T09:30:00+09:00,J1,660,593,1253
2019-05-27T09:30:00+09:00,J2,440,377,817
2019-05-27T09:30:00+09:00,J3,769,752,1521
2019-05-27T09:30:00+09:00,J4,702,778,1480
2019-05-27T09:30:00+09:00,J5,380,345,725
2019-05-27T09:45:00+09:00,J1,640,622,1262
2019-05-27T09:45:00+09:00,J2,397,377,774
2019-05-27T09:45:00+09:00,J3,707,737,1444
2019-05-27T09:45:00+09:00,J4,591,722,1313
2019-05-27T09:45:00+09:00,J5,449,488,937
2019-05-27T10:00:00+09:00,J1,595,573,1168
2019-05-27T10:00:00+09:00,J2,363,376,739
2019-05-27T10:00:00+09:00,J3,754,737,1491
2019-05-27T10:00:00+09:00,J4,627,675,1302
2019-05-27T10:00:00+09:00,J5,350,373,723
2019-05-27T10:15:00+09:00,J1,579,597,1176
2019-05-27T10:15:00+09:00,J2,462,382,844
2019-05-27T10:15:00+09:00,J3,771,714,1485
2019-05-27T10:15:00+09:00,J4,563,662,1225
2019-05-27T10:15:00+09:00,J5,362,405,767
2019-05-27T10:30:00+09:00,J1,601,694,1295
2019-05-27T10:30:00+09:00,J2,426,424,850
2019-05-27T10:30:00+09:00,J3,728,786,1514
2019-05-27T10:30:00+09:00,J4,529,629,1158
2019-05-27T10:30:00+09:00,J5,407,424,831
2019-05-27T10:45:00+09:00,J1,593,679,1272
2019-05-27T10:45:00+09:00,J2,520,427,947
2019-05-27T10:45:00+09:00,J3,754,730,1484
2019-05-27T10:45:00+09:00,J4,502,517,1019
2019-05-27T10:45:00+09:00,J5,373,379,752
2019-05-27T11:00:00+09:00,J1,602,779,1381
2019-05-27T11:00:00+09:00,J2,626,442,1068
2019-05-27T11:00:00+09:00,J3,707,707,1414
2019-05-27T11:00:00+09:00,J4,483,553,1036
2019-05-27T11:00:00+09:00,J5,356,355,711
2019-05-27T11:15:00+09:00,J1,638,816,1454
2019-05-27T11:15:00+09:00,J2,531,368,899
2019-05-27T11:15:00+09:00,J3,650,663,1313
2019-05-27T11:15:00+09:00,J4,537,574,1111
2019-05-27T11:15:00+09:00,J5,383,358,741
2019-05-27T11:30:00+09:00,J1,717,776,1493
2019-05-27T11:30:00+09:00,J2,556,442,998
2019-05-27T11:30:00+09:00,J3,735,871,1606
2019-05-27T11:30:00+09:00,J4,548,516,1064
2019-05-27T11:30:00+09:00,J5,355,349,704
2019-05-27T11:45:00+09:00,J1,744,775,1519
2019-05-27T11:45:00+09:00,J2,525,445,970
2019-05-27T11:45:00+09:00,J3,804,931,1735
2019-05-27T11:45:00+09:00,J4,512,474,986
2019-05-27T11:45:00+09:00,J5,404,378,782
2019-05-27T12:00:00+09:00,J1,701,892,1593
2019-05-27T12:00:00+09:00,J2,506,432,938
2019-05-27T12:00:00+09:00,J3,853,960,1813
2019-05-27T12:00:00+09:00,J4,537,500,1037
2019-05-27T12:00:00+09:00,J5,401,409,810
2019-05-27T12:15:00+09:00,J1,630,764,1394
2019-05-27T12:15:00+09:00,J2,515,451,966
2019-05-27T12:15:00+09:00,J3,826,884,1710
2019-05-27T12:15:00+09:00,J4,607,568,1175
2019-05-27T12:15:00+09:00,J5,460,487,947
2019-05-27T12:30:00+09:00,J1,632,819,1451
2019-05-27T12:30:00+09:00,J2,495,410,905
2019-05-27T12:30:00+09:00,J3,772,825,1597
2019-05-27T12:30:00+09:00,J4,622,566,1188
2019-05-27T12:30:00+09:00,J5,413,531,944
2019-05-27T12:45:00+09:00,J1,683,802,1485
2019-05-27T12:45:00+09:00,J2,460,459,919
2019-05-27T12:45:00+09:00,J3,743,745,1488
2019-05-27T12:45:00+09:00,J4,571,544,1115
2019-05-27T12:45:00+09:00,J5,427,445,872
2019-05-27T13:00:00+09:00,J1,674,714,1388
2019-05-27T13:00:00+09:00,J2,473,371,844
2019-05-27T13:00:00+09:00,J3,708,717,1425
2019-05-27T13:00:00+09:00,J4,572,584,1156
2019-05-27T13:00:00+09:00,J5,442,505,947
2019-05-27T13:15:00+09:00,J1,780,882,1662
2019-05-27T13:15:00+09:00,J2,502,369,871
2019-05-27T13:15:00+09:00,J3,706,697,1403
2019-05-27T13:15:00+09:00,J4,562,571,1133
2019-05-27T13:15:00+09:00,J5,466,531,997
2019-05-27T13:30:00+09:00,J1,733,862,1595
2019-05-27T13:30:00+09:00,J2,486,410,896
2019-05-27T13:30:00+09:00,J3,680,647,1327
2019-05-27T13:30:00+09:00,J4,546,562,1108
2019-05-27T13:30:00+09:00,J5,475,553,1028
2019-05-27T13:45:00+09:00,J1,744,887,1631
2019-05-27T13:45:00+09:00,J2,419,400,819
2019-05-27T13:45:00+09:00,J3,680,742,1422
2019-05-27T13:45:00+09:00,J4,485,587,1072
2019-05-27T13:45:00+09:00,J5,538,556,1094
2019-05-27T14:00:00+09:00,J1,714,894,1608
2019-05-27T14:00:00+09:00,J2,430,340,770
2019-05-27T14:00:00+09:00,J3,784,632,1416
2019-05-27T14:00:00+09:00,J4,538,512,1050
2019-05-27T14:00:00+09:00,J5,478,635,1113
2019-05-27T14:15:00+09:00,J1,705,823,1528
2019-05-27T14:15:00+09:00,J2,461,359,820
2019-05-27T14:15:00+09:00,J3,746,675,1421
2019-05-27T14:15:00+09:00,J4,551,510,1061
2019-05-27T14:15:00+09:00,J5,519,582,1101
2019-05-27T14:30:00+09:00,J1,674,671,1345
2019-05-27T14:30:00+09:00,J2,403,334,737
2019-05-27T14:30:00+09:00,J3,708,686,1394
2019-05-27T14:30:00+09:00,J4,503,519,1022
2019-05-27T14:30:00+09:00,J5,410,486,896
2019-05-27T14:45:00+09:00,J1,695,681,1376
2019-05-27T14:45:00+09:00,J2,416,373,789
2019-05-27T14:45:00+09:00,J3,715,657,1372
2019-05-27T14:45:00+09:00,J4,503,573,1076
2019-05-27T14:45:00+09:00,J5,480,529,1009
2019-05-27T15:00:00+09:00,J1,644,688,1332
2019-05-27T15:00:00+09:00,J2,419,366,785
2019-05-27T15:00:00+09:00,J3,681,596,1277
2019-05-27T15:00:00+09:00,J4,547,567,1114
2019-05-27T15:00:00+09:00,J5,430,515,945
2019-05-27T15:15:00+09:00,J1,818,804,1622
2019-05-27T15:15:00+09:00,J2,365,329,694
2019-05-27T15:15:00+09:00,J3,682,706,1388
2019-05-27T15:15:00+09:00,J4,599,642,1241
2019-05-27T15:15:00+09:00,J5,481,431,912
2019-05-27T15:30:00+09:00,J1,686,837,1523
2019-05-27T15:30:00+09:00,J2,418,275,693
2019-05-27T15:30:00+09:00,J3,637,610,1247
2019-05-27T15:30:00+09:00,J4,574,603,1177
2019-05-27T15:30:00+09:00,J5,424,453,877
2019-05-27T15:45:00+09:00,J1,620,658,1278
2019-05-27T15:45:00+09:00,J2,417,328,745
2019-05-27T15:45:00+09:00,J3,592,634,1226
2019-05-27T15:45:00+09:00,J4,566,623,1189
2019-05-27T15:45:00+09:00,J5,501,437,938
2019-05-27T16:00:00+09:00,J1,591,682,1273
2019-05-27T16:00:00+09:00,J2,429,425,854
2019-05-27T16:00:00+09:00,J3,589,622,1211
2019-05-27T16:00:00+09:00,J4,574,560,1134
2019-05-27T16:00:00+09:00,J5,419,419,838
2019-05-27T16:15:00+09:00,J1,549,656,1205
2019-05-27T16:15:00+09:00,J2,443,401,844
2019-05-27T16:15:00+09:00,J3,659,599,1258
2019-05-27T16:15:00+09:00,J4,640,646,1286
2019-05-27T16:15:00+09:00,J5,397,429,826
2019-05-27T16:30:00+09:00,J1,501,646,1147
2019-05-27T16:30:00+09:00,J2,513,423,936
2019-05-27T16:30:00+09:00,J3,624,617,1241
2019-05-27T16:30:00+09:00,J4,623,650,1273
2019-05-27T16:30:00+09:00,J5,431,425,856
2019-05-27T16:45:00+09:00,J1,598,787,1385
2019-05-27T16:45:00+09:00,J2,561,447,1008
2019-05-27T16:45:00+09:00,J3,747,687,1434
2019-05-27T16:45:00+09:00,J4,631,626,1257
2019-05-27T16:45:00+09:00,J5,478,426,904
2019-05-27T17:00:00+09:00,J1,829,805,1634
2019-05-27T17:00:00+09:00,J2,481,484,965
2019-05-27T17:00:00+09:00,J3,851,797,1648
2019-05-27T17:00:00+09:00,J4,651,620,1271
2019-05-27T17:00:00+09:00,J5,507,479,986
2019-05-27T17:15:00+09:00,J1,792,923,1715
2019-05-27T17:15:00+09:00,J2,533,473,1006
2019-05-27T17:15:00+09:00,J3,770,752,1522
2019-05-27T17:15:00+09:00,J4,686,615,1301
2019-05-27T17:15:00+09:00,J5,531,475,1006
2019-05-27T17:30:00+09:00,J1,849,867,1716
2019-05-27T17:30:00+09:00,J2,615,504,1119
2019-05-27T17:30:00+09:00,J3,871,743,1614
2019-05-27T17:30:00+09:00,J4,771,644,1415
2019-05-27T17:30:00+09:00,J5,547,511,1058
2019-05-27T17:45:00+09:00,J1,875,895,1770
2019-05-27T17:45:00+09:00,J2,645,433,1078
2019-05-27T17:45:00+09:00,J3,935,771,1706
2019-05-27T17:45:00+09:00,J4,805,658,1463
2019-05-27T17:45:00+09:00,J5,499,524,1023
2019-05-27T18:00:00+09:00,J1,807,910,1717
2019-05-27T18:00:00+09:00,J2,627,470,1097
2019-05-27T18:00:00+09:00,J3,975,763,1738
2019-05-27T18:00:00+09:00,J4,824,630,1454
2019-05-27T18:00:00+09:00,J5,523,527,1050
2019-05-27T18:15:00+09:00,J1,774,888,1662
2019-05-27T18:15:00+09:00,J2,579,467,1046
2019-05-27T18:15:00+09:00,J3,861,602,1463
2019-05-27T18:15:00+09:00,J4,751,562,1313
2019-05-27T18:15:00+09:00,J5,576,501,1077
2019-05-27T18:30:00+09:00,J1,683,753,1436
2019-05-27T18:30:00+09:00,J2,611,431,1042
2019-05-27T18:30:00+09:00,J3,787,665,1452
2019-05-27T18:30:00+09:00,J4,715,565,1280
2019-05-27T18:30:00+09:00,J5,504,427,931
2019-05-27T18:45:00+09:00,J1,581,700,1281
2019-05-27T18:45:00+09:00,J2,577,502,1079
2019-05-27T18:45:00+09:00,J3,719,677,1396
2019-05-27T18:45:00+09:00,J4,639,541,1180
2019-05-27T18:45:00+09:00,J5,519,448,967
2019-05-27T19:00:00+09:00,J1,454,585,1039
2019-05-27T19:00:00+09:00,J2,510,357,867
2019-05-27T19:00:00+09:00,J3,761,646,1407
2019-05-27T19:00:00+09:00,J4,651,520,1171
2019-05-27T19:00:00+09:00,J5,467,453,920
2019-05-27T19:15:00+09:00,J1,538,573,1111
2019-05-27T19:15:00+09:00,J2,519,419,938
2019-05-27T19:15:00+09:00,J3,744,752,1496
2019-05-27T19:15:00+09:00,J4,647,556,1203
2019-05-27T19:15:00+09:00,J5,472,448,920
2019-05-27T19:30:00+09:00,J1,455,584,1039
2019-05-27T19:30:00+09:00,J2,458,371,829
2019-05-27T19:30:00+09:00,J3,724,709,1433
2019-05-27T19:30:00+09:00,J4,567,530,1097
2019-05-27T19:30:00+09:00,J5,420,460,880
2019-05-27T19:45:00+09:00,J1,461,514,975
2019-05-27T19:45:00+09:00,J2,442,362,804
2019-05-27T19:45:00+09:00,J3,663,663,1326
2019-05-27T19:45:00+09:00,J4,611,553,1164
2019-05-27T19:45:00+09:00,J5,495,403,898
2019-05-27T20:00:00+09:00,J1,465,588,1053
2019-05-27T20:00:00+09:00,J2,452,327,779
2019-05-27T20:00:00+09:00,J3,734,654,1388
2019-05-27T20:00:00+09:00,J4,616,562,1178
2019-05-27T20:00:00+09:00,J5,508,504,1012
2019-05-27T20:15:00+09:00,J1,460,587,1047
2019-05-27T20:15:00+09:00,J2,459,314,773
2019-05-27T20:15:00+09:00,J3,762,639,1401
2019-05-27T20:15:00+09:00,J4,591,579,1170
2019-05-27T20:15:00+09:00,J5,494,415,909
2019-05-27T20:30:00+09:00,J1,449,576,1025
2019-05-27T20:30:00+09:00,J2,386,355,741
2019-05-27T20:30:00+09:00,J3,777,613,1390
2019-05-27T20:30:00+09:00,J4,607,542,1149
2019-05-27T20:30:00+09:00,J5,464,447,911
2019-05-27T20:45:00+09:00,J1,429,506,935
2019-05-27T20:45:00+09:00,J2,360,380,740
2019-05-27T20:45:00+09:00,J3,741,590,1331
2019-05-27T20:45:00+09:00,J4,537,505,1042
2019-05-27T20:45:00+09:00,J5,420,418,838
2019-05-27T21:00:00+09:00,J1,454,542,996
2019-05-27T21:00:00+09:00,J2,325,369,694
2019-05-27T21:00:00+09:00,J3,649,486,1135
2019-05-27T21:00:00+09:00,J4,602,580,1182
2019-05-27T21:00:00+09:00,J5,507,461,968
2019-05-27T21:15:00+09:00,J1,455,584,1039
2019-05-27T21:15:00+09:00,J2,328,369,697
2019-05-27T21:15:00+09:00,J3,592,546,1138
2019-05-27T21:15:00+09:00,J4,601,593,1194
2019-05-27T21:15:00+09:00,J5,505,495,1000
2019-05-27T21:30:00+09:00,J1,414,533,947
2019-05-27T21:30:00+09:00,J2,293,326,619
2019-05-27T21:30:00+09:00,J3,572,533,1105
2019-05-27T21:30:00+09:00,J4,580,591,1171
2019-05-27T21:30:00+09:00,J5,431,426,857
2019-05-27T21:45:00+09:00,J1,387,473,860
2019-05-27T21:45:00+09:00,J2,260,283,543
2019-05-27T21:45:00+09:00,J3,507,487,994
2019-05-27T21:45:00+09:00,J4,603,687,1290
2019-05-27T21:45:00+09:00,J5,496,542,1038
2019-05-27T22:00:00+09:00,J1,386,471,857
2019-05-27T22:00:00+09:00,J2,240,259,499
2019-05-27T22:00:00+09:00,J3,577,508,1085
2019-05-27T22:00:00+09:00,J4,645,626,1271
2019-05-27T22:00:00+09:00,J5,486,565,1051
2019-05-27T22:15:00+09:00,J1,406,496,902
2019-05-27T22:15:00+09:00,J2,245,272,517
2019-05-27T22:15:00+09:00,J3,551,546,1097
2019-05-27T22:15:00+09:00,J4,607,577,1184
2019-05-27T22:15:00+09:00,J5,501,541,1042
2019-05-27T22:30:00+09:00,J1,426,428,854
2019-05-27T22:30:00+09:00,J2,292,230,522
2019-05-27T22:30:00+09:00,J3,506,444,950
2019-05-27T22:30:00+09:00,J4,668,553,1221
2019-05-27T22:30:00+09:00,J5,458,561,1019
2019-05-27T22:45:00+09:00,J1,470,371,841
2019-05-27T22:45:00+09:00,J2,262,212,474
2019-05-27T22:45:00+09:00,J3,499,474,973
2019-05-27T22:45:00+09:00,J4,567,571,1138
2019-05-27T22:45:00+09:00,J5,450,539,989
2019-05-27T23:00:00+09:00,J1,388,353,741
2019-05-27T23:00:00+09:00,J2,231,212,443
2019-05-27T23:00:00+09:00,J3,420,405,825
2019-05-27T23:00:00+09:00,J4,588,557,1145
2019-05-27T23:00:00+09:00,J5,504,523,1027
2019-05-27T23:15:00+09:00,J1,376,360,736
2019-05-27T23:15:00+09:00,J2,226,233,459
2019-05-27T23:15:00+09:00,J3,392,445,837
2019-05-27T23:15:00+09:00,J4,530,527,1057
2019-05-27T23:15:00+09:00,J5,469,509,978
2019-05-27T23:30:00+09:00,J1,358,327,685
2019-05-27T23:30:00+09:00,J2,253,233,486
2019-05-27T23:30:00+09:00,J3,402,394,796
2019-05-27T23:30:00+09:00,J4,504,539,1043
2019-05-27T23:30:00+09:00,J5,444,492,936
2019-05-27T23:45:00+09:00,J1,301,270,571
2019-05-27T23:45:00+09:00,J2,307,234,541
2019-05-27T23:45:00+09:00,J3,439,371,810
2019-05-27T23:45:00+09:00,J4,575,543,1118
2019-05-27T23:45:00+09:00,J5,453,444,897
2019-05-28T00:00:00+09:00,J1,243,220,463
2019-05-28T00:00:00+09:00,J2,347,288,635
2019-05-28T00:00:00+09:00,J3,363,310,673
2019-05-28T00:00:00+09:00,J4,495,531,1026
2019-05-28T00:00:00+09:00,J5,359,418,777
2019-05-28T00:15:00+09:00,J1,218,195,413
2019-05-28T00:15:00+09:00,J2,387,350,737
2019-05-28T00:15:00+09:00,J3,359,321,680
2019-05-28T00:15:00+09:00,J4,630,576,1206
2019-05-28T00:15:00+09:00,J5,260,293,553
2019-05-28T00:30:00+09:00,J1,223,210,433
2019-05-28T00:30:00+09:00,J2,401,428,829
2019-05-28T00:30:00+09:00,J3,357,287,644
2019-05-28T00:30:00+09:00,J4,804,665,1469
2019-05-28T00:30:00+09:00,J5,199,220,419
2019-05-28T00:45:00+09:00,J1,202,193,395
2019-05-28T00:45:00+09:00,J2,470,407,877
2019-05-28T00:45:00+09:00,J3,346,294,640
2019-05-28T00:45:00+09:00,J4,727,627,1354
2019-05-28T00:45:00+09:00,J5,198,199,397
2019-05-28T05:45:00+09:00,J1,244,278,522
2019-05-28T05:45:00+09:00,J2,279,325,604
2019-05-28T05:45:00+09:00,J3,573,494,1067
2019-05-28T05:45:00+09:00,J4,376,396,772
2019-05-28T05:45:00+09:00,J5,204,108,312
2019-05-28T06:00:00+09:00,J1,268,290,558
2019-05-28T06:00:00+09:00,J2,336,327,663
2019-05-28T06:00:00+09:00,J3,634,487,1121
2019-05-28T06:00:00+09:00,J4,447,361,808
2019-05-28T06:00:00+09:00,J5,221,138,359
2019-05-28T06:15:00+09:00,J1,236,321,557
2019-05-28T06:15:00+09:00,J2,366,369,735
2019-05-28T06:15:00+09:00,J3,617,552,1169
2019-05-28T06:15:00+09:00,J4,458,428,886
2019-05-28T06:15:00+09:00,J5,260,159,419
2019-05-28T06:30:00+09:00,J1,231,284,515
2019-05-28T06:30:00+09:00,J2,347,295,642
2019-05-28T06:30:00+09:00,J3,518,482,1000
2019-05-28T06:30:00+09:00,J4,477,428,905
2019-05-28T06:30:00+09:00,J5,302,224,526
2019-05-28T06:45:00+09:00,J1,278,318,596
2019-05-28T06:45:00+09:00,J2,408,350,758
2019-05-28T06:45:00+09:00,J3,504,453,957
2019-05-28T06:45:00+09:00,J4,577,547,1124
2019-05-28T06:45:00+09:00,J5,276,266,542
2019-05-28T07:00:00+09:00,J1,328,355,683
2019-05-28T07:00:00+09:00,J2,410,327,737
2019-05-28T07:00:00+09:00,J3,460,467,927
2019-05-28T07:00:00+09:00,J4,612,616,1228
2019-05-28T07:00:00+09:00,J5,270,285,555
2019-05-28T07:15:00+09:00,J1,390,351,741
2019-05-28T07:15:00+09:00,J2,485,412,897
2019-05-28T07:15:00+09:00,J3,517,510,1027
2019-05-28T07:15:00+09:00,J4,752,893,1645
2019-05-28T07:15:00+09:00,J5,365,359,724
2019-05-28T07:30:00+09:00,J1,483,465,948
2019-05-28T07:30:00+09:00,J2,458,368,826
2019-05-28T07:30:00+09:00,J3,590,644,1234
2019-05-28T07:30:00+09:00,J4,834,970,1804
2019-05-28T07:30:00+09:00,J5,477,516,993
2019-05-28T07:45:00+09:00,J1,517,487,1004
2019-05-28T07:45:00+09:00,J2,495,377,872
2019-05-28T07:45:00+09:00,J3,637,661,1298
2019-05-28T07:45:00+09:00,J4,734,910,1644
2019-05-28T07:45:00+09:00,J5,520,515,1035
2019-05-28T08:00:00+09:00,J1,1059,633,1692
2019-05-28T08:00:00+09:00,J2,469,408,877
2019-05-28T08:00:00+09:00,J3,644,825,1469
2019-05-28T08:00:00+09:00,J4,707,906,1613
2019-05-28T08:00:00+09:00,J5,426,403,829
2019-05-28T08:15:00+09:00,J1,1216,694,1910
2019-05-28T08:15:00+09:00,J2,534,366,900
2019-05-28T08:15:00+09:00,J3,701,955,1656
2019-05-28T08:15:00+09:00,J4,701,974,1675
2019-05-28T08:15:00+09:00,J5,452,382,834
2019-05-28T08:30:00+09:00,J1,1105,625,1730
2019-05-28T08:30:00+09:00,J2,555,386,941
2019-05-28T08:30:00+09:00,J3,719,1033,1752
2019-05-28T08:30:00+09:00,J4,711,1044,1755
2019-05-28T08:30:00+09:00,J5,455,464,919
2019-05-28T08:45:00+09:00,J1,897,549,1446
2019-05-28T08:45:00+09:00,J2,434,358,792
2019-05-28T08:45:00+09:00,J3,659,825,1484
2019-05-28T08:45:00+09:00,J4,564,879,1443
2019-05-28T08:45:00+09:00,J5,480,404,884
2019-05-28T09:00:00+09:00,J1,746,545,1291
2019-05-28T09:00:00+09:00,J2,418,325,743
2019-05-28T09:00:00+09:00,J3,483,606,1089
2019-05-28T09:00:00+09:00,J4,620,718,1338
2019-05-28T09:00:00+09:00,J5,464,454,918
2019-05-28T09:15:00+09:00,J1,643,511,1154
2019-05-28T09:15:00+09:00,J2,403,314,717
2019-05-28T09:15:00+09:00,J3,517,639,1156
2019-05-28T09:15:00+09:00,J4,631,759,1390
2019-05-28T09:15:00+09:00,J5,480,442,922
2019-05-28T09:30:00+09:00,J1,703,511,1214
2019-05-28T09:30:00+09:00,J2,381,366,747
2019-05-28T09:30:00+09:00,J3,629,708,1337
2019-05-28T09:30:00+09:00,J4,639,744,1383
2019-05-28T09:30:00+09:00,J5,405,365,770
2019-05-28T09:45:00+09:00,J1,580,504,1084
2019-05-28T09:45:00+09:00,J2,397,342,739
2019-05-28T09:45:00+09:00,J3,646,645,1291
2019-05-28T09:45:00+09:00,J4,556,649,1205
2019-05-28T09:45:00+09:00,J5,367,348,715
2019-05-28T10:00:00+09:00,J1,545,485,1030
2019-05-28T10:00:00+09:00,J2,330,344,674
2019-05-28T10:00:00+09:00,J3,572,624,1196
2019-05-28T10:00:00+09:00,J4,571,628,1199
2019-05-28T10:00:00+09:00,J5,467,481,948
2019-05-28T10:15:00+09:00,J1,566,509,1075
2019-05-28T10:15:00+09:00,J2,429,412,841
2019-05-28T10:15:00+09:00,J3,667,644,1311
2019-05-28T10:15:00+09:00,J4,608,722,1330
2019-05-28T10:15:00+09:00,J5,482,472,954
2019-05-28T10:30:00+09:00,J1,528,509,1037
2019-05-28T10:30:00+09:00,J2,380,422,802
2019-05-28T10:30:00+09:00,J3,778,736,1514
2019-05-28T10:30:00+09:00,J4,582,663,1245
2019-05-28T10:30:00+09:00,J5,533,547,1080
2019-05-28T10:45:00+09:00,J1,512,530,1042
2019-05-28T10:45:00+09:00,J2,408,386,794
2019-05-28T10:45:00+09:00,J3,787,751,1538
2019-05-28T10:45:00+09:00,J4,572,623,1195
2019-05-28T10:45:00+09:00,J5,454,457,911
2019-05-28T11:00:00+09:00,J1,506,482,988
2019-05-28T11:00:00+09:00,J2,415,415,830
2019-05-28T11:00:00+09:00,J3,796,720,1516
2019-05-28T11:00:00+09:00,J4,512,568,1080
2019-05-28T11:00:00+09:00,J5,408,471,879
2019-05-28T11:15:00+09:00,J1,612,621,1233
2019-05-28T11:15:00+09:00,J2,512,344,856
2019-05-28T11:15:00+09:00,J3,765,784,1549
2019-05-28T11:15:00+09:00,J4,546,632,1178
2019-05-28T11:15:00+09:00,J5,518,484,1002
2019-05-28T11:30:00+09:00,J1,651,641,1292
2019-05-28T11:30:00+09:00,J2,499,323,822
2019-05-28T11:30:00+09:00,J3,822,721,1543
2019-05-28T11:30:00+09:00,J4,499,515,1014
2019-05-28T11:30:00+09:00,J5,432,443,875
2019-05-28T11:45:00+09:00,J1,683,681,1364
2019-05-28T11:45:00+09:00,J2,455,342,797
2019-05-28T11:45:00+09:00,J3,866,792,1658
2019-05-28T11:45:00+09:00,J4,504,504,1008
2019-05-28T11:45:00+09:00,J5,452,491,943
2019-05-28T12:00:00+09:00,J1,653,768,1421
2019-05-28T12:00:00+09:00,J2,496,415,911
2019-05-28T12:00:00+09:00,J3,870,800,1670
2019-05-28T12:00:00+09:00,J4,510,540,1050
2019-05-28T12:00:00+09:00,J5,523,514,1037
2019-05-28T12:15:00+09:00,J1,575,732,1307
2019-05-28T12:15:00+09:00,J2,506,439,945
2019-05-28T12:15:00+09:00,J3,795,830,1625
2019-05-28T12:15:00+09:00,J4,507,490,997
2019-05-28T12:15:00+09:00,J5,402,401,803
2019-05-28T12:30:00+09:00,J1,623,696,1319
2019-05-28T12:30:00+09:00,J2,448,468,916
2019-05-28T12:30:00+09:00,J3,810,848,1658
2019-05-28T12:30:00+09:00,J4,564,517,1081
2019-05-28T12:30:00+09:00,J5,486,480,966
2019-05-28T12:45:00+09:00,J1,605,794,1399
2019-05-28T12:45:00+09:00,J2,474,427,901
2019-05-28T12:45:00+09:00,J3,829,807,1636
2019-05-28T12:45:00+09:00,J4,530,488,1018
2019-05-28T12:45:00+09:00,J5,424,416,840
2019-05-28T13:00:00+09:00,J1,581,753,1334
2019-05-28T13:00:00+09:00,J2,453,441,894
2019-05-28T13:00:00+09:00,J3,853,841,1694
2019-05-28T13:00:00+09:00,J4,473,494,967
2019-05-28T13:00:00+09:00,J5,460,439,899
2019-05-28T13:15:00+09:00,J1,442,581,1023
2019-05-28T13:15:00+09:00,J2,357,317,674
2019-05-28T13:15:00+09:00,J3,690,573,1263
2019-05-28T13:15:00+09:00,J4,396,372,768
2019-05-28T13:15:00+09:00,J5,341,363,704
2019-05-28T13:30:00+09:00,J1,676,867,1543
2019-05-28T13:30:00+09:00,J2,578,492,1070
2019-05-28T13:30:00+09:00,J3,993,905,1898
2019-05-28T13:30:00+09:00,J4,617,610,1227
2019-05-28T13:30:00+09:00,J5,459,473,932
2019-05-28T13:45:00+09:00,J1,564,667,1231
2019-05-28T13:45:00+09:00,J2,478,391,869
2019-05-28T13:45:00+09:00,J3,772,796,1568
2019-05-28T13:45:00+09:00,J4,526,476,1002
2019-05-28T13:45:00+09:00,J5,361,375,736
2019-05-28T14:00:00+09:00,J1,603,620,1223
2019-05-28T14:00:00+09:00,J2,439,418,857
2019-05-28T14:00:00+09:00,J3,785,708,1493
2019-05-28T14:00:00+09:00,J4,520,423,943
2019-05-28T14:00:00+09:00,J5,358,344,702
2019-05-28T14:15:00+09:00,J1,648,690,1338
2019-05-28T14:15:00+09:00,J2,442,428,870
2019-05-28T14:15:00+09:00,J3,782,787,1569
2019-05-28T14:15:00+09:00,J4,440,483,923
2019-05-28T14:15:00+09:00,J5,352,355,707
2019-05-28T14:30:00+09:00,J1,576,686,1262
2019-05-28T14:30:00+09:00,J2,482,410,892
2019-05-28T14:30:00+09:00,J3,785,758,1543
2019-05-28T14:30:00+09:00,J4,546,493,1039
2019-05-28T14:30:00+09:00,J5,353,351,704
2019-05-28T14:45:00+09:00,J1,624,672,1296
2019-05-28T14:45:00+09:00,J2,450,411,861
2019-05-28T14:45:00+09:00,J3,764,824,1588
2019-05-28T14:45:00+09:00,J4,488,500,988
2019-05-28T14:45:00+09:00,J5,358,390,748
2019-05-28T15:00:00+09:00,J1,566,702,1268
2019-05-28T15:00:00+09:00,J2,454,413,867
2019-05-28T15:00:00+09:00,J3,742,781,1523
2019-05-28T15:00:00+09:00,J4,537,463,1000
2019-05-28T15:00:00+09:00,J5,372,402,774
2019-05-28T15:15:00+09:00,J1,489,718,1207
2019-05-28T15:15:00+09:00,J2,418,413,831
2019-05-28T15:15:00+09:00,J3,812,815,1627
2019-05-28T15:15:00+09:00,J4,463,486,949
2019-05-28T15:15:00+09:00,J5,414,399,813
2019-05-28T15:30:00+09:00,J1,600,726,1326
2019-05-28T15:30:00+09:00,J2,449,418,867
2019-05-28T15:30:00+09:00,J3,827,846,1673
2019-05-28T15:30:00+09:00,J4,490,452,942
2019-05-28T15:30:00+09:00,J5,462,485,947
2019-05-28T15:45:00+09:00,J1,587,670,1257
2019-05-28T15:45:00+09:00,J2,396,401,797
2019-05-28T15:45:00+09:00,J3,882,822,1704
2019-05-28T15:45:00+09:00,J4,469,437,906
2019-05-28T15:45:00+09:00,J5,391,440,831
2019-05-28T16:00:00+09:00,J1,586,723,1309
2019-05-28T16:00:00+09:00,J2,413,440,853
2019-05-28T16:00:00+09:00,J3,780,834,1614
2019-05-28T16:00:00+09:00,J4,457,469,926
2019-05-28T16:00:00+09:00,J5,335,346,681
2019-05-28T16:15:00+09:00,J1,612,690,1302
2019-05-28T16:15:00+09:00,J2,453,415,868
2019-05-28T16:15:00+09:00,J3,847,688,1535
2019-05-28T16:15:00+09:00,J4,503,497,1000
2019-05-28T16:15:00+09:00,J5,372,350,722
2019-05-28T16:30:00+09:00,J1,586,753,1339
2019-05-28T16:30:00+09:00,J2,466,375,841
2019-05-28T16:30:00+09:00,J3,753,783,1536
2019-05-28T16:30:00+09:00,J4,523,484,1007
2019-05-28T16:30:00+09:00,J5,377,388,765
2019-05-28T16:45:00+09:00,J1,573,697,1270
2019-05-28T16:45:00+09:00,J2,474,405,879
2019-05-28T16:45:00+09:00,J3,809,762,1571
2019-05-28T16:45:00+09:00,J4,519,494,1013
2019-05-28T16:45:00+09:00,J5,337,381,718
2019-05-28T17:00:00+09:00,J1,600,743,1343
2019-05-28T17:00:00+09:00,J2,506,398,904
2019-05-28T17:00:00+09:00,J3,885,753,1638
2019-05-28T17:00:00+09:00,J4,553,515,1068
2019-05-28T17:00:00+09:00,J5,512,454,966
2019-05-28T17:15:00+09:00,J1,638,736,1374
2019-05-28T17:15:00+09:00,J2,519,419,938
2019-05-28T17:15:00+09:00,J3,906,814,1720
2019-05-28T17:15:00+09:00,J4,619,623,1242
2019-05-28T17:15:00+09:00,J5,485,455,940
2019-05-28T17:30:00+09:00,J1,708,887,1595
2019-05-28T17:30:00+09:00,J2,556,479,1035
2019-05-28T17:30:00+09:00,J3,918,894,1812
2019-05-28T17:30:00+09:00,J4,750,665,1415
2019-05-28T17:30:00+09:00,J5,469,469,938
2019-05-28T17:45:00+09:00,J1,700,856,1556
2019-05-28T17:45:00+09:00,J2,554,448,1002
2019-05-28T17:45:00+09:00,J3,966,813,1779
2019-05-28T17:45:00+09:00,J4,744,645,1389
2019-05-28T17:45:00+09:00,J5,533,524,1057
2019-05-28T18:00:00+09:00,J1,734,893,1627
2019-05-28T18:00:00+09:00,J2,506,411,917
2019-05-28T18:00:00+09:00,J3,1022,833,1855
2019-05-28T18:00:00+09:00,J4,808,630,1438
2019-05-28T18:00:00+09:00,J5,494,553,1047
2019-05-28T18:15:00+09:00,J1,683,797,1480
2019-05-28T18:15:00+09:00,J2,564,417,981
2019-05-28T18:15:00+09:00,J3,979,792,1771
2019-05-28T18:15:00+09:00,J4,832,652,1484
2019-05-28T18:15:00+09:00,J5,511,516,1027
2019-05-28T18:30:00+09:00,J1,622,766,1388
2019-05-28T18:30:00+09:00,J2,577,394,971
2019-05-28T18:30:00+09:00,J3,1008,789,1797
2019-05-28T18:30:00+09:00,J4,729,600,1329
2019-05-28T18:30:00+09:00,J5,508,485,993
2019-05-28T18:45:00+09:00,J1,601,738,1339
2019-05-28T18:45:00+09:00,J2,460,400,860
2019-05-28T18:45:00+09:00,J3,917,843,1760
2019-05-28T18:45:00+09:00,J4,718,648,1366
2019-05-28T18:45:00+09:00,J5,471,456,927
2019-05-28T19:00:00+09:00,J1,593,673,1266
2019-05-28T19:00:00+09:00,J2,481,290,771
2019-05-28T19:00:00+09:00,J3,917,837,1754
2019-05-28T19:00:00+09:00,J4,783,651,1434
2019-05-28T19:00:00+09:00,J5,411,420,831
2019-05-28T19:15:00+09:00,J1,573,710,1283
2019-05-28T19:15:00+09:00,J2,515,327,842
2019-05-28T19:15:00+09:00,J3,824,715,1539
2019-05-28T19:15:00+09:00,J4,805,646,1451
2019-05-28T19:15:00+09:00,J5,499,472,971
2019-05-28T19:30:00+09:00,J1,552,669,1221
2019-05-28T19:30:00+09:00,J2,456,366,822
2019-05-28T19:30:00+09:00,J3,680,637,1317
2019-05-28T19:30:00+09:00,J4,764,736,1500
2019-05-28T19:30:00+09:00,J5,506,492,998
2019-05-28T19:45:00+09:00,J1,561,633,1194
2019-05-28T19:45:00+09:00,J2,355,372,727
2019-05-28T19:45:00+09:00,J3,509,606,1115
2019-05-28T19:45:00+09:00,J4,702,619,1321
2019-05-28T19:45:00+09:00,J5,405,421,826
2019-05-28T20:00:00+09:00,J1,541,625,1166
2019-05-28T20:00:00+09:00,J2,390,413,803
2019-05-28T20:00:00+09:00,J3,526,529,1055
2019-05-28T20:00:00+09:00,J4,677,586,1263
2019-05-28T20:00:00+09:00,J5,500,452,952
2019-05-28T20:15:00+09:00,J1,476,663,1139
2019-05-28T20:15:00+09:00,J2,354,434,788
2019-05-28T20:15:00+09:00,J3,648,494,1142
2019-05-28T20:15:00+09:00,J4,742,708,1450
2019-05-28T20:15:00+09:00,J5,449,494,943
2019-05-28T20:30:00+09:00,J1,454,602,1056
2019-05-28T20:30:00+09:00,J2,324,342,666
2019-05-28T20:30:00+09:00,J3,473,511,984
2019-05-28T20:30:00+09:00,J4,703,640,1343
2019-05-28T20:30:00+09:00,J5,550,594,1144
2019-05-28T20:45:00+09:00,J1,472,579,1051
2019-05-28T20:45:00+09:00,J2,384,397,781
2019-05-28T20:45:00+09:00,J3,480,383,863
2019-05-28T20:45:00+09:00,J4,637,604,1241
2019-05-28T20:45:00+09:00,J5,483,589,1072
2019-05-28T21:00:00+09:00,J1,529,552,1081
2019-05-28T21:00:00+09:00,J2,385,306,691
2019-05-28T21:00:00+09:00,J3,532,447,979
2019-05-28T21:00:00+09:00,J4,686,598,1284
2019-05-28T21:00:00+09:00,J5,498,624,1122
2019-05-28T21:15:00+09:00,J1,584,676,1260
2019-05-28T21:15:00+09:00,J2,322,305,627
2019-05-28T21:15:00+09:00,J3,613,523,1136
2019-05-28T21:15:00+09:00,J4,669,645,1314
2019-05-28T21:15:00+09:00,J5,592,593,1185
2019-05-28T21:30:00+09:00,J1,583,653,1236
2019-05-28T21:30:00+09:00,J2,298,240,538
2019-05-28T21:30:00+09:00,J3,535,520,1055
2019-05-28T21:30:00+09:00,J4,616,642,1258
2019-05-28T21:30:00+09:00,J5,541,594,1135
2019-05-28T21:45:00+09:00,J1,559,585,1144
2019-05-28T21:45:00+09:00,J2,295,233,528
2019-05-28T21:45:00+09:00,J3,488,479,967
2019-05-28T21:45:00+09:00,J4,724,632,1356
2019-05-28T21:45:00+09:00,J5,481,530,1011
2019-05-28T22:00:00+09:00,J1,490,601,1091
2019-05-28T22:00:00+09:00,J2,255,256,511
2019-05-28T22:00:00+09:00,J3,467,438,905
2019-05-28T22:00:00+09:00,J4,694,588,1282
2019-05-28T22:00:00+09:00,J5,387,394,781
2019-05-28T22:15:00+09:00,J1,570,545,1115
2019-05-28T22:15:00+09:00,J2,261,254,515
2019-05-28T22:15:00+09:00,J3,499,469,968
2019-05-28T22:15:00+09:00,J4,693,645,1338
2019-05-28T22:15:00+09:00,J5,359,377,736
2019-05-28T22:30:00+09:00,J1,481,544,1025
2019-05-28T22:30:00+09:00,J2,322,278,600
2019-05-28T22:30:00+09:00,J3,557,543,1100
2019-05-28T22:30:00+09:00,J4,706,629,1335
2019-05-28T22:30:00+09:00,J5,301,287,588
2019-05-28T22:45:00+09:00,J1,494,456,950
2019-05-28T22:45:00+09:00,J2,341,294,635
2019-05-28T22:45:00+09:00,J3,557,531,1088
2019-05-28T22:45:00+09:00,J4,782,739,1521
2019-05-28T22:45:00+09:00,J5,211,237,448
2019-05-28T23:00:00+09:00,J1,462,460,922
2019-05-28T23:00:00+09:00,J2,396,286,682
2019-05-28T23:00:00+09:00,J3,581,505,1086
2019-05-28T23:00:00+09:00,J4,791,682,1473
2019-05-28T23:00:00+09:00,J5,212,243,455
2019-05-28T23:15:00+09:00,J1,471,459,930
2019-05-28T23:15:00+09:00,J2,360,339,699
2019-05-28T23:15:00+09:00,J3,607,534,1141
2019-05-28T23:15:00+09:00,J4,755,671,1426
2019-05-28T23:15:00+09:00,J5,199,229,428
2019-05-28T23:30:00+09:00,J1,462,452,914
2019-05-28T23:30:00+09:00,J2,383,334,717
2019-05-28T23:30:00+09:00,J3,648,561,1209
2019-05-28T23:30:00+09:00,J4,747,722,1469
2019-05-28T23:30:00+09:00,J5,203,234,437
2019-05-28T23:45:00+09:00,J1,426,381,807
2019-05-28T23:45:00+09:00,J2,410,379,789
2019-05-28T23:45:00+09:00,J3,684,582,1266
2019-05-28T23:45:00+09:00,J4,764,683,1447
2019-05-28T23:45:00+09:00,J5,221,235,456
2019-05-29T00:00:00+09:00,J1,366,294,660
2019-05-29T00:00:00+09:00,J2,377,353,730
2019-05-29T00:00:00+09:00,J3,599,532,1131
2019-05-29T00:00:00+09:00,J4,693,593,1286
2019-05-29T00:00:00+09:00,J5,240,175,415
2019-05-29T00:15:00+09:00,J1,313,244,557
2019-05-29T00:15:00+09:00,J2,311,321,632
2019-05-29T00:15:00+09:00,J3,450,407,857
2019-05-29T00:15:00+09:00,J4,372,411,783
2019-05-29T00:15:00+09:00,J5,221,132,353
2019-05-29T00:30:00+09:00,J1,230,261,491
2019-05-29T00:30:00+09:00,J2,326,260,586
2019-05-29T00:30:00+09:00,J3,475,415,890
2019-05-29T00:30:00+09:00,J4,357,404,761
2019-05-29T00:30:00+09:00,J5,163,120,283
2019-05-29T00:45:00+09:00,J1,232,277,509
2019-05-29T00:45:00+09:00,J2,298,228,526
2019-05-29T00:45:00+09:00,J3,440,403,843
2019-05-29T00:45:00+09:00,J4,311,305,616
2019-05-29T00:45:00+09:00,J5,130,115,245
2019-05-29T05:45:00+09:00,J1,352,274,626
2019-05-29T05:45:00+09:00,J2,256,341,597
2019-05-29T05:45:00+09:00,J3,447,362,809
2019-05-29T05:45:00+09:00,J4,366,410,776
2019-05-29T05:45:00+09:00,J5,320,397,717
2019-05-29T06:00:00+09:00,J1,363,301,664
2019-05-29T06:00:00+09:00,J2,226,334,560
2019-05-29T06:00:00+09:00,J3,419,386,805
2019-05-29T06:00:00+09:00,J4,343,456,799
2019-05-29T06:00:00+09:00,J5,271,296,567
2019-05-29T06:15:00+09:00,J1,457,375,832
2019-05-29T06:15:00+09:00,J2,287,313,600
2019-05-29T06:15:00+09:00,J3,429,447,876
2019-05-29T06:15:00+09:00,J4,395,430,825
2019-05-29T06:15:00+09:00,J5,274,251,525
2019-05-29T06:30:00+09:00,J1,388,323,711
2019-05-29T06:30:00+09:00,J2,320,342,662
2019-05-29T06:30:00+09:00,J3,407,388,795
2019-05-29T06:30:00+09:00,J4,330,421,751
2019-05-29T06:30:00+09:00,J5,294,289,583
2019-05-29T06:45:00+09:00,J1,473,350,823
2019-05-29T06:45:00+09:00,J2,367,348,715
2019-05-29T06:45:00+09:00,J3,544,440,984
2019-05-29T06:45:00+09:00,J4,380,414,794
2019-05-29T06:45:00+09:00,J5,230,244,474
2019-05-29T07:00:00+09:00,J1,505,421,926
2019-05-29T07:00:00+09:00,J2,404,304,708
2019-05-29T07:00:00+09:00,J3,494,539,1033
2019-05-29T07:00:00+09:00,J4,401,434,835
2019-05-29T07:00:00+09:00,J5,333,337,670
2019-05-29T07:15:00+09:00,J1,566,356,922
2019-05-29T07:15:00+09:00,J2,559,364,923
2019-05-29T07:15:00+09:00,J3,619,633,1252
2019-05-29T07:15:00+09:00,J4,469,569,1038
2019-05-29T07:15:00+09:00,J5,396,354,750
2019-05-29T07:30:00+09:00,J1,593,470,1063
2019-05-29T07:30:00+09:00,J2,602,403,1005
2019-05-29T07:30:00+09:00,J3,802,828,1630
2019-05-29T07:30:00+09:00,J4,523,693,1216
2019-05-29T07:30:00+09:00,J5,338,323,661
2019-05-29T07:45:00+09:00,J1,618,587,1205
2019-05-29T07:45:00+09:00,J2,681,582,1263
2019-05-29T07:45:00+09:00,J3,866,931,1797
2019-05-29T07:45:00+09:00,J4,706,825,1531
2019-05-29T07:45:00+09:00,J5,334,394,728
2019-05-29T08:00:00+09:00,J1,880,777,1657
2019-05-29T08:00:00+09:00,J2,919,621,1540
2019-05-29T08:00:00+09:00,J3,916,1093,2009
2019-05-29T08:00:00+09:00,J4,855,963,1818
2019-05-29T08:00:00+09:00,J5,437,398,835
2019-05-29T08:15:00+09:00,J1,1041,814,1855
2019-05-29T08:15:00+09:00,J2,995,610,1605
2019-05-29T08:15:00+09:00,J3,884,1139,2023
2019-05-29T08:15:00+09:00,J4,824,964,1788
2019-05-29T08:15:00+09:00,J5,525,615,1140
2019-05-29T08:30:00+09:00,J1,1161,780,1941
2019-05-29T08:30:00+09:00,J2,922,571,1493
2019-05-29T08:30:00+09:00,J3,829,1108,1937
2019-05-29T08:30:00+09:00,J4,808,943,1751
2019-05-29T08:30:00+09:00,J5,546,656,1202
2019-05-29T08:45:00+09:00,J1,878,604,1482
2019-05-29T08:45:00+09:00,J2,786,545,1331
2019-05-29T08:45:00+09:00,J3,711,886,1597
2019-05-29T08:45:00+09:00,J4,768,848,1616
2019-05-29T08:45:00+09:00,J5,501,539,1040
2019-05-29T09:00:00+09:00,J1,621,579,1200
2019-05-29T09:00:00+09:00,J2,744,539,1283
2019-05-29T09:00:00+09:00,J3,645,681,1326
2019-05-29T09:00:00+09:00,J4,770,784,1554
2019-05-29T09:00:00+09:00,J5,427,433,860
2019-05-29T09:15:00+09:00,J1,533,524,1057
2019-05-29T09:15:00+09:00,J2,729,488,1217
2019-05-29T09:15:00+09:00,J3,611,683,1294
2019-05-29T09:15:00+09:00,J4,742,802,1544
2019-05-29T09:15:00+09:00,J5,442,400,842
2019-05-29T09:30:00+09:00,J1,495,522,1017
2019-05-29T09:30:00+09:00,J2,802,599,1401
2019-05-29T09:30:00+09:00,J3,626,709,1335
2019-05-29T09:30:00+09:00,J4,763,741,1504
2019-05-29T09:30:00+09:00,J5,465,463,928
2019-05-29T09:45:00+09:00,J1,483,447,930
2019-05-29T09:45:00+09:00,J2,709,533,1242
2019-05-29T09:45:00+09:00,J3,619,576,1195
2019-05-29T09:45:00+09:00,J4,706,751,1457
2019-05-29T09:45:00+09:00,J5,366,411,777
2019-05-29T10:00:00+09:00,J1,486,476,962
2019-05-29T10:00:00+09:00,J2,652,518,1170
2019-05-29T10:00:00+09:00,J3,696,569,1265
2019-05-29T10:00:00+09:00,J4,735,736,1471
2019-05-29T10:00:00+09:00,J5,362,408,770
2019-05-29T10:15:00+09:00,J1,478,482,960
2019-05-29T10:15:00+09:00,J2,657,511,1168
2019-05-29T10:15:00+09:00,J3,530,562,1092
2019-05-29T10:15:00+09:00,J4,757,744,1501
2019-05-29T10:15:00+09:00,J5,355,419,774
2019-05-29T10:30:00+09:00,J1,536,540,1076
2019-05-29T10:30:00+09:00,J2,563,467,1030
2019-05-29T10:30:00+09:00,J3,570,510,1080
2019-05-29T10:30:00+09:00,J4,833,824,1657
2019-05-29T10:30:00+09:00,J5,451,443,894
2019-05-29T10:45:00+09:00,J1,502,546,1048
2019-05-29T10:45:00+09:00,J2,486,402,888
2019-05-29T10:45:00+09:00,J3,549,465,1014
2019-05-29T10:45:00+09:00,J4,865,837,1702
2019-05-29T10:45:00+09:00,J5,444,462,906
2019-05-29T11:00:00+09:00,J1,540,479,1019
2019-05-29T11:00:00+09:00,J2,475,429,904
2019-05-29T11:00:00+09:00,J3,516,461,977
2019-05-29T11:00:00+09:00,J4,817,751,1568
2019-05-29T11:00:00+09:00,J5,466,497,963
2019-05-29T11:15:00+09:00,J1,615,557,1172
2019-05-29T11:15:00+09:00,J2,508,405,913
2019-05-29T11:15:00+09:00,J3,591,519,1110
2019-05-29T11:15:00+09:00,J4,778,782,1560
2019-05-29T11:15:00+09:00,J5,493,530,1023
2019-05-29T11:30:00+09:00,J1,568,569,1137
2019-05-29T11:30:00+09:00,J2,513,395,908
2019-05-29T11:30:00+09:00,J3,656,520,1176
2019-05-29T11:30:00+09:00,J4,767,752,1519
2019-05-29T11:30:00+09:00,J5,479,541,1020
2019-05-29T11:45:00+09:00,J1,595,541,1136
2019-05-29T11:45:00+09:00,J2,488,429,917
2019-05-29T11:45:00+09:00,J3,593,488,1081
2019-05-29T11:45:00+09:00,J4,798,714,1512
2019-05-29T11:45:00+09:00,J5,470,533,1003
2019-05-29T12:00:00+09:00,J1,596,564,1160
2019-05-29T12:00:00+09:00,J2,541,417,958
2019-05-29T12:00:00+09:00,J3,677,581,1258
2019-05-29T12:00:00+09:00,J4,878,780,1658
2019-05-29T12:00:00+09:00,J5,496,629,1125
2019-05-29T12:15:00+09:00,J1,520,550,1070
2019-05-29T12:15:00+09:00,J2,474,421,895
2019-05-29T12:15:00+09:00,J3,649,613,1262
2019-05-29T12:15:00+09:00,J4,785,768,1553
2019-05-29T12:15:00+09:00,J5,533,501,1034
2019-05-29T12:30:00+09:00,J1,641,563,1204
2019-05-29T12:30:00+09:00,J2,511,523,1034
2019-05-29T12:30:00+09:00,J3,690,582,1272
2019-05-29T12:30:00+09:00,J4,691,706,1397
2019-05-29T12:30:00+09:00,J5,541,569,1110
2019-05-29T12:45:00+09:00,J1,628,548,1176
2019-05-29T12:45:00+09:00,J2,522,470,992
2019-05-29T12:45:00+09:00,J3,672,530,1202
2019-05-29T12:45:00+09:00,J4,656,752,1408
2019-05-29T12:45:00+09:00,J5,522,563,1085
2019-05-29T13:00:00+09:00,J1,625,565,1190
2019-05-29T13:00:00+09:00,J2,505,495,1000
2019-05-29T13:00:00+09:00,J3,691,611,1302
2019-05-29T13:00:00+09:00,J4,722,759,1481
2019-05-29T13:00:00+09:00,J5,579,565,1144
2019-05-29T13:15:00+09:00,J1,568,576,1144
2019-05-29T13:15:00+09:00,J2,443,475,918
2019-05-29T13:15:00+09:00,J3,646,594,1240
2019-05-29T13:15:00+09:00,J4,702,737,1439
2019-05-29T13:15:00+09:00,J5,526,536,1062
2019-05-29T13:30:00+09:00,J1,566,610,1176
2019-05-29T13:30:00+09:00,J2,471,455,926
2019-05-29T13:30:00+09:00,J3,604,555,1159
2019-05-29T13:30:00+09:00,J4,742,766,1508
2019-05-29T13:30:00+09:00,J5,446,510,956
2019-05-29T13:45:00+09:00,J1,521,579,1100
2019-05-29T13:45:00+09:00,J2,464,495,959
2019-05-29T13:45:00+09:00,J3,637,550,1187
2019-05-29T13:45:00+09:00,J4,721,720,1441
2019-05-29T13:45:00+09:00,J5,495,561,1056
2019-05-29T14:00:00+09:00,J1,569,658,1227
2019-05-29T14:00:00+09:00,J2,501,476,977
2019-05-29T14:00:00+09:00,J3,649,579,1228
2019-05-29T14:00:00+09:00,J4,698,718,1416
2019-05-29T14:00:00+09:00,J5,445,548,993
2019-05-29T14:15:00+09:00,J1,524,583,1107
2019-05-29T14:15:00+09:00,J2,480,463,943
2019-05-29T14:15:00+09:00,J3,702,582,1284
2019-05-29T14:15:00+09:00,J4,741,705,1446
2019-05-29T14:15:00+09:00,J5,497,497,994
2019-05-29T14:30:00+09:00,J1,555,552,1107
2019-05-29T14:30:00+09:00,J2,545,455,1000
2019-05-29T14:30:00+09:00,J3,660,535,1195
2019-05-29T14:30:00+09:00,J4,778,726,1504
2019-05-29T14:30:00+09:00,J5,519,550,1069
2019-05-29T14:45:00+09:00,J1,594,597,1191
2019-05-29T14:45:00+09:00,J2,548,526,1074
2019-05-29T14:45:00+09:00,J3,625,608,1233
2019-05-29T14:45:00+09:00,J4,671,749,1420
2019-05-29T14:45:00+09:00,J5,499,550,1049
2019-05-29T15:00:00+09:00,J1,558,607,1165
2019-05-29T15:00:00+09:00,J2,464,514,978
2019-05-29T15:00:00+09:00,J3,613,621,1234
2019-05-29T15:00:00+09:00,J4,727,677,1404
2019-05-29T15:00:00+09:00,J5,490,519,1009
2019-05-29T15:15:00+09:00,J1,484,571,1055
2019-05-29T15:15:00+09:00,J2,439,515,954
2019-05-29T15:15:00+09:00,J3,674,579,1253
2019-05-29T15:15:00+09:00,J4,767,735,1502
2019-05-29T15:15:00+09:00,J5,482,473,955
2019-05-29T15:30:00+09:00,J1,508,644,1152
2019-05-29T15:30:00+09:00,J2,526,511,1037
2019-05-29T15:30:00+09:00,J3,583,579,1162
2019-05-29T15:30:00+09:00,J4,795,694,1489
2019-05-29T15:30:00+09:00,J5,421,502,923
2019-05-29T15:45:00+09:00,J1,620,628,1248
2019-05-29T15:45:00+09:00,J2,494,478,972
2019-05-29T15:45:00+09:00,J3,612,558,1170
2019-05-29T15:45:00+09:00,J4,783,807,1590
2019-05-29T15:45:00+09:00,J5,468,517,985
2019-05-29T16:00:00+09:00,J1,597,670,1267
2019-05-29T16:00:00+09:00,J2,476,504,980
2019-05-29T16:00:00+09:00,J3,653,582,1235
2019-05-29T16:00:00+09:00,J4,757,782,1539
2019-05-29T16:00:00+09:00,J5,480,458,938
2019-05-29T16:15:00+09:00,J1,773,801,1574
2019-05-29T16:15:00+09:00,J2,573,612,1185
2019-05-29T16:15:00+09:00,J3,757,722,1479
2019-05-29T16:15:00+09:00,J4,842,770,1612
2019-05-29T16:15:00+09:00,J5,504,565,1069
2019-05-29T16:30:00+09:00,J1,724,817,1541
2019-05-29T16:30:00+09:00,J2,579,635,1214
2019-05-29T16:30:00+09:00,J3,755,729,1484
2019-05-29T16:30:00+09:00,J4,836,824,1660
2019-05-29T16:30:00+09:00,J5,580,575,1155
2019-05-29T16:45:00+09:00,J1,715,845,1560
2019-05-29T16:45:00+09:00,J2,529,583,1112
2019-05-29T16:45:00+09:00,J3,794,699,1493
2019-05-29T16:45:00+09:00,J4,736,829,1565
2019-05-29T16:45:00+09:00,J5,537,579,1116
2019-05-29T17:00:00+09:00,J1,856,1001,1857
2019-05-29T17:00:00+09:00,J2,640,737,1377
2019-05-29T17:00:00+09:00,J3,919,868,1787
2019-05-29T17:00:00+09:00,J4,821,795,1616
2019-05-29T17:00:00+09:00,J5,645,674,1319
2019-05-29T17:15:00+09:00,J1,902,1048,1950
2019-05-29T17:15:00+09:00,J2,649,812,1461
2019-05-29T17:15:00+09:00,J3,960,849,1809
2019-05-29T17:15:00+09:00,J4,911,895,1806
2019-05-29T17:15:00+09:00,J5,695,761,1456
2019-05-29T17:30:00+09:00,J1,860,1045,1905
2019-05-29T17:30:00+09:00,J2,663,866,1529
2019-05-29T17:30:00+09:00,J3,1079,883,1962
2019-05-29T17:30:00+09:00,J4,976,803,1779
2019-05-29T17:30:00+09:00,J5,646,690,1336
2019-05-29T17:45:00+09:00,J1,915,1076,1991
2019-05-29T17:45:00+09:00,J2,677,761,1438
2019-05-29T17:45:00+09:00,J3,970,834,1804
2019-05-29T17:45:00+09:00,J4,1062,934,1996
2019-05-29T17:45:00+09:00,J5,678,761,1439
2019-05-29T18:00:00+09:00,J1,996,1120,2116
2019-05-29T18:00:00+09:00,J2,695,801,1496
2019-05-29T18:00:00+09:00,J3,1115,839,1954
2019-05-29T18:00:00+09:00,J4,1019,947,1966
2019-05-29T18:00:00+09:00,J5,602,736,1338
2019-05-29T18:15:00+09:00,J1,938,1023,1961
2019-05-29T18:15:00+09:00,J2,648,695,1343
2019-05-29T18:15:00+09:00,J3,983,750,1733
2019-05-29T18:15:00+09:00,J4,1002,887,1889
2019-05-29T18:15:00+09:00,J5,629,723,1352
2019-05-29T18:30:00+09:00,J1,891,1042,1933
2019-05-29T18:30:00+09:00,J2,591,624,1215
2019-05-29T18:30:00+09:00,J3,893,805,1698
2019-05-29T18:30:00+09:00,J4,945,826,1771
2019-05-29T18:30:00+09:00,J5,630,627,1257
2019-05-29T18:45:00+09:00,J1,814,861,1675
2019-05-29T18:45:00+09:00,J2,627,594,1221
2019-05-29T18:45:00+09:00,J3,814,750,1564
2019-05-29T18:45:00+09:00,J4,891,829,1720
2019-05-29T18:45:00+09:00,J5,598,596,1194
2019-05-29T19:00:00+09:00,J1,821,839,1660
2019-05-29T19:00:00+09:00,J2,548,467,1015
2019-05-29T19:00:00+09:00,J3,840,728,1568
2019-05-29T19:00:00+09:00,J4,923,859,1782
2019-05-29T19:00:00+09:00,J5,615,587,1202
2019-05-29T19:15:00+09:00,J1,795,878,1673
2019-05-29T19:15:00+09:00,J2,540,530,1070
2019-05-29T19:15:00+09:00,J3,854,782,1636
2019-05-29T19:15:00+09:00,J4,974,842,1816
2019-05-29T19:15:00+09:00,J5,589,673,1262
2019-05-29T19:30:00+09:00,J1,803,871,1674
2019-05-29T19:30:00+09:00,J2,479,509,988
2019-05-29T19:30:00+09:00,J3,746,662,1408
2019-05-29T19:30:00+09:00,J4,849,761,1610
2019-05-29T19:30:00+09:00,J5,572,611,1183
2019-05-29T19:45:00+09:00,J1,630,678,1308
2019-05-29T19:45:00+09:00,J2,418,411,829
2019-05-29T19:45:00+09:00,J3,667,648,1315
2019-05-29T19:45:00+09:00,J4,864,865,1729
2019-05-29T19:45:00+09:00,J5,505,594,1099
2019-05-29T20:00:00+09:00,J1,646,777,1423
2019-05-29T20:00:00+09:00,J2,489,524,1013
2019-05-29T20:00:00+09:00,J3,819,734,1553
2019-05-29T20:00:00+09:00,J4,851,781,1632
2019-05-29T20:00:00+09:00,J5,535,630,1165
2019-05-29T20:15:00+09:00,J1,623,781,1404
2019-05-29T20:15:00+09:00,J2,488,490,978
2019-05-29T20:15:00+09:00,J3,865,772,1637
2019-05-29T20:15:00+09:00,J4,873,810,1683
2019-05-29T20:15:00+09:00,J5,525,584,1109
2019-05-29T20:30:00+09:00,J1,526,644,1170
2019-05-29T20:30:00+09:00,J2,495,473,968
2019-05-29T20:30:00+09:00,J3,850,736,1586
2019-05-29T20:30:00+09:00,J4,847,650,1497
2019-05-29T20:30:00+09:00,J5,501,534,1035
2019-05-29T20:45:00+09:00,J1,614,641,1255
2019-05-29T20:45:00+09:00,J2,439,416,855
2019-05-29T20:45:00+09:00,J3,790,679,1469
2019-05-29T20:45:00+09:00,J4,795,732,1527
2019-05-29T20:45:00+09:00,J5,414,417,831
2019-05-29T21:00:00+09:00,J1,661,675,1336
2019-05-29T21:00:00+09:00,J2,472,443,915
2019-05-29T21:00:00+09:00,J3,724,662,1386
2019-05-29T21:00:00+09:00,J4,908,792,1700
2019-05-29T21:00:00+09:00,J5,374,369,743
2019-05-29T21:15:00+09:00,J1,692,788,1480
2019-05-29T21:15:00+09:00,J2,606,473,1079
2019-05-29T21:15:00+09:00,J3,770,648,1418
2019-05-29T21:15:00+09:00,J4,934,757,1691
2019-05-29T21:15:00+09:00,J5,365,367,732
2019-05-29T21:30:00+09:00,J1,603,695,1298
2019-05-29T21:30:00+09:00,J2,657,515,1172
2019-05-29T21:30:00+09:00,J3,680,601,1281
2019-05-29T21:30:00+09:00,J4,866,788,1654
2019-05-29T21:30:00+09:00,J5,305,324,629
2019-05-29T21:45:00+09:00,J1,630,692,1322
2019-05-29T21:45:00+09:00,J2,632,521,1153
2019-05-29T21:45:00+09:00,J3,682,674,1356
2019-05-29T21:45:00+09:00,J4,831,792,1623
2019-05-29T21:45:00+09:00,J5,329,303,632
2019-05-29T22:00:00+09:00,J1,562,579,1141
2019-05-29T22:00:00+09:00,J2,538,524,1062
2019-05-29T22:00:00+09:00,J3,663,677,1340
2019-05-29T22:00:00+09:00,J4,928,821,1749
2019-05-29T22:00:00+09:00,J5,267,297,564
2019-05-29T22:15:00+09:00,J1,551,671,1222
2019-05-29T22:15:00+09:00,J2,593,638,1231
2019-05-29T22:15:00+09:00,J3,644,692,1336
2019-05-29T22:15:00+09:00,J4,839,787,1626
2019-05-29T22:15:00+09:00,J5,300,271,571
2019-05-29T22:30:00+09:00,J1,534,634,1168
2019-05-29T22:30:00+09:00,J2,607,520,1127
2019-05-29T22:30:00+09:00,J3,672,609,1281
2019-05-29T22:30:00+09:00,J4,790,776,1566
2019-05-29T22:30:00+09:00,J5,256,217,473
2019-05-29T22:45:00+09:00,J1,514,568,1082
2019-05-29T22:45:00+09:00,J2,535,467,1002
2019-05-29T22:45:00+09:00,J3,591,536,1127
2019-05-29T22:45:00+09:00,J4,760,698,1458
2019-05-29T22:45:00+09:00,J5,227,160,387
2019-05-29T23:00:00+09:00,J1,489,522,1011
2019-05-29T23:00:00+09:00,J2,513,407,920
2019-05-29T23:00:00+09:00,J3,554,557,1111
2019-05-29T23:00:00+09:00,J4,750,674,1424
2019-05-29T23:00:00+09:00,J5,191,135,326
2019-05-29T23:15:00+09:00,J1,495,555,1050
2019-05-29T23:15:00+09:00,J2,494,382,876
2019-05-29T23:15:00+09:00,J3,547,480,1027
2019-05-29T23:15:00+09:00,J4,738,716,1454
2019-05-29T23:15:00+09:00,J5,171,139,310
2019-05-29T23:30:00+09:00,J1,456,478,934
2019-05-29T23:30:00+09:00,J2,462,356,818
2019-05-29T23:30:00+09:00,J3,517,564,1081
2019-05-29T23:30:00+09:00,J4,601,588,1189
2019-05-29T23:30:00+09:00,J5,159,167,326
2019-05-29T23:45:00+09:00,J1,443,401,844
2019-05-29T23:45:00+09:00,J2,381,302,683
2019-05-29T23:45:00+09:00,J3,494,505,999
2019-05-29T23:45:00+09:00,J4,549,493,1042
2019-05-29T23:45:00+09:00,J5,185,141,326
2019-05-30T00:00:00+09:00,J1,372,315,687
2019-05-30T00:00:00+09:00,J2,293,280,573
2019-05-30T00:00:00+09:00,J3,349,393,742
2019-05-30T00:00:00+09:00,J4,562,432,994
2019-05-30T00:00:00+09:00,J5,146,150,296
2019-05-30T00:15:00+09:00,J1,327,319,646
2019-05-30T00:15:00+09:00,J2,256,279,535
2019-05-30T00:15:00+09:00,J3,358,309,667
2019-05-30T00:15:00+09:00,J4,370,372,742
2019-05-30T00:15:00+09:00,J5,252,276,528
2019-05-30T00:30:00+09:00,J1,323,271,594
2019-05-30T00:30:00+09:00,J2,266,255,521
2019-05-30T00:30:00+09:00,J3,345,357,702
2019-05-30T00:30:00+09:00,J4,452,436,888
2019-05-30T00:30:00+09:00,J5,359,406,765
2019-05-30T00:45:00+09:00,J1,329,298,627
2019-05-30T00:45:00+09:00,J2,249,280,529
2019-05-30T00:45:00+09:00,J3,327,302,629
2019-05-30T00:45:00+09:00,J4,404,425,829
2019-05-30T00:45:00+09:00,J5,443,478,921
2019-05-30T05:45:00+09:00,J1,410,344,754
2019-05-30T05:45:00+09:00,J2,250,247,497
2019-05-30T05:45:00+09:00,J3,531,470,1001
2019-05-30T05:45:00+09:00,J4,505,446,951
2019-05-30T05:45:00+09:00,J5,245,234,479
2019-05-30T06:00:00+09:00,J1,428,339,767
2019-05-30T06:00:00+09:00,J2,317,270,587
2019-05-30T06:00:00+09:00,J3,437,385,822
2019-05-30T06:00:00+09:00,J4,468,498,966
2019-05-30T06:00:00+09:00,J5,417,472,889
2019-05-30T06:15:00+09:00,J1,451,396,847
2019-05-30T06:15:00+09:00,J2,300,370,670
2019-05-30T06:15:00+09:00,J3,365,379,744
2019-05-30T06:15:00+09:00,J4,431,520,951
2019-05-30T06:15:00+09:00,J5,408,534,942
2019-05-30T06:30:00+09:00,J1,429,356,785
2019-05-30T06:30:00+09:00,J2,290,333,623
2019-05-30T06:30:00+09:00,J3,310,361,671
2019-05-30T06:30:00+09:00,J4,428,436,864
2019-05-30T06:30:00+09:00,J5,465,514,979
2019-05-30T06:45:00+09:00,J1,482,392,874
2019-05-30T06:45:00+09:00,J2,314,345,659
2019-05-30T06:45:00+09:00,J3,375,368,743
2019-05-30T06:45:00+09:00,J4,546,513,1059
2019-05-30T06:45:00+09:00,J5,452,489,941
2019-05-30T07:00:00+09:00,J1,515,432,947
2019-05-30T07:00:00+09:00,J2,384,313,697
2019-05-30T07:00:00+09:00,J3,457,440,897
2019-05-30T07:00:00+09:00,J4,443,431,874
2019-05-30T07:00:00+09:00,J5,487,509,996
2019-05-30T07:15:00+09:00,J1,636,522,1158
2019-05-30T07:15:00+09:00,J2,485,312,797
2019-05-30T07:15:00+09:00,J3,484,472,956
2019-05-30T07:15:00+09:00,J4,519,524,1043
2019-05-30T07:15:00+09:00,J5,448,491,939
2019-05-30T07:30:00+09:00,J1,715,484,1199
2019-05-30T07:30:00+09:00,J2,545,377,922
2019-05-30T07:30:00+09:00,J3,752,723,1475
2019-05-30T07:30:00+09:00,J4,511,681,1192
2019-05-30T07:30:00+09:00,J5,404,347,751
2019-05-30T07:45:00+09:00,J1,731,560,1291
2019-05-30T07:45:00+09:00,J2,670,495,1165
2019-05-30T07:45:00+09:00,J3,881,864,1745
2019-05-30T07:45:00+09:00,J4,588,868,1456
2019-05-30T07:45:00+09:00,J5,430,356,786
2019-05-30T08:00:00+09:00,J1,980,832,1812
2019-05-30T08:00:00+09:00,J2,881,645,1526
2019-05-30T08:00:00+09:00,J3,968,1083,2051
2019-05-30T08:00:00+09:00,J4,733,1012,1745
2019-05-30T08:00:00+09:00,J5,347,428,775
2019-05-30T08:15:00+09:00,J1,1012,939,1951
2019-05-30T08:15:00+09:00,J2,1027,576,1603
2019-05-30T08:15:00+09:00,J3,997,1216,2213
2019-05-30T08:15:00+09:00,J4,853,1082,1935
2019-05-30T08:15:00+09:00,J5,461,555,1016
2019-05-30T08:30:00+09:00,J1,1056,920,1976
2019-05-30T08:30:00+09:00,J2,1074,640,1714
2019-05-30T08:30:00+09:00,J3,1018,1252,2270
2019-05-30T08:30:00+09:00,J4,962,1059,2021
2019-05-30T08:30:00+09:00,J5,528,556,1084
2019-05-30T08:45:00+09:00,J1,923,793,1716
2019-05-30T08:45:00+09:00,J2,916,596,1512
2019-05-30T08:45:00+09:00,J3,806,1011,1817
2019-05-30T08:45:00+09:00,J4,733,884,1617
2019-05-30T08:45:00+09:00,J5,441,467,908
2019-05-30T09:00:00+09:00,J1,821,746,1567
2019-05-30T09:00:00+09:00,J2,736,590,1326
2019-05-30T09:00:00+09:00,J3,872,842,1714
2019-05-30T09:00:00+09:00,J4,530,700,1230
2019-05-30T09:00:00+09:00,J5,338,363,701
2019-05-30T09:15:00+09:00,J1,662,536,1198
2019-05-30T09:15:00+09:00,J2,685,623,1308
2019-05-30T09:15:00+09:00,J3,829,807,1636
2019-05-30T09:15:00+09:00,J4,653,749,1402
2019-05-30T09:15:00+09:00,J5,301,336,637
2019-05-30T09:30:00+09:00,J1,624,590,1214
2019-05-30T09:30:00+09:00,J2,784,664,1448
2019-05-30T09:30:00+09:00,J3,854,818,1672
2019-05-30T09:30:00+09:00,J4,780,799,1579
2019-05-30T09:30:00+09:00,J5,328,387,715
2019-05-30T09:45:00+09:00,J1,528,574,1102
2019-05-30T09:45:00+09:00,J2,686,646,1332
2019-05-30T09:45:00+09:00,J3,733,746,1479
2019-05-30T09:45:00+09:00,J4,738,698,1436
2019-05-30T09:45:00+09:00,J5,338,345,683
2019-05-30T10:00:00+09:00,J1,512,542,1054
2019-05-30T10:00:00+09:00,J2,636,635,1271
2019-05-30T10:00:00+09:00,J3,735,730,1465
2019-05-30T10:00:00+09:00,J4,729,664,1393
2019-05-30T10:00:00+09:00,J5,335,327,662
2019-05-30T10:15:00+09:00,J1,553,594,1147
2019-05-30T10:15:00+09:00,J2,685,591,1276
2019-05-30T10:15:00+09:00,J3,717,722,1439
2019-05-30T10:15:00+09:00,J4,767,763,1530
2019-05-30T10:15:00+09:00,J5,338,321,659
2019-05-30T10:30:00+09:00,J1,512,626,1138
2019-05-30T10:30:00+09:00,J2,731,520,1251
2019-05-30T10:30:00+09:00,J3,669,702,1371
2019-05-30T10:30:00+09:00,J4,767,759,1526
2019-05-30T10:30:00+09:00,J5,364,451,815
2019-05-30T10:45:00+09:00,J1,500,542,1042
2019-05-30T10:45:00+09:00,J2,755,532,1287
2019-05-30T10:45:00+09:00,J3,739,698,1437
2019-05-30T10:45:00+09:00,J4,897,846,1743
2019-05-30T10:45:00+09:00,J5,429,475,904
2019-05-30T11:00:00+09:00,J1,540,614,1154
2019-05-30T11:00:00+09:00,J2,648,572,1220
2019-05-30T11:00:00+09:00,J3,649,590,1239
2019-05-30T11:00:00+09:00,J4,878,723,1601
2019-05-30T11:00:00+09:00,J5,420,438,858
2019-05-30T11:15:00+09:00,J1,626,702,1328
2019-05-30T11:15:00+09:00,J2,605,560,1165
2019-05-30T11:15:00+09:00,J3,650,639,1289
2019-05-30T11:15:00+09:00,J4,851,902,1753
2019-05-30T11:15:00+09:00,J5,419,491,910
2019-05-30T11:30:00+09:00,J1,655,762,1417
2019-05-30T11:30:00+09:00,J2,529,491,1020
2019-05-30T11:30:00+09:00,J3,603,594,1197
2019-05-30T11:30:00+09:00,J4,809,819,1628
2019-05-30T11:30:00+09:00,J5,483,550,1033
2019-05-30T11:45:00+09:00,J1,739,683,1422
2019-05-30T11:45:00+09:00,J2,516,463,979
2019-05-30T11:45:00+09:00,J3,633,533,1166
2019-05-30T11:45:00+09:00,J4,803,737,1540
2019-05-30T11:45:00+09:00,J5,530,573,1103
2019-05-30T12:00:00+09:00,J1,767,767,1534
2019-05-30T12:00:00+09:00,J2,480,465,945
2019-05-30T12:00:00+09:00,J3,685,652,1337
2019-05-30T12:00:00+09:00,J4,822,801,1623
2019-05-30T12:00:00+09:00,J5,560,617,1177
2019-05-30T12:15:00+09:00,J1,755,674,1429
2019-05-30T12:15:00+09:00,J2,549,549,1098
2019-05-30T12:15:00+09:00,J3,659,567,1226
2019-05-30T12:15:00+09:00,J4,800,737,1537
2019-05-30T12:15:00+09:00,J5,438,502,940
2019-05-30T12:30:00+09:00,J1,685,653,1338
2019-05-30T12:30:00+09:00,J2,501,543,1044
2019-05-30T12:30:00+09:00,J3,625,616,1241
2019-05-30T12:30:00+09:00,J4,775,731,1506
2019-05-30T12:30:00+09:00,J5,423,489,912
2019-05-30T12:45:00+09:00,J1,632,690,1322
2019-05-30T12:45:00+09:00,J2,470,534,1004
2019-05-30T12:45:00+09:00,J3,614,580,1194
2019-05-30T12:45:00+09:00,J4,699,738,1437
2019-05-30T12:45:00+09:00,J5,514,529,1043
2019-05-30T13:00:00+09:00,J1,640,735,1375
2019-05-30T13:00:00+09:00,J2,467,558,1025
2019-05-30T13:00:00+09:00,J3,538,621,1159
2019-05-30T13:00:00+09:00,J4,716,680,1396
2019-05-30T13:00:00+09:00,J5,571,591,1162
2019-05-30T13:15:00+09:00,J1,657,788,1445
2019-05-30T13:15:00+09:00,J2,440,566,1006
2019-05-30T13:15:00+09:00,J3,554,687,1241
2019-05-30T13:15:00+09:00,J4,746,704,1450
2019-05-30T13:15:00+09:00,J5,456,486,942
2019-05-30T13:30:00+09:00,J1,677,761,1438
2019-05-30T13:30:00+09:00,J2,476,590,1066
2019-05-30T13:30:00+09:00,J3,507,568,1075
2019-05-30T13:30:00+09:00,J4,738,775,1513
2019-05-30T13:30:00+09:00,J5,507,463,970
2019-05-30T13:45:00+09:00,J1,653,792,1445
2019-05-30T13:45:00+09:00,J2,459,496,955
2019-05-30T13:45:00+09:00,J3,556,641,1197
2019-05-30T13:45:00+09:00,J4,656,715,1371
2019-05-30T13:45:00+09:00,J5,402,409,811
2019-05-30T14:00:00+09:00,J1,612,699,1311
2019-05-30T14:00:00+09:00,J2,440,543,983
2019-05-30T14:00:00+09:00,J3,570,658,1228
2019-05-30T14:00:00+09:00,J4,699,747,1446
2019-05-30T14:00:00+09:00,J5,543,528,1071
2019-05-30T14:15:00+09:00,J1,616,645,1261
2019-05-30T14:15:00+09:00,J2,475,558,1033
2019-05-30T14:15:00+09:00,J3,603,594,1197
2019-05-30T14:15:00+09:00,J4,716,697,1413
2019-05-30T14:15:00+09:00,J5,398,385,783
2019-05-30T14:30:00+09:00,J1,580,700,1280
2019-05-30T14:30:00+09:00,J2,488,568,1056
2019-05-30T14:30:00+09:00,J3,595,605,1200
2019-05-30T14:30:00+09:00,J4,772,752,1524
2019-05-30T14:30:00+09:00,J5,444,337,781
2019-05-30T14:45:00+09:00,J1,621,769,1390
2019-05-30T14:45:00+09:00,J2,474,557,1031
2019-05-30T14:45:00+09:00,J3,713,602,1315
2019-05-30T14:45:00+09:00,J4,669,703,1372
2019-05-30T14:45:00+09:00,J5,378,325,703
2019-05-30T15:00:00+09:00,J1,557,828,1385
2019-05-30T15:00:00+09:00,J2,466,587,1053
2019-05-30T15:00:00+09:00,J3,738,590,1328
2019-05-30T15:00:00+09:00,J4,767,710,1477
2019-05-30T15:00:00+09:00,J5,356,357,713
2019-05-30T15:15:00+09:00,J1,609,834,1443
2019-05-30T15:15:00+09:00,J2,536,618,1154
2019-05-30T15:15:00+09:00,J3,753,631,1384
2019-05-30T15:15:00+09:00,J4,742,735,1477
2019-05-30T15:15:00+09:00,J5,349,358,707
2019-05-30T15:30:00+09:00,J1,637,816,1453
2019-05-30T15:30:00+09:00,J2,478,600,1078
2019-05-30T15:30:00+09:00,J3,749,624,1373
2019-05-30T15:30:00+09:00,J4,718,679,1397
2019-05-30T15:30:00+09:00,J5,417,387,804
2019-05-30T15:45:00+09:00,J1,598,787,1385
2019-05-30T15:45:00+09:00,J2,474,538,1012
2019-05-30T15:45:00+09:00,J3,670,598,1268
2019-05-30T15:45:00+09:00,J4,736,734,1470
2019-05-30T15:45:00+09:00,J5,429,400,829
2019-05-30T16:00:00+09:00,J1,601,761,1362
2019-05-30T16:00:00+09:00,J2,448,560,1008
2019-05-30T16:00:00+09:00,J3,623,606,1229
2019-05-30T16:00:00+09:00,J4,751,715,1466
2019-05-30T16:00:00+09:00,J5,480,475,955
2019-05-30T16:15:00+09:00,J1,618,792,1410
2019-05-30T16:15:00+09:00,J2,489,579,1068
2019-05-30T16:15:00+09:00,J3,723,639,1362
2019-05-30T16:15:00+09:00,J4,643,752,1395
2019-05-30T16:15:00+09:00,J5,490,436,926
2019-05-30T16:30:00+09:00,J1,579,773,1352
2019-05-30T16:30:00+09:00,J2,429,494,923
2019-05-30T16:30:00+09:00,J3,651,636,1287
2019-05-30T16:30:00+09:00,J4,709,703,1412
2019-05-30T16:30:00+09:00,J5,443,444,887
2019-05-30T16:45:00+09:00,J1,622,755,1377
2019-05-30T16:45:00+09:00,J2,425,579,1004
2019-05-30T16:45:00+09:00,J3,683,641,1324
2019-05-30T16:45:00+09:00,J4,699,660,1359
2019-05-30T16:45:00+09:00,J5,458,449,907
2019-05-30T17:00:00+09:00,J1,620,931,1551
2019-05-30T17:00:00+09:00,J2,462,587,1049
2019-05-30T17:00:00+09:00,J3,813,711,1524
2019-05-30T17:00:00+09:00,J4,761,693,1454
2019-05-30T17:00:00+09:00,J5,484,577,1061
2019-05-30T17:15:00+09:00,J1,745,967,1712
2019-05-30T17:15:00+09:00,J2,518,646,1164
2019-05-30T17:15:00+09:00,J3,882,736,1618
2019-05-30T17:15:00+09:00,J4,786,664,1450
2019-05-30T17:15:00+09:00,J5,517,622,1139
2019-05-30T17:30:00+09:00,J1,707,1035,1742
2019-05-30T17:30:00+09:00,J2,576,634,1210
2019-05-30T17:30:00+09:00,J3,950,716,1666
2019-05-30T17:30:00+09:00,J4,829,713,1542
2019-05-30T17:30:00+09:00,J5,527,552,1079
2019-05-30T17:45:00+09:00,J1,656,937,1593
2019-05-30T17:45:00+09:00,J2,571,716,1287
2019-05-30T17:45:00+09:00,J3,942,704,1646
2019-05-30T17:45:00+09:00,J4,837,744,1581
2019-05-30T17:45:00+09:00,J5,548,620,1168
2019-05-30T18:00:00+09:00,J1,703,983,1686
2019-05-30T18:00:00+09:00,J2,609,675,1284
2019-05-30T18:00:00+09:00,J3,973,713,1686
2019-05-30T18:00:00+09:00,J4,814,742,1556
2019-05-30T18:00:00+09:00,J5,584,578,1162
2019-05-30T18:15:00+09:00,J1,626,910,1536
2019-05-30T18:15:00+09:00,J2,648,639,1287
2019-05-30T18:15:00+09:00,J3,1036,767,1803
2019-05-30T18:15:00+09:00,J4,896,762,1658
2019-05-30T18:15:00+09:00,J5,517,553,1070
2019-05-30T18:30:00+09:00,J1,623,866,1489
2019-05-30T18:30:00+09:00,J2,506,619,1125
2019-05-30T18:30:00+09:00,J3,907,746,1653
2019-05-30T18:30:00+09:00,J4,789,686,1475
2019-05-30T18:30:00+09:00,J5,539,527,1066
2019-05-30T18:45:00+09:00,J1,660,828,1488
2019-05-30T18:45:00+09:00,J2,490,545,1035
2019-05-30T18:45:00+09:00,J3,830,654,1484
2019-05-30T18:45:00+09:00,J4,750,685,1435
2019-05-30T18:45:00+09:00,J5,520,494,1014
2019-05-30T19:00:00+09:00,J1,550,728,1278
2019-05-30T19:00:00+09:00,J2,475,506,981
2019-05-30T19:00:00+09:00,J3,712,557,1269
2019-05-30T19:00:00+09:00,J4,738,607,1345
2019-05-30T19:00:00+09:00,J5,539,567,1106
2019-05-30T19:15:00+09:00,J1,596,730,1326
2019-05-30T19:15:00+09:00,J2,443,569,1012
2019-05-30T19:15:00+09:00,J3,714,622,1336
2019-05-30T19:15:00+09:00,J4,805,706,1511
2019-05-30T19:15:00+09:00,J5,516,583,1099
2019-05-30T19:30:00+09:00,J1,525,676,1201
2019-05-30T19:30:00+09:00,J2,394,497,891
2019-05-30T19:30:00+09:00,J3,646,562,1208
2019-05-30T19:30:00+09:00,J4,713,642,1355
2019-05-30T19:30:00+09:00,J5,527,509,1036
2019-05-30T19:45:00+09:00,J1,477,667,1144
2019-05-30T19:45:00+09:00,J2,341,465,806
2019-05-30T19:45:00+09:00,J3,503,561,1064
2019-05-30T19:45:00+09:00,J4,735,623,1358
2019-05-30T19:45:00+09:00,J5,528,575,1103
2019-05-30T20:00:00+09:00,J1,528,671,1199
2019-05-30T20:00:00+09:00,J2,389,458,847
2019-05-30T20:00:00+09:00,J3,516,556,1072
2019-05-30T20:00:00+09:00,J4,670,621,1291
2019-05-30T20:00:00+09:00,J5,518,542,1060
2019-05-30T20:15:00+09:00,J1,594,615,1209
2019-05-30T20:15:00+09:00,J2,412,466,878
2019-05-30T20:15:00+09:00,J3,524,552,1076
2019-05-30T20:15:00+09:00,J4,695,638,1333
2019-05-30T20:15:00+09:00,J5,557,619,1176
2019-05-30T20:30:00+09:00,J1,575,567,1142
2019-05-30T20:30:00+09:00,J2,396,451,847
2019-05-30T20:30:00+09:00,J3,433,482,915
2019-05-30T20:30:00+09:00,J4,659,626,1285
2019-05-30T20:30:00+09:00,J5,555,584,1139
2019-05-30T20:45:00+09:00,J1,461,597,1058
2019-05-30T20:45:00+09:00,J2,380,379,759
2019-05-30T20:45:00+09:00,J3,459,451,910
2019-05-30T20:45:00+09:00,J4,688,617,1305
2019-05-30T20:45:00+09:00,J5,576,632,1208
2019-05-30T21:00:00+09:00,J1,534,572,1106
2019-05-30T21:00:00+09:00,J2,382,456,838
2019-05-30T21:00:00+09:00,J3,506,445,951
2019-05-30T21:00:00+09:00,J4,673,684,1357
2019-05-30T21:00:00+09:00,J5,555,575,1130
2019-05-30T21:15:00+09:00,J1,530,558,1088
2019-05-30T21:15:00+09:00,J2,330,389,719
2019-05-30T21:15:00+09:00,J3,493,416,909
2019-05-30T21:15:00+09:00,J4,748,663,1411
2019-05-30T21:15:00+09:00,J5,622,576,1198
2019-05-30T21:30:00+09:00,J1,489,472,961
2019-05-30T21:30:00+09:00,J2,308,334,642
2019-05-30T21:30:00+09:00,J3,444,402,846
2019-05-30T21:30:00+09:00,J4,701,653,1354
2019-05-30T21:30:00+09:00,J5,552,578,1130
2019-05-30T21:45:00+09:00,J1,378,440,818
2019-05-30T21:45:00+09:00,J2,316,318,634
2019-05-30T21:45:00+09:00,J3,431,340,771
2019-05-30T21:45:00+09:00,J4,827,733,1560
2019-05-30T21:45:00+09:00,J5,534,609,1143
2019-05-30T22:00:00+09:00,J1,315,356,671
2019-05-30T22:00:00+09:00,J2,288,286,574
2019-05-30T22:00:00+09:00,J3,438,327,765
2019-05-30T22:00:00+09:00,J4,782,828,1610
2019-05-30T22:00:00+09:00,J5,461,519,980
2019-05-30T22:15:00+09:00,J1,245,336,581
2019-05-30T22:15:00+09:00,J2,268,292,560
2019-05-30T22:15:00+09:00,J3,478,449,927
2019-05-30T22:15:00+09:00,J4,739,717,1456
2019-05-30T22:15:00+09:00,J5,421,445,866
2019-05-30T22:30:00+09:00,J1,243,361,604
2019-05-30T22:30:00+09:00,J2,323,371,694
2019-05-30T22:30:00+09:00,J3,460,424,884
2019-05-30T22:30:00+09:00,J4,693,659,1352
2019-05-30T22:30:00+09:00,J5,314,331,645
2019-05-30T22:45:00+09:00,J1,259,349,608
2019-05-30T22:45:00+09:00,J2,408,368,776
2019-05-30T22:45:00+09:00,J3,429,394,823
2019-05-30T22:45:00+09:00,J4,713,690,1403
2019-05-30T22:45:00+09:00,J5,298,292,590
2019-05-30T23:00:00+09:00,J1,280,316,596
2019-05-30T23:00:00+09:00,J2,443,366,809
2019-05-30T23:00:00+09:00,J3,361,364,725
2019-05-30T23:00:00+09:00,J4,698,728,1426
2019-05-30T23:00:00+09:00,J5,244,202,446
2019-05-30T23:15:00+09:00,J1,279,300,579
2019-05-30T23:15:00+09:00,J2,490,446,936
2019-05-30T23:15:00+09:00,J3,377,347,724
2019-05-30T23:15:00+09:00,J4,675,713,1388
2019-05-30T23:15:00+09:00,J5,248,248,496
2019-05-30T23:30:00+09:00,J1,208,247,455
2019-05-30T23:30:00+09:00,J2,424,374,798
2019-05-30T23:30:00+09:00,J3,402,352,754
2019-05-30T23:30:00+09:00,J4,676,637,1313
2019-05-30T23:30:00+09:00,J5,204,257,461
2019-05-30T23:45:00+09:00,J1,185,252,437
2019-05-30T23:45:00+09:00,J2,546,454,1000
2019-05-30T23:45:00+09:00,J3,386,338,724
2019-05-30T23:45:00+09:00,J4,676,668,1344
2019-05-30T23:45:00+09:00,J5,206,233,439
2019-05-31T00:00:00+09:00,J1,239,208,447
2019-05-31T00:00:00+09:00,J2,647,466,1113
2019-05-31T00:00:00+09:00,J3,390,305,695
2019-05-31T00:00:00+09:00,J4,544,486,1030
2019-05-31T00:00:00+09:00,J5,176,205,381
2019-05-31T00:15:00+09:00,J1,174,212,386
2019-05-31T00:15:00+09:00,J2,478,375,853
2019-05-31T00:15:00+09:00,J3,460,411,871
2019-05-31T00:15:00+09:00,J4,333,272,605
2019-05-31T00:15:00+09:00,J5,206,233,439
2019-05-31T00:30:00+09:00,J1,194,221,415
2019-05-31T00:30:00+09:00,J2,445,398,843
2019-05-31T00:30:00+09:00,J3,596,506,1102
2019-05-31T00:30:00+09:00,J4,200,218,418
2019-05-31T00:30:00+09:00,J5,247,235,482
2019-05-31T00:45:00+09:00,J1,208,213,421
2019-05-31T00:45:00+09:00,J2,451,423,874
2019-05-31T00:45:00+09:00,J3,579,513,1092
2019-05-31T00:45:00+09:00,J4,294,308,602
2019-05-31T00:45:00+09:00,J5,246,211,457
2019-05-31T05:45:00+09:00,J1,239,344,583
2019-05-31T05:45:00+09:00,J2,255,289,544
2019-05-31T05:45:00+09:00,J3,404,341,745
2019-05-31T05:45:00+09:00,J4,326,302,628
2019-05-31T05:45:00+09:00,J5,148,142,290
2019-05-31T06:00:00+09:00,J1,241,323,564
2019-05-31T06:00:00+09:00,J2,348,312,660
2019-05-31T06:00:00+09:00,J3,463,447,910
2019-05-31T06:00:00+09:00,J4,447,396,843
2019-05-31T06:00:00+09:00,J5,202,159,361
2019-05-31T06:15:00+09:00,J1,267,364,631
2019-05-31T06:15:00+09:00,J2,358,339,697
2019-05-31T06:15:00+09:00,J3,543,480,1023
2019-05-31T06:15:00+09:00,J4,422,386,808
2019-05-31T06:15:00+09:00,J5,279,189,468
2019-05-31T06:30:00+09:00,J1,264,337,601
2019-05-31T06:30:00+09:00,J2,436,313,749
2019-05-31T06:30:00+09:00,J3,492,489,981
2019-05-31T06:30:00+09:00,J4,382,377,759
2019-05-31T06:30:00+09:00,J5,235,199,434
2019-05-31T06:45:00+09:00,J1,366,346,712
2019-05-31T06:45:00+09:00,J2,441,374,815
2019-05-31T06:45:00+09:00,J3,549,564,1113
2019-05-31T06:45:00+09:00,J4,434,432,866
2019-05-31T06:45:00+09:00,J5,244,203,447
2019-05-31T07:00:00+09:00,J1,466,388,854
2019-05-31T07:00:00+09:00,J2,494,429,923
2019-05-31T07:00:00+09:00,J3,544,557,1101
2019-05-31T07:00:00+09:00,J4,453,399,852
2019-05-31T07:00:00+09:00,J5,294,250,544
2019-05-31T07:15:00+09:00,J1,425,360,785
2019-05-31T07:15:00+09:00,J2,580,546,1126
2019-05-31T07:15:00+09:00,J3,711,635,1346
2019-05-31T07:15:00+09:00,J4,553,558,1111
2019-05-31T07:15:00+09:00,J5,324,294,618
2019-05-31T07:30:00+09:00,J1,508,460,968
2019-05-31T07:30:00+09:00,J2,607,523,1130
2019-05-31T07:30:00+09:00,J3,785,783,1568
2019-05-31T07:30:00+09:00,J4,626,585,1211
2019-05-31T07:30:00+09:00,J5,281,311,592
2019-05-31T07:45:00+09:00,J1,535,571,1106
2019-05-31T07:45:00+09:00,J2,718,548,1266
2019-05-31T07:45:00+09:00,J3,717,863,1580
2019-05-31T07:45:00+09:00,J4,707,856,1563
2019-05-31T07:45:00+09:00,J5,420,414,834
2019-05-31T08:00:00+09:00,J1,837,739,1576
2019-05-31T08:00:00+09:00,J2,825,554,1379
2019-05-31T08:00:00+09:00,J3,845,971,1816
2019-05-31T08:00:00+09:00,J4,849,1020,1869
2019-05-31T08:00:00+09:00,J5,530,578,1108
2019-05-31T08:15:00+09:00,J1,1024,788,1812
2019-05-31T08:15:00+09:00,J2,934,627,1561
2019-05-31T08:15:00+09:00,J3,902,1084,1986
2019-05-31T08:15:00+09:00,J4,835,1123,1958
2019-05-31T08:15:00+09:00,J5,625,609,1234
2019-05-31T08:30:00+09:00,J1,1041,805,1846
2019-05-31T08:30:00+09:00,J2,830,536,1366
2019-05-31T08:30:00+09:00,J3,826,1126,1952
2019-05-31T08:30:00+09:00,J4,881,1151,2032
2019-05-31T08:30:00+09:00,J5,615,596,1211
2019-05-31T08:45:00+09:00,J1,773,569,1342
2019-05-31T08:45:00+09:00,J2,797,525,1322
2019-05-31T08:45:00+09:00,J3,686,919,1605
2019-05-31T08:45:00+09:00,J4,804,925,1729
2019-05-31T08:45:00+09:00,J5,577,585,1162
2019-05-31T09:00:00+09:00,J1,638,619,1257
2019-05-31T09:00:00+09:00,J2,801,568,1369
2019-05-31T09:00:00+09:00,J3,732,751,1483
2019-05-31T09:00:00+09:00,J4,800,872,1672
2019-05-31T09:00:00+09:00,J5,527,591,1118
2019-05-31T09:15:00+09:00,J1,549,519,1068
2019-05-31T09:15:00+09:00,J2,809,569,1378
2019-05-31T09:15:00+09:00,J3,621,715,1336
2019-05-31T09:15:00+09:00,J4,851,882,1733
2019-05-31T09:15:00+09:00,J5,503,555,1058
2019-05-31T09:30:00+09:00,J1,562,438,1000
2019-05-31T09:30:00+09:00,J2,733,528,1261
2019-05-31T09:30:00+09:00,J3,552,692,1244
2019-05-31T09:30:00+09:00,J4,821,791,1612
2019-05-31T09:30:00+09:00,J5,513,567,1080
2019-05-31T09:45:00+09:00,J1,519,414,933
2019-05-31T09:45:00+09:00,J2,674,545,1219
2019-05-31T09:45:00+09:00,J3,554,562,1116
2019-05-31T09:45:00+09:00,J4,823,851,1674
2019-05-31T09:45:00+09:00,J5,509,557,1066
2019-05-31T10:00:00+09:00,J1,538,440,978
2019-05-31T10:00:00+09:00,J2,693,517,1210
2019-05-31T10:00:00+09:00,J3,511,511,1022
2019-05-31T10:00:00+09:00,J4,903,833,1736
2019-05-31T10:00:00+09:00,J5,507,577,1084
2019-05-31T10:15:00+09:00,J1,592,485,1077
2019-05-31T10:15:00+09:00,J2,668,547,1215
2019-05-31T10:15:00+09:00,J3,455,491,946
2019-05-31T10:15:00+09:00,J4,801,865,1666
2019-05-31T10:15:00+09:00,J5,523,540,1063
2019-05-31T10:30:00+09:00,J1,586,476,1062
2019-05-31T10:30:00+09:00,J2,642,554,1196
2019-05-31T10:30:00+09:00,J3,568,522,1090
2019-05-31T10:30:00+09:00,J4,863,880,1743
2019-05-31T10:30:00+09:00,J5,542,555,1097
2019-05-31T10:45:00+09:00,J1,618,492,1110
2019-05-31T10:45:00+09:00,J2,566,520,1086
2019-05-31T10:45:00+09:00,J3,581,529,1110
2019-05-31T10:45:00+09:00,J4,796,805,1601
2019-05-31T10:45:00+09:00,J5,524,525,1049
2019-05-31T11:00:00+09:00,J1,584,520,1104
2019-05-31T11:00:00+09:00,J2,463,459,922
2019-05-31T11:00:00+09:00,J3,524,520,1044
2019-05-31T11:00:00+09:00,J4,813,840,1653
2019-05-31T11:00:00+09:00,J5,490,546,1036
2019-05-31T11:15:00+09:00,J1,676,597,1273
2019-05-31T11:15:00+09:00,J2,501,458,959
2019-05-31T11:15:00+09:00,J3,580,525,1105
2019-05-31T11:15:00+09:00,J4,782,830,1612
2019-05-31T11:15:00+09:00,J5,473,568,1041
2019-05-31T11:30:00+09:00,J1,655,549,1204
2019-05-31T11:30:00+09:00,J2,454,435,889
2019-05-31T11:30:00+09:00,J3,579,554,1133
2019-05-31T11:30:00+09:00,J4,739,822,1561
2019-05-31T11:30:00+09:00,J5,505,533,1038
2019-05-31T11:45:00+09:00,J1,593,648,1241
2019-05-31T11:45:00+09:00,J2,502,412,914
2019-05-31T11:45:00+09:00,J3,578,571,1149
2019-05-31T11:45:00+09:00,J4,792,789,1581
2019-05-31T11:45:00+09:00,J5,387,436,823
2019-05-31T12:00:00+09:00,J1,591,687,1278
2019-05-31T12:00:00+09:00,J2,513,492,1005
2019-05-31T12:00:00+09:00,J3,649,616,1265
2019-05-31T12:00:00+09:00,J4,777,828,1605
2019-05-31T12:00:00+09:00,J5,494,511,1005
2019-05-31T12:15:00+09:00,J1,620,656,1276
2019-05-31T12:15:00+09:00,J2,495,524,1019
2019-05-31T12:15:00+09:00,J3,620,593,1213
2019-05-31T12:15:00+09:00,J4,803,855,1658
2019-05-31T12:15:00+09:00,J5,396,333,729
2019-05-31T12:30:00+09:00,J1,592,626,1218
2019-05-31T12:30:00+09:00,J2,474,508,982
2019-05-31T12:30:00+09:00,J3,617,690,1307
2019-05-31T12:30:00+09:00,J4,742,812,1554
2019-05-31T12:30:00+09:00,J5,396,368,764
2019-05-31T12:45:00+09:00,J1,610,661,1271
2019-05-31T12:45:00+09:00,J2,494,504,998
2019-05-31T12:45:00+09:00,J3,622,624,1246
2019-05-31T12:45:00+09:00,J4,724,763,1487
2019-05-31T12:45:00+09:00,J5,333,270,603
2019-05-31T13:00:00+09:00,J1,620,743,1363
2019-05-31T13:00:00+09:00,J2,480,539,1019
2019-05-31T13:00:00+09:00,J3,550,626,1176
2019-05-31T13:00:00+09:00,J4,814,796,1610
2019-05-31T13:00:00+09:00,J5,458,440,898
2019-05-31T13:15:00+09:00,J1,575,693,1268
2019-05-31T13:15:00+09:00,J2,443,452,895
2019-05-31T13:15:00+09:00,J3,616,595,1211
2019-05-31T13:15:00+09:00,J4,786,841,1627
2019-05-31T13:15:00+09:00,J5,404,408,812
2019-05-31T13:30:00+09:00,J1,640,737,1377
2019-05-31T13:30:00+09:00,J2,484,457,941
2019-05-31T13:30:00+09:00,J3,562,636,1198
2019-05-31T13:30:00+09:00,J4,817,858,1675
2019-05-31T13:30:00+09:00,J5,321,255,576
2019-05-31T13:45:00+09:00,J1,577,621,1198
2019-05-31T13:45:00+09:00,J2,486,451,937
2019-05-31T13:45:00+09:00,J3,518,611,1129
2019-05-31T13:45:00+09:00,J4,703,805,1508
2019-05-31T13:45:00+09:00,J5,429,399,828
2019-05-31T14:00:00+09:00,J1,554,691,1245
2019-05-31T14:00:00+09:00,J2,449,526,975
2019-05-31T14:00:00+09:00,J3,579,594,1173
2019-05-31T14:00:00+09:00,J4,798,772,1570
2019-05-31T14:00:00+09:00,J5,472,437,909
2019-05-31T14:15:00+09:00,J1,564,705,1269
2019-05-31T14:15:00+09:00,J2,411,506,917
2019-05-31T14:15:00+09:00,J3,596,604,1200
2019-05-31T14:15:00+09:00,J4,589,677,1266
2019-05-31T14:15:00+09:00,J5,441,442,883
2019-05-31T14:30:00+09:00,J1,632,703,1335
2019-05-31T14:30:00+09:00,J2,385,448,833
2019-05-31T14:30:00+09:00,J3,603,590,1193
2019-05-31T14:30:00+09:00,J4,638,833,1471
2019-05-31T14:30:00+09:00,J5,349,403,752
2019-05-31T14:45:00+09:00,J1,625,754,1379
2019-05-31T14:45:00+09:00,J2,442,462,904
2019-05-31T14:45:00+09:00,J3,545,591,1136
2019-05-31T14:45:00+09:00,J4,670,731,1401
2019-05-31T14:45:00+09:00,J5,365,392,757
2019-05-31T15:00:00+09:00,J1,664,720,1384
2019-05-31T15:00:00+09:00,J2,390,483,873
2019-05-31T15:00:00+09:00,J3,522,600,1122
2019-05-31T15:00:00+09:00,J4,611,735,1346
2019-05-31T15:00:00+09:00,J5,418,463,881
2019-05-31T15:15:00+09:00,J1,698,675,1373
2019-05-31T15:15:00+09:00,J2,422,490,912
2019-05-31T15:15:00+09:00,J3,518,603,1121
2019-05-31T15:15:00+09:00,J4,679,771,1450
2019-05-31T15:15:00+09:00,J5,429,512,941
2019-05-31T15:30:00+09:00,J1,645,662,1307
2019-05-31T15:30:00+09:00,J2,459,459,918
2019-05-31T15:30:00+09:00,J3,546,656,1202
2019-05-31T15:30:00+09:00,J4,625,766,1391
2019-05-31T15:30:00+09:00,J5,423,422,845
2019-05-31T15:45:00+09:00,J1,661,629,1290
2019-05-31T15:45:00+09:00,J2,446,521,967
2019-05-31T15:45:00+09:00,J3,534,622,1156
2019-05-31T15:45:00+09:00,J4,717,723,1440
2019-05-31T15:45:00+09:00,J5,352,390,742
2019-05-31T16:00:00+09:00,J1,676,681,1357
2019-05-31T16:00:00+09:00,J2,446,535,981
2019-05-31T16:00:00+09:00,J3,624,621,1245
2019-05-31T16:00:00+09:00,J4,639,776,1415
2019-05-31T16:00:00+09:00,J5,350,413,763
2019-05-31T16:15:00+09:00,J1,684,763,1447
2019-05-31T16:15:00+09:00,J2,440,616,1056
2019-05-31T16:15:00+09:00,J3,612,682,1294
2019-05-31T16:15:00+09:00,J4,678,815,1493
2019-05-31T16:15:00+09:00,J5,331,378,709
2019-05-31T16:30:00+09:00,J1,686,693,1379
2019-05-31T16:30:00+09:00,J2,451,567,1018
2019-05-31T16:30:00+09:00,J3,621,651,1272
2019-05-31T16:30:00+09:00,J4,744,786,1530
2019-05-31T16:30:00+09:00,J5,403,468,871
2019-05-31T16:45:00+09:00,J1,670,764,1434
2019-05-31T16:45:00+09:00,J2,452,606,1058
2019-05-31T16:45:00+09:00,J3,645,737,1382
2019-05-31T16:45:00+09:00,J4,742,708,1450
2019-05-31T16:45:00+09:00,J5,460,506,966
2019-05-31T17:00:00+09:00,J1,743,964,1707
2019-05-31T17:00:00+09:00,J2,562,676,1238
2019-05-31T17:00:00+09:00,J3,854,792,1646
2019-05-31T17:00:00+09:00,J4,767,798,1565
2019-05-31T17:00:00+09:00,J5,537,561,1098
2019-05-31T17:15:00+09:00,J1,869,969,1838
2019-05-31T17:15:00+09:00,J2,650,823,1473
2019-05-31T17:15:00+09:00,J3,913,789,1702
2019-05-31T17:15:00+09:00,J4,792,711,1503
2019-05-31T17:15:00+09:00,J5,464,469,933
2019-05-31T17:30:00+09:00,J1,900,1098,1998
2019-05-31T17:30:00+09:00,J2,869,958,1827
2019-05-31T17:30:00+09:00,J3,1089,928,2017
2019-05-31T17:30:00+09:00,J4,896,834,1730
2019-05-31T17:30:00+09:00,J5,526,554,1080
2019-05-31T17:45:00+09:00,J1,918,1257,2175
2019-05-31T17:45:00+09:00,J2,923,856,1779
2019-05-31T17:45:00+09:00,J3,1168,899,2067
2019-05-31T17:45:00+09:00,J4,1022,814,1836
2019-05-31T17:45:00+09:00,J5,462,593,1055
2019-05-31T18:00:00+09:00,J1,971,1187,2158
2019-05-31T18:00:00+09:00,J2,884,823,1707
2019-05-31T18:00:00+09:00,J3,1196,991,2187
2019-05-31T18:00:00+09:00,J4,975,830,1805
2019-05-31T18:00:00+09:00,J5,505,511,1016
2019-05-31T18:15:00+09:00,J1,883,1088,1971
2019-05-31T18:15:00+09:00,J2,923,832,1755
2019-05-31T18:15:00+09:00,J3,1146,965,2111
2019-05-31T18:15:00+09:00,J4,1067,829,1896
2019-05-31T18:15:00+09:00,J5,510,562,1072
2019-05-31T18:30:00+09:00,J1,840,1007,1847
2019-05-31T18:30:00+09:00,J2,838,745,1583
2019-05-31T18:30:00+09:00,J3,1109,880,1989
2019-05-31T18:30:00+09:00,J4,970,710,1680
2019-05-31T18:30:00+09:00,J5,463,460,923
2019-05-31T18:45:00+09:00,J1,847,873,1720
2019-05-31T18:45:00+09:00,J2,662,714,1376
2019-05-31T18:45:00+09:00,J3,869,770,1639
2019-05-31T18:45:00+09:00,J4,842,751,1593
2019-05-31T18:45:00+09:00,J5,391,381,772
2019-05-31T19:00:00+09:00,J1,715,784,1499
2019-05-31T19:00:00+09:00,J2,643,619,1262
2019-05-31T19:00:00+09:00,J3,842,667,1509
2019-05-31T19:00:00+09:00,J4,868,701,1569
2019-05-31T19:00:00+09:00,J5,445,380,825
2019-05-31T19:15:00+09:00,J1,687,800,1487
2019-05-31T19:15:00+09:00,J2,669,655,1324
2019-05-31T19:15:00+09:00,J3,843,617,1460
2019-05-31T19:15:00+09:00,J4,851,782,1633
2019-05-31T19:15:00+09:00,J5,485,470,955
2019-05-31T19:30:00+09:00,J1,650,816,1466
2019-05-31T19:30:00+09:00,J2,520,601,1121
2019-05-31T19:30:00+09:00,J3,752,638,1390
2019-05-31T19:30:00+09:00,J4,822,730,1552
2019-05-31T19:30:00+09:00,J5,489,475,964
2019-05-31T19:45:00+09:00,J1,618,785,1403
2019-05-31T19:45:00+09:00,J2,531,596,1127
2019-05-31T19:45:00+09:00,J3,708,626,1334
2019-05-31T19:45:00+09:00,J4,781,710,1491
2019-05-31T19:45:00+09:00,J5,550,501,1051
2019-05-31T20:00:00+09:00,J1,636,728,1364
2019-05-31T20:00:00+09:00,J2,476,628,1104
2019-05-31T20:00:00+09:00,J3,657,629,1286
2019-05-31T20:00:00+09:00,J4,775,791,1566
2019-05-31T20:00:00+09:00,J5,574,594,1168
2019-05-31T20:15:00+09:00,J1,600,767,1367
2019-05-31T20:15:00+09:00,J2,529,628,1157
2019-05-31T20:15:00+09:00,J3,603,593,1196
2019-05-31T20:15:00+09:00,J4,781,787,1568
2019-05-31T20:15:00+09:00,J5,505,574,1079
2019-05-31T20:30:00+09:00,J1,558,658,1216
2019-05-31T20:30:00+09:00,J2,472,554,1026
2019-05-31T20:30:00+09:00,J3,643,524,1167
2019-05-31T20:30:00+09:00,J4,787,724,1511
2019-05-31T20:30:00+09:00,J5,507,559,1066
2019-05-31T20:45:00+09:00,J1,566,656,1222
2019-05-31T20:45:00+09:00,J2,484,541,1025
2019-05-31T20:45:00+09:00,J3,572,482,1054
2019-05-31T20:45:00+09:00,J4,758,776,1534
2019-05-31T20:45:00+09:00,J5,424,490,914
2019-05-31T21:00:00+09:00,J1,549,696,1245
2019-05-31T21:00:00+09:00,J2,472,510,982
2019-05-31T21:00:00+09:00,J3,690,627,1317
2019-05-31T21:00:00+09:00,J4,759,753,1512
2019-05-31T21:00:00+09:00,J5,438,459,897
2019-05-31T21:15:00+09:00,J1,616,709,1325
2019-05-31T21:15:00+09:00,J2,417,505,922
2019-05-31T21:15:00+09:00,J3,694,629,1323
2019-05-31T21:15:00+09:00,J4,776,665,1441
2019-05-31T21:15:00+09:00,J5,498,515,1013
2019-05-31T21:30:00+09:00,J1,631,676,1307
2019-05-31T21:30:00+09:00,J2,413,436,849
2019-05-31T21:30:00+09:00,J3,605,558,1163
2019-05-31T21:30:00+09:00,J4,748,733,1481
2019-05-31T21:30:00+09:00,J5,463,574,1037
2019-05-31T21:45:00+09:00,J1,568,667,1235
2019-05-31T21:45:00+09:00,J2,413,450,863
2019-05-31T21:45:00+09:00,J3,544,535,1079
2019-05-31T21:45:00+09:00,J4,656,681,1337
2019-05-31T21:45:00+09:00,J5,504,554,1058
2019-05-31T22:00:00+09:00,J1,525,607,1132
2019-05-31T22:00:00+09:00,J2,413,394,807
2019-05-31T22:00:00+09:00,J3,554,541,1095
2019-05-31T22:00:00+09:00,J4,675,698,1373
2019-05-31T22:00:00+09:00,J5,504,573,1077
2019-05-31T22:15:00+09:00,J1,514,520,1034
2019-05-31T22:15:00+09:00,J2,340,415,755
2019-05-31T22:15:00+09:00,J3,558,581,1139
2019-05-31T22:15:00+09:00,J4,701,769,1470
2019-05-31T22:15:00+09:00,J5,445,514,959
2019-05-31T22:30:00+09:00,J1,545,625,1170
2019-05-31T22:30:00+09:00,J2,328,455,783
2019-05-31T22:30:00+09:00,J3,636,599,1235
2019-05-31T22:30:00+09:00,J4,719,784,1503
2019-05-31T22:30:00+09:00,J5,441,529,970
2019-05-31T22:45:00+09:00,J1,587,597,1184
2019-05-31T22:45:00+09:00,J2,322,393,715
2019-05-31T22:45:00+09:00,J3,656,674,1330
2019-05-31T22:45:00+09:00,J4,715,679,1394
2019-05-31T22:45:00+09:00,J5,315,357,672
2019-05-31T23:00:00+09:00,J1,549,554,1103
2019-05-31T23:00:00+09:00,J2,408,454,862
2019-05-31T23:00:00+09:00,J3,695,633,1328
2019-05-31T23:00:00+09:00,J4,711,682,1393
2019-05-31T23:00:00+09:00,J5,318,332,650
2019-05-31T23:15:00+09:00,J1,549,622,1171
2019-05-31T23:15:00+09:00,J2,389,420,809
2019-05-31T23:15:00+09:00,J3,617,674,1291
2019-05-31T23:15:00+09:00,J4,700,725,1425
2019-05-31T23:15:00+09:00,J5,302,316,618
2019-05-31T23:30:00+09:00,J1,461,544,1005
2019-05-31T23:30:00+09:00,J2,353,456,809
2019-05-31T23:30:00+09:00,J3,671,642,1313
2019-05-31T23:30:00+09:00,J4,711,710,1421
2019-05-31T23:30:00+09:00,J5,312,343,655
2019-05-31T23:45:00+09:00,J1,345,451,796
2019-05-31T23:45:00+09:00,J2,380,362,742
2019-05-31T23:45:00+09:00,J3,599,567,1166
2019-05-31T23:45:00+09:00,J4,729,593,1322
2019-05-31T23:45:00+09:00,J5,268,321,589
2019-06-01T00:00:00+09:00,J1,370,388,758
2019-06-01T00:00:00+09:00,J2,442,360,802
2019-06-01T00:00:00+09:00,J3,568,516,1084
2019-06-01T00:00:00+09:00,J4,665,675,1340
2019-06-01T00:00:00+09:00,J5,230,202,432
2019-06-01T00:15:00+09:00,J1,272,312,584
2019-06-01T00:15:00+09:00,J2,472,403,875
2019-06-01T00:15:00+09:00,J3,497,419,916
2019-06-01T00:15:00+09:00,J4,446,370,816
2019-06-01T00:15:00+09:00,J5,216,213,429
2019-06-01T00:30:00+09:00,J1,166,227,393
2019-06-01T00:30:00+09:00,J2,531,476,1007
2019-06-01T00:30:00+09:00,J3,442,390,832
2019-06-01T00:30:00+09:00,J4,267,224,491
2019-06-01T00:30:00+09:00,J5,223,166,389
2019-06-01T00:45:00+09:00,J1,201,214,415
2019-06-01T00:45:00+09:00,J2,480,436,916
2019-06-01T00:45:00+09:00,J3,425,389,814
2019-06-01T00:45:00+09:00,J4,305,258,563
2019-06-01T00:45:00+09:00,J5,221,157,378
