日時,アレイ,札幌→大通り,大通り→札幌,合計
2019-07-01T05:45:00+09:00,J1,333,321,654
2019-07-01T05:45:00+09:00,J2,262,286,548
2019-07-01T05:45:00+09:00,J3,360,328,688
2019-07-01T05:45:00+09:00,J4,299,310,609
2019-07-01T05:45:00+09:00,J5,249,196,445
2019-07-01T06:00:00+09:00,J1,311,321,632
2019-07-01T06:00:00+09:00,J2,236,328,564
2019-07-01T06:00:00+09:00,J3,542,518,1060
2019-07-01T06:00:00+09:00,J4,292,344,636
2019-07-01T06:00:00+09:00,J5,241,221,462
2019-07-01T06:15:00+09:00,J1,278,303,581
2019-07-01T06:15:00+09:00,J2,262,323,585
2019-07-01T06:15:00+09:00,J3,657,588,1245
2019-07-01T06:15:00+09:00,J4,433,496,929
2019-07-01T06:15:00+09:00,J5,243,250,493
2019-07-01T06:30:00+09:00,J1,218,288,506
2019-07-01T06:30:00+09:00,J2,273,305,578
2019-07-01T06:30:00+09:00,J3,799,667,1466
2019-07-01T06:30:00+09:00,J4,490,519,1009
2019-07-01T06:30:00+09:00,J5,287,303,590
2019-07-01T06:45:00+09:00,J1,260,330,590
2019-07-01T06:45:00+09:00,J2,310,326,636
2019-07-01T06:45:00+09:00,J3,732,678,1410
2019-07-01T06:45:00+09:00,J4,352,462,814
2019-07-01T06:45:00+09:00,J5,260,252,512
2019-07-01T07:00:00+09:00,J1,407,362,769
2019-07-01T07:00:00+09:00,J2,346,311,657
2019-07-01T07:00:00+09:00,J3,697,753,1450
2019-07-01T07:00:00+09:00,J4,511,627,1138
2019-07-01T07:00:00+09:00,J5,256,268,524
2019-07-01T07:15:00+09:00,J1,409,414,823
2019-07-01T07:15:00+09:00,J2,464,263,727
2019-07-01T07:15:00+09:00,J3,727,709,1436
2019-07-01T07:15:00+09:00,J4,447,590,1037
2019-07-01T07:15:00+09:00,J5,243,258,501
2019-07-01T07:30:00+09:00,J1,571,535,1106
2019-07-01T07:30:00+09:00,J2,496,281,777
2019-07-01T07:30:00+09:00,J3,757,775,1532
2019-07-01T07:30:00+09:00,J4,470,603,1073
2019-07-01T07:30:00+09:00,J5,376,294,670
2019-07-01T07:45:00+09:00,J1,721,577,1298
2019-07-01T07:45:00+09:00,J2,692,481,1173
2019-07-01T07:45:00+09:00,J3,787,841,1628
2019-07-01T07:45:00+09:00,J4,548,882,1430
2019-07-01T07:45:00+09:00,J5,381,295,676
2019-07-01T08:00:00+09:00,J1,1016,693,1709
2019-07-01T08:00:00+09:00,J2,838,635,1473
2019-07-01T08:00:00+09:00,J3,900,938,1838
2019-07-01T08:00:00+09:00,J4,750,1090,1840
2019-07-01T08:00:00+09:00,J5,362,388,750
2019-07-01T08:15:00+09:00,J1,1125,790,1915
2019-07-01T08:15:00+09:00,J2,841,622,1463
2019-07-01T08:15:00+09:00,J3,889,1037,1926
2019-07-01T08:15:00+09:00,J4,715,1177,1892
2019-07-01T08:15:00+09:00,J5,408,397,805
2019-07-01T08:30:00+09:00,J1,1064,784,1848
2019-07-01T08:30:00+09:00,J2,929,636,1565
2019-07-01T08:30:00+09:00,J3,838,1090,1928
2019-07-01T08:30:00+09:00,J4,705,1174,1879
2019-07-01T08:30:00+09:00,J5,422,545,967
2019-07-01T08:45:00+09:00,J1,833,635,1468
2019-07-01T08:45:00+09:00,J2,760,607,1367
2019-07-01T08:45:00+09:00,J3,714,904,1618
2019-07-01T08:45:00+09:00,J4,717,896,1613
2019-07-01T08:45:00+09:00,J5,375,387,762
2019-07-01T09:00:00+09:00,J1,721,638,1359
2019-07-01T09:00:00+09:00,J2,676,456,1132
2019-07-01T09:00:00+09:00,J3,751,703,1454
2019-07-01T09:00:00+09:00,J4,626,783,1409
2019-07-01T09:00:00+09:00,J5,305,277,582
2019-07-01T09:15:00+09:00,J1,578,444,1022
2019-07-01T09:15:00+09:00,J2,633,428,1061
2019-07-01T09:15:00+09:00,J3,707,707,1414
2019-07-01T09:15:00+09:00,J4,607,790,1397
2019-07-01T09:15:00+09:00,J5,338,306,644
2019-07-01T09:30:00+09:00,J1,573,512,1085
2019-07-01T09:30:00+09:00,J2,594,423,1017
2019-07-01T09:30:00+09:00,J3,662,643,1305
2019-07-01T09:30:00+09:00,J4,683,800,1483
2019-07-01T09:30:00+09:00,J5,321,379,700
2019-07-01T09:45:00+09:00,J1,531,557,1088
2019-07-01T09:45:00+09:00,J2,539,520,1059
2019-07-01T09:45:00+09:00,J3,614,507,1121
2019-07-01T09:45:00+09:00,J4,636,646,1282
2019-07-01T09:45:00+09:00,J5,299,357,656
2019-07-01T10:00:00+09:00,J1,532,572,1104
2019-07-01T10:00:00+09:00,J2,556,536,1092
2019-07-01T10:00:00+09:00,J3,534,521,1055
2019-07-01T10:00:00+09:00,J4,643,649,1292
2019-07-01T10:00:00+09:00,J5,269,330,599
2019-07-01T10:15:00+09:00,J1,485,517,1002
2019-07-01T10:15:00+09:00,J2,611,509,1120
2019-07-01T10:15:00+09:00,J3,575,488,1063
2019-07-01T10:15:00+09:00,J4,654,627,1281
2019-07-01T10:15:00+09:00,J5,264,337,601
2019-07-01T10:30:00+09:00,J1,497,468,965
2019-07-01T10:30:00+09:00,J2,543,609,1152
2019-07-01T10:30:00+09:00,J3,514,452,966
2019-07-01T10:30:00+09:00,J4,692,728,1420
2019-07-01T10:30:00+09:00,J5,297,409,706
2019-07-01T10:45:00+09:00,J1,531,521,1052
2019-07-01T10:45:00+09:00,J2,631,562,1193
2019-07-01T10:45:00+09:00,J3,568,453,1021
2019-07-01T10:45:00+09:00,J4,668,605,1273
2019-07-01T10:45:00+09:00,J5,333,389,722
2019-07-01T11:00:00+09:00,J1,529,561,1090
2019-07-01T11:00:00+09:00,J2,561,577,1138
2019-07-01T11:00:00+09:00,J3,611,476,1087
2019-07-01T11:00:00+09:00,J4,707,688,1395
2019-07-01T11:00:00+09:00,J5,335,399,734
2019-07-01T11:15:00+09:00,J1,580,570,1150
2019-07-01T11:15:00+09:00,J2,589,623,1212
2019-07-01T11:15:00+09:00,J3,542,493,1035
2019-07-01T11:15:00+09:00,J4,758,663,1421
2019-07-01T11:15:00+09:00,J5,364,461,825
2019-07-01T11:30:00+09:00,J1,582,546,1128
2019-07-01T11:30:00+09:00,J2,545,556,1101
2019-07-01T11:30:00+09:00,J3,548,523,1071
2019-07-01T11:30:00+09:00,J4,712,650,1362
2019-07-01T11:30:00+09:00,J5,364,426,790
2019-07-01T11:45:00+09:00,J1,601,529,1130
2019-07-01T11:45:00+09:00,J2,558,513,1071
2019-07-01T11:45:00+09:00,J3,591,487,1078
2019-07-01T11:45:00+09:00,J4,731,662,1393
2019-07-01T11:45:00+09:00,J5,304,412,716
2019-07-01T12:00:00+09:00,J1,601,576,1177
2019-07-01T12:00:00+09:00,J2,496,499,995
2019-07-01T12:00:00+09:00,J3,576,536,1112
2019-07-01T12:00:00+09:00,J4,817,751,1568
2019-07-01T12:00:00+09:00,J5,303,421,724
2019-07-01T12:15:00+09:00,J1,609,646,1255
2019-07-01T12:15:00+09:00,J2,515,385,900
2019-07-01T12:15:00+09:00,J3,538,481,1019
2019-07-01T12:15:00+09:00,J4,785,760,1545
2019-07-01T12:15:00+09:00,J5,310,477,787
2019-07-01T12:30:00+09:00,J1,600,641,1241
2019-07-01T12:30:00+09:00,J2,540,413,953
2019-07-01T12:30:00+09:00,J3,549,522,1071
2019-07-01T12:30:00+09:00,J4,788,781,1569
2019-07-01T12:30:00+09:00,J5,402,534,936
2019-07-01T12:45:00+09:00,J1,613,660,1273
2019-07-01T12:45:00+09:00,J2,568,419,987
2019-07-01T12:45:00+09:00,J3,558,545,1103
2019-07-01T12:45:00+09:00,J4,765,753,1518
2019-07-01T12:45:00+09:00,J5,383,452,835
2019-07-01T13:00:00+09:00,J1,562,759,1321
2019-07-01T13:00:00+09:00,J2,474,464,938
2019-07-01T13:00:00+09:00,J3,509,532,1041
2019-07-01T13:00:00+09:00,J4,747,773,1520
2019-07-01T13:00:00+09:00,J5,372,506,878
2019-07-01T13:15:00+09:00,J1,539,561,1100
2019-07-01T13:15:00+09:00,J2,433,365,798
2019-07-01T13:15:00+09:00,J3,474,410,884
2019-07-01T13:15:00+09:00,J4,692,638,1330
2019-07-01T13:15:00+09:00,J5,319,451,770
2019-07-01T13:30:00+09:00,J1,670,717,1387
2019-07-01T13:30:00+09:00,J2,605,478,1083
2019-07-01T13:30:00+09:00,J3,602,564,1166
2019-07-01T13:30:00+09:00,J4,900,816,1716
2019-07-01T13:30:00+09:00,J5,374,490,864
2019-07-01T13:45:00+09:00,J1,615,703,1318
2019-07-01T13:45:00+09:00,J2,516,482,998
2019-07-01T13:45:00+09:00,J3,561,614,1175
2019-07-01T13:45:00+09:00,J4,825,830,1655
2019-07-01T13:45:00+09:00,J5,362,527,889
2019-07-01T14:00:00+09:00,J1,579,663,1242
2019-07-01T14:00:00+09:00,J2,459,436,895
2019-07-01T14:00:00+09:00,J3,542,518,1060
2019-07-01T14:00:00+09:00,J4,778,657,1435
2019-07-01T14:00:00+09:00,J5,342,433,775
2019-07-01T14:15:00+09:00,J1,579,673,1252
2019-07-01T14:15:00+09:00,J2,433,420,853
2019-07-01T14:15:00+09:00,J3,514,530,1044
2019-07-01T14:15:00+09:00,J4,734,743,1477
2019-07-01T14:15:00+09:00,J5,384,479,863
2019-07-01T14:30:00+09:00,J1,574,637,1211
2019-07-01T14:30:00+09:00,J2,469,429,898
2019-07-01T14:30:00+09:00,J3,564,467,1031
2019-07-01T14:30:00+09:00,J4,781,730,1511
2019-07-01T14:30:00+09:00,J5,376,487,863
2019-07-01T14:45:00+09:00,J1,594,640,1234
2019-07-01T14:45:00+09:00,J2,493,450,943
2019-07-01T14:45:00+09:00,J3,518,532,1050
2019-07-01T14:45:00+09:00,J4,739,790,1529
2019-07-01T14:45:00+09:00,J5,345,435,780
2019-07-01T15:00:00+09:00,J1,559,645,1204
2019-07-01T15:00:00+09:00,J2,484,441,925
2019-07-01T15:00:00+09:00,J3,535,521,1056
2019-07-01T15:00:00+09:00,J4,777,740,1517
2019-07-01T15:00:00+09:00,J5,369,470,839
2019-07-01T15:15:00+09:00,J1,638,754,1392
2019-07-01T15:15:00+09:00,J2,438,486,924
2019-07-01T15:15:00+09:00,J3,587,605,1192
2019-07-01T15:15:00+09:00,J4,844,825,1669
2019-07-01T15:15:00+09:00,J5,336,496,832
2019-07-01T15:30:00+09:00,J1,598,740,1338
2019-07-01T15:30:00+09:00,J2,467,455,922
2019-07-01T15:30:00+09:00,J3,575,516,1091
2019-07-01T15:30:00+09:00,J4,706,692,1398
2019-07-01T15:30:00+09:00,J5,419,524,943
2019-07-01T15:45:00+09:00,J1,536,675,1211
2019-07-01T15:45:00+09:00,J2,463,451,914
2019-07-01T15:45:00+09:00,J3,572,526,1098
2019-07-01T15:45:00+09:00,J4,698,723,1421
2019-07-01T15:45:00+09:00,J5,375,502,877
2019-07-01T16:00:00+09:00,J1,598,646,1244
2019-07-01T16:00:00+09:00,J2,449,432,881
2019-07-01T16:00:00+09:00,J3,539,612,1151
2019-07-01T16:00:00+09:00,J4,773,633,1406
2019-07-01T16:00:00+09:00,J5,443,545,988
2019-07-01T16:15:00+09:00,J1,637,716,1353
2019-07-01T16:15:00+09:00,J2,421,398,819
2019-07-01T16:15:00+09:00,J3,533,564,1097
2019-07-01T16:15:00+09:00,J4,755,692,1447
2019-07-01T16:15:00+09:00,J5,387,469,856
2019-07-01T16:30:00+09:00,J1,598,643,1241
2019-07-01T16:30:00+09:00,J2,477,407,884
2019-07-01T16:30:00+09:00,J3,548,480,1028
2019-07-01T16:30:00+09:00,J4,767,637,1404
2019-07-01T16:30:00+09:00,J5,381,519,900
2019-07-01T16:45:00+09:00,J1,594,577,1171
2019-07-01T16:45:00+09:00,J2,436,417,853
2019-07-01T16:45:00+09:00,J3,574,526,1100
2019-07-01T16:45:00+09:00,J4,808,712,1520
2019-07-01T16:45:00+09:00,J5,423,546,969
2019-07-01T17:00:00+09:00,J1,680,789,1469
2019-07-01T17:00:00+09:00,J2,512,505,1017
2019-07-01T17:00:00+09:00,J3,633,533,1166
2019-07-01T17:00:00+09:00,J4,812,740,1552
2019-07-01T17:00:00+09:00,J5,461,528,989
2019-07-01T17:15:00+09:00,J1,726,850,1576
2019-07-01T17:15:00+09:00,J2,508,475,983
2019-07-01T17:15:00+09:00,J3,699,649,1348
2019-07-01T17:15:00+09:00,J4,869,738,1607
2019-07-01T17:15:00+09:00,J5,439,562,1001
2019-07-01T17:30:00+09:00,J1,716,875,1591
2019-07-01T17:30:00+09:00,J2,537,588,1125
2019-07-01T17:30:00+09:00,J3,784,674,1458
2019-07-01T17:30:00+09:00,J4,921,737,1658
2019-07-01T17:30:00+09:00,J5,484,563,1047
2019-07-01T17:45:00+09:00,J1,727,919,1646
2019-07-01T17:45:00+09:00,J2,518,555,1073
2019-07-01T17:45:00+09:00,J3,736,704,1440
2019-07-01T17:45:00+09:00,J4,938,784,1722
2019-07-01T17:45:00+09:00,J5,419,646,1065
2019-07-01T18:00:00+09:00,J1,837,978,1815
2019-07-01T18:00:00+09:00,J2,555,588,1143
2019-07-01T18:00:00+09:00,J3,813,707,1520
2019-07-01T18:00:00+09:00,J4,1031,802,1833
2019-07-01T18:00:00+09:00,J5,434,541,975
2019-07-01T18:15:00+09:00,J1,751,932,1683
2019-07-01T18:15:00+09:00,J2,526,541,1067
2019-07-01T18:15:00+09:00,J3,745,623,1368
2019-07-01T18:15:00+09:00,J4,971,763,1734
2019-07-01T18:15:00+09:00,J5,461,645,1106
2019-07-01T18:30:00+09:00,J1,727,829,1556
2019-07-01T18:30:00+09:00,J2,506,521,1027
2019-07-01T18:30:00+09:00,J3,657,598,1255
2019-07-01T18:30:00+09:00,J4,936,755,1691
2019-07-01T18:30:00+09:00,J5,482,605,1087
2019-07-01T18:45:00+09:00,J1,740,787,1527
2019-07-01T18:45:00+09:00,J2,523,434,957
2019-07-01T18:45:00+09:00,J3,645,553,1198
2019-07-01T18:45:00+09:00,J4,936,788,1724
2019-07-01T18:45:00+09:00,J5,470,587,1057
2019-07-01T19:00:00+09:00,J1,639,784,1423
2019-07-01T19:00:00+09:00,J2,423,419,842
2019-07-01T19:00:00+09:00,J3,639,544,1183
2019-07-01T19:00:00+09:00,J4,944,769,1713
2019-07-01T19:00:00+09:00,J5,463,590,1053
2019-07-01T19:15:00+09:00,J1,640,744,1384
2019-07-01T19:15:00+09:00,J2,417,457,874
2019-07-01T19:15:00+09:00,J3,624,530,1154
2019-07-01T19:15:00+09:00,J4,852,711,1563
2019-07-01T19:15:00+09:00,J5,426,562,988
2019-07-01T19:30:00+09:00,J1,611,679,1290
2019-07-01T19:30:00+09:00,J2,361,365,726
2019-07-01T19:30:00+09:00,J3,546,504,1050
2019-07-01T19:30:00+09:00,J4,745,662,1407
2019-07-01T19:30:00+09:00,J5,396,519,915
2019-07-01T19:45:00+09:00,J1,563,719,1282
2019-07-01T19:45:00+09:00,J2,351,376,727
2019-07-01T19:45:00+09:00,J3,546,470,1016
2019-07-01T19:45:00+09:00,J4,702,567,1269
2019-07-01T19:45:00+09:00,J5,404,454,858
2019-07-01T20:00:00+09:00,J1,561,644,1205
2019-07-01T20:00:00+09:00,J2,411,416,827
2019-07-01T20:00:00+09:00,J3,537,435,972
2019-07-01T20:00:00+09:00,J4,658,532,1190
2019-07-01T20:00:00+09:00,J5,364,447,811
2019-07-01T20:15:00+09:00,J1,551,642,1193
2019-07-01T20:15:00+09:00,J2,364,335,699
2019-07-01T20:15:00+09:00,J3,558,457,1015
2019-07-01T20:15:00+09:00,J4,572,423,995
2019-07-01T20:15:00+09:00,J5,391,464,855
2019-07-01T20:30:00+09:00,J1,593,619,1212
2019-07-01T20:30:00+09:00,J2,367,334,701
2019-07-01T20:30:00+09:00,J3,566,428,994
2019-07-01T20:30:00+09:00,J4,706,601,1307
2019-07-01T20:30:00+09:00,J5,385,459,844
2019-07-01T20:45:00+09:00,J1,559,628,1187
2019-07-01T20:45:00+09:00,J2,364,423,787
2019-07-01T20:45:00+09:00,J3,571,511,1082
2019-07-01T20:45:00+09:00,J4,557,449,1006
2019-07-01T20:45:00+09:00,J5,348,396,744
2019-07-01T21:00:00+09:00,J1,616,626,1242
2019-07-01T21:00:00+09:00,J2,463,481,944
2019-07-01T21:00:00+09:00,J3,509,474,983
2019-07-01T21:00:00+09:00,J4,616,536,1152
2019-07-01T21:00:00+09:00,J5,349,360,709
2019-07-01T21:15:00+09:00,J1,535,623,1158
2019-07-01T21:15:00+09:00,J2,417,361,778
2019-07-01T21:15:00+09:00,J3,539,486,1025
2019-07-01T21:15:00+09:00,J4,701,598,1299
2019-07-01T21:15:00+09:00,J5,317,384,701
2019-07-01T21:30:00+09:00,J1,455,567,1022
2019-07-01T21:30:00+09:00,J2,386,387,773
2019-07-01T21:30:00+09:00,J3,428,403,831
2019-07-01T21:30:00+09:00,J4,635,525,1160
2019-07-01T21:30:00+09:00,J5,318,366,684
2019-07-01T21:45:00+09:00,J1,477,500,977
2019-07-01T21:45:00+09:00,J2,416,392,808
2019-07-01T21:45:00+09:00,J3,392,345,737
2019-07-01T21:45:00+09:00,J4,706,689,1395
2019-07-01T21:45:00+09:00,J5,323,361,684
2019-07-01T22:00:00+09:00,J1,423,503,926
2019-07-01T22:00:00+09:00,J2,420,499,919
2019-07-01T22:00:00+09:00,J3,413,338,751
2019-07-01T22:00:00+09:00,J4,811,727,1538
2019-07-01T22:00:00+09:00,J5,352,368,720
2019-07-01T22:15:00+09:00,J1,408,441,849
2019-07-01T22:15:00+09:00,J2,408,470,878
2019-07-01T22:15:00+09:00,J3,414,392,806
2019-07-01T22:15:00+09:00,J4,701,622,1323
2019-07-01T22:15:00+09:00,J5,315,416,731
2019-07-01T22:30:00+09:00,J1,312,412,724
2019-07-01T22:30:00+09:00,J2,414,555,969
2019-07-01T22:30:00+09:00,J3,404,373,777
2019-07-01T22:30:00+09:00,J4,692,674,1366
2019-07-01T22:30:00+09:00,J5,338,405,743
2019-07-01T22:45:00+09:00,J1,312,399,711
2019-07-01T22:45:00+09:00,J2,458,553,1011
2019-07-01T22:45:00+09:00,J3,400,388,788
2019-07-01T22:45:00+09:00,J4,857,813,1670
2019-07-01T22:45:00+09:00,J5,269,339,608
2019-07-01T23:00:00+09:00,J1,335,392,727
2019-07-01T23:00:00+09:00,J2,488,576,1064
2019-07-01T23:00:00+09:00,J3,397,428,825
2019-07-01T23:00:00+09:00,J4,850,848,1698
2019-07-01T23:00:00+09:00,J5,252,299,551
2019-07-01T23:15:00+09:00,J1,433,432,865
2019-07-01T23:15:00+09:00,J2,520,548,1068
2019-07-01T23:15:00+09:00,J3,461,427,888
2019-07-01T23:15:00+09:00,J4,761,728,1489
2019-07-01T23:15:00+09:00,J5,244,284,528
2019-07-01T23:30:00+09:00,J1,363,448,811
2019-07-01T23:30:00+09:00,J2,492,432,924
2019-07-01T23:30:00+09:00,J3,373,386,759
2019-07-01T23:30:00+09:00,J4,594,576,1170
2019-07-01T23:30:00+09:00,J5,217,259,476
2019-07-01T23:45:00+09:00,J1,299,356,655
2019-07-01T23:45:00+09:00,J2,446,446,892
2019-07-01T23:45:00+09:00,J3,387,377,764
2019-07-01T23:45:00+09:00,J4,424,434,858
2019-07-01T23:45:00+09:00,J5,257,285,542
2019-07-02T00:00:00+09:00,J1,303,304,607
2019-07-02T00:00:00+09:00,J2,454,333,787
2019-07-02T00:00:00+09:00,J3,363,375,738
2019-07-02T00:00:00+09:00,J4,434,383,817
2019-07-02T00:00:00+09:00,J5,241,254,495
2019-07-02T00:15:00+09:00,J1,165,212,377
2019-07-02T00:15:00+09:00,J2,345,207,552
2019-07-02T00:15:00+09:00,J3,544,439,983
2019-07-02T00:15:00+09:00,J4,257,295,552
2019-07-02T00:15:00+09:00,J5,136,123,259
2019-07-02T00:30:00+09:00,J1,174,219,393
2019-07-02T00:30:00+09:00,J2,288,200,488
2019-07-02T00:30:00+09:00,J3,470,408,878
2019-07-02T00:30:00+09:00,J4,285,292,577
2019-07-02T00:30:00+09:00,J5,191,159,350
2019-07-02T00:45:00+09:00,J1,175,180,355
2019-07-02T00:45:00+09:00,J2,259,209,468
2019-07-02T00:45:00+09:00,J3,391,402,793
2019-07-02T00:45:00+09:00,J4,307,292,599
2019-07-02T00:45:00+09:00,J5,174,111,285
2019-07-02T05:45:00+09:00,J1,258,277,535
2019-07-02T05:45:00+09:00,J2,241,303,544
2019-07-02T05:45:00+09:00,J3,386,390,776
2019-07-02T05:45:00+09:00,J4,526,539,1065
2019-07-02T05:45:00+09:00,J5,191,202,393
2019-07-02T06:00:00+09:00,J1,225,258,483
2019-07-02T06:00:00+09:00,J2,251,310,561
2019-07-02T06:00:00+09:00,J3,615,640,1255
2019-07-02T06:00:00+09:00,J4,304,296,600
2019-07-02T06:00:00+09:00,J5,217,243,460
2019-07-02T06:15:00+09:00,J1,271,295,566
2019-07-02T06:15:00+09:00,J2,269,204,473
2019-07-02T06:15:00+09:00,J3,615,653,1268
2019-07-02T06:15:00+09:00,J4,412,431,843
2019-07-02T06:15:00+09:00,J5,187,224,411
2019-07-02T06:30:00+09:00,J1,267,304,571
2019-07-02T06:30:00+09:00,J2,288,246,534
2019-07-02T06:30:00+09:00,J3,552,592,1144
2019-07-02T06:30:00+09:00,J4,482,529,1011
2019-07-02T06:30:00+09:00,J5,207,207,414
2019-07-02T06:45:00+09:00,J1,391,353,744
2019-07-02T06:45:00+09:00,J2,414,313,727
2019-07-02T06:45:00+09:00,J3,644,623,1267
2019-07-02T06:45:00+09:00,J4,341,472,813
2019-07-02T06:45:00+09:00,J5,212,193,405
2019-07-02T07:00:00+09:00,J1,388,330,718
2019-07-02T07:00:00+09:00,J2,383,231,614
2019-07-02T07:00:00+09:00,J3,642,599,1241
2019-07-02T07:00:00+09:00,J4,471,509,980
2019-07-02T07:00:00+09:00,J5,214,200,414
2019-07-02T07:15:00+09:00,J1,455,335,790
2019-07-02T07:15:00+09:00,J2,532,426,958
2019-07-02T07:15:00+09:00,J3,681,651,1332
2019-07-02T07:15:00+09:00,J4,516,626,1142
2019-07-02T07:15:00+09:00,J5,258,200,458
2019-07-02T07:30:00+09:00,J1,474,415,889
2019-07-02T07:30:00+09:00,J2,584,537,1121
2019-07-02T07:30:00+09:00,J3,647,645,1292
2019-07-02T07:30:00+09:00,J4,512,687,1199
2019-07-02T07:30:00+09:00,J5,318,313,631
2019-07-02T07:45:00+09:00,J1,659,543,1202
2019-07-02T07:45:00+09:00,J2,633,585,1218
2019-07-02T07:45:00+09:00,J3,651,688,1339
2019-07-02T07:45:00+09:00,J4,483,748,1231
2019-07-02T07:45:00+09:00,J5,324,355,679
2019-07-02T08:00:00+09:00,J1,959,694,1653
2019-07-02T08:00:00+09:00,J2,760,440,1200
2019-07-02T08:00:00+09:00,J3,727,844,1571
2019-07-02T08:00:00+09:00,J4,603,952,1555
2019-07-02T08:00:00+09:00,J5,458,503,961
2019-07-02T08:15:00+09:00,J1,1075,698,1773
2019-07-02T08:15:00+09:00,J2,752,367,1119
2019-07-02T08:15:00+09:00,J3,637,957,1594
2019-07-02T08:15:00+09:00,J4,744,1054,1798
2019-07-02T08:15:00+09:00,J5,501,476,977
2019-07-02T08:30:00+09:00,J1,1170,657,1827
2019-07-02T08:30:00+09:00,J2,791,391,1182
2019-07-02T08:30:00+09:00,J3,656,1030,1686
2019-07-02T08:30:00+09:00,J4,741,1096,1837
2019-07-02T08:30:00+09:00,J5,434,346,780
2019-07-02T08:45:00+09:00,J1,902,552,1454
2019-07-02T08:45:00+09:00,J2,608,348,956
2019-07-02T08:45:00+09:00,J3,555,783,1338
2019-07-02T08:45:00+09:00,J4,670,902,1572
2019-07-02T08:45:00+09:00,J5,402,330,732
2019-07-02T09:00:00+09:00,J1,751,549,1300
2019-07-02T09:00:00+09:00,J2,569,300,869
2019-07-02T09:00:00+09:00,J3,447,511,958
2019-07-02T09:00:00+09:00,J4,590,729,1319
2019-07-02T09:00:00+09:00,J5,457,458,915
2019-07-02T09:15:00+09:00,J1,628,474,1102
2019-07-02T09:15:00+09:00,J2,482,303,785
2019-07-02T09:15:00+09:00,J3,493,569,1062
2019-07-02T09:15:00+09:00,J4,676,889,1565
2019-07-02T09:15:00+09:00,J5,365,416,781
2019-07-02T09:30:00+09:00,J1,722,499,1221
2019-07-02T09:30:00+09:00,J2,519,314,833
2019-07-02T09:30:00+09:00,J3,569,621,1190
2019-07-02T09:30:00+09:00,J4,786,847,1633
2019-07-02T09:30:00+09:00,J5,341,319,660
2019-07-02T09:45:00+09:00,J1,559,450,1009
2019-07-02T09:45:00+09:00,J2,400,289,689
2019-07-02T09:45:00+09:00,J3,424,489,913
2019-07-02T09:45:00+09:00,J4,685,747,1432
2019-07-02T09:45:00+09:00,J5,419,363,782
2019-07-02T10:00:00+09:00,J1,491,397,888
2019-07-02T10:00:00+09:00,J2,303,361,664
2019-07-02T10:00:00+09:00,J3,352,381,733
2019-07-02T10:00:00+09:00,J4,690,727,1417
2019-07-02T10:00:00+09:00,J5,383,444,827
2019-07-02T10:15:00+09:00,J1,526,437,963
2019-07-02T10:15:00+09:00,J2,353,333,686
2019-07-02T10:15:00+09:00,J3,453,467,920
2019-07-02T10:15:00+09:00,J4,710,785,1495
2019-07-02T10:15:00+09:00,J5,301,311,612
2019-07-02T10:30:00+09:00,J1,545,521,1066
2019-07-02T10:30:00+09:00,J2,339,421,760
2019-07-02T10:30:00+09:00,J3,499,511,1010
2019-07-02T10:30:00+09:00,J4,687,687,1374
2019-07-02T10:30:00+09:00,J5,246,247,493
2019-07-02T10:45:00+09:00,J1,568,491,1059
2019-07-02T10:45:00+09:00,J2,360,412,772
2019-07-02T10:45:00+09:00,J3,636,507,1143
2019-07-02T10:45:00+09:00,J4,653,631,1284
2019-07-02T10:45:00+09:00,J5,259,239,498
2019-07-02T11:00:00+09:00,J1,514,459,973
2019-07-02T11:00:00+09:00,J2,349,405,754
2019-07-02T11:00:00+09:00,J3,703,484,1187
2019-07-02T11:00:00+09:00,J4,589,653,1242
2019-07-02T11:00:00+09:00,J5,211,155,366
2019-07-02T11:15:00+09:00,J1,623,595,1218
2019-07-02T11:15:00+09:00,J2,453,412,865
2019-07-02T11:15:00+09:00,J3,629,467,1096
2019-07-02T11:15:00+09:00,J4,620,639,1259
2019-07-02T11:15:00+09:00,J5,303,225,528
2019-07-02T11:30:00+09:00,J1,608,605,1213
2019-07-02T11:30:00+09:00,J2,400,434,834
2019-07-02T11:30:00+09:00,J3,664,510,1174
2019-07-02T11:30:00+09:00,J4,606,597,1203
2019-07-02T11:30:00+09:00,J5,321,278,599
2019-07-02T11:45:00+09:00,J1,567,710,1277
2019-07-02T11:45:00+09:00,J2,407,345,752
2019-07-02T11:45:00+09:00,J3,657,463,1120
2019-07-02T11:45:00+09:00,J4,631,596,1227
2019-07-02T11:45:00+09:00,J5,346,421,767
2019-07-02T12:00:00+09:00,J1,538,652,1190
2019-07-02T12:00:00+09:00,J2,379,392,771
2019-07-02T12:00:00+09:00,J3,663,567,1230
2019-07-02T12:00:00+09:00,J4,636,606,1242
2019-07-02T12:00:00+09:00,J5,466,501,967
2019-07-02T12:15:00+09:00,J1,495,539,1034
2019-07-02T12:15:00+09:00,J2,424,382,806
2019-07-02T12:15:00+09:00,J3,599,458,1057
2019-07-02T12:15:00+09:00,J4,569,557,1126
2019-07-02T12:15:00+09:00,J5,344,366,710
2019-07-02T12:30:00+09:00,J1,597,681,1278
2019-07-02T12:30:00+09:00,J2,491,432,923
2019-07-02T12:30:00+09:00,J3,796,629,1425
2019-07-02T12:30:00+09:00,J4,692,703,1395
2019-07-02T12:30:00+09:00,J5,474,495,969
2019-07-02T12:45:00+09:00,J1,569,643,1212
2019-07-02T12:45:00+09:00,J2,424,411,835
2019-07-02T12:45:00+09:00,J3,774,629,1403
2019-07-02T12:45:00+09:00,J4,696,696,1392
2019-07-02T12:45:00+09:00,J5,387,413,800
2019-07-02T13:00:00+09:00,J1,561,614,1175
2019-07-02T13:00:00+09:00,J2,432,474,906
2019-07-02T13:00:00+09:00,J3,779,560,1339
2019-07-02T13:00:00+09:00,J4,686,596,1282
2019-07-02T13:00:00+09:00,J5,404,438,842
2019-07-02T13:15:00+09:00,J1,499,627,1126
2019-07-02T13:15:00+09:00,J2,419,421,840
2019-07-02T13:15:00+09:00,J3,723,569,1292
2019-07-02T13:15:00+09:00,J4,700,636,1336
2019-07-02T13:15:00+09:00,J5,409,414,823
2019-07-02T13:30:00+09:00,J1,528,616,1144
2019-07-02T13:30:00+09:00,J2,409,427,836
2019-07-02T13:30:00+09:00,J3,741,623,1364
2019-07-02T13:30:00+09:00,J4,665,625,1290
2019-07-02T13:30:00+09:00,J5,412,461,873
2019-07-02T13:45:00+09:00,J1,623,713,1336
2019-07-02T13:45:00+09:00,J2,433,371,804
2019-07-02T13:45:00+09:00,J3,693,590,1283
2019-07-02T13:45:00+09:00,J4,639,657,1296
2019-07-02T13:45:00+09:00,J5,461,485,946
2019-07-02T14:00:00+09:00,J1,617,647,1264
2019-07-02T14:00:00+09:00,J2,469,407,876
2019-07-02T14:00:00+09:00,J3,620,488,1108
2019-07-02T14:00:00+09:00,J4,607,606,1213
2019-07-02T14:00:00+09:00,J5,433,540,973
2019-07-02T14:15:00+09:00,J1,609,727,1336
2019-07-02T14:15:00+09:00,J2,435,413,848
2019-07-02T14:15:00+09:00,J3,751,564,1315
2019-07-02T14:15:00+09:00,J4,669,638,1307
2019-07-02T14:15:00+09:00,J5,445,502,947
2019-07-02T14:30:00+09:00,J1,686,832,1518
2019-07-02T14:30:00+09:00,J2,582,443,1025
2019-07-02T14:30:00+09:00,J3,803,753,1556
2019-07-02T14:30:00+09:00,J4,727,755,1482
2019-07-02T14:30:00+09:00,J5,498,550,1048
2019-07-02T14:45:00+09:00,J1,700,822,1522
2019-07-02T14:45:00+09:00,J2,618,459,1077
2019-07-02T14:45:00+09:00,J3,880,767,1647
2019-07-02T14:45:00+09:00,J4,700,642,1342
2019-07-02T14:45:00+09:00,J5,499,533,1032
2019-07-02T15:00:00+09:00,J1,668,810,1478
2019-07-02T15:00:00+09:00,J2,500,481,981
2019-07-02T15:00:00+09:00,J3,834,678,1512
2019-07-02T15:00:00+09:00,J4,659,683,1342
2019-07-02T15:00:00+09:00,J5,483,448,931
2019-07-02T15:15:00+09:00,J1,713,786,1499
2019-07-02T15:15:00+09:00,J2,535,475,1010
2019-07-02T15:15:00+09:00,J3,823,708,1531
2019-07-02T15:15:00+09:00,J4,655,682,1337
2019-07-02T15:15:00+09:00,J5,443,457,900
2019-07-02T15:30:00+09:00,J1,703,845,1548
2019-07-02T15:30:00+09:00,J2,518,501,1019
2019-07-02T15:30:00+09:00,J3,870,657,1527
2019-07-02T15:30:00+09:00,J4,645,639,1284
2019-07-02T15:30:00+09:00,J5,494,517,1011
2019-07-02T15:45:00+09:00,J1,731,843,1574
2019-07-02T15:45:00+09:00,J2,570,504,1074
2019-07-02T15:45:00+09:00,J3,802,631,1433
2019-07-02T15:45:00+09:00,J4,672,703,1375
2019-07-02T15:45:00+09:00,J5,429,431,860
2019-07-02T16:00:00+09:00,J1,674,832,1506
2019-07-02T16:00:00+09:00,J2,538,551,1089
2019-07-02T16:00:00+09:00,J3,862,618,1480
2019-07-02T16:00:00+09:00,J4,795,772,1567
2019-07-02T16:00:00+09:00,J5,454,472,926
2019-07-02T16:15:00+09:00,J1,691,798,1489
2019-07-02T16:15:00+09:00,J2,500,438,938
2019-07-02T16:15:00+09:00,J3,775,610,1385
2019-07-02T16:15:00+09:00,J4,696,710,1406
2019-07-02T16:15:00+09:00,J5,447,472,919
2019-07-02T16:30:00+09:00,J1,669,750,1419
2019-07-02T16:30:00+09:00,J2,445,426,871
2019-07-02T16:30:00+09:00,J3,727,513,1240
2019-07-02T16:30:00+09:00,J4,675,640,1315
2019-07-02T16:30:00+09:00,J5,463,468,931
2019-07-02T16:45:00+09:00,J1,635,714,1349
2019-07-02T16:45:00+09:00,J2,403,452,855
2019-07-02T16:45:00+09:00,J3,727,591,1318
2019-07-02T16:45:00+09:00,J4,689,698,1387
2019-07-02T16:45:00+09:00,J5,461,498,959
2019-07-02T17:00:00+09:00,J1,727,936,1663
2019-07-02T17:00:00+09:00,J2,492,583,1075
2019-07-02T17:00:00+09:00,J3,826,723,1549
2019-07-02T17:00:00+09:00,J4,785,604,1389
2019-07-02T17:00:00+09:00,J5,493,562,1055
2019-07-02T17:15:00+09:00,J1,830,905,1735
2019-07-02T17:15:00+09:00,J2,521,568,1089
2019-07-02T17:15:00+09:00,J3,889,650,1539
2019-07-02T17:15:00+09:00,J4,819,707,1526
2019-07-02T17:15:00+09:00,J5,443,548,991
2019-07-02T17:30:00+09:00,J1,809,986,1795
2019-07-02T17:30:00+09:00,J2,502,646,1148
2019-07-02T17:30:00+09:00,J3,841,617,1458
2019-07-02T17:30:00+09:00,J4,822,707,1529
2019-07-02T17:30:00+09:00,J5,475,538,1013
2019-07-02T17:45:00+09:00,J1,922,1061,1983
2019-07-02T17:45:00+09:00,J2,504,625,1129
2019-07-02T17:45:00+09:00,J3,917,671,1588
2019-07-02T17:45:00+09:00,J4,948,679,1627
2019-07-02T17:45:00+09:00,J5,490,541,1031
2019-07-02T18:00:00+09:00,J1,876,1091,1967
2019-07-02T18:00:00+09:00,J2,535,664,1199
2019-07-02T18:00:00+09:00,J3,939,606,1545
2019-07-02T18:00:00+09:00,J4,959,707,1666
2019-07-02T18:00:00+09:00,J5,423,583,1006
2019-07-02T18:15:00+09:00,J1,871,993,1864
2019-07-02T18:15:00+09:00,J2,578,649,1227
2019-07-02T18:15:00+09:00,J3,909,628,1537
2019-07-02T18:15:00+09:00,J4,860,764,1624
2019-07-02T18:15:00+09:00,J5,481,532,1013
2019-07-02T18:30:00+09:00,J1,878,973,1851
2019-07-02T18:30:00+09:00,J2,456,603,1059
2019-07-02T18:30:00+09:00,J3,694,610,1304
2019-07-02T18:30:00+09:00,J4,903,732,1635
2019-07-02T18:30:00+09:00,J5,439,503,942
2019-07-02T18:45:00+09:00,J1,789,975,1764
2019-07-02T18:45:00+09:00,J2,398,546,944
2019-07-02T18:45:00+09:00,J3,665,571,1236
2019-07-02T18:45:00+09:00,J4,911,670,1581
2019-07-02T18:45:00+09:00,J5,467,494,961
2019-07-02T19:00:00+09:00,J1,789,950,1739
2019-07-02T19:00:00+09:00,J2,374,508,882
2019-07-02T19:00:00+09:00,J3,669,565,1234
2019-07-02T19:00:00+09:00,J4,917,730,1647
2019-07-02T19:00:00+09:00,J5,467,568,1035
2019-07-02T19:15:00+09:00,J1,700,970,1670
2019-07-02T19:15:00+09:00,J2,427,553,980
2019-07-02T19:15:00+09:00,J3,657,594,1251
2019-07-02T19:15:00+09:00,J4,841,674,1515
2019-07-02T19:15:00+09:00,J5,492,559,1051
2019-07-02T19:30:00+09:00,J1,697,811,1508
2019-07-02T19:30:00+09:00,J2,266,458,724
2019-07-02T19:30:00+09:00,J3,493,493,986
2019-07-02T19:30:00+09:00,J4,591,464,1055
2019-07-02T19:30:00+09:00,J5,400,427,827
2019-07-02T19:45:00+09:00,J1,788,915,1703
2019-07-02T19:45:00+09:00,J2,320,469,789
2019-07-02T19:45:00+09:00,J3,566,562,1128
2019-07-02T19:45:00+09:00,J4,709,578,1287
2019-07-02T19:45:00+09:00,J5,498,557,1055
2019-07-02T20:00:00+09:00,J1,716,868,1584
2019-07-02T20:00:00+09:00,J2,355,379,734
2019-07-02T20:00:00+09:00,J3,497,487,984
2019-07-02T20:00:00+09:00,J4,642,524,1166
2019-07-02T20:00:00+09:00,J5,435,491,926
2019-07-02T20:15:00+09:00,J1,726,887,1613
2019-07-02T20:15:00+09:00,J2,308,380,688
2019-07-02T20:15:00+09:00,J3,573,498,1071
2019-07-02T20:15:00+09:00,J4,691,547,1238
2019-07-02T20:15:00+09:00,J5,449,502,951
2019-07-02T20:30:00+09:00,J1,695,802,1497
2019-07-02T20:30:00+09:00,J2,401,386,787
2019-07-02T20:30:00+09:00,J3,623,449,1072
2019-07-02T20:30:00+09:00,J4,588,555,1143
2019-07-02T20:30:00+09:00,J5,376,507,883
2019-07-02T20:45:00+09:00,J1,761,825,1586
2019-07-02T20:45:00+09:00,J2,342,386,728
2019-07-02T20:45:00+09:00,J3,556,482,1038
2019-07-02T20:45:00+09:00,J4,639,590,1229
2019-07-02T20:45:00+09:00,J5,408,440,848
2019-07-02T21:00:00+09:00,J1,753,810,1563
2019-07-02T21:00:00+09:00,J2,382,407,789
2019-07-02T21:00:00+09:00,J3,534,443,977
2019-07-02T21:00:00+09:00,J4,678,641,1319
2019-07-02T21:00:00+09:00,J5,365,410,775
2019-07-02T21:15:00+09:00,J1,707,845,1552
2019-07-02T21:15:00+09:00,J2,381,428,809
2019-07-02T21:15:00+09:00,J3,521,460,981
2019-07-02T21:15:00+09:00,J4,626,566,1192
2019-07-02T21:15:00+09:00,J5,295,372,667
2019-07-02T21:30:00+09:00,J1,598,651,1249
2019-07-02T21:30:00+09:00,J2,329,353,682
2019-07-02T21:30:00+09:00,J3,422,488,910
2019-07-02T21:30:00+09:00,J4,655,607,1262
2019-07-02T21:30:00+09:00,J5,313,403,716
2019-07-02T21:45:00+09:00,J1,614,683,1297
2019-07-02T21:45:00+09:00,J2,518,576,1094
2019-07-02T21:45:00+09:00,J3,471,454,925
2019-07-02T21:45:00+09:00,J4,703,675,1378
2019-07-02T21:45:00+09:00,J5,317,373,690
2019-07-02T22:00:00+09:00,J1,571,694,1265
2019-07-02T22:00:00+09:00,J2,544,566,1110
2019-07-02T22:00:00+09:00,J3,423,440,863
2019-07-02T22:00:00+09:00,J4,647,629,1276
2019-07-02T22:00:00+09:00,J5,281,322,603
2019-07-02T22:15:00+09:00,J1,595,698,1293
2019-07-02T22:15:00+09:00,J2,407,502,909
2019-07-02T22:15:00+09:00,J3,443,422,865
2019-07-02T22:15:00+09:00,J4,677,723,1400
2019-07-02T22:15:00+09:00,J5,279,287,566
2019-07-02T22:30:00+09:00,J1,558,696,1254
2019-07-02T22:30:00+09:00,J2,404,417,821
2019-07-02T22:30:00+09:00,J3,452,443,895
2019-07-02T22:30:00+09:00,J4,750,755,1505
2019-07-02T22:30:00+09:00,J5,273,285,558
2019-07-02T22:45:00+09:00,J1,633,674,1307
2019-07-02T22:45:00+09:00,J2,460,450,910
2019-07-02T22:45:00+09:00,J3,463,428,891
2019-07-02T22:45:00+09:00,J4,691,677,1368
2019-07-02T22:45:00+09:00,J5,255,265,520
2019-07-02T23:00:00+09:00,J1,524,621,1145
2019-07-02T23:00:00+09:00,J2,453,432,885
2019-07-02T23:00:00+09:00,J3,423,406,829
2019-07-02T23:00:00+09:00,J4,595,577,1172
2019-07-02T23:00:00+09:00,J5,289,228,517
2019-07-02T23:15:00+09:00,J1,530,565,1095
2019-07-02T23:15:00+09:00,J2,416,429,845
2019-07-02T23:15:00+09:00,J3,430,413,843
2019-07-02T23:15:00+09:00,J4,692,713,1405
2019-07-02T23:15:00+09:00,J5,189,225,414
2019-07-02T23:30:00+09:00,J1,548,607,1155
2019-07-02T23:30:00+09:00,J2,390,428,818
2019-07-02T23:30:00+09:00,J3,401,425,826
2019-07-02T23:30:00+09:00,J4,411,431,842
2019-07-02T23:30:00+09:00,J5,217,244,461
2019-07-02T23:45:00+09:00,J1,499,546,1045
2019-07-02T23:45:00+09:00,J2,412,407,819
2019-07-02T23:45:00+09:00,J3,334,334,668
2019-07-02T23:45:00+09:00,J4,493,528,1021
2019-07-02T23:45:00+09:00,J5,221,256,477
2019-07-03T00:00:00+09:00,J1,507,488,995
2019-07-03T00:00:00+09:00,J2,283,208,491
2019-07-03T00:00:00+09:00,J3,347,377,724
2019-07-03T00:00:00+09:00,J4,495,544,1039
2019-07-03T00:00:00+09:00,J5,187,219,406
2019-07-03T00:15:00+09:00,J1,248,222,470
2019-07-03T00:15:00+09:00,J2,363,257,620
2019-07-03T00:15:00+09:00,J3,527,439,966
2019-07-03T00:15:00+09:00,J4,291,305,596
2019-07-03T00:15:00+09:00,J5,150,240,390
2019-07-03T00:30:00+09:00,J1,254,206,460
2019-07-03T00:30:00+09:00,J2,368,297,665
2019-07-03T00:30:00+09:00,J3,521,403,924
2019-07-03T00:30:00+09:00,J4,309,270,579
2019-07-03T00:30:00+09:00,J5,192,172,364
2019-07-03T00:45:00+09:00,J1,313,240,553
2019-07-03T00:45:00+09:00,J2,326,230,556
2019-07-03T00:45:00+09:00,J3,503,378,881
2019-07-03T00:45:00+09:00,J4,294,319,613
2019-07-03T00:45:00+09:00,J5,193,208,401
2019-07-03T05:45:00+09:00,J1,370,338,708
2019-07-03T05:45:00+09:00,J2,206,181,387
2019-07-03T05:45:00+09:00,J3,391,340,731
2019-07-03T05:45:00+09:00,J4,673,665,1338
2019-07-03T05:45:00+09:00,J5,204,200,404
2019-07-03T06:00:00+09:00,J1,544,543,1087
2019-07-03T06:00:00+09:00,J2,243,200,443
2019-07-03T06:00:00+09:00,J3,401,393,794
2019-07-03T06:00:00+09:00,J4,595,601,1196
2019-07-03T06:00:00+09:00,J5,154,124,278
2019-07-03T06:15:00+09:00,J1,546,471,1017
2019-07-03T06:15:00+09:00,J2,287,209,496
2019-07-03T06:15:00+09:00,J3,489,495,984
2019-07-03T06:15:00+09:00,J4,603,658,1261
2019-07-03T06:15:00+09:00,J5,173,131,304
2019-07-03T06:30:00+09:00,J1,464,458,922
2019-07-03T06:30:00+09:00,J2,230,223,453
2019-07-03T06:30:00+09:00,J3,534,560,1094
2019-07-03T06:30:00+09:00,J4,640,608,1248
2019-07-03T06:30:00+09:00,J5,155,102,257
2019-07-03T06:45:00+09:00,J1,604,584,1188
2019-07-03T06:45:00+09:00,J2,259,197,456
2019-07-03T06:45:00+09:00,J3,658,635,1293
2019-07-03T06:45:00+09:00,J4,598,615,1213
2019-07-03T06:45:00+09:00,J5,185,109,294
2019-07-03T07:00:00+09:00,J1,679,592,1271
2019-07-03T07:00:00+09:00,J2,287,234,521
2019-07-03T07:00:00+09:00,J3,687,656,1343
2019-07-03T07:00:00+09:00,J4,871,848,1719
2019-07-03T07:00:00+09:00,J5,192,166,358
2019-07-03T07:15:00+09:00,J1,667,635,1302
2019-07-03T07:15:00+09:00,J2,287,213,500
2019-07-03T07:15:00+09:00,J3,726,703,1429
2019-07-03T07:15:00+09:00,J4,732,821,1553
2019-07-03T07:15:00+09:00,J5,244,205,449
2019-07-03T07:30:00+09:00,J1,739,658,1397
2019-07-03T07:30:00+09:00,J2,413,306,719
2019-07-03T07:30:00+09:00,J3,665,716,1381
2019-07-03T07:30:00+09:00,J4,821,936,1757
2019-07-03T07:30:00+09:00,J5,238,254,492
2019-07-03T07:45:00+09:00,J1,893,685,1578
2019-07-03T07:45:00+09:00,J2,424,387,811
2019-07-03T07:45:00+09:00,J3,704,765,1469
2019-07-03T07:45:00+09:00,J4,677,981,1658
2019-07-03T07:45:00+09:00,J5,265,297,562
2019-07-03T08:00:00+09:00,J1,1144,922,2066
2019-07-03T08:00:00+09:00,J2,416,422,838
2019-07-03T08:00:00+09:00,J3,805,939,1744
2019-07-03T08:00:00+09:00,J4,730,985,1715
2019-07-03T08:00:00+09:00,J5,327,304,631
2019-07-03T08:15:00+09:00,J1,1210,881,2091
2019-07-03T08:15:00+09:00,J2,453,494,947
2019-07-03T08:15:00+09:00,J3,802,1070,1872
2019-07-03T08:15:00+09:00,J4,623,1117,1740
2019-07-03T08:15:00+09:00,J5,428,512,940
2019-07-03T08:30:00+09:00,J1,1249,900,2149
2019-07-03T08:30:00+09:00,J2,498,460,958
2019-07-03T08:30:00+09:00,J3,839,1075,1914
2019-07-03T08:30:00+09:00,J4,757,1195,1952
2019-07-03T08:30:00+09:00,J5,476,577,1053
2019-07-03T08:45:00+09:00,J1,1003,761,1764
2019-07-03T08:45:00+09:00,J2,464,408,872
2019-07-03T08:45:00+09:00,J3,691,875,1566
2019-07-03T08:45:00+09:00,J4,702,970,1672
2019-07-03T08:45:00+09:00,J5,338,368,706
2019-07-03T09:00:00+09:00,J1,939,836,1775
2019-07-03T09:00:00+09:00,J2,451,397,848
2019-07-03T09:00:00+09:00,J3,706,666,1372
2019-07-03T09:00:00+09:00,J4,635,717,1352
2019-07-03T09:00:00+09:00,J5,249,249,498
2019-07-03T09:15:00+09:00,J1,771,633,1404
2019-07-03T09:15:00+09:00,J2,486,331,817
2019-07-03T09:15:00+09:00,J3,691,697,1388
2019-07-03T09:15:00+09:00,J4,599,794,1393
2019-07-03T09:15:00+09:00,J5,296,251,547
2019-07-03T09:30:00+09:00,J1,716,696,1412
2019-07-03T09:30:00+09:00,J2,519,372,891
2019-07-03T09:30:00+09:00,J3,709,722,1431
2019-07-03T09:30:00+09:00,J4,614,735,1349
2019-07-03T09:30:00+09:00,J5,278,297,575
2019-07-03T09:45:00+09:00,J1,759,706,1465
2019-07-03T09:45:00+09:00,J2,452,383,835
2019-07-03T09:45:00+09:00,J3,677,770,1447
2019-07-03T09:45:00+09:00,J4,563,620,1183
2019-07-03T09:45:00+09:00,J5,247,283,530
2019-07-03T10:00:00+09:00,J1,693,707,1400
2019-07-03T10:00:00+09:00,J2,409,347,756
2019-07-03T10:00:00+09:00,J3,591,606,1197
2019-07-03T10:00:00+09:00,J4,605,688,1293
2019-07-03T10:00:00+09:00,J5,251,289,540
2019-07-03T10:15:00+09:00,J1,650,618,1268
2019-07-03T10:15:00+09:00,J2,441,370,811
2019-07-03T10:15:00+09:00,J3,670,637,1307
2019-07-03T10:15:00+09:00,J4,549,575,1124
2019-07-03T10:15:00+09:00,J5,271,329,600
2019-07-03T10:30:00+09:00,J1,793,727,1520
2019-07-03T10:30:00+09:00,J2,425,409,834
2019-07-03T10:30:00+09:00,J3,599,650,1249
2019-07-03T10:30:00+09:00,J4,520,594,1114
2019-07-03T10:30:00+09:00,J5,242,290,532
2019-07-03T10:45:00+09:00,J1,705,772,1477
2019-07-03T10:45:00+09:00,J2,381,402,783
2019-07-03T10:45:00+09:00,J3,626,702,1328
2019-07-03T10:45:00+09:00,J4,527,507,1034
2019-07-03T10:45:00+09:00,J5,269,298,567
2019-07-03T11:00:00+09:00,J1,749,734,1483
2019-07-03T11:00:00+09:00,J2,392,376,768
2019-07-03T11:00:00+09:00,J3,618,685,1303
2019-07-03T11:00:00+09:00,J4,512,584,1096
2019-07-03T11:00:00+09:00,J5,238,303,541
2019-07-03T11:15:00+09:00,J1,833,903,1736
2019-07-03T11:15:00+09:00,J2,412,440,852
2019-07-03T11:15:00+09:00,J3,617,590,1207
2019-07-03T11:15:00+09:00,J4,544,573,1117
2019-07-03T11:15:00+09:00,J5,314,334,648
2019-07-03T11:30:00+09:00,J1,834,848,1682
2019-07-03T11:30:00+09:00,J2,413,414,827
2019-07-03T11:30:00+09:00,J3,671,682,1353
2019-07-03T11:30:00+09:00,J4,501,512,1013
2019-07-03T11:30:00+09:00,J5,250,316,566
2019-07-03T11:45:00+09:00,J1,827,835,1662
2019-07-03T11:45:00+09:00,J2,432,406,838
2019-07-03T11:45:00+09:00,J3,659,654,1313
2019-07-03T11:45:00+09:00,J4,500,502,1002
2019-07-03T11:45:00+09:00,J5,222,252,474
2019-07-03T12:00:00+09:00,J1,776,857,1633
2019-07-03T12:00:00+09:00,J2,366,432,798
2019-07-03T12:00:00+09:00,J3,690,705,1395
2019-07-03T12:00:00+09:00,J4,539,565,1104
2019-07-03T12:00:00+09:00,J5,264,288,552
2019-07-03T12:15:00+09:00,J1,772,827,1599
2019-07-03T12:15:00+09:00,J2,463,368,831
2019-07-03T12:15:00+09:00,J3,647,656,1303
2019-07-03T12:15:00+09:00,J4,576,622,1198
2019-07-03T12:15:00+09:00,J5,245,274,519
2019-07-03T12:30:00+09:00,J1,839,899,1738
2019-07-03T12:30:00+09:00,J2,386,393,779
2019-07-03T12:30:00+09:00,J3,668,658,1326
2019-07-03T12:30:00+09:00,J4,546,567,1113
2019-07-03T12:30:00+09:00,J5,277,302,579
2019-07-03T12:45:00+09:00,J1,817,825,1642
2019-07-03T12:45:00+09:00,J2,404,332,736
2019-07-03T12:45:00+09:00,J3,575,636,1211
2019-07-03T12:45:00+09:00,J4,603,566,1169
2019-07-03T12:45:00+09:00,J5,262,313,575
2019-07-03T13:00:00+09:00,J1,659,787,1446
2019-07-03T13:00:00+09:00,J2,355,272,627
2019-07-03T13:00:00+09:00,J3,533,618,1151
2019-07-03T13:00:00+09:00,J4,563,555,1118
2019-07-03T13:00:00+09:00,J5,250,259,509
2019-07-03T13:15:00+09:00,J1,688,813,1501
2019-07-03T13:15:00+09:00,J2,360,321,681
2019-07-03T13:15:00+09:00,J3,582,553,1135
2019-07-03T13:15:00+09:00,J4,568,548,1116
2019-07-03T13:15:00+09:00,J5,266,260,526
2019-07-03T13:30:00+09:00,J1,768,903,1671
2019-07-03T13:30:00+09:00,J2,349,250,599
2019-07-03T13:30:00+09:00,J3,559,502,1061
2019-07-03T13:30:00+09:00,J4,458,498,956
2019-07-03T13:30:00+09:00,J5,224,266,490
2019-07-03T13:45:00+09:00,J1,763,818,1581
2019-07-03T13:45:00+09:00,J2,357,305,662
2019-07-03T13:45:00+09:00,J3,534,554,1088
2019-07-03T13:45:00+09:00,J4,506,482,988
2019-07-03T13:45:00+09:00,J5,254,297,551
2019-07-03T14:00:00+09:00,J1,642,758,1400
2019-07-03T14:00:00+09:00,J2,376,263,639
2019-07-03T14:00:00+09:00,J3,536,531,1067
2019-07-03T14:00:00+09:00,J4,533,558,1091
2019-07-03T14:00:00+09:00,J5,239,297,536
2019-07-03T14:15:00+09:00,J1,635,738,1373
2019-07-03T14:15:00+09:00,J2,377,238,615
2019-07-03T14:15:00+09:00,J3,597,525,1122
2019-07-03T14:15:00+09:00,J4,475,536,1011
2019-07-03T14:15:00+09:00,J5,227,290,517
2019-07-03T14:30:00+09:00,J1,710,817,1527
2019-07-03T14:30:00+09:00,J2,392,227,619
2019-07-03T14:30:00+09:00,J3,548,558,1106
2019-07-03T14:30:00+09:00,J4,631,463,1094
2019-07-03T14:30:00+09:00,J5,261,304,565
2019-07-03T14:45:00+09:00,J1,617,665,1282
2019-07-03T14:45:00+09:00,J2,377,280,657
2019-07-03T14:45:00+09:00,J3,573,521,1094
2019-07-03T14:45:00+09:00,J4,559,480,1039
2019-07-03T14:45:00+09:00,J5,254,299,553
2019-07-03T15:00:00+09:00,J1,607,758,1365
2019-07-03T15:00:00+09:00,J2,410,274,684
2019-07-03T15:00:00+09:00,J3,556,500,1056
2019-07-03T15:00:00+09:00,J4,563,472,1035
2019-07-03T15:00:00+09:00,J5,278,311,589
2019-07-03T15:15:00+09:00,J1,628,744,1372
2019-07-03T15:15:00+09:00,J2,390,284,674
2019-07-03T15:15:00+09:00,J3,575,551,1126
2019-07-03T15:15:00+09:00,J4,589,502,1091
2019-07-03T15:15:00+09:00,J5,254,297,551
2019-07-03T15:30:00+09:00,J1,654,680,1334
2019-07-03T15:30:00+09:00,J2,355,280,635
2019-07-03T15:30:00+09:00,J3,532,498,1030
2019-07-03T15:30:00+09:00,J4,621,480,1101
2019-07-03T15:30:00+09:00,J5,280,308,588
2019-07-03T15:45:00+09:00,J1,683,647,1330
2019-07-03T15:45:00+09:00,J2,374,248,622
2019-07-03T15:45:00+09:00,J3,502,515,1017
2019-07-03T15:45:00+09:00,J4,698,523,1221
2019-07-03T15:45:00+09:00,J5,277,336,613
2019-07-03T16:00:00+09:00,J1,651,692,1343
2019-07-03T16:00:00+09:00,J2,446,286,732
2019-07-03T16:00:00+09:00,J3,545,523,1068
2019-07-03T16:00:00+09:00,J4,581,479,1060
2019-07-03T16:00:00+09:00,J5,261,337,598
2019-07-03T16:15:00+09:00,J1,687,721,1408
2019-07-03T16:15:00+09:00,J2,375,279,654
2019-07-03T16:15:00+09:00,J3,553,536,1089
2019-07-03T16:15:00+09:00,J4,641,546,1187
2019-07-03T16:15:00+09:00,J5,299,342,641
2019-07-03T16:30:00+09:00,J1,693,782,1475
2019-07-03T16:30:00+09:00,J2,345,254,599
2019-07-03T16:30:00+09:00,J3,555,535,1090
2019-07-03T16:30:00+09:00,J4,592,510,1102
2019-07-03T16:30:00+09:00,J5,298,361,659
2019-07-03T16:45:00+09:00,J1,641,730,1371
2019-07-03T16:45:00+09:00,J2,414,263,677
2019-07-03T16:45:00+09:00,J3,498,497,995
2019-07-03T16:45:00+09:00,J4,771,645,1416
2019-07-03T16:45:00+09:00,J5,299,357,656
2019-07-03T17:00:00+09:00,J1,788,921,1709
2019-07-03T17:00:00+09:00,J2,405,262,667
2019-07-03T17:00:00+09:00,J3,703,543,1246
2019-07-03T17:00:00+09:00,J4,817,647,1464
2019-07-03T17:00:00+09:00,J5,310,352,662
2019-07-03T17:15:00+09:00,J1,716,899,1615
2019-07-03T17:15:00+09:00,J2,480,329,809
2019-07-03T17:15:00+09:00,J3,593,619,1212
2019-07-03T17:15:00+09:00,J4,814,686,1500
2019-07-03T17:15:00+09:00,J5,371,424,795
2019-07-03T17:30:00+09:00,J1,823,1015,1838
2019-07-03T17:30:00+09:00,J2,490,330,820
2019-07-03T17:30:00+09:00,J3,730,639,1369
2019-07-03T17:30:00+09:00,J4,853,651,1504
2019-07-03T17:30:00+09:00,J5,319,503,822
2019-07-03T17:45:00+09:00,J1,737,1013,1750
2019-07-03T17:45:00+09:00,J2,442,288,730
2019-07-03T17:45:00+09:00,J3,764,709,1473
2019-07-03T17:45:00+09:00,J4,938,629,1567
2019-07-03T17:45:00+09:00,J5,359,502,861
2019-07-03T18:00:00+09:00,J1,808,1033,1841
2019-07-03T18:00:00+09:00,J2,501,319,820
2019-07-03T18:00:00+09:00,J3,802,696,1498
2019-07-03T18:00:00+09:00,J4,836,538,1374
2019-07-03T18:00:00+09:00,J5,382,495,877
2019-07-03T18:15:00+09:00,J1,842,1034,1876
2019-07-03T18:15:00+09:00,J2,485,356,841
2019-07-03T18:15:00+09:00,J3,731,654,1385
2019-07-03T18:15:00+09:00,J4,938,669,1607
2019-07-03T18:15:00+09:00,J5,399,512,911
2019-07-03T18:30:00+09:00,J1,702,859,1561
2019-07-03T18:30:00+09:00,J2,424,329,753
2019-07-03T18:30:00+09:00,J3,641,488,1129
2019-07-03T18:30:00+09:00,J4,812,546,1358
2019-07-03T18:30:00+09:00,J5,366,522,888
2019-07-03T18:45:00+09:00,J1,663,826,1489
2019-07-03T18:45:00+09:00,J2,452,284,736
2019-07-03T18:45:00+09:00,J3,588,506,1094
2019-07-03T18:45:00+09:00,J4,697,521,1218
2019-07-03T18:45:00+09:00,J5,378,437,815
2019-07-03T19:00:00+09:00,J1,708,808,1516
2019-07-03T19:00:00+09:00,J2,365,243,608
2019-07-03T19:00:00+09:00,J3,551,513,1064
2019-07-03T19:00:00+09:00,J4,522,458,980
2019-07-03T19:00:00+09:00,J5,422,498,920
2019-07-03T19:15:00+09:00,J1,732,857,1589
2019-07-03T19:15:00+09:00,J2,308,223,531
2019-07-03T19:15:00+09:00,J3,597,552,1149
2019-07-03T19:15:00+09:00,J4,612,439,1051
2019-07-03T19:15:00+09:00,J5,400,538,938
2019-07-03T19:30:00+09:00,J1,669,842,1511
2019-07-03T19:30:00+09:00,J2,309,220,529
2019-07-03T19:30:00+09:00,J3,607,549,1156
2019-07-03T19:30:00+09:00,J4,577,534,1111
2019-07-03T19:30:00+09:00,J5,340,392,732
2019-07-03T19:45:00+09:00,J1,737,791,1528
2019-07-03T19:45:00+09:00,J2,290,219,509
2019-07-03T19:45:00+09:00,J3,553,591,1144
2019-07-03T19:45:00+09:00,J4,601,513,1114
2019-07-03T19:45:00+09:00,J5,338,426,764
2019-07-03T20:00:00+09:00,J1,645,724,1369
2019-07-03T20:00:00+09:00,J2,306,238,544
2019-07-03T20:00:00+09:00,J3,625,566,1191
2019-07-03T20:00:00+09:00,J4,583,581,1164
2019-07-03T20:00:00+09:00,J5,363,336,699
2019-07-03T20:15:00+09:00,J1,624,736,1360
2019-07-03T20:15:00+09:00,J2,330,255,585
2019-07-03T20:15:00+09:00,J3,582,484,1066
2019-07-03T20:15:00+09:00,J4,587,555,1142
2019-07-03T20:15:00+09:00,J5,314,420,734
2019-07-03T20:30:00+09:00,J1,714,757,1471
2019-07-03T20:30:00+09:00,J2,395,319,714
2019-07-03T20:30:00+09:00,J3,536,502,1038
2019-07-03T20:30:00+09:00,J4,592,503,1095
2019-07-03T20:30:00+09:00,J5,305,308,613
2019-07-03T20:45:00+09:00,J1,739,774,1513
2019-07-03T20:45:00+09:00,J2,384,383,767
2019-07-03T20:45:00+09:00,J3,581,477,1058
2019-07-03T20:45:00+09:00,J4,597,563,1160
2019-07-03T20:45:00+09:00,J5,279,317,596
2019-07-03T21:00:00+09:00,J1,681,766,1447
2019-07-03T21:00:00+09:00,J2,352,365,717
2019-07-03T21:00:00+09:00,J3,555,447,1002
2019-07-03T21:00:00+09:00,J4,721,644,1365
2019-07-03T21:00:00+09:00,J5,250,320,570
2019-07-03T21:15:00+09:00,J1,681,746,1427
2019-07-03T21:15:00+09:00,J2,349,302,651
2019-07-03T21:15:00+09:00,J3,528,475,1003
2019-07-03T21:15:00+09:00,J4,652,643,1295
2019-07-03T21:15:00+09:00,J5,276,321,597
2019-07-03T21:30:00+09:00,J1,641,695,1336
2019-07-03T21:30:00+09:00,J2,288,289,577
2019-07-03T21:30:00+09:00,J3,476,448,924
2019-07-03T21:30:00+09:00,J4,698,707,1405
2019-07-03T21:30:00+09:00,J5,270,318,588
2019-07-03T21:45:00+09:00,J1,662,724,1386
2019-07-03T21:45:00+09:00,J2,348,317,665
2019-07-03T21:45:00+09:00,J3,480,449,929
2019-07-03T21:45:00+09:00,J4,750,704,1454
2019-07-03T21:45:00+09:00,J5,255,277,532
2019-07-03T22:00:00+09:00,J1,634,698,1332
2019-07-03T22:00:00+09:00,J2,329,343,672
2019-07-03T22:00:00+09:00,J3,476,453,929
2019-07-03T22:00:00+09:00,J4,752,679,1431
2019-07-03T22:00:00+09:00,J5,245,256,501
2019-07-03T22:15:00+09:00,J1,644,724,1368
2019-07-03T22:15:00+09:00,J2,313,313,626
2019-07-03T22:15:00+09:00,J3,516,467,983
2019-07-03T22:15:00+09:00,J4,859,788,1647
2019-07-03T22:15:00+09:00,J5,220,264,484
2019-07-03T22:30:00+09:00,J1,579,674,1253
2019-07-03T22:30:00+09:00,J2,340,358,698
2019-07-03T22:30:00+09:00,J3,450,441,891
2019-07-03T22:30:00+09:00,J4,867,852,1719
2019-07-03T22:30:00+09:00,J5,207,274,481
2019-07-03T22:45:00+09:00,J1,627,637,1264
2019-07-03T22:45:00+09:00,J2,329,255,584
2019-07-03T22:45:00+09:00,J3,489,474,963
2019-07-03T22:45:00+09:00,J4,880,844,1724
2019-07-03T22:45:00+09:00,J5,180,196,376
2019-07-03T23:00:00+09:00,J1,532,616,1148
2019-07-03T23:00:00+09:00,J2,311,284,595
2019-07-03T23:00:00+09:00,J3,511,437,948
2019-07-03T23:00:00+09:00,J4,835,797,1632
2019-07-03T23:00:00+09:00,J5,178,169,347
2019-07-03T23:15:00+09:00,J1,501,528,1029
2019-07-03T23:15:00+09:00,J2,333,353,686
2019-07-03T23:15:00+09:00,J3,452,492,944
2019-07-03T23:15:00+09:00,J4,943,882,1825
2019-07-03T23:15:00+09:00,J5,191,177,368
2019-07-03T23:30:00+09:00,J1,509,490,999
2019-07-03T23:30:00+09:00,J2,338,382,720
2019-07-03T23:30:00+09:00,J3,484,487,971
2019-07-03T23:30:00+09:00,J4,670,678,1348
2019-07-03T23:30:00+09:00,J5,190,191,381
2019-07-03T23:45:00+09:00,J1,395,458,853
2019-07-03T23:45:00+09:00,J2,322,333,655
2019-07-03T23:45:00+09:00,J3,405,431,836
2019-07-03T23:45:00+09:00,J4,791,754,1545
2019-07-03T23:45:00+09:00,J5,162,206,368
2019-07-04T00:00:00+09:00,J1,356,321,677
2019-07-04T00:00:00+09:00,J2,316,285,601
2019-07-04T00:00:00+09:00,J3,381,416,797
2019-07-04T00:00:00+09:00,J4,739,703,1442
2019-07-04T00:00:00+09:00,J5,165,170,335
2019-07-04T00:15:00+09:00,J1,284,283,567
2019-07-04T00:15:00+09:00,J2,285,215,500
2019-07-04T00:15:00+09:00,J3,550,440,990
2019-07-04T00:15:00+09:00,J4,426,451,877
2019-07-04T00:15:00+09:00,J5,151,179,330
2019-07-04T00:30:00+09:00,J1,317,249,566
2019-07-04T00:30:00+09:00,J2,250,165,415
2019-07-04T00:30:00+09:00,J3,479,453,932
2019-07-04T00:30:00+09:00,J4,359,393,752
2019-07-04T00:30:00+09:00,J5,183,148,331
2019-07-04T00:45:00+09:00,J1,308,249,557
2019-07-04T00:45:00+09:00,J2,259,187,446
2019-07-04T00:45:00+09:00,J3,403,398,801
2019-07-04T00:45:00+09:00,J4,371,394,765
2019-07-04T00:45:00+09:00,J5,198,128,326
2019-07-04T05:45:00+09:00,J1,321,289,610
2019-07-04T05:45:00+09:00,J2,251,237,488
2019-07-04T05:45:00+09:00,J3,407,396,803
2019-07-04T05:45:00+09:00,J4,692,730,1422
2019-07-04T05:45:00+09:00,J5,235,180,415
2019-07-04T06:00:00+09:00,J1,355,357,712
2019-07-04T06:00:00+09:00,J2,244,261,505
2019-07-04T06:00:00+09:00,J3,474,513,987
2019-07-04T06:00:00+09:00,J4,465,477,942
2019-07-04T06:00:00+09:00,J5,220,188,408
2019-07-04T06:15:00+09:00,J1,370,314,684
2019-07-04T06:15:00+09:00,J2,214,165,379
2019-07-04T06:15:00+09:00,J3,601,571,1172
2019-07-04T06:15:00+09:00,J4,568,648,1216
2019-07-04T06:15:00+09:00,J5,215,230,445
2019-07-04T06:30:00+09:00,J1,377,325,702
2019-07-04T06:30:00+09:00,J2,230,184,414
2019-07-04T06:30:00+09:00,J3,637,590,1227
2019-07-04T06:30:00+09:00,J4,620,720,1340
2019-07-04T06:30:00+09:00,J5,198,184,382
2019-07-04T06:45:00+09:00,J1,394,322,716
2019-07-04T06:45:00+09:00,J2,321,187,508
2019-07-04T06:45:00+09:00,J3,677,604,1281
2019-07-04T06:45:00+09:00,J4,643,706,1349
2019-07-04T06:45:00+09:00,J5,229,180,409
2019-07-04T07:00:00+09:00,J1,482,438,920
2019-07-04T07:00:00+09:00,J2,303,174,477
2019-07-04T07:00:00+09:00,J3,713,639,1352
2019-07-04T07:00:00+09:00,J4,625,705,1330
2019-07-04T07:00:00+09:00,J5,170,206,376
2019-07-04T07:15:00+09:00,J1,453,403,856
2019-07-04T07:15:00+09:00,J2,375,198,573
2019-07-04T07:15:00+09:00,J3,681,643,1324
2019-07-04T07:15:00+09:00,J4,646,730,1376
2019-07-04T07:15:00+09:00,J5,225,226,451
2019-07-04T07:30:00+09:00,J1,624,463,1087
2019-07-04T07:30:00+09:00,J2,357,346,703
2019-07-04T07:30:00+09:00,J3,586,650,1236
2019-07-04T07:30:00+09:00,J4,517,688,1205
2019-07-04T07:30:00+09:00,J5,282,268,550
2019-07-04T07:45:00+09:00,J1,672,442,1114
2019-07-04T07:45:00+09:00,J2,348,388,736
2019-07-04T07:45:00+09:00,J3,653,798,1451
2019-07-04T07:45:00+09:00,J4,447,773,1220
2019-07-04T07:45:00+09:00,J5,347,326,673
2019-07-04T08:00:00+09:00,J1,958,640,1598
2019-07-04T08:00:00+09:00,J2,401,321,722
2019-07-04T08:00:00+09:00,J3,728,835,1563
2019-07-04T08:00:00+09:00,J4,536,858,1394
2019-07-04T08:00:00+09:00,J5,395,393,788
2019-07-04T08:15:00+09:00,J1,968,760,1728
2019-07-04T08:15:00+09:00,J2,497,308,805
2019-07-04T08:15:00+09:00,J3,703,910,1613
2019-07-04T08:15:00+09:00,J4,702,1017,1719
2019-07-04T08:15:00+09:00,J5,475,526,1001
2019-07-04T08:30:00+09:00,J1,1054,713,1767
2019-07-04T08:30:00+09:00,J2,507,280,787
2019-07-04T08:30:00+09:00,J3,657,861,1518
2019-07-04T08:30:00+09:00,J4,777,1115,1892
2019-07-04T08:30:00+09:00,J5,473,425,898
2019-07-04T08:45:00+09:00,J1,812,577,1389
2019-07-04T08:45:00+09:00,J2,623,323,946
2019-07-04T08:45:00+09:00,J3,444,708,1152
2019-07-04T08:45:00+09:00,J4,676,857,1533
2019-07-04T08:45:00+09:00,J5,468,435,903
2019-07-04T09:00:00+09:00,J1,688,588,1276
2019-07-04T09:00:00+09:00,J2,521,299,820
2019-07-04T09:00:00+09:00,J3,484,494,978
2019-07-04T09:00:00+09:00,J4,582,783,1365
2019-07-04T09:00:00+09:00,J5,398,422,820
2019-07-04T09:15:00+09:00,J1,558,494,1052
2019-07-04T09:15:00+09:00,J2,452,310,762
2019-07-04T09:15:00+09:00,J3,431,485,916
2019-07-04T09:15:00+09:00,J4,685,784,1469
2019-07-04T09:15:00+09:00,J5,376,460,836
2019-07-04T09:30:00+09:00,J1,537,530,1067
2019-07-04T09:30:00+09:00,J2,471,366,837
2019-07-04T09:30:00+09:00,J3,442,473,915
2019-07-04T09:30:00+09:00,J4,708,867,1575
2019-07-04T09:30:00+09:00,J5,397,432,829
2019-07-04T09:45:00+09:00,J1,460,491,951
2019-07-04T09:45:00+09:00,J2,410,311,721
2019-07-04T09:45:00+09:00,J3,446,440,886
2019-07-04T09:45:00+09:00,J4,686,825,1511
2019-07-04T09:45:00+09:00,J5,407,395,802
2019-07-04T10:00:00+09:00,J1,452,472,924
2019-07-04T10:00:00+09:00,J2,361,319,680
2019-07-04T10:00:00+09:00,J3,383,405,788
2019-07-04T10:00:00+09:00,J4,726,771,1497
2019-07-04T10:00:00+09:00,J5,390,443,833
2019-07-04T10:15:00+09:00,J1,405,442,847
2019-07-04T10:15:00+09:00,J2,399,302,701
2019-07-04T10:15:00+09:00,J3,434,477,911
2019-07-04T10:15:00+09:00,J4,659,795,1454
2019-07-04T10:15:00+09:00,J5,417,411,828
2019-07-04T10:30:00+09:00,J1,508,451,959
2019-07-04T10:30:00+09:00,J2,373,321,694
2019-07-04T10:30:00+09:00,J3,452,525,977
2019-07-04T10:30:00+09:00,J4,691,812,1503
2019-07-04T10:30:00+09:00,J5,400,412,812
2019-07-04T10:45:00+09:00,J1,498,396,894
2019-07-04T10:45:00+09:00,J2,362,335,697
2019-07-04T10:45:00+09:00,J3,465,485,950
2019-07-04T10:45:00+09:00,J4,752,757,1509
2019-07-04T10:45:00+09:00,J5,392,420,812
2019-07-04T11:00:00+09:00,J1,545,453,998
2019-07-04T11:00:00+09:00,J2,389,352,741
2019-07-04T11:00:00+09:00,J3,487,506,993
2019-07-04T11:00:00+09:00,J4,646,664,1310
2019-07-04T11:00:00+09:00,J5,381,373,754
2019-07-04T11:15:00+09:00,J1,686,643,1329
2019-07-04T11:15:00+09:00,J2,405,416,821
2019-07-04T11:15:00+09:00,J3,566,535,1101
2019-07-04T11:15:00+09:00,J4,642,648,1290
2019-07-04T11:15:00+09:00,J5,387,431,818
2019-07-04T11:30:00+09:00,J1,682,686,1368
2019-07-04T11:30:00+09:00,J2,393,489,882
2019-07-04T11:30:00+09:00,J3,581,529,1110
2019-07-04T11:30:00+09:00,J4,581,612,1193
2019-07-04T11:30:00+09:00,J5,198,249,447
2019-07-04T11:45:00+09:00,J1,657,651,1308
2019-07-04T11:45:00+09:00,J2,397,491,888
2019-07-04T11:45:00+09:00,J3,675,500,1175
2019-07-04T11:45:00+09:00,J4,608,658,1266
2019-07-04T11:45:00+09:00,J5,222,203,425
2019-07-04T12:00:00+09:00,J1,624,723,1347
2019-07-04T12:00:00+09:00,J2,488,452,940
2019-07-04T12:00:00+09:00,J3,713,523,1236
2019-07-04T12:00:00+09:00,J4,699,661,1360
2019-07-04T12:00:00+09:00,J5,226,220,446
2019-07-04T12:15:00+09:00,J1,691,660,1351
2019-07-04T12:15:00+09:00,J2,554,431,985
2019-07-04T12:15:00+09:00,J3,629,532,1161
2019-07-04T12:15:00+09:00,J4,684,642,1326
2019-07-04T12:15:00+09:00,J5,320,321,641
2019-07-04T12:30:00+09:00,J1,540,631,1171
2019-07-04T12:30:00+09:00,J2,525,401,926
2019-07-04T12:30:00+09:00,J3,712,501,1213
2019-07-04T12:30:00+09:00,J4,710,701,1411
2019-07-04T12:30:00+09:00,J5,443,410,853
2019-07-04T12:45:00+09:00,J1,599,620,1219
2019-07-04T12:45:00+09:00,J2,494,429,923
2019-07-04T12:45:00+09:00,J3,659,481,1140
2019-07-04T12:45:00+09:00,J4,617,710,1327
2019-07-04T12:45:00+09:00,J5,325,259,584
2019-07-04T13:00:00+09:00,J1,566,637,1203
2019-07-04T13:00:00+09:00,J2,490,406,896
2019-07-04T13:00:00+09:00,J3,686,487,1173
2019-07-04T13:00:00+09:00,J4,635,678,1313
2019-07-04T13:00:00+09:00,J5,429,404,833
2019-07-04T13:15:00+09:00,J1,532,723,1255
2019-07-04T13:15:00+09:00,J2,417,412,829
2019-07-04T13:15:00+09:00,J3,632,492,1124
2019-07-04T13:15:00+09:00,J4,658,675,1333
2019-07-04T13:15:00+09:00,J5,410,425,835
2019-07-04T13:30:00+09:00,J1,528,720,1248
2019-07-04T13:30:00+09:00,J2,490,409,899
2019-07-04T13:30:00+09:00,J3,688,553,1241
2019-07-04T13:30:00+09:00,J4,720,730,1450
2019-07-04T13:30:00+09:00,J5,374,433,807
2019-07-04T13:45:00+09:00,J1,547,726,1273
2019-07-04T13:45:00+09:00,J2,469,450,919
2019-07-04T13:45:00+09:00,J3,645,504,1149
2019-07-04T13:45:00+09:00,J4,693,796,1489
2019-07-04T13:45:00+09:00,J5,438,488,926
2019-07-04T14:00:00+09:00,J1,561,688,1249
2019-07-04T14:00:00+09:00,J2,446,440,886
2019-07-04T14:00:00+09:00,J3,583,482,1065
2019-07-04T14:00:00+09:00,J4,710,693,1403
2019-07-04T14:00:00+09:00,J5,517,532,1049
2019-07-04T14:15:00+09:00,J1,539,737,1276
2019-07-04T14:15:00+09:00,J2,449,397,846
2019-07-04T14:15:00+09:00,J3,612,482,1094
2019-07-04T14:15:00+09:00,J4,741,716,1457
2019-07-04T14:15:00+09:00,J5,448,383,831
2019-07-04T14:30:00+09:00,J1,592,707,1299
2019-07-04T14:30:00+09:00,J2,474,471,945
2019-07-04T14:30:00+09:00,J3,610,582,1192
2019-07-04T14:30:00+09:00,J4,772,693,1465
2019-07-04T14:30:00+09:00,J5,436,443,879
2019-07-04T14:45:00+09:00,J1,534,624,1158
2019-07-04T14:45:00+09:00,J2,459,437,896
2019-07-04T14:45:00+09:00,J3,598,521,1119
2019-07-04T14:45:00+09:00,J4,716,648,1364
2019-07-04T14:45:00+09:00,J5,441,408,849
2019-07-04T15:00:00+09:00,J1,597,719,1316
2019-07-04T15:00:00+09:00,J2,450,468,918
2019-07-04T15:00:00+09:00,J3,668,533,1201
2019-07-04T15:00:00+09:00,J4,635,640,1275
2019-07-04T15:00:00+09:00,J5,460,488,948
2019-07-04T15:15:00+09:00,J1,564,710,1274
2019-07-04T15:15:00+09:00,J2,460,484,944
2019-07-04T15:15:00+09:00,J3,680,563,1243
2019-07-04T15:15:00+09:00,J4,699,669,1368
2019-07-04T15:15:00+09:00,J5,425,425,850
2019-07-04T15:30:00+09:00,J1,584,707,1291
2019-07-04T15:30:00+09:00,J2,372,422,794
2019-07-04T15:30:00+09:00,J3,623,600,1223
2019-07-04T15:30:00+09:00,J4,648,713,1361
2019-07-04T15:30:00+09:00,J5,414,442,856
2019-07-04T15:45:00+09:00,J1,591,726,1317
2019-07-04T15:45:00+09:00,J2,431,401,832
2019-07-04T15:45:00+09:00,J3,658,537,1195
2019-07-04T15:45:00+09:00,J4,696,568,1264
2019-07-04T15:45:00+09:00,J5,437,471,908
2019-07-04T16:00:00+09:00,J1,506,664,1170
2019-07-04T16:00:00+09:00,J2,457,464,921
2019-07-04T16:00:00+09:00,J3,537,501,1038
2019-07-04T16:00:00+09:00,J4,641,637,1278
2019-07-04T16:00:00+09:00,J5,452,495,947
2019-07-04T16:15:00+09:00,J1,527,725,1252
2019-07-04T16:15:00+09:00,J2,471,518,989
2019-07-04T16:15:00+09:00,J3,648,506,1154
2019-07-04T16:15:00+09:00,J4,666,700,1366
2019-07-04T16:15:00+09:00,J5,414,389,803
2019-07-04T16:30:00+09:00,J1,509,706,1215
2019-07-04T16:30:00+09:00,J2,472,463,935
2019-07-04T16:30:00+09:00,J3,602,527,1129
2019-07-04T16:30:00+09:00,J4,657,712,1369
2019-07-04T16:30:00+09:00,J5,421,417,838
2019-07-04T16:45:00+09:00,J1,550,662,1212
2019-07-04T16:45:00+09:00,J2,408,426,834
2019-07-04T16:45:00+09:00,J3,635,528,1163
2019-07-04T16:45:00+09:00,J4,626,626,1252
2019-07-04T16:45:00+09:00,J5,438,504,942
2019-07-04T17:00:00+09:00,J1,643,911,1554
2019-07-04T17:00:00+09:00,J2,508,567,1075
2019-07-04T17:00:00+09:00,J3,805,611,1416
2019-07-04T17:00:00+09:00,J4,700,688,1388
2019-07-04T17:00:00+09:00,J5,468,494,962
2019-07-04T17:15:00+09:00,J1,679,912,1591
2019-07-04T17:15:00+09:00,J2,526,522,1048
2019-07-04T17:15:00+09:00,J3,823,573,1396
2019-07-04T17:15:00+09:00,J4,756,723,1479
2019-07-04T17:15:00+09:00,J5,378,404,782
2019-07-04T17:30:00+09:00,J1,700,933,1633
2019-07-04T17:30:00+09:00,J2,604,550,1154
2019-07-04T17:30:00+09:00,J3,852,581,1433
2019-07-04T17:30:00+09:00,J4,806,780,1586
2019-07-04T17:30:00+09:00,J5,446,445,891
2019-07-04T17:45:00+09:00,J1,763,974,1737
2019-07-04T17:45:00+09:00,J2,592,537,1129
2019-07-04T17:45:00+09:00,J3,863,596,1459
2019-07-04T17:45:00+09:00,J4,827,712,1539
2019-07-04T17:45:00+09:00,J5,395,419,814
2019-07-04T18:00:00+09:00,J1,750,989,1739
2019-07-04T18:00:00+09:00,J2,539,627,1166
2019-07-04T18:00:00+09:00,J3,969,577,1546
2019-07-04T18:00:00+09:00,J4,857,727,1584
2019-07-04T18:00:00+09:00,J5,493,498,991
2019-07-04T18:15:00+09:00,J1,700,914,1614
2019-07-04T18:15:00+09:00,J2,610,517,1127
2019-07-04T18:15:00+09:00,J3,890,616,1506
2019-07-04T18:15:00+09:00,J4,865,706,1571
2019-07-04T18:15:00+09:00,J5,377,391,768
2019-07-04T18:30:00+09:00,J1,604,824,1428
2019-07-04T18:30:00+09:00,J2,526,552,1078
2019-07-04T18:30:00+09:00,J3,821,529,1350
2019-07-04T18:30:00+09:00,J4,755,654,1409
2019-07-04T18:30:00+09:00,J5,353,402,755
2019-07-04T18:45:00+09:00,J1,605,751,1356
2019-07-04T18:45:00+09:00,J2,449,459,908
2019-07-04T18:45:00+09:00,J3,706,484,1190
2019-07-04T18:45:00+09:00,J4,731,642,1373
2019-07-04T18:45:00+09:00,J5,359,415,774
2019-07-04T19:00:00+09:00,J1,577,670,1247
2019-07-04T19:00:00+09:00,J2,377,374,751
2019-07-04T19:00:00+09:00,J3,636,433,1069
2019-07-04T19:00:00+09:00,J4,856,645,1501
2019-07-04T19:00:00+09:00,J5,439,444,883
2019-07-04T19:15:00+09:00,J1,550,755,1305
2019-07-04T19:15:00+09:00,J2,410,440,850
2019-07-04T19:15:00+09:00,J3,636,463,1099
2019-07-04T19:15:00+09:00,J4,811,650,1461
2019-07-04T19:15:00+09:00,J5,406,445,851
2019-07-04T19:30:00+09:00,J1,565,692,1257
2019-07-04T19:30:00+09:00,J2,365,430,795
2019-07-04T19:30:00+09:00,J3,544,458,1002
2019-07-04T19:30:00+09:00,J4,835,687,1522
2019-07-04T19:30:00+09:00,J5,486,556,1042
2019-07-04T19:45:00+09:00,J1,564,616,1180
2019-07-04T19:45:00+09:00,J2,363,418,781
2019-07-04T19:45:00+09:00,J3,504,484,988
2019-07-04T19:45:00+09:00,J4,784,625,1409
2019-07-04T19:45:00+09:00,J5,472,466,938
2019-07-04T20:00:00+09:00,J1,487,571,1058
2019-07-04T20:00:00+09:00,J2,342,405,747
2019-07-04T20:00:00+09:00,J3,484,497,981
2019-07-04T20:00:00+09:00,J4,737,627,1364
2019-07-04T20:00:00+09:00,J5,494,519,1013
2019-07-04T20:15:00+09:00,J1,526,637,1163
2019-07-04T20:15:00+09:00,J2,344,352,696
2019-07-04T20:15:00+09:00,J3,499,446,945
2019-07-04T20:15:00+09:00,J4,701,653,1354
2019-07-04T20:15:00+09:00,J5,446,521,967
2019-07-04T20:30:00+09:00,J1,474,570,1044
2019-07-04T20:30:00+09:00,J2,275,350,625
2019-07-04T20:30:00+09:00,J3,433,474,907
2019-07-04T20:30:00+09:00,J4,690,507,1197
2019-07-04T20:30:00+09:00,J5,424,502,926
2019-07-04T20:45:00+09:00,J1,487,567,1054
2019-07-04T20:45:00+09:00,J2,265,311,576
2019-07-04T20:45:00+09:00,J3,421,359,780
2019-07-04T20:45:00+09:00,J4,619,474,1093
2019-07-04T20:45:00+09:00,J5,476,525,1001
2019-07-04T21:00:00+09:00,J1,480,563,1043
2019-07-04T21:00:00+09:00,J2,277,327,604
2019-07-04T21:00:00+09:00,J3,454,407,861
2019-07-04T21:00:00+09:00,J4,763,616,1379
2019-07-04T21:00:00+09:00,J5,445,528,973
2019-07-04T21:15:00+09:00,J1,494,566,1060
2019-07-04T21:15:00+09:00,J2,314,358,672
2019-07-04T21:15:00+09:00,J3,475,467,942
2019-07-04T21:15:00+09:00,J4,808,641,1449
2019-07-04T21:15:00+09:00,J5,449,515,964
2019-07-04T21:30:00+09:00,J1,384,444,828
2019-07-04T21:30:00+09:00,J2,259,268,527
2019-07-04T21:30:00+09:00,J3,383,356,739
2019-07-04T21:30:00+09:00,J4,734,563,1297
2019-07-04T21:30:00+09:00,J5,456,475,931
2019-07-04T21:45:00+09:00,J1,363,450,813
2019-07-04T21:45:00+09:00,J2,294,283,577
2019-07-04T21:45:00+09:00,J3,392,336,728
2019-07-04T21:45:00+09:00,J4,630,586,1216
2019-07-04T21:45:00+09:00,J5,434,571,1005
2019-07-04T22:00:00+09:00,J1,419,487,906
2019-07-04T22:00:00+09:00,J2,351,350,701
2019-07-04T22:00:00+09:00,J3,384,280,664
2019-07-04T22:00:00+09:00,J4,606,503,1109
2019-07-04T22:00:00+09:00,J5,411,466,877
2019-07-04T22:15:00+09:00,J1,381,466,847
2019-07-04T22:15:00+09:00,J2,309,344,653
2019-07-04T22:15:00+09:00,J3,299,304,603
2019-07-04T22:15:00+09:00,J4,606,613,1219
2019-07-04T22:15:00+09:00,J5,379,440,819
2019-07-04T22:30:00+09:00,J1,364,444,808
2019-07-04T22:30:00+09:00,J2,253,270,523
2019-07-04T22:30:00+09:00,J3,327,291,618
2019-07-04T22:30:00+09:00,J4,564,631,1195
2019-07-04T22:30:00+09:00,J5,312,400,712
2019-07-04T22:45:00+09:00,J1,407,461,868
2019-07-04T22:45:00+09:00,J2,288,222,510
2019-07-04T22:45:00+09:00,J3,332,299,631
2019-07-04T22:45:00+09:00,J4,563,544,1107
2019-07-04T22:45:00+09:00,J5,273,361,634
2019-07-04T23:00:00+09:00,J1,415,425,840
2019-07-04T23:00:00+09:00,J2,226,262,488
2019-07-04T23:00:00+09:00,J3,371,257,628
2019-07-04T23:00:00+09:00,J4,641,637,1278
2019-07-04T23:00:00+09:00,J5,219,365,584
2019-07-04T23:15:00+09:00,J1,429,409,838
2019-07-04T23:15:00+09:00,J2,332,303,635
2019-07-04T23:15:00+09:00,J3,318,317,635
2019-07-04T23:15:00+09:00,J4,562,614,1176
2019-07-04T23:15:00+09:00,J5,270,325,595
2019-07-04T23:30:00+09:00,J1,331,367,698
2019-07-04T23:30:00+09:00,J2,246,248,494
2019-07-04T23:30:00+09:00,J3,313,315,628
2019-07-04T23:30:00+09:00,J4,514,511,1025
2019-07-04T23:30:00+09:00,J5,301,373,674
2019-07-04T23:45:00+09:00,J1,378,425,803
2019-07-04T23:45:00+09:00,J2,257,253,510
2019-07-04T23:45:00+09:00,J3,318,304,622
2019-07-04T23:45:00+09:00,J4,450,464,914
2019-07-04T23:45:00+09:00,J5,286,375,661
2019-07-05T00:00:00+09:00,J1,297,327,624
2019-07-05T00:00:00+09:00,J2,331,287,618
2019-07-05T00:00:00+09:00,J3,315,226,541
2019-07-05T00:00:00+09:00,J4,497,496,993
2019-07-05T00:00:00+09:00,J5,290,308,598
2019-07-05T00:15:00+09:00,J1,257,225,482
2019-07-05T00:15:00+09:00,J2,377,371,748
2019-07-05T00:15:00+09:00,J3,335,337,672
2019-07-05T00:15:00+09:00,J4,208,216,424
2019-07-05T00:15:00+09:00,J5,226,240,466
2019-07-05T00:30:00+09:00,J1,191,228,419
2019-07-05T00:30:00+09:00,J2,372,417,789
2019-07-05T00:30:00+09:00,J3,391,370,761
2019-07-05T00:30:00+09:00,J4,252,258,510
2019-07-05T00:30:00+09:00,J5,173,157,330
2019-07-05T00:45:00+09:00,J1,177,180,357
2019-07-05T00:45:00+09:00,J2,451,442,893
2019-07-05T00:45:00+09:00,J3,392,342,734
2019-07-05T00:45:00+09:00,J4,232,252,484
2019-07-05T00:45:00+09:00,J5,179,140,319
2019-07-05T05:45:00+09:00,J1,175,226,401
2019-07-05T05:45:00+09:00,J2,261,165,426
2019-07-05T05:45:00+09:00,J3,550,507,1057
2019-07-05T05:45:00+09:00,J4,364,381,745
2019-07-05T05:45:00+09:00,J5,182,194,376
2019-07-05T06:00:00+09:00,J1,220,298,518
2019-07-05T06:00:00+09:00,J2,306,179,485
2019-07-05T06:00:00+09:00,J3,579,507,1086
2019-07-05T06:00:00+09:00,J4,363,372,735
2019-07-05T06:00:00+09:00,J5,193,249,442
2019-07-05T06:15:00+09:00,J1,257,259,516
2019-07-05T06:15:00+09:00,J2,367,261,628
2019-07-05T06:15:00+09:00,J3,487,437,924
2019-07-05T06:15:00+09:00,J4,380,452,832
2019-07-05T06:15:00+09:00,J5,200,222,422
2019-07-05T06:30:00+09:00,J1,310,288,598
2019-07-05T06:30:00+09:00,J2,400,351,751
2019-07-05T06:30:00+09:00,J3,405,397,802
2019-07-05T06:30:00+09:00,J4,381,443,824
2019-07-05T06:30:00+09:00,J5,185,182,367
2019-07-05T06:45:00+09:00,J1,295,298,593
2019-07-05T06:45:00+09:00,J2,429,427,856
2019-07-05T06:45:00+09:00,J3,455,444,899
2019-07-05T06:45:00+09:00,J4,348,412,760
2019-07-05T06:45:00+09:00,J5,201,241,442
2019-07-05T07:00:00+09:00,J1,381,314,695
2019-07-05T07:00:00+09:00,J2,407,379,786
2019-07-05T07:00:00+09:00,J3,436,441,877
2019-07-05T07:00:00+09:00,J4,422,493,915
2019-07-05T07:00:00+09:00,J5,228,221,449
2019-07-05T07:15:00+09:00,J1,470,355,825
2019-07-05T07:15:00+09:00,J2,401,379,780
2019-07-05T07:15:00+09:00,J3,479,440,919
2019-07-05T07:15:00+09:00,J4,427,500,927
2019-07-05T07:15:00+09:00,J5,243,309,552
2019-07-05T07:30:00+09:00,J1,446,354,800
2019-07-05T07:30:00+09:00,J2,319,299,618
2019-07-05T07:30:00+09:00,J3,446,444,890
2019-07-05T07:30:00+09:00,J4,417,568,985
2019-07-05T07:30:00+09:00,J5,306,405,711
2019-07-05T07:45:00+09:00,J1,569,405,974
2019-07-05T07:45:00+09:00,J2,364,238,602
2019-07-05T07:45:00+09:00,J3,509,565,1074
2019-07-05T07:45:00+09:00,J4,447,668,1115
2019-07-05T07:45:00+09:00,J5,401,452,853
2019-07-05T08:00:00+09:00,J1,941,619,1560
2019-07-05T08:00:00+09:00,J2,364,276,640
2019-07-05T08:00:00+09:00,J3,556,669,1225
2019-07-05T08:00:00+09:00,J4,650,926,1576
2019-07-05T08:00:00+09:00,J5,440,438,878
2019-07-05T08:15:00+09:00,J1,1094,656,1750
2019-07-05T08:15:00+09:00,J2,401,266,667
2019-07-05T08:15:00+09:00,J3,611,853,1464
2019-07-05T08:15:00+09:00,J4,809,1113,1922
2019-07-05T08:15:00+09:00,J5,373,356,729
2019-07-05T08:30:00+09:00,J1,1134,645,1779
2019-07-05T08:30:00+09:00,J2,482,332,814
2019-07-05T08:30:00+09:00,J3,741,848,1589
2019-07-05T08:30:00+09:00,J4,816,1119,1935
2019-07-05T08:30:00+09:00,J5,346,301,647
2019-07-05T08:45:00+09:00,J1,909,601,1510
2019-07-05T08:45:00+09:00,J2,346,272,618
2019-07-05T08:45:00+09:00,J3,689,700,1389
2019-07-05T08:45:00+09:00,J4,719,967,1686
2019-07-05T08:45:00+09:00,J5,301,271,572
2019-07-05T09:00:00+09:00,J1,678,542,1220
2019-07-05T09:00:00+09:00,J2,319,249,568
2019-07-05T09:00:00+09:00,J3,523,542,1065
2019-07-05T09:00:00+09:00,J4,768,950,1718
2019-07-05T09:00:00+09:00,J5,372,408,780
2019-07-05T09:15:00+09:00,J1,654,397,1051
2019-07-05T09:15:00+09:00,J2,305,237,542
2019-07-05T09:15:00+09:00,J3,550,531,1081
2019-07-05T09:15:00+09:00,J4,701,747,1448
2019-07-05T09:15:00+09:00,J5,313,265,578
2019-07-05T09:30:00+09:00,J1,629,460,1089
2019-07-05T09:30:00+09:00,J2,283,250,533
2019-07-05T09:30:00+09:00,J3,519,521,1040
2019-07-05T09:30:00+09:00,J4,697,817,1514
2019-07-05T09:30:00+09:00,J5,307,282,589
2019-07-05T09:45:00+09:00,J1,573,467,1040
2019-07-05T09:45:00+09:00,J2,339,270,609
2019-07-05T09:45:00+09:00,J3,584,488,1072
2019-07-05T09:45:00+09:00,J4,568,697,1265
2019-07-05T09:45:00+09:00,J5,257,245,502
2019-07-05T10:00:00+09:00,J1,510,441,951
2019-07-05T10:00:00+09:00,J2,306,308,614
2019-07-05T10:00:00+09:00,J3,635,470,1105
2019-07-05T10:00:00+09:00,J4,603,621,1224
2019-07-05T10:00:00+09:00,J5,281,327,608
2019-07-05T10:15:00+09:00,J1,534,540,1074
2019-07-05T10:15:00+09:00,J2,310,376,686
2019-07-05T10:15:00+09:00,J3,652,475,1127
2019-07-05T10:15:00+09:00,J4,574,623,1197
2019-07-05T10:15:00+09:00,J5,336,253,589
2019-07-05T10:30:00+09:00,J1,516,509,1025
2019-07-05T10:30:00+09:00,J2,314,367,681
2019-07-05T10:30:00+09:00,J3,689,579,1268
2019-07-05T10:30:00+09:00,J4,612,658,1270
2019-07-05T10:30:00+09:00,J5,363,317,680
2019-07-05T10:45:00+09:00,J1,567,682,1249
2019-07-05T10:45:00+09:00,J2,374,345,719
2019-07-05T10:45:00+09:00,J3,781,655,1436
2019-07-05T10:45:00+09:00,J4,648,638,1286
2019-07-05T10:45:00+09:00,J5,453,448,901
2019-07-05T11:00:00+09:00,J1,648,738,1386
2019-07-05T11:00:00+09:00,J2,430,353,783
2019-07-05T11:00:00+09:00,J3,819,802,1621
2019-07-05T11:00:00+09:00,J4,674,692,1366
2019-07-05T11:00:00+09:00,J5,406,416,822
2019-07-05T11:15:00+09:00,J1,633,860,1493
2019-07-05T11:15:00+09:00,J2,404,290,694
2019-07-05T11:15:00+09:00,J3,803,730,1533
2019-07-05T11:15:00+09:00,J4,696,684,1380
2019-07-05T11:15:00+09:00,J5,464,397,861
2019-07-05T11:30:00+09:00,J1,620,541,1161
2019-07-05T11:30:00+09:00,J2,355,207,562
2019-07-05T11:30:00+09:00,J3,693,601,1294
2019-07-05T11:30:00+09:00,J4,564,565,1129
2019-07-05T11:30:00+09:00,J5,336,323,659
2019-07-05T11:45:00+09:00,J1,766,834,1600
2019-07-05T11:45:00+09:00,J2,407,272,679
2019-07-05T11:45:00+09:00,J3,892,758,1650
2019-07-05T11:45:00+09:00,J4,734,735,1469
2019-07-05T11:45:00+09:00,J5,376,355,731
2019-07-05T12:00:00+09:00,J1,665,753,1418
2019-07-05T12:00:00+09:00,J2,412,234,646
2019-07-05T12:00:00+09:00,J3,812,654,1466
2019-07-05T12:00:00+09:00,J4,628,595,1223
2019-07-05T12:00:00+09:00,J5,387,386,773
2019-07-05T12:15:00+09:00,J1,690,707,1397
2019-07-05T12:15:00+09:00,J2,437,224,661
2019-07-05T12:15:00+09:00,J3,755,697,1452
2019-07-05T12:15:00+09:00,J4,593,612,1205
2019-07-05T12:15:00+09:00,J5,411,381,792
2019-07-05T12:30:00+09:00,J1,676,693,1369
2019-07-05T12:30:00+09:00,J2,427,250,677
2019-07-05T12:30:00+09:00,J3,747,744,1491
2019-07-05T12:30:00+09:00,J4,539,556,1095
2019-07-05T12:30:00+09:00,J5,392,342,734
2019-07-05T12:45:00+09:00,J1,674,698,1372
2019-07-05T12:45:00+09:00,J2,346,254,600
2019-07-05T12:45:00+09:00,J3,701,668,1369
2019-07-05T12:45:00+09:00,J4,506,573,1079
2019-07-05T12:45:00+09:00,J5,380,342,722
2019-07-05T13:00:00+09:00,J1,627,786,1413
2019-07-05T13:00:00+09:00,J2,348,241,589
2019-07-05T13:00:00+09:00,J3,729,625,1354
2019-07-05T13:00:00+09:00,J4,586,547,1133
2019-07-05T13:00:00+09:00,J5,387,373,760
2019-07-05T13:15:00+09:00,J1,702,751,1453
2019-07-05T13:15:00+09:00,J2,398,248,646
2019-07-05T13:15:00+09:00,J3,699,652,1351
2019-07-05T13:15:00+09:00,J4,642,499,1141
2019-07-05T13:15:00+09:00,J5,417,422,839
2019-07-05T13:30:00+09:00,J1,711,637,1348
2019-07-05T13:30:00+09:00,J2,390,274,664
2019-07-05T13:30:00+09:00,J3,731,632,1363
2019-07-05T13:30:00+09:00,J4,627,578,1205
2019-07-05T13:30:00+09:00,J5,463,469,932
2019-07-05T13:45:00+09:00,J1,591,609,1200
2019-07-05T13:45:00+09:00,J2,339,265,604
2019-07-05T13:45:00+09:00,J3,717,581,1298
2019-07-05T13:45:00+09:00,J4,681,609,1290
2019-07-05T13:45:00+09:00,J5,439,412,851
2019-07-05T14:00:00+09:00,J1,604,691,1295
2019-07-05T14:00:00+09:00,J2,396,284,680
2019-07-05T14:00:00+09:00,J3,718,635,1353
2019-07-05T14:00:00+09:00,J4,592,563,1155
2019-07-05T14:00:00+09:00,J5,442,455,897
2019-07-05T14:15:00+09:00,J1,616,695,1311
2019-07-05T14:15:00+09:00,J2,391,283,674
2019-07-05T14:15:00+09:00,J3,762,648,1410
2019-07-05T14:15:00+09:00,J4,677,650,1327
2019-07-05T14:15:00+09:00,J5,388,384,772
2019-07-05T14:30:00+09:00,J1,619,631,1250
2019-07-05T14:30:00+09:00,J2,397,262,659
2019-07-05T14:30:00+09:00,J3,695,612,1307
2019-07-05T14:30:00+09:00,J4,682,623,1305
2019-07-05T14:30:00+09:00,J5,405,333,738
2019-07-05T14:45:00+09:00,J1,531,636,1167
2019-07-05T14:45:00+09:00,J2,337,257,594
2019-07-05T14:45:00+09:00,J3,692,605,1297
2019-07-05T14:45:00+09:00,J4,639,561,1200
2019-07-05T14:45:00+09:00,J5,344,324,668
2019-07-05T15:00:00+09:00,J1,625,707,1332
2019-07-05T15:00:00+09:00,J2,369,275,644
2019-07-05T15:00:00+09:00,J3,712,592,1304
2019-07-05T15:00:00+09:00,J4,613,630,1243
2019-07-05T15:00:00+09:00,J5,350,333,683
2019-07-05T15:15:00+09:00,J1,652,718,1370
2019-07-05T15:15:00+09:00,J2,438,297,735
2019-07-05T15:15:00+09:00,J3,818,675,1493
2019-07-05T15:15:00+09:00,J4,555,616,1171
2019-07-05T15:15:00+09:00,J5,373,333,706
2019-07-05T15:30:00+09:00,J1,597,779,1376
2019-07-05T15:30:00+09:00,J2,448,220,668
2019-07-05T15:30:00+09:00,J3,751,649,1400
2019-07-05T15:30:00+09:00,J4,583,568,1151
2019-07-05T15:30:00+09:00,J5,441,369,810
2019-07-05T15:45:00+09:00,J1,629,733,1362
2019-07-05T15:45:00+09:00,J2,438,302,740
2019-07-05T15:45:00+09:00,J3,786,655,1441
2019-07-05T15:45:00+09:00,J4,546,593,1139
2019-07-05T15:45:00+09:00,J5,337,321,658
2019-07-05T16:00:00+09:00,J1,656,796,1452
2019-07-05T16:00:00+09:00,J2,375,246,621
2019-07-05T16:00:00+09:00,J3,744,644,1388
2019-07-05T16:00:00+09:00,J4,535,507,1042
2019-07-05T16:00:00+09:00,J5,365,364,729
2019-07-05T16:15:00+09:00,J1,656,778,1434
2019-07-05T16:15:00+09:00,J2,440,251,691
2019-07-05T16:15:00+09:00,J3,735,665,1400
2019-07-05T16:15:00+09:00,J4,550,564,1114
2019-07-05T16:15:00+09:00,J5,349,321,670
2019-07-05T16:30:00+09:00,J1,634,807,1441
2019-07-05T16:30:00+09:00,J2,436,253,689
2019-07-05T16:30:00+09:00,J3,741,700,1441
2019-07-05T16:30:00+09:00,J4,489,509,998
2019-07-05T16:30:00+09:00,J5,327,289,616
2019-07-05T16:45:00+09:00,J1,587,723,1310
2019-07-05T16:45:00+09:00,J2,414,240,654
2019-07-05T16:45:00+09:00,J3,750,606,1356
2019-07-05T16:45:00+09:00,J4,467,515,982
2019-07-05T16:45:00+09:00,J5,318,270,588
2019-07-05T17:00:00+09:00,J1,645,876,1521
2019-07-05T17:00:00+09:00,J2,477,284,761
2019-07-05T17:00:00+09:00,J3,881,628,1509
2019-07-05T17:00:00+09:00,J4,684,559,1243
2019-07-05T17:00:00+09:00,J5,428,390,818
2019-07-05T17:15:00+09:00,J1,682,967,1649
2019-07-05T17:15:00+09:00,J2,511,264,775
2019-07-05T17:15:00+09:00,J3,862,670,1532
2019-07-05T17:15:00+09:00,J4,671,609,1280
2019-07-05T17:15:00+09:00,J5,419,426,845
2019-07-05T17:30:00+09:00,J1,779,999,1778
2019-07-05T17:30:00+09:00,J2,630,335,965
2019-07-05T17:30:00+09:00,J3,953,738,1691
2019-07-05T17:30:00+09:00,J4,797,675,1472
2019-07-05T17:30:00+09:00,J5,422,426,848
2019-07-05T17:45:00+09:00,J1,854,1042,1896
2019-07-05T17:45:00+09:00,J2,598,328,926
2019-07-05T17:45:00+09:00,J3,1013,766,1779
2019-07-05T17:45:00+09:00,J4,821,694,1515
2019-07-05T17:45:00+09:00,J5,375,406,781
2019-07-05T18:00:00+09:00,J1,834,1051,1885
2019-07-05T18:00:00+09:00,J2,584,279,863
2019-07-05T18:00:00+09:00,J3,1160,772,1932
2019-07-05T18:00:00+09:00,J4,937,747,1684
2019-07-05T18:00:00+09:00,J5,435,458,893
2019-07-05T18:15:00+09:00,J1,802,992,1794
2019-07-05T18:15:00+09:00,J2,668,416,1084
2019-07-05T18:15:00+09:00,J3,1070,768,1838
2019-07-05T18:15:00+09:00,J4,837,724,1561
2019-07-05T18:15:00+09:00,J5,389,434,823
2019-07-05T18:30:00+09:00,J1,778,889,1667
2019-07-05T18:30:00+09:00,J2,658,312,970
2019-07-05T18:30:00+09:00,J3,979,715,1694
2019-07-05T18:30:00+09:00,J4,892,733,1625
2019-07-05T18:30:00+09:00,J5,394,400,794
2019-07-05T18:45:00+09:00,J1,654,779,1433
2019-07-05T18:45:00+09:00,J2,480,323,803
2019-07-05T18:45:00+09:00,J3,918,584,1502
2019-07-05T18:45:00+09:00,J4,841,682,1523
2019-07-05T18:45:00+09:00,J5,348,295,643
2019-07-05T19:00:00+09:00,J1,614,738,1352
2019-07-05T19:00:00+09:00,J2,433,269,702
2019-07-05T19:00:00+09:00,J3,796,500,1296
2019-07-05T19:00:00+09:00,J4,742,634,1376
2019-07-05T19:00:00+09:00,J5,389,389,778
2019-07-05T19:15:00+09:00,J1,626,807,1433
2019-07-05T19:15:00+09:00,J2,496,258,754
2019-07-05T19:15:00+09:00,J3,836,504,1340
2019-07-05T19:15:00+09:00,J4,857,677,1534
2019-07-05T19:15:00+09:00,J5,364,368,732
2019-07-05T19:30:00+09:00,J1,664,738,1402
2019-07-05T19:30:00+09:00,J2,412,289,701
2019-07-05T19:30:00+09:00,J3,716,442,1158
2019-07-05T19:30:00+09:00,J4,806,666,1472
2019-07-05T19:30:00+09:00,J5,387,364,751
2019-07-05T19:45:00+09:00,J1,509,729,1238
2019-07-05T19:45:00+09:00,J2,384,310,694
2019-07-05T19:45:00+09:00,J3,632,432,1064
2019-07-05T19:45:00+09:00,J4,755,719,1474
2019-07-05T19:45:00+09:00,J5,361,397,758
2019-07-05T20:00:00+09:00,J1,536,651,1187
2019-07-05T20:00:00+09:00,J2,410,299,709
2019-07-05T20:00:00+09:00,J3,631,468,1099
2019-07-05T20:00:00+09:00,J4,794,696,1490
2019-07-05T20:00:00+09:00,J5,392,390,782
2019-07-05T20:15:00+09:00,J1,493,648,1141
2019-07-05T20:15:00+09:00,J2,391,336,727
2019-07-05T20:15:00+09:00,J3,640,454,1094
2019-07-05T20:15:00+09:00,J4,844,675,1519
2019-07-05T20:15:00+09:00,J5,365,352,717
2019-07-05T20:30:00+09:00,J1,517,634,1151
2019-07-05T20:30:00+09:00,J2,314,265,579
2019-07-05T20:30:00+09:00,J3,603,411,1014
2019-07-05T20:30:00+09:00,J4,792,634,1426
2019-07-05T20:30:00+09:00,J5,391,444,835
2019-07-05T20:45:00+09:00,J1,487,617,1104
2019-07-05T20:45:00+09:00,J2,312,248,560
2019-07-05T20:45:00+09:00,J3,507,467,974
2019-07-05T20:45:00+09:00,J4,724,647,1371
2019-07-05T20:45:00+09:00,J5,361,383,744
2019-07-05T21:00:00+09:00,J1,528,578,1106
2019-07-05T21:00:00+09:00,J2,297,296,593
2019-07-05T21:00:00+09:00,J3,536,453,989
2019-07-05T21:00:00+09:00,J4,748,618,1366
2019-07-05T21:00:00+09:00,J5,472,492,964
2019-07-05T21:15:00+09:00,J1,535,664,1199
2019-07-05T21:15:00+09:00,J2,276,267,543
2019-07-05T21:15:00+09:00,J3,506,412,918
2019-07-05T21:15:00+09:00,J4,785,653,1438
2019-07-05T21:15:00+09:00,J5,454,531,985
2019-07-05T21:30:00+09:00,J1,547,559,1106
2019-07-05T21:30:00+09:00,J2,240,254,494
2019-07-05T21:30:00+09:00,J3,426,417,843
2019-07-05T21:30:00+09:00,J4,741,656,1397
2019-07-05T21:30:00+09:00,J5,485,511,996
2019-07-05T21:45:00+09:00,J1,559,586,1145
2019-07-05T21:45:00+09:00,J2,218,197,415
2019-07-05T21:45:00+09:00,J3,417,382,799
2019-07-05T21:45:00+09:00,J4,698,637,1335
2019-07-05T21:45:00+09:00,J5,472,485,957
2019-07-05T22:00:00+09:00,J1,421,516,937
2019-07-05T22:00:00+09:00,J2,225,216,441
2019-07-05T22:00:00+09:00,J3,409,381,790
2019-07-05T22:00:00+09:00,J4,742,673,1415
2019-07-05T22:00:00+09:00,J5,450,498,948
2019-07-05T22:15:00+09:00,J1,507,527,1034
2019-07-05T22:15:00+09:00,J2,191,237,428
2019-07-05T22:15:00+09:00,J3,368,347,715
2019-07-05T22:15:00+09:00,J4,801,769,1570
2019-07-05T22:15:00+09:00,J5,410,504,914
2019-07-05T22:30:00+09:00,J1,478,526,1004
2019-07-05T22:30:00+09:00,J2,233,251,484
2019-07-05T22:30:00+09:00,J3,416,321,737
2019-07-05T22:30:00+09:00,J4,812,766,1578
2019-07-05T22:30:00+09:00,J5,417,498,915
2019-07-05T22:45:00+09:00,J1,521,562,1083
2019-07-05T22:45:00+09:00,J2,217,223,440
2019-07-05T22:45:00+09:00,J3,370,329,699
2019-07-05T22:45:00+09:00,J4,795,781,1576
2019-07-05T22:45:00+09:00,J5,336,466,802
2019-07-05T23:00:00+09:00,J1,450,533,983
2019-07-05T23:00:00+09:00,J2,241,225,466
2019-07-05T23:00:00+09:00,J3,389,356,745
2019-07-05T23:00:00+09:00,J4,700,658,1358
2019-07-05T23:00:00+09:00,J5,353,433,786
2019-07-05T23:15:00+09:00,J1,471,521,992
2019-07-05T23:15:00+09:00,J2,206,241,447
2019-07-05T23:15:00+09:00,J3,385,346,731
2019-07-05T23:15:00+09:00,J4,721,740,1461
2019-07-05T23:15:00+09:00,J5,282,430,712
2019-07-05T23:30:00+09:00,J1,470,488,958
2019-07-05T23:30:00+09:00,J2,244,274,518
2019-07-05T23:30:00+09:00,J3,386,338,724
2019-07-05T23:30:00+09:00,J4,637,524,1161
2019-07-05T23:30:00+09:00,J5,290,408,698
2019-07-05T23:45:00+09:00,J1,430,431,861
2019-07-05T23:45:00+09:00,J2,239,225,464
2019-07-05T23:45:00+09:00,J3,344,275,619
2019-07-05T23:45:00+09:00,J4,502,472,974
2019-07-05T23:45:00+09:00,J5,286,388,674
2019-07-06T00:00:00+09:00,J1,328,340,668
2019-07-06T00:00:00+09:00,J2,243,247,490
2019-07-06T00:00:00+09:00,J3,305,230,535
2019-07-06T00:00:00+09:00,J4,548,533,1081
2019-07-06T00:00:00+09:00,J5,259,381,640
2019-07-06T00:15:00+09:00,J1,254,238,492
2019-07-06T00:15:00+09:00,J2,234,233,467
2019-07-06T00:15:00+09:00,J3,433,397,830
2019-07-06T00:15:00+09:00,J4,249,267,516
2019-07-06T00:15:00+09:00,J5,219,226,445
2019-07-06T00:30:00+09:00,J1,170,225,395
2019-07-06T00:30:00+09:00,J2,283,303,586
2019-07-06T00:30:00+09:00,J3,504,400,904
2019-07-06T00:30:00+09:00,J4,228,231,459
2019-07-06T00:30:00+09:00,J5,169,200,369
2019-07-06T00:45:00+09:00,J1,143,206,349
2019-07-06T00:45:00+09:00,J2,342,358,700
2019-07-06T00:45:00+09:00,J3,491,399,890
2019-07-06T00:45:00+09:00,J4,212,239,451
2019-07-06T00:45:00+09:00,J5,186,170,356
2019-07-06T05:45:00+09:00,J1,188,243,431
2019-07-06T05:45:00+09:00,J2,266,166,432
2019-07-06T05:45:00+09:00,J3,479,445,924
2019-07-06T05:45:00+09:00,J4,452,516,968
2019-07-06T05:45:00+09:00,J5,166,132,298
2019-07-06T06:00:00+09:00,J1,171,289,460
2019-07-06T06:00:00+09:00,J2,252,161,413
2019-07-06T06:00:00+09:00,J3,574,546,1120
2019-07-06T06:00:00+09:00,J4,428,466,894
2019-07-06T06:00:00+09:00,J5,173,179,352
2019-07-06T06:15:00+09:00,J1,284,316,600
2019-07-06T06:15:00+09:00,J2,264,175,439
2019-07-06T06:15:00+09:00,J3,585,514,1099
2019-07-06T06:15:00+09:00,J4,613,640,1253
2019-07-06T06:15:00+09:00,J5,184,151,335
2019-07-06T06:30:00+09:00,J1,352,352,704
2019-07-06T06:30:00+09:00,J2,322,284,606
2019-07-06T06:30:00+09:00,J3,558,493,1051
2019-07-06T06:30:00+09:00,J4,491,557,1048
2019-07-06T06:30:00+09:00,J5,175,166,341
2019-07-06T06:45:00+09:00,J1,404,398,802
2019-07-06T06:45:00+09:00,J2,412,325,737
2019-07-06T06:45:00+09:00,J3,596,474,1070
2019-07-06T06:45:00+09:00,J4,565,644,1209
2019-07-06T06:45:00+09:00,J5,195,217,412
2019-07-06T07:00:00+09:00,J1,349,329,678
2019-07-06T07:00:00+09:00,J2,370,327,697
2019-07-06T07:00:00+09:00,J3,547,454,1001
2019-07-06T07:00:00+09:00,J4,590,618,1208
2019-07-06T07:00:00+09:00,J5,201,198,399
2019-07-06T07:15:00+09:00,J1,348,333,681
2019-07-06T07:15:00+09:00,J2,332,356,688
2019-07-06T07:15:00+09:00,J3,471,446,917
2019-07-06T07:15:00+09:00,J4,583,603,1186
2019-07-06T07:15:00+09:00,J5,220,198,418
2019-07-06T07:30:00+09:00,J1,326,367,693
2019-07-06T07:30:00+09:00,J2,364,410,774
2019-07-06T07:30:00+09:00,J3,375,430,805
2019-07-06T07:30:00+09:00,J4,498,628,1126
2019-07-06T07:30:00+09:00,J5,205,194,399
2019-07-06T07:45:00+09:00,J1,340,326,666
2019-07-06T07:45:00+09:00,J2,328,411,739
2019-07-06T07:45:00+09:00,J3,370,446,816
2019-07-06T07:45:00+09:00,J4,497,523,1020
2019-07-06T07:45:00+09:00,J5,225,205,430
2019-07-06T08:00:00+09:00,J1,527,562,1089
2019-07-06T08:00:00+09:00,J2,323,304,627
2019-07-06T08:00:00+09:00,J3,402,416,818
2019-07-06T08:00:00+09:00,J4,427,446,873
2019-07-06T08:00:00+09:00,J5,253,241,494
2019-07-06T08:15:00+09:00,J1,606,491,1097
2019-07-06T08:15:00+09:00,J2,330,250,580
2019-07-06T08:15:00+09:00,J3,454,402,856
2019-07-06T08:15:00+09:00,J4,384,396,780
2019-07-06T08:15:00+09:00,J5,294,245,539
2019-07-06T08:30:00+09:00,J1,546,489,1035
2019-07-06T08:30:00+09:00,J2,355,219,574
2019-07-06T08:30:00+09:00,J3,431,461,892
2019-07-06T08:30:00+09:00,J4,438,494,932
2019-07-06T08:30:00+09:00,J5,269,296,565
2019-07-06T08:45:00+09:00,J1,486,452,938
2019-07-06T08:45:00+09:00,J2,358,266,624
2019-07-06T08:45:00+09:00,J3,401,355,756
2019-07-06T08:45:00+09:00,J4,404,422,826
2019-07-06T08:45:00+09:00,J5,207,260,467
2019-07-06T09:00:00+09:00,J1,497,415,912
2019-07-06T09:00:00+09:00,J2,378,285,663
2019-07-06T09:00:00+09:00,J3,376,352,728
2019-07-06T09:00:00+09:00,J4,473,497,970
2019-07-06T09:00:00+09:00,J5,278,327,605
2019-07-06T09:15:00+09:00,J1,502,444,946
2019-07-06T09:15:00+09:00,J2,317,286,603
2019-07-06T09:15:00+09:00,J3,377,377,754
2019-07-06T09:15:00+09:00,J4,550,601,1151
2019-07-06T09:15:00+09:00,J5,311,383,694
2019-07-06T09:30:00+09:00,J1,451,403,854
2019-07-06T09:30:00+09:00,J2,293,238,531
2019-07-06T09:30:00+09:00,J3,386,411,797
2019-07-06T09:30:00+09:00,J4,603,638,1241
2019-07-06T09:30:00+09:00,J5,359,424,783
2019-07-06T09:45:00+09:00,J1,445,382,827
2019-07-06T09:45:00+09:00,J2,327,287,614
2019-07-06T09:45:00+09:00,J3,399,428,827
2019-07-06T09:45:00+09:00,J4,653,694,1347
2019-07-06T09:45:00+09:00,J5,371,454,825
2019-07-06T10:00:00+09:00,J1,464,381,845
2019-07-06T10:00:00+09:00,J2,308,225,533
2019-07-06T10:00:00+09:00,J3,442,416,858
2019-07-06T10:00:00+09:00,J4,728,694,1422
2019-07-06T10:00:00+09:00,J5,386,432,818
2019-07-06T10:15:00+09:00,J1,533,454,987
2019-07-06T10:15:00+09:00,J2,334,343,677
2019-07-06T10:15:00+09:00,J3,445,459,904
2019-07-06T10:15:00+09:00,J4,642,797,1439
2019-07-06T10:15:00+09:00,J5,398,415,813
2019-07-06T10:30:00+09:00,J1,556,505,1061
2019-07-06T10:30:00+09:00,J2,301,290,591
2019-07-06T10:30:00+09:00,J3,534,497,1031
2019-07-06T10:30:00+09:00,J4,663,696,1359
2019-07-06T10:30:00+09:00,J5,418,467,885
2019-07-06T10:45:00+09:00,J1,576,530,1106
2019-07-06T10:45:00+09:00,J2,322,348,670
2019-07-06T10:45:00+09:00,J3,659,482,1141
2019-07-06T10:45:00+09:00,J4,623,672,1295
2019-07-06T10:45:00+09:00,J5,315,273,588
2019-07-06T11:00:00+09:00,J1,678,708,1386
2019-07-06T11:00:00+09:00,J2,365,331,696
2019-07-06T11:00:00+09:00,J3,693,497,1190
2019-07-06T11:00:00+09:00,J4,632,699,1331
2019-07-06T11:00:00+09:00,J5,312,320,632
2019-07-06T11:15:00+09:00,J1,704,741,1445
2019-07-06T11:15:00+09:00,J2,453,306,759
2019-07-06T11:15:00+09:00,J3,781,579,1360
2019-07-06T11:15:00+09:00,J4,654,730,1384
2019-07-06T11:15:00+09:00,J5,300,276,576
2019-07-06T11:30:00+09:00,J1,707,780,1487
2019-07-06T11:30:00+09:00,J2,483,312,795
2019-07-06T11:30:00+09:00,J3,873,745,1618
2019-07-06T11:30:00+09:00,J4,669,699,1368
2019-07-06T11:30:00+09:00,J5,307,303,610
2019-07-06T11:45:00+09:00,J1,665,739,1404
2019-07-06T11:45:00+09:00,J2,492,290,782
2019-07-06T11:45:00+09:00,J3,806,787,1593
2019-07-06T11:45:00+09:00,J4,669,719,1388
2019-07-06T11:45:00+09:00,J5,325,299,624
2019-07-06T12:00:00+09:00,J1,687,763,1450
2019-07-06T12:00:00+09:00,J2,513,268,781
2019-07-06T12:00:00+09:00,J3,796,837,1633
2019-07-06T12:00:00+09:00,J4,557,619,1176
2019-07-06T12:00:00+09:00,J5,246,254,500
2019-07-06T12:15:00+09:00,J1,675,800,1475
2019-07-06T12:15:00+09:00,J2,510,281,791
2019-07-06T12:15:00+09:00,J3,829,886,1715
2019-07-06T12:15:00+09:00,J4,538,609,1147
2019-07-06T12:15:00+09:00,J5,283,258,541
2019-07-06T12:30:00+09:00,J1,692,756,1448
2019-07-06T12:30:00+09:00,J2,569,350,919
2019-07-06T12:30:00+09:00,J3,781,927,1708
2019-07-06T12:30:00+09:00,J4,568,634,1202
2019-07-06T12:30:00+09:00,J5,314,284,598
2019-07-06T12:45:00+09:00,J1,726,751,1477
2019-07-06T12:45:00+09:00,J2,523,347,870
2019-07-06T12:45:00+09:00,J3,774,888,1662
2019-07-06T12:45:00+09:00,J4,620,637,1257
2019-07-06T12:45:00+09:00,J5,327,317,644
2019-07-06T13:00:00+09:00,J1,736,832,1568
2019-07-06T13:00:00+09:00,J2,504,370,874
2019-07-06T13:00:00+09:00,J3,822,885,1707
2019-07-06T13:00:00+09:00,J4,557,633,1190
2019-07-06T13:00:00+09:00,J5,333,353,686
2019-07-06T13:15:00+09:00,J1,820,809,1629
2019-07-06T13:15:00+09:00,J2,493,425,918
2019-07-06T13:15:00+09:00,J3,813,858,1671
2019-07-06T13:15:00+09:00,J4,632,672,1304
2019-07-06T13:15:00+09:00,J5,400,379,779
2019-07-06T13:30:00+09:00,J1,750,847,1597
2019-07-06T13:30:00+09:00,J2,458,428,886
2019-07-06T13:30:00+09:00,J3,792,793,1585
2019-07-06T13:30:00+09:00,J4,588,589,1177
2019-07-06T13:30:00+09:00,J5,251,280,531
2019-07-06T13:45:00+09:00,J1,743,850,1593
2019-07-06T13:45:00+09:00,J2,447,426,873
2019-07-06T13:45:00+09:00,J3,836,798,1634
2019-07-06T13:45:00+09:00,J4,537,564,1101
2019-07-06T13:45:00+09:00,J5,391,398,789
2019-07-06T14:00:00+09:00,J1,734,816,1550
2019-07-06T14:00:00+09:00,J2,453,396,849
2019-07-06T14:00:00+09:00,J3,743,767,1510
2019-07-06T14:00:00+09:00,J4,510,567,1077
2019-07-06T14:00:00+09:00,J5,354,369,723
2019-07-06T14:15:00+09:00,J1,694,859,1553
2019-07-06T14:15:00+09:00,J2,445,418,863
2019-07-06T14:15:00+09:00,J3,756,709,1465
2019-07-06T14:15:00+09:00,J4,547,568,1115
2019-07-06T14:15:00+09:00,J5,299,333,632
2019-07-06T14:30:00+09:00,J1,820,866,1686
2019-07-06T14:30:00+09:00,J2,456,372,828
2019-07-06T14:30:00+09:00,J3,739,671,1410
2019-07-06T14:30:00+09:00,J4,561,532,1093
2019-07-06T14:30:00+09:00,J5,301,334,635
2019-07-06T14:45:00+09:00,J1,799,818,1617
2019-07-06T14:45:00+09:00,J2,452,411,863
2019-07-06T14:45:00+09:00,J3,788,708,1496
2019-07-06T14:45:00+09:00,J4,530,586,1116
2019-07-06T14:45:00+09:00,J5,347,335,682
2019-07-06T15:00:00+09:00,J1,758,843,1601
2019-07-06T15:00:00+09:00,J2,422,388,810
2019-07-06T15:00:00+09:00,J3,739,712,1451
2019-07-06T15:00:00+09:00,J4,533,573,1106
2019-07-06T15:00:00+09:00,J5,380,362,742
2019-07-06T15:15:00+09:00,J1,801,870,1671
2019-07-06T15:15:00+09:00,J2,435,390,825
2019-07-06T15:15:00+09:00,J3,769,740,1509
2019-07-06T15:15:00+09:00,J4,480,433,913
2019-07-06T15:15:00+09:00,J5,503,470,973
2019-07-06T15:30:00+09:00,J1,730,859,1589
2019-07-06T15:30:00+09:00,J2,469,367,836
2019-07-06T15:30:00+09:00,J3,845,644,1489
2019-07-06T15:30:00+09:00,J4,525,481,1006
2019-07-06T15:30:00+09:00,J5,399,393,792
2019-07-06T15:45:00+09:00,J1,745,868,1613
2019-07-06T15:45:00+09:00,J2,456,430,886
2019-07-06T15:45:00+09:00,J3,687,589,1276
2019-07-06T15:45:00+09:00,J4,507,474,981
2019-07-06T15:45:00+09:00,J5,326,377,703
2019-07-06T16:00:00+09:00,J1,726,780,1506
2019-07-06T16:00:00+09:00,J2,433,417,850
2019-07-06T16:00:00+09:00,J3,656,544,1200
2019-07-06T16:00:00+09:00,J4,517,556,1073
2019-07-06T16:00:00+09:00,J5,399,371,770
2019-07-06T16:15:00+09:00,J1,766,823,1589
2019-07-06T16:15:00+09:00,J2,443,375,818
2019-07-06T16:15:00+09:00,J3,652,581,1233
2019-07-06T16:15:00+09:00,J4,542,573,1115
2019-07-06T16:15:00+09:00,J5,355,326,681
2019-07-06T16:30:00+09:00,J1,728,807,1535
2019-07-06T16:30:00+09:00,J2,402,323,725
2019-07-06T16:30:00+09:00,J3,614,600,1214
2019-07-06T16:30:00+09:00,J4,525,499,1024
2019-07-06T16:30:00+09:00,J5,327,310,637
2019-07-06T16:45:00+09:00,J1,768,772,1540
2019-07-06T16:45:00+09:00,J2,376,358,734
2019-07-06T16:45:00+09:00,J3,602,560,1162
2019-07-06T16:45:00+09:00,J4,506,490,996
2019-07-06T16:45:00+09:00,J5,358,308,666
2019-07-06T17:00:00+09:00,J1,760,888,1648
2019-07-06T17:00:00+09:00,J2,409,337,746
2019-07-06T17:00:00+09:00,J3,589,556,1145
2019-07-06T17:00:00+09:00,J4,477,467,944
2019-07-06T17:00:00+09:00,J5,335,391,726
2019-07-06T17:15:00+09:00,J1,686,761,1447
2019-07-06T17:15:00+09:00,J2,369,311,680
2019-07-06T17:15:00+09:00,J3,655,539,1194
2019-07-06T17:15:00+09:00,J4,505,447,952
2019-07-06T17:15:00+09:00,J5,370,343,713
2019-07-06T17:30:00+09:00,J1,748,843,1591
2019-07-06T17:30:00+09:00,J2,435,357,792
2019-07-06T17:30:00+09:00,J3,672,630,1302
2019-07-06T17:30:00+09:00,J4,541,452,993
2019-07-06T17:30:00+09:00,J5,315,363,678
2019-07-06T17:45:00+09:00,J1,770,845,1615
2019-07-06T17:45:00+09:00,J2,477,398,875
2019-07-06T17:45:00+09:00,J3,674,596,1270
2019-07-06T17:45:00+09:00,J4,479,434,913
2019-07-06T17:45:00+09:00,J5,344,355,699
2019-07-06T18:00:00+09:00,J1,720,822,1542
2019-07-06T18:00:00+09:00,J2,452,417,869
2019-07-06T18:00:00+09:00,J3,718,706,1424
2019-07-06T18:00:00+09:00,J4,472,445,917
2019-07-06T18:00:00+09:00,J5,358,340,698
2019-07-06T18:15:00+09:00,J1,803,845,1648
2019-07-06T18:15:00+09:00,J2,483,363,846
2019-07-06T18:15:00+09:00,J3,822,693,1515
2019-07-06T18:15:00+09:00,J4,511,469,980
2019-07-06T18:15:00+09:00,J5,391,430,821
2019-07-06T18:30:00+09:00,J1,637,604,1241
2019-07-06T18:30:00+09:00,J2,466,348,814
2019-07-06T18:30:00+09:00,J3,781,621,1402
2019-07-06T18:30:00+09:00,J4,533,510,1043
2019-07-06T18:30:00+09:00,J5,389,369,758
2019-07-06T18:45:00+09:00,J1,610,634,1244
2019-07-06T18:45:00+09:00,J2,474,370,844
2019-07-06T18:45:00+09:00,J3,741,701,1442
2019-07-06T18:45:00+09:00,J4,507,447,954
2019-07-06T18:45:00+09:00,J5,300,300,600
2019-07-06T19:00:00+09:00,J1,505,557,1062
2019-07-06T19:00:00+09:00,J2,388,269,657
2019-07-06T19:00:00+09:00,J3,789,681,1470
2019-07-06T19:00:00+09:00,J4,562,431,993
2019-07-06T19:00:00+09:00,J5,412,396,808
2019-07-06T19:15:00+09:00,J1,421,579,1000
2019-07-06T19:15:00+09:00,J2,437,333,770
2019-07-06T19:15:00+09:00,J3,760,600,1360
2019-07-06T19:15:00+09:00,J4,569,469,1038
2019-07-06T19:15:00+09:00,J5,377,339,716
2019-07-06T19:30:00+09:00,J1,452,594,1046
2019-07-06T19:30:00+09:00,J2,414,259,673
2019-07-06T19:30:00+09:00,J3,752,644,1396
2019-07-06T19:30:00+09:00,J4,608,599,1207
2019-07-06T19:30:00+09:00,J5,447,408,855
2019-07-06T19:45:00+09:00,J1,434,493,927
2019-07-06T19:45:00+09:00,J2,350,209,559
2019-07-06T19:45:00+09:00,J3,621,645,1266
2019-07-06T19:45:00+09:00,J4,582,583,1165
2019-07-06T19:45:00+09:00,J5,337,279,616
2019-07-06T20:00:00+09:00,J1,489,574,1063
2019-07-06T20:00:00+09:00,J2,353,224,577
2019-07-06T20:00:00+09:00,J3,677,583,1260
2019-07-06T20:00:00+09:00,J4,638,574,1212
2019-07-06T20:00:00+09:00,J5,310,243,553
2019-07-06T20:15:00+09:00,J1,486,509,995
2019-07-06T20:15:00+09:00,J2,368,196,564
2019-07-06T20:15:00+09:00,J3,701,558,1259
2019-07-06T20:15:00+09:00,J4,610,550,1160
2019-07-06T20:15:00+09:00,J5,276,231,507
2019-07-06T20:30:00+09:00,J1,437,503,940
2019-07-06T20:30:00+09:00,J2,328,165,493
2019-07-06T20:30:00+09:00,J3,669,500,1169
2019-07-06T20:30:00+09:00,J4,700,639,1339
2019-07-06T20:30:00+09:00,J5,280,226,506
2019-07-06T20:45:00+09:00,J1,418,452,870
2019-07-06T20:45:00+09:00,J2,316,176,492
2019-07-06T20:45:00+09:00,J3,616,468,1084
2019-07-06T20:45:00+09:00,J4,682,644,1326
2019-07-06T20:45:00+09:00,J5,275,251,526
2019-07-06T21:00:00+09:00,J1,419,549,968
2019-07-06T21:00:00+09:00,J2,337,197,534
2019-07-06T21:00:00+09:00,J3,659,397,1056
2019-07-06T21:00:00+09:00,J4,643,561,1204
2019-07-06T21:00:00+09:00,J5,332,290,622
2019-07-06T21:15:00+09:00,J1,444,482,926
2019-07-06T21:15:00+09:00,J2,289,224,513
2019-07-06T21:15:00+09:00,J3,608,451,1059
2019-07-06T21:15:00+09:00,J4,695,644,1339
2019-07-06T21:15:00+09:00,J5,401,376,777
2019-07-06T21:30:00+09:00,J1,432,488,920
2019-07-06T21:30:00+09:00,J2,294,221,515
2019-07-06T21:30:00+09:00,J3,590,369,959
2019-07-06T21:30:00+09:00,J4,649,610,1259
2019-07-06T21:30:00+09:00,J5,383,350,733
2019-07-06T21:45:00+09:00,J1,399,414,813
2019-07-06T21:45:00+09:00,J2,268,247,515
2019-07-06T21:45:00+09:00,J3,513,422,935
2019-07-06T21:45:00+09:00,J4,718,706,1424
2019-07-06T21:45:00+09:00,J5,356,300,656
2019-07-06T22:00:00+09:00,J1,407,449,856
2019-07-06T22:00:00+09:00,J2,238,254,492
2019-07-06T22:00:00+09:00,J3,512,387,899
2019-07-06T22:00:00+09:00,J4,738,665,1403
2019-07-06T22:00:00+09:00,J5,369,339,708
2019-07-06T22:15:00+09:00,J1,398,447,845
2019-07-06T22:15:00+09:00,J2,205,253,458
2019-07-06T22:15:00+09:00,J3,460,367,827
2019-07-06T22:15:00+09:00,J4,674,673,1347
2019-07-06T22:15:00+09:00,J5,396,381,777
2019-07-06T22:30:00+09:00,J1,357,432,789
2019-07-06T22:30:00+09:00,J2,210,217,427
2019-07-06T22:30:00+09:00,J3,467,378,845
2019-07-06T22:30:00+09:00,J4,707,730,1437
2019-07-06T22:30:00+09:00,J5,463,476,939
2019-07-06T22:45:00+09:00,J1,396,443,839
2019-07-06T22:45:00+09:00,J2,229,236,465
2019-07-06T22:45:00+09:00,J3,371,373,744
2019-07-06T22:45:00+09:00,J4,741,723,1464
2019-07-06T22:45:00+09:00,J5,354,334,688
2019-07-06T23:00:00+09:00,J1,344,415,759
2019-07-06T23:00:00+09:00,J2,253,272,525
2019-07-06T23:00:00+09:00,J3,412,379,791
2019-07-06T23:00:00+09:00,J4,731,704,1435
2019-07-06T23:00:00+09:00,J5,208,210,418
2019-07-06T23:15:00+09:00,J1,377,498,875
2019-07-06T23:15:00+09:00,J2,246,297,543
2019-07-06T23:15:00+09:00,J3,388,420,808
2019-07-06T23:15:00+09:00,J4,716,728,1444
2019-07-06T23:15:00+09:00,J5,184,188,372
2019-07-06T23:30:00+09:00,J1,360,409,769
2019-07-06T23:30:00+09:00,J2,254,272,526
2019-07-06T23:30:00+09:00,J3,403,361,764
2019-07-06T23:30:00+09:00,J4,659,641,1300
2019-07-06T23:30:00+09:00,J5,196,212,408
2019-07-06T23:45:00+09:00,J1,294,346,640
2019-07-06T23:45:00+09:00,J2,157,212,369
2019-07-06T23:45:00+09:00,J3,318,298,616
2019-07-06T23:45:00+09:00,J4,647,579,1226
2019-07-06T23:45:00+09:00,J5,258,245,503
2019-07-07T00:00:00+09:00,J1,248,283,531
2019-07-07T00:00:00+09:00,J2,166,202,368
2019-07-07T00:00:00+09:00,J3,289,227,516
2019-07-07T00:00:00+09:00,J4,502,444,946
2019-07-07T00:00:00+09:00,J5,330,291,621
2019-07-07T00:15:00+09:00,J1,182,160,342
2019-07-07T00:15:00+09:00,J2,194,176,370
2019-07-07T00:15:00+09:00,J3,322,271,593
2019-07-07T00:15:00+09:00,J4,257,224,481
2019-07-07T00:15:00+09:00,J5,288,323,611
2019-07-07T00:30:00+09:00,J1,140,165,305
2019-07-07T00:30:00+09:00,J2,217,187,404
2019-07-07T00:30:00+09:00,J3,354,319,673
2019-07-07T00:30:00+09:00,J4,252,191,443
2019-07-07T00:30:00+09:00,J5,220,208,428
2019-07-07T00:45:00+09:00,J1,162,161,323
2019-07-07T00:45:00+09:00,J2,236,208,444
2019-07-07T00:45:00+09:00,J3,363,368,731
2019-07-07T00:45:00+09:00,J4,209,171,380
2019-07-07T00:45:00+09:00,J5,165,172,337
2019-07-07T05:45:00+09:00,J1,219,242,461
2019-07-07T05:45:00+09:00,J2,264,214,478
2019-07-07T05:45:00+09:00,J3,456,428,884
2019-07-07T05:45:00+09:00,J4,335,313,648
2019-07-07T05:45:00+09:00,J5,182,146,328
2019-07-07T06:00:00+09:00,J1,168,178,346
2019-07-07T06:00:00+09:00,J2,322,248,570
2019-07-07T06:00:00+09:00,J3,525,474,999
2019-07-07T06:00:00+09:00,J4,352,274,626
2019-07-07T06:00:00+09:00,J5,219,187,406
2019-07-07T06:15:00+09:00,J1,178,187,365
2019-07-07T06:15:00+09:00,J2,392,254,646
2019-07-07T06:15:00+09:00,J3,378,371,749
2019-07-07T06:15:00+09:00,J4,415,331,746
2019-07-07T06:15:00+09:00,J5,264,273,537
2019-07-07T06:30:00+09:00,J1,161,196,357
2019-07-07T06:30:00+09:00,J2,383,268,651
2019-07-07T06:30:00+09:00,J3,452,435,887
2019-07-07T06:30:00+09:00,J4,353,279,632
2019-07-07T06:30:00+09:00,J5,267,261,528
2019-07-07T06:45:00+09:00,J1,209,190,399
2019-07-07T06:45:00+09:00,J2,502,304,806
2019-07-07T06:45:00+09:00,J3,409,400,809
2019-07-07T06:45:00+09:00,J4,358,335,693
2019-07-07T06:45:00+09:00,J5,254,232,486
2019-07-07T07:00:00+09:00,J1,228,287,515
2019-07-07T07:00:00+09:00,J2,464,528,992
2019-07-07T07:00:00+09:00,J3,433,462,895
2019-07-07T07:00:00+09:00,J4,374,418,792
2019-07-07T07:00:00+09:00,J5,270,253,523
2019-07-07T07:15:00+09:00,J1,230,284,514
2019-07-07T07:15:00+09:00,J2,447,457,904
2019-07-07T07:15:00+09:00,J3,511,484,995
2019-07-07T07:15:00+09:00,J4,432,418,850
2019-07-07T07:15:00+09:00,J5,266,277,543
2019-07-07T07:30:00+09:00,J1,241,240,481
2019-07-07T07:30:00+09:00,J2,478,426,904
2019-07-07T07:30:00+09:00,J3,392,406,798
2019-07-07T07:30:00+09:00,J4,377,384,761
2019-07-07T07:30:00+09:00,J5,298,350,648
2019-07-07T07:45:00+09:00,J1,231,287,518
2019-07-07T07:45:00+09:00,J2,430,407,837
2019-07-07T07:45:00+09:00,J3,336,268,604
2019-07-07T07:45:00+09:00,J4,488,418,906
2019-07-07T07:45:00+09:00,J5,288,300,588
2019-07-07T08:00:00+09:00,J1,280,310,590
2019-07-07T08:00:00+09:00,J2,407,358,765
2019-07-07T08:00:00+09:00,J3,408,362,770
2019-07-07T08:00:00+09:00,J4,369,441,810
2019-07-07T08:00:00+09:00,J5,327,367,694
2019-07-07T08:15:00+09:00,J1,376,360,736
2019-07-07T08:15:00+09:00,J2,468,400,868
2019-07-07T08:15:00+09:00,J3,363,328,691
2019-07-07T08:15:00+09:00,J4,362,464,826
2019-07-07T08:15:00+09:00,J5,314,375,689
2019-07-07T08:30:00+09:00,J1,385,347,732
2019-07-07T08:30:00+09:00,J2,432,378,810
2019-07-07T08:30:00+09:00,J3,367,365,732
2019-07-07T08:30:00+09:00,J4,445,477,922
2019-07-07T08:30:00+09:00,J5,317,374,691
2019-07-07T08:45:00+09:00,J1,378,313,691
2019-07-07T08:45:00+09:00,J2,396,386,782
2019-07-07T08:45:00+09:00,J3,350,352,702
2019-07-07T08:45:00+09:00,J4,473,484,957
2019-07-07T08:45:00+09:00,J5,294,326,620
2019-07-07T09:00:00+09:00,J1,378,307,685
2019-07-07T09:00:00+09:00,J2,357,289,646
2019-07-07T09:00:00+09:00,J3,334,325,659
2019-07-07T09:00:00+09:00,J4,566,570,1136
2019-07-07T09:00:00+09:00,J5,357,412,769
2019-07-07T09:15:00+09:00,J1,391,302,693
2019-07-07T09:15:00+09:00,J2,337,287,624
2019-07-07T09:15:00+09:00,J3,292,348,640
2019-07-07T09:15:00+09:00,J4,674,709,1383
2019-07-07T09:15:00+09:00,J5,351,454,805
2019-07-07T09:30:00+09:00,J1,410,347,757
2019-07-07T09:30:00+09:00,J2,383,283,666
2019-07-07T09:30:00+09:00,J3,369,379,748
2019-07-07T09:30:00+09:00,J4,629,688,1317
2019-07-07T09:30:00+09:00,J5,410,477,887
2019-07-07T09:45:00+09:00,J1,444,402,846
2019-07-07T09:45:00+09:00,J2,326,294,620
2019-07-07T09:45:00+09:00,J3,431,450,881
2019-07-07T09:45:00+09:00,J4,582,686,1268
2019-07-07T09:45:00+09:00,J5,437,489,926
2019-07-07T10:00:00+09:00,J1,437,485,922
2019-07-07T10:00:00+09:00,J2,301,269,570
2019-07-07T10:00:00+09:00,J3,467,449,916
2019-07-07T10:00:00+09:00,J4,610,727,1337
2019-07-07T10:00:00+09:00,J5,411,391,802
2019-07-07T10:15:00+09:00,J1,538,508,1046
2019-07-07T10:15:00+09:00,J2,299,396,695
2019-07-07T10:15:00+09:00,J3,497,476,973
2019-07-07T10:15:00+09:00,J4,603,678,1281
2019-07-07T10:15:00+09:00,J5,352,318,670
2019-07-07T10:30:00+09:00,J1,590,528,1118
2019-07-07T10:30:00+09:00,J2,294,390,684
2019-07-07T10:30:00+09:00,J3,616,525,1141
2019-07-07T10:30:00+09:00,J4,557,624,1181
2019-07-07T10:30:00+09:00,J5,359,355,714
2019-07-07T10:45:00+09:00,J1,514,544,1058
2019-07-07T10:45:00+09:00,J2,394,451,845
2019-07-07T10:45:00+09:00,J3,633,474,1107
2019-07-07T10:45:00+09:00,J4,600,634,1234
2019-07-07T10:45:00+09:00,J5,486,454,940
2019-07-07T11:00:00+09:00,J1,576,625,1201
2019-07-07T11:00:00+09:00,J2,439,445,884
2019-07-07T11:00:00+09:00,J3,647,476,1123
2019-07-07T11:00:00+09:00,J4,603,660,1263
2019-07-07T11:00:00+09:00,J5,411,412,823
2019-07-07T11:15:00+09:00,J1,602,650,1252
2019-07-07T11:15:00+09:00,J2,483,389,872
2019-07-07T11:15:00+09:00,J3,760,549,1309
2019-07-07T11:15:00+09:00,J4,575,654,1229
2019-07-07T11:15:00+09:00,J5,471,370,841
2019-07-07T11:30:00+09:00,J1,610,671,1281
2019-07-07T11:30:00+09:00,J2,492,376,868
2019-07-07T11:30:00+09:00,J3,777,652,1429
2019-07-07T11:30:00+09:00,J4,647,654,1301
2019-07-07T11:30:00+09:00,J5,336,240,576
2019-07-07T11:45:00+09:00,J1,621,607,1228
2019-07-07T11:45:00+09:00,J2,486,373,859
2019-07-07T11:45:00+09:00,J3,788,656,1444
2019-07-07T11:45:00+09:00,J4,619,670,1289
2019-07-07T11:45:00+09:00,J5,344,314,658
2019-07-07T12:00:00+09:00,J1,587,656,1243
2019-07-07T12:00:00+09:00,J2,545,349,894
2019-07-07T12:00:00+09:00,J3,761,696,1457
2019-07-07T12:00:00+09:00,J4,645,645,1290
2019-07-07T12:00:00+09:00,J5,371,327,698
2019-07-07T12:15:00+09:00,J1,559,665,1224
2019-07-07T12:15:00+09:00,J2,622,337,959
2019-07-07T12:15:00+09:00,J3,870,751,1621
2019-07-07T12:15:00+09:00,J4,575,571,1146
2019-07-07T12:15:00+09:00,J5,387,342,729
2019-07-07T12:30:00+09:00,J1,557,630,1187
2019-07-07T12:30:00+09:00,J2,630,331,961
2019-07-07T12:30:00+09:00,J3,783,798,1581
2019-07-07T12:30:00+09:00,J4,550,596,1146
2019-07-07T12:30:00+09:00,J5,306,227,533
2019-07-07T12:45:00+09:00,J1,584,671,1255
2019-07-07T12:45:00+09:00,J2,572,406,978
2019-07-07T12:45:00+09:00,J3,807,846,1653
2019-07-07T12:45:00+09:00,J4,611,645,1256
2019-07-07T12:45:00+09:00,J5,330,306,636
2019-07-07T13:00:00+09:00,J1,690,697,1387
2019-07-07T13:00:00+09:00,J2,619,395,1014
2019-07-07T13:00:00+09:00,J3,818,864,1682
2019-07-07T13:00:00+09:00,J4,600,692,1292
2019-07-07T13:00:00+09:00,J5,349,367,716
2019-07-07T13:15:00+09:00,J1,606,755,1361
2019-07-07T13:15:00+09:00,J2,569,393,962
2019-07-07T13:15:00+09:00,J3,787,905,1692
2019-07-07T13:15:00+09:00,J4,615,596,1211
2019-07-07T13:15:00+09:00,J5,438,373,811
2019-07-07T13:30:00+09:00,J1,664,669,1333
2019-07-07T13:30:00+09:00,J2,574,403,977
2019-07-07T13:30:00+09:00,J3,781,790,1571
2019-07-07T13:30:00+09:00,J4,529,540,1069
2019-07-07T13:30:00+09:00,J5,295,301,596
2019-07-07T13:45:00+09:00,J1,722,725,1447
2019-07-07T13:45:00+09:00,J2,623,423,1046
2019-07-07T13:45:00+09:00,J3,765,845,1610
2019-07-07T13:45:00+09:00,J4,455,577,1032
2019-07-07T13:45:00+09:00,J5,335,329,664
2019-07-07T14:00:00+09:00,J1,720,736,1456
2019-07-07T14:00:00+09:00,J2,647,496,1143
2019-07-07T14:00:00+09:00,J3,787,858,1645
2019-07-07T14:00:00+09:00,J4,549,585,1134
2019-07-07T14:00:00+09:00,J5,296,286,582
2019-07-07T14:15:00+09:00,J1,689,760,1449
2019-07-07T14:15:00+09:00,J2,613,425,1038
2019-07-07T14:15:00+09:00,J3,787,859,1646
2019-07-07T14:15:00+09:00,J4,544,544,1088
2019-07-07T14:15:00+09:00,J5,325,332,657
2019-07-07T14:30:00+09:00,J1,719,686,1405
2019-07-07T14:30:00+09:00,J2,536,452,988
2019-07-07T14:30:00+09:00,J3,787,810,1597
2019-07-07T14:30:00+09:00,J4,521,560,1081
2019-07-07T14:30:00+09:00,J5,356,366,722
2019-07-07T14:45:00+09:00,J1,723,769,1492
2019-07-07T14:45:00+09:00,J2,688,510,1198
2019-07-07T14:45:00+09:00,J3,701,790,1491
2019-07-07T14:45:00+09:00,J4,520,616,1136
2019-07-07T14:45:00+09:00,J5,300,321,621
2019-07-07T15:00:00+09:00,J1,679,740,1419
2019-07-07T15:00:00+09:00,J2,604,571,1175
2019-07-07T15:00:00+09:00,J3,718,792,1510
2019-07-07T15:00:00+09:00,J4,462,613,1075
2019-07-07T15:00:00+09:00,J5,300,323,623
2019-07-07T15:15:00+09:00,J1,712,765,1477
2019-07-07T15:15:00+09:00,J2,629,562,1191
2019-07-07T15:15:00+09:00,J3,787,815,1602
2019-07-07T15:15:00+09:00,J4,563,628,1191
2019-07-07T15:15:00+09:00,J5,328,380,708
2019-07-07T15:30:00+09:00,J1,713,710,1423
2019-07-07T15:30:00+09:00,J2,613,537,1150
2019-07-07T15:30:00+09:00,J3,766,763,1529
2019-07-07T15:30:00+09:00,J4,510,562,1072
2019-07-07T15:30:00+09:00,J5,334,343,677
2019-07-07T15:45:00+09:00,J1,688,773,1461
2019-07-07T15:45:00+09:00,J2,604,542,1146
2019-07-07T15:45:00+09:00,J3,761,780,1541
2019-07-07T15:45:00+09:00,J4,536,597,1133
2019-07-07T15:45:00+09:00,J5,308,308,616
2019-07-07T16:00:00+09:00,J1,696,779,1475
2019-07-07T16:00:00+09:00,J2,596,538,1134
2019-07-07T16:00:00+09:00,J3,790,804,1594
2019-07-07T16:00:00+09:00,J4,501,575,1076
2019-07-07T16:00:00+09:00,J5,393,381,774
2019-07-07T16:15:00+09:00,J1,703,750,1453
2019-07-07T16:15:00+09:00,J2,645,525,1170
2019-07-07T16:15:00+09:00,J3,770,727,1497
2019-07-07T16:15:00+09:00,J4,500,526,1026
2019-07-07T16:15:00+09:00,J5,313,296,609
2019-07-07T16:30:00+09:00,J1,636,702,1338
2019-07-07T16:30:00+09:00,J2,696,572,1268
2019-07-07T16:30:00+09:00,J3,736,715,1451
2019-07-07T16:30:00+09:00,J4,516,591,1107
2019-07-07T16:30:00+09:00,J5,355,357,712
2019-07-07T16:45:00+09:00,J1,651,699,1350
2019-07-07T16:45:00+09:00,J2,618,520,1138
2019-07-07T16:45:00+09:00,J3,775,696,1471
2019-07-07T16:45:00+09:00,J4,531,541,1072
2019-07-07T16:45:00+09:00,J5,322,325,647
2019-07-07T17:00:00+09:00,J1,726,814,1540
2019-07-07T17:00:00+09:00,J2,602,455,1057
2019-07-07T17:00:00+09:00,J3,783,742,1525
2019-07-07T17:00:00+09:00,J4,491,507,998
2019-07-07T17:00:00+09:00,J5,353,322,675
2019-07-07T17:15:00+09:00,J1,676,740,1416
2019-07-07T17:15:00+09:00,J2,533,484,1017
2019-07-07T17:15:00+09:00,J3,799,706,1505
2019-07-07T17:15:00+09:00,J4,487,452,939
2019-07-07T17:15:00+09:00,J5,330,372,702
2019-07-07T17:30:00+09:00,J1,710,724,1434
2019-07-07T17:30:00+09:00,J2,555,539,1094
2019-07-07T17:30:00+09:00,J3,791,734,1525
2019-07-07T17:30:00+09:00,J4,556,548,1104
2019-07-07T17:30:00+09:00,J5,299,309,608
2019-07-07T17:45:00+09:00,J1,640,693,1333
2019-07-07T17:45:00+09:00,J2,562,466,1028
2019-07-07T17:45:00+09:00,J3,743,735,1478
2019-07-07T17:45:00+09:00,J4,497,524,1021
2019-07-07T17:45:00+09:00,J5,260,264,524
2019-07-07T18:00:00+09:00,J1,664,754,1418
2019-07-07T18:00:00+09:00,J2,498,404,902
2019-07-07T18:00:00+09:00,J3,848,733,1581
2019-07-07T18:00:00+09:00,J4,576,607,1183
2019-07-07T18:00:00+09:00,J5,329,269,598
2019-07-07T18:15:00+09:00,J1,649,718,1367
2019-07-07T18:15:00+09:00,J2,526,393,919
2019-07-07T18:15:00+09:00,J3,777,587,1364
2019-07-07T18:15:00+09:00,J4,687,683,1370
2019-07-07T18:15:00+09:00,J5,335,275,610
2019-07-07T18:30:00+09:00,J1,545,656,1201
2019-07-07T18:30:00+09:00,J2,552,362,914
2019-07-07T18:30:00+09:00,J3,755,624,1379
2019-07-07T18:30:00+09:00,J4,717,660,1377
2019-07-07T18:30:00+09:00,J5,319,272,591
2019-07-07T18:45:00+09:00,J1,493,592,1085
2019-07-07T18:45:00+09:00,J2,461,373,834
2019-07-07T18:45:00+09:00,J3,656,571,1227
2019-07-07T18:45:00+09:00,J4,633,698,1331
2019-07-07T18:45:00+09:00,J5,299,230,529
2019-07-07T19:00:00+09:00,J1,404,523,927
2019-07-07T19:00:00+09:00,J2,403,371,774
2019-07-07T19:00:00+09:00,J3,700,555,1255
2019-07-07T19:00:00+09:00,J4,589,606,1195
2019-07-07T19:00:00+09:00,J5,404,352,756
2019-07-07T19:15:00+09:00,J1,383,534,917
2019-07-07T19:15:00+09:00,J2,415,341,756
2019-07-07T19:15:00+09:00,J3,655,545,1200
2019-07-07T19:15:00+09:00,J4,647,616,1263
2019-07-07T19:15:00+09:00,J5,459,382,841
2019-07-07T19:30:00+09:00,J1,451,540,991
2019-07-07T19:30:00+09:00,J2,351,285,636
2019-07-07T19:30:00+09:00,J3,661,521,1182
2019-07-07T19:30:00+09:00,J4,702,625,1327
2019-07-07T19:30:00+09:00,J5,391,332,723
2019-07-07T19:45:00+09:00,J1,388,515,903
2019-07-07T19:45:00+09:00,J2,351,314,665
2019-07-07T19:45:00+09:00,J3,595,515,1110
2019-07-07T19:45:00+09:00,J4,639,596,1235
2019-07-07T19:45:00+09:00,J5,417,361,778
2019-07-07T20:00:00+09:00,J1,439,528,967
2019-07-07T20:00:00+09:00,J2,343,320,663
2019-07-07T20:00:00+09:00,J3,568,414,982
2019-07-07T20:00:00+09:00,J4,693,646,1339
2019-07-07T20:00:00+09:00,J5,355,266,621
2019-07-07T20:15:00+09:00,J1,403,582,985
2019-07-07T20:15:00+09:00,J2,341,323,664
2019-07-07T20:15:00+09:00,J3,583,456,1039
2019-07-07T20:15:00+09:00,J4,686,683,1369
2019-07-07T20:15:00+09:00,J5,367,336,703
2019-07-07T20:30:00+09:00,J1,418,497,915
2019-07-07T20:30:00+09:00,J2,335,292,627
2019-07-07T20:30:00+09:00,J3,512,450,962
2019-07-07T20:30:00+09:00,J4,674,587,1261
2019-07-07T20:30:00+09:00,J5,448,375,823
2019-07-07T20:45:00+09:00,J1,414,472,886
2019-07-07T20:45:00+09:00,J2,302,303,605
2019-07-07T20:45:00+09:00,J3,495,393,888
2019-07-07T20:45:00+09:00,J4,636,575,1211
2019-07-07T20:45:00+09:00,J5,451,410,861
2019-07-07T21:00:00+09:00,J1,378,441,819
2019-07-07T21:00:00+09:00,J2,319,329,648
2019-07-07T21:00:00+09:00,J3,463,331,794
2019-07-07T21:00:00+09:00,J4,619,555,1174
2019-07-07T21:00:00+09:00,J5,385,390,775
2019-07-07T21:15:00+09:00,J1,384,438,822
2019-07-07T21:15:00+09:00,J2,286,308,594
2019-07-07T21:15:00+09:00,J3,463,394,857
2019-07-07T21:15:00+09:00,J4,648,594,1242
2019-07-07T21:15:00+09:00,J5,464,485,949
2019-07-07T21:30:00+09:00,J1,306,369,675
2019-07-07T21:30:00+09:00,J2,201,246,447
2019-07-07T21:30:00+09:00,J3,369,335,704
2019-07-07T21:30:00+09:00,J4,723,622,1345
2019-07-07T21:30:00+09:00,J5,493,486,979
2019-07-07T21:45:00+09:00,J1,306,348,654
2019-07-07T21:45:00+09:00,J2,212,332,544
2019-07-07T21:45:00+09:00,J3,387,380,767
2019-07-07T21:45:00+09:00,J4,643,610,1253
2019-07-07T21:45:00+09:00,J5,441,477,918
2019-07-07T22:00:00+09:00,J1,326,352,678
2019-07-07T22:00:00+09:00,J2,225,304,529
2019-07-07T22:00:00+09:00,J3,335,321,656
2019-07-07T22:00:00+09:00,J4,686,618,1304
2019-07-07T22:00:00+09:00,J5,406,419,825
2019-07-07T22:15:00+09:00,J1,323,376,699
2019-07-07T22:15:00+09:00,J2,235,253,488
2019-07-07T22:15:00+09:00,J3,363,361,724
2019-07-07T22:15:00+09:00,J4,595,561,1156
2019-07-07T22:15:00+09:00,J5,404,510,914
2019-07-07T22:30:00+09:00,J1,277,368,645
2019-07-07T22:30:00+09:00,J2,195,242,437
2019-07-07T22:30:00+09:00,J3,305,357,662
2019-07-07T22:30:00+09:00,J4,652,621,1273
2019-07-07T22:30:00+09:00,J5,437,452,889
2019-07-07T22:45:00+09:00,J1,312,401,713
2019-07-07T22:45:00+09:00,J2,198,245,443
2019-07-07T22:45:00+09:00,J3,337,299,636
2019-07-07T22:45:00+09:00,J4,597,640,1237
2019-07-07T22:45:00+09:00,J5,360,369,729
2019-07-07T23:00:00+09:00,J1,313,400,713
2019-07-07T23:00:00+09:00,J2,200,224,424
2019-07-07T23:00:00+09:00,J3,239,228,467
2019-07-07T23:00:00+09:00,J4,607,574,1181
2019-07-07T23:00:00+09:00,J5,372,392,764
2019-07-07T23:15:00+09:00,J1,333,336,669
2019-07-07T23:15:00+09:00,J2,239,192,431
2019-07-07T23:15:00+09:00,J3,282,296,578
2019-07-07T23:15:00+09:00,J4,642,585,1227
2019-07-07T23:15:00+09:00,J5,360,340,700
2019-07-07T23:30:00+09:00,J1,295,359,654
2019-07-07T23:30:00+09:00,J2,216,287,503
2019-07-07T23:30:00+09:00,J3,242,243,485
2019-07-07T23:30:00+09:00,J4,567,511,1078
2019-07-07T23:30:00+09:00,J5,305,358,663
2019-07-07T23:45:00+09:00,J1,255,292,547
2019-07-07T23:45:00+09:00,J2,325,249,574
2019-07-07T23:45:00+09:00,J3,231,235,466
2019-07-07T23:45:00+09:00,J4,521,496,1017
2019-07-07T23:45:00+09:00,J5,391,405,796
2019-07-08T00:00:00+09:00,J1,250,323,573
2019-07-08T00:00:00+09:00,J2,274,229,503
2019-07-08T00:00:00+09:00,J3,278,235,513
2019-07-08T00:00:00+09:00,J4,331,276,607
2019-07-08T00:00:00+09:00,J5,339,487,826
2019-07-08T00:15:00+09:00,J1,190,185,375
2019-07-08T00:15:00+09:00,J2,283,231,514
2019-07-08T00:15:00+09:00,J3,340,260,600
2019-07-08T00:15:00+09:00,J4,251,202,453
2019-07-08T00:15:00+09:00,J5,235,296,531
2019-07-08T00:30:00+09:00,J1,226,154,380
2019-07-08T00:30:00+09:00,J2,337,293,630
2019-07-08T00:30:00+09:00,J3,289,311,600
2019-07-08T00:30:00+09:00,J4,201,225,426
2019-07-08T00:30:00+09:00,J5,210,241,451
2019-07-08T00:45:00+09:00,J1,138,148,286
2019-07-08T00:45:00+09:00,J2,338,298,636
2019-07-08T00:45:00+09:00,J3,356,377,733
2019-07-08T00:45:00+09:00,J4,225,208,433
2019-07-08T00:45:00+09:00,J5,211,196,407
2019-07-08T05:45:00+09:00,J1,182,195,377
2019-07-08T05:45:00+09:00,J2,228,166,394
2019-07-08T05:45:00+09:00,J3,489,426,915
2019-07-08T05:45:00+09:00,J4,219,255,474
2019-07-08T05:45:00+09:00,J5,172,181,353
2019-07-08T06:00:00+09:00,J1,227,219,446
2019-07-08T06:00:00+09:00,J2,291,144,435
2019-07-08T06:00:00+09:00,J3,502,408,910
2019-07-08T06:00:00+09:00,J4,332,223,555
2019-07-08T06:00:00+09:00,J5,155,191,346
2019-07-08T06:15:00+09:00,J1,206,223,429
2019-07-08T06:15:00+09:00,J2,332,261,593
2019-07-08T06:15:00+09:00,J3,497,471,968
2019-07-08T06:15:00+09:00,J4,406,378,784
2019-07-08T06:15:00+09:00,J5,237,247,484
2019-07-08T06:30:00+09:00,J1,208,251,459
2019-07-08T06:30:00+09:00,J2,332,272,604
2019-07-08T06:30:00+09:00,J3,466,416,882
2019-07-08T06:30:00+09:00,J4,332,383,715
2019-07-08T06:30:00+09:00,J5,240,270,510
2019-07-08T06:45:00+09:00,J1,308,284,592
2019-07-08T06:45:00+09:00,J2,354,339,693
2019-07-08T06:45:00+09:00,J3,505,432,937
2019-07-08T06:45:00+09:00,J4,331,373,704
2019-07-08T06:45:00+09:00,J5,192,206,398
2019-07-08T07:00:00+09:00,J1,377,331,708
2019-07-08T07:00:00+09:00,J2,319,306,625
2019-07-08T07:00:00+09:00,J3,413,414,827
2019-07-08T07:00:00+09:00,J4,438,498,936
2019-07-08T07:00:00+09:00,J5,247,287,534
2019-07-08T07:15:00+09:00,J1,417,330,747
2019-07-08T07:15:00+09:00,J2,293,280,573
2019-07-08T07:15:00+09:00,J3,419,390,809
2019-07-08T07:15:00+09:00,J4,498,610,1108
2019-07-08T07:15:00+09:00,J5,274,356,630
2019-07-08T07:30:00+09:00,J1,455,352,807
2019-07-08T07:30:00+09:00,J2,287,246,533
2019-07-08T07:30:00+09:00,J3,377,498,875
2019-07-08T07:30:00+09:00,J4,526,641,1167
2019-07-08T07:30:00+09:00,J5,339,431,770
2019-07-08T07:45:00+09:00,J1,660,432,1092
2019-07-08T07:45:00+09:00,J2,373,189,562
2019-07-08T07:45:00+09:00,J3,461,584,1045
2019-07-08T07:45:00+09:00,J4,652,862,1514
2019-07-08T07:45:00+09:00,J5,478,454,932
2019-07-08T08:00:00+09:00,J1,974,550,1524
2019-07-08T08:00:00+09:00,J2,394,265,659
2019-07-08T08:00:00+09:00,J3,578,696,1274
2019-07-08T08:00:00+09:00,J4,702,968,1670
2019-07-08T08:00:00+09:00,J5,382,334,716
2019-07-08T08:15:00+09:00,J1,1067,636,1703
2019-07-08T08:15:00+09:00,J2,403,289,692
2019-07-08T08:15:00+09:00,J3,614,880,1494
2019-07-08T08:15:00+09:00,J4,758,1105,1863
2019-07-08T08:15:00+09:00,J5,344,277,621
2019-07-08T08:30:00+09:00,J1,1154,620,1774
2019-07-08T08:30:00+09:00,J2,454,326,780
2019-07-08T08:30:00+09:00,J3,684,886,1570
2019-07-08T08:30:00+09:00,J4,727,1128,1855
2019-07-08T08:30:00+09:00,J5,398,298,696
2019-07-08T08:45:00+09:00,J1,775,546,1321
2019-07-08T08:45:00+09:00,J2,362,270,632
2019-07-08T08:45:00+09:00,J3,645,729,1374
2019-07-08T08:45:00+09:00,J4,677,909,1586
2019-07-08T08:45:00+09:00,J5,282,204,486
2019-07-08T09:00:00+09:00,J1,689,500,1189
2019-07-08T09:00:00+09:00,J2,325,285,610
2019-07-08T09:00:00+09:00,J3,463,495,958
2019-07-08T09:00:00+09:00,J4,647,768,1415
2019-07-08T09:00:00+09:00,J5,312,297,609
2019-07-08T09:15:00+09:00,J1,569,435,1004
2019-07-08T09:15:00+09:00,J2,276,245,521
2019-07-08T09:15:00+09:00,J3,521,526,1047
2019-07-08T09:15:00+09:00,J4,619,758,1377
2019-07-08T09:15:00+09:00,J5,283,255,538
2019-07-08T09:30:00+09:00,J1,544,526,1070
2019-07-08T09:30:00+09:00,J2,315,287,602
2019-07-08T09:30:00+09:00,J3,562,501,1063
2019-07-08T09:30:00+09:00,J4,686,797,1483
2019-07-08T09:30:00+09:00,J5,310,238,548
2019-07-08T09:45:00+09:00,J1,520,438,958
2019-07-08T09:45:00+09:00,J2,268,299,567
2019-07-08T09:45:00+09:00,J3,573,475,1048
2019-07-08T09:45:00+09:00,J4,603,634,1237
2019-07-08T09:45:00+09:00,J5,298,299,597
2019-07-08T10:00:00+09:00,J1,474,459,933
2019-07-08T10:00:00+09:00,J2,300,324,624
2019-07-08T10:00:00+09:00,J3,510,510,1020
2019-07-08T10:00:00+09:00,J4,592,607,1199
2019-07-08T10:00:00+09:00,J5,241,211,452
2019-07-08T10:15:00+09:00,J1,490,477,967
2019-07-08T10:15:00+09:00,J2,328,345,673
2019-07-08T10:15:00+09:00,J3,564,479,1043
2019-07-08T10:15:00+09:00,J4,670,653,1323
2019-07-08T10:15:00+09:00,J5,306,338,644
2019-07-08T10:30:00+09:00,J1,504,501,1005
2019-07-08T10:30:00+09:00,J2,290,309,599
2019-07-08T10:30:00+09:00,J3,626,494,1120
2019-07-08T10:30:00+09:00,J4,585,678,1263
2019-07-08T10:30:00+09:00,J5,300,221,521
2019-07-08T10:45:00+09:00,J1,474,536,1010
2019-07-08T10:45:00+09:00,J2,309,294,603
2019-07-08T10:45:00+09:00,J3,747,507,1254
2019-07-08T10:45:00+09:00,J4,594,633,1227
2019-07-08T10:45:00+09:00,J5,343,293,636
2019-07-08T11:00:00+09:00,J1,539,566,1105
2019-07-08T11:00:00+09:00,J2,352,250,602
2019-07-08T11:00:00+09:00,J3,717,593,1310
2019-07-08T11:00:00+09:00,J4,600,657,1257
2019-07-08T11:00:00+09:00,J5,245,173,418
2019-07-08T11:15:00+09:00,J1,577,647,1224
2019-07-08T11:15:00+09:00,J2,401,278,679
2019-07-08T11:15:00+09:00,J3,717,684,1401
2019-07-08T11:15:00+09:00,J4,602,615,1217
2019-07-08T11:15:00+09:00,J5,246,200,446
2019-07-08T11:30:00+09:00,J1,625,690,1315
2019-07-08T11:30:00+09:00,J2,380,233,613
2019-07-08T11:30:00+09:00,J3,746,706,1452
2019-07-08T11:30:00+09:00,J4,652,624,1276
2019-07-08T11:30:00+09:00,J5,326,235,561
2019-07-08T11:45:00+09:00,J1,621,660,1281
2019-07-08T11:45:00+09:00,J2,413,222,635
2019-07-08T11:45:00+09:00,J3,736,749,1485
2019-07-08T11:45:00+09:00,J4,581,558,1139
2019-07-08T11:45:00+09:00,J5,287,211,498
2019-07-08T12:00:00+09:00,J1,598,747,1345
2019-07-08T12:00:00+09:00,J2,445,250,695
2019-07-08T12:00:00+09:00,J3,730,766,1496
2019-07-08T12:00:00+09:00,J4,663,666,1329
2019-07-08T12:00:00+09:00,J5,332,297,629
2019-07-08T12:15:00+09:00,J1,643,666,1309
2019-07-08T12:15:00+09:00,J2,476,266,742
2019-07-08T12:15:00+09:00,J3,726,708,1434
2019-07-08T12:15:00+09:00,J4,737,670,1407
2019-07-08T12:15:00+09:00,J5,351,344,695
2019-07-08T12:30:00+09:00,J1,599,641,1240
2019-07-08T12:30:00+09:00,J2,450,367,817
2019-07-08T12:30:00+09:00,J3,762,875,1637
2019-07-08T12:30:00+09:00,J4,690,664,1354
2019-07-08T12:30:00+09:00,J5,314,306,620
2019-07-08T12:45:00+09:00,J1,631,628,1259
2019-07-08T12:45:00+09:00,J2,410,291,701
2019-07-08T12:45:00+09:00,J3,689,816,1505
2019-07-08T12:45:00+09:00,J4,577,606,1183
2019-07-08T12:45:00+09:00,J5,284,276,560
2019-07-08T13:00:00+09:00,J1,641,706,1347
2019-07-08T13:00:00+09:00,J2,381,276,657
2019-07-08T13:00:00+09:00,J3,736,788,1524
2019-07-08T13:00:00+09:00,J4,636,639,1275
2019-07-08T13:00:00+09:00,J5,284,298,582
2019-07-08T13:15:00+09:00,J1,637,681,1318
2019-07-08T13:15:00+09:00,J2,411,332,743
2019-07-08T13:15:00+09:00,J3,741,780,1521
2019-07-08T13:15:00+09:00,J4,571,562,1133
2019-07-08T13:15:00+09:00,J5,410,418,828
2019-07-08T13:30:00+09:00,J1,678,674,1352
2019-07-08T13:30:00+09:00,J2,420,343,763
2019-07-08T13:30:00+09:00,J3,822,821,1643
2019-07-08T13:30:00+09:00,J4,573,637,1210
2019-07-08T13:30:00+09:00,J5,354,377,731
2019-07-08T13:45:00+09:00,J1,584,719,1303
2019-07-08T13:45:00+09:00,J2,366,287,653
2019-07-08T13:45:00+09:00,J3,790,837,1627
2019-07-08T13:45:00+09:00,J4,569,585,1154
2019-07-08T13:45:00+09:00,J5,334,356,690
2019-07-08T14:00:00+09:00,J1,638,675,1313
2019-07-08T14:00:00+09:00,J2,385,290,675
2019-07-08T14:00:00+09:00,J3,745,781,1526
2019-07-08T14:00:00+09:00,J4,591,573,1164
2019-07-08T14:00:00+09:00,J5,308,284,592
2019-07-08T14:15:00+09:00,J1,703,667,1370
2019-07-08T14:15:00+09:00,J2,416,332,748
2019-07-08T14:15:00+09:00,J3,705,826,1531
2019-07-08T14:15:00+09:00,J4,635,554,1189
2019-07-08T14:15:00+09:00,J5,374,332,706
2019-07-08T14:30:00+09:00,J1,654,625,1279
2019-07-08T14:30:00+09:00,J2,437,363,800
2019-07-08T14:30:00+09:00,J3,770,768,1538
2019-07-08T14:30:00+09:00,J4,584,554,1138
2019-07-08T14:30:00+09:00,J5,347,357,704
2019-07-08T14:45:00+09:00,J1,667,593,1260
2019-07-08T14:45:00+09:00,J2,405,304,709
2019-07-08T14:45:00+09:00,J3,710,764,1474
2019-07-08T14:45:00+09:00,J4,558,501,1059
2019-07-08T14:45:00+09:00,J5,328,327,655
2019-07-08T15:00:00+09:00,J1,596,637,1233
2019-07-08T15:00:00+09:00,J2,355,310,665
2019-07-08T15:00:00+09:00,J3,721,740,1461
2019-07-08T15:00:00+09:00,J4,568,536,1104
2019-07-08T15:00:00+09:00,J5,265,261,526
2019-07-08T15:15:00+09:00,J1,590,680,1270
2019-07-08T15:15:00+09:00,J2,373,287,660
2019-07-08T15:15:00+09:00,J3,674,702,1376
2019-07-08T15:15:00+09:00,J4,474,511,985
2019-07-08T15:15:00+09:00,J5,290,297,587
2019-07-08T15:30:00+09:00,J1,604,668,1272
2019-07-08T15:30:00+09:00,J2,391,324,715
2019-07-08T15:30:00+09:00,J3,758,777,1535
2019-07-08T15:30:00+09:00,J4,537,518,1055
2019-07-08T15:30:00+09:00,J5,278,301,579
2019-07-08T15:45:00+09:00,J1,629,590,1219
2019-07-08T15:45:00+09:00,J2,383,286,669
2019-07-08T15:45:00+09:00,J3,742,728,1470
2019-07-08T15:45:00+09:00,J4,553,479,1032
2019-07-08T15:45:00+09:00,J5,288,318,606
2019-07-08T16:00:00+09:00,J1,584,628,1212
2019-07-08T16:00:00+09:00,J2,370,334,704
2019-07-08T16:00:00+09:00,J3,735,722,1457
2019-07-08T16:00:00+09:00,J4,496,522,1018
2019-07-08T16:00:00+09:00,J5,294,278,572
2019-07-08T16:15:00+09:00,J1,687,708,1395
2019-07-08T16:15:00+09:00,J2,438,326,764
2019-07-08T16:15:00+09:00,J3,765,708,1473
2019-07-08T16:15:00+09:00,J4,513,496,1009
2019-07-08T16:15:00+09:00,J5,322,331,653
2019-07-08T16:30:00+09:00,J1,602,644,1246
2019-07-08T16:30:00+09:00,J2,382,319,701
2019-07-08T16:30:00+09:00,J3,718,729,1447
2019-07-08T16:30:00+09:00,J4,516,470,986
2019-07-08T16:30:00+09:00,J5,330,312,642
2019-07-08T16:45:00+09:00,J1,651,702,1353
2019-07-08T16:45:00+09:00,J2,411,312,723
2019-07-08T16:45:00+09:00,J3,778,707,1485
2019-07-08T16:45:00+09:00,J4,561,478,1039
2019-07-08T16:45:00+09:00,J5,262,304,566
2019-07-08T17:00:00+09:00,J1,641,693,1334
2019-07-08T17:00:00+09:00,J2,357,326,683
2019-07-08T17:00:00+09:00,J3,788,749,1537
2019-07-08T17:00:00+09:00,J4,551,525,1076
2019-07-08T17:00:00+09:00,J5,380,380,760
2019-07-08T17:15:00+09:00,J1,691,805,1496
2019-07-08T17:15:00+09:00,J2,412,330,742
2019-07-08T17:15:00+09:00,J3,817,750,1567
2019-07-08T17:15:00+09:00,J4,560,580,1140
2019-07-08T17:15:00+09:00,J5,391,405,796
2019-07-08T17:30:00+09:00,J1,702,849,1551
2019-07-08T17:30:00+09:00,J2,492,352,844
2019-07-08T17:30:00+09:00,J3,883,795,1678
2019-07-08T17:30:00+09:00,J4,679,556,1235
2019-07-08T17:30:00+09:00,J5,418,434,852
2019-07-08T17:45:00+09:00,J1,723,853,1576
2019-07-08T17:45:00+09:00,J2,483,353,836
2019-07-08T17:45:00+09:00,J3,893,789,1682
2019-07-08T17:45:00+09:00,J4,690,576,1266
2019-07-08T17:45:00+09:00,J5,358,393,751
2019-07-08T18:00:00+09:00,J1,731,1006,1737
2019-07-08T18:00:00+09:00,J2,480,355,835
2019-07-08T18:00:00+09:00,J3,979,772,1751
2019-07-08T18:00:00+09:00,J4,791,535,1326
2019-07-08T18:00:00+09:00,J5,360,379,739
2019-07-08T18:15:00+09:00,J1,777,862,1639
2019-07-08T18:15:00+09:00,J2,501,327,828
2019-07-08T18:15:00+09:00,J3,907,793,1700
2019-07-08T18:15:00+09:00,J4,819,522,1341
2019-07-08T18:15:00+09:00,J5,385,357,742
2019-07-08T18:30:00+09:00,J1,754,775,1529
2019-07-08T18:30:00+09:00,J2,475,296,771
2019-07-08T18:30:00+09:00,J3,844,755,1599
2019-07-08T18:30:00+09:00,J4,748,560,1308
2019-07-08T18:30:00+09:00,J5,359,342,701
2019-07-08T18:45:00+09:00,J1,606,751,1357
2019-07-08T18:45:00+09:00,J2,461,262,723
2019-07-08T18:45:00+09:00,J3,859,732,1591
2019-07-08T18:45:00+09:00,J4,715,588,1303
2019-07-08T18:45:00+09:00,J5,303,316,619
2019-07-08T19:00:00+09:00,J1,551,691,1242
2019-07-08T19:00:00+09:00,J2,371,240,611
2019-07-08T19:00:00+09:00,J3,775,610,1385
2019-07-08T19:00:00+09:00,J4,768,698,1466
2019-07-08T19:00:00+09:00,J5,440,431,871
2019-07-08T19:15:00+09:00,J1,540,726,1266
2019-07-08T19:15:00+09:00,J2,481,282,763
2019-07-08T19:15:00+09:00,J3,687,585,1272
2019-07-08T19:15:00+09:00,J4,757,643,1400
2019-07-08T19:15:00+09:00,J5,388,333,721
2019-07-08T19:30:00+09:00,J1,545,686,1231
2019-07-08T19:30:00+09:00,J2,405,271,676
2019-07-08T19:30:00+09:00,J3,699,507,1206
2019-07-08T19:30:00+09:00,J4,740,660,1400
2019-07-08T19:30:00+09:00,J5,415,372,787
2019-07-08T19:45:00+09:00,J1,545,717,1262
2019-07-08T19:45:00+09:00,J2,362,275,637
2019-07-08T19:45:00+09:00,J3,623,484,1107
2019-07-08T19:45:00+09:00,J4,793,674,1467
2019-07-08T19:45:00+09:00,J5,388,396,784
2019-07-08T20:00:00+09:00,J1,544,627,1171
2019-07-08T20:00:00+09:00,J2,360,224,584
2019-07-08T20:00:00+09:00,J3,633,463,1096
2019-07-08T20:00:00+09:00,J4,747,652,1399
2019-07-08T20:00:00+09:00,J5,475,437,912
2019-07-08T20:15:00+09:00,J1,504,645,1149
2019-07-08T20:15:00+09:00,J2,359,194,553
2019-07-08T20:15:00+09:00,J3,607,454,1061
2019-07-08T20:15:00+09:00,J4,737,657,1394
2019-07-08T20:15:00+09:00,J5,443,373,816
2019-07-08T20:30:00+09:00,J1,522,618,1140
2019-07-08T20:30:00+09:00,J2,326,231,557
2019-07-08T20:30:00+09:00,J3,542,379,921
2019-07-08T20:30:00+09:00,J4,718,536,1254
2019-07-08T20:30:00+09:00,J5,394,432,826
2019-07-08T20:45:00+09:00,J1,512,618,1130
2019-07-08T20:45:00+09:00,J2,325,288,613
2019-07-08T20:45:00+09:00,J3,506,398,904
2019-07-08T20:45:00+09:00,J4,723,620,1343
2019-07-08T20:45:00+09:00,J5,399,427,826
2019-07-08T21:00:00+09:00,J1,511,618,1129
2019-07-08T21:00:00+09:00,J2,283,275,558
2019-07-08T21:00:00+09:00,J3,534,445,979
2019-07-08T21:00:00+09:00,J4,737,625,1362
2019-07-08T21:00:00+09:00,J5,491,501,992
2019-07-08T21:15:00+09:00,J1,580,597,1177
2019-07-08T21:15:00+09:00,J2,248,237,485
2019-07-08T21:15:00+09:00,J3,532,403,935
2019-07-08T21:15:00+09:00,J4,784,657,1441
2019-07-08T21:15:00+09:00,J5,446,427,873
2019-07-08T21:30:00+09:00,J1,556,629,1185
2019-07-08T21:30:00+09:00,J2,251,261,512
2019-07-08T21:30:00+09:00,J3,472,398,870
2019-07-08T21:30:00+09:00,J4,716,576,1292
2019-07-08T21:30:00+09:00,J5,445,450,895
2019-07-08T21:45:00+09:00,J1,441,495,936
2019-07-08T21:45:00+09:00,J2,246,260,506
2019-07-08T21:45:00+09:00,J3,435,364,799
2019-07-08T21:45:00+09:00,J4,690,666,1356
2019-07-08T21:45:00+09:00,J5,471,494,965
2019-07-08T22:00:00+09:00,J1,396,461,857
2019-07-08T22:00:00+09:00,J2,251,240,491
2019-07-08T22:00:00+09:00,J3,416,339,755
2019-07-08T22:00:00+09:00,J4,772,711,1483
2019-07-08T22:00:00+09:00,J5,442,505,947
2019-07-08T22:15:00+09:00,J1,447,481,928
2019-07-08T22:15:00+09:00,J2,200,194,394
2019-07-08T22:15:00+09:00,J3,342,348,690
2019-07-08T22:15:00+09:00,J4,801,785,1586
2019-07-08T22:15:00+09:00,J5,461,515,976
2019-07-08T22:30:00+09:00,J1,494,470,964
2019-07-08T22:30:00+09:00,J2,181,197,378
2019-07-08T22:30:00+09:00,J3,332,317,649
2019-07-08T22:30:00+09:00,J4,831,779,1610
2019-07-08T22:30:00+09:00,J5,425,520,945
2019-07-08T22:45:00+09:00,J1,390,482,872
2019-07-08T22:45:00+09:00,J2,197,226,423
2019-07-08T22:45:00+09:00,J3,318,307,625
2019-07-08T22:45:00+09:00,J4,857,901,1758
2019-07-08T22:45:00+09:00,J5,358,446,804
2019-07-08T23:00:00+09:00,J1,452,449,901
2019-07-08T23:00:00+09:00,J2,192,238,430
2019-07-08T23:00:00+09:00,J3,304,265,569
2019-07-08T23:00:00+09:00,J4,814,750,1564
2019-07-08T23:00:00+09:00,J5,369,434,803
2019-07-08T23:15:00+09:00,J1,417,450,867
2019-07-08T23:15:00+09:00,J2,237,227,464
2019-07-08T23:15:00+09:00,J3,291,269,560
2019-07-08T23:15:00+09:00,J4,734,789,1523
2019-07-08T23:15:00+09:00,J5,328,415,743
2019-07-08T23:30:00+09:00,J1,422,456,878
2019-07-08T23:30:00+09:00,J2,165,188,353
2019-07-08T23:30:00+09:00,J3,302,268,570
2019-07-08T23:30:00+09:00,J4,555,580,1135
2019-07-08T23:30:00+09:00,J5,353,351,704
2019-07-08T23:45:00+09:00,J1,401,393,794
2019-07-08T23:45:00+09:00,J2,175,155,330
2019-07-08T23:45:00+09:00,J3,303,250,553
2019-07-08T23:45:00+09:00,J4,611,619,1230
2019-07-08T23:45:00+09:00,J5,343,420,763
2019-07-09T00:00:00+09:00,J1,290,348,638
2019-07-09T00:00:00+09:00,J2,191,170,361
2019-07-09T00:00:00+09:00,J3,225,225,450
2019-07-09T00:00:00+09:00,J4,687,720,1407
2019-07-09T00:00:00+09:00,J5,303,373,676
2019-07-09T00:15:00+09:00,J1,177,215,392
2019-07-09T00:15:00+09:00,J2,227,212,439
2019-07-09T00:15:00+09:00,J3,359,334,693
2019-07-09T00:15:00+09:00,J4,326,338,664
2019-07-09T00:15:00+09:00,J5,214,279,493
2019-07-09T00:30:00+09:00,J1,197,149,346
2019-07-09T00:30:00+09:00,J2,228,242,470
2019-07-09T00:30:00+09:00,J3,505,426,931
2019-07-09T00:30:00+09:00,J4,221,223,444
2019-07-09T00:30:00+09:00,J5,187,174,361
2019-07-09T00:45:00+09:00,J1,178,124,302
2019-07-09T00:45:00+09:00,J2,251,286,537
2019-07-09T00:45:00+09:00,J3,492,442,934
2019-07-09T00:45:00+09:00,J4,223,230,453
2019-07-09T00:45:00+09:00,J5,142,143,285
2019-07-09T05:45:00+09:00,J1,250,315,565
2019-07-09T05:45:00+09:00,J2,307,247,554
2019-07-09T05:45:00+09:00,J3,401,295,696
2019-07-09T05:45:00+09:00,J4,418,427,845
2019-07-09T05:45:00+09:00,J5,137,95,232
2019-07-09T06:00:00+09:00,J1,396,383,779
2019-07-09T06:00:00+09:00,J2,399,380,779
2019-07-09T06:00:00+09:00,J3,452,393,845
2019-07-09T06:00:00+09:00,J4,300,323,623
2019-07-09T06:00:00+09:00,J5,190,151,341
2019-07-09T06:15:00+09:00,J1,372,359,731
2019-07-09T06:15:00+09:00,J2,421,368,789
2019-07-09T06:15:00+09:00,J3,591,509,1100
2019-07-09T06:15:00+09:00,J4,491,466,957
2019-07-09T06:15:00+09:00,J5,197,183,380
2019-07-09T06:30:00+09:00,J1,368,358,726
2019-07-09T06:30:00+09:00,J2,303,268,571
2019-07-09T06:30:00+09:00,J3,576,453,1029
2019-07-09T06:30:00+09:00,J4,541,507,1048
2019-07-09T06:30:00+09:00,J5,162,174,336
2019-07-09T06:45:00+09:00,J1,448,393,841
2019-07-09T06:45:00+09:00,J2,325,298,623
2019-07-09T06:45:00+09:00,J3,575,528,1103
2019-07-09T06:45:00+09:00,J4,549,579,1128
2019-07-09T06:45:00+09:00,J5,208,181,389
2019-07-09T07:00:00+09:00,J1,447,380,827
2019-07-09T07:00:00+09:00,J2,338,375,713
2019-07-09T07:00:00+09:00,J3,629,609,1238
2019-07-09T07:00:00+09:00,J4,446,505,951
2019-07-09T07:00:00+09:00,J5,179,198,377
2019-07-09T07:15:00+09:00,J1,499,379,878
2019-07-09T07:15:00+09:00,J2,346,384,730
2019-07-09T07:15:00+09:00,J3,582,560,1142
2019-07-09T07:15:00+09:00,J4,516,678,1194
2019-07-09T07:15:00+09:00,J5,229,235,464
2019-07-09T07:30:00+09:00,J1,471,429,900
2019-07-09T07:30:00+09:00,J2,378,374,752
2019-07-09T07:30:00+09:00,J3,467,467,934
2019-07-09T07:30:00+09:00,J4,518,697,1215
2019-07-09T07:30:00+09:00,J5,319,328,647
2019-07-09T07:45:00+09:00,J1,621,390,1011
2019-07-09T07:45:00+09:00,J2,404,321,725
2019-07-09T07:45:00+09:00,J3,502,615,1117
2019-07-09T07:45:00+09:00,J4,567,741,1308
2019-07-09T07:45:00+09:00,J5,330,359,689
2019-07-09T08:00:00+09:00,J1,855,592,1447
2019-07-09T08:00:00+09:00,J2,420,276,696
2019-07-09T08:00:00+09:00,J3,697,829,1526
2019-07-09T08:00:00+09:00,J4,565,832,1397
2019-07-09T08:00:00+09:00,J5,380,440,820
2019-07-09T08:15:00+09:00,J1,1077,677,1754
2019-07-09T08:15:00+09:00,J2,493,332,825
2019-07-09T08:15:00+09:00,J3,661,869,1530
2019-07-09T08:15:00+09:00,J4,727,1067,1794
2019-07-09T08:15:00+09:00,J5,459,524,983
2019-07-09T08:30:00+09:00,J1,1146,702,1848
2019-07-09T08:30:00+09:00,J2,464,322,786
2019-07-09T08:30:00+09:00,J3,605,931,1536
2019-07-09T08:30:00+09:00,J4,735,1050,1785
2019-07-09T08:30:00+09:00,J5,415,435,850
2019-07-09T08:45:00+09:00,J1,801,502,1303
2019-07-09T08:45:00+09:00,J2,380,265,645
2019-07-09T08:45:00+09:00,J3,585,724,1309
2019-07-09T08:45:00+09:00,J4,669,833,1502
2019-07-09T08:45:00+09:00,J5,434,430,864
2019-07-09T09:00:00+09:00,J1,639,479,1118
2019-07-09T09:00:00+09:00,J2,402,284,686
2019-07-09T09:00:00+09:00,J3,426,502,928
2019-07-09T09:00:00+09:00,J4,648,754,1402
2019-07-09T09:00:00+09:00,J5,455,445,900
2019-07-09T09:15:00+09:00,J1,557,395,952
2019-07-09T09:15:00+09:00,J2,341,242,583
2019-07-09T09:15:00+09:00,J3,417,455,872
2019-07-09T09:15:00+09:00,J4,649,815,1464
2019-07-09T09:15:00+09:00,J5,357,421,778
2019-07-09T09:30:00+09:00,J1,645,451,1096
2019-07-09T09:30:00+09:00,J2,350,255,605
2019-07-09T09:30:00+09:00,J3,437,532,969
2019-07-09T09:30:00+09:00,J4,711,818,1529
2019-07-09T09:30:00+09:00,J5,366,345,711
2019-07-09T09:45:00+09:00,J1,524,419,943
2019-07-09T09:45:00+09:00,J2,296,286,582
2019-07-09T09:45:00+09:00,J3,461,420,881
2019-07-09T09:45:00+09:00,J4,623,729,1352
2019-07-09T09:45:00+09:00,J5,328,355,683
2019-07-09T10:00:00+09:00,J1,508,432,940
2019-07-09T10:00:00+09:00,J2,272,315,587
2019-07-09T10:00:00+09:00,J3,430,434,864
2019-07-09T10:00:00+09:00,J4,596,620,1216
2019-07-09T10:00:00+09:00,J5,345,314,659
2019-07-09T10:15:00+09:00,J1,560,534,1094
2019-07-09T10:15:00+09:00,J2,310,311,621
2019-07-09T10:15:00+09:00,J3,528,492,1020
2019-07-09T10:15:00+09:00,J4,574,602,1176
2019-07-09T10:15:00+09:00,J5,306,283,589
2019-07-09T10:30:00+09:00,J1,558,548,1106
2019-07-09T10:30:00+09:00,J2,356,318,674
2019-07-09T10:30:00+09:00,J3,695,595,1290
2019-07-09T10:30:00+09:00,J4,581,586,1167
2019-07-09T10:30:00+09:00,J5,315,264,579
2019-07-09T10:45:00+09:00,J1,481,539,1020
2019-07-09T10:45:00+09:00,J2,353,280,633
2019-07-09T10:45:00+09:00,J3,729,598,1327
2019-07-09T10:45:00+09:00,J4,568,555,1123
2019-07-09T10:45:00+09:00,J5,261,197,458
2019-07-09T11:00:00+09:00,J1,565,576,1141
2019-07-09T11:00:00+09:00,J2,437,236,673
2019-07-09T11:00:00+09:00,J3,706,618,1324
2019-07-09T11:00:00+09:00,J4,581,566,1147
2019-07-09T11:00:00+09:00,J5,251,211,462
2019-07-09T11:15:00+09:00,J1,662,719,1381
2019-07-09T11:15:00+09:00,J2,441,224,665
2019-07-09T11:15:00+09:00,J3,664,637,1301
2019-07-09T11:15:00+09:00,J4,535,499,1034
2019-07-09T11:15:00+09:00,J5,238,217,455
2019-07-09T11:30:00+09:00,J1,620,695,1315
2019-07-09T11:30:00+09:00,J2,402,266,668
2019-07-09T11:30:00+09:00,J3,727,713,1440
2019-07-09T11:30:00+09:00,J4,561,545,1106
2019-07-09T11:30:00+09:00,J5,307,235,542
2019-07-09T11:45:00+09:00,J1,606,766,1372
2019-07-09T11:45:00+09:00,J2,438,285,723
2019-07-09T11:45:00+09:00,J3,756,759,1515
2019-07-09T11:45:00+09:00,J4,605,563,1168
2019-07-09T11:45:00+09:00,J5,290,244,534
2019-07-09T12:00:00+09:00,J1,662,771,1433
2019-07-09T12:00:00+09:00,J2,489,285,774
2019-07-09T12:00:00+09:00,J3,783,815,1598
2019-07-09T12:00:00+09:00,J4,579,527,1106
2019-07-09T12:00:00+09:00,J5,334,289,623
2019-07-09T12:15:00+09:00,J1,667,759,1426
2019-07-09T12:15:00+09:00,J2,441,320,761
2019-07-09T12:15:00+09:00,J3,753,947,1700
2019-07-09T12:15:00+09:00,J4,529,587,1116
2019-07-09T12:15:00+09:00,J5,362,373,735
2019-07-09T12:30:00+09:00,J1,612,731,1343
2019-07-09T12:30:00+09:00,J2,404,370,774
2019-07-09T12:30:00+09:00,J3,701,787,1488
2019-07-09T12:30:00+09:00,J4,488,526,1014
2019-07-09T12:30:00+09:00,J5,319,296,615
2019-07-09T12:45:00+09:00,J1,657,683,1340
2019-07-09T12:45:00+09:00,J2,381,368,749
2019-07-09T12:45:00+09:00,J3,706,775,1481
2019-07-09T12:45:00+09:00,J4,426,494,920
2019-07-09T12:45:00+09:00,J5,278,315,593
2019-07-09T13:00:00+09:00,J1,631,682,1313
2019-07-09T13:00:00+09:00,J2,414,381,795
2019-07-09T13:00:00+09:00,J3,714,743,1457
2019-07-09T13:00:00+09:00,J4,507,504,1011
2019-07-09T13:00:00+09:00,J5,325,294,619
2019-07-09T13:15:00+09:00,J1,601,709,1310
2019-07-09T13:15:00+09:00,J2,387,348,735
2019-07-09T13:15:00+09:00,J3,724,745,1469
2019-07-09T13:15:00+09:00,J4,428,480,908
2019-07-09T13:15:00+09:00,J5,341,314,655
2019-07-09T13:30:00+09:00,J1,645,649,1294
2019-07-09T13:30:00+09:00,J2,349,337,686
2019-07-09T13:30:00+09:00,J3,720,631,1351
2019-07-09T13:30:00+09:00,J4,422,467,889
2019-07-09T13:30:00+09:00,J5,324,368,692
2019-07-09T13:45:00+09:00,J1,581,598,1179
2019-07-09T13:45:00+09:00,J2,402,367,769
2019-07-09T13:45:00+09:00,J3,639,618,1257
2019-07-09T13:45:00+09:00,J4,477,469,946
2019-07-09T13:45:00+09:00,J5,339,337,676
2019-07-09T14:00:00+09:00,J1,580,601,1181
2019-07-09T14:00:00+09:00,J2,368,381,749
2019-07-09T14:00:00+09:00,J3,634,575,1209
2019-07-09T14:00:00+09:00,J4,499,468,967
2019-07-09T14:00:00+09:00,J5,349,333,682
2019-07-09T14:15:00+09:00,J1,619,650,1269
2019-07-09T14:15:00+09:00,J2,378,402,780
2019-07-09T14:15:00+09:00,J3,608,600,1208
2019-07-09T14:15:00+09:00,J4,572,533,1105
2019-07-09T14:15:00+09:00,J5,343,320,663
2019-07-09T14:30:00+09:00,J1,609,600,1209
2019-07-09T14:30:00+09:00,J2,472,416,888
2019-07-09T14:30:00+09:00,J3,592,504,1096
2019-07-09T14:30:00+09:00,J4,537,529,1066
2019-07-09T14:30:00+09:00,J5,312,309,621
2019-07-09T14:45:00+09:00,J1,532,616,1148
2019-07-09T14:45:00+09:00,J2,415,422,837
2019-07-09T14:45:00+09:00,J3,572,535,1107
2019-07-09T14:45:00+09:00,J4,469,464,933
2019-07-09T14:45:00+09:00,J5,284,287,571
2019-07-09T15:00:00+09:00,J1,562,642,1204
2019-07-09T15:00:00+09:00,J2,311,341,652
2019-07-09T15:00:00+09:00,J3,516,545,1061
2019-07-09T15:00:00+09:00,J4,461,476,937
2019-07-09T15:00:00+09:00,J5,287,348,635
2019-07-09T15:15:00+09:00,J1,549,591,1140
2019-07-09T15:15:00+09:00,J2,346,383,729
2019-07-09T15:15:00+09:00,J3,554,502,1056
2019-07-09T15:15:00+09:00,J4,460,467,927
2019-07-09T15:15:00+09:00,J5,313,306,619
2019-07-09T15:30:00+09:00,J1,581,601,1182
2019-07-09T15:30:00+09:00,J2,361,304,665
2019-07-09T15:30:00+09:00,J3,569,463,1032
2019-07-09T15:30:00+09:00,J4,467,469,936
2019-07-09T15:30:00+09:00,J5,300,393,693
2019-07-09T15:45:00+09:00,J1,523,579,1102
2019-07-09T15:45:00+09:00,J2,332,343,675
2019-07-09T15:45:00+09:00,J3,477,453,930
2019-07-09T15:45:00+09:00,J4,466,435,901
2019-07-09T15:45:00+09:00,J5,258,339,597
2019-07-09T16:00:00+09:00,J1,526,565,1091
2019-07-09T16:00:00+09:00,J2,351,292,643
2019-07-09T16:00:00+09:00,J3,529,468,997
2019-07-09T16:00:00+09:00,J4,411,403,814
2019-07-09T16:00:00+09:00,J5,304,345,649
2019-07-09T16:15:00+09:00,J1,560,620,1180
2019-07-09T16:15:00+09:00,J2,372,331,703
2019-07-09T16:15:00+09:00,J3,478,494,972
2019-07-09T16:15:00+09:00,J4,479,431,910
2019-07-09T16:15:00+09:00,J5,322,345,667
2019-07-09T16:30:00+09:00,J1,467,535,1002
2019-07-09T16:30:00+09:00,J2,404,348,752
2019-07-09T16:30:00+09:00,J3,426,458,884
2019-07-09T16:30:00+09:00,J4,382,385,767
2019-07-09T16:30:00+09:00,J5,364,315,679
2019-07-09T16:45:00+09:00,J1,532,658,1190
2019-07-09T16:45:00+09:00,J2,364,277,641
2019-07-09T16:45:00+09:00,J3,471,471,942
2019-07-09T16:45:00+09:00,J4,405,383,788
2019-07-09T16:45:00+09:00,J5,326,356,682
2019-07-09T17:00:00+09:00,J1,617,827,1444
2019-07-09T17:00:00+09:00,J2,413,353,766
2019-07-09T17:00:00+09:00,J3,493,505,998
2019-07-09T17:00:00+09:00,J4,516,354,870
2019-07-09T17:00:00+09:00,J5,392,379,771
2019-07-09T17:15:00+09:00,J1,643,806,1449
2019-07-09T17:15:00+09:00,J2,437,324,761
2019-07-09T17:15:00+09:00,J3,550,532,1082
2019-07-09T17:15:00+09:00,J4,529,428,957
2019-07-09T17:15:00+09:00,J5,332,427,759
2019-07-09T17:30:00+09:00,J1,692,865,1557
2019-07-09T17:30:00+09:00,J2,398,357,755
2019-07-09T17:30:00+09:00,J3,584,564,1148
2019-07-09T17:30:00+09:00,J4,603,376,979
2019-07-09T17:30:00+09:00,J5,336,403,739
2019-07-09T17:45:00+09:00,J1,733,879,1612
2019-07-09T17:45:00+09:00,J2,455,314,769
2019-07-09T17:45:00+09:00,J3,649,556,1205
2019-07-09T17:45:00+09:00,J4,615,422,1037
2019-07-09T17:45:00+09:00,J5,315,434,749
2019-07-09T18:00:00+09:00,J1,657,857,1514
2019-07-09T18:00:00+09:00,J2,410,333,743
2019-07-09T18:00:00+09:00,J3,692,570,1262
2019-07-09T18:00:00+09:00,J4,650,457,1107
2019-07-09T18:00:00+09:00,J5,363,441,804
2019-07-09T18:15:00+09:00,J1,651,862,1513
2019-07-09T18:15:00+09:00,J2,423,329,752
2019-07-09T18:15:00+09:00,J3,709,545,1254
2019-07-09T18:15:00+09:00,J4,672,472,1144
2019-07-09T18:15:00+09:00,J5,342,443,785
2019-07-09T18:30:00+09:00,J1,646,746,1392
2019-07-09T18:30:00+09:00,J2,345,339,684
2019-07-09T18:30:00+09:00,J3,611,474,1085
2019-07-09T18:30:00+09:00,J4,591,417,1008
2019-07-09T18:30:00+09:00,J5,304,417,721
2019-07-09T18:45:00+09:00,J1,639,750,1389
2019-07-09T18:45:00+09:00,J2,333,309,642
2019-07-09T18:45:00+09:00,J3,566,421,987
2019-07-09T18:45:00+09:00,J4,498,398,896
2019-07-09T18:45:00+09:00,J5,305,394,699
2019-07-09T19:00:00+09:00,J1,625,697,1322
2019-07-09T19:00:00+09:00,J2,322,272,594
2019-07-09T19:00:00+09:00,J3,569,425,994
2019-07-09T19:00:00+09:00,J4,505,413,918
2019-07-09T19:00:00+09:00,J5,364,402,766
2019-07-09T19:15:00+09:00,J1,630,729,1359
2019-07-09T19:15:00+09:00,J2,339,291,630
2019-07-09T19:15:00+09:00,J3,601,491,1092
2019-07-09T19:15:00+09:00,J4,621,488,1109
2019-07-09T19:15:00+09:00,J5,361,372,733
2019-07-09T19:30:00+09:00,J1,548,676,1224
2019-07-09T19:30:00+09:00,J2,337,307,644
2019-07-09T19:30:00+09:00,J3,524,475,999
2019-07-09T19:30:00+09:00,J4,556,486,1042
2019-07-09T19:30:00+09:00,J5,336,342,678
2019-07-09T19:45:00+09:00,J1,561,645,1206
2019-07-09T19:45:00+09:00,J2,328,298,626
2019-07-09T19:45:00+09:00,J3,475,462,937
2019-07-09T19:45:00+09:00,J4,625,606,1231
2019-07-09T19:45:00+09:00,J5,326,345,671
2019-07-09T20:00:00+09:00,J1,528,669,1197
2019-07-09T20:00:00+09:00,J2,334,292,626
2019-07-09T20:00:00+09:00,J3,677,528,1205
2019-07-09T20:00:00+09:00,J4,702,613,1315
2019-07-09T20:00:00+09:00,J5,334,333,667
2019-07-09T20:15:00+09:00,J1,507,604,1111
2019-07-09T20:15:00+09:00,J2,357,254,611
2019-07-09T20:15:00+09:00,J3,688,539,1227
2019-07-09T20:15:00+09:00,J4,717,541,1258
2019-07-09T20:15:00+09:00,J5,290,313,603
2019-07-09T20:30:00+09:00,J1,522,595,1117
2019-07-09T20:30:00+09:00,J2,302,234,536
2019-07-09T20:30:00+09:00,J3,632,504,1136
2019-07-09T20:30:00+09:00,J4,729,632,1361
2019-07-09T20:30:00+09:00,J5,347,300,647
2019-07-09T20:45:00+09:00,J1,479,529,1008
2019-07-09T20:45:00+09:00,J2,266,171,437
2019-07-09T20:45:00+09:00,J3,607,545,1152
2019-07-09T20:45:00+09:00,J4,733,655,1388
2019-07-09T20:45:00+09:00,J5,317,275,592
2019-07-09T21:00:00+09:00,J1,467,565,1032
2019-07-09T21:00:00+09:00,J2,273,159,432
2019-07-09T21:00:00+09:00,J3,581,464,1045
2019-07-09T21:00:00+09:00,J4,684,582,1266
2019-07-09T21:00:00+09:00,J5,362,349,711
2019-07-09T21:15:00+09:00,J1,476,570,1046
2019-07-09T21:15:00+09:00,J2,339,163,502
2019-07-09T21:15:00+09:00,J3,592,462,1054
2019-07-09T21:15:00+09:00,J4,681,629,1310
2019-07-09T21:15:00+09:00,J5,364,298,662
2019-07-09T21:30:00+09:00,J1,411,484,895
2019-07-09T21:30:00+09:00,J2,225,141,366
2019-07-09T21:30:00+09:00,J3,621,360,981
2019-07-09T21:30:00+09:00,J4,684,632,1316
2019-07-09T21:30:00+09:00,J5,370,320,690
2019-07-09T21:45:00+09:00,J1,378,426,804
2019-07-09T21:45:00+09:00,J2,251,187,438
2019-07-09T21:45:00+09:00,J3,543,353,896
2019-07-09T21:45:00+09:00,J4,657,564,1221
2019-07-09T21:45:00+09:00,J5,319,333,652
2019-07-09T22:00:00+09:00,J1,384,388,772
2019-07-09T22:00:00+09:00,J2,234,193,427
2019-07-09T22:00:00+09:00,J3,556,391,947
2019-07-09T22:00:00+09:00,J4,626,602,1228
2019-07-09T22:00:00+09:00,J5,403,453,856
2019-07-09T22:15:00+09:00,J1,344,367,711
2019-07-09T22:15:00+09:00,J2,225,176,401
2019-07-09T22:15:00+09:00,J3,521,439,960
2019-07-09T22:15:00+09:00,J4,651,642,1293
2019-07-09T22:15:00+09:00,J5,408,402,810
2019-07-09T22:30:00+09:00,J1,340,396,736
2019-07-09T22:30:00+09:00,J2,191,219,410
2019-07-09T22:30:00+09:00,J3,493,398,891
2019-07-09T22:30:00+09:00,J4,678,590,1268
2019-07-09T22:30:00+09:00,J5,341,351,692
2019-07-09T22:45:00+09:00,J1,334,390,724
2019-07-09T22:45:00+09:00,J2,174,243,417
2019-07-09T22:45:00+09:00,J3,472,331,803
2019-07-09T22:45:00+09:00,J4,640,600,1240
2019-07-09T22:45:00+09:00,J5,185,167,352
2019-07-09T23:00:00+09:00,J1,306,332,638
2019-07-09T23:00:00+09:00,J2,196,237,433
2019-07-09T23:00:00+09:00,J3,494,354,848
2019-07-09T23:00:00+09:00,J4,599,568,1167
2019-07-09T23:00:00+09:00,J5,117,96,213
2019-07-09T23:15:00+09:00,J1,326,408,734
2019-07-09T23:15:00+09:00,J2,165,197,362
2019-07-09T23:15:00+09:00,J3,451,361,812
2019-07-09T23:15:00+09:00,J4,713,669,1382
2019-07-09T23:15:00+09:00,J5,177,148,325
2019-07-09T23:30:00+09:00,J1,310,341,651
2019-07-09T23:30:00+09:00,J2,153,187,340
2019-07-09T23:30:00+09:00,J3,427,381,808
2019-07-09T23:30:00+09:00,J4,607,645,1252
2019-07-09T23:30:00+09:00,J5,187,182,369
2019-07-09T23:45:00+09:00,J1,332,364,696
2019-07-09T23:45:00+09:00,J2,173,183,356
2019-07-09T23:45:00+09:00,J3,393,342,735
2019-07-09T23:45:00+09:00,J4,607,497,1104
2019-07-09T23:45:00+09:00,J5,192,157,349
2019-07-10T00:00:00+09:00,J1,243,204,447
2019-07-10T00:00:00+09:00,J2,122,173,295
2019-07-10T00:00:00+09:00,J3,351,294,645
2019-07-10T00:00:00+09:00,J4,578,501,1079
2019-07-10T00:00:00+09:00,J5,179,183,362
2019-07-10T00:15:00+09:00,J1,122,169,291
2019-07-10T00:15:00+09:00,J2,148,170,318
2019-07-10T00:15:00+09:00,J3,324,295,619
2019-07-10T00:15:00+09:00,J4,355,351,706
2019-07-10T00:15:00+09:00,J5,273,303,576
2019-07-10T00:30:00+09:00,J1,139,162,301
2019-07-10T00:30:00+09:00,J2,147,161,308
2019-07-10T00:30:00+09:00,J3,311,292,603
2019-07-10T00:30:00+09:00,J4,222,242,464
2019-07-10T00:30:00+09:00,J5,220,301,521
2019-07-10T00:45:00+09:00,J1,134,203,337
2019-07-10T00:45:00+09:00,J2,172,163,335
2019-07-10T00:45:00+09:00,J3,334,343,677
2019-07-10T00:45:00+09:00,J4,220,199,419
2019-07-10T00:45:00+09:00,J5,215,245,460
2019-07-10T05:45:00+09:00,J1,250,281,531
2019-07-10T05:45:00+09:00,J2,290,206,496
2019-07-10T05:45:00+09:00,J3,474,446,920
2019-07-10T05:45:00+09:00,J4,340,423,763
2019-07-10T05:45:00+09:00,J5,182,155,337
2019-07-10T06:00:00+09:00,J1,345,343,688
2019-07-10T06:00:00+09:00,J2,300,252,552
2019-07-10T06:00:00+09:00,J3,507,465,972
2019-07-10T06:00:00+09:00,J4,392,446,838
2019-07-10T06:00:00+09:00,J5,162,176,338
2019-07-10T06:15:00+09:00,J1,341,381,722
2019-07-10T06:15:00+09:00,J2,340,309,649
2019-07-10T06:15:00+09:00,J3,609,467,1076
2019-07-10T06:15:00+09:00,J4,387,438,825
2019-07-10T06:15:00+09:00,J5,191,180,371
2019-07-10T06:30:00+09:00,J1,386,383,769
2019-07-10T06:30:00+09:00,J2,287,295,582
2019-07-10T06:30:00+09:00,J3,467,435,902
2019-07-10T06:30:00+09:00,J4,414,394,808
2019-07-10T06:30:00+09:00,J5,191,196,387
2019-07-10T06:45:00+09:00,J1,337,357,694
2019-07-10T06:45:00+09:00,J2,315,311,626
2019-07-10T06:45:00+09:00,J3,441,397,838
2019-07-10T06:45:00+09:00,J4,373,455,828
2019-07-10T06:45:00+09:00,J5,193,202,395
2019-07-10T07:00:00+09:00,J1,380,363,743
2019-07-10T07:00:00+09:00,J2,354,303,657
2019-07-10T07:00:00+09:00,J3,417,417,834
2019-07-10T07:00:00+09:00,J4,461,515,976
2019-07-10T07:00:00+09:00,J5,216,236,452
2019-07-10T07:15:00+09:00,J1,452,387,839
2019-07-10T07:15:00+09:00,J2,299,308,607
2019-07-10T07:15:00+09:00,J3,389,374,763
2019-07-10T07:15:00+09:00,J4,511,631,1142
2019-07-10T07:15:00+09:00,J5,277,271,548
2019-07-10T07:30:00+09:00,J1,439,387,826
2019-07-10T07:30:00+09:00,J2,300,239,539
2019-07-10T07:30:00+09:00,J3,358,428,786
2019-07-10T07:30:00+09:00,J4,482,645,1127
2019-07-10T07:30:00+09:00,J5,312,426,738
2019-07-10T07:45:00+09:00,J1,563,471,1034
2019-07-10T07:45:00+09:00,J2,338,252,590
2019-07-10T07:45:00+09:00,J3,466,576,1042
2019-07-10T07:45:00+09:00,J4,447,699,1146
2019-07-10T07:45:00+09:00,J5,432,435,867
2019-07-10T08:00:00+09:00,J1,938,587,1525
2019-07-10T08:00:00+09:00,J2,425,304,729
2019-07-10T08:00:00+09:00,J3,567,699,1266
2019-07-10T08:00:00+09:00,J4,728,963,1691
2019-07-10T08:00:00+09:00,J5,402,334,736
2019-07-10T08:15:00+09:00,J1,1054,603,1657
2019-07-10T08:15:00+09:00,J2,412,370,782
2019-07-10T08:15:00+09:00,J3,668,891,1559
2019-07-10T08:15:00+09:00,J4,779,1062,1841
2019-07-10T08:15:00+09:00,J5,331,274,605
2019-07-10T08:30:00+09:00,J1,1075,595,1670
2019-07-10T08:30:00+09:00,J2,442,318,760
2019-07-10T08:30:00+09:00,J3,850,883,1733
2019-07-10T08:30:00+09:00,J4,770,1078,1848
2019-07-10T08:30:00+09:00,J5,369,229,598
2019-07-10T08:45:00+09:00,J1,826,581,1407
2019-07-10T08:45:00+09:00,J2,366,346,712
2019-07-10T08:45:00+09:00,J3,782,705,1487
2019-07-10T08:45:00+09:00,J4,647,894,1541
2019-07-10T08:45:00+09:00,J5,309,198,507
2019-07-10T09:00:00+09:00,J1,656,532,1188
2019-07-10T09:00:00+09:00,J2,364,392,756
2019-07-10T09:00:00+09:00,J3,636,533,1169
2019-07-10T09:00:00+09:00,J4,600,769,1369
2019-07-10T09:00:00+09:00,J5,258,224,482
2019-07-10T09:15:00+09:00,J1,550,464,1014
2019-07-10T09:15:00+09:00,J2,309,341,650
2019-07-10T09:15:00+09:00,J3,673,514,1187
2019-07-10T09:15:00+09:00,J4,616,740,1356
2019-07-10T09:15:00+09:00,J5,282,205,487
2019-07-10T09:30:00+09:00,J1,625,508,1133
2019-07-10T09:30:00+09:00,J2,380,292,672
2019-07-10T09:30:00+09:00,J3,711,591,1302
2019-07-10T09:30:00+09:00,J4,636,666,1302
2019-07-10T09:30:00+09:00,J5,325,227,552
2019-07-10T09:45:00+09:00,J1,537,506,1043
2019-07-10T09:45:00+09:00,J2,405,307,712
2019-07-10T09:45:00+09:00,J3,777,573,1350
2019-07-10T09:45:00+09:00,J4,563,684,1247
2019-07-10T09:45:00+09:00,J5,308,206,514
2019-07-10T10:00:00+09:00,J1,464,531,995
2019-07-10T10:00:00+09:00,J2,380,302,682
2019-07-10T10:00:00+09:00,J3,709,580,1289
2019-07-10T10:00:00+09:00,J4,638,578,1216
2019-07-10T10:00:00+09:00,J5,293,268,561
2019-07-10T10:15:00+09:00,J1,590,548,1138
2019-07-10T10:15:00+09:00,J2,451,270,721
2019-07-10T10:15:00+09:00,J3,685,619,1304
2019-07-10T10:15:00+09:00,J4,553,570,1123
2019-07-10T10:15:00+09:00,J5,286,226,512
2019-07-10T10:30:00+09:00,J1,580,571,1151
2019-07-10T10:30:00+09:00,J2,464,288,752
2019-07-10T10:30:00+09:00,J3,689,654,1343
2019-07-10T10:30:00+09:00,J4,563,577,1140
2019-07-10T10:30:00+09:00,J5,279,254,533
2019-07-10T10:45:00+09:00,J1,602,628,1230
2019-07-10T10:45:00+09:00,J2,421,269,690
2019-07-10T10:45:00+09:00,J3,621,651,1272
2019-07-10T10:45:00+09:00,J4,485,467,952
2019-07-10T10:45:00+09:00,J5,274,241,515
2019-07-10T11:00:00+09:00,J1,586,642,1228
2019-07-10T11:00:00+09:00,J2,437,300,737
2019-07-10T11:00:00+09:00,J3,633,636,1269
2019-07-10T11:00:00+09:00,J4,444,508,952
2019-07-10T11:00:00+09:00,J5,249,248,497
2019-07-10T11:15:00+09:00,J1,716,711,1427
2019-07-10T11:15:00+09:00,J2,410,343,753
2019-07-10T11:15:00+09:00,J3,642,641,1283
2019-07-10T11:15:00+09:00,J4,436,506,942
2019-07-10T11:15:00+09:00,J5,276,279,555
2019-07-10T11:30:00+09:00,J1,762,710,1472
2019-07-10T11:30:00+09:00,J2,416,332,748
2019-07-10T11:30:00+09:00,J3,585,691,1276
2019-07-10T11:30:00+09:00,J4,434,483,917
2019-07-10T11:30:00+09:00,J5,290,288,578
2019-07-10T11:45:00+09:00,J1,700,679,1379
2019-07-10T11:45:00+09:00,J2,411,333,744
2019-07-10T11:45:00+09:00,J3,607,613,1220
2019-07-10T11:45:00+09:00,J4,380,425,805
2019-07-10T11:45:00+09:00,J5,222,245,467
2019-07-10T12:00:00+09:00,J1,672,745,1417
2019-07-10T12:00:00+09:00,J2,469,392,861
2019-07-10T12:00:00+09:00,J3,542,575,1117
2019-07-10T12:00:00+09:00,J4,499,427,926
2019-07-10T12:00:00+09:00,J5,270,323,593
2019-07-10T12:15:00+09:00,J1,639,657,1296
2019-07-10T12:15:00+09:00,J2,481,386,867
2019-07-10T12:15:00+09:00,J3,534,502,1036
2019-07-10T12:15:00+09:00,J4,463,455,918
2019-07-10T12:15:00+09:00,J5,286,315,601
2019-07-10T12:30:00+09:00,J1,574,636,1210
2019-07-10T12:30:00+09:00,J2,421,375,796
2019-07-10T12:30:00+09:00,J3,503,565,1068
2019-07-10T12:30:00+09:00,J4,427,417,844
2019-07-10T12:30:00+09:00,J5,290,294,584
2019-07-10T12:45:00+09:00,J1,564,567,1131
2019-07-10T12:45:00+09:00,J2,353,307,660
2019-07-10T12:45:00+09:00,J3,540,539,1079
2019-07-10T12:45:00+09:00,J4,410,401,811
2019-07-10T12:45:00+09:00,J5,271,310,581
2019-07-10T13:00:00+09:00,J1,538,586,1124
2019-07-10T13:00:00+09:00,J2,412,319,731
2019-07-10T13:00:00+09:00,J3,470,553,1023
2019-07-10T13:00:00+09:00,J4,401,359,760
2019-07-10T13:00:00+09:00,J5,282,360,642
2019-07-10T13:15:00+09:00,J1,537,663,1200
2019-07-10T13:15:00+09:00,J2,395,353,748
2019-07-10T13:15:00+09:00,J3,489,554,1043
2019-07-10T13:15:00+09:00,J4,434,374,808
2019-07-10T13:15:00+09:00,J5,299,336,635
2019-07-10T13:30:00+09:00,J1,595,647,1242
2019-07-10T13:30:00+09:00,J2,394,290,684
2019-07-10T13:30:00+09:00,J3,444,554,998
2019-07-10T13:30:00+09:00,J4,417,398,815
2019-07-10T13:30:00+09:00,J5,300,298,598
2019-07-10T13:45:00+09:00,J1,557,614,1171
2019-07-10T13:45:00+09:00,J2,325,329,654
2019-07-10T13:45:00+09:00,J3,424,466,890
2019-07-10T13:45:00+09:00,J4,391,367,758
2019-07-10T13:45:00+09:00,J5,294,367,661
2019-07-10T14:00:00+09:00,J1,546,664,1210
2019-07-10T14:00:00+09:00,J2,328,324,652
2019-07-10T14:00:00+09:00,J3,407,458,865
2019-07-10T14:00:00+09:00,J4,417,333,750
2019-07-10T14:00:00+09:00,J5,329,341,670
2019-07-10T14:15:00+09:00,J1,546,564,1110
2019-07-10T14:15:00+09:00,J2,357,312,669
2019-07-10T14:15:00+09:00,J3,435,475,910
2019-07-10T14:15:00+09:00,J4,459,366,825
2019-07-10T14:15:00+09:00,J5,299,318,617
2019-07-10T14:30:00+09:00,J1,601,671,1272
2019-07-10T14:30:00+09:00,J2,413,297,710
2019-07-10T14:30:00+09:00,J3,431,491,922
2019-07-10T14:30:00+09:00,J4,364,382,746
2019-07-10T14:30:00+09:00,J5,277,295,572
2019-07-10T14:45:00+09:00,J1,536,585,1121
2019-07-10T14:45:00+09:00,J2,401,259,660
2019-07-10T14:45:00+09:00,J3,430,510,940
2019-07-10T14:45:00+09:00,J4,451,433,884
2019-07-10T14:45:00+09:00,J5,289,296,585
2019-07-10T15:00:00+09:00,J1,515,637,1152
2019-07-10T15:00:00+09:00,J2,357,342,699
2019-07-10T15:00:00+09:00,J3,432,456,888
2019-07-10T15:00:00+09:00,J4,460,409,869
2019-07-10T15:00:00+09:00,J5,281,337,618
2019-07-10T15:15:00+09:00,J1,523,645,1168
2019-07-10T15:15:00+09:00,J2,403,406,809
2019-07-10T15:15:00+09:00,J3,435,534,969
2019-07-10T15:15:00+09:00,J4,400,350,750
2019-07-10T15:15:00+09:00,J5,275,320,595
2019-07-10T15:30:00+09:00,J1,530,668,1198
2019-07-10T15:30:00+09:00,J2,346,276,622
2019-07-10T15:30:00+09:00,J3,458,453,911
2019-07-10T15:30:00+09:00,J4,409,407,816
2019-07-10T15:30:00+09:00,J5,304,367,671
2019-07-10T15:45:00+09:00,J1,559,641,1200
2019-07-10T15:45:00+09:00,J2,348,307,655
2019-07-10T15:45:00+09:00,J3,402,446,848
2019-07-10T15:45:00+09:00,J4,373,349,722
2019-07-10T15:45:00+09:00,J5,311,369,680
2019-07-10T16:00:00+09:00,J1,585,632,1217
2019-07-10T16:00:00+09:00,J2,365,298,663
2019-07-10T16:00:00+09:00,J3,394,438,832
2019-07-10T16:00:00+09:00,J4,419,369,788
2019-07-10T16:00:00+09:00,J5,317,344,661
2019-07-10T16:15:00+09:00,J1,514,619,1133
2019-07-10T16:15:00+09:00,J2,431,346,777
2019-07-10T16:15:00+09:00,J3,458,500,958
2019-07-10T16:15:00+09:00,J4,469,423,892
2019-07-10T16:15:00+09:00,J5,323,343,666
2019-07-10T16:30:00+09:00,J1,534,628,1162
2019-07-10T16:30:00+09:00,J2,357,358,715
2019-07-10T16:30:00+09:00,J3,391,466,857
2019-07-10T16:30:00+09:00,J4,416,351,767
2019-07-10T16:30:00+09:00,J5,315,352,667
2019-07-10T16:45:00+09:00,J1,511,607,1118
2019-07-10T16:45:00+09:00,J2,367,329,696
2019-07-10T16:45:00+09:00,J3,447,429,876
2019-07-10T16:45:00+09:00,J4,364,332,696
2019-07-10T16:45:00+09:00,J5,320,329,649
2019-07-10T17:00:00+09:00,J1,571,777,1348
2019-07-10T17:00:00+09:00,J2,357,366,723
2019-07-10T17:00:00+09:00,J3,477,519,996
2019-07-10T17:00:00+09:00,J4,501,418,919
2019-07-10T17:00:00+09:00,J5,374,384,758
2019-07-10T17:15:00+09:00,J1,665,854,1519
2019-07-10T17:15:00+09:00,J2,411,358,769
2019-07-10T17:15:00+09:00,J3,503,579,1082
2019-07-10T17:15:00+09:00,J4,563,406,969
2019-07-10T17:15:00+09:00,J5,340,416,756
2019-07-10T17:30:00+09:00,J1,702,823,1525
2019-07-10T17:30:00+09:00,J2,449,387,836
2019-07-10T17:30:00+09:00,J3,555,603,1158
2019-07-10T17:30:00+09:00,J4,641,469,1110
2019-07-10T17:30:00+09:00,J5,366,403,769
2019-07-10T17:45:00+09:00,J1,698,844,1542
2019-07-10T17:45:00+09:00,J2,477,335,812
2019-07-10T17:45:00+09:00,J3,659,617,1276
2019-07-10T17:45:00+09:00,J4,730,478,1208
2019-07-10T17:45:00+09:00,J5,367,414,781
2019-07-10T18:00:00+09:00,J1,673,714,1387
2019-07-10T18:00:00+09:00,J2,515,338,853
2019-07-10T18:00:00+09:00,J3,705,632,1337
2019-07-10T18:00:00+09:00,J4,722,518,1240
2019-07-10T18:00:00+09:00,J5,366,443,809
2019-07-10T18:15:00+09:00,J1,700,748,1448
2019-07-10T18:15:00+09:00,J2,512,386,898
2019-07-10T18:15:00+09:00,J3,658,599,1257
2019-07-10T18:15:00+09:00,J4,727,490,1217
2019-07-10T18:15:00+09:00,J5,325,409,734
2019-07-10T18:30:00+09:00,J1,603,741,1344
2019-07-10T18:30:00+09:00,J2,478,401,879
2019-07-10T18:30:00+09:00,J3,537,480,1017
2019-07-10T18:30:00+09:00,J4,609,349,958
2019-07-10T18:30:00+09:00,J5,348,360,708
2019-07-10T18:45:00+09:00,J1,615,755,1370
2019-07-10T18:45:00+09:00,J2,442,306,748
2019-07-10T18:45:00+09:00,J3,584,442,1026
2019-07-10T18:45:00+09:00,J4,504,355,859
2019-07-10T18:45:00+09:00,J5,314,355,669
2019-07-10T19:00:00+09:00,J1,510,713,1223
2019-07-10T19:00:00+09:00,J2,386,291,677
2019-07-10T19:00:00+09:00,J3,573,525,1098
2019-07-10T19:00:00+09:00,J4,570,414,984
2019-07-10T19:00:00+09:00,J5,338,359,697
2019-07-10T19:15:00+09:00,J1,636,672,1308
2019-07-10T19:15:00+09:00,J2,394,336,730
2019-07-10T19:15:00+09:00,J3,573,508,1081
2019-07-10T19:15:00+09:00,J4,631,491,1122
2019-07-10T19:15:00+09:00,J5,325,352,677
2019-07-10T19:30:00+09:00,J1,548,641,1189
2019-07-10T19:30:00+09:00,J2,385,270,655
2019-07-10T19:30:00+09:00,J3,576,558,1134
2019-07-10T19:30:00+09:00,J4,673,638,1311
2019-07-10T19:30:00+09:00,J5,313,390,703
2019-07-10T19:45:00+09:00,J1,491,606,1097
2019-07-10T19:45:00+09:00,J2,322,267,589
2019-07-10T19:45:00+09:00,J3,616,600,1216
2019-07-10T19:45:00+09:00,J4,714,627,1341
2019-07-10T19:45:00+09:00,J5,341,305,646
2019-07-10T20:00:00+09:00,J1,529,616,1145
2019-07-10T20:00:00+09:00,J2,311,301,612
2019-07-10T20:00:00+09:00,J3,691,676,1367
2019-07-10T20:00:00+09:00,J4,752,665,1417
2019-07-10T20:00:00+09:00,J5,336,329,665
2019-07-10T20:15:00+09:00,J1,504,659,1163
2019-07-10T20:15:00+09:00,J2,373,332,705
2019-07-10T20:15:00+09:00,J3,692,614,1306
2019-07-10T20:15:00+09:00,J4,700,657,1357
2019-07-10T20:15:00+09:00,J5,347,321,668
2019-07-10T20:30:00+09:00,J1,461,538,999
2019-07-10T20:30:00+09:00,J2,360,258,618
2019-07-10T20:30:00+09:00,J3,665,562,1227
2019-07-10T20:30:00+09:00,J4,770,671,1441
2019-07-10T20:30:00+09:00,J5,354,315,669
2019-07-10T20:45:00+09:00,J1,468,538,1006
2019-07-10T20:45:00+09:00,J2,328,183,511
2019-07-10T20:45:00+09:00,J3,560,500,1060
2019-07-10T20:45:00+09:00,J4,691,609,1300
2019-07-10T20:45:00+09:00,J5,303,274,577
2019-07-10T21:00:00+09:00,J1,581,591,1172
2019-07-10T21:00:00+09:00,J2,287,177,464
2019-07-10T21:00:00+09:00,J3,612,438,1050
2019-07-10T21:00:00+09:00,J4,808,617,1425
2019-07-10T21:00:00+09:00,J5,363,301,664
2019-07-10T21:15:00+09:00,J1,550,602,1152
2019-07-10T21:15:00+09:00,J2,422,267,689
2019-07-10T21:15:00+09:00,J3,687,494,1181
2019-07-10T21:15:00+09:00,J4,850,743,1593
2019-07-10T21:15:00+09:00,J5,339,309,648
2019-07-10T21:30:00+09:00,J1,448,564,1012
2019-07-10T21:30:00+09:00,J2,266,219,485
2019-07-10T21:30:00+09:00,J3,601,435,1036
2019-07-10T21:30:00+09:00,J4,714,682,1396
2019-07-10T21:30:00+09:00,J5,352,291,643
2019-07-10T21:45:00+09:00,J1,457,472,929
2019-07-10T21:45:00+09:00,J2,267,134,401
2019-07-10T21:45:00+09:00,J3,559,388,947
2019-07-10T21:45:00+09:00,J4,695,638,1333
2019-07-10T21:45:00+09:00,J5,335,278,613
2019-07-10T22:00:00+09:00,J1,445,481,926
2019-07-10T22:00:00+09:00,J2,220,155,375
2019-07-10T22:00:00+09:00,J3,553,412,965
2019-07-10T22:00:00+09:00,J4,765,772,1537
2019-07-10T22:00:00+09:00,J5,374,328,702
2019-07-10T22:15:00+09:00,J1,446,471,917
2019-07-10T22:15:00+09:00,J2,250,160,410
2019-07-10T22:15:00+09:00,J3,539,350,889
2019-07-10T22:15:00+09:00,J4,722,759,1481
2019-07-10T22:15:00+09:00,J5,317,337,654
2019-07-10T22:30:00+09:00,J1,433,446,879
2019-07-10T22:30:00+09:00,J2,210,165,375
2019-07-10T22:30:00+09:00,J3,499,379,878
2019-07-10T22:30:00+09:00,J4,734,668,1402
2019-07-10T22:30:00+09:00,J5,321,269,590
2019-07-10T22:45:00+09:00,J1,391,466,857
2019-07-10T22:45:00+09:00,J2,195,212,407
2019-07-10T22:45:00+09:00,J3,494,370,864
2019-07-10T22:45:00+09:00,J4,782,754,1536
2019-07-10T22:45:00+09:00,J5,163,138,301
2019-07-10T23:00:00+09:00,J1,379,431,810
2019-07-10T23:00:00+09:00,J2,184,197,381
2019-07-10T23:00:00+09:00,J3,445,376,821
2019-07-10T23:00:00+09:00,J4,658,623,1281
2019-07-10T23:00:00+09:00,J5,135,102,237
2019-07-10T23:15:00+09:00,J1,426,494,920
2019-07-10T23:15:00+09:00,J2,145,225,370
2019-07-10T23:15:00+09:00,J3,442,334,776
2019-07-10T23:15:00+09:00,J4,701,653,1354
2019-07-10T23:15:00+09:00,J5,132,101,233
2019-07-10T23:30:00+09:00,J1,377,408,785
2019-07-10T23:30:00+09:00,J2,199,227,426
2019-07-10T23:30:00+09:00,J3,424,348,772
2019-07-10T23:30:00+09:00,J4,697,690,1387
2019-07-10T23:30:00+09:00,J5,171,125,296
2019-07-10T23:45:00+09:00,J1,266,318,584
2019-07-10T23:45:00+09:00,J2,183,233,416
2019-07-10T23:45:00+09:00,J3,392,324,716
2019-07-10T23:45:00+09:00,J4,628,504,1132
2019-07-10T23:45:00+09:00,J5,167,143,310
2019-07-11T00:00:00+09:00,J1,257,282,539
2019-07-11T00:00:00+09:00,J2,161,224,385
2019-07-11T00:00:00+09:00,J3,356,306,662
2019-07-11T00:00:00+09:00,J4,479,407,886
2019-07-11T00:00:00+09:00,J5,229,221,450
2019-07-11T00:15:00+09:00,J1,174,144,318
2019-07-11T00:15:00+09:00,J2,188,159,347
2019-07-11T00:15:00+09:00,J3,307,287,594
2019-07-11T00:15:00+09:00,J4,334,309,643
2019-07-11T00:15:00+09:00,J5,304,354,658
2019-07-11T00:30:00+09:00,J1,118,179,297
2019-07-11T00:30:00+09:00,J2,198,156,354
2019-07-11T00:30:00+09:00,J3,359,301,660
2019-07-11T00:30:00+09:00,J4,218,206,424
2019-07-11T00:30:00+09:00,J5,228,209,437
2019-07-11T00:45:00+09:00,J1,140,177,317
2019-07-11T00:45:00+09:00,J2,232,188,420
2019-07-11T00:45:00+09:00,J3,341,387,728
2019-07-11T00:45:00+09:00,J4,244,198,442
2019-07-11T00:45:00+09:00,J5,207,225,432
2019-07-11T05:45:00+09:00,J1,198,225,423
2019-07-11T05:45:00+09:00,J2,365,278,643
2019-07-11T05:45:00+09:00,J3,446,323,769
2019-07-11T05:45:00+09:00,J4,269,270,539
2019-07-11T05:45:00+09:00,J5,134,189,323
2019-07-11T06:00:00+09:00,J1,197,221,418
2019-07-11T06:00:00+09:00,J2,382,294,676
2019-07-11T06:00:00+09:00,J3,419,364,783
2019-07-11T06:00:00+09:00,J4,393,351,744
2019-07-11T06:00:00+09:00,J5,195,219,414
2019-07-11T06:15:00+09:00,J1,261,228,489
2019-07-11T06:15:00+09:00,J2,365,413,778
2019-07-11T06:15:00+09:00,J3,385,329,714
2019-07-11T06:15:00+09:00,J4,454,361,815
2019-07-11T06:15:00+09:00,J5,235,243,478
2019-07-11T06:30:00+09:00,J1,242,227,469
2019-07-11T06:30:00+09:00,J2,381,374,755
2019-07-11T06:30:00+09:00,J3,333,301,634
2019-07-11T06:30:00+09:00,J4,421,394,815
2019-07-11T06:30:00+09:00,J5,234,238,472
2019-07-11T06:45:00+09:00,J1,326,292,618
2019-07-11T06:45:00+09:00,J2,337,263,600
2019-07-11T06:45:00+09:00,J3,351,411,762
2019-07-11T06:45:00+09:00,J4,361,413,774
2019-07-11T06:45:00+09:00,J5,237,236,473
2019-07-11T07:00:00+09:00,J1,411,361,772
2019-07-11T07:00:00+09:00,J2,301,233,534
2019-07-11T07:00:00+09:00,J3,364,357,721
2019-07-11T07:00:00+09:00,J4,430,488,918
2019-07-11T07:00:00+09:00,J5,214,267,481
2019-07-11T07:15:00+09:00,J1,440,336,776
2019-07-11T07:15:00+09:00,J2,329,246,575
2019-07-11T07:15:00+09:00,J3,383,385,768
2019-07-11T07:15:00+09:00,J4,438,467,905
2019-07-11T07:15:00+09:00,J5,235,322,557
2019-07-11T07:30:00+09:00,J1,437,385,822
2019-07-11T07:30:00+09:00,J2,336,220,556
2019-07-11T07:30:00+09:00,J3,398,472,870
2019-07-11T07:30:00+09:00,J4,570,612,1182
2019-07-11T07:30:00+09:00,J5,369,402,771
2019-07-11T07:45:00+09:00,J1,646,435,1081
2019-07-11T07:45:00+09:00,J2,381,267,648
2019-07-11T07:45:00+09:00,J3,492,543,1035
2019-07-11T07:45:00+09:00,J4,637,754,1391
2019-07-11T07:45:00+09:00,J5,379,344,723
2019-07-11T08:00:00+09:00,J1,885,557,1442
2019-07-11T08:00:00+09:00,J2,506,368,874
2019-07-11T08:00:00+09:00,J3,570,689,1259
2019-07-11T08:00:00+09:00,J4,642,913,1555
2019-07-11T08:00:00+09:00,J5,302,253,555
2019-07-11T08:15:00+09:00,J1,1165,615,1780
2019-07-11T08:15:00+09:00,J2,639,421,1060
2019-07-11T08:15:00+09:00,J3,767,843,1610
2019-07-11T08:15:00+09:00,J4,667,1030,1697
2019-07-11T08:15:00+09:00,J5,330,264,594
2019-07-11T08:30:00+09:00,J1,1068,628,1696
2019-07-11T08:30:00+09:00,J2,715,407,1122
2019-07-11T08:30:00+09:00,J3,808,880,1688
2019-07-11T08:30:00+09:00,J4,726,1026,1752
2019-07-11T08:30:00+09:00,J5,370,328,698
2019-07-11T08:45:00+09:00,J1,824,612,1436
2019-07-11T08:45:00+09:00,J2,495,320,815
2019-07-11T08:45:00+09:00,J3,739,796,1535
2019-07-11T08:45:00+09:00,J4,620,873,1493
2019-07-11T08:45:00+09:00,J5,308,252,560
2019-07-11T09:00:00+09:00,J1,684,470,1154
2019-07-11T09:00:00+09:00,J2,448,341,789
2019-07-11T09:00:00+09:00,J3,765,533,1298
2019-07-11T09:00:00+09:00,J4,555,685,1240
2019-07-11T09:00:00+09:00,J5,321,240,561
2019-07-11T09:15:00+09:00,J1,564,450,1014
2019-07-11T09:15:00+09:00,J2,435,327,762
2019-07-11T09:15:00+09:00,J3,704,607,1311
2019-07-11T09:15:00+09:00,J4,535,708,1243
2019-07-11T09:15:00+09:00,J5,316,203,519
2019-07-11T09:30:00+09:00,J1,656,469,1125
2019-07-11T09:30:00+09:00,J2,474,378,852
2019-07-11T09:30:00+09:00,J3,756,669,1425
2019-07-11T09:30:00+09:00,J4,568,624,1192
2019-07-11T09:30:00+09:00,J5,288,234,522
2019-07-11T09:45:00+09:00,J1,548,470,1018
2019-07-11T09:45:00+09:00,J2,397,306,703
2019-07-11T09:45:00+09:00,J3,760,687,1447
2019-07-11T09:45:00+09:00,J4,565,632,1197
2019-07-11T09:45:00+09:00,J5,251,247,498
2019-07-11T10:00:00+09:00,J1,518,503,1021
2019-07-11T10:00:00+09:00,J2,445,309,754
2019-07-11T10:00:00+09:00,J3,695,705,1400
2019-07-11T10:00:00+09:00,J4,654,642,1296
2019-07-11T10:00:00+09:00,J5,240,222,462
2019-07-11T10:15:00+09:00,J1,575,533,1108
2019-07-11T10:15:00+09:00,J2,489,349,838
2019-07-11T10:15:00+09:00,J3,681,709,1390
2019-07-11T10:15:00+09:00,J4,536,625,1161
2019-07-11T10:15:00+09:00,J5,237,244,481
2019-07-11T10:30:00+09:00,J1,607,594,1201
2019-07-11T10:30:00+09:00,J2,484,404,888
2019-07-11T10:30:00+09:00,J3,648,633,1281
2019-07-11T10:30:00+09:00,J4,524,537,1061
2019-07-11T10:30:00+09:00,J5,264,234,498
2019-07-11T10:45:00+09:00,J1,648,605,1253
2019-07-11T10:45:00+09:00,J2,512,445,957
2019-07-11T10:45:00+09:00,J3,665,708,1373
2019-07-11T10:45:00+09:00,J4,584,610,1194
2019-07-11T10:45:00+09:00,J5,241,253,494
2019-07-11T11:00:00+09:00,J1,569,549,1118
2019-07-11T11:00:00+09:00,J2,557,491,1048
2019-07-11T11:00:00+09:00,J3,683,643,1326
2019-07-11T11:00:00+09:00,J4,615,623,1238
2019-07-11T11:00:00+09:00,J5,228,277,505
2019-07-11T11:15:00+09:00,J1,674,617,1291
2019-07-11T11:15:00+09:00,J2,534,553,1087
2019-07-11T11:15:00+09:00,J3,739,750,1489
2019-07-11T11:15:00+09:00,J4,574,528,1102
2019-07-11T11:15:00+09:00,J5,230,259,489
2019-07-11T11:30:00+09:00,J1,701,744,1445
2019-07-11T11:30:00+09:00,J2,501,507,1008
2019-07-11T11:30:00+09:00,J3,772,747,1519
2019-07-11T11:30:00+09:00,J4,508,600,1108
2019-07-11T11:30:00+09:00,J5,246,287,533
2019-07-11T11:45:00+09:00,J1,728,696,1424
2019-07-11T11:45:00+09:00,J2,551,521,1072
2019-07-11T11:45:00+09:00,J3,777,764,1541
2019-07-11T11:45:00+09:00,J4,547,550,1097
2019-07-11T11:45:00+09:00,J5,216,249,465
2019-07-11T12:00:00+09:00,J1,723,813,1536
2019-07-11T12:00:00+09:00,J2,498,550,1048
2019-07-11T12:00:00+09:00,J3,793,725,1518
2019-07-11T12:00:00+09:00,J4,564,554,1118
2019-07-11T12:00:00+09:00,J5,342,338,680
2019-07-11T12:15:00+09:00,J1,730,677,1407
2019-07-11T12:15:00+09:00,J2,515,528,1043
2019-07-11T12:15:00+09:00,J3,714,686,1400
2019-07-11T12:15:00+09:00,J4,562,534,1096
2019-07-11T12:15:00+09:00,J5,269,328,597
2019-07-11T12:30:00+09:00,J1,628,695,1323
2019-07-11T12:30:00+09:00,J2,514,484,998
2019-07-11T12:30:00+09:00,J3,756,697,1453
2019-07-11T12:30:00+09:00,J4,584,636,1220
2019-07-11T12:30:00+09:00,J5,285,297,582
2019-07-11T12:45:00+09:00,J1,674,721,1395
2019-07-11T12:45:00+09:00,J2,436,495,931
2019-07-11T12:45:00+09:00,J3,737,716,1453
2019-07-11T12:45:00+09:00,J4,558,570,1128
2019-07-11T12:45:00+09:00,J5,238,269,507
2019-07-11T13:00:00+09:00,J1,671,697,1368
2019-07-11T13:00:00+09:00,J2,494,483,977
2019-07-11T13:00:00+09:00,J3,694,717,1411
2019-07-11T13:00:00+09:00,J4,516,531,1047
2019-07-11T13:00:00+09:00,J5,258,275,533
2019-07-11T13:15:00+09:00,J1,632,783,1415
2019-07-11T13:15:00+09:00,J2,460,520,980
2019-07-11T13:15:00+09:00,J3,710,759,1469
2019-07-11T13:15:00+09:00,J4,538,548,1086
2019-07-11T13:15:00+09:00,J5,274,304,578
2019-07-11T13:30:00+09:00,J1,584,701,1285
2019-07-11T13:30:00+09:00,J2,404,511,915
2019-07-11T13:30:00+09:00,J3,677,703,1380
2019-07-11T13:30:00+09:00,J4,514,509,1023
2019-07-11T13:30:00+09:00,J5,214,280,494
2019-07-11T13:45:00+09:00,J1,589,649,1238
2019-07-11T13:45:00+09:00,J2,433,482,915
2019-07-11T13:45:00+09:00,J3,719,677,1396
2019-07-11T13:45:00+09:00,J4,563,559,1122
2019-07-11T13:45:00+09:00,J5,194,221,415
2019-07-11T14:00:00+09:00,J1,627,658,1285
2019-07-11T14:00:00+09:00,J2,453,429,882
2019-07-11T14:00:00+09:00,J3,675,661,1336
2019-07-11T14:00:00+09:00,J4,453,509,962
2019-07-11T14:00:00+09:00,J5,198,276,474
2019-07-11T14:15:00+09:00,J1,601,629,1230
2019-07-11T14:15:00+09:00,J2,446,454,900
2019-07-11T14:15:00+09:00,J3,683,676,1359
2019-07-11T14:15:00+09:00,J4,507,470,977
2019-07-11T14:15:00+09:00,J5,233,257,490
2019-07-11T14:30:00+09:00,J1,573,690,1263
2019-07-11T14:30:00+09:00,J2,391,460,851
2019-07-11T14:30:00+09:00,J3,674,673,1347
2019-07-11T14:30:00+09:00,J4,492,497,989
2019-07-11T14:30:00+09:00,J5,271,315,586
2019-07-11T14:45:00+09:00,J1,561,714,1275
2019-07-11T14:45:00+09:00,J2,421,489,910
2019-07-11T14:45:00+09:00,J3,676,641,1317
2019-07-11T14:45:00+09:00,J4,451,426,877
2019-07-11T14:45:00+09:00,J5,175,236,411
2019-07-11T15:00:00+09:00,J1,534,698,1232
2019-07-11T15:00:00+09:00,J2,477,441,918
2019-07-11T15:00:00+09:00,J3,750,777,1527
2019-07-11T15:00:00+09:00,J4,511,479,990
2019-07-11T15:00:00+09:00,J5,177,250,427
2019-07-11T15:15:00+09:00,J1,529,631,1160
2019-07-11T15:15:00+09:00,J2,446,481,927
2019-07-11T15:15:00+09:00,J3,702,728,1430
2019-07-11T15:15:00+09:00,J4,529,507,1036
2019-07-11T15:15:00+09:00,J5,206,255,461
2019-07-11T15:30:00+09:00,J1,614,731,1345
2019-07-11T15:30:00+09:00,J2,503,527,1030
2019-07-11T15:30:00+09:00,J3,771,731,1502
2019-07-11T15:30:00+09:00,J4,549,518,1067
2019-07-11T15:30:00+09:00,J5,224,274,498
2019-07-11T15:45:00+09:00,J1,559,640,1199
2019-07-11T15:45:00+09:00,J2,520,509,1029
2019-07-11T15:45:00+09:00,J3,801,723,1524
2019-07-11T15:45:00+09:00,J4,456,468,924
2019-07-11T15:45:00+09:00,J5,213,243,456
2019-07-11T16:00:00+09:00,J1,598,662,1260
2019-07-11T16:00:00+09:00,J2,540,505,1045
2019-07-11T16:00:00+09:00,J3,760,734,1494
2019-07-11T16:00:00+09:00,J4,545,539,1084
2019-07-11T16:00:00+09:00,J5,232,257,489
2019-07-11T16:15:00+09:00,J1,638,740,1378
2019-07-11T16:15:00+09:00,J2,522,516,1038
2019-07-11T16:15:00+09:00,J3,762,786,1548
2019-07-11T16:15:00+09:00,J4,601,539,1140
2019-07-11T16:15:00+09:00,J5,207,292,499
2019-07-11T16:30:00+09:00,J1,649,730,1379
2019-07-11T16:30:00+09:00,J2,562,524,1086
2019-07-11T16:30:00+09:00,J3,795,697,1492
2019-07-11T16:30:00+09:00,J4,479,502,981
2019-07-11T16:30:00+09:00,J5,221,238,459
2019-07-11T16:45:00+09:00,J1,567,685,1252
2019-07-11T16:45:00+09:00,J2,536,521,1057
2019-07-11T16:45:00+09:00,J3,731,635,1366
2019-07-11T16:45:00+09:00,J4,461,485,946
2019-07-11T16:45:00+09:00,J5,197,308,505
2019-07-11T17:00:00+09:00,J1,595,741,1336
2019-07-11T17:00:00+09:00,J2,543,643,1186
2019-07-11T17:00:00+09:00,J3,862,749,1611
2019-07-11T17:00:00+09:00,J4,533,535,1068
2019-07-11T17:00:00+09:00,J5,251,324,575
2019-07-11T17:15:00+09:00,J1,673,858,1531
2019-07-11T17:15:00+09:00,J2,580,689,1269
2019-07-11T17:15:00+09:00,J3,865,808,1673
2019-07-11T17:15:00+09:00,J4,584,496,1080
2019-07-11T17:15:00+09:00,J5,298,385,683
2019-07-11T17:30:00+09:00,J1,755,885,1640
2019-07-11T17:30:00+09:00,J2,661,653,1314
2019-07-11T17:30:00+09:00,J3,903,815,1718
2019-07-11T17:30:00+09:00,J4,626,495,1121
2019-07-11T17:30:00+09:00,J5,283,404,687
2019-07-11T17:45:00+09:00,J1,699,975,1674
2019-07-11T17:45:00+09:00,J2,654,667,1321
2019-07-11T17:45:00+09:00,J3,938,813,1751
2019-07-11T17:45:00+09:00,J4,756,584,1340
2019-07-11T17:45:00+09:00,J5,307,393,700
2019-07-11T18:00:00+09:00,J1,774,1097,1871
2019-07-11T18:00:00+09:00,J2,624,660,1284
2019-07-11T18:00:00+09:00,J3,927,852,1779
2019-07-11T18:00:00+09:00,J4,770,594,1364
2019-07-11T18:00:00+09:00,J5,275,425,700
2019-07-11T18:15:00+09:00,J1,772,1067,1839
2019-07-11T18:15:00+09:00,J2,626,666,1292
2019-07-11T18:15:00+09:00,J3,901,845,1746
2019-07-11T18:15:00+09:00,J4,739,552,1291
2019-07-11T18:15:00+09:00,J5,302,409,711
2019-07-11T18:30:00+09:00,J1,740,801,1541
2019-07-11T18:30:00+09:00,J2,704,547,1251
2019-07-11T18:30:00+09:00,J3,886,766,1652
2019-07-11T18:30:00+09:00,J4,681,491,1172
2019-07-11T18:30:00+09:00,J5,290,380,670
2019-07-11T18:45:00+09:00,J1,650,743,1393
2019-07-11T18:45:00+09:00,J2,585,399,984
2019-07-11T18:45:00+09:00,J3,803,756,1559
2019-07-11T18:45:00+09:00,J4,735,560,1295
2019-07-11T18:45:00+09:00,J5,289,374,663
2019-07-11T19:00:00+09:00,J1,626,719,1345
2019-07-11T19:00:00+09:00,J2,528,400,928
2019-07-11T19:00:00+09:00,J3,854,761,1615
2019-07-11T19:00:00+09:00,J4,618,635,1253
2019-07-11T19:00:00+09:00,J5,337,338,675
2019-07-11T19:15:00+09:00,J1,619,730,1349
2019-07-11T19:15:00+09:00,J2,528,430,958
2019-07-11T19:15:00+09:00,J3,809,758,1567
2019-07-11T19:15:00+09:00,J4,804,654,1458
2019-07-11T19:15:00+09:00,J5,342,369,711
2019-07-11T19:30:00+09:00,J1,581,671,1252
2019-07-11T19:30:00+09:00,J2,483,343,826
2019-07-11T19:30:00+09:00,J3,752,570,1322
2019-07-11T19:30:00+09:00,J4,728,672,1400
2019-07-11T19:30:00+09:00,J5,327,338,665
2019-07-11T19:45:00+09:00,J1,487,607,1094
2019-07-11T19:45:00+09:00,J2,472,326,798
2019-07-11T19:45:00+09:00,J3,654,668,1322
2019-07-11T19:45:00+09:00,J4,655,652,1307
2019-07-11T19:45:00+09:00,J5,283,293,576
2019-07-11T20:00:00+09:00,J1,524,612,1136
2019-07-11T20:00:00+09:00,J2,460,349,809
2019-07-11T20:00:00+09:00,J3,683,565,1248
2019-07-11T20:00:00+09:00,J4,728,647,1375
2019-07-11T20:00:00+09:00,J5,315,329,644
2019-07-11T20:15:00+09:00,J1,497,641,1138
2019-07-11T20:15:00+09:00,J2,504,335,839
2019-07-11T20:15:00+09:00,J3,739,558,1297
2019-07-11T20:15:00+09:00,J4,692,621,1313
2019-07-11T20:15:00+09:00,J5,297,292,589
2019-07-11T20:30:00+09:00,J1,463,560,1023
2019-07-11T20:30:00+09:00,J2,483,325,808
2019-07-11T20:30:00+09:00,J3,714,546,1260
2019-07-11T20:30:00+09:00,J4,733,667,1400
2019-07-11T20:30:00+09:00,J5,283,251,534
2019-07-11T20:45:00+09:00,J1,467,578,1045
2019-07-11T20:45:00+09:00,J2,316,313,629
2019-07-11T20:45:00+09:00,J3,639,466,1105
2019-07-11T20:45:00+09:00,J4,696,662,1358
2019-07-11T20:45:00+09:00,J5,291,238,529
2019-07-11T21:00:00+09:00,J1,458,569,1027
2019-07-11T21:00:00+09:00,J2,359,327,686
2019-07-11T21:00:00+09:00,J3,649,438,1087
2019-07-11T21:00:00+09:00,J4,840,723,1563
2019-07-11T21:00:00+09:00,J5,345,308,653
2019-07-11T21:15:00+09:00,J1,522,578,1100
2019-07-11T21:15:00+09:00,J2,363,283,646
2019-07-11T21:15:00+09:00,J3,632,511,1143
2019-07-11T21:15:00+09:00,J4,778,662,1440
2019-07-11T21:15:00+09:00,J5,436,433,869
2019-07-11T21:30:00+09:00,J1,477,594,1071
2019-07-11T21:30:00+09:00,J2,293,278,571
2019-07-11T21:30:00+09:00,J3,577,439,1016
2019-07-11T21:30:00+09:00,J4,757,648,1405
2019-07-11T21:30:00+09:00,J5,368,331,699
2019-07-11T21:45:00+09:00,J1,451,524,975
2019-07-11T21:45:00+09:00,J2,283,294,577
2019-07-11T21:45:00+09:00,J3,442,405,847
2019-07-11T21:45:00+09:00,J4,697,596,1293
2019-07-11T21:45:00+09:00,J5,421,411,832
2019-07-11T22:00:00+09:00,J1,510,465,975
2019-07-11T22:00:00+09:00,J2,291,319,610
2019-07-11T22:00:00+09:00,J3,399,364,763
2019-07-11T22:00:00+09:00,J4,672,608,1280
2019-07-11T22:00:00+09:00,J5,435,454,889
2019-07-11T22:15:00+09:00,J1,422,468,890
2019-07-11T22:15:00+09:00,J2,254,273,527
2019-07-11T22:15:00+09:00,J3,398,393,791
2019-07-11T22:15:00+09:00,J4,692,544,1236
2019-07-11T22:15:00+09:00,J5,423,450,873
2019-07-11T22:30:00+09:00,J1,461,489,950
2019-07-11T22:30:00+09:00,J2,237,343,580
2019-07-11T22:30:00+09:00,J3,402,402,804
2019-07-11T22:30:00+09:00,J4,731,644,1375
2019-07-11T22:30:00+09:00,J5,376,389,765
2019-07-11T22:45:00+09:00,J1,408,519,927
2019-07-11T22:45:00+09:00,J2,242,321,563
2019-07-11T22:45:00+09:00,J3,367,324,691
2019-07-11T22:45:00+09:00,J4,637,583,1220
2019-07-11T22:45:00+09:00,J5,289,347,636
2019-07-11T23:00:00+09:00,J1,416,488,904
2019-07-11T23:00:00+09:00,J2,234,313,547
2019-07-11T23:00:00+09:00,J3,309,302,611
2019-07-11T23:00:00+09:00,J4,646,635,1281
2019-07-11T23:00:00+09:00,J5,269,288,557
2019-07-11T23:15:00+09:00,J1,456,502,958
2019-07-11T23:15:00+09:00,J2,208,268,476
2019-07-11T23:15:00+09:00,J3,279,323,602
2019-07-11T23:15:00+09:00,J4,589,614,1203
2019-07-11T23:15:00+09:00,J5,311,309,620
2019-07-11T23:30:00+09:00,J1,423,421,844
2019-07-11T23:30:00+09:00,J2,203,249,452
2019-07-11T23:30:00+09:00,J3,315,289,604
2019-07-11T23:30:00+09:00,J4,630,605,1235
2019-07-11T23:30:00+09:00,J5,339,341,680
2019-07-11T23:45:00+09:00,J1,395,413,808
2019-07-11T23:45:00+09:00,J2,227,239,466
2019-07-11T23:45:00+09:00,J3,304,247,551
2019-07-11T23:45:00+09:00,J4,661,493,1154
2019-07-11T23:45:00+09:00,J5,317,341,658
2019-07-12T00:00:00+09:00,J1,452,428,880
2019-07-12T00:00:00+09:00,J2,310,319,629
2019-07-12T00:00:00+09:00,J3,299,246,545
2019-07-12T00:00:00+09:00,J4,333,266,599
2019-07-12T00:00:00+09:00,J5,270,339,609
2019-07-12T00:15:00+09:00,J1,220,184,404
2019-07-12T00:15:00+09:00,J2,365,303,668
2019-07-12T00:15:00+09:00,J3,362,290,652
2019-07-12T00:15:00+09:00,J4,201,190,391
2019-07-12T00:15:00+09:00,J5,224,206,430
2019-07-12T00:30:00+09:00,J1,211,159,370
2019-07-12T00:30:00+09:00,J2,301,267,568
2019-07-12T00:30:00+09:00,J3,332,344,676
2019-07-12T00:30:00+09:00,J4,327,306,633
2019-07-12T00:30:00+09:00,J5,202,234,436
2019-07-12T00:45:00+09:00,J1,196,140,336
2019-07-12T00:45:00+09:00,J2,283,231,514
2019-07-12T00:45:00+09:00,J3,310,267,577
2019-07-12T00:45:00+09:00,J4,448,367,815
2019-07-12T00:45:00+09:00,J5,202,223,425
2019-07-12T05:45:00+09:00,J1,196,182,378
2019-07-12T05:45:00+09:00,J2,299,259,558
2019-07-12T05:45:00+09:00,J3,405,377,782
2019-07-12T05:45:00+09:00,J4,542,587,1129
2019-07-12T05:45:00+09:00,J5,199,239,438
2019-07-12T06:00:00+09:00,J1,185,166,351
2019-07-12T06:00:00+09:00,J2,336,316,652
2019-07-12T06:00:00+09:00,J3,249,223,472
2019-07-12T06:00:00+09:00,J4,561,639,1200
2019-07-12T06:00:00+09:00,J5,278,398,676
2019-07-12T06:15:00+09:00,J1,308,318,626
2019-07-12T06:15:00+09:00,J2,366,280,646
2019-07-12T06:15:00+09:00,J3,243,250,493
2019-07-12T06:15:00+09:00,J4,559,600,1159
2019-07-12T06:15:00+09:00,J5,311,456,767
2019-07-12T06:30:00+09:00,J1,307,298,605
2019-07-12T06:30:00+09:00,J2,337,283,620
2019-07-12T06:30:00+09:00,J3,235,247,482
2019-07-12T06:30:00+09:00,J4,546,641,1187
2019-07-12T06:30:00+09:00,J5,322,397,719
2019-07-12T06:45:00+09:00,J1,363,304,667
2019-07-12T06:45:00+09:00,J2,323,233,556
2019-07-12T06:45:00+09:00,J3,280,272,552
2019-07-12T06:45:00+09:00,J4,597,580,1177
2019-07-12T06:45:00+09:00,J5,319,368,687
2019-07-12T07:00:00+09:00,J1,408,314,722
2019-07-12T07:00:00+09:00,J2,327,237,564
2019-07-12T07:00:00+09:00,J3,305,268,573
2019-07-12T07:00:00+09:00,J4,609,654,1263
2019-07-12T07:00:00+09:00,J5,338,471,809
2019-07-12T07:15:00+09:00,J1,465,394,859
2019-07-12T07:15:00+09:00,J2,336,233,569
2019-07-12T07:15:00+09:00,J3,310,304,614
2019-07-12T07:15:00+09:00,J4,685,721,1406
2019-07-12T07:15:00+09:00,J5,373,435,808
2019-07-12T07:30:00+09:00,J1,510,380,890
2019-07-12T07:30:00+09:00,J2,301,266,567
2019-07-12T07:30:00+09:00,J3,407,461,868
2019-07-12T07:30:00+09:00,J4,604,752,1356
2019-07-12T07:30:00+09:00,J5,393,410,803
2019-07-12T07:45:00+09:00,J1,683,558,1241
2019-07-12T07:45:00+09:00,J2,320,243,563
2019-07-12T07:45:00+09:00,J3,478,567,1045
2019-07-12T07:45:00+09:00,J4,567,842,1409
2019-07-12T07:45:00+09:00,J5,371,364,735
2019-07-12T08:00:00+09:00,J1,923,638,1561
2019-07-12T08:00:00+09:00,J2,401,278,679
2019-07-12T08:00:00+09:00,J3,542,734,1276
2019-07-12T08:00:00+09:00,J4,679,950,1629
2019-07-12T08:00:00+09:00,J5,396,371,767
2019-07-12T08:15:00+09:00,J1,1048,736,1784
2019-07-12T08:15:00+09:00,J2,397,373,770
2019-07-12T08:15:00+09:00,J3,653,878,1531
2019-07-12T08:15:00+09:00,J4,745,1110,1855
2019-07-12T08:15:00+09:00,J5,341,314,655
2019-07-12T08:30:00+09:00,J1,1135,692,1827
2019-07-12T08:30:00+09:00,J2,488,364,852
2019-07-12T08:30:00+09:00,J3,724,932,1656
2019-07-12T08:30:00+09:00,J4,733,1127,1860
2019-07-12T08:30:00+09:00,J5,374,299,673
2019-07-12T08:45:00+09:00,J1,826,581,1407
2019-07-12T08:45:00+09:00,J2,310,258,568
2019-07-12T08:45:00+09:00,J3,603,730,1333
2019-07-12T08:45:00+09:00,J4,616,994,1610
2019-07-12T08:45:00+09:00,J5,375,301,676
2019-07-12T09:00:00+09:00,J1,725,567,1292
2019-07-12T09:00:00+09:00,J2,342,254,596
2019-07-12T09:00:00+09:00,J3,509,609,1118
2019-07-12T09:00:00+09:00,J4,726,908,1634
2019-07-12T09:00:00+09:00,J5,388,410,798
2019-07-12T09:15:00+09:00,J1,675,585,1260
2019-07-12T09:15:00+09:00,J2,397,266,663
2019-07-12T09:15:00+09:00,J3,484,586,1070
2019-07-12T09:15:00+09:00,J4,663,905,1568
2019-07-12T09:15:00+09:00,J5,372,424,796
2019-07-12T09:30:00+09:00,J1,687,520,1207
2019-07-12T09:30:00+09:00,J2,336,264,600
2019-07-12T09:30:00+09:00,J3,543,590,1133
2019-07-12T09:30:00+09:00,J4,698,927,1625
2019-07-12T09:30:00+09:00,J5,322,318,640
2019-07-12T09:45:00+09:00,J1,644,555,1199
2019-07-12T09:45:00+09:00,J2,351,310,661
2019-07-12T09:45:00+09:00,J3,552,544,1096
2019-07-12T09:45:00+09:00,J4,686,749,1435
2019-07-12T09:45:00+09:00,J5,318,321,639
2019-07-12T10:00:00+09:00,J1,579,608,1187
2019-07-12T10:00:00+09:00,J2,285,270,555
2019-07-12T10:00:00+09:00,J3,454,477,931
2019-07-12T10:00:00+09:00,J4,730,775,1505
2019-07-12T10:00:00+09:00,J5,259,279,538
2019-07-12T10:15:00+09:00,J1,613,577,1190
2019-07-12T10:15:00+09:00,J2,316,297,613
2019-07-12T10:15:00+09:00,J3,545,514,1059
2019-07-12T10:15:00+09:00,J4,742,783,1525
2019-07-12T10:15:00+09:00,J5,278,252,530
2019-07-12T10:30:00+09:00,J1,618,630,1248
2019-07-12T10:30:00+09:00,J2,369,390,759
2019-07-12T10:30:00+09:00,J3,564,515,1079
2019-07-12T10:30:00+09:00,J4,713,750,1463
2019-07-12T10:30:00+09:00,J5,243,211,454
2019-07-12T10:45:00+09:00,J1,634,585,1219
2019-07-12T10:45:00+09:00,J2,336,323,659
2019-07-12T10:45:00+09:00,J3,700,515,1215
2019-07-12T10:45:00+09:00,J4,726,696,1422
2019-07-12T10:45:00+09:00,J5,261,193,454
2019-07-12T11:00:00+09:00,J1,619,635,1254
2019-07-12T11:00:00+09:00,J2,327,358,685
2019-07-12T11:00:00+09:00,J3,658,597,1255
2019-07-12T11:00:00+09:00,J4,714,726,1440
2019-07-12T11:00:00+09:00,J5,241,219,460
2019-07-12T11:15:00+09:00,J1,690,766,1456
2019-07-12T11:15:00+09:00,J2,328,373,701
2019-07-12T11:15:00+09:00,J3,730,589,1319
2019-07-12T11:15:00+09:00,J4,717,762,1479
2019-07-12T11:15:00+09:00,J5,292,274,566
2019-07-12T11:30:00+09:00,J1,589,645,1234
2019-07-12T11:30:00+09:00,J2,301,322,623
2019-07-12T11:30:00+09:00,J3,693,587,1280
2019-07-12T11:30:00+09:00,J4,593,662,1255
2019-07-12T11:30:00+09:00,J5,218,214,432
2019-07-12T11:45:00+09:00,J1,777,956,1733
2019-07-12T11:45:00+09:00,J2,412,365,777
2019-07-12T11:45:00+09:00,J3,899,731,1630
2019-07-12T11:45:00+09:00,J4,889,796,1685
2019-07-12T11:45:00+09:00,J5,257,314,571
2019-07-12T12:00:00+09:00,J1,754,889,1643
2019-07-12T12:00:00+09:00,J2,468,335,803
2019-07-12T12:00:00+09:00,J3,884,734,1618
2019-07-12T12:00:00+09:00,J4,758,730,1488
2019-07-12T12:00:00+09:00,J5,314,316,630
2019-07-12T12:15:00+09:00,J1,750,883,1633
2019-07-12T12:15:00+09:00,J2,425,328,753
2019-07-12T12:15:00+09:00,J3,933,746,1679
2019-07-12T12:15:00+09:00,J4,675,751,1426
2019-07-12T12:15:00+09:00,J5,330,282,612
2019-07-12T12:30:00+09:00,J1,740,886,1626
2019-07-12T12:30:00+09:00,J2,464,284,748
2019-07-12T12:30:00+09:00,J3,947,700,1647
2019-07-12T12:30:00+09:00,J4,717,741,1458
2019-07-12T12:30:00+09:00,J5,333,259,592
2019-07-12T12:45:00+09:00,J1,680,885,1565
2019-07-12T12:45:00+09:00,J2,472,286,758
2019-07-12T12:45:00+09:00,J3,863,712,1575
2019-07-12T12:45:00+09:00,J4,664,697,1361
2019-07-12T12:45:00+09:00,J5,335,251,586
2019-07-12T13:00:00+09:00,J1,731,837,1568
2019-07-12T13:00:00+09:00,J2,494,252,746
2019-07-12T13:00:00+09:00,J3,930,759,1689
2019-07-12T13:00:00+09:00,J4,789,767,1556
2019-07-12T13:00:00+09:00,J5,298,246,544
2019-07-12T13:15:00+09:00,J1,679,849,1528
2019-07-12T13:15:00+09:00,J2,407,319,726
2019-07-12T13:15:00+09:00,J3,764,732,1496
2019-07-12T13:15:00+09:00,J4,640,775,1415
2019-07-12T13:15:00+09:00,J5,270,213,483
2019-07-12T13:30:00+09:00,J1,678,751,1429
2019-07-12T13:30:00+09:00,J2,409,288,697
2019-07-12T13:30:00+09:00,J3,825,665,1490
2019-07-12T13:30:00+09:00,J4,713,622,1335
2019-07-12T13:30:00+09:00,J5,299,251,550
2019-07-12T13:45:00+09:00,J1,617,676,1293
2019-07-12T13:45:00+09:00,J2,351,248,599
2019-07-12T13:45:00+09:00,J3,835,716,1551
2019-07-12T13:45:00+09:00,J4,705,676,1381
2019-07-12T13:45:00+09:00,J5,346,292,638
2019-07-12T14:00:00+09:00,J1,528,639,1167
2019-07-12T14:00:00+09:00,J2,357,214,571
2019-07-12T14:00:00+09:00,J3,815,655,1470
2019-07-12T14:00:00+09:00,J4,753,727,1480
2019-07-12T14:00:00+09:00,J5,324,289,613
2019-07-12T14:15:00+09:00,J1,562,695,1257
2019-07-12T14:15:00+09:00,J2,365,270,635
2019-07-12T14:15:00+09:00,J3,839,667,1506
2019-07-12T14:15:00+09:00,J4,779,707,1486
2019-07-12T14:15:00+09:00,J5,321,259,580
2019-07-12T14:30:00+09:00,J1,653,707,1360
2019-07-12T14:30:00+09:00,J2,358,280,638
2019-07-12T14:30:00+09:00,J3,837,677,1514
2019-07-12T14:30:00+09:00,J4,663,724,1387
2019-07-12T14:30:00+09:00,J5,262,296,558
2019-07-12T14:45:00+09:00,J1,614,674,1288
2019-07-12T14:45:00+09:00,J2,391,300,691
2019-07-12T14:45:00+09:00,J3,806,648,1454
2019-07-12T14:45:00+09:00,J4,722,660,1382
2019-07-12T14:45:00+09:00,J5,259,188,447
2019-07-12T15:00:00+09:00,J1,741,809,1550
2019-07-12T15:00:00+09:00,J2,396,310,706
2019-07-12T15:00:00+09:00,J3,894,653,1547
2019-07-12T15:00:00+09:00,J4,729,676,1405
2019-07-12T15:00:00+09:00,J5,236,220,456
2019-07-12T15:15:00+09:00,J1,646,823,1469
2019-07-12T15:15:00+09:00,J2,441,292,733
2019-07-12T15:15:00+09:00,J3,807,785,1592
2019-07-12T15:15:00+09:00,J4,739,638,1377
2019-07-12T15:15:00+09:00,J5,333,256,589
2019-07-12T15:30:00+09:00,J1,705,808,1513
2019-07-12T15:30:00+09:00,J2,455,279,734
2019-07-12T15:30:00+09:00,J3,868,754,1622
2019-07-12T15:30:00+09:00,J4,567,646,1213
2019-07-12T15:30:00+09:00,J5,310,250,560
2019-07-12T15:45:00+09:00,J1,645,746,1391
2019-07-12T15:45:00+09:00,J2,440,261,701
2019-07-12T15:45:00+09:00,J3,822,744,1566
2019-07-12T15:45:00+09:00,J4,534,593,1127
2019-07-12T15:45:00+09:00,J5,286,223,509
2019-07-12T16:00:00+09:00,J1,567,780,1347
2019-07-12T16:00:00+09:00,J2,389,242,631
2019-07-12T16:00:00+09:00,J3,861,707,1568
2019-07-12T16:00:00+09:00,J4,559,567,1126
2019-07-12T16:00:00+09:00,J5,301,233,534
2019-07-12T16:15:00+09:00,J1,668,802,1470
2019-07-12T16:15:00+09:00,J2,498,334,832
2019-07-12T16:15:00+09:00,J3,928,784,1712
2019-07-12T16:15:00+09:00,J4,636,655,1291
2019-07-12T16:15:00+09:00,J5,353,310,663
2019-07-12T16:30:00+09:00,J1,738,871,1609
2019-07-12T16:30:00+09:00,J2,539,336,875
2019-07-12T16:30:00+09:00,J3,881,837,1718
2019-07-12T16:30:00+09:00,J4,650,629,1279
2019-07-12T16:30:00+09:00,J5,359,288,647
2019-07-12T16:45:00+09:00,J1,815,880,1695
2019-07-12T16:45:00+09:00,J2,543,317,860
2019-07-12T16:45:00+09:00,J3,947,872,1819
2019-07-12T16:45:00+09:00,J4,648,620,1268
2019-07-12T16:45:00+09:00,J5,337,286,623
2019-07-12T17:00:00+09:00,J1,951,965,1916
2019-07-12T17:00:00+09:00,J2,581,363,944
2019-07-12T17:00:00+09:00,J3,1032,872,1904
2019-07-12T17:00:00+09:00,J4,688,658,1346
2019-07-12T17:00:00+09:00,J5,404,395,799
2019-07-12T17:15:00+09:00,J1,881,1120,2001
2019-07-12T17:15:00+09:00,J2,641,386,1027
2019-07-12T17:15:00+09:00,J3,1038,937,1975
2019-07-12T17:15:00+09:00,J4,810,678,1488
2019-07-12T17:15:00+09:00,J5,381,386,767
2019-07-12T17:30:00+09:00,J1,871,1194,2065
2019-07-12T17:30:00+09:00,J2,708,493,1201
2019-07-12T17:30:00+09:00,J3,1087,1059,2146
2019-07-12T17:30:00+09:00,J4,888,731,1619
2019-07-12T17:30:00+09:00,J5,384,396,780
2019-07-12T17:45:00+09:00,J1,884,1298,2182
2019-07-12T17:45:00+09:00,J2,706,512,1218
2019-07-12T17:45:00+09:00,J3,1132,1040,2172
2019-07-12T17:45:00+09:00,J4,952,715,1667
2019-07-12T17:45:00+09:00,J5,382,464,846
2019-07-12T18:00:00+09:00,J1,960,1222,2182
2019-07-12T18:00:00+09:00,J2,787,542,1329
2019-07-12T18:00:00+09:00,J3,1173,1072,2245
2019-07-12T18:00:00+09:00,J4,972,704,1676
2019-07-12T18:00:00+09:00,J5,372,452,824
2019-07-12T18:15:00+09:00,J1,913,1280,2193
2019-07-12T18:15:00+09:00,J2,696,484,1180
2019-07-12T18:15:00+09:00,J3,1114,1035,2149
2019-07-12T18:15:00+09:00,J4,1009,690,1699
2019-07-12T18:15:00+09:00,J5,363,534,897
2019-07-12T18:30:00+09:00,J1,917,1087,2004
2019-07-12T18:30:00+09:00,J2,632,488,1120
2019-07-12T18:30:00+09:00,J3,1024,940,1964
2019-07-12T18:30:00+09:00,J4,893,641,1534
2019-07-12T18:30:00+09:00,J5,315,411,726
2019-07-12T18:45:00+09:00,J1,847,890,1737
2019-07-12T18:45:00+09:00,J2,676,399,1075
2019-07-12T18:45:00+09:00,J3,916,900,1816
2019-07-12T18:45:00+09:00,J4,818,611,1429
2019-07-12T18:45:00+09:00,J5,292,388,680
2019-07-12T19:00:00+09:00,J1,830,813,1643
2019-07-12T19:00:00+09:00,J2,544,397,941
2019-07-12T19:00:00+09:00,J3,963,944,1907
2019-07-12T19:00:00+09:00,J4,790,564,1354
2019-07-12T19:00:00+09:00,J5,292,366,658
2019-07-12T19:15:00+09:00,J1,873,964,1837
2019-07-12T19:15:00+09:00,J2,598,362,960
2019-07-12T19:15:00+09:00,J3,945,954,1899
2019-07-12T19:15:00+09:00,J4,848,642,1490
2019-07-12T19:15:00+09:00,J5,349,404,753
2019-07-12T19:30:00+09:00,J1,779,931,1710
2019-07-12T19:30:00+09:00,J2,462,367,829
2019-07-12T19:30:00+09:00,J3,927,793,1720
2019-07-12T19:30:00+09:00,J4,727,643,1370
2019-07-12T19:30:00+09:00,J5,329,347,676
2019-07-12T19:45:00+09:00,J1,752,874,1626
2019-07-12T19:45:00+09:00,J2,512,347,859
2019-07-12T19:45:00+09:00,J3,927,804,1731
2019-07-12T19:45:00+09:00,J4,802,682,1484
2019-07-12T19:45:00+09:00,J5,318,319,637
2019-07-12T20:00:00+09:00,J1,706,893,1599
2019-07-12T20:00:00+09:00,J2,453,361,814
2019-07-12T20:00:00+09:00,J3,838,748,1586
2019-07-12T20:00:00+09:00,J4,783,692,1475
2019-07-12T20:00:00+09:00,J5,349,321,670
2019-07-12T20:15:00+09:00,J1,703,825,1528
2019-07-12T20:15:00+09:00,J2,490,336,826
2019-07-12T20:15:00+09:00,J3,903,614,1517
2019-07-12T20:15:00+09:00,J4,774,626,1400
2019-07-12T20:15:00+09:00,J5,338,341,679
2019-07-12T20:30:00+09:00,J1,624,844,1468
2019-07-12T20:30:00+09:00,J2,466,323,789
2019-07-12T20:30:00+09:00,J3,805,647,1452
2019-07-12T20:30:00+09:00,J4,736,644,1380
2019-07-12T20:30:00+09:00,J5,286,303,589
2019-07-12T20:45:00+09:00,J1,544,771,1315
2019-07-12T20:45:00+09:00,J2,426,312,738
2019-07-12T20:45:00+09:00,J3,788,579,1367
2019-07-12T20:45:00+09:00,J4,709,570,1279
2019-07-12T20:45:00+09:00,J5,322,303,625
2019-07-12T21:00:00+09:00,J1,589,698,1287
2019-07-12T21:00:00+09:00,J2,401,387,788
2019-07-12T21:00:00+09:00,J3,709,638,1347
2019-07-12T21:00:00+09:00,J4,654,562,1216
2019-07-12T21:00:00+09:00,J5,285,290,575
2019-07-12T21:15:00+09:00,J1,548,712,1260
2019-07-12T21:15:00+09:00,J2,427,352,779
2019-07-12T21:15:00+09:00,J3,773,661,1434
2019-07-12T21:15:00+09:00,J4,603,447,1050
2019-07-12T21:15:00+09:00,J5,311,307,618
2019-07-12T21:30:00+09:00,J1,548,641,1189
2019-07-12T21:30:00+09:00,J2,384,240,624
2019-07-12T21:30:00+09:00,J3,787,633,1420
2019-07-12T21:30:00+09:00,J4,626,592,1218
2019-07-12T21:30:00+09:00,J5,261,290,551
2019-07-12T21:45:00+09:00,J1,499,671,1170
2019-07-12T21:45:00+09:00,J2,432,297,729
2019-07-12T21:45:00+09:00,J3,769,647,1416
2019-07-12T21:45:00+09:00,J4,636,542,1178
2019-07-12T21:45:00+09:00,J5,251,282,533
2019-07-12T22:00:00+09:00,J1,514,567,1081
2019-07-12T22:00:00+09:00,J2,366,271,637
2019-07-12T22:00:00+09:00,J3,698,628,1326
2019-07-12T22:00:00+09:00,J4,540,485,1025
2019-07-12T22:00:00+09:00,J5,271,276,547
2019-07-12T22:15:00+09:00,J1,447,603,1050
2019-07-12T22:15:00+09:00,J2,348,259,607
2019-07-12T22:15:00+09:00,J3,713,623,1336
2019-07-12T22:15:00+09:00,J4,510,492,1002
2019-07-12T22:15:00+09:00,J5,307,293,600
2019-07-12T22:30:00+09:00,J1,460,593,1053
2019-07-12T22:30:00+09:00,J2,316,220,536
2019-07-12T22:30:00+09:00,J3,649,572,1221
2019-07-12T22:30:00+09:00,J4,581,538,1119
2019-07-12T22:30:00+09:00,J5,265,277,542
2019-07-12T22:45:00+09:00,J1,467,608,1075
2019-07-12T22:45:00+09:00,J2,278,222,500
2019-07-12T22:45:00+09:00,J3,653,563,1216
2019-07-12T22:45:00+09:00,J4,486,504,990
2019-07-12T22:45:00+09:00,J5,209,243,452
2019-07-12T23:00:00+09:00,J1,436,514,950
2019-07-12T23:00:00+09:00,J2,378,208,586
2019-07-12T23:00:00+09:00,J3,739,593,1332
2019-07-12T23:00:00+09:00,J4,503,467,970
2019-07-12T23:00:00+09:00,J5,217,261,478
2019-07-12T23:15:00+09:00,J1,435,562,997
2019-07-12T23:15:00+09:00,J2,284,214,498
2019-07-12T23:15:00+09:00,J3,646,597,1243
2019-07-12T23:15:00+09:00,J4,477,495,972
2019-07-12T23:15:00+09:00,J5,158,233,391
2019-07-12T23:30:00+09:00,J1,453,506,959
2019-07-12T23:30:00+09:00,J2,271,233,504
2019-07-12T23:30:00+09:00,J3,609,593,1202
2019-07-12T23:30:00+09:00,J4,471,441,912
2019-07-12T23:30:00+09:00,J5,173,221,394
2019-07-12T23:45:00+09:00,J1,419,470,889
2019-07-12T23:45:00+09:00,J2,176,146,322
2019-07-12T23:45:00+09:00,J3,613,497,1110
2019-07-12T23:45:00+09:00,J4,442,420,862
2019-07-12T23:45:00+09:00,J5,155,231,386
2019-07-13T00:00:00+09:00,J1,360,352,712
2019-07-13T00:00:00+09:00,J2,165,139,304
2019-07-13T00:00:00+09:00,J3,580,422,1002
2019-07-13T00:00:00+09:00,J4,528,472,1000
2019-07-13T00:00:00+09:00,J5,174,240,414
2019-07-13T00:15:00+09:00,J1,240,264,504
2019-07-13T00:15:00+09:00,J2,152,180,332
2019-07-13T00:15:00+09:00,J3,301,250,551
2019-07-13T00:15:00+09:00,J4,427,435,862
2019-07-13T00:15:00+09:00,J5,160,153,313
2019-07-13T00:30:00+09:00,J1,246,288,534
2019-07-13T00:30:00+09:00,J2,122,160,282
2019-07-13T00:30:00+09:00,J3,278,253,531
2019-07-13T00:30:00+09:00,J4,565,563,1128
2019-07-13T00:30:00+09:00,J5,323,280,603
2019-07-13T00:45:00+09:00,J1,250,236,486
2019-07-13T00:45:00+09:00,J2,126,189,315
2019-07-13T00:45:00+09:00,J3,279,267,546
2019-07-13T00:45:00+09:00,J4,505,473,978
2019-07-13T00:45:00+09:00,J5,313,366,679
2019-07-13T05:45:00+09:00,J1,245,255,500
2019-07-13T05:45:00+09:00,J2,228,253,481
2019-07-13T05:45:00+09:00,J3,149,87,236
2019-07-13T05:45:00+09:00,J4,600,570,1170
2019-07-13T05:45:00+09:00,J5,248,308,556
2019-07-13T06:00:00+09:00,J1,312,290,602
2019-07-13T06:00:00+09:00,J2,241,217,458
2019-07-13T06:00:00+09:00,J3,136,95,231
2019-07-13T06:00:00+09:00,J4,521,558,1079
2019-07-13T06:00:00+09:00,J5,311,316,627
2019-07-13T06:15:00+09:00,J1,329,323,652
2019-07-13T06:15:00+09:00,J2,241,197,438
2019-07-13T06:15:00+09:00,J3,136,151,287
2019-07-13T06:15:00+09:00,J4,557,601,1158
2019-07-13T06:15:00+09:00,J5,246,238,484
2019-07-13T06:30:00+09:00,J1,293,364,657
2019-07-13T06:30:00+09:00,J2,257,256,513
2019-07-13T06:30:00+09:00,J3,211,160,371
2019-07-13T06:30:00+09:00,J4,527,603,1130
2019-07-13T06:30:00+09:00,J5,363,362,725
2019-07-13T06:45:00+09:00,J1,326,322,648
2019-07-13T06:45:00+09:00,J2,213,196,409
2019-07-13T06:45:00+09:00,J3,206,133,339
2019-07-13T06:45:00+09:00,J4,520,639,1159
2019-07-13T06:45:00+09:00,J5,366,387,753
2019-07-13T07:00:00+09:00,J1,299,326,625
2019-07-13T07:00:00+09:00,J2,188,199,387
2019-07-13T07:00:00+09:00,J3,180,151,331
2019-07-13T07:00:00+09:00,J4,645,663,1308
2019-07-13T07:00:00+09:00,J5,350,349,699
2019-07-13T07:15:00+09:00,J1,323,339,662
2019-07-13T07:15:00+09:00,J2,163,162,325
2019-07-13T07:15:00+09:00,J3,268,200,468
2019-07-13T07:15:00+09:00,J4,577,612,1189
2019-07-13T07:15:00+09:00,J5,313,296,609
2019-07-13T07:30:00+09:00,J1,398,344,742
2019-07-13T07:30:00+09:00,J2,194,217,411
2019-07-13T07:30:00+09:00,J3,248,198,446
2019-07-13T07:30:00+09:00,J4,620,629,1249
2019-07-13T07:30:00+09:00,J5,323,297,620
2019-07-13T07:45:00+09:00,J1,387,354,741
2019-07-13T07:45:00+09:00,J2,205,236,441
2019-07-13T07:45:00+09:00,J3,244,216,460
2019-07-13T07:45:00+09:00,J4,618,651,1269
2019-07-13T07:45:00+09:00,J5,297,280,577
2019-07-13T08:00:00+09:00,J1,500,379,879
2019-07-13T08:00:00+09:00,J2,204,275,479
2019-07-13T08:00:00+09:00,J3,502,369,871
2019-07-13T08:00:00+09:00,J4,695,754,1449
2019-07-13T08:00:00+09:00,J5,279,161,440
2019-07-13T08:15:00+09:00,J1,575,442,1017
2019-07-13T08:15:00+09:00,J2,204,228,432
2019-07-13T08:15:00+09:00,J3,496,427,923
2019-07-13T08:15:00+09:00,J4,689,729,1418
2019-07-13T08:15:00+09:00,J5,292,242,534
2019-07-13T08:30:00+09:00,J1,580,446,1026
2019-07-13T08:30:00+09:00,J2,236,252,488
2019-07-13T08:30:00+09:00,J3,485,361,846
2019-07-13T08:30:00+09:00,J4,624,735,1359
2019-07-13T08:30:00+09:00,J5,201,166,367
2019-07-13T08:45:00+09:00,J1,505,434,939
2019-07-13T08:45:00+09:00,J2,210,257,467
2019-07-13T08:45:00+09:00,J3,451,318,769
2019-07-13T08:45:00+09:00,J4,570,620,1190
2019-07-13T08:45:00+09:00,J5,224,165,389
2019-07-13T09:00:00+09:00,J1,471,429,900
2019-07-13T09:00:00+09:00,J2,265,257,522
2019-07-13T09:00:00+09:00,J3,392,343,735
2019-07-13T09:00:00+09:00,J4,581,643,1224
2019-07-13T09:00:00+09:00,J5,281,170,451
2019-07-13T09:15:00+09:00,J1,530,475,1005
2019-07-13T09:15:00+09:00,J2,279,300,579
2019-07-13T09:15:00+09:00,J3,407,304,711
2019-07-13T09:15:00+09:00,J4,490,554,1044
2019-07-13T09:15:00+09:00,J5,307,255,562
2019-07-13T09:30:00+09:00,J1,553,513,1066
2019-07-13T09:30:00+09:00,J2,311,296,607
2019-07-13T09:30:00+09:00,J3,426,285,711
2019-07-13T09:30:00+09:00,J4,546,675,1221
2019-07-13T09:30:00+09:00,J5,349,277,626
2019-07-13T09:45:00+09:00,J1,557,496,1053
2019-07-13T09:45:00+09:00,J2,331,249,580
2019-07-13T09:45:00+09:00,J3,438,319,757
2019-07-13T09:45:00+09:00,J4,609,640,1249
2019-07-13T09:45:00+09:00,J5,269,225,494
2019-07-13T10:00:00+09:00,J1,513,479,992
2019-07-13T10:00:00+09:00,J2,276,237,513
2019-07-13T10:00:00+09:00,J3,437,319,756
2019-07-13T10:00:00+09:00,J4,465,554,1019
2019-07-13T10:00:00+09:00,J5,255,196,451
2019-07-13T10:15:00+09:00,J1,538,536,1074
2019-07-13T10:15:00+09:00,J2,298,191,489
2019-07-13T10:15:00+09:00,J3,505,389,894
2019-07-13T10:15:00+09:00,J4,558,614,1172
2019-07-13T10:15:00+09:00,J5,262,207,469
2019-07-13T10:30:00+09:00,J1,565,520,1085
2019-07-13T10:30:00+09:00,J2,332,191,523
2019-07-13T10:30:00+09:00,J3,478,373,851
2019-07-13T10:30:00+09:00,J4,578,598,1176
2019-07-13T10:30:00+09:00,J5,289,257,546
2019-07-13T10:45:00+09:00,J1,523,510,1033
2019-07-13T10:45:00+09:00,J2,365,187,552
2019-07-13T10:45:00+09:00,J3,460,434,894
2019-07-13T10:45:00+09:00,J4,564,619,1183
2019-07-13T10:45:00+09:00,J5,235,245,480
2019-07-13T11:00:00+09:00,J1,633,576,1209
2019-07-13T11:00:00+09:00,J2,368,188,556
2019-07-13T11:00:00+09:00,J3,451,460,911
2019-07-13T11:00:00+09:00,J4,506,597,1103
2019-07-13T11:00:00+09:00,J5,244,223,467
2019-07-13T11:15:00+09:00,J1,561,571,1132
2019-07-13T11:15:00+09:00,J2,418,196,614
2019-07-13T11:15:00+09:00,J3,458,440,898
2019-07-13T11:15:00+09:00,J4,500,498,998
2019-07-13T11:15:00+09:00,J5,263,243,506
2019-07-13T11:30:00+09:00,J1,623,572,1195
2019-07-13T11:30:00+09:00,J2,413,188,601
2019-07-13T11:30:00+09:00,J3,480,463,943
2019-07-13T11:30:00+09:00,J4,524,510,1034
2019-07-13T11:30:00+09:00,J5,228,217,445
2019-07-13T11:45:00+09:00,J1,620,620,1240
2019-07-13T11:45:00+09:00,J2,403,272,675
2019-07-13T11:45:00+09:00,J3,476,452,928
2019-07-13T11:45:00+09:00,J4,553,619,1172
2019-07-13T11:45:00+09:00,J5,240,265,505
2019-07-13T12:00:00+09:00,J1,619,631,1250
2019-07-13T12:00:00+09:00,J2,475,331,806
2019-07-13T12:00:00+09:00,J3,460,472,932
2019-07-13T12:00:00+09:00,J4,528,522,1050
2019-07-13T12:00:00+09:00,J5,215,262,477
2019-07-13T12:15:00+09:00,J1,596,649,1245
2019-07-13T12:15:00+09:00,J2,426,336,762
2019-07-13T12:15:00+09:00,J3,440,466,906
2019-07-13T12:15:00+09:00,J4,459,539,998
2019-07-13T12:15:00+09:00,J5,330,281,611
2019-07-13T12:30:00+09:00,J1,660,672,1332
2019-07-13T12:30:00+09:00,J2,426,346,772
2019-07-13T12:30:00+09:00,J3,439,452,891
2019-07-13T12:30:00+09:00,J4,512,556,1068
2019-07-13T12:30:00+09:00,J5,258,289,547
2019-07-13T12:45:00+09:00,J1,663,667,1330
2019-07-13T12:45:00+09:00,J2,380,378,758
2019-07-13T12:45:00+09:00,J3,355,373,728
2019-07-13T12:45:00+09:00,J4,460,503,963
2019-07-13T12:45:00+09:00,J5,236,285,521
2019-07-13T13:00:00+09:00,J1,613,641,1254
2019-07-13T13:00:00+09:00,J2,410,387,797
2019-07-13T13:00:00+09:00,J3,381,389,770
2019-07-13T13:00:00+09:00,J4,498,493,991
2019-07-13T13:00:00+09:00,J5,254,273,527
2019-07-13T13:15:00+09:00,J1,518,670,1188
2019-07-13T13:15:00+09:00,J2,359,373,732
2019-07-13T13:15:00+09:00,J3,389,383,772
2019-07-13T13:15:00+09:00,J4,479,562,1041
2019-07-13T13:15:00+09:00,J5,360,348,708
2019-07-13T13:30:00+09:00,J1,581,634,1215
2019-07-13T13:30:00+09:00,J2,384,338,722
2019-07-13T13:30:00+09:00,J3,424,386,810
2019-07-13T13:30:00+09:00,J4,476,491,967
2019-07-13T13:30:00+09:00,J5,315,347,662
2019-07-13T13:45:00+09:00,J1,551,609,1160
2019-07-13T13:45:00+09:00,J2,363,295,658
2019-07-13T13:45:00+09:00,J3,389,357,746
2019-07-13T13:45:00+09:00,J4,505,524,1029
2019-07-13T13:45:00+09:00,J5,345,373,718
2019-07-13T14:00:00+09:00,J1,634,657,1291
2019-07-13T14:00:00+09:00,J2,409,294,703
2019-07-13T14:00:00+09:00,J3,373,307,680
2019-07-13T14:00:00+09:00,J4,429,464,893
2019-07-13T14:00:00+09:00,J5,240,282,522
2019-07-13T14:15:00+09:00,J1,672,746,1418
2019-07-13T14:15:00+09:00,J2,384,276,660
2019-07-13T14:15:00+09:00,J3,315,329,644
2019-07-13T14:15:00+09:00,J4,514,486,1000
2019-07-13T14:15:00+09:00,J5,256,273,529
2019-07-13T14:30:00+09:00,J1,617,784,1401
2019-07-13T14:30:00+09:00,J2,456,278,734
2019-07-13T14:30:00+09:00,J3,364,339,703
2019-07-13T14:30:00+09:00,J4,514,465,979
2019-07-13T14:30:00+09:00,J5,264,323,587
2019-07-13T14:45:00+09:00,J1,583,650,1233
2019-07-13T14:45:00+09:00,J2,428,352,780
2019-07-13T14:45:00+09:00,J3,325,312,637
2019-07-13T14:45:00+09:00,J4,555,505,1060
2019-07-13T14:45:00+09:00,J5,233,308,541
2019-07-13T15:00:00+09:00,J1,565,686,1251
2019-07-13T15:00:00+09:00,J2,408,295,703
2019-07-13T15:00:00+09:00,J3,292,336,628
2019-07-13T15:00:00+09:00,J4,503,463,966
2019-07-13T15:00:00+09:00,J5,243,326,569
2019-07-13T15:15:00+09:00,J1,577,701,1278
2019-07-13T15:15:00+09:00,J2,392,341,733
2019-07-13T15:15:00+09:00,J3,288,315,603
2019-07-13T15:15:00+09:00,J4,521,481,1002
2019-07-13T15:15:00+09:00,J5,292,325,617
2019-07-13T15:30:00+09:00,J1,628,659,1287
2019-07-13T15:30:00+09:00,J2,412,337,749
2019-07-13T15:30:00+09:00,J3,323,358,681
2019-07-13T15:30:00+09:00,J4,556,545,1101
2019-07-13T15:30:00+09:00,J5,284,341,625
2019-07-13T15:45:00+09:00,J1,603,646,1249
2019-07-13T15:45:00+09:00,J2,425,321,746
2019-07-13T15:45:00+09:00,J3,292,339,631
2019-07-13T15:45:00+09:00,J4,551,479,1030
2019-07-13T15:45:00+09:00,J5,258,337,595
2019-07-13T16:00:00+09:00,J1,643,784,1427
2019-07-13T16:00:00+09:00,J2,367,266,633
2019-07-13T16:00:00+09:00,J3,282,310,592
2019-07-13T16:00:00+09:00,J4,534,407,941
2019-07-13T16:00:00+09:00,J5,298,303,601
2019-07-13T16:15:00+09:00,J1,590,648,1238
2019-07-13T16:15:00+09:00,J2,426,298,724
2019-07-13T16:15:00+09:00,J3,258,302,560
2019-07-13T16:15:00+09:00,J4,527,463,990
2019-07-13T16:15:00+09:00,J5,251,314,565
2019-07-13T16:30:00+09:00,J1,622,704,1326
2019-07-13T16:30:00+09:00,J2,417,262,679
2019-07-13T16:30:00+09:00,J3,293,350,643
2019-07-13T16:30:00+09:00,J4,529,468,997
2019-07-13T16:30:00+09:00,J5,258,296,554
2019-07-13T16:45:00+09:00,J1,614,750,1364
2019-07-13T16:45:00+09:00,J2,379,302,681
2019-07-13T16:45:00+09:00,J3,256,355,611
2019-07-13T16:45:00+09:00,J4,484,432,916
2019-07-13T16:45:00+09:00,J5,251,311,562
2019-07-13T17:00:00+09:00,J1,666,658,1324
2019-07-13T17:00:00+09:00,J2,414,283,697
2019-07-13T17:00:00+09:00,J3,346,312,658
2019-07-13T17:00:00+09:00,J4,509,414,923
2019-07-13T17:00:00+09:00,J5,286,310,596
2019-07-13T17:15:00+09:00,J1,668,713,1381
2019-07-13T17:15:00+09:00,J2,443,271,714
2019-07-13T17:15:00+09:00,J3,314,332,646
2019-07-13T17:15:00+09:00,J4,479,435,914
2019-07-13T17:15:00+09:00,J5,304,319,623
2019-07-13T17:30:00+09:00,J1,658,646,1304
2019-07-13T17:30:00+09:00,J2,437,285,722
2019-07-13T17:30:00+09:00,J3,359,282,641
2019-07-13T17:30:00+09:00,J4,517,451,968
2019-07-13T17:30:00+09:00,J5,308,349,657
2019-07-13T17:45:00+09:00,J1,655,699,1354
2019-07-13T17:45:00+09:00,J2,403,305,708
2019-07-13T17:45:00+09:00,J3,359,312,671
2019-07-13T17:45:00+09:00,J4,503,383,886
2019-07-13T17:45:00+09:00,J5,297,348,645
2019-07-13T18:00:00+09:00,J1,553,671,1224
2019-07-13T18:00:00+09:00,J2,479,268,747
2019-07-13T18:00:00+09:00,J3,361,270,631
2019-07-13T18:00:00+09:00,J4,556,421,977
2019-07-13T18:00:00+09:00,J5,291,278,569
2019-07-13T18:15:00+09:00,J1,623,730,1353
2019-07-13T18:15:00+09:00,J2,480,321,801
2019-07-13T18:15:00+09:00,J3,371,271,642
2019-07-13T18:15:00+09:00,J4,578,452,1030
2019-07-13T18:15:00+09:00,J5,332,345,677
2019-07-13T18:30:00+09:00,J1,584,640,1224
2019-07-13T18:30:00+09:00,J2,452,271,723
2019-07-13T18:30:00+09:00,J3,402,288,690
2019-07-13T18:30:00+09:00,J4,559,391,950
2019-07-13T18:30:00+09:00,J5,294,302,596
2019-07-13T18:45:00+09:00,J1,605,635,1240
2019-07-13T18:45:00+09:00,J2,403,306,709
2019-07-13T18:45:00+09:00,J3,391,292,683
2019-07-13T18:45:00+09:00,J4,499,425,924
2019-07-13T18:45:00+09:00,J5,283,367,650
2019-07-13T19:00:00+09:00,J1,624,626,1250
2019-07-13T19:00:00+09:00,J2,387,271,658
2019-07-13T19:00:00+09:00,J3,383,262,645
2019-07-13T19:00:00+09:00,J4,592,467,1059
2019-07-13T19:00:00+09:00,J5,295,347,642
2019-07-13T19:15:00+09:00,J1,594,730,1324
2019-07-13T19:15:00+09:00,J2,423,263,686
2019-07-13T19:15:00+09:00,J3,429,375,804
2019-07-13T19:15:00+09:00,J4,625,558,1183
2019-07-13T19:15:00+09:00,J5,368,368,736
2019-07-13T19:30:00+09:00,J1,535,638,1173
2019-07-13T19:30:00+09:00,J2,396,290,686
2019-07-13T19:30:00+09:00,J3,384,350,734
2019-07-13T19:30:00+09:00,J4,586,514,1100
2019-07-13T19:30:00+09:00,J5,305,380,685
2019-07-13T19:45:00+09:00,J1,561,588,1149
2019-07-13T19:45:00+09:00,J2,369,359,728
2019-07-13T19:45:00+09:00,J3,377,331,708
2019-07-13T19:45:00+09:00,J4,638,596,1234
2019-07-13T19:45:00+09:00,J5,355,323,678
2019-07-13T20:00:00+09:00,J1,510,700,1210
2019-07-13T20:00:00+09:00,J2,377,331,708
2019-07-13T20:00:00+09:00,J3,445,365,810
2019-07-13T20:00:00+09:00,J4,636,637,1273
2019-07-13T20:00:00+09:00,J5,348,323,671
2019-07-13T20:15:00+09:00,J1,557,721,1278
2019-07-13T20:15:00+09:00,J2,326,350,676
2019-07-13T20:15:00+09:00,J3,425,368,793
2019-07-13T20:15:00+09:00,J4,709,665,1374
2019-07-13T20:15:00+09:00,J5,371,368,739
2019-07-13T20:30:00+09:00,J1,570,704,1274
2019-07-13T20:30:00+09:00,J2,341,305,646
2019-07-13T20:30:00+09:00,J3,389,415,804
2019-07-13T20:30:00+09:00,J4,712,612,1324
2019-07-13T20:30:00+09:00,J5,328,367,695
2019-07-13T20:45:00+09:00,J1,532,685,1217
2019-07-13T20:45:00+09:00,J2,377,259,636
2019-07-13T20:45:00+09:00,J3,427,355,782
2019-07-13T20:45:00+09:00,J4,693,620,1313
2019-07-13T20:45:00+09:00,J5,320,373,693
2019-07-13T21:00:00+09:00,J1,523,623,1146
2019-07-13T21:00:00+09:00,J2,370,287,657
2019-07-13T21:00:00+09:00,J3,330,243,573
2019-07-13T21:00:00+09:00,J4,612,609,1221
2019-07-13T21:00:00+09:00,J5,339,381,720
2019-07-13T21:15:00+09:00,J1,552,649,1201
2019-07-13T21:15:00+09:00,J2,349,297,646
2019-07-13T21:15:00+09:00,J3,308,242,550
2019-07-13T21:15:00+09:00,J4,588,499,1087
2019-07-13T21:15:00+09:00,J5,323,326,649
2019-07-13T21:30:00+09:00,J1,478,561,1039
2019-07-13T21:30:00+09:00,J2,299,288,587
2019-07-13T21:30:00+09:00,J3,298,233,531
2019-07-13T21:30:00+09:00,J4,575,533,1108
2019-07-13T21:30:00+09:00,J5,283,372,655
2019-07-13T21:45:00+09:00,J1,466,535,1001
2019-07-13T21:45:00+09:00,J2,308,288,596
2019-07-13T21:45:00+09:00,J3,273,219,492
2019-07-13T21:45:00+09:00,J4,699,654,1353
2019-07-13T21:45:00+09:00,J5,311,303,614
2019-07-13T22:00:00+09:00,J1,397,562,959
2019-07-13T22:00:00+09:00,J2,265,263,528
2019-07-13T22:00:00+09:00,J3,287,281,568
2019-07-13T22:00:00+09:00,J4,635,618,1253
2019-07-13T22:00:00+09:00,J5,317,336,653
2019-07-13T22:15:00+09:00,J1,443,577,1020
2019-07-13T22:15:00+09:00,J2,265,354,619
2019-07-13T22:15:00+09:00,J3,262,252,514
2019-07-13T22:15:00+09:00,J4,603,619,1222
2019-07-13T22:15:00+09:00,J5,314,349,663
2019-07-13T22:30:00+09:00,J1,471,496,967
2019-07-13T22:30:00+09:00,J2,307,297,604
2019-07-13T22:30:00+09:00,J3,262,260,522
2019-07-13T22:30:00+09:00,J4,576,593,1169
2019-07-13T22:30:00+09:00,J5,279,331,610
2019-07-13T22:45:00+09:00,J1,466,522,988
2019-07-13T22:45:00+09:00,J2,268,334,602
2019-07-13T22:45:00+09:00,J3,277,290,567
2019-07-13T22:45:00+09:00,J4,647,557,1204
2019-07-13T22:45:00+09:00,J5,202,221,423
2019-07-13T23:00:00+09:00,J1,471,549,1020
2019-07-13T23:00:00+09:00,J2,275,290,565
2019-07-13T23:00:00+09:00,J3,265,265,530
2019-07-13T23:00:00+09:00,J4,452,462,914
2019-07-13T23:00:00+09:00,J5,169,175,344
2019-07-13T23:15:00+09:00,J1,456,519,975
2019-07-13T23:15:00+09:00,J2,275,313,588
2019-07-13T23:15:00+09:00,J3,219,243,462
2019-07-13T23:15:00+09:00,J4,627,662,1289
2019-07-13T23:15:00+09:00,J5,155,193,348
2019-07-13T23:30:00+09:00,J1,397,475,872
2019-07-13T23:30:00+09:00,J2,323,291,614
2019-07-13T23:30:00+09:00,J3,272,255,527
2019-07-13T23:30:00+09:00,J4,473,513,986
2019-07-13T23:30:00+09:00,J5,165,208,373
2019-07-13T23:45:00+09:00,J1,328,384,712
2019-07-13T23:45:00+09:00,J2,288,217,505
2019-07-13T23:45:00+09:00,J3,257,240,497
2019-07-13T23:45:00+09:00,J4,463,480,943
2019-07-13T23:45:00+09:00,J5,167,209,376
2019-07-14T00:00:00+09:00,J1,264,261,525
2019-07-14T00:00:00+09:00,J2,234,150,384
2019-07-14T00:00:00+09:00,J3,261,237,498
2019-07-14T00:00:00+09:00,J4,557,449,1006
2019-07-14T00:00:00+09:00,J5,141,237,378
2019-07-14T00:15:00+09:00,J1,235,230,465
2019-07-14T00:15:00+09:00,J2,132,145,277
2019-07-14T00:15:00+09:00,J3,300,208,508
2019-07-14T00:15:00+09:00,J4,429,388,817
2019-07-14T00:15:00+09:00,J5,141,133,274
2019-07-14T00:30:00+09:00,J1,260,229,489
2019-07-14T00:30:00+09:00,J2,168,128,296
2019-07-14T00:30:00+09:00,J3,183,130,313
2019-07-14T00:30:00+09:00,J4,529,452,981
2019-07-14T00:30:00+09:00,J5,121,112,233
2019-07-14T00:45:00+09:00,J1,255,229,484
2019-07-14T00:45:00+09:00,J2,188,169,357
2019-07-14T00:45:00+09:00,J3,190,119,309
2019-07-14T00:45:00+09:00,J4,437,453,890
2019-07-14T00:45:00+09:00,J5,132,133,265
2019-07-14T05:45:00+09:00,J1,300,268,568
2019-07-14T05:45:00+09:00,J2,175,189,364
2019-07-14T05:45:00+09:00,J3,297,247,544
2019-07-14T05:45:00+09:00,J4,546,573,1119
2019-07-14T05:45:00+09:00,J5,299,319,618
2019-07-14T06:00:00+09:00,J1,298,274,572
2019-07-14T06:00:00+09:00,J2,136,168,304
2019-07-14T06:00:00+09:00,J3,220,197,417
2019-07-14T06:00:00+09:00,J4,563,593,1156
2019-07-14T06:00:00+09:00,J5,299,291,590
2019-07-14T06:15:00+09:00,J1,298,239,537
2019-07-14T06:15:00+09:00,J2,139,174,313
2019-07-14T06:15:00+09:00,J3,293,252,545
2019-07-14T06:15:00+09:00,J4,560,585,1145
2019-07-14T06:15:00+09:00,J5,178,150,328
2019-07-14T06:30:00+09:00,J1,243,228,471
2019-07-14T06:30:00+09:00,J2,151,133,284
2019-07-14T06:30:00+09:00,J3,311,314,625
2019-07-14T06:30:00+09:00,J4,601,594,1195
2019-07-14T06:30:00+09:00,J5,312,268,580
2019-07-14T06:45:00+09:00,J1,314,270,584
2019-07-14T06:45:00+09:00,J2,147,146,293
2019-07-14T06:45:00+09:00,J3,335,278,613
2019-07-14T06:45:00+09:00,J4,584,590,1174
2019-07-14T06:45:00+09:00,J5,242,219,461
2019-07-14T07:00:00+09:00,J1,304,299,603
2019-07-14T07:00:00+09:00,J2,167,193,360
2019-07-14T07:00:00+09:00,J3,299,287,586
2019-07-14T07:00:00+09:00,J4,617,627,1244
2019-07-14T07:00:00+09:00,J5,275,275,550
2019-07-14T07:15:00+09:00,J1,325,327,652
2019-07-14T07:15:00+09:00,J2,153,178,331
2019-07-14T07:15:00+09:00,J3,353,329,682
2019-07-14T07:15:00+09:00,J4,513,590,1103
2019-07-14T07:15:00+09:00,J5,265,265,530
2019-07-14T07:30:00+09:00,J1,323,315,638
2019-07-14T07:30:00+09:00,J2,229,212,441
2019-07-14T07:30:00+09:00,J3,377,329,706
2019-07-14T07:30:00+09:00,J4,571,610,1181
2019-07-14T07:30:00+09:00,J5,254,227,481
2019-07-14T07:45:00+09:00,J1,322,307,629
2019-07-14T07:45:00+09:00,J2,230,203,433
2019-07-14T07:45:00+09:00,J3,432,326,758
2019-07-14T07:45:00+09:00,J4,486,542,1028
2019-07-14T07:45:00+09:00,J5,213,189,402
2019-07-14T08:00:00+09:00,J1,487,359,846
2019-07-14T08:00:00+09:00,J2,262,259,521
2019-07-14T08:00:00+09:00,J3,686,646,1332
2019-07-14T08:00:00+09:00,J4,566,629,1195
2019-07-14T08:00:00+09:00,J5,324,211,535
2019-07-14T08:15:00+09:00,J1,484,392,876
2019-07-14T08:15:00+09:00,J2,209,179,388
2019-07-14T08:15:00+09:00,J3,749,696,1445
2019-07-14T08:15:00+09:00,J4,547,669,1216
2019-07-14T08:15:00+09:00,J5,270,241,511
2019-07-14T08:30:00+09:00,J1,497,332,829
2019-07-14T08:30:00+09:00,J2,269,189,458
2019-07-14T08:30:00+09:00,J3,790,713,1503
2019-07-14T08:30:00+09:00,J4,541,553,1094
2019-07-14T08:30:00+09:00,J5,259,189,448
2019-07-14T08:45:00+09:00,J1,463,429,892
2019-07-14T08:45:00+09:00,J2,259,155,414
2019-07-14T08:45:00+09:00,J3,752,637,1389
2019-07-14T08:45:00+09:00,J4,421,478,899
2019-07-14T08:45:00+09:00,J5,262,173,435
2019-07-14T09:00:00+09:00,J1,383,355,738
2019-07-14T09:00:00+09:00,J2,301,187,488
2019-07-14T09:00:00+09:00,J3,662,598,1260
2019-07-14T09:00:00+09:00,J4,391,469,860
2019-07-14T09:00:00+09:00,J5,225,194,419
2019-07-14T09:15:00+09:00,J1,425,332,757
2019-07-14T09:15:00+09:00,J2,295,161,456
2019-07-14T09:15:00+09:00,J3,651,579,1230
2019-07-14T09:15:00+09:00,J4,378,473,851
2019-07-14T09:15:00+09:00,J5,236,190,426
2019-07-14T09:30:00+09:00,J1,474,373,847
2019-07-14T09:30:00+09:00,J2,299,179,478
2019-07-14T09:30:00+09:00,J3,663,635,1298
2019-07-14T09:30:00+09:00,J4,424,494,918
2019-07-14T09:30:00+09:00,J5,210,256,466
2019-07-14T09:45:00+09:00,J1,515,386,901
2019-07-14T09:45:00+09:00,J2,334,226,560
2019-07-14T09:45:00+09:00,J3,627,625,1252
2019-07-14T09:45:00+09:00,J4,444,488,932
2019-07-14T09:45:00+09:00,J5,218,264,482
2019-07-14T10:00:00+09:00,J1,482,422,904
2019-07-14T10:00:00+09:00,J2,380,252,632
2019-07-14T10:00:00+09:00,J3,625,574,1199
2019-07-14T10:00:00+09:00,J4,422,485,907
2019-07-14T10:00:00+09:00,J5,243,269,512
2019-07-14T10:15:00+09:00,J1,524,480,1004
2019-07-14T10:15:00+09:00,J2,391,290,681
2019-07-14T10:15:00+09:00,J3,704,672,1376
2019-07-14T10:15:00+09:00,J4,437,531,968
2019-07-14T10:15:00+09:00,J5,291,272,563
2019-07-14T10:30:00+09:00,J1,571,447,1018
2019-07-14T10:30:00+09:00,J2,341,336,677
2019-07-14T10:30:00+09:00,J3,700,678,1378
2019-07-14T10:30:00+09:00,J4,381,494,875
2019-07-14T10:30:00+09:00,J5,242,256,498
2019-07-14T10:45:00+09:00,J1,581,521,1102
2019-07-14T10:45:00+09:00,J2,303,364,667
2019-07-14T10:45:00+09:00,J3,604,660,1264
2019-07-14T10:45:00+09:00,J4,352,480,832
2019-07-14T10:45:00+09:00,J5,233,244,477
2019-07-14T11:00:00+09:00,J1,617,542,1159
2019-07-14T11:00:00+09:00,J2,331,334,665
2019-07-14T11:00:00+09:00,J3,644,601,1245
2019-07-14T11:00:00+09:00,J4,441,495,936
2019-07-14T11:00:00+09:00,J5,230,281,511
2019-07-14T11:15:00+09:00,J1,575,510,1085
2019-07-14T11:15:00+09:00,J2,314,292,606
2019-07-14T11:15:00+09:00,J3,604,597,1201
2019-07-14T11:15:00+09:00,J4,409,444,853
2019-07-14T11:15:00+09:00,J5,338,319,657
2019-07-14T11:30:00+09:00,J1,563,516,1079
2019-07-14T11:30:00+09:00,J2,386,295,681
2019-07-14T11:30:00+09:00,J3,559,507,1066
2019-07-14T11:30:00+09:00,J4,462,439,901
2019-07-14T11:30:00+09:00,J5,245,267,512
2019-07-14T11:45:00+09:00,J1,508,477,985
2019-07-14T11:45:00+09:00,J2,402,255,657
2019-07-14T11:45:00+09:00,J3,569,481,1050
2019-07-14T11:45:00+09:00,J4,430,445,875
2019-07-14T11:45:00+09:00,J5,248,319,567
2019-07-14T12:00:00+09:00,J1,577,528,1105
2019-07-14T12:00:00+09:00,J2,351,284,635
2019-07-14T12:00:00+09:00,J3,584,487,1071
2019-07-14T12:00:00+09:00,J4,461,413,874
2019-07-14T12:00:00+09:00,J5,242,279,521
2019-07-14T12:15:00+09:00,J1,652,581,1233
2019-07-14T12:15:00+09:00,J2,374,279,653
2019-07-14T12:15:00+09:00,J3,663,537,1200
2019-07-14T12:15:00+09:00,J4,471,408,879
2019-07-14T12:15:00+09:00,J5,245,321,566
2019-07-14T12:30:00+09:00,J1,618,528,1146
2019-07-14T12:30:00+09:00,J2,407,273,680
2019-07-14T12:30:00+09:00,J3,542,530,1072
2019-07-14T12:30:00+09:00,J4,500,463,963
2019-07-14T12:30:00+09:00,J5,290,302,592
2019-07-14T12:45:00+09:00,J1,583,516,1099
2019-07-14T12:45:00+09:00,J2,328,264,592
2019-07-14T12:45:00+09:00,J3,573,537,1110
2019-07-14T12:45:00+09:00,J4,513,458,971
2019-07-14T12:45:00+09:00,J5,295,350,645
2019-07-14T13:00:00+09:00,J1,538,591,1129
2019-07-14T13:00:00+09:00,J2,354,285,639
2019-07-14T13:00:00+09:00,J3,559,546,1105
2019-07-14T13:00:00+09:00,J4,522,481,1003
2019-07-14T13:00:00+09:00,J5,326,366,692
2019-07-14T13:15:00+09:00,J1,541,574,1115
2019-07-14T13:15:00+09:00,J2,355,276,631
2019-07-14T13:15:00+09:00,J3,476,551,1027
2019-07-14T13:15:00+09:00,J4,479,468,947
2019-07-14T13:15:00+09:00,J5,312,359,671
2019-07-14T13:30:00+09:00,J1,577,624,1201
2019-07-14T13:30:00+09:00,J2,408,258,666
2019-07-14T13:30:00+09:00,J3,537,534,1071
2019-07-14T13:30:00+09:00,J4,533,444,977
2019-07-14T13:30:00+09:00,J5,341,385,726
2019-07-14T13:45:00+09:00,J1,589,609,1198
2019-07-14T13:45:00+09:00,J2,338,240,578
2019-07-14T13:45:00+09:00,J3,524,532,1056
2019-07-14T13:45:00+09:00,J4,518,446,964
2019-07-14T13:45:00+09:00,J5,292,372,664
2019-07-14T14:00:00+09:00,J1,587,564,1151
2019-07-14T14:00:00+09:00,J2,372,264,636
2019-07-14T14:00:00+09:00,J3,443,525,968
2019-07-14T14:00:00+09:00,J4,512,501,1013
2019-07-14T14:00:00+09:00,J5,319,376,695
2019-07-14T14:15:00+09:00,J1,545,609,1154
2019-07-14T14:15:00+09:00,J2,296,263,559
2019-07-14T14:15:00+09:00,J3,497,576,1073
2019-07-14T14:15:00+09:00,J4,501,491,992
2019-07-14T14:15:00+09:00,J5,311,405,716
2019-07-14T14:30:00+09:00,J1,596,583,1179
2019-07-14T14:30:00+09:00,J2,330,303,633
2019-07-14T14:30:00+09:00,J3,477,515,992
2019-07-14T14:30:00+09:00,J4,511,485,996
2019-07-14T14:30:00+09:00,J5,280,318,598
2019-07-14T14:45:00+09:00,J1,597,576,1173
2019-07-14T14:45:00+09:00,J2,338,255,593
2019-07-14T14:45:00+09:00,J3,491,538,1029
2019-07-14T14:45:00+09:00,J4,536,513,1049
2019-07-14T14:45:00+09:00,J5,259,326,585
2019-07-14T15:00:00+09:00,J1,548,579,1127
2019-07-14T15:00:00+09:00,J2,305,248,553
2019-07-14T15:00:00+09:00,J3,522,532,1054
2019-07-14T15:00:00+09:00,J4,515,535,1050
2019-07-14T15:00:00+09:00,J5,268,352,620
2019-07-14T15:15:00+09:00,J1,547,584,1131
2019-07-14T15:15:00+09:00,J2,335,290,625
2019-07-14T15:15:00+09:00,J3,525,550,1075
2019-07-14T15:15:00+09:00,J4,478,474,952
2019-07-14T15:15:00+09:00,J5,329,370,699
2019-07-14T15:30:00+09:00,J1,599,574,1173
2019-07-14T15:30:00+09:00,J2,354,251,605
2019-07-14T15:30:00+09:00,J3,565,466,1031
2019-07-14T15:30:00+09:00,J4,555,516,1071
2019-07-14T15:30:00+09:00,J5,297,352,649
2019-07-14T15:45:00+09:00,J1,568,610,1178
2019-07-14T15:45:00+09:00,J2,347,286,633
2019-07-14T15:45:00+09:00,J3,555,522,1077
2019-07-14T15:45:00+09:00,J4,465,504,969
2019-07-14T15:45:00+09:00,J5,328,364,692
2019-07-14T16:00:00+09:00,J1,595,674,1269
2019-07-14T16:00:00+09:00,J2,336,268,604
2019-07-14T16:00:00+09:00,J3,479,538,1017
2019-07-14T16:00:00+09:00,J4,481,468,949
2019-07-14T16:00:00+09:00,J5,241,264,505
2019-07-14T16:15:00+09:00,J1,650,641,1291
2019-07-14T16:15:00+09:00,J2,386,293,679
2019-07-14T16:15:00+09:00,J3,458,541,999
2019-07-14T16:15:00+09:00,J4,486,470,956
2019-07-14T16:15:00+09:00,J5,267,303,570
2019-07-14T16:30:00+09:00,J1,636,667,1303
2019-07-14T16:30:00+09:00,J2,383,264,647
2019-07-14T16:30:00+09:00,J3,526,595,1121
2019-07-14T16:30:00+09:00,J4,583,526,1109
2019-07-14T16:30:00+09:00,J5,294,338,632
2019-07-14T16:45:00+09:00,J1,655,674,1329
2019-07-14T16:45:00+09:00,J2,386,279,665
2019-07-14T16:45:00+09:00,J3,576,547,1123
2019-07-14T16:45:00+09:00,J4,584,459,1043
2019-07-14T16:45:00+09:00,J5,339,334,673
2019-07-14T17:00:00+09:00,J1,708,648,1356
2019-07-14T17:00:00+09:00,J2,444,338,782
2019-07-14T17:00:00+09:00,J3,607,593,1200
2019-07-14T17:00:00+09:00,J4,545,484,1029
2019-07-14T17:00:00+09:00,J5,322,356,678
2019-07-14T17:15:00+09:00,J1,665,693,1358
2019-07-14T17:15:00+09:00,J2,408,291,699
2019-07-14T17:15:00+09:00,J3,581,574,1155
2019-07-14T17:15:00+09:00,J4,574,429,1003
2019-07-14T17:15:00+09:00,J5,287,395,682
2019-07-14T17:30:00+09:00,J1,691,693,1384
2019-07-14T17:30:00+09:00,J2,440,289,729
2019-07-14T17:30:00+09:00,J3,659,591,1250
2019-07-14T17:30:00+09:00,J4,564,491,1055
2019-07-14T17:30:00+09:00,J5,305,338,643
2019-07-14T17:45:00+09:00,J1,600,600,1200
2019-07-14T17:45:00+09:00,J2,315,294,609
2019-07-14T17:45:00+09:00,J3,490,504,994
2019-07-14T17:45:00+09:00,J4,571,431,1002
2019-07-14T17:45:00+09:00,J5,297,333,630
2019-07-14T18:00:00+09:00,J1,553,588,1141
2019-07-14T18:00:00+09:00,J2,418,246,664
2019-07-14T18:00:00+09:00,J3,651,471,1122
2019-07-14T18:00:00+09:00,J4,548,386,934
2019-07-14T18:00:00+09:00,J5,273,314,587
2019-07-14T18:15:00+09:00,J1,544,683,1227
2019-07-14T18:15:00+09:00,J2,412,286,698
2019-07-14T18:15:00+09:00,J3,650,483,1133
2019-07-14T18:15:00+09:00,J4,549,366,915
2019-07-14T18:15:00+09:00,J5,299,345,644
2019-07-14T18:30:00+09:00,J1,607,635,1242
2019-07-14T18:30:00+09:00,J2,390,194,584
2019-07-14T18:30:00+09:00,J3,569,427,996
2019-07-14T18:30:00+09:00,J4,508,395,903
2019-07-14T18:30:00+09:00,J5,293,377,670
2019-07-14T18:45:00+09:00,J1,547,607,1154
2019-07-14T18:45:00+09:00,J2,365,234,599
2019-07-14T18:45:00+09:00,J3,558,433,991
2019-07-14T18:45:00+09:00,J4,458,366,824
2019-07-14T18:45:00+09:00,J5,306,364,670
2019-07-14T19:00:00+09:00,J1,520,583,1103
2019-07-14T19:00:00+09:00,J2,371,245,616
2019-07-14T19:00:00+09:00,J3,544,408,952
2019-07-14T19:00:00+09:00,J4,462,378,840
2019-07-14T19:00:00+09:00,J5,325,329,654
2019-07-14T19:15:00+09:00,J1,530,592,1122
2019-07-14T19:15:00+09:00,J2,277,241,518
2019-07-14T19:15:00+09:00,J3,570,432,1002
2019-07-14T19:15:00+09:00,J4,467,421,888
2019-07-14T19:15:00+09:00,J5,327,350,677
2019-07-14T19:30:00+09:00,J1,507,603,1110
2019-07-14T19:30:00+09:00,J2,335,262,597
2019-07-14T19:30:00+09:00,J3,504,445,949
2019-07-14T19:30:00+09:00,J4,432,415,847
2019-07-14T19:30:00+09:00,J5,283,315,598
2019-07-14T19:45:00+09:00,J1,450,479,929
2019-07-14T19:45:00+09:00,J2,295,273,568
2019-07-14T19:45:00+09:00,J3,495,430,925
2019-07-14T19:45:00+09:00,J4,532,490,1022
2019-07-14T19:45:00+09:00,J5,290,308,598
2019-07-14T20:00:00+09:00,J1,489,478,967
2019-07-14T20:00:00+09:00,J2,253,289,542
2019-07-14T20:00:00+09:00,J3,515,426,941
2019-07-14T20:00:00+09:00,J4,455,438,893
2019-07-14T20:00:00+09:00,J5,291,312,603
2019-07-14T20:15:00+09:00,J1,488,490,978
2019-07-14T20:15:00+09:00,J2,276,280,556
2019-07-14T20:15:00+09:00,J3,510,438,948
2019-07-14T20:15:00+09:00,J4,452,391,843
2019-07-14T20:15:00+09:00,J5,349,296,645
2019-07-14T20:30:00+09:00,J1,403,364,767
2019-07-14T20:30:00+09:00,J2,271,300,571
2019-07-14T20:30:00+09:00,J3,570,507,1077
2019-07-14T20:30:00+09:00,J4,537,508,1045
2019-07-14T20:30:00+09:00,J5,330,344,674
2019-07-14T20:45:00+09:00,J1,439,450,889
2019-07-14T20:45:00+09:00,J2,264,295,559
2019-07-14T20:45:00+09:00,J3,599,626,1225
2019-07-14T20:45:00+09:00,J4,401,499,900
2019-07-14T20:45:00+09:00,J5,312,275,587
2019-07-14T21:00:00+09:00,J1,435,489,924
2019-07-14T21:00:00+09:00,J2,323,248,571
2019-07-14T21:00:00+09:00,J3,479,488,967
2019-07-14T21:00:00+09:00,J4,557,592,1149
2019-07-14T21:00:00+09:00,J5,344,302,646
2019-07-14T21:15:00+09:00,J1,399,455,854
2019-07-14T21:15:00+09:00,J2,311,258,569
2019-07-14T21:15:00+09:00,J3,549,499,1048
2019-07-14T21:15:00+09:00,J4,586,565,1151
2019-07-14T21:15:00+09:00,J5,355,321,676
2019-07-14T21:30:00+09:00,J1,383,432,815
2019-07-14T21:30:00+09:00,J2,313,221,534
2019-07-14T21:30:00+09:00,J3,528,471,999
2019-07-14T21:30:00+09:00,J4,598,498,1096
2019-07-14T21:30:00+09:00,J5,302,300,602
2019-07-14T21:45:00+09:00,J1,376,405,781
2019-07-14T21:45:00+09:00,J2,264,304,568
2019-07-14T21:45:00+09:00,J3,532,409,941
2019-07-14T21:45:00+09:00,J4,664,599,1263
2019-07-14T21:45:00+09:00,J5,333,298,631
2019-07-14T22:00:00+09:00,J1,312,403,715
2019-07-14T22:00:00+09:00,J2,279,265,544
2019-07-14T22:00:00+09:00,J3,451,368,819
2019-07-14T22:00:00+09:00,J4,524,599,1123
2019-07-14T22:00:00+09:00,J5,296,271,567
2019-07-14T22:15:00+09:00,J1,340,337,677
2019-07-14T22:15:00+09:00,J2,278,227,505
2019-07-14T22:15:00+09:00,J3,455,341,796
2019-07-14T22:15:00+09:00,J4,636,647,1283
2019-07-14T22:15:00+09:00,J5,271,267,538
2019-07-14T22:30:00+09:00,J1,343,386,729
2019-07-14T22:30:00+09:00,J2,245,154,399
2019-07-14T22:30:00+09:00,J3,481,371,852
2019-07-14T22:30:00+09:00,J4,547,496,1043
2019-07-14T22:30:00+09:00,J5,269,250,519
2019-07-14T22:45:00+09:00,J1,312,362,674
2019-07-14T22:45:00+09:00,J2,269,195,464
2019-07-14T22:45:00+09:00,J3,490,423,913
2019-07-14T22:45:00+09:00,J4,582,623,1205
2019-07-14T22:45:00+09:00,J5,236,241,477
2019-07-14T23:00:00+09:00,J1,328,402,730
2019-07-14T23:00:00+09:00,J2,292,218,510
2019-07-14T23:00:00+09:00,J3,426,383,809
2019-07-14T23:00:00+09:00,J4,561,555,1116
2019-07-14T23:00:00+09:00,J5,162,178,340
2019-07-14T23:15:00+09:00,J1,321,344,665
2019-07-14T23:15:00+09:00,J2,278,163,441
2019-07-14T23:15:00+09:00,J3,400,346,746
2019-07-14T23:15:00+09:00,J4,625,694,1319
2019-07-14T23:15:00+09:00,J5,165,187,352
2019-07-14T23:30:00+09:00,J1,276,368,644
2019-07-14T23:30:00+09:00,J2,265,172,437
2019-07-14T23:30:00+09:00,J3,413,354,767
2019-07-14T23:30:00+09:00,J4,479,499,978
2019-07-14T23:30:00+09:00,J5,150,232,382
2019-07-14T23:45:00+09:00,J1,260,333,593
2019-07-14T23:45:00+09:00,J2,205,113,318
2019-07-14T23:45:00+09:00,J3,401,308,709
2019-07-14T23:45:00+09:00,J4,550,547,1097
2019-07-14T23:45:00+09:00,J5,162,214,376
2019-07-15T00:00:00+09:00,J1,251,263,514
2019-07-15T00:00:00+09:00,J2,176,106,282
2019-07-15T00:00:00+09:00,J3,371,311,682
2019-07-15T00:00:00+09:00,J4,458,461,919
2019-07-15T00:00:00+09:00,J5,179,212,391
2019-07-15T00:15:00+09:00,J1,253,256,509
2019-07-15T00:15:00+09:00,J2,143,92,235
2019-07-15T00:15:00+09:00,J3,307,258,565
2019-07-15T00:15:00+09:00,J4,409,410,819
2019-07-15T00:15:00+09:00,J5,158,119,277
2019-07-15T00:30:00+09:00,J1,288,210,498
2019-07-15T00:30:00+09:00,J2,160,107,267
2019-07-15T00:30:00+09:00,J3,314,244,558
2019-07-15T00:30:00+09:00,J4,466,434,900
2019-07-15T00:30:00+09:00,J5,124,67,191
2019-07-15T00:45:00+09:00,J1,289,224,513
2019-07-15T00:45:00+09:00,J2,171,147,318
2019-07-15T00:45:00+09:00,J3,303,245,548
2019-07-15T00:45:00+09:00,J4,441,433,874
2019-07-15T00:45:00+09:00,J5,103,64,167
2019-07-15T05:45:00+09:00,J1,265,256,521
2019-07-15T05:45:00+09:00,J2,165,139,304
2019-07-15T05:45:00+09:00,J3,257,224,481
2019-07-15T05:45:00+09:00,J4,514,646,1160
2019-07-15T05:45:00+09:00,J5,312,383,695
2019-07-15T06:00:00+09:00,J1,247,249,496
2019-07-15T06:00:00+09:00,J2,169,152,321
2019-07-15T06:00:00+09:00,J3,221,203,424
2019-07-15T06:00:00+09:00,J4,476,561,1037
2019-07-15T06:00:00+09:00,J5,334,343,677
2019-07-15T06:15:00+09:00,J1,336,322,658
2019-07-15T06:15:00+09:00,J2,206,185,391
2019-07-15T06:15:00+09:00,J3,264,220,484
2019-07-15T06:15:00+09:00,J4,589,666,1255
2019-07-15T06:15:00+09:00,J5,345,297,642
2019-07-15T06:30:00+09:00,J1,303,297,600
2019-07-15T06:30:00+09:00,J2,156,139,295
2019-07-15T06:30:00+09:00,J3,259,233,492
2019-07-15T06:30:00+09:00,J4,616,577,1193
2019-07-15T06:30:00+09:00,J5,385,357,742
2019-07-15T06:45:00+09:00,J1,331,299,630
2019-07-15T06:45:00+09:00,J2,163,195,358
2019-07-15T06:45:00+09:00,J3,326,286,612
2019-07-15T06:45:00+09:00,J4,567,576,1143
2019-07-15T06:45:00+09:00,J5,422,405,827
2019-07-15T07:00:00+09:00,J1,262,267,529
2019-07-15T07:00:00+09:00,J2,187,200,387
2019-07-15T07:00:00+09:00,J3,264,280,544
2019-07-15T07:00:00+09:00,J4,522,516,1038
2019-07-15T07:00:00+09:00,J5,406,460,866
2019-07-15T07:15:00+09:00,J1,291,294,585
2019-07-15T07:15:00+09:00,J2,183,203,386
2019-07-15T07:15:00+09:00,J3,399,297,696
2019-07-15T07:15:00+09:00,J4,532,572,1104
2019-07-15T07:15:00+09:00,J5,413,401,814
2019-07-15T07:30:00+09:00,J1,366,349,715
2019-07-15T07:30:00+09:00,J2,227,246,473
2019-07-15T07:30:00+09:00,J3,374,344,718
2019-07-15T07:30:00+09:00,J4,643,678,1321
2019-07-15T07:30:00+09:00,J5,362,394,756
2019-07-15T07:45:00+09:00,J1,308,359,667
2019-07-15T07:45:00+09:00,J2,221,240,461
2019-07-15T07:45:00+09:00,J3,427,398,825
2019-07-15T07:45:00+09:00,J4,557,603,1160
2019-07-15T07:45:00+09:00,J5,377,400,777
2019-07-15T08:00:00+09:00,J1,514,528,1042
2019-07-15T08:00:00+09:00,J2,252,267,519
2019-07-15T08:00:00+09:00,J3,728,565,1293
2019-07-15T08:00:00+09:00,J4,611,683,1294
2019-07-15T08:00:00+09:00,J5,336,249,585
2019-07-15T08:15:00+09:00,J1,592,482,1074
2019-07-15T08:15:00+09:00,J2,274,246,520
2019-07-15T08:15:00+09:00,J3,647,606,1253
2019-07-15T08:15:00+09:00,J4,554,663,1217
2019-07-15T08:15:00+09:00,J5,365,324,689
2019-07-15T08:30:00+09:00,J1,593,528,1121
2019-07-15T08:30:00+09:00,J2,260,264,524
2019-07-15T08:30:00+09:00,J3,654,640,1294
2019-07-15T08:30:00+09:00,J4,586,694,1280
2019-07-15T08:30:00+09:00,J5,337,301,638
2019-07-15T08:45:00+09:00,J1,544,530,1074
2019-07-15T08:45:00+09:00,J2,287,247,534
2019-07-15T08:45:00+09:00,J3,663,589,1252
2019-07-15T08:45:00+09:00,J4,624,692,1316
2019-07-15T08:45:00+09:00,J5,377,400,777
2019-07-15T09:00:00+09:00,J1,492,445,937
2019-07-15T09:00:00+09:00,J2,331,258,589
2019-07-15T09:00:00+09:00,J3,645,536,1181
2019-07-15T09:00:00+09:00,J4,583,672,1255
2019-07-15T09:00:00+09:00,J5,351,307,658
2019-07-15T09:15:00+09:00,J1,460,363,823
2019-07-15T09:15:00+09:00,J2,304,191,495
2019-07-15T09:15:00+09:00,J3,666,590,1256
2019-07-15T09:15:00+09:00,J4,535,584,1119
2019-07-15T09:15:00+09:00,J5,313,285,598
2019-07-15T09:30:00+09:00,J1,508,429,937
2019-07-15T09:30:00+09:00,J2,280,192,472
2019-07-15T09:30:00+09:00,J3,668,669,1337
2019-07-15T09:30:00+09:00,J4,513,572,1085
2019-07-15T09:30:00+09:00,J5,311,274,585
2019-07-15T09:45:00+09:00,J1,476,436,912
2019-07-15T09:45:00+09:00,J2,290,162,452
2019-07-15T09:45:00+09:00,J3,687,649,1336
2019-07-15T09:45:00+09:00,J4,564,560,1124
2019-07-15T09:45:00+09:00,J5,288,230,518
2019-07-15T10:00:00+09:00,J1,487,462,949
2019-07-15T10:00:00+09:00,J2,357,199,556
2019-07-15T10:00:00+09:00,J3,630,622,1252
2019-07-15T10:00:00+09:00,J4,568,505,1073
2019-07-15T10:00:00+09:00,J5,292,245,537
2019-07-15T10:15:00+09:00,J1,476,500,976
2019-07-15T10:15:00+09:00,J2,400,325,725
2019-07-15T10:15:00+09:00,J3,712,666,1378
2019-07-15T10:15:00+09:00,J4,448,493,941
2019-07-15T10:15:00+09:00,J5,278,243,521
2019-07-15T10:30:00+09:00,J1,501,551,1052
2019-07-15T10:30:00+09:00,J2,337,342,679
2019-07-15T10:30:00+09:00,J3,697,628,1325
2019-07-15T10:30:00+09:00,J4,471,473,944
2019-07-15T10:30:00+09:00,J5,313,284,597
2019-07-15T10:45:00+09:00,J1,529,550,1079
2019-07-15T10:45:00+09:00,J2,332,358,690
2019-07-15T10:45:00+09:00,J3,612,667,1279
2019-07-15T10:45:00+09:00,J4,428,443,871
2019-07-15T10:45:00+09:00,J5,253,333,586
2019-07-15T11:00:00+09:00,J1,617,648,1265
2019-07-15T11:00:00+09:00,J2,353,377,730
2019-07-15T11:00:00+09:00,J3,605,701,1306
2019-07-15T11:00:00+09:00,J4,408,530,938
2019-07-15T11:00:00+09:00,J5,281,343,624
2019-07-15T11:15:00+09:00,J1,628,651,1279
2019-07-15T11:15:00+09:00,J2,379,279,658
2019-07-15T11:15:00+09:00,J3,621,697,1318
2019-07-15T11:15:00+09:00,J4,415,514,929
2019-07-15T11:15:00+09:00,J5,250,326,576
2019-07-15T11:30:00+09:00,J1,603,628,1231
2019-07-15T11:30:00+09:00,J2,384,335,719
2019-07-15T11:30:00+09:00,J3,515,523,1038
2019-07-15T11:30:00+09:00,J4,444,454,898
2019-07-15T11:30:00+09:00,J5,235,327,562
2019-07-15T11:45:00+09:00,J1,555,597,1152
2019-07-15T11:45:00+09:00,J2,400,295,695
2019-07-15T11:45:00+09:00,J3,535,490,1025
2019-07-15T11:45:00+09:00,J4,427,445,872
2019-07-15T11:45:00+09:00,J5,234,295,529
2019-07-15T12:00:00+09:00,J1,588,634,1222
2019-07-15T12:00:00+09:00,J2,377,293,670
2019-07-15T12:00:00+09:00,J3,483,481,964
2019-07-15T12:00:00+09:00,J4,413,462,875
2019-07-15T12:00:00+09:00,J5,264,286,550
2019-07-15T12:15:00+09:00,J1,574,647,1221
2019-07-15T12:15:00+09:00,J2,435,277,712
2019-07-15T12:15:00+09:00,J3,507,512,1019
2019-07-15T12:15:00+09:00,J4,492,478,970
2019-07-15T12:15:00+09:00,J5,322,365,687
2019-07-15T12:30:00+09:00,J1,521,490,1011
2019-07-15T12:30:00+09:00,J2,394,293,687
2019-07-15T12:30:00+09:00,J3,441,493,934
2019-07-15T12:30:00+09:00,J4,437,438,875
2019-07-15T12:30:00+09:00,J5,306,340,646
2019-07-15T12:45:00+09:00,J1,530,574,1104
2019-07-15T12:45:00+09:00,J2,403,266,669
2019-07-15T12:45:00+09:00,J3,485,552,1037
2019-07-15T12:45:00+09:00,J4,410,414,824
2019-07-15T12:45:00+09:00,J5,315,338,653
2019-07-15T13:00:00+09:00,J1,570,590,1160
2019-07-15T13:00:00+09:00,J2,357,263,620
2019-07-15T13:00:00+09:00,J3,519,482,1001
2019-07-15T13:00:00+09:00,J4,466,426,892
2019-07-15T13:00:00+09:00,J5,301,369,670
2019-07-15T13:15:00+09:00,J1,544,590,1134
2019-07-15T13:15:00+09:00,J2,364,275,639
2019-07-15T13:15:00+09:00,J3,436,497,933
2019-07-15T13:15:00+09:00,J4,448,399,847
2019-07-15T13:15:00+09:00,J5,319,365,684
2019-07-15T13:30:00+09:00,J1,552,572,1124
2019-07-15T13:30:00+09:00,J2,404,300,704
2019-07-15T13:30:00+09:00,J3,471,425,896
2019-07-15T13:30:00+09:00,J4,426,422,848
2019-07-15T13:30:00+09:00,J5,338,375,713
2019-07-15T13:45:00+09:00,J1,566,515,1081
2019-07-15T13:45:00+09:00,J2,321,293,614
2019-07-15T13:45:00+09:00,J3,468,522,990
2019-07-15T13:45:00+09:00,J4,447,387,834
2019-07-15T13:45:00+09:00,J5,320,340,660
2019-07-15T14:00:00+09:00,J1,578,508,1086
2019-07-15T14:00:00+09:00,J2,363,286,649
2019-07-15T14:00:00+09:00,J3,498,509,1007
2019-07-15T14:00:00+09:00,J4,416,397,813
2019-07-15T14:00:00+09:00,J5,303,345,648
2019-07-15T14:15:00+09:00,J1,570,585,1155
2019-07-15T14:15:00+09:00,J2,314,284,598
2019-07-15T14:15:00+09:00,J3,462,545,1007
2019-07-15T14:15:00+09:00,J4,509,449,958
2019-07-15T14:15:00+09:00,J5,324,408,732
2019-07-15T14:30:00+09:00,J1,578,612,1190
2019-07-15T14:30:00+09:00,J2,344,254,598
2019-07-15T14:30:00+09:00,J3,509,467,976
2019-07-15T14:30:00+09:00,J4,514,420,934
2019-07-15T14:30:00+09:00,J5,254,315,569
2019-07-15T14:45:00+09:00,J1,607,620,1227
2019-07-15T14:45:00+09:00,J2,343,255,598
2019-07-15T14:45:00+09:00,J3,412,472,884
2019-07-15T14:45:00+09:00,J4,459,429,888
2019-07-15T14:45:00+09:00,J5,304,374,678
2019-07-15T15:00:00+09:00,J1,593,691,1284
2019-07-15T15:00:00+09:00,J2,360,294,654
2019-07-15T15:00:00+09:00,J3,425,494,919
2019-07-15T15:00:00+09:00,J4,564,484,1048
2019-07-15T15:00:00+09:00,J5,291,334,625
2019-07-15T15:15:00+09:00,J1,584,681,1265
2019-07-15T15:15:00+09:00,J2,367,303,670
2019-07-15T15:15:00+09:00,J3,485,522,1007
2019-07-15T15:15:00+09:00,J4,578,488,1066
2019-07-15T15:15:00+09:00,J5,318,411,729
2019-07-15T15:30:00+09:00,J1,593,635,1228
2019-07-15T15:30:00+09:00,J2,351,264,615
2019-07-15T15:30:00+09:00,J3,472,476,948
2019-07-15T15:30:00+09:00,J4,570,457,1027
2019-07-15T15:30:00+09:00,J5,310,397,707
2019-07-15T15:45:00+09:00,J1,574,637,1211
2019-07-15T15:45:00+09:00,J2,336,323,659
2019-07-15T15:45:00+09:00,J3,470,458,928
2019-07-15T15:45:00+09:00,J4,513,482,995
2019-07-15T15:45:00+09:00,J5,322,391,713
2019-07-15T16:00:00+09:00,J1,615,546,1161
2019-07-15T16:00:00+09:00,J2,319,289,608
2019-07-15T16:00:00+09:00,J3,452,466,918
2019-07-15T16:00:00+09:00,J4,524,448,972
2019-07-15T16:00:00+09:00,J5,307,339,646
2019-07-15T16:15:00+09:00,J1,574,661,1235
2019-07-15T16:15:00+09:00,J2,336,319,655
2019-07-15T16:15:00+09:00,J3,441,445,886
2019-07-15T16:15:00+09:00,J4,506,473,979
2019-07-15T16:15:00+09:00,J5,335,342,677
2019-07-15T16:30:00+09:00,J1,570,598,1168
2019-07-15T16:30:00+09:00,J2,382,220,602
2019-07-15T16:30:00+09:00,J3,436,418,854
2019-07-15T16:30:00+09:00,J4,507,428,935
2019-07-15T16:30:00+09:00,J5,310,365,675
2019-07-15T16:45:00+09:00,J1,548,607,1155
2019-07-15T16:45:00+09:00,J2,356,288,644
2019-07-15T16:45:00+09:00,J3,436,424,860
2019-07-15T16:45:00+09:00,J4,492,418,910
2019-07-15T16:45:00+09:00,J5,283,335,618
2019-07-15T17:00:00+09:00,J1,592,641,1233
2019-07-15T17:00:00+09:00,J2,391,252,643
2019-07-15T17:00:00+09:00,J3,490,437,927
2019-07-15T17:00:00+09:00,J4,518,415,933
2019-07-15T17:00:00+09:00,J5,279,383,662
2019-07-15T17:15:00+09:00,J1,618,622,1240
2019-07-15T17:15:00+09:00,J2,385,243,628
2019-07-15T17:15:00+09:00,J3,486,421,907
2019-07-15T17:15:00+09:00,J4,474,369,843
2019-07-15T17:15:00+09:00,J5,313,397,710
2019-07-15T17:30:00+09:00,J1,630,698,1328
2019-07-15T17:30:00+09:00,J2,437,351,788
2019-07-15T17:30:00+09:00,J3,469,444,913
2019-07-15T17:30:00+09:00,J4,450,415,865
2019-07-15T17:30:00+09:00,J5,309,371,680
2019-07-15T17:45:00+09:00,J1,596,617,1213
2019-07-15T17:45:00+09:00,J2,445,333,778
2019-07-15T17:45:00+09:00,J3,536,537,1073
2019-07-15T17:45:00+09:00,J4,492,387,879
2019-07-15T17:45:00+09:00,J5,289,393,682
2019-07-15T18:00:00+09:00,J1,594,638,1232
2019-07-15T18:00:00+09:00,J2,383,319,702
2019-07-15T18:00:00+09:00,J3,452,378,830
2019-07-15T18:00:00+09:00,J4,419,363,782
2019-07-15T18:00:00+09:00,J5,338,368,706
2019-07-15T18:15:00+09:00,J1,629,674,1303
2019-07-15T18:15:00+09:00,J2,438,299,737
2019-07-15T18:15:00+09:00,J3,482,375,857
2019-07-15T18:15:00+09:00,J4,500,343,843
2019-07-15T18:15:00+09:00,J5,331,353,684
2019-07-15T18:30:00+09:00,J1,493,567,1060
2019-07-15T18:30:00+09:00,J2,380,266,646
2019-07-15T18:30:00+09:00,J3,416,376,792
2019-07-15T18:30:00+09:00,J4,423,344,767
2019-07-15T18:30:00+09:00,J5,296,369,665
2019-07-15T18:45:00+09:00,J1,566,545,1111
2019-07-15T18:45:00+09:00,J2,379,290,669
2019-07-15T18:45:00+09:00,J3,370,353,723
2019-07-15T18:45:00+09:00,J4,347,335,682
2019-07-15T18:45:00+09:00,J5,249,327,576
2019-07-15T19:00:00+09:00,J1,485,501,986
2019-07-15T19:00:00+09:00,J2,362,304,666
2019-07-15T19:00:00+09:00,J3,446,357,803
2019-07-15T19:00:00+09:00,J4,409,366,775
2019-07-15T19:00:00+09:00,J5,272,365,637
2019-07-15T19:15:00+09:00,J1,516,595,1111
2019-07-15T19:15:00+09:00,J2,373,291,664
2019-07-15T19:15:00+09:00,J3,394,427,821
2019-07-15T19:15:00+09:00,J4,543,454,997
2019-07-15T19:15:00+09:00,J5,360,426,786
2019-07-15T19:30:00+09:00,J1,467,495,962
2019-07-15T19:30:00+09:00,J2,324,299,623
2019-07-15T19:30:00+09:00,J3,393,337,730
2019-07-15T19:30:00+09:00,J4,414,397,811
2019-07-15T19:30:00+09:00,J5,341,327,668
2019-07-15T19:45:00+09:00,J1,359,421,780
2019-07-15T19:45:00+09:00,J2,335,266,601
2019-07-15T19:45:00+09:00,J3,363,338,701
2019-07-15T19:45:00+09:00,J4,540,482,1022
2019-07-15T19:45:00+09:00,J5,317,340,657
2019-07-15T20:00:00+09:00,J1,374,398,772
2019-07-15T20:00:00+09:00,J2,278,248,526
2019-07-15T20:00:00+09:00,J3,383,325,708
2019-07-15T20:00:00+09:00,J4,476,398,874
2019-07-15T20:00:00+09:00,J5,303,347,650
2019-07-15T20:15:00+09:00,J1,400,413,813
2019-07-15T20:15:00+09:00,J2,248,266,514
2019-07-15T20:15:00+09:00,J3,421,331,752
2019-07-15T20:15:00+09:00,J4,430,406,836
2019-07-15T20:15:00+09:00,J5,301,320,621
2019-07-15T20:30:00+09:00,J1,408,421,829
2019-07-15T20:30:00+09:00,J2,280,270,550
2019-07-15T20:30:00+09:00,J3,384,346,730
2019-07-15T20:30:00+09:00,J4,510,446,956
2019-07-15T20:30:00+09:00,J5,292,303,595
2019-07-15T20:45:00+09:00,J1,395,416,811
2019-07-15T20:45:00+09:00,J2,307,260,567
2019-07-15T20:45:00+09:00,J3,397,388,785
2019-07-15T20:45:00+09:00,J4,493,505,998
2019-07-15T20:45:00+09:00,J5,257,311,568
2019-07-15T21:00:00+09:00,J1,364,410,774
2019-07-15T21:00:00+09:00,J2,313,265,578
2019-07-15T21:00:00+09:00,J3,392,334,726
2019-07-15T21:00:00+09:00,J4,540,471,1011
2019-07-15T21:00:00+09:00,J5,268,281,549
2019-07-15T21:15:00+09:00,J1,402,376,778
2019-07-15T21:15:00+09:00,J2,271,254,525
2019-07-15T21:15:00+09:00,J3,385,342,727
2019-07-15T21:15:00+09:00,J4,582,547,1129
2019-07-15T21:15:00+09:00,J5,287,305,592
2019-07-15T21:30:00+09:00,J1,321,379,700
2019-07-15T21:30:00+09:00,J2,213,232,445
2019-07-15T21:30:00+09:00,J3,425,390,815
2019-07-15T21:30:00+09:00,J4,573,522,1095
2019-07-15T21:30:00+09:00,J5,256,293,549
2019-07-15T21:45:00+09:00,J1,356,363,719
2019-07-15T21:45:00+09:00,J2,280,230,510
2019-07-15T21:45:00+09:00,J3,360,358,718
2019-07-15T21:45:00+09:00,J4,507,519,1026
2019-07-15T21:45:00+09:00,J5,270,261,531
2019-07-15T22:00:00+09:00,J1,303,311,614
2019-07-15T22:00:00+09:00,J2,245,217,462
2019-07-15T22:00:00+09:00,J3,372,319,691
2019-07-15T22:00:00+09:00,J4,484,480,964
2019-07-15T22:00:00+09:00,J5,237,271,508
2019-07-15T22:15:00+09:00,J1,302,332,634
2019-07-15T22:15:00+09:00,J2,227,207,434
2019-07-15T22:15:00+09:00,J3,339,377,716
2019-07-15T22:15:00+09:00,J4,565,610,1175
2019-07-15T22:15:00+09:00,J5,226,219,445
2019-07-15T22:30:00+09:00,J1,318,336,654
2019-07-15T22:30:00+09:00,J2,282,176,458
2019-07-15T22:30:00+09:00,J3,387,351,738
2019-07-15T22:30:00+09:00,J4,566,589,1155
2019-07-15T22:30:00+09:00,J5,273,201,474
2019-07-15T22:45:00+09:00,J1,258,277,535
2019-07-15T22:45:00+09:00,J2,272,192,464
2019-07-15T22:45:00+09:00,J3,414,400,814
2019-07-15T22:45:00+09:00,J4,610,630,1240
2019-07-15T22:45:00+09:00,J5,184,222,406
2019-07-15T23:00:00+09:00,J1,351,402,753
2019-07-15T23:00:00+09:00,J2,204,144,348
2019-07-15T23:00:00+09:00,J3,435,302,737
2019-07-15T23:00:00+09:00,J4,608,665,1273
2019-07-15T23:00:00+09:00,J5,175,197,372
2019-07-15T23:15:00+09:00,J1,357,313,670
2019-07-15T23:15:00+09:00,J2,212,147,359
2019-07-15T23:15:00+09:00,J3,358,302,660
2019-07-15T23:15:00+09:00,J4,658,660,1318
2019-07-15T23:15:00+09:00,J5,167,168,335
2019-07-15T23:30:00+09:00,J1,320,362,682
2019-07-15T23:30:00+09:00,J2,249,139,388
2019-07-15T23:30:00+09:00,J3,384,339,723
2019-07-15T23:30:00+09:00,J4,545,598,1143
2019-07-15T23:30:00+09:00,J5,204,192,396
2019-07-15T23:45:00+09:00,J1,299,274,573
2019-07-15T23:45:00+09:00,J2,214,157,371
2019-07-15T23:45:00+09:00,J3,377,330,707
2019-07-15T23:45:00+09:00,J4,655,642,1297
2019-07-15T23:45:00+09:00,J5,183,194,377
2019-07-16T00:00:00+09:00,J1,300,223,523
2019-07-16T00:00:00+09:00,J2,198,122,320
2019-07-16T00:00:00+09:00,J3,388,315,703
2019-07-16T00:00:00+09:00,J4,617,663,1280
2019-07-16T00:00:00+09:00,J5,183,171,354
2019-07-16T00:15:00+09:00,J1,245,260,505
2019-07-16T00:15:00+09:00,J2,187,127,314
2019-07-16T00:15:00+09:00,J3,357,295,652
2019-07-16T00:15:00+09:00,J4,562,520,1082
2019-07-16T00:15:00+09:00,J5,141,134,275
2019-07-16T00:30:00+09:00,J1,261,246,507
2019-07-16T00:30:00+09:00,J2,196,169,365
2019-07-16T00:30:00+09:00,J3,305,269,574
2019-07-16T00:30:00+09:00,J4,604,542,1146
2019-07-16T00:30:00+09:00,J5,103,98,201
2019-07-16T00:45:00+09:00,J1,310,239,549
2019-07-16T00:45:00+09:00,J2,200,142,342
2019-07-16T00:45:00+09:00,J3,314,273,587
2019-07-16T00:45:00+09:00,J4,706,681,1387
2019-07-16T00:45:00+09:00,J5,127,116,243
2019-07-16T05:45:00+09:00,J1,273,212,485
2019-07-16T05:45:00+09:00,J2,157,169,326
2019-07-16T05:45:00+09:00,J3,231,238,469
2019-07-16T05:45:00+09:00,J4,359,306,665
2019-07-16T05:45:00+09:00,J5,299,372,671
2019-07-16T06:00:00+09:00,J1,301,254,555
2019-07-16T06:00:00+09:00,J2,173,187,360
2019-07-16T06:00:00+09:00,J3,225,217,442
2019-07-16T06:00:00+09:00,J4,520,470,990
2019-07-16T06:00:00+09:00,J5,303,310,613
2019-07-16T06:15:00+09:00,J1,344,284,628
2019-07-16T06:15:00+09:00,J2,184,186,370
2019-07-16T06:15:00+09:00,J3,342,318,660
2019-07-16T06:15:00+09:00,J4,606,642,1248
2019-07-16T06:15:00+09:00,J5,346,298,644
2019-07-16T06:30:00+09:00,J1,308,293,601
2019-07-16T06:30:00+09:00,J2,177,206,383
2019-07-16T06:30:00+09:00,J3,304,364,668
2019-07-16T06:30:00+09:00,J4,539,544,1083
2019-07-16T06:30:00+09:00,J5,360,347,707
2019-07-16T06:45:00+09:00,J1,324,326,650
2019-07-16T06:45:00+09:00,J2,141,218,359
2019-07-16T06:45:00+09:00,J3,363,352,715
2019-07-16T06:45:00+09:00,J4,528,578,1106
2019-07-16T06:45:00+09:00,J5,290,308,598
2019-07-16T07:00:00+09:00,J1,367,360,727
2019-07-16T07:00:00+09:00,J2,224,236,460
2019-07-16T07:00:00+09:00,J3,394,382,776
2019-07-16T07:00:00+09:00,J4,558,643,1201
2019-07-16T07:00:00+09:00,J5,294,300,594
2019-07-16T07:15:00+09:00,J1,414,323,737
2019-07-16T07:15:00+09:00,J2,229,241,470
2019-07-16T07:15:00+09:00,J3,531,404,935
2019-07-16T07:15:00+09:00,J4,602,652,1254
2019-07-16T07:15:00+09:00,J5,240,223,463
2019-07-16T07:30:00+09:00,J1,526,420,946
2019-07-16T07:30:00+09:00,J2,248,256,504
2019-07-16T07:30:00+09:00,J3,738,640,1378
2019-07-16T07:30:00+09:00,J4,635,800,1435
2019-07-16T07:30:00+09:00,J5,288,228,516
2019-07-16T07:45:00+09:00,J1,703,457,1160
2019-07-16T07:45:00+09:00,J2,369,240,609
2019-07-16T07:45:00+09:00,J3,746,765,1511
2019-07-16T07:45:00+09:00,J4,638,845,1483
2019-07-16T07:45:00+09:00,J5,312,184,496
2019-07-16T08:00:00+09:00,J1,982,594,1576
2019-07-16T08:00:00+09:00,J2,475,245,720
2019-07-16T08:00:00+09:00,J3,774,911,1685
2019-07-16T08:00:00+09:00,J4,622,887,1509
2019-07-16T08:00:00+09:00,J5,321,294,615
2019-07-16T08:15:00+09:00,J1,1108,759,1867
2019-07-16T08:15:00+09:00,J2,526,286,812
2019-07-16T08:15:00+09:00,J3,873,990,1863
2019-07-16T08:15:00+09:00,J4,563,1041,1604
2019-07-16T08:15:00+09:00,J5,299,385,684
2019-07-16T08:30:00+09:00,J1,1082,751,1833
2019-07-16T08:30:00+09:00,J2,482,290,772
2019-07-16T08:30:00+09:00,J3,800,1074,1874
2019-07-16T08:30:00+09:00,J4,539,901,1440
2019-07-16T08:30:00+09:00,J5,355,399,754
2019-07-16T08:45:00+09:00,J1,842,661,1503
2019-07-16T08:45:00+09:00,J2,416,215,631
2019-07-16T08:45:00+09:00,J3,754,850,1604
2019-07-16T08:45:00+09:00,J4,464,749,1213
2019-07-16T08:45:00+09:00,J5,270,329,599
2019-07-16T09:00:00+09:00,J1,767,625,1392
2019-07-16T09:00:00+09:00,J2,394,192,586
2019-07-16T09:00:00+09:00,J3,740,710,1450
2019-07-16T09:00:00+09:00,J4,446,688,1134
2019-07-16T09:00:00+09:00,J5,249,294,543
2019-07-16T09:15:00+09:00,J1,634,512,1146
2019-07-16T09:15:00+09:00,J2,379,236,615
2019-07-16T09:15:00+09:00,J3,704,643,1347
2019-07-16T09:15:00+09:00,J4,406,581,987
2019-07-16T09:15:00+09:00,J5,201,312,513
2019-07-16T09:30:00+09:00,J1,670,496,1166
2019-07-16T09:30:00+09:00,J2,345,226,571
2019-07-16T09:30:00+09:00,J3,694,685,1379
2019-07-16T09:30:00+09:00,J4,396,582,978
2019-07-16T09:30:00+09:00,J5,275,292,567
2019-07-16T09:45:00+09:00,J1,567,472,1039
2019-07-16T09:45:00+09:00,J2,397,254,651
2019-07-16T09:45:00+09:00,J3,630,671,1301
2019-07-16T09:45:00+09:00,J4,380,457,837
2019-07-16T09:45:00+09:00,J5,211,288,499
2019-07-16T10:00:00+09:00,J1,510,541,1051
2019-07-16T10:00:00+09:00,J2,310,245,555
2019-07-16T10:00:00+09:00,J3,597,600,1197
2019-07-16T10:00:00+09:00,J4,415,468,883
2019-07-16T10:00:00+09:00,J5,198,233,431
2019-07-16T10:15:00+09:00,J1,550,550,1100
2019-07-16T10:15:00+09:00,J2,353,323,676
2019-07-16T10:15:00+09:00,J3,588,603,1191
2019-07-16T10:15:00+09:00,J4,458,544,1002
2019-07-16T10:15:00+09:00,J5,226,269,495
2019-07-16T10:30:00+09:00,J1,546,561,1107
2019-07-16T10:30:00+09:00,J2,318,319,637
2019-07-16T10:30:00+09:00,J3,516,628,1144
2019-07-16T10:30:00+09:00,J4,428,479,907
2019-07-16T10:30:00+09:00,J5,241,285,526
2019-07-16T10:45:00+09:00,J1,442,429,871
2019-07-16T10:45:00+09:00,J2,281,300,581
2019-07-16T10:45:00+09:00,J3,461,571,1032
2019-07-16T10:45:00+09:00,J4,405,460,865
2019-07-16T10:45:00+09:00,J5,244,241,485
2019-07-16T11:00:00+09:00,J1,463,488,951
2019-07-16T11:00:00+09:00,J2,326,320,646
2019-07-16T11:00:00+09:00,J3,512,554,1066
2019-07-16T11:00:00+09:00,J4,378,558,936
2019-07-16T11:00:00+09:00,J5,224,318,542
2019-07-16T11:15:00+09:00,J1,548,582,1130
2019-07-16T11:15:00+09:00,J2,312,271,583
2019-07-16T11:15:00+09:00,J3,552,525,1077
2019-07-16T11:15:00+09:00,J4,491,461,952
2019-07-16T11:15:00+09:00,J5,339,314,653
2019-07-16T11:30:00+09:00,J1,567,555,1122
2019-07-16T11:30:00+09:00,J2,291,287,578
2019-07-16T11:30:00+09:00,J3,566,562,1128
2019-07-16T11:30:00+09:00,J4,446,488,934
2019-07-16T11:30:00+09:00,J5,238,335,573
2019-07-16T11:45:00+09:00,J1,563,511,1074
2019-07-16T11:45:00+09:00,J2,310,251,561
2019-07-16T11:45:00+09:00,J3,524,484,1008
2019-07-16T11:45:00+09:00,J4,455,464,919
2019-07-16T11:45:00+09:00,J5,263,359,622
2019-07-16T12:00:00+09:00,J1,608,544,1152
2019-07-16T12:00:00+09:00,J2,349,288,637
2019-07-16T12:00:00+09:00,J3,543,499,1042
2019-07-16T12:00:00+09:00,J4,468,477,945
2019-07-16T12:00:00+09:00,J5,300,349,649
2019-07-16T12:15:00+09:00,J1,585,544,1129
2019-07-16T12:15:00+09:00,J2,376,301,677
2019-07-16T12:15:00+09:00,J3,560,568,1128
2019-07-16T12:15:00+09:00,J4,522,481,1003
2019-07-16T12:15:00+09:00,J5,306,373,679
2019-07-16T12:30:00+09:00,J1,640,608,1248
2019-07-16T12:30:00+09:00,J2,337,263,600
2019-07-16T12:30:00+09:00,J3,542,556,1098
2019-07-16T12:30:00+09:00,J4,461,474,935
2019-07-16T12:30:00+09:00,J5,291,375,666
2019-07-16T12:45:00+09:00,J1,569,572,1141
2019-07-16T12:45:00+09:00,J2,308,242,550
2019-07-16T12:45:00+09:00,J3,470,521,991
2019-07-16T12:45:00+09:00,J4,470,413,883
2019-07-16T12:45:00+09:00,J5,272,338,610
2019-07-16T13:00:00+09:00,J1,519,506,1025
2019-07-16T13:00:00+09:00,J2,303,210,513
2019-07-16T13:00:00+09:00,J3,454,444,898
2019-07-16T13:00:00+09:00,J4,397,399,796
2019-07-16T13:00:00+09:00,J5,284,358,642
2019-07-16T13:15:00+09:00,J1,538,643,1181
2019-07-16T13:15:00+09:00,J2,278,243,521
2019-07-16T13:15:00+09:00,J3,448,506,954
2019-07-16T13:15:00+09:00,J4,421,432,853
2019-07-16T13:15:00+09:00,J5,287,310,597
2019-07-16T13:30:00+09:00,J1,551,605,1156
2019-07-16T13:30:00+09:00,J2,326,281,607
2019-07-16T13:30:00+09:00,J3,451,451,902
2019-07-16T13:30:00+09:00,J4,428,399,827
2019-07-16T13:30:00+09:00,J5,307,354,661
2019-07-16T13:45:00+09:00,J1,528,458,986
2019-07-16T13:45:00+09:00,J2,316,232,548
2019-07-16T13:45:00+09:00,J3,429,490,919
2019-07-16T13:45:00+09:00,J4,403,363,766
2019-07-16T13:45:00+09:00,J5,304,330,634
2019-07-16T14:00:00+09:00,J1,514,557,1071
2019-07-16T14:00:00+09:00,J2,280,243,523
2019-07-16T14:00:00+09:00,J3,476,452,928
2019-07-16T14:00:00+09:00,J4,447,425,872
2019-07-16T14:00:00+09:00,J5,316,340,656
2019-07-16T14:15:00+09:00,J1,538,601,1139
2019-07-16T14:15:00+09:00,J2,282,279,561
2019-07-16T14:15:00+09:00,J3,424,429,853
2019-07-16T14:15:00+09:00,J4,451,391,842
2019-07-16T14:15:00+09:00,J5,273,308,581
2019-07-16T14:30:00+09:00,J1,553,614,1167
2019-07-16T14:30:00+09:00,J2,299,273,572
2019-07-16T14:30:00+09:00,J3,441,476,917
2019-07-16T14:30:00+09:00,J4,451,397,848
2019-07-16T14:30:00+09:00,J5,298,347,645
2019-07-16T14:45:00+09:00,J1,515,574,1089
2019-07-16T14:45:00+09:00,J2,271,223,494
2019-07-16T14:45:00+09:00,J3,401,465,866
2019-07-16T14:45:00+09:00,J4,403,377,780
2019-07-16T14:45:00+09:00,J5,272,326,598
2019-07-16T15:00:00+09:00,J1,537,621,1158
2019-07-16T15:00:00+09:00,J2,340,298,638
2019-07-16T15:00:00+09:00,J3,389,432,821
2019-07-16T15:00:00+09:00,J4,413,376,789
2019-07-16T15:00:00+09:00,J5,235,300,535
2019-07-16T15:15:00+09:00,J1,538,618,1156
2019-07-16T15:15:00+09:00,J2,259,289,548
2019-07-16T15:15:00+09:00,J3,413,425,838
2019-07-16T15:15:00+09:00,J4,428,410,838
2019-07-16T15:15:00+09:00,J5,284,318,602
2019-07-16T15:30:00+09:00,J1,531,540,1071
2019-07-16T15:30:00+09:00,J2,287,231,518
2019-07-16T15:30:00+09:00,J3,440,432,872
2019-07-16T15:30:00+09:00,J4,403,366,769
2019-07-16T15:30:00+09:00,J5,273,330,603
2019-07-16T15:45:00+09:00,J1,566,554,1120
2019-07-16T15:45:00+09:00,J2,265,262,527
2019-07-16T15:45:00+09:00,J3,414,441,855
2019-07-16T15:45:00+09:00,J4,388,383,771
2019-07-16T15:45:00+09:00,J5,241,272,513
2019-07-16T16:00:00+09:00,J1,538,535,1073
2019-07-16T16:00:00+09:00,J2,304,238,542
2019-07-16T16:00:00+09:00,J3,457,443,900
2019-07-16T16:00:00+09:00,J4,498,401,899
2019-07-16T16:00:00+09:00,J5,272,304,576
2019-07-16T16:15:00+09:00,J1,573,635,1208
2019-07-16T16:15:00+09:00,J2,323,244,567
2019-07-16T16:15:00+09:00,J3,489,493,982
2019-07-16T16:15:00+09:00,J4,473,446,919
2019-07-16T16:15:00+09:00,J5,264,316,580
2019-07-16T16:30:00+09:00,J1,533,594,1127
2019-07-16T16:30:00+09:00,J2,336,252,588
2019-07-16T16:30:00+09:00,J3,476,500,976
2019-07-16T16:30:00+09:00,J4,403,415,818
2019-07-16T16:30:00+09:00,J5,272,285,557
2019-07-16T16:45:00+09:00,J1,531,670,1201
2019-07-16T16:45:00+09:00,J2,293,275,568
2019-07-16T16:45:00+09:00,J3,493,473,966
2019-07-16T16:45:00+09:00,J4,381,418,799
2019-07-16T16:45:00+09:00,J5,251,303,554
2019-07-16T17:00:00+09:00,J1,627,666,1293
2019-07-16T17:00:00+09:00,J2,377,305,682
2019-07-16T17:00:00+09:00,J3,503,526,1029
2019-07-16T17:00:00+09:00,J4,506,449,955
2019-07-16T17:00:00+09:00,J5,295,377,672
2019-07-16T17:15:00+09:00,J1,704,777,1481
2019-07-16T17:15:00+09:00,J2,406,273,679
2019-07-16T17:15:00+09:00,J3,517,578,1095
2019-07-16T17:15:00+09:00,J4,580,432,1012
2019-07-16T17:15:00+09:00,J5,271,380,651
2019-07-16T17:30:00+09:00,J1,671,841,1512
2019-07-16T17:30:00+09:00,J2,417,309,726
2019-07-16T17:30:00+09:00,J3,597,626,1223
2019-07-16T17:30:00+09:00,J4,668,468,1136
2019-07-16T17:30:00+09:00,J5,301,403,704
2019-07-16T17:45:00+09:00,J1,695,885,1580
2019-07-16T17:45:00+09:00,J2,419,296,715
2019-07-16T17:45:00+09:00,J3,673,613,1286
2019-07-16T17:45:00+09:00,J4,679,461,1140
2019-07-16T17:45:00+09:00,J5,309,410,719
2019-07-16T18:00:00+09:00,J1,722,965,1687
2019-07-16T18:00:00+09:00,J2,476,322,798
2019-07-16T18:00:00+09:00,J3,660,572,1232
2019-07-16T18:00:00+09:00,J4,679,481,1160
2019-07-16T18:00:00+09:00,J5,329,398,727
2019-07-16T18:15:00+09:00,J1,725,873,1598
2019-07-16T18:15:00+09:00,J2,378,295,673
2019-07-16T18:15:00+09:00,J3,570,543,1113
2019-07-16T18:15:00+09:00,J4,739,531,1270
2019-07-16T18:15:00+09:00,J5,279,422,701
2019-07-16T18:30:00+09:00,J1,672,735,1407
2019-07-16T18:30:00+09:00,J2,329,289,618
2019-07-16T18:30:00+09:00,J3,557,592,1149
2019-07-16T18:30:00+09:00,J4,645,464,1109
2019-07-16T18:30:00+09:00,J5,333,406,739
2019-07-16T18:45:00+09:00,J1,664,807,1471
2019-07-16T18:45:00+09:00,J2,334,276,610
2019-07-16T18:45:00+09:00,J3,459,498,957
2019-07-16T18:45:00+09:00,J4,573,373,946
2019-07-16T18:45:00+09:00,J5,323,378,701
2019-07-16T19:00:00+09:00,J1,522,650,1172
2019-07-16T19:00:00+09:00,J2,288,205,493
2019-07-16T19:00:00+09:00,J3,436,419,855
2019-07-16T19:00:00+09:00,J4,522,345,867
2019-07-16T19:00:00+09:00,J5,264,387,651
2019-07-16T19:15:00+09:00,J1,560,670,1230
2019-07-16T19:15:00+09:00,J2,261,210,471
2019-07-16T19:15:00+09:00,J3,468,436,904
2019-07-16T19:15:00+09:00,J4,510,397,907
2019-07-16T19:15:00+09:00,J5,290,395,685
2019-07-16T19:30:00+09:00,J1,497,571,1068
2019-07-16T19:30:00+09:00,J2,306,211,517
2019-07-16T19:30:00+09:00,J3,450,362,812
2019-07-16T19:30:00+09:00,J4,492,410,902
2019-07-16T19:30:00+09:00,J5,305,377,682
2019-07-16T19:45:00+09:00,J1,424,628,1052
2019-07-16T19:45:00+09:00,J2,301,222,523
2019-07-16T19:45:00+09:00,J3,437,379,816
2019-07-16T19:45:00+09:00,J4,466,395,861
2019-07-16T19:45:00+09:00,J5,272,358,630
2019-07-16T20:00:00+09:00,J1,482,613,1095
2019-07-16T20:00:00+09:00,J2,326,219,545
2019-07-16T20:00:00+09:00,J3,515,445,960
2019-07-16T20:00:00+09:00,J4,558,449,1007
2019-07-16T20:00:00+09:00,J5,278,336,614
2019-07-16T20:15:00+09:00,J1,476,585,1061
2019-07-16T20:15:00+09:00,J2,315,242,557
2019-07-16T20:15:00+09:00,J3,458,399,857
2019-07-16T20:15:00+09:00,J4,532,460,992
2019-07-16T20:15:00+09:00,J5,257,333,590
2019-07-16T20:30:00+09:00,J1,433,543,976
2019-07-16T20:30:00+09:00,J2,262,254,516
2019-07-16T20:30:00+09:00,J3,456,455,911
2019-07-16T20:30:00+09:00,J4,463,392,855
2019-07-16T20:30:00+09:00,J5,259,332,591
2019-07-16T20:45:00+09:00,J1,416,468,884
2019-07-16T20:45:00+09:00,J2,263,233,496
2019-07-16T20:45:00+09:00,J3,470,414,884
2019-07-16T20:45:00+09:00,J4,400,340,740
2019-07-16T20:45:00+09:00,J5,236,305,541
2019-07-16T21:00:00+09:00,J1,432,470,902
2019-07-16T21:00:00+09:00,J2,257,206,463
2019-07-16T21:00:00+09:00,J3,376,343,719
2019-07-16T21:00:00+09:00,J4,481,418,899
2019-07-16T21:00:00+09:00,J5,260,371,631
2019-07-16T21:15:00+09:00,J1,445,485,930
2019-07-16T21:15:00+09:00,J2,227,187,414
2019-07-16T21:15:00+09:00,J3,402,363,765
2019-07-16T21:15:00+09:00,J4,536,414,950
2019-07-16T21:15:00+09:00,J5,269,342,611
2019-07-16T21:30:00+09:00,J1,423,499,922
2019-07-16T21:30:00+09:00,J2,221,206,427
2019-07-16T21:30:00+09:00,J3,364,375,739
2019-07-16T21:30:00+09:00,J4,386,349,735
2019-07-16T21:30:00+09:00,J5,271,309,580
2019-07-16T21:45:00+09:00,J1,357,425,782
2019-07-16T21:45:00+09:00,J2,203,214,417
2019-07-16T21:45:00+09:00,J3,431,386,817
2019-07-16T21:45:00+09:00,J4,374,308,682
2019-07-16T21:45:00+09:00,J5,269,304,573
2019-07-16T22:00:00+09:00,J1,373,396,769
2019-07-16T22:00:00+09:00,J2,208,226,434
2019-07-16T22:00:00+09:00,J3,374,376,750
2019-07-16T22:00:00+09:00,J4,494,472,966
2019-07-16T22:00:00+09:00,J5,236,276,512
2019-07-16T22:15:00+09:00,J1,420,420,840
2019-07-16T22:15:00+09:00,J2,214,257,471
2019-07-16T22:15:00+09:00,J3,447,390,837
2019-07-16T22:15:00+09:00,J4,466,410,876
2019-07-16T22:15:00+09:00,J5,265,272,537
2019-07-16T22:30:00+09:00,J1,309,374,683
2019-07-16T22:30:00+09:00,J2,257,263,520
2019-07-16T22:30:00+09:00,J3,434,424,858
2019-07-16T22:30:00+09:00,J4,462,488,950
2019-07-16T22:30:00+09:00,J5,243,266,509
2019-07-16T22:45:00+09:00,J1,319,351,670
2019-07-16T22:45:00+09:00,J2,231,226,457
2019-07-16T22:45:00+09:00,J3,444,419,863
2019-07-16T22:45:00+09:00,J4,447,415,862
2019-07-16T22:45:00+09:00,J5,166,214,380
2019-07-16T23:00:00+09:00,J1,340,353,693
2019-07-16T23:00:00+09:00,J2,243,245,488
2019-07-16T23:00:00+09:00,J3,454,405,859
2019-07-16T23:00:00+09:00,J4,375,372,747
2019-07-16T23:00:00+09:00,J5,159,207,366
2019-07-16T23:15:00+09:00,J1,329,358,687
2019-07-16T23:15:00+09:00,J2,330,280,610
2019-07-16T23:15:00+09:00,J3,449,415,864
2019-07-16T23:15:00+09:00,J4,374,404,778
2019-07-16T23:15:00+09:00,J5,156,200,356
2019-07-16T23:30:00+09:00,J1,326,362,688
2019-07-16T23:30:00+09:00,J2,225,223,448
2019-07-16T23:30:00+09:00,J3,444,380,824
2019-07-16T23:30:00+09:00,J4,301,304,605
2019-07-16T23:30:00+09:00,J5,172,171,343
2019-07-16T23:45:00+09:00,J1,257,279,536
2019-07-16T23:45:00+09:00,J2,267,172,439
2019-07-16T23:45:00+09:00,J3,438,394,832
2019-07-16T23:45:00+09:00,J4,371,356,727
2019-07-16T23:45:00+09:00,J5,140,174,314
2019-07-17T00:00:00+09:00,J1,271,247,518
2019-07-17T00:00:00+09:00,J2,253,157,410
2019-07-17T00:00:00+09:00,J3,446,335,781
2019-07-17T00:00:00+09:00,J4,366,275,641
2019-07-17T00:00:00+09:00,J5,165,196,361
2019-07-17T00:15:00+09:00,J1,247,278,525
2019-07-17T00:15:00+09:00,J2,213,202,415
2019-07-17T00:15:00+09:00,J3,324,256,580
2019-07-17T00:15:00+09:00,J4,315,298,613
2019-07-17T00:15:00+09:00,J5,150,153,303
2019-07-17T00:30:00+09:00,J1,266,221,487
2019-07-17T00:30:00+09:00,J2,249,190,439
2019-07-17T00:30:00+09:00,J3,327,225,552
2019-07-17T00:30:00+09:00,J4,334,332,666
2019-07-17T00:30:00+09:00,J5,139,110,249
2019-07-17T00:45:00+09:00,J1,275,196,471
2019-07-17T00:45:00+09:00,J2,190,210,400
2019-07-17T00:45:00+09:00,J3,375,239,614
2019-07-17T00:45:00+09:00,J4,325,351,676
2019-07-17T00:45:00+09:00,J5,137,94,231
2019-07-17T05:45:00+09:00,J1,214,246,460
2019-07-17T05:45:00+09:00,J2,134,140,274
2019-07-17T05:45:00+09:00,J3,262,218,480
2019-07-17T05:45:00+09:00,J4,498,487,985
2019-07-17T05:45:00+09:00,J5,320,337,657
2019-07-17T06:00:00+09:00,J1,265,234,499
2019-07-17T06:00:00+09:00,J2,186,187,373
2019-07-17T06:00:00+09:00,J3,334,263,597
2019-07-17T06:00:00+09:00,J4,413,461,874
2019-07-17T06:00:00+09:00,J5,180,177,357
2019-07-17T06:15:00+09:00,J1,323,242,565
2019-07-17T06:15:00+09:00,J2,201,223,424
2019-07-17T06:15:00+09:00,J3,409,305,714
2019-07-17T06:15:00+09:00,J4,503,624,1127
2019-07-17T06:15:00+09:00,J5,188,146,334
2019-07-17T06:30:00+09:00,J1,390,280,670
2019-07-17T06:30:00+09:00,J2,217,223,440
2019-07-17T06:30:00+09:00,J3,479,327,806
2019-07-17T06:30:00+09:00,J4,503,573,1076
2019-07-17T06:30:00+09:00,J5,240,207,447
2019-07-17T06:45:00+09:00,J1,392,290,682
2019-07-17T06:45:00+09:00,J2,248,217,465
2019-07-17T06:45:00+09:00,J3,582,413,995
2019-07-17T06:45:00+09:00,J4,531,602,1133
2019-07-17T06:45:00+09:00,J5,252,185,437
2019-07-17T07:00:00+09:00,J1,426,306,732
2019-07-17T07:00:00+09:00,J2,321,216,537
2019-07-17T07:00:00+09:00,J3,598,435,1033
2019-07-17T07:00:00+09:00,J4,609,655,1264
2019-07-17T07:00:00+09:00,J5,251,195,446
2019-07-17T07:15:00+09:00,J1,415,308,723
2019-07-17T07:15:00+09:00,J2,354,197,551
2019-07-17T07:15:00+09:00,J3,676,602,1278
2019-07-17T07:15:00+09:00,J4,566,636,1202
2019-07-17T07:15:00+09:00,J5,254,214,468
2019-07-17T07:30:00+09:00,J1,566,366,932
2019-07-17T07:30:00+09:00,J2,412,205,617
2019-07-17T07:30:00+09:00,J3,672,684,1356
2019-07-17T07:30:00+09:00,J4,424,595,1019
2019-07-17T07:30:00+09:00,J5,292,236,528
2019-07-17T07:45:00+09:00,J1,705,517,1222
2019-07-17T07:45:00+09:00,J2,554,285,839
2019-07-17T07:45:00+09:00,J3,726,699,1425
2019-07-17T07:45:00+09:00,J4,394,686,1080
2019-07-17T07:45:00+09:00,J5,242,246,488
2019-07-17T08:00:00+09:00,J1,929,657,1586
2019-07-17T08:00:00+09:00,J2,687,420,1107
2019-07-17T08:00:00+09:00,J3,618,816,1434
2019-07-17T08:00:00+09:00,J4,382,739,1121
2019-07-17T08:00:00+09:00,J5,305,332,637
2019-07-17T08:15:00+09:00,J1,1102,689,1791
2019-07-17T08:15:00+09:00,J2,744,500,1244
2019-07-17T08:15:00+09:00,J3,619,890,1509
2019-07-17T08:15:00+09:00,J4,508,972,1480
2019-07-17T08:15:00+09:00,J5,339,371,710
2019-07-17T08:30:00+09:00,J1,1125,555,1680
2019-07-17T08:30:00+09:00,J2,687,405,1092
2019-07-17T08:30:00+09:00,J3,588,867,1455
2019-07-17T08:30:00+09:00,J4,569,951,1520
2019-07-17T08:30:00+09:00,J5,400,458,858
2019-07-17T08:45:00+09:00,J1,734,470,1204
2019-07-17T08:45:00+09:00,J2,504,327,831
2019-07-17T08:45:00+09:00,J3,443,606,1049
2019-07-17T08:45:00+09:00,J4,442,706,1148
2019-07-17T08:45:00+09:00,J5,332,355,687
2019-07-17T09:00:00+09:00,J1,582,449,1031
2019-07-17T09:00:00+09:00,J2,452,386,838
2019-07-17T09:00:00+09:00,J3,445,435,880
2019-07-17T09:00:00+09:00,J4,400,549,949
2019-07-17T09:00:00+09:00,J5,259,302,561
2019-07-17T09:15:00+09:00,J1,570,365,935
2019-07-17T09:15:00+09:00,J2,496,330,826
2019-07-17T09:15:00+09:00,J3,424,476,900
2019-07-17T09:15:00+09:00,J4,383,505,888
2019-07-17T09:15:00+09:00,J5,271,288,559
2019-07-17T09:30:00+09:00,J1,529,316,845
2019-07-17T09:30:00+09:00,J2,474,414,888
2019-07-17T09:30:00+09:00,J3,394,442,836
2019-07-17T09:30:00+09:00,J4,417,505,922
2019-07-17T09:30:00+09:00,J5,237,277,514
2019-07-17T09:45:00+09:00,J1,416,287,703
2019-07-17T09:45:00+09:00,J2,446,377,823
2019-07-17T09:45:00+09:00,J3,338,375,713
2019-07-17T09:45:00+09:00,J4,348,398,746
2019-07-17T09:45:00+09:00,J5,225,256,481
2019-07-17T10:00:00+09:00,J1,414,335,749
2019-07-17T10:00:00+09:00,J2,321,320,641
2019-07-17T10:00:00+09:00,J3,305,341,646
2019-07-17T10:00:00+09:00,J4,289,330,619
2019-07-17T10:00:00+09:00,J5,251,324,575
2019-07-17T10:15:00+09:00,J1,444,421,865
2019-07-17T10:15:00+09:00,J2,340,288,628
2019-07-17T10:15:00+09:00,J3,333,397,730
2019-07-17T10:15:00+09:00,J4,376,387,763
2019-07-17T10:15:00+09:00,J5,249,289,538
2019-07-17T10:30:00+09:00,J1,513,421,934
2019-07-17T10:30:00+09:00,J2,360,309,669
2019-07-17T10:30:00+09:00,J3,361,379,740
2019-07-17T10:30:00+09:00,J4,366,386,752
2019-07-17T10:30:00+09:00,J5,272,293,565
2019-07-17T10:45:00+09:00,J1,482,472,954
2019-07-17T10:45:00+09:00,J2,349,275,624
2019-07-17T10:45:00+09:00,J3,473,441,914
2019-07-17T10:45:00+09:00,J4,383,425,808
2019-07-17T10:45:00+09:00,J5,286,284,570
2019-07-17T11:00:00+09:00,J1,489,463,952
2019-07-17T11:00:00+09:00,J2,308,302,610
2019-07-17T11:00:00+09:00,J3,411,428,839
2019-07-17T11:00:00+09:00,J4,369,381,750
2019-07-17T11:00:00+09:00,J5,305,317,622
2019-07-17T11:15:00+09:00,J1,516,489,1005
2019-07-17T11:15:00+09:00,J2,382,270,652
2019-07-17T11:15:00+09:00,J3,460,462,922
2019-07-17T11:15:00+09:00,J4,370,395,765
2019-07-17T11:15:00+09:00,J5,329,416,745
2019-07-17T11:30:00+09:00,J1,453,528,981
2019-07-17T11:30:00+09:00,J2,333,314,647
2019-07-17T11:30:00+09:00,J3,392,414,806
2019-07-17T11:30:00+09:00,J4,349,387,736
2019-07-17T11:30:00+09:00,J5,339,404,743
2019-07-17T11:45:00+09:00,J1,559,696,1255
2019-07-17T11:45:00+09:00,J2,362,494,856
2019-07-17T11:45:00+09:00,J3,451,523,974
2019-07-17T11:45:00+09:00,J4,388,466,854
2019-07-17T11:45:00+09:00,J5,407,487,894
2019-07-17T12:00:00+09:00,J1,635,724,1359
2019-07-17T12:00:00+09:00,J2,472,501,973
2019-07-17T12:00:00+09:00,J3,469,500,969
2019-07-17T12:00:00+09:00,J4,434,418,852
2019-07-17T12:00:00+09:00,J5,402,552,954
2019-07-17T12:15:00+09:00,J1,633,747,1380
2019-07-17T12:15:00+09:00,J2,409,387,796
2019-07-17T12:15:00+09:00,J3,501,475,976
2019-07-17T12:15:00+09:00,J4,504,459,963
2019-07-17T12:15:00+09:00,J5,396,488,884
2019-07-17T12:30:00+09:00,J1,603,711,1314
2019-07-17T12:30:00+09:00,J2,538,346,884
2019-07-17T12:30:00+09:00,J3,585,485,1070
2019-07-17T12:30:00+09:00,J4,533,511,1044
2019-07-17T12:30:00+09:00,J5,434,490,924
2019-07-17T12:45:00+09:00,J1,580,710,1290
2019-07-17T12:45:00+09:00,J2,534,373,907
2019-07-17T12:45:00+09:00,J3,500,462,962
2019-07-17T12:45:00+09:00,J4,608,574,1182
2019-07-17T12:45:00+09:00,J5,387,460,847
2019-07-17T13:00:00+09:00,J1,522,698,1220
2019-07-17T13:00:00+09:00,J2,492,286,778
2019-07-17T13:00:00+09:00,J3,501,355,856
2019-07-17T13:00:00+09:00,J4,605,515,1120
2019-07-17T13:00:00+09:00,J5,436,458,894
2019-07-17T13:15:00+09:00,J1,569,674,1243
2019-07-17T13:15:00+09:00,J2,545,361,906
2019-07-17T13:15:00+09:00,J3,498,374,872
2019-07-17T13:15:00+09:00,J4,619,529,1148
2019-07-17T13:15:00+09:00,J5,384,418,802
2019-07-17T13:30:00+09:00,J1,653,685,1338
2019-07-17T13:30:00+09:00,J2,473,317,790
2019-07-17T13:30:00+09:00,J3,486,356,842
2019-07-17T13:30:00+09:00,J4,488,476,964
2019-07-17T13:30:00+09:00,J5,398,424,822
2019-07-17T13:45:00+09:00,J1,614,714,1328
2019-07-17T13:45:00+09:00,J2,438,308,746
2019-07-17T13:45:00+09:00,J3,501,418,919
2019-07-17T13:45:00+09:00,J4,399,337,736
2019-07-17T13:45:00+09:00,J5,439,469,908
2019-07-17T14:00:00+09:00,J1,599,747,1346
2019-07-17T14:00:00+09:00,J2,390,371,761
2019-07-17T14:00:00+09:00,J3,482,425,907
2019-07-17T14:00:00+09:00,J4,384,360,744
2019-07-17T14:00:00+09:00,J5,439,476,915
2019-07-17T14:15:00+09:00,J1,578,690,1268
2019-07-17T14:15:00+09:00,J2,387,372,759
2019-07-17T14:15:00+09:00,J3,464,463,927
2019-07-17T14:15:00+09:00,J4,397,454,851
2019-07-17T14:15:00+09:00,J5,426,454,880
2019-07-17T14:30:00+09:00,J1,601,614,1215
2019-07-17T14:30:00+09:00,J2,427,344,771
2019-07-17T14:30:00+09:00,J3,497,459,956
2019-07-17T14:30:00+09:00,J4,401,410,811
2019-07-17T14:30:00+09:00,J5,412,445,857
2019-07-17T14:45:00+09:00,J1,494,606,1100
2019-07-17T14:45:00+09:00,J2,406,333,739
2019-07-17T14:45:00+09:00,J3,487,440,927
2019-07-17T14:45:00+09:00,J4,411,362,773
2019-07-17T14:45:00+09:00,J5,422,435,857
2019-07-17T15:00:00+09:00,J1,501,692,1193
2019-07-17T15:00:00+09:00,J2,353,398,751
2019-07-17T15:00:00+09:00,J3,452,423,875
2019-07-17T15:00:00+09:00,J4,417,371,788
2019-07-17T15:00:00+09:00,J5,404,495,899
2019-07-17T15:15:00+09:00,J1,525,684,1209
2019-07-17T15:15:00+09:00,J2,474,417,891
2019-07-17T15:15:00+09:00,J3,494,441,935
2019-07-17T15:15:00+09:00,J4,439,428,867
2019-07-17T15:15:00+09:00,J5,430,518,948
2019-07-17T15:30:00+09:00,J1,588,705,1293
2019-07-17T15:30:00+09:00,J2,413,440,853
2019-07-17T15:30:00+09:00,J3,433,438,871
2019-07-17T15:30:00+09:00,J4,436,374,810
2019-07-17T15:30:00+09:00,J5,395,480,875
2019-07-17T15:45:00+09:00,J1,579,686,1265
2019-07-17T15:45:00+09:00,J2,466,401,867
2019-07-17T15:45:00+09:00,J3,484,468,952
2019-07-17T15:45:00+09:00,J4,516,421,937
2019-07-17T15:45:00+09:00,J5,376,454,830
2019-07-17T16:00:00+09:00,J1,481,660,1141
2019-07-17T16:00:00+09:00,J2,444,390,834
2019-07-17T16:00:00+09:00,J3,384,392,776
2019-07-17T16:00:00+09:00,J4,568,474,1042
2019-07-17T16:00:00+09:00,J5,377,460,837
2019-07-17T16:15:00+09:00,J1,582,657,1239
2019-07-17T16:15:00+09:00,J2,494,414,908
2019-07-17T16:15:00+09:00,J3,483,383,866
2019-07-17T16:15:00+09:00,J4,699,646,1345
2019-07-17T16:15:00+09:00,J5,393,426,819
2019-07-17T16:30:00+09:00,J1,573,655,1228
2019-07-17T16:30:00+09:00,J2,534,352,886
2019-07-17T16:30:00+09:00,J3,437,393,830
2019-07-17T16:30:00+09:00,J4,684,688,1372
2019-07-17T16:30:00+09:00,J5,409,447,856
2019-07-17T16:45:00+09:00,J1,619,740,1359
2019-07-17T16:45:00+09:00,J2,466,343,809
2019-07-17T16:45:00+09:00,J3,500,350,850
2019-07-17T16:45:00+09:00,J4,645,542,1187
2019-07-17T16:45:00+09:00,J5,472,477,949
2019-07-17T17:00:00+09:00,J1,716,844,1560
2019-07-17T17:00:00+09:00,J2,499,439,938
2019-07-17T17:00:00+09:00,J3,579,472,1051
2019-07-17T17:00:00+09:00,J4,624,538,1162
2019-07-17T17:00:00+09:00,J5,460,550,1010
2019-07-17T17:15:00+09:00,J1,801,910,1711
2019-07-17T17:15:00+09:00,J2,569,462,1031
2019-07-17T17:15:00+09:00,J3,642,455,1097
2019-07-17T17:15:00+09:00,J4,802,677,1479
2019-07-17T17:15:00+09:00,J5,469,541,1010
2019-07-17T17:30:00+09:00,J1,802,1019,1821
2019-07-17T17:30:00+09:00,J2,625,469,1094
2019-07-17T17:30:00+09:00,J3,872,600,1472
2019-07-17T17:30:00+09:00,J4,878,797,1675
2019-07-17T17:30:00+09:00,J5,428,523,951
2019-07-17T17:45:00+09:00,J1,827,1073,1900
2019-07-17T17:45:00+09:00,J2,601,451,1052
2019-07-17T17:45:00+09:00,J3,891,636,1527
2019-07-17T17:45:00+09:00,J4,1037,877,1914
2019-07-17T17:45:00+09:00,J5,500,561,1061
2019-07-17T18:00:00+09:00,J1,771,1024,1795
2019-07-17T18:00:00+09:00,J2,595,426,1021
2019-07-17T18:00:00+09:00,J3,991,644,1635
2019-07-17T18:00:00+09:00,J4,1015,843,1858
2019-07-17T18:00:00+09:00,J5,471,576,1047
2019-07-17T18:15:00+09:00,J1,703,963,1666
2019-07-17T18:15:00+09:00,J2,647,411,1058
2019-07-17T18:15:00+09:00,J3,829,586,1415
2019-07-17T18:15:00+09:00,J4,964,830,1794
2019-07-17T18:15:00+09:00,J5,487,566,1053
2019-07-17T18:30:00+09:00,J1,695,862,1557
2019-07-17T18:30:00+09:00,J2,588,435,1023
2019-07-17T18:30:00+09:00,J3,784,514,1298
2019-07-17T18:30:00+09:00,J4,835,651,1486
2019-07-17T18:30:00+09:00,J5,467,563,1030
2019-07-17T18:45:00+09:00,J1,591,668,1259
2019-07-17T18:45:00+09:00,J2,513,411,924
2019-07-17T18:45:00+09:00,J3,670,467,1137
2019-07-17T18:45:00+09:00,J4,614,464,1078
2019-07-17T18:45:00+09:00,J5,451,515,966
2019-07-17T19:00:00+09:00,J1,481,610,1091
2019-07-17T19:00:00+09:00,J2,387,386,773
2019-07-17T19:00:00+09:00,J3,632,407,1039
2019-07-17T19:00:00+09:00,J4,565,413,978
2019-07-17T19:00:00+09:00,J5,437,527,964
2019-07-17T19:15:00+09:00,J1,463,618,1081
2019-07-17T19:15:00+09:00,J2,309,359,668
2019-07-17T19:15:00+09:00,J3,548,391,939
2019-07-17T19:15:00+09:00,J4,536,391,927
2019-07-17T19:15:00+09:00,J5,425,530,955
2019-07-17T19:30:00+09:00,J1,427,529,956
2019-07-17T19:30:00+09:00,J2,252,300,552
2019-07-17T19:30:00+09:00,J3,560,472,1032
2019-07-17T19:30:00+09:00,J4,477,394,871
2019-07-17T19:30:00+09:00,J5,456,471,927
2019-07-17T19:45:00+09:00,J1,350,486,836
2019-07-17T19:45:00+09:00,J2,225,246,471
2019-07-17T19:45:00+09:00,J3,463,393,856
2019-07-17T19:45:00+09:00,J4,486,307,793
2019-07-17T19:45:00+09:00,J5,399,502,901
2019-07-17T20:00:00+09:00,J1,406,497,903
2019-07-17T20:00:00+09:00,J2,259,337,596
2019-07-17T20:00:00+09:00,J3,432,399,831
2019-07-17T20:00:00+09:00,J4,468,339,807
2019-07-17T20:00:00+09:00,J5,386,413,799
2019-07-17T20:15:00+09:00,J1,487,508,995
2019-07-17T20:15:00+09:00,J2,262,300,562
2019-07-17T20:15:00+09:00,J3,467,407,874
2019-07-17T20:15:00+09:00,J4,475,400,875
2019-07-17T20:15:00+09:00,J5,342,432,774
2019-07-17T20:30:00+09:00,J1,412,487,899
2019-07-17T20:30:00+09:00,J2,208,283,491
2019-07-17T20:30:00+09:00,J3,399,342,741
2019-07-17T20:30:00+09:00,J4,398,370,768
2019-07-17T20:30:00+09:00,J5,376,403,779
2019-07-17T20:45:00+09:00,J1,422,476,898
2019-07-17T20:45:00+09:00,J2,214,263,477
2019-07-17T20:45:00+09:00,J3,377,342,719
2019-07-17T20:45:00+09:00,J4,426,346,772
2019-07-17T20:45:00+09:00,J5,400,431,831
2019-07-17T21:00:00+09:00,J1,420,480,900
2019-07-17T21:00:00+09:00,J2,272,235,507
2019-07-17T21:00:00+09:00,J3,322,273,595
2019-07-17T21:00:00+09:00,J4,511,420,931
2019-07-17T21:00:00+09:00,J5,346,361,707
2019-07-17T21:15:00+09:00,J1,405,500,905
2019-07-17T21:15:00+09:00,J2,219,248,467
2019-07-17T21:15:00+09:00,J3,354,318,672
2019-07-17T21:15:00+09:00,J4,528,424,952
2019-07-17T21:15:00+09:00,J5,310,417,727
2019-07-17T21:30:00+09:00,J1,405,489,894
2019-07-17T21:30:00+09:00,J2,200,283,483
2019-07-17T21:30:00+09:00,J3,308,287,595
2019-07-17T21:30:00+09:00,J4,489,450,939
2019-07-17T21:30:00+09:00,J5,336,387,723
2019-07-17T21:45:00+09:00,J1,366,398,764
2019-07-17T21:45:00+09:00,J2,199,211,410
2019-07-17T21:45:00+09:00,J3,288,301,589
2019-07-17T21:45:00+09:00,J4,439,410,849
2019-07-17T21:45:00+09:00,J5,325,352,677
2019-07-17T22:00:00+09:00,J1,285,312,597
2019-07-17T22:00:00+09:00,J2,196,271,467
2019-07-17T22:00:00+09:00,J3,320,295,615
2019-07-17T22:00:00+09:00,J4,414,455,869
2019-07-17T22:00:00+09:00,J5,309,332,641
2019-07-17T22:15:00+09:00,J1,297,305,602
2019-07-17T22:15:00+09:00,J2,178,260,438
2019-07-17T22:15:00+09:00,J3,336,307,643
2019-07-17T22:15:00+09:00,J4,444,492,936
2019-07-17T22:15:00+09:00,J5,311,329,640
2019-07-17T22:30:00+09:00,J1,275,324,599
2019-07-17T22:30:00+09:00,J2,268,238,506
2019-07-17T22:30:00+09:00,J3,307,290,597
2019-07-17T22:30:00+09:00,J4,533,551,1084
2019-07-17T22:30:00+09:00,J5,248,269,517
2019-07-17T22:45:00+09:00,J1,259,304,563
2019-07-17T22:45:00+09:00,J2,252,260,512
2019-07-17T22:45:00+09:00,J3,296,261,557
2019-07-17T22:45:00+09:00,J4,569,591,1160
2019-07-17T22:45:00+09:00,J5,225,221,446
2019-07-17T23:00:00+09:00,J1,240,261,501
2019-07-17T23:00:00+09:00,J2,276,293,569
2019-07-17T23:00:00+09:00,J3,280,229,509
2019-07-17T23:00:00+09:00,J4,577,584,1161
2019-07-17T23:00:00+09:00,J5,165,193,358
2019-07-17T23:15:00+09:00,J1,265,210,475
2019-07-17T23:15:00+09:00,J2,311,404,715
2019-07-17T23:15:00+09:00,J3,272,224,496
2019-07-17T23:15:00+09:00,J4,559,541,1100
2019-07-17T23:15:00+09:00,J5,170,195,365
2019-07-17T23:30:00+09:00,J1,271,239,510
2019-07-17T23:30:00+09:00,J2,285,374,659
2019-07-17T23:30:00+09:00,J3,222,241,463
2019-07-17T23:30:00+09:00,J4,412,483,895
2019-07-17T23:30:00+09:00,J5,195,199,394
2019-07-17T23:45:00+09:00,J1,231,242,473
2019-07-17T23:45:00+09:00,J2,355,405,760
2019-07-17T23:45:00+09:00,J3,301,275,576
2019-07-17T23:45:00+09:00,J4,477,450,927
2019-07-17T23:45:00+09:00,J5,158,233,391
2019-07-18T00:00:00+09:00,J1,159,139,298
2019-07-18T00:00:00+09:00,J2,241,274,515
2019-07-18T00:00:00+09:00,J3,259,230,489
2019-07-18T00:00:00+09:00,J4,404,381,785
2019-07-18T00:00:00+09:00,J5,193,212,405
2019-07-18T00:15:00+09:00,J1,215,224,439
2019-07-18T00:15:00+09:00,J2,203,222,425
2019-07-18T00:15:00+09:00,J3,276,248,524
2019-07-18T00:15:00+09:00,J4,222,220,442
2019-07-18T00:15:00+09:00,J5,183,224,407
2019-07-18T00:30:00+09:00,J1,229,164,393
2019-07-18T00:30:00+09:00,J2,279,260,539
2019-07-18T00:30:00+09:00,J3,371,319,690
2019-07-18T00:30:00+09:00,J4,164,209,373
2019-07-18T00:30:00+09:00,J5,128,185,313
2019-07-18T00:45:00+09:00,J1,246,193,439
2019-07-18T00:45:00+09:00,J2,287,230,517
2019-07-18T00:45:00+09:00,J3,379,323,702
2019-07-18T00:45:00+09:00,J4,186,192,378
2019-07-18T00:45:00+09:00,J5,104,155,259
2019-07-18T05:45:00+09:00,J1,243,292,535
2019-07-18T05:45:00+09:00,J2,206,180,386
2019-07-18T05:45:00+09:00,J3,464,328,792
2019-07-18T05:45:00+09:00,J4,346,308,654
2019-07-18T05:45:00+09:00,J5,124,118,242
2019-07-18T06:00:00+09:00,J1,216,256,472
2019-07-18T06:00:00+09:00,J2,216,183,399
2019-07-18T06:00:00+09:00,J3,470,425,895
2019-07-18T06:00:00+09:00,J4,299,269,568
2019-07-18T06:00:00+09:00,J5,173,188,361
2019-07-18T06:15:00+09:00,J1,280,261,541
2019-07-18T06:15:00+09:00,J2,227,153,380
2019-07-18T06:15:00+09:00,J3,500,401,901
2019-07-18T06:15:00+09:00,J4,271,323,594
2019-07-18T06:15:00+09:00,J5,193,207,400
2019-07-18T06:30:00+09:00,J1,244,219,463
2019-07-18T06:30:00+09:00,J2,207,158,365
2019-07-18T06:30:00+09:00,J3,475,337,812
2019-07-18T06:30:00+09:00,J4,431,439,870
2019-07-18T06:30:00+09:00,J5,186,238,424
2019-07-18T06:45:00+09:00,J1,290,239,529
2019-07-18T06:45:00+09:00,J2,241,178,419
2019-07-18T06:45:00+09:00,J3,482,389,871
2019-07-18T06:45:00+09:00,J4,390,500,890
2019-07-18T06:45:00+09:00,J5,200,204,404
2019-07-18T07:00:00+09:00,J1,322,286,608
2019-07-18T07:00:00+09:00,J2,212,154,366
2019-07-18T07:00:00+09:00,J3,472,451,923
2019-07-18T07:00:00+09:00,J4,493,500,993
2019-07-18T07:00:00+09:00,J5,199,236,435
2019-07-18T07:15:00+09:00,J1,401,280,681
2019-07-18T07:15:00+09:00,J2,305,186,491
2019-07-18T07:15:00+09:00,J3,612,488,1100
2019-07-18T07:15:00+09:00,J4,338,463,801
2019-07-18T07:15:00+09:00,J5,203,218,421
2019-07-18T07:30:00+09:00,J1,461,345,806
2019-07-18T07:30:00+09:00,J2,319,226,545
2019-07-18T07:30:00+09:00,J3,474,483,957
2019-07-18T07:30:00+09:00,J4,340,518,858
2019-07-18T07:30:00+09:00,J5,259,238,497
2019-07-18T07:45:00+09:00,J1,556,348,904
2019-07-18T07:45:00+09:00,J2,345,269,614
2019-07-18T07:45:00+09:00,J3,498,599,1097
2019-07-18T07:45:00+09:00,J4,349,634,983
2019-07-18T07:45:00+09:00,J5,269,249,518
2019-07-18T08:00:00+09:00,J1,853,494,1347
2019-07-18T08:00:00+09:00,J2,326,348,674
2019-07-18T08:00:00+09:00,J3,527,668,1195
2019-07-18T08:00:00+09:00,J4,509,860,1369
2019-07-18T08:00:00+09:00,J5,318,324,642
2019-07-18T08:15:00+09:00,J1,1035,541,1576
2019-07-18T08:15:00+09:00,J2,347,338,685
2019-07-18T08:15:00+09:00,J3,596,764,1360
2019-07-18T08:15:00+09:00,J4,599,1073,1672
2019-07-18T08:15:00+09:00,J5,421,459,880
2019-07-18T08:30:00+09:00,J1,1074,532,1606
2019-07-18T08:30:00+09:00,J2,331,299,630
2019-07-18T08:30:00+09:00,J3,542,827,1369
2019-07-18T08:30:00+09:00,J4,662,1038,1700
2019-07-18T08:30:00+09:00,J5,492,391,883
2019-07-18T08:45:00+09:00,J1,769,477,1246
2019-07-18T08:45:00+09:00,J2,343,245,588
2019-07-18T08:45:00+09:00,J3,448,633,1081
2019-07-18T08:45:00+09:00,J4,524,868,1392
2019-07-18T08:45:00+09:00,J5,385,368,753
2019-07-18T09:00:00+09:00,J1,661,418,1079
2019-07-18T09:00:00+09:00,J2,306,303,609
2019-07-18T09:00:00+09:00,J3,444,446,890
2019-07-18T09:00:00+09:00,J4,448,717,1165
2019-07-18T09:00:00+09:00,J5,367,378,745
2019-07-18T09:15:00+09:00,J1,572,406,978
2019-07-18T09:15:00+09:00,J2,323,276,599
2019-07-18T09:15:00+09:00,J3,349,380,729
2019-07-18T09:15:00+09:00,J4,469,598,1067
2019-07-18T09:15:00+09:00,J5,384,371,755
2019-07-18T09:30:00+09:00,J1,537,377,914
2019-07-18T09:30:00+09:00,J2,356,271,627
2019-07-18T09:30:00+09:00,J3,426,403,829
2019-07-18T09:30:00+09:00,J4,456,501,957
2019-07-18T09:30:00+09:00,J5,369,400,769
2019-07-18T09:45:00+09:00,J1,476,399,875
2019-07-18T09:45:00+09:00,J2,345,260,605
2019-07-18T09:45:00+09:00,J3,377,395,772
2019-07-18T09:45:00+09:00,J4,419,455,874
2019-07-18T09:45:00+09:00,J5,308,356,664
2019-07-18T10:00:00+09:00,J1,408,322,730
2019-07-18T10:00:00+09:00,J2,241,198,439
2019-07-18T10:00:00+09:00,J3,280,273,553
2019-07-18T10:00:00+09:00,J4,322,379,701
2019-07-18T10:00:00+09:00,J5,285,344,629
2019-07-18T10:15:00+09:00,J1,490,347,837
2019-07-18T10:15:00+09:00,J2,281,256,537
2019-07-18T10:15:00+09:00,J3,332,306,638
2019-07-18T10:15:00+09:00,J4,345,413,758
2019-07-18T10:15:00+09:00,J5,258,317,575
2019-07-18T10:30:00+09:00,J1,461,447,908
2019-07-18T10:30:00+09:00,J2,329,251,580
2019-07-18T10:30:00+09:00,J3,381,385,766
2019-07-18T10:30:00+09:00,J4,389,399,788
2019-07-18T10:30:00+09:00,J5,331,377,708
2019-07-18T10:45:00+09:00,J1,489,431,920
2019-07-18T10:45:00+09:00,J2,292,229,521
2019-07-18T10:45:00+09:00,J3,423,414,837
2019-07-18T10:45:00+09:00,J4,420,438,858
2019-07-18T10:45:00+09:00,J5,333,396,729
2019-07-18T11:00:00+09:00,J1,500,421,921
2019-07-18T11:00:00+09:00,J2,260,232,492
2019-07-18T11:00:00+09:00,J3,396,425,821
2019-07-18T11:00:00+09:00,J4,412,428,840
2019-07-18T11:00:00+09:00,J5,306,378,684
2019-07-18T11:15:00+09:00,J1,543,536,1079
2019-07-18T11:15:00+09:00,J2,283,288,571
2019-07-18T11:15:00+09:00,J3,540,479,1019
2019-07-18T11:15:00+09:00,J4,367,437,804
2019-07-18T11:15:00+09:00,J5,354,373,727
2019-07-18T11:30:00+09:00,J1,578,571,1149
2019-07-18T11:30:00+09:00,J2,339,345,684
2019-07-18T11:30:00+09:00,J3,623,567,1190
2019-07-18T11:30:00+09:00,J4,488,493,981
2019-07-18T11:30:00+09:00,J5,354,377,731
2019-07-18T11:45:00+09:00,J1,617,584,1201
2019-07-18T11:45:00+09:00,J2,321,316,637
2019-07-18T11:45:00+09:00,J3,712,553,1265
2019-07-18T11:45:00+09:00,J4,648,659,1307
2019-07-18T11:45:00+09:00,J5,349,323,672
2019-07-18T12:00:00+09:00,J1,591,644,1235
2019-07-18T12:00:00+09:00,J2,411,313,724
2019-07-18T12:00:00+09:00,J3,729,669,1398
2019-07-18T12:00:00+09:00,J4,604,634,1238
2019-07-18T12:00:00+09:00,J5,317,278,595
2019-07-18T12:15:00+09:00,J1,574,568,1142
2019-07-18T12:15:00+09:00,J2,418,303,721
2019-07-18T12:15:00+09:00,J3,652,573,1225
2019-07-18T12:15:00+09:00,J4,603,570,1173
2019-07-18T12:15:00+09:00,J5,293,245,538
2019-07-18T12:30:00+09:00,J1,579,653,1232
2019-07-18T12:30:00+09:00,J2,391,259,650
2019-07-18T12:30:00+09:00,J3,665,558,1223
2019-07-18T12:30:00+09:00,J4,671,693,1364
2019-07-18T12:30:00+09:00,J5,349,289,638
2019-07-18T12:45:00+09:00,J1,550,628,1178
2019-07-18T12:45:00+09:00,J2,379,259,638
2019-07-18T12:45:00+09:00,J3,621,599,1220
2019-07-18T12:45:00+09:00,J4,578,579,1157
2019-07-18T12:45:00+09:00,J5,320,362,682
2019-07-18T13:00:00+09:00,J1,553,597,1150
2019-07-18T13:00:00+09:00,J2,434,268,702
2019-07-18T13:00:00+09:00,J3,632,580,1212
2019-07-18T13:00:00+09:00,J4,687,570,1257
2019-07-18T13:00:00+09:00,J5,205,163,368
2019-07-18T13:15:00+09:00,J1,550,707,1257
2019-07-18T13:15:00+09:00,J2,415,307,722
2019-07-18T13:15:00+09:00,J3,643,660,1303
2019-07-18T13:15:00+09:00,J4,622,581,1203
2019-07-18T13:15:00+09:00,J5,294,257,551
2019-07-18T13:30:00+09:00,J1,615,662,1277
2019-07-18T13:30:00+09:00,J2,465,316,781
2019-07-18T13:30:00+09:00,J3,727,636,1363
2019-07-18T13:30:00+09:00,J4,596,547,1143
2019-07-18T13:30:00+09:00,J5,254,206,460
2019-07-18T13:45:00+09:00,J1,628,644,1272
2019-07-18T13:45:00+09:00,J2,423,241,664
2019-07-18T13:45:00+09:00,J3,667,653,1320
2019-07-18T13:45:00+09:00,J4,712,668,1380
2019-07-18T13:45:00+09:00,J5,295,336,631
2019-07-18T14:00:00+09:00,J1,560,682,1242
2019-07-18T14:00:00+09:00,J2,394,290,684
2019-07-18T14:00:00+09:00,J3,649,621,1270
2019-07-18T14:00:00+09:00,J4,604,658,1262
2019-07-18T14:00:00+09:00,J5,302,303,605
2019-07-18T14:15:00+09:00,J1,565,641,1206
2019-07-18T14:15:00+09:00,J2,407,298,705
2019-07-18T14:15:00+09:00,J3,646,644,1290
2019-07-18T14:15:00+09:00,J4,629,597,1226
2019-07-18T14:15:00+09:00,J5,314,333,647
2019-07-18T14:30:00+09:00,J1,609,766,1375
2019-07-18T14:30:00+09:00,J2,409,286,695
2019-07-18T14:30:00+09:00,J3,653,634,1287
2019-07-18T14:30:00+09:00,J4,656,580,1236
2019-07-18T14:30:00+09:00,J5,238,188,426
2019-07-18T14:45:00+09:00,J1,551,670,1221
2019-07-18T14:45:00+09:00,J2,325,279,604
2019-07-18T14:45:00+09:00,J3,636,534,1170
2019-07-18T14:45:00+09:00,J4,572,490,1062
2019-07-18T14:45:00+09:00,J5,165,111,276
2019-07-18T15:00:00+09:00,J1,643,755,1398
2019-07-18T15:00:00+09:00,J2,378,331,709
2019-07-18T15:00:00+09:00,J3,669,646,1315
2019-07-18T15:00:00+09:00,J4,610,591,1201
2019-07-18T15:00:00+09:00,J5,220,180,400
2019-07-18T15:15:00+09:00,J1,679,844,1523
2019-07-18T15:15:00+09:00,J2,338,335,673
2019-07-18T15:15:00+09:00,J3,708,666,1374
2019-07-18T15:15:00+09:00,J4,634,614,1248
2019-07-18T15:15:00+09:00,J5,203,268,471
2019-07-18T15:30:00+09:00,J1,700,838,1538
2019-07-18T15:30:00+09:00,J2,345,350,695
2019-07-18T15:30:00+09:00,J3,651,602,1253
2019-07-18T15:30:00+09:00,J4,631,574,1205
2019-07-18T15:30:00+09:00,J5,205,244,449
2019-07-18T15:45:00+09:00,J1,530,541,1071
2019-07-18T15:45:00+09:00,J2,290,226,516
2019-07-18T15:45:00+09:00,J3,548,490,1038
2019-07-18T15:45:00+09:00,J4,581,483,1064
2019-07-18T15:45:00+09:00,J5,292,408,700
2019-07-18T16:00:00+09:00,J1,442,561,1003
2019-07-18T16:00:00+09:00,J2,298,323,621
2019-07-18T16:00:00+09:00,J3,445,353,798
2019-07-18T16:00:00+09:00,J4,566,522,1088
2019-07-18T16:00:00+09:00,J5,380,388,768
2019-07-18T16:15:00+09:00,J1,507,559,1066
2019-07-18T16:15:00+09:00,J2,316,335,651
2019-07-18T16:15:00+09:00,J3,472,346,818
2019-07-18T16:15:00+09:00,J4,668,645,1313
2019-07-18T16:15:00+09:00,J5,439,433,872
2019-07-18T16:30:00+09:00,J1,534,663,1197
2019-07-18T16:30:00+09:00,J2,384,329,713
2019-07-18T16:30:00+09:00,J3,480,355,835
2019-07-18T16:30:00+09:00,J4,697,647,1344
2019-07-18T16:30:00+09:00,J5,396,409,805
2019-07-18T16:45:00+09:00,J1,499,644,1143
2019-07-18T16:45:00+09:00,J2,375,356,731
2019-07-18T16:45:00+09:00,J3,487,396,883
2019-07-18T16:45:00+09:00,J4,601,615,1216
2019-07-18T16:45:00+09:00,J5,436,416,852
2019-07-18T17:00:00+09:00,J1,639,856,1495
2019-07-18T17:00:00+09:00,J2,414,337,751
2019-07-18T17:00:00+09:00,J3,628,431,1059
2019-07-18T17:00:00+09:00,J4,660,609,1269
2019-07-18T17:00:00+09:00,J5,415,396,811
2019-07-18T17:15:00+09:00,J1,698,837,1535
2019-07-18T17:15:00+09:00,J2,506,433,939
2019-07-18T17:15:00+09:00,J3,641,485,1126
2019-07-18T17:15:00+09:00,J4,774,796,1570
2019-07-18T17:15:00+09:00,J5,417,402,819
2019-07-18T17:30:00+09:00,J1,708,910,1618
2019-07-18T17:30:00+09:00,J2,523,425,948
2019-07-18T17:30:00+09:00,J3,830,604,1434
2019-07-18T17:30:00+09:00,J4,851,711,1562
2019-07-18T17:30:00+09:00,J5,393,401,794
2019-07-18T17:45:00+09:00,J1,684,996,1680
2019-07-18T17:45:00+09:00,J2,527,348,875
2019-07-18T17:45:00+09:00,J3,822,653,1475
2019-07-18T17:45:00+09:00,J4,949,682,1631
2019-07-18T17:45:00+09:00,J5,407,447,854
2019-07-18T18:00:00+09:00,J1,737,966,1703
2019-07-18T18:00:00+09:00,J2,520,339,859
2019-07-18T18:00:00+09:00,J3,932,647,1579
2019-07-18T18:00:00+09:00,J4,902,692,1594
2019-07-18T18:00:00+09:00,J5,386,430,816
2019-07-18T18:15:00+09:00,J1,673,882,1555
2019-07-18T18:15:00+09:00,J2,565,355,920
2019-07-18T18:15:00+09:00,J3,769,595,1364
2019-07-18T18:15:00+09:00,J4,948,644,1592
2019-07-18T18:15:00+09:00,J5,334,425,759
2019-07-18T18:30:00+09:00,J1,572,766,1338
2019-07-18T18:30:00+09:00,J2,407,295,702
2019-07-18T18:30:00+09:00,J3,683,492,1175
2019-07-18T18:30:00+09:00,J4,812,633,1445
2019-07-18T18:30:00+09:00,J5,316,342,658
2019-07-18T18:45:00+09:00,J1,558,669,1227
2019-07-18T18:45:00+09:00,J2,339,289,628
2019-07-18T18:45:00+09:00,J3,624,478,1102
2019-07-18T18:45:00+09:00,J4,809,667,1476
2019-07-18T18:45:00+09:00,J5,346,366,712
2019-07-18T19:00:00+09:00,J1,565,611,1176
2019-07-18T19:00:00+09:00,J2,306,284,590
2019-07-18T19:00:00+09:00,J3,621,407,1028
2019-07-18T19:00:00+09:00,J4,791,585,1376
2019-07-18T19:00:00+09:00,J5,396,402,798
2019-07-18T19:15:00+09:00,J1,546,685,1231
2019-07-18T19:15:00+09:00,J2,267,256,523
2019-07-18T19:15:00+09:00,J3,599,446,1045
2019-07-18T19:15:00+09:00,J4,585,466,1051
2019-07-18T19:15:00+09:00,J5,369,382,751
2019-07-18T19:30:00+09:00,J1,528,615,1143
2019-07-18T19:30:00+09:00,J2,265,243,508
2019-07-18T19:30:00+09:00,J3,474,418,892
2019-07-18T19:30:00+09:00,J4,540,378,918
2019-07-18T19:30:00+09:00,J5,460,444,904
2019-07-18T19:45:00+09:00,J1,487,601,1088
2019-07-18T19:45:00+09:00,J2,227,202,429
2019-07-18T19:45:00+09:00,J3,477,470,947
2019-07-18T19:45:00+09:00,J4,482,348,830
2019-07-18T19:45:00+09:00,J5,410,441,851
2019-07-18T20:00:00+09:00,J1,450,552,1002
2019-07-18T20:00:00+09:00,J2,232,191,423
2019-07-18T20:00:00+09:00,J3,462,454,916
2019-07-18T20:00:00+09:00,J4,483,386,869
2019-07-18T20:00:00+09:00,J5,378,400,778
2019-07-18T20:15:00+09:00,J1,385,555,940
2019-07-18T20:15:00+09:00,J2,239,160,399
2019-07-18T20:15:00+09:00,J3,490,419,909
2019-07-18T20:15:00+09:00,J4,511,380,891
2019-07-18T20:15:00+09:00,J5,349,406,755
2019-07-18T20:30:00+09:00,J1,323,457,780
2019-07-18T20:30:00+09:00,J2,235,161,396
2019-07-18T20:30:00+09:00,J3,412,398,810
2019-07-18T20:30:00+09:00,J4,512,394,906
2019-07-18T20:30:00+09:00,J5,324,419,743
2019-07-18T20:45:00+09:00,J1,349,467,816
2019-07-18T20:45:00+09:00,J2,220,166,386
2019-07-18T20:45:00+09:00,J3,401,419,820
2019-07-18T20:45:00+09:00,J4,454,395,849
2019-07-18T20:45:00+09:00,J5,314,381,695
2019-07-18T21:00:00+09:00,J1,430,471,901
2019-07-18T21:00:00+09:00,J2,225,165,390
2019-07-18T21:00:00+09:00,J3,353,307,660
2019-07-18T21:00:00+09:00,J4,544,439,983
2019-07-18T21:00:00+09:00,J5,291,354,645
2019-07-18T21:15:00+09:00,J1,330,495,825
2019-07-18T21:15:00+09:00,J2,256,184,440
2019-07-18T21:15:00+09:00,J3,367,315,682
2019-07-18T21:15:00+09:00,J4,639,571,1210
2019-07-18T21:15:00+09:00,J5,261,326,587
2019-07-18T21:30:00+09:00,J1,276,380,656
2019-07-18T21:30:00+09:00,J2,210,194,404
2019-07-18T21:30:00+09:00,J3,357,303,660
2019-07-18T21:30:00+09:00,J4,627,545,1172
2019-07-18T21:30:00+09:00,J5,289,353,642
2019-07-18T21:45:00+09:00,J1,264,418,682
2019-07-18T21:45:00+09:00,J2,242,245,487
2019-07-18T21:45:00+09:00,J3,358,317,675
2019-07-18T21:45:00+09:00,J4,550,496,1046
2019-07-18T21:45:00+09:00,J5,279,334,613
2019-07-18T22:00:00+09:00,J1,253,335,588
2019-07-18T22:00:00+09:00,J2,269,254,523
2019-07-18T22:00:00+09:00,J3,347,270,617
2019-07-18T22:00:00+09:00,J4,492,503,995
2019-07-18T22:00:00+09:00,J5,251,301,552
2019-07-18T22:15:00+09:00,J1,250,290,540
2019-07-18T22:15:00+09:00,J2,237,219,456
2019-07-18T22:15:00+09:00,J3,317,269,586
2019-07-18T22:15:00+09:00,J4,560,541,1101
2019-07-18T22:15:00+09:00,J5,235,271,506
2019-07-18T22:30:00+09:00,J1,222,253,475
2019-07-18T22:30:00+09:00,J2,217,250,467
2019-07-18T22:30:00+09:00,J3,300,264,564
2019-07-18T22:30:00+09:00,J4,471,425,896
2019-07-18T22:30:00+09:00,J5,216,266,482
2019-07-18T22:45:00+09:00,J1,216,244,460
2019-07-18T22:45:00+09:00,J2,160,209,369
2019-07-18T22:45:00+09:00,J3,305,223,528
2019-07-18T22:45:00+09:00,J4,497,437,934
2019-07-18T22:45:00+09:00,J5,175,228,403
2019-07-18T23:00:00+09:00,J1,280,216,496
2019-07-18T23:00:00+09:00,J2,193,188,381
2019-07-18T23:00:00+09:00,J3,351,275,626
2019-07-18T23:00:00+09:00,J4,420,451,871
2019-07-18T23:00:00+09:00,J5,199,193,392
2019-07-18T23:15:00+09:00,J1,309,245,554
2019-07-18T23:15:00+09:00,J2,211,235,446
2019-07-18T23:15:00+09:00,J3,275,224,499
2019-07-18T23:15:00+09:00,J4,449,493,942
2019-07-18T23:15:00+09:00,J5,187,197,384
2019-07-18T23:30:00+09:00,J1,238,243,481
2019-07-18T23:30:00+09:00,J2,206,230,436
2019-07-18T23:30:00+09:00,J3,286,236,522
2019-07-18T23:30:00+09:00,J4,316,309,625
2019-07-18T23:30:00+09:00,J5,167,166,333
2019-07-18T23:45:00+09:00,J1,221,181,402
2019-07-18T23:45:00+09:00,J2,195,275,470
2019-07-18T23:45:00+09:00,J3,253,206,459
2019-07-18T23:45:00+09:00,J4,328,363,691
2019-07-18T23:45:00+09:00,J5,170,180,350
2019-07-19T00:00:00+09:00,J1,165,126,291
2019-07-19T00:00:00+09:00,J2,164,167,331
2019-07-19T00:00:00+09:00,J3,225,208,433
2019-07-19T00:00:00+09:00,J4,236,234,470
2019-07-19T00:00:00+09:00,J5,167,190,357
2019-07-19T00:15:00+09:00,J1,130,118,248
2019-07-19T00:15:00+09:00,J2,216,233,449
2019-07-19T00:15:00+09:00,J3,235,224,459
2019-07-19T00:15:00+09:00,J4,189,244,433
2019-07-19T00:15:00+09:00,J5,207,197,404
2019-07-19T00:30:00+09:00,J1,111,72,183
2019-07-19T00:30:00+09:00,J2,244,268,512
2019-07-19T00:30:00+09:00,J3,287,263,550
2019-07-19T00:30:00+09:00,J4,209,173,382
2019-07-19T00:30:00+09:00,J5,119,160,279
2019-07-19T00:45:00+09:00,J1,87,84,171
2019-07-19T00:45:00+09:00,J2,232,244,476
2019-07-19T00:45:00+09:00,J3,314,307,621
2019-07-19T00:45:00+09:00,J4,181,163,344
2019-07-19T00:45:00+09:00,J5,109,147,256
2019-07-19T05:45:00+09:00,J1,310,297,607
2019-07-19T05:45:00+09:00,J2,280,129,409
2019-07-19T05:45:00+09:00,J3,466,318,784
2019-07-19T05:45:00+09:00,J4,299,243,542
2019-07-19T05:45:00+09:00,J5,249,211,460
2019-07-19T06:00:00+09:00,J1,261,218,479
2019-07-19T06:00:00+09:00,J2,237,135,372
2019-07-19T06:00:00+09:00,J3,451,437,888
2019-07-19T06:00:00+09:00,J4,198,225,423
2019-07-19T06:00:00+09:00,J5,145,187,332
2019-07-19T06:15:00+09:00,J1,249,274,523
2019-07-19T06:15:00+09:00,J2,286,170,456
2019-07-19T06:15:00+09:00,J3,468,435,903
2019-07-19T06:15:00+09:00,J4,229,214,443
2019-07-19T06:15:00+09:00,J5,194,189,383
2019-07-19T06:30:00+09:00,J1,238,202,440
2019-07-19T06:30:00+09:00,J2,259,206,465
2019-07-19T06:30:00+09:00,J3,425,404,829
2019-07-19T06:30:00+09:00,J4,245,244,489
2019-07-19T06:30:00+09:00,J5,208,235,443
2019-07-19T06:45:00+09:00,J1,253,221,474
2019-07-19T06:45:00+09:00,J2,263,205,468
2019-07-19T06:45:00+09:00,J3,359,385,744
2019-07-19T06:45:00+09:00,J4,236,261,497
2019-07-19T06:45:00+09:00,J5,213,265,478
2019-07-19T07:00:00+09:00,J1,286,282,568
2019-07-19T07:00:00+09:00,J2,258,238,496
2019-07-19T07:00:00+09:00,J3,348,379,727
2019-07-19T07:00:00+09:00,J4,244,310,554
2019-07-19T07:00:00+09:00,J5,237,229,466
2019-07-19T07:15:00+09:00,J1,436,317,753
2019-07-19T07:15:00+09:00,J2,298,258,556
2019-07-19T07:15:00+09:00,J3,331,364,695
2019-07-19T07:15:00+09:00,J4,234,347,581
2019-07-19T07:15:00+09:00,J5,213,220,433
2019-07-19T07:30:00+09:00,J1,525,421,946
2019-07-19T07:30:00+09:00,J2,236,208,444
2019-07-19T07:30:00+09:00,J3,330,384,714
2019-07-19T07:30:00+09:00,J4,298,421,719
2019-07-19T07:30:00+09:00,J5,233,249,482
2019-07-19T07:45:00+09:00,J1,591,413,1004
2019-07-19T07:45:00+09:00,J2,261,217,478
2019-07-19T07:45:00+09:00,J3,401,480,881
2019-07-19T07:45:00+09:00,J4,336,574,910
2019-07-19T07:45:00+09:00,J5,282,277,559
2019-07-19T08:00:00+09:00,J1,777,504,1281
2019-07-19T08:00:00+09:00,J2,319,266,585
2019-07-19T08:00:00+09:00,J3,496,608,1104
2019-07-19T08:00:00+09:00,J4,489,834,1323
2019-07-19T08:00:00+09:00,J5,363,413,776
2019-07-19T08:15:00+09:00,J1,1035,597,1632
2019-07-19T08:15:00+09:00,J2,364,285,649
2019-07-19T08:15:00+09:00,J3,552,729,1281
2019-07-19T08:15:00+09:00,J4,621,1112,1733
2019-07-19T08:15:00+09:00,J5,462,429,891
2019-07-19T08:30:00+09:00,J1,954,554,1508
2019-07-19T08:30:00+09:00,J2,368,308,676
2019-07-19T08:30:00+09:00,J3,549,754,1303
2019-07-19T08:30:00+09:00,J4,655,997,1652
2019-07-19T08:30:00+09:00,J5,471,354,825
2019-07-19T08:45:00+09:00,J1,765,553,1318
2019-07-19T08:45:00+09:00,J2,307,211,518
2019-07-19T08:45:00+09:00,J3,473,570,1043
2019-07-19T08:45:00+09:00,J4,545,838,1383
2019-07-19T08:45:00+09:00,J5,432,301,733
2019-07-19T09:00:00+09:00,J1,623,447,1070
2019-07-19T09:00:00+09:00,J2,305,245,550
2019-07-19T09:00:00+09:00,J3,413,400,813
2019-07-19T09:00:00+09:00,J4,561,700,1261
2019-07-19T09:00:00+09:00,J5,400,326,726
2019-07-19T09:15:00+09:00,J1,556,440,996
2019-07-19T09:15:00+09:00,J2,292,203,495
2019-07-19T09:15:00+09:00,J3,353,388,741
2019-07-19T09:15:00+09:00,J4,543,729,1272
2019-07-19T09:15:00+09:00,J5,422,382,804
2019-07-19T09:30:00+09:00,J1,522,375,897
2019-07-19T09:30:00+09:00,J2,288,237,525
2019-07-19T09:30:00+09:00,J3,427,400,827
2019-07-19T09:30:00+09:00,J4,563,712,1275
2019-07-19T09:30:00+09:00,J5,340,309,649
2019-07-19T09:45:00+09:00,J1,455,406,861
2019-07-19T09:45:00+09:00,J2,270,255,525
2019-07-19T09:45:00+09:00,J3,470,390,860
2019-07-19T09:45:00+09:00,J4,648,735,1383
2019-07-19T09:45:00+09:00,J5,353,346,699
2019-07-19T10:00:00+09:00,J1,414,399,813
2019-07-19T10:00:00+09:00,J2,228,220,448
2019-07-19T10:00:00+09:00,J3,452,343,795
2019-07-19T10:00:00+09:00,J4,516,533,1049
2019-07-19T10:00:00+09:00,J5,329,284,613
2019-07-19T10:15:00+09:00,J1,504,460,964
2019-07-19T10:15:00+09:00,J2,261,252,513
2019-07-19T10:15:00+09:00,J3,484,372,856
2019-07-19T10:15:00+09:00,J4,423,401,824
2019-07-19T10:15:00+09:00,J5,355,263,618
2019-07-19T10:30:00+09:00,J1,488,500,988
2019-07-19T10:30:00+09:00,J2,273,324,597
2019-07-19T10:30:00+09:00,J3,554,431,985
2019-07-19T10:30:00+09:00,J4,426,428,854
2019-07-19T10:30:00+09:00,J5,390,297,687
2019-07-19T10:45:00+09:00,J1,522,441,963
2019-07-19T10:45:00+09:00,J2,277,293,570
2019-07-19T10:45:00+09:00,J3,537,392,929
2019-07-19T10:45:00+09:00,J4,521,509,1030
2019-07-19T10:45:00+09:00,J5,372,294,666
2019-07-19T11:00:00+09:00,J1,524,447,971
2019-07-19T11:00:00+09:00,J2,312,330,642
2019-07-19T11:00:00+09:00,J3,515,381,896
2019-07-19T11:00:00+09:00,J4,547,538,1085
2019-07-19T11:00:00+09:00,J5,344,338,682
2019-07-19T11:15:00+09:00,J1,522,520,1042
2019-07-19T11:15:00+09:00,J2,342,334,676
2019-07-19T11:15:00+09:00,J3,572,394,966
2019-07-19T11:15:00+09:00,J4,538,585,1123
2019-07-19T11:15:00+09:00,J5,346,330,676
2019-07-19T11:30:00+09:00,J1,625,689,1314
2019-07-19T11:30:00+09:00,J2,414,367,781
2019-07-19T11:30:00+09:00,J3,592,420,1012
2019-07-19T11:30:00+09:00,J4,637,698,1335
2019-07-19T11:30:00+09:00,J5,320,323,643
2019-07-19T11:45:00+09:00,J1,670,744,1414
2019-07-19T11:45:00+09:00,J2,503,315,818
2019-07-19T11:45:00+09:00,J3,697,460,1157
2019-07-19T11:45:00+09:00,J4,792,790,1582
2019-07-19T11:45:00+09:00,J5,344,380,724
2019-07-19T12:00:00+09:00,J1,569,707,1276
2019-07-19T12:00:00+09:00,J2,450,280,730
2019-07-19T12:00:00+09:00,J3,662,443,1105
2019-07-19T12:00:00+09:00,J4,721,765,1486
2019-07-19T12:00:00+09:00,J5,390,358,748
2019-07-19T12:15:00+09:00,J1,618,681,1299
2019-07-19T12:15:00+09:00,J2,491,310,801
2019-07-19T12:15:00+09:00,J3,678,533,1211
2019-07-19T12:15:00+09:00,J4,742,710,1452
2019-07-19T12:15:00+09:00,J5,317,353,670
2019-07-19T12:30:00+09:00,J1,761,780,1541
2019-07-19T12:30:00+09:00,J2,570,305,875
2019-07-19T12:30:00+09:00,J3,839,678,1517
2019-07-19T12:30:00+09:00,J4,695,690,1385
2019-07-19T12:30:00+09:00,J5,346,307,653
2019-07-19T12:45:00+09:00,J1,690,767,1457
2019-07-19T12:45:00+09:00,J2,630,315,945
2019-07-19T12:45:00+09:00,J3,915,748,1663
2019-07-19T12:45:00+09:00,J4,784,884,1668
2019-07-19T12:45:00+09:00,J5,328,298,626
2019-07-19T13:00:00+09:00,J1,665,797,1462
2019-07-19T13:00:00+09:00,J2,490,263,753
2019-07-19T13:00:00+09:00,J3,742,754,1496
2019-07-19T13:00:00+09:00,J4,824,841,1665
2019-07-19T13:00:00+09:00,J5,338,374,712
2019-07-19T13:15:00+09:00,J1,690,792,1482
2019-07-19T13:15:00+09:00,J2,564,288,852
2019-07-19T13:15:00+09:00,J3,824,745,1569
2019-07-19T13:15:00+09:00,J4,828,792,1620
2019-07-19T13:15:00+09:00,J5,374,382,756
2019-07-19T13:30:00+09:00,J1,693,808,1501
2019-07-19T13:30:00+09:00,J2,511,306,817
2019-07-19T13:30:00+09:00,J3,798,759,1557
2019-07-19T13:30:00+09:00,J4,698,690,1388
2019-07-19T13:30:00+09:00,J5,369,456,825
2019-07-19T13:45:00+09:00,J1,721,742,1463
2019-07-19T13:45:00+09:00,J2,478,311,789
2019-07-19T13:45:00+09:00,J3,785,792,1577
2019-07-19T13:45:00+09:00,J4,685,747,1432
2019-07-19T13:45:00+09:00,J5,376,354,730
2019-07-19T14:00:00+09:00,J1,626,799,1425
2019-07-19T14:00:00+09:00,J2,478,297,775
2019-07-19T14:00:00+09:00,J3,795,798,1593
2019-07-19T14:00:00+09:00,J4,777,742,1519
2019-07-19T14:00:00+09:00,J5,375,389,764
2019-07-19T14:15:00+09:00,J1,678,780,1458
2019-07-19T14:15:00+09:00,J2,521,232,753
2019-07-19T14:15:00+09:00,J3,775,745,1520
2019-07-19T14:15:00+09:00,J4,761,820,1581
2019-07-19T14:15:00+09:00,J5,353,380,733
2019-07-19T14:30:00+09:00,J1,727,854,1581
2019-07-19T14:30:00+09:00,J2,468,272,740
2019-07-19T14:30:00+09:00,J3,790,722,1512
2019-07-19T14:30:00+09:00,J4,724,700,1424
2019-07-19T14:30:00+09:00,J5,316,365,681
2019-07-19T14:45:00+09:00,J1,629,804,1433
2019-07-19T14:45:00+09:00,J2,402,360,762
2019-07-19T14:45:00+09:00,J3,739,532,1271
2019-07-19T14:45:00+09:00,J4,703,628,1331
2019-07-19T14:45:00+09:00,J5,231,294,525
2019-07-19T15:00:00+09:00,J1,720,829,1549
2019-07-19T15:00:00+09:00,J2,436,313,749
2019-07-19T15:00:00+09:00,J3,772,598,1370
2019-07-19T15:00:00+09:00,J4,674,711,1385
2019-07-19T15:00:00+09:00,J5,304,309,613
2019-07-19T15:15:00+09:00,J1,740,831,1571
2019-07-19T15:15:00+09:00,J2,366,319,685
2019-07-19T15:15:00+09:00,J3,604,700,1304
2019-07-19T15:15:00+09:00,J4,743,733,1476
2019-07-19T15:15:00+09:00,J5,382,406,788
2019-07-19T15:30:00+09:00,J1,690,761,1451
2019-07-19T15:30:00+09:00,J2,369,327,696
2019-07-19T15:30:00+09:00,J3,627,598,1225
2019-07-19T15:30:00+09:00,J4,739,771,1510
2019-07-19T15:30:00+09:00,J5,331,424,755
2019-07-19T15:45:00+09:00,J1,717,615,1332
2019-07-19T15:45:00+09:00,J2,366,319,685
2019-07-19T15:45:00+09:00,J3,591,648,1239
2019-07-19T15:45:00+09:00,J4,736,747,1483
2019-07-19T15:45:00+09:00,J5,248,194,442
2019-07-19T16:00:00+09:00,J1,606,584,1190
2019-07-19T16:00:00+09:00,J2,395,357,752
2019-07-19T16:00:00+09:00,J3,603,608,1211
2019-07-19T16:00:00+09:00,J4,699,737,1436
2019-07-19T16:00:00+09:00,J5,226,194,420
2019-07-19T16:15:00+09:00,J1,582,659,1241
2019-07-19T16:15:00+09:00,J2,408,374,782
2019-07-19T16:15:00+09:00,J3,628,700,1328
2019-07-19T16:15:00+09:00,J4,657,781,1438
2019-07-19T16:15:00+09:00,J5,196,280,476
2019-07-19T16:30:00+09:00,J1,666,667,1333
2019-07-19T16:30:00+09:00,J2,398,325,723
2019-07-19T16:30:00+09:00,J3,643,620,1263
2019-07-19T16:30:00+09:00,J4,684,852,1536
2019-07-19T16:30:00+09:00,J5,191,292,483
2019-07-19T16:45:00+09:00,J1,654,595,1249
2019-07-19T16:45:00+09:00,J2,414,360,774
2019-07-19T16:45:00+09:00,J3,646,641,1287
2019-07-19T16:45:00+09:00,J4,710,856,1566
2019-07-19T16:45:00+09:00,J5,210,290,500
2019-07-19T17:00:00+09:00,J1,753,739,1492
2019-07-19T17:00:00+09:00,J2,427,304,731
2019-07-19T17:00:00+09:00,J3,675,615,1290
2019-07-19T17:00:00+09:00,J4,695,657,1352
2019-07-19T17:00:00+09:00,J5,232,341,573
2019-07-19T17:15:00+09:00,J1,841,796,1637
2019-07-19T17:15:00+09:00,J2,516,336,852
2019-07-19T17:15:00+09:00,J3,777,721,1498
2019-07-19T17:15:00+09:00,J4,668,614,1282
2019-07-19T17:15:00+09:00,J5,272,385,657
2019-07-19T17:30:00+09:00,J1,866,901,1767
2019-07-19T17:30:00+09:00,J2,542,358,900
2019-07-19T17:30:00+09:00,J3,796,635,1431
2019-07-19T17:30:00+09:00,J4,788,623,1411
2019-07-19T17:30:00+09:00,J5,221,412,633
2019-07-19T17:45:00+09:00,J1,925,892,1817
2019-07-19T17:45:00+09:00,J2,546,371,917
2019-07-19T17:45:00+09:00,J3,872,713,1585
2019-07-19T17:45:00+09:00,J4,781,667,1448
2019-07-19T17:45:00+09:00,J5,258,441,699
2019-07-19T18:00:00+09:00,J1,965,977,1942
2019-07-19T18:00:00+09:00,J2,534,371,905
2019-07-19T18:00:00+09:00,J3,952,807,1759
2019-07-19T18:00:00+09:00,J4,788,710,1498
2019-07-19T18:00:00+09:00,J5,280,390,670
2019-07-19T18:15:00+09:00,J1,941,980,1921
2019-07-19T18:15:00+09:00,J2,555,338,893
2019-07-19T18:15:00+09:00,J3,730,609,1339
2019-07-19T18:15:00+09:00,J4,854,767,1621
2019-07-19T18:15:00+09:00,J5,330,427,757
2019-07-19T18:30:00+09:00,J1,844,850,1694
2019-07-19T18:30:00+09:00,J2,514,308,822
2019-07-19T18:30:00+09:00,J3,667,545,1212
2019-07-19T18:30:00+09:00,J4,794,721,1515
2019-07-19T18:30:00+09:00,J5,318,379,697
2019-07-19T18:45:00+09:00,J1,768,706,1474
2019-07-19T18:45:00+09:00,J2,461,328,789
2019-07-19T18:45:00+09:00,J3,647,484,1131
2019-07-19T18:45:00+09:00,J4,775,724,1499
2019-07-19T18:45:00+09:00,J5,352,409,761
2019-07-19T19:00:00+09:00,J1,664,584,1248
2019-07-19T19:00:00+09:00,J2,440,304,744
2019-07-19T19:00:00+09:00,J3,572,504,1076
2019-07-19T19:00:00+09:00,J4,644,503,1147
2019-07-19T19:00:00+09:00,J5,348,406,754
2019-07-19T19:15:00+09:00,J1,574,586,1160
2019-07-19T19:15:00+09:00,J2,329,245,574
2019-07-19T19:15:00+09:00,J3,593,514,1107
2019-07-19T19:15:00+09:00,J4,641,489,1130
2019-07-19T19:15:00+09:00,J5,417,474,891
2019-07-19T19:30:00+09:00,J1,550,617,1167
2019-07-19T19:30:00+09:00,J2,318,225,543
2019-07-19T19:30:00+09:00,J3,525,487,1012
2019-07-19T19:30:00+09:00,J4,593,413,1006
2019-07-19T19:30:00+09:00,J5,379,473,852
2019-07-19T19:45:00+09:00,J1,502,511,1013
2019-07-19T19:45:00+09:00,J2,279,187,466
2019-07-19T19:45:00+09:00,J3,526,422,948
2019-07-19T19:45:00+09:00,J4,519,402,921
2019-07-19T19:45:00+09:00,J5,337,402,739
2019-07-19T20:00:00+09:00,J1,506,542,1048
2019-07-19T20:00:00+09:00,J2,283,248,531
2019-07-19T20:00:00+09:00,J3,442,419,861
2019-07-19T20:00:00+09:00,J4,460,409,869
2019-07-19T20:00:00+09:00,J5,373,399,772
2019-07-19T20:15:00+09:00,J1,497,537,1034
2019-07-19T20:15:00+09:00,J2,299,241,540
2019-07-19T20:15:00+09:00,J3,423,342,765
2019-07-19T20:15:00+09:00,J4,520,380,900
2019-07-19T20:15:00+09:00,J5,365,380,745
2019-07-19T20:30:00+09:00,J1,505,499,1004
2019-07-19T20:30:00+09:00,J2,274,217,491
2019-07-19T20:30:00+09:00,J3,355,325,680
2019-07-19T20:30:00+09:00,J4,489,353,842
2019-07-19T20:30:00+09:00,J5,334,377,711
2019-07-19T20:45:00+09:00,J1,472,522,994
2019-07-19T20:45:00+09:00,J2,233,189,422
2019-07-19T20:45:00+09:00,J3,297,356,653
2019-07-19T20:45:00+09:00,J4,450,369,819
2019-07-19T20:45:00+09:00,J5,357,359,716
2019-07-19T21:00:00+09:00,J1,440,484,924
2019-07-19T21:00:00+09:00,J2,248,199,447
2019-07-19T21:00:00+09:00,J3,349,288,637
2019-07-19T21:00:00+09:00,J4,564,419,983
2019-07-19T21:00:00+09:00,J5,332,369,701
2019-07-19T21:15:00+09:00,J1,438,535,973
2019-07-19T21:15:00+09:00,J2,223,186,409
2019-07-19T21:15:00+09:00,J3,369,353,722
2019-07-19T21:15:00+09:00,J4,613,485,1098
2019-07-19T21:15:00+09:00,J5,322,382,704
2019-07-19T21:30:00+09:00,J1,379,491,870
2019-07-19T21:30:00+09:00,J2,218,188,406
2019-07-19T21:30:00+09:00,J3,332,335,667
2019-07-19T21:30:00+09:00,J4,456,361,817
2019-07-19T21:30:00+09:00,J5,314,352,666
2019-07-19T21:45:00+09:00,J1,374,427,801
2019-07-19T21:45:00+09:00,J2,206,179,385
2019-07-19T21:45:00+09:00,J3,317,315,632
2019-07-19T21:45:00+09:00,J4,515,425,940
2019-07-19T21:45:00+09:00,J5,323,348,671
2019-07-19T22:00:00+09:00,J1,334,374,708
2019-07-19T22:00:00+09:00,J2,211,184,395
2019-07-19T22:00:00+09:00,J3,293,285,578
2019-07-19T22:00:00+09:00,J4,492,396,888
2019-07-19T22:00:00+09:00,J5,268,302,570
2019-07-19T22:15:00+09:00,J1,349,363,712
2019-07-19T22:15:00+09:00,J2,244,209,453
2019-07-19T22:15:00+09:00,J3,287,336,623
2019-07-19T22:15:00+09:00,J4,489,360,849
2019-07-19T22:15:00+09:00,J5,265,285,550
2019-07-19T22:30:00+09:00,J1,339,397,736
2019-07-19T22:30:00+09:00,J2,232,197,429
2019-07-19T22:30:00+09:00,J3,317,321,638
2019-07-19T22:30:00+09:00,J4,455,396,851
2019-07-19T22:30:00+09:00,J5,274,283,557
2019-07-19T22:45:00+09:00,J1,321,420,741
2019-07-19T22:45:00+09:00,J2,270,240,510
2019-07-19T22:45:00+09:00,J3,283,274,557
2019-07-19T22:45:00+09:00,J4,410,368,778
2019-07-19T22:45:00+09:00,J5,239,243,482
2019-07-19T23:00:00+09:00,J1,322,453,775
2019-07-19T23:00:00+09:00,J2,299,304,603
2019-07-19T23:00:00+09:00,J3,276,258,534
2019-07-19T23:00:00+09:00,J4,389,382,771
2019-07-19T23:00:00+09:00,J5,236,244,480
2019-07-19T23:15:00+09:00,J1,308,427,735
2019-07-19T23:15:00+09:00,J2,270,237,507
2019-07-19T23:15:00+09:00,J3,251,266,517
2019-07-19T23:15:00+09:00,J4,478,394,872
2019-07-19T23:15:00+09:00,J5,208,215,423
2019-07-19T23:30:00+09:00,J1,352,372,724
2019-07-19T23:30:00+09:00,J2,274,267,541
2019-07-19T23:30:00+09:00,J3,282,274,556
2019-07-19T23:30:00+09:00,J4,338,394,732
2019-07-19T23:30:00+09:00,J5,211,226,437
2019-07-19T23:45:00+09:00,J1,332,310,642
2019-07-19T23:45:00+09:00,J2,234,229,463
2019-07-19T23:45:00+09:00,J3,266,226,492
2019-07-19T23:45:00+09:00,J4,357,281,638
2019-07-19T23:45:00+09:00,J5,198,224,422
2019-07-20T00:00:00+09:00,J1,290,267,557
2019-07-20T00:00:00+09:00,J2,205,206,411
2019-07-20T00:00:00+09:00,J3,274,211,485
2019-07-20T00:00:00+09:00,J4,280,250,530
2019-07-20T00:00:00+09:00,J5,171,212,383
2019-07-20T00:15:00+09:00,J1,228,176,404
2019-07-20T00:15:00+09:00,J2,133,169,302
2019-07-20T00:15:00+09:00,J3,277,278,555
2019-07-20T00:15:00+09:00,J4,233,235,468
2019-07-20T00:15:00+09:00,J5,172,190,362
2019-07-20T00:30:00+09:00,J1,228,164,392
2019-07-20T00:30:00+09:00,J2,214,298,512
2019-07-20T00:30:00+09:00,J3,364,331,695
2019-07-20T00:30:00+09:00,J4,157,170,327
2019-07-20T00:30:00+09:00,J5,117,181,298
2019-07-20T00:45:00+09:00,J1,228,205,433
2019-07-20T00:45:00+09:00,J2,284,274,558
2019-07-20T00:45:00+09:00,J3,433,303,736
2019-07-20T00:45:00+09:00,J4,157,175,332
2019-07-20T00:45:00+09:00,J5,128,152,280
2019-07-20T05:45:00+09:00,J1,270,231,501
2019-07-20T05:45:00+09:00,J2,152,107,259
2019-07-20T05:45:00+09:00,J3,468,357,825
2019-07-20T05:45:00+09:00,J4,597,544,1141
2019-07-20T05:45:00+09:00,J5,154,135,289
2019-07-20T06:00:00+09:00,J1,275,217,492
2019-07-20T06:00:00+09:00,J2,149,103,252
2019-07-20T06:00:00+09:00,J3,402,355,757
2019-07-20T06:00:00+09:00,J4,272,331,603
2019-07-20T06:00:00+09:00,J5,172,197,369
2019-07-20T06:15:00+09:00,J1,321,263,584
2019-07-20T06:15:00+09:00,J2,234,113,347
2019-07-20T06:15:00+09:00,J3,405,352,757
2019-07-20T06:15:00+09:00,J4,301,306,607
2019-07-20T06:15:00+09:00,J5,149,210,359
2019-07-20T06:30:00+09:00,J1,294,248,542
2019-07-20T06:30:00+09:00,J2,239,203,442
2019-07-20T06:30:00+09:00,J3,390,289,679
2019-07-20T06:30:00+09:00,J4,196,249,445
2019-07-20T06:30:00+09:00,J5,183,227,410
2019-07-20T06:45:00+09:00,J1,326,272,598
2019-07-20T06:45:00+09:00,J2,276,191,467
2019-07-20T06:45:00+09:00,J3,443,396,839
2019-07-20T06:45:00+09:00,J4,225,260,485
2019-07-20T06:45:00+09:00,J5,164,222,386
2019-07-20T07:00:00+09:00,J1,299,259,558
2019-07-20T07:00:00+09:00,J2,227,191,418
2019-07-20T07:00:00+09:00,J3,375,308,683
2019-07-20T07:00:00+09:00,J4,233,283,516
2019-07-20T07:00:00+09:00,J5,164,204,368
2019-07-20T07:15:00+09:00,J1,325,267,592
2019-07-20T07:15:00+09:00,J2,255,166,421
2019-07-20T07:15:00+09:00,J3,473,367,840
2019-07-20T07:15:00+09:00,J4,273,320,593
2019-07-20T07:15:00+09:00,J5,152,204,356
2019-07-20T07:30:00+09:00,J1,313,297,610
2019-07-20T07:30:00+09:00,J2,257,174,431
2019-07-20T07:30:00+09:00,J3,489,416,905
2019-07-20T07:30:00+09:00,J4,274,295,569
2019-07-20T07:30:00+09:00,J5,190,222,412
2019-07-20T07:45:00+09:00,J1,357,335,692
2019-07-20T07:45:00+09:00,J2,268,260,528
2019-07-20T07:45:00+09:00,J3,379,348,727
2019-07-20T07:45:00+09:00,J4,254,303,557
2019-07-20T07:45:00+09:00,J5,182,235,417
2019-07-20T08:00:00+09:00,J1,463,388,851
2019-07-20T08:00:00+09:00,J2,307,281,588
2019-07-20T08:00:00+09:00,J3,348,351,699
2019-07-20T08:00:00+09:00,J4,251,303,554
2019-07-20T08:00:00+09:00,J5,218,194,412
2019-07-20T08:15:00+09:00,J1,564,451,1015
2019-07-20T08:15:00+09:00,J2,296,275,571
2019-07-20T08:15:00+09:00,J3,327,371,698
2019-07-20T08:15:00+09:00,J4,288,367,655
2019-07-20T08:15:00+09:00,J5,291,287,578
2019-07-20T08:30:00+09:00,J1,591,437,1028
2019-07-20T08:30:00+09:00,J2,237,290,527
2019-07-20T08:30:00+09:00,J3,315,370,685
2019-07-20T08:30:00+09:00,J4,286,379,665
2019-07-20T08:30:00+09:00,J5,288,312,600
2019-07-20T08:45:00+09:00,J1,527,465,992
2019-07-20T08:45:00+09:00,J2,248,196,444
2019-07-20T08:45:00+09:00,J3,316,301,617
2019-07-20T08:45:00+09:00,J4,270,355,625
2019-07-20T08:45:00+09:00,J5,296,331,627
2019-07-20T09:00:00+09:00,J1,543,433,976
2019-07-20T09:00:00+09:00,J2,270,218,488
2019-07-20T09:00:00+09:00,J3,319,329,648
2019-07-20T09:00:00+09:00,J4,388,422,810
2019-07-20T09:00:00+09:00,J5,285,278,563
2019-07-20T09:15:00+09:00,J1,536,479,1015
2019-07-20T09:15:00+09:00,J2,282,209,491
2019-07-20T09:15:00+09:00,J3,333,377,710
2019-07-20T09:15:00+09:00,J4,476,496,972
2019-07-20T09:15:00+09:00,J5,324,330,654
2019-07-20T09:30:00+09:00,J1,569,514,1083
2019-07-20T09:30:00+09:00,J2,282,206,488
2019-07-20T09:30:00+09:00,J3,361,382,743
2019-07-20T09:30:00+09:00,J4,567,589,1156
2019-07-20T09:30:00+09:00,J5,322,402,724
2019-07-20T09:45:00+09:00,J1,615,569,1184
2019-07-20T09:45:00+09:00,J2,269,217,486
2019-07-20T09:45:00+09:00,J3,380,380,760
2019-07-20T09:45:00+09:00,J4,630,664,1294
2019-07-20T09:45:00+09:00,J5,281,313,594
2019-07-20T10:00:00+09:00,J1,571,542,1113
2019-07-20T10:00:00+09:00,J2,243,216,459
2019-07-20T10:00:00+09:00,J3,355,363,718
2019-07-20T10:00:00+09:00,J4,622,727,1349
2019-07-20T10:00:00+09:00,J5,284,338,622
2019-07-20T10:15:00+09:00,J1,598,579,1177
2019-07-20T10:15:00+09:00,J2,292,258,550
2019-07-20T10:15:00+09:00,J3,458,359,817
2019-07-20T10:15:00+09:00,J4,730,738,1468
2019-07-20T10:15:00+09:00,J5,328,364,692
2019-07-20T10:30:00+09:00,J1,632,606,1238
2019-07-20T10:30:00+09:00,J2,340,288,628
2019-07-20T10:30:00+09:00,J3,493,430,923
2019-07-20T10:30:00+09:00,J4,750,786,1536
2019-07-20T10:30:00+09:00,J5,329,401,730
2019-07-20T10:45:00+09:00,J1,660,604,1264
2019-07-20T10:45:00+09:00,J2,375,272,647
2019-07-20T10:45:00+09:00,J3,545,455,1000
2019-07-20T10:45:00+09:00,J4,748,722,1470
2019-07-20T10:45:00+09:00,J5,332,359,691
2019-07-20T11:00:00+09:00,J1,687,671,1358
2019-07-20T11:00:00+09:00,J2,406,320,726
2019-07-20T11:00:00+09:00,J3,537,414,951
2019-07-20T11:00:00+09:00,J4,701,652,1353
2019-07-20T11:00:00+09:00,J5,326,369,695
2019-07-20T11:15:00+09:00,J1,693,694,1387
2019-07-20T11:15:00+09:00,J2,526,355,881
2019-07-20T11:15:00+09:00,J3,611,481,1092
2019-07-20T11:15:00+09:00,J4,738,611,1349
2019-07-20T11:15:00+09:00,J5,238,192,430
2019-07-20T11:30:00+09:00,J1,740,725,1465
2019-07-20T11:30:00+09:00,J2,508,358,866
2019-07-20T11:30:00+09:00,J3,682,604,1286
2019-07-20T11:30:00+09:00,J4,721,632,1353
2019-07-20T11:30:00+09:00,J5,343,333,676
2019-07-20T11:45:00+09:00,J1,726,691,1417
2019-07-20T11:45:00+09:00,J2,492,326,818
2019-07-20T11:45:00+09:00,J3,811,755,1566
2019-07-20T11:45:00+09:00,J4,766,585,1351
2019-07-20T11:45:00+09:00,J5,219,199,418
2019-07-20T12:00:00+09:00,J1,687,677,1364
2019-07-20T12:00:00+09:00,J2,410,285,695
2019-07-20T12:00:00+09:00,J3,870,807,1677
2019-07-20T12:00:00+09:00,J4,697,569,1266
2019-07-20T12:00:00+09:00,J5,406,449,855
2019-07-20T12:15:00+09:00,J1,673,661,1334
2019-07-20T12:15:00+09:00,J2,375,322,697
2019-07-20T12:15:00+09:00,J3,788,832,1620
2019-07-20T12:15:00+09:00,J4,675,640,1315
2019-07-20T12:15:00+09:00,J5,376,388,764
2019-07-20T12:30:00+09:00,J1,676,707,1383
2019-07-20T12:30:00+09:00,J2,482,371,853
2019-07-20T12:30:00+09:00,J3,715,727,1442
2019-07-20T12:30:00+09:00,J4,695,595,1290
2019-07-20T12:30:00+09:00,J5,474,399,873
2019-07-20T12:45:00+09:00,J1,654,599,1253
2019-07-20T12:45:00+09:00,J2,470,390,860
2019-07-20T12:45:00+09:00,J3,767,657,1424
2019-07-20T12:45:00+09:00,J4,700,726,1426
2019-07-20T12:45:00+09:00,J5,448,490,938
2019-07-20T13:00:00+09:00,J1,708,721,1429
2019-07-20T13:00:00+09:00,J2,489,403,892
2019-07-20T13:00:00+09:00,J3,774,739,1513
2019-07-20T13:00:00+09:00,J4,691,691,1382
2019-07-20T13:00:00+09:00,J5,512,540,1052
2019-07-20T13:15:00+09:00,J1,643,754,1397
2019-07-20T13:15:00+09:00,J2,412,369,781
2019-07-20T13:15:00+09:00,J3,800,750,1550
2019-07-20T13:15:00+09:00,J4,617,615,1232
2019-07-20T13:15:00+09:00,J5,552,600,1152
2019-07-20T13:30:00+09:00,J1,569,649,1218
2019-07-20T13:30:00+09:00,J2,417,300,717
2019-07-20T13:30:00+09:00,J3,702,715,1417
2019-07-20T13:30:00+09:00,J4,527,591,1118
2019-07-20T13:30:00+09:00,J5,534,562,1096
2019-07-20T13:45:00+09:00,J1,546,610,1156
2019-07-20T13:45:00+09:00,J2,401,353,754
2019-07-20T13:45:00+09:00,J3,725,650,1375
2019-07-20T13:45:00+09:00,J4,567,524,1091
2019-07-20T13:45:00+09:00,J5,533,488,1021
2019-07-20T14:00:00+09:00,J1,589,609,1198
2019-07-20T14:00:00+09:00,J2,464,343,807
2019-07-20T14:00:00+09:00,J3,767,709,1476
2019-07-20T14:00:00+09:00,J4,598,621,1219
2019-07-20T14:00:00+09:00,J5,515,502,1017
2019-07-20T14:15:00+09:00,J1,572,582,1154
2019-07-20T14:15:00+09:00,J2,475,382,857
2019-07-20T14:15:00+09:00,J3,723,635,1358
2019-07-20T14:15:00+09:00,J4,553,481,1034
2019-07-20T14:15:00+09:00,J5,445,429,874
2019-07-20T14:30:00+09:00,J1,534,551,1085
2019-07-20T14:30:00+09:00,J2,417,331,748
2019-07-20T14:30:00+09:00,J3,703,621,1324
2019-07-20T14:30:00+09:00,J4,580,625,1205
2019-07-20T14:30:00+09:00,J5,351,367,718
2019-07-20T14:45:00+09:00,J1,541,594,1135
2019-07-20T14:45:00+09:00,J2,421,300,721
2019-07-20T14:45:00+09:00,J3,689,641,1330
2019-07-20T14:45:00+09:00,J4,575,553,1128
2019-07-20T14:45:00+09:00,J5,397,428,825
2019-07-20T15:00:00+09:00,J1,540,572,1112
2019-07-20T15:00:00+09:00,J2,385,297,682
2019-07-20T15:00:00+09:00,J3,715,681,1396
2019-07-20T15:00:00+09:00,J4,543,555,1098
2019-07-20T15:00:00+09:00,J5,442,353,795
2019-07-20T15:15:00+09:00,J1,523,585,1108
2019-07-20T15:15:00+09:00,J2,443,317,760
2019-07-20T15:15:00+09:00,J3,787,688,1475
2019-07-20T15:15:00+09:00,J4,582,562,1144
2019-07-20T15:15:00+09:00,J5,394,339,733
2019-07-20T15:30:00+09:00,J1,612,678,1290
2019-07-20T15:30:00+09:00,J2,503,344,847
2019-07-20T15:30:00+09:00,J3,784,733,1517
2019-07-20T15:30:00+09:00,J4,567,618,1185
2019-07-20T15:30:00+09:00,J5,411,379,790
2019-07-20T15:45:00+09:00,J1,663,828,1491
2019-07-20T15:45:00+09:00,J2,482,364,846
2019-07-20T15:45:00+09:00,J3,772,871,1643
2019-07-20T15:45:00+09:00,J4,563,633,1196
2019-07-20T15:45:00+09:00,J5,380,414,794
2019-07-20T16:00:00+09:00,J1,673,787,1460
2019-07-20T16:00:00+09:00,J2,454,325,779
2019-07-20T16:00:00+09:00,J3,681,775,1456
2019-07-20T16:00:00+09:00,J4,535,574,1109
2019-07-20T16:00:00+09:00,J5,366,405,771
2019-07-20T16:15:00+09:00,J1,690,730,1420
2019-07-20T16:15:00+09:00,J2,407,353,760
2019-07-20T16:15:00+09:00,J3,712,731,1443
2019-07-20T16:15:00+09:00,J4,503,525,1028
2019-07-20T16:15:00+09:00,J5,374,359,733
2019-07-20T16:30:00+09:00,J1,688,746,1434
2019-07-20T16:30:00+09:00,J2,427,351,778
2019-07-20T16:30:00+09:00,J3,737,709,1446
2019-07-20T16:30:00+09:00,J4,562,505,1067
2019-07-20T16:30:00+09:00,J5,362,360,722
2019-07-20T16:45:00+09:00,J1,704,728,1432
2019-07-20T16:45:00+09:00,J2,480,305,785
2019-07-20T16:45:00+09:00,J3,735,693,1428
2019-07-20T16:45:00+09:00,J4,549,496,1045
2019-07-20T16:45:00+09:00,J5,399,354,753
2019-07-20T17:00:00+09:00,J1,526,614,1140
2019-07-20T17:00:00+09:00,J2,340,270,610
2019-07-20T17:00:00+09:00,J3,582,564,1146
2019-07-20T17:00:00+09:00,J4,444,385,829
2019-07-20T17:00:00+09:00,J5,302,286,588
2019-07-20T17:15:00+09:00,J1,792,843,1635
2019-07-20T17:15:00+09:00,J2,558,344,902
2019-07-20T17:15:00+09:00,J3,812,805,1617
2019-07-20T17:15:00+09:00,J4,527,558,1085
2019-07-20T17:15:00+09:00,J5,450,404,854
2019-07-20T17:30:00+09:00,J1,742,710,1452
2019-07-20T17:30:00+09:00,J2,429,281,710
2019-07-20T17:30:00+09:00,J3,754,733,1487
2019-07-20T17:30:00+09:00,J4,397,482,879
2019-07-20T17:30:00+09:00,J5,407,382,789
2019-07-20T17:45:00+09:00,J1,695,799,1494
2019-07-20T17:45:00+09:00,J2,425,306,731
2019-07-20T17:45:00+09:00,J3,791,631,1422
2019-07-20T17:45:00+09:00,J4,418,407,825
2019-07-20T17:45:00+09:00,J5,407,308,715
2019-07-20T18:00:00+09:00,J1,708,770,1478
2019-07-20T18:00:00+09:00,J2,377,298,675
2019-07-20T18:00:00+09:00,J3,750,664,1414
2019-07-20T18:00:00+09:00,J4,424,455,879
2019-07-20T18:00:00+09:00,J5,422,383,805
2019-07-20T18:15:00+09:00,J1,736,773,1509
2019-07-20T18:15:00+09:00,J2,332,254,586
2019-07-20T18:15:00+09:00,J3,731,665,1396
2019-07-20T18:15:00+09:00,J4,452,452,904
2019-07-20T18:15:00+09:00,J5,417,404,821
2019-07-20T18:30:00+09:00,J1,648,733,1381
2019-07-20T18:30:00+09:00,J2,367,283,650
2019-07-20T18:30:00+09:00,J3,620,571,1191
2019-07-20T18:30:00+09:00,J4,432,398,830
2019-07-20T18:30:00+09:00,J5,345,323,668
2019-07-20T18:45:00+09:00,J1,559,598,1157
2019-07-20T18:45:00+09:00,J2,347,270,617
2019-07-20T18:45:00+09:00,J3,516,585,1101
2019-07-20T18:45:00+09:00,J4,462,403,865
2019-07-20T18:45:00+09:00,J5,289,271,560
2019-07-20T19:00:00+09:00,J1,544,624,1168
2019-07-20T19:00:00+09:00,J2,328,241,569
2019-07-20T19:00:00+09:00,J3,564,516,1080
2019-07-20T19:00:00+09:00,J4,548,504,1052
2019-07-20T19:00:00+09:00,J5,395,377,772
2019-07-20T19:15:00+09:00,J1,524,602,1126
2019-07-20T19:15:00+09:00,J2,365,250,615
2019-07-20T19:15:00+09:00,J3,592,554,1146
2019-07-20T19:15:00+09:00,J4,533,518,1051
2019-07-20T19:15:00+09:00,J5,468,482,950
2019-07-20T19:30:00+09:00,J1,489,531,1020
2019-07-20T19:30:00+09:00,J2,396,269,665
2019-07-20T19:30:00+09:00,J3,578,471,1049
2019-07-20T19:30:00+09:00,J4,540,450,990
2019-07-20T19:30:00+09:00,J5,442,417,859
2019-07-20T19:45:00+09:00,J1,459,541,1000
2019-07-20T19:45:00+09:00,J2,359,256,615
2019-07-20T19:45:00+09:00,J3,501,434,935
2019-07-20T19:45:00+09:00,J4,596,530,1126
2019-07-20T19:45:00+09:00,J5,334,289,623
2019-07-20T20:00:00+09:00,J1,498,503,1001
2019-07-20T20:00:00+09:00,J2,395,244,639
2019-07-20T20:00:00+09:00,J3,547,451,998
2019-07-20T20:00:00+09:00,J4,658,653,1311
2019-07-20T20:00:00+09:00,J5,417,385,802
2019-07-20T20:15:00+09:00,J1,467,589,1056
2019-07-20T20:15:00+09:00,J2,328,221,549
2019-07-20T20:15:00+09:00,J3,576,437,1013
2019-07-20T20:15:00+09:00,J4,679,591,1270
2019-07-20T20:15:00+09:00,J5,518,467,985
2019-07-20T20:30:00+09:00,J1,469,552,1021
2019-07-20T20:30:00+09:00,J2,316,233,549
2019-07-20T20:30:00+09:00,J3,566,459,1025
2019-07-20T20:30:00+09:00,J4,620,574,1194
2019-07-20T20:30:00+09:00,J5,508,435,943
2019-07-20T20:45:00+09:00,J1,455,509,964
2019-07-20T20:45:00+09:00,J2,306,255,561
2019-07-20T20:45:00+09:00,J3,525,480,1005
2019-07-20T20:45:00+09:00,J4,633,492,1125
2019-07-20T20:45:00+09:00,J5,502,484,986
2019-07-20T21:00:00+09:00,J1,466,501,967
2019-07-20T21:00:00+09:00,J2,215,228,443
2019-07-20T21:00:00+09:00,J3,556,448,1004
2019-07-20T21:00:00+09:00,J4,535,440,975
2019-07-20T21:00:00+09:00,J5,506,508,1014
2019-07-20T21:15:00+09:00,J1,466,528,994
2019-07-20T21:15:00+09:00,J2,262,262,524
2019-07-20T21:15:00+09:00,J3,606,437,1043
2019-07-20T21:15:00+09:00,J4,629,536,1165
2019-07-20T21:15:00+09:00,J5,519,529,1048
2019-07-20T21:30:00+09:00,J1,399,466,865
2019-07-20T21:30:00+09:00,J2,229,232,461
2019-07-20T21:30:00+09:00,J3,452,397,849
2019-07-20T21:30:00+09:00,J4,592,555,1147
2019-07-20T21:30:00+09:00,J5,481,495,976
2019-07-20T21:45:00+09:00,J1,380,426,806
2019-07-20T21:45:00+09:00,J2,178,212,390
2019-07-20T21:45:00+09:00,J3,482,372,854
2019-07-20T21:45:00+09:00,J4,505,459,964
2019-07-20T21:45:00+09:00,J5,439,496,935
2019-07-20T22:00:00+09:00,J1,371,401,772
2019-07-20T22:00:00+09:00,J2,170,176,346
2019-07-20T22:00:00+09:00,J3,459,345,804
2019-07-20T22:00:00+09:00,J4,490,471,961
2019-07-20T22:00:00+09:00,J5,440,463,903
2019-07-20T22:15:00+09:00,J1,337,411,748
2019-07-20T22:15:00+09:00,J2,196,188,384
2019-07-20T22:15:00+09:00,J3,421,328,749
2019-07-20T22:15:00+09:00,J4,546,607,1153
2019-07-20T22:15:00+09:00,J5,416,434,850
2019-07-20T22:30:00+09:00,J1,353,380,733
2019-07-20T22:30:00+09:00,J2,192,202,394
2019-07-20T22:30:00+09:00,J3,402,357,759
2019-07-20T22:30:00+09:00,J4,534,537,1071
2019-07-20T22:30:00+09:00,J5,351,429,780
2019-07-20T22:45:00+09:00,J1,342,399,741
2019-07-20T22:45:00+09:00,J2,190,179,369
2019-07-20T22:45:00+09:00,J3,386,279,665
2019-07-20T22:45:00+09:00,J4,505,575,1080
2019-07-20T22:45:00+09:00,J5,338,374,712
2019-07-20T23:00:00+09:00,J1,325,364,689
2019-07-20T23:00:00+09:00,J2,196,199,395
2019-07-20T23:00:00+09:00,J3,318,275,593
2019-07-20T23:00:00+09:00,J4,497,490,987
2019-07-20T23:00:00+09:00,J5,295,370,665
2019-07-20T23:15:00+09:00,J1,322,352,674
2019-07-20T23:15:00+09:00,J2,179,194,373
2019-07-20T23:15:00+09:00,J3,331,271,602
2019-07-20T23:15:00+09:00,J4,467,478,945
2019-07-20T23:15:00+09:00,J5,290,288,578
2019-07-20T23:30:00+09:00,J1,303,395,698
2019-07-20T23:30:00+09:00,J2,167,162,329
2019-07-20T23:30:00+09:00,J3,345,313,658
2019-07-20T23:30:00+09:00,J4,356,362,718
2019-07-20T23:30:00+09:00,J5,312,321,633
2019-07-20T23:45:00+09:00,J1,294,324,618
2019-07-20T23:45:00+09:00,J2,202,185,387
2019-07-20T23:45:00+09:00,J3,248,218,466
2019-07-20T23:45:00+09:00,J4,430,481,911
2019-07-20T23:45:00+09:00,J5,282,316,598
2019-07-21T00:00:00+09:00,J1,239,237,476
2019-07-21T00:00:00+09:00,J2,176,194,370
2019-07-21T00:00:00+09:00,J3,211,194,405
2019-07-21T00:00:00+09:00,J4,348,344,692
2019-07-21T00:00:00+09:00,J5,241,292,533
2019-07-21T00:15:00+09:00,J1,237,242,479
2019-07-21T00:15:00+09:00,J2,114,118,232
2019-07-21T00:15:00+09:00,J3,292,254,546
2019-07-21T00:15:00+09:00,J4,194,209,403
2019-07-21T00:15:00+09:00,J5,184,211,395
2019-07-21T00:30:00+09:00,J1,183,202,385
2019-07-21T00:30:00+09:00,J2,143,134,277
2019-07-21T00:30:00+09:00,J3,221,268,489
2019-07-21T00:30:00+09:00,J4,185,234,419
2019-07-21T00:30:00+09:00,J5,188,199,387
2019-07-21T00:45:00+09:00,J1,167,214,381
2019-07-21T00:45:00+09:00,J2,120,129,249
2019-07-21T00:45:00+09:00,J3,265,263,528
2019-07-21T00:45:00+09:00,J4,154,172,326
2019-07-21T00:45:00+09:00,J5,138,160,298
2019-07-21T05:45:00+09:00,J1,231,169,400
2019-07-21T05:45:00+09:00,J2,154,104,258
2019-07-21T05:45:00+09:00,J3,354,251,605
2019-07-21T05:45:00+09:00,J4,353,361,714
2019-07-21T05:45:00+09:00,J5,146,121,267
2019-07-21T06:00:00+09:00,J1,234,204,438
2019-07-21T06:00:00+09:00,J2,126,111,237
2019-07-21T06:00:00+09:00,J3,424,272,696
2019-07-21T06:00:00+09:00,J4,300,287,587
2019-07-21T06:00:00+09:00,J5,130,177,307
2019-07-21T06:15:00+09:00,J1,271,254,525
2019-07-21T06:15:00+09:00,J2,238,166,404
2019-07-21T06:15:00+09:00,J3,455,377,832
2019-07-21T06:15:00+09:00,J4,294,309,603
2019-07-21T06:15:00+09:00,J5,164,204,368
2019-07-21T06:30:00+09:00,J1,257,228,485
2019-07-21T06:30:00+09:00,J2,217,130,347
2019-07-21T06:30:00+09:00,J3,454,406,860
2019-07-21T06:30:00+09:00,J4,357,370,727
2019-07-21T06:30:00+09:00,J5,166,191,357
2019-07-21T06:45:00+09:00,J1,255,271,526
2019-07-21T06:45:00+09:00,J2,229,189,418
2019-07-21T06:45:00+09:00,J3,455,367,822
2019-07-21T06:45:00+09:00,J4,324,370,694
2019-07-21T06:45:00+09:00,J5,175,199,374
2019-07-21T07:00:00+09:00,J1,250,211,461
2019-07-21T07:00:00+09:00,J2,207,156,363
2019-07-21T07:00:00+09:00,J3,419,404,823
2019-07-21T07:00:00+09:00,J4,404,403,807
2019-07-21T07:00:00+09:00,J5,150,195,345
2019-07-21T07:15:00+09:00,J1,291,270,561
2019-07-21T07:15:00+09:00,J2,256,230,486
2019-07-21T07:15:00+09:00,J3,421,344,765
2019-07-21T07:15:00+09:00,J4,291,331,622
2019-07-21T07:15:00+09:00,J5,180,207,387
2019-07-21T07:30:00+09:00,J1,277,249,526
2019-07-21T07:30:00+09:00,J2,215,224,439
2019-07-21T07:30:00+09:00,J3,390,398,788
2019-07-21T07:30:00+09:00,J4,272,312,584
2019-07-21T07:30:00+09:00,J5,183,229,412
2019-07-21T07:45:00+09:00,J1,237,211,448
2019-07-21T07:45:00+09:00,J2,276,292,568
2019-07-21T07:45:00+09:00,J3,262,345,607
2019-07-21T07:45:00+09:00,J4,245,299,544
2019-07-21T07:45:00+09:00,J5,194,215,409
2019-07-21T08:00:00+09:00,J1,315,204,519
2019-07-21T08:00:00+09:00,J2,304,267,571
2019-07-21T08:00:00+09:00,J3,378,360,738
2019-07-21T08:00:00+09:00,J4,229,295,524
2019-07-21T08:00:00+09:00,J5,217,214,431
2019-07-21T08:15:00+09:00,J1,380,256,636
2019-07-21T08:15:00+09:00,J2,349,311,660
2019-07-21T08:15:00+09:00,J3,369,395,764
2019-07-21T08:15:00+09:00,J4,240,324,564
2019-07-21T08:15:00+09:00,J5,244,202,446
2019-07-21T08:30:00+09:00,J1,386,253,639
2019-07-21T08:30:00+09:00,J2,317,313,630
2019-07-21T08:30:00+09:00,J3,366,365,731
2019-07-21T08:30:00+09:00,J4,297,355,652
2019-07-21T08:30:00+09:00,J5,196,234,430
2019-07-21T08:45:00+09:00,J1,355,221,576
2019-07-21T08:45:00+09:00,J2,328,320,648
2019-07-21T08:45:00+09:00,J3,351,399,750
2019-07-21T08:45:00+09:00,J4,272,323,595
2019-07-21T08:45:00+09:00,J5,242,216,458
2019-07-21T09:00:00+09:00,J1,373,253,626
2019-07-21T09:00:00+09:00,J2,357,327,684
2019-07-21T09:00:00+09:00,J3,320,318,638
2019-07-21T09:00:00+09:00,J4,307,332,639
2019-07-21T09:00:00+09:00,J5,229,257,486
2019-07-21T09:15:00+09:00,J1,390,300,690
2019-07-21T09:15:00+09:00,J2,293,304,597
2019-07-21T09:15:00+09:00,J3,310,307,617
2019-07-21T09:15:00+09:00,J4,390,350,740
2019-07-21T09:15:00+09:00,J5,233,247,480
2019-07-21T09:30:00+09:00,J1,431,364,795
2019-07-21T09:30:00+09:00,J2,256,272,528
2019-07-21T09:30:00+09:00,J3,305,350,655
2019-07-21T09:30:00+09:00,J4,398,504,902
2019-07-21T09:30:00+09:00,J5,255,297,552
2019-07-21T09:45:00+09:00,J1,504,396,900
2019-07-21T09:45:00+09:00,J2,279,236,515
2019-07-21T09:45:00+09:00,J3,306,336,642
2019-07-21T09:45:00+09:00,J4,461,423,884
2019-07-21T09:45:00+09:00,J5,280,295,575
2019-07-21T10:00:00+09:00,J1,470,529,999
2019-07-21T10:00:00+09:00,J2,228,276,504
2019-07-21T10:00:00+09:00,J3,403,361,764
2019-07-21T10:00:00+09:00,J4,582,572,1154
2019-07-21T10:00:00+09:00,J5,312,354,666
2019-07-21T10:15:00+09:00,J1,529,495,1024
2019-07-21T10:15:00+09:00,J2,291,248,539
2019-07-21T10:15:00+09:00,J3,515,349,864
2019-07-21T10:15:00+09:00,J4,711,691,1402
2019-07-21T10:15:00+09:00,J5,286,363,649
2019-07-21T10:30:00+09:00,J1,540,562,1102
2019-07-21T10:30:00+09:00,J2,380,332,712
2019-07-21T10:30:00+09:00,J3,586,388,974
2019-07-21T10:30:00+09:00,J4,678,710,1388
2019-07-21T10:30:00+09:00,J5,333,298,631
2019-07-21T10:45:00+09:00,J1,582,586,1168
2019-07-21T10:45:00+09:00,J2,467,340,807
2019-07-21T10:45:00+09:00,J3,566,460,1026
2019-07-21T10:45:00+09:00,J4,656,701,1357
2019-07-21T10:45:00+09:00,J5,340,361,701
2019-07-21T11:00:00+09:00,J1,661,615,1276
2019-07-21T11:00:00+09:00,J2,496,419,915
2019-07-21T11:00:00+09:00,J3,579,461,1040
2019-07-21T11:00:00+09:00,J4,691,719,1410
2019-07-21T11:00:00+09:00,J5,322,310,632
2019-07-21T11:15:00+09:00,J1,714,675,1389
2019-07-21T11:15:00+09:00,J2,506,365,871
2019-07-21T11:15:00+09:00,J3,696,662,1358
2019-07-21T11:15:00+09:00,J4,672,681,1353
2019-07-21T11:15:00+09:00,J5,353,338,691
2019-07-21T11:30:00+09:00,J1,667,693,1360
2019-07-21T11:30:00+09:00,J2,420,307,727
2019-07-21T11:30:00+09:00,J3,839,743,1582
2019-07-21T11:30:00+09:00,J4,740,636,1376
2019-07-21T11:30:00+09:00,J5,329,338,667
2019-07-21T11:45:00+09:00,J1,714,730,1444
2019-07-21T11:45:00+09:00,J2,484,340,824
2019-07-21T11:45:00+09:00,J3,771,794,1565
2019-07-21T11:45:00+09:00,J4,755,640,1395
2019-07-21T11:45:00+09:00,J5,335,337,672
2019-07-21T12:00:00+09:00,J1,765,714,1479
2019-07-21T12:00:00+09:00,J2,409,355,764
2019-07-21T12:00:00+09:00,J3,802,771,1573
2019-07-21T12:00:00+09:00,J4,657,581,1238
2019-07-21T12:00:00+09:00,J5,384,408,792
2019-07-21T12:15:00+09:00,J1,781,742,1523
2019-07-21T12:15:00+09:00,J2,436,329,765
2019-07-21T12:15:00+09:00,J3,822,727,1549
2019-07-21T12:15:00+09:00,J4,609,554,1163
2019-07-21T12:15:00+09:00,J5,382,457,839
2019-07-21T12:30:00+09:00,J1,794,785,1579
2019-07-21T12:30:00+09:00,J2,416,321,737
2019-07-21T12:30:00+09:00,J3,824,776,1600
2019-07-21T12:30:00+09:00,J4,721,711,1432
2019-07-21T12:30:00+09:00,J5,389,405,794
2019-07-21T12:45:00+09:00,J1,683,709,1392
2019-07-21T12:45:00+09:00,J2,368,324,692
2019-07-21T12:45:00+09:00,J3,787,778,1565
2019-07-21T12:45:00+09:00,J4,745,782,1527
2019-07-21T12:45:00+09:00,J5,348,334,682
2019-07-21T13:00:00+09:00,J1,712,731,1443
2019-07-21T13:00:00+09:00,J2,358,328,686
2019-07-21T13:00:00+09:00,J3,767,739,1506
2019-07-21T13:00:00+09:00,J4,740,771,1511
2019-07-21T13:00:00+09:00,J5,210,212,422
2019-07-21T13:15:00+09:00,J1,704,758,1462
2019-07-21T13:15:00+09:00,J2,349,355,704
2019-07-21T13:15:00+09:00,J3,847,734,1581
2019-07-21T13:15:00+09:00,J4,698,646,1344
2019-07-21T13:15:00+09:00,J5,346,364,710
2019-07-21T13:30:00+09:00,J1,709,799,1508
2019-07-21T13:30:00+09:00,J2,394,337,731
2019-07-21T13:30:00+09:00,J3,804,799,1603
2019-07-21T13:30:00+09:00,J4,643,690,1333
2019-07-21T13:30:00+09:00,J5,213,191,404
2019-07-21T13:45:00+09:00,J1,771,728,1499
2019-07-21T13:45:00+09:00,J2,338,297,635
2019-07-21T13:45:00+09:00,J3,873,769,1642
2019-07-21T13:45:00+09:00,J4,679,735,1414
2019-07-21T13:45:00+09:00,J5,254,273,527
2019-07-21T14:00:00+09:00,J1,727,812,1539
2019-07-21T14:00:00+09:00,J2,391,273,664
2019-07-21T14:00:00+09:00,J3,811,803,1614
2019-07-21T14:00:00+09:00,J4,674,746,1420
2019-07-21T14:00:00+09:00,J5,378,396,774
2019-07-21T14:15:00+09:00,J1,734,812,1546
2019-07-21T14:15:00+09:00,J2,428,337,765
2019-07-21T14:15:00+09:00,J3,821,744,1565
2019-07-21T14:15:00+09:00,J4,746,719,1465
2019-07-21T14:15:00+09:00,J5,387,427,814
2019-07-21T14:30:00+09:00,J1,743,764,1507
2019-07-21T14:30:00+09:00,J2,439,319,758
2019-07-21T14:30:00+09:00,J3,889,817,1706
2019-07-21T14:30:00+09:00,J4,777,678,1455
2019-07-21T14:30:00+09:00,J5,418,429,847
2019-07-21T14:45:00+09:00,J1,763,818,1581
2019-07-21T14:45:00+09:00,J2,405,304,709
2019-07-21T14:45:00+09:00,J3,778,750,1528
2019-07-21T14:45:00+09:00,J4,788,748,1536
2019-07-21T14:45:00+09:00,J5,392,403,795
2019-07-21T15:00:00+09:00,J1,659,671,1330
2019-07-21T15:00:00+09:00,J2,372,302,674
2019-07-21T15:00:00+09:00,J3,797,778,1575
2019-07-21T15:00:00+09:00,J4,772,716,1488
2019-07-21T15:00:00+09:00,J5,489,456,945
2019-07-21T15:15:00+09:00,J1,710,760,1470
2019-07-21T15:15:00+09:00,J2,338,305,643
2019-07-21T15:15:00+09:00,J3,799,820,1619
2019-07-21T15:15:00+09:00,J4,746,635,1381
2019-07-21T15:15:00+09:00,J5,528,508,1036
2019-07-21T15:30:00+09:00,J1,700,740,1440
2019-07-21T15:30:00+09:00,J2,383,338,721
2019-07-21T15:30:00+09:00,J3,789,768,1557
2019-07-21T15:30:00+09:00,J4,740,633,1373
2019-07-21T15:30:00+09:00,J5,369,321,690
2019-07-21T15:45:00+09:00,J1,750,772,1522
2019-07-21T15:45:00+09:00,J2,378,353,731
2019-07-21T15:45:00+09:00,J3,784,783,1567
2019-07-21T15:45:00+09:00,J4,739,739,1478
2019-07-21T15:45:00+09:00,J5,329,276,605
2019-07-21T16:00:00+09:00,J1,745,812,1557
2019-07-21T16:00:00+09:00,J2,402,372,774
2019-07-21T16:00:00+09:00,J3,798,762,1560
2019-07-21T16:00:00+09:00,J4,692,717,1409
2019-07-21T16:00:00+09:00,J5,320,309,629
2019-07-21T16:15:00+09:00,J1,706,748,1454
2019-07-21T16:15:00+09:00,J2,319,292,611
2019-07-21T16:15:00+09:00,J3,859,795,1654
2019-07-21T16:15:00+09:00,J4,616,530,1146
2019-07-21T16:15:00+09:00,J5,377,343,720
2019-07-21T16:30:00+09:00,J1,677,800,1477
2019-07-21T16:30:00+09:00,J2,379,337,716
2019-07-21T16:30:00+09:00,J3,885,745,1630
2019-07-21T16:30:00+09:00,J4,552,477,1029
2019-07-21T16:30:00+09:00,J5,206,196,402
2019-07-21T16:45:00+09:00,J1,684,776,1460
2019-07-21T16:45:00+09:00,J2,392,347,739
2019-07-21T16:45:00+09:00,J3,832,703,1535
2019-07-21T16:45:00+09:00,J4,627,583,1210
2019-07-21T16:45:00+09:00,J5,380,388,768
2019-07-21T17:00:00+09:00,J1,617,669,1286
2019-07-21T17:00:00+09:00,J2,320,262,582
2019-07-21T17:00:00+09:00,J3,686,691,1377
2019-07-21T17:00:00+09:00,J4,514,433,947
2019-07-21T17:00:00+09:00,J5,340,358,698
2019-07-21T17:15:00+09:00,J1,859,857,1716
2019-07-21T17:15:00+09:00,J2,456,330,786
2019-07-21T17:15:00+09:00,J3,956,876,1832
2019-07-21T17:15:00+09:00,J4,733,708,1441
2019-07-21T17:15:00+09:00,J5,444,473,917
2019-07-21T17:30:00+09:00,J1,706,775,1481
2019-07-21T17:30:00+09:00,J2,448,319,767
2019-07-21T17:30:00+09:00,J3,870,837,1707
2019-07-21T17:30:00+09:00,J4,676,651,1327
2019-07-21T17:30:00+09:00,J5,345,299,644
2019-07-21T17:45:00+09:00,J1,710,682,1392
2019-07-21T17:45:00+09:00,J2,443,261,704
2019-07-21T17:45:00+09:00,J3,832,829,1661
2019-07-21T17:45:00+09:00,J4,618,547,1165
2019-07-21T17:45:00+09:00,J5,341,341,682
2019-07-21T18:00:00+09:00,J1,716,751,1467
2019-07-21T18:00:00+09:00,J2,394,206,600
2019-07-21T18:00:00+09:00,J3,778,701,1479
2019-07-21T18:00:00+09:00,J4,454,405,859
2019-07-21T18:00:00+09:00,J5,382,316,698
2019-07-21T18:15:00+09:00,J1,759,816,1575
2019-07-21T18:15:00+09:00,J2,439,228,667
2019-07-21T18:15:00+09:00,J3,727,635,1362
2019-07-21T18:15:00+09:00,J4,478,427,905
2019-07-21T18:15:00+09:00,J5,393,408,801
2019-07-21T18:30:00+09:00,J1,658,756,1414
2019-07-21T18:30:00+09:00,J2,427,188,615
2019-07-21T18:30:00+09:00,J3,630,458,1088
2019-07-21T18:30:00+09:00,J4,470,401,871
2019-07-21T18:30:00+09:00,J5,417,471,888
2019-07-21T18:45:00+09:00,J1,595,701,1296
2019-07-21T18:45:00+09:00,J2,382,254,636
2019-07-21T18:45:00+09:00,J3,613,422,1035
2019-07-21T18:45:00+09:00,J4,481,405,886
2019-07-21T18:45:00+09:00,J5,459,424,883
2019-07-21T19:00:00+09:00,J1,484,499,983
2019-07-21T19:00:00+09:00,J2,375,291,666
2019-07-21T19:00:00+09:00,J3,573,394,967
2019-07-21T19:00:00+09:00,J4,384,377,761
2019-07-21T19:00:00+09:00,J5,417,426,843
2019-07-21T19:15:00+09:00,J1,379,494,873
2019-07-21T19:15:00+09:00,J2,345,336,681
2019-07-21T19:15:00+09:00,J3,503,472,975
2019-07-21T19:15:00+09:00,J4,475,444,919
2019-07-21T19:15:00+09:00,J5,395,465,860
2019-07-21T19:30:00+09:00,J1,392,484,876
2019-07-21T19:30:00+09:00,J2,304,297,601
2019-07-21T19:30:00+09:00,J3,486,490,976
2019-07-21T19:30:00+09:00,J4,405,381,786
2019-07-21T19:30:00+09:00,J5,360,521,881
2019-07-21T19:45:00+09:00,J1,392,450,842
2019-07-21T19:45:00+09:00,J2,257,258,515
2019-07-21T19:45:00+09:00,J3,413,456,869
2019-07-21T19:45:00+09:00,J4,408,490,898
2019-07-21T19:45:00+09:00,J5,386,443,829
2019-07-21T20:00:00+09:00,J1,376,475,851
2019-07-21T20:00:00+09:00,J2,192,207,399
2019-07-21T20:00:00+09:00,J3,396,448,844
2019-07-21T20:00:00+09:00,J4,425,378,803
2019-07-21T20:00:00+09:00,J5,375,434,809
2019-07-21T20:15:00+09:00,J1,402,496,898
2019-07-21T20:15:00+09:00,J2,240,230,470
2019-07-21T20:15:00+09:00,J3,413,440,853
2019-07-21T20:15:00+09:00,J4,404,374,778
2019-07-21T20:15:00+09:00,J5,394,425,819
2019-07-21T20:30:00+09:00,J1,365,406,771
2019-07-21T20:30:00+09:00,J2,232,205,437
2019-07-21T20:30:00+09:00,J3,347,383,730
2019-07-21T20:30:00+09:00,J4,323,270,593
2019-07-21T20:30:00+09:00,J5,366,379,745
2019-07-21T20:45:00+09:00,J1,371,332,703
2019-07-21T20:45:00+09:00,J2,220,204,424
2019-07-21T20:45:00+09:00,J3,407,399,806
2019-07-21T20:45:00+09:00,J4,330,273,603
2019-07-21T20:45:00+09:00,J5,326,383,709
2019-07-21T21:00:00+09:00,J1,305,390,695
2019-07-21T21:00:00+09:00,J2,197,195,392
2019-07-21T21:00:00+09:00,J3,298,246,544
2019-07-21T21:00:00+09:00,J4,446,442,888
2019-07-21T21:00:00+09:00,J5,329,381,710
2019-07-21T21:15:00+09:00,J1,316,386,702
2019-07-21T21:15:00+09:00,J2,282,227,509
2019-07-21T21:15:00+09:00,J3,279,277,556
2019-07-21T21:15:00+09:00,J4,515,532,1047
2019-07-21T21:15:00+09:00,J5,330,356,686
2019-07-21T21:30:00+09:00,J1,284,388,672
2019-07-21T21:30:00+09:00,J2,261,251,512
2019-07-21T21:30:00+09:00,J3,218,271,489
2019-07-21T21:30:00+09:00,J4,575,535,1110
2019-07-21T21:30:00+09:00,J5,328,360,688
2019-07-21T21:45:00+09:00,J1,342,352,694
2019-07-21T21:45:00+09:00,J2,275,198,473
2019-07-21T21:45:00+09:00,J3,270,243,513
2019-07-21T21:45:00+09:00,J4,505,463,968
2019-07-21T21:45:00+09:00,J5,279,273,552
2019-07-21T22:00:00+09:00,J1,310,308,618
2019-07-21T22:00:00+09:00,J2,247,202,449
2019-07-21T22:00:00+09:00,J3,243,282,525
2019-07-21T22:00:00+09:00,J4,492,472,964
2019-07-21T22:00:00+09:00,J5,268,263,531
2019-07-21T22:15:00+09:00,J1,309,296,605
2019-07-21T22:15:00+09:00,J2,204,196,400
2019-07-21T22:15:00+09:00,J3,272,273,545
2019-07-21T22:15:00+09:00,J4,385,407,792
2019-07-21T22:15:00+09:00,J5,209,263,472
2019-07-21T22:30:00+09:00,J1,291,330,621
2019-07-21T22:30:00+09:00,J2,203,246,449
2019-07-21T22:30:00+09:00,J3,306,288,594
2019-07-21T22:30:00+09:00,J4,283,292,575
2019-07-21T22:30:00+09:00,J5,261,249,510
2019-07-21T22:45:00+09:00,J1,336,373,709
2019-07-21T22:45:00+09:00,J2,204,243,447
2019-07-21T22:45:00+09:00,J3,244,234,478
2019-07-21T22:45:00+09:00,J4,318,320,638
2019-07-21T22:45:00+09:00,J5,224,222,446
2019-07-21T23:00:00+09:00,J1,324,358,682
2019-07-21T23:00:00+09:00,J2,213,217,430
2019-07-21T23:00:00+09:00,J3,194,220,414
2019-07-21T23:00:00+09:00,J4,286,293,579
2019-07-21T23:00:00+09:00,J5,191,189,380
2019-07-21T23:15:00+09:00,J1,363,345,708
2019-07-21T23:15:00+09:00,J2,185,195,380
2019-07-21T23:15:00+09:00,J3,186,190,376
2019-07-21T23:15:00+09:00,J4,276,302,578
2019-07-21T23:15:00+09:00,J5,168,189,357
2019-07-21T23:30:00+09:00,J1,312,315,627
2019-07-21T23:30:00+09:00,J2,209,218,427
2019-07-21T23:30:00+09:00,J3,203,211,414
2019-07-21T23:30:00+09:00,J4,220,224,444
2019-07-21T23:30:00+09:00,J5,184,193,377
2019-07-21T23:45:00+09:00,J1,381,340,721
2019-07-21T23:45:00+09:00,J2,200,237,437
2019-07-21T23:45:00+09:00,J3,197,205,402
2019-07-21T23:45:00+09:00,J4,215,207,422
2019-07-21T23:45:00+09:00,J5,201,202,403
2019-07-22T00:00:00+09:00,J1,277,296,573
2019-07-22T00:00:00+09:00,J2,182,184,366
2019-07-22T00:00:00+09:00,J3,186,173,359
2019-07-22T00:00:00+09:00,J4,223,244,467
2019-07-22T00:00:00+09:00,J5,196,218,414
2019-07-22T00:15:00+09:00,J1,209,243,452
2019-07-22T00:15:00+09:00,J2,162,176,338
2019-07-22T00:15:00+09:00,J3,175,195,370
2019-07-22T00:15:00+09:00,J4,188,199,387
2019-07-22T00:15:00+09:00,J5,184,218,402
2019-07-22T00:30:00+09:00,J1,172,164,336
2019-07-22T00:30:00+09:00,J2,199,241,440
2019-07-22T00:30:00+09:00,J3,177,244,421
2019-07-22T00:30:00+09:00,J4,238,223,461
2019-07-22T00:30:00+09:00,J5,159,186,345
2019-07-22T00:45:00+09:00,J1,188,148,336
2019-07-22T00:45:00+09:00,J2,253,284,537
2019-07-22T00:45:00+09:00,J3,182,226,408
2019-07-22T00:45:00+09:00,J4,186,181,367
2019-07-22T00:45:00+09:00,J5,127,142,269
2019-07-22T05:45:00+09:00,J1,200,188,388
2019-07-22T05:45:00+09:00,J2,119,115,234
2019-07-22T05:45:00+09:00,J3,408,305,713
2019-07-22T05:45:00+09:00,J4,632,587,1219
2019-07-22T05:45:00+09:00,J5,164,119,283
2019-07-22T06:00:00+09:00,J1,253,237,490
2019-07-22T06:00:00+09:00,J2,140,116,256
2019-07-22T06:00:00+09:00,J3,457,336,793
2019-07-22T06:00:00+09:00,J4,556,567,1123
2019-07-22T06:00:00+09:00,J5,169,187,356
2019-07-22T06:15:00+09:00,J1,316,283,599
2019-07-22T06:15:00+09:00,J2,198,139,337
2019-07-22T06:15:00+09:00,J3,576,404,980
2019-07-22T06:15:00+09:00,J4,540,585,1125
2019-07-22T06:15:00+09:00,J5,214,202,416
2019-07-22T06:30:00+09:00,J1,302,259,561
2019-07-22T06:30:00+09:00,J2,174,122,296
2019-07-22T06:30:00+09:00,J3,454,363,817
2019-07-22T06:30:00+09:00,J4,454,498,952
2019-07-22T06:30:00+09:00,J5,220,230,450
2019-07-22T06:45:00+09:00,J1,325,297,622
2019-07-22T06:45:00+09:00,J2,228,173,401
2019-07-22T06:45:00+09:00,J3,464,421,885
2019-07-22T06:45:00+09:00,J4,523,590,1113
2019-07-22T06:45:00+09:00,J5,220,230,450
2019-07-22T07:00:00+09:00,J1,359,303,662
2019-07-22T07:00:00+09:00,J2,229,145,374
2019-07-22T07:00:00+09:00,J3,508,463,971
2019-07-22T07:00:00+09:00,J4,472,471,943
2019-07-22T07:00:00+09:00,J5,216,237,453
2019-07-22T07:15:00+09:00,J1,432,359,791
2019-07-22T07:15:00+09:00,J2,278,161,439
2019-07-22T07:15:00+09:00,J3,563,462,1025
2019-07-22T07:15:00+09:00,J4,341,454,795
2019-07-22T07:15:00+09:00,J5,230,252,482
2019-07-22T07:30:00+09:00,J1,476,368,844
2019-07-22T07:30:00+09:00,J2,297,245,542
2019-07-22T07:30:00+09:00,J3,480,563,1043
2019-07-22T07:30:00+09:00,J4,433,597,1030
2019-07-22T07:30:00+09:00,J5,252,283,535
2019-07-22T07:45:00+09:00,J1,657,447,1104
2019-07-22T07:45:00+09:00,J2,317,334,651
2019-07-22T07:45:00+09:00,J3,591,642,1233
2019-07-22T07:45:00+09:00,J4,371,597,968
2019-07-22T07:45:00+09:00,J5,288,317,605
2019-07-22T08:00:00+09:00,J1,890,582,1472
2019-07-22T08:00:00+09:00,J2,330,324,654
2019-07-22T08:00:00+09:00,J3,653,783,1436
2019-07-22T08:00:00+09:00,J4,468,785,1253
2019-07-22T08:00:00+09:00,J5,337,327,664
2019-07-22T08:15:00+09:00,J1,1091,672,1763
2019-07-22T08:15:00+09:00,J2,390,379,769
2019-07-22T08:15:00+09:00,J3,679,822,1501
2019-07-22T08:15:00+09:00,J4,505,1008,1513
2019-07-22T08:15:00+09:00,J5,393,450,843
2019-07-22T08:30:00+09:00,J1,1112,696,1808
2019-07-22T08:30:00+09:00,J2,465,322,787
2019-07-22T08:30:00+09:00,J3,641,884,1525
2019-07-22T08:30:00+09:00,J4,622,1056,1678
2019-07-22T08:30:00+09:00,J5,461,499,960
2019-07-22T08:45:00+09:00,J1,761,604,1365
2019-07-22T08:45:00+09:00,J2,336,247,583
2019-07-22T08:45:00+09:00,J3,481,653,1134
2019-07-22T08:45:00+09:00,J4,539,842,1381
2019-07-22T08:45:00+09:00,J5,372,411,783
2019-07-22T09:00:00+09:00,J1,707,542,1249
2019-07-22T09:00:00+09:00,J2,337,238,575
2019-07-22T09:00:00+09:00,J3,446,501,947
2019-07-22T09:00:00+09:00,J4,506,619,1125
2019-07-22T09:00:00+09:00,J5,323,364,687
2019-07-22T09:15:00+09:00,J1,566,434,1000
2019-07-22T09:15:00+09:00,J2,372,275,647
2019-07-22T09:15:00+09:00,J3,394,448,842
2019-07-22T09:15:00+09:00,J4,431,535,966
2019-07-22T09:15:00+09:00,J5,314,349,663
2019-07-22T09:30:00+09:00,J1,560,452,1012
2019-07-22T09:30:00+09:00,J2,320,278,598
2019-07-22T09:30:00+09:00,J3,417,465,882
2019-07-22T09:30:00+09:00,J4,449,515,964
2019-07-22T09:30:00+09:00,J5,297,315,612
2019-07-22T09:45:00+09:00,J1,474,430,904
2019-07-22T09:45:00+09:00,J2,355,256,611
2019-07-22T09:45:00+09:00,J3,390,385,775
2019-07-22T09:45:00+09:00,J4,370,422,792
2019-07-22T09:45:00+09:00,J5,298,333,631
2019-07-22T10:00:00+09:00,J1,521,496,1017
2019-07-22T10:00:00+09:00,J2,307,276,583
2019-07-22T10:00:00+09:00,J3,374,361,735
2019-07-22T10:00:00+09:00,J4,383,406,789
2019-07-22T10:00:00+09:00,J5,274,352,626
2019-07-22T10:15:00+09:00,J1,406,353,759
2019-07-22T10:15:00+09:00,J2,208,188,396
2019-07-22T10:15:00+09:00,J3,276,249,525
2019-07-22T10:15:00+09:00,J4,452,366,818
2019-07-22T10:15:00+09:00,J5,216,251,467
2019-07-22T10:30:00+09:00,J1,611,594,1205
2019-07-22T10:30:00+09:00,J2,351,286,637
2019-07-22T10:30:00+09:00,J3,510,541,1051
2019-07-22T10:30:00+09:00,J4,791,710,1501
2019-07-22T10:30:00+09:00,J5,332,418,750
2019-07-22T10:45:00+09:00,J1,509,479,988
2019-07-22T10:45:00+09:00,J2,271,279,550
2019-07-22T10:45:00+09:00,J3,480,480,960
2019-07-22T10:45:00+09:00,J4,614,535,1149
2019-07-22T10:45:00+09:00,J5,283,313,596
2019-07-22T11:00:00+09:00,J1,562,577,1139
2019-07-22T11:00:00+09:00,J2,374,318,692
2019-07-22T11:00:00+09:00,J3,425,430,855
2019-07-22T11:00:00+09:00,J4,525,550,1075
2019-07-22T11:00:00+09:00,J5,304,359,663
2019-07-22T11:15:00+09:00,J1,662,665,1327
2019-07-22T11:15:00+09:00,J2,337,310,647
2019-07-22T11:15:00+09:00,J3,395,421,816
2019-07-22T11:15:00+09:00,J4,594,569,1163
2019-07-22T11:15:00+09:00,J5,350,375,725
2019-07-22T11:30:00+09:00,J1,712,671,1383
2019-07-22T11:30:00+09:00,J2,363,255,618
2019-07-22T11:30:00+09:00,J3,442,423,865
2019-07-22T11:30:00+09:00,J4,583,603,1186
2019-07-22T11:30:00+09:00,J5,294,318,612
2019-07-22T11:45:00+09:00,J1,731,736,1467
2019-07-22T11:45:00+09:00,J2,340,298,638
2019-07-22T11:45:00+09:00,J3,460,448,908
2019-07-22T11:45:00+09:00,J4,408,410,818
2019-07-22T11:45:00+09:00,J5,320,402,722
2019-07-22T12:00:00+09:00,J1,755,774,1529
2019-07-22T12:00:00+09:00,J2,357,309,666
2019-07-22T12:00:00+09:00,J3,499,470,969
2019-07-22T12:00:00+09:00,J4,549,474,1023
2019-07-22T12:00:00+09:00,J5,342,463,805
2019-07-22T12:15:00+09:00,J1,604,690,1294
2019-07-22T12:15:00+09:00,J2,386,237,623
2019-07-22T12:15:00+09:00,J3,493,489,982
2019-07-22T12:15:00+09:00,J4,478,462,940
2019-07-22T12:15:00+09:00,J5,356,418,774
2019-07-22T12:30:00+09:00,J1,533,681,1214
2019-07-22T12:30:00+09:00,J2,381,223,604
2019-07-22T12:30:00+09:00,J3,557,438,995
2019-07-22T12:30:00+09:00,J4,469,526,995
2019-07-22T12:30:00+09:00,J5,367,408,775
2019-07-22T12:45:00+09:00,J1,659,694,1353
2019-07-22T12:45:00+09:00,J2,346,214,560
2019-07-22T12:45:00+09:00,J3,567,475,1042
2019-07-22T12:45:00+09:00,J4,443,441,884
2019-07-22T12:45:00+09:00,J5,355,414,769
2019-07-22T13:00:00+09:00,J1,596,701,1297
2019-07-22T13:00:00+09:00,J2,334,274,608
2019-07-22T13:00:00+09:00,J3,472,487,959
2019-07-22T13:00:00+09:00,J4,416,471,887
2019-07-22T13:00:00+09:00,J5,303,438,741
2019-07-22T13:15:00+09:00,J1,651,732,1383
2019-07-22T13:15:00+09:00,J2,325,230,555
2019-07-22T13:15:00+09:00,J3,440,532,972
2019-07-22T13:15:00+09:00,J4,422,479,901
2019-07-22T13:15:00+09:00,J5,335,477,812
2019-07-22T13:30:00+09:00,J1,604,627,1231
2019-07-22T13:30:00+09:00,J2,335,256,591
2019-07-22T13:30:00+09:00,J3,512,486,998
2019-07-22T13:30:00+09:00,J4,437,480,917
2019-07-22T13:30:00+09:00,J5,370,376,746
2019-07-22T13:45:00+09:00,J1,544,634,1178
2019-07-22T13:45:00+09:00,J2,311,259,570
2019-07-22T13:45:00+09:00,J3,530,527,1057
2019-07-22T13:45:00+09:00,J4,418,458,876
2019-07-22T13:45:00+09:00,J5,344,404,748
2019-07-22T14:00:00+09:00,J1,544,657,1201
2019-07-22T14:00:00+09:00,J2,364,276,640
2019-07-22T14:00:00+09:00,J3,615,513,1128
2019-07-22T14:00:00+09:00,J4,441,437,878
2019-07-22T14:00:00+09:00,J5,309,357,666
2019-07-22T14:15:00+09:00,J1,577,619,1196
2019-07-22T14:15:00+09:00,J2,364,290,654
2019-07-22T14:15:00+09:00,J3,676,578,1254
2019-07-22T14:15:00+09:00,J4,400,405,805
2019-07-22T14:15:00+09:00,J5,312,411,723
2019-07-22T14:30:00+09:00,J1,568,633,1201
2019-07-22T14:30:00+09:00,J2,398,282,680
2019-07-22T14:30:00+09:00,J3,659,541,1200
2019-07-22T14:30:00+09:00,J4,429,422,851
2019-07-22T14:30:00+09:00,J5,333,418,751
2019-07-22T14:45:00+09:00,J1,666,670,1336
2019-07-22T14:45:00+09:00,J2,344,260,604
2019-07-22T14:45:00+09:00,J3,635,540,1175
2019-07-22T14:45:00+09:00,J4,401,411,812
2019-07-22T14:45:00+09:00,J5,335,367,702
2019-07-22T15:00:00+09:00,J1,643,645,1288
2019-07-22T15:00:00+09:00,J2,357,277,634
2019-07-22T15:00:00+09:00,J3,628,583,1211
2019-07-22T15:00:00+09:00,J4,401,432,833
2019-07-22T15:00:00+09:00,J5,363,425,788
2019-07-22T15:15:00+09:00,J1,646,739,1385
2019-07-22T15:15:00+09:00,J2,370,322,692
2019-07-22T15:15:00+09:00,J3,579,566,1145
2019-07-22T15:15:00+09:00,J4,462,514,976
2019-07-22T15:15:00+09:00,J5,359,499,858
2019-07-22T15:30:00+09:00,J1,685,735,1420
2019-07-22T15:30:00+09:00,J2,326,276,602
2019-07-22T15:30:00+09:00,J3,623,572,1195
2019-07-22T15:30:00+09:00,J4,460,483,943
2019-07-22T15:30:00+09:00,J5,389,393,782
2019-07-22T15:45:00+09:00,J1,680,786,1466
2019-07-22T15:45:00+09:00,J2,314,299,613
2019-07-22T15:45:00+09:00,J3,539,596,1135
2019-07-22T15:45:00+09:00,J4,464,453,917
2019-07-22T15:45:00+09:00,J5,340,492,832
2019-07-22T16:00:00+09:00,J1,673,728,1401
2019-07-22T16:00:00+09:00,J2,395,353,748
2019-07-22T16:00:00+09:00,J3,543,578,1121
2019-07-22T16:00:00+09:00,J4,448,479,927
2019-07-22T16:00:00+09:00,J5,397,471,868
2019-07-22T16:15:00+09:00,J1,709,848,1557
2019-07-22T16:15:00+09:00,J2,377,351,728
2019-07-22T16:15:00+09:00,J3,576,610,1186
2019-07-22T16:15:00+09:00,J4,498,513,1011
2019-07-22T16:15:00+09:00,J5,366,502,868
2019-07-22T16:30:00+09:00,J1,660,783,1443
2019-07-22T16:30:00+09:00,J2,354,357,711
2019-07-22T16:30:00+09:00,J3,573,555,1128
2019-07-22T16:30:00+09:00,J4,456,484,940
2019-07-22T16:30:00+09:00,J5,358,488,846
2019-07-22T16:45:00+09:00,J1,635,827,1462
2019-07-22T16:45:00+09:00,J2,393,331,724
2019-07-22T16:45:00+09:00,J3,515,609,1124
2019-07-22T16:45:00+09:00,J4,465,571,1036
2019-07-22T16:45:00+09:00,J5,370,465,835
2019-07-22T17:00:00+09:00,J1,747,931,1678
2019-07-22T17:00:00+09:00,J2,397,398,795
2019-07-22T17:00:00+09:00,J3,689,690,1379
2019-07-22T17:00:00+09:00,J4,514,621,1135
2019-07-22T17:00:00+09:00,J5,385,454,839
2019-07-22T17:15:00+09:00,J1,802,1022,1824
2019-07-22T17:15:00+09:00,J2,445,421,866
2019-07-22T17:15:00+09:00,J3,736,725,1461
2019-07-22T17:15:00+09:00,J4,646,571,1217
2019-07-22T17:15:00+09:00,J5,393,551,944
2019-07-22T17:30:00+09:00,J1,808,946,1754
2019-07-22T17:30:00+09:00,J2,427,453,880
2019-07-22T17:30:00+09:00,J3,790,778,1568
2019-07-22T17:30:00+09:00,J4,671,557,1228
2019-07-22T17:30:00+09:00,J5,361,514,875
2019-07-22T17:45:00+09:00,J1,810,999,1809
2019-07-22T17:45:00+09:00,J2,416,440,856
2019-07-22T17:45:00+09:00,J3,784,758,1542
2019-07-22T17:45:00+09:00,J4,772,608,1380
2019-07-22T17:45:00+09:00,J5,366,567,933
2019-07-22T18:00:00+09:00,J1,898,1094,1992
2019-07-22T18:00:00+09:00,J2,485,451,936
2019-07-22T18:00:00+09:00,J3,875,775,1650
2019-07-22T18:00:00+09:00,J4,736,567,1303
2019-07-22T18:00:00+09:00,J5,404,503,907
2019-07-22T18:15:00+09:00,J1,762,941,1703
2019-07-22T18:15:00+09:00,J2,409,416,825
2019-07-22T18:15:00+09:00,J3,741,745,1486
2019-07-22T18:15:00+09:00,J4,799,630,1429
2019-07-22T18:15:00+09:00,J5,369,462,831
2019-07-22T18:30:00+09:00,J1,706,846,1552
2019-07-22T18:30:00+09:00,J2,381,338,719
2019-07-22T18:30:00+09:00,J3,649,695,1344
2019-07-22T18:30:00+09:00,J4,725,513,1238
2019-07-22T18:30:00+09:00,J5,353,463,816
2019-07-22T18:45:00+09:00,J1,590,757,1347
2019-07-22T18:45:00+09:00,J2,358,312,670
2019-07-22T18:45:00+09:00,J3,614,611,1225
2019-07-22T18:45:00+09:00,J4,652,442,1094
2019-07-22T18:45:00+09:00,J5,364,418,782
2019-07-22T19:00:00+09:00,J1,564,670,1234
2019-07-22T19:00:00+09:00,J2,353,326,679
2019-07-22T19:00:00+09:00,J3,573,496,1069
2019-07-22T19:00:00+09:00,J4,535,385,920
2019-07-22T19:00:00+09:00,J5,375,436,811
2019-07-22T19:15:00+09:00,J1,444,681,1125
2019-07-22T19:15:00+09:00,J2,296,243,539
2019-07-22T19:15:00+09:00,J3,526,523,1049
2019-07-22T19:15:00+09:00,J4,608,455,1063
2019-07-22T19:15:00+09:00,J5,313,394,707
2019-07-22T19:30:00+09:00,J1,502,702,1204
2019-07-22T19:30:00+09:00,J2,272,215,487
2019-07-22T19:30:00+09:00,J3,570,453,1023
2019-07-22T19:30:00+09:00,J4,579,419,998
2019-07-22T19:30:00+09:00,J5,264,309,573
2019-07-22T19:45:00+09:00,J1,451,665,1116
2019-07-22T19:45:00+09:00,J2,308,209,517
2019-07-22T19:45:00+09:00,J3,519,462,981
2019-07-22T19:45:00+09:00,J4,539,416,955
2019-07-22T19:45:00+09:00,J5,279,311,590
2019-07-22T20:00:00+09:00,J1,456,622,1078
2019-07-22T20:00:00+09:00,J2,296,276,572
2019-07-22T20:00:00+09:00,J3,487,444,931
2019-07-22T20:00:00+09:00,J4,549,502,1051
2019-07-22T20:00:00+09:00,J5,303,305,608
2019-07-22T20:15:00+09:00,J1,495,665,1160
2019-07-22T20:15:00+09:00,J2,245,246,491
2019-07-22T20:15:00+09:00,J3,524,446,970
2019-07-22T20:15:00+09:00,J4,545,422,967
2019-07-22T20:15:00+09:00,J5,307,312,619
2019-07-22T20:30:00+09:00,J1,481,578,1059
2019-07-22T20:30:00+09:00,J2,225,225,450
2019-07-22T20:30:00+09:00,J3,458,414,872
2019-07-22T20:30:00+09:00,J4,528,457,985
2019-07-22T20:30:00+09:00,J5,269,364,633
2019-07-22T20:45:00+09:00,J1,422,527,949
2019-07-22T20:45:00+09:00,J2,308,230,538
2019-07-22T20:45:00+09:00,J3,495,384,879
2019-07-22T20:45:00+09:00,J4,539,459,998
2019-07-22T20:45:00+09:00,J5,272,313,585
2019-07-22T21:00:00+09:00,J1,444,477,921
2019-07-22T21:00:00+09:00,J2,302,225,527
2019-07-22T21:00:00+09:00,J3,390,309,699
2019-07-22T21:00:00+09:00,J4,685,585,1270
2019-07-22T21:00:00+09:00,J5,263,284,547
2019-07-22T21:15:00+09:00,J1,526,610,1136
2019-07-22T21:15:00+09:00,J2,275,190,465
2019-07-22T21:15:00+09:00,J3,404,400,804
2019-07-22T21:15:00+09:00,J4,558,485,1043
2019-07-22T21:15:00+09:00,J5,260,299,559
2019-07-22T21:30:00+09:00,J1,507,616,1123
2019-07-22T21:30:00+09:00,J2,224,205,429
2019-07-22T21:30:00+09:00,J3,433,405,838
2019-07-22T21:30:00+09:00,J4,669,579,1248
2019-07-22T21:30:00+09:00,J5,255,274,529
2019-07-22T21:45:00+09:00,J1,463,576,1039
2019-07-22T21:45:00+09:00,J2,201,196,397
2019-07-22T21:45:00+09:00,J3,434,388,822
2019-07-22T21:45:00+09:00,J4,612,618,1230
2019-07-22T21:45:00+09:00,J5,219,287,506
2019-07-22T22:00:00+09:00,J1,489,575,1064
2019-07-22T22:00:00+09:00,J2,202,215,417
2019-07-22T22:00:00+09:00,J3,409,431,840
2019-07-22T22:00:00+09:00,J4,568,501,1069
2019-07-22T22:00:00+09:00,J5,251,282,533
2019-07-22T22:15:00+09:00,J1,338,454,792
2019-07-22T22:15:00+09:00,J2,194,186,380
2019-07-22T22:15:00+09:00,J3,363,328,691
2019-07-22T22:15:00+09:00,J4,460,405,865
2019-07-22T22:15:00+09:00,J5,283,282,565
2019-07-22T22:30:00+09:00,J1,327,403,730
2019-07-22T22:30:00+09:00,J2,154,211,365
2019-07-22T22:30:00+09:00,J3,322,293,615
2019-07-22T22:30:00+09:00,J4,449,494,943
2019-07-22T22:30:00+09:00,J5,247,271,518
2019-07-22T22:45:00+09:00,J1,349,363,712
2019-07-22T22:45:00+09:00,J2,177,180,357
2019-07-22T22:45:00+09:00,J3,295,302,597
2019-07-22T22:45:00+09:00,J4,572,604,1176
2019-07-22T22:45:00+09:00,J5,214,233,447
2019-07-22T23:00:00+09:00,J1,341,405,746
2019-07-22T23:00:00+09:00,J2,203,211,414
2019-07-22T23:00:00+09:00,J3,309,304,613
2019-07-22T23:00:00+09:00,J4,592,599,1191
2019-07-22T23:00:00+09:00,J5,178,168,346
2019-07-22T23:15:00+09:00,J1,287,349,636
2019-07-22T23:15:00+09:00,J2,233,241,474
2019-07-22T23:15:00+09:00,J3,358,397,755
2019-07-22T23:15:00+09:00,J4,580,598,1178
2019-07-22T23:15:00+09:00,J5,188,164,352
2019-07-22T23:30:00+09:00,J1,310,390,700
2019-07-22T23:30:00+09:00,J2,248,248,496
2019-07-22T23:30:00+09:00,J3,337,388,725
2019-07-22T23:30:00+09:00,J4,410,370,780
2019-07-22T23:30:00+09:00,J5,132,116,248
2019-07-22T23:45:00+09:00,J1,362,427,789
2019-07-22T23:45:00+09:00,J2,185,233,418
2019-07-22T23:45:00+09:00,J3,296,319,615
2019-07-22T23:45:00+09:00,J4,375,290,665
2019-07-22T23:45:00+09:00,J5,157,168,325
2019-07-23T00:00:00+09:00,J1,334,333,667
2019-07-23T00:00:00+09:00,J2,206,249,455
2019-07-23T00:00:00+09:00,J3,285,286,571
2019-07-23T00:00:00+09:00,J4,291,256,547
2019-07-23T00:00:00+09:00,J5,121,162,283
2019-07-23T00:15:00+09:00,J1,176,136,312
2019-07-23T00:15:00+09:00,J2,242,227,469
2019-07-23T00:15:00+09:00,J3,418,349,767
2019-07-23T00:15:00+09:00,J4,277,217,494
2019-07-23T00:15:00+09:00,J5,149,137,286
2019-07-23T00:30:00+09:00,J1,205,208,413
2019-07-23T00:30:00+09:00,J2,219,148,367
2019-07-23T00:30:00+09:00,J3,360,299,659
2019-07-23T00:30:00+09:00,J4,260,210,470
2019-07-23T00:30:00+09:00,J5,124,140,264
2019-07-23T00:45:00+09:00,J1,213,180,393
2019-07-23T00:45:00+09:00,J2,153,127,280
2019-07-23T00:45:00+09:00,J3,367,303,670
2019-07-23T00:45:00+09:00,J4,254,235,489
2019-07-23T00:45:00+09:00,J5,166,160,326
2019-07-23T05:45:00+09:00,J1,233,190,423
2019-07-23T05:45:00+09:00,J2,223,199,422
2019-07-23T05:45:00+09:00,J3,452,394,846
2019-07-23T05:45:00+09:00,J4,440,423,863
2019-07-23T05:45:00+09:00,J5,165,145,310
2019-07-23T06:00:00+09:00,J1,254,233,487
2019-07-23T06:00:00+09:00,J2,215,157,372
2019-07-23T06:00:00+09:00,J3,464,469,933
2019-07-23T06:00:00+09:00,J4,416,364,780
2019-07-23T06:00:00+09:00,J5,172,198,370
2019-07-23T06:15:00+09:00,J1,368,275,643
2019-07-23T06:15:00+09:00,J2,316,194,510
2019-07-23T06:15:00+09:00,J3,496,412,908
2019-07-23T06:15:00+09:00,J4,437,445,882
2019-07-23T06:15:00+09:00,J5,200,161,361
2019-07-23T06:30:00+09:00,J1,365,387,752
2019-07-23T06:30:00+09:00,J2,304,194,498
2019-07-23T06:30:00+09:00,J3,438,374,812
2019-07-23T06:30:00+09:00,J4,385,468,853
2019-07-23T06:30:00+09:00,J5,206,166,372
2019-07-23T06:45:00+09:00,J1,377,364,741
2019-07-23T06:45:00+09:00,J2,370,198,568
2019-07-23T06:45:00+09:00,J3,464,381,845
2019-07-23T06:45:00+09:00,J4,386,460,846
2019-07-23T06:45:00+09:00,J5,207,158,365
2019-07-23T07:00:00+09:00,J1,409,407,816
2019-07-23T07:00:00+09:00,J2,320,201,521
2019-07-23T07:00:00+09:00,J3,527,439,966
2019-07-23T07:00:00+09:00,J4,432,517,949
2019-07-23T07:00:00+09:00,J5,210,180,390
2019-07-23T07:15:00+09:00,J1,430,315,745
2019-07-23T07:15:00+09:00,J2,406,293,699
2019-07-23T07:15:00+09:00,J3,544,493,1037
2019-07-23T07:15:00+09:00,J4,413,496,909
2019-07-23T07:15:00+09:00,J5,209,225,434
2019-07-23T07:30:00+09:00,J1,548,405,953
2019-07-23T07:30:00+09:00,J2,384,346,730
2019-07-23T07:30:00+09:00,J3,418,532,950
2019-07-23T07:30:00+09:00,J4,414,574,988
2019-07-23T07:30:00+09:00,J5,237,232,469
2019-07-23T07:45:00+09:00,J1,681,527,1208
2019-07-23T07:45:00+09:00,J2,563,422,985
2019-07-23T07:45:00+09:00,J3,529,639,1168
2019-07-23T07:45:00+09:00,J4,350,653,1003
2019-07-23T07:45:00+09:00,J5,263,294,557
2019-07-23T08:00:00+09:00,J1,967,690,1657
2019-07-23T08:00:00+09:00,J2,623,488,1111
2019-07-23T08:00:00+09:00,J3,643,808,1451
2019-07-23T08:00:00+09:00,J4,389,727,1116
2019-07-23T08:00:00+09:00,J5,315,303,618
2019-07-23T08:15:00+09:00,J1,1176,634,1810
2019-07-23T08:15:00+09:00,J2,762,498,1260
2019-07-23T08:15:00+09:00,J3,627,923,1550
2019-07-23T08:15:00+09:00,J4,536,960,1496
2019-07-23T08:15:00+09:00,J5,366,420,786
2019-07-23T08:30:00+09:00,J1,1166,751,1917
2019-07-23T08:30:00+09:00,J2,696,386,1082
2019-07-23T08:30:00+09:00,J3,623,895,1518
2019-07-23T08:30:00+09:00,J4,591,985,1576
2019-07-23T08:30:00+09:00,J5,459,427,886
2019-07-23T08:45:00+09:00,J1,849,657,1506
2019-07-23T08:45:00+09:00,J2,604,327,931
2019-07-23T08:45:00+09:00,J3,489,604,1093
2019-07-23T08:45:00+09:00,J4,416,688,1104
2019-07-23T08:45:00+09:00,J5,315,336,651
2019-07-23T09:00:00+09:00,J1,758,623,1381
2019-07-23T09:00:00+09:00,J2,524,428,952
2019-07-23T09:00:00+09:00,J3,545,532,1077
2019-07-23T09:00:00+09:00,J4,315,547,862
2019-07-23T09:00:00+09:00,J5,266,316,582
2019-07-23T09:15:00+09:00,J1,697,493,1190
2019-07-23T09:15:00+09:00,J2,503,374,877
2019-07-23T09:15:00+09:00,J3,472,485,957
2019-07-23T09:15:00+09:00,J4,388,516,904
2019-07-23T09:15:00+09:00,J5,270,358,628
2019-07-23T09:30:00+09:00,J1,665,426,1091
2019-07-23T09:30:00+09:00,J2,499,368,867
2019-07-23T09:30:00+09:00,J3,522,507,1029
2019-07-23T09:30:00+09:00,J4,414,474,888
2019-07-23T09:30:00+09:00,J5,273,296,569
2019-07-23T09:45:00+09:00,J1,597,438,1035
2019-07-23T09:45:00+09:00,J2,445,325,770
2019-07-23T09:45:00+09:00,J3,564,486,1050
2019-07-23T09:45:00+09:00,J4,349,390,739
2019-07-23T09:45:00+09:00,J5,257,318,575
2019-07-23T10:00:00+09:00,J1,539,459,998
2019-07-23T10:00:00+09:00,J2,423,337,760
2019-07-23T10:00:00+09:00,J3,481,522,1003
2019-07-23T10:00:00+09:00,J4,337,318,655
2019-07-23T10:00:00+09:00,J5,234,248,482
2019-07-23T10:15:00+09:00,J1,576,528,1104
2019-07-23T10:15:00+09:00,J2,409,344,753
2019-07-23T10:15:00+09:00,J3,446,537,983
2019-07-23T10:15:00+09:00,J4,349,369,718
2019-07-23T10:15:00+09:00,J5,247,257,504
2019-07-23T10:30:00+09:00,J1,592,477,1069
2019-07-23T10:30:00+09:00,J2,446,377,823
2019-07-23T10:30:00+09:00,J3,417,374,791
2019-07-23T10:30:00+09:00,J4,393,409,802
2019-07-23T10:30:00+09:00,J5,247,251,498
2019-07-23T10:45:00+09:00,J1,529,496,1025
2019-07-23T10:45:00+09:00,J2,327,324,651
2019-07-23T10:45:00+09:00,J3,348,406,754
2019-07-23T10:45:00+09:00,J4,349,408,757
2019-07-23T10:45:00+09:00,J5,290,263,553
2019-07-23T11:00:00+09:00,J1,485,500,985
2019-07-23T11:00:00+09:00,J2,389,361,750
2019-07-23T11:00:00+09:00,J3,400,419,819
2019-07-23T11:00:00+09:00,J4,426,448,874
2019-07-23T11:00:00+09:00,J5,239,265,504
2019-07-23T11:15:00+09:00,J1,544,550,1094
2019-07-23T11:15:00+09:00,J2,394,355,749
2019-07-23T11:15:00+09:00,J3,376,372,748
2019-07-23T11:15:00+09:00,J4,422,415,837
2019-07-23T11:15:00+09:00,J5,260,283,543
2019-07-23T11:30:00+09:00,J1,566,622,1188
2019-07-23T11:30:00+09:00,J2,337,336,673
2019-07-23T11:30:00+09:00,J3,457,439,896
2019-07-23T11:30:00+09:00,J4,459,407,866
2019-07-23T11:30:00+09:00,J5,274,297,571
2019-07-23T11:45:00+09:00,J1,544,572,1116
2019-07-23T11:45:00+09:00,J2,332,324,656
2019-07-23T11:45:00+09:00,J3,467,451,918
2019-07-23T11:45:00+09:00,J4,468,410,878
2019-07-23T11:45:00+09:00,J5,251,252,503
2019-07-23T12:00:00+09:00,J1,504,632,1136
2019-07-23T12:00:00+09:00,J2,385,369,754
2019-07-23T12:00:00+09:00,J3,454,471,925
2019-07-23T12:00:00+09:00,J4,572,572,1144
2019-07-23T12:00:00+09:00,J5,247,281,528
2019-07-23T12:15:00+09:00,J1,544,540,1084
2019-07-23T12:15:00+09:00,J2,365,305,670
2019-07-23T12:15:00+09:00,J3,409,483,892
2019-07-23T12:15:00+09:00,J4,518,486,1004
2019-07-23T12:15:00+09:00,J5,244,257,501
2019-07-23T12:30:00+09:00,J1,545,630,1175
2019-07-23T12:30:00+09:00,J2,371,375,746
2019-07-23T12:30:00+09:00,J3,404,520,924
2019-07-23T12:30:00+09:00,J4,521,528,1049
2019-07-23T12:30:00+09:00,J5,276,287,563
2019-07-23T12:45:00+09:00,J1,567,617,1184
2019-07-23T12:45:00+09:00,J2,358,405,763
2019-07-23T12:45:00+09:00,J3,450,494,944
2019-07-23T12:45:00+09:00,J4,446,494,940
2019-07-23T12:45:00+09:00,J5,239,280,519
2019-07-23T13:00:00+09:00,J1,550,652,1202
2019-07-23T13:00:00+09:00,J2,364,387,751
2019-07-23T13:00:00+09:00,J3,468,510,978
2019-07-23T13:00:00+09:00,J4,389,444,833
2019-07-23T13:00:00+09:00,J5,247,278,525
2019-07-23T13:15:00+09:00,J1,453,579,1032
2019-07-23T13:15:00+09:00,J2,348,407,755
2019-07-23T13:15:00+09:00,J3,454,443,897
2019-07-23T13:15:00+09:00,J4,463,467,930
2019-07-23T13:15:00+09:00,J5,249,280,529
2019-07-23T13:30:00+09:00,J1,519,605,1124
2019-07-23T13:30:00+09:00,J2,337,387,724
2019-07-23T13:30:00+09:00,J3,423,442,865
2019-07-23T13:30:00+09:00,J4,476,477,953
2019-07-23T13:30:00+09:00,J5,230,288,518
2019-07-23T13:45:00+09:00,J1,553,619,1172
2019-07-23T13:45:00+09:00,J2,369,422,791
2019-07-23T13:45:00+09:00,J3,451,538,989
2019-07-23T13:45:00+09:00,J4,454,486,940
2019-07-23T13:45:00+09:00,J5,255,294,549
2019-07-23T14:00:00+09:00,J1,558,596,1154
2019-07-23T14:00:00+09:00,J2,331,423,754
2019-07-23T14:00:00+09:00,J3,456,464,920
2019-07-23T14:00:00+09:00,J4,436,414,850
2019-07-23T14:00:00+09:00,J5,244,292,536
2019-07-23T14:15:00+09:00,J1,523,608,1131
2019-07-23T14:15:00+09:00,J2,364,422,786
2019-07-23T14:15:00+09:00,J3,456,499,955
2019-07-23T14:15:00+09:00,J4,430,455,885
2019-07-23T14:15:00+09:00,J5,298,337,635
2019-07-23T14:30:00+09:00,J1,520,608,1128
2019-07-23T14:30:00+09:00,J2,360,424,784
2019-07-23T14:30:00+09:00,J3,490,453,943
2019-07-23T14:30:00+09:00,J4,405,464,869
2019-07-23T14:30:00+09:00,J5,307,305,612
2019-07-23T14:45:00+09:00,J1,480,615,1095
2019-07-23T14:45:00+09:00,J2,343,433,776
2019-07-23T14:45:00+09:00,J3,474,520,994
2019-07-23T14:45:00+09:00,J4,436,495,931
2019-07-23T14:45:00+09:00,J5,243,335,578
2019-07-23T15:00:00+09:00,J1,462,637,1099
2019-07-23T15:00:00+09:00,J2,367,405,772
2019-07-23T15:00:00+09:00,J3,410,460,870
2019-07-23T15:00:00+09:00,J4,427,481,908
2019-07-23T15:00:00+09:00,J5,256,291,547
2019-07-23T15:15:00+09:00,J1,528,647,1175
2019-07-23T15:15:00+09:00,J2,319,432,751
2019-07-23T15:15:00+09:00,J3,533,562,1095
2019-07-23T15:15:00+09:00,J4,420,475,895
2019-07-23T15:15:00+09:00,J5,275,288,563
2019-07-23T15:30:00+09:00,J1,514,640,1154
2019-07-23T15:30:00+09:00,J2,358,472,830
2019-07-23T15:30:00+09:00,J3,526,483,1009
2019-07-23T15:30:00+09:00,J4,388,469,857
2019-07-23T15:30:00+09:00,J5,307,357,664
2019-07-23T15:45:00+09:00,J1,535,650,1185
2019-07-23T15:45:00+09:00,J2,359,471,830
2019-07-23T15:45:00+09:00,J3,455,532,987
2019-07-23T15:45:00+09:00,J4,457,493,950
2019-07-23T15:45:00+09:00,J5,303,302,605
2019-07-23T16:00:00+09:00,J1,529,642,1171
2019-07-23T16:00:00+09:00,J2,359,463,822
2019-07-23T16:00:00+09:00,J3,467,547,1014
2019-07-23T16:00:00+09:00,J4,457,437,894
2019-07-23T16:00:00+09:00,J5,269,347,616
2019-07-23T16:15:00+09:00,J1,638,677,1315
2019-07-23T16:15:00+09:00,J2,358,423,781
2019-07-23T16:15:00+09:00,J3,561,550,1111
2019-07-23T16:15:00+09:00,J4,552,494,1046
2019-07-23T16:15:00+09:00,J5,307,377,684
2019-07-23T16:30:00+09:00,J1,621,615,1236
2019-07-23T16:30:00+09:00,J2,356,549,905
2019-07-23T16:30:00+09:00,J3,551,571,1122
2019-07-23T16:30:00+09:00,J4,525,517,1042
2019-07-23T16:30:00+09:00,J5,281,334,615
2019-07-23T16:45:00+09:00,J1,563,706,1269
2019-07-23T16:45:00+09:00,J2,369,503,872
2019-07-23T16:45:00+09:00,J3,595,530,1125
2019-07-23T16:45:00+09:00,J4,551,536,1087
2019-07-23T16:45:00+09:00,J5,273,333,606
2019-07-23T17:00:00+09:00,J1,595,762,1357
2019-07-23T17:00:00+09:00,J2,410,501,911
2019-07-23T17:00:00+09:00,J3,693,597,1290
2019-07-23T17:00:00+09:00,J4,717,580,1297
2019-07-23T17:00:00+09:00,J5,298,350,648
2019-07-23T17:15:00+09:00,J1,664,780,1444
2019-07-23T17:15:00+09:00,J2,472,574,1046
2019-07-23T17:15:00+09:00,J3,762,667,1429
2019-07-23T17:15:00+09:00,J4,796,652,1448
2019-07-23T17:15:00+09:00,J5,318,452,770
2019-07-23T17:30:00+09:00,J1,737,828,1565
2019-07-23T17:30:00+09:00,J2,507,658,1165
2019-07-23T17:30:00+09:00,J3,856,658,1514
2019-07-23T17:30:00+09:00,J4,886,642,1528
2019-07-23T17:30:00+09:00,J5,348,505,853
2019-07-23T17:45:00+09:00,J1,749,948,1697
2019-07-23T17:45:00+09:00,J2,443,614,1057
2019-07-23T17:45:00+09:00,J3,875,643,1518
2019-07-23T17:45:00+09:00,J4,900,708,1608
2019-07-23T17:45:00+09:00,J5,341,424,765
2019-07-23T18:00:00+09:00,J1,746,969,1715
2019-07-23T18:00:00+09:00,J2,496,624,1120
2019-07-23T18:00:00+09:00,J3,963,645,1608
2019-07-23T18:00:00+09:00,J4,885,568,1453
2019-07-23T18:00:00+09:00,J5,365,476,841
2019-07-23T18:15:00+09:00,J1,698,875,1573
2019-07-23T18:15:00+09:00,J2,519,596,1115
2019-07-23T18:15:00+09:00,J3,859,563,1422
2019-07-23T18:15:00+09:00,J4,910,662,1572
2019-07-23T18:15:00+09:00,J5,304,434,738
2019-07-23T18:30:00+09:00,J1,698,812,1510
2019-07-23T18:30:00+09:00,J2,451,510,961
2019-07-23T18:30:00+09:00,J3,714,593,1307
2019-07-23T18:30:00+09:00,J4,766,597,1363
2019-07-23T18:30:00+09:00,J5,306,391,697
2019-07-23T18:45:00+09:00,J1,616,708,1324
2019-07-23T18:45:00+09:00,J2,451,475,926
2019-07-23T18:45:00+09:00,J3,694,529,1223
2019-07-23T18:45:00+09:00,J4,723,509,1232
2019-07-23T18:45:00+09:00,J5,321,433,754
2019-07-23T19:00:00+09:00,J1,553,756,1309
2019-07-23T19:00:00+09:00,J2,433,500,933
2019-07-23T19:00:00+09:00,J3,635,552,1187
2019-07-23T19:00:00+09:00,J4,673,500,1173
2019-07-23T19:00:00+09:00,J5,315,369,684
2019-07-23T19:15:00+09:00,J1,532,689,1221
2019-07-23T19:15:00+09:00,J2,360,486,846
2019-07-23T19:15:00+09:00,J3,648,569,1217
2019-07-23T19:15:00+09:00,J4,665,432,1097
2019-07-23T19:15:00+09:00,J5,288,369,657
2019-07-23T19:30:00+09:00,J1,547,605,1152
2019-07-23T19:30:00+09:00,J2,347,439,786
2019-07-23T19:30:00+09:00,J3,580,563,1143
2019-07-23T19:30:00+09:00,J4,560,394,954
2019-07-23T19:30:00+09:00,J5,243,376,619
2019-07-23T19:45:00+09:00,J1,434,516,950
2019-07-23T19:45:00+09:00,J2,283,301,584
2019-07-23T19:45:00+09:00,J3,490,489,979
2019-07-23T19:45:00+09:00,J4,511,381,892
2019-07-23T19:45:00+09:00,J5,276,347,623
2019-07-23T20:00:00+09:00,J1,499,526,1025
2019-07-23T20:00:00+09:00,J2,243,326,569
2019-07-23T20:00:00+09:00,J3,497,478,975
2019-07-23T20:00:00+09:00,J4,511,407,918
2019-07-23T20:00:00+09:00,J5,283,380,663
2019-07-23T20:15:00+09:00,J1,540,606,1146
2019-07-23T20:15:00+09:00,J2,284,339,623
2019-07-23T20:15:00+09:00,J3,534,451,985
2019-07-23T20:15:00+09:00,J4,565,355,920
2019-07-23T20:15:00+09:00,J5,287,354,641
2019-07-23T20:30:00+09:00,J1,497,525,1022
2019-07-23T20:30:00+09:00,J2,216,316,532
2019-07-23T20:30:00+09:00,J3,507,453,960
2019-07-23T20:30:00+09:00,J4,537,421,958
2019-07-23T20:30:00+09:00,J5,309,352,661
2019-07-23T20:45:00+09:00,J1,516,621,1137
2019-07-23T20:45:00+09:00,J2,300,424,724
2019-07-23T20:45:00+09:00,J3,491,496,987
2019-07-23T20:45:00+09:00,J4,558,443,1001
2019-07-23T20:45:00+09:00,J5,326,389,715
2019-07-23T21:00:00+09:00,J1,525,622,1147
2019-07-23T21:00:00+09:00,J2,246,302,548
2019-07-23T21:00:00+09:00,J3,476,398,874
2019-07-23T21:00:00+09:00,J4,424,303,727
2019-07-23T21:00:00+09:00,J5,231,291,522
2019-07-23T21:15:00+09:00,J1,559,604,1163
2019-07-23T21:15:00+09:00,J2,314,332,646
2019-07-23T21:15:00+09:00,J3,480,370,850
2019-07-23T21:15:00+09:00,J4,403,302,705
2019-07-23T21:15:00+09:00,J5,234,300,534
2019-07-23T21:30:00+09:00,J1,497,581,1078
2019-07-23T21:30:00+09:00,J2,234,261,495
2019-07-23T21:30:00+09:00,J3,399,330,729
2019-07-23T21:30:00+09:00,J4,358,282,640
2019-07-23T21:30:00+09:00,J5,240,276,516
2019-07-23T21:45:00+09:00,J1,450,505,955
2019-07-23T21:45:00+09:00,J2,248,301,549
2019-07-23T21:45:00+09:00,J3,371,308,679
2019-07-23T21:45:00+09:00,J4,314,243,557
2019-07-23T21:45:00+09:00,J5,229,254,483
2019-07-23T22:00:00+09:00,J1,379,472,851
2019-07-23T22:00:00+09:00,J2,289,377,666
2019-07-23T22:00:00+09:00,J3,293,295,588
2019-07-23T22:00:00+09:00,J4,342,326,668
2019-07-23T22:00:00+09:00,J5,217,249,466
2019-07-23T22:15:00+09:00,J1,358,496,854
2019-07-23T22:15:00+09:00,J2,303,334,637
2019-07-23T22:15:00+09:00,J3,293,292,585
2019-07-23T22:15:00+09:00,J4,289,240,529
2019-07-23T22:15:00+09:00,J5,205,252,457
2019-07-23T22:30:00+09:00,J1,470,473,943
2019-07-23T22:30:00+09:00,J2,307,317,624
2019-07-23T22:30:00+09:00,J3,287,277,564
2019-07-23T22:30:00+09:00,J4,263,235,498
2019-07-23T22:30:00+09:00,J5,211,199,410
2019-07-23T22:45:00+09:00,J1,424,446,870
2019-07-23T22:45:00+09:00,J2,313,321,634
2019-07-23T22:45:00+09:00,J3,273,253,526
2019-07-23T22:45:00+09:00,J4,275,239,514
2019-07-23T22:45:00+09:00,J5,192,211,403
2019-07-23T23:00:00+09:00,J1,332,352,684
2019-07-23T23:00:00+09:00,J2,373,354,727
2019-07-23T23:00:00+09:00,J3,314,237,551
2019-07-23T23:00:00+09:00,J4,317,331,648
2019-07-23T23:00:00+09:00,J5,212,220,432
2019-07-23T23:15:00+09:00,J1,266,313,579
2019-07-23T23:15:00+09:00,J2,341,381,722
2019-07-23T23:15:00+09:00,J3,256,241,497
2019-07-23T23:15:00+09:00,J4,500,495,995
2019-07-23T23:15:00+09:00,J5,190,200,390
2019-07-23T23:30:00+09:00,J1,216,207,423
2019-07-23T23:30:00+09:00,J2,331,392,723
2019-07-23T23:30:00+09:00,J3,264,238,502
2019-07-23T23:30:00+09:00,J4,443,480,923
2019-07-23T23:30:00+09:00,J5,174,230,404
2019-07-23T23:45:00+09:00,J1,173,193,366
2019-07-23T23:45:00+09:00,J2,329,362,691
2019-07-23T23:45:00+09:00,J3,268,209,477
2019-07-23T23:45:00+09:00,J4,501,466,967
2019-07-23T23:45:00+09:00,J5,217,242,459
2019-07-24T00:00:00+09:00,J1,252,162,414
2019-07-24T00:00:00+09:00,J2,222,237,459
2019-07-24T00:00:00+09:00,J3,288,238,526
2019-07-24T00:00:00+09:00,J4,380,390,770
2019-07-24T00:00:00+09:00,J5,219,230,449
2019-07-24T00:15:00+09:00,J1,217,160,377
2019-07-24T00:15:00+09:00,J2,283,255,538
2019-07-24T00:15:00+09:00,J3,355,298,653
2019-07-24T00:15:00+09:00,J4,288,233,521
2019-07-24T00:15:00+09:00,J5,172,213,385
2019-07-24T00:30:00+09:00,J1,162,112,274
2019-07-24T00:30:00+09:00,J2,238,234,472
2019-07-24T00:30:00+09:00,J3,331,254,585
2019-07-24T00:30:00+09:00,J4,303,315,618
2019-07-24T00:30:00+09:00,J5,167,183,350
2019-07-24T00:45:00+09:00,J1,191,153,344
2019-07-24T00:45:00+09:00,J2,255,274,529
2019-07-24T00:45:00+09:00,J3,328,274,602
2019-07-24T00:45:00+09:00,J4,290,254,544
2019-07-24T00:45:00+09:00,J5,172,174,346
2019-07-24T05:45:00+09:00,J1,217,194,411
2019-07-24T05:45:00+09:00,J2,214,133,347
2019-07-24T05:45:00+09:00,J3,411,316,727
2019-07-24T05:45:00+09:00,J4,255,224,479
2019-07-24T05:45:00+09:00,J5,131,136,267
2019-07-24T06:00:00+09:00,J1,246,179,425
2019-07-24T06:00:00+09:00,J2,208,178,386
2019-07-24T06:00:00+09:00,J3,464,456,920
2019-07-24T06:00:00+09:00,J4,237,291,528
2019-07-24T06:00:00+09:00,J5,116,170,286
2019-07-24T06:15:00+09:00,J1,182,177,359
2019-07-24T06:15:00+09:00,J2,239,183,422
2019-07-24T06:15:00+09:00,J3,395,431,826
2019-07-24T06:15:00+09:00,J4,278,333,611
2019-07-24T06:15:00+09:00,J5,184,196,380
2019-07-24T06:30:00+09:00,J1,159,197,356
2019-07-24T06:30:00+09:00,J2,291,217,508
2019-07-24T06:30:00+09:00,J3,391,353,744
2019-07-24T06:30:00+09:00,J4,272,280,552
2019-07-24T06:30:00+09:00,J5,183,164,347
2019-07-24T06:45:00+09:00,J1,287,260,547
2019-07-24T06:45:00+09:00,J2,270,255,525
2019-07-24T06:45:00+09:00,J3,363,313,676
2019-07-24T06:45:00+09:00,J4,346,420,766
2019-07-24T06:45:00+09:00,J5,196,168,364
2019-07-24T07:00:00+09:00,J1,423,369,792
2019-07-24T07:00:00+09:00,J2,235,195,430
2019-07-24T07:00:00+09:00,J3,364,397,761
2019-07-24T07:00:00+09:00,J4,431,485,916
2019-07-24T07:00:00+09:00,J5,208,231,439
2019-07-24T07:15:00+09:00,J1,518,416,934
2019-07-24T07:15:00+09:00,J2,282,201,483
2019-07-24T07:15:00+09:00,J3,364,367,731
2019-07-24T07:15:00+09:00,J4,362,474,836
2019-07-24T07:15:00+09:00,J5,211,229,440
2019-07-24T07:30:00+09:00,J1,520,456,976
2019-07-24T07:30:00+09:00,J2,276,256,532
2019-07-24T07:30:00+09:00,J3,376,408,784
2019-07-24T07:30:00+09:00,J4,307,454,761
2019-07-24T07:30:00+09:00,J5,273,259,532
2019-07-24T07:45:00+09:00,J1,728,555,1283
2019-07-24T07:45:00+09:00,J2,312,286,598
2019-07-24T07:45:00+09:00,J3,384,506,890
2019-07-24T07:45:00+09:00,J4,400,634,1034
2019-07-24T07:45:00+09:00,J5,297,321,618
2019-07-24T08:00:00+09:00,J1,858,652,1510
2019-07-24T08:00:00+09:00,J2,377,284,661
2019-07-24T08:00:00+09:00,J3,537,626,1163
2019-07-24T08:00:00+09:00,J4,496,888,1384
2019-07-24T08:00:00+09:00,J5,417,409,826
2019-07-24T08:15:00+09:00,J1,1033,605,1638
2019-07-24T08:15:00+09:00,J2,413,309,722
2019-07-24T08:15:00+09:00,J3,611,742,1353
2019-07-24T08:15:00+09:00,J4,682,1061,1743
2019-07-24T08:15:00+09:00,J5,449,419,868
2019-07-24T08:30:00+09:00,J1,1032,636,1668
2019-07-24T08:30:00+09:00,J2,388,258,646
2019-07-24T08:30:00+09:00,J3,608,856,1464
2019-07-24T08:30:00+09:00,J4,771,1092,1863
2019-07-24T08:30:00+09:00,J5,411,340,751
2019-07-24T08:45:00+09:00,J1,707,579,1286
2019-07-24T08:45:00+09:00,J2,326,205,531
2019-07-24T08:45:00+09:00,J3,515,585,1100
2019-07-24T08:45:00+09:00,J4,733,885,1618
2019-07-24T08:45:00+09:00,J5,420,265,685
2019-07-24T09:00:00+09:00,J1,671,545,1216
2019-07-24T09:00:00+09:00,J2,258,253,511
2019-07-24T09:00:00+09:00,J3,434,389,823
2019-07-24T09:00:00+09:00,J4,592,763,1355
2019-07-24T09:00:00+09:00,J5,405,390,795
2019-07-24T09:15:00+09:00,J1,645,610,1255
2019-07-24T09:15:00+09:00,J2,286,247,533
2019-07-24T09:15:00+09:00,J3,433,402,835
2019-07-24T09:15:00+09:00,J4,469,595,1064
2019-07-24T09:15:00+09:00,J5,421,397,818
2019-07-24T09:30:00+09:00,J1,606,502,1108
2019-07-24T09:30:00+09:00,J2,286,214,500
2019-07-24T09:30:00+09:00,J3,465,399,864
2019-07-24T09:30:00+09:00,J4,451,586,1037
2019-07-24T09:30:00+09:00,J5,436,424,860
2019-07-24T09:45:00+09:00,J1,617,472,1089
2019-07-24T09:45:00+09:00,J2,255,239,494
2019-07-24T09:45:00+09:00,J3,377,332,709
2019-07-24T09:45:00+09:00,J4,387,439,826
2019-07-24T09:45:00+09:00,J5,408,397,805
2019-07-24T10:00:00+09:00,J1,565,599,1164
2019-07-24T10:00:00+09:00,J2,263,249,512
2019-07-24T10:00:00+09:00,J3,414,386,800
2019-07-24T10:00:00+09:00,J4,362,358,720
2019-07-24T10:00:00+09:00,J5,348,427,775
2019-07-24T10:15:00+09:00,J1,575,524,1099
2019-07-24T10:15:00+09:00,J2,264,244,508
2019-07-24T10:15:00+09:00,J3,449,409,858
2019-07-24T10:15:00+09:00,J4,351,390,741
2019-07-24T10:15:00+09:00,J5,367,412,779
2019-07-24T10:30:00+09:00,J1,573,591,1164
2019-07-24T10:30:00+09:00,J2,262,240,502
2019-07-24T10:30:00+09:00,J3,446,412,858
2019-07-24T10:30:00+09:00,J4,409,398,807
2019-07-24T10:30:00+09:00,J5,383,461,844
2019-07-24T10:45:00+09:00,J1,625,580,1205
2019-07-24T10:45:00+09:00,J2,285,293,578
2019-07-24T10:45:00+09:00,J3,473,421,894
2019-07-24T10:45:00+09:00,J4,445,412,857
2019-07-24T10:45:00+09:00,J5,378,405,783
2019-07-24T11:00:00+09:00,J1,682,623,1305
2019-07-24T11:00:00+09:00,J2,302,301,603
2019-07-24T11:00:00+09:00,J3,492,398,890
2019-07-24T11:00:00+09:00,J4,407,385,792
2019-07-24T11:00:00+09:00,J5,412,432,844
2019-07-24T11:15:00+09:00,J1,720,733,1453
2019-07-24T11:15:00+09:00,J2,334,328,662
2019-07-24T11:15:00+09:00,J3,534,477,1011
2019-07-24T11:15:00+09:00,J4,362,358,720
2019-07-24T11:15:00+09:00,J5,390,398,788
2019-07-24T11:30:00+09:00,J1,798,818,1616
2019-07-24T11:30:00+09:00,J2,363,314,677
2019-07-24T11:30:00+09:00,J3,601,498,1099
2019-07-24T11:30:00+09:00,J4,429,424,853
2019-07-24T11:30:00+09:00,J5,380,338,718
2019-07-24T11:45:00+09:00,J1,781,794,1575
2019-07-24T11:45:00+09:00,J2,358,232,590
2019-07-24T11:45:00+09:00,J3,590,469,1059
2019-07-24T11:45:00+09:00,J4,424,403,827
2019-07-24T11:45:00+09:00,J5,430,386,816
2019-07-24T12:00:00+09:00,J1,750,820,1570
2019-07-24T12:00:00+09:00,J2,366,227,593
2019-07-24T12:00:00+09:00,J3,701,524,1225
2019-07-24T12:00:00+09:00,J4,501,441,942
2019-07-24T12:00:00+09:00,J5,296,246,542
2019-07-24T12:15:00+09:00,J1,744,725,1469
2019-07-24T12:15:00+09:00,J2,396,211,607
2019-07-24T12:15:00+09:00,J3,645,509,1154
2019-07-24T12:15:00+09:00,J4,516,487,1003
2019-07-24T12:15:00+09:00,J5,370,302,672
2019-07-24T12:30:00+09:00,J1,754,717,1471
2019-07-24T12:30:00+09:00,J2,416,230,646
2019-07-24T12:30:00+09:00,J3,651,573,1224
2019-07-24T12:30:00+09:00,J4,554,543,1097
2019-07-24T12:30:00+09:00,J5,327,261,588
2019-07-24T12:45:00+09:00,J1,738,770,1508
2019-07-24T12:45:00+09:00,J2,425,269,694
2019-07-24T12:45:00+09:00,J3,658,583,1241
2019-07-24T12:45:00+09:00,J4,592,615,1207
2019-07-24T12:45:00+09:00,J5,263,211,474
2019-07-24T13:00:00+09:00,J1,724,727,1451
2019-07-24T13:00:00+09:00,J2,391,351,742
2019-07-24T13:00:00+09:00,J3,680,577,1257
2019-07-24T13:00:00+09:00,J4,506,497,1003
2019-07-24T13:00:00+09:00,J5,293,237,530
2019-07-24T13:15:00+09:00,J1,740,722,1462
2019-07-24T13:15:00+09:00,J2,403,291,694
2019-07-24T13:15:00+09:00,J3,636,558,1194
2019-07-24T13:15:00+09:00,J4,605,536,1141
2019-07-24T13:15:00+09:00,J5,265,307,572
2019-07-24T13:30:00+09:00,J1,671,707,1378
2019-07-24T13:30:00+09:00,J2,375,266,641
2019-07-24T13:30:00+09:00,J3,694,631,1325
2019-07-24T13:30:00+09:00,J4,569,567,1136
2019-07-24T13:30:00+09:00,J5,275,193,468
2019-07-24T13:45:00+09:00,J1,682,710,1392
2019-07-24T13:45:00+09:00,J2,361,266,627
2019-07-24T13:45:00+09:00,J3,754,659,1413
2019-07-24T13:45:00+09:00,J4,539,469,1008
2019-07-24T13:45:00+09:00,J5,240,165,405
2019-07-24T14:00:00+09:00,J1,687,719,1406
2019-07-24T14:00:00+09:00,J2,386,295,681
2019-07-24T14:00:00+09:00,J3,669,623,1292
2019-07-24T14:00:00+09:00,J4,470,413,883
2019-07-24T14:00:00+09:00,J5,259,218,477
2019-07-24T14:15:00+09:00,J1,673,637,1310
2019-07-24T14:15:00+09:00,J2,332,331,663
2019-07-24T14:15:00+09:00,J3,750,645,1395
2019-07-24T14:15:00+09:00,J4,604,578,1182
2019-07-24T14:15:00+09:00,J5,293,259,552
2019-07-24T14:30:00+09:00,J1,643,647,1290
2019-07-24T14:30:00+09:00,J2,381,276,657
2019-07-24T14:30:00+09:00,J3,816,694,1510
2019-07-24T14:30:00+09:00,J4,609,593,1202
2019-07-24T14:30:00+09:00,J5,191,160,351
2019-07-24T14:45:00+09:00,J1,632,622,1254
2019-07-24T14:45:00+09:00,J2,388,278,666
2019-07-24T14:45:00+09:00,J3,820,704,1524
2019-07-24T14:45:00+09:00,J4,615,607,1222
2019-07-24T14:45:00+09:00,J5,210,170,380
2019-07-24T15:00:00+09:00,J1,605,660,1265
2019-07-24T15:00:00+09:00,J2,331,294,625
2019-07-24T15:00:00+09:00,J3,744,695,1439
2019-07-24T15:00:00+09:00,J4,602,527,1129
2019-07-24T15:00:00+09:00,J5,245,202,447
2019-07-24T15:15:00+09:00,J1,607,682,1289
2019-07-24T15:15:00+09:00,J2,380,316,696
2019-07-24T15:15:00+09:00,J3,804,731,1535
2019-07-24T15:15:00+09:00,J4,677,658,1335
2019-07-24T15:15:00+09:00,J5,295,220,515
2019-07-24T15:30:00+09:00,J1,610,697,1307
2019-07-24T15:30:00+09:00,J2,352,319,671
2019-07-24T15:30:00+09:00,J3,793,808,1601
2019-07-24T15:30:00+09:00,J4,724,718,1442
2019-07-24T15:30:00+09:00,J5,327,316,643
2019-07-24T15:45:00+09:00,J1,675,737,1412
2019-07-24T15:45:00+09:00,J2,293,263,556
2019-07-24T15:45:00+09:00,J3,891,846,1737
2019-07-24T15:45:00+09:00,J4,676,636,1312
2019-07-24T15:45:00+09:00,J5,360,316,676
2019-07-24T16:00:00+09:00,J1,638,690,1328
2019-07-24T16:00:00+09:00,J2,319,262,581
2019-07-24T16:00:00+09:00,J3,803,832,1635
2019-07-24T16:00:00+09:00,J4,709,679,1388
2019-07-24T16:00:00+09:00,J5,376,331,707
2019-07-24T16:15:00+09:00,J1,714,690,1404
2019-07-24T16:15:00+09:00,J2,339,301,640
2019-07-24T16:15:00+09:00,J3,879,820,1699
2019-07-24T16:15:00+09:00,J4,735,773,1508
2019-07-24T16:15:00+09:00,J5,446,394,840
2019-07-24T16:30:00+09:00,J1,683,679,1362
2019-07-24T16:30:00+09:00,J2,327,253,580
2019-07-24T16:30:00+09:00,J3,853,808,1661
2019-07-24T16:30:00+09:00,J4,759,671,1430
2019-07-24T16:30:00+09:00,J5,292,303,595
2019-07-24T16:45:00+09:00,J1,673,764,1437
2019-07-24T16:45:00+09:00,J2,316,272,588
2019-07-24T16:45:00+09:00,J3,844,824,1668
2019-07-24T16:45:00+09:00,J4,668,689,1357
2019-07-24T16:45:00+09:00,J5,350,325,675
2019-07-24T17:00:00+09:00,J1,674,777,1451
2019-07-24T17:00:00+09:00,J2,327,276,603
2019-07-24T17:00:00+09:00,J3,845,819,1664
2019-07-24T17:00:00+09:00,J4,760,648,1408
2019-07-24T17:00:00+09:00,J5,319,290,609
2019-07-24T17:15:00+09:00,J1,751,920,1671
2019-07-24T17:15:00+09:00,J2,328,294,622
2019-07-24T17:15:00+09:00,J3,835,788,1623
2019-07-24T17:15:00+09:00,J4,745,564,1309
2019-07-24T17:15:00+09:00,J5,304,320,624
2019-07-24T17:30:00+09:00,J1,726,926,1652
2019-07-24T17:30:00+09:00,J2,362,310,672
2019-07-24T17:30:00+09:00,J3,860,787,1647
2019-07-24T17:30:00+09:00,J4,724,520,1244
2019-07-24T17:30:00+09:00,J5,342,367,709
2019-07-24T17:45:00+09:00,J1,687,877,1564
2019-07-24T17:45:00+09:00,J2,386,283,669
2019-07-24T17:45:00+09:00,J3,858,721,1579
2019-07-24T17:45:00+09:00,J4,717,473,1190
2019-07-24T17:45:00+09:00,J5,372,394,766
2019-07-24T18:00:00+09:00,J1,779,948,1727
2019-07-24T18:00:00+09:00,J2,463,316,779
2019-07-24T18:00:00+09:00,J3,923,753,1676
2019-07-24T18:00:00+09:00,J4,718,472,1190
2019-07-24T18:00:00+09:00,J5,356,327,683
2019-07-24T18:15:00+09:00,J1,691,850,1541
2019-07-24T18:15:00+09:00,J2,423,330,753
2019-07-24T18:15:00+09:00,J3,712,574,1286
2019-07-24T18:15:00+09:00,J4,657,434,1091
2019-07-24T18:15:00+09:00,J5,351,374,725
2019-07-24T18:30:00+09:00,J1,691,762,1453
2019-07-24T18:30:00+09:00,J2,373,316,689
2019-07-24T18:30:00+09:00,J3,629,552,1181
2019-07-24T18:30:00+09:00,J4,577,459,1036
2019-07-24T18:30:00+09:00,J5,318,322,640
2019-07-24T18:45:00+09:00,J1,592,731,1323
2019-07-24T18:45:00+09:00,J2,342,316,658
2019-07-24T18:45:00+09:00,J3,549,535,1084
2019-07-24T18:45:00+09:00,J4,592,375,967
2019-07-24T18:45:00+09:00,J5,301,277,578
2019-07-24T19:00:00+09:00,J1,496,628,1124
2019-07-24T19:00:00+09:00,J2,354,224,578
2019-07-24T19:00:00+09:00,J3,649,546,1195
2019-07-24T19:00:00+09:00,J4,565,409,974
2019-07-24T19:00:00+09:00,J5,283,279,562
2019-07-24T19:15:00+09:00,J1,472,638,1110
2019-07-24T19:15:00+09:00,J2,336,235,571
2019-07-24T19:15:00+09:00,J3,633,561,1194
2019-07-24T19:15:00+09:00,J4,592,412,1004
2019-07-24T19:15:00+09:00,J5,348,313,661
2019-07-24T19:30:00+09:00,J1,493,647,1140
2019-07-24T19:30:00+09:00,J2,347,260,607
2019-07-24T19:30:00+09:00,J3,581,557,1138
2019-07-24T19:30:00+09:00,J4,558,451,1009
2019-07-24T19:30:00+09:00,J5,302,273,575
2019-07-24T19:45:00+09:00,J1,494,535,1029
2019-07-24T19:45:00+09:00,J2,367,253,620
2019-07-24T19:45:00+09:00,J3,591,480,1071
2019-07-24T19:45:00+09:00,J4,638,599,1237
2019-07-24T19:45:00+09:00,J5,287,243,530
2019-07-24T20:00:00+09:00,J1,472,556,1028
2019-07-24T20:00:00+09:00,J2,303,207,510
2019-07-24T20:00:00+09:00,J3,585,539,1124
2019-07-24T20:00:00+09:00,J4,613,624,1237
2019-07-24T20:00:00+09:00,J5,320,290,610
2019-07-24T20:15:00+09:00,J1,398,557,955
2019-07-24T20:15:00+09:00,J2,313,200,513
2019-07-24T20:15:00+09:00,J3,549,542,1091
2019-07-24T20:15:00+09:00,J4,659,522,1181
2019-07-24T20:15:00+09:00,J5,311,265,576
2019-07-24T20:30:00+09:00,J1,447,483,930
2019-07-24T20:30:00+09:00,J2,304,198,502
2019-07-24T20:30:00+09:00,J3,534,478,1012
2019-07-24T20:30:00+09:00,J4,648,536,1184
2019-07-24T20:30:00+09:00,J5,392,366,758
2019-07-24T20:45:00+09:00,J1,342,413,755
2019-07-24T20:45:00+09:00,J2,301,218,519
2019-07-24T20:45:00+09:00,J3,520,400,920
2019-07-24T20:45:00+09:00,J4,662,521,1183
2019-07-24T20:45:00+09:00,J5,364,365,729
2019-07-24T21:00:00+09:00,J1,354,444,798
2019-07-24T21:00:00+09:00,J2,273,194,467
2019-07-24T21:00:00+09:00,J3,500,382,882
2019-07-24T21:00:00+09:00,J4,652,513,1165
2019-07-24T21:00:00+09:00,J5,393,411,804
2019-07-24T21:15:00+09:00,J1,393,498,891
2019-07-24T21:15:00+09:00,J2,317,201,518
2019-07-24T21:15:00+09:00,J3,539,399,938
2019-07-24T21:15:00+09:00,J4,655,572,1227
2019-07-24T21:15:00+09:00,J5,395,352,747
2019-07-24T21:30:00+09:00,J1,355,423,778
2019-07-24T21:30:00+09:00,J2,266,172,438
2019-07-24T21:30:00+09:00,J3,458,380,838
2019-07-24T21:30:00+09:00,J4,629,470,1099
2019-07-24T21:30:00+09:00,J5,395,394,789
2019-07-24T21:45:00+09:00,J1,322,391,713
2019-07-24T21:45:00+09:00,J2,272,179,451
2019-07-24T21:45:00+09:00,J3,480,352,832
2019-07-24T21:45:00+09:00,J4,535,459,994
2019-07-24T21:45:00+09:00,J5,470,419,889
2019-07-24T22:00:00+09:00,J1,327,398,725
2019-07-24T22:00:00+09:00,J2,208,220,428
2019-07-24T22:00:00+09:00,J3,518,356,874
2019-07-24T22:00:00+09:00,J4,486,406,892
2019-07-24T22:00:00+09:00,J5,404,377,781
2019-07-24T22:15:00+09:00,J1,292,385,677
2019-07-24T22:15:00+09:00,J2,223,226,449
2019-07-24T22:15:00+09:00,J3,458,299,757
2019-07-24T22:15:00+09:00,J4,435,386,821
2019-07-24T22:15:00+09:00,J5,439,416,855
2019-07-24T22:30:00+09:00,J1,316,347,663
2019-07-24T22:30:00+09:00,J2,252,264,516
2019-07-24T22:30:00+09:00,J3,408,297,705
2019-07-24T22:30:00+09:00,J4,486,448,934
2019-07-24T22:30:00+09:00,J5,425,415,840
2019-07-24T22:45:00+09:00,J1,337,372,709
2019-07-24T22:45:00+09:00,J2,243,258,501
2019-07-24T22:45:00+09:00,J3,390,298,688
2019-07-24T22:45:00+09:00,J4,377,357,734
2019-07-24T22:45:00+09:00,J5,365,318,683
2019-07-24T23:00:00+09:00,J1,283,275,558
2019-07-24T23:00:00+09:00,J2,164,155,319
2019-07-24T23:00:00+09:00,J3,406,298,704
2019-07-24T23:00:00+09:00,J4,349,332,681
2019-07-24T23:00:00+09:00,J5,371,322,693
2019-07-24T23:15:00+09:00,J1,300,351,651
2019-07-24T23:15:00+09:00,J2,155,170,325
2019-07-24T23:15:00+09:00,J3,405,288,693
2019-07-24T23:15:00+09:00,J4,337,357,694
2019-07-24T23:15:00+09:00,J5,361,333,694
2019-07-24T23:30:00+09:00,J1,296,313,609
2019-07-24T23:30:00+09:00,J2,177,207,384
2019-07-24T23:30:00+09:00,J3,359,342,701
2019-07-24T23:30:00+09:00,J4,350,341,691
2019-07-24T23:30:00+09:00,J5,349,336,685
2019-07-24T23:45:00+09:00,J1,316,286,602
2019-07-24T23:45:00+09:00,J2,199,196,395
2019-07-24T23:45:00+09:00,J3,343,241,584
2019-07-24T23:45:00+09:00,J4,348,291,639
2019-07-24T23:45:00+09:00,J5,348,364,712
2019-07-25T00:00:00+09:00,J1,283,252,535
2019-07-25T00:00:00+09:00,J2,114,147,261
2019-07-25T00:00:00+09:00,J3,358,272,630
2019-07-25T00:00:00+09:00,J4,282,233,515
2019-07-25T00:00:00+09:00,J5,338,382,720
2019-07-25T00:15:00+09:00,J1,240,182,422
2019-07-25T00:15:00+09:00,J2,88,111,199
2019-07-25T00:15:00+09:00,J3,253,155,408
2019-07-25T00:15:00+09:00,J4,225,212,437
2019-07-25T00:15:00+09:00,J5,281,272,553
2019-07-25T00:30:00+09:00,J1,235,201,436
2019-07-25T00:30:00+09:00,J2,95,125,220
2019-07-25T00:30:00+09:00,J3,203,154,357
2019-07-25T00:30:00+09:00,J4,176,163,339
2019-07-25T00:30:00+09:00,J5,194,233,427
2019-07-25T00:45:00+09:00,J1,223,223,446
2019-07-25T00:45:00+09:00,J2,132,115,247
2019-07-25T00:45:00+09:00,J3,188,203,391
2019-07-25T00:45:00+09:00,J4,178,164,342
2019-07-25T00:45:00+09:00,J5,169,151,320
2019-07-25T05:45:00+09:00,J1,261,195,456
2019-07-25T05:45:00+09:00,J2,178,150,328
2019-07-25T05:45:00+09:00,J3,249,269,518
2019-07-25T05:45:00+09:00,J4,261,294,555
2019-07-25T05:45:00+09:00,J5,142,144,286
2019-07-25T06:00:00+09:00,J1,256,207,463
2019-07-25T06:00:00+09:00,J2,195,191,386
2019-07-25T06:00:00+09:00,J3,254,216,470
2019-07-25T06:00:00+09:00,J4,202,227,429
2019-07-25T06:00:00+09:00,J5,167,189,356
2019-07-25T06:15:00+09:00,J1,245,244,489
2019-07-25T06:15:00+09:00,J2,193,160,353
2019-07-25T06:15:00+09:00,J3,177,202,379
2019-07-25T06:15:00+09:00,J4,226,277,503
2019-07-25T06:15:00+09:00,J5,185,219,404
2019-07-25T06:30:00+09:00,J1,275,192,467
2019-07-25T06:30:00+09:00,J2,170,136,306
2019-07-25T06:30:00+09:00,J3,186,167,353
2019-07-25T06:30:00+09:00,J4,233,279,512
2019-07-25T06:30:00+09:00,J5,161,187,348
2019-07-25T06:45:00+09:00,J1,344,291,635
2019-07-25T06:45:00+09:00,J2,159,137,296
2019-07-25T06:45:00+09:00,J3,181,151,332
2019-07-25T06:45:00+09:00,J4,202,276,478
2019-07-25T06:45:00+09:00,J5,177,219,396
2019-07-25T07:00:00+09:00,J1,333,270,603
2019-07-25T07:00:00+09:00,J2,184,139,323
2019-07-25T07:00:00+09:00,J3,203,204,407
2019-07-25T07:00:00+09:00,J4,265,341,606
2019-07-25T07:00:00+09:00,J5,213,227,440
2019-07-25T07:15:00+09:00,J1,434,274,708
2019-07-25T07:15:00+09:00,J2,193,141,334
2019-07-25T07:15:00+09:00,J3,228,251,479
2019-07-25T07:15:00+09:00,J4,299,393,692
2019-07-25T07:15:00+09:00,J5,246,242,488
2019-07-25T07:30:00+09:00,J1,496,358,854
2019-07-25T07:30:00+09:00,J2,197,194,391
2019-07-25T07:30:00+09:00,J3,436,377,813
2019-07-25T07:30:00+09:00,J4,339,541,880
2019-07-25T07:30:00+09:00,J5,350,368,718
2019-07-25T07:45:00+09:00,J1,627,449,1076
2019-07-25T07:45:00+09:00,J2,270,184,454
2019-07-25T07:45:00+09:00,J3,581,506,1087
2019-07-25T07:45:00+09:00,J4,536,752,1288
2019-07-25T07:45:00+09:00,J5,344,247,591
2019-07-25T08:00:00+09:00,J1,910,592,1502
2019-07-25T08:00:00+09:00,J2,351,288,639
2019-07-25T08:00:00+09:00,J3,694,768,1462
2019-07-25T08:00:00+09:00,J4,700,1103,1803
2019-07-25T08:00:00+09:00,J5,258,209,467
2019-07-25T08:15:00+09:00,J1,1099,678,1777
2019-07-25T08:15:00+09:00,J2,497,285,782
2019-07-25T08:15:00+09:00,J3,756,901,1657
2019-07-25T08:15:00+09:00,J4,698,1022,1720
2019-07-25T08:15:00+09:00,J5,293,264,557
2019-07-25T08:30:00+09:00,J1,1200,717,1917
2019-07-25T08:30:00+09:00,J2,586,288,874
2019-07-25T08:30:00+09:00,J3,827,1085,1912
2019-07-25T08:30:00+09:00,J4,711,1032,1743
2019-07-25T08:30:00+09:00,J5,267,353,620
2019-07-25T08:45:00+09:00,J1,874,632,1506
2019-07-25T08:45:00+09:00,J2,419,257,676
2019-07-25T08:45:00+09:00,J3,809,883,1692
2019-07-25T08:45:00+09:00,J4,626,868,1494
2019-07-25T08:45:00+09:00,J5,235,274,509
2019-07-25T09:00:00+09:00,J1,723,608,1331
2019-07-25T09:00:00+09:00,J2,406,297,703
2019-07-25T09:00:00+09:00,J3,806,766,1572
2019-07-25T09:00:00+09:00,J4,579,713,1292
2019-07-25T09:00:00+09:00,J5,244,235,479
2019-07-25T09:15:00+09:00,J1,685,493,1178
2019-07-25T09:15:00+09:00,J2,429,272,701
2019-07-25T09:15:00+09:00,J3,622,570,1192
2019-07-25T09:15:00+09:00,J4,550,642,1192
2019-07-25T09:15:00+09:00,J5,252,233,485
2019-07-25T09:30:00+09:00,J1,747,578,1325
2019-07-25T09:30:00+09:00,J2,377,289,666
2019-07-25T09:30:00+09:00,J3,642,575,1217
2019-07-25T09:30:00+09:00,J4,539,640,1179
2019-07-25T09:30:00+09:00,J5,276,231,507
2019-07-25T09:45:00+09:00,J1,584,496,1080
2019-07-25T09:45:00+09:00,J2,425,294,719
2019-07-25T09:45:00+09:00,J3,485,504,989
2019-07-25T09:45:00+09:00,J4,487,526,1013
2019-07-25T09:45:00+09:00,J5,235,210,445
2019-07-25T10:00:00+09:00,J1,526,467,993
2019-07-25T10:00:00+09:00,J2,344,227,571
2019-07-25T10:00:00+09:00,J3,496,459,955
2019-07-25T10:00:00+09:00,J4,459,425,884
2019-07-25T10:00:00+09:00,J5,236,209,445
2019-07-25T10:15:00+09:00,J1,528,572,1100
2019-07-25T10:15:00+09:00,J2,327,271,598
2019-07-25T10:15:00+09:00,J3,508,542,1050
2019-07-25T10:15:00+09:00,J4,466,490,956
2019-07-25T10:15:00+09:00,J5,277,231,508
2019-07-25T10:30:00+09:00,J1,547,553,1100
2019-07-25T10:30:00+09:00,J2,332,294,626
2019-07-25T10:30:00+09:00,J3,482,592,1074
2019-07-25T10:30:00+09:00,J4,367,497,864
2019-07-25T10:30:00+09:00,J5,299,289,588
2019-07-25T10:45:00+09:00,J1,535,565,1100
2019-07-25T10:45:00+09:00,J2,352,327,679
2019-07-25T10:45:00+09:00,J3,474,501,975
2019-07-25T10:45:00+09:00,J4,451,506,957
2019-07-25T10:45:00+09:00,J5,260,248,508
2019-07-25T11:00:00+09:00,J1,552,556,1108
2019-07-25T11:00:00+09:00,J2,390,382,772
2019-07-25T11:00:00+09:00,J3,452,585,1037
2019-07-25T11:00:00+09:00,J4,352,468,820
2019-07-25T11:00:00+09:00,J5,249,248,497
2019-07-25T11:15:00+09:00,J1,612,614,1226
2019-07-25T11:15:00+09:00,J2,350,321,671
2019-07-25T11:15:00+09:00,J3,679,655,1334
2019-07-25T11:15:00+09:00,J4,394,421,815
2019-07-25T11:15:00+09:00,J5,243,255,498
2019-07-25T11:30:00+09:00,J1,658,652,1310
2019-07-25T11:30:00+09:00,J2,378,238,616
2019-07-25T11:30:00+09:00,J3,716,742,1458
2019-07-25T11:30:00+09:00,J4,400,423,823
2019-07-25T11:30:00+09:00,J5,210,254,464
2019-07-25T11:45:00+09:00,J1,572,605,1177
2019-07-25T11:45:00+09:00,J2,362,268,630
2019-07-25T11:45:00+09:00,J3,667,638,1305
2019-07-25T11:45:00+09:00,J4,534,608,1142
2019-07-25T11:45:00+09:00,J5,230,247,477
2019-07-25T12:00:00+09:00,J1,599,560,1159
2019-07-25T12:00:00+09:00,J2,435,235,670
2019-07-25T12:00:00+09:00,J3,790,611,1401
2019-07-25T12:00:00+09:00,J4,780,783,1563
2019-07-25T12:00:00+09:00,J5,328,289,617
2019-07-25T12:15:00+09:00,J1,554,612,1166
2019-07-25T12:15:00+09:00,J2,440,266,706
2019-07-25T12:15:00+09:00,J3,646,663,1309
2019-07-25T12:15:00+09:00,J4,695,697,1392
2019-07-25T12:15:00+09:00,J5,280,262,542
2019-07-25T12:30:00+09:00,J1,524,563,1087
2019-07-25T12:30:00+09:00,J2,455,256,711
2019-07-25T12:30:00+09:00,J3,686,668,1354
2019-07-25T12:30:00+09:00,J4,591,673,1264
2019-07-25T12:30:00+09:00,J5,437,399,836
2019-07-25T12:45:00+09:00,J1,515,469,984
2019-07-25T12:45:00+09:00,J2,326,289,615
2019-07-25T12:45:00+09:00,J3,732,660,1392
2019-07-25T12:45:00+09:00,J4,621,607,1228
2019-07-25T12:45:00+09:00,J5,420,332,752
2019-07-25T13:00:00+09:00,J1,467,496,963
2019-07-25T13:00:00+09:00,J2,379,277,656
2019-07-25T13:00:00+09:00,J3,695,666,1361
2019-07-25T13:00:00+09:00,J4,661,585,1246
2019-07-25T13:00:00+09:00,J5,365,344,709
2019-07-25T13:15:00+09:00,J1,490,495,985
2019-07-25T13:15:00+09:00,J2,357,320,677
2019-07-25T13:15:00+09:00,J3,666,605,1271
2019-07-25T13:15:00+09:00,J4,582,604,1186
2019-07-25T13:15:00+09:00,J5,315,296,611
2019-07-25T13:30:00+09:00,J1,514,514,1028
2019-07-25T13:30:00+09:00,J2,402,260,662
2019-07-25T13:30:00+09:00,J3,545,609,1154
2019-07-25T13:30:00+09:00,J4,509,507,1016
2019-07-25T13:30:00+09:00,J5,284,234,518
2019-07-25T13:45:00+09:00,J1,468,517,985
2019-07-25T13:45:00+09:00,J2,438,260,698
2019-07-25T13:45:00+09:00,J3,625,597,1222
2019-07-25T13:45:00+09:00,J4,526,540,1066
2019-07-25T13:45:00+09:00,J5,237,261,498
2019-07-25T14:00:00+09:00,J1,567,539,1106
2019-07-25T14:00:00+09:00,J2,502,317,819
2019-07-25T14:00:00+09:00,J3,686,625,1311
2019-07-25T14:00:00+09:00,J4,535,505,1040
2019-07-25T14:00:00+09:00,J5,237,218,455
2019-07-25T14:15:00+09:00,J1,570,609,1179
2019-07-25T14:15:00+09:00,J2,456,343,799
2019-07-25T14:15:00+09:00,J3,608,636,1244
2019-07-25T14:15:00+09:00,J4,594,508,1102
2019-07-25T14:15:00+09:00,J5,245,203,448
2019-07-25T14:30:00+09:00,J1,578,620,1198
2019-07-25T14:30:00+09:00,J2,495,297,792
2019-07-25T14:30:00+09:00,J3,637,544,1181
2019-07-25T14:30:00+09:00,J4,584,571,1155
2019-07-25T14:30:00+09:00,J5,251,228,479
2019-07-25T14:45:00+09:00,J1,550,530,1080
2019-07-25T14:45:00+09:00,J2,443,294,737
2019-07-25T14:45:00+09:00,J3,609,594,1203
2019-07-25T14:45:00+09:00,J4,600,618,1218
2019-07-25T14:45:00+09:00,J5,243,229,472
2019-07-25T15:00:00+09:00,J1,536,570,1106
2019-07-25T15:00:00+09:00,J2,391,288,679
2019-07-25T15:00:00+09:00,J3,598,616,1214
2019-07-25T15:00:00+09:00,J4,534,565,1099
2019-07-25T15:00:00+09:00,J5,239,233,472
2019-07-25T15:15:00+09:00,J1,472,510,982
2019-07-25T15:15:00+09:00,J2,297,263,560
2019-07-25T15:15:00+09:00,J3,657,671,1328
2019-07-25T15:15:00+09:00,J4,531,562,1093
2019-07-25T15:15:00+09:00,J5,213,203,416
2019-07-25T15:30:00+09:00,J1,507,525,1032
2019-07-25T15:30:00+09:00,J2,331,291,622
2019-07-25T15:30:00+09:00,J3,703,651,1354
2019-07-25T15:30:00+09:00,J4,534,553,1087
2019-07-25T15:30:00+09:00,J5,236,259,495
2019-07-25T15:45:00+09:00,J1,489,496,985
2019-07-25T15:45:00+09:00,J2,266,255,521
2019-07-25T15:45:00+09:00,J3,621,562,1183
2019-07-25T15:45:00+09:00,J4,566,543,1109
2019-07-25T15:45:00+09:00,J5,202,214,416
2019-07-25T16:00:00+09:00,J1,467,509,976
2019-07-25T16:00:00+09:00,J2,309,332,641
2019-07-25T16:00:00+09:00,J3,603,570,1173
2019-07-25T16:00:00+09:00,J4,545,520,1065
2019-07-25T16:00:00+09:00,J5,223,268,491
2019-07-25T16:15:00+09:00,J1,526,489,1015
2019-07-25T16:15:00+09:00,J2,385,310,695
2019-07-25T16:15:00+09:00,J3,675,680,1355
2019-07-25T16:15:00+09:00,J4,495,577,1072
2019-07-25T16:15:00+09:00,J5,191,242,433
2019-07-25T16:30:00+09:00,J1,534,558,1092
2019-07-25T16:30:00+09:00,J2,449,340,789
2019-07-25T16:30:00+09:00,J3,692,643,1335
2019-07-25T16:30:00+09:00,J4,554,565,1119
2019-07-25T16:30:00+09:00,J5,211,260,471
2019-07-25T16:45:00+09:00,J1,596,595,1191
2019-07-25T16:45:00+09:00,J2,382,310,692
2019-07-25T16:45:00+09:00,J3,646,733,1379
2019-07-25T16:45:00+09:00,J4,577,532,1109
2019-07-25T16:45:00+09:00,J5,243,266,509
2019-07-25T17:00:00+09:00,J1,591,630,1221
2019-07-25T17:00:00+09:00,J2,370,305,675
2019-07-25T17:00:00+09:00,J3,812,825,1637
2019-07-25T17:00:00+09:00,J4,774,683,1457
2019-07-25T17:00:00+09:00,J5,247,249,496
2019-07-25T17:15:00+09:00,J1,686,663,1349
2019-07-25T17:15:00+09:00,J2,435,376,811
2019-07-25T17:15:00+09:00,J3,935,803,1738
2019-07-25T17:15:00+09:00,J4,781,690,1471
2019-07-25T17:15:00+09:00,J5,268,353,621
2019-07-25T17:30:00+09:00,J1,661,725,1386
2019-07-25T17:30:00+09:00,J2,490,375,865
2019-07-25T17:30:00+09:00,J3,929,817,1746
2019-07-25T17:30:00+09:00,J4,791,738,1529
2019-07-25T17:30:00+09:00,J5,241,351,592
2019-07-25T17:45:00+09:00,J1,608,918,1526
2019-07-25T17:45:00+09:00,J2,375,359,734
2019-07-25T17:45:00+09:00,J3,793,832,1625
2019-07-25T17:45:00+09:00,J4,682,706,1388
2019-07-25T17:45:00+09:00,J5,225,348,573
2019-07-25T18:00:00+09:00,J1,697,849,1546
2019-07-25T18:00:00+09:00,J2,463,314,777
2019-07-25T18:00:00+09:00,J3,910,777,1687
2019-07-25T18:00:00+09:00,J4,692,673,1365
2019-07-25T18:00:00+09:00,J5,263,368,631
2019-07-25T18:15:00+09:00,J1,669,857,1526
2019-07-25T18:15:00+09:00,J2,413,347,760
2019-07-25T18:15:00+09:00,J3,931,720,1651
2019-07-25T18:15:00+09:00,J4,657,582,1239
2019-07-25T18:15:00+09:00,J5,234,316,550
2019-07-25T18:30:00+09:00,J1,542,727,1269
2019-07-25T18:30:00+09:00,J2,400,314,714
2019-07-25T18:30:00+09:00,J3,887,658,1545
2019-07-25T18:30:00+09:00,J4,698,511,1209
2019-07-25T18:30:00+09:00,J5,224,300,524
2019-07-25T18:45:00+09:00,J1,577,627,1204
2019-07-25T18:45:00+09:00,J2,342,313,655
2019-07-25T18:45:00+09:00,J3,784,648,1432
2019-07-25T18:45:00+09:00,J4,622,496,1118
2019-07-25T18:45:00+09:00,J5,198,275,473
2019-07-25T19:00:00+09:00,J1,459,587,1046
2019-07-25T19:00:00+09:00,J2,391,270,661
2019-07-25T19:00:00+09:00,J3,724,608,1332
2019-07-25T19:00:00+09:00,J4,591,523,1114
2019-07-25T19:00:00+09:00,J5,224,316,540
2019-07-25T19:15:00+09:00,J1,487,621,1108
2019-07-25T19:15:00+09:00,J2,421,269,690
2019-07-25T19:15:00+09:00,J3,722,587,1309
2019-07-25T19:15:00+09:00,J4,631,529,1160
2019-07-25T19:15:00+09:00,J5,180,323,503
2019-07-25T19:30:00+09:00,J1,385,582,967
2019-07-25T19:30:00+09:00,J2,349,249,598
2019-07-25T19:30:00+09:00,J3,613,507,1120
2019-07-25T19:30:00+09:00,J4,617,513,1130
2019-07-25T19:30:00+09:00,J5,172,276,448
2019-07-25T19:45:00+09:00,J1,405,543,948
2019-07-25T19:45:00+09:00,J2,321,287,608
2019-07-25T19:45:00+09:00,J3,595,464,1059
2019-07-25T19:45:00+09:00,J4,542,467,1009
2019-07-25T19:45:00+09:00,J5,234,284,518
2019-07-25T20:00:00+09:00,J1,406,546,952
2019-07-25T20:00:00+09:00,J2,333,236,569
2019-07-25T20:00:00+09:00,J3,654,569,1223
2019-07-25T20:00:00+09:00,J4,604,492,1096
2019-07-25T20:00:00+09:00,J5,198,267,465
2019-07-25T20:15:00+09:00,J1,380,537,917
2019-07-25T20:15:00+09:00,J2,325,240,565
2019-07-25T20:15:00+09:00,J3,601,545,1146
2019-07-25T20:15:00+09:00,J4,587,502,1089
2019-07-25T20:15:00+09:00,J5,202,254,456
2019-07-25T20:30:00+09:00,J1,378,540,918
2019-07-25T20:30:00+09:00,J2,332,236,568
2019-07-25T20:30:00+09:00,J3,650,540,1190
2019-07-25T20:30:00+09:00,J4,605,530,1135
2019-07-25T20:30:00+09:00,J5,216,226,442
2019-07-25T20:45:00+09:00,J1,345,515,860
2019-07-25T20:45:00+09:00,J2,290,227,517
2019-07-25T20:45:00+09:00,J3,654,542,1196
2019-07-25T20:45:00+09:00,J4,561,466,1027
2019-07-25T20:45:00+09:00,J5,230,241,471
2019-07-25T21:00:00+09:00,J1,375,455,830
2019-07-25T21:00:00+09:00,J2,345,199,544
2019-07-25T21:00:00+09:00,J3,626,582,1208
2019-07-25T21:00:00+09:00,J4,581,540,1121
2019-07-25T21:00:00+09:00,J5,216,256,472
2019-07-25T21:15:00+09:00,J1,425,465,890
2019-07-25T21:15:00+09:00,J2,303,214,517
2019-07-25T21:15:00+09:00,J3,612,528,1140
2019-07-25T21:15:00+09:00,J4,586,445,1031
2019-07-25T21:15:00+09:00,J5,316,298,614
2019-07-25T21:30:00+09:00,J1,394,417,811
2019-07-25T21:30:00+09:00,J2,282,239,521
2019-07-25T21:30:00+09:00,J3,602,502,1104
2019-07-25T21:30:00+09:00,J4,679,600,1279
2019-07-25T21:30:00+09:00,J5,274,274,548
2019-07-25T21:45:00+09:00,J1,401,367,768
2019-07-25T21:45:00+09:00,J2,282,213,495
2019-07-25T21:45:00+09:00,J3,544,505,1049
2019-07-25T21:45:00+09:00,J4,593,502,1095
2019-07-25T21:45:00+09:00,J5,257,238,495
2019-07-25T22:00:00+09:00,J1,338,366,704
2019-07-25T22:00:00+09:00,J2,228,236,464
2019-07-25T22:00:00+09:00,J3,475,386,861
2019-07-25T22:00:00+09:00,J4,596,603,1199
2019-07-25T22:00:00+09:00,J5,287,257,544
2019-07-25T22:15:00+09:00,J1,351,359,710
2019-07-25T22:15:00+09:00,J2,175,166,341
2019-07-25T22:15:00+09:00,J3,455,387,842
2019-07-25T22:15:00+09:00,J4,604,544,1148
2019-07-25T22:15:00+09:00,J5,262,277,539
2019-07-25T22:30:00+09:00,J1,330,364,694
2019-07-25T22:30:00+09:00,J2,195,176,371
2019-07-25T22:30:00+09:00,J3,443,360,803
2019-07-25T22:30:00+09:00,J4,547,518,1065
2019-07-25T22:30:00+09:00,J5,248,201,449
2019-07-25T22:45:00+09:00,J1,302,314,616
2019-07-25T22:45:00+09:00,J2,185,204,389
2019-07-25T22:45:00+09:00,J3,475,353,828
2019-07-25T22:45:00+09:00,J4,634,582,1216
2019-07-25T22:45:00+09:00,J5,203,196,399
2019-07-25T23:00:00+09:00,J1,329,332,661
2019-07-25T23:00:00+09:00,J2,143,188,331
2019-07-25T23:00:00+09:00,J3,434,357,791
2019-07-25T23:00:00+09:00,J4,630,558,1188
2019-07-25T23:00:00+09:00,J5,149,127,276
2019-07-25T23:15:00+09:00,J1,271,311,582
2019-07-25T23:15:00+09:00,J2,152,203,355
2019-07-25T23:15:00+09:00,J3,442,366,808
2019-07-25T23:15:00+09:00,J4,590,662,1252
2019-07-25T23:15:00+09:00,J5,136,85,221
2019-07-25T23:30:00+09:00,J1,307,332,639
2019-07-25T23:30:00+09:00,J2,177,211,388
2019-07-25T23:30:00+09:00,J3,428,374,802
2019-07-25T23:30:00+09:00,J4,669,674,1343
2019-07-25T23:30:00+09:00,J5,130,146,276
2019-07-25T23:45:00+09:00,J1,279,291,570
2019-07-25T23:45:00+09:00,J2,153,187,340
2019-07-25T23:45:00+09:00,J3,405,327,732
2019-07-25T23:45:00+09:00,J4,624,602,1226
2019-07-25T23:45:00+09:00,J5,132,108,240
2019-07-26T00:00:00+09:00,J1,301,257,558
2019-07-26T00:00:00+09:00,J2,153,183,336
2019-07-26T00:00:00+09:00,J3,398,293,691
2019-07-26T00:00:00+09:00,J4,672,697,1369
2019-07-26T00:00:00+09:00,J5,162,111,273
2019-07-26T00:15:00+09:00,J1,295,266,561
2019-07-26T00:15:00+09:00,J2,141,160,301
2019-07-26T00:15:00+09:00,J3,326,222,548
2019-07-26T00:15:00+09:00,J4,600,660,1260
2019-07-26T00:15:00+09:00,J5,212,153,365
2019-07-26T00:30:00+09:00,J1,283,249,532
2019-07-26T00:30:00+09:00,J2,122,128,250
2019-07-26T00:30:00+09:00,J3,269,200,469
2019-07-26T00:30:00+09:00,J4,420,464,884
2019-07-26T00:30:00+09:00,J5,238,215,453
2019-07-26T00:45:00+09:00,J1,300,261,561
2019-07-26T00:45:00+09:00,J2,94,124,218
2019-07-26T00:45:00+09:00,J3,367,274,641
2019-07-26T00:45:00+09:00,J4,383,495,878
2019-07-26T00:45:00+09:00,J5,267,232,499
2019-07-26T05:45:00+09:00,J1,290,210,500
2019-07-26T05:45:00+09:00,J2,344,289,633
2019-07-26T05:45:00+09:00,J3,187,175,362
2019-07-26T05:45:00+09:00,J4,277,238,515
2019-07-26T05:45:00+09:00,J5,171,193,364
2019-07-26T06:00:00+09:00,J1,362,268,630
2019-07-26T06:00:00+09:00,J2,284,271,555
2019-07-26T06:00:00+09:00,J3,181,174,355
2019-07-26T06:00:00+09:00,J4,345,338,683
2019-07-26T06:00:00+09:00,J5,218,238,456
2019-07-26T06:15:00+09:00,J1,364,319,683
2019-07-26T06:15:00+09:00,J2,215,207,422
2019-07-26T06:15:00+09:00,J3,247,210,457
2019-07-26T06:15:00+09:00,J4,326,390,716
2019-07-26T06:15:00+09:00,J5,316,327,643
2019-07-26T06:30:00+09:00,J1,347,323,670
2019-07-26T06:30:00+09:00,J2,231,215,446
2019-07-26T06:30:00+09:00,J3,219,190,409
2019-07-26T06:30:00+09:00,J4,420,363,783
2019-07-26T06:30:00+09:00,J5,303,342,645
2019-07-26T06:45:00+09:00,J1,420,358,778
2019-07-26T06:45:00+09:00,J2,208,174,382
2019-07-26T06:45:00+09:00,J3,274,259,533
2019-07-26T06:45:00+09:00,J4,378,369,747
2019-07-26T06:45:00+09:00,J5,283,340,623
2019-07-26T07:00:00+09:00,J1,411,350,761
2019-07-26T07:00:00+09:00,J2,353,254,607
2019-07-26T07:00:00+09:00,J3,327,235,562
2019-07-26T07:00:00+09:00,J4,343,390,733
2019-07-26T07:00:00+09:00,J5,324,365,689
2019-07-26T07:15:00+09:00,J1,435,331,766
2019-07-26T07:15:00+09:00,J2,346,211,557
2019-07-26T07:15:00+09:00,J3,357,301,658
2019-07-26T07:15:00+09:00,J4,403,544,947
2019-07-26T07:15:00+09:00,J5,330,380,710
2019-07-26T07:30:00+09:00,J1,553,431,984
2019-07-26T07:30:00+09:00,J2,294,196,490
2019-07-26T07:30:00+09:00,J3,587,390,977
2019-07-26T07:30:00+09:00,J4,554,722,1276
2019-07-26T07:30:00+09:00,J5,353,294,647
2019-07-26T07:45:00+09:00,J1,667,518,1185
2019-07-26T07:45:00+09:00,J2,360,277,637
2019-07-26T07:45:00+09:00,J3,626,516,1142
2019-07-26T07:45:00+09:00,J4,673,827,1500
2019-07-26T07:45:00+09:00,J5,249,205,454
2019-07-26T08:00:00+09:00,J1,870,603,1473
2019-07-26T08:00:00+09:00,J2,573,320,893
2019-07-26T08:00:00+09:00,J3,759,693,1452
2019-07-26T08:00:00+09:00,J4,745,914,1659
2019-07-26T08:00:00+09:00,J5,328,295,623
2019-07-26T08:15:00+09:00,J1,1037,697,1734
2019-07-26T08:15:00+09:00,J2,755,363,1118
2019-07-26T08:15:00+09:00,J3,811,807,1618
2019-07-26T08:15:00+09:00,J4,681,972,1653
2019-07-26T08:15:00+09:00,J5,245,332,577
2019-07-26T08:30:00+09:00,J1,974,630,1604
2019-07-26T08:30:00+09:00,J2,791,459,1250
2019-07-26T08:30:00+09:00,J3,796,983,1779
2019-07-26T08:30:00+09:00,J4,660,922,1582
2019-07-26T08:30:00+09:00,J5,294,342,636
2019-07-26T08:45:00+09:00,J1,787,553,1340
2019-07-26T08:45:00+09:00,J2,710,423,1133
2019-07-26T08:45:00+09:00,J3,692,879,1571
2019-07-26T08:45:00+09:00,J4,627,876,1503
2019-07-26T08:45:00+09:00,J5,300,306,606
2019-07-26T09:00:00+09:00,J1,711,515,1226
2019-07-26T09:00:00+09:00,J2,623,466,1089
2019-07-26T09:00:00+09:00,J3,691,748,1439
2019-07-26T09:00:00+09:00,J4,720,741,1461
2019-07-26T09:00:00+09:00,J5,192,261,453
2019-07-26T09:15:00+09:00,J1,656,491,1147
2019-07-26T09:15:00+09:00,J2,615,475,1090
2019-07-26T09:15:00+09:00,J3,484,652,1136
2019-07-26T09:15:00+09:00,J4,625,814,1439
2019-07-26T09:15:00+09:00,J5,194,258,452
2019-07-26T09:30:00+09:00,J1,678,511,1189
2019-07-26T09:30:00+09:00,J2,593,437,1030
2019-07-26T09:30:00+09:00,J3,568,646,1214
2019-07-26T09:30:00+09:00,J4,664,784,1448
2019-07-26T09:30:00+09:00,J5,222,275,497
2019-07-26T09:45:00+09:00,J1,508,485,993
2019-07-26T09:45:00+09:00,J2,477,469,946
2019-07-26T09:45:00+09:00,J3,496,593,1089
2019-07-26T09:45:00+09:00,J4,697,707,1404
2019-07-26T09:45:00+09:00,J5,211,232,443
2019-07-26T10:00:00+09:00,J1,432,434,866
2019-07-26T10:00:00+09:00,J2,504,455,959
2019-07-26T10:00:00+09:00,J3,488,497,985
2019-07-26T10:00:00+09:00,J4,644,667,1311
2019-07-26T10:00:00+09:00,J5,282,233,515
2019-07-26T10:15:00+09:00,J1,595,516,1111
2019-07-26T10:15:00+09:00,J2,470,429,899
2019-07-26T10:15:00+09:00,J3,509,514,1023
2019-07-26T10:15:00+09:00,J4,528,548,1076
2019-07-26T10:15:00+09:00,J5,265,253,518
2019-07-26T10:30:00+09:00,J1,513,486,999
2019-07-26T10:30:00+09:00,J2,453,401,854
2019-07-26T10:30:00+09:00,J3,575,597,1172
2019-07-26T10:30:00+09:00,J4,524,531,1055
2019-07-26T10:30:00+09:00,J5,250,235,485
2019-07-26T10:45:00+09:00,J1,446,443,889
2019-07-26T10:45:00+09:00,J2,422,463,885
2019-07-26T10:45:00+09:00,J3,512,546,1058
2019-07-26T10:45:00+09:00,J4,635,583,1218
2019-07-26T10:45:00+09:00,J5,318,259,577
2019-07-26T11:00:00+09:00,J1,445,462,907
2019-07-26T11:00:00+09:00,J2,399,380,779
2019-07-26T11:00:00+09:00,J3,536,525,1061
2019-07-26T11:00:00+09:00,J4,476,409,885
2019-07-26T11:00:00+09:00,J5,299,231,530
2019-07-26T11:15:00+09:00,J1,478,439,917
2019-07-26T11:15:00+09:00,J2,419,412,831
2019-07-26T11:15:00+09:00,J3,672,687,1359
2019-07-26T11:15:00+09:00,J4,535,510,1045
2019-07-26T11:15:00+09:00,J5,282,257,539
2019-07-26T11:30:00+09:00,J1,472,433,905
2019-07-26T11:30:00+09:00,J2,444,450,894
2019-07-26T11:30:00+09:00,J3,736,751,1487
2019-07-26T11:30:00+09:00,J4,579,631,1210
2019-07-26T11:30:00+09:00,J5,251,227,478
2019-07-26T11:45:00+09:00,J1,521,482,1003
2019-07-26T11:45:00+09:00,J2,489,477,966
2019-07-26T11:45:00+09:00,J3,686,725,1411
2019-07-26T11:45:00+09:00,J4,663,625,1288
2019-07-26T11:45:00+09:00,J5,301,283,584
2019-07-26T12:00:00+09:00,J1,662,655,1317
2019-07-26T12:00:00+09:00,J2,482,511,993
2019-07-26T12:00:00+09:00,J3,698,675,1373
2019-07-26T12:00:00+09:00,J4,794,627,1421
2019-07-26T12:00:00+09:00,J5,219,272,491
2019-07-26T12:15:00+09:00,J1,663,699,1362
2019-07-26T12:15:00+09:00,J2,497,519,1016
2019-07-26T12:15:00+09:00,J3,689,636,1325
2019-07-26T12:15:00+09:00,J4,763,645,1408
2019-07-26T12:15:00+09:00,J5,229,281,510
2019-07-26T12:30:00+09:00,J1,667,708,1375
2019-07-26T12:30:00+09:00,J2,527,521,1048
2019-07-26T12:30:00+09:00,J3,747,633,1380
2019-07-26T12:30:00+09:00,J4,755,770,1525
2019-07-26T12:30:00+09:00,J5,236,271,507
2019-07-26T12:45:00+09:00,J1,645,705,1350
2019-07-26T12:45:00+09:00,J2,538,479,1017
2019-07-26T12:45:00+09:00,J3,771,621,1392
2019-07-26T12:45:00+09:00,J4,689,725,1414
2019-07-26T12:45:00+09:00,J5,242,268,510
2019-07-26T13:00:00+09:00,J1,606,682,1288
2019-07-26T13:00:00+09:00,J2,551,502,1053
2019-07-26T13:00:00+09:00,J3,680,616,1296
2019-07-26T13:00:00+09:00,J4,730,708,1438
2019-07-26T13:00:00+09:00,J5,172,254,426
2019-07-26T13:15:00+09:00,J1,576,654,1230
2019-07-26T13:15:00+09:00,J2,535,496,1031
2019-07-26T13:15:00+09:00,J3,738,578,1316
2019-07-26T13:15:00+09:00,J4,669,585,1254
2019-07-26T13:15:00+09:00,J5,201,266,467
2019-07-26T13:30:00+09:00,J1,586,610,1196
2019-07-26T13:30:00+09:00,J2,455,508,963
2019-07-26T13:30:00+09:00,J3,697,579,1276
2019-07-26T13:30:00+09:00,J4,663,651,1314
2019-07-26T13:30:00+09:00,J5,212,299,511
2019-07-26T13:45:00+09:00,J1,597,595,1192
2019-07-26T13:45:00+09:00,J2,421,452,873
2019-07-26T13:45:00+09:00,J3,610,515,1125
2019-07-26T13:45:00+09:00,J4,689,627,1316
2019-07-26T13:45:00+09:00,J5,184,224,408
2019-07-26T14:00:00+09:00,J1,581,599,1180
2019-07-26T14:00:00+09:00,J2,477,440,917
2019-07-26T14:00:00+09:00,J3,572,563,1135
2019-07-26T14:00:00+09:00,J4,745,643,1388
2019-07-26T14:00:00+09:00,J5,197,268,465
2019-07-26T14:15:00+09:00,J1,577,585,1162
2019-07-26T14:15:00+09:00,J2,459,455,914
2019-07-26T14:15:00+09:00,J3,553,566,1119
2019-07-26T14:15:00+09:00,J4,737,674,1411
2019-07-26T14:15:00+09:00,J5,221,270,491
2019-07-26T14:30:00+09:00,J1,607,589,1196
2019-07-26T14:30:00+09:00,J2,486,440,926
2019-07-26T14:30:00+09:00,J3,590,588,1178
2019-07-26T14:30:00+09:00,J4,732,673,1405
2019-07-26T14:30:00+09:00,J5,245,310,555
2019-07-26T14:45:00+09:00,J1,572,624,1196
2019-07-26T14:45:00+09:00,J2,451,398,849
2019-07-26T14:45:00+09:00,J3,615,569,1184
2019-07-26T14:45:00+09:00,J4,697,648,1345
2019-07-26T14:45:00+09:00,J5,232,289,521
2019-07-26T15:00:00+09:00,J1,567,567,1134
2019-07-26T15:00:00+09:00,J2,381,438,819
2019-07-26T15:00:00+09:00,J3,554,596,1150
2019-07-26T15:00:00+09:00,J4,559,492,1051
2019-07-26T15:00:00+09:00,J5,211,240,451
2019-07-26T15:15:00+09:00,J1,499,555,1054
2019-07-26T15:15:00+09:00,J2,530,466,996
2019-07-26T15:15:00+09:00,J3,626,636,1262
2019-07-26T15:15:00+09:00,J4,620,540,1160
2019-07-26T15:15:00+09:00,J5,265,247,512
2019-07-26T15:30:00+09:00,J1,572,611,1183
2019-07-26T15:30:00+09:00,J2,506,511,1017
2019-07-26T15:30:00+09:00,J3,633,607,1240
2019-07-26T15:30:00+09:00,J4,758,675,1433
2019-07-26T15:30:00+09:00,J5,159,251,410
2019-07-26T15:45:00+09:00,J1,583,642,1225
2019-07-26T15:45:00+09:00,J2,458,476,934
2019-07-26T15:45:00+09:00,J3,667,633,1300
2019-07-26T15:45:00+09:00,J4,749,569,1318
2019-07-26T15:45:00+09:00,J5,227,281,508
2019-07-26T16:00:00+09:00,J1,658,718,1376
2019-07-26T16:00:00+09:00,J2,549,495,1044
2019-07-26T16:00:00+09:00,J3,687,664,1351
2019-07-26T16:00:00+09:00,J4,769,666,1435
2019-07-26T16:00:00+09:00,J5,205,255,460
2019-07-26T16:15:00+09:00,J1,588,582,1170
2019-07-26T16:15:00+09:00,J2,533,470,1003
2019-07-26T16:15:00+09:00,J3,693,627,1320
2019-07-26T16:15:00+09:00,J4,846,668,1514
2019-07-26T16:15:00+09:00,J5,259,258,517
2019-07-26T16:30:00+09:00,J1,633,671,1304
2019-07-26T16:30:00+09:00,J2,568,465,1033
2019-07-26T16:30:00+09:00,J3,734,677,1411
2019-07-26T16:30:00+09:00,J4,781,664,1445
2019-07-26T16:30:00+09:00,J5,168,258,426
2019-07-26T16:45:00+09:00,J1,676,672,1348
2019-07-26T16:45:00+09:00,J2,577,507,1084
2019-07-26T16:45:00+09:00,J3,778,605,1383
2019-07-26T16:45:00+09:00,J4,829,654,1483
2019-07-26T16:45:00+09:00,J5,174,221,395
2019-07-26T17:00:00+09:00,J1,689,726,1415
2019-07-26T17:00:00+09:00,J2,684,599,1283
2019-07-26T17:00:00+09:00,J3,783,767,1550
2019-07-26T17:00:00+09:00,J4,911,780,1691
2019-07-26T17:00:00+09:00,J5,234,323,557
2019-07-26T17:15:00+09:00,J1,846,948,1794
2019-07-26T17:15:00+09:00,J2,669,700,1369
2019-07-26T17:15:00+09:00,J3,970,915,1885
2019-07-26T17:15:00+09:00,J4,1032,782,1814
2019-07-26T17:15:00+09:00,J5,299,364,663
2019-07-26T17:30:00+09:00,J1,1016,1008,2024
2019-07-26T17:30:00+09:00,J2,738,818,1556
2019-07-26T17:30:00+09:00,J3,1102,995,2097
2019-07-26T17:30:00+09:00,J4,961,761,1722
2019-07-26T17:30:00+09:00,J5,344,457,801
2019-07-26T17:45:00+09:00,J1,995,1163,2158
2019-07-26T17:45:00+09:00,J2,842,833,1675
2019-07-26T17:45:00+09:00,J3,1185,953,2138
2019-07-26T17:45:00+09:00,J4,976,660,1636
2019-07-26T17:45:00+09:00,J5,355,459,814
2019-07-26T18:00:00+09:00,J1,984,1220,2204
2019-07-26T18:00:00+09:00,J2,786,907,1693
2019-07-26T18:00:00+09:00,J3,1260,926,2186
2019-07-26T18:00:00+09:00,J4,982,563,1545
2019-07-26T18:00:00+09:00,J5,394,490,884
2019-07-26T18:15:00+09:00,J1,1028,1211,2239
2019-07-26T18:15:00+09:00,J2,1023,803,1826
2019-07-26T18:15:00+09:00,J3,1306,754,2060
2019-07-26T18:15:00+09:00,J4,1133,581,1714
2019-07-26T18:15:00+09:00,J5,320,569,889
2019-07-26T18:30:00+09:00,J1,890,1081,1971
2019-07-26T18:30:00+09:00,J2,1000,722,1722
2019-07-26T18:30:00+09:00,J3,1192,722,1914
2019-07-26T18:30:00+09:00,J4,1082,509,1591
2019-07-26T18:30:00+09:00,J5,304,420,724
2019-07-26T18:45:00+09:00,J1,964,936,1900
2019-07-26T18:45:00+09:00,J2,862,608,1470
2019-07-26T18:45:00+09:00,J3,1046,677,1723
2019-07-26T18:45:00+09:00,J4,936,515,1451
2019-07-26T18:45:00+09:00,J5,312,433,745
2019-07-26T19:00:00+09:00,J1,888,882,1770
2019-07-26T19:00:00+09:00,J2,662,560,1222
2019-07-26T19:00:00+09:00,J3,916,647,1563
2019-07-26T19:00:00+09:00,J4,866,428,1294
2019-07-26T19:00:00+09:00,J5,290,351,641
2019-07-26T19:15:00+09:00,J1,758,764,1522
2019-07-26T19:15:00+09:00,J2,641,489,1130
2019-07-26T19:15:00+09:00,J3,761,609,1370
2019-07-26T19:15:00+09:00,J4,774,429,1203
2019-07-26T19:15:00+09:00,J5,306,340,646
2019-07-26T19:30:00+09:00,J1,638,710,1348
2019-07-26T19:30:00+09:00,J2,557,471,1028
2019-07-26T19:30:00+09:00,J3,573,551,1124
2019-07-26T19:30:00+09:00,J4,592,448,1040
2019-07-26T19:30:00+09:00,J5,292,326,618
2019-07-26T19:45:00+09:00,J1,555,609,1164
2019-07-26T19:45:00+09:00,J2,446,550,996
2019-07-26T19:45:00+09:00,J3,629,594,1223
2019-07-26T19:45:00+09:00,J4,636,463,1099
2019-07-26T19:45:00+09:00,J5,262,286,548
2019-07-26T20:00:00+09:00,J1,576,694,1270
2019-07-26T20:00:00+09:00,J2,496,492,988
2019-07-26T20:00:00+09:00,J3,648,693,1341
2019-07-26T20:00:00+09:00,J4,606,462,1068
2019-07-26T20:00:00+09:00,J5,266,287,553
2019-07-26T20:15:00+09:00,J1,565,639,1204
2019-07-26T20:15:00+09:00,J2,468,428,896
2019-07-26T20:15:00+09:00,J3,708,642,1350
2019-07-26T20:15:00+09:00,J4,583,506,1089
2019-07-26T20:15:00+09:00,J5,263,294,557
2019-07-26T20:30:00+09:00,J1,459,563,1022
2019-07-26T20:30:00+09:00,J2,422,398,820
2019-07-26T20:30:00+09:00,J3,653,663,1316
2019-07-26T20:30:00+09:00,J4,616,489,1105
2019-07-26T20:30:00+09:00,J5,295,255,550
2019-07-26T20:45:00+09:00,J1,535,553,1088
2019-07-26T20:45:00+09:00,J2,427,446,873
2019-07-26T20:45:00+09:00,J3,604,633,1237
2019-07-26T20:45:00+09:00,J4,569,510,1079
2019-07-26T20:45:00+09:00,J5,233,261,494
2019-07-26T21:00:00+09:00,J1,437,588,1025
2019-07-26T21:00:00+09:00,J2,399,448,847
2019-07-26T21:00:00+09:00,J3,500,605,1105
2019-07-26T21:00:00+09:00,J4,695,639,1334
2019-07-26T21:00:00+09:00,J5,262,289,551
2019-07-26T21:15:00+09:00,J1,366,598,964
2019-07-26T21:15:00+09:00,J2,417,559,976
2019-07-26T21:15:00+09:00,J3,513,675,1188
2019-07-26T21:15:00+09:00,J4,639,596,1235
2019-07-26T21:15:00+09:00,J5,278,240,518
2019-07-26T21:30:00+09:00,J1,391,612,1003
2019-07-26T21:30:00+09:00,J2,417,504,921
2019-07-26T21:30:00+09:00,J3,566,619,1185
2019-07-26T21:30:00+09:00,J4,625,569,1194
2019-07-26T21:30:00+09:00,J5,254,292,546
2019-07-26T21:45:00+09:00,J1,400,623,1023
2019-07-26T21:45:00+09:00,J2,420,505,925
2019-07-26T21:45:00+09:00,J3,512,656,1168
2019-07-26T21:45:00+09:00,J4,646,596,1242
2019-07-26T21:45:00+09:00,J5,244,257,501
2019-07-26T22:00:00+09:00,J1,439,672,1111
2019-07-26T22:00:00+09:00,J2,474,516,990
2019-07-26T22:00:00+09:00,J3,571,643,1214
2019-07-26T22:00:00+09:00,J4,590,571,1161
2019-07-26T22:00:00+09:00,J5,226,280,506
2019-07-26T22:15:00+09:00,J1,338,549,887
2019-07-26T22:15:00+09:00,J2,388,528,916
2019-07-26T22:15:00+09:00,J3,503,669,1172
2019-07-26T22:15:00+09:00,J4,638,617,1255
2019-07-26T22:15:00+09:00,J5,291,278,569
2019-07-26T22:30:00+09:00,J1,321,514,835
2019-07-26T22:30:00+09:00,J2,363,433,796
2019-07-26T22:30:00+09:00,J3,556,572,1128
2019-07-26T22:30:00+09:00,J4,581,519,1100
2019-07-26T22:30:00+09:00,J5,201,222,423
2019-07-26T22:45:00+09:00,J1,397,448,845
2019-07-26T22:45:00+09:00,J2,358,371,729
2019-07-26T22:45:00+09:00,J3,498,489,987
2019-07-26T22:45:00+09:00,J4,607,511,1118
2019-07-26T22:45:00+09:00,J5,168,212,380
2019-07-26T23:00:00+09:00,J1,368,479,847
2019-07-26T23:00:00+09:00,J2,360,356,716
2019-07-26T23:00:00+09:00,J3,492,477,969
2019-07-26T23:00:00+09:00,J4,595,621,1216
2019-07-26T23:00:00+09:00,J5,125,204,329
2019-07-26T23:15:00+09:00,J1,334,433,767
2019-07-26T23:15:00+09:00,J2,351,290,641
2019-07-26T23:15:00+09:00,J3,540,499,1039
2019-07-26T23:15:00+09:00,J4,608,580,1188
2019-07-26T23:15:00+09:00,J5,144,188,332
2019-07-26T23:30:00+09:00,J1,310,437,747
2019-07-26T23:30:00+09:00,J2,336,330,666
2019-07-26T23:30:00+09:00,J3,482,472,954
2019-07-26T23:30:00+09:00,J4,568,510,1078
2019-07-26T23:30:00+09:00,J5,138,206,344
2019-07-26T23:45:00+09:00,J1,289,347,636
2019-07-26T23:45:00+09:00,J2,354,263,617
2019-07-26T23:45:00+09:00,J3,498,454,952
2019-07-26T23:45:00+09:00,J4,505,490,995
2019-07-26T23:45:00+09:00,J5,155,242,397
2019-07-27T00:00:00+09:00,J1,278,296,574
2019-07-27T00:00:00+09:00,J2,295,234,529
2019-07-27T00:00:00+09:00,J3,446,355,801
2019-07-27T00:00:00+09:00,J4,511,469,980
2019-07-27T00:00:00+09:00,J5,140,212,352
2019-07-27T00:15:00+09:00,J1,232,206,438
2019-07-27T00:15:00+09:00,J2,245,193,438
2019-07-27T00:15:00+09:00,J3,281,269,550
2019-07-27T00:15:00+09:00,J4,383,339,722
2019-07-27T00:15:00+09:00,J5,150,144,294
2019-07-27T00:30:00+09:00,J1,209,228,437
2019-07-27T00:30:00+09:00,J2,242,188,430
2019-07-27T00:30:00+09:00,J3,331,313,644
2019-07-27T00:30:00+09:00,J4,481,469,950
2019-07-27T00:30:00+09:00,J5,152,116,268
2019-07-27T00:45:00+09:00,J1,192,252,444
2019-07-27T00:45:00+09:00,J2,240,221,461
2019-07-27T00:45:00+09:00,J3,315,234,549
2019-07-27T00:45:00+09:00,J4,413,412,825
2019-07-27T00:45:00+09:00,J5,150,107,257
2019-07-27T05:45:00+09:00,J1,353,353,706
2019-07-27T05:45:00+09:00,J2,130,123,253
2019-07-27T05:45:00+09:00,J3,285,226,511
2019-07-27T05:45:00+09:00,J4,485,394,879
2019-07-27T05:45:00+09:00,J5,346,366,712
2019-07-27T06:00:00+09:00,J1,329,296,625
2019-07-27T06:00:00+09:00,J2,154,152,306
2019-07-27T06:00:00+09:00,J3,296,243,539
2019-07-27T06:00:00+09:00,J4,444,375,819
2019-07-27T06:00:00+09:00,J5,325,324,649
2019-07-27T06:15:00+09:00,J1,344,363,707
2019-07-27T06:15:00+09:00,J2,143,157,300
2019-07-27T06:15:00+09:00,J3,309,245,554
2019-07-27T06:15:00+09:00,J4,498,483,981
2019-07-27T06:15:00+09:00,J5,390,301,691
2019-07-27T06:30:00+09:00,J1,266,296,562
2019-07-27T06:30:00+09:00,J2,119,139,258
2019-07-27T06:30:00+09:00,J3,318,225,543
2019-07-27T06:30:00+09:00,J4,343,338,681
2019-07-27T06:30:00+09:00,J5,309,267,576
2019-07-27T06:45:00+09:00,J1,302,290,592
2019-07-27T06:45:00+09:00,J2,157,170,327
2019-07-27T06:45:00+09:00,J3,332,273,605
2019-07-27T06:45:00+09:00,J4,466,432,898
2019-07-27T06:45:00+09:00,J5,294,253,547
2019-07-27T07:00:00+09:00,J1,359,339,698
2019-07-27T07:00:00+09:00,J2,131,154,285
2019-07-27T07:00:00+09:00,J3,298,263,561
2019-07-27T07:00:00+09:00,J4,364,330,694
2019-07-27T07:00:00+09:00,J5,322,309,631
2019-07-27T07:15:00+09:00,J1,346,316,662
2019-07-27T07:15:00+09:00,J2,131,152,283
2019-07-27T07:15:00+09:00,J3,330,278,608
2019-07-27T07:15:00+09:00,J4,436,399,835
2019-07-27T07:15:00+09:00,J5,295,324,619
2019-07-27T07:30:00+09:00,J1,334,321,655
2019-07-27T07:30:00+09:00,J2,130,152,282
2019-07-27T07:30:00+09:00,J3,273,293,566
2019-07-27T07:30:00+09:00,J4,452,448,900
2019-07-27T07:30:00+09:00,J5,319,284,603
2019-07-27T07:45:00+09:00,J1,366,312,678
2019-07-27T07:45:00+09:00,J2,153,149,302
2019-07-27T07:45:00+09:00,J3,351,307,658
2019-07-27T07:45:00+09:00,J4,451,443,894
2019-07-27T07:45:00+09:00,J5,296,338,634
2019-07-27T08:00:00+09:00,J1,521,447,968
2019-07-27T08:00:00+09:00,J2,195,175,370
2019-07-27T08:00:00+09:00,J3,596,402,998
2019-07-27T08:00:00+09:00,J4,459,498,957
2019-07-27T08:00:00+09:00,J5,337,282,619
2019-07-27T08:15:00+09:00,J1,579,497,1076
2019-07-27T08:15:00+09:00,J2,207,203,410
2019-07-27T08:15:00+09:00,J3,585,479,1064
2019-07-27T08:15:00+09:00,J4,595,705,1300
2019-07-27T08:15:00+09:00,J5,255,240,495
2019-07-27T08:30:00+09:00,J1,596,492,1088
2019-07-27T08:30:00+09:00,J2,191,179,370
2019-07-27T08:30:00+09:00,J3,635,538,1173
2019-07-27T08:30:00+09:00,J4,554,604,1158
2019-07-27T08:30:00+09:00,J5,196,143,339
2019-07-27T08:45:00+09:00,J1,517,399,916
2019-07-27T08:45:00+09:00,J2,228,209,437
2019-07-27T08:45:00+09:00,J3,654,476,1130
2019-07-27T08:45:00+09:00,J4,558,581,1139
2019-07-27T08:45:00+09:00,J5,208,156,364
2019-07-27T09:00:00+09:00,J1,502,385,887
2019-07-27T09:00:00+09:00,J2,239,241,480
2019-07-27T09:00:00+09:00,J3,628,520,1148
2019-07-27T09:00:00+09:00,J4,499,649,1148
2019-07-27T09:00:00+09:00,J5,247,232,479
2019-07-27T09:15:00+09:00,J1,511,409,920
2019-07-27T09:15:00+09:00,J2,244,203,447
2019-07-27T09:15:00+09:00,J3,601,461,1062
2019-07-27T09:15:00+09:00,J4,592,662,1254
2019-07-27T09:15:00+09:00,J5,279,227,506
2019-07-27T09:30:00+09:00,J1,532,370,902
2019-07-27T09:30:00+09:00,J2,358,262,620
2019-07-27T09:30:00+09:00,J3,556,517,1073
2019-07-27T09:30:00+09:00,J4,579,571,1150
2019-07-27T09:30:00+09:00,J5,261,253,514
2019-07-27T09:45:00+09:00,J1,585,452,1037
2019-07-27T09:45:00+09:00,J2,385,248,633
2019-07-27T09:45:00+09:00,J3,503,484,987
2019-07-27T09:45:00+09:00,J4,535,575,1110
2019-07-27T09:45:00+09:00,J5,300,268,568
2019-07-27T10:00:00+09:00,J1,522,483,1005
2019-07-27T10:00:00+09:00,J2,383,295,678
2019-07-27T10:00:00+09:00,J3,554,500,1054
2019-07-27T10:00:00+09:00,J4,519,505,1024
2019-07-27T10:00:00+09:00,J5,328,259,587
2019-07-27T10:15:00+09:00,J1,446,436,882
2019-07-27T10:15:00+09:00,J2,329,290,619
2019-07-27T10:15:00+09:00,J3,608,523,1131
2019-07-27T10:15:00+09:00,J4,523,537,1060
2019-07-27T10:15:00+09:00,J5,339,293,632
2019-07-27T10:30:00+09:00,J1,544,484,1028
2019-07-27T10:30:00+09:00,J2,338,302,640
2019-07-27T10:30:00+09:00,J3,556,563,1119
2019-07-27T10:30:00+09:00,J4,522,494,1016
2019-07-27T10:30:00+09:00,J5,267,281,548
2019-07-27T10:45:00+09:00,J1,573,529,1102
2019-07-27T10:45:00+09:00,J2,311,293,604
2019-07-27T10:45:00+09:00,J3,445,542,987
2019-07-27T10:45:00+09:00,J4,470,520,990
2019-07-27T10:45:00+09:00,J5,202,231,433
2019-07-27T11:00:00+09:00,J1,527,457,984
2019-07-27T11:00:00+09:00,J2,403,313,716
2019-07-27T11:00:00+09:00,J3,610,594,1204
2019-07-27T11:00:00+09:00,J4,463,410,873
2019-07-27T11:00:00+09:00,J5,222,253,475
2019-07-27T11:15:00+09:00,J1,536,477,1013
2019-07-27T11:15:00+09:00,J2,390,296,686
2019-07-27T11:15:00+09:00,J3,655,683,1338
2019-07-27T11:15:00+09:00,J4,502,480,982
2019-07-27T11:15:00+09:00,J5,248,236,484
2019-07-27T11:30:00+09:00,J1,558,519,1077
2019-07-27T11:30:00+09:00,J2,355,355,710
2019-07-27T11:30:00+09:00,J3,588,673,1261
2019-07-27T11:30:00+09:00,J4,384,465,849
2019-07-27T11:30:00+09:00,J5,190,241,431
2019-07-27T11:45:00+09:00,J1,553,540,1093
2019-07-27T11:45:00+09:00,J2,350,343,693
2019-07-27T11:45:00+09:00,J3,680,644,1324
2019-07-27T11:45:00+09:00,J4,409,426,835
2019-07-27T11:45:00+09:00,J5,203,264,467
2019-07-27T12:00:00+09:00,J1,584,602,1186
2019-07-27T12:00:00+09:00,J2,334,339,673
2019-07-27T12:00:00+09:00,J3,765,652,1417
2019-07-27T12:00:00+09:00,J4,459,467,926
2019-07-27T12:00:00+09:00,J5,249,252,501
2019-07-27T12:15:00+09:00,J1,627,621,1248
2019-07-27T12:15:00+09:00,J2,306,311,617
2019-07-27T12:15:00+09:00,J3,734,658,1392
2019-07-27T12:15:00+09:00,J4,459,418,877
2019-07-27T12:15:00+09:00,J5,308,370,678
2019-07-27T12:30:00+09:00,J1,626,631,1257
2019-07-27T12:30:00+09:00,J2,407,339,746
2019-07-27T12:30:00+09:00,J3,652,580,1232
2019-07-27T12:30:00+09:00,J4,450,397,847
2019-07-27T12:30:00+09:00,J5,334,384,718
2019-07-27T12:45:00+09:00,J1,706,703,1409
2019-07-27T12:45:00+09:00,J2,484,327,811
2019-07-27T12:45:00+09:00,J3,629,639,1268
2019-07-27T12:45:00+09:00,J4,450,427,877
2019-07-27T12:45:00+09:00,J5,330,348,678
2019-07-27T13:00:00+09:00,J1,705,672,1377
2019-07-27T13:00:00+09:00,J2,543,356,899
2019-07-27T13:00:00+09:00,J3,687,595,1282
2019-07-27T13:00:00+09:00,J4,444,481,925
2019-07-27T13:00:00+09:00,J5,369,394,763
2019-07-27T13:15:00+09:00,J1,654,708,1362
2019-07-27T13:15:00+09:00,J2,519,355,874
2019-07-27T13:15:00+09:00,J3,744,582,1326
2019-07-27T13:15:00+09:00,J4,454,433,887
2019-07-27T13:15:00+09:00,J5,365,373,738
2019-07-27T13:30:00+09:00,J1,694,838,1532
2019-07-27T13:30:00+09:00,J2,565,392,957
2019-07-27T13:30:00+09:00,J3,718,641,1359
2019-07-27T13:30:00+09:00,J4,479,434,913
2019-07-27T13:30:00+09:00,J5,363,349,712
2019-07-27T13:45:00+09:00,J1,618,787,1405
2019-07-27T13:45:00+09:00,J2,578,454,1032
2019-07-27T13:45:00+09:00,J3,752,724,1476
2019-07-27T13:45:00+09:00,J4,521,390,911
2019-07-27T13:45:00+09:00,J5,281,288,569
2019-07-27T14:00:00+09:00,J1,676,727,1403
2019-07-27T14:00:00+09:00,J2,550,422,972
2019-07-27T14:00:00+09:00,J3,806,829,1635
2019-07-27T14:00:00+09:00,J4,509,482,991
2019-07-27T14:00:00+09:00,J5,299,347,646
2019-07-27T14:15:00+09:00,J1,581,733,1314
2019-07-27T14:15:00+09:00,J2,537,367,904
2019-07-27T14:15:00+09:00,J3,780,780,1560
2019-07-27T14:15:00+09:00,J4,546,470,1016
2019-07-27T14:15:00+09:00,J5,291,321,612
2019-07-27T14:30:00+09:00,J1,595,718,1313
2019-07-27T14:30:00+09:00,J2,489,342,831
2019-07-27T14:30:00+09:00,J3,783,711,1494
2019-07-27T14:30:00+09:00,J4,610,429,1039
2019-07-27T14:30:00+09:00,J5,282,290,572
2019-07-27T14:45:00+09:00,J1,571,674,1245
2019-07-27T14:45:00+09:00,J2,451,302,753
2019-07-27T14:45:00+09:00,J3,595,598,1193
2019-07-27T14:45:00+09:00,J4,540,450,990
2019-07-27T14:45:00+09:00,J5,240,258,498
2019-07-27T15:00:00+09:00,J1,544,786,1330
2019-07-27T15:00:00+09:00,J2,374,336,710
2019-07-27T15:00:00+09:00,J3,641,695,1336
2019-07-27T15:00:00+09:00,J4,483,394,877
2019-07-27T15:00:00+09:00,J5,267,327,594
2019-07-27T15:15:00+09:00,J1,563,798,1361
2019-07-27T15:15:00+09:00,J2,422,332,754
2019-07-27T15:15:00+09:00,J3,746,812,1558
2019-07-27T15:15:00+09:00,J4,475,396,871
2019-07-27T15:15:00+09:00,J5,234,269,503
2019-07-27T15:30:00+09:00,J1,590,847,1437
2019-07-27T15:30:00+09:00,J2,467,266,733
2019-07-27T15:30:00+09:00,J3,752,849,1601
2019-07-27T15:30:00+09:00,J4,485,420,905
2019-07-27T15:30:00+09:00,J5,234,236,470
2019-07-27T15:45:00+09:00,J1,690,800,1490
2019-07-27T15:45:00+09:00,J2,434,336,770
2019-07-27T15:45:00+09:00,J3,783,812,1595
2019-07-27T15:45:00+09:00,J4,531,439,970
2019-07-27T15:45:00+09:00,J5,218,272,490
2019-07-27T16:00:00+09:00,J1,619,804,1423
2019-07-27T16:00:00+09:00,J2,389,313,702
2019-07-27T16:00:00+09:00,J3,711,760,1471
2019-07-27T16:00:00+09:00,J4,453,414,867
2019-07-27T16:00:00+09:00,J5,238,224,462
2019-07-27T16:15:00+09:00,J1,719,826,1545
2019-07-27T16:15:00+09:00,J2,452,291,743
2019-07-27T16:15:00+09:00,J3,726,756,1482
2019-07-27T16:15:00+09:00,J4,533,413,946
2019-07-27T16:15:00+09:00,J5,209,231,440
2019-07-27T16:30:00+09:00,J1,635,834,1469
2019-07-27T16:30:00+09:00,J2,394,296,690
2019-07-27T16:30:00+09:00,J3,710,790,1500
2019-07-27T16:30:00+09:00,J4,553,393,946
2019-07-27T16:30:00+09:00,J5,263,258,521
2019-07-27T16:45:00+09:00,J1,674,803,1477
2019-07-27T16:45:00+09:00,J2,445,340,785
2019-07-27T16:45:00+09:00,J3,736,718,1454
2019-07-27T16:45:00+09:00,J4,497,371,868
2019-07-27T16:45:00+09:00,J5,235,272,507
2019-07-27T17:00:00+09:00,J1,641,817,1458
2019-07-27T17:00:00+09:00,J2,404,259,663
2019-07-27T17:00:00+09:00,J3,757,776,1533
2019-07-27T17:00:00+09:00,J4,516,476,992
2019-07-27T17:00:00+09:00,J5,335,244,579
2019-07-27T17:15:00+09:00,J1,737,891,1628
2019-07-27T17:15:00+09:00,J2,433,307,740
2019-07-27T17:15:00+09:00,J3,758,733,1491
2019-07-27T17:15:00+09:00,J4,561,441,1002
2019-07-27T17:15:00+09:00,J5,224,293,517
2019-07-27T17:30:00+09:00,J1,781,817,1598
2019-07-27T17:30:00+09:00,J2,515,330,845
2019-07-27T17:30:00+09:00,J3,753,741,1494
2019-07-27T17:30:00+09:00,J4,556,447,1003
2019-07-27T17:30:00+09:00,J5,266,277,543
2019-07-27T17:45:00+09:00,J1,729,754,1483
2019-07-27T17:45:00+09:00,J2,443,307,750
2019-07-27T17:45:00+09:00,J3,784,741,1525
2019-07-27T17:45:00+09:00,J4,491,433,924
2019-07-27T17:45:00+09:00,J5,273,249,522
2019-07-27T18:00:00+09:00,J1,642,771,1413
2019-07-27T18:00:00+09:00,J2,430,318,748
2019-07-27T18:00:00+09:00,J3,834,693,1527
2019-07-27T18:00:00+09:00,J4,528,449,977
2019-07-27T18:00:00+09:00,J5,262,243,505
2019-07-27T18:15:00+09:00,J1,709,720,1429
2019-07-27T18:15:00+09:00,J2,398,346,744
2019-07-27T18:15:00+09:00,J3,862,729,1591
2019-07-27T18:15:00+09:00,J4,502,433,935
2019-07-27T18:15:00+09:00,J5,287,264,551
2019-07-27T18:30:00+09:00,J1,672,672,1344
2019-07-27T18:30:00+09:00,J2,411,314,725
2019-07-27T18:30:00+09:00,J3,776,638,1414
2019-07-27T18:30:00+09:00,J4,508,384,892
2019-07-27T18:30:00+09:00,J5,287,237,524
2019-07-27T18:45:00+09:00,J1,591,622,1213
2019-07-27T18:45:00+09:00,J2,339,292,631
2019-07-27T18:45:00+09:00,J3,768,691,1459
2019-07-27T18:45:00+09:00,J4,499,433,932
2019-07-27T18:45:00+09:00,J5,253,199,452
2019-07-27T19:00:00+09:00,J1,453,432,885
2019-07-27T19:00:00+09:00,J2,237,221,458
2019-07-27T19:00:00+09:00,J3,527,498,1025
2019-07-27T19:00:00+09:00,J4,307,320,627
2019-07-27T19:00:00+09:00,J5,193,181,374
2019-07-27T19:15:00+09:00,J1,531,568,1099
2019-07-27T19:15:00+09:00,J2,412,359,771
2019-07-27T19:15:00+09:00,J3,886,791,1677
2019-07-27T19:15:00+09:00,J4,536,530,1066
2019-07-27T19:15:00+09:00,J5,288,297,585
2019-07-27T19:30:00+09:00,J1,401,458,859
2019-07-27T19:30:00+09:00,J2,300,259,559
2019-07-27T19:30:00+09:00,J3,676,712,1388
2019-07-27T19:30:00+09:00,J4,366,465,831
2019-07-27T19:30:00+09:00,J5,217,230,447
2019-07-27T19:45:00+09:00,J1,335,408,743
2019-07-27T19:45:00+09:00,J2,267,237,504
2019-07-27T19:45:00+09:00,J3,613,650,1263
2019-07-27T19:45:00+09:00,J4,460,476,936
2019-07-27T19:45:00+09:00,J5,228,180,408
2019-07-27T20:00:00+09:00,J1,368,416,784
2019-07-27T20:00:00+09:00,J2,281,241,522
2019-07-27T20:00:00+09:00,J3,654,663,1317
2019-07-27T20:00:00+09:00,J4,470,423,893
2019-07-27T20:00:00+09:00,J5,245,189,434
2019-07-27T20:15:00+09:00,J1,410,429,839
2019-07-27T20:15:00+09:00,J2,261,210,471
2019-07-27T20:15:00+09:00,J3,641,701,1342
2019-07-27T20:15:00+09:00,J4,462,412,874
2019-07-27T20:15:00+09:00,J5,238,220,458
2019-07-27T20:30:00+09:00,J1,328,382,710
2019-07-27T20:30:00+09:00,J2,240,230,470
2019-07-27T20:30:00+09:00,J3,640,623,1263
2019-07-27T20:30:00+09:00,J4,392,320,712
2019-07-27T20:30:00+09:00,J5,234,214,448
2019-07-27T20:45:00+09:00,J1,318,329,647
2019-07-27T20:45:00+09:00,J2,243,193,436
2019-07-27T20:45:00+09:00,J3,551,521,1072
2019-07-27T20:45:00+09:00,J4,281,291,572
2019-07-27T20:45:00+09:00,J5,216,203,419
2019-07-27T21:00:00+09:00,J1,343,416,759
2019-07-27T21:00:00+09:00,J2,244,227,471
2019-07-27T21:00:00+09:00,J3,436,412,848
2019-07-27T21:00:00+09:00,J4,301,310,611
2019-07-27T21:00:00+09:00,J5,219,209,428
2019-07-27T21:15:00+09:00,J1,347,396,743
2019-07-27T21:15:00+09:00,J2,266,262,528
2019-07-27T21:15:00+09:00,J3,385,422,807
2019-07-27T21:15:00+09:00,J4,342,337,679
2019-07-27T21:15:00+09:00,J5,239,206,445
2019-07-27T21:30:00+09:00,J1,328,372,700
2019-07-27T21:30:00+09:00,J2,253,219,472
2019-07-27T21:30:00+09:00,J3,366,423,789
2019-07-27T21:30:00+09:00,J4,374,308,682
2019-07-27T21:30:00+09:00,J5,212,168,380
2019-07-27T21:45:00+09:00,J1,265,310,575
2019-07-27T21:45:00+09:00,J2,246,276,522
2019-07-27T21:45:00+09:00,J3,508,477,985
2019-07-27T21:45:00+09:00,J4,342,301,643
2019-07-27T21:45:00+09:00,J5,215,141,356
2019-07-27T22:00:00+09:00,J1,226,304,530
2019-07-27T22:00:00+09:00,J2,234,213,447
2019-07-27T22:00:00+09:00,J3,359,364,723
2019-07-27T22:00:00+09:00,J4,333,289,622
2019-07-27T22:00:00+09:00,J5,176,164,340
2019-07-27T22:15:00+09:00,J1,205,280,485
2019-07-27T22:15:00+09:00,J2,246,227,473
2019-07-27T22:15:00+09:00,J3,361,396,757
2019-07-27T22:15:00+09:00,J4,331,295,626
2019-07-27T22:15:00+09:00,J5,218,125,343
2019-07-27T22:30:00+09:00,J1,265,279,544
2019-07-27T22:30:00+09:00,J2,279,198,477
2019-07-27T22:30:00+09:00,J3,352,392,744
2019-07-27T22:30:00+09:00,J4,379,317,696
2019-07-27T22:30:00+09:00,J5,183,204,387
2019-07-27T22:45:00+09:00,J1,231,292,523
2019-07-27T22:45:00+09:00,J2,282,234,516
2019-07-27T22:45:00+09:00,J3,404,389,793
2019-07-27T22:45:00+09:00,J4,458,418,876
2019-07-27T22:45:00+09:00,J5,193,165,358
2019-07-27T23:00:00+09:00,J1,248,332,580
2019-07-27T23:00:00+09:00,J2,324,225,549
2019-07-27T23:00:00+09:00,J3,476,446,922
2019-07-27T23:00:00+09:00,J4,457,389,846
2019-07-27T23:00:00+09:00,J5,220,205,425
2019-07-27T23:15:00+09:00,J1,248,314,562
2019-07-27T23:15:00+09:00,J2,250,202,452
2019-07-27T23:15:00+09:00,J3,440,462,902
2019-07-27T23:15:00+09:00,J4,433,404,837
2019-07-27T23:15:00+09:00,J5,200,184,384
2019-07-27T23:30:00+09:00,J1,260,325,585
2019-07-27T23:30:00+09:00,J2,224,221,445
2019-07-27T23:30:00+09:00,J3,407,428,835
2019-07-27T23:30:00+09:00,J4,379,334,713
2019-07-27T23:30:00+09:00,J5,147,195,342
2019-07-27T23:45:00+09:00,J1,261,315,576
2019-07-27T23:45:00+09:00,J2,212,193,405
2019-07-27T23:45:00+09:00,J3,473,391,864
2019-07-27T23:45:00+09:00,J4,439,377,816
2019-07-27T23:45:00+09:00,J5,169,169,338
2019-07-28T00:00:00+09:00,J1,218,216,434
2019-07-28T00:00:00+09:00,J2,198,152,350
2019-07-28T00:00:00+09:00,J3,377,360,737
2019-07-28T00:00:00+09:00,J4,441,462,903
2019-07-28T00:00:00+09:00,J5,169,186,355
2019-07-28T00:15:00+09:00,J1,217,194,411
2019-07-28T00:15:00+09:00,J2,214,149,363
2019-07-28T00:15:00+09:00,J3,307,302,609
2019-07-28T00:15:00+09:00,J4,452,420,872
2019-07-28T00:15:00+09:00,J5,160,164,324
2019-07-28T00:30:00+09:00,J1,200,142,342
2019-07-28T00:30:00+09:00,J2,245,166,411
2019-07-28T00:30:00+09:00,J3,380,312,692
2019-07-28T00:30:00+09:00,J4,546,515,1061
2019-07-28T00:30:00+09:00,J5,149,148,297
2019-07-28T00:45:00+09:00,J1,194,160,354
2019-07-28T00:45:00+09:00,J2,212,181,393
2019-07-28T00:45:00+09:00,J3,296,293,589
2019-07-28T00:45:00+09:00,J4,617,480,1097
2019-07-28T00:45:00+09:00,J5,155,125,280
2019-07-28T05:45:00+09:00,J1,242,277,519
2019-07-28T05:45:00+09:00,J2,216,183,399
2019-07-28T05:45:00+09:00,J3,282,243,525
2019-07-28T05:45:00+09:00,J4,223,243,466
2019-07-28T05:45:00+09:00,J5,179,187,366
2019-07-28T06:00:00+09:00,J1,238,278,516
2019-07-28T06:00:00+09:00,J2,150,156,306
2019-07-28T06:00:00+09:00,J3,246,223,469
2019-07-28T06:00:00+09:00,J4,252,260,512
2019-07-28T06:00:00+09:00,J5,241,272,513
2019-07-28T06:15:00+09:00,J1,268,268,536
2019-07-28T06:15:00+09:00,J2,149,159,308
2019-07-28T06:15:00+09:00,J3,211,224,435
2019-07-28T06:15:00+09:00,J4,328,304,632
2019-07-28T06:15:00+09:00,J5,281,327,608
2019-07-28T06:30:00+09:00,J1,301,334,635
2019-07-28T06:30:00+09:00,J2,137,155,292
2019-07-28T06:30:00+09:00,J3,187,177,364
2019-07-28T06:30:00+09:00,J4,335,292,627
2019-07-28T06:30:00+09:00,J5,260,304,564
2019-07-28T06:45:00+09:00,J1,258,293,551
2019-07-28T06:45:00+09:00,J2,166,177,343
2019-07-28T06:45:00+09:00,J3,231,207,438
2019-07-28T06:45:00+09:00,J4,229,242,471
2019-07-28T06:45:00+09:00,J5,254,256,510
2019-07-28T07:00:00+09:00,J1,256,247,503
2019-07-28T07:00:00+09:00,J2,194,174,368
2019-07-28T07:00:00+09:00,J3,245,191,436
2019-07-28T07:00:00+09:00,J4,313,331,644
2019-07-28T07:00:00+09:00,J5,283,299,582
2019-07-28T07:15:00+09:00,J1,321,319,640
2019-07-28T07:15:00+09:00,J2,191,192,383
2019-07-28T07:15:00+09:00,J3,269,211,480
2019-07-28T07:15:00+09:00,J4,319,302,621
2019-07-28T07:15:00+09:00,J5,274,285,559
2019-07-28T07:30:00+09:00,J1,346,302,648
2019-07-28T07:30:00+09:00,J2,176,185,361
2019-07-28T07:30:00+09:00,J3,293,238,531
2019-07-28T07:30:00+09:00,J4,474,449,923
2019-07-28T07:30:00+09:00,J5,293,295,588
2019-07-28T07:45:00+09:00,J1,310,292,602
2019-07-28T07:45:00+09:00,J2,201,207,408
2019-07-28T07:45:00+09:00,J3,353,270,623
2019-07-28T07:45:00+09:00,J4,517,535,1052
2019-07-28T07:45:00+09:00,J5,295,275,570
2019-07-28T08:00:00+09:00,J1,446,386,832
2019-07-28T08:00:00+09:00,J2,231,279,510
2019-07-28T08:00:00+09:00,J3,512,381,893
2019-07-28T08:00:00+09:00,J4,574,649,1223
2019-07-28T08:00:00+09:00,J5,332,286,618
2019-07-28T08:15:00+09:00,J1,494,431,925
2019-07-28T08:15:00+09:00,J2,310,241,551
2019-07-28T08:15:00+09:00,J3,521,411,932
2019-07-28T08:15:00+09:00,J4,593,627,1220
2019-07-28T08:15:00+09:00,J5,265,211,476
2019-07-28T08:30:00+09:00,J1,468,395,863
2019-07-28T08:30:00+09:00,J2,328,273,601
2019-07-28T08:30:00+09:00,J3,532,480,1012
2019-07-28T08:30:00+09:00,J4,572,642,1214
2019-07-28T08:30:00+09:00,J5,194,201,395
2019-07-28T08:45:00+09:00,J1,377,368,745
2019-07-28T08:45:00+09:00,J2,412,359,771
2019-07-28T08:45:00+09:00,J3,490,483,973
2019-07-28T08:45:00+09:00,J4,401,563,964
2019-07-28T08:45:00+09:00,J5,167,216,383
2019-07-28T09:00:00+09:00,J1,384,392,776
2019-07-28T09:00:00+09:00,J2,452,362,814
2019-07-28T09:00:00+09:00,J3,338,437,775
2019-07-28T09:00:00+09:00,J4,378,527,905
2019-07-28T09:00:00+09:00,J5,210,230,440
2019-07-28T09:15:00+09:00,J1,367,353,720
2019-07-28T09:15:00+09:00,J2,503,393,896
2019-07-28T09:15:00+09:00,J3,462,440,902
2019-07-28T09:15:00+09:00,J4,346,440,786
2019-07-28T09:15:00+09:00,J5,281,277,558
2019-07-28T09:30:00+09:00,J1,327,336,663
2019-07-28T09:30:00+09:00,J2,566,517,1083
2019-07-28T09:30:00+09:00,J3,497,500,997
2019-07-28T09:30:00+09:00,J4,297,362,659
2019-07-28T09:30:00+09:00,J5,200,220,420
2019-07-28T09:45:00+09:00,J1,375,398,773
2019-07-28T09:45:00+09:00,J2,483,482,965
2019-07-28T09:45:00+09:00,J3,491,534,1025
2019-07-28T09:45:00+09:00,J4,329,410,739
2019-07-28T09:45:00+09:00,J5,219,220,439
2019-07-28T10:00:00+09:00,J1,435,441,876
2019-07-28T10:00:00+09:00,J2,467,441,908
2019-07-28T10:00:00+09:00,J3,609,492,1101
2019-07-28T10:00:00+09:00,J4,319,388,707
2019-07-28T10:00:00+09:00,J5,218,219,437
2019-07-28T10:15:00+09:00,J1,502,427,929
2019-07-28T10:15:00+09:00,J2,381,364,745
2019-07-28T10:15:00+09:00,J3,690,554,1244
2019-07-28T10:15:00+09:00,J4,289,412,701
2019-07-28T10:15:00+09:00,J5,205,245,450
2019-07-28T10:30:00+09:00,J1,532,534,1066
2019-07-28T10:30:00+09:00,J2,407,403,810
2019-07-28T10:30:00+09:00,J3,698,584,1282
2019-07-28T10:30:00+09:00,J4,326,395,721
2019-07-28T10:30:00+09:00,J5,223,237,460
2019-07-28T10:45:00+09:00,J1,524,468,992
2019-07-28T10:45:00+09:00,J2,399,392,791
2019-07-28T10:45:00+09:00,J3,737,635,1372
2019-07-28T10:45:00+09:00,J4,402,410,812
2019-07-28T10:45:00+09:00,J5,184,256,440
2019-07-28T11:00:00+09:00,J1,573,508,1081
2019-07-28T11:00:00+09:00,J2,405,414,819
2019-07-28T11:00:00+09:00,J3,703,641,1344
2019-07-28T11:00:00+09:00,J4,475,519,994
2019-07-28T11:00:00+09:00,J5,223,278,501
2019-07-28T11:15:00+09:00,J1,605,679,1284
2019-07-28T11:15:00+09:00,J2,472,426,898
2019-07-28T11:15:00+09:00,J3,646,720,1366
2019-07-28T11:15:00+09:00,J4,532,591,1123
2019-07-28T11:15:00+09:00,J5,325,353,678
2019-07-28T11:30:00+09:00,J1,714,637,1351
2019-07-28T11:30:00+09:00,J2,510,404,914
2019-07-28T11:30:00+09:00,J3,700,647,1347
2019-07-28T11:30:00+09:00,J4,594,697,1291
2019-07-28T11:30:00+09:00,J5,324,347,671
2019-07-28T11:45:00+09:00,J1,638,638,1276
2019-07-28T11:45:00+09:00,J2,537,499,1036
2019-07-28T11:45:00+09:00,J3,651,674,1325
2019-07-28T11:45:00+09:00,J4,695,725,1420
2019-07-28T11:45:00+09:00,J5,362,380,742
2019-07-28T12:00:00+09:00,J1,559,613,1172
2019-07-28T12:00:00+09:00,J2,558,488,1046
2019-07-28T12:00:00+09:00,J3,718,614,1332
2019-07-28T12:00:00+09:00,J4,705,803,1508
2019-07-28T12:00:00+09:00,J5,388,384,772
2019-07-28T12:15:00+09:00,J1,513,557,1070
2019-07-28T12:15:00+09:00,J2,549,494,1043
2019-07-28T12:15:00+09:00,J3,658,656,1314
2019-07-28T12:15:00+09:00,J4,695,703,1398
2019-07-28T12:15:00+09:00,J5,357,344,701
2019-07-28T12:30:00+09:00,J1,595,644,1239
2019-07-28T12:30:00+09:00,J2,554,435,989
2019-07-28T12:30:00+09:00,J3,589,600,1189
2019-07-28T12:30:00+09:00,J4,557,563,1120
2019-07-28T12:30:00+09:00,J5,344,370,714
2019-07-28T12:45:00+09:00,J1,497,574,1071
2019-07-28T12:45:00+09:00,J2,489,423,912
2019-07-28T12:45:00+09:00,J3,658,639,1297
2019-07-28T12:45:00+09:00,J4,541,510,1051
2019-07-28T12:45:00+09:00,J5,315,384,699
2019-07-28T13:00:00+09:00,J1,512,602,1114
2019-07-28T13:00:00+09:00,J2,550,473,1023
2019-07-28T13:00:00+09:00,J3,695,735,1430
2019-07-28T13:00:00+09:00,J4,486,512,998
2019-07-28T13:00:00+09:00,J5,313,383,696
2019-07-28T13:15:00+09:00,J1,627,728,1355
2019-07-28T13:15:00+09:00,J2,540,490,1030
2019-07-28T13:15:00+09:00,J3,727,718,1445
2019-07-28T13:15:00+09:00,J4,494,480,974
2019-07-28T13:15:00+09:00,J5,299,348,647
2019-07-28T13:30:00+09:00,J1,636,665,1301
2019-07-28T13:30:00+09:00,J2,636,509,1145
2019-07-28T13:30:00+09:00,J3,805,693,1498
2019-07-28T13:30:00+09:00,J4,483,475,958
2019-07-28T13:30:00+09:00,J5,293,316,609
2019-07-28T13:45:00+09:00,J1,606,734,1340
2019-07-28T13:45:00+09:00,J2,564,494,1058
2019-07-28T13:45:00+09:00,J3,793,710,1503
2019-07-28T13:45:00+09:00,J4,565,603,1168
2019-07-28T13:45:00+09:00,J5,348,363,711
2019-07-28T14:00:00+09:00,J1,597,717,1314
2019-07-28T14:00:00+09:00,J2,580,490,1070
2019-07-28T14:00:00+09:00,J3,849,875,1724
2019-07-28T14:00:00+09:00,J4,516,529,1045
2019-07-28T14:00:00+09:00,J5,322,320,642
2019-07-28T14:15:00+09:00,J1,695,683,1378
2019-07-28T14:15:00+09:00,J2,675,583,1258
2019-07-28T14:15:00+09:00,J3,826,809,1635
2019-07-28T14:15:00+09:00,J4,551,501,1052
2019-07-28T14:15:00+09:00,J5,303,393,696
2019-07-28T14:30:00+09:00,J1,597,758,1355
2019-07-28T14:30:00+09:00,J2,633,544,1177
2019-07-28T14:30:00+09:00,J3,776,833,1609
2019-07-28T14:30:00+09:00,J4,566,518,1084
2019-07-28T14:30:00+09:00,J5,322,350,672
2019-07-28T14:45:00+09:00,J1,622,774,1396
2019-07-28T14:45:00+09:00,J2,682,489,1171
2019-07-28T14:45:00+09:00,J3,650,748,1398
2019-07-28T14:45:00+09:00,J4,596,532,1128
2019-07-28T14:45:00+09:00,J5,320,349,669
2019-07-28T15:00:00+09:00,J1,609,755,1364
2019-07-28T15:00:00+09:00,J2,619,501,1120
2019-07-28T15:00:00+09:00,J3,706,696,1402
2019-07-28T15:00:00+09:00,J4,497,480,977
2019-07-28T15:00:00+09:00,J5,287,331,618
2019-07-28T15:15:00+09:00,J1,672,811,1483
2019-07-28T15:15:00+09:00,J2,549,519,1068
2019-07-28T15:15:00+09:00,J3,727,740,1467
2019-07-28T15:15:00+09:00,J4,537,514,1051
2019-07-28T15:15:00+09:00,J5,265,348,613
2019-07-28T15:30:00+09:00,J1,694,775,1469
2019-07-28T15:30:00+09:00,J2,627,556,1183
2019-07-28T15:30:00+09:00,J3,692,788,1480
2019-07-28T15:30:00+09:00,J4,486,491,977
2019-07-28T15:30:00+09:00,J5,279,344,623
2019-07-28T15:45:00+09:00,J1,659,765,1424
2019-07-28T15:45:00+09:00,J2,567,592,1159
2019-07-28T15:45:00+09:00,J3,721,767,1488
2019-07-28T15:45:00+09:00,J4,531,516,1047
2019-07-28T15:45:00+09:00,J5,307,344,651
2019-07-28T16:00:00+09:00,J1,652,707,1359
2019-07-28T16:00:00+09:00,J2,534,508,1042
2019-07-28T16:00:00+09:00,J3,743,763,1506
2019-07-28T16:00:00+09:00,J4,571,487,1058
2019-07-28T16:00:00+09:00,J5,312,322,634
2019-07-28T16:15:00+09:00,J1,636,754,1390
2019-07-28T16:15:00+09:00,J2,495,504,999
2019-07-28T16:15:00+09:00,J3,699,678,1377
2019-07-28T16:15:00+09:00,J4,575,485,1060
2019-07-28T16:15:00+09:00,J5,299,365,664
2019-07-28T16:30:00+09:00,J1,561,738,1299
2019-07-28T16:30:00+09:00,J2,585,484,1069
2019-07-28T16:30:00+09:00,J3,742,756,1498
2019-07-28T16:30:00+09:00,J4,546,514,1060
2019-07-28T16:30:00+09:00,J5,293,287,580
2019-07-28T16:45:00+09:00,J1,593,721,1314
2019-07-28T16:45:00+09:00,J2,573,559,1132
2019-07-28T16:45:00+09:00,J3,751,777,1528
2019-07-28T16:45:00+09:00,J4,493,497,990
2019-07-28T16:45:00+09:00,J5,242,303,545
2019-07-28T17:00:00+09:00,J1,631,690,1321
2019-07-28T17:00:00+09:00,J2,547,502,1049
2019-07-28T17:00:00+09:00,J3,735,692,1427
2019-07-28T17:00:00+09:00,J4,515,427,942
2019-07-28T17:00:00+09:00,J5,319,352,671
2019-07-28T17:15:00+09:00,J1,612,665,1277
2019-07-28T17:15:00+09:00,J2,487,480,967
2019-07-28T17:15:00+09:00,J3,694,686,1380
2019-07-28T17:15:00+09:00,J4,554,484,1038
2019-07-28T17:15:00+09:00,J5,284,384,668
2019-07-28T17:30:00+09:00,J1,633,701,1334
2019-07-28T17:30:00+09:00,J2,498,454,952
2019-07-28T17:30:00+09:00,J3,708,726,1434
2019-07-28T17:30:00+09:00,J4,547,477,1024
2019-07-28T17:30:00+09:00,J5,289,332,621
2019-07-28T17:45:00+09:00,J1,613,638,1251
2019-07-28T17:45:00+09:00,J2,447,434,881
2019-07-28T17:45:00+09:00,J3,691,716,1407
2019-07-28T17:45:00+09:00,J4,480,411,891
2019-07-28T17:45:00+09:00,J5,251,307,558
2019-07-28T18:00:00+09:00,J1,607,671,1278
2019-07-28T18:00:00+09:00,J2,412,457,869
2019-07-28T18:00:00+09:00,J3,709,685,1394
2019-07-28T18:00:00+09:00,J4,543,451,994
2019-07-28T18:00:00+09:00,J5,277,309,586
2019-07-28T18:15:00+09:00,J1,635,670,1305
2019-07-28T18:15:00+09:00,J2,475,478,953
2019-07-28T18:15:00+09:00,J3,751,707,1458
2019-07-28T18:15:00+09:00,J4,546,507,1053
2019-07-28T18:15:00+09:00,J5,294,303,597
2019-07-28T18:30:00+09:00,J1,519,537,1056
2019-07-28T18:30:00+09:00,J2,449,444,893
2019-07-28T18:30:00+09:00,J3,693,581,1274
2019-07-28T18:30:00+09:00,J4,466,417,883
2019-07-28T18:30:00+09:00,J5,263,308,571
2019-07-28T18:45:00+09:00,J1,429,510,939
2019-07-28T18:45:00+09:00,J2,346,412,758
2019-07-28T18:45:00+09:00,J3,713,567,1280
2019-07-28T18:45:00+09:00,J4,391,335,726
2019-07-28T18:45:00+09:00,J5,287,280,567
2019-07-28T19:00:00+09:00,J1,462,500,962
2019-07-28T19:00:00+09:00,J2,330,356,686
2019-07-28T19:00:00+09:00,J3,732,609,1341
2019-07-28T19:00:00+09:00,J4,405,383,788
2019-07-28T19:00:00+09:00,J5,268,281,549
2019-07-28T19:15:00+09:00,J1,448,524,972
2019-07-28T19:15:00+09:00,J2,408,399,807
2019-07-28T19:15:00+09:00,J3,746,598,1344
2019-07-28T19:15:00+09:00,J4,405,358,763
2019-07-28T19:15:00+09:00,J5,290,303,593
2019-07-28T19:30:00+09:00,J1,386,403,789
2019-07-28T19:30:00+09:00,J2,393,391,784
2019-07-28T19:30:00+09:00,J3,702,606,1308
2019-07-28T19:30:00+09:00,J4,363,329,692
2019-07-28T19:30:00+09:00,J5,263,275,538
2019-07-28T19:45:00+09:00,J1,337,402,739
2019-07-28T19:45:00+09:00,J2,394,348,742
2019-07-28T19:45:00+09:00,J3,657,543,1200
2019-07-28T19:45:00+09:00,J4,307,303,610
2019-07-28T19:45:00+09:00,J5,239,218,457
2019-07-28T20:00:00+09:00,J1,374,418,792
2019-07-28T20:00:00+09:00,J2,362,377,739
2019-07-28T20:00:00+09:00,J3,620,517,1137
2019-07-28T20:00:00+09:00,J4,278,323,601
2019-07-28T20:00:00+09:00,J5,217,184,401
2019-07-28T20:15:00+09:00,J1,357,384,741
2019-07-28T20:15:00+09:00,J2,385,331,716
2019-07-28T20:15:00+09:00,J3,578,571,1149
2019-07-28T20:15:00+09:00,J4,305,309,614
2019-07-28T20:15:00+09:00,J5,246,217,463
2019-07-28T20:30:00+09:00,J1,310,345,655
2019-07-28T20:30:00+09:00,J2,317,287,604
2019-07-28T20:30:00+09:00,J3,579,541,1120
2019-07-28T20:30:00+09:00,J4,249,240,489
2019-07-28T20:30:00+09:00,J5,238,224,462
2019-07-28T20:45:00+09:00,J1,301,343,644
2019-07-28T20:45:00+09:00,J2,302,272,574
2019-07-28T20:45:00+09:00,J3,548,511,1059
2019-07-28T20:45:00+09:00,J4,251,291,542
2019-07-28T20:45:00+09:00,J5,231,189,420
2019-07-28T21:00:00+09:00,J1,351,379,730
2019-07-28T21:00:00+09:00,J2,289,281,570
2019-07-28T21:00:00+09:00,J3,395,367,762
2019-07-28T21:00:00+09:00,J4,345,259,604
2019-07-28T21:00:00+09:00,J5,238,175,413
2019-07-28T21:15:00+09:00,J1,331,386,717
2019-07-28T21:15:00+09:00,J2,363,353,716
2019-07-28T21:15:00+09:00,J3,425,452,877
2019-07-28T21:15:00+09:00,J4,409,373,782
2019-07-28T21:15:00+09:00,J5,235,198,433
2019-07-28T21:30:00+09:00,J1,314,360,674
2019-07-28T21:30:00+09:00,J2,401,295,696
2019-07-28T21:30:00+09:00,J3,447,407,854
2019-07-28T21:30:00+09:00,J4,477,434,911
2019-07-28T21:30:00+09:00,J5,240,212,452
2019-07-28T21:45:00+09:00,J1,292,327,619
2019-07-28T21:45:00+09:00,J2,343,276,619
2019-07-28T21:45:00+09:00,J3,394,395,789
2019-07-28T21:45:00+09:00,J4,442,489,931
2019-07-28T21:45:00+09:00,J5,220,236,456
2019-07-28T22:00:00+09:00,J1,227,277,504
2019-07-28T22:00:00+09:00,J2,282,238,520
2019-07-28T22:00:00+09:00,J3,423,372,795
2019-07-28T22:00:00+09:00,J4,455,455,910
2019-07-28T22:00:00+09:00,J5,274,243,517
2019-07-28T22:15:00+09:00,J1,241,285,526
2019-07-28T22:15:00+09:00,J2,296,242,538
2019-07-28T22:15:00+09:00,J3,418,400,818
2019-07-28T22:15:00+09:00,J4,484,452,936
2019-07-28T22:15:00+09:00,J5,246,205,451
2019-07-28T22:30:00+09:00,J1,281,264,545
2019-07-28T22:30:00+09:00,J2,269,262,531
2019-07-28T22:30:00+09:00,J3,420,346,766
2019-07-28T22:30:00+09:00,J4,475,477,952
2019-07-28T22:30:00+09:00,J5,171,167,338
2019-07-28T22:45:00+09:00,J1,238,268,506
2019-07-28T22:45:00+09:00,J2,280,313,593
2019-07-28T22:45:00+09:00,J3,414,371,785
2019-07-28T22:45:00+09:00,J4,489,481,970
2019-07-28T22:45:00+09:00,J5,167,199,366
2019-07-28T23:00:00+09:00,J1,272,278,550
2019-07-28T23:00:00+09:00,J2,308,289,597
2019-07-28T23:00:00+09:00,J3,458,372,830
2019-07-28T23:00:00+09:00,J4,431,429,860
2019-07-28T23:00:00+09:00,J5,152,175,327
2019-07-28T23:15:00+09:00,J1,247,272,519
2019-07-28T23:15:00+09:00,J2,286,307,593
2019-07-28T23:15:00+09:00,J3,434,410,844
2019-07-28T23:15:00+09:00,J4,453,436,889
2019-07-28T23:15:00+09:00,J5,155,170,325
2019-07-28T23:30:00+09:00,J1,248,249,497
2019-07-28T23:30:00+09:00,J2,301,290,591
2019-07-28T23:30:00+09:00,J3,404,413,817
2019-07-28T23:30:00+09:00,J4,426,407,833
2019-07-28T23:30:00+09:00,J5,111,195,306
2019-07-28T23:45:00+09:00,J1,197,274,471
2019-07-28T23:45:00+09:00,J2,331,318,649
2019-07-28T23:45:00+09:00,J3,447,354,801
2019-07-28T23:45:00+09:00,J4,415,418,833
2019-07-28T23:45:00+09:00,J5,151,168,319
2019-07-29T00:00:00+09:00,J1,198,222,420
2019-07-29T00:00:00+09:00,J2,233,192,425
2019-07-29T00:00:00+09:00,J3,358,308,666
2019-07-29T00:00:00+09:00,J4,494,471,965
2019-07-29T00:00:00+09:00,J5,173,174,347
2019-07-29T00:15:00+09:00,J1,183,197,380
2019-07-29T00:15:00+09:00,J2,242,189,431
2019-07-29T00:15:00+09:00,J3,297,284,581
2019-07-29T00:15:00+09:00,J4,415,391,806
2019-07-29T00:15:00+09:00,J5,149,168,317
2019-07-29T00:30:00+09:00,J1,147,176,323
2019-07-29T00:30:00+09:00,J2,245,194,439
2019-07-29T00:30:00+09:00,J3,288,274,562
2019-07-29T00:30:00+09:00,J4,535,516,1051
2019-07-29T00:30:00+09:00,J5,134,165,299
2019-07-29T00:45:00+09:00,J1,173,172,345
2019-07-29T00:45:00+09:00,J2,305,257,562
2019-07-29T00:45:00+09:00,J3,340,337,677
2019-07-29T00:45:00+09:00,J4,548,578,1126
2019-07-29T00:45:00+09:00,J5,156,127,283
2019-07-29T05:45:00+09:00,J1,294,286,580
2019-07-29T05:45:00+09:00,J2,135,179,314
2019-07-29T05:45:00+09:00,J3,277,285,562
2019-07-29T05:45:00+09:00,J4,431,491,922
2019-07-29T05:45:00+09:00,J5,405,356,761
2019-07-29T06:00:00+09:00,J1,277,238,515
2019-07-29T06:00:00+09:00,J2,177,174,351
2019-07-29T06:00:00+09:00,J3,327,273,600
2019-07-29T06:00:00+09:00,J4,401,402,803
2019-07-29T06:00:00+09:00,J5,320,256,576
2019-07-29T06:15:00+09:00,J1,272,254,526
2019-07-29T06:15:00+09:00,J2,209,169,378
2019-07-29T06:15:00+09:00,J3,422,403,825
2019-07-29T06:15:00+09:00,J4,535,604,1139
2019-07-29T06:15:00+09:00,J5,344,292,636
2019-07-29T06:30:00+09:00,J1,304,313,617
2019-07-29T06:30:00+09:00,J2,167,183,350
2019-07-29T06:30:00+09:00,J3,480,421,901
2019-07-29T06:30:00+09:00,J4,606,591,1197
2019-07-29T06:30:00+09:00,J5,200,136,336
2019-07-29T06:45:00+09:00,J1,347,335,682
2019-07-29T06:45:00+09:00,J2,202,171,373
2019-07-29T06:45:00+09:00,J3,505,375,880
2019-07-29T06:45:00+09:00,J4,538,687,1225
2019-07-29T06:45:00+09:00,J5,288,283,571
2019-07-29T07:00:00+09:00,J1,354,285,639
2019-07-29T07:00:00+09:00,J2,163,162,325
2019-07-29T07:00:00+09:00,J3,476,386,862
2019-07-29T07:00:00+09:00,J4,541,685,1226
2019-07-29T07:00:00+09:00,J5,288,258,546
2019-07-29T07:15:00+09:00,J1,433,335,768
2019-07-29T07:15:00+09:00,J2,221,154,375
2019-07-29T07:15:00+09:00,J3,534,482,1016
2019-07-29T07:15:00+09:00,J4,565,685,1250
2019-07-29T07:15:00+09:00,J5,200,182,382
2019-07-29T07:30:00+09:00,J1,570,370,940
2019-07-29T07:30:00+09:00,J2,278,272,550
2019-07-29T07:30:00+09:00,J3,549,576,1125
2019-07-29T07:30:00+09:00,J4,489,606,1095
2019-07-29T07:30:00+09:00,J5,240,261,501
2019-07-29T07:45:00+09:00,J1,634,433,1067
2019-07-29T07:45:00+09:00,J2,306,243,549
2019-07-29T07:45:00+09:00,J3,626,678,1304
2019-07-29T07:45:00+09:00,J4,467,701,1168
2019-07-29T07:45:00+09:00,J5,206,258,464
2019-07-29T08:00:00+09:00,J1,888,522,1410
2019-07-29T08:00:00+09:00,J2,433,247,680
2019-07-29T08:00:00+09:00,J3,731,834,1565
2019-07-29T08:00:00+09:00,J4,390,786,1176
2019-07-29T08:00:00+09:00,J5,253,352,605
2019-07-29T08:15:00+09:00,J1,1014,595,1609
2019-07-29T08:15:00+09:00,J2,536,432,968
2019-07-29T08:15:00+09:00,J3,766,900,1666
2019-07-29T08:15:00+09:00,J4,452,908,1360
2019-07-29T08:15:00+09:00,J5,335,359,694
2019-07-29T08:30:00+09:00,J1,1048,583,1631
2019-07-29T08:30:00+09:00,J2,515,431,946
2019-07-29T08:30:00+09:00,J3,913,973,1886
2019-07-29T08:30:00+09:00,J4,499,964,1463
2019-07-29T08:30:00+09:00,J5,442,487,929
2019-07-29T08:45:00+09:00,J1,851,515,1366
2019-07-29T08:45:00+09:00,J2,515,383,898
2019-07-29T08:45:00+09:00,J3,783,767,1550
2019-07-29T08:45:00+09:00,J4,371,651,1022
2019-07-29T08:45:00+09:00,J5,492,484,976
2019-07-29T09:00:00+09:00,J1,630,488,1118
2019-07-29T09:00:00+09:00,J2,423,343,766
2019-07-29T09:00:00+09:00,J3,710,607,1317
2019-07-29T09:00:00+09:00,J4,388,479,867
2019-07-29T09:00:00+09:00,J5,399,444,843
2019-07-29T09:15:00+09:00,J1,648,450,1098
2019-07-29T09:15:00+09:00,J2,474,360,834
2019-07-29T09:15:00+09:00,J3,595,562,1157
2019-07-29T09:15:00+09:00,J4,368,595,963
2019-07-29T09:15:00+09:00,J5,343,350,693
2019-07-29T09:30:00+09:00,J1,601,438,1039
2019-07-29T09:30:00+09:00,J2,383,277,660
2019-07-29T09:30:00+09:00,J3,705,755,1460
2019-07-29T09:30:00+09:00,J4,425,555,980
2019-07-29T09:30:00+09:00,J5,285,253,538
2019-07-29T09:45:00+09:00,J1,607,513,1120
2019-07-29T09:45:00+09:00,J2,320,313,633
2019-07-29T09:45:00+09:00,J3,556,568,1124
2019-07-29T09:45:00+09:00,J4,531,538,1069
2019-07-29T09:45:00+09:00,J5,226,225,451
2019-07-29T10:00:00+09:00,J1,644,621,1265
2019-07-29T10:00:00+09:00,J2,338,322,660
2019-07-29T10:00:00+09:00,J3,583,576,1159
2019-07-29T10:00:00+09:00,J4,610,636,1246
2019-07-29T10:00:00+09:00,J5,204,217,421
2019-07-29T10:15:00+09:00,J1,599,680,1279
2019-07-29T10:15:00+09:00,J2,386,268,654
2019-07-29T10:15:00+09:00,J3,620,588,1208
2019-07-29T10:15:00+09:00,J4,551,647,1198
2019-07-29T10:15:00+09:00,J5,215,234,449
2019-07-29T10:30:00+09:00,J1,649,629,1278
2019-07-29T10:30:00+09:00,J2,441,285,726
2019-07-29T10:30:00+09:00,J3,676,594,1270
2019-07-29T10:30:00+09:00,J4,491,534,1025
2019-07-29T10:30:00+09:00,J5,213,259,472
2019-07-29T10:45:00+09:00,J1,577,655,1232
2019-07-29T10:45:00+09:00,J2,391,304,695
2019-07-29T10:45:00+09:00,J3,617,535,1152
2019-07-29T10:45:00+09:00,J4,444,462,906
2019-07-29T10:45:00+09:00,J5,198,232,430
2019-07-29T11:00:00+09:00,J1,514,554,1068
2019-07-29T11:00:00+09:00,J2,315,297,612
2019-07-29T11:00:00+09:00,J3,573,518,1091
2019-07-29T11:00:00+09:00,J4,441,430,871
2019-07-29T11:00:00+09:00,J5,191,239,430
2019-07-29T11:15:00+09:00,J1,641,560,1201
2019-07-29T11:15:00+09:00,J2,272,265,537
2019-07-29T11:15:00+09:00,J3,609,488,1097
2019-07-29T11:15:00+09:00,J4,458,494,952
2019-07-29T11:15:00+09:00,J5,259,250,509
2019-07-29T11:30:00+09:00,J1,597,588,1185
2019-07-29T11:30:00+09:00,J2,379,328,707
2019-07-29T11:30:00+09:00,J3,596,510,1106
2019-07-29T11:30:00+09:00,J4,387,448,835
2019-07-29T11:30:00+09:00,J5,222,280,502
2019-07-29T11:45:00+09:00,J1,558,526,1084
2019-07-29T11:45:00+09:00,J2,372,271,643
2019-07-29T11:45:00+09:00,J3,624,560,1184
2019-07-29T11:45:00+09:00,J4,374,352,726
2019-07-29T11:45:00+09:00,J5,224,239,463
2019-07-29T12:00:00+09:00,J1,668,579,1247
2019-07-29T12:00:00+09:00,J2,399,286,685
2019-07-29T12:00:00+09:00,J3,702,683,1385
2019-07-29T12:00:00+09:00,J4,434,443,877
2019-07-29T12:00:00+09:00,J5,271,324,595
2019-07-29T12:15:00+09:00,J1,579,576,1155
2019-07-29T12:15:00+09:00,J2,462,306,768
2019-07-29T12:15:00+09:00,J3,692,597,1289
2019-07-29T12:15:00+09:00,J4,493,394,887
2019-07-29T12:15:00+09:00,J5,224,266,490
2019-07-29T12:30:00+09:00,J1,565,569,1134
2019-07-29T12:30:00+09:00,J2,454,283,737
2019-07-29T12:30:00+09:00,J3,663,580,1243
2019-07-29T12:30:00+09:00,J4,501,479,980
2019-07-29T12:30:00+09:00,J5,213,274,487
2019-07-29T12:45:00+09:00,J1,606,614,1220
2019-07-29T12:45:00+09:00,J2,446,270,716
2019-07-29T12:45:00+09:00,J3,647,617,1264
2019-07-29T12:45:00+09:00,J4,500,472,972
2019-07-29T12:45:00+09:00,J5,236,249,485
2019-07-29T13:00:00+09:00,J1,543,642,1185
2019-07-29T13:00:00+09:00,J2,448,270,718
2019-07-29T13:00:00+09:00,J3,612,684,1296
2019-07-29T13:00:00+09:00,J4,460,458,918
2019-07-29T13:00:00+09:00,J5,233,278,511
2019-07-29T13:15:00+09:00,J1,611,648,1259
2019-07-29T13:15:00+09:00,J2,404,262,666
2019-07-29T13:15:00+09:00,J3,555,679,1234
2019-07-29T13:15:00+09:00,J4,371,475,846
2019-07-29T13:15:00+09:00,J5,265,304,569
2019-07-29T13:30:00+09:00,J1,580,580,1160
2019-07-29T13:30:00+09:00,J2,417,244,661
2019-07-29T13:30:00+09:00,J3,604,620,1224
2019-07-29T13:30:00+09:00,J4,402,413,815
2019-07-29T13:30:00+09:00,J5,268,314,582
2019-07-29T13:45:00+09:00,J1,553,581,1134
2019-07-29T13:45:00+09:00,J2,411,268,679
2019-07-29T13:45:00+09:00,J3,576,660,1236
2019-07-29T13:45:00+09:00,J4,384,415,799
2019-07-29T13:45:00+09:00,J5,238,269,507
2019-07-29T14:00:00+09:00,J1,592,623,1215
2019-07-29T14:00:00+09:00,J2,441,317,758
2019-07-29T14:00:00+09:00,J3,593,652,1245
2019-07-29T14:00:00+09:00,J4,411,421,832
2019-07-29T14:00:00+09:00,J5,244,295,539
2019-07-29T14:15:00+09:00,J1,587,619,1206
2019-07-29T14:15:00+09:00,J2,458,257,715
2019-07-29T14:15:00+09:00,J3,598,697,1295
2019-07-29T14:15:00+09:00,J4,468,492,960
2019-07-29T14:15:00+09:00,J5,242,281,523
2019-07-29T14:30:00+09:00,J1,589,619,1208
2019-07-29T14:30:00+09:00,J2,443,221,664
2019-07-29T14:30:00+09:00,J3,624,677,1301
2019-07-29T14:30:00+09:00,J4,438,490,928
2019-07-29T14:30:00+09:00,J5,228,263,491
2019-07-29T14:45:00+09:00,J1,584,629,1213
2019-07-29T14:45:00+09:00,J2,462,223,685
2019-07-29T14:45:00+09:00,J3,613,650,1263
2019-07-29T14:45:00+09:00,J4,464,507,971
2019-07-29T14:45:00+09:00,J5,232,250,482
2019-07-29T15:00:00+09:00,J1,584,623,1207
2019-07-29T15:00:00+09:00,J2,477,314,791
2019-07-29T15:00:00+09:00,J3,589,680,1269
2019-07-29T15:00:00+09:00,J4,499,458,957
2019-07-29T15:00:00+09:00,J5,255,321,576
2019-07-29T15:15:00+09:00,J1,594,640,1234
2019-07-29T15:15:00+09:00,J2,454,273,727
2019-07-29T15:15:00+09:00,J3,600,757,1357
2019-07-29T15:15:00+09:00,J4,512,540,1052
2019-07-29T15:15:00+09:00,J5,283,367,650
2019-07-29T15:30:00+09:00,J1,645,593,1238
2019-07-29T15:30:00+09:00,J2,477,271,748
2019-07-29T15:30:00+09:00,J3,678,769,1447
2019-07-29T15:30:00+09:00,J4,383,431,814
2019-07-29T15:30:00+09:00,J5,297,362,659
2019-07-29T15:45:00+09:00,J1,580,619,1199
2019-07-29T15:45:00+09:00,J2,504,259,763
2019-07-29T15:45:00+09:00,J3,700,703,1403
2019-07-29T15:45:00+09:00,J4,462,415,877
2019-07-29T15:45:00+09:00,J5,276,334,610
2019-07-29T16:00:00+09:00,J1,583,603,1186
2019-07-29T16:00:00+09:00,J2,418,278,696
2019-07-29T16:00:00+09:00,J3,657,666,1323
2019-07-29T16:00:00+09:00,J4,419,455,874
2019-07-29T16:00:00+09:00,J5,268,315,583
2019-07-29T16:15:00+09:00,J1,599,665,1264
2019-07-29T16:15:00+09:00,J2,493,329,822
2019-07-29T16:15:00+09:00,J3,690,712,1402
2019-07-29T16:15:00+09:00,J4,442,431,873
2019-07-29T16:15:00+09:00,J5,319,386,705
2019-07-29T16:30:00+09:00,J1,600,609,1209
2019-07-29T16:30:00+09:00,J2,495,337,832
2019-07-29T16:30:00+09:00,J3,686,713,1399
2019-07-29T16:30:00+09:00,J4,426,425,851
2019-07-29T16:30:00+09:00,J5,272,350,622
2019-07-29T16:45:00+09:00,J1,554,630,1184
2019-07-29T16:45:00+09:00,J2,444,295,739
2019-07-29T16:45:00+09:00,J3,753,694,1447
2019-07-29T16:45:00+09:00,J4,407,369,776
2019-07-29T16:45:00+09:00,J5,264,348,612
2019-07-29T17:00:00+09:00,J1,569,662,1231
2019-07-29T17:00:00+09:00,J2,498,319,817
2019-07-29T17:00:00+09:00,J3,791,773,1564
2019-07-29T17:00:00+09:00,J4,540,563,1103
2019-07-29T17:00:00+09:00,J5,274,339,613
2019-07-29T17:15:00+09:00,J1,712,799,1511
2019-07-29T17:15:00+09:00,J2,555,328,883
2019-07-29T17:15:00+09:00,J3,834,864,1698
2019-07-29T17:15:00+09:00,J4,666,606,1272
2019-07-29T17:15:00+09:00,J5,257,330,587
2019-07-29T17:30:00+09:00,J1,727,867,1594
2019-07-29T17:30:00+09:00,J2,562,324,886
2019-07-29T17:30:00+09:00,J3,908,853,1761
2019-07-29T17:30:00+09:00,J4,605,644,1249
2019-07-29T17:30:00+09:00,J5,275,393,668
2019-07-29T17:45:00+09:00,J1,729,878,1607
2019-07-29T17:45:00+09:00,J2,493,357,850
2019-07-29T17:45:00+09:00,J3,879,905,1784
2019-07-29T17:45:00+09:00,J4,626,569,1195
2019-07-29T17:45:00+09:00,J5,329,463,792
2019-07-29T18:00:00+09:00,J1,766,876,1642
2019-07-29T18:00:00+09:00,J2,569,413,982
2019-07-29T18:00:00+09:00,J3,930,889,1819
2019-07-29T18:00:00+09:00,J4,624,562,1186
2019-07-29T18:00:00+09:00,J5,296,395,691
2019-07-29T18:15:00+09:00,J1,789,806,1595
2019-07-29T18:15:00+09:00,J2,644,321,965
2019-07-29T18:15:00+09:00,J3,764,679,1443
2019-07-29T18:15:00+09:00,J4,557,448,1005
2019-07-29T18:15:00+09:00,J5,270,438,708
2019-07-29T18:30:00+09:00,J1,639,639,1278
2019-07-29T18:30:00+09:00,J2,551,316,867
2019-07-29T18:30:00+09:00,J3,692,602,1294
2019-07-29T18:30:00+09:00,J4,542,436,978
2019-07-29T18:30:00+09:00,J5,256,364,620
2019-07-29T18:45:00+09:00,J1,572,595,1167
2019-07-29T18:45:00+09:00,J2,500,357,857
2019-07-29T18:45:00+09:00,J3,590,574,1164
2019-07-29T18:45:00+09:00,J4,489,389,878
2019-07-29T18:45:00+09:00,J5,219,335,554
2019-07-29T19:00:00+09:00,J1,475,584,1059
2019-07-29T19:00:00+09:00,J2,476,338,814
2019-07-29T19:00:00+09:00,J3,548,593,1141
2019-07-29T19:00:00+09:00,J4,440,406,846
2019-07-29T19:00:00+09:00,J5,241,354,595
2019-07-29T19:15:00+09:00,J1,472,569,1041
2019-07-29T19:15:00+09:00,J2,416,335,751
2019-07-29T19:15:00+09:00,J3,580,597,1177
2019-07-29T19:15:00+09:00,J4,446,407,853
2019-07-29T19:15:00+09:00,J5,269,302,571
2019-07-29T19:30:00+09:00,J1,434,485,919
2019-07-29T19:30:00+09:00,J2,385,359,744
2019-07-29T19:30:00+09:00,J3,558,515,1073
2019-07-29T19:30:00+09:00,J4,416,349,765
2019-07-29T19:30:00+09:00,J5,247,317,564
2019-07-29T19:45:00+09:00,J1,302,414,716
2019-07-29T19:45:00+09:00,J2,327,302,629
2019-07-29T19:45:00+09:00,J3,431,449,880
2019-07-29T19:45:00+09:00,J4,349,275,624
2019-07-29T19:45:00+09:00,J5,205,257,462
2019-07-29T20:00:00+09:00,J1,433,457,890
2019-07-29T20:00:00+09:00,J2,406,350,756
2019-07-29T20:00:00+09:00,J3,548,592,1140
2019-07-29T20:00:00+09:00,J4,417,381,798
2019-07-29T20:00:00+09:00,J5,278,361,639
2019-07-29T20:15:00+09:00,J1,383,435,818
2019-07-29T20:15:00+09:00,J2,308,279,587
2019-07-29T20:15:00+09:00,J3,558,592,1150
2019-07-29T20:15:00+09:00,J4,370,344,714
2019-07-29T20:15:00+09:00,J5,201,217,418
2019-07-29T20:30:00+09:00,J1,445,561,1006
2019-07-29T20:30:00+09:00,J2,335,275,610
2019-07-29T20:30:00+09:00,J3,542,507,1049
2019-07-29T20:30:00+09:00,J4,383,351,734
2019-07-29T20:30:00+09:00,J5,203,260,463
2019-07-29T20:45:00+09:00,J1,360,470,830
2019-07-29T20:45:00+09:00,J2,296,199,495
2019-07-29T20:45:00+09:00,J3,488,455,943
2019-07-29T20:45:00+09:00,J4,373,284,657
2019-07-29T20:45:00+09:00,J5,193,231,424
2019-07-29T21:00:00+09:00,J1,384,477,861
2019-07-29T21:00:00+09:00,J2,307,259,566
2019-07-29T21:00:00+09:00,J3,375,332,707
2019-07-29T21:00:00+09:00,J4,490,382,872
2019-07-29T21:00:00+09:00,J5,198,257,455
2019-07-29T21:15:00+09:00,J1,446,488,934
2019-07-29T21:15:00+09:00,J2,293,270,563
2019-07-29T21:15:00+09:00,J3,361,366,727
2019-07-29T21:15:00+09:00,J4,388,286,674
2019-07-29T21:15:00+09:00,J5,159,168,327
2019-07-29T21:30:00+09:00,J1,360,441,801
2019-07-29T21:30:00+09:00,J2,289,266,555
2019-07-29T21:30:00+09:00,J3,428,437,865
2019-07-29T21:30:00+09:00,J4,348,259,607
2019-07-29T21:30:00+09:00,J5,141,213,354
2019-07-29T21:45:00+09:00,J1,342,335,677
2019-07-29T21:45:00+09:00,J2,285,233,518
2019-07-29T21:45:00+09:00,J3,482,478,960
2019-07-29T21:45:00+09:00,J4,359,311,670
2019-07-29T21:45:00+09:00,J5,158,203,361
2019-07-29T22:00:00+09:00,J1,260,315,575
2019-07-29T22:00:00+09:00,J2,237,225,462
2019-07-29T22:00:00+09:00,J3,418,454,872
2019-07-29T22:00:00+09:00,J4,327,341,668
2019-07-29T22:00:00+09:00,J5,144,185,329
2019-07-29T22:15:00+09:00,J1,307,336,643
2019-07-29T22:15:00+09:00,J2,249,246,495
2019-07-29T22:15:00+09:00,J3,344,425,769
2019-07-29T22:15:00+09:00,J4,261,264,525
2019-07-29T22:15:00+09:00,J5,140,211,351
2019-07-29T22:30:00+09:00,J1,258,302,560
2019-07-29T22:30:00+09:00,J2,259,247,506
2019-07-29T22:30:00+09:00,J3,364,369,733
2019-07-29T22:30:00+09:00,J4,232,239,471
2019-07-29T22:30:00+09:00,J5,150,199,349
2019-07-29T22:45:00+09:00,J1,285,311,596
2019-07-29T22:45:00+09:00,J2,286,222,508
2019-07-29T22:45:00+09:00,J3,328,319,647
2019-07-29T22:45:00+09:00,J4,279,215,494
2019-07-29T22:45:00+09:00,J5,151,184,335
2019-07-29T23:00:00+09:00,J1,228,256,484
2019-07-29T23:00:00+09:00,J2,255,247,502
2019-07-29T23:00:00+09:00,J3,339,364,703
2019-07-29T23:00:00+09:00,J4,258,233,491
2019-07-29T23:00:00+09:00,J5,159,149,308
2019-07-29T23:15:00+09:00,J1,237,266,503
2019-07-29T23:15:00+09:00,J2,285,242,527
2019-07-29T23:15:00+09:00,J3,327,322,649
2019-07-29T23:15:00+09:00,J4,215,240,455
2019-07-29T23:15:00+09:00,J5,164,169,333
2019-07-29T23:30:00+09:00,J1,240,278,518
2019-07-29T23:30:00+09:00,J2,271,289,560
2019-07-29T23:30:00+09:00,J3,298,313,611
2019-07-29T23:30:00+09:00,J4,190,214,404
2019-07-29T23:30:00+09:00,J5,119,173,292
2019-07-29T23:45:00+09:00,J1,222,236,458
2019-07-29T23:45:00+09:00,J2,273,230,503
2019-07-29T23:45:00+09:00,J3,302,315,617
2019-07-29T23:45:00+09:00,J4,219,180,399
2019-07-29T23:45:00+09:00,J5,136,188,324
2019-07-30T00:00:00+09:00,J1,195,220,415
2019-07-30T00:00:00+09:00,J2,233,172,405
2019-07-30T00:00:00+09:00,J3,326,323,649
2019-07-30T00:00:00+09:00,J4,210,188,398
2019-07-30T00:00:00+09:00,J5,122,141,263
2019-07-30T00:15:00+09:00,J1,182,193,375
2019-07-30T00:15:00+09:00,J2,161,108,269
2019-07-30T00:15:00+09:00,J3,347,411,758
2019-07-30T00:15:00+09:00,J4,253,267,520
2019-07-30T00:15:00+09:00,J5,145,203,348
2019-07-30T00:30:00+09:00,J1,197,196,393
2019-07-30T00:30:00+09:00,J2,184,120,304
2019-07-30T00:30:00+09:00,J3,285,352,637
2019-07-30T00:30:00+09:00,J4,293,310,603
2019-07-30T00:30:00+09:00,J5,152,204,356
2019-07-30T00:45:00+09:00,J1,231,194,425
2019-07-30T00:45:00+09:00,J2,136,157,293
2019-07-30T00:45:00+09:00,J3,325,349,674
2019-07-30T00:45:00+09:00,J4,294,308,602
2019-07-30T00:45:00+09:00,J5,141,167,308
2019-07-30T05:45:00+09:00,J1,220,277,497
2019-07-30T05:45:00+09:00,J2,158,176,334
2019-07-30T05:45:00+09:00,J3,342,319,661
2019-07-30T05:45:00+09:00,J4,417,394,811
2019-07-30T05:45:00+09:00,J5,221,135,356
2019-07-30T06:00:00+09:00,J1,236,285,521
2019-07-30T06:00:00+09:00,J2,182,168,350
2019-07-30T06:00:00+09:00,J3,396,349,745
2019-07-30T06:00:00+09:00,J4,394,330,724
2019-07-30T06:00:00+09:00,J5,100,84,184
2019-07-30T06:15:00+09:00,J1,268,226,494
2019-07-30T06:15:00+09:00,J2,200,195,395
2019-07-30T06:15:00+09:00,J3,436,393,829
2019-07-30T06:15:00+09:00,J4,332,324,656
2019-07-30T06:15:00+09:00,J5,223,164,387
2019-07-30T06:30:00+09:00,J1,236,227,463
2019-07-30T06:30:00+09:00,J2,222,245,467
2019-07-30T06:30:00+09:00,J3,474,357,831
2019-07-30T06:30:00+09:00,J4,242,270,512
2019-07-30T06:30:00+09:00,J5,307,247,554
2019-07-30T06:45:00+09:00,J1,259,210,469
2019-07-30T06:45:00+09:00,J2,266,224,490
2019-07-30T06:45:00+09:00,J3,466,437,903
2019-07-30T06:45:00+09:00,J4,281,322,603
2019-07-30T06:45:00+09:00,J5,246,229,475
2019-07-30T07:00:00+09:00,J1,289,234,523
2019-07-30T07:00:00+09:00,J2,219,244,463
2019-07-30T07:00:00+09:00,J3,466,419,885
2019-07-30T07:00:00+09:00,J4,284,355,639
2019-07-30T07:00:00+09:00,J5,303,244,547
2019-07-30T07:15:00+09:00,J1,370,272,642
2019-07-30T07:15:00+09:00,J2,212,221,433
2019-07-30T07:15:00+09:00,J3,476,419,895
2019-07-30T07:15:00+09:00,J4,308,390,698
2019-07-30T07:15:00+09:00,J5,309,216,525
2019-07-30T07:30:00+09:00,J1,443,296,739
2019-07-30T07:30:00+09:00,J2,326,259,585
2019-07-30T07:30:00+09:00,J3,545,588,1133
2019-07-30T07:30:00+09:00,J4,278,487,765
2019-07-30T07:30:00+09:00,J5,324,226,550
2019-07-30T07:45:00+09:00,J1,520,369,889
2019-07-30T07:45:00+09:00,J2,391,310,701
2019-07-30T07:45:00+09:00,J3,697,652,1349
2019-07-30T07:45:00+09:00,J4,296,605,901
2019-07-30T07:45:00+09:00,J5,345,337,682
2019-07-30T08:00:00+09:00,J1,812,542,1354
2019-07-30T08:00:00+09:00,J2,483,344,827
2019-07-30T08:00:00+09:00,J3,621,814,1435
2019-07-30T08:00:00+09:00,J4,442,815,1257
2019-07-30T08:00:00+09:00,J5,418,326,744
2019-07-30T08:15:00+09:00,J1,969,682,1651
2019-07-30T08:15:00+09:00,J2,548,292,840
2019-07-30T08:15:00+09:00,J3,829,902,1731
2019-07-30T08:15:00+09:00,J4,474,806,1280
2019-07-30T08:15:00+09:00,J5,499,400,899
2019-07-30T08:30:00+09:00,J1,993,665,1658
2019-07-30T08:30:00+09:00,J2,547,359,906
2019-07-30T08:30:00+09:00,J3,758,932,1690
2019-07-30T08:30:00+09:00,J4,457,897,1354
2019-07-30T08:30:00+09:00,J5,555,371,926
2019-07-30T08:45:00+09:00,J1,747,528,1275
2019-07-30T08:45:00+09:00,J2,497,269,766
2019-07-30T08:45:00+09:00,J3,672,845,1517
2019-07-30T08:45:00+09:00,J4,380,629,1009
2019-07-30T08:45:00+09:00,J5,428,387,815
2019-07-30T09:00:00+09:00,J1,722,465,1187
2019-07-30T09:00:00+09:00,J2,337,282,619
2019-07-30T09:00:00+09:00,J3,514,630,1144
2019-07-30T09:00:00+09:00,J4,336,492,828
2019-07-30T09:00:00+09:00,J5,362,336,698
2019-07-30T09:15:00+09:00,J1,661,451,1112
2019-07-30T09:15:00+09:00,J2,349,263,612
2019-07-30T09:15:00+09:00,J3,602,631,1233
2019-07-30T09:15:00+09:00,J4,415,536,951
2019-07-30T09:15:00+09:00,J5,380,288,668
2019-07-30T09:30:00+09:00,J1,645,472,1117
2019-07-30T09:30:00+09:00,J2,332,283,615
2019-07-30T09:30:00+09:00,J3,594,598,1192
2019-07-30T09:30:00+09:00,J4,491,588,1079
2019-07-30T09:30:00+09:00,J5,371,276,647
2019-07-30T09:45:00+09:00,J1,617,483,1100
2019-07-30T09:45:00+09:00,J2,476,295,771
2019-07-30T09:45:00+09:00,J3,572,548,1120
2019-07-30T09:45:00+09:00,J4,473,459,932
2019-07-30T09:45:00+09:00,J5,273,250,523
2019-07-30T10:00:00+09:00,J1,572,487,1059
2019-07-30T10:00:00+09:00,J2,360,318,678
2019-07-30T10:00:00+09:00,J3,573,538,1111
2019-07-30T10:00:00+09:00,J4,420,465,885
2019-07-30T10:00:00+09:00,J5,216,272,488
2019-07-30T10:15:00+09:00,J1,589,693,1282
2019-07-30T10:15:00+09:00,J2,364,288,652
2019-07-30T10:15:00+09:00,J3,718,652,1370
2019-07-30T10:15:00+09:00,J4,440,424,864
2019-07-30T10:15:00+09:00,J5,231,233,464
2019-07-30T10:30:00+09:00,J1,570,725,1295
2019-07-30T10:30:00+09:00,J2,420,293,713
2019-07-30T10:30:00+09:00,J3,703,619,1322
2019-07-30T10:30:00+09:00,J4,375,446,821
2019-07-30T10:30:00+09:00,J5,269,275,544
2019-07-30T10:45:00+09:00,J1,600,748,1348
2019-07-30T10:45:00+09:00,J2,415,324,739
2019-07-30T10:45:00+09:00,J3,729,655,1384
2019-07-30T10:45:00+09:00,J4,428,457,885
2019-07-30T10:45:00+09:00,J5,240,240,480
2019-07-30T11:00:00+09:00,J1,606,618,1224
2019-07-30T11:00:00+09:00,J2,415,329,744
2019-07-30T11:00:00+09:00,J3,788,705,1493
2019-07-30T11:00:00+09:00,J4,416,488,904
2019-07-30T11:00:00+09:00,J5,233,249,482
2019-07-30T11:15:00+09:00,J1,618,610,1228
2019-07-30T11:15:00+09:00,J2,454,419,873
2019-07-30T11:15:00+09:00,J3,720,665,1385
2019-07-30T11:15:00+09:00,J4,539,578,1117
2019-07-30T11:15:00+09:00,J5,202,263,465
2019-07-30T11:30:00+09:00,J1,659,687,1346
2019-07-30T11:30:00+09:00,J2,435,343,778
2019-07-30T11:30:00+09:00,J3,695,634,1329
2019-07-30T11:30:00+09:00,J4,523,576,1099
2019-07-30T11:30:00+09:00,J5,218,240,458
2019-07-30T11:45:00+09:00,J1,626,676,1302
2019-07-30T11:45:00+09:00,J2,370,367,737
2019-07-30T11:45:00+09:00,J3,749,672,1421
2019-07-30T11:45:00+09:00,J4,494,508,1002
2019-07-30T11:45:00+09:00,J5,220,253,473
2019-07-30T12:00:00+09:00,J1,727,739,1466
2019-07-30T12:00:00+09:00,J2,452,373,825
2019-07-30T12:00:00+09:00,J3,776,676,1452
2019-07-30T12:00:00+09:00,J4,559,502,1061
2019-07-30T12:00:00+09:00,J5,228,295,523
2019-07-30T12:15:00+09:00,J1,725,784,1509
2019-07-30T12:15:00+09:00,J2,518,268,786
2019-07-30T12:15:00+09:00,J3,697,669,1366
2019-07-30T12:15:00+09:00,J4,529,534,1063
2019-07-30T12:15:00+09:00,J5,283,296,579
2019-07-30T12:30:00+09:00,J1,697,694,1391
2019-07-30T12:30:00+09:00,J2,535,385,920
2019-07-30T12:30:00+09:00,J3,838,708,1546
2019-07-30T12:30:00+09:00,J4,531,551,1082
2019-07-30T12:30:00+09:00,J5,272,283,555
2019-07-30T12:45:00+09:00,J1,737,755,1492
2019-07-30T12:45:00+09:00,J2,398,384,782
2019-07-30T12:45:00+09:00,J3,725,719,1444
2019-07-30T12:45:00+09:00,J4,503,485,988
2019-07-30T12:45:00+09:00,J5,258,232,490
2019-07-30T13:00:00+09:00,J1,716,797,1513
2019-07-30T13:00:00+09:00,J2,357,365,722
2019-07-30T13:00:00+09:00,J3,673,604,1277
2019-07-30T13:00:00+09:00,J4,468,471,939
2019-07-30T13:00:00+09:00,J5,238,268,506
2019-07-30T13:15:00+09:00,J1,632,744,1376
2019-07-30T13:15:00+09:00,J2,316,362,678
2019-07-30T13:15:00+09:00,J3,660,620,1280
2019-07-30T13:15:00+09:00,J4,513,451,964
2019-07-30T13:15:00+09:00,J5,231,264,495
2019-07-30T13:30:00+09:00,J1,735,763,1498
2019-07-30T13:30:00+09:00,J2,323,334,657
2019-07-30T13:30:00+09:00,J3,651,648,1299
2019-07-30T13:30:00+09:00,J4,541,487,1028
2019-07-30T13:30:00+09:00,J5,268,282,550
2019-07-30T13:45:00+09:00,J1,658,782,1440
2019-07-30T13:45:00+09:00,J2,397,318,715
2019-07-30T13:45:00+09:00,J3,698,585,1283
2019-07-30T13:45:00+09:00,J4,525,505,1030
2019-07-30T13:45:00+09:00,J5,244,333,577
2019-07-30T14:00:00+09:00,J1,660,799,1459
2019-07-30T14:00:00+09:00,J2,397,333,730
2019-07-30T14:00:00+09:00,J3,635,593,1228
2019-07-30T14:00:00+09:00,J4,498,500,998
2019-07-30T14:00:00+09:00,J5,320,397,717
2019-07-30T14:15:00+09:00,J1,725,817,1542
2019-07-30T14:15:00+09:00,J2,346,286,632
2019-07-30T14:15:00+09:00,J3,737,635,1372
2019-07-30T14:15:00+09:00,J4,511,508,1019
2019-07-30T14:15:00+09:00,J5,253,316,569
2019-07-30T14:30:00+09:00,J1,644,723,1367
2019-07-30T14:30:00+09:00,J2,355,365,720
2019-07-30T14:30:00+09:00,J3,732,660,1392
2019-07-30T14:30:00+09:00,J4,497,541,1038
2019-07-30T14:30:00+09:00,J5,279,258,537
2019-07-30T14:45:00+09:00,J1,590,718,1308
2019-07-30T14:45:00+09:00,J2,348,305,653
2019-07-30T14:45:00+09:00,J3,703,635,1338
2019-07-30T14:45:00+09:00,J4,493,446,939
2019-07-30T14:45:00+09:00,J5,240,287,527
2019-07-30T15:00:00+09:00,J1,632,725,1357
2019-07-30T15:00:00+09:00,J2,360,352,712
2019-07-30T15:00:00+09:00,J3,745,637,1382
2019-07-30T15:00:00+09:00,J4,442,417,859
2019-07-30T15:00:00+09:00,J5,219,284,503
2019-07-30T15:15:00+09:00,J1,612,783,1395
2019-07-30T15:15:00+09:00,J2,309,280,589
2019-07-30T15:15:00+09:00,J3,737,678,1415
2019-07-30T15:15:00+09:00,J4,545,478,1023
2019-07-30T15:15:00+09:00,J5,238,318,556
2019-07-30T15:30:00+09:00,J1,709,840,1549
2019-07-30T15:30:00+09:00,J2,381,289,670
2019-07-30T15:30:00+09:00,J3,723,738,1461
2019-07-30T15:30:00+09:00,J4,552,497,1049
2019-07-30T15:30:00+09:00,J5,269,307,576
2019-07-30T15:45:00+09:00,J1,694,878,1572
2019-07-30T15:45:00+09:00,J2,341,308,649
2019-07-30T15:45:00+09:00,J3,889,847,1736
2019-07-30T15:45:00+09:00,J4,446,474,920
2019-07-30T15:45:00+09:00,J5,292,306,598
2019-07-30T16:00:00+09:00,J1,645,738,1383
2019-07-30T16:00:00+09:00,J2,366,285,651
2019-07-30T16:00:00+09:00,J3,882,803,1685
2019-07-30T16:00:00+09:00,J4,538,483,1021
2019-07-30T16:00:00+09:00,J5,220,253,473
2019-07-30T16:15:00+09:00,J1,686,753,1439
2019-07-30T16:15:00+09:00,J2,459,334,793
2019-07-30T16:15:00+09:00,J3,845,602,1447
2019-07-30T16:15:00+09:00,J4,494,501,995
2019-07-30T16:15:00+09:00,J5,274,245,519
2019-07-30T16:30:00+09:00,J1,652,761,1413
2019-07-30T16:30:00+09:00,J2,489,454,943
2019-07-30T16:30:00+09:00,J3,758,671,1429
2019-07-30T16:30:00+09:00,J4,462,521,983
2019-07-30T16:30:00+09:00,J5,199,251,450
2019-07-30T16:45:00+09:00,J1,715,848,1563
2019-07-30T16:45:00+09:00,J2,551,425,976
2019-07-30T16:45:00+09:00,J3,861,622,1483
2019-07-30T16:45:00+09:00,J4,438,456,894
2019-07-30T16:45:00+09:00,J5,196,250,446
2019-07-30T17:00:00+09:00,J1,684,846,1530
2019-07-30T17:00:00+09:00,J2,478,491,969
2019-07-30T17:00:00+09:00,J3,809,734,1543
2019-07-30T17:00:00+09:00,J4,492,496,988
2019-07-30T17:00:00+09:00,J5,286,268,554
2019-07-30T17:15:00+09:00,J1,734,825,1559
2019-07-30T17:15:00+09:00,J2,488,349,837
2019-07-30T17:15:00+09:00,J3,886,737,1623
2019-07-30T17:15:00+09:00,J4,570,470,1040
2019-07-30T17:15:00+09:00,J5,252,360,612
2019-07-30T17:30:00+09:00,J1,819,877,1696
2019-07-30T17:30:00+09:00,J2,479,386,865
2019-07-30T17:30:00+09:00,J3,828,755,1583
2019-07-30T17:30:00+09:00,J4,717,576,1293
2019-07-30T17:30:00+09:00,J5,271,441,712
2019-07-30T17:45:00+09:00,J1,815,948,1763
2019-07-30T17:45:00+09:00,J2,465,392,857
2019-07-30T17:45:00+09:00,J3,855,847,1702
2019-07-30T17:45:00+09:00,J4,710,705,1415
2019-07-30T17:45:00+09:00,J5,315,418,733
2019-07-30T18:00:00+09:00,J1,804,928,1732
2019-07-30T18:00:00+09:00,J2,488,354,842
2019-07-30T18:00:00+09:00,J3,898,866,1764
2019-07-30T18:00:00+09:00,J4,850,744,1594
2019-07-30T18:00:00+09:00,J5,356,440,796
2019-07-30T18:15:00+09:00,J1,657,911,1568
2019-07-30T18:15:00+09:00,J2,416,337,753
2019-07-30T18:15:00+09:00,J3,796,759,1555
2019-07-30T18:15:00+09:00,J4,835,760,1595
2019-07-30T18:15:00+09:00,J5,329,455,784
2019-07-30T18:30:00+09:00,J1,649,787,1436
2019-07-30T18:30:00+09:00,J2,405,351,756
2019-07-30T18:30:00+09:00,J3,715,701,1416
2019-07-30T18:30:00+09:00,J4,788,686,1474
2019-07-30T18:30:00+09:00,J5,368,499,867
2019-07-30T18:45:00+09:00,J1,553,715,1268
2019-07-30T18:45:00+09:00,J2,439,375,814
2019-07-30T18:45:00+09:00,J3,685,654,1339
2019-07-30T18:45:00+09:00,J4,731,686,1417
2019-07-30T18:45:00+09:00,J5,365,459,824
2019-07-30T19:00:00+09:00,J1,505,621,1126
2019-07-30T19:00:00+09:00,J2,379,335,714
2019-07-30T19:00:00+09:00,J3,598,588,1186
2019-07-30T19:00:00+09:00,J4,702,656,1358
2019-07-30T19:00:00+09:00,J5,341,449,790
2019-07-30T19:15:00+09:00,J1,497,685,1182
2019-07-30T19:15:00+09:00,J2,377,302,679
2019-07-30T19:15:00+09:00,J3,633,629,1262
2019-07-30T19:15:00+09:00,J4,674,669,1343
2019-07-30T19:15:00+09:00,J5,353,440,793
2019-07-30T19:30:00+09:00,J1,469,651,1120
2019-07-30T19:30:00+09:00,J2,390,339,729
2019-07-30T19:30:00+09:00,J3,579,637,1216
2019-07-30T19:30:00+09:00,J4,631,620,1251
2019-07-30T19:30:00+09:00,J5,402,469,871
2019-07-30T19:45:00+09:00,J1,480,600,1080
2019-07-30T19:45:00+09:00,J2,335,283,618
2019-07-30T19:45:00+09:00,J3,562,598,1160
2019-07-30T19:45:00+09:00,J4,658,643,1301
2019-07-30T19:45:00+09:00,J5,377,407,784
2019-07-30T20:00:00+09:00,J1,369,479,848
2019-07-30T20:00:00+09:00,J2,271,270,541
2019-07-30T20:00:00+09:00,J3,485,495,980
2019-07-30T20:00:00+09:00,J4,551,531,1082
2019-07-30T20:00:00+09:00,J5,252,372,624
2019-07-30T20:15:00+09:00,J1,580,759,1339
2019-07-30T20:15:00+09:00,J2,316,317,633
2019-07-30T20:15:00+09:00,J3,717,709,1426
2019-07-30T20:15:00+09:00,J4,748,866,1614
2019-07-30T20:15:00+09:00,J5,460,550,1010
2019-07-30T20:30:00+09:00,J1,487,602,1089
2019-07-30T20:30:00+09:00,J2,285,296,581
2019-07-30T20:30:00+09:00,J3,529,570,1099
2019-07-30T20:30:00+09:00,J4,625,627,1252
2019-07-30T20:30:00+09:00,J5,342,445,787
2019-07-30T20:45:00+09:00,J1,461,522,983
2019-07-30T20:45:00+09:00,J2,264,251,515
2019-07-30T20:45:00+09:00,J3,460,481,941
2019-07-30T20:45:00+09:00,J4,623,612,1235
2019-07-30T20:45:00+09:00,J5,288,411,699
2019-07-30T21:00:00+09:00,J1,410,489,899
2019-07-30T21:00:00+09:00,J2,291,263,554
2019-07-30T21:00:00+09:00,J3,365,395,760
2019-07-30T21:00:00+09:00,J4,590,490,1080
2019-07-30T21:00:00+09:00,J5,253,339,592
2019-07-30T21:15:00+09:00,J1,364,511,875
2019-07-30T21:15:00+09:00,J2,299,286,585
2019-07-30T21:15:00+09:00,J3,372,455,827
2019-07-30T21:15:00+09:00,J4,624,536,1160
2019-07-30T21:15:00+09:00,J5,190,276,466
2019-07-30T21:30:00+09:00,J1,396,576,972
2019-07-30T21:30:00+09:00,J2,304,308,612
2019-07-30T21:30:00+09:00,J3,612,513,1125
2019-07-30T21:30:00+09:00,J4,606,601,1207
2019-07-30T21:30:00+09:00,J5,243,301,544
2019-07-30T21:45:00+09:00,J1,451,510,961
2019-07-30T21:45:00+09:00,J2,271,252,523
2019-07-30T21:45:00+09:00,J3,664,578,1242
2019-07-30T21:45:00+09:00,J4,581,504,1085
2019-07-30T21:45:00+09:00,J5,282,319,601
2019-07-30T22:00:00+09:00,J1,450,479,929
2019-07-30T22:00:00+09:00,J2,258,264,522
2019-07-30T22:00:00+09:00,J3,720,577,1297
2019-07-30T22:00:00+09:00,J4,534,514,1048
2019-07-30T22:00:00+09:00,J5,264,285,549
2019-07-30T22:15:00+09:00,J1,434,506,940
2019-07-30T22:15:00+09:00,J2,238,322,560
2019-07-30T22:15:00+09:00,J3,702,532,1234
2019-07-30T22:15:00+09:00,J4,522,482,1004
2019-07-30T22:15:00+09:00,J5,207,251,458
2019-07-30T22:30:00+09:00,J1,423,484,907
2019-07-30T22:30:00+09:00,J2,237,272,509
2019-07-30T22:30:00+09:00,J3,655,534,1189
2019-07-30T22:30:00+09:00,J4,540,528,1068
2019-07-30T22:30:00+09:00,J5,231,252,483
2019-07-30T22:45:00+09:00,J1,466,495,961
2019-07-30T22:45:00+09:00,J2,256,265,521
2019-07-30T22:45:00+09:00,J3,646,552,1198
2019-07-30T22:45:00+09:00,J4,538,515,1053
2019-07-30T22:45:00+09:00,J5,261,294,555
2019-07-30T23:00:00+09:00,J1,400,407,807
2019-07-30T23:00:00+09:00,J2,264,215,479
2019-07-30T23:00:00+09:00,J3,696,523,1219
2019-07-30T23:00:00+09:00,J4,531,546,1077
2019-07-30T23:00:00+09:00,J5,227,235,462
2019-07-30T23:15:00+09:00,J1,384,420,804
2019-07-30T23:15:00+09:00,J2,225,226,451
2019-07-30T23:15:00+09:00,J3,680,573,1253
2019-07-30T23:15:00+09:00,J4,534,532,1066
2019-07-30T23:15:00+09:00,J5,214,243,457
2019-07-30T23:30:00+09:00,J1,413,415,828
2019-07-30T23:30:00+09:00,J2,306,284,590
2019-07-30T23:30:00+09:00,J3,676,542,1218
2019-07-30T23:30:00+09:00,J4,443,480,923
2019-07-30T23:30:00+09:00,J5,282,312,594
2019-07-30T23:45:00+09:00,J1,432,427,859
2019-07-30T23:45:00+09:00,J2,235,216,451
2019-07-30T23:45:00+09:00,J3,683,507,1190
2019-07-30T23:45:00+09:00,J4,497,547,1044
2019-07-30T23:45:00+09:00,J5,287,336,623
2019-07-31T00:00:00+09:00,J1,327,288,615
2019-07-31T00:00:00+09:00,J2,155,177,332
2019-07-31T00:00:00+09:00,J3,309,277,586
2019-07-31T00:00:00+09:00,J4,442,414,856
2019-07-31T00:00:00+09:00,J5,255,267,522
2019-07-31T00:15:00+09:00,J1,193,178,371
2019-07-31T00:15:00+09:00,J2,106,140,246
2019-07-31T00:15:00+09:00,J3,165,172,337
2019-07-31T00:15:00+09:00,J4,180,199,379
2019-07-31T00:15:00+09:00,J5,181,175,356
2019-07-31T00:30:00+09:00,J1,133,141,274
2019-07-31T00:30:00+09:00,J2,171,162,333
2019-07-31T00:30:00+09:00,J3,277,223,500
2019-07-31T00:30:00+09:00,J4,141,135,276
2019-07-31T00:30:00+09:00,J5,129,137,266
2019-07-31T00:45:00+09:00,J1,154,166,320
2019-07-31T00:45:00+09:00,J2,188,194,382
2019-07-31T00:45:00+09:00,J3,229,295,524
2019-07-31T00:45:00+09:00,J4,144,164,308
2019-07-31T00:45:00+09:00,J5,99,123,222
2019-07-31T05:45:00+09:00,J1,248,271,519
2019-07-31T05:45:00+09:00,J2,195,208,403
2019-07-31T05:45:00+09:00,J3,296,301,597
2019-07-31T05:45:00+09:00,J4,304,296,600
2019-07-31T05:45:00+09:00,J5,141,144,285
2019-07-31T06:00:00+09:00,J1,238,233,471
2019-07-31T06:00:00+09:00,J2,224,230,454
2019-07-31T06:00:00+09:00,J3,490,435,925
2019-07-31T06:00:00+09:00,J4,298,354,652
2019-07-31T06:00:00+09:00,J5,180,167,347
2019-07-31T06:15:00+09:00,J1,276,266,542
2019-07-31T06:15:00+09:00,J2,283,246,529
2019-07-31T06:15:00+09:00,J3,450,387,837
2019-07-31T06:15:00+09:00,J4,318,353,671
2019-07-31T06:15:00+09:00,J5,187,203,390
2019-07-31T06:30:00+09:00,J1,263,240,503
2019-07-31T06:30:00+09:00,J2,216,182,398
2019-07-31T06:30:00+09:00,J3,477,357,834
2019-07-31T06:30:00+09:00,J4,258,302,560
2019-07-31T06:30:00+09:00,J5,284,230,514
2019-07-31T06:45:00+09:00,J1,278,240,518
2019-07-31T06:45:00+09:00,J2,294,237,531
2019-07-31T06:45:00+09:00,J3,433,372,805
2019-07-31T06:45:00+09:00,J4,346,391,737
2019-07-31T06:45:00+09:00,J5,247,206,453
2019-07-31T07:00:00+09:00,J1,317,267,584
2019-07-31T07:00:00+09:00,J2,188,182,370
2019-07-31T07:00:00+09:00,J3,410,410,820
2019-07-31T07:00:00+09:00,J4,360,386,746
2019-07-31T07:00:00+09:00,J5,257,169,426
2019-07-31T07:15:00+09:00,J1,352,285,637
2019-07-31T07:15:00+09:00,J2,223,194,417
2019-07-31T07:15:00+09:00,J3,504,427,931
2019-07-31T07:15:00+09:00,J4,377,431,808
2019-07-31T07:15:00+09:00,J5,194,200,394
2019-07-31T07:30:00+09:00,J1,413,257,670
2019-07-31T07:30:00+09:00,J2,261,242,503
2019-07-31T07:30:00+09:00,J3,554,533,1087
2019-07-31T07:30:00+09:00,J4,331,527,858
2019-07-31T07:30:00+09:00,J5,207,261,468
2019-07-31T07:45:00+09:00,J1,553,351,904
2019-07-31T07:45:00+09:00,J2,326,242,568
2019-07-31T07:45:00+09:00,J3,550,643,1193
2019-07-31T07:45:00+09:00,J4,288,620,908
2019-07-31T07:45:00+09:00,J5,287,284,571
2019-07-31T08:00:00+09:00,J1,777,501,1278
2019-07-31T08:00:00+09:00,J2,459,365,824
2019-07-31T08:00:00+09:00,J3,548,721,1269
2019-07-31T08:00:00+09:00,J4,379,709,1088
2019-07-31T08:00:00+09:00,J5,329,405,734
2019-07-31T08:15:00+09:00,J1,1068,625,1693
2019-07-31T08:15:00+09:00,J2,535,432,967
2019-07-31T08:15:00+09:00,J3,766,878,1644
2019-07-31T08:15:00+09:00,J4,558,1010,1568
2019-07-31T08:15:00+09:00,J5,469,477,946
2019-07-31T08:30:00+09:00,J1,1129,632,1761
2019-07-31T08:30:00+09:00,J2,420,437,857
2019-07-31T08:30:00+09:00,J3,801,848,1649
2019-07-31T08:30:00+09:00,J4,692,1023,1715
2019-07-31T08:30:00+09:00,J5,502,429,931
2019-07-31T08:45:00+09:00,J1,898,537,1435
2019-07-31T08:45:00+09:00,J2,348,312,660
2019-07-31T08:45:00+09:00,J3,720,795,1515
2019-07-31T08:45:00+09:00,J4,617,882,1499
2019-07-31T08:45:00+09:00,J5,245,314,559
2019-07-31T09:00:00+09:00,J1,619,489,1108
2019-07-31T09:00:00+09:00,J2,395,275,670
2019-07-31T09:00:00+09:00,J3,739,694,1433
2019-07-31T09:00:00+09:00,J4,528,689,1217
2019-07-31T09:00:00+09:00,J5,291,305,596
2019-07-31T09:15:00+09:00,J1,571,439,1010
2019-07-31T09:15:00+09:00,J2,279,184,463
2019-07-31T09:15:00+09:00,J3,595,568,1163
2019-07-31T09:15:00+09:00,J4,392,537,929
2019-07-31T09:15:00+09:00,J5,286,301,587
2019-07-31T09:30:00+09:00,J1,601,493,1094
2019-07-31T09:30:00+09:00,J2,318,286,604
2019-07-31T09:30:00+09:00,J3,715,547,1262
2019-07-31T09:30:00+09:00,J4,409,527,936
2019-07-31T09:30:00+09:00,J5,249,267,516
2019-07-31T09:45:00+09:00,J1,642,617,1259
2019-07-31T09:45:00+09:00,J2,337,311,648
2019-07-31T09:45:00+09:00,J3,632,577,1209
2019-07-31T09:45:00+09:00,J4,340,416,756
2019-07-31T09:45:00+09:00,J5,226,260,486
2019-07-31T10:00:00+09:00,J1,498,548,1046
2019-07-31T10:00:00+09:00,J2,298,300,598
2019-07-31T10:00:00+09:00,J3,586,488,1074
2019-07-31T10:00:00+09:00,J4,381,390,771
2019-07-31T10:00:00+09:00,J5,156,236,392
2019-07-31T10:15:00+09:00,J1,615,573,1188
2019-07-31T10:15:00+09:00,J2,411,265,676
2019-07-31T10:15:00+09:00,J3,687,542,1229
2019-07-31T10:15:00+09:00,J4,381,448,829
2019-07-31T10:15:00+09:00,J5,217,283,500
2019-07-31T10:30:00+09:00,J1,591,610,1201
2019-07-31T10:30:00+09:00,J2,411,282,693
2019-07-31T10:30:00+09:00,J3,633,557,1190
2019-07-31T10:30:00+09:00,J4,388,457,845
2019-07-31T10:30:00+09:00,J5,191,271,462
2019-07-31T10:45:00+09:00,J1,524,616,1140
2019-07-31T10:45:00+09:00,J2,409,269,678
2019-07-31T10:45:00+09:00,J3,621,489,1110
2019-07-31T10:45:00+09:00,J4,355,424,779
2019-07-31T10:45:00+09:00,J5,224,282,506
2019-07-31T11:00:00+09:00,J1,573,524,1097
2019-07-31T11:00:00+09:00,J2,339,309,648
2019-07-31T11:00:00+09:00,J3,530,541,1071
2019-07-31T11:00:00+09:00,J4,408,385,793
2019-07-31T11:00:00+09:00,J5,204,317,521
2019-07-31T11:15:00+09:00,J1,609,556,1165
2019-07-31T11:15:00+09:00,J2,332,262,594
2019-07-31T11:15:00+09:00,J3,590,673,1263
2019-07-31T11:15:00+09:00,J4,349,431,780
2019-07-31T11:15:00+09:00,J5,204,239,443
2019-07-31T11:30:00+09:00,J1,641,527,1168
2019-07-31T11:30:00+09:00,J2,296,238,534
2019-07-31T11:30:00+09:00,J3,582,619,1201
2019-07-31T11:30:00+09:00,J4,380,414,794
2019-07-31T11:30:00+09:00,J5,260,287,547
2019-07-31T11:45:00+09:00,J1,597,531,1128
2019-07-31T11:45:00+09:00,J2,356,302,658
2019-07-31T11:45:00+09:00,J3,706,516,1222
2019-07-31T11:45:00+09:00,J4,448,542,990
2019-07-31T11:45:00+09:00,J5,198,253,451
2019-07-31T12:00:00+09:00,J1,603,609,1212
2019-07-31T12:00:00+09:00,J2,456,326,782
2019-07-31T12:00:00+09:00,J3,746,603,1349
2019-07-31T12:00:00+09:00,J4,556,526,1082
2019-07-31T12:00:00+09:00,J5,224,322,546
2019-07-31T12:15:00+09:00,J1,540,572,1112
2019-07-31T12:15:00+09:00,J2,500,339,839
2019-07-31T12:15:00+09:00,J3,758,634,1392
2019-07-31T12:15:00+09:00,J4,566,517,1083
2019-07-31T12:15:00+09:00,J5,224,297,521
2019-07-31T12:30:00+09:00,J1,607,554,1161
2019-07-31T12:30:00+09:00,J2,555,346,901
2019-07-31T12:30:00+09:00,J3,702,646,1348
2019-07-31T12:30:00+09:00,J4,593,547,1140
2019-07-31T12:30:00+09:00,J5,253,293,546
2019-07-31T12:45:00+09:00,J1,584,631,1215
2019-07-31T12:45:00+09:00,J2,410,342,752
2019-07-31T12:45:00+09:00,J3,594,646,1240
2019-07-31T12:45:00+09:00,J4,553,445,998
2019-07-31T12:45:00+09:00,J5,247,304,551
2019-07-31T13:00:00+09:00,J1,645,680,1325
2019-07-31T13:00:00+09:00,J2,285,303,588
2019-07-31T13:00:00+09:00,J3,650,590,1240
2019-07-31T13:00:00+09:00,J4,511,491,1002
2019-07-31T13:00:00+09:00,J5,301,325,626
2019-07-31T13:15:00+09:00,J1,626,677,1303
2019-07-31T13:15:00+09:00,J2,375,282,657
2019-07-31T13:15:00+09:00,J3,701,657,1358
2019-07-31T13:15:00+09:00,J4,562,494,1056
2019-07-31T13:15:00+09:00,J5,273,353,626
2019-07-31T13:30:00+09:00,J1,600,633,1233
2019-07-31T13:30:00+09:00,J2,369,315,684
2019-07-31T13:30:00+09:00,J3,724,659,1383
2019-07-31T13:30:00+09:00,J4,559,553,1112
2019-07-31T13:30:00+09:00,J5,306,365,671
2019-07-31T13:45:00+09:00,J1,649,633,1282
2019-07-31T13:45:00+09:00,J2,312,253,565
2019-07-31T13:45:00+09:00,J3,678,675,1353
2019-07-31T13:45:00+09:00,J4,563,439,1002
2019-07-31T13:45:00+09:00,J5,289,351,640
2019-07-31T14:00:00+09:00,J1,594,712,1306
2019-07-31T14:00:00+09:00,J2,341,257,598
2019-07-31T14:00:00+09:00,J3,626,670,1296
2019-07-31T14:00:00+09:00,J4,573,489,1062
2019-07-31T14:00:00+09:00,J5,233,318,551
2019-07-31T14:15:00+09:00,J1,675,742,1417
2019-07-31T14:15:00+09:00,J2,392,335,727
2019-07-31T14:15:00+09:00,J3,609,563,1172
2019-07-31T14:15:00+09:00,J4,579,564,1143
2019-07-31T14:15:00+09:00,J5,281,334,615
2019-07-31T14:30:00+09:00,J1,682,716,1398
2019-07-31T14:30:00+09:00,J2,466,322,788
2019-07-31T14:30:00+09:00,J3,606,588,1194
2019-07-31T14:30:00+09:00,J4,567,535,1102
2019-07-31T14:30:00+09:00,J5,295,367,662
2019-07-31T14:45:00+09:00,J1,595,781,1376
2019-07-31T14:45:00+09:00,J2,531,340,871
2019-07-31T14:45:00+09:00,J3,598,570,1168
2019-07-31T14:45:00+09:00,J4,585,518,1103
2019-07-31T14:45:00+09:00,J5,229,286,515
2019-07-31T15:00:00+09:00,J1,593,791,1384
2019-07-31T15:00:00+09:00,J2,466,404,870
2019-07-31T15:00:00+09:00,J3,568,571,1139
2019-07-31T15:00:00+09:00,J4,524,518,1042
2019-07-31T15:00:00+09:00,J5,210,232,442
2019-07-31T15:15:00+09:00,J1,531,791,1322
2019-07-31T15:15:00+09:00,J2,393,409,802
2019-07-31T15:15:00+09:00,J3,556,632,1188
2019-07-31T15:15:00+09:00,J4,524,560,1084
2019-07-31T15:15:00+09:00,J5,197,219,416
2019-07-31T15:30:00+09:00,J1,604,805,1409
2019-07-31T15:30:00+09:00,J2,406,349,755
2019-07-31T15:30:00+09:00,J3,527,619,1146
2019-07-31T15:30:00+09:00,J4,596,548,1144
2019-07-31T15:30:00+09:00,J5,218,278,496
2019-07-31T15:45:00+09:00,J1,639,771,1410
2019-07-31T15:45:00+09:00,J2,381,346,727
2019-07-31T15:45:00+09:00,J3,590,685,1275
2019-07-31T15:45:00+09:00,J4,516,562,1078
2019-07-31T15:45:00+09:00,J5,299,331,630
2019-07-31T16:00:00+09:00,J1,542,830,1372
2019-07-31T16:00:00+09:00,J2,345,318,663
2019-07-31T16:00:00+09:00,J3,556,580,1136
2019-07-31T16:00:00+09:00,J4,564,518,1082
2019-07-31T16:00:00+09:00,J5,279,306,585
2019-07-31T16:15:00+09:00,J1,558,765,1323
2019-07-31T16:15:00+09:00,J2,353,281,634
2019-07-31T16:15:00+09:00,J3,623,656,1279
2019-07-31T16:15:00+09:00,J4,556,529,1085
2019-07-31T16:15:00+09:00,J5,227,280,507
2019-07-31T16:30:00+09:00,J1,572,721,1293
2019-07-31T16:30:00+09:00,J2,321,325,646
2019-07-31T16:30:00+09:00,J3,591,697,1288
2019-07-31T16:30:00+09:00,J4,594,563,1157
2019-07-31T16:30:00+09:00,J5,214,321,535
2019-07-31T16:45:00+09:00,J1,601,656,1257
2019-07-31T16:45:00+09:00,J2,362,362,724
2019-07-31T16:45:00+09:00,J3,609,650,1259
2019-07-31T16:45:00+09:00,J4,544,489,1033
2019-07-31T16:45:00+09:00,J5,202,280,482
2019-07-31T17:00:00+09:00,J1,602,768,1370
2019-07-31T17:00:00+09:00,J2,357,341,698
2019-07-31T17:00:00+09:00,J3,768,749,1517
2019-07-31T17:00:00+09:00,J4,540,491,1031
2019-07-31T17:00:00+09:00,J5,267,370,637
2019-07-31T17:15:00+09:00,J1,697,767,1464
2019-07-31T17:15:00+09:00,J2,405,371,776
2019-07-31T17:15:00+09:00,J3,811,853,1664
2019-07-31T17:15:00+09:00,J4,613,634,1247
2019-07-31T17:15:00+09:00,J5,315,465,780
2019-07-31T17:30:00+09:00,J1,757,785,1542
2019-07-31T17:30:00+09:00,J2,429,362,791
2019-07-31T17:30:00+09:00,J3,893,835,1728
2019-07-31T17:30:00+09:00,J4,646,505,1151
2019-07-31T17:30:00+09:00,J5,346,464,810
2019-07-31T17:45:00+09:00,J1,591,858,1449
2019-07-31T17:45:00+09:00,J2,581,316,897
2019-07-31T17:45:00+09:00,J3,1003,852,1855
2019-07-31T17:45:00+09:00,J4,792,540,1332
2019-07-31T17:45:00+09:00,J5,370,474,844
2019-07-31T18:00:00+09:00,J1,671,921,1592
2019-07-31T18:00:00+09:00,J2,600,321,921
2019-07-31T18:00:00+09:00,J3,1055,822,1877
2019-07-31T18:00:00+09:00,J4,780,493,1273
2019-07-31T18:00:00+09:00,J5,342,449,791
2019-07-31T18:15:00+09:00,J1,668,785,1453
2019-07-31T18:15:00+09:00,J2,624,315,939
2019-07-31T18:15:00+09:00,J3,912,753,1665
2019-07-31T18:15:00+09:00,J4,716,503,1219
2019-07-31T18:15:00+09:00,J5,380,485,865
2019-07-31T18:30:00+09:00,J1,644,751,1395
2019-07-31T18:30:00+09:00,J2,549,375,924
2019-07-31T18:30:00+09:00,J3,927,727,1654
2019-07-31T18:30:00+09:00,J4,689,454,1143
2019-07-31T18:30:00+09:00,J5,344,457,801
2019-07-31T18:45:00+09:00,J1,588,676,1264
2019-07-31T18:45:00+09:00,J2,571,341,912
2019-07-31T18:45:00+09:00,J3,787,677,1464
2019-07-31T18:45:00+09:00,J4,521,442,963
2019-07-31T18:45:00+09:00,J5,294,395,689
2019-07-31T19:00:00+09:00,J1,517,656,1173
2019-07-31T19:00:00+09:00,J2,435,269,704
2019-07-31T19:00:00+09:00,J3,658,555,1213
2019-07-31T19:00:00+09:00,J4,463,395,858
2019-07-31T19:00:00+09:00,J5,286,338,624
2019-07-31T19:15:00+09:00,J1,497,671,1168
2019-07-31T19:15:00+09:00,J2,419,351,770
2019-07-31T19:15:00+09:00,J3,707,588,1295
2019-07-31T19:15:00+09:00,J4,523,403,926
2019-07-31T19:15:00+09:00,J5,250,344,594
2019-07-31T19:30:00+09:00,J1,553,661,1214
2019-07-31T19:30:00+09:00,J2,463,327,790
2019-07-31T19:30:00+09:00,J3,679,560,1239
2019-07-31T19:30:00+09:00,J4,466,390,856
2019-07-31T19:30:00+09:00,J5,267,335,602
2019-07-31T19:45:00+09:00,J1,532,547,1079
2019-07-31T19:45:00+09:00,J2,420,349,769
2019-07-31T19:45:00+09:00,J3,670,565,1235
2019-07-31T19:45:00+09:00,J4,445,361,806
2019-07-31T19:45:00+09:00,J5,225,335,560
2019-07-31T20:00:00+09:00,J1,520,630,1150
2019-07-31T20:00:00+09:00,J2,412,318,730
2019-07-31T20:00:00+09:00,J3,728,564,1292
2019-07-31T20:00:00+09:00,J4,440,356,796
2019-07-31T20:00:00+09:00,J5,247,299,546
2019-07-31T20:15:00+09:00,J1,475,538,1013
2019-07-31T20:15:00+09:00,J2,384,308,692
2019-07-31T20:15:00+09:00,J3,738,592,1330
2019-07-31T20:15:00+09:00,J4,465,345,810
2019-07-31T20:15:00+09:00,J5,255,305,560
2019-07-31T20:30:00+09:00,J1,461,495,956
2019-07-31T20:30:00+09:00,J2,409,288,697
2019-07-31T20:30:00+09:00,J3,710,552,1262
2019-07-31T20:30:00+09:00,J4,452,351,803
2019-07-31T20:30:00+09:00,J5,233,299,532
2019-07-31T20:45:00+09:00,J1,533,506,1039
2019-07-31T20:45:00+09:00,J2,339,289,628
2019-07-31T20:45:00+09:00,J3,523,424,947
2019-07-31T20:45:00+09:00,J4,365,306,671
2019-07-31T20:45:00+09:00,J5,235,279,514
2019-07-31T21:00:00+09:00,J1,383,431,814
2019-07-31T21:00:00+09:00,J2,340,263,603
2019-07-31T21:00:00+09:00,J3,602,513,1115
2019-07-31T21:00:00+09:00,J4,458,386,844
2019-07-31T21:00:00+09:00,J5,192,229,421
2019-07-31T21:15:00+09:00,J1,394,471,865
2019-07-31T21:15:00+09:00,J2,276,240,516
2019-07-31T21:15:00+09:00,J3,622,514,1136
2019-07-31T21:15:00+09:00,J4,438,354,792
2019-07-31T21:15:00+09:00,J5,190,247,437
2019-07-31T21:30:00+09:00,J1,308,380,688
2019-07-31T21:30:00+09:00,J2,281,285,566
2019-07-31T21:30:00+09:00,J3,520,471,991
2019-07-31T21:30:00+09:00,J4,350,344,694
2019-07-31T21:30:00+09:00,J5,194,235,429
2019-07-31T21:45:00+09:00,J1,284,360,644
2019-07-31T21:45:00+09:00,J2,295,322,617
2019-07-31T21:45:00+09:00,J3,470,469,939
2019-07-31T21:45:00+09:00,J4,364,282,646
2019-07-31T21:45:00+09:00,J5,158,214,372
2019-07-31T22:00:00+09:00,J1,288,334,622
2019-07-31T22:00:00+09:00,J2,240,246,486
2019-07-31T22:00:00+09:00,J3,444,365,809
2019-07-31T22:00:00+09:00,J4,309,252,561
2019-07-31T22:00:00+09:00,J5,173,181,354
2019-07-31T22:15:00+09:00,J1,253,343,596
2019-07-31T22:15:00+09:00,J2,243,190,433
2019-07-31T22:15:00+09:00,J3,384,362,746
2019-07-31T22:15:00+09:00,J4,306,233,539
2019-07-31T22:15:00+09:00,J5,168,202,370
2019-07-31T22:30:00+09:00,J1,224,328,552
2019-07-31T22:30:00+09:00,J2,261,235,496
2019-07-31T22:30:00+09:00,J3,333,350,683
2019-07-31T22:30:00+09:00,J4,328,272,600
2019-07-31T22:30:00+09:00,J5,185,183,368
2019-07-31T22:45:00+09:00,J1,294,305,599
2019-07-31T22:45:00+09:00,J2,226,266,492
2019-07-31T22:45:00+09:00,J3,330,380,710
2019-07-31T22:45:00+09:00,J4,289,244,533
2019-07-31T22:45:00+09:00,J5,171,229,400
2019-07-31T23:00:00+09:00,J1,219,309,528
2019-07-31T23:00:00+09:00,J2,194,198,392
2019-07-31T23:00:00+09:00,J3,309,354,663
2019-07-31T23:00:00+09:00,J4,265,223,488
2019-07-31T23:00:00+09:00,J5,159,171,330
2019-07-31T23:15:00+09:00,J1,220,263,483
2019-07-31T23:15:00+09:00,J2,224,238,462
2019-07-31T23:15:00+09:00,J3,313,324,637
2019-07-31T23:15:00+09:00,J4,236,209,445
2019-07-31T23:15:00+09:00,J5,163,202,365
2019-07-31T23:30:00+09:00,J1,273,345,618
2019-07-31T23:30:00+09:00,J2,228,270,498
2019-07-31T23:30:00+09:00,J3,327,354,681
2019-07-31T23:30:00+09:00,J4,271,243,514
2019-07-31T23:30:00+09:00,J5,189,212,401
2019-07-31T23:45:00+09:00,J1,242,277,519
2019-07-31T23:45:00+09:00,J2,257,194,451
2019-07-31T23:45:00+09:00,J3,306,329,635
2019-07-31T23:45:00+09:00,J4,234,218,452
2019-07-31T23:45:00+09:00,J5,114,194,308
2019-08-01T00:00:00+09:00,J1,216,194,410
2019-08-01T00:00:00+09:00,J2,170,195,365
2019-08-01T00:00:00+09:00,J3,343,337,680
2019-08-01T00:00:00+09:00,J4,249,243,492
2019-08-01T00:00:00+09:00,J5,175,179,354
2019-08-01T00:15:00+09:00,J1,306,285,591
2019-08-01T00:15:00+09:00,J2,169,217,386
2019-08-01T00:15:00+09:00,J3,300,346,646
2019-08-01T00:15:00+09:00,J4,268,250,518
2019-08-01T00:15:00+09:00,J5,172,166,338
2019-08-01T00:30:00+09:00,J1,310,224,534
2019-08-01T00:30:00+09:00,J2,203,213,416
2019-08-01T00:30:00+09:00,J3,353,385,738
2019-08-01T00:30:00+09:00,J4,298,287,585
2019-08-01T00:30:00+09:00,J5,175,154,329
2019-08-01T00:45:00+09:00,J1,190,164,354
2019-08-01T00:45:00+09:00,J2,222,227,449
2019-08-01T00:45:00+09:00,J3,287,362,649
2019-08-01T00:45:00+09:00,J4,225,260,485
2019-08-01T00:45:00+09:00,J5,152,156,308
