日時,アレイ,札幌→大通り,大通り→札幌,合計
2019-12-01T05:45:00+09:00,J1,616,648,1264
2019-12-01T05:45:00+09:00,J2,356,376,732
2019-12-01T05:45:00+09:00,J3,776,725,1501
2019-12-01T05:45:00+09:00,J4,398,466,864
2019-12-01T05:45:00+09:00,J5,582,562,1144
2019-12-01T06:00:00+09:00,J1,606,684,1290
2019-12-01T06:00:00+09:00,J2,426,384,810
2019-12-01T06:00:00+09:00,J3,667,699,1366
2019-12-01T06:00:00+09:00,J4,349,393,742
2019-12-01T06:00:00+09:00,J5,547,471,1018
2019-12-01T06:15:00+09:00,J1,611,724,1335
2019-12-01T06:15:00+09:00,J2,444,484,928
2019-12-01T06:15:00+09:00,J3,524,675,1199
2019-12-01T06:15:00+09:00,J4,404,493,897
2019-12-01T06:15:00+09:00,J5,423,384,807
2019-12-01T06:30:00+09:00,J1,644,692,1336
2019-12-01T06:30:00+09:00,J2,429,379,808
2019-12-01T06:30:00+09:00,J3,540,497,1037
2019-12-01T06:30:00+09:00,J4,400,459,859
2019-12-01T06:30:00+09:00,J5,397,408,805
2019-12-01T06:45:00+09:00,J1,718,742,1460
2019-12-01T06:45:00+09:00,J2,370,369,739
2019-12-01T06:45:00+09:00,J3,643,620,1263
2019-12-01T06:45:00+09:00,J4,401,466,867
2019-12-01T06:45:00+09:00,J5,437,421,858
2019-12-01T07:00:00+09:00,J1,729,742,1471
2019-12-01T07:00:00+09:00,J2,572,642,1214
2019-12-01T07:00:00+09:00,J3,715,712,1427
2019-12-01T07:00:00+09:00,J4,426,417,843
2019-12-01T07:00:00+09:00,J5,536,470,1006
2019-12-01T07:15:00+09:00,J1,740,776,1516
2019-12-01T07:15:00+09:00,J2,593,609,1202
2019-12-01T07:15:00+09:00,J3,695,643,1338
2019-12-01T07:15:00+09:00,J4,481,574,1055
2019-12-01T07:15:00+09:00,J5,530,506,1036
2019-12-01T07:30:00+09:00,J1,811,838,1649
2019-12-01T07:30:00+09:00,J2,550,567,1117
2019-12-01T07:30:00+09:00,J3,673,672,1345
2019-12-01T07:30:00+09:00,J4,518,596,1114
2019-12-01T07:30:00+09:00,J5,531,569,1100
2019-12-01T07:45:00+09:00,J1,856,833,1689
2019-12-01T07:45:00+09:00,J2,583,580,1163
2019-12-01T07:45:00+09:00,J3,778,754,1532
2019-12-01T07:45:00+09:00,J4,493,601,1094
2019-12-01T07:45:00+09:00,J5,529,499,1028
2019-12-01T08:00:00+09:00,J1,1125,1181,2306
2019-12-01T08:00:00+09:00,J2,558,587,1145
2019-12-01T08:00:00+09:00,J3,1043,913,1956
2019-12-01T08:00:00+09:00,J4,478,626,1104
2019-12-01T08:00:00+09:00,J5,471,503,974
2019-12-01T08:15:00+09:00,J1,1213,1246,2459
2019-12-01T08:15:00+09:00,J2,554,417,971
2019-12-01T08:15:00+09:00,J3,861,771,1632
2019-12-01T08:15:00+09:00,J4,582,657,1239
2019-12-01T08:15:00+09:00,J5,398,351,749
2019-12-01T08:30:00+09:00,J1,1144,1237,2381
2019-12-01T08:30:00+09:00,J2,681,580,1261
2019-12-01T08:30:00+09:00,J3,862,762,1624
2019-12-01T08:30:00+09:00,J4,526,688,1214
2019-12-01T08:30:00+09:00,J5,447,363,810
2019-12-01T08:45:00+09:00,J1,1072,1201,2273
2019-12-01T08:45:00+09:00,J2,678,571,1249
2019-12-01T08:45:00+09:00,J3,848,813,1661
2019-12-01T08:45:00+09:00,J4,547,671,1218
2019-12-01T08:45:00+09:00,J5,401,343,744
2019-12-01T09:00:00+09:00,J1,1082,1054,2136
2019-12-01T09:00:00+09:00,J2,545,527,1072
2019-12-01T09:00:00+09:00,J3,761,742,1503
2019-12-01T09:00:00+09:00,J4,549,659,1208
2019-12-01T09:00:00+09:00,J5,581,532,1113
2019-12-01T09:15:00+09:00,J1,1120,1102,2222
2019-12-01T09:15:00+09:00,J2,581,522,1103
2019-12-01T09:15:00+09:00,J3,822,798,1620
2019-12-01T09:15:00+09:00,J4,499,616,1115
2019-12-01T09:15:00+09:00,J5,599,575,1174
2019-12-01T09:30:00+09:00,J1,1070,1114,2184
2019-12-01T09:30:00+09:00,J2,565,537,1102
2019-12-01T09:30:00+09:00,J3,784,805,1589
2019-12-01T09:30:00+09:00,J4,549,646,1195
2019-12-01T09:30:00+09:00,J5,483,629,1112
2019-12-01T09:45:00+09:00,J1,1109,1150,2259
2019-12-01T09:45:00+09:00,J2,724,655,1379
2019-12-01T09:45:00+09:00,J3,762,820,1582
2019-12-01T09:45:00+09:00,J4,569,588,1157
2019-12-01T09:45:00+09:00,J5,509,517,1026
2019-12-01T10:00:00+09:00,J1,1058,1208,2266
2019-12-01T10:00:00+09:00,J2,598,651,1249
2019-12-01T10:00:00+09:00,J3,776,799,1575
2019-12-01T10:00:00+09:00,J4,525,611,1136
2019-12-01T10:00:00+09:00,J5,482,488,970
2019-12-01T10:15:00+09:00,J1,1077,1131,2208
2019-12-01T10:15:00+09:00,J2,736,652,1388
2019-12-01T10:15:00+09:00,J3,818,867,1685
2019-12-01T10:15:00+09:00,J4,518,625,1143
2019-12-01T10:15:00+09:00,J5,489,582,1071
2019-12-01T10:30:00+09:00,J1,972,1028,2000
2019-12-01T10:30:00+09:00,J2,594,541,1135
2019-12-01T10:30:00+09:00,J3,961,994,1955
2019-12-01T10:30:00+09:00,J4,600,756,1356
2019-12-01T10:30:00+09:00,J5,515,567,1082
2019-12-01T10:45:00+09:00,J1,963,1118,2081
2019-12-01T10:45:00+09:00,J2,609,709,1318
2019-12-01T10:45:00+09:00,J3,983,992,1975
2019-12-01T10:45:00+09:00,J4,687,798,1485
2019-12-01T10:45:00+09:00,J5,495,518,1013
2019-12-01T11:00:00+09:00,J1,1107,1077,2184
2019-12-01T11:00:00+09:00,J2,730,711,1441
2019-12-01T11:00:00+09:00,J3,1010,1071,2081
2019-12-01T11:00:00+09:00,J4,629,683,1312
2019-12-01T11:00:00+09:00,J5,553,557,1110
2019-12-01T11:15:00+09:00,J1,1047,1160,2207
2019-12-01T11:15:00+09:00,J2,837,702,1539
2019-12-01T11:15:00+09:00,J3,967,1023,1990
2019-12-01T11:15:00+09:00,J4,647,734,1381
2019-12-01T11:15:00+09:00,J5,572,557,1129
2019-12-01T11:30:00+09:00,J1,1116,1098,2214
2019-12-01T11:30:00+09:00,J2,879,702,1581
2019-12-01T11:30:00+09:00,J3,938,1000,1938
2019-12-01T11:30:00+09:00,J4,726,741,1467
2019-12-01T11:30:00+09:00,J5,556,539,1095
2019-12-01T11:45:00+09:00,J1,1069,1156,2225
2019-12-01T11:45:00+09:00,J2,976,730,1706
2019-12-01T11:45:00+09:00,J3,1041,991,2032
2019-12-01T11:45:00+09:00,J4,682,719,1401
2019-12-01T11:45:00+09:00,J5,513,539,1052
2019-12-01T12:00:00+09:00,J1,1076,1153,2229
2019-12-01T12:00:00+09:00,J2,996,730,1726
2019-12-01T12:00:00+09:00,J3,1013,1039,2052
2019-12-01T12:00:00+09:00,J4,763,719,1482
2019-12-01T12:00:00+09:00,J5,487,595,1082
2019-12-01T12:15:00+09:00,J1,1045,1160,2205
2019-12-01T12:15:00+09:00,J2,990,762,1752
2019-12-01T12:15:00+09:00,J3,962,1139,2101
2019-12-01T12:15:00+09:00,J4,780,779,1559
2019-12-01T12:15:00+09:00,J5,481,542,1023
2019-12-01T12:30:00+09:00,J1,965,1133,2098
2019-12-01T12:30:00+09:00,J2,975,737,1712
2019-12-01T12:30:00+09:00,J3,1105,1029,2134
2019-12-01T12:30:00+09:00,J4,800,828,1628
2019-12-01T12:30:00+09:00,J5,449,562,1011
2019-12-01T12:45:00+09:00,J1,896,1094,1990
2019-12-01T12:45:00+09:00,J2,916,752,1668
2019-12-01T12:45:00+09:00,J3,1028,1060,2088
2019-12-01T12:45:00+09:00,J4,878,951,1829
2019-12-01T12:45:00+09:00,J5,521,550,1071
2019-12-01T13:00:00+09:00,J1,1054,1035,2089
2019-12-01T13:00:00+09:00,J2,955,723,1678
2019-12-01T13:00:00+09:00,J3,997,1039,2036
2019-12-01T13:00:00+09:00,J4,933,899,1832
2019-12-01T13:00:00+09:00,J5,456,440,896
2019-12-01T13:15:00+09:00,J1,919,1161,2080
2019-12-01T13:15:00+09:00,J2,921,803,1724
2019-12-01T13:15:00+09:00,J3,1026,1074,2100
2019-12-01T13:15:00+09:00,J4,1014,995,2009
2019-12-01T13:15:00+09:00,J5,421,401,822
2019-12-01T13:30:00+09:00,J1,934,1108,2042
2019-12-01T13:30:00+09:00,J2,881,807,1688
2019-12-01T13:30:00+09:00,J3,1011,1032,2043
2019-12-01T13:30:00+09:00,J4,1010,951,1961
2019-12-01T13:30:00+09:00,J5,364,419,783
2019-12-01T13:45:00+09:00,J1,920,1153,2073
2019-12-01T13:45:00+09:00,J2,883,798,1681
2019-12-01T13:45:00+09:00,J3,953,1028,1981
2019-12-01T13:45:00+09:00,J4,1050,986,2036
2019-12-01T13:45:00+09:00,J5,496,472,968
2019-12-01T14:00:00+09:00,J1,927,1129,2056
2019-12-01T14:00:00+09:00,J2,862,794,1656
2019-12-01T14:00:00+09:00,J3,909,1020,1929
2019-12-01T14:00:00+09:00,J4,995,978,1973
2019-12-01T14:00:00+09:00,J5,482,579,1061
2019-12-01T14:15:00+09:00,J1,1004,1135,2139
2019-12-01T14:15:00+09:00,J2,779,809,1588
2019-12-01T14:15:00+09:00,J3,889,1016,1905
2019-12-01T14:15:00+09:00,J4,1003,910,1913
2019-12-01T14:15:00+09:00,J5,530,596,1126
2019-12-01T14:30:00+09:00,J1,878,1154,2032
2019-12-01T14:30:00+09:00,J2,748,807,1555
2019-12-01T14:30:00+09:00,J3,886,943,1829
2019-12-01T14:30:00+09:00,J4,1010,984,1994
2019-12-01T14:30:00+09:00,J5,462,552,1014
2019-12-01T14:45:00+09:00,J1,878,1079,1957
2019-12-01T14:45:00+09:00,J2,740,746,1486
2019-12-01T14:45:00+09:00,J3,855,954,1809
2019-12-01T14:45:00+09:00,J4,996,959,1955
2019-12-01T14:45:00+09:00,J5,461,503,964
2019-12-01T15:00:00+09:00,J1,865,1087,1952
2019-12-01T15:00:00+09:00,J2,714,831,1545
2019-12-01T15:00:00+09:00,J3,847,1012,1859
2019-12-01T15:00:00+09:00,J4,915,922,1837
2019-12-01T15:00:00+09:00,J5,425,565,990
2019-12-01T15:15:00+09:00,J1,910,1136,2046
2019-12-01T15:15:00+09:00,J2,808,760,1568
2019-12-01T15:15:00+09:00,J3,954,952,1906
2019-12-01T15:15:00+09:00,J4,919,940,1859
2019-12-01T15:15:00+09:00,J5,505,561,1066
2019-12-01T15:30:00+09:00,J1,959,1180,2139
2019-12-01T15:30:00+09:00,J2,762,794,1556
2019-12-01T15:30:00+09:00,J3,904,1052,1956
2019-12-01T15:30:00+09:00,J4,950,902,1852
2019-12-01T15:30:00+09:00,J5,535,619,1154
2019-12-01T15:45:00+09:00,J1,933,1160,2093
2019-12-01T15:45:00+09:00,J2,710,890,1600
2019-12-01T15:45:00+09:00,J3,850,950,1800
2019-12-01T15:45:00+09:00,J4,920,880,1800
2019-12-01T15:45:00+09:00,J5,516,572,1088
2019-12-01T16:00:00+09:00,J1,879,1110,1989
2019-12-01T16:00:00+09:00,J2,713,715,1428
2019-12-01T16:00:00+09:00,J3,1017,1072,2089
2019-12-01T16:00:00+09:00,J4,1003,902,1905
2019-12-01T16:00:00+09:00,J5,498,577,1075
2019-12-01T16:15:00+09:00,J1,851,1083,1934
2019-12-01T16:15:00+09:00,J2,782,744,1526
2019-12-01T16:15:00+09:00,J3,1136,980,2116
2019-12-01T16:15:00+09:00,J4,944,915,1859
2019-12-01T16:15:00+09:00,J5,536,547,1083
2019-12-01T16:30:00+09:00,J1,844,1175,2019
2019-12-01T16:30:00+09:00,J2,757,900,1657
2019-12-01T16:30:00+09:00,J3,1179,1023,2202
2019-12-01T16:30:00+09:00,J4,967,979,1946
2019-12-01T16:30:00+09:00,J5,523,569,1092
2019-12-01T16:45:00+09:00,J1,871,1146,2017
2019-12-01T16:45:00+09:00,J2,870,819,1689
2019-12-01T16:45:00+09:00,J3,1138,1015,2153
2019-12-01T16:45:00+09:00,J4,965,957,1922
2019-12-01T16:45:00+09:00,J5,498,605,1103
2019-12-01T17:00:00+09:00,J1,993,1215,2208
2019-12-01T17:00:00+09:00,J2,912,815,1727
2019-12-01T17:00:00+09:00,J3,1071,1023,2094
2019-12-01T17:00:00+09:00,J4,1067,881,1948
2019-12-01T17:00:00+09:00,J5,516,508,1024
2019-12-01T17:15:00+09:00,J1,988,1165,2153
2019-12-01T17:15:00+09:00,J2,996,728,1724
2019-12-01T17:15:00+09:00,J3,993,987,1980
2019-12-01T17:15:00+09:00,J4,865,976,1841
2019-12-01T17:15:00+09:00,J5,488,588,1076
2019-12-01T17:30:00+09:00,J1,998,1201,2199
2019-12-01T17:30:00+09:00,J2,1002,728,1730
2019-12-01T17:30:00+09:00,J3,997,980,1977
2019-12-01T17:30:00+09:00,J4,924,894,1818
2019-12-01T17:30:00+09:00,J5,472,522,994
2019-12-01T17:45:00+09:00,J1,927,1125,2052
2019-12-01T17:45:00+09:00,J2,913,831,1744
2019-12-01T17:45:00+09:00,J3,920,901,1821
2019-12-01T17:45:00+09:00,J4,987,917,1904
2019-12-01T17:45:00+09:00,J5,444,554,998
2019-12-01T18:00:00+09:00,J1,960,1188,2148
2019-12-01T18:00:00+09:00,J2,982,742,1724
2019-12-01T18:00:00+09:00,J3,1084,891,1975
2019-12-01T18:00:00+09:00,J4,842,872,1714
2019-12-01T18:00:00+09:00,J5,567,575,1142
2019-12-01T18:15:00+09:00,J1,971,1164,2135
2019-12-01T18:15:00+09:00,J2,957,718,1675
2019-12-01T18:15:00+09:00,J3,1033,922,1955
2019-12-01T18:15:00+09:00,J4,706,618,1324
2019-12-01T18:15:00+09:00,J5,572,629,1201
2019-12-01T18:30:00+09:00,J1,970,1032,2002
2019-12-01T18:30:00+09:00,J2,956,681,1637
2019-12-01T18:30:00+09:00,J3,1014,854,1868
2019-12-01T18:30:00+09:00,J4,743,649,1392
2019-12-01T18:30:00+09:00,J5,510,553,1063
2019-12-01T18:45:00+09:00,J1,973,1017,1990
2019-12-01T18:45:00+09:00,J2,890,668,1558
2019-12-01T18:45:00+09:00,J3,970,890,1860
2019-12-01T18:45:00+09:00,J4,596,614,1210
2019-12-01T18:45:00+09:00,J5,446,490,936
2019-12-01T19:00:00+09:00,J1,905,930,1835
2019-12-01T19:00:00+09:00,J2,570,615,1185
2019-12-01T19:00:00+09:00,J3,976,942,1918
2019-12-01T19:00:00+09:00,J4,718,641,1359
2019-12-01T19:00:00+09:00,J5,536,610,1146
2019-12-01T19:15:00+09:00,J1,863,955,1818
2019-12-01T19:15:00+09:00,J2,538,604,1142
2019-12-01T19:15:00+09:00,J3,908,915,1823
2019-12-01T19:15:00+09:00,J4,664,597,1261
2019-12-01T19:15:00+09:00,J5,553,549,1102
2019-12-01T19:30:00+09:00,J1,844,910,1754
2019-12-01T19:30:00+09:00,J2,644,517,1161
2019-12-01T19:30:00+09:00,J3,962,850,1812
2019-12-01T19:30:00+09:00,J4,558,628,1186
2019-12-01T19:30:00+09:00,J5,455,538,993
2019-12-01T19:45:00+09:00,J1,751,921,1672
2019-12-01T19:45:00+09:00,J2,435,574,1009
2019-12-01T19:45:00+09:00,J3,949,922,1871
2019-12-01T19:45:00+09:00,J4,650,645,1295
2019-12-01T19:45:00+09:00,J5,464,489,953
2019-12-01T20:00:00+09:00,J1,784,955,1739
2019-12-01T20:00:00+09:00,J2,483,539,1022
2019-12-01T20:00:00+09:00,J3,905,932,1837
2019-12-01T20:00:00+09:00,J4,657,650,1307
2019-12-01T20:00:00+09:00,J5,422,475,897
2019-12-01T20:15:00+09:00,J1,813,948,1761
2019-12-01T20:15:00+09:00,J2,467,567,1034
2019-12-01T20:15:00+09:00,J3,889,862,1751
2019-12-01T20:15:00+09:00,J4,654,689,1343
2019-12-01T20:15:00+09:00,J5,440,529,969
2019-12-01T20:30:00+09:00,J1,854,945,1799
2019-12-01T20:30:00+09:00,J2,481,527,1008
2019-12-01T20:30:00+09:00,J3,823,796,1619
2019-12-01T20:30:00+09:00,J4,562,574,1136
2019-12-01T20:30:00+09:00,J5,497,460,957
2019-12-01T20:45:00+09:00,J1,819,888,1707
2019-12-01T20:45:00+09:00,J2,407,451,858
2019-12-01T20:45:00+09:00,J3,801,751,1552
2019-12-01T20:45:00+09:00,J4,527,560,1087
2019-12-01T20:45:00+09:00,J5,434,469,903
2019-12-01T21:00:00+09:00,J1,797,925,1722
2019-12-01T21:00:00+09:00,J2,413,452,865
2019-12-01T21:00:00+09:00,J3,843,832,1675
2019-12-01T21:00:00+09:00,J4,583,512,1095
2019-12-01T21:00:00+09:00,J5,463,487,950
2019-12-01T21:15:00+09:00,J1,841,917,1758
2019-12-01T21:15:00+09:00,J2,485,464,949
2019-12-01T21:15:00+09:00,J3,891,814,1705
2019-12-01T21:15:00+09:00,J4,606,517,1123
2019-12-01T21:15:00+09:00,J5,563,550,1113
2019-12-01T21:30:00+09:00,J1,794,851,1645
2019-12-01T21:30:00+09:00,J2,465,526,991
2019-12-01T21:30:00+09:00,J3,876,843,1719
2019-12-01T21:30:00+09:00,J4,602,560,1162
2019-12-01T21:30:00+09:00,J5,409,419,828
2019-12-01T21:45:00+09:00,J1,732,820,1552
2019-12-01T21:45:00+09:00,J2,407,512,919
2019-12-01T21:45:00+09:00,J3,836,814,1650
2019-12-01T21:45:00+09:00,J4,557,469,1026
2019-12-01T21:45:00+09:00,J5,415,412,827
2019-12-01T22:00:00+09:00,J1,728,828,1556
2019-12-01T22:00:00+09:00,J2,431,513,944
2019-12-01T22:00:00+09:00,J3,852,781,1633
2019-12-01T22:00:00+09:00,J4,510,504,1014
2019-12-01T22:00:00+09:00,J5,376,418,794
2019-12-01T22:15:00+09:00,J1,770,892,1662
2019-12-01T22:15:00+09:00,J2,466,543,1009
2019-12-01T22:15:00+09:00,J3,803,715,1518
2019-12-01T22:15:00+09:00,J4,500,430,930
2019-12-01T22:15:00+09:00,J5,372,417,789
2019-12-01T22:30:00+09:00,J1,719,933,1652
2019-12-01T22:30:00+09:00,J2,522,547,1069
2019-12-01T22:30:00+09:00,J3,779,667,1446
2019-12-01T22:30:00+09:00,J4,546,494,1040
2019-12-01T22:30:00+09:00,J5,386,424,810
2019-12-01T22:45:00+09:00,J1,785,847,1632
2019-12-01T22:45:00+09:00,J2,539,559,1098
2019-12-01T22:45:00+09:00,J3,837,686,1523
2019-12-01T22:45:00+09:00,J4,536,513,1049
2019-12-01T22:45:00+09:00,J5,387,345,732
2019-12-01T23:00:00+09:00,J1,646,794,1440
2019-12-01T23:00:00+09:00,J2,471,538,1009
2019-12-01T23:00:00+09:00,J3,754,638,1392
2019-12-01T23:00:00+09:00,J4,493,501,994
2019-12-01T23:00:00+09:00,J5,378,346,724
2019-12-01T23:15:00+09:00,J1,770,895,1665
2019-12-01T23:15:00+09:00,J2,526,521,1047
2019-12-01T23:15:00+09:00,J3,709,670,1379
2019-12-01T23:15:00+09:00,J4,486,477,963
2019-12-01T23:15:00+09:00,J5,391,366,757
2019-12-01T23:30:00+09:00,J1,691,771,1462
2019-12-01T23:30:00+09:00,J2,526,568,1094
2019-12-01T23:30:00+09:00,J3,745,595,1340
2019-12-01T23:30:00+09:00,J4,468,504,972
2019-12-01T23:30:00+09:00,J5,387,324,711
2019-12-01T23:45:00+09:00,J1,609,769,1378
2019-12-01T23:45:00+09:00,J2,457,518,975
2019-12-01T23:45:00+09:00,J3,732,612,1344
2019-12-01T23:45:00+09:00,J4,410,431,841
2019-12-01T23:45:00+09:00,J5,414,384,798
2019-12-02T00:00:00+09:00,J1,568,618,1186
2019-12-02T00:00:00+09:00,J2,608,555,1163
2019-12-02T00:00:00+09:00,J3,685,523,1208
2019-12-02T00:00:00+09:00,J4,450,404,854
2019-12-02T00:00:00+09:00,J5,432,392,824
2019-12-02T00:15:00+09:00,J1,466,494,960
2019-12-02T00:15:00+09:00,J2,530,501,1031
2019-12-02T00:15:00+09:00,J3,507,438,945
2019-12-02T00:15:00+09:00,J4,371,321,692
2019-12-02T00:15:00+09:00,J5,368,324,692
2019-12-02T00:30:00+09:00,J1,378,406,784
2019-12-02T00:30:00+09:00,J2,423,400,823
2019-12-02T00:30:00+09:00,J3,457,380,837
2019-12-02T00:30:00+09:00,J4,374,413,787
2019-12-02T00:30:00+09:00,J5,386,372,758
2019-12-02T00:45:00+09:00,J1,355,398,753
2019-12-02T00:45:00+09:00,J2,383,322,705
2019-12-02T00:45:00+09:00,J3,460,425,885
2019-12-02T00:45:00+09:00,J4,357,347,704
2019-12-02T00:45:00+09:00,J5,366,348,714
2019-12-02T05:45:00+09:00,J1,612,590,1202
2019-12-02T05:45:00+09:00,J2,410,393,803
2019-12-02T05:45:00+09:00,J3,600,584,1184
2019-12-02T05:45:00+09:00,J4,403,475,878
2019-12-02T05:45:00+09:00,J5,472,544,1016
2019-12-02T06:00:00+09:00,J1,624,610,1234
2019-12-02T06:00:00+09:00,J2,460,416,876
2019-12-02T06:00:00+09:00,J3,568,599,1167
2019-12-02T06:00:00+09:00,J4,349,387,736
2019-12-02T06:00:00+09:00,J5,490,544,1034
2019-12-02T06:15:00+09:00,J1,661,688,1349
2019-12-02T06:15:00+09:00,J2,456,406,862
2019-12-02T06:15:00+09:00,J3,517,549,1066
2019-12-02T06:15:00+09:00,J4,410,471,881
2019-12-02T06:15:00+09:00,J5,339,339,678
2019-12-02T06:30:00+09:00,J1,635,694,1329
2019-12-02T06:30:00+09:00,J2,454,393,847
2019-12-02T06:30:00+09:00,J3,539,482,1021
2019-12-02T06:30:00+09:00,J4,398,443,841
2019-12-02T06:30:00+09:00,J5,403,378,781
2019-12-02T06:45:00+09:00,J1,695,730,1425
2019-12-02T06:45:00+09:00,J2,437,359,796
2019-12-02T06:45:00+09:00,J3,535,570,1105
2019-12-02T06:45:00+09:00,J4,412,501,913
2019-12-02T06:45:00+09:00,J5,441,363,804
2019-12-02T07:00:00+09:00,J1,757,835,1592
2019-12-02T07:00:00+09:00,J2,485,415,900
2019-12-02T07:00:00+09:00,J3,565,559,1124
2019-12-02T07:00:00+09:00,J4,528,554,1082
2019-12-02T07:00:00+09:00,J5,428,462,890
2019-12-02T07:15:00+09:00,J1,837,840,1677
2019-12-02T07:15:00+09:00,J2,517,453,970
2019-12-02T07:15:00+09:00,J3,681,617,1298
2019-12-02T07:15:00+09:00,J4,567,657,1224
2019-12-02T07:15:00+09:00,J5,492,472,964
2019-12-02T07:30:00+09:00,J1,927,850,1777
2019-12-02T07:30:00+09:00,J2,481,475,956
2019-12-02T07:30:00+09:00,J3,979,958,1937
2019-12-02T07:30:00+09:00,J4,595,844,1439
2019-12-02T07:30:00+09:00,J5,566,615,1181
2019-12-02T07:45:00+09:00,J1,1024,1013,2037
2019-12-02T07:45:00+09:00,J2,549,450,999
2019-12-02T07:45:00+09:00,J3,947,1088,2035
2019-12-02T07:45:00+09:00,J4,569,910,1479
2019-12-02T07:45:00+09:00,J5,615,642,1257
2019-12-02T08:00:00+09:00,J1,1177,1131,2308
2019-12-02T08:00:00+09:00,J2,502,389,891
2019-12-02T08:00:00+09:00,J3,1038,1189,2227
2019-12-02T08:00:00+09:00,J4,588,971,1559
2019-12-02T08:00:00+09:00,J5,569,577,1146
2019-12-02T08:15:00+09:00,J1,1241,1098,2339
2019-12-02T08:15:00+09:00,J2,669,392,1061
2019-12-02T08:15:00+09:00,J3,1203,1403,2606
2019-12-02T08:15:00+09:00,J4,750,1121,1871
2019-12-02T08:15:00+09:00,J5,632,653,1285
2019-12-02T08:30:00+09:00,J1,1262,1153,2415
2019-12-02T08:30:00+09:00,J2,728,421,1149
2019-12-02T08:30:00+09:00,J3,1211,1454,2665
2019-12-02T08:30:00+09:00,J4,752,1039,1791
2019-12-02T08:30:00+09:00,J5,555,708,1263
2019-12-02T08:45:00+09:00,J1,1045,1037,2082
2019-12-02T08:45:00+09:00,J2,595,443,1038
2019-12-02T08:45:00+09:00,J3,1060,1184,2244
2019-12-02T08:45:00+09:00,J4,622,961,1583
2019-12-02T08:45:00+09:00,J5,483,503,986
2019-12-02T09:00:00+09:00,J1,1015,958,1973
2019-12-02T09:00:00+09:00,J2,533,435,968
2019-12-02T09:00:00+09:00,J3,879,960,1839
2019-12-02T09:00:00+09:00,J4,593,824,1417
2019-12-02T09:00:00+09:00,J5,602,523,1125
2019-12-02T09:15:00+09:00,J1,963,1011,1974
2019-12-02T09:15:00+09:00,J2,710,556,1266
2019-12-02T09:15:00+09:00,J3,895,924,1819
2019-12-02T09:15:00+09:00,J4,632,762,1394
2019-12-02T09:15:00+09:00,J5,525,537,1062
2019-12-02T09:30:00+09:00,J1,626,595,1221
2019-12-02T09:30:00+09:00,J2,491,400,891
2019-12-02T09:30:00+09:00,J3,633,541,1174
2019-12-02T09:30:00+09:00,J4,428,519,947
2019-12-02T09:30:00+09:00,J5,315,310,625
2019-12-02T09:45:00+09:00,J1,1331,1198,2529
2019-12-02T09:45:00+09:00,J2,973,884,1857
2019-12-02T09:45:00+09:00,J3,1119,1126,2245
2019-12-02T09:45:00+09:00,J4,706,1011,1717
2019-12-02T09:45:00+09:00,J5,730,665,1395
2019-12-02T10:00:00+09:00,J1,958,1012,1970
2019-12-02T10:00:00+09:00,J2,644,646,1290
2019-12-02T10:00:00+09:00,J3,755,832,1587
2019-12-02T10:00:00+09:00,J4,623,703,1326
2019-12-02T10:00:00+09:00,J5,542,473,1015
2019-12-02T10:15:00+09:00,J1,978,978,1956
2019-12-02T10:15:00+09:00,J2,700,654,1354
2019-12-02T10:15:00+09:00,J3,851,905,1756
2019-12-02T10:15:00+09:00,J4,697,742,1439
2019-12-02T10:15:00+09:00,J5,527,535,1062
2019-12-02T10:30:00+09:00,J1,953,1049,2002
2019-12-02T10:30:00+09:00,J2,616,602,1218
2019-12-02T10:30:00+09:00,J3,831,910,1741
2019-12-02T10:30:00+09:00,J4,712,812,1524
2019-12-02T10:30:00+09:00,J5,542,592,1134
2019-12-02T10:45:00+09:00,J1,994,992,1986
2019-12-02T10:45:00+09:00,J2,686,629,1315
2019-12-02T10:45:00+09:00,J3,848,833,1681
2019-12-02T10:45:00+09:00,J4,735,809,1544
2019-12-02T10:45:00+09:00,J5,548,579,1127
2019-12-02T11:00:00+09:00,J1,991,1119,2110
2019-12-02T11:00:00+09:00,J2,556,519,1075
2019-12-02T11:00:00+09:00,J3,828,970,1798
2019-12-02T11:00:00+09:00,J4,772,793,1565
2019-12-02T11:00:00+09:00,J5,524,550,1074
2019-12-02T11:15:00+09:00,J1,1056,1105,2161
2019-12-02T11:15:00+09:00,J2,565,500,1065
2019-12-02T11:15:00+09:00,J3,928,956,1884
2019-12-02T11:15:00+09:00,J4,760,833,1593
2019-12-02T11:15:00+09:00,J5,508,531,1039
2019-12-02T11:30:00+09:00,J1,1072,1151,2223
2019-12-02T11:30:00+09:00,J2,622,551,1173
2019-12-02T11:30:00+09:00,J3,1003,888,1891
2019-12-02T11:30:00+09:00,J4,715,764,1479
2019-12-02T11:30:00+09:00,J5,597,668,1265
2019-12-02T11:45:00+09:00,J1,1050,1199,2249
2019-12-02T11:45:00+09:00,J2,619,458,1077
2019-12-02T11:45:00+09:00,J3,915,880,1795
2019-12-02T11:45:00+09:00,J4,677,772,1449
2019-12-02T11:45:00+09:00,J5,544,606,1150
2019-12-02T12:00:00+09:00,J1,1111,1234,2345
2019-12-02T12:00:00+09:00,J2,659,530,1189
2019-12-02T12:00:00+09:00,J3,1039,971,2010
2019-12-02T12:00:00+09:00,J4,779,720,1499
2019-12-02T12:00:00+09:00,J5,633,733,1366
2019-12-02T12:15:00+09:00,J1,1061,1179,2240
2019-12-02T12:15:00+09:00,J2,680,562,1242
2019-12-02T12:15:00+09:00,J3,1068,1036,2104
2019-12-02T12:15:00+09:00,J4,677,684,1361
2019-12-02T12:15:00+09:00,J5,653,718,1371
2019-12-02T12:30:00+09:00,J1,946,1081,2027
2019-12-02T12:30:00+09:00,J2,920,791,1711
2019-12-02T12:30:00+09:00,J3,1187,1014,2201
2019-12-02T12:30:00+09:00,J4,734,725,1459
2019-12-02T12:30:00+09:00,J5,735,716,1451
2019-12-02T12:45:00+09:00,J1,968,1085,2053
2019-12-02T12:45:00+09:00,J2,937,735,1672
2019-12-02T12:45:00+09:00,J3,1096,999,2095
2019-12-02T12:45:00+09:00,J4,718,744,1462
2019-12-02T12:45:00+09:00,J5,692,719,1411
2019-12-02T13:00:00+09:00,J1,912,1077,1989
2019-12-02T13:00:00+09:00,J2,717,658,1375
2019-12-02T13:00:00+09:00,J3,1119,919,2038
2019-12-02T13:00:00+09:00,J4,748,683,1431
2019-12-02T13:00:00+09:00,J5,696,745,1441
2019-12-02T13:15:00+09:00,J1,989,1025,2014
2019-12-02T13:15:00+09:00,J2,717,625,1342
2019-12-02T13:15:00+09:00,J3,1176,956,2132
2019-12-02T13:15:00+09:00,J4,840,732,1572
2019-12-02T13:15:00+09:00,J5,665,665,1330
2019-12-02T13:30:00+09:00,J1,927,1092,2019
2019-12-02T13:30:00+09:00,J2,673,691,1364
2019-12-02T13:30:00+09:00,J3,1020,948,1968
2019-12-02T13:30:00+09:00,J4,678,701,1379
2019-12-02T13:30:00+09:00,J5,707,684,1391
2019-12-02T13:45:00+09:00,J1,969,1001,1970
2019-12-02T13:45:00+09:00,J2,963,747,1710
2019-12-02T13:45:00+09:00,J3,1121,1093,2214
2019-12-02T13:45:00+09:00,J4,664,636,1300
2019-12-02T13:45:00+09:00,J5,591,643,1234
2019-12-02T14:00:00+09:00,J1,966,1162,2128
2019-12-02T14:00:00+09:00,J2,895,873,1768
2019-12-02T14:00:00+09:00,J3,1155,1059,2214
2019-12-02T14:00:00+09:00,J4,696,591,1287
2019-12-02T14:00:00+09:00,J5,634,628,1262
2019-12-02T14:15:00+09:00,J1,960,1034,1994
2019-12-02T14:15:00+09:00,J2,889,867,1756
2019-12-02T14:15:00+09:00,J3,1104,1140,2244
2019-12-02T14:15:00+09:00,J4,709,680,1389
2019-12-02T14:15:00+09:00,J5,575,537,1112
2019-12-02T14:30:00+09:00,J1,953,1056,2009
2019-12-02T14:30:00+09:00,J2,827,758,1585
2019-12-02T14:30:00+09:00,J3,1106,1074,2180
2019-12-02T14:30:00+09:00,J4,650,624,1274
2019-12-02T14:30:00+09:00,J5,603,626,1229
2019-12-02T14:45:00+09:00,J1,999,1063,2062
2019-12-02T14:45:00+09:00,J2,835,785,1620
2019-12-02T14:45:00+09:00,J3,1093,1060,2153
2019-12-02T14:45:00+09:00,J4,704,622,1326
2019-12-02T14:45:00+09:00,J5,632,597,1229
2019-12-02T15:00:00+09:00,J1,911,1144,2055
2019-12-02T15:00:00+09:00,J2,786,857,1643
2019-12-02T15:00:00+09:00,J3,1070,1059,2129
2019-12-02T15:00:00+09:00,J4,683,639,1322
2019-12-02T15:00:00+09:00,J5,602,674,1276
2019-12-02T15:15:00+09:00,J1,955,1082,2037
2019-12-02T15:15:00+09:00,J2,804,918,1722
2019-12-02T15:15:00+09:00,J3,1060,1089,2149
2019-12-02T15:15:00+09:00,J4,633,639,1272
2019-12-02T15:15:00+09:00,J5,512,594,1106
2019-12-02T15:30:00+09:00,J1,978,1184,2162
2019-12-02T15:30:00+09:00,J2,797,768,1565
2019-12-02T15:30:00+09:00,J3,1092,1062,2154
2019-12-02T15:30:00+09:00,J4,681,630,1311
2019-12-02T15:30:00+09:00,J5,593,601,1194
2019-12-02T15:45:00+09:00,J1,966,1114,2080
2019-12-02T15:45:00+09:00,J2,800,784,1584
2019-12-02T15:45:00+09:00,J3,1113,1130,2243
2019-12-02T15:45:00+09:00,J4,675,679,1354
2019-12-02T15:45:00+09:00,J5,614,592,1206
2019-12-02T16:00:00+09:00,J1,927,1163,2090
2019-12-02T16:00:00+09:00,J2,846,841,1687
2019-12-02T16:00:00+09:00,J3,1147,1090,2237
2019-12-02T16:00:00+09:00,J4,681,681,1362
2019-12-02T16:00:00+09:00,J5,590,647,1237
2019-12-02T16:15:00+09:00,J1,929,1205,2134
2019-12-02T16:15:00+09:00,J2,966,790,1756
2019-12-02T16:15:00+09:00,J3,1165,1067,2232
2019-12-02T16:15:00+09:00,J4,746,732,1478
2019-12-02T16:15:00+09:00,J5,610,716,1326
2019-12-02T16:30:00+09:00,J1,925,1033,1958
2019-12-02T16:30:00+09:00,J2,813,702,1515
2019-12-02T16:30:00+09:00,J3,1287,1147,2434
2019-12-02T16:30:00+09:00,J4,703,726,1429
2019-12-02T16:30:00+09:00,J5,649,723,1372
2019-12-02T16:45:00+09:00,J1,969,1076,2045
2019-12-02T16:45:00+09:00,J2,768,740,1508
2019-12-02T16:45:00+09:00,J3,1199,1207,2406
2019-12-02T16:45:00+09:00,J4,766,691,1457
2019-12-02T16:45:00+09:00,J5,539,662,1201
2019-12-02T17:00:00+09:00,J1,969,1123,2092
2019-12-02T17:00:00+09:00,J2,720,802,1522
2019-12-02T17:00:00+09:00,J3,1374,1231,2605
2019-12-02T17:00:00+09:00,J4,720,631,1351
2019-12-02T17:00:00+09:00,J5,544,706,1250
2019-12-02T17:15:00+09:00,J1,1002,1200,2202
2019-12-02T17:15:00+09:00,J2,832,850,1682
2019-12-02T17:15:00+09:00,J3,1418,1315,2733
2019-12-02T17:15:00+09:00,J4,847,805,1652
2019-12-02T17:15:00+09:00,J5,611,867,1478
2019-12-02T17:30:00+09:00,J1,1091,1222,2313
2019-12-02T17:30:00+09:00,J2,895,918,1813
2019-12-02T17:30:00+09:00,J3,1528,1306,2834
2019-12-02T17:30:00+09:00,J4,975,896,1871
2019-12-02T17:30:00+09:00,J5,677,929,1606
2019-12-02T17:45:00+09:00,J1,1058,1234,2292
2019-12-02T17:45:00+09:00,J2,878,978,1856
2019-12-02T17:45:00+09:00,J3,1559,1313,2872
2019-12-02T17:45:00+09:00,J4,1000,843,1843
2019-12-02T17:45:00+09:00,J5,677,969,1646
2019-12-02T18:00:00+09:00,J1,1083,1233,2316
2019-12-02T18:00:00+09:00,J2,897,989,1886
2019-12-02T18:00:00+09:00,J3,1563,1296,2859
2019-12-02T18:00:00+09:00,J4,959,885,1844
2019-12-02T18:00:00+09:00,J5,696,899,1595
2019-12-02T18:15:00+09:00,J1,1008,1148,2156
2019-12-02T18:15:00+09:00,J2,841,954,1795
2019-12-02T18:15:00+09:00,J3,1528,1296,2824
2019-12-02T18:15:00+09:00,J4,925,756,1681
2019-12-02T18:15:00+09:00,J5,703,847,1550
2019-12-02T18:30:00+09:00,J1,942,1141,2083
2019-12-02T18:30:00+09:00,J2,801,837,1638
2019-12-02T18:30:00+09:00,J3,1349,1078,2427
2019-12-02T18:30:00+09:00,J4,880,691,1571
2019-12-02T18:30:00+09:00,J5,667,859,1526
2019-12-02T18:45:00+09:00,J1,922,1043,1965
2019-12-02T18:45:00+09:00,J2,776,752,1528
2019-12-02T18:45:00+09:00,J3,1071,953,2024
2019-12-02T18:45:00+09:00,J4,804,708,1512
2019-12-02T18:45:00+09:00,J5,644,796,1440
2019-12-02T19:00:00+09:00,J1,953,1084,2037
2019-12-02T19:00:00+09:00,J2,667,662,1329
2019-12-02T19:00:00+09:00,J3,1174,930,2104
2019-12-02T19:00:00+09:00,J4,763,695,1458
2019-12-02T19:00:00+09:00,J5,617,758,1375
2019-12-02T19:15:00+09:00,J1,1004,1183,2187
2019-12-02T19:15:00+09:00,J2,662,712,1374
2019-12-02T19:15:00+09:00,J3,1335,959,2294
2019-12-02T19:15:00+09:00,J4,897,702,1599
2019-12-02T19:15:00+09:00,J5,644,838,1482
2019-12-02T19:30:00+09:00,J1,1014,1194,2208
2019-12-02T19:30:00+09:00,J2,685,636,1321
2019-12-02T19:30:00+09:00,J3,1123,1000,2123
2019-12-02T19:30:00+09:00,J4,815,727,1542
2019-12-02T19:30:00+09:00,J5,642,746,1388
2019-12-02T19:45:00+09:00,J1,915,1037,1952
2019-12-02T19:45:00+09:00,J2,520,588,1108
2019-12-02T19:45:00+09:00,J3,966,1032,1998
2019-12-02T19:45:00+09:00,J4,850,809,1659
2019-12-02T19:45:00+09:00,J5,638,742,1380
2019-12-02T20:00:00+09:00,J1,893,1008,1901
2019-12-02T20:00:00+09:00,J2,484,582,1066
2019-12-02T20:00:00+09:00,J3,990,936,1926
2019-12-02T20:00:00+09:00,J4,837,695,1532
2019-12-02T20:00:00+09:00,J5,629,725,1354
2019-12-02T20:15:00+09:00,J1,865,987,1852
2019-12-02T20:15:00+09:00,J2,584,657,1241
2019-12-02T20:15:00+09:00,J3,1015,926,1941
2019-12-02T20:15:00+09:00,J4,799,667,1466
2019-12-02T20:15:00+09:00,J5,639,674,1313
2019-12-02T20:30:00+09:00,J1,819,951,1770
2019-12-02T20:30:00+09:00,J2,525,586,1111
2019-12-02T20:30:00+09:00,J3,938,875,1813
2019-12-02T20:30:00+09:00,J4,660,676,1336
2019-12-02T20:30:00+09:00,J5,620,729,1349
2019-12-02T20:45:00+09:00,J1,816,982,1798
2019-12-02T20:45:00+09:00,J2,489,545,1034
2019-12-02T20:45:00+09:00,J3,923,867,1790
2019-12-02T20:45:00+09:00,J4,593,618,1211
2019-12-02T20:45:00+09:00,J5,568,653,1221
2019-12-02T21:00:00+09:00,J1,825,963,1788
2019-12-02T21:00:00+09:00,J2,546,599,1145
2019-12-02T21:00:00+09:00,J3,928,776,1704
2019-12-02T21:00:00+09:00,J4,657,604,1261
2019-12-02T21:00:00+09:00,J5,606,689,1295
2019-12-02T21:15:00+09:00,J1,827,908,1735
2019-12-02T21:15:00+09:00,J2,563,660,1223
2019-12-02T21:15:00+09:00,J3,961,782,1743
2019-12-02T21:15:00+09:00,J4,643,533,1176
2019-12-02T21:15:00+09:00,J5,601,623,1224
2019-12-02T21:30:00+09:00,J1,885,937,1822
2019-12-02T21:30:00+09:00,J2,571,563,1134
2019-12-02T21:30:00+09:00,J3,934,743,1677
2019-12-02T21:30:00+09:00,J4,675,549,1224
2019-12-02T21:30:00+09:00,J5,547,600,1147
2019-12-02T21:45:00+09:00,J1,837,1002,1839
2019-12-02T21:45:00+09:00,J2,569,568,1137
2019-12-02T21:45:00+09:00,J3,784,765,1549
2019-12-02T21:45:00+09:00,J4,582,556,1138
2019-12-02T21:45:00+09:00,J5,449,453,902
2019-12-02T22:00:00+09:00,J1,860,1065,1925
2019-12-02T22:00:00+09:00,J2,572,615,1187
2019-12-02T22:00:00+09:00,J3,798,634,1432
2019-12-02T22:00:00+09:00,J4,651,647,1298
2019-12-02T22:00:00+09:00,J5,433,535,968
2019-12-02T22:15:00+09:00,J1,799,981,1780
2019-12-02T22:15:00+09:00,J2,572,556,1128
2019-12-02T22:15:00+09:00,J3,735,651,1386
2019-12-02T22:15:00+09:00,J4,610,553,1163
2019-12-02T22:15:00+09:00,J5,510,497,1007
2019-12-02T22:30:00+09:00,J1,796,843,1639
2019-12-02T22:30:00+09:00,J2,553,504,1057
2019-12-02T22:30:00+09:00,J3,707,678,1385
2019-12-02T22:30:00+09:00,J4,592,528,1120
2019-12-02T22:30:00+09:00,J5,424,355,779
2019-12-02T22:45:00+09:00,J1,789,859,1648
2019-12-02T22:45:00+09:00,J2,597,539,1136
2019-12-02T22:45:00+09:00,J3,760,648,1408
2019-12-02T22:45:00+09:00,J4,571,519,1090
2019-12-02T22:45:00+09:00,J5,391,406,797
2019-12-02T23:00:00+09:00,J1,643,835,1478
2019-12-02T23:00:00+09:00,J2,591,502,1093
2019-12-02T23:00:00+09:00,J3,719,610,1329
2019-12-02T23:00:00+09:00,J4,586,496,1082
2019-12-02T23:00:00+09:00,J5,373,407,780
2019-12-02T23:15:00+09:00,J1,647,644,1291
2019-12-02T23:15:00+09:00,J2,502,507,1009
2019-12-02T23:15:00+09:00,J3,644,637,1281
2019-12-02T23:15:00+09:00,J4,492,445,937
2019-12-02T23:15:00+09:00,J5,385,359,744
2019-12-02T23:30:00+09:00,J1,596,612,1208
2019-12-02T23:30:00+09:00,J2,438,480,918
2019-12-02T23:30:00+09:00,J3,662,599,1261
2019-12-02T23:30:00+09:00,J4,452,456,908
2019-12-02T23:30:00+09:00,J5,437,418,855
2019-12-02T23:45:00+09:00,J1,593,726,1319
2019-12-02T23:45:00+09:00,J2,492,486,978
2019-12-02T23:45:00+09:00,J3,688,620,1308
2019-12-02T23:45:00+09:00,J4,478,408,886
2019-12-02T23:45:00+09:00,J5,407,382,789
2019-12-03T00:00:00+09:00,J1,603,613,1216
2019-12-03T00:00:00+09:00,J2,505,424,929
2019-12-03T00:00:00+09:00,J3,586,536,1122
2019-12-03T00:00:00+09:00,J4,412,378,790
2019-12-03T00:00:00+09:00,J5,408,393,801
2019-12-03T00:15:00+09:00,J1,467,450,917
2019-12-03T00:15:00+09:00,J2,530,408,938
2019-12-03T00:15:00+09:00,J3,492,501,993
2019-12-03T00:15:00+09:00,J4,321,373,694
2019-12-03T00:15:00+09:00,J5,380,415,795
2019-12-03T00:30:00+09:00,J1,357,396,753
2019-12-03T00:30:00+09:00,J2,470,421,891
2019-12-03T00:30:00+09:00,J3,534,532,1066
2019-12-03T00:30:00+09:00,J4,351,342,693
2019-12-03T00:30:00+09:00,J5,436,438,874
2019-12-03T00:45:00+09:00,J1,319,400,719
2019-12-03T00:45:00+09:00,J2,448,375,823
2019-12-03T00:45:00+09:00,J3,525,524,1049
2019-12-03T00:45:00+09:00,J4,297,338,635
2019-12-03T00:45:00+09:00,J5,464,490,954
2019-12-03T05:45:00+09:00,J1,529,537,1066
2019-12-03T05:45:00+09:00,J2,661,538,1199
2019-12-03T05:45:00+09:00,J3,799,769,1568
2019-12-03T05:45:00+09:00,J4,504,573,1077
2019-12-03T05:45:00+09:00,J5,566,575,1141
2019-12-03T06:00:00+09:00,J1,598,544,1142
2019-12-03T06:00:00+09:00,J2,607,548,1155
2019-12-03T06:00:00+09:00,J3,763,727,1490
2019-12-03T06:00:00+09:00,J4,423,498,921
2019-12-03T06:00:00+09:00,J5,546,523,1069
2019-12-03T06:15:00+09:00,J1,655,658,1313
2019-12-03T06:15:00+09:00,J2,572,469,1041
2019-12-03T06:15:00+09:00,J3,611,592,1203
2019-12-03T06:15:00+09:00,J4,427,508,935
2019-12-03T06:15:00+09:00,J5,453,404,857
2019-12-03T06:30:00+09:00,J1,723,758,1481
2019-12-03T06:30:00+09:00,J2,498,482,980
2019-12-03T06:30:00+09:00,J3,657,685,1342
2019-12-03T06:30:00+09:00,J4,432,485,917
2019-12-03T06:30:00+09:00,J5,460,433,893
2019-12-03T06:45:00+09:00,J1,805,788,1593
2019-12-03T06:45:00+09:00,J2,643,579,1222
2019-12-03T06:45:00+09:00,J3,698,706,1404
2019-12-03T06:45:00+09:00,J4,547,562,1109
2019-12-03T06:45:00+09:00,J5,499,478,977
2019-12-03T07:00:00+09:00,J1,838,865,1703
2019-12-03T07:00:00+09:00,J2,665,564,1229
2019-12-03T07:00:00+09:00,J3,756,784,1540
2019-12-03T07:00:00+09:00,J4,559,577,1136
2019-12-03T07:00:00+09:00,J5,520,480,1000
2019-12-03T07:15:00+09:00,J1,882,880,1762
2019-12-03T07:15:00+09:00,J2,695,673,1368
2019-12-03T07:15:00+09:00,J3,779,788,1567
2019-12-03T07:15:00+09:00,J4,621,716,1337
2019-12-03T07:15:00+09:00,J5,570,534,1104
2019-12-03T07:30:00+09:00,J1,994,950,1944
2019-12-03T07:30:00+09:00,J2,737,644,1381
2019-12-03T07:30:00+09:00,J3,984,921,1905
2019-12-03T07:30:00+09:00,J4,678,911,1589
2019-12-03T07:30:00+09:00,J5,646,740,1386
2019-12-03T07:45:00+09:00,J1,1051,1053,2104
2019-12-03T07:45:00+09:00,J2,811,616,1427
2019-12-03T07:45:00+09:00,J3,1037,1007,2044
2019-12-03T07:45:00+09:00,J4,662,914,1576
2019-12-03T07:45:00+09:00,J5,646,662,1308
2019-12-03T08:00:00+09:00,J1,1263,1114,2377
2019-12-03T08:00:00+09:00,J2,1020,708,1728
2019-12-03T08:00:00+09:00,J3,1277,1389,2666
2019-12-03T08:00:00+09:00,J4,636,934,1570
2019-12-03T08:00:00+09:00,J5,616,751,1367
2019-12-03T08:15:00+09:00,J1,1317,1115,2432
2019-12-03T08:15:00+09:00,J2,1148,677,1825
2019-12-03T08:15:00+09:00,J3,1436,1582,3018
2019-12-03T08:15:00+09:00,J4,685,1014,1699
2019-12-03T08:15:00+09:00,J5,567,634,1201
2019-12-03T08:30:00+09:00,J1,1305,1201,2506
2019-12-03T08:30:00+09:00,J2,1130,602,1732
2019-12-03T08:30:00+09:00,J3,1258,1476,2734
2019-12-03T08:30:00+09:00,J4,694,1104,1798
2019-12-03T08:30:00+09:00,J5,517,583,1100
2019-12-03T08:45:00+09:00,J1,1209,1057,2266
2019-12-03T08:45:00+09:00,J2,808,548,1356
2019-12-03T08:45:00+09:00,J3,1116,1327,2443
2019-12-03T08:45:00+09:00,J4,583,890,1473
2019-12-03T08:45:00+09:00,J5,667,668,1335
2019-12-03T09:00:00+09:00,J1,1130,1105,2235
2019-12-03T09:00:00+09:00,J2,821,690,1511
2019-12-03T09:00:00+09:00,J3,1182,1153,2335
2019-12-03T09:00:00+09:00,J4,577,683,1260
2019-12-03T09:00:00+09:00,J5,697,681,1378
2019-12-03T09:15:00+09:00,J1,1150,1168,2318
2019-12-03T09:15:00+09:00,J2,833,735,1568
2019-12-03T09:15:00+09:00,J3,1223,1116,2339
2019-12-03T09:15:00+09:00,J4,571,757,1328
2019-12-03T09:15:00+09:00,J5,708,744,1452
2019-12-03T09:30:00+09:00,J1,1129,1156,2285
2019-12-03T09:30:00+09:00,J2,777,695,1472
2019-12-03T09:30:00+09:00,J3,1265,1189,2454
2019-12-03T09:30:00+09:00,J4,645,710,1355
2019-12-03T09:30:00+09:00,J5,721,676,1397
2019-12-03T09:45:00+09:00,J1,1104,1151,2255
2019-12-03T09:45:00+09:00,J2,693,628,1321
2019-12-03T09:45:00+09:00,J3,1186,1081,2267
2019-12-03T09:45:00+09:00,J4,567,718,1285
2019-12-03T09:45:00+09:00,J5,656,650,1306
2019-12-03T10:00:00+09:00,J1,1108,1165,2273
2019-12-03T10:00:00+09:00,J2,825,745,1570
2019-12-03T10:00:00+09:00,J3,1127,1034,2161
2019-12-03T10:00:00+09:00,J4,598,664,1262
2019-12-03T10:00:00+09:00,J5,584,626,1210
2019-12-03T10:15:00+09:00,J1,1124,1135,2259
2019-12-03T10:15:00+09:00,J2,746,710,1456
2019-12-03T10:15:00+09:00,J3,1001,1000,2001
2019-12-03T10:15:00+09:00,J4,559,635,1194
2019-12-03T10:15:00+09:00,J5,561,605,1166
2019-12-03T10:30:00+09:00,J1,1151,1126,2277
2019-12-03T10:30:00+09:00,J2,711,658,1369
2019-12-03T10:30:00+09:00,J3,914,1019,1933
2019-12-03T10:30:00+09:00,J4,596,645,1241
2019-12-03T10:30:00+09:00,J5,564,630,1194
2019-12-03T10:45:00+09:00,J1,1101,1114,2215
2019-12-03T10:45:00+09:00,J2,708,682,1390
2019-12-03T10:45:00+09:00,J3,939,973,1912
2019-12-03T10:45:00+09:00,J4,642,684,1326
2019-12-03T10:45:00+09:00,J5,498,528,1026
2019-12-03T11:00:00+09:00,J1,1076,1106,2182
2019-12-03T11:00:00+09:00,J2,665,692,1357
2019-12-03T11:00:00+09:00,J3,1034,1011,2045
2019-12-03T11:00:00+09:00,J4,596,714,1310
2019-12-03T11:00:00+09:00,J5,468,531,999
2019-12-03T11:15:00+09:00,J1,1051,1212,2263
2019-12-03T11:15:00+09:00,J2,692,711,1403
2019-12-03T11:15:00+09:00,J3,989,1070,2059
2019-12-03T11:15:00+09:00,J4,647,802,1449
2019-12-03T11:15:00+09:00,J5,551,594,1145
2019-12-03T11:30:00+09:00,J1,1069,1240,2309
2019-12-03T11:30:00+09:00,J2,719,640,1359
2019-12-03T11:30:00+09:00,J3,1009,1087,2096
2019-12-03T11:30:00+09:00,J4,661,705,1366
2019-12-03T11:30:00+09:00,J5,495,538,1033
2019-12-03T11:45:00+09:00,J1,1079,1242,2321
2019-12-03T11:45:00+09:00,J2,736,641,1377
2019-12-03T11:45:00+09:00,J3,1123,1209,2332
2019-12-03T11:45:00+09:00,J4,688,722,1410
2019-12-03T11:45:00+09:00,J5,577,499,1076
2019-12-03T12:00:00+09:00,J1,1097,1258,2355
2019-12-03T12:00:00+09:00,J2,745,712,1457
2019-12-03T12:00:00+09:00,J3,1194,1209,2403
2019-12-03T12:00:00+09:00,J4,753,816,1569
2019-12-03T12:00:00+09:00,J5,555,485,1040
2019-12-03T12:15:00+09:00,J1,1101,1148,2249
2019-12-03T12:15:00+09:00,J2,769,668,1437
2019-12-03T12:15:00+09:00,J3,1228,1231,2459
2019-12-03T12:15:00+09:00,J4,730,788,1518
2019-12-03T12:15:00+09:00,J5,617,585,1202
2019-12-03T12:30:00+09:00,J1,1011,1186,2197
2019-12-03T12:30:00+09:00,J2,763,745,1508
2019-12-03T12:30:00+09:00,J3,1189,1306,2495
2019-12-03T12:30:00+09:00,J4,751,782,1533
2019-12-03T12:30:00+09:00,J5,671,726,1397
2019-12-03T12:45:00+09:00,J1,992,1155,2147
2019-12-03T12:45:00+09:00,J2,740,667,1407
2019-12-03T12:45:00+09:00,J3,1112,1077,2189
2019-12-03T12:45:00+09:00,J4,652,737,1389
2019-12-03T12:45:00+09:00,J5,662,739,1401
2019-12-03T13:00:00+09:00,J1,1004,1138,2142
2019-12-03T13:00:00+09:00,J2,703,613,1316
2019-12-03T13:00:00+09:00,J3,1189,1004,2193
2019-12-03T13:00:00+09:00,J4,828,753,1581
2019-12-03T13:00:00+09:00,J5,637,660,1297
2019-12-03T13:15:00+09:00,J1,1003,1079,2082
2019-12-03T13:15:00+09:00,J2,744,676,1420
2019-12-03T13:15:00+09:00,J3,1173,1026,2199
2019-12-03T13:15:00+09:00,J4,740,774,1514
2019-12-03T13:15:00+09:00,J5,694,735,1429
2019-12-03T13:30:00+09:00,J1,898,1065,1963
2019-12-03T13:30:00+09:00,J2,555,506,1061
2019-12-03T13:30:00+09:00,J3,1113,973,2086
2019-12-03T13:30:00+09:00,J4,781,760,1541
2019-12-03T13:30:00+09:00,J5,712,713,1425
2019-12-03T13:45:00+09:00,J1,931,1103,2034
2019-12-03T13:45:00+09:00,J2,496,447,943
2019-12-03T13:45:00+09:00,J3,1017,1034,2051
2019-12-03T13:45:00+09:00,J4,777,802,1579
2019-12-03T13:45:00+09:00,J5,709,705,1414
2019-12-03T14:00:00+09:00,J1,1030,1139,2169
2019-12-03T14:00:00+09:00,J2,622,525,1147
2019-12-03T14:00:00+09:00,J3,1104,1017,2121
2019-12-03T14:00:00+09:00,J4,752,831,1583
2019-12-03T14:00:00+09:00,J5,692,657,1349
2019-12-03T14:15:00+09:00,J1,1030,1192,2222
2019-12-03T14:15:00+09:00,J2,566,508,1074
2019-12-03T14:15:00+09:00,J3,1117,1012,2129
2019-12-03T14:15:00+09:00,J4,737,736,1473
2019-12-03T14:15:00+09:00,J5,703,678,1381
2019-12-03T14:30:00+09:00,J1,1026,1173,2199
2019-12-03T14:30:00+09:00,J2,596,484,1080
2019-12-03T14:30:00+09:00,J3,1063,961,2024
2019-12-03T14:30:00+09:00,J4,761,758,1519
2019-12-03T14:30:00+09:00,J5,653,636,1289
2019-12-03T14:45:00+09:00,J1,714,783,1497
2019-12-03T14:45:00+09:00,J2,345,302,647
2019-12-03T14:45:00+09:00,J3,733,649,1382
2019-12-03T14:45:00+09:00,J4,492,548,1040
2019-12-03T14:45:00+09:00,J5,408,378,786
2019-12-03T15:00:00+09:00,J1,895,1049,1944
2019-12-03T15:00:00+09:00,J2,492,462,954
2019-12-03T15:00:00+09:00,J3,1160,1015,2175
2019-12-03T15:00:00+09:00,J4,792,810,1602
2019-12-03T15:00:00+09:00,J5,692,591,1283
2019-12-03T15:15:00+09:00,J1,982,1076,2058
2019-12-03T15:15:00+09:00,J2,554,463,1017
2019-12-03T15:15:00+09:00,J3,1017,898,1915
2019-12-03T15:15:00+09:00,J4,734,752,1486
2019-12-03T15:15:00+09:00,J5,725,670,1395
2019-12-03T15:30:00+09:00,J1,1043,1163,2206
2019-12-03T15:30:00+09:00,J2,648,557,1205
2019-12-03T15:30:00+09:00,J3,1190,920,2110
2019-12-03T15:30:00+09:00,J4,727,684,1411
2019-12-03T15:30:00+09:00,J5,642,667,1309
2019-12-03T15:45:00+09:00,J1,1032,1162,2194
2019-12-03T15:45:00+09:00,J2,638,723,1361
2019-12-03T15:45:00+09:00,J3,1107,1042,2149
2019-12-03T15:45:00+09:00,J4,704,764,1468
2019-12-03T15:45:00+09:00,J5,646,649,1295
2019-12-03T16:00:00+09:00,J1,1057,1211,2268
2019-12-03T16:00:00+09:00,J2,632,722,1354
2019-12-03T16:00:00+09:00,J3,1212,1054,2266
2019-12-03T16:00:00+09:00,J4,713,744,1457
2019-12-03T16:00:00+09:00,J5,654,620,1274
2019-12-03T16:15:00+09:00,J1,1028,1178,2206
2019-12-03T16:15:00+09:00,J2,651,682,1333
2019-12-03T16:15:00+09:00,J3,1242,982,2224
2019-12-03T16:15:00+09:00,J4,708,801,1509
2019-12-03T16:15:00+09:00,J5,651,562,1213
2019-12-03T16:30:00+09:00,J1,1022,1190,2212
2019-12-03T16:30:00+09:00,J2,658,732,1390
2019-12-03T16:30:00+09:00,J3,1212,1143,2355
2019-12-03T16:30:00+09:00,J4,716,796,1512
2019-12-03T16:30:00+09:00,J5,653,581,1234
2019-12-03T16:45:00+09:00,J1,1066,1112,2178
2019-12-03T16:45:00+09:00,J2,568,741,1309
2019-12-03T16:45:00+09:00,J3,1321,1282,2603
2019-12-03T16:45:00+09:00,J4,731,774,1505
2019-12-03T16:45:00+09:00,J5,628,636,1264
2019-12-03T17:00:00+09:00,J1,1070,1217,2287
2019-12-03T17:00:00+09:00,J2,752,906,1658
2019-12-03T17:00:00+09:00,J3,1394,1360,2754
2019-12-03T17:00:00+09:00,J4,795,787,1582
2019-12-03T17:00:00+09:00,J5,678,696,1374
2019-12-03T17:15:00+09:00,J1,1069,1225,2294
2019-12-03T17:15:00+09:00,J2,755,866,1621
2019-12-03T17:15:00+09:00,J3,1511,1349,2860
2019-12-03T17:15:00+09:00,J4,889,724,1613
2019-12-03T17:15:00+09:00,J5,625,656,1281
2019-12-03T17:30:00+09:00,J1,1080,1262,2342
2019-12-03T17:30:00+09:00,J2,788,945,1733
2019-12-03T17:30:00+09:00,J3,1542,1378,2920
2019-12-03T17:30:00+09:00,J4,955,793,1748
2019-12-03T17:30:00+09:00,J5,647,785,1432
2019-12-03T17:45:00+09:00,J1,1087,1242,2329
2019-12-03T17:45:00+09:00,J2,792,935,1727
2019-12-03T17:45:00+09:00,J3,1415,1354,2769
2019-12-03T17:45:00+09:00,J4,1001,848,1849
2019-12-03T17:45:00+09:00,J5,727,765,1492
2019-12-03T18:00:00+09:00,J1,1130,1197,2327
2019-12-03T18:00:00+09:00,J2,851,899,1750
2019-12-03T18:00:00+09:00,J3,1482,1374,2856
2019-12-03T18:00:00+09:00,J4,1021,808,1829
2019-12-03T18:00:00+09:00,J5,722,842,1564
2019-12-03T18:15:00+09:00,J1,1085,1281,2366
2019-12-03T18:15:00+09:00,J2,840,915,1755
2019-12-03T18:15:00+09:00,J3,1596,1373,2969
2019-12-03T18:15:00+09:00,J4,1076,815,1891
2019-12-03T18:15:00+09:00,J5,675,850,1525
2019-12-03T18:30:00+09:00,J1,1174,1235,2409
2019-12-03T18:30:00+09:00,J2,860,822,1682
2019-12-03T18:30:00+09:00,J3,1452,1298,2750
2019-12-03T18:30:00+09:00,J4,930,840,1770
2019-12-03T18:30:00+09:00,J5,647,766,1413
2019-12-03T18:45:00+09:00,J1,1054,1204,2258
2019-12-03T18:45:00+09:00,J2,738,731,1469
2019-12-03T18:45:00+09:00,J3,1301,1197,2498
2019-12-03T18:45:00+09:00,J4,926,880,1806
2019-12-03T18:45:00+09:00,J5,643,712,1355
2019-12-03T19:00:00+09:00,J1,1049,1100,2149
2019-12-03T19:00:00+09:00,J2,780,729,1509
2019-12-03T19:00:00+09:00,J3,1316,1243,2559
2019-12-03T19:00:00+09:00,J4,860,802,1662
2019-12-03T19:00:00+09:00,J5,577,761,1338
2019-12-03T19:15:00+09:00,J1,1015,1184,2199
2019-12-03T19:15:00+09:00,J2,714,793,1507
2019-12-03T19:15:00+09:00,J3,1273,1185,2458
2019-12-03T19:15:00+09:00,J4,888,807,1695
2019-12-03T19:15:00+09:00,J5,596,740,1336
2019-12-03T19:30:00+09:00,J1,1052,1165,2217
2019-12-03T19:30:00+09:00,J2,777,754,1531
2019-12-03T19:30:00+09:00,J3,1312,1040,2352
2019-12-03T19:30:00+09:00,J4,955,971,1926
2019-12-03T19:30:00+09:00,J5,590,628,1218
2019-12-03T19:45:00+09:00,J1,989,1140,2129
2019-12-03T19:45:00+09:00,J2,707,713,1420
2019-12-03T19:45:00+09:00,J3,1073,1005,2078
2019-12-03T19:45:00+09:00,J4,826,883,1709
2019-12-03T19:45:00+09:00,J5,529,662,1191
2019-12-03T20:00:00+09:00,J1,1028,1166,2194
2019-12-03T20:00:00+09:00,J2,682,691,1373
2019-12-03T20:00:00+09:00,J3,1133,1028,2161
2019-12-03T20:00:00+09:00,J4,850,866,1716
2019-12-03T20:00:00+09:00,J5,561,641,1202
2019-12-03T20:15:00+09:00,J1,1042,1160,2202
2019-12-03T20:15:00+09:00,J2,756,686,1442
2019-12-03T20:15:00+09:00,J3,997,987,1984
2019-12-03T20:15:00+09:00,J4,875,821,1696
2019-12-03T20:15:00+09:00,J5,509,595,1104
2019-12-03T20:30:00+09:00,J1,1032,1182,2214
2019-12-03T20:30:00+09:00,J2,709,631,1340
2019-12-03T20:30:00+09:00,J3,981,970,1951
2019-12-03T20:30:00+09:00,J4,919,839,1758
2019-12-03T20:30:00+09:00,J5,531,617,1148
2019-12-03T20:45:00+09:00,J1,1010,1103,2113
2019-12-03T20:45:00+09:00,J2,663,617,1280
2019-12-03T20:45:00+09:00,J3,961,895,1856
2019-12-03T20:45:00+09:00,J4,914,853,1767
2019-12-03T20:45:00+09:00,J5,528,561,1089
2019-12-03T21:00:00+09:00,J1,952,1134,2086
2019-12-03T21:00:00+09:00,J2,610,590,1200
2019-12-03T21:00:00+09:00,J3,1077,1023,2100
2019-12-03T21:00:00+09:00,J4,935,870,1805
2019-12-03T21:00:00+09:00,J5,525,581,1106
2019-12-03T21:15:00+09:00,J1,925,1181,2106
2019-12-03T21:15:00+09:00,J2,587,550,1137
2019-12-03T21:15:00+09:00,J3,1134,1091,2225
2019-12-03T21:15:00+09:00,J4,940,867,1807
2019-12-03T21:15:00+09:00,J5,539,553,1092
2019-12-03T21:30:00+09:00,J1,976,1207,2183
2019-12-03T21:30:00+09:00,J2,619,594,1213
2019-12-03T21:30:00+09:00,J3,1087,1058,2145
2019-12-03T21:30:00+09:00,J4,836,860,1696
2019-12-03T21:30:00+09:00,J5,497,574,1071
2019-12-03T21:45:00+09:00,J1,983,1131,2114
2019-12-03T21:45:00+09:00,J2,664,625,1289
2019-12-03T21:45:00+09:00,J3,1143,1067,2210
2019-12-03T21:45:00+09:00,J4,807,839,1646
2019-12-03T21:45:00+09:00,J5,514,497,1011
2019-12-03T22:00:00+09:00,J1,965,1165,2130
2019-12-03T22:00:00+09:00,J2,696,682,1378
2019-12-03T22:00:00+09:00,J3,1140,987,2127
2019-12-03T22:00:00+09:00,J4,781,813,1594
2019-12-03T22:00:00+09:00,J5,481,492,973
2019-12-03T22:15:00+09:00,J1,918,1089,2007
2019-12-03T22:15:00+09:00,J2,710,719,1429
2019-12-03T22:15:00+09:00,J3,1078,948,2026
2019-12-03T22:15:00+09:00,J4,773,803,1576
2019-12-03T22:15:00+09:00,J5,507,461,968
2019-12-03T22:30:00+09:00,J1,966,1134,2100
2019-12-03T22:30:00+09:00,J2,505,556,1061
2019-12-03T22:30:00+09:00,J3,1072,871,1943
2019-12-03T22:30:00+09:00,J4,780,845,1625
2019-12-03T22:30:00+09:00,J5,645,517,1162
2019-12-03T22:45:00+09:00,J1,901,1113,2014
2019-12-03T22:45:00+09:00,J2,508,496,1004
2019-12-03T22:45:00+09:00,J3,1053,793,1846
2019-12-03T22:45:00+09:00,J4,656,713,1369
2019-12-03T22:45:00+09:00,J5,556,586,1142
2019-12-03T23:00:00+09:00,J1,959,1035,1994
2019-12-03T23:00:00+09:00,J2,542,550,1092
2019-12-03T23:00:00+09:00,J3,971,816,1787
2019-12-03T23:00:00+09:00,J4,679,755,1434
2019-12-03T23:00:00+09:00,J5,547,610,1157
2019-12-03T23:15:00+09:00,J1,907,1058,1965
2019-12-03T23:15:00+09:00,J2,517,538,1055
2019-12-03T23:15:00+09:00,J3,969,821,1790
2019-12-03T23:15:00+09:00,J4,712,784,1496
2019-12-03T23:15:00+09:00,J5,574,594,1168
2019-12-03T23:30:00+09:00,J1,851,1081,1932
2019-12-03T23:30:00+09:00,J2,497,539,1036
2019-12-03T23:30:00+09:00,J3,975,800,1775
2019-12-03T23:30:00+09:00,J4,594,716,1310
2019-12-03T23:30:00+09:00,J5,579,544,1123
2019-12-03T23:45:00+09:00,J1,884,1032,1916
2019-12-03T23:45:00+09:00,J2,509,542,1051
2019-12-03T23:45:00+09:00,J3,946,801,1747
2019-12-03T23:45:00+09:00,J4,466,516,982
2019-12-03T23:45:00+09:00,J5,587,592,1179
2019-12-04T00:00:00+09:00,J1,800,881,1681
2019-12-04T00:00:00+09:00,J2,423,417,840
2019-12-04T00:00:00+09:00,J3,953,759,1712
2019-12-04T00:00:00+09:00,J4,408,451,859
2019-12-04T00:00:00+09:00,J5,589,612,1201
2019-12-04T00:15:00+09:00,J1,571,572,1143
2019-12-04T00:15:00+09:00,J2,393,394,787
2019-12-04T00:15:00+09:00,J3,705,612,1317
2019-12-04T00:15:00+09:00,J4,419,481,900
2019-12-04T00:15:00+09:00,J5,394,462,856
2019-12-04T00:30:00+09:00,J1,546,462,1008
2019-12-04T00:30:00+09:00,J2,466,453,919
2019-12-04T00:30:00+09:00,J3,657,537,1194
2019-12-04T00:30:00+09:00,J4,572,604,1176
2019-12-04T00:30:00+09:00,J5,468,457,925
2019-12-04T00:45:00+09:00,J1,476,482,958
2019-12-04T00:45:00+09:00,J2,424,452,876
2019-12-04T00:45:00+09:00,J3,643,535,1178
2019-12-04T00:45:00+09:00,J4,584,540,1124
2019-12-04T00:45:00+09:00,J5,462,455,917
2019-12-04T05:45:00+09:00,J1,728,775,1503
2019-12-04T05:45:00+09:00,J2,450,426,876
2019-12-04T05:45:00+09:00,J3,729,648,1377
2019-12-04T05:45:00+09:00,J4,620,694,1314
2019-12-04T05:45:00+09:00,J5,462,435,897
2019-12-04T06:00:00+09:00,J1,775,808,1583
2019-12-04T06:00:00+09:00,J2,476,439,915
2019-12-04T06:00:00+09:00,J3,738,636,1374
2019-12-04T06:00:00+09:00,J4,494,606,1100
2019-12-04T06:00:00+09:00,J5,434,415,849
2019-12-04T06:15:00+09:00,J1,835,902,1737
2019-12-04T06:15:00+09:00,J2,489,474,963
2019-12-04T06:15:00+09:00,J3,880,711,1591
2019-12-04T06:15:00+09:00,J4,573,697,1270
2019-12-04T06:15:00+09:00,J5,514,552,1066
2019-12-04T06:30:00+09:00,J1,832,983,1815
2019-12-04T06:30:00+09:00,J2,497,509,1006
2019-12-04T06:30:00+09:00,J3,942,749,1691
2019-12-04T06:30:00+09:00,J4,576,708,1284
2019-12-04T06:30:00+09:00,J5,647,709,1356
2019-12-04T06:45:00+09:00,J1,951,974,1925
2019-12-04T06:45:00+09:00,J2,486,548,1034
2019-12-04T06:45:00+09:00,J3,909,741,1650
2019-12-04T06:45:00+09:00,J4,602,710,1312
2019-12-04T06:45:00+09:00,J5,612,702,1314
2019-12-04T07:00:00+09:00,J1,986,1085,2071
2019-12-04T07:00:00+09:00,J2,493,529,1022
2019-12-04T07:00:00+09:00,J3,921,821,1742
2019-12-04T07:00:00+09:00,J4,776,863,1639
2019-12-04T07:00:00+09:00,J5,707,603,1310
2019-12-04T07:15:00+09:00,J1,980,1113,2093
2019-12-04T07:15:00+09:00,J2,614,557,1171
2019-12-04T07:15:00+09:00,J3,1028,915,1943
2019-12-04T07:15:00+09:00,J4,904,909,1813
2019-12-04T07:15:00+09:00,J5,711,602,1313
2019-12-04T07:30:00+09:00,J1,982,1084,2066
2019-12-04T07:30:00+09:00,J2,664,585,1249
2019-12-04T07:30:00+09:00,J3,1008,1023,2031
2019-12-04T07:30:00+09:00,J4,909,1030,1939
2019-12-04T07:30:00+09:00,J5,680,709,1389
2019-12-04T07:45:00+09:00,J1,1024,1111,2135
2019-12-04T07:45:00+09:00,J2,838,656,1494
2019-12-04T07:45:00+09:00,J3,1293,1232,2525
2019-12-04T07:45:00+09:00,J4,871,1150,2021
2019-12-04T07:45:00+09:00,J5,662,721,1383
2019-12-04T08:00:00+09:00,J1,1132,1156,2288
2019-12-04T08:00:00+09:00,J2,1003,715,1718
2019-12-04T08:00:00+09:00,J3,1528,1366,2894
2019-12-04T08:00:00+09:00,J4,902,1131,2033
2019-12-04T08:00:00+09:00,J5,615,720,1335
2019-12-04T08:15:00+09:00,J1,1155,1103,2258
2019-12-04T08:15:00+09:00,J2,1174,731,1905
2019-12-04T08:15:00+09:00,J3,1625,1522,3147
2019-12-04T08:15:00+09:00,J4,836,1253,2089
2019-12-04T08:15:00+09:00,J5,618,698,1316
2019-12-04T08:30:00+09:00,J1,1152,1122,2274
2019-12-04T08:30:00+09:00,J2,1043,696,1739
2019-12-04T08:30:00+09:00,J3,1530,1464,2994
2019-12-04T08:30:00+09:00,J4,890,1159,2049
2019-12-04T08:30:00+09:00,J5,642,721,1363
2019-12-04T08:45:00+09:00,J1,1143,1111,2254
2019-12-04T08:45:00+09:00,J2,915,591,1506
2019-12-04T08:45:00+09:00,J3,1337,1336,2673
2019-12-04T08:45:00+09:00,J4,930,1010,1940
2019-12-04T08:45:00+09:00,J5,606,616,1222
2019-12-04T09:00:00+09:00,J1,1148,1176,2324
2019-12-04T09:00:00+09:00,J2,752,565,1317
2019-12-04T09:00:00+09:00,J3,1150,1004,2154
2019-12-04T09:00:00+09:00,J4,931,924,1855
2019-12-04T09:00:00+09:00,J5,618,628,1246
2019-12-04T09:15:00+09:00,J1,1111,1176,2287
2019-12-04T09:15:00+09:00,J2,710,555,1265
2019-12-04T09:15:00+09:00,J3,1057,1070,2127
2019-12-04T09:15:00+09:00,J4,873,968,1841
2019-12-04T09:15:00+09:00,J5,629,642,1271
2019-12-04T09:30:00+09:00,J1,1160,1252,2412
2019-12-04T09:30:00+09:00,J2,706,635,1341
2019-12-04T09:30:00+09:00,J3,1210,1290,2500
2019-12-04T09:30:00+09:00,J4,957,944,1901
2019-12-04T09:30:00+09:00,J5,657,609,1266
2019-12-04T09:45:00+09:00,J1,1135,1207,2342
2019-12-04T09:45:00+09:00,J2,667,664,1331
2019-12-04T09:45:00+09:00,J3,1149,1311,2460
2019-12-04T09:45:00+09:00,J4,857,889,1746
2019-12-04T09:45:00+09:00,J5,634,633,1267
2019-12-04T10:00:00+09:00,J1,1082,1251,2333
2019-12-04T10:00:00+09:00,J2,604,592,1196
2019-12-04T10:00:00+09:00,J3,1032,988,2020
2019-12-04T10:00:00+09:00,J4,833,924,1757
2019-12-04T10:00:00+09:00,J5,654,614,1268
2019-12-04T10:15:00+09:00,J1,1161,1227,2388
2019-12-04T10:15:00+09:00,J2,621,671,1292
2019-12-04T10:15:00+09:00,J3,1000,1002,2002
2019-12-04T10:15:00+09:00,J4,671,746,1417
2019-12-04T10:15:00+09:00,J5,652,601,1253
2019-12-04T10:30:00+09:00,J1,1165,1273,2438
2019-12-04T10:30:00+09:00,J2,731,700,1431
2019-12-04T10:30:00+09:00,J3,1028,1070,2098
2019-12-04T10:30:00+09:00,J4,862,894,1756
2019-12-04T10:30:00+09:00,J5,584,573,1157
2019-12-04T10:45:00+09:00,J1,1155,1196,2351
2019-12-04T10:45:00+09:00,J2,664,698,1362
2019-12-04T10:45:00+09:00,J3,1078,1161,2239
2019-12-04T10:45:00+09:00,J4,1025,1052,2077
2019-12-04T10:45:00+09:00,J5,539,556,1095
2019-12-04T11:00:00+09:00,J1,1139,1185,2324
2019-12-04T11:00:00+09:00,J2,712,746,1458
2019-12-04T11:00:00+09:00,J3,1127,1050,2177
2019-12-04T11:00:00+09:00,J4,1126,996,2122
2019-12-04T11:00:00+09:00,J5,571,557,1128
2019-12-04T11:15:00+09:00,J1,1160,1202,2362
2019-12-04T11:15:00+09:00,J2,768,768,1536
2019-12-04T11:15:00+09:00,J3,1275,1094,2369
2019-12-04T11:15:00+09:00,J4,1070,1040,2110
2019-12-04T11:15:00+09:00,J5,589,607,1196
2019-12-04T11:30:00+09:00,J1,1106,1225,2331
2019-12-04T11:30:00+09:00,J2,814,730,1544
2019-12-04T11:30:00+09:00,J3,1137,1111,2248
2019-12-04T11:30:00+09:00,J4,1040,1056,2096
2019-12-04T11:30:00+09:00,J5,482,443,925
2019-12-04T11:45:00+09:00,J1,1128,1197,2325
2019-12-04T11:45:00+09:00,J2,727,642,1369
2019-12-04T11:45:00+09:00,J3,1017,1026,2043
2019-12-04T11:45:00+09:00,J4,1000,1028,2028
2019-12-04T11:45:00+09:00,J5,476,479,955
2019-12-04T12:00:00+09:00,J1,1091,1225,2316
2019-12-04T12:00:00+09:00,J2,847,899,1746
2019-12-04T12:00:00+09:00,J3,1128,1068,2196
2019-12-04T12:00:00+09:00,J4,1013,1073,2086
2019-12-04T12:00:00+09:00,J5,503,547,1050
2019-12-04T12:15:00+09:00,J1,1106,1207,2313
2019-12-04T12:15:00+09:00,J2,799,769,1568
2019-12-04T12:15:00+09:00,J3,1105,1097,2202
2019-12-04T12:15:00+09:00,J4,896,900,1796
2019-12-04T12:15:00+09:00,J5,587,533,1120
2019-12-04T12:30:00+09:00,J1,1043,1180,2223
2019-12-04T12:30:00+09:00,J2,790,744,1534
2019-12-04T12:30:00+09:00,J3,1116,987,2103
2019-12-04T12:30:00+09:00,J4,860,940,1800
2019-12-04T12:30:00+09:00,J5,717,711,1428
2019-12-04T12:45:00+09:00,J1,1031,1133,2164
2019-12-04T12:45:00+09:00,J2,799,678,1477
2019-12-04T12:45:00+09:00,J3,1106,1008,2114
2019-12-04T12:45:00+09:00,J4,865,944,1809
2019-12-04T12:45:00+09:00,J5,698,700,1398
2019-12-04T13:00:00+09:00,J1,989,1208,2197
2019-12-04T13:00:00+09:00,J2,632,747,1379
2019-12-04T13:00:00+09:00,J3,1252,1086,2338
2019-12-04T13:00:00+09:00,J4,691,869,1560
2019-12-04T13:00:00+09:00,J5,693,674,1367
2019-12-04T13:15:00+09:00,J1,1048,1156,2204
2019-12-04T13:15:00+09:00,J2,657,775,1432
2019-12-04T13:15:00+09:00,J3,1213,1098,2311
2019-12-04T13:15:00+09:00,J4,685,771,1456
2019-12-04T13:15:00+09:00,J5,615,528,1143
2019-12-04T13:30:00+09:00,J1,1047,1185,2232
2019-12-04T13:30:00+09:00,J2,653,723,1376
2019-12-04T13:30:00+09:00,J3,1215,1049,2264
2019-12-04T13:30:00+09:00,J4,714,835,1549
2019-12-04T13:30:00+09:00,J5,449,390,839
2019-12-04T13:45:00+09:00,J1,1039,1203,2242
2019-12-04T13:45:00+09:00,J2,598,762,1360
2019-12-04T13:45:00+09:00,J3,1185,909,2094
2019-12-04T13:45:00+09:00,J4,754,783,1537
2019-12-04T13:45:00+09:00,J5,533,503,1036
2019-12-04T14:00:00+09:00,J1,1010,1247,2257
2019-12-04T14:00:00+09:00,J2,611,779,1390
2019-12-04T14:00:00+09:00,J3,1164,949,2113
2019-12-04T14:00:00+09:00,J4,717,816,1533
2019-12-04T14:00:00+09:00,J5,580,518,1098
2019-12-04T14:15:00+09:00,J1,1056,1268,2324
2019-12-04T14:15:00+09:00,J2,629,776,1405
2019-12-04T14:15:00+09:00,J3,1196,1034,2230
2019-12-04T14:15:00+09:00,J4,756,846,1602
2019-12-04T14:15:00+09:00,J5,615,507,1122
2019-12-04T14:30:00+09:00,J1,1050,1229,2279
2019-12-04T14:30:00+09:00,J2,582,741,1323
2019-12-04T14:30:00+09:00,J3,1214,971,2185
2019-12-04T14:30:00+09:00,J4,699,759,1458
2019-12-04T14:30:00+09:00,J5,632,583,1215
2019-12-04T14:45:00+09:00,J1,1098,1253,2351
2019-12-04T14:45:00+09:00,J2,670,761,1431
2019-12-04T14:45:00+09:00,J3,1121,1013,2134
2019-12-04T14:45:00+09:00,J4,686,719,1405
2019-12-04T14:45:00+09:00,J5,656,558,1214
2019-12-04T15:00:00+09:00,J1,988,1165,2153
2019-12-04T15:00:00+09:00,J2,630,793,1423
2019-12-04T15:00:00+09:00,J3,1136,997,2133
2019-12-04T15:00:00+09:00,J4,653,752,1405
2019-12-04T15:00:00+09:00,J5,643,529,1172
2019-12-04T15:15:00+09:00,J1,719,795,1514
2019-12-04T15:15:00+09:00,J2,245,143,388
2019-12-04T15:15:00+09:00,J3,617,600,1217
2019-12-04T15:15:00+09:00,J4,325,356,681
2019-12-04T15:15:00+09:00,J5,622,567,1189
2019-12-04T15:30:00+09:00,J1,727,854,1581
2019-12-04T15:30:00+09:00,J2,313,148,461
2019-12-04T15:30:00+09:00,J3,642,558,1200
2019-12-04T15:30:00+09:00,J4,328,336,664
2019-12-04T15:30:00+09:00,J5,568,540,1108
2019-12-04T15:45:00+09:00,J1,721,801,1522
2019-12-04T15:45:00+09:00,J2,315,145,460
2019-12-04T15:45:00+09:00,J3,641,594,1235
2019-12-04T15:45:00+09:00,J4,320,348,668
2019-12-04T15:45:00+09:00,J5,591,516,1107
2019-12-04T16:00:00+09:00,J1,720,788,1508
2019-12-04T16:00:00+09:00,J2,333,139,472
2019-12-04T16:00:00+09:00,J3,624,559,1183
2019-12-04T16:00:00+09:00,J4,363,346,709
2019-12-04T16:00:00+09:00,J5,620,572,1192
2019-12-04T16:15:00+09:00,J1,692,799,1491
2019-12-04T16:15:00+09:00,J2,299,139,438
2019-12-04T16:15:00+09:00,J3,658,563,1221
2019-12-04T16:15:00+09:00,J4,386,392,778
2019-12-04T16:15:00+09:00,J5,635,580,1215
2019-12-04T16:30:00+09:00,J1,731,811,1542
2019-12-04T16:30:00+09:00,J2,321,152,473
2019-12-04T16:30:00+09:00,J3,689,607,1296
2019-12-04T16:30:00+09:00,J4,366,360,726
2019-12-04T16:30:00+09:00,J5,640,579,1219
2019-12-04T16:45:00+09:00,J1,789,807,1596
2019-12-04T16:45:00+09:00,J2,337,146,483
2019-12-04T16:45:00+09:00,J3,691,692,1383
2019-12-04T16:45:00+09:00,J4,379,405,784
2019-12-04T16:45:00+09:00,J5,643,627,1270
2019-12-04T17:00:00+09:00,J1,790,888,1678
2019-12-04T17:00:00+09:00,J2,408,211,619
2019-12-04T17:00:00+09:00,J3,745,752,1497
2019-12-04T17:00:00+09:00,J4,501,423,924
2019-12-04T17:00:00+09:00,J5,584,568,1152
2019-12-04T17:15:00+09:00,J1,775,856,1631
2019-12-04T17:15:00+09:00,J2,440,262,702
2019-12-04T17:15:00+09:00,J3,742,767,1509
2019-12-04T17:15:00+09:00,J4,489,365,854
2019-12-04T17:15:00+09:00,J5,594,596,1190
2019-12-04T17:30:00+09:00,J1,771,871,1642
2019-12-04T17:30:00+09:00,J2,493,181,674
2019-12-04T17:30:00+09:00,J3,795,759,1554
2019-12-04T17:30:00+09:00,J4,553,368,921
2019-12-04T17:30:00+09:00,J5,675,676,1351
2019-12-04T17:45:00+09:00,J1,793,797,1590
2019-12-04T17:45:00+09:00,J2,464,156,620
2019-12-04T17:45:00+09:00,J3,845,749,1594
2019-12-04T17:45:00+09:00,J4,603,405,1008
2019-12-04T17:45:00+09:00,J5,594,839,1433
2019-12-04T18:00:00+09:00,J1,810,882,1692
2019-12-04T18:00:00+09:00,J2,466,114,580
2019-12-04T18:00:00+09:00,J3,828,779,1607
2019-12-04T18:00:00+09:00,J4,588,363,951
2019-12-04T18:00:00+09:00,J5,645,752,1397
2019-12-04T18:15:00+09:00,J1,789,847,1636
2019-12-04T18:15:00+09:00,J2,461,140,601
2019-12-04T18:15:00+09:00,J3,787,799,1586
2019-12-04T18:15:00+09:00,J4,575,490,1065
2019-12-04T18:15:00+09:00,J5,597,773,1370
2019-12-04T18:30:00+09:00,J1,816,797,1613
2019-12-04T18:30:00+09:00,J2,414,154,568
2019-12-04T18:30:00+09:00,J3,737,708,1445
2019-12-04T18:30:00+09:00,J4,669,523,1192
2019-12-04T18:30:00+09:00,J5,520,690,1210
2019-12-04T18:45:00+09:00,J1,777,798,1575
2019-12-04T18:45:00+09:00,J2,386,143,529
2019-12-04T18:45:00+09:00,J3,607,608,1215
2019-12-04T18:45:00+09:00,J4,638,487,1125
2019-12-04T18:45:00+09:00,J5,543,646,1189
2019-12-04T19:00:00+09:00,J1,707,770,1477
2019-12-04T19:00:00+09:00,J2,262,114,376
2019-12-04T19:00:00+09:00,J3,715,573,1288
2019-12-04T19:00:00+09:00,J4,650,500,1150
2019-12-04T19:00:00+09:00,J5,527,595,1122
2019-12-04T19:15:00+09:00,J1,662,783,1445
2019-12-04T19:15:00+09:00,J2,258,131,389
2019-12-04T19:15:00+09:00,J3,715,569,1284
2019-12-04T19:15:00+09:00,J4,637,505,1142
2019-12-04T19:15:00+09:00,J5,514,587,1101
2019-12-04T19:30:00+09:00,J1,645,792,1437
2019-12-04T19:30:00+09:00,J2,193,149,342
2019-12-04T19:30:00+09:00,J3,660,621,1281
2019-12-04T19:30:00+09:00,J4,614,516,1130
2019-12-04T19:30:00+09:00,J5,499,554,1053
2019-12-04T19:45:00+09:00,J1,671,743,1414
2019-12-04T19:45:00+09:00,J2,206,171,377
2019-12-04T19:45:00+09:00,J3,642,567,1209
2019-12-04T19:45:00+09:00,J4,562,480,1042
2019-12-04T19:45:00+09:00,J5,560,560,1120
2019-12-04T20:00:00+09:00,J1,652,733,1385
2019-12-04T20:00:00+09:00,J2,238,228,466
2019-12-04T20:00:00+09:00,J3,587,536,1123
2019-12-04T20:00:00+09:00,J4,555,489,1044
2019-12-04T20:00:00+09:00,J5,558,537,1095
2019-12-04T20:15:00+09:00,J1,754,746,1500
2019-12-04T20:15:00+09:00,J2,242,242,484
2019-12-04T20:15:00+09:00,J3,613,590,1203
2019-12-04T20:15:00+09:00,J4,601,445,1046
2019-12-04T20:15:00+09:00,J5,533,591,1124
2019-12-04T20:30:00+09:00,J1,693,753,1446
2019-12-04T20:30:00+09:00,J2,239,187,426
2019-12-04T20:30:00+09:00,J3,627,522,1149
2019-12-04T20:30:00+09:00,J4,497,399,896
2019-12-04T20:30:00+09:00,J5,518,546,1064
2019-12-04T20:45:00+09:00,J1,759,719,1478
2019-12-04T20:45:00+09:00,J2,262,216,478
2019-12-04T20:45:00+09:00,J3,490,514,1004
2019-12-04T20:45:00+09:00,J4,521,419,940
2019-12-04T20:45:00+09:00,J5,523,559,1082
2019-12-04T21:00:00+09:00,J1,660,759,1419
2019-12-04T21:00:00+09:00,J2,209,107,316
2019-12-04T21:00:00+09:00,J3,545,525,1070
2019-12-04T21:00:00+09:00,J4,597,521,1118
2019-12-04T21:00:00+09:00,J5,557,530,1087
2019-12-04T21:15:00+09:00,J1,618,738,1356
2019-12-04T21:15:00+09:00,J2,348,186,534
2019-12-04T21:15:00+09:00,J3,564,566,1130
2019-12-04T21:15:00+09:00,J4,625,544,1169
2019-12-04T21:15:00+09:00,J5,492,491,983
2019-12-04T21:30:00+09:00,J1,697,746,1443
2019-12-04T21:30:00+09:00,J2,301,205,506
2019-12-04T21:30:00+09:00,J3,528,577,1105
2019-12-04T21:30:00+09:00,J4,571,491,1062
2019-12-04T21:30:00+09:00,J5,469,525,994
2019-12-04T21:45:00+09:00,J1,664,723,1387
2019-12-04T21:45:00+09:00,J2,292,249,541
2019-12-04T21:45:00+09:00,J3,587,564,1151
2019-12-04T21:45:00+09:00,J4,556,504,1060
2019-12-04T21:45:00+09:00,J5,584,588,1172
2019-12-04T22:00:00+09:00,J1,714,740,1454
2019-12-04T22:00:00+09:00,J2,273,246,519
2019-12-04T22:00:00+09:00,J3,511,572,1083
2019-12-04T22:00:00+09:00,J4,539,567,1106
2019-12-04T22:00:00+09:00,J5,560,544,1104
2019-12-04T22:15:00+09:00,J1,677,706,1383
2019-12-04T22:15:00+09:00,J2,288,253,541
2019-12-04T22:15:00+09:00,J3,562,553,1115
2019-12-04T22:15:00+09:00,J4,479,478,957
2019-12-04T22:15:00+09:00,J5,567,529,1096
2019-12-04T22:30:00+09:00,J1,603,711,1314
2019-12-04T22:30:00+09:00,J2,182,221,403
2019-12-04T22:30:00+09:00,J3,616,580,1196
2019-12-04T22:30:00+09:00,J4,535,497,1032
2019-12-04T22:30:00+09:00,J5,619,567,1186
2019-12-04T22:45:00+09:00,J1,656,710,1366
2019-12-04T22:45:00+09:00,J2,146,162,308
2019-12-04T22:45:00+09:00,J3,580,501,1081
2019-12-04T22:45:00+09:00,J4,504,521,1025
2019-12-04T22:45:00+09:00,J5,626,626,1252
2019-12-04T23:00:00+09:00,J1,641,687,1328
2019-12-04T23:00:00+09:00,J2,143,188,331
2019-12-04T23:00:00+09:00,J3,597,528,1125
2019-12-04T23:00:00+09:00,J4,501,547,1048
2019-12-04T23:00:00+09:00,J5,585,543,1128
2019-12-04T23:15:00+09:00,J1,661,693,1354
2019-12-04T23:15:00+09:00,J2,123,148,271
2019-12-04T23:15:00+09:00,J3,566,446,1012
2019-12-04T23:15:00+09:00,J4,410,547,957
2019-12-04T23:15:00+09:00,J5,581,603,1184
2019-12-04T23:30:00+09:00,J1,551,672,1223
2019-12-04T23:30:00+09:00,J2,146,153,299
2019-12-04T23:30:00+09:00,J3,540,460,1000
2019-12-04T23:30:00+09:00,J4,453,450,903
2019-12-04T23:30:00+09:00,J5,511,585,1096
2019-12-04T23:45:00+09:00,J1,619,626,1245
2019-12-04T23:45:00+09:00,J2,160,122,282
2019-12-04T23:45:00+09:00,J3,540,434,974
2019-12-04T23:45:00+09:00,J4,330,324,654
2019-12-04T23:45:00+09:00,J5,565,625,1190
2019-12-05T00:00:00+09:00,J1,506,586,1092
2019-12-05T00:00:00+09:00,J2,101,108,209
2019-12-05T00:00:00+09:00,J3,477,366,843
2019-12-05T00:00:00+09:00,J4,269,335,604
2019-12-05T00:00:00+09:00,J5,587,595,1182
2019-12-05T00:15:00+09:00,J1,416,423,839
2019-12-05T00:15:00+09:00,J2,89,98,187
2019-12-05T00:15:00+09:00,J3,313,265,578
2019-12-05T00:15:00+09:00,J4,373,374,747
2019-12-05T00:15:00+09:00,J5,488,518,1006
2019-12-05T00:30:00+09:00,J1,416,364,780
2019-12-05T00:30:00+09:00,J2,126,110,236
2019-12-05T00:30:00+09:00,J3,268,185,453
2019-12-05T00:30:00+09:00,J4,540,466,1006
2019-12-05T00:30:00+09:00,J5,481,539,1020
2019-12-05T00:45:00+09:00,J1,435,405,840
2019-12-05T00:45:00+09:00,J2,109,114,223
2019-12-05T00:45:00+09:00,J3,326,243,569
2019-12-05T00:45:00+09:00,J4,470,439,909
2019-12-05T00:45:00+09:00,J5,460,500,960
2019-12-05T05:45:00+09:00,J1,519,543,1062
2019-12-05T05:45:00+09:00,J2,74,67,141
2019-12-05T05:45:00+09:00,J3,303,204,507
2019-12-05T05:45:00+09:00,J4,531,469,1000
2019-12-05T05:45:00+09:00,J5,469,454,923
2019-12-05T06:00:00+09:00,J1,493,510,1003
2019-12-05T06:00:00+09:00,J2,74,88,162
2019-12-05T06:00:00+09:00,J3,345,260,605
2019-12-05T06:00:00+09:00,J4,489,484,973
2019-12-05T06:00:00+09:00,J5,432,449,881
2019-12-05T06:15:00+09:00,J1,536,549,1085
2019-12-05T06:15:00+09:00,J2,92,114,206
2019-12-05T06:15:00+09:00,J3,415,315,730
2019-12-05T06:15:00+09:00,J4,511,496,1007
2019-12-05T06:15:00+09:00,J5,552,604,1156
2019-12-05T06:30:00+09:00,J1,515,512,1027
2019-12-05T06:30:00+09:00,J2,87,112,199
2019-12-05T06:30:00+09:00,J3,508,416,924
2019-12-05T06:30:00+09:00,J4,581,526,1107
2019-12-05T06:30:00+09:00,J5,734,683,1417
2019-12-05T06:45:00+09:00,J1,562,600,1162
2019-12-05T06:45:00+09:00,J2,120,121,241
2019-12-05T06:45:00+09:00,J3,526,399,925
2019-12-05T06:45:00+09:00,J4,517,622,1139
2019-12-05T06:45:00+09:00,J5,672,661,1333
2019-12-05T07:00:00+09:00,J1,632,553,1185
2019-12-05T07:00:00+09:00,J2,119,121,240
2019-12-05T07:00:00+09:00,J3,485,388,873
2019-12-05T07:00:00+09:00,J4,598,635,1233
2019-12-05T07:00:00+09:00,J5,785,717,1502
2019-12-05T07:15:00+09:00,J1,662,667,1329
2019-12-05T07:15:00+09:00,J2,157,156,313
2019-12-05T07:15:00+09:00,J3,547,433,980
2019-12-05T07:15:00+09:00,J4,614,616,1230
2019-12-05T07:15:00+09:00,J5,801,718,1519
2019-12-05T07:30:00+09:00,J1,694,693,1387
2019-12-05T07:30:00+09:00,J2,186,182,368
2019-12-05T07:30:00+09:00,J3,555,595,1150
2019-12-05T07:30:00+09:00,J4,596,626,1222
2019-12-05T07:30:00+09:00,J5,664,704,1368
2019-12-05T07:45:00+09:00,J1,810,711,1521
2019-12-05T07:45:00+09:00,J2,231,227,458
2019-12-05T07:45:00+09:00,J3,655,734,1389
2019-12-05T07:45:00+09:00,J4,528,634,1162
2019-12-05T07:45:00+09:00,J5,592,506,1098
2019-12-05T08:00:00+09:00,J1,790,751,1541
2019-12-05T08:00:00+09:00,J2,233,155,388
2019-12-05T08:00:00+09:00,J3,741,755,1496
2019-12-05T08:00:00+09:00,J4,613,704,1317
2019-12-05T08:00:00+09:00,J5,666,671,1337
2019-12-05T08:15:00+09:00,J1,869,734,1603
2019-12-05T08:15:00+09:00,J2,292,189,481
2019-12-05T08:15:00+09:00,J3,766,769,1535
2019-12-05T08:15:00+09:00,J4,616,687,1303
2019-12-05T08:15:00+09:00,J5,762,801,1563
2019-12-05T08:30:00+09:00,J1,861,757,1618
2019-12-05T08:30:00+09:00,J2,321,308,629
2019-12-05T08:30:00+09:00,J3,590,762,1352
2019-12-05T08:30:00+09:00,J4,589,681,1270
2019-12-05T08:30:00+09:00,J5,545,658,1203
2019-12-05T08:45:00+09:00,J1,843,779,1622
2019-12-05T08:45:00+09:00,J2,353,241,594
2019-12-05T08:45:00+09:00,J3,588,656,1244
2019-12-05T08:45:00+09:00,J4,578,625,1203
2019-12-05T08:45:00+09:00,J5,559,571,1130
2019-12-05T09:00:00+09:00,J1,871,785,1656
2019-12-05T09:00:00+09:00,J2,324,223,547
2019-12-05T09:00:00+09:00,J3,527,529,1056
2019-12-05T09:00:00+09:00,J4,601,564,1165
2019-12-05T09:00:00+09:00,J5,674,720,1394
2019-12-05T09:15:00+09:00,J1,846,749,1595
2019-12-05T09:15:00+09:00,J2,199,214,413
2019-12-05T09:15:00+09:00,J3,624,563,1187
2019-12-05T09:15:00+09:00,J4,590,575,1165
2019-12-05T09:15:00+09:00,J5,667,638,1305
2019-12-05T09:30:00+09:00,J1,794,745,1539
2019-12-05T09:30:00+09:00,J2,229,187,416
2019-12-05T09:30:00+09:00,J3,616,627,1243
2019-12-05T09:30:00+09:00,J4,562,513,1075
2019-12-05T09:30:00+09:00,J5,630,612,1242
2019-12-05T09:45:00+09:00,J1,767,731,1498
2019-12-05T09:45:00+09:00,J2,217,156,373
2019-12-05T09:45:00+09:00,J3,703,644,1347
2019-12-05T09:45:00+09:00,J4,578,481,1059
2019-12-05T09:45:00+09:00,J5,686,635,1321
2019-12-05T10:00:00+09:00,J1,809,822,1631
2019-12-05T10:00:00+09:00,J2,194,153,347
2019-12-05T10:00:00+09:00,J3,630,527,1157
2019-12-05T10:00:00+09:00,J4,530,488,1018
2019-12-05T10:00:00+09:00,J5,549,555,1104
2019-12-05T10:15:00+09:00,J1,671,694,1365
2019-12-05T10:15:00+09:00,J2,205,143,348
2019-12-05T10:15:00+09:00,J3,547,520,1067
2019-12-05T10:15:00+09:00,J4,359,402,761
2019-12-05T10:15:00+09:00,J5,472,463,935
2019-12-05T10:30:00+09:00,J1,934,892,1826
2019-12-05T10:30:00+09:00,J2,271,224,495
2019-12-05T10:30:00+09:00,J3,765,689,1454
2019-12-05T10:30:00+09:00,J4,527,556,1083
2019-12-05T10:30:00+09:00,J5,641,608,1249
2019-12-05T10:45:00+09:00,J1,754,826,1580
2019-12-05T10:45:00+09:00,J2,233,220,453
2019-12-05T10:45:00+09:00,J3,619,674,1293
2019-12-05T10:45:00+09:00,J4,470,545,1015
2019-12-05T10:45:00+09:00,J5,532,528,1060
2019-12-05T11:00:00+09:00,J1,781,813,1594
2019-12-05T11:00:00+09:00,J2,253,235,488
2019-12-05T11:00:00+09:00,J3,690,645,1335
2019-12-05T11:00:00+09:00,J4,500,543,1043
2019-12-05T11:00:00+09:00,J5,513,520,1033
2019-12-05T11:15:00+09:00,J1,768,770,1538
2019-12-05T11:15:00+09:00,J2,293,297,590
2019-12-05T11:15:00+09:00,J3,601,566,1167
2019-12-05T11:15:00+09:00,J4,553,537,1090
2019-12-05T11:15:00+09:00,J5,636,601,1237
2019-12-05T11:30:00+09:00,J1,743,763,1506
2019-12-05T11:30:00+09:00,J2,315,272,587
2019-12-05T11:30:00+09:00,J3,566,542,1108
2019-12-05T11:30:00+09:00,J4,632,507,1139
2019-12-05T11:30:00+09:00,J5,586,602,1188
2019-12-05T11:45:00+09:00,J1,731,791,1522
2019-12-05T11:45:00+09:00,J2,335,237,572
2019-12-05T11:45:00+09:00,J3,483,543,1026
2019-12-05T11:45:00+09:00,J4,594,587,1181
2019-12-05T11:45:00+09:00,J5,603,540,1143
2019-12-05T12:00:00+09:00,J1,766,835,1601
2019-12-05T12:00:00+09:00,J2,330,246,576
2019-12-05T12:00:00+09:00,J3,527,592,1119
2019-12-05T12:00:00+09:00,J4,558,574,1132
2019-12-05T12:00:00+09:00,J5,552,491,1043
2019-12-05T12:15:00+09:00,J1,748,800,1548
2019-12-05T12:15:00+09:00,J2,323,235,558
2019-12-05T12:15:00+09:00,J3,613,580,1193
2019-12-05T12:15:00+09:00,J4,468,467,935
2019-12-05T12:15:00+09:00,J5,606,517,1123
2019-12-05T12:30:00+09:00,J1,691,830,1521
2019-12-05T12:30:00+09:00,J2,280,212,492
2019-12-05T12:30:00+09:00,J3,671,561,1232
2019-12-05T12:30:00+09:00,J4,378,417,795
2019-12-05T12:30:00+09:00,J5,730,618,1348
2019-12-05T12:45:00+09:00,J1,709,819,1528
2019-12-05T12:45:00+09:00,J2,265,227,492
2019-12-05T12:45:00+09:00,J3,698,562,1260
2019-12-05T12:45:00+09:00,J4,374,403,777
2019-12-05T12:45:00+09:00,J5,666,736,1402
2019-12-05T13:00:00+09:00,J1,707,766,1473
2019-12-05T13:00:00+09:00,J2,265,197,462
2019-12-05T13:00:00+09:00,J3,653,615,1268
2019-12-05T13:00:00+09:00,J4,331,422,753
2019-12-05T13:00:00+09:00,J5,607,661,1268
2019-12-05T13:15:00+09:00,J1,744,814,1558
2019-12-05T13:15:00+09:00,J2,227,204,431
2019-12-05T13:15:00+09:00,J3,656,538,1194
2019-12-05T13:15:00+09:00,J4,350,365,715
2019-12-05T13:15:00+09:00,J5,617,561,1178
2019-12-05T13:30:00+09:00,J1,734,840,1574
2019-12-05T13:30:00+09:00,J2,252,196,448
2019-12-05T13:30:00+09:00,J3,629,519,1148
2019-12-05T13:30:00+09:00,J4,320,328,648
2019-12-05T13:30:00+09:00,J5,559,470,1029
2019-12-05T13:45:00+09:00,J1,802,810,1612
2019-12-05T13:45:00+09:00,J2,262,197,459
2019-12-05T13:45:00+09:00,J3,648,544,1192
2019-12-05T13:45:00+09:00,J4,338,295,633
2019-12-05T13:45:00+09:00,J5,556,464,1020
2019-12-05T14:00:00+09:00,J1,703,842,1545
2019-12-05T14:00:00+09:00,J2,255,217,472
2019-12-05T14:00:00+09:00,J3,614,589,1203
2019-12-05T14:00:00+09:00,J4,301,301,602
2019-12-05T14:00:00+09:00,J5,563,489,1052
2019-12-05T14:15:00+09:00,J1,741,820,1561
2019-12-05T14:15:00+09:00,J2,257,168,425
2019-12-05T14:15:00+09:00,J3,666,616,1282
2019-12-05T14:15:00+09:00,J4,337,327,664
2019-12-05T14:15:00+09:00,J5,541,499,1040
2019-12-05T14:30:00+09:00,J1,728,846,1574
2019-12-05T14:30:00+09:00,J2,250,161,411
2019-12-05T14:30:00+09:00,J3,677,529,1206
2019-12-05T14:30:00+09:00,J4,329,360,689
2019-12-05T14:30:00+09:00,J5,580,517,1097
2019-12-05T14:45:00+09:00,J1,712,820,1532
2019-12-05T14:45:00+09:00,J2,231,182,413
2019-12-05T14:45:00+09:00,J3,674,554,1228
2019-12-05T14:45:00+09:00,J4,357,357,714
2019-12-05T14:45:00+09:00,J5,644,546,1190
2019-12-05T15:00:00+09:00,J1,704,833,1537
2019-12-05T15:00:00+09:00,J2,225,170,395
2019-12-05T15:00:00+09:00,J3,664,588,1252
2019-12-05T15:00:00+09:00,J4,364,325,689
2019-12-05T15:00:00+09:00,J5,652,583,1235
2019-12-05T15:15:00+09:00,J1,716,811,1527
2019-12-05T15:15:00+09:00,J2,288,170,458
2019-12-05T15:15:00+09:00,J3,663,511,1174
2019-12-05T15:15:00+09:00,J4,309,316,625
2019-12-05T15:15:00+09:00,J5,663,577,1240
2019-12-05T15:30:00+09:00,J1,713,828,1541
2019-12-05T15:30:00+09:00,J2,248,166,414
2019-12-05T15:30:00+09:00,J3,634,545,1179
2019-12-05T15:30:00+09:00,J4,326,263,589
2019-12-05T15:30:00+09:00,J5,659,583,1242
2019-12-05T15:45:00+09:00,J1,719,769,1488
2019-12-05T15:45:00+09:00,J2,251,195,446
2019-12-05T15:45:00+09:00,J3,648,575,1223
2019-12-05T15:45:00+09:00,J4,363,331,694
2019-12-05T15:45:00+09:00,J5,659,546,1205
2019-12-05T16:00:00+09:00,J1,736,866,1602
2019-12-05T16:00:00+09:00,J2,242,193,435
2019-12-05T16:00:00+09:00,J3,692,575,1267
2019-12-05T16:00:00+09:00,J4,386,348,734
2019-12-05T16:00:00+09:00,J5,615,576,1191
2019-12-05T16:15:00+09:00,J1,694,819,1513
2019-12-05T16:15:00+09:00,J2,271,161,432
2019-12-05T16:15:00+09:00,J3,704,497,1201
2019-12-05T16:15:00+09:00,J4,410,391,801
2019-12-05T16:15:00+09:00,J5,671,606,1277
2019-12-05T16:30:00+09:00,J1,753,743,1496
2019-12-05T16:30:00+09:00,J2,288,147,435
2019-12-05T16:30:00+09:00,J3,682,596,1278
2019-12-05T16:30:00+09:00,J4,406,402,808
2019-12-05T16:30:00+09:00,J5,664,575,1239
2019-12-05T16:45:00+09:00,J1,721,779,1500
2019-12-05T16:45:00+09:00,J2,249,158,407
2019-12-05T16:45:00+09:00,J3,655,650,1305
2019-12-05T16:45:00+09:00,J4,438,377,815
2019-12-05T16:45:00+09:00,J5,675,658,1333
2019-12-05T17:00:00+09:00,J1,787,783,1570
2019-12-05T17:00:00+09:00,J2,300,185,485
2019-12-05T17:00:00+09:00,J3,792,637,1429
2019-12-05T17:00:00+09:00,J4,424,399,823
2019-12-05T17:00:00+09:00,J5,677,610,1287
2019-12-05T17:15:00+09:00,J1,724,830,1554
2019-12-05T17:15:00+09:00,J2,316,179,495
2019-12-05T17:15:00+09:00,J3,801,650,1451
2019-12-05T17:15:00+09:00,J4,440,316,756
2019-12-05T17:15:00+09:00,J5,611,622,1233
2019-12-05T17:30:00+09:00,J1,824,831,1655
2019-12-05T17:30:00+09:00,J2,346,196,542
2019-12-05T17:30:00+09:00,J3,766,693,1459
2019-12-05T17:30:00+09:00,J4,490,388,878
2019-12-05T17:30:00+09:00,J5,641,759,1400
2019-12-05T17:45:00+09:00,J1,825,826,1651
2019-12-05T17:45:00+09:00,J2,371,211,582
2019-12-05T17:45:00+09:00,J3,777,719,1496
2019-12-05T17:45:00+09:00,J4,541,344,885
2019-12-05T17:45:00+09:00,J5,704,767,1471
2019-12-05T18:00:00+09:00,J1,785,854,1639
2019-12-05T18:00:00+09:00,J2,358,161,519
2019-12-05T18:00:00+09:00,J3,764,683,1447
2019-12-05T18:00:00+09:00,J4,551,391,942
2019-12-05T18:00:00+09:00,J5,737,777,1514
2019-12-05T18:15:00+09:00,J1,803,811,1614
2019-12-05T18:15:00+09:00,J2,410,159,569
2019-12-05T18:15:00+09:00,J3,765,734,1499
2019-12-05T18:15:00+09:00,J4,624,508,1132
2019-12-05T18:15:00+09:00,J5,571,763,1334
2019-12-05T18:30:00+09:00,J1,741,830,1571
2019-12-05T18:30:00+09:00,J2,360,196,556
2019-12-05T18:30:00+09:00,J3,776,641,1417
2019-12-05T18:30:00+09:00,J4,662,582,1244
2019-12-05T18:30:00+09:00,J5,587,699,1286
2019-12-05T18:45:00+09:00,J1,807,819,1626
2019-12-05T18:45:00+09:00,J2,298,193,491
2019-12-05T18:45:00+09:00,J3,685,616,1301
2019-12-05T18:45:00+09:00,J4,731,510,1241
2019-12-05T18:45:00+09:00,J5,580,624,1204
2019-12-05T19:00:00+09:00,J1,700,802,1502
2019-12-05T19:00:00+09:00,J2,319,235,554
2019-12-05T19:00:00+09:00,J3,640,620,1260
2019-12-05T19:00:00+09:00,J4,684,467,1151
2019-12-05T19:00:00+09:00,J5,565,611,1176
2019-12-05T19:15:00+09:00,J1,651,787,1438
2019-12-05T19:15:00+09:00,J2,329,237,566
2019-12-05T19:15:00+09:00,J3,665,519,1184
2019-12-05T19:15:00+09:00,J4,668,491,1159
2019-12-05T19:15:00+09:00,J5,503,596,1099
2019-12-05T19:30:00+09:00,J1,877,1084,1961
2019-12-05T19:30:00+09:00,J2,625,564,1189
2019-12-05T19:30:00+09:00,J3,1026,846,1872
2019-12-05T19:30:00+09:00,J4,911,794,1705
2019-12-05T19:30:00+09:00,J5,541,556,1097
2019-12-05T19:45:00+09:00,J1,991,1166,2157
2019-12-05T19:45:00+09:00,J2,679,688,1367
2019-12-05T19:45:00+09:00,J3,1118,927,2045
2019-12-05T19:45:00+09:00,J4,1013,946,1959
2019-12-05T19:45:00+09:00,J5,496,559,1055
2019-12-05T20:00:00+09:00,J1,1033,1142,2175
2019-12-05T20:00:00+09:00,J2,721,693,1414
2019-12-05T20:00:00+09:00,J3,1100,969,2069
2019-12-05T20:00:00+09:00,J4,983,870,1853
2019-12-05T20:00:00+09:00,J5,515,588,1103
2019-12-05T20:15:00+09:00,J1,1022,1119,2141
2019-12-05T20:15:00+09:00,J2,737,655,1392
2019-12-05T20:15:00+09:00,J3,1082,846,1928
2019-12-05T20:15:00+09:00,J4,959,919,1878
2019-12-05T20:15:00+09:00,J5,528,534,1062
2019-12-05T20:30:00+09:00,J1,1099,1179,2278
2019-12-05T20:30:00+09:00,J2,685,635,1320
2019-12-05T20:30:00+09:00,J3,1099,943,2042
2019-12-05T20:30:00+09:00,J4,953,893,1846
2019-12-05T20:30:00+09:00,J5,559,522,1081
2019-12-05T20:45:00+09:00,J1,1074,1203,2277
2019-12-05T20:45:00+09:00,J2,661,613,1274
2019-12-05T20:45:00+09:00,J3,1057,876,1933
2019-12-05T20:45:00+09:00,J4,1044,912,1956
2019-12-05T20:45:00+09:00,J5,515,525,1040
2019-12-05T21:00:00+09:00,J1,947,1042,1989
2019-12-05T21:00:00+09:00,J2,655,640,1295
2019-12-05T21:00:00+09:00,J3,1081,975,2056
2019-12-05T21:00:00+09:00,J4,1060,1000,2060
2019-12-05T21:00:00+09:00,J5,488,566,1054
2019-12-05T21:15:00+09:00,J1,946,1165,2111
2019-12-05T21:15:00+09:00,J2,548,602,1150
2019-12-05T21:15:00+09:00,J3,1085,1044,2129
2019-12-05T21:15:00+09:00,J4,987,940,1927
2019-12-05T21:15:00+09:00,J5,465,457,922
2019-12-05T21:30:00+09:00,J1,916,1143,2059
2019-12-05T21:30:00+09:00,J2,625,703,1328
2019-12-05T21:30:00+09:00,J3,1092,1073,2165
2019-12-05T21:30:00+09:00,J4,899,904,1803
2019-12-05T21:30:00+09:00,J5,489,447,936
2019-12-05T21:45:00+09:00,J1,950,1115,2065
2019-12-05T21:45:00+09:00,J2,628,596,1224
2019-12-05T21:45:00+09:00,J3,982,1071,2053
2019-12-05T21:45:00+09:00,J4,886,934,1820
2019-12-05T21:45:00+09:00,J5,508,517,1025
2019-12-05T22:00:00+09:00,J1,904,1061,1965
2019-12-05T22:00:00+09:00,J2,678,655,1333
2019-12-05T22:00:00+09:00,J3,1055,992,2047
2019-12-05T22:00:00+09:00,J4,941,1003,1944
2019-12-05T22:00:00+09:00,J5,532,497,1029
2019-12-05T22:15:00+09:00,J1,903,1050,1953
2019-12-05T22:15:00+09:00,J2,671,689,1360
2019-12-05T22:15:00+09:00,J3,988,967,1955
2019-12-05T22:15:00+09:00,J4,928,928,1856
2019-12-05T22:15:00+09:00,J5,484,476,960
2019-12-05T22:30:00+09:00,J1,953,1010,1963
2019-12-05T22:30:00+09:00,J2,631,600,1231
2019-12-05T22:30:00+09:00,J3,1048,921,1969
2019-12-05T22:30:00+09:00,J4,845,905,1750
2019-12-05T22:30:00+09:00,J5,588,533,1121
2019-12-05T22:45:00+09:00,J1,855,923,1778
2019-12-05T22:45:00+09:00,J2,643,618,1261
2019-12-05T22:45:00+09:00,J3,979,804,1783
2019-12-05T22:45:00+09:00,J4,825,913,1738
2019-12-05T22:45:00+09:00,J5,653,583,1236
2019-12-05T23:00:00+09:00,J1,885,1044,1929
2019-12-05T23:00:00+09:00,J2,610,613,1223
2019-12-05T23:00:00+09:00,J3,955,795,1750
2019-12-05T23:00:00+09:00,J4,864,884,1748
2019-12-05T23:00:00+09:00,J5,621,589,1210
2019-12-05T23:15:00+09:00,J1,895,1004,1899
2019-12-05T23:15:00+09:00,J2,589,602,1191
2019-12-05T23:15:00+09:00,J3,951,834,1785
2019-12-05T23:15:00+09:00,J4,887,908,1795
2019-12-05T23:15:00+09:00,J5,628,564,1192
2019-12-05T23:30:00+09:00,J1,813,923,1736
2019-12-05T23:30:00+09:00,J2,625,596,1221
2019-12-05T23:30:00+09:00,J3,943,862,1805
2019-12-05T23:30:00+09:00,J4,859,859,1718
2019-12-05T23:30:00+09:00,J5,634,621,1255
2019-12-05T23:45:00+09:00,J1,823,929,1752
2019-12-05T23:45:00+09:00,J2,594,519,1113
2019-12-05T23:45:00+09:00,J3,999,902,1901
2019-12-05T23:45:00+09:00,J4,727,780,1507
2019-12-05T23:45:00+09:00,J5,586,627,1213
2019-12-06T00:00:00+09:00,J1,717,699,1416
2019-12-06T00:00:00+09:00,J2,477,534,1011
2019-12-06T00:00:00+09:00,J3,970,835,1805
2019-12-06T00:00:00+09:00,J4,600,592,1192
2019-12-06T00:00:00+09:00,J5,700,597,1297
2019-12-06T00:15:00+09:00,J1,599,597,1196
2019-12-06T00:15:00+09:00,J2,442,453,895
2019-12-06T00:15:00+09:00,J3,689,627,1316
2019-12-06T00:15:00+09:00,J4,596,601,1197
2019-12-06T00:15:00+09:00,J5,442,488,930
2019-12-06T00:30:00+09:00,J1,460,435,895
2019-12-06T00:30:00+09:00,J2,472,492,964
2019-12-06T00:30:00+09:00,J3,593,548,1141
2019-12-06T00:30:00+09:00,J4,841,790,1631
2019-12-06T00:30:00+09:00,J5,491,416,907
2019-12-06T00:45:00+09:00,J1,513,572,1085
2019-12-06T00:45:00+09:00,J2,520,506,1026
2019-12-06T00:45:00+09:00,J3,707,581,1288
2019-12-06T00:45:00+09:00,J4,832,859,1691
2019-12-06T00:45:00+09:00,J5,463,454,917
2019-12-06T05:45:00+09:00,J1,652,569,1221
2019-12-06T05:45:00+09:00,J2,348,436,784
2019-12-06T05:45:00+09:00,J3,596,541,1137
2019-12-06T05:45:00+09:00,J4,833,837,1670
2019-12-06T05:45:00+09:00,J5,485,482,967
2019-12-06T06:00:00+09:00,J1,674,741,1415
2019-12-06T06:00:00+09:00,J2,358,348,706
2019-12-06T06:00:00+09:00,J3,737,614,1351
2019-12-06T06:00:00+09:00,J4,829,905,1734
2019-12-06T06:00:00+09:00,J5,396,369,765
2019-12-06T06:15:00+09:00,J1,808,779,1587
2019-12-06T06:15:00+09:00,J2,376,386,762
2019-12-06T06:15:00+09:00,J3,883,752,1635
2019-12-06T06:15:00+09:00,J4,985,960,1945
2019-12-06T06:15:00+09:00,J5,551,486,1037
2019-12-06T06:30:00+09:00,J1,759,803,1562
2019-12-06T06:30:00+09:00,J2,404,386,790
2019-12-06T06:30:00+09:00,J3,829,723,1552
2019-12-06T06:30:00+09:00,J4,901,952,1853
2019-12-06T06:30:00+09:00,J5,640,610,1250
2019-12-06T06:45:00+09:00,J1,831,749,1580
2019-12-06T06:45:00+09:00,J2,433,389,822
2019-12-06T06:45:00+09:00,J3,884,733,1617
2019-12-06T06:45:00+09:00,J4,735,769,1504
2019-12-06T06:45:00+09:00,J5,704,653,1357
2019-12-06T07:00:00+09:00,J1,861,874,1735
2019-12-06T07:00:00+09:00,J2,455,430,885
2019-12-06T07:00:00+09:00,J3,929,864,1793
2019-12-06T07:00:00+09:00,J4,909,873,1782
2019-12-06T07:00:00+09:00,J5,776,636,1412
2019-12-06T07:15:00+09:00,J1,909,860,1769
2019-12-06T07:15:00+09:00,J2,520,445,965
2019-12-06T07:15:00+09:00,J3,975,856,1831
2019-12-06T07:15:00+09:00,J4,929,867,1796
2019-12-06T07:15:00+09:00,J5,724,654,1378
2019-12-06T07:30:00+09:00,J1,976,992,1968
2019-12-06T07:30:00+09:00,J2,456,420,876
2019-12-06T07:30:00+09:00,J3,950,868,1818
2019-12-06T07:30:00+09:00,J4,890,949,1839
2019-12-06T07:30:00+09:00,J5,659,632,1291
2019-12-06T07:45:00+09:00,J1,1012,1075,2087
2019-12-06T07:45:00+09:00,J2,557,451,1008
2019-12-06T07:45:00+09:00,J3,1238,1210,2448
2019-12-06T07:45:00+09:00,J4,989,1075,2064
2019-12-06T07:45:00+09:00,J5,675,576,1251
2019-12-06T08:00:00+09:00,J1,1166,1138,2304
2019-12-06T08:00:00+09:00,J2,642,467,1109
2019-12-06T08:00:00+09:00,J3,1456,1331,2787
2019-12-06T08:00:00+09:00,J4,1063,1161,2224
2019-12-06T08:00:00+09:00,J5,611,590,1201
2019-12-06T08:15:00+09:00,J1,1219,1161,2380
2019-12-06T08:15:00+09:00,J2,690,492,1182
2019-12-06T08:15:00+09:00,J3,1582,1392,2974
2019-12-06T08:15:00+09:00,J4,1163,1166,2329
2019-12-06T08:15:00+09:00,J5,644,770,1414
2019-12-06T08:30:00+09:00,J1,1221,1172,2393
2019-12-06T08:30:00+09:00,J2,848,550,1398
2019-12-06T08:30:00+09:00,J3,1324,1273,2597
2019-12-06T08:30:00+09:00,J4,1053,1173,2226
2019-12-06T08:30:00+09:00,J5,552,661,1213
2019-12-06T08:45:00+09:00,J1,1206,1181,2387
2019-12-06T08:45:00+09:00,J2,646,519,1165
2019-12-06T08:45:00+09:00,J3,940,1090,2030
2019-12-06T08:45:00+09:00,J4,1005,1115,2120
2019-12-06T08:45:00+09:00,J5,522,487,1009
2019-12-06T09:00:00+09:00,J1,1177,1121,2298
2019-12-06T09:00:00+09:00,J2,659,538,1197
2019-12-06T09:00:00+09:00,J3,914,898,1812
2019-12-06T09:00:00+09:00,J4,922,1041,1963
2019-12-06T09:00:00+09:00,J5,519,550,1069
2019-12-06T09:15:00+09:00,J1,1153,1085,2238
2019-12-06T09:15:00+09:00,J2,501,362,863
2019-12-06T09:15:00+09:00,J3,995,862,1857
2019-12-06T09:15:00+09:00,J4,979,985,1964
2019-12-06T09:15:00+09:00,J5,629,584,1213
2019-12-06T09:30:00+09:00,J1,1082,1057,2139
2019-12-06T09:30:00+09:00,J2,435,380,815
2019-12-06T09:30:00+09:00,J3,966,857,1823
2019-12-06T09:30:00+09:00,J4,944,960,1904
2019-12-06T09:30:00+09:00,J5,633,653,1286
2019-12-06T09:45:00+09:00,J1,1116,1104,2220
2019-12-06T09:45:00+09:00,J2,409,384,793
2019-12-06T09:45:00+09:00,J3,1130,1054,2184
2019-12-06T09:45:00+09:00,J4,852,951,1803
2019-12-06T09:45:00+09:00,J5,592,649,1241
2019-12-06T10:00:00+09:00,J1,1170,1200,2370
2019-12-06T10:00:00+09:00,J2,392,350,742
2019-12-06T10:00:00+09:00,J3,1034,920,1954
2019-12-06T10:00:00+09:00,J4,882,883,1765
2019-12-06T10:00:00+09:00,J5,580,588,1168
2019-12-06T10:15:00+09:00,J1,1104,1198,2302
2019-12-06T10:15:00+09:00,J2,492,397,889
2019-12-06T10:15:00+09:00,J3,1011,1054,2065
2019-12-06T10:15:00+09:00,J4,798,845,1643
2019-12-06T10:15:00+09:00,J5,478,540,1018
2019-12-06T10:30:00+09:00,J1,1104,1140,2244
2019-12-06T10:30:00+09:00,J2,518,457,975
2019-12-06T10:30:00+09:00,J3,1023,1055,2078
2019-12-06T10:30:00+09:00,J4,860,930,1790
2019-12-06T10:30:00+09:00,J5,541,535,1076
2019-12-06T10:45:00+09:00,J1,1136,1189,2325
2019-12-06T10:45:00+09:00,J2,439,481,920
2019-12-06T10:45:00+09:00,J3,1110,1074,2184
2019-12-06T10:45:00+09:00,J4,987,963,1950
2019-12-06T10:45:00+09:00,J5,570,551,1121
2019-12-06T11:00:00+09:00,J1,1122,1214,2336
2019-12-06T11:00:00+09:00,J2,535,401,936
2019-12-06T11:00:00+09:00,J3,1098,1052,2150
2019-12-06T11:00:00+09:00,J4,1034,951,1985
2019-12-06T11:00:00+09:00,J5,520,582,1102
2019-12-06T11:15:00+09:00,J1,1080,1264,2344
2019-12-06T11:15:00+09:00,J2,469,405,874
2019-12-06T11:15:00+09:00,J3,1315,1196,2511
2019-12-06T11:15:00+09:00,J4,1072,1003,2075
2019-12-06T11:15:00+09:00,J5,619,613,1232
2019-12-06T11:30:00+09:00,J1,1089,1148,2237
2019-12-06T11:30:00+09:00,J2,490,426,916
2019-12-06T11:30:00+09:00,J3,1186,1056,2242
2019-12-06T11:30:00+09:00,J4,1122,994,2116
2019-12-06T11:30:00+09:00,J5,496,444,940
2019-12-06T11:45:00+09:00,J1,1099,1193,2292
2019-12-06T11:45:00+09:00,J2,581,486,1067
2019-12-06T11:45:00+09:00,J3,1225,1110,2335
2019-12-06T11:45:00+09:00,J4,1145,1009,2154
2019-12-06T11:45:00+09:00,J5,537,447,984
2019-12-06T12:00:00+09:00,J1,1093,1223,2316
2019-12-06T12:00:00+09:00,J2,647,523,1170
2019-12-06T12:00:00+09:00,J3,1061,1066,2127
2019-12-06T12:00:00+09:00,J4,1231,918,2149
2019-12-06T12:00:00+09:00,J5,547,506,1053
2019-12-06T12:15:00+09:00,J1,1061,1244,2305
2019-12-06T12:15:00+09:00,J2,593,488,1081
2019-12-06T12:15:00+09:00,J3,1192,1100,2292
2019-12-06T12:15:00+09:00,J4,1044,963,2007
2019-12-06T12:15:00+09:00,J5,564,515,1079
2019-12-06T12:30:00+09:00,J1,1058,1224,2282
2019-12-06T12:30:00+09:00,J2,590,514,1104
2019-12-06T12:30:00+09:00,J3,1149,872,2021
2019-12-06T12:30:00+09:00,J4,880,994,1874
2019-12-06T12:30:00+09:00,J5,698,653,1351
2019-12-06T12:45:00+09:00,J1,1003,1178,2181
2019-12-06T12:45:00+09:00,J2,501,420,921
2019-12-06T12:45:00+09:00,J3,1073,938,2011
2019-12-06T12:45:00+09:00,J4,874,901,1775
2019-12-06T12:45:00+09:00,J5,564,646,1210
2019-12-06T13:00:00+09:00,J1,1038,1223,2261
2019-12-06T13:00:00+09:00,J2,613,549,1162
2019-12-06T13:00:00+09:00,J3,1145,875,2020
2019-12-06T13:00:00+09:00,J4,854,868,1722
2019-12-06T13:00:00+09:00,J5,614,660,1274
2019-12-06T13:15:00+09:00,J1,998,1169,2167
2019-12-06T13:15:00+09:00,J2,512,464,976
2019-12-06T13:15:00+09:00,J3,1204,913,2117
2019-12-06T13:15:00+09:00,J4,733,867,1600
2019-12-06T13:15:00+09:00,J5,579,619,1198
2019-12-06T13:30:00+09:00,J1,1023,1167,2190
2019-12-06T13:30:00+09:00,J2,558,533,1091
2019-12-06T13:30:00+09:00,J3,1098,874,1972
2019-12-06T13:30:00+09:00,J4,794,843,1637
2019-12-06T13:30:00+09:00,J5,563,628,1191
2019-12-06T13:45:00+09:00,J1,997,1204,2201
2019-12-06T13:45:00+09:00,J2,586,613,1199
2019-12-06T13:45:00+09:00,J3,1159,937,2096
2019-12-06T13:45:00+09:00,J4,794,827,1621
2019-12-06T13:45:00+09:00,J5,553,568,1121
2019-12-06T14:00:00+09:00,J1,957,1209,2166
2019-12-06T14:00:00+09:00,J2,633,673,1306
2019-12-06T14:00:00+09:00,J3,1033,921,1954
2019-12-06T14:00:00+09:00,J4,817,782,1599
2019-12-06T14:00:00+09:00,J5,597,618,1215
2019-12-06T14:15:00+09:00,J1,1003,1268,2271
2019-12-06T14:15:00+09:00,J2,680,648,1328
2019-12-06T14:15:00+09:00,J3,1103,930,2033
2019-12-06T14:15:00+09:00,J4,708,811,1519
2019-12-06T14:15:00+09:00,J5,641,617,1258
2019-12-06T14:30:00+09:00,J1,997,1218,2215
2019-12-06T14:30:00+09:00,J2,630,695,1325
2019-12-06T14:30:00+09:00,J3,1137,879,2016
2019-12-06T14:30:00+09:00,J4,770,853,1623
2019-12-06T14:30:00+09:00,J5,669,608,1277
2019-12-06T14:45:00+09:00,J1,1008,1242,2250
2019-12-06T14:45:00+09:00,J2,604,686,1290
2019-12-06T14:45:00+09:00,J3,1138,873,2011
2019-12-06T14:45:00+09:00,J4,764,820,1584
2019-12-06T14:45:00+09:00,J5,613,650,1263
2019-12-06T15:00:00+09:00,J1,993,1270,2263
2019-12-06T15:00:00+09:00,J2,621,707,1328
2019-12-06T15:00:00+09:00,J3,1102,888,1990
2019-12-06T15:00:00+09:00,J4,693,775,1468
2019-12-06T15:00:00+09:00,J5,624,673,1297
2019-12-06T15:15:00+09:00,J1,1030,1155,2185
2019-12-06T15:15:00+09:00,J2,685,786,1471
2019-12-06T15:15:00+09:00,J3,1095,937,2032
2019-12-06T15:15:00+09:00,J4,770,781,1551
2019-12-06T15:15:00+09:00,J5,605,627,1232
2019-12-06T15:30:00+09:00,J1,1030,1264,2294
2019-12-06T15:30:00+09:00,J2,648,653,1301
2019-12-06T15:30:00+09:00,J3,1149,930,2079
2019-12-06T15:30:00+09:00,J4,694,702,1396
2019-12-06T15:30:00+09:00,J5,603,701,1304
2019-12-06T15:45:00+09:00,J1,1010,1189,2199
2019-12-06T15:45:00+09:00,J2,687,689,1376
2019-12-06T15:45:00+09:00,J3,1128,928,2056
2019-12-06T15:45:00+09:00,J4,745,759,1504
2019-12-06T15:45:00+09:00,J5,611,680,1291
2019-12-06T16:00:00+09:00,J1,1025,1186,2211
2019-12-06T16:00:00+09:00,J2,673,660,1333
2019-12-06T16:00:00+09:00,J3,1139,942,2081
2019-12-06T16:00:00+09:00,J4,727,805,1532
2019-12-06T16:00:00+09:00,J5,592,656,1248
2019-12-06T16:15:00+09:00,J1,1033,1167,2200
2019-12-06T16:15:00+09:00,J2,752,709,1461
2019-12-06T16:15:00+09:00,J3,1197,1010,2207
2019-12-06T16:15:00+09:00,J4,795,868,1663
2019-12-06T16:15:00+09:00,J5,650,619,1269
2019-12-06T16:30:00+09:00,J1,1009,1181,2190
2019-12-06T16:30:00+09:00,J2,709,704,1413
2019-12-06T16:30:00+09:00,J3,1325,1211,2536
2019-12-06T16:30:00+09:00,J4,703,845,1548
2019-12-06T16:30:00+09:00,J5,631,701,1332
2019-12-06T16:45:00+09:00,J1,1029,1266,2295
2019-12-06T16:45:00+09:00,J2,742,775,1517
2019-12-06T16:45:00+09:00,J3,1344,1258,2602
2019-12-06T16:45:00+09:00,J4,761,767,1528
2019-12-06T16:45:00+09:00,J5,610,661,1271
2019-12-06T17:00:00+09:00,J1,1088,1198,2286
2019-12-06T17:00:00+09:00,J2,749,914,1663
2019-12-06T17:00:00+09:00,J3,1415,1245,2660
2019-12-06T17:00:00+09:00,J4,835,869,1704
2019-12-06T17:00:00+09:00,J5,641,677,1318
2019-12-06T17:15:00+09:00,J1,1147,1319,2466
2019-12-06T17:15:00+09:00,J2,918,922,1840
2019-12-06T17:15:00+09:00,J3,1386,1163,2549
2019-12-06T17:15:00+09:00,J4,929,815,1744
2019-12-06T17:15:00+09:00,J5,669,713,1382
2019-12-06T17:30:00+09:00,J1,1130,1359,2489
2019-12-06T17:30:00+09:00,J2,990,994,1984
2019-12-06T17:30:00+09:00,J3,1483,1309,2792
2019-12-06T17:30:00+09:00,J4,989,895,1884
2019-12-06T17:30:00+09:00,J5,708,760,1468
2019-12-06T17:45:00+09:00,J1,1158,1264,2422
2019-12-06T17:45:00+09:00,J2,944,963,1907
2019-12-06T17:45:00+09:00,J3,1598,1236,2834
2019-12-06T17:45:00+09:00,J4,1118,795,1913
2019-12-06T17:45:00+09:00,J5,610,838,1448
2019-12-06T18:00:00+09:00,J1,1155,1327,2482
2019-12-06T18:00:00+09:00,J2,1003,904,1907
2019-12-06T18:00:00+09:00,J3,1614,1283,2897
2019-12-06T18:00:00+09:00,J4,1160,910,2070
2019-12-06T18:00:00+09:00,J5,595,833,1428
2019-12-06T18:15:00+09:00,J1,1253,1312,2565
2019-12-06T18:15:00+09:00,J2,1049,912,1961
2019-12-06T18:15:00+09:00,J3,1611,1265,2876
2019-12-06T18:15:00+09:00,J4,1146,906,2052
2019-12-06T18:15:00+09:00,J5,586,866,1452
2019-12-06T18:30:00+09:00,J1,1179,1340,2519
2019-12-06T18:30:00+09:00,J2,995,878,1873
2019-12-06T18:30:00+09:00,J3,1465,1146,2611
2019-12-06T18:30:00+09:00,J4,1202,974,2176
2019-12-06T18:30:00+09:00,J5,613,760,1373
2019-12-06T18:45:00+09:00,J1,1141,1281,2422
2019-12-06T18:45:00+09:00,J2,860,801,1661
2019-12-06T18:45:00+09:00,J3,1283,1116,2399
2019-12-06T18:45:00+09:00,J4,1192,986,2178
2019-12-06T18:45:00+09:00,J5,535,650,1185
2019-12-06T19:00:00+09:00,J1,1228,1237,2465
2019-12-06T19:00:00+09:00,J2,785,749,1534
2019-12-06T19:00:00+09:00,J3,1250,1088,2338
2019-12-06T19:00:00+09:00,J4,1147,958,2105
2019-12-06T19:00:00+09:00,J5,543,610,1153
2019-12-06T19:15:00+09:00,J1,1093,1268,2361
2019-12-06T19:15:00+09:00,J2,903,700,1603
2019-12-06T19:15:00+09:00,J3,1294,1075,2369
2019-12-06T19:15:00+09:00,J4,1142,958,2100
2019-12-06T19:15:00+09:00,J5,585,594,1179
2019-12-06T19:30:00+09:00,J1,1093,1305,2398
2019-12-06T19:30:00+09:00,J2,785,742,1527
2019-12-06T19:30:00+09:00,J3,1146,979,2125
2019-12-06T19:30:00+09:00,J4,1067,960,2027
2019-12-06T19:30:00+09:00,J5,492,502,994
2019-12-06T19:45:00+09:00,J1,1106,1244,2350
2019-12-06T19:45:00+09:00,J2,781,737,1518
2019-12-06T19:45:00+09:00,J3,1087,897,1984
2019-12-06T19:45:00+09:00,J4,1043,936,1979
2019-12-06T19:45:00+09:00,J5,458,478,936
2019-12-06T20:00:00+09:00,J1,1095,1251,2346
2019-12-06T20:00:00+09:00,J2,609,670,1279
2019-12-06T20:00:00+09:00,J3,1091,923,2014
2019-12-06T20:00:00+09:00,J4,1029,877,1906
2019-12-06T20:00:00+09:00,J5,464,554,1018
2019-12-06T20:15:00+09:00,J1,1015,1246,2261
2019-12-06T20:15:00+09:00,J2,606,414,1020
2019-12-06T20:15:00+09:00,J3,1139,980,2119
2019-12-06T20:15:00+09:00,J4,997,855,1852
2019-12-06T20:15:00+09:00,J5,512,548,1060
2019-12-06T20:30:00+09:00,J1,1042,1289,2331
2019-12-06T20:30:00+09:00,J2,605,467,1072
2019-12-06T20:30:00+09:00,J3,1113,987,2100
2019-12-06T20:30:00+09:00,J4,899,820,1719
2019-12-06T20:30:00+09:00,J5,449,487,936
2019-12-06T20:45:00+09:00,J1,1162,1220,2382
2019-12-06T20:45:00+09:00,J2,563,460,1023
2019-12-06T20:45:00+09:00,J3,1210,984,2194
2019-12-06T20:45:00+09:00,J4,1035,924,1959
2019-12-06T20:45:00+09:00,J5,459,491,950
2019-12-06T21:00:00+09:00,J1,1011,1194,2205
2019-12-06T21:00:00+09:00,J2,502,482,984
2019-12-06T21:00:00+09:00,J3,1115,1123,2238
2019-12-06T21:00:00+09:00,J4,1035,1024,2059
2019-12-06T21:00:00+09:00,J5,442,474,916
2019-12-06T21:15:00+09:00,J1,1022,1210,2232
2019-12-06T21:15:00+09:00,J2,472,568,1040
2019-12-06T21:15:00+09:00,J3,1210,1160,2370
2019-12-06T21:15:00+09:00,J4,1042,975,2017
2019-12-06T21:15:00+09:00,J5,455,461,916
2019-12-06T21:30:00+09:00,J1,983,1195,2178
2019-12-06T21:30:00+09:00,J2,517,513,1030
2019-12-06T21:30:00+09:00,J3,1093,1127,2220
2019-12-06T21:30:00+09:00,J4,1025,903,1928
2019-12-06T21:30:00+09:00,J5,422,437,859
2019-12-06T21:45:00+09:00,J1,946,1196,2142
2019-12-06T21:45:00+09:00,J2,541,499,1040
2019-12-06T21:45:00+09:00,J3,1004,931,1935
2019-12-06T21:45:00+09:00,J4,947,879,1826
2019-12-06T21:45:00+09:00,J5,398,416,814
2019-12-06T22:00:00+09:00,J1,909,1074,1983
2019-12-06T22:00:00+09:00,J2,544,410,954
2019-12-06T22:00:00+09:00,J3,1081,1141,2222
2019-12-06T22:00:00+09:00,J4,969,957,1926
2019-12-06T22:00:00+09:00,J5,403,438,841
2019-12-06T22:15:00+09:00,J1,935,1103,2038
2019-12-06T22:15:00+09:00,J2,533,424,957
2019-12-06T22:15:00+09:00,J3,1058,1083,2141
2019-12-06T22:15:00+09:00,J4,952,872,1824
2019-12-06T22:15:00+09:00,J5,450,501,951
2019-12-06T22:30:00+09:00,J1,950,1118,2068
2019-12-06T22:30:00+09:00,J2,497,406,903
2019-12-06T22:30:00+09:00,J3,1037,984,2021
2019-12-06T22:30:00+09:00,J4,906,930,1836
2019-12-06T22:30:00+09:00,J5,568,510,1078
2019-12-06T22:45:00+09:00,J1,983,1139,2122
2019-12-06T22:45:00+09:00,J2,516,454,970
2019-12-06T22:45:00+09:00,J3,1089,973,2062
2019-12-06T22:45:00+09:00,J4,928,857,1785
2019-12-06T22:45:00+09:00,J5,547,506,1053
2019-12-06T23:00:00+09:00,J1,1032,1177,2209
2019-12-06T23:00:00+09:00,J2,464,432,896
2019-12-06T23:00:00+09:00,J3,1062,1034,2096
2019-12-06T23:00:00+09:00,J4,930,847,1777
2019-12-06T23:00:00+09:00,J5,556,524,1080
2019-12-06T23:15:00+09:00,J1,957,1177,2134
2019-12-06T23:15:00+09:00,J2,457,433,890
2019-12-06T23:15:00+09:00,J3,986,1049,2035
2019-12-06T23:15:00+09:00,J4,965,935,1900
2019-12-06T23:15:00+09:00,J5,595,538,1133
2019-12-06T23:30:00+09:00,J1,914,1209,2123
2019-12-06T23:30:00+09:00,J2,428,435,863
2019-12-06T23:30:00+09:00,J3,945,981,1926
2019-12-06T23:30:00+09:00,J4,833,853,1686
2019-12-06T23:30:00+09:00,J5,530,551,1081
2019-12-06T23:45:00+09:00,J1,980,1138,2118
2019-12-06T23:45:00+09:00,J2,380,385,765
2019-12-06T23:45:00+09:00,J3,1004,1035,2039
2019-12-06T23:45:00+09:00,J4,843,831,1674
2019-12-06T23:45:00+09:00,J5,529,510,1039
2019-12-07T00:00:00+09:00,J1,798,850,1648
2019-12-07T00:00:00+09:00,J2,444,388,832
2019-12-07T00:00:00+09:00,J3,956,916,1872
2019-12-07T00:00:00+09:00,J4,686,729,1415
2019-12-07T00:00:00+09:00,J5,625,558,1183
2019-12-07T00:15:00+09:00,J1,664,676,1340
2019-12-07T00:15:00+09:00,J2,394,356,750
2019-12-07T00:15:00+09:00,J3,773,693,1466
2019-12-07T00:15:00+09:00,J4,657,671,1328
2019-12-07T00:15:00+09:00,J5,420,405,825
2019-12-07T00:30:00+09:00,J1,476,486,962
2019-12-07T00:30:00+09:00,J2,386,373,759
2019-12-07T00:30:00+09:00,J3,627,581,1208
2019-12-07T00:30:00+09:00,J4,804,782,1586
2019-12-07T00:30:00+09:00,J5,406,408,814
2019-12-07T00:45:00+09:00,J1,571,585,1156
2019-12-07T00:45:00+09:00,J2,413,323,736
2019-12-07T00:45:00+09:00,J3,641,553,1194
2019-12-07T00:45:00+09:00,J4,881,772,1653
2019-12-07T00:45:00+09:00,J5,471,542,1013
2019-12-07T05:45:00+09:00,J1,725,737,1462
2019-12-07T05:45:00+09:00,J2,403,356,759
2019-12-07T05:45:00+09:00,J3,669,597,1266
2019-12-07T05:45:00+09:00,J4,626,644,1270
2019-12-07T05:45:00+09:00,J5,459,476,935
2019-12-07T06:00:00+09:00,J1,739,836,1575
2019-12-07T06:00:00+09:00,J2,550,448,998
2019-12-07T06:00:00+09:00,J3,843,647,1490
2019-12-07T06:00:00+09:00,J4,681,606,1287
2019-12-07T06:00:00+09:00,J5,414,428,842
2019-12-07T06:15:00+09:00,J1,820,851,1671
2019-12-07T06:15:00+09:00,J2,588,537,1125
2019-12-07T06:15:00+09:00,J3,966,802,1768
2019-12-07T06:15:00+09:00,J4,651,650,1301
2019-12-07T06:15:00+09:00,J5,551,553,1104
2019-12-07T06:30:00+09:00,J1,755,797,1552
2019-12-07T06:30:00+09:00,J2,613,563,1176
2019-12-07T06:30:00+09:00,J3,810,796,1606
2019-12-07T06:30:00+09:00,J4,661,629,1290
2019-12-07T06:30:00+09:00,J5,665,549,1214
2019-12-07T06:45:00+09:00,J1,775,813,1588
2019-12-07T06:45:00+09:00,J2,599,538,1137
2019-12-07T06:45:00+09:00,J3,778,657,1435
2019-12-07T06:45:00+09:00,J4,635,610,1245
2019-12-07T06:45:00+09:00,J5,621,577,1198
2019-12-07T07:00:00+09:00,J1,880,975,1855
2019-12-07T07:00:00+09:00,J2,542,466,1008
2019-12-07T07:00:00+09:00,J3,885,737,1622
2019-12-07T07:00:00+09:00,J4,665,648,1313
2019-12-07T07:00:00+09:00,J5,684,663,1347
2019-12-07T07:15:00+09:00,J1,986,978,1964
2019-12-07T07:15:00+09:00,J2,511,487,998
2019-12-07T07:15:00+09:00,J3,937,858,1795
2019-12-07T07:15:00+09:00,J4,673,633,1306
2019-12-07T07:15:00+09:00,J5,642,611,1253
2019-12-07T07:30:00+09:00,J1,1012,1041,2053
2019-12-07T07:30:00+09:00,J2,544,480,1024
2019-12-07T07:30:00+09:00,J3,904,808,1712
2019-12-07T07:30:00+09:00,J4,640,601,1241
2019-12-07T07:30:00+09:00,J5,672,673,1345
2019-12-07T07:45:00+09:00,J1,940,1057,1997
2019-12-07T07:45:00+09:00,J2,542,486,1028
2019-12-07T07:45:00+09:00,J3,912,752,1664
2019-12-07T07:45:00+09:00,J4,624,589,1213
2019-12-07T07:45:00+09:00,J5,686,673,1359
2019-12-07T08:00:00+09:00,J1,1035,1115,2150
2019-12-07T08:00:00+09:00,J2,716,633,1349
2019-12-07T08:00:00+09:00,J3,1097,1013,2110
2019-12-07T08:00:00+09:00,J4,719,646,1365
2019-12-07T08:00:00+09:00,J5,553,472,1025
2019-12-07T08:15:00+09:00,J1,1090,1191,2281
2019-12-07T08:15:00+09:00,J2,745,692,1437
2019-12-07T08:15:00+09:00,J3,1089,1069,2158
2019-12-07T08:15:00+09:00,J4,738,651,1389
2019-12-07T08:15:00+09:00,J5,549,502,1051
2019-12-07T08:30:00+09:00,J1,1035,1215,2250
2019-12-07T08:30:00+09:00,J2,678,640,1318
2019-12-07T08:30:00+09:00,J3,1122,981,2103
2019-12-07T08:30:00+09:00,J4,751,648,1399
2019-12-07T08:30:00+09:00,J5,438,417,855
2019-12-07T08:45:00+09:00,J1,985,1172,2157
2019-12-07T08:45:00+09:00,J2,705,678,1383
2019-12-07T08:45:00+09:00,J3,1095,1006,2101
2019-12-07T08:45:00+09:00,J4,739,659,1398
2019-12-07T08:45:00+09:00,J5,563,566,1129
2019-12-07T09:00:00+09:00,J1,1040,987,2027
2019-12-07T09:00:00+09:00,J2,707,556,1263
2019-12-07T09:00:00+09:00,J3,845,833,1678
2019-12-07T09:00:00+09:00,J4,672,650,1322
2019-12-07T09:00:00+09:00,J5,509,527,1036
2019-12-07T09:15:00+09:00,J1,1094,1090,2184
2019-12-07T09:15:00+09:00,J2,618,469,1087
2019-12-07T09:15:00+09:00,J3,780,703,1483
2019-12-07T09:15:00+09:00,J4,696,590,1286
2019-12-07T09:15:00+09:00,J5,484,556,1040
2019-12-07T09:30:00+09:00,J1,1133,1087,2220
2019-12-07T09:30:00+09:00,J2,603,486,1089
2019-12-07T09:30:00+09:00,J3,855,748,1603
2019-12-07T09:30:00+09:00,J4,620,613,1233
2019-12-07T09:30:00+09:00,J5,535,533,1068
2019-12-07T09:45:00+09:00,J1,1101,1069,2170
2019-12-07T09:45:00+09:00,J2,530,435,965
2019-12-07T09:45:00+09:00,J3,980,849,1829
2019-12-07T09:45:00+09:00,J4,649,617,1266
2019-12-07T09:45:00+09:00,J5,437,452,889
2019-12-07T10:00:00+09:00,J1,1080,1085,2165
2019-12-07T10:00:00+09:00,J2,525,529,1054
2019-12-07T10:00:00+09:00,J3,1014,917,1931
2019-12-07T10:00:00+09:00,J4,662,585,1247
2019-12-07T10:00:00+09:00,J5,440,457,897
2019-12-07T10:15:00+09:00,J1,1070,1124,2194
2019-12-07T10:15:00+09:00,J2,666,624,1290
2019-12-07T10:15:00+09:00,J3,1003,871,1874
2019-12-07T10:15:00+09:00,J4,615,520,1135
2019-12-07T10:15:00+09:00,J5,424,419,843
2019-12-07T10:30:00+09:00,J1,1131,1061,2192
2019-12-07T10:30:00+09:00,J2,625,610,1235
2019-12-07T10:30:00+09:00,J3,1078,950,2028
2019-12-07T10:30:00+09:00,J4,638,606,1244
2019-12-07T10:30:00+09:00,J5,444,441,885
2019-12-07T10:45:00+09:00,J1,1012,1096,2108
2019-12-07T10:45:00+09:00,J2,768,633,1401
2019-12-07T10:45:00+09:00,J3,1114,1024,2138
2019-12-07T10:45:00+09:00,J4,698,602,1300
2019-12-07T10:45:00+09:00,J5,409,472,881
2019-12-07T11:00:00+09:00,J1,1138,1180,2318
2019-12-07T11:00:00+09:00,J2,737,605,1342
2019-12-07T11:00:00+09:00,J3,1148,1177,2325
2019-12-07T11:00:00+09:00,J4,701,662,1363
2019-12-07T11:00:00+09:00,J5,476,493,969
2019-12-07T11:15:00+09:00,J1,1040,1091,2131
2019-12-07T11:15:00+09:00,J2,806,705,1511
2019-12-07T11:15:00+09:00,J3,976,948,1924
2019-12-07T11:15:00+09:00,J4,740,710,1450
2019-12-07T11:15:00+09:00,J5,458,501,959
2019-12-07T11:30:00+09:00,J1,1037,1171,2208
2019-12-07T11:30:00+09:00,J2,804,733,1537
2019-12-07T11:30:00+09:00,J3,848,863,1711
2019-12-07T11:30:00+09:00,J4,715,644,1359
2019-12-07T11:30:00+09:00,J5,482,445,927
2019-12-07T11:45:00+09:00,J1,1044,1164,2208
2019-12-07T11:45:00+09:00,J2,734,637,1371
2019-12-07T11:45:00+09:00,J3,958,833,1791
2019-12-07T11:45:00+09:00,J4,733,626,1359
2019-12-07T11:45:00+09:00,J5,419,398,817
2019-12-07T12:00:00+09:00,J1,1120,1239,2359
2019-12-07T12:00:00+09:00,J2,733,584,1317
2019-12-07T12:00:00+09:00,J3,872,771,1643
2019-12-07T12:00:00+09:00,J4,638,619,1257
2019-12-07T12:00:00+09:00,J5,407,432,839
2019-12-07T12:15:00+09:00,J1,1052,1299,2351
2019-12-07T12:15:00+09:00,J2,689,577,1266
2019-12-07T12:15:00+09:00,J3,854,797,1651
2019-12-07T12:15:00+09:00,J4,634,697,1331
2019-12-07T12:15:00+09:00,J5,553,551,1104
2019-12-07T12:30:00+09:00,J1,1010,1124,2134
2019-12-07T12:30:00+09:00,J2,855,676,1531
2019-12-07T12:30:00+09:00,J3,900,959,1859
2019-12-07T12:30:00+09:00,J4,546,715,1261
2019-12-07T12:30:00+09:00,J5,534,544,1078
2019-12-07T12:45:00+09:00,J1,975,1128,2103
2019-12-07T12:45:00+09:00,J2,902,752,1654
2019-12-07T12:45:00+09:00,J3,941,1057,1998
2019-12-07T12:45:00+09:00,J4,551,729,1280
2019-12-07T12:45:00+09:00,J5,512,570,1082
2019-12-07T13:00:00+09:00,J1,941,1212,2153
2019-12-07T13:00:00+09:00,J2,892,729,1621
2019-12-07T13:00:00+09:00,J3,973,1030,2003
2019-12-07T13:00:00+09:00,J4,518,634,1152
2019-12-07T13:00:00+09:00,J5,485,539,1024
2019-12-07T13:15:00+09:00,J1,900,1208,2108
2019-12-07T13:15:00+09:00,J2,917,777,1694
2019-12-07T13:15:00+09:00,J3,1014,1125,2139
2019-12-07T13:15:00+09:00,J4,543,613,1156
2019-12-07T13:15:00+09:00,J5,522,574,1096
2019-12-07T13:30:00+09:00,J1,986,1162,2148
2019-12-07T13:30:00+09:00,J2,960,751,1711
2019-12-07T13:30:00+09:00,J3,970,1112,2082
2019-12-07T13:30:00+09:00,J4,503,651,1154
2019-12-07T13:30:00+09:00,J5,531,588,1119
2019-12-07T13:45:00+09:00,J1,948,1190,2138
2019-12-07T13:45:00+09:00,J2,885,747,1632
2019-12-07T13:45:00+09:00,J3,952,1062,2014
2019-12-07T13:45:00+09:00,J4,550,621,1171
2019-12-07T13:45:00+09:00,J5,531,593,1124
2019-12-07T14:00:00+09:00,J1,930,1134,2064
2019-12-07T14:00:00+09:00,J2,927,789,1716
2019-12-07T14:00:00+09:00,J3,919,1027,1946
2019-12-07T14:00:00+09:00,J4,551,624,1175
2019-12-07T14:00:00+09:00,J5,558,568,1126
2019-12-07T14:15:00+09:00,J1,907,1215,2122
2019-12-07T14:15:00+09:00,J2,976,755,1731
2019-12-07T14:15:00+09:00,J3,995,993,1988
2019-12-07T14:15:00+09:00,J4,625,706,1331
2019-12-07T14:15:00+09:00,J5,469,566,1035
2019-12-07T14:30:00+09:00,J1,945,1189,2134
2019-12-07T14:30:00+09:00,J2,970,718,1688
2019-12-07T14:30:00+09:00,J3,1060,1110,2170
2019-12-07T14:30:00+09:00,J4,632,603,1235
2019-12-07T14:30:00+09:00,J5,468,555,1023
2019-12-07T14:45:00+09:00,J1,926,1177,2103
2019-12-07T14:45:00+09:00,J2,954,795,1749
2019-12-07T14:45:00+09:00,J3,962,1091,2053
2019-12-07T14:45:00+09:00,J4,582,554,1136
2019-12-07T14:45:00+09:00,J5,490,598,1088
2019-12-07T15:00:00+09:00,J1,919,1249,2168
2019-12-07T15:00:00+09:00,J2,978,747,1725
2019-12-07T15:00:00+09:00,J3,982,1060,2042
2019-12-07T15:00:00+09:00,J4,557,587,1144
2019-12-07T15:00:00+09:00,J5,534,597,1131
2019-12-07T15:15:00+09:00,J1,964,1179,2143
2019-12-07T15:15:00+09:00,J2,1024,686,1710
2019-12-07T15:15:00+09:00,J3,937,1034,1971
2019-12-07T15:15:00+09:00,J4,626,624,1250
2019-12-07T15:15:00+09:00,J5,514,596,1110
2019-12-07T15:30:00+09:00,J1,974,1143,2117
2019-12-07T15:30:00+09:00,J2,1063,677,1740
2019-12-07T15:30:00+09:00,J3,944,1053,1997
2019-12-07T15:30:00+09:00,J4,613,600,1213
2019-12-07T15:30:00+09:00,J5,580,563,1143
2019-12-07T15:45:00+09:00,J1,977,1153,2130
2019-12-07T15:45:00+09:00,J2,1041,738,1779
2019-12-07T15:45:00+09:00,J3,971,1037,2008
2019-12-07T15:45:00+09:00,J4,696,579,1275
2019-12-07T15:45:00+09:00,J5,570,579,1149
2019-12-07T16:00:00+09:00,J1,967,1160,2127
2019-12-07T16:00:00+09:00,J2,1082,663,1745
2019-12-07T16:00:00+09:00,J3,1156,1045,2201
2019-12-07T16:00:00+09:00,J4,717,585,1302
2019-12-07T16:00:00+09:00,J5,530,574,1104
2019-12-07T16:15:00+09:00,J1,976,1275,2251
2019-12-07T16:15:00+09:00,J2,1098,819,1917
2019-12-07T16:15:00+09:00,J3,1230,1069,2299
2019-12-07T16:15:00+09:00,J4,765,648,1413
2019-12-07T16:15:00+09:00,J5,516,637,1153
2019-12-07T16:30:00+09:00,J1,999,1219,2218
2019-12-07T16:30:00+09:00,J2,1155,814,1969
2019-12-07T16:30:00+09:00,J3,1362,1068,2430
2019-12-07T16:30:00+09:00,J4,672,574,1246
2019-12-07T16:30:00+09:00,J5,507,603,1110
2019-12-07T16:45:00+09:00,J1,1010,1233,2243
2019-12-07T16:45:00+09:00,J2,1177,757,1934
2019-12-07T16:45:00+09:00,J3,1450,1124,2574
2019-12-07T16:45:00+09:00,J4,643,602,1245
2019-12-07T16:45:00+09:00,J5,540,598,1138
2019-12-07T17:00:00+09:00,J1,1034,1193,2227
2019-12-07T17:00:00+09:00,J2,1119,735,1854
2019-12-07T17:00:00+09:00,J3,1310,1092,2402
2019-12-07T17:00:00+09:00,J4,639,630,1269
2019-12-07T17:00:00+09:00,J5,527,602,1129
2019-12-07T17:15:00+09:00,J1,1067,1223,2290
2019-12-07T17:15:00+09:00,J2,1140,870,2010
2019-12-07T17:15:00+09:00,J3,1360,1166,2526
2019-12-07T17:15:00+09:00,J4,737,655,1392
2019-12-07T17:15:00+09:00,J5,521,670,1191
2019-12-07T17:30:00+09:00,J1,1053,1236,2289
2019-12-07T17:30:00+09:00,J2,1140,858,1998
2019-12-07T17:30:00+09:00,J3,1444,1164,2608
2019-12-07T17:30:00+09:00,J4,804,726,1530
2019-12-07T17:30:00+09:00,J5,539,598,1137
2019-12-07T17:45:00+09:00,J1,1038,1226,2264
2019-12-07T17:45:00+09:00,J2,998,917,1915
2019-12-07T17:45:00+09:00,J3,1304,1186,2490
2019-12-07T17:45:00+09:00,J4,838,717,1555
2019-12-07T17:45:00+09:00,J5,551,666,1217
2019-12-07T18:00:00+09:00,J1,1024,1278,2302
2019-12-07T18:00:00+09:00,J2,1038,884,1922
2019-12-07T18:00:00+09:00,J3,1292,1134,2426
2019-12-07T18:00:00+09:00,J4,722,639,1361
2019-12-07T18:00:00+09:00,J5,530,637,1167
2019-12-07T18:15:00+09:00,J1,1049,1260,2309
2019-12-07T18:15:00+09:00,J2,1101,895,1996
2019-12-07T18:15:00+09:00,J3,1258,1116,2374
2019-12-07T18:15:00+09:00,J4,709,592,1301
2019-12-07T18:15:00+09:00,J5,563,632,1195
2019-12-07T18:30:00+09:00,J1,1050,1255,2305
2019-12-07T18:30:00+09:00,J2,1015,848,1863
2019-12-07T18:30:00+09:00,J3,1097,1052,2149
2019-12-07T18:30:00+09:00,J4,543,614,1157
2019-12-07T18:30:00+09:00,J5,452,630,1082
2019-12-07T18:45:00+09:00,J1,1013,1086,2099
2019-12-07T18:45:00+09:00,J2,891,741,1632
2019-12-07T18:45:00+09:00,J3,1003,997,2000
2019-12-07T18:45:00+09:00,J4,613,666,1279
2019-12-07T18:45:00+09:00,J5,485,634,1119
2019-12-07T19:00:00+09:00,J1,933,1213,2146
2019-12-07T19:00:00+09:00,J2,856,868,1724
2019-12-07T19:00:00+09:00,J3,975,963,1938
2019-12-07T19:00:00+09:00,J4,516,632,1148
2019-12-07T19:00:00+09:00,J5,422,546,968
2019-12-07T19:15:00+09:00,J1,957,1175,2132
2019-12-07T19:15:00+09:00,J2,887,915,1802
2019-12-07T19:15:00+09:00,J3,1001,934,1935
2019-12-07T19:15:00+09:00,J4,544,630,1174
2019-12-07T19:15:00+09:00,J5,400,563,963
2019-12-07T19:30:00+09:00,J1,960,1155,2115
2019-12-07T19:30:00+09:00,J2,878,774,1652
2019-12-07T19:30:00+09:00,J3,980,976,1956
2019-12-07T19:30:00+09:00,J4,571,624,1195
2019-12-07T19:30:00+09:00,J5,378,435,813
2019-12-07T19:45:00+09:00,J1,993,1121,2114
2019-12-07T19:45:00+09:00,J2,804,701,1505
2019-12-07T19:45:00+09:00,J3,959,946,1905
2019-12-07T19:45:00+09:00,J4,543,684,1227
2019-12-07T19:45:00+09:00,J5,330,437,767
2019-12-07T20:00:00+09:00,J1,1062,1170,2232
2019-12-07T20:00:00+09:00,J2,852,843,1695
2019-12-07T20:00:00+09:00,J3,974,980,1954
2019-12-07T20:00:00+09:00,J4,550,671,1221
2019-12-07T20:00:00+09:00,J5,400,491,891
2019-12-07T20:15:00+09:00,J1,1032,1223,2255
2019-12-07T20:15:00+09:00,J2,888,856,1744
2019-12-07T20:15:00+09:00,J3,1002,1055,2057
2019-12-07T20:15:00+09:00,J4,599,660,1259
2019-12-07T20:15:00+09:00,J5,393,473,866
2019-12-07T20:30:00+09:00,J1,1004,1189,2193
2019-12-07T20:30:00+09:00,J2,811,749,1560
2019-12-07T20:30:00+09:00,J3,983,952,1935
2019-12-07T20:30:00+09:00,J4,729,714,1443
2019-12-07T20:30:00+09:00,J5,403,434,837
2019-12-07T20:45:00+09:00,J1,990,1122,2112
2019-12-07T20:45:00+09:00,J2,765,803,1568
2019-12-07T20:45:00+09:00,J3,917,949,1866
2019-12-07T20:45:00+09:00,J4,613,609,1222
2019-12-07T20:45:00+09:00,J5,378,401,779
2019-12-07T21:00:00+09:00,J1,900,1098,1998
2019-12-07T21:00:00+09:00,J2,668,773,1441
2019-12-07T21:00:00+09:00,J3,1230,1143,2373
2019-12-07T21:00:00+09:00,J4,629,652,1281
2019-12-07T21:00:00+09:00,J5,377,410,787
2019-12-07T21:15:00+09:00,J1,926,1139,2065
2019-12-07T21:15:00+09:00,J2,532,651,1183
2019-12-07T21:15:00+09:00,J3,1191,1152,2343
2019-12-07T21:15:00+09:00,J4,688,730,1418
2019-12-07T21:15:00+09:00,J5,381,441,822
2019-12-07T21:30:00+09:00,J1,902,1113,2015
2019-12-07T21:30:00+09:00,J2,537,602,1139
2019-12-07T21:30:00+09:00,J3,1063,1071,2134
2019-12-07T21:30:00+09:00,J4,643,672,1315
2019-12-07T21:30:00+09:00,J5,387,383,770
2019-12-07T21:45:00+09:00,J1,971,1079,2050
2019-12-07T21:45:00+09:00,J2,484,578,1062
2019-12-07T21:45:00+09:00,J3,1057,998,2055
2019-12-07T21:45:00+09:00,J4,587,641,1228
2019-12-07T21:45:00+09:00,J5,382,359,741
2019-12-07T22:00:00+09:00,J1,880,1074,1954
2019-12-07T22:00:00+09:00,J2,529,565,1094
2019-12-07T22:00:00+09:00,J3,1017,980,1997
2019-12-07T22:00:00+09:00,J4,622,649,1271
2019-12-07T22:00:00+09:00,J5,354,394,748
2019-12-07T22:15:00+09:00,J1,933,1043,1976
2019-12-07T22:15:00+09:00,J2,521,591,1112
2019-12-07T22:15:00+09:00,J3,1019,1087,2106
2019-12-07T22:15:00+09:00,J4,552,554,1106
2019-12-07T22:15:00+09:00,J5,342,355,697
2019-12-07T22:30:00+09:00,J1,896,1033,1929
2019-12-07T22:30:00+09:00,J2,502,546,1048
2019-12-07T22:30:00+09:00,J3,987,966,1953
2019-12-07T22:30:00+09:00,J4,589,584,1173
2019-12-07T22:30:00+09:00,J5,364,387,751
2019-12-07T22:45:00+09:00,J1,868,1043,1911
2019-12-07T22:45:00+09:00,J2,589,649,1238
2019-12-07T22:45:00+09:00,J3,1122,1062,2184
2019-12-07T22:45:00+09:00,J4,618,576,1194
2019-12-07T22:45:00+09:00,J5,396,350,746
2019-12-07T23:00:00+09:00,J1,860,1009,1869
2019-12-07T23:00:00+09:00,J2,598,645,1243
2019-12-07T23:00:00+09:00,J3,1043,947,1990
2019-12-07T23:00:00+09:00,J4,519,559,1078
2019-12-07T23:00:00+09:00,J5,396,317,713
2019-12-07T23:15:00+09:00,J1,909,1002,1911
2019-12-07T23:15:00+09:00,J2,611,601,1212
2019-12-07T23:15:00+09:00,J3,947,1009,1956
2019-12-07T23:15:00+09:00,J4,595,575,1170
2019-12-07T23:15:00+09:00,J5,516,426,942
2019-12-07T23:30:00+09:00,J1,866,1042,1908
2019-12-07T23:30:00+09:00,J2,530,594,1124
2019-12-07T23:30:00+09:00,J3,901,913,1814
2019-12-07T23:30:00+09:00,J4,570,565,1135
2019-12-07T23:30:00+09:00,J5,405,381,786
2019-12-07T23:45:00+09:00,J1,840,996,1836
2019-12-07T23:45:00+09:00,J2,544,541,1085
2019-12-07T23:45:00+09:00,J3,816,851,1667
2019-12-07T23:45:00+09:00,J4,495,499,994
2019-12-07T23:45:00+09:00,J5,437,447,884
2019-12-08T00:00:00+09:00,J1,820,870,1690
2019-12-08T00:00:00+09:00,J2,597,565,1162
2019-12-08T00:00:00+09:00,J3,843,822,1665
2019-12-08T00:00:00+09:00,J4,422,460,882
2019-12-08T00:00:00+09:00,J5,572,457,1029
2019-12-08T00:15:00+09:00,J1,592,644,1236
2019-12-08T00:15:00+09:00,J2,558,463,1021
2019-12-08T00:15:00+09:00,J3,945,840,1785
2019-12-08T00:15:00+09:00,J4,476,482,958
2019-12-08T00:15:00+09:00,J5,521,563,1084
2019-12-08T00:30:00+09:00,J1,526,477,1003
2019-12-08T00:30:00+09:00,J2,604,545,1149
2019-12-08T00:30:00+09:00,J3,931,756,1687
2019-12-08T00:30:00+09:00,J4,688,632,1320
2019-12-08T00:30:00+09:00,J5,401,392,793
2019-12-08T00:45:00+09:00,J1,475,469,944
2019-12-08T00:45:00+09:00,J2,566,583,1149
2019-12-08T00:45:00+09:00,J3,843,704,1547
2019-12-08T00:45:00+09:00,J4,590,494,1084
2019-12-08T00:45:00+09:00,J5,381,405,786
2019-12-08T05:45:00+09:00,J1,738,740,1478
2019-12-08T05:45:00+09:00,J2,402,486,888
2019-12-08T05:45:00+09:00,J3,538,530,1068
2019-12-08T05:45:00+09:00,J4,591,550,1141
2019-12-08T05:45:00+09:00,J5,517,415,932
2019-12-08T06:00:00+09:00,J1,787,812,1599
2019-12-08T06:00:00+09:00,J2,490,563,1053
2019-12-08T06:00:00+09:00,J3,707,678,1385
2019-12-08T06:00:00+09:00,J4,633,578,1211
2019-12-08T06:00:00+09:00,J5,482,499,981
2019-12-08T06:15:00+09:00,J1,768,800,1568
2019-12-08T06:15:00+09:00,J2,485,531,1016
2019-12-08T06:15:00+09:00,J3,705,632,1337
2019-12-08T06:15:00+09:00,J4,598,560,1158
2019-12-08T06:15:00+09:00,J5,467,523,990
2019-12-08T06:30:00+09:00,J1,712,798,1510
2019-12-08T06:30:00+09:00,J2,428,481,909
2019-12-08T06:30:00+09:00,J3,710,557,1267
2019-12-08T06:30:00+09:00,J4,573,527,1100
2019-12-08T06:30:00+09:00,J5,579,526,1105
2019-12-08T06:45:00+09:00,J1,751,752,1503
2019-12-08T06:45:00+09:00,J2,467,559,1026
2019-12-08T06:45:00+09:00,J3,584,580,1164
2019-12-08T06:45:00+09:00,J4,588,602,1190
2019-12-08T06:45:00+09:00,J5,512,498,1010
2019-12-08T07:00:00+09:00,J1,879,915,1794
2019-12-08T07:00:00+09:00,J2,516,536,1052
2019-12-08T07:00:00+09:00,J3,682,563,1245
2019-12-08T07:00:00+09:00,J4,658,628,1286
2019-12-08T07:00:00+09:00,J5,611,678,1289
2019-12-08T07:15:00+09:00,J1,852,884,1736
2019-12-08T07:15:00+09:00,J2,498,527,1025
2019-12-08T07:15:00+09:00,J3,624,578,1202
2019-12-08T07:15:00+09:00,J4,619,590,1209
2019-12-08T07:15:00+09:00,J5,536,565,1101
2019-12-08T07:30:00+09:00,J1,955,923,1878
2019-12-08T07:30:00+09:00,J2,519,614,1133
2019-12-08T07:30:00+09:00,J3,676,667,1343
2019-12-08T07:30:00+09:00,J4,635,647,1282
2019-12-08T07:30:00+09:00,J5,660,693,1353
2019-12-08T07:45:00+09:00,J1,922,949,1871
2019-12-08T07:45:00+09:00,J2,557,616,1173
2019-12-08T07:45:00+09:00,J3,766,659,1425
2019-12-08T07:45:00+09:00,J4,661,647,1308
2019-12-08T07:45:00+09:00,J5,756,670,1426
2019-12-08T08:00:00+09:00,J1,1109,1094,2203
2019-12-08T08:00:00+09:00,J2,768,640,1408
2019-12-08T08:00:00+09:00,J3,936,883,1819
2019-12-08T08:00:00+09:00,J4,666,718,1384
2019-12-08T08:00:00+09:00,J5,614,519,1133
2019-12-08T08:15:00+09:00,J1,1030,1136,2166
2019-12-08T08:15:00+09:00,J2,790,640,1430
2019-12-08T08:15:00+09:00,J3,965,896,1861
2019-12-08T08:15:00+09:00,J4,721,706,1427
2019-12-08T08:15:00+09:00,J5,549,540,1089
2019-12-08T08:30:00+09:00,J1,1080,1152,2232
2019-12-08T08:30:00+09:00,J2,677,615,1292
2019-12-08T08:30:00+09:00,J3,1066,1131,2197
2019-12-08T08:30:00+09:00,J4,789,749,1538
2019-12-08T08:30:00+09:00,J5,626,589,1215
2019-12-08T08:45:00+09:00,J1,1061,1230,2291
2019-12-08T08:45:00+09:00,J2,648,596,1244
2019-12-08T08:45:00+09:00,J3,1252,1048,2300
2019-12-08T08:45:00+09:00,J4,760,733,1493
2019-12-08T08:45:00+09:00,J5,576,577,1153
2019-12-08T09:00:00+09:00,J1,1043,1018,2061
2019-12-08T09:00:00+09:00,J2,818,700,1518
2019-12-08T09:00:00+09:00,J3,1096,981,2077
2019-12-08T09:00:00+09:00,J4,751,726,1477
2019-12-08T09:00:00+09:00,J5,469,505,974
2019-12-08T09:15:00+09:00,J1,1076,1070,2146
2019-12-08T09:15:00+09:00,J2,795,664,1459
2019-12-08T09:15:00+09:00,J3,1002,893,1895
2019-12-08T09:15:00+09:00,J4,676,742,1418
2019-12-08T09:15:00+09:00,J5,520,510,1030
2019-12-08T09:30:00+09:00,J1,1076,1116,2192
2019-12-08T09:30:00+09:00,J2,693,574,1267
2019-12-08T09:30:00+09:00,J3,893,848,1741
2019-12-08T09:30:00+09:00,J4,744,639,1383
2019-12-08T09:30:00+09:00,J5,527,565,1092
2019-12-08T09:45:00+09:00,J1,1052,1144,2196
2019-12-08T09:45:00+09:00,J2,695,588,1283
2019-12-08T09:45:00+09:00,J3,958,844,1802
2019-12-08T09:45:00+09:00,J4,581,576,1157
2019-12-08T09:45:00+09:00,J5,521,419,940
2019-12-08T10:00:00+09:00,J1,1117,1116,2233
2019-12-08T10:00:00+09:00,J2,623,556,1179
2019-12-08T10:00:00+09:00,J3,926,827,1753
2019-12-08T10:00:00+09:00,J4,502,559,1061
2019-12-08T10:00:00+09:00,J5,465,408,873
2019-12-08T10:15:00+09:00,J1,1200,1119,2319
2019-12-08T10:15:00+09:00,J2,680,585,1265
2019-12-08T10:15:00+09:00,J3,907,819,1726
2019-12-08T10:15:00+09:00,J4,572,566,1138
2019-12-08T10:15:00+09:00,J5,418,399,817
2019-12-08T10:30:00+09:00,J1,1123,1097,2220
2019-12-08T10:30:00+09:00,J2,744,607,1351
2019-12-08T10:30:00+09:00,J3,949,942,1891
2019-12-08T10:30:00+09:00,J4,574,617,1191
2019-12-08T10:30:00+09:00,J5,454,410,864
2019-12-08T10:45:00+09:00,J1,1120,1119,2239
2019-12-08T10:45:00+09:00,J2,716,588,1304
2019-12-08T10:45:00+09:00,J3,963,906,1869
2019-12-08T10:45:00+09:00,J4,711,690,1401
2019-12-08T10:45:00+09:00,J5,471,471,942
2019-12-08T11:00:00+09:00,J1,1047,1138,2185
2019-12-08T11:00:00+09:00,J2,777,747,1524
2019-12-08T11:00:00+09:00,J3,1178,1089,2267
2019-12-08T11:00:00+09:00,J4,721,714,1435
2019-12-08T11:00:00+09:00,J5,530,508,1038
2019-12-08T11:15:00+09:00,J1,1054,1210,2264
2019-12-08T11:15:00+09:00,J2,763,746,1509
2019-12-08T11:15:00+09:00,J3,1098,998,2096
2019-12-08T11:15:00+09:00,J4,659,715,1374
2019-12-08T11:15:00+09:00,J5,503,465,968
2019-12-08T11:30:00+09:00,J1,1053,1241,2294
2019-12-08T11:30:00+09:00,J2,751,746,1497
2019-12-08T11:30:00+09:00,J3,1142,1056,2198
2019-12-08T11:30:00+09:00,J4,719,732,1451
2019-12-08T11:30:00+09:00,J5,465,456,921
2019-12-08T11:45:00+09:00,J1,1111,1188,2299
2019-12-08T11:45:00+09:00,J2,753,702,1455
2019-12-08T11:45:00+09:00,J3,1099,1081,2180
2019-12-08T11:45:00+09:00,J4,768,640,1408
2019-12-08T11:45:00+09:00,J5,543,465,1008
2019-12-08T12:00:00+09:00,J1,1132,1178,2310
2019-12-08T12:00:00+09:00,J2,779,720,1499
2019-12-08T12:00:00+09:00,J3,1030,977,2007
2019-12-08T12:00:00+09:00,J4,686,678,1364
2019-12-08T12:00:00+09:00,J5,601,528,1129
2019-12-08T12:15:00+09:00,J1,1091,1191,2282
2019-12-08T12:15:00+09:00,J2,806,703,1509
2019-12-08T12:15:00+09:00,J3,1036,1054,2090
2019-12-08T12:15:00+09:00,J4,708,704,1412
2019-12-08T12:15:00+09:00,J5,559,562,1121
2019-12-08T12:30:00+09:00,J1,1018,1145,2163
2019-12-08T12:30:00+09:00,J2,732,679,1411
2019-12-08T12:30:00+09:00,J3,1071,896,1967
2019-12-08T12:30:00+09:00,J4,720,662,1382
2019-12-08T12:30:00+09:00,J5,503,553,1056
2019-12-08T12:45:00+09:00,J1,998,1266,2264
2019-12-08T12:45:00+09:00,J2,692,686,1378
2019-12-08T12:45:00+09:00,J3,1179,1015,2194
2019-12-08T12:45:00+09:00,J4,689,766,1455
2019-12-08T12:45:00+09:00,J5,457,506,963
2019-12-08T13:00:00+09:00,J1,1003,1180,2183
2019-12-08T13:00:00+09:00,J2,715,744,1459
2019-12-08T13:00:00+09:00,J3,1240,963,2203
2019-12-08T13:00:00+09:00,J4,642,641,1283
2019-12-08T13:00:00+09:00,J5,510,537,1047
2019-12-08T13:15:00+09:00,J1,968,1241,2209
2019-12-08T13:15:00+09:00,J2,746,799,1545
2019-12-08T13:15:00+09:00,J3,1244,1125,2369
2019-12-08T13:15:00+09:00,J4,549,607,1156
2019-12-08T13:15:00+09:00,J5,539,559,1098
2019-12-08T13:30:00+09:00,J1,1025,1200,2225
2019-12-08T13:30:00+09:00,J2,763,791,1554
2019-12-08T13:30:00+09:00,J3,1242,1086,2328
2019-12-08T13:30:00+09:00,J4,548,620,1168
2019-12-08T13:30:00+09:00,J5,527,538,1065
2019-12-08T13:45:00+09:00,J1,978,1199,2177
2019-12-08T13:45:00+09:00,J2,782,768,1550
2019-12-08T13:45:00+09:00,J3,1279,1102,2381
2019-12-08T13:45:00+09:00,J4,579,646,1225
2019-12-08T13:45:00+09:00,J5,523,528,1051
2019-12-08T14:00:00+09:00,J1,1011,1181,2192
2019-12-08T14:00:00+09:00,J2,753,811,1564
2019-12-08T14:00:00+09:00,J3,1327,1110,2437
2019-12-08T14:00:00+09:00,J4,591,634,1225
2019-12-08T14:00:00+09:00,J5,553,562,1115
2019-12-08T14:15:00+09:00,J1,993,1179,2172
2019-12-08T14:15:00+09:00,J2,801,822,1623
2019-12-08T14:15:00+09:00,J3,1318,1149,2467
2019-12-08T14:15:00+09:00,J4,638,697,1335
2019-12-08T14:15:00+09:00,J5,561,597,1158
2019-12-08T14:30:00+09:00,J1,984,1211,2195
2019-12-08T14:30:00+09:00,J2,831,767,1598
2019-12-08T14:30:00+09:00,J3,1349,1124,2473
2019-12-08T14:30:00+09:00,J4,603,701,1304
2019-12-08T14:30:00+09:00,J5,500,589,1089
2019-12-08T14:45:00+09:00,J1,969,1213,2182
2019-12-08T14:45:00+09:00,J2,816,772,1588
2019-12-08T14:45:00+09:00,J3,1237,1124,2361
2019-12-08T14:45:00+09:00,J4,609,670,1279
2019-12-08T14:45:00+09:00,J5,495,509,1004
2019-12-08T15:00:00+09:00,J1,936,1171,2107
2019-12-08T15:00:00+09:00,J2,819,744,1563
2019-12-08T15:00:00+09:00,J3,1277,1109,2386
2019-12-08T15:00:00+09:00,J4,599,699,1298
2019-12-08T15:00:00+09:00,J5,434,517,951
2019-12-08T15:15:00+09:00,J1,990,1171,2161
2019-12-08T15:15:00+09:00,J2,820,791,1611
2019-12-08T15:15:00+09:00,J3,1327,1203,2530
2019-12-08T15:15:00+09:00,J4,678,677,1355
2019-12-08T15:15:00+09:00,J5,491,548,1039
2019-12-08T15:30:00+09:00,J1,1015,1178,2193
2019-12-08T15:30:00+09:00,J2,908,801,1709
2019-12-08T15:30:00+09:00,J3,1342,1203,2545
2019-12-08T15:30:00+09:00,J4,628,694,1322
2019-12-08T15:30:00+09:00,J5,556,595,1151
2019-12-08T15:45:00+09:00,J1,969,1186,2155
2019-12-08T15:45:00+09:00,J2,937,764,1701
2019-12-08T15:45:00+09:00,J3,1256,1170,2426
2019-12-08T15:45:00+09:00,J4,665,771,1436
2019-12-08T15:45:00+09:00,J5,500,592,1092
2019-12-08T16:00:00+09:00,J1,1104,1181,2285
2019-12-08T16:00:00+09:00,J2,1055,837,1892
2019-12-08T16:00:00+09:00,J3,1313,1263,2576
2019-12-08T16:00:00+09:00,J4,693,742,1435
2019-12-08T16:00:00+09:00,J5,548,615,1163
2019-12-08T16:15:00+09:00,J1,1013,1225,2238
2019-12-08T16:15:00+09:00,J2,1033,837,1870
2019-12-08T16:15:00+09:00,J3,1515,1213,2728
2019-12-08T16:15:00+09:00,J4,670,747,1417
2019-12-08T16:15:00+09:00,J5,476,525,1001
2019-12-08T16:30:00+09:00,J1,1006,1217,2223
2019-12-08T16:30:00+09:00,J2,973,736,1709
2019-12-08T16:30:00+09:00,J3,1512,1256,2768
2019-12-08T16:30:00+09:00,J4,651,726,1377
2019-12-08T16:30:00+09:00,J5,552,554,1106
2019-12-08T16:45:00+09:00,J1,1027,1193,2220
2019-12-08T16:45:00+09:00,J2,863,727,1590
2019-12-08T16:45:00+09:00,J3,1469,1223,2692
2019-12-08T16:45:00+09:00,J4,710,730,1440
2019-12-08T16:45:00+09:00,J5,525,548,1073
2019-12-08T17:00:00+09:00,J1,1079,1180,2259
2019-12-08T17:00:00+09:00,J2,974,879,1853
2019-12-08T17:00:00+09:00,J3,1536,1272,2808
2019-12-08T17:00:00+09:00,J4,621,687,1308
2019-12-08T17:00:00+09:00,J5,601,607,1208
2019-12-08T17:15:00+09:00,J1,1076,1196,2272
2019-12-08T17:15:00+09:00,J2,901,806,1707
2019-12-08T17:15:00+09:00,J3,1474,1218,2692
2019-12-08T17:15:00+09:00,J4,640,707,1347
2019-12-08T17:15:00+09:00,J5,570,566,1136
2019-12-08T17:30:00+09:00,J1,1035,1243,2278
2019-12-08T17:30:00+09:00,J2,873,732,1605
2019-12-08T17:30:00+09:00,J3,1423,1233,2656
2019-12-08T17:30:00+09:00,J4,600,675,1275
2019-12-08T17:30:00+09:00,J5,540,497,1037
2019-12-08T17:45:00+09:00,J1,1037,1268,2305
2019-12-08T17:45:00+09:00,J2,827,716,1543
2019-12-08T17:45:00+09:00,J3,1525,1257,2782
2019-12-08T17:45:00+09:00,J4,631,713,1344
2019-12-08T17:45:00+09:00,J5,572,534,1106
2019-12-08T18:00:00+09:00,J1,1045,1223,2268
2019-12-08T18:00:00+09:00,J2,821,673,1494
2019-12-08T18:00:00+09:00,J3,1423,1209,2632
2019-12-08T18:00:00+09:00,J4,680,658,1338
2019-12-08T18:00:00+09:00,J5,597,575,1172
2019-12-08T18:15:00+09:00,J1,1035,1235,2270
2019-12-08T18:15:00+09:00,J2,840,738,1578
2019-12-08T18:15:00+09:00,J3,1347,1210,2557
2019-12-08T18:15:00+09:00,J4,703,663,1366
2019-12-08T18:15:00+09:00,J5,564,580,1144
2019-12-08T18:30:00+09:00,J1,1139,1181,2320
2019-12-08T18:30:00+09:00,J2,875,691,1566
2019-12-08T18:30:00+09:00,J3,1385,1101,2486
2019-12-08T18:30:00+09:00,J4,692,668,1360
2019-12-08T18:30:00+09:00,J5,417,490,907
2019-12-08T18:45:00+09:00,J1,1063,1187,2250
2019-12-08T18:45:00+09:00,J2,758,719,1477
2019-12-08T18:45:00+09:00,J3,1288,1106,2394
2019-12-08T18:45:00+09:00,J4,599,677,1276
2019-12-08T18:45:00+09:00,J5,456,456,912
2019-12-08T19:00:00+09:00,J1,1021,1140,2161
2019-12-08T19:00:00+09:00,J2,624,626,1250
2019-12-08T19:00:00+09:00,J3,1296,994,2290
2019-12-08T19:00:00+09:00,J4,518,626,1144
2019-12-08T19:00:00+09:00,J5,398,470,868
2019-12-08T19:15:00+09:00,J1,981,1225,2206
2019-12-08T19:15:00+09:00,J2,629,665,1294
2019-12-08T19:15:00+09:00,J3,1154,1023,2177
2019-12-08T19:15:00+09:00,J4,703,696,1399
2019-12-08T19:15:00+09:00,J5,458,431,889
2019-12-08T19:30:00+09:00,J1,973,1191,2164
2019-12-08T19:30:00+09:00,J2,615,697,1312
2019-12-08T19:30:00+09:00,J3,1129,964,2093
2019-12-08T19:30:00+09:00,J4,712,748,1460
2019-12-08T19:30:00+09:00,J5,430,427,857
2019-12-08T19:45:00+09:00,J1,944,1090,2034
2019-12-08T19:45:00+09:00,J2,585,640,1225
2019-12-08T19:45:00+09:00,J3,1220,996,2216
2019-12-08T19:45:00+09:00,J4,667,711,1378
2019-12-08T19:45:00+09:00,J5,438,415,853
2019-12-08T20:00:00+09:00,J1,931,1152,2083
2019-12-08T20:00:00+09:00,J2,544,579,1123
2019-12-08T20:00:00+09:00,J3,990,892,1882
2019-12-08T20:00:00+09:00,J4,728,713,1441
2019-12-08T20:00:00+09:00,J5,395,430,825
2019-12-08T20:15:00+09:00,J1,946,1133,2079
2019-12-08T20:15:00+09:00,J2,574,635,1209
2019-12-08T20:15:00+09:00,J3,1007,895,1902
2019-12-08T20:15:00+09:00,J4,652,657,1309
2019-12-08T20:15:00+09:00,J5,380,413,793
2019-12-08T20:30:00+09:00,J1,1019,1071,2090
2019-12-08T20:30:00+09:00,J2,689,709,1398
2019-12-08T20:30:00+09:00,J3,936,800,1736
2019-12-08T20:30:00+09:00,J4,685,671,1356
2019-12-08T20:30:00+09:00,J5,403,429,832
2019-12-08T20:45:00+09:00,J1,1005,1120,2125
2019-12-08T20:45:00+09:00,J2,726,666,1392
2019-12-08T20:45:00+09:00,J3,1004,824,1828
2019-12-08T20:45:00+09:00,J4,722,701,1423
2019-12-08T20:45:00+09:00,J5,495,472,967
2019-12-08T21:00:00+09:00,J1,1013,1109,2122
2019-12-08T21:00:00+09:00,J2,771,651,1422
2019-12-08T21:00:00+09:00,J3,1137,1024,2161
2019-12-08T21:00:00+09:00,J4,764,771,1535
2019-12-08T21:00:00+09:00,J5,403,438,841
2019-12-08T21:15:00+09:00,J1,966,1096,2062
2019-12-08T21:15:00+09:00,J2,811,711,1522
2019-12-08T21:15:00+09:00,J3,1071,1019,2090
2019-12-08T21:15:00+09:00,J4,702,690,1392
2019-12-08T21:15:00+09:00,J5,474,427,901
2019-12-08T21:30:00+09:00,J1,904,1102,2006
2019-12-08T21:30:00+09:00,J2,577,624,1201
2019-12-08T21:30:00+09:00,J3,1157,1053,2210
2019-12-08T21:30:00+09:00,J4,669,622,1291
2019-12-08T21:30:00+09:00,J5,501,463,964
2019-12-08T21:45:00+09:00,J1,929,1135,2064
2019-12-08T21:45:00+09:00,J2,570,614,1184
2019-12-08T21:45:00+09:00,J3,1042,933,1975
2019-12-08T21:45:00+09:00,J4,712,648,1360
2019-12-08T21:45:00+09:00,J5,546,491,1037
2019-12-08T22:00:00+09:00,J1,980,1073,2053
2019-12-08T22:00:00+09:00,J2,565,644,1209
2019-12-08T22:00:00+09:00,J3,1062,994,2056
2019-12-08T22:00:00+09:00,J4,636,596,1232
2019-12-08T22:00:00+09:00,J5,604,473,1077
2019-12-08T22:15:00+09:00,J1,930,1101,2031
2019-12-08T22:15:00+09:00,J2,513,661,1174
2019-12-08T22:15:00+09:00,J3,972,836,1808
2019-12-08T22:15:00+09:00,J4,691,626,1317
2019-12-08T22:15:00+09:00,J5,578,491,1069
2019-12-08T22:30:00+09:00,J1,944,1066,2010
2019-12-08T22:30:00+09:00,J2,554,645,1199
2019-12-08T22:30:00+09:00,J3,926,738,1664
2019-12-08T22:30:00+09:00,J4,691,604,1295
2019-12-08T22:30:00+09:00,J5,699,572,1271
2019-12-08T22:45:00+09:00,J1,889,1075,1964
2019-12-08T22:45:00+09:00,J2,567,686,1253
2019-12-08T22:45:00+09:00,J3,927,746,1673
2019-12-08T22:45:00+09:00,J4,687,649,1336
2019-12-08T22:45:00+09:00,J5,604,550,1154
2019-12-08T23:00:00+09:00,J1,886,1002,1888
2019-12-08T23:00:00+09:00,J2,616,612,1228
2019-12-08T23:00:00+09:00,J3,855,770,1625
2019-12-08T23:00:00+09:00,J4,748,706,1454
2019-12-08T23:00:00+09:00,J5,602,608,1210
2019-12-08T23:15:00+09:00,J1,835,1047,1882
2019-12-08T23:15:00+09:00,J2,545,587,1132
2019-12-08T23:15:00+09:00,J3,855,744,1599
2019-12-08T23:15:00+09:00,J4,772,685,1457
2019-12-08T23:15:00+09:00,J5,601,585,1186
2019-12-08T23:30:00+09:00,J1,878,971,1849
2019-12-08T23:30:00+09:00,J2,458,630,1088
2019-12-08T23:30:00+09:00,J3,860,710,1570
2019-12-08T23:30:00+09:00,J4,762,714,1476
2019-12-08T23:30:00+09:00,J5,605,597,1202
2019-12-08T23:45:00+09:00,J1,850,992,1842
2019-12-08T23:45:00+09:00,J2,519,602,1121
2019-12-08T23:45:00+09:00,J3,917,790,1707
2019-12-08T23:45:00+09:00,J4,704,750,1454
2019-12-08T23:45:00+09:00,J5,589,641,1230
2019-12-09T00:00:00+09:00,J1,692,724,1416
2019-12-09T00:00:00+09:00,J2,441,447,888
2019-12-09T00:00:00+09:00,J3,820,720,1540
2019-12-09T00:00:00+09:00,J4,692,644,1336
2019-12-09T00:00:00+09:00,J5,567,592,1159
2019-12-09T00:15:00+09:00,J1,591,586,1177
2019-12-09T00:15:00+09:00,J2,436,467,903
2019-12-09T00:15:00+09:00,J3,678,551,1229
2019-12-09T00:15:00+09:00,J4,629,666,1295
2019-12-09T00:15:00+09:00,J5,456,460,916
2019-12-09T00:30:00+09:00,J1,453,438,891
2019-12-09T00:30:00+09:00,J2,396,418,814
2019-12-09T00:30:00+09:00,J3,477,456,933
2019-12-09T00:30:00+09:00,J4,626,627,1253
2019-12-09T00:30:00+09:00,J5,444,497,941
2019-12-09T00:45:00+09:00,J1,458,462,920
2019-12-09T00:45:00+09:00,J2,470,408,878
2019-12-09T00:45:00+09:00,J3,628,504,1132
2019-12-09T00:45:00+09:00,J4,629,601,1230
2019-12-09T00:45:00+09:00,J5,455,481,936
2019-12-09T05:45:00+09:00,J1,690,658,1348
2019-12-09T05:45:00+09:00,J2,354,387,741
2019-12-09T05:45:00+09:00,J3,572,442,1014
2019-12-09T05:45:00+09:00,J4,476,499,975
2019-12-09T05:45:00+09:00,J5,633,667,1300
2019-12-09T06:00:00+09:00,J1,725,670,1395
2019-12-09T06:00:00+09:00,J2,335,402,737
2019-12-09T06:00:00+09:00,J3,640,565,1205
2019-12-09T06:00:00+09:00,J4,478,488,966
2019-12-09T06:00:00+09:00,J5,514,470,984
2019-12-09T06:15:00+09:00,J1,764,886,1650
2019-12-09T06:15:00+09:00,J2,377,428,805
2019-12-09T06:15:00+09:00,J3,769,644,1413
2019-12-09T06:15:00+09:00,J4,465,475,940
2019-12-09T06:15:00+09:00,J5,527,487,1014
2019-12-09T06:30:00+09:00,J1,821,829,1650
2019-12-09T06:30:00+09:00,J2,291,373,664
2019-12-09T06:30:00+09:00,J3,822,655,1477
2019-12-09T06:30:00+09:00,J4,520,532,1052
2019-12-09T06:30:00+09:00,J5,517,548,1065
2019-12-09T06:45:00+09:00,J1,811,912,1723
2019-12-09T06:45:00+09:00,J2,390,440,830
2019-12-09T06:45:00+09:00,J3,727,608,1335
2019-12-09T06:45:00+09:00,J4,581,568,1149
2019-12-09T06:45:00+09:00,J5,523,642,1165
2019-12-09T07:00:00+09:00,J1,971,978,1949
2019-12-09T07:00:00+09:00,J2,448,510,958
2019-12-09T07:00:00+09:00,J3,930,792,1722
2019-12-09T07:00:00+09:00,J4,632,618,1250
2019-12-09T07:00:00+09:00,J5,699,694,1393
2019-12-09T07:15:00+09:00,J1,1017,1026,2043
2019-12-09T07:15:00+09:00,J2,642,585,1227
2019-12-09T07:15:00+09:00,J3,1038,815,1853
2019-12-09T07:15:00+09:00,J4,574,628,1202
2019-12-09T07:15:00+09:00,J5,782,774,1556
2019-12-09T07:30:00+09:00,J1,1027,1061,2088
2019-12-09T07:30:00+09:00,J2,517,498,1015
2019-12-09T07:30:00+09:00,J3,1142,1078,2220
2019-12-09T07:30:00+09:00,J4,541,646,1187
2019-12-09T07:30:00+09:00,J5,623,616,1239
2019-12-09T07:45:00+09:00,J1,1012,1084,2096
2019-12-09T07:45:00+09:00,J2,558,424,982
2019-12-09T07:45:00+09:00,J3,1188,1307,2495
2019-12-09T07:45:00+09:00,J4,593,665,1258
2019-12-09T07:45:00+09:00,J5,643,653,1296
2019-12-09T08:00:00+09:00,J1,1174,1123,2297
2019-12-09T08:00:00+09:00,J2,634,485,1119
2019-12-09T08:00:00+09:00,J3,1474,1339,2813
2019-12-09T08:00:00+09:00,J4,594,746,1340
2019-12-09T08:00:00+09:00,J5,611,694,1305
2019-12-09T08:15:00+09:00,J1,1155,1149,2304
2019-12-09T08:15:00+09:00,J2,752,540,1292
2019-12-09T08:15:00+09:00,J3,1449,1397,2846
2019-12-09T08:15:00+09:00,J4,655,766,1421
2019-12-09T08:15:00+09:00,J5,505,586,1091
2019-12-09T08:30:00+09:00,J1,1176,1133,2309
2019-12-09T08:30:00+09:00,J2,708,489,1197
2019-12-09T08:30:00+09:00,J3,1319,1273,2592
2019-12-09T08:30:00+09:00,J4,659,748,1407
2019-12-09T08:30:00+09:00,J5,608,616,1224
2019-12-09T08:45:00+09:00,J1,1153,1149,2302
2019-12-09T08:45:00+09:00,J2,469,321,790
2019-12-09T08:45:00+09:00,J3,1174,1215,2389
2019-12-09T08:45:00+09:00,J4,524,566,1090
2019-12-09T08:45:00+09:00,J5,636,552,1188
2019-12-09T09:00:00+09:00,J1,1111,1100,2211
2019-12-09T09:00:00+09:00,J2,457,325,782
2019-12-09T09:00:00+09:00,J3,1279,1051,2330
2019-12-09T09:00:00+09:00,J4,443,548,991
2019-12-09T09:00:00+09:00,J5,536,534,1070
2019-12-09T09:15:00+09:00,J1,1119,1049,2168
2019-12-09T09:15:00+09:00,J2,530,424,954
2019-12-09T09:15:00+09:00,J3,890,830,1720
2019-12-09T09:15:00+09:00,J4,442,541,983
2019-12-09T09:15:00+09:00,J5,640,596,1236
2019-12-09T09:30:00+09:00,J1,1143,1117,2260
2019-12-09T09:30:00+09:00,J2,560,457,1017
2019-12-09T09:30:00+09:00,J3,949,790,1739
2019-12-09T09:30:00+09:00,J4,442,512,954
2019-12-09T09:30:00+09:00,J5,652,576,1228
2019-12-09T09:45:00+09:00,J1,1130,1139,2269
2019-12-09T09:45:00+09:00,J2,522,489,1011
2019-12-09T09:45:00+09:00,J3,922,898,1820
2019-12-09T09:45:00+09:00,J4,520,589,1109
2019-12-09T09:45:00+09:00,J5,635,555,1190
2019-12-09T10:00:00+09:00,J1,1164,1209,2373
2019-12-09T10:00:00+09:00,J2,499,430,929
2019-12-09T10:00:00+09:00,J3,951,839,1790
2019-12-09T10:00:00+09:00,J4,692,688,1380
2019-12-09T10:00:00+09:00,J5,700,637,1337
2019-12-09T10:15:00+09:00,J1,1103,1193,2296
2019-12-09T10:15:00+09:00,J2,461,403,864
2019-12-09T10:15:00+09:00,J3,991,882,1873
2019-12-09T10:15:00+09:00,J4,708,732,1440
2019-12-09T10:15:00+09:00,J5,621,575,1196
2019-12-09T10:30:00+09:00,J1,1120,1214,2334
2019-12-09T10:30:00+09:00,J2,608,388,996
2019-12-09T10:30:00+09:00,J3,1051,873,1924
2019-12-09T10:30:00+09:00,J4,728,693,1421
2019-12-09T10:30:00+09:00,J5,511,450,961
2019-12-09T10:45:00+09:00,J1,1102,1150,2252
2019-12-09T10:45:00+09:00,J2,560,474,1034
2019-12-09T10:45:00+09:00,J3,1051,984,2035
2019-12-09T10:45:00+09:00,J4,769,744,1513
2019-12-09T10:45:00+09:00,J5,501,445,946
2019-12-09T11:00:00+09:00,J1,1144,1156,2300
2019-12-09T11:00:00+09:00,J2,544,477,1021
2019-12-09T11:00:00+09:00,J3,978,902,1880
2019-12-09T11:00:00+09:00,J4,744,715,1459
2019-12-09T11:00:00+09:00,J5,543,530,1073
2019-12-09T11:15:00+09:00,J1,1149,1195,2344
2019-12-09T11:15:00+09:00,J2,544,508,1052
2019-12-09T11:15:00+09:00,J3,1245,1137,2382
2019-12-09T11:15:00+09:00,J4,709,690,1399
2019-12-09T11:15:00+09:00,J5,580,537,1117
2019-12-09T11:30:00+09:00,J1,1087,1222,2309
2019-12-09T11:30:00+09:00,J2,482,491,973
2019-12-09T11:30:00+09:00,J3,1036,989,2025
2019-12-09T11:30:00+09:00,J4,623,675,1298
2019-12-09T11:30:00+09:00,J5,439,429,868
2019-12-09T11:45:00+09:00,J1,1112,1176,2288
2019-12-09T11:45:00+09:00,J2,503,468,971
2019-12-09T11:45:00+09:00,J3,1096,924,2020
2019-12-09T11:45:00+09:00,J4,715,736,1451
2019-12-09T11:45:00+09:00,J5,493,600,1093
2019-12-09T12:00:00+09:00,J1,1060,1232,2292
2019-12-09T12:00:00+09:00,J2,546,495,1041
2019-12-09T12:00:00+09:00,J3,1103,1078,2181
2019-12-09T12:00:00+09:00,J4,800,677,1477
2019-12-09T12:00:00+09:00,J5,560,511,1071
2019-12-09T12:15:00+09:00,J1,1058,1197,2255
2019-12-09T12:15:00+09:00,J2,506,374,880
2019-12-09T12:15:00+09:00,J3,1199,1068,2267
2019-12-09T12:15:00+09:00,J4,676,656,1332
2019-12-09T12:15:00+09:00,J5,538,515,1053
2019-12-09T12:30:00+09:00,J1,1070,1247,2317
2019-12-09T12:30:00+09:00,J2,483,426,909
2019-12-09T12:30:00+09:00,J3,1124,909,2033
2019-12-09T12:30:00+09:00,J4,614,671,1285
2019-12-09T12:30:00+09:00,J5,544,579,1123
2019-12-09T12:45:00+09:00,J1,1063,1193,2256
2019-12-09T12:45:00+09:00,J2,477,396,873
2019-12-09T12:45:00+09:00,J3,1077,858,1935
2019-12-09T12:45:00+09:00,J4,544,693,1237
2019-12-09T12:45:00+09:00,J5,546,518,1064
2019-12-09T13:00:00+09:00,J1,989,1217,2206
2019-12-09T13:00:00+09:00,J2,491,441,932
2019-12-09T13:00:00+09:00,J3,1162,956,2118
2019-12-09T13:00:00+09:00,J4,587,638,1225
2019-12-09T13:00:00+09:00,J5,596,618,1214
2019-12-09T13:15:00+09:00,J1,976,1193,2169
2019-12-09T13:15:00+09:00,J2,497,414,911
2019-12-09T13:15:00+09:00,J3,1036,922,1958
2019-12-09T13:15:00+09:00,J4,541,681,1222
2019-12-09T13:15:00+09:00,J5,539,607,1146
2019-12-09T13:30:00+09:00,J1,954,1118,2072
2019-12-09T13:30:00+09:00,J2,440,433,873
2019-12-09T13:30:00+09:00,J3,1082,875,1957
2019-12-09T13:30:00+09:00,J4,518,649,1167
2019-12-09T13:30:00+09:00,J5,494,580,1074
2019-12-09T13:45:00+09:00,J1,981,1108,2089
2019-12-09T13:45:00+09:00,J2,465,443,908
2019-12-09T13:45:00+09:00,J3,1035,810,1845
2019-12-09T13:45:00+09:00,J4,478,545,1023
2019-12-09T13:45:00+09:00,J5,448,564,1012
2019-12-09T14:00:00+09:00,J1,977,1124,2101
2019-12-09T14:00:00+09:00,J2,384,408,792
2019-12-09T14:00:00+09:00,J3,1106,806,1912
2019-12-09T14:00:00+09:00,J4,512,628,1140
2019-12-09T14:00:00+09:00,J5,480,472,952
2019-12-09T14:15:00+09:00,J1,996,1130,2126
2019-12-09T14:15:00+09:00,J2,437,420,857
2019-12-09T14:15:00+09:00,J3,1112,845,1957
2019-12-09T14:15:00+09:00,J4,482,629,1111
2019-12-09T14:15:00+09:00,J5,510,505,1015
2019-12-09T14:30:00+09:00,J1,921,1103,2024
2019-12-09T14:30:00+09:00,J2,452,448,900
2019-12-09T14:30:00+09:00,J3,1052,855,1907
2019-12-09T14:30:00+09:00,J4,488,656,1144
2019-12-09T14:30:00+09:00,J5,501,503,1004
2019-12-09T14:45:00+09:00,J1,931,1183,2114
2019-12-09T14:45:00+09:00,J2,492,432,924
2019-12-09T14:45:00+09:00,J3,1097,849,1946
2019-12-09T14:45:00+09:00,J4,514,652,1166
2019-12-09T14:45:00+09:00,J5,464,462,926
2019-12-09T15:00:00+09:00,J1,972,1233,2205
2019-12-09T15:00:00+09:00,J2,486,424,910
2019-12-09T15:00:00+09:00,J3,1048,849,1897
2019-12-09T15:00:00+09:00,J4,458,619,1077
2019-12-09T15:00:00+09:00,J5,509,564,1073
2019-12-09T15:15:00+09:00,J1,981,1213,2194
2019-12-09T15:15:00+09:00,J2,473,468,941
2019-12-09T15:15:00+09:00,J3,1020,920,1940
2019-12-09T15:15:00+09:00,J4,500,608,1108
2019-12-09T15:15:00+09:00,J5,465,474,939
2019-12-09T15:30:00+09:00,J1,996,1111,2107
2019-12-09T15:30:00+09:00,J2,417,495,912
2019-12-09T15:30:00+09:00,J3,1133,861,1994
2019-12-09T15:30:00+09:00,J4,502,601,1103
2019-12-09T15:30:00+09:00,J5,577,575,1152
2019-12-09T15:45:00+09:00,J1,948,1167,2115
2019-12-09T15:45:00+09:00,J2,459,492,951
2019-12-09T15:45:00+09:00,J3,1111,841,1952
2019-12-09T15:45:00+09:00,J4,465,649,1114
2019-12-09T15:45:00+09:00,J5,484,610,1094
2019-12-09T16:00:00+09:00,J1,1015,1154,2169
2019-12-09T16:00:00+09:00,J2,520,468,988
2019-12-09T16:00:00+09:00,J3,1142,873,2015
2019-12-09T16:00:00+09:00,J4,505,624,1129
2019-12-09T16:00:00+09:00,J5,441,603,1044
2019-12-09T16:15:00+09:00,J1,998,1150,2148
2019-12-09T16:15:00+09:00,J2,527,525,1052
2019-12-09T16:15:00+09:00,J3,1130,978,2108
2019-12-09T16:15:00+09:00,J4,514,692,1206
2019-12-09T16:15:00+09:00,J5,414,578,992
2019-12-09T16:30:00+09:00,J1,971,1162,2133
2019-12-09T16:30:00+09:00,J2,524,590,1114
2019-12-09T16:30:00+09:00,J3,1231,1056,2287
2019-12-09T16:30:00+09:00,J4,546,659,1205
2019-12-09T16:30:00+09:00,J5,435,520,955
2019-12-09T16:45:00+09:00,J1,958,1095,2053
2019-12-09T16:45:00+09:00,J2,536,530,1066
2019-12-09T16:45:00+09:00,J3,1238,1155,2393
2019-12-09T16:45:00+09:00,J4,479,633,1112
2019-12-09T16:45:00+09:00,J5,441,452,893
2019-12-09T17:00:00+09:00,J1,1057,1219,2276
2019-12-09T17:00:00+09:00,J2,527,516,1043
2019-12-09T17:00:00+09:00,J3,1264,1068,2332
2019-12-09T17:00:00+09:00,J4,586,685,1271
2019-12-09T17:00:00+09:00,J5,467,536,1003
2019-12-09T17:15:00+09:00,J1,1050,1246,2296
2019-12-09T17:15:00+09:00,J2,625,562,1187
2019-12-09T17:15:00+09:00,J3,1328,1040,2368
2019-12-09T17:15:00+09:00,J4,573,684,1257
2019-12-09T17:15:00+09:00,J5,514,612,1126
2019-12-09T17:30:00+09:00,J1,1133,1221,2354
2019-12-09T17:30:00+09:00,J2,688,712,1400
2019-12-09T17:30:00+09:00,J3,1353,1077,2430
2019-12-09T17:30:00+09:00,J4,578,635,1213
2019-12-09T17:30:00+09:00,J5,507,588,1095
2019-12-09T17:45:00+09:00,J1,1079,1300,2379
2019-12-09T17:45:00+09:00,J2,663,620,1283
2019-12-09T17:45:00+09:00,J3,1342,1026,2368
2019-12-09T17:45:00+09:00,J4,678,622,1300
2019-12-09T17:45:00+09:00,J5,481,590,1071
2019-12-09T18:00:00+09:00,J1,1137,1284,2421
2019-12-09T18:00:00+09:00,J2,705,625,1330
2019-12-09T18:00:00+09:00,J3,1403,1048,2451
2019-12-09T18:00:00+09:00,J4,645,623,1268
2019-12-09T18:00:00+09:00,J5,527,623,1150
2019-12-09T18:15:00+09:00,J1,1085,1206,2291
2019-12-09T18:15:00+09:00,J2,672,527,1199
2019-12-09T18:15:00+09:00,J3,1464,1254,2718
2019-12-09T18:15:00+09:00,J4,710,644,1354
2019-12-09T18:15:00+09:00,J5,508,641,1149
2019-12-09T18:30:00+09:00,J1,1032,1199,2231
2019-12-09T18:30:00+09:00,J2,738,693,1431
2019-12-09T18:30:00+09:00,J3,1297,1054,2351
2019-12-09T18:30:00+09:00,J4,668,742,1410
2019-12-09T18:30:00+09:00,J5,490,550,1040
2019-12-09T18:45:00+09:00,J1,1016,1136,2152
2019-12-09T18:45:00+09:00,J2,684,578,1262
2019-12-09T18:45:00+09:00,J3,1174,1006,2180
2019-12-09T18:45:00+09:00,J4,632,627,1259
2019-12-09T18:45:00+09:00,J5,367,501,868
2019-12-09T19:00:00+09:00,J1,952,1074,2026
2019-12-09T19:00:00+09:00,J2,582,489,1071
2019-12-09T19:00:00+09:00,J3,1205,1020,2225
2019-12-09T19:00:00+09:00,J4,602,695,1297
2019-12-09T19:00:00+09:00,J5,463,479,942
2019-12-09T19:15:00+09:00,J1,1041,1154,2195
2019-12-09T19:15:00+09:00,J2,598,506,1104
2019-12-09T19:15:00+09:00,J3,1272,930,2202
2019-12-09T19:15:00+09:00,J4,662,690,1352
2019-12-09T19:15:00+09:00,J5,443,519,962
2019-12-09T19:30:00+09:00,J1,1032,1148,2180
2019-12-09T19:30:00+09:00,J2,624,562,1186
2019-12-09T19:30:00+09:00,J3,1106,972,2078
2019-12-09T19:30:00+09:00,J4,621,621,1242
2019-12-09T19:30:00+09:00,J5,338,419,757
2019-12-09T19:45:00+09:00,J1,986,1170,2156
2019-12-09T19:45:00+09:00,J2,622,524,1146
2019-12-09T19:45:00+09:00,J3,1113,863,1976
2019-12-09T19:45:00+09:00,J4,536,644,1180
2019-12-09T19:45:00+09:00,J5,377,423,800
2019-12-09T20:00:00+09:00,J1,1027,1164,2191
2019-12-09T20:00:00+09:00,J2,656,515,1171
2019-12-09T20:00:00+09:00,J3,1012,906,1918
2019-12-09T20:00:00+09:00,J4,544,585,1129
2019-12-09T20:00:00+09:00,J5,415,446,861
2019-12-09T20:15:00+09:00,J1,1017,1159,2176
2019-12-09T20:15:00+09:00,J2,670,518,1188
2019-12-09T20:15:00+09:00,J3,1137,866,2003
2019-12-09T20:15:00+09:00,J4,628,613,1241
2019-12-09T20:15:00+09:00,J5,390,402,792
2019-12-09T20:30:00+09:00,J1,971,1123,2094
2019-12-09T20:30:00+09:00,J2,591,408,999
2019-12-09T20:30:00+09:00,J3,1105,926,2031
2019-12-09T20:30:00+09:00,J4,581,606,1187
2019-12-09T20:30:00+09:00,J5,392,442,834
2019-12-09T20:45:00+09:00,J1,1022,1124,2146
2019-12-09T20:45:00+09:00,J2,503,500,1003
2019-12-09T20:45:00+09:00,J3,954,803,1757
2019-12-09T20:45:00+09:00,J4,555,583,1138
2019-12-09T20:45:00+09:00,J5,399,417,816
2019-12-09T21:00:00+09:00,J1,910,1121,2031
2019-12-09T21:00:00+09:00,J2,363,368,731
2019-12-09T21:00:00+09:00,J3,939,795,1734
2019-12-09T21:00:00+09:00,J4,673,627,1300
2019-12-09T21:00:00+09:00,J5,408,363,771
2019-12-09T21:15:00+09:00,J1,917,1029,1946
2019-12-09T21:15:00+09:00,J2,330,379,709
2019-12-09T21:15:00+09:00,J3,850,821,1671
2019-12-09T21:15:00+09:00,J4,654,632,1286
2019-12-09T21:15:00+09:00,J5,369,418,787
2019-12-09T21:30:00+09:00,J1,846,978,1824
2019-12-09T21:30:00+09:00,J2,388,391,779
2019-12-09T21:30:00+09:00,J3,809,759,1568
2019-12-09T21:30:00+09:00,J4,687,597,1284
2019-12-09T21:30:00+09:00,J5,358,346,704
2019-12-09T21:45:00+09:00,J1,875,954,1829
2019-12-09T21:45:00+09:00,J2,440,443,883
2019-12-09T21:45:00+09:00,J3,805,829,1634
2019-12-09T21:45:00+09:00,J4,664,631,1295
2019-12-09T21:45:00+09:00,J5,390,420,810
2019-12-09T22:00:00+09:00,J1,919,969,1888
2019-12-09T22:00:00+09:00,J2,381,381,762
2019-12-09T22:00:00+09:00,J3,930,838,1768
2019-12-09T22:00:00+09:00,J4,667,557,1224
2019-12-09T22:00:00+09:00,J5,428,411,839
2019-12-09T22:15:00+09:00,J1,847,935,1782
2019-12-09T22:15:00+09:00,J2,455,468,923
2019-12-09T22:15:00+09:00,J3,796,759,1555
2019-12-09T22:15:00+09:00,J4,673,589,1262
2019-12-09T22:15:00+09:00,J5,434,382,816
2019-12-09T22:30:00+09:00,J1,826,925,1751
2019-12-09T22:30:00+09:00,J2,343,355,698
2019-12-09T22:30:00+09:00,J3,699,658,1357
2019-12-09T22:30:00+09:00,J4,709,575,1284
2019-12-09T22:30:00+09:00,J5,495,442,937
2019-12-09T22:45:00+09:00,J1,820,955,1775
2019-12-09T22:45:00+09:00,J2,384,344,728
2019-12-09T22:45:00+09:00,J3,906,905,1811
2019-12-09T22:45:00+09:00,J4,639,549,1188
2019-12-09T22:45:00+09:00,J5,557,512,1069
2019-12-09T23:00:00+09:00,J1,805,882,1687
2019-12-09T23:00:00+09:00,J2,384,361,745
2019-12-09T23:00:00+09:00,J3,878,829,1707
2019-12-09T23:00:00+09:00,J4,648,537,1185
2019-12-09T23:00:00+09:00,J5,575,613,1188
2019-12-09T23:15:00+09:00,J1,800,881,1681
2019-12-09T23:15:00+09:00,J2,440,434,874
2019-12-09T23:15:00+09:00,J3,958,953,1911
2019-12-09T23:15:00+09:00,J4,693,587,1280
2019-12-09T23:15:00+09:00,J5,544,591,1135
2019-12-09T23:30:00+09:00,J1,845,919,1764
2019-12-09T23:30:00+09:00,J2,446,393,839
2019-12-09T23:30:00+09:00,J3,878,848,1726
2019-12-09T23:30:00+09:00,J4,614,565,1179
2019-12-09T23:30:00+09:00,J5,515,522,1037
2019-12-09T23:45:00+09:00,J1,880,829,1709
2019-12-09T23:45:00+09:00,J2,390,413,803
2019-12-09T23:45:00+09:00,J3,838,768,1606
2019-12-09T23:45:00+09:00,J4,578,485,1063
2019-12-09T23:45:00+09:00,J5,612,587,1199
2019-12-10T00:00:00+09:00,J1,601,646,1247
2019-12-10T00:00:00+09:00,J2,368,297,665
2019-12-10T00:00:00+09:00,J3,912,857,1769
2019-12-10T00:00:00+09:00,J4,547,483,1030
2019-12-10T00:00:00+09:00,J5,533,569,1102
2019-12-10T00:15:00+09:00,J1,563,551,1114
2019-12-10T00:15:00+09:00,J2,304,263,567
2019-12-10T00:15:00+09:00,J3,932,759,1691
2019-12-10T00:15:00+09:00,J4,595,530,1125
2019-12-10T00:15:00+09:00,J5,437,424,861
2019-12-10T00:30:00+09:00,J1,468,500,968
2019-12-10T00:30:00+09:00,J2,365,294,659
2019-12-10T00:30:00+09:00,J3,883,731,1614
2019-12-10T00:30:00+09:00,J4,571,517,1088
2019-12-10T00:30:00+09:00,J5,367,320,687
2019-12-10T00:45:00+09:00,J1,431,449,880
2019-12-10T00:45:00+09:00,J2,404,399,803
2019-12-10T00:45:00+09:00,J3,920,713,1633
2019-12-10T00:45:00+09:00,J4,649,540,1189
2019-12-10T00:45:00+09:00,J5,427,380,807
2019-12-10T05:45:00+09:00,J1,574,559,1133
2019-12-10T05:45:00+09:00,J2,483,508,991
2019-12-10T05:45:00+09:00,J3,845,737,1582
2019-12-10T05:45:00+09:00,J4,535,583,1118
2019-12-10T05:45:00+09:00,J5,310,357,667
2019-12-10T06:00:00+09:00,J1,517,581,1098
2019-12-10T06:00:00+09:00,J2,596,589,1185
2019-12-10T06:00:00+09:00,J3,858,777,1635
2019-12-10T06:00:00+09:00,J4,565,561,1126
2019-12-10T06:00:00+09:00,J5,374,398,772
2019-12-10T06:15:00+09:00,J1,675,750,1425
2019-12-10T06:15:00+09:00,J2,620,602,1222
2019-12-10T06:15:00+09:00,J3,1041,838,1879
2019-12-10T06:15:00+09:00,J4,492,501,993
2019-12-10T06:15:00+09:00,J5,457,463,920
2019-12-10T06:30:00+09:00,J1,748,750,1498
2019-12-10T06:30:00+09:00,J2,634,685,1319
2019-12-10T06:30:00+09:00,J3,1033,875,1908
2019-12-10T06:30:00+09:00,J4,467,532,999
2019-12-10T06:30:00+09:00,J5,519,555,1074
2019-12-10T06:45:00+09:00,J1,789,829,1618
2019-12-10T06:45:00+09:00,J2,608,615,1223
2019-12-10T06:45:00+09:00,J3,961,842,1803
2019-12-10T06:45:00+09:00,J4,499,531,1030
2019-12-10T06:45:00+09:00,J5,551,580,1131
2019-12-10T07:00:00+09:00,J1,856,886,1742
2019-12-10T07:00:00+09:00,J2,587,592,1179
2019-12-10T07:00:00+09:00,J3,854,790,1644
2019-12-10T07:00:00+09:00,J4,564,521,1085
2019-12-10T07:00:00+09:00,J5,587,613,1200
2019-12-10T07:15:00+09:00,J1,837,961,1798
2019-12-10T07:15:00+09:00,J2,643,554,1197
2019-12-10T07:15:00+09:00,J3,969,928,1897
2019-12-10T07:15:00+09:00,J4,515,519,1034
2019-12-10T07:15:00+09:00,J5,628,576,1204
2019-12-10T07:30:00+09:00,J1,939,834,1773
2019-12-10T07:30:00+09:00,J2,753,717,1470
2019-12-10T07:30:00+09:00,J3,987,1034,2021
2019-12-10T07:30:00+09:00,J4,594,515,1109
2019-12-10T07:30:00+09:00,J5,521,510,1031
2019-12-10T07:45:00+09:00,J1,919,1060,1979
2019-12-10T07:45:00+09:00,J2,845,680,1525
2019-12-10T07:45:00+09:00,J3,1172,1297,2469
2019-12-10T07:45:00+09:00,J4,508,609,1117
2019-12-10T07:45:00+09:00,J5,533,638,1171
2019-12-10T08:00:00+09:00,J1,1147,1074,2221
2019-12-10T08:00:00+09:00,J2,889,580,1469
2019-12-10T08:00:00+09:00,J3,1274,1266,2540
2019-12-10T08:00:00+09:00,J4,480,625,1105
2019-12-10T08:00:00+09:00,J5,650,656,1306
2019-12-10T08:15:00+09:00,J1,1174,1102,2276
2019-12-10T08:15:00+09:00,J2,1089,721,1810
2019-12-10T08:15:00+09:00,J3,1130,1323,2453
2019-12-10T08:15:00+09:00,J4,542,776,1318
2019-12-10T08:15:00+09:00,J5,640,792,1432
2019-12-10T08:30:00+09:00,J1,1234,1060,2294
2019-12-10T08:30:00+09:00,J2,1209,839,2048
2019-12-10T08:30:00+09:00,J3,1084,1398,2482
2019-12-10T08:30:00+09:00,J4,550,727,1277
2019-12-10T08:30:00+09:00,J5,651,827,1478
2019-12-10T08:45:00+09:00,J1,1105,1023,2128
2019-12-10T08:45:00+09:00,J2,1039,673,1712
2019-12-10T08:45:00+09:00,J3,995,1368,2363
2019-12-10T08:45:00+09:00,J4,493,636,1129
2019-12-10T08:45:00+09:00,J5,466,499,965
2019-12-10T09:00:00+09:00,J1,1035,1008,2043
2019-12-10T09:00:00+09:00,J2,824,664,1488
2019-12-10T09:00:00+09:00,J3,962,1077,2039
2019-12-10T09:00:00+09:00,J4,497,474,971
2019-12-10T09:00:00+09:00,J5,394,417,811
2019-12-10T09:15:00+09:00,J1,932,830,1762
2019-12-10T09:15:00+09:00,J2,683,558,1241
2019-12-10T09:15:00+09:00,J3,907,916,1823
2019-12-10T09:15:00+09:00,J4,457,491,948
2019-12-10T09:15:00+09:00,J5,409,401,810
2019-12-10T09:30:00+09:00,J1,1051,859,1910
2019-12-10T09:30:00+09:00,J2,702,464,1166
2019-12-10T09:30:00+09:00,J3,865,779,1644
2019-12-10T09:30:00+09:00,J4,525,532,1057
2019-12-10T09:30:00+09:00,J5,453,415,868
2019-12-10T09:45:00+09:00,J1,880,871,1751
2019-12-10T09:45:00+09:00,J2,739,651,1390
2019-12-10T09:45:00+09:00,J3,824,775,1599
2019-12-10T09:45:00+09:00,J4,484,495,979
2019-12-10T09:45:00+09:00,J5,389,356,745
2019-12-10T10:00:00+09:00,J1,870,805,1675
2019-12-10T10:00:00+09:00,J2,891,695,1586
2019-12-10T10:00:00+09:00,J3,713,671,1384
2019-12-10T10:00:00+09:00,J4,565,493,1058
2019-12-10T10:00:00+09:00,J5,384,381,765
2019-12-10T10:15:00+09:00,J1,950,836,1786
2019-12-10T10:15:00+09:00,J2,892,744,1636
2019-12-10T10:15:00+09:00,J3,735,744,1479
2019-12-10T10:15:00+09:00,J4,503,535,1038
2019-12-10T10:15:00+09:00,J5,365,389,754
2019-12-10T10:30:00+09:00,J1,880,823,1703
2019-12-10T10:30:00+09:00,J2,950,705,1655
2019-12-10T10:30:00+09:00,J3,849,723,1572
2019-12-10T10:30:00+09:00,J4,488,472,960
2019-12-10T10:30:00+09:00,J5,376,361,737
2019-12-10T10:45:00+09:00,J1,920,807,1727
2019-12-10T10:45:00+09:00,J2,904,700,1604
2019-12-10T10:45:00+09:00,J3,829,818,1647
2019-12-10T10:45:00+09:00,J4,464,510,974
2019-12-10T10:45:00+09:00,J5,402,388,790
2019-12-10T11:00:00+09:00,J1,882,873,1755
2019-12-10T11:00:00+09:00,J2,900,742,1642
2019-12-10T11:00:00+09:00,J3,893,879,1772
2019-12-10T11:00:00+09:00,J4,522,569,1091
2019-12-10T11:00:00+09:00,J5,368,355,723
2019-12-10T11:15:00+09:00,J1,908,969,1877
2019-12-10T11:15:00+09:00,J2,849,771,1620
2019-12-10T11:15:00+09:00,J3,920,885,1805
2019-12-10T11:15:00+09:00,J4,463,548,1011
2019-12-10T11:15:00+09:00,J5,397,376,773
2019-12-10T11:30:00+09:00,J1,892,930,1822
2019-12-10T11:30:00+09:00,J2,799,721,1520
2019-12-10T11:30:00+09:00,J3,956,909,1865
2019-12-10T11:30:00+09:00,J4,460,657,1117
2019-12-10T11:30:00+09:00,J5,399,439,838
2019-12-10T11:45:00+09:00,J1,889,959,1848
2019-12-10T11:45:00+09:00,J2,712,710,1422
2019-12-10T11:45:00+09:00,J3,929,868,1797
2019-12-10T11:45:00+09:00,J4,446,576,1022
2019-12-10T11:45:00+09:00,J5,457,445,902
2019-12-10T12:00:00+09:00,J1,907,959,1866
2019-12-10T12:00:00+09:00,J2,691,699,1390
2019-12-10T12:00:00+09:00,J3,999,991,1990
2019-12-10T12:00:00+09:00,J4,488,587,1075
2019-12-10T12:00:00+09:00,J5,432,524,956
2019-12-10T12:15:00+09:00,J1,838,958,1796
2019-12-10T12:15:00+09:00,J2,734,681,1415
2019-12-10T12:15:00+09:00,J3,1012,946,1958
2019-12-10T12:15:00+09:00,J4,436,586,1022
2019-12-10T12:15:00+09:00,J5,450,481,931
2019-12-10T12:30:00+09:00,J1,834,942,1776
2019-12-10T12:30:00+09:00,J2,700,674,1374
2019-12-10T12:30:00+09:00,J3,1028,998,2026
2019-12-10T12:30:00+09:00,J4,445,606,1051
2019-12-10T12:30:00+09:00,J5,406,420,826
2019-12-10T12:45:00+09:00,J1,826,948,1774
2019-12-10T12:45:00+09:00,J2,711,675,1386
2019-12-10T12:45:00+09:00,J3,980,908,1888
2019-12-10T12:45:00+09:00,J4,359,599,958
2019-12-10T12:45:00+09:00,J5,446,477,923
2019-12-10T13:00:00+09:00,J1,791,1012,1803
2019-12-10T13:00:00+09:00,J2,616,644,1260
2019-12-10T13:00:00+09:00,J3,1021,915,1936
2019-12-10T13:00:00+09:00,J4,441,561,1002
2019-12-10T13:00:00+09:00,J5,461,417,878
2019-12-10T13:15:00+09:00,J1,778,975,1753
2019-12-10T13:15:00+09:00,J2,643,676,1319
2019-12-10T13:15:00+09:00,J3,1046,935,1981
2019-12-10T13:15:00+09:00,J4,376,532,908
2019-12-10T13:15:00+09:00,J5,419,390,809
2019-12-10T13:30:00+09:00,J1,844,1006,1850
2019-12-10T13:30:00+09:00,J2,645,736,1381
2019-12-10T13:30:00+09:00,J3,983,960,1943
2019-12-10T13:30:00+09:00,J4,391,482,873
2019-12-10T13:30:00+09:00,J5,446,407,853
2019-12-10T13:45:00+09:00,J1,899,979,1878
2019-12-10T13:45:00+09:00,J2,627,670,1297
2019-12-10T13:45:00+09:00,J3,964,893,1857
2019-12-10T13:45:00+09:00,J4,366,506,872
2019-12-10T13:45:00+09:00,J5,398,374,772
2019-12-10T14:00:00+09:00,J1,817,962,1779
2019-12-10T14:00:00+09:00,J2,714,704,1418
2019-12-10T14:00:00+09:00,J3,1002,895,1897
2019-12-10T14:00:00+09:00,J4,418,443,861
2019-12-10T14:00:00+09:00,J5,388,330,718
2019-12-10T14:15:00+09:00,J1,895,992,1887
2019-12-10T14:15:00+09:00,J2,686,785,1471
2019-12-10T14:15:00+09:00,J3,1023,894,1917
2019-12-10T14:15:00+09:00,J4,431,527,958
2019-12-10T14:15:00+09:00,J5,391,360,751
2019-12-10T14:30:00+09:00,J1,839,1050,1889
2019-12-10T14:30:00+09:00,J2,731,776,1507
2019-12-10T14:30:00+09:00,J3,1082,934,2016
2019-12-10T14:30:00+09:00,J4,454,476,930
2019-12-10T14:30:00+09:00,J5,363,364,727
2019-12-10T14:45:00+09:00,J1,888,980,1868
2019-12-10T14:45:00+09:00,J2,710,687,1397
2019-12-10T14:45:00+09:00,J3,1014,915,1929
2019-12-10T14:45:00+09:00,J4,474,516,990
2019-12-10T14:45:00+09:00,J5,419,365,784
2019-12-10T15:00:00+09:00,J1,810,934,1744
2019-12-10T15:00:00+09:00,J2,689,740,1429
2019-12-10T15:00:00+09:00,J3,1070,939,2009
2019-12-10T15:00:00+09:00,J4,464,481,945
2019-12-10T15:00:00+09:00,J5,428,455,883
2019-12-10T15:15:00+09:00,J1,746,953,1699
2019-12-10T15:15:00+09:00,J2,729,754,1483
2019-12-10T15:15:00+09:00,J3,1043,971,2014
2019-12-10T15:15:00+09:00,J4,429,506,935
2019-12-10T15:15:00+09:00,J5,453,476,929
2019-12-10T15:30:00+09:00,J1,745,912,1657
2019-12-10T15:30:00+09:00,J2,707,670,1377
2019-12-10T15:30:00+09:00,J3,1054,997,2051
2019-12-10T15:30:00+09:00,J4,399,485,884
2019-12-10T15:30:00+09:00,J5,457,463,920
2019-12-10T15:45:00+09:00,J1,760,931,1691
2019-12-10T15:45:00+09:00,J2,649,712,1361
2019-12-10T15:45:00+09:00,J3,1041,1042,2083
2019-12-10T15:45:00+09:00,J4,453,426,879
2019-12-10T15:45:00+09:00,J5,472,459,931
2019-12-10T16:00:00+09:00,J1,755,876,1631
2019-12-10T16:00:00+09:00,J2,650,675,1325
2019-12-10T16:00:00+09:00,J3,1068,940,2008
2019-12-10T16:00:00+09:00,J4,457,483,940
2019-12-10T16:00:00+09:00,J5,443,421,864
2019-12-10T16:15:00+09:00,J1,783,964,1747
2019-12-10T16:15:00+09:00,J2,631,736,1367
2019-12-10T16:15:00+09:00,J3,1054,1047,2101
2019-12-10T16:15:00+09:00,J4,463,512,975
2019-12-10T16:15:00+09:00,J5,453,468,921
2019-12-10T16:30:00+09:00,J1,735,924,1659
2019-12-10T16:30:00+09:00,J2,704,696,1400
2019-12-10T16:30:00+09:00,J3,1107,1033,2140
2019-12-10T16:30:00+09:00,J4,456,554,1010
2019-12-10T16:30:00+09:00,J5,471,459,930
2019-12-10T16:45:00+09:00,J1,778,899,1677
2019-12-10T16:45:00+09:00,J2,719,702,1421
2019-12-10T16:45:00+09:00,J3,1048,895,1943
2019-12-10T16:45:00+09:00,J4,521,542,1063
2019-12-10T16:45:00+09:00,J5,435,423,858
2019-12-10T17:00:00+09:00,J1,858,941,1799
2019-12-10T17:00:00+09:00,J2,691,737,1428
2019-12-10T17:00:00+09:00,J3,1098,1092,2190
2019-12-10T17:00:00+09:00,J4,512,533,1045
2019-12-10T17:00:00+09:00,J5,443,498,941
2019-12-10T17:15:00+09:00,J1,864,1055,1919
2019-12-10T17:15:00+09:00,J2,797,816,1613
2019-12-10T17:15:00+09:00,J3,1137,1145,2282
2019-12-10T17:15:00+09:00,J4,540,529,1069
2019-12-10T17:15:00+09:00,J5,477,642,1119
2019-12-10T17:30:00+09:00,J1,842,1063,1905
2019-12-10T17:30:00+09:00,J2,878,859,1737
2019-12-10T17:30:00+09:00,J3,1166,1112,2278
2019-12-10T17:30:00+09:00,J4,589,583,1172
2019-12-10T17:30:00+09:00,J5,555,660,1215
2019-12-10T17:45:00+09:00,J1,970,1052,2022
2019-12-10T17:45:00+09:00,J2,868,835,1703
2019-12-10T17:45:00+09:00,J3,1228,1053,2281
2019-12-10T17:45:00+09:00,J4,550,531,1081
2019-12-10T17:45:00+09:00,J5,467,684,1151
2019-12-10T18:00:00+09:00,J1,989,1096,2085
2019-12-10T18:00:00+09:00,J2,815,896,1711
2019-12-10T18:00:00+09:00,J3,1308,1086,2394
2019-12-10T18:00:00+09:00,J4,617,545,1162
2019-12-10T18:00:00+09:00,J5,466,702,1168
2019-12-10T18:15:00+09:00,J1,975,1103,2078
2019-12-10T18:15:00+09:00,J2,782,861,1643
2019-12-10T18:15:00+09:00,J3,1407,1092,2499
2019-12-10T18:15:00+09:00,J4,611,538,1149
2019-12-10T18:15:00+09:00,J5,527,747,1274
2019-12-10T18:30:00+09:00,J1,906,1023,1929
2019-12-10T18:30:00+09:00,J2,746,782,1528
2019-12-10T18:30:00+09:00,J3,1226,997,2223
2019-12-10T18:30:00+09:00,J4,574,529,1103
2019-12-10T18:30:00+09:00,J5,514,658,1172
2019-12-10T18:45:00+09:00,J1,872,926,1798
2019-12-10T18:45:00+09:00,J2,684,680,1364
2019-12-10T18:45:00+09:00,J3,1073,1038,2111
2019-12-10T18:45:00+09:00,J4,485,520,1005
2019-12-10T18:45:00+09:00,J5,479,640,1119
2019-12-10T19:00:00+09:00,J1,764,926,1690
2019-12-10T19:00:00+09:00,J2,562,564,1126
2019-12-10T19:00:00+09:00,J3,1045,1025,2070
2019-12-10T19:00:00+09:00,J4,470,553,1023
2019-12-10T19:00:00+09:00,J5,465,543,1008
2019-12-10T19:15:00+09:00,J1,927,894,1821
2019-12-10T19:15:00+09:00,J2,609,674,1283
2019-12-10T19:15:00+09:00,J3,1038,944,1982
2019-12-10T19:15:00+09:00,J4,512,522,1034
2019-12-10T19:15:00+09:00,J5,448,592,1040
2019-12-10T19:30:00+09:00,J1,830,968,1798
2019-12-10T19:30:00+09:00,J2,544,570,1114
2019-12-10T19:30:00+09:00,J3,973,818,1791
2019-12-10T19:30:00+09:00,J4,439,540,979
2019-12-10T19:30:00+09:00,J5,415,517,932
2019-12-10T19:45:00+09:00,J1,829,892,1721
2019-12-10T19:45:00+09:00,J2,561,660,1221
2019-12-10T19:45:00+09:00,J3,1002,919,1921
2019-12-10T19:45:00+09:00,J4,445,527,972
2019-12-10T19:45:00+09:00,J5,398,426,824
2019-12-10T20:00:00+09:00,J1,841,916,1757
2019-12-10T20:00:00+09:00,J2,548,676,1224
2019-12-10T20:00:00+09:00,J3,948,950,1898
2019-12-10T20:00:00+09:00,J4,438,546,984
2019-12-10T20:00:00+09:00,J5,419,509,928
2019-12-10T20:15:00+09:00,J1,860,898,1758
2019-12-10T20:15:00+09:00,J2,541,653,1194
2019-12-10T20:15:00+09:00,J3,931,843,1774
2019-12-10T20:15:00+09:00,J4,409,480,889
2019-12-10T20:15:00+09:00,J5,356,420,776
2019-12-10T20:30:00+09:00,J1,865,955,1820
2019-12-10T20:30:00+09:00,J2,538,568,1106
2019-12-10T20:30:00+09:00,J3,918,837,1755
2019-12-10T20:30:00+09:00,J4,430,528,958
2019-12-10T20:30:00+09:00,J5,438,442,880
2019-12-10T20:45:00+09:00,J1,758,880,1638
2019-12-10T20:45:00+09:00,J2,524,563,1087
2019-12-10T20:45:00+09:00,J3,903,827,1730
2019-12-10T20:45:00+09:00,J4,452,557,1009
2019-12-10T20:45:00+09:00,J5,375,418,793
2019-12-10T21:00:00+09:00,J1,862,916,1778
2019-12-10T21:00:00+09:00,J2,628,630,1258
2019-12-10T21:00:00+09:00,J3,966,816,1782
2019-12-10T21:00:00+09:00,J4,490,609,1099
2019-12-10T21:00:00+09:00,J5,338,424,762
2019-12-10T21:15:00+09:00,J1,823,791,1614
2019-12-10T21:15:00+09:00,J2,504,538,1042
2019-12-10T21:15:00+09:00,J3,867,782,1649
2019-12-10T21:15:00+09:00,J4,457,554,1011
2019-12-10T21:15:00+09:00,J5,303,360,663
2019-12-10T21:30:00+09:00,J1,786,827,1613
2019-12-10T21:30:00+09:00,J2,513,508,1021
2019-12-10T21:30:00+09:00,J3,849,807,1656
2019-12-10T21:30:00+09:00,J4,393,559,952
2019-12-10T21:30:00+09:00,J5,353,367,720
2019-12-10T21:45:00+09:00,J1,757,743,1500
2019-12-10T21:45:00+09:00,J2,493,492,985
2019-12-10T21:45:00+09:00,J3,818,835,1653
2019-12-10T21:45:00+09:00,J4,419,574,993
2019-12-10T21:45:00+09:00,J5,323,335,658
2019-12-10T22:00:00+09:00,J1,766,729,1495
2019-12-10T22:00:00+09:00,J2,615,608,1223
2019-12-10T22:00:00+09:00,J3,799,746,1545
2019-12-10T22:00:00+09:00,J4,414,600,1014
2019-12-10T22:00:00+09:00,J5,340,323,663
2019-12-10T22:15:00+09:00,J1,740,695,1435
2019-12-10T22:15:00+09:00,J2,589,572,1161
2019-12-10T22:15:00+09:00,J3,815,683,1498
2019-12-10T22:15:00+09:00,J4,400,557,957
2019-12-10T22:15:00+09:00,J5,313,350,663
2019-12-10T22:30:00+09:00,J1,711,806,1517
2019-12-10T22:30:00+09:00,J2,588,591,1179
2019-12-10T22:30:00+09:00,J3,747,672,1419
2019-12-10T22:30:00+09:00,J4,436,578,1014
2019-12-10T22:30:00+09:00,J5,306,308,614
2019-12-10T22:45:00+09:00,J1,633,706,1339
2019-12-10T22:45:00+09:00,J2,548,598,1146
2019-12-10T22:45:00+09:00,J3,700,705,1405
2019-12-10T22:45:00+09:00,J4,437,494,931
2019-12-10T22:45:00+09:00,J5,304,293,597
2019-12-10T23:00:00+09:00,J1,664,757,1421
2019-12-10T23:00:00+09:00,J2,479,508,987
2019-12-10T23:00:00+09:00,J3,723,636,1359
2019-12-10T23:00:00+09:00,J4,376,516,892
2019-12-10T23:00:00+09:00,J5,307,269,576
2019-12-10T23:15:00+09:00,J1,687,699,1386
2019-12-10T23:15:00+09:00,J2,475,569,1044
2019-12-10T23:15:00+09:00,J3,660,656,1316
2019-12-10T23:15:00+09:00,J4,410,556,966
2019-12-10T23:15:00+09:00,J5,315,285,600
2019-12-10T23:30:00+09:00,J1,576,604,1180
2019-12-10T23:30:00+09:00,J2,583,588,1171
2019-12-10T23:30:00+09:00,J3,671,676,1347
2019-12-10T23:30:00+09:00,J4,432,529,961
2019-12-10T23:30:00+09:00,J5,318,278,596
2019-12-10T23:45:00+09:00,J1,601,659,1260
2019-12-10T23:45:00+09:00,J2,573,651,1224
2019-12-10T23:45:00+09:00,J3,625,549,1174
2019-12-10T23:45:00+09:00,J4,410,514,924
2019-12-10T23:45:00+09:00,J5,322,286,608
2019-12-11T00:00:00+09:00,J1,606,563,1169
2019-12-11T00:00:00+09:00,J2,649,564,1213
2019-12-11T00:00:00+09:00,J3,605,483,1088
2019-12-11T00:00:00+09:00,J4,366,479,845
2019-12-11T00:00:00+09:00,J5,320,298,618
2019-12-11T00:15:00+09:00,J1,511,535,1046
2019-12-11T00:15:00+09:00,J2,585,448,1033
2019-12-11T00:15:00+09:00,J3,506,497,1003
2019-12-11T00:15:00+09:00,J4,343,426,769
2019-12-11T00:15:00+09:00,J5,382,334,716
2019-12-11T00:30:00+09:00,J1,335,288,623
2019-12-11T00:30:00+09:00,J2,582,449,1031
2019-12-11T00:30:00+09:00,J3,511,470,981
2019-12-11T00:30:00+09:00,J4,325,394,719
2019-12-11T00:30:00+09:00,J5,433,506,939
2019-12-11T00:45:00+09:00,J1,301,278,579
2019-12-11T00:45:00+09:00,J2,532,437,969
2019-12-11T00:45:00+09:00,J3,466,495,961
2019-12-11T00:45:00+09:00,J4,327,412,739
2019-12-11T00:45:00+09:00,J5,454,488,942
2019-12-11T05:45:00+09:00,J1,467,484,951
2019-12-11T05:45:00+09:00,J2,437,414,851
2019-12-11T05:45:00+09:00,J3,798,745,1543
2019-12-11T05:45:00+09:00,J4,338,384,722
2019-12-11T05:45:00+09:00,J5,467,529,996
2019-12-11T06:00:00+09:00,J1,609,523,1132
2019-12-11T06:00:00+09:00,J2,423,432,855
2019-12-11T06:00:00+09:00,J3,828,726,1554
2019-12-11T06:00:00+09:00,J4,337,349,686
2019-12-11T06:00:00+09:00,J5,553,601,1154
2019-12-11T06:15:00+09:00,J1,688,610,1298
2019-12-11T06:15:00+09:00,J2,507,406,913
2019-12-11T06:15:00+09:00,J3,623,648,1271
2019-12-11T06:15:00+09:00,J4,345,357,702
2019-12-11T06:15:00+09:00,J5,416,426,842
2019-12-11T06:30:00+09:00,J1,738,615,1353
2019-12-11T06:30:00+09:00,J2,438,387,825
2019-12-11T06:30:00+09:00,J3,526,566,1092
2019-12-11T06:30:00+09:00,J4,326,327,653
2019-12-11T06:30:00+09:00,J5,437,380,817
2019-12-11T06:45:00+09:00,J1,756,693,1449
2019-12-11T06:45:00+09:00,J2,495,476,971
2019-12-11T06:45:00+09:00,J3,543,552,1095
2019-12-11T06:45:00+09:00,J4,353,375,728
2019-12-11T06:45:00+09:00,J5,436,391,827
2019-12-11T07:00:00+09:00,J1,829,776,1605
2019-12-11T07:00:00+09:00,J2,502,479,981
2019-12-11T07:00:00+09:00,J3,532,547,1079
2019-12-11T07:00:00+09:00,J4,405,431,836
2019-12-11T07:00:00+09:00,J5,422,380,802
2019-12-11T07:15:00+09:00,J1,848,721,1569
2019-12-11T07:15:00+09:00,J2,471,541,1012
2019-12-11T07:15:00+09:00,J3,617,583,1200
2019-12-11T07:15:00+09:00,J4,431,468,899
2019-12-11T07:15:00+09:00,J5,428,365,793
2019-12-11T07:30:00+09:00,J1,778,854,1632
2019-12-11T07:30:00+09:00,J2,554,490,1044
2019-12-11T07:30:00+09:00,J3,920,872,1792
2019-12-11T07:30:00+09:00,J4,440,501,941
2019-12-11T07:30:00+09:00,J5,480,426,906
2019-12-11T07:45:00+09:00,J1,919,965,1884
2019-12-11T07:45:00+09:00,J2,537,421,958
2019-12-11T07:45:00+09:00,J3,945,932,1877
2019-12-11T07:45:00+09:00,J4,452,560,1012
2019-12-11T07:45:00+09:00,J5,517,553,1070
2019-12-11T08:00:00+09:00,J1,1081,986,2067
2019-12-11T08:00:00+09:00,J2,536,408,944
2019-12-11T08:00:00+09:00,J3,1057,1105,2162
2019-12-11T08:00:00+09:00,J4,516,626,1142
2019-12-11T08:00:00+09:00,J5,548,526,1074
2019-12-11T08:15:00+09:00,J1,1172,946,2118
2019-12-11T08:15:00+09:00,J2,641,495,1136
2019-12-11T08:15:00+09:00,J3,1146,1247,2393
2019-12-11T08:15:00+09:00,J4,481,683,1164
2019-12-11T08:15:00+09:00,J5,631,587,1218
2019-12-11T08:30:00+09:00,J1,1082,1066,2148
2019-12-11T08:30:00+09:00,J2,607,397,1004
2019-12-11T08:30:00+09:00,J3,1107,1244,2351
2019-12-11T08:30:00+09:00,J4,499,701,1200
2019-12-11T08:30:00+09:00,J5,572,615,1187
2019-12-11T08:45:00+09:00,J1,1007,939,1946
2019-12-11T08:45:00+09:00,J2,505,343,848
2019-12-11T08:45:00+09:00,J3,928,1041,1969
2019-12-11T08:45:00+09:00,J4,469,626,1095
2019-12-11T08:45:00+09:00,J5,462,398,860
2019-12-11T09:00:00+09:00,J1,875,850,1725
2019-12-11T09:00:00+09:00,J2,540,460,1000
2019-12-11T09:00:00+09:00,J3,852,788,1640
2019-12-11T09:00:00+09:00,J4,449,540,989
2019-12-11T09:00:00+09:00,J5,481,512,993
2019-12-11T09:15:00+09:00,J1,960,823,1783
2019-12-11T09:15:00+09:00,J2,692,505,1197
2019-12-11T09:15:00+09:00,J3,715,703,1418
2019-12-11T09:15:00+09:00,J4,425,538,963
2019-12-11T09:15:00+09:00,J5,473,387,860
2019-12-11T09:30:00+09:00,J1,871,819,1690
2019-12-11T09:30:00+09:00,J2,750,640,1390
2019-12-11T09:30:00+09:00,J3,863,789,1652
2019-12-11T09:30:00+09:00,J4,413,538,951
2019-12-11T09:30:00+09:00,J5,465,376,841
2019-12-11T09:45:00+09:00,J1,812,864,1676
2019-12-11T09:45:00+09:00,J2,662,596,1258
2019-12-11T09:45:00+09:00,J3,773,747,1520
2019-12-11T09:45:00+09:00,J4,389,547,936
2019-12-11T09:45:00+09:00,J5,394,389,783
2019-12-11T10:00:00+09:00,J1,891,882,1773
2019-12-11T10:00:00+09:00,J2,774,671,1445
2019-12-11T10:00:00+09:00,J3,707,699,1406
2019-12-11T10:00:00+09:00,J4,437,468,905
2019-12-11T10:00:00+09:00,J5,390,386,776
2019-12-11T10:15:00+09:00,J1,886,852,1738
2019-12-11T10:15:00+09:00,J2,705,615,1320
2019-12-11T10:15:00+09:00,J3,658,649,1307
2019-12-11T10:15:00+09:00,J4,453,523,976
2019-12-11T10:15:00+09:00,J5,396,379,775
2019-12-11T10:30:00+09:00,J1,927,866,1793
2019-12-11T10:30:00+09:00,J2,685,649,1334
2019-12-11T10:30:00+09:00,J3,797,775,1572
2019-12-11T10:30:00+09:00,J4,489,545,1034
2019-12-11T10:30:00+09:00,J5,419,388,807
2019-12-11T10:45:00+09:00,J1,870,982,1852
2019-12-11T10:45:00+09:00,J2,669,581,1250
2019-12-11T10:45:00+09:00,J3,793,729,1522
2019-12-11T10:45:00+09:00,J4,482,560,1042
2019-12-11T10:45:00+09:00,J5,432,380,812
2019-12-11T11:00:00+09:00,J1,886,898,1784
2019-12-11T11:00:00+09:00,J2,799,582,1381
2019-12-11T11:00:00+09:00,J3,814,784,1598
2019-12-11T11:00:00+09:00,J4,490,563,1053
2019-12-11T11:00:00+09:00,J5,410,397,807
2019-12-11T11:15:00+09:00,J1,849,960,1809
2019-12-11T11:15:00+09:00,J2,731,600,1331
2019-12-11T11:15:00+09:00,J3,906,796,1702
2019-12-11T11:15:00+09:00,J4,459,549,1008
2019-12-11T11:15:00+09:00,J5,407,343,750
2019-12-11T11:30:00+09:00,J1,844,1021,1865
2019-12-11T11:30:00+09:00,J2,752,596,1348
2019-12-11T11:30:00+09:00,J3,875,923,1798
2019-12-11T11:30:00+09:00,J4,470,525,995
2019-12-11T11:30:00+09:00,J5,426,450,876
2019-12-11T11:45:00+09:00,J1,923,989,1912
2019-12-11T11:45:00+09:00,J2,711,538,1249
2019-12-11T11:45:00+09:00,J3,969,911,1880
2019-12-11T11:45:00+09:00,J4,399,520,919
2019-12-11T11:45:00+09:00,J5,494,513,1007
2019-12-11T12:00:00+09:00,J1,892,1051,1943
2019-12-11T12:00:00+09:00,J2,710,607,1317
2019-12-11T12:00:00+09:00,J3,962,974,1936
2019-12-11T12:00:00+09:00,J4,459,599,1058
2019-12-11T12:00:00+09:00,J5,563,573,1136
2019-12-11T12:15:00+09:00,J1,826,993,1819
2019-12-11T12:15:00+09:00,J2,649,600,1249
2019-12-11T12:15:00+09:00,J3,1023,1004,2027
2019-12-11T12:15:00+09:00,J4,434,586,1020
2019-12-11T12:15:00+09:00,J5,473,574,1047
2019-12-11T12:30:00+09:00,J1,816,1007,1823
2019-12-11T12:30:00+09:00,J2,705,579,1284
2019-12-11T12:30:00+09:00,J3,972,995,1967
2019-12-11T12:30:00+09:00,J4,388,611,999
2019-12-11T12:30:00+09:00,J5,470,486,956
2019-12-11T12:45:00+09:00,J1,824,1000,1824
2019-12-11T12:45:00+09:00,J2,577,555,1132
2019-12-11T12:45:00+09:00,J3,1050,918,1968
2019-12-11T12:45:00+09:00,J4,432,512,944
2019-12-11T12:45:00+09:00,J5,434,428,862
2019-12-11T13:00:00+09:00,J1,782,954,1736
2019-12-11T13:00:00+09:00,J2,613,565,1178
2019-12-11T13:00:00+09:00,J3,999,834,1833
2019-12-11T13:00:00+09:00,J4,414,566,980
2019-12-11T13:00:00+09:00,J5,431,417,848
2019-12-11T13:15:00+09:00,J1,763,981,1744
2019-12-11T13:15:00+09:00,J2,650,525,1175
2019-12-11T13:15:00+09:00,J3,942,969,1911
2019-12-11T13:15:00+09:00,J4,459,564,1023
2019-12-11T13:15:00+09:00,J5,434,449,883
2019-12-11T13:30:00+09:00,J1,789,957,1746
2019-12-11T13:30:00+09:00,J2,730,541,1271
2019-12-11T13:30:00+09:00,J3,957,932,1889
2019-12-11T13:30:00+09:00,J4,449,486,935
2019-12-11T13:30:00+09:00,J5,464,423,887
2019-12-11T13:45:00+09:00,J1,622,777,1399
2019-12-11T13:45:00+09:00,J2,475,454,929
2019-12-11T13:45:00+09:00,J3,705,670,1375
2019-12-11T13:45:00+09:00,J4,342,348,690
2019-12-11T13:45:00+09:00,J5,348,295,643
2019-12-11T14:00:00+09:00,J1,1100,1215,2315
2019-12-11T14:00:00+09:00,J2,904,795,1699
2019-12-11T14:00:00+09:00,J3,1256,1039,2295
2019-12-11T14:00:00+09:00,J4,617,602,1219
2019-12-11T14:00:00+09:00,J5,553,522,1075
2019-12-11T14:15:00+09:00,J1,754,1004,1758
2019-12-11T14:15:00+09:00,J2,729,633,1362
2019-12-11T14:15:00+09:00,J3,1015,870,1885
2019-12-11T14:15:00+09:00,J4,553,517,1070
2019-12-11T14:15:00+09:00,J5,430,382,812
2019-12-11T14:30:00+09:00,J1,768,973,1741
2019-12-11T14:30:00+09:00,J2,733,611,1344
2019-12-11T14:30:00+09:00,J3,947,911,1858
2019-12-11T14:30:00+09:00,J4,594,557,1151
2019-12-11T14:30:00+09:00,J5,466,398,864
2019-12-11T14:45:00+09:00,J1,856,1007,1863
2019-12-11T14:45:00+09:00,J2,711,579,1290
2019-12-11T14:45:00+09:00,J3,1034,829,1863
2019-12-11T14:45:00+09:00,J4,522,543,1065
2019-12-11T14:45:00+09:00,J5,414,348,762
2019-12-11T15:00:00+09:00,J1,800,1050,1850
2019-12-11T15:00:00+09:00,J2,689,631,1320
2019-12-11T15:00:00+09:00,J3,1039,832,1871
2019-12-11T15:00:00+09:00,J4,582,520,1102
2019-12-11T15:00:00+09:00,J5,416,402,818
2019-12-11T15:15:00+09:00,J1,794,1005,1799
2019-12-11T15:15:00+09:00,J2,732,590,1322
2019-12-11T15:15:00+09:00,J3,1005,925,1930
2019-12-11T15:15:00+09:00,J4,572,493,1065
2019-12-11T15:15:00+09:00,J5,503,495,998
2019-12-11T15:30:00+09:00,J1,854,1029,1883
2019-12-11T15:30:00+09:00,J2,680,546,1226
2019-12-11T15:30:00+09:00,J3,1038,943,1981
2019-12-11T15:30:00+09:00,J4,536,588,1124
2019-12-11T15:30:00+09:00,J5,475,450,925
2019-12-11T15:45:00+09:00,J1,796,950,1746
2019-12-11T15:45:00+09:00,J2,665,564,1229
2019-12-11T15:45:00+09:00,J3,1059,914,1973
2019-12-11T15:45:00+09:00,J4,562,545,1107
2019-12-11T15:45:00+09:00,J5,432,420,852
2019-12-11T16:00:00+09:00,J1,854,1022,1876
2019-12-11T16:00:00+09:00,J2,709,540,1249
2019-12-11T16:00:00+09:00,J3,1006,890,1896
2019-12-11T16:00:00+09:00,J4,567,500,1067
2019-12-11T16:00:00+09:00,J5,473,378,851
2019-12-11T16:15:00+09:00,J1,828,1049,1877
2019-12-11T16:15:00+09:00,J2,746,622,1368
2019-12-11T16:15:00+09:00,J3,1006,915,1921
2019-12-11T16:15:00+09:00,J4,589,553,1142
2019-12-11T16:15:00+09:00,J5,464,425,889
2019-12-11T16:30:00+09:00,J1,781,910,1691
2019-12-11T16:30:00+09:00,J2,717,633,1350
2019-12-11T16:30:00+09:00,J3,999,928,1927
2019-12-11T16:30:00+09:00,J4,578,491,1069
2019-12-11T16:30:00+09:00,J5,398,402,800
2019-12-11T16:45:00+09:00,J1,797,891,1688
2019-12-11T16:45:00+09:00,J2,680,528,1208
2019-12-11T16:45:00+09:00,J3,1018,918,1936
2019-12-11T16:45:00+09:00,J4,528,497,1025
2019-12-11T16:45:00+09:00,J5,400,345,745
2019-12-11T17:00:00+09:00,J1,831,1018,1849
2019-12-11T17:00:00+09:00,J2,743,648,1391
2019-12-11T17:00:00+09:00,J3,1105,1067,2172
2019-12-11T17:00:00+09:00,J4,669,655,1324
2019-12-11T17:00:00+09:00,J5,420,439,859
2019-12-11T17:15:00+09:00,J1,906,1043,1949
2019-12-11T17:15:00+09:00,J2,785,687,1472
2019-12-11T17:15:00+09:00,J3,1062,1186,2248
2019-12-11T17:15:00+09:00,J4,711,626,1337
2019-12-11T17:15:00+09:00,J5,522,597,1119
2019-12-11T17:30:00+09:00,J1,961,1025,1986
2019-12-11T17:30:00+09:00,J2,837,779,1616
2019-12-11T17:30:00+09:00,J3,1193,1147,2340
2019-12-11T17:30:00+09:00,J4,801,565,1366
2019-12-11T17:30:00+09:00,J5,538,593,1131
2019-12-11T17:45:00+09:00,J1,947,1103,2050
2019-12-11T17:45:00+09:00,J2,795,718,1513
2019-12-11T17:45:00+09:00,J3,1174,1096,2270
2019-12-11T17:45:00+09:00,J4,851,644,1495
2019-12-11T17:45:00+09:00,J5,571,683,1254
2019-12-11T18:00:00+09:00,J1,912,1061,1973
2019-12-11T18:00:00+09:00,J2,802,879,1681
2019-12-11T18:00:00+09:00,J3,1292,1147,2439
2019-12-11T18:00:00+09:00,J4,826,611,1437
2019-12-11T18:00:00+09:00,J5,599,674,1273
2019-12-11T18:15:00+09:00,J1,889,1072,1961
2019-12-11T18:15:00+09:00,J2,846,842,1688
2019-12-11T18:15:00+09:00,J3,1343,1028,2371
2019-12-11T18:15:00+09:00,J4,722,622,1344
2019-12-11T18:15:00+09:00,J5,587,795,1382
2019-12-11T18:30:00+09:00,J1,856,1040,1896
2019-12-11T18:30:00+09:00,J2,725,725,1450
2019-12-11T18:30:00+09:00,J3,1169,1009,2178
2019-12-11T18:30:00+09:00,J4,609,577,1186
2019-12-11T18:30:00+09:00,J5,566,668,1234
2019-12-11T18:45:00+09:00,J1,854,1041,1895
2019-12-11T18:45:00+09:00,J2,728,690,1418
2019-12-11T18:45:00+09:00,J3,1024,972,1996
2019-12-11T18:45:00+09:00,J4,591,550,1141
2019-12-11T18:45:00+09:00,J5,564,643,1207
2019-12-11T19:00:00+09:00,J1,859,945,1804
2019-12-11T19:00:00+09:00,J2,549,606,1155
2019-12-11T19:00:00+09:00,J3,1047,959,2006
2019-12-11T19:00:00+09:00,J4,553,588,1141
2019-12-11T19:00:00+09:00,J5,569,621,1190
2019-12-11T19:15:00+09:00,J1,761,952,1713
2019-12-11T19:15:00+09:00,J2,583,686,1269
2019-12-11T19:15:00+09:00,J3,1010,927,1937
2019-12-11T19:15:00+09:00,J4,585,535,1120
2019-12-11T19:15:00+09:00,J5,609,573,1182
2019-12-11T19:30:00+09:00,J1,800,994,1794
2019-12-11T19:30:00+09:00,J2,540,621,1161
2019-12-11T19:30:00+09:00,J3,943,1023,1966
2019-12-11T19:30:00+09:00,J4,579,478,1057
2019-12-11T19:30:00+09:00,J5,528,535,1063
2019-12-11T19:45:00+09:00,J1,792,860,1652
2019-12-11T19:45:00+09:00,J2,478,546,1024
2019-12-11T19:45:00+09:00,J3,945,921,1866
2019-12-11T19:45:00+09:00,J4,512,510,1022
2019-12-11T19:45:00+09:00,J5,474,525,999
2019-12-11T20:00:00+09:00,J1,715,896,1611
2019-12-11T20:00:00+09:00,J2,456,570,1026
2019-12-11T20:00:00+09:00,J3,897,892,1789
2019-12-11T20:00:00+09:00,J4,524,487,1011
2019-12-11T20:00:00+09:00,J5,429,472,901
2019-12-11T20:15:00+09:00,J1,738,876,1614
2019-12-11T20:15:00+09:00,J2,524,612,1136
2019-12-11T20:15:00+09:00,J3,897,914,1811
2019-12-11T20:15:00+09:00,J4,558,532,1090
2019-12-11T20:15:00+09:00,J5,431,429,860
2019-12-11T20:30:00+09:00,J1,802,921,1723
2019-12-11T20:30:00+09:00,J2,572,572,1144
2019-12-11T20:30:00+09:00,J3,989,913,1902
2019-12-11T20:30:00+09:00,J4,539,508,1047
2019-12-11T20:30:00+09:00,J5,444,532,976
2019-12-11T20:45:00+09:00,J1,743,887,1630
2019-12-11T20:45:00+09:00,J2,496,586,1082
2019-12-11T20:45:00+09:00,J3,876,875,1751
2019-12-11T20:45:00+09:00,J4,438,416,854
2019-12-11T20:45:00+09:00,J5,468,481,949
2019-12-11T21:00:00+09:00,J1,741,844,1585
2019-12-11T21:00:00+09:00,J2,467,527,994
2019-12-11T21:00:00+09:00,J3,930,777,1707
2019-12-11T21:00:00+09:00,J4,490,473,963
2019-12-11T21:00:00+09:00,J5,380,393,773
2019-12-11T21:15:00+09:00,J1,720,844,1564
2019-12-11T21:15:00+09:00,J2,512,549,1061
2019-12-11T21:15:00+09:00,J3,854,838,1692
2019-12-11T21:15:00+09:00,J4,423,419,842
2019-12-11T21:15:00+09:00,J5,386,345,731
2019-12-11T21:30:00+09:00,J1,690,828,1518
2019-12-11T21:30:00+09:00,J2,530,518,1048
2019-12-11T21:30:00+09:00,J3,858,770,1628
2019-12-11T21:30:00+09:00,J4,360,397,757
2019-12-11T21:30:00+09:00,J5,354,263,617
2019-12-11T21:45:00+09:00,J1,679,805,1484
2019-12-11T21:45:00+09:00,J2,472,540,1012
2019-12-11T21:45:00+09:00,J3,865,795,1660
2019-12-11T21:45:00+09:00,J4,424,422,846
2019-12-11T21:45:00+09:00,J5,302,283,585
2019-12-11T22:00:00+09:00,J1,619,660,1279
2019-12-11T22:00:00+09:00,J2,404,498,902
2019-12-11T22:00:00+09:00,J3,808,747,1555
2019-12-11T22:00:00+09:00,J4,411,459,870
2019-12-11T22:00:00+09:00,J5,300,279,579
2019-12-11T22:15:00+09:00,J1,580,690,1270
2019-12-11T22:15:00+09:00,J2,453,531,984
2019-12-11T22:15:00+09:00,J3,765,766,1531
2019-12-11T22:15:00+09:00,J4,362,479,841
2019-12-11T22:15:00+09:00,J5,278,225,503
2019-12-11T22:30:00+09:00,J1,605,709,1314
2019-12-11T22:30:00+09:00,J2,493,576,1069
2019-12-11T22:30:00+09:00,J3,739,698,1437
2019-12-11T22:30:00+09:00,J4,342,404,746
2019-12-11T22:30:00+09:00,J5,245,171,416
2019-12-11T22:45:00+09:00,J1,612,689,1301
2019-12-11T22:45:00+09:00,J2,558,496,1054
2019-12-11T22:45:00+09:00,J3,723,697,1420
2019-12-11T22:45:00+09:00,J4,311,403,714
2019-12-11T22:45:00+09:00,J5,245,192,437
2019-12-11T23:00:00+09:00,J1,657,713,1370
2019-12-11T23:00:00+09:00,J2,545,555,1100
2019-12-11T23:00:00+09:00,J3,664,630,1294
2019-12-11T23:00:00+09:00,J4,346,436,782
2019-12-11T23:00:00+09:00,J5,289,268,557
2019-12-11T23:15:00+09:00,J1,661,741,1402
2019-12-11T23:15:00+09:00,J2,544,596,1140
2019-12-11T23:15:00+09:00,J3,657,603,1260
2019-12-11T23:15:00+09:00,J4,366,454,820
2019-12-11T23:15:00+09:00,J5,304,239,543
2019-12-11T23:30:00+09:00,J1,620,722,1342
2019-12-11T23:30:00+09:00,J2,575,583,1158
2019-12-11T23:30:00+09:00,J3,604,564,1168
2019-12-11T23:30:00+09:00,J4,301,413,714
2019-12-11T23:30:00+09:00,J5,273,294,567
2019-12-11T23:45:00+09:00,J1,610,662,1272
2019-12-11T23:45:00+09:00,J2,568,527,1095
2019-12-11T23:45:00+09:00,J3,632,575,1207
2019-12-11T23:45:00+09:00,J4,294,400,694
2019-12-11T23:45:00+09:00,J5,310,286,596
2019-12-12T00:00:00+09:00,J1,441,486,927
2019-12-12T00:00:00+09:00,J2,603,588,1191
2019-12-12T00:00:00+09:00,J3,580,542,1122
2019-12-12T00:00:00+09:00,J4,311,422,733
2019-12-12T00:00:00+09:00,J5,291,314,605
2019-12-12T00:15:00+09:00,J1,333,386,719
2019-12-12T00:15:00+09:00,J2,588,471,1059
2019-12-12T00:15:00+09:00,J3,573,444,1017
2019-12-12T00:15:00+09:00,J4,335,380,715
2019-12-12T00:15:00+09:00,J5,281,256,537
2019-12-12T00:30:00+09:00,J1,386,364,750
2019-12-12T00:30:00+09:00,J2,513,464,977
2019-12-12T00:30:00+09:00,J3,513,435,948
2019-12-12T00:30:00+09:00,J4,271,324,595
2019-12-12T00:30:00+09:00,J5,262,234,496
2019-12-12T00:45:00+09:00,J1,346,320,666
2019-12-12T00:45:00+09:00,J2,589,526,1115
2019-12-12T00:45:00+09:00,J3,528,424,952
2019-12-12T00:45:00+09:00,J4,225,315,540
2019-12-12T00:45:00+09:00,J5,209,222,431
2019-12-12T05:45:00+09:00,J1,362,445,807
2019-12-12T05:45:00+09:00,J2,537,425,962
2019-12-12T05:45:00+09:00,J3,490,419,909
2019-12-12T05:45:00+09:00,J4,538,601,1139
2019-12-12T05:45:00+09:00,J5,337,345,682
2019-12-12T06:00:00+09:00,J1,460,541,1001
2019-12-12T06:00:00+09:00,J2,532,448,980
2019-12-12T06:00:00+09:00,J3,481,472,953
2019-12-12T06:00:00+09:00,J4,592,691,1283
2019-12-12T06:00:00+09:00,J5,276,306,582
2019-12-12T06:15:00+09:00,J1,464,504,968
2019-12-12T06:15:00+09:00,J2,604,487,1091
2019-12-12T06:15:00+09:00,J3,504,530,1034
2019-12-12T06:15:00+09:00,J4,597,652,1249
2019-12-12T06:15:00+09:00,J5,306,311,617
2019-12-12T06:30:00+09:00,J1,494,447,941
2019-12-12T06:30:00+09:00,J2,640,557,1197
2019-12-12T06:30:00+09:00,J3,656,629,1285
2019-12-12T06:30:00+09:00,J4,570,599,1169
2019-12-12T06:30:00+09:00,J5,320,329,649
2019-12-12T06:45:00+09:00,J1,406,431,837
2019-12-12T06:45:00+09:00,J2,509,411,920
2019-12-12T06:45:00+09:00,J3,504,526,1030
2019-12-12T06:45:00+09:00,J4,516,548,1064
2019-12-12T06:45:00+09:00,J5,306,269,575
2019-12-12T07:00:00+09:00,J1,604,570,1174
2019-12-12T07:00:00+09:00,J2,728,684,1412
2019-12-12T07:00:00+09:00,J3,634,570,1204
2019-12-12T07:00:00+09:00,J4,745,758,1503
2019-12-12T07:00:00+09:00,J5,412,327,739
2019-12-12T07:15:00+09:00,J1,530,562,1092
2019-12-12T07:15:00+09:00,J2,721,632,1353
2019-12-12T07:15:00+09:00,J3,763,596,1359
2019-12-12T07:15:00+09:00,J4,693,745,1438
2019-12-12T07:15:00+09:00,J5,330,323,653
2019-12-12T07:30:00+09:00,J1,717,651,1368
2019-12-12T07:30:00+09:00,J2,664,537,1201
2019-12-12T07:30:00+09:00,J3,923,933,1856
2019-12-12T07:30:00+09:00,J4,841,946,1787
2019-12-12T07:30:00+09:00,J5,488,444,932
2019-12-12T07:45:00+09:00,J1,827,714,1541
2019-12-12T07:45:00+09:00,J2,766,496,1262
2019-12-12T07:45:00+09:00,J3,947,1057,2004
2019-12-12T07:45:00+09:00,J4,919,1011,1930
2019-12-12T07:45:00+09:00,J5,541,648,1189
2019-12-12T08:00:00+09:00,J1,1011,837,1848
2019-12-12T08:00:00+09:00,J2,738,505,1243
2019-12-12T08:00:00+09:00,J3,985,1197,2182
2019-12-12T08:00:00+09:00,J4,897,1009,1906
2019-12-12T08:00:00+09:00,J5,630,764,1394
2019-12-12T08:15:00+09:00,J1,1131,917,2048
2019-12-12T08:15:00+09:00,J2,1013,558,1571
2019-12-12T08:15:00+09:00,J3,1049,1357,2406
2019-12-12T08:15:00+09:00,J4,832,1103,1935
2019-12-12T08:15:00+09:00,J5,637,691,1328
2019-12-12T08:30:00+09:00,J1,1209,875,2084
2019-12-12T08:30:00+09:00,J2,965,573,1538
2019-12-12T08:30:00+09:00,J3,1028,1359,2387
2019-12-12T08:30:00+09:00,J4,759,1119,1878
2019-12-12T08:30:00+09:00,J5,690,800,1490
2019-12-12T08:45:00+09:00,J1,1053,775,1828
2019-12-12T08:45:00+09:00,J2,721,546,1267
2019-12-12T08:45:00+09:00,J3,1018,1112,2130
2019-12-12T08:45:00+09:00,J4,616,959,1575
2019-12-12T08:45:00+09:00,J5,569,642,1211
2019-12-12T09:00:00+09:00,J1,950,960,1910
2019-12-12T09:00:00+09:00,J2,702,587,1289
2019-12-12T09:00:00+09:00,J3,892,972,1864
2019-12-12T09:00:00+09:00,J4,687,823,1510
2019-12-12T09:00:00+09:00,J5,526,507,1033
2019-12-12T09:15:00+09:00,J1,941,835,1776
2019-12-12T09:15:00+09:00,J2,871,726,1597
2019-12-12T09:15:00+09:00,J3,871,904,1775
2019-12-12T09:15:00+09:00,J4,788,811,1599
2019-12-12T09:15:00+09:00,J5,475,451,926
2019-12-12T09:30:00+09:00,J1,884,910,1794
2019-12-12T09:30:00+09:00,J2,880,723,1603
2019-12-12T09:30:00+09:00,J3,934,810,1744
2019-12-12T09:30:00+09:00,J4,828,795,1623
2019-12-12T09:30:00+09:00,J5,423,416,839
2019-12-12T09:45:00+09:00,J1,763,721,1484
2019-12-12T09:45:00+09:00,J2,878,768,1646
2019-12-12T09:45:00+09:00,J3,806,824,1630
2019-12-12T09:45:00+09:00,J4,839,796,1635
2019-12-12T09:45:00+09:00,J5,456,426,882
2019-12-12T10:00:00+09:00,J1,940,967,1907
2019-12-12T10:00:00+09:00,J2,820,900,1720
2019-12-12T10:00:00+09:00,J3,865,906,1771
2019-12-12T10:00:00+09:00,J4,865,814,1679
2019-12-12T10:00:00+09:00,J5,426,397,823
2019-12-12T10:15:00+09:00,J1,1051,1098,2149
2019-12-12T10:15:00+09:00,J2,718,826,1544
2019-12-12T10:15:00+09:00,J3,884,965,1849
2019-12-12T10:15:00+09:00,J4,832,881,1713
2019-12-12T10:15:00+09:00,J5,455,422,877
2019-12-12T10:30:00+09:00,J1,970,1059,2029
2019-12-12T10:30:00+09:00,J2,716,787,1503
2019-12-12T10:30:00+09:00,J3,839,786,1625
2019-12-12T10:30:00+09:00,J4,896,1010,1906
2019-12-12T10:30:00+09:00,J5,522,522,1044
2019-12-12T10:45:00+09:00,J1,894,934,1828
2019-12-12T10:45:00+09:00,J2,700,770,1470
2019-12-12T10:45:00+09:00,J3,885,828,1713
2019-12-12T10:45:00+09:00,J4,921,882,1803
2019-12-12T10:45:00+09:00,J5,459,482,941
2019-12-12T11:00:00+09:00,J1,938,999,1937
2019-12-12T11:00:00+09:00,J2,780,781,1561
2019-12-12T11:00:00+09:00,J3,788,815,1603
2019-12-12T11:00:00+09:00,J4,959,946,1905
2019-12-12T11:00:00+09:00,J5,483,431,914
2019-12-12T11:15:00+09:00,J1,948,989,1937
2019-12-12T11:15:00+09:00,J2,778,844,1622
2019-12-12T11:15:00+09:00,J3,862,766,1628
2019-12-12T11:15:00+09:00,J4,865,925,1790
2019-12-12T11:15:00+09:00,J5,469,430,899
2019-12-12T11:30:00+09:00,J1,1034,1135,2169
2019-12-12T11:30:00+09:00,J2,799,832,1631
2019-12-12T11:30:00+09:00,J3,902,886,1788
2019-12-12T11:30:00+09:00,J4,890,891,1781
2019-12-12T11:30:00+09:00,J5,442,520,962
2019-12-12T11:45:00+09:00,J1,1043,1172,2215
2019-12-12T11:45:00+09:00,J2,746,782,1528
2019-12-12T11:45:00+09:00,J3,995,949,1944
2019-12-12T11:45:00+09:00,J4,880,878,1758
2019-12-12T11:45:00+09:00,J5,451,444,895
2019-12-12T12:00:00+09:00,J1,1067,1183,2250
2019-12-12T12:00:00+09:00,J2,798,833,1631
2019-12-12T12:00:00+09:00,J3,976,1113,2089
2019-12-12T12:00:00+09:00,J4,890,925,1815
2019-12-12T12:00:00+09:00,J5,502,564,1066
2019-12-12T12:15:00+09:00,J1,935,1240,2175
2019-12-12T12:15:00+09:00,J2,810,799,1609
2019-12-12T12:15:00+09:00,J3,1067,1055,2122
2019-12-12T12:15:00+09:00,J4,808,838,1646
2019-12-12T12:15:00+09:00,J5,485,537,1022
2019-12-12T12:30:00+09:00,J1,971,1198,2169
2019-12-12T12:30:00+09:00,J2,897,760,1657
2019-12-12T12:30:00+09:00,J3,1071,1109,2180
2019-12-12T12:30:00+09:00,J4,726,912,1638
2019-12-12T12:30:00+09:00,J5,539,483,1022
2019-12-12T12:45:00+09:00,J1,1017,1162,2179
2019-12-12T12:45:00+09:00,J2,1011,823,1834
2019-12-12T12:45:00+09:00,J3,1092,1180,2272
2019-12-12T12:45:00+09:00,J4,796,874,1670
2019-12-12T12:45:00+09:00,J5,579,550,1129
2019-12-12T13:00:00+09:00,J1,998,1195,2193
2019-12-12T13:00:00+09:00,J2,961,817,1778
2019-12-12T13:00:00+09:00,J3,1113,1141,2254
2019-12-12T13:00:00+09:00,J4,762,858,1620
2019-12-12T13:00:00+09:00,J5,573,577,1150
2019-12-12T13:15:00+09:00,J1,949,1172,2121
2019-12-12T13:15:00+09:00,J2,940,778,1718
2019-12-12T13:15:00+09:00,J3,1019,1133,2152
2019-12-12T13:15:00+09:00,J4,798,821,1619
2019-12-12T13:15:00+09:00,J5,516,508,1024
2019-12-12T13:30:00+09:00,J1,1001,1246,2247
2019-12-12T13:30:00+09:00,J2,899,771,1670
2019-12-12T13:30:00+09:00,J3,1111,1067,2178
2019-12-12T13:30:00+09:00,J4,702,840,1542
2019-12-12T13:30:00+09:00,J5,486,499,985
2019-12-12T13:45:00+09:00,J1,918,1114,2032
2019-12-12T13:45:00+09:00,J2,735,714,1449
2019-12-12T13:45:00+09:00,J3,1003,1085,2088
2019-12-12T13:45:00+09:00,J4,705,806,1511
2019-12-12T13:45:00+09:00,J5,494,536,1030
2019-12-12T14:00:00+09:00,J1,952,1142,2094
2019-12-12T14:00:00+09:00,J2,829,739,1568
2019-12-12T14:00:00+09:00,J3,1055,917,1972
2019-12-12T14:00:00+09:00,J4,731,818,1549
2019-12-12T14:00:00+09:00,J5,503,511,1014
2019-12-12T14:15:00+09:00,J1,972,1137,2109
2019-12-12T14:15:00+09:00,J2,768,652,1420
2019-12-12T14:15:00+09:00,J3,1207,1134,2341
2019-12-12T14:15:00+09:00,J4,665,802,1467
2019-12-12T14:15:00+09:00,J5,460,494,954
2019-12-12T14:30:00+09:00,J1,955,1126,2081
2019-12-12T14:30:00+09:00,J2,676,704,1380
2019-12-12T14:30:00+09:00,J3,1205,1077,2282
2019-12-12T14:30:00+09:00,J4,730,796,1526
2019-12-12T14:30:00+09:00,J5,475,534,1009
2019-12-12T14:45:00+09:00,J1,1005,1154,2159
2019-12-12T14:45:00+09:00,J2,689,694,1383
2019-12-12T14:45:00+09:00,J3,1098,1023,2121
2019-12-12T14:45:00+09:00,J4,695,792,1487
2019-12-12T14:45:00+09:00,J5,524,496,1020
2019-12-12T15:00:00+09:00,J1,1008,1119,2127
2019-12-12T15:00:00+09:00,J2,688,746,1434
2019-12-12T15:00:00+09:00,J3,1010,1031,2041
2019-12-12T15:00:00+09:00,J4,786,841,1627
2019-12-12T15:00:00+09:00,J5,556,549,1105
2019-12-12T15:15:00+09:00,J1,1002,1183,2185
2019-12-12T15:15:00+09:00,J2,726,709,1435
2019-12-12T15:15:00+09:00,J3,1100,1017,2117
2019-12-12T15:15:00+09:00,J4,737,809,1546
2019-12-12T15:15:00+09:00,J5,529,543,1072
2019-12-12T15:30:00+09:00,J1,998,1100,2098
2019-12-12T15:30:00+09:00,J2,697,697,1394
2019-12-12T15:30:00+09:00,J3,1106,937,2043
2019-12-12T15:30:00+09:00,J4,678,791,1469
2019-12-12T15:30:00+09:00,J5,505,490,995
2019-12-12T15:45:00+09:00,J1,963,1172,2135
2019-12-12T15:45:00+09:00,J2,679,703,1382
2019-12-12T15:45:00+09:00,J3,1158,987,2145
2019-12-12T15:45:00+09:00,J4,718,820,1538
2019-12-12T15:45:00+09:00,J5,477,510,987
2019-12-12T16:00:00+09:00,J1,1038,1163,2201
2019-12-12T16:00:00+09:00,J2,704,663,1367
2019-12-12T16:00:00+09:00,J3,1175,1020,2195
2019-12-12T16:00:00+09:00,J4,697,829,1526
2019-12-12T16:00:00+09:00,J5,507,546,1053
2019-12-12T16:15:00+09:00,J1,992,1098,2090
2019-12-12T16:15:00+09:00,J2,711,746,1457
2019-12-12T16:15:00+09:00,J3,1144,994,2138
2019-12-12T16:15:00+09:00,J4,754,773,1527
2019-12-12T16:15:00+09:00,J5,451,495,946
2019-12-12T16:30:00+09:00,J1,1020,1180,2200
2019-12-12T16:30:00+09:00,J2,714,720,1434
2019-12-12T16:30:00+09:00,J3,1327,1246,2573
2019-12-12T16:30:00+09:00,J4,777,926,1703
2019-12-12T16:30:00+09:00,J5,447,469,916
2019-12-12T16:45:00+09:00,J1,1051,1131,2182
2019-12-12T16:45:00+09:00,J2,733,708,1441
2019-12-12T16:45:00+09:00,J3,1349,1254,2603
2019-12-12T16:45:00+09:00,J4,780,799,1579
2019-12-12T16:45:00+09:00,J5,467,557,1024
2019-12-12T17:00:00+09:00,J1,1031,1226,2257
2019-12-12T17:00:00+09:00,J2,774,814,1588
2019-12-12T17:00:00+09:00,J3,1457,1366,2823
2019-12-12T17:00:00+09:00,J4,864,911,1775
2019-12-12T17:00:00+09:00,J5,517,583,1100
2019-12-12T17:15:00+09:00,J1,1045,1209,2254
2019-12-12T17:15:00+09:00,J2,878,938,1816
2019-12-12T17:15:00+09:00,J3,1374,1267,2641
2019-12-12T17:15:00+09:00,J4,860,759,1619
2019-12-12T17:15:00+09:00,J5,574,736,1310
2019-12-12T17:30:00+09:00,J1,1037,1204,2241
2019-12-12T17:30:00+09:00,J2,901,1006,1907
2019-12-12T17:30:00+09:00,J3,1485,1257,2742
2019-12-12T17:30:00+09:00,J4,949,810,1759
2019-12-12T17:30:00+09:00,J5,580,715,1295
2019-12-12T17:45:00+09:00,J1,1034,1202,2236
2019-12-12T17:45:00+09:00,J2,881,955,1836
2019-12-12T17:45:00+09:00,J3,1493,1326,2819
2019-12-12T17:45:00+09:00,J4,999,759,1758
2019-12-12T17:45:00+09:00,J5,559,724,1283
2019-12-12T18:00:00+09:00,J1,1086,1244,2330
2019-12-12T18:00:00+09:00,J2,848,959,1807
2019-12-12T18:00:00+09:00,J3,1555,1358,2913
2019-12-12T18:00:00+09:00,J4,987,887,1874
2019-12-12T18:00:00+09:00,J5,593,620,1213
2019-12-12T18:15:00+09:00,J1,1093,1226,2319
2019-12-12T18:15:00+09:00,J2,875,889,1764
2019-12-12T18:15:00+09:00,J3,1540,1346,2886
2019-12-12T18:15:00+09:00,J4,1181,1011,2192
2019-12-12T18:15:00+09:00,J5,550,675,1225
2019-12-12T18:30:00+09:00,J1,1124,1219,2343
2019-12-12T18:30:00+09:00,J2,917,866,1783
2019-12-12T18:30:00+09:00,J3,1410,1323,2733
2019-12-12T18:30:00+09:00,J4,1134,1017,2151
2019-12-12T18:30:00+09:00,J5,513,547,1060
2019-12-12T18:45:00+09:00,J1,1081,1254,2335
2019-12-12T18:45:00+09:00,J2,855,826,1681
2019-12-12T18:45:00+09:00,J3,1367,1258,2625
2019-12-12T18:45:00+09:00,J4,1131,966,2097
2019-12-12T18:45:00+09:00,J5,433,510,943
2019-12-12T19:00:00+09:00,J1,1034,1094,2128
2019-12-12T19:00:00+09:00,J2,700,690,1390
2019-12-12T19:00:00+09:00,J3,1348,1159,2507
2019-12-12T19:00:00+09:00,J4,1172,980,2152
2019-12-12T19:00:00+09:00,J5,474,509,983
2019-12-12T19:15:00+09:00,J1,1023,1231,2254
2019-12-12T19:15:00+09:00,J2,717,690,1407
2019-12-12T19:15:00+09:00,J3,1273,1250,2523
2019-12-12T19:15:00+09:00,J4,1089,989,2078
2019-12-12T19:15:00+09:00,J5,483,490,973
2019-12-12T19:30:00+09:00,J1,1002,1149,2151
2019-12-12T19:30:00+09:00,J2,747,750,1497
2019-12-12T19:30:00+09:00,J3,1284,1156,2440
2019-12-12T19:30:00+09:00,J4,1110,878,1988
2019-12-12T19:30:00+09:00,J5,457,473,930
2019-12-12T19:45:00+09:00,J1,993,1126,2119
2019-12-12T19:45:00+09:00,J2,702,672,1374
2019-12-12T19:45:00+09:00,J3,1150,1116,2266
2019-12-12T19:45:00+09:00,J4,1013,920,1933
2019-12-12T19:45:00+09:00,J5,431,477,908
2019-12-12T20:00:00+09:00,J1,989,1158,2147
2019-12-12T20:00:00+09:00,J2,725,775,1500
2019-12-12T20:00:00+09:00,J3,1199,1192,2391
2019-12-12T20:00:00+09:00,J4,1004,827,1831
2019-12-12T20:00:00+09:00,J5,415,497,912
2019-12-12T20:15:00+09:00,J1,991,1150,2141
2019-12-12T20:15:00+09:00,J2,649,733,1382
2019-12-12T20:15:00+09:00,J3,1148,1151,2299
2019-12-12T20:15:00+09:00,J4,990,894,1884
2019-12-12T20:15:00+09:00,J5,451,471,922
2019-12-12T20:30:00+09:00,J1,974,1235,2209
2019-12-12T20:30:00+09:00,J2,699,703,1402
2019-12-12T20:30:00+09:00,J3,1149,1051,2200
2019-12-12T20:30:00+09:00,J4,989,862,1851
2019-12-12T20:30:00+09:00,J5,442,535,977
2019-12-12T20:45:00+09:00,J1,1064,1067,2131
2019-12-12T20:45:00+09:00,J2,646,624,1270
2019-12-12T20:45:00+09:00,J3,1006,1153,2159
2019-12-12T20:45:00+09:00,J4,961,902,1863
2019-12-12T20:45:00+09:00,J5,386,440,826
2019-12-12T21:00:00+09:00,J1,951,1144,2095
2019-12-12T21:00:00+09:00,J2,736,732,1468
2019-12-12T21:00:00+09:00,J3,1111,1089,2200
2019-12-12T21:00:00+09:00,J4,1025,903,1928
2019-12-12T21:00:00+09:00,J5,433,407,840
2019-12-12T21:15:00+09:00,J1,902,1218,2120
2019-12-12T21:15:00+09:00,J2,619,614,1233
2019-12-12T21:15:00+09:00,J3,1196,1067,2263
2019-12-12T21:15:00+09:00,J4,1059,949,2008
2019-12-12T21:15:00+09:00,J5,388,444,832
2019-12-12T21:30:00+09:00,J1,908,1116,2024
2019-12-12T21:30:00+09:00,J2,727,690,1417
2019-12-12T21:30:00+09:00,J3,1114,1067,2181
2019-12-12T21:30:00+09:00,J4,1084,912,1996
2019-12-12T21:30:00+09:00,J5,439,423,862
2019-12-12T21:45:00+09:00,J1,966,1119,2085
2019-12-12T21:45:00+09:00,J2,669,646,1315
2019-12-12T21:45:00+09:00,J3,976,1054,2030
2019-12-12T21:45:00+09:00,J4,1004,938,1942
2019-12-12T21:45:00+09:00,J5,408,436,844
2019-12-12T22:00:00+09:00,J1,910,1084,1994
2019-12-12T22:00:00+09:00,J2,751,742,1493
2019-12-12T22:00:00+09:00,J3,957,988,1945
2019-12-12T22:00:00+09:00,J4,979,936,1915
2019-12-12T22:00:00+09:00,J5,491,473,964
2019-12-12T22:15:00+09:00,J1,908,1034,1942
2019-12-12T22:15:00+09:00,J2,702,691,1393
2019-12-12T22:15:00+09:00,J3,999,999,1998
2019-12-12T22:15:00+09:00,J4,862,853,1715
2019-12-12T22:15:00+09:00,J5,484,432,916
2019-12-12T22:30:00+09:00,J1,889,1059,1948
2019-12-12T22:30:00+09:00,J2,639,688,1327
2019-12-12T22:30:00+09:00,J3,1015,863,1878
2019-12-12T22:30:00+09:00,J4,840,803,1643
2019-12-12T22:30:00+09:00,J5,549,445,994
2019-12-12T22:45:00+09:00,J1,955,1036,1991
2019-12-12T22:45:00+09:00,J2,585,633,1218
2019-12-12T22:45:00+09:00,J3,1029,886,1915
2019-12-12T22:45:00+09:00,J4,934,860,1794
2019-12-12T22:45:00+09:00,J5,570,583,1153
2019-12-12T23:00:00+09:00,J1,863,1021,1884
2019-12-12T23:00:00+09:00,J2,614,632,1246
2019-12-12T23:00:00+09:00,J3,1010,890,1900
2019-12-12T23:00:00+09:00,J4,995,889,1884
2019-12-12T23:00:00+09:00,J5,512,562,1074
2019-12-12T23:15:00+09:00,J1,876,1056,1932
2019-12-12T23:15:00+09:00,J2,601,619,1220
2019-12-12T23:15:00+09:00,J3,998,827,1825
2019-12-12T23:15:00+09:00,J4,912,821,1733
2019-12-12T23:15:00+09:00,J5,544,622,1166
2019-12-12T23:30:00+09:00,J1,854,1001,1855
2019-12-12T23:30:00+09:00,J2,557,547,1104
2019-12-12T23:30:00+09:00,J3,991,908,1899
2019-12-12T23:30:00+09:00,J4,898,885,1783
2019-12-12T23:30:00+09:00,J5,533,548,1081
2019-12-12T23:45:00+09:00,J1,842,977,1819
2019-12-12T23:45:00+09:00,J2,505,527,1032
2019-12-12T23:45:00+09:00,J3,926,775,1701
2019-12-12T23:45:00+09:00,J4,748,734,1482
2019-12-12T23:45:00+09:00,J5,501,528,1029
2019-12-13T00:00:00+09:00,J1,751,831,1582
2019-12-13T00:00:00+09:00,J2,383,397,780
2019-12-13T00:00:00+09:00,J3,862,645,1507
2019-12-13T00:00:00+09:00,J4,699,773,1472
2019-12-13T00:00:00+09:00,J5,454,559,1013
2019-12-13T00:15:00+09:00,J1,582,589,1171
2019-12-13T00:15:00+09:00,J2,354,465,819
2019-12-13T00:15:00+09:00,J3,676,489,1165
2019-12-13T00:15:00+09:00,J4,746,699,1445
2019-12-13T00:15:00+09:00,J5,460,480,940
2019-12-13T00:30:00+09:00,J1,500,467,967
2019-12-13T00:30:00+09:00,J2,363,442,805
2019-12-13T00:30:00+09:00,J3,568,465,1033
2019-12-13T00:30:00+09:00,J4,824,801,1625
2019-12-13T00:30:00+09:00,J5,454,500,954
2019-12-13T00:45:00+09:00,J1,448,459,907
2019-12-13T00:45:00+09:00,J2,384,435,819
2019-12-13T00:45:00+09:00,J3,517,467,984
2019-12-13T00:45:00+09:00,J4,857,832,1689
2019-12-13T00:45:00+09:00,J5,445,437,882
2019-12-13T05:45:00+09:00,J1,609,660,1269
2019-12-13T05:45:00+09:00,J2,395,469,864
2019-12-13T05:45:00+09:00,J3,587,522,1109
2019-12-13T05:45:00+09:00,J4,845,787,1632
2019-12-13T05:45:00+09:00,J5,447,468,915
2019-12-13T06:00:00+09:00,J1,589,639,1228
2019-12-13T06:00:00+09:00,J2,453,434,887
2019-12-13T06:00:00+09:00,J3,601,533,1134
2019-12-13T06:00:00+09:00,J4,894,775,1669
2019-12-13T06:00:00+09:00,J5,441,416,857
2019-12-13T06:15:00+09:00,J1,686,781,1467
2019-12-13T06:15:00+09:00,J2,483,484,967
2019-12-13T06:15:00+09:00,J3,783,700,1483
2019-12-13T06:15:00+09:00,J4,891,774,1665
2019-12-13T06:15:00+09:00,J5,441,480,921
2019-12-13T06:30:00+09:00,J1,729,776,1505
2019-12-13T06:30:00+09:00,J2,511,486,997
2019-12-13T06:30:00+09:00,J3,757,659,1416
2019-12-13T06:30:00+09:00,J4,811,712,1523
2019-12-13T06:30:00+09:00,J5,474,536,1010
2019-12-13T06:45:00+09:00,J1,792,782,1574
2019-12-13T06:45:00+09:00,J2,538,485,1023
2019-12-13T06:45:00+09:00,J3,862,678,1540
2019-12-13T06:45:00+09:00,J4,853,796,1649
2019-12-13T06:45:00+09:00,J5,503,544,1047
2019-12-13T07:00:00+09:00,J1,901,885,1786
2019-12-13T07:00:00+09:00,J2,523,438,961
2019-12-13T07:00:00+09:00,J3,900,822,1722
2019-12-13T07:00:00+09:00,J4,930,917,1847
2019-12-13T07:00:00+09:00,J5,623,638,1261
2019-12-13T07:15:00+09:00,J1,926,930,1856
2019-12-13T07:15:00+09:00,J2,546,474,1020
2019-12-13T07:15:00+09:00,J3,914,818,1732
2019-12-13T07:15:00+09:00,J4,1000,846,1846
2019-12-13T07:15:00+09:00,J5,650,637,1287
2019-12-13T07:30:00+09:00,J1,1018,968,1986
2019-12-13T07:30:00+09:00,J2,652,528,1180
2019-12-13T07:30:00+09:00,J3,902,927,1829
2019-12-13T07:30:00+09:00,J4,981,984,1965
2019-12-13T07:30:00+09:00,J5,642,617,1259
2019-12-13T07:45:00+09:00,J1,1021,1068,2089
2019-12-13T07:45:00+09:00,J2,807,603,1410
2019-12-13T07:45:00+09:00,J3,1294,1199,2493
2019-12-13T07:45:00+09:00,J4,1057,1013,2070
2019-12-13T07:45:00+09:00,J5,623,671,1294
2019-12-13T08:00:00+09:00,J1,1164,1117,2281
2019-12-13T08:00:00+09:00,J2,932,617,1549
2019-12-13T08:00:00+09:00,J3,1338,1334,2672
2019-12-13T08:00:00+09:00,J4,963,1058,2021
2019-12-13T08:00:00+09:00,J5,669,685,1354
2019-12-13T08:15:00+09:00,J1,1215,1062,2277
2019-12-13T08:15:00+09:00,J2,1019,587,1606
2019-12-13T08:15:00+09:00,J3,1451,1485,2936
2019-12-13T08:15:00+09:00,J4,872,1169,2041
2019-12-13T08:15:00+09:00,J5,655,720,1375
2019-12-13T08:30:00+09:00,J1,1186,1132,2318
2019-12-13T08:30:00+09:00,J2,1043,757,1800
2019-12-13T08:30:00+09:00,J3,1402,1467,2869
2019-12-13T08:30:00+09:00,J4,795,1164,1959
2019-12-13T08:30:00+09:00,J5,576,693,1269
2019-12-13T08:45:00+09:00,J1,1206,1177,2383
2019-12-13T08:45:00+09:00,J2,884,648,1532
2019-12-13T08:45:00+09:00,J3,1186,1158,2344
2019-12-13T08:45:00+09:00,J4,1052,1016,2068
2019-12-13T08:45:00+09:00,J5,667,604,1271
2019-12-13T09:00:00+09:00,J1,1175,1116,2291
2019-12-13T09:00:00+09:00,J2,724,623,1347
2019-12-13T09:00:00+09:00,J3,1165,1052,2217
2019-12-13T09:00:00+09:00,J4,1034,911,1945
2019-12-13T09:00:00+09:00,J5,658,664,1322
2019-12-13T09:15:00+09:00,J1,1028,873,1901
2019-12-13T09:15:00+09:00,J2,649,560,1209
2019-12-13T09:15:00+09:00,J3,1045,977,2022
2019-12-13T09:15:00+09:00,J4,975,1036,2011
2019-12-13T09:15:00+09:00,J5,614,570,1184
2019-12-13T09:30:00+09:00,J1,1039,949,1988
2019-12-13T09:30:00+09:00,J2,708,516,1224
2019-12-13T09:30:00+09:00,J3,1051,1086,2137
2019-12-13T09:30:00+09:00,J4,1016,1025,2041
2019-12-13T09:30:00+09:00,J5,571,597,1168
2019-12-13T09:45:00+09:00,J1,1093,1081,2174
2019-12-13T09:45:00+09:00,J2,700,557,1257
2019-12-13T09:45:00+09:00,J3,1100,1065,2165
2019-12-13T09:45:00+09:00,J4,996,950,1946
2019-12-13T09:45:00+09:00,J5,552,552,1104
2019-12-13T10:00:00+09:00,J1,1074,1112,2186
2019-12-13T10:00:00+09:00,J2,645,516,1161
2019-12-13T10:00:00+09:00,J3,1026,942,1968
2019-12-13T10:00:00+09:00,J4,971,973,1944
2019-12-13T10:00:00+09:00,J5,553,505,1058
2019-12-13T10:15:00+09:00,J1,1125,1067,2192
2019-12-13T10:15:00+09:00,J2,669,584,1253
2019-12-13T10:15:00+09:00,J3,979,921,1900
2019-12-13T10:15:00+09:00,J4,987,915,1902
2019-12-13T10:15:00+09:00,J5,477,452,929
2019-12-13T10:30:00+09:00,J1,1138,1061,2199
2019-12-13T10:30:00+09:00,J2,735,619,1354
2019-12-13T10:30:00+09:00,J3,896,907,1803
2019-12-13T10:30:00+09:00,J4,905,927,1832
2019-12-13T10:30:00+09:00,J5,478,522,1000
2019-12-13T10:45:00+09:00,J1,1060,1186,2246
2019-12-13T10:45:00+09:00,J2,732,655,1387
2019-12-13T10:45:00+09:00,J3,973,911,1884
2019-12-13T10:45:00+09:00,J4,1022,1006,2028
2019-12-13T10:45:00+09:00,J5,534,551,1085
2019-12-13T11:00:00+09:00,J1,1073,1088,2161
2019-12-13T11:00:00+09:00,J2,727,658,1385
2019-12-13T11:00:00+09:00,J3,953,906,1859
2019-12-13T11:00:00+09:00,J4,1047,1020,2067
2019-12-13T11:00:00+09:00,J5,469,496,965
2019-12-13T11:15:00+09:00,J1,1127,1188,2315
2019-12-13T11:15:00+09:00,J2,734,752,1486
2019-12-13T11:15:00+09:00,J3,1090,1071,2161
2019-12-13T11:15:00+09:00,J4,1020,1021,2041
2019-12-13T11:15:00+09:00,J5,542,556,1098
2019-12-13T11:30:00+09:00,J1,1139,1124,2263
2019-12-13T11:30:00+09:00,J2,736,703,1439
2019-12-13T11:30:00+09:00,J3,1081,1107,2188
2019-12-13T11:30:00+09:00,J4,985,1006,1991
2019-12-13T11:30:00+09:00,J5,625,588,1213
2019-12-13T11:45:00+09:00,J1,1068,1174,2242
2019-12-13T11:45:00+09:00,J2,731,675,1406
2019-12-13T11:45:00+09:00,J3,985,1131,2116
2019-12-13T11:45:00+09:00,J4,903,990,1893
2019-12-13T11:45:00+09:00,J5,583,569,1152
2019-12-13T12:00:00+09:00,J1,1098,1258,2356
2019-12-13T12:00:00+09:00,J2,727,641,1368
2019-12-13T12:00:00+09:00,J3,1103,1116,2219
2019-12-13T12:00:00+09:00,J4,887,953,1840
2019-12-13T12:00:00+09:00,J5,681,594,1275
2019-12-13T12:15:00+09:00,J1,988,1200,2188
2019-12-13T12:15:00+09:00,J2,832,696,1528
2019-12-13T12:15:00+09:00,J3,1101,1082,2183
2019-12-13T12:15:00+09:00,J4,774,901,1675
2019-12-13T12:15:00+09:00,J5,603,634,1237
2019-12-13T12:30:00+09:00,J1,989,1061,2050
2019-12-13T12:30:00+09:00,J2,853,751,1604
2019-12-13T12:30:00+09:00,J3,1008,1090,2098
2019-12-13T12:30:00+09:00,J4,762,910,1672
2019-12-13T12:30:00+09:00,J5,614,683,1297
2019-12-13T12:45:00+09:00,J1,967,1100,2067
2019-12-13T12:45:00+09:00,J2,817,708,1525
2019-12-13T12:45:00+09:00,J3,1045,953,1998
2019-12-13T12:45:00+09:00,J4,700,912,1612
2019-12-13T12:45:00+09:00,J5,575,631,1206
2019-12-13T13:00:00+09:00,J1,993,1148,2141
2019-12-13T13:00:00+09:00,J2,779,753,1532
2019-12-13T13:00:00+09:00,J3,1061,1029,2090
2019-12-13T13:00:00+09:00,J4,688,751,1439
2019-12-13T13:00:00+09:00,J5,591,615,1206
2019-12-13T13:15:00+09:00,J1,1071,1156,2227
2019-12-13T13:15:00+09:00,J2,790,696,1486
2019-12-13T13:15:00+09:00,J3,1073,1087,2160
2019-12-13T13:15:00+09:00,J4,667,787,1454
2019-12-13T13:15:00+09:00,J5,560,637,1197
2019-12-13T13:30:00+09:00,J1,929,1122,2051
2019-12-13T13:30:00+09:00,J2,756,716,1472
2019-12-13T13:30:00+09:00,J3,994,1082,2076
2019-12-13T13:30:00+09:00,J4,732,815,1547
2019-12-13T13:30:00+09:00,J5,557,602,1159
2019-12-13T13:45:00+09:00,J1,971,1026,1997
2019-12-13T13:45:00+09:00,J2,769,735,1504
2019-12-13T13:45:00+09:00,J3,1018,1070,2088
2019-12-13T13:45:00+09:00,J4,621,782,1403
2019-12-13T13:45:00+09:00,J5,543,611,1154
2019-12-13T14:00:00+09:00,J1,921,1092,2013
2019-12-13T14:00:00+09:00,J2,853,720,1573
2019-12-13T14:00:00+09:00,J3,963,952,1915
2019-12-13T14:00:00+09:00,J4,714,807,1521
2019-12-13T14:00:00+09:00,J5,607,600,1207
2019-12-13T14:15:00+09:00,J1,944,1058,2002
2019-12-13T14:15:00+09:00,J2,888,756,1644
2019-12-13T14:15:00+09:00,J3,1060,922,1982
2019-12-13T14:15:00+09:00,J4,694,687,1381
2019-12-13T14:15:00+09:00,J5,530,562,1092
2019-12-13T14:30:00+09:00,J1,948,1050,1998
2019-12-13T14:30:00+09:00,J2,899,781,1680
2019-12-13T14:30:00+09:00,J3,1051,909,1960
2019-12-13T14:30:00+09:00,J4,742,796,1538
2019-12-13T14:30:00+09:00,J5,623,678,1301
2019-12-13T14:45:00+09:00,J1,975,1124,2099
2019-12-13T14:45:00+09:00,J2,891,790,1681
2019-12-13T14:45:00+09:00,J3,1003,901,1904
2019-12-13T14:45:00+09:00,J4,677,716,1393
2019-12-13T14:45:00+09:00,J5,573,642,1215
2019-12-13T15:00:00+09:00,J1,881,1131,2012
2019-12-13T15:00:00+09:00,J2,869,722,1591
2019-12-13T15:00:00+09:00,J3,1039,856,1895
2019-12-13T15:00:00+09:00,J4,700,803,1503
2019-12-13T15:00:00+09:00,J5,542,667,1209
2019-12-13T15:15:00+09:00,J1,954,1172,2126
2019-12-13T15:15:00+09:00,J2,790,737,1527
2019-12-13T15:15:00+09:00,J3,1096,879,1975
2019-12-13T15:15:00+09:00,J4,655,821,1476
2019-12-13T15:15:00+09:00,J5,528,629,1157
2019-12-13T15:30:00+09:00,J1,984,1074,2058
2019-12-13T15:30:00+09:00,J2,843,742,1585
2019-12-13T15:30:00+09:00,J3,1112,897,2009
2019-12-13T15:30:00+09:00,J4,650,789,1439
2019-12-13T15:30:00+09:00,J5,522,583,1105
2019-12-13T15:45:00+09:00,J1,924,1125,2049
2019-12-13T15:45:00+09:00,J2,785,765,1550
2019-12-13T15:45:00+09:00,J3,1032,878,1910
2019-12-13T15:45:00+09:00,J4,682,686,1368
2019-12-13T15:45:00+09:00,J5,512,626,1138
2019-12-13T16:00:00+09:00,J1,1000,1156,2156
2019-12-13T16:00:00+09:00,J2,727,760,1487
2019-12-13T16:00:00+09:00,J3,1022,875,1897
2019-12-13T16:00:00+09:00,J4,663,729,1392
2019-12-13T16:00:00+09:00,J5,451,584,1035
2019-12-13T16:15:00+09:00,J1,949,1086,2035
2019-12-13T16:15:00+09:00,J2,812,781,1593
2019-12-13T16:15:00+09:00,J3,1107,839,1946
2019-12-13T16:15:00+09:00,J4,726,706,1432
2019-12-13T16:15:00+09:00,J5,501,549,1050
2019-12-13T16:30:00+09:00,J1,944,1026,1970
2019-12-13T16:30:00+09:00,J2,810,687,1497
2019-12-13T16:30:00+09:00,J3,1217,935,2152
2019-12-13T16:30:00+09:00,J4,704,789,1493
2019-12-13T16:30:00+09:00,J5,538,651,1189
2019-12-13T16:45:00+09:00,J1,972,1023,1995
2019-12-13T16:45:00+09:00,J2,819,674,1493
2019-12-13T16:45:00+09:00,J3,1248,1013,2261
2019-12-13T16:45:00+09:00,J4,689,807,1496
2019-12-13T16:45:00+09:00,J5,486,533,1019
2019-12-13T17:00:00+09:00,J1,1022,1122,2144
2019-12-13T17:00:00+09:00,J2,820,796,1616
2019-12-13T17:00:00+09:00,J3,1213,1026,2239
2019-12-13T17:00:00+09:00,J4,817,798,1615
2019-12-13T17:00:00+09:00,J5,551,572,1123
2019-12-13T17:15:00+09:00,J1,1009,1145,2154
2019-12-13T17:15:00+09:00,J2,929,886,1815
2019-12-13T17:15:00+09:00,J3,1310,1069,2379
2019-12-13T17:15:00+09:00,J4,856,779,1635
2019-12-13T17:15:00+09:00,J5,551,754,1305
2019-12-13T17:30:00+09:00,J1,988,1236,2224
2019-12-13T17:30:00+09:00,J2,1028,896,1924
2019-12-13T17:30:00+09:00,J3,1360,1113,2473
2019-12-13T17:30:00+09:00,J4,952,809,1761
2019-12-13T17:30:00+09:00,J5,565,767,1332
2019-12-13T17:45:00+09:00,J1,1092,1127,2219
2019-12-13T17:45:00+09:00,J2,1029,911,1940
2019-12-13T17:45:00+09:00,J3,1477,1097,2574
2019-12-13T17:45:00+09:00,J4,1005,827,1832
2019-12-13T17:45:00+09:00,J5,594,827,1421
2019-12-13T18:00:00+09:00,J1,1108,1170,2278
2019-12-13T18:00:00+09:00,J2,1119,945,2064
2019-12-13T18:00:00+09:00,J3,1481,1102,2583
2019-12-13T18:00:00+09:00,J4,1013,818,1831
2019-12-13T18:00:00+09:00,J5,578,780,1358
2019-12-13T18:15:00+09:00,J1,1117,1116,2233
2019-12-13T18:15:00+09:00,J2,1102,899,2001
2019-12-13T18:15:00+09:00,J3,1344,1220,2564
2019-12-13T18:15:00+09:00,J4,1037,848,1885
2019-12-13T18:15:00+09:00,J5,592,859,1451
2019-12-13T18:30:00+09:00,J1,1073,1138,2211
2019-12-13T18:30:00+09:00,J2,991,760,1751
2019-12-13T18:30:00+09:00,J3,1316,1065,2381
2019-12-13T18:30:00+09:00,J4,1014,861,1875
2019-12-13T18:30:00+09:00,J5,498,700,1198
2019-12-13T18:45:00+09:00,J1,1142,1086,2228
2019-12-13T18:45:00+09:00,J2,870,672,1542
2019-12-13T18:45:00+09:00,J3,1158,929,2087
2019-12-13T18:45:00+09:00,J4,946,868,1814
2019-12-13T18:45:00+09:00,J5,496,641,1137
2019-12-13T19:00:00+09:00,J1,1046,1128,2174
2019-12-13T19:00:00+09:00,J2,687,541,1228
2019-12-13T19:00:00+09:00,J3,1061,895,1956
2019-12-13T19:00:00+09:00,J4,968,926,1894
2019-12-13T19:00:00+09:00,J5,492,653,1145
2019-12-13T19:15:00+09:00,J1,1027,1201,2228
2019-12-13T19:15:00+09:00,J2,746,688,1434
2019-12-13T19:15:00+09:00,J3,1025,945,1970
2019-12-13T19:15:00+09:00,J4,933,875,1808
2019-12-13T19:15:00+09:00,J5,479,622,1101
2019-12-13T19:30:00+09:00,J1,982,1168,2150
2019-12-13T19:30:00+09:00,J2,700,770,1470
2019-12-13T19:30:00+09:00,J3,940,954,1894
2019-12-13T19:30:00+09:00,J4,891,866,1757
2019-12-13T19:30:00+09:00,J5,481,520,1001
2019-12-13T19:45:00+09:00,J1,1017,1152,2169
2019-12-13T19:45:00+09:00,J2,763,644,1407
2019-12-13T19:45:00+09:00,J3,901,936,1837
2019-12-13T19:45:00+09:00,J4,927,849,1776
2019-12-13T19:45:00+09:00,J5,420,490,910
2019-12-13T20:00:00+09:00,J1,1003,1102,2105
2019-12-13T20:00:00+09:00,J2,749,619,1368
2019-12-13T20:00:00+09:00,J3,888,894,1782
2019-12-13T20:00:00+09:00,J4,899,853,1752
2019-12-13T20:00:00+09:00,J5,369,463,832
2019-12-13T20:15:00+09:00,J1,1022,1085,2107
2019-12-13T20:15:00+09:00,J2,682,677,1359
2019-12-13T20:15:00+09:00,J3,1060,926,1986
2019-12-13T20:15:00+09:00,J4,900,930,1830
2019-12-13T20:15:00+09:00,J5,469,472,941
2019-12-13T20:30:00+09:00,J1,950,1088,2038
2019-12-13T20:30:00+09:00,J2,697,592,1289
2019-12-13T20:30:00+09:00,J3,949,887,1836
2019-12-13T20:30:00+09:00,J4,914,904,1818
2019-12-13T20:30:00+09:00,J5,474,462,936
2019-12-13T20:45:00+09:00,J1,1062,1097,2159
2019-12-13T20:45:00+09:00,J2,723,693,1416
2019-12-13T20:45:00+09:00,J3,981,806,1787
2019-12-13T20:45:00+09:00,J4,948,854,1802
2019-12-13T20:45:00+09:00,J5,452,446,898
2019-12-13T21:00:00+09:00,J1,892,1109,2001
2019-12-13T21:00:00+09:00,J2,611,649,1260
2019-12-13T21:00:00+09:00,J3,1104,924,2028
2019-12-13T21:00:00+09:00,J4,949,984,1933
2019-12-13T21:00:00+09:00,J5,470,426,896
2019-12-13T21:15:00+09:00,J1,933,1167,2100
2019-12-13T21:15:00+09:00,J2,540,572,1112
2019-12-13T21:15:00+09:00,J3,1051,892,1943
2019-12-13T21:15:00+09:00,J4,1013,946,1959
2019-12-13T21:15:00+09:00,J5,424,434,858
2019-12-13T21:30:00+09:00,J1,876,1087,1963
2019-12-13T21:30:00+09:00,J2,470,610,1080
2019-12-13T21:30:00+09:00,J3,1082,978,2060
2019-12-13T21:30:00+09:00,J4,883,846,1729
2019-12-13T21:30:00+09:00,J5,406,435,841
2019-12-13T21:45:00+09:00,J1,854,1057,1911
2019-12-13T21:45:00+09:00,J2,385,586,971
2019-12-13T21:45:00+09:00,J3,897,795,1692
2019-12-13T21:45:00+09:00,J4,960,877,1837
2019-12-13T21:45:00+09:00,J5,398,392,790
2019-12-13T22:00:00+09:00,J1,874,1022,1896
2019-12-13T22:00:00+09:00,J2,418,569,987
2019-12-13T22:00:00+09:00,J3,894,840,1734
2019-12-13T22:00:00+09:00,J4,942,912,1854
2019-12-13T22:00:00+09:00,J5,384,368,752
2019-12-13T22:15:00+09:00,J1,888,1051,1939
2019-12-13T22:15:00+09:00,J2,449,585,1034
2019-12-13T22:15:00+09:00,J3,826,856,1682
2019-12-13T22:15:00+09:00,J4,866,883,1749
2019-12-13T22:15:00+09:00,J5,359,346,705
2019-12-13T22:30:00+09:00,J1,825,1080,1905
2019-12-13T22:30:00+09:00,J2,500,570,1070
2019-12-13T22:30:00+09:00,J3,877,834,1711
2019-12-13T22:30:00+09:00,J4,785,801,1586
2019-12-13T22:30:00+09:00,J5,400,403,803
2019-12-13T22:45:00+09:00,J1,868,1028,1896
2019-12-13T22:45:00+09:00,J2,551,552,1103
2019-12-13T22:45:00+09:00,J3,830,769,1599
2019-12-13T22:45:00+09:00,J4,829,800,1629
2019-12-13T22:45:00+09:00,J5,483,465,948
2019-12-13T23:00:00+09:00,J1,810,1035,1845
2019-12-13T23:00:00+09:00,J2,578,546,1124
2019-12-13T23:00:00+09:00,J3,903,875,1778
2019-12-13T23:00:00+09:00,J4,777,851,1628
2019-12-13T23:00:00+09:00,J5,394,366,760
2019-12-13T23:15:00+09:00,J1,782,958,1740
2019-12-13T23:15:00+09:00,J2,512,547,1059
2019-12-13T23:15:00+09:00,J3,840,897,1737
2019-12-13T23:15:00+09:00,J4,835,864,1699
2019-12-13T23:15:00+09:00,J5,436,422,858
2019-12-13T23:30:00+09:00,J1,661,913,1574
2019-12-13T23:30:00+09:00,J2,530,582,1112
2019-12-13T23:30:00+09:00,J3,801,811,1612
2019-12-13T23:30:00+09:00,J4,783,834,1617
2019-12-13T23:30:00+09:00,J5,432,408,840
2019-12-13T23:45:00+09:00,J1,744,897,1641
2019-12-13T23:45:00+09:00,J2,554,574,1128
2019-12-13T23:45:00+09:00,J3,809,746,1555
2019-12-13T23:45:00+09:00,J4,689,777,1466
2019-12-13T23:45:00+09:00,J5,424,373,797
2019-12-14T00:00:00+09:00,J1,758,764,1522
2019-12-14T00:00:00+09:00,J2,580,524,1104
2019-12-14T00:00:00+09:00,J3,986,894,1880
2019-12-14T00:00:00+09:00,J4,584,682,1266
2019-12-14T00:00:00+09:00,J5,590,530,1120
2019-12-14T00:15:00+09:00,J1,650,633,1283
2019-12-14T00:15:00+09:00,J2,534,566,1100
2019-12-14T00:15:00+09:00,J3,950,814,1764
2019-12-14T00:15:00+09:00,J4,613,644,1257
2019-12-14T00:15:00+09:00,J5,440,437,877
2019-12-14T00:30:00+09:00,J1,478,507,985
2019-12-14T00:30:00+09:00,J2,549,538,1087
2019-12-14T00:30:00+09:00,J3,777,719,1496
2019-12-14T00:30:00+09:00,J4,783,813,1596
2019-12-14T00:30:00+09:00,J5,383,373,756
2019-12-14T00:45:00+09:00,J1,504,495,999
2019-12-14T00:45:00+09:00,J2,603,506,1109
2019-12-14T00:45:00+09:00,J3,813,704,1517
2019-12-14T00:45:00+09:00,J4,729,721,1450
2019-12-14T00:45:00+09:00,J5,365,329,694
2019-12-14T05:45:00+09:00,J1,602,606,1208
2019-12-14T05:45:00+09:00,J2,521,422,943
2019-12-14T05:45:00+09:00,J3,755,665,1420
2019-12-14T05:45:00+09:00,J4,668,654,1322
2019-12-14T05:45:00+09:00,J5,343,383,726
2019-12-14T06:00:00+09:00,J1,577,711,1288
2019-12-14T06:00:00+09:00,J2,573,510,1083
2019-12-14T06:00:00+09:00,J3,945,839,1784
2019-12-14T06:00:00+09:00,J4,851,724,1575
2019-12-14T06:00:00+09:00,J5,373,415,788
2019-12-14T06:15:00+09:00,J1,702,772,1474
2019-12-14T06:15:00+09:00,J2,559,633,1192
2019-12-14T06:15:00+09:00,J3,973,825,1798
2019-12-14T06:15:00+09:00,J4,789,751,1540
2019-12-14T06:15:00+09:00,J5,467,474,941
2019-12-14T06:30:00+09:00,J1,730,747,1477
2019-12-14T06:30:00+09:00,J2,570,651,1221
2019-12-14T06:30:00+09:00,J3,870,820,1690
2019-12-14T06:30:00+09:00,J4,743,749,1492
2019-12-14T06:30:00+09:00,J5,502,536,1038
2019-12-14T06:45:00+09:00,J1,768,829,1597
2019-12-14T06:45:00+09:00,J2,512,526,1038
2019-12-14T06:45:00+09:00,J3,838,735,1573
2019-12-14T06:45:00+09:00,J4,700,709,1409
2019-12-14T06:45:00+09:00,J5,541,530,1071
2019-12-14T07:00:00+09:00,J1,814,852,1666
2019-12-14T07:00:00+09:00,J2,427,437,864
2019-12-14T07:00:00+09:00,J3,860,795,1655
2019-12-14T07:00:00+09:00,J4,844,765,1609
2019-12-14T07:00:00+09:00,J5,553,578,1131
2019-12-14T07:15:00+09:00,J1,817,892,1709
2019-12-14T07:15:00+09:00,J2,430,367,797
2019-12-14T07:15:00+09:00,J3,926,791,1717
2019-12-14T07:15:00+09:00,J4,760,711,1471
2019-12-14T07:15:00+09:00,J5,587,659,1246
2019-12-14T07:30:00+09:00,J1,843,958,1801
2019-12-14T07:30:00+09:00,J2,453,446,899
2019-12-14T07:30:00+09:00,J3,969,800,1769
2019-12-14T07:30:00+09:00,J4,791,715,1506
2019-12-14T07:30:00+09:00,J5,614,686,1300
2019-12-14T07:45:00+09:00,J1,912,855,1767
2019-12-14T07:45:00+09:00,J2,472,427,899
2019-12-14T07:45:00+09:00,J3,946,817,1763
2019-12-14T07:45:00+09:00,J4,780,765,1545
2019-12-14T07:45:00+09:00,J5,615,587,1202
2019-12-14T08:00:00+09:00,J1,1053,1082,2135
2019-12-14T08:00:00+09:00,J2,727,760,1487
2019-12-14T08:00:00+09:00,J3,1077,977,2054
2019-12-14T08:00:00+09:00,J4,857,820,1677
2019-12-14T08:00:00+09:00,J5,479,438,917
2019-12-14T08:15:00+09:00,J1,1013,1116,2129
2019-12-14T08:15:00+09:00,J2,793,664,1457
2019-12-14T08:15:00+09:00,J3,1028,1070,2098
2019-12-14T08:15:00+09:00,J4,959,849,1808
2019-12-14T08:15:00+09:00,J5,542,634,1176
2019-12-14T08:30:00+09:00,J1,1002,1086,2088
2019-12-14T08:30:00+09:00,J2,676,616,1292
2019-12-14T08:30:00+09:00,J3,944,1028,1972
2019-12-14T08:30:00+09:00,J4,895,876,1771
2019-12-14T08:30:00+09:00,J5,518,601,1119
2019-12-14T08:45:00+09:00,J1,976,1125,2101
2019-12-14T08:45:00+09:00,J2,520,469,989
2019-12-14T08:45:00+09:00,J3,904,844,1748
2019-12-14T08:45:00+09:00,J4,859,760,1619
2019-12-14T08:45:00+09:00,J5,508,568,1076
2019-12-14T09:00:00+09:00,J1,957,969,1926
2019-12-14T09:00:00+09:00,J2,648,550,1198
2019-12-14T09:00:00+09:00,J3,837,866,1703
2019-12-14T09:00:00+09:00,J4,794,908,1702
2019-12-14T09:00:00+09:00,J5,374,382,756
2019-12-14T09:15:00+09:00,J1,953,1054,2007
2019-12-14T09:15:00+09:00,J2,529,495,1024
2019-12-14T09:15:00+09:00,J3,895,857,1752
2019-12-14T09:15:00+09:00,J4,925,811,1736
2019-12-14T09:15:00+09:00,J5,449,396,845
2019-12-14T09:30:00+09:00,J1,966,1105,2071
2019-12-14T09:30:00+09:00,J2,538,448,986
2019-12-14T09:30:00+09:00,J3,955,842,1797
2019-12-14T09:30:00+09:00,J4,839,886,1725
2019-12-14T09:30:00+09:00,J5,452,411,863
2019-12-14T09:45:00+09:00,J1,1087,1093,2180
2019-12-14T09:45:00+09:00,J2,597,495,1092
2019-12-14T09:45:00+09:00,J3,953,917,1870
2019-12-14T09:45:00+09:00,J4,785,785,1570
2019-12-14T09:45:00+09:00,J5,420,405,825
2019-12-14T10:00:00+09:00,J1,1070,1087,2157
2019-12-14T10:00:00+09:00,J2,597,528,1125
2019-12-14T10:00:00+09:00,J3,912,823,1735
2019-12-14T10:00:00+09:00,J4,868,792,1660
2019-12-14T10:00:00+09:00,J5,397,406,803
2019-12-14T10:15:00+09:00,J1,1074,1180,2254
2019-12-14T10:15:00+09:00,J2,727,630,1357
2019-12-14T10:15:00+09:00,J3,919,850,1769
2019-12-14T10:15:00+09:00,J4,877,877,1754
2019-12-14T10:15:00+09:00,J5,414,398,812
2019-12-14T10:30:00+09:00,J1,1116,1091,2207
2019-12-14T10:30:00+09:00,J2,739,680,1419
2019-12-14T10:30:00+09:00,J3,946,858,1804
2019-12-14T10:30:00+09:00,J4,933,907,1840
2019-12-14T10:30:00+09:00,J5,401,370,771
2019-12-14T10:45:00+09:00,J1,1071,1081,2152
2019-12-14T10:45:00+09:00,J2,789,732,1521
2019-12-14T10:45:00+09:00,J3,952,845,1797
2019-12-14T10:45:00+09:00,J4,953,894,1847
2019-12-14T10:45:00+09:00,J5,406,356,762
2019-12-14T11:00:00+09:00,J1,1040,1149,2189
2019-12-14T11:00:00+09:00,J2,856,700,1556
2019-12-14T11:00:00+09:00,J3,1114,1184,2298
2019-12-14T11:00:00+09:00,J4,923,946,1869
2019-12-14T11:00:00+09:00,J5,458,533,991
2019-12-14T11:15:00+09:00,J1,1003,1060,2063
2019-12-14T11:15:00+09:00,J2,850,768,1618
2019-12-14T11:15:00+09:00,J3,1087,1116,2203
2019-12-14T11:15:00+09:00,J4,815,904,1719
2019-12-14T11:15:00+09:00,J5,495,565,1060
2019-12-14T11:30:00+09:00,J1,1076,1138,2214
2019-12-14T11:30:00+09:00,J2,848,802,1650
2019-12-14T11:30:00+09:00,J3,1118,1073,2191
2019-12-14T11:30:00+09:00,J4,858,840,1698
2019-12-14T11:30:00+09:00,J5,501,606,1107
2019-12-14T11:45:00+09:00,J1,1088,1126,2214
2019-12-14T11:45:00+09:00,J2,909,835,1744
2019-12-14T11:45:00+09:00,J3,1171,1145,2316
2019-12-14T11:45:00+09:00,J4,945,905,1850
2019-12-14T11:45:00+09:00,J5,535,670,1205
2019-12-14T12:00:00+09:00,J1,1078,1248,2326
2019-12-14T12:00:00+09:00,J2,904,809,1713
2019-12-14T12:00:00+09:00,J3,1068,1137,2205
2019-12-14T12:00:00+09:00,J4,890,974,1864
2019-12-14T12:00:00+09:00,J5,514,659,1173
2019-12-14T12:15:00+09:00,J1,1069,1171,2240
2019-12-14T12:15:00+09:00,J2,875,728,1603
2019-12-14T12:15:00+09:00,J3,1180,1092,2272
2019-12-14T12:15:00+09:00,J4,861,938,1799
2019-12-14T12:15:00+09:00,J5,492,580,1072
2019-12-14T12:30:00+09:00,J1,938,1084,2022
2019-12-14T12:30:00+09:00,J2,907,801,1708
2019-12-14T12:30:00+09:00,J3,1072,1056,2128
2019-12-14T12:30:00+09:00,J4,886,1006,1892
2019-12-14T12:30:00+09:00,J5,432,550,982
2019-12-14T12:45:00+09:00,J1,935,1123,2058
2019-12-14T12:45:00+09:00,J2,981,803,1784
2019-12-14T12:45:00+09:00,J3,1075,1040,2115
2019-12-14T12:45:00+09:00,J4,832,876,1708
2019-12-14T12:45:00+09:00,J5,444,517,961
2019-12-14T13:00:00+09:00,J1,954,1156,2110
2019-12-14T13:00:00+09:00,J2,975,858,1833
2019-12-14T13:00:00+09:00,J3,1138,1047,2185
2019-12-14T13:00:00+09:00,J4,885,941,1826
2019-12-14T13:00:00+09:00,J5,393,513,906
2019-12-14T13:15:00+09:00,J1,1034,1173,2207
2019-12-14T13:15:00+09:00,J2,1119,876,1995
2019-12-14T13:15:00+09:00,J3,1258,1090,2348
2019-12-14T13:15:00+09:00,J4,878,967,1845
2019-12-14T13:15:00+09:00,J5,450,566,1016
2019-12-14T13:30:00+09:00,J1,1061,1226,2287
2019-12-14T13:30:00+09:00,J2,1084,897,1981
2019-12-14T13:30:00+09:00,J3,1096,1076,2172
2019-12-14T13:30:00+09:00,J4,809,970,1779
2019-12-14T13:30:00+09:00,J5,394,476,870
2019-12-14T13:45:00+09:00,J1,1028,1179,2207
2019-12-14T13:45:00+09:00,J2,1115,880,1995
2019-12-14T13:45:00+09:00,J3,1219,1092,2311
2019-12-14T13:45:00+09:00,J4,841,991,1832
2019-12-14T13:45:00+09:00,J5,357,508,865
2019-12-14T14:00:00+09:00,J1,1000,1254,2254
2019-12-14T14:00:00+09:00,J2,1045,863,1908
2019-12-14T14:00:00+09:00,J3,1207,1059,2266
2019-12-14T14:00:00+09:00,J4,789,950,1739
2019-12-14T14:00:00+09:00,J5,427,460,887
2019-12-14T14:15:00+09:00,J1,1022,1245,2267
2019-12-14T14:15:00+09:00,J2,1054,818,1872
2019-12-14T14:15:00+09:00,J3,1134,988,2122
2019-12-14T14:15:00+09:00,J4,820,953,1773
2019-12-14T14:15:00+09:00,J5,471,568,1039
2019-12-14T14:30:00+09:00,J1,1146,1204,2350
2019-12-14T14:30:00+09:00,J2,1106,790,1896
2019-12-14T14:30:00+09:00,J3,1206,1092,2298
2019-12-14T14:30:00+09:00,J4,837,924,1761
2019-12-14T14:30:00+09:00,J5,419,546,965
2019-12-14T14:45:00+09:00,J1,1012,1235,2247
2019-12-14T14:45:00+09:00,J2,990,877,1867
2019-12-14T14:45:00+09:00,J3,1290,950,2240
2019-12-14T14:45:00+09:00,J4,898,926,1824
2019-12-14T14:45:00+09:00,J5,433,505,938
2019-12-14T15:00:00+09:00,J1,998,1189,2187
2019-12-14T15:00:00+09:00,J2,1066,921,1987
2019-12-14T15:00:00+09:00,J3,1149,1031,2180
2019-12-14T15:00:00+09:00,J4,810,927,1737
2019-12-14T15:00:00+09:00,J5,444,514,958
2019-12-14T15:15:00+09:00,J1,1057,1236,2293
2019-12-14T15:15:00+09:00,J2,973,897,1870
2019-12-14T15:15:00+09:00,J3,1220,1018,2238
2019-12-14T15:15:00+09:00,J4,801,877,1678
2019-12-14T15:15:00+09:00,J5,437,539,976
2019-12-14T15:30:00+09:00,J1,1035,1208,2243
2019-12-14T15:30:00+09:00,J2,1117,952,2069
2019-12-14T15:30:00+09:00,J3,1264,1098,2362
2019-12-14T15:30:00+09:00,J4,869,957,1826
2019-12-14T15:30:00+09:00,J5,437,454,891
2019-12-14T15:45:00+09:00,J1,1014,1199,2213
2019-12-14T15:45:00+09:00,J2,952,924,1876
2019-12-14T15:45:00+09:00,J3,1303,1160,2463
2019-12-14T15:45:00+09:00,J4,916,903,1819
2019-12-14T15:45:00+09:00,J5,433,542,975
2019-12-14T16:00:00+09:00,J1,958,1133,2091
2019-12-14T16:00:00+09:00,J2,949,933,1882
2019-12-14T16:00:00+09:00,J3,1485,1303,2788
2019-12-14T16:00:00+09:00,J4,929,984,1913
2019-12-14T16:00:00+09:00,J5,455,517,972
2019-12-14T16:15:00+09:00,J1,986,1274,2260
2019-12-14T16:15:00+09:00,J2,949,983,1932
2019-12-14T16:15:00+09:00,J3,1492,1365,2857
2019-12-14T16:15:00+09:00,J4,868,993,1861
2019-12-14T16:15:00+09:00,J5,416,522,938
2019-12-14T16:30:00+09:00,J1,1062,1197,2259
2019-12-14T16:30:00+09:00,J2,927,961,1888
2019-12-14T16:30:00+09:00,J3,1568,1357,2925
2019-12-14T16:30:00+09:00,J4,934,985,1919
2019-12-14T16:30:00+09:00,J5,427,478,905
2019-12-14T16:45:00+09:00,J1,1008,1182,2190
2019-12-14T16:45:00+09:00,J2,912,874,1786
2019-12-14T16:45:00+09:00,J3,1472,1387,2859
2019-12-14T16:45:00+09:00,J4,1026,988,2014
2019-12-14T16:45:00+09:00,J5,424,452,876
2019-12-14T17:00:00+09:00,J1,1115,1194,2309
2019-12-14T17:00:00+09:00,J2,1028,897,1925
2019-12-14T17:00:00+09:00,J3,1663,1364,3027
2019-12-14T17:00:00+09:00,J4,993,1010,2003
2019-12-14T17:00:00+09:00,J5,401,465,866
2019-12-14T17:15:00+09:00,J1,1102,1171,2273
2019-12-14T17:15:00+09:00,J2,954,919,1873
2019-12-14T17:15:00+09:00,J3,1556,1308,2864
2019-12-14T17:15:00+09:00,J4,964,818,1782
2019-12-14T17:15:00+09:00,J5,437,560,997
2019-12-14T17:30:00+09:00,J1,1102,1212,2314
2019-12-14T17:30:00+09:00,J2,962,930,1892
2019-12-14T17:30:00+09:00,J3,1569,1153,2722
2019-12-14T17:30:00+09:00,J4,891,783,1674
2019-12-14T17:30:00+09:00,J5,431,440,871
2019-12-14T17:45:00+09:00,J1,1046,1267,2313
2019-12-14T17:45:00+09:00,J2,978,872,1850
2019-12-14T17:45:00+09:00,J3,1419,1202,2621
2019-12-14T17:45:00+09:00,J4,915,810,1725
2019-12-14T17:45:00+09:00,J5,417,502,919
2019-12-14T18:00:00+09:00,J1,1078,1249,2327
2019-12-14T18:00:00+09:00,J2,1050,899,1949
2019-12-14T18:00:00+09:00,J3,1396,1004,2400
2019-12-14T18:00:00+09:00,J4,864,821,1685
2019-12-14T18:00:00+09:00,J5,461,493,954
2019-12-14T18:15:00+09:00,J1,1072,1267,2339
2019-12-14T18:15:00+09:00,J2,1070,913,1983
2019-12-14T18:15:00+09:00,J3,1298,1042,2340
2019-12-14T18:15:00+09:00,J4,998,864,1862
2019-12-14T18:15:00+09:00,J5,481,523,1004
2019-12-14T18:30:00+09:00,J1,1066,1212,2278
2019-12-14T18:30:00+09:00,J2,1021,811,1832
2019-12-14T18:30:00+09:00,J3,1161,973,2134
2019-12-14T18:30:00+09:00,J4,941,919,1860
2019-12-14T18:30:00+09:00,J5,431,486,917
2019-12-14T18:45:00+09:00,J1,1048,1196,2244
2019-12-14T18:45:00+09:00,J2,915,791,1706
2019-12-14T18:45:00+09:00,J3,1087,969,2056
2019-12-14T18:45:00+09:00,J4,900,910,1810
2019-12-14T18:45:00+09:00,J5,367,440,807
2019-12-14T19:00:00+09:00,J1,955,1129,2084
2019-12-14T19:00:00+09:00,J2,867,701,1568
2019-12-14T19:00:00+09:00,J3,1114,967,2081
2019-12-14T19:00:00+09:00,J4,905,830,1735
2019-12-14T19:00:00+09:00,J5,366,423,789
2019-12-14T19:15:00+09:00,J1,1000,1084,2084
2019-12-14T19:15:00+09:00,J2,805,721,1526
2019-12-14T19:15:00+09:00,J3,1075,997,2072
2019-12-14T19:15:00+09:00,J4,957,881,1838
2019-12-14T19:15:00+09:00,J5,404,450,854
2019-12-14T19:30:00+09:00,J1,1061,1065,2126
2019-12-14T19:30:00+09:00,J2,811,628,1439
2019-12-14T19:30:00+09:00,J3,1073,854,1927
2019-12-14T19:30:00+09:00,J4,948,906,1854
2019-12-14T19:30:00+09:00,J5,401,438,839
2019-12-14T19:45:00+09:00,J1,964,1027,1991
2019-12-14T19:45:00+09:00,J2,745,597,1342
2019-12-14T19:45:00+09:00,J3,931,861,1792
2019-12-14T19:45:00+09:00,J4,1019,882,1901
2019-12-14T19:45:00+09:00,J5,368,403,771
2019-12-14T20:00:00+09:00,J1,948,1043,1991
2019-12-14T20:00:00+09:00,J2,693,658,1351
2019-12-14T20:00:00+09:00,J3,926,897,1823
2019-12-14T20:00:00+09:00,J4,937,874,1811
2019-12-14T20:00:00+09:00,J5,387,410,797
2019-12-14T20:15:00+09:00,J1,930,1099,2029
2019-12-14T20:15:00+09:00,J2,819,760,1579
2019-12-14T20:15:00+09:00,J3,1041,934,1975
2019-12-14T20:15:00+09:00,J4,1023,924,1947
2019-12-14T20:15:00+09:00,J5,415,417,832
2019-12-14T20:30:00+09:00,J1,977,1098,2075
2019-12-14T20:30:00+09:00,J2,728,710,1438
2019-12-14T20:30:00+09:00,J3,1051,972,2023
2019-12-14T20:30:00+09:00,J4,1046,932,1978
2019-12-14T20:30:00+09:00,J5,424,435,859
2019-12-14T20:45:00+09:00,J1,931,1058,1989
2019-12-14T20:45:00+09:00,J2,719,594,1313
2019-12-14T20:45:00+09:00,J3,957,912,1869
2019-12-14T20:45:00+09:00,J4,992,869,1861
2019-12-14T20:45:00+09:00,J5,410,443,853
2019-12-14T21:00:00+09:00,J1,874,1003,1877
2019-12-14T21:00:00+09:00,J2,622,656,1278
2019-12-14T21:00:00+09:00,J3,1133,1059,2192
2019-12-14T21:00:00+09:00,J4,977,905,1882
2019-12-14T21:00:00+09:00,J5,415,373,788
2019-12-14T21:15:00+09:00,J1,851,1010,1861
2019-12-14T21:15:00+09:00,J2,455,572,1027
2019-12-14T21:15:00+09:00,J3,1024,929,1953
2019-12-14T21:15:00+09:00,J4,1036,901,1937
2019-12-14T21:15:00+09:00,J5,402,385,787
2019-12-14T21:30:00+09:00,J1,922,1039,1961
2019-12-14T21:30:00+09:00,J2,544,584,1128
2019-12-14T21:30:00+09:00,J3,1016,938,1954
2019-12-14T21:30:00+09:00,J4,977,889,1866
2019-12-14T21:30:00+09:00,J5,345,351,696
2019-12-14T21:45:00+09:00,J1,877,1125,2002
2019-12-14T21:45:00+09:00,J2,495,572,1067
2019-12-14T21:45:00+09:00,J3,970,913,1883
2019-12-14T21:45:00+09:00,J4,1006,926,1932
2019-12-14T21:45:00+09:00,J5,377,388,765
2019-12-14T22:00:00+09:00,J1,908,1130,2038
2019-12-14T22:00:00+09:00,J2,493,627,1120
2019-12-14T22:00:00+09:00,J3,1055,1046,2101
2019-12-14T22:00:00+09:00,J4,878,841,1719
2019-12-14T22:00:00+09:00,J5,330,351,681
2019-12-14T22:15:00+09:00,J1,955,1092,2047
2019-12-14T22:15:00+09:00,J2,616,581,1197
2019-12-14T22:15:00+09:00,J3,1024,997,2021
2019-12-14T22:15:00+09:00,J4,921,868,1789
2019-12-14T22:15:00+09:00,J5,360,343,703
2019-12-14T22:30:00+09:00,J1,991,1062,2053
2019-12-14T22:30:00+09:00,J2,573,548,1121
2019-12-14T22:30:00+09:00,J3,1071,1046,2117
2019-12-14T22:30:00+09:00,J4,925,868,1793
2019-12-14T22:30:00+09:00,J5,415,431,846
2019-12-14T22:45:00+09:00,J1,879,1125,2004
2019-12-14T22:45:00+09:00,J2,613,612,1225
2019-12-14T22:45:00+09:00,J3,1116,1104,2220
2019-12-14T22:45:00+09:00,J4,1009,817,1826
2019-12-14T22:45:00+09:00,J5,390,422,812
2019-12-14T23:00:00+09:00,J1,880,998,1878
2019-12-14T23:00:00+09:00,J2,661,608,1269
2019-12-14T23:00:00+09:00,J3,1066,1061,2127
2019-12-14T23:00:00+09:00,J4,967,810,1777
2019-12-14T23:00:00+09:00,J5,360,353,713
2019-12-14T23:15:00+09:00,J1,879,1087,1966
2019-12-14T23:15:00+09:00,J2,701,689,1390
2019-12-14T23:15:00+09:00,J3,1081,1051,2132
2019-12-14T23:15:00+09:00,J4,937,846,1783
2019-12-14T23:15:00+09:00,J5,432,413,845
2019-12-14T23:30:00+09:00,J1,847,1095,1942
2019-12-14T23:30:00+09:00,J2,722,651,1373
2019-12-14T23:30:00+09:00,J3,955,987,1942
2019-12-14T23:30:00+09:00,J4,834,786,1620
2019-12-14T23:30:00+09:00,J5,427,435,862
2019-12-14T23:45:00+09:00,J1,852,1054,1906
2019-12-14T23:45:00+09:00,J2,766,726,1492
2019-12-14T23:45:00+09:00,J3,912,925,1837
2019-12-14T23:45:00+09:00,J4,824,783,1607
2019-12-14T23:45:00+09:00,J5,411,386,797
2019-12-15T00:00:00+09:00,J1,870,894,1764
2019-12-15T00:00:00+09:00,J2,579,619,1198
2019-12-15T00:00:00+09:00,J3,968,918,1886
2019-12-15T00:00:00+09:00,J4,784,696,1480
2019-12-15T00:00:00+09:00,J5,517,497,1014
2019-12-15T00:15:00+09:00,J1,620,709,1329
2019-12-15T00:15:00+09:00,J2,520,468,988
2019-12-15T00:15:00+09:00,J3,816,782,1598
2019-12-15T00:15:00+09:00,J4,601,639,1240
2019-12-15T00:15:00+09:00,J5,453,412,865
2019-12-15T00:30:00+09:00,J1,521,472,993
2019-12-15T00:30:00+09:00,J2,471,453,924
2019-12-15T00:30:00+09:00,J3,778,687,1465
2019-12-15T00:30:00+09:00,J4,766,700,1466
2019-12-15T00:30:00+09:00,J5,328,319,647
2019-12-15T00:45:00+09:00,J1,396,457,853
2019-12-15T00:45:00+09:00,J2,618,485,1103
2019-12-15T00:45:00+09:00,J3,771,635,1406
2019-12-15T00:45:00+09:00,J4,785,727,1512
2019-12-15T00:45:00+09:00,J5,319,360,679
2019-12-15T05:45:00+09:00,J1,592,545,1137
2019-12-15T05:45:00+09:00,J2,407,467,874
2019-12-15T05:45:00+09:00,J3,690,632,1322
2019-12-15T05:45:00+09:00,J4,667,641,1308
2019-12-15T05:45:00+09:00,J5,389,368,757
2019-12-15T06:00:00+09:00,J1,858,890,1748
2019-12-15T06:00:00+09:00,J2,601,516,1117
2019-12-15T06:00:00+09:00,J3,1124,915,2039
2019-12-15T06:00:00+09:00,J4,959,856,1815
2019-12-15T06:00:00+09:00,J5,528,571,1099
2019-12-15T06:15:00+09:00,J1,692,778,1470
2019-12-15T06:15:00+09:00,J2,595,523,1118
2019-12-15T06:15:00+09:00,J3,988,882,1870
2019-12-15T06:15:00+09:00,J4,848,737,1585
2019-12-15T06:15:00+09:00,J5,451,571,1022
2019-12-15T06:30:00+09:00,J1,729,785,1514
2019-12-15T06:30:00+09:00,J2,548,537,1085
2019-12-15T06:30:00+09:00,J3,856,853,1709
2019-12-15T06:30:00+09:00,J4,726,711,1437
2019-12-15T06:30:00+09:00,J5,546,552,1098
2019-12-15T06:45:00+09:00,J1,670,697,1367
2019-12-15T06:45:00+09:00,J2,465,438,903
2019-12-15T06:45:00+09:00,J3,835,742,1577
2019-12-15T06:45:00+09:00,J4,812,791,1603
2019-12-15T06:45:00+09:00,J5,545,550,1095
2019-12-15T07:00:00+09:00,J1,728,809,1537
2019-12-15T07:00:00+09:00,J2,398,420,818
2019-12-15T07:00:00+09:00,J3,941,729,1670
2019-12-15T07:00:00+09:00,J4,891,746,1637
2019-12-15T07:00:00+09:00,J5,587,606,1193
2019-12-15T07:15:00+09:00,J1,775,790,1565
2019-12-15T07:15:00+09:00,J2,454,429,883
2019-12-15T07:15:00+09:00,J3,956,790,1746
2019-12-15T07:15:00+09:00,J4,864,849,1713
2019-12-15T07:15:00+09:00,J5,641,632,1273
2019-12-15T07:30:00+09:00,J1,819,846,1665
2019-12-15T07:30:00+09:00,J2,510,489,999
2019-12-15T07:30:00+09:00,J3,900,819,1719
2019-12-15T07:30:00+09:00,J4,817,867,1684
2019-12-15T07:30:00+09:00,J5,689,645,1334
2019-12-15T07:45:00+09:00,J1,804,854,1658
2019-12-15T07:45:00+09:00,J2,461,477,938
2019-12-15T07:45:00+09:00,J3,900,807,1707
2019-12-15T07:45:00+09:00,J4,886,753,1639
2019-12-15T07:45:00+09:00,J5,661,663,1324
2019-12-15T08:00:00+09:00,J1,1026,1063,2089
2019-12-15T08:00:00+09:00,J2,628,625,1253
2019-12-15T08:00:00+09:00,J3,951,885,1836
2019-12-15T08:00:00+09:00,J4,960,817,1777
2019-12-15T08:00:00+09:00,J5,542,468,1010
2019-12-15T08:15:00+09:00,J1,1080,1084,2164
2019-12-15T08:15:00+09:00,J2,708,599,1307
2019-12-15T08:15:00+09:00,J3,1089,1116,2205
2019-12-15T08:15:00+09:00,J4,997,889,1886
2019-12-15T08:15:00+09:00,J5,561,606,1167
2019-12-15T08:30:00+09:00,J1,1003,1108,2111
2019-12-15T08:30:00+09:00,J2,615,610,1225
2019-12-15T08:30:00+09:00,J3,994,1030,2024
2019-12-15T08:30:00+09:00,J4,1029,980,2009
2019-12-15T08:30:00+09:00,J5,599,573,1172
2019-12-15T08:45:00+09:00,J1,939,1179,2118
2019-12-15T08:45:00+09:00,J2,548,485,1033
2019-12-15T08:45:00+09:00,J3,1012,861,1873
2019-12-15T08:45:00+09:00,J4,994,950,1944
2019-12-15T08:45:00+09:00,J5,549,569,1118
2019-12-15T09:00:00+09:00,J1,1007,1016,2023
2019-12-15T09:00:00+09:00,J2,592,527,1119
2019-12-15T09:00:00+09:00,J3,837,790,1627
2019-12-15T09:00:00+09:00,J4,1058,898,1956
2019-12-15T09:00:00+09:00,J5,421,432,853
2019-12-15T09:15:00+09:00,J1,1017,1017,2034
2019-12-15T09:15:00+09:00,J2,520,546,1066
2019-12-15T09:15:00+09:00,J3,983,905,1888
2019-12-15T09:15:00+09:00,J4,945,865,1810
2019-12-15T09:15:00+09:00,J5,424,465,889
2019-12-15T09:30:00+09:00,J1,1102,1002,2104
2019-12-15T09:30:00+09:00,J2,537,575,1112
2019-12-15T09:30:00+09:00,J3,1038,1012,2050
2019-12-15T09:30:00+09:00,J4,824,883,1707
2019-12-15T09:30:00+09:00,J5,472,449,921
2019-12-15T09:45:00+09:00,J1,1072,1112,2184
2019-12-15T09:45:00+09:00,J2,541,585,1126
2019-12-15T09:45:00+09:00,J3,1024,1052,2076
2019-12-15T09:45:00+09:00,J4,787,842,1629
2019-12-15T09:45:00+09:00,J5,436,417,853
2019-12-15T10:00:00+09:00,J1,1029,1052,2081
2019-12-15T10:00:00+09:00,J2,556,644,1200
2019-12-15T10:00:00+09:00,J3,1051,982,2033
2019-12-15T10:00:00+09:00,J4,813,842,1655
2019-12-15T10:00:00+09:00,J5,484,424,908
2019-12-15T10:15:00+09:00,J1,1053,974,2027
2019-12-15T10:15:00+09:00,J2,590,626,1216
2019-12-15T10:15:00+09:00,J3,977,1030,2007
2019-12-15T10:15:00+09:00,J4,881,842,1723
2019-12-15T10:15:00+09:00,J5,444,407,851
2019-12-15T10:30:00+09:00,J1,1103,1026,2129
2019-12-15T10:30:00+09:00,J2,619,663,1282
2019-12-15T10:30:00+09:00,J3,964,924,1888
2019-12-15T10:30:00+09:00,J4,888,882,1770
2019-12-15T10:30:00+09:00,J5,421,435,856
2019-12-15T10:45:00+09:00,J1,1040,1134,2174
2019-12-15T10:45:00+09:00,J2,661,582,1243
2019-12-15T10:45:00+09:00,J3,1092,1013,2105
2019-12-15T10:45:00+09:00,J4,894,924,1818
2019-12-15T10:45:00+09:00,J5,434,444,878
2019-12-15T11:00:00+09:00,J1,1071,1173,2244
2019-12-15T11:00:00+09:00,J2,748,720,1468
2019-12-15T11:00:00+09:00,J3,1224,1128,2352
2019-12-15T11:00:00+09:00,J4,944,920,1864
2019-12-15T11:00:00+09:00,J5,499,534,1033
2019-12-15T11:15:00+09:00,J1,1049,1208,2257
2019-12-15T11:15:00+09:00,J2,760,720,1480
2019-12-15T11:15:00+09:00,J3,1196,1181,2377
2019-12-15T11:15:00+09:00,J4,963,935,1898
2019-12-15T11:15:00+09:00,J5,538,585,1123
2019-12-15T11:30:00+09:00,J1,1038,1144,2182
2019-12-15T11:30:00+09:00,J2,837,707,1544
2019-12-15T11:30:00+09:00,J3,1206,1167,2373
2019-12-15T11:30:00+09:00,J4,1006,974,1980
2019-12-15T11:30:00+09:00,J5,582,635,1217
2019-12-15T11:45:00+09:00,J1,1052,1132,2184
2019-12-15T11:45:00+09:00,J2,775,742,1517
2019-12-15T11:45:00+09:00,J3,1100,1186,2286
2019-12-15T11:45:00+09:00,J4,1019,1036,2055
2019-12-15T11:45:00+09:00,J5,547,577,1124
2019-12-15T12:00:00+09:00,J1,1030,1197,2227
2019-12-15T12:00:00+09:00,J2,830,678,1508
2019-12-15T12:00:00+09:00,J3,1163,1048,2211
2019-12-15T12:00:00+09:00,J4,1011,901,1912
2019-12-15T12:00:00+09:00,J5,545,575,1120
2019-12-15T12:15:00+09:00,J1,1052,1206,2258
2019-12-15T12:15:00+09:00,J2,873,696,1569
2019-12-15T12:15:00+09:00,J3,1049,1056,2105
2019-12-15T12:15:00+09:00,J4,932,911,1843
2019-12-15T12:15:00+09:00,J5,449,454,903
2019-12-15T12:30:00+09:00,J1,1049,1168,2217
2019-12-15T12:30:00+09:00,J2,839,726,1565
2019-12-15T12:30:00+09:00,J3,1215,1092,2307
2019-12-15T12:30:00+09:00,J4,1120,1067,2187
2019-12-15T12:30:00+09:00,J5,432,484,916
2019-12-15T12:45:00+09:00,J1,1030,1141,2171
2019-12-15T12:45:00+09:00,J2,672,774,1446
2019-12-15T12:45:00+09:00,J3,1281,1164,2445
2019-12-15T12:45:00+09:00,J4,1060,1048,2108
2019-12-15T12:45:00+09:00,J5,427,430,857
2019-12-15T13:00:00+09:00,J1,990,1181,2171
2019-12-15T13:00:00+09:00,J2,708,725,1433
2019-12-15T13:00:00+09:00,J3,1219,1171,2390
2019-12-15T13:00:00+09:00,J4,995,1021,2016
2019-12-15T13:00:00+09:00,J5,472,411,883
2019-12-15T13:15:00+09:00,J1,1019,1169,2188
2019-12-15T13:15:00+09:00,J2,638,758,1396
2019-12-15T13:15:00+09:00,J3,1385,1254,2639
2019-12-15T13:15:00+09:00,J4,932,1068,2000
2019-12-15T13:15:00+09:00,J5,399,443,842
2019-12-15T13:30:00+09:00,J1,1008,1158,2166
2019-12-15T13:30:00+09:00,J2,654,751,1405
2019-12-15T13:30:00+09:00,J3,1330,1302,2632
2019-12-15T13:30:00+09:00,J4,978,897,1875
2019-12-15T13:30:00+09:00,J5,472,428,900
2019-12-15T13:45:00+09:00,J1,997,1213,2210
2019-12-15T13:45:00+09:00,J2,668,772,1440
2019-12-15T13:45:00+09:00,J3,1247,1231,2478
2019-12-15T13:45:00+09:00,J4,998,1046,2044
2019-12-15T13:45:00+09:00,J5,428,438,866
2019-12-15T14:00:00+09:00,J1,1014,1197,2211
2019-12-15T14:00:00+09:00,J2,678,772,1450
2019-12-15T14:00:00+09:00,J3,1280,1263,2543
2019-12-15T14:00:00+09:00,J4,933,1059,1992
2019-12-15T14:00:00+09:00,J5,472,441,913
2019-12-15T14:15:00+09:00,J1,983,1136,2119
2019-12-15T14:15:00+09:00,J2,682,802,1484
2019-12-15T14:15:00+09:00,J3,1324,1277,2601
2019-12-15T14:15:00+09:00,J4,1022,987,2009
2019-12-15T14:15:00+09:00,J5,505,473,978
2019-12-15T14:30:00+09:00,J1,1019,1219,2238
2019-12-15T14:30:00+09:00,J2,712,838,1550
2019-12-15T14:30:00+09:00,J3,1322,1166,2488
2019-12-15T14:30:00+09:00,J4,939,1057,1996
2019-12-15T14:30:00+09:00,J5,498,429,927
2019-12-15T14:45:00+09:00,J1,1088,1229,2317
2019-12-15T14:45:00+09:00,J2,681,811,1492
2019-12-15T14:45:00+09:00,J3,1230,1111,2341
2019-12-15T14:45:00+09:00,J4,832,1009,1841
2019-12-15T14:45:00+09:00,J5,455,430,885
2019-12-15T15:00:00+09:00,J1,1082,1260,2342
2019-12-15T15:00:00+09:00,J2,840,845,1685
2019-12-15T15:00:00+09:00,J3,1256,1136,2392
2019-12-15T15:00:00+09:00,J4,828,904,1732
2019-12-15T15:00:00+09:00,J5,470,449,919
2019-12-15T15:15:00+09:00,J1,1044,1309,2353
2019-12-15T15:15:00+09:00,J2,813,894,1707
2019-12-15T15:15:00+09:00,J3,1216,1170,2386
2019-12-15T15:15:00+09:00,J4,823,1031,1854
2019-12-15T15:15:00+09:00,J5,462,518,980
2019-12-15T15:30:00+09:00,J1,1051,1205,2256
2019-12-15T15:30:00+09:00,J2,870,760,1630
2019-12-15T15:30:00+09:00,J3,1235,1049,2284
2019-12-15T15:30:00+09:00,J4,839,940,1779
2019-12-15T15:30:00+09:00,J5,534,618,1152
2019-12-15T15:45:00+09:00,J1,1025,1250,2275
2019-12-15T15:45:00+09:00,J2,910,788,1698
2019-12-15T15:45:00+09:00,J3,1224,1126,2350
2019-12-15T15:45:00+09:00,J4,839,1070,1909
2019-12-15T15:45:00+09:00,J5,529,515,1044
2019-12-15T16:00:00+09:00,J1,990,1218,2208
2019-12-15T16:00:00+09:00,J2,770,822,1592
2019-12-15T16:00:00+09:00,J3,1307,1279,2586
2019-12-15T16:00:00+09:00,J4,842,975,1817
2019-12-15T16:00:00+09:00,J5,425,462,887
2019-12-15T16:15:00+09:00,J1,930,1214,2144
2019-12-15T16:15:00+09:00,J2,777,788,1565
2019-12-15T16:15:00+09:00,J3,1401,1260,2661
2019-12-15T16:15:00+09:00,J4,887,958,1845
2019-12-15T16:15:00+09:00,J5,450,464,914
2019-12-15T16:30:00+09:00,J1,1009,1158,2167
2019-12-15T16:30:00+09:00,J2,681,784,1465
2019-12-15T16:30:00+09:00,J3,1359,1294,2653
2019-12-15T16:30:00+09:00,J4,913,928,1841
2019-12-15T16:30:00+09:00,J5,458,450,908
2019-12-15T16:45:00+09:00,J1,1035,1238,2273
2019-12-15T16:45:00+09:00,J2,653,815,1468
2019-12-15T16:45:00+09:00,J3,1352,1360,2712
2019-12-15T16:45:00+09:00,J4,933,903,1836
2019-12-15T16:45:00+09:00,J5,450,451,901
2019-12-15T17:00:00+09:00,J1,1052,1245,2297
2019-12-15T17:00:00+09:00,J2,705,814,1519
2019-12-15T17:00:00+09:00,J3,1378,1263,2641
2019-12-15T17:00:00+09:00,J4,889,912,1801
2019-12-15T17:00:00+09:00,J5,435,460,895
2019-12-15T17:15:00+09:00,J1,1134,1244,2378
2019-12-15T17:15:00+09:00,J2,739,887,1626
2019-12-15T17:15:00+09:00,J3,1373,1211,2584
2019-12-15T17:15:00+09:00,J4,796,899,1695
2019-12-15T17:15:00+09:00,J5,497,498,995
2019-12-15T17:30:00+09:00,J1,1093,1161,2254
2019-12-15T17:30:00+09:00,J2,707,773,1480
2019-12-15T17:30:00+09:00,J3,1336,1130,2466
2019-12-15T17:30:00+09:00,J4,778,822,1600
2019-12-15T17:30:00+09:00,J5,455,452,907
2019-12-15T17:45:00+09:00,J1,1146,1186,2332
2019-12-15T17:45:00+09:00,J2,679,689,1368
2019-12-15T17:45:00+09:00,J3,1399,1094,2493
2019-12-15T17:45:00+09:00,J4,862,847,1709
2019-12-15T17:45:00+09:00,J5,435,443,878
2019-12-15T18:00:00+09:00,J1,1119,1285,2404
2019-12-15T18:00:00+09:00,J2,667,695,1362
2019-12-15T18:00:00+09:00,J3,1240,1077,2317
2019-12-15T18:00:00+09:00,J4,914,918,1832
2019-12-15T18:00:00+09:00,J5,474,471,945
2019-12-15T18:15:00+09:00,J1,1135,1246,2381
2019-12-15T18:15:00+09:00,J2,721,715,1436
2019-12-15T18:15:00+09:00,J3,1292,1133,2425
2019-12-15T18:15:00+09:00,J4,1046,958,2004
2019-12-15T18:15:00+09:00,J5,451,386,837
2019-12-15T18:30:00+09:00,J1,1089,1155,2244
2019-12-15T18:30:00+09:00,J2,724,682,1406
2019-12-15T18:30:00+09:00,J3,1052,967,2019
2019-12-15T18:30:00+09:00,J4,1053,904,1957
2019-12-15T18:30:00+09:00,J5,405,414,819
2019-12-15T18:45:00+09:00,J1,1066,1178,2244
2019-12-15T18:45:00+09:00,J2,729,718,1447
2019-12-15T18:45:00+09:00,J3,1020,839,1859
2019-12-15T18:45:00+09:00,J4,1004,883,1887
2019-12-15T18:45:00+09:00,J5,412,420,832
2019-12-15T19:00:00+09:00,J1,1053,1130,2183
2019-12-15T19:00:00+09:00,J2,665,716,1381
2019-12-15T19:00:00+09:00,J3,974,908,1882
2019-12-15T19:00:00+09:00,J4,999,957,1956
2019-12-15T19:00:00+09:00,J5,397,390,787
2019-12-15T19:15:00+09:00,J1,992,1129,2121
2019-12-15T19:15:00+09:00,J2,707,684,1391
2019-12-15T19:15:00+09:00,J3,1036,885,1921
2019-12-15T19:15:00+09:00,J4,1080,954,2034
2019-12-15T19:15:00+09:00,J5,405,435,840
2019-12-15T19:30:00+09:00,J1,1049,1084,2133
2019-12-15T19:30:00+09:00,J2,789,670,1459
2019-12-15T19:30:00+09:00,J3,913,908,1821
2019-12-15T19:30:00+09:00,J4,889,838,1727
2019-12-15T19:30:00+09:00,J5,371,369,740
2019-12-15T19:45:00+09:00,J1,1016,1002,2018
2019-12-15T19:45:00+09:00,J2,725,590,1315
2019-12-15T19:45:00+09:00,J3,873,874,1747
2019-12-15T19:45:00+09:00,J4,899,855,1754
2019-12-15T19:45:00+09:00,J5,404,422,826
2019-12-15T20:00:00+09:00,J1,995,1047,2042
2019-12-15T20:00:00+09:00,J2,730,619,1349
2019-12-15T20:00:00+09:00,J3,918,856,1774
2019-12-15T20:00:00+09:00,J4,1008,917,1925
2019-12-15T20:00:00+09:00,J5,410,462,872
2019-12-15T20:15:00+09:00,J1,967,1087,2054
2019-12-15T20:15:00+09:00,J2,662,675,1337
2019-12-15T20:15:00+09:00,J3,908,911,1819
2019-12-15T20:15:00+09:00,J4,1036,879,1915
2019-12-15T20:15:00+09:00,J5,425,417,842
2019-12-15T20:30:00+09:00,J1,970,1051,2021
2019-12-15T20:30:00+09:00,J2,626,686,1312
2019-12-15T20:30:00+09:00,J3,874,832,1706
2019-12-15T20:30:00+09:00,J4,882,913,1795
2019-12-15T20:30:00+09:00,J5,442,418,860
2019-12-15T20:45:00+09:00,J1,949,1144,2093
2019-12-15T20:45:00+09:00,J2,703,582,1285
2019-12-15T20:45:00+09:00,J3,883,741,1624
2019-12-15T20:45:00+09:00,J4,941,912,1853
2019-12-15T20:45:00+09:00,J5,437,443,880
2019-12-15T21:00:00+09:00,J1,897,1054,1951
2019-12-15T21:00:00+09:00,J2,535,578,1113
2019-12-15T21:00:00+09:00,J3,864,782,1646
2019-12-15T21:00:00+09:00,J4,980,878,1858
2019-12-15T21:00:00+09:00,J5,449,462,911
2019-12-15T21:15:00+09:00,J1,990,1062,2052
2019-12-15T21:15:00+09:00,J2,539,592,1131
2019-12-15T21:15:00+09:00,J3,837,783,1620
2019-12-15T21:15:00+09:00,J4,1010,883,1893
2019-12-15T21:15:00+09:00,J5,511,457,968
2019-12-15T21:30:00+09:00,J1,969,1042,2011
2019-12-15T21:30:00+09:00,J2,574,586,1160
2019-12-15T21:30:00+09:00,J3,785,835,1620
2019-12-15T21:30:00+09:00,J4,1009,965,1974
2019-12-15T21:30:00+09:00,J5,506,440,946
2019-12-15T21:45:00+09:00,J1,893,1048,1941
2019-12-15T21:45:00+09:00,J2,524,546,1070
2019-12-15T21:45:00+09:00,J3,820,773,1593
2019-12-15T21:45:00+09:00,J4,1012,869,1881
2019-12-15T21:45:00+09:00,J5,533,452,985
2019-12-15T22:00:00+09:00,J1,900,1023,1923
2019-12-15T22:00:00+09:00,J2,642,678,1320
2019-12-15T22:00:00+09:00,J3,947,930,1877
2019-12-15T22:00:00+09:00,J4,1044,889,1933
2019-12-15T22:00:00+09:00,J5,521,482,1003
2019-12-15T22:15:00+09:00,J1,882,1014,1896
2019-12-15T22:15:00+09:00,J2,598,641,1239
2019-12-15T22:15:00+09:00,J3,881,872,1753
2019-12-15T22:15:00+09:00,J4,951,932,1883
2019-12-15T22:15:00+09:00,J5,570,502,1072
2019-12-15T22:30:00+09:00,J1,866,1030,1896
2019-12-15T22:30:00+09:00,J2,656,734,1390
2019-12-15T22:30:00+09:00,J3,918,918,1836
2019-12-15T22:30:00+09:00,J4,1030,929,1959
2019-12-15T22:30:00+09:00,J5,613,576,1189
2019-12-15T22:45:00+09:00,J1,874,997,1871
2019-12-15T22:45:00+09:00,J2,699,647,1346
2019-12-15T22:45:00+09:00,J3,900,874,1774
2019-12-15T22:45:00+09:00,J4,1001,849,1850
2019-12-15T22:45:00+09:00,J5,637,565,1202
2019-12-15T23:00:00+09:00,J1,841,971,1812
2019-12-15T23:00:00+09:00,J2,649,583,1232
2019-12-15T23:00:00+09:00,J3,854,898,1752
2019-12-15T23:00:00+09:00,J4,995,883,1878
2019-12-15T23:00:00+09:00,J5,575,579,1154
2019-12-15T23:15:00+09:00,J1,807,946,1753
2019-12-15T23:15:00+09:00,J2,589,514,1103
2019-12-15T23:15:00+09:00,J3,927,896,1823
2019-12-15T23:15:00+09:00,J4,1031,994,2025
2019-12-15T23:15:00+09:00,J5,598,525,1123
2019-12-15T23:30:00+09:00,J1,757,895,1652
2019-12-15T23:30:00+09:00,J2,545,560,1105
2019-12-15T23:30:00+09:00,J3,891,845,1736
2019-12-15T23:30:00+09:00,J4,924,837,1761
2019-12-15T23:30:00+09:00,J5,479,549,1028
2019-12-15T23:45:00+09:00,J1,859,871,1730
2019-12-15T23:45:00+09:00,J2,612,589,1201
2019-12-15T23:45:00+09:00,J3,841,737,1578
2019-12-15T23:45:00+09:00,J4,929,785,1714
2019-12-15T23:45:00+09:00,J5,489,526,1015
2019-12-16T00:00:00+09:00,J1,646,713,1359
2019-12-16T00:00:00+09:00,J2,662,633,1295
2019-12-16T00:00:00+09:00,J3,917,728,1645
2019-12-16T00:00:00+09:00,J4,1031,793,1824
2019-12-16T00:00:00+09:00,J5,484,480,964
2019-12-16T00:15:00+09:00,J1,481,498,979
2019-12-16T00:15:00+09:00,J2,598,532,1130
2019-12-16T00:15:00+09:00,J3,804,590,1394
2019-12-16T00:15:00+09:00,J4,858,811,1669
2019-12-16T00:15:00+09:00,J5,426,402,828
2019-12-16T00:30:00+09:00,J1,403,483,886
2019-12-16T00:30:00+09:00,J2,576,535,1111
2019-12-16T00:30:00+09:00,J3,671,593,1264
2019-12-16T00:30:00+09:00,J4,738,773,1511
2019-12-16T00:30:00+09:00,J5,410,436,846
2019-12-16T00:45:00+09:00,J1,385,472,857
2019-12-16T00:45:00+09:00,J2,598,482,1080
2019-12-16T00:45:00+09:00,J3,753,632,1385
2019-12-16T00:45:00+09:00,J4,841,857,1698
2019-12-16T00:45:00+09:00,J5,414,401,815
2019-12-16T05:45:00+09:00,J1,651,654,1305
2019-12-16T05:45:00+09:00,J2,377,388,765
2019-12-16T05:45:00+09:00,J3,420,320,740
2019-12-16T05:45:00+09:00,J4,542,625,1167
2019-12-16T05:45:00+09:00,J5,536,502,1038
2019-12-16T06:00:00+09:00,J1,652,684,1336
2019-12-16T06:00:00+09:00,J2,430,375,805
2019-12-16T06:00:00+09:00,J3,495,383,878
2019-12-16T06:00:00+09:00,J4,666,776,1442
2019-12-16T06:00:00+09:00,J5,451,422,873
2019-12-16T06:15:00+09:00,J1,723,779,1502
2019-12-16T06:15:00+09:00,J2,515,486,1001
2019-12-16T06:15:00+09:00,J3,614,551,1165
2019-12-16T06:15:00+09:00,J4,718,816,1534
2019-12-16T06:15:00+09:00,J5,409,460,869
2019-12-16T06:30:00+09:00,J1,771,704,1475
2019-12-16T06:30:00+09:00,J2,565,491,1056
2019-12-16T06:30:00+09:00,J3,655,526,1181
2019-12-16T06:30:00+09:00,J4,685,751,1436
2019-12-16T06:30:00+09:00,J5,477,484,961
2019-12-16T06:45:00+09:00,J1,840,821,1661
2019-12-16T06:45:00+09:00,J2,610,476,1086
2019-12-16T06:45:00+09:00,J3,723,578,1301
2019-12-16T06:45:00+09:00,J4,709,760,1469
2019-12-16T06:45:00+09:00,J5,436,451,887
2019-12-16T07:00:00+09:00,J1,843,874,1717
2019-12-16T07:00:00+09:00,J2,467,443,910
2019-12-16T07:00:00+09:00,J3,762,566,1328
2019-12-16T07:00:00+09:00,J4,757,815,1572
2019-12-16T07:00:00+09:00,J5,607,637,1244
2019-12-16T07:15:00+09:00,J1,933,937,1870
2019-12-16T07:15:00+09:00,J2,584,464,1048
2019-12-16T07:15:00+09:00,J3,714,618,1332
2019-12-16T07:15:00+09:00,J4,747,834,1581
2019-12-16T07:15:00+09:00,J5,680,692,1372
2019-12-16T07:30:00+09:00,J1,969,921,1890
2019-12-16T07:30:00+09:00,J2,652,522,1174
2019-12-16T07:30:00+09:00,J3,712,732,1444
2019-12-16T07:30:00+09:00,J4,733,942,1675
2019-12-16T07:30:00+09:00,J5,761,723,1484
2019-12-16T07:45:00+09:00,J1,1044,1029,2073
2019-12-16T07:45:00+09:00,J2,899,633,1532
2019-12-16T07:45:00+09:00,J3,952,838,1790
2019-12-16T07:45:00+09:00,J4,772,983,1755
2019-12-16T07:45:00+09:00,J5,505,495,1000
2019-12-16T08:00:00+09:00,J1,1107,1115,2222
2019-12-16T08:00:00+09:00,J2,924,583,1507
2019-12-16T08:00:00+09:00,J3,1083,967,2050
2019-12-16T08:00:00+09:00,J4,938,1157,2095
2019-12-16T08:00:00+09:00,J5,486,472,958
2019-12-16T08:15:00+09:00,J1,1202,1054,2256
2019-12-16T08:15:00+09:00,J2,1091,546,1637
2019-12-16T08:15:00+09:00,J3,1045,1058,2103
2019-12-16T08:15:00+09:00,J4,980,1280,2260
2019-12-16T08:15:00+09:00,J5,436,514,950
2019-12-16T08:30:00+09:00,J1,1195,1149,2344
2019-12-16T08:30:00+09:00,J2,1107,793,1900
2019-12-16T08:30:00+09:00,J3,1040,1010,2050
2019-12-16T08:30:00+09:00,J4,1034,1097,2131
2019-12-16T08:30:00+09:00,J5,586,544,1130
2019-12-16T08:45:00+09:00,J1,1086,1096,2182
2019-12-16T08:45:00+09:00,J2,1015,803,1818
2019-12-16T08:45:00+09:00,J3,957,931,1888
2019-12-16T08:45:00+09:00,J4,868,1053,1921
2019-12-16T08:45:00+09:00,J5,511,493,1004
2019-12-16T09:00:00+09:00,J1,1106,1089,2195
2019-12-16T09:00:00+09:00,J2,859,712,1571
2019-12-16T09:00:00+09:00,J3,783,743,1526
2019-12-16T09:00:00+09:00,J4,747,881,1628
2019-12-16T09:00:00+09:00,J5,599,485,1084
2019-12-16T09:15:00+09:00,J1,1030,929,1959
2019-12-16T09:15:00+09:00,J2,743,727,1470
2019-12-16T09:15:00+09:00,J3,711,726,1437
2019-12-16T09:15:00+09:00,J4,728,867,1595
2019-12-16T09:15:00+09:00,J5,638,582,1220
2019-12-16T09:30:00+09:00,J1,1021,993,2014
2019-12-16T09:30:00+09:00,J2,765,508,1273
2019-12-16T09:30:00+09:00,J3,768,720,1488
2019-12-16T09:30:00+09:00,J4,623,753,1376
2019-12-16T09:30:00+09:00,J5,628,543,1171
2019-12-16T09:45:00+09:00,J1,1009,950,1959
2019-12-16T09:45:00+09:00,J2,742,597,1339
2019-12-16T09:45:00+09:00,J3,665,720,1385
2019-12-16T09:45:00+09:00,J4,721,732,1453
2019-12-16T09:45:00+09:00,J5,548,497,1045
2019-12-16T10:00:00+09:00,J1,1055,1089,2144
2019-12-16T10:00:00+09:00,J2,720,632,1352
2019-12-16T10:00:00+09:00,J3,717,744,1461
2019-12-16T10:00:00+09:00,J4,683,744,1427
2019-12-16T10:00:00+09:00,J5,560,567,1127
2019-12-16T10:15:00+09:00,J1,1039,1029,2068
2019-12-16T10:15:00+09:00,J2,792,658,1450
2019-12-16T10:15:00+09:00,J3,754,749,1503
2019-12-16T10:15:00+09:00,J4,647,780,1427
2019-12-16T10:15:00+09:00,J5,528,475,1003
2019-12-16T10:30:00+09:00,J1,1088,1007,2095
2019-12-16T10:30:00+09:00,J2,852,659,1511
2019-12-16T10:30:00+09:00,J3,819,806,1625
2019-12-16T10:30:00+09:00,J4,729,766,1495
2019-12-16T10:30:00+09:00,J5,550,467,1017
2019-12-16T10:45:00+09:00,J1,995,996,1991
2019-12-16T10:45:00+09:00,J2,746,688,1434
2019-12-16T10:45:00+09:00,J3,755,772,1527
2019-12-16T10:45:00+09:00,J4,889,897,1786
2019-12-16T10:45:00+09:00,J5,413,414,827
2019-12-16T11:00:00+09:00,J1,1018,1039,2057
2019-12-16T11:00:00+09:00,J2,800,736,1536
2019-12-16T11:00:00+09:00,J3,710,695,1405
2019-12-16T11:00:00+09:00,J4,907,1001,1908
2019-12-16T11:00:00+09:00,J5,445,410,855
2019-12-16T11:15:00+09:00,J1,1021,1075,2096
2019-12-16T11:15:00+09:00,J2,854,808,1662
2019-12-16T11:15:00+09:00,J3,836,807,1643
2019-12-16T11:15:00+09:00,J4,1116,957,2073
2019-12-16T11:15:00+09:00,J5,411,434,845
2019-12-16T11:30:00+09:00,J1,1043,1109,2152
2019-12-16T11:30:00+09:00,J2,843,863,1706
2019-12-16T11:30:00+09:00,J3,757,709,1466
2019-12-16T11:30:00+09:00,J4,1026,862,1888
2019-12-16T11:30:00+09:00,J5,481,558,1039
2019-12-16T11:45:00+09:00,J1,1065,1092,2157
2019-12-16T11:45:00+09:00,J2,799,792,1591
2019-12-16T11:45:00+09:00,J3,728,761,1489
2019-12-16T11:45:00+09:00,J4,922,827,1749
2019-12-16T11:45:00+09:00,J5,513,660,1173
2019-12-16T12:00:00+09:00,J1,981,1162,2143
2019-12-16T12:00:00+09:00,J2,857,863,1720
2019-12-16T12:00:00+09:00,J3,776,776,1552
2019-12-16T12:00:00+09:00,J4,1058,880,1938
2019-12-16T12:00:00+09:00,J5,603,689,1292
2019-12-16T12:15:00+09:00,J1,962,1063,2025
2019-12-16T12:15:00+09:00,J2,832,818,1650
2019-12-16T12:15:00+09:00,J3,728,769,1497
2019-12-16T12:15:00+09:00,J4,912,900,1812
2019-12-16T12:15:00+09:00,J5,566,578,1144
2019-12-16T12:30:00+09:00,J1,974,1056,2030
2019-12-16T12:30:00+09:00,J2,919,854,1773
2019-12-16T12:30:00+09:00,J3,842,845,1687
2019-12-16T12:30:00+09:00,J4,854,956,1810
2019-12-16T12:30:00+09:00,J5,469,623,1092
2019-12-16T12:45:00+09:00,J1,974,1075,2049
2019-12-16T12:45:00+09:00,J2,905,811,1716
2019-12-16T12:45:00+09:00,J3,792,824,1616
2019-12-16T12:45:00+09:00,J4,917,842,1759
2019-12-16T12:45:00+09:00,J5,487,545,1032
2019-12-16T13:00:00+09:00,J1,846,1009,1855
2019-12-16T13:00:00+09:00,J2,873,855,1728
2019-12-16T13:00:00+09:00,J3,846,836,1682
2019-12-16T13:00:00+09:00,J4,789,858,1647
2019-12-16T13:00:00+09:00,J5,434,472,906
2019-12-16T13:15:00+09:00,J1,916,1055,1971
2019-12-16T13:15:00+09:00,J2,877,852,1729
2019-12-16T13:15:00+09:00,J3,811,749,1560
2019-12-16T13:15:00+09:00,J4,743,946,1689
2019-12-16T13:15:00+09:00,J5,418,528,946
2019-12-16T13:30:00+09:00,J1,941,1067,2008
2019-12-16T13:30:00+09:00,J2,949,823,1772
2019-12-16T13:30:00+09:00,J3,845,749,1594
2019-12-16T13:30:00+09:00,J4,728,821,1549
2019-12-16T13:30:00+09:00,J5,439,495,934
2019-12-16T13:45:00+09:00,J1,949,1088,2037
2019-12-16T13:45:00+09:00,J2,862,797,1659
2019-12-16T13:45:00+09:00,J3,798,701,1499
2019-12-16T13:45:00+09:00,J4,793,817,1610
2019-12-16T13:45:00+09:00,J5,468,493,961
2019-12-16T14:00:00+09:00,J1,914,1012,1926
2019-12-16T14:00:00+09:00,J2,874,824,1698
2019-12-16T14:00:00+09:00,J3,870,741,1611
2019-12-16T14:00:00+09:00,J4,818,883,1701
2019-12-16T14:00:00+09:00,J5,435,510,945
2019-12-16T14:15:00+09:00,J1,897,1048,1945
2019-12-16T14:15:00+09:00,J2,907,787,1694
2019-12-16T14:15:00+09:00,J3,877,760,1637
2019-12-16T14:15:00+09:00,J4,778,934,1712
2019-12-16T14:15:00+09:00,J5,417,458,875
2019-12-16T14:30:00+09:00,J1,965,1018,1983
2019-12-16T14:30:00+09:00,J2,914,829,1743
2019-12-16T14:30:00+09:00,J3,726,700,1426
2019-12-16T14:30:00+09:00,J4,835,809,1644
2019-12-16T14:30:00+09:00,J5,417,506,923
2019-12-16T14:45:00+09:00,J1,864,1056,1920
2019-12-16T14:45:00+09:00,J2,835,855,1690
2019-12-16T14:45:00+09:00,J3,783,705,1488
2019-12-16T14:45:00+09:00,J4,761,795,1556
2019-12-16T14:45:00+09:00,J5,399,434,833
2019-12-16T15:00:00+09:00,J1,886,986,1872
2019-12-16T15:00:00+09:00,J2,947,877,1824
2019-12-16T15:00:00+09:00,J3,877,808,1685
2019-12-16T15:00:00+09:00,J4,690,830,1520
2019-12-16T15:00:00+09:00,J5,444,483,927
2019-12-16T15:15:00+09:00,J1,923,1006,1929
2019-12-16T15:15:00+09:00,J2,887,792,1679
2019-12-16T15:15:00+09:00,J3,762,813,1575
2019-12-16T15:15:00+09:00,J4,664,795,1459
2019-12-16T15:15:00+09:00,J5,423,535,958
2019-12-16T15:30:00+09:00,J1,913,1005,1918
2019-12-16T15:30:00+09:00,J2,859,779,1638
2019-12-16T15:30:00+09:00,J3,773,766,1539
2019-12-16T15:30:00+09:00,J4,638,756,1394
2019-12-16T15:30:00+09:00,J5,341,411,752
2019-12-16T15:45:00+09:00,J1,926,1006,1932
2019-12-16T15:45:00+09:00,J2,832,878,1710
2019-12-16T15:45:00+09:00,J3,711,745,1456
2019-12-16T15:45:00+09:00,J4,637,823,1460
2019-12-16T15:45:00+09:00,J5,387,372,759
2019-12-16T16:00:00+09:00,J1,916,1113,2029
2019-12-16T16:00:00+09:00,J2,830,799,1629
2019-12-16T16:00:00+09:00,J3,622,660,1282
2019-12-16T16:00:00+09:00,J4,688,749,1437
2019-12-16T16:00:00+09:00,J5,373,471,844
2019-12-16T16:15:00+09:00,J1,975,1048,2023
2019-12-16T16:15:00+09:00,J2,897,882,1779
2019-12-16T16:15:00+09:00,J3,702,765,1467
2019-12-16T16:15:00+09:00,J4,826,883,1709
2019-12-16T16:15:00+09:00,J5,444,473,917
2019-12-16T16:30:00+09:00,J1,928,1012,1940
2019-12-16T16:30:00+09:00,J2,872,801,1673
2019-12-16T16:30:00+09:00,J3,878,705,1583
2019-12-16T16:30:00+09:00,J4,860,876,1736
2019-12-16T16:30:00+09:00,J5,424,434,858
2019-12-16T16:45:00+09:00,J1,977,1037,2014
2019-12-16T16:45:00+09:00,J2,823,839,1662
2019-12-16T16:45:00+09:00,J3,838,770,1608
2019-12-16T16:45:00+09:00,J4,754,832,1586
2019-12-16T16:45:00+09:00,J5,398,425,823
2019-12-16T17:00:00+09:00,J1,957,1111,2068
2019-12-16T17:00:00+09:00,J2,855,869,1724
2019-12-16T17:00:00+09:00,J3,824,845,1669
2019-12-16T17:00:00+09:00,J4,762,801,1563
2019-12-16T17:00:00+09:00,J5,430,515,945
2019-12-16T17:15:00+09:00,J1,1023,1143,2166
2019-12-16T17:15:00+09:00,J2,939,917,1856
2019-12-16T17:15:00+09:00,J3,847,776,1623
2019-12-16T17:15:00+09:00,J4,834,712,1546
2019-12-16T17:15:00+09:00,J5,485,639,1124
2019-12-16T17:30:00+09:00,J1,1010,1187,2197
2019-12-16T17:30:00+09:00,J2,1025,1103,2128
2019-12-16T17:30:00+09:00,J3,970,818,1788
2019-12-16T17:30:00+09:00,J4,902,748,1650
2019-12-16T17:30:00+09:00,J5,497,665,1162
2019-12-16T17:45:00+09:00,J1,1053,1208,2261
2019-12-16T17:45:00+09:00,J2,1053,1030,2083
2019-12-16T17:45:00+09:00,J3,958,834,1792
2019-12-16T17:45:00+09:00,J4,1029,849,1878
2019-12-16T17:45:00+09:00,J5,547,644,1191
2019-12-16T18:00:00+09:00,J1,1107,1196,2303
2019-12-16T18:00:00+09:00,J2,1004,947,1951
2019-12-16T18:00:00+09:00,J3,930,875,1805
2019-12-16T18:00:00+09:00,J4,898,745,1643
2019-12-16T18:00:00+09:00,J5,534,725,1259
2019-12-16T18:15:00+09:00,J1,1018,1138,2156
2019-12-16T18:15:00+09:00,J2,1090,973,2063
2019-12-16T18:15:00+09:00,J3,874,810,1684
2019-12-16T18:15:00+09:00,J4,916,791,1707
2019-12-16T18:15:00+09:00,J5,558,731,1289
2019-12-16T18:30:00+09:00,J1,995,1111,2106
2019-12-16T18:30:00+09:00,J2,973,885,1858
2019-12-16T18:30:00+09:00,J3,716,748,1464
2019-12-16T18:30:00+09:00,J4,898,762,1660
2019-12-16T18:30:00+09:00,J5,530,592,1122
2019-12-16T18:45:00+09:00,J1,925,1011,1936
2019-12-16T18:45:00+09:00,J2,830,790,1620
2019-12-16T18:45:00+09:00,J3,709,666,1375
2019-12-16T18:45:00+09:00,J4,811,803,1614
2019-12-16T18:45:00+09:00,J5,463,563,1026
2019-12-16T19:00:00+09:00,J1,952,989,1941
2019-12-16T19:00:00+09:00,J2,724,711,1435
2019-12-16T19:00:00+09:00,J3,641,665,1306
2019-12-16T19:00:00+09:00,J4,864,829,1693
2019-12-16T19:00:00+09:00,J5,419,522,941
2019-12-16T19:15:00+09:00,J1,983,1137,2120
2019-12-16T19:15:00+09:00,J2,857,873,1730
2019-12-16T19:15:00+09:00,J3,670,645,1315
2019-12-16T19:15:00+09:00,J4,908,767,1675
2019-12-16T19:15:00+09:00,J5,414,533,947
2019-12-16T19:30:00+09:00,J1,901,1085,1986
2019-12-16T19:30:00+09:00,J2,768,813,1581
2019-12-16T19:30:00+09:00,J3,619,663,1282
2019-12-16T19:30:00+09:00,J4,818,800,1618
2019-12-16T19:30:00+09:00,J5,395,446,841
2019-12-16T19:45:00+09:00,J1,974,1079,2053
2019-12-16T19:45:00+09:00,J2,761,727,1488
2019-12-16T19:45:00+09:00,J3,622,648,1270
2019-12-16T19:45:00+09:00,J4,724,767,1491
2019-12-16T19:45:00+09:00,J5,362,465,827
2019-12-16T20:00:00+09:00,J1,914,1034,1948
2019-12-16T20:00:00+09:00,J2,743,773,1516
2019-12-16T20:00:00+09:00,J3,583,663,1246
2019-12-16T20:00:00+09:00,J4,708,748,1456
2019-12-16T20:00:00+09:00,J5,415,395,810
2019-12-16T20:15:00+09:00,J1,917,1065,1982
2019-12-16T20:15:00+09:00,J2,770,756,1526
2019-12-16T20:15:00+09:00,J3,579,624,1203
2019-12-16T20:15:00+09:00,J4,803,866,1669
2019-12-16T20:15:00+09:00,J5,375,402,777
2019-12-16T20:30:00+09:00,J1,972,1082,2054
2019-12-16T20:30:00+09:00,J2,637,708,1345
2019-12-16T20:30:00+09:00,J3,650,541,1191
2019-12-16T20:30:00+09:00,J4,867,826,1693
2019-12-16T20:30:00+09:00,J5,411,392,803
2019-12-16T20:45:00+09:00,J1,924,1091,2015
2019-12-16T20:45:00+09:00,J2,611,692,1303
2019-12-16T20:45:00+09:00,J3,568,560,1128
2019-12-16T20:45:00+09:00,J4,864,784,1648
2019-12-16T20:45:00+09:00,J5,346,382,728
2019-12-16T21:00:00+09:00,J1,953,1022,1975
2019-12-16T21:00:00+09:00,J2,575,580,1155
2019-12-16T21:00:00+09:00,J3,739,621,1360
2019-12-16T21:00:00+09:00,J4,833,861,1694
2019-12-16T21:00:00+09:00,J5,333,361,694
2019-12-16T21:15:00+09:00,J1,987,976,1963
2019-12-16T21:15:00+09:00,J2,530,601,1131
2019-12-16T21:15:00+09:00,J3,595,541,1136
2019-12-16T21:15:00+09:00,J4,870,801,1671
2019-12-16T21:15:00+09:00,J5,319,322,641
2019-12-16T21:30:00+09:00,J1,888,1015,1903
2019-12-16T21:30:00+09:00,J2,600,610,1210
2019-12-16T21:30:00+09:00,J3,643,635,1278
2019-12-16T21:30:00+09:00,J4,799,847,1646
2019-12-16T21:30:00+09:00,J5,375,332,707
2019-12-16T21:45:00+09:00,J1,888,1019,1907
2019-12-16T21:45:00+09:00,J2,462,529,991
2019-12-16T21:45:00+09:00,J3,594,611,1205
2019-12-16T21:45:00+09:00,J4,818,783,1601
2019-12-16T21:45:00+09:00,J5,381,369,750
2019-12-16T22:00:00+09:00,J1,874,885,1759
2019-12-16T22:00:00+09:00,J2,500,528,1028
2019-12-16T22:00:00+09:00,J3,552,582,1134
2019-12-16T22:00:00+09:00,J4,796,847,1643
2019-12-16T22:00:00+09:00,J5,329,401,730
2019-12-16T22:15:00+09:00,J1,848,943,1791
2019-12-16T22:15:00+09:00,J2,462,577,1039
2019-12-16T22:15:00+09:00,J3,523,557,1080
2019-12-16T22:15:00+09:00,J4,852,789,1641
2019-12-16T22:15:00+09:00,J5,371,321,692
2019-12-16T22:30:00+09:00,J1,840,892,1732
2019-12-16T22:30:00+09:00,J2,589,581,1170
2019-12-16T22:30:00+09:00,J3,477,517,994
2019-12-16T22:30:00+09:00,J4,798,734,1532
2019-12-16T22:30:00+09:00,J5,405,375,780
2019-12-16T22:45:00+09:00,J1,889,897,1786
2019-12-16T22:45:00+09:00,J2,566,592,1158
2019-12-16T22:45:00+09:00,J3,524,539,1063
2019-12-16T22:45:00+09:00,J4,760,770,1530
2019-12-16T22:45:00+09:00,J5,447,418,865
2019-12-16T23:00:00+09:00,J1,765,857,1622
2019-12-16T23:00:00+09:00,J2,608,604,1212
2019-12-16T23:00:00+09:00,J3,556,524,1080
2019-12-16T23:00:00+09:00,J4,751,781,1532
2019-12-16T23:00:00+09:00,J5,483,446,929
2019-12-16T23:15:00+09:00,J1,773,848,1621
2019-12-16T23:15:00+09:00,J2,594,515,1109
2019-12-16T23:15:00+09:00,J3,502,469,971
2019-12-16T23:15:00+09:00,J4,789,822,1611
2019-12-16T23:15:00+09:00,J5,523,522,1045
2019-12-16T23:30:00+09:00,J1,733,787,1520
2019-12-16T23:30:00+09:00,J2,645,516,1161
2019-12-16T23:30:00+09:00,J3,510,493,1003
2019-12-16T23:30:00+09:00,J4,725,778,1503
2019-12-16T23:30:00+09:00,J5,510,559,1069
2019-12-16T23:45:00+09:00,J1,801,795,1596
2019-12-16T23:45:00+09:00,J2,567,537,1104
2019-12-16T23:45:00+09:00,J3,450,447,897
2019-12-16T23:45:00+09:00,J4,697,682,1379
2019-12-16T23:45:00+09:00,J5,489,481,970
2019-12-17T00:00:00+09:00,J1,720,653,1373
2019-12-17T00:00:00+09:00,J2,702,538,1240
2019-12-17T00:00:00+09:00,J3,517,505,1022
2019-12-17T00:00:00+09:00,J4,595,626,1221
2019-12-17T00:00:00+09:00,J5,529,507,1036
2019-12-17T00:15:00+09:00,J1,532,477,1009
2019-12-17T00:15:00+09:00,J2,647,545,1192
2019-12-17T00:15:00+09:00,J3,614,565,1179
2019-12-17T00:15:00+09:00,J4,565,574,1139
2019-12-17T00:15:00+09:00,J5,421,469,890
2019-12-17T00:30:00+09:00,J1,582,453,1035
2019-12-17T00:30:00+09:00,J2,666,555,1221
2019-12-17T00:30:00+09:00,J3,638,533,1171
2019-12-17T00:30:00+09:00,J4,618,625,1243
2019-12-17T00:30:00+09:00,J5,375,383,758
2019-12-17T00:45:00+09:00,J1,550,478,1028
2019-12-17T00:45:00+09:00,J2,626,503,1129
2019-12-17T00:45:00+09:00,J3,671,547,1218
2019-12-17T00:45:00+09:00,J4,653,676,1329
2019-12-17T00:45:00+09:00,J5,335,358,693
2019-12-17T05:45:00+09:00,J1,416,387,803
2019-12-17T05:45:00+09:00,J2,647,606,1253
2019-12-17T05:45:00+09:00,J3,897,696,1593
2019-12-17T05:45:00+09:00,J4,912,767,1679
2019-12-17T05:45:00+09:00,J5,301,321,622
2019-12-17T06:00:00+09:00,J1,591,527,1118
2019-12-17T06:00:00+09:00,J2,674,583,1257
2019-12-17T06:00:00+09:00,J3,1010,821,1831
2019-12-17T06:00:00+09:00,J4,890,740,1630
2019-12-17T06:00:00+09:00,J5,320,310,630
2019-12-17T06:15:00+09:00,J1,590,640,1230
2019-12-17T06:15:00+09:00,J2,732,700,1432
2019-12-17T06:15:00+09:00,J3,968,888,1856
2019-12-17T06:15:00+09:00,J4,909,727,1636
2019-12-17T06:15:00+09:00,J5,440,521,961
2019-12-17T06:30:00+09:00,J1,605,611,1216
2019-12-17T06:30:00+09:00,J2,716,632,1348
2019-12-17T06:30:00+09:00,J3,948,854,1802
2019-12-17T06:30:00+09:00,J4,792,762,1554
2019-12-17T06:30:00+09:00,J5,513,574,1087
2019-12-17T06:45:00+09:00,J1,666,698,1364
2019-12-17T06:45:00+09:00,J2,734,652,1386
2019-12-17T06:45:00+09:00,J3,934,834,1768
2019-12-17T06:45:00+09:00,J4,921,807,1728
2019-12-17T06:45:00+09:00,J5,518,529,1047
2019-12-17T07:00:00+09:00,J1,688,784,1472
2019-12-17T07:00:00+09:00,J2,689,646,1335
2019-12-17T07:00:00+09:00,J3,819,921,1740
2019-12-17T07:00:00+09:00,J4,836,759,1595
2019-12-17T07:00:00+09:00,J5,591,564,1155
2019-12-17T07:15:00+09:00,J1,833,834,1667
2019-12-17T07:15:00+09:00,J2,837,745,1582
2019-12-17T07:15:00+09:00,J3,891,927,1818
2019-12-17T07:15:00+09:00,J4,955,790,1745
2019-12-17T07:15:00+09:00,J5,512,533,1045
2019-12-17T07:30:00+09:00,J1,882,913,1795
2019-12-17T07:30:00+09:00,J2,851,724,1575
2019-12-17T07:30:00+09:00,J3,1068,1102,2170
2019-12-17T07:30:00+09:00,J4,881,969,1850
2019-12-17T07:30:00+09:00,J5,453,453,906
2019-12-17T07:45:00+09:00,J1,955,1010,1965
2019-12-17T07:45:00+09:00,J2,921,647,1568
2019-12-17T07:45:00+09:00,J3,1096,1206,2302
2019-12-17T07:45:00+09:00,J4,846,1004,1850
2019-12-17T07:45:00+09:00,J5,555,544,1099
2019-12-17T08:00:00+09:00,J1,1067,1025,2092
2019-12-17T08:00:00+09:00,J2,835,582,1417
2019-12-17T08:00:00+09:00,J3,1270,1303,2573
2019-12-17T08:00:00+09:00,J4,878,1091,1969
2019-12-17T08:00:00+09:00,J5,588,625,1213
2019-12-17T08:15:00+09:00,J1,1161,1104,2265
2019-12-17T08:15:00+09:00,J2,1107,762,1869
2019-12-17T08:15:00+09:00,J3,1182,1339,2521
2019-12-17T08:15:00+09:00,J4,756,1187,1943
2019-12-17T08:15:00+09:00,J5,652,774,1426
2019-12-17T08:30:00+09:00,J1,1217,1078,2295
2019-12-17T08:30:00+09:00,J2,1130,803,1933
2019-12-17T08:30:00+09:00,J3,1013,1392,2405
2019-12-17T08:30:00+09:00,J4,801,1105,1906
2019-12-17T08:30:00+09:00,J5,625,778,1403
2019-12-17T08:45:00+09:00,J1,1102,1015,2117
2019-12-17T08:45:00+09:00,J2,968,705,1673
2019-12-17T08:45:00+09:00,J3,1035,1211,2246
2019-12-17T08:45:00+09:00,J4,732,995,1727
2019-12-17T08:45:00+09:00,J5,478,544,1022
2019-12-17T09:00:00+09:00,J1,948,976,1924
2019-12-17T09:00:00+09:00,J2,789,763,1552
2019-12-17T09:00:00+09:00,J3,891,1030,1921
2019-12-17T09:00:00+09:00,J4,840,908,1748
2019-12-17T09:00:00+09:00,J5,427,434,861
2019-12-17T09:15:00+09:00,J1,930,858,1788
2019-12-17T09:15:00+09:00,J2,805,748,1553
2019-12-17T09:15:00+09:00,J3,860,889,1749
2019-12-17T09:15:00+09:00,J4,785,826,1611
2019-12-17T09:15:00+09:00,J5,451,416,867
2019-12-17T09:30:00+09:00,J1,903,909,1812
2019-12-17T09:30:00+09:00,J2,857,660,1517
2019-12-17T09:30:00+09:00,J3,889,921,1810
2019-12-17T09:30:00+09:00,J4,824,853,1677
2019-12-17T09:30:00+09:00,J5,414,409,823
2019-12-17T09:45:00+09:00,J1,885,872,1757
2019-12-17T09:45:00+09:00,J2,719,609,1328
2019-12-17T09:45:00+09:00,J3,820,827,1647
2019-12-17T09:45:00+09:00,J4,819,800,1619
2019-12-17T09:45:00+09:00,J5,439,411,850
2019-12-17T10:00:00+09:00,J1,924,912,1836
2019-12-17T10:00:00+09:00,J2,697,596,1293
2019-12-17T10:00:00+09:00,J3,860,786,1646
2019-12-17T10:00:00+09:00,J4,759,748,1507
2019-12-17T10:00:00+09:00,J5,422,371,793
2019-12-17T10:15:00+09:00,J1,862,827,1689
2019-12-17T10:15:00+09:00,J2,813,676,1489
2019-12-17T10:15:00+09:00,J3,834,886,1720
2019-12-17T10:15:00+09:00,J4,703,796,1499
2019-12-17T10:15:00+09:00,J5,397,420,817
2019-12-17T10:30:00+09:00,J1,850,879,1729
2019-12-17T10:30:00+09:00,J2,843,695,1538
2019-12-17T10:30:00+09:00,J3,796,848,1644
2019-12-17T10:30:00+09:00,J4,781,928,1709
2019-12-17T10:30:00+09:00,J5,363,385,748
2019-12-17T10:45:00+09:00,J1,900,876,1776
2019-12-17T10:45:00+09:00,J2,825,851,1676
2019-12-17T10:45:00+09:00,J3,775,926,1701
2019-12-17T10:45:00+09:00,J4,736,806,1542
2019-12-17T10:45:00+09:00,J5,341,330,671
2019-12-17T11:00:00+09:00,J1,796,894,1690
2019-12-17T11:00:00+09:00,J2,806,756,1562
2019-12-17T11:00:00+09:00,J3,840,851,1691
2019-12-17T11:00:00+09:00,J4,731,876,1607
2019-12-17T11:00:00+09:00,J5,316,336,652
2019-12-17T11:15:00+09:00,J1,913,993,1906
2019-12-17T11:15:00+09:00,J2,808,734,1542
2019-12-17T11:15:00+09:00,J3,908,980,1888
2019-12-17T11:15:00+09:00,J4,727,831,1558
2019-12-17T11:15:00+09:00,J5,430,472,902
2019-12-17T11:30:00+09:00,J1,959,1013,1972
2019-12-17T11:30:00+09:00,J2,793,692,1485
2019-12-17T11:30:00+09:00,J3,910,940,1850
2019-12-17T11:30:00+09:00,J4,730,750,1480
2019-12-17T11:30:00+09:00,J5,435,530,965
2019-12-17T11:45:00+09:00,J1,914,1079,1993
2019-12-17T11:45:00+09:00,J2,640,558,1198
2019-12-17T11:45:00+09:00,J3,849,888,1737
2019-12-17T11:45:00+09:00,J4,758,757,1515
2019-12-17T11:45:00+09:00,J5,458,430,888
2019-12-17T12:00:00+09:00,J1,974,1058,2032
2019-12-17T12:00:00+09:00,J2,613,565,1178
2019-12-17T12:00:00+09:00,J3,905,984,1889
2019-12-17T12:00:00+09:00,J4,672,755,1427
2019-12-17T12:00:00+09:00,J5,416,471,887
2019-12-17T12:15:00+09:00,J1,758,979,1737
2019-12-17T12:15:00+09:00,J2,616,666,1282
2019-12-17T12:15:00+09:00,J3,1129,973,2102
2019-12-17T12:15:00+09:00,J4,645,702,1347
2019-12-17T12:15:00+09:00,J5,427,455,882
2019-12-17T12:30:00+09:00,J1,797,935,1732
2019-12-17T12:30:00+09:00,J2,700,739,1439
2019-12-17T12:30:00+09:00,J3,1047,992,2039
2019-12-17T12:30:00+09:00,J4,713,697,1410
2019-12-17T12:30:00+09:00,J5,342,430,772
2019-12-17T12:45:00+09:00,J1,766,988,1754
2019-12-17T12:45:00+09:00,J2,726,701,1427
2019-12-17T12:45:00+09:00,J3,1085,921,2006
2019-12-17T12:45:00+09:00,J4,711,678,1389
2019-12-17T12:45:00+09:00,J5,396,442,838
2019-12-17T13:00:00+09:00,J1,772,895,1667
2019-12-17T13:00:00+09:00,J2,713,729,1442
2019-12-17T13:00:00+09:00,J3,1050,916,1966
2019-12-17T13:00:00+09:00,J4,683,632,1315
2019-12-17T13:00:00+09:00,J5,440,421,861
2019-12-17T13:15:00+09:00,J1,807,961,1768
2019-12-17T13:15:00+09:00,J2,677,715,1392
2019-12-17T13:15:00+09:00,J3,1018,915,1933
2019-12-17T13:15:00+09:00,J4,723,623,1346
2019-12-17T13:15:00+09:00,J5,416,422,838
2019-12-17T13:30:00+09:00,J1,814,934,1748
2019-12-17T13:30:00+09:00,J2,713,775,1488
2019-12-17T13:30:00+09:00,J3,1036,856,1892
2019-12-17T13:30:00+09:00,J4,663,598,1261
2019-12-17T13:30:00+09:00,J5,437,351,788
2019-12-17T13:45:00+09:00,J1,807,951,1758
2019-12-17T13:45:00+09:00,J2,678,758,1436
2019-12-17T13:45:00+09:00,J3,963,863,1826
2019-12-17T13:45:00+09:00,J4,709,590,1299
2019-12-17T13:45:00+09:00,J5,424,439,863
2019-12-17T14:00:00+09:00,J1,838,953,1791
2019-12-17T14:00:00+09:00,J2,769,746,1515
2019-12-17T14:00:00+09:00,J3,851,807,1658
2019-12-17T14:00:00+09:00,J4,652,571,1223
2019-12-17T14:00:00+09:00,J5,380,350,730
2019-12-17T14:15:00+09:00,J1,797,952,1749
2019-12-17T14:15:00+09:00,J2,797,769,1566
2019-12-17T14:15:00+09:00,J3,968,866,1834
2019-12-17T14:15:00+09:00,J4,731,601,1332
2019-12-17T14:15:00+09:00,J5,411,408,819
2019-12-17T14:30:00+09:00,J1,785,946,1731
2019-12-17T14:30:00+09:00,J2,745,822,1567
2019-12-17T14:30:00+09:00,J3,947,898,1845
2019-12-17T14:30:00+09:00,J4,628,603,1231
2019-12-17T14:30:00+09:00,J5,414,426,840
2019-12-17T14:45:00+09:00,J1,788,1035,1823
2019-12-17T14:45:00+09:00,J2,861,766,1627
2019-12-17T14:45:00+09:00,J3,891,853,1744
2019-12-17T14:45:00+09:00,J4,675,540,1215
2019-12-17T14:45:00+09:00,J5,373,404,777
2019-12-17T15:00:00+09:00,J1,817,944,1761
2019-12-17T15:00:00+09:00,J2,787,824,1611
2019-12-17T15:00:00+09:00,J3,895,890,1785
2019-12-17T15:00:00+09:00,J4,682,558,1240
2019-12-17T15:00:00+09:00,J5,377,402,779
2019-12-17T15:15:00+09:00,J1,711,1019,1730
2019-12-17T15:15:00+09:00,J2,826,806,1632
2019-12-17T15:15:00+09:00,J3,850,867,1717
2019-12-17T15:15:00+09:00,J4,682,603,1285
2019-12-17T15:15:00+09:00,J5,416,420,836
2019-12-17T15:30:00+09:00,J1,811,961,1772
2019-12-17T15:30:00+09:00,J2,845,826,1671
2019-12-17T15:30:00+09:00,J3,992,937,1929
2019-12-17T15:30:00+09:00,J4,694,656,1350
2019-12-17T15:30:00+09:00,J5,394,368,762
2019-12-17T15:45:00+09:00,J1,711,968,1679
2019-12-17T15:45:00+09:00,J2,850,770,1620
2019-12-17T15:45:00+09:00,J3,958,943,1901
2019-12-17T15:45:00+09:00,J4,706,583,1289
2019-12-17T15:45:00+09:00,J5,366,354,720
2019-12-17T16:00:00+09:00,J1,752,984,1736
2019-12-17T16:00:00+09:00,J2,886,797,1683
2019-12-17T16:00:00+09:00,J3,983,897,1880
2019-12-17T16:00:00+09:00,J4,718,632,1350
2019-12-17T16:00:00+09:00,J5,426,399,825
2019-12-17T16:15:00+09:00,J1,783,1003,1786
2019-12-17T16:15:00+09:00,J2,894,872,1766
2019-12-17T16:15:00+09:00,J3,965,957,1922
2019-12-17T16:15:00+09:00,J4,780,673,1453
2019-12-17T16:15:00+09:00,J5,435,411,846
2019-12-17T16:30:00+09:00,J1,815,963,1778
2019-12-17T16:30:00+09:00,J2,930,819,1749
2019-12-17T16:30:00+09:00,J3,954,912,1866
2019-12-17T16:30:00+09:00,J4,705,660,1365
2019-12-17T16:30:00+09:00,J5,428,387,815
2019-12-17T16:45:00+09:00,J1,784,904,1688
2019-12-17T16:45:00+09:00,J2,872,784,1656
2019-12-17T16:45:00+09:00,J3,944,894,1838
2019-12-17T16:45:00+09:00,J4,665,605,1270
2019-12-17T16:45:00+09:00,J5,414,397,811
2019-12-17T17:00:00+09:00,J1,826,970,1796
2019-12-17T17:00:00+09:00,J2,941,933,1874
2019-12-17T17:00:00+09:00,J3,1153,912,2065
2019-12-17T17:00:00+09:00,J4,861,783,1644
2019-12-17T17:00:00+09:00,J5,461,443,904
2019-12-17T17:15:00+09:00,J1,820,1063,1883
2019-12-17T17:15:00+09:00,J2,967,949,1916
2019-12-17T17:15:00+09:00,J3,1212,976,2188
2019-12-17T17:15:00+09:00,J4,927,879,1806
2019-12-17T17:15:00+09:00,J5,498,567,1065
2019-12-17T17:30:00+09:00,J1,941,1014,1955
2019-12-17T17:30:00+09:00,J2,939,995,1934
2019-12-17T17:30:00+09:00,J3,1311,1038,2349
2019-12-17T17:30:00+09:00,J4,1114,959,2073
2019-12-17T17:30:00+09:00,J5,520,583,1103
2019-12-17T17:45:00+09:00,J1,869,1087,1956
2019-12-17T17:45:00+09:00,J2,1083,1016,2099
2019-12-17T17:45:00+09:00,J3,1302,1175,2477
2019-12-17T17:45:00+09:00,J4,1206,967,2173
2019-12-17T17:45:00+09:00,J5,549,610,1159
2019-12-17T18:00:00+09:00,J1,903,1127,2030
2019-12-17T18:00:00+09:00,J2,977,1058,2035
2019-12-17T18:00:00+09:00,J3,1426,1169,2595
2019-12-17T18:00:00+09:00,J4,1095,903,1998
2019-12-17T18:00:00+09:00,J5,541,627,1168
2019-12-17T18:15:00+09:00,J1,866,1133,1999
2019-12-17T18:15:00+09:00,J2,906,963,1869
2019-12-17T18:15:00+09:00,J3,1463,1041,2504
2019-12-17T18:15:00+09:00,J4,1103,902,2005
2019-12-17T18:15:00+09:00,J5,580,733,1313
2019-12-17T18:30:00+09:00,J1,943,1071,2014
2019-12-17T18:30:00+09:00,J2,945,850,1795
2019-12-17T18:30:00+09:00,J3,1305,1015,2320
2019-12-17T18:30:00+09:00,J4,1126,912,2038
2019-12-17T18:30:00+09:00,J5,581,648,1229
2019-12-17T18:45:00+09:00,J1,937,1031,1968
2019-12-17T18:45:00+09:00,J2,880,796,1676
2019-12-17T18:45:00+09:00,J3,1154,1035,2189
2019-12-17T18:45:00+09:00,J4,1040,822,1862
2019-12-17T18:45:00+09:00,J5,563,664,1227
2019-12-17T19:00:00+09:00,J1,851,927,1778
2019-12-17T19:00:00+09:00,J2,626,726,1352
2019-12-17T19:00:00+09:00,J3,1134,1001,2135
2019-12-17T19:00:00+09:00,J4,1013,808,1821
2019-12-17T19:00:00+09:00,J5,376,541,917
2019-12-17T19:15:00+09:00,J1,797,970,1767
2019-12-17T19:15:00+09:00,J2,648,744,1392
2019-12-17T19:15:00+09:00,J3,1138,906,2044
2019-12-17T19:15:00+09:00,J4,921,798,1719
2019-12-17T19:15:00+09:00,J5,475,522,997
2019-12-17T19:30:00+09:00,J1,822,993,1815
2019-12-17T19:30:00+09:00,J2,562,595,1157
2019-12-17T19:30:00+09:00,J3,1076,925,2001
2019-12-17T19:30:00+09:00,J4,818,701,1519
2019-12-17T19:30:00+09:00,J5,400,451,851
2019-12-17T19:45:00+09:00,J1,775,894,1669
2019-12-17T19:45:00+09:00,J2,550,643,1193
2019-12-17T19:45:00+09:00,J3,1045,910,1955
2019-12-17T19:45:00+09:00,J4,797,686,1483
2019-12-17T19:45:00+09:00,J5,432,434,866
2019-12-17T20:00:00+09:00,J1,809,937,1746
2019-12-17T20:00:00+09:00,J2,543,594,1137
2019-12-17T20:00:00+09:00,J3,972,877,1849
2019-12-17T20:00:00+09:00,J4,803,705,1508
2019-12-17T20:00:00+09:00,J5,414,409,823
2019-12-17T20:15:00+09:00,J1,835,927,1762
2019-12-17T20:15:00+09:00,J2,537,605,1142
2019-12-17T20:15:00+09:00,J3,1003,821,1824
2019-12-17T20:15:00+09:00,J4,799,676,1475
2019-12-17T20:15:00+09:00,J5,403,438,841
2019-12-17T20:30:00+09:00,J1,763,974,1737
2019-12-17T20:30:00+09:00,J2,533,634,1167
2019-12-17T20:30:00+09:00,J3,981,830,1811
2019-12-17T20:30:00+09:00,J4,700,646,1346
2019-12-17T20:30:00+09:00,J5,440,455,895
2019-12-17T20:45:00+09:00,J1,879,869,1748
2019-12-17T20:45:00+09:00,J2,576,629,1205
2019-12-17T20:45:00+09:00,J3,961,796,1757
2019-12-17T20:45:00+09:00,J4,695,638,1333
2019-12-17T20:45:00+09:00,J5,374,371,745
2019-12-17T21:00:00+09:00,J1,841,882,1723
2019-12-17T21:00:00+09:00,J2,554,576,1130
2019-12-17T21:00:00+09:00,J3,921,777,1698
2019-12-17T21:00:00+09:00,J4,720,735,1455
2019-12-17T21:00:00+09:00,J5,353,313,666
2019-12-17T21:15:00+09:00,J1,829,987,1816
2019-12-17T21:15:00+09:00,J2,555,571,1126
2019-12-17T21:15:00+09:00,J3,884,805,1689
2019-12-17T21:15:00+09:00,J4,672,625,1297
2019-12-17T21:15:00+09:00,J5,344,283,627
2019-12-17T21:30:00+09:00,J1,812,869,1681
2019-12-17T21:30:00+09:00,J2,520,578,1098
2019-12-17T21:30:00+09:00,J3,817,754,1571
2019-12-17T21:30:00+09:00,J4,645,601,1246
2019-12-17T21:30:00+09:00,J5,355,316,671
2019-12-17T21:45:00+09:00,J1,785,929,1714
2019-12-17T21:45:00+09:00,J2,475,572,1047
2019-12-17T21:45:00+09:00,J3,795,703,1498
2019-12-17T21:45:00+09:00,J4,596,686,1282
2019-12-17T21:45:00+09:00,J5,300,247,547
2019-12-17T22:00:00+09:00,J1,756,786,1542
2019-12-17T22:00:00+09:00,J2,521,549,1070
2019-12-17T22:00:00+09:00,J3,781,719,1500
2019-12-17T22:00:00+09:00,J4,622,691,1313
2019-12-17T22:00:00+09:00,J5,318,306,624
2019-12-17T22:15:00+09:00,J1,664,742,1406
2019-12-17T22:15:00+09:00,J2,465,549,1014
2019-12-17T22:15:00+09:00,J3,710,661,1371
2019-12-17T22:15:00+09:00,J4,591,572,1163
2019-12-17T22:15:00+09:00,J5,293,295,588
2019-12-17T22:30:00+09:00,J1,621,717,1338
2019-12-17T22:30:00+09:00,J2,504,513,1017
2019-12-17T22:30:00+09:00,J3,744,620,1364
2019-12-17T22:30:00+09:00,J4,561,638,1199
2019-12-17T22:30:00+09:00,J5,273,294,567
2019-12-17T22:45:00+09:00,J1,649,748,1397
2019-12-17T22:45:00+09:00,J2,505,519,1024
2019-12-17T22:45:00+09:00,J3,700,608,1308
2019-12-17T22:45:00+09:00,J4,548,586,1134
2019-12-17T22:45:00+09:00,J5,320,332,652
2019-12-17T23:00:00+09:00,J1,621,772,1393
2019-12-17T23:00:00+09:00,J2,514,572,1086
2019-12-17T23:00:00+09:00,J3,656,619,1275
2019-12-17T23:00:00+09:00,J4,561,622,1183
2019-12-17T23:00:00+09:00,J5,327,295,622
2019-12-17T23:15:00+09:00,J1,663,689,1352
2019-12-17T23:15:00+09:00,J2,493,553,1046
2019-12-17T23:15:00+09:00,J3,692,573,1265
2019-12-17T23:15:00+09:00,J4,542,614,1156
2019-12-17T23:15:00+09:00,J5,280,301,581
2019-12-17T23:30:00+09:00,J1,675,687,1362
2019-12-17T23:30:00+09:00,J2,490,531,1021
2019-12-17T23:30:00+09:00,J3,600,575,1175
2019-12-17T23:30:00+09:00,J4,493,590,1083
2019-12-17T23:30:00+09:00,J5,283,321,604
2019-12-17T23:45:00+09:00,J1,667,714,1381
2019-12-17T23:45:00+09:00,J2,522,551,1073
2019-12-17T23:45:00+09:00,J3,698,572,1270
2019-12-17T23:45:00+09:00,J4,548,537,1085
2019-12-17T23:45:00+09:00,J5,308,305,613
2019-12-18T00:00:00+09:00,J1,621,698,1319
2019-12-18T00:00:00+09:00,J2,569,568,1137
2019-12-18T00:00:00+09:00,J3,574,525,1099
2019-12-18T00:00:00+09:00,J4,510,570,1080
2019-12-18T00:00:00+09:00,J5,300,314,614
2019-12-18T00:15:00+09:00,J1,584,558,1142
2019-12-18T00:15:00+09:00,J2,546,423,969
2019-12-18T00:15:00+09:00,J3,576,554,1130
2019-12-18T00:15:00+09:00,J4,561,611,1172
2019-12-18T00:15:00+09:00,J5,421,440,861
2019-12-18T00:30:00+09:00,J1,337,328,665
2019-12-18T00:30:00+09:00,J2,531,474,1005
2019-12-18T00:30:00+09:00,J3,592,607,1199
2019-12-18T00:30:00+09:00,J4,565,605,1170
2019-12-18T00:30:00+09:00,J5,507,595,1102
2019-12-18T00:45:00+09:00,J1,344,343,687
2019-12-18T00:45:00+09:00,J2,530,484,1014
2019-12-18T00:45:00+09:00,J3,781,683,1464
2019-12-18T00:45:00+09:00,J4,616,589,1205
2019-12-18T00:45:00+09:00,J5,499,537,1036
2019-12-18T05:45:00+09:00,J1,489,484,973
2019-12-18T05:45:00+09:00,J2,679,640,1319
2019-12-18T05:45:00+09:00,J3,812,799,1611
2019-12-18T05:45:00+09:00,J4,714,631,1345
2019-12-18T05:45:00+09:00,J5,441,364,805
2019-12-18T06:00:00+09:00,J1,387,435,822
2019-12-18T06:00:00+09:00,J2,688,641,1329
2019-12-18T06:00:00+09:00,J3,933,875,1808
2019-12-18T06:00:00+09:00,J4,685,653,1338
2019-12-18T06:00:00+09:00,J5,456,504,960
2019-12-18T06:15:00+09:00,J1,602,623,1225
2019-12-18T06:15:00+09:00,J2,716,602,1318
2019-12-18T06:15:00+09:00,J3,898,803,1701
2019-12-18T06:15:00+09:00,J4,714,692,1406
2019-12-18T06:15:00+09:00,J5,568,682,1250
2019-12-18T06:30:00+09:00,J1,653,688,1341
2019-12-18T06:30:00+09:00,J2,646,634,1280
2019-12-18T06:30:00+09:00,J3,925,867,1792
2019-12-18T06:30:00+09:00,J4,674,631,1305
2019-12-18T06:30:00+09:00,J5,530,603,1133
2019-12-18T06:45:00+09:00,J1,723,700,1423
2019-12-18T06:45:00+09:00,J2,713,650,1363
2019-12-18T06:45:00+09:00,J3,917,799,1716
2019-12-18T06:45:00+09:00,J4,717,682,1399
2019-12-18T06:45:00+09:00,J5,527,533,1060
2019-12-18T07:00:00+09:00,J1,783,716,1499
2019-12-18T07:00:00+09:00,J2,764,694,1458
2019-12-18T07:00:00+09:00,J3,835,857,1692
2019-12-18T07:00:00+09:00,J4,729,714,1443
2019-12-18T07:00:00+09:00,J5,562,469,1031
2019-12-18T07:15:00+09:00,J1,819,718,1537
2019-12-18T07:15:00+09:00,J2,750,689,1439
2019-12-18T07:15:00+09:00,J3,881,858,1739
2019-12-18T07:15:00+09:00,J4,709,765,1474
2019-12-18T07:15:00+09:00,J5,560,504,1064
2019-12-18T07:30:00+09:00,J1,824,828,1652
2019-12-18T07:30:00+09:00,J2,768,657,1425
2019-12-18T07:30:00+09:00,J3,1053,1028,2081
2019-12-18T07:30:00+09:00,J4,737,872,1609
2019-12-18T07:30:00+09:00,J5,442,444,886
2019-12-18T07:45:00+09:00,J1,1018,961,1979
2019-12-18T07:45:00+09:00,J2,692,499,1191
2019-12-18T07:45:00+09:00,J3,1153,1148,2301
2019-12-18T07:45:00+09:00,J4,730,961,1691
2019-12-18T07:45:00+09:00,J5,562,570,1132
2019-12-18T08:00:00+09:00,J1,1083,1094,2177
2019-12-18T08:00:00+09:00,J2,673,527,1200
2019-12-18T08:00:00+09:00,J3,1144,1182,2326
2019-12-18T08:00:00+09:00,J4,758,988,1746
2019-12-18T08:00:00+09:00,J5,524,621,1145
2019-12-18T08:15:00+09:00,J1,1213,1143,2356
2019-12-18T08:15:00+09:00,J2,1122,692,1814
2019-12-18T08:15:00+09:00,J3,1287,1295,2582
2019-12-18T08:15:00+09:00,J4,680,1079,1759
2019-12-18T08:15:00+09:00,J5,562,734,1296
2019-12-18T08:30:00+09:00,J1,1194,1178,2372
2019-12-18T08:30:00+09:00,J2,1219,842,2061
2019-12-18T08:30:00+09:00,J3,1450,1462,2912
2019-12-18T08:30:00+09:00,J4,675,1111,1786
2019-12-18T08:30:00+09:00,J5,591,654,1245
2019-12-18T08:45:00+09:00,J1,1090,1170,2260
2019-12-18T08:45:00+09:00,J2,958,783,1741
2019-12-18T08:45:00+09:00,J3,1166,1276,2442
2019-12-18T08:45:00+09:00,J4,704,913,1617
2019-12-18T08:45:00+09:00,J5,521,486,1007
2019-12-18T09:00:00+09:00,J1,1187,1191,2378
2019-12-18T09:00:00+09:00,J2,873,687,1560
2019-12-18T09:00:00+09:00,J3,1054,1019,2073
2019-12-18T09:00:00+09:00,J4,730,858,1588
2019-12-18T09:00:00+09:00,J5,571,547,1118
2019-12-18T09:15:00+09:00,J1,1118,1013,2131
2019-12-18T09:15:00+09:00,J2,800,607,1407
2019-12-18T09:15:00+09:00,J3,1050,963,2013
2019-12-18T09:15:00+09:00,J4,787,850,1637
2019-12-18T09:15:00+09:00,J5,518,530,1048
2019-12-18T09:30:00+09:00,J1,1010,1043,2053
2019-12-18T09:30:00+09:00,J2,742,570,1312
2019-12-18T09:30:00+09:00,J3,967,932,1899
2019-12-18T09:30:00+09:00,J4,848,912,1760
2019-12-18T09:30:00+09:00,J5,550,506,1056
2019-12-18T09:45:00+09:00,J1,1103,1050,2153
2019-12-18T09:45:00+09:00,J2,678,550,1228
2019-12-18T09:45:00+09:00,J3,992,909,1901
2019-12-18T09:45:00+09:00,J4,816,794,1610
2019-12-18T09:45:00+09:00,J5,547,516,1063
2019-12-18T10:00:00+09:00,J1,1002,1006,2008
2019-12-18T10:00:00+09:00,J2,624,618,1242
2019-12-18T10:00:00+09:00,J3,873,809,1682
2019-12-18T10:00:00+09:00,J4,831,858,1689
2019-12-18T10:00:00+09:00,J5,524,501,1025
2019-12-18T10:15:00+09:00,J1,1006,1007,2013
2019-12-18T10:15:00+09:00,J2,698,656,1354
2019-12-18T10:15:00+09:00,J3,851,884,1735
2019-12-18T10:15:00+09:00,J4,806,851,1657
2019-12-18T10:15:00+09:00,J5,539,497,1036
2019-12-18T10:30:00+09:00,J1,1100,1072,2172
2019-12-18T10:30:00+09:00,J2,748,641,1389
2019-12-18T10:30:00+09:00,J3,938,831,1769
2019-12-18T10:30:00+09:00,J4,805,870,1675
2019-12-18T10:30:00+09:00,J5,535,477,1012
2019-12-18T10:45:00+09:00,J1,1086,1095,2181
2019-12-18T10:45:00+09:00,J2,900,738,1638
2019-12-18T10:45:00+09:00,J3,854,871,1725
2019-12-18T10:45:00+09:00,J4,842,915,1757
2019-12-18T10:45:00+09:00,J5,476,450,926
2019-12-18T11:00:00+09:00,J1,1081,1139,2220
2019-12-18T11:00:00+09:00,J2,758,650,1408
2019-12-18T11:00:00+09:00,J3,859,822,1681
2019-12-18T11:00:00+09:00,J4,792,929,1721
2019-12-18T11:00:00+09:00,J5,486,395,881
2019-12-18T11:15:00+09:00,J1,1026,1155,2181
2019-12-18T11:15:00+09:00,J2,809,720,1529
2019-12-18T11:15:00+09:00,J3,1040,1008,2048
2019-12-18T11:15:00+09:00,J4,774,913,1687
2019-12-18T11:15:00+09:00,J5,406,460,866
2019-12-18T11:30:00+09:00,J1,1094,1151,2245
2019-12-18T11:30:00+09:00,J2,799,707,1506
2019-12-18T11:30:00+09:00,J3,1033,1070,2103
2019-12-18T11:30:00+09:00,J4,712,858,1570
2019-12-18T11:30:00+09:00,J5,519,561,1080
2019-12-18T11:45:00+09:00,J1,1049,1209,2258
2019-12-18T11:45:00+09:00,J2,768,694,1462
2019-12-18T11:45:00+09:00,J3,1033,1064,2097
2019-12-18T11:45:00+09:00,J4,752,885,1637
2019-12-18T11:45:00+09:00,J5,513,631,1144
2019-12-18T12:00:00+09:00,J1,1054,1226,2280
2019-12-18T12:00:00+09:00,J2,795,809,1604
2019-12-18T12:00:00+09:00,J3,1115,1126,2241
2019-12-18T12:00:00+09:00,J4,801,885,1686
2019-12-18T12:00:00+09:00,J5,560,622,1182
2019-12-18T12:15:00+09:00,J1,925,1155,2080
2019-12-18T12:15:00+09:00,J2,886,770,1656
2019-12-18T12:15:00+09:00,J3,1101,1031,2132
2019-12-18T12:15:00+09:00,J4,700,839,1539
2019-12-18T12:15:00+09:00,J5,558,641,1199
2019-12-18T12:30:00+09:00,J1,1038,1136,2174
2019-12-18T12:30:00+09:00,J2,889,784,1673
2019-12-18T12:30:00+09:00,J3,1072,907,1979
2019-12-18T12:30:00+09:00,J4,662,769,1431
2019-12-18T12:30:00+09:00,J5,502,584,1086
2019-12-18T12:45:00+09:00,J1,959,1102,2061
2019-12-18T12:45:00+09:00,J2,876,797,1673
2019-12-18T12:45:00+09:00,J3,1050,876,1926
2019-12-18T12:45:00+09:00,J4,633,724,1357
2019-12-18T12:45:00+09:00,J5,464,510,974
2019-12-18T13:00:00+09:00,J1,979,1120,2099
2019-12-18T13:00:00+09:00,J2,843,823,1666
2019-12-18T13:00:00+09:00,J3,1208,973,2181
2019-12-18T13:00:00+09:00,J4,625,835,1460
2019-12-18T13:00:00+09:00,J5,468,476,944
2019-12-18T13:15:00+09:00,J1,1027,1187,2214
2019-12-18T13:15:00+09:00,J2,836,852,1688
2019-12-18T13:15:00+09:00,J3,1233,994,2227
2019-12-18T13:15:00+09:00,J4,689,792,1481
2019-12-18T13:15:00+09:00,J5,460,522,982
2019-12-18T13:30:00+09:00,J1,1016,1140,2156
2019-12-18T13:30:00+09:00,J2,800,812,1612
2019-12-18T13:30:00+09:00,J3,1295,1090,2385
2019-12-18T13:30:00+09:00,J4,657,774,1431
2019-12-18T13:30:00+09:00,J5,500,528,1028
2019-12-18T13:45:00+09:00,J1,1050,1174,2224
2019-12-18T13:45:00+09:00,J2,765,776,1541
2019-12-18T13:45:00+09:00,J3,1186,1065,2251
2019-12-18T13:45:00+09:00,J4,643,755,1398
2019-12-18T13:45:00+09:00,J5,454,472,926
2019-12-18T14:00:00+09:00,J1,947,1186,2133
2019-12-18T14:00:00+09:00,J2,696,749,1445
2019-12-18T14:00:00+09:00,J3,1155,1133,2288
2019-12-18T14:00:00+09:00,J4,718,754,1472
2019-12-18T14:00:00+09:00,J5,439,512,951
2019-12-18T14:15:00+09:00,J1,994,1213,2207
2019-12-18T14:15:00+09:00,J2,759,690,1449
2019-12-18T14:15:00+09:00,J3,1184,1140,2324
2019-12-18T14:15:00+09:00,J4,657,765,1422
2019-12-18T14:15:00+09:00,J5,413,450,863
2019-12-18T14:30:00+09:00,J1,1002,1170,2172
2019-12-18T14:30:00+09:00,J2,704,727,1431
2019-12-18T14:30:00+09:00,J3,1197,1084,2281
2019-12-18T14:30:00+09:00,J4,736,777,1513
2019-12-18T14:30:00+09:00,J5,455,466,921
2019-12-18T14:45:00+09:00,J1,982,1227,2209
2019-12-18T14:45:00+09:00,J2,701,717,1418
2019-12-18T14:45:00+09:00,J3,1198,1111,2309
2019-12-18T14:45:00+09:00,J4,676,741,1417
2019-12-18T14:45:00+09:00,J5,441,424,865
2019-12-18T15:00:00+09:00,J1,965,1198,2163
2019-12-18T15:00:00+09:00,J2,705,676,1381
2019-12-18T15:00:00+09:00,J3,1200,1160,2360
2019-12-18T15:00:00+09:00,J4,645,796,1441
2019-12-18T15:00:00+09:00,J5,464,448,912
2019-12-18T15:15:00+09:00,J1,989,1214,2203
2019-12-18T15:15:00+09:00,J2,676,785,1461
2019-12-18T15:15:00+09:00,J3,1221,1189,2410
2019-12-18T15:15:00+09:00,J4,614,681,1295
2019-12-18T15:15:00+09:00,J5,456,496,952
2019-12-18T15:30:00+09:00,J1,1002,1243,2245
2019-12-18T15:30:00+09:00,J2,626,736,1362
2019-12-18T15:30:00+09:00,J3,1223,1105,2328
2019-12-18T15:30:00+09:00,J4,687,721,1408
2019-12-18T15:30:00+09:00,J5,400,444,844
2019-12-18T15:45:00+09:00,J1,991,1135,2126
2019-12-18T15:45:00+09:00,J2,688,660,1348
2019-12-18T15:45:00+09:00,J3,1174,1164,2338
2019-12-18T15:45:00+09:00,J4,685,705,1390
2019-12-18T15:45:00+09:00,J5,457,472,929
2019-12-18T16:00:00+09:00,J1,960,1178,2138
2019-12-18T16:00:00+09:00,J2,636,673,1309
2019-12-18T16:00:00+09:00,J3,1252,1177,2429
2019-12-18T16:00:00+09:00,J4,651,763,1414
2019-12-18T16:00:00+09:00,J5,402,438,840
2019-12-18T16:15:00+09:00,J1,1001,1135,2136
2019-12-18T16:15:00+09:00,J2,769,828,1597
2019-12-18T16:15:00+09:00,J3,1216,1114,2330
2019-12-18T16:15:00+09:00,J4,708,805,1513
2019-12-18T16:15:00+09:00,J5,460,460,920
2019-12-18T16:30:00+09:00,J1,937,1124,2061
2019-12-18T16:30:00+09:00,J2,735,764,1499
2019-12-18T16:30:00+09:00,J3,1347,1266,2613
2019-12-18T16:30:00+09:00,J4,699,771,1470
2019-12-18T16:30:00+09:00,J5,455,473,928
2019-12-18T16:45:00+09:00,J1,934,1138,2072
2019-12-18T16:45:00+09:00,J2,677,692,1369
2019-12-18T16:45:00+09:00,J3,1286,1246,2532
2019-12-18T16:45:00+09:00,J4,683,829,1512
2019-12-18T16:45:00+09:00,J5,441,453,894
2019-12-18T17:00:00+09:00,J1,1041,1162,2203
2019-12-18T17:00:00+09:00,J2,696,797,1493
2019-12-18T17:00:00+09:00,J3,1398,1196,2594
2019-12-18T17:00:00+09:00,J4,857,788,1645
2019-12-18T17:00:00+09:00,J5,467,463,930
2019-12-18T17:15:00+09:00,J1,1126,1162,2288
2019-12-18T17:15:00+09:00,J2,855,842,1697
2019-12-18T17:15:00+09:00,J3,1341,1338,2679
2019-12-18T17:15:00+09:00,J4,933,754,1687
2019-12-18T17:15:00+09:00,J5,479,629,1108
2019-12-18T17:30:00+09:00,J1,1098,1234,2332
2019-12-18T17:30:00+09:00,J2,906,884,1790
2019-12-18T17:30:00+09:00,J3,1518,1353,2871
2019-12-18T17:30:00+09:00,J4,995,756,1751
2019-12-18T17:30:00+09:00,J5,517,551,1068
2019-12-18T17:45:00+09:00,J1,1091,1228,2319
2019-12-18T17:45:00+09:00,J2,838,911,1749
2019-12-18T17:45:00+09:00,J3,1541,1331,2872
2019-12-18T17:45:00+09:00,J4,1010,780,1790
2019-12-18T17:45:00+09:00,J5,560,608,1168
2019-12-18T18:00:00+09:00,J1,1085,1204,2289
2019-12-18T18:00:00+09:00,J2,883,935,1818
2019-12-18T18:00:00+09:00,J3,1429,1221,2650
2019-12-18T18:00:00+09:00,J4,996,813,1809
2019-12-18T18:00:00+09:00,J5,522,595,1117
2019-12-18T18:15:00+09:00,J1,1156,1190,2346
2019-12-18T18:15:00+09:00,J2,912,914,1826
2019-12-18T18:15:00+09:00,J3,1612,1269,2881
2019-12-18T18:15:00+09:00,J4,1059,934,1993
2019-12-18T18:15:00+09:00,J5,527,597,1124
2019-12-18T18:30:00+09:00,J1,1083,1221,2304
2019-12-18T18:30:00+09:00,J2,902,784,1686
2019-12-18T18:30:00+09:00,J3,1405,1179,2584
2019-12-18T18:30:00+09:00,J4,1037,928,1965
2019-12-18T18:30:00+09:00,J5,445,514,959
2019-12-18T18:45:00+09:00,J1,1067,1145,2212
2019-12-18T18:45:00+09:00,J2,812,747,1559
2019-12-18T18:45:00+09:00,J3,1198,990,2188
2019-12-18T18:45:00+09:00,J4,888,904,1792
2019-12-18T18:45:00+09:00,J5,474,444,918
2019-12-18T19:00:00+09:00,J1,981,1119,2100
2019-12-18T19:00:00+09:00,J2,791,734,1525
2019-12-18T19:00:00+09:00,J3,1180,1032,2212
2019-12-18T19:00:00+09:00,J4,882,934,1816
2019-12-18T19:00:00+09:00,J5,479,448,927
2019-12-18T19:15:00+09:00,J1,1053,1150,2203
2019-12-18T19:15:00+09:00,J2,850,754,1604
2019-12-18T19:15:00+09:00,J3,1121,1001,2122
2019-12-18T19:15:00+09:00,J4,973,906,1879
2019-12-18T19:15:00+09:00,J5,468,518,986
2019-12-18T19:30:00+09:00,J1,999,1179,2178
2019-12-18T19:30:00+09:00,J2,723,739,1462
2019-12-18T19:30:00+09:00,J3,1118,1017,2135
2019-12-18T19:30:00+09:00,J4,894,894,1788
2019-12-18T19:30:00+09:00,J5,422,446,868
2019-12-18T19:45:00+09:00,J1,1018,1153,2171
2019-12-18T19:45:00+09:00,J2,687,715,1402
2019-12-18T19:45:00+09:00,J3,1009,896,1905
2019-12-18T19:45:00+09:00,J4,938,858,1796
2019-12-18T19:45:00+09:00,J5,458,405,863
2019-12-18T20:00:00+09:00,J1,1006,1076,2082
2019-12-18T20:00:00+09:00,J2,694,678,1372
2019-12-18T20:00:00+09:00,J3,1024,939,1963
2019-12-18T20:00:00+09:00,J4,937,886,1823
2019-12-18T20:00:00+09:00,J5,427,411,838
2019-12-18T20:15:00+09:00,J1,1036,1201,2237
2019-12-18T20:15:00+09:00,J2,717,664,1381
2019-12-18T20:15:00+09:00,J3,1090,900,1990
2019-12-18T20:15:00+09:00,J4,946,885,1831
2019-12-18T20:15:00+09:00,J5,417,432,849
2019-12-18T20:30:00+09:00,J1,1030,1144,2174
2019-12-18T20:30:00+09:00,J2,669,635,1304
2019-12-18T20:30:00+09:00,J3,1060,914,1974
2019-12-18T20:30:00+09:00,J4,975,861,1836
2019-12-18T20:30:00+09:00,J5,451,446,897
2019-12-18T20:45:00+09:00,J1,1048,1163,2211
2019-12-18T20:45:00+09:00,J2,534,610,1144
2019-12-18T20:45:00+09:00,J3,1035,893,1928
2019-12-18T20:45:00+09:00,J4,871,809,1680
2019-12-18T20:45:00+09:00,J5,421,413,834
2019-12-18T21:00:00+09:00,J1,993,1130,2123
2019-12-18T21:00:00+09:00,J2,589,610,1199
2019-12-18T21:00:00+09:00,J3,1018,877,1895
2019-12-18T21:00:00+09:00,J4,1068,888,1956
2019-12-18T21:00:00+09:00,J5,472,463,935
2019-12-18T21:15:00+09:00,J1,950,1192,2142
2019-12-18T21:15:00+09:00,J2,540,596,1136
2019-12-18T21:15:00+09:00,J3,1026,1000,2026
2019-12-18T21:15:00+09:00,J4,1069,843,1912
2019-12-18T21:15:00+09:00,J5,420,404,824
2019-12-18T21:30:00+09:00,J1,1021,1089,2110
2019-12-18T21:30:00+09:00,J2,495,511,1006
2019-12-18T21:30:00+09:00,J3,1052,1013,2065
2019-12-18T21:30:00+09:00,J4,973,817,1790
2019-12-18T21:30:00+09:00,J5,405,397,802
2019-12-18T21:45:00+09:00,J1,994,1138,2132
2019-12-18T21:45:00+09:00,J2,683,576,1259
2019-12-18T21:45:00+09:00,J3,1056,985,2041
2019-12-18T21:45:00+09:00,J4,1001,839,1840
2019-12-18T21:45:00+09:00,J5,483,448,931
2019-12-18T22:00:00+09:00,J1,946,1090,2036
2019-12-18T22:00:00+09:00,J2,551,558,1109
2019-12-18T22:00:00+09:00,J3,1075,1009,2084
2019-12-18T22:00:00+09:00,J4,937,816,1753
2019-12-18T22:00:00+09:00,J5,527,450,977
2019-12-18T22:15:00+09:00,J1,928,1116,2044
2019-12-18T22:15:00+09:00,J2,648,643,1291
2019-12-18T22:15:00+09:00,J3,1046,1070,2116
2019-12-18T22:15:00+09:00,J4,994,888,1882
2019-12-18T22:15:00+09:00,J5,449,436,885
2019-12-18T22:30:00+09:00,J1,922,1067,1989
2019-12-18T22:30:00+09:00,J2,655,614,1269
2019-12-18T22:30:00+09:00,J3,1062,1017,2079
2019-12-18T22:30:00+09:00,J4,933,817,1750
2019-12-18T22:30:00+09:00,J5,580,510,1090
2019-12-18T22:45:00+09:00,J1,899,1032,1931
2019-12-18T22:45:00+09:00,J2,586,609,1195
2019-12-18T22:45:00+09:00,J3,1111,983,2094
2019-12-18T22:45:00+09:00,J4,909,905,1814
2019-12-18T22:45:00+09:00,J5,584,624,1208
2019-12-18T23:00:00+09:00,J1,891,1058,1949
2019-12-18T23:00:00+09:00,J2,591,621,1212
2019-12-18T23:00:00+09:00,J3,1025,988,2013
2019-12-18T23:00:00+09:00,J4,764,772,1536
2019-12-18T23:00:00+09:00,J5,569,582,1151
2019-12-18T23:15:00+09:00,J1,852,1019,1871
2019-12-18T23:15:00+09:00,J2,553,610,1163
2019-12-18T23:15:00+09:00,J3,1019,894,1913
2019-12-18T23:15:00+09:00,J4,807,920,1727
2019-12-18T23:15:00+09:00,J5,550,574,1124
2019-12-18T23:30:00+09:00,J1,870,1035,1905
2019-12-18T23:30:00+09:00,J2,640,643,1283
2019-12-18T23:30:00+09:00,J3,917,957,1874
2019-12-18T23:30:00+09:00,J4,784,811,1595
2019-12-18T23:30:00+09:00,J5,525,499,1024
2019-12-18T23:45:00+09:00,J1,853,946,1799
2019-12-18T23:45:00+09:00,J2,559,560,1119
2019-12-18T23:45:00+09:00,J3,968,888,1856
2019-12-18T23:45:00+09:00,J4,660,782,1442
2019-12-18T23:45:00+09:00,J5,512,587,1099
2019-12-19T00:00:00+09:00,J1,647,691,1338
2019-12-19T00:00:00+09:00,J2,550,532,1082
2019-12-19T00:00:00+09:00,J3,931,854,1785
2019-12-19T00:00:00+09:00,J4,633,712,1345
2019-12-19T00:00:00+09:00,J5,544,621,1165
2019-12-19T00:15:00+09:00,J1,491,552,1043
2019-12-19T00:15:00+09:00,J2,537,576,1113
2019-12-19T00:15:00+09:00,J3,772,669,1441
2019-12-19T00:15:00+09:00,J4,699,690,1389
2019-12-19T00:15:00+09:00,J5,411,407,818
2019-12-19T00:30:00+09:00,J1,464,445,909
2019-12-19T00:30:00+09:00,J2,592,544,1136
2019-12-19T00:30:00+09:00,J3,669,599,1268
2019-12-19T00:30:00+09:00,J4,802,758,1560
2019-12-19T00:30:00+09:00,J5,438,460,898
2019-12-19T00:45:00+09:00,J1,361,377,738
2019-12-19T00:45:00+09:00,J2,586,581,1167
2019-12-19T00:45:00+09:00,J3,798,688,1486
2019-12-19T00:45:00+09:00,J4,886,764,1650
2019-12-19T00:45:00+09:00,J5,445,426,871
2019-12-19T05:45:00+09:00,J1,391,506,897
2019-12-19T05:45:00+09:00,J2,392,457,849
2019-12-19T05:45:00+09:00,J3,690,688,1378
2019-12-19T05:45:00+09:00,J4,951,874,1825
2019-12-19T05:45:00+09:00,J5,467,450,917
2019-12-19T06:00:00+09:00,J1,609,571,1180
2019-12-19T06:00:00+09:00,J2,437,420,857
2019-12-19T06:00:00+09:00,J3,621,612,1233
2019-12-19T06:00:00+09:00,J4,954,994,1948
2019-12-19T06:00:00+09:00,J5,444,540,984
2019-12-19T06:15:00+09:00,J1,704,681,1385
2019-12-19T06:15:00+09:00,J2,452,480,932
2019-12-19T06:15:00+09:00,J3,711,668,1379
2019-12-19T06:15:00+09:00,J4,571,644,1215
2019-12-19T06:15:00+09:00,J5,484,447,931
2019-12-19T06:30:00+09:00,J1,729,674,1403
2019-12-19T06:30:00+09:00,J2,469,389,858
2019-12-19T06:30:00+09:00,J3,690,661,1351
2019-12-19T06:30:00+09:00,J4,449,530,979
2019-12-19T06:30:00+09:00,J5,455,408,863
2019-12-19T06:45:00+09:00,J1,807,792,1599
2019-12-19T06:45:00+09:00,J2,470,416,886
2019-12-19T06:45:00+09:00,J3,822,672,1494
2019-12-19T06:45:00+09:00,J4,547,671,1218
2019-12-19T06:45:00+09:00,J5,472,441,913
2019-12-19T07:00:00+09:00,J1,939,933,1872
2019-12-19T07:00:00+09:00,J2,539,462,1001
2019-12-19T07:00:00+09:00,J3,840,765,1605
2019-12-19T07:00:00+09:00,J4,587,701,1288
2019-12-19T07:00:00+09:00,J5,455,440,895
2019-12-19T07:15:00+09:00,J1,1083,1060,2143
2019-12-19T07:15:00+09:00,J2,587,538,1125
2019-12-19T07:15:00+09:00,J3,879,795,1674
2019-12-19T07:15:00+09:00,J4,755,883,1638
2019-12-19T07:15:00+09:00,J5,484,464,948
2019-12-19T07:30:00+09:00,J1,1039,1127,2166
2019-12-19T07:30:00+09:00,J2,663,493,1156
2019-12-19T07:30:00+09:00,J3,1085,1098,2183
2019-12-19T07:30:00+09:00,J4,694,835,1529
2019-12-19T07:30:00+09:00,J5,544,570,1114
2019-12-19T07:45:00+09:00,J1,1207,1183,2390
2019-12-19T07:45:00+09:00,J2,792,507,1299
2019-12-19T07:45:00+09:00,J3,1149,1088,2237
2019-12-19T07:45:00+09:00,J4,910,1088,1998
2019-12-19T07:45:00+09:00,J5,565,607,1172
2019-12-19T08:00:00+09:00,J1,1235,1186,2421
2019-12-19T08:00:00+09:00,J2,825,572,1397
2019-12-19T08:00:00+09:00,J3,1241,1199,2440
2019-12-19T08:00:00+09:00,J4,961,1149,2110
2019-12-19T08:00:00+09:00,J5,556,530,1086
2019-12-19T08:15:00+09:00,J1,1196,1154,2350
2019-12-19T08:15:00+09:00,J2,993,572,1565
2019-12-19T08:15:00+09:00,J3,1265,1309,2574
2019-12-19T08:15:00+09:00,J4,985,1150,2135
2019-12-19T08:15:00+09:00,J5,525,526,1051
2019-12-19T08:30:00+09:00,J1,1230,1176,2406
2019-12-19T08:30:00+09:00,J2,970,532,1502
2019-12-19T08:30:00+09:00,J3,1207,1323,2530
2019-12-19T08:30:00+09:00,J4,1036,1132,2168
2019-12-19T08:30:00+09:00,J5,549,538,1087
2019-12-19T08:45:00+09:00,J1,1150,1033,2183
2019-12-19T08:45:00+09:00,J2,767,444,1211
2019-12-19T08:45:00+09:00,J3,911,1079,1990
2019-12-19T08:45:00+09:00,J4,885,1003,1888
2019-12-19T08:45:00+09:00,J5,535,501,1036
2019-12-19T09:00:00+09:00,J1,1096,1123,2219
2019-12-19T09:00:00+09:00,J2,677,505,1182
2019-12-19T09:00:00+09:00,J3,886,851,1737
2019-12-19T09:00:00+09:00,J4,739,828,1567
2019-12-19T09:00:00+09:00,J5,496,510,1006
2019-12-19T09:15:00+09:00,J1,1050,1028,2078
2019-12-19T09:15:00+09:00,J2,648,420,1068
2019-12-19T09:15:00+09:00,J3,942,800,1742
2019-12-19T09:15:00+09:00,J4,873,906,1779
2019-12-19T09:15:00+09:00,J5,597,539,1136
2019-12-19T09:30:00+09:00,J1,1107,1042,2149
2019-12-19T09:30:00+09:00,J2,670,440,1110
2019-12-19T09:30:00+09:00,J3,926,826,1752
2019-12-19T09:30:00+09:00,J4,1029,989,2018
2019-12-19T09:30:00+09:00,J5,517,506,1023
2019-12-19T09:45:00+09:00,J1,1042,1063,2105
2019-12-19T09:45:00+09:00,J2,569,469,1038
2019-12-19T09:45:00+09:00,J3,933,822,1755
2019-12-19T09:45:00+09:00,J4,1004,969,1973
2019-12-19T09:45:00+09:00,J5,595,507,1102
2019-12-19T10:00:00+09:00,J1,1115,1112,2227
2019-12-19T10:00:00+09:00,J2,590,511,1101
2019-12-19T10:00:00+09:00,J3,925,795,1720
2019-12-19T10:00:00+09:00,J4,1023,938,1961
2019-12-19T10:00:00+09:00,J5,593,531,1124
2019-12-19T10:15:00+09:00,J1,1047,1008,2055
2019-12-19T10:15:00+09:00,J2,673,591,1264
2019-12-19T10:15:00+09:00,J3,846,780,1626
2019-12-19T10:15:00+09:00,J4,1064,1043,2107
2019-12-19T10:15:00+09:00,J5,508,542,1050
2019-12-19T10:30:00+09:00,J1,1062,1096,2158
2019-12-19T10:30:00+09:00,J2,722,566,1288
2019-12-19T10:30:00+09:00,J3,899,795,1694
2019-12-19T10:30:00+09:00,J4,1044,931,1975
2019-12-19T10:30:00+09:00,J5,551,473,1024
2019-12-19T10:45:00+09:00,J1,1021,1019,2040
2019-12-19T10:45:00+09:00,J2,704,519,1223
2019-12-19T10:45:00+09:00,J3,935,869,1804
2019-12-19T10:45:00+09:00,J4,1045,901,1946
2019-12-19T10:45:00+09:00,J5,452,473,925
2019-12-19T11:00:00+09:00,J1,1063,1076,2139
2019-12-19T11:00:00+09:00,J2,609,560,1169
2019-12-19T11:00:00+09:00,J3,946,891,1837
2019-12-19T11:00:00+09:00,J4,1031,945,1976
2019-12-19T11:00:00+09:00,J5,453,439,892
2019-12-19T11:15:00+09:00,J1,1096,1068,2164
2019-12-19T11:15:00+09:00,J2,646,585,1231
2019-12-19T11:15:00+09:00,J3,1033,1098,2131
2019-12-19T11:15:00+09:00,J4,988,929,1917
2019-12-19T11:15:00+09:00,J5,502,587,1089
2019-12-19T11:30:00+09:00,J1,1061,1183,2244
2019-12-19T11:30:00+09:00,J2,637,558,1195
2019-12-19T11:30:00+09:00,J3,950,957,1907
2019-12-19T11:30:00+09:00,J4,1081,991,2072
2019-12-19T11:30:00+09:00,J5,614,671,1285
2019-12-19T11:45:00+09:00,J1,1144,1175,2319
2019-12-19T11:45:00+09:00,J2,657,655,1312
2019-12-19T11:45:00+09:00,J3,975,991,1966
2019-12-19T11:45:00+09:00,J4,1012,971,1983
2019-12-19T11:45:00+09:00,J5,620,651,1271
2019-12-19T12:00:00+09:00,J1,1057,1173,2230
2019-12-19T12:00:00+09:00,J2,789,656,1445
2019-12-19T12:00:00+09:00,J3,1010,1097,2107
2019-12-19T12:00:00+09:00,J4,1075,1008,2083
2019-12-19T12:00:00+09:00,J5,612,632,1244
2019-12-19T12:15:00+09:00,J1,989,1131,2120
2019-12-19T12:15:00+09:00,J2,809,732,1541
2019-12-19T12:15:00+09:00,J3,1115,975,2090
2019-12-19T12:15:00+09:00,J4,851,946,1797
2019-12-19T12:15:00+09:00,J5,608,623,1231
2019-12-19T12:30:00+09:00,J1,1035,1128,2163
2019-12-19T12:30:00+09:00,J2,703,685,1388
2019-12-19T12:30:00+09:00,J3,1028,866,1894
2019-12-19T12:30:00+09:00,J4,808,906,1714
2019-12-19T12:30:00+09:00,J5,492,595,1087
2019-12-19T12:45:00+09:00,J1,999,1187,2186
2019-12-19T12:45:00+09:00,J2,710,623,1333
2019-12-19T12:45:00+09:00,J3,1118,866,1984
2019-12-19T12:45:00+09:00,J4,728,812,1540
2019-12-19T12:45:00+09:00,J5,475,484,959
2019-12-19T13:00:00+09:00,J1,1027,1161,2188
2019-12-19T13:00:00+09:00,J2,716,553,1269
2019-12-19T13:00:00+09:00,J3,1018,832,1850
2019-12-19T13:00:00+09:00,J4,761,913,1674
2019-12-19T13:00:00+09:00,J5,508,514,1022
2019-12-19T13:15:00+09:00,J1,1017,1140,2157
2019-12-19T13:15:00+09:00,J2,693,588,1281
2019-12-19T13:15:00+09:00,J3,1097,856,1953
2019-12-19T13:15:00+09:00,J4,694,865,1559
2019-12-19T13:15:00+09:00,J5,497,493,990
2019-12-19T13:30:00+09:00,J1,994,1147,2141
2019-12-19T13:30:00+09:00,J2,689,593,1282
2019-12-19T13:30:00+09:00,J3,1017,887,1904
2019-12-19T13:30:00+09:00,J4,677,841,1518
2019-12-19T13:30:00+09:00,J5,471,494,965
2019-12-19T13:45:00+09:00,J1,986,1143,2129
2019-12-19T13:45:00+09:00,J2,610,566,1176
2019-12-19T13:45:00+09:00,J3,1079,906,1985
2019-12-19T13:45:00+09:00,J4,660,750,1410
2019-12-19T13:45:00+09:00,J5,439,453,892
2019-12-19T14:00:00+09:00,J1,974,1133,2107
2019-12-19T14:00:00+09:00,J2,649,609,1258
2019-12-19T14:00:00+09:00,J3,1003,834,1837
2019-12-19T14:00:00+09:00,J4,693,782,1475
2019-12-19T14:00:00+09:00,J5,483,424,907
2019-12-19T14:15:00+09:00,J1,1033,1091,2124
2019-12-19T14:15:00+09:00,J2,606,613,1219
2019-12-19T14:15:00+09:00,J3,1061,843,1904
2019-12-19T14:15:00+09:00,J4,717,783,1500
2019-12-19T14:15:00+09:00,J5,456,462,918
2019-12-19T14:30:00+09:00,J1,991,1219,2210
2019-12-19T14:30:00+09:00,J2,632,644,1276
2019-12-19T14:30:00+09:00,J3,1196,855,2051
2019-12-19T14:30:00+09:00,J4,720,737,1457
2019-12-19T14:30:00+09:00,J5,447,471,918
2019-12-19T14:45:00+09:00,J1,973,1200,2173
2019-12-19T14:45:00+09:00,J2,612,697,1309
2019-12-19T14:45:00+09:00,J3,1162,945,2107
2019-12-19T14:45:00+09:00,J4,633,794,1427
2019-12-19T14:45:00+09:00,J5,450,459,909
2019-12-19T15:00:00+09:00,J1,1005,1148,2153
2019-12-19T15:00:00+09:00,J2,659,658,1317
2019-12-19T15:00:00+09:00,J3,1147,886,2033
2019-12-19T15:00:00+09:00,J4,730,819,1549
2019-12-19T15:00:00+09:00,J5,472,488,960
2019-12-19T15:15:00+09:00,J1,1001,1146,2147
2019-12-19T15:15:00+09:00,J2,627,696,1323
2019-12-19T15:15:00+09:00,J3,1095,936,2031
2019-12-19T15:15:00+09:00,J4,662,720,1382
2019-12-19T15:15:00+09:00,J5,428,439,867
2019-12-19T15:30:00+09:00,J1,942,1109,2051
2019-12-19T15:30:00+09:00,J2,663,640,1303
2019-12-19T15:30:00+09:00,J3,1151,897,2048
2019-12-19T15:30:00+09:00,J4,651,809,1460
2019-12-19T15:30:00+09:00,J5,462,456,918
2019-12-19T15:45:00+09:00,J1,947,1136,2083
2019-12-19T15:45:00+09:00,J2,664,681,1345
2019-12-19T15:45:00+09:00,J3,1124,937,2061
2019-12-19T15:45:00+09:00,J4,707,800,1507
2019-12-19T15:45:00+09:00,J5,456,448,904
2019-12-19T16:00:00+09:00,J1,953,1094,2047
2019-12-19T16:00:00+09:00,J2,665,677,1342
2019-12-19T16:00:00+09:00,J3,1163,997,2160
2019-12-19T16:00:00+09:00,J4,709,810,1519
2019-12-19T16:00:00+09:00,J5,502,414,916
2019-12-19T16:15:00+09:00,J1,975,1167,2142
2019-12-19T16:15:00+09:00,J2,656,672,1328
2019-12-19T16:15:00+09:00,J3,1221,1098,2319
2019-12-19T16:15:00+09:00,J4,767,859,1626
2019-12-19T16:15:00+09:00,J5,478,491,969
2019-12-19T16:30:00+09:00,J1,965,1203,2168
2019-12-19T16:30:00+09:00,J2,656,735,1391
2019-12-19T16:30:00+09:00,J3,1300,1186,2486
2019-12-19T16:30:00+09:00,J4,761,862,1623
2019-12-19T16:30:00+09:00,J5,445,442,887
2019-12-19T16:45:00+09:00,J1,1030,1180,2210
2019-12-19T16:45:00+09:00,J2,689,771,1460
2019-12-19T16:45:00+09:00,J3,1250,1187,2437
2019-12-19T16:45:00+09:00,J4,728,869,1597
2019-12-19T16:45:00+09:00,J5,467,409,876
2019-12-19T17:00:00+09:00,J1,1020,1203,2223
2019-12-19T17:00:00+09:00,J2,696,772,1468
2019-12-19T17:00:00+09:00,J3,1391,1223,2614
2019-12-19T17:00:00+09:00,J4,827,837,1664
2019-12-19T17:00:00+09:00,J5,482,475,957
2019-12-19T17:15:00+09:00,J1,1058,1218,2276
2019-12-19T17:15:00+09:00,J2,860,802,1662
2019-12-19T17:15:00+09:00,J3,1441,1300,2741
2019-12-19T17:15:00+09:00,J4,909,920,1829
2019-12-19T17:15:00+09:00,J5,471,521,992
2019-12-19T17:30:00+09:00,J1,1161,1226,2387
2019-12-19T17:30:00+09:00,J2,872,938,1810
2019-12-19T17:30:00+09:00,J3,1493,1321,2814
2019-12-19T17:30:00+09:00,J4,962,971,1933
2019-12-19T17:30:00+09:00,J5,529,548,1077
2019-12-19T17:45:00+09:00,J1,1138,1215,2353
2019-12-19T17:45:00+09:00,J2,836,912,1748
2019-12-19T17:45:00+09:00,J3,1484,1400,2884
2019-12-19T17:45:00+09:00,J4,928,762,1690
2019-12-19T17:45:00+09:00,J5,508,605,1113
2019-12-19T18:00:00+09:00,J1,1150,1257,2407
2019-12-19T18:00:00+09:00,J2,848,851,1699
2019-12-19T18:00:00+09:00,J3,1550,1312,2862
2019-12-19T18:00:00+09:00,J4,999,804,1803
2019-12-19T18:00:00+09:00,J5,551,552,1103
2019-12-19T18:15:00+09:00,J1,1179,1270,2449
2019-12-19T18:15:00+09:00,J2,862,864,1726
2019-12-19T18:15:00+09:00,J3,1532,1312,2844
2019-12-19T18:15:00+09:00,J4,1156,989,2145
2019-12-19T18:15:00+09:00,J5,494,562,1056
2019-12-19T18:30:00+09:00,J1,1089,1160,2249
2019-12-19T18:30:00+09:00,J2,911,818,1729
2019-12-19T18:30:00+09:00,J3,1454,1092,2546
2019-12-19T18:30:00+09:00,J4,1174,1027,2201
2019-12-19T18:30:00+09:00,J5,497,505,1002
2019-12-19T18:45:00+09:00,J1,1090,1180,2270
2019-12-19T18:45:00+09:00,J2,811,735,1546
2019-12-19T18:45:00+09:00,J3,1334,1131,2465
2019-12-19T18:45:00+09:00,J4,1126,995,2121
2019-12-19T18:45:00+09:00,J5,455,475,930
2019-12-19T19:00:00+09:00,J1,1044,1180,2224
2019-12-19T19:00:00+09:00,J2,677,687,1364
2019-12-19T19:00:00+09:00,J3,1321,1071,2392
2019-12-19T19:00:00+09:00,J4,1074,977,2051
2019-12-19T19:00:00+09:00,J5,449,475,924
2019-12-19T19:15:00+09:00,J1,1040,1187,2227
2019-12-19T19:15:00+09:00,J2,675,792,1467
2019-12-19T19:15:00+09:00,J3,1272,1092,2364
2019-12-19T19:15:00+09:00,J4,1006,913,1919
2019-12-19T19:15:00+09:00,J5,453,479,932
2019-12-19T19:30:00+09:00,J1,1002,1176,2178
2019-12-19T19:30:00+09:00,J2,723,674,1397
2019-12-19T19:30:00+09:00,J3,1203,991,2194
2019-12-19T19:30:00+09:00,J4,1066,861,1927
2019-12-19T19:30:00+09:00,J5,470,412,882
2019-12-19T19:45:00+09:00,J1,1028,1079,2107
2019-12-19T19:45:00+09:00,J2,636,630,1266
2019-12-19T19:45:00+09:00,J3,1048,868,1916
2019-12-19T19:45:00+09:00,J4,1056,925,1981
2019-12-19T19:45:00+09:00,J5,434,432,866
2019-12-19T20:00:00+09:00,J1,1090,1154,2244
2019-12-19T20:00:00+09:00,J2,666,710,1376
2019-12-19T20:00:00+09:00,J3,1100,956,2056
2019-12-19T20:00:00+09:00,J4,1021,901,1922
2019-12-19T20:00:00+09:00,J5,459,466,925
2019-12-19T20:15:00+09:00,J1,1073,1157,2230
2019-12-19T20:15:00+09:00,J2,689,712,1401
2019-12-19T20:15:00+09:00,J3,1184,913,2097
2019-12-19T20:15:00+09:00,J4,935,886,1821
2019-12-19T20:15:00+09:00,J5,438,452,890
2019-12-19T20:30:00+09:00,J1,1031,1188,2219
2019-12-19T20:30:00+09:00,J2,655,645,1300
2019-12-19T20:30:00+09:00,J3,1090,952,2042
2019-12-19T20:30:00+09:00,J4,851,802,1653
2019-12-19T20:30:00+09:00,J5,452,465,917
2019-12-19T20:45:00+09:00,J1,1055,1179,2234
2019-12-19T20:45:00+09:00,J2,685,637,1322
2019-12-19T20:45:00+09:00,J3,1058,933,1991
2019-12-19T20:45:00+09:00,J4,976,867,1843
2019-12-19T20:45:00+09:00,J5,443,451,894
2019-12-19T21:00:00+09:00,J1,933,1152,2085
2019-12-19T21:00:00+09:00,J2,745,787,1532
2019-12-19T21:00:00+09:00,J3,1073,953,2026
2019-12-19T21:00:00+09:00,J4,1012,948,1960
2019-12-19T21:00:00+09:00,J5,469,484,953
2019-12-19T21:15:00+09:00,J1,943,1171,2114
2019-12-19T21:15:00+09:00,J2,791,648,1439
2019-12-19T21:15:00+09:00,J3,1122,1032,2154
2019-12-19T21:15:00+09:00,J4,1133,923,2056
2019-12-19T21:15:00+09:00,J5,444,452,896
2019-12-19T21:30:00+09:00,J1,900,1124,2024
2019-12-19T21:30:00+09:00,J2,689,646,1335
2019-12-19T21:30:00+09:00,J3,1118,984,2102
2019-12-19T21:30:00+09:00,J4,1011,891,1902
2019-12-19T21:30:00+09:00,J5,487,478,965
2019-12-19T21:45:00+09:00,J1,809,926,1735
2019-12-19T21:45:00+09:00,J2,632,588,1220
2019-12-19T21:45:00+09:00,J3,952,850,1802
2019-12-19T21:45:00+09:00,J4,884,749,1633
2019-12-19T21:45:00+09:00,J5,497,427,924
2019-12-19T22:00:00+09:00,J1,1078,1221,2299
2019-12-19T22:00:00+09:00,J2,841,754,1595
2019-12-19T22:00:00+09:00,J3,1148,1110,2258
2019-12-19T22:00:00+09:00,J4,1053,1081,2134
2019-12-19T22:00:00+09:00,J5,580,579,1159
2019-12-19T22:15:00+09:00,J1,913,1104,2017
2019-12-19T22:15:00+09:00,J2,666,664,1330
2019-12-19T22:15:00+09:00,J3,1011,953,1964
2019-12-19T22:15:00+09:00,J4,991,890,1881
2019-12-19T22:15:00+09:00,J5,550,505,1055
2019-12-19T22:30:00+09:00,J1,938,1035,1973
2019-12-19T22:30:00+09:00,J2,597,590,1187
2019-12-19T22:30:00+09:00,J3,1048,916,1964
2019-12-19T22:30:00+09:00,J4,929,772,1701
2019-12-19T22:30:00+09:00,J5,602,508,1110
2019-12-19T22:45:00+09:00,J1,895,1029,1924
2019-12-19T22:45:00+09:00,J2,601,581,1182
2019-12-19T22:45:00+09:00,J3,1097,969,2066
2019-12-19T22:45:00+09:00,J4,987,881,1868
2019-12-19T22:45:00+09:00,J5,501,565,1066
2019-12-19T23:00:00+09:00,J1,831,952,1783
2019-12-19T23:00:00+09:00,J2,522,535,1057
2019-12-19T23:00:00+09:00,J3,991,876,1867
2019-12-19T23:00:00+09:00,J4,937,901,1838
2019-12-19T23:00:00+09:00,J5,506,542,1048
2019-12-19T23:15:00+09:00,J1,833,933,1766
2019-12-19T23:15:00+09:00,J2,586,582,1168
2019-12-19T23:15:00+09:00,J3,1009,831,1840
2019-12-19T23:15:00+09:00,J4,913,891,1804
2019-12-19T23:15:00+09:00,J5,532,578,1110
2019-12-19T23:30:00+09:00,J1,825,938,1763
2019-12-19T23:30:00+09:00,J2,567,548,1115
2019-12-19T23:30:00+09:00,J3,959,854,1813
2019-12-19T23:30:00+09:00,J4,942,850,1792
2019-12-19T23:30:00+09:00,J5,514,549,1063
2019-12-19T23:45:00+09:00,J1,895,973,1868
2019-12-19T23:45:00+09:00,J2,580,532,1112
2019-12-19T23:45:00+09:00,J3,977,815,1792
2019-12-19T23:45:00+09:00,J4,739,691,1430
2019-12-19T23:45:00+09:00,J5,465,544,1009
2019-12-20T00:00:00+09:00,J1,730,758,1488
2019-12-20T00:00:00+09:00,J2,459,467,926
2019-12-20T00:00:00+09:00,J3,926,813,1739
2019-12-20T00:00:00+09:00,J4,730,750,1480
2019-12-20T00:00:00+09:00,J5,534,496,1030
2019-12-20T00:15:00+09:00,J1,514,471,985
2019-12-20T00:15:00+09:00,J2,447,413,860
2019-12-20T00:15:00+09:00,J3,726,602,1328
2019-12-20T00:15:00+09:00,J4,700,762,1462
2019-12-20T00:15:00+09:00,J5,490,477,967
2019-12-20T00:30:00+09:00,J1,529,533,1062
2019-12-20T00:30:00+09:00,J2,481,449,930
2019-12-20T00:30:00+09:00,J3,733,557,1290
2019-12-20T00:30:00+09:00,J4,846,778,1624
2019-12-20T00:30:00+09:00,J5,480,490,970
2019-12-20T00:45:00+09:00,J1,486,533,1019
2019-12-20T00:45:00+09:00,J2,524,532,1056
2019-12-20T00:45:00+09:00,J3,707,601,1308
2019-12-20T00:45:00+09:00,J4,841,794,1635
2019-12-20T00:45:00+09:00,J5,506,520,1026
2019-12-20T05:45:00+09:00,J1,734,725,1459
2019-12-20T05:45:00+09:00,J2,359,432,791
2019-12-20T05:45:00+09:00,J3,616,474,1090
2019-12-20T05:45:00+09:00,J4,518,595,1113
2019-12-20T05:45:00+09:00,J5,448,429,877
2019-12-20T06:00:00+09:00,J1,728,737,1465
2019-12-20T06:00:00+09:00,J2,383,477,860
2019-12-20T06:00:00+09:00,J3,630,535,1165
2019-12-20T06:00:00+09:00,J4,762,729,1491
2019-12-20T06:00:00+09:00,J5,429,411,840
2019-12-20T06:15:00+09:00,J1,815,848,1663
2019-12-20T06:15:00+09:00,J2,387,508,895
2019-12-20T06:15:00+09:00,J3,758,679,1437
2019-12-20T06:15:00+09:00,J4,792,720,1512
2019-12-20T06:15:00+09:00,J5,450,467,917
2019-12-20T06:30:00+09:00,J1,804,853,1657
2019-12-20T06:30:00+09:00,J2,393,487,880
2019-12-20T06:30:00+09:00,J3,705,635,1340
2019-12-20T06:30:00+09:00,J4,710,764,1474
2019-12-20T06:30:00+09:00,J5,497,466,963
2019-12-20T06:45:00+09:00,J1,904,1015,1919
2019-12-20T06:45:00+09:00,J2,476,550,1026
2019-12-20T06:45:00+09:00,J3,779,670,1449
2019-12-20T06:45:00+09:00,J4,786,805,1591
2019-12-20T06:45:00+09:00,J5,487,500,987
2019-12-20T07:00:00+09:00,J1,996,1063,2059
2019-12-20T07:00:00+09:00,J2,566,593,1159
2019-12-20T07:00:00+09:00,J3,789,717,1506
2019-12-20T07:00:00+09:00,J4,904,838,1742
2019-12-20T07:00:00+09:00,J5,630,603,1233
2019-12-20T07:15:00+09:00,J1,972,1081,2053
2019-12-20T07:15:00+09:00,J2,751,774,1525
2019-12-20T07:15:00+09:00,J3,876,748,1624
2019-12-20T07:15:00+09:00,J4,894,911,1805
2019-12-20T07:15:00+09:00,J5,618,726,1344
2019-12-20T07:30:00+09:00,J1,1007,1089,2096
2019-12-20T07:30:00+09:00,J2,651,600,1251
2019-12-20T07:30:00+09:00,J3,1219,1135,2354
2019-12-20T07:30:00+09:00,J4,978,925,1903
2019-12-20T07:30:00+09:00,J5,568,503,1071
2019-12-20T07:45:00+09:00,J1,1024,1105,2129
2019-12-20T07:45:00+09:00,J2,699,612,1311
2019-12-20T07:45:00+09:00,J3,1336,1220,2556
2019-12-20T07:45:00+09:00,J4,951,1109,2060
2019-12-20T07:45:00+09:00,J5,574,625,1199
2019-12-20T08:00:00+09:00,J1,1103,1102,2205
2019-12-20T08:00:00+09:00,J2,1177,845,2022
2019-12-20T08:00:00+09:00,J3,1544,1467,3011
2019-12-20T08:00:00+09:00,J4,1004,1112,2116
2019-12-20T08:00:00+09:00,J5,560,566,1126
2019-12-20T08:15:00+09:00,J1,1130,1123,2253
2019-12-20T08:15:00+09:00,J2,1194,740,1934
2019-12-20T08:15:00+09:00,J3,1523,1440,2963
2019-12-20T08:15:00+09:00,J4,970,1175,2145
2019-12-20T08:15:00+09:00,J5,611,674,1285
2019-12-20T08:30:00+09:00,J1,1206,1118,2324
2019-12-20T08:30:00+09:00,J2,1084,623,1707
2019-12-20T08:30:00+09:00,J3,1289,1479,2768
2019-12-20T08:30:00+09:00,J4,1006,1191,2197
2019-12-20T08:30:00+09:00,J5,663,653,1316
2019-12-20T08:45:00+09:00,J1,1151,1188,2339
2019-12-20T08:45:00+09:00,J2,833,586,1419
2019-12-20T08:45:00+09:00,J3,1021,1254,2275
2019-12-20T08:45:00+09:00,J4,972,1080,2052
2019-12-20T08:45:00+09:00,J5,705,692,1397
2019-12-20T09:00:00+09:00,J1,1116,1123,2239
2019-12-20T09:00:00+09:00,J2,684,495,1179
2019-12-20T09:00:00+09:00,J3,960,972,1932
2019-12-20T09:00:00+09:00,J4,871,990,1861
2019-12-20T09:00:00+09:00,J5,599,582,1181
2019-12-20T09:15:00+09:00,J1,1124,1134,2258
2019-12-20T09:15:00+09:00,J2,734,537,1271
2019-12-20T09:15:00+09:00,J3,1073,1092,2165
2019-12-20T09:15:00+09:00,J4,852,996,1848
2019-12-20T09:15:00+09:00,J5,670,615,1285
2019-12-20T09:30:00+09:00,J1,1161,1184,2345
2019-12-20T09:30:00+09:00,J2,833,696,1529
2019-12-20T09:30:00+09:00,J3,1186,1223,2409
2019-12-20T09:30:00+09:00,J4,826,903,1729
2019-12-20T09:30:00+09:00,J5,721,704,1425
2019-12-20T09:45:00+09:00,J1,1080,1117,2197
2019-12-20T09:45:00+09:00,J2,812,664,1476
2019-12-20T09:45:00+09:00,J3,1119,1104,2223
2019-12-20T09:45:00+09:00,J4,740,832,1572
2019-12-20T09:45:00+09:00,J5,678,672,1350
2019-12-20T10:00:00+09:00,J1,1107,1188,2295
2019-12-20T10:00:00+09:00,J2,640,573,1213
2019-12-20T10:00:00+09:00,J3,1202,1175,2377
2019-12-20T10:00:00+09:00,J4,691,804,1495
2019-12-20T10:00:00+09:00,J5,679,692,1371
2019-12-20T10:15:00+09:00,J1,1066,1216,2282
2019-12-20T10:15:00+09:00,J2,673,627,1300
2019-12-20T10:15:00+09:00,J3,1108,1156,2264
2019-12-20T10:15:00+09:00,J4,663,760,1423
2019-12-20T10:15:00+09:00,J5,760,733,1493
2019-12-20T10:30:00+09:00,J1,1089,1138,2227
2019-12-20T10:30:00+09:00,J2,793,603,1396
2019-12-20T10:30:00+09:00,J3,1212,1173,2385
2019-12-20T10:30:00+09:00,J4,794,822,1616
2019-12-20T10:30:00+09:00,J5,632,623,1255
2019-12-20T10:45:00+09:00,J1,1041,1113,2154
2019-12-20T10:45:00+09:00,J2,722,619,1341
2019-12-20T10:45:00+09:00,J3,1111,1167,2278
2019-12-20T10:45:00+09:00,J4,850,856,1706
2019-12-20T10:45:00+09:00,J5,619,579,1198
2019-12-20T11:00:00+09:00,J1,1094,1180,2274
2019-12-20T11:00:00+09:00,J2,701,643,1344
2019-12-20T11:00:00+09:00,J3,1075,1158,2233
2019-12-20T11:00:00+09:00,J4,970,1012,1982
2019-12-20T11:00:00+09:00,J5,566,522,1088
2019-12-20T11:15:00+09:00,J1,1024,1165,2189
2019-12-20T11:15:00+09:00,J2,701,619,1320
2019-12-20T11:15:00+09:00,J3,1129,1124,2253
2019-12-20T11:15:00+09:00,J4,1118,1070,2188
2019-12-20T11:15:00+09:00,J5,432,446,878
2019-12-20T11:30:00+09:00,J1,1015,1193,2208
2019-12-20T11:30:00+09:00,J2,724,617,1341
2019-12-20T11:30:00+09:00,J3,1195,1116,2311
2019-12-20T11:30:00+09:00,J4,1149,1082,2231
2019-12-20T11:30:00+09:00,J5,505,551,1056
2019-12-20T11:45:00+09:00,J1,1119,1175,2294
2019-12-20T11:45:00+09:00,J2,739,704,1443
2019-12-20T11:45:00+09:00,J3,1340,1163,2503
2019-12-20T11:45:00+09:00,J4,1129,1038,2167
2019-12-20T11:45:00+09:00,J5,481,526,1007
2019-12-20T12:00:00+09:00,J1,1029,1231,2260
2019-12-20T12:00:00+09:00,J2,788,763,1551
2019-12-20T12:00:00+09:00,J3,1447,1256,2703
2019-12-20T12:00:00+09:00,J4,1118,970,2088
2019-12-20T12:00:00+09:00,J5,568,614,1182
2019-12-20T12:15:00+09:00,J1,1032,1137,2169
2019-12-20T12:15:00+09:00,J2,717,746,1463
2019-12-20T12:15:00+09:00,J3,1338,1354,2692
2019-12-20T12:15:00+09:00,J4,1046,969,2015
2019-12-20T12:15:00+09:00,J5,478,479,957
2019-12-20T12:30:00+09:00,J1,998,1196,2194
2019-12-20T12:30:00+09:00,J2,839,646,1485
2019-12-20T12:30:00+09:00,J3,1329,1245,2574
2019-12-20T12:30:00+09:00,J4,1035,997,2032
2019-12-20T12:30:00+09:00,J5,477,469,946
2019-12-20T12:45:00+09:00,J1,1074,1240,2314
2019-12-20T12:45:00+09:00,J2,795,689,1484
2019-12-20T12:45:00+09:00,J3,1334,1179,2513
2019-12-20T12:45:00+09:00,J4,1012,975,1987
2019-12-20T12:45:00+09:00,J5,520,529,1049
2019-12-20T13:00:00+09:00,J1,1051,1199,2250
2019-12-20T13:00:00+09:00,J2,735,615,1350
2019-12-20T13:00:00+09:00,J3,1311,1084,2395
2019-12-20T13:00:00+09:00,J4,1188,972,2160
2019-12-20T13:00:00+09:00,J5,526,471,997
2019-12-20T13:15:00+09:00,J1,985,1241,2226
2019-12-20T13:15:00+09:00,J2,766,659,1425
2019-12-20T13:15:00+09:00,J3,1281,1095,2376
2019-12-20T13:15:00+09:00,J4,1123,988,2111
2019-12-20T13:15:00+09:00,J5,444,441,885
2019-12-20T13:30:00+09:00,J1,980,1238,2218
2019-12-20T13:30:00+09:00,J2,809,643,1452
2019-12-20T13:30:00+09:00,J3,1303,1122,2425
2019-12-20T13:30:00+09:00,J4,1027,1040,2067
2019-12-20T13:30:00+09:00,J5,567,555,1122
2019-12-20T13:45:00+09:00,J1,959,1182,2141
2019-12-20T13:45:00+09:00,J2,712,680,1392
2019-12-20T13:45:00+09:00,J3,1248,1086,2334
2019-12-20T13:45:00+09:00,J4,938,881,1819
2019-12-20T13:45:00+09:00,J5,645,613,1258
2019-12-20T14:00:00+09:00,J1,960,1146,2106
2019-12-20T14:00:00+09:00,J2,800,695,1495
2019-12-20T14:00:00+09:00,J3,1209,1030,2239
2019-12-20T14:00:00+09:00,J4,991,987,1978
2019-12-20T14:00:00+09:00,J5,503,596,1099
2019-12-20T14:15:00+09:00,J1,981,1149,2130
2019-12-20T14:15:00+09:00,J2,916,714,1630
2019-12-20T14:15:00+09:00,J3,1358,1102,2460
2019-12-20T14:15:00+09:00,J4,1050,1013,2063
2019-12-20T14:15:00+09:00,J5,532,547,1079
2019-12-20T14:30:00+09:00,J1,990,1203,2193
2019-12-20T14:30:00+09:00,J2,855,691,1546
2019-12-20T14:30:00+09:00,J3,1224,1079,2303
2019-12-20T14:30:00+09:00,J4,1070,998,2068
2019-12-20T14:30:00+09:00,J5,472,465,937
2019-12-20T14:45:00+09:00,J1,965,1173,2138
2019-12-20T14:45:00+09:00,J2,845,734,1579
2019-12-20T14:45:00+09:00,J3,1258,1009,2267
2019-12-20T14:45:00+09:00,J4,986,990,1976
2019-12-20T14:45:00+09:00,J5,451,540,991
2019-12-20T15:00:00+09:00,J1,949,1221,2170
2019-12-20T15:00:00+09:00,J2,855,773,1628
2019-12-20T15:00:00+09:00,J3,1221,1067,2288
2019-12-20T15:00:00+09:00,J4,899,972,1871
2019-12-20T15:00:00+09:00,J5,443,458,901
2019-12-20T15:15:00+09:00,J1,1013,1219,2232
2019-12-20T15:15:00+09:00,J2,888,759,1647
2019-12-20T15:15:00+09:00,J3,1260,1047,2307
2019-12-20T15:15:00+09:00,J4,996,1007,2003
2019-12-20T15:15:00+09:00,J5,404,447,851
2019-12-20T15:30:00+09:00,J1,1002,1139,2141
2019-12-20T15:30:00+09:00,J2,926,680,1606
2019-12-20T15:30:00+09:00,J3,1248,1098,2346
2019-12-20T15:30:00+09:00,J4,927,982,1909
2019-12-20T15:30:00+09:00,J5,493,448,941
2019-12-20T15:45:00+09:00,J1,1000,1194,2194
2019-12-20T15:45:00+09:00,J2,843,685,1528
2019-12-20T15:45:00+09:00,J3,1212,1116,2328
2019-12-20T15:45:00+09:00,J4,966,955,1921
2019-12-20T15:45:00+09:00,J5,440,428,868
2019-12-20T16:00:00+09:00,J1,993,1218,2211
2019-12-20T16:00:00+09:00,J2,893,739,1632
2019-12-20T16:00:00+09:00,J3,1204,1088,2292
2019-12-20T16:00:00+09:00,J4,891,964,1855
2019-12-20T16:00:00+09:00,J5,456,458,914
2019-12-20T16:15:00+09:00,J1,1006,1228,2234
2019-12-20T16:15:00+09:00,J2,880,788,1668
2019-12-20T16:15:00+09:00,J3,1263,1033,2296
2019-12-20T16:15:00+09:00,J4,1028,959,1987
2019-12-20T16:15:00+09:00,J5,448,502,950
2019-12-20T16:30:00+09:00,J1,1044,1137,2181
2019-12-20T16:30:00+09:00,J2,988,753,1741
2019-12-20T16:30:00+09:00,J3,1364,1157,2521
2019-12-20T16:30:00+09:00,J4,978,1019,1997
2019-12-20T16:30:00+09:00,J5,462,509,971
2019-12-20T16:45:00+09:00,J1,994,1217,2211
2019-12-20T16:45:00+09:00,J2,1054,865,1919
2019-12-20T16:45:00+09:00,J3,1448,1187,2635
2019-12-20T16:45:00+09:00,J4,1099,954,2053
2019-12-20T16:45:00+09:00,J5,450,458,908
2019-12-20T17:00:00+09:00,J1,1081,1193,2274
2019-12-20T17:00:00+09:00,J2,888,923,1811
2019-12-20T17:00:00+09:00,J3,1529,1277,2806
2019-12-20T17:00:00+09:00,J4,922,939,1861
2019-12-20T17:00:00+09:00,J5,488,481,969
2019-12-20T17:15:00+09:00,J1,1050,1213,2263
2019-12-20T17:15:00+09:00,J2,1104,1011,2115
2019-12-20T17:15:00+09:00,J3,1722,1309,3031
2019-12-20T17:15:00+09:00,J4,986,937,1923
2019-12-20T17:15:00+09:00,J5,541,600,1141
2019-12-20T17:30:00+09:00,J1,1065,1232,2297
2019-12-20T17:30:00+09:00,J2,1172,1069,2241
2019-12-20T17:30:00+09:00,J3,1832,1357,3189
2019-12-20T17:30:00+09:00,J4,1052,956,2008
2019-12-20T17:30:00+09:00,J5,587,666,1253
2019-12-20T17:45:00+09:00,J1,1131,1196,2327
2019-12-20T17:45:00+09:00,J2,1293,997,2290
2019-12-20T17:45:00+09:00,J3,1897,1326,3223
2019-12-20T17:45:00+09:00,J4,1138,985,2123
2019-12-20T17:45:00+09:00,J5,600,731,1331
2019-12-20T18:00:00+09:00,J1,1186,1201,2387
2019-12-20T18:00:00+09:00,J2,1351,913,2264
2019-12-20T18:00:00+09:00,J3,1820,1343,3163
2019-12-20T18:00:00+09:00,J4,1185,1001,2186
2019-12-20T18:00:00+09:00,J5,570,712,1282
2019-12-20T18:15:00+09:00,J1,1164,1179,2343
2019-12-20T18:15:00+09:00,J2,1374,924,2298
2019-12-20T18:15:00+09:00,J3,1739,1410,3149
2019-12-20T18:15:00+09:00,J4,1494,1110,2604
2019-12-20T18:15:00+09:00,J5,527,611,1138
2019-12-20T18:30:00+09:00,J1,1096,1146,2242
2019-12-20T18:30:00+09:00,J2,1382,975,2357
2019-12-20T18:30:00+09:00,J3,1646,1285,2931
2019-12-20T18:30:00+09:00,J4,1266,1054,2320
2019-12-20T18:30:00+09:00,J5,478,549,1027
2019-12-20T18:45:00+09:00,J1,1139,1118,2257
2019-12-20T18:45:00+09:00,J2,1166,856,2022
2019-12-20T18:45:00+09:00,J3,1406,1216,2622
2019-12-20T18:45:00+09:00,J4,1151,973,2124
2019-12-20T18:45:00+09:00,J5,421,483,904
2019-12-20T19:00:00+09:00,J1,1044,1171,2215
2019-12-20T19:00:00+09:00,J2,906,739,1645
2019-12-20T19:00:00+09:00,J3,1318,1118,2436
2019-12-20T19:00:00+09:00,J4,975,884,1859
2019-12-20T19:00:00+09:00,J5,455,448,903
2019-12-20T19:15:00+09:00,J1,950,1156,2106
2019-12-20T19:15:00+09:00,J2,830,691,1521
2019-12-20T19:15:00+09:00,J3,1373,1264,2637
2019-12-20T19:15:00+09:00,J4,950,859,1809
2019-12-20T19:15:00+09:00,J5,397,464,861
2019-12-20T19:30:00+09:00,J1,1027,1124,2151
2019-12-20T19:30:00+09:00,J2,747,756,1503
2019-12-20T19:30:00+09:00,J3,1270,1138,2408
2019-12-20T19:30:00+09:00,J4,895,761,1656
2019-12-20T19:30:00+09:00,J5,422,483,905
2019-12-20T19:45:00+09:00,J1,977,1139,2116
2019-12-20T19:45:00+09:00,J2,622,739,1361
2019-12-20T19:45:00+09:00,J3,1232,1028,2260
2019-12-20T19:45:00+09:00,J4,820,803,1623
2019-12-20T19:45:00+09:00,J5,448,433,881
2019-12-20T20:00:00+09:00,J1,1056,1125,2181
2019-12-20T20:00:00+09:00,J2,745,735,1480
2019-12-20T20:00:00+09:00,J3,1217,996,2213
2019-12-20T20:00:00+09:00,J4,958,881,1839
2019-12-20T20:00:00+09:00,J5,412,460,872
2019-12-20T20:15:00+09:00,J1,993,1131,2124
2019-12-20T20:15:00+09:00,J2,666,779,1445
2019-12-20T20:15:00+09:00,J3,1192,1119,2311
2019-12-20T20:15:00+09:00,J4,1104,932,2036
2019-12-20T20:15:00+09:00,J5,476,454,930
2019-12-20T20:30:00+09:00,J1,1050,1090,2140
2019-12-20T20:30:00+09:00,J2,693,753,1446
2019-12-20T20:30:00+09:00,J3,1248,1097,2345
2019-12-20T20:30:00+09:00,J4,1079,976,2055
2019-12-20T20:30:00+09:00,J5,434,493,927
2019-12-20T20:45:00+09:00,J1,1043,1092,2135
2019-12-20T20:45:00+09:00,J2,620,684,1304
2019-12-20T20:45:00+09:00,J3,1161,1085,2246
2019-12-20T20:45:00+09:00,J4,1016,1008,2024
2019-12-20T20:45:00+09:00,J5,458,482,940
2019-12-20T21:00:00+09:00,J1,1053,1136,2189
2019-12-20T21:00:00+09:00,J2,704,614,1318
2019-12-20T21:00:00+09:00,J3,1285,1156,2441
2019-12-20T21:00:00+09:00,J4,1135,1043,2178
2019-12-20T21:00:00+09:00,J5,432,368,800
2019-12-20T21:15:00+09:00,J1,965,1208,2173
2019-12-20T21:15:00+09:00,J2,695,670,1365
2019-12-20T21:15:00+09:00,J3,1206,1192,2398
2019-12-20T21:15:00+09:00,J4,1153,1056,2209
2019-12-20T21:15:00+09:00,J5,398,426,824
2019-12-20T21:30:00+09:00,J1,1009,1156,2165
2019-12-20T21:30:00+09:00,J2,754,723,1477
2019-12-20T21:30:00+09:00,J3,1126,1090,2216
2019-12-20T21:30:00+09:00,J4,1141,1023,2164
2019-12-20T21:30:00+09:00,J5,501,497,998
2019-12-20T21:45:00+09:00,J1,986,1159,2145
2019-12-20T21:45:00+09:00,J2,714,689,1403
2019-12-20T21:45:00+09:00,J3,1119,1057,2176
2019-12-20T21:45:00+09:00,J4,1075,995,2070
2019-12-20T21:45:00+09:00,J5,508,508,1016
2019-12-20T22:00:00+09:00,J1,976,1159,2135
2019-12-20T22:00:00+09:00,J2,735,804,1539
2019-12-20T22:00:00+09:00,J3,1143,939,2082
2019-12-20T22:00:00+09:00,J4,1109,1065,2174
2019-12-20T22:00:00+09:00,J5,519,464,983
2019-12-20T22:15:00+09:00,J1,980,1158,2138
2019-12-20T22:15:00+09:00,J2,740,692,1432
2019-12-20T22:15:00+09:00,J3,1131,882,2013
2019-12-20T22:15:00+09:00,J4,1088,980,2068
2019-12-20T22:15:00+09:00,J5,563,499,1062
2019-12-20T22:30:00+09:00,J1,987,1086,2073
2019-12-20T22:30:00+09:00,J2,698,644,1342
2019-12-20T22:30:00+09:00,J3,1079,966,2045
2019-12-20T22:30:00+09:00,J4,1085,994,2079
2019-12-20T22:30:00+09:00,J5,599,527,1126
2019-12-20T22:45:00+09:00,J1,1011,1156,2167
2019-12-20T22:45:00+09:00,J2,623,693,1316
2019-12-20T22:45:00+09:00,J3,1056,937,1993
2019-12-20T22:45:00+09:00,J4,1118,957,2075
2019-12-20T22:45:00+09:00,J5,571,554,1125
2019-12-20T23:00:00+09:00,J1,932,1112,2044
2019-12-20T23:00:00+09:00,J2,572,667,1239
2019-12-20T23:00:00+09:00,J3,1145,839,1984
2019-12-20T23:00:00+09:00,J4,1137,944,2081
2019-12-20T23:00:00+09:00,J5,477,515,992
2019-12-20T23:15:00+09:00,J1,941,1144,2085
2019-12-20T23:15:00+09:00,J2,581,705,1286
2019-12-20T23:15:00+09:00,J3,1058,884,1942
2019-12-20T23:15:00+09:00,J4,1028,933,1961
2019-12-20T23:15:00+09:00,J5,500,524,1024
2019-12-20T23:30:00+09:00,J1,967,1095,2062
2019-12-20T23:30:00+09:00,J2,579,730,1309
2019-12-20T23:30:00+09:00,J3,1068,959,2027
2019-12-20T23:30:00+09:00,J4,932,927,1859
2019-12-20T23:30:00+09:00,J5,520,527,1047
2019-12-20T23:45:00+09:00,J1,994,1047,2041
2019-12-20T23:45:00+09:00,J2,555,583,1138
2019-12-20T23:45:00+09:00,J3,1071,907,1978
2019-12-20T23:45:00+09:00,J4,1015,897,1912
2019-12-20T23:45:00+09:00,J5,457,498,955
2019-12-21T00:00:00+09:00,J1,820,889,1709
2019-12-21T00:00:00+09:00,J2,498,517,1015
2019-12-21T00:00:00+09:00,J3,812,676,1488
2019-12-21T00:00:00+09:00,J4,978,806,1784
2019-12-21T00:00:00+09:00,J5,488,522,1010
2019-12-21T00:15:00+09:00,J1,650,609,1259
2019-12-21T00:15:00+09:00,J2,480,467,947
2019-12-21T00:15:00+09:00,J3,667,598,1265
2019-12-21T00:15:00+09:00,J4,882,835,1717
2019-12-21T00:15:00+09:00,J5,515,471,986
2019-12-21T00:30:00+09:00,J1,447,420,867
2019-12-21T00:30:00+09:00,J2,445,430,875
2019-12-21T00:30:00+09:00,J3,734,730,1464
2019-12-21T00:30:00+09:00,J4,603,693,1296
2019-12-21T00:30:00+09:00,J5,656,591,1247
2019-12-21T00:45:00+09:00,J1,450,443,893
2019-12-21T00:45:00+09:00,J2,466,493,959
2019-12-21T00:45:00+09:00,J3,651,632,1283
2019-12-21T00:45:00+09:00,J4,701,816,1517
2019-12-21T00:45:00+09:00,J5,560,530,1090
2019-12-21T05:45:00+09:00,J1,706,747,1453
2019-12-21T05:45:00+09:00,J2,419,407,826
2019-12-21T05:45:00+09:00,J3,701,646,1347
2019-12-21T05:45:00+09:00,J4,583,593,1176
2019-12-21T05:45:00+09:00,J5,498,446,944
2019-12-21T06:00:00+09:00,J1,781,721,1502
2019-12-21T06:00:00+09:00,J2,346,400,746
2019-12-21T06:00:00+09:00,J3,601,583,1184
2019-12-21T06:00:00+09:00,J4,650,657,1307
2019-12-21T06:00:00+09:00,J5,487,478,965
2019-12-21T06:15:00+09:00,J1,824,879,1703
2019-12-21T06:15:00+09:00,J2,409,471,880
2019-12-21T06:15:00+09:00,J3,630,620,1250
2019-12-21T06:15:00+09:00,J4,722,704,1426
2019-12-21T06:15:00+09:00,J5,463,464,927
2019-12-21T06:30:00+09:00,J1,880,867,1747
2019-12-21T06:30:00+09:00,J2,370,457,827
2019-12-21T06:30:00+09:00,J3,630,628,1258
2019-12-21T06:30:00+09:00,J4,678,804,1482
2019-12-21T06:30:00+09:00,J5,491,473,964
2019-12-21T06:45:00+09:00,J1,829,830,1659
2019-12-21T06:45:00+09:00,J2,440,440,880
2019-12-21T06:45:00+09:00,J3,632,641,1273
2019-12-21T06:45:00+09:00,J4,680,809,1489
2019-12-21T06:45:00+09:00,J5,457,480,937
2019-12-21T07:00:00+09:00,J1,913,872,1785
2019-12-21T07:00:00+09:00,J2,521,542,1063
2019-12-21T07:00:00+09:00,J3,669,657,1326
2019-12-21T07:00:00+09:00,J4,821,776,1597
2019-12-21T07:00:00+09:00,J5,550,550,1100
2019-12-21T07:15:00+09:00,J1,871,908,1779
2019-12-21T07:15:00+09:00,J2,583,587,1170
2019-12-21T07:15:00+09:00,J3,801,687,1488
2019-12-21T07:15:00+09:00,J4,830,804,1634
2019-12-21T07:15:00+09:00,J5,554,595,1149
2019-12-21T07:30:00+09:00,J1,917,973,1890
2019-12-21T07:30:00+09:00,J2,568,611,1179
2019-12-21T07:30:00+09:00,J3,758,705,1463
2019-12-21T07:30:00+09:00,J4,873,863,1736
2019-12-21T07:30:00+09:00,J5,575,593,1168
2019-12-21T07:45:00+09:00,J1,866,938,1804
2019-12-21T07:45:00+09:00,J2,705,666,1371
2019-12-21T07:45:00+09:00,J3,822,786,1608
2019-12-21T07:45:00+09:00,J4,876,879,1755
2019-12-21T07:45:00+09:00,J5,588,584,1172
2019-12-21T08:00:00+09:00,J1,1115,1086,2201
2019-12-21T08:00:00+09:00,J2,765,711,1476
2019-12-21T08:00:00+09:00,J3,1144,1154,2298
2019-12-21T08:00:00+09:00,J4,966,921,1887
2019-12-21T08:00:00+09:00,J5,573,548,1121
2019-12-21T08:15:00+09:00,J1,1040,1197,2237
2019-12-21T08:15:00+09:00,J2,799,679,1478
2019-12-21T08:15:00+09:00,J3,1105,1120,2225
2019-12-21T08:15:00+09:00,J4,1057,964,2021
2019-12-21T08:15:00+09:00,J5,516,556,1072
2019-12-21T08:30:00+09:00,J1,1026,1105,2131
2019-12-21T08:30:00+09:00,J2,777,690,1467
2019-12-21T08:30:00+09:00,J3,1118,1058,2176
2019-12-21T08:30:00+09:00,J4,987,986,1973
2019-12-21T08:30:00+09:00,J5,561,593,1154
2019-12-21T08:45:00+09:00,J1,1100,1165,2265
2019-12-21T08:45:00+09:00,J2,652,599,1251
2019-12-21T08:45:00+09:00,J3,1049,974,2023
2019-12-21T08:45:00+09:00,J4,869,866,1735
2019-12-21T08:45:00+09:00,J5,481,421,902
2019-12-21T09:00:00+09:00,J1,1007,937,1944
2019-12-21T09:00:00+09:00,J2,586,620,1206
2019-12-21T09:00:00+09:00,J3,758,793,1551
2019-12-21T09:00:00+09:00,J4,734,782,1516
2019-12-21T09:00:00+09:00,J5,487,469,956
2019-12-21T09:15:00+09:00,J1,1026,1074,2100
2019-12-21T09:15:00+09:00,J2,556,540,1096
2019-12-21T09:15:00+09:00,J3,875,826,1701
2019-12-21T09:15:00+09:00,J4,737,776,1513
2019-12-21T09:15:00+09:00,J5,615,569,1184
2019-12-21T09:30:00+09:00,J1,1098,1178,2276
2019-12-21T09:30:00+09:00,J2,511,481,992
2019-12-21T09:30:00+09:00,J3,973,824,1797
2019-12-21T09:30:00+09:00,J4,974,986,1960
2019-12-21T09:30:00+09:00,J5,568,521,1089
2019-12-21T09:45:00+09:00,J1,1132,1087,2219
2019-12-21T09:45:00+09:00,J2,603,435,1038
2019-12-21T09:45:00+09:00,J3,899,776,1675
2019-12-21T09:45:00+09:00,J4,992,996,1988
2019-12-21T09:45:00+09:00,J5,532,537,1069
2019-12-21T10:00:00+09:00,J1,1014,966,1980
2019-12-21T10:00:00+09:00,J2,629,524,1153
2019-12-21T10:00:00+09:00,J3,818,726,1544
2019-12-21T10:00:00+09:00,J4,826,861,1687
2019-12-21T10:00:00+09:00,J5,529,511,1040
2019-12-21T10:15:00+09:00,J1,1036,1136,2172
2019-12-21T10:15:00+09:00,J2,694,582,1276
2019-12-21T10:15:00+09:00,J3,843,813,1656
2019-12-21T10:15:00+09:00,J4,1010,1045,2055
2019-12-21T10:15:00+09:00,J5,433,429,862
2019-12-21T10:30:00+09:00,J1,1084,1120,2204
2019-12-21T10:30:00+09:00,J2,655,586,1241
2019-12-21T10:30:00+09:00,J3,917,960,1877
2019-12-21T10:30:00+09:00,J4,1003,928,1931
2019-12-21T10:30:00+09:00,J5,414,408,822
2019-12-21T10:45:00+09:00,J1,1090,1116,2206
2019-12-21T10:45:00+09:00,J2,645,618,1263
2019-12-21T10:45:00+09:00,J3,1052,1066,2118
2019-12-21T10:45:00+09:00,J4,1007,928,1935
2019-12-21T10:45:00+09:00,J5,418,419,837
2019-12-21T11:00:00+09:00,J1,1125,1216,2341
2019-12-21T11:00:00+09:00,J2,627,685,1312
2019-12-21T11:00:00+09:00,J3,1246,1183,2429
2019-12-21T11:00:00+09:00,J4,1072,974,2046
2019-12-21T11:00:00+09:00,J5,394,425,819
2019-12-21T11:15:00+09:00,J1,1152,1148,2300
2019-12-21T11:15:00+09:00,J2,669,572,1241
2019-12-21T11:15:00+09:00,J3,1197,1199,2396
2019-12-21T11:15:00+09:00,J4,967,969,1936
2019-12-21T11:15:00+09:00,J5,411,469,880
2019-12-21T11:30:00+09:00,J1,1090,1244,2334
2019-12-21T11:30:00+09:00,J2,775,672,1447
2019-12-21T11:30:00+09:00,J3,1313,1217,2530
2019-12-21T11:30:00+09:00,J4,876,1042,1918
2019-12-21T11:30:00+09:00,J5,453,514,967
2019-12-21T11:45:00+09:00,J1,1066,1240,2306
2019-12-21T11:45:00+09:00,J2,751,724,1475
2019-12-21T11:45:00+09:00,J3,1226,1174,2400
2019-12-21T11:45:00+09:00,J4,937,954,1891
2019-12-21T11:45:00+09:00,J5,470,559,1029
2019-12-21T12:00:00+09:00,J1,1097,1221,2318
2019-12-21T12:00:00+09:00,J2,764,693,1457
2019-12-21T12:00:00+09:00,J3,1186,1129,2315
2019-12-21T12:00:00+09:00,J4,1090,947,2037
2019-12-21T12:00:00+09:00,J5,421,438,859
2019-12-21T12:15:00+09:00,J1,1082,1210,2292
2019-12-21T12:15:00+09:00,J2,785,718,1503
2019-12-21T12:15:00+09:00,J3,1131,976,2107
2019-12-21T12:15:00+09:00,J4,1042,1004,2046
2019-12-21T12:15:00+09:00,J5,383,369,752
2019-12-21T12:30:00+09:00,J1,986,1147,2133
2019-12-21T12:30:00+09:00,J2,860,707,1567
2019-12-21T12:30:00+09:00,J3,1177,956,2133
2019-12-21T12:30:00+09:00,J4,907,1046,1953
2019-12-21T12:30:00+09:00,J5,414,401,815
2019-12-21T12:45:00+09:00,J1,987,1130,2117
2019-12-21T12:45:00+09:00,J2,742,701,1443
2019-12-21T12:45:00+09:00,J3,1135,930,2065
2019-12-21T12:45:00+09:00,J4,864,978,1842
2019-12-21T12:45:00+09:00,J5,435,386,821
2019-12-21T13:00:00+09:00,J1,969,1161,2130
2019-12-21T13:00:00+09:00,J2,722,694,1416
2019-12-21T13:00:00+09:00,J3,1149,1006,2155
2019-12-21T13:00:00+09:00,J4,843,935,1778
2019-12-21T13:00:00+09:00,J5,427,419,846
2019-12-21T13:15:00+09:00,J1,1021,1240,2261
2019-12-21T13:15:00+09:00,J2,798,739,1537
2019-12-21T13:15:00+09:00,J3,1177,1015,2192
2019-12-21T13:15:00+09:00,J4,787,1027,1814
2019-12-21T13:15:00+09:00,J5,422,431,853
2019-12-21T13:30:00+09:00,J1,998,1181,2179
2019-12-21T13:30:00+09:00,J2,789,779,1568
2019-12-21T13:30:00+09:00,J3,1186,969,2155
2019-12-21T13:30:00+09:00,J4,778,967,1745
2019-12-21T13:30:00+09:00,J5,385,402,787
2019-12-21T13:45:00+09:00,J1,1012,1136,2148
2019-12-21T13:45:00+09:00,J2,735,757,1492
2019-12-21T13:45:00+09:00,J3,1116,971,2087
2019-12-21T13:45:00+09:00,J4,798,924,1722
2019-12-21T13:45:00+09:00,J5,375,424,799
2019-12-21T14:00:00+09:00,J1,1009,1157,2166
2019-12-21T14:00:00+09:00,J2,804,847,1651
2019-12-21T14:00:00+09:00,J3,1224,1069,2293
2019-12-21T14:00:00+09:00,J4,816,911,1727
2019-12-21T14:00:00+09:00,J5,367,421,788
2019-12-21T14:15:00+09:00,J1,1062,1135,2197
2019-12-21T14:15:00+09:00,J2,725,815,1540
2019-12-21T14:15:00+09:00,J3,1204,1111,2315
2019-12-21T14:15:00+09:00,J4,789,897,1686
2019-12-21T14:15:00+09:00,J5,408,391,799
2019-12-21T14:30:00+09:00,J1,920,1118,2038
2019-12-21T14:30:00+09:00,J2,777,781,1558
2019-12-21T14:30:00+09:00,J3,1254,1127,2381
2019-12-21T14:30:00+09:00,J4,861,865,1726
2019-12-21T14:30:00+09:00,J5,349,402,751
2019-12-21T14:45:00+09:00,J1,967,1164,2131
2019-12-21T14:45:00+09:00,J2,748,867,1615
2019-12-21T14:45:00+09:00,J3,1196,1018,2214
2019-12-21T14:45:00+09:00,J4,851,856,1707
2019-12-21T14:45:00+09:00,J5,426,379,805
2019-12-21T15:00:00+09:00,J1,952,1155,2107
2019-12-21T15:00:00+09:00,J2,748,787,1535
2019-12-21T15:00:00+09:00,J3,1205,1044,2249
2019-12-21T15:00:00+09:00,J4,808,884,1692
2019-12-21T15:00:00+09:00,J5,390,398,788
2019-12-21T15:15:00+09:00,J1,1029,1118,2147
2019-12-21T15:15:00+09:00,J2,763,878,1641
2019-12-21T15:15:00+09:00,J3,1199,1109,2308
2019-12-21T15:15:00+09:00,J4,821,896,1717
2019-12-21T15:15:00+09:00,J5,404,391,795
2019-12-21T15:30:00+09:00,J1,1047,1181,2228
2019-12-21T15:30:00+09:00,J2,789,884,1673
2019-12-21T15:30:00+09:00,J3,1259,1075,2334
2019-12-21T15:30:00+09:00,J4,787,805,1592
2019-12-21T15:30:00+09:00,J5,401,432,833
2019-12-21T15:45:00+09:00,J1,1021,1105,2126
2019-12-21T15:45:00+09:00,J2,826,849,1675
2019-12-21T15:45:00+09:00,J3,1360,1061,2421
2019-12-21T15:45:00+09:00,J4,860,804,1664
2019-12-21T15:45:00+09:00,J5,354,405,759
2019-12-21T16:00:00+09:00,J1,1042,1138,2180
2019-12-21T16:00:00+09:00,J2,888,866,1754
2019-12-21T16:00:00+09:00,J3,1362,1148,2510
2019-12-21T16:00:00+09:00,J4,828,781,1609
2019-12-21T16:00:00+09:00,J5,398,429,827
2019-12-21T16:15:00+09:00,J1,1076,1133,2209
2019-12-21T16:15:00+09:00,J2,946,854,1800
2019-12-21T16:15:00+09:00,J3,1451,1200,2651
2019-12-21T16:15:00+09:00,J4,890,852,1742
2019-12-21T16:15:00+09:00,J5,433,372,805
2019-12-21T16:30:00+09:00,J1,987,1182,2169
2019-12-21T16:30:00+09:00,J2,851,812,1663
2019-12-21T16:30:00+09:00,J3,1419,1306,2725
2019-12-21T16:30:00+09:00,J4,864,851,1715
2019-12-21T16:30:00+09:00,J5,392,398,790
2019-12-21T16:45:00+09:00,J1,995,1215,2210
2019-12-21T16:45:00+09:00,J2,892,763,1655
2019-12-21T16:45:00+09:00,J3,1344,1339,2683
2019-12-21T16:45:00+09:00,J4,829,885,1714
2019-12-21T16:45:00+09:00,J5,376,380,756
2019-12-21T17:00:00+09:00,J1,1104,1249,2353
2019-12-21T17:00:00+09:00,J2,850,882,1732
2019-12-21T17:00:00+09:00,J3,1497,1304,2801
2019-12-21T17:00:00+09:00,J4,850,885,1735
2019-12-21T17:00:00+09:00,J5,409,414,823
2019-12-21T17:15:00+09:00,J1,1138,1158,2296
2019-12-21T17:15:00+09:00,J2,993,821,1814
2019-12-21T17:15:00+09:00,J3,1500,1300,2800
2019-12-21T17:15:00+09:00,J4,891,768,1659
2019-12-21T17:15:00+09:00,J5,405,429,834
2019-12-21T17:30:00+09:00,J1,1098,1230,2328
2019-12-21T17:30:00+09:00,J2,981,828,1809
2019-12-21T17:30:00+09:00,J3,1536,1251,2787
2019-12-21T17:30:00+09:00,J4,992,719,1711
2019-12-21T17:30:00+09:00,J5,413,419,832
2019-12-21T17:45:00+09:00,J1,1126,1153,2279
2019-12-21T17:45:00+09:00,J2,906,833,1739
2019-12-21T17:45:00+09:00,J3,1422,1216,2638
2019-12-21T17:45:00+09:00,J4,941,740,1681
2019-12-21T17:45:00+09:00,J5,352,400,752
2019-12-21T18:00:00+09:00,J1,1156,1130,2286
2019-12-21T18:00:00+09:00,J2,908,781,1689
2019-12-21T18:00:00+09:00,J3,1457,1173,2630
2019-12-21T18:00:00+09:00,J4,872,815,1687
2019-12-21T18:00:00+09:00,J5,368,409,777
2019-12-21T18:15:00+09:00,J1,1153,1233,2386
2019-12-21T18:15:00+09:00,J2,940,825,1765
2019-12-21T18:15:00+09:00,J3,1401,1156,2557
2019-12-21T18:15:00+09:00,J4,986,898,1884
2019-12-21T18:15:00+09:00,J5,437,370,807
2019-12-21T18:30:00+09:00,J1,1116,1138,2254
2019-12-21T18:30:00+09:00,J2,908,840,1748
2019-12-21T18:30:00+09:00,J3,1278,910,2188
2019-12-21T18:30:00+09:00,J4,1030,922,1952
2019-12-21T18:30:00+09:00,J5,391,416,807
2019-12-21T18:45:00+09:00,J1,1033,1109,2142
2019-12-21T18:45:00+09:00,J2,876,761,1637
2019-12-21T18:45:00+09:00,J3,1144,938,2082
2019-12-21T18:45:00+09:00,J4,1035,915,1950
2019-12-21T18:45:00+09:00,J5,369,407,776
2019-12-21T19:00:00+09:00,J1,985,1125,2110
2019-12-21T19:00:00+09:00,J2,794,769,1563
2019-12-21T19:00:00+09:00,J3,1108,961,2069
2019-12-21T19:00:00+09:00,J4,1083,946,2029
2019-12-21T19:00:00+09:00,J5,396,394,790
2019-12-21T19:15:00+09:00,J1,1005,1182,2187
2019-12-21T19:15:00+09:00,J2,744,814,1558
2019-12-21T19:15:00+09:00,J3,1134,938,2072
2019-12-21T19:15:00+09:00,J4,1092,1002,2094
2019-12-21T19:15:00+09:00,J5,345,395,740
2019-12-21T19:30:00+09:00,J1,1016,1080,2096
2019-12-21T19:30:00+09:00,J2,621,718,1339
2019-12-21T19:30:00+09:00,J3,1038,939,1977
2019-12-21T19:30:00+09:00,J4,931,880,1811
2019-12-21T19:30:00+09:00,J5,327,365,692
2019-12-21T19:45:00+09:00,J1,986,1108,2094
2019-12-21T19:45:00+09:00,J2,656,734,1390
2019-12-21T19:45:00+09:00,J3,960,944,1904
2019-12-21T19:45:00+09:00,J4,869,823,1692
2019-12-21T19:45:00+09:00,J5,337,347,684
2019-12-21T20:00:00+09:00,J1,1054,1154,2208
2019-12-21T20:00:00+09:00,J2,653,764,1417
2019-12-21T20:00:00+09:00,J3,930,969,1899
2019-12-21T20:00:00+09:00,J4,830,814,1644
2019-12-21T20:00:00+09:00,J5,340,334,674
2019-12-21T20:15:00+09:00,J1,1034,1165,2199
2019-12-21T20:15:00+09:00,J2,662,783,1445
2019-12-21T20:15:00+09:00,J3,1077,890,1967
2019-12-21T20:15:00+09:00,J4,873,920,1793
2019-12-21T20:15:00+09:00,J5,333,374,707
2019-12-21T20:30:00+09:00,J1,1023,1137,2160
2019-12-21T20:30:00+09:00,J2,643,770,1413
2019-12-21T20:30:00+09:00,J3,953,877,1830
2019-12-21T20:30:00+09:00,J4,798,772,1570
2019-12-21T20:30:00+09:00,J5,346,341,687
2019-12-21T20:45:00+09:00,J1,954,1095,2049
2019-12-21T20:45:00+09:00,J2,680,751,1431
2019-12-21T20:45:00+09:00,J3,1039,856,1895
2019-12-21T20:45:00+09:00,J4,778,705,1483
2019-12-21T20:45:00+09:00,J5,370,373,743
2019-12-21T21:00:00+09:00,J1,895,1080,1975
2019-12-21T21:00:00+09:00,J2,595,652,1247
2019-12-21T21:00:00+09:00,J3,1175,1073,2248
2019-12-21T21:00:00+09:00,J4,952,878,1830
2019-12-21T21:00:00+09:00,J5,371,354,725
2019-12-21T21:15:00+09:00,J1,904,1089,1993
2019-12-21T21:15:00+09:00,J2,623,665,1288
2019-12-21T21:15:00+09:00,J3,1130,1156,2286
2019-12-21T21:15:00+09:00,J4,997,925,1922
2019-12-21T21:15:00+09:00,J5,354,359,713
2019-12-21T21:30:00+09:00,J1,899,1104,2003
2019-12-21T21:30:00+09:00,J2,818,759,1577
2019-12-21T21:30:00+09:00,J3,1110,1077,2187
2019-12-21T21:30:00+09:00,J4,934,876,1810
2019-12-21T21:30:00+09:00,J5,316,347,663
2019-12-21T21:45:00+09:00,J1,914,1134,2048
2019-12-21T21:45:00+09:00,J2,808,675,1483
2019-12-21T21:45:00+09:00,J3,1024,1086,2110
2019-12-21T21:45:00+09:00,J4,817,869,1686
2019-12-21T21:45:00+09:00,J5,367,424,791
2019-12-21T22:00:00+09:00,J1,894,1071,1965
2019-12-21T22:00:00+09:00,J2,705,740,1445
2019-12-21T22:00:00+09:00,J3,1080,1072,2152
2019-12-21T22:00:00+09:00,J4,806,827,1633
2019-12-21T22:00:00+09:00,J5,329,337,666
2019-12-21T22:15:00+09:00,J1,839,1124,1963
2019-12-21T22:15:00+09:00,J2,724,712,1436
2019-12-21T22:15:00+09:00,J3,1011,992,2003
2019-12-21T22:15:00+09:00,J4,920,839,1759
2019-12-21T22:15:00+09:00,J5,404,397,801
2019-12-21T22:30:00+09:00,J1,861,1018,1879
2019-12-21T22:30:00+09:00,J2,617,720,1337
2019-12-21T22:30:00+09:00,J3,1070,973,2043
2019-12-21T22:30:00+09:00,J4,946,929,1875
2019-12-21T22:30:00+09:00,J5,525,456,981
2019-12-21T22:45:00+09:00,J1,893,1076,1969
2019-12-21T22:45:00+09:00,J2,596,730,1326
2019-12-21T22:45:00+09:00,J3,1071,1009,2080
2019-12-21T22:45:00+09:00,J4,911,834,1745
2019-12-21T22:45:00+09:00,J5,521,534,1055
2019-12-21T23:00:00+09:00,J1,903,1088,1991
2019-12-21T23:00:00+09:00,J2,556,607,1163
2019-12-21T23:00:00+09:00,J3,1108,932,2040
2019-12-21T23:00:00+09:00,J4,809,886,1695
2019-12-21T23:00:00+09:00,J5,491,540,1031
2019-12-21T23:15:00+09:00,J1,829,1115,1944
2019-12-21T23:15:00+09:00,J2,546,655,1201
2019-12-21T23:15:00+09:00,J3,1032,1026,2058
2019-12-21T23:15:00+09:00,J4,832,908,1740
2019-12-21T23:15:00+09:00,J5,567,595,1162
2019-12-21T23:30:00+09:00,J1,861,1097,1958
2019-12-21T23:30:00+09:00,J2,615,738,1353
2019-12-21T23:30:00+09:00,J3,1036,1007,2043
2019-12-21T23:30:00+09:00,J4,830,866,1696
2019-12-21T23:30:00+09:00,J5,498,555,1053
2019-12-21T23:45:00+09:00,J1,848,1091,1939
2019-12-21T23:45:00+09:00,J2,618,721,1339
2019-12-21T23:45:00+09:00,J3,1041,940,1981
2019-12-21T23:45:00+09:00,J4,894,807,1701
2019-12-21T23:45:00+09:00,J5,525,571,1096
2019-12-22T00:00:00+09:00,J1,736,908,1644
2019-12-22T00:00:00+09:00,J2,392,433,825
2019-12-22T00:00:00+09:00,J3,971,806,1777
2019-12-22T00:00:00+09:00,J4,878,784,1662
2019-12-22T00:00:00+09:00,J5,427,498,925
2019-12-22T00:15:00+09:00,J1,686,733,1419
2019-12-22T00:15:00+09:00,J2,322,368,690
2019-12-22T00:15:00+09:00,J3,771,615,1386
2019-12-22T00:15:00+09:00,J4,741,742,1483
2019-12-22T00:15:00+09:00,J5,374,438,812
2019-12-22T00:30:00+09:00,J1,479,557,1036
2019-12-22T00:30:00+09:00,J2,323,337,660
2019-12-22T00:30:00+09:00,J3,574,511,1085
2019-12-22T00:30:00+09:00,J4,486,455,941
2019-12-22T00:30:00+09:00,J5,441,425,866
2019-12-22T00:45:00+09:00,J1,540,461,1001
2019-12-22T00:45:00+09:00,J2,306,363,669
2019-12-22T00:45:00+09:00,J3,552,441,993
2019-12-22T00:45:00+09:00,J4,516,531,1047
2019-12-22T00:45:00+09:00,J5,430,475,905
2019-12-22T05:45:00+09:00,J1,745,736,1481
2019-12-22T05:45:00+09:00,J2,406,436,842
2019-12-22T05:45:00+09:00,J3,606,608,1214
2019-12-22T05:45:00+09:00,J4,417,436,853
2019-12-22T05:45:00+09:00,J5,444,396,840
2019-12-22T06:00:00+09:00,J1,709,740,1449
2019-12-22T06:00:00+09:00,J2,359,509,868
2019-12-22T06:00:00+09:00,J3,668,643,1311
2019-12-22T06:00:00+09:00,J4,457,500,957
2019-12-22T06:00:00+09:00,J5,408,359,767
2019-12-22T06:15:00+09:00,J1,823,827,1650
2019-12-22T06:15:00+09:00,J2,379,448,827
2019-12-22T06:15:00+09:00,J3,732,693,1425
2019-12-22T06:15:00+09:00,J4,541,562,1103
2019-12-22T06:15:00+09:00,J5,438,463,901
2019-12-22T06:30:00+09:00,J1,816,801,1617
2019-12-22T06:30:00+09:00,J2,383,435,818
2019-12-22T06:30:00+09:00,J3,667,644,1311
2019-12-22T06:30:00+09:00,J4,591,599,1190
2019-12-22T06:30:00+09:00,J5,435,403,838
2019-12-22T06:45:00+09:00,J1,805,853,1658
2019-12-22T06:45:00+09:00,J2,441,482,923
2019-12-22T06:45:00+09:00,J3,634,647,1281
2019-12-22T06:45:00+09:00,J4,628,624,1252
2019-12-22T06:45:00+09:00,J5,448,435,883
2019-12-22T07:00:00+09:00,J1,837,879,1716
2019-12-22T07:00:00+09:00,J2,449,500,949
2019-12-22T07:00:00+09:00,J3,617,551,1168
2019-12-22T07:00:00+09:00,J4,636,613,1249
2019-12-22T07:00:00+09:00,J5,495,457,952
2019-12-22T07:15:00+09:00,J1,773,944,1717
2019-12-22T07:15:00+09:00,J2,517,506,1023
2019-12-22T07:15:00+09:00,J3,611,559,1170
2019-12-22T07:15:00+09:00,J4,696,701,1397
2019-12-22T07:15:00+09:00,J5,447,465,912
2019-12-22T07:30:00+09:00,J1,859,876,1735
2019-12-22T07:30:00+09:00,J2,498,607,1105
2019-12-22T07:30:00+09:00,J3,749,636,1385
2019-12-22T07:30:00+09:00,J4,724,820,1544
2019-12-22T07:30:00+09:00,J5,534,486,1020
2019-12-22T07:45:00+09:00,J1,897,869,1766
2019-12-22T07:45:00+09:00,J2,507,550,1057
2019-12-22T07:45:00+09:00,J3,703,628,1331
2019-12-22T07:45:00+09:00,J4,765,812,1577
2019-12-22T07:45:00+09:00,J5,578,636,1214
2019-12-22T08:00:00+09:00,J1,953,1027,1980
2019-12-22T08:00:00+09:00,J2,681,684,1365
2019-12-22T08:00:00+09:00,J3,942,898,1840
2019-12-22T08:00:00+09:00,J4,796,829,1625
2019-12-22T08:00:00+09:00,J5,479,471,950
2019-12-22T08:15:00+09:00,J1,1006,1162,2168
2019-12-22T08:15:00+09:00,J2,771,660,1431
2019-12-22T08:15:00+09:00,J3,1093,1052,2145
2019-12-22T08:15:00+09:00,J4,1048,927,1975
2019-12-22T08:15:00+09:00,J5,487,471,958
2019-12-22T08:30:00+09:00,J1,1047,1077,2124
2019-12-22T08:30:00+09:00,J2,626,617,1243
2019-12-22T08:30:00+09:00,J3,1033,1098,2131
2019-12-22T08:30:00+09:00,J4,1009,956,1965
2019-12-22T08:30:00+09:00,J5,512,530,1042
2019-12-22T08:45:00+09:00,J1,1014,1123,2137
2019-12-22T08:45:00+09:00,J2,580,574,1154
2019-12-22T08:45:00+09:00,J3,1074,1053,2127
2019-12-22T08:45:00+09:00,J4,1000,847,1847
2019-12-22T08:45:00+09:00,J5,346,369,715
2019-12-22T09:00:00+09:00,J1,977,966,1943
2019-12-22T09:00:00+09:00,J2,656,636,1292
2019-12-22T09:00:00+09:00,J3,890,853,1743
2019-12-22T09:00:00+09:00,J4,1056,880,1936
2019-12-22T09:00:00+09:00,J5,413,397,810
2019-12-22T09:15:00+09:00,J1,1005,1075,2080
2019-12-22T09:15:00+09:00,J2,596,562,1158
2019-12-22T09:15:00+09:00,J3,879,818,1697
2019-12-22T09:15:00+09:00,J4,951,933,1884
2019-12-22T09:15:00+09:00,J5,514,469,983
2019-12-22T09:30:00+09:00,J1,1046,1114,2160
2019-12-22T09:30:00+09:00,J2,577,588,1165
2019-12-22T09:30:00+09:00,J3,958,873,1831
2019-12-22T09:30:00+09:00,J4,796,793,1589
2019-12-22T09:30:00+09:00,J5,528,451,979
2019-12-22T09:45:00+09:00,J1,1146,1117,2263
2019-12-22T09:45:00+09:00,J2,615,620,1235
2019-12-22T09:45:00+09:00,J3,1000,973,1973
2019-12-22T09:45:00+09:00,J4,667,751,1418
2019-12-22T09:45:00+09:00,J5,495,397,892
2019-12-22T10:00:00+09:00,J1,1046,1072,2118
2019-12-22T10:00:00+09:00,J2,538,597,1135
2019-12-22T10:00:00+09:00,J3,967,965,1932
2019-12-22T10:00:00+09:00,J4,632,688,1320
2019-12-22T10:00:00+09:00,J5,536,467,1003
2019-12-22T10:15:00+09:00,J1,1002,1103,2105
2019-12-22T10:15:00+09:00,J2,610,576,1186
2019-12-22T10:15:00+09:00,J3,1050,905,1955
2019-12-22T10:15:00+09:00,J4,707,736,1443
2019-12-22T10:15:00+09:00,J5,436,416,852
2019-12-22T10:30:00+09:00,J1,1059,1058,2117
2019-12-22T10:30:00+09:00,J2,599,569,1168
2019-12-22T10:30:00+09:00,J3,1029,980,2009
2019-12-22T10:30:00+09:00,J4,716,790,1506
2019-12-22T10:30:00+09:00,J5,485,394,879
2019-12-22T10:45:00+09:00,J1,1036,1094,2130
2019-12-22T10:45:00+09:00,J2,586,649,1235
2019-12-22T10:45:00+09:00,J3,1099,991,2090
2019-12-22T10:45:00+09:00,J4,857,956,1813
2019-12-22T10:45:00+09:00,J5,425,371,796
2019-12-22T11:00:00+09:00,J1,1002,1204,2206
2019-12-22T11:00:00+09:00,J2,729,733,1462
2019-12-22T11:00:00+09:00,J3,1277,1212,2489
2019-12-22T11:00:00+09:00,J4,1035,942,1977
2019-12-22T11:00:00+09:00,J5,418,425,843
2019-12-22T11:15:00+09:00,J1,956,1169,2125
2019-12-22T11:15:00+09:00,J2,701,711,1412
2019-12-22T11:15:00+09:00,J3,1243,1200,2443
2019-12-22T11:15:00+09:00,J4,1144,949,2093
2019-12-22T11:15:00+09:00,J5,469,508,977
2019-12-22T11:30:00+09:00,J1,1081,1221,2302
2019-12-22T11:30:00+09:00,J2,688,766,1454
2019-12-22T11:30:00+09:00,J3,1179,1175,2354
2019-12-22T11:30:00+09:00,J4,1071,1017,2088
2019-12-22T11:30:00+09:00,J5,477,537,1014
2019-12-22T11:45:00+09:00,J1,1085,1209,2294
2019-12-22T11:45:00+09:00,J2,809,775,1584
2019-12-22T11:45:00+09:00,J3,1155,1202,2357
2019-12-22T11:45:00+09:00,J4,1056,957,2013
2019-12-22T11:45:00+09:00,J5,481,494,975
2019-12-22T12:00:00+09:00,J1,1016,1159,2175
2019-12-22T12:00:00+09:00,J2,715,630,1345
2019-12-22T12:00:00+09:00,J3,1057,1089,2146
2019-12-22T12:00:00+09:00,J4,1054,1033,2087
2019-12-22T12:00:00+09:00,J5,507,500,1007
2019-12-22T12:15:00+09:00,J1,1080,1169,2249
2019-12-22T12:15:00+09:00,J2,787,745,1532
2019-12-22T12:15:00+09:00,J3,935,1054,1989
2019-12-22T12:15:00+09:00,J4,998,966,1964
2019-12-22T12:15:00+09:00,J5,426,403,829
2019-12-22T12:30:00+09:00,J1,926,1168,2094
2019-12-22T12:30:00+09:00,J2,792,771,1563
2019-12-22T12:30:00+09:00,J3,1108,911,2019
2019-12-22T12:30:00+09:00,J4,984,988,1972
2019-12-22T12:30:00+09:00,J5,442,396,838
2019-12-22T12:45:00+09:00,J1,942,1096,2038
2019-12-22T12:45:00+09:00,J2,677,686,1363
2019-12-22T12:45:00+09:00,J3,1199,937,2136
2019-12-22T12:45:00+09:00,J4,876,961,1837
2019-12-22T12:45:00+09:00,J5,437,402,839
2019-12-22T13:00:00+09:00,J1,981,1138,2119
2019-12-22T13:00:00+09:00,J2,681,754,1435
2019-12-22T13:00:00+09:00,J3,1245,1083,2328
2019-12-22T13:00:00+09:00,J4,810,1037,1847
2019-12-22T13:00:00+09:00,J5,406,404,810
2019-12-22T13:15:00+09:00,J1,963,1242,2205
2019-12-22T13:15:00+09:00,J2,669,765,1434
2019-12-22T13:15:00+09:00,J3,1081,1032,2113
2019-12-22T13:15:00+09:00,J4,856,957,1813
2019-12-22T13:15:00+09:00,J5,420,431,851
2019-12-22T13:30:00+09:00,J1,919,1234,2153
2019-12-22T13:30:00+09:00,J2,754,731,1485
2019-12-22T13:30:00+09:00,J3,1275,1098,2373
2019-12-22T13:30:00+09:00,J4,881,914,1795
2019-12-22T13:30:00+09:00,J5,402,372,774
2019-12-22T13:45:00+09:00,J1,935,1212,2147
2019-12-22T13:45:00+09:00,J2,666,740,1406
2019-12-22T13:45:00+09:00,J3,1208,1113,2321
2019-12-22T13:45:00+09:00,J4,765,920,1685
2019-12-22T13:45:00+09:00,J5,392,370,762
2019-12-22T14:00:00+09:00,J1,940,1198,2138
2019-12-22T14:00:00+09:00,J2,645,708,1353
2019-12-22T14:00:00+09:00,J3,1242,1077,2319
2019-12-22T14:00:00+09:00,J4,873,972,1845
2019-12-22T14:00:00+09:00,J5,425,384,809
2019-12-22T14:15:00+09:00,J1,993,1211,2204
2019-12-22T14:15:00+09:00,J2,683,679,1362
2019-12-22T14:15:00+09:00,J3,1289,1158,2447
2019-12-22T14:15:00+09:00,J4,896,976,1872
2019-12-22T14:15:00+09:00,J5,384,395,779
2019-12-22T14:30:00+09:00,J1,968,1230,2198
2019-12-22T14:30:00+09:00,J2,774,766,1540
2019-12-22T14:30:00+09:00,J3,1276,1127,2403
2019-12-22T14:30:00+09:00,J4,854,953,1807
2019-12-22T14:30:00+09:00,J5,377,398,775
2019-12-22T14:45:00+09:00,J1,975,1268,2243
2019-12-22T14:45:00+09:00,J2,724,697,1421
2019-12-22T14:45:00+09:00,J3,1258,1172,2430
2019-12-22T14:45:00+09:00,J4,839,915,1754
2019-12-22T14:45:00+09:00,J5,379,386,765
2019-12-22T15:00:00+09:00,J1,983,1245,2228
2019-12-22T15:00:00+09:00,J2,790,720,1510
2019-12-22T15:00:00+09:00,J3,1222,1184,2406
2019-12-22T15:00:00+09:00,J4,861,1015,1876
2019-12-22T15:00:00+09:00,J5,369,426,795
2019-12-22T15:15:00+09:00,J1,1019,1218,2237
2019-12-22T15:15:00+09:00,J2,729,729,1458
2019-12-22T15:15:00+09:00,J3,1229,1181,2410
2019-12-22T15:15:00+09:00,J4,855,991,1846
2019-12-22T15:15:00+09:00,J5,369,358,727
2019-12-22T15:30:00+09:00,J1,960,1264,2224
2019-12-22T15:30:00+09:00,J2,825,730,1555
2019-12-22T15:30:00+09:00,J3,1272,1158,2430
2019-12-22T15:30:00+09:00,J4,804,879,1683
2019-12-22T15:30:00+09:00,J5,390,362,752
2019-12-22T15:45:00+09:00,J1,956,1160,2116
2019-12-22T15:45:00+09:00,J2,876,758,1634
2019-12-22T15:45:00+09:00,J3,1206,1262,2468
2019-12-22T15:45:00+09:00,J4,894,971,1865
2019-12-22T15:45:00+09:00,J5,439,413,852
2019-12-22T16:00:00+09:00,J1,1018,1179,2197
2019-12-22T16:00:00+09:00,J2,911,811,1722
2019-12-22T16:00:00+09:00,J3,1230,1318,2548
2019-12-22T16:00:00+09:00,J4,840,964,1804
2019-12-22T16:00:00+09:00,J5,396,397,793
2019-12-22T16:15:00+09:00,J1,996,1160,2156
2019-12-22T16:15:00+09:00,J2,856,732,1588
2019-12-22T16:15:00+09:00,J3,1218,1232,2450
2019-12-22T16:15:00+09:00,J4,892,975,1867
2019-12-22T16:15:00+09:00,J5,410,413,823
2019-12-22T16:30:00+09:00,J1,984,1168,2152
2019-12-22T16:30:00+09:00,J2,882,716,1598
2019-12-22T16:30:00+09:00,J3,1272,1254,2526
2019-12-22T16:30:00+09:00,J4,840,914,1754
2019-12-22T16:30:00+09:00,J5,419,405,824
2019-12-22T16:45:00+09:00,J1,902,1228,2130
2019-12-22T16:45:00+09:00,J2,875,651,1526
2019-12-22T16:45:00+09:00,J3,1259,1200,2459
2019-12-22T16:45:00+09:00,J4,852,923,1775
2019-12-22T16:45:00+09:00,J5,395,387,782
2019-12-22T17:00:00+09:00,J1,954,1241,2195
2019-12-22T17:00:00+09:00,J2,966,769,1735
2019-12-22T17:00:00+09:00,J3,1421,1303,2724
2019-12-22T17:00:00+09:00,J4,877,867,1744
2019-12-22T17:00:00+09:00,J5,411,437,848
2019-12-22T17:15:00+09:00,J1,1014,1185,2199
2019-12-22T17:15:00+09:00,J2,805,691,1496
2019-12-22T17:15:00+09:00,J3,1430,1317,2747
2019-12-22T17:15:00+09:00,J4,790,902,1692
2019-12-22T17:15:00+09:00,J5,448,417,865
2019-12-22T17:30:00+09:00,J1,1063,1134,2197
2019-12-22T17:30:00+09:00,J2,882,698,1580
2019-12-22T17:30:00+09:00,J3,1348,1277,2625
2019-12-22T17:30:00+09:00,J4,866,852,1718
2019-12-22T17:30:00+09:00,J5,416,431,847
2019-12-22T17:45:00+09:00,J1,946,1149,2095
2019-12-22T17:45:00+09:00,J2,770,699,1469
2019-12-22T17:45:00+09:00,J3,1287,1225,2512
2019-12-22T17:45:00+09:00,J4,874,945,1819
2019-12-22T17:45:00+09:00,J5,475,434,909
2019-12-22T18:00:00+09:00,J1,1035,1203,2238
2019-12-22T18:00:00+09:00,J2,701,717,1418
2019-12-22T18:00:00+09:00,J3,1382,1192,2574
2019-12-22T18:00:00+09:00,J4,842,921,1763
2019-12-22T18:00:00+09:00,J5,494,524,1018
2019-12-22T18:15:00+09:00,J1,1065,1189,2254
2019-12-22T18:15:00+09:00,J2,743,719,1462
2019-12-22T18:15:00+09:00,J3,1393,1090,2483
2019-12-22T18:15:00+09:00,J4,981,902,1883
2019-12-22T18:15:00+09:00,J5,431,390,821
2019-12-22T18:30:00+09:00,J1,1025,1204,2229
2019-12-22T18:30:00+09:00,J2,702,674,1376
2019-12-22T18:30:00+09:00,J3,1290,959,2249
2019-12-22T18:30:00+09:00,J4,1030,987,2017
2019-12-22T18:30:00+09:00,J5,390,435,825
2019-12-22T18:45:00+09:00,J1,1055,1122,2177
2019-12-22T18:45:00+09:00,J2,638,602,1240
2019-12-22T18:45:00+09:00,J3,1079,965,2044
2019-12-22T18:45:00+09:00,J4,1005,933,1938
2019-12-22T18:45:00+09:00,J5,362,363,725
2019-12-22T19:00:00+09:00,J1,1038,1182,2220
2019-12-22T19:00:00+09:00,J2,602,650,1252
2019-12-22T19:00:00+09:00,J3,1123,882,2005
2019-12-22T19:00:00+09:00,J4,1052,961,2013
2019-12-22T19:00:00+09:00,J5,417,387,804
2019-12-22T19:15:00+09:00,J1,1080,1073,2153
2019-12-22T19:15:00+09:00,J2,589,643,1232
2019-12-22T19:15:00+09:00,J3,1097,941,2038
2019-12-22T19:15:00+09:00,J4,945,903,1848
2019-12-22T19:15:00+09:00,J5,403,375,778
2019-12-22T19:30:00+09:00,J1,1009,1088,2097
2019-12-22T19:30:00+09:00,J2,582,664,1246
2019-12-22T19:30:00+09:00,J3,1085,858,1943
2019-12-22T19:30:00+09:00,J4,795,875,1670
2019-12-22T19:30:00+09:00,J5,395,408,803
2019-12-22T19:45:00+09:00,J1,976,1136,2112
2019-12-22T19:45:00+09:00,J2,562,635,1197
2019-12-22T19:45:00+09:00,J3,943,897,1840
2019-12-22T19:45:00+09:00,J4,792,803,1595
2019-12-22T19:45:00+09:00,J5,374,366,740
2019-12-22T20:00:00+09:00,J1,976,1031,2007
2019-12-22T20:00:00+09:00,J2,519,662,1181
2019-12-22T20:00:00+09:00,J3,971,876,1847
2019-12-22T20:00:00+09:00,J4,878,847,1725
2019-12-22T20:00:00+09:00,J5,420,422,842
2019-12-22T20:15:00+09:00,J1,786,843,1629
2019-12-22T20:15:00+09:00,J2,414,453,867
2019-12-22T20:15:00+09:00,J3,810,665,1475
2019-12-22T20:15:00+09:00,J4,696,655,1351
2019-12-22T20:15:00+09:00,J5,348,332,680
2019-12-22T20:30:00+09:00,J1,1174,1383,2557
2019-12-22T20:30:00+09:00,J2,632,719,1351
2019-12-22T20:30:00+09:00,J3,1159,1022,2181
2019-12-22T20:30:00+09:00,J4,973,995,1968
2019-12-22T20:30:00+09:00,J5,490,487,977
2019-12-22T20:45:00+09:00,J1,961,1062,2023
2019-12-22T20:45:00+09:00,J2,548,636,1184
2019-12-22T20:45:00+09:00,J3,927,762,1689
2019-12-22T20:45:00+09:00,J4,814,804,1618
2019-12-22T20:45:00+09:00,J5,442,414,856
2019-12-22T21:00:00+09:00,J1,872,1062,1934
2019-12-22T21:00:00+09:00,J2,607,653,1260
2019-12-22T21:00:00+09:00,J3,868,775,1643
2019-12-22T21:00:00+09:00,J4,875,834,1709
2019-12-22T21:00:00+09:00,J5,389,358,747
2019-12-22T21:15:00+09:00,J1,910,1074,1984
2019-12-22T21:15:00+09:00,J2,690,678,1368
2019-12-22T21:15:00+09:00,J3,975,964,1939
2019-12-22T21:15:00+09:00,J4,873,896,1769
2019-12-22T21:15:00+09:00,J5,442,369,811
2019-12-22T21:30:00+09:00,J1,897,1065,1962
2019-12-22T21:30:00+09:00,J2,687,704,1391
2019-12-22T21:30:00+09:00,J3,937,1006,1943
2019-12-22T21:30:00+09:00,J4,1016,866,1882
2019-12-22T21:30:00+09:00,J5,487,453,940
2019-12-22T21:45:00+09:00,J1,893,1047,1940
2019-12-22T21:45:00+09:00,J2,645,663,1308
2019-12-22T21:45:00+09:00,J3,969,918,1887
2019-12-22T21:45:00+09:00,J4,960,858,1818
2019-12-22T21:45:00+09:00,J5,540,485,1025
2019-12-22T22:00:00+09:00,J1,844,1069,1913
2019-12-22T22:00:00+09:00,J2,792,800,1592
2019-12-22T22:00:00+09:00,J3,994,985,1979
2019-12-22T22:00:00+09:00,J4,888,852,1740
2019-12-22T22:00:00+09:00,J5,504,467,971
2019-12-22T22:15:00+09:00,J1,891,986,1877
2019-12-22T22:15:00+09:00,J2,470,549,1019
2019-12-22T22:15:00+09:00,J3,1018,850,1868
2019-12-22T22:15:00+09:00,J4,928,953,1881
2019-12-22T22:15:00+09:00,J5,580,564,1144
2019-12-22T22:30:00+09:00,J1,881,990,1871
2019-12-22T22:30:00+09:00,J2,408,492,900
2019-12-22T22:30:00+09:00,J3,934,938,1872
2019-12-22T22:30:00+09:00,J4,958,925,1883
2019-12-22T22:30:00+09:00,J5,603,600,1203
2019-12-22T22:45:00+09:00,J1,876,1006,1882
2019-12-22T22:45:00+09:00,J2,431,569,1000
2019-12-22T22:45:00+09:00,J3,1065,817,1882
2019-12-22T22:45:00+09:00,J4,1010,981,1991
2019-12-22T22:45:00+09:00,J5,565,567,1132
2019-12-22T23:00:00+09:00,J1,799,1004,1803
2019-12-22T23:00:00+09:00,J2,416,530,946
2019-12-22T23:00:00+09:00,J3,970,807,1777
2019-12-22T23:00:00+09:00,J4,977,871,1848
2019-12-22T23:00:00+09:00,J5,491,563,1054
2019-12-22T23:15:00+09:00,J1,861,1024,1885
2019-12-22T23:15:00+09:00,J2,412,532,944
2019-12-22T23:15:00+09:00,J3,1011,861,1872
2019-12-22T23:15:00+09:00,J4,942,879,1821
2019-12-22T23:15:00+09:00,J5,469,500,969
2019-12-22T23:30:00+09:00,J1,851,918,1769
2019-12-22T23:30:00+09:00,J2,404,519,923
2019-12-22T23:30:00+09:00,J3,955,883,1838
2019-12-22T23:30:00+09:00,J4,893,899,1792
2019-12-22T23:30:00+09:00,J5,477,470,947
2019-12-22T23:45:00+09:00,J1,823,885,1708
2019-12-22T23:45:00+09:00,J2,426,492,918
2019-12-22T23:45:00+09:00,J3,968,865,1833
2019-12-22T23:45:00+09:00,J4,895,822,1717
2019-12-22T23:45:00+09:00,J5,477,501,978
2019-12-23T00:00:00+09:00,J1,765,712,1477
2019-12-23T00:00:00+09:00,J2,421,455,876
2019-12-23T00:00:00+09:00,J3,950,792,1742
2019-12-23T00:00:00+09:00,J4,959,792,1751
2019-12-23T00:00:00+09:00,J5,518,511,1029
2019-12-23T00:15:00+09:00,J1,607,559,1166
2019-12-23T00:15:00+09:00,J2,365,404,769
2019-12-23T00:15:00+09:00,J3,685,581,1266
2019-12-23T00:15:00+09:00,J4,819,734,1553
2019-12-23T00:15:00+09:00,J5,492,461,953
2019-12-23T00:30:00+09:00,J1,479,413,892
2019-12-23T00:30:00+09:00,J2,320,398,718
2019-12-23T00:30:00+09:00,J3,533,439,972
2019-12-23T00:30:00+09:00,J4,578,599,1177
2019-12-23T00:30:00+09:00,J5,544,513,1057
2019-12-23T00:45:00+09:00,J1,364,418,782
2019-12-23T00:45:00+09:00,J2,349,393,742
2019-12-23T00:45:00+09:00,J3,551,452,1003
2019-12-23T00:45:00+09:00,J4,680,589,1269
2019-12-23T00:45:00+09:00,J5,546,481,1027
2019-12-23T05:45:00+09:00,J1,714,793,1507
2019-12-23T05:45:00+09:00,J2,389,351,740
2019-12-23T05:45:00+09:00,J3,735,717,1452
2019-12-23T05:45:00+09:00,J4,417,472,889
2019-12-23T05:45:00+09:00,J5,609,613,1222
2019-12-23T06:00:00+09:00,J1,760,788,1548
2019-12-23T06:00:00+09:00,J2,368,390,758
2019-12-23T06:00:00+09:00,J3,715,697,1412
2019-12-23T06:00:00+09:00,J4,502,503,1005
2019-12-23T06:00:00+09:00,J5,604,574,1178
2019-12-23T06:15:00+09:00,J1,768,820,1588
2019-12-23T06:15:00+09:00,J2,364,327,691
2019-12-23T06:15:00+09:00,J3,667,649,1316
2019-12-23T06:15:00+09:00,J4,613,587,1200
2019-12-23T06:15:00+09:00,J5,490,482,972
2019-12-23T06:30:00+09:00,J1,888,960,1848
2019-12-23T06:30:00+09:00,J2,364,377,741
2019-12-23T06:30:00+09:00,J3,691,691,1382
2019-12-23T06:30:00+09:00,J4,596,621,1217
2019-12-23T06:30:00+09:00,J5,551,463,1014
2019-12-23T06:45:00+09:00,J1,846,975,1821
2019-12-23T06:45:00+09:00,J2,376,417,793
2019-12-23T06:45:00+09:00,J3,710,654,1364
2019-12-23T06:45:00+09:00,J4,614,678,1292
2019-12-23T06:45:00+09:00,J5,541,489,1030
2019-12-23T07:00:00+09:00,J1,905,898,1803
2019-12-23T07:00:00+09:00,J2,592,566,1158
2019-12-23T07:00:00+09:00,J3,710,663,1373
2019-12-23T07:00:00+09:00,J4,680,709,1389
2019-12-23T07:00:00+09:00,J5,554,555,1109
2019-12-23T07:15:00+09:00,J1,933,1034,1967
2019-12-23T07:15:00+09:00,J2,590,584,1174
2019-12-23T07:15:00+09:00,J3,874,837,1711
2019-12-23T07:15:00+09:00,J4,661,866,1527
2019-12-23T07:15:00+09:00,J5,695,690,1385
2019-12-23T07:30:00+09:00,J1,987,953,1940
2019-12-23T07:30:00+09:00,J2,484,540,1024
2019-12-23T07:30:00+09:00,J3,965,924,1889
2019-12-23T07:30:00+09:00,J4,759,888,1647
2019-12-23T07:30:00+09:00,J5,768,758,1526
2019-12-23T07:45:00+09:00,J1,1086,1092,2178
2019-12-23T07:45:00+09:00,J2,632,546,1178
2019-12-23T07:45:00+09:00,J3,1074,1114,2188
2019-12-23T07:45:00+09:00,J4,746,984,1730
2019-12-23T07:45:00+09:00,J5,784,776,1560
2019-12-23T08:00:00+09:00,J1,1213,1125,2338
2019-12-23T08:00:00+09:00,J2,689,411,1100
2019-12-23T08:00:00+09:00,J3,1156,1222,2378
2019-12-23T08:00:00+09:00,J4,838,1088,1926
2019-12-23T08:00:00+09:00,J5,591,598,1189
2019-12-23T08:15:00+09:00,J1,1170,1165,2335
2019-12-23T08:15:00+09:00,J2,819,532,1351
2019-12-23T08:15:00+09:00,J3,1253,1342,2595
2019-12-23T08:15:00+09:00,J4,937,1178,2115
2019-12-23T08:15:00+09:00,J5,492,467,959
2019-12-23T08:30:00+09:00,J1,1271,1138,2409
2019-12-23T08:30:00+09:00,J2,773,529,1302
2019-12-23T08:30:00+09:00,J3,1258,1350,2608
2019-12-23T08:30:00+09:00,J4,948,1104,2052
2019-12-23T08:30:00+09:00,J5,618,669,1287
2019-12-23T08:45:00+09:00,J1,1157,1090,2247
2019-12-23T08:45:00+09:00,J2,609,483,1092
2019-12-23T08:45:00+09:00,J3,922,1095,2017
2019-12-23T08:45:00+09:00,J4,689,848,1537
2019-12-23T08:45:00+09:00,J5,481,455,936
2019-12-23T09:00:00+09:00,J1,1164,1123,2287
2019-12-23T09:00:00+09:00,J2,459,439,898
2019-12-23T09:00:00+09:00,J3,853,875,1728
2019-12-23T09:00:00+09:00,J4,555,740,1295
2019-12-23T09:00:00+09:00,J5,483,479,962
2019-12-23T09:15:00+09:00,J1,1169,1022,2191
2019-12-23T09:15:00+09:00,J2,489,413,902
2019-12-23T09:15:00+09:00,J3,1071,945,2016
2019-12-23T09:15:00+09:00,J4,637,753,1390
2019-12-23T09:15:00+09:00,J5,692,701,1393
2019-12-23T09:30:00+09:00,J1,1085,1132,2217
2019-12-23T09:30:00+09:00,J2,445,392,837
2019-12-23T09:30:00+09:00,J3,998,998,1996
2019-12-23T09:30:00+09:00,J4,726,806,1532
2019-12-23T09:30:00+09:00,J5,727,736,1463
2019-12-23T09:45:00+09:00,J1,1075,1087,2162
2019-12-23T09:45:00+09:00,J2,415,406,821
2019-12-23T09:45:00+09:00,J3,837,895,1732
2019-12-23T09:45:00+09:00,J4,735,798,1533
2019-12-23T09:45:00+09:00,J5,670,717,1387
2019-12-23T10:00:00+09:00,J1,1067,1167,2234
2019-12-23T10:00:00+09:00,J2,359,405,764
2019-12-23T10:00:00+09:00,J3,781,826,1607
2019-12-23T10:00:00+09:00,J4,656,788,1444
2019-12-23T10:00:00+09:00,J5,653,644,1297
2019-12-23T10:15:00+09:00,J1,1031,1144,2175
2019-12-23T10:15:00+09:00,J2,407,483,890
2019-12-23T10:15:00+09:00,J3,903,1005,1908
2019-12-23T10:15:00+09:00,J4,807,840,1647
2019-12-23T10:15:00+09:00,J5,613,661,1274
2019-12-23T10:30:00+09:00,J1,1060,1217,2277
2019-12-23T10:30:00+09:00,J2,420,494,914
2019-12-23T10:30:00+09:00,J3,902,969,1871
2019-12-23T10:30:00+09:00,J4,902,877,1779
2019-12-23T10:30:00+09:00,J5,651,571,1222
2019-12-23T10:45:00+09:00,J1,1041,1159,2200
2019-12-23T10:45:00+09:00,J2,445,553,998
2019-12-23T10:45:00+09:00,J3,948,978,1926
2019-12-23T10:45:00+09:00,J4,977,925,1902
2019-12-23T10:45:00+09:00,J5,589,551,1140
2019-12-23T11:00:00+09:00,J1,1036,1155,2191
2019-12-23T11:00:00+09:00,J2,444,532,976
2019-12-23T11:00:00+09:00,J3,925,1060,1985
2019-12-23T11:00:00+09:00,J4,959,960,1919
2019-12-23T11:00:00+09:00,J5,579,527,1106
2019-12-23T11:15:00+09:00,J1,999,1219,2218
2019-12-23T11:15:00+09:00,J2,465,541,1006
2019-12-23T11:15:00+09:00,J3,1020,946,1966
2019-12-23T11:15:00+09:00,J4,950,960,1910
2019-12-23T11:15:00+09:00,J5,409,407,816
2019-12-23T11:30:00+09:00,J1,1052,1202,2254
2019-12-23T11:30:00+09:00,J2,463,540,1003
2019-12-23T11:30:00+09:00,J3,1115,1039,2154
2019-12-23T11:30:00+09:00,J4,1018,991,2009
2019-12-23T11:30:00+09:00,J5,364,370,734
2019-12-23T11:45:00+09:00,J1,1067,1196,2263
2019-12-23T11:45:00+09:00,J2,499,564,1063
2019-12-23T11:45:00+09:00,J3,1316,1148,2464
2019-12-23T11:45:00+09:00,J4,1015,981,1996
2019-12-23T11:45:00+09:00,J5,371,403,774
2019-12-23T12:00:00+09:00,J1,1030,1130,2160
2019-12-23T12:00:00+09:00,J2,478,596,1074
2019-12-23T12:00:00+09:00,J3,1376,1098,2474
2019-12-23T12:00:00+09:00,J4,1158,1008,2166
2019-12-23T12:00:00+09:00,J5,410,472,882
2019-12-23T12:15:00+09:00,J1,903,1193,2096
2019-12-23T12:15:00+09:00,J2,432,649,1081
2019-12-23T12:15:00+09:00,J3,1191,1084,2275
2019-12-23T12:15:00+09:00,J4,1059,957,2016
2019-12-23T12:15:00+09:00,J5,411,423,834
2019-12-23T12:30:00+09:00,J1,946,1200,2146
2019-12-23T12:30:00+09:00,J2,456,611,1067
2019-12-23T12:30:00+09:00,J3,1205,1300,2505
2019-12-23T12:30:00+09:00,J4,1074,1018,2092
2019-12-23T12:30:00+09:00,J5,425,444,869
2019-12-23T12:45:00+09:00,J1,865,1255,2120
2019-12-23T12:45:00+09:00,J2,417,510,927
2019-12-23T12:45:00+09:00,J3,1039,1172,2211
2019-12-23T12:45:00+09:00,J4,919,948,1867
2019-12-23T12:45:00+09:00,J5,559,491,1050
2019-12-23T13:00:00+09:00,J1,938,1150,2088
2019-12-23T13:00:00+09:00,J2,393,462,855
2019-12-23T13:00:00+09:00,J3,990,1125,2115
2019-12-23T13:00:00+09:00,J4,968,970,1938
2019-12-23T13:00:00+09:00,J5,665,606,1271
2019-12-23T13:15:00+09:00,J1,898,1050,1948
2019-12-23T13:15:00+09:00,J2,395,519,914
2019-12-23T13:15:00+09:00,J3,1002,1094,2096
2019-12-23T13:15:00+09:00,J4,937,891,1828
2019-12-23T13:15:00+09:00,J5,656,579,1235
2019-12-23T13:30:00+09:00,J1,1038,1101,2139
2019-12-23T13:30:00+09:00,J2,369,501,870
2019-12-23T13:30:00+09:00,J3,1058,1146,2204
2019-12-23T13:30:00+09:00,J4,850,958,1808
2019-12-23T13:30:00+09:00,J5,454,459,913
2019-12-23T13:45:00+09:00,J1,947,1135,2082
2019-12-23T13:45:00+09:00,J2,384,485,869
2019-12-23T13:45:00+09:00,J3,1090,1163,2253
2019-12-23T13:45:00+09:00,J4,888,897,1785
2019-12-23T13:45:00+09:00,J5,444,437,881
2019-12-23T14:00:00+09:00,J1,983,1146,2129
2019-12-23T14:00:00+09:00,J2,397,521,918
2019-12-23T14:00:00+09:00,J3,1114,1164,2278
2019-12-23T14:00:00+09:00,J4,829,921,1750
2019-12-23T14:00:00+09:00,J5,445,408,853
2019-12-23T14:15:00+09:00,J1,962,1174,2136
2019-12-23T14:15:00+09:00,J2,409,544,953
2019-12-23T14:15:00+09:00,J3,1078,1192,2270
2019-12-23T14:15:00+09:00,J4,812,921,1733
2019-12-23T14:15:00+09:00,J5,394,415,809
2019-12-23T14:30:00+09:00,J1,935,1207,2142
2019-12-23T14:30:00+09:00,J2,362,546,908
2019-12-23T14:30:00+09:00,J3,1064,1198,2262
2019-12-23T14:30:00+09:00,J4,969,979,1948
2019-12-23T14:30:00+09:00,J5,407,426,833
2019-12-23T14:45:00+09:00,J1,947,1222,2169
2019-12-23T14:45:00+09:00,J2,386,504,890
2019-12-23T14:45:00+09:00,J3,1110,1256,2366
2019-12-23T14:45:00+09:00,J4,844,978,1822
2019-12-23T14:45:00+09:00,J5,413,399,812
2019-12-23T15:00:00+09:00,J1,931,1204,2135
2019-12-23T15:00:00+09:00,J2,383,568,951
2019-12-23T15:00:00+09:00,J3,1171,1219,2390
2019-12-23T15:00:00+09:00,J4,757,852,1609
2019-12-23T15:00:00+09:00,J5,419,417,836
2019-12-23T15:15:00+09:00,J1,992,1205,2197
2019-12-23T15:15:00+09:00,J2,408,589,997
2019-12-23T15:15:00+09:00,J3,1116,1186,2302
2019-12-23T15:15:00+09:00,J4,837,941,1778
2019-12-23T15:15:00+09:00,J5,426,451,877
2019-12-23T15:30:00+09:00,J1,967,1198,2165
2019-12-23T15:30:00+09:00,J2,428,600,1028
2019-12-23T15:30:00+09:00,J3,1154,1223,2377
2019-12-23T15:30:00+09:00,J4,813,944,1757
2019-12-23T15:30:00+09:00,J5,426,409,835
2019-12-23T15:45:00+09:00,J1,972,1188,2160
2019-12-23T15:45:00+09:00,J2,410,563,973
2019-12-23T15:45:00+09:00,J3,1091,1182,2273
2019-12-23T15:45:00+09:00,J4,798,849,1647
2019-12-23T15:45:00+09:00,J5,408,369,777
2019-12-23T16:00:00+09:00,J1,988,1204,2192
2019-12-23T16:00:00+09:00,J2,403,585,988
2019-12-23T16:00:00+09:00,J3,1107,1197,2304
2019-12-23T16:00:00+09:00,J4,877,907,1784
2019-12-23T16:00:00+09:00,J5,417,411,828
2019-12-23T16:15:00+09:00,J1,975,1151,2126
2019-12-23T16:15:00+09:00,J2,415,549,964
2019-12-23T16:15:00+09:00,J3,1140,1196,2336
2019-12-23T16:15:00+09:00,J4,860,1000,1860
2019-12-23T16:15:00+09:00,J5,420,452,872
2019-12-23T16:30:00+09:00,J1,995,1149,2144
2019-12-23T16:30:00+09:00,J2,438,578,1016
2019-12-23T16:30:00+09:00,J3,1227,1120,2347
2019-12-23T16:30:00+09:00,J4,922,880,1802
2019-12-23T16:30:00+09:00,J5,428,412,840
2019-12-23T16:45:00+09:00,J1,938,1175,2113
2019-12-23T16:45:00+09:00,J2,491,593,1084
2019-12-23T16:45:00+09:00,J3,1289,1114,2403
2019-12-23T16:45:00+09:00,J4,1004,969,1973
2019-12-23T16:45:00+09:00,J5,399,442,841
2019-12-23T17:00:00+09:00,J1,987,1194,2181
2019-12-23T17:00:00+09:00,J2,509,646,1155
2019-12-23T17:00:00+09:00,J3,1491,1292,2783
2019-12-23T17:00:00+09:00,J4,921,876,1797
2019-12-23T17:00:00+09:00,J5,447,447,894
2019-12-23T17:15:00+09:00,J1,1071,1243,2314
2019-12-23T17:15:00+09:00,J2,495,709,1204
2019-12-23T17:15:00+09:00,J3,1548,1311,2859
2019-12-23T17:15:00+09:00,J4,894,897,1791
2019-12-23T17:15:00+09:00,J5,428,519,947
2019-12-23T17:30:00+09:00,J1,1022,1207,2229
2019-12-23T17:30:00+09:00,J2,500,769,1269
2019-12-23T17:30:00+09:00,J3,1587,1330,2917
2019-12-23T17:30:00+09:00,J4,1039,975,2014
2019-12-23T17:30:00+09:00,J5,479,599,1078
2019-12-23T17:45:00+09:00,J1,1024,1253,2277
2019-12-23T17:45:00+09:00,J2,452,774,1226
2019-12-23T17:45:00+09:00,J3,1692,1268,2960
2019-12-23T17:45:00+09:00,J4,1060,1011,2071
2019-12-23T17:45:00+09:00,J5,437,600,1037
2019-12-23T18:00:00+09:00,J1,1107,1266,2373
2019-12-23T18:00:00+09:00,J2,503,794,1297
2019-12-23T18:00:00+09:00,J3,1776,1294,3070
2019-12-23T18:00:00+09:00,J4,1194,1052,2246
2019-12-23T18:00:00+09:00,J5,405,519,924
2019-12-23T18:15:00+09:00,J1,1096,1258,2354
2019-12-23T18:15:00+09:00,J2,511,803,1314
2019-12-23T18:15:00+09:00,J3,1668,1294,2962
2019-12-23T18:15:00+09:00,J4,1237,1099,2336
2019-12-23T18:15:00+09:00,J5,446,553,999
2019-12-23T18:30:00+09:00,J1,1058,1180,2238
2019-12-23T18:30:00+09:00,J2,433,696,1129
2019-12-23T18:30:00+09:00,J3,1499,1270,2769
2019-12-23T18:30:00+09:00,J4,1144,989,2133
2019-12-23T18:30:00+09:00,J5,460,494,954
2019-12-23T18:45:00+09:00,J1,1161,1146,2307
2019-12-23T18:45:00+09:00,J2,480,682,1162
2019-12-23T18:45:00+09:00,J3,1392,1321,2713
2019-12-23T18:45:00+09:00,J4,1116,1006,2122
2019-12-23T18:45:00+09:00,J5,388,492,880
2019-12-23T19:00:00+09:00,J1,1012,1103,2115
2019-12-23T19:00:00+09:00,J2,436,659,1095
2019-12-23T19:00:00+09:00,J3,1381,1313,2694
2019-12-23T19:00:00+09:00,J4,1177,998,2175
2019-12-23T19:00:00+09:00,J5,461,477,938
2019-12-23T19:15:00+09:00,J1,996,1131,2127
2019-12-23T19:15:00+09:00,J2,483,645,1128
2019-12-23T19:15:00+09:00,J3,1326,1272,2598
2019-12-23T19:15:00+09:00,J4,964,916,1880
2019-12-23T19:15:00+09:00,J5,495,484,979
2019-12-23T19:30:00+09:00,J1,1004,1128,2132
2019-12-23T19:30:00+09:00,J2,503,649,1152
2019-12-23T19:30:00+09:00,J3,1355,1177,2532
2019-12-23T19:30:00+09:00,J4,818,743,1561
2019-12-23T19:30:00+09:00,J5,467,496,963
2019-12-23T19:45:00+09:00,J1,981,1179,2160
2019-12-23T19:45:00+09:00,J2,550,559,1109
2019-12-23T19:45:00+09:00,J3,1306,1167,2473
2019-12-23T19:45:00+09:00,J4,728,766,1494
2019-12-23T19:45:00+09:00,J5,509,477,986
2019-12-23T20:00:00+09:00,J1,982,1146,2128
2019-12-23T20:00:00+09:00,J2,362,586,948
2019-12-23T20:00:00+09:00,J3,1255,1209,2464
2019-12-23T20:00:00+09:00,J4,710,633,1343
2019-12-23T20:00:00+09:00,J5,492,478,970
2019-12-23T20:15:00+09:00,J1,1026,1152,2178
2019-12-23T20:15:00+09:00,J2,433,587,1020
2019-12-23T20:15:00+09:00,J3,1331,1211,2542
2019-12-23T20:15:00+09:00,J4,786,705,1491
2019-12-23T20:15:00+09:00,J5,484,483,967
2019-12-23T20:30:00+09:00,J1,1008,1156,2164
2019-12-23T20:30:00+09:00,J2,379,490,869
2019-12-23T20:30:00+09:00,J3,1216,1178,2394
2019-12-23T20:30:00+09:00,J4,755,771,1526
2019-12-23T20:30:00+09:00,J5,551,503,1054
2019-12-23T20:45:00+09:00,J1,1039,1132,2171
2019-12-23T20:45:00+09:00,J2,355,540,895
2019-12-23T20:45:00+09:00,J3,1260,1069,2329
2019-12-23T20:45:00+09:00,J4,805,826,1631
2019-12-23T20:45:00+09:00,J5,510,497,1007
2019-12-23T21:00:00+09:00,J1,987,1224,2211
2019-12-23T21:00:00+09:00,J2,354,480,834
2019-12-23T21:00:00+09:00,J3,1147,991,2138
2019-12-23T21:00:00+09:00,J4,915,858,1773
2019-12-23T21:00:00+09:00,J5,548,512,1060
2019-12-23T21:15:00+09:00,J1,933,1213,2146
2019-12-23T21:15:00+09:00,J2,412,561,973
2019-12-23T21:15:00+09:00,J3,1172,983,2155
2019-12-23T21:15:00+09:00,J4,945,780,1725
2019-12-23T21:15:00+09:00,J5,550,522,1072
2019-12-23T21:30:00+09:00,J1,947,1142,2089
2019-12-23T21:30:00+09:00,J2,468,539,1007
2019-12-23T21:30:00+09:00,J3,1036,943,1979
2019-12-23T21:30:00+09:00,J4,820,810,1630
2019-12-23T21:30:00+09:00,J5,624,572,1196
2019-12-23T21:45:00+09:00,J1,917,1115,2032
2019-12-23T21:45:00+09:00,J2,427,537,964
2019-12-23T21:45:00+09:00,J3,1052,857,1909
2019-12-23T21:45:00+09:00,J4,817,736,1553
2019-12-23T21:45:00+09:00,J5,688,628,1316
2019-12-23T22:00:00+09:00,J1,941,1089,2030
2019-12-23T22:00:00+09:00,J2,437,540,977
2019-12-23T22:00:00+09:00,J3,1069,916,1985
2019-12-23T22:00:00+09:00,J4,771,782,1553
2019-12-23T22:00:00+09:00,J5,628,582,1210
2019-12-23T22:15:00+09:00,J1,888,1068,1956
2019-12-23T22:15:00+09:00,J2,400,496,896
2019-12-23T22:15:00+09:00,J3,988,783,1771
2019-12-23T22:15:00+09:00,J4,733,745,1478
2019-12-23T22:15:00+09:00,J5,585,598,1183
2019-12-23T22:30:00+09:00,J1,962,1027,1989
2019-12-23T22:30:00+09:00,J2,393,535,928
2019-12-23T22:30:00+09:00,J3,924,746,1670
2019-12-23T22:30:00+09:00,J4,725,816,1541
2019-12-23T22:30:00+09:00,J5,571,609,1180
2019-12-23T22:45:00+09:00,J1,977,1078,2055
2019-12-23T22:45:00+09:00,J2,386,588,974
2019-12-23T22:45:00+09:00,J3,962,794,1756
2019-12-23T22:45:00+09:00,J4,866,794,1660
2019-12-23T22:45:00+09:00,J5,547,555,1102
2019-12-23T23:00:00+09:00,J1,993,1078,2071
2019-12-23T23:00:00+09:00,J2,434,517,951
2019-12-23T23:00:00+09:00,J3,938,874,1812
2019-12-23T23:00:00+09:00,J4,713,748,1461
2019-12-23T23:00:00+09:00,J5,544,523,1067
2019-12-23T23:15:00+09:00,J1,931,1038,1969
2019-12-23T23:15:00+09:00,J2,410,634,1044
2019-12-23T23:15:00+09:00,J3,941,842,1783
2019-12-23T23:15:00+09:00,J4,761,774,1535
2019-12-23T23:15:00+09:00,J5,495,501,996
2019-12-23T23:30:00+09:00,J1,841,944,1785
2019-12-23T23:30:00+09:00,J2,386,537,923
2019-12-23T23:30:00+09:00,J3,922,709,1631
2019-12-23T23:30:00+09:00,J4,712,772,1484
2019-12-23T23:30:00+09:00,J5,470,490,960
2019-12-23T23:45:00+09:00,J1,858,965,1823
2019-12-23T23:45:00+09:00,J2,385,435,820
2019-12-23T23:45:00+09:00,J3,882,743,1625
2019-12-23T23:45:00+09:00,J4,744,759,1503
2019-12-23T23:45:00+09:00,J5,482,525,1007
2019-12-24T00:00:00+09:00,J1,706,691,1397
2019-12-24T00:00:00+09:00,J2,343,414,757
2019-12-24T00:00:00+09:00,J3,846,645,1491
2019-12-24T00:00:00+09:00,J4,815,760,1575
2019-12-24T00:00:00+09:00,J5,529,514,1043
2019-12-24T00:15:00+09:00,J1,593,628,1221
2019-12-24T00:15:00+09:00,J2,348,400,748
2019-12-24T00:15:00+09:00,J3,765,734,1499
2019-12-24T00:15:00+09:00,J4,660,628,1288
2019-12-24T00:15:00+09:00,J5,594,554,1148
2019-12-24T00:30:00+09:00,J1,478,446,924
2019-12-24T00:30:00+09:00,J2,316,384,700
2019-12-24T00:30:00+09:00,J3,701,686,1387
2019-12-24T00:30:00+09:00,J4,437,459,896
2019-12-24T00:30:00+09:00,J5,592,559,1151
2019-12-24T00:45:00+09:00,J1,419,379,798
2019-12-24T00:45:00+09:00,J2,288,373,661
2019-12-24T00:45:00+09:00,J3,673,685,1358
2019-12-24T00:45:00+09:00,J4,491,519,1010
2019-12-24T00:45:00+09:00,J5,627,631,1258
2019-12-24T05:45:00+09:00,J1,769,867,1636
2019-12-24T05:45:00+09:00,J2,383,419,802
2019-12-24T05:45:00+09:00,J3,881,822,1703
2019-12-24T05:45:00+09:00,J4,411,507,918
2019-12-24T05:45:00+09:00,J5,664,663,1327
2019-12-24T06:00:00+09:00,J1,856,935,1791
2019-12-24T06:00:00+09:00,J2,363,421,784
2019-12-24T06:00:00+09:00,J3,902,884,1786
2019-12-24T06:00:00+09:00,J4,355,418,773
2019-12-24T06:00:00+09:00,J5,607,508,1115
2019-12-24T06:15:00+09:00,J1,896,881,1777
2019-12-24T06:15:00+09:00,J2,409,438,847
2019-12-24T06:15:00+09:00,J3,835,821,1656
2019-12-24T06:15:00+09:00,J4,435,543,978
2019-12-24T06:15:00+09:00,J5,602,561,1163
2019-12-24T06:30:00+09:00,J1,865,947,1812
2019-12-24T06:30:00+09:00,J2,464,452,916
2019-12-24T06:30:00+09:00,J3,832,866,1698
2019-12-24T06:30:00+09:00,J4,509,600,1109
2019-12-24T06:30:00+09:00,J5,620,576,1196
2019-12-24T06:45:00+09:00,J1,904,901,1805
2019-12-24T06:45:00+09:00,J2,701,591,1292
2019-12-24T06:45:00+09:00,J3,907,868,1775
2019-12-24T06:45:00+09:00,J4,493,573,1066
2019-12-24T06:45:00+09:00,J5,604,534,1138
2019-12-24T07:00:00+09:00,J1,956,1012,1968
2019-12-24T07:00:00+09:00,J2,772,684,1456
2019-12-24T07:00:00+09:00,J3,837,843,1680
2019-12-24T07:00:00+09:00,J4,638,716,1354
2019-12-24T07:00:00+09:00,J5,576,560,1136
2019-12-24T07:15:00+09:00,J1,1006,1051,2057
2019-12-24T07:15:00+09:00,J2,863,704,1567
2019-12-24T07:15:00+09:00,J3,896,929,1825
2019-12-24T07:15:00+09:00,J4,686,735,1421
2019-12-24T07:15:00+09:00,J5,601,583,1184
2019-12-24T07:30:00+09:00,J1,1004,1088,2092
2019-12-24T07:30:00+09:00,J2,807,726,1533
2019-12-24T07:30:00+09:00,J3,1233,1214,2447
2019-12-24T07:30:00+09:00,J4,650,728,1378
2019-12-24T07:30:00+09:00,J5,664,679,1343
2019-12-24T07:45:00+09:00,J1,1086,1137,2223
2019-12-24T07:45:00+09:00,J2,851,621,1472
2019-12-24T07:45:00+09:00,J3,1336,1151,2487
2019-12-24T07:45:00+09:00,J4,698,948,1646
2019-12-24T07:45:00+09:00,J5,525,504,1029
2019-12-24T08:00:00+09:00,J1,1119,1161,2280
2019-12-24T08:00:00+09:00,J2,953,722,1675
2019-12-24T08:00:00+09:00,J3,1554,1352,2906
2019-12-24T08:00:00+09:00,J4,841,1092,1933
2019-12-24T08:00:00+09:00,J5,517,613,1130
2019-12-24T08:15:00+09:00,J1,1161,1109,2270
2019-12-24T08:15:00+09:00,J2,1161,693,1854
2019-12-24T08:15:00+09:00,J3,1597,1467,3064
2019-12-24T08:15:00+09:00,J4,898,1195,2093
2019-12-24T08:15:00+09:00,J5,621,630,1251
2019-12-24T08:30:00+09:00,J1,1180,1167,2347
2019-12-24T08:30:00+09:00,J2,1125,734,1859
2019-12-24T08:30:00+09:00,J3,1567,1459,3026
2019-12-24T08:30:00+09:00,J4,948,1268,2216
2019-12-24T08:30:00+09:00,J5,658,675,1333
2019-12-24T08:45:00+09:00,J1,1092,1096,2188
2019-12-24T08:45:00+09:00,J2,872,624,1496
2019-12-24T08:45:00+09:00,J3,1409,1271,2680
2019-12-24T08:45:00+09:00,J4,626,924,1550
2019-12-24T08:45:00+09:00,J5,642,663,1305
2019-12-24T09:00:00+09:00,J1,1145,1155,2300
2019-12-24T09:00:00+09:00,J2,761,717,1478
2019-12-24T09:00:00+09:00,J3,1189,1105,2294
2019-12-24T09:00:00+09:00,J4,590,774,1364
2019-12-24T09:00:00+09:00,J5,536,572,1108
2019-12-24T09:15:00+09:00,J1,1084,1111,2195
2019-12-24T09:15:00+09:00,J2,724,564,1288
2019-12-24T09:15:00+09:00,J3,1006,971,1977
2019-12-24T09:15:00+09:00,J4,641,828,1469
2019-12-24T09:15:00+09:00,J5,725,649,1374
2019-12-24T09:30:00+09:00,J1,1107,1068,2175
2019-12-24T09:30:00+09:00,J2,627,531,1158
2019-12-24T09:30:00+09:00,J3,1042,980,2022
2019-12-24T09:30:00+09:00,J4,685,840,1525
2019-12-24T09:30:00+09:00,J5,827,810,1637
2019-12-24T09:45:00+09:00,J1,1072,1163,2235
2019-12-24T09:45:00+09:00,J2,764,603,1367
2019-12-24T09:45:00+09:00,J3,1179,1133,2312
2019-12-24T09:45:00+09:00,J4,679,797,1476
2019-12-24T09:45:00+09:00,J5,719,721,1440
2019-12-24T10:00:00+09:00,J1,1067,1143,2210
2019-12-24T10:00:00+09:00,J2,652,591,1243
2019-12-24T10:00:00+09:00,J3,1096,1033,2129
2019-12-24T10:00:00+09:00,J4,768,788,1556
2019-12-24T10:00:00+09:00,J5,715,676,1391
2019-12-24T10:15:00+09:00,J1,1126,1130,2256
2019-12-24T10:15:00+09:00,J2,765,688,1453
2019-12-24T10:15:00+09:00,J3,997,998,1995
2019-12-24T10:15:00+09:00,J4,898,920,1818
2019-12-24T10:15:00+09:00,J5,698,652,1350
2019-12-24T10:30:00+09:00,J1,1159,1152,2311
2019-12-24T10:30:00+09:00,J2,865,731,1596
2019-12-24T10:30:00+09:00,J3,1026,1050,2076
2019-12-24T10:30:00+09:00,J4,968,974,1942
2019-12-24T10:30:00+09:00,J5,698,627,1325
2019-12-24T10:45:00+09:00,J1,1091,1176,2267
2019-12-24T10:45:00+09:00,J2,815,713,1528
2019-12-24T10:45:00+09:00,J3,1132,1114,2246
2019-12-24T10:45:00+09:00,J4,996,999,1995
2019-12-24T10:45:00+09:00,J5,727,657,1384
2019-12-24T11:00:00+09:00,J1,1129,1189,2318
2019-12-24T11:00:00+09:00,J2,743,718,1461
2019-12-24T11:00:00+09:00,J3,1139,1040,2179
2019-12-24T11:00:00+09:00,J4,810,872,1682
2019-12-24T11:00:00+09:00,J5,707,648,1355
2019-12-24T11:15:00+09:00,J1,1103,1180,2283
2019-12-24T11:15:00+09:00,J2,729,785,1514
2019-12-24T11:15:00+09:00,J3,1293,1193,2486
2019-12-24T11:15:00+09:00,J4,818,940,1758
2019-12-24T11:15:00+09:00,J5,526,526,1052
2019-12-24T11:30:00+09:00,J1,1081,1210,2291
2019-12-24T11:30:00+09:00,J2,841,749,1590
2019-12-24T11:30:00+09:00,J3,1370,1175,2545
2019-12-24T11:30:00+09:00,J4,812,932,1744
2019-12-24T11:30:00+09:00,J5,516,512,1028
2019-12-24T11:45:00+09:00,J1,1088,1235,2323
2019-12-24T11:45:00+09:00,J2,885,767,1652
2019-12-24T11:45:00+09:00,J3,1474,1238,2712
2019-12-24T11:45:00+09:00,J4,945,977,1922
2019-12-24T11:45:00+09:00,J5,487,555,1042
2019-12-24T12:00:00+09:00,J1,1072,1222,2294
2019-12-24T12:00:00+09:00,J2,957,827,1784
2019-12-24T12:00:00+09:00,J3,1388,1228,2616
2019-12-24T12:00:00+09:00,J4,919,986,1905
2019-12-24T12:00:00+09:00,J5,520,498,1018
2019-12-24T12:15:00+09:00,J1,1094,1242,2336
2019-12-24T12:15:00+09:00,J2,1012,888,1900
2019-12-24T12:15:00+09:00,J3,1285,1202,2487
2019-12-24T12:15:00+09:00,J4,1114,1075,2189
2019-12-24T12:15:00+09:00,J5,484,485,969
2019-12-24T12:30:00+09:00,J1,1050,1171,2221
2019-12-24T12:30:00+09:00,J2,982,832,1814
2019-12-24T12:30:00+09:00,J3,1285,1030,2315
2019-12-24T12:30:00+09:00,J4,1137,1147,2284
2019-12-24T12:30:00+09:00,J5,505,507,1012
2019-12-24T12:45:00+09:00,J1,1032,1138,2170
2019-12-24T12:45:00+09:00,J2,852,865,1717
2019-12-24T12:45:00+09:00,J3,1268,972,2240
2019-12-24T12:45:00+09:00,J4,1138,1075,2213
2019-12-24T12:45:00+09:00,J5,516,515,1031
2019-12-24T13:00:00+09:00,J1,1011,1214,2225
2019-12-24T13:00:00+09:00,J2,756,785,1541
2019-12-24T13:00:00+09:00,J3,1213,883,2096
2019-12-24T13:00:00+09:00,J4,1131,1063,2194
2019-12-24T13:00:00+09:00,J5,494,468,962
2019-12-24T13:15:00+09:00,J1,984,1216,2200
2019-12-24T13:15:00+09:00,J2,780,898,1678
2019-12-24T13:15:00+09:00,J3,1245,1033,2278
2019-12-24T13:15:00+09:00,J4,1143,1060,2203
2019-12-24T13:15:00+09:00,J5,518,527,1045
2019-12-24T13:30:00+09:00,J1,1038,1292,2330
2019-12-24T13:30:00+09:00,J2,840,781,1621
2019-12-24T13:30:00+09:00,J3,1349,1092,2441
2019-12-24T13:30:00+09:00,J4,1172,1050,2222
2019-12-24T13:30:00+09:00,J5,467,511,978
2019-12-24T13:45:00+09:00,J1,1014,1185,2199
2019-12-24T13:45:00+09:00,J2,781,767,1548
2019-12-24T13:45:00+09:00,J3,1274,1126,2400
2019-12-24T13:45:00+09:00,J4,1092,996,2088
2019-12-24T13:45:00+09:00,J5,511,480,991
2019-12-24T14:00:00+09:00,J1,940,1222,2162
2019-12-24T14:00:00+09:00,J2,875,858,1733
2019-12-24T14:00:00+09:00,J3,1336,1104,2440
2019-12-24T14:00:00+09:00,J4,1137,990,2127
2019-12-24T14:00:00+09:00,J5,470,495,965
2019-12-24T14:15:00+09:00,J1,1030,1224,2254
2019-12-24T14:15:00+09:00,J2,802,745,1547
2019-12-24T14:15:00+09:00,J3,1361,1057,2418
2019-12-24T14:15:00+09:00,J4,1143,1014,2157
2019-12-24T14:15:00+09:00,J5,482,489,971
2019-12-24T14:30:00+09:00,J1,1024,1199,2223
2019-12-24T14:30:00+09:00,J2,877,690,1567
2019-12-24T14:30:00+09:00,J3,1280,1023,2303
2019-12-24T14:30:00+09:00,J4,1147,1092,2239
2019-12-24T14:30:00+09:00,J5,497,536,1033
2019-12-24T14:45:00+09:00,J1,997,1233,2230
2019-12-24T14:45:00+09:00,J2,883,831,1714
2019-12-24T14:45:00+09:00,J3,1417,1096,2513
2019-12-24T14:45:00+09:00,J4,1097,1003,2100
2019-12-24T14:45:00+09:00,J5,451,481,932
2019-12-24T15:00:00+09:00,J1,969,1223,2192
2019-12-24T15:00:00+09:00,J2,924,819,1743
2019-12-24T15:00:00+09:00,J3,1215,1057,2272
2019-12-24T15:00:00+09:00,J4,1079,1052,2131
2019-12-24T15:00:00+09:00,J5,482,471,953
2019-12-24T15:15:00+09:00,J1,992,1227,2219
2019-12-24T15:15:00+09:00,J2,776,900,1676
2019-12-24T15:15:00+09:00,J3,1266,983,2249
2019-12-24T15:15:00+09:00,J4,1081,1023,2104
2019-12-24T15:15:00+09:00,J5,527,536,1063
2019-12-24T15:30:00+09:00,J1,955,1226,2181
2019-12-24T15:30:00+09:00,J2,837,844,1681
2019-12-24T15:30:00+09:00,J3,1341,1101,2442
2019-12-24T15:30:00+09:00,J4,1101,1068,2169
2019-12-24T15:30:00+09:00,J5,475,485,960
2019-12-24T15:45:00+09:00,J1,985,1140,2125
2019-12-24T15:45:00+09:00,J2,840,821,1661
2019-12-24T15:45:00+09:00,J3,1313,1030,2343
2019-12-24T15:45:00+09:00,J4,1170,988,2158
2019-12-24T15:45:00+09:00,J5,497,542,1039
2019-12-24T16:00:00+09:00,J1,980,1183,2163
2019-12-24T16:00:00+09:00,J2,776,807,1583
2019-12-24T16:00:00+09:00,J3,1279,1050,2329
2019-12-24T16:00:00+09:00,J4,1111,1037,2148
2019-12-24T16:00:00+09:00,J5,530,481,1011
2019-12-24T16:15:00+09:00,J1,1009,1217,2226
2019-12-24T16:15:00+09:00,J2,979,771,1750
2019-12-24T16:15:00+09:00,J3,1256,1005,2261
2019-12-24T16:15:00+09:00,J4,1131,1057,2188
2019-12-24T16:15:00+09:00,J5,495,460,955
2019-12-24T16:30:00+09:00,J1,967,1196,2163
2019-12-24T16:30:00+09:00,J2,931,796,1727
2019-12-24T16:30:00+09:00,J3,1489,1171,2660
2019-12-24T16:30:00+09:00,J4,1225,1051,2276
2019-12-24T16:30:00+09:00,J5,520,515,1035
2019-12-24T16:45:00+09:00,J1,1087,1150,2237
2019-12-24T16:45:00+09:00,J2,999,793,1792
2019-12-24T16:45:00+09:00,J3,1536,1231,2767
2019-12-24T16:45:00+09:00,J4,1186,996,2182
2019-12-24T16:45:00+09:00,J5,530,498,1028
2019-12-24T17:00:00+09:00,J1,1014,1236,2250
2019-12-24T17:00:00+09:00,J2,951,896,1847
2019-12-24T17:00:00+09:00,J3,1621,1241,2862
2019-12-24T17:00:00+09:00,J4,1179,1030,2209
2019-12-24T17:00:00+09:00,J5,507,566,1073
2019-12-24T17:15:00+09:00,J1,1064,1200,2264
2019-12-24T17:15:00+09:00,J2,928,932,1860
2019-12-24T17:15:00+09:00,J3,1637,1329,2966
2019-12-24T17:15:00+09:00,J4,1132,1161,2293
2019-12-24T17:15:00+09:00,J5,523,655,1178
2019-12-24T17:30:00+09:00,J1,1115,1217,2332
2019-12-24T17:30:00+09:00,J2,1006,1026,2032
2019-12-24T17:30:00+09:00,J3,1636,1266,2902
2019-12-24T17:30:00+09:00,J4,1169,1123,2292
2019-12-24T17:30:00+09:00,J5,533,690,1223
2019-12-24T17:45:00+09:00,J1,1063,1249,2312
2019-12-24T17:45:00+09:00,J2,997,1025,2022
2019-12-24T17:45:00+09:00,J3,1657,1248,2905
2019-12-24T17:45:00+09:00,J4,1272,1157,2429
2019-12-24T17:45:00+09:00,J5,512,677,1189
2019-12-24T18:00:00+09:00,J1,1069,1252,2321
2019-12-24T18:00:00+09:00,J2,1039,1032,2071
2019-12-24T18:00:00+09:00,J3,1679,1306,2985
2019-12-24T18:00:00+09:00,J4,1305,1172,2477
2019-12-24T18:00:00+09:00,J5,526,609,1135
2019-12-24T18:15:00+09:00,J1,1085,1206,2291
2019-12-24T18:15:00+09:00,J2,1000,967,1967
2019-12-24T18:15:00+09:00,J3,1639,1267,2906
2019-12-24T18:15:00+09:00,J4,1206,1076,2282
2019-12-24T18:15:00+09:00,J5,585,658,1243
2019-12-24T18:30:00+09:00,J1,1152,1225,2377
2019-12-24T18:30:00+09:00,J2,949,939,1888
2019-12-24T18:30:00+09:00,J3,1557,1299,2856
2019-12-24T18:30:00+09:00,J4,932,941,1873
2019-12-24T18:30:00+09:00,J5,548,604,1152
2019-12-24T18:45:00+09:00,J1,1165,1201,2366
2019-12-24T18:45:00+09:00,J2,877,920,1797
2019-12-24T18:45:00+09:00,J3,1414,1178,2592
2019-12-24T18:45:00+09:00,J4,1017,919,1936
2019-12-24T18:45:00+09:00,J5,569,553,1122
2019-12-24T19:00:00+09:00,J1,1053,1192,2245
2019-12-24T19:00:00+09:00,J2,890,845,1735
2019-12-24T19:00:00+09:00,J3,1348,1168,2516
2019-12-24T19:00:00+09:00,J4,1062,1060,2122
2019-12-24T19:00:00+09:00,J5,619,575,1194
2019-12-24T19:15:00+09:00,J1,1018,1195,2213
2019-12-24T19:15:00+09:00,J2,834,735,1569
2019-12-24T19:15:00+09:00,J3,1348,1150,2498
2019-12-24T19:15:00+09:00,J4,1095,967,2062
2019-12-24T19:15:00+09:00,J5,638,597,1235
2019-12-24T19:30:00+09:00,J1,1089,1184,2273
2019-12-24T19:30:00+09:00,J2,754,740,1494
2019-12-24T19:30:00+09:00,J3,1174,1074,2248
2019-12-24T19:30:00+09:00,J4,892,839,1731
2019-12-24T19:30:00+09:00,J5,616,590,1206
2019-12-24T19:45:00+09:00,J1,996,1056,2052
2019-12-24T19:45:00+09:00,J2,688,593,1281
2019-12-24T19:45:00+09:00,J3,1024,985,2009
2019-12-24T19:45:00+09:00,J4,863,806,1669
2019-12-24T19:45:00+09:00,J5,582,554,1136
2019-12-24T20:00:00+09:00,J1,1059,1222,2281
2019-12-24T20:00:00+09:00,J2,777,785,1562
2019-12-24T20:00:00+09:00,J3,1179,1092,2271
2019-12-24T20:00:00+09:00,J4,1072,1009,2081
2019-12-24T20:00:00+09:00,J5,670,683,1353
2019-12-24T20:15:00+09:00,J1,965,1186,2151
2019-12-24T20:15:00+09:00,J2,620,742,1362
2019-12-24T20:15:00+09:00,J3,1076,1091,2167
2019-12-24T20:15:00+09:00,J4,951,937,1888
2019-12-24T20:15:00+09:00,J5,600,631,1231
2019-12-24T20:30:00+09:00,J1,1025,1194,2219
2019-12-24T20:30:00+09:00,J2,688,697,1385
2019-12-24T20:30:00+09:00,J3,1076,1055,2131
2019-12-24T20:30:00+09:00,J4,830,899,1729
2019-12-24T20:30:00+09:00,J5,635,559,1194
2019-12-24T20:45:00+09:00,J1,996,1133,2129
2019-12-24T20:45:00+09:00,J2,666,739,1405
2019-12-24T20:45:00+09:00,J3,1000,853,1853
2019-12-24T20:45:00+09:00,J4,865,841,1706
2019-12-24T20:45:00+09:00,J5,605,565,1170
2019-12-24T21:00:00+09:00,J1,933,1190,2123
2019-12-24T21:00:00+09:00,J2,732,648,1380
2019-12-24T21:00:00+09:00,J3,1081,932,2013
2019-12-24T21:00:00+09:00,J4,829,830,1659
2019-12-24T21:00:00+09:00,J5,665,577,1242
2019-12-24T21:15:00+09:00,J1,1004,1126,2130
2019-12-24T21:15:00+09:00,J2,796,752,1548
2019-12-24T21:15:00+09:00,J3,1089,881,1970
2019-12-24T21:15:00+09:00,J4,856,844,1700
2019-12-24T21:15:00+09:00,J5,637,580,1217
2019-12-24T21:30:00+09:00,J1,965,1160,2125
2019-12-24T21:30:00+09:00,J2,705,799,1504
2019-12-24T21:30:00+09:00,J3,1012,929,1941
2019-12-24T21:30:00+09:00,J4,743,865,1608
2019-12-24T21:30:00+09:00,J5,598,585,1183
2019-12-24T21:45:00+09:00,J1,1019,1119,2138
2019-12-24T21:45:00+09:00,J2,598,675,1273
2019-12-24T21:45:00+09:00,J3,998,777,1775
2019-12-24T21:45:00+09:00,J4,745,759,1504
2019-12-24T21:45:00+09:00,J5,626,577,1203
2019-12-24T22:00:00+09:00,J1,947,1114,2061
2019-12-24T22:00:00+09:00,J2,569,665,1234
2019-12-24T22:00:00+09:00,J3,1022,780,1802
2019-12-24T22:00:00+09:00,J4,743,758,1501
2019-12-24T22:00:00+09:00,J5,590,589,1179
2019-12-24T22:15:00+09:00,J1,924,1120,2044
2019-12-24T22:15:00+09:00,J2,547,651,1198
2019-12-24T22:15:00+09:00,J3,873,714,1587
2019-12-24T22:15:00+09:00,J4,720,777,1497
2019-12-24T22:15:00+09:00,J5,606,655,1261
2019-12-24T22:30:00+09:00,J1,921,1102,2023
2019-12-24T22:30:00+09:00,J2,686,718,1404
2019-12-24T22:30:00+09:00,J3,855,732,1587
2019-12-24T22:30:00+09:00,J4,722,771,1493
2019-12-24T22:30:00+09:00,J5,512,576,1088
2019-12-24T22:45:00+09:00,J1,911,1187,2098
2019-12-24T22:45:00+09:00,J2,660,658,1318
2019-12-24T22:45:00+09:00,J3,929,861,1790
2019-12-24T22:45:00+09:00,J4,709,732,1441
2019-12-24T22:45:00+09:00,J5,641,617,1258
2019-12-24T23:00:00+09:00,J1,999,1140,2139
2019-12-24T23:00:00+09:00,J2,808,757,1565
2019-12-24T23:00:00+09:00,J3,974,810,1784
2019-12-24T23:00:00+09:00,J4,656,701,1357
2019-12-24T23:00:00+09:00,J5,614,593,1207
2019-12-24T23:15:00+09:00,J1,993,1080,2073
2019-12-24T23:15:00+09:00,J2,798,828,1626
2019-12-24T23:15:00+09:00,J3,877,771,1648
2019-12-24T23:15:00+09:00,J4,687,787,1474
2019-12-24T23:15:00+09:00,J5,554,582,1136
2019-12-24T23:30:00+09:00,J1,901,993,1894
2019-12-24T23:30:00+09:00,J2,736,776,1512
2019-12-24T23:30:00+09:00,J3,917,735,1652
2019-12-24T23:30:00+09:00,J4,605,680,1285
2019-12-24T23:30:00+09:00,J5,606,593,1199
2019-12-24T23:45:00+09:00,J1,852,978,1830
2019-12-24T23:45:00+09:00,J2,705,706,1411
2019-12-24T23:45:00+09:00,J3,844,750,1594
2019-12-24T23:45:00+09:00,J4,538,581,1119
2019-12-24T23:45:00+09:00,J5,612,611,1223
2019-12-25T00:00:00+09:00,J1,781,896,1677
2019-12-25T00:00:00+09:00,J2,737,665,1402
2019-12-25T00:00:00+09:00,J3,918,687,1605
2019-12-25T00:00:00+09:00,J4,537,516,1053
2019-12-25T00:00:00+09:00,J5,647,676,1323
2019-12-25T00:15:00+09:00,J1,581,554,1135
2019-12-25T00:15:00+09:00,J2,614,586,1200
2019-12-25T00:15:00+09:00,J3,913,808,1721
2019-12-25T00:15:00+09:00,J4,414,505,919
2019-12-25T00:15:00+09:00,J5,647,664,1311
2019-12-25T00:30:00+09:00,J1,469,465,934
2019-12-25T00:30:00+09:00,J2,633,572,1205
2019-12-25T00:30:00+09:00,J3,853,773,1626
2019-12-25T00:30:00+09:00,J4,433,415,848
2019-12-25T00:30:00+09:00,J5,701,702,1403
2019-12-25T00:45:00+09:00,J1,477,530,1007
2019-12-25T00:45:00+09:00,J2,556,523,1079
2019-12-25T00:45:00+09:00,J3,803,750,1553
2019-12-25T00:45:00+09:00,J4,399,412,811
2019-12-25T00:45:00+09:00,J5,665,734,1399
2019-12-25T05:45:00+09:00,J1,821,829,1650
2019-12-25T05:45:00+09:00,J2,527,511,1038
2019-12-25T05:45:00+09:00,J3,918,777,1695
2019-12-25T05:45:00+09:00,J4,396,513,909
2019-12-25T05:45:00+09:00,J5,705,605,1310
2019-12-25T06:00:00+09:00,J1,838,854,1692
2019-12-25T06:00:00+09:00,J2,590,513,1103
2019-12-25T06:00:00+09:00,J3,908,834,1742
2019-12-25T06:00:00+09:00,J4,444,451,895
2019-12-25T06:00:00+09:00,J5,619,632,1251
2019-12-25T06:15:00+09:00,J1,838,884,1722
2019-12-25T06:15:00+09:00,J2,567,582,1149
2019-12-25T06:15:00+09:00,J3,919,849,1768
2019-12-25T06:15:00+09:00,J4,487,543,1030
2019-12-25T06:15:00+09:00,J5,649,564,1213
2019-12-25T06:30:00+09:00,J1,795,811,1606
2019-12-25T06:30:00+09:00,J2,546,555,1101
2019-12-25T06:30:00+09:00,J3,844,781,1625
2019-12-25T06:30:00+09:00,J4,464,529,993
2019-12-25T06:30:00+09:00,J5,629,534,1163
2019-12-25T06:45:00+09:00,J1,826,838,1664
2019-12-25T06:45:00+09:00,J2,733,641,1374
2019-12-25T06:45:00+09:00,J3,864,813,1677
2019-12-25T06:45:00+09:00,J4,564,589,1153
2019-12-25T06:45:00+09:00,J5,599,569,1168
2019-12-25T07:00:00+09:00,J1,981,932,1913
2019-12-25T07:00:00+09:00,J2,781,652,1433
2019-12-25T07:00:00+09:00,J3,842,849,1691
2019-12-25T07:00:00+09:00,J4,624,720,1344
2019-12-25T07:00:00+09:00,J5,621,599,1220
2019-12-25T07:15:00+09:00,J1,908,992,1900
2019-12-25T07:15:00+09:00,J2,847,726,1573
2019-12-25T07:15:00+09:00,J3,921,839,1760
2019-12-25T07:15:00+09:00,J4,578,753,1331
2019-12-25T07:15:00+09:00,J5,648,604,1252
2019-12-25T07:30:00+09:00,J1,985,1139,2124
2019-12-25T07:30:00+09:00,J2,653,695,1348
2019-12-25T07:30:00+09:00,J3,1152,952,2104
2019-12-25T07:30:00+09:00,J4,711,877,1588
2019-12-25T07:30:00+09:00,J5,650,619,1269
2019-12-25T07:45:00+09:00,J1,1035,1088,2123
2019-12-25T07:45:00+09:00,J2,784,632,1416
2019-12-25T07:45:00+09:00,J3,1236,1036,2272
2019-12-25T07:45:00+09:00,J4,767,1000,1767
2019-12-25T07:45:00+09:00,J5,474,517,991
2019-12-25T08:00:00+09:00,J1,1165,1115,2280
2019-12-25T08:00:00+09:00,J2,970,671,1641
2019-12-25T08:00:00+09:00,J3,1434,1257,2691
2019-12-25T08:00:00+09:00,J4,781,1084,1865
2019-12-25T08:00:00+09:00,J5,523,509,1032
2019-12-25T08:15:00+09:00,J1,1142,1115,2257
2019-12-25T08:15:00+09:00,J2,1133,667,1800
2019-12-25T08:15:00+09:00,J3,1555,1309,2864
2019-12-25T08:15:00+09:00,J4,872,1243,2115
2019-12-25T08:15:00+09:00,J5,619,599,1218
2019-12-25T08:30:00+09:00,J1,1154,1129,2283
2019-12-25T08:30:00+09:00,J2,1148,694,1842
2019-12-25T08:30:00+09:00,J3,1483,1327,2810
2019-12-25T08:30:00+09:00,J4,913,1214,2127
2019-12-25T08:30:00+09:00,J5,583,622,1205
2019-12-25T08:45:00+09:00,J1,1149,1140,2289
2019-12-25T08:45:00+09:00,J2,775,690,1465
2019-12-25T08:45:00+09:00,J3,1288,1167,2455
2019-12-25T08:45:00+09:00,J4,682,874,1556
2019-12-25T08:45:00+09:00,J5,577,592,1169
2019-12-25T09:00:00+09:00,J1,1213,1134,2347
2019-12-25T09:00:00+09:00,J2,870,626,1496
2019-12-25T09:00:00+09:00,J3,1082,950,2032
2019-12-25T09:00:00+09:00,J4,548,732,1280
2019-12-25T09:00:00+09:00,J5,571,559,1130
2019-12-25T09:15:00+09:00,J1,1132,1081,2213
2019-12-25T09:15:00+09:00,J2,853,731,1584
2019-12-25T09:15:00+09:00,J3,1169,1116,2285
2019-12-25T09:15:00+09:00,J4,596,781,1377
2019-12-25T09:15:00+09:00,J5,719,609,1328
2019-12-25T09:30:00+09:00,J1,1186,1081,2267
2019-12-25T09:30:00+09:00,J2,753,718,1471
2019-12-25T09:30:00+09:00,J3,1026,965,1991
2019-12-25T09:30:00+09:00,J4,572,769,1341
2019-12-25T09:30:00+09:00,J5,729,668,1397
2019-12-25T09:45:00+09:00,J1,1048,1129,2177
2019-12-25T09:45:00+09:00,J2,820,774,1594
2019-12-25T09:45:00+09:00,J3,949,900,1849
2019-12-25T09:45:00+09:00,J4,642,694,1336
2019-12-25T09:45:00+09:00,J5,724,744,1468
2019-12-25T10:00:00+09:00,J1,1102,1081,2183
2019-12-25T10:00:00+09:00,J2,740,717,1457
2019-12-25T10:00:00+09:00,J3,934,912,1846
2019-12-25T10:00:00+09:00,J4,699,672,1371
2019-12-25T10:00:00+09:00,J5,660,720,1380
2019-12-25T10:15:00+09:00,J1,1125,1035,2160
2019-12-25T10:15:00+09:00,J2,781,730,1511
2019-12-25T10:15:00+09:00,J3,956,948,1904
2019-12-25T10:15:00+09:00,J4,742,867,1609
2019-12-25T10:15:00+09:00,J5,668,672,1340
2019-12-25T10:30:00+09:00,J1,1085,1100,2185
2019-12-25T10:30:00+09:00,J2,785,751,1536
2019-12-25T10:30:00+09:00,J3,1059,913,1972
2019-12-25T10:30:00+09:00,J4,903,914,1817
2019-12-25T10:30:00+09:00,J5,592,625,1217
2019-12-25T10:45:00+09:00,J1,1080,1087,2167
2019-12-25T10:45:00+09:00,J2,749,719,1468
2019-12-25T10:45:00+09:00,J3,987,981,1968
2019-12-25T10:45:00+09:00,J4,988,974,1962
2019-12-25T10:45:00+09:00,J5,615,552,1167
2019-12-25T11:00:00+09:00,J1,1053,1088,2141
2019-12-25T11:00:00+09:00,J2,762,670,1432
2019-12-25T11:00:00+09:00,J3,1019,1014,2033
2019-12-25T11:00:00+09:00,J4,932,934,1866
2019-12-25T11:00:00+09:00,J5,594,578,1172
2019-12-25T11:15:00+09:00,J1,1132,1145,2277
2019-12-25T11:15:00+09:00,J2,849,745,1594
2019-12-25T11:15:00+09:00,J3,1083,967,2050
2019-12-25T11:15:00+09:00,J4,1075,1038,2113
2019-12-25T11:15:00+09:00,J5,452,423,875
2019-12-25T11:30:00+09:00,J1,1094,1165,2259
2019-12-25T11:30:00+09:00,J2,682,644,1326
2019-12-25T11:30:00+09:00,J3,1156,985,2141
2019-12-25T11:30:00+09:00,J4,943,1025,1968
2019-12-25T11:30:00+09:00,J5,541,492,1033
2019-12-25T11:45:00+09:00,J1,1097,1161,2258
2019-12-25T11:45:00+09:00,J2,790,681,1471
2019-12-25T11:45:00+09:00,J3,1255,1023,2278
2019-12-25T11:45:00+09:00,J4,1032,1084,2116
2019-12-25T11:45:00+09:00,J5,405,398,803
2019-12-25T12:00:00+09:00,J1,1111,1268,2379
2019-12-25T12:00:00+09:00,J2,818,630,1448
2019-12-25T12:00:00+09:00,J3,1312,1101,2413
2019-12-25T12:00:00+09:00,J4,1155,1043,2198
2019-12-25T12:00:00+09:00,J5,457,461,918
2019-12-25T12:15:00+09:00,J1,1057,1238,2295
2019-12-25T12:15:00+09:00,J2,829,667,1496
2019-12-25T12:15:00+09:00,J3,1285,1238,2523
2019-12-25T12:15:00+09:00,J4,1100,1045,2145
2019-12-25T12:15:00+09:00,J5,495,497,992
2019-12-25T12:30:00+09:00,J1,1013,1203,2216
2019-12-25T12:30:00+09:00,J2,943,763,1706
2019-12-25T12:30:00+09:00,J3,1164,1192,2356
2019-12-25T12:30:00+09:00,J4,1169,1061,2230
2019-12-25T12:30:00+09:00,J5,513,481,994
2019-12-25T12:45:00+09:00,J1,932,1173,2105
2019-12-25T12:45:00+09:00,J2,940,816,1756
2019-12-25T12:45:00+09:00,J3,1102,1147,2249
2019-12-25T12:45:00+09:00,J4,1139,1069,2208
2019-12-25T12:45:00+09:00,J5,482,501,983
2019-12-25T13:00:00+09:00,J1,1038,1210,2248
2019-12-25T13:00:00+09:00,J2,932,878,1810
2019-12-25T13:00:00+09:00,J3,1128,1057,2185
2019-12-25T13:00:00+09:00,J4,1200,1021,2221
2019-12-25T13:00:00+09:00,J5,572,642,1214
2019-12-25T13:15:00+09:00,J1,988,1243,2231
2019-12-25T13:15:00+09:00,J2,952,835,1787
2019-12-25T13:15:00+09:00,J3,1109,1056,2165
2019-12-25T13:15:00+09:00,J4,1177,1010,2187
2019-12-25T13:15:00+09:00,J5,669,572,1241
2019-12-25T13:30:00+09:00,J1,993,1239,2232
2019-12-25T13:30:00+09:00,J2,947,908,1855
2019-12-25T13:30:00+09:00,J3,1030,1095,2125
2019-12-25T13:30:00+09:00,J4,1100,1040,2140
2019-12-25T13:30:00+09:00,J5,524,527,1051
2019-12-25T13:45:00+09:00,J1,1046,1298,2344
2019-12-25T13:45:00+09:00,J2,1029,894,1923
2019-12-25T13:45:00+09:00,J3,1020,1038,2058
2019-12-25T13:45:00+09:00,J4,1074,991,2065
2019-12-25T13:45:00+09:00,J5,469,473,942
2019-12-25T14:00:00+09:00,J1,1048,1233,2281
2019-12-25T14:00:00+09:00,J2,970,831,1801
2019-12-25T14:00:00+09:00,J3,1108,1113,2221
2019-12-25T14:00:00+09:00,J4,1138,1047,2185
2019-12-25T14:00:00+09:00,J5,441,439,880
2019-12-25T14:15:00+09:00,J1,1061,1173,2234
2019-12-25T14:15:00+09:00,J2,949,802,1751
2019-12-25T14:15:00+09:00,J3,1148,1101,2249
2019-12-25T14:15:00+09:00,J4,1036,1034,2070
2019-12-25T14:15:00+09:00,J5,380,437,817
2019-12-25T14:30:00+09:00,J1,1011,1156,2167
2019-12-25T14:30:00+09:00,J2,976,815,1791
2019-12-25T14:30:00+09:00,J3,1210,1201,2411
2019-12-25T14:30:00+09:00,J4,1089,1124,2213
2019-12-25T14:30:00+09:00,J5,466,439,905
2019-12-25T14:45:00+09:00,J1,1022,1199,2221
2019-12-25T14:45:00+09:00,J2,815,696,1511
2019-12-25T14:45:00+09:00,J3,1105,1109,2214
2019-12-25T14:45:00+09:00,J4,1035,1065,2100
2019-12-25T14:45:00+09:00,J5,453,468,921
2019-12-25T15:00:00+09:00,J1,957,1192,2149
2019-12-25T15:00:00+09:00,J2,835,679,1514
2019-12-25T15:00:00+09:00,J3,1063,1123,2186
2019-12-25T15:00:00+09:00,J4,1063,1028,2091
2019-12-25T15:00:00+09:00,J5,437,432,869
2019-12-25T15:15:00+09:00,J1,943,1234,2177
2019-12-25T15:15:00+09:00,J2,781,639,1420
2019-12-25T15:15:00+09:00,J3,1136,1043,2179
2019-12-25T15:15:00+09:00,J4,1016,1021,2037
2019-12-25T15:15:00+09:00,J5,421,428,849
2019-12-25T15:30:00+09:00,J1,969,1181,2150
2019-12-25T15:30:00+09:00,J2,814,713,1527
2019-12-25T15:30:00+09:00,J3,1128,1141,2269
2019-12-25T15:30:00+09:00,J4,1034,1045,2079
2019-12-25T15:30:00+09:00,J5,444,413,857
2019-12-25T15:45:00+09:00,J1,982,1183,2165
2019-12-25T15:45:00+09:00,J2,801,694,1495
2019-12-25T15:45:00+09:00,J3,1092,1021,2113
2019-12-25T15:45:00+09:00,J4,924,1019,1943
2019-12-25T15:45:00+09:00,J5,418,435,853
2019-12-25T16:00:00+09:00,J1,1023,1185,2208
2019-12-25T16:00:00+09:00,J2,841,714,1555
2019-12-25T16:00:00+09:00,J3,1085,1034,2119
2019-12-25T16:00:00+09:00,J4,1027,1075,2102
2019-12-25T16:00:00+09:00,J5,432,404,836
2019-12-25T16:15:00+09:00,J1,1004,1220,2224
2019-12-25T16:15:00+09:00,J2,920,693,1613
2019-12-25T16:15:00+09:00,J3,1198,1066,2264
2019-12-25T16:15:00+09:00,J4,964,1088,2052
2019-12-25T16:15:00+09:00,J5,481,471,952
2019-12-25T16:30:00+09:00,J1,1029,1150,2179
2019-12-25T16:30:00+09:00,J2,947,684,1631
2019-12-25T16:30:00+09:00,J3,1207,1072,2279
2019-12-25T16:30:00+09:00,J4,1010,1068,2078
2019-12-25T16:30:00+09:00,J5,472,438,910
2019-12-25T16:45:00+09:00,J1,1058,1168,2226
2019-12-25T16:45:00+09:00,J2,897,669,1566
2019-12-25T16:45:00+09:00,J3,1351,1015,2366
2019-12-25T16:45:00+09:00,J4,1062,1011,2073
2019-12-25T16:45:00+09:00,J5,433,435,868
2019-12-25T17:00:00+09:00,J1,1096,1186,2282
2019-12-25T17:00:00+09:00,J2,980,910,1890
2019-12-25T17:00:00+09:00,J3,1457,1103,2560
2019-12-25T17:00:00+09:00,J4,962,1016,1978
2019-12-25T17:00:00+09:00,J5,452,461,913
2019-12-25T17:15:00+09:00,J1,1096,1205,2301
2019-12-25T17:15:00+09:00,J2,954,941,1895
2019-12-25T17:15:00+09:00,J3,1516,1227,2743
2019-12-25T17:15:00+09:00,J4,1040,1048,2088
2019-12-25T17:15:00+09:00,J5,445,566,1011
2019-12-25T17:30:00+09:00,J1,1085,1222,2307
2019-12-25T17:30:00+09:00,J2,984,949,1933
2019-12-25T17:30:00+09:00,J3,1552,1274,2826
2019-12-25T17:30:00+09:00,J4,1127,1024,2151
2019-12-25T17:30:00+09:00,J5,501,590,1091
2019-12-25T17:45:00+09:00,J1,1033,1244,2277
2019-12-25T17:45:00+09:00,J2,988,1047,2035
2019-12-25T17:45:00+09:00,J3,1564,1262,2826
2019-12-25T17:45:00+09:00,J4,1220,1179,2399
2019-12-25T17:45:00+09:00,J5,532,618,1150
2019-12-25T18:00:00+09:00,J1,1077,1279,2356
2019-12-25T18:00:00+09:00,J2,1083,1026,2109
2019-12-25T18:00:00+09:00,J3,1734,1207,2941
2019-12-25T18:00:00+09:00,J4,1233,1112,2345
2019-12-25T18:00:00+09:00,J5,569,599,1168
2019-12-25T18:15:00+09:00,J1,1154,1280,2434
2019-12-25T18:15:00+09:00,J2,1003,1117,2120
2019-12-25T18:15:00+09:00,J3,1709,1336,3045
2019-12-25T18:15:00+09:00,J4,1364,1216,2580
2019-12-25T18:15:00+09:00,J5,587,549,1136
2019-12-25T18:30:00+09:00,J1,1091,1196,2287
2019-12-25T18:30:00+09:00,J2,935,962,1897
2019-12-25T18:30:00+09:00,J3,1512,1263,2775
2019-12-25T18:30:00+09:00,J4,1240,1097,2337
2019-12-25T18:30:00+09:00,J5,467,456,923
2019-12-25T18:45:00+09:00,J1,1102,1218,2320
2019-12-25T18:45:00+09:00,J2,969,995,1964
2019-12-25T18:45:00+09:00,J3,1485,1302,2787
2019-12-25T18:45:00+09:00,J4,1176,996,2172
2019-12-25T18:45:00+09:00,J5,487,467,954
2019-12-25T19:00:00+09:00,J1,1070,1211,2281
2019-12-25T19:00:00+09:00,J2,927,915,1842
2019-12-25T19:00:00+09:00,J3,1439,1186,2625
2019-12-25T19:00:00+09:00,J4,1057,897,1954
2019-12-25T19:00:00+09:00,J5,541,464,1005
2019-12-25T19:15:00+09:00,J1,1045,1226,2271
2019-12-25T19:15:00+09:00,J2,852,953,1805
2019-12-25T19:15:00+09:00,J3,1455,1168,2623
2019-12-25T19:15:00+09:00,J4,947,913,1860
2019-12-25T19:15:00+09:00,J5,534,548,1082
2019-12-25T19:30:00+09:00,J1,995,1209,2204
2019-12-25T19:30:00+09:00,J2,722,818,1540
2019-12-25T19:30:00+09:00,J3,1335,1255,2590
2019-12-25T19:30:00+09:00,J4,891,911,1802
2019-12-25T19:30:00+09:00,J5,508,518,1026
2019-12-25T19:45:00+09:00,J1,1082,1206,2288
2019-12-25T19:45:00+09:00,J2,666,842,1508
2019-12-25T19:45:00+09:00,J3,1261,1152,2413
2019-12-25T19:45:00+09:00,J4,894,939,1833
2019-12-25T19:45:00+09:00,J5,522,552,1074
2019-12-25T20:00:00+09:00,J1,995,1194,2189
2019-12-25T20:00:00+09:00,J2,655,782,1437
2019-12-25T20:00:00+09:00,J3,1224,1111,2335
2019-12-25T20:00:00+09:00,J4,855,900,1755
2019-12-25T20:00:00+09:00,J5,559,540,1099
2019-12-25T20:15:00+09:00,J1,1016,1160,2176
2019-12-25T20:15:00+09:00,J2,592,723,1315
2019-12-25T20:15:00+09:00,J3,1164,1121,2285
2019-12-25T20:15:00+09:00,J4,842,918,1760
2019-12-25T20:15:00+09:00,J5,524,552,1076
2019-12-25T20:30:00+09:00,J1,973,1207,2180
2019-12-25T20:30:00+09:00,J2,579,697,1276
2019-12-25T20:30:00+09:00,J3,1325,1126,2451
2019-12-25T20:30:00+09:00,J4,920,822,1742
2019-12-25T20:30:00+09:00,J5,516,474,990
2019-12-25T20:45:00+09:00,J1,971,1141,2112
2019-12-25T20:45:00+09:00,J2,643,691,1334
2019-12-25T20:45:00+09:00,J3,1264,1099,2363
2019-12-25T20:45:00+09:00,J4,717,791,1508
2019-12-25T20:45:00+09:00,J5,532,502,1034
2019-12-25T21:00:00+09:00,J1,1005,1176,2181
2019-12-25T21:00:00+09:00,J2,679,642,1321
2019-12-25T21:00:00+09:00,J3,1171,960,2131
2019-12-25T21:00:00+09:00,J4,808,869,1677
2019-12-25T21:00:00+09:00,J5,531,541,1072
2019-12-25T21:15:00+09:00,J1,931,1142,2073
2019-12-25T21:15:00+09:00,J2,785,802,1587
2019-12-25T21:15:00+09:00,J3,1159,901,2060
2019-12-25T21:15:00+09:00,J4,775,750,1525
2019-12-25T21:15:00+09:00,J5,580,590,1170
2019-12-25T21:30:00+09:00,J1,917,1132,2049
2019-12-25T21:30:00+09:00,J2,761,766,1527
2019-12-25T21:30:00+09:00,J3,1109,856,1965
2019-12-25T21:30:00+09:00,J4,718,752,1470
2019-12-25T21:30:00+09:00,J5,546,576,1122
2019-12-25T21:45:00+09:00,J1,919,1128,2047
2019-12-25T21:45:00+09:00,J2,672,736,1408
2019-12-25T21:45:00+09:00,J3,1096,865,1961
2019-12-25T21:45:00+09:00,J4,683,631,1314
2019-12-25T21:45:00+09:00,J5,542,574,1116
2019-12-25T22:00:00+09:00,J1,907,1112,2019
2019-12-25T22:00:00+09:00,J2,598,788,1386
2019-12-25T22:00:00+09:00,J3,1023,888,1911
2019-12-25T22:00:00+09:00,J4,687,781,1468
2019-12-25T22:00:00+09:00,J5,553,604,1157
2019-12-25T22:15:00+09:00,J1,922,1105,2027
2019-12-25T22:15:00+09:00,J2,568,658,1226
2019-12-25T22:15:00+09:00,J3,1054,847,1901
2019-12-25T22:15:00+09:00,J4,743,703,1446
2019-12-25T22:15:00+09:00,J5,573,610,1183
2019-12-25T22:30:00+09:00,J1,906,1114,2020
2019-12-25T22:30:00+09:00,J2,504,647,1151
2019-12-25T22:30:00+09:00,J3,1053,794,1847
2019-12-25T22:30:00+09:00,J4,714,755,1469
2019-12-25T22:30:00+09:00,J5,606,584,1190
2019-12-25T22:45:00+09:00,J1,923,1125,2048
2019-12-25T22:45:00+09:00,J2,487,609,1096
2019-12-25T22:45:00+09:00,J3,961,785,1746
2019-12-25T22:45:00+09:00,J4,683,746,1429
2019-12-25T22:45:00+09:00,J5,472,529,1001
2019-12-25T23:00:00+09:00,J1,907,1085,1992
2019-12-25T23:00:00+09:00,J2,489,611,1100
2019-12-25T23:00:00+09:00,J3,969,760,1729
2019-12-25T23:00:00+09:00,J4,638,687,1325
2019-12-25T23:00:00+09:00,J5,466,471,937
2019-12-25T23:15:00+09:00,J1,899,1092,1991
2019-12-25T23:15:00+09:00,J2,501,696,1197
2019-12-25T23:15:00+09:00,J3,894,735,1629
2019-12-25T23:15:00+09:00,J4,653,636,1289
2019-12-25T23:15:00+09:00,J5,428,507,935
2019-12-25T23:30:00+09:00,J1,859,1060,1919
2019-12-25T23:30:00+09:00,J2,537,664,1201
2019-12-25T23:30:00+09:00,J3,940,775,1715
2019-12-25T23:30:00+09:00,J4,583,655,1238
2019-12-25T23:30:00+09:00,J5,443,434,877
2019-12-25T23:45:00+09:00,J1,872,1001,1873
2019-12-25T23:45:00+09:00,J2,483,580,1063
2019-12-25T23:45:00+09:00,J3,893,695,1588
2019-12-25T23:45:00+09:00,J4,551,590,1141
2019-12-25T23:45:00+09:00,J5,460,463,923
2019-12-26T00:00:00+09:00,J1,764,840,1604
2019-12-26T00:00:00+09:00,J2,497,584,1081
2019-12-26T00:00:00+09:00,J3,715,596,1311
2019-12-26T00:00:00+09:00,J4,634,564,1198
2019-12-26T00:00:00+09:00,J5,383,503,886
2019-12-26T00:15:00+09:00,J1,607,672,1279
2019-12-26T00:15:00+09:00,J2,476,486,962
2019-12-26T00:15:00+09:00,J3,671,615,1286
2019-12-26T00:15:00+09:00,J4,505,458,963
2019-12-26T00:15:00+09:00,J5,514,505,1019
2019-12-26T00:30:00+09:00,J1,529,570,1099
2019-12-26T00:30:00+09:00,J2,423,437,860
2019-12-26T00:30:00+09:00,J3,760,724,1484
2019-12-26T00:30:00+09:00,J4,380,443,823
2019-12-26T00:30:00+09:00,J5,540,527,1067
2019-12-26T00:45:00+09:00,J1,564,520,1084
2019-12-26T00:45:00+09:00,J2,368,427,795
2019-12-26T00:45:00+09:00,J3,824,797,1621
2019-12-26T00:45:00+09:00,J4,374,374,748
2019-12-26T00:45:00+09:00,J5,600,578,1178
2019-12-26T05:45:00+09:00,J1,745,783,1528
2019-12-26T05:45:00+09:00,J2,468,501,969
2019-12-26T05:45:00+09:00,J3,947,845,1792
2019-12-26T05:45:00+09:00,J4,408,520,928
2019-12-26T05:45:00+09:00,J5,568,578,1146
2019-12-26T06:00:00+09:00,J1,618,698,1316
2019-12-26T06:00:00+09:00,J2,449,416,865
2019-12-26T06:00:00+09:00,J3,908,792,1700
2019-12-26T06:00:00+09:00,J4,467,460,927
2019-12-26T06:00:00+09:00,J5,554,483,1037
2019-12-26T06:15:00+09:00,J1,844,834,1678
2019-12-26T06:15:00+09:00,J2,514,497,1011
2019-12-26T06:15:00+09:00,J3,745,750,1495
2019-12-26T06:15:00+09:00,J4,494,528,1022
2019-12-26T06:15:00+09:00,J5,491,463,954
2019-12-26T06:30:00+09:00,J1,851,953,1804
2019-12-26T06:30:00+09:00,J2,485,494,979
2019-12-26T06:30:00+09:00,J3,727,692,1419
2019-12-26T06:30:00+09:00,J4,471,514,985
2019-12-26T06:30:00+09:00,J5,495,448,943
2019-12-26T06:45:00+09:00,J1,868,897,1765
2019-12-26T06:45:00+09:00,J2,498,498,996
2019-12-26T06:45:00+09:00,J3,707,681,1388
2019-12-26T06:45:00+09:00,J4,533,592,1125
2019-12-26T06:45:00+09:00,J5,494,491,985
2019-12-26T07:00:00+09:00,J1,870,980,1850
2019-12-26T07:00:00+09:00,J2,649,669,1318
2019-12-26T07:00:00+09:00,J3,714,708,1422
2019-12-26T07:00:00+09:00,J4,554,669,1223
2019-12-26T07:00:00+09:00,J5,549,528,1077
2019-12-26T07:15:00+09:00,J1,868,945,1813
2019-12-26T07:15:00+09:00,J2,894,768,1662
2019-12-26T07:15:00+09:00,J3,835,759,1594
2019-12-26T07:15:00+09:00,J4,631,754,1385
2019-12-26T07:15:00+09:00,J5,579,587,1166
2019-12-26T07:30:00+09:00,J1,978,1097,2075
2019-12-26T07:30:00+09:00,J2,776,741,1517
2019-12-26T07:30:00+09:00,J3,1112,1049,2161
2019-12-26T07:30:00+09:00,J4,609,784,1393
2019-12-26T07:30:00+09:00,J5,638,673,1311
2019-12-26T07:45:00+09:00,J1,982,1132,2114
2019-12-26T07:45:00+09:00,J2,879,641,1520
2019-12-26T07:45:00+09:00,J3,1224,998,2222
2019-12-26T07:45:00+09:00,J4,698,922,1620
2019-12-26T07:45:00+09:00,J5,433,422,855
2019-12-26T08:00:00+09:00,J1,1144,1153,2297
2019-12-26T08:00:00+09:00,J2,939,749,1688
2019-12-26T08:00:00+09:00,J3,1460,1260,2720
2019-12-26T08:00:00+09:00,J4,702,1034,1736
2019-12-26T08:00:00+09:00,J5,445,423,868
2019-12-26T08:15:00+09:00,J1,1197,1086,2283
2019-12-26T08:15:00+09:00,J2,1133,761,1894
2019-12-26T08:15:00+09:00,J3,1417,1472,2889
2019-12-26T08:15:00+09:00,J4,828,1164,1992
2019-12-26T08:15:00+09:00,J5,549,553,1102
2019-12-26T08:30:00+09:00,J1,1175,1151,2326
2019-12-26T08:30:00+09:00,J2,1026,730,1756
2019-12-26T08:30:00+09:00,J3,1245,1362,2607
2019-12-26T08:30:00+09:00,J4,825,1133,1958
2019-12-26T08:30:00+09:00,J5,547,581,1128
2019-12-26T08:45:00+09:00,J1,1221,1115,2336
2019-12-26T08:45:00+09:00,J2,789,627,1416
2019-12-26T08:45:00+09:00,J3,1243,1185,2428
2019-12-26T08:45:00+09:00,J4,676,972,1648
2019-12-26T08:45:00+09:00,J5,670,626,1296
2019-12-26T09:00:00+09:00,J1,1183,1099,2282
2019-12-26T09:00:00+09:00,J2,748,494,1242
2019-12-26T09:00:00+09:00,J3,1227,1115,2342
2019-12-26T09:00:00+09:00,J4,543,777,1320
2019-12-26T09:00:00+09:00,J5,600,556,1156
2019-12-26T09:15:00+09:00,J1,1076,962,2038
2019-12-26T09:15:00+09:00,J2,722,513,1235
2019-12-26T09:15:00+09:00,J3,1018,949,1967
2019-12-26T09:15:00+09:00,J4,643,803,1446
2019-12-26T09:15:00+09:00,J5,696,689,1385
2019-12-26T09:30:00+09:00,J1,1082,1088,2170
2019-12-26T09:30:00+09:00,J2,655,512,1167
2019-12-26T09:30:00+09:00,J3,847,929,1776
2019-12-26T09:30:00+09:00,J4,643,817,1460
2019-12-26T09:30:00+09:00,J5,656,765,1421
2019-12-26T09:45:00+09:00,J1,1080,1086,2166
2019-12-26T09:45:00+09:00,J2,662,539,1201
2019-12-26T09:45:00+09:00,J3,840,901,1741
2019-12-26T09:45:00+09:00,J4,544,717,1261
2019-12-26T09:45:00+09:00,J5,612,669,1281
2019-12-26T10:00:00+09:00,J1,1130,1075,2205
2019-12-26T10:00:00+09:00,J2,588,568,1156
2019-12-26T10:00:00+09:00,J3,980,974,1954
2019-12-26T10:00:00+09:00,J4,592,683,1275
2019-12-26T10:00:00+09:00,J5,617,660,1277
2019-12-26T10:15:00+09:00,J1,1106,1103,2209
2019-12-26T10:15:00+09:00,J2,647,619,1266
2019-12-26T10:15:00+09:00,J3,979,994,1973
2019-12-26T10:15:00+09:00,J4,752,827,1579
2019-12-26T10:15:00+09:00,J5,608,685,1293
2019-12-26T10:30:00+09:00,J1,1066,1104,2170
2019-12-26T10:30:00+09:00,J2,663,618,1281
2019-12-26T10:30:00+09:00,J3,1034,969,2003
2019-12-26T10:30:00+09:00,J4,794,919,1713
2019-12-26T10:30:00+09:00,J5,629,685,1314
2019-12-26T10:45:00+09:00,J1,1085,1087,2172
2019-12-26T10:45:00+09:00,J2,696,593,1289
2019-12-26T10:45:00+09:00,J3,1070,1002,2072
2019-12-26T10:45:00+09:00,J4,857,939,1796
2019-12-26T10:45:00+09:00,J5,687,604,1291
2019-12-26T11:00:00+09:00,J1,1117,1087,2204
2019-12-26T11:00:00+09:00,J2,705,632,1337
2019-12-26T11:00:00+09:00,J3,1004,1044,2048
2019-12-26T11:00:00+09:00,J4,865,922,1787
2019-12-26T11:00:00+09:00,J5,625,605,1230
2019-12-26T11:15:00+09:00,J1,1148,1237,2385
2019-12-26T11:15:00+09:00,J2,628,683,1311
2019-12-26T11:15:00+09:00,J3,1140,1100,2240
2019-12-26T11:15:00+09:00,J4,852,920,1772
2019-12-26T11:15:00+09:00,J5,432,458,890
2019-12-26T11:30:00+09:00,J1,1060,1211,2271
2019-12-26T11:30:00+09:00,J2,579,658,1237
2019-12-26T11:30:00+09:00,J3,1108,1005,2113
2019-12-26T11:30:00+09:00,J4,872,913,1785
2019-12-26T11:30:00+09:00,J5,385,421,806
2019-12-26T11:45:00+09:00,J1,1084,1157,2241
2019-12-26T11:45:00+09:00,J2,694,746,1440
2019-12-26T11:45:00+09:00,J3,1106,973,2079
2019-12-26T11:45:00+09:00,J4,1021,1036,2057
2019-12-26T11:45:00+09:00,J5,390,400,790
2019-12-26T12:00:00+09:00,J1,1075,1224,2299
2019-12-26T12:00:00+09:00,J2,763,733,1496
2019-12-26T12:00:00+09:00,J3,1301,1090,2391
2019-12-26T12:00:00+09:00,J4,1031,1004,2035
2019-12-26T12:00:00+09:00,J5,357,414,771
2019-12-26T12:15:00+09:00,J1,934,1108,2042
2019-12-26T12:15:00+09:00,J2,726,672,1398
2019-12-26T12:15:00+09:00,J3,1216,1122,2338
2019-12-26T12:15:00+09:00,J4,1072,1000,2072
2019-12-26T12:15:00+09:00,J5,415,441,856
2019-12-26T12:30:00+09:00,J1,1004,1195,2199
2019-12-26T12:30:00+09:00,J2,710,646,1356
2019-12-26T12:30:00+09:00,J3,1155,1141,2296
2019-12-26T12:30:00+09:00,J4,1044,958,2002
2019-12-26T12:30:00+09:00,J5,439,395,834
2019-12-26T12:45:00+09:00,J1,974,1203,2177
2019-12-26T12:45:00+09:00,J2,735,594,1329
2019-12-26T12:45:00+09:00,J3,1185,1186,2371
2019-12-26T12:45:00+09:00,J4,1030,986,2016
2019-12-26T12:45:00+09:00,J5,458,425,883
2019-12-26T13:00:00+09:00,J1,985,1211,2196
2019-12-26T13:00:00+09:00,J2,710,626,1336
2019-12-26T13:00:00+09:00,J3,1039,1117,2156
2019-12-26T13:00:00+09:00,J4,1064,895,1959
2019-12-26T13:00:00+09:00,J5,559,541,1100
2019-12-26T13:15:00+09:00,J1,952,1211,2163
2019-12-26T13:15:00+09:00,J2,946,804,1750
2019-12-26T13:15:00+09:00,J3,1087,1146,2233
2019-12-26T13:15:00+09:00,J4,1070,995,2065
2019-12-26T13:15:00+09:00,J5,653,552,1205
2019-12-26T13:30:00+09:00,J1,965,1164,2129
2019-12-26T13:30:00+09:00,J2,988,828,1816
2019-12-26T13:30:00+09:00,J3,1053,1133,2186
2019-12-26T13:30:00+09:00,J4,990,950,1940
2019-12-26T13:30:00+09:00,J5,550,487,1037
2019-12-26T13:45:00+09:00,J1,1052,1120,2172
2019-12-26T13:45:00+09:00,J2,907,875,1782
2019-12-26T13:45:00+09:00,J3,1063,1144,2207
2019-12-26T13:45:00+09:00,J4,1043,908,1951
2019-12-26T13:45:00+09:00,J5,426,375,801
2019-12-26T14:00:00+09:00,J1,929,1144,2073
2019-12-26T14:00:00+09:00,J2,854,779,1633
2019-12-26T14:00:00+09:00,J3,1123,1074,2197
2019-12-26T14:00:00+09:00,J4,1047,857,1904
2019-12-26T14:00:00+09:00,J5,378,410,788
2019-12-26T14:15:00+09:00,J1,936,1145,2081
2019-12-26T14:15:00+09:00,J2,872,848,1720
2019-12-26T14:15:00+09:00,J3,1122,1121,2243
2019-12-26T14:15:00+09:00,J4,990,950,1940
2019-12-26T14:15:00+09:00,J5,407,440,847
2019-12-26T14:30:00+09:00,J1,1017,1138,2155
2019-12-26T14:30:00+09:00,J2,769,770,1539
2019-12-26T14:30:00+09:00,J3,1053,1146,2199
2019-12-26T14:30:00+09:00,J4,954,956,1910
2019-12-26T14:30:00+09:00,J5,402,431,833
2019-12-26T14:45:00+09:00,J1,931,1150,2081
2019-12-26T14:45:00+09:00,J2,792,821,1613
2019-12-26T14:45:00+09:00,J3,1029,1095,2124
2019-12-26T14:45:00+09:00,J4,912,892,1804
2019-12-26T14:45:00+09:00,J5,409,423,832
2019-12-26T15:00:00+09:00,J1,889,1216,2105
2019-12-26T15:00:00+09:00,J2,910,839,1749
2019-12-26T15:00:00+09:00,J3,1102,1187,2289
2019-12-26T15:00:00+09:00,J4,951,853,1804
2019-12-26T15:00:00+09:00,J5,413,383,796
2019-12-26T15:15:00+09:00,J1,965,1220,2185
2019-12-26T15:15:00+09:00,J2,890,742,1632
2019-12-26T15:15:00+09:00,J3,994,1076,2070
2019-12-26T15:15:00+09:00,J4,878,945,1823
2019-12-26T15:15:00+09:00,J5,429,351,780
2019-12-26T15:30:00+09:00,J1,955,1137,2092
2019-12-26T15:30:00+09:00,J2,808,713,1521
2019-12-26T15:30:00+09:00,J3,1058,1126,2184
2019-12-26T15:30:00+09:00,J4,901,955,1856
2019-12-26T15:30:00+09:00,J5,381,402,783
2019-12-26T15:45:00+09:00,J1,924,1198,2122
2019-12-26T15:45:00+09:00,J2,750,651,1401
2019-12-26T15:45:00+09:00,J3,1032,1073,2105
2019-12-26T15:45:00+09:00,J4,961,960,1921
2019-12-26T15:45:00+09:00,J5,407,382,789
2019-12-26T16:00:00+09:00,J1,971,1200,2171
2019-12-26T16:00:00+09:00,J2,742,675,1417
2019-12-26T16:00:00+09:00,J3,1047,1094,2141
2019-12-26T16:00:00+09:00,J4,995,944,1939
2019-12-26T16:00:00+09:00,J5,375,351,726
2019-12-26T16:15:00+09:00,J1,978,1225,2203
2019-12-26T16:15:00+09:00,J2,806,688,1494
2019-12-26T16:15:00+09:00,J3,1070,1021,2091
2019-12-26T16:15:00+09:00,J4,886,960,1846
2019-12-26T16:15:00+09:00,J5,379,356,735
2019-12-26T16:30:00+09:00,J1,957,1097,2054
2019-12-26T16:30:00+09:00,J2,863,786,1649
2019-12-26T16:30:00+09:00,J3,1114,1109,2223
2019-12-26T16:30:00+09:00,J4,942,946,1888
2019-12-26T16:30:00+09:00,J5,392,342,734
2019-12-26T16:45:00+09:00,J1,982,1058,2040
2019-12-26T16:45:00+09:00,J2,743,648,1391
2019-12-26T16:45:00+09:00,J3,1305,1063,2368
2019-12-26T16:45:00+09:00,J4,973,959,1932
2019-12-26T16:45:00+09:00,J5,460,405,865
2019-12-26T17:00:00+09:00,J1,1011,1150,2161
2019-12-26T17:00:00+09:00,J2,884,833,1717
2019-12-26T17:00:00+09:00,J3,1429,1158,2587
2019-12-26T17:00:00+09:00,J4,937,1021,1958
2019-12-26T17:00:00+09:00,J5,427,414,841
2019-12-26T17:15:00+09:00,J1,1067,1193,2260
2019-12-26T17:15:00+09:00,J2,801,821,1622
2019-12-26T17:15:00+09:00,J3,1522,1275,2797
2019-12-26T17:15:00+09:00,J4,1010,935,1945
2019-12-26T17:15:00+09:00,J5,417,508,925
2019-12-26T17:30:00+09:00,J1,1089,1260,2349
2019-12-26T17:30:00+09:00,J2,898,913,1811
2019-12-26T17:30:00+09:00,J3,1598,1274,2872
2019-12-26T17:30:00+09:00,J4,1053,1004,2057
2019-12-26T17:30:00+09:00,J5,423,503,926
2019-12-26T17:45:00+09:00,J1,1119,1234,2353
2019-12-26T17:45:00+09:00,J2,977,991,1968
2019-12-26T17:45:00+09:00,J3,1643,1280,2923
2019-12-26T17:45:00+09:00,J4,1122,1070,2192
2019-12-26T17:45:00+09:00,J5,464,528,992
2019-12-26T18:00:00+09:00,J1,1143,1232,2375
2019-12-26T18:00:00+09:00,J2,888,878,1766
2019-12-26T18:00:00+09:00,J3,1756,1283,3039
2019-12-26T18:00:00+09:00,J4,1209,1052,2261
2019-12-26T18:00:00+09:00,J5,473,521,994
2019-12-26T18:15:00+09:00,J1,1094,1198,2292
2019-12-26T18:15:00+09:00,J2,933,990,1923
2019-12-26T18:15:00+09:00,J3,1667,1246,2913
2019-12-26T18:15:00+09:00,J4,1319,1046,2365
2019-12-26T18:15:00+09:00,J5,484,476,960
2019-12-26T18:30:00+09:00,J1,1098,1185,2283
2019-12-26T18:30:00+09:00,J2,1041,771,1812
2019-12-26T18:30:00+09:00,J3,1539,1235,2774
2019-12-26T18:30:00+09:00,J4,1160,920,2080
2019-12-26T18:30:00+09:00,J5,467,443,910
2019-12-26T18:45:00+09:00,J1,1076,1254,2330
2019-12-26T18:45:00+09:00,J2,1056,854,1910
2019-12-26T18:45:00+09:00,J3,1424,1133,2557
2019-12-26T18:45:00+09:00,J4,1087,863,1950
2019-12-26T18:45:00+09:00,J5,461,424,885
2019-12-26T19:00:00+09:00,J1,986,1203,2189
2019-12-26T19:00:00+09:00,J2,815,714,1529
2019-12-26T19:00:00+09:00,J3,1395,1183,2578
2019-12-26T19:00:00+09:00,J4,1006,835,1841
2019-12-26T19:00:00+09:00,J5,477,489,966
2019-12-26T19:15:00+09:00,J1,974,1192,2166
2019-12-26T19:15:00+09:00,J2,802,755,1557
2019-12-26T19:15:00+09:00,J3,1310,1233,2543
2019-12-26T19:15:00+09:00,J4,928,893,1821
2019-12-26T19:15:00+09:00,J5,554,550,1104
2019-12-26T19:30:00+09:00,J1,1020,1146,2166
2019-12-26T19:30:00+09:00,J2,693,649,1342
2019-12-26T19:30:00+09:00,J3,1290,1125,2415
2019-12-26T19:30:00+09:00,J4,895,861,1756
2019-12-26T19:30:00+09:00,J5,579,592,1171
2019-12-26T19:45:00+09:00,J1,970,1119,2089
2019-12-26T19:45:00+09:00,J2,576,585,1161
2019-12-26T19:45:00+09:00,J3,1267,1061,2328
2019-12-26T19:45:00+09:00,J4,938,864,1802
2019-12-26T19:45:00+09:00,J5,558,599,1157
2019-12-26T20:00:00+09:00,J1,977,1133,2110
2019-12-26T20:00:00+09:00,J2,524,647,1171
2019-12-26T20:00:00+09:00,J3,1188,1109,2297
2019-12-26T20:00:00+09:00,J4,866,766,1632
2019-12-26T20:00:00+09:00,J5,547,600,1147
2019-12-26T20:15:00+09:00,J1,977,1103,2080
2019-12-26T20:15:00+09:00,J2,553,668,1221
2019-12-26T20:15:00+09:00,J3,1185,1102,2287
2019-12-26T20:15:00+09:00,J4,923,876,1799
2019-12-26T20:15:00+09:00,J5,554,623,1177
2019-12-26T20:30:00+09:00,J1,905,1198,2103
2019-12-26T20:30:00+09:00,J2,540,571,1111
2019-12-26T20:30:00+09:00,J3,1166,1097,2263
2019-12-26T20:30:00+09:00,J4,804,823,1627
2019-12-26T20:30:00+09:00,J5,568,617,1185
2019-12-26T20:45:00+09:00,J1,891,1200,2091
2019-12-26T20:45:00+09:00,J2,488,514,1002
2019-12-26T20:45:00+09:00,J3,1123,1110,2233
2019-12-26T20:45:00+09:00,J4,986,871,1857
2019-12-26T20:45:00+09:00,J5,531,576,1107
2019-12-26T21:00:00+09:00,J1,938,1105,2043
2019-12-26T21:00:00+09:00,J2,695,649,1344
2019-12-26T21:00:00+09:00,J3,1145,899,2044
2019-12-26T21:00:00+09:00,J4,925,806,1731
2019-12-26T21:00:00+09:00,J5,564,591,1155
2019-12-26T21:15:00+09:00,J1,919,1138,2057
2019-12-26T21:15:00+09:00,J2,754,804,1558
2019-12-26T21:15:00+09:00,J3,1087,937,2024
2019-12-26T21:15:00+09:00,J4,826,843,1669
2019-12-26T21:15:00+09:00,J5,560,620,1180
2019-12-26T21:30:00+09:00,J1,952,1147,2099
2019-12-26T21:30:00+09:00,J2,632,768,1400
2019-12-26T21:30:00+09:00,J3,1114,849,1963
2019-12-26T21:30:00+09:00,J4,831,698,1529
2019-12-26T21:30:00+09:00,J5,611,596,1207
2019-12-26T21:45:00+09:00,J1,892,1117,2009
2019-12-26T21:45:00+09:00,J2,566,710,1276
2019-12-26T21:45:00+09:00,J3,1100,839,1939
2019-12-26T21:45:00+09:00,J4,801,757,1558
2019-12-26T21:45:00+09:00,J5,612,557,1169
2019-12-26T22:00:00+09:00,J1,908,1055,1963
2019-12-26T22:00:00+09:00,J2,595,643,1238
2019-12-26T22:00:00+09:00,J3,1065,829,1894
2019-12-26T22:00:00+09:00,J4,910,826,1736
2019-12-26T22:00:00+09:00,J5,568,566,1134
2019-12-26T22:15:00+09:00,J1,856,1067,1923
2019-12-26T22:15:00+09:00,J2,535,633,1168
2019-12-26T22:15:00+09:00,J3,1127,893,2020
2019-12-26T22:15:00+09:00,J4,932,830,1762
2019-12-26T22:15:00+09:00,J5,557,614,1171
2019-12-26T22:30:00+09:00,J1,878,1062,1940
2019-12-26T22:30:00+09:00,J2,548,636,1184
2019-12-26T22:30:00+09:00,J3,1002,823,1825
2019-12-26T22:30:00+09:00,J4,874,818,1692
2019-12-26T22:30:00+09:00,J5,495,528,1023
2019-12-26T22:45:00+09:00,J1,875,1107,1982
2019-12-26T22:45:00+09:00,J2,529,623,1152
2019-12-26T22:45:00+09:00,J3,919,828,1747
2019-12-26T22:45:00+09:00,J4,803,761,1564
2019-12-26T22:45:00+09:00,J5,501,468,969
2019-12-26T23:00:00+09:00,J1,857,1059,1916
2019-12-26T23:00:00+09:00,J2,512,735,1247
2019-12-26T23:00:00+09:00,J3,1013,842,1855
2019-12-26T23:00:00+09:00,J4,742,686,1428
2019-12-26T23:00:00+09:00,J5,436,505,941
2019-12-26T23:15:00+09:00,J1,835,1043,1878
2019-12-26T23:15:00+09:00,J2,556,686,1242
2019-12-26T23:15:00+09:00,J3,932,787,1719
2019-12-26T23:15:00+09:00,J4,720,731,1451
2019-12-26T23:15:00+09:00,J5,430,436,866
2019-12-26T23:30:00+09:00,J1,789,1015,1804
2019-12-26T23:30:00+09:00,J2,508,681,1189
2019-12-26T23:30:00+09:00,J3,959,753,1712
2019-12-26T23:30:00+09:00,J4,628,704,1332
2019-12-26T23:30:00+09:00,J5,421,418,839
2019-12-26T23:45:00+09:00,J1,842,902,1744
2019-12-26T23:45:00+09:00,J2,474,558,1032
2019-12-26T23:45:00+09:00,J3,985,759,1744
2019-12-26T23:45:00+09:00,J4,710,655,1365
2019-12-26T23:45:00+09:00,J5,377,389,766
2019-12-27T00:00:00+09:00,J1,723,777,1500
2019-12-27T00:00:00+09:00,J2,510,479,989
2019-12-27T00:00:00+09:00,J3,737,672,1409
2019-12-27T00:00:00+09:00,J4,665,673,1338
2019-12-27T00:00:00+09:00,J5,458,509,967
2019-12-27T00:15:00+09:00,J1,611,671,1282
2019-12-27T00:15:00+09:00,J2,458,433,891
2019-12-27T00:15:00+09:00,J3,615,589,1204
2019-12-27T00:15:00+09:00,J4,590,535,1125
2019-12-27T00:15:00+09:00,J5,519,497,1016
2019-12-27T00:30:00+09:00,J1,670,646,1316
2019-12-27T00:30:00+09:00,J2,477,506,983
2019-12-27T00:30:00+09:00,J3,832,807,1639
2019-12-27T00:30:00+09:00,J4,381,497,878
2019-12-27T00:30:00+09:00,J5,610,602,1212
2019-12-27T00:45:00+09:00,J1,607,602,1209
2019-12-27T00:45:00+09:00,J2,530,541,1071
2019-12-27T00:45:00+09:00,J3,966,856,1822
2019-12-27T00:45:00+09:00,J4,469,511,980
2019-12-27T00:45:00+09:00,J5,637,677,1314
2019-12-27T05:45:00+09:00,J1,841,849,1690
2019-12-27T05:45:00+09:00,J2,626,587,1213
2019-12-27T05:45:00+09:00,J3,1054,851,1905
2019-12-27T05:45:00+09:00,J4,514,565,1079
2019-12-27T05:45:00+09:00,J5,605,624,1229
2019-12-27T06:00:00+09:00,J1,819,817,1636
2019-12-27T06:00:00+09:00,J2,524,541,1065
2019-12-27T06:00:00+09:00,J3,996,953,1949
2019-12-27T06:00:00+09:00,J4,481,553,1034
2019-12-27T06:00:00+09:00,J5,527,481,1008
2019-12-27T06:15:00+09:00,J1,826,894,1720
2019-12-27T06:15:00+09:00,J2,575,545,1120
2019-12-27T06:15:00+09:00,J3,891,884,1775
2019-12-27T06:15:00+09:00,J4,490,609,1099
2019-12-27T06:15:00+09:00,J5,490,466,956
2019-12-27T06:30:00+09:00,J1,793,936,1729
2019-12-27T06:30:00+09:00,J2,472,540,1012
2019-12-27T06:30:00+09:00,J3,783,778,1561
2019-12-27T06:30:00+09:00,J4,480,557,1037
2019-12-27T06:30:00+09:00,J5,532,430,962
2019-12-27T06:45:00+09:00,J1,803,848,1651
2019-12-27T06:45:00+09:00,J2,720,600,1320
2019-12-27T06:45:00+09:00,J3,741,796,1537
2019-12-27T06:45:00+09:00,J4,543,674,1217
2019-12-27T06:45:00+09:00,J5,506,502,1008
2019-12-27T07:00:00+09:00,J1,959,1006,1965
2019-12-27T07:00:00+09:00,J2,799,742,1541
2019-12-27T07:00:00+09:00,J3,846,813,1659
2019-12-27T07:00:00+09:00,J4,512,693,1205
2019-12-27T07:00:00+09:00,J5,559,524,1083
2019-12-27T07:15:00+09:00,J1,866,972,1838
2019-12-27T07:15:00+09:00,J2,889,704,1593
2019-12-27T07:15:00+09:00,J3,875,877,1752
2019-12-27T07:15:00+09:00,J4,584,662,1246
2019-12-27T07:15:00+09:00,J5,558,545,1103
2019-12-27T07:30:00+09:00,J1,983,1023,2006
2019-12-27T07:30:00+09:00,J2,842,714,1556
2019-12-27T07:30:00+09:00,J3,1251,1150,2401
2019-12-27T07:30:00+09:00,J4,553,823,1376
2019-12-27T07:30:00+09:00,J5,533,587,1120
2019-12-27T07:45:00+09:00,J1,1047,1056,2103
2019-12-27T07:45:00+09:00,J2,883,710,1593
2019-12-27T07:45:00+09:00,J3,1333,1123,2456
2019-12-27T07:45:00+09:00,J4,646,877,1523
2019-12-27T07:45:00+09:00,J5,410,434,844
2019-12-27T08:00:00+09:00,J1,1114,1215,2329
2019-12-27T08:00:00+09:00,J2,958,764,1722
2019-12-27T08:00:00+09:00,J3,1537,1251,2788
2019-12-27T08:00:00+09:00,J4,725,856,1581
2019-12-27T08:00:00+09:00,J5,453,468,921
2019-12-27T08:15:00+09:00,J1,1142,1109,2251
2019-12-27T08:15:00+09:00,J2,1166,818,1984
2019-12-27T08:15:00+09:00,J3,1487,1489,2976
2019-12-27T08:15:00+09:00,J4,730,1097,1827
2019-12-27T08:15:00+09:00,J5,552,507,1059
2019-12-27T08:30:00+09:00,J1,1162,1121,2283
2019-12-27T08:30:00+09:00,J2,1226,739,1965
2019-12-27T08:30:00+09:00,J3,1489,1518,3007
2019-12-27T08:30:00+09:00,J4,784,1071,1855
2019-12-27T08:30:00+09:00,J5,593,571,1164
2019-12-27T08:45:00+09:00,J1,1094,1077,2171
2019-12-27T08:45:00+09:00,J2,872,604,1476
2019-12-27T08:45:00+09:00,J3,1278,1304,2582
2019-12-27T08:45:00+09:00,J4,547,888,1435
2019-12-27T08:45:00+09:00,J5,691,660,1351
2019-12-27T09:00:00+09:00,J1,1071,1130,2201
2019-12-27T09:00:00+09:00,J2,688,620,1308
2019-12-27T09:00:00+09:00,J3,1206,1086,2292
2019-12-27T09:00:00+09:00,J4,496,678,1174
2019-12-27T09:00:00+09:00,J5,610,556,1166
2019-12-27T09:15:00+09:00,J1,1072,1065,2137
2019-12-27T09:15:00+09:00,J2,864,763,1627
2019-12-27T09:15:00+09:00,J3,1074,1119,2193
2019-12-27T09:15:00+09:00,J4,639,712,1351
2019-12-27T09:15:00+09:00,J5,690,659,1349
2019-12-27T09:30:00+09:00,J1,1069,1104,2173
2019-12-27T09:30:00+09:00,J2,844,739,1583
2019-12-27T09:30:00+09:00,J3,1058,1102,2160
2019-12-27T09:30:00+09:00,J4,634,796,1430
2019-12-27T09:30:00+09:00,J5,684,754,1438
2019-12-27T09:45:00+09:00,J1,1060,1168,2228
2019-12-27T09:45:00+09:00,J2,713,713,1426
2019-12-27T09:45:00+09:00,J3,1004,1044,2048
2019-12-27T09:45:00+09:00,J4,571,630,1201
2019-12-27T09:45:00+09:00,J5,649,662,1311
2019-12-27T10:00:00+09:00,J1,1026,1177,2203
2019-12-27T10:00:00+09:00,J2,608,580,1188
2019-12-27T10:00:00+09:00,J3,982,987,1969
2019-12-27T10:00:00+09:00,J4,568,607,1175
2019-12-27T10:00:00+09:00,J5,558,634,1192
2019-12-27T10:15:00+09:00,J1,1019,1189,2208
2019-12-27T10:15:00+09:00,J2,688,702,1390
2019-12-27T10:15:00+09:00,J3,1028,949,1977
2019-12-27T10:15:00+09:00,J4,606,668,1274
2019-12-27T10:15:00+09:00,J5,593,667,1260
2019-12-27T10:30:00+09:00,J1,1054,1210,2264
2019-12-27T10:30:00+09:00,J2,643,665,1308
2019-12-27T10:30:00+09:00,J3,1084,964,2048
2019-12-27T10:30:00+09:00,J4,678,689,1367
2019-12-27T10:30:00+09:00,J5,683,757,1440
2019-12-27T10:45:00+09:00,J1,1024,1140,2164
2019-12-27T10:45:00+09:00,J2,665,728,1393
2019-12-27T10:45:00+09:00,J3,1047,1090,2137
2019-12-27T10:45:00+09:00,J4,684,757,1441
2019-12-27T10:45:00+09:00,J5,702,761,1463
2019-12-27T11:00:00+09:00,J1,1039,1153,2192
2019-12-27T11:00:00+09:00,J2,702,704,1406
2019-12-27T11:00:00+09:00,J3,1086,988,2074
2019-12-27T11:00:00+09:00,J4,763,703,1466
2019-12-27T11:00:00+09:00,J5,615,663,1278
2019-12-27T11:15:00+09:00,J1,1084,1192,2276
2019-12-27T11:15:00+09:00,J2,683,714,1397
2019-12-27T11:15:00+09:00,J3,1257,1219,2476
2019-12-27T11:15:00+09:00,J4,665,762,1427
2019-12-27T11:15:00+09:00,J5,438,403,841
2019-12-27T11:30:00+09:00,J1,1129,1236,2365
2019-12-27T11:30:00+09:00,J2,769,724,1493
2019-12-27T11:30:00+09:00,J3,1224,1126,2350
2019-12-27T11:30:00+09:00,J4,760,756,1516
2019-12-27T11:30:00+09:00,J5,365,417,782
2019-12-27T11:45:00+09:00,J1,1109,1215,2324
2019-12-27T11:45:00+09:00,J2,712,677,1389
2019-12-27T11:45:00+09:00,J3,1250,1222,2472
2019-12-27T11:45:00+09:00,J4,816,765,1581
2019-12-27T11:45:00+09:00,J5,363,391,754
2019-12-27T12:00:00+09:00,J1,1102,1241,2343
2019-12-27T12:00:00+09:00,J2,705,657,1362
2019-12-27T12:00:00+09:00,J3,1398,1179,2577
2019-12-27T12:00:00+09:00,J4,820,839,1659
2019-12-27T12:00:00+09:00,J5,386,432,818
2019-12-27T12:15:00+09:00,J1,989,1223,2212
2019-12-27T12:15:00+09:00,J2,849,723,1572
2019-12-27T12:15:00+09:00,J3,1204,1230,2434
2019-12-27T12:15:00+09:00,J4,1054,1003,2057
2019-12-27T12:15:00+09:00,J5,393,457,850
2019-12-27T12:30:00+09:00,J1,969,1239,2208
2019-12-27T12:30:00+09:00,J2,895,745,1640
2019-12-27T12:30:00+09:00,J3,1205,1209,2414
2019-12-27T12:30:00+09:00,J4,1162,972,2134
2019-12-27T12:30:00+09:00,J5,439,425,864
2019-12-27T12:45:00+09:00,J1,1049,1213,2262
2019-12-27T12:45:00+09:00,J2,916,813,1729
2019-12-27T12:45:00+09:00,J3,1225,1145,2370
2019-12-27T12:45:00+09:00,J4,1097,1014,2111
2019-12-27T12:45:00+09:00,J5,455,467,922
2019-12-27T13:00:00+09:00,J1,1000,1189,2189
2019-12-27T13:00:00+09:00,J2,995,845,1840
2019-12-27T13:00:00+09:00,J3,1206,1111,2317
2019-12-27T13:00:00+09:00,J4,1175,956,2131
2019-12-27T13:00:00+09:00,J5,442,459,901
2019-12-27T13:15:00+09:00,J1,1057,1150,2207
2019-12-27T13:15:00+09:00,J2,1003,849,1852
2019-12-27T13:15:00+09:00,J3,1202,1093,2295
2019-12-27T13:15:00+09:00,J4,1145,962,2107
2019-12-27T13:15:00+09:00,J5,390,477,867
2019-12-27T13:30:00+09:00,J1,998,1262,2260
2019-12-27T13:30:00+09:00,J2,1007,807,1814
2019-12-27T13:30:00+09:00,J3,1189,1158,2347
2019-12-27T13:30:00+09:00,J4,1132,934,2066
2019-12-27T13:30:00+09:00,J5,412,430,842
2019-12-27T13:45:00+09:00,J1,962,1259,2221
2019-12-27T13:45:00+09:00,J2,1019,882,1901
2019-12-27T13:45:00+09:00,J3,1145,1131,2276
2019-12-27T13:45:00+09:00,J4,1095,963,2058
2019-12-27T13:45:00+09:00,J5,428,429,857
2019-12-27T14:00:00+09:00,J1,1036,1228,2264
2019-12-27T14:00:00+09:00,J2,1022,900,1922
2019-12-27T14:00:00+09:00,J3,1102,1127,2229
2019-12-27T14:00:00+09:00,J4,1040,913,1953
2019-12-27T14:00:00+09:00,J5,396,400,796
2019-12-27T14:15:00+09:00,J1,1005,1201,2206
2019-12-27T14:15:00+09:00,J2,916,771,1687
2019-12-27T14:15:00+09:00,J3,1188,1076,2264
2019-12-27T14:15:00+09:00,J4,1126,884,2010
2019-12-27T14:15:00+09:00,J5,433,428,861
2019-12-27T14:30:00+09:00,J1,991,1195,2186
2019-12-27T14:30:00+09:00,J2,806,744,1550
2019-12-27T14:30:00+09:00,J3,1131,1233,2364
2019-12-27T14:30:00+09:00,J4,1085,953,2038
2019-12-27T14:30:00+09:00,J5,416,452,868
2019-12-27T14:45:00+09:00,J1,1026,1224,2250
2019-12-27T14:45:00+09:00,J2,700,683,1383
2019-12-27T14:45:00+09:00,J3,1091,1088,2179
2019-12-27T14:45:00+09:00,J4,1068,926,1994
2019-12-27T14:45:00+09:00,J5,394,406,800
2019-12-27T15:00:00+09:00,J1,1000,1146,2146
2019-12-27T15:00:00+09:00,J2,777,654,1431
2019-12-27T15:00:00+09:00,J3,1063,1152,2215
2019-12-27T15:00:00+09:00,J4,1013,998,2011
2019-12-27T15:00:00+09:00,J5,367,390,757
2019-12-27T15:15:00+09:00,J1,999,1261,2260
2019-12-27T15:15:00+09:00,J2,725,674,1399
2019-12-27T15:15:00+09:00,J3,1130,1205,2335
2019-12-27T15:15:00+09:00,J4,957,939,1896
2019-12-27T15:15:00+09:00,J5,418,387,805
2019-12-27T15:30:00+09:00,J1,1040,1167,2207
2019-12-27T15:30:00+09:00,J2,831,793,1624
2019-12-27T15:30:00+09:00,J3,1124,1202,2326
2019-12-27T15:30:00+09:00,J4,1034,957,1991
2019-12-27T15:30:00+09:00,J5,435,414,849
2019-12-27T15:45:00+09:00,J1,975,1223,2198
2019-12-27T15:45:00+09:00,J2,837,712,1549
2019-12-27T15:45:00+09:00,J3,1112,1147,2259
2019-12-27T15:45:00+09:00,J4,978,959,1937
2019-12-27T15:45:00+09:00,J5,433,416,849
2019-12-27T16:00:00+09:00,J1,1017,1127,2144
2019-12-27T16:00:00+09:00,J2,863,731,1594
2019-12-27T16:00:00+09:00,J3,1141,1153,2294
2019-12-27T16:00:00+09:00,J4,1048,937,1985
2019-12-27T16:00:00+09:00,J5,408,415,823
2019-12-27T16:15:00+09:00,J1,969,1273,2242
2019-12-27T16:15:00+09:00,J2,924,814,1738
2019-12-27T16:15:00+09:00,J3,1138,1141,2279
2019-12-27T16:15:00+09:00,J4,1045,989,2034
2019-12-27T16:15:00+09:00,J5,396,400,796
2019-12-27T16:30:00+09:00,J1,1035,1208,2243
2019-12-27T16:30:00+09:00,J2,992,809,1801
2019-12-27T16:30:00+09:00,J3,1387,1067,2454
2019-12-27T16:30:00+09:00,J4,1086,908,1994
2019-12-27T16:30:00+09:00,J5,415,440,855
2019-12-27T16:45:00+09:00,J1,1046,1269,2315
2019-12-27T16:45:00+09:00,J2,950,780,1730
2019-12-27T16:45:00+09:00,J3,1412,1155,2567
2019-12-27T16:45:00+09:00,J4,1065,922,1987
2019-12-27T16:45:00+09:00,J5,447,433,880
2019-12-27T17:00:00+09:00,J1,1029,1281,2310
2019-12-27T17:00:00+09:00,J2,867,821,1688
2019-12-27T17:00:00+09:00,J3,1537,1121,2658
2019-12-27T17:00:00+09:00,J4,922,1016,1938
2019-12-27T17:00:00+09:00,J5,401,459,860
2019-12-27T17:15:00+09:00,J1,1049,1195,2244
2019-12-27T17:15:00+09:00,J2,1049,864,1913
2019-12-27T17:15:00+09:00,J3,1554,1148,2702
2019-12-27T17:15:00+09:00,J4,990,936,1926
2019-12-27T17:15:00+09:00,J5,424,517,941
2019-12-27T17:30:00+09:00,J1,1032,1223,2255
2019-12-27T17:30:00+09:00,J2,1085,854,1939
2019-12-27T17:30:00+09:00,J3,1600,1230,2830
2019-12-27T17:30:00+09:00,J4,1033,998,2031
2019-12-27T17:30:00+09:00,J5,487,598,1085
2019-12-27T17:45:00+09:00,J1,1055,1177,2232
2019-12-27T17:45:00+09:00,J2,1039,865,1904
2019-12-27T17:45:00+09:00,J3,1637,1265,2902
2019-12-27T17:45:00+09:00,J4,1069,933,2002
2019-12-27T17:45:00+09:00,J5,642,762,1404
2019-12-27T18:00:00+09:00,J1,1156,1247,2403
2019-12-27T18:00:00+09:00,J2,1062,858,1920
2019-12-27T18:00:00+09:00,J3,1666,1197,2863
2019-12-27T18:00:00+09:00,J4,979,890,1869
2019-12-27T18:00:00+09:00,J5,692,626,1318
2019-12-27T18:15:00+09:00,J1,1079,1204,2283
2019-12-27T18:15:00+09:00,J2,1032,936,1968
2019-12-27T18:15:00+09:00,J3,1685,1272,2957
2019-12-27T18:15:00+09:00,J4,1222,1000,2222
2019-12-27T18:15:00+09:00,J5,437,579,1016
2019-12-27T18:30:00+09:00,J1,1064,1245,2309
2019-12-27T18:30:00+09:00,J2,929,779,1708
2019-12-27T18:30:00+09:00,J3,1624,1260,2884
2019-12-27T18:30:00+09:00,J4,1241,927,2168
2019-12-27T18:30:00+09:00,J5,340,441,781
2019-12-27T18:45:00+09:00,J1,1098,1184,2282
2019-12-27T18:45:00+09:00,J2,930,751,1681
2019-12-27T18:45:00+09:00,J3,1455,1188,2643
2019-12-27T18:45:00+09:00,J4,1041,915,1956
2019-12-27T18:45:00+09:00,J5,369,396,765
2019-12-27T19:00:00+09:00,J1,1022,1181,2203
2019-12-27T19:00:00+09:00,J2,857,704,1561
2019-12-27T19:00:00+09:00,J3,1392,1216,2608
2019-12-27T19:00:00+09:00,J4,1009,856,1865
2019-12-27T19:00:00+09:00,J5,357,431,788
2019-12-27T19:15:00+09:00,J1,969,1164,2133
2019-12-27T19:15:00+09:00,J2,731,696,1427
2019-12-27T19:15:00+09:00,J3,1441,1211,2652
2019-12-27T19:15:00+09:00,J4,1017,975,1992
2019-12-27T19:15:00+09:00,J5,417,426,843
2019-12-27T19:30:00+09:00,J1,982,1176,2158
2019-12-27T19:30:00+09:00,J2,784,630,1414
2019-12-27T19:30:00+09:00,J3,1353,1164,2517
2019-12-27T19:30:00+09:00,J4,851,795,1646
2019-12-27T19:30:00+09:00,J5,457,386,843
2019-12-27T19:45:00+09:00,J1,996,1125,2121
2019-12-27T19:45:00+09:00,J2,751,629,1380
2019-12-27T19:45:00+09:00,J3,1281,1183,2464
2019-12-27T19:45:00+09:00,J4,891,795,1686
2019-12-27T19:45:00+09:00,J5,469,451,920
2019-12-27T20:00:00+09:00,J1,1053,1155,2208
2019-12-27T20:00:00+09:00,J2,770,773,1543
2019-12-27T20:00:00+09:00,J3,1332,1124,2456
2019-12-27T20:00:00+09:00,J4,841,759,1600
2019-12-27T20:00:00+09:00,J5,512,451,963
2019-12-27T20:15:00+09:00,J1,1008,1144,2152
2019-12-27T20:15:00+09:00,J2,819,779,1598
2019-12-27T20:15:00+09:00,J3,1357,1202,2559
2019-12-27T20:15:00+09:00,J4,914,825,1739
2019-12-27T20:15:00+09:00,J5,559,466,1025
2019-12-27T20:30:00+09:00,J1,998,1161,2159
2019-12-27T20:30:00+09:00,J2,677,558,1235
2019-12-27T20:30:00+09:00,J3,1273,1143,2416
2019-12-27T20:30:00+09:00,J4,789,686,1475
2019-12-27T20:30:00+09:00,J5,566,530,1096
2019-12-27T20:45:00+09:00,J1,1052,1186,2238
2019-12-27T20:45:00+09:00,J2,685,641,1326
2019-12-27T20:45:00+09:00,J3,1246,1148,2394
2019-12-27T20:45:00+09:00,J4,739,689,1428
2019-12-27T20:45:00+09:00,J5,581,540,1121
2019-12-27T21:00:00+09:00,J1,992,1130,2122
2019-12-27T21:00:00+09:00,J2,862,892,1754
2019-12-27T21:00:00+09:00,J3,1184,878,2062
2019-12-27T21:00:00+09:00,J4,756,696,1452
2019-12-27T21:00:00+09:00,J5,568,533,1101
2019-12-27T21:15:00+09:00,J1,961,1201,2162
2019-12-27T21:15:00+09:00,J2,785,820,1605
2019-12-27T21:15:00+09:00,J3,1204,883,2087
2019-12-27T21:15:00+09:00,J4,850,672,1522
2019-12-27T21:15:00+09:00,J5,590,588,1178
2019-12-27T21:30:00+09:00,J1,951,1162,2113
2019-12-27T21:30:00+09:00,J2,625,724,1349
2019-12-27T21:30:00+09:00,J3,1079,964,2043
2019-12-27T21:30:00+09:00,J4,803,746,1549
2019-12-27T21:30:00+09:00,J5,573,550,1123
2019-12-27T21:45:00+09:00,J1,965,1070,2035
2019-12-27T21:45:00+09:00,J2,671,700,1371
2019-12-27T21:45:00+09:00,J3,1047,859,1906
2019-12-27T21:45:00+09:00,J4,836,775,1611
2019-12-27T21:45:00+09:00,J5,571,603,1174
2019-12-27T22:00:00+09:00,J1,879,1080,1959
2019-12-27T22:00:00+09:00,J2,695,688,1383
2019-12-27T22:00:00+09:00,J3,1095,801,1896
2019-12-27T22:00:00+09:00,J4,819,750,1569
2019-12-27T22:00:00+09:00,J5,545,577,1122
2019-12-27T22:15:00+09:00,J1,880,1112,1992
2019-12-27T22:15:00+09:00,J2,644,672,1316
2019-12-27T22:15:00+09:00,J3,1034,937,1971
2019-12-27T22:15:00+09:00,J4,881,783,1664
2019-12-27T22:15:00+09:00,J5,572,620,1192
2019-12-27T22:30:00+09:00,J1,840,1138,1978
2019-12-27T22:30:00+09:00,J2,759,811,1570
2019-12-27T22:30:00+09:00,J3,1073,888,1961
2019-12-27T22:30:00+09:00,J4,804,857,1661
2019-12-27T22:30:00+09:00,J5,582,540,1122
2019-12-27T22:45:00+09:00,J1,965,1085,2050
2019-12-27T22:45:00+09:00,J2,792,776,1568
2019-12-27T22:45:00+09:00,J3,1069,777,1846
2019-12-27T22:45:00+09:00,J4,797,799,1596
2019-12-27T22:45:00+09:00,J5,475,456,931
2019-12-27T23:00:00+09:00,J1,935,1122,2057
2019-12-27T23:00:00+09:00,J2,728,752,1480
2019-12-27T23:00:00+09:00,J3,1097,889,1986
2019-12-27T23:00:00+09:00,J4,735,759,1494
2019-12-27T23:00:00+09:00,J5,412,462,874
2019-12-27T23:15:00+09:00,J1,945,1129,2074
2019-12-27T23:15:00+09:00,J2,729,751,1480
2019-12-27T23:15:00+09:00,J3,1088,859,1947
2019-12-27T23:15:00+09:00,J4,899,899,1798
2019-12-27T23:15:00+09:00,J5,499,451,950
2019-12-27T23:30:00+09:00,J1,951,1137,2088
2019-12-27T23:30:00+09:00,J2,665,812,1477
2019-12-27T23:30:00+09:00,J3,1142,866,2008
2019-12-27T23:30:00+09:00,J4,865,805,1670
2019-12-27T23:30:00+09:00,J5,466,445,911
2019-12-27T23:45:00+09:00,J1,985,1056,2041
2019-12-27T23:45:00+09:00,J2,603,707,1310
2019-12-27T23:45:00+09:00,J3,1021,737,1758
2019-12-27T23:45:00+09:00,J4,785,802,1587
2019-12-27T23:45:00+09:00,J5,443,476,919
2019-12-28T00:00:00+09:00,J1,835,913,1748
2019-12-28T00:00:00+09:00,J2,746,744,1490
2019-12-28T00:00:00+09:00,J3,847,685,1532
2019-12-28T00:00:00+09:00,J4,847,694,1541
2019-12-28T00:00:00+09:00,J5,449,508,957
2019-12-28T00:15:00+09:00,J1,687,745,1432
2019-12-28T00:15:00+09:00,J2,639,694,1333
2019-12-28T00:15:00+09:00,J3,897,794,1691
2019-12-28T00:15:00+09:00,J4,654,628,1282
2019-12-28T00:15:00+09:00,J5,611,565,1176
2019-12-28T00:30:00+09:00,J1,479,506,985
2019-12-28T00:30:00+09:00,J2,633,630,1263
2019-12-28T00:30:00+09:00,J3,900,828,1728
2019-12-28T00:30:00+09:00,J4,358,367,725
2019-12-28T00:30:00+09:00,J5,646,623,1269
2019-12-28T00:45:00+09:00,J1,541,534,1075
2019-12-28T00:45:00+09:00,J2,651,634,1285
2019-12-28T00:45:00+09:00,J3,853,759,1612
2019-12-28T00:45:00+09:00,J4,415,373,788
2019-12-28T00:45:00+09:00,J5,686,692,1378
2019-12-28T05:45:00+09:00,J1,784,872,1656
2019-12-28T05:45:00+09:00,J2,666,650,1316
2019-12-28T05:45:00+09:00,J3,955,741,1696
2019-12-28T05:45:00+09:00,J4,497,566,1063
2019-12-28T05:45:00+09:00,J5,583,543,1126
2019-12-28T06:00:00+09:00,J1,821,886,1707
2019-12-28T06:00:00+09:00,J2,596,574,1170
2019-12-28T06:00:00+09:00,J3,927,855,1782
2019-12-28T06:00:00+09:00,J4,497,556,1053
2019-12-28T06:00:00+09:00,J5,541,472,1013
2019-12-28T06:15:00+09:00,J1,813,849,1662
2019-12-28T06:15:00+09:00,J2,599,556,1155
2019-12-28T06:15:00+09:00,J3,899,871,1770
2019-12-28T06:15:00+09:00,J4,530,601,1131
2019-12-28T06:15:00+09:00,J5,506,523,1029
2019-12-28T06:30:00+09:00,J1,820,922,1742
2019-12-28T06:30:00+09:00,J2,578,550,1128
2019-12-28T06:30:00+09:00,J3,911,819,1730
2019-12-28T06:30:00+09:00,J4,487,539,1026
2019-12-28T06:30:00+09:00,J5,524,509,1033
2019-12-28T06:45:00+09:00,J1,734,862,1596
2019-12-28T06:45:00+09:00,J2,730,616,1346
2019-12-28T06:45:00+09:00,J3,937,831,1768
2019-12-28T06:45:00+09:00,J4,488,572,1060
2019-12-28T06:45:00+09:00,J5,583,544,1127
2019-12-28T07:00:00+09:00,J1,840,897,1737
2019-12-28T07:00:00+09:00,J2,601,587,1188
2019-12-28T07:00:00+09:00,J3,986,872,1858
2019-12-28T07:00:00+09:00,J4,471,564,1035
2019-12-28T07:00:00+09:00,J5,676,571,1247
2019-12-28T07:15:00+09:00,J1,944,1049,1993
2019-12-28T07:15:00+09:00,J2,626,571,1197
2019-12-28T07:15:00+09:00,J3,979,940,1919
2019-12-28T07:15:00+09:00,J4,508,525,1033
2019-12-28T07:15:00+09:00,J5,602,609,1211
2019-12-28T07:30:00+09:00,J1,907,1015,1922
2019-12-28T07:30:00+09:00,J2,597,594,1191
2019-12-28T07:30:00+09:00,J3,981,910,1891
2019-12-28T07:30:00+09:00,J4,616,632,1248
2019-12-28T07:30:00+09:00,J5,622,557,1179
2019-12-28T07:45:00+09:00,J1,949,1013,1962
2019-12-28T07:45:00+09:00,J2,649,591,1240
2019-12-28T07:45:00+09:00,J3,963,858,1821
2019-12-28T07:45:00+09:00,J4,620,695,1315
2019-12-28T07:45:00+09:00,J5,607,558,1165
2019-12-28T08:00:00+09:00,J1,996,1130,2126
2019-12-28T08:00:00+09:00,J2,830,737,1567
2019-12-28T08:00:00+09:00,J3,1158,991,2149
2019-12-28T08:00:00+09:00,J4,580,659,1239
2019-12-28T08:00:00+09:00,J5,561,553,1114
2019-12-28T08:15:00+09:00,J1,1046,1143,2189
2019-12-28T08:15:00+09:00,J2,779,733,1512
2019-12-28T08:15:00+09:00,J3,1090,973,2063
2019-12-28T08:15:00+09:00,J4,602,736,1338
2019-12-28T08:15:00+09:00,J5,432,435,867
2019-12-28T08:30:00+09:00,J1,1021,1155,2176
2019-12-28T08:30:00+09:00,J2,712,715,1427
2019-12-28T08:30:00+09:00,J3,1342,1109,2451
2019-12-28T08:30:00+09:00,J4,597,740,1337
2019-12-28T08:30:00+09:00,J5,451,455,906
2019-12-28T08:45:00+09:00,J1,975,1125,2100
2019-12-28T08:45:00+09:00,J2,820,752,1572
2019-12-28T08:45:00+09:00,J3,1244,1057,2301
2019-12-28T08:45:00+09:00,J4,641,657,1298
2019-12-28T08:45:00+09:00,J5,473,480,953
2019-12-28T09:00:00+09:00,J1,1021,1070,2091
2019-12-28T09:00:00+09:00,J2,1020,950,1970
2019-12-28T09:00:00+09:00,J3,983,919,1902
2019-12-28T09:00:00+09:00,J4,609,718,1327
2019-12-28T09:00:00+09:00,J5,437,462,899
2019-12-28T09:15:00+09:00,J1,1056,1111,2167
2019-12-28T09:15:00+09:00,J2,994,886,1880
2019-12-28T09:15:00+09:00,J3,948,769,1717
2019-12-28T09:15:00+09:00,J4,591,736,1327
2019-12-28T09:15:00+09:00,J5,596,551,1147
2019-12-28T09:30:00+09:00,J1,1077,1119,2196
2019-12-28T09:30:00+09:00,J2,886,849,1735
2019-12-28T09:30:00+09:00,J3,789,809,1598
2019-12-28T09:30:00+09:00,J4,723,747,1470
2019-12-28T09:30:00+09:00,J5,624,553,1177
2019-12-28T09:45:00+09:00,J1,1094,1147,2241
2019-12-28T09:45:00+09:00,J2,873,890,1763
2019-12-28T09:45:00+09:00,J3,1066,1053,2119
2019-12-28T09:45:00+09:00,J4,571,675,1246
2019-12-28T09:45:00+09:00,J5,584,574,1158
2019-12-28T10:00:00+09:00,J1,1055,1164,2219
2019-12-28T10:00:00+09:00,J2,813,752,1565
2019-12-28T10:00:00+09:00,J3,1006,974,1980
2019-12-28T10:00:00+09:00,J4,604,635,1239
2019-12-28T10:00:00+09:00,J5,562,621,1183
2019-12-28T10:15:00+09:00,J1,1110,1190,2300
2019-12-28T10:15:00+09:00,J2,752,682,1434
2019-12-28T10:15:00+09:00,J3,1068,1100,2168
2019-12-28T10:15:00+09:00,J4,614,614,1228
2019-12-28T10:15:00+09:00,J5,574,543,1117
2019-12-28T10:30:00+09:00,J1,1063,1180,2243
2019-12-28T10:30:00+09:00,J2,759,652,1411
2019-12-28T10:30:00+09:00,J3,1074,1087,2161
2019-12-28T10:30:00+09:00,J4,693,771,1464
2019-12-28T10:30:00+09:00,J5,576,613,1189
2019-12-28T10:45:00+09:00,J1,1020,1168,2188
2019-12-28T10:45:00+09:00,J2,766,739,1505
2019-12-28T10:45:00+09:00,J3,1109,1063,2172
2019-12-28T10:45:00+09:00,J4,745,701,1446
2019-12-28T10:45:00+09:00,J5,562,554,1116
2019-12-28T11:00:00+09:00,J1,1007,1171,2178
2019-12-28T11:00:00+09:00,J2,834,709,1543
2019-12-28T11:00:00+09:00,J3,1157,1114,2271
2019-12-28T11:00:00+09:00,J4,729,763,1492
2019-12-28T11:00:00+09:00,J5,354,398,752
2019-12-28T11:15:00+09:00,J1,1122,1200,2322
2019-12-28T11:15:00+09:00,J2,786,732,1518
2019-12-28T11:15:00+09:00,J3,1054,1013,2067
2019-12-28T11:15:00+09:00,J4,740,758,1498
2019-12-28T11:15:00+09:00,J5,310,417,727
2019-12-28T11:30:00+09:00,J1,1096,1151,2247
2019-12-28T11:30:00+09:00,J2,701,726,1427
2019-12-28T11:30:00+09:00,J3,1044,931,1975
2019-12-28T11:30:00+09:00,J4,785,763,1548
2019-12-28T11:30:00+09:00,J5,308,370,678
2019-12-28T11:45:00+09:00,J1,1040,1264,2304
2019-12-28T11:45:00+09:00,J2,788,684,1472
2019-12-28T11:45:00+09:00,J3,1039,928,1967
2019-12-28T11:45:00+09:00,J4,816,822,1638
2019-12-28T11:45:00+09:00,J5,299,340,639
2019-12-28T12:00:00+09:00,J1,1033,1221,2254
2019-12-28T12:00:00+09:00,J2,790,578,1368
2019-12-28T12:00:00+09:00,J3,1108,960,2068
2019-12-28T12:00:00+09:00,J4,871,801,1672
2019-12-28T12:00:00+09:00,J5,331,310,641
2019-12-28T12:15:00+09:00,J1,1071,1194,2265
2019-12-28T12:15:00+09:00,J2,770,637,1407
2019-12-28T12:15:00+09:00,J3,1117,885,2002
2019-12-28T12:15:00+09:00,J4,787,820,1607
2019-12-28T12:15:00+09:00,J5,355,321,676
2019-12-28T12:30:00+09:00,J1,978,1180,2158
2019-12-28T12:30:00+09:00,J2,900,750,1650
2019-12-28T12:30:00+09:00,J3,1068,1072,2140
2019-12-28T12:30:00+09:00,J4,810,911,1721
2019-12-28T12:30:00+09:00,J5,450,472,922
2019-12-28T12:45:00+09:00,J1,988,1228,2216
2019-12-28T12:45:00+09:00,J2,794,940,1734
2019-12-28T12:45:00+09:00,J3,1156,907,2063
2019-12-28T12:45:00+09:00,J4,855,904,1759
2019-12-28T12:45:00+09:00,J5,580,548,1128
2019-12-28T13:00:00+09:00,J1,1035,1212,2247
2019-12-28T13:00:00+09:00,J2,757,800,1557
2019-12-28T13:00:00+09:00,J3,1115,1055,2170
2019-12-28T13:00:00+09:00,J4,955,886,1841
2019-12-28T13:00:00+09:00,J5,422,390,812
2019-12-28T13:15:00+09:00,J1,1013,1238,2251
2019-12-28T13:15:00+09:00,J2,768,767,1535
2019-12-28T13:15:00+09:00,J3,1117,1061,2178
2019-12-28T13:15:00+09:00,J4,973,965,1938
2019-12-28T13:15:00+09:00,J5,362,314,676
2019-12-28T13:30:00+09:00,J1,964,1210,2174
2019-12-28T13:30:00+09:00,J2,719,849,1568
2019-12-28T13:30:00+09:00,J3,1085,987,2072
2019-12-28T13:30:00+09:00,J4,955,951,1906
2019-12-28T13:30:00+09:00,J5,322,297,619
2019-12-28T13:45:00+09:00,J1,978,1189,2167
2019-12-28T13:45:00+09:00,J2,924,827,1751
2019-12-28T13:45:00+09:00,J3,1088,1050,2138
2019-12-28T13:45:00+09:00,J4,1035,988,2023
2019-12-28T13:45:00+09:00,J5,314,327,641
2019-12-28T14:00:00+09:00,J1,935,1172,2107
2019-12-28T14:00:00+09:00,J2,877,763,1640
2019-12-28T14:00:00+09:00,J3,1022,1100,2122
2019-12-28T14:00:00+09:00,J4,968,1022,1990
2019-12-28T14:00:00+09:00,J5,299,308,607
2019-12-28T14:15:00+09:00,J1,1010,1260,2270
2019-12-28T14:15:00+09:00,J2,860,747,1607
2019-12-28T14:15:00+09:00,J3,1085,1089,2174
2019-12-28T14:15:00+09:00,J4,955,984,1939
2019-12-28T14:15:00+09:00,J5,364,364,728
2019-12-28T14:30:00+09:00,J1,981,1200,2181
2019-12-28T14:30:00+09:00,J2,932,777,1709
2019-12-28T14:30:00+09:00,J3,1117,1008,2125
2019-12-28T14:30:00+09:00,J4,1087,978,2065
2019-12-28T14:30:00+09:00,J5,393,325,718
2019-12-28T14:45:00+09:00,J1,919,1212,2131
2019-12-28T14:45:00+09:00,J2,913,764,1677
2019-12-28T14:45:00+09:00,J3,1105,1067,2172
2019-12-28T14:45:00+09:00,J4,1055,973,2028
2019-12-28T14:45:00+09:00,J5,419,384,803
2019-12-28T15:00:00+09:00,J1,962,1201,2163
2019-12-28T15:00:00+09:00,J2,869,735,1604
2019-12-28T15:00:00+09:00,J3,1138,1056,2194
2019-12-28T15:00:00+09:00,J4,1017,922,1939
2019-12-28T15:00:00+09:00,J5,386,338,724
2019-12-28T15:15:00+09:00,J1,968,1153,2121
2019-12-28T15:15:00+09:00,J2,909,728,1637
2019-12-28T15:15:00+09:00,J3,1083,1107,2190
2019-12-28T15:15:00+09:00,J4,1060,968,2028
2019-12-28T15:15:00+09:00,J5,428,384,812
2019-12-28T15:30:00+09:00,J1,974,1125,2099
2019-12-28T15:30:00+09:00,J2,899,725,1624
2019-12-28T15:30:00+09:00,J3,1096,1083,2179
2019-12-28T15:30:00+09:00,J4,1125,961,2086
2019-12-28T15:30:00+09:00,J5,472,409,881
2019-12-28T15:45:00+09:00,J1,1000,1242,2242
2019-12-28T15:45:00+09:00,J2,882,747,1629
2019-12-28T15:45:00+09:00,J3,1140,1062,2202
2019-12-28T15:45:00+09:00,J4,1087,980,2067
2019-12-28T15:45:00+09:00,J5,377,371,748
2019-12-28T16:00:00+09:00,J1,974,1212,2186
2019-12-28T16:00:00+09:00,J2,924,770,1694
2019-12-28T16:00:00+09:00,J3,1280,1041,2321
2019-12-28T16:00:00+09:00,J4,1132,978,2110
2019-12-28T16:00:00+09:00,J5,403,357,760
2019-12-28T16:15:00+09:00,J1,1002,1168,2170
2019-12-28T16:15:00+09:00,J2,1040,743,1783
2019-12-28T16:15:00+09:00,J3,1390,1115,2505
2019-12-28T16:15:00+09:00,J4,1092,999,2091
2019-12-28T16:15:00+09:00,J5,377,352,729
2019-12-28T16:30:00+09:00,J1,997,1119,2116
2019-12-28T16:30:00+09:00,J2,1092,760,1852
2019-12-28T16:30:00+09:00,J3,1441,1104,2545
2019-12-28T16:30:00+09:00,J4,1092,953,2045
2019-12-28T16:30:00+09:00,J5,398,355,753
2019-12-28T16:45:00+09:00,J1,999,1150,2149
2019-12-28T16:45:00+09:00,J2,1047,861,1908
2019-12-28T16:45:00+09:00,J3,1413,1255,2668
2019-12-28T16:45:00+09:00,J4,1121,963,2084
2019-12-28T16:45:00+09:00,J5,396,360,756
2019-12-28T17:00:00+09:00,J1,976,1150,2126
2019-12-28T17:00:00+09:00,J2,1042,889,1931
2019-12-28T17:00:00+09:00,J3,1542,1203,2745
2019-12-28T17:00:00+09:00,J4,1062,900,1962
2019-12-28T17:00:00+09:00,J5,380,355,735
2019-12-28T17:15:00+09:00,J1,1090,1192,2282
2019-12-28T17:15:00+09:00,J2,977,936,1913
2019-12-28T17:15:00+09:00,J3,1663,1054,2717
2019-12-28T17:15:00+09:00,J4,1056,963,2019
2019-12-28T17:15:00+09:00,J5,337,288,625
2019-12-28T17:30:00+09:00,J1,1067,1197,2264
2019-12-28T17:30:00+09:00,J2,1055,966,2021
2019-12-28T17:30:00+09:00,J3,1604,1203,2807
2019-12-28T17:30:00+09:00,J4,1055,1106,2161
2019-12-28T17:30:00+09:00,J5,383,344,727
2019-12-28T17:45:00+09:00,J1,1061,1156,2217
2019-12-28T17:45:00+09:00,J2,932,950,1882
2019-12-28T17:45:00+09:00,J3,1630,1102,2732
2019-12-28T17:45:00+09:00,J4,1030,959,1989
2019-12-28T17:45:00+09:00,J5,350,339,689
2019-12-28T18:00:00+09:00,J1,1112,1166,2278
2019-12-28T18:00:00+09:00,J2,934,945,1879
2019-12-28T18:00:00+09:00,J3,1412,1143,2555
2019-12-28T18:00:00+09:00,J4,1081,882,1963
2019-12-28T18:00:00+09:00,J5,371,350,721
2019-12-28T18:15:00+09:00,J1,1131,1140,2271
2019-12-28T18:15:00+09:00,J2,882,791,1673
2019-12-28T18:15:00+09:00,J3,1331,985,2316
2019-12-28T18:15:00+09:00,J4,1009,887,1896
2019-12-28T18:15:00+09:00,J5,391,350,741
2019-12-28T18:30:00+09:00,J1,1122,1192,2314
2019-12-28T18:30:00+09:00,J2,945,787,1732
2019-12-28T18:30:00+09:00,J3,1218,1045,2263
2019-12-28T18:30:00+09:00,J4,895,834,1729
2019-12-28T18:30:00+09:00,J5,383,373,756
2019-12-28T18:45:00+09:00,J1,1078,1133,2211
2019-12-28T18:45:00+09:00,J2,871,680,1551
2019-12-28T18:45:00+09:00,J3,1125,1028,2153
2019-12-28T18:45:00+09:00,J4,862,747,1609
2019-12-28T18:45:00+09:00,J5,426,382,808
2019-12-28T19:00:00+09:00,J1,1019,1166,2185
2019-12-28T19:00:00+09:00,J2,762,594,1356
2019-12-28T19:00:00+09:00,J3,1169,928,2097
2019-12-28T19:00:00+09:00,J4,731,702,1433
2019-12-28T19:00:00+09:00,J5,473,457,930
2019-12-28T19:15:00+09:00,J1,990,1168,2158
2019-12-28T19:15:00+09:00,J2,804,666,1470
2019-12-28T19:15:00+09:00,J3,1143,959,2102
2019-12-28T19:15:00+09:00,J4,775,725,1500
2019-12-28T19:15:00+09:00,J5,571,524,1095
2019-12-28T19:30:00+09:00,J1,962,1105,2067
2019-12-28T19:30:00+09:00,J2,736,672,1408
2019-12-28T19:30:00+09:00,J3,1080,1041,2121
2019-12-28T19:30:00+09:00,J4,693,633,1326
2019-12-28T19:30:00+09:00,J5,542,481,1023
2019-12-28T19:45:00+09:00,J1,1012,1096,2108
2019-12-28T19:45:00+09:00,J2,657,673,1330
2019-12-28T19:45:00+09:00,J3,1118,1051,2169
2019-12-28T19:45:00+09:00,J4,723,672,1395
2019-12-28T19:45:00+09:00,J5,499,532,1031
2019-12-28T20:00:00+09:00,J1,915,1108,2023
2019-12-28T20:00:00+09:00,J2,790,817,1607
2019-12-28T20:00:00+09:00,J3,1110,1054,2164
2019-12-28T20:00:00+09:00,J4,977,867,1844
2019-12-28T20:00:00+09:00,J5,517,547,1064
2019-12-28T20:15:00+09:00,J1,989,1092,2081
2019-12-28T20:15:00+09:00,J2,765,777,1542
2019-12-28T20:15:00+09:00,J3,1223,1123,2346
2019-12-28T20:15:00+09:00,J4,990,1008,1998
2019-12-28T20:15:00+09:00,J5,549,608,1157
2019-12-28T20:30:00+09:00,J1,972,1155,2127
2019-12-28T20:30:00+09:00,J2,749,710,1459
2019-12-28T20:30:00+09:00,J3,1247,1057,2304
2019-12-28T20:30:00+09:00,J4,977,958,1935
2019-12-28T20:30:00+09:00,J5,558,562,1120
2019-12-28T20:45:00+09:00,J1,952,1128,2080
2019-12-28T20:45:00+09:00,J2,768,759,1527
2019-12-28T20:45:00+09:00,J3,1281,1097,2378
2019-12-28T20:45:00+09:00,J4,891,892,1783
2019-12-28T20:45:00+09:00,J5,506,545,1051
2019-12-28T21:00:00+09:00,J1,951,1092,2043
2019-12-28T21:00:00+09:00,J2,718,758,1476
2019-12-28T21:00:00+09:00,J3,1114,936,2050
2019-12-28T21:00:00+09:00,J4,821,823,1644
2019-12-28T21:00:00+09:00,J5,531,556,1087
2019-12-28T21:15:00+09:00,J1,954,1142,2096
2019-12-28T21:15:00+09:00,J2,847,853,1700
2019-12-28T21:15:00+09:00,J3,1096,975,2071
2019-12-28T21:15:00+09:00,J4,784,787,1571
2019-12-28T21:15:00+09:00,J5,515,566,1081
2019-12-28T21:30:00+09:00,J1,924,1171,2095
2019-12-28T21:30:00+09:00,J2,730,763,1493
2019-12-28T21:30:00+09:00,J3,1099,875,1974
2019-12-28T21:30:00+09:00,J4,726,676,1402
2019-12-28T21:30:00+09:00,J5,525,547,1072
2019-12-28T21:45:00+09:00,J1,916,1131,2047
2019-12-28T21:45:00+09:00,J2,736,701,1437
2019-12-28T21:45:00+09:00,J3,1098,910,2008
2019-12-28T21:45:00+09:00,J4,675,694,1369
2019-12-28T21:45:00+09:00,J5,490,545,1035
2019-12-28T22:00:00+09:00,J1,1016,1095,2111
2019-12-28T22:00:00+09:00,J2,679,767,1446
2019-12-28T22:00:00+09:00,J3,1029,915,1944
2019-12-28T22:00:00+09:00,J4,684,699,1383
2019-12-28T22:00:00+09:00,J5,492,518,1010
2019-12-28T22:15:00+09:00,J1,893,1145,2038
2019-12-28T22:15:00+09:00,J2,618,788,1406
2019-12-28T22:15:00+09:00,J3,1113,894,2007
2019-12-28T22:15:00+09:00,J4,671,754,1425
2019-12-28T22:15:00+09:00,J5,478,487,965
2019-12-28T22:30:00+09:00,J1,862,1155,2017
2019-12-28T22:30:00+09:00,J2,623,764,1387
2019-12-28T22:30:00+09:00,J3,1069,906,1975
2019-12-28T22:30:00+09:00,J4,655,731,1386
2019-12-28T22:30:00+09:00,J5,508,524,1032
2019-12-28T22:45:00+09:00,J1,916,1069,1985
2019-12-28T22:45:00+09:00,J2,679,703,1382
2019-12-28T22:45:00+09:00,J3,947,854,1801
2019-12-28T22:45:00+09:00,J4,599,619,1218
2019-12-28T22:45:00+09:00,J5,409,499,908
2019-12-28T23:00:00+09:00,J1,939,996,1935
2019-12-28T23:00:00+09:00,J2,662,733,1395
2019-12-28T23:00:00+09:00,J3,1048,927,1975
2019-12-28T23:00:00+09:00,J4,698,726,1424
2019-12-28T23:00:00+09:00,J5,429,443,872
2019-12-28T23:15:00+09:00,J1,907,1047,1954
2019-12-28T23:15:00+09:00,J2,631,782,1413
2019-12-28T23:15:00+09:00,J3,957,877,1834
2019-12-28T23:15:00+09:00,J4,638,690,1328
2019-12-28T23:15:00+09:00,J5,461,421,882
2019-12-28T23:30:00+09:00,J1,936,1067,2003
2019-12-28T23:30:00+09:00,J2,635,812,1447
2019-12-28T23:30:00+09:00,J3,1047,869,1916
2019-12-28T23:30:00+09:00,J4,568,685,1253
2019-12-28T23:30:00+09:00,J5,398,475,873
2019-12-28T23:45:00+09:00,J1,949,1009,1958
2019-12-28T23:45:00+09:00,J2,543,711,1254
2019-12-28T23:45:00+09:00,J3,952,780,1732
2019-12-28T23:45:00+09:00,J4,578,662,1240
2019-12-28T23:45:00+09:00,J5,462,446,908
2019-12-29T00:00:00+09:00,J1,708,686,1394
2019-12-29T00:00:00+09:00,J2,634,590,1224
2019-12-29T00:00:00+09:00,J3,813,690,1503
2019-12-29T00:00:00+09:00,J4,600,612,1212
2019-12-29T00:00:00+09:00,J5,467,470,937
2019-12-29T00:15:00+09:00,J1,580,523,1103
2019-12-29T00:15:00+09:00,J2,608,570,1178
2019-12-29T00:15:00+09:00,J3,816,761,1577
2019-12-29T00:15:00+09:00,J4,460,475,935
2019-12-29T00:15:00+09:00,J5,535,556,1091
2019-12-29T00:30:00+09:00,J1,443,495,938
2019-12-29T00:30:00+09:00,J2,550,544,1094
2019-12-29T00:30:00+09:00,J3,928,856,1784
2019-12-29T00:30:00+09:00,J4,387,368,755
2019-12-29T00:30:00+09:00,J5,610,598,1208
2019-12-29T00:45:00+09:00,J1,458,539,997
2019-12-29T00:45:00+09:00,J2,551,575,1126
2019-12-29T00:45:00+09:00,J3,959,761,1720
2019-12-29T00:45:00+09:00,J4,356,347,703
2019-12-29T00:45:00+09:00,J5,610,602,1212
2019-12-29T05:45:00+09:00,J1,741,728,1469
2019-12-29T05:45:00+09:00,J2,603,591,1194
2019-12-29T05:45:00+09:00,J3,934,856,1790
2019-12-29T05:45:00+09:00,J4,598,702,1300
2019-12-29T05:45:00+09:00,J5,620,576,1196
2019-12-29T06:00:00+09:00,J1,661,810,1471
2019-12-29T06:00:00+09:00,J2,577,582,1159
2019-12-29T06:00:00+09:00,J3,788,817,1605
2019-12-29T06:00:00+09:00,J4,544,648,1192
2019-12-29T06:00:00+09:00,J5,551,492,1043
2019-12-29T06:15:00+09:00,J1,764,812,1576
2019-12-29T06:15:00+09:00,J2,546,587,1133
2019-12-29T06:15:00+09:00,J3,736,781,1517
2019-12-29T06:15:00+09:00,J4,481,653,1134
2019-12-29T06:15:00+09:00,J5,484,441,925
2019-12-29T06:30:00+09:00,J1,756,813,1569
2019-12-29T06:30:00+09:00,J2,509,517,1026
2019-12-29T06:30:00+09:00,J3,804,775,1579
2019-12-29T06:30:00+09:00,J4,464,530,994
2019-12-29T06:30:00+09:00,J5,546,491,1037
2019-12-29T06:45:00+09:00,J1,764,827,1591
2019-12-29T06:45:00+09:00,J2,560,542,1102
2019-12-29T06:45:00+09:00,J3,901,835,1736
2019-12-29T06:45:00+09:00,J4,440,592,1032
2019-12-29T06:45:00+09:00,J5,511,486,997
2019-12-29T07:00:00+09:00,J1,737,793,1530
2019-12-29T07:00:00+09:00,J2,619,641,1260
2019-12-29T07:00:00+09:00,J3,965,845,1810
2019-12-29T07:00:00+09:00,J4,497,580,1077
2019-12-29T07:00:00+09:00,J5,654,565,1219
2019-12-29T07:15:00+09:00,J1,716,778,1494
2019-12-29T07:15:00+09:00,J2,634,599,1233
2019-12-29T07:15:00+09:00,J3,1000,860,1860
2019-12-29T07:15:00+09:00,J4,570,632,1202
2019-12-29T07:15:00+09:00,J5,637,627,1264
2019-12-29T07:30:00+09:00,J1,772,868,1640
2019-12-29T07:30:00+09:00,J2,660,608,1268
2019-12-29T07:30:00+09:00,J3,942,839,1781
2019-12-29T07:30:00+09:00,J4,502,587,1089
2019-12-29T07:30:00+09:00,J5,634,589,1223
2019-12-29T07:45:00+09:00,J1,783,820,1603
2019-12-29T07:45:00+09:00,J2,667,697,1364
2019-12-29T07:45:00+09:00,J3,943,869,1812
2019-12-29T07:45:00+09:00,J4,508,543,1051
2019-12-29T07:45:00+09:00,J5,645,579,1224
2019-12-29T08:00:00+09:00,J1,983,1044,2027
2019-12-29T08:00:00+09:00,J2,828,758,1586
2019-12-29T08:00:00+09:00,J3,1021,969,1990
2019-12-29T08:00:00+09:00,J4,481,611,1092
2019-12-29T08:00:00+09:00,J5,612,594,1206
2019-12-29T08:15:00+09:00,J1,1089,1165,2254
2019-12-29T08:15:00+09:00,J2,809,688,1497
2019-12-29T08:15:00+09:00,J3,1187,998,2185
2019-12-29T08:15:00+09:00,J4,634,718,1352
2019-12-29T08:15:00+09:00,J5,539,537,1076
2019-12-29T08:30:00+09:00,J1,1064,1119,2183
2019-12-29T08:30:00+09:00,J2,770,715,1485
2019-12-29T08:30:00+09:00,J3,1287,1077,2364
2019-12-29T08:30:00+09:00,J4,650,737,1387
2019-12-29T08:30:00+09:00,J5,454,502,956
2019-12-29T08:45:00+09:00,J1,1054,1224,2278
2019-12-29T08:45:00+09:00,J2,818,727,1545
2019-12-29T08:45:00+09:00,J3,1294,1142,2436
2019-12-29T08:45:00+09:00,J4,612,667,1279
2019-12-29T08:45:00+09:00,J5,445,422,867
2019-12-29T09:00:00+09:00,J1,1048,1093,2141
2019-12-29T09:00:00+09:00,J2,1053,1030,2083
2019-12-29T09:00:00+09:00,J3,989,802,1791
2019-12-29T09:00:00+09:00,J4,567,643,1210
2019-12-29T09:00:00+09:00,J5,550,495,1045
2019-12-29T09:15:00+09:00,J1,987,1146,2133
2019-12-29T09:15:00+09:00,J2,878,804,1682
2019-12-29T09:15:00+09:00,J3,927,799,1726
2019-12-29T09:15:00+09:00,J4,511,544,1055
2019-12-29T09:15:00+09:00,J5,608,551,1159
2019-12-29T09:30:00+09:00,J1,1030,1050,2080
2019-12-29T09:30:00+09:00,J2,960,771,1731
2019-12-29T09:30:00+09:00,J3,1012,802,1814
2019-12-29T09:30:00+09:00,J4,493,638,1131
2019-12-29T09:30:00+09:00,J5,616,559,1175
2019-12-29T09:45:00+09:00,J1,1008,1109,2117
2019-12-29T09:45:00+09:00,J2,861,786,1647
2019-12-29T09:45:00+09:00,J3,973,868,1841
2019-12-29T09:45:00+09:00,J4,516,632,1148
2019-12-29T09:45:00+09:00,J5,607,600,1207
2019-12-29T10:00:00+09:00,J1,1021,1079,2100
2019-12-29T10:00:00+09:00,J2,794,773,1567
2019-12-29T10:00:00+09:00,J3,895,892,1787
2019-12-29T10:00:00+09:00,J4,510,593,1103
2019-12-29T10:00:00+09:00,J5,626,526,1152
2019-12-29T10:15:00+09:00,J1,1059,1196,2255
2019-12-29T10:15:00+09:00,J2,839,807,1646
2019-12-29T10:15:00+09:00,J3,944,929,1873
2019-12-29T10:15:00+09:00,J4,535,657,1192
2019-12-29T10:15:00+09:00,J5,556,615,1171
2019-12-29T10:30:00+09:00,J1,1112,1166,2278
2019-12-29T10:30:00+09:00,J2,865,752,1617
2019-12-29T10:30:00+09:00,J3,940,964,1904
2019-12-29T10:30:00+09:00,J4,626,662,1288
2019-12-29T10:30:00+09:00,J5,603,548,1151
2019-12-29T10:45:00+09:00,J1,1078,1118,2196
2019-12-29T10:45:00+09:00,J2,733,662,1395
2019-12-29T10:45:00+09:00,J3,981,926,1907
2019-12-29T10:45:00+09:00,J4,594,708,1302
2019-12-29T10:45:00+09:00,J5,579,548,1127
2019-12-29T11:00:00+09:00,J1,1157,1171,2328
2019-12-29T11:00:00+09:00,J2,824,728,1552
2019-12-29T11:00:00+09:00,J3,1075,921,1996
2019-12-29T11:00:00+09:00,J4,558,695,1253
2019-12-29T11:00:00+09:00,J5,402,420,822
2019-12-29T11:15:00+09:00,J1,1085,1224,2309
2019-12-29T11:15:00+09:00,J2,787,656,1443
2019-12-29T11:15:00+09:00,J3,1029,901,1930
2019-12-29T11:15:00+09:00,J4,545,660,1205
2019-12-29T11:15:00+09:00,J5,367,442,809
2019-12-29T11:30:00+09:00,J1,1107,1282,2389
2019-12-29T11:30:00+09:00,J2,738,706,1444
2019-12-29T11:30:00+09:00,J3,1080,920,2000
2019-12-29T11:30:00+09:00,J4,645,683,1328
2019-12-29T11:30:00+09:00,J5,378,382,760
2019-12-29T11:45:00+09:00,J1,1120,1235,2355
2019-12-29T11:45:00+09:00,J2,666,642,1308
2019-12-29T11:45:00+09:00,J3,1303,999,2302
2019-12-29T11:45:00+09:00,J4,648,706,1354
2019-12-29T11:45:00+09:00,J5,391,451,842
2019-12-29T12:00:00+09:00,J1,1036,1263,2299
2019-12-29T12:00:00+09:00,J2,730,653,1383
2019-12-29T12:00:00+09:00,J3,1253,994,2247
2019-12-29T12:00:00+09:00,J4,616,709,1325
2019-12-29T12:00:00+09:00,J5,371,398,769
2019-12-29T12:15:00+09:00,J1,1093,1246,2339
2019-12-29T12:15:00+09:00,J2,656,556,1212
2019-12-29T12:15:00+09:00,J3,1119,856,1975
2019-12-29T12:15:00+09:00,J4,629,639,1268
2019-12-29T12:15:00+09:00,J5,358,406,764
2019-12-29T12:30:00+09:00,J1,1054,1202,2256
2019-12-29T12:30:00+09:00,J2,830,739,1569
2019-12-29T12:30:00+09:00,J3,1079,934,2013
2019-12-29T12:30:00+09:00,J4,651,792,1443
2019-12-29T12:30:00+09:00,J5,390,355,745
2019-12-29T12:45:00+09:00,J1,984,1239,2223
2019-12-29T12:45:00+09:00,J2,904,808,1712
2019-12-29T12:45:00+09:00,J3,1091,1031,2122
2019-12-29T12:45:00+09:00,J4,661,703,1364
2019-12-29T12:45:00+09:00,J5,461,385,846
2019-12-29T13:00:00+09:00,J1,967,1295,2262
2019-12-29T13:00:00+09:00,J2,936,878,1814
2019-12-29T13:00:00+09:00,J3,1069,1115,2184
2019-12-29T13:00:00+09:00,J4,715,697,1412
2019-12-29T13:00:00+09:00,J5,503,521,1024
2019-12-29T13:15:00+09:00,J1,1026,1237,2263
2019-12-29T13:15:00+09:00,J2,949,906,1855
2019-12-29T13:15:00+09:00,J3,1115,1096,2211
2019-12-29T13:15:00+09:00,J4,798,814,1612
2019-12-29T13:15:00+09:00,J5,551,464,1015
2019-12-29T13:30:00+09:00,J1,987,1220,2207
2019-12-29T13:30:00+09:00,J2,888,741,1629
2019-12-29T13:30:00+09:00,J3,1116,1123,2239
2019-12-29T13:30:00+09:00,J4,796,841,1637
2019-12-29T13:30:00+09:00,J5,424,392,816
2019-12-29T13:45:00+09:00,J1,1000,1223,2223
2019-12-29T13:45:00+09:00,J2,764,709,1473
2019-12-29T13:45:00+09:00,J3,1139,1062,2201
2019-12-29T13:45:00+09:00,J4,857,858,1715
2019-12-29T13:45:00+09:00,J5,352,420,772
2019-12-29T14:00:00+09:00,J1,986,1165,2151
2019-12-29T14:00:00+09:00,J2,903,812,1715
2019-12-29T14:00:00+09:00,J3,1157,1073,2230
2019-12-29T14:00:00+09:00,J4,958,943,1901
2019-12-29T14:00:00+09:00,J5,387,461,848
2019-12-29T14:15:00+09:00,J1,1001,1187,2188
2019-12-29T14:15:00+09:00,J2,886,817,1703
2019-12-29T14:15:00+09:00,J3,1054,1076,2130
2019-12-29T14:15:00+09:00,J4,1012,980,1992
2019-12-29T14:15:00+09:00,J5,360,402,762
2019-12-29T14:30:00+09:00,J1,990,1212,2202
2019-12-29T14:30:00+09:00,J2,847,917,1764
2019-12-29T14:30:00+09:00,J3,1063,1068,2131
2019-12-29T14:30:00+09:00,J4,1048,1035,2083
2019-12-29T14:30:00+09:00,J5,398,357,755
2019-12-29T14:45:00+09:00,J1,1033,1213,2246
2019-12-29T14:45:00+09:00,J2,871,816,1687
2019-12-29T14:45:00+09:00,J3,1155,1104,2259
2019-12-29T14:45:00+09:00,J4,1013,1061,2074
2019-12-29T14:45:00+09:00,J5,376,340,716
2019-12-29T15:00:00+09:00,J1,1013,1268,2281
2019-12-29T15:00:00+09:00,J2,884,894,1778
2019-12-29T15:00:00+09:00,J3,1117,1043,2160
2019-12-29T15:00:00+09:00,J4,940,1012,1952
2019-12-29T15:00:00+09:00,J5,380,362,742
2019-12-29T15:15:00+09:00,J1,986,1237,2223
2019-12-29T15:15:00+09:00,J2,784,959,1743
2019-12-29T15:15:00+09:00,J3,1159,1094,2253
2019-12-29T15:15:00+09:00,J4,1028,1029,2057
2019-12-29T15:15:00+09:00,J5,387,364,751
2019-12-29T15:30:00+09:00,J1,1025,1178,2203
2019-12-29T15:30:00+09:00,J2,854,902,1756
2019-12-29T15:30:00+09:00,J3,1077,1097,2174
2019-12-29T15:30:00+09:00,J4,1018,1004,2022
2019-12-29T15:30:00+09:00,J5,412,375,787
2019-12-29T15:45:00+09:00,J1,1029,1210,2239
2019-12-29T15:45:00+09:00,J2,860,881,1741
2019-12-29T15:45:00+09:00,J3,1134,1053,2187
2019-12-29T15:45:00+09:00,J4,1098,995,2093
2019-12-29T15:45:00+09:00,J5,369,339,708
2019-12-29T16:00:00+09:00,J1,989,1187,2176
2019-12-29T16:00:00+09:00,J2,826,894,1720
2019-12-29T16:00:00+09:00,J3,1162,1008,2170
2019-12-29T16:00:00+09:00,J4,1019,940,1959
2019-12-29T16:00:00+09:00,J5,335,329,664
2019-12-29T16:15:00+09:00,J1,1067,1218,2285
2019-12-29T16:15:00+09:00,J2,997,873,1870
2019-12-29T16:15:00+09:00,J3,1261,926,2187
2019-12-29T16:15:00+09:00,J4,1024,959,1983
2019-12-29T16:15:00+09:00,J5,347,322,669
2019-12-29T16:30:00+09:00,J1,1064,1194,2258
2019-12-29T16:30:00+09:00,J2,988,915,1903
2019-12-29T16:30:00+09:00,J3,1295,933,2228
2019-12-29T16:30:00+09:00,J4,1077,1036,2113
2019-12-29T16:30:00+09:00,J5,359,339,698
2019-12-29T16:45:00+09:00,J1,986,1234,2220
2019-12-29T16:45:00+09:00,J2,929,943,1872
2019-12-29T16:45:00+09:00,J3,1378,1034,2412
2019-12-29T16:45:00+09:00,J4,1059,988,2047
2019-12-29T16:45:00+09:00,J5,370,376,746
2019-12-29T17:00:00+09:00,J1,1001,1143,2144
2019-12-29T17:00:00+09:00,J2,1030,936,1966
2019-12-29T17:00:00+09:00,J3,1454,1000,2454
2019-12-29T17:00:00+09:00,J4,964,978,1942
2019-12-29T17:00:00+09:00,J5,357,363,720
2019-12-29T17:15:00+09:00,J1,1096,1227,2323
2019-12-29T17:15:00+09:00,J2,1009,895,1904
2019-12-29T17:15:00+09:00,J3,1518,1097,2615
2019-12-29T17:15:00+09:00,J4,1042,864,1906
2019-12-29T17:15:00+09:00,J5,380,370,750
2019-12-29T17:30:00+09:00,J1,1069,1183,2252
2019-12-29T17:30:00+09:00,J2,992,851,1843
2019-12-29T17:30:00+09:00,J3,1557,1097,2654
2019-12-29T17:30:00+09:00,J4,1005,988,1993
2019-12-29T17:30:00+09:00,J5,385,361,746
2019-12-29T17:45:00+09:00,J1,1135,1139,2274
2019-12-29T17:45:00+09:00,J2,969,849,1818
2019-12-29T17:45:00+09:00,J3,1389,1119,2508
2019-12-29T17:45:00+09:00,J4,1002,957,1959
2019-12-29T17:45:00+09:00,J5,450,389,839
2019-12-29T18:00:00+09:00,J1,1074,1255,2329
2019-12-29T18:00:00+09:00,J2,931,884,1815
2019-12-29T18:00:00+09:00,J3,1363,1034,2397
2019-12-29T18:00:00+09:00,J4,1163,1009,2172
2019-12-29T18:00:00+09:00,J5,418,426,844
2019-12-29T18:15:00+09:00,J1,1194,1161,2355
2019-12-29T18:15:00+09:00,J2,872,829,1701
2019-12-29T18:15:00+09:00,J3,1299,900,2199
2019-12-29T18:15:00+09:00,J4,967,885,1852
2019-12-29T18:15:00+09:00,J5,406,390,796
2019-12-29T18:30:00+09:00,J1,1111,1082,2193
2019-12-29T18:30:00+09:00,J2,967,793,1760
2019-12-29T18:30:00+09:00,J3,1173,956,2129
2019-12-29T18:30:00+09:00,J4,812,734,1546
2019-12-29T18:30:00+09:00,J5,469,437,906
2019-12-29T18:45:00+09:00,J1,1109,1071,2180
2019-12-29T18:45:00+09:00,J2,908,747,1655
2019-12-29T18:45:00+09:00,J3,1046,956,2002
2019-12-29T18:45:00+09:00,J4,751,686,1437
2019-12-29T18:45:00+09:00,J5,438,365,803
2019-12-29T19:00:00+09:00,J1,957,1077,2034
2019-12-29T19:00:00+09:00,J2,732,630,1362
2019-12-29T19:00:00+09:00,J3,1027,962,1989
2019-12-29T19:00:00+09:00,J4,709,581,1290
2019-12-29T19:00:00+09:00,J5,514,539,1053
2019-12-29T19:15:00+09:00,J1,992,1064,2056
2019-12-29T19:15:00+09:00,J2,630,668,1298
2019-12-29T19:15:00+09:00,J3,917,854,1771
2019-12-29T19:15:00+09:00,J4,699,690,1389
2019-12-29T19:15:00+09:00,J5,515,558,1073
2019-12-29T19:30:00+09:00,J1,994,1087,2081
2019-12-29T19:30:00+09:00,J2,624,663,1287
2019-12-29T19:30:00+09:00,J3,934,871,1805
2019-12-29T19:30:00+09:00,J4,618,660,1278
2019-12-29T19:30:00+09:00,J5,569,514,1083
2019-12-29T19:45:00+09:00,J1,1016,1075,2091
2019-12-29T19:45:00+09:00,J2,689,583,1272
2019-12-29T19:45:00+09:00,J3,1028,898,1926
2019-12-29T19:45:00+09:00,J4,687,631,1318
2019-12-29T19:45:00+09:00,J5,500,491,991
2019-12-29T20:00:00+09:00,J1,967,1064,2031
2019-12-29T20:00:00+09:00,J2,633,595,1228
2019-12-29T20:00:00+09:00,J3,927,746,1673
2019-12-29T20:00:00+09:00,J4,713,706,1419
2019-12-29T20:00:00+09:00,J5,525,513,1038
2019-12-29T20:15:00+09:00,J1,965,1030,1995
2019-12-29T20:15:00+09:00,J2,723,612,1335
2019-12-29T20:15:00+09:00,J3,977,759,1736
2019-12-29T20:15:00+09:00,J4,749,692,1441
2019-12-29T20:15:00+09:00,J5,509,489,998
2019-12-29T20:30:00+09:00,J1,957,1092,2049
2019-12-29T20:30:00+09:00,J2,640,580,1220
2019-12-29T20:30:00+09:00,J3,988,874,1862
2019-12-29T20:30:00+09:00,J4,723,653,1376
2019-12-29T20:30:00+09:00,J5,608,575,1183
2019-12-29T20:45:00+09:00,J1,1010,978,1988
2019-12-29T20:45:00+09:00,J2,599,546,1145
2019-12-29T20:45:00+09:00,J3,1030,908,1938
2019-12-29T20:45:00+09:00,J4,732,675,1407
2019-12-29T20:45:00+09:00,J5,538,531,1069
2019-12-29T21:00:00+09:00,J1,888,1085,1973
2019-12-29T21:00:00+09:00,J2,665,556,1221
2019-12-29T21:00:00+09:00,J3,905,773,1678
2019-12-29T21:00:00+09:00,J4,685,673,1358
2019-12-29T21:00:00+09:00,J5,550,563,1113
2019-12-29T21:15:00+09:00,J1,921,1120,2041
2019-12-29T21:15:00+09:00,J2,645,674,1319
2019-12-29T21:15:00+09:00,J3,1116,902,2018
2019-12-29T21:15:00+09:00,J4,730,668,1398
2019-12-29T21:15:00+09:00,J5,521,524,1045
2019-12-29T21:30:00+09:00,J1,997,1058,2055
2019-12-29T21:30:00+09:00,J2,582,609,1191
2019-12-29T21:30:00+09:00,J3,964,909,1873
2019-12-29T21:30:00+09:00,J4,728,755,1483
2019-12-29T21:30:00+09:00,J5,583,575,1158
2019-12-29T21:45:00+09:00,J1,939,1100,2039
2019-12-29T21:45:00+09:00,J2,577,618,1195
2019-12-29T21:45:00+09:00,J3,985,902,1887
2019-12-29T21:45:00+09:00,J4,670,762,1432
2019-12-29T21:45:00+09:00,J5,536,612,1148
2019-12-29T22:00:00+09:00,J1,921,1060,1981
2019-12-29T22:00:00+09:00,J2,851,973,1824
2019-12-29T22:00:00+09:00,J3,1036,771,1807
2019-12-29T22:00:00+09:00,J4,631,743,1374
2019-12-29T22:00:00+09:00,J5,486,516,1002
2019-12-29T22:15:00+09:00,J1,915,1065,1980
2019-12-29T22:15:00+09:00,J2,697,774,1471
2019-12-29T22:15:00+09:00,J3,948,790,1738
2019-12-29T22:15:00+09:00,J4,672,717,1389
2019-12-29T22:15:00+09:00,J5,505,516,1021
2019-12-29T22:30:00+09:00,J1,915,1068,1983
2019-12-29T22:30:00+09:00,J2,674,673,1347
2019-12-29T22:30:00+09:00,J3,1045,817,1862
2019-12-29T22:30:00+09:00,J4,669,723,1392
2019-12-29T22:30:00+09:00,J5,455,513,968
2019-12-29T22:45:00+09:00,J1,920,1050,1970
2019-12-29T22:45:00+09:00,J2,590,715,1305
2019-12-29T22:45:00+09:00,J3,989,779,1768
2019-12-29T22:45:00+09:00,J4,681,719,1400
2019-12-29T22:45:00+09:00,J5,441,445,886
2019-12-29T23:00:00+09:00,J1,901,1062,1963
2019-12-29T23:00:00+09:00,J2,600,707,1307
2019-12-29T23:00:00+09:00,J3,932,772,1704
2019-12-29T23:00:00+09:00,J4,684,743,1427
2019-12-29T23:00:00+09:00,J5,484,471,955
2019-12-29T23:15:00+09:00,J1,872,1059,1931
2019-12-29T23:15:00+09:00,J2,624,739,1363
2019-12-29T23:15:00+09:00,J3,961,775,1736
2019-12-29T23:15:00+09:00,J4,722,766,1488
2019-12-29T23:15:00+09:00,J5,436,476,912
2019-12-29T23:30:00+09:00,J1,873,1045,1918
2019-12-29T23:30:00+09:00,J2,627,726,1353
2019-12-29T23:30:00+09:00,J3,983,772,1755
2019-12-29T23:30:00+09:00,J4,655,735,1390
2019-12-29T23:30:00+09:00,J5,516,487,1003
2019-12-29T23:45:00+09:00,J1,857,1035,1892
2019-12-29T23:45:00+09:00,J2,522,704,1226
2019-12-29T23:45:00+09:00,J3,914,679,1593
2019-12-29T23:45:00+09:00,J4,666,715,1381
2019-12-29T23:45:00+09:00,J5,461,466,927
2019-12-30T00:00:00+09:00,J1,809,794,1603
2019-12-30T00:00:00+09:00,J2,578,626,1204
2019-12-30T00:00:00+09:00,J3,720,612,1332
2019-12-30T00:00:00+09:00,J4,649,684,1333
2019-12-30T00:00:00+09:00,J5,455,467,922
2019-12-30T00:15:00+09:00,J1,608,621,1229
2019-12-30T00:15:00+09:00,J2,499,553,1052
2019-12-30T00:15:00+09:00,J3,632,530,1162
2019-12-30T00:15:00+09:00,J4,596,618,1214
2019-12-30T00:15:00+09:00,J5,514,536,1050
2019-12-30T00:30:00+09:00,J1,525,564,1089
2019-12-30T00:30:00+09:00,J2,571,533,1104
2019-12-30T00:30:00+09:00,J3,762,650,1412
2019-12-30T00:30:00+09:00,J4,401,405,806
2019-12-30T00:30:00+09:00,J5,647,630,1277
2019-12-30T00:45:00+09:00,J1,462,459,921
2019-12-30T00:45:00+09:00,J2,528,540,1068
2019-12-30T00:45:00+09:00,J3,836,740,1576
2019-12-30T00:45:00+09:00,J4,423,428,851
2019-12-30T00:45:00+09:00,J5,618,580,1198
2019-12-30T05:45:00+09:00,J1,717,801,1518
2019-12-30T05:45:00+09:00,J2,613,642,1255
2019-12-30T05:45:00+09:00,J3,885,782,1667
2019-12-30T05:45:00+09:00,J4,611,679,1290
2019-12-30T05:45:00+09:00,J5,564,542,1106
2019-12-30T06:00:00+09:00,J1,843,856,1699
2019-12-30T06:00:00+09:00,J2,562,561,1123
2019-12-30T06:00:00+09:00,J3,885,801,1686
2019-12-30T06:00:00+09:00,J4,538,594,1132
2019-12-30T06:00:00+09:00,J5,491,507,998
2019-12-30T06:15:00+09:00,J1,829,879,1708
2019-12-30T06:15:00+09:00,J2,602,622,1224
2019-12-30T06:15:00+09:00,J3,789,746,1535
2019-12-30T06:15:00+09:00,J4,513,553,1066
2019-12-30T06:15:00+09:00,J5,499,442,941
2019-12-30T06:30:00+09:00,J1,732,765,1497
2019-12-30T06:30:00+09:00,J2,544,593,1137
2019-12-30T06:30:00+09:00,J3,837,771,1608
2019-12-30T06:30:00+09:00,J4,424,498,922
2019-12-30T06:30:00+09:00,J5,492,473,965
2019-12-30T06:45:00+09:00,J1,786,775,1561
2019-12-30T06:45:00+09:00,J2,512,523,1035
2019-12-30T06:45:00+09:00,J3,813,811,1624
2019-12-30T06:45:00+09:00,J4,448,522,970
2019-12-30T06:45:00+09:00,J5,516,480,996
2019-12-30T07:00:00+09:00,J1,739,798,1537
2019-12-30T07:00:00+09:00,J2,573,585,1158
2019-12-30T07:00:00+09:00,J3,792,747,1539
2019-12-30T07:00:00+09:00,J4,444,508,952
2019-12-30T07:00:00+09:00,J5,558,513,1071
2019-12-30T07:15:00+09:00,J1,810,864,1674
2019-12-30T07:15:00+09:00,J2,631,630,1261
2019-12-30T07:15:00+09:00,J3,826,752,1578
2019-12-30T07:15:00+09:00,J4,456,505,961
2019-12-30T07:15:00+09:00,J5,568,560,1128
2019-12-30T07:30:00+09:00,J1,865,882,1747
2019-12-30T07:30:00+09:00,J2,596,604,1200
2019-12-30T07:30:00+09:00,J3,937,797,1734
2019-12-30T07:30:00+09:00,J4,499,601,1100
2019-12-30T07:30:00+09:00,J5,532,523,1055
2019-12-30T07:45:00+09:00,J1,896,909,1805
2019-12-30T07:45:00+09:00,J2,724,676,1400
2019-12-30T07:45:00+09:00,J3,883,765,1648
2019-12-30T07:45:00+09:00,J4,503,693,1196
2019-12-30T07:45:00+09:00,J5,519,494,1013
2019-12-30T08:00:00+09:00,J1,1054,1155,2209
2019-12-30T08:00:00+09:00,J2,822,679,1501
2019-12-30T08:00:00+09:00,J3,1168,985,2153
2019-12-30T08:00:00+09:00,J4,564,678,1242
2019-12-30T08:00:00+09:00,J5,499,470,969
2019-12-30T08:15:00+09:00,J1,1026,1082,2108
2019-12-30T08:15:00+09:00,J2,822,740,1562
2019-12-30T08:15:00+09:00,J3,1072,931,2003
2019-12-30T08:15:00+09:00,J4,620,735,1355
2019-12-30T08:15:00+09:00,J5,419,375,794
2019-12-30T08:30:00+09:00,J1,1096,1152,2248
2019-12-30T08:30:00+09:00,J2,789,649,1438
2019-12-30T08:30:00+09:00,J3,1185,1021,2206
2019-12-30T08:30:00+09:00,J4,615,684,1299
2019-12-30T08:30:00+09:00,J5,357,429,786
2019-12-30T08:45:00+09:00,J1,1024,1176,2200
2019-12-30T08:45:00+09:00,J2,751,659,1410
2019-12-30T08:45:00+09:00,J3,1165,1059,2224
2019-12-30T08:45:00+09:00,J4,559,672,1231
2019-12-30T08:45:00+09:00,J5,400,368,768
2019-12-30T09:00:00+09:00,J1,1010,1020,2030
2019-12-30T09:00:00+09:00,J2,928,892,1820
2019-12-30T09:00:00+09:00,J3,834,836,1670
2019-12-30T09:00:00+09:00,J4,515,591,1106
2019-12-30T09:00:00+09:00,J5,540,503,1043
2019-12-30T09:15:00+09:00,J1,1020,1103,2123
2019-12-30T09:15:00+09:00,J2,979,872,1851
2019-12-30T09:15:00+09:00,J3,919,763,1682
2019-12-30T09:15:00+09:00,J4,449,536,985
2019-12-30T09:15:00+09:00,J5,534,573,1107
2019-12-30T09:30:00+09:00,J1,1018,1031,2049
2019-12-30T09:30:00+09:00,J2,887,759,1646
2019-12-30T09:30:00+09:00,J3,900,815,1715
2019-12-30T09:30:00+09:00,J4,603,707,1310
2019-12-30T09:30:00+09:00,J5,431,551,982
2019-12-30T09:45:00+09:00,J1,1026,1093,2119
2019-12-30T09:45:00+09:00,J2,715,764,1479
2019-12-30T09:45:00+09:00,J3,932,845,1777
2019-12-30T09:45:00+09:00,J4,585,738,1323
2019-12-30T09:45:00+09:00,J5,503,563,1066
2019-12-30T10:00:00+09:00,J1,1016,1022,2038
2019-12-30T10:00:00+09:00,J2,689,751,1440
2019-12-30T10:00:00+09:00,J3,834,817,1651
2019-12-30T10:00:00+09:00,J4,524,598,1122
2019-12-30T10:00:00+09:00,J5,507,565,1072
2019-12-30T10:15:00+09:00,J1,1069,1070,2139
2019-12-30T10:15:00+09:00,J2,669,756,1425
2019-12-30T10:15:00+09:00,J3,891,860,1751
2019-12-30T10:15:00+09:00,J4,488,648,1136
2019-12-30T10:15:00+09:00,J5,511,573,1084
2019-12-30T10:30:00+09:00,J1,974,1066,2040
2019-12-30T10:30:00+09:00,J2,570,666,1236
2019-12-30T10:30:00+09:00,J3,875,811,1686
2019-12-30T10:30:00+09:00,J4,614,652,1266
2019-12-30T10:30:00+09:00,J5,541,558,1099
2019-12-30T10:45:00+09:00,J1,959,1069,2028
2019-12-30T10:45:00+09:00,J2,624,639,1263
2019-12-30T10:45:00+09:00,J3,945,836,1781
2019-12-30T10:45:00+09:00,J4,701,752,1453
2019-12-30T10:45:00+09:00,J5,494,550,1044
2019-12-30T11:00:00+09:00,J1,1072,1183,2255
2019-12-30T11:00:00+09:00,J2,646,733,1379
2019-12-30T11:00:00+09:00,J3,1121,1005,2126
2019-12-30T11:00:00+09:00,J4,757,748,1505
2019-12-30T11:00:00+09:00,J5,366,363,729
2019-12-30T11:15:00+09:00,J1,1048,1177,2225
2019-12-30T11:15:00+09:00,J2,567,622,1189
2019-12-30T11:15:00+09:00,J3,1114,1083,2197
2019-12-30T11:15:00+09:00,J4,730,837,1567
2019-12-30T11:15:00+09:00,J5,314,328,642
2019-12-30T11:30:00+09:00,J1,1118,1190,2308
2019-12-30T11:30:00+09:00,J2,626,635,1261
2019-12-30T11:30:00+09:00,J3,1192,1074,2266
2019-12-30T11:30:00+09:00,J4,736,788,1524
2019-12-30T11:30:00+09:00,J5,350,337,687
2019-12-30T11:45:00+09:00,J1,1046,1177,2223
2019-12-30T11:45:00+09:00,J2,627,645,1272
2019-12-30T11:45:00+09:00,J3,1166,1146,2312
2019-12-30T11:45:00+09:00,J4,786,815,1601
2019-12-30T11:45:00+09:00,J5,327,340,667
2019-12-30T12:00:00+09:00,J1,1100,1181,2281
2019-12-30T12:00:00+09:00,J2,614,668,1282
2019-12-30T12:00:00+09:00,J3,1212,1084,2296
2019-12-30T12:00:00+09:00,J4,802,803,1605
2019-12-30T12:00:00+09:00,J5,383,378,761
2019-12-30T12:15:00+09:00,J1,1056,1175,2231
2019-12-30T12:15:00+09:00,J2,650,626,1276
2019-12-30T12:15:00+09:00,J3,1167,1145,2312
2019-12-30T12:15:00+09:00,J4,855,825,1680
2019-12-30T12:15:00+09:00,J5,294,306,600
2019-12-30T12:30:00+09:00,J1,958,1091,2049
2019-12-30T12:30:00+09:00,J2,616,631,1247
2019-12-30T12:30:00+09:00,J3,1036,970,2006
2019-12-30T12:30:00+09:00,J4,841,919,1760
2019-12-30T12:30:00+09:00,J5,322,290,612
2019-12-30T12:45:00+09:00,J1,987,1051,2038
2019-12-30T12:45:00+09:00,J2,673,677,1350
2019-12-30T12:45:00+09:00,J3,1083,875,1958
2019-12-30T12:45:00+09:00,J4,875,949,1824
2019-12-30T12:45:00+09:00,J5,295,352,647
2019-12-30T13:00:00+09:00,J1,895,1069,1964
2019-12-30T13:00:00+09:00,J2,609,681,1290
2019-12-30T13:00:00+09:00,J3,925,826,1751
2019-12-30T13:00:00+09:00,J4,953,960,1913
2019-12-30T13:00:00+09:00,J5,349,331,680
2019-12-30T13:15:00+09:00,J1,999,1125,2124
2019-12-30T13:15:00+09:00,J2,685,636,1321
2019-12-30T13:15:00+09:00,J3,940,850,1790
2019-12-30T13:15:00+09:00,J4,970,942,1912
2019-12-30T13:15:00+09:00,J5,293,295,588
2019-12-30T13:30:00+09:00,J1,1000,1092,2092
2019-12-30T13:30:00+09:00,J2,685,724,1409
2019-12-30T13:30:00+09:00,J3,984,841,1825
2019-12-30T13:30:00+09:00,J4,919,1010,1929
2019-12-30T13:30:00+09:00,J5,372,317,689
2019-12-30T13:45:00+09:00,J1,884,1092,1976
2019-12-30T13:45:00+09:00,J2,742,729,1471
2019-12-30T13:45:00+09:00,J3,968,861,1829
2019-12-30T13:45:00+09:00,J4,921,1076,1997
2019-12-30T13:45:00+09:00,J5,383,334,717
2019-12-30T14:00:00+09:00,J1,908,1023,1931
2019-12-30T14:00:00+09:00,J2,730,767,1497
2019-12-30T14:00:00+09:00,J3,956,877,1833
2019-12-30T14:00:00+09:00,J4,1056,1026,2082
2019-12-30T14:00:00+09:00,J5,359,333,692
2019-12-30T14:15:00+09:00,J1,1006,1205,2211
2019-12-30T14:15:00+09:00,J2,711,752,1463
2019-12-30T14:15:00+09:00,J3,971,869,1840
2019-12-30T14:15:00+09:00,J4,996,1018,2014
2019-12-30T14:15:00+09:00,J5,334,331,665
2019-12-30T14:30:00+09:00,J1,1007,1170,2177
2019-12-30T14:30:00+09:00,J2,757,725,1482
2019-12-30T14:30:00+09:00,J3,937,807,1744
2019-12-30T14:30:00+09:00,J4,1016,995,2011
2019-12-30T14:30:00+09:00,J5,323,324,647
2019-12-30T14:45:00+09:00,J1,1003,1154,2157
2019-12-30T14:45:00+09:00,J2,787,707,1494
2019-12-30T14:45:00+09:00,J3,936,827,1763
2019-12-30T14:45:00+09:00,J4,943,911,1854
2019-12-30T14:45:00+09:00,J5,338,307,645
2019-12-30T15:00:00+09:00,J1,995,1083,2078
2019-12-30T15:00:00+09:00,J2,847,768,1615
2019-12-30T15:00:00+09:00,J3,950,770,1720
2019-12-30T15:00:00+09:00,J4,948,904,1852
2019-12-30T15:00:00+09:00,J5,339,321,660
2019-12-30T15:15:00+09:00,J1,997,1137,2134
2019-12-30T15:15:00+09:00,J2,796,737,1533
2019-12-30T15:15:00+09:00,J3,984,811,1795
2019-12-30T15:15:00+09:00,J4,929,900,1829
2019-12-30T15:15:00+09:00,J5,335,346,681
2019-12-30T15:30:00+09:00,J1,997,1144,2141
2019-12-30T15:30:00+09:00,J2,851,677,1528
2019-12-30T15:30:00+09:00,J3,1057,775,1832
2019-12-30T15:30:00+09:00,J4,1004,878,1882
2019-12-30T15:30:00+09:00,J5,357,349,706
2019-12-30T15:45:00+09:00,J1,1041,1180,2221
2019-12-30T15:45:00+09:00,J2,827,735,1562
2019-12-30T15:45:00+09:00,J3,1023,837,1860
2019-12-30T15:45:00+09:00,J4,995,919,1914
2019-12-30T15:45:00+09:00,J5,378,340,718
2019-12-30T16:00:00+09:00,J1,953,1166,2119
2019-12-30T16:00:00+09:00,J2,859,732,1591
2019-12-30T16:00:00+09:00,J3,895,838,1733
2019-12-30T16:00:00+09:00,J4,1026,1062,2088
2019-12-30T16:00:00+09:00,J5,349,351,700
2019-12-30T16:15:00+09:00,J1,960,1054,2014
2019-12-30T16:15:00+09:00,J2,1003,775,1778
2019-12-30T16:15:00+09:00,J3,1050,827,1877
2019-12-30T16:15:00+09:00,J4,966,932,1898
2019-12-30T16:15:00+09:00,J5,343,345,688
2019-12-30T16:30:00+09:00,J1,892,1043,1935
2019-12-30T16:30:00+09:00,J2,760,720,1480
2019-12-30T16:30:00+09:00,J3,1042,957,1999
2019-12-30T16:30:00+09:00,J4,1022,932,1954
2019-12-30T16:30:00+09:00,J5,360,330,690
2019-12-30T16:45:00+09:00,J1,1006,1067,2073
2019-12-30T16:45:00+09:00,J2,873,802,1675
2019-12-30T16:45:00+09:00,J3,1032,899,1931
2019-12-30T16:45:00+09:00,J4,967,910,1877
2019-12-30T16:45:00+09:00,J5,353,356,709
2019-12-30T17:00:00+09:00,J1,1047,1241,2288
2019-12-30T17:00:00+09:00,J2,851,907,1758
2019-12-30T17:00:00+09:00,J3,1205,996,2201
2019-12-30T17:00:00+09:00,J4,987,888,1875
2019-12-30T17:00:00+09:00,J5,339,319,658
2019-12-30T17:15:00+09:00,J1,1153,1169,2322
2019-12-30T17:15:00+09:00,J2,953,774,1727
2019-12-30T17:15:00+09:00,J3,1285,1016,2301
2019-12-30T17:15:00+09:00,J4,921,851,1772
2019-12-30T17:15:00+09:00,J5,310,397,707
2019-12-30T17:30:00+09:00,J1,1123,1186,2309
2019-12-30T17:30:00+09:00,J2,961,770,1731
2019-12-30T17:30:00+09:00,J3,1335,938,2273
2019-12-30T17:30:00+09:00,J4,985,765,1750
2019-12-30T17:30:00+09:00,J5,308,330,638
2019-12-30T17:45:00+09:00,J1,1110,1185,2295
2019-12-30T17:45:00+09:00,J2,867,716,1583
2019-12-30T17:45:00+09:00,J3,1215,1017,2232
2019-12-30T17:45:00+09:00,J4,871,739,1610
2019-12-30T17:45:00+09:00,J5,361,333,694
2019-12-30T18:00:00+09:00,J1,1172,1203,2375
2019-12-30T18:00:00+09:00,J2,880,724,1604
2019-12-30T18:00:00+09:00,J3,1256,922,2178
2019-12-30T18:00:00+09:00,J4,775,747,1522
2019-12-30T18:00:00+09:00,J5,333,325,658
2019-12-30T18:15:00+09:00,J1,1069,1248,2317
2019-12-30T18:15:00+09:00,J2,790,738,1528
2019-12-30T18:15:00+09:00,J3,1316,952,2268
2019-12-30T18:15:00+09:00,J4,906,815,1721
2019-12-30T18:15:00+09:00,J5,328,341,669
2019-12-30T18:30:00+09:00,J1,1020,1063,2083
2019-12-30T18:30:00+09:00,J2,783,679,1462
2019-12-30T18:30:00+09:00,J3,1133,962,2095
2019-12-30T18:30:00+09:00,J4,940,883,1823
2019-12-30T18:30:00+09:00,J5,333,341,674
2019-12-30T18:45:00+09:00,J1,1000,1027,2027
2019-12-30T18:45:00+09:00,J2,791,647,1438
2019-12-30T18:45:00+09:00,J3,1033,950,1983
2019-12-30T18:45:00+09:00,J4,925,880,1805
2019-12-30T18:45:00+09:00,J5,315,358,673
2019-12-30T19:00:00+09:00,J1,936,1016,1952
2019-12-30T19:00:00+09:00,J2,703,589,1292
2019-12-30T19:00:00+09:00,J3,1116,849,1965
2019-12-30T19:00:00+09:00,J4,889,816,1705
2019-12-30T19:00:00+09:00,J5,303,316,619
2019-12-30T19:15:00+09:00,J1,973,964,1937
2019-12-30T19:15:00+09:00,J2,669,553,1222
2019-12-30T19:15:00+09:00,J3,996,961,1957
2019-12-30T19:15:00+09:00,J4,884,842,1726
2019-12-30T19:15:00+09:00,J5,306,352,658
2019-12-30T19:30:00+09:00,J1,852,966,1818
2019-12-30T19:30:00+09:00,J2,571,555,1126
2019-12-30T19:30:00+09:00,J3,958,909,1867
2019-12-30T19:30:00+09:00,J4,901,776,1677
2019-12-30T19:30:00+09:00,J5,298,313,611
2019-12-30T19:45:00+09:00,J1,927,989,1916
2019-12-30T19:45:00+09:00,J2,564,547,1111
2019-12-30T19:45:00+09:00,J3,989,880,1869
2019-12-30T19:45:00+09:00,J4,864,777,1641
2019-12-30T19:45:00+09:00,J5,314,310,624
2019-12-30T20:00:00+09:00,J1,904,1029,1933
2019-12-30T20:00:00+09:00,J2,586,485,1071
2019-12-30T20:00:00+09:00,J3,948,860,1808
2019-12-30T20:00:00+09:00,J4,802,808,1610
2019-12-30T20:00:00+09:00,J5,333,300,633
2019-12-30T20:15:00+09:00,J1,901,1006,1907
2019-12-30T20:15:00+09:00,J2,602,528,1130
2019-12-30T20:15:00+09:00,J3,951,892,1843
2019-12-30T20:15:00+09:00,J4,899,764,1663
2019-12-30T20:15:00+09:00,J5,387,368,755
2019-12-30T20:30:00+09:00,J1,935,972,1907
2019-12-30T20:30:00+09:00,J2,566,474,1040
2019-12-30T20:30:00+09:00,J3,933,843,1776
2019-12-30T20:30:00+09:00,J4,920,759,1679
2019-12-30T20:30:00+09:00,J5,334,322,656
2019-12-30T20:45:00+09:00,J1,861,950,1811
2019-12-30T20:45:00+09:00,J2,544,451,995
2019-12-30T20:45:00+09:00,J3,867,817,1684
2019-12-30T20:45:00+09:00,J4,891,893,1784
2019-12-30T20:45:00+09:00,J5,405,441,846
2019-12-30T21:00:00+09:00,J1,759,869,1628
2019-12-30T21:00:00+09:00,J2,712,629,1341
2019-12-30T21:00:00+09:00,J3,723,723,1446
2019-12-30T21:00:00+09:00,J4,813,805,1618
2019-12-30T21:00:00+09:00,J5,363,363,726
2019-12-30T21:15:00+09:00,J1,829,885,1714
2019-12-30T21:15:00+09:00,J2,778,710,1488
2019-12-30T21:15:00+09:00,J3,703,646,1349
2019-12-30T21:15:00+09:00,J4,790,799,1589
2019-12-30T21:15:00+09:00,J5,458,470,928
2019-12-30T21:30:00+09:00,J1,742,810,1552
2019-12-30T21:30:00+09:00,J2,767,707,1474
2019-12-30T21:30:00+09:00,J3,733,695,1428
2019-12-30T21:30:00+09:00,J4,840,777,1617
2019-12-30T21:30:00+09:00,J5,510,553,1063
2019-12-30T21:45:00+09:00,J1,718,783,1501
2019-12-30T21:45:00+09:00,J2,640,660,1300
2019-12-30T21:45:00+09:00,J3,670,674,1344
2019-12-30T21:45:00+09:00,J4,865,805,1670
2019-12-30T21:45:00+09:00,J5,485,600,1085
2019-12-30T22:00:00+09:00,J1,679,811,1490
2019-12-30T22:00:00+09:00,J2,685,723,1408
2019-12-30T22:00:00+09:00,J3,766,772,1538
2019-12-30T22:00:00+09:00,J4,880,800,1680
2019-12-30T22:00:00+09:00,J5,461,478,939
2019-12-30T22:15:00+09:00,J1,706,773,1479
2019-12-30T22:15:00+09:00,J2,651,727,1378
2019-12-30T22:15:00+09:00,J3,853,751,1604
2019-12-30T22:15:00+09:00,J4,834,762,1596
2019-12-30T22:15:00+09:00,J5,441,533,974
2019-12-30T22:30:00+09:00,J1,659,785,1444
2019-12-30T22:30:00+09:00,J2,634,727,1361
2019-12-30T22:30:00+09:00,J3,838,802,1640
2019-12-30T22:30:00+09:00,J4,807,788,1595
2019-12-30T22:30:00+09:00,J5,422,578,1000
2019-12-30T22:45:00+09:00,J1,686,792,1478
2019-12-30T22:45:00+09:00,J2,577,721,1298
2019-12-30T22:45:00+09:00,J3,763,767,1530
2019-12-30T22:45:00+09:00,J4,777,802,1579
2019-12-30T22:45:00+09:00,J5,470,571,1041
2019-12-30T23:00:00+09:00,J1,681,816,1497
2019-12-30T23:00:00+09:00,J2,661,709,1370
2019-12-30T23:00:00+09:00,J3,753,798,1551
2019-12-30T23:00:00+09:00,J4,824,880,1704
2019-12-30T23:00:00+09:00,J5,419,480,899
2019-12-30T23:15:00+09:00,J1,719,771,1490
2019-12-30T23:15:00+09:00,J2,668,773,1441
2019-12-30T23:15:00+09:00,J3,799,803,1602
2019-12-30T23:15:00+09:00,J4,874,853,1727
2019-12-30T23:15:00+09:00,J5,362,435,797
2019-12-30T23:30:00+09:00,J1,713,919,1632
2019-12-30T23:30:00+09:00,J2,702,796,1498
2019-12-30T23:30:00+09:00,J3,677,784,1461
2019-12-30T23:30:00+09:00,J4,803,837,1640
2019-12-30T23:30:00+09:00,J5,353,386,739
2019-12-30T23:45:00+09:00,J1,708,821,1529
2019-12-30T23:45:00+09:00,J2,593,696,1289
2019-12-30T23:45:00+09:00,J3,715,765,1480
2019-12-30T23:45:00+09:00,J4,688,717,1405
2019-12-30T23:45:00+09:00,J5,478,513,991
2019-12-31T00:00:00+09:00,J1,639,693,1332
2019-12-31T00:00:00+09:00,J2,460,436,896
2019-12-31T00:00:00+09:00,J3,801,819,1620
2019-12-31T00:00:00+09:00,J4,747,764,1511
2019-12-31T00:00:00+09:00,J5,488,598,1086
2019-12-31T00:15:00+09:00,J1,496,574,1070
2019-12-31T00:15:00+09:00,J2,402,418,820
2019-12-31T00:15:00+09:00,J3,909,704,1613
2019-12-31T00:15:00+09:00,J4,771,751,1522
2019-12-31T00:15:00+09:00,J5,291,307,598
2019-12-31T00:30:00+09:00,J1,564,588,1152
2019-12-31T00:30:00+09:00,J2,383,464,847
2019-12-31T00:30:00+09:00,J3,824,678,1502
2019-12-31T00:30:00+09:00,J4,855,695,1550
2019-12-31T00:30:00+09:00,J5,229,194,423
2019-12-31T00:45:00+09:00,J1,582,596,1178
2019-12-31T00:45:00+09:00,J2,366,383,749
2019-12-31T00:45:00+09:00,J3,849,684,1533
2019-12-31T00:45:00+09:00,J4,846,668,1514
2019-12-31T00:45:00+09:00,J5,240,214,454
2019-12-31T05:45:00+09:00,J1,723,652,1375
2019-12-31T05:45:00+09:00,J2,660,593,1253
2019-12-31T05:45:00+09:00,J3,603,556,1159
2019-12-31T05:45:00+09:00,J4,453,510,963
2019-12-31T05:45:00+09:00,J5,360,301,661
2019-12-31T06:00:00+09:00,J1,715,650,1365
2019-12-31T06:00:00+09:00,J2,612,629,1241
2019-12-31T06:00:00+09:00,J3,652,620,1272
2019-12-31T06:00:00+09:00,J4,329,413,742
2019-12-31T06:00:00+09:00,J5,311,280,591
2019-12-31T06:15:00+09:00,J1,737,788,1525
2019-12-31T06:15:00+09:00,J2,577,610,1187
2019-12-31T06:15:00+09:00,J3,645,663,1308
2019-12-31T06:15:00+09:00,J4,458,471,929
2019-12-31T06:15:00+09:00,J5,316,271,587
2019-12-31T06:30:00+09:00,J1,673,705,1378
2019-12-31T06:30:00+09:00,J2,595,599,1194
2019-12-31T06:30:00+09:00,J3,664,595,1259
2019-12-31T06:30:00+09:00,J4,425,502,927
2019-12-31T06:30:00+09:00,J5,306,260,566
2019-12-31T06:45:00+09:00,J1,668,664,1332
2019-12-31T06:45:00+09:00,J2,556,577,1133
2019-12-31T06:45:00+09:00,J3,630,648,1278
2019-12-31T06:45:00+09:00,J4,357,416,773
2019-12-31T06:45:00+09:00,J5,278,262,540
2019-12-31T07:00:00+09:00,J1,671,737,1408
2019-12-31T07:00:00+09:00,J2,735,682,1417
2019-12-31T07:00:00+09:00,J3,612,606,1218
2019-12-31T07:00:00+09:00,J4,329,437,766
2019-12-31T07:00:00+09:00,J5,384,314,698
2019-12-31T07:15:00+09:00,J1,794,878,1672
2019-12-31T07:15:00+09:00,J2,755,683,1438
2019-12-31T07:15:00+09:00,J3,702,681,1383
2019-12-31T07:15:00+09:00,J4,427,549,976
2019-12-31T07:15:00+09:00,J5,336,309,645
2019-12-31T07:30:00+09:00,J1,855,961,1816
2019-12-31T07:30:00+09:00,J2,798,692,1490
2019-12-31T07:30:00+09:00,J3,691,721,1412
2019-12-31T07:30:00+09:00,J4,410,548,958
2019-12-31T07:30:00+09:00,J5,403,336,739
2019-12-31T07:45:00+09:00,J1,844,905,1749
2019-12-31T07:45:00+09:00,J2,844,733,1577
2019-12-31T07:45:00+09:00,J3,761,665,1426
2019-12-31T07:45:00+09:00,J4,400,546,946
2019-12-31T07:45:00+09:00,J5,373,333,706
2019-12-31T08:00:00+09:00,J1,858,993,1851
2019-12-31T08:00:00+09:00,J2,742,762,1504
2019-12-31T08:00:00+09:00,J3,985,1019,2004
2019-12-31T08:00:00+09:00,J4,456,541,997
2019-12-31T08:00:00+09:00,J5,464,480,944
2019-12-31T08:15:00+09:00,J1,870,1063,1933
2019-12-31T08:15:00+09:00,J2,767,760,1527
2019-12-31T08:15:00+09:00,J3,866,936,1802
2019-12-31T08:15:00+09:00,J4,471,535,1006
2019-12-31T08:15:00+09:00,J5,566,571,1137
2019-12-31T08:30:00+09:00,J1,918,1060,1978
2019-12-31T08:30:00+09:00,J2,797,723,1520
2019-12-31T08:30:00+09:00,J3,884,837,1721
2019-12-31T08:30:00+09:00,J4,527,544,1071
2019-12-31T08:30:00+09:00,J5,604,618,1222
2019-12-31T08:45:00+09:00,J1,955,1048,2003
2019-12-31T08:45:00+09:00,J2,913,753,1666
2019-12-31T08:45:00+09:00,J3,920,901,1821
2019-12-31T08:45:00+09:00,J4,547,621,1168
2019-12-31T08:45:00+09:00,J5,521,558,1079
2019-12-31T09:00:00+09:00,J1,1024,1026,2050
2019-12-31T09:00:00+09:00,J2,811,755,1566
2019-12-31T09:00:00+09:00,J3,1021,989,2010
2019-12-31T09:00:00+09:00,J4,494,572,1066
2019-12-31T09:00:00+09:00,J5,444,466,910
2019-12-31T09:15:00+09:00,J1,1036,1122,2158
2019-12-31T09:15:00+09:00,J2,851,815,1666
2019-12-31T09:15:00+09:00,J3,879,905,1784
2019-12-31T09:15:00+09:00,J4,375,536,911
2019-12-31T09:15:00+09:00,J5,514,540,1054
2019-12-31T09:30:00+09:00,J1,1003,1032,2035
2019-12-31T09:30:00+09:00,J2,832,788,1620
2019-12-31T09:30:00+09:00,J3,959,927,1886
2019-12-31T09:30:00+09:00,J4,548,623,1171
2019-12-31T09:30:00+09:00,J5,485,566,1051
2019-12-31T09:45:00+09:00,J1,1001,1074,2075
2019-12-31T09:45:00+09:00,J2,761,796,1557
2019-12-31T09:45:00+09:00,J3,912,875,1787
2019-12-31T09:45:00+09:00,J4,576,657,1233
2019-12-31T09:45:00+09:00,J5,458,580,1038
2019-12-31T10:00:00+09:00,J1,1052,1055,2107
2019-12-31T10:00:00+09:00,J2,596,615,1211
2019-12-31T10:00:00+09:00,J3,815,875,1690
2019-12-31T10:00:00+09:00,J4,633,733,1366
2019-12-31T10:00:00+09:00,J5,418,461,879
2019-12-31T10:15:00+09:00,J1,1034,1055,2089
2019-12-31T10:15:00+09:00,J2,536,582,1118
2019-12-31T10:15:00+09:00,J3,852,879,1731
2019-12-31T10:15:00+09:00,J4,650,713,1363
2019-12-31T10:15:00+09:00,J5,429,476,905
2019-12-31T10:30:00+09:00,J1,1008,1067,2075
2019-12-31T10:30:00+09:00,J2,580,623,1203
2019-12-31T10:30:00+09:00,J3,903,902,1805
2019-12-31T10:30:00+09:00,J4,662,714,1376
2019-12-31T10:30:00+09:00,J5,535,564,1099
2019-12-31T10:45:00+09:00,J1,944,985,1929
2019-12-31T10:45:00+09:00,J2,635,619,1254
2019-12-31T10:45:00+09:00,J3,943,885,1828
2019-12-31T10:45:00+09:00,J4,591,722,1313
2019-12-31T10:45:00+09:00,J5,580,663,1243
2019-12-31T11:00:00+09:00,J1,1018,1103,2121
2019-12-31T11:00:00+09:00,J2,550,533,1083
2019-12-31T11:00:00+09:00,J3,1138,1092,2230
2019-12-31T11:00:00+09:00,J4,496,615,1111
2019-12-31T11:00:00+09:00,J5,420,392,812
2019-12-31T11:15:00+09:00,J1,1035,1177,2212
2019-12-31T11:15:00+09:00,J2,606,582,1188
2019-12-31T11:15:00+09:00,J3,1215,1030,2245
2019-12-31T11:15:00+09:00,J4,643,653,1296
2019-12-31T11:15:00+09:00,J5,284,323,607
2019-12-31T11:30:00+09:00,J1,995,1206,2201
2019-12-31T11:30:00+09:00,J2,801,657,1458
2019-12-31T11:30:00+09:00,J3,1116,1179,2295
2019-12-31T11:30:00+09:00,J4,630,674,1304
2019-12-31T11:30:00+09:00,J5,318,295,613
2019-12-31T11:45:00+09:00,J1,1049,1192,2241
2019-12-31T11:45:00+09:00,J2,856,687,1543
2019-12-31T11:45:00+09:00,J3,1160,1125,2285
2019-12-31T11:45:00+09:00,J4,667,686,1353
2019-12-31T11:45:00+09:00,J5,333,327,660
2019-12-31T12:00:00+09:00,J1,1016,1160,2176
2019-12-31T12:00:00+09:00,J2,625,595,1220
2019-12-31T12:00:00+09:00,J3,1047,1014,2061
2019-12-31T12:00:00+09:00,J4,556,658,1214
2019-12-31T12:00:00+09:00,J5,307,260,567
2019-12-31T12:15:00+09:00,J1,1041,1194,2235
2019-12-31T12:15:00+09:00,J2,592,518,1110
2019-12-31T12:15:00+09:00,J3,960,828,1788
2019-12-31T12:15:00+09:00,J4,551,614,1165
2019-12-31T12:15:00+09:00,J5,298,230,528
2019-12-31T12:30:00+09:00,J1,932,1071,2003
2019-12-31T12:30:00+09:00,J2,649,604,1253
2019-12-31T12:30:00+09:00,J3,910,848,1758
2019-12-31T12:30:00+09:00,J4,601,607,1208
2019-12-31T12:30:00+09:00,J5,411,384,795
2019-12-31T12:45:00+09:00,J1,949,1141,2090
2019-12-31T12:45:00+09:00,J2,823,679,1502
2019-12-31T12:45:00+09:00,J3,970,947,1917
2019-12-31T12:45:00+09:00,J4,593,666,1259
2019-12-31T12:45:00+09:00,J5,482,532,1014
2019-12-31T13:00:00+09:00,J1,970,1063,2033
2019-12-31T13:00:00+09:00,J2,806,708,1514
2019-12-31T13:00:00+09:00,J3,1008,950,1958
2019-12-31T13:00:00+09:00,J4,615,692,1307
2019-12-31T13:00:00+09:00,J5,528,498,1026
2019-12-31T13:15:00+09:00,J1,915,1096,2011
2019-12-31T13:15:00+09:00,J2,813,680,1493
2019-12-31T13:15:00+09:00,J3,919,993,1912
2019-12-31T13:15:00+09:00,J4,606,782,1388
2019-12-31T13:15:00+09:00,J5,369,274,643
2019-12-31T13:30:00+09:00,J1,980,1142,2122
2019-12-31T13:30:00+09:00,J2,731,749,1480
2019-12-31T13:30:00+09:00,J3,946,909,1855
2019-12-31T13:30:00+09:00,J4,703,758,1461
2019-12-31T13:30:00+09:00,J5,365,350,715
2019-12-31T13:45:00+09:00,J1,1011,1080,2091
2019-12-31T13:45:00+09:00,J2,778,766,1544
2019-12-31T13:45:00+09:00,J3,957,995,1952
2019-12-31T13:45:00+09:00,J4,761,745,1506
2019-12-31T13:45:00+09:00,J5,352,375,727
2019-12-31T14:00:00+09:00,J1,947,1102,2049
2019-12-31T14:00:00+09:00,J2,773,763,1536
2019-12-31T14:00:00+09:00,J3,952,989,1941
2019-12-31T14:00:00+09:00,J4,805,795,1600
2019-12-31T14:00:00+09:00,J5,328,397,725
2019-12-31T14:15:00+09:00,J1,992,1106,2098
2019-12-31T14:15:00+09:00,J2,808,782,1590
2019-12-31T14:15:00+09:00,J3,1078,935,2013
2019-12-31T14:15:00+09:00,J4,871,846,1717
2019-12-31T14:15:00+09:00,J5,366,380,746
2019-12-31T14:30:00+09:00,J1,909,1124,2033
2019-12-31T14:30:00+09:00,J2,784,759,1543
2019-12-31T14:30:00+09:00,J3,998,996,1994
2019-12-31T14:30:00+09:00,J4,758,809,1567
2019-12-31T14:30:00+09:00,J5,367,374,741
2019-12-31T14:45:00+09:00,J1,975,1127,2102
2019-12-31T14:45:00+09:00,J2,740,807,1547
2019-12-31T14:45:00+09:00,J3,1052,1027,2079
2019-12-31T14:45:00+09:00,J4,807,790,1597
2019-12-31T14:45:00+09:00,J5,400,365,765
2019-12-31T15:00:00+09:00,J1,941,1086,2027
2019-12-31T15:00:00+09:00,J2,769,792,1561
2019-12-31T15:00:00+09:00,J3,1030,948,1978
2019-12-31T15:00:00+09:00,J4,845,812,1657
2019-12-31T15:00:00+09:00,J5,345,355,700
2019-12-31T15:15:00+09:00,J1,993,1169,2162
2019-12-31T15:15:00+09:00,J2,705,717,1422
2019-12-31T15:15:00+09:00,J3,1066,992,2058
2019-12-31T15:15:00+09:00,J4,843,830,1673
2019-12-31T15:15:00+09:00,J5,400,339,739
2019-12-31T15:30:00+09:00,J1,941,1146,2087
2019-12-31T15:30:00+09:00,J2,741,747,1488
2019-12-31T15:30:00+09:00,J3,960,970,1930
2019-12-31T15:30:00+09:00,J4,858,778,1636
2019-12-31T15:30:00+09:00,J5,405,398,803
2019-12-31T15:45:00+09:00,J1,922,1191,2113
2019-12-31T15:45:00+09:00,J2,725,645,1370
2019-12-31T15:45:00+09:00,J3,1058,964,2022
2019-12-31T15:45:00+09:00,J4,818,773,1591
2019-12-31T15:45:00+09:00,J5,399,442,841
2019-12-31T16:00:00+09:00,J1,1041,1137,2178
2019-12-31T16:00:00+09:00,J2,672,596,1268
2019-12-31T16:00:00+09:00,J3,1180,947,2127
2019-12-31T16:00:00+09:00,J4,749,797,1546
2019-12-31T16:00:00+09:00,J5,547,544,1091
2019-12-31T16:15:00+09:00,J1,1005,1185,2190
2019-12-31T16:15:00+09:00,J2,817,802,1619
2019-12-31T16:15:00+09:00,J3,1197,1056,2253
2019-12-31T16:15:00+09:00,J4,841,826,1667
2019-12-31T16:15:00+09:00,J5,525,522,1047
2019-12-31T16:30:00+09:00,J1,1089,1139,2228
2019-12-31T16:30:00+09:00,J2,865,802,1667
2019-12-31T16:30:00+09:00,J3,1228,1001,2229
2019-12-31T16:30:00+09:00,J4,792,773,1565
2019-12-31T16:30:00+09:00,J5,606,615,1221
2019-12-31T16:45:00+09:00,J1,1040,1220,2260
2019-12-31T16:45:00+09:00,J2,729,670,1399
2019-12-31T16:45:00+09:00,J3,1283,1094,2377
2019-12-31T16:45:00+09:00,J4,838,781,1619
2019-12-31T16:45:00+09:00,J5,555,584,1139
2019-12-31T17:00:00+09:00,J1,1064,1191,2255
2019-12-31T17:00:00+09:00,J2,777,677,1454
2019-12-31T17:00:00+09:00,J3,1347,1156,2503
2019-12-31T17:00:00+09:00,J4,873,791,1664
2019-12-31T17:00:00+09:00,J5,580,609,1189
2019-12-31T17:15:00+09:00,J1,1003,1190,2193
2019-12-31T17:15:00+09:00,J2,685,690,1375
2019-12-31T17:15:00+09:00,J3,1308,1112,2420
2019-12-31T17:15:00+09:00,J4,868,848,1716
2019-12-31T17:15:00+09:00,J5,490,506,996
2019-12-31T17:30:00+09:00,J1,1076,1205,2281
2019-12-31T17:30:00+09:00,J2,841,791,1632
2019-12-31T17:30:00+09:00,J3,1543,1227,2770
2019-12-31T17:30:00+09:00,J4,795,737,1532
2019-12-31T17:30:00+09:00,J5,543,524,1067
2019-12-31T17:45:00+09:00,J1,1066,1206,2272
2019-12-31T17:45:00+09:00,J2,838,851,1689
2019-12-31T17:45:00+09:00,J3,1513,1165,2678
2019-12-31T17:45:00+09:00,J4,732,744,1476
2019-12-31T17:45:00+09:00,J5,591,591,1182
2019-12-31T18:00:00+09:00,J1,1133,1205,2338
2019-12-31T18:00:00+09:00,J2,815,680,1495
2019-12-31T18:00:00+09:00,J3,1416,1152,2568
2019-12-31T18:00:00+09:00,J4,765,759,1524
2019-12-31T18:00:00+09:00,J5,595,570,1165
2019-12-31T18:15:00+09:00,J1,1084,1209,2293
2019-12-31T18:15:00+09:00,J2,792,656,1448
2019-12-31T18:15:00+09:00,J3,1463,1085,2548
2019-12-31T18:15:00+09:00,J4,599,511,1110
2019-12-31T18:15:00+09:00,J5,534,542,1076
2019-12-31T18:30:00+09:00,J1,1080,1018,2098
2019-12-31T18:30:00+09:00,J2,689,567,1256
2019-12-31T18:30:00+09:00,J3,1037,882,1919
2019-12-31T18:30:00+09:00,J4,571,604,1175
2019-12-31T18:30:00+09:00,J5,498,487,985
2019-12-31T18:45:00+09:00,J1,1040,1079,2119
2019-12-31T18:45:00+09:00,J2,763,707,1470
2019-12-31T18:45:00+09:00,J3,993,850,1843
2019-12-31T18:45:00+09:00,J4,740,763,1503
2019-12-31T18:45:00+09:00,J5,531,489,1020
2019-12-31T19:00:00+09:00,J1,806,827,1633
2019-12-31T19:00:00+09:00,J2,407,358,765
2019-12-31T19:00:00+09:00,J3,756,665,1421
2019-12-31T19:00:00+09:00,J4,656,681,1337
2019-12-31T19:00:00+09:00,J5,440,413,853
2019-12-31T19:15:00+09:00,J1,1235,1228,2463
2019-12-31T19:15:00+09:00,J2,648,606,1254
2019-12-31T19:15:00+09:00,J3,1181,955,2136
2019-12-31T19:15:00+09:00,J4,821,950,1771
2019-12-31T19:15:00+09:00,J5,598,603,1201
2019-12-31T19:30:00+09:00,J1,966,1111,2077
2019-12-31T19:30:00+09:00,J2,493,482,975
2019-12-31T19:30:00+09:00,J3,741,678,1419
2019-12-31T19:30:00+09:00,J4,691,706,1397
2019-12-31T19:30:00+09:00,J5,463,438,901
2019-12-31T19:45:00+09:00,J1,944,1078,2022
2019-12-31T19:45:00+09:00,J2,476,448,924
2019-12-31T19:45:00+09:00,J3,839,772,1611
2019-12-31T19:45:00+09:00,J4,552,586,1138
2019-12-31T19:45:00+09:00,J5,437,464,901
2019-12-31T20:00:00+09:00,J1,986,1043,2029
2019-12-31T20:00:00+09:00,J2,490,468,958
2019-12-31T20:00:00+09:00,J3,954,830,1784
2019-12-31T20:00:00+09:00,J4,571,582,1153
2019-12-31T20:00:00+09:00,J5,449,435,884
2019-12-31T20:15:00+09:00,J1,1004,1044,2048
2019-12-31T20:15:00+09:00,J2,478,434,912
2019-12-31T20:15:00+09:00,J3,1104,962,2066
2019-12-31T20:15:00+09:00,J4,542,589,1131
2019-12-31T20:15:00+09:00,J5,440,424,864
2019-12-31T20:30:00+09:00,J1,963,1034,1997
2019-12-31T20:30:00+09:00,J2,515,503,1018
2019-12-31T20:30:00+09:00,J3,1037,926,1963
2019-12-31T20:30:00+09:00,J4,557,598,1155
2019-12-31T20:30:00+09:00,J5,455,433,888
2019-12-31T20:45:00+09:00,J1,931,955,1886
2019-12-31T20:45:00+09:00,J2,485,475,960
2019-12-31T20:45:00+09:00,J3,1035,922,1957
2019-12-31T20:45:00+09:00,J4,579,571,1150
2019-12-31T20:45:00+09:00,J5,446,449,895
2019-12-31T21:00:00+09:00,J1,936,1050,1986
2019-12-31T21:00:00+09:00,J2,599,563,1162
2019-12-31T21:00:00+09:00,J3,772,662,1434
2019-12-31T21:00:00+09:00,J4,459,560,1019
2019-12-31T21:00:00+09:00,J5,433,454,887
2019-12-31T21:15:00+09:00,J1,898,1066,1964
2019-12-31T21:15:00+09:00,J2,534,583,1117
2019-12-31T21:15:00+09:00,J3,716,609,1325
2019-12-31T21:15:00+09:00,J4,497,502,999
2019-12-31T21:15:00+09:00,J5,454,485,939
2019-12-31T21:30:00+09:00,J1,910,1071,1981
2019-12-31T21:30:00+09:00,J2,689,710,1399
2019-12-31T21:30:00+09:00,J3,669,577,1246
2019-12-31T21:30:00+09:00,J4,474,444,918
2019-12-31T21:30:00+09:00,J5,519,531,1050
2019-12-31T21:45:00+09:00,J1,943,928,1871
2019-12-31T21:45:00+09:00,J2,753,767,1520
2019-12-31T21:45:00+09:00,J3,706,655,1361
2019-12-31T21:45:00+09:00,J4,460,476,936
2019-12-31T21:45:00+09:00,J5,605,598,1203
2019-12-31T22:00:00+09:00,J1,923,966,1889
2019-12-31T22:00:00+09:00,J2,763,694,1457
2019-12-31T22:00:00+09:00,J3,750,674,1424
2019-12-31T22:00:00+09:00,J4,457,457,914
2019-12-31T22:00:00+09:00,J5,539,529,1068
2019-12-31T22:15:00+09:00,J1,923,1010,1933
2019-12-31T22:15:00+09:00,J2,691,674,1365
2019-12-31T22:15:00+09:00,J3,709,578,1287
2019-12-31T22:15:00+09:00,J4,452,495,947
2019-12-31T22:15:00+09:00,J5,516,465,981
2019-12-31T22:30:00+09:00,J1,971,970,1941
2019-12-31T22:30:00+09:00,J2,697,696,1393
2019-12-31T22:30:00+09:00,J3,764,545,1309
2019-12-31T22:30:00+09:00,J4,537,510,1047
2019-12-31T22:30:00+09:00,J5,492,514,1006
2019-12-31T22:45:00+09:00,J1,843,942,1785
2019-12-31T22:45:00+09:00,J2,750,730,1480
2019-12-31T22:45:00+09:00,J3,682,575,1257
2019-12-31T22:45:00+09:00,J4,469,514,983
2019-12-31T22:45:00+09:00,J5,571,548,1119
2019-12-31T23:00:00+09:00,J1,910,1057,1967
2019-12-31T23:00:00+09:00,J2,653,666,1319
2019-12-31T23:00:00+09:00,J3,764,622,1386
2019-12-31T23:00:00+09:00,J4,457,431,888
2019-12-31T23:00:00+09:00,J5,571,557,1128
2019-12-31T23:15:00+09:00,J1,927,956,1883
2019-12-31T23:15:00+09:00,J2,594,651,1245
2019-12-31T23:15:00+09:00,J3,679,681,1360
2019-12-31T23:15:00+09:00,J4,448,478,926
2019-12-31T23:15:00+09:00,J5,567,518,1085
2019-12-31T23:30:00+09:00,J1,877,940,1817
2019-12-31T23:30:00+09:00,J2,720,644,1364
2019-12-31T23:30:00+09:00,J3,688,601,1289
2019-12-31T23:30:00+09:00,J4,423,454,877
2019-12-31T23:30:00+09:00,J5,537,523,1060
2019-12-31T23:45:00+09:00,J1,949,940,1889
2019-12-31T23:45:00+09:00,J2,697,648,1345
2019-12-31T23:45:00+09:00,J3,685,589,1274
2019-12-31T23:45:00+09:00,J4,457,486,943
2019-12-31T23:45:00+09:00,J5,627,564,1191
2020-01-01T00:00:00+09:00,J1,842,873,1715
2020-01-01T00:00:00+09:00,J2,713,699,1412
2020-01-01T00:00:00+09:00,J3,636,573,1209
2020-01-01T00:00:00+09:00,J4,519,572,1091
2020-01-01T00:00:00+09:00,J5,592,568,1160
2020-01-01T00:15:00+09:00,J1,690,651,1341
2020-01-01T00:15:00+09:00,J2,637,603,1240
2020-01-01T00:15:00+09:00,J3,810,729,1539
2020-01-01T00:15:00+09:00,J4,461,486,947
2020-01-01T00:15:00+09:00,J5,664,569,1233
2020-01-01T00:30:00+09:00,J1,668,681,1349
2020-01-01T00:30:00+09:00,J2,661,585,1246
2020-01-01T00:30:00+09:00,J3,933,750,1683
2020-01-01T00:30:00+09:00,J4,370,396,766
2020-01-01T00:30:00+09:00,J5,626,546,1172
2020-01-01T00:45:00+09:00,J1,706,632,1338
2020-01-01T00:45:00+09:00,J2,661,630,1291
2020-01-01T00:45:00+09:00,J3,923,731,1654
2020-01-01T00:45:00+09:00,J4,333,376,709
2020-01-01T00:45:00+09:00,J5,618,592,1210
