日時,アレイ,札幌→大通り,大通り→札幌,合計
2019-04-01T05:45:00+09:00,J1,757,769,1526
2019-04-01T05:45:00+09:00,J2,520,527,1047
2019-04-01T05:45:00+09:00,J3,733,673,1406
2019-04-01T05:45:00+09:00,J4,812,749,1561
2019-04-01T05:45:00+09:00,J5,547,564,1111
2019-04-01T06:00:00+09:00,J1,707,688,1395
2019-04-01T06:00:00+09:00,J2,542,434,976
2019-04-01T06:00:00+09:00,J3,545,547,1092
2019-04-01T06:00:00+09:00,J4,825,790,1615
2019-04-01T06:00:00+09:00,J5,605,512,1117
2019-04-01T06:15:00+09:00,J1,802,892,1694
2019-04-01T06:15:00+09:00,J2,478,455,933
2019-04-01T06:15:00+09:00,J3,574,591,1165
2019-04-01T06:15:00+09:00,J4,868,704,1572
2019-04-01T06:15:00+09:00,J5,595,550,1145
2019-04-01T06:30:00+09:00,J1,861,885,1746
2019-04-01T06:30:00+09:00,J2,437,441,878
2019-04-01T06:30:00+09:00,J3,559,567,1126
2019-04-01T06:30:00+09:00,J4,813,762,1575
2019-04-01T06:30:00+09:00,J5,577,528,1105
2019-04-01T06:45:00+09:00,J1,851,921,1772
2019-04-01T06:45:00+09:00,J2,581,520,1101
2019-04-01T06:45:00+09:00,J3,637,559,1196
2019-04-01T06:45:00+09:00,J4,860,727,1587
2019-04-01T06:45:00+09:00,J5,566,540,1106
2019-04-01T07:00:00+09:00,J1,895,992,1887
2019-04-01T07:00:00+09:00,J2,661,681,1342
2019-04-01T07:00:00+09:00,J3,699,585,1284
2019-04-01T07:00:00+09:00,J4,841,758,1599
2019-04-01T07:00:00+09:00,J5,623,577,1200
2019-04-01T07:15:00+09:00,J1,1017,1032,2049
2019-04-01T07:15:00+09:00,J2,764,668,1432
2019-04-01T07:15:00+09:00,J3,704,657,1361
2019-04-01T07:15:00+09:00,J4,880,852,1732
2019-04-01T07:15:00+09:00,J5,593,536,1129
2019-04-01T07:30:00+09:00,J1,1189,1188,2377
2019-04-01T07:30:00+09:00,J2,651,696,1347
2019-04-01T07:30:00+09:00,J3,1221,1085,2306
2019-04-01T07:30:00+09:00,J4,1036,942,1978
2019-04-01T07:30:00+09:00,J5,603,548,1151
2019-04-01T07:45:00+09:00,J1,1266,1259,2525
2019-04-01T07:45:00+09:00,J2,771,618,1389
2019-04-01T07:45:00+09:00,J3,1223,1117,2340
2019-04-01T07:45:00+09:00,J4,862,1100,1962
2019-04-01T07:45:00+09:00,J5,834,786,1620
2019-04-01T08:00:00+09:00,J1,1420,1361,2781
2019-04-01T08:00:00+09:00,J2,1054,822,1876
2019-04-01T08:00:00+09:00,J3,1347,1354,2701
2019-04-01T08:00:00+09:00,J4,781,1077,1858
2019-04-01T08:00:00+09:00,J5,669,683,1352
2019-04-01T08:15:00+09:00,J1,1482,1284,2766
2019-04-01T08:15:00+09:00,J2,1092,647,1739
2019-04-01T08:15:00+09:00,J3,1474,1413,2887
2019-04-01T08:15:00+09:00,J4,683,1138,1821
2019-04-01T08:15:00+09:00,J5,622,645,1267
2019-04-01T08:30:00+09:00,J1,1471,1372,2843
2019-04-01T08:30:00+09:00,J2,1109,609,1718
2019-04-01T08:30:00+09:00,J3,1295,1421,2716
2019-04-01T08:30:00+09:00,J4,598,1049,1647
2019-04-01T08:30:00+09:00,J5,574,591,1165
2019-04-01T08:45:00+09:00,J1,1364,1314,2678
2019-04-01T08:45:00+09:00,J2,739,598,1337
2019-04-01T08:45:00+09:00,J3,1228,1134,2362
2019-04-01T08:45:00+09:00,J4,632,820,1452
2019-04-01T08:45:00+09:00,J5,624,655,1279
2019-04-01T09:00:00+09:00,J1,1250,1232,2482
2019-04-01T09:00:00+09:00,J2,788,629,1417
2019-04-01T09:00:00+09:00,J3,1081,971,2052
2019-04-01T09:00:00+09:00,J4,687,834,1521
2019-04-01T09:00:00+09:00,J5,592,632,1224
2019-04-01T09:15:00+09:00,J1,1221,1196,2417
2019-04-01T09:15:00+09:00,J2,763,598,1361
2019-04-01T09:15:00+09:00,J3,1025,961,1986
2019-04-01T09:15:00+09:00,J4,686,907,1593
2019-04-01T09:15:00+09:00,J5,464,480,944
2019-04-01T09:30:00+09:00,J1,1259,1118,2377
2019-04-01T09:30:00+09:00,J2,788,600,1388
2019-04-01T09:30:00+09:00,J3,1075,929,2004
2019-04-01T09:30:00+09:00,J4,713,934,1647
2019-04-01T09:30:00+09:00,J5,385,462,847
2019-04-01T09:45:00+09:00,J1,1207,1127,2334
2019-04-01T09:45:00+09:00,J2,681,532,1213
2019-04-01T09:45:00+09:00,J3,1035,962,1997
2019-04-01T09:45:00+09:00,J4,609,854,1463
2019-04-01T09:45:00+09:00,J5,367,397,764
2019-04-01T10:00:00+09:00,J1,1145,1167,2312
2019-04-01T10:00:00+09:00,J2,572,570,1142
2019-04-01T10:00:00+09:00,J3,1053,898,1951
2019-04-01T10:00:00+09:00,J4,624,809,1433
2019-04-01T10:00:00+09:00,J5,322,387,709
2019-04-01T10:15:00+09:00,J1,1152,1138,2290
2019-04-01T10:15:00+09:00,J2,724,633,1357
2019-04-01T10:15:00+09:00,J3,1017,824,1841
2019-04-01T10:15:00+09:00,J4,674,865,1539
2019-04-01T10:15:00+09:00,J5,341,418,759
2019-04-01T10:30:00+09:00,J1,1215,1225,2440
2019-04-01T10:30:00+09:00,J2,625,653,1278
2019-04-01T10:30:00+09:00,J3,937,820,1757
2019-04-01T10:30:00+09:00,J4,605,843,1448
2019-04-01T10:30:00+09:00,J5,375,409,784
2019-04-01T10:45:00+09:00,J1,1121,1161,2282
2019-04-01T10:45:00+09:00,J2,632,667,1299
2019-04-01T10:45:00+09:00,J3,988,885,1873
2019-04-01T10:45:00+09:00,J4,681,838,1519
2019-04-01T10:45:00+09:00,J5,384,427,811
2019-04-01T11:00:00+09:00,J1,1064,1130,2194
2019-04-01T11:00:00+09:00,J2,641,659,1300
2019-04-01T11:00:00+09:00,J3,1058,932,1990
2019-04-01T11:00:00+09:00,J4,613,815,1428
2019-04-01T11:00:00+09:00,J5,379,428,807
2019-04-01T11:15:00+09:00,J1,1243,1258,2501
2019-04-01T11:15:00+09:00,J2,600,678,1278
2019-04-01T11:15:00+09:00,J3,1187,1012,2199
2019-04-01T11:15:00+09:00,J4,639,796,1435
2019-04-01T11:15:00+09:00,J5,561,603,1164
2019-04-01T11:30:00+09:00,J1,1179,1298,2477
2019-04-01T11:30:00+09:00,J2,566,617,1183
2019-04-01T11:30:00+09:00,J3,1062,990,2052
2019-04-01T11:30:00+09:00,J4,620,767,1387
2019-04-01T11:30:00+09:00,J5,588,634,1222
2019-04-01T11:45:00+09:00,J1,1223,1325,2548
2019-04-01T11:45:00+09:00,J2,780,637,1417
2019-04-01T11:45:00+09:00,J3,875,743,1618
2019-04-01T11:45:00+09:00,J4,632,830,1462
2019-04-01T11:45:00+09:00,J5,689,655,1344
2019-04-01T12:00:00+09:00,J1,1200,1311,2511
2019-04-01T12:00:00+09:00,J2,869,641,1510
2019-04-01T12:00:00+09:00,J3,812,824,1636
2019-04-01T12:00:00+09:00,J4,681,776,1457
2019-04-01T12:00:00+09:00,J5,702,683,1385
2019-04-01T12:15:00+09:00,J1,1088,1257,2345
2019-04-01T12:15:00+09:00,J2,933,618,1551
2019-04-01T12:15:00+09:00,J3,903,809,1712
2019-04-01T12:15:00+09:00,J4,712,727,1439
2019-04-01T12:15:00+09:00,J5,667,624,1291
2019-04-01T12:30:00+09:00,J1,1136,1246,2382
2019-04-01T12:30:00+09:00,J2,914,567,1481
2019-04-01T12:30:00+09:00,J3,1001,923,1924
2019-04-01T12:30:00+09:00,J4,587,687,1274
2019-04-01T12:30:00+09:00,J5,462,491,953
2019-04-01T12:45:00+09:00,J1,1109,1298,2407
2019-04-01T12:45:00+09:00,J2,920,716,1636
2019-04-01T12:45:00+09:00,J3,939,967,1906
2019-04-01T12:45:00+09:00,J4,655,714,1369
2019-04-01T12:45:00+09:00,J5,382,410,792
2019-04-01T13:00:00+09:00,J1,1096,1284,2380
2019-04-01T13:00:00+09:00,J2,951,744,1695
2019-04-01T13:00:00+09:00,J3,1024,935,1959
2019-04-01T13:00:00+09:00,J4,655,727,1382
2019-04-01T13:00:00+09:00,J5,392,436,828
2019-04-01T13:15:00+09:00,J1,1019,1298,2317
2019-04-01T13:15:00+09:00,J2,967,777,1744
2019-04-01T13:15:00+09:00,J3,985,946,1931
2019-04-01T13:15:00+09:00,J4,670,721,1391
2019-04-01T13:15:00+09:00,J5,384,446,830
2019-04-01T13:30:00+09:00,J1,1165,1267,2432
2019-04-01T13:30:00+09:00,J2,930,739,1669
2019-04-01T13:30:00+09:00,J3,954,1044,1998
2019-04-01T13:30:00+09:00,J4,732,791,1523
2019-04-01T13:30:00+09:00,J5,370,458,828
2019-04-01T13:45:00+09:00,J1,1103,1198,2301
2019-04-01T13:45:00+09:00,J2,967,736,1703
2019-04-01T13:45:00+09:00,J3,874,951,1825
2019-04-01T13:45:00+09:00,J4,764,736,1500
2019-04-01T13:45:00+09:00,J5,402,504,906
2019-04-01T14:00:00+09:00,J1,1050,1189,2239
2019-04-01T14:00:00+09:00,J2,968,726,1694
2019-04-01T14:00:00+09:00,J3,1031,906,1937
2019-04-01T14:00:00+09:00,J4,701,802,1503
2019-04-01T14:00:00+09:00,J5,442,471,913
2019-04-01T14:15:00+09:00,J1,1118,1301,2419
2019-04-01T14:15:00+09:00,J2,956,764,1720
2019-04-01T14:15:00+09:00,J3,1009,968,1977
2019-04-01T14:15:00+09:00,J4,732,845,1577
2019-04-01T14:15:00+09:00,J5,427,428,855
2019-04-01T14:30:00+09:00,J1,1086,1227,2313
2019-04-01T14:30:00+09:00,J2,905,751,1656
2019-04-01T14:30:00+09:00,J3,1007,965,1972
2019-04-01T14:30:00+09:00,J4,767,735,1502
2019-04-01T14:30:00+09:00,J5,389,426,815
2019-04-01T14:45:00+09:00,J1,1050,1262,2312
2019-04-01T14:45:00+09:00,J2,892,842,1734
2019-04-01T14:45:00+09:00,J3,925,981,1906
2019-04-01T14:45:00+09:00,J4,747,671,1418
2019-04-01T14:45:00+09:00,J5,416,392,808
2019-04-01T15:00:00+09:00,J1,1095,1268,2363
2019-04-01T15:00:00+09:00,J2,882,822,1704
2019-04-01T15:00:00+09:00,J3,965,1020,1985
2019-04-01T15:00:00+09:00,J4,706,724,1430
2019-04-01T15:00:00+09:00,J5,463,392,855
2019-04-01T15:15:00+09:00,J1,1114,1313,2427
2019-04-01T15:15:00+09:00,J2,789,978,1767
2019-04-01T15:15:00+09:00,J3,1099,1149,2248
2019-04-01T15:15:00+09:00,J4,763,790,1553
2019-04-01T15:15:00+09:00,J5,457,443,900
2019-04-01T15:30:00+09:00,J1,1092,1321,2413
2019-04-01T15:30:00+09:00,J2,824,931,1755
2019-04-01T15:30:00+09:00,J3,1195,1110,2305
2019-04-01T15:30:00+09:00,J4,739,709,1448
2019-04-01T15:30:00+09:00,J5,464,419,883
2019-04-01T15:45:00+09:00,J1,1122,1315,2437
2019-04-01T15:45:00+09:00,J2,805,829,1634
2019-04-01T15:45:00+09:00,J3,1126,1006,2132
2019-04-01T15:45:00+09:00,J4,710,676,1386
2019-04-01T15:45:00+09:00,J5,517,436,953
2019-04-01T16:00:00+09:00,J1,1133,1353,2486
2019-04-01T16:00:00+09:00,J2,679,694,1373
2019-04-01T16:00:00+09:00,J3,1220,933,2153
2019-04-01T16:00:00+09:00,J4,626,681,1307
2019-04-01T16:00:00+09:00,J5,481,456,937
2019-04-01T16:15:00+09:00,J1,1136,1329,2465
2019-04-01T16:15:00+09:00,J2,717,788,1505
2019-04-01T16:15:00+09:00,J3,1201,995,2196
2019-04-01T16:15:00+09:00,J4,712,742,1454
2019-04-01T16:15:00+09:00,J5,490,419,909
2019-04-01T16:30:00+09:00,J1,1070,1248,2318
2019-04-01T16:30:00+09:00,J2,667,784,1451
2019-04-01T16:30:00+09:00,J3,1166,890,2056
2019-04-01T16:30:00+09:00,J4,728,760,1488
2019-04-01T16:30:00+09:00,J5,490,486,976
2019-04-01T16:45:00+09:00,J1,1081,1196,2277
2019-04-01T16:45:00+09:00,J2,646,750,1396
2019-04-01T16:45:00+09:00,J3,1176,885,2061
2019-04-01T16:45:00+09:00,J4,650,733,1383
2019-04-01T16:45:00+09:00,J5,508,513,1021
2019-04-01T17:00:00+09:00,J1,1163,1314,2477
2019-04-01T17:00:00+09:00,J2,720,856,1576
2019-04-01T17:00:00+09:00,J3,1287,1064,2351
2019-04-01T17:00:00+09:00,J4,659,672,1331
2019-04-01T17:00:00+09:00,J5,543,559,1102
2019-04-01T17:15:00+09:00,J1,1174,1362,2536
2019-04-01T17:15:00+09:00,J2,775,943,1718
2019-04-01T17:15:00+09:00,J3,1367,1022,2389
2019-04-01T17:15:00+09:00,J4,818,794,1612
2019-04-01T17:15:00+09:00,J5,563,571,1134
2019-04-01T17:30:00+09:00,J1,1078,1353,2431
2019-04-01T17:30:00+09:00,J2,799,934,1733
2019-04-01T17:30:00+09:00,J3,1299,1064,2363
2019-04-01T17:30:00+09:00,J4,953,879,1832
2019-04-01T17:30:00+09:00,J5,565,613,1178
2019-04-01T17:45:00+09:00,J1,1142,1368,2510
2019-04-01T17:45:00+09:00,J2,779,983,1762
2019-04-01T17:45:00+09:00,J3,1427,1074,2501
2019-04-01T17:45:00+09:00,J4,934,803,1737
2019-04-01T17:45:00+09:00,J5,537,573,1110
2019-04-01T18:00:00+09:00,J1,1201,1402,2603
2019-04-01T18:00:00+09:00,J2,847,1050,1897
2019-04-01T18:00:00+09:00,J3,1427,1130,2557
2019-04-01T18:00:00+09:00,J4,886,753,1639
2019-04-01T18:00:00+09:00,J5,535,555,1090
2019-04-01T18:15:00+09:00,J1,1221,1363,2584
2019-04-01T18:15:00+09:00,J2,787,971,1758
2019-04-01T18:15:00+09:00,J3,1394,1049,2443
2019-04-01T18:15:00+09:00,J4,875,801,1676
2019-04-01T18:15:00+09:00,J5,560,548,1108
2019-04-01T18:30:00+09:00,J1,1192,1283,2475
2019-04-01T18:30:00+09:00,J2,798,829,1627
2019-04-01T18:30:00+09:00,J3,1247,888,2135
2019-04-01T18:30:00+09:00,J4,858,818,1676
2019-04-01T18:30:00+09:00,J5,512,486,998
2019-04-01T18:45:00+09:00,J1,1168,1281,2449
2019-04-01T18:45:00+09:00,J2,687,833,1520
2019-04-01T18:45:00+09:00,J3,1113,902,2015
2019-04-01T18:45:00+09:00,J4,825,727,1552
2019-04-01T18:45:00+09:00,J5,425,507,932
2019-04-01T19:00:00+09:00,J1,1147,1209,2356
2019-04-01T19:00:00+09:00,J2,687,844,1531
2019-04-01T19:00:00+09:00,J3,1195,898,2093
2019-04-01T19:00:00+09:00,J4,843,819,1662
2019-04-01T19:00:00+09:00,J5,468,470,938
2019-04-01T19:15:00+09:00,J1,1068,1249,2317
2019-04-01T19:15:00+09:00,J2,745,1029,1774
2019-04-01T19:15:00+09:00,J3,1137,897,2034
2019-04-01T19:15:00+09:00,J4,832,878,1710
2019-04-01T19:15:00+09:00,J5,492,485,977
2019-04-01T19:30:00+09:00,J1,1063,1282,2345
2019-04-01T19:30:00+09:00,J2,676,893,1569
2019-04-01T19:30:00+09:00,J3,1107,865,1972
2019-04-01T19:30:00+09:00,J4,840,813,1653
2019-04-01T19:30:00+09:00,J5,467,467,934
2019-04-01T19:45:00+09:00,J1,1071,1243,2314
2019-04-01T19:45:00+09:00,J2,602,716,1318
2019-04-01T19:45:00+09:00,J3,964,807,1771
2019-04-01T19:45:00+09:00,J4,758,803,1561
2019-04-01T19:45:00+09:00,J5,457,398,855
2019-04-01T20:00:00+09:00,J1,1034,1376,2410
2019-04-01T20:00:00+09:00,J2,630,781,1411
2019-04-01T20:00:00+09:00,J3,1008,884,1892
2019-04-01T20:00:00+09:00,J4,732,809,1541
2019-04-01T20:00:00+09:00,J5,474,423,897
2019-04-01T20:15:00+09:00,J1,1038,1189,2227
2019-04-01T20:15:00+09:00,J2,596,767,1363
2019-04-01T20:15:00+09:00,J3,949,772,1721
2019-04-01T20:15:00+09:00,J4,783,836,1619
2019-04-01T20:15:00+09:00,J5,397,404,801
2019-04-01T20:30:00+09:00,J1,1038,1284,2322
2019-04-01T20:30:00+09:00,J2,583,679,1262
2019-04-01T20:30:00+09:00,J3,967,790,1757
2019-04-01T20:30:00+09:00,J4,797,775,1572
2019-04-01T20:30:00+09:00,J5,414,391,805
2019-04-01T20:45:00+09:00,J1,993,1168,2161
2019-04-01T20:45:00+09:00,J2,623,673,1296
2019-04-01T20:45:00+09:00,J3,865,758,1623
2019-04-01T20:45:00+09:00,J4,805,762,1567
2019-04-01T20:45:00+09:00,J5,408,352,760
2019-04-01T21:00:00+09:00,J1,1010,1127,2137
2019-04-01T21:00:00+09:00,J2,566,618,1184
2019-04-01T21:00:00+09:00,J3,829,659,1488
2019-04-01T21:00:00+09:00,J4,784,786,1570
2019-04-01T21:00:00+09:00,J5,421,372,793
2019-04-01T21:15:00+09:00,J1,1069,1265,2334
2019-04-01T21:15:00+09:00,J2,831,786,1617
2019-04-01T21:15:00+09:00,J3,942,703,1645
2019-04-01T21:15:00+09:00,J4,728,829,1557
2019-04-01T21:15:00+09:00,J5,411,384,795
2019-04-01T21:30:00+09:00,J1,1027,1163,2190
2019-04-01T21:30:00+09:00,J2,738,662,1400
2019-04-01T21:30:00+09:00,J3,850,714,1564
2019-04-01T21:30:00+09:00,J4,641,813,1454
2019-04-01T21:30:00+09:00,J5,397,349,746
2019-04-01T21:45:00+09:00,J1,993,1201,2194
2019-04-01T21:45:00+09:00,J2,761,828,1589
2019-04-01T21:45:00+09:00,J3,780,684,1464
2019-04-01T21:45:00+09:00,J4,704,812,1516
2019-04-01T21:45:00+09:00,J5,416,418,834
2019-04-01T22:00:00+09:00,J1,988,1149,2137
2019-04-01T22:00:00+09:00,J2,767,678,1445
2019-04-01T22:00:00+09:00,J3,818,658,1476
2019-04-01T22:00:00+09:00,J4,688,761,1449
2019-04-01T22:00:00+09:00,J5,395,361,756
2019-04-01T22:15:00+09:00,J1,1028,1270,2298
2019-04-01T22:15:00+09:00,J2,653,653,1306
2019-04-01T22:15:00+09:00,J3,740,650,1390
2019-04-01T22:15:00+09:00,J4,666,729,1395
2019-04-01T22:15:00+09:00,J5,441,406,847
2019-04-01T22:30:00+09:00,J1,1039,1166,2205
2019-04-01T22:30:00+09:00,J2,723,650,1373
2019-04-01T22:30:00+09:00,J3,752,634,1386
2019-04-01T22:30:00+09:00,J4,659,742,1401
2019-04-01T22:30:00+09:00,J5,456,422,878
2019-04-01T22:45:00+09:00,J1,1070,1121,2191
2019-04-01T22:45:00+09:00,J2,726,577,1303
2019-04-01T22:45:00+09:00,J3,715,636,1351
2019-04-01T22:45:00+09:00,J4,674,754,1428
2019-04-01T22:45:00+09:00,J5,487,461,948
2019-04-01T23:00:00+09:00,J1,1042,1144,2186
2019-04-01T23:00:00+09:00,J2,808,712,1520
2019-04-01T23:00:00+09:00,J3,664,592,1256
2019-04-01T23:00:00+09:00,J4,629,803,1432
2019-04-01T23:00:00+09:00,J5,458,468,926
2019-04-01T23:15:00+09:00,J1,1068,1054,2122
2019-04-01T23:15:00+09:00,J2,779,659,1438
2019-04-01T23:15:00+09:00,J3,667,593,1260
2019-04-01T23:15:00+09:00,J4,651,799,1450
2019-04-01T23:15:00+09:00,J5,478,517,995
2019-04-01T23:30:00+09:00,J1,924,1049,1973
2019-04-01T23:30:00+09:00,J2,808,648,1456
2019-04-01T23:30:00+09:00,J3,661,605,1266
2019-04-01T23:30:00+09:00,J4,597,735,1332
2019-04-01T23:30:00+09:00,J5,513,521,1034
2019-04-01T23:45:00+09:00,J1,892,1008,1900
2019-04-01T23:45:00+09:00,J2,752,625,1377
2019-04-01T23:45:00+09:00,J3,593,610,1203
2019-04-01T23:45:00+09:00,J4,597,695,1292
2019-04-01T23:45:00+09:00,J5,465,484,949
2019-04-02T00:00:00+09:00,J1,737,769,1506
2019-04-02T00:00:00+09:00,J2,720,669,1389
2019-04-02T00:00:00+09:00,J3,501,526,1027
2019-04-02T00:00:00+09:00,J4,540,691,1231
2019-04-02T00:00:00+09:00,J5,553,530,1083
2019-04-02T00:15:00+09:00,J1,536,667,1203
2019-04-02T00:15:00+09:00,J2,705,590,1295
2019-04-02T00:15:00+09:00,J3,744,664,1408
2019-04-02T00:15:00+09:00,J4,680,747,1427
2019-04-02T00:15:00+09:00,J5,583,567,1150
2019-04-02T00:30:00+09:00,J1,394,332,726
2019-04-02T00:30:00+09:00,J2,645,531,1176
2019-04-02T00:30:00+09:00,J3,802,734,1536
2019-04-02T00:30:00+09:00,J4,835,708,1543
2019-04-02T00:30:00+09:00,J5,526,497,1023
2019-04-02T00:45:00+09:00,J1,429,329,758
2019-04-02T00:45:00+09:00,J2,694,558,1252
2019-04-02T00:45:00+09:00,J3,844,740,1584
2019-04-02T00:45:00+09:00,J4,700,713,1413
2019-04-02T00:45:00+09:00,J5,487,576,1063
2019-04-02T05:45:00+09:00,J1,903,794,1697
2019-04-02T05:45:00+09:00,J2,731,784,1515
2019-04-02T05:45:00+09:00,J3,957,745,1702
2019-04-02T05:45:00+09:00,J4,718,748,1466
2019-04-02T05:45:00+09:00,J5,449,403,852
2019-04-02T06:00:00+09:00,J1,843,865,1708
2019-04-02T06:00:00+09:00,J2,734,763,1497
2019-04-02T06:00:00+09:00,J3,1078,837,1915
2019-04-02T06:00:00+09:00,J4,763,748,1511
2019-04-02T06:00:00+09:00,J5,481,468,949
2019-04-02T06:15:00+09:00,J1,896,922,1818
2019-04-02T06:15:00+09:00,J2,820,763,1583
2019-04-02T06:15:00+09:00,J3,1028,878,1906
2019-04-02T06:15:00+09:00,J4,814,706,1520
2019-04-02T06:15:00+09:00,J5,533,534,1067
2019-04-02T06:30:00+09:00,J1,985,1059,2044
2019-04-02T06:30:00+09:00,J2,830,776,1606
2019-04-02T06:30:00+09:00,J3,958,875,1833
2019-04-02T06:30:00+09:00,J4,708,690,1398
2019-04-02T06:30:00+09:00,J5,487,504,991
2019-04-02T06:45:00+09:00,J1,987,1041,2028
2019-04-02T06:45:00+09:00,J2,825,741,1566
2019-04-02T06:45:00+09:00,J3,838,840,1678
2019-04-02T06:45:00+09:00,J4,776,738,1514
2019-04-02T06:45:00+09:00,J5,604,588,1192
2019-04-02T07:00:00+09:00,J1,995,1098,2093
2019-04-02T07:00:00+09:00,J2,824,783,1607
2019-04-02T07:00:00+09:00,J3,869,857,1726
2019-04-02T07:00:00+09:00,J4,919,820,1739
2019-04-02T07:00:00+09:00,J5,617,624,1241
2019-04-02T07:15:00+09:00,J1,985,1077,2062
2019-04-02T07:15:00+09:00,J2,920,729,1649
2019-04-02T07:15:00+09:00,J3,732,778,1510
2019-04-02T07:15:00+09:00,J4,913,903,1816
2019-04-02T07:15:00+09:00,J5,621,646,1267
2019-04-02T07:30:00+09:00,J1,1087,1156,2243
2019-04-02T07:30:00+09:00,J2,832,763,1595
2019-04-02T07:30:00+09:00,J3,1181,1123,2304
2019-04-02T07:30:00+09:00,J4,912,924,1836
2019-04-02T07:30:00+09:00,J5,610,592,1202
2019-04-02T07:45:00+09:00,J1,1255,1232,2487
2019-04-02T07:45:00+09:00,J2,841,639,1480
2019-04-02T07:45:00+09:00,J3,1214,1170,2384
2019-04-02T07:45:00+09:00,J4,874,1020,1894
2019-04-02T07:45:00+09:00,J5,701,657,1358
2019-04-02T08:00:00+09:00,J1,1420,1339,2759
2019-04-02T08:00:00+09:00,J2,981,754,1735
2019-04-02T08:00:00+09:00,J3,1436,1347,2783
2019-04-02T08:00:00+09:00,J4,764,1077,1841
2019-04-02T08:00:00+09:00,J5,686,693,1379
2019-04-02T08:15:00+09:00,J1,1480,1320,2800
2019-04-02T08:15:00+09:00,J2,1277,835,2112
2019-04-02T08:15:00+09:00,J3,1396,1470,2866
2019-04-02T08:15:00+09:00,J4,743,1164,1907
2019-04-02T08:15:00+09:00,J5,546,659,1205
2019-04-02T08:30:00+09:00,J1,1498,1348,2846
2019-04-02T08:30:00+09:00,J2,1057,681,1738
2019-04-02T08:30:00+09:00,J3,1264,1447,2711
2019-04-02T08:30:00+09:00,J4,698,1067,1765
2019-04-02T08:30:00+09:00,J5,583,572,1155
2019-04-02T08:45:00+09:00,J1,1346,1276,2622
2019-04-02T08:45:00+09:00,J2,898,598,1496
2019-04-02T08:45:00+09:00,J3,1193,1207,2400
2019-04-02T08:45:00+09:00,J4,633,935,1568
2019-04-02T08:45:00+09:00,J5,531,581,1112
2019-04-02T09:00:00+09:00,J1,1235,1267,2502
2019-04-02T09:00:00+09:00,J2,802,661,1463
2019-04-02T09:00:00+09:00,J3,997,1008,2005
2019-04-02T09:00:00+09:00,J4,668,878,1546
2019-04-02T09:00:00+09:00,J5,577,556,1133
2019-04-02T09:15:00+09:00,J1,1231,1142,2373
2019-04-02T09:15:00+09:00,J2,759,574,1333
2019-04-02T09:15:00+09:00,J3,980,866,1846
2019-04-02T09:15:00+09:00,J4,765,901,1666
2019-04-02T09:15:00+09:00,J5,407,452,859
2019-04-02T09:30:00+09:00,J1,1247,1156,2403
2019-04-02T09:30:00+09:00,J2,746,591,1337
2019-04-02T09:30:00+09:00,J3,916,929,1845
2019-04-02T09:30:00+09:00,J4,761,954,1715
2019-04-02T09:30:00+09:00,J5,354,397,751
2019-04-02T09:45:00+09:00,J1,1185,1181,2366
2019-04-02T09:45:00+09:00,J2,686,650,1336
2019-04-02T09:45:00+09:00,J3,1016,963,1979
2019-04-02T09:45:00+09:00,J4,644,839,1483
2019-04-02T09:45:00+09:00,J5,386,332,718
2019-04-02T10:00:00+09:00,J1,1183,1250,2433
2019-04-02T10:00:00+09:00,J2,625,616,1241
2019-04-02T10:00:00+09:00,J3,941,904,1845
2019-04-02T10:00:00+09:00,J4,740,862,1602
2019-04-02T10:00:00+09:00,J5,330,351,681
2019-04-02T10:15:00+09:00,J1,1249,1195,2444
2019-04-02T10:15:00+09:00,J2,748,666,1414
2019-04-02T10:15:00+09:00,J3,1045,916,1961
2019-04-02T10:15:00+09:00,J4,661,810,1471
2019-04-02T10:15:00+09:00,J5,335,303,638
2019-04-02T10:30:00+09:00,J1,1201,1281,2482
2019-04-02T10:30:00+09:00,J2,679,634,1313
2019-04-02T10:30:00+09:00,J3,937,936,1873
2019-04-02T10:30:00+09:00,J4,655,896,1551
2019-04-02T10:30:00+09:00,J5,368,355,723
2019-04-02T10:45:00+09:00,J1,1223,1233,2456
2019-04-02T10:45:00+09:00,J2,752,624,1376
2019-04-02T10:45:00+09:00,J3,954,950,1904
2019-04-02T10:45:00+09:00,J4,716,887,1603
2019-04-02T10:45:00+09:00,J5,315,334,649
2019-04-02T11:00:00+09:00,J1,1137,1242,2379
2019-04-02T11:00:00+09:00,J2,617,591,1208
2019-04-02T11:00:00+09:00,J3,1043,958,2001
2019-04-02T11:00:00+09:00,J4,670,841,1511
2019-04-02T11:00:00+09:00,J5,346,361,707
2019-04-02T11:15:00+09:00,J1,1216,1361,2577
2019-04-02T11:15:00+09:00,J2,738,776,1514
2019-04-02T11:15:00+09:00,J3,1157,983,2140
2019-04-02T11:15:00+09:00,J4,662,880,1542
2019-04-02T11:15:00+09:00,J5,548,623,1171
2019-04-02T11:30:00+09:00,J1,1158,1268,2426
2019-04-02T11:30:00+09:00,J2,638,660,1298
2019-04-02T11:30:00+09:00,J3,1167,1051,2218
2019-04-02T11:30:00+09:00,J4,682,923,1605
2019-04-02T11:30:00+09:00,J5,720,685,1405
2019-04-02T11:45:00+09:00,J1,1200,1355,2555
2019-04-02T11:45:00+09:00,J2,693,745,1438
2019-04-02T11:45:00+09:00,J3,1227,1192,2419
2019-04-02T11:45:00+09:00,J4,731,881,1612
2019-04-02T11:45:00+09:00,J5,651,727,1378
2019-04-02T12:00:00+09:00,J1,1282,1387,2669
2019-04-02T12:00:00+09:00,J2,832,842,1674
2019-04-02T12:00:00+09:00,J3,1393,1177,2570
2019-04-02T12:00:00+09:00,J4,732,845,1577
2019-04-02T12:00:00+09:00,J5,723,768,1491
2019-04-02T12:15:00+09:00,J1,1206,1347,2553
2019-04-02T12:15:00+09:00,J2,815,798,1613
2019-04-02T12:15:00+09:00,J3,1155,1001,2156
2019-04-02T12:15:00+09:00,J4,758,812,1570
2019-04-02T12:15:00+09:00,J5,771,773,1544
2019-04-02T12:30:00+09:00,J1,1122,1377,2499
2019-04-02T12:30:00+09:00,J2,791,747,1538
2019-04-02T12:30:00+09:00,J3,1107,1092,2199
2019-04-02T12:30:00+09:00,J4,689,819,1508
2019-04-02T12:30:00+09:00,J5,600,695,1295
2019-04-02T12:45:00+09:00,J1,1156,1342,2498
2019-04-02T12:45:00+09:00,J2,741,817,1558
2019-04-02T12:45:00+09:00,J3,1042,1163,2205
2019-04-02T12:45:00+09:00,J4,803,803,1606
2019-04-02T12:45:00+09:00,J5,469,498,967
2019-04-02T13:00:00+09:00,J1,1154,1348,2502
2019-04-02T13:00:00+09:00,J2,757,771,1528
2019-04-02T13:00:00+09:00,J3,1020,1143,2163
2019-04-02T13:00:00+09:00,J4,768,854,1622
2019-04-02T13:00:00+09:00,J5,357,486,843
2019-04-02T13:15:00+09:00,J1,1208,1488,2696
2019-04-02T13:15:00+09:00,J2,703,802,1505
2019-04-02T13:15:00+09:00,J3,1048,1046,2094
2019-04-02T13:15:00+09:00,J4,688,859,1547
2019-04-02T13:15:00+09:00,J5,432,490,922
2019-04-02T13:30:00+09:00,J1,1158,1389,2547
2019-04-02T13:30:00+09:00,J2,618,780,1398
2019-04-02T13:30:00+09:00,J3,1004,1051,2055
2019-04-02T13:30:00+09:00,J4,707,890,1597
2019-04-02T13:30:00+09:00,J5,541,615,1156
2019-04-02T13:45:00+09:00,J1,1136,1317,2453
2019-04-02T13:45:00+09:00,J2,652,692,1344
2019-04-02T13:45:00+09:00,J3,918,967,1885
2019-04-02T13:45:00+09:00,J4,699,848,1547
2019-04-02T13:45:00+09:00,J5,677,679,1356
2019-04-02T14:00:00+09:00,J1,1067,1318,2385
2019-04-02T14:00:00+09:00,J2,716,558,1274
2019-04-02T14:00:00+09:00,J3,939,925,1864
2019-04-02T14:00:00+09:00,J4,647,711,1358
2019-04-02T14:00:00+09:00,J5,627,621,1248
2019-04-02T14:15:00+09:00,J1,1057,1302,2359
2019-04-02T14:15:00+09:00,J2,750,658,1408
2019-04-02T14:15:00+09:00,J3,903,973,1876
2019-04-02T14:15:00+09:00,J4,697,768,1465
2019-04-02T14:15:00+09:00,J5,696,646,1342
2019-04-02T14:30:00+09:00,J1,1115,1315,2430
2019-04-02T14:30:00+09:00,J2,785,673,1458
2019-04-02T14:30:00+09:00,J3,964,946,1910
2019-04-02T14:30:00+09:00,J4,709,736,1445
2019-04-02T14:30:00+09:00,J5,707,680,1387
2019-04-02T14:45:00+09:00,J1,1122,1309,2431
2019-04-02T14:45:00+09:00,J2,687,713,1400
2019-04-02T14:45:00+09:00,J3,998,1057,2055
2019-04-02T14:45:00+09:00,J4,695,813,1508
2019-04-02T14:45:00+09:00,J5,652,616,1268
2019-04-02T15:00:00+09:00,J1,1161,1321,2482
2019-04-02T15:00:00+09:00,J2,668,756,1424
2019-04-02T15:00:00+09:00,J3,1003,986,1989
2019-04-02T15:00:00+09:00,J4,697,765,1462
2019-04-02T15:00:00+09:00,J5,627,626,1253
2019-04-02T15:15:00+09:00,J1,1152,1285,2437
2019-04-02T15:15:00+09:00,J2,688,833,1521
2019-04-02T15:15:00+09:00,J3,981,973,1954
2019-04-02T15:15:00+09:00,J4,755,786,1541
2019-04-02T15:15:00+09:00,J5,668,629,1297
2019-04-02T15:30:00+09:00,J1,1114,1407,2521
2019-04-02T15:30:00+09:00,J2,676,855,1531
2019-04-02T15:30:00+09:00,J3,920,957,1877
2019-04-02T15:30:00+09:00,J4,839,746,1585
2019-04-02T15:30:00+09:00,J5,662,614,1276
2019-04-02T15:45:00+09:00,J1,1079,1341,2420
2019-04-02T15:45:00+09:00,J2,643,806,1449
2019-04-02T15:45:00+09:00,J3,929,908,1837
2019-04-02T15:45:00+09:00,J4,751,740,1491
2019-04-02T15:45:00+09:00,J5,660,679,1339
2019-04-02T16:00:00+09:00,J1,1118,1331,2449
2019-04-02T16:00:00+09:00,J2,661,774,1435
2019-04-02T16:00:00+09:00,J3,930,1006,1936
2019-04-02T16:00:00+09:00,J4,740,705,1445
2019-04-02T16:00:00+09:00,J5,653,648,1301
2019-04-02T16:15:00+09:00,J1,1120,1390,2510
2019-04-02T16:15:00+09:00,J2,676,861,1537
2019-04-02T16:15:00+09:00,J3,1022,1084,2106
2019-04-02T16:15:00+09:00,J4,841,839,1680
2019-04-02T16:15:00+09:00,J5,602,653,1255
2019-04-02T16:30:00+09:00,J1,1198,1380,2578
2019-04-02T16:30:00+09:00,J2,614,814,1428
2019-04-02T16:30:00+09:00,J3,1062,1112,2174
2019-04-02T16:30:00+09:00,J4,795,761,1556
2019-04-02T16:30:00+09:00,J5,614,638,1252
2019-04-02T16:45:00+09:00,J1,1156,1410,2566
2019-04-02T16:45:00+09:00,J2,650,775,1425
2019-04-02T16:45:00+09:00,J3,1171,1059,2230
2019-04-02T16:45:00+09:00,J4,801,711,1512
2019-04-02T16:45:00+09:00,J5,608,609,1217
2019-04-02T17:00:00+09:00,J1,1140,1380,2520
2019-04-02T17:00:00+09:00,J2,708,823,1531
2019-04-02T17:00:00+09:00,J3,1322,1254,2576
2019-04-02T17:00:00+09:00,J4,981,840,1821
2019-04-02T17:00:00+09:00,J5,683,675,1358
2019-04-02T17:15:00+09:00,J1,1252,1464,2716
2019-04-02T17:15:00+09:00,J2,702,951,1653
2019-04-02T17:15:00+09:00,J3,1353,1267,2620
2019-04-02T17:15:00+09:00,J4,1062,948,2010
2019-04-02T17:15:00+09:00,J5,706,781,1487
2019-04-02T17:30:00+09:00,J1,1281,1512,2793
2019-04-02T17:30:00+09:00,J2,794,983,1777
2019-04-02T17:30:00+09:00,J3,1472,1334,2806
2019-04-02T17:30:00+09:00,J4,1062,935,1997
2019-04-02T17:30:00+09:00,J5,653,725,1378
2019-04-02T17:45:00+09:00,J1,1258,1530,2788
2019-04-02T17:45:00+09:00,J2,764,982,1746
2019-04-02T17:45:00+09:00,J3,1454,1261,2715
2019-04-02T17:45:00+09:00,J4,1076,997,2073
2019-04-02T17:45:00+09:00,J5,682,755,1437
2019-04-02T18:00:00+09:00,J1,1382,1494,2876
2019-04-02T18:00:00+09:00,J2,865,969,1834
2019-04-02T18:00:00+09:00,J3,1562,1317,2879
2019-04-02T18:00:00+09:00,J4,1198,868,2066
2019-04-02T18:00:00+09:00,J5,680,737,1417
2019-04-02T18:15:00+09:00,J1,1311,1448,2759
2019-04-02T18:15:00+09:00,J2,891,1006,1897
2019-04-02T18:15:00+09:00,J3,1477,1297,2774
2019-04-02T18:15:00+09:00,J4,1101,869,1970
2019-04-02T18:15:00+09:00,J5,570,713,1283
2019-04-02T18:30:00+09:00,J1,1261,1387,2648
2019-04-02T18:30:00+09:00,J2,791,895,1686
2019-04-02T18:30:00+09:00,J3,1397,1203,2600
2019-04-02T18:30:00+09:00,J4,852,719,1571
2019-04-02T18:30:00+09:00,J5,478,546,1024
2019-04-02T18:45:00+09:00,J1,1239,1423,2662
2019-04-02T18:45:00+09:00,J2,677,904,1581
2019-04-02T18:45:00+09:00,J3,1271,1124,2395
2019-04-02T18:45:00+09:00,J4,720,684,1404
2019-04-02T18:45:00+09:00,J5,424,530,954
2019-04-02T19:00:00+09:00,J1,1152,1340,2492
2019-04-02T19:00:00+09:00,J2,693,731,1424
2019-04-02T19:00:00+09:00,J3,1252,1161,2413
2019-04-02T19:00:00+09:00,J4,690,686,1376
2019-04-02T19:00:00+09:00,J5,392,466,858
2019-04-02T19:15:00+09:00,J1,1242,1367,2609
2019-04-02T19:15:00+09:00,J2,618,668,1286
2019-04-02T19:15:00+09:00,J3,1305,1183,2488
2019-04-02T19:15:00+09:00,J4,666,740,1406
2019-04-02T19:15:00+09:00,J5,419,522,941
2019-04-02T19:30:00+09:00,J1,1213,1390,2603
2019-04-02T19:30:00+09:00,J2,584,621,1205
2019-04-02T19:30:00+09:00,J3,1220,1030,2250
2019-04-02T19:30:00+09:00,J4,714,734,1448
2019-04-02T19:30:00+09:00,J5,398,499,897
2019-04-02T19:45:00+09:00,J1,1253,1334,2587
2019-04-02T19:45:00+09:00,J2,516,618,1134
2019-04-02T19:45:00+09:00,J3,1071,990,2061
2019-04-02T19:45:00+09:00,J4,696,753,1449
2019-04-02T19:45:00+09:00,J5,345,450,795
2019-04-02T20:00:00+09:00,J1,1056,1269,2325
2019-04-02T20:00:00+09:00,J2,646,671,1317
2019-04-02T20:00:00+09:00,J3,1130,1007,2137
2019-04-02T20:00:00+09:00,J4,724,731,1455
2019-04-02T20:00:00+09:00,J5,410,408,818
2019-04-02T20:15:00+09:00,J1,1141,1345,2486
2019-04-02T20:15:00+09:00,J2,648,650,1298
2019-04-02T20:15:00+09:00,J3,1268,1060,2328
2019-04-02T20:15:00+09:00,J4,729,683,1412
2019-04-02T20:15:00+09:00,J5,433,438,871
2019-04-02T20:30:00+09:00,J1,1142,1324,2466
2019-04-02T20:30:00+09:00,J2,848,678,1526
2019-04-02T20:30:00+09:00,J3,1148,976,2124
2019-04-02T20:30:00+09:00,J4,675,661,1336
2019-04-02T20:30:00+09:00,J5,435,379,814
2019-04-02T20:45:00+09:00,J1,1147,1272,2419
2019-04-02T20:45:00+09:00,J2,803,756,1559
2019-04-02T20:45:00+09:00,J3,1128,947,2075
2019-04-02T20:45:00+09:00,J4,660,669,1329
2019-04-02T20:45:00+09:00,J5,429,368,797
2019-04-02T21:00:00+09:00,J1,1061,1290,2351
2019-04-02T21:00:00+09:00,J2,669,772,1441
2019-04-02T21:00:00+09:00,J3,995,929,1924
2019-04-02T21:00:00+09:00,J4,746,755,1501
2019-04-02T21:00:00+09:00,J5,398,397,795
2019-04-02T21:15:00+09:00,J1,1096,1241,2337
2019-04-02T21:15:00+09:00,J2,666,793,1459
2019-04-02T21:15:00+09:00,J3,1064,953,2017
2019-04-02T21:15:00+09:00,J4,719,966,1685
2019-04-02T21:15:00+09:00,J5,442,368,810
2019-04-02T21:30:00+09:00,J1,995,1182,2177
2019-04-02T21:30:00+09:00,J2,588,720,1308
2019-04-02T21:30:00+09:00,J3,1149,886,2035
2019-04-02T21:30:00+09:00,J4,781,884,1665
2019-04-02T21:30:00+09:00,J5,418,386,804
2019-04-02T21:45:00+09:00,J1,1019,1170,2189
2019-04-02T21:45:00+09:00,J2,509,603,1112
2019-04-02T21:45:00+09:00,J3,1099,859,1958
2019-04-02T21:45:00+09:00,J4,723,887,1610
2019-04-02T21:45:00+09:00,J5,438,383,821
2019-04-02T22:00:00+09:00,J1,983,1162,2145
2019-04-02T22:00:00+09:00,J2,437,576,1013
2019-04-02T22:00:00+09:00,J3,934,734,1668
2019-04-02T22:00:00+09:00,J4,677,797,1474
2019-04-02T22:00:00+09:00,J5,403,392,795
2019-04-02T22:15:00+09:00,J1,1059,1166,2225
2019-04-02T22:15:00+09:00,J2,430,573,1003
2019-04-02T22:15:00+09:00,J3,851,688,1539
2019-04-02T22:15:00+09:00,J4,710,829,1539
2019-04-02T22:15:00+09:00,J5,437,478,915
2019-04-02T22:30:00+09:00,J1,956,1091,2047
2019-04-02T22:30:00+09:00,J2,710,800,1510
2019-04-02T22:30:00+09:00,J3,847,710,1557
2019-04-02T22:30:00+09:00,J4,695,861,1556
2019-04-02T22:30:00+09:00,J5,409,401,810
2019-04-02T22:45:00+09:00,J1,1004,1142,2146
2019-04-02T22:45:00+09:00,J2,721,789,1510
2019-04-02T22:45:00+09:00,J3,770,657,1427
2019-04-02T22:45:00+09:00,J4,670,745,1415
2019-04-02T22:45:00+09:00,J5,463,465,928
2019-04-02T23:00:00+09:00,J1,915,1154,2069
2019-04-02T23:00:00+09:00,J2,593,620,1213
2019-04-02T23:00:00+09:00,J3,752,678,1430
2019-04-02T23:00:00+09:00,J4,611,776,1387
2019-04-02T23:00:00+09:00,J5,477,512,989
2019-04-02T23:15:00+09:00,J1,980,1015,1995
2019-04-02T23:15:00+09:00,J2,576,580,1156
2019-04-02T23:15:00+09:00,J3,607,612,1219
2019-04-02T23:15:00+09:00,J4,603,786,1389
2019-04-02T23:15:00+09:00,J5,497,532,1029
2019-04-02T23:30:00+09:00,J1,970,1042,2012
2019-04-02T23:30:00+09:00,J2,563,676,1239
2019-04-02T23:30:00+09:00,J3,651,652,1303
2019-04-02T23:30:00+09:00,J4,637,829,1466
2019-04-02T23:30:00+09:00,J5,456,444,900
2019-04-02T23:45:00+09:00,J1,996,1080,2076
2019-04-02T23:45:00+09:00,J2,551,596,1147
2019-04-02T23:45:00+09:00,J3,692,655,1347
2019-04-02T23:45:00+09:00,J4,642,744,1386
2019-04-02T23:45:00+09:00,J5,501,519,1020
2019-04-03T00:00:00+09:00,J1,857,841,1698
2019-04-03T00:00:00+09:00,J2,576,532,1108
2019-04-03T00:00:00+09:00,J3,675,617,1292
2019-04-03T00:00:00+09:00,J4,639,772,1411
2019-04-03T00:00:00+09:00,J5,552,560,1112
2019-04-03T00:15:00+09:00,J1,658,657,1315
2019-04-03T00:15:00+09:00,J2,602,531,1133
2019-04-03T00:15:00+09:00,J3,840,741,1581
2019-04-03T00:15:00+09:00,J4,616,673,1289
2019-04-03T00:15:00+09:00,J5,572,566,1138
2019-04-03T00:30:00+09:00,J1,534,437,971
2019-04-03T00:30:00+09:00,J2,550,501,1051
2019-04-03T00:30:00+09:00,J3,870,811,1681
2019-04-03T00:30:00+09:00,J4,718,756,1474
2019-04-03T00:30:00+09:00,J5,483,496,979
2019-04-03T00:45:00+09:00,J1,419,359,778
2019-04-03T00:45:00+09:00,J2,468,486,954
2019-04-03T00:45:00+09:00,J3,879,814,1693
2019-04-03T00:45:00+09:00,J4,791,747,1538
2019-04-03T00:45:00+09:00,J5,435,483,918
2019-04-03T05:45:00+09:00,J1,850,878,1728
2019-04-03T05:45:00+09:00,J2,788,729,1517
2019-04-03T05:45:00+09:00,J3,933,791,1724
2019-04-03T05:45:00+09:00,J4,754,676,1430
2019-04-03T05:45:00+09:00,J5,402,469,871
2019-04-03T06:00:00+09:00,J1,830,1003,1833
2019-04-03T06:00:00+09:00,J2,733,671,1404
2019-04-03T06:00:00+09:00,J3,1102,860,1962
2019-04-03T06:00:00+09:00,J4,728,706,1434
2019-04-03T06:00:00+09:00,J5,430,487,917
2019-04-03T06:15:00+09:00,J1,882,964,1846
2019-04-03T06:15:00+09:00,J2,788,717,1505
2019-04-03T06:15:00+09:00,J3,1030,809,1839
2019-04-03T06:15:00+09:00,J4,741,737,1478
2019-04-03T06:15:00+09:00,J5,538,431,969
2019-04-03T06:30:00+09:00,J1,992,989,1981
2019-04-03T06:30:00+09:00,J2,807,670,1477
2019-04-03T06:30:00+09:00,J3,1008,841,1849
2019-04-03T06:30:00+09:00,J4,719,750,1469
2019-04-03T06:30:00+09:00,J5,522,554,1076
2019-04-03T06:45:00+09:00,J1,982,1063,2045
2019-04-03T06:45:00+09:00,J2,834,812,1646
2019-04-03T06:45:00+09:00,J3,901,891,1792
2019-04-03T06:45:00+09:00,J4,770,793,1563
2019-04-03T06:45:00+09:00,J5,612,597,1209
2019-04-03T07:00:00+09:00,J1,1129,1165,2294
2019-04-03T07:00:00+09:00,J2,889,734,1623
2019-04-03T07:00:00+09:00,J3,954,863,1817
2019-04-03T07:00:00+09:00,J4,785,847,1632
2019-04-03T07:00:00+09:00,J5,607,616,1223
2019-04-03T07:15:00+09:00,J1,1151,1155,2306
2019-04-03T07:15:00+09:00,J2,913,774,1687
2019-04-03T07:15:00+09:00,J3,883,902,1785
2019-04-03T07:15:00+09:00,J4,927,897,1824
2019-04-03T07:15:00+09:00,J5,681,655,1336
2019-04-03T07:30:00+09:00,J1,1163,1226,2389
2019-04-03T07:30:00+09:00,J2,840,630,1470
2019-04-03T07:30:00+09:00,J3,1197,1102,2299
2019-04-03T07:30:00+09:00,J4,956,963,1919
2019-04-03T07:30:00+09:00,J5,583,600,1183
2019-04-03T07:45:00+09:00,J1,1252,1301,2553
2019-04-03T07:45:00+09:00,J2,806,673,1479
2019-04-03T07:45:00+09:00,J3,1290,1153,2443
2019-04-03T07:45:00+09:00,J4,968,1024,1992
2019-04-03T07:45:00+09:00,J5,720,768,1488
2019-04-03T08:00:00+09:00,J1,1434,1341,2775
2019-04-03T08:00:00+09:00,J2,1090,849,1939
2019-04-03T08:00:00+09:00,J3,1495,1322,2817
2019-04-03T08:00:00+09:00,J4,855,1088,1943
2019-04-03T08:00:00+09:00,J5,729,733,1462
2019-04-03T08:15:00+09:00,J1,1463,1329,2792
2019-04-03T08:15:00+09:00,J2,1258,849,2107
2019-04-03T08:15:00+09:00,J3,1449,1463,2912
2019-04-03T08:15:00+09:00,J4,808,1121,1929
2019-04-03T08:15:00+09:00,J5,673,738,1411
2019-04-03T08:30:00+09:00,J1,1458,1324,2782
2019-04-03T08:30:00+09:00,J2,1128,759,1887
2019-04-03T08:30:00+09:00,J3,1307,1493,2800
2019-04-03T08:30:00+09:00,J4,740,1065,1805
2019-04-03T08:30:00+09:00,J5,645,691,1336
2019-04-03T08:45:00+09:00,J1,1420,1299,2719
2019-04-03T08:45:00+09:00,J2,814,677,1491
2019-04-03T08:45:00+09:00,J3,1184,1281,2465
2019-04-03T08:45:00+09:00,J4,686,982,1668
2019-04-03T08:45:00+09:00,J5,662,602,1264
2019-04-03T09:00:00+09:00,J1,1211,1320,2531
2019-04-03T09:00:00+09:00,J2,797,676,1473
2019-04-03T09:00:00+09:00,J3,1129,1031,2160
2019-04-03T09:00:00+09:00,J4,715,834,1549
2019-04-03T09:00:00+09:00,J5,657,644,1301
2019-04-03T09:15:00+09:00,J1,1175,1145,2320
2019-04-03T09:15:00+09:00,J2,791,613,1404
2019-04-03T09:15:00+09:00,J3,1033,1006,2039
2019-04-03T09:15:00+09:00,J4,796,848,1644
2019-04-03T09:15:00+09:00,J5,436,471,907
2019-04-03T09:30:00+09:00,J1,1258,1289,2547
2019-04-03T09:30:00+09:00,J2,776,606,1382
2019-04-03T09:30:00+09:00,J3,1078,1052,2130
2019-04-03T09:30:00+09:00,J4,888,885,1773
2019-04-03T09:30:00+09:00,J5,379,420,799
2019-04-03T09:45:00+09:00,J1,1205,1199,2404
2019-04-03T09:45:00+09:00,J2,703,602,1305
2019-04-03T09:45:00+09:00,J3,1159,1034,2193
2019-04-03T09:45:00+09:00,J4,784,790,1574
2019-04-03T09:45:00+09:00,J5,435,413,848
2019-04-03T10:00:00+09:00,J1,1198,1274,2472
2019-04-03T10:00:00+09:00,J2,643,619,1262
2019-04-03T10:00:00+09:00,J3,1016,1014,2030
2019-04-03T10:00:00+09:00,J4,826,850,1676
2019-04-03T10:00:00+09:00,J5,391,370,761
2019-04-03T10:15:00+09:00,J1,1247,1274,2521
2019-04-03T10:15:00+09:00,J2,668,580,1248
2019-04-03T10:15:00+09:00,J3,996,1015,2011
2019-04-03T10:15:00+09:00,J4,883,840,1723
2019-04-03T10:15:00+09:00,J5,380,387,767
2019-04-03T10:30:00+09:00,J1,1243,1303,2546
2019-04-03T10:30:00+09:00,J2,726,673,1399
2019-04-03T10:30:00+09:00,J3,1100,1053,2153
2019-04-03T10:30:00+09:00,J4,759,873,1632
2019-04-03T10:30:00+09:00,J5,370,357,727
2019-04-03T10:45:00+09:00,J1,1256,1241,2497
2019-04-03T10:45:00+09:00,J2,628,681,1309
2019-04-03T10:45:00+09:00,J3,1028,1044,2072
2019-04-03T10:45:00+09:00,J4,768,912,1680
2019-04-03T10:45:00+09:00,J5,349,403,752
2019-04-03T11:00:00+09:00,J1,1178,1249,2427
2019-04-03T11:00:00+09:00,J2,783,668,1451
2019-04-03T11:00:00+09:00,J3,1088,1021,2109
2019-04-03T11:00:00+09:00,J4,725,913,1638
2019-04-03T11:00:00+09:00,J5,367,414,781
2019-04-03T11:15:00+09:00,J1,1220,1295,2515
2019-04-03T11:15:00+09:00,J2,706,738,1444
2019-04-03T11:15:00+09:00,J3,1240,1021,2261
2019-04-03T11:15:00+09:00,J4,687,858,1545
2019-04-03T11:15:00+09:00,J5,580,603,1183
2019-04-03T11:30:00+09:00,J1,1277,1426,2703
2019-04-03T11:30:00+09:00,J2,677,810,1487
2019-04-03T11:30:00+09:00,J3,1286,1168,2454
2019-04-03T11:30:00+09:00,J4,656,793,1449
2019-04-03T11:30:00+09:00,J5,702,678,1380
2019-04-03T11:45:00+09:00,J1,1258,1384,2642
2019-04-03T11:45:00+09:00,J2,734,889,1623
2019-04-03T11:45:00+09:00,J3,1198,1131,2329
2019-04-03T11:45:00+09:00,J4,580,655,1235
2019-04-03T11:45:00+09:00,J5,633,664,1297
2019-04-03T12:00:00+09:00,J1,1278,1408,2686
2019-04-03T12:00:00+09:00,J2,842,859,1701
2019-04-03T12:00:00+09:00,J3,1234,1058,2292
2019-04-03T12:00:00+09:00,J4,651,684,1335
2019-04-03T12:00:00+09:00,J5,667,632,1299
2019-04-03T12:15:00+09:00,J1,1129,1307,2436
2019-04-03T12:15:00+09:00,J2,859,827,1686
2019-04-03T12:15:00+09:00,J3,1227,995,2222
2019-04-03T12:15:00+09:00,J4,716,666,1382
2019-04-03T12:15:00+09:00,J5,676,686,1362
2019-04-03T12:30:00+09:00,J1,1173,1367,2540
2019-04-03T12:30:00+09:00,J2,776,794,1570
2019-04-03T12:30:00+09:00,J3,1159,930,2089
2019-04-03T12:30:00+09:00,J4,702,719,1421
2019-04-03T12:30:00+09:00,J5,662,644,1306
2019-04-03T12:45:00+09:00,J1,1151,1345,2496
2019-04-03T12:45:00+09:00,J2,780,810,1590
2019-04-03T12:45:00+09:00,J3,1066,935,2001
2019-04-03T12:45:00+09:00,J4,624,750,1374
2019-04-03T12:45:00+09:00,J5,685,628,1313
2019-04-03T13:00:00+09:00,J1,1135,1376,2511
2019-04-03T13:00:00+09:00,J2,772,846,1618
2019-04-03T13:00:00+09:00,J3,1087,879,1966
2019-04-03T13:00:00+09:00,J4,713,678,1391
2019-04-03T13:00:00+09:00,J5,622,637,1259
2019-04-03T13:15:00+09:00,J1,1095,1264,2359
2019-04-03T13:15:00+09:00,J2,886,831,1717
2019-04-03T13:15:00+09:00,J3,1096,902,1998
2019-04-03T13:15:00+09:00,J4,777,742,1519
2019-04-03T13:15:00+09:00,J5,642,625,1267
2019-04-03T13:30:00+09:00,J1,1158,1237,2395
2019-04-03T13:30:00+09:00,J2,840,922,1762
2019-04-03T13:30:00+09:00,J3,992,824,1816
2019-04-03T13:30:00+09:00,J4,769,727,1496
2019-04-03T13:30:00+09:00,J5,593,553,1146
2019-04-03T13:45:00+09:00,J1,1189,1261,2450
2019-04-03T13:45:00+09:00,J2,830,864,1694
2019-04-03T13:45:00+09:00,J3,959,892,1851
2019-04-03T13:45:00+09:00,J4,785,797,1582
2019-04-03T13:45:00+09:00,J5,662,658,1320
2019-04-03T14:00:00+09:00,J1,1100,1286,2386
2019-04-03T14:00:00+09:00,J2,775,929,1704
2019-04-03T14:00:00+09:00,J3,978,958,1936
2019-04-03T14:00:00+09:00,J4,822,766,1588
2019-04-03T14:00:00+09:00,J5,664,599,1263
2019-04-03T14:15:00+09:00,J1,1144,1356,2500
2019-04-03T14:15:00+09:00,J2,758,840,1598
2019-04-03T14:15:00+09:00,J3,1026,914,1940
2019-04-03T14:15:00+09:00,J4,809,782,1591
2019-04-03T14:15:00+09:00,J5,647,691,1338
2019-04-03T14:30:00+09:00,J1,1136,1339,2475
2019-04-03T14:30:00+09:00,J2,746,876,1622
2019-04-03T14:30:00+09:00,J3,1055,851,1906
2019-04-03T14:30:00+09:00,J4,847,811,1658
2019-04-03T14:30:00+09:00,J5,690,652,1342
2019-04-03T14:45:00+09:00,J1,1155,1379,2534
2019-04-03T14:45:00+09:00,J2,828,956,1784
2019-04-03T14:45:00+09:00,J3,1033,900,1933
2019-04-03T14:45:00+09:00,J4,921,856,1777
2019-04-03T14:45:00+09:00,J5,624,655,1279
2019-04-03T15:00:00+09:00,J1,1074,1357,2431
2019-04-03T15:00:00+09:00,J2,751,881,1632
2019-04-03T15:00:00+09:00,J3,967,823,1790
2019-04-03T15:00:00+09:00,J4,865,789,1654
2019-04-03T15:00:00+09:00,J5,669,650,1319
2019-04-03T15:15:00+09:00,J1,1058,1298,2356
2019-04-03T15:15:00+09:00,J2,788,888,1676
2019-04-03T15:15:00+09:00,J3,989,835,1824
2019-04-03T15:15:00+09:00,J4,799,827,1626
2019-04-03T15:15:00+09:00,J5,644,669,1313
2019-04-03T15:30:00+09:00,J1,1148,1347,2495
2019-04-03T15:30:00+09:00,J2,845,842,1687
2019-04-03T15:30:00+09:00,J3,1004,823,1827
2019-04-03T15:30:00+09:00,J4,904,883,1787
2019-04-03T15:30:00+09:00,J5,651,640,1291
2019-04-03T15:45:00+09:00,J1,1059,1332,2391
2019-04-03T15:45:00+09:00,J2,813,839,1652
2019-04-03T15:45:00+09:00,J3,1031,920,1951
2019-04-03T15:45:00+09:00,J4,921,855,1776
2019-04-03T15:45:00+09:00,J5,690,663,1353
2019-04-03T16:00:00+09:00,J1,1093,1326,2419
2019-04-03T16:00:00+09:00,J2,828,890,1718
2019-04-03T16:00:00+09:00,J3,976,878,1854
2019-04-03T16:00:00+09:00,J4,870,839,1709
2019-04-03T16:00:00+09:00,J5,669,593,1262
2019-04-03T16:15:00+09:00,J1,920,1208,2128
2019-04-03T16:15:00+09:00,J2,738,725,1463
2019-04-03T16:15:00+09:00,J3,836,727,1563
2019-04-03T16:15:00+09:00,J4,770,702,1472
2019-04-03T16:15:00+09:00,J5,592,595,1187
2019-04-03T16:30:00+09:00,J1,1342,1567,2909
2019-04-03T16:30:00+09:00,J2,1015,1035,2050
2019-04-03T16:30:00+09:00,J3,1186,1057,2243
2019-04-03T16:30:00+09:00,J4,1004,979,1983
2019-04-03T16:30:00+09:00,J5,755,751,1506
2019-04-03T16:45:00+09:00,J1,951,1150,2101
2019-04-03T16:45:00+09:00,J2,677,790,1467
2019-04-03T16:45:00+09:00,J3,880,911,1791
2019-04-03T16:45:00+09:00,J4,773,727,1500
2019-04-03T16:45:00+09:00,J5,561,551,1112
2019-04-03T17:00:00+09:00,J1,1364,1536,2900
2019-04-03T17:00:00+09:00,J2,924,1043,1967
2019-04-03T17:00:00+09:00,J3,1392,1224,2616
2019-04-03T17:00:00+09:00,J4,1159,920,2079
2019-04-03T17:00:00+09:00,J5,744,824,1568
2019-04-03T17:15:00+09:00,J1,1180,1450,2630
2019-04-03T17:15:00+09:00,J2,814,914,1728
2019-04-03T17:15:00+09:00,J3,1274,1197,2471
2019-04-03T17:15:00+09:00,J4,1052,872,1924
2019-04-03T17:15:00+09:00,J5,718,805,1523
2019-04-03T17:30:00+09:00,J1,1276,1465,2741
2019-04-03T17:30:00+09:00,J2,919,1015,1934
2019-04-03T17:30:00+09:00,J3,1289,1122,2411
2019-04-03T17:30:00+09:00,J4,1002,887,1889
2019-04-03T17:30:00+09:00,J5,772,836,1608
2019-04-03T17:45:00+09:00,J1,1235,1460,2695
2019-04-03T17:45:00+09:00,J2,957,1023,1980
2019-04-03T17:45:00+09:00,J3,1321,1107,2428
2019-04-03T17:45:00+09:00,J4,1133,986,2119
2019-04-03T17:45:00+09:00,J5,726,856,1582
2019-04-03T18:00:00+09:00,J1,1324,1475,2799
2019-04-03T18:00:00+09:00,J2,1097,949,2046
2019-04-03T18:00:00+09:00,J3,1369,1099,2468
2019-04-03T18:00:00+09:00,J4,1231,896,2127
2019-04-03T18:00:00+09:00,J5,679,738,1417
2019-04-03T18:15:00+09:00,J1,1231,1410,2641
2019-04-03T18:15:00+09:00,J2,939,1005,1944
2019-04-03T18:15:00+09:00,J3,1439,1219,2658
2019-04-03T18:15:00+09:00,J4,1237,944,2181
2019-04-03T18:15:00+09:00,J5,689,760,1449
2019-04-03T18:30:00+09:00,J1,1225,1467,2692
2019-04-03T18:30:00+09:00,J2,860,978,1838
2019-04-03T18:30:00+09:00,J3,1350,1056,2406
2019-04-03T18:30:00+09:00,J4,969,936,1905
2019-04-03T18:30:00+09:00,J5,608,664,1272
2019-04-03T18:45:00+09:00,J1,1218,1393,2611
2019-04-03T18:45:00+09:00,J2,801,959,1760
2019-04-03T18:45:00+09:00,J3,1198,986,2184
2019-04-03T18:45:00+09:00,J4,882,698,1580
2019-04-03T18:45:00+09:00,J5,615,690,1305
2019-04-03T19:00:00+09:00,J1,1142,1291,2433
2019-04-03T19:00:00+09:00,J2,730,701,1431
2019-04-03T19:00:00+09:00,J3,1212,938,2150
2019-04-03T19:00:00+09:00,J4,783,650,1433
2019-04-03T19:00:00+09:00,J5,572,625,1197
2019-04-03T19:15:00+09:00,J1,1172,1231,2403
2019-04-03T19:15:00+09:00,J2,583,683,1266
2019-04-03T19:15:00+09:00,J3,1149,998,2147
2019-04-03T19:15:00+09:00,J4,756,640,1396
2019-04-03T19:15:00+09:00,J5,511,649,1160
2019-04-03T19:30:00+09:00,J1,1112,1324,2436
2019-04-03T19:30:00+09:00,J2,661,695,1356
2019-04-03T19:30:00+09:00,J3,1078,880,1958
2019-04-03T19:30:00+09:00,J4,678,678,1356
2019-04-03T19:30:00+09:00,J5,429,565,994
2019-04-03T19:45:00+09:00,J1,1081,1202,2283
2019-04-03T19:45:00+09:00,J2,534,556,1090
2019-04-03T19:45:00+09:00,J3,1103,839,1942
2019-04-03T19:45:00+09:00,J4,649,642,1291
2019-04-03T19:45:00+09:00,J5,394,498,892
2019-04-03T20:00:00+09:00,J1,1060,1220,2280
2019-04-03T20:00:00+09:00,J2,574,619,1193
2019-04-03T20:00:00+09:00,J3,1000,803,1803
2019-04-03T20:00:00+09:00,J4,634,656,1290
2019-04-03T20:00:00+09:00,J5,410,540,950
2019-04-03T20:15:00+09:00,J1,1018,1275,2293
2019-04-03T20:15:00+09:00,J2,533,619,1152
2019-04-03T20:15:00+09:00,J3,1125,934,2059
2019-04-03T20:15:00+09:00,J4,690,687,1377
2019-04-03T20:15:00+09:00,J5,360,484,844
2019-04-03T20:30:00+09:00,J1,1052,1274,2326
2019-04-03T20:30:00+09:00,J2,543,547,1090
2019-04-03T20:30:00+09:00,J3,1070,868,1938
2019-04-03T20:30:00+09:00,J4,715,706,1421
2019-04-03T20:30:00+09:00,J5,395,446,841
2019-04-03T20:45:00+09:00,J1,1038,1266,2304
2019-04-03T20:45:00+09:00,J2,647,619,1266
2019-04-03T20:45:00+09:00,J3,1029,766,1795
2019-04-03T20:45:00+09:00,J4,670,718,1388
2019-04-03T20:45:00+09:00,J5,386,427,813
2019-04-03T21:00:00+09:00,J1,994,1176,2170
2019-04-03T21:00:00+09:00,J2,772,685,1457
2019-04-03T21:00:00+09:00,J3,801,751,1552
2019-04-03T21:00:00+09:00,J4,731,781,1512
2019-04-03T21:00:00+09:00,J5,369,394,763
2019-04-03T21:15:00+09:00,J1,1017,1180,2197
2019-04-03T21:15:00+09:00,J2,716,667,1383
2019-04-03T21:15:00+09:00,J3,910,889,1799
2019-04-03T21:15:00+09:00,J4,754,764,1518
2019-04-03T21:15:00+09:00,J5,366,379,745
2019-04-03T21:30:00+09:00,J1,1006,1193,2199
2019-04-03T21:30:00+09:00,J2,616,615,1231
2019-04-03T21:30:00+09:00,J3,847,904,1751
2019-04-03T21:30:00+09:00,J4,680,827,1507
2019-04-03T21:30:00+09:00,J5,388,372,760
2019-04-03T21:45:00+09:00,J1,973,1135,2108
2019-04-03T21:45:00+09:00,J2,565,616,1181
2019-04-03T21:45:00+09:00,J3,906,912,1818
2019-04-03T21:45:00+09:00,J4,666,742,1408
2019-04-03T21:45:00+09:00,J5,335,354,689
2019-04-03T22:00:00+09:00,J1,993,1122,2115
2019-04-03T22:00:00+09:00,J2,482,599,1081
2019-04-03T22:00:00+09:00,J3,1034,873,1907
2019-04-03T22:00:00+09:00,J4,747,720,1467
2019-04-03T22:00:00+09:00,J5,385,336,721
2019-04-03T22:15:00+09:00,J1,1031,1150,2181
2019-04-03T22:15:00+09:00,J2,474,648,1122
2019-04-03T22:15:00+09:00,J3,971,873,1844
2019-04-03T22:15:00+09:00,J4,655,751,1406
2019-04-03T22:15:00+09:00,J5,394,361,755
2019-04-03T22:30:00+09:00,J1,972,1099,2071
2019-04-03T22:30:00+09:00,J2,612,663,1275
2019-04-03T22:30:00+09:00,J3,1071,836,1907
2019-04-03T22:30:00+09:00,J4,655,728,1383
2019-04-03T22:30:00+09:00,J5,426,364,790
2019-04-03T22:45:00+09:00,J1,1004,1011,2015
2019-04-03T22:45:00+09:00,J2,864,839,1703
2019-04-03T22:45:00+09:00,J3,1028,791,1819
2019-04-03T22:45:00+09:00,J4,633,766,1399
2019-04-03T22:45:00+09:00,J5,401,387,788
2019-04-03T23:00:00+09:00,J1,1002,1006,2008
2019-04-03T23:00:00+09:00,J2,716,670,1386
2019-04-03T23:00:00+09:00,J3,1013,793,1806
2019-04-03T23:00:00+09:00,J4,635,762,1397
2019-04-03T23:00:00+09:00,J5,424,417,841
2019-04-03T23:15:00+09:00,J1,943,1030,1973
2019-04-03T23:15:00+09:00,J2,487,581,1068
2019-04-03T23:15:00+09:00,J3,900,719,1619
2019-04-03T23:15:00+09:00,J4,648,777,1425
2019-04-03T23:15:00+09:00,J5,446,376,822
2019-04-03T23:30:00+09:00,J1,781,801,1582
2019-04-03T23:30:00+09:00,J2,389,510,899
2019-04-03T23:30:00+09:00,J3,765,577,1342
2019-04-03T23:30:00+09:00,J4,502,662,1164
2019-04-03T23:30:00+09:00,J5,377,365,742
2019-04-03T23:45:00+09:00,J1,1043,1110,2153
2019-04-03T23:45:00+09:00,J2,516,536,1052
2019-04-03T23:45:00+09:00,J3,1000,832,1832
2019-04-03T23:45:00+09:00,J4,524,728,1252
2019-04-03T23:45:00+09:00,J5,459,431,890
2019-04-04T00:00:00+09:00,J1,669,663,1332
2019-04-04T00:00:00+09:00,J2,422,441,863
2019-04-04T00:00:00+09:00,J3,668,525,1193
2019-04-04T00:00:00+09:00,J4,483,617,1100
2019-04-04T00:00:00+09:00,J5,427,430,857
2019-04-04T00:15:00+09:00,J1,456,553,1009
2019-04-04T00:15:00+09:00,J2,440,384,824
2019-04-04T00:15:00+09:00,J3,439,416,855
2019-04-04T00:15:00+09:00,J4,543,597,1140
2019-04-04T00:15:00+09:00,J5,485,467,952
2019-04-04T00:30:00+09:00,J1,431,445,876
2019-04-04T00:30:00+09:00,J2,406,423,829
2019-04-04T00:30:00+09:00,J3,404,381,785
2019-04-04T00:30:00+09:00,J4,642,650,1292
2019-04-04T00:30:00+09:00,J5,578,537,1115
2019-04-04T00:45:00+09:00,J1,404,338,742
2019-04-04T00:45:00+09:00,J2,406,409,815
2019-04-04T00:45:00+09:00,J3,422,365,787
2019-04-04T00:45:00+09:00,J4,655,684,1339
2019-04-04T00:45:00+09:00,J5,558,563,1121
2019-04-04T05:45:00+09:00,J1,751,717,1468
2019-04-04T05:45:00+09:00,J2,594,541,1135
2019-04-04T05:45:00+09:00,J3,831,743,1574
2019-04-04T05:45:00+09:00,J4,829,741,1570
2019-04-04T05:45:00+09:00,J5,537,469,1006
2019-04-04T06:00:00+09:00,J1,661,700,1361
2019-04-04T06:00:00+09:00,J2,549,497,1046
2019-04-04T06:00:00+09:00,J3,803,772,1575
2019-04-04T06:00:00+09:00,J4,876,766,1642
2019-04-04T06:00:00+09:00,J5,516,485,1001
2019-04-04T06:15:00+09:00,J1,860,854,1714
2019-04-04T06:15:00+09:00,J2,532,481,1013
2019-04-04T06:15:00+09:00,J3,754,755,1509
2019-04-04T06:15:00+09:00,J4,817,768,1585
2019-04-04T06:15:00+09:00,J5,559,519,1078
2019-04-04T06:30:00+09:00,J1,801,840,1641
2019-04-04T06:30:00+09:00,J2,503,440,943
2019-04-04T06:30:00+09:00,J3,676,632,1308
2019-04-04T06:30:00+09:00,J4,837,883,1720
2019-04-04T06:30:00+09:00,J5,537,546,1083
2019-04-04T06:45:00+09:00,J1,863,941,1804
2019-04-04T06:45:00+09:00,J2,547,550,1097
2019-04-04T06:45:00+09:00,J3,607,634,1241
2019-04-04T06:45:00+09:00,J4,944,1029,1973
2019-04-04T06:45:00+09:00,J5,615,482,1097
2019-04-04T07:00:00+09:00,J1,967,967,1934
2019-04-04T07:00:00+09:00,J2,591,642,1233
2019-04-04T07:00:00+09:00,J3,628,646,1274
2019-04-04T07:00:00+09:00,J4,794,821,1615
2019-04-04T07:00:00+09:00,J5,627,589,1216
2019-04-04T07:15:00+09:00,J1,986,1116,2102
2019-04-04T07:15:00+09:00,J2,805,651,1456
2019-04-04T07:15:00+09:00,J3,637,635,1272
2019-04-04T07:15:00+09:00,J4,909,886,1795
2019-04-04T07:15:00+09:00,J5,591,610,1201
2019-04-04T07:30:00+09:00,J1,1142,1174,2316
2019-04-04T07:30:00+09:00,J2,593,638,1231
2019-04-04T07:30:00+09:00,J3,1113,1093,2206
2019-04-04T07:30:00+09:00,J4,956,984,1940
2019-04-04T07:30:00+09:00,J5,550,599,1149
2019-04-04T07:45:00+09:00,J1,1169,1141,2310
2019-04-04T07:45:00+09:00,J2,713,487,1200
2019-04-04T07:45:00+09:00,J3,1196,1136,2332
2019-04-04T07:45:00+09:00,J4,783,1001,1784
2019-04-04T07:45:00+09:00,J5,766,736,1502
2019-04-04T08:00:00+09:00,J1,1354,1328,2682
2019-04-04T08:00:00+09:00,J2,1098,787,1885
2019-04-04T08:00:00+09:00,J3,1344,1389,2733
2019-04-04T08:00:00+09:00,J4,691,1044,1735
2019-04-04T08:00:00+09:00,J5,630,703,1333
2019-04-04T08:15:00+09:00,J1,1477,1258,2735
2019-04-04T08:15:00+09:00,J2,1046,707,1753
2019-04-04T08:15:00+09:00,J3,1328,1489,2817
2019-04-04T08:15:00+09:00,J4,666,1059,1725
2019-04-04T08:15:00+09:00,J5,658,702,1360
2019-04-04T08:30:00+09:00,J1,1489,1322,2811
2019-04-04T08:30:00+09:00,J2,1094,683,1777
2019-04-04T08:30:00+09:00,J3,1148,1419,2567
2019-04-04T08:30:00+09:00,J4,682,1015,1697
2019-04-04T08:30:00+09:00,J5,585,635,1220
2019-04-04T08:45:00+09:00,J1,1239,1254,2493
2019-04-04T08:45:00+09:00,J2,817,675,1492
2019-04-04T08:45:00+09:00,J3,945,1102,2047
2019-04-04T08:45:00+09:00,J4,598,837,1435
2019-04-04T08:45:00+09:00,J5,590,648,1238
2019-04-04T09:00:00+09:00,J1,1262,1165,2427
2019-04-04T09:00:00+09:00,J2,726,650,1376
2019-04-04T09:00:00+09:00,J3,971,981,1952
2019-04-04T09:00:00+09:00,J4,599,764,1363
2019-04-04T09:00:00+09:00,J5,689,663,1352
2019-04-04T09:15:00+09:00,J1,1138,1058,2196
2019-04-04T09:15:00+09:00,J2,661,689,1350
2019-04-04T09:15:00+09:00,J3,907,844,1751
2019-04-04T09:15:00+09:00,J4,662,754,1416
2019-04-04T09:15:00+09:00,J5,543,501,1044
2019-04-04T09:30:00+09:00,J1,1170,1143,2313
2019-04-04T09:30:00+09:00,J2,720,642,1362
2019-04-04T09:30:00+09:00,J3,978,863,1841
2019-04-04T09:30:00+09:00,J4,617,774,1391
2019-04-04T09:30:00+09:00,J5,463,472,935
2019-04-04T09:45:00+09:00,J1,1042,1139,2181
2019-04-04T09:45:00+09:00,J2,670,730,1400
2019-04-04T09:45:00+09:00,J3,833,880,1713
2019-04-04T09:45:00+09:00,J4,594,680,1274
2019-04-04T09:45:00+09:00,J5,384,400,784
2019-04-04T10:00:00+09:00,J1,1125,1093,2218
2019-04-04T10:00:00+09:00,J2,657,687,1344
2019-04-04T10:00:00+09:00,J3,862,811,1673
2019-04-04T10:00:00+09:00,J4,605,662,1267
2019-04-04T10:00:00+09:00,J5,315,393,708
2019-04-04T10:15:00+09:00,J1,981,987,1968
2019-04-04T10:15:00+09:00,J2,673,686,1359
2019-04-04T10:15:00+09:00,J3,861,800,1661
2019-04-04T10:15:00+09:00,J4,564,645,1209
2019-04-04T10:15:00+09:00,J5,329,414,743
2019-04-04T10:30:00+09:00,J1,1092,1039,2131
2019-04-04T10:30:00+09:00,J2,634,741,1375
2019-04-04T10:30:00+09:00,J3,878,809,1687
2019-04-04T10:30:00+09:00,J4,613,708,1321
2019-04-04T10:30:00+09:00,J5,301,404,705
2019-04-04T10:45:00+09:00,J1,1048,1111,2159
2019-04-04T10:45:00+09:00,J2,751,718,1469
2019-04-04T10:45:00+09:00,J3,871,863,1734
2019-04-04T10:45:00+09:00,J4,608,657,1265
2019-04-04T10:45:00+09:00,J5,398,454,852
2019-04-04T11:00:00+09:00,J1,1124,1140,2264
2019-04-04T11:00:00+09:00,J2,779,767,1546
2019-04-04T11:00:00+09:00,J3,854,781,1635
2019-04-04T11:00:00+09:00,J4,580,701,1281
2019-04-04T11:00:00+09:00,J5,405,456,861
2019-04-04T11:15:00+09:00,J1,1075,1152,2227
2019-04-04T11:15:00+09:00,J2,845,846,1691
2019-04-04T11:15:00+09:00,J3,1037,985,2022
2019-04-04T11:15:00+09:00,J4,624,665,1289
2019-04-04T11:15:00+09:00,J5,609,626,1235
2019-04-04T11:30:00+09:00,J1,1066,1151,2217
2019-04-04T11:30:00+09:00,J2,871,721,1592
2019-04-04T11:30:00+09:00,J3,901,953,1854
2019-04-04T11:30:00+09:00,J4,734,776,1510
2019-04-04T11:30:00+09:00,J5,664,680,1344
2019-04-04T11:45:00+09:00,J1,1084,1186,2270
2019-04-04T11:45:00+09:00,J2,788,618,1406
2019-04-04T11:45:00+09:00,J3,889,887,1776
2019-04-04T11:45:00+09:00,J4,773,746,1519
2019-04-04T11:45:00+09:00,J5,591,586,1177
2019-04-04T12:00:00+09:00,J1,981,1109,2090
2019-04-04T12:00:00+09:00,J2,734,577,1311
2019-04-04T12:00:00+09:00,J3,865,903,1768
2019-04-04T12:00:00+09:00,J4,853,895,1748
2019-04-04T12:00:00+09:00,J5,548,516,1064
2019-04-04T12:15:00+09:00,J1,884,1065,1949
2019-04-04T12:15:00+09:00,J2,825,686,1511
2019-04-04T12:15:00+09:00,J3,1033,1002,2035
2019-04-04T12:15:00+09:00,J4,947,891,1838
2019-04-04T12:15:00+09:00,J5,649,666,1315
2019-04-04T12:30:00+09:00,J1,909,1008,1917
2019-04-04T12:30:00+09:00,J2,677,739,1416
2019-04-04T12:30:00+09:00,J3,1097,985,2082
2019-04-04T12:30:00+09:00,J4,903,921,1824
2019-04-04T12:30:00+09:00,J5,640,666,1306
2019-04-04T12:45:00+09:00,J1,835,1009,1844
2019-04-04T12:45:00+09:00,J2,577,573,1150
2019-04-04T12:45:00+09:00,J3,1067,949,2016
2019-04-04T12:45:00+09:00,J4,946,921,1867
2019-04-04T12:45:00+09:00,J5,638,571,1209
2019-04-04T13:00:00+09:00,J1,886,1022,1908
2019-04-04T13:00:00+09:00,J2,535,563,1098
2019-04-04T13:00:00+09:00,J3,949,912,1861
2019-04-04T13:00:00+09:00,J4,979,863,1842
2019-04-04T13:00:00+09:00,J5,550,557,1107
2019-04-04T13:15:00+09:00,J1,885,975,1860
2019-04-04T13:15:00+09:00,J2,598,610,1208
2019-04-04T13:15:00+09:00,J3,983,953,1936
2019-04-04T13:15:00+09:00,J4,991,878,1869
2019-04-04T13:15:00+09:00,J5,607,570,1177
2019-04-04T13:30:00+09:00,J1,881,950,1831
2019-04-04T13:30:00+09:00,J2,585,605,1190
2019-04-04T13:30:00+09:00,J3,986,849,1835
2019-04-04T13:30:00+09:00,J4,951,872,1823
2019-04-04T13:30:00+09:00,J5,573,538,1111
2019-04-04T13:45:00+09:00,J1,896,969,1865
2019-04-04T13:45:00+09:00,J2,602,571,1173
2019-04-04T13:45:00+09:00,J3,861,906,1767
2019-04-04T13:45:00+09:00,J4,946,903,1849
2019-04-04T13:45:00+09:00,J5,564,558,1122
2019-04-04T14:00:00+09:00,J1,791,975,1766
2019-04-04T14:00:00+09:00,J2,611,628,1239
2019-04-04T14:00:00+09:00,J3,872,836,1708
2019-04-04T14:00:00+09:00,J4,955,970,1925
2019-04-04T14:00:00+09:00,J5,551,498,1049
2019-04-04T14:15:00+09:00,J1,850,965,1815
2019-04-04T14:15:00+09:00,J2,517,567,1084
2019-04-04T14:15:00+09:00,J3,879,794,1673
2019-04-04T14:15:00+09:00,J4,908,819,1727
2019-04-04T14:15:00+09:00,J5,515,547,1062
2019-04-04T14:30:00+09:00,J1,858,943,1801
2019-04-04T14:30:00+09:00,J2,575,639,1214
2019-04-04T14:30:00+09:00,J3,958,940,1898
2019-04-04T14:30:00+09:00,J4,947,850,1797
2019-04-04T14:30:00+09:00,J5,564,547,1111
2019-04-04T14:45:00+09:00,J1,836,915,1751
2019-04-04T14:45:00+09:00,J2,558,600,1158
2019-04-04T14:45:00+09:00,J3,847,860,1707
2019-04-04T14:45:00+09:00,J4,926,878,1804
2019-04-04T14:45:00+09:00,J5,584,504,1088
2019-04-04T15:00:00+09:00,J1,804,933,1737
2019-04-04T15:00:00+09:00,J2,542,566,1108
2019-04-04T15:00:00+09:00,J3,818,812,1630
2019-04-04T15:00:00+09:00,J4,908,871,1779
2019-04-04T15:00:00+09:00,J5,553,496,1049
2019-04-04T15:15:00+09:00,J1,835,978,1813
2019-04-04T15:15:00+09:00,J2,577,653,1230
2019-04-04T15:15:00+09:00,J3,865,844,1709
2019-04-04T15:15:00+09:00,J4,931,873,1804
2019-04-04T15:15:00+09:00,J5,560,531,1091
2019-04-04T15:30:00+09:00,J1,815,969,1784
2019-04-04T15:30:00+09:00,J2,631,623,1254
2019-04-04T15:30:00+09:00,J3,906,789,1695
2019-04-04T15:30:00+09:00,J4,871,793,1664
2019-04-04T15:30:00+09:00,J5,596,550,1146
2019-04-04T15:45:00+09:00,J1,826,964,1790
2019-04-04T15:45:00+09:00,J2,596,552,1148
2019-04-04T15:45:00+09:00,J3,820,820,1640
2019-04-04T15:45:00+09:00,J4,827,841,1668
2019-04-04T15:45:00+09:00,J5,558,545,1103
2019-04-04T16:00:00+09:00,J1,854,980,1834
2019-04-04T16:00:00+09:00,J2,596,596,1192
2019-04-04T16:00:00+09:00,J3,781,822,1603
2019-04-04T16:00:00+09:00,J4,835,833,1668
2019-04-04T16:00:00+09:00,J5,487,499,986
2019-04-04T16:15:00+09:00,J1,919,940,1859
2019-04-04T16:15:00+09:00,J2,588,566,1154
2019-04-04T16:15:00+09:00,J3,795,768,1563
2019-04-04T16:15:00+09:00,J4,850,799,1649
2019-04-04T16:15:00+09:00,J5,457,470,927
2019-04-04T16:30:00+09:00,J1,879,1024,1903
2019-04-04T16:30:00+09:00,J2,653,608,1261
2019-04-04T16:30:00+09:00,J3,885,795,1680
2019-04-04T16:30:00+09:00,J4,882,810,1692
2019-04-04T16:30:00+09:00,J5,523,531,1054
2019-04-04T16:45:00+09:00,J1,845,979,1824
2019-04-04T16:45:00+09:00,J2,735,608,1343
2019-04-04T16:45:00+09:00,J3,845,757,1602
2019-04-04T16:45:00+09:00,J4,900,797,1697
2019-04-04T16:45:00+09:00,J5,522,442,964
2019-04-04T17:00:00+09:00,J1,957,1082,2039
2019-04-04T17:00:00+09:00,J2,683,657,1340
2019-04-04T17:00:00+09:00,J3,1121,888,2009
2019-04-04T17:00:00+09:00,J4,1021,890,1911
2019-04-04T17:00:00+09:00,J5,447,495,942
2019-04-04T17:15:00+09:00,J1,1038,1190,2228
2019-04-04T17:15:00+09:00,J2,803,705,1508
2019-04-04T17:15:00+09:00,J3,1144,1016,2160
2019-04-04T17:15:00+09:00,J4,907,851,1758
2019-04-04T17:15:00+09:00,J5,496,578,1074
2019-04-04T17:30:00+09:00,J1,996,1198,2194
2019-04-04T17:30:00+09:00,J2,763,723,1486
2019-04-04T17:30:00+09:00,J3,1161,932,2093
2019-04-04T17:30:00+09:00,J4,1027,964,1991
2019-04-04T17:30:00+09:00,J5,502,670,1172
2019-04-04T17:45:00+09:00,J1,995,1245,2240
2019-04-04T17:45:00+09:00,J2,865,803,1668
2019-04-04T17:45:00+09:00,J3,1268,961,2229
2019-04-04T17:45:00+09:00,J4,1032,949,1981
2019-04-04T17:45:00+09:00,J5,704,768,1472
2019-04-04T18:00:00+09:00,J1,993,1215,2208
2019-04-04T18:00:00+09:00,J2,856,855,1711
2019-04-04T18:00:00+09:00,J3,1238,906,2144
2019-04-04T18:00:00+09:00,J4,1044,979,2023
2019-04-04T18:00:00+09:00,J5,744,797,1541
2019-04-04T18:15:00+09:00,J1,962,1199,2161
2019-04-04T18:15:00+09:00,J2,855,803,1658
2019-04-04T18:15:00+09:00,J3,1183,941,2124
2019-04-04T18:15:00+09:00,J4,1160,855,2015
2019-04-04T18:15:00+09:00,J5,777,781,1558
2019-04-04T18:30:00+09:00,J1,943,1128,2071
2019-04-04T18:30:00+09:00,J2,908,754,1662
2019-04-04T18:30:00+09:00,J3,976,843,1819
2019-04-04T18:30:00+09:00,J4,1026,885,1911
2019-04-04T18:30:00+09:00,J5,676,768,1444
2019-04-04T18:45:00+09:00,J1,985,1098,2083
2019-04-04T18:45:00+09:00,J2,903,719,1622
2019-04-04T18:45:00+09:00,J3,814,754,1568
2019-04-04T18:45:00+09:00,J4,1009,855,1864
2019-04-04T18:45:00+09:00,J5,697,730,1427
2019-04-04T19:00:00+09:00,J1,912,1100,2012
2019-04-04T19:00:00+09:00,J2,749,638,1387
2019-04-04T19:00:00+09:00,J3,862,791,1653
2019-04-04T19:00:00+09:00,J4,1044,888,1932
2019-04-04T19:00:00+09:00,J5,693,745,1438
2019-04-04T19:15:00+09:00,J1,948,1180,2128
2019-04-04T19:15:00+09:00,J2,757,648,1405
2019-04-04T19:15:00+09:00,J3,861,817,1678
2019-04-04T19:15:00+09:00,J4,990,819,1809
2019-04-04T19:15:00+09:00,J5,611,688,1299
2019-04-04T19:30:00+09:00,J1,1018,1121,2139
2019-04-04T19:30:00+09:00,J2,727,651,1378
2019-04-04T19:30:00+09:00,J3,831,781,1612
2019-04-04T19:30:00+09:00,J4,976,777,1753
2019-04-04T19:30:00+09:00,J5,579,664,1243
2019-04-04T19:45:00+09:00,J1,935,1118,2053
2019-04-04T19:45:00+09:00,J2,816,712,1528
2019-04-04T19:45:00+09:00,J3,795,747,1542
2019-04-04T19:45:00+09:00,J4,897,755,1652
2019-04-04T19:45:00+09:00,J5,517,624,1141
2019-04-04T20:00:00+09:00,J1,938,1200,2138
2019-04-04T20:00:00+09:00,J2,790,837,1627
2019-04-04T20:00:00+09:00,J3,825,832,1657
2019-04-04T20:00:00+09:00,J4,855,768,1623
2019-04-04T20:00:00+09:00,J5,501,636,1137
2019-04-04T20:15:00+09:00,J1,927,1138,2065
2019-04-04T20:15:00+09:00,J2,862,720,1582
2019-04-04T20:15:00+09:00,J3,947,884,1831
2019-04-04T20:15:00+09:00,J4,880,812,1692
2019-04-04T20:15:00+09:00,J5,541,635,1176
2019-04-04T20:30:00+09:00,J1,1008,1096,2104
2019-04-04T20:30:00+09:00,J2,852,801,1653
2019-04-04T20:30:00+09:00,J3,970,979,1949
2019-04-04T20:30:00+09:00,J4,786,743,1529
2019-04-04T20:30:00+09:00,J5,483,547,1030
2019-04-04T20:45:00+09:00,J1,1004,1097,2101
2019-04-04T20:45:00+09:00,J2,853,782,1635
2019-04-04T20:45:00+09:00,J3,1011,896,1907
2019-04-04T20:45:00+09:00,J4,634,647,1281
2019-04-04T20:45:00+09:00,J5,410,462,872
2019-04-04T21:00:00+09:00,J1,910,1018,1928
2019-04-04T21:00:00+09:00,J2,739,726,1465
2019-04-04T21:00:00+09:00,J3,909,868,1777
2019-04-04T21:00:00+09:00,J4,629,611,1240
2019-04-04T21:00:00+09:00,J5,385,432,817
2019-04-04T21:15:00+09:00,J1,904,1067,1971
2019-04-04T21:15:00+09:00,J2,680,705,1385
2019-04-04T21:15:00+09:00,J3,943,780,1723
2019-04-04T21:15:00+09:00,J4,650,669,1319
2019-04-04T21:15:00+09:00,J5,358,442,800
2019-04-04T21:30:00+09:00,J1,886,1041,1927
2019-04-04T21:30:00+09:00,J2,596,664,1260
2019-04-04T21:30:00+09:00,J3,878,838,1716
2019-04-04T21:30:00+09:00,J4,605,625,1230
2019-04-04T21:30:00+09:00,J5,365,390,755
2019-04-04T21:45:00+09:00,J1,913,1133,2046
2019-04-04T21:45:00+09:00,J2,578,697,1275
2019-04-04T21:45:00+09:00,J3,882,885,1767
2019-04-04T21:45:00+09:00,J4,601,703,1304
2019-04-04T21:45:00+09:00,J5,303,353,656
2019-04-04T22:00:00+09:00,J1,856,941,1797
2019-04-04T22:00:00+09:00,J2,484,553,1037
2019-04-04T22:00:00+09:00,J3,968,847,1815
2019-04-04T22:00:00+09:00,J4,655,644,1299
2019-04-04T22:00:00+09:00,J5,298,337,635
2019-04-04T22:15:00+09:00,J1,819,952,1771
2019-04-04T22:15:00+09:00,J2,580,610,1190
2019-04-04T22:15:00+09:00,J3,1041,895,1936
2019-04-04T22:15:00+09:00,J4,617,696,1313
2019-04-04T22:15:00+09:00,J5,288,326,614
2019-04-04T22:30:00+09:00,J1,859,1007,1866
2019-04-04T22:30:00+09:00,J2,534,570,1104
2019-04-04T22:30:00+09:00,J3,953,909,1862
2019-04-04T22:30:00+09:00,J4,659,713,1372
2019-04-04T22:30:00+09:00,J5,326,349,675
2019-04-04T22:45:00+09:00,J1,862,929,1791
2019-04-04T22:45:00+09:00,J2,387,525,912
2019-04-04T22:45:00+09:00,J3,1021,944,1965
2019-04-04T22:45:00+09:00,J4,626,723,1349
2019-04-04T22:45:00+09:00,J5,332,350,682
2019-04-04T23:00:00+09:00,J1,870,955,1825
2019-04-04T23:00:00+09:00,J2,473,602,1075
2019-04-04T23:00:00+09:00,J3,1102,894,1996
2019-04-04T23:00:00+09:00,J4,631,690,1321
2019-04-04T23:00:00+09:00,J5,286,337,623
2019-04-04T23:15:00+09:00,J1,866,924,1790
2019-04-04T23:15:00+09:00,J2,413,551,964
2019-04-04T23:15:00+09:00,J3,1062,879,1941
2019-04-04T23:15:00+09:00,J4,625,778,1403
2019-04-04T23:15:00+09:00,J5,342,353,695
2019-04-04T23:30:00+09:00,J1,822,923,1745
2019-04-04T23:30:00+09:00,J2,388,445,833
2019-04-04T23:30:00+09:00,J3,1022,842,1864
2019-04-04T23:30:00+09:00,J4,537,668,1205
2019-04-04T23:30:00+09:00,J5,348,345,693
2019-04-04T23:45:00+09:00,J1,773,914,1687
2019-04-04T23:45:00+09:00,J2,441,439,880
2019-04-04T23:45:00+09:00,J3,1031,776,1807
2019-04-04T23:45:00+09:00,J4,553,573,1126
2019-04-04T23:45:00+09:00,J5,354,304,658
2019-04-05T00:00:00+09:00,J1,694,688,1382
2019-04-05T00:00:00+09:00,J2,393,494,887
2019-04-05T00:00:00+09:00,J3,990,714,1704
2019-04-05T00:00:00+09:00,J4,491,582,1073
2019-04-05T00:00:00+09:00,J5,340,316,656
2019-04-05T00:15:00+09:00,J1,536,518,1054
2019-04-05T00:15:00+09:00,J2,397,418,815
2019-04-05T00:15:00+09:00,J3,613,524,1137
2019-04-05T00:15:00+09:00,J4,380,439,819
2019-04-05T00:15:00+09:00,J5,362,379,741
2019-04-05T00:30:00+09:00,J1,488,497,985
2019-04-05T00:30:00+09:00,J2,373,385,758
2019-04-05T00:30:00+09:00,J3,531,471,1002
2019-04-05T00:30:00+09:00,J4,456,509,965
2019-04-05T00:30:00+09:00,J5,389,451,840
2019-04-05T00:45:00+09:00,J1,485,572,1057
2019-04-05T00:45:00+09:00,J2,387,407,794
2019-04-05T00:45:00+09:00,J3,474,398,872
2019-04-05T00:45:00+09:00,J4,403,452,855
2019-04-05T00:45:00+09:00,J5,396,452,848
2019-04-05T05:45:00+09:00,J1,817,770,1587
2019-04-05T05:45:00+09:00,J2,765,692,1457
2019-04-05T05:45:00+09:00,J3,464,440,904
2019-04-05T05:45:00+09:00,J4,608,739,1347
2019-04-05T05:45:00+09:00,J5,600,588,1188
2019-04-05T06:00:00+09:00,J1,733,727,1460
2019-04-05T06:00:00+09:00,J2,678,597,1275
2019-04-05T06:00:00+09:00,J3,396,423,819
2019-04-05T06:00:00+09:00,J4,719,716,1435
2019-04-05T06:00:00+09:00,J5,571,574,1145
2019-04-05T06:15:00+09:00,J1,806,844,1650
2019-04-05T06:15:00+09:00,J2,663,548,1211
2019-04-05T06:15:00+09:00,J3,367,346,713
2019-04-05T06:15:00+09:00,J4,687,653,1340
2019-04-05T06:15:00+09:00,J5,554,600,1154
2019-04-05T06:30:00+09:00,J1,846,809,1655
2019-04-05T06:30:00+09:00,J2,575,497,1072
2019-04-05T06:30:00+09:00,J3,359,355,714
2019-04-05T06:30:00+09:00,J4,663,675,1338
2019-04-05T06:30:00+09:00,J5,518,510,1028
2019-04-05T06:45:00+09:00,J1,906,868,1774
2019-04-05T06:45:00+09:00,J2,683,589,1272
2019-04-05T06:45:00+09:00,J3,323,336,659
2019-04-05T06:45:00+09:00,J4,742,702,1444
2019-04-05T06:45:00+09:00,J5,565,530,1095
2019-04-05T07:00:00+09:00,J1,976,983,1959
2019-04-05T07:00:00+09:00,J2,725,664,1389
2019-04-05T07:00:00+09:00,J3,384,308,692
2019-04-05T07:00:00+09:00,J4,823,827,1650
2019-04-05T07:00:00+09:00,J5,549,538,1087
2019-04-05T07:15:00+09:00,J1,959,1018,1977
2019-04-05T07:15:00+09:00,J2,751,726,1477
2019-04-05T07:15:00+09:00,J3,369,395,764
2019-04-05T07:15:00+09:00,J4,771,781,1552
2019-04-05T07:15:00+09:00,J5,495,513,1008
2019-04-05T07:30:00+09:00,J1,1117,1062,2179
2019-04-05T07:30:00+09:00,J2,696,619,1315
2019-04-05T07:30:00+09:00,J3,647,647,1294
2019-04-05T07:30:00+09:00,J4,863,895,1758
2019-04-05T07:30:00+09:00,J5,559,547,1106
2019-04-05T07:45:00+09:00,J1,1177,1224,2401
2019-04-05T07:45:00+09:00,J2,793,555,1348
2019-04-05T07:45:00+09:00,J3,570,627,1197
2019-04-05T07:45:00+09:00,J4,789,1025,1814
2019-04-05T07:45:00+09:00,J5,763,756,1519
2019-04-05T08:00:00+09:00,J1,1297,1291,2588
2019-04-05T08:00:00+09:00,J2,1132,779,1911
2019-04-05T08:00:00+09:00,J3,643,779,1422
2019-04-05T08:00:00+09:00,J4,742,1021,1763
2019-04-05T08:00:00+09:00,J5,758,732,1490
2019-04-05T08:15:00+09:00,J1,1442,1383,2825
2019-04-05T08:15:00+09:00,J2,1059,713,1772
2019-04-05T08:15:00+09:00,J3,629,841,1470
2019-04-05T08:15:00+09:00,J4,793,1167,1960
2019-04-05T08:15:00+09:00,J5,609,639,1248
2019-04-05T08:30:00+09:00,J1,1438,1318,2756
2019-04-05T08:30:00+09:00,J2,1047,732,1779
2019-04-05T08:30:00+09:00,J3,650,810,1460
2019-04-05T08:30:00+09:00,J4,748,1173,1921
2019-04-05T08:30:00+09:00,J5,525,600,1125
2019-04-05T08:45:00+09:00,J1,1314,1281,2595
2019-04-05T08:45:00+09:00,J2,781,728,1509
2019-04-05T08:45:00+09:00,J3,649,796,1445
2019-04-05T08:45:00+09:00,J4,589,884,1473
2019-04-05T08:45:00+09:00,J5,618,692,1310
2019-04-05T09:00:00+09:00,J1,1279,1201,2480
2019-04-05T09:00:00+09:00,J2,793,707,1500
2019-04-05T09:00:00+09:00,J3,706,662,1368
2019-04-05T09:00:00+09:00,J4,636,839,1475
2019-04-05T09:00:00+09:00,J5,633,680,1313
2019-04-05T09:15:00+09:00,J1,1213,1102,2315
2019-04-05T09:15:00+09:00,J2,757,685,1442
2019-04-05T09:15:00+09:00,J3,634,605,1239
2019-04-05T09:15:00+09:00,J4,685,936,1621
2019-04-05T09:15:00+09:00,J5,434,513,947
2019-04-05T09:30:00+09:00,J1,1292,1224,2516
2019-04-05T09:30:00+09:00,J2,693,690,1383
2019-04-05T09:30:00+09:00,J3,615,601,1216
2019-04-05T09:30:00+09:00,J4,780,891,1671
2019-04-05T09:30:00+09:00,J5,414,421,835
2019-04-05T09:45:00+09:00,J1,1147,1227,2374
2019-04-05T09:45:00+09:00,J2,677,681,1358
2019-04-05T09:45:00+09:00,J3,510,533,1043
2019-04-05T09:45:00+09:00,J4,668,863,1531
2019-04-05T09:45:00+09:00,J5,357,358,715
2019-04-05T10:00:00+09:00,J1,1123,1222,2345
2019-04-05T10:00:00+09:00,J2,645,613,1258
2019-04-05T10:00:00+09:00,J3,496,555,1051
2019-04-05T10:00:00+09:00,J4,721,806,1527
2019-04-05T10:00:00+09:00,J5,298,359,657
2019-04-05T10:15:00+09:00,J1,1167,1181,2348
2019-04-05T10:15:00+09:00,J2,663,620,1283
2019-04-05T10:15:00+09:00,J3,471,528,999
2019-04-05T10:15:00+09:00,J4,665,840,1505
2019-04-05T10:15:00+09:00,J5,337,333,670
2019-04-05T10:30:00+09:00,J1,1076,1218,2294
2019-04-05T10:30:00+09:00,J2,725,655,1380
2019-04-05T10:30:00+09:00,J3,532,566,1098
2019-04-05T10:30:00+09:00,J4,718,804,1522
2019-04-05T10:30:00+09:00,J5,400,413,813
2019-04-05T10:45:00+09:00,J1,1111,1207,2318
2019-04-05T10:45:00+09:00,J2,672,676,1348
2019-04-05T10:45:00+09:00,J3,570,542,1112
2019-04-05T10:45:00+09:00,J4,776,821,1597
2019-04-05T10:45:00+09:00,J5,381,423,804
2019-04-05T11:00:00+09:00,J1,1151,1165,2316
2019-04-05T11:00:00+09:00,J2,687,739,1426
2019-04-05T11:00:00+09:00,J3,566,595,1161
2019-04-05T11:00:00+09:00,J4,757,836,1593
2019-04-05T11:00:00+09:00,J5,451,419,870
2019-04-05T11:15:00+09:00,J1,1233,1347,2580
2019-04-05T11:15:00+09:00,J2,758,756,1514
2019-04-05T11:15:00+09:00,J3,608,553,1161
2019-04-05T11:15:00+09:00,J4,833,840,1673
2019-04-05T11:15:00+09:00,J5,664,670,1334
2019-04-05T11:30:00+09:00,J1,1293,1359,2652
2019-04-05T11:30:00+09:00,J2,837,798,1635
2019-04-05T11:30:00+09:00,J3,448,500,948
2019-04-05T11:30:00+09:00,J4,886,933,1819
2019-04-05T11:30:00+09:00,J5,732,728,1460
2019-04-05T11:45:00+09:00,J1,1192,1337,2529
2019-04-05T11:45:00+09:00,J2,850,806,1656
2019-04-05T11:45:00+09:00,J3,516,449,965
2019-04-05T11:45:00+09:00,J4,911,902,1813
2019-04-05T11:45:00+09:00,J5,630,648,1278
2019-04-05T12:00:00+09:00,J1,1234,1306,2540
2019-04-05T12:00:00+09:00,J2,857,779,1636
2019-04-05T12:00:00+09:00,J3,466,556,1022
2019-04-05T12:00:00+09:00,J4,966,868,1834
2019-04-05T12:00:00+09:00,J5,652,607,1259
2019-04-05T12:15:00+09:00,J1,1093,1175,2268
2019-04-05T12:15:00+09:00,J2,888,831,1719
2019-04-05T12:15:00+09:00,J3,494,570,1064
2019-04-05T12:15:00+09:00,J4,968,920,1888
2019-04-05T12:15:00+09:00,J5,625,638,1263
2019-04-05T12:30:00+09:00,J1,1070,1260,2330
2019-04-05T12:30:00+09:00,J2,892,864,1756
2019-04-05T12:30:00+09:00,J3,474,545,1019
2019-04-05T12:30:00+09:00,J4,922,934,1856
2019-04-05T12:30:00+09:00,J5,712,671,1383
2019-04-05T12:45:00+09:00,J1,1109,1202,2311
2019-04-05T12:45:00+09:00,J2,839,800,1639
2019-04-05T12:45:00+09:00,J3,513,477,990
2019-04-05T12:45:00+09:00,J4,928,881,1809
2019-04-05T12:45:00+09:00,J5,703,663,1366
2019-04-05T13:00:00+09:00,J1,1027,1106,2133
2019-04-05T13:00:00+09:00,J2,878,901,1779
2019-04-05T13:00:00+09:00,J3,518,494,1012
2019-04-05T13:00:00+09:00,J4,963,874,1837
2019-04-05T13:00:00+09:00,J5,647,733,1380
2019-04-05T13:15:00+09:00,J1,995,1202,2197
2019-04-05T13:15:00+09:00,J2,910,880,1790
2019-04-05T13:15:00+09:00,J3,479,539,1018
2019-04-05T13:15:00+09:00,J4,906,882,1788
2019-04-05T13:15:00+09:00,J5,691,730,1421
2019-04-05T13:30:00+09:00,J1,1030,1192,2222
2019-04-05T13:30:00+09:00,J2,858,813,1671
2019-04-05T13:30:00+09:00,J3,499,498,997
2019-04-05T13:30:00+09:00,J4,828,860,1688
2019-04-05T13:30:00+09:00,J5,688,661,1349
2019-04-05T13:45:00+09:00,J1,994,1159,2153
2019-04-05T13:45:00+09:00,J2,843,847,1690
2019-04-05T13:45:00+09:00,J3,543,539,1082
2019-04-05T13:45:00+09:00,J4,845,810,1655
2019-04-05T13:45:00+09:00,J5,644,693,1337
2019-04-05T14:00:00+09:00,J1,910,1197,2107
2019-04-05T14:00:00+09:00,J2,806,762,1568
2019-04-05T14:00:00+09:00,J3,598,517,1115
2019-04-05T14:00:00+09:00,J4,799,825,1624
2019-04-05T14:00:00+09:00,J5,629,611,1240
2019-04-05T14:15:00+09:00,J1,979,1147,2126
2019-04-05T14:15:00+09:00,J2,797,781,1578
2019-04-05T14:15:00+09:00,J3,539,615,1154
2019-04-05T14:15:00+09:00,J4,860,831,1691
2019-04-05T14:15:00+09:00,J5,699,651,1350
2019-04-05T14:30:00+09:00,J1,958,1255,2213
2019-04-05T14:30:00+09:00,J2,834,742,1576
2019-04-05T14:30:00+09:00,J3,597,643,1240
2019-04-05T14:30:00+09:00,J4,798,819,1617
2019-04-05T14:30:00+09:00,J5,668,676,1344
2019-04-05T14:45:00+09:00,J1,984,1260,2244
2019-04-05T14:45:00+09:00,J2,766,728,1494
2019-04-05T14:45:00+09:00,J3,600,626,1226
2019-04-05T14:45:00+09:00,J4,847,807,1654
2019-04-05T14:45:00+09:00,J5,649,651,1300
2019-04-05T15:00:00+09:00,J1,1027,1207,2234
2019-04-05T15:00:00+09:00,J2,873,707,1580
2019-04-05T15:00:00+09:00,J3,596,621,1217
2019-04-05T15:00:00+09:00,J4,849,823,1672
2019-04-05T15:00:00+09:00,J5,620,590,1210
2019-04-05T15:15:00+09:00,J1,994,1267,2261
2019-04-05T15:15:00+09:00,J2,771,753,1524
2019-04-05T15:15:00+09:00,J3,610,636,1246
2019-04-05T15:15:00+09:00,J4,832,794,1626
2019-04-05T15:15:00+09:00,J5,632,588,1220
2019-04-05T15:30:00+09:00,J1,1079,1235,2314
2019-04-05T15:30:00+09:00,J2,832,694,1526
2019-04-05T15:30:00+09:00,J3,651,717,1368
2019-04-05T15:30:00+09:00,J4,803,854,1657
2019-04-05T15:30:00+09:00,J5,656,620,1276
2019-04-05T15:45:00+09:00,J1,1022,1213,2235
2019-04-05T15:45:00+09:00,J2,794,720,1514
2019-04-05T15:45:00+09:00,J3,671,671,1342
2019-04-05T15:45:00+09:00,J4,827,775,1602
2019-04-05T15:45:00+09:00,J5,597,589,1186
2019-04-05T16:00:00+09:00,J1,996,1262,2258
2019-04-05T16:00:00+09:00,J2,878,787,1665
2019-04-05T16:00:00+09:00,J3,629,682,1311
2019-04-05T16:00:00+09:00,J4,878,830,1708
2019-04-05T16:00:00+09:00,J5,665,599,1264
2019-04-05T16:15:00+09:00,J1,1030,1273,2303
2019-04-05T16:15:00+09:00,J2,823,728,1551
2019-04-05T16:15:00+09:00,J3,640,729,1369
2019-04-05T16:15:00+09:00,J4,835,803,1638
2019-04-05T16:15:00+09:00,J5,687,658,1345
2019-04-05T16:30:00+09:00,J1,969,1225,2194
2019-04-05T16:30:00+09:00,J2,843,800,1643
2019-04-05T16:30:00+09:00,J3,645,676,1321
2019-04-05T16:30:00+09:00,J4,849,872,1721
2019-04-05T16:30:00+09:00,J5,589,614,1203
2019-04-05T16:45:00+09:00,J1,1046,1184,2230
2019-04-05T16:45:00+09:00,J2,914,849,1763
2019-04-05T16:45:00+09:00,J3,572,517,1089
2019-04-05T16:45:00+09:00,J4,817,781,1598
2019-04-05T16:45:00+09:00,J5,566,527,1093
2019-04-05T17:00:00+09:00,J1,1162,1349,2511
2019-04-05T17:00:00+09:00,J2,1015,880,1895
2019-04-05T17:00:00+09:00,J3,729,639,1368
2019-04-05T17:00:00+09:00,J4,852,848,1700
2019-04-05T17:00:00+09:00,J5,564,553,1117
2019-04-05T17:15:00+09:00,J1,1177,1347,2524
2019-04-05T17:15:00+09:00,J2,1006,819,1825
2019-04-05T17:15:00+09:00,J3,688,714,1402
2019-04-05T17:15:00+09:00,J4,857,925,1782
2019-04-05T17:15:00+09:00,J5,638,653,1291
2019-04-05T17:30:00+09:00,J1,1177,1387,2564
2019-04-05T17:30:00+09:00,J2,1031,939,1970
2019-04-05T17:30:00+09:00,J3,705,677,1382
2019-04-05T17:30:00+09:00,J4,846,886,1732
2019-04-05T17:30:00+09:00,J5,702,690,1392
2019-04-05T17:45:00+09:00,J1,1298,1358,2656
2019-04-05T17:45:00+09:00,J2,1063,864,1927
2019-04-05T17:45:00+09:00,J3,739,729,1468
2019-04-05T17:45:00+09:00,J4,925,1027,1952
2019-04-05T17:45:00+09:00,J5,760,822,1582
2019-04-05T18:00:00+09:00,J1,1264,1416,2680
2019-04-05T18:00:00+09:00,J2,1049,885,1934
2019-04-05T18:00:00+09:00,J3,674,744,1418
2019-04-05T18:00:00+09:00,J4,1014,916,1930
2019-04-05T18:00:00+09:00,J5,776,826,1602
2019-04-05T18:15:00+09:00,J1,1162,1405,2567
2019-04-05T18:15:00+09:00,J2,1152,1032,2184
2019-04-05T18:15:00+09:00,J3,781,834,1615
2019-04-05T18:15:00+09:00,J4,1108,1026,2134
2019-04-05T18:15:00+09:00,J5,711,738,1449
2019-04-05T18:30:00+09:00,J1,1198,1320,2518
2019-04-05T18:30:00+09:00,J2,912,922,1834
2019-04-05T18:30:00+09:00,J3,836,723,1559
2019-04-05T18:30:00+09:00,J4,1197,951,2148
2019-04-05T18:30:00+09:00,J5,726,779,1505
2019-04-05T18:45:00+09:00,J1,1208,1232,2440
2019-04-05T18:45:00+09:00,J2,785,773,1558
2019-04-05T18:45:00+09:00,J3,685,623,1308
2019-04-05T18:45:00+09:00,J4,945,951,1896
2019-04-05T18:45:00+09:00,J5,701,748,1449
2019-04-05T19:00:00+09:00,J1,1126,1256,2382
2019-04-05T19:00:00+09:00,J2,752,699,1451
2019-04-05T19:00:00+09:00,J3,586,528,1114
2019-04-05T19:00:00+09:00,J4,1088,850,1938
2019-04-05T19:00:00+09:00,J5,714,792,1506
2019-04-05T19:15:00+09:00,J1,1085,1258,2343
2019-04-05T19:15:00+09:00,J2,768,772,1540
2019-04-05T19:15:00+09:00,J3,572,485,1057
2019-04-05T19:15:00+09:00,J4,1041,852,1893
2019-04-05T19:15:00+09:00,J5,692,809,1501
2019-04-05T19:30:00+09:00,J1,1112,1198,2310
2019-04-05T19:30:00+09:00,J2,799,671,1470
2019-04-05T19:30:00+09:00,J3,551,498,1049
2019-04-05T19:30:00+09:00,J4,895,819,1714
2019-04-05T19:30:00+09:00,J5,705,716,1421
2019-04-05T19:45:00+09:00,J1,1072,1185,2257
2019-04-05T19:45:00+09:00,J2,634,570,1204
2019-04-05T19:45:00+09:00,J3,505,478,983
2019-04-05T19:45:00+09:00,J4,932,780,1712
2019-04-05T19:45:00+09:00,J5,600,694,1294
2019-04-05T20:00:00+09:00,J1,990,1198,2188
2019-04-05T20:00:00+09:00,J2,733,626,1359
2019-04-05T20:00:00+09:00,J3,535,527,1062
2019-04-05T20:00:00+09:00,J4,869,809,1678
2019-04-05T20:00:00+09:00,J5,603,642,1245
2019-04-05T20:15:00+09:00,J1,960,1174,2134
2019-04-05T20:15:00+09:00,J2,798,678,1476
2019-04-05T20:15:00+09:00,J3,493,530,1023
2019-04-05T20:15:00+09:00,J4,935,864,1799
2019-04-05T20:15:00+09:00,J5,618,707,1325
2019-04-05T20:30:00+09:00,J1,997,1130,2127
2019-04-05T20:30:00+09:00,J2,884,628,1512
2019-04-05T20:30:00+09:00,J3,527,583,1110
2019-04-05T20:30:00+09:00,J4,720,630,1350
2019-04-05T20:30:00+09:00,J5,581,668,1249
2019-04-05T20:45:00+09:00,J1,1099,1144,2243
2019-04-05T20:45:00+09:00,J2,865,654,1519
2019-04-05T20:45:00+09:00,J3,536,549,1085
2019-04-05T20:45:00+09:00,J4,620,649,1269
2019-04-05T20:45:00+09:00,J5,532,648,1180
2019-04-05T21:00:00+09:00,J1,997,1077,2074
2019-04-05T21:00:00+09:00,J2,805,649,1454
2019-04-05T21:00:00+09:00,J3,447,457,904
2019-04-05T21:00:00+09:00,J4,720,692,1412
2019-04-05T21:00:00+09:00,J5,501,565,1066
2019-04-05T21:15:00+09:00,J1,1033,1197,2230
2019-04-05T21:15:00+09:00,J2,798,659,1457
2019-04-05T21:15:00+09:00,J3,430,438,868
2019-04-05T21:15:00+09:00,J4,781,727,1508
2019-04-05T21:15:00+09:00,J5,539,579,1118
2019-04-05T21:30:00+09:00,J1,1038,1278,2316
2019-04-05T21:30:00+09:00,J2,862,769,1631
2019-04-05T21:30:00+09:00,J3,436,518,954
2019-04-05T21:30:00+09:00,J4,654,621,1275
2019-04-05T21:30:00+09:00,J5,474,479,953
2019-04-05T21:45:00+09:00,J1,936,1111,2047
2019-04-05T21:45:00+09:00,J2,778,721,1499
2019-04-05T21:45:00+09:00,J3,476,510,986
2019-04-05T21:45:00+09:00,J4,647,692,1339
2019-04-05T21:45:00+09:00,J5,386,449,835
2019-04-05T22:00:00+09:00,J1,972,1105,2077
2019-04-05T22:00:00+09:00,J2,821,808,1629
2019-04-05T22:00:00+09:00,J3,482,586,1068
2019-04-05T22:00:00+09:00,J4,682,723,1405
2019-04-05T22:00:00+09:00,J5,325,380,705
2019-04-05T22:15:00+09:00,J1,931,1155,2086
2019-04-05T22:15:00+09:00,J2,682,802,1484
2019-04-05T22:15:00+09:00,J3,546,575,1121
2019-04-05T22:15:00+09:00,J4,609,798,1407
2019-04-05T22:15:00+09:00,J5,302,345,647
2019-04-05T22:30:00+09:00,J1,977,1164,2141
2019-04-05T22:30:00+09:00,J2,609,787,1396
2019-04-05T22:30:00+09:00,J3,597,515,1112
2019-04-05T22:30:00+09:00,J4,631,782,1413
2019-04-05T22:30:00+09:00,J5,284,344,628
2019-04-05T22:45:00+09:00,J1,1071,1242,2313
2019-04-05T22:45:00+09:00,J2,543,726,1269
2019-04-05T22:45:00+09:00,J3,705,515,1220
2019-04-05T22:45:00+09:00,J4,615,804,1419
2019-04-05T22:45:00+09:00,J5,300,342,642
2019-04-05T23:00:00+09:00,J1,1080,1218,2298
2019-04-05T23:00:00+09:00,J2,558,681,1239
2019-04-05T23:00:00+09:00,J3,643,524,1167
2019-04-05T23:00:00+09:00,J4,684,804,1488
2019-04-05T23:00:00+09:00,J5,283,298,581
2019-04-05T23:15:00+09:00,J1,968,1158,2126
2019-04-05T23:15:00+09:00,J2,642,696,1338
2019-04-05T23:15:00+09:00,J3,634,517,1151
2019-04-05T23:15:00+09:00,J4,696,827,1523
2019-04-05T23:15:00+09:00,J5,270,290,560
2019-04-05T23:30:00+09:00,J1,992,1110,2102
2019-04-05T23:30:00+09:00,J2,558,756,1314
2019-04-05T23:30:00+09:00,J3,687,593,1280
2019-04-05T23:30:00+09:00,J4,626,770,1396
2019-04-05T23:30:00+09:00,J5,283,309,592
2019-04-05T23:45:00+09:00,J1,897,1082,1979
2019-04-05T23:45:00+09:00,J2,531,600,1131
2019-04-05T23:45:00+09:00,J3,650,447,1097
2019-04-05T23:45:00+09:00,J4,560,705,1265
2019-04-05T23:45:00+09:00,J5,305,302,607
2019-04-06T00:00:00+09:00,J1,778,870,1648
2019-04-06T00:00:00+09:00,J2,471,472,943
2019-04-06T00:00:00+09:00,J3,459,347,806
2019-04-06T00:00:00+09:00,J4,541,633,1174
2019-04-06T00:00:00+09:00,J5,351,302,653
2019-04-06T00:15:00+09:00,J1,627,658,1285
2019-04-06T00:15:00+09:00,J2,441,439,880
2019-04-06T00:15:00+09:00,J3,338,247,585
2019-04-06T00:15:00+09:00,J4,461,595,1056
2019-04-06T00:15:00+09:00,J5,423,473,896
2019-04-06T00:30:00+09:00,J1,460,477,937
2019-04-06T00:30:00+09:00,J2,473,445,918
2019-04-06T00:30:00+09:00,J3,379,306,685
2019-04-06T00:30:00+09:00,J4,576,616,1192
2019-04-06T00:30:00+09:00,J5,484,520,1004
2019-04-06T00:45:00+09:00,J1,481,461,942
2019-04-06T00:45:00+09:00,J2,419,406,825
2019-04-06T00:45:00+09:00,J3,344,336,680
2019-04-06T00:45:00+09:00,J4,502,646,1148
2019-04-06T00:45:00+09:00,J5,469,494,963
2019-04-06T05:45:00+09:00,J1,792,774,1566
2019-04-06T05:45:00+09:00,J2,640,619,1259
2019-04-06T05:45:00+09:00,J3,913,851,1764
2019-04-06T05:45:00+09:00,J4,811,651,1462
2019-04-06T05:45:00+09:00,J5,496,561,1057
2019-04-06T06:00:00+09:00,J1,873,839,1712
2019-04-06T06:00:00+09:00,J2,589,512,1101
2019-04-06T06:00:00+09:00,J3,751,798,1549
2019-04-06T06:00:00+09:00,J4,689,749,1438
2019-04-06T06:00:00+09:00,J5,582,557,1139
2019-04-06T06:15:00+09:00,J1,897,846,1743
2019-04-06T06:15:00+09:00,J2,599,533,1132
2019-04-06T06:15:00+09:00,J3,750,770,1520
2019-04-06T06:15:00+09:00,J4,715,668,1383
2019-04-06T06:15:00+09:00,J5,579,614,1193
2019-04-06T06:30:00+09:00,J1,807,859,1666
2019-04-06T06:30:00+09:00,J2,598,462,1060
2019-04-06T06:30:00+09:00,J3,743,771,1514
2019-04-06T06:30:00+09:00,J4,703,650,1353
2019-04-06T06:30:00+09:00,J5,617,606,1223
2019-04-06T06:45:00+09:00,J1,879,851,1730
2019-04-06T06:45:00+09:00,J2,612,557,1169
2019-04-06T06:45:00+09:00,J3,753,761,1514
2019-04-06T06:45:00+09:00,J4,623,723,1346
2019-04-06T06:45:00+09:00,J5,566,558,1124
2019-04-06T07:00:00+09:00,J1,985,965,1950
2019-04-06T07:00:00+09:00,J2,705,607,1312
2019-04-06T07:00:00+09:00,J3,789,765,1554
2019-04-06T07:00:00+09:00,J4,720,635,1355
2019-04-06T07:00:00+09:00,J5,602,608,1210
2019-04-06T07:15:00+09:00,J1,889,967,1856
2019-04-06T07:15:00+09:00,J2,739,642,1381
2019-04-06T07:15:00+09:00,J3,762,829,1591
2019-04-06T07:15:00+09:00,J4,666,680,1346
2019-04-06T07:15:00+09:00,J5,555,576,1131
2019-04-06T07:30:00+09:00,J1,937,923,1860
2019-04-06T07:30:00+09:00,J2,797,750,1547
2019-04-06T07:30:00+09:00,J3,697,733,1430
2019-04-06T07:30:00+09:00,J4,606,674,1280
2019-04-06T07:30:00+09:00,J5,559,548,1107
2019-04-06T07:45:00+09:00,J1,923,913,1836
2019-04-06T07:45:00+09:00,J2,704,693,1397
2019-04-06T07:45:00+09:00,J3,669,705,1374
2019-04-06T07:45:00+09:00,J4,637,681,1318
2019-04-06T07:45:00+09:00,J5,561,510,1071
2019-04-06T08:00:00+09:00,J1,1245,1312,2557
2019-04-06T08:00:00+09:00,J2,672,674,1346
2019-04-06T08:00:00+09:00,J3,1113,1045,2158
2019-04-06T08:00:00+09:00,J4,733,768,1501
2019-04-06T08:00:00+09:00,J5,507,460,967
2019-04-06T08:15:00+09:00,J1,1225,1344,2569
2019-04-06T08:15:00+09:00,J2,865,841,1706
2019-04-06T08:15:00+09:00,J3,1179,1148,2327
2019-04-06T08:15:00+09:00,J4,683,838,1521
2019-04-06T08:15:00+09:00,J5,617,650,1267
2019-04-06T08:30:00+09:00,J1,1210,1334,2544
2019-04-06T08:30:00+09:00,J2,807,639,1446
2019-04-06T08:30:00+09:00,J3,1132,1069,2201
2019-04-06T08:30:00+09:00,J4,663,781,1444
2019-04-06T08:30:00+09:00,J5,688,680,1368
2019-04-06T08:45:00+09:00,J1,1236,1314,2550
2019-04-06T08:45:00+09:00,J2,556,510,1066
2019-04-06T08:45:00+09:00,J3,1122,959,2081
2019-04-06T08:45:00+09:00,J4,695,763,1458
2019-04-06T08:45:00+09:00,J5,599,619,1218
2019-04-06T09:00:00+09:00,J1,1187,1143,2330
2019-04-06T09:00:00+09:00,J2,687,653,1340
2019-04-06T09:00:00+09:00,J3,834,877,1711
2019-04-06T09:00:00+09:00,J4,606,752,1358
2019-04-06T09:00:00+09:00,J5,494,458,952
2019-04-06T09:15:00+09:00,J1,1222,1209,2431
2019-04-06T09:15:00+09:00,J2,635,670,1305
2019-04-06T09:15:00+09:00,J3,942,825,1767
2019-04-06T09:15:00+09:00,J4,704,870,1574
2019-04-06T09:15:00+09:00,J5,347,426,773
2019-04-06T09:30:00+09:00,J1,1197,1216,2413
2019-04-06T09:30:00+09:00,J2,720,602,1322
2019-04-06T09:30:00+09:00,J3,931,862,1793
2019-04-06T09:30:00+09:00,J4,714,846,1560
2019-04-06T09:30:00+09:00,J5,360,355,715
2019-04-06T09:45:00+09:00,J1,1171,1199,2370
2019-04-06T09:45:00+09:00,J2,743,564,1307
2019-04-06T09:45:00+09:00,J3,1007,886,1893
2019-04-06T09:45:00+09:00,J4,670,805,1475
2019-04-06T09:45:00+09:00,J5,311,352,663
2019-04-06T10:00:00+09:00,J1,1155,1140,2295
2019-04-06T10:00:00+09:00,J2,672,556,1228
2019-04-06T10:00:00+09:00,J3,960,852,1812
2019-04-06T10:00:00+09:00,J4,664,795,1459
2019-04-06T10:00:00+09:00,J5,288,344,632
2019-04-06T10:15:00+09:00,J1,1214,1145,2359
2019-04-06T10:15:00+09:00,J2,696,598,1294
2019-04-06T10:15:00+09:00,J3,1004,889,1893
2019-04-06T10:15:00+09:00,J4,705,799,1504
2019-04-06T10:15:00+09:00,J5,344,373,717
2019-04-06T10:30:00+09:00,J1,1168,1226,2394
2019-04-06T10:30:00+09:00,J2,678,621,1299
2019-04-06T10:30:00+09:00,J3,928,926,1854
2019-04-06T10:30:00+09:00,J4,738,757,1495
2019-04-06T10:30:00+09:00,J5,347,366,713
2019-04-06T10:45:00+09:00,J1,1167,1150,2317
2019-04-06T10:45:00+09:00,J2,705,695,1400
2019-04-06T10:45:00+09:00,J3,907,869,1776
2019-04-06T10:45:00+09:00,J4,691,793,1484
2019-04-06T10:45:00+09:00,J5,410,396,806
2019-04-06T11:00:00+09:00,J1,1206,1276,2482
2019-04-06T11:00:00+09:00,J2,739,775,1514
2019-04-06T11:00:00+09:00,J3,1235,1101,2336
2019-04-06T11:00:00+09:00,J4,729,804,1533
2019-04-06T11:00:00+09:00,J5,675,631,1306
2019-04-06T11:15:00+09:00,J1,1196,1335,2531
2019-04-06T11:15:00+09:00,J2,747,870,1617
2019-04-06T11:15:00+09:00,J3,1254,1182,2436
2019-04-06T11:15:00+09:00,J4,693,883,1576
2019-04-06T11:15:00+09:00,J5,671,721,1392
2019-04-06T11:30:00+09:00,J1,1139,1317,2456
2019-04-06T11:30:00+09:00,J2,821,857,1678
2019-04-06T11:30:00+09:00,J3,1197,1150,2347
2019-04-06T11:30:00+09:00,J4,683,775,1458
2019-04-06T11:30:00+09:00,J5,654,666,1320
2019-04-06T11:45:00+09:00,J1,1219,1245,2464
2019-04-06T11:45:00+09:00,J2,778,833,1611
2019-04-06T11:45:00+09:00,J3,1133,1188,2321
2019-04-06T11:45:00+09:00,J4,596,704,1300
2019-04-06T11:45:00+09:00,J5,649,620,1269
2019-04-06T12:00:00+09:00,J1,1176,1236,2412
2019-04-06T12:00:00+09:00,J2,888,890,1778
2019-04-06T12:00:00+09:00,J3,1105,1148,2253
2019-04-06T12:00:00+09:00,J4,711,752,1463
2019-04-06T12:00:00+09:00,J5,599,589,1188
2019-04-06T12:15:00+09:00,J1,1098,1349,2447
2019-04-06T12:15:00+09:00,J2,952,915,1867
2019-04-06T12:15:00+09:00,J3,1050,1167,2217
2019-04-06T12:15:00+09:00,J4,730,677,1407
2019-04-06T12:15:00+09:00,J5,540,552,1092
2019-04-06T12:30:00+09:00,J1,1093,1209,2302
2019-04-06T12:30:00+09:00,J2,885,827,1712
2019-04-06T12:30:00+09:00,J3,1185,1085,2270
2019-04-06T12:30:00+09:00,J4,787,866,1653
2019-04-06T12:30:00+09:00,J5,649,668,1317
2019-04-06T12:45:00+09:00,J1,1112,1258,2370
2019-04-06T12:45:00+09:00,J2,846,839,1685
2019-04-06T12:45:00+09:00,J3,1115,1043,2158
2019-04-06T12:45:00+09:00,J4,883,853,1736
2019-04-06T12:45:00+09:00,J5,699,638,1337
2019-04-06T13:00:00+09:00,J1,998,1267,2265
2019-04-06T13:00:00+09:00,J2,918,854,1772
2019-04-06T13:00:00+09:00,J3,1130,918,2048
2019-04-06T13:00:00+09:00,J4,866,927,1793
2019-04-06T13:00:00+09:00,J5,640,721,1361
2019-04-06T13:15:00+09:00,J1,1079,1216,2295
2019-04-06T13:15:00+09:00,J2,876,839,1715
2019-04-06T13:15:00+09:00,J3,1182,1040,2222
2019-04-06T13:15:00+09:00,J4,873,900,1773
2019-04-06T13:15:00+09:00,J5,601,674,1275
2019-04-06T13:30:00+09:00,J1,1061,1200,2261
2019-04-06T13:30:00+09:00,J2,925,813,1738
2019-04-06T13:30:00+09:00,J3,1152,1020,2172
2019-04-06T13:30:00+09:00,J4,914,881,1795
2019-04-06T13:30:00+09:00,J5,591,644,1235
2019-04-06T13:45:00+09:00,J1,1050,1227,2277
2019-04-06T13:45:00+09:00,J2,826,819,1645
2019-04-06T13:45:00+09:00,J3,1123,1012,2135
2019-04-06T13:45:00+09:00,J4,839,789,1628
2019-04-06T13:45:00+09:00,J5,580,571,1151
2019-04-06T14:00:00+09:00,J1,1084,1276,2360
2019-04-06T14:00:00+09:00,J2,847,766,1613
2019-04-06T14:00:00+09:00,J3,1152,1077,2229
2019-04-06T14:00:00+09:00,J4,941,849,1790
2019-04-06T14:00:00+09:00,J5,568,557,1125
2019-04-06T14:15:00+09:00,J1,1081,1229,2310
2019-04-06T14:15:00+09:00,J2,952,660,1612
2019-04-06T14:15:00+09:00,J3,1262,1085,2347
2019-04-06T14:15:00+09:00,J4,934,935,1869
2019-04-06T14:15:00+09:00,J5,553,538,1091
2019-04-06T14:30:00+09:00,J1,987,1267,2254
2019-04-06T14:30:00+09:00,J2,967,738,1705
2019-04-06T14:30:00+09:00,J3,1317,1117,2434
2019-04-06T14:30:00+09:00,J4,917,848,1765
2019-04-06T14:30:00+09:00,J5,611,594,1205
2019-04-06T14:45:00+09:00,J1,1077,1254,2331
2019-04-06T14:45:00+09:00,J2,906,733,1639
2019-04-06T14:45:00+09:00,J3,1240,1047,2287
2019-04-06T14:45:00+09:00,J4,916,880,1796
2019-04-06T14:45:00+09:00,J5,603,572,1175
2019-04-06T15:00:00+09:00,J1,1000,1277,2277
2019-04-06T15:00:00+09:00,J2,927,777,1704
2019-04-06T15:00:00+09:00,J3,1193,1196,2389
2019-04-06T15:00:00+09:00,J4,924,869,1793
2019-04-06T15:00:00+09:00,J5,601,570,1171
2019-04-06T15:15:00+09:00,J1,1043,1295,2338
2019-04-06T15:15:00+09:00,J2,860,771,1631
2019-04-06T15:15:00+09:00,J3,1204,1187,2391
2019-04-06T15:15:00+09:00,J4,871,859,1730
2019-04-06T15:15:00+09:00,J5,558,518,1076
2019-04-06T15:30:00+09:00,J1,980,1226,2206
2019-04-06T15:30:00+09:00,J2,831,734,1565
2019-04-06T15:30:00+09:00,J3,1244,1222,2466
2019-04-06T15:30:00+09:00,J4,930,900,1830
2019-04-06T15:30:00+09:00,J5,576,522,1098
2019-04-06T15:45:00+09:00,J1,1067,1303,2370
2019-04-06T15:45:00+09:00,J2,841,690,1531
2019-04-06T15:45:00+09:00,J3,1192,1248,2440
2019-04-06T15:45:00+09:00,J4,1024,979,2003
2019-04-06T15:45:00+09:00,J5,559,578,1137
2019-04-06T16:00:00+09:00,J1,1022,1318,2340
2019-04-06T16:00:00+09:00,J2,874,786,1660
2019-04-06T16:00:00+09:00,J3,1317,1109,2426
2019-04-06T16:00:00+09:00,J4,946,879,1825
2019-04-06T16:00:00+09:00,J5,593,625,1218
2019-04-06T16:15:00+09:00,J1,1085,1271,2356
2019-04-06T16:15:00+09:00,J2,895,738,1633
2019-04-06T16:15:00+09:00,J3,1316,1056,2372
2019-04-06T16:15:00+09:00,J4,934,928,1862
2019-04-06T16:15:00+09:00,J5,622,583,1205
2019-04-06T16:30:00+09:00,J1,1059,1265,2324
2019-04-06T16:30:00+09:00,J2,880,705,1585
2019-04-06T16:30:00+09:00,J3,1231,986,2217
2019-04-06T16:30:00+09:00,J4,963,875,1838
2019-04-06T16:30:00+09:00,J5,532,602,1134
2019-04-06T16:45:00+09:00,J1,1061,1258,2319
2019-04-06T16:45:00+09:00,J2,977,892,1869
2019-04-06T16:45:00+09:00,J3,1158,1052,2210
2019-04-06T16:45:00+09:00,J4,933,849,1782
2019-04-06T16:45:00+09:00,J5,603,612,1215
2019-04-06T17:00:00+09:00,J1,1153,1277,2430
2019-04-06T17:00:00+09:00,J2,719,844,1563
2019-04-06T17:00:00+09:00,J3,1259,1101,2360
2019-04-06T17:00:00+09:00,J4,963,828,1791
2019-04-06T17:00:00+09:00,J5,726,636,1362
2019-04-06T17:15:00+09:00,J1,1161,1346,2507
2019-04-06T17:15:00+09:00,J2,685,712,1397
2019-04-06T17:15:00+09:00,J3,1211,1127,2338
2019-04-06T17:15:00+09:00,J4,941,899,1840
2019-04-06T17:15:00+09:00,J5,619,635,1254
2019-04-06T17:30:00+09:00,J1,1178,1364,2542
2019-04-06T17:30:00+09:00,J2,790,718,1508
2019-04-06T17:30:00+09:00,J3,1205,1079,2284
2019-04-06T17:30:00+09:00,J4,949,886,1835
2019-04-06T17:30:00+09:00,J5,561,574,1135
2019-04-06T17:45:00+09:00,J1,1126,1299,2425
2019-04-06T17:45:00+09:00,J2,831,725,1556
2019-04-06T17:45:00+09:00,J3,1158,1013,2171
2019-04-06T17:45:00+09:00,J4,941,867,1808
2019-04-06T17:45:00+09:00,J5,507,535,1042
2019-04-06T18:00:00+09:00,J1,1124,1140,2264
2019-04-06T18:00:00+09:00,J2,881,724,1605
2019-04-06T18:00:00+09:00,J3,1145,1041,2186
2019-04-06T18:00:00+09:00,J4,966,817,1783
2019-04-06T18:00:00+09:00,J5,504,579,1083
2019-04-06T18:15:00+09:00,J1,1121,1232,2353
2019-04-06T18:15:00+09:00,J2,991,735,1726
2019-04-06T18:15:00+09:00,J3,1153,1057,2210
2019-04-06T18:15:00+09:00,J4,1072,826,1898
2019-04-06T18:15:00+09:00,J5,659,639,1298
2019-04-06T18:30:00+09:00,J1,1142,1225,2367
2019-04-06T18:30:00+09:00,J2,964,651,1615
2019-04-06T18:30:00+09:00,J3,1020,926,1946
2019-04-06T18:30:00+09:00,J4,950,850,1800
2019-04-06T18:30:00+09:00,J5,598,595,1193
2019-04-06T18:45:00+09:00,J1,1101,1189,2290
2019-04-06T18:45:00+09:00,J2,966,663,1629
2019-04-06T18:45:00+09:00,J3,936,874,1810
2019-04-06T18:45:00+09:00,J4,874,859,1733
2019-04-06T18:45:00+09:00,J5,687,616,1303
2019-04-06T19:00:00+09:00,J1,1059,1174,2233
2019-04-06T19:00:00+09:00,J2,825,605,1430
2019-04-06T19:00:00+09:00,J3,975,883,1858
2019-04-06T19:00:00+09:00,J4,921,760,1681
2019-04-06T19:00:00+09:00,J5,635,651,1286
2019-04-06T19:15:00+09:00,J1,975,1092,2067
2019-04-06T19:15:00+09:00,J2,793,685,1478
2019-04-06T19:15:00+09:00,J3,911,881,1792
2019-04-06T19:15:00+09:00,J4,993,763,1756
2019-04-06T19:15:00+09:00,J5,617,608,1225
2019-04-06T19:30:00+09:00,J1,970,1044,2014
2019-04-06T19:30:00+09:00,J2,756,731,1487
2019-04-06T19:30:00+09:00,J3,948,885,1833
2019-04-06T19:30:00+09:00,J4,765,717,1482
2019-04-06T19:30:00+09:00,J5,566,588,1154
2019-04-06T19:45:00+09:00,J1,857,956,1813
2019-04-06T19:45:00+09:00,J2,734,601,1335
2019-04-06T19:45:00+09:00,J3,745,733,1478
2019-04-06T19:45:00+09:00,J4,758,684,1442
2019-04-06T19:45:00+09:00,J5,486,606,1092
2019-04-06T20:00:00+09:00,J1,900,1072,1972
2019-04-06T20:00:00+09:00,J2,768,658,1426
2019-04-06T20:00:00+09:00,J3,618,755,1373
2019-04-06T20:00:00+09:00,J4,777,744,1521
2019-04-06T20:00:00+09:00,J5,518,561,1079
2019-04-06T20:15:00+09:00,J1,926,1081,2007
2019-04-06T20:15:00+09:00,J2,863,717,1580
2019-04-06T20:15:00+09:00,J3,751,644,1395
2019-04-06T20:15:00+09:00,J4,941,729,1670
2019-04-06T20:15:00+09:00,J5,613,560,1173
2019-04-06T20:30:00+09:00,J1,870,1029,1899
2019-04-06T20:30:00+09:00,J2,822,687,1509
2019-04-06T20:30:00+09:00,J3,694,618,1312
2019-04-06T20:30:00+09:00,J4,919,753,1672
2019-04-06T20:30:00+09:00,J5,546,539,1085
2019-04-06T20:45:00+09:00,J1,828,1025,1853
2019-04-06T20:45:00+09:00,J2,819,750,1569
2019-04-06T20:45:00+09:00,J3,714,720,1434
2019-04-06T20:45:00+09:00,J4,877,724,1601
2019-04-06T20:45:00+09:00,J5,465,504,969
2019-04-06T21:00:00+09:00,J1,907,979,1886
2019-04-06T21:00:00+09:00,J2,766,722,1488
2019-04-06T21:00:00+09:00,J3,633,588,1221
2019-04-06T21:00:00+09:00,J4,804,714,1518
2019-04-06T21:00:00+09:00,J5,428,525,953
2019-04-06T21:15:00+09:00,J1,875,1045,1920
2019-04-06T21:15:00+09:00,J2,730,677,1407
2019-04-06T21:15:00+09:00,J3,772,698,1470
2019-04-06T21:15:00+09:00,J4,831,701,1532
2019-04-06T21:15:00+09:00,J5,489,536,1025
2019-04-06T21:30:00+09:00,J1,904,1027,1931
2019-04-06T21:30:00+09:00,J2,845,761,1606
2019-04-06T21:30:00+09:00,J3,794,743,1537
2019-04-06T21:30:00+09:00,J4,774,687,1461
2019-04-06T21:30:00+09:00,J5,441,461,902
2019-04-06T21:45:00+09:00,J1,841,1009,1850
2019-04-06T21:45:00+09:00,J2,758,795,1553
2019-04-06T21:45:00+09:00,J3,809,785,1594
2019-04-06T21:45:00+09:00,J4,723,704,1427
2019-04-06T21:45:00+09:00,J5,421,492,913
2019-04-06T22:00:00+09:00,J1,884,967,1851
2019-04-06T22:00:00+09:00,J2,711,769,1480
2019-04-06T22:00:00+09:00,J3,863,822,1685
2019-04-06T22:00:00+09:00,J4,657,716,1373
2019-04-06T22:00:00+09:00,J5,413,427,840
2019-04-06T22:15:00+09:00,J1,849,1000,1849
2019-04-06T22:15:00+09:00,J2,597,699,1296
2019-04-06T22:15:00+09:00,J3,887,888,1775
2019-04-06T22:15:00+09:00,J4,637,654,1291
2019-04-06T22:15:00+09:00,J5,329,376,705
2019-04-06T22:30:00+09:00,J1,886,903,1789
2019-04-06T22:30:00+09:00,J2,659,735,1394
2019-04-06T22:30:00+09:00,J3,860,926,1786
2019-04-06T22:30:00+09:00,J4,784,690,1474
2019-04-06T22:30:00+09:00,J5,334,379,713
2019-04-06T22:45:00+09:00,J1,850,925,1775
2019-04-06T22:45:00+09:00,J2,602,720,1322
2019-04-06T22:45:00+09:00,J3,931,881,1812
2019-04-06T22:45:00+09:00,J4,586,679,1265
2019-04-06T22:45:00+09:00,J5,343,338,681
2019-04-06T23:00:00+09:00,J1,859,930,1789
2019-04-06T23:00:00+09:00,J2,553,696,1249
2019-04-06T23:00:00+09:00,J3,953,942,1895
2019-04-06T23:00:00+09:00,J4,624,683,1307
2019-04-06T23:00:00+09:00,J5,318,285,603
2019-04-06T23:15:00+09:00,J1,815,982,1797
2019-04-06T23:15:00+09:00,J2,548,671,1219
2019-04-06T23:15:00+09:00,J3,872,885,1757
2019-04-06T23:15:00+09:00,J4,605,672,1277
2019-04-06T23:15:00+09:00,J5,291,317,608
2019-04-06T23:30:00+09:00,J1,841,879,1720
2019-04-06T23:30:00+09:00,J2,613,730,1343
2019-04-06T23:30:00+09:00,J3,932,940,1872
2019-04-06T23:30:00+09:00,J4,540,672,1212
2019-04-06T23:30:00+09:00,J5,333,333,666
2019-04-06T23:45:00+09:00,J1,788,782,1570
2019-04-06T23:45:00+09:00,J2,588,630,1218
2019-04-06T23:45:00+09:00,J3,966,871,1837
2019-04-06T23:45:00+09:00,J4,504,527,1031
2019-04-06T23:45:00+09:00,J5,294,372,666
2019-04-07T00:00:00+09:00,J1,628,692,1320
2019-04-07T00:00:00+09:00,J2,408,471,879
2019-04-07T00:00:00+09:00,J3,1088,905,1993
2019-04-07T00:00:00+09:00,J4,441,445,886
2019-04-07T00:00:00+09:00,J5,269,311,580
2019-04-07T00:15:00+09:00,J1,508,575,1083
2019-04-07T00:15:00+09:00,J2,368,495,863
2019-04-07T00:15:00+09:00,J3,779,658,1437
2019-04-07T00:15:00+09:00,J4,363,420,783
2019-04-07T00:15:00+09:00,J5,327,291,618
2019-04-07T00:30:00+09:00,J1,455,574,1029
2019-04-07T00:30:00+09:00,J2,358,462,820
2019-04-07T00:30:00+09:00,J3,670,612,1282
2019-04-07T00:30:00+09:00,J4,413,390,803
2019-04-07T00:30:00+09:00,J5,379,286,665
2019-04-07T00:45:00+09:00,J1,508,393,901
2019-04-07T00:45:00+09:00,J2,427,559,986
2019-04-07T00:45:00+09:00,J3,715,579,1294
2019-04-07T00:45:00+09:00,J4,429,431,860
2019-04-07T00:45:00+09:00,J5,354,375,729
2019-04-07T05:45:00+09:00,J1,760,610,1370
2019-04-07T05:45:00+09:00,J2,414,430,844
2019-04-07T05:45:00+09:00,J3,459,487,946
2019-04-07T05:45:00+09:00,J4,709,661,1370
2019-04-07T05:45:00+09:00,J5,536,522,1058
2019-04-07T06:00:00+09:00,J1,653,672,1325
2019-04-07T06:00:00+09:00,J2,393,436,829
2019-04-07T06:00:00+09:00,J3,525,491,1016
2019-04-07T06:00:00+09:00,J4,731,758,1489
2019-04-07T06:00:00+09:00,J5,428,532,960
2019-04-07T06:15:00+09:00,J1,698,701,1399
2019-04-07T06:15:00+09:00,J2,419,445,864
2019-04-07T06:15:00+09:00,J3,621,507,1128
2019-04-07T06:15:00+09:00,J4,645,733,1378
2019-04-07T06:15:00+09:00,J5,429,451,880
2019-04-07T06:30:00+09:00,J1,733,738,1471
2019-04-07T06:30:00+09:00,J2,390,443,833
2019-04-07T06:30:00+09:00,J3,513,529,1042
2019-04-07T06:30:00+09:00,J4,590,671,1261
2019-04-07T06:30:00+09:00,J5,402,467,869
2019-04-07T06:45:00+09:00,J1,757,599,1356
2019-04-07T06:45:00+09:00,J2,395,419,814
2019-04-07T06:45:00+09:00,J3,600,508,1108
2019-04-07T06:45:00+09:00,J4,592,625,1217
2019-04-07T06:45:00+09:00,J5,396,420,816
2019-04-07T07:00:00+09:00,J1,585,675,1260
2019-04-07T07:00:00+09:00,J2,374,439,813
2019-04-07T07:00:00+09:00,J3,529,479,1008
2019-04-07T07:00:00+09:00,J4,643,656,1299
2019-04-07T07:00:00+09:00,J5,448,459,907
2019-04-07T07:15:00+09:00,J1,719,784,1503
2019-04-07T07:15:00+09:00,J2,403,440,843
2019-04-07T07:15:00+09:00,J3,617,561,1178
2019-04-07T07:15:00+09:00,J4,668,668,1336
2019-04-07T07:15:00+09:00,J5,425,432,857
2019-04-07T07:30:00+09:00,J1,750,733,1483
2019-04-07T07:30:00+09:00,J2,414,486,900
2019-04-07T07:30:00+09:00,J3,738,664,1402
2019-04-07T07:30:00+09:00,J4,661,729,1390
2019-04-07T07:30:00+09:00,J5,449,454,903
2019-04-07T07:45:00+09:00,J1,747,762,1509
2019-04-07T07:45:00+09:00,J2,467,470,937
2019-04-07T07:45:00+09:00,J3,673,597,1270
2019-04-07T07:45:00+09:00,J4,668,652,1320
2019-04-07T07:45:00+09:00,J5,432,375,807
2019-04-07T08:00:00+09:00,J1,1113,1111,2224
2019-04-07T08:00:00+09:00,J2,698,687,1385
2019-04-07T08:00:00+09:00,J3,1081,966,2047
2019-04-07T08:00:00+09:00,J4,608,736,1344
2019-04-07T08:00:00+09:00,J5,535,461,996
2019-04-07T08:15:00+09:00,J1,1163,1152,2315
2019-04-07T08:15:00+09:00,J2,738,620,1358
2019-04-07T08:15:00+09:00,J3,1188,1035,2223
2019-04-07T08:15:00+09:00,J4,659,824,1483
2019-04-07T08:15:00+09:00,J5,663,734,1397
2019-04-07T08:30:00+09:00,J1,1129,1241,2370
2019-04-07T08:30:00+09:00,J2,585,493,1078
2019-04-07T08:30:00+09:00,J3,1140,1094,2234
2019-04-07T08:30:00+09:00,J4,582,731,1313
2019-04-07T08:30:00+09:00,J5,664,681,1345
2019-04-07T08:45:00+09:00,J1,1184,1259,2443
2019-04-07T08:45:00+09:00,J2,497,556,1053
2019-04-07T08:45:00+09:00,J3,1101,968,2069
2019-04-07T08:45:00+09:00,J4,585,621,1206
2019-04-07T08:45:00+09:00,J5,539,661,1200
2019-04-07T09:00:00+09:00,J1,1059,957,2016
2019-04-07T09:00:00+09:00,J2,676,655,1331
2019-04-07T09:00:00+09:00,J3,960,781,1741
2019-04-07T09:00:00+09:00,J4,579,613,1192
2019-04-07T09:00:00+09:00,J5,596,602,1198
2019-04-07T09:15:00+09:00,J1,1141,946,2087
2019-04-07T09:15:00+09:00,J2,611,646,1257
2019-04-07T09:15:00+09:00,J3,925,798,1723
2019-04-07T09:15:00+09:00,J4,599,615,1214
2019-04-07T09:15:00+09:00,J5,442,456,898
2019-04-07T09:30:00+09:00,J1,1000,961,1961
2019-04-07T09:30:00+09:00,J2,679,611,1290
2019-04-07T09:30:00+09:00,J3,927,843,1770
2019-04-07T09:30:00+09:00,J4,655,605,1260
2019-04-07T09:30:00+09:00,J5,454,469,923
2019-04-07T09:45:00+09:00,J1,981,970,1951
2019-04-07T09:45:00+09:00,J2,647,609,1256
2019-04-07T09:45:00+09:00,J3,921,768,1689
2019-04-07T09:45:00+09:00,J4,595,649,1244
2019-04-07T09:45:00+09:00,J5,461,516,977
2019-04-07T10:00:00+09:00,J1,1022,1005,2027
2019-04-07T10:00:00+09:00,J2,630,681,1311
2019-04-07T10:00:00+09:00,J3,887,764,1651
2019-04-07T10:00:00+09:00,J4,623,683,1306
2019-04-07T10:00:00+09:00,J5,435,493,928
2019-04-07T10:15:00+09:00,J1,1005,974,1979
2019-04-07T10:15:00+09:00,J2,713,713,1426
2019-04-07T10:15:00+09:00,J3,814,786,1600
2019-04-07T10:15:00+09:00,J4,629,607,1236
2019-04-07T10:15:00+09:00,J5,452,513,965
2019-04-07T10:30:00+09:00,J1,978,939,1917
2019-04-07T10:30:00+09:00,J2,765,685,1450
2019-04-07T10:30:00+09:00,J3,849,915,1764
2019-04-07T10:30:00+09:00,J4,588,592,1180
2019-04-07T10:30:00+09:00,J5,525,530,1055
2019-04-07T10:45:00+09:00,J1,974,930,1904
2019-04-07T10:45:00+09:00,J2,850,739,1589
2019-04-07T10:45:00+09:00,J3,821,842,1663
2019-04-07T10:45:00+09:00,J4,684,679,1363
2019-04-07T10:45:00+09:00,J5,534,540,1074
2019-04-07T11:00:00+09:00,J1,1055,1098,2153
2019-04-07T11:00:00+09:00,J2,865,765,1630
2019-04-07T11:00:00+09:00,J3,1018,1057,2075
2019-04-07T11:00:00+09:00,J4,748,752,1500
2019-04-07T11:00:00+09:00,J5,631,615,1246
2019-04-07T11:15:00+09:00,J1,1088,1171,2259
2019-04-07T11:15:00+09:00,J2,763,770,1533
2019-04-07T11:15:00+09:00,J3,977,1014,1991
2019-04-07T11:15:00+09:00,J4,739,673,1412
2019-04-07T11:15:00+09:00,J5,565,574,1139
2019-04-07T11:30:00+09:00,J1,1149,1169,2318
2019-04-07T11:30:00+09:00,J2,567,681,1248
2019-04-07T11:30:00+09:00,J3,1023,928,1951
2019-04-07T11:30:00+09:00,J4,712,809,1521
2019-04-07T11:30:00+09:00,J5,609,649,1258
2019-04-07T11:45:00+09:00,J1,1081,1225,2306
2019-04-07T11:45:00+09:00,J2,626,661,1287
2019-04-07T11:45:00+09:00,J3,849,736,1585
2019-04-07T11:45:00+09:00,J4,769,734,1503
2019-04-07T11:45:00+09:00,J5,624,663,1287
2019-04-07T12:00:00+09:00,J1,1192,1181,2373
2019-04-07T12:00:00+09:00,J2,811,647,1458
2019-04-07T12:00:00+09:00,J3,821,765,1586
2019-04-07T12:00:00+09:00,J4,764,655,1419
2019-04-07T12:00:00+09:00,J5,618,642,1260
2019-04-07T12:15:00+09:00,J1,1122,1242,2364
2019-04-07T12:15:00+09:00,J2,848,660,1508
2019-04-07T12:15:00+09:00,J3,737,746,1483
2019-04-07T12:15:00+09:00,J4,718,641,1359
2019-04-07T12:15:00+09:00,J5,615,573,1188
2019-04-07T12:30:00+09:00,J1,1096,1218,2314
2019-04-07T12:30:00+09:00,J2,888,682,1570
2019-04-07T12:30:00+09:00,J3,834,812,1646
2019-04-07T12:30:00+09:00,J4,935,894,1829
2019-04-07T12:30:00+09:00,J5,492,527,1019
2019-04-07T12:45:00+09:00,J1,1105,1211,2316
2019-04-07T12:45:00+09:00,J2,890,686,1576
2019-04-07T12:45:00+09:00,J3,942,871,1813
2019-04-07T12:45:00+09:00,J4,837,898,1735
2019-04-07T12:45:00+09:00,J5,456,441,897
2019-04-07T13:00:00+09:00,J1,1162,1235,2397
2019-04-07T13:00:00+09:00,J2,931,674,1605
2019-04-07T13:00:00+09:00,J3,974,949,1923
2019-04-07T13:00:00+09:00,J4,880,865,1745
2019-04-07T13:00:00+09:00,J5,365,440,805
2019-04-07T13:15:00+09:00,J1,1081,1208,2289
2019-04-07T13:15:00+09:00,J2,952,672,1624
2019-04-07T13:15:00+09:00,J3,884,911,1795
2019-04-07T13:15:00+09:00,J4,826,864,1690
2019-04-07T13:15:00+09:00,J5,325,426,751
2019-04-07T13:30:00+09:00,J1,1116,1138,2254
2019-04-07T13:30:00+09:00,J2,1011,618,1629
2019-04-07T13:30:00+09:00,J3,904,864,1768
2019-04-07T13:30:00+09:00,J4,913,953,1866
2019-04-07T13:30:00+09:00,J5,383,415,798
2019-04-07T13:45:00+09:00,J1,1058,1198,2256
2019-04-07T13:45:00+09:00,J2,901,687,1588
2019-04-07T13:45:00+09:00,J3,965,854,1819
2019-04-07T13:45:00+09:00,J4,939,840,1779
2019-04-07T13:45:00+09:00,J5,333,386,719
2019-04-07T14:00:00+09:00,J1,1125,1222,2347
2019-04-07T14:00:00+09:00,J2,939,741,1680
2019-04-07T14:00:00+09:00,J3,904,876,1780
2019-04-07T14:00:00+09:00,J4,945,902,1847
2019-04-07T14:00:00+09:00,J5,358,424,782
2019-04-07T14:15:00+09:00,J1,1122,1207,2329
2019-04-07T14:15:00+09:00,J2,973,775,1748
2019-04-07T14:15:00+09:00,J3,883,892,1775
2019-04-07T14:15:00+09:00,J4,986,904,1890
2019-04-07T14:15:00+09:00,J5,359,372,731
2019-04-07T14:30:00+09:00,J1,1086,1199,2285
2019-04-07T14:30:00+09:00,J2,980,695,1675
2019-04-07T14:30:00+09:00,J3,928,776,1704
2019-04-07T14:30:00+09:00,J4,927,947,1874
2019-04-07T14:30:00+09:00,J5,326,379,705
2019-04-07T14:45:00+09:00,J1,1108,1195,2303
2019-04-07T14:45:00+09:00,J2,984,702,1686
2019-04-07T14:45:00+09:00,J3,865,866,1731
2019-04-07T14:45:00+09:00,J4,919,901,1820
2019-04-07T14:45:00+09:00,J5,331,350,681
2019-04-07T15:00:00+09:00,J1,1071,1195,2266
2019-04-07T15:00:00+09:00,J2,1045,741,1786
2019-04-07T15:00:00+09:00,J3,882,918,1800
2019-04-07T15:00:00+09:00,J4,863,889,1752
2019-04-07T15:00:00+09:00,J5,355,369,724
2019-04-07T15:15:00+09:00,J1,1070,1212,2282
2019-04-07T15:15:00+09:00,J2,995,666,1661
2019-04-07T15:15:00+09:00,J3,1008,912,1920
2019-04-07T15:15:00+09:00,J4,889,913,1802
2019-04-07T15:15:00+09:00,J5,325,412,737
2019-04-07T15:30:00+09:00,J1,1041,1263,2304
2019-04-07T15:30:00+09:00,J2,1032,661,1693
2019-04-07T15:30:00+09:00,J3,1016,933,1949
2019-04-07T15:30:00+09:00,J4,871,898,1769
2019-04-07T15:30:00+09:00,J5,294,408,702
2019-04-07T15:45:00+09:00,J1,1105,1261,2366
2019-04-07T15:45:00+09:00,J2,1049,876,1925
2019-04-07T15:45:00+09:00,J3,1018,974,1992
2019-04-07T15:45:00+09:00,J4,895,943,1838
2019-04-07T15:45:00+09:00,J5,347,380,727
2019-04-07T16:00:00+09:00,J1,1104,1222,2326
2019-04-07T16:00:00+09:00,J2,1046,817,1863
2019-04-07T16:00:00+09:00,J3,1024,1013,2037
2019-04-07T16:00:00+09:00,J4,877,844,1721
2019-04-07T16:00:00+09:00,J5,339,403,742
2019-04-07T16:15:00+09:00,J1,1061,1207,2268
2019-04-07T16:15:00+09:00,J2,915,703,1618
2019-04-07T16:15:00+09:00,J3,1079,998,2077
2019-04-07T16:15:00+09:00,J4,884,904,1788
2019-04-07T16:15:00+09:00,J5,592,600,1192
2019-04-07T16:30:00+09:00,J1,1079,1192,2271
2019-04-07T16:30:00+09:00,J2,789,640,1429
2019-04-07T16:30:00+09:00,J3,1044,1002,2046
2019-04-07T16:30:00+09:00,J4,893,845,1738
2019-04-07T16:30:00+09:00,J5,507,548,1055
2019-04-07T16:45:00+09:00,J1,1114,1275,2389
2019-04-07T16:45:00+09:00,J2,657,624,1281
2019-04-07T16:45:00+09:00,J3,1046,1078,2124
2019-04-07T16:45:00+09:00,J4,921,877,1798
2019-04-07T16:45:00+09:00,J5,476,462,938
2019-04-07T17:00:00+09:00,J1,1148,1338,2486
2019-04-07T17:00:00+09:00,J2,679,762,1441
2019-04-07T17:00:00+09:00,J3,1281,1125,2406
2019-04-07T17:00:00+09:00,J4,892,757,1649
2019-04-07T17:00:00+09:00,J5,546,585,1131
2019-04-07T17:15:00+09:00,J1,1242,1305,2547
2019-04-07T17:15:00+09:00,J2,676,764,1440
2019-04-07T17:15:00+09:00,J3,1187,1022,2209
2019-04-07T17:15:00+09:00,J4,935,833,1768
2019-04-07T17:15:00+09:00,J5,654,598,1252
2019-04-07T17:30:00+09:00,J1,1246,1349,2595
2019-04-07T17:30:00+09:00,J2,735,864,1599
2019-04-07T17:30:00+09:00,J3,1171,1027,2198
2019-04-07T17:30:00+09:00,J4,970,911,1881
2019-04-07T17:30:00+09:00,J5,571,590,1161
2019-04-07T17:45:00+09:00,J1,1228,1246,2474
2019-04-07T17:45:00+09:00,J2,752,849,1601
2019-04-07T17:45:00+09:00,J3,1177,1063,2240
2019-04-07T17:45:00+09:00,J4,926,900,1826
2019-04-07T17:45:00+09:00,J5,511,543,1054
2019-04-07T18:00:00+09:00,J1,1272,1302,2574
2019-04-07T18:00:00+09:00,J2,749,920,1669
2019-04-07T18:00:00+09:00,J3,1131,936,2067
2019-04-07T18:00:00+09:00,J4,940,812,1752
2019-04-07T18:00:00+09:00,J5,524,591,1115
2019-04-07T18:15:00+09:00,J1,1237,1407,2644
2019-04-07T18:15:00+09:00,J2,789,964,1753
2019-04-07T18:15:00+09:00,J3,1258,1078,2336
2019-04-07T18:15:00+09:00,J4,1000,766,1766
2019-04-07T18:15:00+09:00,J5,610,649,1259
2019-04-07T18:30:00+09:00,J1,1189,1339,2528
2019-04-07T18:30:00+09:00,J2,666,780,1446
2019-04-07T18:30:00+09:00,J3,987,910,1897
2019-04-07T18:30:00+09:00,J4,817,760,1577
2019-04-07T18:30:00+09:00,J5,525,570,1095
2019-04-07T18:45:00+09:00,J1,1206,1269,2475
2019-04-07T18:45:00+09:00,J2,635,794,1429
2019-04-07T18:45:00+09:00,J3,1008,959,1967
2019-04-07T18:45:00+09:00,J4,761,748,1509
2019-04-07T18:45:00+09:00,J5,447,515,962
2019-04-07T19:00:00+09:00,J1,994,1212,2206
2019-04-07T19:00:00+09:00,J2,568,644,1212
2019-04-07T19:00:00+09:00,J3,999,1058,2057
2019-04-07T19:00:00+09:00,J4,765,763,1528
2019-04-07T19:00:00+09:00,J5,502,501,1003
2019-04-07T19:15:00+09:00,J1,1114,1178,2292
2019-04-07T19:15:00+09:00,J2,683,655,1338
2019-04-07T19:15:00+09:00,J3,1048,1019,2067
2019-04-07T19:15:00+09:00,J4,751,697,1448
2019-04-07T19:15:00+09:00,J5,485,498,983
2019-04-07T19:30:00+09:00,J1,1040,1214,2254
2019-04-07T19:30:00+09:00,J2,741,683,1424
2019-04-07T19:30:00+09:00,J3,919,889,1808
2019-04-07T19:30:00+09:00,J4,589,629,1218
2019-04-07T19:30:00+09:00,J5,469,476,945
2019-04-07T19:45:00+09:00,J1,1023,1170,2193
2019-04-07T19:45:00+09:00,J2,683,628,1311
2019-04-07T19:45:00+09:00,J3,898,841,1739
2019-04-07T19:45:00+09:00,J4,621,649,1270
2019-04-07T19:45:00+09:00,J5,447,428,875
2019-04-07T20:00:00+09:00,J1,1047,1127,2174
2019-04-07T20:00:00+09:00,J2,673,533,1206
2019-04-07T20:00:00+09:00,J3,930,798,1728
2019-04-07T20:00:00+09:00,J4,592,643,1235
2019-04-07T20:00:00+09:00,J5,438,457,895
2019-04-07T20:15:00+09:00,J1,1049,1246,2295
2019-04-07T20:15:00+09:00,J2,560,590,1150
2019-04-07T20:15:00+09:00,J3,966,824,1790
2019-04-07T20:15:00+09:00,J4,588,636,1224
2019-04-07T20:15:00+09:00,J5,420,487,907
2019-04-07T20:30:00+09:00,J1,1104,1151,2255
2019-04-07T20:30:00+09:00,J2,739,645,1384
2019-04-07T20:30:00+09:00,J3,914,822,1736
2019-04-07T20:30:00+09:00,J4,480,528,1008
2019-04-07T20:30:00+09:00,J5,384,416,800
2019-04-07T20:45:00+09:00,J1,1044,1103,2147
2019-04-07T20:45:00+09:00,J2,825,607,1432
2019-04-07T20:45:00+09:00,J3,885,751,1636
2019-04-07T20:45:00+09:00,J4,517,529,1046
2019-04-07T20:45:00+09:00,J5,442,411,853
2019-04-07T21:00:00+09:00,J1,1026,1082,2108
2019-04-07T21:00:00+09:00,J2,749,616,1365
2019-04-07T21:00:00+09:00,J3,779,709,1488
2019-04-07T21:00:00+09:00,J4,592,599,1191
2019-04-07T21:00:00+09:00,J5,326,356,682
2019-04-07T21:15:00+09:00,J1,1032,1086,2118
2019-04-07T21:15:00+09:00,J2,597,705,1302
2019-04-07T21:15:00+09:00,J3,764,698,1462
2019-04-07T21:15:00+09:00,J4,570,542,1112
2019-04-07T21:15:00+09:00,J5,330,393,723
2019-04-07T21:30:00+09:00,J1,948,1000,1948
2019-04-07T21:30:00+09:00,J2,659,631,1290
2019-04-07T21:30:00+09:00,J3,869,792,1661
2019-04-07T21:30:00+09:00,J4,570,654,1224
2019-04-07T21:30:00+09:00,J5,312,351,663
2019-04-07T21:45:00+09:00,J1,972,1038,2010
2019-04-07T21:45:00+09:00,J2,844,752,1596
2019-04-07T21:45:00+09:00,J3,860,805,1665
2019-04-07T21:45:00+09:00,J4,579,605,1184
2019-04-07T21:45:00+09:00,J5,304,316,620
2019-04-07T22:00:00+09:00,J1,928,1059,1987
2019-04-07T22:00:00+09:00,J2,671,639,1310
2019-04-07T22:00:00+09:00,J3,865,853,1718
2019-04-07T22:00:00+09:00,J4,565,612,1177
2019-04-07T22:00:00+09:00,J5,315,316,631
2019-04-07T22:15:00+09:00,J1,964,1039,2003
2019-04-07T22:15:00+09:00,J2,442,546,988
2019-04-07T22:15:00+09:00,J3,901,899,1800
2019-04-07T22:15:00+09:00,J4,633,708,1341
2019-04-07T22:15:00+09:00,J5,338,316,654
2019-04-07T22:30:00+09:00,J1,921,1078,1999
2019-04-07T22:30:00+09:00,J2,440,523,963
2019-04-07T22:30:00+09:00,J3,961,862,1823
2019-04-07T22:30:00+09:00,J4,549,713,1262
2019-04-07T22:30:00+09:00,J5,377,310,687
2019-04-07T22:45:00+09:00,J1,912,952,1864
2019-04-07T22:45:00+09:00,J2,540,556,1096
2019-04-07T22:45:00+09:00,J3,1092,904,1996
2019-04-07T22:45:00+09:00,J4,632,691,1323
2019-04-07T22:45:00+09:00,J5,345,333,678
2019-04-07T23:00:00+09:00,J1,897,941,1838
2019-04-07T23:00:00+09:00,J2,440,541,981
2019-04-07T23:00:00+09:00,J3,1006,869,1875
2019-04-07T23:00:00+09:00,J4,594,709,1303
2019-04-07T23:00:00+09:00,J5,361,317,678
2019-04-07T23:15:00+09:00,J1,888,923,1811
2019-04-07T23:15:00+09:00,J2,386,496,882
2019-04-07T23:15:00+09:00,J3,948,759,1707
2019-04-07T23:15:00+09:00,J4,559,670,1229
2019-04-07T23:15:00+09:00,J5,358,312,670
2019-04-07T23:30:00+09:00,J1,843,881,1724
2019-04-07T23:30:00+09:00,J2,392,526,918
2019-04-07T23:30:00+09:00,J3,926,796,1722
2019-04-07T23:30:00+09:00,J4,545,693,1238
2019-04-07T23:30:00+09:00,J5,365,351,716
2019-04-07T23:45:00+09:00,J1,861,843,1704
2019-04-07T23:45:00+09:00,J2,386,442,828
2019-04-07T23:45:00+09:00,J3,1006,781,1787
2019-04-07T23:45:00+09:00,J4,504,544,1048
2019-04-07T23:45:00+09:00,J5,385,355,740
2019-04-08T00:00:00+09:00,J1,779,768,1547
2019-04-08T00:00:00+09:00,J2,444,476,920
2019-04-08T00:00:00+09:00,J3,844,595,1439
2019-04-08T00:00:00+09:00,J4,453,567,1020
2019-04-08T00:00:00+09:00,J5,376,294,670
2019-04-08T00:15:00+09:00,J1,630,539,1169
2019-04-08T00:15:00+09:00,J2,379,399,778
2019-04-08T00:15:00+09:00,J3,658,507,1165
2019-04-08T00:15:00+09:00,J4,485,484,969
2019-04-08T00:15:00+09:00,J5,459,378,837
2019-04-08T00:30:00+09:00,J1,491,517,1008
2019-04-08T00:30:00+09:00,J2,411,404,815
2019-04-08T00:30:00+09:00,J3,530,434,964
2019-04-08T00:30:00+09:00,J4,540,610,1150
2019-04-08T00:30:00+09:00,J5,412,401,813
2019-04-08T00:45:00+09:00,J1,534,533,1067
2019-04-08T00:45:00+09:00,J2,392,393,785
2019-04-08T00:45:00+09:00,J3,529,378,907
2019-04-08T00:45:00+09:00,J4,478,559,1037
2019-04-08T00:45:00+09:00,J5,405,461,866
2019-04-08T05:45:00+09:00,J1,771,789,1560
2019-04-08T05:45:00+09:00,J2,667,615,1282
2019-04-08T05:45:00+09:00,J3,650,670,1320
2019-04-08T05:45:00+09:00,J4,678,624,1302
2019-04-08T05:45:00+09:00,J5,520,501,1021
2019-04-08T06:00:00+09:00,J1,750,750,1500
2019-04-08T06:00:00+09:00,J2,634,598,1232
2019-04-08T06:00:00+09:00,J3,659,646,1305
2019-04-08T06:00:00+09:00,J4,730,656,1386
2019-04-08T06:00:00+09:00,J5,571,593,1164
2019-04-08T06:15:00+09:00,J1,918,890,1808
2019-04-08T06:15:00+09:00,J2,659,576,1235
2019-04-08T06:15:00+09:00,J3,529,589,1118
2019-04-08T06:15:00+09:00,J4,691,627,1318
2019-04-08T06:15:00+09:00,J5,569,543,1112
2019-04-08T06:30:00+09:00,J1,971,898,1869
2019-04-08T06:30:00+09:00,J2,658,598,1256
2019-04-08T06:30:00+09:00,J3,564,577,1141
2019-04-08T06:30:00+09:00,J4,697,715,1412
2019-04-08T06:30:00+09:00,J5,539,551,1090
2019-04-08T06:45:00+09:00,J1,990,923,1913
2019-04-08T06:45:00+09:00,J2,833,582,1415
2019-04-08T06:45:00+09:00,J3,663,594,1257
2019-04-08T06:45:00+09:00,J4,754,721,1475
2019-04-08T06:45:00+09:00,J5,562,559,1121
2019-04-08T07:00:00+09:00,J1,960,992,1952
2019-04-08T07:00:00+09:00,J2,674,690,1364
2019-04-08T07:00:00+09:00,J3,648,594,1242
2019-04-08T07:00:00+09:00,J4,784,677,1461
2019-04-08T07:00:00+09:00,J5,494,575,1069
2019-04-08T07:15:00+09:00,J1,1025,1047,2072
2019-04-08T07:15:00+09:00,J2,654,622,1276
2019-04-08T07:15:00+09:00,J3,781,672,1453
2019-04-08T07:15:00+09:00,J4,772,765,1537
2019-04-08T07:15:00+09:00,J5,500,575,1075
2019-04-08T07:30:00+09:00,J1,1153,1130,2283
2019-04-08T07:30:00+09:00,J2,604,600,1204
2019-04-08T07:30:00+09:00,J3,1221,1068,2289
2019-04-08T07:30:00+09:00,J4,856,936,1792
2019-04-08T07:30:00+09:00,J5,547,560,1107
2019-04-08T07:45:00+09:00,J1,1274,1101,2375
2019-04-08T07:45:00+09:00,J2,738,527,1265
2019-04-08T07:45:00+09:00,J3,1180,1114,2294
2019-04-08T07:45:00+09:00,J4,670,981,1651
2019-04-08T07:45:00+09:00,J5,733,779,1512
2019-04-08T08:00:00+09:00,J1,1420,1304,2724
2019-04-08T08:00:00+09:00,J2,1129,776,1905
2019-04-08T08:00:00+09:00,J3,1372,1314,2686
2019-04-08T08:00:00+09:00,J4,680,986,1666
2019-04-08T08:00:00+09:00,J5,641,660,1301
2019-04-08T08:15:00+09:00,J1,1507,1336,2843
2019-04-08T08:15:00+09:00,J2,1052,714,1766
2019-04-08T08:15:00+09:00,J3,1455,1433,2888
2019-04-08T08:15:00+09:00,J4,709,1117,1826
2019-04-08T08:15:00+09:00,J5,620,669,1289
2019-04-08T08:30:00+09:00,J1,1473,1316,2789
2019-04-08T08:30:00+09:00,J2,1043,824,1867
2019-04-08T08:30:00+09:00,J3,1297,1470,2767
2019-04-08T08:30:00+09:00,J4,733,1116,1849
2019-04-08T08:30:00+09:00,J5,669,715,1384
2019-04-08T08:45:00+09:00,J1,1322,1311,2633
2019-04-08T08:45:00+09:00,J2,794,658,1452
2019-04-08T08:45:00+09:00,J3,1158,1189,2347
2019-04-08T08:45:00+09:00,J4,508,775,1283
2019-04-08T08:45:00+09:00,J5,530,587,1117
2019-04-08T09:00:00+09:00,J1,1253,1255,2508
2019-04-08T09:00:00+09:00,J2,721,690,1411
2019-04-08T09:00:00+09:00,J3,1170,970,2140
2019-04-08T09:00:00+09:00,J4,551,704,1255
2019-04-08T09:00:00+09:00,J5,407,488,895
2019-04-08T09:15:00+09:00,J1,1263,1201,2464
2019-04-08T09:15:00+09:00,J2,672,662,1334
2019-04-08T09:15:00+09:00,J3,1029,940,1969
2019-04-08T09:15:00+09:00,J4,608,772,1380
2019-04-08T09:15:00+09:00,J5,421,423,844
2019-04-08T09:30:00+09:00,J1,1221,1165,2386
2019-04-08T09:30:00+09:00,J2,687,739,1426
2019-04-08T09:30:00+09:00,J3,954,989,1943
2019-04-08T09:30:00+09:00,J4,633,818,1451
2019-04-08T09:30:00+09:00,J5,343,397,740
2019-04-08T09:45:00+09:00,J1,1206,1174,2380
2019-04-08T09:45:00+09:00,J2,653,655,1308
2019-04-08T09:45:00+09:00,J3,959,913,1872
2019-04-08T09:45:00+09:00,J4,594,666,1260
2019-04-08T09:45:00+09:00,J5,315,345,660
2019-04-08T10:00:00+09:00,J1,1155,1146,2301
2019-04-08T10:00:00+09:00,J2,596,627,1223
2019-04-08T10:00:00+09:00,J3,980,907,1887
2019-04-08T10:00:00+09:00,J4,650,704,1354
2019-04-08T10:00:00+09:00,J5,253,285,538
2019-04-08T10:15:00+09:00,J1,1081,1119,2200
2019-04-08T10:15:00+09:00,J2,653,718,1371
2019-04-08T10:15:00+09:00,J3,1013,879,1892
2019-04-08T10:15:00+09:00,J4,673,746,1419
2019-04-08T10:15:00+09:00,J5,278,292,570
2019-04-08T10:30:00+09:00,J1,1162,1197,2359
2019-04-08T10:30:00+09:00,J2,649,681,1330
2019-04-08T10:30:00+09:00,J3,989,888,1877
2019-04-08T10:30:00+09:00,J4,576,768,1344
2019-04-08T10:30:00+09:00,J5,312,361,673
2019-04-08T10:45:00+09:00,J1,1086,1184,2270
2019-04-08T10:45:00+09:00,J2,652,792,1444
2019-04-08T10:45:00+09:00,J3,1036,934,1970
2019-04-08T10:45:00+09:00,J4,518,732,1250
2019-04-08T10:45:00+09:00,J5,337,370,707
2019-04-08T11:00:00+09:00,J1,1161,1202,2363
2019-04-08T11:00:00+09:00,J2,713,771,1484
2019-04-08T11:00:00+09:00,J3,1027,979,2006
2019-04-08T11:00:00+09:00,J4,635,682,1317
2019-04-08T11:00:00+09:00,J5,337,410,747
2019-04-08T11:15:00+09:00,J1,1127,1289,2416
2019-04-08T11:15:00+09:00,J2,773,748,1521
2019-04-08T11:15:00+09:00,J3,1147,1138,2285
2019-04-08T11:15:00+09:00,J4,518,651,1169
2019-04-08T11:15:00+09:00,J5,549,633,1182
2019-04-08T11:30:00+09:00,J1,1121,1165,2286
2019-04-08T11:30:00+09:00,J2,847,768,1615
2019-04-08T11:30:00+09:00,J3,1054,1039,2093
2019-04-08T11:30:00+09:00,J4,532,660,1192
2019-04-08T11:30:00+09:00,J5,583,544,1127
2019-04-08T11:45:00+09:00,J1,1145,1254,2399
2019-04-08T11:45:00+09:00,J2,856,663,1519
2019-04-08T11:45:00+09:00,J3,984,1004,1988
2019-04-08T11:45:00+09:00,J4,541,596,1137
2019-04-08T11:45:00+09:00,J5,555,533,1088
2019-04-08T12:00:00+09:00,J1,1164,1207,2371
2019-04-08T12:00:00+09:00,J2,843,622,1465
2019-04-08T12:00:00+09:00,J3,1090,1082,2172
2019-04-08T12:00:00+09:00,J4,728,755,1483
2019-04-08T12:00:00+09:00,J5,584,636,1220
2019-04-08T12:15:00+09:00,J1,1071,1215,2286
2019-04-08T12:15:00+09:00,J2,805,606,1411
2019-04-08T12:15:00+09:00,J3,1117,1035,2152
2019-04-08T12:15:00+09:00,J4,841,806,1647
2019-04-08T12:15:00+09:00,J5,659,608,1267
2019-04-08T12:30:00+09:00,J1,1169,1285,2454
2019-04-08T12:30:00+09:00,J2,802,603,1405
2019-04-08T12:30:00+09:00,J3,1182,1154,2336
2019-04-08T12:30:00+09:00,J4,887,925,1812
2019-04-08T12:30:00+09:00,J5,615,606,1221
2019-04-08T12:45:00+09:00,J1,1194,1291,2485
2019-04-08T12:45:00+09:00,J2,790,694,1484
2019-04-08T12:45:00+09:00,J3,1164,1101,2265
2019-04-08T12:45:00+09:00,J4,760,802,1562
2019-04-08T12:45:00+09:00,J5,597,590,1187
2019-04-08T13:00:00+09:00,J1,1124,1292,2416
2019-04-08T13:00:00+09:00,J2,778,614,1392
2019-04-08T13:00:00+09:00,J3,1222,1120,2342
2019-04-08T13:00:00+09:00,J4,919,819,1738
2019-04-08T13:00:00+09:00,J5,574,633,1207
2019-04-08T13:15:00+09:00,J1,1102,1303,2405
2019-04-08T13:15:00+09:00,J2,763,610,1373
2019-04-08T13:15:00+09:00,J3,1184,1155,2339
2019-04-08T13:15:00+09:00,J4,855,835,1690
2019-04-08T13:15:00+09:00,J5,578,570,1148
2019-04-08T13:30:00+09:00,J1,1080,1310,2390
2019-04-08T13:30:00+09:00,J2,764,608,1372
2019-04-08T13:30:00+09:00,J3,1214,1053,2267
2019-04-08T13:30:00+09:00,J4,913,830,1743
2019-04-08T13:30:00+09:00,J5,626,649,1275
2019-04-08T13:45:00+09:00,J1,1089,1342,2431
2019-04-08T13:45:00+09:00,J2,787,610,1397
2019-04-08T13:45:00+09:00,J3,1136,1002,2138
2019-04-08T13:45:00+09:00,J4,886,816,1702
2019-04-08T13:45:00+09:00,J5,544,581,1125
2019-04-08T14:00:00+09:00,J1,1135,1283,2418
2019-04-08T14:00:00+09:00,J2,800,708,1508
2019-04-08T14:00:00+09:00,J3,1182,934,2116
2019-04-08T14:00:00+09:00,J4,937,763,1700
2019-04-08T14:00:00+09:00,J5,592,583,1175
2019-04-08T14:15:00+09:00,J1,1113,1230,2343
2019-04-08T14:15:00+09:00,J2,760,692,1452
2019-04-08T14:15:00+09:00,J3,1168,970,2138
2019-04-08T14:15:00+09:00,J4,949,828,1777
2019-04-08T14:15:00+09:00,J5,659,599,1258
2019-04-08T14:30:00+09:00,J1,1077,1162,2239
2019-04-08T14:30:00+09:00,J2,814,763,1577
2019-04-08T14:30:00+09:00,J3,1123,967,2090
2019-04-08T14:30:00+09:00,J4,888,901,1789
2019-04-08T14:30:00+09:00,J5,582,598,1180
2019-04-08T14:45:00+09:00,J1,1032,1187,2219
2019-04-08T14:45:00+09:00,J2,712,746,1458
2019-04-08T14:45:00+09:00,J3,996,927,1923
2019-04-08T14:45:00+09:00,J4,957,851,1808
2019-04-08T14:45:00+09:00,J5,623,639,1262
2019-04-08T15:00:00+09:00,J1,1082,1141,2223
2019-04-08T15:00:00+09:00,J2,499,685,1184
2019-04-08T15:00:00+09:00,J3,867,824,1691
2019-04-08T15:00:00+09:00,J4,843,766,1609
2019-04-08T15:00:00+09:00,J5,601,631,1232
2019-04-08T15:15:00+09:00,J1,1060,1184,2244
2019-04-08T15:15:00+09:00,J2,529,629,1158
2019-04-08T15:15:00+09:00,J3,960,824,1784
2019-04-08T15:15:00+09:00,J4,872,793,1665
2019-04-08T15:15:00+09:00,J5,643,659,1302
2019-04-08T15:30:00+09:00,J1,1081,1153,2234
2019-04-08T15:30:00+09:00,J2,543,596,1139
2019-04-08T15:30:00+09:00,J3,994,905,1899
2019-04-08T15:30:00+09:00,J4,930,899,1829
2019-04-08T15:30:00+09:00,J5,648,638,1286
2019-04-08T15:45:00+09:00,J1,1022,1157,2179
2019-04-08T15:45:00+09:00,J2,563,610,1173
2019-04-08T15:45:00+09:00,J3,911,851,1762
2019-04-08T15:45:00+09:00,J4,911,837,1748
2019-04-08T15:45:00+09:00,J5,688,656,1344
2019-04-08T16:00:00+09:00,J1,1062,1159,2221
2019-04-08T16:00:00+09:00,J2,585,613,1198
2019-04-08T16:00:00+09:00,J3,929,792,1721
2019-04-08T16:00:00+09:00,J4,916,787,1703
2019-04-08T16:00:00+09:00,J5,616,563,1179
2019-04-08T16:15:00+09:00,J1,1060,1150,2210
2019-04-08T16:15:00+09:00,J2,622,654,1276
2019-04-08T16:15:00+09:00,J3,944,865,1809
2019-04-08T16:15:00+09:00,J4,870,849,1719
2019-04-08T16:15:00+09:00,J5,570,610,1180
2019-04-08T16:30:00+09:00,J1,1013,1166,2179
2019-04-08T16:30:00+09:00,J2,705,622,1327
2019-04-08T16:30:00+09:00,J3,929,955,1884
2019-04-08T16:30:00+09:00,J4,944,878,1822
2019-04-08T16:30:00+09:00,J5,497,499,996
2019-04-08T16:45:00+09:00,J1,1030,1165,2195
2019-04-08T16:45:00+09:00,J2,783,680,1463
2019-04-08T16:45:00+09:00,J3,1019,1028,2047
2019-04-08T16:45:00+09:00,J4,881,870,1751
2019-04-08T16:45:00+09:00,J5,470,489,959
2019-04-08T17:00:00+09:00,J1,1120,1307,2427
2019-04-08T17:00:00+09:00,J2,875,746,1621
2019-04-08T17:00:00+09:00,J3,1131,1081,2212
2019-04-08T17:00:00+09:00,J4,1022,914,1936
2019-04-08T17:00:00+09:00,J5,411,492,903
2019-04-08T17:15:00+09:00,J1,1155,1280,2435
2019-04-08T17:15:00+09:00,J2,930,734,1664
2019-04-08T17:15:00+09:00,J3,1207,1090,2297
2019-04-08T17:15:00+09:00,J4,1066,836,1902
2019-04-08T17:15:00+09:00,J5,428,589,1017
2019-04-08T17:30:00+09:00,J1,1155,1384,2539
2019-04-08T17:30:00+09:00,J2,1007,805,1812
2019-04-08T17:30:00+09:00,J3,1213,1154,2367
2019-04-08T17:30:00+09:00,J4,1152,869,2021
2019-04-08T17:30:00+09:00,J5,432,607,1039
2019-04-08T17:45:00+09:00,J1,1221,1418,2639
2019-04-08T17:45:00+09:00,J2,1023,879,1902
2019-04-08T17:45:00+09:00,J3,1190,1191,2381
2019-04-08T17:45:00+09:00,J4,1102,870,1972
2019-04-08T17:45:00+09:00,J5,413,586,999
2019-04-08T18:00:00+09:00,J1,1229,1416,2645
2019-04-08T18:00:00+09:00,J2,1066,859,1925
2019-04-08T18:00:00+09:00,J3,1305,1169,2474
2019-04-08T18:00:00+09:00,J4,1013,832,1845
2019-04-08T18:00:00+09:00,J5,390,547,937
2019-04-08T18:15:00+09:00,J1,1102,1456,2558
2019-04-08T18:15:00+09:00,J2,1055,833,1888
2019-04-08T18:15:00+09:00,J3,1372,1141,2513
2019-04-08T18:15:00+09:00,J4,990,803,1793
2019-04-08T18:15:00+09:00,J5,449,622,1071
2019-04-08T18:30:00+09:00,J1,1653,1241,2894
2019-04-08T18:30:00+09:00,J2,1388,741,2129
2019-04-08T18:30:00+09:00,J3,1779,1134,2913
2019-04-08T18:30:00+09:00,J4,1230,808,2038
2019-04-08T18:30:00+09:00,J5,557,575,1132
2019-04-08T18:45:00+09:00,J1,1143,1336,2479
2019-04-08T18:45:00+09:00,J2,1090,860,1950
2019-04-08T18:45:00+09:00,J3,1261,1171,2432
2019-04-08T18:45:00+09:00,J4,869,746,1615
2019-04-08T18:45:00+09:00,J5,389,528,917
2019-04-08T19:00:00+09:00,J1,1112,1230,2342
2019-04-08T19:00:00+09:00,J2,1025,800,1825
2019-04-08T19:00:00+09:00,J3,1246,1080,2326
2019-04-08T19:00:00+09:00,J4,813,759,1572
2019-04-08T19:00:00+09:00,J5,448,529,977
2019-04-08T19:15:00+09:00,J1,1116,1239,2355
2019-04-08T19:15:00+09:00,J2,935,763,1698
2019-04-08T19:15:00+09:00,J3,1264,1116,2380
2019-04-08T19:15:00+09:00,J4,843,694,1537
2019-04-08T19:15:00+09:00,J5,431,546,977
2019-04-08T19:30:00+09:00,J1,1081,1224,2305
2019-04-08T19:30:00+09:00,J2,921,865,1786
2019-04-08T19:30:00+09:00,J3,1174,1082,2256
2019-04-08T19:30:00+09:00,J4,695,699,1394
2019-04-08T19:30:00+09:00,J5,394,461,855
2019-04-08T19:45:00+09:00,J1,1011,1380,2391
2019-04-08T19:45:00+09:00,J2,883,824,1707
2019-04-08T19:45:00+09:00,J3,1155,1023,2178
2019-04-08T19:45:00+09:00,J4,701,714,1415
2019-04-08T19:45:00+09:00,J5,341,411,752
2019-04-08T20:00:00+09:00,J1,1026,1195,2221
2019-04-08T20:00:00+09:00,J2,855,789,1644
2019-04-08T20:00:00+09:00,J3,1116,1035,2151
2019-04-08T20:00:00+09:00,J4,667,821,1488
2019-04-08T20:00:00+09:00,J5,344,431,775
2019-04-08T20:15:00+09:00,J1,1019,1141,2160
2019-04-08T20:15:00+09:00,J2,908,934,1842
2019-04-08T20:15:00+09:00,J3,1231,985,2216
2019-04-08T20:15:00+09:00,J4,717,712,1429
2019-04-08T20:15:00+09:00,J5,370,442,812
2019-04-08T20:30:00+09:00,J1,951,1221,2172
2019-04-08T20:30:00+09:00,J2,810,909,1719
2019-04-08T20:30:00+09:00,J3,1092,931,2023
2019-04-08T20:30:00+09:00,J4,705,698,1403
2019-04-08T20:30:00+09:00,J5,373,406,779
2019-04-08T20:45:00+09:00,J1,1019,1140,2159
2019-04-08T20:45:00+09:00,J2,729,885,1614
2019-04-08T20:45:00+09:00,J3,1071,953,2024
2019-04-08T20:45:00+09:00,J4,654,773,1427
2019-04-08T20:45:00+09:00,J5,300,418,718
2019-04-08T21:00:00+09:00,J1,1075,1203,2278
2019-04-08T21:00:00+09:00,J2,677,757,1434
2019-04-08T21:00:00+09:00,J3,1129,901,2030
2019-04-08T21:00:00+09:00,J4,693,689,1382
2019-04-08T21:00:00+09:00,J5,319,392,711
2019-04-08T21:15:00+09:00,J1,980,1175,2155
2019-04-08T21:15:00+09:00,J2,645,855,1500
2019-04-08T21:15:00+09:00,J3,1150,957,2107
2019-04-08T21:15:00+09:00,J4,668,641,1309
2019-04-08T21:15:00+09:00,J5,303,331,634
2019-04-08T21:30:00+09:00,J1,974,1129,2103
2019-04-08T21:30:00+09:00,J2,544,697,1241
2019-04-08T21:30:00+09:00,J3,1082,932,2014
2019-04-08T21:30:00+09:00,J4,603,591,1194
2019-04-08T21:30:00+09:00,J5,288,293,581
2019-04-08T21:45:00+09:00,J1,964,1113,2077
2019-04-08T21:45:00+09:00,J2,491,581,1072
2019-04-08T21:45:00+09:00,J3,1127,858,1985
2019-04-08T21:45:00+09:00,J4,620,689,1309
2019-04-08T21:45:00+09:00,J5,326,293,619
2019-04-08T22:00:00+09:00,J1,937,1035,1972
2019-04-08T22:00:00+09:00,J2,456,532,988
2019-04-08T22:00:00+09:00,J3,983,782,1765
2019-04-08T22:00:00+09:00,J4,661,719,1380
2019-04-08T22:00:00+09:00,J5,322,301,623
2019-04-08T22:15:00+09:00,J1,898,1079,1977
2019-04-08T22:15:00+09:00,J2,449,588,1037
2019-04-08T22:15:00+09:00,J3,1057,831,1888
2019-04-08T22:15:00+09:00,J4,605,732,1337
2019-04-08T22:15:00+09:00,J5,324,287,611
2019-04-08T22:30:00+09:00,J1,844,973,1817
2019-04-08T22:30:00+09:00,J2,527,586,1113
2019-04-08T22:30:00+09:00,J3,1046,853,1899
2019-04-08T22:30:00+09:00,J4,599,723,1322
2019-04-08T22:30:00+09:00,J5,342,322,664
2019-04-08T22:45:00+09:00,J1,876,980,1856
2019-04-08T22:45:00+09:00,J2,498,566,1064
2019-04-08T22:45:00+09:00,J3,1004,731,1735
2019-04-08T22:45:00+09:00,J4,647,748,1395
2019-04-08T22:45:00+09:00,J5,359,279,638
2019-04-08T23:00:00+09:00,J1,822,889,1711
2019-04-08T23:00:00+09:00,J2,461,529,990
2019-04-08T23:00:00+09:00,J3,916,712,1628
2019-04-08T23:00:00+09:00,J4,602,718,1320
2019-04-08T23:00:00+09:00,J5,391,289,680
2019-04-08T23:15:00+09:00,J1,871,977,1848
2019-04-08T23:15:00+09:00,J2,474,515,989
2019-04-08T23:15:00+09:00,J3,836,632,1468
2019-04-08T23:15:00+09:00,J4,617,747,1364
2019-04-08T23:15:00+09:00,J5,336,257,593
2019-04-08T23:30:00+09:00,J1,800,871,1671
2019-04-08T23:30:00+09:00,J2,447,523,970
2019-04-08T23:30:00+09:00,J3,794,648,1442
2019-04-08T23:30:00+09:00,J4,565,679,1244
2019-04-08T23:30:00+09:00,J5,375,282,657
2019-04-08T23:45:00+09:00,J1,775,905,1680
2019-04-08T23:45:00+09:00,J2,388,411,799
2019-04-08T23:45:00+09:00,J3,952,654,1606
2019-04-08T23:45:00+09:00,J4,524,541,1065
2019-04-08T23:45:00+09:00,J5,363,295,658
2019-04-09T00:00:00+09:00,J1,717,718,1435
2019-04-09T00:00:00+09:00,J2,445,451,896
2019-04-09T00:00:00+09:00,J3,755,568,1323
2019-04-09T00:00:00+09:00,J4,470,498,968
2019-04-09T00:00:00+09:00,J5,401,290,691
2019-04-09T00:15:00+09:00,J1,548,533,1081
2019-04-09T00:15:00+09:00,J2,375,369,744
2019-04-09T00:15:00+09:00,J3,504,415,919
2019-04-09T00:15:00+09:00,J4,439,572,1011
2019-04-09T00:15:00+09:00,J5,396,422,818
2019-04-09T00:30:00+09:00,J1,603,645,1248
2019-04-09T00:30:00+09:00,J2,405,395,800
2019-04-09T00:30:00+09:00,J3,455,417,872
2019-04-09T00:30:00+09:00,J4,525,639,1164
2019-04-09T00:30:00+09:00,J5,417,435,852
2019-04-09T00:45:00+09:00,J1,522,544,1066
2019-04-09T00:45:00+09:00,J2,362,382,744
2019-04-09T00:45:00+09:00,J3,450,420,870
2019-04-09T00:45:00+09:00,J4,510,666,1176
2019-04-09T00:45:00+09:00,J5,411,441,852
2019-04-09T05:45:00+09:00,J1,662,665,1327
2019-04-09T05:45:00+09:00,J2,573,485,1058
2019-04-09T05:45:00+09:00,J3,692,679,1371
2019-04-09T05:45:00+09:00,J4,680,616,1296
2019-04-09T05:45:00+09:00,J5,575,593,1168
2019-04-09T06:00:00+09:00,J1,708,739,1447
2019-04-09T06:00:00+09:00,J2,607,456,1063
2019-04-09T06:00:00+09:00,J3,626,629,1255
2019-04-09T06:00:00+09:00,J4,738,748,1486
2019-04-09T06:00:00+09:00,J5,627,568,1195
2019-04-09T06:15:00+09:00,J1,725,722,1447
2019-04-09T06:15:00+09:00,J2,531,430,961
2019-04-09T06:15:00+09:00,J3,526,559,1085
2019-04-09T06:15:00+09:00,J4,588,665,1253
2019-04-09T06:15:00+09:00,J5,521,538,1059
2019-04-09T06:30:00+09:00,J1,846,871,1717
2019-04-09T06:30:00+09:00,J2,582,471,1053
2019-04-09T06:30:00+09:00,J3,593,613,1206
2019-04-09T06:30:00+09:00,J4,610,711,1321
2019-04-09T06:30:00+09:00,J5,556,558,1114
2019-04-09T06:45:00+09:00,J1,874,880,1754
2019-04-09T06:45:00+09:00,J2,621,471,1092
2019-04-09T06:45:00+09:00,J3,567,542,1109
2019-04-09T06:45:00+09:00,J4,696,727,1423
2019-04-09T06:45:00+09:00,J5,500,524,1024
2019-04-09T07:00:00+09:00,J1,918,945,1863
2019-04-09T07:00:00+09:00,J2,664,560,1224
2019-04-09T07:00:00+09:00,J3,650,594,1244
2019-04-09T07:00:00+09:00,J4,683,708,1391
2019-04-09T07:00:00+09:00,J5,498,510,1008
2019-04-09T07:15:00+09:00,J1,1050,1016,2066
2019-04-09T07:15:00+09:00,J2,672,496,1168
2019-04-09T07:15:00+09:00,J3,794,701,1495
2019-04-09T07:15:00+09:00,J4,794,836,1630
2019-04-09T07:15:00+09:00,J5,510,502,1012
2019-04-09T07:30:00+09:00,J1,1036,1063,2099
2019-04-09T07:30:00+09:00,J2,624,553,1177
2019-04-09T07:30:00+09:00,J3,1172,1056,2228
2019-04-09T07:30:00+09:00,J4,743,818,1561
2019-04-09T07:30:00+09:00,J5,492,557,1049
2019-04-09T07:45:00+09:00,J1,1130,1096,2226
2019-04-09T07:45:00+09:00,J2,737,677,1414
2019-04-09T07:45:00+09:00,J3,1177,1073,2250
2019-04-09T07:45:00+09:00,J4,626,914,1540
2019-04-09T07:45:00+09:00,J5,813,780,1593
2019-04-09T08:00:00+09:00,J1,1378,1300,2678
2019-04-09T08:00:00+09:00,J2,1074,723,1797
2019-04-09T08:00:00+09:00,J3,1369,1338,2707
2019-04-09T08:00:00+09:00,J4,664,989,1653
2019-04-09T08:00:00+09:00,J5,795,825,1620
2019-04-09T08:15:00+09:00,J1,1322,1354,2676
2019-04-09T08:15:00+09:00,J2,1095,767,1862
2019-04-09T08:15:00+09:00,J3,1415,1457,2872
2019-04-09T08:15:00+09:00,J4,789,1107,1896
2019-04-09T08:15:00+09:00,J5,743,795,1538
2019-04-09T08:30:00+09:00,J1,1439,1255,2694
2019-04-09T08:30:00+09:00,J2,1099,794,1893
2019-04-09T08:30:00+09:00,J3,1200,1498,2698
2019-04-09T08:30:00+09:00,J4,838,1178,2016
2019-04-09T08:30:00+09:00,J5,666,724,1390
2019-04-09T08:45:00+09:00,J1,1335,1229,2564
2019-04-09T08:45:00+09:00,J2,824,783,1607
2019-04-09T08:45:00+09:00,J3,1231,1219,2450
2019-04-09T08:45:00+09:00,J4,593,798,1391
2019-04-09T08:45:00+09:00,J5,621,642,1263
2019-04-09T09:00:00+09:00,J1,1176,1319,2495
2019-04-09T09:00:00+09:00,J2,727,779,1506
2019-04-09T09:00:00+09:00,J3,1006,1052,2058
2019-04-09T09:00:00+09:00,J4,507,717,1224
2019-04-09T09:00:00+09:00,J5,567,600,1167
2019-04-09T09:15:00+09:00,J1,1249,1068,2317
2019-04-09T09:15:00+09:00,J2,727,709,1436
2019-04-09T09:15:00+09:00,J3,941,878,1819
2019-04-09T09:15:00+09:00,J4,577,732,1309
2019-04-09T09:15:00+09:00,J5,423,484,907
2019-04-09T09:30:00+09:00,J1,1129,1085,2214
2019-04-09T09:30:00+09:00,J2,728,721,1449
2019-04-09T09:30:00+09:00,J3,996,904,1900
2019-04-09T09:30:00+09:00,J4,587,786,1373
2019-04-09T09:30:00+09:00,J5,441,441,882
2019-04-09T09:45:00+09:00,J1,1099,1061,2160
2019-04-09T09:45:00+09:00,J2,680,712,1392
2019-04-09T09:45:00+09:00,J3,944,888,1832
2019-04-09T09:45:00+09:00,J4,624,667,1291
2019-04-09T09:45:00+09:00,J5,361,383,744
2019-04-09T10:00:00+09:00,J1,1069,1083,2152
2019-04-09T10:00:00+09:00,J2,655,738,1393
2019-04-09T10:00:00+09:00,J3,851,832,1683
2019-04-09T10:00:00+09:00,J4,619,722,1341
2019-04-09T10:00:00+09:00,J5,292,342,634
2019-04-09T10:15:00+09:00,J1,1071,1152,2223
2019-04-09T10:15:00+09:00,J2,701,714,1415
2019-04-09T10:15:00+09:00,J3,911,859,1770
2019-04-09T10:15:00+09:00,J4,556,695,1251
2019-04-09T10:15:00+09:00,J5,292,339,631
2019-04-09T10:30:00+09:00,J1,1118,1132,2250
2019-04-09T10:30:00+09:00,J2,628,713,1341
2019-04-09T10:30:00+09:00,J3,922,849,1771
2019-04-09T10:30:00+09:00,J4,547,629,1176
2019-04-09T10:30:00+09:00,J5,325,408,733
2019-04-09T10:45:00+09:00,J1,1177,1152,2329
2019-04-09T10:45:00+09:00,J2,758,761,1519
2019-04-09T10:45:00+09:00,J3,969,860,1829
2019-04-09T10:45:00+09:00,J4,546,565,1111
2019-04-09T10:45:00+09:00,J5,356,422,778
2019-04-09T11:00:00+09:00,J1,1217,1250,2467
2019-04-09T11:00:00+09:00,J2,763,782,1545
2019-04-09T11:00:00+09:00,J3,945,880,1825
2019-04-09T11:00:00+09:00,J4,504,659,1163
2019-04-09T11:00:00+09:00,J5,396,426,822
2019-04-09T11:15:00+09:00,J1,1141,1228,2369
2019-04-09T11:15:00+09:00,J2,785,784,1569
2019-04-09T11:15:00+09:00,J3,1110,1093,2203
2019-04-09T11:15:00+09:00,J4,545,642,1187
2019-04-09T11:15:00+09:00,J5,605,597,1202
2019-04-09T11:30:00+09:00,J1,1110,1234,2344
2019-04-09T11:30:00+09:00,J2,782,783,1565
2019-04-09T11:30:00+09:00,J3,1067,1058,2125
2019-04-09T11:30:00+09:00,J4,546,679,1225
2019-04-09T11:30:00+09:00,J5,619,613,1232
2019-04-09T11:45:00+09:00,J1,1238,1243,2481
2019-04-09T11:45:00+09:00,J2,848,864,1712
2019-04-09T11:45:00+09:00,J3,1032,1054,2086
2019-04-09T11:45:00+09:00,J4,579,684,1263
2019-04-09T11:45:00+09:00,J5,572,596,1168
2019-04-09T12:00:00+09:00,J1,1195,1295,2490
2019-04-09T12:00:00+09:00,J2,922,814,1736
2019-04-09T12:00:00+09:00,J3,1093,1055,2148
2019-04-09T12:00:00+09:00,J4,648,686,1334
2019-04-09T12:00:00+09:00,J5,581,563,1144
2019-04-09T12:15:00+09:00,J1,1104,1143,2247
2019-04-09T12:15:00+09:00,J2,705,859,1564
2019-04-09T12:15:00+09:00,J3,1113,955,2068
2019-04-09T12:15:00+09:00,J4,757,847,1604
2019-04-09T12:15:00+09:00,J5,634,713,1347
2019-04-09T12:30:00+09:00,J1,1021,1163,2184
2019-04-09T12:30:00+09:00,J2,570,661,1231
2019-04-09T12:30:00+09:00,J3,996,885,1881
2019-04-09T12:30:00+09:00,J4,844,868,1712
2019-04-09T12:30:00+09:00,J5,683,662,1345
2019-04-09T12:45:00+09:00,J1,1103,1177,2280
2019-04-09T12:45:00+09:00,J2,628,575,1203
2019-04-09T12:45:00+09:00,J3,846,927,1773
2019-04-09T12:45:00+09:00,J4,791,865,1656
2019-04-09T12:45:00+09:00,J5,559,530,1089
2019-04-09T13:00:00+09:00,J1,1018,1147,2165
2019-04-09T13:00:00+09:00,J2,587,567,1154
2019-04-09T13:00:00+09:00,J3,770,842,1612
2019-04-09T13:00:00+09:00,J4,842,837,1679
2019-04-09T13:00:00+09:00,J5,457,539,996
2019-04-09T13:15:00+09:00,J1,1002,1187,2189
2019-04-09T13:15:00+09:00,J2,642,593,1235
2019-04-09T13:15:00+09:00,J3,906,841,1747
2019-04-09T13:15:00+09:00,J4,842,798,1640
2019-04-09T13:15:00+09:00,J5,408,457,865
2019-04-09T13:30:00+09:00,J1,1024,1123,2147
2019-04-09T13:30:00+09:00,J2,699,630,1329
2019-04-09T13:30:00+09:00,J3,902,766,1668
2019-04-09T13:30:00+09:00,J4,895,842,1737
2019-04-09T13:30:00+09:00,J5,348,446,794
2019-04-09T13:45:00+09:00,J1,997,1199,2196
2019-04-09T13:45:00+09:00,J2,729,616,1345
2019-04-09T13:45:00+09:00,J3,908,862,1770
2019-04-09T13:45:00+09:00,J4,904,870,1774
2019-04-09T13:45:00+09:00,J5,398,465,863
2019-04-09T14:00:00+09:00,J1,1095,1265,2360
2019-04-09T14:00:00+09:00,J2,778,623,1401
2019-04-09T14:00:00+09:00,J3,921,781,1702
2019-04-09T14:00:00+09:00,J4,899,880,1779
2019-04-09T14:00:00+09:00,J5,361,440,801
2019-04-09T14:15:00+09:00,J1,1160,1221,2381
2019-04-09T14:15:00+09:00,J2,776,642,1418
2019-04-09T14:15:00+09:00,J3,944,835,1779
2019-04-09T14:15:00+09:00,J4,867,830,1697
2019-04-09T14:15:00+09:00,J5,345,370,715
2019-04-09T14:30:00+09:00,J1,1179,1180,2359
2019-04-09T14:30:00+09:00,J2,781,742,1523
2019-04-09T14:30:00+09:00,J3,933,826,1759
2019-04-09T14:30:00+09:00,J4,899,818,1717
2019-04-09T14:30:00+09:00,J5,298,430,728
2019-04-09T14:45:00+09:00,J1,1057,1118,2175
2019-04-09T14:45:00+09:00,J2,751,684,1435
2019-04-09T14:45:00+09:00,J3,876,835,1711
2019-04-09T14:45:00+09:00,J4,874,824,1698
2019-04-09T14:45:00+09:00,J5,307,405,712
2019-04-09T15:00:00+09:00,J1,1099,1164,2263
2019-04-09T15:00:00+09:00,J2,826,616,1442
2019-04-09T15:00:00+09:00,J3,832,833,1665
2019-04-09T15:00:00+09:00,J4,819,804,1623
2019-04-09T15:00:00+09:00,J5,321,367,688
2019-04-09T15:15:00+09:00,J1,1047,1179,2226
2019-04-09T15:15:00+09:00,J2,760,651,1411
2019-04-09T15:15:00+09:00,J3,887,827,1714
2019-04-09T15:15:00+09:00,J4,760,827,1587
2019-04-09T15:15:00+09:00,J5,344,372,716
2019-04-09T15:30:00+09:00,J1,1021,1182,2203
2019-04-09T15:30:00+09:00,J2,880,645,1525
2019-04-09T15:30:00+09:00,J3,962,899,1861
2019-04-09T15:30:00+09:00,J4,780,825,1605
2019-04-09T15:30:00+09:00,J5,354,412,766
2019-04-09T15:45:00+09:00,J1,1005,1184,2189
2019-04-09T15:45:00+09:00,J2,746,578,1324
2019-04-09T15:45:00+09:00,J3,891,849,1740
2019-04-09T15:45:00+09:00,J4,819,832,1651
2019-04-09T15:45:00+09:00,J5,380,422,802
2019-04-09T16:00:00+09:00,J1,1088,1287,2375
2019-04-09T16:00:00+09:00,J2,637,438,1075
2019-04-09T16:00:00+09:00,J3,936,883,1819
2019-04-09T16:00:00+09:00,J4,839,869,1708
2019-04-09T16:00:00+09:00,J5,288,409,697
2019-04-09T16:15:00+09:00,J1,1075,1219,2294
2019-04-09T16:15:00+09:00,J2,850,673,1523
2019-04-09T16:15:00+09:00,J3,979,941,1920
2019-04-09T16:15:00+09:00,J4,864,859,1723
2019-04-09T16:15:00+09:00,J5,302,350,652
2019-04-09T16:30:00+09:00,J1,1084,1183,2267
2019-04-09T16:30:00+09:00,J2,934,633,1567
2019-04-09T16:30:00+09:00,J3,1049,999,2048
2019-04-09T16:30:00+09:00,J4,896,837,1733
2019-04-09T16:30:00+09:00,J5,289,421,710
2019-04-09T16:45:00+09:00,J1,994,1105,2099
2019-04-09T16:45:00+09:00,J2,884,745,1629
2019-04-09T16:45:00+09:00,J3,1023,983,2006
2019-04-09T16:45:00+09:00,J4,900,814,1714
2019-04-09T16:45:00+09:00,J5,330,384,714
2019-04-09T17:00:00+09:00,J1,1103,1256,2359
2019-04-09T17:00:00+09:00,J2,1012,806,1818
2019-04-09T17:00:00+09:00,J3,1167,1025,2192
2019-04-09T17:00:00+09:00,J4,921,856,1777
2019-04-09T17:00:00+09:00,J5,350,397,747
2019-04-09T17:15:00+09:00,J1,1177,1431,2608
2019-04-09T17:15:00+09:00,J2,1068,799,1867
2019-04-09T17:15:00+09:00,J3,1170,1068,2238
2019-04-09T17:15:00+09:00,J4,1008,845,1853
2019-04-09T17:15:00+09:00,J5,345,542,887
2019-04-09T17:30:00+09:00,J1,1276,1407,2683
2019-04-09T17:30:00+09:00,J2,976,897,1873
2019-04-09T17:30:00+09:00,J3,1250,1050,2300
2019-04-09T17:30:00+09:00,J4,1049,801,1850
2019-04-09T17:30:00+09:00,J5,362,506,868
2019-04-09T17:45:00+09:00,J1,1258,1354,2612
2019-04-09T17:45:00+09:00,J2,963,842,1805
2019-04-09T17:45:00+09:00,J3,1264,1106,2370
2019-04-09T17:45:00+09:00,J4,1082,861,1943
2019-04-09T17:45:00+09:00,J5,437,572,1009
2019-04-09T18:00:00+09:00,J1,1203,1434,2637
2019-04-09T18:00:00+09:00,J2,1015,861,1876
2019-04-09T18:00:00+09:00,J3,1257,1025,2282
2019-04-09T18:00:00+09:00,J4,1100,918,2018
2019-04-09T18:00:00+09:00,J5,434,654,1088
2019-04-09T18:15:00+09:00,J1,1248,1395,2643
2019-04-09T18:15:00+09:00,J2,1012,820,1832
2019-04-09T18:15:00+09:00,J3,1159,1038,2197
2019-04-09T18:15:00+09:00,J4,1156,896,2052
2019-04-09T18:15:00+09:00,J5,574,767,1341
2019-04-09T18:30:00+09:00,J1,1045,1311,2356
2019-04-09T18:30:00+09:00,J2,1019,795,1814
2019-04-09T18:30:00+09:00,J3,1026,922,1948
2019-04-09T18:30:00+09:00,J4,1017,883,1900
2019-04-09T18:30:00+09:00,J5,550,727,1277
2019-04-09T18:45:00+09:00,J1,1161,1276,2437
2019-04-09T18:45:00+09:00,J2,1038,764,1802
2019-04-09T18:45:00+09:00,J3,886,815,1701
2019-04-09T18:45:00+09:00,J4,975,891,1866
2019-04-09T18:45:00+09:00,J5,484,635,1119
2019-04-09T19:00:00+09:00,J1,1121,1192,2313
2019-04-09T19:00:00+09:00,J2,871,790,1661
2019-04-09T19:00:00+09:00,J3,934,874,1808
2019-04-09T19:00:00+09:00,J4,959,863,1822
2019-04-09T19:00:00+09:00,J5,481,638,1119
2019-04-09T19:15:00+09:00,J1,1093,1135,2228
2019-04-09T19:15:00+09:00,J2,944,759,1703
2019-04-09T19:15:00+09:00,J3,1033,831,1864
2019-04-09T19:15:00+09:00,J4,1059,839,1898
2019-04-09T19:15:00+09:00,J5,449,632,1081
2019-04-09T19:30:00+09:00,J1,1080,1185,2265
2019-04-09T19:30:00+09:00,J2,848,760,1608
2019-04-09T19:30:00+09:00,J3,981,864,1845
2019-04-09T19:30:00+09:00,J4,931,864,1795
2019-04-09T19:30:00+09:00,J5,406,533,939
2019-04-09T19:45:00+09:00,J1,1055,1133,2188
2019-04-09T19:45:00+09:00,J2,805,699,1504
2019-04-09T19:45:00+09:00,J3,756,704,1460
2019-04-09T19:45:00+09:00,J4,937,850,1787
2019-04-09T19:45:00+09:00,J5,377,506,883
2019-04-09T20:00:00+09:00,J1,1048,1144,2192
2019-04-09T20:00:00+09:00,J2,846,758,1604
2019-04-09T20:00:00+09:00,J3,735,736,1471
2019-04-09T20:00:00+09:00,J4,920,831,1751
2019-04-09T20:00:00+09:00,J5,382,520,902
2019-04-09T20:15:00+09:00,J1,1030,1204,2234
2019-04-09T20:15:00+09:00,J2,867,721,1588
2019-04-09T20:15:00+09:00,J3,766,679,1445
2019-04-09T20:15:00+09:00,J4,988,863,1851
2019-04-09T20:15:00+09:00,J5,403,451,854
2019-04-09T20:30:00+09:00,J1,962,1100,2062
2019-04-09T20:30:00+09:00,J2,768,761,1529
2019-04-09T20:30:00+09:00,J3,794,697,1491
2019-04-09T20:30:00+09:00,J4,968,787,1755
2019-04-09T20:30:00+09:00,J5,329,466,795
2019-04-09T20:45:00+09:00,J1,938,1044,1982
2019-04-09T20:45:00+09:00,J2,640,761,1401
2019-04-09T20:45:00+09:00,J3,748,674,1422
2019-04-09T20:45:00+09:00,J4,818,755,1573
2019-04-09T20:45:00+09:00,J5,348,403,751
2019-04-09T21:00:00+09:00,J1,1038,1128,2166
2019-04-09T21:00:00+09:00,J2,741,831,1572
2019-04-09T21:00:00+09:00,J3,792,747,1539
2019-04-09T21:00:00+09:00,J4,721,694,1415
2019-04-09T21:00:00+09:00,J5,356,395,751
2019-04-09T21:15:00+09:00,J1,918,1156,2074
2019-04-09T21:15:00+09:00,J2,624,758,1382
2019-04-09T21:15:00+09:00,J3,839,798,1637
2019-04-09T21:15:00+09:00,J4,691,659,1350
2019-04-09T21:15:00+09:00,J5,316,469,785
2019-04-09T21:30:00+09:00,J1,836,1022,1858
2019-04-09T21:30:00+09:00,J2,564,721,1285
2019-04-09T21:30:00+09:00,J3,924,806,1730
2019-04-09T21:30:00+09:00,J4,655,674,1329
2019-04-09T21:30:00+09:00,J5,305,414,719
2019-04-09T21:45:00+09:00,J1,985,1015,2000
2019-04-09T21:45:00+09:00,J2,531,761,1292
2019-04-09T21:45:00+09:00,J3,970,892,1862
2019-04-09T21:45:00+09:00,J4,738,686,1424
2019-04-09T21:45:00+09:00,J5,292,416,708
2019-04-09T22:00:00+09:00,J1,862,1023,1885
2019-04-09T22:00:00+09:00,J2,487,639,1126
2019-04-09T22:00:00+09:00,J3,885,869,1754
2019-04-09T22:00:00+09:00,J4,669,719,1388
2019-04-09T22:00:00+09:00,J5,311,368,679
2019-04-09T22:15:00+09:00,J1,828,989,1817
2019-04-09T22:15:00+09:00,J2,451,629,1080
2019-04-09T22:15:00+09:00,J3,947,849,1796
2019-04-09T22:15:00+09:00,J4,595,629,1224
2019-04-09T22:15:00+09:00,J5,296,314,610
2019-04-09T22:30:00+09:00,J1,840,970,1810
2019-04-09T22:30:00+09:00,J2,455,584,1039
2019-04-09T22:30:00+09:00,J3,970,905,1875
2019-04-09T22:30:00+09:00,J4,638,697,1335
2019-04-09T22:30:00+09:00,J5,278,334,612
2019-04-09T22:45:00+09:00,J1,904,896,1800
2019-04-09T22:45:00+09:00,J2,434,532,966
2019-04-09T22:45:00+09:00,J3,1017,866,1883
2019-04-09T22:45:00+09:00,J4,613,613,1226
2019-04-09T22:45:00+09:00,J5,335,329,664
2019-04-09T23:00:00+09:00,J1,825,923,1748
2019-04-09T23:00:00+09:00,J2,438,567,1005
2019-04-09T23:00:00+09:00,J3,1067,928,1995
2019-04-09T23:00:00+09:00,J4,606,617,1223
2019-04-09T23:00:00+09:00,J5,308,347,655
2019-04-09T23:15:00+09:00,J1,859,907,1766
2019-04-09T23:15:00+09:00,J2,416,565,981
2019-04-09T23:15:00+09:00,J3,1082,881,1963
2019-04-09T23:15:00+09:00,J4,478,611,1089
2019-04-09T23:15:00+09:00,J5,312,330,642
2019-04-09T23:30:00+09:00,J1,799,877,1676
2019-04-09T23:30:00+09:00,J2,381,567,948
2019-04-09T23:30:00+09:00,J3,1012,829,1841
2019-04-09T23:30:00+09:00,J4,521,585,1106
2019-04-09T23:30:00+09:00,J5,339,305,644
2019-04-09T23:45:00+09:00,J1,825,816,1641
2019-04-09T23:45:00+09:00,J2,464,589,1053
2019-04-09T23:45:00+09:00,J3,1046,879,1925
2019-04-09T23:45:00+09:00,J4,459,502,961
2019-04-09T23:45:00+09:00,J5,354,316,670
2019-04-10T00:00:00+09:00,J1,683,636,1319
2019-04-10T00:00:00+09:00,J2,440,553,993
2019-04-10T00:00:00+09:00,J3,1039,775,1814
2019-04-10T00:00:00+09:00,J4,482,528,1010
2019-04-10T00:00:00+09:00,J5,316,276,592
2019-04-10T00:15:00+09:00,J1,545,564,1109
2019-04-10T00:15:00+09:00,J2,400,425,825
2019-04-10T00:15:00+09:00,J3,794,618,1412
2019-04-10T00:15:00+09:00,J4,414,395,809
2019-04-10T00:15:00+09:00,J5,332,318,650
2019-04-10T00:30:00+09:00,J1,591,634,1225
2019-04-10T00:30:00+09:00,J2,401,410,811
2019-04-10T00:30:00+09:00,J3,658,499,1157
2019-04-10T00:30:00+09:00,J4,412,377,789
2019-04-10T00:30:00+09:00,J5,305,273,578
2019-04-10T00:45:00+09:00,J1,466,545,1011
2019-04-10T00:45:00+09:00,J2,305,392,697
2019-04-10T00:45:00+09:00,J3,665,516,1181
2019-04-10T00:45:00+09:00,J4,410,397,807
2019-04-10T00:45:00+09:00,J5,296,266,562
2019-04-10T05:45:00+09:00,J1,558,523,1081
2019-04-10T05:45:00+09:00,J2,486,435,921
2019-04-10T05:45:00+09:00,J3,502,573,1075
2019-04-10T05:45:00+09:00,J4,795,702,1497
2019-04-10T05:45:00+09:00,J5,576,537,1113
2019-04-10T06:00:00+09:00,J1,608,623,1231
2019-04-10T06:00:00+09:00,J2,476,421,897
2019-04-10T06:00:00+09:00,J3,545,520,1065
2019-04-10T06:00:00+09:00,J4,692,719,1411
2019-04-10T06:00:00+09:00,J5,541,533,1074
2019-04-10T06:15:00+09:00,J1,739,855,1594
2019-04-10T06:15:00+09:00,J2,489,481,970
2019-04-10T06:15:00+09:00,J3,507,565,1072
2019-04-10T06:15:00+09:00,J4,641,647,1288
2019-04-10T06:15:00+09:00,J5,483,481,964
2019-04-10T06:30:00+09:00,J1,816,807,1623
2019-04-10T06:30:00+09:00,J2,458,444,902
2019-04-10T06:30:00+09:00,J3,530,441,971
2019-04-10T06:30:00+09:00,J4,658,666,1324
2019-04-10T06:30:00+09:00,J5,449,456,905
2019-04-10T06:45:00+09:00,J1,805,848,1653
2019-04-10T06:45:00+09:00,J2,539,472,1011
2019-04-10T06:45:00+09:00,J3,585,564,1149
2019-04-10T06:45:00+09:00,J4,674,753,1427
2019-04-10T06:45:00+09:00,J5,386,463,849
2019-04-10T07:00:00+09:00,J1,892,889,1781
2019-04-10T07:00:00+09:00,J2,524,561,1085
2019-04-10T07:00:00+09:00,J3,630,603,1233
2019-04-10T07:00:00+09:00,J4,667,839,1506
2019-04-10T07:00:00+09:00,J5,445,429,874
2019-04-10T07:15:00+09:00,J1,968,939,1907
2019-04-10T07:15:00+09:00,J2,574,427,1001
2019-04-10T07:15:00+09:00,J3,850,664,1514
2019-04-10T07:15:00+09:00,J4,677,865,1542
2019-04-10T07:15:00+09:00,J5,454,453,907
2019-04-10T07:30:00+09:00,J1,1045,980,2025
2019-04-10T07:30:00+09:00,J2,574,515,1089
2019-04-10T07:30:00+09:00,J3,1105,1056,2161
2019-04-10T07:30:00+09:00,J4,607,900,1507
2019-04-10T07:30:00+09:00,J5,507,494,1001
2019-04-10T07:45:00+09:00,J1,1092,1196,2288
2019-04-10T07:45:00+09:00,J2,832,653,1485
2019-04-10T07:45:00+09:00,J3,1241,1091,2332
2019-04-10T07:45:00+09:00,J4,645,880,1525
2019-04-10T07:45:00+09:00,J5,707,732,1439
2019-04-10T08:00:00+09:00,J1,1222,1160,2382
2019-04-10T08:00:00+09:00,J2,918,692,1610
2019-04-10T08:00:00+09:00,J3,1082,1131,2213
2019-04-10T08:00:00+09:00,J4,651,962,1613
2019-04-10T08:00:00+09:00,J5,636,634,1270
2019-04-10T08:15:00+09:00,J1,1452,1333,2785
2019-04-10T08:15:00+09:00,J2,1045,680,1725
2019-04-10T08:15:00+09:00,J3,1364,1395,2759
2019-04-10T08:15:00+09:00,J4,832,1194,2026
2019-04-10T08:15:00+09:00,J5,557,600,1157
2019-04-10T08:30:00+09:00,J1,1408,1231,2639
2019-04-10T08:30:00+09:00,J2,1085,755,1840
2019-04-10T08:30:00+09:00,J3,1193,1467,2660
2019-04-10T08:30:00+09:00,J4,964,1116,2080
2019-04-10T08:30:00+09:00,J5,586,561,1147
2019-04-10T08:45:00+09:00,J1,1201,1149,2350
2019-04-10T08:45:00+09:00,J2,811,677,1488
2019-04-10T08:45:00+09:00,J3,998,1243,2241
2019-04-10T08:45:00+09:00,J4,805,1063,1868
2019-04-10T08:45:00+09:00,J5,535,535,1070
2019-04-10T09:00:00+09:00,J1,1123,1015,2138
2019-04-10T09:00:00+09:00,J2,811,683,1494
2019-04-10T09:00:00+09:00,J3,1065,1072,2137
2019-04-10T09:00:00+09:00,J4,818,822,1640
2019-04-10T09:00:00+09:00,J5,574,639,1213
2019-04-10T09:15:00+09:00,J1,1108,916,2024
2019-04-10T09:15:00+09:00,J2,794,777,1571
2019-04-10T09:15:00+09:00,J3,928,963,1891
2019-04-10T09:15:00+09:00,J4,778,916,1694
2019-04-10T09:15:00+09:00,J5,567,557,1124
2019-04-10T09:30:00+09:00,J1,1019,901,1920
2019-04-10T09:30:00+09:00,J2,768,753,1521
2019-04-10T09:30:00+09:00,J3,978,974,1952
2019-04-10T09:30:00+09:00,J4,892,929,1821
2019-04-10T09:30:00+09:00,J5,569,529,1098
2019-04-10T09:45:00+09:00,J1,913,869,1782
2019-04-10T09:45:00+09:00,J2,638,733,1371
2019-04-10T09:45:00+09:00,J3,967,871,1838
2019-04-10T09:45:00+09:00,J4,882,850,1732
2019-04-10T09:45:00+09:00,J5,484,517,1001
2019-04-10T10:00:00+09:00,J1,773,725,1498
2019-04-10T10:00:00+09:00,J2,468,561,1029
2019-04-10T10:00:00+09:00,J3,910,796,1706
2019-04-10T10:00:00+09:00,J4,879,803,1682
2019-04-10T10:00:00+09:00,J5,421,423,844
2019-04-10T10:15:00+09:00,J1,806,785,1591
2019-04-10T10:15:00+09:00,J2,588,559,1147
2019-04-10T10:15:00+09:00,J3,756,677,1433
2019-04-10T10:15:00+09:00,J4,884,810,1694
2019-04-10T10:15:00+09:00,J5,416,493,909
2019-04-10T10:30:00+09:00,J1,808,771,1579
2019-04-10T10:30:00+09:00,J2,553,489,1042
2019-04-10T10:30:00+09:00,J3,700,686,1386
2019-04-10T10:30:00+09:00,J4,904,872,1776
2019-04-10T10:30:00+09:00,J5,525,499,1024
2019-04-10T10:45:00+09:00,J1,814,818,1632
2019-04-10T10:45:00+09:00,J2,554,486,1040
2019-04-10T10:45:00+09:00,J3,701,645,1346
2019-04-10T10:45:00+09:00,J4,846,842,1688
2019-04-10T10:45:00+09:00,J5,556,516,1072
2019-04-10T11:00:00+09:00,J1,742,758,1500
2019-04-10T11:00:00+09:00,J2,553,481,1034
2019-04-10T11:00:00+09:00,J3,815,675,1490
2019-04-10T11:00:00+09:00,J4,897,853,1750
2019-04-10T11:00:00+09:00,J5,594,594,1188
2019-04-10T11:15:00+09:00,J1,861,959,1820
2019-04-10T11:15:00+09:00,J2,596,506,1102
2019-04-10T11:15:00+09:00,J3,808,769,1577
2019-04-10T11:15:00+09:00,J4,841,926,1767
2019-04-10T11:15:00+09:00,J5,597,578,1175
2019-04-10T11:30:00+09:00,J1,854,973,1827
2019-04-10T11:30:00+09:00,J2,627,536,1163
2019-04-10T11:30:00+09:00,J3,881,794,1675
2019-04-10T11:30:00+09:00,J4,913,917,1830
2019-04-10T11:30:00+09:00,J5,611,622,1233
2019-04-10T11:45:00+09:00,J1,885,1037,1922
2019-04-10T11:45:00+09:00,J2,603,570,1173
2019-04-10T11:45:00+09:00,J3,920,818,1738
2019-04-10T11:45:00+09:00,J4,994,862,1856
2019-04-10T11:45:00+09:00,J5,547,581,1128
2019-04-10T12:00:00+09:00,J1,900,1035,1935
2019-04-10T12:00:00+09:00,J2,634,656,1290
2019-04-10T12:00:00+09:00,J3,1032,827,1859
2019-04-10T12:00:00+09:00,J4,1047,870,1917
2019-04-10T12:00:00+09:00,J5,559,593,1152
2019-04-10T12:15:00+09:00,J1,862,976,1838
2019-04-10T12:15:00+09:00,J2,572,616,1188
2019-04-10T12:15:00+09:00,J3,1000,832,1832
2019-04-10T12:15:00+09:00,J4,991,904,1895
2019-04-10T12:15:00+09:00,J5,640,604,1244
2019-04-10T12:30:00+09:00,J1,803,978,1781
2019-04-10T12:30:00+09:00,J2,644,648,1292
2019-04-10T12:30:00+09:00,J3,1049,908,1957
2019-04-10T12:30:00+09:00,J4,958,870,1828
2019-04-10T12:30:00+09:00,J5,635,616,1251
2019-04-10T12:45:00+09:00,J1,871,998,1869
2019-04-10T12:45:00+09:00,J2,599,567,1166
2019-04-10T12:45:00+09:00,J3,927,837,1764
2019-04-10T12:45:00+09:00,J4,967,850,1817
2019-04-10T12:45:00+09:00,J5,613,606,1219
2019-04-10T13:00:00+09:00,J1,786,1010,1796
2019-04-10T13:00:00+09:00,J2,560,587,1147
2019-04-10T13:00:00+09:00,J3,896,833,1729
2019-04-10T13:00:00+09:00,J4,858,776,1634
2019-04-10T13:00:00+09:00,J5,617,566,1183
2019-04-10T13:15:00+09:00,J1,901,1033,1934
2019-04-10T13:15:00+09:00,J2,592,661,1253
2019-04-10T13:15:00+09:00,J3,959,890,1849
2019-04-10T13:15:00+09:00,J4,920,830,1750
2019-04-10T13:15:00+09:00,J5,618,567,1185
2019-04-10T13:30:00+09:00,J1,910,975,1885
2019-04-10T13:30:00+09:00,J2,603,620,1223
2019-04-10T13:30:00+09:00,J3,1015,847,1862
2019-04-10T13:30:00+09:00,J4,880,835,1715
2019-04-10T13:30:00+09:00,J5,578,520,1098
2019-04-10T13:45:00+09:00,J1,800,947,1747
2019-04-10T13:45:00+09:00,J2,489,563,1052
2019-04-10T13:45:00+09:00,J3,888,786,1674
2019-04-10T13:45:00+09:00,J4,853,817,1670
2019-04-10T13:45:00+09:00,J5,591,552,1143
2019-04-10T14:00:00+09:00,J1,887,994,1881
2019-04-10T14:00:00+09:00,J2,521,623,1144
2019-04-10T14:00:00+09:00,J3,929,853,1782
2019-04-10T14:00:00+09:00,J4,838,770,1608
2019-04-10T14:00:00+09:00,J5,601,573,1174
2019-04-10T14:15:00+09:00,J1,900,1011,1911
2019-04-10T14:15:00+09:00,J2,459,614,1073
2019-04-10T14:15:00+09:00,J3,982,929,1911
2019-04-10T14:15:00+09:00,J4,912,881,1793
2019-04-10T14:15:00+09:00,J5,604,580,1184
2019-04-10T14:30:00+09:00,J1,934,985,1919
2019-04-10T14:30:00+09:00,J2,519,559,1078
2019-04-10T14:30:00+09:00,J3,985,898,1883
2019-04-10T14:30:00+09:00,J4,868,848,1716
2019-04-10T14:30:00+09:00,J5,587,573,1160
2019-04-10T14:45:00+09:00,J1,900,1020,1920
2019-04-10T14:45:00+09:00,J2,515,641,1156
2019-04-10T14:45:00+09:00,J3,957,856,1813
2019-04-10T14:45:00+09:00,J4,899,815,1714
2019-04-10T14:45:00+09:00,J5,591,597,1188
2019-04-10T15:00:00+09:00,J1,953,1041,1994
2019-04-10T15:00:00+09:00,J2,508,601,1109
2019-04-10T15:00:00+09:00,J3,900,819,1719
2019-04-10T15:00:00+09:00,J4,912,855,1767
2019-04-10T15:00:00+09:00,J5,580,553,1133
2019-04-10T15:15:00+09:00,J1,933,1019,1952
2019-04-10T15:15:00+09:00,J2,588,702,1290
2019-04-10T15:15:00+09:00,J3,834,827,1661
2019-04-10T15:15:00+09:00,J4,907,863,1770
2019-04-10T15:15:00+09:00,J5,581,547,1128
2019-04-10T15:30:00+09:00,J1,940,1011,1951
2019-04-10T15:30:00+09:00,J2,669,705,1374
2019-04-10T15:30:00+09:00,J3,790,782,1572
2019-04-10T15:30:00+09:00,J4,808,748,1556
2019-04-10T15:30:00+09:00,J5,578,573,1151
2019-04-10T15:45:00+09:00,J1,915,1083,1998
2019-04-10T15:45:00+09:00,J2,702,612,1314
2019-04-10T15:45:00+09:00,J3,824,747,1571
2019-04-10T15:45:00+09:00,J4,856,763,1619
2019-04-10T15:45:00+09:00,J5,497,593,1090
2019-04-10T16:00:00+09:00,J1,898,1032,1930
2019-04-10T16:00:00+09:00,J2,662,642,1304
2019-04-10T16:00:00+09:00,J3,806,781,1587
2019-04-10T16:00:00+09:00,J4,905,854,1759
2019-04-10T16:00:00+09:00,J5,476,458,934
2019-04-10T16:15:00+09:00,J1,886,992,1878
2019-04-10T16:15:00+09:00,J2,727,615,1342
2019-04-10T16:15:00+09:00,J3,825,764,1589
2019-04-10T16:15:00+09:00,J4,837,833,1670
2019-04-10T16:15:00+09:00,J5,482,511,993
2019-04-10T16:30:00+09:00,J1,876,1075,1951
2019-04-10T16:30:00+09:00,J2,696,713,1409
2019-04-10T16:30:00+09:00,J3,824,792,1616
2019-04-10T16:30:00+09:00,J4,857,800,1657
2019-04-10T16:30:00+09:00,J5,487,446,933
2019-04-10T16:45:00+09:00,J1,971,1044,2015
2019-04-10T16:45:00+09:00,J2,762,581,1343
2019-04-10T16:45:00+09:00,J3,911,798,1709
2019-04-10T16:45:00+09:00,J4,939,789,1728
2019-04-10T16:45:00+09:00,J5,479,495,974
2019-04-10T17:00:00+09:00,J1,1057,1151,2208
2019-04-10T17:00:00+09:00,J2,811,743,1554
2019-04-10T17:00:00+09:00,J3,1051,893,1944
2019-04-10T17:00:00+09:00,J4,888,900,1788
2019-04-10T17:00:00+09:00,J5,483,570,1053
2019-04-10T17:15:00+09:00,J1,1132,1163,2295
2019-04-10T17:15:00+09:00,J2,893,745,1638
2019-04-10T17:15:00+09:00,J3,1145,993,2138
2019-04-10T17:15:00+09:00,J4,903,975,1878
2019-04-10T17:15:00+09:00,J5,621,615,1236
2019-04-10T17:30:00+09:00,J1,1127,1320,2447
2019-04-10T17:30:00+09:00,J2,918,822,1740
2019-04-10T17:30:00+09:00,J3,1232,1054,2286
2019-04-10T17:30:00+09:00,J4,972,1007,1979
2019-04-10T17:30:00+09:00,J5,603,717,1320
2019-04-10T17:45:00+09:00,J1,1134,1362,2496
2019-04-10T17:45:00+09:00,J2,833,882,1715
2019-04-10T17:45:00+09:00,J3,1344,1070,2414
2019-04-10T17:45:00+09:00,J4,999,1076,2075
2019-04-10T17:45:00+09:00,J5,672,795,1467
2019-04-10T18:00:00+09:00,J1,1232,1414,2646
2019-04-10T18:00:00+09:00,J2,958,893,1851
2019-04-10T18:00:00+09:00,J3,1258,1039,2297
2019-04-10T18:00:00+09:00,J4,1067,961,2028
2019-04-10T18:00:00+09:00,J5,596,768,1364
2019-04-10T18:15:00+09:00,J1,1151,1341,2492
2019-04-10T18:15:00+09:00,J2,917,916,1833
2019-04-10T18:15:00+09:00,J3,1182,1074,2256
2019-04-10T18:15:00+09:00,J4,1179,940,2119
2019-04-10T18:15:00+09:00,J5,718,782,1500
2019-04-10T18:30:00+09:00,J1,1208,1286,2494
2019-04-10T18:30:00+09:00,J2,981,760,1741
2019-04-10T18:30:00+09:00,J3,1084,986,2070
2019-04-10T18:30:00+09:00,J4,999,917,1916
2019-04-10T18:30:00+09:00,J5,669,700,1369
2019-04-10T18:45:00+09:00,J1,1174,1274,2448
2019-04-10T18:45:00+09:00,J2,1002,706,1708
2019-04-10T18:45:00+09:00,J3,997,936,1933
2019-04-10T18:45:00+09:00,J4,946,878,1824
2019-04-10T18:45:00+09:00,J5,678,735,1413
2019-04-10T19:00:00+09:00,J1,1071,1202,2273
2019-04-10T19:00:00+09:00,J2,893,706,1599
2019-04-10T19:00:00+09:00,J3,955,832,1787
2019-04-10T19:00:00+09:00,J4,878,803,1681
2019-04-10T19:00:00+09:00,J5,612,726,1338
2019-04-10T19:15:00+09:00,J1,1113,1236,2349
2019-04-10T19:15:00+09:00,J2,846,728,1574
2019-04-10T19:15:00+09:00,J3,952,914,1866
2019-04-10T19:15:00+09:00,J4,931,863,1794
2019-04-10T19:15:00+09:00,J5,597,714,1311
2019-04-10T19:30:00+09:00,J1,1023,1186,2209
2019-04-10T19:30:00+09:00,J2,842,761,1603
2019-04-10T19:30:00+09:00,J3,936,906,1842
2019-04-10T19:30:00+09:00,J4,844,766,1610
2019-04-10T19:30:00+09:00,J5,575,633,1208
2019-04-10T19:45:00+09:00,J1,1032,1113,2145
2019-04-10T19:45:00+09:00,J2,769,852,1621
2019-04-10T19:45:00+09:00,J3,979,854,1833
2019-04-10T19:45:00+09:00,J4,810,757,1567
2019-04-10T19:45:00+09:00,J5,541,606,1147
2019-04-10T20:00:00+09:00,J1,1016,1174,2190
2019-04-10T20:00:00+09:00,J2,695,833,1528
2019-04-10T20:00:00+09:00,J3,1095,988,2083
2019-04-10T20:00:00+09:00,J4,817,752,1569
2019-04-10T20:00:00+09:00,J5,446,527,973
2019-04-10T20:15:00+09:00,J1,1020,1110,2130
2019-04-10T20:15:00+09:00,J2,859,802,1661
2019-04-10T20:15:00+09:00,J3,1136,1124,2260
2019-04-10T20:15:00+09:00,J4,862,741,1603
2019-04-10T20:15:00+09:00,J5,488,539,1027
2019-04-10T20:30:00+09:00,J1,960,1140,2100
2019-04-10T20:30:00+09:00,J2,833,844,1677
2019-04-10T20:30:00+09:00,J3,1167,1113,2280
2019-04-10T20:30:00+09:00,J4,737,671,1408
2019-04-10T20:30:00+09:00,J5,452,556,1008
2019-04-10T20:45:00+09:00,J1,891,1098,1989
2019-04-10T20:45:00+09:00,J2,714,820,1534
2019-04-10T20:45:00+09:00,J3,1120,1113,2233
2019-04-10T20:45:00+09:00,J4,721,666,1387
2019-04-10T20:45:00+09:00,J5,518,507,1025
2019-04-10T21:00:00+09:00,J1,898,1031,1929
2019-04-10T21:00:00+09:00,J2,684,776,1460
2019-04-10T21:00:00+09:00,J3,946,916,1862
2019-04-10T21:00:00+09:00,J4,784,651,1435
2019-04-10T21:00:00+09:00,J5,410,468,878
2019-04-10T21:15:00+09:00,J1,971,1066,2037
2019-04-10T21:15:00+09:00,J2,694,830,1524
2019-04-10T21:15:00+09:00,J3,938,896,1834
2019-04-10T21:15:00+09:00,J4,818,695,1513
2019-04-10T21:15:00+09:00,J5,336,438,774
2019-04-10T21:30:00+09:00,J1,944,1090,2034
2019-04-10T21:30:00+09:00,J2,670,803,1473
2019-04-10T21:30:00+09:00,J3,887,899,1786
2019-04-10T21:30:00+09:00,J4,804,731,1535
2019-04-10T21:30:00+09:00,J5,316,386,702
2019-04-10T21:45:00+09:00,J1,877,937,1814
2019-04-10T21:45:00+09:00,J2,654,690,1344
2019-04-10T21:45:00+09:00,J3,977,907,1884
2019-04-10T21:45:00+09:00,J4,694,673,1367
2019-04-10T21:45:00+09:00,J5,351,344,695
2019-04-10T22:00:00+09:00,J1,875,1060,1935
2019-04-10T22:00:00+09:00,J2,774,676,1450
2019-04-10T22:00:00+09:00,J3,949,935,1884
2019-04-10T22:00:00+09:00,J4,632,658,1290
2019-04-10T22:00:00+09:00,J5,278,307,585
2019-04-10T22:15:00+09:00,J1,846,969,1815
2019-04-10T22:15:00+09:00,J2,498,563,1061
2019-04-10T22:15:00+09:00,J3,910,896,1806
2019-04-10T22:15:00+09:00,J4,708,689,1397
2019-04-10T22:15:00+09:00,J5,307,314,621
2019-04-10T22:30:00+09:00,J1,900,1034,1934
2019-04-10T22:30:00+09:00,J2,511,652,1163
2019-04-10T22:30:00+09:00,J3,1004,911,1915
2019-04-10T22:30:00+09:00,J4,556,653,1209
2019-04-10T22:30:00+09:00,J5,267,283,550
2019-04-10T22:45:00+09:00,J1,894,967,1861
2019-04-10T22:45:00+09:00,J2,474,608,1082
2019-04-10T22:45:00+09:00,J3,1042,808,1850
2019-04-10T22:45:00+09:00,J4,573,602,1175
2019-04-10T22:45:00+09:00,J5,230,276,506
2019-04-10T23:00:00+09:00,J1,939,1011,1950
2019-04-10T23:00:00+09:00,J2,439,569,1008
2019-04-10T23:00:00+09:00,J3,1022,894,1916
2019-04-10T23:00:00+09:00,J4,516,546,1062
2019-04-10T23:00:00+09:00,J5,241,253,494
2019-04-10T23:15:00+09:00,J1,845,974,1819
2019-04-10T23:15:00+09:00,J2,406,565,971
2019-04-10T23:15:00+09:00,J3,883,874,1757
2019-04-10T23:15:00+09:00,J4,478,594,1072
2019-04-10T23:15:00+09:00,J5,259,280,539
2019-04-10T23:30:00+09:00,J1,801,862,1663
2019-04-10T23:30:00+09:00,J2,408,541,949
2019-04-10T23:30:00+09:00,J3,993,856,1849
2019-04-10T23:30:00+09:00,J4,425,583,1008
2019-04-10T23:30:00+09:00,J5,303,262,565
2019-04-10T23:45:00+09:00,J1,793,849,1642
2019-04-10T23:45:00+09:00,J2,419,524,943
2019-04-10T23:45:00+09:00,J3,978,822,1800
2019-04-10T23:45:00+09:00,J4,342,478,820
2019-04-10T23:45:00+09:00,J5,250,315,565
2019-04-11T00:00:00+09:00,J1,741,766,1507
2019-04-11T00:00:00+09:00,J2,497,577,1074
2019-04-11T00:00:00+09:00,J3,1015,773,1788
2019-04-11T00:00:00+09:00,J4,380,451,831
2019-04-11T00:00:00+09:00,J5,288,242,530
2019-04-11T00:15:00+09:00,J1,547,575,1122
2019-04-11T00:15:00+09:00,J2,493,505,998
2019-04-11T00:15:00+09:00,J3,794,619,1413
2019-04-11T00:15:00+09:00,J4,381,453,834
2019-04-11T00:15:00+09:00,J5,358,296,654
2019-04-11T00:30:00+09:00,J1,572,495,1067
2019-04-11T00:30:00+09:00,J2,414,487,901
2019-04-11T00:30:00+09:00,J3,682,480,1162
2019-04-11T00:30:00+09:00,J4,429,505,934
2019-04-11T00:30:00+09:00,J5,356,293,649
2019-04-11T00:45:00+09:00,J1,571,489,1060
2019-04-11T00:45:00+09:00,J2,447,528,975
2019-04-11T00:45:00+09:00,J3,692,604,1296
2019-04-11T00:45:00+09:00,J4,409,538,947
2019-04-11T00:45:00+09:00,J5,366,278,644
2019-04-11T05:45:00+09:00,J1,650,544,1194
2019-04-11T05:45:00+09:00,J2,579,473,1052
2019-04-11T05:45:00+09:00,J3,460,481,941
2019-04-11T05:45:00+09:00,J4,620,739,1359
2019-04-11T05:45:00+09:00,J5,476,513,989
2019-04-11T06:00:00+09:00,J1,641,651,1292
2019-04-11T06:00:00+09:00,J2,545,463,1008
2019-04-11T06:00:00+09:00,J3,479,487,966
2019-04-11T06:00:00+09:00,J4,562,610,1172
2019-04-11T06:00:00+09:00,J5,480,537,1017
2019-04-11T06:15:00+09:00,J1,763,795,1558
2019-04-11T06:15:00+09:00,J2,550,506,1056
2019-04-11T06:15:00+09:00,J3,588,561,1149
2019-04-11T06:15:00+09:00,J4,587,623,1210
2019-04-11T06:15:00+09:00,J5,397,414,811
2019-04-11T06:30:00+09:00,J1,815,806,1621
2019-04-11T06:30:00+09:00,J2,575,551,1126
2019-04-11T06:30:00+09:00,J3,528,486,1014
2019-04-11T06:30:00+09:00,J4,583,684,1267
2019-04-11T06:30:00+09:00,J5,428,460,888
2019-04-11T06:45:00+09:00,J1,776,819,1595
2019-04-11T06:45:00+09:00,J2,596,526,1122
2019-04-11T06:45:00+09:00,J3,644,619,1263
2019-04-11T06:45:00+09:00,J4,601,761,1362
2019-04-11T06:45:00+09:00,J5,422,413,835
2019-04-11T07:00:00+09:00,J1,721,817,1538
2019-04-11T07:00:00+09:00,J2,612,634,1246
2019-04-11T07:00:00+09:00,J3,805,664,1469
2019-04-11T07:00:00+09:00,J4,586,748,1334
2019-04-11T07:00:00+09:00,J5,446,393,839
2019-04-11T07:15:00+09:00,J1,856,885,1741
2019-04-11T07:15:00+09:00,J2,546,463,1009
2019-04-11T07:15:00+09:00,J3,848,776,1624
2019-04-11T07:15:00+09:00,J4,665,830,1495
2019-04-11T07:15:00+09:00,J5,448,427,875
2019-04-11T07:30:00+09:00,J1,1050,1003,2053
2019-04-11T07:30:00+09:00,J2,604,482,1086
2019-04-11T07:30:00+09:00,J3,1120,1028,2148
2019-04-11T07:30:00+09:00,J4,675,861,1536
2019-04-11T07:30:00+09:00,J5,544,510,1054
2019-04-11T07:45:00+09:00,J1,1131,1190,2321
2019-04-11T07:45:00+09:00,J2,758,657,1415
2019-04-11T07:45:00+09:00,J3,1194,1091,2285
2019-04-11T07:45:00+09:00,J4,602,829,1431
2019-04-11T07:45:00+09:00,J5,794,736,1530
2019-04-11T08:00:00+09:00,J1,1312,1321,2633
2019-04-11T08:00:00+09:00,J2,1044,793,1837
2019-04-11T08:00:00+09:00,J3,1388,1325,2713
2019-04-11T08:00:00+09:00,J4,733,970,1703
2019-04-11T08:00:00+09:00,J5,613,587,1200
2019-04-11T08:15:00+09:00,J1,1422,1302,2724
2019-04-11T08:15:00+09:00,J2,1078,777,1855
2019-04-11T08:15:00+09:00,J3,1445,1407,2852
2019-04-11T08:15:00+09:00,J4,849,1209,2058
2019-04-11T08:15:00+09:00,J5,616,593,1209
2019-04-11T08:30:00+09:00,J1,1469,1325,2794
2019-04-11T08:30:00+09:00,J2,1037,758,1795
2019-04-11T08:30:00+09:00,J3,1242,1423,2665
2019-04-11T08:30:00+09:00,J4,955,1101,2056
2019-04-11T08:30:00+09:00,J5,521,597,1118
2019-04-11T08:45:00+09:00,J1,1285,1222,2507
2019-04-11T08:45:00+09:00,J2,842,704,1546
2019-04-11T08:45:00+09:00,J3,971,1226,2197
2019-04-11T08:45:00+09:00,J4,855,1027,1882
2019-04-11T08:45:00+09:00,J5,560,612,1172
2019-04-11T09:00:00+09:00,J1,1284,1234,2518
2019-04-11T09:00:00+09:00,J2,866,771,1637
2019-04-11T09:00:00+09:00,J3,952,947,1899
2019-04-11T09:00:00+09:00,J4,647,715,1362
2019-04-11T09:00:00+09:00,J5,590,660,1250
2019-04-11T09:15:00+09:00,J1,1201,1088,2289
2019-04-11T09:15:00+09:00,J2,719,670,1389
2019-04-11T09:15:00+09:00,J3,907,881,1788
2019-04-11T09:15:00+09:00,J4,674,775,1449
2019-04-11T09:15:00+09:00,J5,532,519,1051
2019-04-11T09:30:00+09:00,J1,1175,1086,2261
2019-04-11T09:30:00+09:00,J2,618,583,1201
2019-04-11T09:30:00+09:00,J3,1021,921,1942
2019-04-11T09:30:00+09:00,J4,677,773,1450
2019-04-11T09:30:00+09:00,J5,516,602,1118
2019-04-11T09:45:00+09:00,J1,1124,1003,2127
2019-04-11T09:45:00+09:00,J2,548,528,1076
2019-04-11T09:45:00+09:00,J3,787,773,1560
2019-04-11T09:45:00+09:00,J4,613,641,1254
2019-04-11T09:45:00+09:00,J5,422,417,839
2019-04-11T10:00:00+09:00,J1,1120,1037,2157
2019-04-11T10:00:00+09:00,J2,636,534,1170
2019-04-11T10:00:00+09:00,J3,625,588,1213
2019-04-11T10:00:00+09:00,J4,595,625,1220
2019-04-11T10:00:00+09:00,J5,319,394,713
2019-04-11T10:15:00+09:00,J1,1002,1010,2012
2019-04-11T10:15:00+09:00,J2,745,552,1297
2019-04-11T10:15:00+09:00,J3,588,607,1195
2019-04-11T10:15:00+09:00,J4,619,624,1243
2019-04-11T10:15:00+09:00,J5,389,470,859
2019-04-11T10:30:00+09:00,J1,976,1104,2080
2019-04-11T10:30:00+09:00,J2,781,694,1475
2019-04-11T10:30:00+09:00,J3,591,692,1283
2019-04-11T10:30:00+09:00,J4,644,759,1403
2019-04-11T10:30:00+09:00,J5,429,448,877
2019-04-11T10:45:00+09:00,J1,953,981,1934
2019-04-11T10:45:00+09:00,J2,774,545,1319
2019-04-11T10:45:00+09:00,J3,524,640,1164
2019-04-11T10:45:00+09:00,J4,668,728,1396
2019-04-11T10:45:00+09:00,J5,468,499,967
2019-04-11T11:00:00+09:00,J1,995,913,1908
2019-04-11T11:00:00+09:00,J2,725,570,1295
2019-04-11T11:00:00+09:00,J3,558,695,1253
2019-04-11T11:00:00+09:00,J4,680,626,1306
2019-04-11T11:00:00+09:00,J5,481,513,994
2019-04-11T11:15:00+09:00,J1,1005,1087,2092
2019-04-11T11:15:00+09:00,J2,679,595,1274
2019-04-11T11:15:00+09:00,J3,706,668,1374
2019-04-11T11:15:00+09:00,J4,732,736,1468
2019-04-11T11:15:00+09:00,J5,521,578,1099
2019-04-11T11:30:00+09:00,J1,998,1087,2085
2019-04-11T11:30:00+09:00,J2,626,526,1152
2019-04-11T11:30:00+09:00,J3,686,680,1366
2019-04-11T11:30:00+09:00,J4,688,718,1406
2019-04-11T11:30:00+09:00,J5,578,594,1172
2019-04-11T11:45:00+09:00,J1,1037,1047,2084
2019-04-11T11:45:00+09:00,J2,612,501,1113
2019-04-11T11:45:00+09:00,J3,770,716,1486
2019-04-11T11:45:00+09:00,J4,817,882,1699
2019-04-11T11:45:00+09:00,J5,652,646,1298
2019-04-11T12:00:00+09:00,J1,1096,1143,2239
2019-04-11T12:00:00+09:00,J2,624,557,1181
2019-04-11T12:00:00+09:00,J3,853,691,1544
2019-04-11T12:00:00+09:00,J4,878,821,1699
2019-04-11T12:00:00+09:00,J5,657,624,1281
2019-04-11T12:15:00+09:00,J1,1087,1117,2204
2019-04-11T12:15:00+09:00,J2,611,483,1094
2019-04-11T12:15:00+09:00,J3,918,808,1726
2019-04-11T12:15:00+09:00,J4,1066,954,2020
2019-04-11T12:15:00+09:00,J5,626,649,1275
2019-04-11T12:30:00+09:00,J1,1036,1053,2089
2019-04-11T12:30:00+09:00,J2,599,573,1172
2019-04-11T12:30:00+09:00,J3,943,869,1812
2019-04-11T12:30:00+09:00,J4,959,897,1856
2019-04-11T12:30:00+09:00,J5,634,613,1247
2019-04-11T12:45:00+09:00,J1,1020,1118,2138
2019-04-11T12:45:00+09:00,J2,599,594,1193
2019-04-11T12:45:00+09:00,J3,974,798,1772
2019-04-11T12:45:00+09:00,J4,910,854,1764
2019-04-11T12:45:00+09:00,J5,596,564,1160
2019-04-11T13:00:00+09:00,J1,1057,1164,2221
2019-04-11T13:00:00+09:00,J2,685,785,1470
2019-04-11T13:00:00+09:00,J3,1078,803,1881
2019-04-11T13:00:00+09:00,J4,981,849,1830
2019-04-11T13:00:00+09:00,J5,637,622,1259
2019-04-11T13:15:00+09:00,J1,992,1168,2160
2019-04-11T13:15:00+09:00,J2,601,764,1365
2019-04-11T13:15:00+09:00,J3,1048,945,1993
2019-04-11T13:15:00+09:00,J4,945,879,1824
2019-04-11T13:15:00+09:00,J5,609,635,1244
2019-04-11T13:30:00+09:00,J1,1089,1193,2282
2019-04-11T13:30:00+09:00,J2,630,815,1445
2019-04-11T13:30:00+09:00,J3,1026,1001,2027
2019-04-11T13:30:00+09:00,J4,903,789,1692
2019-04-11T13:30:00+09:00,J5,544,537,1081
2019-04-11T13:45:00+09:00,J1,1024,1174,2198
2019-04-11T13:45:00+09:00,J2,679,768,1447
2019-04-11T13:45:00+09:00,J3,1075,1013,2088
2019-04-11T13:45:00+09:00,J4,831,805,1636
2019-04-11T13:45:00+09:00,J5,494,503,997
2019-04-11T14:00:00+09:00,J1,1044,1195,2239
2019-04-11T14:00:00+09:00,J2,748,792,1540
2019-04-11T14:00:00+09:00,J3,1063,1016,2079
2019-04-11T14:00:00+09:00,J4,839,829,1668
2019-04-11T14:00:00+09:00,J5,477,517,994
2019-04-11T14:15:00+09:00,J1,1010,1138,2148
2019-04-11T14:15:00+09:00,J2,790,777,1567
2019-04-11T14:15:00+09:00,J3,1076,1107,2183
2019-04-11T14:15:00+09:00,J4,814,777,1591
2019-04-11T14:15:00+09:00,J5,533,465,998
2019-04-11T14:30:00+09:00,J1,993,1084,2077
2019-04-11T14:30:00+09:00,J2,771,802,1573
2019-04-11T14:30:00+09:00,J3,1027,973,2000
2019-04-11T14:30:00+09:00,J4,859,784,1643
2019-04-11T14:30:00+09:00,J5,500,514,1014
2019-04-11T14:45:00+09:00,J1,965,1145,2110
2019-04-11T14:45:00+09:00,J2,554,681,1235
2019-04-11T14:45:00+09:00,J3,927,905,1832
2019-04-11T14:45:00+09:00,J4,821,771,1592
2019-04-11T14:45:00+09:00,J5,465,529,994
2019-04-11T15:00:00+09:00,J1,1029,1135,2164
2019-04-11T15:00:00+09:00,J2,531,614,1145
2019-04-11T15:00:00+09:00,J3,906,807,1713
2019-04-11T15:00:00+09:00,J4,769,794,1563
2019-04-11T15:00:00+09:00,J5,576,645,1221
2019-04-11T15:15:00+09:00,J1,1055,1157,2212
2019-04-11T15:15:00+09:00,J2,525,579,1104
2019-04-11T15:15:00+09:00,J3,932,907,1839
2019-04-11T15:15:00+09:00,J4,787,865,1652
2019-04-11T15:15:00+09:00,J5,579,619,1198
2019-04-11T15:30:00+09:00,J1,1074,1176,2250
2019-04-11T15:30:00+09:00,J2,538,632,1170
2019-04-11T15:30:00+09:00,J3,924,783,1707
2019-04-11T15:30:00+09:00,J4,807,816,1623
2019-04-11T15:30:00+09:00,J5,603,579,1182
2019-04-11T15:45:00+09:00,J1,952,1038,1990
2019-04-11T15:45:00+09:00,J2,513,516,1029
2019-04-11T15:45:00+09:00,J3,837,793,1630
2019-04-11T15:45:00+09:00,J4,808,905,1713
2019-04-11T15:45:00+09:00,J5,602,595,1197
2019-04-11T16:00:00+09:00,J1,979,1021,2000
2019-04-11T16:00:00+09:00,J2,530,612,1142
2019-04-11T16:00:00+09:00,J3,820,850,1670
2019-04-11T16:00:00+09:00,J4,868,860,1728
2019-04-11T16:00:00+09:00,J5,611,584,1195
2019-04-11T16:15:00+09:00,J1,957,1051,2008
2019-04-11T16:15:00+09:00,J2,648,650,1298
2019-04-11T16:15:00+09:00,J3,833,906,1739
2019-04-11T16:15:00+09:00,J4,877,902,1779
2019-04-11T16:15:00+09:00,J5,576,591,1167
2019-04-11T16:30:00+09:00,J1,967,1117,2084
2019-04-11T16:30:00+09:00,J2,655,598,1253
2019-04-11T16:30:00+09:00,J3,913,814,1727
2019-04-11T16:30:00+09:00,J4,876,861,1737
2019-04-11T16:30:00+09:00,J5,597,569,1166
2019-04-11T16:45:00+09:00,J1,916,990,1906
2019-04-11T16:45:00+09:00,J2,687,616,1303
2019-04-11T16:45:00+09:00,J3,931,856,1787
2019-04-11T16:45:00+09:00,J4,878,882,1760
2019-04-11T16:45:00+09:00,J5,533,540,1073
2019-04-11T17:00:00+09:00,J1,977,1054,2031
2019-04-11T17:00:00+09:00,J2,750,738,1488
2019-04-11T17:00:00+09:00,J3,1112,909,2021
2019-04-11T17:00:00+09:00,J4,965,844,1809
2019-04-11T17:00:00+09:00,J5,552,568,1120
2019-04-11T17:15:00+09:00,J1,1060,1227,2287
2019-04-11T17:15:00+09:00,J2,838,828,1666
2019-04-11T17:15:00+09:00,J3,1157,966,2123
2019-04-11T17:15:00+09:00,J4,954,913,1867
2019-04-11T17:15:00+09:00,J5,598,641,1239
2019-04-11T17:30:00+09:00,J1,1106,1224,2330
2019-04-11T17:30:00+09:00,J2,936,831,1767
2019-04-11T17:30:00+09:00,J3,1175,1019,2194
2019-04-11T17:30:00+09:00,J4,906,883,1789
2019-04-11T17:30:00+09:00,J5,625,668,1293
2019-04-11T17:45:00+09:00,J1,1120,1222,2342
2019-04-11T17:45:00+09:00,J2,869,781,1650
2019-04-11T17:45:00+09:00,J3,1233,1051,2284
2019-04-11T17:45:00+09:00,J4,1028,1017,2045
2019-04-11T17:45:00+09:00,J5,673,741,1414
2019-04-11T18:00:00+09:00,J1,1169,1272,2441
2019-04-11T18:00:00+09:00,J2,974,842,1816
2019-04-11T18:00:00+09:00,J3,1299,1036,2335
2019-04-11T18:00:00+09:00,J4,1111,921,2032
2019-04-11T18:00:00+09:00,J5,698,751,1449
2019-04-11T18:15:00+09:00,J1,1194,1345,2539
2019-04-11T18:15:00+09:00,J2,965,837,1802
2019-04-11T18:15:00+09:00,J3,1166,1059,2225
2019-04-11T18:15:00+09:00,J4,1182,821,2003
2019-04-11T18:15:00+09:00,J5,715,799,1514
2019-04-11T18:30:00+09:00,J1,1182,1243,2425
2019-04-11T18:30:00+09:00,J2,990,734,1724
2019-04-11T18:30:00+09:00,J3,990,842,1832
2019-04-11T18:30:00+09:00,J4,1063,819,1882
2019-04-11T18:30:00+09:00,J5,744,824,1568
2019-04-11T18:45:00+09:00,J1,1129,1275,2404
2019-04-11T18:45:00+09:00,J2,889,716,1605
2019-04-11T18:45:00+09:00,J3,908,800,1708
2019-04-11T18:45:00+09:00,J4,998,805,1803
2019-04-11T18:45:00+09:00,J5,692,734,1426
2019-04-11T19:00:00+09:00,J1,1054,1188,2242
2019-04-11T19:00:00+09:00,J2,853,717,1570
2019-04-11T19:00:00+09:00,J3,879,851,1730
2019-04-11T19:00:00+09:00,J4,916,810,1726
2019-04-11T19:00:00+09:00,J5,722,753,1475
2019-04-11T19:15:00+09:00,J1,1028,1177,2205
2019-04-11T19:15:00+09:00,J2,863,691,1554
2019-04-11T19:15:00+09:00,J3,857,870,1727
2019-04-11T19:15:00+09:00,J4,900,861,1761
2019-04-11T19:15:00+09:00,J5,699,731,1430
2019-04-11T19:30:00+09:00,J1,1035,1224,2259
2019-04-11T19:30:00+09:00,J2,876,656,1532
2019-04-11T19:30:00+09:00,J3,738,741,1479
2019-04-11T19:30:00+09:00,J4,839,741,1580
2019-04-11T19:30:00+09:00,J5,634,674,1308
2019-04-11T19:45:00+09:00,J1,1052,1113,2165
2019-04-11T19:45:00+09:00,J2,822,680,1502
2019-04-11T19:45:00+09:00,J3,798,819,1617
2019-04-11T19:45:00+09:00,J4,852,758,1610
2019-04-11T19:45:00+09:00,J5,554,645,1199
2019-04-11T20:00:00+09:00,J1,1034,1173,2207
2019-04-11T20:00:00+09:00,J2,824,647,1471
2019-04-11T20:00:00+09:00,J3,846,797,1643
2019-04-11T20:00:00+09:00,J4,912,849,1761
2019-04-11T20:00:00+09:00,J5,572,674,1246
2019-04-11T20:15:00+09:00,J1,920,1198,2118
2019-04-11T20:15:00+09:00,J2,792,643,1435
2019-04-11T20:15:00+09:00,J3,769,744,1513
2019-04-11T20:15:00+09:00,J4,947,846,1793
2019-04-11T20:15:00+09:00,J5,522,657,1179
2019-04-11T20:30:00+09:00,J1,945,1147,2092
2019-04-11T20:30:00+09:00,J2,862,657,1519
2019-04-11T20:30:00+09:00,J3,733,695,1428
2019-04-11T20:30:00+09:00,J4,903,804,1707
2019-04-11T20:30:00+09:00,J5,507,619,1126
2019-04-11T20:45:00+09:00,J1,1007,1199,2206
2019-04-11T20:45:00+09:00,J2,739,703,1442
2019-04-11T20:45:00+09:00,J3,734,659,1393
2019-04-11T20:45:00+09:00,J4,881,759,1640
2019-04-11T20:45:00+09:00,J5,503,590,1093
2019-04-11T21:00:00+09:00,J1,1010,1104,2114
2019-04-11T21:00:00+09:00,J2,668,819,1487
2019-04-11T21:00:00+09:00,J3,758,688,1446
2019-04-11T21:00:00+09:00,J4,874,730,1604
2019-04-11T21:00:00+09:00,J5,478,552,1030
2019-04-11T21:15:00+09:00,J1,1022,1158,2180
2019-04-11T21:15:00+09:00,J2,761,793,1554
2019-04-11T21:15:00+09:00,J3,710,660,1370
2019-04-11T21:15:00+09:00,J4,872,738,1610
2019-04-11T21:15:00+09:00,J5,418,502,920
2019-04-11T21:30:00+09:00,J1,903,1006,1909
2019-04-11T21:30:00+09:00,J2,796,787,1583
2019-04-11T21:30:00+09:00,J3,700,753,1453
2019-04-11T21:30:00+09:00,J4,816,775,1591
2019-04-11T21:30:00+09:00,J5,433,463,896
2019-04-11T21:45:00+09:00,J1,903,979,1882
2019-04-11T21:45:00+09:00,J2,683,695,1378
2019-04-11T21:45:00+09:00,J3,746,695,1441
2019-04-11T21:45:00+09:00,J4,775,670,1445
2019-04-11T21:45:00+09:00,J5,419,411,830
2019-04-11T22:00:00+09:00,J1,994,926,1920
2019-04-11T22:00:00+09:00,J2,588,759,1347
2019-04-11T22:00:00+09:00,J3,740,760,1500
2019-04-11T22:00:00+09:00,J4,755,689,1444
2019-04-11T22:00:00+09:00,J5,355,441,796
2019-04-11T22:15:00+09:00,J1,909,916,1825
2019-04-11T22:15:00+09:00,J2,625,637,1262
2019-04-11T22:15:00+09:00,J3,845,767,1612
2019-04-11T22:15:00+09:00,J4,754,704,1458
2019-04-11T22:15:00+09:00,J5,341,405,746
2019-04-11T22:30:00+09:00,J1,884,926,1810
2019-04-11T22:30:00+09:00,J2,509,617,1126
2019-04-11T22:30:00+09:00,J3,833,903,1736
2019-04-11T22:30:00+09:00,J4,692,738,1430
2019-04-11T22:30:00+09:00,J5,331,317,648
2019-04-11T22:45:00+09:00,J1,908,961,1869
2019-04-11T22:45:00+09:00,J2,535,558,1093
2019-04-11T22:45:00+09:00,J3,921,842,1763
2019-04-11T22:45:00+09:00,J4,654,654,1308
2019-04-11T22:45:00+09:00,J5,360,379,739
2019-04-11T23:00:00+09:00,J1,850,917,1767
2019-04-11T23:00:00+09:00,J2,463,516,979
2019-04-11T23:00:00+09:00,J3,881,891,1772
2019-04-11T23:00:00+09:00,J4,653,702,1355
2019-04-11T23:00:00+09:00,J5,347,332,679
2019-04-11T23:15:00+09:00,J1,849,838,1687
2019-04-11T23:15:00+09:00,J2,457,595,1052
2019-04-11T23:15:00+09:00,J3,946,864,1810
2019-04-11T23:15:00+09:00,J4,616,654,1270
2019-04-11T23:15:00+09:00,J5,268,337,605
2019-04-11T23:30:00+09:00,J1,778,873,1651
2019-04-11T23:30:00+09:00,J2,444,522,966
2019-04-11T23:30:00+09:00,J3,865,880,1745
2019-04-11T23:30:00+09:00,J4,483,558,1041
2019-04-11T23:30:00+09:00,J5,299,333,632
2019-04-11T23:45:00+09:00,J1,736,779,1515
2019-04-11T23:45:00+09:00,J2,453,471,924
2019-04-11T23:45:00+09:00,J3,881,846,1727
2019-04-11T23:45:00+09:00,J4,543,529,1072
2019-04-11T23:45:00+09:00,J5,286,321,607
2019-04-12T00:00:00+09:00,J1,600,626,1226
2019-04-12T00:00:00+09:00,J2,371,467,838
2019-04-12T00:00:00+09:00,J3,912,896,1808
2019-04-12T00:00:00+09:00,J4,456,571,1027
2019-04-12T00:00:00+09:00,J5,348,319,667
2019-04-12T00:15:00+09:00,J1,495,568,1063
2019-04-12T00:15:00+09:00,J2,356,471,827
2019-04-12T00:15:00+09:00,J3,876,709,1585
2019-04-12T00:15:00+09:00,J4,475,400,875
2019-04-12T00:15:00+09:00,J5,296,301,597
2019-04-12T00:30:00+09:00,J1,438,365,803
2019-04-12T00:30:00+09:00,J2,376,495,871
2019-04-12T00:30:00+09:00,J3,680,548,1228
2019-04-12T00:30:00+09:00,J4,383,321,704
2019-04-12T00:30:00+09:00,J5,316,301,617
2019-04-12T00:45:00+09:00,J1,380,374,754
2019-04-12T00:45:00+09:00,J2,384,469,853
2019-04-12T00:45:00+09:00,J3,707,586,1293
2019-04-12T00:45:00+09:00,J4,399,358,757
2019-04-12T00:45:00+09:00,J5,328,293,621
2019-04-12T05:45:00+09:00,J1,657,607,1264
2019-04-12T05:45:00+09:00,J2,460,455,915
2019-04-12T05:45:00+09:00,J3,501,502,1003
2019-04-12T05:45:00+09:00,J4,537,645,1182
2019-04-12T05:45:00+09:00,J5,511,555,1066
2019-04-12T06:00:00+09:00,J1,539,538,1077
2019-04-12T06:00:00+09:00,J2,447,443,890
2019-04-12T06:00:00+09:00,J3,522,514,1036
2019-04-12T06:00:00+09:00,J4,583,741,1324
2019-04-12T06:00:00+09:00,J5,468,493,961
2019-04-12T06:15:00+09:00,J1,691,710,1401
2019-04-12T06:15:00+09:00,J2,468,402,870
2019-04-12T06:15:00+09:00,J3,637,594,1231
2019-04-12T06:15:00+09:00,J4,557,722,1279
2019-04-12T06:15:00+09:00,J5,397,386,783
2019-04-12T06:30:00+09:00,J1,767,763,1530
2019-04-12T06:30:00+09:00,J2,450,482,932
2019-04-12T06:30:00+09:00,J3,616,537,1153
2019-04-12T06:30:00+09:00,J4,472,669,1141
2019-04-12T06:30:00+09:00,J5,410,367,777
2019-04-12T06:45:00+09:00,J1,725,773,1498
2019-04-12T06:45:00+09:00,J2,482,481,963
2019-04-12T06:45:00+09:00,J3,693,585,1278
2019-04-12T06:45:00+09:00,J4,537,713,1250
2019-04-12T06:45:00+09:00,J5,375,368,743
2019-04-12T07:00:00+09:00,J1,828,740,1568
2019-04-12T07:00:00+09:00,J2,541,449,990
2019-04-12T07:00:00+09:00,J3,783,690,1473
2019-04-12T07:00:00+09:00,J4,587,755,1342
2019-04-12T07:00:00+09:00,J5,442,410,852
2019-04-12T07:15:00+09:00,J1,827,777,1604
2019-04-12T07:15:00+09:00,J2,523,473,996
2019-04-12T07:15:00+09:00,J3,1042,860,1902
2019-04-12T07:15:00+09:00,J4,623,815,1438
2019-04-12T07:15:00+09:00,J5,496,391,887
2019-04-12T07:30:00+09:00,J1,952,965,1917
2019-04-12T07:30:00+09:00,J2,591,506,1097
2019-04-12T07:30:00+09:00,J3,1093,1057,2150
2019-04-12T07:30:00+09:00,J4,662,799,1461
2019-04-12T07:30:00+09:00,J5,539,529,1068
2019-04-12T07:45:00+09:00,J1,1084,1163,2247
2019-04-12T07:45:00+09:00,J2,827,737,1564
2019-04-12T07:45:00+09:00,J3,1221,1062,2283
2019-04-12T07:45:00+09:00,J4,666,851,1517
2019-04-12T07:45:00+09:00,J5,762,744,1506
2019-04-12T08:00:00+09:00,J1,1341,1229,2570
2019-04-12T08:00:00+09:00,J2,917,732,1649
2019-04-12T08:00:00+09:00,J3,1345,1306,2651
2019-04-12T08:00:00+09:00,J4,814,1052,1866
2019-04-12T08:00:00+09:00,J5,635,673,1308
2019-04-12T08:15:00+09:00,J1,1375,1285,2660
2019-04-12T08:15:00+09:00,J2,974,720,1694
2019-04-12T08:15:00+09:00,J3,1329,1397,2726
2019-04-12T08:15:00+09:00,J4,917,1058,1975
2019-04-12T08:15:00+09:00,J5,541,569,1110
2019-04-12T08:30:00+09:00,J1,1401,1212,2613
2019-04-12T08:30:00+09:00,J2,1058,680,1738
2019-04-12T08:30:00+09:00,J3,1087,1352,2439
2019-04-12T08:30:00+09:00,J4,937,1097,2034
2019-04-12T08:30:00+09:00,J5,502,564,1066
2019-04-12T08:45:00+09:00,J1,1165,1084,2249
2019-04-12T08:45:00+09:00,J2,811,678,1489
2019-04-12T08:45:00+09:00,J3,1005,1130,2135
2019-04-12T08:45:00+09:00,J4,889,1045,1934
2019-04-12T08:45:00+09:00,J5,538,564,1102
2019-04-12T09:00:00+09:00,J1,1147,1064,2211
2019-04-12T09:00:00+09:00,J2,899,760,1659
2019-04-12T09:00:00+09:00,J3,963,952,1915
2019-04-12T09:00:00+09:00,J4,804,912,1716
2019-04-12T09:00:00+09:00,J5,622,628,1250
2019-04-12T09:15:00+09:00,J1,1033,975,2008
2019-04-12T09:15:00+09:00,J2,814,680,1494
2019-04-12T09:15:00+09:00,J3,890,894,1784
2019-04-12T09:15:00+09:00,J4,786,912,1698
2019-04-12T09:15:00+09:00,J5,581,597,1178
2019-04-12T09:30:00+09:00,J1,997,963,1960
2019-04-12T09:30:00+09:00,J2,710,580,1290
2019-04-12T09:30:00+09:00,J3,907,917,1824
2019-04-12T09:30:00+09:00,J4,808,947,1755
2019-04-12T09:30:00+09:00,J5,629,631,1260
2019-04-12T09:45:00+09:00,J1,865,879,1744
2019-04-12T09:45:00+09:00,J2,565,603,1168
2019-04-12T09:45:00+09:00,J3,966,858,1824
2019-04-12T09:45:00+09:00,J4,796,792,1588
2019-04-12T09:45:00+09:00,J5,524,528,1052
2019-04-12T10:00:00+09:00,J1,778,817,1595
2019-04-12T10:00:00+09:00,J2,454,537,991
2019-04-12T10:00:00+09:00,J3,840,779,1619
2019-04-12T10:00:00+09:00,J4,763,761,1524
2019-04-12T10:00:00+09:00,J5,518,501,1019
2019-04-12T10:15:00+09:00,J1,818,834,1652
2019-04-12T10:15:00+09:00,J2,492,479,971
2019-04-12T10:15:00+09:00,J3,712,683,1395
2019-04-12T10:15:00+09:00,J4,800,841,1641
2019-04-12T10:15:00+09:00,J5,513,524,1037
2019-04-12T10:30:00+09:00,J1,826,815,1641
2019-04-12T10:30:00+09:00,J2,523,590,1113
2019-04-12T10:30:00+09:00,J3,816,723,1539
2019-04-12T10:30:00+09:00,J4,807,843,1650
2019-04-12T10:30:00+09:00,J5,557,575,1132
2019-04-12T10:45:00+09:00,J1,770,907,1677
2019-04-12T10:45:00+09:00,J2,589,569,1158
2019-04-12T10:45:00+09:00,J3,701,632,1333
2019-04-12T10:45:00+09:00,J4,852,872,1724
2019-04-12T10:45:00+09:00,J5,619,601,1220
2019-04-12T11:00:00+09:00,J1,775,781,1556
2019-04-12T11:00:00+09:00,J2,516,510,1026
2019-04-12T11:00:00+09:00,J3,665,687,1352
2019-04-12T11:00:00+09:00,J4,951,894,1845
2019-04-12T11:00:00+09:00,J5,647,607,1254
2019-04-12T11:15:00+09:00,J1,875,930,1805
2019-04-12T11:15:00+09:00,J2,571,561,1132
2019-04-12T11:15:00+09:00,J3,793,807,1600
2019-04-12T11:15:00+09:00,J4,953,877,1830
2019-04-12T11:15:00+09:00,J5,634,608,1242
2019-04-12T11:30:00+09:00,J1,854,1018,1872
2019-04-12T11:30:00+09:00,J2,563,548,1111
2019-04-12T11:30:00+09:00,J3,910,875,1785
2019-04-12T11:30:00+09:00,J4,1006,897,1903
2019-04-12T11:30:00+09:00,J5,661,639,1300
2019-04-12T11:45:00+09:00,J1,894,1038,1932
2019-04-12T11:45:00+09:00,J2,551,574,1125
2019-04-12T11:45:00+09:00,J3,980,795,1775
2019-04-12T11:45:00+09:00,J4,991,818,1809
2019-04-12T11:45:00+09:00,J5,633,607,1240
2019-04-12T12:00:00+09:00,J1,939,1062,2001
2019-04-12T12:00:00+09:00,J2,640,654,1294
2019-04-12T12:00:00+09:00,J3,1064,892,1956
2019-04-12T12:00:00+09:00,J4,962,835,1797
2019-04-12T12:00:00+09:00,J5,559,609,1168
2019-04-12T12:15:00+09:00,J1,871,979,1850
2019-04-12T12:15:00+09:00,J2,578,575,1153
2019-04-12T12:15:00+09:00,J3,1010,863,1873
2019-04-12T12:15:00+09:00,J4,967,852,1819
2019-04-12T12:15:00+09:00,J5,581,625,1206
2019-04-12T12:30:00+09:00,J1,921,990,1911
2019-04-12T12:30:00+09:00,J2,593,715,1308
2019-04-12T12:30:00+09:00,J3,1003,937,1940
2019-04-12T12:30:00+09:00,J4,846,787,1633
2019-04-12T12:30:00+09:00,J5,560,667,1227
2019-04-12T12:45:00+09:00,J1,924,983,1907
2019-04-12T12:45:00+09:00,J2,638,657,1295
2019-04-12T12:45:00+09:00,J3,1034,902,1936
2019-04-12T12:45:00+09:00,J4,779,849,1628
2019-04-12T12:45:00+09:00,J5,566,633,1199
2019-04-12T13:00:00+09:00,J1,883,881,1764
2019-04-12T13:00:00+09:00,J2,630,641,1271
2019-04-12T13:00:00+09:00,J3,1017,937,1954
2019-04-12T13:00:00+09:00,J4,796,817,1613
2019-04-12T13:00:00+09:00,J5,616,652,1268
2019-04-12T13:15:00+09:00,J1,871,921,1792
2019-04-12T13:15:00+09:00,J2,601,692,1293
2019-04-12T13:15:00+09:00,J3,967,896,1863
2019-04-12T13:15:00+09:00,J4,756,810,1566
2019-04-12T13:15:00+09:00,J5,578,668,1246
2019-04-12T13:30:00+09:00,J1,782,988,1770
2019-04-12T13:30:00+09:00,J2,635,686,1321
2019-04-12T13:30:00+09:00,J3,1034,893,1927
2019-04-12T13:30:00+09:00,J4,722,825,1547
2019-04-12T13:30:00+09:00,J5,624,574,1198
2019-04-12T13:45:00+09:00,J1,800,912,1712
2019-04-12T13:45:00+09:00,J2,587,705,1292
2019-04-12T13:45:00+09:00,J3,976,889,1865
2019-04-12T13:45:00+09:00,J4,695,835,1530
2019-04-12T13:45:00+09:00,J5,550,591,1141
2019-04-12T14:00:00+09:00,J1,821,974,1795
2019-04-12T14:00:00+09:00,J2,548,625,1173
2019-04-12T14:00:00+09:00,J3,984,895,1879
2019-04-12T14:00:00+09:00,J4,673,737,1410
2019-04-12T14:00:00+09:00,J5,648,612,1260
2019-04-12T14:15:00+09:00,J1,856,993,1849
2019-04-12T14:15:00+09:00,J2,543,633,1176
2019-04-12T14:15:00+09:00,J3,968,873,1841
2019-04-12T14:15:00+09:00,J4,783,788,1571
2019-04-12T14:15:00+09:00,J5,589,619,1208
2019-04-12T14:30:00+09:00,J1,862,973,1835
2019-04-12T14:30:00+09:00,J2,579,675,1254
2019-04-12T14:30:00+09:00,J3,1027,883,1910
2019-04-12T14:30:00+09:00,J4,676,814,1490
2019-04-12T14:30:00+09:00,J5,634,586,1220
2019-04-12T14:45:00+09:00,J1,931,984,1915
2019-04-12T14:45:00+09:00,J2,475,659,1134
2019-04-12T14:45:00+09:00,J3,980,890,1870
2019-04-12T14:45:00+09:00,J4,754,796,1550
2019-04-12T14:45:00+09:00,J5,603,600,1203
2019-04-12T15:00:00+09:00,J1,891,1046,1937
2019-04-12T15:00:00+09:00,J2,508,614,1122
2019-04-12T15:00:00+09:00,J3,938,833,1771
2019-04-12T15:00:00+09:00,J4,743,820,1563
2019-04-12T15:00:00+09:00,J5,600,604,1204
2019-04-12T15:15:00+09:00,J1,924,1027,1951
2019-04-12T15:15:00+09:00,J2,538,602,1140
2019-04-12T15:15:00+09:00,J3,1027,845,1872
2019-04-12T15:15:00+09:00,J4,742,809,1551
2019-04-12T15:15:00+09:00,J5,623,600,1223
2019-04-12T15:30:00+09:00,J1,959,1083,2042
2019-04-12T15:30:00+09:00,J2,557,627,1184
2019-04-12T15:30:00+09:00,J3,1056,877,1933
2019-04-12T15:30:00+09:00,J4,712,818,1530
2019-04-12T15:30:00+09:00,J5,629,593,1222
2019-04-12T15:45:00+09:00,J1,934,1052,1986
2019-04-12T15:45:00+09:00,J2,589,567,1156
2019-04-12T15:45:00+09:00,J3,949,887,1836
2019-04-12T15:45:00+09:00,J4,740,803,1543
2019-04-12T15:45:00+09:00,J5,693,572,1265
2019-04-12T16:00:00+09:00,J1,899,1101,2000
2019-04-12T16:00:00+09:00,J2,574,636,1210
2019-04-12T16:00:00+09:00,J3,964,904,1868
2019-04-12T16:00:00+09:00,J4,761,779,1540
2019-04-12T16:00:00+09:00,J5,617,577,1194
2019-04-12T16:15:00+09:00,J1,998,1039,2037
2019-04-12T16:15:00+09:00,J2,564,688,1252
2019-04-12T16:15:00+09:00,J3,1049,910,1959
2019-04-12T16:15:00+09:00,J4,808,960,1768
2019-04-12T16:15:00+09:00,J5,610,595,1205
2019-04-12T16:30:00+09:00,J1,911,1071,1982
2019-04-12T16:30:00+09:00,J2,568,688,1256
2019-04-12T16:30:00+09:00,J3,995,880,1875
2019-04-12T16:30:00+09:00,J4,798,834,1632
2019-04-12T16:30:00+09:00,J5,588,586,1174
2019-04-12T16:45:00+09:00,J1,980,1091,2071
2019-04-12T16:45:00+09:00,J2,624,667,1291
2019-04-12T16:45:00+09:00,J3,902,871,1773
2019-04-12T16:45:00+09:00,J4,828,857,1685
2019-04-12T16:45:00+09:00,J5,537,541,1078
2019-04-12T17:00:00+09:00,J1,1091,1155,2246
2019-04-12T17:00:00+09:00,J2,732,766,1498
2019-04-12T17:00:00+09:00,J3,1147,1003,2150
2019-04-12T17:00:00+09:00,J4,836,931,1767
2019-04-12T17:00:00+09:00,J5,569,620,1189
2019-04-12T17:15:00+09:00,J1,1081,1187,2268
2019-04-12T17:15:00+09:00,J2,757,798,1555
2019-04-12T17:15:00+09:00,J3,1139,986,2125
2019-04-12T17:15:00+09:00,J4,831,838,1669
2019-04-12T17:15:00+09:00,J5,685,672,1357
2019-04-12T17:30:00+09:00,J1,1117,1232,2349
2019-04-12T17:30:00+09:00,J2,865,890,1755
2019-04-12T17:30:00+09:00,J3,1226,1085,2311
2019-04-12T17:30:00+09:00,J4,840,880,1720
2019-04-12T17:30:00+09:00,J5,655,751,1406
2019-04-12T17:45:00+09:00,J1,1154,1287,2441
2019-04-12T17:45:00+09:00,J2,793,790,1583
2019-04-12T17:45:00+09:00,J3,1305,1041,2346
2019-04-12T17:45:00+09:00,J4,855,845,1700
2019-04-12T17:45:00+09:00,J5,689,771,1460
2019-04-12T18:00:00+09:00,J1,1181,1353,2534
2019-04-12T18:00:00+09:00,J2,827,889,1716
2019-04-12T18:00:00+09:00,J3,1353,1017,2370
2019-04-12T18:00:00+09:00,J4,922,903,1825
2019-04-12T18:00:00+09:00,J5,716,729,1445
2019-04-12T18:15:00+09:00,J1,1109,1252,2361
2019-04-12T18:15:00+09:00,J2,854,949,1803
2019-04-12T18:15:00+09:00,J3,1294,1002,2296
2019-04-12T18:15:00+09:00,J4,1038,913,1951
2019-04-12T18:15:00+09:00,J5,673,792,1465
2019-04-12T18:30:00+09:00,J1,1048,1178,2226
2019-04-12T18:30:00+09:00,J2,852,794,1646
2019-04-12T18:30:00+09:00,J3,1227,861,2088
2019-04-12T18:30:00+09:00,J4,1017,875,1892
2019-04-12T18:30:00+09:00,J5,611,634,1245
2019-04-12T18:45:00+09:00,J1,1147,1120,2267
2019-04-12T18:45:00+09:00,J2,858,701,1559
2019-04-12T18:45:00+09:00,J3,1074,845,1919
2019-04-12T18:45:00+09:00,J4,939,900,1839
2019-04-12T18:45:00+09:00,J5,584,621,1205
2019-04-12T19:00:00+09:00,J1,912,1053,1965
2019-04-12T19:00:00+09:00,J2,758,632,1390
2019-04-12T19:00:00+09:00,J3,981,838,1819
2019-04-12T19:00:00+09:00,J4,955,821,1776
2019-04-12T19:00:00+09:00,J5,622,717,1339
2019-04-12T19:15:00+09:00,J1,939,1126,2065
2019-04-12T19:15:00+09:00,J2,663,673,1336
2019-04-12T19:15:00+09:00,J3,987,806,1793
2019-04-12T19:15:00+09:00,J4,985,851,1836
2019-04-12T19:15:00+09:00,J5,667,727,1394
2019-04-12T19:30:00+09:00,J1,949,1054,2003
2019-04-12T19:30:00+09:00,J2,715,594,1309
2019-04-12T19:30:00+09:00,J3,907,679,1586
2019-04-12T19:30:00+09:00,J4,928,751,1679
2019-04-12T19:30:00+09:00,J5,655,629,1284
2019-04-12T19:45:00+09:00,J1,991,1075,2066
2019-04-12T19:45:00+09:00,J2,731,576,1307
2019-04-12T19:45:00+09:00,J3,805,677,1482
2019-04-12T19:45:00+09:00,J4,923,784,1707
2019-04-12T19:45:00+09:00,J5,596,643,1239
2019-04-12T20:00:00+09:00,J1,1078,1149,2227
2019-04-12T20:00:00+09:00,J2,692,655,1347
2019-04-12T20:00:00+09:00,J3,781,718,1499
2019-04-12T20:00:00+09:00,J4,866,766,1632
2019-04-12T20:00:00+09:00,J5,576,660,1236
2019-04-12T20:15:00+09:00,J1,891,1038,1929
2019-04-12T20:15:00+09:00,J2,728,613,1341
2019-04-12T20:15:00+09:00,J3,741,688,1429
2019-04-12T20:15:00+09:00,J4,909,795,1704
2019-04-12T20:15:00+09:00,J5,631,673,1304
2019-04-12T20:30:00+09:00,J1,830,980,1810
2019-04-12T20:30:00+09:00,J2,689,622,1311
2019-04-12T20:30:00+09:00,J3,734,694,1428
2019-04-12T20:30:00+09:00,J4,885,832,1717
2019-04-12T20:30:00+09:00,J5,619,707,1326
2019-04-12T20:45:00+09:00,J1,833,899,1732
2019-04-12T20:45:00+09:00,J2,823,643,1466
2019-04-12T20:45:00+09:00,J3,819,662,1481
2019-04-12T20:45:00+09:00,J4,768,833,1601
2019-04-12T20:45:00+09:00,J5,639,640,1279
2019-04-12T21:00:00+09:00,J1,938,899,1837
2019-04-12T21:00:00+09:00,J2,789,648,1437
2019-04-12T21:00:00+09:00,J3,680,630,1310
2019-04-12T21:00:00+09:00,J4,891,735,1626
2019-04-12T21:00:00+09:00,J5,665,730,1395
2019-04-12T21:15:00+09:00,J1,894,1018,1912
2019-04-12T21:15:00+09:00,J2,759,675,1434
2019-04-12T21:15:00+09:00,J3,718,629,1347
2019-04-12T21:15:00+09:00,J4,917,805,1722
2019-04-12T21:15:00+09:00,J5,620,651,1271
2019-04-12T21:30:00+09:00,J1,925,974,1899
2019-04-12T21:30:00+09:00,J2,698,752,1450
2019-04-12T21:30:00+09:00,J3,717,607,1324
2019-04-12T21:30:00+09:00,J4,827,819,1646
2019-04-12T21:30:00+09:00,J5,585,670,1255
2019-04-12T21:45:00+09:00,J1,858,950,1808
2019-04-12T21:45:00+09:00,J2,614,785,1399
2019-04-12T21:45:00+09:00,J3,593,560,1153
2019-04-12T21:45:00+09:00,J4,789,721,1510
2019-04-12T21:45:00+09:00,J5,593,671,1264
2019-04-12T22:00:00+09:00,J1,826,942,1768
2019-04-12T22:00:00+09:00,J2,583,713,1296
2019-04-12T22:00:00+09:00,J3,671,606,1277
2019-04-12T22:00:00+09:00,J4,841,765,1606
2019-04-12T22:00:00+09:00,J5,490,608,1098
2019-04-12T22:15:00+09:00,J1,865,863,1728
2019-04-12T22:15:00+09:00,J2,662,700,1362
2019-04-12T22:15:00+09:00,J3,735,671,1406
2019-04-12T22:15:00+09:00,J4,779,742,1521
2019-04-12T22:15:00+09:00,J5,460,501,961
2019-04-12T22:30:00+09:00,J1,822,840,1662
2019-04-12T22:30:00+09:00,J2,675,742,1417
2019-04-12T22:30:00+09:00,J3,663,720,1383
2019-04-12T22:30:00+09:00,J4,732,771,1503
2019-04-12T22:30:00+09:00,J5,435,422,857
2019-04-12T22:45:00+09:00,J1,827,874,1701
2019-04-12T22:45:00+09:00,J2,574,708,1282
2019-04-12T22:45:00+09:00,J3,688,642,1330
2019-04-12T22:45:00+09:00,J4,877,783,1660
2019-04-12T22:45:00+09:00,J5,429,373,802
2019-04-12T23:00:00+09:00,J1,790,831,1621
2019-04-12T23:00:00+09:00,J2,578,735,1313
2019-04-12T23:00:00+09:00,J3,785,793,1578
2019-04-12T23:00:00+09:00,J4,874,762,1636
2019-04-12T23:00:00+09:00,J5,383,423,806
2019-04-12T23:15:00+09:00,J1,819,967,1786
2019-04-12T23:15:00+09:00,J2,568,777,1345
2019-04-12T23:15:00+09:00,J3,738,752,1490
2019-04-12T23:15:00+09:00,J4,900,709,1609
2019-04-12T23:15:00+09:00,J5,370,384,754
2019-04-12T23:30:00+09:00,J1,764,853,1617
2019-04-12T23:30:00+09:00,J2,630,754,1384
2019-04-12T23:30:00+09:00,J3,689,691,1380
2019-04-12T23:30:00+09:00,J4,772,691,1463
2019-04-12T23:30:00+09:00,J5,462,416,878
2019-04-12T23:45:00+09:00,J1,764,847,1611
2019-04-12T23:45:00+09:00,J2,626,703,1329
2019-04-12T23:45:00+09:00,J3,844,712,1556
2019-04-12T23:45:00+09:00,J4,813,615,1428
2019-04-12T23:45:00+09:00,J5,392,401,793
2019-04-13T00:00:00+09:00,J1,690,687,1377
2019-04-13T00:00:00+09:00,J2,440,588,1028
2019-04-13T00:00:00+09:00,J3,775,694,1469
2019-04-13T00:00:00+09:00,J4,802,666,1468
2019-04-13T00:00:00+09:00,J5,346,331,677
2019-04-13T00:15:00+09:00,J1,570,538,1108
2019-04-13T00:15:00+09:00,J2,445,440,885
2019-04-13T00:15:00+09:00,J3,947,833,1780
2019-04-13T00:15:00+09:00,J4,581,580,1161
2019-04-13T00:15:00+09:00,J5,233,263,496
2019-04-13T00:30:00+09:00,J1,412,343,755
2019-04-13T00:30:00+09:00,J2,479,469,948
2019-04-13T00:30:00+09:00,J3,884,665,1549
2019-04-13T00:30:00+09:00,J4,389,360,749
2019-04-13T00:30:00+09:00,J5,234,246,480
2019-04-13T00:45:00+09:00,J1,395,351,746
2019-04-13T00:45:00+09:00,J2,395,492,887
2019-04-13T00:45:00+09:00,J3,917,781,1698
2019-04-13T00:45:00+09:00,J4,387,385,772
2019-04-13T00:45:00+09:00,J5,231,248,479
2019-04-13T05:45:00+09:00,J1,372,370,742
2019-04-13T05:45:00+09:00,J2,495,488,983
2019-04-13T05:45:00+09:00,J3,627,493,1120
2019-04-13T05:45:00+09:00,J4,467,570,1037
2019-04-13T05:45:00+09:00,J5,381,376,757
2019-04-13T06:00:00+09:00,J1,388,469,857
2019-04-13T06:00:00+09:00,J2,456,499,955
2019-04-13T06:00:00+09:00,J3,693,621,1314
2019-04-13T06:00:00+09:00,J4,496,600,1096
2019-04-13T06:00:00+09:00,J5,386,371,757
2019-04-13T06:15:00+09:00,J1,635,641,1276
2019-04-13T06:15:00+09:00,J2,464,466,930
2019-04-13T06:15:00+09:00,J3,768,653,1421
2019-04-13T06:15:00+09:00,J4,496,656,1152
2019-04-13T06:15:00+09:00,J5,364,310,674
2019-04-13T06:30:00+09:00,J1,657,634,1291
2019-04-13T06:30:00+09:00,J2,408,486,894
2019-04-13T06:30:00+09:00,J3,664,617,1281
2019-04-13T06:30:00+09:00,J4,483,672,1155
2019-04-13T06:30:00+09:00,J5,374,273,647
2019-04-13T06:45:00+09:00,J1,714,552,1266
2019-04-13T06:45:00+09:00,J2,435,530,965
2019-04-13T06:45:00+09:00,J3,746,646,1392
2019-04-13T06:45:00+09:00,J4,464,594,1058
2019-04-13T06:45:00+09:00,J5,385,324,709
2019-04-13T07:00:00+09:00,J1,707,693,1400
2019-04-13T07:00:00+09:00,J2,389,483,872
2019-04-13T07:00:00+09:00,J3,771,667,1438
2019-04-13T07:00:00+09:00,J4,536,529,1065
2019-04-13T07:00:00+09:00,J5,389,307,696
2019-04-13T07:15:00+09:00,J1,700,663,1363
2019-04-13T07:15:00+09:00,J2,463,468,931
2019-04-13T07:15:00+09:00,J3,867,684,1551
2019-04-13T07:15:00+09:00,J4,498,582,1080
2019-04-13T07:15:00+09:00,J5,340,343,683
2019-04-13T07:30:00+09:00,J1,694,688,1382
2019-04-13T07:30:00+09:00,J2,512,450,962
2019-04-13T07:30:00+09:00,J3,953,767,1720
2019-04-13T07:30:00+09:00,J4,593,651,1244
2019-04-13T07:30:00+09:00,J5,330,318,648
2019-04-13T07:45:00+09:00,J1,773,658,1431
2019-04-13T07:45:00+09:00,J2,426,402,828
2019-04-13T07:45:00+09:00,J3,896,744,1640
2019-04-13T07:45:00+09:00,J4,490,601,1091
2019-04-13T07:45:00+09:00,J5,373,337,710
2019-04-13T08:00:00+09:00,J1,1106,1022,2128
2019-04-13T08:00:00+09:00,J2,734,634,1368
2019-04-13T08:00:00+09:00,J3,1037,980,2017
2019-04-13T08:00:00+09:00,J4,535,570,1105
2019-04-13T08:00:00+09:00,J5,516,454,970
2019-04-13T08:15:00+09:00,J1,1129,1092,2221
2019-04-13T08:15:00+09:00,J2,667,625,1292
2019-04-13T08:15:00+09:00,J3,1128,1046,2174
2019-04-13T08:15:00+09:00,J4,603,757,1360
2019-04-13T08:15:00+09:00,J5,722,641,1363
2019-04-13T08:30:00+09:00,J1,1107,1142,2249
2019-04-13T08:30:00+09:00,J2,554,553,1107
2019-04-13T08:30:00+09:00,J3,1106,969,2075
2019-04-13T08:30:00+09:00,J4,668,788,1456
2019-04-13T08:30:00+09:00,J5,594,585,1179
2019-04-13T08:45:00+09:00,J1,1008,1033,2041
2019-04-13T08:45:00+09:00,J2,486,539,1025
2019-04-13T08:45:00+09:00,J3,1040,947,1987
2019-04-13T08:45:00+09:00,J4,726,826,1552
2019-04-13T08:45:00+09:00,J5,578,614,1192
2019-04-13T09:00:00+09:00,J1,930,902,1832
2019-04-13T09:00:00+09:00,J2,703,656,1359
2019-04-13T09:00:00+09:00,J3,833,837,1670
2019-04-13T09:00:00+09:00,J4,824,767,1591
2019-04-13T09:00:00+09:00,J5,583,527,1110
2019-04-13T09:15:00+09:00,J1,917,928,1845
2019-04-13T09:15:00+09:00,J2,764,643,1407
2019-04-13T09:15:00+09:00,J3,832,804,1636
2019-04-13T09:15:00+09:00,J4,902,772,1674
2019-04-13T09:15:00+09:00,J5,569,600,1169
2019-04-13T09:30:00+09:00,J1,962,975,1937
2019-04-13T09:30:00+09:00,J2,745,686,1431
2019-04-13T09:30:00+09:00,J3,843,882,1725
2019-04-13T09:30:00+09:00,J4,1001,855,1856
2019-04-13T09:30:00+09:00,J5,617,576,1193
2019-04-13T09:45:00+09:00,J1,935,918,1853
2019-04-13T09:45:00+09:00,J2,807,686,1493
2019-04-13T09:45:00+09:00,J3,801,844,1645
2019-04-13T09:45:00+09:00,J4,978,820,1798
2019-04-13T09:45:00+09:00,J5,604,607,1211
2019-04-13T10:00:00+09:00,J1,921,820,1741
2019-04-13T10:00:00+09:00,J2,726,687,1413
2019-04-13T10:00:00+09:00,J3,790,821,1611
2019-04-13T10:00:00+09:00,J4,888,850,1738
2019-04-13T10:00:00+09:00,J5,612,594,1206
2019-04-13T10:15:00+09:00,J1,900,703,1603
2019-04-13T10:15:00+09:00,J2,784,753,1537
2019-04-13T10:15:00+09:00,J3,756,837,1593
2019-04-13T10:15:00+09:00,J4,913,875,1788
2019-04-13T10:15:00+09:00,J5,546,575,1121
2019-04-13T10:30:00+09:00,J1,804,657,1461
2019-04-13T10:30:00+09:00,J2,637,696,1333
2019-04-13T10:30:00+09:00,J3,948,988,1936
2019-04-13T10:30:00+09:00,J4,880,803,1683
2019-04-13T10:30:00+09:00,J5,612,618,1230
2019-04-13T10:45:00+09:00,J1,749,671,1420
2019-04-13T10:45:00+09:00,J2,507,705,1212
2019-04-13T10:45:00+09:00,J3,1055,1003,2058
2019-04-13T10:45:00+09:00,J4,799,779,1578
2019-04-13T10:45:00+09:00,J5,544,540,1084
2019-04-13T11:00:00+09:00,J1,816,820,1636
2019-04-13T11:00:00+09:00,J2,565,650,1215
2019-04-13T11:00:00+09:00,J3,1153,1011,2164
2019-04-13T11:00:00+09:00,J4,761,843,1604
2019-04-13T11:00:00+09:00,J5,515,555,1070
2019-04-13T11:15:00+09:00,J1,855,860,1715
2019-04-13T11:15:00+09:00,J2,550,653,1203
2019-04-13T11:15:00+09:00,J3,1035,1004,2039
2019-04-13T11:15:00+09:00,J4,751,832,1583
2019-04-13T11:15:00+09:00,J5,508,507,1015
2019-04-13T11:30:00+09:00,J1,816,849,1665
2019-04-13T11:30:00+09:00,J2,605,651,1256
2019-04-13T11:30:00+09:00,J3,1034,987,2021
2019-04-13T11:30:00+09:00,J4,771,848,1619
2019-04-13T11:30:00+09:00,J5,507,481,988
2019-04-13T11:45:00+09:00,J1,821,900,1721
2019-04-13T11:45:00+09:00,J2,675,740,1415
2019-04-13T11:45:00+09:00,J3,1081,909,1990
2019-04-13T11:45:00+09:00,J4,780,811,1591
2019-04-13T11:45:00+09:00,J5,520,463,983
2019-04-13T12:00:00+09:00,J1,820,920,1740
2019-04-13T12:00:00+09:00,J2,659,768,1427
2019-04-13T12:00:00+09:00,J3,991,833,1824
2019-04-13T12:00:00+09:00,J4,659,817,1476
2019-04-13T12:00:00+09:00,J5,419,438,857
2019-04-13T12:15:00+09:00,J1,744,904,1648
2019-04-13T12:15:00+09:00,J2,837,844,1681
2019-04-13T12:15:00+09:00,J3,920,831,1751
2019-04-13T12:15:00+09:00,J4,674,703,1377
2019-04-13T12:15:00+09:00,J5,496,469,965
2019-04-13T12:30:00+09:00,J1,663,796,1459
2019-04-13T12:30:00+09:00,J2,722,853,1575
2019-04-13T12:30:00+09:00,J3,874,773,1647
2019-04-13T12:30:00+09:00,J4,667,790,1457
2019-04-13T12:30:00+09:00,J5,381,379,760
2019-04-13T12:45:00+09:00,J1,580,825,1405
2019-04-13T12:45:00+09:00,J2,836,895,1731
2019-04-13T12:45:00+09:00,J3,821,837,1658
2019-04-13T12:45:00+09:00,J4,593,750,1343
2019-04-13T12:45:00+09:00,J5,404,411,815
2019-04-13T13:00:00+09:00,J1,678,885,1563
2019-04-13T13:00:00+09:00,J2,910,836,1746
2019-04-13T13:00:00+09:00,J3,845,800,1645
2019-04-13T13:00:00+09:00,J4,633,710,1343
2019-04-13T13:00:00+09:00,J5,396,401,797
2019-04-13T13:15:00+09:00,J1,655,873,1528
2019-04-13T13:15:00+09:00,J2,960,809,1769
2019-04-13T13:15:00+09:00,J3,787,883,1670
2019-04-13T13:15:00+09:00,J4,613,675,1288
2019-04-13T13:15:00+09:00,J5,411,434,845
2019-04-13T13:30:00+09:00,J1,687,877,1564
2019-04-13T13:30:00+09:00,J2,913,670,1583
2019-04-13T13:30:00+09:00,J3,771,852,1623
2019-04-13T13:30:00+09:00,J4,600,725,1325
2019-04-13T13:30:00+09:00,J5,448,400,848
2019-04-13T13:45:00+09:00,J1,698,828,1526
2019-04-13T13:45:00+09:00,J2,929,748,1677
2019-04-13T13:45:00+09:00,J3,769,833,1602
2019-04-13T13:45:00+09:00,J4,595,703,1298
2019-04-13T13:45:00+09:00,J5,410,416,826
2019-04-13T14:00:00+09:00,J1,689,823,1512
2019-04-13T14:00:00+09:00,J2,961,710,1671
2019-04-13T14:00:00+09:00,J3,828,776,1604
2019-04-13T14:00:00+09:00,J4,550,647,1197
2019-04-13T14:00:00+09:00,J5,407,417,824
2019-04-13T14:15:00+09:00,J1,775,777,1552
2019-04-13T14:15:00+09:00,J2,953,632,1585
2019-04-13T14:15:00+09:00,J3,780,844,1624
2019-04-13T14:15:00+09:00,J4,685,647,1332
2019-04-13T14:15:00+09:00,J5,398,448,846
2019-04-13T14:30:00+09:00,J1,762,714,1476
2019-04-13T14:30:00+09:00,J2,869,646,1515
2019-04-13T14:30:00+09:00,J3,751,723,1474
2019-04-13T14:30:00+09:00,J4,614,608,1222
2019-04-13T14:30:00+09:00,J5,394,424,818
2019-04-13T14:45:00+09:00,J1,742,721,1463
2019-04-13T14:45:00+09:00,J2,889,643,1532
2019-04-13T14:45:00+09:00,J3,694,743,1437
2019-04-13T14:45:00+09:00,J4,663,615,1278
2019-04-13T14:45:00+09:00,J5,411,410,821
2019-04-13T15:00:00+09:00,J1,716,730,1446
2019-04-13T15:00:00+09:00,J2,849,636,1485
2019-04-13T15:00:00+09:00,J3,700,753,1453
2019-04-13T15:00:00+09:00,J4,641,691,1332
2019-04-13T15:00:00+09:00,J5,437,414,851
2019-04-13T15:15:00+09:00,J1,703,906,1609
2019-04-13T15:15:00+09:00,J2,854,737,1591
2019-04-13T15:15:00+09:00,J3,726,726,1452
2019-04-13T15:15:00+09:00,J4,730,625,1355
2019-04-13T15:15:00+09:00,J5,401,433,834
2019-04-13T15:30:00+09:00,J1,775,801,1576
2019-04-13T15:30:00+09:00,J2,890,612,1502
2019-04-13T15:30:00+09:00,J3,692,653,1345
2019-04-13T15:30:00+09:00,J4,660,594,1254
2019-04-13T15:30:00+09:00,J5,439,429,868
2019-04-13T15:45:00+09:00,J1,758,874,1632
2019-04-13T15:45:00+09:00,J2,855,601,1456
2019-04-13T15:45:00+09:00,J3,713,762,1475
2019-04-13T15:45:00+09:00,J4,676,661,1337
2019-04-13T15:45:00+09:00,J5,430,438,868
2019-04-13T16:00:00+09:00,J1,751,787,1538
2019-04-13T16:00:00+09:00,J2,910,632,1542
2019-04-13T16:00:00+09:00,J3,702,793,1495
2019-04-13T16:00:00+09:00,J4,729,600,1329
2019-04-13T16:00:00+09:00,J5,443,464,907
2019-04-13T16:15:00+09:00,J1,786,783,1569
2019-04-13T16:15:00+09:00,J2,867,561,1428
2019-04-13T16:15:00+09:00,J3,696,716,1412
2019-04-13T16:15:00+09:00,J4,696,619,1315
2019-04-13T16:15:00+09:00,J5,441,450,891
2019-04-13T16:30:00+09:00,J1,843,840,1683
2019-04-13T16:30:00+09:00,J2,886,599,1485
2019-04-13T16:30:00+09:00,J3,745,816,1561
2019-04-13T16:30:00+09:00,J4,702,721,1423
2019-04-13T16:30:00+09:00,J5,477,425,902
2019-04-13T16:45:00+09:00,J1,798,751,1549
2019-04-13T16:45:00+09:00,J2,816,613,1429
2019-04-13T16:45:00+09:00,J3,678,713,1391
2019-04-13T16:45:00+09:00,J4,697,658,1355
2019-04-13T16:45:00+09:00,J5,455,429,884
2019-04-13T17:00:00+09:00,J1,826,894,1720
2019-04-13T17:00:00+09:00,J2,884,595,1479
2019-04-13T17:00:00+09:00,J3,726,760,1486
2019-04-13T17:00:00+09:00,J4,670,644,1314
2019-04-13T17:00:00+09:00,J5,440,417,857
2019-04-13T17:15:00+09:00,J1,905,866,1771
2019-04-13T17:15:00+09:00,J2,932,679,1611
2019-04-13T17:15:00+09:00,J3,836,791,1627
2019-04-13T17:15:00+09:00,J4,714,627,1341
2019-04-13T17:15:00+09:00,J5,450,430,880
2019-04-13T17:30:00+09:00,J1,876,838,1714
2019-04-13T17:30:00+09:00,J2,872,613,1485
2019-04-13T17:30:00+09:00,J3,866,769,1635
2019-04-13T17:30:00+09:00,J4,693,669,1362
2019-04-13T17:30:00+09:00,J5,436,445,881
2019-04-13T17:45:00+09:00,J1,894,831,1725
2019-04-13T17:45:00+09:00,J2,893,628,1521
2019-04-13T17:45:00+09:00,J3,793,741,1534
2019-04-13T17:45:00+09:00,J4,747,663,1410
2019-04-13T17:45:00+09:00,J5,470,407,877
2019-04-13T18:00:00+09:00,J1,919,918,1837
2019-04-13T18:00:00+09:00,J2,884,622,1506
2019-04-13T18:00:00+09:00,J3,814,790,1604
2019-04-13T18:00:00+09:00,J4,796,687,1483
2019-04-13T18:00:00+09:00,J5,443,448,891
2019-04-13T18:15:00+09:00,J1,866,828,1694
2019-04-13T18:15:00+09:00,J2,904,618,1522
2019-04-13T18:15:00+09:00,J3,852,746,1598
2019-04-13T18:15:00+09:00,J4,720,607,1327
2019-04-13T18:15:00+09:00,J5,476,471,947
2019-04-13T18:30:00+09:00,J1,809,897,1706
2019-04-13T18:30:00+09:00,J2,994,705,1699
2019-04-13T18:30:00+09:00,J3,745,755,1500
2019-04-13T18:30:00+09:00,J4,687,587,1274
2019-04-13T18:30:00+09:00,J5,461,448,909
2019-04-13T18:45:00+09:00,J1,710,895,1605
2019-04-13T18:45:00+09:00,J2,937,810,1747
2019-04-13T18:45:00+09:00,J3,787,731,1518
2019-04-13T18:45:00+09:00,J4,685,556,1241
2019-04-13T18:45:00+09:00,J5,443,401,844
2019-04-13T19:00:00+09:00,J1,592,817,1409
2019-04-13T19:00:00+09:00,J2,775,803,1578
2019-04-13T19:00:00+09:00,J3,796,736,1532
2019-04-13T19:00:00+09:00,J4,657,632,1289
2019-04-13T19:00:00+09:00,J5,443,457,900
2019-04-13T19:15:00+09:00,J1,614,751,1365
2019-04-13T19:15:00+09:00,J2,856,803,1659
2019-04-13T19:15:00+09:00,J3,961,797,1758
2019-04-13T19:15:00+09:00,J4,712,665,1377
2019-04-13T19:15:00+09:00,J5,455,476,931
2019-04-13T19:30:00+09:00,J1,570,759,1329
2019-04-13T19:30:00+09:00,J2,740,843,1583
2019-04-13T19:30:00+09:00,J3,959,766,1725
2019-04-13T19:30:00+09:00,J4,662,660,1322
2019-04-13T19:30:00+09:00,J5,436,431,867
2019-04-13T19:45:00+09:00,J1,569,700,1269
2019-04-13T19:45:00+09:00,J2,568,741,1309
2019-04-13T19:45:00+09:00,J3,953,791,1744
2019-04-13T19:45:00+09:00,J4,623,731,1354
2019-04-13T19:45:00+09:00,J5,382,424,806
2019-04-13T20:00:00+09:00,J1,487,719,1206
2019-04-13T20:00:00+09:00,J2,563,721,1284
2019-04-13T20:00:00+09:00,J3,932,802,1734
2019-04-13T20:00:00+09:00,J4,662,775,1437
2019-04-13T20:00:00+09:00,J5,426,431,857
2019-04-13T20:15:00+09:00,J1,578,760,1338
2019-04-13T20:15:00+09:00,J2,617,759,1376
2019-04-13T20:15:00+09:00,J3,1040,894,1934
2019-04-13T20:15:00+09:00,J4,669,727,1396
2019-04-13T20:15:00+09:00,J5,464,449,913
2019-04-13T20:30:00+09:00,J1,549,674,1223
2019-04-13T20:30:00+09:00,J2,546,646,1192
2019-04-13T20:30:00+09:00,J3,955,852,1807
2019-04-13T20:30:00+09:00,J4,637,683,1320
2019-04-13T20:30:00+09:00,J5,398,399,797
2019-04-13T20:45:00+09:00,J1,597,628,1225
2019-04-13T20:45:00+09:00,J2,473,619,1092
2019-04-13T20:45:00+09:00,J3,987,918,1905
2019-04-13T20:45:00+09:00,J4,562,636,1198
2019-04-13T20:45:00+09:00,J5,412,367,779
2019-04-13T21:00:00+09:00,J1,591,659,1250
2019-04-13T21:00:00+09:00,J2,478,547,1025
2019-04-13T21:00:00+09:00,J3,961,846,1807
2019-04-13T21:00:00+09:00,J4,606,619,1225
2019-04-13T21:00:00+09:00,J5,361,355,716
2019-04-13T21:15:00+09:00,J1,555,631,1186
2019-04-13T21:15:00+09:00,J2,440,573,1013
2019-04-13T21:15:00+09:00,J3,1007,856,1863
2019-04-13T21:15:00+09:00,J4,712,732,1444
2019-04-13T21:15:00+09:00,J5,519,422,941
2019-04-13T21:30:00+09:00,J1,572,620,1192
2019-04-13T21:30:00+09:00,J2,427,536,963
2019-04-13T21:30:00+09:00,J3,1010,917,1927
2019-04-13T21:30:00+09:00,J4,629,659,1288
2019-04-13T21:30:00+09:00,J5,459,344,803
2019-04-13T21:45:00+09:00,J1,531,552,1083
2019-04-13T21:45:00+09:00,J2,375,530,905
2019-04-13T21:45:00+09:00,J3,946,843,1789
2019-04-13T21:45:00+09:00,J4,667,691,1358
2019-04-13T21:45:00+09:00,J5,449,359,808
2019-04-13T22:00:00+09:00,J1,461,598,1059
2019-04-13T22:00:00+09:00,J2,382,500,882
2019-04-13T22:00:00+09:00,J3,894,900,1794
2019-04-13T22:00:00+09:00,J4,672,696,1368
2019-04-13T22:00:00+09:00,J5,370,355,725
2019-04-13T22:15:00+09:00,J1,399,511,910
2019-04-13T22:15:00+09:00,J2,352,515,867
2019-04-13T22:15:00+09:00,J3,904,920,1824
2019-04-13T22:15:00+09:00,J4,662,724,1386
2019-04-13T22:15:00+09:00,J5,471,426,897
2019-04-13T22:30:00+09:00,J1,478,536,1014
2019-04-13T22:30:00+09:00,J2,292,448,740
2019-04-13T22:30:00+09:00,J3,829,866,1695
2019-04-13T22:30:00+09:00,J4,567,588,1155
2019-04-13T22:30:00+09:00,J5,400,392,792
2019-04-13T22:45:00+09:00,J1,479,546,1025
2019-04-13T22:45:00+09:00,J2,343,486,829
2019-04-13T22:45:00+09:00,J3,834,876,1710
2019-04-13T22:45:00+09:00,J4,543,600,1143
2019-04-13T22:45:00+09:00,J5,409,343,752
2019-04-13T23:00:00+09:00,J1,484,513,997
2019-04-13T23:00:00+09:00,J2,329,513,842
2019-04-13T23:00:00+09:00,J3,771,822,1593
2019-04-13T23:00:00+09:00,J4,545,678,1223
2019-04-13T23:00:00+09:00,J5,450,393,843
2019-04-13T23:15:00+09:00,J1,458,528,986
2019-04-13T23:15:00+09:00,J2,328,515,843
2019-04-13T23:15:00+09:00,J3,830,795,1625
2019-04-13T23:15:00+09:00,J4,535,627,1162
2019-04-13T23:15:00+09:00,J5,426,422,848
2019-04-13T23:30:00+09:00,J1,438,472,910
2019-04-13T23:30:00+09:00,J2,363,455,818
2019-04-13T23:30:00+09:00,J3,797,835,1632
2019-04-13T23:30:00+09:00,J4,533,595,1128
2019-04-13T23:30:00+09:00,J5,419,378,797
2019-04-13T23:45:00+09:00,J1,521,532,1053
2019-04-13T23:45:00+09:00,J2,344,406,750
2019-04-13T23:45:00+09:00,J3,731,661,1392
2019-04-13T23:45:00+09:00,J4,622,669,1291
2019-04-13T23:45:00+09:00,J5,364,401,765
2019-04-14T00:00:00+09:00,J1,422,395,817
2019-04-14T00:00:00+09:00,J2,366,345,711
2019-04-14T00:00:00+09:00,J3,655,520,1175
2019-04-14T00:00:00+09:00,J4,614,682,1296
2019-04-14T00:00:00+09:00,J5,448,513,961
2019-04-14T00:15:00+09:00,J1,273,278,551
2019-04-14T00:15:00+09:00,J2,395,342,737
2019-04-14T00:15:00+09:00,J3,443,375,818
2019-04-14T00:15:00+09:00,J4,688,679,1367
2019-04-14T00:15:00+09:00,J5,574,455,1029
2019-04-14T00:30:00+09:00,J1,271,218,489
2019-04-14T00:30:00+09:00,J2,334,317,651
2019-04-14T00:30:00+09:00,J3,373,329,702
2019-04-14T00:30:00+09:00,J4,729,695,1424
2019-04-14T00:30:00+09:00,J5,500,480,980
2019-04-14T00:45:00+09:00,J1,208,181,389
2019-04-14T00:45:00+09:00,J2,393,357,750
2019-04-14T00:45:00+09:00,J3,420,373,793
2019-04-14T00:45:00+09:00,J4,802,660,1462
2019-04-14T00:45:00+09:00,J5,486,494,980
2019-04-14T05:45:00+09:00,J1,549,587,1136
2019-04-14T05:45:00+09:00,J2,497,485,982
2019-04-14T05:45:00+09:00,J3,837,761,1598
2019-04-14T05:45:00+09:00,J4,477,522,999
2019-04-14T05:45:00+09:00,J5,292,353,645
2019-04-14T06:00:00+09:00,J1,483,535,1018
2019-04-14T06:00:00+09:00,J2,612,564,1176
2019-04-14T06:00:00+09:00,J3,788,737,1525
2019-04-14T06:00:00+09:00,J4,536,520,1056
2019-04-14T06:00:00+09:00,J5,322,346,668
2019-04-14T06:15:00+09:00,J1,556,560,1116
2019-04-14T06:15:00+09:00,J2,641,683,1324
2019-04-14T06:15:00+09:00,J3,741,650,1391
2019-04-14T06:15:00+09:00,J4,562,602,1164
2019-04-14T06:15:00+09:00,J5,399,394,793
2019-04-14T06:30:00+09:00,J1,476,470,946
2019-04-14T06:30:00+09:00,J2,619,668,1287
2019-04-14T06:30:00+09:00,J3,648,617,1265
2019-04-14T06:30:00+09:00,J4,540,600,1140
2019-04-14T06:30:00+09:00,J5,294,314,608
2019-04-14T06:45:00+09:00,J1,420,473,893
2019-04-14T06:45:00+09:00,J2,650,624,1274
2019-04-14T06:45:00+09:00,J3,651,715,1366
2019-04-14T06:45:00+09:00,J4,495,591,1086
2019-04-14T06:45:00+09:00,J5,290,355,645
2019-04-14T07:00:00+09:00,J1,466,500,966
2019-04-14T07:00:00+09:00,J2,639,627,1266
2019-04-14T07:00:00+09:00,J3,635,660,1295
2019-04-14T07:00:00+09:00,J4,584,647,1231
2019-04-14T07:00:00+09:00,J5,253,338,591
2019-04-14T07:15:00+09:00,J1,465,505,970
2019-04-14T07:15:00+09:00,J2,658,654,1312
2019-04-14T07:15:00+09:00,J3,680,656,1336
2019-04-14T07:15:00+09:00,J4,645,659,1304
2019-04-14T07:15:00+09:00,J5,260,321,581
2019-04-14T07:30:00+09:00,J1,546,523,1069
2019-04-14T07:30:00+09:00,J2,665,630,1295
2019-04-14T07:30:00+09:00,J3,605,607,1212
2019-04-14T07:30:00+09:00,J4,677,709,1386
2019-04-14T07:30:00+09:00,J5,332,321,653
2019-04-14T07:45:00+09:00,J1,546,487,1033
2019-04-14T07:45:00+09:00,J2,749,714,1463
2019-04-14T07:45:00+09:00,J3,468,486,954
2019-04-14T07:45:00+09:00,J4,766,781,1547
2019-04-14T07:45:00+09:00,J5,402,394,796
2019-04-14T08:00:00+09:00,J1,784,821,1605
2019-04-14T08:00:00+09:00,J2,654,604,1258
2019-04-14T08:00:00+09:00,J3,991,887,1878
2019-04-14T08:00:00+09:00,J4,694,732,1426
2019-04-14T08:00:00+09:00,J5,569,559,1128
2019-04-14T08:15:00+09:00,J1,869,942,1811
2019-04-14T08:15:00+09:00,J2,533,529,1062
2019-04-14T08:15:00+09:00,J3,960,992,1952
2019-04-14T08:15:00+09:00,J4,857,818,1675
2019-04-14T08:15:00+09:00,J5,626,615,1241
2019-04-14T08:30:00+09:00,J1,939,856,1795
2019-04-14T08:30:00+09:00,J2,479,456,935
2019-04-14T08:30:00+09:00,J3,948,875,1823
2019-04-14T08:30:00+09:00,J4,885,829,1714
2019-04-14T08:30:00+09:00,J5,614,635,1249
2019-04-14T08:45:00+09:00,J1,910,902,1812
2019-04-14T08:45:00+09:00,J2,469,507,976
2019-04-14T08:45:00+09:00,J3,997,879,1876
2019-04-14T08:45:00+09:00,J4,865,738,1603
2019-04-14T08:45:00+09:00,J5,578,596,1174
2019-04-14T09:00:00+09:00,J1,807,698,1505
2019-04-14T09:00:00+09:00,J2,529,491,1020
2019-04-14T09:00:00+09:00,J3,890,905,1795
2019-04-14T09:00:00+09:00,J4,801,782,1583
2019-04-14T09:00:00+09:00,J5,569,599,1168
2019-04-14T09:15:00+09:00,J1,781,623,1404
2019-04-14T09:15:00+09:00,J2,571,477,1048
2019-04-14T09:15:00+09:00,J3,828,790,1618
2019-04-14T09:15:00+09:00,J4,874,779,1653
2019-04-14T09:15:00+09:00,J5,498,586,1084
2019-04-14T09:30:00+09:00,J1,749,660,1409
2019-04-14T09:30:00+09:00,J2,561,513,1074
2019-04-14T09:30:00+09:00,J3,866,777,1643
2019-04-14T09:30:00+09:00,J4,851,760,1611
2019-04-14T09:30:00+09:00,J5,520,564,1084
2019-04-14T09:45:00+09:00,J1,714,647,1361
2019-04-14T09:45:00+09:00,J2,551,508,1059
2019-04-14T09:45:00+09:00,J3,897,809,1706
2019-04-14T09:45:00+09:00,J4,760,699,1459
2019-04-14T09:45:00+09:00,J5,485,525,1010
2019-04-14T10:00:00+09:00,J1,696,554,1250
2019-04-14T10:00:00+09:00,J2,595,493,1088
2019-04-14T10:00:00+09:00,J3,806,717,1523
2019-04-14T10:00:00+09:00,J4,725,703,1428
2019-04-14T10:00:00+09:00,J5,448,547,995
2019-04-14T10:15:00+09:00,J1,658,593,1251
2019-04-14T10:15:00+09:00,J2,475,462,937
2019-04-14T10:15:00+09:00,J3,905,886,1791
2019-04-14T10:15:00+09:00,J4,748,707,1455
2019-04-14T10:15:00+09:00,J5,498,548,1046
2019-04-14T10:30:00+09:00,J1,706,618,1324
2019-04-14T10:30:00+09:00,J2,480,541,1021
2019-04-14T10:30:00+09:00,J3,1011,941,1952
2019-04-14T10:30:00+09:00,J4,657,810,1467
2019-04-14T10:30:00+09:00,J5,502,482,984
2019-04-14T10:45:00+09:00,J1,665,815,1480
2019-04-14T10:45:00+09:00,J2,521,579,1100
2019-04-14T10:45:00+09:00,J3,1032,1012,2044
2019-04-14T10:45:00+09:00,J4,698,788,1486
2019-04-14T10:45:00+09:00,J5,424,430,854
2019-04-14T11:00:00+09:00,J1,726,871,1597
2019-04-14T11:00:00+09:00,J2,545,599,1144
2019-04-14T11:00:00+09:00,J3,1008,1032,2040
2019-04-14T11:00:00+09:00,J4,633,724,1357
2019-04-14T11:00:00+09:00,J5,500,431,931
2019-04-14T11:15:00+09:00,J1,758,857,1615
2019-04-14T11:15:00+09:00,J2,549,660,1209
2019-04-14T11:15:00+09:00,J3,1009,889,1898
2019-04-14T11:15:00+09:00,J4,644,805,1449
2019-04-14T11:15:00+09:00,J5,569,457,1026
2019-04-14T11:30:00+09:00,J1,683,911,1594
2019-04-14T11:30:00+09:00,J2,652,751,1403
2019-04-14T11:30:00+09:00,J3,1001,962,1963
2019-04-14T11:30:00+09:00,J4,539,719,1258
2019-04-14T11:30:00+09:00,J5,467,425,892
2019-04-14T11:45:00+09:00,J1,808,921,1729
2019-04-14T11:45:00+09:00,J2,651,741,1392
2019-04-14T11:45:00+09:00,J3,971,932,1903
2019-04-14T11:45:00+09:00,J4,568,703,1271
2019-04-14T11:45:00+09:00,J5,420,452,872
2019-04-14T12:00:00+09:00,J1,777,825,1602
2019-04-14T12:00:00+09:00,J2,772,741,1513
2019-04-14T12:00:00+09:00,J3,1016,872,1888
2019-04-14T12:00:00+09:00,J4,535,565,1100
2019-04-14T12:00:00+09:00,J5,374,405,779
2019-04-14T12:15:00+09:00,J1,791,830,1621
2019-04-14T12:15:00+09:00,J2,879,826,1705
2019-04-14T12:15:00+09:00,J3,877,771,1648
2019-04-14T12:15:00+09:00,J4,524,580,1104
2019-04-14T12:15:00+09:00,J5,380,402,782
2019-04-14T12:30:00+09:00,J1,732,708,1440
2019-04-14T12:30:00+09:00,J2,918,809,1727
2019-04-14T12:30:00+09:00,J3,756,754,1510
2019-04-14T12:30:00+09:00,J4,618,624,1242
2019-04-14T12:30:00+09:00,J5,404,414,818
2019-04-14T12:45:00+09:00,J1,671,793,1464
2019-04-14T12:45:00+09:00,J2,932,779,1711
2019-04-14T12:45:00+09:00,J3,765,759,1524
2019-04-14T12:45:00+09:00,J4,606,650,1256
2019-04-14T12:45:00+09:00,J5,435,456,891
2019-04-14T13:00:00+09:00,J1,748,776,1524
2019-04-14T13:00:00+09:00,J2,934,778,1712
2019-04-14T13:00:00+09:00,J3,770,715,1485
2019-04-14T13:00:00+09:00,J4,675,667,1342
2019-04-14T13:00:00+09:00,J5,409,395,804
2019-04-14T13:15:00+09:00,J1,762,753,1515
2019-04-14T13:15:00+09:00,J2,927,804,1731
2019-04-14T13:15:00+09:00,J3,732,830,1562
2019-04-14T13:15:00+09:00,J4,552,673,1225
2019-04-14T13:15:00+09:00,J5,408,372,780
2019-04-14T13:30:00+09:00,J1,750,810,1560
2019-04-14T13:30:00+09:00,J2,859,760,1619
2019-04-14T13:30:00+09:00,J3,830,831,1661
2019-04-14T13:30:00+09:00,J4,618,693,1311
2019-04-14T13:30:00+09:00,J5,431,432,863
2019-04-14T13:45:00+09:00,J1,801,877,1678
2019-04-14T13:45:00+09:00,J2,918,776,1694
2019-04-14T13:45:00+09:00,J3,816,816,1632
2019-04-14T13:45:00+09:00,J4,666,757,1423
2019-04-14T13:45:00+09:00,J5,428,420,848
2019-04-14T14:00:00+09:00,J1,795,829,1624
2019-04-14T14:00:00+09:00,J2,910,838,1748
2019-04-14T14:00:00+09:00,J3,831,856,1687
2019-04-14T14:00:00+09:00,J4,738,710,1448
2019-04-14T14:00:00+09:00,J5,447,398,845
2019-04-14T14:15:00+09:00,J1,753,860,1613
2019-04-14T14:15:00+09:00,J2,908,778,1686
2019-04-14T14:15:00+09:00,J3,800,898,1698
2019-04-14T14:15:00+09:00,J4,792,757,1549
2019-04-14T14:15:00+09:00,J5,426,463,889
2019-04-14T14:30:00+09:00,J1,886,906,1792
2019-04-14T14:30:00+09:00,J2,871,784,1655
2019-04-14T14:30:00+09:00,J3,833,870,1703
2019-04-14T14:30:00+09:00,J4,713,711,1424
2019-04-14T14:30:00+09:00,J5,426,430,856
2019-04-14T14:45:00+09:00,J1,826,876,1702
2019-04-14T14:45:00+09:00,J2,899,759,1658
2019-04-14T14:45:00+09:00,J3,846,860,1706
2019-04-14T14:45:00+09:00,J4,767,712,1479
2019-04-14T14:45:00+09:00,J5,470,431,901
2019-04-14T15:00:00+09:00,J1,832,856,1688
2019-04-14T15:00:00+09:00,J2,838,806,1644
2019-04-14T15:00:00+09:00,J3,796,778,1574
2019-04-14T15:00:00+09:00,J4,778,775,1553
2019-04-14T15:00:00+09:00,J5,437,411,848
2019-04-14T15:15:00+09:00,J1,790,877,1667
2019-04-14T15:15:00+09:00,J2,860,814,1674
2019-04-14T15:15:00+09:00,J3,777,774,1551
2019-04-14T15:15:00+09:00,J4,878,797,1675
2019-04-14T15:15:00+09:00,J5,445,420,865
2019-04-14T15:30:00+09:00,J1,776,902,1678
2019-04-14T15:30:00+09:00,J2,828,801,1629
2019-04-14T15:30:00+09:00,J3,814,890,1704
2019-04-14T15:30:00+09:00,J4,863,875,1738
2019-04-14T15:30:00+09:00,J5,426,412,838
2019-04-14T15:45:00+09:00,J1,749,927,1676
2019-04-14T15:45:00+09:00,J2,885,798,1683
2019-04-14T15:45:00+09:00,J3,868,943,1811
2019-04-14T15:45:00+09:00,J4,953,883,1836
2019-04-14T15:45:00+09:00,J5,427,450,877
2019-04-14T16:00:00+09:00,J1,789,932,1721
2019-04-14T16:00:00+09:00,J2,849,819,1668
2019-04-14T16:00:00+09:00,J3,813,854,1667
2019-04-14T16:00:00+09:00,J4,1072,898,1970
2019-04-14T16:00:00+09:00,J5,423,413,836
2019-04-14T16:15:00+09:00,J1,800,904,1704
2019-04-14T16:15:00+09:00,J2,946,816,1762
2019-04-14T16:15:00+09:00,J3,850,858,1708
2019-04-14T16:15:00+09:00,J4,984,934,1918
2019-04-14T16:15:00+09:00,J5,421,442,863
2019-04-14T16:30:00+09:00,J1,795,923,1718
2019-04-14T16:30:00+09:00,J2,881,829,1710
2019-04-14T16:30:00+09:00,J3,921,929,1850
2019-04-14T16:30:00+09:00,J4,942,888,1830
2019-04-14T16:30:00+09:00,J5,442,433,875
2019-04-14T16:45:00+09:00,J1,841,985,1826
2019-04-14T16:45:00+09:00,J2,852,825,1677
2019-04-14T16:45:00+09:00,J3,858,897,1755
2019-04-14T16:45:00+09:00,J4,954,980,1934
2019-04-14T16:45:00+09:00,J5,431,431,862
2019-04-14T17:00:00+09:00,J1,883,983,1866
2019-04-14T17:00:00+09:00,J2,827,831,1658
2019-04-14T17:00:00+09:00,J3,926,892,1818
2019-04-14T17:00:00+09:00,J4,997,1017,2014
2019-04-14T17:00:00+09:00,J5,420,395,815
2019-04-14T17:15:00+09:00,J1,816,1009,1825
2019-04-14T17:15:00+09:00,J2,827,791,1618
2019-04-14T17:15:00+09:00,J3,971,884,1855
2019-04-14T17:15:00+09:00,J4,1035,932,1967
2019-04-14T17:15:00+09:00,J5,411,428,839
2019-04-14T17:30:00+09:00,J1,764,941,1705
2019-04-14T17:30:00+09:00,J2,713,799,1512
2019-04-14T17:30:00+09:00,J3,967,924,1891
2019-04-14T17:30:00+09:00,J4,980,970,1950
2019-04-14T17:30:00+09:00,J5,437,442,879
2019-04-14T17:45:00+09:00,J1,740,945,1685
2019-04-14T17:45:00+09:00,J2,668,709,1377
2019-04-14T17:45:00+09:00,J3,957,935,1892
2019-04-14T17:45:00+09:00,J4,963,947,1910
2019-04-14T17:45:00+09:00,J5,417,456,873
2019-04-14T18:00:00+09:00,J1,817,907,1724
2019-04-14T18:00:00+09:00,J2,690,713,1403
2019-04-14T18:00:00+09:00,J3,1036,895,1931
2019-04-14T18:00:00+09:00,J4,737,766,1503
2019-04-14T18:00:00+09:00,J5,422,411,833
2019-04-14T18:15:00+09:00,J1,787,982,1769
2019-04-14T18:15:00+09:00,J2,667,719,1386
2019-04-14T18:15:00+09:00,J3,1095,964,2059
2019-04-14T18:15:00+09:00,J4,926,744,1670
2019-04-14T18:15:00+09:00,J5,396,455,851
2019-04-14T18:30:00+09:00,J1,799,903,1702
2019-04-14T18:30:00+09:00,J2,599,740,1339
2019-04-14T18:30:00+09:00,J3,1039,917,1956
2019-04-14T18:30:00+09:00,J4,837,774,1611
2019-04-14T18:30:00+09:00,J5,416,426,842
2019-04-14T18:45:00+09:00,J1,719,725,1444
2019-04-14T18:45:00+09:00,J2,502,657,1159
2019-04-14T18:45:00+09:00,J3,1014,886,1900
2019-04-14T18:45:00+09:00,J4,680,659,1339
2019-04-14T18:45:00+09:00,J5,419,381,800
2019-04-14T19:00:00+09:00,J1,702,701,1403
2019-04-14T19:00:00+09:00,J2,455,642,1097
2019-04-14T19:00:00+09:00,J3,1060,864,1924
2019-04-14T19:00:00+09:00,J4,704,677,1381
2019-04-14T19:00:00+09:00,J5,429,424,853
2019-04-14T19:15:00+09:00,J1,690,681,1371
2019-04-14T19:15:00+09:00,J2,460,637,1097
2019-04-14T19:15:00+09:00,J3,1062,876,1938
2019-04-14T19:15:00+09:00,J4,649,656,1305
2019-04-14T19:15:00+09:00,J5,387,443,830
2019-04-14T19:30:00+09:00,J1,660,695,1355
2019-04-14T19:30:00+09:00,J2,410,546,956
2019-04-14T19:30:00+09:00,J3,1056,917,1973
2019-04-14T19:30:00+09:00,J4,562,689,1251
2019-04-14T19:30:00+09:00,J5,384,393,777
2019-04-14T19:45:00+09:00,J1,640,658,1298
2019-04-14T19:45:00+09:00,J2,346,503,849
2019-04-14T19:45:00+09:00,J3,940,883,1823
2019-04-14T19:45:00+09:00,J4,601,711,1312
2019-04-14T19:45:00+09:00,J5,358,346,704
2019-04-14T20:00:00+09:00,J1,664,678,1342
2019-04-14T20:00:00+09:00,J2,434,528,962
2019-04-14T20:00:00+09:00,J3,911,894,1805
2019-04-14T20:00:00+09:00,J4,565,680,1245
2019-04-14T20:00:00+09:00,J5,390,411,801
2019-04-14T20:15:00+09:00,J1,640,735,1375
2019-04-14T20:15:00+09:00,J2,403,558,961
2019-04-14T20:15:00+09:00,J3,988,915,1903
2019-04-14T20:15:00+09:00,J4,531,640,1171
2019-04-14T20:15:00+09:00,J5,413,403,816
2019-04-14T20:30:00+09:00,J1,647,631,1278
2019-04-14T20:30:00+09:00,J2,350,431,781
2019-04-14T20:30:00+09:00,J3,874,915,1789
2019-04-14T20:30:00+09:00,J4,587,691,1278
2019-04-14T20:30:00+09:00,J5,359,347,706
2019-04-14T20:45:00+09:00,J1,582,652,1234
2019-04-14T20:45:00+09:00,J2,417,456,873
2019-04-14T20:45:00+09:00,J3,881,887,1768
2019-04-14T20:45:00+09:00,J4,561,636,1197
2019-04-14T20:45:00+09:00,J5,345,351,696
2019-04-14T21:00:00+09:00,J1,651,628,1279
2019-04-14T21:00:00+09:00,J2,451,516,967
2019-04-14T21:00:00+09:00,J3,892,840,1732
2019-04-14T21:00:00+09:00,J4,507,639,1146
2019-04-14T21:00:00+09:00,J5,381,355,736
2019-04-14T21:15:00+09:00,J1,568,735,1303
2019-04-14T21:15:00+09:00,J2,386,470,856
2019-04-14T21:15:00+09:00,J3,972,851,1823
2019-04-14T21:15:00+09:00,J4,528,626,1154
2019-04-14T21:15:00+09:00,J5,391,365,756
2019-04-14T21:30:00+09:00,J1,592,567,1159
2019-04-14T21:30:00+09:00,J2,369,445,814
2019-04-14T21:30:00+09:00,J3,816,820,1636
2019-04-14T21:30:00+09:00,J4,571,619,1190
2019-04-14T21:30:00+09:00,J5,380,381,761
2019-04-14T21:45:00+09:00,J1,638,585,1223
2019-04-14T21:45:00+09:00,J2,386,421,807
2019-04-14T21:45:00+09:00,J3,851,764,1615
2019-04-14T21:45:00+09:00,J4,485,613,1098
2019-04-14T21:45:00+09:00,J5,416,377,793
2019-04-14T22:00:00+09:00,J1,568,579,1147
2019-04-14T22:00:00+09:00,J2,407,419,826
2019-04-14T22:00:00+09:00,J3,840,692,1532
2019-04-14T22:00:00+09:00,J4,446,591,1037
2019-04-14T22:00:00+09:00,J5,343,401,744
2019-04-14T22:15:00+09:00,J1,516,617,1133
2019-04-14T22:15:00+09:00,J2,400,461,861
2019-04-14T22:15:00+09:00,J3,798,745,1543
2019-04-14T22:15:00+09:00,J4,434,551,985
2019-04-14T22:15:00+09:00,J5,449,429,878
2019-04-14T22:30:00+09:00,J1,572,633,1205
2019-04-14T22:30:00+09:00,J2,405,440,845
2019-04-14T22:30:00+09:00,J3,713,637,1350
2019-04-14T22:30:00+09:00,J4,479,606,1085
2019-04-14T22:30:00+09:00,J5,428,471,899
2019-04-14T22:45:00+09:00,J1,510,589,1099
2019-04-14T22:45:00+09:00,J2,440,479,919
2019-04-14T22:45:00+09:00,J3,648,524,1172
2019-04-14T22:45:00+09:00,J4,565,683,1248
2019-04-14T22:45:00+09:00,J5,455,546,1001
2019-04-14T23:00:00+09:00,J1,478,631,1109
2019-04-14T23:00:00+09:00,J2,467,453,920
2019-04-14T23:00:00+09:00,J3,627,586,1213
2019-04-14T23:00:00+09:00,J4,572,617,1189
2019-04-14T23:00:00+09:00,J5,450,485,935
2019-04-14T23:15:00+09:00,J1,565,665,1230
2019-04-14T23:15:00+09:00,J2,474,503,977
2019-04-14T23:15:00+09:00,J3,569,545,1114
2019-04-14T23:15:00+09:00,J4,540,681,1221
2019-04-14T23:15:00+09:00,J5,464,588,1052
2019-04-14T23:30:00+09:00,J1,497,642,1139
2019-04-14T23:30:00+09:00,J2,437,451,888
2019-04-14T23:30:00+09:00,J3,587,503,1090
2019-04-14T23:30:00+09:00,J4,468,606,1074
2019-04-14T23:30:00+09:00,J5,477,543,1020
2019-04-14T23:45:00+09:00,J1,541,657,1198
2019-04-14T23:45:00+09:00,J2,425,423,848
2019-04-14T23:45:00+09:00,J3,517,430,947
2019-04-14T23:45:00+09:00,J4,552,622,1174
2019-04-14T23:45:00+09:00,J5,456,547,1003
2019-04-15T00:00:00+09:00,J1,351,479,830
2019-04-15T00:00:00+09:00,J2,437,369,806
2019-04-15T00:00:00+09:00,J3,460,373,833
2019-04-15T00:00:00+09:00,J4,507,577,1084
2019-04-15T00:00:00+09:00,J5,518,501,1019
2019-04-15T00:15:00+09:00,J1,333,326,659
2019-04-15T00:15:00+09:00,J2,433,419,852
2019-04-15T00:15:00+09:00,J3,462,375,837
2019-04-15T00:15:00+09:00,J4,549,616,1165
2019-04-15T00:15:00+09:00,J5,531,515,1046
2019-04-15T00:30:00+09:00,J1,292,273,565
2019-04-15T00:30:00+09:00,J2,435,416,851
2019-04-15T00:30:00+09:00,J3,379,336,715
2019-04-15T00:30:00+09:00,J4,736,638,1374
2019-04-15T00:30:00+09:00,J5,513,460,973
2019-04-15T00:45:00+09:00,J1,273,234,507
2019-04-15T00:45:00+09:00,J2,427,379,806
2019-04-15T00:45:00+09:00,J3,410,298,708
2019-04-15T00:45:00+09:00,J4,802,626,1428
2019-04-15T00:45:00+09:00,J5,495,487,982
2019-04-15T05:45:00+09:00,J1,626,590,1216
2019-04-15T05:45:00+09:00,J2,516,501,1017
2019-04-15T05:45:00+09:00,J3,871,735,1606
2019-04-15T05:45:00+09:00,J4,372,373,745
2019-04-15T05:45:00+09:00,J5,286,281,567
2019-04-15T06:00:00+09:00,J1,555,542,1097
2019-04-15T06:00:00+09:00,J2,588,564,1152
2019-04-15T06:00:00+09:00,J3,834,767,1601
2019-04-15T06:00:00+09:00,J4,495,429,924
2019-04-15T06:00:00+09:00,J5,262,306,568
2019-04-15T06:15:00+09:00,J1,818,712,1530
2019-04-15T06:15:00+09:00,J2,632,699,1331
2019-04-15T06:15:00+09:00,J3,911,796,1707
2019-04-15T06:15:00+09:00,J4,547,575,1122
2019-04-15T06:15:00+09:00,J5,295,326,621
2019-04-15T06:30:00+09:00,J1,777,768,1545
2019-04-15T06:30:00+09:00,J2,639,611,1250
2019-04-15T06:30:00+09:00,J3,788,744,1532
2019-04-15T06:30:00+09:00,J4,541,542,1083
2019-04-15T06:30:00+09:00,J5,277,312,589
2019-04-15T06:45:00+09:00,J1,773,699,1472
2019-04-15T06:45:00+09:00,J2,703,741,1444
2019-04-15T06:45:00+09:00,J3,828,824,1652
2019-04-15T06:45:00+09:00,J4,532,598,1130
2019-04-15T06:45:00+09:00,J5,295,350,645
2019-04-15T07:00:00+09:00,J1,924,871,1795
2019-04-15T07:00:00+09:00,J2,620,734,1354
2019-04-15T07:00:00+09:00,J3,795,824,1619
2019-04-15T07:00:00+09:00,J4,632,791,1423
2019-04-15T07:00:00+09:00,J5,299,359,658
2019-04-15T07:15:00+09:00,J1,944,882,1826
2019-04-15T07:15:00+09:00,J2,704,613,1317
2019-04-15T07:15:00+09:00,J3,880,818,1698
2019-04-15T07:15:00+09:00,J4,758,773,1531
2019-04-15T07:15:00+09:00,J5,383,380,763
2019-04-15T07:30:00+09:00,J1,980,973,1953
2019-04-15T07:30:00+09:00,J2,808,661,1469
2019-04-15T07:30:00+09:00,J3,761,766,1527
2019-04-15T07:30:00+09:00,J4,786,911,1697
2019-04-15T07:30:00+09:00,J5,517,555,1072
2019-04-15T07:45:00+09:00,J1,1180,985,2165
2019-04-15T07:45:00+09:00,J2,1038,747,1785
2019-04-15T07:45:00+09:00,J3,973,920,1893
2019-04-15T07:45:00+09:00,J4,871,1016,1887
2019-04-15T07:45:00+09:00,J5,666,717,1383
2019-04-15T08:00:00+09:00,J1,1312,1177,2489
2019-04-15T08:00:00+09:00,J2,1097,760,1857
2019-04-15T08:00:00+09:00,J3,1050,1181,2231
2019-04-15T08:00:00+09:00,J4,949,1024,1973
2019-04-15T08:00:00+09:00,J5,633,661,1294
2019-04-15T08:15:00+09:00,J1,1418,1232,2650
2019-04-15T08:15:00+09:00,J2,1135,674,1809
2019-04-15T08:15:00+09:00,J3,1226,1419,2645
2019-04-15T08:15:00+09:00,J4,895,1091,1986
2019-04-15T08:15:00+09:00,J5,561,629,1190
2019-04-15T08:30:00+09:00,J1,1448,1269,2717
2019-04-15T08:30:00+09:00,J2,1089,624,1713
2019-04-15T08:30:00+09:00,J3,1104,1319,2423
2019-04-15T08:30:00+09:00,J4,875,1048,1923
2019-04-15T08:30:00+09:00,J5,591,634,1225
2019-04-15T08:45:00+09:00,J1,1186,1062,2248
2019-04-15T08:45:00+09:00,J2,780,583,1363
2019-04-15T08:45:00+09:00,J3,815,1008,1823
2019-04-15T08:45:00+09:00,J4,852,987,1839
2019-04-15T08:45:00+09:00,J5,585,687,1272
2019-04-15T09:00:00+09:00,J1,1185,1137,2322
2019-04-15T09:00:00+09:00,J2,907,722,1629
2019-04-15T09:00:00+09:00,J3,972,899,1871
2019-04-15T09:00:00+09:00,J4,874,896,1770
2019-04-15T09:00:00+09:00,J5,559,634,1193
2019-04-15T09:15:00+09:00,J1,1063,980,2043
2019-04-15T09:15:00+09:00,J2,919,691,1610
2019-04-15T09:15:00+09:00,J3,903,944,1847
2019-04-15T09:15:00+09:00,J4,885,857,1742
2019-04-15T09:15:00+09:00,J5,558,666,1224
2019-04-15T09:30:00+09:00,J1,986,910,1896
2019-04-15T09:30:00+09:00,J2,1003,753,1756
2019-04-15T09:30:00+09:00,J3,907,914,1821
2019-04-15T09:30:00+09:00,J4,917,874,1791
2019-04-15T09:30:00+09:00,J5,637,628,1265
2019-04-15T09:45:00+09:00,J1,890,877,1767
2019-04-15T09:45:00+09:00,J2,897,732,1629
2019-04-15T09:45:00+09:00,J3,794,818,1612
2019-04-15T09:45:00+09:00,J4,925,822,1747
2019-04-15T09:45:00+09:00,J5,480,529,1009
2019-04-15T10:00:00+09:00,J1,859,879,1738
2019-04-15T10:00:00+09:00,J2,832,740,1572
2019-04-15T10:00:00+09:00,J3,847,805,1652
2019-04-15T10:00:00+09:00,J4,841,789,1630
2019-04-15T10:00:00+09:00,J5,550,542,1092
2019-04-15T10:15:00+09:00,J1,934,867,1801
2019-04-15T10:15:00+09:00,J2,924,832,1756
2019-04-15T10:15:00+09:00,J3,836,800,1636
2019-04-15T10:15:00+09:00,J4,876,847,1723
2019-04-15T10:15:00+09:00,J5,560,588,1148
2019-04-15T10:30:00+09:00,J1,950,934,1884
2019-04-15T10:30:00+09:00,J2,928,751,1679
2019-04-15T10:30:00+09:00,J3,685,785,1470
2019-04-15T10:30:00+09:00,J4,895,907,1802
2019-04-15T10:30:00+09:00,J5,564,641,1205
2019-04-15T10:45:00+09:00,J1,963,997,1960
2019-04-15T10:45:00+09:00,J2,939,676,1615
2019-04-15T10:45:00+09:00,J3,723,732,1455
2019-04-15T10:45:00+09:00,J4,979,896,1875
2019-04-15T10:45:00+09:00,J5,610,632,1242
2019-04-15T11:00:00+09:00,J1,939,978,1917
2019-04-15T11:00:00+09:00,J2,876,657,1533
2019-04-15T11:00:00+09:00,J3,768,742,1510
2019-04-15T11:00:00+09:00,J4,911,862,1773
2019-04-15T11:00:00+09:00,J5,531,660,1191
2019-04-15T11:15:00+09:00,J1,974,1104,2078
2019-04-15T11:15:00+09:00,J2,811,707,1518
2019-04-15T11:15:00+09:00,J3,851,849,1700
2019-04-15T11:15:00+09:00,J4,831,821,1652
2019-04-15T11:15:00+09:00,J5,577,655,1232
2019-04-15T11:30:00+09:00,J1,1004,1036,2040
2019-04-15T11:30:00+09:00,J2,802,665,1467
2019-04-15T11:30:00+09:00,J3,721,824,1545
2019-04-15T11:30:00+09:00,J4,831,763,1594
2019-04-15T11:30:00+09:00,J5,558,638,1196
2019-04-15T11:45:00+09:00,J1,995,1107,2102
2019-04-15T11:45:00+09:00,J2,831,736,1567
2019-04-15T11:45:00+09:00,J3,783,796,1579
2019-04-15T11:45:00+09:00,J4,831,815,1646
2019-04-15T11:45:00+09:00,J5,530,530,1060
2019-04-15T12:00:00+09:00,J1,918,1058,1976
2019-04-15T12:00:00+09:00,J2,837,671,1508
2019-04-15T12:00:00+09:00,J3,910,851,1761
2019-04-15T12:00:00+09:00,J4,851,844,1695
2019-04-15T12:00:00+09:00,J5,576,580,1156
2019-04-15T12:15:00+09:00,J1,902,915,1817
2019-04-15T12:15:00+09:00,J2,788,715,1503
2019-04-15T12:15:00+09:00,J3,867,864,1731
2019-04-15T12:15:00+09:00,J4,849,964,1813
2019-04-15T12:15:00+09:00,J5,574,597,1171
2019-04-15T12:30:00+09:00,J1,914,941,1855
2019-04-15T12:30:00+09:00,J2,751,608,1359
2019-04-15T12:30:00+09:00,J3,879,849,1728
2019-04-15T12:30:00+09:00,J4,775,849,1624
2019-04-15T12:30:00+09:00,J5,528,585,1113
2019-04-15T12:45:00+09:00,J1,913,987,1900
2019-04-15T12:45:00+09:00,J2,746,698,1444
2019-04-15T12:45:00+09:00,J3,910,896,1806
2019-04-15T12:45:00+09:00,J4,772,790,1562
2019-04-15T12:45:00+09:00,J5,571,614,1185
2019-04-15T13:00:00+09:00,J1,920,974,1894
2019-04-15T13:00:00+09:00,J2,710,710,1420
2019-04-15T13:00:00+09:00,J3,920,813,1733
2019-04-15T13:00:00+09:00,J4,723,737,1460
2019-04-15T13:00:00+09:00,J5,586,640,1226
2019-04-15T13:15:00+09:00,J1,854,925,1779
2019-04-15T13:15:00+09:00,J2,712,703,1415
2019-04-15T13:15:00+09:00,J3,915,857,1772
2019-04-15T13:15:00+09:00,J4,717,824,1541
2019-04-15T13:15:00+09:00,J5,589,705,1294
2019-04-15T13:30:00+09:00,J1,796,943,1739
2019-04-15T13:30:00+09:00,J2,652,601,1253
2019-04-15T13:30:00+09:00,J3,926,847,1773
2019-04-15T13:30:00+09:00,J4,721,777,1498
2019-04-15T13:30:00+09:00,J5,546,633,1179
2019-04-15T13:45:00+09:00,J1,822,896,1718
2019-04-15T13:45:00+09:00,J2,623,654,1277
2019-04-15T13:45:00+09:00,J3,958,894,1852
2019-04-15T13:45:00+09:00,J4,681,818,1499
2019-04-15T13:45:00+09:00,J5,552,595,1147
2019-04-15T14:00:00+09:00,J1,777,850,1627
2019-04-15T14:00:00+09:00,J2,615,705,1320
2019-04-15T14:00:00+09:00,J3,926,831,1757
2019-04-15T14:00:00+09:00,J4,702,840,1542
2019-04-15T14:00:00+09:00,J5,625,666,1291
2019-04-15T14:15:00+09:00,J1,900,994,1894
2019-04-15T14:15:00+09:00,J2,669,808,1477
2019-04-15T14:15:00+09:00,J3,1081,1048,2129
2019-04-15T14:15:00+09:00,J4,726,820,1546
2019-04-15T14:15:00+09:00,J5,658,653,1311
2019-04-15T14:30:00+09:00,J1,918,1047,1965
2019-04-15T14:30:00+09:00,J2,649,748,1397
2019-04-15T14:30:00+09:00,J3,1246,1098,2344
2019-04-15T14:30:00+09:00,J4,798,864,1662
2019-04-15T14:30:00+09:00,J5,591,646,1237
2019-04-15T14:45:00+09:00,J1,907,1001,1908
2019-04-15T14:45:00+09:00,J2,638,753,1391
2019-04-15T14:45:00+09:00,J3,1169,891,2060
2019-04-15T14:45:00+09:00,J4,700,746,1446
2019-04-15T14:45:00+09:00,J5,550,669,1219
2019-04-15T15:00:00+09:00,J1,879,979,1858
2019-04-15T15:00:00+09:00,J2,694,774,1468
2019-04-15T15:00:00+09:00,J3,976,954,1930
2019-04-15T15:00:00+09:00,J4,660,814,1474
2019-04-15T15:00:00+09:00,J5,545,686,1231
2019-04-15T15:15:00+09:00,J1,1000,1138,2138
2019-04-15T15:15:00+09:00,J2,670,819,1489
2019-04-15T15:15:00+09:00,J3,983,960,1943
2019-04-15T15:15:00+09:00,J4,719,795,1514
2019-04-15T15:15:00+09:00,J5,606,705,1311
2019-04-15T15:30:00+09:00,J1,984,1183,2167
2019-04-15T15:30:00+09:00,J2,677,794,1471
2019-04-15T15:30:00+09:00,J3,995,948,1943
2019-04-15T15:30:00+09:00,J4,685,818,1503
2019-04-15T15:30:00+09:00,J5,594,754,1348
2019-04-15T15:45:00+09:00,J1,1063,1257,2320
2019-04-15T15:45:00+09:00,J2,690,802,1492
2019-04-15T15:45:00+09:00,J3,936,920,1856
2019-04-15T15:45:00+09:00,J4,741,802,1543
2019-04-15T15:45:00+09:00,J5,577,751,1328
2019-04-15T16:00:00+09:00,J1,1048,1140,2188
2019-04-15T16:00:00+09:00,J2,683,746,1429
2019-04-15T16:00:00+09:00,J3,984,956,1940
2019-04-15T16:00:00+09:00,J4,717,752,1469
2019-04-15T16:00:00+09:00,J5,590,671,1261
2019-04-15T16:15:00+09:00,J1,1002,1174,2176
2019-04-15T16:15:00+09:00,J2,738,801,1539
2019-04-15T16:15:00+09:00,J3,1000,890,1890
2019-04-15T16:15:00+09:00,J4,703,848,1551
2019-04-15T16:15:00+09:00,J5,602,668,1270
2019-04-15T16:30:00+09:00,J1,1009,1183,2192
2019-04-15T16:30:00+09:00,J2,774,781,1555
2019-04-15T16:30:00+09:00,J3,1023,1005,2028
2019-04-15T16:30:00+09:00,J4,694,846,1540
2019-04-15T16:30:00+09:00,J5,593,669,1262
2019-04-15T16:45:00+09:00,J1,1046,1103,2149
2019-04-15T16:45:00+09:00,J2,777,839,1616
2019-04-15T16:45:00+09:00,J3,1036,934,1970
2019-04-15T16:45:00+09:00,J4,725,846,1571
2019-04-15T16:45:00+09:00,J5,522,698,1220
2019-04-15T17:00:00+09:00,J1,1120,1325,2445
2019-04-15T17:00:00+09:00,J2,833,907,1740
2019-04-15T17:00:00+09:00,J3,1242,1063,2305
2019-04-15T17:00:00+09:00,J4,812,789,1601
2019-04-15T17:00:00+09:00,J5,612,748,1360
2019-04-15T17:15:00+09:00,J1,1130,1392,2522
2019-04-15T17:15:00+09:00,J2,844,1016,1860
2019-04-15T17:15:00+09:00,J3,1294,1130,2424
2019-04-15T17:15:00+09:00,J4,874,895,1769
2019-04-15T17:15:00+09:00,J5,686,851,1537
2019-04-15T17:30:00+09:00,J1,1154,1363,2517
2019-04-15T17:30:00+09:00,J2,875,1016,1891
2019-04-15T17:30:00+09:00,J3,1331,1183,2514
2019-04-15T17:30:00+09:00,J4,1002,890,1892
2019-04-15T17:30:00+09:00,J5,659,831,1490
2019-04-15T17:45:00+09:00,J1,1217,1302,2519
2019-04-15T17:45:00+09:00,J2,850,1022,1872
2019-04-15T17:45:00+09:00,J3,1412,1163,2575
2019-04-15T17:45:00+09:00,J4,1003,894,1897
2019-04-15T17:45:00+09:00,J5,650,939,1589
2019-04-15T18:00:00+09:00,J1,1316,1438,2754
2019-04-15T18:00:00+09:00,J2,943,1048,1991
2019-04-15T18:00:00+09:00,J3,1431,1132,2563
2019-04-15T18:00:00+09:00,J4,989,864,1853
2019-04-15T18:00:00+09:00,J5,662,917,1579
2019-04-15T18:15:00+09:00,J1,1166,1349,2515
2019-04-15T18:15:00+09:00,J2,887,1034,1921
2019-04-15T18:15:00+09:00,J3,1385,1226,2611
2019-04-15T18:15:00+09:00,J4,1102,924,2026
2019-04-15T18:15:00+09:00,J5,712,899,1611
2019-04-15T18:30:00+09:00,J1,1168,1238,2406
2019-04-15T18:30:00+09:00,J2,853,871,1724
2019-04-15T18:30:00+09:00,J3,1187,1061,2248
2019-04-15T18:30:00+09:00,J4,962,919,1881
2019-04-15T18:30:00+09:00,J5,680,760,1440
2019-04-15T18:45:00+09:00,J1,1145,1267,2412
2019-04-15T18:45:00+09:00,J2,1018,885,1903
2019-04-15T18:45:00+09:00,J3,1154,1046,2200
2019-04-15T18:45:00+09:00,J4,991,914,1905
2019-04-15T18:45:00+09:00,J5,681,750,1431
2019-04-15T19:00:00+09:00,J1,1085,1157,2242
2019-04-15T19:00:00+09:00,J2,894,754,1648
2019-04-15T19:00:00+09:00,J3,1092,1012,2104
2019-04-15T19:00:00+09:00,J4,1010,915,1925
2019-04-15T19:00:00+09:00,J5,652,811,1463
2019-04-15T19:15:00+09:00,J1,1126,1224,2350
2019-04-15T19:15:00+09:00,J2,778,735,1513
2019-04-15T19:15:00+09:00,J3,1185,1028,2213
2019-04-15T19:15:00+09:00,J4,1041,823,1864
2019-04-15T19:15:00+09:00,J5,716,822,1538
2019-04-15T19:30:00+09:00,J1,964,1125,2089
2019-04-15T19:30:00+09:00,J2,802,711,1513
2019-04-15T19:30:00+09:00,J3,1158,1130,2288
2019-04-15T19:30:00+09:00,J4,1049,835,1884
2019-04-15T19:30:00+09:00,J5,653,796,1449
2019-04-15T19:45:00+09:00,J1,926,1183,2109
2019-04-15T19:45:00+09:00,J2,843,709,1552
2019-04-15T19:45:00+09:00,J3,1043,1088,2131
2019-04-15T19:45:00+09:00,J4,908,835,1743
2019-04-15T19:45:00+09:00,J5,625,775,1400
2019-04-15T20:00:00+09:00,J1,916,1109,2025
2019-04-15T20:00:00+09:00,J2,803,764,1567
2019-04-15T20:00:00+09:00,J3,1085,1054,2139
2019-04-15T20:00:00+09:00,J4,1014,925,1939
2019-04-15T20:00:00+09:00,J5,672,720,1392
2019-04-15T20:15:00+09:00,J1,1007,1126,2133
2019-04-15T20:15:00+09:00,J2,873,716,1589
2019-04-15T20:15:00+09:00,J3,1204,1167,2371
2019-04-15T20:15:00+09:00,J4,1005,890,1895
2019-04-15T20:15:00+09:00,J5,573,682,1255
2019-04-15T20:30:00+09:00,J1,952,1119,2071
2019-04-15T20:30:00+09:00,J2,850,668,1518
2019-04-15T20:30:00+09:00,J3,1163,1075,2238
2019-04-15T20:30:00+09:00,J4,981,925,1906
2019-04-15T20:30:00+09:00,J5,615,724,1339
2019-04-15T20:45:00+09:00,J1,926,1079,2005
2019-04-15T20:45:00+09:00,J2,954,691,1645
2019-04-15T20:45:00+09:00,J3,1152,1114,2266
2019-04-15T20:45:00+09:00,J4,980,834,1814
2019-04-15T20:45:00+09:00,J5,560,683,1243
2019-04-15T21:00:00+09:00,J1,996,1123,2119
2019-04-15T21:00:00+09:00,J2,826,740,1566
2019-04-15T21:00:00+09:00,J3,983,993,1976
2019-04-15T21:00:00+09:00,J4,946,842,1788
2019-04-15T21:00:00+09:00,J5,482,644,1126
2019-04-15T21:15:00+09:00,J1,1005,1265,2270
2019-04-15T21:15:00+09:00,J2,886,701,1587
2019-04-15T21:15:00+09:00,J3,987,961,1948
2019-04-15T21:15:00+09:00,J4,907,787,1694
2019-04-15T21:15:00+09:00,J5,540,670,1210
2019-04-15T21:30:00+09:00,J1,1081,1222,2303
2019-04-15T21:30:00+09:00,J2,897,842,1739
2019-04-15T21:30:00+09:00,J3,912,998,1910
2019-04-15T21:30:00+09:00,J4,868,834,1702
2019-04-15T21:30:00+09:00,J5,444,462,906
2019-04-15T21:45:00+09:00,J1,1023,1013,2036
2019-04-15T21:45:00+09:00,J2,790,827,1617
2019-04-15T21:45:00+09:00,J3,941,943,1884
2019-04-15T21:45:00+09:00,J4,874,804,1678
2019-04-15T21:45:00+09:00,J5,441,448,889
2019-04-15T22:00:00+09:00,J1,917,1036,1953
2019-04-15T22:00:00+09:00,J2,673,796,1469
2019-04-15T22:00:00+09:00,J3,991,866,1857
2019-04-15T22:00:00+09:00,J4,846,744,1590
2019-04-15T22:00:00+09:00,J5,378,385,763
2019-04-15T22:15:00+09:00,J1,888,946,1834
2019-04-15T22:15:00+09:00,J2,588,737,1325
2019-04-15T22:15:00+09:00,J3,978,963,1941
2019-04-15T22:15:00+09:00,J4,846,712,1558
2019-04-15T22:15:00+09:00,J5,365,400,765
2019-04-15T22:30:00+09:00,J1,908,877,1785
2019-04-15T22:30:00+09:00,J2,584,623,1207
2019-04-15T22:30:00+09:00,J3,941,945,1886
2019-04-15T22:30:00+09:00,J4,842,730,1572
2019-04-15T22:30:00+09:00,J5,329,321,650
2019-04-15T22:45:00+09:00,J1,868,927,1795
2019-04-15T22:45:00+09:00,J2,590,654,1244
2019-04-15T22:45:00+09:00,J3,1058,955,2013
2019-04-15T22:45:00+09:00,J4,758,748,1506
2019-04-15T22:45:00+09:00,J5,322,271,593
2019-04-15T23:00:00+09:00,J1,818,909,1727
2019-04-15T23:00:00+09:00,J2,563,615,1178
2019-04-15T23:00:00+09:00,J3,1041,907,1948
2019-04-15T23:00:00+09:00,J4,704,722,1426
2019-04-15T23:00:00+09:00,J5,281,292,573
2019-04-15T23:15:00+09:00,J1,813,852,1665
2019-04-15T23:15:00+09:00,J2,475,550,1025
2019-04-15T23:15:00+09:00,J3,1011,953,1964
2019-04-15T23:15:00+09:00,J4,767,734,1501
2019-04-15T23:15:00+09:00,J5,291,267,558
2019-04-15T23:30:00+09:00,J1,804,750,1554
2019-04-15T23:30:00+09:00,J2,555,618,1173
2019-04-15T23:30:00+09:00,J3,976,989,1965
2019-04-15T23:30:00+09:00,J4,755,731,1486
2019-04-15T23:30:00+09:00,J5,306,275,581
2019-04-15T23:45:00+09:00,J1,771,846,1617
2019-04-15T23:45:00+09:00,J2,521,545,1066
2019-04-15T23:45:00+09:00,J3,955,1010,1965
2019-04-15T23:45:00+09:00,J4,757,659,1416
2019-04-15T23:45:00+09:00,J5,291,264,555
2019-04-16T00:00:00+09:00,J1,659,595,1254
2019-04-16T00:00:00+09:00,J2,444,441,885
2019-04-16T00:00:00+09:00,J3,960,872,1832
2019-04-16T00:00:00+09:00,J4,741,651,1392
2019-04-16T00:00:00+09:00,J5,250,313,563
2019-04-16T00:15:00+09:00,J1,519,494,1013
2019-04-16T00:15:00+09:00,J2,425,434,859
2019-04-16T00:15:00+09:00,J3,800,701,1501
2019-04-16T00:15:00+09:00,J4,647,593,1240
2019-04-16T00:15:00+09:00,J5,298,310,608
2019-04-16T00:30:00+09:00,J1,289,290,579
2019-04-16T00:30:00+09:00,J2,337,375,712
2019-04-16T00:30:00+09:00,J3,598,510,1108
2019-04-16T00:30:00+09:00,J4,405,399,804
2019-04-16T00:30:00+09:00,J5,241,258,499
2019-04-16T00:45:00+09:00,J1,472,533,1005
2019-04-16T00:45:00+09:00,J2,519,622,1141
2019-04-16T00:45:00+09:00,J3,938,822,1760
2019-04-16T00:45:00+09:00,J4,584,652,1236
2019-04-16T00:45:00+09:00,J5,346,323,669
2019-04-16T05:45:00+09:00,J1,503,518,1021
2019-04-16T05:45:00+09:00,J2,474,488,962
2019-04-16T05:45:00+09:00,J3,597,575,1172
2019-04-16T05:45:00+09:00,J4,366,447,813
2019-04-16T05:45:00+09:00,J5,321,312,633
2019-04-16T06:00:00+09:00,J1,542,467,1009
2019-04-16T06:00:00+09:00,J2,429,494,923
2019-04-16T06:00:00+09:00,J3,776,682,1458
2019-04-16T06:00:00+09:00,J4,372,431,803
2019-04-16T06:00:00+09:00,J5,314,252,566
2019-04-16T06:15:00+09:00,J1,584,578,1162
2019-04-16T06:15:00+09:00,J2,508,502,1010
2019-04-16T06:15:00+09:00,J3,866,781,1647
2019-04-16T06:15:00+09:00,J4,361,511,872
2019-04-16T06:15:00+09:00,J5,314,253,567
2019-04-16T06:30:00+09:00,J1,629,670,1299
2019-04-16T06:30:00+09:00,J2,551,616,1167
2019-04-16T06:30:00+09:00,J3,766,754,1520
2019-04-16T06:30:00+09:00,J4,360,441,801
2019-04-16T06:30:00+09:00,J5,340,233,573
2019-04-16T06:45:00+09:00,J1,779,735,1514
2019-04-16T06:45:00+09:00,J2,537,657,1194
2019-04-16T06:45:00+09:00,J3,944,774,1718
2019-04-16T06:45:00+09:00,J4,451,550,1001
2019-04-16T06:45:00+09:00,J5,312,235,547
2019-04-16T07:00:00+09:00,J1,924,813,1737
2019-04-16T07:00:00+09:00,J2,613,592,1205
2019-04-16T07:00:00+09:00,J3,999,906,1905
2019-04-16T07:00:00+09:00,J4,577,639,1216
2019-04-16T07:00:00+09:00,J5,307,280,587
2019-04-16T07:15:00+09:00,J1,892,777,1669
2019-04-16T07:15:00+09:00,J2,662,653,1315
2019-04-16T07:15:00+09:00,J3,1065,929,1994
2019-04-16T07:15:00+09:00,J4,651,749,1400
2019-04-16T07:15:00+09:00,J5,334,295,629
2019-04-16T07:30:00+09:00,J1,854,854,1708
2019-04-16T07:30:00+09:00,J2,805,775,1580
2019-04-16T07:30:00+09:00,J3,832,917,1749
2019-04-16T07:30:00+09:00,J4,747,905,1652
2019-04-16T07:30:00+09:00,J5,418,388,806
2019-04-16T07:45:00+09:00,J1,1035,923,1958
2019-04-16T07:45:00+09:00,J2,940,740,1680
2019-04-16T07:45:00+09:00,J3,901,893,1794
2019-04-16T07:45:00+09:00,J4,874,968,1842
2019-04-16T07:45:00+09:00,J5,569,589,1158
2019-04-16T08:00:00+09:00,J1,1310,1141,2451
2019-04-16T08:00:00+09:00,J2,1012,684,1696
2019-04-16T08:00:00+09:00,J3,931,1243,2174
2019-04-16T08:00:00+09:00,J4,919,1029,1948
2019-04-16T08:00:00+09:00,J5,609,724,1333
2019-04-16T08:15:00+09:00,J1,1398,1200,2598
2019-04-16T08:15:00+09:00,J2,1070,659,1729
2019-04-16T08:15:00+09:00,J3,1041,1295,2336
2019-04-16T08:15:00+09:00,J4,906,1112,2018
2019-04-16T08:15:00+09:00,J5,597,689,1286
2019-04-16T08:30:00+09:00,J1,1384,1197,2581
2019-04-16T08:30:00+09:00,J2,994,559,1553
2019-04-16T08:30:00+09:00,J3,1044,1177,2221
2019-04-16T08:30:00+09:00,J4,856,1079,1935
2019-04-16T08:30:00+09:00,J5,580,598,1178
2019-04-16T08:45:00+09:00,J1,1255,1087,2342
2019-04-16T08:45:00+09:00,J2,797,579,1376
2019-04-16T08:45:00+09:00,J3,706,896,1602
2019-04-16T08:45:00+09:00,J4,816,893,1709
2019-04-16T08:45:00+09:00,J5,610,627,1237
2019-04-16T09:00:00+09:00,J1,1143,1055,2198
2019-04-16T09:00:00+09:00,J2,757,704,1461
2019-04-16T09:00:00+09:00,J3,621,758,1379
2019-04-16T09:00:00+09:00,J4,769,938,1707
2019-04-16T09:00:00+09:00,J5,563,598,1161
2019-04-16T09:15:00+09:00,J1,1059,985,2044
2019-04-16T09:15:00+09:00,J2,818,592,1410
2019-04-16T09:15:00+09:00,J3,737,757,1494
2019-04-16T09:15:00+09:00,J4,868,892,1760
2019-04-16T09:15:00+09:00,J5,560,592,1152
2019-04-16T09:30:00+09:00,J1,1015,1036,2051
2019-04-16T09:30:00+09:00,J2,900,636,1536
2019-04-16T09:30:00+09:00,J3,719,749,1468
2019-04-16T09:30:00+09:00,J4,978,865,1843
2019-04-16T09:30:00+09:00,J5,613,656,1269
2019-04-16T09:45:00+09:00,J1,1020,880,1900
2019-04-16T09:45:00+09:00,J2,800,613,1413
2019-04-16T09:45:00+09:00,J3,725,760,1485
2019-04-16T09:45:00+09:00,J4,831,739,1570
2019-04-16T09:45:00+09:00,J5,604,618,1222
2019-04-16T10:00:00+09:00,J1,986,920,1906
2019-04-16T10:00:00+09:00,J2,765,576,1341
2019-04-16T10:00:00+09:00,J3,623,586,1209
2019-04-16T10:00:00+09:00,J4,778,801,1579
2019-04-16T10:00:00+09:00,J5,528,594,1122
2019-04-16T10:15:00+09:00,J1,977,925,1902
2019-04-16T10:15:00+09:00,J2,775,598,1373
2019-04-16T10:15:00+09:00,J3,523,631,1154
2019-04-16T10:15:00+09:00,J4,784,801,1585
2019-04-16T10:15:00+09:00,J5,517,615,1132
2019-04-16T10:30:00+09:00,J1,908,984,1892
2019-04-16T10:30:00+09:00,J2,741,602,1343
2019-04-16T10:30:00+09:00,J3,644,572,1216
2019-04-16T10:30:00+09:00,J4,786,800,1586
2019-04-16T10:30:00+09:00,J5,568,653,1221
2019-04-16T10:45:00+09:00,J1,914,917,1831
2019-04-16T10:45:00+09:00,J2,770,587,1357
2019-04-16T10:45:00+09:00,J3,617,625,1242
2019-04-16T10:45:00+09:00,J4,773,838,1611
2019-04-16T10:45:00+09:00,J5,504,645,1149
2019-04-16T11:00:00+09:00,J1,963,1057,2020
2019-04-16T11:00:00+09:00,J2,741,623,1364
2019-04-16T11:00:00+09:00,J3,617,585,1202
2019-04-16T11:00:00+09:00,J4,816,812,1628
2019-04-16T11:00:00+09:00,J5,548,624,1172
2019-04-16T11:15:00+09:00,J1,1025,1078,2103
2019-04-16T11:15:00+09:00,J2,694,602,1296
2019-04-16T11:15:00+09:00,J3,745,762,1507
2019-04-16T11:15:00+09:00,J4,776,837,1613
2019-04-16T11:15:00+09:00,J5,579,604,1183
2019-04-16T11:30:00+09:00,J1,997,1076,2073
2019-04-16T11:30:00+09:00,J2,624,537,1161
2019-04-16T11:30:00+09:00,J3,852,828,1680
2019-04-16T11:30:00+09:00,J4,742,848,1590
2019-04-16T11:30:00+09:00,J5,563,630,1193
2019-04-16T11:45:00+09:00,J1,939,1054,1993
2019-04-16T11:45:00+09:00,J2,576,515,1091
2019-04-16T11:45:00+09:00,J3,870,789,1659
2019-04-16T11:45:00+09:00,J4,738,806,1544
2019-04-16T11:45:00+09:00,J5,525,550,1075
2019-04-16T12:00:00+09:00,J1,865,1060,1925
2019-04-16T12:00:00+09:00,J2,619,659,1278
2019-04-16T12:00:00+09:00,J3,936,868,1804
2019-04-16T12:00:00+09:00,J4,730,786,1516
2019-04-16T12:00:00+09:00,J5,542,559,1101
2019-04-16T12:15:00+09:00,J1,792,903,1695
2019-04-16T12:15:00+09:00,J2,533,651,1184
2019-04-16T12:15:00+09:00,J3,1035,886,1921
2019-04-16T12:15:00+09:00,J4,707,798,1505
2019-04-16T12:15:00+09:00,J5,514,501,1015
2019-04-16T12:30:00+09:00,J1,639,756,1395
2019-04-16T12:30:00+09:00,J2,651,735,1386
2019-04-16T12:30:00+09:00,J3,1012,1012,2024
2019-04-16T12:30:00+09:00,J4,698,826,1524
2019-04-16T12:30:00+09:00,J5,535,535,1070
2019-04-16T12:45:00+09:00,J1,603,709,1312
2019-04-16T12:45:00+09:00,J2,537,700,1237
2019-04-16T12:45:00+09:00,J3,1024,1008,2032
2019-04-16T12:45:00+09:00,J4,707,798,1505
2019-04-16T12:45:00+09:00,J5,483,481,964
2019-04-16T13:00:00+09:00,J1,699,779,1478
2019-04-16T13:00:00+09:00,J2,566,709,1275
2019-04-16T13:00:00+09:00,J3,1072,1043,2115
2019-04-16T13:00:00+09:00,J4,679,802,1481
2019-04-16T13:00:00+09:00,J5,501,497,998
2019-04-16T13:15:00+09:00,J1,864,887,1751
2019-04-16T13:15:00+09:00,J2,602,757,1359
2019-04-16T13:15:00+09:00,J3,1170,975,2145
2019-04-16T13:15:00+09:00,J4,685,726,1411
2019-04-16T13:15:00+09:00,J5,449,479,928
2019-04-16T13:30:00+09:00,J1,879,886,1765
2019-04-16T13:30:00+09:00,J2,583,747,1330
2019-04-16T13:30:00+09:00,J3,1078,995,2073
2019-04-16T13:30:00+09:00,J4,592,678,1270
2019-04-16T13:30:00+09:00,J5,444,396,840
2019-04-16T13:45:00+09:00,J1,852,881,1733
2019-04-16T13:45:00+09:00,J2,585,655,1240
2019-04-16T13:45:00+09:00,J3,1008,1048,2056
2019-04-16T13:45:00+09:00,J4,586,706,1292
2019-04-16T13:45:00+09:00,J5,446,467,913
2019-04-16T14:00:00+09:00,J1,835,831,1666
2019-04-16T14:00:00+09:00,J2,544,670,1214
2019-04-16T14:00:00+09:00,J3,1055,1034,2089
2019-04-16T14:00:00+09:00,J4,566,706,1272
2019-04-16T14:00:00+09:00,J5,428,428,856
2019-04-16T14:15:00+09:00,J1,740,869,1609
2019-04-16T14:15:00+09:00,J2,551,637,1188
2019-04-16T14:15:00+09:00,J3,1023,966,1989
2019-04-16T14:15:00+09:00,J4,639,740,1379
2019-04-16T14:15:00+09:00,J5,380,407,787
2019-04-16T14:30:00+09:00,J1,786,874,1660
2019-04-16T14:30:00+09:00,J2,586,713,1299
2019-04-16T14:30:00+09:00,J3,1066,1074,2140
2019-04-16T14:30:00+09:00,J4,653,731,1384
2019-04-16T14:30:00+09:00,J5,439,434,873
2019-04-16T14:45:00+09:00,J1,913,918,1831
2019-04-16T14:45:00+09:00,J2,565,604,1169
2019-04-16T14:45:00+09:00,J3,1024,994,2018
2019-04-16T14:45:00+09:00,J4,624,658,1282
2019-04-16T14:45:00+09:00,J5,379,415,794
2019-04-16T15:00:00+09:00,J1,824,838,1662
2019-04-16T15:00:00+09:00,J2,566,667,1233
2019-04-16T15:00:00+09:00,J3,977,1000,1977
2019-04-16T15:00:00+09:00,J4,575,647,1222
2019-04-16T15:00:00+09:00,J5,477,417,894
2019-04-16T15:15:00+09:00,J1,950,988,1938
2019-04-16T15:15:00+09:00,J2,572,669,1241
2019-04-16T15:15:00+09:00,J3,1052,1005,2057
2019-04-16T15:15:00+09:00,J4,615,668,1283
2019-04-16T15:15:00+09:00,J5,421,380,801
2019-04-16T15:30:00+09:00,J1,805,876,1681
2019-04-16T15:30:00+09:00,J2,592,631,1223
2019-04-16T15:30:00+09:00,J3,1115,992,2107
2019-04-16T15:30:00+09:00,J4,628,765,1393
2019-04-16T15:30:00+09:00,J5,395,346,741
2019-04-16T15:45:00+09:00,J1,844,962,1806
2019-04-16T15:45:00+09:00,J2,579,638,1217
2019-04-16T15:45:00+09:00,J3,1041,1046,2087
2019-04-16T15:45:00+09:00,J4,623,677,1300
2019-04-16T15:45:00+09:00,J5,420,397,817
2019-04-16T16:00:00+09:00,J1,823,912,1735
2019-04-16T16:00:00+09:00,J2,573,660,1233
2019-04-16T16:00:00+09:00,J3,1054,955,2009
2019-04-16T16:00:00+09:00,J4,657,676,1333
2019-04-16T16:00:00+09:00,J5,409,391,800
2019-04-16T16:15:00+09:00,J1,853,899,1752
2019-04-16T16:15:00+09:00,J2,562,640,1202
2019-04-16T16:15:00+09:00,J3,1072,1003,2075
2019-04-16T16:15:00+09:00,J4,626,730,1356
2019-04-16T16:15:00+09:00,J5,416,377,793
2019-04-16T16:30:00+09:00,J1,722,951,1673
2019-04-16T16:30:00+09:00,J2,630,665,1295
2019-04-16T16:30:00+09:00,J3,1046,997,2043
2019-04-16T16:30:00+09:00,J4,717,735,1452
2019-04-16T16:30:00+09:00,J5,393,352,745
2019-04-16T16:45:00+09:00,J1,813,954,1767
2019-04-16T16:45:00+09:00,J2,611,669,1280
2019-04-16T16:45:00+09:00,J3,1080,1021,2101
2019-04-16T16:45:00+09:00,J4,711,780,1491
2019-04-16T16:45:00+09:00,J5,395,339,734
2019-04-16T17:00:00+09:00,J1,648,899,1547
2019-04-16T17:00:00+09:00,J2,631,761,1392
2019-04-16T17:00:00+09:00,J3,1162,1117,2279
2019-04-16T17:00:00+09:00,J4,733,672,1405
2019-04-16T17:00:00+09:00,J5,471,428,899
2019-04-16T17:15:00+09:00,J1,690,945,1635
2019-04-16T17:15:00+09:00,J2,623,785,1408
2019-04-16T17:15:00+09:00,J3,1028,1094,2122
2019-04-16T17:15:00+09:00,J4,911,827,1738
2019-04-16T17:15:00+09:00,J5,428,404,832
2019-04-16T17:30:00+09:00,J1,670,919,1589
2019-04-16T17:30:00+09:00,J2,682,885,1567
2019-04-16T17:30:00+09:00,J3,678,755,1433
2019-04-16T17:30:00+09:00,J4,910,873,1783
2019-04-16T17:30:00+09:00,J5,463,476,939
2019-04-16T17:45:00+09:00,J1,646,907,1553
2019-04-16T17:45:00+09:00,J2,796,946,1742
2019-04-16T17:45:00+09:00,J3,669,645,1314
2019-04-16T17:45:00+09:00,J4,968,801,1769
2019-04-16T17:45:00+09:00,J5,431,419,850
2019-04-16T18:00:00+09:00,J1,722,900,1622
2019-04-16T18:00:00+09:00,J2,806,920,1726
2019-04-16T18:00:00+09:00,J3,748,720,1468
2019-04-16T18:00:00+09:00,J4,951,755,1706
2019-04-16T18:00:00+09:00,J5,407,420,827
2019-04-16T18:15:00+09:00,J1,768,957,1725
2019-04-16T18:15:00+09:00,J2,836,905,1741
2019-04-16T18:15:00+09:00,J3,739,690,1429
2019-04-16T18:15:00+09:00,J4,919,758,1677
2019-04-16T18:15:00+09:00,J5,469,463,932
2019-04-16T18:30:00+09:00,J1,685,924,1609
2019-04-16T18:30:00+09:00,J2,670,856,1526
2019-04-16T18:30:00+09:00,J3,747,617,1364
2019-04-16T18:30:00+09:00,J4,920,701,1621
2019-04-16T18:30:00+09:00,J5,386,465,851
2019-04-16T18:45:00+09:00,J1,610,797,1407
2019-04-16T18:45:00+09:00,J2,627,829,1456
2019-04-16T18:45:00+09:00,J3,729,612,1341
2019-04-16T18:45:00+09:00,J4,857,707,1564
2019-04-16T18:45:00+09:00,J5,431,482,913
2019-04-16T19:00:00+09:00,J1,703,932,1635
2019-04-16T19:00:00+09:00,J2,565,687,1252
2019-04-16T19:00:00+09:00,J3,647,625,1272
2019-04-16T19:00:00+09:00,J4,754,756,1510
2019-04-16T19:00:00+09:00,J5,468,474,942
2019-04-16T19:15:00+09:00,J1,727,948,1675
2019-04-16T19:15:00+09:00,J2,623,758,1381
2019-04-16T19:15:00+09:00,J3,669,654,1323
2019-04-16T19:15:00+09:00,J4,813,776,1589
2019-04-16T19:15:00+09:00,J5,397,446,843
2019-04-16T19:30:00+09:00,J1,643,741,1384
2019-04-16T19:30:00+09:00,J2,499,602,1101
2019-04-16T19:30:00+09:00,J3,803,694,1497
2019-04-16T19:30:00+09:00,J4,644,524,1168
2019-04-16T19:30:00+09:00,J5,392,396,788
2019-04-16T19:45:00+09:00,J1,789,984,1773
2019-04-16T19:45:00+09:00,J2,503,605,1108
2019-04-16T19:45:00+09:00,J3,990,877,1867
2019-04-16T19:45:00+09:00,J4,668,642,1310
2019-04-16T19:45:00+09:00,J5,429,443,872
2019-04-16T20:00:00+09:00,J1,559,698,1257
2019-04-16T20:00:00+09:00,J2,500,597,1097
2019-04-16T20:00:00+09:00,J3,968,928,1896
2019-04-16T20:00:00+09:00,J4,683,710,1393
2019-04-16T20:00:00+09:00,J5,462,492,954
2019-04-16T20:15:00+09:00,J1,741,937,1678
2019-04-16T20:15:00+09:00,J2,480,563,1043
2019-04-16T20:15:00+09:00,J3,1021,895,1916
2019-04-16T20:15:00+09:00,J4,742,720,1462
2019-04-16T20:15:00+09:00,J5,496,493,989
2019-04-16T20:30:00+09:00,J1,736,963,1699
2019-04-16T20:30:00+09:00,J2,511,569,1080
2019-04-16T20:30:00+09:00,J3,1007,922,1929
2019-04-16T20:30:00+09:00,J4,652,710,1362
2019-04-16T20:30:00+09:00,J5,471,468,939
2019-04-16T20:45:00+09:00,J1,814,853,1667
2019-04-16T20:45:00+09:00,J2,455,591,1046
2019-04-16T20:45:00+09:00,J3,892,879,1771
2019-04-16T20:45:00+09:00,J4,604,649,1253
2019-04-16T20:45:00+09:00,J5,431,424,855
2019-04-16T21:00:00+09:00,J1,658,687,1345
2019-04-16T21:00:00+09:00,J2,438,565,1003
2019-04-16T21:00:00+09:00,J3,923,884,1807
2019-04-16T21:00:00+09:00,J4,672,689,1361
2019-04-16T21:00:00+09:00,J5,482,422,904
2019-04-16T21:15:00+09:00,J1,653,667,1320
2019-04-16T21:15:00+09:00,J2,446,544,990
2019-04-16T21:15:00+09:00,J3,965,874,1839
2019-04-16T21:15:00+09:00,J4,658,639,1297
2019-04-16T21:15:00+09:00,J5,433,397,830
2019-04-16T21:30:00+09:00,J1,622,658,1280
2019-04-16T21:30:00+09:00,J2,346,493,839
2019-04-16T21:30:00+09:00,J3,927,843,1770
2019-04-16T21:30:00+09:00,J4,617,643,1260
2019-04-16T21:30:00+09:00,J5,443,393,836
2019-04-16T21:45:00+09:00,J1,637,636,1273
2019-04-16T21:45:00+09:00,J2,354,476,830
2019-04-16T21:45:00+09:00,J3,879,729,1608
2019-04-16T21:45:00+09:00,J4,693,658,1351
2019-04-16T21:45:00+09:00,J5,447,409,856
2019-04-16T22:00:00+09:00,J1,674,585,1259
2019-04-16T22:00:00+09:00,J2,392,443,835
2019-04-16T22:00:00+09:00,J3,794,718,1512
2019-04-16T22:00:00+09:00,J4,597,648,1245
2019-04-16T22:00:00+09:00,J5,436,390,826
2019-04-16T22:15:00+09:00,J1,597,620,1217
2019-04-16T22:15:00+09:00,J2,362,461,823
2019-04-16T22:15:00+09:00,J3,731,632,1363
2019-04-16T22:15:00+09:00,J4,594,710,1304
2019-04-16T22:15:00+09:00,J5,432,415,847
2019-04-16T22:30:00+09:00,J1,607,636,1243
2019-04-16T22:30:00+09:00,J2,451,468,919
2019-04-16T22:30:00+09:00,J3,727,614,1341
2019-04-16T22:30:00+09:00,J4,626,670,1296
2019-04-16T22:30:00+09:00,J5,409,393,802
2019-04-16T22:45:00+09:00,J1,553,603,1156
2019-04-16T22:45:00+09:00,J2,442,527,969
2019-04-16T22:45:00+09:00,J3,623,584,1207
2019-04-16T22:45:00+09:00,J4,635,647,1282
2019-04-16T22:45:00+09:00,J5,381,379,760
2019-04-16T23:00:00+09:00,J1,639,615,1254
2019-04-16T23:00:00+09:00,J2,457,552,1009
2019-04-16T23:00:00+09:00,J3,614,532,1146
2019-04-16T23:00:00+09:00,J4,634,667,1301
2019-04-16T23:00:00+09:00,J5,423,427,850
2019-04-16T23:15:00+09:00,J1,538,620,1158
2019-04-16T23:15:00+09:00,J2,566,616,1182
2019-04-16T23:15:00+09:00,J3,648,537,1185
2019-04-16T23:15:00+09:00,J4,550,636,1186
2019-04-16T23:15:00+09:00,J5,360,466,826
2019-04-16T23:30:00+09:00,J1,546,615,1161
2019-04-16T23:30:00+09:00,J2,634,618,1252
2019-04-16T23:30:00+09:00,J3,523,562,1085
2019-04-16T23:30:00+09:00,J4,502,623,1125
2019-04-16T23:30:00+09:00,J5,392,450,842
2019-04-16T23:45:00+09:00,J1,524,548,1072
2019-04-16T23:45:00+09:00,J2,503,536,1039
2019-04-16T23:45:00+09:00,J3,529,457,986
2019-04-16T23:45:00+09:00,J4,479,554,1033
2019-04-16T23:45:00+09:00,J5,462,563,1025
2019-04-17T00:00:00+09:00,J1,492,485,977
2019-04-17T00:00:00+09:00,J2,508,462,970
2019-04-17T00:00:00+09:00,J3,518,440,958
2019-04-17T00:00:00+09:00,J4,486,516,1002
2019-04-17T00:00:00+09:00,J5,452,516,968
2019-04-17T00:15:00+09:00,J1,474,422,896
2019-04-17T00:15:00+09:00,J2,560,470,1030
2019-04-17T00:15:00+09:00,J3,396,397,793
2019-04-17T00:15:00+09:00,J4,453,620,1073
2019-04-17T00:15:00+09:00,J5,524,582,1106
2019-04-17T00:30:00+09:00,J1,482,322,804
2019-04-17T00:30:00+09:00,J2,669,518,1187
2019-04-17T00:30:00+09:00,J3,413,403,816
2019-04-17T00:30:00+09:00,J4,578,599,1177
2019-04-17T00:30:00+09:00,J5,442,495,937
2019-04-17T00:45:00+09:00,J1,505,375,880
2019-04-17T00:45:00+09:00,J2,639,532,1171
2019-04-17T00:45:00+09:00,J3,369,381,750
2019-04-17T00:45:00+09:00,J4,595,644,1239
2019-04-17T00:45:00+09:00,J5,409,476,885
2019-04-17T05:45:00+09:00,J1,726,658,1384
2019-04-17T05:45:00+09:00,J2,616,624,1240
2019-04-17T05:45:00+09:00,J3,1154,902,2056
2019-04-17T05:45:00+09:00,J4,682,696,1378
2019-04-17T05:45:00+09:00,J5,312,346,658
2019-04-17T06:00:00+09:00,J1,618,622,1240
2019-04-17T06:00:00+09:00,J2,584,664,1248
2019-04-17T06:00:00+09:00,J3,998,886,1884
2019-04-17T06:00:00+09:00,J4,665,620,1285
2019-04-17T06:00:00+09:00,J5,228,241,469
2019-04-17T06:15:00+09:00,J1,626,669,1295
2019-04-17T06:15:00+09:00,J2,638,681,1319
2019-04-17T06:15:00+09:00,J3,931,854,1785
2019-04-17T06:15:00+09:00,J4,741,640,1381
2019-04-17T06:15:00+09:00,J5,296,294,590
2019-04-17T06:30:00+09:00,J1,602,648,1250
2019-04-17T06:30:00+09:00,J2,627,728,1355
2019-04-17T06:30:00+09:00,J3,846,838,1684
2019-04-17T06:30:00+09:00,J4,698,627,1325
2019-04-17T06:30:00+09:00,J5,316,300,616
2019-04-17T06:45:00+09:00,J1,683,653,1336
2019-04-17T06:45:00+09:00,J2,647,688,1335
2019-04-17T06:45:00+09:00,J3,862,786,1648
2019-04-17T06:45:00+09:00,J4,717,760,1477
2019-04-17T06:45:00+09:00,J5,341,309,650
2019-04-17T07:00:00+09:00,J1,712,739,1451
2019-04-17T07:00:00+09:00,J2,790,701,1491
2019-04-17T07:00:00+09:00,J3,826,763,1589
2019-04-17T07:00:00+09:00,J4,690,695,1385
2019-04-17T07:00:00+09:00,J5,345,390,735
2019-04-17T07:15:00+09:00,J1,797,729,1526
2019-04-17T07:15:00+09:00,J2,799,632,1431
2019-04-17T07:15:00+09:00,J3,657,763,1420
2019-04-17T07:15:00+09:00,J4,747,763,1510
2019-04-17T07:15:00+09:00,J5,416,373,789
2019-04-17T07:30:00+09:00,J1,930,796,1726
2019-04-17T07:30:00+09:00,J2,684,601,1285
2019-04-17T07:30:00+09:00,J3,783,751,1534
2019-04-17T07:30:00+09:00,J4,823,837,1660
2019-04-17T07:30:00+09:00,J5,560,590,1150
2019-04-17T07:45:00+09:00,J1,970,754,1724
2019-04-17T07:45:00+09:00,J2,771,575,1346
2019-04-17T07:45:00+09:00,J3,952,870,1822
2019-04-17T07:45:00+09:00,J4,722,826,1548
2019-04-17T07:45:00+09:00,J5,616,671,1287
2019-04-17T08:00:00+09:00,J1,1132,965,2097
2019-04-17T08:00:00+09:00,J2,771,457,1228
2019-04-17T08:00:00+09:00,J3,1067,1007,2074
2019-04-17T08:00:00+09:00,J4,731,912,1643
2019-04-17T08:00:00+09:00,J5,574,544,1118
2019-04-17T08:15:00+09:00,J1,1294,1020,2314
2019-04-17T08:15:00+09:00,J2,926,520,1446
2019-04-17T08:15:00+09:00,J3,1215,1153,2368
2019-04-17T08:15:00+09:00,J4,702,1041,1743
2019-04-17T08:15:00+09:00,J5,469,521,990
2019-04-17T08:30:00+09:00,J1,1261,1083,2344
2019-04-17T08:30:00+09:00,J2,924,507,1431
2019-04-17T08:30:00+09:00,J3,1063,1262,2325
2019-04-17T08:30:00+09:00,J4,694,1024,1718
2019-04-17T08:30:00+09:00,J5,485,517,1002
2019-04-17T08:45:00+09:00,J1,1139,1026,2165
2019-04-17T08:45:00+09:00,J2,731,454,1185
2019-04-17T08:45:00+09:00,J3,1061,1169,2230
2019-04-17T08:45:00+09:00,J4,641,935,1576
2019-04-17T08:45:00+09:00,J5,464,422,886
2019-04-17T09:00:00+09:00,J1,902,944,1846
2019-04-17T09:00:00+09:00,J2,555,411,966
2019-04-17T09:00:00+09:00,J3,1022,969,1991
2019-04-17T09:00:00+09:00,J4,706,772,1478
2019-04-17T09:00:00+09:00,J5,410,376,786
2019-04-17T09:15:00+09:00,J1,784,886,1670
2019-04-17T09:15:00+09:00,J2,563,392,955
2019-04-17T09:15:00+09:00,J3,1062,923,1985
2019-04-17T09:15:00+09:00,J4,711,794,1505
2019-04-17T09:15:00+09:00,J5,518,488,1006
2019-04-17T09:30:00+09:00,J1,751,807,1558
2019-04-17T09:30:00+09:00,J2,533,427,960
2019-04-17T09:30:00+09:00,J3,1017,980,1997
2019-04-17T09:30:00+09:00,J4,659,772,1431
2019-04-17T09:30:00+09:00,J5,504,481,985
2019-04-17T09:45:00+09:00,J1,726,815,1541
2019-04-17T09:45:00+09:00,J2,425,470,895
2019-04-17T09:45:00+09:00,J3,1049,1019,2068
2019-04-17T09:45:00+09:00,J4,543,613,1156
2019-04-17T09:45:00+09:00,J5,488,437,925
2019-04-17T10:00:00+09:00,J1,733,778,1511
2019-04-17T10:00:00+09:00,J2,424,440,864
2019-04-17T10:00:00+09:00,J3,990,949,1939
2019-04-17T10:00:00+09:00,J4,564,625,1189
2019-04-17T10:00:00+09:00,J5,483,473,956
2019-04-17T10:15:00+09:00,J1,690,727,1417
2019-04-17T10:15:00+09:00,J2,527,534,1061
2019-04-17T10:15:00+09:00,J3,1001,888,1889
2019-04-17T10:15:00+09:00,J4,575,705,1280
2019-04-17T10:15:00+09:00,J5,431,416,847
2019-04-17T10:30:00+09:00,J1,577,610,1187
2019-04-17T10:30:00+09:00,J2,530,584,1114
2019-04-17T10:30:00+09:00,J3,971,976,1947
2019-04-17T10:30:00+09:00,J4,587,698,1285
2019-04-17T10:30:00+09:00,J5,410,372,782
2019-04-17T10:45:00+09:00,J1,627,575,1202
2019-04-17T10:45:00+09:00,J2,477,513,990
2019-04-17T10:45:00+09:00,J3,977,878,1855
2019-04-17T10:45:00+09:00,J4,601,564,1165
2019-04-17T10:45:00+09:00,J5,406,415,821
2019-04-17T11:00:00+09:00,J1,554,593,1147
2019-04-17T11:00:00+09:00,J2,635,631,1266
2019-04-17T11:00:00+09:00,J3,1010,907,1917
2019-04-17T11:00:00+09:00,J4,687,712,1399
2019-04-17T11:00:00+09:00,J5,423,326,749
2019-04-17T11:15:00+09:00,J1,589,510,1099
2019-04-17T11:15:00+09:00,J2,672,718,1390
2019-04-17T11:15:00+09:00,J3,934,906,1840
2019-04-17T11:15:00+09:00,J4,701,772,1473
2019-04-17T11:15:00+09:00,J5,362,310,672
2019-04-17T11:30:00+09:00,J1,627,572,1199
2019-04-17T11:30:00+09:00,J2,821,750,1571
2019-04-17T11:30:00+09:00,J3,892,933,1825
2019-04-17T11:30:00+09:00,J4,783,818,1601
2019-04-17T11:30:00+09:00,J5,446,399,845
2019-04-17T11:45:00+09:00,J1,522,565,1087
2019-04-17T11:45:00+09:00,J2,815,710,1525
2019-04-17T11:45:00+09:00,J3,729,787,1516
2019-04-17T11:45:00+09:00,J4,812,855,1667
2019-04-17T11:45:00+09:00,J5,383,356,739
2019-04-17T12:00:00+09:00,J1,473,623,1096
2019-04-17T12:00:00+09:00,J2,923,711,1634
2019-04-17T12:00:00+09:00,J3,766,809,1575
2019-04-17T12:00:00+09:00,J4,929,893,1822
2019-04-17T12:00:00+09:00,J5,365,350,715
2019-04-17T12:15:00+09:00,J1,480,694,1174
2019-04-17T12:15:00+09:00,J2,789,641,1430
2019-04-17T12:15:00+09:00,J3,744,703,1447
2019-04-17T12:15:00+09:00,J4,934,918,1852
2019-04-17T12:15:00+09:00,J5,425,396,821
2019-04-17T12:30:00+09:00,J1,546,633,1179
2019-04-17T12:30:00+09:00,J2,828,611,1439
2019-04-17T12:30:00+09:00,J3,720,655,1375
2019-04-17T12:30:00+09:00,J4,988,940,1928
2019-04-17T12:30:00+09:00,J5,476,491,967
2019-04-17T12:45:00+09:00,J1,497,665,1162
2019-04-17T12:45:00+09:00,J2,732,593,1325
2019-04-17T12:45:00+09:00,J3,783,683,1466
2019-04-17T12:45:00+09:00,J4,905,946,1851
2019-04-17T12:45:00+09:00,J5,556,591,1147
2019-04-17T13:00:00+09:00,J1,515,706,1221
2019-04-17T13:00:00+09:00,J2,751,615,1366
2019-04-17T13:00:00+09:00,J3,767,676,1443
2019-04-17T13:00:00+09:00,J4,955,923,1878
2019-04-17T13:00:00+09:00,J5,546,614,1160
2019-04-17T13:15:00+09:00,J1,603,783,1386
2019-04-17T13:15:00+09:00,J2,674,557,1231
2019-04-17T13:15:00+09:00,J3,738,720,1458
2019-04-17T13:15:00+09:00,J4,961,856,1817
2019-04-17T13:15:00+09:00,J5,542,599,1141
2019-04-17T13:30:00+09:00,J1,638,838,1476
2019-04-17T13:30:00+09:00,J2,626,587,1213
2019-04-17T13:30:00+09:00,J3,713,653,1366
2019-04-17T13:30:00+09:00,J4,899,905,1804
2019-04-17T13:30:00+09:00,J5,639,632,1271
2019-04-17T13:45:00+09:00,J1,597,793,1390
2019-04-17T13:45:00+09:00,J2,604,589,1193
2019-04-17T13:45:00+09:00,J3,714,620,1334
2019-04-17T13:45:00+09:00,J4,943,832,1775
2019-04-17T13:45:00+09:00,J5,568,680,1248
2019-04-17T14:00:00+09:00,J1,660,745,1405
2019-04-17T14:00:00+09:00,J2,593,541,1134
2019-04-17T14:00:00+09:00,J3,697,576,1273
2019-04-17T14:00:00+09:00,J4,817,802,1619
2019-04-17T14:00:00+09:00,J5,576,692,1268
2019-04-17T14:15:00+09:00,J1,621,846,1467
2019-04-17T14:15:00+09:00,J2,632,568,1200
2019-04-17T14:15:00+09:00,J3,757,604,1361
2019-04-17T14:15:00+09:00,J4,844,819,1663
2019-04-17T14:15:00+09:00,J5,577,624,1201
2019-04-17T14:30:00+09:00,J1,549,749,1298
2019-04-17T14:30:00+09:00,J2,578,532,1110
2019-04-17T14:30:00+09:00,J3,735,587,1322
2019-04-17T14:30:00+09:00,J4,895,833,1728
2019-04-17T14:30:00+09:00,J5,600,736,1336
2019-04-17T14:45:00+09:00,J1,522,784,1306
2019-04-17T14:45:00+09:00,J2,587,618,1205
2019-04-17T14:45:00+09:00,J3,666,641,1307
2019-04-17T14:45:00+09:00,J4,802,764,1566
2019-04-17T14:45:00+09:00,J5,560,633,1193
2019-04-17T15:00:00+09:00,J1,587,782,1369
2019-04-17T15:00:00+09:00,J2,623,620,1243
2019-04-17T15:00:00+09:00,J3,667,563,1230
2019-04-17T15:00:00+09:00,J4,795,850,1645
2019-04-17T15:00:00+09:00,J5,601,664,1265
2019-04-17T15:15:00+09:00,J1,685,835,1520
2019-04-17T15:15:00+09:00,J2,589,643,1232
2019-04-17T15:15:00+09:00,J3,690,688,1378
2019-04-17T15:15:00+09:00,J4,794,868,1662
2019-04-17T15:15:00+09:00,J5,591,692,1283
2019-04-17T15:30:00+09:00,J1,727,924,1651
2019-04-17T15:30:00+09:00,J2,545,581,1126
2019-04-17T15:30:00+09:00,J3,578,672,1250
2019-04-17T15:30:00+09:00,J4,815,744,1559
2019-04-17T15:30:00+09:00,J5,587,692,1279
2019-04-17T15:45:00+09:00,J1,706,896,1602
2019-04-17T15:45:00+09:00,J2,656,588,1244
2019-04-17T15:45:00+09:00,J3,680,637,1317
2019-04-17T15:45:00+09:00,J4,754,756,1510
2019-04-17T15:45:00+09:00,J5,621,663,1284
2019-04-17T16:00:00+09:00,J1,612,781,1393
2019-04-17T16:00:00+09:00,J2,548,647,1195
2019-04-17T16:00:00+09:00,J3,640,611,1251
2019-04-17T16:00:00+09:00,J4,763,800,1563
2019-04-17T16:00:00+09:00,J5,603,631,1234
2019-04-17T16:15:00+09:00,J1,682,752,1434
2019-04-17T16:15:00+09:00,J2,545,580,1125
2019-04-17T16:15:00+09:00,J3,667,667,1334
2019-04-17T16:15:00+09:00,J4,788,710,1498
2019-04-17T16:15:00+09:00,J5,596,632,1228
2019-04-17T16:30:00+09:00,J1,641,761,1402
2019-04-17T16:30:00+09:00,J2,564,626,1190
2019-04-17T16:30:00+09:00,J3,697,682,1379
2019-04-17T16:30:00+09:00,J4,804,721,1525
2019-04-17T16:30:00+09:00,J5,537,583,1120
2019-04-17T16:45:00+09:00,J1,670,772,1442
2019-04-17T16:45:00+09:00,J2,546,598,1144
2019-04-17T16:45:00+09:00,J3,620,635,1255
2019-04-17T16:45:00+09:00,J4,781,788,1569
2019-04-17T16:45:00+09:00,J5,608,673,1281
2019-04-17T17:00:00+09:00,J1,719,859,1578
2019-04-17T17:00:00+09:00,J2,509,663,1172
2019-04-17T17:00:00+09:00,J3,749,738,1487
2019-04-17T17:00:00+09:00,J4,867,801,1668
2019-04-17T17:00:00+09:00,J5,708,765,1473
2019-04-17T17:15:00+09:00,J1,847,954,1801
2019-04-17T17:15:00+09:00,J2,567,667,1234
2019-04-17T17:15:00+09:00,J3,825,768,1593
2019-04-17T17:15:00+09:00,J4,868,895,1763
2019-04-17T17:15:00+09:00,J5,666,701,1367
2019-04-17T17:30:00+09:00,J1,882,970,1852
2019-04-17T17:30:00+09:00,J2,518,747,1265
2019-04-17T17:30:00+09:00,J3,868,825,1693
2019-04-17T17:30:00+09:00,J4,921,847,1768
2019-04-17T17:30:00+09:00,J5,671,676,1347
2019-04-17T17:45:00+09:00,J1,992,985,1977
2019-04-17T17:45:00+09:00,J2,566,670,1236
2019-04-17T17:45:00+09:00,J3,910,833,1743
2019-04-17T17:45:00+09:00,J4,911,1008,1919
2019-04-17T17:45:00+09:00,J5,735,750,1485
2019-04-17T18:00:00+09:00,J1,1052,1143,2195
2019-04-17T18:00:00+09:00,J2,545,804,1349
2019-04-17T18:00:00+09:00,J3,1017,822,1839
2019-04-17T18:00:00+09:00,J4,996,938,1934
2019-04-17T18:00:00+09:00,J5,690,698,1388
2019-04-17T18:15:00+09:00,J1,1002,1063,2065
2019-04-17T18:15:00+09:00,J2,574,747,1321
2019-04-17T18:15:00+09:00,J3,932,763,1695
2019-04-17T18:15:00+09:00,J4,953,933,1886
2019-04-17T18:15:00+09:00,J5,717,715,1432
2019-04-17T18:30:00+09:00,J1,887,874,1761
2019-04-17T18:30:00+09:00,J2,562,619,1181
2019-04-17T18:30:00+09:00,J3,867,727,1594
2019-04-17T18:30:00+09:00,J4,903,841,1744
2019-04-17T18:30:00+09:00,J5,721,735,1456
2019-04-17T18:45:00+09:00,J1,698,957,1655
2019-04-17T18:45:00+09:00,J2,577,644,1221
2019-04-17T18:45:00+09:00,J3,755,735,1490
2019-04-17T18:45:00+09:00,J4,923,887,1810
2019-04-17T18:45:00+09:00,J5,659,693,1352
2019-04-17T19:00:00+09:00,J1,607,878,1485
2019-04-17T19:00:00+09:00,J2,687,609,1296
2019-04-17T19:00:00+09:00,J3,826,664,1490
2019-04-17T19:00:00+09:00,J4,856,789,1645
2019-04-17T19:00:00+09:00,J5,678,806,1484
2019-04-17T19:15:00+09:00,J1,630,818,1448
2019-04-17T19:15:00+09:00,J2,601,625,1226
2019-04-17T19:15:00+09:00,J3,810,593,1403
2019-04-17T19:15:00+09:00,J4,858,711,1569
2019-04-17T19:15:00+09:00,J5,685,737,1422
2019-04-17T19:30:00+09:00,J1,662,786,1448
2019-04-17T19:30:00+09:00,J2,714,567,1281
2019-04-17T19:30:00+09:00,J3,682,557,1239
2019-04-17T19:30:00+09:00,J4,854,756,1610
2019-04-17T19:30:00+09:00,J5,633,780,1413
2019-04-17T19:45:00+09:00,J1,681,720,1401
2019-04-17T19:45:00+09:00,J2,750,493,1243
2019-04-17T19:45:00+09:00,J3,601,583,1184
2019-04-17T19:45:00+09:00,J4,867,887,1754
2019-04-17T19:45:00+09:00,J5,612,725,1337
2019-04-17T20:00:00+09:00,J1,716,788,1504
2019-04-17T20:00:00+09:00,J2,716,521,1237
2019-04-17T20:00:00+09:00,J3,762,547,1309
2019-04-17T20:00:00+09:00,J4,891,867,1758
2019-04-17T20:00:00+09:00,J5,624,762,1386
2019-04-17T20:15:00+09:00,J1,697,753,1450
2019-04-17T20:15:00+09:00,J2,749,585,1334
2019-04-17T20:15:00+09:00,J3,676,515,1191
2019-04-17T20:15:00+09:00,J4,975,843,1818
2019-04-17T20:15:00+09:00,J5,660,659,1319
2019-04-17T20:30:00+09:00,J1,673,711,1384
2019-04-17T20:30:00+09:00,J2,826,636,1462
2019-04-17T20:30:00+09:00,J3,701,564,1265
2019-04-17T20:30:00+09:00,J4,982,751,1733
2019-04-17T20:30:00+09:00,J5,575,643,1218
2019-04-17T20:45:00+09:00,J1,567,601,1168
2019-04-17T20:45:00+09:00,J2,697,685,1382
2019-04-17T20:45:00+09:00,J3,626,496,1122
2019-04-17T20:45:00+09:00,J4,886,738,1624
2019-04-17T20:45:00+09:00,J5,498,534,1032
2019-04-17T21:00:00+09:00,J1,635,551,1186
2019-04-17T21:00:00+09:00,J2,745,635,1380
2019-04-17T21:00:00+09:00,J3,548,477,1025
2019-04-17T21:00:00+09:00,J4,836,718,1554
2019-04-17T21:00:00+09:00,J5,450,501,951
2019-04-17T21:15:00+09:00,J1,561,596,1157
2019-04-17T21:15:00+09:00,J2,728,668,1396
2019-04-17T21:15:00+09:00,J3,602,566,1168
2019-04-17T21:15:00+09:00,J4,884,774,1658
2019-04-17T21:15:00+09:00,J5,454,486,940
2019-04-17T21:30:00+09:00,J1,617,607,1224
2019-04-17T21:30:00+09:00,J2,683,605,1288
2019-04-17T21:30:00+09:00,J3,634,526,1160
2019-04-17T21:30:00+09:00,J4,846,729,1575
2019-04-17T21:30:00+09:00,J5,448,422,870
2019-04-17T21:45:00+09:00,J1,574,584,1158
2019-04-17T21:45:00+09:00,J2,646,603,1249
2019-04-17T21:45:00+09:00,J3,614,625,1239
2019-04-17T21:45:00+09:00,J4,814,651,1465
2019-04-17T21:45:00+09:00,J5,440,429,869
2019-04-17T22:00:00+09:00,J1,568,620,1188
2019-04-17T22:00:00+09:00,J2,585,573,1158
2019-04-17T22:00:00+09:00,J3,603,520,1123
2019-04-17T22:00:00+09:00,J4,651,652,1303
2019-04-17T22:00:00+09:00,J5,400,394,794
2019-04-17T22:15:00+09:00,J1,595,580,1175
2019-04-17T22:15:00+09:00,J2,404,488,892
2019-04-17T22:15:00+09:00,J3,582,523,1105
2019-04-17T22:15:00+09:00,J4,705,669,1374
2019-04-17T22:15:00+09:00,J5,366,416,782
2019-04-17T22:30:00+09:00,J1,611,596,1207
2019-04-17T22:30:00+09:00,J2,362,450,812
2019-04-17T22:30:00+09:00,J3,592,619,1211
2019-04-17T22:30:00+09:00,J4,592,655,1247
2019-04-17T22:30:00+09:00,J5,378,365,743
2019-04-17T22:45:00+09:00,J1,533,555,1088
2019-04-17T22:45:00+09:00,J2,391,419,810
2019-04-17T22:45:00+09:00,J3,628,572,1200
2019-04-17T22:45:00+09:00,J4,572,575,1147
2019-04-17T22:45:00+09:00,J5,372,370,742
2019-04-17T23:00:00+09:00,J1,539,547,1086
2019-04-17T23:00:00+09:00,J2,366,379,745
2019-04-17T23:00:00+09:00,J3,730,618,1348
2019-04-17T23:00:00+09:00,J4,547,558,1105
2019-04-17T23:00:00+09:00,J5,357,343,700
2019-04-17T23:15:00+09:00,J1,575,608,1183
2019-04-17T23:15:00+09:00,J2,403,439,842
2019-04-17T23:15:00+09:00,J3,692,583,1275
2019-04-17T23:15:00+09:00,J4,548,534,1082
2019-04-17T23:15:00+09:00,J5,333,358,691
2019-04-17T23:30:00+09:00,J1,463,518,981
2019-04-17T23:30:00+09:00,J2,310,343,653
2019-04-17T23:30:00+09:00,J3,697,632,1329
2019-04-17T23:30:00+09:00,J4,550,543,1093
2019-04-17T23:30:00+09:00,J5,295,354,649
2019-04-17T23:45:00+09:00,J1,466,504,970
2019-04-17T23:45:00+09:00,J2,288,322,610
2019-04-17T23:45:00+09:00,J3,756,642,1398
2019-04-17T23:45:00+09:00,J4,453,400,853
2019-04-17T23:45:00+09:00,J5,314,329,643
2019-04-18T00:00:00+09:00,J1,444,435,879
2019-04-18T00:00:00+09:00,J2,219,219,438
2019-04-18T00:00:00+09:00,J3,782,786,1568
2019-04-18T00:00:00+09:00,J4,389,368,757
2019-04-18T00:00:00+09:00,J5,291,284,575
2019-04-18T00:15:00+09:00,J1,374,342,716
2019-04-18T00:15:00+09:00,J2,259,293,552
2019-04-18T00:15:00+09:00,J3,741,697,1438
2019-04-18T00:15:00+09:00,J4,339,400,739
2019-04-18T00:15:00+09:00,J5,288,289,577
2019-04-18T00:30:00+09:00,J1,399,341,740
2019-04-18T00:30:00+09:00,J2,215,274,489
2019-04-18T00:30:00+09:00,J3,792,769,1561
2019-04-18T00:30:00+09:00,J4,480,427,907
2019-04-18T00:30:00+09:00,J5,322,289,611
2019-04-18T00:45:00+09:00,J1,431,417,848
2019-04-18T00:45:00+09:00,J2,228,275,503
2019-04-18T00:45:00+09:00,J3,791,761,1552
2019-04-18T00:45:00+09:00,J4,339,345,684
2019-04-18T00:45:00+09:00,J5,300,258,558
2019-04-18T05:45:00+09:00,J1,352,334,686
2019-04-18T05:45:00+09:00,J2,497,413,910
2019-04-18T05:45:00+09:00,J3,366,327,693
2019-04-18T05:45:00+09:00,J4,606,658,1264
2019-04-18T05:45:00+09:00,J5,482,551,1033
2019-04-18T06:00:00+09:00,J1,336,321,657
2019-04-18T06:00:00+09:00,J2,455,395,850
2019-04-18T06:00:00+09:00,J3,395,361,756
2019-04-18T06:00:00+09:00,J4,578,589,1167
2019-04-18T06:00:00+09:00,J5,527,557,1084
2019-04-18T06:15:00+09:00,J1,354,330,684
2019-04-18T06:15:00+09:00,J2,451,377,828
2019-04-18T06:15:00+09:00,J3,448,418,866
2019-04-18T06:15:00+09:00,J4,533,656,1189
2019-04-18T06:15:00+09:00,J5,572,562,1134
2019-04-18T06:30:00+09:00,J1,414,326,740
2019-04-18T06:30:00+09:00,J2,414,355,769
2019-04-18T06:30:00+09:00,J3,452,368,820
2019-04-18T06:30:00+09:00,J4,567,601,1168
2019-04-18T06:30:00+09:00,J5,555,602,1157
2019-04-18T06:45:00+09:00,J1,447,436,883
2019-04-18T06:45:00+09:00,J2,480,416,896
2019-04-18T06:45:00+09:00,J3,571,421,992
2019-04-18T06:45:00+09:00,J4,527,598,1125
2019-04-18T06:45:00+09:00,J5,549,550,1099
2019-04-18T07:00:00+09:00,J1,477,373,850
2019-04-18T07:00:00+09:00,J2,456,445,901
2019-04-18T07:00:00+09:00,J3,686,607,1293
2019-04-18T07:00:00+09:00,J4,556,616,1172
2019-04-18T07:00:00+09:00,J5,636,639,1275
2019-04-18T07:15:00+09:00,J1,489,468,957
2019-04-18T07:15:00+09:00,J2,364,310,674
2019-04-18T07:15:00+09:00,J3,802,690,1492
2019-04-18T07:15:00+09:00,J4,550,609,1159
2019-04-18T07:15:00+09:00,J5,606,636,1242
2019-04-18T07:30:00+09:00,J1,590,649,1239
2019-04-18T07:30:00+09:00,J2,437,297,734
2019-04-18T07:30:00+09:00,J3,952,927,1879
2019-04-18T07:30:00+09:00,J4,654,782,1436
2019-04-18T07:30:00+09:00,J5,585,577,1162
2019-04-18T07:45:00+09:00,J1,842,603,1445
2019-04-18T07:45:00+09:00,J2,563,368,931
2019-04-18T07:45:00+09:00,J3,981,1036,2017
2019-04-18T07:45:00+09:00,J4,673,832,1505
2019-04-18T07:45:00+09:00,J5,457,440,897
2019-04-18T08:00:00+09:00,J1,1110,673,1783
2019-04-18T08:00:00+09:00,J2,857,706,1563
2019-04-18T08:00:00+09:00,J3,964,1098,2062
2019-04-18T08:00:00+09:00,J4,625,1032,1657
2019-04-18T08:00:00+09:00,J5,470,500,970
2019-04-18T08:15:00+09:00,J1,1247,994,2241
2019-04-18T08:15:00+09:00,J2,1131,835,1966
2019-04-18T08:15:00+09:00,J3,859,1160,2019
2019-04-18T08:15:00+09:00,J4,836,1170,2006
2019-04-18T08:15:00+09:00,J5,615,622,1237
2019-04-18T08:30:00+09:00,J1,1243,1124,2367
2019-04-18T08:30:00+09:00,J2,1173,765,1938
2019-04-18T08:30:00+09:00,J3,819,1163,1982
2019-04-18T08:30:00+09:00,J4,1015,1166,2181
2019-04-18T08:30:00+09:00,J5,571,695,1266
2019-04-18T08:45:00+09:00,J1,1017,973,1990
2019-04-18T08:45:00+09:00,J2,971,694,1665
2019-04-18T08:45:00+09:00,J3,703,858,1561
2019-04-18T08:45:00+09:00,J4,804,996,1800
2019-04-18T08:45:00+09:00,J5,595,661,1256
2019-04-18T09:00:00+09:00,J1,897,854,1751
2019-04-18T09:00:00+09:00,J2,881,698,1579
2019-04-18T09:00:00+09:00,J3,625,629,1254
2019-04-18T09:00:00+09:00,J4,717,827,1544
2019-04-18T09:00:00+09:00,J5,565,622,1187
2019-04-18T09:15:00+09:00,J1,813,699,1512
2019-04-18T09:15:00+09:00,J2,816,615,1431
2019-04-18T09:15:00+09:00,J3,647,653,1300
2019-04-18T09:15:00+09:00,J4,807,970,1777
2019-04-18T09:15:00+09:00,J5,540,604,1144
2019-04-18T09:30:00+09:00,J1,791,757,1548
2019-04-18T09:30:00+09:00,J2,777,639,1416
2019-04-18T09:30:00+09:00,J3,653,725,1378
2019-04-18T09:30:00+09:00,J4,995,863,1858
2019-04-18T09:30:00+09:00,J5,531,569,1100
2019-04-18T09:45:00+09:00,J1,716,729,1445
2019-04-18T09:45:00+09:00,J2,688,571,1259
2019-04-18T09:45:00+09:00,J3,599,653,1252
2019-04-18T09:45:00+09:00,J4,847,816,1663
2019-04-18T09:45:00+09:00,J5,503,541,1044
2019-04-18T10:00:00+09:00,J1,672,717,1389
2019-04-18T10:00:00+09:00,J2,610,582,1192
2019-04-18T10:00:00+09:00,J3,619,724,1343
2019-04-18T10:00:00+09:00,J4,867,859,1726
2019-04-18T10:00:00+09:00,J5,534,644,1178
2019-04-18T10:15:00+09:00,J1,701,720,1421
2019-04-18T10:15:00+09:00,J2,597,534,1131
2019-04-18T10:15:00+09:00,J3,743,721,1464
2019-04-18T10:15:00+09:00,J4,902,906,1808
2019-04-18T10:15:00+09:00,J5,555,562,1117
2019-04-18T10:30:00+09:00,J1,708,772,1480
2019-04-18T10:30:00+09:00,J2,573,504,1077
2019-04-18T10:30:00+09:00,J3,823,754,1577
2019-04-18T10:30:00+09:00,J4,882,913,1795
2019-04-18T10:30:00+09:00,J5,542,523,1065
2019-04-18T10:45:00+09:00,J1,718,824,1542
2019-04-18T10:45:00+09:00,J2,565,519,1084
2019-04-18T10:45:00+09:00,J3,895,771,1666
2019-04-18T10:45:00+09:00,J4,873,908,1781
2019-04-18T10:45:00+09:00,J5,526,560,1086
2019-04-18T11:00:00+09:00,J1,747,878,1625
2019-04-18T11:00:00+09:00,J2,521,496,1017
2019-04-18T11:00:00+09:00,J3,777,782,1559
2019-04-18T11:00:00+09:00,J4,804,890,1694
2019-04-18T11:00:00+09:00,J5,610,624,1234
2019-04-18T11:15:00+09:00,J1,714,737,1451
2019-04-18T11:15:00+09:00,J2,567,560,1127
2019-04-18T11:15:00+09:00,J3,844,792,1636
2019-04-18T11:15:00+09:00,J4,791,855,1646
2019-04-18T11:15:00+09:00,J5,460,449,909
2019-04-18T11:30:00+09:00,J1,523,609,1132
2019-04-18T11:30:00+09:00,J2,496,490,986
2019-04-18T11:30:00+09:00,J3,949,734,1683
2019-04-18T11:30:00+09:00,J4,714,836,1550
2019-04-18T11:30:00+09:00,J5,477,485,962
2019-04-18T11:45:00+09:00,J1,495,532,1027
2019-04-18T11:45:00+09:00,J2,445,493,938
2019-04-18T11:45:00+09:00,J3,973,810,1783
2019-04-18T11:45:00+09:00,J4,693,805,1498
2019-04-18T11:45:00+09:00,J5,608,567,1175
2019-04-18T12:00:00+09:00,J1,448,601,1049
2019-04-18T12:00:00+09:00,J2,461,580,1041
2019-04-18T12:00:00+09:00,J3,993,822,1815
2019-04-18T12:00:00+09:00,J4,792,791,1583
2019-04-18T12:00:00+09:00,J5,552,492,1044
2019-04-18T12:15:00+09:00,J1,511,578,1089
2019-04-18T12:15:00+09:00,J2,478,568,1046
2019-04-18T12:15:00+09:00,J3,854,877,1731
2019-04-18T12:15:00+09:00,J4,796,857,1653
2019-04-18T12:15:00+09:00,J5,560,503,1063
2019-04-18T12:30:00+09:00,J1,552,634,1186
2019-04-18T12:30:00+09:00,J2,472,511,983
2019-04-18T12:30:00+09:00,J3,781,879,1660
2019-04-18T12:30:00+09:00,J4,767,838,1605
2019-04-18T12:30:00+09:00,J5,494,446,940
2019-04-18T12:45:00+09:00,J1,462,566,1028
2019-04-18T12:45:00+09:00,J2,543,502,1045
2019-04-18T12:45:00+09:00,J3,786,861,1647
2019-04-18T12:45:00+09:00,J4,721,866,1587
2019-04-18T12:45:00+09:00,J5,483,407,890
2019-04-18T13:00:00+09:00,J1,589,637,1226
2019-04-18T13:00:00+09:00,J2,442,509,951
2019-04-18T13:00:00+09:00,J3,718,895,1613
2019-04-18T13:00:00+09:00,J4,762,796,1558
2019-04-18T13:00:00+09:00,J5,506,478,984
2019-04-18T13:15:00+09:00,J1,613,722,1335
2019-04-18T13:15:00+09:00,J2,492,528,1020
2019-04-18T13:15:00+09:00,J3,775,847,1622
2019-04-18T13:15:00+09:00,J4,707,827,1534
2019-04-18T13:15:00+09:00,J5,523,444,967
2019-04-18T13:30:00+09:00,J1,755,798,1553
2019-04-18T13:30:00+09:00,J2,444,538,982
2019-04-18T13:30:00+09:00,J3,807,865,1672
2019-04-18T13:30:00+09:00,J4,791,804,1595
2019-04-18T13:30:00+09:00,J5,397,418,815
2019-04-18T13:45:00+09:00,J1,777,760,1537
2019-04-18T13:45:00+09:00,J2,429,492,921
2019-04-18T13:45:00+09:00,J3,787,826,1613
2019-04-18T13:45:00+09:00,J4,738,896,1634
2019-04-18T13:45:00+09:00,J5,608,509,1117
2019-04-18T14:00:00+09:00,J1,810,797,1607
2019-04-18T14:00:00+09:00,J2,427,526,953
2019-04-18T14:00:00+09:00,J3,723,808,1531
2019-04-18T14:00:00+09:00,J4,763,844,1607
2019-04-18T14:00:00+09:00,J5,537,487,1024
2019-04-18T14:15:00+09:00,J1,760,791,1551
2019-04-18T14:15:00+09:00,J2,464,497,961
2019-04-18T14:15:00+09:00,J3,742,829,1571
2019-04-18T14:15:00+09:00,J4,741,856,1597
2019-04-18T14:15:00+09:00,J5,486,512,998
2019-04-18T14:30:00+09:00,J1,767,853,1620
2019-04-18T14:30:00+09:00,J2,443,527,970
2019-04-18T14:30:00+09:00,J3,764,830,1594
2019-04-18T14:30:00+09:00,J4,764,831,1595
2019-04-18T14:30:00+09:00,J5,442,395,837
2019-04-18T14:45:00+09:00,J1,703,762,1465
2019-04-18T14:45:00+09:00,J2,472,534,1006
2019-04-18T14:45:00+09:00,J3,688,761,1449
2019-04-18T14:45:00+09:00,J4,798,767,1565
2019-04-18T14:45:00+09:00,J5,439,426,865
2019-04-18T15:00:00+09:00,J1,728,818,1546
2019-04-18T15:00:00+09:00,J2,467,560,1027
2019-04-18T15:00:00+09:00,J3,744,731,1475
2019-04-18T15:00:00+09:00,J4,778,839,1617
2019-04-18T15:00:00+09:00,J5,427,385,812
2019-04-18T15:15:00+09:00,J1,742,866,1608
2019-04-18T15:15:00+09:00,J2,505,649,1154
2019-04-18T15:15:00+09:00,J3,818,818,1636
2019-04-18T15:15:00+09:00,J4,738,820,1558
2019-04-18T15:15:00+09:00,J5,465,465,930
2019-04-18T15:30:00+09:00,J1,646,800,1446
2019-04-18T15:30:00+09:00,J2,466,533,999
2019-04-18T15:30:00+09:00,J3,785,754,1539
2019-04-18T15:30:00+09:00,J4,772,804,1576
2019-04-18T15:30:00+09:00,J5,503,487,990
2019-04-18T15:45:00+09:00,J1,675,744,1419
2019-04-18T15:45:00+09:00,J2,492,538,1030
2019-04-18T15:45:00+09:00,J3,735,738,1473
2019-04-18T15:45:00+09:00,J4,715,796,1511
2019-04-18T15:45:00+09:00,J5,500,503,1003
2019-04-18T16:00:00+09:00,J1,667,757,1424
2019-04-18T16:00:00+09:00,J2,471,531,1002
2019-04-18T16:00:00+09:00,J3,664,719,1383
2019-04-18T16:00:00+09:00,J4,699,759,1458
2019-04-18T16:00:00+09:00,J5,519,554,1073
2019-04-18T16:15:00+09:00,J1,688,826,1514
2019-04-18T16:15:00+09:00,J2,460,539,999
2019-04-18T16:15:00+09:00,J3,790,771,1561
2019-04-18T16:15:00+09:00,J4,746,905,1651
2019-04-18T16:15:00+09:00,J5,567,569,1136
2019-04-18T16:30:00+09:00,J1,678,704,1382
2019-04-18T16:30:00+09:00,J2,414,554,968
2019-04-18T16:30:00+09:00,J3,767,767,1534
2019-04-18T16:30:00+09:00,J4,751,870,1621
2019-04-18T16:30:00+09:00,J5,476,469,945
2019-04-18T16:45:00+09:00,J1,697,778,1475
2019-04-18T16:45:00+09:00,J2,483,538,1021
2019-04-18T16:45:00+09:00,J3,732,770,1502
2019-04-18T16:45:00+09:00,J4,778,821,1599
2019-04-18T16:45:00+09:00,J5,540,525,1065
2019-04-18T17:00:00+09:00,J1,732,835,1567
2019-04-18T17:00:00+09:00,J2,481,598,1079
2019-04-18T17:00:00+09:00,J3,832,799,1631
2019-04-18T17:00:00+09:00,J4,854,863,1717
2019-04-18T17:00:00+09:00,J5,461,523,984
2019-04-18T17:15:00+09:00,J1,788,930,1718
2019-04-18T17:15:00+09:00,J2,570,702,1272
2019-04-18T17:15:00+09:00,J3,908,794,1702
2019-04-18T17:15:00+09:00,J4,787,901,1688
2019-04-18T17:15:00+09:00,J5,641,612,1253
2019-04-18T17:30:00+09:00,J1,835,992,1827
2019-04-18T17:30:00+09:00,J2,589,749,1338
2019-04-18T17:30:00+09:00,J3,852,861,1713
2019-04-18T17:30:00+09:00,J4,849,852,1701
2019-04-18T17:30:00+09:00,J5,724,768,1492
2019-04-18T17:45:00+09:00,J1,858,898,1756
2019-04-18T17:45:00+09:00,J2,554,747,1301
2019-04-18T17:45:00+09:00,J3,874,894,1768
2019-04-18T17:45:00+09:00,J4,887,838,1725
2019-04-18T17:45:00+09:00,J5,633,644,1277
2019-04-18T18:00:00+09:00,J1,921,1055,1976
2019-04-18T18:00:00+09:00,J2,636,782,1418
2019-04-18T18:00:00+09:00,J3,1081,847,1928
2019-04-18T18:00:00+09:00,J4,962,931,1893
2019-04-18T18:00:00+09:00,J5,639,740,1379
2019-04-18T18:15:00+09:00,J1,850,1032,1882
2019-04-18T18:15:00+09:00,J2,656,813,1469
2019-04-18T18:15:00+09:00,J3,988,853,1841
2019-04-18T18:15:00+09:00,J4,968,846,1814
2019-04-18T18:15:00+09:00,J5,542,579,1121
2019-04-18T18:30:00+09:00,J1,781,987,1768
2019-04-18T18:30:00+09:00,J2,622,744,1366
2019-04-18T18:30:00+09:00,J3,873,808,1681
2019-04-18T18:30:00+09:00,J4,908,866,1774
2019-04-18T18:30:00+09:00,J5,593,599,1192
2019-04-18T18:45:00+09:00,J1,834,878,1712
2019-04-18T18:45:00+09:00,J2,671,715,1386
2019-04-18T18:45:00+09:00,J3,789,752,1541
2019-04-18T18:45:00+09:00,J4,895,852,1747
2019-04-18T18:45:00+09:00,J5,642,643,1285
2019-04-18T19:00:00+09:00,J1,777,798,1575
2019-04-18T19:00:00+09:00,J2,558,640,1198
2019-04-18T19:00:00+09:00,J3,743,684,1427
2019-04-18T19:00:00+09:00,J4,866,754,1620
2019-04-18T19:00:00+09:00,J5,626,719,1345
2019-04-18T19:15:00+09:00,J1,747,736,1483
2019-04-18T19:15:00+09:00,J2,617,655,1272
2019-04-18T19:15:00+09:00,J3,732,633,1365
2019-04-18T19:15:00+09:00,J4,897,785,1682
2019-04-18T19:15:00+09:00,J5,684,772,1456
2019-04-18T19:30:00+09:00,J1,749,723,1472
2019-04-18T19:30:00+09:00,J2,590,659,1249
2019-04-18T19:30:00+09:00,J3,673,570,1243
2019-04-18T19:30:00+09:00,J4,774,751,1525
2019-04-18T19:30:00+09:00,J5,647,742,1389
2019-04-18T19:45:00+09:00,J1,662,660,1322
2019-04-18T19:45:00+09:00,J2,559,549,1108
2019-04-18T19:45:00+09:00,J3,660,550,1210
2019-04-18T19:45:00+09:00,J4,887,781,1668
2019-04-18T19:45:00+09:00,J5,616,710,1326
2019-04-18T20:00:00+09:00,J1,686,746,1432
2019-04-18T20:00:00+09:00,J2,662,534,1196
2019-04-18T20:00:00+09:00,J3,714,575,1289
2019-04-18T20:00:00+09:00,J4,816,787,1603
2019-04-18T20:00:00+09:00,J5,634,699,1333
2019-04-18T20:15:00+09:00,J1,686,780,1466
2019-04-18T20:15:00+09:00,J2,696,570,1266
2019-04-18T20:15:00+09:00,J3,691,524,1215
2019-04-18T20:15:00+09:00,J4,913,820,1733
2019-04-18T20:15:00+09:00,J5,644,716,1360
2019-04-18T20:30:00+09:00,J1,668,835,1503
2019-04-18T20:30:00+09:00,J2,724,548,1272
2019-04-18T20:30:00+09:00,J3,606,537,1143
2019-04-18T20:30:00+09:00,J4,902,836,1738
2019-04-18T20:30:00+09:00,J5,558,656,1214
2019-04-18T20:45:00+09:00,J1,659,759,1418
2019-04-18T20:45:00+09:00,J2,708,620,1328
2019-04-18T20:45:00+09:00,J3,581,574,1155
2019-04-18T20:45:00+09:00,J4,954,749,1703
2019-04-18T20:45:00+09:00,J5,482,574,1056
2019-04-18T21:00:00+09:00,J1,678,827,1505
2019-04-18T21:00:00+09:00,J2,775,688,1463
2019-04-18T21:00:00+09:00,J3,630,493,1123
2019-04-18T21:00:00+09:00,J4,936,871,1807
2019-04-18T21:00:00+09:00,J5,465,537,1002
2019-04-18T21:15:00+09:00,J1,724,764,1488
2019-04-18T21:15:00+09:00,J2,765,656,1421
2019-04-18T21:15:00+09:00,J3,631,527,1158
2019-04-18T21:15:00+09:00,J4,998,923,1921
2019-04-18T21:15:00+09:00,J5,492,557,1049
2019-04-18T21:30:00+09:00,J1,638,729,1367
2019-04-18T21:30:00+09:00,J2,680,681,1361
2019-04-18T21:30:00+09:00,J3,573,548,1121
2019-04-18T21:30:00+09:00,J4,899,758,1657
2019-04-18T21:30:00+09:00,J5,465,428,893
2019-04-18T21:45:00+09:00,J1,627,707,1334
2019-04-18T21:45:00+09:00,J2,534,608,1142
2019-04-18T21:45:00+09:00,J3,542,513,1055
2019-04-18T21:45:00+09:00,J4,728,598,1326
2019-04-18T21:45:00+09:00,J5,380,398,778
2019-04-18T22:00:00+09:00,J1,663,710,1373
2019-04-18T22:00:00+09:00,J2,458,528,986
2019-04-18T22:00:00+09:00,J3,580,584,1164
2019-04-18T22:00:00+09:00,J4,715,657,1372
2019-04-18T22:00:00+09:00,J5,364,374,738
2019-04-18T22:15:00+09:00,J1,610,650,1260
2019-04-18T22:15:00+09:00,J2,474,516,990
2019-04-18T22:15:00+09:00,J3,617,568,1185
2019-04-18T22:15:00+09:00,J4,819,712,1531
2019-04-18T22:15:00+09:00,J5,380,362,742
2019-04-18T22:30:00+09:00,J1,612,665,1277
2019-04-18T22:30:00+09:00,J2,388,440,828
2019-04-18T22:30:00+09:00,J3,691,686,1377
2019-04-18T22:30:00+09:00,J4,772,627,1399
2019-04-18T22:30:00+09:00,J5,371,327,698
2019-04-18T22:45:00+09:00,J1,582,658,1240
2019-04-18T22:45:00+09:00,J2,383,369,752
2019-04-18T22:45:00+09:00,J3,718,665,1383
2019-04-18T22:45:00+09:00,J4,647,569,1216
2019-04-18T22:45:00+09:00,J5,320,247,567
2019-04-18T23:00:00+09:00,J1,553,571,1124
2019-04-18T23:00:00+09:00,J2,309,367,676
2019-04-18T23:00:00+09:00,J3,694,659,1353
2019-04-18T23:00:00+09:00,J4,551,575,1126
2019-04-18T23:00:00+09:00,J5,270,255,525
2019-04-18T23:15:00+09:00,J1,515,607,1122
2019-04-18T23:15:00+09:00,J2,362,404,766
2019-04-18T23:15:00+09:00,J3,775,718,1493
2019-04-18T23:15:00+09:00,J4,591,552,1143
2019-04-18T23:15:00+09:00,J5,286,265,551
2019-04-18T23:30:00+09:00,J1,446,539,985
2019-04-18T23:30:00+09:00,J2,293,300,593
2019-04-18T23:30:00+09:00,J3,691,683,1374
2019-04-18T23:30:00+09:00,J4,472,483,955
2019-04-18T23:30:00+09:00,J5,283,253,536
2019-04-18T23:45:00+09:00,J1,423,506,929
2019-04-18T23:45:00+09:00,J2,308,353,661
2019-04-18T23:45:00+09:00,J3,793,643,1436
2019-04-18T23:45:00+09:00,J4,508,407,915
2019-04-18T23:45:00+09:00,J5,301,260,561
2019-04-19T00:00:00+09:00,J1,351,324,675
2019-04-19T00:00:00+09:00,J2,256,284,540
2019-04-19T00:00:00+09:00,J3,792,644,1436
2019-04-19T00:00:00+09:00,J4,387,363,750
2019-04-19T00:00:00+09:00,J5,299,259,558
2019-04-19T00:15:00+09:00,J1,310,281,591
2019-04-19T00:15:00+09:00,J2,289,343,632
2019-04-19T00:15:00+09:00,J3,793,670,1463
2019-04-19T00:15:00+09:00,J4,326,322,648
2019-04-19T00:15:00+09:00,J5,246,230,476
2019-04-19T00:30:00+09:00,J1,339,340,679
2019-04-19T00:30:00+09:00,J2,289,376,665
2019-04-19T00:30:00+09:00,J3,768,637,1405
2019-04-19T00:30:00+09:00,J4,354,317,671
2019-04-19T00:30:00+09:00,J5,247,214,461
2019-04-19T00:45:00+09:00,J1,322,331,653
2019-04-19T00:45:00+09:00,J2,279,378,657
2019-04-19T00:45:00+09:00,J3,806,634,1440
2019-04-19T00:45:00+09:00,J4,318,316,634
2019-04-19T00:45:00+09:00,J5,243,213,456
2019-04-19T05:45:00+09:00,J1,623,601,1224
2019-04-19T05:45:00+09:00,J2,522,445,967
2019-04-19T05:45:00+09:00,J3,400,398,798
2019-04-19T05:45:00+09:00,J4,574,545,1119
2019-04-19T05:45:00+09:00,J5,527,526,1053
2019-04-19T06:00:00+09:00,J1,617,715,1332
2019-04-19T06:00:00+09:00,J2,538,417,955
2019-04-19T06:00:00+09:00,J3,501,390,891
2019-04-19T06:00:00+09:00,J4,581,514,1095
2019-04-19T06:00:00+09:00,J5,539,525,1064
2019-04-19T06:15:00+09:00,J1,679,724,1403
2019-04-19T06:15:00+09:00,J2,568,412,980
2019-04-19T06:15:00+09:00,J3,494,398,892
2019-04-19T06:15:00+09:00,J4,612,617,1229
2019-04-19T06:15:00+09:00,J5,551,617,1168
2019-04-19T06:30:00+09:00,J1,616,754,1370
2019-04-19T06:30:00+09:00,J2,552,514,1066
2019-04-19T06:30:00+09:00,J3,473,363,836
2019-04-19T06:30:00+09:00,J4,529,550,1079
2019-04-19T06:30:00+09:00,J5,531,559,1090
2019-04-19T06:45:00+09:00,J1,719,743,1462
2019-04-19T06:45:00+09:00,J2,677,463,1140
2019-04-19T06:45:00+09:00,J3,553,454,1007
2019-04-19T06:45:00+09:00,J4,596,614,1210
2019-04-19T06:45:00+09:00,J5,530,598,1128
2019-04-19T07:00:00+09:00,J1,852,800,1652
2019-04-19T07:00:00+09:00,J2,593,534,1127
2019-04-19T07:00:00+09:00,J3,551,516,1067
2019-04-19T07:00:00+09:00,J4,614,665,1279
2019-04-19T07:00:00+09:00,J5,521,651,1172
2019-04-19T07:15:00+09:00,J1,819,825,1644
2019-04-19T07:15:00+09:00,J2,478,449,927
2019-04-19T07:15:00+09:00,J3,667,629,1296
2019-04-19T07:15:00+09:00,J4,655,779,1434
2019-04-19T07:15:00+09:00,J5,623,615,1238
2019-04-19T07:30:00+09:00,J1,948,1008,1956
2019-04-19T07:30:00+09:00,J2,496,384,880
2019-04-19T07:30:00+09:00,J3,971,865,1836
2019-04-19T07:30:00+09:00,J4,668,781,1449
2019-04-19T07:30:00+09:00,J5,718,649,1367
2019-04-19T07:45:00+09:00,J1,1117,1106,2223
2019-04-19T07:45:00+09:00,J2,653,431,1084
2019-04-19T07:45:00+09:00,J3,949,1065,2014
2019-04-19T07:45:00+09:00,J4,658,907,1565
2019-04-19T07:45:00+09:00,J5,607,622,1229
2019-04-19T08:00:00+09:00,J1,1367,1209,2576
2019-04-19T08:00:00+09:00,J2,825,544,1369
2019-04-19T08:00:00+09:00,J3,1001,1140,2141
2019-04-19T08:00:00+09:00,J4,683,1021,1704
2019-04-19T08:00:00+09:00,J5,500,484,984
2019-04-19T08:15:00+09:00,J1,1391,1161,2552
2019-04-19T08:15:00+09:00,J2,1016,644,1660
2019-04-19T08:15:00+09:00,J3,1175,1296,2471
2019-04-19T08:15:00+09:00,J4,734,1147,1881
2019-04-19T08:15:00+09:00,J5,472,558,1030
2019-04-19T08:30:00+09:00,J1,1381,1119,2500
2019-04-19T08:30:00+09:00,J2,1098,697,1795
2019-04-19T08:30:00+09:00,J3,1110,1378,2488
2019-04-19T08:30:00+09:00,J4,698,1167,1865
2019-04-19T08:30:00+09:00,J5,524,546,1070
2019-04-19T08:45:00+09:00,J1,1201,1065,2266
2019-04-19T08:45:00+09:00,J2,881,653,1534
2019-04-19T08:45:00+09:00,J3,1014,1163,2177
2019-04-19T08:45:00+09:00,J4,569,939,1508
2019-04-19T08:45:00+09:00,J5,442,446,888
2019-04-19T09:00:00+09:00,J1,1115,1032,2147
2019-04-19T09:00:00+09:00,J2,587,476,1063
2019-04-19T09:00:00+09:00,J3,879,894,1773
2019-04-19T09:00:00+09:00,J4,549,793,1342
2019-04-19T09:00:00+09:00,J5,467,434,901
2019-04-19T09:15:00+09:00,J1,1054,927,1981
2019-04-19T09:15:00+09:00,J2,590,445,1035
2019-04-19T09:15:00+09:00,J3,804,831,1635
2019-04-19T09:15:00+09:00,J4,631,811,1442
2019-04-19T09:15:00+09:00,J5,461,422,883
2019-04-19T09:30:00+09:00,J1,1051,1011,2062
2019-04-19T09:30:00+09:00,J2,540,478,1018
2019-04-19T09:30:00+09:00,J3,820,768,1588
2019-04-19T09:30:00+09:00,J4,657,816,1473
2019-04-19T09:30:00+09:00,J5,449,415,864
2019-04-19T09:45:00+09:00,J1,923,1018,1941
2019-04-19T09:45:00+09:00,J2,583,471,1054
2019-04-19T09:45:00+09:00,J3,731,711,1442
2019-04-19T09:45:00+09:00,J4,665,748,1413
2019-04-19T09:45:00+09:00,J5,466,417,883
2019-04-19T10:00:00+09:00,J1,960,991,1951
2019-04-19T10:00:00+09:00,J2,598,532,1130
2019-04-19T10:00:00+09:00,J3,734,719,1453
2019-04-19T10:00:00+09:00,J4,701,750,1451
2019-04-19T10:00:00+09:00,J5,393,418,811
2019-04-19T10:15:00+09:00,J1,936,898,1834
2019-04-19T10:15:00+09:00,J2,539,482,1021
2019-04-19T10:15:00+09:00,J3,799,693,1492
2019-04-19T10:15:00+09:00,J4,676,762,1438
2019-04-19T10:15:00+09:00,J5,438,418,856
2019-04-19T10:30:00+09:00,J1,834,864,1698
2019-04-19T10:30:00+09:00,J2,531,540,1071
2019-04-19T10:30:00+09:00,J3,963,820,1783
2019-04-19T10:30:00+09:00,J4,675,774,1449
2019-04-19T10:30:00+09:00,J5,436,398,834
2019-04-19T10:45:00+09:00,J1,840,824,1664
2019-04-19T10:45:00+09:00,J2,481,497,978
2019-04-19T10:45:00+09:00,J3,936,889,1825
2019-04-19T10:45:00+09:00,J4,638,751,1389
2019-04-19T10:45:00+09:00,J5,374,326,700
2019-04-19T11:00:00+09:00,J1,978,1057,2035
2019-04-19T11:00:00+09:00,J2,553,521,1074
2019-04-19T11:00:00+09:00,J3,970,1013,1983
2019-04-19T11:00:00+09:00,J4,662,757,1419
2019-04-19T11:00:00+09:00,J5,345,338,683
2019-04-19T11:15:00+09:00,J1,1081,1075,2156
2019-04-19T11:15:00+09:00,J2,572,539,1111
2019-04-19T11:15:00+09:00,J3,963,974,1937
2019-04-19T11:15:00+09:00,J4,606,760,1366
2019-04-19T11:15:00+09:00,J5,385,364,749
2019-04-19T11:30:00+09:00,J1,1014,1200,2214
2019-04-19T11:30:00+09:00,J2,543,594,1137
2019-04-19T11:30:00+09:00,J3,975,1005,1980
2019-04-19T11:30:00+09:00,J4,576,768,1344
2019-04-19T11:30:00+09:00,J5,379,344,723
2019-04-19T11:45:00+09:00,J1,1102,1132,2234
2019-04-19T11:45:00+09:00,J2,556,631,1187
2019-04-19T11:45:00+09:00,J3,1001,934,1935
2019-04-19T11:45:00+09:00,J4,667,681,1348
2019-04-19T11:45:00+09:00,J5,338,332,670
2019-04-19T12:00:00+09:00,J1,936,1126,2062
2019-04-19T12:00:00+09:00,J2,572,579,1151
2019-04-19T12:00:00+09:00,J3,1040,1046,2086
2019-04-19T12:00:00+09:00,J4,650,699,1349
2019-04-19T12:00:00+09:00,J5,353,330,683
2019-04-19T12:15:00+09:00,J1,905,978,1883
2019-04-19T12:15:00+09:00,J2,631,690,1321
2019-04-19T12:15:00+09:00,J3,958,953,1911
2019-04-19T12:15:00+09:00,J4,689,758,1447
2019-04-19T12:15:00+09:00,J5,326,345,671
2019-04-19T12:30:00+09:00,J1,938,1129,2067
2019-04-19T12:30:00+09:00,J2,675,778,1453
2019-04-19T12:30:00+09:00,J3,833,893,1726
2019-04-19T12:30:00+09:00,J4,724,862,1586
2019-04-19T12:30:00+09:00,J5,347,364,711
2019-04-19T12:45:00+09:00,J1,844,1047,1891
2019-04-19T12:45:00+09:00,J2,686,817,1503
2019-04-19T12:45:00+09:00,J3,847,884,1731
2019-04-19T12:45:00+09:00,J4,910,847,1757
2019-04-19T12:45:00+09:00,J5,343,386,729
2019-04-19T13:00:00+09:00,J1,861,949,1810
2019-04-19T13:00:00+09:00,J2,686,740,1426
2019-04-19T13:00:00+09:00,J3,906,852,1758
2019-04-19T13:00:00+09:00,J4,811,769,1580
2019-04-19T13:00:00+09:00,J5,372,373,745
2019-04-19T13:15:00+09:00,J1,883,920,1803
2019-04-19T13:15:00+09:00,J2,742,744,1486
2019-04-19T13:15:00+09:00,J3,857,826,1683
2019-04-19T13:15:00+09:00,J4,791,817,1608
2019-04-19T13:15:00+09:00,J5,327,372,699
2019-04-19T13:30:00+09:00,J1,834,844,1678
2019-04-19T13:30:00+09:00,J2,709,775,1484
2019-04-19T13:30:00+09:00,J3,783,733,1516
2019-04-19T13:30:00+09:00,J4,741,795,1536
2019-04-19T13:30:00+09:00,J5,344,277,621
2019-04-19T13:45:00+09:00,J1,824,789,1613
2019-04-19T13:45:00+09:00,J2,643,698,1341
2019-04-19T13:45:00+09:00,J3,799,724,1523
2019-04-19T13:45:00+09:00,J4,757,761,1518
2019-04-19T13:45:00+09:00,J5,343,328,671
2019-04-19T14:00:00+09:00,J1,751,815,1566
2019-04-19T14:00:00+09:00,J2,726,685,1411
2019-04-19T14:00:00+09:00,J3,755,691,1446
2019-04-19T14:00:00+09:00,J4,837,819,1656
2019-04-19T14:00:00+09:00,J5,315,334,649
2019-04-19T14:15:00+09:00,J1,754,796,1550
2019-04-19T14:15:00+09:00,J2,693,709,1402
2019-04-19T14:15:00+09:00,J3,744,768,1512
2019-04-19T14:15:00+09:00,J4,828,795,1623
2019-04-19T14:15:00+09:00,J5,325,350,675
2019-04-19T14:30:00+09:00,J1,772,863,1635
2019-04-19T14:30:00+09:00,J2,767,715,1482
2019-04-19T14:30:00+09:00,J3,787,772,1559
2019-04-19T14:30:00+09:00,J4,789,771,1560
2019-04-19T14:30:00+09:00,J5,363,371,734
2019-04-19T14:45:00+09:00,J1,727,871,1598
2019-04-19T14:45:00+09:00,J2,715,750,1465
2019-04-19T14:45:00+09:00,J3,709,757,1466
2019-04-19T14:45:00+09:00,J4,829,828,1657
2019-04-19T14:45:00+09:00,J5,346,343,689
2019-04-19T15:00:00+09:00,J1,819,902,1721
2019-04-19T15:00:00+09:00,J2,681,756,1437
2019-04-19T15:00:00+09:00,J3,761,809,1570
2019-04-19T15:00:00+09:00,J4,858,849,1707
2019-04-19T15:00:00+09:00,J5,372,372,744
2019-04-19T15:15:00+09:00,J1,801,914,1715
2019-04-19T15:15:00+09:00,J2,817,759,1576
2019-04-19T15:15:00+09:00,J3,789,848,1637
2019-04-19T15:15:00+09:00,J4,892,901,1793
2019-04-19T15:15:00+09:00,J5,311,330,641
2019-04-19T15:30:00+09:00,J1,767,891,1658
2019-04-19T15:30:00+09:00,J2,782,813,1595
2019-04-19T15:30:00+09:00,J3,782,839,1621
2019-04-19T15:30:00+09:00,J4,859,777,1636
2019-04-19T15:30:00+09:00,J5,345,359,704
2019-04-19T15:45:00+09:00,J1,793,924,1717
2019-04-19T15:45:00+09:00,J2,729,819,1548
2019-04-19T15:45:00+09:00,J3,739,869,1608
2019-04-19T15:45:00+09:00,J4,799,812,1611
2019-04-19T15:45:00+09:00,J5,305,352,657
2019-04-19T16:00:00+09:00,J1,796,895,1691
2019-04-19T16:00:00+09:00,J2,756,730,1486
2019-04-19T16:00:00+09:00,J3,844,721,1565
2019-04-19T16:00:00+09:00,J4,890,824,1714
2019-04-19T16:00:00+09:00,J5,351,318,669
2019-04-19T16:15:00+09:00,J1,846,843,1689
2019-04-19T16:15:00+09:00,J2,751,758,1509
2019-04-19T16:15:00+09:00,J3,793,790,1583
2019-04-19T16:15:00+09:00,J4,843,874,1717
2019-04-19T16:15:00+09:00,J5,344,347,691
2019-04-19T16:30:00+09:00,J1,781,876,1657
2019-04-19T16:30:00+09:00,J2,679,715,1394
2019-04-19T16:30:00+09:00,J3,969,818,1787
2019-04-19T16:30:00+09:00,J4,892,885,1777
2019-04-19T16:30:00+09:00,J5,346,323,669
2019-04-19T16:45:00+09:00,J1,792,910,1702
2019-04-19T16:45:00+09:00,J2,720,686,1406
2019-04-19T16:45:00+09:00,J3,971,904,1875
2019-04-19T16:45:00+09:00,J4,919,804,1723
2019-04-19T16:45:00+09:00,J5,371,367,738
2019-04-19T17:00:00+09:00,J1,892,944,1836
2019-04-19T17:00:00+09:00,J2,757,755,1512
2019-04-19T17:00:00+09:00,J3,932,866,1798
2019-04-19T17:00:00+09:00,J4,979,887,1866
2019-04-19T17:00:00+09:00,J5,412,428,840
2019-04-19T17:15:00+09:00,J1,1023,1151,2174
2019-04-19T17:15:00+09:00,J2,815,791,1606
2019-04-19T17:15:00+09:00,J3,898,883,1781
2019-04-19T17:15:00+09:00,J4,1007,925,1932
2019-04-19T17:15:00+09:00,J5,353,448,801
2019-04-19T17:30:00+09:00,J1,1093,1309,2402
2019-04-19T17:30:00+09:00,J2,871,833,1704
2019-04-19T17:30:00+09:00,J3,1079,921,2000
2019-04-19T17:30:00+09:00,J4,1166,1030,2196
2019-04-19T17:30:00+09:00,J5,415,436,851
2019-04-19T17:45:00+09:00,J1,1029,1299,2328
2019-04-19T17:45:00+09:00,J2,937,848,1785
2019-04-19T17:45:00+09:00,J3,1110,975,2085
2019-04-19T17:45:00+09:00,J4,1226,1011,2237
2019-04-19T17:45:00+09:00,J5,403,468,871
2019-04-19T18:00:00+09:00,J1,1115,1277,2392
2019-04-19T18:00:00+09:00,J2,1018,932,1950
2019-04-19T18:00:00+09:00,J3,1218,1022,2240
2019-04-19T18:00:00+09:00,J4,1162,1005,2167
2019-04-19T18:00:00+09:00,J5,423,451,874
2019-04-19T18:15:00+09:00,J1,1023,1263,2286
2019-04-19T18:15:00+09:00,J2,1040,931,1971
2019-04-19T18:15:00+09:00,J3,1478,996,2474
2019-04-19T18:15:00+09:00,J4,1109,922,2031
2019-04-19T18:15:00+09:00,J5,402,522,924
2019-04-19T18:30:00+09:00,J1,952,1225,2177
2019-04-19T18:30:00+09:00,J2,966,856,1822
2019-04-19T18:30:00+09:00,J3,1258,1022,2280
2019-04-19T18:30:00+09:00,J4,1083,913,1996
2019-04-19T18:30:00+09:00,J5,396,462,858
2019-04-19T18:45:00+09:00,J1,1031,1215,2246
2019-04-19T18:45:00+09:00,J2,823,761,1584
2019-04-19T18:45:00+09:00,J3,1214,999,2213
2019-04-19T18:45:00+09:00,J4,983,849,1832
2019-04-19T18:45:00+09:00,J5,415,445,860
2019-04-19T19:00:00+09:00,J1,962,1107,2069
2019-04-19T19:00:00+09:00,J2,798,748,1546
2019-04-19T19:00:00+09:00,J3,1129,973,2102
2019-04-19T19:00:00+09:00,J4,824,783,1607
2019-04-19T19:00:00+09:00,J5,394,456,850
2019-04-19T19:15:00+09:00,J1,995,1068,2063
2019-04-19T19:15:00+09:00,J2,796,737,1533
2019-04-19T19:15:00+09:00,J3,1034,963,1997
2019-04-19T19:15:00+09:00,J4,850,715,1565
2019-04-19T19:15:00+09:00,J5,356,447,803
2019-04-19T19:30:00+09:00,J1,914,1114,2028
2019-04-19T19:30:00+09:00,J2,750,762,1512
2019-04-19T19:30:00+09:00,J3,1026,1023,2049
2019-04-19T19:30:00+09:00,J4,798,714,1512
2019-04-19T19:30:00+09:00,J5,354,423,777
2019-04-19T19:45:00+09:00,J1,926,1029,1955
2019-04-19T19:45:00+09:00,J2,720,662,1382
2019-04-19T19:45:00+09:00,J3,1026,903,1929
2019-04-19T19:45:00+09:00,J4,733,724,1457
2019-04-19T19:45:00+09:00,J5,304,420,724
2019-04-19T20:00:00+09:00,J1,989,984,1973
2019-04-19T20:00:00+09:00,J2,709,679,1388
2019-04-19T20:00:00+09:00,J3,1050,896,1946
2019-04-19T20:00:00+09:00,J4,781,707,1488
2019-04-19T20:00:00+09:00,J5,355,378,733
2019-04-19T20:15:00+09:00,J1,865,1059,1924
2019-04-19T20:15:00+09:00,J2,708,687,1395
2019-04-19T20:15:00+09:00,J3,974,957,1931
2019-04-19T20:15:00+09:00,J4,772,680,1452
2019-04-19T20:15:00+09:00,J5,384,400,784
2019-04-19T20:30:00+09:00,J1,870,979,1849
2019-04-19T20:30:00+09:00,J2,611,558,1169
2019-04-19T20:30:00+09:00,J3,1002,851,1853
2019-04-19T20:30:00+09:00,J4,698,673,1371
2019-04-19T20:30:00+09:00,J5,399,391,790
2019-04-19T20:45:00+09:00,J1,821,962,1783
2019-04-19T20:45:00+09:00,J2,553,610,1163
2019-04-19T20:45:00+09:00,J3,1008,819,1827
2019-04-19T20:45:00+09:00,J4,609,652,1261
2019-04-19T20:45:00+09:00,J5,339,400,739
2019-04-19T21:00:00+09:00,J1,799,899,1698
2019-04-19T21:00:00+09:00,J2,586,605,1191
2019-04-19T21:00:00+09:00,J3,1018,837,1855
2019-04-19T21:00:00+09:00,J4,684,687,1371
2019-04-19T21:00:00+09:00,J5,386,372,758
2019-04-19T21:15:00+09:00,J1,899,1001,1900
2019-04-19T21:15:00+09:00,J2,520,658,1178
2019-04-19T21:15:00+09:00,J3,1040,941,1981
2019-04-19T21:15:00+09:00,J4,686,653,1339
2019-04-19T21:15:00+09:00,J5,333,402,735
2019-04-19T21:30:00+09:00,J1,841,945,1786
2019-04-19T21:30:00+09:00,J2,547,543,1090
2019-04-19T21:30:00+09:00,J3,1027,892,1919
2019-04-19T21:30:00+09:00,J4,642,677,1319
2019-04-19T21:30:00+09:00,J5,358,399,757
2019-04-19T21:45:00+09:00,J1,801,943,1744
2019-04-19T21:45:00+09:00,J2,409,543,952
2019-04-19T21:45:00+09:00,J3,869,780,1649
2019-04-19T21:45:00+09:00,J4,641,648,1289
2019-04-19T21:45:00+09:00,J5,367,371,738
2019-04-19T22:00:00+09:00,J1,778,883,1661
2019-04-19T22:00:00+09:00,J2,502,508,1010
2019-04-19T22:00:00+09:00,J3,912,760,1672
2019-04-19T22:00:00+09:00,J4,645,678,1323
2019-04-19T22:00:00+09:00,J5,373,371,744
2019-04-19T22:15:00+09:00,J1,880,870,1750
2019-04-19T22:15:00+09:00,J2,315,536,851
2019-04-19T22:15:00+09:00,J3,982,782,1764
2019-04-19T22:15:00+09:00,J4,596,641,1237
2019-04-19T22:15:00+09:00,J5,433,356,789
2019-04-19T22:30:00+09:00,J1,796,966,1762
2019-04-19T22:30:00+09:00,J2,391,565,956
2019-04-19T22:30:00+09:00,J3,926,727,1653
2019-04-19T22:30:00+09:00,J4,641,663,1304
2019-04-19T22:30:00+09:00,J5,425,411,836
2019-04-19T22:45:00+09:00,J1,796,811,1607
2019-04-19T22:45:00+09:00,J2,452,559,1011
2019-04-19T22:45:00+09:00,J3,842,753,1595
2019-04-19T22:45:00+09:00,J4,674,597,1271
2019-04-19T22:45:00+09:00,J5,400,374,774
2019-04-19T23:00:00+09:00,J1,792,865,1657
2019-04-19T23:00:00+09:00,J2,631,654,1285
2019-04-19T23:00:00+09:00,J3,941,751,1692
2019-04-19T23:00:00+09:00,J4,631,669,1300
2019-04-19T23:00:00+09:00,J5,401,363,764
2019-04-19T23:15:00+09:00,J1,764,823,1587
2019-04-19T23:15:00+09:00,J2,349,581,930
2019-04-19T23:15:00+09:00,J3,849,770,1619
2019-04-19T23:15:00+09:00,J4,621,678,1299
2019-04-19T23:15:00+09:00,J5,394,353,747
2019-04-19T23:30:00+09:00,J1,772,836,1608
2019-04-19T23:30:00+09:00,J2,350,568,918
2019-04-19T23:30:00+09:00,J3,900,752,1652
2019-04-19T23:30:00+09:00,J4,528,606,1134
2019-04-19T23:30:00+09:00,J5,394,322,716
2019-04-19T23:45:00+09:00,J1,774,833,1607
2019-04-19T23:45:00+09:00,J2,343,511,854
2019-04-19T23:45:00+09:00,J3,777,675,1452
2019-04-19T23:45:00+09:00,J4,535,484,1019
2019-04-19T23:45:00+09:00,J5,366,361,727
2019-04-20T00:00:00+09:00,J1,601,627,1228
2019-04-20T00:00:00+09:00,J2,358,419,777
2019-04-20T00:00:00+09:00,J3,672,467,1139
2019-04-20T00:00:00+09:00,J4,434,470,904
2019-04-20T00:00:00+09:00,J5,423,458,881
2019-04-20T00:15:00+09:00,J1,461,489,950
2019-04-20T00:15:00+09:00,J2,326,301,627
2019-04-20T00:15:00+09:00,J3,450,396,846
2019-04-20T00:15:00+09:00,J4,354,373,727
2019-04-20T00:15:00+09:00,J5,518,532,1050
2019-04-20T00:30:00+09:00,J1,253,291,544
2019-04-20T00:30:00+09:00,J2,288,257,545
2019-04-20T00:30:00+09:00,J3,412,369,781
2019-04-20T00:30:00+09:00,J4,469,521,990
2019-04-20T00:30:00+09:00,J5,507,512,1019
2019-04-20T00:45:00+09:00,J1,263,276,539
2019-04-20T00:45:00+09:00,J2,243,294,537
2019-04-20T00:45:00+09:00,J3,409,406,815
2019-04-20T00:45:00+09:00,J4,498,478,976
2019-04-20T00:45:00+09:00,J5,510,510,1020
2019-04-20T05:45:00+09:00,J1,339,310,649
2019-04-20T05:45:00+09:00,J2,652,621,1273
2019-04-20T05:45:00+09:00,J3,872,755,1627
2019-04-20T05:45:00+09:00,J4,797,719,1516
2019-04-20T05:45:00+09:00,J5,346,331,677
2019-04-20T06:00:00+09:00,J1,420,407,827
2019-04-20T06:00:00+09:00,J2,785,668,1453
2019-04-20T06:00:00+09:00,J3,801,715,1516
2019-04-20T06:00:00+09:00,J4,785,710,1495
2019-04-20T06:00:00+09:00,J5,400,334,734
2019-04-20T06:15:00+09:00,J1,502,532,1034
2019-04-20T06:15:00+09:00,J2,714,541,1255
2019-04-20T06:15:00+09:00,J3,738,752,1490
2019-04-20T06:15:00+09:00,J4,829,628,1457
2019-04-20T06:15:00+09:00,J5,393,377,770
2019-04-20T06:30:00+09:00,J1,498,598,1096
2019-04-20T06:30:00+09:00,J2,676,582,1258
2019-04-20T06:30:00+09:00,J3,811,725,1536
2019-04-20T06:30:00+09:00,J4,710,633,1343
2019-04-20T06:30:00+09:00,J5,402,381,783
2019-04-20T06:45:00+09:00,J1,483,505,988
2019-04-20T06:45:00+09:00,J2,668,546,1214
2019-04-20T06:45:00+09:00,J3,688,714,1402
2019-04-20T06:45:00+09:00,J4,783,608,1391
2019-04-20T06:45:00+09:00,J5,407,410,817
2019-04-20T07:00:00+09:00,J1,473,563,1036
2019-04-20T07:00:00+09:00,J2,547,489,1036
2019-04-20T07:00:00+09:00,J3,802,683,1485
2019-04-20T07:00:00+09:00,J4,767,685,1452
2019-04-20T07:00:00+09:00,J5,428,392,820
2019-04-20T07:15:00+09:00,J1,511,645,1156
2019-04-20T07:15:00+09:00,J2,390,381,771
2019-04-20T07:15:00+09:00,J3,771,652,1423
2019-04-20T07:15:00+09:00,J4,799,724,1523
2019-04-20T07:15:00+09:00,J5,394,406,800
2019-04-20T07:30:00+09:00,J1,682,682,1364
2019-04-20T07:30:00+09:00,J2,355,398,753
2019-04-20T07:30:00+09:00,J3,607,647,1254
2019-04-20T07:30:00+09:00,J4,781,719,1500
2019-04-20T07:30:00+09:00,J5,429,444,873
2019-04-20T07:45:00+09:00,J1,672,747,1419
2019-04-20T07:45:00+09:00,J2,605,535,1140
2019-04-20T07:45:00+09:00,J3,595,657,1252
2019-04-20T07:45:00+09:00,J4,755,750,1505
2019-04-20T07:45:00+09:00,J5,480,516,996
2019-04-20T08:00:00+09:00,J1,952,964,1916
2019-04-20T08:00:00+09:00,J2,598,562,1160
2019-04-20T08:00:00+09:00,J3,766,734,1500
2019-04-20T08:00:00+09:00,J4,792,743,1535
2019-04-20T08:00:00+09:00,J5,589,603,1192
2019-04-20T08:15:00+09:00,J1,1041,997,2038
2019-04-20T08:15:00+09:00,J2,593,528,1121
2019-04-20T08:15:00+09:00,J3,974,884,1858
2019-04-20T08:15:00+09:00,J4,686,839,1525
2019-04-20T08:15:00+09:00,J5,609,596,1205
2019-04-20T08:30:00+09:00,J1,1021,930,1951
2019-04-20T08:30:00+09:00,J2,522,488,1010
2019-04-20T08:30:00+09:00,J3,990,974,1964
2019-04-20T08:30:00+09:00,J4,625,800,1425
2019-04-20T08:30:00+09:00,J5,496,571,1067
2019-04-20T08:45:00+09:00,J1,913,930,1843
2019-04-20T08:45:00+09:00,J2,510,468,978
2019-04-20T08:45:00+09:00,J3,979,915,1894
2019-04-20T08:45:00+09:00,J4,626,723,1349
2019-04-20T08:45:00+09:00,J5,465,472,937
2019-04-20T09:00:00+09:00,J1,845,836,1681
2019-04-20T09:00:00+09:00,J2,532,400,932
2019-04-20T09:00:00+09:00,J3,944,890,1834
2019-04-20T09:00:00+09:00,J4,564,709,1273
2019-04-20T09:00:00+09:00,J5,481,503,984
2019-04-20T09:15:00+09:00,J1,846,835,1681
2019-04-20T09:15:00+09:00,J2,529,461,990
2019-04-20T09:15:00+09:00,J3,784,814,1598
2019-04-20T09:15:00+09:00,J4,613,646,1259
2019-04-20T09:15:00+09:00,J5,501,583,1084
2019-04-20T09:30:00+09:00,J1,758,804,1562
2019-04-20T09:30:00+09:00,J2,477,502,979
2019-04-20T09:30:00+09:00,J3,926,782,1708
2019-04-20T09:30:00+09:00,J4,682,707,1389
2019-04-20T09:30:00+09:00,J5,498,529,1027
2019-04-20T09:45:00+09:00,J1,824,852,1676
2019-04-20T09:45:00+09:00,J2,558,534,1092
2019-04-20T09:45:00+09:00,J3,823,761,1584
2019-04-20T09:45:00+09:00,J4,652,670,1322
2019-04-20T09:45:00+09:00,J5,423,416,839
2019-04-20T10:00:00+09:00,J1,686,662,1348
2019-04-20T10:00:00+09:00,J2,515,472,987
2019-04-20T10:00:00+09:00,J3,861,812,1673
2019-04-20T10:00:00+09:00,J4,679,727,1406
2019-04-20T10:00:00+09:00,J5,441,414,855
2019-04-20T10:15:00+09:00,J1,702,756,1458
2019-04-20T10:15:00+09:00,J2,542,496,1038
2019-04-20T10:15:00+09:00,J3,855,833,1688
2019-04-20T10:15:00+09:00,J4,603,625,1228
2019-04-20T10:15:00+09:00,J5,406,390,796
2019-04-20T10:30:00+09:00,J1,778,735,1513
2019-04-20T10:30:00+09:00,J2,532,532,1064
2019-04-20T10:30:00+09:00,J3,872,927,1799
2019-04-20T10:30:00+09:00,J4,627,661,1288
2019-04-20T10:30:00+09:00,J5,428,397,825
2019-04-20T10:45:00+09:00,J1,803,794,1597
2019-04-20T10:45:00+09:00,J2,529,531,1060
2019-04-20T10:45:00+09:00,J3,923,931,1854
2019-04-20T10:45:00+09:00,J4,642,625,1267
2019-04-20T10:45:00+09:00,J5,395,362,757
2019-04-20T11:00:00+09:00,J1,920,879,1799
2019-04-20T11:00:00+09:00,J2,548,589,1137
2019-04-20T11:00:00+09:00,J3,1000,1021,2021
2019-04-20T11:00:00+09:00,J4,633,708,1341
2019-04-20T11:00:00+09:00,J5,353,313,666
2019-04-20T11:15:00+09:00,J1,910,874,1784
2019-04-20T11:15:00+09:00,J2,520,557,1077
2019-04-20T11:15:00+09:00,J3,1002,943,1945
2019-04-20T11:15:00+09:00,J4,668,698,1366
2019-04-20T11:15:00+09:00,J5,365,375,740
2019-04-20T11:30:00+09:00,J1,874,847,1721
2019-04-20T11:30:00+09:00,J2,602,599,1201
2019-04-20T11:30:00+09:00,J3,987,1013,2000
2019-04-20T11:30:00+09:00,J4,613,638,1251
2019-04-20T11:30:00+09:00,J5,376,419,795
2019-04-20T11:45:00+09:00,J1,928,905,1833
2019-04-20T11:45:00+09:00,J2,499,537,1036
2019-04-20T11:45:00+09:00,J3,1035,907,1942
2019-04-20T11:45:00+09:00,J4,616,727,1343
2019-04-20T11:45:00+09:00,J5,401,373,774
2019-04-20T12:00:00+09:00,J1,937,961,1898
2019-04-20T12:00:00+09:00,J2,597,620,1217
2019-04-20T12:00:00+09:00,J3,1038,974,2012
2019-04-20T12:00:00+09:00,J4,587,671,1258
2019-04-20T12:00:00+09:00,J5,332,375,707
2019-04-20T12:15:00+09:00,J1,958,1067,2025
2019-04-20T12:15:00+09:00,J2,483,600,1083
2019-04-20T12:15:00+09:00,J3,990,1069,2059
2019-04-20T12:15:00+09:00,J4,594,736,1330
2019-04-20T12:15:00+09:00,J5,362,378,740
2019-04-20T12:30:00+09:00,J1,980,989,1969
2019-04-20T12:30:00+09:00,J2,599,597,1196
2019-04-20T12:30:00+09:00,J3,978,964,1942
2019-04-20T12:30:00+09:00,J4,692,780,1472
2019-04-20T12:30:00+09:00,J5,392,352,744
2019-04-20T12:45:00+09:00,J1,945,1056,2001
2019-04-20T12:45:00+09:00,J2,540,572,1112
2019-04-20T12:45:00+09:00,J3,828,928,1756
2019-04-20T12:45:00+09:00,J4,798,797,1595
2019-04-20T12:45:00+09:00,J5,342,300,642
2019-04-20T13:00:00+09:00,J1,947,1035,1982
2019-04-20T13:00:00+09:00,J2,558,635,1193
2019-04-20T13:00:00+09:00,J3,955,930,1885
2019-04-20T13:00:00+09:00,J4,826,845,1671
2019-04-20T13:00:00+09:00,J5,364,387,751
2019-04-20T13:15:00+09:00,J1,979,1166,2145
2019-04-20T13:15:00+09:00,J2,640,660,1300
2019-04-20T13:15:00+09:00,J3,1048,963,2011
2019-04-20T13:15:00+09:00,J4,788,775,1563
2019-04-20T13:15:00+09:00,J5,383,348,731
2019-04-20T13:30:00+09:00,J1,905,1068,1973
2019-04-20T13:30:00+09:00,J2,565,705,1270
2019-04-20T13:30:00+09:00,J3,973,920,1893
2019-04-20T13:30:00+09:00,J4,828,712,1540
2019-04-20T13:30:00+09:00,J5,368,368,736
2019-04-20T13:45:00+09:00,J1,1008,1210,2218
2019-04-20T13:45:00+09:00,J2,528,596,1124
2019-04-20T13:45:00+09:00,J3,938,935,1873
2019-04-20T13:45:00+09:00,J4,807,790,1597
2019-04-20T13:45:00+09:00,J5,333,340,673
2019-04-20T14:00:00+09:00,J1,1006,1108,2114
2019-04-20T14:00:00+09:00,J2,553,626,1179
2019-04-20T14:00:00+09:00,J3,905,931,1836
2019-04-20T14:00:00+09:00,J4,807,753,1560
2019-04-20T14:00:00+09:00,J5,356,353,709
2019-04-20T14:15:00+09:00,J1,1060,1146,2206
2019-04-20T14:15:00+09:00,J2,591,734,1325
2019-04-20T14:15:00+09:00,J3,1010,929,1939
2019-04-20T14:15:00+09:00,J4,785,764,1549
2019-04-20T14:15:00+09:00,J5,363,375,738
2019-04-20T14:30:00+09:00,J1,909,1119,2028
2019-04-20T14:30:00+09:00,J2,633,841,1474
2019-04-20T14:30:00+09:00,J3,914,940,1854
2019-04-20T14:30:00+09:00,J4,760,776,1536
2019-04-20T14:30:00+09:00,J5,386,403,789
2019-04-20T14:45:00+09:00,J1,980,1113,2093
2019-04-20T14:45:00+09:00,J2,756,778,1534
2019-04-20T14:45:00+09:00,J3,966,971,1937
2019-04-20T14:45:00+09:00,J4,839,858,1697
2019-04-20T14:45:00+09:00,J5,392,378,770
2019-04-20T15:00:00+09:00,J1,1075,1239,2314
2019-04-20T15:00:00+09:00,J2,825,818,1643
2019-04-20T15:00:00+09:00,J3,923,968,1891
2019-04-20T15:00:00+09:00,J4,822,824,1646
2019-04-20T15:00:00+09:00,J5,360,352,712
2019-04-20T15:15:00+09:00,J1,860,1025,1885
2019-04-20T15:15:00+09:00,J2,652,639,1291
2019-04-20T15:15:00+09:00,J3,717,766,1483
2019-04-20T15:15:00+09:00,J4,724,677,1401
2019-04-20T15:15:00+09:00,J5,255,354,609
2019-04-20T15:30:00+09:00,J1,1310,1537,2847
2019-04-20T15:30:00+09:00,J2,843,835,1678
2019-04-20T15:30:00+09:00,J3,1083,1189,2272
2019-04-20T15:30:00+09:00,J4,1194,981,2175
2019-04-20T15:30:00+09:00,J5,454,471,925
2019-04-20T15:45:00+09:00,J1,1156,1149,2305
2019-04-20T15:45:00+09:00,J2,642,750,1392
2019-04-20T15:45:00+09:00,J3,884,938,1822
2019-04-20T15:45:00+09:00,J4,1003,916,1919
2019-04-20T15:45:00+09:00,J5,363,380,743
2019-04-20T16:00:00+09:00,J1,1014,1241,2255
2019-04-20T16:00:00+09:00,J2,663,739,1402
2019-04-20T16:00:00+09:00,J3,1043,1005,2048
2019-04-20T16:00:00+09:00,J4,971,885,1856
2019-04-20T16:00:00+09:00,J5,348,406,754
2019-04-20T16:15:00+09:00,J1,1036,1179,2215
2019-04-20T16:15:00+09:00,J2,626,686,1312
2019-04-20T16:15:00+09:00,J3,1111,963,2074
2019-04-20T16:15:00+09:00,J4,923,911,1834
2019-04-20T16:15:00+09:00,J5,344,347,691
2019-04-20T16:30:00+09:00,J1,1030,1160,2190
2019-04-20T16:30:00+09:00,J2,586,690,1276
2019-04-20T16:30:00+09:00,J3,1222,945,2167
2019-04-20T16:30:00+09:00,J4,863,851,1714
2019-04-20T16:30:00+09:00,J5,362,324,686
2019-04-20T16:45:00+09:00,J1,1022,1223,2245
2019-04-20T16:45:00+09:00,J2,623,725,1348
2019-04-20T16:45:00+09:00,J3,1117,1008,2125
2019-04-20T16:45:00+09:00,J4,964,881,1845
2019-04-20T16:45:00+09:00,J5,367,330,697
2019-04-20T17:00:00+09:00,J1,1151,1280,2431
2019-04-20T17:00:00+09:00,J2,657,725,1382
2019-04-20T17:00:00+09:00,J3,1025,993,2018
2019-04-20T17:00:00+09:00,J4,1034,943,1977
2019-04-20T17:00:00+09:00,J5,393,373,766
2019-04-20T17:15:00+09:00,J1,1208,1250,2458
2019-04-20T17:15:00+09:00,J2,753,759,1512
2019-04-20T17:15:00+09:00,J3,992,892,1884
2019-04-20T17:15:00+09:00,J4,1058,985,2043
2019-04-20T17:15:00+09:00,J5,419,390,809
2019-04-20T17:30:00+09:00,J1,1242,1287,2529
2019-04-20T17:30:00+09:00,J2,724,720,1444
2019-04-20T17:30:00+09:00,J3,1022,932,1954
2019-04-20T17:30:00+09:00,J4,1147,960,2107
2019-04-20T17:30:00+09:00,J5,397,370,767
2019-04-20T17:45:00+09:00,J1,1139,1274,2413
2019-04-20T17:45:00+09:00,J2,697,756,1453
2019-04-20T17:45:00+09:00,J3,959,887,1846
2019-04-20T17:45:00+09:00,J4,1105,924,2029
2019-04-20T17:45:00+09:00,J5,415,385,800
2019-04-20T18:00:00+09:00,J1,1119,1291,2410
2019-04-20T18:00:00+09:00,J2,686,805,1491
2019-04-20T18:00:00+09:00,J3,1056,1028,2084
2019-04-20T18:00:00+09:00,J4,1020,921,1941
2019-04-20T18:00:00+09:00,J5,484,440,924
2019-04-20T18:15:00+09:00,J1,1147,1301,2448
2019-04-20T18:15:00+09:00,J2,767,712,1479
2019-04-20T18:15:00+09:00,J3,1218,1003,2221
2019-04-20T18:15:00+09:00,J4,988,798,1786
2019-04-20T18:15:00+09:00,J5,456,389,845
2019-04-20T18:30:00+09:00,J1,1111,1162,2273
2019-04-20T18:30:00+09:00,J2,744,679,1423
2019-04-20T18:30:00+09:00,J3,1173,1016,2189
2019-04-20T18:30:00+09:00,J4,891,755,1646
2019-04-20T18:30:00+09:00,J5,423,428,851
2019-04-20T18:45:00+09:00,J1,1042,1067,2109
2019-04-20T18:45:00+09:00,J2,570,560,1130
2019-04-20T18:45:00+09:00,J3,1194,999,2193
2019-04-20T18:45:00+09:00,J4,859,722,1581
2019-04-20T18:45:00+09:00,J5,377,404,781
2019-04-20T19:00:00+09:00,J1,1029,1198,2227
2019-04-20T19:00:00+09:00,J2,546,618,1164
2019-04-20T19:00:00+09:00,J3,1083,1042,2125
2019-04-20T19:00:00+09:00,J4,895,747,1642
2019-04-20T19:00:00+09:00,J5,393,402,795
2019-04-20T19:15:00+09:00,J1,1030,1155,2185
2019-04-20T19:15:00+09:00,J2,572,631,1203
2019-04-20T19:15:00+09:00,J3,1030,1005,2035
2019-04-20T19:15:00+09:00,J4,949,730,1679
2019-04-20T19:15:00+09:00,J5,382,429,811
2019-04-20T19:30:00+09:00,J1,993,1067,2060
2019-04-20T19:30:00+09:00,J2,532,575,1107
2019-04-20T19:30:00+09:00,J3,932,855,1787
2019-04-20T19:30:00+09:00,J4,902,685,1587
2019-04-20T19:30:00+09:00,J5,364,331,695
2019-04-20T19:45:00+09:00,J1,966,1008,1974
2019-04-20T19:45:00+09:00,J2,592,633,1225
2019-04-20T19:45:00+09:00,J3,946,846,1792
2019-04-20T19:45:00+09:00,J4,716,697,1413
2019-04-20T19:45:00+09:00,J5,294,286,580
2019-04-20T20:00:00+09:00,J1,938,1126,2064
2019-04-20T20:00:00+09:00,J2,747,662,1409
2019-04-20T20:00:00+09:00,J3,989,852,1841
2019-04-20T20:00:00+09:00,J4,700,646,1346
2019-04-20T20:00:00+09:00,J5,383,405,788
2019-04-20T20:15:00+09:00,J1,1014,1125,2139
2019-04-20T20:15:00+09:00,J2,623,618,1241
2019-04-20T20:15:00+09:00,J3,940,899,1839
2019-04-20T20:15:00+09:00,J4,826,689,1515
2019-04-20T20:15:00+09:00,J5,374,390,764
2019-04-20T20:30:00+09:00,J1,966,1108,2074
2019-04-20T20:30:00+09:00,J2,554,549,1103
2019-04-20T20:30:00+09:00,J3,861,863,1724
2019-04-20T20:30:00+09:00,J4,598,641,1239
2019-04-20T20:30:00+09:00,J5,354,326,680
2019-04-20T20:45:00+09:00,J1,923,1063,1986
2019-04-20T20:45:00+09:00,J2,577,526,1103
2019-04-20T20:45:00+09:00,J3,872,807,1679
2019-04-20T20:45:00+09:00,J4,602,557,1159
2019-04-20T20:45:00+09:00,J5,334,313,647
2019-04-20T21:00:00+09:00,J1,1005,1076,2081
2019-04-20T21:00:00+09:00,J2,562,543,1105
2019-04-20T21:00:00+09:00,J3,1027,816,1843
2019-04-20T21:00:00+09:00,J4,626,613,1239
2019-04-20T21:00:00+09:00,J5,376,283,659
2019-04-20T21:15:00+09:00,J1,869,1053,1922
2019-04-20T21:15:00+09:00,J2,517,537,1054
2019-04-20T21:15:00+09:00,J3,1010,878,1888
2019-04-20T21:15:00+09:00,J4,713,594,1307
2019-04-20T21:15:00+09:00,J5,380,311,691
2019-04-20T21:30:00+09:00,J1,940,1106,2046
2019-04-20T21:30:00+09:00,J2,555,592,1147
2019-04-20T21:30:00+09:00,J3,1031,868,1899
2019-04-20T21:30:00+09:00,J4,653,660,1313
2019-04-20T21:30:00+09:00,J5,397,346,743
2019-04-20T21:45:00+09:00,J1,881,1048,1929
2019-04-20T21:45:00+09:00,J2,586,535,1121
2019-04-20T21:45:00+09:00,J3,939,908,1847
2019-04-20T21:45:00+09:00,J4,643,643,1286
2019-04-20T21:45:00+09:00,J5,370,328,698
2019-04-20T22:00:00+09:00,J1,867,987,1854
2019-04-20T22:00:00+09:00,J2,575,579,1154
2019-04-20T22:00:00+09:00,J3,930,818,1748
2019-04-20T22:00:00+09:00,J4,616,736,1352
2019-04-20T22:00:00+09:00,J5,342,317,659
2019-04-20T22:15:00+09:00,J1,871,981,1852
2019-04-20T22:15:00+09:00,J2,524,551,1075
2019-04-20T22:15:00+09:00,J3,810,762,1572
2019-04-20T22:15:00+09:00,J4,588,750,1338
2019-04-20T22:15:00+09:00,J5,379,366,745
2019-04-20T22:30:00+09:00,J1,832,905,1737
2019-04-20T22:30:00+09:00,J2,553,530,1083
2019-04-20T22:30:00+09:00,J3,875,784,1659
2019-04-20T22:30:00+09:00,J4,591,702,1293
2019-04-20T22:30:00+09:00,J5,382,398,780
2019-04-20T22:45:00+09:00,J1,744,938,1682
2019-04-20T22:45:00+09:00,J2,602,549,1151
2019-04-20T22:45:00+09:00,J3,804,670,1474
2019-04-20T22:45:00+09:00,J4,617,723,1340
2019-04-20T22:45:00+09:00,J5,381,450,831
2019-04-20T23:00:00+09:00,J1,842,885,1727
2019-04-20T23:00:00+09:00,J2,532,482,1014
2019-04-20T23:00:00+09:00,J3,684,638,1322
2019-04-20T23:00:00+09:00,J4,609,710,1319
2019-04-20T23:00:00+09:00,J5,393,372,765
2019-04-20T23:15:00+09:00,J1,810,913,1723
2019-04-20T23:15:00+09:00,J2,594,592,1186
2019-04-20T23:15:00+09:00,J3,676,625,1301
2019-04-20T23:15:00+09:00,J4,549,660,1209
2019-04-20T23:15:00+09:00,J5,410,430,840
2019-04-20T23:30:00+09:00,J1,691,873,1564
2019-04-20T23:30:00+09:00,J2,686,623,1309
2019-04-20T23:30:00+09:00,J3,694,621,1315
2019-04-20T23:30:00+09:00,J4,544,648,1192
2019-04-20T23:30:00+09:00,J5,431,453,884
2019-04-20T23:45:00+09:00,J1,811,915,1726
2019-04-20T23:45:00+09:00,J2,519,512,1031
2019-04-20T23:45:00+09:00,J3,706,665,1371
2019-04-20T23:45:00+09:00,J4,472,618,1090
2019-04-20T23:45:00+09:00,J5,397,460,857
2019-04-21T00:00:00+09:00,J1,633,636,1269
2019-04-21T00:00:00+09:00,J2,669,566,1235
2019-04-21T00:00:00+09:00,J3,496,470,966
2019-04-21T00:00:00+09:00,J4,528,570,1098
2019-04-21T00:00:00+09:00,J5,525,510,1035
2019-04-21T00:15:00+09:00,J1,382,358,740
2019-04-21T00:15:00+09:00,J2,679,561,1240
2019-04-21T00:15:00+09:00,J3,462,389,851
2019-04-21T00:15:00+09:00,J4,465,479,944
2019-04-21T00:15:00+09:00,J5,528,584,1112
2019-04-21T00:30:00+09:00,J1,421,450,871
2019-04-21T00:30:00+09:00,J2,681,639,1320
2019-04-21T00:30:00+09:00,J3,521,488,1009
2019-04-21T00:30:00+09:00,J4,604,574,1178
2019-04-21T00:30:00+09:00,J5,459,465,924
2019-04-21T00:45:00+09:00,J1,507,602,1109
2019-04-21T00:45:00+09:00,J2,700,686,1386
2019-04-21T00:45:00+09:00,J3,529,488,1017
2019-04-21T00:45:00+09:00,J4,545,556,1101
2019-04-21T00:45:00+09:00,J5,389,499,888
2019-04-21T05:45:00+09:00,J1,615,679,1294
2019-04-21T05:45:00+09:00,J2,479,474,953
2019-04-21T05:45:00+09:00,J3,959,866,1825
2019-04-21T05:45:00+09:00,J4,840,706,1546
2019-04-21T05:45:00+09:00,J5,274,316,590
2019-04-21T06:00:00+09:00,J1,550,537,1087
2019-04-21T06:00:00+09:00,J2,582,592,1174
2019-04-21T06:00:00+09:00,J3,855,860,1715
2019-04-21T06:00:00+09:00,J4,850,673,1523
2019-04-21T06:00:00+09:00,J5,347,353,700
2019-04-21T06:15:00+09:00,J1,683,698,1381
2019-04-21T06:15:00+09:00,J2,614,646,1260
2019-04-21T06:15:00+09:00,J3,935,833,1768
2019-04-21T06:15:00+09:00,J4,862,745,1607
2019-04-21T06:15:00+09:00,J5,396,390,786
2019-04-21T06:30:00+09:00,J1,613,646,1259
2019-04-21T06:30:00+09:00,J2,558,611,1169
2019-04-21T06:30:00+09:00,J3,873,782,1655
2019-04-21T06:30:00+09:00,J4,749,725,1474
2019-04-21T06:30:00+09:00,J5,339,317,656
2019-04-21T06:45:00+09:00,J1,634,609,1243
2019-04-21T06:45:00+09:00,J2,549,587,1136
2019-04-21T06:45:00+09:00,J3,952,783,1735
2019-04-21T06:45:00+09:00,J4,895,727,1622
2019-04-21T06:45:00+09:00,J5,377,371,748
2019-04-21T07:00:00+09:00,J1,736,733,1469
2019-04-21T07:00:00+09:00,J2,608,671,1279
2019-04-21T07:00:00+09:00,J3,787,792,1579
2019-04-21T07:00:00+09:00,J4,853,704,1557
2019-04-21T07:00:00+09:00,J5,365,374,739
2019-04-21T07:15:00+09:00,J1,702,733,1435
2019-04-21T07:15:00+09:00,J2,599,584,1183
2019-04-21T07:15:00+09:00,J3,899,862,1761
2019-04-21T07:15:00+09:00,J4,851,773,1624
2019-04-21T07:15:00+09:00,J5,380,344,724
2019-04-21T07:30:00+09:00,J1,671,652,1323
2019-04-21T07:30:00+09:00,J2,663,649,1312
2019-04-21T07:30:00+09:00,J3,775,724,1499
2019-04-21T07:30:00+09:00,J4,829,750,1579
2019-04-21T07:30:00+09:00,J5,393,367,760
2019-04-21T07:45:00+09:00,J1,709,691,1400
2019-04-21T07:45:00+09:00,J2,701,681,1382
2019-04-21T07:45:00+09:00,J3,742,656,1398
2019-04-21T07:45:00+09:00,J4,788,680,1468
2019-04-21T07:45:00+09:00,J5,448,414,862
2019-04-21T08:00:00+09:00,J1,1093,996,2089
2019-04-21T08:00:00+09:00,J2,626,647,1273
2019-04-21T08:00:00+09:00,J3,734,657,1391
2019-04-21T08:00:00+09:00,J4,773,742,1515
2019-04-21T08:00:00+09:00,J5,531,598,1129
2019-04-21T08:15:00+09:00,J1,972,960,1932
2019-04-21T08:15:00+09:00,J2,606,594,1200
2019-04-21T08:15:00+09:00,J3,855,764,1619
2019-04-21T08:15:00+09:00,J4,775,712,1487
2019-04-21T08:15:00+09:00,J5,646,604,1250
2019-04-21T08:30:00+09:00,J1,954,932,1886
2019-04-21T08:30:00+09:00,J2,568,551,1119
2019-04-21T08:30:00+09:00,J3,929,910,1839
2019-04-21T08:30:00+09:00,J4,784,788,1572
2019-04-21T08:30:00+09:00,J5,638,613,1251
2019-04-21T08:45:00+09:00,J1,826,903,1729
2019-04-21T08:45:00+09:00,J2,556,548,1104
2019-04-21T08:45:00+09:00,J3,984,922,1906
2019-04-21T08:45:00+09:00,J4,814,765,1579
2019-04-21T08:45:00+09:00,J5,519,587,1106
2019-04-21T09:00:00+09:00,J1,727,766,1493
2019-04-21T09:00:00+09:00,J2,505,531,1036
2019-04-21T09:00:00+09:00,J3,957,818,1775
2019-04-21T09:00:00+09:00,J4,703,743,1446
2019-04-21T09:00:00+09:00,J5,583,583,1166
2019-04-21T09:15:00+09:00,J1,783,760,1543
2019-04-21T09:15:00+09:00,J2,541,532,1073
2019-04-21T09:15:00+09:00,J3,929,785,1714
2019-04-21T09:15:00+09:00,J4,653,747,1400
2019-04-21T09:15:00+09:00,J5,549,572,1121
2019-04-21T09:30:00+09:00,J1,796,818,1614
2019-04-21T09:30:00+09:00,J2,650,479,1129
2019-04-21T09:30:00+09:00,J3,838,717,1555
2019-04-21T09:30:00+09:00,J4,715,817,1532
2019-04-21T09:30:00+09:00,J5,546,592,1138
2019-04-21T09:45:00+09:00,J1,759,734,1493
2019-04-21T09:45:00+09:00,J2,561,575,1136
2019-04-21T09:45:00+09:00,J3,758,561,1319
2019-04-21T09:45:00+09:00,J4,667,738,1405
2019-04-21T09:45:00+09:00,J5,495,526,1021
2019-04-21T10:00:00+09:00,J1,729,724,1453
2019-04-21T10:00:00+09:00,J2,527,509,1036
2019-04-21T10:00:00+09:00,J3,733,648,1381
2019-04-21T10:00:00+09:00,J4,627,662,1289
2019-04-21T10:00:00+09:00,J5,468,559,1027
2019-04-21T10:15:00+09:00,J1,803,685,1488
2019-04-21T10:15:00+09:00,J2,523,535,1058
2019-04-21T10:15:00+09:00,J3,894,728,1622
2019-04-21T10:15:00+09:00,J4,628,750,1378
2019-04-21T10:15:00+09:00,J5,427,421,848
2019-04-21T10:30:00+09:00,J1,724,733,1457
2019-04-21T10:30:00+09:00,J2,501,514,1015
2019-04-21T10:30:00+09:00,J3,909,756,1665
2019-04-21T10:30:00+09:00,J4,656,672,1328
2019-04-21T10:30:00+09:00,J5,464,481,945
2019-04-21T10:45:00+09:00,J1,802,680,1482
2019-04-21T10:45:00+09:00,J2,483,536,1019
2019-04-21T10:45:00+09:00,J3,940,891,1831
2019-04-21T10:45:00+09:00,J4,609,648,1257
2019-04-21T10:45:00+09:00,J5,341,328,669
2019-04-21T11:00:00+09:00,J1,906,871,1777
2019-04-21T11:00:00+09:00,J2,521,543,1064
2019-04-21T11:00:00+09:00,J3,1076,987,2063
2019-04-21T11:00:00+09:00,J4,615,716,1331
2019-04-21T11:00:00+09:00,J5,440,442,882
2019-04-21T11:15:00+09:00,J1,849,854,1703
2019-04-21T11:15:00+09:00,J2,431,477,908
2019-04-21T11:15:00+09:00,J3,1011,958,1969
2019-04-21T11:15:00+09:00,J4,537,646,1183
2019-04-21T11:15:00+09:00,J5,398,384,782
2019-04-21T11:30:00+09:00,J1,818,952,1770
2019-04-21T11:30:00+09:00,J2,483,553,1036
2019-04-21T11:30:00+09:00,J3,972,953,1925
2019-04-21T11:30:00+09:00,J4,592,665,1257
2019-04-21T11:30:00+09:00,J5,398,387,785
2019-04-21T11:45:00+09:00,J1,809,896,1705
2019-04-21T11:45:00+09:00,J2,517,541,1058
2019-04-21T11:45:00+09:00,J3,924,867,1791
2019-04-21T11:45:00+09:00,J4,612,637,1249
2019-04-21T11:45:00+09:00,J5,359,430,789
2019-04-21T12:00:00+09:00,J1,756,912,1668
2019-04-21T12:00:00+09:00,J2,588,611,1199
2019-04-21T12:00:00+09:00,J3,929,831,1760
2019-04-21T12:00:00+09:00,J4,677,622,1299
2019-04-21T12:00:00+09:00,J5,378,407,785
2019-04-21T12:15:00+09:00,J1,848,946,1794
2019-04-21T12:15:00+09:00,J2,679,677,1356
2019-04-21T12:15:00+09:00,J3,859,803,1662
2019-04-21T12:15:00+09:00,J4,606,590,1196
2019-04-21T12:15:00+09:00,J5,351,388,739
2019-04-21T12:30:00+09:00,J1,785,810,1595
2019-04-21T12:30:00+09:00,J2,707,609,1316
2019-04-21T12:30:00+09:00,J3,825,721,1546
2019-04-21T12:30:00+09:00,J4,678,630,1308
2019-04-21T12:30:00+09:00,J5,362,336,698
2019-04-21T12:45:00+09:00,J1,728,878,1606
2019-04-21T12:45:00+09:00,J2,772,669,1441
2019-04-21T12:45:00+09:00,J3,696,693,1389
2019-04-21T12:45:00+09:00,J4,687,694,1381
2019-04-21T12:45:00+09:00,J5,352,353,705
2019-04-21T13:00:00+09:00,J1,735,848,1583
2019-04-21T13:00:00+09:00,J2,791,758,1549
2019-04-21T13:00:00+09:00,J3,766,672,1438
2019-04-21T13:00:00+09:00,J4,858,856,1714
2019-04-21T13:00:00+09:00,J5,354,367,721
2019-04-21T13:15:00+09:00,J1,745,876,1621
2019-04-21T13:15:00+09:00,J2,852,710,1562
2019-04-21T13:15:00+09:00,J3,769,674,1443
2019-04-21T13:15:00+09:00,J4,976,903,1879
2019-04-21T13:15:00+09:00,J5,366,402,768
2019-04-21T13:30:00+09:00,J1,752,825,1577
2019-04-21T13:30:00+09:00,J2,866,736,1602
2019-04-21T13:30:00+09:00,J3,777,697,1474
2019-04-21T13:30:00+09:00,J4,969,914,1883
2019-04-21T13:30:00+09:00,J5,377,384,761
2019-04-21T13:45:00+09:00,J1,819,830,1649
2019-04-21T13:45:00+09:00,J2,839,675,1514
2019-04-21T13:45:00+09:00,J3,706,672,1378
2019-04-21T13:45:00+09:00,J4,973,867,1840
2019-04-21T13:45:00+09:00,J5,340,385,725
2019-04-21T14:00:00+09:00,J1,764,787,1551
2019-04-21T14:00:00+09:00,J2,954,635,1589
2019-04-21T14:00:00+09:00,J3,718,728,1446
2019-04-21T14:00:00+09:00,J4,995,928,1923
2019-04-21T14:00:00+09:00,J5,368,459,827
2019-04-21T14:15:00+09:00,J1,778,853,1631
2019-04-21T14:15:00+09:00,J2,851,631,1482
2019-04-21T14:15:00+09:00,J3,737,662,1399
2019-04-21T14:15:00+09:00,J4,1012,886,1898
2019-04-21T14:15:00+09:00,J5,331,397,728
2019-04-21T14:30:00+09:00,J1,699,839,1538
2019-04-21T14:30:00+09:00,J2,936,633,1569
2019-04-21T14:30:00+09:00,J3,734,688,1422
2019-04-21T14:30:00+09:00,J4,1041,950,1991
2019-04-21T14:30:00+09:00,J5,395,389,784
2019-04-21T14:45:00+09:00,J1,656,822,1478
2019-04-21T14:45:00+09:00,J2,895,662,1557
2019-04-21T14:45:00+09:00,J3,774,699,1473
2019-04-21T14:45:00+09:00,J4,973,933,1906
2019-04-21T14:45:00+09:00,J5,407,415,822
2019-04-21T15:00:00+09:00,J1,649,763,1412
2019-04-21T15:00:00+09:00,J2,907,718,1625
2019-04-21T15:00:00+09:00,J3,658,711,1369
2019-04-21T15:00:00+09:00,J4,915,918,1833
2019-04-21T15:00:00+09:00,J5,417,497,914
2019-04-21T15:15:00+09:00,J1,732,808,1540
2019-04-21T15:15:00+09:00,J2,895,623,1518
2019-04-21T15:15:00+09:00,J3,724,699,1423
2019-04-21T15:15:00+09:00,J4,866,900,1766
2019-04-21T15:15:00+09:00,J5,416,485,901
2019-04-21T15:30:00+09:00,J1,754,811,1565
2019-04-21T15:30:00+09:00,J2,880,658,1538
2019-04-21T15:30:00+09:00,J3,691,693,1384
2019-04-21T15:30:00+09:00,J4,937,858,1795
2019-04-21T15:30:00+09:00,J5,412,467,879
2019-04-21T15:45:00+09:00,J1,679,797,1476
2019-04-21T15:45:00+09:00,J2,806,631,1437
2019-04-21T15:45:00+09:00,J3,699,706,1405
2019-04-21T15:45:00+09:00,J4,929,909,1838
2019-04-21T15:45:00+09:00,J5,466,494,960
2019-04-21T16:00:00+09:00,J1,680,745,1425
2019-04-21T16:00:00+09:00,J2,835,627,1462
2019-04-21T16:00:00+09:00,J3,729,741,1470
2019-04-21T16:00:00+09:00,J4,920,880,1800
2019-04-21T16:00:00+09:00,J5,403,461,864
2019-04-21T16:15:00+09:00,J1,646,782,1428
2019-04-21T16:15:00+09:00,J2,817,674,1491
2019-04-21T16:15:00+09:00,J3,757,762,1519
2019-04-21T16:15:00+09:00,J4,922,822,1744
2019-04-21T16:15:00+09:00,J5,457,504,961
2019-04-21T16:30:00+09:00,J1,749,907,1656
2019-04-21T16:30:00+09:00,J2,856,685,1541
2019-04-21T16:30:00+09:00,J3,748,699,1447
2019-04-21T16:30:00+09:00,J4,857,818,1675
2019-04-21T16:30:00+09:00,J5,403,444,847
2019-04-21T16:45:00+09:00,J1,756,823,1579
2019-04-21T16:45:00+09:00,J2,877,699,1576
2019-04-21T16:45:00+09:00,J3,759,691,1450
2019-04-21T16:45:00+09:00,J4,892,843,1735
2019-04-21T16:45:00+09:00,J5,406,426,832
2019-04-21T17:00:00+09:00,J1,853,1003,1856
2019-04-21T17:00:00+09:00,J2,878,760,1638
2019-04-21T17:00:00+09:00,J3,722,721,1443
2019-04-21T17:00:00+09:00,J4,877,869,1746
2019-04-21T17:00:00+09:00,J5,403,404,807
2019-04-21T17:15:00+09:00,J1,911,1004,1915
2019-04-21T17:15:00+09:00,J2,990,804,1794
2019-04-21T17:15:00+09:00,J3,757,738,1495
2019-04-21T17:15:00+09:00,J4,929,801,1730
2019-04-21T17:15:00+09:00,J5,426,431,857
2019-04-21T17:30:00+09:00,J1,866,1003,1869
2019-04-21T17:30:00+09:00,J2,933,736,1669
2019-04-21T17:30:00+09:00,J3,814,683,1497
2019-04-21T17:30:00+09:00,J4,884,864,1748
2019-04-21T17:30:00+09:00,J5,370,406,776
2019-04-21T17:45:00+09:00,J1,823,1043,1866
2019-04-21T17:45:00+09:00,J2,852,874,1726
2019-04-21T17:45:00+09:00,J3,829,696,1525
2019-04-21T17:45:00+09:00,J4,892,798,1690
2019-04-21T17:45:00+09:00,J5,417,405,822
2019-04-21T18:00:00+09:00,J1,876,996,1872
2019-04-21T18:00:00+09:00,J2,898,833,1731
2019-04-21T18:00:00+09:00,J3,906,727,1633
2019-04-21T18:00:00+09:00,J4,950,853,1803
2019-04-21T18:00:00+09:00,J5,408,433,841
2019-04-21T18:15:00+09:00,J1,921,986,1907
2019-04-21T18:15:00+09:00,J2,816,934,1750
2019-04-21T18:15:00+09:00,J3,1006,833,1839
2019-04-21T18:15:00+09:00,J4,932,761,1693
2019-04-21T18:15:00+09:00,J5,398,429,827
2019-04-21T18:30:00+09:00,J1,771,828,1599
2019-04-21T18:30:00+09:00,J2,697,736,1433
2019-04-21T18:30:00+09:00,J3,905,829,1734
2019-04-21T18:30:00+09:00,J4,900,858,1758
2019-04-21T18:30:00+09:00,J5,395,419,814
2019-04-21T18:45:00+09:00,J1,762,826,1588
2019-04-21T18:45:00+09:00,J2,604,674,1278
2019-04-21T18:45:00+09:00,J3,933,833,1766
2019-04-21T18:45:00+09:00,J4,787,694,1481
2019-04-21T18:45:00+09:00,J5,366,364,730
2019-04-21T19:00:00+09:00,J1,676,862,1538
2019-04-21T19:00:00+09:00,J2,668,686,1354
2019-04-21T19:00:00+09:00,J3,867,770,1637
2019-04-21T19:00:00+09:00,J4,724,653,1377
2019-04-21T19:00:00+09:00,J5,410,369,779
2019-04-21T19:15:00+09:00,J1,637,706,1343
2019-04-21T19:15:00+09:00,J2,704,736,1440
2019-04-21T19:15:00+09:00,J3,906,806,1712
2019-04-21T19:15:00+09:00,J4,774,666,1440
2019-04-21T19:15:00+09:00,J5,370,410,780
2019-04-21T19:30:00+09:00,J1,624,694,1318
2019-04-21T19:30:00+09:00,J2,619,744,1363
2019-04-21T19:30:00+09:00,J3,876,777,1653
2019-04-21T19:30:00+09:00,J4,694,611,1305
2019-04-21T19:30:00+09:00,J5,377,384,761
2019-04-21T19:45:00+09:00,J1,637,691,1328
2019-04-21T19:45:00+09:00,J2,579,631,1210
2019-04-21T19:45:00+09:00,J3,845,757,1602
2019-04-21T19:45:00+09:00,J4,617,590,1207
2019-04-21T19:45:00+09:00,J5,397,354,751
2019-04-21T20:00:00+09:00,J1,664,753,1417
2019-04-21T20:00:00+09:00,J2,482,571,1053
2019-04-21T20:00:00+09:00,J3,875,797,1672
2019-04-21T20:00:00+09:00,J4,655,693,1348
2019-04-21T20:00:00+09:00,J5,345,365,710
2019-04-21T20:15:00+09:00,J1,643,674,1317
2019-04-21T20:15:00+09:00,J2,508,492,1000
2019-04-21T20:15:00+09:00,J3,935,820,1755
2019-04-21T20:15:00+09:00,J4,651,633,1284
2019-04-21T20:15:00+09:00,J5,343,374,717
2019-04-21T20:30:00+09:00,J1,618,688,1306
2019-04-21T20:30:00+09:00,J2,492,575,1067
2019-04-21T20:30:00+09:00,J3,880,808,1688
2019-04-21T20:30:00+09:00,J4,540,615,1155
2019-04-21T20:30:00+09:00,J5,356,363,719
2019-04-21T20:45:00+09:00,J1,685,736,1421
2019-04-21T20:45:00+09:00,J2,418,460,878
2019-04-21T20:45:00+09:00,J3,915,831,1746
2019-04-21T20:45:00+09:00,J4,508,523,1031
2019-04-21T20:45:00+09:00,J5,309,360,669
2019-04-21T21:00:00+09:00,J1,674,738,1412
2019-04-21T21:00:00+09:00,J2,427,429,856
2019-04-21T21:00:00+09:00,J3,873,778,1651
2019-04-21T21:00:00+09:00,J4,500,560,1060
2019-04-21T21:00:00+09:00,J5,372,337,709
2019-04-21T21:15:00+09:00,J1,672,748,1420
2019-04-21T21:15:00+09:00,J2,381,494,875
2019-04-21T21:15:00+09:00,J3,895,804,1699
2019-04-21T21:15:00+09:00,J4,542,516,1058
2019-04-21T21:15:00+09:00,J5,357,339,696
2019-04-21T21:30:00+09:00,J1,645,738,1383
2019-04-21T21:30:00+09:00,J2,389,489,878
2019-04-21T21:30:00+09:00,J3,811,836,1647
2019-04-21T21:30:00+09:00,J4,493,542,1035
2019-04-21T21:30:00+09:00,J5,316,299,615
2019-04-21T21:45:00+09:00,J1,651,662,1313
2019-04-21T21:45:00+09:00,J2,358,425,783
2019-04-21T21:45:00+09:00,J3,961,904,1865
2019-04-21T21:45:00+09:00,J4,472,555,1027
2019-04-21T21:45:00+09:00,J5,298,329,627
2019-04-21T22:00:00+09:00,J1,638,713,1351
2019-04-21T22:00:00+09:00,J2,312,427,739
2019-04-21T22:00:00+09:00,J3,967,837,1804
2019-04-21T22:00:00+09:00,J4,512,608,1120
2019-04-21T22:00:00+09:00,J5,301,286,587
2019-04-21T22:15:00+09:00,J1,593,719,1312
2019-04-21T22:15:00+09:00,J2,322,418,740
2019-04-21T22:15:00+09:00,J3,903,839,1742
2019-04-21T22:15:00+09:00,J4,507,594,1101
2019-04-21T22:15:00+09:00,J5,308,308,616
2019-04-21T22:30:00+09:00,J1,599,676,1275
2019-04-21T22:30:00+09:00,J2,328,404,732
2019-04-21T22:30:00+09:00,J3,883,846,1729
2019-04-21T22:30:00+09:00,J4,511,523,1034
2019-04-21T22:30:00+09:00,J5,297,257,554
2019-04-21T22:45:00+09:00,J1,592,602,1194
2019-04-21T22:45:00+09:00,J2,323,382,705
2019-04-21T22:45:00+09:00,J3,838,746,1584
2019-04-21T22:45:00+09:00,J4,429,481,910
2019-04-21T22:45:00+09:00,J5,288,298,586
2019-04-21T23:00:00+09:00,J1,584,597,1181
2019-04-21T23:00:00+09:00,J2,321,369,690
2019-04-21T23:00:00+09:00,J3,842,773,1615
2019-04-21T23:00:00+09:00,J4,440,506,946
2019-04-21T23:00:00+09:00,J5,298,315,613
2019-04-21T23:15:00+09:00,J1,623,596,1219
2019-04-21T23:15:00+09:00,J2,337,374,711
2019-04-21T23:15:00+09:00,J3,689,724,1413
2019-04-21T23:15:00+09:00,J4,523,570,1093
2019-04-21T23:15:00+09:00,J5,336,298,634
2019-04-21T23:30:00+09:00,J1,609,649,1258
2019-04-21T23:30:00+09:00,J2,301,390,691
2019-04-21T23:30:00+09:00,J3,781,754,1535
2019-04-21T23:30:00+09:00,J4,514,510,1024
2019-04-21T23:30:00+09:00,J5,370,328,698
2019-04-21T23:45:00+09:00,J1,548,616,1164
2019-04-21T23:45:00+09:00,J2,327,364,691
2019-04-21T23:45:00+09:00,J3,796,657,1453
2019-04-21T23:45:00+09:00,J4,481,510,991
2019-04-21T23:45:00+09:00,J5,321,340,661
2019-04-22T00:00:00+09:00,J1,456,475,931
2019-04-22T00:00:00+09:00,J2,343,390,733
2019-04-22T00:00:00+09:00,J3,627,568,1195
2019-04-22T00:00:00+09:00,J4,482,486,968
2019-04-22T00:00:00+09:00,J5,394,389,783
2019-04-22T00:15:00+09:00,J1,475,461,936
2019-04-22T00:15:00+09:00,J2,334,363,697
2019-04-22T00:15:00+09:00,J3,524,388,912
2019-04-22T00:15:00+09:00,J4,567,503,1070
2019-04-22T00:15:00+09:00,J5,368,474,842
2019-04-22T00:30:00+09:00,J1,359,310,669
2019-04-22T00:30:00+09:00,J2,369,387,756
2019-04-22T00:30:00+09:00,J3,513,316,829
2019-04-22T00:30:00+09:00,J4,489,552,1041
2019-04-22T00:30:00+09:00,J5,427,532,959
2019-04-22T00:45:00+09:00,J1,347,315,662
2019-04-22T00:45:00+09:00,J2,406,372,778
2019-04-22T00:45:00+09:00,J3,471,344,815
2019-04-22T00:45:00+09:00,J4,467,568,1035
2019-04-22T00:45:00+09:00,J5,466,568,1034
2019-04-22T05:45:00+09:00,J1,409,338,747
2019-04-22T05:45:00+09:00,J2,677,567,1244
2019-04-22T05:45:00+09:00,J3,422,405,827
2019-04-22T05:45:00+09:00,J4,685,600,1285
2019-04-22T05:45:00+09:00,J5,323,300,623
2019-04-22T06:00:00+09:00,J1,523,428,951
2019-04-22T06:00:00+09:00,J2,662,487,1149
2019-04-22T06:00:00+09:00,J3,409,484,893
2019-04-22T06:00:00+09:00,J4,718,558,1276
2019-04-22T06:00:00+09:00,J5,344,364,708
2019-04-22T06:15:00+09:00,J1,595,550,1145
2019-04-22T06:15:00+09:00,J2,602,497,1099
2019-04-22T06:15:00+09:00,J3,373,429,802
2019-04-22T06:15:00+09:00,J4,643,627,1270
2019-04-22T06:15:00+09:00,J5,460,468,928
2019-04-22T06:30:00+09:00,J1,620,583,1203
2019-04-22T06:30:00+09:00,J2,543,445,988
2019-04-22T06:30:00+09:00,J3,405,381,786
2019-04-22T06:30:00+09:00,J4,704,584,1288
2019-04-22T06:30:00+09:00,J5,428,483,911
2019-04-22T06:45:00+09:00,J1,629,562,1191
2019-04-22T06:45:00+09:00,J2,606,423,1029
2019-04-22T06:45:00+09:00,J3,425,392,817
2019-04-22T06:45:00+09:00,J4,667,652,1319
2019-04-22T06:45:00+09:00,J5,548,510,1058
2019-04-22T07:00:00+09:00,J1,664,667,1331
2019-04-22T07:00:00+09:00,J2,511,522,1033
2019-04-22T07:00:00+09:00,J3,439,406,845
2019-04-22T07:00:00+09:00,J4,614,635,1249
2019-04-22T07:00:00+09:00,J5,561,535,1096
2019-04-22T07:15:00+09:00,J1,755,649,1404
2019-04-22T07:15:00+09:00,J2,486,413,899
2019-04-22T07:15:00+09:00,J3,559,508,1067
2019-04-22T07:15:00+09:00,J4,652,658,1310
2019-04-22T07:15:00+09:00,J5,624,625,1249
2019-04-22T07:30:00+09:00,J1,773,686,1459
2019-04-22T07:30:00+09:00,J2,487,412,899
2019-04-22T07:30:00+09:00,J3,990,896,1886
2019-04-22T07:30:00+09:00,J4,672,838,1510
2019-04-22T07:30:00+09:00,J5,592,651,1243
2019-04-22T07:45:00+09:00,J1,900,850,1750
2019-04-22T07:45:00+09:00,J2,554,367,921
2019-04-22T07:45:00+09:00,J3,925,1024,1949
2019-04-22T07:45:00+09:00,J4,664,928,1592
2019-04-22T07:45:00+09:00,J5,475,476,951
2019-04-22T08:00:00+09:00,J1,1219,976,2195
2019-04-22T08:00:00+09:00,J2,832,488,1320
2019-04-22T08:00:00+09:00,J3,1056,1079,2135
2019-04-22T08:00:00+09:00,J4,627,936,1563
2019-04-22T08:00:00+09:00,J5,398,458,856
2019-04-22T08:15:00+09:00,J1,1283,1069,2352
2019-04-22T08:15:00+09:00,J2,975,623,1598
2019-04-22T08:15:00+09:00,J3,964,1284,2248
2019-04-22T08:15:00+09:00,J4,607,1119,1726
2019-04-22T08:15:00+09:00,J5,489,511,1000
2019-04-22T08:30:00+09:00,J1,1331,1011,2342
2019-04-22T08:30:00+09:00,J2,1052,700,1752
2019-04-22T08:30:00+09:00,J3,1056,1250,2306
2019-04-22T08:30:00+09:00,J4,693,1050,1743
2019-04-22T08:30:00+09:00,J5,536,573,1109
2019-04-22T08:45:00+09:00,J1,1014,938,1952
2019-04-22T08:45:00+09:00,J2,837,593,1430
2019-04-22T08:45:00+09:00,J3,1074,1167,2241
2019-04-22T08:45:00+09:00,J4,540,802,1342
2019-04-22T08:45:00+09:00,J5,442,412,854
2019-04-22T09:00:00+09:00,J1,931,830,1761
2019-04-22T09:00:00+09:00,J2,637,481,1118
2019-04-22T09:00:00+09:00,J3,1024,915,1939
2019-04-22T09:00:00+09:00,J4,604,807,1411
2019-04-22T09:00:00+09:00,J5,372,403,775
2019-04-22T09:15:00+09:00,J1,949,771,1720
2019-04-22T09:15:00+09:00,J2,594,431,1025
2019-04-22T09:15:00+09:00,J3,968,968,1936
2019-04-22T09:15:00+09:00,J4,528,752,1280
2019-04-22T09:15:00+09:00,J5,412,362,774
2019-04-22T09:30:00+09:00,J1,927,819,1746
2019-04-22T09:30:00+09:00,J2,532,383,915
2019-04-22T09:30:00+09:00,J3,934,1071,2005
2019-04-22T09:30:00+09:00,J4,625,831,1456
2019-04-22T09:30:00+09:00,J5,421,319,740
2019-04-22T09:45:00+09:00,J1,924,861,1785
2019-04-22T09:45:00+09:00,J2,471,396,867
2019-04-22T09:45:00+09:00,J3,989,881,1870
2019-04-22T09:45:00+09:00,J4,612,779,1391
2019-04-22T09:45:00+09:00,J5,378,316,694
2019-04-22T10:00:00+09:00,J1,929,903,1832
2019-04-22T10:00:00+09:00,J2,461,409,870
2019-04-22T10:00:00+09:00,J3,929,940,1869
2019-04-22T10:00:00+09:00,J4,598,733,1331
2019-04-22T10:00:00+09:00,J5,331,352,683
2019-04-22T10:15:00+09:00,J1,839,943,1782
2019-04-22T10:15:00+09:00,J2,466,495,961
2019-04-22T10:15:00+09:00,J3,964,992,1956
2019-04-22T10:15:00+09:00,J4,659,800,1459
2019-04-22T10:15:00+09:00,J5,337,353,690
2019-04-22T10:30:00+09:00,J1,859,893,1752
2019-04-22T10:30:00+09:00,J2,479,489,968
2019-04-22T10:30:00+09:00,J3,994,972,1966
2019-04-22T10:30:00+09:00,J4,638,732,1370
2019-04-22T10:30:00+09:00,J5,371,335,706
2019-04-22T10:45:00+09:00,J1,901,896,1797
2019-04-22T10:45:00+09:00,J2,494,513,1007
2019-04-22T10:45:00+09:00,J3,914,1005,1919
2019-04-22T10:45:00+09:00,J4,659,679,1338
2019-04-22T10:45:00+09:00,J5,344,315,659
2019-04-22T11:00:00+09:00,J1,810,899,1709
2019-04-22T11:00:00+09:00,J2,495,515,1010
2019-04-22T11:00:00+09:00,J3,974,916,1890
2019-04-22T11:00:00+09:00,J4,594,650,1244
2019-04-22T11:00:00+09:00,J5,309,313,622
2019-04-22T11:15:00+09:00,J1,932,985,1917
2019-04-22T11:15:00+09:00,J2,513,539,1052
2019-04-22T11:15:00+09:00,J3,960,914,1874
2019-04-22T11:15:00+09:00,J4,574,710,1284
2019-04-22T11:15:00+09:00,J5,357,337,694
2019-04-22T11:30:00+09:00,J1,984,1115,2099
2019-04-22T11:30:00+09:00,J2,565,522,1087
2019-04-22T11:30:00+09:00,J3,996,924,1920
2019-04-22T11:30:00+09:00,J4,542,685,1227
2019-04-22T11:30:00+09:00,J5,385,347,732
2019-04-22T11:45:00+09:00,J1,960,922,1882
2019-04-22T11:45:00+09:00,J2,612,557,1169
2019-04-22T11:45:00+09:00,J3,1037,957,1994
2019-04-22T11:45:00+09:00,J4,572,604,1176
2019-04-22T11:45:00+09:00,J5,380,393,773
2019-04-22T12:00:00+09:00,J1,988,1050,2038
2019-04-22T12:00:00+09:00,J2,579,558,1137
2019-04-22T12:00:00+09:00,J3,1056,932,1988
2019-04-22T12:00:00+09:00,J4,583,634,1217
2019-04-22T12:00:00+09:00,J5,374,382,756
2019-04-22T12:15:00+09:00,J1,876,965,1841
2019-04-22T12:15:00+09:00,J2,601,577,1178
2019-04-22T12:15:00+09:00,J3,929,880,1809
2019-04-22T12:15:00+09:00,J4,714,702,1416
2019-04-22T12:15:00+09:00,J5,403,400,803
2019-04-22T12:30:00+09:00,J1,900,953,1853
2019-04-22T12:30:00+09:00,J2,650,738,1388
2019-04-22T12:30:00+09:00,J3,911,892,1803
2019-04-22T12:30:00+09:00,J4,757,686,1443
2019-04-22T12:30:00+09:00,J5,382,329,711
2019-04-22T12:45:00+09:00,J1,857,950,1807
2019-04-22T12:45:00+09:00,J2,656,720,1376
2019-04-22T12:45:00+09:00,J3,858,861,1719
2019-04-22T12:45:00+09:00,J4,688,735,1423
2019-04-22T12:45:00+09:00,J5,349,361,710
2019-04-22T13:00:00+09:00,J1,817,923,1740
2019-04-22T13:00:00+09:00,J2,677,678,1355
2019-04-22T13:00:00+09:00,J3,829,852,1681
2019-04-22T13:00:00+09:00,J4,698,552,1250
2019-04-22T13:00:00+09:00,J5,323,290,613
2019-04-22T13:15:00+09:00,J1,768,933,1701
2019-04-22T13:15:00+09:00,J2,682,734,1416
2019-04-22T13:15:00+09:00,J3,819,821,1640
2019-04-22T13:15:00+09:00,J4,709,673,1382
2019-04-22T13:15:00+09:00,J5,334,320,654
2019-04-22T13:30:00+09:00,J1,813,962,1775
2019-04-22T13:30:00+09:00,J2,682,747,1429
2019-04-22T13:30:00+09:00,J3,840,734,1574
2019-04-22T13:30:00+09:00,J4,703,730,1433
2019-04-22T13:30:00+09:00,J5,355,310,665
2019-04-22T13:45:00+09:00,J1,795,908,1703
2019-04-22T13:45:00+09:00,J2,688,797,1485
2019-04-22T13:45:00+09:00,J3,770,797,1567
2019-04-22T13:45:00+09:00,J4,712,636,1348
2019-04-22T13:45:00+09:00,J5,312,299,611
2019-04-22T14:00:00+09:00,J1,814,844,1658
2019-04-22T14:00:00+09:00,J2,711,741,1452
2019-04-22T14:00:00+09:00,J3,839,746,1585
2019-04-22T14:00:00+09:00,J4,634,663,1297
2019-04-22T14:00:00+09:00,J5,331,271,602
2019-04-22T14:15:00+09:00,J1,805,919,1724
2019-04-22T14:15:00+09:00,J2,768,788,1556
2019-04-22T14:15:00+09:00,J3,821,773,1594
2019-04-22T14:15:00+09:00,J4,764,706,1470
2019-04-22T14:15:00+09:00,J5,317,335,652
2019-04-22T14:30:00+09:00,J1,795,931,1726
2019-04-22T14:30:00+09:00,J2,733,790,1523
2019-04-22T14:30:00+09:00,J3,849,710,1559
2019-04-22T14:30:00+09:00,J4,748,681,1429
2019-04-22T14:30:00+09:00,J5,362,306,668
2019-04-22T14:45:00+09:00,J1,819,865,1684
2019-04-22T14:45:00+09:00,J2,756,764,1520
2019-04-22T14:45:00+09:00,J3,689,681,1370
2019-04-22T14:45:00+09:00,J4,730,701,1431
2019-04-22T14:45:00+09:00,J5,321,284,605
2019-04-22T15:00:00+09:00,J1,746,863,1609
2019-04-22T15:00:00+09:00,J2,723,807,1530
2019-04-22T15:00:00+09:00,J3,763,702,1465
2019-04-22T15:00:00+09:00,J4,811,686,1497
2019-04-22T15:00:00+09:00,J5,332,291,623
2019-04-22T15:15:00+09:00,J1,702,943,1645
2019-04-22T15:15:00+09:00,J2,791,754,1545
2019-04-22T15:15:00+09:00,J3,746,676,1422
2019-04-22T15:15:00+09:00,J4,765,753,1518
2019-04-22T15:15:00+09:00,J5,314,338,652
2019-04-22T15:30:00+09:00,J1,818,877,1695
2019-04-22T15:30:00+09:00,J2,751,747,1498
2019-04-22T15:30:00+09:00,J3,763,658,1421
2019-04-22T15:30:00+09:00,J4,808,789,1597
2019-04-22T15:30:00+09:00,J5,343,336,679
2019-04-22T15:45:00+09:00,J1,792,889,1681
2019-04-22T15:45:00+09:00,J2,702,635,1337
2019-04-22T15:45:00+09:00,J3,743,665,1408
2019-04-22T15:45:00+09:00,J4,790,737,1527
2019-04-22T15:45:00+09:00,J5,300,357,657
2019-04-22T16:00:00+09:00,J1,810,912,1722
2019-04-22T16:00:00+09:00,J2,671,653,1324
2019-04-22T16:00:00+09:00,J3,729,635,1364
2019-04-22T16:00:00+09:00,J4,726,752,1478
2019-04-22T16:00:00+09:00,J5,311,336,647
2019-04-22T16:15:00+09:00,J1,810,957,1767
2019-04-22T16:15:00+09:00,J2,761,629,1390
2019-04-22T16:15:00+09:00,J3,732,697,1429
2019-04-22T16:15:00+09:00,J4,895,771,1666
2019-04-22T16:15:00+09:00,J5,314,374,688
2019-04-22T16:30:00+09:00,J1,842,873,1715
2019-04-22T16:30:00+09:00,J2,671,670,1341
2019-04-22T16:30:00+09:00,J3,747,702,1449
2019-04-22T16:30:00+09:00,J4,870,790,1660
2019-04-22T16:30:00+09:00,J5,330,318,648
2019-04-22T16:45:00+09:00,J1,913,881,1794
2019-04-22T16:45:00+09:00,J2,746,600,1346
2019-04-22T16:45:00+09:00,J3,771,739,1510
2019-04-22T16:45:00+09:00,J4,894,845,1739
2019-04-22T16:45:00+09:00,J5,317,354,671
2019-04-22T17:00:00+09:00,J1,920,972,1892
2019-04-22T17:00:00+09:00,J2,782,689,1471
2019-04-22T17:00:00+09:00,J3,814,805,1619
2019-04-22T17:00:00+09:00,J4,930,859,1789
2019-04-22T17:00:00+09:00,J5,311,390,701
2019-04-22T17:15:00+09:00,J1,964,1060,2024
2019-04-22T17:15:00+09:00,J2,819,667,1486
2019-04-22T17:15:00+09:00,J3,865,863,1728
2019-04-22T17:15:00+09:00,J4,1096,968,2064
2019-04-22T17:15:00+09:00,J5,346,466,812
2019-04-22T17:30:00+09:00,J1,924,991,1915
2019-04-22T17:30:00+09:00,J2,863,697,1560
2019-04-22T17:30:00+09:00,J3,1006,911,1917
2019-04-22T17:30:00+09:00,J4,1136,949,2085
2019-04-22T17:30:00+09:00,J5,384,479,863
2019-04-22T17:45:00+09:00,J1,947,1038,1985
2019-04-22T17:45:00+09:00,J2,777,728,1505
2019-04-22T17:45:00+09:00,J3,996,886,1882
2019-04-22T17:45:00+09:00,J4,1037,934,1971
2019-04-22T17:45:00+09:00,J5,424,490,914
2019-04-22T18:00:00+09:00,J1,900,1056,1956
2019-04-22T18:00:00+09:00,J2,771,720,1491
2019-04-22T18:00:00+09:00,J3,1094,866,1960
2019-04-22T18:00:00+09:00,J4,1200,965,2165
2019-04-22T18:00:00+09:00,J5,454,523,977
2019-04-22T18:15:00+09:00,J1,799,1048,1847
2019-04-22T18:15:00+09:00,J2,806,688,1494
2019-04-22T18:15:00+09:00,J3,1010,799,1809
2019-04-22T18:15:00+09:00,J4,1208,962,2170
2019-04-22T18:15:00+09:00,J5,525,641,1166
2019-04-22T18:30:00+09:00,J1,888,987,1875
2019-04-22T18:30:00+09:00,J2,789,719,1508
2019-04-22T18:30:00+09:00,J3,971,753,1724
2019-04-22T18:30:00+09:00,J4,1072,947,2019
2019-04-22T18:30:00+09:00,J5,573,617,1190
2019-04-22T18:45:00+09:00,J1,898,945,1843
2019-04-22T18:45:00+09:00,J2,733,685,1418
2019-04-22T18:45:00+09:00,J3,850,676,1526
2019-04-22T18:45:00+09:00,J4,976,870,1846
2019-04-22T18:45:00+09:00,J5,510,555,1065
2019-04-22T19:00:00+09:00,J1,767,901,1668
2019-04-22T19:00:00+09:00,J2,735,615,1350
2019-04-22T19:00:00+09:00,J3,730,664,1394
2019-04-22T19:00:00+09:00,J4,988,808,1796
2019-04-22T19:00:00+09:00,J5,488,559,1047
2019-04-22T19:15:00+09:00,J1,765,851,1616
2019-04-22T19:15:00+09:00,J2,746,695,1441
2019-04-22T19:15:00+09:00,J3,757,719,1476
2019-04-22T19:15:00+09:00,J4,870,699,1569
2019-04-22T19:15:00+09:00,J5,475,523,998
2019-04-22T19:30:00+09:00,J1,778,823,1601
2019-04-22T19:30:00+09:00,J2,780,666,1446
2019-04-22T19:30:00+09:00,J3,798,641,1439
2019-04-22T19:30:00+09:00,J4,803,667,1470
2019-04-22T19:30:00+09:00,J5,445,468,913
2019-04-22T19:45:00+09:00,J1,780,929,1709
2019-04-22T19:45:00+09:00,J2,730,659,1389
2019-04-22T19:45:00+09:00,J3,739,645,1384
2019-04-22T19:45:00+09:00,J4,762,690,1452
2019-04-22T19:45:00+09:00,J5,397,431,828
2019-04-22T20:00:00+09:00,J1,762,890,1652
2019-04-22T20:00:00+09:00,J2,663,689,1352
2019-04-22T20:00:00+09:00,J3,812,748,1560
2019-04-22T20:00:00+09:00,J4,747,633,1380
2019-04-22T20:00:00+09:00,J5,380,422,802
2019-04-22T20:15:00+09:00,J1,733,851,1584
2019-04-22T20:15:00+09:00,J2,583,668,1251
2019-04-22T20:15:00+09:00,J3,925,718,1643
2019-04-22T20:15:00+09:00,J4,704,592,1296
2019-04-22T20:15:00+09:00,J5,344,369,713
2019-04-22T20:30:00+09:00,J1,756,826,1582
2019-04-22T20:30:00+09:00,J2,458,612,1070
2019-04-22T20:30:00+09:00,J3,942,797,1739
2019-04-22T20:30:00+09:00,J4,656,625,1281
2019-04-22T20:30:00+09:00,J5,382,389,771
2019-04-22T20:45:00+09:00,J1,738,808,1546
2019-04-22T20:45:00+09:00,J2,453,550,1003
2019-04-22T20:45:00+09:00,J3,899,749,1648
2019-04-22T20:45:00+09:00,J4,628,602,1230
2019-04-22T20:45:00+09:00,J5,348,384,732
2019-04-22T21:00:00+09:00,J1,761,830,1591
2019-04-22T21:00:00+09:00,J2,475,569,1044
2019-04-22T21:00:00+09:00,J3,806,740,1546
2019-04-22T21:00:00+09:00,J4,623,708,1331
2019-04-22T21:00:00+09:00,J5,328,349,677
2019-04-22T21:15:00+09:00,J1,730,791,1521
2019-04-22T21:15:00+09:00,J2,510,584,1094
2019-04-22T21:15:00+09:00,J3,831,698,1529
2019-04-22T21:15:00+09:00,J4,613,616,1229
2019-04-22T21:15:00+09:00,J5,317,358,675
2019-04-22T21:30:00+09:00,J1,623,746,1369
2019-04-22T21:30:00+09:00,J2,394,452,846
2019-04-22T21:30:00+09:00,J3,844,738,1582
2019-04-22T21:30:00+09:00,J4,683,607,1290
2019-04-22T21:30:00+09:00,J5,362,363,725
2019-04-22T21:45:00+09:00,J1,641,692,1333
2019-04-22T21:45:00+09:00,J2,373,463,836
2019-04-22T21:45:00+09:00,J3,891,720,1611
2019-04-22T21:45:00+09:00,J4,694,667,1361
2019-04-22T21:45:00+09:00,J5,309,316,625
2019-04-22T22:00:00+09:00,J1,616,724,1340
2019-04-22T22:00:00+09:00,J2,334,459,793
2019-04-22T22:00:00+09:00,J3,808,759,1567
2019-04-22T22:00:00+09:00,J4,616,669,1285
2019-04-22T22:00:00+09:00,J5,308,300,608
2019-04-22T22:15:00+09:00,J1,598,697,1295
2019-04-22T22:15:00+09:00,J2,386,460,846
2019-04-22T22:15:00+09:00,J3,779,756,1535
2019-04-22T22:15:00+09:00,J4,593,631,1224
2019-04-22T22:15:00+09:00,J5,366,305,671
2019-04-22T22:30:00+09:00,J1,565,703,1268
2019-04-22T22:30:00+09:00,J2,311,421,732
2019-04-22T22:30:00+09:00,J3,734,809,1543
2019-04-22T22:30:00+09:00,J4,539,586,1125
2019-04-22T22:30:00+09:00,J5,293,283,576
2019-04-22T22:45:00+09:00,J1,551,657,1208
2019-04-22T22:45:00+09:00,J2,353,420,773
2019-04-22T22:45:00+09:00,J3,781,775,1556
2019-04-22T22:45:00+09:00,J4,510,523,1033
2019-04-22T22:45:00+09:00,J5,315,250,565
2019-04-22T23:00:00+09:00,J1,534,663,1197
2019-04-22T23:00:00+09:00,J2,375,447,822
2019-04-22T23:00:00+09:00,J3,737,770,1507
2019-04-22T23:00:00+09:00,J4,450,457,907
2019-04-22T23:00:00+09:00,J5,331,283,614
2019-04-22T23:15:00+09:00,J1,548,663,1211
2019-04-22T23:15:00+09:00,J2,325,456,781
2019-04-22T23:15:00+09:00,J3,791,740,1531
2019-04-22T23:15:00+09:00,J4,460,536,996
2019-04-22T23:15:00+09:00,J5,318,282,600
2019-04-22T23:30:00+09:00,J1,560,610,1170
2019-04-22T23:30:00+09:00,J2,372,441,813
2019-04-22T23:30:00+09:00,J3,748,741,1489
2019-04-22T23:30:00+09:00,J4,429,426,855
2019-04-22T23:30:00+09:00,J5,371,327,698
2019-04-22T23:45:00+09:00,J1,568,592,1160
2019-04-22T23:45:00+09:00,J2,305,454,759
2019-04-22T23:45:00+09:00,J3,792,636,1428
2019-04-22T23:45:00+09:00,J4,393,373,766
2019-04-22T23:45:00+09:00,J5,325,285,610
2019-04-23T00:00:00+09:00,J1,401,397,798
2019-04-23T00:00:00+09:00,J2,298,383,681
2019-04-23T00:00:00+09:00,J3,671,593,1264
2019-04-23T00:00:00+09:00,J4,331,338,669
2019-04-23T00:00:00+09:00,J5,335,348,683
2019-04-23T00:15:00+09:00,J1,347,302,649
2019-04-23T00:15:00+09:00,J2,252,370,622
2019-04-23T00:15:00+09:00,J3,487,438,925
2019-04-23T00:15:00+09:00,J4,309,302,611
2019-04-23T00:15:00+09:00,J5,354,402,756
2019-04-23T00:30:00+09:00,J1,301,315,616
2019-04-23T00:30:00+09:00,J2,355,408,763
2019-04-23T00:30:00+09:00,J3,548,427,975
2019-04-23T00:30:00+09:00,J4,332,353,685
2019-04-23T00:30:00+09:00,J5,358,436,794
2019-04-23T00:45:00+09:00,J1,250,259,509
2019-04-23T00:45:00+09:00,J2,308,363,671
2019-04-23T00:45:00+09:00,J3,551,396,947
2019-04-23T00:45:00+09:00,J4,269,277,546
2019-04-23T00:45:00+09:00,J5,390,460,850
2019-04-23T05:45:00+09:00,J1,462,412,874
2019-04-23T05:45:00+09:00,J2,408,377,785
2019-04-23T05:45:00+09:00,J3,395,364,759
2019-04-23T05:45:00+09:00,J4,606,699,1305
2019-04-23T05:45:00+09:00,J5,501,495,996
2019-04-23T06:00:00+09:00,J1,438,404,842
2019-04-23T06:00:00+09:00,J2,389,352,741
2019-04-23T06:00:00+09:00,J3,400,361,761
2019-04-23T06:00:00+09:00,J4,735,657,1392
2019-04-23T06:00:00+09:00,J5,508,572,1080
2019-04-23T06:15:00+09:00,J1,567,507,1074
2019-04-23T06:15:00+09:00,J2,367,347,714
2019-04-23T06:15:00+09:00,J3,401,358,759
2019-04-23T06:15:00+09:00,J4,801,812,1613
2019-04-23T06:15:00+09:00,J5,596,533,1129
2019-04-23T06:30:00+09:00,J1,557,458,1015
2019-04-23T06:30:00+09:00,J2,312,348,660
2019-04-23T06:30:00+09:00,J3,384,383,767
2019-04-23T06:30:00+09:00,J4,736,734,1470
2019-04-23T06:30:00+09:00,J5,601,531,1132
2019-04-23T06:45:00+09:00,J1,606,520,1126
2019-04-23T06:45:00+09:00,J2,287,314,601
2019-04-23T06:45:00+09:00,J3,510,477,987
2019-04-23T06:45:00+09:00,J4,777,757,1534
2019-04-23T06:45:00+09:00,J5,544,561,1105
2019-04-23T07:00:00+09:00,J1,591,622,1213
2019-04-23T07:00:00+09:00,J2,405,390,795
2019-04-23T07:00:00+09:00,J3,615,544,1159
2019-04-23T07:00:00+09:00,J4,737,778,1515
2019-04-23T07:00:00+09:00,J5,612,578,1190
2019-04-23T07:15:00+09:00,J1,697,596,1293
2019-04-23T07:15:00+09:00,J2,446,364,810
2019-04-23T07:15:00+09:00,J3,728,637,1365
2019-04-23T07:15:00+09:00,J4,639,868,1507
2019-04-23T07:15:00+09:00,J5,502,567,1069
2019-04-23T07:30:00+09:00,J1,765,603,1368
2019-04-23T07:30:00+09:00,J2,340,292,632
2019-04-23T07:30:00+09:00,J3,977,880,1857
2019-04-23T07:30:00+09:00,J4,741,883,1624
2019-04-23T07:30:00+09:00,J5,520,492,1012
2019-04-23T07:45:00+09:00,J1,803,692,1495
2019-04-23T07:45:00+09:00,J2,585,352,937
2019-04-23T07:45:00+09:00,J3,826,1008,1834
2019-04-23T07:45:00+09:00,J4,695,881,1576
2019-04-23T07:45:00+09:00,J5,464,432,896
2019-04-23T08:00:00+09:00,J1,1095,845,1940
2019-04-23T08:00:00+09:00,J2,870,493,1363
2019-04-23T08:00:00+09:00,J3,904,1006,1910
2019-04-23T08:00:00+09:00,J4,605,964,1569
2019-04-23T08:00:00+09:00,J5,469,435,904
2019-04-23T08:15:00+09:00,J1,1199,949,2148
2019-04-23T08:15:00+09:00,J2,1035,718,1753
2019-04-23T08:15:00+09:00,J3,951,1168,2119
2019-04-23T08:15:00+09:00,J4,697,1008,1705
2019-04-23T08:15:00+09:00,J5,499,534,1033
2019-04-23T08:30:00+09:00,J1,1280,878,2158
2019-04-23T08:30:00+09:00,J2,1056,792,1848
2019-04-23T08:30:00+09:00,J3,866,1171,2037
2019-04-23T08:30:00+09:00,J4,845,1091,1936
2019-04-23T08:30:00+09:00,J5,651,693,1344
2019-04-23T08:45:00+09:00,J1,1022,742,1764
2019-04-23T08:45:00+09:00,J2,1025,717,1742
2019-04-23T08:45:00+09:00,J3,921,967,1888
2019-04-23T08:45:00+09:00,J4,724,917,1641
2019-04-23T08:45:00+09:00,J5,445,476,921
2019-04-23T09:00:00+09:00,J1,943,788,1731
2019-04-23T09:00:00+09:00,J2,864,652,1516
2019-04-23T09:00:00+09:00,J3,986,870,1856
2019-04-23T09:00:00+09:00,J4,587,775,1362
2019-04-23T09:00:00+09:00,J5,441,342,783
2019-04-23T09:15:00+09:00,J1,810,667,1477
2019-04-23T09:15:00+09:00,J2,779,571,1350
2019-04-23T09:15:00+09:00,J3,814,771,1585
2019-04-23T09:15:00+09:00,J4,710,806,1516
2019-04-23T09:15:00+09:00,J5,427,383,810
2019-04-23T09:30:00+09:00,J1,779,609,1388
2019-04-23T09:30:00+09:00,J2,757,563,1320
2019-04-23T09:30:00+09:00,J3,791,783,1574
2019-04-23T09:30:00+09:00,J4,725,804,1529
2019-04-23T09:30:00+09:00,J5,457,413,870
2019-04-23T09:45:00+09:00,J1,681,550,1231
2019-04-23T09:45:00+09:00,J2,740,606,1346
2019-04-23T09:45:00+09:00,J3,750,693,1443
2019-04-23T09:45:00+09:00,J4,791,774,1565
2019-04-23T09:45:00+09:00,J5,410,407,817
2019-04-23T10:00:00+09:00,J1,643,621,1264
2019-04-23T10:00:00+09:00,J2,713,573,1286
2019-04-23T10:00:00+09:00,J3,682,656,1338
2019-04-23T10:00:00+09:00,J4,735,730,1465
2019-04-23T10:00:00+09:00,J5,401,455,856
2019-04-23T10:15:00+09:00,J1,640,601,1241
2019-04-23T10:15:00+09:00,J2,774,669,1443
2019-04-23T10:15:00+09:00,J3,695,591,1286
2019-04-23T10:15:00+09:00,J4,858,738,1596
2019-04-23T10:15:00+09:00,J5,464,449,913
2019-04-23T10:30:00+09:00,J1,671,623,1294
2019-04-23T10:30:00+09:00,J2,807,637,1444
2019-04-23T10:30:00+09:00,J3,648,619,1267
2019-04-23T10:30:00+09:00,J4,833,748,1581
2019-04-23T10:30:00+09:00,J5,428,481,909
2019-04-23T10:45:00+09:00,J1,715,636,1351
2019-04-23T10:45:00+09:00,J2,789,634,1423
2019-04-23T10:45:00+09:00,J3,645,697,1342
2019-04-23T10:45:00+09:00,J4,984,800,1784
2019-04-23T10:45:00+09:00,J5,525,546,1071
2019-04-23T11:00:00+09:00,J1,681,652,1333
2019-04-23T11:00:00+09:00,J2,751,586,1337
2019-04-23T11:00:00+09:00,J3,688,668,1356
2019-04-23T11:00:00+09:00,J4,964,815,1779
2019-04-23T11:00:00+09:00,J5,519,552,1071
2019-04-23T11:15:00+09:00,J1,808,697,1505
2019-04-23T11:15:00+09:00,J2,854,643,1497
2019-04-23T11:15:00+09:00,J3,632,702,1334
2019-04-23T11:15:00+09:00,J4,957,812,1769
2019-04-23T11:15:00+09:00,J5,530,602,1132
2019-04-23T11:30:00+09:00,J1,802,833,1635
2019-04-23T11:30:00+09:00,J2,745,662,1407
2019-04-23T11:30:00+09:00,J3,649,681,1330
2019-04-23T11:30:00+09:00,J4,1001,866,1867
2019-04-23T11:30:00+09:00,J5,579,682,1261
2019-04-23T11:45:00+09:00,J1,832,795,1627
2019-04-23T11:45:00+09:00,J2,823,651,1474
2019-04-23T11:45:00+09:00,J3,673,688,1361
2019-04-23T11:45:00+09:00,J4,968,852,1820
2019-04-23T11:45:00+09:00,J5,545,604,1149
2019-04-23T12:00:00+09:00,J1,753,855,1608
2019-04-23T12:00:00+09:00,J2,767,695,1462
2019-04-23T12:00:00+09:00,J3,775,645,1420
2019-04-23T12:00:00+09:00,J4,1056,853,1909
2019-04-23T12:00:00+09:00,J5,596,652,1248
2019-04-23T12:15:00+09:00,J1,740,725,1465
2019-04-23T12:15:00+09:00,J2,754,648,1402
2019-04-23T12:15:00+09:00,J3,636,750,1386
2019-04-23T12:15:00+09:00,J4,888,892,1780
2019-04-23T12:15:00+09:00,J5,602,598,1200
2019-04-23T12:30:00+09:00,J1,728,826,1554
2019-04-23T12:30:00+09:00,J2,754,591,1345
2019-04-23T12:30:00+09:00,J3,660,744,1404
2019-04-23T12:30:00+09:00,J4,933,916,1849
2019-04-23T12:30:00+09:00,J5,602,590,1192
2019-04-23T12:45:00+09:00,J1,734,708,1442
2019-04-23T12:45:00+09:00,J2,737,642,1379
2019-04-23T12:45:00+09:00,J3,687,659,1346
2019-04-23T12:45:00+09:00,J4,835,790,1625
2019-04-23T12:45:00+09:00,J5,545,619,1164
2019-04-23T13:00:00+09:00,J1,745,721,1466
2019-04-23T13:00:00+09:00,J2,828,619,1447
2019-04-23T13:00:00+09:00,J3,765,665,1430
2019-04-23T13:00:00+09:00,J4,832,869,1701
2019-04-23T13:00:00+09:00,J5,504,613,1117
2019-04-23T13:15:00+09:00,J1,755,773,1528
2019-04-23T13:15:00+09:00,J2,849,664,1513
2019-04-23T13:15:00+09:00,J3,709,689,1398
2019-04-23T13:15:00+09:00,J4,840,778,1618
2019-04-23T13:15:00+09:00,J5,546,603,1149
2019-04-23T13:30:00+09:00,J1,704,668,1372
2019-04-23T13:30:00+09:00,J2,780,610,1390
2019-04-23T13:30:00+09:00,J3,720,669,1389
2019-04-23T13:30:00+09:00,J4,770,795,1565
2019-04-23T13:30:00+09:00,J5,565,653,1218
2019-04-23T13:45:00+09:00,J1,685,694,1379
2019-04-23T13:45:00+09:00,J2,768,619,1387
2019-04-23T13:45:00+09:00,J3,701,646,1347
2019-04-23T13:45:00+09:00,J4,812,849,1661
2019-04-23T13:45:00+09:00,J5,547,606,1153
2019-04-23T14:00:00+09:00,J1,700,756,1456
2019-04-23T14:00:00+09:00,J2,844,613,1457
2019-04-23T14:00:00+09:00,J3,728,644,1372
2019-04-23T14:00:00+09:00,J4,720,738,1458
2019-04-23T14:00:00+09:00,J5,498,526,1024
2019-04-23T14:15:00+09:00,J1,738,795,1533
2019-04-23T14:15:00+09:00,J2,770,603,1373
2019-04-23T14:15:00+09:00,J3,739,665,1404
2019-04-23T14:15:00+09:00,J4,748,796,1544
2019-04-23T14:15:00+09:00,J5,551,530,1081
2019-04-23T14:30:00+09:00,J1,721,765,1486
2019-04-23T14:30:00+09:00,J2,736,532,1268
2019-04-23T14:30:00+09:00,J3,780,670,1450
2019-04-23T14:30:00+09:00,J4,847,737,1584
2019-04-23T14:30:00+09:00,J5,562,585,1147
2019-04-23T14:45:00+09:00,J1,686,736,1422
2019-04-23T14:45:00+09:00,J2,832,592,1424
2019-04-23T14:45:00+09:00,J3,739,721,1460
2019-04-23T14:45:00+09:00,J4,823,805,1628
2019-04-23T14:45:00+09:00,J5,571,685,1256
2019-04-23T15:00:00+09:00,J1,666,865,1531
2019-04-23T15:00:00+09:00,J2,752,613,1365
2019-04-23T15:00:00+09:00,J3,805,742,1547
2019-04-23T15:00:00+09:00,J4,865,862,1727
2019-04-23T15:00:00+09:00,J5,535,634,1169
2019-04-23T15:15:00+09:00,J1,870,937,1807
2019-04-23T15:15:00+09:00,J2,846,637,1483
2019-04-23T15:15:00+09:00,J3,885,774,1659
2019-04-23T15:15:00+09:00,J4,923,853,1776
2019-04-23T15:15:00+09:00,J5,481,520,1001
2019-04-23T15:30:00+09:00,J1,815,953,1768
2019-04-23T15:30:00+09:00,J2,940,687,1627
2019-04-23T15:30:00+09:00,J3,863,755,1618
2019-04-23T15:30:00+09:00,J4,904,915,1819
2019-04-23T15:30:00+09:00,J5,491,531,1022
2019-04-23T15:45:00+09:00,J1,811,927,1738
2019-04-23T15:45:00+09:00,J2,890,777,1667
2019-04-23T15:45:00+09:00,J3,787,764,1551
2019-04-23T15:45:00+09:00,J4,932,836,1768
2019-04-23T15:45:00+09:00,J5,455,469,924
2019-04-23T16:00:00+09:00,J1,805,901,1706
2019-04-23T16:00:00+09:00,J2,931,792,1723
2019-04-23T16:00:00+09:00,J3,767,712,1479
2019-04-23T16:00:00+09:00,J4,807,750,1557
2019-04-23T16:00:00+09:00,J5,392,410,802
2019-04-23T16:15:00+09:00,J1,837,883,1720
2019-04-23T16:15:00+09:00,J2,904,751,1655
2019-04-23T16:15:00+09:00,J3,810,750,1560
2019-04-23T16:15:00+09:00,J4,831,781,1612
2019-04-23T16:15:00+09:00,J5,400,459,859
2019-04-23T16:30:00+09:00,J1,820,943,1763
2019-04-23T16:30:00+09:00,J2,875,821,1696
2019-04-23T16:30:00+09:00,J3,752,812,1564
2019-04-23T16:30:00+09:00,J4,802,783,1585
2019-04-23T16:30:00+09:00,J5,408,422,830
2019-04-23T16:45:00+09:00,J1,848,912,1760
2019-04-23T16:45:00+09:00,J2,793,832,1625
2019-04-23T16:45:00+09:00,J3,858,824,1682
2019-04-23T16:45:00+09:00,J4,881,805,1686
2019-04-23T16:45:00+09:00,J5,396,431,827
2019-04-23T17:00:00+09:00,J1,884,1102,1986
2019-04-23T17:00:00+09:00,J2,819,894,1713
2019-04-23T17:00:00+09:00,J3,972,876,1848
2019-04-23T17:00:00+09:00,J4,921,890,1811
2019-04-23T17:00:00+09:00,J5,408,470,878
2019-04-23T17:15:00+09:00,J1,929,1169,2098
2019-04-23T17:15:00+09:00,J2,990,904,1894
2019-04-23T17:15:00+09:00,J3,970,906,1876
2019-04-23T17:15:00+09:00,J4,1012,921,1933
2019-04-23T17:15:00+09:00,J5,446,618,1064
2019-04-23T17:30:00+09:00,J1,1101,1141,2242
2019-04-23T17:30:00+09:00,J2,933,919,1852
2019-04-23T17:30:00+09:00,J3,1007,977,1984
2019-04-23T17:30:00+09:00,J4,1121,1048,2169
2019-04-23T17:30:00+09:00,J5,467,567,1034
2019-04-23T17:45:00+09:00,J1,1070,1160,2230
2019-04-23T17:45:00+09:00,J2,989,963,1952
2019-04-23T17:45:00+09:00,J3,936,922,1858
2019-04-23T17:45:00+09:00,J4,1012,980,1992
2019-04-23T17:45:00+09:00,J5,494,614,1108
2019-04-23T18:00:00+09:00,J1,1122,1234,2356
2019-04-23T18:00:00+09:00,J2,873,934,1807
2019-04-23T18:00:00+09:00,J3,1058,922,1980
2019-04-23T18:00:00+09:00,J4,1135,898,2033
2019-04-23T18:00:00+09:00,J5,424,519,943
2019-04-23T18:15:00+09:00,J1,1066,1150,2216
2019-04-23T18:15:00+09:00,J2,982,893,1875
2019-04-23T18:15:00+09:00,J3,1165,951,2116
2019-04-23T18:15:00+09:00,J4,1130,924,2054
2019-04-23T18:15:00+09:00,J5,499,658,1157
2019-04-23T18:30:00+09:00,J1,931,1023,1954
2019-04-23T18:30:00+09:00,J2,926,867,1793
2019-04-23T18:30:00+09:00,J3,1024,956,1980
2019-04-23T18:30:00+09:00,J4,1070,929,1999
2019-04-23T18:30:00+09:00,J5,628,733,1361
2019-04-23T18:45:00+09:00,J1,864,964,1828
2019-04-23T18:45:00+09:00,J2,853,776,1629
2019-04-23T18:45:00+09:00,J3,923,820,1743
2019-04-23T18:45:00+09:00,J4,1083,830,1913
2019-04-23T18:45:00+09:00,J5,612,688,1300
2019-04-23T19:00:00+09:00,J1,797,1018,1815
2019-04-23T19:00:00+09:00,J2,806,766,1572
2019-04-23T19:00:00+09:00,J3,866,823,1689
2019-04-23T19:00:00+09:00,J4,1045,850,1895
2019-04-23T19:00:00+09:00,J5,607,685,1292
2019-04-23T19:15:00+09:00,J1,862,903,1765
2019-04-23T19:15:00+09:00,J2,880,711,1591
2019-04-23T19:15:00+09:00,J3,922,806,1728
2019-04-23T19:15:00+09:00,J4,1078,890,1968
2019-04-23T19:15:00+09:00,J5,564,669,1233
2019-04-23T19:30:00+09:00,J1,808,970,1778
2019-04-23T19:30:00+09:00,J2,634,709,1343
2019-04-23T19:30:00+09:00,J3,949,843,1792
2019-04-23T19:30:00+09:00,J4,1030,881,1911
2019-04-23T19:30:00+09:00,J5,463,552,1015
2019-04-23T19:45:00+09:00,J1,795,887,1682
2019-04-23T19:45:00+09:00,J2,713,728,1441
2019-04-23T19:45:00+09:00,J3,938,817,1755
2019-04-23T19:45:00+09:00,J4,956,782,1738
2019-04-23T19:45:00+09:00,J5,478,510,988
2019-04-23T20:00:00+09:00,J1,696,875,1571
2019-04-23T20:00:00+09:00,J2,733,749,1482
2019-04-23T20:00:00+09:00,J3,956,830,1786
2019-04-23T20:00:00+09:00,J4,1037,774,1811
2019-04-23T20:00:00+09:00,J5,418,458,876
2019-04-23T20:15:00+09:00,J1,616,891,1507
2019-04-23T20:15:00+09:00,J2,754,666,1420
2019-04-23T20:15:00+09:00,J3,1032,947,1979
2019-04-23T20:15:00+09:00,J4,1012,917,1929
2019-04-23T20:15:00+09:00,J5,457,467,924
2019-04-23T20:30:00+09:00,J1,682,863,1545
2019-04-23T20:30:00+09:00,J2,723,780,1503
2019-04-23T20:30:00+09:00,J3,945,1010,1955
2019-04-23T20:30:00+09:00,J4,908,920,1828
2019-04-23T20:30:00+09:00,J5,414,479,893
2019-04-23T20:45:00+09:00,J1,668,813,1481
2019-04-23T20:45:00+09:00,J2,688,708,1396
2019-04-23T20:45:00+09:00,J3,1034,880,1914
2019-04-23T20:45:00+09:00,J4,807,651,1458
2019-04-23T20:45:00+09:00,J5,387,444,831
2019-04-23T21:00:00+09:00,J1,737,795,1532
2019-04-23T21:00:00+09:00,J2,650,690,1340
2019-04-23T21:00:00+09:00,J3,965,794,1759
2019-04-23T21:00:00+09:00,J4,792,702,1494
2019-04-23T21:00:00+09:00,J5,407,448,855
2019-04-23T21:15:00+09:00,J1,746,826,1572
2019-04-23T21:15:00+09:00,J2,606,564,1170
2019-04-23T21:15:00+09:00,J3,910,756,1666
2019-04-23T21:15:00+09:00,J4,731,642,1373
2019-04-23T21:15:00+09:00,J5,413,468,881
2019-04-23T21:30:00+09:00,J1,670,811,1481
2019-04-23T21:30:00+09:00,J2,506,604,1110
2019-04-23T21:30:00+09:00,J3,859,750,1609
2019-04-23T21:30:00+09:00,J4,664,590,1254
2019-04-23T21:30:00+09:00,J5,393,421,814
2019-04-23T21:45:00+09:00,J1,730,792,1522
2019-04-23T21:45:00+09:00,J2,448,452,900
2019-04-23T21:45:00+09:00,J3,855,794,1649
2019-04-23T21:45:00+09:00,J4,723,591,1314
2019-04-23T21:45:00+09:00,J5,373,402,775
2019-04-23T22:00:00+09:00,J1,680,753,1433
2019-04-23T22:00:00+09:00,J2,377,417,794
2019-04-23T22:00:00+09:00,J3,873,817,1690
2019-04-23T22:00:00+09:00,J4,614,612,1226
2019-04-23T22:00:00+09:00,J5,352,361,713
2019-04-23T22:15:00+09:00,J1,697,756,1453
2019-04-23T22:15:00+09:00,J2,385,435,820
2019-04-23T22:15:00+09:00,J3,870,785,1655
2019-04-23T22:15:00+09:00,J4,585,597,1182
2019-04-23T22:15:00+09:00,J5,371,369,740
2019-04-23T22:30:00+09:00,J1,744,740,1484
2019-04-23T22:30:00+09:00,J2,352,369,721
2019-04-23T22:30:00+09:00,J3,921,876,1797
2019-04-23T22:30:00+09:00,J4,547,588,1135
2019-04-23T22:30:00+09:00,J5,327,280,607
2019-04-23T22:45:00+09:00,J1,690,697,1387
2019-04-23T22:45:00+09:00,J2,279,346,625
2019-04-23T22:45:00+09:00,J3,950,830,1780
2019-04-23T22:45:00+09:00,J4,493,534,1027
2019-04-23T22:45:00+09:00,J5,327,345,672
2019-04-23T23:00:00+09:00,J1,636,728,1364
2019-04-23T23:00:00+09:00,J2,322,373,695
2019-04-23T23:00:00+09:00,J3,907,810,1717
2019-04-23T23:00:00+09:00,J4,558,582,1140
2019-04-23T23:00:00+09:00,J5,300,306,606
2019-04-23T23:15:00+09:00,J1,604,645,1249
2019-04-23T23:15:00+09:00,J2,346,396,742
2019-04-23T23:15:00+09:00,J3,848,822,1670
2019-04-23T23:15:00+09:00,J4,620,641,1261
2019-04-23T23:15:00+09:00,J5,303,312,615
2019-04-23T23:30:00+09:00,J1,670,709,1379
2019-04-23T23:30:00+09:00,J2,358,455,813
2019-04-23T23:30:00+09:00,J3,958,820,1778
2019-04-23T23:30:00+09:00,J4,527,581,1108
2019-04-23T23:30:00+09:00,J5,321,300,621
2019-04-23T23:45:00+09:00,J1,607,652,1259
2019-04-23T23:45:00+09:00,J2,306,337,643
2019-04-23T23:45:00+09:00,J3,862,749,1611
2019-04-23T23:45:00+09:00,J4,427,482,909
2019-04-23T23:45:00+09:00,J5,308,309,617
2019-04-24T00:00:00+09:00,J1,558,524,1082
2019-04-24T00:00:00+09:00,J2,363,444,807
2019-04-24T00:00:00+09:00,J3,812,665,1477
2019-04-24T00:00:00+09:00,J4,368,446,814
2019-04-24T00:00:00+09:00,J5,281,296,577
2019-04-24T00:15:00+09:00,J1,404,389,793
2019-04-24T00:15:00+09:00,J2,339,408,747
2019-04-24T00:15:00+09:00,J3,625,415,1040
2019-04-24T00:15:00+09:00,J4,320,334,654
2019-04-24T00:15:00+09:00,J5,299,280,579
2019-04-24T00:30:00+09:00,J1,286,311,597
2019-04-24T00:30:00+09:00,J2,348,392,740
2019-04-24T00:30:00+09:00,J3,469,339,808
2019-04-24T00:30:00+09:00,J4,342,411,753
2019-04-24T00:30:00+09:00,J5,326,319,645
2019-04-24T00:45:00+09:00,J1,355,351,706
2019-04-24T00:45:00+09:00,J2,338,354,692
2019-04-24T00:45:00+09:00,J3,636,599,1235
2019-04-24T00:45:00+09:00,J4,318,304,622
2019-04-24T00:45:00+09:00,J5,355,299,654
2019-04-24T05:45:00+09:00,J1,428,402,830
2019-04-24T05:45:00+09:00,J2,533,426,959
2019-04-24T05:45:00+09:00,J3,393,397,790
2019-04-24T05:45:00+09:00,J4,505,552,1057
2019-04-24T05:45:00+09:00,J5,507,640,1147
2019-04-24T06:00:00+09:00,J1,576,499,1075
2019-04-24T06:00:00+09:00,J2,545,456,1001
2019-04-24T06:00:00+09:00,J3,416,387,803
2019-04-24T06:00:00+09:00,J4,500,586,1086
2019-04-24T06:00:00+09:00,J5,501,643,1144
2019-04-24T06:15:00+09:00,J1,643,554,1197
2019-04-24T06:15:00+09:00,J2,481,459,940
2019-04-24T06:15:00+09:00,J3,550,412,962
2019-04-24T06:15:00+09:00,J4,502,619,1121
2019-04-24T06:15:00+09:00,J5,420,550,970
2019-04-24T06:30:00+09:00,J1,591,513,1104
2019-04-24T06:30:00+09:00,J2,433,390,823
2019-04-24T06:30:00+09:00,J3,506,407,913
2019-04-24T06:30:00+09:00,J4,519,577,1096
2019-04-24T06:30:00+09:00,J5,501,598,1099
2019-04-24T06:45:00+09:00,J1,536,581,1117
2019-04-24T06:45:00+09:00,J2,492,368,860
2019-04-24T06:45:00+09:00,J3,557,473,1030
2019-04-24T06:45:00+09:00,J4,577,656,1233
2019-04-24T06:45:00+09:00,J5,483,503,986
2019-04-24T07:00:00+09:00,J1,739,661,1400
2019-04-24T07:00:00+09:00,J2,392,410,802
2019-04-24T07:00:00+09:00,J3,638,546,1184
2019-04-24T07:00:00+09:00,J4,624,720,1344
2019-04-24T07:00:00+09:00,J5,529,618,1147
2019-04-24T07:15:00+09:00,J1,746,693,1439
2019-04-24T07:15:00+09:00,J2,347,282,629
2019-04-24T07:15:00+09:00,J3,832,638,1470
2019-04-24T07:15:00+09:00,J4,655,827,1482
2019-04-24T07:15:00+09:00,J5,530,549,1079
2019-04-24T07:30:00+09:00,J1,798,668,1466
2019-04-24T07:30:00+09:00,J2,457,299,756
2019-04-24T07:30:00+09:00,J3,951,932,1883
2019-04-24T07:30:00+09:00,J4,673,817,1490
2019-04-24T07:30:00+09:00,J5,491,455,946
2019-04-24T07:45:00+09:00,J1,845,725,1570
2019-04-24T07:45:00+09:00,J2,583,395,978
2019-04-24T07:45:00+09:00,J3,946,1073,2019
2019-04-24T07:45:00+09:00,J4,640,844,1484
2019-04-24T07:45:00+09:00,J5,415,423,838
2019-04-24T08:00:00+09:00,J1,1087,932,2019
2019-04-24T08:00:00+09:00,J2,861,674,1535
2019-04-24T08:00:00+09:00,J3,980,1109,2089
2019-04-24T08:00:00+09:00,J4,690,921,1611
2019-04-24T08:00:00+09:00,J5,521,486,1007
2019-04-24T08:15:00+09:00,J1,1239,1060,2299
2019-04-24T08:15:00+09:00,J2,1061,834,1895
2019-04-24T08:15:00+09:00,J3,1082,1253,2335
2019-04-24T08:15:00+09:00,J4,934,1124,2058
2019-04-24T08:15:00+09:00,J5,591,665,1256
2019-04-24T08:30:00+09:00,J1,1238,985,2223
2019-04-24T08:30:00+09:00,J2,1083,711,1794
2019-04-24T08:30:00+09:00,J3,1008,1353,2361
2019-04-24T08:30:00+09:00,J4,988,1174,2162
2019-04-24T08:30:00+09:00,J5,610,710,1320
2019-04-24T08:45:00+09:00,J1,1082,897,1979
2019-04-24T08:45:00+09:00,J2,999,711,1710
2019-04-24T08:45:00+09:00,J3,1019,1068,2087
2019-04-24T08:45:00+09:00,J4,817,971,1788
2019-04-24T08:45:00+09:00,J5,463,525,988
2019-04-24T09:00:00+09:00,J1,914,902,1816
2019-04-24T09:00:00+09:00,J2,801,767,1568
2019-04-24T09:00:00+09:00,J3,1002,879,1881
2019-04-24T09:00:00+09:00,J4,689,724,1413
2019-04-24T09:00:00+09:00,J5,355,318,673
2019-04-24T09:15:00+09:00,J1,788,765,1553
2019-04-24T09:15:00+09:00,J2,752,717,1469
2019-04-24T09:15:00+09:00,J3,995,952,1947
2019-04-24T09:15:00+09:00,J4,705,722,1427
2019-04-24T09:15:00+09:00,J5,328,362,690
2019-04-24T09:30:00+09:00,J1,727,773,1500
2019-04-24T09:30:00+09:00,J2,751,692,1443
2019-04-24T09:30:00+09:00,J3,973,887,1860
2019-04-24T09:30:00+09:00,J4,795,849,1644
2019-04-24T09:30:00+09:00,J5,406,424,830
2019-04-24T09:45:00+09:00,J1,857,682,1539
2019-04-24T09:45:00+09:00,J2,668,665,1333
2019-04-24T09:45:00+09:00,J3,886,870,1756
2019-04-24T09:45:00+09:00,J4,795,739,1534
2019-04-24T09:45:00+09:00,J5,332,297,629
2019-04-24T10:00:00+09:00,J1,771,695,1466
2019-04-24T10:00:00+09:00,J2,734,661,1395
2019-04-24T10:00:00+09:00,J3,781,784,1565
2019-04-24T10:00:00+09:00,J4,795,784,1579
2019-04-24T10:00:00+09:00,J5,323,349,672
2019-04-24T10:15:00+09:00,J1,706,632,1338
2019-04-24T10:15:00+09:00,J2,789,695,1484
2019-04-24T10:15:00+09:00,J3,685,785,1470
2019-04-24T10:15:00+09:00,J4,818,886,1704
2019-04-24T10:15:00+09:00,J5,352,333,685
2019-04-24T10:30:00+09:00,J1,699,692,1391
2019-04-24T10:30:00+09:00,J2,847,659,1506
2019-04-24T10:30:00+09:00,J3,610,704,1314
2019-04-24T10:30:00+09:00,J4,946,887,1833
2019-04-24T10:30:00+09:00,J5,484,460,944
2019-04-24T10:45:00+09:00,J1,727,637,1364
2019-04-24T10:45:00+09:00,J2,819,667,1486
2019-04-24T10:45:00+09:00,J3,594,650,1244
2019-04-24T10:45:00+09:00,J4,844,822,1666
2019-04-24T10:45:00+09:00,J5,500,593,1093
2019-04-24T11:00:00+09:00,J1,747,672,1419
2019-04-24T11:00:00+09:00,J2,731,584,1315
2019-04-24T11:00:00+09:00,J3,606,662,1268
2019-04-24T11:00:00+09:00,J4,894,896,1790
2019-04-24T11:00:00+09:00,J5,466,493,959
2019-04-24T11:15:00+09:00,J1,776,909,1685
2019-04-24T11:15:00+09:00,J2,670,572,1242
2019-04-24T11:15:00+09:00,J3,575,648,1223
2019-04-24T11:15:00+09:00,J4,824,810,1634
2019-04-24T11:15:00+09:00,J5,426,449,875
2019-04-24T11:30:00+09:00,J1,739,870,1609
2019-04-24T11:30:00+09:00,J2,688,576,1264
2019-04-24T11:30:00+09:00,J3,704,639,1343
2019-04-24T11:30:00+09:00,J4,838,938,1776
2019-04-24T11:30:00+09:00,J5,513,562,1075
2019-04-24T11:45:00+09:00,J1,792,895,1687
2019-04-24T11:45:00+09:00,J2,618,594,1212
2019-04-24T11:45:00+09:00,J3,828,717,1545
2019-04-24T11:45:00+09:00,J4,854,883,1737
2019-04-24T11:45:00+09:00,J5,477,499,976
2019-04-24T12:00:00+09:00,J1,746,931,1677
2019-04-24T12:00:00+09:00,J2,575,587,1162
2019-04-24T12:00:00+09:00,J3,798,730,1528
2019-04-24T12:00:00+09:00,J4,898,882,1780
2019-04-24T12:00:00+09:00,J5,535,563,1098
2019-04-24T12:15:00+09:00,J1,636,769,1405
2019-04-24T12:15:00+09:00,J2,540,607,1147
2019-04-24T12:15:00+09:00,J3,792,671,1463
2019-04-24T12:15:00+09:00,J4,833,894,1727
2019-04-24T12:15:00+09:00,J5,529,609,1138
2019-04-24T12:30:00+09:00,J1,739,821,1560
2019-04-24T12:30:00+09:00,J2,503,591,1094
2019-04-24T12:30:00+09:00,J3,693,766,1459
2019-04-24T12:30:00+09:00,J4,714,876,1590
2019-04-24T12:30:00+09:00,J5,561,587,1148
2019-04-24T12:45:00+09:00,J1,774,795,1569
2019-04-24T12:45:00+09:00,J2,533,569,1102
2019-04-24T12:45:00+09:00,J3,674,721,1395
2019-04-24T12:45:00+09:00,J4,701,873,1574
2019-04-24T12:45:00+09:00,J5,623,682,1305
2019-04-24T13:00:00+09:00,J1,769,767,1536
2019-04-24T13:00:00+09:00,J2,518,600,1118
2019-04-24T13:00:00+09:00,J3,703,728,1431
2019-04-24T13:00:00+09:00,J4,805,799,1604
2019-04-24T13:00:00+09:00,J5,409,440,849
2019-04-24T13:15:00+09:00,J1,795,920,1715
2019-04-24T13:15:00+09:00,J2,506,579,1085
2019-04-24T13:15:00+09:00,J3,731,747,1478
2019-04-24T13:15:00+09:00,J4,702,724,1426
2019-04-24T13:15:00+09:00,J5,416,414,830
2019-04-24T13:30:00+09:00,J1,851,817,1668
2019-04-24T13:30:00+09:00,J2,541,624,1165
2019-04-24T13:30:00+09:00,J3,764,753,1517
2019-04-24T13:30:00+09:00,J4,763,762,1525
2019-04-24T13:30:00+09:00,J5,394,365,759
2019-04-24T13:45:00+09:00,J1,822,758,1580
2019-04-24T13:45:00+09:00,J2,579,544,1123
2019-04-24T13:45:00+09:00,J3,757,735,1492
2019-04-24T13:45:00+09:00,J4,641,690,1331
2019-04-24T13:45:00+09:00,J5,416,436,852
2019-04-24T14:00:00+09:00,J1,773,841,1614
2019-04-24T14:00:00+09:00,J2,531,597,1128
2019-04-24T14:00:00+09:00,J3,757,762,1519
2019-04-24T14:00:00+09:00,J4,660,748,1408
2019-04-24T14:00:00+09:00,J5,381,357,738
2019-04-24T14:15:00+09:00,J1,734,853,1587
2019-04-24T14:15:00+09:00,J2,479,627,1106
2019-04-24T14:15:00+09:00,J3,710,761,1471
2019-04-24T14:15:00+09:00,J4,665,788,1453
2019-04-24T14:15:00+09:00,J5,438,461,899
2019-04-24T14:30:00+09:00,J1,747,845,1592
2019-04-24T14:30:00+09:00,J2,565,572,1137
2019-04-24T14:30:00+09:00,J3,710,818,1528
2019-04-24T14:30:00+09:00,J4,690,761,1451
2019-04-24T14:30:00+09:00,J5,477,466,943
2019-04-24T14:45:00+09:00,J1,804,767,1571
2019-04-24T14:45:00+09:00,J2,502,548,1050
2019-04-24T14:45:00+09:00,J3,716,759,1475
2019-04-24T14:45:00+09:00,J4,653,688,1341
2019-04-24T14:45:00+09:00,J5,385,435,820
2019-04-24T15:00:00+09:00,J1,786,792,1578
2019-04-24T15:00:00+09:00,J2,510,580,1090
2019-04-24T15:00:00+09:00,J3,746,742,1488
2019-04-24T15:00:00+09:00,J4,614,708,1322
2019-04-24T15:00:00+09:00,J5,405,394,799
2019-04-24T15:15:00+09:00,J1,796,872,1668
2019-04-24T15:15:00+09:00,J2,610,628,1238
2019-04-24T15:15:00+09:00,J3,742,766,1508
2019-04-24T15:15:00+09:00,J4,669,724,1393
2019-04-24T15:15:00+09:00,J5,397,435,832
2019-04-24T15:30:00+09:00,J1,714,782,1496
2019-04-24T15:30:00+09:00,J2,537,592,1129
2019-04-24T15:30:00+09:00,J3,773,790,1563
2019-04-24T15:30:00+09:00,J4,668,801,1469
2019-04-24T15:30:00+09:00,J5,446,451,897
2019-04-24T15:45:00+09:00,J1,701,780,1481
2019-04-24T15:45:00+09:00,J2,545,629,1174
2019-04-24T15:45:00+09:00,J3,692,808,1500
2019-04-24T15:45:00+09:00,J4,734,679,1413
2019-04-24T15:45:00+09:00,J5,450,436,886
2019-04-24T16:00:00+09:00,J1,770,875,1645
2019-04-24T16:00:00+09:00,J2,545,599,1144
2019-04-24T16:00:00+09:00,J3,775,761,1536
2019-04-24T16:00:00+09:00,J4,647,703,1350
2019-04-24T16:00:00+09:00,J5,546,516,1062
2019-04-24T16:15:00+09:00,J1,858,814,1672
2019-04-24T16:15:00+09:00,J2,624,616,1240
2019-04-24T16:15:00+09:00,J3,805,811,1616
2019-04-24T16:15:00+09:00,J4,645,735,1380
2019-04-24T16:15:00+09:00,J5,555,587,1142
2019-04-24T16:30:00+09:00,J1,795,798,1593
2019-04-24T16:30:00+09:00,J2,546,626,1172
2019-04-24T16:30:00+09:00,J3,740,749,1489
2019-04-24T16:30:00+09:00,J4,691,737,1428
2019-04-24T16:30:00+09:00,J5,516,521,1037
2019-04-24T16:45:00+09:00,J1,841,902,1743
2019-04-24T16:45:00+09:00,J2,558,618,1176
2019-04-24T16:45:00+09:00,J3,786,811,1597
2019-04-24T16:45:00+09:00,J4,679,703,1382
2019-04-24T16:45:00+09:00,J5,523,534,1057
2019-04-24T17:00:00+09:00,J1,846,1019,1865
2019-04-24T17:00:00+09:00,J2,553,670,1223
2019-04-24T17:00:00+09:00,J3,909,892,1801
2019-04-24T17:00:00+09:00,J4,681,779,1460
2019-04-24T17:00:00+09:00,J5,512,483,995
2019-04-24T17:15:00+09:00,J1,891,1017,1908
2019-04-24T17:15:00+09:00,J2,634,740,1374
2019-04-24T17:15:00+09:00,J3,969,856,1825
2019-04-24T17:15:00+09:00,J4,787,741,1528
2019-04-24T17:15:00+09:00,J5,548,569,1117
2019-04-24T17:30:00+09:00,J1,926,974,1900
2019-04-24T17:30:00+09:00,J2,731,793,1524
2019-04-24T17:30:00+09:00,J3,1050,945,1995
2019-04-24T17:30:00+09:00,J4,881,837,1718
2019-04-24T17:30:00+09:00,J5,580,597,1177
2019-04-24T17:45:00+09:00,J1,765,958,1723
2019-04-24T17:45:00+09:00,J2,792,866,1658
2019-04-24T17:45:00+09:00,J3,1093,1004,2097
2019-04-24T17:45:00+09:00,J4,963,807,1770
2019-04-24T17:45:00+09:00,J5,555,606,1161
2019-04-24T18:00:00+09:00,J1,810,1020,1830
2019-04-24T18:00:00+09:00,J2,808,852,1660
2019-04-24T18:00:00+09:00,J3,1123,971,2094
2019-04-24T18:00:00+09:00,J4,983,781,1764
2019-04-24T18:00:00+09:00,J5,677,633,1310
2019-04-24T18:15:00+09:00,J1,843,989,1832
2019-04-24T18:15:00+09:00,J2,896,808,1704
2019-04-24T18:15:00+09:00,J3,1178,1144,2322
2019-04-24T18:15:00+09:00,J4,950,798,1748
2019-04-24T18:15:00+09:00,J5,660,619,1279
2019-04-24T18:30:00+09:00,J1,776,917,1693
2019-04-24T18:30:00+09:00,J2,794,707,1501
2019-04-24T18:30:00+09:00,J3,1130,993,2123
2019-04-24T18:30:00+09:00,J4,860,704,1564
2019-04-24T18:30:00+09:00,J5,514,507,1021
2019-04-24T18:45:00+09:00,J1,791,854,1645
2019-04-24T18:45:00+09:00,J2,688,702,1390
2019-04-24T18:45:00+09:00,J3,1036,944,1980
2019-04-24T18:45:00+09:00,J4,807,731,1538
2019-04-24T18:45:00+09:00,J5,579,577,1156
2019-04-24T19:00:00+09:00,J1,715,813,1528
2019-04-24T19:00:00+09:00,J2,576,592,1168
2019-04-24T19:00:00+09:00,J3,1059,970,2029
2019-04-24T19:00:00+09:00,J4,811,687,1498
2019-04-24T19:00:00+09:00,J5,632,647,1279
2019-04-24T19:15:00+09:00,J1,727,739,1466
2019-04-24T19:15:00+09:00,J2,571,596,1167
2019-04-24T19:15:00+09:00,J3,1111,919,2030
2019-04-24T19:15:00+09:00,J4,755,662,1417
2019-04-24T19:15:00+09:00,J5,581,583,1164
2019-04-24T19:30:00+09:00,J1,603,785,1388
2019-04-24T19:30:00+09:00,J2,490,526,1016
2019-04-24T19:30:00+09:00,J3,937,821,1758
2019-04-24T19:30:00+09:00,J4,699,611,1310
2019-04-24T19:30:00+09:00,J5,573,546,1119
2019-04-24T19:45:00+09:00,J1,636,716,1352
2019-04-24T19:45:00+09:00,J2,446,481,927
2019-04-24T19:45:00+09:00,J3,845,797,1642
2019-04-24T19:45:00+09:00,J4,645,647,1292
2019-04-24T19:45:00+09:00,J5,510,505,1015
2019-04-24T20:00:00+09:00,J1,618,795,1413
2019-04-24T20:00:00+09:00,J2,392,556,948
2019-04-24T20:00:00+09:00,J3,844,846,1690
2019-04-24T20:00:00+09:00,J4,712,697,1409
2019-04-24T20:00:00+09:00,J5,549,559,1108
2019-04-24T20:15:00+09:00,J1,697,820,1517
2019-04-24T20:15:00+09:00,J2,405,624,1029
2019-04-24T20:15:00+09:00,J3,931,920,1851
2019-04-24T20:15:00+09:00,J4,727,656,1383
2019-04-24T20:15:00+09:00,J5,570,499,1069
2019-04-24T20:30:00+09:00,J1,603,747,1350
2019-04-24T20:30:00+09:00,J2,420,616,1036
2019-04-24T20:30:00+09:00,J3,899,834,1733
2019-04-24T20:30:00+09:00,J4,679,627,1306
2019-04-24T20:30:00+09:00,J5,491,501,992
2019-04-24T20:45:00+09:00,J1,568,748,1316
2019-04-24T20:45:00+09:00,J2,392,618,1010
2019-04-24T20:45:00+09:00,J3,835,801,1636
2019-04-24T20:45:00+09:00,J4,718,680,1398
2019-04-24T20:45:00+09:00,J5,480,472,952
2019-04-24T21:00:00+09:00,J1,526,752,1278
2019-04-24T21:00:00+09:00,J2,431,542,973
2019-04-24T21:00:00+09:00,J3,846,720,1566
2019-04-24T21:00:00+09:00,J4,771,788,1559
2019-04-24T21:00:00+09:00,J5,532,511,1043
2019-04-24T21:15:00+09:00,J1,511,750,1261
2019-04-24T21:15:00+09:00,J2,389,558,947
2019-04-24T21:15:00+09:00,J3,703,762,1465
2019-04-24T21:15:00+09:00,J4,736,782,1518
2019-04-24T21:15:00+09:00,J5,503,494,997
2019-04-24T21:30:00+09:00,J1,522,600,1122
2019-04-24T21:30:00+09:00,J2,365,412,777
2019-04-24T21:30:00+09:00,J3,717,634,1351
2019-04-24T21:30:00+09:00,J4,709,755,1464
2019-04-24T21:30:00+09:00,J5,544,508,1052
2019-04-24T21:45:00+09:00,J1,568,590,1158
2019-04-24T21:45:00+09:00,J2,417,464,881
2019-04-24T21:45:00+09:00,J3,687,554,1241
2019-04-24T21:45:00+09:00,J4,716,691,1407
2019-04-24T21:45:00+09:00,J5,534,536,1070
2019-04-24T22:00:00+09:00,J1,612,636,1248
2019-04-24T22:00:00+09:00,J2,490,481,971
2019-04-24T22:00:00+09:00,J3,634,562,1196
2019-04-24T22:00:00+09:00,J4,775,691,1466
2019-04-24T22:00:00+09:00,J5,555,642,1197
2019-04-24T22:15:00+09:00,J1,667,692,1359
2019-04-24T22:15:00+09:00,J2,574,534,1108
2019-04-24T22:15:00+09:00,J3,580,581,1161
2019-04-24T22:15:00+09:00,J4,744,675,1419
2019-04-24T22:15:00+09:00,J5,526,570,1096
2019-04-24T22:30:00+09:00,J1,624,686,1310
2019-04-24T22:30:00+09:00,J2,641,518,1159
2019-04-24T22:30:00+09:00,J3,556,482,1038
2019-04-24T22:30:00+09:00,J4,740,676,1416
2019-04-24T22:30:00+09:00,J5,481,514,995
2019-04-24T22:45:00+09:00,J1,665,763,1428
2019-04-24T22:45:00+09:00,J2,616,562,1178
2019-04-24T22:45:00+09:00,J3,615,496,1111
2019-04-24T22:45:00+09:00,J4,797,731,1528
2019-04-24T22:45:00+09:00,J5,466,494,960
2019-04-24T23:00:00+09:00,J1,613,757,1370
2019-04-24T23:00:00+09:00,J2,469,540,1009
2019-04-24T23:00:00+09:00,J3,553,505,1058
2019-04-24T23:00:00+09:00,J4,808,795,1603
2019-04-24T23:00:00+09:00,J5,392,378,770
2019-04-24T23:15:00+09:00,J1,639,675,1314
2019-04-24T23:15:00+09:00,J2,596,613,1209
2019-04-24T23:15:00+09:00,J3,578,492,1070
2019-04-24T23:15:00+09:00,J4,836,777,1613
2019-04-24T23:15:00+09:00,J5,419,385,804
2019-04-24T23:30:00+09:00,J1,601,636,1237
2019-04-24T23:30:00+09:00,J2,576,574,1150
2019-04-24T23:30:00+09:00,J3,544,494,1038
2019-04-24T23:30:00+09:00,J4,788,807,1595
2019-04-24T23:30:00+09:00,J5,409,371,780
2019-04-24T23:45:00+09:00,J1,568,690,1258
2019-04-24T23:45:00+09:00,J2,556,594,1150
2019-04-24T23:45:00+09:00,J3,452,452,904
2019-04-24T23:45:00+09:00,J4,837,789,1626
2019-04-24T23:45:00+09:00,J5,432,382,814
2019-04-25T00:00:00+09:00,J1,556,621,1177
2019-04-25T00:00:00+09:00,J2,576,529,1105
2019-04-25T00:00:00+09:00,J3,432,400,832
2019-04-25T00:00:00+09:00,J4,677,748,1425
2019-04-25T00:00:00+09:00,J5,342,310,652
2019-04-25T00:15:00+09:00,J1,492,533,1025
2019-04-25T00:15:00+09:00,J2,474,481,955
2019-04-25T00:15:00+09:00,J3,374,433,807
2019-04-25T00:15:00+09:00,J4,578,558,1136
2019-04-25T00:15:00+09:00,J5,277,271,548
2019-04-25T00:30:00+09:00,J1,571,551,1122
2019-04-25T00:30:00+09:00,J2,459,428,887
2019-04-25T00:30:00+09:00,J3,434,487,921
2019-04-25T00:30:00+09:00,J4,407,382,789
2019-04-25T00:30:00+09:00,J5,276,250,526
2019-04-25T00:45:00+09:00,J1,572,531,1103
2019-04-25T00:45:00+09:00,J2,414,390,804
2019-04-25T00:45:00+09:00,J3,530,478,1008
2019-04-25T00:45:00+09:00,J4,351,365,716
2019-04-25T00:45:00+09:00,J5,278,267,545
2019-04-25T05:45:00+09:00,J1,565,553,1118
2019-04-25T05:45:00+09:00,J2,411,449,860
2019-04-25T05:45:00+09:00,J3,538,570,1108
2019-04-25T05:45:00+09:00,J4,546,553,1099
2019-04-25T05:45:00+09:00,J5,382,419,801
2019-04-25T06:00:00+09:00,J1,507,537,1044
2019-04-25T06:00:00+09:00,J2,378,350,728
2019-04-25T06:00:00+09:00,J3,617,576,1193
2019-04-25T06:00:00+09:00,J4,505,559,1064
2019-04-25T06:00:00+09:00,J5,380,404,784
2019-04-25T06:15:00+09:00,J1,773,819,1592
2019-04-25T06:15:00+09:00,J2,396,349,745
2019-04-25T06:15:00+09:00,J3,721,657,1378
2019-04-25T06:15:00+09:00,J4,533,616,1149
2019-04-25T06:15:00+09:00,J5,377,338,715
2019-04-25T06:30:00+09:00,J1,841,836,1677
2019-04-25T06:30:00+09:00,J2,432,415,847
2019-04-25T06:30:00+09:00,J3,601,602,1203
2019-04-25T06:30:00+09:00,J4,525,544,1069
2019-04-25T06:30:00+09:00,J5,388,424,812
2019-04-25T06:45:00+09:00,J1,865,845,1710
2019-04-25T06:45:00+09:00,J2,499,455,954
2019-04-25T06:45:00+09:00,J3,636,685,1321
2019-04-25T06:45:00+09:00,J4,559,706,1265
2019-04-25T06:45:00+09:00,J5,470,478,948
2019-04-25T07:00:00+09:00,J1,940,872,1812
2019-04-25T07:00:00+09:00,J2,377,411,788
2019-04-25T07:00:00+09:00,J3,806,818,1624
2019-04-25T07:00:00+09:00,J4,629,742,1371
2019-04-25T07:00:00+09:00,J5,470,465,935
2019-04-25T07:15:00+09:00,J1,1018,906,1924
2019-04-25T07:15:00+09:00,J2,503,438,941
2019-04-25T07:15:00+09:00,J3,845,833,1678
2019-04-25T07:15:00+09:00,J4,631,811,1442
2019-04-25T07:15:00+09:00,J5,523,478,1001
2019-04-25T07:30:00+09:00,J1,1057,1030,2087
2019-04-25T07:30:00+09:00,J2,476,426,902
2019-04-25T07:30:00+09:00,J3,875,925,1800
2019-04-25T07:30:00+09:00,J4,617,771,1388
2019-04-25T07:30:00+09:00,J5,490,407,897
2019-04-25T07:45:00+09:00,J1,1268,1120,2388
2019-04-25T07:45:00+09:00,J2,695,466,1161
2019-04-25T07:45:00+09:00,J3,959,1011,1970
2019-04-25T07:45:00+09:00,J4,641,924,1565
2019-04-25T07:45:00+09:00,J5,474,423,897
2019-04-25T08:00:00+09:00,J1,1419,1299,2718
2019-04-25T08:00:00+09:00,J2,858,679,1537
2019-04-25T08:00:00+09:00,J3,1064,1113,2177
2019-04-25T08:00:00+09:00,J4,707,965,1672
2019-04-25T08:00:00+09:00,J5,480,476,956
2019-04-25T08:15:00+09:00,J1,1424,1294,2718
2019-04-25T08:15:00+09:00,J2,1065,755,1820
2019-04-25T08:15:00+09:00,J3,1173,1238,2411
2019-04-25T08:15:00+09:00,J4,749,1093,1842
2019-04-25T08:15:00+09:00,J5,591,570,1161
2019-04-25T08:30:00+09:00,J1,1453,1218,2671
2019-04-25T08:30:00+09:00,J2,1123,683,1806
2019-04-25T08:30:00+09:00,J3,1114,1368,2482
2019-04-25T08:30:00+09:00,J4,834,1137,1971
2019-04-25T08:30:00+09:00,J5,602,564,1166
2019-04-25T08:45:00+09:00,J1,1173,1094,2267
2019-04-25T08:45:00+09:00,J2,879,738,1617
2019-04-25T08:45:00+09:00,J3,1120,1162,2282
2019-04-25T08:45:00+09:00,J4,688,907,1595
2019-04-25T08:45:00+09:00,J5,448,469,917
2019-04-25T09:00:00+09:00,J1,1115,1164,2279
2019-04-25T09:00:00+09:00,J2,663,532,1195
2019-04-25T09:00:00+09:00,J3,952,885,1837
2019-04-25T09:00:00+09:00,J4,577,724,1301
2019-04-25T09:00:00+09:00,J5,427,416,843
2019-04-25T09:15:00+09:00,J1,949,960,1909
2019-04-25T09:15:00+09:00,J2,591,474,1065
2019-04-25T09:15:00+09:00,J3,827,863,1690
2019-04-25T09:15:00+09:00,J4,632,823,1455
2019-04-25T09:15:00+09:00,J5,411,376,787
2019-04-25T09:30:00+09:00,J1,1029,1008,2037
2019-04-25T09:30:00+09:00,J2,582,547,1129
2019-04-25T09:30:00+09:00,J3,917,919,1836
2019-04-25T09:30:00+09:00,J4,695,814,1509
2019-04-25T09:30:00+09:00,J5,417,371,788
2019-04-25T09:45:00+09:00,J1,980,953,1933
2019-04-25T09:45:00+09:00,J2,553,469,1022
2019-04-25T09:45:00+09:00,J3,930,887,1817
2019-04-25T09:45:00+09:00,J4,611,638,1249
2019-04-25T09:45:00+09:00,J5,353,342,695
2019-04-25T10:00:00+09:00,J1,899,946,1845
2019-04-25T10:00:00+09:00,J2,555,535,1090
2019-04-25T10:00:00+09:00,J3,877,809,1686
2019-04-25T10:00:00+09:00,J4,709,733,1442
2019-04-25T10:00:00+09:00,J5,340,289,629
2019-04-25T10:15:00+09:00,J1,892,844,1736
2019-04-25T10:15:00+09:00,J2,551,498,1049
2019-04-25T10:15:00+09:00,J3,823,874,1697
2019-04-25T10:15:00+09:00,J4,658,686,1344
2019-04-25T10:15:00+09:00,J5,323,292,615
2019-04-25T10:30:00+09:00,J1,840,893,1733
2019-04-25T10:30:00+09:00,J2,532,558,1090
2019-04-25T10:30:00+09:00,J3,995,909,1904
2019-04-25T10:30:00+09:00,J4,705,745,1450
2019-04-25T10:30:00+09:00,J5,376,312,688
2019-04-25T10:45:00+09:00,J1,841,879,1720
2019-04-25T10:45:00+09:00,J2,580,619,1199
2019-04-25T10:45:00+09:00,J3,989,919,1908
2019-04-25T10:45:00+09:00,J4,702,718,1420
2019-04-25T10:45:00+09:00,J5,376,336,712
2019-04-25T11:00:00+09:00,J1,749,854,1603
2019-04-25T11:00:00+09:00,J2,571,596,1167
2019-04-25T11:00:00+09:00,J3,1018,1051,2069
2019-04-25T11:00:00+09:00,J4,611,769,1380
2019-04-25T11:00:00+09:00,J5,336,351,687
2019-04-25T11:15:00+09:00,J1,883,977,1860
2019-04-25T11:15:00+09:00,J2,598,643,1241
2019-04-25T11:15:00+09:00,J3,973,1001,1974
2019-04-25T11:15:00+09:00,J4,677,785,1462
2019-04-25T11:15:00+09:00,J5,335,319,654
2019-04-25T11:30:00+09:00,J1,934,972,1906
2019-04-25T11:30:00+09:00,J2,608,656,1264
2019-04-25T11:30:00+09:00,J3,1002,967,1969
2019-04-25T11:30:00+09:00,J4,743,687,1430
2019-04-25T11:30:00+09:00,J5,352,343,695
2019-04-25T11:45:00+09:00,J1,913,971,1884
2019-04-25T11:45:00+09:00,J2,640,665,1305
2019-04-25T11:45:00+09:00,J3,1025,995,2020
2019-04-25T11:45:00+09:00,J4,720,637,1357
2019-04-25T11:45:00+09:00,J5,308,378,686
2019-04-25T12:00:00+09:00,J1,902,1015,1917
2019-04-25T12:00:00+09:00,J2,778,739,1517
2019-04-25T12:00:00+09:00,J3,1069,994,2063
2019-04-25T12:00:00+09:00,J4,703,672,1375
2019-04-25T12:00:00+09:00,J5,355,424,779
2019-04-25T12:15:00+09:00,J1,928,990,1918
2019-04-25T12:15:00+09:00,J2,838,783,1621
2019-04-25T12:15:00+09:00,J3,851,904,1755
2019-04-25T12:15:00+09:00,J4,832,848,1680
2019-04-25T12:15:00+09:00,J5,407,433,840
2019-04-25T12:30:00+09:00,J1,915,952,1867
2019-04-25T12:30:00+09:00,J2,851,849,1700
2019-04-25T12:30:00+09:00,J3,877,881,1758
2019-04-25T12:30:00+09:00,J4,932,897,1829
2019-04-25T12:30:00+09:00,J5,328,404,732
2019-04-25T12:45:00+09:00,J1,836,884,1720
2019-04-25T12:45:00+09:00,J2,828,754,1582
2019-04-25T12:45:00+09:00,J3,831,811,1642
2019-04-25T12:45:00+09:00,J4,864,859,1723
2019-04-25T12:45:00+09:00,J5,353,377,730
2019-04-25T13:00:00+09:00,J1,893,935,1828
2019-04-25T13:00:00+09:00,J2,778,726,1504
2019-04-25T13:00:00+09:00,J3,819,756,1575
2019-04-25T13:00:00+09:00,J4,839,828,1667
2019-04-25T13:00:00+09:00,J5,327,337,664
2019-04-25T13:15:00+09:00,J1,869,979,1848
2019-04-25T13:15:00+09:00,J2,903,751,1654
2019-04-25T13:15:00+09:00,J3,829,784,1613
2019-04-25T13:15:00+09:00,J4,763,779,1542
2019-04-25T13:15:00+09:00,J5,305,376,681
2019-04-25T13:30:00+09:00,J1,929,957,1886
2019-04-25T13:30:00+09:00,J2,875,749,1624
2019-04-25T13:30:00+09:00,J3,790,803,1593
2019-04-25T13:30:00+09:00,J4,864,860,1724
2019-04-25T13:30:00+09:00,J5,337,359,696
2019-04-25T13:45:00+09:00,J1,900,962,1862
2019-04-25T13:45:00+09:00,J2,767,784,1551
2019-04-25T13:45:00+09:00,J3,836,828,1664
2019-04-25T13:45:00+09:00,J4,782,775,1557
2019-04-25T13:45:00+09:00,J5,331,362,693
2019-04-25T14:00:00+09:00,J1,914,965,1879
2019-04-25T14:00:00+09:00,J2,896,765,1661
2019-04-25T14:00:00+09:00,J3,794,769,1563
2019-04-25T14:00:00+09:00,J4,771,830,1601
2019-04-25T14:00:00+09:00,J5,327,317,644
2019-04-25T14:15:00+09:00,J1,861,973,1834
2019-04-25T14:15:00+09:00,J2,820,752,1572
2019-04-25T14:15:00+09:00,J3,807,757,1564
2019-04-25T14:15:00+09:00,J4,797,827,1624
2019-04-25T14:15:00+09:00,J5,347,314,661
2019-04-25T14:30:00+09:00,J1,902,969,1871
2019-04-25T14:30:00+09:00,J2,831,769,1600
2019-04-25T14:30:00+09:00,J3,782,878,1660
2019-04-25T14:30:00+09:00,J4,873,859,1732
2019-04-25T14:30:00+09:00,J5,295,362,657
2019-04-25T14:45:00+09:00,J1,855,978,1833
2019-04-25T14:45:00+09:00,J2,921,805,1726
2019-04-25T14:45:00+09:00,J3,738,896,1634
2019-04-25T14:45:00+09:00,J4,884,816,1700
2019-04-25T14:45:00+09:00,J5,313,336,649
2019-04-25T15:00:00+09:00,J1,881,968,1849
2019-04-25T15:00:00+09:00,J2,735,767,1502
2019-04-25T15:00:00+09:00,J3,759,811,1570
2019-04-25T15:00:00+09:00,J4,930,896,1826
2019-04-25T15:00:00+09:00,J5,312,348,660
2019-04-25T15:15:00+09:00,J1,864,989,1853
2019-04-25T15:15:00+09:00,J2,796,855,1651
2019-04-25T15:15:00+09:00,J3,755,822,1577
2019-04-25T15:15:00+09:00,J4,891,905,1796
2019-04-25T15:15:00+09:00,J5,314,332,646
2019-04-25T15:30:00+09:00,J1,824,986,1810
2019-04-25T15:30:00+09:00,J2,785,718,1503
2019-04-25T15:30:00+09:00,J3,806,802,1608
2019-04-25T15:30:00+09:00,J4,914,918,1832
2019-04-25T15:30:00+09:00,J5,295,348,643
2019-04-25T15:45:00+09:00,J1,856,888,1744
2019-04-25T15:45:00+09:00,J2,894,773,1667
2019-04-25T15:45:00+09:00,J3,815,843,1658
2019-04-25T15:45:00+09:00,J4,788,815,1603
2019-04-25T15:45:00+09:00,J5,327,387,714
2019-04-25T16:00:00+09:00,J1,891,983,1874
2019-04-25T16:00:00+09:00,J2,796,825,1621
2019-04-25T16:00:00+09:00,J3,800,859,1659
2019-04-25T16:00:00+09:00,J4,803,830,1633
2019-04-25T16:00:00+09:00,J5,340,355,695
2019-04-25T16:15:00+09:00,J1,887,1019,1906
2019-04-25T16:15:00+09:00,J2,862,786,1648
2019-04-25T16:15:00+09:00,J3,816,907,1723
2019-04-25T16:15:00+09:00,J4,888,930,1818
2019-04-25T16:15:00+09:00,J5,356,392,748
2019-04-25T16:30:00+09:00,J1,956,1020,1976
2019-04-25T16:30:00+09:00,J2,786,890,1676
2019-04-25T16:30:00+09:00,J3,834,835,1669
2019-04-25T16:30:00+09:00,J4,878,905,1783
2019-04-25T16:30:00+09:00,J5,346,353,699
2019-04-25T16:45:00+09:00,J1,870,1019,1889
2019-04-25T16:45:00+09:00,J2,815,903,1718
2019-04-25T16:45:00+09:00,J3,836,973,1809
2019-04-25T16:45:00+09:00,J4,894,859,1753
2019-04-25T16:45:00+09:00,J5,299,306,605
2019-04-25T17:00:00+09:00,J1,945,1081,2026
2019-04-25T17:00:00+09:00,J2,776,888,1664
2019-04-25T17:00:00+09:00,J3,902,858,1760
2019-04-25T17:00:00+09:00,J4,892,863,1755
2019-04-25T17:00:00+09:00,J5,329,374,703
2019-04-25T17:15:00+09:00,J1,1113,1247,2360
2019-04-25T17:15:00+09:00,J2,909,985,1894
2019-04-25T17:15:00+09:00,J3,923,930,1853
2019-04-25T17:15:00+09:00,J4,1072,925,1997
2019-04-25T17:15:00+09:00,J5,347,490,837
2019-04-25T17:30:00+09:00,J1,1198,1253,2451
2019-04-25T17:30:00+09:00,J2,840,985,1825
2019-04-25T17:30:00+09:00,J3,1027,999,2026
2019-04-25T17:30:00+09:00,J4,1148,950,2098
2019-04-25T17:30:00+09:00,J5,362,531,893
2019-04-25T17:45:00+09:00,J1,1182,1268,2450
2019-04-25T17:45:00+09:00,J2,910,894,1804
2019-04-25T17:45:00+09:00,J3,1039,967,2006
2019-04-25T17:45:00+09:00,J4,1222,1032,2254
2019-04-25T17:45:00+09:00,J5,385,498,883
2019-04-25T18:00:00+09:00,J1,1129,1327,2456
2019-04-25T18:00:00+09:00,J2,915,942,1857
2019-04-25T18:00:00+09:00,J3,1178,1012,2190
2019-04-25T18:00:00+09:00,J4,1151,864,2015
2019-04-25T18:00:00+09:00,J5,369,512,881
2019-04-25T18:15:00+09:00,J1,1110,1263,2373
2019-04-25T18:15:00+09:00,J2,903,990,1893
2019-04-25T18:15:00+09:00,J3,1290,1085,2375
2019-04-25T18:15:00+09:00,J4,1202,870,2072
2019-04-25T18:15:00+09:00,J5,396,626,1022
2019-04-25T18:30:00+09:00,J1,1049,1154,2203
2019-04-25T18:30:00+09:00,J2,782,968,1750
2019-04-25T18:30:00+09:00,J3,1194,1008,2202
2019-04-25T18:30:00+09:00,J4,1056,812,1868
2019-04-25T18:30:00+09:00,J5,401,481,882
2019-04-25T18:45:00+09:00,J1,1009,1200,2209
2019-04-25T18:45:00+09:00,J2,677,872,1549
2019-04-25T18:45:00+09:00,J3,1157,986,2143
2019-04-25T18:45:00+09:00,J4,905,811,1716
2019-04-25T18:45:00+09:00,J5,359,443,802
2019-04-25T19:00:00+09:00,J1,933,1067,2000
2019-04-25T19:00:00+09:00,J2,736,808,1544
2019-04-25T19:00:00+09:00,J3,1118,957,2075
2019-04-25T19:00:00+09:00,J4,904,811,1715
2019-04-25T19:00:00+09:00,J5,372,402,774
2019-04-25T19:15:00+09:00,J1,1022,1126,2148
2019-04-25T19:15:00+09:00,J2,846,765,1611
2019-04-25T19:15:00+09:00,J3,1100,1017,2117
2019-04-25T19:15:00+09:00,J4,839,771,1610
2019-04-25T19:15:00+09:00,J5,405,501,906
2019-04-25T19:30:00+09:00,J1,1102,1096,2198
2019-04-25T19:30:00+09:00,J2,700,737,1437
2019-04-25T19:30:00+09:00,J3,1055,871,1926
2019-04-25T19:30:00+09:00,J4,738,652,1390
2019-04-25T19:30:00+09:00,J5,356,384,740
2019-04-25T19:45:00+09:00,J1,924,1046,1970
2019-04-25T19:45:00+09:00,J2,633,753,1386
2019-04-25T19:45:00+09:00,J3,1053,935,1988
2019-04-25T19:45:00+09:00,J4,713,641,1354
2019-04-25T19:45:00+09:00,J5,339,390,729
2019-04-25T20:00:00+09:00,J1,995,1108,2103
2019-04-25T20:00:00+09:00,J2,615,774,1389
2019-04-25T20:00:00+09:00,J3,1013,883,1896
2019-04-25T20:00:00+09:00,J4,701,675,1376
2019-04-25T20:00:00+09:00,J5,316,346,662
2019-04-25T20:15:00+09:00,J1,931,1049,1980
2019-04-25T20:15:00+09:00,J2,594,727,1321
2019-04-25T20:15:00+09:00,J3,1051,968,2019
2019-04-25T20:15:00+09:00,J4,746,646,1392
2019-04-25T20:15:00+09:00,J5,335,377,712
2019-04-25T20:30:00+09:00,J1,827,1011,1838
2019-04-25T20:30:00+09:00,J2,515,630,1145
2019-04-25T20:30:00+09:00,J3,992,857,1849
2019-04-25T20:30:00+09:00,J4,721,632,1353
2019-04-25T20:30:00+09:00,J5,350,334,684
2019-04-25T20:45:00+09:00,J1,909,1016,1925
2019-04-25T20:45:00+09:00,J2,522,693,1215
2019-04-25T20:45:00+09:00,J3,961,785,1746
2019-04-25T20:45:00+09:00,J4,675,625,1300
2019-04-25T20:45:00+09:00,J5,297,309,606
2019-04-25T21:00:00+09:00,J1,926,1058,1984
2019-04-25T21:00:00+09:00,J2,524,599,1123
2019-04-25T21:00:00+09:00,J3,1012,834,1846
2019-04-25T21:00:00+09:00,J4,633,610,1243
2019-04-25T21:00:00+09:00,J5,307,304,611
2019-04-25T21:15:00+09:00,J1,969,1026,1995
2019-04-25T21:15:00+09:00,J2,516,635,1151
2019-04-25T21:15:00+09:00,J3,1022,919,1941
2019-04-25T21:15:00+09:00,J4,686,620,1306
2019-04-25T21:15:00+09:00,J5,292,307,599
2019-04-25T21:30:00+09:00,J1,936,974,1910
2019-04-25T21:30:00+09:00,J2,493,605,1098
2019-04-25T21:30:00+09:00,J3,1072,769,1841
2019-04-25T21:30:00+09:00,J4,609,572,1181
2019-04-25T21:30:00+09:00,J5,277,291,568
2019-04-25T21:45:00+09:00,J1,855,966,1821
2019-04-25T21:45:00+09:00,J2,426,592,1018
2019-04-25T21:45:00+09:00,J3,967,787,1754
2019-04-25T21:45:00+09:00,J4,564,632,1196
2019-04-25T21:45:00+09:00,J5,298,285,583
2019-04-25T22:00:00+09:00,J1,853,940,1793
2019-04-25T22:00:00+09:00,J2,395,539,934
2019-04-25T22:00:00+09:00,J3,871,705,1576
2019-04-25T22:00:00+09:00,J4,642,673,1315
2019-04-25T22:00:00+09:00,J5,311,272,583
2019-04-25T22:15:00+09:00,J1,800,899,1699
2019-04-25T22:15:00+09:00,J2,391,534,925
2019-04-25T22:15:00+09:00,J3,849,744,1593
2019-04-25T22:15:00+09:00,J4,650,702,1352
2019-04-25T22:15:00+09:00,J5,282,253,535
2019-04-25T22:30:00+09:00,J1,881,938,1819
2019-04-25T22:30:00+09:00,J2,392,563,955
2019-04-25T22:30:00+09:00,J3,808,718,1526
2019-04-25T22:30:00+09:00,J4,611,711,1322
2019-04-25T22:30:00+09:00,J5,258,287,545
2019-04-25T22:45:00+09:00,J1,895,948,1843
2019-04-25T22:45:00+09:00,J2,371,465,836
2019-04-25T22:45:00+09:00,J3,748,756,1504
2019-04-25T22:45:00+09:00,J4,567,619,1186
2019-04-25T22:45:00+09:00,J5,302,286,588
2019-04-25T23:00:00+09:00,J1,824,914,1738
2019-04-25T23:00:00+09:00,J2,367,460,827
2019-04-25T23:00:00+09:00,J3,692,666,1358
2019-04-25T23:00:00+09:00,J4,568,637,1205
2019-04-25T23:00:00+09:00,J5,346,301,647
2019-04-25T23:15:00+09:00,J1,857,954,1811
2019-04-25T23:15:00+09:00,J2,362,445,807
2019-04-25T23:15:00+09:00,J3,630,618,1248
2019-04-25T23:15:00+09:00,J4,520,675,1195
2019-04-25T23:15:00+09:00,J5,304,324,628
2019-04-25T23:30:00+09:00,J1,753,835,1588
2019-04-25T23:30:00+09:00,J2,370,458,828
2019-04-25T23:30:00+09:00,J3,612,673,1285
2019-04-25T23:30:00+09:00,J4,519,626,1145
2019-04-25T23:30:00+09:00,J5,352,307,659
2019-04-25T23:45:00+09:00,J1,765,847,1612
2019-04-25T23:45:00+09:00,J2,422,519,941
2019-04-25T23:45:00+09:00,J3,625,564,1189
2019-04-25T23:45:00+09:00,J4,528,597,1125
2019-04-25T23:45:00+09:00,J5,342,331,673
2019-04-26T00:00:00+09:00,J1,644,657,1301
2019-04-26T00:00:00+09:00,J2,404,469,873
2019-04-26T00:00:00+09:00,J3,592,429,1021
2019-04-26T00:00:00+09:00,J4,465,476,941
2019-04-26T00:00:00+09:00,J5,418,360,778
2019-04-26T00:15:00+09:00,J1,516,550,1066
2019-04-26T00:15:00+09:00,J2,407,404,811
2019-04-26T00:15:00+09:00,J3,450,386,836
2019-04-26T00:15:00+09:00,J4,487,517,1004
2019-04-26T00:15:00+09:00,J5,393,577,970
2019-04-26T00:30:00+09:00,J1,379,306,685
2019-04-26T00:30:00+09:00,J2,304,292,596
2019-04-26T00:30:00+09:00,J3,273,230,503
2019-04-26T00:30:00+09:00,J4,409,408,817
2019-04-26T00:30:00+09:00,J5,318,446,764
2019-04-26T00:45:00+09:00,J1,465,448,913
2019-04-26T00:45:00+09:00,J2,590,483,1073
2019-04-26T00:45:00+09:00,J3,511,429,940
2019-04-26T00:45:00+09:00,J4,744,733,1477
2019-04-26T00:45:00+09:00,J5,651,822,1473
2019-04-26T05:45:00+09:00,J1,611,602,1213
2019-04-26T05:45:00+09:00,J2,679,604,1283
2019-04-26T05:45:00+09:00,J3,731,610,1341
2019-04-26T05:45:00+09:00,J4,665,607,1272
2019-04-26T05:45:00+09:00,J5,338,403,741
2019-04-26T06:00:00+09:00,J1,527,568,1095
2019-04-26T06:00:00+09:00,J2,620,470,1090
2019-04-26T06:00:00+09:00,J3,615,589,1204
2019-04-26T06:00:00+09:00,J4,674,653,1327
2019-04-26T06:00:00+09:00,J5,404,425,829
2019-04-26T06:15:00+09:00,J1,637,645,1282
2019-04-26T06:15:00+09:00,J2,575,440,1015
2019-04-26T06:15:00+09:00,J3,474,526,1000
2019-04-26T06:15:00+09:00,J4,611,670,1281
2019-04-26T06:15:00+09:00,J5,555,566,1121
2019-04-26T06:30:00+09:00,J1,689,584,1273
2019-04-26T06:30:00+09:00,J2,516,425,941
2019-04-26T06:30:00+09:00,J3,424,468,892
2019-04-26T06:30:00+09:00,J4,672,653,1325
2019-04-26T06:30:00+09:00,J5,497,555,1052
2019-04-26T06:45:00+09:00,J1,711,744,1455
2019-04-26T06:45:00+09:00,J2,546,430,976
2019-04-26T06:45:00+09:00,J3,475,449,924
2019-04-26T06:45:00+09:00,J4,689,694,1383
2019-04-26T06:45:00+09:00,J5,543,543,1086
2019-04-26T07:00:00+09:00,J1,793,711,1504
2019-04-26T07:00:00+09:00,J2,518,563,1081
2019-04-26T07:00:00+09:00,J3,517,486,1003
2019-04-26T07:00:00+09:00,J4,639,663,1302
2019-04-26T07:00:00+09:00,J5,591,591,1182
2019-04-26T07:15:00+09:00,J1,796,856,1652
2019-04-26T07:15:00+09:00,J2,545,477,1022
2019-04-26T07:15:00+09:00,J3,603,538,1141
2019-04-26T07:15:00+09:00,J4,652,741,1393
2019-04-26T07:15:00+09:00,J5,632,656,1288
2019-04-26T07:30:00+09:00,J1,884,819,1703
2019-04-26T07:30:00+09:00,J2,503,396,899
2019-04-26T07:30:00+09:00,J3,989,932,1921
2019-04-26T07:30:00+09:00,J4,780,883,1663
2019-04-26T07:30:00+09:00,J5,568,605,1173
2019-04-26T07:45:00+09:00,J1,1037,939,1976
2019-04-26T07:45:00+09:00,J2,525,392,917
2019-04-26T07:45:00+09:00,J3,1010,1111,2121
2019-04-26T07:45:00+09:00,J4,712,1015,1727
2019-04-26T07:45:00+09:00,J5,560,489,1049
2019-04-26T08:00:00+09:00,J1,1238,1202,2440
2019-04-26T08:00:00+09:00,J2,725,538,1263
2019-04-26T08:00:00+09:00,J3,1097,1221,2318
2019-04-26T08:00:00+09:00,J4,681,1043,1724
2019-04-26T08:00:00+09:00,J5,432,459,891
2019-04-26T08:15:00+09:00,J1,1325,1079,2404
2019-04-26T08:15:00+09:00,J2,938,651,1589
2019-04-26T08:15:00+09:00,J3,1136,1382,2518
2019-04-26T08:15:00+09:00,J4,656,1096,1752
2019-04-26T08:15:00+09:00,J5,520,547,1067
2019-04-26T08:30:00+09:00,J1,1362,1116,2478
2019-04-26T08:30:00+09:00,J2,1110,708,1818
2019-04-26T08:30:00+09:00,J3,1068,1392,2460
2019-04-26T08:30:00+09:00,J4,605,1095,1700
2019-04-26T08:30:00+09:00,J5,591,562,1153
2019-04-26T08:45:00+09:00,J1,1181,1044,2225
2019-04-26T08:45:00+09:00,J2,799,587,1386
2019-04-26T08:45:00+09:00,J3,1028,1121,2149
2019-04-26T08:45:00+09:00,J4,623,897,1520
2019-04-26T08:45:00+09:00,J5,429,410,839
2019-04-26T09:00:00+09:00,J1,1133,1094,2227
2019-04-26T09:00:00+09:00,J2,634,457,1091
2019-04-26T09:00:00+09:00,J3,889,891,1780
2019-04-26T09:00:00+09:00,J4,661,820,1481
2019-04-26T09:00:00+09:00,J5,443,363,806
2019-04-26T09:15:00+09:00,J1,998,861,1859
2019-04-26T09:15:00+09:00,J2,555,384,939
2019-04-26T09:15:00+09:00,J3,886,856,1742
2019-04-26T09:15:00+09:00,J4,677,885,1562
2019-04-26T09:15:00+09:00,J5,402,363,765
2019-04-26T09:30:00+09:00,J1,976,954,1930
2019-04-26T09:30:00+09:00,J2,617,507,1124
2019-04-26T09:30:00+09:00,J3,989,843,1832
2019-04-26T09:30:00+09:00,J4,688,843,1531
2019-04-26T09:30:00+09:00,J5,400,381,781
2019-04-26T09:45:00+09:00,J1,1025,910,1935
2019-04-26T09:45:00+09:00,J2,555,582,1137
2019-04-26T09:45:00+09:00,J3,784,741,1525
2019-04-26T09:45:00+09:00,J4,716,714,1430
2019-04-26T09:45:00+09:00,J5,399,307,706
2019-04-26T10:00:00+09:00,J1,1028,967,1995
2019-04-26T10:00:00+09:00,J2,531,627,1158
2019-04-26T10:00:00+09:00,J3,871,754,1625
2019-04-26T10:00:00+09:00,J4,755,870,1625
2019-04-26T10:00:00+09:00,J5,380,332,712
2019-04-26T10:15:00+09:00,J1,1035,1086,2121
2019-04-26T10:15:00+09:00,J2,661,640,1301
2019-04-26T10:15:00+09:00,J3,848,757,1605
2019-04-26T10:15:00+09:00,J4,779,896,1675
2019-04-26T10:15:00+09:00,J5,383,347,730
2019-04-26T10:30:00+09:00,J1,1034,1151,2185
2019-04-26T10:30:00+09:00,J2,676,573,1249
2019-04-26T10:30:00+09:00,J3,896,828,1724
2019-04-26T10:30:00+09:00,J4,769,868,1637
2019-04-26T10:30:00+09:00,J5,403,380,783
2019-04-26T10:45:00+09:00,J1,1042,1100,2142
2019-04-26T10:45:00+09:00,J2,645,562,1207
2019-04-26T10:45:00+09:00,J3,990,850,1840
2019-04-26T10:45:00+09:00,J4,771,802,1573
2019-04-26T10:45:00+09:00,J5,376,349,725
2019-04-26T11:00:00+09:00,J1,987,1093,2080
2019-04-26T11:00:00+09:00,J2,675,602,1277
2019-04-26T11:00:00+09:00,J3,882,885,1767
2019-04-26T11:00:00+09:00,J4,770,845,1615
2019-04-26T11:00:00+09:00,J5,405,369,774
2019-04-26T11:15:00+09:00,J1,1089,1166,2255
2019-04-26T11:15:00+09:00,J2,621,623,1244
2019-04-26T11:15:00+09:00,J3,1055,855,1910
2019-04-26T11:15:00+09:00,J4,807,861,1668
2019-04-26T11:15:00+09:00,J5,357,372,729
2019-04-26T11:30:00+09:00,J1,1158,1251,2409
2019-04-26T11:30:00+09:00,J2,625,640,1265
2019-04-26T11:30:00+09:00,J3,1025,895,1920
2019-04-26T11:30:00+09:00,J4,729,851,1580
2019-04-26T11:30:00+09:00,J5,342,343,685
2019-04-26T11:45:00+09:00,J1,1216,1312,2528
2019-04-26T11:45:00+09:00,J2,674,653,1327
2019-04-26T11:45:00+09:00,J3,1058,899,1957
2019-04-26T11:45:00+09:00,J4,797,727,1524
2019-04-26T11:45:00+09:00,J5,381,398,779
2019-04-26T12:00:00+09:00,J1,1071,1268,2339
2019-04-26T12:00:00+09:00,J2,626,609,1235
2019-04-26T12:00:00+09:00,J3,1074,891,1965
2019-04-26T12:00:00+09:00,J4,740,794,1534
2019-04-26T12:00:00+09:00,J5,365,432,797
2019-04-26T12:15:00+09:00,J1,1058,1319,2377
2019-04-26T12:15:00+09:00,J2,665,738,1403
2019-04-26T12:15:00+09:00,J3,1117,865,1982
2019-04-26T12:15:00+09:00,J4,789,800,1589
2019-04-26T12:15:00+09:00,J5,367,402,769
2019-04-26T12:30:00+09:00,J1,1035,1166,2201
2019-04-26T12:30:00+09:00,J2,688,746,1434
2019-04-26T12:30:00+09:00,J3,1096,1013,2109
2019-04-26T12:30:00+09:00,J4,752,725,1477
2019-04-26T12:30:00+09:00,J5,408,395,803
2019-04-26T12:45:00+09:00,J1,1039,1258,2297
2019-04-26T12:45:00+09:00,J2,697,734,1431
2019-04-26T12:45:00+09:00,J3,952,979,1931
2019-04-26T12:45:00+09:00,J4,708,685,1393
2019-04-26T12:45:00+09:00,J5,402,368,770
2019-04-26T13:00:00+09:00,J1,1102,1286,2388
2019-04-26T13:00:00+09:00,J2,629,733,1362
2019-04-26T13:00:00+09:00,J3,1084,971,2055
2019-04-26T13:00:00+09:00,J4,730,713,1443
2019-04-26T13:00:00+09:00,J5,459,438,897
2019-04-26T13:15:00+09:00,J1,1057,1268,2325
2019-04-26T13:15:00+09:00,J2,621,723,1344
2019-04-26T13:15:00+09:00,J3,1066,974,2040
2019-04-26T13:15:00+09:00,J4,701,743,1444
2019-04-26T13:15:00+09:00,J5,434,397,831
2019-04-26T13:30:00+09:00,J1,1064,1336,2400
2019-04-26T13:30:00+09:00,J2,602,645,1247
2019-04-26T13:30:00+09:00,J3,1055,899,1954
2019-04-26T13:30:00+09:00,J4,687,678,1365
2019-04-26T13:30:00+09:00,J5,455,414,869
2019-04-26T13:45:00+09:00,J1,1110,1187,2297
2019-04-26T13:45:00+09:00,J2,597,627,1224
2019-04-26T13:45:00+09:00,J3,1064,938,2002
2019-04-26T13:45:00+09:00,J4,737,698,1435
2019-04-26T13:45:00+09:00,J5,436,438,874
2019-04-26T14:00:00+09:00,J1,1035,1191,2226
2019-04-26T14:00:00+09:00,J2,626,585,1211
2019-04-26T14:00:00+09:00,J3,1007,958,1965
2019-04-26T14:00:00+09:00,J4,741,690,1431
2019-04-26T14:00:00+09:00,J5,453,449,902
2019-04-26T14:15:00+09:00,J1,1027,1254,2281
2019-04-26T14:15:00+09:00,J2,552,684,1236
2019-04-26T14:15:00+09:00,J3,983,925,1908
2019-04-26T14:15:00+09:00,J4,703,695,1398
2019-04-26T14:15:00+09:00,J5,413,419,832
2019-04-26T14:30:00+09:00,J1,1053,1213,2266
2019-04-26T14:30:00+09:00,J2,583,653,1236
2019-04-26T14:30:00+09:00,J3,1050,935,1985
2019-04-26T14:30:00+09:00,J4,746,760,1506
2019-04-26T14:30:00+09:00,J5,425,397,822
2019-04-26T14:45:00+09:00,J1,1088,1198,2286
2019-04-26T14:45:00+09:00,J2,499,671,1170
2019-04-26T14:45:00+09:00,J3,1037,1004,2041
2019-04-26T14:45:00+09:00,J4,823,696,1519
2019-04-26T14:45:00+09:00,J5,423,425,848
2019-04-26T15:00:00+09:00,J1,1069,1195,2264
2019-04-26T15:00:00+09:00,J2,545,595,1140
2019-04-26T15:00:00+09:00,J3,1000,913,1913
2019-04-26T15:00:00+09:00,J4,752,735,1487
2019-04-26T15:00:00+09:00,J5,401,435,836
2019-04-26T15:15:00+09:00,J1,1019,1257,2276
2019-04-26T15:15:00+09:00,J2,503,696,1199
2019-04-26T15:15:00+09:00,J3,1002,897,1899
2019-04-26T15:15:00+09:00,J4,825,727,1552
2019-04-26T15:15:00+09:00,J5,389,411,800
2019-04-26T15:30:00+09:00,J1,976,1238,2214
2019-04-26T15:30:00+09:00,J2,595,681,1276
2019-04-26T15:30:00+09:00,J3,1024,965,1989
2019-04-26T15:30:00+09:00,J4,819,680,1499
2019-04-26T15:30:00+09:00,J5,370,420,790
2019-04-26T15:45:00+09:00,J1,1011,1212,2223
2019-04-26T15:45:00+09:00,J2,584,718,1302
2019-04-26T15:45:00+09:00,J3,982,935,1917
2019-04-26T15:45:00+09:00,J4,728,704,1432
2019-04-26T15:45:00+09:00,J5,419,435,854
2019-04-26T16:00:00+09:00,J1,1041,1159,2200
2019-04-26T16:00:00+09:00,J2,584,713,1297
2019-04-26T16:00:00+09:00,J3,1030,940,1970
2019-04-26T16:00:00+09:00,J4,796,723,1519
2019-04-26T16:00:00+09:00,J5,418,433,851
2019-04-26T16:15:00+09:00,J1,1002,1199,2201
2019-04-26T16:15:00+09:00,J2,675,742,1417
2019-04-26T16:15:00+09:00,J3,1084,993,2077
2019-04-26T16:15:00+09:00,J4,829,766,1595
2019-04-26T16:15:00+09:00,J5,399,404,803
2019-04-26T16:30:00+09:00,J1,1018,1239,2257
2019-04-26T16:30:00+09:00,J2,638,747,1385
2019-04-26T16:30:00+09:00,J3,1170,1071,2241
2019-04-26T16:30:00+09:00,J4,875,795,1670
2019-04-26T16:30:00+09:00,J5,402,410,812
2019-04-26T16:45:00+09:00,J1,1040,1189,2229
2019-04-26T16:45:00+09:00,J2,692,801,1493
2019-04-26T16:45:00+09:00,J3,1217,1093,2310
2019-04-26T16:45:00+09:00,J4,917,753,1670
2019-04-26T16:45:00+09:00,J5,416,459,875
2019-04-26T17:00:00+09:00,J1,1115,1230,2345
2019-04-26T17:00:00+09:00,J2,672,821,1493
2019-04-26T17:00:00+09:00,J3,1272,1074,2346
2019-04-26T17:00:00+09:00,J4,740,772,1512
2019-04-26T17:00:00+09:00,J5,476,439,915
2019-04-26T17:15:00+09:00,J1,1194,1331,2525
2019-04-26T17:15:00+09:00,J2,746,953,1699
2019-04-26T17:15:00+09:00,J3,1190,1186,2376
2019-04-26T17:15:00+09:00,J4,973,858,1831
2019-04-26T17:15:00+09:00,J5,439,570,1009
2019-04-26T17:30:00+09:00,J1,1199,1415,2614
2019-04-26T17:30:00+09:00,J2,855,953,1808
2019-04-26T17:30:00+09:00,J3,1428,1253,2681
2019-04-26T17:30:00+09:00,J4,1051,908,1959
2019-04-26T17:30:00+09:00,J5,484,510,994
2019-04-26T17:45:00+09:00,J1,1247,1322,2569
2019-04-26T17:45:00+09:00,J2,860,999,1859
2019-04-26T17:45:00+09:00,J3,1505,1317,2822
2019-04-26T17:45:00+09:00,J4,1081,882,1963
2019-04-26T17:45:00+09:00,J5,508,550,1058
2019-04-26T18:00:00+09:00,J1,1216,1487,2703
2019-04-26T18:00:00+09:00,J2,923,1132,2055
2019-04-26T18:00:00+09:00,J3,1599,1283,2882
2019-04-26T18:00:00+09:00,J4,1066,946,2012
2019-04-26T18:00:00+09:00,J5,458,541,999
2019-04-26T18:15:00+09:00,J1,1236,1429,2665
2019-04-26T18:15:00+09:00,J2,993,1143,2136
2019-04-26T18:15:00+09:00,J3,1568,1223,2791
2019-04-26T18:15:00+09:00,J4,1195,834,2029
2019-04-26T18:15:00+09:00,J5,405,711,1116
2019-04-26T18:30:00+09:00,J1,1192,1378,2570
2019-04-26T18:30:00+09:00,J2,886,1060,1946
2019-04-26T18:30:00+09:00,J3,1381,1151,2532
2019-04-26T18:30:00+09:00,J4,1127,861,1988
2019-04-26T18:30:00+09:00,J5,416,542,958
2019-04-26T18:45:00+09:00,J1,1203,1278,2481
2019-04-26T18:45:00+09:00,J2,754,911,1665
2019-04-26T18:45:00+09:00,J3,1279,1010,2289
2019-04-26T18:45:00+09:00,J4,1011,784,1795
2019-04-26T18:45:00+09:00,J5,344,487,831
2019-04-26T19:00:00+09:00,J1,1145,1312,2457
2019-04-26T19:00:00+09:00,J2,782,853,1635
2019-04-26T19:00:00+09:00,J3,1308,989,2297
2019-04-26T19:00:00+09:00,J4,993,847,1840
2019-04-26T19:00:00+09:00,J5,361,478,839
2019-04-26T19:15:00+09:00,J1,1120,1306,2426
2019-04-26T19:15:00+09:00,J2,788,864,1652
2019-04-26T19:15:00+09:00,J3,1212,1014,2226
2019-04-26T19:15:00+09:00,J4,972,897,1869
2019-04-26T19:15:00+09:00,J5,403,495,898
2019-04-26T19:30:00+09:00,J1,1103,1295,2398
2019-04-26T19:30:00+09:00,J2,708,757,1465
2019-04-26T19:30:00+09:00,J3,1252,929,2181
2019-04-26T19:30:00+09:00,J4,816,747,1563
2019-04-26T19:30:00+09:00,J5,389,417,806
2019-04-26T19:45:00+09:00,J1,1080,1154,2234
2019-04-26T19:45:00+09:00,J2,713,714,1427
2019-04-26T19:45:00+09:00,J3,1082,942,2024
2019-04-26T19:45:00+09:00,J4,860,722,1582
2019-04-26T19:45:00+09:00,J5,305,351,656
2019-04-26T20:00:00+09:00,J1,1166,1294,2460
2019-04-26T20:00:00+09:00,J2,707,679,1386
2019-04-26T20:00:00+09:00,J3,1099,876,1975
2019-04-26T20:00:00+09:00,J4,827,734,1561
2019-04-26T20:00:00+09:00,J5,325,395,720
2019-04-26T20:15:00+09:00,J1,1065,1265,2330
2019-04-26T20:15:00+09:00,J2,768,703,1471
2019-04-26T20:15:00+09:00,J3,1079,905,1984
2019-04-26T20:15:00+09:00,J4,816,800,1616
2019-04-26T20:15:00+09:00,J5,340,409,749
2019-04-26T20:30:00+09:00,J1,1064,1179,2243
2019-04-26T20:30:00+09:00,J2,808,737,1545
2019-04-26T20:30:00+09:00,J3,941,832,1773
2019-04-26T20:30:00+09:00,J4,831,758,1589
2019-04-26T20:30:00+09:00,J5,355,321,676
2019-04-26T20:45:00+09:00,J1,1164,1271,2435
2019-04-26T20:45:00+09:00,J2,819,732,1551
2019-04-26T20:45:00+09:00,J3,945,881,1826
2019-04-26T20:45:00+09:00,J4,839,824,1663
2019-04-26T20:45:00+09:00,J5,331,356,687
2019-04-26T21:00:00+09:00,J1,1033,1254,2287
2019-04-26T21:00:00+09:00,J2,741,723,1464
2019-04-26T21:00:00+09:00,J3,1051,918,1969
2019-04-26T21:00:00+09:00,J4,844,790,1634
2019-04-26T21:00:00+09:00,J5,337,323,660
2019-04-26T21:15:00+09:00,J1,1065,1177,2242
2019-04-26T21:15:00+09:00,J2,662,626,1288
2019-04-26T21:15:00+09:00,J3,1091,901,1992
2019-04-26T21:15:00+09:00,J4,809,780,1589
2019-04-26T21:15:00+09:00,J5,341,360,701
2019-04-26T21:30:00+09:00,J1,1061,1233,2294
2019-04-26T21:30:00+09:00,J2,600,557,1157
2019-04-26T21:30:00+09:00,J3,924,849,1773
2019-04-26T21:30:00+09:00,J4,721,787,1508
2019-04-26T21:30:00+09:00,J5,318,312,630
2019-04-26T21:45:00+09:00,J1,1043,1236,2279
2019-04-26T21:45:00+09:00,J2,593,559,1152
2019-04-26T21:45:00+09:00,J3,902,858,1760
2019-04-26T21:45:00+09:00,J4,728,746,1474
2019-04-26T21:45:00+09:00,J5,296,301,597
2019-04-26T22:00:00+09:00,J1,1038,1195,2233
2019-04-26T22:00:00+09:00,J2,631,628,1259
2019-04-26T22:00:00+09:00,J3,894,813,1707
2019-04-26T22:00:00+09:00,J4,756,866,1622
2019-04-26T22:00:00+09:00,J5,347,250,597
2019-04-26T22:15:00+09:00,J1,1103,1129,2232
2019-04-26T22:15:00+09:00,J2,673,616,1289
2019-04-26T22:15:00+09:00,J3,818,838,1656
2019-04-26T22:15:00+09:00,J4,714,748,1462
2019-04-26T22:15:00+09:00,J5,344,368,712
2019-04-26T22:30:00+09:00,J1,1019,1039,2058
2019-04-26T22:30:00+09:00,J2,659,597,1256
2019-04-26T22:30:00+09:00,J3,833,823,1656
2019-04-26T22:30:00+09:00,J4,689,765,1454
2019-04-26T22:30:00+09:00,J5,372,349,721
2019-04-26T22:45:00+09:00,J1,977,1166,2143
2019-04-26T22:45:00+09:00,J2,708,590,1298
2019-04-26T22:45:00+09:00,J3,832,799,1631
2019-04-26T22:45:00+09:00,J4,715,803,1518
2019-04-26T22:45:00+09:00,J5,349,359,708
2019-04-26T23:00:00+09:00,J1,983,1117,2100
2019-04-26T23:00:00+09:00,J2,636,590,1226
2019-04-26T23:00:00+09:00,J3,795,786,1581
2019-04-26T23:00:00+09:00,J4,684,790,1474
2019-04-26T23:00:00+09:00,J5,331,341,672
2019-04-26T23:15:00+09:00,J1,973,1112,2085
2019-04-26T23:15:00+09:00,J2,582,638,1220
2019-04-26T23:15:00+09:00,J3,764,749,1513
2019-04-26T23:15:00+09:00,J4,714,844,1558
2019-04-26T23:15:00+09:00,J5,327,358,685
2019-04-26T23:30:00+09:00,J1,1012,1090,2102
2019-04-26T23:30:00+09:00,J2,608,627,1235
2019-04-26T23:30:00+09:00,J3,735,779,1514
2019-04-26T23:30:00+09:00,J4,720,810,1530
2019-04-26T23:30:00+09:00,J5,364,297,661
2019-04-26T23:45:00+09:00,J1,945,1038,1983
2019-04-26T23:45:00+09:00,J2,636,568,1204
2019-04-26T23:45:00+09:00,J3,733,635,1368
2019-04-26T23:45:00+09:00,J4,678,677,1355
2019-04-26T23:45:00+09:00,J5,422,405,827
2019-04-27T00:00:00+09:00,J1,736,701,1437
2019-04-27T00:00:00+09:00,J2,701,498,1199
2019-04-27T00:00:00+09:00,J3,642,633,1275
2019-04-27T00:00:00+09:00,J4,549,591,1140
2019-04-27T00:00:00+09:00,J5,431,487,918
2019-04-27T00:15:00+09:00,J1,512,544,1056
2019-04-27T00:15:00+09:00,J2,642,523,1165
2019-04-27T00:15:00+09:00,J3,867,737,1604
2019-04-27T00:15:00+09:00,J4,503,513,1016
2019-04-27T00:15:00+09:00,J5,496,501,997
2019-04-27T00:30:00+09:00,J1,558,489,1047
2019-04-27T00:30:00+09:00,J2,606,526,1132
2019-04-27T00:30:00+09:00,J3,878,861,1739
2019-04-27T00:30:00+09:00,J4,672,664,1336
2019-04-27T00:30:00+09:00,J5,358,358,716
2019-04-27T00:45:00+09:00,J1,549,491,1040
2019-04-27T00:45:00+09:00,J2,562,533,1095
2019-04-27T00:45:00+09:00,J3,822,884,1706
2019-04-27T00:45:00+09:00,J4,636,621,1257
2019-04-27T00:45:00+09:00,J5,278,286,564
2019-04-27T05:45:00+09:00,J1,691,746,1437
2019-04-27T05:45:00+09:00,J2,602,641,1243
2019-04-27T05:45:00+09:00,J3,875,804,1679
2019-04-27T05:45:00+09:00,J4,760,646,1406
2019-04-27T05:45:00+09:00,J5,271,276,547
2019-04-27T06:00:00+09:00,J1,615,664,1279
2019-04-27T06:00:00+09:00,J2,567,698,1265
2019-04-27T06:00:00+09:00,J3,861,839,1700
2019-04-27T06:00:00+09:00,J4,741,674,1415
2019-04-27T06:00:00+09:00,J5,322,263,585
2019-04-27T06:15:00+09:00,J1,745,726,1471
2019-04-27T06:15:00+09:00,J2,672,652,1324
2019-04-27T06:15:00+09:00,J3,894,853,1747
2019-04-27T06:15:00+09:00,J4,747,696,1443
2019-04-27T06:15:00+09:00,J5,361,364,725
2019-04-27T06:30:00+09:00,J1,689,680,1369
2019-04-27T06:30:00+09:00,J2,634,573,1207
2019-04-27T06:30:00+09:00,J3,823,815,1638
2019-04-27T06:30:00+09:00,J4,793,827,1620
2019-04-27T06:30:00+09:00,J5,376,351,727
2019-04-27T06:45:00+09:00,J1,745,693,1438
2019-04-27T06:45:00+09:00,J2,669,589,1258
2019-04-27T06:45:00+09:00,J3,808,785,1593
2019-04-27T06:45:00+09:00,J4,813,779,1592
2019-04-27T06:45:00+09:00,J5,383,377,760
2019-04-27T07:00:00+09:00,J1,838,814,1652
2019-04-27T07:00:00+09:00,J2,698,698,1396
2019-04-27T07:00:00+09:00,J3,890,873,1763
2019-04-27T07:00:00+09:00,J4,702,757,1459
2019-04-27T07:00:00+09:00,J5,398,352,750
2019-04-27T07:15:00+09:00,J1,809,838,1647
2019-04-27T07:15:00+09:00,J2,654,651,1305
2019-04-27T07:15:00+09:00,J3,841,810,1651
2019-04-27T07:15:00+09:00,J4,849,685,1534
2019-04-27T07:15:00+09:00,J5,381,342,723
2019-04-27T07:30:00+09:00,J1,889,911,1800
2019-04-27T07:30:00+09:00,J2,727,724,1451
2019-04-27T07:30:00+09:00,J3,854,816,1670
2019-04-27T07:30:00+09:00,J4,882,781,1663
2019-04-27T07:30:00+09:00,J5,390,447,837
2019-04-27T07:45:00+09:00,J1,845,868,1713
2019-04-27T07:45:00+09:00,J2,751,645,1396
2019-04-27T07:45:00+09:00,J3,756,772,1528
2019-04-27T07:45:00+09:00,J4,889,834,1723
2019-04-27T07:45:00+09:00,J5,499,519,1018
2019-04-27T08:00:00+09:00,J1,1201,1210,2411
2019-04-27T08:00:00+09:00,J2,740,641,1381
2019-04-27T08:00:00+09:00,J3,817,719,1536
2019-04-27T08:00:00+09:00,J4,834,852,1686
2019-04-27T08:00:00+09:00,J5,596,633,1229
2019-04-27T08:15:00+09:00,J1,1186,1142,2328
2019-04-27T08:15:00+09:00,J2,698,559,1257
2019-04-27T08:15:00+09:00,J3,952,876,1828
2019-04-27T08:15:00+09:00,J4,834,821,1655
2019-04-27T08:15:00+09:00,J5,557,621,1178
2019-04-27T08:30:00+09:00,J1,1228,1246,2474
2019-04-27T08:30:00+09:00,J2,643,541,1184
2019-04-27T08:30:00+09:00,J3,1001,959,1960
2019-04-27T08:30:00+09:00,J4,792,733,1525
2019-04-27T08:30:00+09:00,J5,526,566,1092
2019-04-27T08:45:00+09:00,J1,1056,1075,2131
2019-04-27T08:45:00+09:00,J2,666,602,1268
2019-04-27T08:45:00+09:00,J3,995,904,1899
2019-04-27T08:45:00+09:00,J4,780,705,1485
2019-04-27T08:45:00+09:00,J5,461,476,937
2019-04-27T09:00:00+09:00,J1,1093,1104,2197
2019-04-27T09:00:00+09:00,J2,801,581,1382
2019-04-27T09:00:00+09:00,J3,849,734,1583
2019-04-27T09:00:00+09:00,J4,801,708,1509
2019-04-27T09:00:00+09:00,J5,413,501,914
2019-04-27T09:15:00+09:00,J1,1098,1064,2162
2019-04-27T09:15:00+09:00,J2,976,662,1638
2019-04-27T09:15:00+09:00,J3,705,687,1392
2019-04-27T09:15:00+09:00,J4,741,728,1469
2019-04-27T09:15:00+09:00,J5,455,533,988
2019-04-27T09:30:00+09:00,J1,1031,1035,2066
2019-04-27T09:30:00+09:00,J2,1008,699,1707
2019-04-27T09:30:00+09:00,J3,754,680,1434
2019-04-27T09:30:00+09:00,J4,823,816,1639
2019-04-27T09:30:00+09:00,J5,428,558,986
2019-04-27T09:45:00+09:00,J1,1098,1100,2198
2019-04-27T09:45:00+09:00,J2,893,738,1631
2019-04-27T09:45:00+09:00,J3,707,704,1411
2019-04-27T09:45:00+09:00,J4,841,828,1669
2019-04-27T09:45:00+09:00,J5,443,499,942
2019-04-27T10:00:00+09:00,J1,1059,1019,2078
2019-04-27T10:00:00+09:00,J2,816,814,1630
2019-04-27T10:00:00+09:00,J3,666,653,1319
2019-04-27T10:00:00+09:00,J4,829,807,1636
2019-04-27T10:00:00+09:00,J5,433,490,923
2019-04-27T10:15:00+09:00,J1,1046,1030,2076
2019-04-27T10:15:00+09:00,J2,873,811,1684
2019-04-27T10:15:00+09:00,J3,664,634,1298
2019-04-27T10:15:00+09:00,J4,846,863,1709
2019-04-27T10:15:00+09:00,J5,412,497,909
2019-04-27T10:30:00+09:00,J1,1107,1103,2210
2019-04-27T10:30:00+09:00,J2,968,831,1799
2019-04-27T10:30:00+09:00,J3,748,669,1417
2019-04-27T10:30:00+09:00,J4,843,855,1698
2019-04-27T10:30:00+09:00,J5,418,427,845
2019-04-27T10:45:00+09:00,J1,988,998,1986
2019-04-27T10:45:00+09:00,J2,979,713,1692
2019-04-27T10:45:00+09:00,J3,722,745,1467
2019-04-27T10:45:00+09:00,J4,930,839,1769
2019-04-27T10:45:00+09:00,J5,430,419,849
2019-04-27T11:00:00+09:00,J1,1119,1173,2292
2019-04-27T11:00:00+09:00,J2,963,782,1745
2019-04-27T11:00:00+09:00,J3,880,828,1708
2019-04-27T11:00:00+09:00,J4,859,767,1626
2019-04-27T11:00:00+09:00,J5,407,413,820
2019-04-27T11:15:00+09:00,J1,1052,1209,2261
2019-04-27T11:15:00+09:00,J2,968,694,1662
2019-04-27T11:15:00+09:00,J3,915,805,1720
2019-04-27T11:15:00+09:00,J4,897,905,1802
2019-04-27T11:15:00+09:00,J5,410,363,773
2019-04-27T11:30:00+09:00,J1,1123,1274,2397
2019-04-27T11:30:00+09:00,J2,1027,688,1715
2019-04-27T11:30:00+09:00,J3,903,853,1756
2019-04-27T11:30:00+09:00,J4,829,858,1687
2019-04-27T11:30:00+09:00,J5,390,357,747
2019-04-27T11:45:00+09:00,J1,1124,1251,2375
2019-04-27T11:45:00+09:00,J2,975,664,1639
2019-04-27T11:45:00+09:00,J3,844,737,1581
2019-04-27T11:45:00+09:00,J4,874,883,1757
2019-04-27T11:45:00+09:00,J5,374,287,661
2019-04-27T12:00:00+09:00,J1,1139,1222,2361
2019-04-27T12:00:00+09:00,J2,932,679,1611
2019-04-27T12:00:00+09:00,J3,923,799,1722
2019-04-27T12:00:00+09:00,J4,872,878,1750
2019-04-27T12:00:00+09:00,J5,357,344,701
2019-04-27T12:15:00+09:00,J1,1163,1229,2392
2019-04-27T12:15:00+09:00,J2,927,705,1632
2019-04-27T12:15:00+09:00,J3,807,808,1615
2019-04-27T12:15:00+09:00,J4,915,876,1791
2019-04-27T12:15:00+09:00,J5,394,404,798
2019-04-27T12:30:00+09:00,J1,1014,1200,2214
2019-04-27T12:30:00+09:00,J2,919,664,1583
2019-04-27T12:30:00+09:00,J3,978,880,1858
2019-04-27T12:30:00+09:00,J4,852,821,1673
2019-04-27T12:30:00+09:00,J5,460,446,906
2019-04-27T12:45:00+09:00,J1,991,1148,2139
2019-04-27T12:45:00+09:00,J2,923,668,1591
2019-04-27T12:45:00+09:00,J3,1069,975,2044
2019-04-27T12:45:00+09:00,J4,755,906,1661
2019-04-27T12:45:00+09:00,J5,505,550,1055
2019-04-27T13:00:00+09:00,J1,1031,1240,2271
2019-04-27T13:00:00+09:00,J2,807,656,1463
2019-04-27T13:00:00+09:00,J3,1061,981,2042
2019-04-27T13:00:00+09:00,J4,694,820,1514
2019-04-27T13:00:00+09:00,J5,526,560,1086
2019-04-27T13:15:00+09:00,J1,1064,1240,2304
2019-04-27T13:15:00+09:00,J2,843,677,1520
2019-04-27T13:15:00+09:00,J3,1075,1046,2121
2019-04-27T13:15:00+09:00,J4,651,784,1435
2019-04-27T13:15:00+09:00,J5,460,459,919
2019-04-27T13:30:00+09:00,J1,1045,1261,2306
2019-04-27T13:30:00+09:00,J2,871,649,1520
2019-04-27T13:30:00+09:00,J3,1140,1014,2154
2019-04-27T13:30:00+09:00,J4,780,842,1622
2019-04-27T13:30:00+09:00,J5,487,445,932
2019-04-27T13:45:00+09:00,J1,1011,1225,2236
2019-04-27T13:45:00+09:00,J2,881,730,1611
2019-04-27T13:45:00+09:00,J3,1140,1116,2256
2019-04-27T13:45:00+09:00,J4,805,843,1648
2019-04-27T13:45:00+09:00,J5,539,539,1078
2019-04-27T14:00:00+09:00,J1,1101,1248,2349
2019-04-27T14:00:00+09:00,J2,871,700,1571
2019-04-27T14:00:00+09:00,J3,1100,1049,2149
2019-04-27T14:00:00+09:00,J4,829,828,1657
2019-04-27T14:00:00+09:00,J5,492,552,1044
2019-04-27T14:15:00+09:00,J1,1040,1298,2338
2019-04-27T14:15:00+09:00,J2,851,661,1512
2019-04-27T14:15:00+09:00,J3,1161,1041,2202
2019-04-27T14:15:00+09:00,J4,838,741,1579
2019-04-27T14:15:00+09:00,J5,461,509,970
2019-04-27T14:30:00+09:00,J1,1039,1298,2337
2019-04-27T14:30:00+09:00,J2,815,744,1559
2019-04-27T14:30:00+09:00,J3,1196,1070,2266
2019-04-27T14:30:00+09:00,J4,852,794,1646
2019-04-27T14:30:00+09:00,J5,416,459,875
2019-04-27T14:45:00+09:00,J1,1079,1235,2314
2019-04-27T14:45:00+09:00,J2,757,686,1443
2019-04-27T14:45:00+09:00,J3,1122,1008,2130
2019-04-27T14:45:00+09:00,J4,758,787,1545
2019-04-27T14:45:00+09:00,J5,455,505,960
2019-04-27T15:00:00+09:00,J1,1079,1244,2323
2019-04-27T15:00:00+09:00,J2,832,652,1484
2019-04-27T15:00:00+09:00,J3,1073,1050,2123
2019-04-27T15:00:00+09:00,J4,839,765,1604
2019-04-27T15:00:00+09:00,J5,502,492,994
2019-04-27T15:15:00+09:00,J1,1014,1241,2255
2019-04-27T15:15:00+09:00,J2,802,692,1494
2019-04-27T15:15:00+09:00,J3,1127,994,2121
2019-04-27T15:15:00+09:00,J4,793,703,1496
2019-04-27T15:15:00+09:00,J5,440,474,914
2019-04-27T15:30:00+09:00,J1,1065,1307,2372
2019-04-27T15:30:00+09:00,J2,836,677,1513
2019-04-27T15:30:00+09:00,J3,1165,989,2154
2019-04-27T15:30:00+09:00,J4,765,729,1494
2019-04-27T15:30:00+09:00,J5,480,555,1035
2019-04-27T15:45:00+09:00,J1,1072,1198,2270
2019-04-27T15:45:00+09:00,J2,793,643,1436
2019-04-27T15:45:00+09:00,J3,1169,1047,2216
2019-04-27T15:45:00+09:00,J4,764,748,1512
2019-04-27T15:45:00+09:00,J5,469,515,984
2019-04-27T16:00:00+09:00,J1,1057,1198,2255
2019-04-27T16:00:00+09:00,J2,757,640,1397
2019-04-27T16:00:00+09:00,J3,1124,1109,2233
2019-04-27T16:00:00+09:00,J4,822,730,1552
2019-04-27T16:00:00+09:00,J5,462,493,955
2019-04-27T16:15:00+09:00,J1,1012,1165,2177
2019-04-27T16:15:00+09:00,J2,815,635,1450
2019-04-27T16:15:00+09:00,J3,1147,1125,2272
2019-04-27T16:15:00+09:00,J4,857,665,1522
2019-04-27T16:15:00+09:00,J5,446,482,928
2019-04-27T16:30:00+09:00,J1,1085,1308,2393
2019-04-27T16:30:00+09:00,J2,799,697,1496
2019-04-27T16:30:00+09:00,J3,1116,1059,2175
2019-04-27T16:30:00+09:00,J4,799,700,1499
2019-04-27T16:30:00+09:00,J5,469,556,1025
2019-04-27T16:45:00+09:00,J1,1082,1198,2280
2019-04-27T16:45:00+09:00,J2,758,689,1447
2019-04-27T16:45:00+09:00,J3,1033,1059,2092
2019-04-27T16:45:00+09:00,J4,856,728,1584
2019-04-27T16:45:00+09:00,J5,519,560,1079
2019-04-27T17:00:00+09:00,J1,1107,1297,2404
2019-04-27T17:00:00+09:00,J2,810,732,1542
2019-04-27T17:00:00+09:00,J3,1187,1108,2295
2019-04-27T17:00:00+09:00,J4,728,721,1449
2019-04-27T17:00:00+09:00,J5,511,551,1062
2019-04-27T17:15:00+09:00,J1,1153,1287,2440
2019-04-27T17:15:00+09:00,J2,879,694,1573
2019-04-27T17:15:00+09:00,J3,1276,1047,2323
2019-04-27T17:15:00+09:00,J4,806,614,1420
2019-04-27T17:15:00+09:00,J5,473,504,977
2019-04-27T17:30:00+09:00,J1,1119,1323,2442
2019-04-27T17:30:00+09:00,J2,865,698,1563
2019-04-27T17:30:00+09:00,J3,1245,1072,2317
2019-04-27T17:30:00+09:00,J4,853,699,1552
2019-04-27T17:30:00+09:00,J5,476,498,974
2019-04-27T17:45:00+09:00,J1,1145,1287,2432
2019-04-27T17:45:00+09:00,J2,855,752,1607
2019-04-27T17:45:00+09:00,J3,1248,1083,2331
2019-04-27T17:45:00+09:00,J4,832,699,1531
2019-04-27T17:45:00+09:00,J5,479,495,974
2019-04-27T18:00:00+09:00,J1,1102,1269,2371
2019-04-27T18:00:00+09:00,J2,839,682,1521
2019-04-27T18:00:00+09:00,J3,1156,1065,2221
2019-04-27T18:00:00+09:00,J4,716,639,1355
2019-04-27T18:00:00+09:00,J5,475,581,1056
2019-04-27T18:15:00+09:00,J1,1145,1285,2430
2019-04-27T18:15:00+09:00,J2,895,691,1586
2019-04-27T18:15:00+09:00,J3,973,853,1826
2019-04-27T18:15:00+09:00,J4,761,693,1454
2019-04-27T18:15:00+09:00,J5,476,545,1021
2019-04-27T18:30:00+09:00,J1,1064,1163,2227
2019-04-27T18:30:00+09:00,J2,797,644,1441
2019-04-27T18:30:00+09:00,J3,1023,811,1834
2019-04-27T18:30:00+09:00,J4,788,740,1528
2019-04-27T18:30:00+09:00,J5,372,398,770
2019-04-27T18:45:00+09:00,J1,1024,1119,2143
2019-04-27T18:45:00+09:00,J2,803,614,1417
2019-04-27T18:45:00+09:00,J3,945,727,1672
2019-04-27T18:45:00+09:00,J4,806,738,1544
2019-04-27T18:45:00+09:00,J5,294,346,640
2019-04-27T19:00:00+09:00,J1,941,1061,2002
2019-04-27T19:00:00+09:00,J2,670,600,1270
2019-04-27T19:00:00+09:00,J3,884,728,1612
2019-04-27T19:00:00+09:00,J4,877,818,1695
2019-04-27T19:00:00+09:00,J5,342,335,677
2019-04-27T19:15:00+09:00,J1,893,1063,1956
2019-04-27T19:15:00+09:00,J2,616,599,1215
2019-04-27T19:15:00+09:00,J3,850,828,1678
2019-04-27T19:15:00+09:00,J4,831,760,1591
2019-04-27T19:15:00+09:00,J5,307,368,675
2019-04-27T19:30:00+09:00,J1,889,1023,1912
2019-04-27T19:30:00+09:00,J2,606,598,1204
2019-04-27T19:30:00+09:00,J3,825,681,1506
2019-04-27T19:30:00+09:00,J4,753,806,1559
2019-04-27T19:30:00+09:00,J5,317,271,588
2019-04-27T19:45:00+09:00,J1,931,992,1923
2019-04-27T19:45:00+09:00,J2,570,542,1112
2019-04-27T19:45:00+09:00,J3,908,736,1644
2019-04-27T19:45:00+09:00,J4,775,839,1614
2019-04-27T19:45:00+09:00,J5,324,268,592
2019-04-27T20:00:00+09:00,J1,898,956,1854
2019-04-27T20:00:00+09:00,J2,606,591,1197
2019-04-27T20:00:00+09:00,J3,830,812,1642
2019-04-27T20:00:00+09:00,J4,715,805,1520
2019-04-27T20:00:00+09:00,J5,310,293,603
2019-04-27T20:15:00+09:00,J1,908,1011,1919
2019-04-27T20:15:00+09:00,J2,576,579,1155
2019-04-27T20:15:00+09:00,J3,876,713,1589
2019-04-27T20:15:00+09:00,J4,720,806,1526
2019-04-27T20:15:00+09:00,J5,295,330,625
2019-04-27T20:30:00+09:00,J1,853,1089,1942
2019-04-27T20:30:00+09:00,J2,554,529,1083
2019-04-27T20:30:00+09:00,J3,772,714,1486
2019-04-27T20:30:00+09:00,J4,718,732,1450
2019-04-27T20:30:00+09:00,J5,291,275,566
2019-04-27T20:45:00+09:00,J1,867,1023,1890
2019-04-27T20:45:00+09:00,J2,520,502,1022
2019-04-27T20:45:00+09:00,J3,717,653,1370
2019-04-27T20:45:00+09:00,J4,776,706,1482
2019-04-27T20:45:00+09:00,J5,291,273,564
2019-04-27T21:00:00+09:00,J1,906,977,1883
2019-04-27T21:00:00+09:00,J2,536,468,1004
2019-04-27T21:00:00+09:00,J3,807,700,1507
2019-04-27T21:00:00+09:00,J4,705,691,1396
2019-04-27T21:00:00+09:00,J5,286,271,557
2019-04-27T21:15:00+09:00,J1,937,1010,1947
2019-04-27T21:15:00+09:00,J2,512,435,947
2019-04-27T21:15:00+09:00,J3,911,741,1652
2019-04-27T21:15:00+09:00,J4,730,732,1462
2019-04-27T21:15:00+09:00,J5,320,269,589
2019-04-27T21:30:00+09:00,J1,938,946,1884
2019-04-27T21:30:00+09:00,J2,489,487,976
2019-04-27T21:30:00+09:00,J3,872,791,1663
2019-04-27T21:30:00+09:00,J4,671,694,1365
2019-04-27T21:30:00+09:00,J5,281,247,528
2019-04-27T21:45:00+09:00,J1,868,935,1803
2019-04-27T21:45:00+09:00,J2,573,525,1098
2019-04-27T21:45:00+09:00,J3,777,698,1475
2019-04-27T21:45:00+09:00,J4,650,694,1344
2019-04-27T21:45:00+09:00,J5,300,290,590
2019-04-27T22:00:00+09:00,J1,854,966,1820
2019-04-27T22:00:00+09:00,J2,723,726,1449
2019-04-27T22:00:00+09:00,J3,761,672,1433
2019-04-27T22:00:00+09:00,J4,693,703,1396
2019-04-27T22:00:00+09:00,J5,308,273,581
2019-04-27T22:15:00+09:00,J1,870,917,1787
2019-04-27T22:15:00+09:00,J2,671,522,1193
2019-04-27T22:15:00+09:00,J3,666,668,1334
2019-04-27T22:15:00+09:00,J4,584,738,1322
2019-04-27T22:15:00+09:00,J5,372,310,682
2019-04-27T22:30:00+09:00,J1,854,937,1791
2019-04-27T22:30:00+09:00,J2,598,570,1168
2019-04-27T22:30:00+09:00,J3,675,612,1287
2019-04-27T22:30:00+09:00,J4,581,752,1333
2019-04-27T22:30:00+09:00,J5,357,374,731
2019-04-27T22:45:00+09:00,J1,828,924,1752
2019-04-27T22:45:00+09:00,J2,700,593,1293
2019-04-27T22:45:00+09:00,J3,707,621,1328
2019-04-27T22:45:00+09:00,J4,650,727,1377
2019-04-27T22:45:00+09:00,J5,373,371,744
2019-04-27T23:00:00+09:00,J1,766,889,1655
2019-04-27T23:00:00+09:00,J2,675,614,1289
2019-04-27T23:00:00+09:00,J3,572,509,1081
2019-04-27T23:00:00+09:00,J4,605,684,1289
2019-04-27T23:00:00+09:00,J5,380,414,794
2019-04-27T23:15:00+09:00,J1,760,812,1572
2019-04-27T23:15:00+09:00,J2,599,584,1183
2019-04-27T23:15:00+09:00,J3,566,605,1171
2019-04-27T23:15:00+09:00,J4,659,690,1349
2019-04-27T23:15:00+09:00,J5,374,440,814
2019-04-27T23:30:00+09:00,J1,700,772,1472
2019-04-27T23:30:00+09:00,J2,644,557,1201
2019-04-27T23:30:00+09:00,J3,615,652,1267
2019-04-27T23:30:00+09:00,J4,621,694,1315
2019-04-27T23:30:00+09:00,J5,389,434,823
2019-04-27T23:45:00+09:00,J1,825,906,1731
2019-04-27T23:45:00+09:00,J2,598,533,1131
2019-04-27T23:45:00+09:00,J3,597,558,1155
2019-04-27T23:45:00+09:00,J4,569,593,1162
2019-04-27T23:45:00+09:00,J5,397,426,823
2019-04-28T00:00:00+09:00,J1,688,699,1387
2019-04-28T00:00:00+09:00,J2,629,491,1120
2019-04-28T00:00:00+09:00,J3,487,450,937
2019-04-28T00:00:00+09:00,J4,480,474,954
2019-04-28T00:00:00+09:00,J5,450,530,980
2019-04-28T00:15:00+09:00,J1,516,502,1018
2019-04-28T00:15:00+09:00,J2,712,551,1263
2019-04-28T00:15:00+09:00,J3,625,553,1178
2019-04-28T00:15:00+09:00,J4,606,576,1182
2019-04-28T00:15:00+09:00,J5,423,549,972
2019-04-28T00:30:00+09:00,J1,506,486,992
2019-04-28T00:30:00+09:00,J2,688,647,1335
2019-04-28T00:30:00+09:00,J3,843,697,1540
2019-04-28T00:30:00+09:00,J4,758,630,1388
2019-04-28T00:30:00+09:00,J5,328,471,799
2019-04-28T00:45:00+09:00,J1,497,421,918
2019-04-28T00:45:00+09:00,J2,689,607,1296
2019-04-28T00:45:00+09:00,J3,821,821,1642
2019-04-28T00:45:00+09:00,J4,701,637,1338
2019-04-28T00:45:00+09:00,J5,343,333,676
2019-04-28T05:45:00+09:00,J1,643,599,1242
2019-04-28T05:45:00+09:00,J2,572,621,1193
2019-04-28T05:45:00+09:00,J3,596,583,1179
2019-04-28T05:45:00+09:00,J4,726,653,1379
2019-04-28T05:45:00+09:00,J5,292,230,522
2019-04-28T06:00:00+09:00,J1,616,705,1321
2019-04-28T06:00:00+09:00,J2,619,707,1326
2019-04-28T06:00:00+09:00,J3,662,598,1260
2019-04-28T06:00:00+09:00,J4,780,713,1493
2019-04-28T06:00:00+09:00,J5,311,247,558
2019-04-28T06:15:00+09:00,J1,653,670,1323
2019-04-28T06:15:00+09:00,J2,735,760,1495
2019-04-28T06:15:00+09:00,J3,604,578,1182
2019-04-28T06:15:00+09:00,J4,728,670,1398
2019-04-28T06:15:00+09:00,J5,331,310,641
2019-04-28T06:30:00+09:00,J1,751,696,1447
2019-04-28T06:30:00+09:00,J2,656,727,1383
2019-04-28T06:30:00+09:00,J3,614,587,1201
2019-04-28T06:30:00+09:00,J4,735,678,1413
2019-04-28T06:30:00+09:00,J5,331,324,655
2019-04-28T06:45:00+09:00,J1,674,706,1380
2019-04-28T06:45:00+09:00,J2,659,690,1349
2019-04-28T06:45:00+09:00,J3,676,579,1255
2019-04-28T06:45:00+09:00,J4,679,590,1269
2019-04-28T06:45:00+09:00,J5,350,325,675
2019-04-28T07:00:00+09:00,J1,670,695,1365
2019-04-28T07:00:00+09:00,J2,583,677,1260
2019-04-28T07:00:00+09:00,J3,660,581,1241
2019-04-28T07:00:00+09:00,J4,731,641,1372
2019-04-28T07:00:00+09:00,J5,357,332,689
2019-04-28T07:15:00+09:00,J1,726,755,1481
2019-04-28T07:15:00+09:00,J2,587,632,1219
2019-04-28T07:15:00+09:00,J3,626,596,1222
2019-04-28T07:15:00+09:00,J4,737,716,1453
2019-04-28T07:15:00+09:00,J5,336,360,696
2019-04-28T07:30:00+09:00,J1,823,778,1601
2019-04-28T07:30:00+09:00,J2,703,666,1369
2019-04-28T07:30:00+09:00,J3,597,563,1160
2019-04-28T07:30:00+09:00,J4,748,705,1453
2019-04-28T07:30:00+09:00,J5,411,403,814
2019-04-28T07:45:00+09:00,J1,710,793,1503
2019-04-28T07:45:00+09:00,J2,748,731,1479
2019-04-28T07:45:00+09:00,J3,521,519,1040
2019-04-28T07:45:00+09:00,J4,702,711,1413
2019-04-28T07:45:00+09:00,J5,430,451,881
2019-04-28T08:00:00+09:00,J1,977,1100,2077
2019-04-28T08:00:00+09:00,J2,712,636,1348
2019-04-28T08:00:00+09:00,J3,614,521,1135
2019-04-28T08:00:00+09:00,J4,806,704,1510
2019-04-28T08:00:00+09:00,J5,575,587,1162
2019-04-28T08:15:00+09:00,J1,1057,1065,2122
2019-04-28T08:15:00+09:00,J2,601,531,1132
2019-04-28T08:15:00+09:00,J3,676,645,1321
2019-04-28T08:15:00+09:00,J4,785,762,1547
2019-04-28T08:15:00+09:00,J5,506,608,1114
2019-04-28T08:30:00+09:00,J1,946,1023,1969
2019-04-28T08:30:00+09:00,J2,579,510,1089
2019-04-28T08:30:00+09:00,J3,724,755,1479
2019-04-28T08:30:00+09:00,J4,760,775,1535
2019-04-28T08:30:00+09:00,J5,475,583,1058
2019-04-28T08:45:00+09:00,J1,888,981,1869
2019-04-28T08:45:00+09:00,J2,502,538,1040
2019-04-28T08:45:00+09:00,J3,742,692,1434
2019-04-28T08:45:00+09:00,J4,692,734,1426
2019-04-28T08:45:00+09:00,J5,461,507,968
2019-04-28T09:00:00+09:00,J1,814,865,1679
2019-04-28T09:00:00+09:00,J2,548,581,1129
2019-04-28T09:00:00+09:00,J3,639,626,1265
2019-04-28T09:00:00+09:00,J4,610,714,1324
2019-04-28T09:00:00+09:00,J5,444,486,930
2019-04-28T09:15:00+09:00,J1,849,851,1700
2019-04-28T09:15:00+09:00,J2,646,634,1280
2019-04-28T09:15:00+09:00,J3,514,442,956
2019-04-28T09:15:00+09:00,J4,597,705,1302
2019-04-28T09:15:00+09:00,J5,466,497,963
2019-04-28T09:30:00+09:00,J1,846,856,1702
2019-04-28T09:30:00+09:00,J2,570,504,1074
2019-04-28T09:30:00+09:00,J3,552,535,1087
2019-04-28T09:30:00+09:00,J4,627,674,1301
2019-04-28T09:30:00+09:00,J5,412,429,841
2019-04-28T09:45:00+09:00,J1,771,810,1581
2019-04-28T09:45:00+09:00,J2,580,460,1040
2019-04-28T09:45:00+09:00,J3,479,489,968
2019-04-28T09:45:00+09:00,J4,621,679,1300
2019-04-28T09:45:00+09:00,J5,414,384,798
2019-04-28T10:00:00+09:00,J1,783,763,1546
2019-04-28T10:00:00+09:00,J2,464,476,940
2019-04-28T10:00:00+09:00,J3,539,500,1039
2019-04-28T10:00:00+09:00,J4,624,743,1367
2019-04-28T10:00:00+09:00,J5,400,369,769
2019-04-28T10:15:00+09:00,J1,695,742,1437
2019-04-28T10:15:00+09:00,J2,517,440,957
2019-04-28T10:15:00+09:00,J3,566,551,1117
2019-04-28T10:15:00+09:00,J4,561,678,1239
2019-04-28T10:15:00+09:00,J5,335,309,644
2019-04-28T10:30:00+09:00,J1,773,727,1500
2019-04-28T10:30:00+09:00,J2,535,455,990
2019-04-28T10:30:00+09:00,J3,658,661,1319
2019-04-28T10:30:00+09:00,J4,626,679,1305
2019-04-28T10:30:00+09:00,J5,358,307,665
2019-04-28T10:45:00+09:00,J1,760,781,1541
2019-04-28T10:45:00+09:00,J2,497,567,1064
2019-04-28T10:45:00+09:00,J3,660,707,1367
2019-04-28T10:45:00+09:00,J4,580,597,1177
2019-04-28T10:45:00+09:00,J5,324,294,618
2019-04-28T11:00:00+09:00,J1,868,808,1676
2019-04-28T11:00:00+09:00,J2,470,542,1012
2019-04-28T11:00:00+09:00,J3,814,695,1509
2019-04-28T11:00:00+09:00,J4,534,557,1091
2019-04-28T11:00:00+09:00,J5,343,327,670
2019-04-28T11:15:00+09:00,J1,876,855,1731
2019-04-28T11:15:00+09:00,J2,539,558,1097
2019-04-28T11:15:00+09:00,J3,720,704,1424
2019-04-28T11:15:00+09:00,J4,572,564,1136
2019-04-28T11:15:00+09:00,J5,377,383,760
2019-04-28T11:30:00+09:00,J1,864,828,1692
2019-04-28T11:30:00+09:00,J2,546,576,1122
2019-04-28T11:30:00+09:00,J3,706,704,1410
2019-04-28T11:30:00+09:00,J4,597,654,1251
2019-04-28T11:30:00+09:00,J5,369,375,744
2019-04-28T11:45:00+09:00,J1,771,765,1536
2019-04-28T11:45:00+09:00,J2,516,642,1158
2019-04-28T11:45:00+09:00,J3,660,706,1366
2019-04-28T11:45:00+09:00,J4,690,620,1310
2019-04-28T11:45:00+09:00,J5,311,361,672
2019-04-28T12:00:00+09:00,J1,793,852,1645
2019-04-28T12:00:00+09:00,J2,671,788,1459
2019-04-28T12:00:00+09:00,J3,662,664,1326
2019-04-28T12:00:00+09:00,J4,671,621,1292
2019-04-28T12:00:00+09:00,J5,378,369,747
2019-04-28T12:15:00+09:00,J1,833,899,1732
2019-04-28T12:15:00+09:00,J2,757,759,1516
2019-04-28T12:15:00+09:00,J3,646,662,1308
2019-04-28T12:15:00+09:00,J4,800,769,1569
2019-04-28T12:15:00+09:00,J5,384,373,757
2019-04-28T12:30:00+09:00,J1,765,806,1571
2019-04-28T12:30:00+09:00,J2,907,795,1702
2019-04-28T12:30:00+09:00,J3,594,585,1179
2019-04-28T12:30:00+09:00,J4,723,758,1481
2019-04-28T12:30:00+09:00,J5,353,385,738
2019-04-28T12:45:00+09:00,J1,781,833,1614
2019-04-28T12:45:00+09:00,J2,955,639,1594
2019-04-28T12:45:00+09:00,J3,520,506,1026
2019-04-28T12:45:00+09:00,J4,846,815,1661
2019-04-28T12:45:00+09:00,J5,341,343,684
2019-04-28T13:00:00+09:00,J1,815,811,1626
2019-04-28T13:00:00+09:00,J2,947,678,1625
2019-04-28T13:00:00+09:00,J3,508,542,1050
2019-04-28T13:00:00+09:00,J4,938,904,1842
2019-04-28T13:00:00+09:00,J5,400,426,826
2019-04-28T13:15:00+09:00,J1,749,839,1588
2019-04-28T13:15:00+09:00,J2,841,666,1507
2019-04-28T13:15:00+09:00,J3,450,516,966
2019-04-28T13:15:00+09:00,J4,921,917,1838
2019-04-28T13:15:00+09:00,J5,384,455,839
2019-04-28T13:30:00+09:00,J1,842,898,1740
2019-04-28T13:30:00+09:00,J2,871,577,1448
2019-04-28T13:30:00+09:00,J3,450,462,912
2019-04-28T13:30:00+09:00,J4,941,889,1830
2019-04-28T13:30:00+09:00,J5,383,392,775
2019-04-28T13:45:00+09:00,J1,871,845,1716
2019-04-28T13:45:00+09:00,J2,808,523,1331
2019-04-28T13:45:00+09:00,J3,419,482,901
2019-04-28T13:45:00+09:00,J4,934,915,1849
2019-04-28T13:45:00+09:00,J5,352,394,746
2019-04-28T14:00:00+09:00,J1,794,870,1664
2019-04-28T14:00:00+09:00,J2,799,631,1430
2019-04-28T14:00:00+09:00,J3,465,509,974
2019-04-28T14:00:00+09:00,J4,919,943,1862
2019-04-28T14:00:00+09:00,J5,390,391,781
2019-04-28T14:15:00+09:00,J1,743,893,1636
2019-04-28T14:15:00+09:00,J2,702,615,1317
2019-04-28T14:15:00+09:00,J3,415,512,927
2019-04-28T14:15:00+09:00,J4,988,929,1917
2019-04-28T14:15:00+09:00,J5,412,443,855
2019-04-28T14:30:00+09:00,J1,873,960,1833
2019-04-28T14:30:00+09:00,J2,725,579,1304
2019-04-28T14:30:00+09:00,J3,445,452,897
2019-04-28T14:30:00+09:00,J4,973,900,1873
2019-04-28T14:30:00+09:00,J5,442,433,875
2019-04-28T14:45:00+09:00,J1,854,872,1726
2019-04-28T14:45:00+09:00,J2,734,626,1360
2019-04-28T14:45:00+09:00,J3,434,459,893
2019-04-28T14:45:00+09:00,J4,1008,941,1949
2019-04-28T14:45:00+09:00,J5,447,480,927
2019-04-28T15:00:00+09:00,J1,854,897,1751
2019-04-28T15:00:00+09:00,J2,709,562,1271
2019-04-28T15:00:00+09:00,J3,401,428,829
2019-04-28T15:00:00+09:00,J4,910,956,1866
2019-04-28T15:00:00+09:00,J5,437,463,900
2019-04-28T15:15:00+09:00,J1,832,933,1765
2019-04-28T15:15:00+09:00,J2,715,605,1320
2019-04-28T15:15:00+09:00,J3,407,484,891
2019-04-28T15:15:00+09:00,J4,988,931,1919
2019-04-28T15:15:00+09:00,J5,417,442,859
2019-04-28T15:30:00+09:00,J1,807,919,1726
2019-04-28T15:30:00+09:00,J2,699,600,1299
2019-04-28T15:30:00+09:00,J3,447,504,951
2019-04-28T15:30:00+09:00,J4,951,901,1852
2019-04-28T15:30:00+09:00,J5,490,501,991
2019-04-28T15:45:00+09:00,J1,834,972,1806
2019-04-28T15:45:00+09:00,J2,688,645,1333
2019-04-28T15:45:00+09:00,J3,422,502,924
2019-04-28T15:45:00+09:00,J4,957,923,1880
2019-04-28T15:45:00+09:00,J5,475,499,974
2019-04-28T16:00:00+09:00,J1,819,911,1730
2019-04-28T16:00:00+09:00,J2,709,631,1340
2019-04-28T16:00:00+09:00,J3,437,498,935
2019-04-28T16:00:00+09:00,J4,885,901,1786
2019-04-28T16:00:00+09:00,J5,408,471,879
2019-04-28T16:15:00+09:00,J1,823,883,1706
2019-04-28T16:15:00+09:00,J2,642,586,1228
2019-04-28T16:15:00+09:00,J3,424,536,960
2019-04-28T16:15:00+09:00,J4,844,816,1660
2019-04-28T16:15:00+09:00,J5,518,526,1044
2019-04-28T16:30:00+09:00,J1,732,850,1582
2019-04-28T16:30:00+09:00,J2,658,613,1271
2019-04-28T16:30:00+09:00,J3,412,507,919
2019-04-28T16:30:00+09:00,J4,815,835,1650
2019-04-28T16:30:00+09:00,J5,516,628,1144
2019-04-28T16:45:00+09:00,J1,766,834,1600
2019-04-28T16:45:00+09:00,J2,714,622,1336
2019-04-28T16:45:00+09:00,J3,467,565,1032
2019-04-28T16:45:00+09:00,J4,931,806,1737
2019-04-28T16:45:00+09:00,J5,492,464,956
2019-04-28T17:00:00+09:00,J1,872,884,1756
2019-04-28T17:00:00+09:00,J2,694,602,1296
2019-04-28T17:00:00+09:00,J3,476,531,1007
2019-04-28T17:00:00+09:00,J4,865,781,1646
2019-04-28T17:00:00+09:00,J5,524,623,1147
2019-04-28T17:15:00+09:00,J1,801,893,1694
2019-04-28T17:15:00+09:00,J2,664,703,1367
2019-04-28T17:15:00+09:00,J3,524,541,1065
2019-04-28T17:15:00+09:00,J4,807,846,1653
2019-04-28T17:15:00+09:00,J5,519,514,1033
2019-04-28T17:30:00+09:00,J1,894,922,1816
2019-04-28T17:30:00+09:00,J2,713,602,1315
2019-04-28T17:30:00+09:00,J3,510,569,1079
2019-04-28T17:30:00+09:00,J4,886,811,1697
2019-04-28T17:30:00+09:00,J5,524,603,1127
2019-04-28T17:45:00+09:00,J1,802,849,1651
2019-04-28T17:45:00+09:00,J2,724,591,1315
2019-04-28T17:45:00+09:00,J3,449,530,979
2019-04-28T17:45:00+09:00,J4,878,825,1703
2019-04-28T17:45:00+09:00,J5,566,544,1110
2019-04-28T18:00:00+09:00,J1,902,856,1758
2019-04-28T18:00:00+09:00,J2,757,608,1365
2019-04-28T18:00:00+09:00,J3,458,491,949
2019-04-28T18:00:00+09:00,J4,830,822,1652
2019-04-28T18:00:00+09:00,J5,503,571,1074
2019-04-28T18:15:00+09:00,J1,725,784,1509
2019-04-28T18:15:00+09:00,J2,681,533,1214
2019-04-28T18:15:00+09:00,J3,387,432,819
2019-04-28T18:15:00+09:00,J4,832,791,1623
2019-04-28T18:15:00+09:00,J5,430,443,873
2019-04-28T18:30:00+09:00,J1,932,1099,2031
2019-04-28T18:30:00+09:00,J2,934,800,1734
2019-04-28T18:30:00+09:00,J3,436,539,975
2019-04-28T18:30:00+09:00,J4,1135,951,2086
2019-04-28T18:30:00+09:00,J5,555,597,1152
2019-04-28T18:45:00+09:00,J1,853,978,1831
2019-04-28T18:45:00+09:00,J2,824,638,1462
2019-04-28T18:45:00+09:00,J3,410,424,834
2019-04-28T18:45:00+09:00,J4,1032,871,1903
2019-04-28T18:45:00+09:00,J5,577,613,1190
2019-04-28T19:00:00+09:00,J1,672,889,1561
2019-04-28T19:00:00+09:00,J2,745,609,1354
2019-04-28T19:00:00+09:00,J3,460,495,955
2019-04-28T19:00:00+09:00,J4,971,829,1800
2019-04-28T19:00:00+09:00,J5,526,558,1084
2019-04-28T19:15:00+09:00,J1,714,857,1571
2019-04-28T19:15:00+09:00,J2,712,601,1313
2019-04-28T19:15:00+09:00,J3,464,517,981
2019-04-28T19:15:00+09:00,J4,931,783,1714
2019-04-28T19:15:00+09:00,J5,535,537,1072
2019-04-28T19:30:00+09:00,J1,680,820,1500
2019-04-28T19:30:00+09:00,J2,772,625,1397
2019-04-28T19:30:00+09:00,J3,442,471,913
2019-04-28T19:30:00+09:00,J4,743,736,1479
2019-04-28T19:30:00+09:00,J5,487,506,993
2019-04-28T19:45:00+09:00,J1,702,758,1460
2019-04-28T19:45:00+09:00,J2,702,594,1296
2019-04-28T19:45:00+09:00,J3,464,487,951
2019-04-28T19:45:00+09:00,J4,701,677,1378
2019-04-28T19:45:00+09:00,J5,462,424,886
2019-04-28T20:00:00+09:00,J1,773,744,1517
2019-04-28T20:00:00+09:00,J2,728,623,1351
2019-04-28T20:00:00+09:00,J3,436,427,863
2019-04-28T20:00:00+09:00,J4,869,750,1619
2019-04-28T20:00:00+09:00,J5,457,452,909
2019-04-28T20:15:00+09:00,J1,739,793,1532
2019-04-28T20:15:00+09:00,J2,761,640,1401
2019-04-28T20:15:00+09:00,J3,464,473,937
2019-04-28T20:15:00+09:00,J4,1044,830,1874
2019-04-28T20:15:00+09:00,J5,474,475,949
2019-04-28T20:30:00+09:00,J1,628,728,1356
2019-04-28T20:30:00+09:00,J2,715,636,1351
2019-04-28T20:30:00+09:00,J3,440,448,888
2019-04-28T20:30:00+09:00,J4,903,832,1735
2019-04-28T20:30:00+09:00,J5,402,416,818
2019-04-28T20:45:00+09:00,J1,644,734,1378
2019-04-28T20:45:00+09:00,J2,572,592,1164
2019-04-28T20:45:00+09:00,J3,404,456,860
2019-04-28T20:45:00+09:00,J4,848,744,1592
2019-04-28T20:45:00+09:00,J5,387,401,788
2019-04-28T21:00:00+09:00,J1,618,778,1396
2019-04-28T21:00:00+09:00,J2,515,616,1131
2019-04-28T21:00:00+09:00,J3,445,402,847
2019-04-28T21:00:00+09:00,J4,787,686,1473
2019-04-28T21:00:00+09:00,J5,367,397,764
2019-04-28T21:15:00+09:00,J1,681,693,1374
2019-04-28T21:15:00+09:00,J2,595,680,1275
2019-04-28T21:15:00+09:00,J3,487,454,941
2019-04-28T21:15:00+09:00,J4,857,729,1586
2019-04-28T21:15:00+09:00,J5,356,396,752
2019-04-28T21:30:00+09:00,J1,589,639,1228
2019-04-28T21:30:00+09:00,J2,548,585,1133
2019-04-28T21:30:00+09:00,J3,537,463,1000
2019-04-28T21:30:00+09:00,J4,707,630,1337
2019-04-28T21:30:00+09:00,J5,363,356,719
2019-04-28T21:45:00+09:00,J1,572,654,1226
2019-04-28T21:45:00+09:00,J2,602,606,1208
2019-04-28T21:45:00+09:00,J3,500,457,957
2019-04-28T21:45:00+09:00,J4,723,601,1324
2019-04-28T21:45:00+09:00,J5,333,323,656
2019-04-28T22:00:00+09:00,J1,560,634,1194
2019-04-28T22:00:00+09:00,J2,543,642,1185
2019-04-28T22:00:00+09:00,J3,455,437,892
2019-04-28T22:00:00+09:00,J4,760,671,1431
2019-04-28T22:00:00+09:00,J5,320,318,638
2019-04-28T22:15:00+09:00,J1,563,672,1235
2019-04-28T22:15:00+09:00,J2,396,439,835
2019-04-28T22:15:00+09:00,J3,458,395,853
2019-04-28T22:15:00+09:00,J4,763,645,1408
2019-04-28T22:15:00+09:00,J5,316,317,633
2019-04-28T22:30:00+09:00,J1,612,702,1314
2019-04-28T22:30:00+09:00,J2,471,511,982
2019-04-28T22:30:00+09:00,J3,502,484,986
2019-04-28T22:30:00+09:00,J4,653,625,1278
2019-04-28T22:30:00+09:00,J5,320,344,664
2019-04-28T22:45:00+09:00,J1,634,711,1345
2019-04-28T22:45:00+09:00,J2,378,446,824
2019-04-28T22:45:00+09:00,J3,485,419,904
2019-04-28T22:45:00+09:00,J4,521,510,1031
2019-04-28T22:45:00+09:00,J5,305,329,634
2019-04-28T23:00:00+09:00,J1,576,719,1295
2019-04-28T23:00:00+09:00,J2,377,424,801
2019-04-28T23:00:00+09:00,J3,509,480,989
2019-04-28T23:00:00+09:00,J4,453,521,974
2019-04-28T23:00:00+09:00,J5,310,326,636
2019-04-28T23:15:00+09:00,J1,583,734,1317
2019-04-28T23:15:00+09:00,J2,338,376,714
2019-04-28T23:15:00+09:00,J3,469,467,936
2019-04-28T23:15:00+09:00,J4,432,486,918
2019-04-28T23:15:00+09:00,J5,308,312,620
2019-04-28T23:30:00+09:00,J1,575,726,1301
2019-04-28T23:30:00+09:00,J2,354,464,818
2019-04-28T23:30:00+09:00,J3,532,487,1019
2019-04-28T23:30:00+09:00,J4,423,425,848
2019-04-28T23:30:00+09:00,J5,293,315,608
2019-04-28T23:45:00+09:00,J1,602,684,1286
2019-04-28T23:45:00+09:00,J2,332,385,717
2019-04-28T23:45:00+09:00,J3,545,459,1004
2019-04-28T23:45:00+09:00,J4,374,387,761
2019-04-28T23:45:00+09:00,J5,304,287,591
2019-04-29T00:00:00+09:00,J1,423,390,813
2019-04-29T00:00:00+09:00,J2,284,324,608
2019-04-29T00:00:00+09:00,J3,579,479,1058
2019-04-29T00:00:00+09:00,J4,342,348,690
2019-04-29T00:00:00+09:00,J5,265,305,570
2019-04-29T00:15:00+09:00,J1,326,308,634
2019-04-29T00:15:00+09:00,J2,251,354,605
2019-04-29T00:15:00+09:00,J3,525,487,1012
2019-04-29T00:15:00+09:00,J4,286,284,570
2019-04-29T00:15:00+09:00,J5,265,234,499
2019-04-29T00:30:00+09:00,J1,273,244,517
2019-04-29T00:30:00+09:00,J2,253,352,605
2019-04-29T00:30:00+09:00,J3,455,443,898
2019-04-29T00:30:00+09:00,J4,391,332,723
2019-04-29T00:30:00+09:00,J5,253,220,473
2019-04-29T00:45:00+09:00,J1,287,311,598
2019-04-29T00:45:00+09:00,J2,243,296,539
2019-04-29T00:45:00+09:00,J3,382,383,765
2019-04-29T00:45:00+09:00,J4,334,322,656
2019-04-29T00:45:00+09:00,J5,237,231,468
2019-04-29T05:45:00+09:00,J1,491,516,1007
2019-04-29T05:45:00+09:00,J2,490,427,917
2019-04-29T05:45:00+09:00,J3,349,337,686
2019-04-29T05:45:00+09:00,J4,625,657,1282
2019-04-29T05:45:00+09:00,J5,509,519,1028
2019-04-29T06:00:00+09:00,J1,559,526,1085
2019-04-29T06:00:00+09:00,J2,523,435,958
2019-04-29T06:00:00+09:00,J3,340,376,716
2019-04-29T06:00:00+09:00,J4,497,630,1127
2019-04-29T06:00:00+09:00,J5,489,639,1128
2019-04-29T06:15:00+09:00,J1,572,581,1153
2019-04-29T06:15:00+09:00,J2,416,423,839
2019-04-29T06:15:00+09:00,J3,482,421,903
2019-04-29T06:15:00+09:00,J4,486,635,1121
2019-04-29T06:15:00+09:00,J5,461,567,1028
2019-04-29T06:30:00+09:00,J1,522,627,1149
2019-04-29T06:30:00+09:00,J2,430,392,822
2019-04-29T06:30:00+09:00,J3,437,335,772
2019-04-29T06:30:00+09:00,J4,459,554,1013
2019-04-29T06:30:00+09:00,J5,490,545,1035
2019-04-29T06:45:00+09:00,J1,563,623,1186
2019-04-29T06:45:00+09:00,J2,433,369,802
2019-04-29T06:45:00+09:00,J3,391,364,755
2019-04-29T06:45:00+09:00,J4,503,558,1061
2019-04-29T06:45:00+09:00,J5,471,551,1022
2019-04-29T07:00:00+09:00,J1,607,725,1332
2019-04-29T07:00:00+09:00,J2,486,446,932
2019-04-29T07:00:00+09:00,J3,475,394,869
2019-04-29T07:00:00+09:00,J4,510,602,1112
2019-04-29T07:00:00+09:00,J5,486,586,1072
2019-04-29T07:15:00+09:00,J1,619,650,1269
2019-04-29T07:15:00+09:00,J2,467,418,885
2019-04-29T07:15:00+09:00,J3,520,443,963
2019-04-29T07:15:00+09:00,J4,535,625,1160
2019-04-29T07:15:00+09:00,J5,501,625,1126
2019-04-29T07:30:00+09:00,J1,645,702,1347
2019-04-29T07:30:00+09:00,J2,374,435,809
2019-04-29T07:30:00+09:00,J3,568,477,1045
2019-04-29T07:30:00+09:00,J4,513,633,1146
2019-04-29T07:30:00+09:00,J5,496,566,1062
2019-04-29T07:45:00+09:00,J1,671,654,1325
2019-04-29T07:45:00+09:00,J2,374,426,800
2019-04-29T07:45:00+09:00,J3,613,459,1072
2019-04-29T07:45:00+09:00,J4,562,599,1161
2019-04-29T07:45:00+09:00,J5,456,499,955
2019-04-29T08:00:00+09:00,J1,901,834,1735
2019-04-29T08:00:00+09:00,J2,376,424,800
2019-04-29T08:00:00+09:00,J3,893,877,1770
2019-04-29T08:00:00+09:00,J4,598,689,1287
2019-04-29T08:00:00+09:00,J5,449,465,914
2019-04-29T08:15:00+09:00,J1,922,871,1793
2019-04-29T08:15:00+09:00,J2,464,395,859
2019-04-29T08:15:00+09:00,J3,953,947,1900
2019-04-29T08:15:00+09:00,J4,649,750,1399
2019-04-29T08:15:00+09:00,J5,458,457,915
2019-04-29T08:30:00+09:00,J1,893,847,1740
2019-04-29T08:30:00+09:00,J2,485,453,938
2019-04-29T08:30:00+09:00,J3,887,881,1768
2019-04-29T08:30:00+09:00,J4,595,689,1284
2019-04-29T08:30:00+09:00,J5,363,320,683
2019-04-29T08:45:00+09:00,J1,740,701,1441
2019-04-29T08:45:00+09:00,J2,423,369,792
2019-04-29T08:45:00+09:00,J3,868,728,1596
2019-04-29T08:45:00+09:00,J4,514,601,1115
2019-04-29T08:45:00+09:00,J5,329,267,596
2019-04-29T09:00:00+09:00,J1,657,608,1265
2019-04-29T09:00:00+09:00,J2,453,457,910
2019-04-29T09:00:00+09:00,J3,757,739,1496
2019-04-29T09:00:00+09:00,J4,485,556,1041
2019-04-29T09:00:00+09:00,J5,330,305,635
2019-04-29T09:15:00+09:00,J1,639,646,1285
2019-04-29T09:15:00+09:00,J2,419,437,856
2019-04-29T09:15:00+09:00,J3,800,885,1685
2019-04-29T09:15:00+09:00,J4,428,548,976
2019-04-29T09:15:00+09:00,J5,408,343,751
2019-04-29T09:30:00+09:00,J1,632,646,1278
2019-04-29T09:30:00+09:00,J2,446,439,885
2019-04-29T09:30:00+09:00,J3,945,913,1858
2019-04-29T09:30:00+09:00,J4,492,571,1063
2019-04-29T09:30:00+09:00,J5,326,309,635
2019-04-29T09:45:00+09:00,J1,638,699,1337
2019-04-29T09:45:00+09:00,J2,494,459,953
2019-04-29T09:45:00+09:00,J3,832,883,1715
2019-04-29T09:45:00+09:00,J4,481,522,1003
2019-04-29T09:45:00+09:00,J5,339,289,628
2019-04-29T10:00:00+09:00,J1,718,757,1475
2019-04-29T10:00:00+09:00,J2,576,506,1082
2019-04-29T10:00:00+09:00,J3,875,775,1650
2019-04-29T10:00:00+09:00,J4,499,544,1043
2019-04-29T10:00:00+09:00,J5,313,278,591
2019-04-29T10:15:00+09:00,J1,831,733,1564
2019-04-29T10:15:00+09:00,J2,557,569,1126
2019-04-29T10:15:00+09:00,J3,713,684,1397
2019-04-29T10:15:00+09:00,J4,620,568,1188
2019-04-29T10:15:00+09:00,J5,308,341,649
2019-04-29T10:30:00+09:00,J1,844,713,1557
2019-04-29T10:30:00+09:00,J2,767,720,1487
2019-04-29T10:30:00+09:00,J3,664,666,1330
2019-04-29T10:30:00+09:00,J4,727,665,1392
2019-04-29T10:30:00+09:00,J5,328,336,664
2019-04-29T10:45:00+09:00,J1,751,754,1505
2019-04-29T10:45:00+09:00,J2,905,769,1674
2019-04-29T10:45:00+09:00,J3,568,580,1148
2019-04-29T10:45:00+09:00,J4,764,802,1566
2019-04-29T10:45:00+09:00,J5,360,347,707
2019-04-29T11:00:00+09:00,J1,836,803,1639
2019-04-29T11:00:00+09:00,J2,834,676,1510
2019-04-29T11:00:00+09:00,J3,550,521,1071
2019-04-29T11:00:00+09:00,J4,905,1007,1912
2019-04-29T11:00:00+09:00,J5,364,388,752
2019-04-29T11:15:00+09:00,J1,853,764,1617
2019-04-29T11:15:00+09:00,J2,829,598,1427
2019-04-29T11:15:00+09:00,J3,601,552,1153
2019-04-29T11:15:00+09:00,J4,999,934,1933
2019-04-29T11:15:00+09:00,J5,394,376,770
2019-04-29T11:30:00+09:00,J1,779,792,1571
2019-04-29T11:30:00+09:00,J2,791,627,1418
2019-04-29T11:30:00+09:00,J3,560,511,1071
2019-04-29T11:30:00+09:00,J4,942,858,1800
2019-04-29T11:30:00+09:00,J5,380,456,836
2019-04-29T11:45:00+09:00,J1,798,803,1601
2019-04-29T11:45:00+09:00,J2,615,473,1088
2019-04-29T11:45:00+09:00,J3,685,537,1222
2019-04-29T11:45:00+09:00,J4,980,793,1773
2019-04-29T11:45:00+09:00,J5,452,464,916
2019-04-29T12:00:00+09:00,J1,757,842,1599
2019-04-29T12:00:00+09:00,J2,571,552,1123
2019-04-29T12:00:00+09:00,J3,744,698,1442
2019-04-29T12:00:00+09:00,J4,886,815,1701
2019-04-29T12:00:00+09:00,J5,518,552,1070
2019-04-29T12:15:00+09:00,J1,728,858,1586
2019-04-29T12:15:00+09:00,J2,585,533,1118
2019-04-29T12:15:00+09:00,J3,780,754,1534
2019-04-29T12:15:00+09:00,J4,893,779,1672
2019-04-29T12:15:00+09:00,J5,511,601,1112
2019-04-29T12:30:00+09:00,J1,742,916,1658
2019-04-29T12:30:00+09:00,J2,580,496,1076
2019-04-29T12:30:00+09:00,J3,744,649,1393
2019-04-29T12:30:00+09:00,J4,874,814,1688
2019-04-29T12:30:00+09:00,J5,569,621,1190
2019-04-29T12:45:00+09:00,J1,706,837,1543
2019-04-29T12:45:00+09:00,J2,457,505,962
2019-04-29T12:45:00+09:00,J3,631,664,1295
2019-04-29T12:45:00+09:00,J4,780,860,1640
2019-04-29T12:45:00+09:00,J5,515,621,1136
2019-04-29T13:00:00+09:00,J1,693,761,1454
2019-04-29T13:00:00+09:00,J2,492,528,1020
2019-04-29T13:00:00+09:00,J3,656,654,1310
2019-04-29T13:00:00+09:00,J4,775,760,1535
2019-04-29T13:00:00+09:00,J5,588,631,1219
2019-04-29T13:15:00+09:00,J1,639,777,1416
2019-04-29T13:15:00+09:00,J2,490,569,1059
2019-04-29T13:15:00+09:00,J3,732,787,1519
2019-04-29T13:15:00+09:00,J4,846,849,1695
2019-04-29T13:15:00+09:00,J5,541,631,1172
2019-04-29T13:30:00+09:00,J1,706,768,1474
2019-04-29T13:30:00+09:00,J2,479,526,1005
2019-04-29T13:30:00+09:00,J3,756,706,1462
2019-04-29T13:30:00+09:00,J4,842,788,1630
2019-04-29T13:30:00+09:00,J5,550,683,1233
2019-04-29T13:45:00+09:00,J1,632,663,1295
2019-04-29T13:45:00+09:00,J2,434,558,992
2019-04-29T13:45:00+09:00,J3,689,790,1479
2019-04-29T13:45:00+09:00,J4,682,799,1481
2019-04-29T13:45:00+09:00,J5,502,524,1026
2019-04-29T14:00:00+09:00,J1,672,811,1483
2019-04-29T14:00:00+09:00,J2,535,572,1107
2019-04-29T14:00:00+09:00,J3,735,834,1569
2019-04-29T14:00:00+09:00,J4,760,820,1580
2019-04-29T14:00:00+09:00,J5,577,544,1121
2019-04-29T14:15:00+09:00,J1,731,925,1656
2019-04-29T14:15:00+09:00,J2,443,591,1034
2019-04-29T14:15:00+09:00,J3,718,756,1474
2019-04-29T14:15:00+09:00,J4,750,774,1524
2019-04-29T14:15:00+09:00,J5,513,587,1100
2019-04-29T14:30:00+09:00,J1,705,714,1419
2019-04-29T14:30:00+09:00,J2,460,587,1047
2019-04-29T14:30:00+09:00,J3,711,819,1530
2019-04-29T14:30:00+09:00,J4,778,860,1638
2019-04-29T14:30:00+09:00,J5,557,607,1164
2019-04-29T14:45:00+09:00,J1,746,814,1560
2019-04-29T14:45:00+09:00,J2,541,663,1204
2019-04-29T14:45:00+09:00,J3,791,755,1546
2019-04-29T14:45:00+09:00,J4,811,812,1623
2019-04-29T14:45:00+09:00,J5,468,446,914
2019-04-29T15:00:00+09:00,J1,783,824,1607
2019-04-29T15:00:00+09:00,J2,464,653,1117
2019-04-29T15:00:00+09:00,J3,780,804,1584
2019-04-29T15:00:00+09:00,J4,772,902,1674
2019-04-29T15:00:00+09:00,J5,483,443,926
2019-04-29T15:15:00+09:00,J1,694,766,1460
2019-04-29T15:15:00+09:00,J2,429,649,1078
2019-04-29T15:15:00+09:00,J3,742,850,1592
2019-04-29T15:15:00+09:00,J4,735,806,1541
2019-04-29T15:15:00+09:00,J5,454,473,927
2019-04-29T15:30:00+09:00,J1,709,767,1476
2019-04-29T15:30:00+09:00,J2,483,620,1103
2019-04-29T15:30:00+09:00,J3,842,806,1648
2019-04-29T15:30:00+09:00,J4,733,778,1511
2019-04-29T15:30:00+09:00,J5,401,386,787
2019-04-29T15:45:00+09:00,J1,734,835,1569
2019-04-29T15:45:00+09:00,J2,453,532,985
2019-04-29T15:45:00+09:00,J3,745,811,1556
2019-04-29T15:45:00+09:00,J4,797,805,1602
2019-04-29T15:45:00+09:00,J5,517,468,985
2019-04-29T16:00:00+09:00,J1,655,753,1408
2019-04-29T16:00:00+09:00,J2,443,558,1001
2019-04-29T16:00:00+09:00,J3,719,780,1499
2019-04-29T16:00:00+09:00,J4,769,844,1613
2019-04-29T16:00:00+09:00,J5,393,358,751
2019-04-29T16:15:00+09:00,J1,716,848,1564
2019-04-29T16:15:00+09:00,J2,466,622,1088
2019-04-29T16:15:00+09:00,J3,683,829,1512
2019-04-29T16:15:00+09:00,J4,762,822,1584
2019-04-29T16:15:00+09:00,J5,405,362,767
2019-04-29T16:30:00+09:00,J1,736,749,1485
2019-04-29T16:30:00+09:00,J2,540,588,1128
2019-04-29T16:30:00+09:00,J3,827,797,1624
2019-04-29T16:30:00+09:00,J4,716,775,1491
2019-04-29T16:30:00+09:00,J5,473,401,874
2019-04-29T16:45:00+09:00,J1,709,749,1458
2019-04-29T16:45:00+09:00,J2,494,601,1095
2019-04-29T16:45:00+09:00,J3,762,756,1518
2019-04-29T16:45:00+09:00,J4,744,757,1501
2019-04-29T16:45:00+09:00,J5,434,387,821
2019-04-29T17:00:00+09:00,J1,722,821,1543
2019-04-29T17:00:00+09:00,J2,496,585,1081
2019-04-29T17:00:00+09:00,J3,863,762,1625
2019-04-29T17:00:00+09:00,J4,743,774,1517
2019-04-29T17:00:00+09:00,J5,485,469,954
2019-04-29T17:15:00+09:00,J1,777,855,1632
2019-04-29T17:15:00+09:00,J2,464,620,1084
2019-04-29T17:15:00+09:00,J3,850,895,1745
2019-04-29T17:15:00+09:00,J4,721,821,1542
2019-04-29T17:15:00+09:00,J5,524,488,1012
2019-04-29T17:30:00+09:00,J1,754,894,1648
2019-04-29T17:30:00+09:00,J2,493,621,1114
2019-04-29T17:30:00+09:00,J3,918,863,1781
2019-04-29T17:30:00+09:00,J4,766,888,1654
2019-04-29T17:30:00+09:00,J5,419,398,817
2019-04-29T17:45:00+09:00,J1,691,893,1584
2019-04-29T17:45:00+09:00,J2,509,642,1151
2019-04-29T17:45:00+09:00,J3,816,828,1644
2019-04-29T17:45:00+09:00,J4,763,819,1582
2019-04-29T17:45:00+09:00,J5,431,400,831
2019-04-29T18:00:00+09:00,J1,667,950,1617
2019-04-29T18:00:00+09:00,J2,527,636,1163
2019-04-29T18:00:00+09:00,J3,755,785,1540
2019-04-29T18:00:00+09:00,J4,788,790,1578
2019-04-29T18:00:00+09:00,J5,447,430,877
2019-04-29T18:15:00+09:00,J1,749,865,1614
2019-04-29T18:15:00+09:00,J2,533,610,1143
2019-04-29T18:15:00+09:00,J3,811,774,1585
2019-04-29T18:15:00+09:00,J4,741,789,1530
2019-04-29T18:15:00+09:00,J5,558,587,1145
2019-04-29T18:30:00+09:00,J1,638,822,1460
2019-04-29T18:30:00+09:00,J2,508,552,1060
2019-04-29T18:30:00+09:00,J3,763,782,1545
2019-04-29T18:30:00+09:00,J4,755,725,1480
2019-04-29T18:30:00+09:00,J5,503,527,1030
2019-04-29T18:45:00+09:00,J1,616,787,1403
2019-04-29T18:45:00+09:00,J2,471,535,1006
2019-04-29T18:45:00+09:00,J3,774,761,1535
2019-04-29T18:45:00+09:00,J4,789,774,1563
2019-04-29T18:45:00+09:00,J5,506,527,1033
2019-04-29T19:00:00+09:00,J1,655,677,1332
2019-04-29T19:00:00+09:00,J2,454,440,894
2019-04-29T19:00:00+09:00,J3,822,721,1543
2019-04-29T19:00:00+09:00,J4,774,700,1474
2019-04-29T19:00:00+09:00,J5,496,480,976
2019-04-29T19:15:00+09:00,J1,698,750,1448
2019-04-29T19:15:00+09:00,J2,463,457,920
2019-04-29T19:15:00+09:00,J3,729,654,1383
2019-04-29T19:15:00+09:00,J4,817,737,1554
2019-04-29T19:15:00+09:00,J5,564,550,1114
2019-04-29T19:30:00+09:00,J1,691,705,1396
2019-04-29T19:30:00+09:00,J2,425,434,859
2019-04-29T19:30:00+09:00,J3,690,638,1328
2019-04-29T19:30:00+09:00,J4,817,788,1605
2019-04-29T19:30:00+09:00,J5,566,583,1149
2019-04-29T19:45:00+09:00,J1,724,695,1419
2019-04-29T19:45:00+09:00,J2,450,419,869
2019-04-29T19:45:00+09:00,J3,634,558,1192
2019-04-29T19:45:00+09:00,J4,818,883,1701
2019-04-29T19:45:00+09:00,J5,501,580,1081
2019-04-29T20:00:00+09:00,J1,667,705,1372
2019-04-29T20:00:00+09:00,J2,479,457,936
2019-04-29T20:00:00+09:00,J3,614,546,1160
2019-04-29T20:00:00+09:00,J4,768,840,1608
2019-04-29T20:00:00+09:00,J5,559,678,1237
2019-04-29T20:15:00+09:00,J1,621,637,1258
2019-04-29T20:15:00+09:00,J2,561,477,1038
2019-04-29T20:15:00+09:00,J3,613,579,1192
2019-04-29T20:15:00+09:00,J4,805,861,1666
2019-04-29T20:15:00+09:00,J5,597,700,1297
2019-04-29T20:30:00+09:00,J1,564,669,1233
2019-04-29T20:30:00+09:00,J2,556,499,1055
2019-04-29T20:30:00+09:00,J3,643,525,1168
2019-04-29T20:30:00+09:00,J4,866,839,1705
2019-04-29T20:30:00+09:00,J5,598,685,1283
2019-04-29T20:45:00+09:00,J1,567,658,1225
2019-04-29T20:45:00+09:00,J2,719,680,1399
2019-04-29T20:45:00+09:00,J3,553,522,1075
2019-04-29T20:45:00+09:00,J4,888,761,1649
2019-04-29T20:45:00+09:00,J5,490,619,1109
2019-04-29T21:00:00+09:00,J1,636,740,1376
2019-04-29T21:00:00+09:00,J2,732,676,1408
2019-04-29T21:00:00+09:00,J3,602,427,1029
2019-04-29T21:00:00+09:00,J4,816,708,1524
2019-04-29T21:00:00+09:00,J5,529,602,1131
2019-04-29T21:15:00+09:00,J1,650,706,1356
2019-04-29T21:15:00+09:00,J2,747,663,1410
2019-04-29T21:15:00+09:00,J3,611,460,1071
2019-04-29T21:15:00+09:00,J4,881,797,1678
2019-04-29T21:15:00+09:00,J5,508,584,1092
2019-04-29T21:30:00+09:00,J1,574,684,1258
2019-04-29T21:30:00+09:00,J2,693,613,1306
2019-04-29T21:30:00+09:00,J3,481,424,905
2019-04-29T21:30:00+09:00,J4,823,696,1519
2019-04-29T21:30:00+09:00,J5,585,570,1155
2019-04-29T21:45:00+09:00,J1,567,642,1209
2019-04-29T21:45:00+09:00,J2,598,581,1179
2019-04-29T21:45:00+09:00,J3,469,409,878
2019-04-29T21:45:00+09:00,J4,843,656,1499
2019-04-29T21:45:00+09:00,J5,449,519,968
2019-04-29T22:00:00+09:00,J1,601,600,1201
2019-04-29T22:00:00+09:00,J2,486,583,1069
2019-04-29T22:00:00+09:00,J3,450,403,853
2019-04-29T22:00:00+09:00,J4,755,668,1423
2019-04-29T22:00:00+09:00,J5,396,399,795
2019-04-29T22:15:00+09:00,J1,600,686,1286
2019-04-29T22:15:00+09:00,J2,583,641,1224
2019-04-29T22:15:00+09:00,J3,382,370,752
2019-04-29T22:15:00+09:00,J4,824,737,1561
2019-04-29T22:15:00+09:00,J5,340,366,706
2019-04-29T22:30:00+09:00,J1,557,664,1221
2019-04-29T22:30:00+09:00,J2,617,627,1244
2019-04-29T22:30:00+09:00,J3,426,403,829
2019-04-29T22:30:00+09:00,J4,826,721,1547
2019-04-29T22:30:00+09:00,J5,392,349,741
2019-04-29T22:45:00+09:00,J1,595,670,1265
2019-04-29T22:45:00+09:00,J2,453,491,944
2019-04-29T22:45:00+09:00,J3,371,429,800
2019-04-29T22:45:00+09:00,J4,704,632,1336
2019-04-29T22:45:00+09:00,J5,372,314,686
2019-04-29T23:00:00+09:00,J1,522,528,1050
2019-04-29T23:00:00+09:00,J2,493,490,983
2019-04-29T23:00:00+09:00,J3,385,417,802
2019-04-29T23:00:00+09:00,J4,728,645,1373
2019-04-29T23:00:00+09:00,J5,327,306,633
2019-04-29T23:15:00+09:00,J1,474,547,1021
2019-04-29T23:15:00+09:00,J2,559,667,1226
2019-04-29T23:15:00+09:00,J3,392,454,846
2019-04-29T23:15:00+09:00,J4,739,678,1417
2019-04-29T23:15:00+09:00,J5,335,298,633
2019-04-29T23:30:00+09:00,J1,436,506,942
2019-04-29T23:30:00+09:00,J2,617,625,1242
2019-04-29T23:30:00+09:00,J3,420,460,880
2019-04-29T23:30:00+09:00,J4,641,663,1304
2019-04-29T23:30:00+09:00,J5,300,284,584
2019-04-29T23:45:00+09:00,J1,507,524,1031
2019-04-29T23:45:00+09:00,J2,531,576,1107
2019-04-29T23:45:00+09:00,J3,393,416,809
2019-04-29T23:45:00+09:00,J4,595,646,1241
2019-04-29T23:45:00+09:00,J5,282,304,586
2019-04-30T00:00:00+09:00,J1,544,388,932
2019-04-30T00:00:00+09:00,J2,379,293,672
2019-04-30T00:00:00+09:00,J3,475,431,906
2019-04-30T00:00:00+09:00,J4,547,492,1039
2019-04-30T00:00:00+09:00,J5,281,271,552
2019-04-30T00:15:00+09:00,J1,442,480,922
2019-04-30T00:15:00+09:00,J2,322,297,619
2019-04-30T00:15:00+09:00,J3,599,547,1146
2019-04-30T00:15:00+09:00,J4,452,430,882
2019-04-30T00:15:00+09:00,J5,303,299,602
2019-04-30T00:30:00+09:00,J1,451,475,926
2019-04-30T00:30:00+09:00,J2,342,333,675
2019-04-30T00:30:00+09:00,J3,661,579,1240
2019-04-30T00:30:00+09:00,J4,365,351,716
2019-04-30T00:30:00+09:00,J5,287,284,571
2019-04-30T00:45:00+09:00,J1,392,459,851
2019-04-30T00:45:00+09:00,J2,357,332,689
2019-04-30T00:45:00+09:00,J3,704,548,1252
2019-04-30T00:45:00+09:00,J4,324,299,623
2019-04-30T00:45:00+09:00,J5,296,267,563
2019-04-30T05:45:00+09:00,J1,409,391,800
2019-04-30T05:45:00+09:00,J2,419,374,793
2019-04-30T05:45:00+09:00,J3,544,529,1073
2019-04-30T05:45:00+09:00,J4,418,441,859
2019-04-30T05:45:00+09:00,J5,373,410,783
2019-04-30T06:00:00+09:00,J1,366,388,754
2019-04-30T06:00:00+09:00,J2,334,333,667
2019-04-30T06:00:00+09:00,J3,705,567,1272
2019-04-30T06:00:00+09:00,J4,457,533,990
2019-04-30T06:00:00+09:00,J5,328,291,619
2019-04-30T06:15:00+09:00,J1,437,438,875
2019-04-30T06:15:00+09:00,J2,352,364,716
2019-04-30T06:15:00+09:00,J3,755,739,1494
2019-04-30T06:15:00+09:00,J4,436,507,943
2019-04-30T06:15:00+09:00,J5,311,275,586
2019-04-30T06:30:00+09:00,J1,414,381,795
2019-04-30T06:30:00+09:00,J2,311,359,670
2019-04-30T06:30:00+09:00,J3,707,722,1429
2019-04-30T06:30:00+09:00,J4,443,444,887
2019-04-30T06:30:00+09:00,J5,361,311,672
2019-04-30T06:45:00+09:00,J1,469,391,860
2019-04-30T06:45:00+09:00,J2,374,350,724
2019-04-30T06:45:00+09:00,J3,751,711,1462
2019-04-30T06:45:00+09:00,J4,474,471,945
2019-04-30T06:45:00+09:00,J5,325,272,597
2019-04-30T07:00:00+09:00,J1,464,431,895
2019-04-30T07:00:00+09:00,J2,340,336,676
2019-04-30T07:00:00+09:00,J3,764,704,1468
2019-04-30T07:00:00+09:00,J4,514,477,991
2019-04-30T07:00:00+09:00,J5,316,346,662
2019-04-30T07:15:00+09:00,J1,491,477,968
2019-04-30T07:15:00+09:00,J2,317,311,628
2019-04-30T07:15:00+09:00,J3,832,752,1584
2019-04-30T07:15:00+09:00,J4,478,533,1011
2019-04-30T07:15:00+09:00,J5,346,317,663
2019-04-30T07:30:00+09:00,J1,516,493,1009
2019-04-30T07:30:00+09:00,J2,328,402,730
2019-04-30T07:30:00+09:00,J3,811,821,1632
2019-04-30T07:30:00+09:00,J4,574,566,1140
2019-04-30T07:30:00+09:00,J5,371,378,749
2019-04-30T07:45:00+09:00,J1,526,484,1010
2019-04-30T07:45:00+09:00,J2,280,311,591
2019-04-30T07:45:00+09:00,J3,734,659,1393
2019-04-30T07:45:00+09:00,J4,410,491,901
2019-04-30T07:45:00+09:00,J5,305,294,599
2019-04-30T08:00:00+09:00,J1,757,806,1563
2019-04-30T08:00:00+09:00,J2,454,373,827
2019-04-30T08:00:00+09:00,J3,691,668,1359
2019-04-30T08:00:00+09:00,J4,425,529,954
2019-04-30T08:00:00+09:00,J5,331,296,627
2019-04-30T08:15:00+09:00,J1,946,845,1791
2019-04-30T08:15:00+09:00,J2,599,507,1106
2019-04-30T08:15:00+09:00,J3,672,673,1345
2019-04-30T08:15:00+09:00,J4,517,531,1048
2019-04-30T08:15:00+09:00,J5,345,298,643
2019-04-30T08:30:00+09:00,J1,983,833,1816
2019-04-30T08:30:00+09:00,J2,620,531,1151
2019-04-30T08:30:00+09:00,J3,551,658,1209
2019-04-30T08:30:00+09:00,J4,492,511,1003
2019-04-30T08:30:00+09:00,J5,353,312,665
2019-04-30T08:45:00+09:00,J1,892,811,1703
2019-04-30T08:45:00+09:00,J2,620,597,1217
2019-04-30T08:45:00+09:00,J3,678,601,1279
2019-04-30T08:45:00+09:00,J4,420,461,881
2019-04-30T08:45:00+09:00,J5,308,292,600
2019-04-30T09:00:00+09:00,J1,811,775,1586
2019-04-30T09:00:00+09:00,J2,723,626,1349
2019-04-30T09:00:00+09:00,J3,598,594,1192
2019-04-30T09:00:00+09:00,J4,477,488,965
2019-04-30T09:00:00+09:00,J5,308,305,613
2019-04-30T09:15:00+09:00,J1,698,527,1225
2019-04-30T09:15:00+09:00,J2,808,749,1557
2019-04-30T09:15:00+09:00,J3,523,554,1077
2019-04-30T09:15:00+09:00,J4,626,584,1210
2019-04-30T09:15:00+09:00,J5,321,339,660
2019-04-30T09:30:00+09:00,J1,602,501,1103
2019-04-30T09:30:00+09:00,J2,826,680,1506
2019-04-30T09:30:00+09:00,J3,511,539,1050
2019-04-30T09:30:00+09:00,J4,778,775,1553
2019-04-30T09:30:00+09:00,J5,359,414,773
2019-04-30T09:45:00+09:00,J1,596,551,1147
2019-04-30T09:45:00+09:00,J2,802,640,1442
2019-04-30T09:45:00+09:00,J3,539,562,1101
2019-04-30T09:45:00+09:00,J4,805,837,1642
2019-04-30T09:45:00+09:00,J5,378,385,763
2019-04-30T10:00:00+09:00,J1,528,583,1111
2019-04-30T10:00:00+09:00,J2,711,516,1227
2019-04-30T10:00:00+09:00,J3,513,526,1039
2019-04-30T10:00:00+09:00,J4,882,849,1731
2019-04-30T10:00:00+09:00,J5,354,422,776
2019-04-30T10:15:00+09:00,J1,582,661,1243
2019-04-30T10:15:00+09:00,J2,729,601,1330
2019-04-30T10:15:00+09:00,J3,592,542,1134
2019-04-30T10:15:00+09:00,J4,891,806,1697
2019-04-30T10:15:00+09:00,J5,469,459,928
2019-04-30T10:30:00+09:00,J1,486,588,1074
2019-04-30T10:30:00+09:00,J2,536,434,970
2019-04-30T10:30:00+09:00,J3,526,493,1019
2019-04-30T10:30:00+09:00,J4,721,716,1437
2019-04-30T10:30:00+09:00,J5,418,476,894
2019-04-30T10:45:00+09:00,J1,577,740,1317
2019-04-30T10:45:00+09:00,J2,629,587,1216
2019-04-30T10:45:00+09:00,J3,696,749,1445
2019-04-30T10:45:00+09:00,J4,946,915,1861
2019-04-30T10:45:00+09:00,J5,584,688,1272
2019-04-30T11:00:00+09:00,J1,592,645,1237
2019-04-30T11:00:00+09:00,J2,590,476,1066
2019-04-30T11:00:00+09:00,J3,756,707,1463
2019-04-30T11:00:00+09:00,J4,804,792,1596
2019-04-30T11:00:00+09:00,J5,515,575,1090
2019-04-30T11:15:00+09:00,J1,736,777,1513
2019-04-30T11:15:00+09:00,J2,517,432,949
2019-04-30T11:15:00+09:00,J3,855,746,1601
2019-04-30T11:15:00+09:00,J4,726,773,1499
2019-04-30T11:15:00+09:00,J5,513,647,1160
2019-04-30T11:30:00+09:00,J1,793,787,1580
2019-04-30T11:30:00+09:00,J2,499,496,995
2019-04-30T11:30:00+09:00,J3,856,786,1642
2019-04-30T11:30:00+09:00,J4,775,832,1607
2019-04-30T11:30:00+09:00,J5,516,552,1068
2019-04-30T11:45:00+09:00,J1,720,767,1487
2019-04-30T11:45:00+09:00,J2,491,537,1028
2019-04-30T11:45:00+09:00,J3,802,844,1646
2019-04-30T11:45:00+09:00,J4,758,818,1576
2019-04-30T11:45:00+09:00,J5,497,472,969
2019-04-30T12:00:00+09:00,J1,745,743,1488
2019-04-30T12:00:00+09:00,J2,418,557,975
2019-04-30T12:00:00+09:00,J3,830,831,1661
2019-04-30T12:00:00+09:00,J4,786,755,1541
2019-04-30T12:00:00+09:00,J5,506,497,1003
2019-04-30T12:15:00+09:00,J1,660,660,1320
2019-04-30T12:15:00+09:00,J2,431,574,1005
2019-04-30T12:15:00+09:00,J3,754,778,1532
2019-04-30T12:15:00+09:00,J4,733,838,1571
2019-04-30T12:15:00+09:00,J5,486,470,956
2019-04-30T12:30:00+09:00,J1,711,696,1407
2019-04-30T12:30:00+09:00,J2,495,638,1133
2019-04-30T12:30:00+09:00,J3,797,809,1606
2019-04-30T12:30:00+09:00,J4,731,790,1521
2019-04-30T12:30:00+09:00,J5,517,450,967
2019-04-30T12:45:00+09:00,J1,672,682,1354
2019-04-30T12:45:00+09:00,J2,476,610,1086
2019-04-30T12:45:00+09:00,J3,766,853,1619
2019-04-30T12:45:00+09:00,J4,744,691,1435
2019-04-30T12:45:00+09:00,J5,446,420,866
2019-04-30T13:00:00+09:00,J1,704,693,1397
2019-04-30T13:00:00+09:00,J2,526,642,1168
2019-04-30T13:00:00+09:00,J3,763,836,1599
2019-04-30T13:00:00+09:00,J4,739,746,1485
2019-04-30T13:00:00+09:00,J5,426,419,845
2019-04-30T13:15:00+09:00,J1,732,791,1523
2019-04-30T13:15:00+09:00,J2,561,666,1227
2019-04-30T13:15:00+09:00,J3,837,831,1668
2019-04-30T13:15:00+09:00,J4,792,796,1588
2019-04-30T13:15:00+09:00,J5,453,436,889
2019-04-30T13:30:00+09:00,J1,761,844,1605
2019-04-30T13:30:00+09:00,J2,586,681,1267
2019-04-30T13:30:00+09:00,J3,950,925,1875
2019-04-30T13:30:00+09:00,J4,800,821,1621
2019-04-30T13:30:00+09:00,J5,411,369,780
2019-04-30T13:45:00+09:00,J1,830,800,1630
2019-04-30T13:45:00+09:00,J2,592,736,1328
2019-04-30T13:45:00+09:00,J3,842,916,1758
2019-04-30T13:45:00+09:00,J4,726,763,1489
2019-04-30T13:45:00+09:00,J5,468,445,913
2019-04-30T14:00:00+09:00,J1,785,793,1578
2019-04-30T14:00:00+09:00,J2,569,688,1257
2019-04-30T14:00:00+09:00,J3,852,864,1716
2019-04-30T14:00:00+09:00,J4,674,719,1393
2019-04-30T14:00:00+09:00,J5,496,457,953
2019-04-30T14:15:00+09:00,J1,853,894,1747
2019-04-30T14:15:00+09:00,J2,583,756,1339
2019-04-30T14:15:00+09:00,J3,823,809,1632
2019-04-30T14:15:00+09:00,J4,883,804,1687
2019-04-30T14:15:00+09:00,J5,463,437,900
2019-04-30T14:30:00+09:00,J1,796,953,1749
2019-04-30T14:30:00+09:00,J2,604,782,1386
2019-04-30T14:30:00+09:00,J3,796,911,1707
2019-04-30T14:30:00+09:00,J4,842,798,1640
2019-04-30T14:30:00+09:00,J5,470,430,900
2019-04-30T14:45:00+09:00,J1,828,968,1796
2019-04-30T14:45:00+09:00,J2,613,751,1364
2019-04-30T14:45:00+09:00,J3,856,794,1650
2019-04-30T14:45:00+09:00,J4,856,807,1663
2019-04-30T14:45:00+09:00,J5,481,423,904
2019-04-30T15:00:00+09:00,J1,868,989,1857
2019-04-30T15:00:00+09:00,J2,643,735,1378
2019-04-30T15:00:00+09:00,J3,846,793,1639
2019-04-30T15:00:00+09:00,J4,842,887,1729
2019-04-30T15:00:00+09:00,J5,511,489,1000
2019-04-30T15:15:00+09:00,J1,805,918,1723
2019-04-30T15:15:00+09:00,J2,680,770,1450
2019-04-30T15:15:00+09:00,J3,881,907,1788
2019-04-30T15:15:00+09:00,J4,931,948,1879
2019-04-30T15:15:00+09:00,J5,470,476,946
2019-04-30T15:30:00+09:00,J1,771,964,1735
2019-04-30T15:30:00+09:00,J2,681,725,1406
2019-04-30T15:30:00+09:00,J3,882,897,1779
2019-04-30T15:30:00+09:00,J4,955,885,1840
2019-04-30T15:30:00+09:00,J5,508,465,973
2019-04-30T15:45:00+09:00,J1,755,1016,1771
2019-04-30T15:45:00+09:00,J2,710,674,1384
2019-04-30T15:45:00+09:00,J3,935,944,1879
2019-04-30T15:45:00+09:00,J4,1001,940,1941
2019-04-30T15:45:00+09:00,J5,399,393,792
2019-04-30T16:00:00+09:00,J1,715,1000,1715
2019-04-30T16:00:00+09:00,J2,654,787,1441
2019-04-30T16:00:00+09:00,J3,1001,1000,2001
2019-04-30T16:00:00+09:00,J4,957,1023,1980
2019-04-30T16:00:00+09:00,J5,436,420,856
2019-04-30T16:15:00+09:00,J1,745,1023,1768
2019-04-30T16:15:00+09:00,J2,722,773,1495
2019-04-30T16:15:00+09:00,J3,955,913,1868
2019-04-30T16:15:00+09:00,J4,938,978,1916
2019-04-30T16:15:00+09:00,J5,524,426,950
2019-04-30T16:30:00+09:00,J1,774,1018,1792
2019-04-30T16:30:00+09:00,J2,693,782,1475
2019-04-30T16:30:00+09:00,J3,980,953,1933
2019-04-30T16:30:00+09:00,J4,954,931,1885
2019-04-30T16:30:00+09:00,J5,471,465,936
2019-04-30T16:45:00+09:00,J1,761,1003,1764
2019-04-30T16:45:00+09:00,J2,654,754,1408
2019-04-30T16:45:00+09:00,J3,888,937,1825
2019-04-30T16:45:00+09:00,J4,913,938,1851
2019-04-30T16:45:00+09:00,J5,488,431,919
2019-04-30T17:00:00+09:00,J1,913,967,1880
2019-04-30T17:00:00+09:00,J2,641,714,1355
2019-04-30T17:00:00+09:00,J3,917,901,1818
2019-04-30T17:00:00+09:00,J4,901,785,1686
2019-04-30T17:00:00+09:00,J5,436,431,867
2019-04-30T17:15:00+09:00,J1,840,1069,1909
2019-04-30T17:15:00+09:00,J2,680,755,1435
2019-04-30T17:15:00+09:00,J3,1001,940,1941
2019-04-30T17:15:00+09:00,J4,802,769,1571
2019-04-30T17:15:00+09:00,J5,463,397,860
2019-04-30T17:30:00+09:00,J1,1034,958,1992
2019-04-30T17:30:00+09:00,J2,614,737,1351
2019-04-30T17:30:00+09:00,J3,982,910,1892
2019-04-30T17:30:00+09:00,J4,921,790,1711
2019-04-30T17:30:00+09:00,J5,380,359,739
2019-04-30T17:45:00+09:00,J1,993,906,1899
2019-04-30T17:45:00+09:00,J2,595,719,1314
2019-04-30T17:45:00+09:00,J3,950,891,1841
2019-04-30T17:45:00+09:00,J4,894,721,1615
2019-04-30T17:45:00+09:00,J5,420,390,810
2019-04-30T18:00:00+09:00,J1,922,1100,2022
2019-04-30T18:00:00+09:00,J2,648,725,1373
2019-04-30T18:00:00+09:00,J3,984,782,1766
2019-04-30T18:00:00+09:00,J4,832,707,1539
2019-04-30T18:00:00+09:00,J5,503,447,950
2019-04-30T18:15:00+09:00,J1,874,887,1761
2019-04-30T18:15:00+09:00,J2,599,675,1274
2019-04-30T18:15:00+09:00,J3,910,699,1609
2019-04-30T18:15:00+09:00,J4,753,699,1452
2019-04-30T18:15:00+09:00,J5,501,455,956
2019-04-30T18:30:00+09:00,J1,857,896,1753
2019-04-30T18:30:00+09:00,J2,639,593,1232
2019-04-30T18:30:00+09:00,J3,834,715,1549
2019-04-30T18:30:00+09:00,J4,756,749,1505
2019-04-30T18:30:00+09:00,J5,474,435,909
2019-04-30T18:45:00+09:00,J1,887,887,1774
2019-04-30T18:45:00+09:00,J2,648,580,1228
2019-04-30T18:45:00+09:00,J3,739,697,1436
2019-04-30T18:45:00+09:00,J4,818,751,1569
2019-04-30T18:45:00+09:00,J5,456,430,886
2019-04-30T19:00:00+09:00,J1,806,827,1633
2019-04-30T19:00:00+09:00,J2,535,558,1093
2019-04-30T19:00:00+09:00,J3,754,676,1430
2019-04-30T19:00:00+09:00,J4,855,795,1650
2019-04-30T19:00:00+09:00,J5,463,437,900
2019-04-30T19:15:00+09:00,J1,831,924,1755
2019-04-30T19:15:00+09:00,J2,543,613,1156
2019-04-30T19:15:00+09:00,J3,797,671,1468
2019-04-30T19:15:00+09:00,J4,775,790,1565
2019-04-30T19:15:00+09:00,J5,521,521,1042
2019-04-30T19:30:00+09:00,J1,770,789,1559
2019-04-30T19:30:00+09:00,J2,543,504,1047
2019-04-30T19:30:00+09:00,J3,724,618,1342
2019-04-30T19:30:00+09:00,J4,755,794,1549
2019-04-30T19:30:00+09:00,J5,487,525,1012
2019-04-30T19:45:00+09:00,J1,734,775,1509
2019-04-30T19:45:00+09:00,J2,515,526,1041
2019-04-30T19:45:00+09:00,J3,651,596,1247
2019-04-30T19:45:00+09:00,J4,748,738,1486
2019-04-30T19:45:00+09:00,J5,456,470,926
2019-04-30T20:00:00+09:00,J1,790,791,1581
2019-04-30T20:00:00+09:00,J2,504,525,1029
2019-04-30T20:00:00+09:00,J3,742,660,1402
2019-04-30T20:00:00+09:00,J4,813,820,1633
2019-04-30T20:00:00+09:00,J5,480,478,958
2019-04-30T20:15:00+09:00,J1,775,804,1579
2019-04-30T20:15:00+09:00,J2,551,453,1004
2019-04-30T20:15:00+09:00,J3,671,616,1287
2019-04-30T20:15:00+09:00,J4,811,732,1543
2019-04-30T20:15:00+09:00,J5,486,535,1021
2019-04-30T20:30:00+09:00,J1,746,810,1556
2019-04-30T20:30:00+09:00,J2,563,487,1050
2019-04-30T20:30:00+09:00,J3,636,661,1297
2019-04-30T20:30:00+09:00,J4,728,730,1458
2019-04-30T20:30:00+09:00,J5,488,502,990
2019-04-30T20:45:00+09:00,J1,749,766,1515
2019-04-30T20:45:00+09:00,J2,566,491,1057
2019-04-30T20:45:00+09:00,J3,637,561,1198
2019-04-30T20:45:00+09:00,J4,805,828,1633
2019-04-30T20:45:00+09:00,J5,507,545,1052
2019-04-30T21:00:00+09:00,J1,840,809,1649
2019-04-30T21:00:00+09:00,J2,581,531,1112
2019-04-30T21:00:00+09:00,J3,683,591,1274
2019-04-30T21:00:00+09:00,J4,815,744,1559
2019-04-30T21:00:00+09:00,J5,565,598,1163
2019-04-30T21:15:00+09:00,J1,771,914,1685
2019-04-30T21:15:00+09:00,J2,535,464,999
2019-04-30T21:15:00+09:00,J3,685,645,1330
2019-04-30T21:15:00+09:00,J4,834,776,1610
2019-04-30T21:15:00+09:00,J5,595,632,1227
2019-04-30T21:30:00+09:00,J1,773,850,1623
2019-04-30T21:30:00+09:00,J2,536,507,1043
2019-04-30T21:30:00+09:00,J3,603,514,1117
2019-04-30T21:30:00+09:00,J4,825,776,1601
2019-04-30T21:30:00+09:00,J5,553,662,1215
2019-04-30T21:45:00+09:00,J1,703,788,1491
2019-04-30T21:45:00+09:00,J2,697,613,1310
2019-04-30T21:45:00+09:00,J3,571,502,1073
2019-04-30T21:45:00+09:00,J4,766,735,1501
2019-04-30T21:45:00+09:00,J5,573,645,1218
2019-04-30T22:00:00+09:00,J1,701,714,1415
2019-04-30T22:00:00+09:00,J2,728,531,1259
2019-04-30T22:00:00+09:00,J3,502,508,1010
2019-04-30T22:00:00+09:00,J4,857,774,1631
2019-04-30T22:00:00+09:00,J5,539,589,1128
2019-04-30T22:15:00+09:00,J1,652,775,1427
2019-04-30T22:15:00+09:00,J2,667,508,1175
2019-04-30T22:15:00+09:00,J3,514,485,999
2019-04-30T22:15:00+09:00,J4,816,811,1627
2019-04-30T22:15:00+09:00,J5,530,582,1112
2019-04-30T22:30:00+09:00,J1,619,663,1282
2019-04-30T22:30:00+09:00,J2,688,490,1178
2019-04-30T22:30:00+09:00,J3,486,492,978
2019-04-30T22:30:00+09:00,J4,786,828,1614
2019-04-30T22:30:00+09:00,J5,473,516,989
2019-04-30T22:45:00+09:00,J1,586,695,1281
2019-04-30T22:45:00+09:00,J2,610,552,1162
2019-04-30T22:45:00+09:00,J3,463,504,967
2019-04-30T22:45:00+09:00,J4,782,766,1548
2019-04-30T22:45:00+09:00,J5,421,400,821
2019-04-30T23:00:00+09:00,J1,535,663,1198
2019-04-30T23:00:00+09:00,J2,658,563,1221
2019-04-30T23:00:00+09:00,J3,450,465,915
2019-04-30T23:00:00+09:00,J4,851,754,1605
2019-04-30T23:00:00+09:00,J5,351,334,685
2019-04-30T23:15:00+09:00,J1,518,609,1127
2019-04-30T23:15:00+09:00,J2,626,596,1222
2019-04-30T23:15:00+09:00,J3,439,524,963
2019-04-30T23:15:00+09:00,J4,796,699,1495
2019-04-30T23:15:00+09:00,J5,342,348,690
2019-04-30T23:30:00+09:00,J1,521,540,1061
2019-04-30T23:30:00+09:00,J2,571,529,1100
2019-04-30T23:30:00+09:00,J3,427,527,954
2019-04-30T23:30:00+09:00,J4,746,712,1458
2019-04-30T23:30:00+09:00,J5,375,364,739
2019-04-30T23:45:00+09:00,J1,538,564,1102
2019-04-30T23:45:00+09:00,J2,547,528,1075
2019-04-30T23:45:00+09:00,J3,397,427,824
2019-04-30T23:45:00+09:00,J4,743,701,1444
2019-04-30T23:45:00+09:00,J5,389,354,743
2019-05-01T00:00:00+09:00,J1,483,513,996
2019-05-01T00:00:00+09:00,J2,507,426,933
2019-05-01T00:00:00+09:00,J3,448,441,889
2019-05-01T00:00:00+09:00,J4,765,675,1440
2019-05-01T00:00:00+09:00,J5,331,263,594
2019-05-01T00:15:00+09:00,J1,459,505,964
2019-05-01T00:15:00+09:00,J2,462,417,879
2019-05-01T00:15:00+09:00,J3,569,581,1150
2019-05-01T00:15:00+09:00,J4,549,535,1084
2019-05-01T00:15:00+09:00,J5,293,250,543
2019-05-01T00:30:00+09:00,J1,410,438,848
2019-05-01T00:30:00+09:00,J2,356,344,700
2019-05-01T00:30:00+09:00,J3,747,625,1372
2019-05-01T00:30:00+09:00,J4,340,352,692
2019-05-01T00:30:00+09:00,J5,227,230,457
2019-05-01T00:45:00+09:00,J1,412,417,829
2019-05-01T00:45:00+09:00,J2,402,318,720
2019-05-01T00:45:00+09:00,J3,716,638,1354
2019-05-01T00:45:00+09:00,J4,341,369,710
2019-05-01T00:45:00+09:00,J5,292,234,526
