日時,アレイ,札幌→大通り,大通り→札幌,合計
2019-03-01T05:45:00+09:00,J1,643,695,1338
2019-03-01T05:45:00+09:00,J2,737,732,1469
2019-03-01T05:45:00+09:00,J3,978,692,1670
2019-03-01T05:45:00+09:00,J4,549,585,1134
2019-03-01T05:45:00+09:00,J5,376,400,776
2019-03-01T06:00:00+09:00,J1,739,761,1500
2019-03-01T06:00:00+09:00,J2,758,737,1495
2019-03-01T06:00:00+09:00,J3,993,752,1745
2019-03-01T06:00:00+09:00,J4,587,651,1238
2019-03-01T06:00:00+09:00,J5,352,375,727
2019-03-01T06:15:00+09:00,J1,845,851,1696
2019-03-01T06:15:00+09:00,J2,763,693,1456
2019-03-01T06:15:00+09:00,J3,1081,903,1984
2019-03-01T06:15:00+09:00,J4,683,722,1405
2019-03-01T06:15:00+09:00,J5,368,375,743
2019-03-01T06:30:00+09:00,J1,940,926,1866
2019-03-01T06:30:00+09:00,J2,745,660,1405
2019-03-01T06:30:00+09:00,J3,996,758,1754
2019-03-01T06:30:00+09:00,J4,627,680,1307
2019-03-01T06:30:00+09:00,J5,382,417,799
2019-03-01T06:45:00+09:00,J1,963,955,1918
2019-03-01T06:45:00+09:00,J2,835,657,1492
2019-03-01T06:45:00+09:00,J3,997,908,1905
2019-03-01T06:45:00+09:00,J4,675,760,1435
2019-03-01T06:45:00+09:00,J5,407,449,856
2019-03-01T07:00:00+09:00,J1,910,921,1831
2019-03-01T07:00:00+09:00,J2,843,734,1577
2019-03-01T07:00:00+09:00,J3,1043,937,1980
2019-03-01T07:00:00+09:00,J4,771,766,1537
2019-03-01T07:00:00+09:00,J5,438,468,906
2019-03-01T07:15:00+09:00,J1,945,978,1923
2019-03-01T07:15:00+09:00,J2,872,754,1626
2019-03-01T07:15:00+09:00,J3,950,943,1893
2019-03-01T07:15:00+09:00,J4,705,884,1589
2019-03-01T07:15:00+09:00,J5,555,525,1080
2019-03-01T07:30:00+09:00,J1,1042,1022,2064
2019-03-01T07:30:00+09:00,J2,849,653,1502
2019-03-01T07:30:00+09:00,J3,1225,1119,2344
2019-03-01T07:30:00+09:00,J4,810,949,1759
2019-03-01T07:30:00+09:00,J5,665,641,1306
2019-03-01T07:45:00+09:00,J1,1189,1251,2440
2019-03-01T07:45:00+09:00,J2,760,591,1351
2019-03-01T07:45:00+09:00,J3,1233,1117,2350
2019-03-01T07:45:00+09:00,J4,819,1073,1892
2019-03-01T07:45:00+09:00,J5,699,684,1383
2019-03-01T08:00:00+09:00,J1,1257,1252,2509
2019-03-01T08:00:00+09:00,J2,938,721,1659
2019-03-01T08:00:00+09:00,J3,1369,1241,2610
2019-03-01T08:00:00+09:00,J4,983,1132,2115
2019-03-01T08:00:00+09:00,J5,656,765,1421
2019-03-01T08:15:00+09:00,J1,1430,1252,2682
2019-03-01T08:15:00+09:00,J2,1168,937,2105
2019-03-01T08:15:00+09:00,J3,1459,1354,2813
2019-03-01T08:15:00+09:00,J4,998,1148,2146
2019-03-01T08:15:00+09:00,J5,732,758,1490
2019-03-01T08:30:00+09:00,J1,1427,1319,2746
2019-03-01T08:30:00+09:00,J2,1148,717,1865
2019-03-01T08:30:00+09:00,J3,1332,1375,2707
2019-03-01T08:30:00+09:00,J4,947,1111,2058
2019-03-01T08:30:00+09:00,J5,701,735,1436
2019-03-01T08:45:00+09:00,J1,1306,1251,2557
2019-03-01T08:45:00+09:00,J2,788,600,1388
2019-03-01T08:45:00+09:00,J3,1142,1130,2272
2019-03-01T08:45:00+09:00,J4,918,987,1905
2019-03-01T08:45:00+09:00,J5,524,510,1034
2019-03-01T09:00:00+09:00,J1,1285,1258,2543
2019-03-01T09:00:00+09:00,J2,678,705,1383
2019-03-01T09:00:00+09:00,J3,1045,921,1966
2019-03-01T09:00:00+09:00,J4,798,848,1646
2019-03-01T09:00:00+09:00,J5,486,515,1001
2019-03-01T09:15:00+09:00,J1,1186,1047,2233
2019-03-01T09:15:00+09:00,J2,776,630,1406
2019-03-01T09:15:00+09:00,J3,992,977,1969
2019-03-01T09:15:00+09:00,J4,853,987,1840
2019-03-01T09:15:00+09:00,J5,529,500,1029
2019-03-01T09:30:00+09:00,J1,1214,1183,2397
2019-03-01T09:30:00+09:00,J2,728,691,1419
2019-03-01T09:30:00+09:00,J3,1035,965,2000
2019-03-01T09:30:00+09:00,J4,940,899,1839
2019-03-01T09:30:00+09:00,J5,586,502,1088
2019-03-01T09:45:00+09:00,J1,1190,1183,2373
2019-03-01T09:45:00+09:00,J2,747,664,1411
2019-03-01T09:45:00+09:00,J3,1043,1053,2096
2019-03-01T09:45:00+09:00,J4,877,813,1690
2019-03-01T09:45:00+09:00,J5,490,482,972
2019-03-01T10:00:00+09:00,J1,1222,1267,2489
2019-03-01T10:00:00+09:00,J2,643,677,1320
2019-03-01T10:00:00+09:00,J3,1024,1028,2052
2019-03-01T10:00:00+09:00,J4,924,860,1784
2019-03-01T10:00:00+09:00,J5,469,473,942
2019-03-01T10:15:00+09:00,J1,1079,1156,2235
2019-03-01T10:15:00+09:00,J2,763,678,1441
2019-03-01T10:15:00+09:00,J3,1038,988,2026
2019-03-01T10:15:00+09:00,J4,830,815,1645
2019-03-01T10:15:00+09:00,J5,500,514,1014
2019-03-01T10:30:00+09:00,J1,1163,1216,2379
2019-03-01T10:30:00+09:00,J2,816,713,1529
2019-03-01T10:30:00+09:00,J3,1065,1022,2087
2019-03-01T10:30:00+09:00,J4,883,892,1775
2019-03-01T10:30:00+09:00,J5,514,464,978
2019-03-01T10:45:00+09:00,J1,1177,1261,2438
2019-03-01T10:45:00+09:00,J2,786,690,1476
2019-03-01T10:45:00+09:00,J3,1022,951,1973
2019-03-01T10:45:00+09:00,J4,1013,876,1889
2019-03-01T10:45:00+09:00,J5,487,455,942
2019-03-01T11:00:00+09:00,J1,1209,1276,2485
2019-03-01T11:00:00+09:00,J2,763,773,1536
2019-03-01T11:00:00+09:00,J3,940,1037,1977
2019-03-01T11:00:00+09:00,J4,931,909,1840
2019-03-01T11:00:00+09:00,J5,449,441,890
2019-03-01T11:15:00+09:00,J1,1184,1271,2455
2019-03-01T11:15:00+09:00,J2,702,791,1493
2019-03-01T11:15:00+09:00,J3,1237,1057,2294
2019-03-01T11:15:00+09:00,J4,924,927,1851
2019-03-01T11:15:00+09:00,J5,570,612,1182
2019-03-01T11:30:00+09:00,J1,1241,1336,2577
2019-03-01T11:30:00+09:00,J2,760,753,1513
2019-03-01T11:30:00+09:00,J3,1303,1168,2471
2019-03-01T11:30:00+09:00,J4,899,873,1772
2019-03-01T11:30:00+09:00,J5,713,703,1416
2019-03-01T11:45:00+09:00,J1,1306,1369,2675
2019-03-01T11:45:00+09:00,J2,829,792,1621
2019-03-01T11:45:00+09:00,J3,1174,1235,2409
2019-03-01T11:45:00+09:00,J4,803,880,1683
2019-03-01T11:45:00+09:00,J5,752,744,1496
2019-03-01T12:00:00+09:00,J1,1125,1413,2538
2019-03-01T12:00:00+09:00,J2,885,808,1693
2019-03-01T12:00:00+09:00,J3,1241,1214,2455
2019-03-01T12:00:00+09:00,J4,814,962,1776
2019-03-01T12:00:00+09:00,J5,700,726,1426
2019-03-01T12:15:00+09:00,J1,1141,1297,2438
2019-03-01T12:15:00+09:00,J2,797,755,1552
2019-03-01T12:15:00+09:00,J3,1191,1058,2249
2019-03-01T12:15:00+09:00,J4,741,898,1639
2019-03-01T12:15:00+09:00,J5,719,737,1456
2019-03-01T12:30:00+09:00,J1,1028,1328,2356
2019-03-01T12:30:00+09:00,J2,821,828,1649
2019-03-01T12:30:00+09:00,J3,1141,1033,2174
2019-03-01T12:30:00+09:00,J4,785,951,1736
2019-03-01T12:30:00+09:00,J5,689,695,1384
2019-03-01T12:45:00+09:00,J1,1026,1203,2229
2019-03-01T12:45:00+09:00,J2,862,796,1658
2019-03-01T12:45:00+09:00,J3,1173,913,2086
2019-03-01T12:45:00+09:00,J4,805,916,1721
2019-03-01T12:45:00+09:00,J5,703,669,1372
2019-03-01T13:00:00+09:00,J1,1059,1262,2321
2019-03-01T13:00:00+09:00,J2,787,870,1657
2019-03-01T13:00:00+09:00,J3,1042,838,1880
2019-03-01T13:00:00+09:00,J4,751,897,1648
2019-03-01T13:00:00+09:00,J5,661,671,1332
2019-03-01T13:15:00+09:00,J1,1168,1216,2384
2019-03-01T13:15:00+09:00,J2,855,779,1634
2019-03-01T13:15:00+09:00,J3,1083,854,1937
2019-03-01T13:15:00+09:00,J4,799,827,1626
2019-03-01T13:15:00+09:00,J5,705,661,1366
2019-03-01T13:30:00+09:00,J1,1088,1291,2379
2019-03-01T13:30:00+09:00,J2,858,756,1614
2019-03-01T13:30:00+09:00,J3,1033,907,1940
2019-03-01T13:30:00+09:00,J4,791,792,1583
2019-03-01T13:30:00+09:00,J5,716,670,1386
2019-03-01T13:45:00+09:00,J1,1122,1254,2376
2019-03-01T13:45:00+09:00,J2,802,836,1638
2019-03-01T13:45:00+09:00,J3,1065,922,1987
2019-03-01T13:45:00+09:00,J4,721,754,1475
2019-03-01T13:45:00+09:00,J5,666,664,1330
2019-03-01T14:00:00+09:00,J1,1102,1297,2399
2019-03-01T14:00:00+09:00,J2,880,825,1705
2019-03-01T14:00:00+09:00,J3,1056,881,1937
2019-03-01T14:00:00+09:00,J4,767,759,1526
2019-03-01T14:00:00+09:00,J5,682,647,1329
2019-03-01T14:15:00+09:00,J1,1026,1239,2265
2019-03-01T14:15:00+09:00,J2,904,777,1681
2019-03-01T14:15:00+09:00,J3,1073,855,1928
2019-03-01T14:15:00+09:00,J4,772,814,1586
2019-03-01T14:15:00+09:00,J5,619,687,1306
2019-03-01T14:30:00+09:00,J1,1063,1208,2271
2019-03-01T14:30:00+09:00,J2,825,725,1550
2019-03-01T14:30:00+09:00,J3,1196,931,2127
2019-03-01T14:30:00+09:00,J4,765,777,1542
2019-03-01T14:30:00+09:00,J5,624,584,1208
2019-03-01T14:45:00+09:00,J1,1041,1268,2309
2019-03-01T14:45:00+09:00,J2,848,780,1628
2019-03-01T14:45:00+09:00,J3,1130,882,2012
2019-03-01T14:45:00+09:00,J4,714,803,1517
2019-03-01T14:45:00+09:00,J5,681,671,1352
2019-03-01T15:00:00+09:00,J1,1127,1291,2418
2019-03-01T15:00:00+09:00,J2,773,832,1605
2019-03-01T15:00:00+09:00,J3,1055,851,1906
2019-03-01T15:00:00+09:00,J4,799,777,1576
2019-03-01T15:00:00+09:00,J5,683,639,1322
2019-03-01T15:15:00+09:00,J1,1061,1286,2347
2019-03-01T15:15:00+09:00,J2,854,794,1648
2019-03-01T15:15:00+09:00,J3,1143,857,2000
2019-03-01T15:15:00+09:00,J4,794,826,1620
2019-03-01T15:15:00+09:00,J5,708,695,1403
2019-03-01T15:30:00+09:00,J1,1090,1295,2385
2019-03-01T15:30:00+09:00,J2,834,769,1603
2019-03-01T15:30:00+09:00,J3,1048,885,1933
2019-03-01T15:30:00+09:00,J4,808,809,1617
2019-03-01T15:30:00+09:00,J5,704,645,1349
2019-03-01T15:45:00+09:00,J1,1025,1300,2325
2019-03-01T15:45:00+09:00,J2,778,727,1505
2019-03-01T15:45:00+09:00,J3,1043,878,1921
2019-03-01T15:45:00+09:00,J4,804,766,1570
2019-03-01T15:45:00+09:00,J5,681,696,1377
2019-03-01T16:00:00+09:00,J1,1085,1329,2414
2019-03-01T16:00:00+09:00,J2,793,710,1503
2019-03-01T16:00:00+09:00,J3,1074,854,1928
2019-03-01T16:00:00+09:00,J4,794,868,1662
2019-03-01T16:00:00+09:00,J5,664,732,1396
2019-03-01T16:15:00+09:00,J1,1074,1283,2357
2019-03-01T16:15:00+09:00,J2,814,777,1591
2019-03-01T16:15:00+09:00,J3,1048,909,1957
2019-03-01T16:15:00+09:00,J4,800,850,1650
2019-03-01T16:15:00+09:00,J5,696,694,1390
2019-03-01T16:30:00+09:00,J1,1038,1242,2280
2019-03-01T16:30:00+09:00,J2,801,687,1488
2019-03-01T16:30:00+09:00,J3,1007,816,1823
2019-03-01T16:30:00+09:00,J4,897,810,1707
2019-03-01T16:30:00+09:00,J5,684,635,1319
2019-03-01T16:45:00+09:00,J1,1030,1140,2170
2019-03-01T16:45:00+09:00,J2,825,710,1535
2019-03-01T16:45:00+09:00,J3,978,855,1833
2019-03-01T16:45:00+09:00,J4,821,787,1608
2019-03-01T16:45:00+09:00,J5,654,690,1344
2019-03-01T17:00:00+09:00,J1,1146,1296,2442
2019-03-01T17:00:00+09:00,J2,886,757,1643
2019-03-01T17:00:00+09:00,J3,1303,1013,2316
2019-03-01T17:00:00+09:00,J4,956,864,1820
2019-03-01T17:00:00+09:00,J5,648,675,1323
2019-03-01T17:15:00+09:00,J1,1172,1341,2513
2019-03-01T17:15:00+09:00,J2,958,846,1804
2019-03-01T17:15:00+09:00,J3,1381,1114,2495
2019-03-01T17:15:00+09:00,J4,1075,890,1965
2019-03-01T17:15:00+09:00,J5,703,735,1438
2019-03-01T17:30:00+09:00,J1,1273,1434,2707
2019-03-01T17:30:00+09:00,J2,1119,941,2060
2019-03-01T17:30:00+09:00,J3,1403,1095,2498
2019-03-01T17:30:00+09:00,J4,1132,960,2092
2019-03-01T17:30:00+09:00,J5,706,719,1425
2019-03-01T17:45:00+09:00,J1,1317,1510,2827
2019-03-01T17:45:00+09:00,J2,1036,924,1960
2019-03-01T17:45:00+09:00,J3,1390,1149,2539
2019-03-01T17:45:00+09:00,J4,1214,1013,2227
2019-03-01T17:45:00+09:00,J5,697,762,1459
2019-03-01T18:00:00+09:00,J1,1340,1497,2837
2019-03-01T18:00:00+09:00,J2,1085,823,1908
2019-03-01T18:00:00+09:00,J3,1497,1140,2637
2019-03-01T18:00:00+09:00,J4,1291,1002,2293
2019-03-01T18:00:00+09:00,J5,686,731,1417
2019-03-01T18:15:00+09:00,J1,1270,1349,2619
2019-03-01T18:15:00+09:00,J2,918,969,1887
2019-03-01T18:15:00+09:00,J3,1466,1169,2635
2019-03-01T18:15:00+09:00,J4,1151,965,2116
2019-03-01T18:15:00+09:00,J5,613,694,1307
2019-03-01T18:30:00+09:00,J1,1267,1385,2652
2019-03-01T18:30:00+09:00,J2,908,843,1751
2019-03-01T18:30:00+09:00,J3,1379,973,2352
2019-03-01T18:30:00+09:00,J4,927,759,1686
2019-03-01T18:30:00+09:00,J5,558,646,1204
2019-03-01T18:45:00+09:00,J1,1235,1344,2579
2019-03-01T18:45:00+09:00,J2,864,814,1678
2019-03-01T18:45:00+09:00,J3,1280,947,2227
2019-03-01T18:45:00+09:00,J4,833,681,1514
2019-03-01T18:45:00+09:00,J5,536,534,1070
2019-03-01T19:00:00+09:00,J1,1092,1245,2337
2019-03-01T19:00:00+09:00,J2,729,708,1437
2019-03-01T19:00:00+09:00,J3,1191,1014,2205
2019-03-01T19:00:00+09:00,J4,824,725,1549
2019-03-01T19:00:00+09:00,J5,515,552,1067
2019-03-01T19:15:00+09:00,J1,1150,1310,2460
2019-03-01T19:15:00+09:00,J2,730,730,1460
2019-03-01T19:15:00+09:00,J3,1259,1023,2282
2019-03-01T19:15:00+09:00,J4,838,684,1522
2019-03-01T19:15:00+09:00,J5,565,525,1090
2019-03-01T19:30:00+09:00,J1,1173,1305,2478
2019-03-01T19:30:00+09:00,J2,666,664,1330
2019-03-01T19:30:00+09:00,J3,1204,974,2178
2019-03-01T19:30:00+09:00,J4,862,828,1690
2019-03-01T19:30:00+09:00,J5,476,525,1001
2019-03-01T19:45:00+09:00,J1,1088,1326,2414
2019-03-01T19:45:00+09:00,J2,584,696,1280
2019-03-01T19:45:00+09:00,J3,1086,962,2048
2019-03-01T19:45:00+09:00,J4,812,875,1687
2019-03-01T19:45:00+09:00,J5,500,499,999
2019-03-01T20:00:00+09:00,J1,1014,1312,2326
2019-03-01T20:00:00+09:00,J2,760,756,1516
2019-03-01T20:00:00+09:00,J3,1115,891,2006
2019-03-01T20:00:00+09:00,J4,751,836,1587
2019-03-01T20:00:00+09:00,J5,510,463,973
2019-03-01T20:15:00+09:00,J1,1064,1318,2382
2019-03-01T20:15:00+09:00,J2,586,628,1214
2019-03-01T20:15:00+09:00,J3,1224,904,2128
2019-03-01T20:15:00+09:00,J4,754,894,1648
2019-03-01T20:15:00+09:00,J5,498,520,1018
2019-03-01T20:30:00+09:00,J1,1077,1234,2311
2019-03-01T20:30:00+09:00,J2,707,640,1347
2019-03-01T20:30:00+09:00,J3,1123,947,2070
2019-03-01T20:30:00+09:00,J4,779,913,1692
2019-03-01T20:30:00+09:00,J5,537,496,1033
2019-03-01T20:45:00+09:00,J1,1046,1183,2229
2019-03-01T20:45:00+09:00,J2,717,586,1303
2019-03-01T20:45:00+09:00,J3,1028,827,1855
2019-03-01T20:45:00+09:00,J4,824,848,1672
2019-03-01T20:45:00+09:00,J5,527,454,981
2019-03-01T21:00:00+09:00,J1,1017,1198,2215
2019-03-01T21:00:00+09:00,J2,794,668,1462
2019-03-01T21:00:00+09:00,J3,1027,908,1935
2019-03-01T21:00:00+09:00,J4,776,825,1601
2019-03-01T21:00:00+09:00,J5,481,435,916
2019-03-01T21:15:00+09:00,J1,1027,1253,2280
2019-03-01T21:15:00+09:00,J2,830,710,1540
2019-03-01T21:15:00+09:00,J3,935,935,1870
2019-03-01T21:15:00+09:00,J4,846,877,1723
2019-03-01T21:15:00+09:00,J5,507,491,998
2019-03-01T21:30:00+09:00,J1,1043,1223,2266
2019-03-01T21:30:00+09:00,J2,679,709,1388
2019-03-01T21:30:00+09:00,J3,961,904,1865
2019-03-01T21:30:00+09:00,J4,863,799,1662
2019-03-01T21:30:00+09:00,J5,535,477,1012
2019-03-01T21:45:00+09:00,J1,1045,1157,2202
2019-03-01T21:45:00+09:00,J2,631,657,1288
2019-03-01T21:45:00+09:00,J3,996,907,1903
2019-03-01T21:45:00+09:00,J4,861,767,1628
2019-03-01T21:45:00+09:00,J5,530,484,1014
2019-03-01T22:00:00+09:00,J1,987,1228,2215
2019-03-01T22:00:00+09:00,J2,619,639,1258
2019-03-01T22:00:00+09:00,J3,1013,852,1865
2019-03-01T22:00:00+09:00,J4,850,835,1685
2019-03-01T22:00:00+09:00,J5,501,439,940
2019-03-01T22:15:00+09:00,J1,974,1148,2122
2019-03-01T22:15:00+09:00,J2,560,692,1252
2019-03-01T22:15:00+09:00,J3,1102,807,1909
2019-03-01T22:15:00+09:00,J4,841,820,1661
2019-03-01T22:15:00+09:00,J5,484,483,967
2019-03-01T22:30:00+09:00,J1,1012,1109,2121
2019-03-01T22:30:00+09:00,J2,532,628,1160
2019-03-01T22:30:00+09:00,J3,1071,858,1929
2019-03-01T22:30:00+09:00,J4,844,795,1639
2019-03-01T22:30:00+09:00,J5,468,470,938
2019-03-01T22:45:00+09:00,J1,890,1064,1954
2019-03-01T22:45:00+09:00,J2,462,654,1116
2019-03-01T22:45:00+09:00,J3,1067,808,1875
2019-03-01T22:45:00+09:00,J4,972,800,1772
2019-03-01T22:45:00+09:00,J5,418,407,825
2019-03-01T23:00:00+09:00,J1,937,1095,2032
2019-03-01T23:00:00+09:00,J2,495,678,1173
2019-03-01T23:00:00+09:00,J3,1005,793,1798
2019-03-01T23:00:00+09:00,J4,980,784,1764
2019-03-01T23:00:00+09:00,J5,403,437,840
2019-03-01T23:15:00+09:00,J1,891,958,1849
2019-03-01T23:15:00+09:00,J2,533,686,1219
2019-03-01T23:15:00+09:00,J3,946,752,1698
2019-03-01T23:15:00+09:00,J4,881,825,1706
2019-03-01T23:15:00+09:00,J5,426,455,881
2019-03-01T23:30:00+09:00,J1,715,898,1613
2019-03-01T23:30:00+09:00,J2,475,702,1177
2019-03-01T23:30:00+09:00,J3,918,701,1619
2019-03-01T23:30:00+09:00,J4,932,850,1782
2019-03-01T23:30:00+09:00,J5,450,490,940
2019-03-01T23:45:00+09:00,J1,812,947,1759
2019-03-01T23:45:00+09:00,J2,443,615,1058
2019-03-01T23:45:00+09:00,J3,787,688,1475
2019-03-01T23:45:00+09:00,J4,884,707,1591
2019-03-01T23:45:00+09:00,J5,444,447,891
2019-03-02T00:00:00+09:00,J1,701,660,1361
2019-03-02T00:00:00+09:00,J2,438,506,944
2019-03-02T00:00:00+09:00,J3,617,500,1117
2019-03-02T00:00:00+09:00,J4,945,701,1646
2019-03-02T00:00:00+09:00,J5,442,500,942
2019-03-02T00:15:00+09:00,J1,419,403,822
2019-03-02T00:15:00+09:00,J2,429,493,922
2019-03-02T00:15:00+09:00,J3,542,455,997
2019-03-02T00:15:00+09:00,J4,810,661,1471
2019-03-02T00:15:00+09:00,J5,580,504,1084
2019-03-02T00:30:00+09:00,J1,388,353,741
2019-03-02T00:30:00+09:00,J2,358,433,791
2019-03-02T00:30:00+09:00,J3,529,449,978
2019-03-02T00:30:00+09:00,J4,834,739,1573
2019-03-02T00:30:00+09:00,J5,558,497,1055
2019-03-02T00:45:00+09:00,J1,409,327,736
2019-03-02T00:45:00+09:00,J2,383,449,832
2019-03-02T00:45:00+09:00,J3,506,482,988
2019-03-02T00:45:00+09:00,J4,884,762,1646
2019-03-02T00:45:00+09:00,J5,492,476,968
2019-03-02T05:45:00+09:00,J1,760,822,1582
2019-03-02T05:45:00+09:00,J2,674,624,1298
2019-03-02T05:45:00+09:00,J3,966,819,1785
2019-03-02T05:45:00+09:00,J4,541,663,1204
2019-03-02T05:45:00+09:00,J5,403,442,845
2019-03-02T06:00:00+09:00,J1,768,796,1564
2019-03-02T06:00:00+09:00,J2,746,563,1309
2019-03-02T06:00:00+09:00,J3,967,832,1799
2019-03-02T06:00:00+09:00,J4,661,748,1409
2019-03-02T06:00:00+09:00,J5,449,542,991
2019-03-02T06:15:00+09:00,J1,979,995,1974
2019-03-02T06:15:00+09:00,J2,681,578,1259
2019-03-02T06:15:00+09:00,J3,942,874,1816
2019-03-02T06:15:00+09:00,J4,679,708,1387
2019-03-02T06:15:00+09:00,J5,544,555,1099
2019-03-02T06:30:00+09:00,J1,981,926,1907
2019-03-02T06:30:00+09:00,J2,672,549,1221
2019-03-02T06:30:00+09:00,J3,894,852,1746
2019-03-02T06:30:00+09:00,J4,643,733,1376
2019-03-02T06:30:00+09:00,J5,512,498,1010
2019-03-02T06:45:00+09:00,J1,967,980,1947
2019-03-02T06:45:00+09:00,J2,770,636,1406
2019-03-02T06:45:00+09:00,J3,919,861,1780
2019-03-02T06:45:00+09:00,J4,666,718,1384
2019-03-02T06:45:00+09:00,J5,459,503,962
2019-03-02T07:00:00+09:00,J1,1004,1148,2152
2019-03-02T07:00:00+09:00,J2,791,716,1507
2019-03-02T07:00:00+09:00,J3,991,807,1798
2019-03-02T07:00:00+09:00,J4,654,789,1443
2019-03-02T07:00:00+09:00,J5,434,490,924
2019-03-02T07:15:00+09:00,J1,1011,1056,2067
2019-03-02T07:15:00+09:00,J2,858,666,1524
2019-03-02T07:15:00+09:00,J3,917,865,1782
2019-03-02T07:15:00+09:00,J4,718,798,1516
2019-03-02T07:15:00+09:00,J5,497,505,1002
2019-03-02T07:30:00+09:00,J1,1051,1104,2155
2019-03-02T07:30:00+09:00,J2,747,698,1445
2019-03-02T07:30:00+09:00,J3,907,846,1753
2019-03-02T07:30:00+09:00,J4,707,757,1464
2019-03-02T07:30:00+09:00,J5,507,544,1051
2019-03-02T07:45:00+09:00,J1,1010,1029,2039
2019-03-02T07:45:00+09:00,J2,757,682,1439
2019-03-02T07:45:00+09:00,J3,992,876,1868
2019-03-02T07:45:00+09:00,J4,775,812,1587
2019-03-02T07:45:00+09:00,J5,580,566,1146
2019-03-02T08:00:00+09:00,J1,1250,1322,2572
2019-03-02T08:00:00+09:00,J2,789,735,1524
2019-03-02T08:00:00+09:00,J3,1140,1038,2178
2019-03-02T08:00:00+09:00,J4,812,870,1682
2019-03-02T08:00:00+09:00,J5,627,608,1235
2019-03-02T08:15:00+09:00,J1,1307,1304,2611
2019-03-02T08:15:00+09:00,J2,772,650,1422
2019-03-02T08:15:00+09:00,J3,1172,1044,2216
2019-03-02T08:15:00+09:00,J4,856,879,1735
2019-03-02T08:15:00+09:00,J5,661,666,1327
2019-03-02T08:30:00+09:00,J1,1223,1351,2574
2019-03-02T08:30:00+09:00,J2,815,735,1550
2019-03-02T08:30:00+09:00,J3,1353,1073,2426
2019-03-02T08:30:00+09:00,J4,898,981,1879
2019-03-02T08:30:00+09:00,J5,631,678,1309
2019-03-02T08:45:00+09:00,J1,1282,1295,2577
2019-03-02T08:45:00+09:00,J2,835,678,1513
2019-03-02T08:45:00+09:00,J3,1307,1137,2444
2019-03-02T08:45:00+09:00,J4,845,856,1701
2019-03-02T08:45:00+09:00,J5,601,565,1166
2019-03-02T09:00:00+09:00,J1,1211,1196,2407
2019-03-02T09:00:00+09:00,J2,774,674,1448
2019-03-02T09:00:00+09:00,J3,930,812,1742
2019-03-02T09:00:00+09:00,J4,897,811,1708
2019-03-02T09:00:00+09:00,J5,450,423,873
2019-03-02T09:15:00+09:00,J1,1216,1132,2348
2019-03-02T09:15:00+09:00,J2,698,683,1381
2019-03-02T09:15:00+09:00,J3,880,907,1787
2019-03-02T09:15:00+09:00,J4,832,836,1668
2019-03-02T09:15:00+09:00,J5,502,521,1023
2019-03-02T09:30:00+09:00,J1,1150,1177,2327
2019-03-02T09:30:00+09:00,J2,770,693,1463
2019-03-02T09:30:00+09:00,J3,978,974,1952
2019-03-02T09:30:00+09:00,J4,933,867,1800
2019-03-02T09:30:00+09:00,J5,492,507,999
2019-03-02T09:45:00+09:00,J1,1190,1265,2455
2019-03-02T09:45:00+09:00,J2,772,706,1478
2019-03-02T09:45:00+09:00,J3,1055,973,2028
2019-03-02T09:45:00+09:00,J4,934,889,1823
2019-03-02T09:45:00+09:00,J5,484,490,974
2019-03-02T10:00:00+09:00,J1,1147,1167,2314
2019-03-02T10:00:00+09:00,J2,713,686,1399
2019-03-02T10:00:00+09:00,J3,941,916,1857
2019-03-02T10:00:00+09:00,J4,954,903,1857
2019-03-02T10:00:00+09:00,J5,505,479,984
2019-03-02T10:15:00+09:00,J1,1130,1160,2290
2019-03-02T10:15:00+09:00,J2,772,678,1450
2019-03-02T10:15:00+09:00,J3,1070,1011,2081
2019-03-02T10:15:00+09:00,J4,1024,917,1941
2019-03-02T10:15:00+09:00,J5,472,502,974
2019-03-02T10:30:00+09:00,J1,1101,1199,2300
2019-03-02T10:30:00+09:00,J2,701,747,1448
2019-03-02T10:30:00+09:00,J3,1049,1055,2104
2019-03-02T10:30:00+09:00,J4,998,899,1897
2019-03-02T10:30:00+09:00,J5,562,497,1059
2019-03-02T10:45:00+09:00,J1,1096,1253,2349
2019-03-02T10:45:00+09:00,J2,723,770,1493
2019-03-02T10:45:00+09:00,J3,1060,1021,2081
2019-03-02T10:45:00+09:00,J4,1055,957,2012
2019-03-02T10:45:00+09:00,J5,536,490,1026
2019-03-02T11:00:00+09:00,J1,1169,1248,2417
2019-03-02T11:00:00+09:00,J2,748,878,1626
2019-03-02T11:00:00+09:00,J3,1286,1101,2387
2019-03-02T11:00:00+09:00,J4,1030,959,1989
2019-03-02T11:00:00+09:00,J5,611,590,1201
2019-03-02T11:15:00+09:00,J1,1198,1286,2484
2019-03-02T11:15:00+09:00,J2,828,880,1708
2019-03-02T11:15:00+09:00,J3,1301,1187,2488
2019-03-02T11:15:00+09:00,J4,957,938,1895
2019-03-02T11:15:00+09:00,J5,696,686,1382
2019-03-02T11:30:00+09:00,J1,1162,1311,2473
2019-03-02T11:30:00+09:00,J2,898,903,1801
2019-03-02T11:30:00+09:00,J3,1274,1217,2491
2019-03-02T11:30:00+09:00,J4,964,851,1815
2019-03-02T11:30:00+09:00,J5,738,659,1397
2019-03-02T11:45:00+09:00,J1,1135,1292,2427
2019-03-02T11:45:00+09:00,J2,969,851,1820
2019-03-02T11:45:00+09:00,J3,1240,1168,2408
2019-03-02T11:45:00+09:00,J4,1020,884,1904
2019-03-02T11:45:00+09:00,J5,701,712,1413
2019-03-02T12:00:00+09:00,J1,1163,1369,2532
2019-03-02T12:00:00+09:00,J2,949,805,1754
2019-03-02T12:00:00+09:00,J3,1146,1163,2309
2019-03-02T12:00:00+09:00,J4,1047,947,1994
2019-03-02T12:00:00+09:00,J5,706,669,1375
2019-03-02T12:15:00+09:00,J1,1227,1388,2615
2019-03-02T12:15:00+09:00,J2,979,819,1798
2019-03-02T12:15:00+09:00,J3,1189,1080,2269
2019-03-02T12:15:00+09:00,J4,975,959,1934
2019-03-02T12:15:00+09:00,J5,630,603,1233
2019-03-02T12:30:00+09:00,J1,1150,1329,2479
2019-03-02T12:30:00+09:00,J2,962,899,1861
2019-03-02T12:30:00+09:00,J3,1073,937,2010
2019-03-02T12:30:00+09:00,J4,947,953,1900
2019-03-02T12:30:00+09:00,J5,611,590,1201
2019-03-02T12:45:00+09:00,J1,1190,1375,2565
2019-03-02T12:45:00+09:00,J2,885,945,1830
2019-03-02T12:45:00+09:00,J3,1053,932,1985
2019-03-02T12:45:00+09:00,J4,864,968,1832
2019-03-02T12:45:00+09:00,J5,509,580,1089
2019-03-02T13:00:00+09:00,J1,1139,1375,2514
2019-03-02T13:00:00+09:00,J2,910,956,1866
2019-03-02T13:00:00+09:00,J3,1046,923,1969
2019-03-02T13:00:00+09:00,J4,859,934,1793
2019-03-02T13:00:00+09:00,J5,552,565,1117
2019-03-02T13:15:00+09:00,J1,1157,1329,2486
2019-03-02T13:15:00+09:00,J2,901,970,1871
2019-03-02T13:15:00+09:00,J3,1037,1025,2062
2019-03-02T13:15:00+09:00,J4,848,953,1801
2019-03-02T13:15:00+09:00,J5,479,519,998
2019-03-02T13:30:00+09:00,J1,1080,1449,2529
2019-03-02T13:30:00+09:00,J2,832,969,1801
2019-03-02T13:30:00+09:00,J3,1040,1070,2110
2019-03-02T13:30:00+09:00,J4,884,967,1851
2019-03-02T13:30:00+09:00,J5,486,529,1015
2019-03-02T13:45:00+09:00,J1,1096,1323,2419
2019-03-02T13:45:00+09:00,J2,906,929,1835
2019-03-02T13:45:00+09:00,J3,1043,1106,2149
2019-03-02T13:45:00+09:00,J4,801,987,1788
2019-03-02T13:45:00+09:00,J5,489,499,988
2019-03-02T14:00:00+09:00,J1,1135,1320,2455
2019-03-02T14:00:00+09:00,J2,793,971,1764
2019-03-02T14:00:00+09:00,J3,1037,1114,2151
2019-03-02T14:00:00+09:00,J4,719,819,1538
2019-03-02T14:00:00+09:00,J5,465,533,998
2019-03-02T14:15:00+09:00,J1,1185,1410,2595
2019-03-02T14:15:00+09:00,J2,804,947,1751
2019-03-02T14:15:00+09:00,J3,992,1015,2007
2019-03-02T14:15:00+09:00,J4,765,959,1724
2019-03-02T14:15:00+09:00,J5,624,666,1290
2019-03-02T14:30:00+09:00,J1,1134,1395,2529
2019-03-02T14:30:00+09:00,J2,881,931,1812
2019-03-02T14:30:00+09:00,J3,1016,1016,2032
2019-03-02T14:30:00+09:00,J4,892,1006,1898
2019-03-02T14:30:00+09:00,J5,693,684,1377
2019-03-02T14:45:00+09:00,J1,1122,1376,2498
2019-03-02T14:45:00+09:00,J2,810,914,1724
2019-03-02T14:45:00+09:00,J3,1046,1076,2122
2019-03-02T14:45:00+09:00,J4,835,962,1797
2019-03-02T14:45:00+09:00,J5,729,704,1433
2019-03-02T15:00:00+09:00,J1,1103,1393,2496
2019-03-02T15:00:00+09:00,J2,791,899,1690
2019-03-02T15:00:00+09:00,J3,1041,1033,2074
2019-03-02T15:00:00+09:00,J4,799,909,1708
2019-03-02T15:00:00+09:00,J5,711,727,1438
2019-03-02T15:15:00+09:00,J1,1158,1365,2523
2019-03-02T15:15:00+09:00,J2,764,972,1736
2019-03-02T15:15:00+09:00,J3,1059,1066,2125
2019-03-02T15:15:00+09:00,J4,798,971,1769
2019-03-02T15:15:00+09:00,J5,704,717,1421
2019-03-02T15:30:00+09:00,J1,1061,1383,2444
2019-03-02T15:30:00+09:00,J2,847,964,1811
2019-03-02T15:30:00+09:00,J3,1049,1005,2054
2019-03-02T15:30:00+09:00,J4,790,948,1738
2019-03-02T15:30:00+09:00,J5,692,684,1376
2019-03-02T15:45:00+09:00,J1,1135,1391,2526
2019-03-02T15:45:00+09:00,J2,901,997,1898
2019-03-02T15:45:00+09:00,J3,991,967,1958
2019-03-02T15:45:00+09:00,J4,839,947,1786
2019-03-02T15:45:00+09:00,J5,714,705,1419
2019-03-02T16:00:00+09:00,J1,1093,1322,2415
2019-03-02T16:00:00+09:00,J2,807,1000,1807
2019-03-02T16:00:00+09:00,J3,1115,1189,2304
2019-03-02T16:00:00+09:00,J4,796,933,1729
2019-03-02T16:00:00+09:00,J5,660,657,1317
2019-03-02T16:15:00+09:00,J1,1087,1359,2446
2019-03-02T16:15:00+09:00,J2,803,935,1738
2019-03-02T16:15:00+09:00,J3,1273,1161,2434
2019-03-02T16:15:00+09:00,J4,776,732,1508
2019-03-02T16:15:00+09:00,J5,660,579,1239
2019-03-02T16:30:00+09:00,J1,1115,1395,2510
2019-03-02T16:30:00+09:00,J2,879,901,1780
2019-03-02T16:30:00+09:00,J3,1318,1133,2451
2019-03-02T16:30:00+09:00,J4,750,759,1509
2019-03-02T16:30:00+09:00,J5,624,604,1228
2019-03-02T16:45:00+09:00,J1,1190,1327,2517
2019-03-02T16:45:00+09:00,J2,939,845,1784
2019-03-02T16:45:00+09:00,J3,1358,1058,2416
2019-03-02T16:45:00+09:00,J4,722,777,1499
2019-03-02T16:45:00+09:00,J5,592,599,1191
2019-03-02T17:00:00+09:00,J1,1212,1368,2580
2019-03-02T17:00:00+09:00,J2,1002,916,1918
2019-03-02T17:00:00+09:00,J3,1430,1163,2593
2019-03-02T17:00:00+09:00,J4,779,783,1562
2019-03-02T17:00:00+09:00,J5,564,587,1151
2019-03-02T17:15:00+09:00,J1,1133,1384,2517
2019-03-02T17:15:00+09:00,J2,903,904,1807
2019-03-02T17:15:00+09:00,J3,1545,1380,2925
2019-03-02T17:15:00+09:00,J4,955,907,1862
2019-03-02T17:15:00+09:00,J5,602,667,1269
2019-03-02T17:30:00+09:00,J1,1209,1390,2599
2019-03-02T17:30:00+09:00,J2,883,897,1780
2019-03-02T17:30:00+09:00,J3,1539,1321,2860
2019-03-02T17:30:00+09:00,J4,965,932,1897
2019-03-02T17:30:00+09:00,J5,512,541,1053
2019-03-02T17:45:00+09:00,J1,1114,1318,2432
2019-03-02T17:45:00+09:00,J2,867,891,1758
2019-03-02T17:45:00+09:00,J3,1378,1313,2691
2019-03-02T17:45:00+09:00,J4,938,878,1816
2019-03-02T17:45:00+09:00,J5,465,468,933
2019-03-02T18:00:00+09:00,J1,1198,1453,2651
2019-03-02T18:00:00+09:00,J2,864,908,1772
2019-03-02T18:00:00+09:00,J3,1414,1173,2587
2019-03-02T18:00:00+09:00,J4,908,782,1690
2019-03-02T18:00:00+09:00,J5,514,537,1051
2019-03-02T18:15:00+09:00,J1,1172,1424,2596
2019-03-02T18:15:00+09:00,J2,889,1011,1900
2019-03-02T18:15:00+09:00,J3,1424,1197,2621
2019-03-02T18:15:00+09:00,J4,816,706,1522
2019-03-02T18:15:00+09:00,J5,567,590,1157
2019-03-02T18:30:00+09:00,J1,1238,1352,2590
2019-03-02T18:30:00+09:00,J2,916,860,1776
2019-03-02T18:30:00+09:00,J3,1346,983,2329
2019-03-02T18:30:00+09:00,J4,830,742,1572
2019-03-02T18:30:00+09:00,J5,437,556,993
2019-03-02T18:45:00+09:00,J1,1106,1312,2418
2019-03-02T18:45:00+09:00,J2,787,825,1612
2019-03-02T18:45:00+09:00,J3,1143,994,2137
2019-03-02T18:45:00+09:00,J4,815,852,1667
2019-03-02T18:45:00+09:00,J5,462,541,1003
2019-03-02T19:00:00+09:00,J1,1065,1255,2320
2019-03-02T19:00:00+09:00,J2,786,680,1466
2019-03-02T19:00:00+09:00,J3,1186,1001,2187
2019-03-02T19:00:00+09:00,J4,748,919,1667
2019-03-02T19:00:00+09:00,J5,476,572,1048
2019-03-02T19:15:00+09:00,J1,1096,1211,2307
2019-03-02T19:15:00+09:00,J2,770,711,1481
2019-03-02T19:15:00+09:00,J3,1133,1075,2208
2019-03-02T19:15:00+09:00,J4,769,904,1673
2019-03-02T19:15:00+09:00,J5,459,535,994
2019-03-02T19:30:00+09:00,J1,1111,1254,2365
2019-03-02T19:30:00+09:00,J2,865,746,1611
2019-03-02T19:30:00+09:00,J3,1102,896,1998
2019-03-02T19:30:00+09:00,J4,809,905,1714
2019-03-02T19:30:00+09:00,J5,492,471,963
2019-03-02T19:45:00+09:00,J1,1146,1257,2403
2019-03-02T19:45:00+09:00,J2,801,688,1489
2019-03-02T19:45:00+09:00,J3,1089,924,2013
2019-03-02T19:45:00+09:00,J4,844,811,1655
2019-03-02T19:45:00+09:00,J5,438,495,933
2019-03-02T20:00:00+09:00,J1,1134,1301,2435
2019-03-02T20:00:00+09:00,J2,549,491,1040
2019-03-02T20:00:00+09:00,J3,1094,898,1992
2019-03-02T20:00:00+09:00,J4,897,824,1721
2019-03-02T20:00:00+09:00,J5,508,484,992
2019-03-02T20:15:00+09:00,J1,1097,1268,2365
2019-03-02T20:15:00+09:00,J2,703,588,1291
2019-03-02T20:15:00+09:00,J3,1094,965,2059
2019-03-02T20:15:00+09:00,J4,885,815,1700
2019-03-02T20:15:00+09:00,J5,496,515,1011
2019-03-02T20:30:00+09:00,J1,1139,1273,2412
2019-03-02T20:30:00+09:00,J2,869,677,1546
2019-03-02T20:30:00+09:00,J3,1019,966,1985
2019-03-02T20:30:00+09:00,J4,871,792,1663
2019-03-02T20:30:00+09:00,J5,492,456,948
2019-03-02T20:45:00+09:00,J1,1043,1224,2267
2019-03-02T20:45:00+09:00,J2,729,759,1488
2019-03-02T20:45:00+09:00,J3,1066,993,2059
2019-03-02T20:45:00+09:00,J4,907,862,1769
2019-03-02T20:45:00+09:00,J5,475,444,919
2019-03-02T21:00:00+09:00,J1,1046,1154,2200
2019-03-02T21:00:00+09:00,J2,680,782,1462
2019-03-02T21:00:00+09:00,J3,952,857,1809
2019-03-02T21:00:00+09:00,J4,850,850,1700
2019-03-02T21:00:00+09:00,J5,487,488,975
2019-03-02T21:15:00+09:00,J1,1092,1147,2239
2019-03-02T21:15:00+09:00,J2,669,734,1403
2019-03-02T21:15:00+09:00,J3,996,959,1955
2019-03-02T21:15:00+09:00,J4,902,881,1783
2019-03-02T21:15:00+09:00,J5,542,518,1060
2019-03-02T21:30:00+09:00,J1,1053,1130,2183
2019-03-02T21:30:00+09:00,J2,510,635,1145
2019-03-02T21:30:00+09:00,J3,1031,941,1972
2019-03-02T21:30:00+09:00,J4,883,835,1718
2019-03-02T21:30:00+09:00,J5,480,442,922
2019-03-02T21:45:00+09:00,J1,1021,1145,2166
2019-03-02T21:45:00+09:00,J2,603,597,1200
2019-03-02T21:45:00+09:00,J3,1119,760,1879
2019-03-02T21:45:00+09:00,J4,918,817,1735
2019-03-02T21:45:00+09:00,J5,418,451,869
2019-03-02T22:00:00+09:00,J1,987,1108,2095
2019-03-02T22:00:00+09:00,J2,547,632,1179
2019-03-02T22:00:00+09:00,J3,949,743,1692
2019-03-02T22:00:00+09:00,J4,863,866,1729
2019-03-02T22:00:00+09:00,J5,407,447,854
2019-03-02T22:15:00+09:00,J1,972,1122,2094
2019-03-02T22:15:00+09:00,J2,570,712,1282
2019-03-02T22:15:00+09:00,J3,921,780,1701
2019-03-02T22:15:00+09:00,J4,869,844,1713
2019-03-02T22:15:00+09:00,J5,456,456,912
2019-03-02T22:30:00+09:00,J1,921,1073,1994
2019-03-02T22:30:00+09:00,J2,816,868,1684
2019-03-02T22:30:00+09:00,J3,889,686,1575
2019-03-02T22:30:00+09:00,J4,955,862,1817
2019-03-02T22:30:00+09:00,J5,446,473,919
2019-03-02T22:45:00+09:00,J1,934,1091,2025
2019-03-02T22:45:00+09:00,J2,791,792,1583
2019-03-02T22:45:00+09:00,J3,967,701,1668
2019-03-02T22:45:00+09:00,J4,893,909,1802
2019-03-02T22:45:00+09:00,J5,463,520,983
2019-03-02T23:00:00+09:00,J1,984,1047,2031
2019-03-02T23:00:00+09:00,J2,644,615,1259
2019-03-02T23:00:00+09:00,J3,651,677,1328
2019-03-02T23:00:00+09:00,J4,892,869,1761
2019-03-02T23:00:00+09:00,J5,458,480,938
2019-03-02T23:15:00+09:00,J1,874,1092,1966
2019-03-02T23:15:00+09:00,J2,650,722,1372
2019-03-02T23:15:00+09:00,J3,791,671,1462
2019-03-02T23:15:00+09:00,J4,923,885,1808
2019-03-02T23:15:00+09:00,J5,513,507,1020
2019-03-02T23:30:00+09:00,J1,911,1017,1928
2019-03-02T23:30:00+09:00,J2,635,712,1347
2019-03-02T23:30:00+09:00,J3,762,696,1458
2019-03-02T23:30:00+09:00,J4,860,843,1703
2019-03-02T23:30:00+09:00,J5,543,543,1086
2019-03-02T23:45:00+09:00,J1,886,1015,1901
2019-03-02T23:45:00+09:00,J2,560,655,1215
2019-03-02T23:45:00+09:00,J3,741,655,1396
2019-03-02T23:45:00+09:00,J4,871,801,1672
2019-03-02T23:45:00+09:00,J5,554,501,1055
2019-03-03T00:00:00+09:00,J1,846,824,1670
2019-03-03T00:00:00+09:00,J2,604,510,1114
2019-03-03T00:00:00+09:00,J3,651,499,1150
2019-03-03T00:00:00+09:00,J4,882,776,1658
2019-03-03T00:00:00+09:00,J5,535,516,1051
2019-03-03T00:15:00+09:00,J1,663,702,1365
2019-03-03T00:15:00+09:00,J2,592,561,1153
2019-03-03T00:15:00+09:00,J3,674,648,1322
2019-03-03T00:15:00+09:00,J4,902,812,1714
2019-03-03T00:15:00+09:00,J5,522,495,1017
2019-03-03T00:30:00+09:00,J1,547,536,1083
2019-03-03T00:30:00+09:00,J2,552,527,1079
2019-03-03T00:30:00+09:00,J3,843,747,1590
2019-03-03T00:30:00+09:00,J4,895,751,1646
2019-03-03T00:30:00+09:00,J5,504,459,963
2019-03-03T00:45:00+09:00,J1,536,457,993
2019-03-03T00:45:00+09:00,J2,584,533,1117
2019-03-03T00:45:00+09:00,J3,865,801,1666
2019-03-03T00:45:00+09:00,J4,910,831,1741
2019-03-03T00:45:00+09:00,J5,520,492,1012
2019-03-03T05:45:00+09:00,J1,850,905,1755
2019-03-03T05:45:00+09:00,J2,697,683,1380
2019-03-03T05:45:00+09:00,J3,872,628,1500
2019-03-03T05:45:00+09:00,J4,803,876,1679
2019-03-03T05:45:00+09:00,J5,376,387,763
2019-03-03T06:00:00+09:00,J1,857,935,1792
2019-03-03T06:00:00+09:00,J2,764,722,1486
2019-03-03T06:00:00+09:00,J3,995,737,1732
2019-03-03T06:00:00+09:00,J4,765,811,1576
2019-03-03T06:00:00+09:00,J5,409,420,829
2019-03-03T06:15:00+09:00,J1,927,987,1914
2019-03-03T06:15:00+09:00,J2,671,578,1249
2019-03-03T06:15:00+09:00,J3,1004,835,1839
2019-03-03T06:15:00+09:00,J4,824,813,1637
2019-03-03T06:15:00+09:00,J5,426,439,865
2019-03-03T06:30:00+09:00,J1,959,915,1874
2019-03-03T06:30:00+09:00,J2,709,674,1383
2019-03-03T06:30:00+09:00,J3,991,756,1747
2019-03-03T06:30:00+09:00,J4,753,807,1560
2019-03-03T06:30:00+09:00,J5,427,413,840
2019-03-03T06:45:00+09:00,J1,883,964,1847
2019-03-03T06:45:00+09:00,J2,761,684,1445
2019-03-03T06:45:00+09:00,J3,915,717,1632
2019-03-03T06:45:00+09:00,J4,835,851,1686
2019-03-03T06:45:00+09:00,J5,455,521,976
2019-03-03T07:00:00+09:00,J1,990,999,1989
2019-03-03T07:00:00+09:00,J2,621,616,1237
2019-03-03T07:00:00+09:00,J3,907,611,1518
2019-03-03T07:00:00+09:00,J4,1016,954,1970
2019-03-03T07:00:00+09:00,J5,430,477,907
2019-03-03T07:15:00+09:00,J1,924,1002,1926
2019-03-03T07:15:00+09:00,J2,586,539,1125
2019-03-03T07:15:00+09:00,J3,879,627,1506
2019-03-03T07:15:00+09:00,J4,1014,956,1970
2019-03-03T07:15:00+09:00,J5,493,501,994
2019-03-03T07:30:00+09:00,J1,1021,1030,2051
2019-03-03T07:30:00+09:00,J2,568,596,1164
2019-03-03T07:30:00+09:00,J3,935,750,1685
2019-03-03T07:30:00+09:00,J4,986,1007,1993
2019-03-03T07:30:00+09:00,J5,488,494,982
2019-03-03T07:45:00+09:00,J1,1020,1013,2033
2019-03-03T07:45:00+09:00,J2,606,638,1244
2019-03-03T07:45:00+09:00,J3,974,687,1661
2019-03-03T07:45:00+09:00,J4,979,933,1912
2019-03-03T07:45:00+09:00,J5,502,485,987
2019-03-03T08:00:00+09:00,J1,1148,1299,2447
2019-03-03T08:00:00+09:00,J2,838,730,1568
2019-03-03T08:00:00+09:00,J3,1171,1012,2183
2019-03-03T08:00:00+09:00,J4,1007,1073,2080
2019-03-03T08:00:00+09:00,J5,617,556,1173
2019-03-03T08:15:00+09:00,J1,1153,1334,2487
2019-03-03T08:15:00+09:00,J2,824,719,1543
2019-03-03T08:15:00+09:00,J3,1128,1004,2132
2019-03-03T08:15:00+09:00,J4,1108,1223,2331
2019-03-03T08:15:00+09:00,J5,733,736,1469
2019-03-03T08:30:00+09:00,J1,1182,1308,2490
2019-03-03T08:30:00+09:00,J2,735,713,1448
2019-03-03T08:30:00+09:00,J3,1150,1084,2234
2019-03-03T08:30:00+09:00,J4,1125,1227,2352
2019-03-03T08:30:00+09:00,J5,722,682,1404
2019-03-03T08:45:00+09:00,J1,1174,1343,2517
2019-03-03T08:45:00+09:00,J2,805,678,1483
2019-03-03T08:45:00+09:00,J3,1133,1111,2244
2019-03-03T08:45:00+09:00,J4,1093,1150,2243
2019-03-03T08:45:00+09:00,J5,693,657,1350
2019-03-03T09:00:00+09:00,J1,1142,1092,2234
2019-03-03T09:00:00+09:00,J2,767,687,1454
2019-03-03T09:00:00+09:00,J3,842,773,1615
2019-03-03T09:00:00+09:00,J4,1006,1116,2122
2019-03-03T09:00:00+09:00,J5,499,527,1026
2019-03-03T09:15:00+09:00,J1,1148,1120,2268
2019-03-03T09:15:00+09:00,J2,695,629,1324
2019-03-03T09:15:00+09:00,J3,938,827,1765
2019-03-03T09:15:00+09:00,J4,967,1039,2006
2019-03-03T09:15:00+09:00,J5,515,508,1023
2019-03-03T09:30:00+09:00,J1,1192,1175,2367
2019-03-03T09:30:00+09:00,J2,643,641,1284
2019-03-03T09:30:00+09:00,J3,917,916,1833
2019-03-03T09:30:00+09:00,J4,960,1021,1981
2019-03-03T09:30:00+09:00,J5,532,489,1021
2019-03-03T09:45:00+09:00,J1,1082,1196,2278
2019-03-03T09:45:00+09:00,J2,718,610,1328
2019-03-03T09:45:00+09:00,J3,976,936,1912
2019-03-03T09:45:00+09:00,J4,937,952,1889
2019-03-03T09:45:00+09:00,J5,456,489,945
2019-03-03T10:00:00+09:00,J1,1114,1157,2271
2019-03-03T10:00:00+09:00,J2,708,626,1334
2019-03-03T10:00:00+09:00,J3,886,863,1749
2019-03-03T10:00:00+09:00,J4,994,1011,2005
2019-03-03T10:00:00+09:00,J5,476,443,919
2019-03-03T10:15:00+09:00,J1,1126,1163,2289
2019-03-03T10:15:00+09:00,J2,746,780,1526
2019-03-03T10:15:00+09:00,J3,932,939,1871
2019-03-03T10:15:00+09:00,J4,910,958,1868
2019-03-03T10:15:00+09:00,J5,488,477,965
2019-03-03T10:30:00+09:00,J1,1097,1105,2202
2019-03-03T10:30:00+09:00,J2,716,720,1436
2019-03-03T10:30:00+09:00,J3,984,931,1915
2019-03-03T10:30:00+09:00,J4,866,1046,1912
2019-03-03T10:30:00+09:00,J5,510,475,985
2019-03-03T10:45:00+09:00,J1,1068,1131,2199
2019-03-03T10:45:00+09:00,J2,743,845,1588
2019-03-03T10:45:00+09:00,J3,976,999,1975
2019-03-03T10:45:00+09:00,J4,906,1005,1911
2019-03-03T10:45:00+09:00,J5,491,507,998
2019-03-03T11:00:00+09:00,J1,1053,1153,2206
2019-03-03T11:00:00+09:00,J2,832,838,1670
2019-03-03T11:00:00+09:00,J3,1234,1136,2370
2019-03-03T11:00:00+09:00,J4,859,973,1832
2019-03-03T11:00:00+09:00,J5,630,622,1252
2019-03-03T11:15:00+09:00,J1,1087,1180,2267
2019-03-03T11:15:00+09:00,J2,816,858,1674
2019-03-03T11:15:00+09:00,J3,1357,1111,2468
2019-03-03T11:15:00+09:00,J4,865,1052,1917
2019-03-03T11:15:00+09:00,J5,695,693,1388
2019-03-03T11:30:00+09:00,J1,1068,1230,2298
2019-03-03T11:30:00+09:00,J2,891,881,1772
2019-03-03T11:30:00+09:00,J3,1223,1089,2312
2019-03-03T11:30:00+09:00,J4,880,960,1840
2019-03-03T11:30:00+09:00,J5,706,719,1425
2019-03-03T11:45:00+09:00,J1,1070,1189,2259
2019-03-03T11:45:00+09:00,J2,839,904,1743
2019-03-03T11:45:00+09:00,J3,1112,1065,2177
2019-03-03T11:45:00+09:00,J4,962,1016,1978
2019-03-03T11:45:00+09:00,J5,655,681,1336
2019-03-03T12:00:00+09:00,J1,1087,1296,2383
2019-03-03T12:00:00+09:00,J2,872,765,1637
2019-03-03T12:00:00+09:00,J3,989,975,1964
2019-03-03T12:00:00+09:00,J4,945,930,1875
2019-03-03T12:00:00+09:00,J5,707,649,1356
2019-03-03T12:15:00+09:00,J1,1050,1305,2355
2019-03-03T12:15:00+09:00,J2,959,797,1756
2019-03-03T12:15:00+09:00,J3,995,1060,2055
2019-03-03T12:15:00+09:00,J4,1029,906,1935
2019-03-03T12:15:00+09:00,J5,628,628,1256
2019-03-03T12:30:00+09:00,J1,1021,1175,2196
2019-03-03T12:30:00+09:00,J2,937,833,1770
2019-03-03T12:30:00+09:00,J3,1064,983,2047
2019-03-03T12:30:00+09:00,J4,1059,1084,2143
2019-03-03T12:30:00+09:00,J5,667,669,1336
2019-03-03T12:45:00+09:00,J1,1031,1191,2222
2019-03-03T12:45:00+09:00,J2,864,821,1685
2019-03-03T12:45:00+09:00,J3,1121,996,2117
2019-03-03T12:45:00+09:00,J4,1007,1026,2033
2019-03-03T12:45:00+09:00,J5,662,669,1331
2019-03-03T13:00:00+09:00,J1,1060,1263,2323
2019-03-03T13:00:00+09:00,J2,874,836,1710
2019-03-03T13:00:00+09:00,J3,1107,1005,2112
2019-03-03T13:00:00+09:00,J4,972,983,1955
2019-03-03T13:00:00+09:00,J5,708,641,1349
2019-03-03T13:15:00+09:00,J1,1024,1190,2214
2019-03-03T13:15:00+09:00,J2,841,874,1715
2019-03-03T13:15:00+09:00,J3,1088,988,2076
2019-03-03T13:15:00+09:00,J4,1006,1037,2043
2019-03-03T13:15:00+09:00,J5,692,711,1403
2019-03-03T13:30:00+09:00,J1,962,1212,2174
2019-03-03T13:30:00+09:00,J2,894,765,1659
2019-03-03T13:30:00+09:00,J3,1205,937,2142
2019-03-03T13:30:00+09:00,J4,1078,951,2029
2019-03-03T13:30:00+09:00,J5,675,666,1341
2019-03-03T13:45:00+09:00,J1,979,1171,2150
2019-03-03T13:45:00+09:00,J2,850,828,1678
2019-03-03T13:45:00+09:00,J3,1076,966,2042
2019-03-03T13:45:00+09:00,J4,982,906,1888
2019-03-03T13:45:00+09:00,J5,689,642,1331
2019-03-03T14:00:00+09:00,J1,1011,1177,2188
2019-03-03T14:00:00+09:00,J2,887,813,1700
2019-03-03T14:00:00+09:00,J3,1033,935,1968
2019-03-03T14:00:00+09:00,J4,1022,980,2002
2019-03-03T14:00:00+09:00,J5,652,691,1343
2019-03-03T14:15:00+09:00,J1,979,1250,2229
2019-03-03T14:15:00+09:00,J2,847,785,1632
2019-03-03T14:15:00+09:00,J3,1143,901,2044
2019-03-03T14:15:00+09:00,J4,1055,921,1976
2019-03-03T14:15:00+09:00,J5,666,712,1378
2019-03-03T14:30:00+09:00,J1,929,1243,2172
2019-03-03T14:30:00+09:00,J2,881,811,1692
2019-03-03T14:30:00+09:00,J3,1104,923,2027
2019-03-03T14:30:00+09:00,J4,1035,953,1988
2019-03-03T14:30:00+09:00,J5,625,627,1252
2019-03-03T14:45:00+09:00,J1,981,1246,2227
2019-03-03T14:45:00+09:00,J2,905,859,1764
2019-03-03T14:45:00+09:00,J3,1174,872,2046
2019-03-03T14:45:00+09:00,J4,970,899,1869
2019-03-03T14:45:00+09:00,J5,641,646,1287
2019-03-03T15:00:00+09:00,J1,1028,1267,2295
2019-03-03T15:00:00+09:00,J2,935,831,1766
2019-03-03T15:00:00+09:00,J3,1086,900,1986
2019-03-03T15:00:00+09:00,J4,935,867,1802
2019-03-03T15:00:00+09:00,J5,664,666,1330
2019-03-03T15:15:00+09:00,J1,995,1256,2251
2019-03-03T15:15:00+09:00,J2,872,845,1717
2019-03-03T15:15:00+09:00,J3,1072,1021,2093
2019-03-03T15:15:00+09:00,J4,946,985,1931
2019-03-03T15:15:00+09:00,J5,677,723,1400
2019-03-03T15:30:00+09:00,J1,973,1250,2223
2019-03-03T15:30:00+09:00,J2,857,856,1713
2019-03-03T15:30:00+09:00,J3,1177,953,2130
2019-03-03T15:30:00+09:00,J4,971,992,1963
2019-03-03T15:30:00+09:00,J5,608,655,1263
2019-03-03T15:45:00+09:00,J1,1010,1311,2321
2019-03-03T15:45:00+09:00,J2,895,822,1717
2019-03-03T15:45:00+09:00,J3,1203,917,2120
2019-03-03T15:45:00+09:00,J4,937,1016,1953
2019-03-03T15:45:00+09:00,J5,631,703,1334
2019-03-03T16:00:00+09:00,J1,966,1182,2148
2019-03-03T16:00:00+09:00,J2,860,757,1617
2019-03-03T16:00:00+09:00,J3,1001,866,1867
2019-03-03T16:00:00+09:00,J4,892,1018,1910
2019-03-03T16:00:00+09:00,J5,673,646,1319
2019-03-03T16:15:00+09:00,J1,1015,1235,2250
2019-03-03T16:15:00+09:00,J2,855,822,1677
2019-03-03T16:15:00+09:00,J3,956,882,1838
2019-03-03T16:15:00+09:00,J4,912,1013,1925
2019-03-03T16:15:00+09:00,J5,612,699,1311
2019-03-03T16:30:00+09:00,J1,998,1176,2174
2019-03-03T16:30:00+09:00,J2,805,757,1562
2019-03-03T16:30:00+09:00,J3,917,822,1739
2019-03-03T16:30:00+09:00,J4,957,1021,1978
2019-03-03T16:30:00+09:00,J5,709,642,1351
2019-03-03T16:45:00+09:00,J1,1083,1257,2340
2019-03-03T16:45:00+09:00,J2,917,765,1682
2019-03-03T16:45:00+09:00,J3,911,825,1736
2019-03-03T16:45:00+09:00,J4,930,975,1905
2019-03-03T16:45:00+09:00,J5,688,695,1383
2019-03-03T17:00:00+09:00,J1,1107,1398,2505
2019-03-03T17:00:00+09:00,J2,799,753,1552
2019-03-03T17:00:00+09:00,J3,1035,949,1984
2019-03-03T17:00:00+09:00,J4,843,906,1749
2019-03-03T17:00:00+09:00,J5,711,770,1481
2019-03-03T17:15:00+09:00,J1,1137,1386,2523
2019-03-03T17:15:00+09:00,J2,886,834,1720
2019-03-03T17:15:00+09:00,J3,1244,964,2208
2019-03-03T17:15:00+09:00,J4,905,977,1882
2019-03-03T17:15:00+09:00,J5,705,793,1498
2019-03-03T17:30:00+09:00,J1,1163,1474,2637
2019-03-03T17:30:00+09:00,J2,852,779,1631
2019-03-03T17:30:00+09:00,J3,1144,1056,2200
2019-03-03T17:30:00+09:00,J4,855,955,1810
2019-03-03T17:30:00+09:00,J5,729,770,1499
2019-03-03T17:45:00+09:00,J1,1214,1380,2594
2019-03-03T17:45:00+09:00,J2,962,783,1745
2019-03-03T17:45:00+09:00,J3,1166,979,2145
2019-03-03T17:45:00+09:00,J4,739,832,1571
2019-03-03T17:45:00+09:00,J5,660,678,1338
2019-03-03T18:00:00+09:00,J1,1252,1423,2675
2019-03-03T18:00:00+09:00,J2,964,856,1820
2019-03-03T18:00:00+09:00,J3,1190,920,2110
2019-03-03T18:00:00+09:00,J4,777,818,1595
2019-03-03T18:00:00+09:00,J5,672,747,1419
2019-03-03T18:15:00+09:00,J1,1269,1392,2661
2019-03-03T18:15:00+09:00,J2,901,809,1710
2019-03-03T18:15:00+09:00,J3,1274,1005,2279
2019-03-03T18:15:00+09:00,J4,740,780,1520
2019-03-03T18:15:00+09:00,J5,786,756,1542
2019-03-03T18:30:00+09:00,J1,1150,1240,2390
2019-03-03T18:30:00+09:00,J2,865,810,1675
2019-03-03T18:30:00+09:00,J3,1199,868,2067
2019-03-03T18:30:00+09:00,J4,844,844,1688
2019-03-03T18:30:00+09:00,J5,633,635,1268
2019-03-03T18:45:00+09:00,J1,1148,1284,2432
2019-03-03T18:45:00+09:00,J2,770,703,1473
2019-03-03T18:45:00+09:00,J3,1047,846,1893
2019-03-03T18:45:00+09:00,J4,873,866,1739
2019-03-03T18:45:00+09:00,J5,526,552,1078
2019-03-03T19:00:00+09:00,J1,1109,1237,2346
2019-03-03T19:00:00+09:00,J2,546,640,1186
2019-03-03T19:00:00+09:00,J3,1068,880,1948
2019-03-03T19:00:00+09:00,J4,905,839,1744
2019-03-03T19:00:00+09:00,J5,519,493,1012
2019-03-03T19:15:00+09:00,J1,1076,1258,2334
2019-03-03T19:15:00+09:00,J2,536,597,1133
2019-03-03T19:15:00+09:00,J3,1048,890,1938
2019-03-03T19:15:00+09:00,J4,862,886,1748
2019-03-03T19:15:00+09:00,J5,450,485,935
2019-03-03T19:30:00+09:00,J1,1021,1190,2211
2019-03-03T19:30:00+09:00,J2,701,702,1403
2019-03-03T19:30:00+09:00,J3,996,809,1805
2019-03-03T19:30:00+09:00,J4,940,936,1876
2019-03-03T19:30:00+09:00,J5,437,413,850
2019-03-03T19:45:00+09:00,J1,1132,1240,2372
2019-03-03T19:45:00+09:00,J2,695,609,1304
2019-03-03T19:45:00+09:00,J3,976,841,1817
2019-03-03T19:45:00+09:00,J4,905,932,1837
2019-03-03T19:45:00+09:00,J5,335,381,716
2019-03-03T20:00:00+09:00,J1,1108,1195,2303
2019-03-03T20:00:00+09:00,J2,573,529,1102
2019-03-03T20:00:00+09:00,J3,903,774,1677
2019-03-03T20:00:00+09:00,J4,868,863,1731
2019-03-03T20:00:00+09:00,J5,386,390,776
2019-03-03T20:15:00+09:00,J1,1161,1197,2358
2019-03-03T20:15:00+09:00,J2,556,541,1097
2019-03-03T20:15:00+09:00,J3,882,842,1724
2019-03-03T20:15:00+09:00,J4,856,901,1757
2019-03-03T20:15:00+09:00,J5,458,427,885
2019-03-03T20:30:00+09:00,J1,1136,1206,2342
2019-03-03T20:30:00+09:00,J2,644,612,1256
2019-03-03T20:30:00+09:00,J3,895,861,1756
2019-03-03T20:30:00+09:00,J4,918,937,1855
2019-03-03T20:30:00+09:00,J5,412,414,826
2019-03-03T20:45:00+09:00,J1,1144,1307,2451
2019-03-03T20:45:00+09:00,J2,664,590,1254
2019-03-03T20:45:00+09:00,J3,856,819,1675
2019-03-03T20:45:00+09:00,J4,982,977,1959
2019-03-03T20:45:00+09:00,J5,406,428,834
2019-03-03T21:00:00+09:00,J1,1012,1119,2131
2019-03-03T21:00:00+09:00,J2,735,714,1449
2019-03-03T21:00:00+09:00,J3,796,794,1590
2019-03-03T21:00:00+09:00,J4,1015,965,1980
2019-03-03T21:00:00+09:00,J5,499,388,887
2019-03-03T21:15:00+09:00,J1,1041,1102,2143
2019-03-03T21:15:00+09:00,J2,650,696,1346
2019-03-03T21:15:00+09:00,J3,999,907,1906
2019-03-03T21:15:00+09:00,J4,937,961,1898
2019-03-03T21:15:00+09:00,J5,516,432,948
2019-03-03T21:30:00+09:00,J1,1020,1111,2131
2019-03-03T21:30:00+09:00,J2,539,551,1090
2019-03-03T21:30:00+09:00,J3,1034,914,1948
2019-03-03T21:30:00+09:00,J4,914,829,1743
2019-03-03T21:30:00+09:00,J5,453,377,830
2019-03-03T21:45:00+09:00,J1,1078,1146,2224
2019-03-03T21:45:00+09:00,J2,605,590,1195
2019-03-03T21:45:00+09:00,J3,1079,875,1954
2019-03-03T21:45:00+09:00,J4,862,786,1648
2019-03-03T21:45:00+09:00,J5,416,445,861
2019-03-03T22:00:00+09:00,J1,1020,1102,2122
2019-03-03T22:00:00+09:00,J2,765,795,1560
2019-03-03T22:00:00+09:00,J3,1050,865,1915
2019-03-03T22:00:00+09:00,J4,848,956,1804
2019-03-03T22:00:00+09:00,J5,457,463,920
2019-03-03T22:15:00+09:00,J1,985,1095,2080
2019-03-03T22:15:00+09:00,J2,578,603,1181
2019-03-03T22:15:00+09:00,J3,950,801,1751
2019-03-03T22:15:00+09:00,J4,798,820,1618
2019-03-03T22:15:00+09:00,J5,477,515,992
2019-03-03T22:30:00+09:00,J1,1007,1052,2059
2019-03-03T22:30:00+09:00,J2,559,598,1157
2019-03-03T22:30:00+09:00,J3,979,708,1687
2019-03-03T22:30:00+09:00,J4,795,885,1680
2019-03-03T22:30:00+09:00,J5,460,530,990
2019-03-03T22:45:00+09:00,J1,953,1115,2068
2019-03-03T22:45:00+09:00,J2,505,648,1153
2019-03-03T22:45:00+09:00,J3,861,630,1491
2019-03-03T22:45:00+09:00,J4,897,964,1861
2019-03-03T22:45:00+09:00,J5,501,552,1053
2019-03-03T23:00:00+09:00,J1,970,1051,2021
2019-03-03T23:00:00+09:00,J2,532,661,1193
2019-03-03T23:00:00+09:00,J3,832,636,1468
2019-03-03T23:00:00+09:00,J4,814,884,1698
2019-03-03T23:00:00+09:00,J5,543,536,1079
2019-03-03T23:15:00+09:00,J1,960,1044,2004
2019-03-03T23:15:00+09:00,J2,551,661,1212
2019-03-03T23:15:00+09:00,J3,879,660,1539
2019-03-03T23:15:00+09:00,J4,873,872,1745
2019-03-03T23:15:00+09:00,J5,551,488,1039
2019-03-03T23:30:00+09:00,J1,952,968,1920
2019-03-03T23:30:00+09:00,J2,460,562,1022
2019-03-03T23:30:00+09:00,J3,725,665,1390
2019-03-03T23:30:00+09:00,J4,836,869,1705
2019-03-03T23:30:00+09:00,J5,484,461,945
2019-03-03T23:45:00+09:00,J1,995,987,1982
2019-03-03T23:45:00+09:00,J2,347,474,821
2019-03-03T23:45:00+09:00,J3,668,582,1250
2019-03-03T23:45:00+09:00,J4,783,799,1582
2019-03-03T23:45:00+09:00,J5,542,477,1019
2019-03-04T00:00:00+09:00,J1,756,883,1639
2019-03-04T00:00:00+09:00,J2,505,537,1042
2019-03-04T00:00:00+09:00,J3,652,498,1150
2019-03-04T00:00:00+09:00,J4,709,825,1534
2019-03-04T00:00:00+09:00,J5,551,585,1136
2019-03-04T00:15:00+09:00,J1,727,669,1396
2019-03-04T00:15:00+09:00,J2,574,512,1086
2019-03-04T00:15:00+09:00,J3,496,512,1008
2019-03-04T00:15:00+09:00,J4,594,652,1246
2019-03-04T00:15:00+09:00,J5,560,522,1082
2019-03-04T00:30:00+09:00,J1,590,497,1087
2019-03-04T00:30:00+09:00,J2,543,508,1051
2019-03-04T00:30:00+09:00,J3,542,533,1075
2019-03-04T00:30:00+09:00,J4,444,579,1023
2019-03-04T00:30:00+09:00,J5,518,462,980
2019-03-04T00:45:00+09:00,J1,602,580,1182
2019-03-04T00:45:00+09:00,J2,532,567,1099
2019-03-04T00:45:00+09:00,J3,456,511,967
2019-03-04T00:45:00+09:00,J4,550,673,1223
2019-03-04T00:45:00+09:00,J5,485,481,966
2019-03-04T05:45:00+09:00,J1,696,798,1494
2019-03-04T05:45:00+09:00,J2,735,783,1518
2019-03-04T05:45:00+09:00,J3,973,851,1824
2019-03-04T05:45:00+09:00,J4,621,764,1385
2019-03-04T05:45:00+09:00,J5,328,368,696
2019-03-04T06:00:00+09:00,J1,707,808,1515
2019-03-04T06:00:00+09:00,J2,735,689,1424
2019-03-04T06:00:00+09:00,J3,1051,918,1969
2019-03-04T06:00:00+09:00,J4,626,736,1362
2019-03-04T06:00:00+09:00,J5,378,406,784
2019-03-04T06:15:00+09:00,J1,866,928,1794
2019-03-04T06:15:00+09:00,J2,834,766,1600
2019-03-04T06:15:00+09:00,J3,861,904,1765
2019-03-04T06:15:00+09:00,J4,778,796,1574
2019-03-04T06:15:00+09:00,J5,489,436,925
2019-03-04T06:30:00+09:00,J1,906,955,1861
2019-03-04T06:30:00+09:00,J2,847,740,1587
2019-03-04T06:30:00+09:00,J3,837,808,1645
2019-03-04T06:30:00+09:00,J4,687,713,1400
2019-03-04T06:30:00+09:00,J5,442,435,877
2019-03-04T06:45:00+09:00,J1,990,1059,2049
2019-03-04T06:45:00+09:00,J2,811,805,1616
2019-03-04T06:45:00+09:00,J3,799,794,1593
2019-03-04T06:45:00+09:00,J4,840,846,1686
2019-03-04T06:45:00+09:00,J5,515,474,989
2019-03-04T07:00:00+09:00,J1,1121,1122,2243
2019-03-04T07:00:00+09:00,J2,902,835,1737
2019-03-04T07:00:00+09:00,J3,828,850,1678
2019-03-04T07:00:00+09:00,J4,884,851,1735
2019-03-04T07:00:00+09:00,J5,520,529,1049
2019-03-04T07:15:00+09:00,J1,1145,1144,2289
2019-03-04T07:15:00+09:00,J2,908,829,1737
2019-03-04T07:15:00+09:00,J3,797,720,1517
2019-03-04T07:15:00+09:00,J4,917,930,1847
2019-03-04T07:15:00+09:00,J5,542,560,1102
2019-03-04T07:30:00+09:00,J1,1134,1129,2263
2019-03-04T07:30:00+09:00,J2,900,772,1672
2019-03-04T07:30:00+09:00,J3,1154,1077,2231
2019-03-04T07:30:00+09:00,J4,1053,1156,2209
2019-03-04T07:30:00+09:00,J5,674,623,1297
2019-03-04T07:45:00+09:00,J1,1199,1249,2448
2019-03-04T07:45:00+09:00,J2,965,780,1745
2019-03-04T07:45:00+09:00,J3,1346,1172,2518
2019-03-04T07:45:00+09:00,J4,1122,1207,2329
2019-03-04T07:45:00+09:00,J5,635,615,1250
2019-03-04T08:00:00+09:00,J1,1343,1325,2668
2019-03-04T08:00:00+09:00,J2,945,758,1703
2019-03-04T08:00:00+09:00,J3,1424,1293,2717
2019-03-04T08:00:00+09:00,J4,1171,1316,2487
2019-03-04T08:00:00+09:00,J5,744,804,1548
2019-03-04T08:15:00+09:00,J1,1417,1331,2748
2019-03-04T08:15:00+09:00,J2,1285,860,2145
2019-03-04T08:15:00+09:00,J3,1430,1384,2814
2019-03-04T08:15:00+09:00,J4,1133,1434,2567
2019-03-04T08:15:00+09:00,J5,706,713,1419
2019-03-04T08:30:00+09:00,J1,1493,1333,2826
2019-03-04T08:30:00+09:00,J2,1155,735,1890
2019-03-04T08:30:00+09:00,J3,1234,1365,2599
2019-03-04T08:30:00+09:00,J4,1134,1324,2458
2019-03-04T08:30:00+09:00,J5,629,689,1318
2019-03-04T08:45:00+09:00,J1,1284,1301,2585
2019-03-04T08:45:00+09:00,J2,891,663,1554
2019-03-04T08:45:00+09:00,J3,1163,1139,2302
2019-03-04T08:45:00+09:00,J4,1031,1173,2204
2019-03-04T08:45:00+09:00,J5,494,483,977
2019-03-04T09:00:00+09:00,J1,1245,1339,2584
2019-03-04T09:00:00+09:00,J2,800,724,1524
2019-03-04T09:00:00+09:00,J3,1109,961,2070
2019-03-04T09:00:00+09:00,J4,937,1129,2066
2019-03-04T09:00:00+09:00,J5,483,443,926
2019-03-04T09:15:00+09:00,J1,1245,1168,2413
2019-03-04T09:15:00+09:00,J2,874,729,1603
2019-03-04T09:15:00+09:00,J3,1105,994,2099
2019-03-04T09:15:00+09:00,J4,900,1038,1938
2019-03-04T09:15:00+09:00,J5,506,499,1005
2019-03-04T09:30:00+09:00,J1,1149,1142,2291
2019-03-04T09:30:00+09:00,J2,841,738,1579
2019-03-04T09:30:00+09:00,J3,1092,1012,2104
2019-03-04T09:30:00+09:00,J4,937,1098,2035
2019-03-04T09:30:00+09:00,J5,536,490,1026
2019-03-04T09:45:00+09:00,J1,1123,1245,2368
2019-03-04T09:45:00+09:00,J2,685,654,1339
2019-03-04T09:45:00+09:00,J3,1057,1013,2070
2019-03-04T09:45:00+09:00,J4,857,972,1829
2019-03-04T09:45:00+09:00,J5,522,584,1106
2019-03-04T10:00:00+09:00,J1,1170,1134,2304
2019-03-04T10:00:00+09:00,J2,581,716,1297
2019-03-04T10:00:00+09:00,J3,1074,973,2047
2019-03-04T10:00:00+09:00,J4,769,884,1653
2019-03-04T10:00:00+09:00,J5,480,544,1024
2019-03-04T10:15:00+09:00,J1,1099,1198,2297
2019-03-04T10:15:00+09:00,J2,675,764,1439
2019-03-04T10:15:00+09:00,J3,997,925,1922
2019-03-04T10:15:00+09:00,J4,760,858,1618
2019-03-04T10:15:00+09:00,J5,524,491,1015
2019-03-04T10:30:00+09:00,J1,1069,1201,2270
2019-03-04T10:30:00+09:00,J2,675,791,1466
2019-03-04T10:30:00+09:00,J3,987,897,1884
2019-03-04T10:30:00+09:00,J4,758,924,1682
2019-03-04T10:30:00+09:00,J5,480,479,959
2019-03-04T10:45:00+09:00,J1,1057,1305,2362
2019-03-04T10:45:00+09:00,J2,746,760,1506
2019-03-04T10:45:00+09:00,J3,963,1017,1980
2019-03-04T10:45:00+09:00,J4,800,961,1761
2019-03-04T10:45:00+09:00,J5,500,452,952
2019-03-04T11:00:00+09:00,J1,1192,1321,2513
2019-03-04T11:00:00+09:00,J2,773,794,1567
2019-03-04T11:00:00+09:00,J3,956,990,1946
2019-03-04T11:00:00+09:00,J4,852,911,1763
2019-03-04T11:00:00+09:00,J5,491,458,949
2019-03-04T11:15:00+09:00,J1,1203,1313,2516
2019-03-04T11:15:00+09:00,J2,843,779,1622
2019-03-04T11:15:00+09:00,J3,1172,1058,2230
2019-03-04T11:15:00+09:00,J4,872,939,1811
2019-03-04T11:15:00+09:00,J5,492,504,996
2019-03-04T11:30:00+09:00,J1,1312,1389,2701
2019-03-04T11:30:00+09:00,J2,661,734,1395
2019-03-04T11:30:00+09:00,J3,1263,1030,2293
2019-03-04T11:30:00+09:00,J4,905,926,1831
2019-03-04T11:30:00+09:00,J5,667,613,1280
2019-03-04T11:45:00+09:00,J1,1245,1416,2661
2019-03-04T11:45:00+09:00,J2,716,735,1451
2019-03-04T11:45:00+09:00,J3,1268,1114,2382
2019-03-04T11:45:00+09:00,J4,913,983,1896
2019-03-04T11:45:00+09:00,J5,630,688,1318
2019-03-04T12:00:00+09:00,J1,1189,1417,2606
2019-03-04T12:00:00+09:00,J2,824,825,1649
2019-03-04T12:00:00+09:00,J3,1282,1143,2425
2019-03-04T12:00:00+09:00,J4,1007,954,1961
2019-03-04T12:00:00+09:00,J5,657,729,1386
2019-03-04T12:15:00+09:00,J1,1170,1286,2456
2019-03-04T12:15:00+09:00,J2,780,865,1645
2019-03-04T12:15:00+09:00,J3,1270,1081,2351
2019-03-04T12:15:00+09:00,J4,1026,983,2009
2019-03-04T12:15:00+09:00,J5,708,654,1362
2019-03-04T12:30:00+09:00,J1,1122,1275,2397
2019-03-04T12:30:00+09:00,J2,878,792,1670
2019-03-04T12:30:00+09:00,J3,1066,920,1986
2019-03-04T12:30:00+09:00,J4,1054,986,2040
2019-03-04T12:30:00+09:00,J5,624,569,1193
2019-03-04T12:45:00+09:00,J1,1114,1314,2428
2019-03-04T12:45:00+09:00,J2,845,796,1641
2019-03-04T12:45:00+09:00,J3,947,895,1842
2019-03-04T12:45:00+09:00,J4,1007,1040,2047
2019-03-04T12:45:00+09:00,J5,503,605,1108
2019-03-04T13:00:00+09:00,J1,1149,1324,2473
2019-03-04T13:00:00+09:00,J2,815,820,1635
2019-03-04T13:00:00+09:00,J3,961,884,1845
2019-03-04T13:00:00+09:00,J4,943,926,1869
2019-03-04T13:00:00+09:00,J5,478,481,959
2019-03-04T13:15:00+09:00,J1,1122,1333,2455
2019-03-04T13:15:00+09:00,J2,823,821,1644
2019-03-04T13:15:00+09:00,J3,971,857,1828
2019-03-04T13:15:00+09:00,J4,1023,947,1970
2019-03-04T13:15:00+09:00,J5,468,483,951
2019-03-04T13:30:00+09:00,J1,1066,1266,2332
2019-03-04T13:30:00+09:00,J2,907,879,1786
2019-03-04T13:30:00+09:00,J3,1059,915,1974
2019-03-04T13:30:00+09:00,J4,965,839,1804
2019-03-04T13:30:00+09:00,J5,466,453,919
2019-03-04T13:45:00+09:00,J1,1043,1315,2358
2019-03-04T13:45:00+09:00,J2,772,828,1600
2019-03-04T13:45:00+09:00,J3,958,925,1883
2019-03-04T13:45:00+09:00,J4,829,787,1616
2019-03-04T13:45:00+09:00,J5,455,456,911
2019-03-04T14:00:00+09:00,J1,1103,1311,2414
2019-03-04T14:00:00+09:00,J2,661,721,1382
2019-03-04T14:00:00+09:00,J3,914,957,1871
2019-03-04T14:00:00+09:00,J4,789,800,1589
2019-03-04T14:00:00+09:00,J5,430,434,864
2019-03-04T14:15:00+09:00,J1,1109,1311,2420
2019-03-04T14:15:00+09:00,J2,833,753,1586
2019-03-04T14:15:00+09:00,J3,991,1071,2062
2019-03-04T14:15:00+09:00,J4,753,865,1618
2019-03-04T14:15:00+09:00,J5,421,442,863
2019-03-04T14:30:00+09:00,J1,1092,1291,2383
2019-03-04T14:30:00+09:00,J2,831,846,1677
2019-03-04T14:30:00+09:00,J3,928,988,1916
2019-03-04T14:30:00+09:00,J4,764,923,1687
2019-03-04T14:30:00+09:00,J5,425,434,859
2019-03-04T14:45:00+09:00,J1,1055,1299,2354
2019-03-04T14:45:00+09:00,J2,714,817,1531
2019-03-04T14:45:00+09:00,J3,998,1002,2000
2019-03-04T14:45:00+09:00,J4,847,835,1682
2019-03-04T14:45:00+09:00,J5,417,456,873
2019-03-04T15:00:00+09:00,J1,1078,1274,2352
2019-03-04T15:00:00+09:00,J2,693,769,1462
2019-03-04T15:00:00+09:00,J3,1057,1057,2114
2019-03-04T15:00:00+09:00,J4,785,881,1666
2019-03-04T15:00:00+09:00,J5,472,502,974
2019-03-04T15:15:00+09:00,J1,1058,1315,2373
2019-03-04T15:15:00+09:00,J2,679,824,1503
2019-03-04T15:15:00+09:00,J3,1022,929,1951
2019-03-04T15:15:00+09:00,J4,771,931,1702
2019-03-04T15:15:00+09:00,J5,475,519,994
2019-03-04T15:30:00+09:00,J1,1092,1353,2445
2019-03-04T15:30:00+09:00,J2,813,851,1664
2019-03-04T15:30:00+09:00,J3,1000,1000,2000
2019-03-04T15:30:00+09:00,J4,823,970,1793
2019-03-04T15:30:00+09:00,J5,446,527,973
2019-03-04T15:45:00+09:00,J1,1040,1283,2323
2019-03-04T15:45:00+09:00,J2,735,864,1599
2019-03-04T15:45:00+09:00,J3,1028,985,2013
2019-03-04T15:45:00+09:00,J4,774,938,1712
2019-03-04T15:45:00+09:00,J5,461,560,1021
2019-03-04T16:00:00+09:00,J1,1112,1302,2414
2019-03-04T16:00:00+09:00,J2,703,867,1570
2019-03-04T16:00:00+09:00,J3,931,873,1804
2019-03-04T16:00:00+09:00,J4,788,950,1738
2019-03-04T16:00:00+09:00,J5,442,542,984
2019-03-04T16:15:00+09:00,J1,1165,1322,2487
2019-03-04T16:15:00+09:00,J2,750,871,1621
2019-03-04T16:15:00+09:00,J3,1051,1024,2075
2019-03-04T16:15:00+09:00,J4,762,877,1639
2019-03-04T16:15:00+09:00,J5,490,538,1028
2019-03-04T16:30:00+09:00,J1,1107,1289,2396
2019-03-04T16:30:00+09:00,J2,770,832,1602
2019-03-04T16:30:00+09:00,J3,1155,1060,2215
2019-03-04T16:30:00+09:00,J4,743,894,1637
2019-03-04T16:30:00+09:00,J5,444,502,946
2019-03-04T16:45:00+09:00,J1,1091,1342,2433
2019-03-04T16:45:00+09:00,J2,738,812,1550
2019-03-04T16:45:00+09:00,J3,1238,1137,2375
2019-03-04T16:45:00+09:00,J4,741,828,1569
2019-03-04T16:45:00+09:00,J5,448,482,930
2019-03-04T17:00:00+09:00,J1,1158,1409,2567
2019-03-04T17:00:00+09:00,J2,741,902,1643
2019-03-04T17:00:00+09:00,J3,1305,1273,2578
2019-03-04T17:00:00+09:00,J4,762,787,1549
2019-03-04T17:00:00+09:00,J5,482,485,967
2019-03-04T17:15:00+09:00,J1,1012,1226,2238
2019-03-04T17:15:00+09:00,J2,691,770,1461
2019-03-04T17:15:00+09:00,J3,1210,991,2201
2019-03-04T17:15:00+09:00,J4,684,660,1344
2019-03-04T17:15:00+09:00,J5,427,465,892
2019-03-04T17:30:00+09:00,J1,1349,1669,3018
2019-03-04T17:30:00+09:00,J2,874,1105,1979
2019-03-04T17:30:00+09:00,J3,1570,1530,3100
2019-03-04T17:30:00+09:00,J4,950,916,1866
2019-03-04T17:30:00+09:00,J5,656,659,1315
2019-03-04T17:45:00+09:00,J1,1178,1477,2655
2019-03-04T17:45:00+09:00,J2,840,1029,1869
2019-03-04T17:45:00+09:00,J3,1491,1358,2849
2019-03-04T17:45:00+09:00,J4,912,854,1766
2019-03-04T17:45:00+09:00,J5,568,573,1141
2019-03-04T18:00:00+09:00,J1,1185,1529,2714
2019-03-04T18:00:00+09:00,J2,916,1045,1961
2019-03-04T18:00:00+09:00,J3,1608,1375,2983
2019-03-04T18:00:00+09:00,J4,927,800,1727
2019-03-04T18:00:00+09:00,J5,571,538,1109
2019-03-04T18:15:00+09:00,J1,1235,1542,2777
2019-03-04T18:15:00+09:00,J2,840,1066,1906
2019-03-04T18:15:00+09:00,J3,1656,1347,3003
2019-03-04T18:15:00+09:00,J4,948,820,1768
2019-03-04T18:15:00+09:00,J5,642,642,1284
2019-03-04T18:30:00+09:00,J1,1315,1466,2781
2019-03-04T18:30:00+09:00,J2,834,903,1737
2019-03-04T18:30:00+09:00,J3,1430,1158,2588
2019-03-04T18:30:00+09:00,J4,892,924,1816
2019-03-04T18:30:00+09:00,J5,646,613,1259
2019-03-04T18:45:00+09:00,J1,1238,1406,2644
2019-03-04T18:45:00+09:00,J2,790,828,1618
2019-03-04T18:45:00+09:00,J3,1334,1153,2487
2019-03-04T18:45:00+09:00,J4,935,932,1867
2019-03-04T18:45:00+09:00,J5,636,554,1190
2019-03-04T19:00:00+09:00,J1,1137,1394,2531
2019-03-04T19:00:00+09:00,J2,714,671,1385
2019-03-04T19:00:00+09:00,J3,1224,1066,2290
2019-03-04T19:00:00+09:00,J4,896,905,1801
2019-03-04T19:00:00+09:00,J5,647,585,1232
2019-03-04T19:15:00+09:00,J1,1214,1307,2521
2019-03-04T19:15:00+09:00,J2,752,780,1532
2019-03-04T19:15:00+09:00,J3,1272,1151,2423
2019-03-04T19:15:00+09:00,J4,979,937,1916
2019-03-04T19:15:00+09:00,J5,676,613,1289
2019-03-04T19:30:00+09:00,J1,1174,1401,2575
2019-03-04T19:30:00+09:00,J2,757,855,1612
2019-03-04T19:30:00+09:00,J3,1267,1111,2378
2019-03-04T19:30:00+09:00,J4,955,839,1794
2019-03-04T19:30:00+09:00,J5,621,588,1209
2019-03-04T19:45:00+09:00,J1,1178,1275,2453
2019-03-04T19:45:00+09:00,J2,655,658,1313
2019-03-04T19:45:00+09:00,J3,1106,993,2099
2019-03-04T19:45:00+09:00,J4,846,802,1648
2019-03-04T19:45:00+09:00,J5,582,564,1146
2019-03-04T20:00:00+09:00,J1,1144,1292,2436
2019-03-04T20:00:00+09:00,J2,652,655,1307
2019-03-04T20:00:00+09:00,J3,1172,1082,2254
2019-03-04T20:00:00+09:00,J4,816,817,1633
2019-03-04T20:00:00+09:00,J5,574,602,1176
2019-03-04T20:15:00+09:00,J1,1125,1319,2444
2019-03-04T20:15:00+09:00,J2,644,644,1288
2019-03-04T20:15:00+09:00,J3,1214,1116,2330
2019-03-04T20:15:00+09:00,J4,927,797,1724
2019-03-04T20:15:00+09:00,J5,613,563,1176
2019-03-04T20:30:00+09:00,J1,1107,1279,2386
2019-03-04T20:30:00+09:00,J2,637,579,1216
2019-03-04T20:30:00+09:00,J3,1188,1071,2259
2019-03-04T20:30:00+09:00,J4,988,843,1831
2019-03-04T20:30:00+09:00,J5,560,530,1090
2019-03-04T20:45:00+09:00,J1,1148,1184,2332
2019-03-04T20:45:00+09:00,J2,563,611,1174
2019-03-04T20:45:00+09:00,J3,1059,985,2044
2019-03-04T20:45:00+09:00,J4,916,827,1743
2019-03-04T20:45:00+09:00,J5,564,510,1074
2019-03-04T21:00:00+09:00,J1,1055,1245,2300
2019-03-04T21:00:00+09:00,J2,693,678,1371
2019-03-04T21:00:00+09:00,J3,1028,915,1943
2019-03-04T21:00:00+09:00,J4,1005,809,1814
2019-03-04T21:00:00+09:00,J5,592,534,1126
2019-03-04T21:15:00+09:00,J1,1044,1313,2357
2019-03-04T21:15:00+09:00,J2,672,715,1387
2019-03-04T21:15:00+09:00,J3,1113,843,1956
2019-03-04T21:15:00+09:00,J4,993,820,1813
2019-03-04T21:15:00+09:00,J5,548,495,1043
2019-03-04T21:30:00+09:00,J1,1020,1241,2261
2019-03-04T21:30:00+09:00,J2,571,650,1221
2019-03-04T21:30:00+09:00,J3,1027,799,1826
2019-03-04T21:30:00+09:00,J4,923,822,1745
2019-03-04T21:30:00+09:00,J5,588,579,1167
2019-03-04T21:45:00+09:00,J1,959,1201,2160
2019-03-04T21:45:00+09:00,J2,533,594,1127
2019-03-04T21:45:00+09:00,J3,906,729,1635
2019-03-04T21:45:00+09:00,J4,968,832,1800
2019-03-04T21:45:00+09:00,J5,525,528,1053
2019-03-04T22:00:00+09:00,J1,926,1143,2069
2019-03-04T22:00:00+09:00,J2,874,784,1658
2019-03-04T22:00:00+09:00,J3,881,784,1665
2019-03-04T22:00:00+09:00,J4,940,896,1836
2019-03-04T22:00:00+09:00,J5,537,491,1028
2019-03-04T22:15:00+09:00,J1,972,1131,2103
2019-03-04T22:15:00+09:00,J2,676,695,1371
2019-03-04T22:15:00+09:00,J3,781,669,1450
2019-03-04T22:15:00+09:00,J4,955,831,1786
2019-03-04T22:15:00+09:00,J5,582,529,1111
2019-03-04T22:30:00+09:00,J1,991,1077,2068
2019-03-04T22:30:00+09:00,J2,617,738,1355
2019-03-04T22:30:00+09:00,J3,772,711,1483
2019-03-04T22:30:00+09:00,J4,869,833,1702
2019-03-04T22:30:00+09:00,J5,593,522,1115
2019-03-04T22:45:00+09:00,J1,885,988,1873
2019-03-04T22:45:00+09:00,J2,742,690,1432
2019-03-04T22:45:00+09:00,J3,757,617,1374
2019-03-04T22:45:00+09:00,J4,872,816,1688
2019-03-04T22:45:00+09:00,J5,595,469,1064
2019-03-04T23:00:00+09:00,J1,923,1075,1998
2019-03-04T23:00:00+09:00,J2,735,731,1466
2019-03-04T23:00:00+09:00,J3,698,664,1362
2019-03-04T23:00:00+09:00,J4,868,773,1641
2019-03-04T23:00:00+09:00,J5,580,535,1115
2019-03-04T23:15:00+09:00,J1,915,1090,2005
2019-03-04T23:15:00+09:00,J2,691,723,1414
2019-03-04T23:15:00+09:00,J3,724,675,1399
2019-03-04T23:15:00+09:00,J4,842,885,1727
2019-03-04T23:15:00+09:00,J5,541,474,1015
2019-03-04T23:30:00+09:00,J1,852,1032,1884
2019-03-04T23:30:00+09:00,J2,660,598,1258
2019-03-04T23:30:00+09:00,J3,685,677,1362
2019-03-04T23:30:00+09:00,J4,728,763,1491
2019-03-04T23:30:00+09:00,J5,565,487,1052
2019-03-04T23:45:00+09:00,J1,930,944,1874
2019-03-04T23:45:00+09:00,J2,429,548,977
2019-03-04T23:45:00+09:00,J3,653,605,1258
2019-03-04T23:45:00+09:00,J4,691,691,1382
2019-03-04T23:45:00+09:00,J5,573,512,1085
2019-03-05T00:00:00+09:00,J1,811,835,1646
2019-03-05T00:00:00+09:00,J2,476,409,885
2019-03-05T00:00:00+09:00,J3,594,640,1234
2019-03-05T00:00:00+09:00,J4,759,749,1508
2019-03-05T00:00:00+09:00,J5,537,514,1051
2019-03-05T00:15:00+09:00,J1,738,782,1520
2019-03-05T00:15:00+09:00,J2,469,456,925
2019-03-05T00:15:00+09:00,J3,681,654,1335
2019-03-05T00:15:00+09:00,J4,759,727,1486
2019-03-05T00:15:00+09:00,J5,519,497,1016
2019-03-05T00:30:00+09:00,J1,561,627,1188
2019-03-05T00:30:00+09:00,J2,469,484,953
2019-03-05T00:30:00+09:00,J3,743,700,1443
2019-03-05T00:30:00+09:00,J4,636,665,1301
2019-03-05T00:30:00+09:00,J5,522,569,1091
2019-03-05T00:45:00+09:00,J1,609,584,1193
2019-03-05T00:45:00+09:00,J2,512,491,1003
2019-03-05T00:45:00+09:00,J3,753,730,1483
2019-03-05T00:45:00+09:00,J4,638,685,1323
2019-03-05T00:45:00+09:00,J5,493,508,1001
2019-03-05T05:45:00+09:00,J1,843,779,1622
2019-03-05T05:45:00+09:00,J2,671,795,1466
2019-03-05T05:45:00+09:00,J3,933,708,1641
2019-03-05T05:45:00+09:00,J4,518,577,1095
2019-03-05T05:45:00+09:00,J5,343,397,740
2019-03-05T06:00:00+09:00,J1,851,908,1759
2019-03-05T06:00:00+09:00,J2,704,776,1480
2019-03-05T06:00:00+09:00,J3,939,722,1661
2019-03-05T06:00:00+09:00,J4,538,585,1123
2019-03-05T06:00:00+09:00,J5,362,402,764
2019-03-05T06:15:00+09:00,J1,1020,993,2013
2019-03-05T06:15:00+09:00,J2,837,827,1664
2019-03-05T06:15:00+09:00,J3,987,826,1813
2019-03-05T06:15:00+09:00,J4,653,668,1321
2019-03-05T06:15:00+09:00,J5,413,475,888
2019-03-05T06:30:00+09:00,J1,967,972,1939
2019-03-05T06:30:00+09:00,J2,778,837,1615
2019-03-05T06:30:00+09:00,J3,929,797,1726
2019-03-05T06:30:00+09:00,J4,655,751,1406
2019-03-05T06:30:00+09:00,J5,333,415,748
2019-03-05T06:45:00+09:00,J1,1056,1052,2108
2019-03-05T06:45:00+09:00,J2,778,819,1597
2019-03-05T06:45:00+09:00,J3,1031,866,1897
2019-03-05T06:45:00+09:00,J4,695,750,1445
2019-03-05T06:45:00+09:00,J5,362,496,858
2019-03-05T07:00:00+09:00,J1,1175,1090,2265
2019-03-05T07:00:00+09:00,J2,854,764,1618
2019-03-05T07:00:00+09:00,J3,988,877,1865
2019-03-05T07:00:00+09:00,J4,705,796,1501
2019-03-05T07:00:00+09:00,J5,447,576,1023
2019-03-05T07:15:00+09:00,J1,1171,1150,2321
2019-03-05T07:15:00+09:00,J2,855,686,1541
2019-03-05T07:15:00+09:00,J3,822,921,1743
2019-03-05T07:15:00+09:00,J4,845,870,1715
2019-03-05T07:15:00+09:00,J5,518,588,1106
2019-03-05T07:30:00+09:00,J1,1109,1176,2285
2019-03-05T07:30:00+09:00,J2,883,722,1605
2019-03-05T07:30:00+09:00,J3,1203,1154,2357
2019-03-05T07:30:00+09:00,J4,844,975,1819
2019-03-05T07:30:00+09:00,J5,693,674,1367
2019-03-05T07:45:00+09:00,J1,1247,1315,2562
2019-03-05T07:45:00+09:00,J2,842,691,1533
2019-03-05T07:45:00+09:00,J3,1262,1202,2464
2019-03-05T07:45:00+09:00,J4,1022,1179,2201
2019-03-05T07:45:00+09:00,J5,648,647,1295
2019-03-05T08:00:00+09:00,J1,1346,1397,2743
2019-03-05T08:00:00+09:00,J2,988,786,1774
2019-03-05T08:00:00+09:00,J3,1425,1308,2733
2019-03-05T08:00:00+09:00,J4,1030,1172,2202
2019-03-05T08:00:00+09:00,J5,685,757,1442
2019-03-05T08:15:00+09:00,J1,1447,1331,2778
2019-03-05T08:15:00+09:00,J2,1224,897,2121
2019-03-05T08:15:00+09:00,J3,1546,1396,2942
2019-03-05T08:15:00+09:00,J4,1013,1138,2151
2019-03-05T08:15:00+09:00,J5,658,702,1360
2019-03-05T08:30:00+09:00,J1,1475,1367,2842
2019-03-05T08:30:00+09:00,J2,1159,704,1863
2019-03-05T08:30:00+09:00,J3,1422,1471,2893
2019-03-05T08:30:00+09:00,J4,892,1188,2080
2019-03-05T08:30:00+09:00,J5,581,647,1228
2019-03-05T08:45:00+09:00,J1,1365,1243,2608
2019-03-05T08:45:00+09:00,J2,816,654,1470
2019-03-05T08:45:00+09:00,J3,1168,1216,2384
2019-03-05T08:45:00+09:00,J4,941,1053,1994
2019-03-05T08:45:00+09:00,J5,461,570,1031
2019-03-05T09:00:00+09:00,J1,1296,1312,2608
2019-03-05T09:00:00+09:00,J2,790,730,1520
2019-03-05T09:00:00+09:00,J3,1109,1056,2165
2019-03-05T09:00:00+09:00,J4,1003,923,1926
2019-03-05T09:00:00+09:00,J5,514,587,1101
2019-03-05T09:15:00+09:00,J1,1262,1122,2384
2019-03-05T09:15:00+09:00,J2,808,778,1586
2019-03-05T09:15:00+09:00,J3,1089,1090,2179
2019-03-05T09:15:00+09:00,J4,977,957,1934
2019-03-05T09:15:00+09:00,J5,464,455,919
2019-03-05T09:30:00+09:00,J1,1242,1263,2505
2019-03-05T09:30:00+09:00,J2,816,696,1512
2019-03-05T09:30:00+09:00,J3,1085,1133,2218
2019-03-05T09:30:00+09:00,J4,946,1008,1954
2019-03-05T09:30:00+09:00,J5,529,475,1004
2019-03-05T09:45:00+09:00,J1,1247,1239,2486
2019-03-05T09:45:00+09:00,J2,706,702,1408
2019-03-05T09:45:00+09:00,J3,1114,1090,2204
2019-03-05T09:45:00+09:00,J4,904,1006,1910
2019-03-05T09:45:00+09:00,J5,495,458,953
2019-03-05T10:00:00+09:00,J1,1270,1290,2560
2019-03-05T10:00:00+09:00,J2,580,704,1284
2019-03-05T10:00:00+09:00,J3,1036,1001,2037
2019-03-05T10:00:00+09:00,J4,923,935,1858
2019-03-05T10:00:00+09:00,J5,500,505,1005
2019-03-05T10:15:00+09:00,J1,1156,1277,2433
2019-03-05T10:15:00+09:00,J2,617,610,1227
2019-03-05T10:15:00+09:00,J3,1109,984,2093
2019-03-05T10:15:00+09:00,J4,852,978,1830
2019-03-05T10:15:00+09:00,J5,535,519,1054
2019-03-05T10:30:00+09:00,J1,1186,1149,2335
2019-03-05T10:30:00+09:00,J2,623,708,1331
2019-03-05T10:30:00+09:00,J3,1023,991,2014
2019-03-05T10:30:00+09:00,J4,812,939,1751
2019-03-05T10:30:00+09:00,J5,499,477,976
2019-03-05T10:45:00+09:00,J1,1196,1165,2361
2019-03-05T10:45:00+09:00,J2,739,765,1504
2019-03-05T10:45:00+09:00,J3,1114,1004,2118
2019-03-05T10:45:00+09:00,J4,943,1027,1970
2019-03-05T10:45:00+09:00,J5,449,420,869
2019-03-05T11:00:00+09:00,J1,1250,1341,2591
2019-03-05T11:00:00+09:00,J2,787,825,1612
2019-03-05T11:00:00+09:00,J3,1071,1035,2106
2019-03-05T11:00:00+09:00,J4,981,942,1923
2019-03-05T11:00:00+09:00,J5,452,437,889
2019-03-05T11:15:00+09:00,J1,1228,1373,2601
2019-03-05T11:15:00+09:00,J2,826,853,1679
2019-03-05T11:15:00+09:00,J3,1172,1086,2258
2019-03-05T11:15:00+09:00,J4,940,1048,1988
2019-03-05T11:15:00+09:00,J5,557,572,1129
2019-03-05T11:30:00+09:00,J1,1235,1381,2616
2019-03-05T11:30:00+09:00,J2,904,752,1656
2019-03-05T11:30:00+09:00,J3,1307,1208,2515
2019-03-05T11:30:00+09:00,J4,937,1005,1942
2019-03-05T11:30:00+09:00,J5,707,691,1398
2019-03-05T11:45:00+09:00,J1,1254,1438,2692
2019-03-05T11:45:00+09:00,J2,859,763,1622
2019-03-05T11:45:00+09:00,J3,1229,1136,2365
2019-03-05T11:45:00+09:00,J4,1002,1031,2033
2019-03-05T11:45:00+09:00,J5,681,646,1327
2019-03-05T12:00:00+09:00,J1,1222,1400,2622
2019-03-05T12:00:00+09:00,J2,880,726,1606
2019-03-05T12:00:00+09:00,J3,1251,1158,2409
2019-03-05T12:00:00+09:00,J4,997,983,1980
2019-03-05T12:00:00+09:00,J5,682,679,1361
2019-03-05T12:15:00+09:00,J1,1136,1295,2431
2019-03-05T12:15:00+09:00,J2,851,754,1605
2019-03-05T12:15:00+09:00,J3,1241,1033,2274
2019-03-05T12:15:00+09:00,J4,992,940,1932
2019-03-05T12:15:00+09:00,J5,719,686,1405
2019-03-05T12:30:00+09:00,J1,1188,1387,2575
2019-03-05T12:30:00+09:00,J2,880,735,1615
2019-03-05T12:30:00+09:00,J3,1034,1010,2044
2019-03-05T12:30:00+09:00,J4,887,942,1829
2019-03-05T12:30:00+09:00,J5,630,657,1287
2019-03-05T12:45:00+09:00,J1,1139,1375,2514
2019-03-05T12:45:00+09:00,J2,815,738,1553
2019-03-05T12:45:00+09:00,J3,941,938,1879
2019-03-05T12:45:00+09:00,J4,835,930,1765
2019-03-05T12:45:00+09:00,J5,580,586,1166
2019-03-05T13:00:00+09:00,J1,1174,1346,2520
2019-03-05T13:00:00+09:00,J2,825,726,1551
2019-03-05T13:00:00+09:00,J3,952,839,1791
2019-03-05T13:00:00+09:00,J4,826,843,1669
2019-03-05T13:00:00+09:00,J5,544,529,1073
2019-03-05T13:15:00+09:00,J1,1133,1426,2559
2019-03-05T13:15:00+09:00,J2,791,734,1525
2019-03-05T13:15:00+09:00,J3,996,920,1916
2019-03-05T13:15:00+09:00,J4,762,934,1696
2019-03-05T13:15:00+09:00,J5,529,600,1129
2019-03-05T13:30:00+09:00,J1,1124,1342,2466
2019-03-05T13:30:00+09:00,J2,873,740,1613
2019-03-05T13:30:00+09:00,J3,898,737,1635
2019-03-05T13:30:00+09:00,J4,756,851,1607
2019-03-05T13:30:00+09:00,J5,552,580,1132
2019-03-05T13:45:00+09:00,J1,1152,1310,2462
2019-03-05T13:45:00+09:00,J2,837,746,1583
2019-03-05T13:45:00+09:00,J3,965,794,1759
2019-03-05T13:45:00+09:00,J4,737,890,1627
2019-03-05T13:45:00+09:00,J5,523,493,1016
2019-03-05T14:00:00+09:00,J1,1100,1283,2383
2019-03-05T14:00:00+09:00,J2,867,736,1603
2019-03-05T14:00:00+09:00,J3,789,733,1522
2019-03-05T14:00:00+09:00,J4,762,841,1603
2019-03-05T14:00:00+09:00,J5,438,481,919
2019-03-05T14:15:00+09:00,J1,1133,1325,2458
2019-03-05T14:15:00+09:00,J2,896,755,1651
2019-03-05T14:15:00+09:00,J3,945,940,1885
2019-03-05T14:15:00+09:00,J4,729,874,1603
2019-03-05T14:15:00+09:00,J5,461,505,966
2019-03-05T14:30:00+09:00,J1,1152,1361,2513
2019-03-05T14:30:00+09:00,J2,927,800,1727
2019-03-05T14:30:00+09:00,J3,949,835,1784
2019-03-05T14:30:00+09:00,J4,720,875,1595
2019-03-05T14:30:00+09:00,J5,498,533,1031
2019-03-05T14:45:00+09:00,J1,1141,1358,2499
2019-03-05T14:45:00+09:00,J2,867,761,1628
2019-03-05T14:45:00+09:00,J3,812,860,1672
2019-03-05T14:45:00+09:00,J4,778,838,1616
2019-03-05T14:45:00+09:00,J5,472,516,988
2019-03-05T15:00:00+09:00,J1,1124,1321,2445
2019-03-05T15:00:00+09:00,J2,810,823,1633
2019-03-05T15:00:00+09:00,J3,844,791,1635
2019-03-05T15:00:00+09:00,J4,764,843,1607
2019-03-05T15:00:00+09:00,J5,443,585,1028
2019-03-05T15:15:00+09:00,J1,1123,1325,2448
2019-03-05T15:15:00+09:00,J2,829,827,1656
2019-03-05T15:15:00+09:00,J3,899,841,1740
2019-03-05T15:15:00+09:00,J4,711,789,1500
2019-03-05T15:15:00+09:00,J5,504,495,999
2019-03-05T15:30:00+09:00,J1,1156,1258,2414
2019-03-05T15:30:00+09:00,J2,889,763,1652
2019-03-05T15:30:00+09:00,J3,805,798,1603
2019-03-05T15:30:00+09:00,J4,738,859,1597
2019-03-05T15:30:00+09:00,J5,482,566,1048
2019-03-05T15:45:00+09:00,J1,1076,1356,2432
2019-03-05T15:45:00+09:00,J2,820,773,1593
2019-03-05T15:45:00+09:00,J3,840,783,1623
2019-03-05T15:45:00+09:00,J4,724,794,1518
2019-03-05T15:45:00+09:00,J5,538,569,1107
2019-03-05T16:00:00+09:00,J1,1123,1378,2501
2019-03-05T16:00:00+09:00,J2,757,766,1523
2019-03-05T16:00:00+09:00,J3,812,755,1567
2019-03-05T16:00:00+09:00,J4,710,775,1485
2019-03-05T16:00:00+09:00,J5,525,551,1076
2019-03-05T16:15:00+09:00,J1,1113,1294,2407
2019-03-05T16:15:00+09:00,J2,847,788,1635
2019-03-05T16:15:00+09:00,J3,854,789,1643
2019-03-05T16:15:00+09:00,J4,659,782,1441
2019-03-05T16:15:00+09:00,J5,509,583,1092
2019-03-05T16:30:00+09:00,J1,1109,1352,2461
2019-03-05T16:30:00+09:00,J2,812,784,1596
2019-03-05T16:30:00+09:00,J3,869,840,1709
2019-03-05T16:30:00+09:00,J4,766,802,1568
2019-03-05T16:30:00+09:00,J5,514,567,1081
2019-03-05T16:45:00+09:00,J1,1121,1374,2495
2019-03-05T16:45:00+09:00,J2,797,767,1564
2019-03-05T16:45:00+09:00,J3,980,1086,2066
2019-03-05T16:45:00+09:00,J4,672,711,1383
2019-03-05T16:45:00+09:00,J5,470,529,999
2019-03-05T17:00:00+09:00,J1,1144,1428,2572
2019-03-05T17:00:00+09:00,J2,909,890,1799
2019-03-05T17:00:00+09:00,J3,1151,1042,2193
2019-03-05T17:00:00+09:00,J4,869,876,1745
2019-03-05T17:00:00+09:00,J5,491,635,1126
2019-03-05T17:15:00+09:00,J1,1245,1429,2674
2019-03-05T17:15:00+09:00,J2,944,937,1881
2019-03-05T17:15:00+09:00,J3,1341,1067,2408
2019-03-05T17:15:00+09:00,J4,1106,894,2000
2019-03-05T17:15:00+09:00,J5,566,644,1210
2019-03-05T17:30:00+09:00,J1,1306,1462,2768
2019-03-05T17:30:00+09:00,J2,962,1001,1963
2019-03-05T17:30:00+09:00,J3,1336,1095,2431
2019-03-05T17:30:00+09:00,J4,1119,934,2053
2019-03-05T17:30:00+09:00,J5,534,662,1196
2019-03-05T17:45:00+09:00,J1,1291,1410,2701
2019-03-05T17:45:00+09:00,J2,1018,913,1931
2019-03-05T17:45:00+09:00,J3,1324,1118,2442
2019-03-05T17:45:00+09:00,J4,1179,938,2117
2019-03-05T17:45:00+09:00,J5,587,709,1296
2019-03-05T18:00:00+09:00,J1,1263,1456,2719
2019-03-05T18:00:00+09:00,J2,1016,926,1942
2019-03-05T18:00:00+09:00,J3,1450,1094,2544
2019-03-05T18:00:00+09:00,J4,1219,895,2114
2019-03-05T18:00:00+09:00,J5,631,754,1385
2019-03-05T18:15:00+09:00,J1,1331,1373,2704
2019-03-05T18:15:00+09:00,J2,1063,974,2037
2019-03-05T18:15:00+09:00,J3,1492,1242,2734
2019-03-05T18:15:00+09:00,J4,1046,937,1983
2019-03-05T18:15:00+09:00,J5,554,705,1259
2019-03-05T18:30:00+09:00,J1,1119,1361,2480
2019-03-05T18:30:00+09:00,J2,962,808,1770
2019-03-05T18:30:00+09:00,J3,1312,1052,2364
2019-03-05T18:30:00+09:00,J4,909,776,1685
2019-03-05T18:30:00+09:00,J5,499,638,1137
2019-03-05T18:45:00+09:00,J1,1158,1321,2479
2019-03-05T18:45:00+09:00,J2,893,848,1741
2019-03-05T18:45:00+09:00,J3,1173,887,2060
2019-03-05T18:45:00+09:00,J4,839,767,1606
2019-03-05T18:45:00+09:00,J5,478,561,1039
2019-03-05T19:00:00+09:00,J1,1114,1252,2366
2019-03-05T19:00:00+09:00,J2,638,801,1439
2019-03-05T19:00:00+09:00,J3,1188,921,2109
2019-03-05T19:00:00+09:00,J4,807,748,1555
2019-03-05T19:00:00+09:00,J5,557,551,1108
2019-03-05T19:15:00+09:00,J1,998,1300,2298
2019-03-05T19:15:00+09:00,J2,613,788,1401
2019-03-05T19:15:00+09:00,J3,1221,983,2204
2019-03-05T19:15:00+09:00,J4,809,856,1665
2019-03-05T19:15:00+09:00,J5,500,552,1052
2019-03-05T19:30:00+09:00,J1,1146,1361,2507
2019-03-05T19:30:00+09:00,J2,537,719,1256
2019-03-05T19:30:00+09:00,J3,1104,904,2008
2019-03-05T19:30:00+09:00,J4,835,852,1687
2019-03-05T19:30:00+09:00,J5,537,535,1072
2019-03-05T19:45:00+09:00,J1,1132,1299,2431
2019-03-05T19:45:00+09:00,J2,570,697,1267
2019-03-05T19:45:00+09:00,J3,1121,922,2043
2019-03-05T19:45:00+09:00,J4,815,824,1639
2019-03-05T19:45:00+09:00,J5,495,523,1018
2019-03-05T20:00:00+09:00,J1,1181,1344,2525
2019-03-05T20:00:00+09:00,J2,570,686,1256
2019-03-05T20:00:00+09:00,J3,1061,862,1923
2019-03-05T20:00:00+09:00,J4,863,812,1675
2019-03-05T20:00:00+09:00,J5,534,496,1030
2019-03-05T20:15:00+09:00,J1,1157,1273,2430
2019-03-05T20:15:00+09:00,J2,573,665,1238
2019-03-05T20:15:00+09:00,J3,1072,969,2041
2019-03-05T20:15:00+09:00,J4,816,842,1658
2019-03-05T20:15:00+09:00,J5,526,534,1060
2019-03-05T20:30:00+09:00,J1,1160,1288,2448
2019-03-05T20:30:00+09:00,J2,556,606,1162
2019-03-05T20:30:00+09:00,J3,1050,898,1948
2019-03-05T20:30:00+09:00,J4,810,885,1695
2019-03-05T20:30:00+09:00,J5,499,492,991
2019-03-05T20:45:00+09:00,J1,1172,1302,2474
2019-03-05T20:45:00+09:00,J2,600,582,1182
2019-03-05T20:45:00+09:00,J3,1033,794,1827
2019-03-05T20:45:00+09:00,J4,820,808,1628
2019-03-05T20:45:00+09:00,J5,495,440,935
2019-03-05T21:00:00+09:00,J1,1040,1145,2185
2019-03-05T21:00:00+09:00,J2,726,643,1369
2019-03-05T21:00:00+09:00,J3,977,917,1894
2019-03-05T21:00:00+09:00,J4,860,819,1679
2019-03-05T21:00:00+09:00,J5,534,483,1017
2019-03-05T21:15:00+09:00,J1,1072,1276,2348
2019-03-05T21:15:00+09:00,J2,778,752,1530
2019-03-05T21:15:00+09:00,J3,1057,960,2017
2019-03-05T21:15:00+09:00,J4,819,848,1667
2019-03-05T21:15:00+09:00,J5,495,487,982
2019-03-05T21:30:00+09:00,J1,1060,1221,2281
2019-03-05T21:30:00+09:00,J2,781,739,1520
2019-03-05T21:30:00+09:00,J3,1077,918,1995
2019-03-05T21:30:00+09:00,J4,731,792,1523
2019-03-05T21:30:00+09:00,J5,478,474,952
2019-03-05T21:45:00+09:00,J1,1076,1241,2317
2019-03-05T21:45:00+09:00,J2,646,694,1340
2019-03-05T21:45:00+09:00,J3,1085,828,1913
2019-03-05T21:45:00+09:00,J4,815,780,1595
2019-03-05T21:45:00+09:00,J5,420,473,893
2019-03-05T22:00:00+09:00,J1,1028,1181,2209
2019-03-05T22:00:00+09:00,J2,546,628,1174
2019-03-05T22:00:00+09:00,J3,973,779,1752
2019-03-05T22:00:00+09:00,J4,891,776,1667
2019-03-05T22:00:00+09:00,J5,513,535,1048
2019-03-05T22:15:00+09:00,J1,1071,1060,2131
2019-03-05T22:15:00+09:00,J2,551,620,1171
2019-03-05T22:15:00+09:00,J3,924,729,1653
2019-03-05T22:15:00+09:00,J4,810,828,1638
2019-03-05T22:15:00+09:00,J5,474,486,960
2019-03-05T22:30:00+09:00,J1,986,1098,2084
2019-03-05T22:30:00+09:00,J2,450,703,1153
2019-03-05T22:30:00+09:00,J3,962,793,1755
2019-03-05T22:30:00+09:00,J4,791,795,1586
2019-03-05T22:30:00+09:00,J5,456,482,938
2019-03-05T22:45:00+09:00,J1,950,1043,1993
2019-03-05T22:45:00+09:00,J2,476,624,1100
2019-03-05T22:45:00+09:00,J3,946,656,1602
2019-03-05T22:45:00+09:00,J4,873,773,1646
2019-03-05T22:45:00+09:00,J5,459,475,934
2019-03-05T23:00:00+09:00,J1,957,1000,1957
2019-03-05T23:00:00+09:00,J2,404,539,943
2019-03-05T23:00:00+09:00,J3,865,677,1542
2019-03-05T23:00:00+09:00,J4,828,866,1694
2019-03-05T23:00:00+09:00,J5,423,458,881
2019-03-05T23:15:00+09:00,J1,1005,1138,2143
2019-03-05T23:15:00+09:00,J2,494,632,1126
2019-03-05T23:15:00+09:00,J3,784,652,1436
2019-03-05T23:15:00+09:00,J4,913,789,1702
2019-03-05T23:15:00+09:00,J5,460,484,944
2019-03-05T23:30:00+09:00,J1,903,1069,1972
2019-03-05T23:30:00+09:00,J2,416,593,1009
2019-03-05T23:30:00+09:00,J3,812,700,1512
2019-03-05T23:30:00+09:00,J4,823,729,1552
2019-03-05T23:30:00+09:00,J5,464,467,931
2019-03-05T23:45:00+09:00,J1,968,1031,1999
2019-03-05T23:45:00+09:00,J2,416,527,943
2019-03-05T23:45:00+09:00,J3,646,579,1225
2019-03-05T23:45:00+09:00,J4,849,814,1663
2019-03-05T23:45:00+09:00,J5,608,503,1111
2019-03-06T00:00:00+09:00,J1,755,725,1480
2019-03-06T00:00:00+09:00,J2,559,584,1143
2019-03-06T00:00:00+09:00,J3,611,582,1193
2019-03-06T00:00:00+09:00,J4,799,823,1622
2019-03-06T00:00:00+09:00,J5,563,506,1069
2019-03-06T00:15:00+09:00,J1,648,624,1272
2019-03-06T00:15:00+09:00,J2,447,476,923
2019-03-06T00:15:00+09:00,J3,521,554,1075
2019-03-06T00:15:00+09:00,J4,836,733,1569
2019-03-06T00:15:00+09:00,J5,526,481,1007
2019-03-06T00:30:00+09:00,J1,569,511,1080
2019-03-06T00:30:00+09:00,J2,416,409,825
2019-03-06T00:30:00+09:00,J3,518,453,971
2019-03-06T00:30:00+09:00,J4,867,769,1636
2019-03-06T00:30:00+09:00,J5,503,473,976
2019-03-06T00:45:00+09:00,J1,530,497,1027
2019-03-06T00:45:00+09:00,J2,455,445,900
2019-03-06T00:45:00+09:00,J3,537,521,1058
2019-03-06T00:45:00+09:00,J4,815,774,1589
2019-03-06T00:45:00+09:00,J5,451,479,930
2019-03-06T05:45:00+09:00,J1,768,727,1495
2019-03-06T05:45:00+09:00,J2,737,622,1359
2019-03-06T05:45:00+09:00,J3,989,837,1826
2019-03-06T05:45:00+09:00,J4,718,708,1426
2019-03-06T05:45:00+09:00,J5,319,380,699
2019-03-06T06:00:00+09:00,J1,616,832,1448
2019-03-06T06:00:00+09:00,J2,641,544,1185
2019-03-06T06:00:00+09:00,J3,1027,850,1877
2019-03-06T06:00:00+09:00,J4,820,737,1557
2019-03-06T06:00:00+09:00,J5,416,392,808
2019-03-06T06:15:00+09:00,J1,778,855,1633
2019-03-06T06:15:00+09:00,J2,601,493,1094
2019-03-06T06:15:00+09:00,J3,854,856,1710
2019-03-06T06:15:00+09:00,J4,729,805,1534
2019-03-06T06:15:00+09:00,J5,521,450,971
2019-03-06T06:30:00+09:00,J1,770,821,1591
2019-03-06T06:30:00+09:00,J2,551,551,1102
2019-03-06T06:30:00+09:00,J3,824,780,1604
2019-03-06T06:30:00+09:00,J4,699,730,1429
2019-03-06T06:30:00+09:00,J5,522,510,1032
2019-03-06T06:45:00+09:00,J1,870,937,1807
2019-03-06T06:45:00+09:00,J2,570,535,1105
2019-03-06T06:45:00+09:00,J3,752,789,1541
2019-03-06T06:45:00+09:00,J4,794,798,1592
2019-03-06T06:45:00+09:00,J5,616,528,1144
2019-03-06T07:00:00+09:00,J1,1035,1121,2156
2019-03-06T07:00:00+09:00,J2,658,648,1306
2019-03-06T07:00:00+09:00,J3,804,765,1569
2019-03-06T07:00:00+09:00,J4,773,820,1593
2019-03-06T07:00:00+09:00,J5,595,625,1220
2019-03-06T07:15:00+09:00,J1,1122,1174,2296
2019-03-06T07:15:00+09:00,J2,644,583,1227
2019-03-06T07:15:00+09:00,J3,739,776,1515
2019-03-06T07:15:00+09:00,J4,769,808,1577
2019-03-06T07:15:00+09:00,J5,603,590,1193
2019-03-06T07:30:00+09:00,J1,1141,1129,2270
2019-03-06T07:30:00+09:00,J2,661,531,1192
2019-03-06T07:30:00+09:00,J3,1136,1130,2266
2019-03-06T07:30:00+09:00,J4,901,934,1835
2019-03-06T07:30:00+09:00,J5,657,655,1312
2019-03-06T07:45:00+09:00,J1,1216,1292,2508
2019-03-06T07:45:00+09:00,J2,713,562,1275
2019-03-06T07:45:00+09:00,J3,1263,1196,2459
2019-03-06T07:45:00+09:00,J4,988,1001,1989
2019-03-06T07:45:00+09:00,J5,691,743,1434
2019-03-06T08:00:00+09:00,J1,1347,1296,2643
2019-03-06T08:00:00+09:00,J2,1038,926,1964
2019-03-06T08:00:00+09:00,J3,1364,1293,2657
2019-03-06T08:00:00+09:00,J4,976,955,1931
2019-03-06T08:00:00+09:00,J5,671,694,1365
2019-03-06T08:15:00+09:00,J1,1430,1290,2720
2019-03-06T08:15:00+09:00,J2,1072,761,1833
2019-03-06T08:15:00+09:00,J3,1338,1419,2757
2019-03-06T08:15:00+09:00,J4,930,1150,2080
2019-03-06T08:15:00+09:00,J5,740,758,1498
2019-03-06T08:30:00+09:00,J1,1398,1338,2736
2019-03-06T08:30:00+09:00,J2,1043,637,1680
2019-03-06T08:30:00+09:00,J3,1282,1418,2700
2019-03-06T08:30:00+09:00,J4,815,1191,2006
2019-03-06T08:30:00+09:00,J5,627,767,1394
2019-03-06T08:45:00+09:00,J1,1026,1017,2043
2019-03-06T08:45:00+09:00,J2,821,663,1484
2019-03-06T08:45:00+09:00,J3,1329,1189,2518
2019-03-06T08:45:00+09:00,J4,826,935,1761
2019-03-06T08:45:00+09:00,J5,613,580,1193
2019-03-06T09:00:00+09:00,J1,900,889,1789
2019-03-06T09:00:00+09:00,J2,821,638,1459
2019-03-06T09:00:00+09:00,J3,1198,1154,2352
2019-03-06T09:00:00+09:00,J4,844,828,1672
2019-03-06T09:00:00+09:00,J5,325,444,769
2019-03-06T09:15:00+09:00,J1,834,862,1696
2019-03-06T09:15:00+09:00,J2,748,697,1445
2019-03-06T09:15:00+09:00,J3,953,932,1885
2019-03-06T09:15:00+09:00,J4,921,897,1818
2019-03-06T09:15:00+09:00,J5,462,422,884
2019-03-06T09:30:00+09:00,J1,1033,954,1987
2019-03-06T09:30:00+09:00,J2,764,664,1428
2019-03-06T09:30:00+09:00,J3,972,900,1872
2019-03-06T09:30:00+09:00,J4,869,858,1727
2019-03-06T09:30:00+09:00,J5,440,481,921
2019-03-06T09:45:00+09:00,J1,871,937,1808
2019-03-06T09:45:00+09:00,J2,604,546,1150
2019-03-06T09:45:00+09:00,J3,739,753,1492
2019-03-06T09:45:00+09:00,J4,728,629,1357
2019-03-06T09:45:00+09:00,J5,337,364,701
2019-03-06T10:00:00+09:00,J1,1356,1271,2627
2019-03-06T10:00:00+09:00,J2,834,938,1772
2019-03-06T10:00:00+09:00,J3,1091,987,2078
2019-03-06T10:00:00+09:00,J4,977,945,1922
2019-03-06T10:00:00+09:00,J5,530,503,1033
2019-03-06T10:15:00+09:00,J1,1123,1095,2218
2019-03-06T10:15:00+09:00,J2,734,771,1505
2019-03-06T10:15:00+09:00,J3,984,871,1855
2019-03-06T10:15:00+09:00,J4,847,859,1706
2019-03-06T10:15:00+09:00,J5,405,400,805
2019-03-06T10:30:00+09:00,J1,897,877,1774
2019-03-06T10:30:00+09:00,J2,667,620,1287
2019-03-06T10:30:00+09:00,J3,844,827,1671
2019-03-06T10:30:00+09:00,J4,631,711,1342
2019-03-06T10:30:00+09:00,J5,324,351,675
2019-03-06T10:45:00+09:00,J1,1209,1246,2455
2019-03-06T10:45:00+09:00,J2,896,912,1808
2019-03-06T10:45:00+09:00,J3,997,979,1976
2019-03-06T10:45:00+09:00,J4,892,965,1857
2019-03-06T10:45:00+09:00,J5,493,451,944
2019-03-06T11:00:00+09:00,J1,1093,1117,2210
2019-03-06T11:00:00+09:00,J2,837,750,1587
2019-03-06T11:00:00+09:00,J3,964,961,1925
2019-03-06T11:00:00+09:00,J4,860,876,1736
2019-03-06T11:00:00+09:00,J5,432,443,875
2019-03-06T11:15:00+09:00,J1,1083,1140,2223
2019-03-06T11:15:00+09:00,J2,892,764,1656
2019-03-06T11:15:00+09:00,J3,1143,1146,2289
2019-03-06T11:15:00+09:00,J4,810,847,1657
2019-03-06T11:15:00+09:00,J5,618,599,1217
2019-03-06T11:30:00+09:00,J1,1141,1167,2308
2019-03-06T11:30:00+09:00,J2,955,835,1790
2019-03-06T11:30:00+09:00,J3,1211,1177,2388
2019-03-06T11:30:00+09:00,J4,717,851,1568
2019-03-06T11:30:00+09:00,J5,725,699,1424
2019-03-06T11:45:00+09:00,J1,1121,1155,2276
2019-03-06T11:45:00+09:00,J2,883,739,1622
2019-03-06T11:45:00+09:00,J3,1190,1109,2299
2019-03-06T11:45:00+09:00,J4,733,824,1557
2019-03-06T11:45:00+09:00,J5,662,728,1390
2019-03-06T12:00:00+09:00,J1,1003,1160,2163
2019-03-06T12:00:00+09:00,J2,906,708,1614
2019-03-06T12:00:00+09:00,J3,1149,1093,2242
2019-03-06T12:00:00+09:00,J4,706,782,1488
2019-03-06T12:00:00+09:00,J5,680,742,1422
2019-03-06T12:15:00+09:00,J1,773,947,1720
2019-03-06T12:15:00+09:00,J2,851,688,1539
2019-03-06T12:15:00+09:00,J3,1194,1168,2362
2019-03-06T12:15:00+09:00,J4,784,799,1583
2019-03-06T12:15:00+09:00,J5,715,778,1493
2019-03-06T12:30:00+09:00,J1,712,867,1579
2019-03-06T12:30:00+09:00,J2,804,700,1504
2019-03-06T12:30:00+09:00,J3,1052,980,2032
2019-03-06T12:30:00+09:00,J4,557,631,1188
2019-03-06T12:30:00+09:00,J5,584,637,1221
2019-03-06T12:45:00+09:00,J1,947,1151,2098
2019-03-06T12:45:00+09:00,J2,972,916,1888
2019-03-06T12:45:00+09:00,J3,1290,1182,2472
2019-03-06T12:45:00+09:00,J4,688,862,1550
2019-03-06T12:45:00+09:00,J5,746,736,1482
2019-03-06T13:00:00+09:00,J1,799,1057,1856
2019-03-06T13:00:00+09:00,J2,894,852,1746
2019-03-06T13:00:00+09:00,J3,1166,1031,2197
2019-03-06T13:00:00+09:00,J4,714,830,1544
2019-03-06T13:00:00+09:00,J5,660,674,1334
2019-03-06T13:15:00+09:00,J1,826,1033,1859
2019-03-06T13:15:00+09:00,J2,945,816,1761
2019-03-06T13:15:00+09:00,J3,1188,1117,2305
2019-03-06T13:15:00+09:00,J4,745,848,1593
2019-03-06T13:15:00+09:00,J5,657,729,1386
2019-03-06T13:30:00+09:00,J1,886,1070,1956
2019-03-06T13:30:00+09:00,J2,967,744,1711
2019-03-06T13:30:00+09:00,J3,1118,1004,2122
2019-03-06T13:30:00+09:00,J4,755,829,1584
2019-03-06T13:30:00+09:00,J5,670,717,1387
2019-03-06T13:45:00+09:00,J1,825,1025,1850
2019-03-06T13:45:00+09:00,J2,937,813,1750
2019-03-06T13:45:00+09:00,J3,1082,1130,2212
2019-03-06T13:45:00+09:00,J4,807,902,1709
2019-03-06T13:45:00+09:00,J5,687,693,1380
2019-03-06T14:00:00+09:00,J1,859,1110,1969
2019-03-06T14:00:00+09:00,J2,936,832,1768
2019-03-06T14:00:00+09:00,J3,1198,1124,2322
2019-03-06T14:00:00+09:00,J4,886,826,1712
2019-03-06T14:00:00+09:00,J5,673,677,1350
2019-03-06T14:15:00+09:00,J1,839,1016,1855
2019-03-06T14:15:00+09:00,J2,869,804,1673
2019-03-06T14:15:00+09:00,J3,1183,1180,2363
2019-03-06T14:15:00+09:00,J4,936,848,1784
2019-03-06T14:15:00+09:00,J5,666,706,1372
2019-03-06T14:30:00+09:00,J1,824,971,1795
2019-03-06T14:30:00+09:00,J2,918,752,1670
2019-03-06T14:30:00+09:00,J3,1062,1106,2168
2019-03-06T14:30:00+09:00,J4,1020,857,1877
2019-03-06T14:30:00+09:00,J5,663,758,1421
2019-03-06T14:45:00+09:00,J1,792,976,1768
2019-03-06T14:45:00+09:00,J2,914,821,1735
2019-03-06T14:45:00+09:00,J3,1151,1094,2245
2019-03-06T14:45:00+09:00,J4,782,854,1636
2019-03-06T14:45:00+09:00,J5,710,637,1347
2019-03-06T15:00:00+09:00,J1,812,980,1792
2019-03-06T15:00:00+09:00,J2,902,809,1711
2019-03-06T15:00:00+09:00,J3,1124,1062,2186
2019-03-06T15:00:00+09:00,J4,688,710,1398
2019-03-06T15:00:00+09:00,J5,674,653,1327
2019-03-06T15:15:00+09:00,J1,790,1012,1802
2019-03-06T15:15:00+09:00,J2,880,808,1688
2019-03-06T15:15:00+09:00,J3,1194,1014,2208
2019-03-06T15:15:00+09:00,J4,799,824,1623
2019-03-06T15:15:00+09:00,J5,703,693,1396
2019-03-06T15:30:00+09:00,J1,793,1042,1835
2019-03-06T15:30:00+09:00,J2,928,868,1796
2019-03-06T15:30:00+09:00,J3,1064,1035,2099
2019-03-06T15:30:00+09:00,J4,821,779,1600
2019-03-06T15:30:00+09:00,J5,725,676,1401
2019-03-06T15:45:00+09:00,J1,767,981,1748
2019-03-06T15:45:00+09:00,J2,890,860,1750
2019-03-06T15:45:00+09:00,J3,1093,959,2052
2019-03-06T15:45:00+09:00,J4,719,760,1479
2019-03-06T15:45:00+09:00,J5,657,693,1350
2019-03-06T16:00:00+09:00,J1,809,1044,1853
2019-03-06T16:00:00+09:00,J2,842,880,1722
2019-03-06T16:00:00+09:00,J3,1044,981,2025
2019-03-06T16:00:00+09:00,J4,749,734,1483
2019-03-06T16:00:00+09:00,J5,655,685,1340
2019-03-06T16:15:00+09:00,J1,768,993,1761
2019-03-06T16:15:00+09:00,J2,878,784,1662
2019-03-06T16:15:00+09:00,J3,1068,974,2042
2019-03-06T16:15:00+09:00,J4,827,801,1628
2019-03-06T16:15:00+09:00,J5,664,734,1398
2019-03-06T16:30:00+09:00,J1,772,987,1759
2019-03-06T16:30:00+09:00,J2,903,888,1791
2019-03-06T16:30:00+09:00,J3,1075,943,2018
2019-03-06T16:30:00+09:00,J4,806,752,1558
2019-03-06T16:30:00+09:00,J5,643,700,1343
2019-03-06T16:45:00+09:00,J1,806,972,1778
2019-03-06T16:45:00+09:00,J2,862,857,1719
2019-03-06T16:45:00+09:00,J3,1035,886,1921
2019-03-06T16:45:00+09:00,J4,747,717,1464
2019-03-06T16:45:00+09:00,J5,630,709,1339
2019-03-06T17:00:00+09:00,J1,870,1037,1907
2019-03-06T17:00:00+09:00,J2,961,952,1913
2019-03-06T17:00:00+09:00,J3,1234,1043,2277
2019-03-06T17:00:00+09:00,J4,903,808,1711
2019-03-06T17:00:00+09:00,J5,733,725,1458
2019-03-06T17:15:00+09:00,J1,861,1071,1932
2019-03-06T17:15:00+09:00,J2,1002,931,1933
2019-03-06T17:15:00+09:00,J3,1285,1083,2368
2019-03-06T17:15:00+09:00,J4,1045,878,1923
2019-03-06T17:15:00+09:00,J5,716,741,1457
2019-03-06T17:30:00+09:00,J1,830,1142,1972
2019-03-06T17:30:00+09:00,J2,1024,944,1968
2019-03-06T17:30:00+09:00,J3,1327,1051,2378
2019-03-06T17:30:00+09:00,J4,1088,894,1982
2019-03-06T17:30:00+09:00,J5,681,805,1486
2019-03-06T17:45:00+09:00,J1,947,1067,2014
2019-03-06T17:45:00+09:00,J2,998,905,1903
2019-03-06T17:45:00+09:00,J3,1441,1091,2532
2019-03-06T17:45:00+09:00,J4,1144,905,2049
2019-03-06T17:45:00+09:00,J5,644,785,1429
2019-03-06T18:00:00+09:00,J1,904,1204,2108
2019-03-06T18:00:00+09:00,J2,1001,787,1788
2019-03-06T18:00:00+09:00,J3,1513,1127,2640
2019-03-06T18:00:00+09:00,J4,1079,882,1961
2019-03-06T18:00:00+09:00,J5,605,761,1366
2019-03-06T18:15:00+09:00,J1,1071,1297,2368
2019-03-06T18:15:00+09:00,J2,1051,902,1953
2019-03-06T18:15:00+09:00,J3,1484,1202,2686
2019-03-06T18:15:00+09:00,J4,1061,886,1947
2019-03-06T18:15:00+09:00,J5,538,665,1203
2019-03-06T18:30:00+09:00,J1,1171,1311,2482
2019-03-06T18:30:00+09:00,J2,967,874,1841
2019-03-06T18:30:00+09:00,J3,1379,1060,2439
2019-03-06T18:30:00+09:00,J4,937,750,1687
2019-03-06T18:30:00+09:00,J5,492,585,1077
2019-03-06T18:45:00+09:00,J1,1263,1429,2692
2019-03-06T18:45:00+09:00,J2,876,751,1627
2019-03-06T18:45:00+09:00,J3,1201,967,2168
2019-03-06T18:45:00+09:00,J4,787,633,1420
2019-03-06T18:45:00+09:00,J5,443,478,921
2019-03-06T19:00:00+09:00,J1,1186,1378,2564
2019-03-06T19:00:00+09:00,J2,704,770,1474
2019-03-06T19:00:00+09:00,J3,1234,1053,2287
2019-03-06T19:00:00+09:00,J4,749,764,1513
2019-03-06T19:00:00+09:00,J5,476,484,960
2019-03-06T19:15:00+09:00,J1,1152,1377,2529
2019-03-06T19:15:00+09:00,J2,597,737,1334
2019-03-06T19:15:00+09:00,J3,1185,1029,2214
2019-03-06T19:15:00+09:00,J4,826,822,1648
2019-03-06T19:15:00+09:00,J5,479,455,934
2019-03-06T19:30:00+09:00,J1,1203,1397,2600
2019-03-06T19:30:00+09:00,J2,592,639,1231
2019-03-06T19:30:00+09:00,J3,1176,991,2167
2019-03-06T19:30:00+09:00,J4,866,837,1703
2019-03-06T19:30:00+09:00,J5,472,407,879
2019-03-06T19:45:00+09:00,J1,1109,1247,2356
2019-03-06T19:45:00+09:00,J2,515,653,1168
2019-03-06T19:45:00+09:00,J3,1159,1010,2169
2019-03-06T19:45:00+09:00,J4,753,848,1601
2019-03-06T19:45:00+09:00,J5,434,419,853
2019-03-06T20:00:00+09:00,J1,1186,1355,2541
2019-03-06T20:00:00+09:00,J2,670,630,1300
2019-03-06T20:00:00+09:00,J3,1194,899,2093
2019-03-06T20:00:00+09:00,J4,732,842,1574
2019-03-06T20:00:00+09:00,J5,464,458,922
2019-03-06T20:15:00+09:00,J1,1157,1357,2514
2019-03-06T20:15:00+09:00,J2,626,636,1262
2019-03-06T20:15:00+09:00,J3,1094,921,2015
2019-03-06T20:15:00+09:00,J4,848,906,1754
2019-03-06T20:15:00+09:00,J5,478,483,961
2019-03-06T20:30:00+09:00,J1,1128,1303,2431
2019-03-06T20:30:00+09:00,J2,646,646,1292
2019-03-06T20:30:00+09:00,J3,1075,956,2031
2019-03-06T20:30:00+09:00,J4,798,766,1564
2019-03-06T20:30:00+09:00,J5,457,376,833
2019-03-06T20:45:00+09:00,J1,1150,1361,2511
2019-03-06T20:45:00+09:00,J2,647,591,1238
2019-03-06T20:45:00+09:00,J3,1058,877,1935
2019-03-06T20:45:00+09:00,J4,802,811,1613
2019-03-06T20:45:00+09:00,J5,493,419,912
2019-03-06T21:00:00+09:00,J1,1048,1293,2341
2019-03-06T21:00:00+09:00,J2,761,650,1411
2019-03-06T21:00:00+09:00,J3,906,906,1812
2019-03-06T21:00:00+09:00,J4,887,819,1706
2019-03-06T21:00:00+09:00,J5,473,409,882
2019-03-06T21:15:00+09:00,J1,1067,1246,2313
2019-03-06T21:15:00+09:00,J2,893,742,1635
2019-03-06T21:15:00+09:00,J3,1015,1019,2034
2019-03-06T21:15:00+09:00,J4,838,874,1712
2019-03-06T21:15:00+09:00,J5,477,431,908
2019-03-06T21:30:00+09:00,J1,1064,1243,2307
2019-03-06T21:30:00+09:00,J2,681,699,1380
2019-03-06T21:30:00+09:00,J3,994,940,1934
2019-03-06T21:30:00+09:00,J4,851,765,1616
2019-03-06T21:30:00+09:00,J5,485,472,957
2019-03-06T21:45:00+09:00,J1,1043,1179,2222
2019-03-06T21:45:00+09:00,J2,627,635,1262
2019-03-06T21:45:00+09:00,J3,1028,902,1930
2019-03-06T21:45:00+09:00,J4,871,800,1671
2019-03-06T21:45:00+09:00,J5,428,445,873
2019-03-06T22:00:00+09:00,J1,970,1131,2101
2019-03-06T22:00:00+09:00,J2,598,682,1280
2019-03-06T22:00:00+09:00,J3,1096,873,1969
2019-03-06T22:00:00+09:00,J4,841,797,1638
2019-03-06T22:00:00+09:00,J5,433,466,899
2019-03-06T22:15:00+09:00,J1,984,1066,2050
2019-03-06T22:15:00+09:00,J2,559,679,1238
2019-03-06T22:15:00+09:00,J3,947,756,1703
2019-03-06T22:15:00+09:00,J4,828,733,1561
2019-03-06T22:15:00+09:00,J5,489,499,988
2019-03-06T22:30:00+09:00,J1,968,1180,2148
2019-03-06T22:30:00+09:00,J2,598,660,1258
2019-03-06T22:30:00+09:00,J3,927,684,1611
2019-03-06T22:30:00+09:00,J4,823,797,1620
2019-03-06T22:30:00+09:00,J5,465,462,927
2019-03-06T22:45:00+09:00,J1,1081,1112,2193
2019-03-06T22:45:00+09:00,J2,676,693,1369
2019-03-06T22:45:00+09:00,J3,866,734,1600
2019-03-06T22:45:00+09:00,J4,974,853,1827
2019-03-06T22:45:00+09:00,J5,498,522,1020
2019-03-06T23:00:00+09:00,J1,1000,1087,2087
2019-03-06T23:00:00+09:00,J2,788,771,1559
2019-03-06T23:00:00+09:00,J3,857,724,1581
2019-03-06T23:00:00+09:00,J4,863,833,1696
2019-03-06T23:00:00+09:00,J5,515,530,1045
2019-03-06T23:15:00+09:00,J1,984,1117,2101
2019-03-06T23:15:00+09:00,J2,772,724,1496
2019-03-06T23:15:00+09:00,J3,772,739,1511
2019-03-06T23:15:00+09:00,J4,880,781,1661
2019-03-06T23:15:00+09:00,J5,482,546,1028
2019-03-06T23:30:00+09:00,J1,958,1094,2052
2019-03-06T23:30:00+09:00,J2,733,736,1469
2019-03-06T23:30:00+09:00,J3,729,702,1431
2019-03-06T23:30:00+09:00,J4,890,776,1666
2019-03-06T23:30:00+09:00,J5,569,518,1087
2019-03-06T23:45:00+09:00,J1,914,1044,1958
2019-03-06T23:45:00+09:00,J2,632,701,1333
2019-03-06T23:45:00+09:00,J3,790,628,1418
2019-03-06T23:45:00+09:00,J4,751,752,1503
2019-03-06T23:45:00+09:00,J5,526,500,1026
2019-03-07T00:00:00+09:00,J1,790,843,1633
2019-03-07T00:00:00+09:00,J2,663,634,1297
2019-03-07T00:00:00+09:00,J3,624,531,1155
2019-03-07T00:00:00+09:00,J4,752,709,1461
2019-03-07T00:00:00+09:00,J5,582,547,1129
2019-03-07T00:15:00+09:00,J1,753,686,1439
2019-03-07T00:15:00+09:00,J2,528,555,1083
2019-03-07T00:15:00+09:00,J3,495,481,976
2019-03-07T00:15:00+09:00,J4,695,722,1417
2019-03-07T00:15:00+09:00,J5,521,579,1100
2019-03-07T00:30:00+09:00,J1,683,705,1388
2019-03-07T00:30:00+09:00,J2,340,467,807
2019-03-07T00:30:00+09:00,J3,435,378,813
2019-03-07T00:30:00+09:00,J4,523,546,1069
2019-03-07T00:30:00+09:00,J5,527,512,1039
2019-03-07T00:45:00+09:00,J1,612,656,1268
2019-03-07T00:45:00+09:00,J2,382,478,860
2019-03-07T00:45:00+09:00,J3,443,456,899
2019-03-07T00:45:00+09:00,J4,554,603,1157
2019-03-07T00:45:00+09:00,J5,453,484,937
2019-03-07T05:45:00+09:00,J1,847,896,1743
2019-03-07T05:45:00+09:00,J2,789,671,1460
2019-03-07T05:45:00+09:00,J3,996,750,1746
2019-03-07T05:45:00+09:00,J4,551,605,1156
2019-03-07T05:45:00+09:00,J5,343,379,722
2019-03-07T06:00:00+09:00,J1,830,919,1749
2019-03-07T06:00:00+09:00,J2,831,695,1526
2019-03-07T06:00:00+09:00,J3,1006,830,1836
2019-03-07T06:00:00+09:00,J4,653,751,1404
2019-03-07T06:00:00+09:00,J5,381,387,768
2019-03-07T06:15:00+09:00,J1,1051,1074,2125
2019-03-07T06:15:00+09:00,J2,859,705,1564
2019-03-07T06:15:00+09:00,J3,989,945,1934
2019-03-07T06:15:00+09:00,J4,625,729,1354
2019-03-07T06:15:00+09:00,J5,460,421,881
2019-03-07T06:30:00+09:00,J1,1026,1064,2090
2019-03-07T06:30:00+09:00,J2,863,694,1557
2019-03-07T06:30:00+09:00,J3,955,849,1804
2019-03-07T06:30:00+09:00,J4,621,751,1372
2019-03-07T06:30:00+09:00,J5,435,444,879
2019-03-07T06:45:00+09:00,J1,1033,1054,2087
2019-03-07T06:45:00+09:00,J2,872,814,1686
2019-03-07T06:45:00+09:00,J3,950,859,1809
2019-03-07T06:45:00+09:00,J4,640,723,1363
2019-03-07T06:45:00+09:00,J5,441,444,885
2019-03-07T07:00:00+09:00,J1,1070,1189,2259
2019-03-07T07:00:00+09:00,J2,902,756,1658
2019-03-07T07:00:00+09:00,J3,959,899,1858
2019-03-07T07:00:00+09:00,J4,696,788,1484
2019-03-07T07:00:00+09:00,J5,502,488,990
2019-03-07T07:15:00+09:00,J1,1140,1199,2339
2019-03-07T07:15:00+09:00,J2,816,813,1629
2019-03-07T07:15:00+09:00,J3,958,934,1892
2019-03-07T07:15:00+09:00,J4,674,810,1484
2019-03-07T07:15:00+09:00,J5,567,571,1138
2019-03-07T07:30:00+09:00,J1,1179,1261,2440
2019-03-07T07:30:00+09:00,J2,792,776,1568
2019-03-07T07:30:00+09:00,J3,1223,1121,2344
2019-03-07T07:30:00+09:00,J4,822,982,1804
2019-03-07T07:30:00+09:00,J5,682,578,1260
2019-03-07T07:45:00+09:00,J1,1205,1312,2517
2019-03-07T07:45:00+09:00,J2,811,741,1552
2019-03-07T07:45:00+09:00,J3,1268,1205,2473
2019-03-07T07:45:00+09:00,J4,883,1129,2012
2019-03-07T07:45:00+09:00,J5,574,653,1227
2019-03-07T08:00:00+09:00,J1,1355,1352,2707
2019-03-07T08:00:00+09:00,J2,964,735,1699
2019-03-07T08:00:00+09:00,J3,1410,1362,2772
2019-03-07T08:00:00+09:00,J4,1001,1197,2198
2019-03-07T08:00:00+09:00,J5,681,690,1371
2019-03-07T08:15:00+09:00,J1,1466,1370,2836
2019-03-07T08:15:00+09:00,J2,1216,801,2017
2019-03-07T08:15:00+09:00,J3,1505,1423,2928
2019-03-07T08:15:00+09:00,J4,1000,1184,2184
2019-03-07T08:15:00+09:00,J5,699,743,1442
2019-03-07T08:30:00+09:00,J1,1399,1318,2717
2019-03-07T08:30:00+09:00,J2,1102,731,1833
2019-03-07T08:30:00+09:00,J3,1350,1503,2853
2019-03-07T08:30:00+09:00,J4,849,1143,1992
2019-03-07T08:30:00+09:00,J5,666,653,1319
2019-03-07T08:45:00+09:00,J1,1025,1058,2083
2019-03-07T08:45:00+09:00,J2,801,678,1479
2019-03-07T08:45:00+09:00,J3,1145,1288,2433
2019-03-07T08:45:00+09:00,J4,871,1005,1876
2019-03-07T08:45:00+09:00,J5,521,515,1036
2019-03-07T09:00:00+09:00,J1,972,1028,2000
2019-03-07T09:00:00+09:00,J2,817,805,1622
2019-03-07T09:00:00+09:00,J3,1212,1083,2295
2019-03-07T09:00:00+09:00,J4,845,928,1773
2019-03-07T09:00:00+09:00,J5,570,530,1100
2019-03-07T09:15:00+09:00,J1,1264,1176,2440
2019-03-07T09:15:00+09:00,J2,810,778,1588
2019-03-07T09:15:00+09:00,J3,1014,1104,2118
2019-03-07T09:15:00+09:00,J4,889,947,1836
2019-03-07T09:15:00+09:00,J5,480,424,904
2019-03-07T09:30:00+09:00,J1,1375,1353,2728
2019-03-07T09:30:00+09:00,J2,818,827,1645
2019-03-07T09:30:00+09:00,J3,1134,1087,2221
2019-03-07T09:30:00+09:00,J4,926,908,1834
2019-03-07T09:30:00+09:00,J5,479,478,957
2019-03-07T09:45:00+09:00,J1,1352,1330,2682
2019-03-07T09:45:00+09:00,J2,740,760,1500
2019-03-07T09:45:00+09:00,J3,1151,1195,2346
2019-03-07T09:45:00+09:00,J4,969,904,1873
2019-03-07T09:45:00+09:00,J5,440,483,923
2019-03-07T10:00:00+09:00,J1,1286,1348,2634
2019-03-07T10:00:00+09:00,J2,717,788,1505
2019-03-07T10:00:00+09:00,J3,1173,1075,2248
2019-03-07T10:00:00+09:00,J4,917,934,1851
2019-03-07T10:00:00+09:00,J5,457,436,893
2019-03-07T10:15:00+09:00,J1,1239,1306,2545
2019-03-07T10:15:00+09:00,J2,751,795,1546
2019-03-07T10:15:00+09:00,J3,1098,1063,2161
2019-03-07T10:15:00+09:00,J4,858,852,1710
2019-03-07T10:15:00+09:00,J5,467,447,914
2019-03-07T10:30:00+09:00,J1,1259,1270,2529
2019-03-07T10:30:00+09:00,J2,799,865,1664
2019-03-07T10:30:00+09:00,J3,1058,956,2014
2019-03-07T10:30:00+09:00,J4,939,898,1837
2019-03-07T10:30:00+09:00,J5,473,495,968
2019-03-07T10:45:00+09:00,J1,1257,1352,2609
2019-03-07T10:45:00+09:00,J2,772,871,1643
2019-03-07T10:45:00+09:00,J3,1094,1033,2127
2019-03-07T10:45:00+09:00,J4,944,870,1814
2019-03-07T10:45:00+09:00,J5,455,444,899
2019-03-07T11:00:00+09:00,J1,1300,1303,2603
2019-03-07T11:00:00+09:00,J2,826,894,1720
2019-03-07T11:00:00+09:00,J3,1129,1034,2163
2019-03-07T11:00:00+09:00,J4,874,976,1850
2019-03-07T11:00:00+09:00,J5,450,447,897
2019-03-07T11:15:00+09:00,J1,1170,1404,2574
2019-03-07T11:15:00+09:00,J2,999,822,1821
2019-03-07T11:15:00+09:00,J3,1225,1096,2321
2019-03-07T11:15:00+09:00,J4,823,941,1764
2019-03-07T11:15:00+09:00,J5,573,575,1148
2019-03-07T11:30:00+09:00,J1,1290,1394,2684
2019-03-07T11:30:00+09:00,J2,960,677,1637
2019-03-07T11:30:00+09:00,J3,1238,1208,2446
2019-03-07T11:30:00+09:00,J4,807,953,1760
2019-03-07T11:30:00+09:00,J5,721,658,1379
2019-03-07T11:45:00+09:00,J1,1231,1394,2625
2019-03-07T11:45:00+09:00,J2,965,745,1710
2019-03-07T11:45:00+09:00,J3,1148,1150,2298
2019-03-07T11:45:00+09:00,J4,753,929,1682
2019-03-07T11:45:00+09:00,J5,682,619,1301
2019-03-07T12:00:00+09:00,J1,1228,1379,2607
2019-03-07T12:00:00+09:00,J2,940,716,1656
2019-03-07T12:00:00+09:00,J3,1122,1121,2243
2019-03-07T12:00:00+09:00,J4,776,886,1662
2019-03-07T12:00:00+09:00,J5,747,737,1484
2019-03-07T12:15:00+09:00,J1,1201,1268,2469
2019-03-07T12:15:00+09:00,J2,967,732,1699
2019-03-07T12:15:00+09:00,J3,1208,997,2205
2019-03-07T12:15:00+09:00,J4,709,790,1499
2019-03-07T12:15:00+09:00,J5,723,612,1335
2019-03-07T12:30:00+09:00,J1,1105,1314,2419
2019-03-07T12:30:00+09:00,J2,894,687,1581
2019-03-07T12:30:00+09:00,J3,1221,1020,2241
2019-03-07T12:30:00+09:00,J4,757,896,1653
2019-03-07T12:30:00+09:00,J5,630,643,1273
2019-03-07T12:45:00+09:00,J1,1169,1318,2487
2019-03-07T12:45:00+09:00,J2,845,716,1561
2019-03-07T12:45:00+09:00,J3,1097,887,1984
2019-03-07T12:45:00+09:00,J4,851,906,1757
2019-03-07T12:45:00+09:00,J5,586,587,1173
2019-03-07T13:00:00+09:00,J1,1106,1407,2513
2019-03-07T13:00:00+09:00,J2,912,735,1647
2019-03-07T13:00:00+09:00,J3,1083,935,2018
2019-03-07T13:00:00+09:00,J4,825,931,1756
2019-03-07T13:00:00+09:00,J5,541,518,1059
2019-03-07T13:15:00+09:00,J1,1200,1356,2556
2019-03-07T13:15:00+09:00,J2,853,788,1641
2019-03-07T13:15:00+09:00,J3,1062,947,2009
2019-03-07T13:15:00+09:00,J4,781,832,1613
2019-03-07T13:15:00+09:00,J5,490,556,1046
2019-03-07T13:30:00+09:00,J1,1131,1364,2495
2019-03-07T13:30:00+09:00,J2,1001,774,1775
2019-03-07T13:30:00+09:00,J3,1025,1003,2028
2019-03-07T13:30:00+09:00,J4,791,800,1591
2019-03-07T13:30:00+09:00,J5,498,498,996
2019-03-07T13:45:00+09:00,J1,1143,1315,2458
2019-03-07T13:45:00+09:00,J2,929,777,1706
2019-03-07T13:45:00+09:00,J3,1010,1067,2077
2019-03-07T13:45:00+09:00,J4,718,914,1632
2019-03-07T13:45:00+09:00,J5,454,506,960
2019-03-07T14:00:00+09:00,J1,1141,1356,2497
2019-03-07T14:00:00+09:00,J2,924,752,1676
2019-03-07T14:00:00+09:00,J3,1082,1110,2192
2019-03-07T14:00:00+09:00,J4,800,871,1671
2019-03-07T14:00:00+09:00,J5,457,464,921
2019-03-07T14:15:00+09:00,J1,1081,1376,2457
2019-03-07T14:15:00+09:00,J2,912,846,1758
2019-03-07T14:15:00+09:00,J3,947,981,1928
2019-03-07T14:15:00+09:00,J4,828,847,1675
2019-03-07T14:15:00+09:00,J5,428,497,925
2019-03-07T14:30:00+09:00,J1,1063,1315,2378
2019-03-07T14:30:00+09:00,J2,903,772,1675
2019-03-07T14:30:00+09:00,J3,1103,1019,2122
2019-03-07T14:30:00+09:00,J4,807,913,1720
2019-03-07T14:30:00+09:00,J5,449,479,928
2019-03-07T14:45:00+09:00,J1,1040,1277,2317
2019-03-07T14:45:00+09:00,J2,810,787,1597
2019-03-07T14:45:00+09:00,J3,1048,1047,2095
2019-03-07T14:45:00+09:00,J4,753,878,1631
2019-03-07T14:45:00+09:00,J5,467,473,940
2019-03-07T15:00:00+09:00,J1,1145,1336,2481
2019-03-07T15:00:00+09:00,J2,846,736,1582
2019-03-07T15:00:00+09:00,J3,996,938,1934
2019-03-07T15:00:00+09:00,J4,773,789,1562
2019-03-07T15:00:00+09:00,J5,453,446,899
2019-03-07T15:15:00+09:00,J1,1117,1393,2510
2019-03-07T15:15:00+09:00,J2,896,828,1724
2019-03-07T15:15:00+09:00,J3,927,977,1904
2019-03-07T15:15:00+09:00,J4,788,777,1565
2019-03-07T15:15:00+09:00,J5,448,478,926
2019-03-07T15:30:00+09:00,J1,1162,1295,2457
2019-03-07T15:30:00+09:00,J2,850,836,1686
2019-03-07T15:30:00+09:00,J3,940,948,1888
2019-03-07T15:30:00+09:00,J4,718,790,1508
2019-03-07T15:30:00+09:00,J5,432,474,906
2019-03-07T15:45:00+09:00,J1,1135,1388,2523
2019-03-07T15:45:00+09:00,J2,926,836,1762
2019-03-07T15:45:00+09:00,J3,1022,906,1928
2019-03-07T15:45:00+09:00,J4,765,756,1521
2019-03-07T15:45:00+09:00,J5,427,452,879
2019-03-07T16:00:00+09:00,J1,1149,1432,2581
2019-03-07T16:00:00+09:00,J2,895,885,1780
2019-03-07T16:00:00+09:00,J3,985,890,1875
2019-03-07T16:00:00+09:00,J4,823,788,1611
2019-03-07T16:00:00+09:00,J5,492,508,1000
2019-03-07T16:15:00+09:00,J1,1171,1380,2551
2019-03-07T16:15:00+09:00,J2,882,946,1828
2019-03-07T16:15:00+09:00,J3,979,977,1956
2019-03-07T16:15:00+09:00,J4,825,809,1634
2019-03-07T16:15:00+09:00,J5,460,511,971
2019-03-07T16:30:00+09:00,J1,1110,1394,2504
2019-03-07T16:30:00+09:00,J2,885,950,1835
2019-03-07T16:30:00+09:00,J3,1137,1193,2330
2019-03-07T16:30:00+09:00,J4,793,818,1611
2019-03-07T16:30:00+09:00,J5,498,522,1020
2019-03-07T16:45:00+09:00,J1,1157,1443,2600
2019-03-07T16:45:00+09:00,J2,827,940,1767
2019-03-07T16:45:00+09:00,J3,1306,1178,2484
2019-03-07T16:45:00+09:00,J4,787,760,1547
2019-03-07T16:45:00+09:00,J5,475,497,972
2019-03-07T17:00:00+09:00,J1,1323,1375,2698
2019-03-07T17:00:00+09:00,J2,929,933,1862
2019-03-07T17:00:00+09:00,J3,1454,1314,2768
2019-03-07T17:00:00+09:00,J4,885,867,1752
2019-03-07T17:00:00+09:00,J5,477,487,964
2019-03-07T17:15:00+09:00,J1,1271,1519,2790
2019-03-07T17:15:00+09:00,J2,982,1017,1999
2019-03-07T17:15:00+09:00,J3,1484,1342,2826
2019-03-07T17:15:00+09:00,J4,1041,983,2024
2019-03-07T17:15:00+09:00,J5,494,546,1040
2019-03-07T17:30:00+09:00,J1,1202,1475,2677
2019-03-07T17:30:00+09:00,J2,964,1067,2031
2019-03-07T17:30:00+09:00,J3,1497,1357,2854
2019-03-07T17:30:00+09:00,J4,1088,1016,2104
2019-03-07T17:30:00+09:00,J5,503,606,1109
2019-03-07T17:45:00+09:00,J1,1215,1449,2664
2019-03-07T17:45:00+09:00,J2,969,991,1960
2019-03-07T17:45:00+09:00,J3,1497,1381,2878
2019-03-07T17:45:00+09:00,J4,1218,945,2163
2019-03-07T17:45:00+09:00,J5,523,599,1122
2019-03-07T18:00:00+09:00,J1,1334,1506,2840
2019-03-07T18:00:00+09:00,J2,1099,923,2022
2019-03-07T18:00:00+09:00,J3,1605,1388,2993
2019-03-07T18:00:00+09:00,J4,1185,996,2181
2019-03-07T18:00:00+09:00,J5,478,574,1052
2019-03-07T18:15:00+09:00,J1,1300,1467,2767
2019-03-07T18:15:00+09:00,J2,1028,960,1988
2019-03-07T18:15:00+09:00,J3,1549,1297,2846
2019-03-07T18:15:00+09:00,J4,998,744,1742
2019-03-07T18:15:00+09:00,J5,534,549,1083
2019-03-07T18:30:00+09:00,J1,1290,1440,2730
2019-03-07T18:30:00+09:00,J2,919,830,1749
2019-03-07T18:30:00+09:00,J3,1399,1121,2520
2019-03-07T18:30:00+09:00,J4,896,697,1593
2019-03-07T18:30:00+09:00,J5,539,540,1079
2019-03-07T18:45:00+09:00,J1,1224,1411,2635
2019-03-07T18:45:00+09:00,J2,790,825,1615
2019-03-07T18:45:00+09:00,J3,1222,1074,2296
2019-03-07T18:45:00+09:00,J4,829,806,1635
2019-03-07T18:45:00+09:00,J5,509,533,1042
2019-03-07T19:00:00+09:00,J1,1217,1389,2606
2019-03-07T19:00:00+09:00,J2,682,845,1527
2019-03-07T19:00:00+09:00,J3,1332,1064,2396
2019-03-07T19:00:00+09:00,J4,797,843,1640
2019-03-07T19:00:00+09:00,J5,530,554,1084
2019-03-07T19:15:00+09:00,J1,1188,1391,2579
2019-03-07T19:15:00+09:00,J2,690,768,1458
2019-03-07T19:15:00+09:00,J3,1258,1147,2405
2019-03-07T19:15:00+09:00,J4,790,882,1672
2019-03-07T19:15:00+09:00,J5,533,597,1130
2019-03-07T19:30:00+09:00,J1,1226,1390,2616
2019-03-07T19:30:00+09:00,J2,601,664,1265
2019-03-07T19:30:00+09:00,J3,1252,1002,2254
2019-03-07T19:30:00+09:00,J4,866,836,1702
2019-03-07T19:30:00+09:00,J5,525,535,1060
2019-03-07T19:45:00+09:00,J1,985,1171,2156
2019-03-07T19:45:00+09:00,J2,546,585,1131
2019-03-07T19:45:00+09:00,J3,1038,884,1922
2019-03-07T19:45:00+09:00,J4,707,756,1463
2019-03-07T19:45:00+09:00,J5,472,433,905
2019-03-07T20:00:00+09:00,J1,1350,1587,2937
2019-03-07T20:00:00+09:00,J2,653,819,1472
2019-03-07T20:00:00+09:00,J3,1367,1154,2521
2019-03-07T20:00:00+09:00,J4,919,935,1854
2019-03-07T20:00:00+09:00,J5,610,545,1155
2019-03-07T20:15:00+09:00,J1,1222,1278,2500
2019-03-07T20:15:00+09:00,J2,573,700,1273
2019-03-07T20:15:00+09:00,J3,1184,983,2167
2019-03-07T20:15:00+09:00,J4,814,884,1698
2019-03-07T20:15:00+09:00,J5,540,442,982
2019-03-07T20:30:00+09:00,J1,1184,1370,2554
2019-03-07T20:30:00+09:00,J2,573,580,1153
2019-03-07T20:30:00+09:00,J3,1117,1004,2121
2019-03-07T20:30:00+09:00,J4,851,913,1764
2019-03-07T20:30:00+09:00,J5,493,445,938
2019-03-07T20:45:00+09:00,J1,1142,1363,2505
2019-03-07T20:45:00+09:00,J2,537,622,1159
2019-03-07T20:45:00+09:00,J3,1020,968,1988
2019-03-07T20:45:00+09:00,J4,751,839,1590
2019-03-07T20:45:00+09:00,J5,499,448,947
2019-03-07T21:00:00+09:00,J1,1116,1262,2378
2019-03-07T21:00:00+09:00,J2,714,659,1373
2019-03-07T21:00:00+09:00,J3,1000,954,1954
2019-03-07T21:00:00+09:00,J4,780,908,1688
2019-03-07T21:00:00+09:00,J5,496,490,986
2019-03-07T21:15:00+09:00,J1,1123,1316,2439
2019-03-07T21:15:00+09:00,J2,780,783,1563
2019-03-07T21:15:00+09:00,J3,1049,862,1911
2019-03-07T21:15:00+09:00,J4,750,881,1631
2019-03-07T21:15:00+09:00,J5,492,472,964
2019-03-07T21:30:00+09:00,J1,1149,1348,2497
2019-03-07T21:30:00+09:00,J2,714,774,1488
2019-03-07T21:30:00+09:00,J3,1019,783,1802
2019-03-07T21:30:00+09:00,J4,818,881,1699
2019-03-07T21:30:00+09:00,J5,452,524,976
2019-03-07T21:45:00+09:00,J1,1059,1274,2333
2019-03-07T21:45:00+09:00,J2,644,653,1297
2019-03-07T21:45:00+09:00,J3,1010,761,1771
2019-03-07T21:45:00+09:00,J4,873,901,1774
2019-03-07T21:45:00+09:00,J5,452,515,967
2019-03-07T22:00:00+09:00,J1,1074,1339,2413
2019-03-07T22:00:00+09:00,J2,548,627,1175
2019-03-07T22:00:00+09:00,J3,967,702,1669
2019-03-07T22:00:00+09:00,J4,819,834,1653
2019-03-07T22:00:00+09:00,J5,453,514,967
2019-03-07T22:15:00+09:00,J1,1090,1292,2382
2019-03-07T22:15:00+09:00,J2,534,680,1214
2019-03-07T22:15:00+09:00,J3,844,739,1583
2019-03-07T22:15:00+09:00,J4,800,821,1621
2019-03-07T22:15:00+09:00,J5,499,497,996
2019-03-07T22:30:00+09:00,J1,1130,1318,2448
2019-03-07T22:30:00+09:00,J2,653,671,1324
2019-03-07T22:30:00+09:00,J3,861,711,1572
2019-03-07T22:30:00+09:00,J4,750,855,1605
2019-03-07T22:30:00+09:00,J5,522,499,1021
2019-03-07T22:45:00+09:00,J1,1139,1283,2422
2019-03-07T22:45:00+09:00,J2,709,648,1357
2019-03-07T22:45:00+09:00,J3,822,771,1593
2019-03-07T22:45:00+09:00,J4,824,860,1684
2019-03-07T22:45:00+09:00,J5,514,529,1043
2019-03-07T23:00:00+09:00,J1,1101,1258,2359
2019-03-07T23:00:00+09:00,J2,739,677,1416
2019-03-07T23:00:00+09:00,J3,794,802,1596
2019-03-07T23:00:00+09:00,J4,877,935,1812
2019-03-07T23:00:00+09:00,J5,549,481,1030
2019-03-07T23:15:00+09:00,J1,1073,1213,2286
2019-03-07T23:15:00+09:00,J2,746,718,1464
2019-03-07T23:15:00+09:00,J3,872,790,1662
2019-03-07T23:15:00+09:00,J4,899,807,1706
2019-03-07T23:15:00+09:00,J5,543,473,1016
2019-03-07T23:30:00+09:00,J1,1118,1193,2311
2019-03-07T23:30:00+09:00,J2,733,745,1478
2019-03-07T23:30:00+09:00,J3,767,738,1505
2019-03-07T23:30:00+09:00,J4,878,833,1711
2019-03-07T23:30:00+09:00,J5,517,462,979
2019-03-07T23:45:00+09:00,J1,1059,1239,2298
2019-03-07T23:45:00+09:00,J2,704,644,1348
2019-03-07T23:45:00+09:00,J3,721,593,1314
2019-03-07T23:45:00+09:00,J4,847,744,1591
2019-03-07T23:45:00+09:00,J5,560,467,1027
2019-03-08T00:00:00+09:00,J1,907,990,1897
2019-03-08T00:00:00+09:00,J2,806,770,1576
2019-03-08T00:00:00+09:00,J3,660,593,1253
2019-03-08T00:00:00+09:00,J4,841,778,1619
2019-03-08T00:00:00+09:00,J5,558,582,1140
2019-03-08T00:15:00+09:00,J1,675,694,1369
2019-03-08T00:15:00+09:00,J2,766,679,1445
2019-03-08T00:15:00+09:00,J3,815,702,1517
2019-03-08T00:15:00+09:00,J4,846,736,1582
2019-03-08T00:15:00+09:00,J5,501,539,1040
2019-03-08T00:30:00+09:00,J1,573,574,1147
2019-03-08T00:30:00+09:00,J2,728,658,1386
2019-03-08T00:30:00+09:00,J3,787,752,1539
2019-03-08T00:30:00+09:00,J4,819,816,1635
2019-03-08T00:30:00+09:00,J5,541,497,1038
2019-03-08T00:45:00+09:00,J1,635,613,1248
2019-03-08T00:45:00+09:00,J2,643,613,1256
2019-03-08T00:45:00+09:00,J3,805,732,1537
2019-03-08T00:45:00+09:00,J4,839,729,1568
2019-03-08T00:45:00+09:00,J5,555,557,1112
2019-03-08T05:45:00+09:00,J1,934,975,1909
2019-03-08T05:45:00+09:00,J2,750,621,1371
2019-03-08T05:45:00+09:00,J3,828,578,1406
2019-03-08T05:45:00+09:00,J4,557,638,1195
2019-03-08T05:45:00+09:00,J5,460,477,937
2019-03-08T06:00:00+09:00,J1,853,932,1785
2019-03-08T06:00:00+09:00,J2,678,661,1339
2019-03-08T06:00:00+09:00,J3,948,694,1642
2019-03-08T06:00:00+09:00,J4,716,753,1469
2019-03-08T06:00:00+09:00,J5,408,453,861
2019-03-08T06:15:00+09:00,J1,996,957,1953
2019-03-08T06:15:00+09:00,J2,734,636,1370
2019-03-08T06:15:00+09:00,J3,988,849,1837
2019-03-08T06:15:00+09:00,J4,812,914,1726
2019-03-08T06:15:00+09:00,J5,501,485,986
2019-03-08T06:30:00+09:00,J1,927,1000,1927
2019-03-08T06:30:00+09:00,J2,710,603,1313
2019-03-08T06:30:00+09:00,J3,948,758,1706
2019-03-08T06:30:00+09:00,J4,671,753,1424
2019-03-08T06:30:00+09:00,J5,437,473,910
2019-03-08T06:45:00+09:00,J1,1015,1020,2035
2019-03-08T06:45:00+09:00,J2,826,744,1570
2019-03-08T06:45:00+09:00,J3,982,762,1744
2019-03-08T06:45:00+09:00,J4,719,839,1558
2019-03-08T06:45:00+09:00,J5,486,521,1007
2019-03-08T07:00:00+09:00,J1,1020,1091,2111
2019-03-08T07:00:00+09:00,J2,758,625,1383
2019-03-08T07:00:00+09:00,J3,990,769,1759
2019-03-08T07:00:00+09:00,J4,766,904,1670
2019-03-08T07:00:00+09:00,J5,528,503,1031
2019-03-08T07:15:00+09:00,J1,1142,1190,2332
2019-03-08T07:15:00+09:00,J2,862,748,1610
2019-03-08T07:15:00+09:00,J3,1023,888,1911
2019-03-08T07:15:00+09:00,J4,765,948,1713
2019-03-08T07:15:00+09:00,J5,578,546,1124
2019-03-08T07:30:00+09:00,J1,1125,1373,2498
2019-03-08T07:30:00+09:00,J2,864,701,1565
2019-03-08T07:30:00+09:00,J3,1149,1112,2261
2019-03-08T07:30:00+09:00,J4,893,1049,1942
2019-03-08T07:30:00+09:00,J5,707,614,1321
2019-03-08T07:45:00+09:00,J1,1249,1343,2592
2019-03-08T07:45:00+09:00,J2,898,714,1612
2019-03-08T07:45:00+09:00,J3,1264,1043,2307
2019-03-08T07:45:00+09:00,J4,1002,1123,2125
2019-03-08T07:45:00+09:00,J5,694,736,1430
2019-03-08T08:00:00+09:00,J1,1340,1397,2737
2019-03-08T08:00:00+09:00,J2,962,728,1690
2019-03-08T08:00:00+09:00,J3,1468,1292,2760
2019-03-08T08:00:00+09:00,J4,1006,1098,2104
2019-03-08T08:00:00+09:00,J5,719,773,1492
2019-03-08T08:15:00+09:00,J1,1444,1349,2793
2019-03-08T08:15:00+09:00,J2,1178,792,1970
2019-03-08T08:15:00+09:00,J3,1414,1419,2833
2019-03-08T08:15:00+09:00,J4,1012,1184,2196
2019-03-08T08:15:00+09:00,J5,745,735,1480
2019-03-08T08:30:00+09:00,J1,1429,1263,2692
2019-03-08T08:30:00+09:00,J2,1199,667,1866
2019-03-08T08:30:00+09:00,J3,1259,1338,2597
2019-03-08T08:30:00+09:00,J4,1036,1172,2208
2019-03-08T08:30:00+09:00,J5,707,692,1399
2019-03-08T08:45:00+09:00,J1,1334,1279,2613
2019-03-08T08:45:00+09:00,J2,958,693,1651
2019-03-08T08:45:00+09:00,J3,1239,1317,2556
2019-03-08T08:45:00+09:00,J4,835,1054,1889
2019-03-08T08:45:00+09:00,J5,526,512,1038
2019-03-08T09:00:00+09:00,J1,1211,1325,2536
2019-03-08T09:00:00+09:00,J2,838,746,1584
2019-03-08T09:00:00+09:00,J3,1266,1092,2358
2019-03-08T09:00:00+09:00,J4,855,990,1845
2019-03-08T09:00:00+09:00,J5,447,435,882
2019-03-08T09:15:00+09:00,J1,1187,1124,2311
2019-03-08T09:15:00+09:00,J2,889,651,1540
2019-03-08T09:15:00+09:00,J3,1032,1054,2086
2019-03-08T09:15:00+09:00,J4,933,974,1907
2019-03-08T09:15:00+09:00,J5,468,452,920
2019-03-08T09:30:00+09:00,J1,1224,1351,2575
2019-03-08T09:30:00+09:00,J2,869,763,1632
2019-03-08T09:30:00+09:00,J3,1084,1014,2098
2019-03-08T09:30:00+09:00,J4,893,978,1871
2019-03-08T09:30:00+09:00,J5,539,524,1063
2019-03-08T09:45:00+09:00,J1,1260,1308,2568
2019-03-08T09:45:00+09:00,J2,749,583,1332
2019-03-08T09:45:00+09:00,J3,1067,1013,2080
2019-03-08T09:45:00+09:00,J4,891,875,1766
2019-03-08T09:45:00+09:00,J5,541,499,1040
2019-03-08T10:00:00+09:00,J1,1244,1295,2539
2019-03-08T10:00:00+09:00,J2,703,597,1300
2019-03-08T10:00:00+09:00,J3,960,980,1940
2019-03-08T10:00:00+09:00,J4,893,873,1766
2019-03-08T10:00:00+09:00,J5,461,478,939
2019-03-08T10:15:00+09:00,J1,1208,1271,2479
2019-03-08T10:15:00+09:00,J2,750,657,1407
2019-03-08T10:15:00+09:00,J3,956,1060,2016
2019-03-08T10:15:00+09:00,J4,924,980,1904
2019-03-08T10:15:00+09:00,J5,463,452,915
2019-03-08T10:30:00+09:00,J1,1256,1344,2600
2019-03-08T10:30:00+09:00,J2,735,631,1366
2019-03-08T10:30:00+09:00,J3,1047,1052,2099
2019-03-08T10:30:00+09:00,J4,956,985,1941
2019-03-08T10:30:00+09:00,J5,460,472,932
2019-03-08T10:45:00+09:00,J1,1260,1361,2621
2019-03-08T10:45:00+09:00,J2,776,657,1433
2019-03-08T10:45:00+09:00,J3,1113,1076,2189
2019-03-08T10:45:00+09:00,J4,1012,924,1936
2019-03-08T10:45:00+09:00,J5,482,475,957
2019-03-08T11:00:00+09:00,J1,1235,1358,2593
2019-03-08T11:00:00+09:00,J2,677,822,1499
2019-03-08T11:00:00+09:00,J3,1051,1077,2128
2019-03-08T11:00:00+09:00,J4,1011,957,1968
2019-03-08T11:00:00+09:00,J5,497,482,979
2019-03-08T11:15:00+09:00,J1,1259,1453,2712
2019-03-08T11:15:00+09:00,J2,802,875,1677
2019-03-08T11:15:00+09:00,J3,1171,1003,2174
2019-03-08T11:15:00+09:00,J4,919,877,1796
2019-03-08T11:15:00+09:00,J5,519,529,1048
2019-03-08T11:30:00+09:00,J1,1173,1471,2644
2019-03-08T11:30:00+09:00,J2,851,821,1672
2019-03-08T11:30:00+09:00,J3,1297,1169,2466
2019-03-08T11:30:00+09:00,J4,950,902,1852
2019-03-08T11:30:00+09:00,J5,672,698,1370
2019-03-08T11:45:00+09:00,J1,1216,1400,2616
2019-03-08T11:45:00+09:00,J2,911,831,1742
2019-03-08T11:45:00+09:00,J3,1344,1208,2552
2019-03-08T11:45:00+09:00,J4,918,913,1831
2019-03-08T11:45:00+09:00,J5,678,654,1332
2019-03-08T12:00:00+09:00,J1,1273,1435,2708
2019-03-08T12:00:00+09:00,J2,902,781,1683
2019-03-08T12:00:00+09:00,J3,1410,1197,2607
2019-03-08T12:00:00+09:00,J4,870,939,1809
2019-03-08T12:00:00+09:00,J5,749,694,1443
2019-03-08T12:15:00+09:00,J1,1128,1420,2548
2019-03-08T12:15:00+09:00,J2,955,878,1833
2019-03-08T12:15:00+09:00,J3,1203,1105,2308
2019-03-08T12:15:00+09:00,J4,731,849,1580
2019-03-08T12:15:00+09:00,J5,700,738,1438
2019-03-08T12:30:00+09:00,J1,1208,1437,2645
2019-03-08T12:30:00+09:00,J2,934,732,1666
2019-03-08T12:30:00+09:00,J3,1173,1002,2175
2019-03-08T12:30:00+09:00,J4,798,960,1758
2019-03-08T12:30:00+09:00,J5,756,685,1441
2019-03-08T12:45:00+09:00,J1,1217,1401,2618
2019-03-08T12:45:00+09:00,J2,953,823,1776
2019-03-08T12:45:00+09:00,J3,1071,1087,2158
2019-03-08T12:45:00+09:00,J4,720,896,1616
2019-03-08T12:45:00+09:00,J5,637,623,1260
2019-03-08T13:00:00+09:00,J1,1178,1394,2572
2019-03-08T13:00:00+09:00,J2,896,867,1763
2019-03-08T13:00:00+09:00,J3,1022,870,1892
2019-03-08T13:00:00+09:00,J4,726,984,1710
2019-03-08T13:00:00+09:00,J5,605,549,1154
2019-03-08T13:15:00+09:00,J1,1243,1401,2644
2019-03-08T13:15:00+09:00,J2,954,921,1875
2019-03-08T13:15:00+09:00,J3,995,831,1826
2019-03-08T13:15:00+09:00,J4,769,895,1664
2019-03-08T13:15:00+09:00,J5,607,612,1219
2019-03-08T13:30:00+09:00,J1,1235,1399,2634
2019-03-08T13:30:00+09:00,J2,962,825,1787
2019-03-08T13:30:00+09:00,J3,821,866,1687
2019-03-08T13:30:00+09:00,J4,744,914,1658
2019-03-08T13:30:00+09:00,J5,584,576,1160
2019-03-08T13:45:00+09:00,J1,1183,1388,2571
2019-03-08T13:45:00+09:00,J2,914,787,1701
2019-03-08T13:45:00+09:00,J3,955,942,1897
2019-03-08T13:45:00+09:00,J4,717,814,1531
2019-03-08T13:45:00+09:00,J5,632,564,1196
2019-03-08T14:00:00+09:00,J1,1151,1440,2591
2019-03-08T14:00:00+09:00,J2,858,834,1692
2019-03-08T14:00:00+09:00,J3,971,879,1850
2019-03-08T14:00:00+09:00,J4,711,885,1596
2019-03-08T14:00:00+09:00,J5,629,590,1219
2019-03-08T14:15:00+09:00,J1,1127,1350,2477
2019-03-08T14:15:00+09:00,J2,920,908,1828
2019-03-08T14:15:00+09:00,J3,973,846,1819
2019-03-08T14:15:00+09:00,J4,701,808,1509
2019-03-08T14:15:00+09:00,J5,615,583,1198
2019-03-08T14:30:00+09:00,J1,1087,1317,2404
2019-03-08T14:30:00+09:00,J2,970,905,1875
2019-03-08T14:30:00+09:00,J3,1003,889,1892
2019-03-08T14:30:00+09:00,J4,673,813,1486
2019-03-08T14:30:00+09:00,J5,677,645,1322
2019-03-08T14:45:00+09:00,J1,1006,1246,2252
2019-03-08T14:45:00+09:00,J2,1006,849,1855
2019-03-08T14:45:00+09:00,J3,936,963,1899
2019-03-08T14:45:00+09:00,J4,729,719,1448
2019-03-08T14:45:00+09:00,J5,657,630,1287
2019-03-08T15:00:00+09:00,J1,1064,1358,2422
2019-03-08T15:00:00+09:00,J2,903,951,1854
2019-03-08T15:00:00+09:00,J3,917,856,1773
2019-03-08T15:00:00+09:00,J4,702,804,1506
2019-03-08T15:00:00+09:00,J5,648,628,1276
2019-03-08T15:15:00+09:00,J1,1106,1394,2500
2019-03-08T15:15:00+09:00,J2,986,1006,1992
2019-03-08T15:15:00+09:00,J3,999,908,1907
2019-03-08T15:15:00+09:00,J4,709,785,1494
2019-03-08T15:15:00+09:00,J5,711,630,1341
2019-03-08T15:30:00+09:00,J1,1105,1285,2390
2019-03-08T15:30:00+09:00,J2,951,929,1880
2019-03-08T15:30:00+09:00,J3,1100,822,1922
2019-03-08T15:30:00+09:00,J4,718,694,1412
2019-03-08T15:30:00+09:00,J5,674,660,1334
2019-03-08T15:45:00+09:00,J1,1097,1309,2406
2019-03-08T15:45:00+09:00,J2,948,972,1920
2019-03-08T15:45:00+09:00,J3,1051,873,1924
2019-03-08T15:45:00+09:00,J4,730,759,1489
2019-03-08T15:45:00+09:00,J5,664,659,1323
2019-03-08T16:00:00+09:00,J1,1019,1284,2303
2019-03-08T16:00:00+09:00,J2,928,1007,1935
2019-03-08T16:00:00+09:00,J3,1044,845,1889
2019-03-08T16:00:00+09:00,J4,658,762,1420
2019-03-08T16:00:00+09:00,J5,690,638,1328
2019-03-08T16:15:00+09:00,J1,1029,1268,2297
2019-03-08T16:15:00+09:00,J2,958,1011,1969
2019-03-08T16:15:00+09:00,J3,1062,1000,2062
2019-03-08T16:15:00+09:00,J4,774,777,1551
2019-03-08T16:15:00+09:00,J5,712,676,1388
2019-03-08T16:30:00+09:00,J1,938,1133,2071
2019-03-08T16:30:00+09:00,J2,864,819,1683
2019-03-08T16:30:00+09:00,J3,1012,1095,2107
2019-03-08T16:30:00+09:00,J4,680,673,1353
2019-03-08T16:30:00+09:00,J5,642,581,1223
2019-03-08T16:45:00+09:00,J1,1096,1223,2319
2019-03-08T16:45:00+09:00,J2,902,960,1862
2019-03-08T16:45:00+09:00,J3,1197,1140,2337
2019-03-08T16:45:00+09:00,J4,732,736,1468
2019-03-08T16:45:00+09:00,J5,735,668,1403
2019-03-08T17:00:00+09:00,J1,1047,1298,2345
2019-03-08T17:00:00+09:00,J2,846,1003,1849
2019-03-08T17:00:00+09:00,J3,1335,1157,2492
2019-03-08T17:00:00+09:00,J4,939,866,1805
2019-03-08T17:00:00+09:00,J5,681,737,1418
2019-03-08T17:15:00+09:00,J1,1220,1430,2650
2019-03-08T17:15:00+09:00,J2,1013,946,1959
2019-03-08T17:15:00+09:00,J3,1421,1149,2570
2019-03-08T17:15:00+09:00,J4,1109,1040,2149
2019-03-08T17:15:00+09:00,J5,650,730,1380
2019-03-08T17:30:00+09:00,J1,1289,1491,2780
2019-03-08T17:30:00+09:00,J2,1043,1025,2068
2019-03-08T17:30:00+09:00,J3,1405,1087,2492
2019-03-08T17:30:00+09:00,J4,1178,1046,2224
2019-03-08T17:30:00+09:00,J5,738,780,1518
2019-03-08T17:45:00+09:00,J1,1237,1471,2708
2019-03-08T17:45:00+09:00,J2,1036,1037,2073
2019-03-08T17:45:00+09:00,J3,1490,1064,2554
2019-03-08T17:45:00+09:00,J4,1253,1004,2257
2019-03-08T17:45:00+09:00,J5,736,784,1520
2019-03-08T18:00:00+09:00,J1,1369,1491,2860
2019-03-08T18:00:00+09:00,J2,1097,1025,2122
2019-03-08T18:00:00+09:00,J3,1427,1138,2565
2019-03-08T18:00:00+09:00,J4,1243,1002,2245
2019-03-08T18:00:00+09:00,J5,780,792,1572
2019-03-08T18:15:00+09:00,J1,1294,1349,2643
2019-03-08T18:15:00+09:00,J2,1168,935,2103
2019-03-08T18:15:00+09:00,J3,1541,1198,2739
2019-03-08T18:15:00+09:00,J4,1265,1040,2305
2019-03-08T18:15:00+09:00,J5,696,777,1473
2019-03-08T18:30:00+09:00,J1,1246,1341,2587
2019-03-08T18:30:00+09:00,J2,1054,973,2027
2019-03-08T18:30:00+09:00,J3,1424,997,2421
2019-03-08T18:30:00+09:00,J4,969,784,1753
2019-03-08T18:30:00+09:00,J5,702,677,1379
2019-03-08T18:45:00+09:00,J1,1178,1355,2533
2019-03-08T18:45:00+09:00,J2,1021,885,1906
2019-03-08T18:45:00+09:00,J3,1286,990,2276
2019-03-08T18:45:00+09:00,J4,869,708,1577
2019-03-08T18:45:00+09:00,J5,566,654,1220
2019-03-08T19:00:00+09:00,J1,1152,1266,2418
2019-03-08T19:00:00+09:00,J2,756,743,1499
2019-03-08T19:00:00+09:00,J3,1274,967,2241
2019-03-08T19:00:00+09:00,J4,772,657,1429
2019-03-08T19:00:00+09:00,J5,532,613,1145
2019-03-08T19:15:00+09:00,J1,1181,1380,2561
2019-03-08T19:15:00+09:00,J2,713,753,1466
2019-03-08T19:15:00+09:00,J3,1310,1049,2359
2019-03-08T19:15:00+09:00,J4,828,684,1512
2019-03-08T19:15:00+09:00,J5,515,580,1095
2019-03-08T19:30:00+09:00,J1,1170,1314,2484
2019-03-08T19:30:00+09:00,J2,649,777,1426
2019-03-08T19:30:00+09:00,J3,1239,877,2116
2019-03-08T19:30:00+09:00,J4,712,732,1444
2019-03-08T19:30:00+09:00,J5,428,527,955
2019-03-08T19:45:00+09:00,J1,1066,1261,2327
2019-03-08T19:45:00+09:00,J2,625,679,1304
2019-03-08T19:45:00+09:00,J3,1187,876,2063
2019-03-08T19:45:00+09:00,J4,683,705,1388
2019-03-08T19:45:00+09:00,J5,468,495,963
2019-03-08T20:00:00+09:00,J1,1093,1326,2419
2019-03-08T20:00:00+09:00,J2,699,681,1380
2019-03-08T20:00:00+09:00,J3,1138,881,2019
2019-03-08T20:00:00+09:00,J4,723,742,1465
2019-03-08T20:00:00+09:00,J5,456,522,978
2019-03-08T20:15:00+09:00,J1,1075,1316,2391
2019-03-08T20:15:00+09:00,J2,658,677,1335
2019-03-08T20:15:00+09:00,J3,1159,884,2043
2019-03-08T20:15:00+09:00,J4,740,731,1471
2019-03-08T20:15:00+09:00,J5,434,483,917
2019-03-08T20:30:00+09:00,J1,1025,1215,2240
2019-03-08T20:30:00+09:00,J2,588,547,1135
2019-03-08T20:30:00+09:00,J3,1148,898,2046
2019-03-08T20:30:00+09:00,J4,685,869,1554
2019-03-08T20:30:00+09:00,J5,447,495,942
2019-03-08T20:45:00+09:00,J1,1118,1186,2304
2019-03-08T20:45:00+09:00,J2,779,822,1601
2019-03-08T20:45:00+09:00,J3,1081,838,1919
2019-03-08T20:45:00+09:00,J4,645,810,1455
2019-03-08T20:45:00+09:00,J5,421,410,831
2019-03-08T21:00:00+09:00,J1,1012,1257,2269
2019-03-08T21:00:00+09:00,J2,859,859,1718
2019-03-08T21:00:00+09:00,J3,973,799,1772
2019-03-08T21:00:00+09:00,J4,673,851,1524
2019-03-08T21:00:00+09:00,J5,420,442,862
2019-03-08T21:15:00+09:00,J1,1066,1262,2328
2019-03-08T21:15:00+09:00,J2,806,820,1626
2019-03-08T21:15:00+09:00,J3,980,925,1905
2019-03-08T21:15:00+09:00,J4,764,840,1604
2019-03-08T21:15:00+09:00,J5,393,453,846
2019-03-08T21:30:00+09:00,J1,1024,1233,2257
2019-03-08T21:30:00+09:00,J2,716,672,1388
2019-03-08T21:30:00+09:00,J3,1061,987,2048
2019-03-08T21:30:00+09:00,J4,745,881,1626
2019-03-08T21:30:00+09:00,J5,418,445,863
2019-03-08T21:45:00+09:00,J1,978,1213,2191
2019-03-08T21:45:00+09:00,J2,657,739,1396
2019-03-08T21:45:00+09:00,J3,1029,964,1993
2019-03-08T21:45:00+09:00,J4,735,822,1557
2019-03-08T21:45:00+09:00,J5,435,415,850
2019-03-08T22:00:00+09:00,J1,1059,1155,2214
2019-03-08T22:00:00+09:00,J2,637,731,1368
2019-03-08T22:00:00+09:00,J3,1053,812,1865
2019-03-08T22:00:00+09:00,J4,755,796,1551
2019-03-08T22:00:00+09:00,J5,456,428,884
2019-03-08T22:15:00+09:00,J1,962,1134,2096
2019-03-08T22:15:00+09:00,J2,569,654,1223
2019-03-08T22:15:00+09:00,J3,1036,897,1933
2019-03-08T22:15:00+09:00,J4,700,818,1518
2019-03-08T22:15:00+09:00,J5,461,403,864
2019-03-08T22:30:00+09:00,J1,1039,1151,2190
2019-03-08T22:30:00+09:00,J2,572,690,1262
2019-03-08T22:30:00+09:00,J3,1037,899,1936
2019-03-08T22:30:00+09:00,J4,719,783,1502
2019-03-08T22:30:00+09:00,J5,466,396,862
2019-03-08T22:45:00+09:00,J1,999,1136,2135
2019-03-08T22:45:00+09:00,J2,811,787,1598
2019-03-08T22:45:00+09:00,J3,978,738,1716
2019-03-08T22:45:00+09:00,J4,733,804,1537
2019-03-08T22:45:00+09:00,J5,391,398,789
2019-03-08T23:00:00+09:00,J1,986,1100,2086
2019-03-08T23:00:00+09:00,J2,776,759,1535
2019-03-08T23:00:00+09:00,J3,1070,845,1915
2019-03-08T23:00:00+09:00,J4,776,824,1600
2019-03-08T23:00:00+09:00,J5,448,412,860
2019-03-08T23:15:00+09:00,J1,1030,1160,2190
2019-03-08T23:15:00+09:00,J2,599,765,1364
2019-03-08T23:15:00+09:00,J3,934,742,1676
2019-03-08T23:15:00+09:00,J4,699,835,1534
2019-03-08T23:15:00+09:00,J5,388,366,754
2019-03-08T23:30:00+09:00,J1,942,1012,1954
2019-03-08T23:30:00+09:00,J2,459,663,1122
2019-03-08T23:30:00+09:00,J3,873,775,1648
2019-03-08T23:30:00+09:00,J4,827,848,1675
2019-03-08T23:30:00+09:00,J5,418,396,814
2019-03-08T23:45:00+09:00,J1,963,1027,1990
2019-03-08T23:45:00+09:00,J2,498,664,1162
2019-03-08T23:45:00+09:00,J3,934,685,1619
2019-03-08T23:45:00+09:00,J4,751,723,1474
2019-03-08T23:45:00+09:00,J5,425,413,838
2019-03-09T00:00:00+09:00,J1,917,867,1784
2019-03-09T00:00:00+09:00,J2,460,523,983
2019-03-09T00:00:00+09:00,J3,674,516,1190
2019-03-09T00:00:00+09:00,J4,589,725,1314
2019-03-09T00:00:00+09:00,J5,457,473,930
2019-03-09T00:15:00+09:00,J1,665,628,1293
2019-03-09T00:15:00+09:00,J2,496,491,987
2019-03-09T00:15:00+09:00,J3,471,418,889
2019-03-09T00:15:00+09:00,J4,687,739,1426
2019-03-09T00:15:00+09:00,J5,545,511,1056
2019-03-09T00:30:00+09:00,J1,574,566,1140
2019-03-09T00:30:00+09:00,J2,472,471,943
2019-03-09T00:30:00+09:00,J3,511,448,959
2019-03-09T00:30:00+09:00,J4,754,709,1463
2019-03-09T00:30:00+09:00,J5,536,497,1033
2019-03-09T00:45:00+09:00,J1,497,506,1003
2019-03-09T00:45:00+09:00,J2,417,438,855
2019-03-09T00:45:00+09:00,J3,490,520,1010
2019-03-09T00:45:00+09:00,J4,842,770,1612
2019-03-09T00:45:00+09:00,J5,545,482,1027
2019-03-09T05:45:00+09:00,J1,644,578,1222
2019-03-09T05:45:00+09:00,J2,606,544,1150
2019-03-09T05:45:00+09:00,J3,958,703,1661
2019-03-09T05:45:00+09:00,J4,761,798,1559
2019-03-09T05:45:00+09:00,J5,484,517,1001
2019-03-09T06:00:00+09:00,J1,526,536,1062
2019-03-09T06:00:00+09:00,J2,520,493,1013
2019-03-09T06:00:00+09:00,J3,943,785,1728
2019-03-09T06:00:00+09:00,J4,725,829,1554
2019-03-09T06:00:00+09:00,J5,573,491,1064
2019-03-09T06:15:00+09:00,J1,806,796,1602
2019-03-09T06:15:00+09:00,J2,488,483,971
2019-03-09T06:15:00+09:00,J3,736,693,1429
2019-03-09T06:15:00+09:00,J4,788,809,1597
2019-03-09T06:15:00+09:00,J5,577,536,1113
2019-03-09T06:30:00+09:00,J1,697,710,1407
2019-03-09T06:30:00+09:00,J2,478,457,935
2019-03-09T06:30:00+09:00,J3,774,674,1448
2019-03-09T06:30:00+09:00,J4,788,769,1557
2019-03-09T06:30:00+09:00,J5,564,475,1039
2019-03-09T06:45:00+09:00,J1,834,825,1659
2019-03-09T06:45:00+09:00,J2,459,447,906
2019-03-09T06:45:00+09:00,J3,837,809,1646
2019-03-09T06:45:00+09:00,J4,736,835,1571
2019-03-09T06:45:00+09:00,J5,581,495,1076
2019-03-09T07:00:00+09:00,J1,1049,1077,2126
2019-03-09T07:00:00+09:00,J2,730,618,1348
2019-03-09T07:00:00+09:00,J3,879,806,1685
2019-03-09T07:00:00+09:00,J4,877,838,1715
2019-03-09T07:00:00+09:00,J5,596,548,1144
2019-03-09T07:15:00+09:00,J1,1015,1010,2025
2019-03-09T07:15:00+09:00,J2,670,636,1306
2019-03-09T07:15:00+09:00,J3,837,871,1708
2019-03-09T07:15:00+09:00,J4,830,821,1651
2019-03-09T07:15:00+09:00,J5,597,564,1161
2019-03-09T07:30:00+09:00,J1,1073,1057,2130
2019-03-09T07:30:00+09:00,J2,712,676,1388
2019-03-09T07:30:00+09:00,J3,763,761,1524
2019-03-09T07:30:00+09:00,J4,835,861,1696
2019-03-09T07:30:00+09:00,J5,623,527,1150
2019-03-09T07:45:00+09:00,J1,1078,1010,2088
2019-03-09T07:45:00+09:00,J2,710,659,1369
2019-03-09T07:45:00+09:00,J3,753,793,1546
2019-03-09T07:45:00+09:00,J4,791,858,1649
2019-03-09T07:45:00+09:00,J5,593,539,1132
2019-03-09T08:00:00+09:00,J1,1169,1289,2458
2019-03-09T08:00:00+09:00,J2,858,795,1653
2019-03-09T08:00:00+09:00,J3,1191,1072,2263
2019-03-09T08:00:00+09:00,J4,868,840,1708
2019-03-09T08:00:00+09:00,J5,606,559,1165
2019-03-09T08:15:00+09:00,J1,1325,1313,2638
2019-03-09T08:15:00+09:00,J2,764,717,1481
2019-03-09T08:15:00+09:00,J3,1214,1114,2328
2019-03-09T08:15:00+09:00,J4,920,897,1817
2019-03-09T08:15:00+09:00,J5,656,709,1365
2019-03-09T08:30:00+09:00,J1,1162,1318,2480
2019-03-09T08:30:00+09:00,J2,757,595,1352
2019-03-09T08:30:00+09:00,J3,1144,1058,2202
2019-03-09T08:30:00+09:00,J4,935,878,1813
2019-03-09T08:30:00+09:00,J5,750,730,1480
2019-03-09T08:45:00+09:00,J1,1213,1295,2508
2019-03-09T08:45:00+09:00,J2,636,579,1215
2019-03-09T08:45:00+09:00,J3,1122,1026,2148
2019-03-09T08:45:00+09:00,J4,880,813,1693
2019-03-09T08:45:00+09:00,J5,678,636,1314
2019-03-09T09:00:00+09:00,J1,1115,1052,2167
2019-03-09T09:00:00+09:00,J2,646,699,1345
2019-03-09T09:00:00+09:00,J3,842,822,1664
2019-03-09T09:00:00+09:00,J4,876,877,1753
2019-03-09T09:00:00+09:00,J5,428,428,856
2019-03-09T09:15:00+09:00,J1,1181,1139,2320
2019-03-09T09:15:00+09:00,J2,710,659,1369
2019-03-09T09:15:00+09:00,J3,935,852,1787
2019-03-09T09:15:00+09:00,J4,855,863,1718
2019-03-09T09:15:00+09:00,J5,397,456,853
2019-03-09T09:30:00+09:00,J1,1091,1046,2137
2019-03-09T09:30:00+09:00,J2,650,680,1330
2019-03-09T09:30:00+09:00,J3,952,837,1789
2019-03-09T09:30:00+09:00,J4,820,794,1614
2019-03-09T09:30:00+09:00,J5,386,504,890
2019-03-09T09:45:00+09:00,J1,1177,1116,2293
2019-03-09T09:45:00+09:00,J2,791,669,1460
2019-03-09T09:45:00+09:00,J3,917,794,1711
2019-03-09T09:45:00+09:00,J4,786,769,1555
2019-03-09T09:45:00+09:00,J5,394,457,851
2019-03-09T10:00:00+09:00,J1,990,945,1935
2019-03-09T10:00:00+09:00,J2,745,761,1506
2019-03-09T10:00:00+09:00,J3,896,804,1700
2019-03-09T10:00:00+09:00,J4,756,731,1487
2019-03-09T10:00:00+09:00,J5,472,445,917
2019-03-09T10:15:00+09:00,J1,1002,1038,2040
2019-03-09T10:15:00+09:00,J2,830,769,1599
2019-03-09T10:15:00+09:00,J3,913,813,1726
2019-03-09T10:15:00+09:00,J4,732,816,1548
2019-03-09T10:15:00+09:00,J5,483,441,924
2019-03-09T10:30:00+09:00,J1,1034,1069,2103
2019-03-09T10:30:00+09:00,J2,818,741,1559
2019-03-09T10:30:00+09:00,J3,909,807,1716
2019-03-09T10:30:00+09:00,J4,733,854,1587
2019-03-09T10:30:00+09:00,J5,493,482,975
2019-03-09T10:45:00+09:00,J1,1057,1086,2143
2019-03-09T10:45:00+09:00,J2,804,772,1576
2019-03-09T10:45:00+09:00,J3,1033,827,1860
2019-03-09T10:45:00+09:00,J4,707,809,1516
2019-03-09T10:45:00+09:00,J5,421,456,877
2019-03-09T11:00:00+09:00,J1,1168,1220,2388
2019-03-09T11:00:00+09:00,J2,938,801,1739
2019-03-09T11:00:00+09:00,J3,1117,1134,2251
2019-03-09T11:00:00+09:00,J4,654,863,1517
2019-03-09T11:00:00+09:00,J5,613,666,1279
2019-03-09T11:15:00+09:00,J1,1055,1276,2331
2019-03-09T11:15:00+09:00,J2,995,863,1858
2019-03-09T11:15:00+09:00,J3,1172,1127,2299
2019-03-09T11:15:00+09:00,J4,732,798,1530
2019-03-09T11:15:00+09:00,J5,651,681,1332
2019-03-09T11:30:00+09:00,J1,1081,1174,2255
2019-03-09T11:30:00+09:00,J2,957,832,1789
2019-03-09T11:30:00+09:00,J3,1094,1003,2097
2019-03-09T11:30:00+09:00,J4,681,741,1422
2019-03-09T11:30:00+09:00,J5,652,672,1324
2019-03-09T11:45:00+09:00,J1,1005,1123,2128
2019-03-09T11:45:00+09:00,J2,885,875,1760
2019-03-09T11:45:00+09:00,J3,1152,1054,2206
2019-03-09T11:45:00+09:00,J4,633,678,1311
2019-03-09T11:45:00+09:00,J5,618,628,1246
2019-03-09T12:00:00+09:00,J1,1029,1187,2216
2019-03-09T12:00:00+09:00,J2,938,809,1747
2019-03-09T12:00:00+09:00,J3,1001,987,1988
2019-03-09T12:00:00+09:00,J4,611,797,1408
2019-03-09T12:00:00+09:00,J5,596,553,1149
2019-03-09T12:15:00+09:00,J1,1037,1153,2190
2019-03-09T12:15:00+09:00,J2,938,746,1684
2019-03-09T12:15:00+09:00,J3,1036,1088,2124
2019-03-09T12:15:00+09:00,J4,663,762,1425
2019-03-09T12:15:00+09:00,J5,584,627,1211
2019-03-09T12:30:00+09:00,J1,1013,1131,2144
2019-03-09T12:30:00+09:00,J2,960,747,1707
2019-03-09T12:30:00+09:00,J3,1168,1101,2269
2019-03-09T12:30:00+09:00,J4,766,789,1555
2019-03-09T12:30:00+09:00,J5,623,675,1298
2019-03-09T12:45:00+09:00,J1,1017,1184,2201
2019-03-09T12:45:00+09:00,J2,956,778,1734
2019-03-09T12:45:00+09:00,J3,1264,1156,2420
2019-03-09T12:45:00+09:00,J4,858,834,1692
2019-03-09T12:45:00+09:00,J5,605,633,1238
2019-03-09T13:00:00+09:00,J1,988,1108,2096
2019-03-09T13:00:00+09:00,J2,927,705,1632
2019-03-09T13:00:00+09:00,J3,1257,1189,2446
2019-03-09T13:00:00+09:00,J4,764,773,1537
2019-03-09T13:00:00+09:00,J5,629,625,1254
2019-03-09T13:15:00+09:00,J1,976,1139,2115
2019-03-09T13:15:00+09:00,J2,917,758,1675
2019-03-09T13:15:00+09:00,J3,1146,1234,2380
2019-03-09T13:15:00+09:00,J4,782,843,1625
2019-03-09T13:15:00+09:00,J5,591,617,1208
2019-03-09T13:30:00+09:00,J1,963,1140,2103
2019-03-09T13:30:00+09:00,J2,906,733,1639
2019-03-09T13:30:00+09:00,J3,1247,1228,2475
2019-03-09T13:30:00+09:00,J4,893,887,1780
2019-03-09T13:30:00+09:00,J5,520,586,1106
2019-03-09T13:45:00+09:00,J1,937,1042,1979
2019-03-09T13:45:00+09:00,J2,864,649,1513
2019-03-09T13:45:00+09:00,J3,1087,1038,2125
2019-03-09T13:45:00+09:00,J4,880,886,1766
2019-03-09T13:45:00+09:00,J5,577,604,1181
2019-03-09T14:00:00+09:00,J1,1015,1043,2058
2019-03-09T14:00:00+09:00,J2,821,707,1528
2019-03-09T14:00:00+09:00,J3,1065,957,2022
2019-03-09T14:00:00+09:00,J4,867,928,1795
2019-03-09T14:00:00+09:00,J5,610,643,1253
2019-03-09T14:15:00+09:00,J1,939,1108,2047
2019-03-09T14:15:00+09:00,J2,788,657,1445
2019-03-09T14:15:00+09:00,J3,1131,1014,2145
2019-03-09T14:15:00+09:00,J4,915,938,1853
2019-03-09T14:15:00+09:00,J5,573,583,1156
2019-03-09T14:30:00+09:00,J1,977,1150,2127
2019-03-09T14:30:00+09:00,J2,756,716,1472
2019-03-09T14:30:00+09:00,J3,1168,1084,2252
2019-03-09T14:30:00+09:00,J4,923,862,1785
2019-03-09T14:30:00+09:00,J5,542,564,1106
2019-03-09T14:45:00+09:00,J1,976,1159,2135
2019-03-09T14:45:00+09:00,J2,822,697,1519
2019-03-09T14:45:00+09:00,J3,1106,1069,2175
2019-03-09T14:45:00+09:00,J4,910,946,1856
2019-03-09T14:45:00+09:00,J5,601,529,1130
2019-03-09T15:00:00+09:00,J1,1028,1182,2210
2019-03-09T15:00:00+09:00,J2,731,715,1446
2019-03-09T15:00:00+09:00,J3,1127,1019,2146
2019-03-09T15:00:00+09:00,J4,937,883,1820
2019-03-09T15:00:00+09:00,J5,483,564,1047
2019-03-09T15:15:00+09:00,J1,997,1210,2207
2019-03-09T15:15:00+09:00,J2,731,701,1432
2019-03-09T15:15:00+09:00,J3,1083,942,2025
2019-03-09T15:15:00+09:00,J4,930,944,1874
2019-03-09T15:15:00+09:00,J5,576,583,1159
2019-03-09T15:30:00+09:00,J1,1025,1142,2167
2019-03-09T15:30:00+09:00,J2,765,685,1450
2019-03-09T15:30:00+09:00,J3,1122,917,2039
2019-03-09T15:30:00+09:00,J4,953,968,1921
2019-03-09T15:30:00+09:00,J5,591,598,1189
2019-03-09T15:45:00+09:00,J1,992,1235,2227
2019-03-09T15:45:00+09:00,J2,789,675,1464
2019-03-09T15:45:00+09:00,J3,1137,957,2094
2019-03-09T15:45:00+09:00,J4,921,989,1910
2019-03-09T15:45:00+09:00,J5,617,542,1159
2019-03-09T16:00:00+09:00,J1,1024,1218,2242
2019-03-09T16:00:00+09:00,J2,744,715,1459
2019-03-09T16:00:00+09:00,J3,1158,1006,2164
2019-03-09T16:00:00+09:00,J4,884,818,1702
2019-03-09T16:00:00+09:00,J5,583,540,1123
2019-03-09T16:15:00+09:00,J1,1005,1244,2249
2019-03-09T16:15:00+09:00,J2,858,724,1582
2019-03-09T16:15:00+09:00,J3,1180,1021,2201
2019-03-09T16:15:00+09:00,J4,860,829,1689
2019-03-09T16:15:00+09:00,J5,663,614,1277
2019-03-09T16:30:00+09:00,J1,1108,1262,2370
2019-03-09T16:30:00+09:00,J2,806,707,1513
2019-03-09T16:30:00+09:00,J3,1165,1160,2325
2019-03-09T16:30:00+09:00,J4,898,832,1730
2019-03-09T16:30:00+09:00,J5,518,523,1041
2019-03-09T16:45:00+09:00,J1,1011,1229,2240
2019-03-09T16:45:00+09:00,J2,834,770,1604
2019-03-09T16:45:00+09:00,J3,1210,1116,2326
2019-03-09T16:45:00+09:00,J4,907,841,1748
2019-03-09T16:45:00+09:00,J5,612,557,1169
2019-03-09T17:00:00+09:00,J1,1115,1241,2356
2019-03-09T17:00:00+09:00,J2,824,715,1539
2019-03-09T17:00:00+09:00,J3,1218,1021,2239
2019-03-09T17:00:00+09:00,J4,857,946,1803
2019-03-09T17:00:00+09:00,J5,536,562,1098
2019-03-09T17:15:00+09:00,J1,1121,1322,2443
2019-03-09T17:15:00+09:00,J2,842,681,1523
2019-03-09T17:15:00+09:00,J3,1213,1073,2286
2019-03-09T17:15:00+09:00,J4,930,949,1879
2019-03-09T17:15:00+09:00,J5,588,579,1167
2019-03-09T17:30:00+09:00,J1,1148,1331,2479
2019-03-09T17:30:00+09:00,J2,894,666,1560
2019-03-09T17:30:00+09:00,J3,1255,1029,2284
2019-03-09T17:30:00+09:00,J4,977,868,1845
2019-03-09T17:30:00+09:00,J5,509,514,1023
2019-03-09T17:45:00+09:00,J1,1111,1193,2304
2019-03-09T17:45:00+09:00,J2,843,669,1512
2019-03-09T17:45:00+09:00,J3,1206,995,2201
2019-03-09T17:45:00+09:00,J4,938,845,1783
2019-03-09T17:45:00+09:00,J5,546,562,1108
2019-03-09T18:00:00+09:00,J1,1113,1226,2339
2019-03-09T18:00:00+09:00,J2,868,687,1555
2019-03-09T18:00:00+09:00,J3,1248,963,2211
2019-03-09T18:00:00+09:00,J4,852,807,1659
2019-03-09T18:00:00+09:00,J5,499,444,943
2019-03-09T18:15:00+09:00,J1,1046,1351,2397
2019-03-09T18:15:00+09:00,J2,815,741,1556
2019-03-09T18:15:00+09:00,J3,1218,935,2153
2019-03-09T18:15:00+09:00,J4,864,750,1614
2019-03-09T18:15:00+09:00,J5,500,490,990
2019-03-09T18:30:00+09:00,J1,916,1033,1949
2019-03-09T18:30:00+09:00,J2,756,711,1467
2019-03-09T18:30:00+09:00,J3,994,823,1817
2019-03-09T18:30:00+09:00,J4,936,811,1747
2019-03-09T18:30:00+09:00,J5,507,533,1040
2019-03-09T18:45:00+09:00,J1,1043,1024,2067
2019-03-09T18:45:00+09:00,J2,769,657,1426
2019-03-09T18:45:00+09:00,J3,1002,841,1843
2019-03-09T18:45:00+09:00,J4,863,818,1681
2019-03-09T18:45:00+09:00,J5,509,507,1016
2019-03-09T19:00:00+09:00,J1,856,968,1824
2019-03-09T19:00:00+09:00,J2,883,741,1624
2019-03-09T19:00:00+09:00,J3,902,817,1719
2019-03-09T19:00:00+09:00,J4,927,856,1783
2019-03-09T19:00:00+09:00,J5,565,531,1096
2019-03-09T19:15:00+09:00,J1,906,973,1879
2019-03-09T19:15:00+09:00,J2,754,779,1533
2019-03-09T19:15:00+09:00,J3,1096,876,1972
2019-03-09T19:15:00+09:00,J4,903,871,1774
2019-03-09T19:15:00+09:00,J5,603,609,1212
2019-03-09T19:30:00+09:00,J1,870,877,1747
2019-03-09T19:30:00+09:00,J2,588,719,1307
2019-03-09T19:30:00+09:00,J3,1003,1010,2013
2019-03-09T19:30:00+09:00,J4,874,855,1729
2019-03-09T19:30:00+09:00,J5,552,571,1123
2019-03-09T19:45:00+09:00,J1,737,847,1584
2019-03-09T19:45:00+09:00,J2,545,720,1265
2019-03-09T19:45:00+09:00,J3,920,835,1755
2019-03-09T19:45:00+09:00,J4,887,886,1773
2019-03-09T19:45:00+09:00,J5,600,652,1252
2019-03-09T20:00:00+09:00,J1,809,844,1653
2019-03-09T20:00:00+09:00,J2,488,565,1053
2019-03-09T20:00:00+09:00,J3,947,936,1883
2019-03-09T20:00:00+09:00,J4,878,870,1748
2019-03-09T20:00:00+09:00,J5,582,611,1193
2019-03-09T20:15:00+09:00,J1,810,960,1770
2019-03-09T20:15:00+09:00,J2,497,639,1136
2019-03-09T20:15:00+09:00,J3,1052,1043,2095
2019-03-09T20:15:00+09:00,J4,922,880,1802
2019-03-09T20:15:00+09:00,J5,597,607,1204
2019-03-09T20:30:00+09:00,J1,766,934,1700
2019-03-09T20:30:00+09:00,J2,504,570,1074
2019-03-09T20:30:00+09:00,J3,1038,920,1958
2019-03-09T20:30:00+09:00,J4,921,844,1765
2019-03-09T20:30:00+09:00,J5,580,656,1236
2019-03-09T20:45:00+09:00,J1,819,820,1639
2019-03-09T20:45:00+09:00,J2,581,548,1129
2019-03-09T20:45:00+09:00,J3,974,828,1802
2019-03-09T20:45:00+09:00,J4,781,753,1534
2019-03-09T20:45:00+09:00,J5,632,609,1241
2019-03-09T21:00:00+09:00,J1,744,740,1484
2019-03-09T21:00:00+09:00,J2,504,528,1032
2019-03-09T21:00:00+09:00,J3,733,609,1342
2019-03-09T21:00:00+09:00,J4,811,691,1502
2019-03-09T21:00:00+09:00,J5,576,657,1233
2019-03-09T21:15:00+09:00,J1,778,810,1588
2019-03-09T21:15:00+09:00,J2,499,554,1053
2019-03-09T21:15:00+09:00,J3,688,599,1287
2019-03-09T21:15:00+09:00,J4,770,629,1399
2019-03-09T21:15:00+09:00,J5,651,648,1299
2019-03-09T21:30:00+09:00,J1,757,849,1606
2019-03-09T21:30:00+09:00,J2,645,576,1221
2019-03-09T21:30:00+09:00,J3,638,588,1226
2019-03-09T21:30:00+09:00,J4,675,682,1357
2019-03-09T21:30:00+09:00,J5,622,657,1279
2019-03-09T21:45:00+09:00,J1,767,757,1524
2019-03-09T21:45:00+09:00,J2,738,631,1369
2019-03-09T21:45:00+09:00,J3,549,514,1063
2019-03-09T21:45:00+09:00,J4,667,632,1299
2019-03-09T21:45:00+09:00,J5,542,577,1119
2019-03-09T22:00:00+09:00,J1,682,767,1449
2019-03-09T22:00:00+09:00,J2,742,654,1396
2019-03-09T22:00:00+09:00,J3,488,487,975
2019-03-09T22:00:00+09:00,J4,666,724,1390
2019-03-09T22:00:00+09:00,J5,450,422,872
2019-03-09T22:15:00+09:00,J1,711,781,1492
2019-03-09T22:15:00+09:00,J2,707,596,1303
2019-03-09T22:15:00+09:00,J3,476,513,989
2019-03-09T22:15:00+09:00,J4,664,754,1418
2019-03-09T22:15:00+09:00,J5,478,505,983
2019-03-09T22:30:00+09:00,J1,637,763,1400
2019-03-09T22:30:00+09:00,J2,748,774,1522
2019-03-09T22:30:00+09:00,J3,512,509,1021
2019-03-09T22:30:00+09:00,J4,611,670,1281
2019-03-09T22:30:00+09:00,J5,465,444,909
2019-03-09T22:45:00+09:00,J1,712,837,1549
2019-03-09T22:45:00+09:00,J2,696,631,1327
2019-03-09T22:45:00+09:00,J3,577,599,1176
2019-03-09T22:45:00+09:00,J4,598,736,1334
2019-03-09T22:45:00+09:00,J5,446,368,814
2019-03-09T23:00:00+09:00,J1,789,918,1707
2019-03-09T23:00:00+09:00,J2,631,717,1348
2019-03-09T23:00:00+09:00,J3,650,717,1367
2019-03-09T23:00:00+09:00,J4,590,653,1243
2019-03-09T23:00:00+09:00,J5,446,386,832
2019-03-09T23:15:00+09:00,J1,750,867,1617
2019-03-09T23:15:00+09:00,J2,680,713,1393
2019-03-09T23:15:00+09:00,J3,595,646,1241
2019-03-09T23:15:00+09:00,J4,538,653,1191
2019-03-09T23:15:00+09:00,J5,369,388,757
2019-03-09T23:30:00+09:00,J1,699,866,1565
2019-03-09T23:30:00+09:00,J2,739,710,1449
2019-03-09T23:30:00+09:00,J3,585,636,1221
2019-03-09T23:30:00+09:00,J4,596,692,1288
2019-03-09T23:30:00+09:00,J5,379,390,769
2019-03-09T23:45:00+09:00,J1,722,838,1560
2019-03-09T23:45:00+09:00,J2,678,607,1285
2019-03-09T23:45:00+09:00,J3,668,682,1350
2019-03-09T23:45:00+09:00,J4,578,620,1198
2019-03-09T23:45:00+09:00,J5,373,363,736
2019-03-10T00:00:00+09:00,J1,617,645,1262
2019-03-10T00:00:00+09:00,J2,485,510,995
2019-03-10T00:00:00+09:00,J3,765,741,1506
2019-03-10T00:00:00+09:00,J4,482,562,1044
2019-03-10T00:00:00+09:00,J5,316,358,674
2019-03-10T00:15:00+09:00,J1,547,595,1142
2019-03-10T00:15:00+09:00,J2,386,398,784
2019-03-10T00:15:00+09:00,J3,923,828,1751
2019-03-10T00:15:00+09:00,J4,417,473,890
2019-03-10T00:15:00+09:00,J5,338,366,704
2019-03-10T00:30:00+09:00,J1,560,486,1046
2019-03-10T00:30:00+09:00,J2,366,373,739
2019-03-10T00:30:00+09:00,J3,907,771,1678
2019-03-10T00:30:00+09:00,J4,483,608,1091
2019-03-10T00:30:00+09:00,J5,292,289,581
2019-03-10T00:45:00+09:00,J1,605,534,1139
2019-03-10T00:45:00+09:00,J2,415,409,824
2019-03-10T00:45:00+09:00,J3,986,736,1722
2019-03-10T00:45:00+09:00,J4,474,556,1030
2019-03-10T00:45:00+09:00,J5,382,329,711
2019-03-10T05:45:00+09:00,J1,646,660,1306
2019-03-10T05:45:00+09:00,J2,393,410,803
2019-03-10T05:45:00+09:00,J3,471,504,975
2019-03-10T05:45:00+09:00,J4,690,725,1415
2019-03-10T05:45:00+09:00,J5,597,556,1153
2019-03-10T06:00:00+09:00,J1,622,718,1340
2019-03-10T06:00:00+09:00,J2,381,395,776
2019-03-10T06:00:00+09:00,J3,567,551,1118
2019-03-10T06:00:00+09:00,J4,780,781,1561
2019-03-10T06:00:00+09:00,J5,519,533,1052
2019-03-10T06:15:00+09:00,J1,664,668,1332
2019-03-10T06:15:00+09:00,J2,376,376,752
2019-03-10T06:15:00+09:00,J3,652,612,1264
2019-03-10T06:15:00+09:00,J4,775,705,1480
2019-03-10T06:15:00+09:00,J5,554,529,1083
2019-03-10T06:30:00+09:00,J1,670,649,1319
2019-03-10T06:30:00+09:00,J2,364,394,758
2019-03-10T06:30:00+09:00,J3,574,539,1113
2019-03-10T06:30:00+09:00,J4,739,705,1444
2019-03-10T06:30:00+09:00,J5,608,558,1166
2019-03-10T06:45:00+09:00,J1,660,696,1356
2019-03-10T06:45:00+09:00,J2,390,358,748
2019-03-10T06:45:00+09:00,J3,607,544,1151
2019-03-10T06:45:00+09:00,J4,795,764,1559
2019-03-10T06:45:00+09:00,J5,594,515,1109
2019-03-10T07:00:00+09:00,J1,728,777,1505
2019-03-10T07:00:00+09:00,J2,360,401,761
2019-03-10T07:00:00+09:00,J3,605,557,1162
2019-03-10T07:00:00+09:00,J4,811,740,1551
2019-03-10T07:00:00+09:00,J5,559,538,1097
2019-03-10T07:15:00+09:00,J1,733,783,1516
2019-03-10T07:15:00+09:00,J2,600,529,1129
2019-03-10T07:15:00+09:00,J3,607,586,1193
2019-03-10T07:15:00+09:00,J4,835,786,1621
2019-03-10T07:15:00+09:00,J5,551,541,1092
2019-03-10T07:30:00+09:00,J1,829,837,1666
2019-03-10T07:30:00+09:00,J2,609,548,1157
2019-03-10T07:30:00+09:00,J3,629,631,1260
2019-03-10T07:30:00+09:00,J4,849,715,1564
2019-03-10T07:30:00+09:00,J5,547,520,1067
2019-03-10T07:45:00+09:00,J1,752,806,1558
2019-03-10T07:45:00+09:00,J2,565,524,1089
2019-03-10T07:45:00+09:00,J3,729,663,1392
2019-03-10T07:45:00+09:00,J4,835,814,1649
2019-03-10T07:45:00+09:00,J5,565,578,1143
2019-03-10T08:00:00+09:00,J1,1041,1128,2169
2019-03-10T08:00:00+09:00,J2,496,500,996
2019-03-10T08:00:00+09:00,J3,1060,1015,2075
2019-03-10T08:00:00+09:00,J4,782,809,1591
2019-03-10T08:00:00+09:00,J5,506,506,1012
2019-03-10T08:15:00+09:00,J1,1061,1294,2355
2019-03-10T08:15:00+09:00,J2,570,471,1041
2019-03-10T08:15:00+09:00,J3,1245,1080,2325
2019-03-10T08:15:00+09:00,J4,725,828,1553
2019-03-10T08:15:00+09:00,J5,646,685,1331
2019-03-10T08:30:00+09:00,J1,1103,1228,2331
2019-03-10T08:30:00+09:00,J2,444,447,891
2019-03-10T08:30:00+09:00,J3,1061,984,2045
2019-03-10T08:30:00+09:00,J4,735,841,1576
2019-03-10T08:30:00+09:00,J5,649,617,1266
2019-03-10T08:45:00+09:00,J1,1154,1251,2405
2019-03-10T08:45:00+09:00,J2,469,494,963
2019-03-10T08:45:00+09:00,J3,1110,1029,2139
2019-03-10T08:45:00+09:00,J4,696,776,1472
2019-03-10T08:45:00+09:00,J5,577,566,1143
2019-03-10T09:00:00+09:00,J1,1127,1192,2319
2019-03-10T09:00:00+09:00,J2,434,501,935
2019-03-10T09:00:00+09:00,J3,897,718,1615
2019-03-10T09:00:00+09:00,J4,682,727,1409
2019-03-10T09:00:00+09:00,J5,457,456,913
2019-03-10T09:15:00+09:00,J1,1104,1106,2210
2019-03-10T09:15:00+09:00,J2,458,504,962
2019-03-10T09:15:00+09:00,J3,840,748,1588
2019-03-10T09:15:00+09:00,J4,710,814,1524
2019-03-10T09:15:00+09:00,J5,408,406,814
2019-03-10T09:30:00+09:00,J1,1137,1161,2298
2019-03-10T09:30:00+09:00,J2,505,472,977
2019-03-10T09:30:00+09:00,J3,812,810,1622
2019-03-10T09:30:00+09:00,J4,781,890,1671
2019-03-10T09:30:00+09:00,J5,424,415,839
2019-03-10T09:45:00+09:00,J1,1108,1078,2186
2019-03-10T09:45:00+09:00,J2,540,531,1071
2019-03-10T09:45:00+09:00,J3,850,800,1650
2019-03-10T09:45:00+09:00,J4,738,902,1640
2019-03-10T09:45:00+09:00,J5,372,383,755
2019-03-10T10:00:00+09:00,J1,1091,1087,2178
2019-03-10T10:00:00+09:00,J2,586,522,1108
2019-03-10T10:00:00+09:00,J3,842,787,1629
2019-03-10T10:00:00+09:00,J4,778,857,1635
2019-03-10T10:00:00+09:00,J5,374,398,772
2019-03-10T10:15:00+09:00,J1,1156,1192,2348
2019-03-10T10:15:00+09:00,J2,576,537,1113
2019-03-10T10:15:00+09:00,J3,904,820,1724
2019-03-10T10:15:00+09:00,J4,697,921,1618
2019-03-10T10:15:00+09:00,J5,381,404,785
2019-03-10T10:30:00+09:00,J1,1168,1172,2340
2019-03-10T10:30:00+09:00,J2,717,634,1351
2019-03-10T10:30:00+09:00,J3,903,840,1743
2019-03-10T10:30:00+09:00,J4,720,888,1608
2019-03-10T10:30:00+09:00,J5,372,412,784
2019-03-10T10:45:00+09:00,J1,1128,1242,2370
2019-03-10T10:45:00+09:00,J2,767,632,1399
2019-03-10T10:45:00+09:00,J3,902,841,1743
2019-03-10T10:45:00+09:00,J4,749,815,1564
2019-03-10T10:45:00+09:00,J5,422,481,903
2019-03-10T11:00:00+09:00,J1,1143,1268,2411
2019-03-10T11:00:00+09:00,J2,754,493,1247
2019-03-10T11:00:00+09:00,J3,1093,1071,2164
2019-03-10T11:00:00+09:00,J4,718,839,1557
2019-03-10T11:00:00+09:00,J5,669,656,1325
2019-03-10T11:15:00+09:00,J1,1136,1230,2366
2019-03-10T11:15:00+09:00,J2,769,512,1281
2019-03-10T11:15:00+09:00,J3,1034,993,2027
2019-03-10T11:15:00+09:00,J4,750,824,1574
2019-03-10T11:15:00+09:00,J5,651,714,1365
2019-03-10T11:30:00+09:00,J1,1058,1260,2318
2019-03-10T11:30:00+09:00,J2,692,479,1171
2019-03-10T11:30:00+09:00,J3,982,892,1874
2019-03-10T11:30:00+09:00,J4,752,875,1627
2019-03-10T11:30:00+09:00,J5,681,667,1348
2019-03-10T11:45:00+09:00,J1,951,1106,2057
2019-03-10T11:45:00+09:00,J2,619,410,1029
2019-03-10T11:45:00+09:00,J3,897,781,1678
2019-03-10T11:45:00+09:00,J4,537,698,1235
2019-03-10T11:45:00+09:00,J5,518,553,1071
2019-03-10T12:00:00+09:00,J1,1299,1458,2757
2019-03-10T12:00:00+09:00,J2,842,582,1424
2019-03-10T12:00:00+09:00,J3,1205,1041,2246
2019-03-10T12:00:00+09:00,J4,685,815,1500
2019-03-10T12:00:00+09:00,J5,658,707,1365
2019-03-10T12:15:00+09:00,J1,1129,1307,2436
2019-03-10T12:15:00+09:00,J2,712,442,1154
2019-03-10T12:15:00+09:00,J3,954,865,1819
2019-03-10T12:15:00+09:00,J4,652,714,1366
2019-03-10T12:15:00+09:00,J5,556,582,1138
2019-03-10T12:30:00+09:00,J1,1035,1283,2318
2019-03-10T12:30:00+09:00,J2,717,506,1223
2019-03-10T12:30:00+09:00,J3,799,761,1560
2019-03-10T12:30:00+09:00,J4,753,880,1633
2019-03-10T12:30:00+09:00,J5,637,644,1281
2019-03-10T12:45:00+09:00,J1,1048,1303,2351
2019-03-10T12:45:00+09:00,J2,686,538,1224
2019-03-10T12:45:00+09:00,J3,937,954,1891
2019-03-10T12:45:00+09:00,J4,859,906,1765
2019-03-10T12:45:00+09:00,J5,594,583,1177
2019-03-10T13:00:00+09:00,J1,1099,1291,2390
2019-03-10T13:00:00+09:00,J2,716,578,1294
2019-03-10T13:00:00+09:00,J3,1130,1006,2136
2019-03-10T13:00:00+09:00,J4,810,847,1657
2019-03-10T13:00:00+09:00,J5,601,666,1267
2019-03-10T13:15:00+09:00,J1,1152,1327,2479
2019-03-10T13:15:00+09:00,J2,758,509,1267
2019-03-10T13:15:00+09:00,J3,1177,1178,2355
2019-03-10T13:15:00+09:00,J4,798,765,1563
2019-03-10T13:15:00+09:00,J5,631,638,1269
2019-03-10T13:30:00+09:00,J1,1077,1327,2404
2019-03-10T13:30:00+09:00,J2,685,462,1147
2019-03-10T13:30:00+09:00,J3,1147,1124,2271
2019-03-10T13:30:00+09:00,J4,784,783,1567
2019-03-10T13:30:00+09:00,J5,592,642,1234
2019-03-10T13:45:00+09:00,J1,1062,1367,2429
2019-03-10T13:45:00+09:00,J2,717,518,1235
2019-03-10T13:45:00+09:00,J3,1286,1218,2504
2019-03-10T13:45:00+09:00,J4,860,806,1666
2019-03-10T13:45:00+09:00,J5,540,611,1151
2019-03-10T14:00:00+09:00,J1,1132,1295,2427
2019-03-10T14:00:00+09:00,J2,726,560,1286
2019-03-10T14:00:00+09:00,J3,1199,1265,2464
2019-03-10T14:00:00+09:00,J4,781,813,1594
2019-03-10T14:00:00+09:00,J5,598,566,1164
2019-03-10T14:15:00+09:00,J1,1100,1353,2453
2019-03-10T14:15:00+09:00,J2,792,499,1291
2019-03-10T14:15:00+09:00,J3,1253,1163,2416
2019-03-10T14:15:00+09:00,J4,827,830,1657
2019-03-10T14:15:00+09:00,J5,603,651,1254
2019-03-10T14:30:00+09:00,J1,1124,1383,2507
2019-03-10T14:30:00+09:00,J2,780,535,1315
2019-03-10T14:30:00+09:00,J3,1267,1203,2470
2019-03-10T14:30:00+09:00,J4,865,830,1695
2019-03-10T14:30:00+09:00,J5,592,629,1221
2019-03-10T14:45:00+09:00,J1,1151,1382,2533
2019-03-10T14:45:00+09:00,J2,774,527,1301
2019-03-10T14:45:00+09:00,J3,1192,1160,2352
2019-03-10T14:45:00+09:00,J4,929,853,1782
2019-03-10T14:45:00+09:00,J5,605,655,1260
2019-03-10T15:00:00+09:00,J1,1066,1334,2400
2019-03-10T15:00:00+09:00,J2,825,514,1339
2019-03-10T15:00:00+09:00,J3,1176,1173,2349
2019-03-10T15:00:00+09:00,J4,886,863,1749
2019-03-10T15:00:00+09:00,J5,637,633,1270
2019-03-10T15:15:00+09:00,J1,1059,1263,2322
2019-03-10T15:15:00+09:00,J2,750,538,1288
2019-03-10T15:15:00+09:00,J3,1220,1231,2451
2019-03-10T15:15:00+09:00,J4,986,910,1896
2019-03-10T15:15:00+09:00,J5,650,674,1324
2019-03-10T15:30:00+09:00,J1,1100,1275,2375
2019-03-10T15:30:00+09:00,J2,750,528,1278
2019-03-10T15:30:00+09:00,J3,1301,1245,2546
2019-03-10T15:30:00+09:00,J4,900,932,1832
2019-03-10T15:30:00+09:00,J5,589,613,1202
2019-03-10T15:45:00+09:00,J1,1069,1291,2360
2019-03-10T15:45:00+09:00,J2,775,541,1316
2019-03-10T15:45:00+09:00,J3,1313,1254,2567
2019-03-10T15:45:00+09:00,J4,929,924,1853
2019-03-10T15:45:00+09:00,J5,591,613,1204
2019-03-10T16:00:00+09:00,J1,1117,1389,2506
2019-03-10T16:00:00+09:00,J2,723,539,1262
2019-03-10T16:00:00+09:00,J3,1335,1176,2511
2019-03-10T16:00:00+09:00,J4,831,908,1739
2019-03-10T16:00:00+09:00,J5,596,632,1228
2019-03-10T16:15:00+09:00,J1,1108,1363,2471
2019-03-10T16:15:00+09:00,J2,764,511,1275
2019-03-10T16:15:00+09:00,J3,1258,1100,2358
2019-03-10T16:15:00+09:00,J4,903,884,1787
2019-03-10T16:15:00+09:00,J5,633,632,1265
2019-03-10T16:30:00+09:00,J1,1103,1280,2383
2019-03-10T16:30:00+09:00,J2,814,525,1339
2019-03-10T16:30:00+09:00,J3,1230,1012,2242
2019-03-10T16:30:00+09:00,J4,934,953,1887
2019-03-10T16:30:00+09:00,J5,679,677,1356
2019-03-10T16:45:00+09:00,J1,1067,1341,2408
2019-03-10T16:45:00+09:00,J2,803,578,1381
2019-03-10T16:45:00+09:00,J3,1197,1079,2276
2019-03-10T16:45:00+09:00,J4,933,894,1827
2019-03-10T16:45:00+09:00,J5,594,662,1256
2019-03-10T17:00:00+09:00,J1,1036,1293,2329
2019-03-10T17:00:00+09:00,J2,744,552,1296
2019-03-10T17:00:00+09:00,J3,1258,1165,2423
2019-03-10T17:00:00+09:00,J4,904,911,1815
2019-03-10T17:00:00+09:00,J5,689,674,1363
2019-03-10T17:15:00+09:00,J1,1081,1349,2430
2019-03-10T17:15:00+09:00,J2,784,537,1321
2019-03-10T17:15:00+09:00,J3,1209,1119,2328
2019-03-10T17:15:00+09:00,J4,903,930,1833
2019-03-10T17:15:00+09:00,J5,626,680,1306
2019-03-10T17:30:00+09:00,J1,1110,1359,2469
2019-03-10T17:30:00+09:00,J2,818,507,1325
2019-03-10T17:30:00+09:00,J3,1168,1149,2317
2019-03-10T17:30:00+09:00,J4,897,910,1807
2019-03-10T17:30:00+09:00,J5,632,625,1257
2019-03-10T17:45:00+09:00,J1,1104,1352,2456
2019-03-10T17:45:00+09:00,J2,791,551,1342
2019-03-10T17:45:00+09:00,J3,1308,1163,2471
2019-03-10T17:45:00+09:00,J4,924,897,1821
2019-03-10T17:45:00+09:00,J5,585,618,1203
2019-03-10T18:00:00+09:00,J1,1146,1372,2518
2019-03-10T18:00:00+09:00,J2,787,509,1296
2019-03-10T18:00:00+09:00,J3,1262,1062,2324
2019-03-10T18:00:00+09:00,J4,901,886,1787
2019-03-10T18:00:00+09:00,J5,616,667,1283
2019-03-10T18:15:00+09:00,J1,1054,1336,2390
2019-03-10T18:15:00+09:00,J2,793,495,1288
2019-03-10T18:15:00+09:00,J3,1141,1097,2238
2019-03-10T18:15:00+09:00,J4,955,790,1745
2019-03-10T18:15:00+09:00,J5,657,685,1342
2019-03-10T18:30:00+09:00,J1,1088,1199,2287
2019-03-10T18:30:00+09:00,J2,788,565,1353
2019-03-10T18:30:00+09:00,J3,895,879,1774
2019-03-10T18:30:00+09:00,J4,889,838,1727
2019-03-10T18:30:00+09:00,J5,616,623,1239
2019-03-10T18:45:00+09:00,J1,1113,1127,2240
2019-03-10T18:45:00+09:00,J2,647,568,1215
2019-03-10T18:45:00+09:00,J3,896,868,1764
2019-03-10T18:45:00+09:00,J4,873,874,1747
2019-03-10T18:45:00+09:00,J5,655,672,1327
2019-03-10T19:00:00+09:00,J1,960,1078,2038
2019-03-10T19:00:00+09:00,J2,442,481,923
2019-03-10T19:00:00+09:00,J3,923,867,1790
2019-03-10T19:00:00+09:00,J4,880,895,1775
2019-03-10T19:00:00+09:00,J5,673,687,1360
2019-03-10T19:15:00+09:00,J1,1002,1053,2055
2019-03-10T19:15:00+09:00,J2,414,456,870
2019-03-10T19:15:00+09:00,J3,899,887,1786
2019-03-10T19:15:00+09:00,J4,961,920,1881
2019-03-10T19:15:00+09:00,J5,643,682,1325
2019-03-10T19:30:00+09:00,J1,966,1051,2017
2019-03-10T19:30:00+09:00,J2,388,430,818
2019-03-10T19:30:00+09:00,J3,864,831,1695
2019-03-10T19:30:00+09:00,J4,731,836,1567
2019-03-10T19:30:00+09:00,J5,552,570,1122
2019-03-10T19:45:00+09:00,J1,980,1155,2135
2019-03-10T19:45:00+09:00,J2,343,418,761
2019-03-10T19:45:00+09:00,J3,829,816,1645
2019-03-10T19:45:00+09:00,J4,684,774,1458
2019-03-10T19:45:00+09:00,J5,572,541,1113
2019-03-10T20:00:00+09:00,J1,949,1097,2046
2019-03-10T20:00:00+09:00,J2,373,404,777
2019-03-10T20:00:00+09:00,J3,787,787,1574
2019-03-10T20:00:00+09:00,J4,734,757,1491
2019-03-10T20:00:00+09:00,J5,549,510,1059
2019-03-10T20:15:00+09:00,J1,973,1041,2014
2019-03-10T20:15:00+09:00,J2,363,435,798
2019-03-10T20:15:00+09:00,J3,920,837,1757
2019-03-10T20:15:00+09:00,J4,746,777,1523
2019-03-10T20:15:00+09:00,J5,498,527,1025
2019-03-10T20:30:00+09:00,J1,888,972,1860
2019-03-10T20:30:00+09:00,J2,341,371,712
2019-03-10T20:30:00+09:00,J3,853,722,1575
2019-03-10T20:30:00+09:00,J4,647,758,1405
2019-03-10T20:30:00+09:00,J5,457,512,969
2019-03-10T20:45:00+09:00,J1,897,1004,1901
2019-03-10T20:45:00+09:00,J2,383,337,720
2019-03-10T20:45:00+09:00,J3,858,678,1536
2019-03-10T20:45:00+09:00,J4,664,730,1394
2019-03-10T20:45:00+09:00,J5,439,425,864
2019-03-10T21:00:00+09:00,J1,961,1016,1977
2019-03-10T21:00:00+09:00,J2,482,340,822
2019-03-10T21:00:00+09:00,J3,737,606,1343
2019-03-10T21:00:00+09:00,J4,650,755,1405
2019-03-10T21:00:00+09:00,J5,397,468,865
2019-03-10T21:15:00+09:00,J1,944,980,1924
2019-03-10T21:15:00+09:00,J2,622,466,1088
2019-03-10T21:15:00+09:00,J3,697,595,1292
2019-03-10T21:15:00+09:00,J4,700,775,1475
2019-03-10T21:15:00+09:00,J5,406,414,820
2019-03-10T21:30:00+09:00,J1,879,956,1835
2019-03-10T21:30:00+09:00,J2,598,517,1115
2019-03-10T21:30:00+09:00,J3,588,579,1167
2019-03-10T21:30:00+09:00,J4,651,793,1444
2019-03-10T21:30:00+09:00,J5,356,385,741
2019-03-10T21:45:00+09:00,J1,854,962,1816
2019-03-10T21:45:00+09:00,J2,551,502,1053
2019-03-10T21:45:00+09:00,J3,639,614,1253
2019-03-10T21:45:00+09:00,J4,677,754,1431
2019-03-10T21:45:00+09:00,J5,330,375,705
2019-03-10T22:00:00+09:00,J1,910,1018,1928
2019-03-10T22:00:00+09:00,J2,515,474,989
2019-03-10T22:00:00+09:00,J3,672,612,1284
2019-03-10T22:00:00+09:00,J4,590,745,1335
2019-03-10T22:00:00+09:00,J5,319,343,662
2019-03-10T22:15:00+09:00,J1,928,976,1904
2019-03-10T22:15:00+09:00,J2,425,438,863
2019-03-10T22:15:00+09:00,J3,796,749,1545
2019-03-10T22:15:00+09:00,J4,591,751,1342
2019-03-10T22:15:00+09:00,J5,325,368,693
2019-03-10T22:30:00+09:00,J1,927,938,1865
2019-03-10T22:30:00+09:00,J2,408,366,774
2019-03-10T22:30:00+09:00,J3,847,756,1603
2019-03-10T22:30:00+09:00,J4,604,775,1379
2019-03-10T22:30:00+09:00,J5,344,354,698
2019-03-10T22:45:00+09:00,J1,922,1012,1934
2019-03-10T22:45:00+09:00,J2,514,489,1003
2019-03-10T22:45:00+09:00,J3,937,865,1802
2019-03-10T22:45:00+09:00,J4,607,745,1352
2019-03-10T22:45:00+09:00,J5,366,305,671
2019-03-10T23:00:00+09:00,J1,941,1053,1994
2019-03-10T23:00:00+09:00,J2,553,554,1107
2019-03-10T23:00:00+09:00,J3,892,920,1812
2019-03-10T23:00:00+09:00,J4,652,782,1434
2019-03-10T23:00:00+09:00,J5,353,347,700
2019-03-10T23:15:00+09:00,J1,957,1084,2041
2019-03-10T23:15:00+09:00,J2,355,398,753
2019-03-10T23:15:00+09:00,J3,901,932,1833
2019-03-10T23:15:00+09:00,J4,589,807,1396
2019-03-10T23:15:00+09:00,J5,384,324,708
2019-03-10T23:30:00+09:00,J1,927,965,1892
2019-03-10T23:30:00+09:00,J2,346,323,669
2019-03-10T23:30:00+09:00,J3,930,925,1855
2019-03-10T23:30:00+09:00,J4,510,773,1283
2019-03-10T23:30:00+09:00,J5,355,348,703
2019-03-10T23:45:00+09:00,J1,925,992,1917
2019-03-10T23:45:00+09:00,J2,364,359,723
2019-03-10T23:45:00+09:00,J3,1112,864,1976
2019-03-10T23:45:00+09:00,J4,530,696,1226
2019-03-10T23:45:00+09:00,J5,401,346,747
2019-03-11T00:00:00+09:00,J1,652,647,1299
2019-03-11T00:00:00+09:00,J2,290,380,670
2019-03-11T00:00:00+09:00,J3,1078,793,1871
2019-03-11T00:00:00+09:00,J4,524,630,1154
2019-03-11T00:00:00+09:00,J5,406,380,786
2019-03-11T00:15:00+09:00,J1,619,534,1153
2019-03-11T00:15:00+09:00,J2,300,323,623
2019-03-11T00:15:00+09:00,J3,748,584,1332
2019-03-11T00:15:00+09:00,J4,456,615,1071
2019-03-11T00:15:00+09:00,J5,367,350,717
2019-03-11T00:30:00+09:00,J1,459,417,876
2019-03-11T00:30:00+09:00,J2,236,399,635
2019-03-11T00:30:00+09:00,J3,704,539,1243
2019-03-11T00:30:00+09:00,J4,615,676,1291
2019-03-11T00:30:00+09:00,J5,416,473,889
2019-03-11T00:45:00+09:00,J1,509,386,895
2019-03-11T00:45:00+09:00,J2,286,357,643
2019-03-11T00:45:00+09:00,J3,668,585,1253
2019-03-11T00:45:00+09:00,J4,633,699,1332
2019-03-11T00:45:00+09:00,J5,500,482,982
2019-03-11T05:45:00+09:00,J1,671,647,1318
2019-03-11T05:45:00+09:00,J2,526,469,995
2019-03-11T05:45:00+09:00,J3,543,603,1146
2019-03-11T05:45:00+09:00,J4,721,739,1460
2019-03-11T05:45:00+09:00,J5,486,468,954
2019-03-11T06:00:00+09:00,J1,616,512,1128
2019-03-11T06:00:00+09:00,J2,434,526,960
2019-03-11T06:00:00+09:00,J3,512,486,998
2019-03-11T06:00:00+09:00,J4,883,706,1589
2019-03-11T06:00:00+09:00,J5,615,570,1185
2019-03-11T06:15:00+09:00,J1,780,734,1514
2019-03-11T06:15:00+09:00,J2,449,519,968
2019-03-11T06:15:00+09:00,J3,588,532,1120
2019-03-11T06:15:00+09:00,J4,872,739,1611
2019-03-11T06:15:00+09:00,J5,514,542,1056
2019-03-11T06:30:00+09:00,J1,654,707,1361
2019-03-11T06:30:00+09:00,J2,460,503,963
2019-03-11T06:30:00+09:00,J3,508,488,996
2019-03-11T06:30:00+09:00,J4,879,774,1653
2019-03-11T06:30:00+09:00,J5,470,563,1033
2019-03-11T06:45:00+09:00,J1,702,759,1461
2019-03-11T06:45:00+09:00,J2,528,564,1092
2019-03-11T06:45:00+09:00,J3,609,583,1192
2019-03-11T06:45:00+09:00,J4,847,791,1638
2019-03-11T06:45:00+09:00,J5,488,478,966
2019-03-11T07:00:00+09:00,J1,825,864,1689
2019-03-11T07:00:00+09:00,J2,585,542,1127
2019-03-11T07:00:00+09:00,J3,696,643,1339
2019-03-11T07:00:00+09:00,J4,849,729,1578
2019-03-11T07:00:00+09:00,J5,549,562,1111
2019-03-11T07:15:00+09:00,J1,940,791,1731
2019-03-11T07:15:00+09:00,J2,579,530,1109
2019-03-11T07:15:00+09:00,J3,875,774,1649
2019-03-11T07:15:00+09:00,J4,872,811,1683
2019-03-11T07:15:00+09:00,J5,548,521,1069
2019-03-11T07:30:00+09:00,J1,973,976,1949
2019-03-11T07:30:00+09:00,J2,577,527,1104
2019-03-11T07:30:00+09:00,J3,1194,1066,2260
2019-03-11T07:30:00+09:00,J4,953,868,1821
2019-03-11T07:30:00+09:00,J5,575,563,1138
2019-03-11T07:45:00+09:00,J1,1119,1135,2254
2019-03-11T07:45:00+09:00,J2,816,695,1511
2019-03-11T07:45:00+09:00,J3,1371,1227,2598
2019-03-11T07:45:00+09:00,J4,780,1051,1831
2019-03-11T07:45:00+09:00,J5,710,704,1414
2019-03-11T08:00:00+09:00,J1,1292,1302,2594
2019-03-11T08:00:00+09:00,J2,1036,786,1822
2019-03-11T08:00:00+09:00,J3,1332,1262,2594
2019-03-11T08:00:00+09:00,J4,739,1058,1797
2019-03-11T08:00:00+09:00,J5,685,671,1356
2019-03-11T08:15:00+09:00,J1,1421,1284,2705
2019-03-11T08:15:00+09:00,J2,1003,652,1655
2019-03-11T08:15:00+09:00,J3,1316,1416,2732
2019-03-11T08:15:00+09:00,J4,681,1185,1866
2019-03-11T08:15:00+09:00,J5,553,653,1206
2019-03-11T08:30:00+09:00,J1,1468,1312,2780
2019-03-11T08:30:00+09:00,J2,1108,578,1686
2019-03-11T08:30:00+09:00,J3,1184,1474,2658
2019-03-11T08:30:00+09:00,J4,717,1110,1827
2019-03-11T08:30:00+09:00,J5,565,666,1231
2019-03-11T08:45:00+09:00,J1,1229,1165,2394
2019-03-11T08:45:00+09:00,J2,904,646,1550
2019-03-11T08:45:00+09:00,J3,1063,1206,2269
2019-03-11T08:45:00+09:00,J4,560,890,1450
2019-03-11T08:45:00+09:00,J5,568,523,1091
2019-03-11T09:00:00+09:00,J1,1195,1219,2414
2019-03-11T09:00:00+09:00,J2,871,659,1530
2019-03-11T09:00:00+09:00,J3,999,1006,2005
2019-03-11T09:00:00+09:00,J4,668,901,1569
2019-03-11T09:00:00+09:00,J5,519,612,1131
2019-03-11T09:15:00+09:00,J1,1050,1031,2081
2019-03-11T09:15:00+09:00,J2,753,494,1247
2019-03-11T09:15:00+09:00,J3,927,845,1772
2019-03-11T09:15:00+09:00,J4,695,941,1636
2019-03-11T09:15:00+09:00,J5,550,534,1084
2019-03-11T09:30:00+09:00,J1,1109,1064,2173
2019-03-11T09:30:00+09:00,J2,703,547,1250
2019-03-11T09:30:00+09:00,J3,957,845,1802
2019-03-11T09:30:00+09:00,J4,791,871,1662
2019-03-11T09:30:00+09:00,J5,555,528,1083
2019-03-11T09:45:00+09:00,J1,913,999,1912
2019-03-11T09:45:00+09:00,J2,763,526,1289
2019-03-11T09:45:00+09:00,J3,833,798,1631
2019-03-11T09:45:00+09:00,J4,686,818,1504
2019-03-11T09:45:00+09:00,J5,414,438,852
2019-03-11T10:00:00+09:00,J1,1011,984,1995
2019-03-11T10:00:00+09:00,J2,660,516,1176
2019-03-11T10:00:00+09:00,J3,914,816,1730
2019-03-11T10:00:00+09:00,J4,665,867,1532
2019-03-11T10:00:00+09:00,J5,388,379,767
2019-03-11T10:15:00+09:00,J1,991,1053,2044
2019-03-11T10:15:00+09:00,J2,730,610,1340
2019-03-11T10:15:00+09:00,J3,892,778,1670
2019-03-11T10:15:00+09:00,J4,716,790,1506
2019-03-11T10:15:00+09:00,J5,423,457,880
2019-03-11T10:30:00+09:00,J1,980,1058,2038
2019-03-11T10:30:00+09:00,J2,747,672,1419
2019-03-11T10:30:00+09:00,J3,902,865,1767
2019-03-11T10:30:00+09:00,J4,678,773,1451
2019-03-11T10:30:00+09:00,J5,421,492,913
2019-03-11T10:45:00+09:00,J1,981,1073,2054
2019-03-11T10:45:00+09:00,J2,787,758,1545
2019-03-11T10:45:00+09:00,J3,877,947,1824
2019-03-11T10:45:00+09:00,J4,696,803,1499
2019-03-11T10:45:00+09:00,J5,451,439,890
2019-03-11T11:00:00+09:00,J1,1057,1084,2141
2019-03-11T11:00:00+09:00,J2,872,721,1593
2019-03-11T11:00:00+09:00,J3,906,936,1842
2019-03-11T11:00:00+09:00,J4,671,686,1357
2019-03-11T11:00:00+09:00,J5,443,433,876
2019-03-11T11:15:00+09:00,J1,1077,1131,2208
2019-03-11T11:15:00+09:00,J2,795,642,1437
2019-03-11T11:15:00+09:00,J3,949,986,1935
2019-03-11T11:15:00+09:00,J4,669,797,1466
2019-03-11T11:15:00+09:00,J5,667,659,1326
2019-03-11T11:30:00+09:00,J1,1046,1105,2151
2019-03-11T11:30:00+09:00,J2,774,614,1388
2019-03-11T11:30:00+09:00,J3,956,884,1840
2019-03-11T11:30:00+09:00,J4,562,748,1310
2019-03-11T11:30:00+09:00,J5,694,700,1394
2019-03-11T11:45:00+09:00,J1,1072,1123,2195
2019-03-11T11:45:00+09:00,J2,807,651,1458
2019-03-11T11:45:00+09:00,J3,964,853,1817
2019-03-11T11:45:00+09:00,J4,593,703,1296
2019-03-11T11:45:00+09:00,J5,670,674,1344
2019-03-11T12:00:00+09:00,J1,1056,1059,2115
2019-03-11T12:00:00+09:00,J2,799,675,1474
2019-03-11T12:00:00+09:00,J3,983,878,1861
2019-03-11T12:00:00+09:00,J4,639,706,1345
2019-03-11T12:00:00+09:00,J5,719,680,1399
2019-03-11T12:15:00+09:00,J1,1049,1201,2250
2019-03-11T12:15:00+09:00,J2,867,686,1553
2019-03-11T12:15:00+09:00,J3,1061,1092,2153
2019-03-11T12:15:00+09:00,J4,717,774,1491
2019-03-11T12:15:00+09:00,J5,687,668,1355
2019-03-11T12:30:00+09:00,J1,1073,1179,2252
2019-03-11T12:30:00+09:00,J2,863,706,1569
2019-03-11T12:30:00+09:00,J3,1211,1125,2336
2019-03-11T12:30:00+09:00,J4,706,751,1457
2019-03-11T12:30:00+09:00,J5,670,649,1319
2019-03-11T12:45:00+09:00,J1,1073,1168,2241
2019-03-11T12:45:00+09:00,J2,857,688,1545
2019-03-11T12:45:00+09:00,J3,1075,1026,2101
2019-03-11T12:45:00+09:00,J4,643,758,1401
2019-03-11T12:45:00+09:00,J5,648,648,1296
2019-03-11T13:00:00+09:00,J1,1036,1263,2299
2019-03-11T13:00:00+09:00,J2,805,713,1518
2019-03-11T13:00:00+09:00,J3,1183,1044,2227
2019-03-11T13:00:00+09:00,J4,745,759,1504
2019-03-11T13:00:00+09:00,J5,702,645,1347
2019-03-11T13:15:00+09:00,J1,1024,1224,2248
2019-03-11T13:15:00+09:00,J2,857,732,1589
2019-03-11T13:15:00+09:00,J3,1119,1044,2163
2019-03-11T13:15:00+09:00,J4,812,761,1573
2019-03-11T13:15:00+09:00,J5,709,640,1349
2019-03-11T13:30:00+09:00,J1,1093,1209,2302
2019-03-11T13:30:00+09:00,J2,815,724,1539
2019-03-11T13:30:00+09:00,J3,1044,1065,2109
2019-03-11T13:30:00+09:00,J4,788,744,1532
2019-03-11T13:30:00+09:00,J5,729,632,1361
2019-03-11T13:45:00+09:00,J1,961,1175,2136
2019-03-11T13:45:00+09:00,J2,800,698,1498
2019-03-11T13:45:00+09:00,J3,1001,984,1985
2019-03-11T13:45:00+09:00,J4,751,743,1494
2019-03-11T13:45:00+09:00,J5,667,683,1350
2019-03-11T14:00:00+09:00,J1,1014,1214,2228
2019-03-11T14:00:00+09:00,J2,750,701,1451
2019-03-11T14:00:00+09:00,J3,1109,1045,2154
2019-03-11T14:00:00+09:00,J4,804,750,1554
2019-03-11T14:00:00+09:00,J5,635,665,1300
2019-03-11T14:15:00+09:00,J1,1020,1171,2191
2019-03-11T14:15:00+09:00,J2,780,743,1523
2019-03-11T14:15:00+09:00,J3,1065,985,2050
2019-03-11T14:15:00+09:00,J4,827,753,1580
2019-03-11T14:15:00+09:00,J5,726,739,1465
2019-03-11T14:30:00+09:00,J1,984,1248,2232
2019-03-11T14:30:00+09:00,J2,709,714,1423
2019-03-11T14:30:00+09:00,J3,1182,970,2152
2019-03-11T14:30:00+09:00,J4,831,768,1599
2019-03-11T14:30:00+09:00,J5,740,678,1418
2019-03-11T14:45:00+09:00,J1,988,1161,2149
2019-03-11T14:45:00+09:00,J2,774,698,1472
2019-03-11T14:45:00+09:00,J3,1167,957,2124
2019-03-11T14:45:00+09:00,J4,794,795,1589
2019-03-11T14:45:00+09:00,J5,707,655,1362
2019-03-11T15:00:00+09:00,J1,1008,1163,2171
2019-03-11T15:00:00+09:00,J2,695,688,1383
2019-03-11T15:00:00+09:00,J3,1109,992,2101
2019-03-11T15:00:00+09:00,J4,829,789,1618
2019-03-11T15:00:00+09:00,J5,690,664,1354
2019-03-11T15:15:00+09:00,J1,1018,1271,2289
2019-03-11T15:15:00+09:00,J2,740,669,1409
2019-03-11T15:15:00+09:00,J3,1110,945,2055
2019-03-11T15:15:00+09:00,J4,878,808,1686
2019-03-11T15:15:00+09:00,J5,709,673,1382
2019-03-11T15:30:00+09:00,J1,1046,1162,2208
2019-03-11T15:30:00+09:00,J2,699,616,1315
2019-03-11T15:30:00+09:00,J3,1174,1040,2214
2019-03-11T15:30:00+09:00,J4,839,808,1647
2019-03-11T15:30:00+09:00,J5,673,721,1394
2019-03-11T15:45:00+09:00,J1,1077,1181,2258
2019-03-11T15:45:00+09:00,J2,751,709,1460
2019-03-11T15:45:00+09:00,J3,1084,1021,2105
2019-03-11T15:45:00+09:00,J4,836,869,1705
2019-03-11T15:45:00+09:00,J5,671,693,1364
2019-03-11T16:00:00+09:00,J1,1035,1208,2243
2019-03-11T16:00:00+09:00,J2,716,678,1394
2019-03-11T16:00:00+09:00,J3,1084,972,2056
2019-03-11T16:00:00+09:00,J4,778,792,1570
2019-03-11T16:00:00+09:00,J5,669,657,1326
2019-03-11T16:15:00+09:00,J1,1020,1197,2217
2019-03-11T16:15:00+09:00,J2,783,747,1530
2019-03-11T16:15:00+09:00,J3,1138,1027,2165
2019-03-11T16:15:00+09:00,J4,815,835,1650
2019-03-11T16:15:00+09:00,J5,701,675,1376
2019-03-11T16:30:00+09:00,J1,1051,1147,2198
2019-03-11T16:30:00+09:00,J2,832,721,1553
2019-03-11T16:30:00+09:00,J3,1130,940,2070
2019-03-11T16:30:00+09:00,J4,770,859,1629
2019-03-11T16:30:00+09:00,J5,731,678,1409
2019-03-11T16:45:00+09:00,J1,1004,1181,2185
2019-03-11T16:45:00+09:00,J2,748,712,1460
2019-03-11T16:45:00+09:00,J3,1052,975,2027
2019-03-11T16:45:00+09:00,J4,849,870,1719
2019-03-11T16:45:00+09:00,J5,632,654,1286
2019-03-11T17:00:00+09:00,J1,1072,1271,2343
2019-03-11T17:00:00+09:00,J2,798,738,1536
2019-03-11T17:00:00+09:00,J3,1189,1052,2241
2019-03-11T17:00:00+09:00,J4,956,920,1876
2019-03-11T17:00:00+09:00,J5,733,764,1497
2019-03-11T17:15:00+09:00,J1,1177,1430,2607
2019-03-11T17:15:00+09:00,J2,917,825,1742
2019-03-11T17:15:00+09:00,J3,1332,1125,2457
2019-03-11T17:15:00+09:00,J4,1023,963,1986
2019-03-11T17:15:00+09:00,J5,719,755,1474
2019-03-11T17:30:00+09:00,J1,1161,1454,2615
2019-03-11T17:30:00+09:00,J2,1017,920,1937
2019-03-11T17:30:00+09:00,J3,1385,1075,2460
2019-03-11T17:30:00+09:00,J4,1000,1016,2016
2019-03-11T17:30:00+09:00,J5,716,832,1548
2019-03-11T17:45:00+09:00,J1,1240,1415,2655
2019-03-11T17:45:00+09:00,J2,1008,878,1886
2019-03-11T17:45:00+09:00,J3,1414,1053,2467
2019-03-11T17:45:00+09:00,J4,1073,940,2013
2019-03-11T17:45:00+09:00,J5,692,792,1484
2019-03-11T18:00:00+09:00,J1,1206,1381,2587
2019-03-11T18:00:00+09:00,J2,965,876,1841
2019-03-11T18:00:00+09:00,J3,1464,1134,2598
2019-03-11T18:00:00+09:00,J4,1103,955,2058
2019-03-11T18:00:00+09:00,J5,679,797,1476
2019-03-11T18:15:00+09:00,J1,1222,1351,2573
2019-03-11T18:15:00+09:00,J2,990,920,1910
2019-03-11T18:15:00+09:00,J3,1443,1253,2696
2019-03-11T18:15:00+09:00,J4,1136,905,2041
2019-03-11T18:15:00+09:00,J5,587,709,1296
2019-03-11T18:30:00+09:00,J1,1141,1290,2431
2019-03-11T18:30:00+09:00,J2,1032,928,1960
2019-03-11T18:30:00+09:00,J3,1223,1032,2255
2019-03-11T18:30:00+09:00,J4,879,772,1651
2019-03-11T18:30:00+09:00,J5,531,579,1110
2019-03-11T18:45:00+09:00,J1,1123,1265,2388
2019-03-11T18:45:00+09:00,J2,913,839,1752
2019-03-11T18:45:00+09:00,J3,1104,927,2031
2019-03-11T18:45:00+09:00,J4,816,663,1479
2019-03-11T18:45:00+09:00,J5,474,571,1045
2019-03-11T19:00:00+09:00,J1,1080,1265,2345
2019-03-11T19:00:00+09:00,J2,762,773,1535
2019-03-11T19:00:00+09:00,J3,1106,949,2055
2019-03-11T19:00:00+09:00,J4,727,700,1427
2019-03-11T19:00:00+09:00,J5,470,513,983
2019-03-11T19:15:00+09:00,J1,1104,1265,2369
2019-03-11T19:15:00+09:00,J2,632,820,1452
2019-03-11T19:15:00+09:00,J3,1127,945,2072
2019-03-11T19:15:00+09:00,J4,758,707,1465
2019-03-11T19:15:00+09:00,J5,445,547,992
2019-03-11T19:30:00+09:00,J1,1026,1195,2221
2019-03-11T19:30:00+09:00,J2,513,679,1192
2019-03-11T19:30:00+09:00,J3,1045,912,1957
2019-03-11T19:30:00+09:00,J4,578,665,1243
2019-03-11T19:30:00+09:00,J5,459,474,933
2019-03-11T19:45:00+09:00,J1,1041,1154,2195
2019-03-11T19:45:00+09:00,J2,534,576,1110
2019-03-11T19:45:00+09:00,J3,939,774,1713
2019-03-11T19:45:00+09:00,J4,682,686,1368
2019-03-11T19:45:00+09:00,J5,433,448,881
2019-03-11T20:00:00+09:00,J1,1071,1230,2301
2019-03-11T20:00:00+09:00,J2,584,650,1234
2019-03-11T20:00:00+09:00,J3,940,786,1726
2019-03-11T20:00:00+09:00,J4,684,696,1380
2019-03-11T20:00:00+09:00,J5,434,478,912
2019-03-11T20:15:00+09:00,J1,1066,1293,2359
2019-03-11T20:15:00+09:00,J2,508,706,1214
2019-03-11T20:15:00+09:00,J3,957,862,1819
2019-03-11T20:15:00+09:00,J4,693,725,1418
2019-03-11T20:15:00+09:00,J5,417,433,850
2019-03-11T20:30:00+09:00,J1,1058,1214,2272
2019-03-11T20:30:00+09:00,J2,538,574,1112
2019-03-11T20:30:00+09:00,J3,1015,863,1878
2019-03-11T20:30:00+09:00,J4,720,681,1401
2019-03-11T20:30:00+09:00,J5,425,455,880
2019-03-11T20:45:00+09:00,J1,1053,1223,2276
2019-03-11T20:45:00+09:00,J2,593,614,1207
2019-03-11T20:45:00+09:00,J3,906,852,1758
2019-03-11T20:45:00+09:00,J4,686,790,1476
2019-03-11T20:45:00+09:00,J5,377,397,774
2019-03-11T21:00:00+09:00,J1,1104,1229,2333
2019-03-11T21:00:00+09:00,J2,811,807,1618
2019-03-11T21:00:00+09:00,J3,882,745,1627
2019-03-11T21:00:00+09:00,J4,709,805,1514
2019-03-11T21:00:00+09:00,J5,417,347,764
2019-03-11T21:15:00+09:00,J1,1024,1126,2150
2019-03-11T21:15:00+09:00,J2,909,708,1617
2019-03-11T21:15:00+09:00,J3,922,925,1847
2019-03-11T21:15:00+09:00,J4,766,835,1601
2019-03-11T21:15:00+09:00,J5,413,384,797
2019-03-11T21:30:00+09:00,J1,968,1072,2040
2019-03-11T21:30:00+09:00,J2,761,690,1451
2019-03-11T21:30:00+09:00,J3,978,941,1919
2019-03-11T21:30:00+09:00,J4,765,835,1600
2019-03-11T21:30:00+09:00,J5,404,407,811
2019-03-11T21:45:00+09:00,J1,865,1043,1908
2019-03-11T21:45:00+09:00,J2,738,736,1474
2019-03-11T21:45:00+09:00,J3,1033,882,1915
2019-03-11T21:45:00+09:00,J4,766,825,1591
2019-03-11T21:45:00+09:00,J5,455,338,793
2019-03-11T22:00:00+09:00,J1,942,1058,2000
2019-03-11T22:00:00+09:00,J2,612,642,1254
2019-03-11T22:00:00+09:00,J3,991,968,1959
2019-03-11T22:00:00+09:00,J4,705,752,1457
2019-03-11T22:00:00+09:00,J5,392,345,737
2019-03-11T22:15:00+09:00,J1,1008,1193,2201
2019-03-11T22:15:00+09:00,J2,584,688,1272
2019-03-11T22:15:00+09:00,J3,948,968,1916
2019-03-11T22:15:00+09:00,J4,690,785,1475
2019-03-11T22:15:00+09:00,J5,482,372,854
2019-03-11T22:30:00+09:00,J1,928,1092,2020
2019-03-11T22:30:00+09:00,J2,540,596,1136
2019-03-11T22:30:00+09:00,J3,969,870,1839
2019-03-11T22:30:00+09:00,J4,702,724,1426
2019-03-11T22:30:00+09:00,J5,407,380,787
2019-03-11T22:45:00+09:00,J1,1070,1136,2206
2019-03-11T22:45:00+09:00,J2,572,608,1180
2019-03-11T22:45:00+09:00,J3,1032,776,1808
2019-03-11T22:45:00+09:00,J4,659,757,1416
2019-03-11T22:45:00+09:00,J5,370,363,733
2019-03-11T23:00:00+09:00,J1,1043,1173,2216
2019-03-11T23:00:00+09:00,J2,752,729,1481
2019-03-11T23:00:00+09:00,J3,990,874,1864
2019-03-11T23:00:00+09:00,J4,684,764,1448
2019-03-11T23:00:00+09:00,J5,413,416,829
2019-03-11T23:15:00+09:00,J1,997,1177,2174
2019-03-11T23:15:00+09:00,J2,603,662,1265
2019-03-11T23:15:00+09:00,J3,1037,858,1895
2019-03-11T23:15:00+09:00,J4,657,781,1438
2019-03-11T23:15:00+09:00,J5,386,369,755
2019-03-11T23:30:00+09:00,J1,973,1226,2199
2019-03-11T23:30:00+09:00,J2,523,652,1175
2019-03-11T23:30:00+09:00,J3,977,850,1827
2019-03-11T23:30:00+09:00,J4,674,724,1398
2019-03-11T23:30:00+09:00,J5,401,410,811
2019-03-11T23:45:00+09:00,J1,1016,1102,2118
2019-03-11T23:45:00+09:00,J2,434,527,961
2019-03-11T23:45:00+09:00,J3,874,725,1599
2019-03-11T23:45:00+09:00,J4,642,726,1368
2019-03-11T23:45:00+09:00,J5,397,466,863
2019-03-12T00:00:00+09:00,J1,755,843,1598
2019-03-12T00:00:00+09:00,J2,512,530,1042
2019-03-12T00:00:00+09:00,J3,717,563,1280
2019-03-12T00:00:00+09:00,J4,654,697,1351
2019-03-12T00:00:00+09:00,J5,480,518,998
2019-03-12T00:15:00+09:00,J1,637,646,1283
2019-03-12T00:15:00+09:00,J2,518,488,1006
2019-03-12T00:15:00+09:00,J3,521,410,931
2019-03-12T00:15:00+09:00,J4,615,632,1247
2019-03-12T00:15:00+09:00,J5,533,501,1034
2019-03-12T00:30:00+09:00,J1,567,579,1146
2019-03-12T00:30:00+09:00,J2,432,427,859
2019-03-12T00:30:00+09:00,J3,416,390,806
2019-03-12T00:30:00+09:00,J4,686,637,1323
2019-03-12T00:30:00+09:00,J5,501,553,1054
2019-03-12T00:45:00+09:00,J1,504,484,988
2019-03-12T00:45:00+09:00,J2,420,423,843
2019-03-12T00:45:00+09:00,J3,440,406,846
2019-03-12T00:45:00+09:00,J4,649,612,1261
2019-03-12T00:45:00+09:00,J5,510,553,1063
2019-03-12T05:45:00+09:00,J1,798,748,1546
2019-03-12T05:45:00+09:00,J2,698,636,1334
2019-03-12T05:45:00+09:00,J3,764,751,1515
2019-03-12T05:45:00+09:00,J4,764,785,1549
2019-03-12T05:45:00+09:00,J5,434,433,867
2019-03-12T06:00:00+09:00,J1,798,844,1642
2019-03-12T06:00:00+09:00,J2,663,626,1289
2019-03-12T06:00:00+09:00,J3,630,714,1344
2019-03-12T06:00:00+09:00,J4,763,732,1495
2019-03-12T06:00:00+09:00,J5,486,528,1014
2019-03-12T06:15:00+09:00,J1,815,934,1749
2019-03-12T06:15:00+09:00,J2,652,594,1246
2019-03-12T06:15:00+09:00,J3,905,895,1800
2019-03-12T06:15:00+09:00,J4,770,715,1485
2019-03-12T06:15:00+09:00,J5,606,520,1126
2019-03-12T06:30:00+09:00,J1,801,796,1597
2019-03-12T06:30:00+09:00,J2,586,538,1124
2019-03-12T06:30:00+09:00,J3,1021,833,1854
2019-03-12T06:30:00+09:00,J4,772,700,1472
2019-03-12T06:30:00+09:00,J5,614,532,1146
2019-03-12T06:45:00+09:00,J1,855,891,1746
2019-03-12T06:45:00+09:00,J2,619,482,1101
2019-03-12T06:45:00+09:00,J3,817,730,1547
2019-03-12T06:45:00+09:00,J4,768,740,1508
2019-03-12T06:45:00+09:00,J5,658,531,1189
2019-03-12T07:00:00+09:00,J1,930,985,1915
2019-03-12T07:00:00+09:00,J2,681,703,1384
2019-03-12T07:00:00+09:00,J3,689,736,1425
2019-03-12T07:00:00+09:00,J4,782,753,1535
2019-03-12T07:00:00+09:00,J5,647,530,1177
2019-03-12T07:15:00+09:00,J1,1025,1055,2080
2019-03-12T07:15:00+09:00,J2,737,632,1369
2019-03-12T07:15:00+09:00,J3,660,686,1346
2019-03-12T07:15:00+09:00,J4,877,757,1634
2019-03-12T07:15:00+09:00,J5,618,574,1192
2019-03-12T07:30:00+09:00,J1,1144,1157,2301
2019-03-12T07:30:00+09:00,J2,698,616,1314
2019-03-12T07:30:00+09:00,J3,1257,1099,2356
2019-03-12T07:30:00+09:00,J4,903,832,1735
2019-03-12T07:30:00+09:00,J5,616,594,1210
2019-03-12T07:45:00+09:00,J1,1141,1160,2301
2019-03-12T07:45:00+09:00,J2,753,497,1250
2019-03-12T07:45:00+09:00,J3,1222,1189,2411
2019-03-12T07:45:00+09:00,J4,821,967,1788
2019-03-12T07:45:00+09:00,J5,661,713,1374
2019-03-12T08:00:00+09:00,J1,1351,1320,2671
2019-03-12T08:00:00+09:00,J2,1105,811,1916
2019-03-12T08:00:00+09:00,J3,1389,1272,2661
2019-03-12T08:00:00+09:00,J4,751,1018,1769
2019-03-12T08:00:00+09:00,J5,694,771,1465
2019-03-12T08:15:00+09:00,J1,1387,1348,2735
2019-03-12T08:15:00+09:00,J2,1063,723,1786
2019-03-12T08:15:00+09:00,J3,1501,1374,2875
2019-03-12T08:15:00+09:00,J4,817,1050,1867
2019-03-12T08:15:00+09:00,J5,638,766,1404
2019-03-12T08:30:00+09:00,J1,1372,1295,2667
2019-03-12T08:30:00+09:00,J2,1088,644,1732
2019-03-12T08:30:00+09:00,J3,1361,1422,2783
2019-03-12T08:30:00+09:00,J4,677,1059,1736
2019-03-12T08:30:00+09:00,J5,655,723,1378
2019-03-12T08:45:00+09:00,J1,1208,1063,2271
2019-03-12T08:45:00+09:00,J2,819,639,1458
2019-03-12T08:45:00+09:00,J3,1247,1252,2499
2019-03-12T08:45:00+09:00,J4,634,898,1532
2019-03-12T08:45:00+09:00,J5,554,607,1161
2019-03-12T09:00:00+09:00,J1,1060,1160,2220
2019-03-12T09:00:00+09:00,J2,823,779,1602
2019-03-12T09:00:00+09:00,J3,1123,1002,2125
2019-03-12T09:00:00+09:00,J4,619,854,1473
2019-03-12T09:00:00+09:00,J5,509,511,1020
2019-03-12T09:15:00+09:00,J1,962,985,1947
2019-03-12T09:15:00+09:00,J2,710,604,1314
2019-03-12T09:15:00+09:00,J3,972,1005,1977
2019-03-12T09:15:00+09:00,J4,673,895,1568
2019-03-12T09:15:00+09:00,J5,403,437,840
2019-03-12T09:30:00+09:00,J1,941,1038,1979
2019-03-12T09:30:00+09:00,J2,715,654,1369
2019-03-12T09:30:00+09:00,J3,1028,1149,2177
2019-03-12T09:30:00+09:00,J4,769,925,1694
2019-03-12T09:30:00+09:00,J5,420,401,821
2019-03-12T09:45:00+09:00,J1,998,1103,2101
2019-03-12T09:45:00+09:00,J2,783,609,1392
2019-03-12T09:45:00+09:00,J3,1166,1150,2316
2019-03-12T09:45:00+09:00,J4,658,860,1518
2019-03-12T09:45:00+09:00,J5,466,389,855
2019-03-12T10:00:00+09:00,J1,1144,1196,2340
2019-03-12T10:00:00+09:00,J2,702,675,1377
2019-03-12T10:00:00+09:00,J3,1044,1058,2102
2019-03-12T10:00:00+09:00,J4,772,786,1558
2019-03-12T10:00:00+09:00,J5,445,386,831
2019-03-12T10:15:00+09:00,J1,1269,1217,2486
2019-03-12T10:15:00+09:00,J2,660,792,1452
2019-03-12T10:15:00+09:00,J3,940,952,1892
2019-03-12T10:15:00+09:00,J4,780,766,1546
2019-03-12T10:15:00+09:00,J5,365,367,732
2019-03-12T10:30:00+09:00,J1,1135,1247,2382
2019-03-12T10:30:00+09:00,J2,694,773,1467
2019-03-12T10:30:00+09:00,J3,941,913,1854
2019-03-12T10:30:00+09:00,J4,701,884,1585
2019-03-12T10:30:00+09:00,J5,441,378,819
2019-03-12T10:45:00+09:00,J1,1203,1215,2418
2019-03-12T10:45:00+09:00,J2,808,771,1579
2019-03-12T10:45:00+09:00,J3,966,886,1852
2019-03-12T10:45:00+09:00,J4,789,824,1613
2019-03-12T10:45:00+09:00,J5,424,367,791
2019-03-12T11:00:00+09:00,J1,1136,1237,2373
2019-03-12T11:00:00+09:00,J2,789,753,1542
2019-03-12T11:00:00+09:00,J3,1004,947,1951
2019-03-12T11:00:00+09:00,J4,780,854,1634
2019-03-12T11:00:00+09:00,J5,394,359,753
2019-03-12T11:15:00+09:00,J1,1175,1343,2518
2019-03-12T11:15:00+09:00,J2,954,749,1703
2019-03-12T11:15:00+09:00,J3,1128,1069,2197
2019-03-12T11:15:00+09:00,J4,697,810,1507
2019-03-12T11:15:00+09:00,J5,549,533,1082
2019-03-12T11:30:00+09:00,J1,1204,1353,2557
2019-03-12T11:30:00+09:00,J2,881,779,1660
2019-03-12T11:30:00+09:00,J3,1192,1128,2320
2019-03-12T11:30:00+09:00,J4,677,810,1487
2019-03-12T11:30:00+09:00,J5,647,718,1365
2019-03-12T11:45:00+09:00,J1,1284,1352,2636
2019-03-12T11:45:00+09:00,J2,867,777,1644
2019-03-12T11:45:00+09:00,J3,1199,1087,2286
2019-03-12T11:45:00+09:00,J4,678,787,1465
2019-03-12T11:45:00+09:00,J5,670,660,1330
2019-03-12T12:00:00+09:00,J1,1191,1242,2433
2019-03-12T12:00:00+09:00,J2,949,795,1744
2019-03-12T12:00:00+09:00,J3,1194,1177,2371
2019-03-12T12:00:00+09:00,J4,711,794,1505
2019-03-12T12:00:00+09:00,J5,694,773,1467
2019-03-12T12:15:00+09:00,J1,1131,1314,2445
2019-03-12T12:15:00+09:00,J2,883,808,1691
2019-03-12T12:15:00+09:00,J3,1280,1146,2426
2019-03-12T12:15:00+09:00,J4,651,791,1442
2019-03-12T12:15:00+09:00,J5,705,788,1493
2019-03-12T12:30:00+09:00,J1,971,1105,2076
2019-03-12T12:30:00+09:00,J2,736,591,1327
2019-03-12T12:30:00+09:00,J3,969,890,1859
2019-03-12T12:30:00+09:00,J4,567,621,1188
2019-03-12T12:30:00+09:00,J5,613,595,1208
2019-03-12T12:45:00+09:00,J1,1138,1299,2437
2019-03-12T12:45:00+09:00,J2,849,875,1724
2019-03-12T12:45:00+09:00,J3,1176,1028,2204
2019-03-12T12:45:00+09:00,J4,674,710,1384
2019-03-12T12:45:00+09:00,J5,673,671,1344
2019-03-12T13:00:00+09:00,J1,1216,1274,2490
2019-03-12T13:00:00+09:00,J2,881,847,1728
2019-03-12T13:00:00+09:00,J3,1136,1008,2144
2019-03-12T13:00:00+09:00,J4,709,742,1451
2019-03-12T13:00:00+09:00,J5,726,679,1405
2019-03-12T13:15:00+09:00,J1,1244,1355,2599
2019-03-12T13:15:00+09:00,J2,892,854,1746
2019-03-12T13:15:00+09:00,J3,1090,1015,2105
2019-03-12T13:15:00+09:00,J4,718,748,1466
2019-03-12T13:15:00+09:00,J5,677,693,1370
2019-03-12T13:30:00+09:00,J1,1177,1282,2459
2019-03-12T13:30:00+09:00,J2,963,782,1745
2019-03-12T13:30:00+09:00,J3,1072,928,2000
2019-03-12T13:30:00+09:00,J4,763,774,1537
2019-03-12T13:30:00+09:00,J5,731,678,1409
2019-03-12T13:45:00+09:00,J1,1105,1290,2395
2019-03-12T13:45:00+09:00,J2,928,784,1712
2019-03-12T13:45:00+09:00,J3,1024,878,1902
2019-03-12T13:45:00+09:00,J4,720,756,1476
2019-03-12T13:45:00+09:00,J5,655,703,1358
2019-03-12T14:00:00+09:00,J1,1214,1291,2505
2019-03-12T14:00:00+09:00,J2,962,822,1784
2019-03-12T14:00:00+09:00,J3,1030,882,1912
2019-03-12T14:00:00+09:00,J4,772,710,1482
2019-03-12T14:00:00+09:00,J5,687,669,1356
2019-03-12T14:15:00+09:00,J1,1179,1311,2490
2019-03-12T14:15:00+09:00,J2,923,801,1724
2019-03-12T14:15:00+09:00,J3,1055,969,2024
2019-03-12T14:15:00+09:00,J4,799,764,1563
2019-03-12T14:15:00+09:00,J5,705,659,1364
2019-03-12T14:30:00+09:00,J1,1201,1362,2563
2019-03-12T14:30:00+09:00,J2,869,834,1703
2019-03-12T14:30:00+09:00,J3,1094,975,2069
2019-03-12T14:30:00+09:00,J4,789,821,1610
2019-03-12T14:30:00+09:00,J5,648,631,1279
2019-03-12T14:45:00+09:00,J1,1171,1288,2459
2019-03-12T14:45:00+09:00,J2,864,808,1672
2019-03-12T14:45:00+09:00,J3,1080,924,2004
2019-03-12T14:45:00+09:00,J4,813,735,1548
2019-03-12T14:45:00+09:00,J5,592,653,1245
2019-03-12T15:00:00+09:00,J1,1169,1345,2514
2019-03-12T15:00:00+09:00,J2,874,810,1684
2019-03-12T15:00:00+09:00,J3,1004,882,1886
2019-03-12T15:00:00+09:00,J4,815,735,1550
2019-03-12T15:00:00+09:00,J5,695,685,1380
2019-03-12T15:15:00+09:00,J1,1205,1471,2676
2019-03-12T15:15:00+09:00,J2,872,908,1780
2019-03-12T15:15:00+09:00,J3,1042,899,1941
2019-03-12T15:15:00+09:00,J4,864,859,1723
2019-03-12T15:15:00+09:00,J5,694,698,1392
2019-03-12T15:30:00+09:00,J1,1174,1243,2417
2019-03-12T15:30:00+09:00,J2,838,890,1728
2019-03-12T15:30:00+09:00,J3,1065,862,1927
2019-03-12T15:30:00+09:00,J4,873,773,1646
2019-03-12T15:30:00+09:00,J5,701,661,1362
2019-03-12T15:45:00+09:00,J1,1128,1338,2466
2019-03-12T15:45:00+09:00,J2,790,775,1565
2019-03-12T15:45:00+09:00,J3,1079,900,1979
2019-03-12T15:45:00+09:00,J4,815,794,1609
2019-03-12T15:45:00+09:00,J5,720,639,1359
2019-03-12T16:00:00+09:00,J1,1074,1301,2375
2019-03-12T16:00:00+09:00,J2,787,820,1607
2019-03-12T16:00:00+09:00,J3,988,814,1802
2019-03-12T16:00:00+09:00,J4,734,801,1535
2019-03-12T16:00:00+09:00,J5,671,658,1329
2019-03-12T16:15:00+09:00,J1,1223,1313,2536
2019-03-12T16:15:00+09:00,J2,856,818,1674
2019-03-12T16:15:00+09:00,J3,983,906,1889
2019-03-12T16:15:00+09:00,J4,765,708,1473
2019-03-12T16:15:00+09:00,J5,634,668,1302
2019-03-12T16:30:00+09:00,J1,1175,1347,2522
2019-03-12T16:30:00+09:00,J2,791,839,1630
2019-03-12T16:30:00+09:00,J3,1019,1017,2036
2019-03-12T16:30:00+09:00,J4,818,757,1575
2019-03-12T16:30:00+09:00,J5,565,609,1174
2019-03-12T16:45:00+09:00,J1,1206,1389,2595
2019-03-12T16:45:00+09:00,J2,820,859,1679
2019-03-12T16:45:00+09:00,J3,1255,1161,2416
2019-03-12T16:45:00+09:00,J4,744,720,1464
2019-03-12T16:45:00+09:00,J5,519,562,1081
2019-03-12T17:00:00+09:00,J1,1184,1406,2590
2019-03-12T17:00:00+09:00,J2,783,830,1613
2019-03-12T17:00:00+09:00,J3,1527,1343,2870
2019-03-12T17:00:00+09:00,J4,912,885,1797
2019-03-12T17:00:00+09:00,J5,489,551,1040
2019-03-12T17:15:00+09:00,J1,1292,1441,2733
2019-03-12T17:15:00+09:00,J2,940,932,1872
2019-03-12T17:15:00+09:00,J3,1375,1286,2661
2019-03-12T17:15:00+09:00,J4,1053,935,1988
2019-03-12T17:15:00+09:00,J5,505,708,1213
2019-03-12T17:30:00+09:00,J1,1242,1437,2679
2019-03-12T17:30:00+09:00,J2,1004,1069,2073
2019-03-12T17:30:00+09:00,J3,1315,1103,2418
2019-03-12T17:30:00+09:00,J4,1160,969,2129
2019-03-12T17:30:00+09:00,J5,553,781,1334
2019-03-12T17:45:00+09:00,J1,1272,1434,2706
2019-03-12T17:45:00+09:00,J2,1012,994,2006
2019-03-12T17:45:00+09:00,J3,1377,1119,2496
2019-03-12T17:45:00+09:00,J4,1133,927,2060
2019-03-12T17:45:00+09:00,J5,614,782,1396
2019-03-12T18:00:00+09:00,J1,1287,1465,2752
2019-03-12T18:00:00+09:00,J2,1098,975,2073
2019-03-12T18:00:00+09:00,J3,1463,1124,2587
2019-03-12T18:00:00+09:00,J4,1099,887,1986
2019-03-12T18:00:00+09:00,J5,601,732,1333
2019-03-12T18:15:00+09:00,J1,1335,1539,2874
2019-03-12T18:15:00+09:00,J2,1015,1064,2079
2019-03-12T18:15:00+09:00,J3,1359,1130,2489
2019-03-12T18:15:00+09:00,J4,1209,929,2138
2019-03-12T18:15:00+09:00,J5,639,780,1419
2019-03-12T18:30:00+09:00,J1,1267,1461,2728
2019-03-12T18:30:00+09:00,J2,982,933,1915
2019-03-12T18:30:00+09:00,J3,1330,1122,2452
2019-03-12T18:30:00+09:00,J4,948,820,1768
2019-03-12T18:30:00+09:00,J5,553,701,1254
2019-03-12T18:45:00+09:00,J1,1232,1389,2621
2019-03-12T18:45:00+09:00,J2,891,922,1813
2019-03-12T18:45:00+09:00,J3,1236,1033,2269
2019-03-12T18:45:00+09:00,J4,894,743,1637
2019-03-12T18:45:00+09:00,J5,543,616,1159
2019-03-12T19:00:00+09:00,J1,1164,1344,2508
2019-03-12T19:00:00+09:00,J2,695,746,1441
2019-03-12T19:00:00+09:00,J3,1270,1101,2371
2019-03-12T19:00:00+09:00,J4,810,731,1541
2019-03-12T19:00:00+09:00,J5,460,531,991
2019-03-12T19:15:00+09:00,J1,1196,1391,2587
2019-03-12T19:15:00+09:00,J2,635,721,1356
2019-03-12T19:15:00+09:00,J3,1302,1097,2399
2019-03-12T19:15:00+09:00,J4,840,759,1599
2019-03-12T19:15:00+09:00,J5,517,580,1097
2019-03-12T19:30:00+09:00,J1,1164,1351,2515
2019-03-12T19:30:00+09:00,J2,603,634,1237
2019-03-12T19:30:00+09:00,J3,1236,1087,2323
2019-03-12T19:30:00+09:00,J4,756,728,1484
2019-03-12T19:30:00+09:00,J5,458,479,937
2019-03-12T19:45:00+09:00,J1,1090,1353,2443
2019-03-12T19:45:00+09:00,J2,533,602,1135
2019-03-12T19:45:00+09:00,J3,1104,1029,2133
2019-03-12T19:45:00+09:00,J4,718,715,1433
2019-03-12T19:45:00+09:00,J5,451,412,863
2019-03-12T20:00:00+09:00,J1,1094,1355,2449
2019-03-12T20:00:00+09:00,J2,608,633,1241
2019-03-12T20:00:00+09:00,J3,1061,1046,2107
2019-03-12T20:00:00+09:00,J4,668,768,1436
2019-03-12T20:00:00+09:00,J5,437,428,865
2019-03-12T20:15:00+09:00,J1,1120,1300,2420
2019-03-12T20:15:00+09:00,J2,508,600,1108
2019-03-12T20:15:00+09:00,J3,1101,1071,2172
2019-03-12T20:15:00+09:00,J4,758,753,1511
2019-03-12T20:15:00+09:00,J5,416,425,841
2019-03-12T20:30:00+09:00,J1,1027,1381,2408
2019-03-12T20:30:00+09:00,J2,514,547,1061
2019-03-12T20:30:00+09:00,J3,1137,1003,2140
2019-03-12T20:30:00+09:00,J4,691,746,1437
2019-03-12T20:30:00+09:00,J5,424,390,814
2019-03-12T20:45:00+09:00,J1,1078,1243,2321
2019-03-12T20:45:00+09:00,J2,665,607,1272
2019-03-12T20:45:00+09:00,J3,1136,973,2109
2019-03-12T20:45:00+09:00,J4,767,817,1584
2019-03-12T20:45:00+09:00,J5,404,414,818
2019-03-12T21:00:00+09:00,J1,1143,1258,2401
2019-03-12T21:00:00+09:00,J2,809,688,1497
2019-03-12T21:00:00+09:00,J3,991,997,1988
2019-03-12T21:00:00+09:00,J4,763,799,1562
2019-03-12T21:00:00+09:00,J5,463,385,848
2019-03-12T21:15:00+09:00,J1,1042,1217,2259
2019-03-12T21:15:00+09:00,J2,872,753,1625
2019-03-12T21:15:00+09:00,J3,1024,1030,2054
2019-03-12T21:15:00+09:00,J4,804,864,1668
2019-03-12T21:15:00+09:00,J5,435,461,896
2019-03-12T21:30:00+09:00,J1,997,1243,2240
2019-03-12T21:30:00+09:00,J2,815,787,1602
2019-03-12T21:30:00+09:00,J3,1037,1020,2057
2019-03-12T21:30:00+09:00,J4,741,863,1604
2019-03-12T21:30:00+09:00,J5,466,373,839
2019-03-12T21:45:00+09:00,J1,1058,1191,2249
2019-03-12T21:45:00+09:00,J2,676,828,1504
2019-03-12T21:45:00+09:00,J3,1099,942,2041
2019-03-12T21:45:00+09:00,J4,769,838,1607
2019-03-12T21:45:00+09:00,J5,473,390,863
2019-03-12T22:00:00+09:00,J1,967,1193,2160
2019-03-12T22:00:00+09:00,J2,578,679,1257
2019-03-12T22:00:00+09:00,J3,1001,960,1961
2019-03-12T22:00:00+09:00,J4,793,838,1631
2019-03-12T22:00:00+09:00,J5,464,382,846
2019-03-12T22:15:00+09:00,J1,1028,1172,2200
2019-03-12T22:15:00+09:00,J2,513,614,1127
2019-03-12T22:15:00+09:00,J3,1040,953,1993
2019-03-12T22:15:00+09:00,J4,709,798,1507
2019-03-12T22:15:00+09:00,J5,492,377,869
2019-03-12T22:30:00+09:00,J1,1064,1155,2219
2019-03-12T22:30:00+09:00,J2,699,777,1476
2019-03-12T22:30:00+09:00,J3,1067,847,1914
2019-03-12T22:30:00+09:00,J4,703,747,1450
2019-03-12T22:30:00+09:00,J5,459,413,872
2019-03-12T22:45:00+09:00,J1,1001,1199,2200
2019-03-12T22:45:00+09:00,J2,786,761,1547
2019-03-12T22:45:00+09:00,J3,908,726,1634
2019-03-12T22:45:00+09:00,J4,747,676,1423
2019-03-12T22:45:00+09:00,J5,467,442,909
2019-03-12T23:00:00+09:00,J1,1034,1169,2203
2019-03-12T23:00:00+09:00,J2,876,835,1711
2019-03-12T23:00:00+09:00,J3,904,831,1735
2019-03-12T23:00:00+09:00,J4,703,713,1416
2019-03-12T23:00:00+09:00,J5,453,475,928
2019-03-12T23:15:00+09:00,J1,989,1131,2120
2019-03-12T23:15:00+09:00,J2,751,786,1537
2019-03-12T23:15:00+09:00,J3,828,762,1590
2019-03-12T23:15:00+09:00,J4,715,797,1512
2019-03-12T23:15:00+09:00,J5,444,568,1012
2019-03-12T23:30:00+09:00,J1,919,1096,2015
2019-03-12T23:30:00+09:00,J2,708,664,1372
2019-03-12T23:30:00+09:00,J3,852,716,1568
2019-03-12T23:30:00+09:00,J4,711,750,1461
2019-03-12T23:30:00+09:00,J5,465,501,966
2019-03-12T23:45:00+09:00,J1,945,1082,2027
2019-03-12T23:45:00+09:00,J2,556,591,1147
2019-03-12T23:45:00+09:00,J3,828,643,1471
2019-03-12T23:45:00+09:00,J4,726,649,1375
2019-03-12T23:45:00+09:00,J5,432,491,923
2019-03-13T00:00:00+09:00,J1,794,855,1649
2019-03-13T00:00:00+09:00,J2,652,605,1257
2019-03-13T00:00:00+09:00,J3,652,560,1212
2019-03-13T00:00:00+09:00,J4,632,674,1306
2019-03-13T00:00:00+09:00,J5,540,572,1112
2019-03-13T00:15:00+09:00,J1,727,768,1495
2019-03-13T00:15:00+09:00,J2,516,488,1004
2019-03-13T00:15:00+09:00,J3,496,478,974
2019-03-13T00:15:00+09:00,J4,717,636,1353
2019-03-13T00:15:00+09:00,J5,553,564,1117
2019-03-13T00:30:00+09:00,J1,717,591,1308
2019-03-13T00:30:00+09:00,J2,556,480,1036
2019-03-13T00:30:00+09:00,J3,458,433,891
2019-03-13T00:30:00+09:00,J4,706,571,1277
2019-03-13T00:30:00+09:00,J5,624,601,1225
2019-03-13T00:45:00+09:00,J1,633,591,1224
2019-03-13T00:45:00+09:00,J2,477,452,929
2019-03-13T00:45:00+09:00,J3,507,481,988
2019-03-13T00:45:00+09:00,J4,678,709,1387
2019-03-13T00:45:00+09:00,J5,551,578,1129
2019-03-13T05:45:00+09:00,J1,906,875,1781
2019-03-13T05:45:00+09:00,J2,761,652,1413
2019-03-13T05:45:00+09:00,J3,908,840,1748
2019-03-13T05:45:00+09:00,J4,766,748,1514
2019-03-13T05:45:00+09:00,J5,383,347,730
2019-03-13T06:00:00+09:00,J1,723,810,1533
2019-03-13T06:00:00+09:00,J2,796,626,1422
2019-03-13T06:00:00+09:00,J3,778,790,1568
2019-03-13T06:00:00+09:00,J4,785,719,1504
2019-03-13T06:00:00+09:00,J5,447,464,911
2019-03-13T06:15:00+09:00,J1,823,855,1678
2019-03-13T06:15:00+09:00,J2,702,647,1349
2019-03-13T06:15:00+09:00,J3,701,713,1414
2019-03-13T06:15:00+09:00,J4,767,707,1474
2019-03-13T06:15:00+09:00,J5,586,561,1147
2019-03-13T06:30:00+09:00,J1,889,865,1754
2019-03-13T06:30:00+09:00,J2,714,599,1313
2019-03-13T06:30:00+09:00,J3,620,760,1380
2019-03-13T06:30:00+09:00,J4,714,740,1454
2019-03-13T06:30:00+09:00,J5,606,522,1128
2019-03-13T06:45:00+09:00,J1,898,844,1742
2019-03-13T06:45:00+09:00,J2,744,602,1346
2019-03-13T06:45:00+09:00,J3,587,636,1223
2019-03-13T06:45:00+09:00,J4,755,732,1487
2019-03-13T06:45:00+09:00,J5,596,556,1152
2019-03-13T07:00:00+09:00,J1,898,922,1820
2019-03-13T07:00:00+09:00,J2,727,705,1432
2019-03-13T07:00:00+09:00,J3,618,664,1282
2019-03-13T07:00:00+09:00,J4,751,782,1533
2019-03-13T07:00:00+09:00,J5,592,549,1141
2019-03-13T07:15:00+09:00,J1,1030,1037,2067
2019-03-13T07:15:00+09:00,J2,799,665,1464
2019-03-13T07:15:00+09:00,J3,669,711,1380
2019-03-13T07:15:00+09:00,J4,882,893,1775
2019-03-13T07:15:00+09:00,J5,577,562,1139
2019-03-13T07:30:00+09:00,J1,1089,1155,2244
2019-03-13T07:30:00+09:00,J2,701,674,1375
2019-03-13T07:30:00+09:00,J3,1217,1103,2320
2019-03-13T07:30:00+09:00,J4,891,824,1715
2019-03-13T07:30:00+09:00,J5,622,553,1175
2019-03-13T07:45:00+09:00,J1,1170,1244,2414
2019-03-13T07:45:00+09:00,J2,748,538,1286
2019-03-13T07:45:00+09:00,J3,1238,1176,2414
2019-03-13T07:45:00+09:00,J4,904,965,1869
2019-03-13T07:45:00+09:00,J5,660,697,1357
2019-03-13T08:00:00+09:00,J1,1309,1365,2674
2019-03-13T08:00:00+09:00,J2,997,807,1804
2019-03-13T08:00:00+09:00,J3,1379,1255,2634
2019-03-13T08:00:00+09:00,J4,878,996,1874
2019-03-13T08:00:00+09:00,J5,710,735,1445
2019-03-13T08:15:00+09:00,J1,1315,1299,2614
2019-03-13T08:15:00+09:00,J2,1219,773,1992
2019-03-13T08:15:00+09:00,J3,1456,1397,2853
2019-03-13T08:15:00+09:00,J4,793,1120,1913
2019-03-13T08:15:00+09:00,J5,641,792,1433
2019-03-13T08:30:00+09:00,J1,1447,1282,2729
2019-03-13T08:30:00+09:00,J2,1042,729,1771
2019-03-13T08:30:00+09:00,J3,1466,1443,2909
2019-03-13T08:30:00+09:00,J4,745,1077,1822
2019-03-13T08:30:00+09:00,J5,647,722,1369
2019-03-13T08:45:00+09:00,J1,1209,1339,2548
2019-03-13T08:45:00+09:00,J2,749,702,1451
2019-03-13T08:45:00+09:00,J3,1260,1166,2426
2019-03-13T08:45:00+09:00,J4,746,921,1667
2019-03-13T08:45:00+09:00,J5,471,515,986
2019-03-13T09:00:00+09:00,J1,1200,1236,2436
2019-03-13T09:00:00+09:00,J2,702,766,1468
2019-03-13T09:00:00+09:00,J3,1178,1082,2260
2019-03-13T09:00:00+09:00,J4,810,833,1643
2019-03-13T09:00:00+09:00,J5,385,437,822
2019-03-13T09:15:00+09:00,J1,1217,1150,2367
2019-03-13T09:15:00+09:00,J2,643,679,1322
2019-03-13T09:15:00+09:00,J3,961,955,1916
2019-03-13T09:15:00+09:00,J4,747,825,1572
2019-03-13T09:15:00+09:00,J5,497,441,938
2019-03-13T09:30:00+09:00,J1,1336,1228,2564
2019-03-13T09:30:00+09:00,J2,701,664,1365
2019-03-13T09:30:00+09:00,J3,891,927,1818
2019-03-13T09:30:00+09:00,J4,854,828,1682
2019-03-13T09:30:00+09:00,J5,442,458,900
2019-03-13T09:45:00+09:00,J1,1216,1267,2483
2019-03-13T09:45:00+09:00,J2,632,699,1331
2019-03-13T09:45:00+09:00,J3,881,886,1767
2019-03-13T09:45:00+09:00,J4,821,774,1595
2019-03-13T09:45:00+09:00,J5,466,410,876
2019-03-13T10:00:00+09:00,J1,1219,1229,2448
2019-03-13T10:00:00+09:00,J2,559,684,1243
2019-03-13T10:00:00+09:00,J3,849,845,1694
2019-03-13T10:00:00+09:00,J4,796,759,1555
2019-03-13T10:00:00+09:00,J5,460,353,813
2019-03-13T10:15:00+09:00,J1,1222,1197,2419
2019-03-13T10:15:00+09:00,J2,667,688,1355
2019-03-13T10:15:00+09:00,J3,814,805,1619
2019-03-13T10:15:00+09:00,J4,774,829,1603
2019-03-13T10:15:00+09:00,J5,447,373,820
2019-03-13T10:30:00+09:00,J1,1183,1242,2425
2019-03-13T10:30:00+09:00,J2,629,761,1390
2019-03-13T10:30:00+09:00,J3,840,927,1767
2019-03-13T10:30:00+09:00,J4,815,783,1598
2019-03-13T10:30:00+09:00,J5,403,415,818
2019-03-13T10:45:00+09:00,J1,1145,1196,2341
2019-03-13T10:45:00+09:00,J2,702,749,1451
2019-03-13T10:45:00+09:00,J3,880,784,1664
2019-03-13T10:45:00+09:00,J4,863,873,1736
2019-03-13T10:45:00+09:00,J5,391,386,777
2019-03-13T11:00:00+09:00,J1,1129,1189,2318
2019-03-13T11:00:00+09:00,J2,701,689,1390
2019-03-13T11:00:00+09:00,J3,849,865,1714
2019-03-13T11:00:00+09:00,J4,881,821,1702
2019-03-13T11:00:00+09:00,J5,399,386,785
2019-03-13T11:15:00+09:00,J1,1203,1296,2499
2019-03-13T11:15:00+09:00,J2,683,742,1425
2019-03-13T11:15:00+09:00,J3,1127,1013,2140
2019-03-13T11:15:00+09:00,J4,822,893,1715
2019-03-13T11:15:00+09:00,J5,583,603,1186
2019-03-13T11:30:00+09:00,J1,1234,1314,2548
2019-03-13T11:30:00+09:00,J2,702,687,1389
2019-03-13T11:30:00+09:00,J3,1338,1255,2593
2019-03-13T11:30:00+09:00,J4,769,873,1642
2019-03-13T11:30:00+09:00,J5,700,661,1361
2019-03-13T11:45:00+09:00,J1,1191,1361,2552
2019-03-13T11:45:00+09:00,J2,715,713,1428
2019-03-13T11:45:00+09:00,J3,1249,1268,2517
2019-03-13T11:45:00+09:00,J4,839,927,1766
2019-03-13T11:45:00+09:00,J5,680,686,1366
2019-03-13T12:00:00+09:00,J1,1162,1370,2532
2019-03-13T12:00:00+09:00,J2,776,718,1494
2019-03-13T12:00:00+09:00,J3,1210,1208,2418
2019-03-13T12:00:00+09:00,J4,816,845,1661
2019-03-13T12:00:00+09:00,J5,736,741,1477
2019-03-13T12:15:00+09:00,J1,1174,1338,2512
2019-03-13T12:15:00+09:00,J2,778,692,1470
2019-03-13T12:15:00+09:00,J3,1145,1022,2167
2019-03-13T12:15:00+09:00,J4,776,812,1588
2019-03-13T12:15:00+09:00,J5,767,694,1461
2019-03-13T12:30:00+09:00,J1,1132,1260,2392
2019-03-13T12:30:00+09:00,J2,857,687,1544
2019-03-13T12:30:00+09:00,J3,985,841,1826
2019-03-13T12:30:00+09:00,J4,796,851,1647
2019-03-13T12:30:00+09:00,J5,685,676,1361
2019-03-13T12:45:00+09:00,J1,1142,1266,2408
2019-03-13T12:45:00+09:00,J2,791,700,1491
2019-03-13T12:45:00+09:00,J3,895,768,1663
2019-03-13T12:45:00+09:00,J4,845,887,1732
2019-03-13T12:45:00+09:00,J5,646,621,1267
2019-03-13T13:00:00+09:00,J1,1094,1307,2401
2019-03-13T13:00:00+09:00,J2,780,706,1486
2019-03-13T13:00:00+09:00,J3,938,783,1721
2019-03-13T13:00:00+09:00,J4,862,868,1730
2019-03-13T13:00:00+09:00,J5,585,613,1198
2019-03-13T13:15:00+09:00,J1,1127,1237,2364
2019-03-13T13:15:00+09:00,J2,816,687,1503
2019-03-13T13:15:00+09:00,J3,953,828,1781
2019-03-13T13:15:00+09:00,J4,924,885,1809
2019-03-13T13:15:00+09:00,J5,548,632,1180
2019-03-13T13:30:00+09:00,J1,1116,1430,2546
2019-03-13T13:30:00+09:00,J2,843,778,1621
2019-03-13T13:30:00+09:00,J3,920,859,1779
2019-03-13T13:30:00+09:00,J4,872,906,1778
2019-03-13T13:30:00+09:00,J5,526,603,1129
2019-03-13T13:45:00+09:00,J1,1130,1295,2425
2019-03-13T13:45:00+09:00,J2,809,800,1609
2019-03-13T13:45:00+09:00,J3,1012,938,1950
2019-03-13T13:45:00+09:00,J4,822,864,1686
2019-03-13T13:45:00+09:00,J5,437,569,1006
2019-03-13T14:00:00+09:00,J1,1146,1348,2494
2019-03-13T14:00:00+09:00,J2,828,778,1606
2019-03-13T14:00:00+09:00,J3,925,810,1735
2019-03-13T14:00:00+09:00,J4,757,884,1641
2019-03-13T14:00:00+09:00,J5,407,481,888
2019-03-13T14:15:00+09:00,J1,1080,1267,2347
2019-03-13T14:15:00+09:00,J2,890,846,1736
2019-03-13T14:15:00+09:00,J3,986,892,1878
2019-03-13T14:15:00+09:00,J4,928,864,1792
2019-03-13T14:15:00+09:00,J5,461,529,990
2019-03-13T14:30:00+09:00,J1,1161,1440,2601
2019-03-13T14:30:00+09:00,J2,807,883,1690
2019-03-13T14:30:00+09:00,J3,957,877,1834
2019-03-13T14:30:00+09:00,J4,972,964,1936
2019-03-13T14:30:00+09:00,J5,488,509,997
2019-03-13T14:45:00+09:00,J1,1180,1367,2547
2019-03-13T14:45:00+09:00,J2,741,838,1579
2019-03-13T14:45:00+09:00,J3,941,861,1802
2019-03-13T14:45:00+09:00,J4,877,912,1789
2019-03-13T14:45:00+09:00,J5,446,499,945
2019-03-13T15:00:00+09:00,J1,1140,1396,2536
2019-03-13T15:00:00+09:00,J2,699,820,1519
2019-03-13T15:00:00+09:00,J3,779,796,1575
2019-03-13T15:00:00+09:00,J4,944,885,1829
2019-03-13T15:00:00+09:00,J5,487,498,985
2019-03-13T15:15:00+09:00,J1,1143,1329,2472
2019-03-13T15:15:00+09:00,J2,727,809,1536
2019-03-13T15:15:00+09:00,J3,782,761,1543
2019-03-13T15:15:00+09:00,J4,926,881,1807
2019-03-13T15:15:00+09:00,J5,545,570,1115
2019-03-13T15:30:00+09:00,J1,1097,1353,2450
2019-03-13T15:30:00+09:00,J2,764,823,1587
2019-03-13T15:30:00+09:00,J3,888,752,1640
2019-03-13T15:30:00+09:00,J4,980,854,1834
2019-03-13T15:30:00+09:00,J5,584,610,1194
2019-03-13T15:45:00+09:00,J1,1168,1391,2559
2019-03-13T15:45:00+09:00,J2,791,776,1567
2019-03-13T15:45:00+09:00,J3,822,773,1595
2019-03-13T15:45:00+09:00,J4,895,851,1746
2019-03-13T15:45:00+09:00,J5,643,635,1278
2019-03-13T16:00:00+09:00,J1,1151,1369,2520
2019-03-13T16:00:00+09:00,J2,749,749,1498
2019-03-13T16:00:00+09:00,J3,761,690,1451
2019-03-13T16:00:00+09:00,J4,925,822,1747
2019-03-13T16:00:00+09:00,J5,563,604,1167
2019-03-13T16:15:00+09:00,J1,1134,1338,2472
2019-03-13T16:15:00+09:00,J2,806,693,1499
2019-03-13T16:15:00+09:00,J3,776,688,1464
2019-03-13T16:15:00+09:00,J4,1007,970,1977
2019-03-13T16:15:00+09:00,J5,603,750,1353
2019-03-13T16:30:00+09:00,J1,1230,1300,2530
2019-03-13T16:30:00+09:00,J2,744,744,1488
2019-03-13T16:30:00+09:00,J3,849,804,1653
2019-03-13T16:30:00+09:00,J4,1019,900,1919
2019-03-13T16:30:00+09:00,J5,623,689,1312
2019-03-13T16:45:00+09:00,J1,1114,1272,2386
2019-03-13T16:45:00+09:00,J2,665,624,1289
2019-03-13T16:45:00+09:00,J3,1011,919,1930
2019-03-13T16:45:00+09:00,J4,976,927,1903
2019-03-13T16:45:00+09:00,J5,677,714,1391
2019-03-13T17:00:00+09:00,J1,1276,1456,2732
2019-03-13T17:00:00+09:00,J2,747,711,1458
2019-03-13T17:00:00+09:00,J3,1027,944,1971
2019-03-13T17:00:00+09:00,J4,1060,874,1934
2019-03-13T17:00:00+09:00,J5,657,724,1381
2019-03-13T17:15:00+09:00,J1,1293,1404,2697
2019-03-13T17:15:00+09:00,J2,841,763,1604
2019-03-13T17:15:00+09:00,J3,1301,1139,2440
2019-03-13T17:15:00+09:00,J4,1130,952,2082
2019-03-13T17:15:00+09:00,J5,641,767,1408
2019-03-13T17:30:00+09:00,J1,1304,1423,2727
2019-03-13T17:30:00+09:00,J2,879,893,1772
2019-03-13T17:30:00+09:00,J3,1330,1174,2504
2019-03-13T17:30:00+09:00,J4,1165,971,2136
2019-03-13T17:30:00+09:00,J5,643,841,1484
2019-03-13T17:45:00+09:00,J1,1282,1455,2737
2019-03-13T17:45:00+09:00,J2,919,939,1858
2019-03-13T17:45:00+09:00,J3,1478,1090,2568
2019-03-13T17:45:00+09:00,J4,1164,1049,2213
2019-03-13T17:45:00+09:00,J5,708,820,1528
2019-03-13T18:00:00+09:00,J1,1261,1412,2673
2019-03-13T18:00:00+09:00,J2,992,1009,2001
2019-03-13T18:00:00+09:00,J3,1439,1046,2485
2019-03-13T18:00:00+09:00,J4,1223,1050,2273
2019-03-13T18:00:00+09:00,J5,685,887,1572
2019-03-13T18:15:00+09:00,J1,1245,1449,2694
2019-03-13T18:15:00+09:00,J2,1011,902,1913
2019-03-13T18:15:00+09:00,J3,1474,1171,2645
2019-03-13T18:15:00+09:00,J4,1287,951,2238
2019-03-13T18:15:00+09:00,J5,660,789,1449
2019-03-13T18:30:00+09:00,J1,1279,1413,2692
2019-03-13T18:30:00+09:00,J2,898,890,1788
2019-03-13T18:30:00+09:00,J3,1216,1013,2229
2019-03-13T18:30:00+09:00,J4,1202,984,2186
2019-03-13T18:30:00+09:00,J5,642,725,1367
2019-03-13T18:45:00+09:00,J1,1188,1364,2552
2019-03-13T18:45:00+09:00,J2,914,789,1703
2019-03-13T18:45:00+09:00,J3,1079,837,1916
2019-03-13T18:45:00+09:00,J4,1095,1021,2116
2019-03-13T18:45:00+09:00,J5,631,649,1280
2019-03-13T19:00:00+09:00,J1,1153,1256,2409
2019-03-13T19:00:00+09:00,J2,677,683,1360
2019-03-13T19:00:00+09:00,J3,1095,841,1936
2019-03-13T19:00:00+09:00,J4,857,802,1659
2019-03-13T19:00:00+09:00,J5,555,608,1163
2019-03-13T19:15:00+09:00,J1,1094,1211,2305
2019-03-13T19:15:00+09:00,J2,631,652,1283
2019-03-13T19:15:00+09:00,J3,1106,868,1974
2019-03-13T19:15:00+09:00,J4,873,737,1610
2019-03-13T19:15:00+09:00,J5,457,561,1018
2019-03-13T19:30:00+09:00,J1,1102,1201,2303
2019-03-13T19:30:00+09:00,J2,602,701,1303
2019-03-13T19:30:00+09:00,J3,1023,930,1953
2019-03-13T19:30:00+09:00,J4,742,719,1461
2019-03-13T19:30:00+09:00,J5,462,499,961
2019-03-13T19:45:00+09:00,J1,1073,1178,2251
2019-03-13T19:45:00+09:00,J2,569,614,1183
2019-03-13T19:45:00+09:00,J3,987,835,1822
2019-03-13T19:45:00+09:00,J4,722,700,1422
2019-03-13T19:45:00+09:00,J5,412,484,896
2019-03-13T20:00:00+09:00,J1,1041,1104,2145
2019-03-13T20:00:00+09:00,J2,563,611,1174
2019-03-13T20:00:00+09:00,J3,957,862,1819
2019-03-13T20:00:00+09:00,J4,728,776,1504
2019-03-13T20:00:00+09:00,J5,440,429,869
2019-03-13T20:15:00+09:00,J1,1052,1168,2220
2019-03-13T20:15:00+09:00,J2,479,655,1134
2019-03-13T20:15:00+09:00,J3,955,836,1791
2019-03-13T20:15:00+09:00,J4,694,747,1441
2019-03-13T20:15:00+09:00,J5,446,483,929
2019-03-13T20:30:00+09:00,J1,1099,1113,2212
2019-03-13T20:30:00+09:00,J2,500,574,1074
2019-03-13T20:30:00+09:00,J3,1010,959,1969
2019-03-13T20:30:00+09:00,J4,694,781,1475
2019-03-13T20:30:00+09:00,J5,398,418,816
2019-03-13T20:45:00+09:00,J1,1070,1062,2132
2019-03-13T20:45:00+09:00,J2,567,641,1208
2019-03-13T20:45:00+09:00,J3,952,873,1825
2019-03-13T20:45:00+09:00,J4,643,806,1449
2019-03-13T20:45:00+09:00,J5,391,398,789
2019-03-13T21:00:00+09:00,J1,1025,1191,2216
2019-03-13T21:00:00+09:00,J2,707,639,1346
2019-03-13T21:00:00+09:00,J3,930,783,1713
2019-03-13T21:00:00+09:00,J4,827,761,1588
2019-03-13T21:00:00+09:00,J5,361,396,757
2019-03-13T21:15:00+09:00,J1,965,1176,2141
2019-03-13T21:15:00+09:00,J2,695,643,1338
2019-03-13T21:15:00+09:00,J3,995,907,1902
2019-03-13T21:15:00+09:00,J4,813,860,1673
2019-03-13T21:15:00+09:00,J5,439,466,905
2019-03-13T21:30:00+09:00,J1,989,1135,2124
2019-03-13T21:30:00+09:00,J2,779,710,1489
2019-03-13T21:30:00+09:00,J3,1078,914,1992
2019-03-13T21:30:00+09:00,J4,667,788,1455
2019-03-13T21:30:00+09:00,J5,408,353,761
2019-03-13T21:45:00+09:00,J1,1047,1243,2290
2019-03-13T21:45:00+09:00,J2,908,757,1665
2019-03-13T21:45:00+09:00,J3,1125,871,1996
2019-03-13T21:45:00+09:00,J4,700,863,1563
2019-03-13T21:45:00+09:00,J5,435,382,817
2019-03-13T22:00:00+09:00,J1,974,1145,2119
2019-03-13T22:00:00+09:00,J2,727,712,1439
2019-03-13T22:00:00+09:00,J3,1066,851,1917
2019-03-13T22:00:00+09:00,J4,708,770,1478
2019-03-13T22:00:00+09:00,J5,407,364,771
2019-03-13T22:15:00+09:00,J1,932,1033,1965
2019-03-13T22:15:00+09:00,J2,688,620,1308
2019-03-13T22:15:00+09:00,J3,1116,837,1953
2019-03-13T22:15:00+09:00,J4,797,849,1646
2019-03-13T22:15:00+09:00,J5,475,434,909
2019-03-13T22:30:00+09:00,J1,842,973,1815
2019-03-13T22:30:00+09:00,J2,713,707,1420
2019-03-13T22:30:00+09:00,J3,1014,780,1794
2019-03-13T22:30:00+09:00,J4,693,795,1488
2019-03-13T22:30:00+09:00,J5,404,444,848
2019-03-13T22:45:00+09:00,J1,810,947,1757
2019-03-13T22:45:00+09:00,J2,818,671,1489
2019-03-13T22:45:00+09:00,J3,969,778,1747
2019-03-13T22:45:00+09:00,J4,774,862,1636
2019-03-13T22:45:00+09:00,J5,404,382,786
2019-03-13T23:00:00+09:00,J1,1000,1068,2068
2019-03-13T23:00:00+09:00,J2,765,736,1501
2019-03-13T23:00:00+09:00,J3,1037,784,1821
2019-03-13T23:00:00+09:00,J4,848,916,1764
2019-03-13T23:00:00+09:00,J5,464,398,862
2019-03-13T23:15:00+09:00,J1,989,1063,2052
2019-03-13T23:15:00+09:00,J2,618,671,1289
2019-03-13T23:15:00+09:00,J3,975,708,1683
2019-03-13T23:15:00+09:00,J4,632,813,1445
2019-03-13T23:15:00+09:00,J5,436,393,829
2019-03-13T23:30:00+09:00,J1,1004,1051,2055
2019-03-13T23:30:00+09:00,J2,612,642,1254
2019-03-13T23:30:00+09:00,J3,887,701,1588
2019-03-13T23:30:00+09:00,J4,702,777,1479
2019-03-13T23:30:00+09:00,J5,414,412,826
2019-03-13T23:45:00+09:00,J1,947,988,1935
2019-03-13T23:45:00+09:00,J2,589,536,1125
2019-03-13T23:45:00+09:00,J3,795,675,1470
2019-03-13T23:45:00+09:00,J4,582,752,1334
2019-03-13T23:45:00+09:00,J5,475,448,923
2019-03-14T00:00:00+09:00,J1,775,697,1472
2019-03-14T00:00:00+09:00,J2,484,457,941
2019-03-14T00:00:00+09:00,J3,558,460,1018
2019-03-14T00:00:00+09:00,J4,551,627,1178
2019-03-14T00:00:00+09:00,J5,477,458,935
2019-03-14T00:15:00+09:00,J1,537,426,963
2019-03-14T00:15:00+09:00,J2,397,482,879
2019-03-14T00:15:00+09:00,J3,424,403,827
2019-03-14T00:15:00+09:00,J4,659,680,1339
2019-03-14T00:15:00+09:00,J5,542,510,1052
2019-03-14T00:30:00+09:00,J1,393,345,738
2019-03-14T00:30:00+09:00,J2,338,462,800
2019-03-14T00:30:00+09:00,J3,375,344,719
2019-03-14T00:30:00+09:00,J4,816,811,1627
2019-03-14T00:30:00+09:00,J5,569,528,1097
2019-03-14T00:45:00+09:00,J1,451,478,929
2019-03-14T00:45:00+09:00,J2,291,407,698
2019-03-14T00:45:00+09:00,J3,375,417,792
2019-03-14T00:45:00+09:00,J4,847,782,1629
2019-03-14T00:45:00+09:00,J5,521,496,1017
2019-03-14T05:45:00+09:00,J1,792,796,1588
2019-03-14T05:45:00+09:00,J2,502,487,989
2019-03-14T05:45:00+09:00,J3,980,763,1743
2019-03-14T05:45:00+09:00,J4,765,751,1516
2019-03-14T05:45:00+09:00,J5,437,445,882
2019-03-14T06:00:00+09:00,J1,817,824,1641
2019-03-14T06:00:00+09:00,J2,427,423,850
2019-03-14T06:00:00+09:00,J3,957,867,1824
2019-03-14T06:00:00+09:00,J4,756,816,1572
2019-03-14T06:00:00+09:00,J5,507,453,960
2019-03-14T06:15:00+09:00,J1,749,749,1498
2019-03-14T06:15:00+09:00,J2,433,453,886
2019-03-14T06:15:00+09:00,J3,742,676,1418
2019-03-14T06:15:00+09:00,J4,692,655,1347
2019-03-14T06:15:00+09:00,J5,481,413,894
2019-03-14T06:30:00+09:00,J1,1034,1014,2048
2019-03-14T06:30:00+09:00,J2,524,466,990
2019-03-14T06:30:00+09:00,J3,977,908,1885
2019-03-14T06:30:00+09:00,J4,876,858,1734
2019-03-14T06:30:00+09:00,J5,632,551,1183
2019-03-14T06:45:00+09:00,J1,957,983,1940
2019-03-14T06:45:00+09:00,J2,591,532,1123
2019-03-14T06:45:00+09:00,J3,833,802,1635
2019-03-14T06:45:00+09:00,J4,833,835,1668
2019-03-14T06:45:00+09:00,J5,575,485,1060
2019-03-14T07:00:00+09:00,J1,1025,1065,2090
2019-03-14T07:00:00+09:00,J2,688,716,1404
2019-03-14T07:00:00+09:00,J3,902,859,1761
2019-03-14T07:00:00+09:00,J4,933,840,1773
2019-03-14T07:00:00+09:00,J5,550,558,1108
2019-03-14T07:15:00+09:00,J1,1068,1081,2149
2019-03-14T07:15:00+09:00,J2,855,636,1491
2019-03-14T07:15:00+09:00,J3,753,772,1525
2019-03-14T07:15:00+09:00,J4,877,835,1712
2019-03-14T07:15:00+09:00,J5,553,524,1077
2019-03-14T07:30:00+09:00,J1,1076,1142,2218
2019-03-14T07:30:00+09:00,J2,691,673,1364
2019-03-14T07:30:00+09:00,J3,1159,1108,2267
2019-03-14T07:30:00+09:00,J4,956,903,1859
2019-03-14T07:30:00+09:00,J5,611,617,1228
2019-03-14T07:45:00+09:00,J1,1263,1282,2545
2019-03-14T07:45:00+09:00,J2,769,614,1383
2019-03-14T07:45:00+09:00,J3,1275,1179,2454
2019-03-14T07:45:00+09:00,J4,921,1021,1942
2019-03-14T07:45:00+09:00,J5,681,686,1367
2019-03-14T08:00:00+09:00,J1,1343,1404,2747
2019-03-14T08:00:00+09:00,J2,1006,749,1755
2019-03-14T08:00:00+09:00,J3,1395,1252,2647
2019-03-14T08:00:00+09:00,J4,859,1064,1923
2019-03-14T08:00:00+09:00,J5,768,750,1518
2019-03-14T08:15:00+09:00,J1,1478,1284,2762
2019-03-14T08:15:00+09:00,J2,1202,818,2020
2019-03-14T08:15:00+09:00,J3,1490,1387,2877
2019-03-14T08:15:00+09:00,J4,827,1178,2005
2019-03-14T08:15:00+09:00,J5,632,700,1332
2019-03-14T08:30:00+09:00,J1,1525,1380,2905
2019-03-14T08:30:00+09:00,J2,1133,707,1840
2019-03-14T08:30:00+09:00,J3,1425,1428,2853
2019-03-14T08:30:00+09:00,J4,727,1199,1926
2019-03-14T08:30:00+09:00,J5,624,619,1243
2019-03-14T08:45:00+09:00,J1,1377,1459,2836
2019-03-14T08:45:00+09:00,J2,903,588,1491
2019-03-14T08:45:00+09:00,J3,1214,1149,2363
2019-03-14T08:45:00+09:00,J4,716,1057,1773
2019-03-14T08:45:00+09:00,J5,478,485,963
2019-03-14T09:00:00+09:00,J1,1395,1397,2792
2019-03-14T09:00:00+09:00,J2,732,644,1376
2019-03-14T09:00:00+09:00,J3,1058,964,2022
2019-03-14T09:00:00+09:00,J4,827,917,1744
2019-03-14T09:00:00+09:00,J5,471,529,1000
2019-03-14T09:15:00+09:00,J1,1349,1244,2593
2019-03-14T09:15:00+09:00,J2,670,635,1305
2019-03-14T09:15:00+09:00,J3,1046,1012,2058
2019-03-14T09:15:00+09:00,J4,898,892,1790
2019-03-14T09:15:00+09:00,J5,498,467,965
2019-03-14T09:30:00+09:00,J1,1271,1243,2514
2019-03-14T09:30:00+09:00,J2,706,568,1274
2019-03-14T09:30:00+09:00,J3,1059,1051,2110
2019-03-14T09:30:00+09:00,J4,1004,918,1922
2019-03-14T09:30:00+09:00,J5,562,551,1113
2019-03-14T09:45:00+09:00,J1,1200,1273,2473
2019-03-14T09:45:00+09:00,J2,652,627,1279
2019-03-14T09:45:00+09:00,J3,1019,1052,2071
2019-03-14T09:45:00+09:00,J4,846,881,1727
2019-03-14T09:45:00+09:00,J5,472,465,937
2019-03-14T10:00:00+09:00,J1,1235,1355,2590
2019-03-14T10:00:00+09:00,J2,529,600,1129
2019-03-14T10:00:00+09:00,J3,989,1040,2029
2019-03-14T10:00:00+09:00,J4,720,807,1527
2019-03-14T10:00:00+09:00,J5,472,426,898
2019-03-14T10:15:00+09:00,J1,1176,1167,2343
2019-03-14T10:15:00+09:00,J2,629,619,1248
2019-03-14T10:15:00+09:00,J3,973,961,1934
2019-03-14T10:15:00+09:00,J4,683,751,1434
2019-03-14T10:15:00+09:00,J5,385,376,761
2019-03-14T10:30:00+09:00,J1,1089,1174,2263
2019-03-14T10:30:00+09:00,J2,636,649,1285
2019-03-14T10:30:00+09:00,J3,1021,974,1995
2019-03-14T10:30:00+09:00,J4,716,803,1519
2019-03-14T10:30:00+09:00,J5,438,460,898
2019-03-14T10:45:00+09:00,J1,1142,1234,2376
2019-03-14T10:45:00+09:00,J2,690,664,1354
2019-03-14T10:45:00+09:00,J3,1081,1024,2105
2019-03-14T10:45:00+09:00,J4,633,764,1397
2019-03-14T10:45:00+09:00,J5,388,456,844
2019-03-14T11:00:00+09:00,J1,1186,1264,2450
2019-03-14T11:00:00+09:00,J2,645,718,1363
2019-03-14T11:00:00+09:00,J3,1099,1108,2207
2019-03-14T11:00:00+09:00,J4,689,811,1500
2019-03-14T11:00:00+09:00,J5,411,410,821
2019-03-14T11:15:00+09:00,J1,1184,1372,2556
2019-03-14T11:15:00+09:00,J2,691,673,1364
2019-03-14T11:15:00+09:00,J3,1216,1000,2216
2019-03-14T11:15:00+09:00,J4,652,776,1428
2019-03-14T11:15:00+09:00,J5,541,550,1091
2019-03-14T11:30:00+09:00,J1,1243,1369,2612
2019-03-14T11:30:00+09:00,J2,775,725,1500
2019-03-14T11:30:00+09:00,J3,1292,1001,2293
2019-03-14T11:30:00+09:00,J4,677,850,1527
2019-03-14T11:30:00+09:00,J5,684,711,1395
2019-03-14T11:45:00+09:00,J1,1277,1401,2678
2019-03-14T11:45:00+09:00,J2,918,793,1711
2019-03-14T11:45:00+09:00,J3,1267,1082,2349
2019-03-14T11:45:00+09:00,J4,733,742,1475
2019-03-14T11:45:00+09:00,J5,685,671,1356
2019-03-14T12:00:00+09:00,J1,1247,1390,2637
2019-03-14T12:00:00+09:00,J2,816,686,1502
2019-03-14T12:00:00+09:00,J3,1165,1090,2255
2019-03-14T12:00:00+09:00,J4,758,735,1493
2019-03-14T12:00:00+09:00,J5,754,753,1507
2019-03-14T12:15:00+09:00,J1,1149,1298,2447
2019-03-14T12:15:00+09:00,J2,794,672,1466
2019-03-14T12:15:00+09:00,J3,1211,976,2187
2019-03-14T12:15:00+09:00,J4,789,787,1576
2019-03-14T12:15:00+09:00,J5,745,689,1434
2019-03-14T12:30:00+09:00,J1,1106,1279,2385
2019-03-14T12:30:00+09:00,J2,898,680,1578
2019-03-14T12:30:00+09:00,J3,1099,881,1980
2019-03-14T12:30:00+09:00,J4,772,852,1624
2019-03-14T12:30:00+09:00,J5,723,603,1326
2019-03-14T12:45:00+09:00,J1,1152,1353,2505
2019-03-14T12:45:00+09:00,J2,859,770,1629
2019-03-14T12:45:00+09:00,J3,1109,800,1909
2019-03-14T12:45:00+09:00,J4,845,871,1716
2019-03-14T12:45:00+09:00,J5,632,638,1270
2019-03-14T13:00:00+09:00,J1,1167,1410,2577
2019-03-14T13:00:00+09:00,J2,860,714,1574
2019-03-14T13:00:00+09:00,J3,1016,841,1857
2019-03-14T13:00:00+09:00,J4,854,836,1690
2019-03-14T13:00:00+09:00,J5,577,579,1156
2019-03-14T13:15:00+09:00,J1,1113,1363,2476
2019-03-14T13:15:00+09:00,J2,826,661,1487
2019-03-14T13:15:00+09:00,J3,1010,929,1939
2019-03-14T13:15:00+09:00,J4,870,857,1727
2019-03-14T13:15:00+09:00,J5,597,591,1188
2019-03-14T13:30:00+09:00,J1,1147,1333,2480
2019-03-14T13:30:00+09:00,J2,904,790,1694
2019-03-14T13:30:00+09:00,J3,988,928,1916
2019-03-14T13:30:00+09:00,J4,887,847,1734
2019-03-14T13:30:00+09:00,J5,570,527,1097
2019-03-14T13:45:00+09:00,J1,1133,1342,2475
2019-03-14T13:45:00+09:00,J2,763,830,1593
2019-03-14T13:45:00+09:00,J3,935,842,1777
2019-03-14T13:45:00+09:00,J4,809,844,1653
2019-03-14T13:45:00+09:00,J5,482,545,1027
2019-03-14T14:00:00+09:00,J1,1100,1319,2419
2019-03-14T14:00:00+09:00,J2,699,792,1491
2019-03-14T14:00:00+09:00,J3,971,777,1748
2019-03-14T14:00:00+09:00,J4,761,807,1568
2019-03-14T14:00:00+09:00,J5,483,553,1036
2019-03-14T14:15:00+09:00,J1,1101,1376,2477
2019-03-14T14:15:00+09:00,J2,805,812,1617
2019-03-14T14:15:00+09:00,J3,961,776,1737
2019-03-14T14:15:00+09:00,J4,911,836,1747
2019-03-14T14:15:00+09:00,J5,471,493,964
2019-03-14T14:30:00+09:00,J1,1120,1322,2442
2019-03-14T14:30:00+09:00,J2,790,792,1582
2019-03-14T14:30:00+09:00,J3,986,824,1810
2019-03-14T14:30:00+09:00,J4,862,837,1699
2019-03-14T14:30:00+09:00,J5,532,543,1075
2019-03-14T14:45:00+09:00,J1,1128,1298,2426
2019-03-14T14:45:00+09:00,J2,780,732,1512
2019-03-14T14:45:00+09:00,J3,992,792,1784
2019-03-14T14:45:00+09:00,J4,996,881,1877
2019-03-14T14:45:00+09:00,J5,505,554,1059
2019-03-14T15:00:00+09:00,J1,1199,1370,2569
2019-03-14T15:00:00+09:00,J2,844,719,1563
2019-03-14T15:00:00+09:00,J3,986,912,1898
2019-03-14T15:00:00+09:00,J4,995,957,1952
2019-03-14T15:00:00+09:00,J5,516,504,1020
2019-03-14T15:15:00+09:00,J1,1176,1300,2476
2019-03-14T15:15:00+09:00,J2,839,819,1658
2019-03-14T15:15:00+09:00,J3,873,793,1666
2019-03-14T15:15:00+09:00,J4,958,854,1812
2019-03-14T15:15:00+09:00,J5,509,550,1059
2019-03-14T15:30:00+09:00,J1,1158,1412,2570
2019-03-14T15:30:00+09:00,J2,833,854,1687
2019-03-14T15:30:00+09:00,J3,933,764,1697
2019-03-14T15:30:00+09:00,J4,979,886,1865
2019-03-14T15:30:00+09:00,J5,544,540,1084
2019-03-14T15:45:00+09:00,J1,1129,1300,2429
2019-03-14T15:45:00+09:00,J2,816,814,1630
2019-03-14T15:45:00+09:00,J3,956,868,1824
2019-03-14T15:45:00+09:00,J4,907,937,1844
2019-03-14T15:45:00+09:00,J5,564,611,1175
2019-03-14T16:00:00+09:00,J1,1148,1354,2502
2019-03-14T16:00:00+09:00,J2,772,839,1611
2019-03-14T16:00:00+09:00,J3,962,814,1776
2019-03-14T16:00:00+09:00,J4,918,792,1710
2019-03-14T16:00:00+09:00,J5,522,527,1049
2019-03-14T16:15:00+09:00,J1,1112,1335,2447
2019-03-14T16:15:00+09:00,J2,854,783,1637
2019-03-14T16:15:00+09:00,J3,954,884,1838
2019-03-14T16:15:00+09:00,J4,1051,901,1952
2019-03-14T16:15:00+09:00,J5,527,540,1067
2019-03-14T16:30:00+09:00,J1,1096,1396,2492
2019-03-14T16:30:00+09:00,J2,771,768,1539
2019-03-14T16:30:00+09:00,J3,1115,1075,2190
2019-03-14T16:30:00+09:00,J4,977,908,1885
2019-03-14T16:30:00+09:00,J5,444,484,928
2019-03-14T16:45:00+09:00,J1,1183,1353,2536
2019-03-14T16:45:00+09:00,J2,724,766,1490
2019-03-14T16:45:00+09:00,J3,1184,1078,2262
2019-03-14T16:45:00+09:00,J4,894,926,1820
2019-03-14T16:45:00+09:00,J5,421,481,902
2019-03-14T17:00:00+09:00,J1,1173,1434,2607
2019-03-14T17:00:00+09:00,J2,768,867,1635
2019-03-14T17:00:00+09:00,J3,1392,1209,2601
2019-03-14T17:00:00+09:00,J4,1037,960,1997
2019-03-14T17:00:00+09:00,J5,435,535,970
2019-03-14T17:15:00+09:00,J1,1265,1373,2638
2019-03-14T17:15:00+09:00,J2,799,889,1688
2019-03-14T17:15:00+09:00,J3,1424,1262,2686
2019-03-14T17:15:00+09:00,J4,1206,990,2196
2019-03-14T17:15:00+09:00,J5,440,575,1015
2019-03-14T17:30:00+09:00,J1,1277,1387,2664
2019-03-14T17:30:00+09:00,J2,857,981,1838
2019-03-14T17:30:00+09:00,J3,1554,1321,2875
2019-03-14T17:30:00+09:00,J4,1207,984,2191
2019-03-14T17:30:00+09:00,J5,477,649,1126
2019-03-14T17:45:00+09:00,J1,1287,1423,2710
2019-03-14T17:45:00+09:00,J2,1015,1033,2048
2019-03-14T17:45:00+09:00,J3,1559,1338,2897
2019-03-14T17:45:00+09:00,J4,1306,981,2287
2019-03-14T17:45:00+09:00,J5,492,662,1154
2019-03-14T18:00:00+09:00,J1,1252,1461,2713
2019-03-14T18:00:00+09:00,J2,1031,1044,2075
2019-03-14T18:00:00+09:00,J3,1640,1312,2952
2019-03-14T18:00:00+09:00,J4,1303,947,2250
2019-03-14T18:00:00+09:00,J5,505,677,1182
2019-03-14T18:15:00+09:00,J1,1294,1419,2713
2019-03-14T18:15:00+09:00,J2,1054,989,2043
2019-03-14T18:15:00+09:00,J3,1595,1390,2985
2019-03-14T18:15:00+09:00,J4,1134,871,2005
2019-03-14T18:15:00+09:00,J5,505,675,1180
2019-03-14T18:30:00+09:00,J1,1263,1489,2752
2019-03-14T18:30:00+09:00,J2,989,956,1945
2019-03-14T18:30:00+09:00,J3,1461,1234,2695
2019-03-14T18:30:00+09:00,J4,1049,762,1811
2019-03-14T18:30:00+09:00,J5,492,598,1090
2019-03-14T18:45:00+09:00,J1,1202,1334,2536
2019-03-14T18:45:00+09:00,J2,820,869,1689
2019-03-14T18:45:00+09:00,J3,1382,1168,2550
2019-03-14T18:45:00+09:00,J4,873,719,1592
2019-03-14T18:45:00+09:00,J5,446,541,987
2019-03-14T19:00:00+09:00,J1,1131,1372,2503
2019-03-14T19:00:00+09:00,J2,628,759,1387
2019-03-14T19:00:00+09:00,J3,1359,1154,2513
2019-03-14T19:00:00+09:00,J4,784,757,1541
2019-03-14T19:00:00+09:00,J5,418,538,956
2019-03-14T19:15:00+09:00,J1,1186,1430,2616
2019-03-14T19:15:00+09:00,J2,642,707,1349
2019-03-14T19:15:00+09:00,J3,1288,1076,2364
2019-03-14T19:15:00+09:00,J4,846,726,1572
2019-03-14T19:15:00+09:00,J5,435,493,928
2019-03-14T19:30:00+09:00,J1,1153,1382,2535
2019-03-14T19:30:00+09:00,J2,658,757,1415
2019-03-14T19:30:00+09:00,J3,1140,1098,2238
2019-03-14T19:30:00+09:00,J4,758,750,1508
2019-03-14T19:30:00+09:00,J5,420,449,869
2019-03-14T19:45:00+09:00,J1,1120,1316,2436
2019-03-14T19:45:00+09:00,J2,592,653,1245
2019-03-14T19:45:00+09:00,J3,1149,995,2144
2019-03-14T19:45:00+09:00,J4,792,806,1598
2019-03-14T19:45:00+09:00,J5,404,430,834
2019-03-14T20:00:00+09:00,J1,1167,1393,2560
2019-03-14T20:00:00+09:00,J2,605,678,1283
2019-03-14T20:00:00+09:00,J3,1183,1143,2326
2019-03-14T20:00:00+09:00,J4,836,806,1642
2019-03-14T20:00:00+09:00,J5,451,540,991
2019-03-14T20:15:00+09:00,J1,1120,1367,2487
2019-03-14T20:15:00+09:00,J2,535,641,1176
2019-03-14T20:15:00+09:00,J3,1071,1144,2215
2019-03-14T20:15:00+09:00,J4,863,792,1655
2019-03-14T20:15:00+09:00,J5,468,483,951
2019-03-14T20:30:00+09:00,J1,1179,1289,2468
2019-03-14T20:30:00+09:00,J2,615,605,1220
2019-03-14T20:30:00+09:00,J3,1139,1037,2176
2019-03-14T20:30:00+09:00,J4,797,801,1598
2019-03-14T20:30:00+09:00,J5,466,441,907
2019-03-14T20:45:00+09:00,J1,1141,1307,2448
2019-03-14T20:45:00+09:00,J2,605,599,1204
2019-03-14T20:45:00+09:00,J3,1050,945,1995
2019-03-14T20:45:00+09:00,J4,768,842,1610
2019-03-14T20:45:00+09:00,J5,431,401,832
2019-03-14T21:00:00+09:00,J1,1122,1240,2362
2019-03-14T21:00:00+09:00,J2,824,722,1546
2019-03-14T21:00:00+09:00,J3,1067,964,2031
2019-03-14T21:00:00+09:00,J4,793,834,1627
2019-03-14T21:00:00+09:00,J5,404,432,836
2019-03-14T21:15:00+09:00,J1,1057,1257,2314
2019-03-14T21:15:00+09:00,J2,841,783,1624
2019-03-14T21:15:00+09:00,J3,1158,960,2118
2019-03-14T21:15:00+09:00,J4,789,855,1644
2019-03-14T21:15:00+09:00,J5,471,413,884
2019-03-14T21:30:00+09:00,J1,1070,1163,2233
2019-03-14T21:30:00+09:00,J2,695,753,1448
2019-03-14T21:30:00+09:00,J3,1193,882,2075
2019-03-14T21:30:00+09:00,J4,714,835,1549
2019-03-14T21:30:00+09:00,J5,452,387,839
2019-03-14T21:45:00+09:00,J1,1056,1211,2267
2019-03-14T21:45:00+09:00,J2,665,680,1345
2019-03-14T21:45:00+09:00,J3,1119,842,1961
2019-03-14T21:45:00+09:00,J4,768,844,1612
2019-03-14T21:45:00+09:00,J5,463,435,898
2019-03-14T22:00:00+09:00,J1,1035,1147,2182
2019-03-14T22:00:00+09:00,J2,737,802,1539
2019-03-14T22:00:00+09:00,J3,994,761,1755
2019-03-14T22:00:00+09:00,J4,720,788,1508
2019-03-14T22:00:00+09:00,J5,435,414,849
2019-03-14T22:15:00+09:00,J1,925,1207,2132
2019-03-14T22:15:00+09:00,J2,557,739,1296
2019-03-14T22:15:00+09:00,J3,950,776,1726
2019-03-14T22:15:00+09:00,J4,714,874,1588
2019-03-14T22:15:00+09:00,J5,474,484,958
2019-03-14T22:30:00+09:00,J1,999,1111,2110
2019-03-14T22:30:00+09:00,J2,593,695,1288
2019-03-14T22:30:00+09:00,J3,866,747,1613
2019-03-14T22:30:00+09:00,J4,690,780,1470
2019-03-14T22:30:00+09:00,J5,495,511,1006
2019-03-14T22:45:00+09:00,J1,1020,1194,2214
2019-03-14T22:45:00+09:00,J2,574,664,1238
2019-03-14T22:45:00+09:00,J3,927,725,1652
2019-03-14T22:45:00+09:00,J4,799,794,1593
2019-03-14T22:45:00+09:00,J5,445,480,925
2019-03-14T23:00:00+09:00,J1,928,1107,2035
2019-03-14T23:00:00+09:00,J2,610,691,1301
2019-03-14T23:00:00+09:00,J3,826,762,1588
2019-03-14T23:00:00+09:00,J4,763,796,1559
2019-03-14T23:00:00+09:00,J5,445,447,892
2019-03-14T23:15:00+09:00,J1,1040,1123,2163
2019-03-14T23:15:00+09:00,J2,620,743,1363
2019-03-14T23:15:00+09:00,J3,838,740,1578
2019-03-14T23:15:00+09:00,J4,744,818,1562
2019-03-14T23:15:00+09:00,J5,465,467,932
2019-03-14T23:30:00+09:00,J1,934,1057,1991
2019-03-14T23:30:00+09:00,J2,614,669,1283
2019-03-14T23:30:00+09:00,J3,755,749,1504
2019-03-14T23:30:00+09:00,J4,762,799,1561
2019-03-14T23:30:00+09:00,J5,517,504,1021
2019-03-14T23:45:00+09:00,J1,1001,1096,2097
2019-03-14T23:45:00+09:00,J2,542,597,1139
2019-03-14T23:45:00+09:00,J3,670,632,1302
2019-03-14T23:45:00+09:00,J4,694,741,1435
2019-03-14T23:45:00+09:00,J5,515,555,1070
2019-03-15T00:00:00+09:00,J1,900,921,1821
2019-03-15T00:00:00+09:00,J2,558,586,1144
2019-03-15T00:00:00+09:00,J3,643,651,1294
2019-03-15T00:00:00+09:00,J4,638,691,1329
2019-03-15T00:00:00+09:00,J5,548,494,1042
2019-03-15T00:15:00+09:00,J1,739,694,1433
2019-03-15T00:15:00+09:00,J2,510,505,1015
2019-03-15T00:15:00+09:00,J3,666,657,1323
2019-03-15T00:15:00+09:00,J4,707,684,1391
2019-03-15T00:15:00+09:00,J5,473,566,1039
2019-03-15T00:30:00+09:00,J1,604,519,1123
2019-03-15T00:30:00+09:00,J2,844,823,1667
2019-03-15T00:30:00+09:00,J3,677,718,1395
2019-03-15T00:30:00+09:00,J4,509,587,1096
2019-03-15T00:30:00+09:00,J5,500,527,1027
2019-03-15T00:45:00+09:00,J1,528,471,999
2019-03-15T00:45:00+09:00,J2,568,607,1175
2019-03-15T00:45:00+09:00,J3,772,704,1476
2019-03-15T00:45:00+09:00,J4,665,765,1430
2019-03-15T00:45:00+09:00,J5,453,449,902
2019-03-15T05:45:00+09:00,J1,815,767,1582
2019-03-15T05:45:00+09:00,J2,685,575,1260
2019-03-15T05:45:00+09:00,J3,1034,822,1856
2019-03-15T05:45:00+09:00,J4,725,721,1446
2019-03-15T05:45:00+09:00,J5,400,413,813
2019-03-15T06:00:00+09:00,J1,746,830,1576
2019-03-15T06:00:00+09:00,J2,662,590,1252
2019-03-15T06:00:00+09:00,J3,925,823,1748
2019-03-15T06:00:00+09:00,J4,758,759,1517
2019-03-15T06:00:00+09:00,J5,514,499,1013
2019-03-15T06:15:00+09:00,J1,866,906,1772
2019-03-15T06:15:00+09:00,J2,638,532,1170
2019-03-15T06:15:00+09:00,J3,808,800,1608
2019-03-15T06:15:00+09:00,J4,767,752,1519
2019-03-15T06:15:00+09:00,J5,577,575,1152
2019-03-15T06:30:00+09:00,J1,922,959,1881
2019-03-15T06:30:00+09:00,J2,604,541,1145
2019-03-15T06:30:00+09:00,J3,818,793,1611
2019-03-15T06:30:00+09:00,J4,763,767,1530
2019-03-15T06:30:00+09:00,J5,565,553,1118
2019-03-15T06:45:00+09:00,J1,925,981,1906
2019-03-15T06:45:00+09:00,J2,728,586,1314
2019-03-15T06:45:00+09:00,J3,770,752,1522
2019-03-15T06:45:00+09:00,J4,782,745,1527
2019-03-15T06:45:00+09:00,J5,571,579,1150
2019-03-15T07:00:00+09:00,J1,1022,1072,2094
2019-03-15T07:00:00+09:00,J2,795,705,1500
2019-03-15T07:00:00+09:00,J3,813,859,1672
2019-03-15T07:00:00+09:00,J4,811,822,1633
2019-03-15T07:00:00+09:00,J5,643,612,1255
2019-03-15T07:15:00+09:00,J1,1013,1010,2023
2019-03-15T07:15:00+09:00,J2,871,772,1643
2019-03-15T07:15:00+09:00,J3,741,835,1576
2019-03-15T07:15:00+09:00,J4,881,843,1724
2019-03-15T07:15:00+09:00,J5,637,633,1270
2019-03-15T07:30:00+09:00,J1,1111,1151,2262
2019-03-15T07:30:00+09:00,J2,766,629,1395
2019-03-15T07:30:00+09:00,J3,1216,1078,2294
2019-03-15T07:30:00+09:00,J4,843,1020,1863
2019-03-15T07:30:00+09:00,J5,590,573,1163
2019-03-15T07:45:00+09:00,J1,1194,1240,2434
2019-03-15T07:45:00+09:00,J2,696,554,1250
2019-03-15T07:45:00+09:00,J3,1201,1033,2234
2019-03-15T07:45:00+09:00,J4,946,992,1938
2019-03-15T07:45:00+09:00,J5,696,664,1360
2019-03-15T08:00:00+09:00,J1,1371,1359,2730
2019-03-15T08:00:00+09:00,J2,1064,775,1839
2019-03-15T08:00:00+09:00,J3,1351,1225,2576
2019-03-15T08:00:00+09:00,J4,878,1015,1893
2019-03-15T08:00:00+09:00,J5,700,752,1452
2019-03-15T08:15:00+09:00,J1,1309,1305,2614
2019-03-15T08:15:00+09:00,J2,1164,768,1932
2019-03-15T08:15:00+09:00,J3,1524,1435,2959
2019-03-15T08:15:00+09:00,J4,778,1106,1884
2019-03-15T08:15:00+09:00,J5,704,742,1446
2019-03-15T08:30:00+09:00,J1,1440,1339,2779
2019-03-15T08:30:00+09:00,J2,1015,736,1751
2019-03-15T08:30:00+09:00,J3,1404,1466,2870
2019-03-15T08:30:00+09:00,J4,736,1070,1806
2019-03-15T08:30:00+09:00,J5,601,647,1248
2019-03-15T08:45:00+09:00,J1,1328,1318,2646
2019-03-15T08:45:00+09:00,J2,786,581,1367
2019-03-15T08:45:00+09:00,J3,1204,1201,2405
2019-03-15T08:45:00+09:00,J4,760,913,1673
2019-03-15T08:45:00+09:00,J5,435,516,951
2019-03-15T09:00:00+09:00,J1,1188,1244,2432
2019-03-15T09:00:00+09:00,J2,755,609,1364
2019-03-15T09:00:00+09:00,J3,1074,956,2030
2019-03-15T09:00:00+09:00,J4,789,936,1725
2019-03-15T09:00:00+09:00,J5,421,461,882
2019-03-15T09:15:00+09:00,J1,1241,1191,2432
2019-03-15T09:15:00+09:00,J2,709,623,1332
2019-03-15T09:15:00+09:00,J3,916,916,1832
2019-03-15T09:15:00+09:00,J4,854,945,1799
2019-03-15T09:15:00+09:00,J5,461,424,885
2019-03-15T09:30:00+09:00,J1,1220,1173,2393
2019-03-15T09:30:00+09:00,J2,667,625,1292
2019-03-15T09:30:00+09:00,J3,1027,1006,2033
2019-03-15T09:30:00+09:00,J4,865,943,1808
2019-03-15T09:30:00+09:00,J5,491,490,981
2019-03-15T09:45:00+09:00,J1,1201,1120,2321
2019-03-15T09:45:00+09:00,J2,711,607,1318
2019-03-15T09:45:00+09:00,J3,1009,947,1956
2019-03-15T09:45:00+09:00,J4,849,1025,1874
2019-03-15T09:45:00+09:00,J5,439,429,868
2019-03-15T10:00:00+09:00,J1,1047,1105,2152
2019-03-15T10:00:00+09:00,J2,502,565,1067
2019-03-15T10:00:00+09:00,J3,820,878,1698
2019-03-15T10:00:00+09:00,J4,843,980,1823
2019-03-15T10:00:00+09:00,J5,468,426,894
2019-03-15T10:15:00+09:00,J1,1088,1160,2248
2019-03-15T10:15:00+09:00,J2,589,645,1234
2019-03-15T10:15:00+09:00,J3,883,827,1710
2019-03-15T10:15:00+09:00,J4,824,933,1757
2019-03-15T10:15:00+09:00,J5,436,415,851
2019-03-15T10:30:00+09:00,J1,1076,1135,2211
2019-03-15T10:30:00+09:00,J2,675,644,1319
2019-03-15T10:30:00+09:00,J3,971,975,1946
2019-03-15T10:30:00+09:00,J4,727,897,1624
2019-03-15T10:30:00+09:00,J5,410,441,851
2019-03-15T10:45:00+09:00,J1,1064,1113,2177
2019-03-15T10:45:00+09:00,J2,709,721,1430
2019-03-15T10:45:00+09:00,J3,938,970,1908
2019-03-15T10:45:00+09:00,J4,705,892,1597
2019-03-15T10:45:00+09:00,J5,380,402,782
2019-03-15T11:00:00+09:00,J1,1121,1052,2173
2019-03-15T11:00:00+09:00,J2,702,740,1442
2019-03-15T11:00:00+09:00,J3,928,913,1841
2019-03-15T11:00:00+09:00,J4,729,858,1587
2019-03-15T11:00:00+09:00,J5,408,446,854
2019-03-15T11:15:00+09:00,J1,1204,1266,2470
2019-03-15T11:15:00+09:00,J2,751,667,1418
2019-03-15T11:15:00+09:00,J3,1168,1076,2244
2019-03-15T11:15:00+09:00,J4,710,782,1492
2019-03-15T11:15:00+09:00,J5,608,626,1234
2019-03-15T11:30:00+09:00,J1,1125,1277,2402
2019-03-15T11:30:00+09:00,J2,786,675,1461
2019-03-15T11:30:00+09:00,J3,1271,1180,2451
2019-03-15T11:30:00+09:00,J4,737,782,1519
2019-03-15T11:30:00+09:00,J5,687,719,1406
2019-03-15T11:45:00+09:00,J1,1154,1254,2408
2019-03-15T11:45:00+09:00,J2,811,614,1425
2019-03-15T11:45:00+09:00,J3,1320,1208,2528
2019-03-15T11:45:00+09:00,J4,695,725,1420
2019-03-15T11:45:00+09:00,J5,737,711,1448
2019-03-15T12:00:00+09:00,J1,1096,1327,2423
2019-03-15T12:00:00+09:00,J2,819,695,1514
2019-03-15T12:00:00+09:00,J3,1340,1372,2712
2019-03-15T12:00:00+09:00,J4,789,699,1488
2019-03-15T12:00:00+09:00,J5,773,778,1551
2019-03-15T12:15:00+09:00,J1,1161,1300,2461
2019-03-15T12:15:00+09:00,J2,882,737,1619
2019-03-15T12:15:00+09:00,J3,1268,980,2248
2019-03-15T12:15:00+09:00,J4,848,766,1614
2019-03-15T12:15:00+09:00,J5,715,659,1374
2019-03-15T12:30:00+09:00,J1,1245,1325,2570
2019-03-15T12:30:00+09:00,J2,879,732,1611
2019-03-15T12:30:00+09:00,J3,1034,898,1932
2019-03-15T12:30:00+09:00,J4,828,876,1704
2019-03-15T12:30:00+09:00,J5,634,696,1330
2019-03-15T12:45:00+09:00,J1,1179,1297,2476
2019-03-15T12:45:00+09:00,J2,779,704,1483
2019-03-15T12:45:00+09:00,J3,992,920,1912
2019-03-15T12:45:00+09:00,J4,874,880,1754
2019-03-15T12:45:00+09:00,J5,685,660,1345
2019-03-15T13:00:00+09:00,J1,1136,1391,2527
2019-03-15T13:00:00+09:00,J2,870,732,1602
2019-03-15T13:00:00+09:00,J3,1008,886,1894
2019-03-15T13:00:00+09:00,J4,880,918,1798
2019-03-15T13:00:00+09:00,J5,685,653,1338
2019-03-15T13:15:00+09:00,J1,1219,1371,2590
2019-03-15T13:15:00+09:00,J2,929,782,1711
2019-03-15T13:15:00+09:00,J3,1091,890,1981
2019-03-15T13:15:00+09:00,J4,995,898,1893
2019-03-15T13:15:00+09:00,J5,688,632,1320
2019-03-15T13:30:00+09:00,J1,1157,1377,2534
2019-03-15T13:30:00+09:00,J2,837,749,1586
2019-03-15T13:30:00+09:00,J3,1092,871,1963
2019-03-15T13:30:00+09:00,J4,962,920,1882
2019-03-15T13:30:00+09:00,J5,664,587,1251
2019-03-15T13:45:00+09:00,J1,1126,1346,2472
2019-03-15T13:45:00+09:00,J2,800,771,1571
2019-03-15T13:45:00+09:00,J3,938,856,1794
2019-03-15T13:45:00+09:00,J4,820,739,1559
2019-03-15T13:45:00+09:00,J5,594,593,1187
2019-03-15T14:00:00+09:00,J1,1143,1340,2483
2019-03-15T14:00:00+09:00,J2,765,733,1498
2019-03-15T14:00:00+09:00,J3,988,978,1966
2019-03-15T14:00:00+09:00,J4,852,810,1662
2019-03-15T14:00:00+09:00,J5,550,540,1090
2019-03-15T14:15:00+09:00,J1,1140,1384,2524
2019-03-15T14:15:00+09:00,J2,784,763,1547
2019-03-15T14:15:00+09:00,J3,985,884,1869
2019-03-15T14:15:00+09:00,J4,863,868,1731
2019-03-15T14:15:00+09:00,J5,576,554,1130
2019-03-15T14:30:00+09:00,J1,1098,1313,2411
2019-03-15T14:30:00+09:00,J2,802,702,1504
2019-03-15T14:30:00+09:00,J3,1025,912,1937
2019-03-15T14:30:00+09:00,J4,880,827,1707
2019-03-15T14:30:00+09:00,J5,557,566,1123
2019-03-15T14:45:00+09:00,J1,1126,1298,2424
2019-03-15T14:45:00+09:00,J2,785,785,1570
2019-03-15T14:45:00+09:00,J3,1008,999,2007
2019-03-15T14:45:00+09:00,J4,854,963,1817
2019-03-15T14:45:00+09:00,J5,593,574,1167
2019-03-15T15:00:00+09:00,J1,1148,1333,2481
2019-03-15T15:00:00+09:00,J2,770,810,1580
2019-03-15T15:00:00+09:00,J3,1065,978,2043
2019-03-15T15:00:00+09:00,J4,829,872,1701
2019-03-15T15:00:00+09:00,J5,579,598,1177
2019-03-15T15:15:00+09:00,J1,1087,1432,2519
2019-03-15T15:15:00+09:00,J2,701,878,1579
2019-03-15T15:15:00+09:00,J3,942,937,1879
2019-03-15T15:15:00+09:00,J4,872,905,1777
2019-03-15T15:15:00+09:00,J5,558,551,1109
2019-03-15T15:30:00+09:00,J1,1156,1357,2513
2019-03-15T15:30:00+09:00,J2,804,861,1665
2019-03-15T15:30:00+09:00,J3,956,893,1849
2019-03-15T15:30:00+09:00,J4,953,925,1878
2019-03-15T15:30:00+09:00,J5,589,631,1220
2019-03-15T15:45:00+09:00,J1,1182,1277,2459
2019-03-15T15:45:00+09:00,J2,810,791,1601
2019-03-15T15:45:00+09:00,J3,1110,975,2085
2019-03-15T15:45:00+09:00,J4,926,787,1713
2019-03-15T15:45:00+09:00,J5,518,572,1090
2019-03-15T16:00:00+09:00,J1,1145,1360,2505
2019-03-15T16:00:00+09:00,J2,786,850,1636
2019-03-15T16:00:00+09:00,J3,1045,926,1971
2019-03-15T16:00:00+09:00,J4,886,891,1777
2019-03-15T16:00:00+09:00,J5,546,555,1101
2019-03-15T16:15:00+09:00,J1,1145,1404,2549
2019-03-15T16:15:00+09:00,J2,824,811,1635
2019-03-15T16:15:00+09:00,J3,1048,934,1982
2019-03-15T16:15:00+09:00,J4,917,960,1877
2019-03-15T16:15:00+09:00,J5,672,634,1306
2019-03-15T16:30:00+09:00,J1,1143,1331,2474
2019-03-15T16:30:00+09:00,J2,781,758,1539
2019-03-15T16:30:00+09:00,J3,1065,1099,2164
2019-03-15T16:30:00+09:00,J4,1000,899,1899
2019-03-15T16:30:00+09:00,J5,561,615,1176
2019-03-15T16:45:00+09:00,J1,1149,1324,2473
2019-03-15T16:45:00+09:00,J2,764,829,1593
2019-03-15T16:45:00+09:00,J3,1184,1146,2330
2019-03-15T16:45:00+09:00,J4,925,921,1846
2019-03-15T16:45:00+09:00,J5,597,631,1228
2019-03-15T17:00:00+09:00,J1,1172,1389,2561
2019-03-15T17:00:00+09:00,J2,797,904,1701
2019-03-15T17:00:00+09:00,J3,1351,1274,2625
2019-03-15T17:00:00+09:00,J4,1079,951,2030
2019-03-15T17:00:00+09:00,J5,562,621,1183
2019-03-15T17:15:00+09:00,J1,1259,1455,2714
2019-03-15T17:15:00+09:00,J2,918,918,1836
2019-03-15T17:15:00+09:00,J3,1495,1342,2837
2019-03-15T17:15:00+09:00,J4,1108,956,2064
2019-03-15T17:15:00+09:00,J5,546,691,1237
2019-03-15T17:30:00+09:00,J1,1278,1432,2710
2019-03-15T17:30:00+09:00,J2,1025,1043,2068
2019-03-15T17:30:00+09:00,J3,1597,1235,2832
2019-03-15T17:30:00+09:00,J4,1223,1003,2226
2019-03-15T17:30:00+09:00,J5,542,728,1270
2019-03-15T17:45:00+09:00,J1,1258,1423,2681
2019-03-15T17:45:00+09:00,J2,952,1017,1969
2019-03-15T17:45:00+09:00,J3,1535,1280,2815
2019-03-15T17:45:00+09:00,J4,1194,1137,2331
2019-03-15T17:45:00+09:00,J5,572,780,1352
2019-03-15T18:00:00+09:00,J1,1318,1450,2768
2019-03-15T18:00:00+09:00,J2,1034,994,2028
2019-03-15T18:00:00+09:00,J3,1619,1361,2980
2019-03-15T18:00:00+09:00,J4,1298,1029,2327
2019-03-15T18:00:00+09:00,J5,649,743,1392
2019-03-15T18:15:00+09:00,J1,1245,1409,2654
2019-03-15T18:15:00+09:00,J2,1020,1002,2022
2019-03-15T18:15:00+09:00,J3,1646,1272,2918
2019-03-15T18:15:00+09:00,J4,1185,958,2143
2019-03-15T18:15:00+09:00,J5,603,774,1377
2019-03-15T18:30:00+09:00,J1,1206,1351,2557
2019-03-15T18:30:00+09:00,J2,1009,1022,2031
2019-03-15T18:30:00+09:00,J3,1419,1126,2545
2019-03-15T18:30:00+09:00,J4,1036,899,1935
2019-03-15T18:30:00+09:00,J5,532,707,1239
2019-03-15T18:45:00+09:00,J1,1212,1306,2518
2019-03-15T18:45:00+09:00,J2,936,849,1785
2019-03-15T18:45:00+09:00,J3,1268,1064,2332
2019-03-15T18:45:00+09:00,J4,962,726,1688
2019-03-15T18:45:00+09:00,J5,522,665,1187
2019-03-15T19:00:00+09:00,J1,1148,1301,2449
2019-03-15T19:00:00+09:00,J2,876,806,1682
2019-03-15T19:00:00+09:00,J3,1259,1022,2281
2019-03-15T19:00:00+09:00,J4,811,724,1535
2019-03-15T19:00:00+09:00,J5,497,606,1103
2019-03-15T19:15:00+09:00,J1,1133,1287,2420
2019-03-15T19:15:00+09:00,J2,838,796,1634
2019-03-15T19:15:00+09:00,J3,1224,1077,2301
2019-03-15T19:15:00+09:00,J4,890,743,1633
2019-03-15T19:15:00+09:00,J5,549,615,1164
2019-03-15T19:30:00+09:00,J1,1087,1293,2380
2019-03-15T19:30:00+09:00,J2,773,787,1560
2019-03-15T19:30:00+09:00,J3,1198,973,2171
2019-03-15T19:30:00+09:00,J4,810,757,1567
2019-03-15T19:30:00+09:00,J5,511,600,1111
2019-03-15T19:45:00+09:00,J1,1095,1244,2339
2019-03-15T19:45:00+09:00,J2,695,717,1412
2019-03-15T19:45:00+09:00,J3,1074,1045,2119
2019-03-15T19:45:00+09:00,J4,778,806,1584
2019-03-15T19:45:00+09:00,J5,477,530,1007
2019-03-15T20:00:00+09:00,J1,1055,1246,2301
2019-03-15T20:00:00+09:00,J2,654,645,1299
2019-03-15T20:00:00+09:00,J3,1066,992,2058
2019-03-15T20:00:00+09:00,J4,754,771,1525
2019-03-15T20:00:00+09:00,J5,431,454,885
2019-03-15T20:15:00+09:00,J1,1103,1208,2311
2019-03-15T20:15:00+09:00,J2,926,835,1761
2019-03-15T20:15:00+09:00,J3,1134,894,2028
2019-03-15T20:15:00+09:00,J4,862,834,1696
2019-03-15T20:15:00+09:00,J5,433,512,945
2019-03-15T20:30:00+09:00,J1,1017,1123,2140
2019-03-15T20:30:00+09:00,J2,878,779,1657
2019-03-15T20:30:00+09:00,J3,1010,908,1918
2019-03-15T20:30:00+09:00,J4,745,745,1490
2019-03-15T20:30:00+09:00,J5,369,462,831
2019-03-15T20:45:00+09:00,J1,1090,1224,2314
2019-03-15T20:45:00+09:00,J2,766,609,1375
2019-03-15T20:45:00+09:00,J3,1080,926,2006
2019-03-15T20:45:00+09:00,J4,702,677,1379
2019-03-15T20:45:00+09:00,J5,397,467,864
2019-03-15T21:00:00+09:00,J1,1053,1179,2232
2019-03-15T21:00:00+09:00,J2,830,676,1506
2019-03-15T21:00:00+09:00,J3,892,833,1725
2019-03-15T21:00:00+09:00,J4,746,732,1478
2019-03-15T21:00:00+09:00,J5,397,487,884
2019-03-15T21:15:00+09:00,J1,1061,1180,2241
2019-03-15T21:15:00+09:00,J2,847,774,1621
2019-03-15T21:15:00+09:00,J3,951,967,1918
2019-03-15T21:15:00+09:00,J4,695,755,1450
2019-03-15T21:15:00+09:00,J5,415,397,812
2019-03-15T21:30:00+09:00,J1,1043,1234,2277
2019-03-15T21:30:00+09:00,J2,897,777,1674
2019-03-15T21:30:00+09:00,J3,1061,1039,2100
2019-03-15T21:30:00+09:00,J4,692,759,1451
2019-03-15T21:30:00+09:00,J5,401,395,796
2019-03-15T21:45:00+09:00,J1,1034,1272,2306
2019-03-15T21:45:00+09:00,J2,865,820,1685
2019-03-15T21:45:00+09:00,J3,1079,966,2045
2019-03-15T21:45:00+09:00,J4,812,830,1642
2019-03-15T21:45:00+09:00,J5,438,395,833
2019-03-15T22:00:00+09:00,J1,1057,1187,2244
2019-03-15T22:00:00+09:00,J2,725,812,1537
2019-03-15T22:00:00+09:00,J3,1079,908,1987
2019-03-15T22:00:00+09:00,J4,787,874,1661
2019-03-15T22:00:00+09:00,J5,422,362,784
2019-03-15T22:15:00+09:00,J1,992,1251,2243
2019-03-15T22:15:00+09:00,J2,645,740,1385
2019-03-15T22:15:00+09:00,J3,1083,927,2010
2019-03-15T22:15:00+09:00,J4,780,872,1652
2019-03-15T22:15:00+09:00,J5,442,349,791
2019-03-15T22:30:00+09:00,J1,1026,1211,2237
2019-03-15T22:30:00+09:00,J2,657,661,1318
2019-03-15T22:30:00+09:00,J3,1081,824,1905
2019-03-15T22:30:00+09:00,J4,709,843,1552
2019-03-15T22:30:00+09:00,J5,396,371,767
2019-03-15T22:45:00+09:00,J1,984,1120,2104
2019-03-15T22:45:00+09:00,J2,614,610,1224
2019-03-15T22:45:00+09:00,J3,1105,953,2058
2019-03-15T22:45:00+09:00,J4,715,853,1568
2019-03-15T22:45:00+09:00,J5,405,341,746
2019-03-15T23:00:00+09:00,J1,1080,1210,2290
2019-03-15T23:00:00+09:00,J2,584,614,1198
2019-03-15T23:00:00+09:00,J3,1094,902,1996
2019-03-15T23:00:00+09:00,J4,759,816,1575
2019-03-15T23:00:00+09:00,J5,390,357,747
2019-03-15T23:15:00+09:00,J1,1020,1132,2152
2019-03-15T23:15:00+09:00,J2,557,717,1274
2019-03-15T23:15:00+09:00,J3,1035,883,1918
2019-03-15T23:15:00+09:00,J4,735,828,1563
2019-03-15T23:15:00+09:00,J5,443,371,814
2019-03-15T23:30:00+09:00,J1,935,1151,2086
2019-03-15T23:30:00+09:00,J2,592,687,1279
2019-03-15T23:30:00+09:00,J3,1066,835,1901
2019-03-15T23:30:00+09:00,J4,591,828,1419
2019-03-15T23:30:00+09:00,J5,397,374,771
2019-03-15T23:45:00+09:00,J1,999,1176,2175
2019-03-15T23:45:00+09:00,J2,547,632,1179
2019-03-15T23:45:00+09:00,J3,970,791,1761
2019-03-15T23:45:00+09:00,J4,615,764,1379
2019-03-15T23:45:00+09:00,J5,394,359,753
2019-03-16T00:00:00+09:00,J1,848,933,1781
2019-03-16T00:00:00+09:00,J2,394,469,863
2019-03-16T00:00:00+09:00,J3,782,587,1369
2019-03-16T00:00:00+09:00,J4,553,664,1217
2019-03-16T00:00:00+09:00,J5,420,335,755
2019-03-16T00:15:00+09:00,J1,634,660,1294
2019-03-16T00:15:00+09:00,J2,372,450,822
2019-03-16T00:15:00+09:00,J3,496,487,983
2019-03-16T00:15:00+09:00,J4,484,581,1065
2019-03-16T00:15:00+09:00,J5,495,464,959
2019-03-16T00:30:00+09:00,J1,569,535,1104
2019-03-16T00:30:00+09:00,J2,463,507,970
2019-03-16T00:30:00+09:00,J3,549,553,1102
2019-03-16T00:30:00+09:00,J4,739,688,1427
2019-03-16T00:30:00+09:00,J5,526,560,1086
2019-03-16T00:45:00+09:00,J1,548,467,1015
2019-03-16T00:45:00+09:00,J2,489,481,970
2019-03-16T00:45:00+09:00,J3,591,565,1156
2019-03-16T00:45:00+09:00,J4,686,727,1413
2019-03-16T00:45:00+09:00,J5,485,521,1006
2019-03-16T05:45:00+09:00,J1,841,938,1779
2019-03-16T05:45:00+09:00,J2,766,593,1359
2019-03-16T05:45:00+09:00,J3,965,883,1848
2019-03-16T05:45:00+09:00,J4,711,757,1468
2019-03-16T05:45:00+09:00,J5,457,425,882
2019-03-16T06:00:00+09:00,J1,987,1081,2068
2019-03-16T06:00:00+09:00,J2,669,657,1326
2019-03-16T06:00:00+09:00,J3,858,910,1768
2019-03-16T06:00:00+09:00,J4,804,743,1547
2019-03-16T06:00:00+09:00,J5,587,564,1151
2019-03-16T06:15:00+09:00,J1,1008,1020,2028
2019-03-16T06:15:00+09:00,J2,599,577,1176
2019-03-16T06:15:00+09:00,J3,824,788,1612
2019-03-16T06:15:00+09:00,J4,735,739,1474
2019-03-16T06:15:00+09:00,J5,583,550,1133
2019-03-16T06:30:00+09:00,J1,1022,1091,2113
2019-03-16T06:30:00+09:00,J2,635,561,1196
2019-03-16T06:30:00+09:00,J3,961,902,1863
2019-03-16T06:30:00+09:00,J4,679,696,1375
2019-03-16T06:30:00+09:00,J5,588,529,1117
2019-03-16T06:45:00+09:00,J1,969,1034,2003
2019-03-16T06:45:00+09:00,J2,760,614,1374
2019-03-16T06:45:00+09:00,J3,944,861,1805
2019-03-16T06:45:00+09:00,J4,717,743,1460
2019-03-16T06:45:00+09:00,J5,494,553,1047
2019-03-16T07:00:00+09:00,J1,944,1032,1976
2019-03-16T07:00:00+09:00,J2,664,641,1305
2019-03-16T07:00:00+09:00,J3,877,814,1691
2019-03-16T07:00:00+09:00,J4,720,710,1430
2019-03-16T07:00:00+09:00,J5,438,411,849
2019-03-16T07:15:00+09:00,J1,1298,1293,2591
2019-03-16T07:15:00+09:00,J2,842,814,1656
2019-03-16T07:15:00+09:00,J3,1154,1035,2189
2019-03-16T07:15:00+09:00,J4,913,845,1758
2019-03-16T07:15:00+09:00,J5,615,559,1174
2019-03-16T07:30:00+09:00,J1,1066,1154,2220
2019-03-16T07:30:00+09:00,J2,740,706,1446
2019-03-16T07:30:00+09:00,J3,927,870,1797
2019-03-16T07:30:00+09:00,J4,757,776,1533
2019-03-16T07:30:00+09:00,J5,584,616,1200
2019-03-16T07:45:00+09:00,J1,1056,1117,2173
2019-03-16T07:45:00+09:00,J2,800,681,1481
2019-03-16T07:45:00+09:00,J3,985,907,1892
2019-03-16T07:45:00+09:00,J4,740,789,1529
2019-03-16T07:45:00+09:00,J5,579,522,1101
2019-03-16T08:00:00+09:00,J1,1163,1294,2457
2019-03-16T08:00:00+09:00,J2,885,740,1625
2019-03-16T08:00:00+09:00,J3,1109,1056,2165
2019-03-16T08:00:00+09:00,J4,755,861,1616
2019-03-16T08:00:00+09:00,J5,547,554,1101
2019-03-16T08:15:00+09:00,J1,1239,1230,2469
2019-03-16T08:15:00+09:00,J2,831,731,1562
2019-03-16T08:15:00+09:00,J3,1138,1020,2158
2019-03-16T08:15:00+09:00,J4,875,893,1768
2019-03-16T08:15:00+09:00,J5,607,648,1255
2019-03-16T08:30:00+09:00,J1,1261,1299,2560
2019-03-16T08:30:00+09:00,J2,826,809,1635
2019-03-16T08:30:00+09:00,J3,1332,1103,2435
2019-03-16T08:30:00+09:00,J4,921,974,1895
2019-03-16T08:30:00+09:00,J5,651,672,1323
2019-03-16T08:45:00+09:00,J1,1223,1355,2578
2019-03-16T08:45:00+09:00,J2,879,709,1588
2019-03-16T08:45:00+09:00,J3,1345,1113,2458
2019-03-16T08:45:00+09:00,J4,916,936,1852
2019-03-16T08:45:00+09:00,J5,612,650,1262
2019-03-16T09:00:00+09:00,J1,1231,1269,2500
2019-03-16T09:00:00+09:00,J2,780,561,1341
2019-03-16T09:00:00+09:00,J3,899,952,1851
2019-03-16T09:00:00+09:00,J4,876,898,1774
2019-03-16T09:00:00+09:00,J5,372,425,797
2019-03-16T09:15:00+09:00,J1,1281,1278,2559
2019-03-16T09:15:00+09:00,J2,687,556,1243
2019-03-16T09:15:00+09:00,J3,1007,988,1995
2019-03-16T09:15:00+09:00,J4,872,795,1667
2019-03-16T09:15:00+09:00,J5,481,434,915
2019-03-16T09:30:00+09:00,J1,1284,1324,2608
2019-03-16T09:30:00+09:00,J2,829,611,1440
2019-03-16T09:30:00+09:00,J3,1102,1008,2110
2019-03-16T09:30:00+09:00,J4,885,928,1813
2019-03-16T09:30:00+09:00,J5,464,434,898
2019-03-16T09:45:00+09:00,J1,1221,1386,2607
2019-03-16T09:45:00+09:00,J2,816,636,1452
2019-03-16T09:45:00+09:00,J3,1069,1093,2162
2019-03-16T09:45:00+09:00,J4,954,843,1797
2019-03-16T09:45:00+09:00,J5,464,394,858
2019-03-16T10:00:00+09:00,J1,1088,1173,2261
2019-03-16T10:00:00+09:00,J2,854,608,1462
2019-03-16T10:00:00+09:00,J3,1114,1056,2170
2019-03-16T10:00:00+09:00,J4,952,891,1843
2019-03-16T10:00:00+09:00,J5,295,253,548
2019-03-16T10:15:00+09:00,J1,653,794,1447
2019-03-16T10:15:00+09:00,J2,621,474,1095
2019-03-16T10:15:00+09:00,J3,1047,1107,2154
2019-03-16T10:15:00+09:00,J4,845,834,1679
2019-03-16T10:30:00+09:00,J1,645,781,1426
2019-03-16T10:30:00+09:00,J2,662,555,1217
2019-03-16T10:30:00+09:00,J3,1039,1137,2176
2019-03-16T10:30:00+09:00,J4,860,878,1738
2019-03-16T10:45:00+09:00,J1,618,778,1396
2019-03-16T10:45:00+09:00,J2,732,497,1229
2019-03-16T10:45:00+09:00,J3,1105,1184,2289
2019-03-16T10:45:00+09:00,J4,880,931,1811
2019-03-16T11:00:00+09:00,J1,601,829,1430
2019-03-16T11:00:00+09:00,J2,705,494,1199
2019-03-16T11:00:00+09:00,J3,1247,1052,2299
2019-03-16T11:00:00+09:00,J4,855,944,1799
2019-03-16T11:15:00+09:00,J1,629,812,1441
2019-03-16T11:15:00+09:00,J2,652,514,1166
2019-03-16T11:15:00+09:00,J3,1230,1104,2334
2019-03-16T11:15:00+09:00,J4,896,926,1822
2019-03-16T11:30:00+09:00,J1,676,821,1497
2019-03-16T11:30:00+09:00,J2,756,476,1232
2019-03-16T11:30:00+09:00,J3,1279,1086,2365
2019-03-16T11:30:00+09:00,J4,835,865,1700
2019-03-16T11:45:00+09:00,J1,655,842,1497
2019-03-16T11:45:00+09:00,J2,646,538,1184
2019-03-16T11:45:00+09:00,J3,1314,1063,2377
2019-03-16T11:45:00+09:00,J4,804,889,1693
2019-03-16T12:00:00+09:00,J1,631,871,1502
2019-03-16T12:00:00+09:00,J2,618,589,1207
2019-03-16T12:00:00+09:00,J3,1276,1003,2279
2019-03-16T12:00:00+09:00,J4,793,986,1779
2019-03-16T12:15:00+09:00,J1,603,898,1501
2019-03-16T12:15:00+09:00,J2,592,583,1175
2019-03-16T12:15:00+09:00,J3,1253,1004,2257
2019-03-16T12:15:00+09:00,J4,805,906,1711
2019-03-16T12:30:00+09:00,J1,580,817,1397
2019-03-16T12:30:00+09:00,J2,563,585,1148
2019-03-16T12:30:00+09:00,J3,1044,939,1983
2019-03-16T12:30:00+09:00,J4,851,884,1735
2019-03-16T12:45:00+09:00,J1,595,849,1444
2019-03-16T12:45:00+09:00,J2,746,583,1329
2019-03-16T12:45:00+09:00,J3,1044,1020,2064
2019-03-16T12:45:00+09:00,J4,814,925,1739
2019-03-16T13:00:00+09:00,J1,575,897,1472
2019-03-16T13:00:00+09:00,J2,587,568,1155
2019-03-16T13:00:00+09:00,J3,988,1152,2140
2019-03-16T13:00:00+09:00,J4,876,851,1727
2019-03-16T13:15:00+09:00,J1,555,844,1399
2019-03-16T13:15:00+09:00,J2,620,669,1289
2019-03-16T13:15:00+09:00,J3,1104,1125,2229
2019-03-16T13:15:00+09:00,J4,789,943,1732
2019-03-16T13:30:00+09:00,J1,598,862,1460
2019-03-16T13:30:00+09:00,J2,659,634,1293
2019-03-16T13:30:00+09:00,J3,1139,1222,2361
2019-03-16T13:30:00+09:00,J4,789,796,1585
2019-03-16T13:45:00+09:00,J1,606,878,1484
2019-03-16T13:45:00+09:00,J2,676,576,1252
2019-03-16T13:45:00+09:00,J3,1113,1201,2314
2019-03-16T13:45:00+09:00,J4,824,874,1698
2019-03-16T14:00:00+09:00,J1,557,881,1438
2019-03-16T14:00:00+09:00,J2,609,612,1221
2019-03-16T14:00:00+09:00,J3,1051,1125,2176
2019-03-16T14:00:00+09:00,J4,910,854,1764
2019-03-16T14:15:00+09:00,J1,589,881,1470
2019-03-16T14:15:00+09:00,J2,708,670,1378
2019-03-16T14:15:00+09:00,J3,1088,1056,2144
2019-03-16T14:15:00+09:00,J4,1012,887,1899
2019-03-16T14:30:00+09:00,J1,595,842,1437
2019-03-16T14:30:00+09:00,J2,659,673,1332
2019-03-16T14:30:00+09:00,J3,1192,1108,2300
2019-03-16T14:30:00+09:00,J4,955,875,1830
2019-03-16T14:45:00+09:00,J1,584,837,1421
2019-03-16T14:45:00+09:00,J2,625,719,1344
2019-03-16T14:45:00+09:00,J3,1091,1134,2225
2019-03-16T14:45:00+09:00,J4,900,841,1741
2019-03-16T15:00:00+09:00,J1,593,864,1457
2019-03-16T15:00:00+09:00,J2,639,593,1232
2019-03-16T15:00:00+09:00,J3,1118,1240,2358
2019-03-16T15:00:00+09:00,J4,862,852,1714
2019-03-16T15:15:00+09:00,J1,562,868,1430
2019-03-16T15:15:00+09:00,J2,704,668,1372
2019-03-16T15:15:00+09:00,J3,1214,1202,2416
2019-03-16T15:15:00+09:00,J4,915,886,1801
2019-03-16T15:30:00+09:00,J1,586,852,1438
2019-03-16T15:30:00+09:00,J2,614,646,1260
2019-03-16T15:30:00+09:00,J3,1151,1138,2289
2019-03-16T15:30:00+09:00,J4,959,883,1842
2019-03-16T15:45:00+09:00,J1,606,865,1471
2019-03-16T15:45:00+09:00,J2,578,672,1250
2019-03-16T15:45:00+09:00,J3,1075,1102,2177
2019-03-16T15:45:00+09:00,J4,965,921,1886
2019-03-16T16:00:00+09:00,J1,606,859,1465
2019-03-16T16:00:00+09:00,J2,705,678,1383
2019-03-16T16:00:00+09:00,J3,1298,1143,2441
2019-03-16T16:00:00+09:00,J4,1018,969,1987
2019-03-16T16:15:00+09:00,J1,642,889,1531
2019-03-16T16:15:00+09:00,J2,712,720,1432
2019-03-16T16:15:00+09:00,J3,1311,1119,2430
2019-03-16T16:15:00+09:00,J4,1033,973,2006
2019-03-16T16:30:00+09:00,J1,574,850,1424
2019-03-16T16:30:00+09:00,J2,793,574,1367
2019-03-16T16:30:00+09:00,J3,1365,1161,2526
2019-03-16T16:30:00+09:00,J4,1007,957,1964
2019-03-16T16:45:00+09:00,J1,577,883,1460
2019-03-16T16:45:00+09:00,J2,754,614,1368
2019-03-16T16:45:00+09:00,J3,1414,1132,2546
2019-03-16T16:45:00+09:00,J4,1081,960,2041
2019-03-16T17:00:00+09:00,J1,635,883,1518
2019-03-16T17:00:00+09:00,J2,766,580,1346
2019-03-16T17:00:00+09:00,J3,1417,1137,2554
2019-03-16T17:00:00+09:00,J4,1067,1050,2117
2019-03-16T17:15:00+09:00,J1,609,922,1531
2019-03-16T17:15:00+09:00,J2,866,616,1482
2019-03-16T17:15:00+09:00,J3,1478,1226,2704
2019-03-16T17:15:00+09:00,J4,1078,996,2074
2019-03-16T17:30:00+09:00,J1,617,901,1518
2019-03-16T17:30:00+09:00,J2,969,531,1500
2019-03-16T17:30:00+09:00,J3,1553,1286,2839
2019-03-16T17:30:00+09:00,J4,1117,888,2005
2019-03-16T17:45:00+09:00,J1,600,872,1472
2019-03-16T17:45:00+09:00,J2,825,640,1465
2019-03-16T17:45:00+09:00,J3,1427,1366,2793
2019-03-16T17:45:00+09:00,J4,1130,936,2066
2019-03-16T18:00:00+09:00,J1,645,894,1539
2019-03-16T18:00:00+09:00,J2,738,618,1356
2019-03-16T18:00:00+09:00,J3,1497,1337,2834
2019-03-16T18:00:00+09:00,J4,1092,918,2010
2019-03-16T18:15:00+09:00,J1,685,920,1605
2019-03-16T18:15:00+09:00,J2,763,663,1426
2019-03-16T18:15:00+09:00,J3,1497,1388,2885
2019-03-16T18:15:00+09:00,J4,1042,760,1802
2019-03-16T18:30:00+09:00,J1,669,860,1529
2019-03-16T18:30:00+09:00,J2,725,552,1277
2019-03-16T18:30:00+09:00,J3,1249,1157,2406
2019-03-16T18:30:00+09:00,J4,884,754,1638
2019-03-16T18:45:00+09:00,J1,639,857,1496
2019-03-16T18:45:00+09:00,J2,688,536,1224
2019-03-16T18:45:00+09:00,J3,1192,1103,2295
2019-03-16T18:45:00+09:00,J4,851,823,1674
2019-03-16T19:00:00+09:00,J1,632,868,1500
2019-03-16T19:00:00+09:00,J2,733,443,1176
2019-03-16T19:00:00+09:00,J3,1225,1059,2284
2019-03-16T19:00:00+09:00,J4,797,785,1582
2019-03-16T19:15:00+09:00,J1,653,867,1520
2019-03-16T19:15:00+09:00,J2,718,407,1125
2019-03-16T19:15:00+09:00,J3,1268,1128,2396
2019-03-16T19:15:00+09:00,J4,798,805,1603
2019-03-16T19:30:00+09:00,J1,672,852,1524
2019-03-16T19:30:00+09:00,J2,615,387,1002
2019-03-16T19:30:00+09:00,J3,1139,1167,2306
2019-03-16T19:30:00+09:00,J4,780,883,1663
2019-03-16T19:45:00+09:00,J1,606,867,1473
2019-03-16T19:45:00+09:00,J2,593,421,1014
2019-03-16T19:45:00+09:00,J3,1135,1018,2153
2019-03-16T19:45:00+09:00,J4,809,819,1628
2019-03-16T20:00:00+09:00,J1,631,823,1454
2019-03-16T20:00:00+09:00,J2,598,372,970
2019-03-16T20:00:00+09:00,J3,1047,1076,2123
2019-03-16T20:00:00+09:00,J4,797,850,1647
2019-03-16T20:15:00+09:00,J1,611,840,1451
2019-03-16T20:15:00+09:00,J2,657,540,1197
2019-03-16T20:15:00+09:00,J3,1191,1124,2315
2019-03-16T20:15:00+09:00,J4,808,865,1673
2019-03-16T20:30:00+09:00,J1,579,839,1418
2019-03-16T20:30:00+09:00,J2,631,689,1320
2019-03-16T20:30:00+09:00,J3,1113,1122,2235
2019-03-16T20:30:00+09:00,J4,705,749,1454
2019-03-16T20:45:00+09:00,J1,633,815,1448
2019-03-16T20:45:00+09:00,J2,722,536,1258
2019-03-16T20:45:00+09:00,J3,1045,1005,2050
2019-03-16T20:45:00+09:00,J4,661,794,1455
2019-03-16T21:00:00+09:00,J1,553,774,1327
2019-03-16T21:00:00+09:00,J2,670,561,1231
2019-03-16T21:00:00+09:00,J3,1023,934,1957
2019-03-16T21:00:00+09:00,J4,731,805,1536
2019-03-16T21:15:00+09:00,J1,587,819,1406
2019-03-16T21:15:00+09:00,J2,662,648,1310
2019-03-16T21:15:00+09:00,J3,1029,926,1955
2019-03-16T21:15:00+09:00,J4,775,773,1548
2019-03-16T21:30:00+09:00,J1,578,732,1310
2019-03-16T21:30:00+09:00,J2,587,626,1213
2019-03-16T21:30:00+09:00,J3,1079,949,2028
2019-03-16T21:30:00+09:00,J4,747,823,1570
2019-03-16T21:45:00+09:00,J1,593,751,1344
2019-03-16T21:45:00+09:00,J2,530,580,1110
2019-03-16T21:45:00+09:00,J3,1060,912,1972
2019-03-16T21:45:00+09:00,J4,690,860,1550
2019-03-16T22:00:00+09:00,J1,535,755,1290
2019-03-16T22:00:00+09:00,J2,428,496,924
2019-03-16T22:00:00+09:00,J3,1026,884,1910
2019-03-16T22:00:00+09:00,J4,734,821,1555
2019-03-16T22:15:00+09:00,J1,577,726,1303
2019-03-16T22:15:00+09:00,J2,392,443,835
2019-03-16T22:15:00+09:00,J3,958,861,1819
2019-03-16T22:15:00+09:00,J4,728,864,1592
2019-03-16T22:30:00+09:00,J1,583,719,1302
2019-03-16T22:30:00+09:00,J2,416,456,872
2019-03-16T22:30:00+09:00,J3,974,762,1736
2019-03-16T22:30:00+09:00,J4,784,785,1569
2019-03-16T22:45:00+09:00,J1,574,717,1291
2019-03-16T22:45:00+09:00,J2,452,464,916
2019-03-16T22:45:00+09:00,J3,886,743,1629
2019-03-16T22:45:00+09:00,J4,762,812,1574
2019-03-16T23:00:00+09:00,J1,553,697,1250
2019-03-16T23:00:00+09:00,J2,441,487,928
2019-03-16T23:00:00+09:00,J3,786,783,1569
2019-03-16T23:00:00+09:00,J4,795,757,1552
2019-03-16T23:15:00+09:00,J1,548,696,1244
2019-03-16T23:15:00+09:00,J2,465,466,931
2019-03-16T23:15:00+09:00,J3,837,763,1600
2019-03-16T23:15:00+09:00,J4,749,807,1556
2019-03-16T23:30:00+09:00,J1,556,691,1247
2019-03-16T23:30:00+09:00,J2,476,494,970
2019-03-16T23:30:00+09:00,J3,865,782,1647
2019-03-16T23:30:00+09:00,J4,656,719,1375
2019-03-16T23:45:00+09:00,J1,569,697,1266
2019-03-16T23:45:00+09:00,J2,407,535,942
2019-03-16T23:45:00+09:00,J3,877,669,1546
2019-03-16T23:45:00+09:00,J4,715,716,1431
2019-03-17T00:00:00+09:00,J1,414,460,874
2019-03-17T00:00:00+09:00,J2,416,431,847
2019-03-17T00:00:00+09:00,J3,690,570,1260
2019-03-17T00:00:00+09:00,J4,734,749,1483
2019-03-17T00:15:00+09:00,J1,348,341,689
2019-03-17T00:15:00+09:00,J2,384,342,726
2019-03-17T00:15:00+09:00,J3,569,587,1156
2019-03-17T00:15:00+09:00,J4,836,772,1608
2019-03-17T00:30:00+09:00,J1,237,259,496
2019-03-17T00:30:00+09:00,J2,336,292,628
2019-03-17T00:30:00+09:00,J3,693,667,1360
2019-03-17T00:30:00+09:00,J4,862,793,1655
2019-03-17T00:45:00+09:00,J1,187,194,381
2019-03-17T00:45:00+09:00,J2,363,351,714
2019-03-17T00:45:00+09:00,J3,802,712,1514
2019-03-17T00:45:00+09:00,J4,765,657,1422
2019-03-17T05:45:00+09:00,J1,852,805,1657
2019-03-17T05:45:00+09:00,J2,457,400,857
2019-03-17T05:45:00+09:00,J3,968,790,1758
2019-03-17T05:45:00+09:00,J4,442,545,987
2019-03-17T06:00:00+09:00,J1,914,975,1889
2019-03-17T06:00:00+09:00,J2,412,359,771
2019-03-17T06:00:00+09:00,J3,936,828,1764
2019-03-17T06:00:00+09:00,J4,473,580,1053
2019-03-17T06:15:00+09:00,J1,930,1021,1951
2019-03-17T06:15:00+09:00,J2,407,334,741
2019-03-17T06:15:00+09:00,J3,816,813,1629
2019-03-17T06:15:00+09:00,J4,479,517,996
2019-03-17T06:30:00+09:00,J1,899,951,1850
2019-03-17T06:30:00+09:00,J2,318,343,661
2019-03-17T06:30:00+09:00,J3,820,806,1626
2019-03-17T06:30:00+09:00,J4,419,530,949
2019-03-17T06:45:00+09:00,J1,906,939,1845
2019-03-17T06:45:00+09:00,J2,346,312,658
2019-03-17T06:45:00+09:00,J3,886,874,1760
2019-03-17T06:45:00+09:00,J4,430,530,960
2019-03-17T07:00:00+09:00,J1,976,1080,2056
2019-03-17T07:00:00+09:00,J2,494,423,917
2019-03-17T07:00:00+09:00,J3,853,804,1657
2019-03-17T07:00:00+09:00,J4,545,647,1192
2019-03-17T07:15:00+09:00,J1,902,997,1899
2019-03-17T07:15:00+09:00,J2,523,485,1008
2019-03-17T07:15:00+09:00,J3,963,889,1852
2019-03-17T07:15:00+09:00,J4,612,655,1267
2019-03-17T07:30:00+09:00,J1,1117,1073,2190
2019-03-17T07:30:00+09:00,J2,489,414,903
2019-03-17T07:30:00+09:00,J3,800,804,1604
2019-03-17T07:30:00+09:00,J4,677,740,1417
2019-03-17T07:45:00+09:00,J1,1018,1032,2050
2019-03-17T07:45:00+09:00,J2,454,403,857
2019-03-17T07:45:00+09:00,J3,851,813,1664
2019-03-17T07:45:00+09:00,J4,549,655,1204
2019-03-17T08:00:00+09:00,J1,986,1100,2086
2019-03-17T08:00:00+09:00,J2,312,298,610
2019-03-17T08:00:00+09:00,J3,913,852,1765
2019-03-17T08:00:00+09:00,J4,550,610,1160
2019-03-17T08:15:00+09:00,J1,1394,1526,2920
2019-03-17T08:15:00+09:00,J2,449,345,794
2019-03-17T08:15:00+09:00,J3,1272,1169,2441
2019-03-17T08:15:00+09:00,J4,682,756,1438
2019-03-17T08:30:00+09:00,J1,1249,1275,2524
2019-03-17T08:30:00+09:00,J2,475,442,917
2019-03-17T08:30:00+09:00,J3,1288,1094,2382
2019-03-17T08:30:00+09:00,J4,627,638,1265
2019-03-17T08:45:00+09:00,J1,1177,1392,2569
2019-03-17T08:45:00+09:00,J2,421,404,825
2019-03-17T08:45:00+09:00,J3,1257,1182,2439
2019-03-17T08:45:00+09:00,J4,546,620,1166
2019-03-17T09:00:00+09:00,J1,1102,1095,2197
2019-03-17T09:00:00+09:00,J2,394,294,688
2019-03-17T09:00:00+09:00,J3,975,904,1879
2019-03-17T09:00:00+09:00,J4,531,546,1077
2019-03-17T09:15:00+09:00,J1,1268,1223,2491
2019-03-17T09:15:00+09:00,J2,301,203,504
2019-03-17T09:15:00+09:00,J3,916,848,1764
2019-03-17T09:15:00+09:00,J4,468,523,991
2019-03-17T09:30:00+09:00,J1,1250,1281,2531
2019-03-17T09:30:00+09:00,J2,266,219,485
2019-03-17T09:30:00+09:00,J3,1022,935,1957
2019-03-17T09:30:00+09:00,J4,536,550,1086
2019-03-17T09:45:00+09:00,J1,1264,1340,2604
2019-03-17T09:45:00+09:00,J2,254,213,467
2019-03-17T09:45:00+09:00,J3,1053,1003,2056
2019-03-17T09:45:00+09:00,J4,590,630,1220
2019-03-17T10:00:00+09:00,J1,1193,1304,2497
2019-03-17T10:00:00+09:00,J2,285,228,513
2019-03-17T10:00:00+09:00,J3,1021,933,1954
2019-03-17T10:00:00+09:00,J4,635,572,1207
2019-03-17T10:15:00+09:00,J1,1155,1363,2518
2019-03-17T10:15:00+09:00,J2,301,242,543
2019-03-17T10:15:00+09:00,J3,1011,911,1922
2019-03-17T10:15:00+09:00,J4,551,597,1148
2019-03-17T10:30:00+09:00,J1,1229,1410,2639
2019-03-17T10:30:00+09:00,J2,284,271,555
2019-03-17T10:30:00+09:00,J3,947,933,1880
2019-03-17T10:30:00+09:00,J4,541,590,1131
2019-03-17T10:45:00+09:00,J1,1201,1322,2523
2019-03-17T10:45:00+09:00,J2,346,222,568
2019-03-17T10:45:00+09:00,J3,1014,949,1963
2019-03-17T10:45:00+09:00,J4,613,531,1144
2019-03-17T11:00:00+09:00,J1,1185,1326,2511
2019-03-17T11:00:00+09:00,J2,317,307,624
2019-03-17T11:00:00+09:00,J3,1130,999,2129
2019-03-17T11:00:00+09:00,J4,539,630,1169
2019-03-17T11:15:00+09:00,J1,1268,1382,2650
2019-03-17T11:15:00+09:00,J2,368,331,699
2019-03-17T11:15:00+09:00,J3,1246,1054,2300
2019-03-17T11:15:00+09:00,J4,513,613,1126
2019-03-17T11:30:00+09:00,J1,1222,1420,2642
2019-03-17T11:30:00+09:00,J2,362,393,755
2019-03-17T11:30:00+09:00,J3,1288,1200,2488
2019-03-17T11:30:00+09:00,J4,541,627,1168
2019-03-17T11:45:00+09:00,J1,1232,1434,2666
2019-03-17T11:45:00+09:00,J2,415,401,816
2019-03-17T11:45:00+09:00,J3,1275,1157,2432
2019-03-17T11:45:00+09:00,J4,540,633,1173
2019-03-17T12:00:00+09:00,J1,1266,1520,2786
2019-03-17T12:00:00+09:00,J2,349,380,729
2019-03-17T12:00:00+09:00,J3,1220,1097,2317
2019-03-17T12:00:00+09:00,J4,545,639,1184
2019-03-17T12:15:00+09:00,J1,1248,1412,2660
2019-03-17T12:15:00+09:00,J2,506,470,976
2019-03-17T12:15:00+09:00,J3,1145,1051,2196
2019-03-17T12:15:00+09:00,J4,480,627,1107
2019-03-17T12:30:00+09:00,J1,1208,1348,2556
2019-03-17T12:30:00+09:00,J2,435,444,879
2019-03-17T12:30:00+09:00,J3,1019,872,1891
2019-03-17T12:30:00+09:00,J4,496,680,1176
2019-03-17T12:45:00+09:00,J1,1176,1358,2534
2019-03-17T12:45:00+09:00,J2,447,460,907
2019-03-17T12:45:00+09:00,J3,1015,803,1818
2019-03-17T12:45:00+09:00,J4,567,710,1277
2019-03-17T13:00:00+09:00,J1,1137,1310,2447
2019-03-17T13:00:00+09:00,J2,484,479,963
2019-03-17T13:00:00+09:00,J3,945,801,1746
2019-03-17T13:00:00+09:00,J4,555,709,1264
2019-03-17T13:15:00+09:00,J1,1163,1393,2556
2019-03-17T13:15:00+09:00,J2,480,511,991
2019-03-17T13:15:00+09:00,J3,877,890,1767
2019-03-17T13:15:00+09:00,J4,593,660,1253
2019-03-17T13:30:00+09:00,J1,1070,1470,2540
2019-03-17T13:30:00+09:00,J2,493,521,1014
2019-03-17T13:30:00+09:00,J3,907,849,1756
2019-03-17T13:30:00+09:00,J4,587,753,1340
2019-03-17T13:45:00+09:00,J1,1188,1371,2559
2019-03-17T13:45:00+09:00,J2,403,506,909
2019-03-17T13:45:00+09:00,J3,910,876,1786
2019-03-17T13:45:00+09:00,J4,582,692,1274
2019-03-17T14:00:00+09:00,J1,1093,1373,2466
2019-03-17T14:00:00+09:00,J2,424,455,879
2019-03-17T14:00:00+09:00,J3,901,822,1723
2019-03-17T14:00:00+09:00,J4,560,643,1203
2019-03-17T14:15:00+09:00,J1,1164,1349,2513
2019-03-17T14:15:00+09:00,J2,443,478,921
2019-03-17T14:15:00+09:00,J3,889,799,1688
2019-03-17T14:15:00+09:00,J4,605,664,1269
2019-03-17T14:30:00+09:00,J1,1154,1323,2477
2019-03-17T14:30:00+09:00,J2,442,508,950
2019-03-17T14:30:00+09:00,J3,913,847,1760
2019-03-17T14:30:00+09:00,J4,595,681,1276
2019-03-17T14:45:00+09:00,J1,1114,1353,2467
2019-03-17T14:45:00+09:00,J2,396,455,851
2019-03-17T14:45:00+09:00,J3,872,816,1688
2019-03-17T14:45:00+09:00,J4,576,654,1230
2019-03-17T15:00:00+09:00,J1,1104,1352,2456
2019-03-17T15:00:00+09:00,J2,432,515,947
2019-03-17T15:00:00+09:00,J3,950,870,1820
2019-03-17T15:00:00+09:00,J4,615,667,1282
2019-03-17T15:15:00+09:00,J1,1140,1371,2511
2019-03-17T15:15:00+09:00,J2,502,520,1022
2019-03-17T15:15:00+09:00,J3,903,802,1705
2019-03-17T15:15:00+09:00,J4,594,653,1247
2019-03-17T15:30:00+09:00,J1,1139,1393,2532
2019-03-17T15:30:00+09:00,J2,465,521,986
2019-03-17T15:30:00+09:00,J3,879,795,1674
2019-03-17T15:30:00+09:00,J4,689,630,1319
2019-03-17T15:45:00+09:00,J1,1200,1397,2597
2019-03-17T15:45:00+09:00,J2,478,536,1014
2019-03-17T15:45:00+09:00,J3,908,857,1765
2019-03-17T15:45:00+09:00,J4,621,662,1283
2019-03-17T16:00:00+09:00,J1,1115,1405,2520
2019-03-17T16:00:00+09:00,J2,466,565,1031
2019-03-17T16:00:00+09:00,J3,1080,1008,2088
2019-03-17T16:00:00+09:00,J4,679,578,1257
2019-03-17T16:15:00+09:00,J1,1118,1414,2532
2019-03-17T16:15:00+09:00,J2,449,487,936
2019-03-17T16:15:00+09:00,J3,1093,1170,2263
2019-03-17T16:15:00+09:00,J4,636,588,1224
2019-03-17T16:30:00+09:00,J1,1131,1368,2499
2019-03-17T16:30:00+09:00,J2,449,417,866
2019-03-17T16:30:00+09:00,J3,1146,1122,2268
2019-03-17T16:30:00+09:00,J4,552,661,1213
2019-03-17T16:45:00+09:00,J1,1145,1350,2495
2019-03-17T16:45:00+09:00,J2,468,462,930
2019-03-17T16:45:00+09:00,J3,1135,1170,2305
2019-03-17T16:45:00+09:00,J4,578,606,1184
2019-03-17T17:00:00+09:00,J1,1210,1379,2589
2019-03-17T17:00:00+09:00,J2,421,380,801
2019-03-17T17:00:00+09:00,J3,1253,1163,2416
2019-03-17T17:00:00+09:00,J4,651,639,1290
2019-03-17T17:15:00+09:00,J1,1212,1384,2596
2019-03-17T17:15:00+09:00,J2,377,369,746
2019-03-17T17:15:00+09:00,J3,1368,1265,2633
2019-03-17T17:15:00+09:00,J4,708,643,1351
2019-03-17T17:30:00+09:00,J1,1201,1448,2649
2019-03-17T17:30:00+09:00,J2,413,396,809
2019-03-17T17:30:00+09:00,J3,1382,1252,2634
2019-03-17T17:30:00+09:00,J4,723,658,1381
2019-03-17T17:45:00+09:00,J1,1253,1384,2637
2019-03-17T17:45:00+09:00,J2,395,321,716
2019-03-17T17:45:00+09:00,J3,1398,1213,2611
2019-03-17T17:45:00+09:00,J4,695,658,1353
2019-03-17T18:00:00+09:00,J1,1289,1435,2724
2019-03-17T18:00:00+09:00,J2,438,345,783
2019-03-17T18:00:00+09:00,J3,1358,1248,2606
2019-03-17T18:00:00+09:00,J4,686,616,1302
2019-03-17T18:15:00+09:00,J1,1228,1453,2681
2019-03-17T18:15:00+09:00,J2,406,369,775
2019-03-17T18:15:00+09:00,J3,1398,1121,2519
2019-03-17T18:15:00+09:00,J4,560,537,1097
2019-03-17T18:30:00+09:00,J1,1200,1384,2584
2019-03-17T18:30:00+09:00,J2,405,365,770
2019-03-17T18:30:00+09:00,J3,1152,1005,2157
2019-03-17T18:30:00+09:00,J4,465,522,987
2019-03-17T18:45:00+09:00,J1,1234,1260,2494
2019-03-17T18:45:00+09:00,J2,332,342,674
2019-03-17T18:45:00+09:00,J3,1009,924,1933
2019-03-17T18:45:00+09:00,J4,383,551,934
2019-03-17T19:00:00+09:00,J1,1109,1277,2386
2019-03-17T19:00:00+09:00,J2,286,216,502
2019-03-17T19:00:00+09:00,J3,1032,939,1971
2019-03-17T19:00:00+09:00,J4,437,596,1033
2019-03-17T19:15:00+09:00,J1,1137,1308,2445
2019-03-17T19:15:00+09:00,J2,225,232,457
2019-03-17T19:15:00+09:00,J3,1040,870,1910
2019-03-17T19:15:00+09:00,J4,497,616,1113
2019-03-17T19:30:00+09:00,J1,1106,1228,2334
2019-03-17T19:30:00+09:00,J2,259,222,481
2019-03-17T19:30:00+09:00,J3,937,852,1789
2019-03-17T19:30:00+09:00,J4,487,609,1096
2019-03-17T19:45:00+09:00,J1,1068,1185,2253
2019-03-17T19:45:00+09:00,J2,186,217,403
2019-03-17T19:45:00+09:00,J3,903,860,1763
2019-03-17T19:45:00+09:00,J4,465,655,1120
2019-03-17T20:00:00+09:00,J1,1000,1114,2114
2019-03-17T20:00:00+09:00,J2,286,254,540
2019-03-17T20:00:00+09:00,J3,830,807,1637
2019-03-17T20:00:00+09:00,J4,503,598,1101
2019-03-17T20:15:00+09:00,J1,1121,1199,2320
2019-03-17T20:15:00+09:00,J2,455,344,799
2019-03-17T20:15:00+09:00,J3,1015,933,1948
2019-03-17T20:15:00+09:00,J4,437,575,1012
2019-03-17T20:30:00+09:00,J1,1002,1164,2166
2019-03-17T20:30:00+09:00,J2,523,436,959
2019-03-17T20:30:00+09:00,J3,943,867,1810
2019-03-17T20:30:00+09:00,J4,450,604,1054
2019-03-17T20:45:00+09:00,J1,1043,1197,2240
2019-03-17T20:45:00+09:00,J2,532,501,1033
2019-03-17T20:45:00+09:00,J3,916,850,1766
2019-03-17T20:45:00+09:00,J4,412,597,1009
2019-03-17T21:00:00+09:00,J1,1047,1144,2191
2019-03-17T21:00:00+09:00,J2,515,439,954
2019-03-17T21:00:00+09:00,J3,770,739,1509
2019-03-17T21:00:00+09:00,J4,423,643,1066
2019-03-17T21:15:00+09:00,J1,1044,1178,2222
2019-03-17T21:15:00+09:00,J2,531,500,1031
2019-03-17T21:15:00+09:00,J3,897,791,1688
2019-03-17T21:15:00+09:00,J4,459,659,1118
2019-03-17T21:30:00+09:00,J1,999,1126,2125
2019-03-17T21:30:00+09:00,J2,314,331,645
2019-03-17T21:30:00+09:00,J3,892,921,1813
2019-03-17T21:30:00+09:00,J4,503,673,1176
2019-03-17T21:45:00+09:00,J1,949,1111,2060
2019-03-17T21:45:00+09:00,J2,236,253,489
2019-03-17T21:45:00+09:00,J3,1034,1005,2039
2019-03-17T21:45:00+09:00,J4,398,587,985
2019-03-17T22:00:00+09:00,J1,961,1076,2037
2019-03-17T22:00:00+09:00,J2,240,284,524
2019-03-17T22:00:00+09:00,J3,986,900,1886
2019-03-17T22:00:00+09:00,J4,465,487,952
2019-03-17T22:15:00+09:00,J1,1006,1117,2123
2019-03-17T22:15:00+09:00,J2,229,244,473
2019-03-17T22:15:00+09:00,J3,1058,894,1952
2019-03-17T22:15:00+09:00,J4,398,547,945
2019-03-17T22:30:00+09:00,J1,1034,1044,2078
2019-03-17T22:30:00+09:00,J2,206,237,443
2019-03-17T22:30:00+09:00,J3,1050,816,1866
2019-03-17T22:30:00+09:00,J4,426,557,983
2019-03-17T22:45:00+09:00,J1,965,1068,2033
2019-03-17T22:45:00+09:00,J2,168,224,392
2019-03-17T22:45:00+09:00,J3,915,734,1649
2019-03-17T22:45:00+09:00,J4,445,531,976
2019-03-17T23:00:00+09:00,J1,983,1054,2037
2019-03-17T23:00:00+09:00,J2,186,232,418
2019-03-17T23:00:00+09:00,J3,887,738,1625
2019-03-17T23:00:00+09:00,J4,437,561,998
2019-03-17T23:15:00+09:00,J1,1078,1038,2116
2019-03-17T23:15:00+09:00,J2,245,271,516
2019-03-17T23:15:00+09:00,J3,863,654,1517
2019-03-17T23:15:00+09:00,J4,413,529,942
2019-03-17T23:30:00+09:00,J1,905,971,1876
2019-03-17T23:30:00+09:00,J2,207,281,488
2019-03-17T23:30:00+09:00,J3,885,776,1661
2019-03-17T23:30:00+09:00,J4,453,562,1015
2019-03-17T23:45:00+09:00,J1,963,1051,2014
2019-03-17T23:45:00+09:00,J2,169,190,359
2019-03-17T23:45:00+09:00,J3,885,740,1625
2019-03-17T23:45:00+09:00,J4,385,517,902
2019-03-18T00:00:00+09:00,J1,713,764,1477
2019-03-18T00:00:00+09:00,J2,154,205,359
2019-03-18T00:00:00+09:00,J3,707,532,1239
2019-03-18T00:00:00+09:00,J4,397,476,873
2019-03-18T00:15:00+09:00,J1,582,621,1203
2019-03-18T00:15:00+09:00,J2,181,224,405
2019-03-18T00:15:00+09:00,J3,461,443,904
2019-03-18T00:15:00+09:00,J4,380,429,809
2019-03-18T00:30:00+09:00,J1,520,473,993
2019-03-18T00:30:00+09:00,J2,150,185,335
2019-03-18T00:30:00+09:00,J3,402,389,791
2019-03-18T00:30:00+09:00,J4,408,440,848
2019-03-18T00:45:00+09:00,J1,430,413,843
2019-03-18T00:45:00+09:00,J2,127,163,290
2019-03-18T00:45:00+09:00,J3,414,441,855
2019-03-18T00:45:00+09:00,J4,446,438,884
2019-03-18T05:45:00+09:00,J1,817,784,1601
2019-03-18T05:45:00+09:00,J2,563,593,1156
2019-03-18T05:45:00+09:00,J3,962,795,1757
2019-03-18T05:45:00+09:00,J4,603,647,1250
2019-03-18T05:45:00+09:00,J5,200,244,444
2019-03-18T06:00:00+09:00,J1,752,716,1468
2019-03-18T06:00:00+09:00,J2,494,469,963
2019-03-18T06:00:00+09:00,J3,938,808,1746
2019-03-18T06:00:00+09:00,J4,601,667,1268
2019-03-18T06:00:00+09:00,J5,255,322,577
2019-03-18T06:15:00+09:00,J1,783,763,1546
2019-03-18T06:15:00+09:00,J2,451,474,925
2019-03-18T06:15:00+09:00,J3,662,692,1354
2019-03-18T06:15:00+09:00,J4,699,685,1384
2019-03-18T06:15:00+09:00,J5,278,258,536
2019-03-18T06:30:00+09:00,J1,777,731,1508
2019-03-18T06:30:00+09:00,J2,458,409,867
2019-03-18T06:30:00+09:00,J3,692,718,1410
2019-03-18T06:30:00+09:00,J4,671,684,1355
2019-03-18T06:30:00+09:00,J5,309,273,582
2019-03-18T06:45:00+09:00,J1,859,848,1707
2019-03-18T06:45:00+09:00,J2,485,495,980
2019-03-18T06:45:00+09:00,J3,716,756,1472
2019-03-18T06:45:00+09:00,J4,785,793,1578
2019-03-18T06:45:00+09:00,J5,334,261,595
2019-03-18T07:00:00+09:00,J1,1005,947,1952
2019-03-18T07:00:00+09:00,J2,649,630,1279
2019-03-18T07:00:00+09:00,J3,652,682,1334
2019-03-18T07:00:00+09:00,J4,771,802,1573
2019-03-18T07:00:00+09:00,J5,306,267,573
2019-03-18T07:15:00+09:00,J1,854,810,1664
2019-03-18T07:15:00+09:00,J2,777,730,1507
2019-03-18T07:15:00+09:00,J3,577,584,1161
2019-03-18T07:15:00+09:00,J4,700,744,1444
2019-03-18T07:15:00+09:00,J5,282,225,507
2019-03-18T07:30:00+09:00,J1,1130,1262,2392
2019-03-18T07:30:00+09:00,J2,935,825,1760
2019-03-18T07:30:00+09:00,J3,1271,1195,2466
2019-03-18T07:30:00+09:00,J4,1071,945,2016
2019-03-18T07:30:00+09:00,J5,345,306,651
2019-03-18T07:45:00+09:00,J1,1267,1172,2439
2019-03-18T07:45:00+09:00,J2,644,546,1190
2019-03-18T07:45:00+09:00,J3,1187,1049,2236
2019-03-18T07:45:00+09:00,J4,905,978,1883
2019-03-18T07:45:00+09:00,J5,535,467,1002
2019-03-18T08:00:00+09:00,J1,1376,1260,2636
2019-03-18T08:00:00+09:00,J2,1028,789,1817
2019-03-18T08:00:00+09:00,J3,1407,1165,2572
2019-03-18T08:00:00+09:00,J4,690,1042,1732
2019-03-18T08:00:00+09:00,J5,450,447,897
2019-03-18T08:15:00+09:00,J1,1379,1335,2714
2019-03-18T08:15:00+09:00,J2,1067,684,1751
2019-03-18T08:15:00+09:00,J3,1390,1413,2803
2019-03-18T08:15:00+09:00,J4,652,1022,1674
2019-03-18T08:15:00+09:00,J5,397,436,833
2019-03-18T08:30:00+09:00,J1,1486,1314,2800
2019-03-18T08:30:00+09:00,J2,972,721,1693
2019-03-18T08:30:00+09:00,J3,1261,1343,2604
2019-03-18T08:30:00+09:00,J4,619,939,1558
2019-03-18T08:30:00+09:00,J5,445,432,877
2019-03-18T08:45:00+09:00,J1,1290,1320,2610
2019-03-18T08:45:00+09:00,J2,771,690,1461
2019-03-18T08:45:00+09:00,J3,1090,1147,2237
2019-03-18T08:45:00+09:00,J4,595,778,1373
2019-03-18T08:45:00+09:00,J5,379,349,728
2019-03-18T09:00:00+09:00,J1,1193,1213,2406
2019-03-18T09:00:00+09:00,J2,717,635,1352
2019-03-18T09:00:00+09:00,J3,1108,1016,2124
2019-03-18T09:00:00+09:00,J4,637,760,1397
2019-03-18T09:00:00+09:00,J5,289,349,638
2019-03-18T09:15:00+09:00,J1,1113,958,2071
2019-03-18T09:15:00+09:00,J2,695,569,1264
2019-03-18T09:15:00+09:00,J3,941,869,1810
2019-03-18T09:15:00+09:00,J4,806,899,1705
2019-03-18T09:15:00+09:00,J5,271,314,585
2019-03-18T09:30:00+09:00,J1,1059,1144,2203
2019-03-18T09:30:00+09:00,J2,694,565,1259
2019-03-18T09:30:00+09:00,J3,1011,891,1902
2019-03-18T09:30:00+09:00,J4,801,923,1724
2019-03-18T09:30:00+09:00,J5,273,334,607
2019-03-18T09:45:00+09:00,J1,1131,1116,2247
2019-03-18T09:45:00+09:00,J2,604,576,1180
2019-03-18T09:45:00+09:00,J3,933,872,1805
2019-03-18T09:45:00+09:00,J4,614,827,1441
2019-03-18T09:45:00+09:00,J5,319,278,597
2019-03-18T10:00:00+09:00,J1,1010,1056,2066
2019-03-18T10:00:00+09:00,J2,603,631,1234
2019-03-18T10:00:00+09:00,J3,927,877,1804
2019-03-18T10:00:00+09:00,J4,605,789,1394
2019-03-18T10:00:00+09:00,J5,277,284,561
2019-03-18T10:15:00+09:00,J1,912,851,1763
2019-03-18T10:15:00+09:00,J2,707,642,1349
2019-03-18T10:15:00+09:00,J3,951,827,1778
2019-03-18T10:15:00+09:00,J4,679,805,1484
2019-03-18T10:15:00+09:00,J5,273,296,569
2019-03-18T10:30:00+09:00,J1,908,956,1864
2019-03-18T10:30:00+09:00,J2,769,726,1495
2019-03-18T10:30:00+09:00,J3,1033,805,1838
2019-03-18T10:30:00+09:00,J4,641,778,1419
2019-03-18T10:30:00+09:00,J5,350,415,765
2019-03-18T10:45:00+09:00,J1,956,916,1872
2019-03-18T10:45:00+09:00,J2,765,637,1402
2019-03-18T10:45:00+09:00,J3,948,815,1763
2019-03-18T10:45:00+09:00,J4,623,730,1353
2019-03-18T10:45:00+09:00,J5,429,449,878
2019-03-18T11:00:00+09:00,J1,946,971,1917
2019-03-18T11:00:00+09:00,J2,758,683,1441
2019-03-18T11:00:00+09:00,J3,876,779,1655
2019-03-18T11:00:00+09:00,J4,606,649,1255
2019-03-18T11:00:00+09:00,J5,426,383,809
2019-03-18T11:15:00+09:00,J1,1043,1130,2173
2019-03-18T11:15:00+09:00,J2,822,695,1517
2019-03-18T11:15:00+09:00,J3,1113,1026,2139
2019-03-18T11:15:00+09:00,J4,624,621,1245
2019-03-18T11:15:00+09:00,J5,604,573,1177
2019-03-18T11:30:00+09:00,J1,1058,1161,2219
2019-03-18T11:30:00+09:00,J2,785,606,1391
2019-03-18T11:30:00+09:00,J3,1130,1049,2179
2019-03-18T11:30:00+09:00,J4,653,643,1296
2019-03-18T11:30:00+09:00,J5,663,630,1293
2019-03-18T11:45:00+09:00,J1,1104,1133,2237
2019-03-18T11:45:00+09:00,J2,810,560,1370
2019-03-18T11:45:00+09:00,J3,916,951,1867
2019-03-18T11:45:00+09:00,J4,650,612,1262
2019-03-18T11:45:00+09:00,J5,647,664,1311
2019-03-18T12:00:00+09:00,J1,1061,1191,2252
2019-03-18T12:00:00+09:00,J2,758,611,1369
2019-03-18T12:00:00+09:00,J3,872,869,1741
2019-03-18T12:00:00+09:00,J4,699,676,1375
2019-03-18T12:00:00+09:00,J5,729,636,1365
2019-03-18T12:15:00+09:00,J1,1006,1150,2156
2019-03-18T12:15:00+09:00,J2,734,634,1368
2019-03-18T12:15:00+09:00,J3,1009,921,1930
2019-03-18T12:15:00+09:00,J4,802,722,1524
2019-03-18T12:15:00+09:00,J5,714,678,1392
2019-03-18T12:30:00+09:00,J1,1037,1244,2281
2019-03-18T12:30:00+09:00,J2,776,647,1423
2019-03-18T12:30:00+09:00,J3,1074,946,2020
2019-03-18T12:30:00+09:00,J4,809,748,1557
2019-03-18T12:30:00+09:00,J5,657,626,1283
2019-03-18T12:45:00+09:00,J1,1048,1198,2246
2019-03-18T12:45:00+09:00,J2,714,535,1249
2019-03-18T12:45:00+09:00,J3,971,960,1931
2019-03-18T12:45:00+09:00,J4,795,736,1531
2019-03-18T12:45:00+09:00,J5,688,637,1325
2019-03-18T13:00:00+09:00,J1,1001,1213,2214
2019-03-18T13:00:00+09:00,J2,672,641,1313
2019-03-18T13:00:00+09:00,J3,1058,1105,2163
2019-03-18T13:00:00+09:00,J4,805,798,1603
2019-03-18T13:00:00+09:00,J5,665,658,1323
2019-03-18T13:15:00+09:00,J1,1030,1245,2275
2019-03-18T13:15:00+09:00,J2,657,626,1283
2019-03-18T13:15:00+09:00,J3,1002,1018,2020
2019-03-18T13:15:00+09:00,J4,843,783,1626
2019-03-18T13:15:00+09:00,J5,705,711,1416
2019-03-18T13:30:00+09:00,J1,1011,1180,2191
2019-03-18T13:30:00+09:00,J2,676,609,1285
2019-03-18T13:30:00+09:00,J3,968,1028,1996
2019-03-18T13:30:00+09:00,J4,847,781,1628
2019-03-18T13:30:00+09:00,J5,678,636,1314
2019-03-18T13:45:00+09:00,J1,948,1145,2093
2019-03-18T13:45:00+09:00,J2,639,576,1215
2019-03-18T13:45:00+09:00,J3,948,968,1916
2019-03-18T13:45:00+09:00,J4,799,755,1554
2019-03-18T13:45:00+09:00,J5,691,710,1401
2019-03-18T14:00:00+09:00,J1,967,1116,2083
2019-03-18T14:00:00+09:00,J2,665,598,1263
2019-03-18T14:00:00+09:00,J3,1013,953,1966
2019-03-18T14:00:00+09:00,J4,787,779,1566
2019-03-18T14:00:00+09:00,J5,702,701,1403
2019-03-18T14:15:00+09:00,J1,994,1162,2156
2019-03-18T14:15:00+09:00,J2,704,666,1370
2019-03-18T14:15:00+09:00,J3,1024,1021,2045
2019-03-18T14:15:00+09:00,J4,836,787,1623
2019-03-18T14:15:00+09:00,J5,685,660,1345
2019-03-18T14:30:00+09:00,J1,937,1111,2048
2019-03-18T14:30:00+09:00,J2,700,556,1256
2019-03-18T14:30:00+09:00,J3,965,1028,1993
2019-03-18T14:30:00+09:00,J4,863,803,1666
2019-03-18T14:30:00+09:00,J5,674,706,1380
2019-03-18T14:45:00+09:00,J1,920,1090,2010
2019-03-18T14:45:00+09:00,J2,625,506,1131
2019-03-18T14:45:00+09:00,J3,1023,932,1955
2019-03-18T14:45:00+09:00,J4,833,823,1656
2019-03-18T14:45:00+09:00,J5,624,581,1205
2019-03-18T15:00:00+09:00,J1,912,1101,2013
2019-03-18T15:00:00+09:00,J2,662,593,1255
2019-03-18T15:00:00+09:00,J3,1035,1030,2065
2019-03-18T15:00:00+09:00,J4,863,734,1597
2019-03-18T15:00:00+09:00,J5,676,588,1264
2019-03-18T15:15:00+09:00,J1,945,1150,2095
2019-03-18T15:15:00+09:00,J2,663,602,1265
2019-03-18T15:15:00+09:00,J3,1101,1045,2146
2019-03-18T15:15:00+09:00,J4,860,855,1715
2019-03-18T15:15:00+09:00,J5,688,645,1333
2019-03-18T15:30:00+09:00,J1,918,1119,2037
2019-03-18T15:30:00+09:00,J2,632,653,1285
2019-03-18T15:30:00+09:00,J3,940,916,1856
2019-03-18T15:30:00+09:00,J4,930,749,1679
2019-03-18T15:30:00+09:00,J5,652,625,1277
2019-03-18T15:45:00+09:00,J1,892,1188,2080
2019-03-18T15:45:00+09:00,J2,621,580,1201
2019-03-18T15:45:00+09:00,J3,987,959,1946
2019-03-18T15:45:00+09:00,J4,816,787,1603
2019-03-18T15:45:00+09:00,J5,640,610,1250
2019-03-18T16:00:00+09:00,J1,955,1201,2156
2019-03-18T16:00:00+09:00,J2,710,697,1407
2019-03-18T16:00:00+09:00,J3,1008,1000,2008
2019-03-18T16:00:00+09:00,J4,806,782,1588
2019-03-18T16:00:00+09:00,J5,657,637,1294
2019-03-18T16:15:00+09:00,J1,1001,1151,2152
2019-03-18T16:15:00+09:00,J2,681,696,1377
2019-03-18T16:15:00+09:00,J3,1059,1062,2121
2019-03-18T16:15:00+09:00,J4,825,732,1557
2019-03-18T16:15:00+09:00,J5,656,669,1325
2019-03-18T16:30:00+09:00,J1,989,1140,2129
2019-03-18T16:30:00+09:00,J2,683,645,1328
2019-03-18T16:30:00+09:00,J3,1164,1123,2287
2019-03-18T16:30:00+09:00,J4,916,796,1712
2019-03-18T16:30:00+09:00,J5,603,606,1209
2019-03-18T16:45:00+09:00,J1,1010,1188,2198
2019-03-18T16:45:00+09:00,J2,715,557,1272
2019-03-18T16:45:00+09:00,J3,988,1045,2033
2019-03-18T16:45:00+09:00,J4,891,806,1697
2019-03-18T16:45:00+09:00,J5,648,634,1282
2019-03-18T17:00:00+09:00,J1,1114,1291,2405
2019-03-18T17:00:00+09:00,J2,680,717,1397
2019-03-18T17:00:00+09:00,J3,1052,1066,2118
2019-03-18T17:00:00+09:00,J4,834,831,1665
2019-03-18T17:00:00+09:00,J5,658,631,1289
2019-03-18T17:15:00+09:00,J1,1172,1280,2452
2019-03-18T17:15:00+09:00,J2,744,768,1512
2019-03-18T17:15:00+09:00,J3,1099,1027,2126
2019-03-18T17:15:00+09:00,J4,827,874,1701
2019-03-18T17:15:00+09:00,J5,753,669,1422
2019-03-18T17:30:00+09:00,J1,1167,1403,2570
2019-03-18T17:30:00+09:00,J2,807,814,1621
2019-03-18T17:30:00+09:00,J3,1099,1041,2140
2019-03-18T17:30:00+09:00,J4,847,862,1709
2019-03-18T17:30:00+09:00,J5,737,699,1436
2019-03-18T17:45:00+09:00,J1,1221,1338,2559
2019-03-18T17:45:00+09:00,J2,769,787,1556
2019-03-18T17:45:00+09:00,J3,1203,1099,2302
2019-03-18T17:45:00+09:00,J4,865,925,1790
2019-03-18T17:45:00+09:00,J5,685,747,1432
2019-03-18T18:00:00+09:00,J1,1212,1448,2660
2019-03-18T18:00:00+09:00,J2,822,778,1600
2019-03-18T18:00:00+09:00,J3,1228,1047,2275
2019-03-18T18:00:00+09:00,J4,860,864,1724
2019-03-18T18:00:00+09:00,J5,676,690,1366
2019-03-18T18:15:00+09:00,J1,1189,1271,2460
2019-03-18T18:15:00+09:00,J2,896,809,1705
2019-03-18T18:15:00+09:00,J3,1113,1010,2123
2019-03-18T18:15:00+09:00,J4,969,914,1883
2019-03-18T18:15:00+09:00,J5,715,730,1445
2019-03-18T18:30:00+09:00,J1,1154,1156,2310
2019-03-18T18:30:00+09:00,J2,866,736,1602
2019-03-18T18:30:00+09:00,J3,991,821,1812
2019-03-18T18:30:00+09:00,J4,1031,862,1893
2019-03-18T18:30:00+09:00,J5,753,684,1437
2019-03-18T18:45:00+09:00,J1,1079,1134,2213
2019-03-18T18:45:00+09:00,J2,751,717,1468
2019-03-18T18:45:00+09:00,J3,958,855,1813
2019-03-18T18:45:00+09:00,J4,911,868,1779
2019-03-18T18:45:00+09:00,J5,740,718,1458
2019-03-18T19:00:00+09:00,J1,937,1020,1957
2019-03-18T19:00:00+09:00,J2,885,667,1552
2019-03-18T19:00:00+09:00,J3,924,883,1807
2019-03-18T19:00:00+09:00,J4,924,857,1781
2019-03-18T19:00:00+09:00,J5,736,796,1532
2019-03-18T19:15:00+09:00,J1,962,1098,2060
2019-03-18T19:15:00+09:00,J2,961,806,1767
2019-03-18T19:15:00+09:00,J3,951,985,1936
2019-03-18T19:15:00+09:00,J4,973,810,1783
2019-03-18T19:15:00+09:00,J5,740,834,1574
2019-03-18T19:30:00+09:00,J1,926,1023,1949
2019-03-18T19:30:00+09:00,J2,786,806,1592
2019-03-18T19:30:00+09:00,J3,978,932,1910
2019-03-18T19:30:00+09:00,J4,938,799,1737
2019-03-18T19:30:00+09:00,J5,707,785,1492
2019-03-18T19:45:00+09:00,J1,925,1096,2021
2019-03-18T19:45:00+09:00,J2,719,672,1391
2019-03-18T19:45:00+09:00,J3,968,907,1875
2019-03-18T19:45:00+09:00,J4,895,828,1723
2019-03-18T19:45:00+09:00,J5,745,751,1496
2019-03-18T20:00:00+09:00,J1,845,995,1840
2019-03-18T20:00:00+09:00,J2,572,674,1246
2019-03-18T20:00:00+09:00,J3,953,832,1785
2019-03-18T20:00:00+09:00,J4,947,846,1793
2019-03-18T20:00:00+09:00,J5,656,702,1358
2019-03-18T20:15:00+09:00,J1,880,1098,1978
2019-03-18T20:15:00+09:00,J2,584,697,1281
2019-03-18T20:15:00+09:00,J3,999,877,1876
2019-03-18T20:15:00+09:00,J4,939,875,1814
2019-03-18T20:15:00+09:00,J5,673,712,1385
2019-03-18T20:30:00+09:00,J1,990,1099,2089
2019-03-18T20:30:00+09:00,J2,586,713,1299
2019-03-18T20:30:00+09:00,J3,964,800,1764
2019-03-18T20:30:00+09:00,J4,916,738,1654
2019-03-18T20:30:00+09:00,J5,731,715,1446
2019-03-18T20:45:00+09:00,J1,994,1090,2084
2019-03-18T20:45:00+09:00,J2,523,660,1183
2019-03-18T20:45:00+09:00,J3,882,791,1673
2019-03-18T20:45:00+09:00,J4,806,749,1555
2019-03-18T20:45:00+09:00,J5,642,649,1291
2019-03-18T21:00:00+09:00,J1,955,942,1897
2019-03-18T21:00:00+09:00,J2,492,486,978
2019-03-18T21:00:00+09:00,J3,964,690,1654
2019-03-18T21:00:00+09:00,J4,853,751,1604
2019-03-18T21:00:00+09:00,J5,616,568,1184
2019-03-18T21:15:00+09:00,J1,949,1027,1976
2019-03-18T21:15:00+09:00,J2,463,465,928
2019-03-18T21:15:00+09:00,J3,764,667,1431
2019-03-18T21:15:00+09:00,J4,821,781,1602
2019-03-18T21:15:00+09:00,J5,555,522,1077
2019-03-18T21:30:00+09:00,J1,864,1005,1869
2019-03-18T21:30:00+09:00,J2,530,537,1067
2019-03-18T21:30:00+09:00,J3,635,587,1222
2019-03-18T21:30:00+09:00,J4,600,721,1321
2019-03-18T21:30:00+09:00,J5,473,502,975
2019-03-18T21:45:00+09:00,J1,860,1002,1862
2019-03-18T21:45:00+09:00,J2,548,509,1057
2019-03-18T21:45:00+09:00,J3,698,650,1348
2019-03-18T21:45:00+09:00,J4,682,670,1352
2019-03-18T21:45:00+09:00,J5,428,454,882
2019-03-18T22:00:00+09:00,J1,889,988,1877
2019-03-18T22:00:00+09:00,J2,624,630,1254
2019-03-18T22:00:00+09:00,J3,602,626,1228
2019-03-18T22:00:00+09:00,J4,645,755,1400
2019-03-18T22:00:00+09:00,J5,357,418,775
2019-03-18T22:15:00+09:00,J1,850,984,1834
2019-03-18T22:15:00+09:00,J2,686,539,1225
2019-03-18T22:15:00+09:00,J3,670,670,1340
2019-03-18T22:15:00+09:00,J4,660,722,1382
2019-03-18T22:15:00+09:00,J5,425,442,867
2019-03-18T22:30:00+09:00,J1,858,922,1780
2019-03-18T22:30:00+09:00,J2,721,640,1361
2019-03-18T22:30:00+09:00,J3,706,767,1473
2019-03-18T22:30:00+09:00,J4,648,683,1331
2019-03-18T22:30:00+09:00,J5,346,396,742
2019-03-18T22:45:00+09:00,J1,907,995,1902
2019-03-18T22:45:00+09:00,J2,704,653,1357
2019-03-18T22:45:00+09:00,J3,689,709,1398
2019-03-18T22:45:00+09:00,J4,574,639,1213
2019-03-18T22:45:00+09:00,J5,324,386,710
2019-03-18T23:00:00+09:00,J1,902,936,1838
2019-03-18T23:00:00+09:00,J2,615,697,1312
2019-03-18T23:00:00+09:00,J3,796,881,1677
2019-03-18T23:00:00+09:00,J4,580,623,1203
2019-03-18T23:00:00+09:00,J5,351,395,746
2019-03-18T23:15:00+09:00,J1,859,983,1842
2019-03-18T23:15:00+09:00,J2,641,624,1265
2019-03-18T23:15:00+09:00,J3,810,881,1691
2019-03-18T23:15:00+09:00,J4,496,646,1142
2019-03-18T23:15:00+09:00,J5,370,382,752
2019-03-18T23:30:00+09:00,J1,804,816,1620
2019-03-18T23:30:00+09:00,J2,685,671,1356
2019-03-18T23:30:00+09:00,J3,743,756,1499
2019-03-18T23:30:00+09:00,J4,511,552,1063
2019-03-18T23:30:00+09:00,J5,348,361,709
2019-03-18T23:45:00+09:00,J1,757,787,1544
2019-03-18T23:45:00+09:00,J2,674,591,1265
2019-03-18T23:45:00+09:00,J3,740,781,1521
2019-03-18T23:45:00+09:00,J4,463,500,963
2019-03-18T23:45:00+09:00,J5,297,371,668
2019-03-19T00:00:00+09:00,J1,667,661,1328
2019-03-19T00:00:00+09:00,J2,658,662,1320
2019-03-19T00:00:00+09:00,J3,963,829,1792
2019-03-19T00:00:00+09:00,J4,428,464,892
2019-03-19T00:00:00+09:00,J5,347,308,655
2019-03-19T00:15:00+09:00,J1,607,574,1181
2019-03-19T00:15:00+09:00,J2,467,452,919
2019-03-19T00:15:00+09:00,J3,975,859,1834
2019-03-19T00:15:00+09:00,J4,398,469,867
2019-03-19T00:15:00+09:00,J5,363,333,696
2019-03-19T00:30:00+09:00,J1,586,609,1195
2019-03-19T00:30:00+09:00,J2,399,396,795
2019-03-19T00:30:00+09:00,J3,941,750,1691
2019-03-19T00:30:00+09:00,J4,421,521,942
2019-03-19T00:30:00+09:00,J5,353,345,698
2019-03-19T00:45:00+09:00,J1,532,554,1086
2019-03-19T00:45:00+09:00,J2,368,404,772
2019-03-19T00:45:00+09:00,J3,837,726,1563
2019-03-19T00:45:00+09:00,J4,422,454,876
2019-03-19T00:45:00+09:00,J5,394,354,748
2019-03-19T05:45:00+09:00,J1,775,728,1503
2019-03-19T05:45:00+09:00,J2,485,474,959
2019-03-19T05:45:00+09:00,J3,448,486,934
2019-03-19T05:45:00+09:00,J4,776,724,1500
2019-03-19T05:45:00+09:00,J5,604,598,1202
2019-03-19T06:00:00+09:00,J1,643,667,1310
2019-03-19T06:00:00+09:00,J2,377,517,894
2019-03-19T06:00:00+09:00,J3,551,500,1051
2019-03-19T06:00:00+09:00,J4,739,749,1488
2019-03-19T06:00:00+09:00,J5,598,604,1202
2019-03-19T06:15:00+09:00,J1,720,767,1487
2019-03-19T06:15:00+09:00,J2,392,504,896
2019-03-19T06:15:00+09:00,J3,605,555,1160
2019-03-19T06:15:00+09:00,J4,817,802,1619
2019-03-19T06:15:00+09:00,J5,507,577,1084
2019-03-19T06:30:00+09:00,J1,801,773,1574
2019-03-19T06:30:00+09:00,J2,406,538,944
2019-03-19T06:30:00+09:00,J3,577,529,1106
2019-03-19T06:30:00+09:00,J4,669,713,1382
2019-03-19T06:30:00+09:00,J5,537,491,1028
2019-03-19T06:45:00+09:00,J1,737,756,1493
2019-03-19T06:45:00+09:00,J2,453,466,919
2019-03-19T06:45:00+09:00,J3,631,618,1249
2019-03-19T06:45:00+09:00,J4,708,767,1475
2019-03-19T06:45:00+09:00,J5,561,582,1143
2019-03-19T07:00:00+09:00,J1,912,877,1789
2019-03-19T07:00:00+09:00,J2,529,462,991
2019-03-19T07:00:00+09:00,J3,826,670,1496
2019-03-19T07:00:00+09:00,J4,753,754,1507
2019-03-19T07:00:00+09:00,J5,539,581,1120
2019-03-19T07:15:00+09:00,J1,906,895,1801
2019-03-19T07:15:00+09:00,J2,655,544,1199
2019-03-19T07:15:00+09:00,J3,937,810,1747
2019-03-19T07:15:00+09:00,J4,741,810,1551
2019-03-19T07:15:00+09:00,J5,518,502,1020
2019-03-19T07:30:00+09:00,J1,1007,991,1998
2019-03-19T07:30:00+09:00,J2,704,632,1336
2019-03-19T07:30:00+09:00,J3,1108,986,2094
2019-03-19T07:30:00+09:00,J4,728,896,1624
2019-03-19T07:30:00+09:00,J5,549,580,1129
2019-03-19T07:45:00+09:00,J1,1048,1126,2174
2019-03-19T07:45:00+09:00,J2,922,886,1808
2019-03-19T07:45:00+09:00,J3,1206,1154,2360
2019-03-19T07:45:00+09:00,J4,684,989,1673
2019-03-19T07:45:00+09:00,J5,610,635,1245
2019-03-19T08:00:00+09:00,J1,1328,1253,2581
2019-03-19T08:00:00+09:00,J2,1018,690,1708
2019-03-19T08:00:00+09:00,J3,1166,1122,2288
2019-03-19T08:00:00+09:00,J4,660,963,1623
2019-03-19T08:00:00+09:00,J5,589,624,1213
2019-03-19T08:15:00+09:00,J1,1372,1282,2654
2019-03-19T08:15:00+09:00,J2,987,702,1689
2019-03-19T08:15:00+09:00,J3,1181,1189,2370
2019-03-19T08:15:00+09:00,J4,739,1115,1854
2019-03-19T08:15:00+09:00,J5,624,631,1255
2019-03-19T08:30:00+09:00,J1,1422,1284,2706
2019-03-19T08:30:00+09:00,J2,1138,675,1813
2019-03-19T08:30:00+09:00,J3,1110,1388,2498
2019-03-19T08:30:00+09:00,J4,817,1102,1919
2019-03-19T08:30:00+09:00,J5,523,554,1077
2019-03-19T08:45:00+09:00,J1,1185,1210,2395
2019-03-19T08:45:00+09:00,J2,925,674,1599
2019-03-19T08:45:00+09:00,J3,1191,1142,2333
2019-03-19T08:45:00+09:00,J4,689,929,1618
2019-03-19T08:45:00+09:00,J5,542,534,1076
2019-03-19T09:00:00+09:00,J1,1150,1163,2313
2019-03-19T09:00:00+09:00,J2,850,666,1516
2019-03-19T09:00:00+09:00,J3,1128,1034,2162
2019-03-19T09:00:00+09:00,J4,604,757,1361
2019-03-19T09:00:00+09:00,J5,547,583,1130
2019-03-19T09:15:00+09:00,J1,1118,996,2114
2019-03-19T09:15:00+09:00,J2,761,580,1341
2019-03-19T09:15:00+09:00,J3,894,908,1802
2019-03-19T09:15:00+09:00,J4,631,832,1463
2019-03-19T09:15:00+09:00,J5,686,685,1371
2019-03-19T09:30:00+09:00,J1,1036,1027,2063
2019-03-19T09:30:00+09:00,J2,727,574,1301
2019-03-19T09:30:00+09:00,J3,895,861,1756
2019-03-19T09:30:00+09:00,J4,762,821,1583
2019-03-19T09:30:00+09:00,J5,609,625,1234
2019-03-19T09:45:00+09:00,J1,955,962,1917
2019-03-19T09:45:00+09:00,J2,743,632,1375
2019-03-19T09:45:00+09:00,J3,843,793,1636
2019-03-19T09:45:00+09:00,J4,755,741,1496
2019-03-19T09:45:00+09:00,J5,466,491,957
2019-03-19T10:00:00+09:00,J1,849,933,1782
2019-03-19T10:00:00+09:00,J2,757,670,1427
2019-03-19T10:00:00+09:00,J3,880,739,1619
2019-03-19T10:00:00+09:00,J4,711,782,1493
2019-03-19T10:00:00+09:00,J5,511,566,1077
2019-03-19T10:15:00+09:00,J1,735,850,1585
2019-03-19T10:15:00+09:00,J2,807,795,1602
2019-03-19T10:15:00+09:00,J3,850,748,1598
2019-03-19T10:15:00+09:00,J4,776,844,1620
2019-03-19T10:15:00+09:00,J5,497,496,993
2019-03-19T10:30:00+09:00,J1,787,857,1644
2019-03-19T10:30:00+09:00,J2,823,771,1594
2019-03-19T10:30:00+09:00,J3,852,808,1660
2019-03-19T10:30:00+09:00,J4,886,784,1670
2019-03-19T10:30:00+09:00,J5,595,587,1182
2019-03-19T10:45:00+09:00,J1,873,1005,1878
2019-03-19T10:45:00+09:00,J2,888,842,1730
2019-03-19T10:45:00+09:00,J3,892,833,1725
2019-03-19T10:45:00+09:00,J4,882,829,1711
2019-03-19T10:45:00+09:00,J5,623,643,1266
2019-03-19T11:00:00+09:00,J1,797,850,1647
2019-03-19T11:00:00+09:00,J2,840,755,1595
2019-03-19T11:00:00+09:00,J3,879,850,1729
2019-03-19T11:00:00+09:00,J4,988,810,1798
2019-03-19T11:00:00+09:00,J5,564,616,1180
2019-03-19T11:15:00+09:00,J1,1003,1059,2062
2019-03-19T11:15:00+09:00,J2,743,670,1413
2019-03-19T11:15:00+09:00,J3,978,970,1948
2019-03-19T11:15:00+09:00,J4,895,854,1749
2019-03-19T11:15:00+09:00,J5,663,646,1309
2019-03-19T11:30:00+09:00,J1,808,852,1660
2019-03-19T11:30:00+09:00,J2,645,581,1226
2019-03-19T11:30:00+09:00,J3,857,858,1715
2019-03-19T11:30:00+09:00,J4,950,901,1851
2019-03-19T11:30:00+09:00,J5,618,616,1234
2019-03-19T11:45:00+09:00,J1,751,857,1608
2019-03-19T11:45:00+09:00,J2,719,624,1343
2019-03-19T11:45:00+09:00,J3,931,858,1789
2019-03-19T11:45:00+09:00,J4,874,847,1721
2019-03-19T11:45:00+09:00,J5,549,526,1075
2019-03-19T12:00:00+09:00,J1,856,976,1832
2019-03-19T12:00:00+09:00,J2,782,687,1469
2019-03-19T12:00:00+09:00,J3,1058,874,1932
2019-03-19T12:00:00+09:00,J4,830,825,1655
2019-03-19T12:00:00+09:00,J5,522,520,1042
2019-03-19T12:15:00+09:00,J1,827,930,1757
2019-03-19T12:15:00+09:00,J2,704,650,1354
2019-03-19T12:15:00+09:00,J3,798,722,1520
2019-03-19T12:15:00+09:00,J4,809,860,1669
2019-03-19T12:15:00+09:00,J5,578,555,1133
2019-03-19T12:30:00+09:00,J1,848,888,1736
2019-03-19T12:30:00+09:00,J2,841,687,1528
2019-03-19T12:30:00+09:00,J3,743,726,1469
2019-03-19T12:30:00+09:00,J4,845,839,1684
2019-03-19T12:30:00+09:00,J5,530,499,1029
2019-03-19T12:45:00+09:00,J1,853,865,1718
2019-03-19T12:45:00+09:00,J2,930,718,1648
2019-03-19T12:45:00+09:00,J3,902,996,1898
2019-03-19T12:45:00+09:00,J4,821,801,1622
2019-03-19T12:45:00+09:00,J5,581,608,1189
2019-03-19T13:00:00+09:00,J1,839,856,1695
2019-03-19T13:00:00+09:00,J2,920,736,1656
2019-03-19T13:00:00+09:00,J3,1060,937,1997
2019-03-19T13:00:00+09:00,J4,851,790,1641
2019-03-19T13:00:00+09:00,J5,590,698,1288
2019-03-19T13:15:00+09:00,J1,686,761,1447
2019-03-19T13:15:00+09:00,J2,937,739,1676
2019-03-19T13:15:00+09:00,J3,1045,1044,2089
2019-03-19T13:15:00+09:00,J4,822,845,1667
2019-03-19T13:15:00+09:00,J5,591,679,1270
2019-03-19T13:30:00+09:00,J1,637,719,1356
2019-03-19T13:30:00+09:00,J2,859,749,1608
2019-03-19T13:30:00+09:00,J3,1121,998,2119
2019-03-19T13:30:00+09:00,J4,836,804,1640
2019-03-19T13:30:00+09:00,J5,682,684,1366
2019-03-19T13:45:00+09:00,J1,570,735,1305
2019-03-19T13:45:00+09:00,J2,741,759,1500
2019-03-19T13:45:00+09:00,J3,987,983,1970
2019-03-19T13:45:00+09:00,J4,755,827,1582
2019-03-19T13:45:00+09:00,J5,655,678,1333
2019-03-19T14:00:00+09:00,J1,531,695,1226
2019-03-19T14:00:00+09:00,J2,675,706,1381
2019-03-19T14:00:00+09:00,J3,990,929,1919
2019-03-19T14:00:00+09:00,J4,791,761,1552
2019-03-19T14:00:00+09:00,J5,622,651,1273
2019-03-19T14:15:00+09:00,J1,592,656,1248
2019-03-19T14:15:00+09:00,J2,771,786,1557
2019-03-19T14:15:00+09:00,J3,990,1058,2048
2019-03-19T14:15:00+09:00,J4,802,811,1613
2019-03-19T14:15:00+09:00,J5,661,707,1368
2019-03-19T14:30:00+09:00,J1,532,692,1224
2019-03-19T14:30:00+09:00,J2,669,681,1350
2019-03-19T14:30:00+09:00,J3,1017,987,2004
2019-03-19T14:30:00+09:00,J4,890,803,1693
2019-03-19T14:30:00+09:00,J5,568,657,1225
2019-03-19T14:45:00+09:00,J1,573,674,1247
2019-03-19T14:45:00+09:00,J2,674,792,1466
2019-03-19T14:45:00+09:00,J3,1024,992,2016
2019-03-19T14:45:00+09:00,J4,797,844,1641
2019-03-19T14:45:00+09:00,J5,513,534,1047
2019-03-19T15:00:00+09:00,J1,593,726,1319
2019-03-19T15:00:00+09:00,J2,692,793,1485
2019-03-19T15:00:00+09:00,J3,913,945,1858
2019-03-19T15:00:00+09:00,J4,752,798,1550
2019-03-19T15:00:00+09:00,J5,528,584,1112
2019-03-19T15:15:00+09:00,J1,450,686,1136
2019-03-19T15:15:00+09:00,J2,668,732,1400
2019-03-19T15:15:00+09:00,J3,915,991,1906
2019-03-19T15:15:00+09:00,J4,895,813,1708
2019-03-19T15:15:00+09:00,J5,600,607,1207
2019-03-19T15:30:00+09:00,J1,588,706,1294
2019-03-19T15:30:00+09:00,J2,591,694,1285
2019-03-19T15:30:00+09:00,J3,1026,1045,2071
2019-03-19T15:30:00+09:00,J4,925,824,1749
2019-03-19T15:30:00+09:00,J5,572,695,1267
2019-03-19T15:45:00+09:00,J1,544,608,1152
2019-03-19T15:45:00+09:00,J2,637,715,1352
2019-03-19T15:45:00+09:00,J3,987,999,1986
2019-03-19T15:45:00+09:00,J4,868,897,1765
2019-03-19T15:45:00+09:00,J5,613,656,1269
2019-03-19T16:00:00+09:00,J1,621,702,1323
2019-03-19T16:00:00+09:00,J2,601,654,1255
2019-03-19T16:00:00+09:00,J3,965,980,1945
2019-03-19T16:00:00+09:00,J4,803,774,1577
2019-03-19T16:00:00+09:00,J5,557,621,1178
2019-03-19T16:15:00+09:00,J1,678,786,1464
2019-03-19T16:15:00+09:00,J2,683,768,1451
2019-03-19T16:15:00+09:00,J3,989,1020,2009
2019-03-19T16:15:00+09:00,J4,892,891,1783
2019-03-19T16:15:00+09:00,J5,591,681,1272
2019-03-19T16:30:00+09:00,J1,781,901,1682
2019-03-19T16:30:00+09:00,J2,690,726,1416
2019-03-19T16:30:00+09:00,J3,1020,944,1964
2019-03-19T16:30:00+09:00,J4,902,869,1771
2019-03-19T16:30:00+09:00,J5,625,643,1268
2019-03-19T16:45:00+09:00,J1,722,896,1618
2019-03-19T16:45:00+09:00,J2,633,667,1300
2019-03-19T16:45:00+09:00,J3,925,920,1845
2019-03-19T16:45:00+09:00,J4,934,888,1822
2019-03-19T16:45:00+09:00,J5,566,731,1297
2019-03-19T17:00:00+09:00,J1,829,940,1769
2019-03-19T17:00:00+09:00,J2,645,793,1438
2019-03-19T17:00:00+09:00,J3,1083,993,2076
2019-03-19T17:00:00+09:00,J4,903,874,1777
2019-03-19T17:00:00+09:00,J5,667,718,1385
2019-03-19T17:15:00+09:00,J1,767,995,1762
2019-03-19T17:15:00+09:00,J2,793,899,1692
2019-03-19T17:15:00+09:00,J3,1183,950,2133
2019-03-19T17:15:00+09:00,J4,1012,942,1954
2019-03-19T17:15:00+09:00,J5,701,810,1511
2019-03-19T17:30:00+09:00,J1,762,876,1638
2019-03-19T17:30:00+09:00,J2,788,948,1736
2019-03-19T17:30:00+09:00,J3,1191,991,2182
2019-03-19T17:30:00+09:00,J4,1086,1001,2087
2019-03-19T17:30:00+09:00,J5,781,811,1592
2019-03-19T17:45:00+09:00,J1,829,919,1748
2019-03-19T17:45:00+09:00,J2,793,905,1698
2019-03-19T17:45:00+09:00,J3,1249,987,2236
2019-03-19T17:45:00+09:00,J4,1042,911,1953
2019-03-19T17:45:00+09:00,J5,808,852,1660
2019-03-19T18:00:00+09:00,J1,861,1024,1885
2019-03-19T18:00:00+09:00,J2,786,962,1748
2019-03-19T18:00:00+09:00,J3,1309,1008,2317
2019-03-19T18:00:00+09:00,J4,1052,942,1994
2019-03-19T18:00:00+09:00,J5,789,795,1584
2019-03-19T18:15:00+09:00,J1,873,993,1866
2019-03-19T18:15:00+09:00,J2,828,914,1742
2019-03-19T18:15:00+09:00,J3,1209,986,2195
2019-03-19T18:15:00+09:00,J4,1037,899,1936
2019-03-19T18:15:00+09:00,J5,726,799,1525
2019-03-19T18:30:00+09:00,J1,822,972,1794
2019-03-19T18:30:00+09:00,J2,735,754,1489
2019-03-19T18:30:00+09:00,J3,1133,887,2020
2019-03-19T18:30:00+09:00,J4,1031,866,1897
2019-03-19T18:30:00+09:00,J5,750,771,1521
2019-03-19T18:45:00+09:00,J1,832,936,1768
2019-03-19T18:45:00+09:00,J2,745,665,1410
2019-03-19T18:45:00+09:00,J3,955,912,1867
2019-03-19T18:45:00+09:00,J4,938,820,1758
2019-03-19T18:45:00+09:00,J5,684,827,1511
2019-03-19T19:00:00+09:00,J1,798,873,1671
2019-03-19T19:00:00+09:00,J2,738,626,1364
2019-03-19T19:00:00+09:00,J3,992,834,1826
2019-03-19T19:00:00+09:00,J4,836,864,1700
2019-03-19T19:00:00+09:00,J5,681,759,1440
2019-03-19T19:15:00+09:00,J1,778,883,1661
2019-03-19T19:15:00+09:00,J2,630,655,1285
2019-03-19T19:15:00+09:00,J3,1030,765,1795
2019-03-19T19:15:00+09:00,J4,900,858,1758
2019-03-19T19:15:00+09:00,J5,709,713,1422
2019-03-19T19:30:00+09:00,J1,732,851,1583
2019-03-19T19:30:00+09:00,J2,673,622,1295
2019-03-19T19:30:00+09:00,J3,855,693,1548
2019-03-19T19:30:00+09:00,J4,739,775,1514
2019-03-19T19:30:00+09:00,J5,655,704,1359
2019-03-19T19:45:00+09:00,J1,670,841,1511
2019-03-19T19:45:00+09:00,J2,581,588,1169
2019-03-19T19:45:00+09:00,J3,740,667,1407
2019-03-19T19:45:00+09:00,J4,761,852,1613
2019-03-19T19:45:00+09:00,J5,678,737,1415
2019-03-19T20:00:00+09:00,J1,800,814,1614
2019-03-19T20:00:00+09:00,J2,653,552,1205
2019-03-19T20:00:00+09:00,J3,722,576,1298
2019-03-19T20:00:00+09:00,J4,880,889,1769
2019-03-19T20:00:00+09:00,J5,615,714,1329
2019-03-19T20:15:00+09:00,J1,696,806,1502
2019-03-19T20:15:00+09:00,J2,605,584,1189
2019-03-19T20:15:00+09:00,J3,790,700,1490
2019-03-19T20:15:00+09:00,J4,901,834,1735
2019-03-19T20:15:00+09:00,J5,629,733,1362
2019-03-19T20:30:00+09:00,J1,725,803,1528
2019-03-19T20:30:00+09:00,J2,628,583,1211
2019-03-19T20:30:00+09:00,J3,698,610,1308
2019-03-19T20:30:00+09:00,J4,833,796,1629
2019-03-19T20:30:00+09:00,J5,685,655,1340
2019-03-19T20:45:00+09:00,J1,721,767,1488
2019-03-19T20:45:00+09:00,J2,789,578,1367
2019-03-19T20:45:00+09:00,J3,620,530,1150
2019-03-19T20:45:00+09:00,J4,865,815,1680
2019-03-19T20:45:00+09:00,J5,609,663,1272
2019-03-19T21:00:00+09:00,J1,710,784,1494
2019-03-19T21:00:00+09:00,J2,810,605,1415
2019-03-19T21:00:00+09:00,J3,580,535,1115
2019-03-19T21:00:00+09:00,J4,896,779,1675
2019-03-19T21:00:00+09:00,J5,562,644,1206
2019-03-19T21:15:00+09:00,J1,789,895,1684
2019-03-19T21:15:00+09:00,J2,811,671,1482
2019-03-19T21:15:00+09:00,J3,598,586,1184
2019-03-19T21:15:00+09:00,J4,918,886,1804
2019-03-19T21:15:00+09:00,J5,584,554,1138
2019-03-19T21:30:00+09:00,J1,812,869,1681
2019-03-19T21:30:00+09:00,J2,807,679,1486
2019-03-19T21:30:00+09:00,J3,535,499,1034
2019-03-19T21:30:00+09:00,J4,1031,954,1985
2019-03-19T21:30:00+09:00,J5,443,500,943
2019-03-19T21:45:00+09:00,J1,857,964,1821
2019-03-19T21:45:00+09:00,J2,719,677,1396
2019-03-19T21:45:00+09:00,J3,596,547,1143
2019-03-19T21:45:00+09:00,J4,1015,975,1990
2019-03-19T21:45:00+09:00,J5,431,413,844
2019-03-19T22:00:00+09:00,J1,834,960,1794
2019-03-19T22:00:00+09:00,J2,740,669,1409
2019-03-19T22:00:00+09:00,J3,555,538,1093
2019-03-19T22:00:00+09:00,J4,1002,965,1967
2019-03-19T22:00:00+09:00,J5,354,389,743
2019-03-19T22:15:00+09:00,J1,850,960,1810
2019-03-19T22:15:00+09:00,J2,695,755,1450
2019-03-19T22:15:00+09:00,J3,623,577,1200
2019-03-19T22:15:00+09:00,J4,928,950,1878
2019-03-19T22:15:00+09:00,J5,350,343,693
2019-03-19T22:30:00+09:00,J1,853,877,1730
2019-03-19T22:30:00+09:00,J2,749,692,1441
2019-03-19T22:30:00+09:00,J3,665,653,1318
2019-03-19T22:30:00+09:00,J4,914,927,1841
2019-03-19T22:30:00+09:00,J5,379,367,746
2019-03-19T22:45:00+09:00,J1,840,903,1743
2019-03-19T22:45:00+09:00,J2,646,737,1383
2019-03-19T22:45:00+09:00,J3,663,676,1339
2019-03-19T22:45:00+09:00,J4,994,988,1982
2019-03-19T22:45:00+09:00,J5,360,327,687
2019-03-19T23:00:00+09:00,J1,800,885,1685
2019-03-19T23:00:00+09:00,J2,681,721,1402
2019-03-19T23:00:00+09:00,J3,794,753,1547
2019-03-19T23:00:00+09:00,J4,925,878,1803
2019-03-19T23:00:00+09:00,J5,300,324,624
2019-03-19T23:15:00+09:00,J1,799,880,1679
2019-03-19T23:15:00+09:00,J2,649,764,1413
2019-03-19T23:15:00+09:00,J3,759,811,1570
2019-03-19T23:15:00+09:00,J4,857,827,1684
2019-03-19T23:15:00+09:00,J5,314,307,621
2019-03-19T23:30:00+09:00,J1,701,800,1501
2019-03-19T23:30:00+09:00,J2,699,763,1462
2019-03-19T23:30:00+09:00,J3,772,727,1499
2019-03-19T23:30:00+09:00,J4,706,728,1434
2019-03-19T23:30:00+09:00,J5,286,260,546
2019-03-19T23:45:00+09:00,J1,736,827,1563
2019-03-19T23:45:00+09:00,J2,652,698,1350
2019-03-19T23:45:00+09:00,J3,834,725,1559
2019-03-19T23:45:00+09:00,J4,652,713,1365
2019-03-19T23:45:00+09:00,J5,343,342,685
2019-03-20T00:00:00+09:00,J1,641,620,1261
2019-03-20T00:00:00+09:00,J2,529,534,1063
2019-03-20T00:00:00+09:00,J3,848,778,1626
2019-03-20T00:00:00+09:00,J4,588,622,1210
2019-03-20T00:00:00+09:00,J5,281,288,569
2019-03-20T00:15:00+09:00,J1,469,432,901
2019-03-20T00:15:00+09:00,J2,439,500,939
2019-03-20T00:15:00+09:00,J3,927,793,1720
2019-03-20T00:15:00+09:00,J4,659,732,1391
2019-03-20T00:15:00+09:00,J5,278,302,580
2019-03-20T00:30:00+09:00,J1,481,420,901
2019-03-20T00:30:00+09:00,J2,474,444,918
2019-03-20T00:30:00+09:00,J3,950,775,1725
2019-03-20T00:30:00+09:00,J4,626,656,1282
2019-03-20T00:30:00+09:00,J5,319,287,606
2019-03-20T00:45:00+09:00,J1,424,387,811
2019-03-20T00:45:00+09:00,J2,473,488,961
2019-03-20T00:45:00+09:00,J3,927,777,1704
2019-03-20T00:45:00+09:00,J4,481,607,1088
2019-03-20T00:45:00+09:00,J5,352,262,614
2019-03-20T05:45:00+09:00,J1,687,678,1365
2019-03-20T05:45:00+09:00,J2,409,448,857
2019-03-20T05:45:00+09:00,J3,684,582,1266
2019-03-20T05:45:00+09:00,J4,763,681,1444
2019-03-20T05:45:00+09:00,J5,474,628,1102
2019-03-20T06:00:00+09:00,J1,708,720,1428
2019-03-20T06:00:00+09:00,J2,462,490,952
2019-03-20T06:00:00+09:00,J3,785,680,1465
2019-03-20T06:00:00+09:00,J4,708,701,1409
2019-03-20T06:00:00+09:00,J5,426,502,928
2019-03-20T06:15:00+09:00,J1,747,755,1502
2019-03-20T06:15:00+09:00,J2,501,551,1052
2019-03-20T06:15:00+09:00,J3,891,724,1615
2019-03-20T06:15:00+09:00,J4,722,670,1392
2019-03-20T06:15:00+09:00,J5,393,400,793
2019-03-20T06:30:00+09:00,J1,731,668,1399
2019-03-20T06:30:00+09:00,J2,524,528,1052
2019-03-20T06:30:00+09:00,J3,710,638,1348
2019-03-20T06:30:00+09:00,J4,673,607,1280
2019-03-20T06:30:00+09:00,J5,459,459,918
2019-03-20T06:45:00+09:00,J1,861,841,1702
2019-03-20T06:45:00+09:00,J2,567,523,1090
2019-03-20T06:45:00+09:00,J3,878,699,1577
2019-03-20T06:45:00+09:00,J4,801,759,1560
2019-03-20T06:45:00+09:00,J5,418,400,818
2019-03-20T07:00:00+09:00,J1,926,1020,1946
2019-03-20T07:00:00+09:00,J2,556,527,1083
2019-03-20T07:00:00+09:00,J3,937,731,1668
2019-03-20T07:00:00+09:00,J4,734,709,1443
2019-03-20T07:00:00+09:00,J5,478,492,970
2019-03-20T07:15:00+09:00,J1,1068,1040,2108
2019-03-20T07:15:00+09:00,J2,599,515,1114
2019-03-20T07:15:00+09:00,J3,1101,912,2013
2019-03-20T07:15:00+09:00,J4,742,761,1503
2019-03-20T07:15:00+09:00,J5,539,503,1042
2019-03-20T07:30:00+09:00,J1,965,951,1916
2019-03-20T07:30:00+09:00,J2,689,645,1334
2019-03-20T07:30:00+09:00,J3,1054,977,2031
2019-03-20T07:30:00+09:00,J4,821,898,1719
2019-03-20T07:30:00+09:00,J5,584,565,1149
2019-03-20T07:45:00+09:00,J1,1039,1132,2171
2019-03-20T07:45:00+09:00,J2,951,745,1696
2019-03-20T07:45:00+09:00,J3,1136,1077,2213
2019-03-20T07:45:00+09:00,J4,728,1033,1761
2019-03-20T07:45:00+09:00,J5,759,788,1547
2019-03-20T08:00:00+09:00,J1,1392,1298,2690
2019-03-20T08:00:00+09:00,J2,943,664,1607
2019-03-20T08:00:00+09:00,J3,1042,1106,2148
2019-03-20T08:00:00+09:00,J4,736,1050,1786
2019-03-20T08:00:00+09:00,J5,732,689,1421
2019-03-20T08:15:00+09:00,J1,1425,1230,2655
2019-03-20T08:15:00+09:00,J2,988,671,1659
2019-03-20T08:15:00+09:00,J3,1022,1177,2199
2019-03-20T08:15:00+09:00,J4,845,1215,2060
2019-03-20T08:15:00+09:00,J5,567,591,1158
2019-03-20T08:30:00+09:00,J1,1444,1261,2705
2019-03-20T08:30:00+09:00,J2,1100,734,1834
2019-03-20T08:30:00+09:00,J3,1020,1299,2319
2019-03-20T08:30:00+09:00,J4,910,1192,2102
2019-03-20T08:30:00+09:00,J5,467,608,1075
2019-03-20T08:45:00+09:00,J1,1198,1180,2378
2019-03-20T08:45:00+09:00,J2,862,624,1486
2019-03-20T08:45:00+09:00,J3,951,1051,2002
2019-03-20T08:45:00+09:00,J4,740,984,1724
2019-03-20T08:45:00+09:00,J5,508,538,1046
2019-03-20T09:00:00+09:00,J1,1084,1168,2252
2019-03-20T09:00:00+09:00,J2,826,559,1385
2019-03-20T09:00:00+09:00,J3,1086,965,2051
2019-03-20T09:00:00+09:00,J4,670,787,1457
2019-03-20T09:00:00+09:00,J5,581,602,1183
2019-03-20T09:15:00+09:00,J1,958,946,1904
2019-03-20T09:15:00+09:00,J2,781,588,1369
2019-03-20T09:15:00+09:00,J3,898,858,1756
2019-03-20T09:15:00+09:00,J4,747,875,1622
2019-03-20T09:15:00+09:00,J5,644,693,1337
2019-03-20T09:30:00+09:00,J1,1102,1000,2102
2019-03-20T09:30:00+09:00,J2,885,577,1462
2019-03-20T09:30:00+09:00,J3,990,909,1899
2019-03-20T09:30:00+09:00,J4,773,873,1646
2019-03-20T09:30:00+09:00,J5,595,689,1284
2019-03-20T09:45:00+09:00,J1,1067,1065,2132
2019-03-20T09:45:00+09:00,J2,812,603,1415
2019-03-20T09:45:00+09:00,J3,977,875,1852
2019-03-20T09:45:00+09:00,J4,777,750,1527
2019-03-20T09:45:00+09:00,J5,542,629,1171
2019-03-20T10:00:00+09:00,J1,983,982,1965
2019-03-20T10:00:00+09:00,J2,768,587,1355
2019-03-20T10:00:00+09:00,J3,911,875,1786
2019-03-20T10:00:00+09:00,J4,809,821,1630
2019-03-20T10:00:00+09:00,J5,603,599,1202
2019-03-20T10:15:00+09:00,J1,1006,951,1957
2019-03-20T10:15:00+09:00,J2,834,708,1542
2019-03-20T10:15:00+09:00,J3,875,878,1753
2019-03-20T10:15:00+09:00,J4,919,847,1766
2019-03-20T10:15:00+09:00,J5,537,594,1131
2019-03-20T10:30:00+09:00,J1,1021,1078,2099
2019-03-20T10:30:00+09:00,J2,859,705,1564
2019-03-20T10:30:00+09:00,J3,910,879,1789
2019-03-20T10:30:00+09:00,J4,975,973,1948
2019-03-20T10:30:00+09:00,J5,591,674,1265
2019-03-20T10:45:00+09:00,J1,1053,1126,2179
2019-03-20T10:45:00+09:00,J2,856,691,1547
2019-03-20T10:45:00+09:00,J3,952,871,1823
2019-03-20T10:45:00+09:00,J4,1019,869,1888
2019-03-20T10:45:00+09:00,J5,568,651,1219
2019-03-20T11:00:00+09:00,J1,998,1098,2096
2019-03-20T11:00:00+09:00,J2,901,793,1694
2019-03-20T11:00:00+09:00,J3,973,857,1830
2019-03-20T11:00:00+09:00,J4,1022,870,1892
2019-03-20T11:00:00+09:00,J5,568,612,1180
2019-03-20T11:15:00+09:00,J1,1140,1151,2291
2019-03-20T11:15:00+09:00,J2,936,782,1718
2019-03-20T11:15:00+09:00,J3,1091,1139,2230
2019-03-20T11:15:00+09:00,J4,978,881,1859
2019-03-20T11:15:00+09:00,J5,551,579,1130
2019-03-20T11:30:00+09:00,J1,1053,1168,2221
2019-03-20T11:30:00+09:00,J2,905,725,1630
2019-03-20T11:30:00+09:00,J3,1099,1040,2139
2019-03-20T11:30:00+09:00,J4,855,929,1784
2019-03-20T11:30:00+09:00,J5,473,518,991
2019-03-20T11:45:00+09:00,J1,1148,1217,2365
2019-03-20T11:45:00+09:00,J2,908,750,1658
2019-03-20T11:45:00+09:00,J3,990,887,1877
2019-03-20T11:45:00+09:00,J4,962,861,1823
2019-03-20T11:45:00+09:00,J5,439,425,864
2019-03-20T12:00:00+09:00,J1,1188,1220,2408
2019-03-20T12:00:00+09:00,J2,908,699,1607
2019-03-20T12:00:00+09:00,J3,1028,895,1923
2019-03-20T12:00:00+09:00,J4,913,888,1801
2019-03-20T12:00:00+09:00,J5,456,460,916
2019-03-20T12:15:00+09:00,J1,1060,1158,2218
2019-03-20T12:15:00+09:00,J2,838,749,1587
2019-03-20T12:15:00+09:00,J3,937,975,1912
2019-03-20T12:15:00+09:00,J4,930,913,1843
2019-03-20T12:15:00+09:00,J5,403,445,848
2019-03-20T12:30:00+09:00,J1,1052,1195,2247
2019-03-20T12:30:00+09:00,J2,814,740,1554
2019-03-20T12:30:00+09:00,J3,1016,1015,2031
2019-03-20T12:30:00+09:00,J4,849,878,1727
2019-03-20T12:30:00+09:00,J5,409,428,837
2019-03-20T12:45:00+09:00,J1,1044,1161,2205
2019-03-20T12:45:00+09:00,J2,836,735,1571
2019-03-20T12:45:00+09:00,J3,1078,946,2024
2019-03-20T12:45:00+09:00,J4,863,901,1764
2019-03-20T12:45:00+09:00,J5,421,424,845
2019-03-20T13:00:00+09:00,J1,989,1247,2236
2019-03-20T13:00:00+09:00,J2,793,713,1506
2019-03-20T13:00:00+09:00,J3,1070,947,2017
2019-03-20T13:00:00+09:00,J4,938,903,1841
2019-03-20T13:00:00+09:00,J5,396,423,819
2019-03-20T13:15:00+09:00,J1,1080,1187,2267
2019-03-20T13:15:00+09:00,J2,795,695,1490
2019-03-20T13:15:00+09:00,J3,1084,905,1989
2019-03-20T13:15:00+09:00,J4,918,880,1798
2019-03-20T13:15:00+09:00,J5,381,442,823
2019-03-20T13:30:00+09:00,J1,983,1200,2183
2019-03-20T13:30:00+09:00,J2,837,650,1487
2019-03-20T13:30:00+09:00,J3,1086,962,2048
2019-03-20T13:30:00+09:00,J4,839,936,1775
2019-03-20T13:30:00+09:00,J5,370,371,741
2019-03-20T13:45:00+09:00,J1,978,1110,2088
2019-03-20T13:45:00+09:00,J2,770,758,1528
2019-03-20T13:45:00+09:00,J3,980,939,1919
2019-03-20T13:45:00+09:00,J4,812,882,1694
2019-03-20T13:45:00+09:00,J5,403,396,799
2019-03-20T14:00:00+09:00,J1,982,1066,2048
2019-03-20T14:00:00+09:00,J2,712,671,1383
2019-03-20T14:00:00+09:00,J3,949,936,1885
2019-03-20T14:00:00+09:00,J4,871,920,1791
2019-03-20T14:00:00+09:00,J5,465,488,953
2019-03-20T14:15:00+09:00,J1,850,1099,1949
2019-03-20T14:15:00+09:00,J2,672,659,1331
2019-03-20T14:15:00+09:00,J3,996,917,1913
2019-03-20T14:15:00+09:00,J4,869,878,1747
2019-03-20T14:15:00+09:00,J5,524,582,1106
2019-03-20T14:30:00+09:00,J1,879,1105,1984
2019-03-20T14:30:00+09:00,J2,605,699,1304
2019-03-20T14:30:00+09:00,J3,957,906,1863
2019-03-20T14:30:00+09:00,J4,812,889,1701
2019-03-20T14:30:00+09:00,J5,551,626,1177
2019-03-20T14:45:00+09:00,J1,883,1059,1942
2019-03-20T14:45:00+09:00,J2,568,681,1249
2019-03-20T14:45:00+09:00,J3,934,892,1826
2019-03-20T14:45:00+09:00,J4,818,920,1738
2019-03-20T14:45:00+09:00,J5,564,649,1213
2019-03-20T15:00:00+09:00,J1,903,1070,1973
2019-03-20T15:00:00+09:00,J2,574,698,1272
2019-03-20T15:00:00+09:00,J3,970,830,1800
2019-03-20T15:00:00+09:00,J4,740,809,1549
2019-03-20T15:00:00+09:00,J5,534,707,1241
2019-03-20T15:15:00+09:00,J1,926,1116,2042
2019-03-20T15:15:00+09:00,J2,593,671,1264
2019-03-20T15:15:00+09:00,J3,952,931,1883
2019-03-20T15:15:00+09:00,J4,829,860,1689
2019-03-20T15:15:00+09:00,J5,593,699,1292
2019-03-20T15:30:00+09:00,J1,902,1128,2030
2019-03-20T15:30:00+09:00,J2,617,664,1281
2019-03-20T15:30:00+09:00,J3,892,1022,1914
2019-03-20T15:30:00+09:00,J4,749,936,1685
2019-03-20T15:30:00+09:00,J5,560,662,1222
2019-03-20T15:45:00+09:00,J1,943,1129,2072
2019-03-20T15:45:00+09:00,J2,618,677,1295
2019-03-20T15:45:00+09:00,J3,998,956,1954
2019-03-20T15:45:00+09:00,J4,787,892,1679
2019-03-20T15:45:00+09:00,J5,587,725,1312
2019-03-20T16:00:00+09:00,J1,941,1149,2090
2019-03-20T16:00:00+09:00,J2,611,724,1335
2019-03-20T16:00:00+09:00,J3,939,917,1856
2019-03-20T16:00:00+09:00,J4,798,859,1657
2019-03-20T16:00:00+09:00,J5,598,663,1261
2019-03-20T16:15:00+09:00,J1,949,1121,2070
2019-03-20T16:15:00+09:00,J2,655,709,1364
2019-03-20T16:15:00+09:00,J3,898,883,1781
2019-03-20T16:15:00+09:00,J4,761,923,1684
2019-03-20T16:15:00+09:00,J5,559,722,1281
2019-03-20T16:30:00+09:00,J1,905,1110,2015
2019-03-20T16:30:00+09:00,J2,590,654,1244
2019-03-20T16:30:00+09:00,J3,820,847,1667
2019-03-20T16:30:00+09:00,J4,805,889,1694
2019-03-20T16:30:00+09:00,J5,620,684,1304
2019-03-20T16:45:00+09:00,J1,1005,1146,2151
2019-03-20T16:45:00+09:00,J2,730,725,1455
2019-03-20T16:45:00+09:00,J3,852,802,1654
2019-03-20T16:45:00+09:00,J4,802,846,1648
2019-03-20T16:45:00+09:00,J5,617,659,1276
2019-03-20T17:00:00+09:00,J1,1071,1216,2287
2019-03-20T17:00:00+09:00,J2,776,792,1568
2019-03-20T17:00:00+09:00,J3,1003,860,1863
2019-03-20T17:00:00+09:00,J4,796,886,1682
2019-03-20T17:00:00+09:00,J5,628,715,1343
2019-03-20T17:15:00+09:00,J1,879,1078,1957
2019-03-20T17:15:00+09:00,J2,854,852,1706
2019-03-20T17:15:00+09:00,J3,1109,993,2102
2019-03-20T17:15:00+09:00,J4,913,877,1790
2019-03-20T17:15:00+09:00,J5,614,736,1350
2019-03-20T17:30:00+09:00,J1,894,997,1891
2019-03-20T17:30:00+09:00,J2,892,910,1802
2019-03-20T17:30:00+09:00,J3,1146,980,2126
2019-03-20T17:30:00+09:00,J4,1058,838,1896
2019-03-20T17:30:00+09:00,J5,695,789,1484
2019-03-20T17:45:00+09:00,J1,835,1103,1938
2019-03-20T17:45:00+09:00,J2,969,973,1942
2019-03-20T17:45:00+09:00,J3,1268,1015,2283
2019-03-20T17:45:00+09:00,J4,1124,846,1970
2019-03-20T17:45:00+09:00,J5,771,867,1638
2019-03-20T18:00:00+09:00,J1,843,1046,1889
2019-03-20T18:00:00+09:00,J2,940,899,1839
2019-03-20T18:00:00+09:00,J3,1375,936,2311
2019-03-20T18:00:00+09:00,J4,1107,922,2029
2019-03-20T18:00:00+09:00,J5,712,814,1526
2019-03-20T18:15:00+09:00,J1,884,1103,1987
2019-03-20T18:15:00+09:00,J2,874,952,1826
2019-03-20T18:15:00+09:00,J3,1295,886,2181
2019-03-20T18:15:00+09:00,J4,1067,911,1978
2019-03-20T18:15:00+09:00,J5,736,886,1622
2019-03-20T18:30:00+09:00,J1,993,1071,2064
2019-03-20T18:30:00+09:00,J2,906,787,1693
2019-03-20T18:30:00+09:00,J3,1173,845,2018
2019-03-20T18:30:00+09:00,J4,1069,893,1962
2019-03-20T18:30:00+09:00,J5,645,717,1362
2019-03-20T18:45:00+09:00,J1,939,1095,2034
2019-03-20T18:45:00+09:00,J2,874,779,1653
2019-03-20T18:45:00+09:00,J3,1009,841,1850
2019-03-20T18:45:00+09:00,J4,938,954,1892
2019-03-20T18:45:00+09:00,J5,613,607,1220
2019-03-20T19:00:00+09:00,J1,964,1067,2031
2019-03-20T19:00:00+09:00,J2,637,665,1302
2019-03-20T19:00:00+09:00,J3,1014,813,1827
2019-03-20T19:00:00+09:00,J4,938,921,1859
2019-03-20T19:00:00+09:00,J5,662,800,1462
2019-03-20T19:15:00+09:00,J1,935,1135,2070
2019-03-20T19:15:00+09:00,J2,584,668,1252
2019-03-20T19:15:00+09:00,J3,962,789,1751
2019-03-20T19:15:00+09:00,J4,1000,879,1879
2019-03-20T19:15:00+09:00,J5,673,772,1445
2019-03-20T19:30:00+09:00,J1,1045,1021,2066
2019-03-20T19:30:00+09:00,J2,630,633,1263
2019-03-20T19:30:00+09:00,J3,858,790,1648
2019-03-20T19:30:00+09:00,J4,1022,830,1852
2019-03-20T19:30:00+09:00,J5,658,728,1386
2019-03-20T19:45:00+09:00,J1,1032,1010,2042
2019-03-20T19:45:00+09:00,J2,621,683,1304
2019-03-20T19:45:00+09:00,J3,795,741,1536
2019-03-20T19:45:00+09:00,J4,907,835,1742
2019-03-20T19:45:00+09:00,J5,627,749,1376
2019-03-20T20:00:00+09:00,J1,1042,999,2041
2019-03-20T20:00:00+09:00,J2,606,639,1245
2019-03-20T20:00:00+09:00,J3,810,745,1555
2019-03-20T20:00:00+09:00,J4,890,780,1670
2019-03-20T20:00:00+09:00,J5,642,724,1366
2019-03-20T20:15:00+09:00,J1,871,1023,1894
2019-03-20T20:15:00+09:00,J2,646,622,1268
2019-03-20T20:15:00+09:00,J3,805,739,1544
2019-03-20T20:15:00+09:00,J4,867,803,1670
2019-03-20T20:15:00+09:00,J5,681,710,1391
2019-03-20T20:30:00+09:00,J1,899,959,1858
2019-03-20T20:30:00+09:00,J2,760,636,1396
2019-03-20T20:30:00+09:00,J3,844,797,1641
2019-03-20T20:30:00+09:00,J4,820,753,1573
2019-03-20T20:30:00+09:00,J5,629,693,1322
2019-03-20T20:45:00+09:00,J1,884,906,1790
2019-03-20T20:45:00+09:00,J2,742,615,1357
2019-03-20T20:45:00+09:00,J3,824,798,1622
2019-03-20T20:45:00+09:00,J4,837,786,1623
2019-03-20T20:45:00+09:00,J5,636,729,1365
2019-03-20T21:00:00+09:00,J1,870,885,1755
2019-03-20T21:00:00+09:00,J2,774,643,1417
2019-03-20T21:00:00+09:00,J3,705,726,1431
2019-03-20T21:00:00+09:00,J4,892,786,1678
2019-03-20T21:00:00+09:00,J5,572,633,1205
2019-03-20T21:15:00+09:00,J1,882,1025,1907
2019-03-20T21:15:00+09:00,J2,735,590,1325
2019-03-20T21:15:00+09:00,J3,661,679,1340
2019-03-20T21:15:00+09:00,J4,932,784,1716
2019-03-20T21:15:00+09:00,J5,563,671,1234
2019-03-20T21:30:00+09:00,J1,891,999,1890
2019-03-20T21:30:00+09:00,J2,770,568,1338
2019-03-20T21:30:00+09:00,J3,634,627,1261
2019-03-20T21:30:00+09:00,J4,838,738,1576
2019-03-20T21:30:00+09:00,J5,548,641,1189
2019-03-20T21:45:00+09:00,J1,891,1010,1901
2019-03-20T21:45:00+09:00,J2,825,641,1466
2019-03-20T21:45:00+09:00,J3,649,614,1263
2019-03-20T21:45:00+09:00,J4,849,719,1568
2019-03-20T21:45:00+09:00,J5,502,471,973
2019-03-20T22:00:00+09:00,J1,931,915,1846
2019-03-20T22:00:00+09:00,J2,749,734,1483
2019-03-20T22:00:00+09:00,J3,579,589,1168
2019-03-20T22:00:00+09:00,J4,853,724,1577
2019-03-20T22:00:00+09:00,J5,387,441,828
2019-03-20T22:15:00+09:00,J1,873,867,1740
2019-03-20T22:15:00+09:00,J2,744,768,1512
2019-03-20T22:15:00+09:00,J3,687,669,1356
2019-03-20T22:15:00+09:00,J4,801,679,1480
2019-03-20T22:15:00+09:00,J5,386,409,795
2019-03-20T22:30:00+09:00,J1,948,930,1878
2019-03-20T22:30:00+09:00,J2,712,709,1421
2019-03-20T22:30:00+09:00,J3,679,651,1330
2019-03-20T22:30:00+09:00,J4,754,678,1432
2019-03-20T22:30:00+09:00,J5,393,352,745
2019-03-20T22:45:00+09:00,J1,829,954,1783
2019-03-20T22:45:00+09:00,J2,507,588,1095
2019-03-20T22:45:00+09:00,J3,782,668,1450
2019-03-20T22:45:00+09:00,J4,781,711,1492
2019-03-20T22:45:00+09:00,J5,402,315,717
2019-03-20T23:00:00+09:00,J1,876,958,1834
2019-03-20T23:00:00+09:00,J2,569,610,1179
2019-03-20T23:00:00+09:00,J3,725,721,1446
2019-03-20T23:00:00+09:00,J4,718,717,1435
2019-03-20T23:00:00+09:00,J5,397,334,731
2019-03-20T23:15:00+09:00,J1,884,1108,1992
2019-03-20T23:15:00+09:00,J2,643,822,1465
2019-03-20T23:15:00+09:00,J3,835,834,1669
2019-03-20T23:15:00+09:00,J4,754,720,1474
2019-03-20T23:15:00+09:00,J5,412,321,733
2019-03-20T23:30:00+09:00,J1,858,977,1835
2019-03-20T23:30:00+09:00,J2,720,800,1520
2019-03-20T23:30:00+09:00,J3,814,772,1586
2019-03-20T23:30:00+09:00,J4,643,668,1311
2019-03-20T23:30:00+09:00,J5,378,342,720
2019-03-20T23:45:00+09:00,J1,878,942,1820
2019-03-20T23:45:00+09:00,J2,704,679,1383
2019-03-20T23:45:00+09:00,J3,904,920,1824
2019-03-20T23:45:00+09:00,J4,607,582,1189
2019-03-20T23:45:00+09:00,J5,372,327,699
2019-03-21T00:00:00+09:00,J1,676,665,1341
2019-03-21T00:00:00+09:00,J2,722,682,1404
2019-03-21T00:00:00+09:00,J3,927,904,1831
2019-03-21T00:00:00+09:00,J4,486,552,1038
2019-03-21T00:00:00+09:00,J5,263,302,565
2019-03-21T00:15:00+09:00,J1,693,597,1290
2019-03-21T00:15:00+09:00,J2,679,667,1346
2019-03-21T00:15:00+09:00,J3,904,840,1744
2019-03-21T00:15:00+09:00,J4,382,463,845
2019-03-21T00:15:00+09:00,J5,284,278,562
2019-03-21T00:30:00+09:00,J1,602,549,1151
2019-03-21T00:30:00+09:00,J2,583,608,1191
2019-03-21T00:30:00+09:00,J3,906,707,1613
2019-03-21T00:30:00+09:00,J4,404,454,858
2019-03-21T00:30:00+09:00,J5,328,323,651
2019-03-21T00:45:00+09:00,J1,688,540,1228
2019-03-21T00:45:00+09:00,J2,466,454,920
2019-03-21T00:45:00+09:00,J3,828,721,1549
2019-03-21T00:45:00+09:00,J4,346,474,820
2019-03-21T00:45:00+09:00,J5,329,281,610
2019-03-21T05:45:00+09:00,J1,707,705,1412
2019-03-21T05:45:00+09:00,J2,411,458,869
2019-03-21T05:45:00+09:00,J3,720,697,1417
2019-03-21T05:45:00+09:00,J4,581,700,1281
2019-03-21T05:45:00+09:00,J5,424,444,868
2019-03-21T06:00:00+09:00,J1,651,752,1403
2019-03-21T06:00:00+09:00,J2,427,483,910
2019-03-21T06:00:00+09:00,J3,873,708,1581
2019-03-21T06:00:00+09:00,J4,541,591,1132
2019-03-21T06:00:00+09:00,J5,409,374,783
2019-03-21T06:15:00+09:00,J1,735,788,1523
2019-03-21T06:15:00+09:00,J2,520,548,1068
2019-03-21T06:15:00+09:00,J3,910,818,1728
2019-03-21T06:15:00+09:00,J4,574,674,1248
2019-03-21T06:15:00+09:00,J5,381,318,699
2019-03-21T06:30:00+09:00,J1,712,773,1485
2019-03-21T06:30:00+09:00,J2,486,460,946
2019-03-21T06:30:00+09:00,J3,879,767,1646
2019-03-21T06:30:00+09:00,J4,563,707,1270
2019-03-21T06:30:00+09:00,J5,438,333,771
2019-03-21T06:45:00+09:00,J1,752,718,1470
2019-03-21T06:45:00+09:00,J2,470,442,912
2019-03-21T06:45:00+09:00,J3,923,706,1629
2019-03-21T06:45:00+09:00,J4,542,676,1218
2019-03-21T06:45:00+09:00,J5,399,342,741
2019-03-21T07:00:00+09:00,J1,764,822,1586
2019-03-21T07:00:00+09:00,J2,423,426,849
2019-03-21T07:00:00+09:00,J3,906,766,1672
2019-03-21T07:00:00+09:00,J4,543,670,1213
2019-03-21T07:00:00+09:00,J5,440,398,838
2019-03-21T07:15:00+09:00,J1,797,833,1630
2019-03-21T07:15:00+09:00,J2,394,377,771
2019-03-21T07:15:00+09:00,J3,880,755,1635
2019-03-21T07:15:00+09:00,J4,584,733,1317
2019-03-21T07:15:00+09:00,J5,415,475,890
2019-03-21T07:30:00+09:00,J1,768,832,1600
2019-03-21T07:30:00+09:00,J2,398,417,815
2019-03-21T07:30:00+09:00,J3,923,909,1832
2019-03-21T07:30:00+09:00,J4,596,765,1361
2019-03-21T07:30:00+09:00,J5,458,413,871
2019-03-21T07:45:00+09:00,J1,715,781,1496
2019-03-21T07:45:00+09:00,J2,436,392,828
2019-03-21T07:45:00+09:00,J3,977,835,1812
2019-03-21T07:45:00+09:00,J4,594,771,1365
2019-03-21T07:45:00+09:00,J5,442,392,834
2019-03-21T08:00:00+09:00,J1,971,1046,2017
2019-03-21T08:00:00+09:00,J2,787,726,1513
2019-03-21T08:00:00+09:00,J3,1058,933,1991
2019-03-21T08:00:00+09:00,J4,701,769,1470
2019-03-21T08:00:00+09:00,J5,546,501,1047
2019-03-21T08:15:00+09:00,J1,1081,1160,2241
2019-03-21T08:15:00+09:00,J2,879,651,1530
2019-03-21T08:15:00+09:00,J3,1180,1032,2212
2019-03-21T08:15:00+09:00,J4,683,764,1447
2019-03-21T08:15:00+09:00,J5,641,767,1408
2019-03-21T08:30:00+09:00,J1,1045,1179,2224
2019-03-21T08:30:00+09:00,J2,536,589,1125
2019-03-21T08:30:00+09:00,J3,1038,1000,2038
2019-03-21T08:30:00+09:00,J4,632,758,1390
2019-03-21T08:30:00+09:00,J5,655,739,1394
2019-03-21T08:45:00+09:00,J1,1017,1086,2103
2019-03-21T08:45:00+09:00,J2,487,561,1048
2019-03-21T08:45:00+09:00,J3,989,805,1794
2019-03-21T08:45:00+09:00,J4,601,679,1280
2019-03-21T08:45:00+09:00,J5,637,671,1308
2019-03-21T09:00:00+09:00,J1,929,990,1919
2019-03-21T09:00:00+09:00,J2,696,697,1393
2019-03-21T09:00:00+09:00,J3,781,724,1505
2019-03-21T09:00:00+09:00,J4,648,675,1323
2019-03-21T09:00:00+09:00,J5,488,542,1030
2019-03-21T09:15:00+09:00,J1,945,902,1847
2019-03-21T09:15:00+09:00,J2,733,697,1430
2019-03-21T09:15:00+09:00,J3,760,702,1462
2019-03-21T09:15:00+09:00,J4,581,662,1243
2019-03-21T09:15:00+09:00,J5,523,546,1069
2019-03-21T09:30:00+09:00,J1,939,908,1847
2019-03-21T09:30:00+09:00,J2,748,603,1351
2019-03-21T09:30:00+09:00,J3,891,790,1681
2019-03-21T09:30:00+09:00,J4,622,696,1318
2019-03-21T09:30:00+09:00,J5,474,495,969
2019-03-21T09:45:00+09:00,J1,913,898,1811
2019-03-21T09:45:00+09:00,J2,723,725,1448
2019-03-21T09:45:00+09:00,J3,843,794,1637
2019-03-21T09:45:00+09:00,J4,629,684,1313
2019-03-21T09:45:00+09:00,J5,452,420,872
2019-03-21T10:00:00+09:00,J1,873,823,1696
2019-03-21T10:00:00+09:00,J2,793,750,1543
2019-03-21T10:00:00+09:00,J3,858,727,1585
2019-03-21T10:00:00+09:00,J4,665,695,1360
2019-03-21T10:00:00+09:00,J5,416,433,849
2019-03-21T10:15:00+09:00,J1,746,831,1577
2019-03-21T10:15:00+09:00,J2,852,814,1666
2019-03-21T10:15:00+09:00,J3,835,774,1609
2019-03-21T10:15:00+09:00,J4,777,746,1523
2019-03-21T10:15:00+09:00,J5,511,588,1099
2019-03-21T10:30:00+09:00,J1,756,830,1586
2019-03-21T10:30:00+09:00,J2,856,715,1571
2019-03-21T10:30:00+09:00,J3,808,812,1620
2019-03-21T10:30:00+09:00,J4,762,863,1625
2019-03-21T10:30:00+09:00,J5,558,597,1155
2019-03-21T10:45:00+09:00,J1,826,892,1718
2019-03-21T10:45:00+09:00,J2,818,753,1571
2019-03-21T10:45:00+09:00,J3,811,936,1747
2019-03-21T10:45:00+09:00,J4,881,884,1765
2019-03-21T10:45:00+09:00,J5,635,693,1328
2019-03-21T11:00:00+09:00,J1,824,943,1767
2019-03-21T11:00:00+09:00,J2,856,735,1591
2019-03-21T11:00:00+09:00,J3,1116,1009,2125
2019-03-21T11:00:00+09:00,J4,917,916,1833
2019-03-21T11:00:00+09:00,J5,525,523,1048
2019-03-21T11:15:00+09:00,J1,846,1034,1880
2019-03-21T11:15:00+09:00,J2,855,648,1503
2019-03-21T11:15:00+09:00,J3,1000,900,1900
2019-03-21T11:15:00+09:00,J4,839,800,1639
2019-03-21T11:15:00+09:00,J5,447,503,950
2019-03-21T11:30:00+09:00,J1,880,911,1791
2019-03-21T11:30:00+09:00,J2,813,573,1386
2019-03-21T11:30:00+09:00,J3,904,879,1783
2019-03-21T11:30:00+09:00,J4,832,829,1661
2019-03-21T11:30:00+09:00,J5,532,576,1108
2019-03-21T11:45:00+09:00,J1,858,922,1780
2019-03-21T11:45:00+09:00,J2,700,562,1262
2019-03-21T11:45:00+09:00,J3,901,856,1757
2019-03-21T11:45:00+09:00,J4,875,806,1681
2019-03-21T11:45:00+09:00,J5,545,480,1025
2019-03-21T12:00:00+09:00,J1,732,779,1511
2019-03-21T12:00:00+09:00,J2,671,567,1238
2019-03-21T12:00:00+09:00,J3,872,911,1783
2019-03-21T12:00:00+09:00,J4,861,822,1683
2019-03-21T12:00:00+09:00,J5,513,490,1003
2019-03-21T12:15:00+09:00,J1,712,727,1439
2019-03-21T12:15:00+09:00,J2,679,621,1300
2019-03-21T12:15:00+09:00,J3,831,811,1642
2019-03-21T12:15:00+09:00,J4,844,905,1749
2019-03-21T12:15:00+09:00,J5,479,506,985
2019-03-21T12:30:00+09:00,J1,782,885,1667
2019-03-21T12:30:00+09:00,J2,708,652,1360
2019-03-21T12:30:00+09:00,J3,723,720,1443
2019-03-21T12:30:00+09:00,J4,854,811,1665
2019-03-21T12:30:00+09:00,J5,554,543,1097
2019-03-21T12:45:00+09:00,J1,738,875,1613
2019-03-21T12:45:00+09:00,J2,585,643,1228
2019-03-21T12:45:00+09:00,J3,828,860,1688
2019-03-21T12:45:00+09:00,J4,836,885,1721
2019-03-21T12:45:00+09:00,J5,534,548,1082
2019-03-21T13:00:00+09:00,J1,741,868,1609
2019-03-21T13:00:00+09:00,J2,646,597,1243
2019-03-21T13:00:00+09:00,J3,829,882,1711
2019-03-21T13:00:00+09:00,J4,857,861,1718
2019-03-21T13:00:00+09:00,J5,493,486,979
2019-03-21T13:15:00+09:00,J1,939,1049,1988
2019-03-21T13:15:00+09:00,J2,786,575,1361
2019-03-21T13:15:00+09:00,J3,1049,1026,2075
2019-03-21T13:15:00+09:00,J4,854,937,1791
2019-03-21T13:15:00+09:00,J5,476,446,922
2019-03-21T13:30:00+09:00,J1,801,906,1707
2019-03-21T13:30:00+09:00,J2,877,714,1591
2019-03-21T13:30:00+09:00,J3,1115,1021,2136
2019-03-21T13:30:00+09:00,J4,795,906,1701
2019-03-21T13:30:00+09:00,J5,536,530,1066
2019-03-21T13:45:00+09:00,J1,719,888,1607
2019-03-21T13:45:00+09:00,J2,781,720,1501
2019-03-21T13:45:00+09:00,J3,998,1029,2027
2019-03-21T13:45:00+09:00,J4,769,947,1716
2019-03-21T13:45:00+09:00,J5,506,506,1012
2019-03-21T14:00:00+09:00,J1,666,822,1488
2019-03-21T14:00:00+09:00,J2,886,825,1711
2019-03-21T14:00:00+09:00,J3,946,1035,1981
2019-03-21T14:00:00+09:00,J4,808,831,1639
2019-03-21T14:00:00+09:00,J5,612,631,1243
2019-03-21T14:15:00+09:00,J1,645,732,1377
2019-03-21T14:15:00+09:00,J2,795,776,1571
2019-03-21T14:15:00+09:00,J3,1011,1016,2027
2019-03-21T14:15:00+09:00,J4,814,943,1757
2019-03-21T14:15:00+09:00,J5,610,659,1269
2019-03-21T14:30:00+09:00,J1,596,772,1368
2019-03-21T14:30:00+09:00,J2,818,810,1628
2019-03-21T14:30:00+09:00,J3,1083,1068,2151
2019-03-21T14:30:00+09:00,J4,873,992,1865
2019-03-21T14:30:00+09:00,J5,609,627,1236
2019-03-21T14:45:00+09:00,J1,675,821,1496
2019-03-21T14:45:00+09:00,J2,678,768,1446
2019-03-21T14:45:00+09:00,J3,1059,924,1983
2019-03-21T14:45:00+09:00,J4,842,909,1751
2019-03-21T14:45:00+09:00,J5,561,555,1116
2019-03-21T15:00:00+09:00,J1,681,913,1594
2019-03-21T15:00:00+09:00,J2,655,762,1417
2019-03-21T15:00:00+09:00,J3,965,916,1881
2019-03-21T15:00:00+09:00,J4,827,875,1702
2019-03-21T15:00:00+09:00,J5,547,532,1079
2019-03-21T15:15:00+09:00,J1,707,1016,1723
2019-03-21T15:15:00+09:00,J2,673,771,1444
2019-03-21T15:15:00+09:00,J3,1019,978,1997
2019-03-21T15:15:00+09:00,J4,799,898,1697
2019-03-21T15:15:00+09:00,J5,595,642,1237
2019-03-21T15:30:00+09:00,J1,743,968,1711
2019-03-21T15:30:00+09:00,J2,729,787,1516
2019-03-21T15:30:00+09:00,J3,986,1017,2003
2019-03-21T15:30:00+09:00,J4,809,978,1787
2019-03-21T15:30:00+09:00,J5,565,625,1190
2019-03-21T15:45:00+09:00,J1,930,1161,2091
2019-03-21T15:45:00+09:00,J2,663,788,1451
2019-03-21T15:45:00+09:00,J3,923,1014,1937
2019-03-21T15:45:00+09:00,J4,857,962,1819
2019-03-21T15:45:00+09:00,J5,594,678,1272
2019-03-21T16:00:00+09:00,J1,851,1065,1916
2019-03-21T16:00:00+09:00,J2,669,728,1397
2019-03-21T16:00:00+09:00,J3,873,930,1803
2019-03-21T16:00:00+09:00,J4,844,928,1772
2019-03-21T16:00:00+09:00,J5,614,641,1255
2019-03-21T16:15:00+09:00,J1,1005,1188,2193
2019-03-21T16:15:00+09:00,J2,636,771,1407
2019-03-21T16:15:00+09:00,J3,814,885,1699
2019-03-21T16:15:00+09:00,J4,819,932,1751
2019-03-21T16:15:00+09:00,J5,574,678,1252
2019-03-21T16:30:00+09:00,J1,1034,1300,2334
2019-03-21T16:30:00+09:00,J2,701,737,1438
2019-03-21T16:30:00+09:00,J3,886,853,1739
2019-03-21T16:30:00+09:00,J4,806,885,1691
2019-03-21T16:30:00+09:00,J5,609,663,1272
2019-03-21T16:45:00+09:00,J1,1060,1217,2277
2019-03-21T16:45:00+09:00,J2,712,685,1397
2019-03-21T16:45:00+09:00,J3,900,841,1741
2019-03-21T16:45:00+09:00,J4,827,925,1752
2019-03-21T16:45:00+09:00,J5,595,640,1235
2019-03-21T17:00:00+09:00,J1,1001,1128,2129
2019-03-21T17:00:00+09:00,J2,828,781,1609
2019-03-21T17:00:00+09:00,J3,1070,953,2023
2019-03-21T17:00:00+09:00,J4,812,809,1621
2019-03-21T17:00:00+09:00,J5,583,583,1166
2019-03-21T17:15:00+09:00,J1,1035,1177,2212
2019-03-21T17:15:00+09:00,J2,862,792,1654
2019-03-21T17:15:00+09:00,J3,1213,1010,2223
2019-03-21T17:15:00+09:00,J4,837,806,1643
2019-03-21T17:15:00+09:00,J5,583,615,1198
2019-03-21T17:30:00+09:00,J1,1005,1165,2170
2019-03-21T17:30:00+09:00,J2,962,764,1726
2019-03-21T17:30:00+09:00,J3,1108,1015,2123
2019-03-21T17:30:00+09:00,J4,795,759,1554
2019-03-21T17:30:00+09:00,J5,464,519,983
2019-03-21T17:45:00+09:00,J1,1004,1133,2137
2019-03-21T17:45:00+09:00,J2,1045,714,1759
2019-03-21T17:45:00+09:00,J3,1089,997,2086
2019-03-21T17:45:00+09:00,J4,900,821,1721
2019-03-21T17:45:00+09:00,J5,450,449,899
2019-03-21T18:00:00+09:00,J1,972,1093,2065
2019-03-21T18:00:00+09:00,J2,1150,715,1865
2019-03-21T18:00:00+09:00,J3,1078,1010,2088
2019-03-21T18:00:00+09:00,J4,941,882,1823
2019-03-21T18:00:00+09:00,J5,388,417,805
2019-03-21T18:15:00+09:00,J1,995,1190,2185
2019-03-21T18:15:00+09:00,J2,1091,734,1825
2019-03-21T18:15:00+09:00,J3,1172,1037,2209
2019-03-21T18:15:00+09:00,J4,881,843,1724
2019-03-21T18:15:00+09:00,J5,441,483,924
2019-03-21T18:30:00+09:00,J1,1103,1188,2291
2019-03-21T18:30:00+09:00,J2,1047,786,1833
2019-03-21T18:30:00+09:00,J3,1116,1000,2116
2019-03-21T18:30:00+09:00,J4,890,770,1660
2019-03-21T18:30:00+09:00,J5,587,594,1181
2019-03-21T18:45:00+09:00,J1,1011,1113,2124
2019-03-21T18:45:00+09:00,J2,937,782,1719
2019-03-21T18:45:00+09:00,J3,955,900,1855
2019-03-21T18:45:00+09:00,J4,851,764,1615
2019-03-21T18:45:00+09:00,J5,640,670,1310
2019-03-21T19:00:00+09:00,J1,1007,1153,2160
2019-03-21T19:00:00+09:00,J2,883,725,1608
2019-03-21T19:00:00+09:00,J3,902,894,1796
2019-03-21T19:00:00+09:00,J4,821,833,1654
2019-03-21T19:00:00+09:00,J5,641,686,1327
2019-03-21T19:15:00+09:00,J1,894,1098,1992
2019-03-21T19:15:00+09:00,J2,790,621,1411
2019-03-21T19:15:00+09:00,J3,810,788,1598
2019-03-21T19:15:00+09:00,J4,752,678,1430
2019-03-21T19:15:00+09:00,J5,536,579,1115
2019-03-21T19:30:00+09:00,J1,1213,1279,2492
2019-03-21T19:30:00+09:00,J2,1011,798,1809
2019-03-21T19:30:00+09:00,J3,1162,1056,2218
2019-03-21T19:30:00+09:00,J4,943,866,1809
2019-03-21T19:30:00+09:00,J5,691,737,1428
2019-03-21T19:45:00+09:00,J1,950,1098,2048
2019-03-21T19:45:00+09:00,J2,836,717,1553
2019-03-21T19:45:00+09:00,J3,1024,927,1951
2019-03-21T19:45:00+09:00,J4,885,821,1706
2019-03-21T19:45:00+09:00,J5,588,617,1205
2019-03-21T20:00:00+09:00,J1,974,1108,2082
2019-03-21T20:00:00+09:00,J2,820,689,1509
2019-03-21T20:00:00+09:00,J3,1013,977,1990
2019-03-21T20:00:00+09:00,J4,832,701,1533
2019-03-21T20:00:00+09:00,J5,549,538,1087
2019-03-21T20:15:00+09:00,J1,1044,1080,2124
2019-03-21T20:15:00+09:00,J2,847,707,1554
2019-03-21T20:15:00+09:00,J3,1062,1003,2065
2019-03-21T20:15:00+09:00,J4,886,886,1772
2019-03-21T20:15:00+09:00,J5,579,590,1169
2019-03-21T20:30:00+09:00,J1,980,1137,2117
2019-03-21T20:30:00+09:00,J2,816,683,1499
2019-03-21T20:30:00+09:00,J3,932,925,1857
2019-03-21T20:30:00+09:00,J4,953,745,1698
2019-03-21T20:30:00+09:00,J5,573,603,1176
2019-03-21T20:45:00+09:00,J1,958,1152,2110
2019-03-21T20:45:00+09:00,J2,776,694,1470
2019-03-21T20:45:00+09:00,J3,953,860,1813
2019-03-21T20:45:00+09:00,J4,776,739,1515
2019-03-21T20:45:00+09:00,J5,547,522,1069
2019-03-21T21:00:00+09:00,J1,962,1119,2081
2019-03-21T21:00:00+09:00,J2,739,696,1435
2019-03-21T21:00:00+09:00,J3,877,837,1714
2019-03-21T21:00:00+09:00,J4,828,757,1585
2019-03-21T21:00:00+09:00,J5,483,499,982
2019-03-21T21:15:00+09:00,J1,900,1084,1984
2019-03-21T21:15:00+09:00,J2,747,720,1467
2019-03-21T21:15:00+09:00,J3,914,841,1755
2019-03-21T21:15:00+09:00,J4,823,729,1552
2019-03-21T21:15:00+09:00,J5,620,558,1178
2019-03-21T21:30:00+09:00,J1,852,1072,1924
2019-03-21T21:30:00+09:00,J2,773,713,1486
2019-03-21T21:30:00+09:00,J3,898,797,1695
2019-03-21T21:30:00+09:00,J4,830,668,1498
2019-03-21T21:30:00+09:00,J5,509,507,1016
2019-03-21T21:45:00+09:00,J1,907,1024,1931
2019-03-21T21:45:00+09:00,J2,686,655,1341
2019-03-21T21:45:00+09:00,J3,814,847,1661
2019-03-21T21:45:00+09:00,J4,794,672,1466
2019-03-21T21:45:00+09:00,J5,483,530,1013
2019-03-21T22:00:00+09:00,J1,854,972,1826
2019-03-21T22:00:00+09:00,J2,673,669,1342
2019-03-21T22:00:00+09:00,J3,905,919,1824
2019-03-21T22:00:00+09:00,J4,761,733,1494
2019-03-21T22:00:00+09:00,J5,449,469,918
2019-03-21T22:15:00+09:00,J1,917,1079,1996
2019-03-21T22:15:00+09:00,J2,638,670,1308
2019-03-21T22:15:00+09:00,J3,884,882,1766
2019-03-21T22:15:00+09:00,J4,814,751,1565
2019-03-21T22:15:00+09:00,J5,458,384,842
2019-03-21T22:30:00+09:00,J1,899,988,1887
2019-03-21T22:30:00+09:00,J2,580,659,1239
2019-03-21T22:30:00+09:00,J3,840,908,1748
2019-03-21T22:30:00+09:00,J4,716,735,1451
2019-03-21T22:30:00+09:00,J5,444,363,807
2019-03-21T22:45:00+09:00,J1,942,1055,1997
2019-03-21T22:45:00+09:00,J2,633,646,1279
2019-03-21T22:45:00+09:00,J3,890,902,1792
2019-03-21T22:45:00+09:00,J4,600,670,1270
2019-03-21T22:45:00+09:00,J5,364,292,656
2019-03-21T23:00:00+09:00,J1,909,937,1846
2019-03-21T23:00:00+09:00,J2,605,641,1246
2019-03-21T23:00:00+09:00,J3,906,893,1799
2019-03-21T23:00:00+09:00,J4,534,586,1120
2019-03-21T23:00:00+09:00,J5,332,310,642
2019-03-21T23:15:00+09:00,J1,855,959,1814
2019-03-21T23:15:00+09:00,J2,513,627,1140
2019-03-21T23:15:00+09:00,J3,1007,958,1965
2019-03-21T23:15:00+09:00,J4,532,568,1100
2019-03-21T23:15:00+09:00,J5,321,327,648
2019-03-21T23:30:00+09:00,J1,818,967,1785
2019-03-21T23:30:00+09:00,J2,522,643,1165
2019-03-21T23:30:00+09:00,J3,951,913,1864
2019-03-21T23:30:00+09:00,J4,461,574,1035
2019-03-21T23:30:00+09:00,J5,289,312,601
2019-03-21T23:45:00+09:00,J1,771,970,1741
2019-03-21T23:45:00+09:00,J2,498,570,1068
2019-03-21T23:45:00+09:00,J3,978,906,1884
2019-03-21T23:45:00+09:00,J4,426,497,923
2019-03-21T23:45:00+09:00,J5,314,312,626
2019-03-22T00:00:00+09:00,J1,690,802,1492
2019-03-22T00:00:00+09:00,J2,431,403,834
2019-03-22T00:00:00+09:00,J3,902,841,1743
2019-03-22T00:00:00+09:00,J4,403,529,932
2019-03-22T00:00:00+09:00,J5,307,314,621
2019-03-22T00:15:00+09:00,J1,646,686,1332
2019-03-22T00:15:00+09:00,J2,358,420,778
2019-03-22T00:15:00+09:00,J3,719,586,1305
2019-03-22T00:15:00+09:00,J4,521,554,1075
2019-03-22T00:15:00+09:00,J5,351,359,710
2019-03-22T00:30:00+09:00,J1,565,637,1202
2019-03-22T00:30:00+09:00,J2,359,366,725
2019-03-22T00:30:00+09:00,J3,655,521,1176
2019-03-22T00:30:00+09:00,J4,622,585,1207
2019-03-22T00:30:00+09:00,J5,384,365,749
2019-03-22T00:45:00+09:00,J1,585,676,1261
2019-03-22T00:45:00+09:00,J2,414,404,818
2019-03-22T00:45:00+09:00,J3,662,553,1215
2019-03-22T00:45:00+09:00,J4,593,638,1231
2019-03-22T00:45:00+09:00,J5,362,370,732
2019-03-22T05:45:00+09:00,J1,758,714,1472
2019-03-22T05:45:00+09:00,J2,561,573,1134
2019-03-22T05:45:00+09:00,J3,542,501,1043
2019-03-22T05:45:00+09:00,J4,640,582,1222
2019-03-22T05:45:00+09:00,J5,535,587,1122
2019-03-22T06:00:00+09:00,J1,717,814,1531
2019-03-22T06:00:00+09:00,J2,468,499,967
2019-03-22T06:00:00+09:00,J3,559,562,1121
2019-03-22T06:00:00+09:00,J4,699,713,1412
2019-03-22T06:00:00+09:00,J5,490,594,1084
2019-03-22T06:15:00+09:00,J1,883,927,1810
2019-03-22T06:15:00+09:00,J2,568,593,1161
2019-03-22T06:15:00+09:00,J3,656,579,1235
2019-03-22T06:15:00+09:00,J4,709,677,1386
2019-03-22T06:15:00+09:00,J5,587,567,1154
2019-03-22T06:30:00+09:00,J1,767,858,1625
2019-03-22T06:30:00+09:00,J2,557,563,1120
2019-03-22T06:30:00+09:00,J3,672,614,1286
2019-03-22T06:30:00+09:00,J4,731,695,1426
2019-03-22T06:30:00+09:00,J5,506,572,1078
2019-03-22T06:45:00+09:00,J1,904,925,1829
2019-03-22T06:45:00+09:00,J2,600,537,1137
2019-03-22T06:45:00+09:00,J3,749,672,1421
2019-03-22T06:45:00+09:00,J4,678,693,1371
2019-03-22T06:45:00+09:00,J5,555,654,1209
2019-03-22T07:00:00+09:00,J1,965,996,1961
2019-03-22T07:00:00+09:00,J2,630,542,1172
2019-03-22T07:00:00+09:00,J3,690,637,1327
2019-03-22T07:00:00+09:00,J4,791,716,1507
2019-03-22T07:00:00+09:00,J5,535,628,1163
2019-03-22T07:15:00+09:00,J1,1005,1045,2050
2019-03-22T07:15:00+09:00,J2,513,444,957
2019-03-22T07:15:00+09:00,J3,753,754,1507
2019-03-22T07:15:00+09:00,J4,798,798,1596
2019-03-22T07:15:00+09:00,J5,540,590,1130
2019-03-22T07:30:00+09:00,J1,1184,1189,2373
2019-03-22T07:30:00+09:00,J2,526,483,1009
2019-03-22T07:30:00+09:00,J3,1223,1194,2417
2019-03-22T07:30:00+09:00,J4,871,945,1816
2019-03-22T07:30:00+09:00,J5,566,527,1093
2019-03-22T07:45:00+09:00,J1,1204,1185,2389
2019-03-22T07:45:00+09:00,J2,769,609,1378
2019-03-22T07:45:00+09:00,J3,1232,1132,2364
2019-03-22T07:45:00+09:00,J4,883,1010,1893
2019-03-22T07:45:00+09:00,J5,694,687,1381
2019-03-22T08:00:00+09:00,J1,1271,1307,2578
2019-03-22T08:00:00+09:00,J2,1115,818,1933
2019-03-22T08:00:00+09:00,J3,1434,1254,2688
2019-03-22T08:00:00+09:00,J4,901,1029,1930
2019-03-22T08:00:00+09:00,J5,767,766,1533
2019-03-22T08:15:00+09:00,J1,1393,1289,2682
2019-03-22T08:15:00+09:00,J2,1218,758,1976
2019-03-22T08:15:00+09:00,J3,1453,1421,2874
2019-03-22T08:15:00+09:00,J4,842,1101,1943
2019-03-22T08:15:00+09:00,J5,650,834,1484
2019-03-22T08:30:00+09:00,J1,1341,1274,2615
2019-03-22T08:30:00+09:00,J2,1136,789,1925
2019-03-22T08:30:00+09:00,J3,1250,1438,2688
2019-03-22T08:30:00+09:00,J4,818,1084,1902
2019-03-22T08:30:00+09:00,J5,618,774,1392
2019-03-22T08:45:00+09:00,J1,1137,1198,2335
2019-03-22T08:45:00+09:00,J2,839,791,1630
2019-03-22T08:45:00+09:00,J3,1171,1185,2356
2019-03-22T08:45:00+09:00,J4,780,965,1745
2019-03-22T08:45:00+09:00,J5,485,515,1000
2019-03-22T09:00:00+09:00,J1,1210,1140,2350
2019-03-22T09:00:00+09:00,J2,792,704,1496
2019-03-22T09:00:00+09:00,J3,1101,999,2100
2019-03-22T09:00:00+09:00,J4,773,913,1686
2019-03-22T09:00:00+09:00,J5,402,389,791
2019-03-22T09:15:00+09:00,J1,1232,1184,2416
2019-03-22T09:15:00+09:00,J2,831,640,1471
2019-03-22T09:15:00+09:00,J3,1152,1040,2192
2019-03-22T09:15:00+09:00,J4,876,932,1808
2019-03-22T09:15:00+09:00,J5,538,424,962
2019-03-22T09:30:00+09:00,J1,1224,1239,2463
2019-03-22T09:30:00+09:00,J2,741,598,1339
2019-03-22T09:30:00+09:00,J3,1091,1192,2283
2019-03-22T09:30:00+09:00,J4,884,1027,1911
2019-03-22T09:30:00+09:00,J5,467,409,876
2019-03-22T09:45:00+09:00,J1,986,1034,2020
2019-03-22T09:45:00+09:00,J2,659,523,1182
2019-03-22T09:45:00+09:00,J3,893,896,1789
2019-03-22T09:45:00+09:00,J4,743,706,1449
2019-03-22T09:45:00+09:00,J5,421,367,788
2019-03-22T10:00:00+09:00,J1,1290,1448,2738
2019-03-22T10:00:00+09:00,J2,859,716,1575
2019-03-22T10:00:00+09:00,J3,1138,1141,2279
2019-03-22T10:00:00+09:00,J4,942,1020,1962
2019-03-22T10:00:00+09:00,J5,503,451,954
2019-03-22T10:15:00+09:00,J1,1126,1266,2392
2019-03-22T10:15:00+09:00,J2,746,683,1429
2019-03-22T10:15:00+09:00,J3,1003,1069,2072
2019-03-22T10:15:00+09:00,J4,946,877,1823
2019-03-22T10:15:00+09:00,J5,405,330,735
2019-03-22T10:30:00+09:00,J1,1131,1224,2355
2019-03-22T10:30:00+09:00,J2,792,693,1485
2019-03-22T10:30:00+09:00,J3,1000,1064,2064
2019-03-22T10:30:00+09:00,J4,902,877,1779
2019-03-22T10:30:00+09:00,J5,421,371,792
2019-03-22T10:45:00+09:00,J1,1229,1249,2478
2019-03-22T10:45:00+09:00,J2,779,672,1451
2019-03-22T10:45:00+09:00,J3,979,1071,2050
2019-03-22T10:45:00+09:00,J4,988,938,1926
2019-03-22T10:45:00+09:00,J5,348,387,735
2019-03-22T11:00:00+09:00,J1,1184,1253,2437
2019-03-22T11:00:00+09:00,J2,715,727,1442
2019-03-22T11:00:00+09:00,J3,998,1034,2032
2019-03-22T11:00:00+09:00,J4,928,915,1843
2019-03-22T11:00:00+09:00,J5,341,360,701
2019-03-22T11:15:00+09:00,J1,1166,1222,2388
2019-03-22T11:15:00+09:00,J2,767,699,1466
2019-03-22T11:15:00+09:00,J3,1166,950,2116
2019-03-22T11:15:00+09:00,J4,967,977,1944
2019-03-22T11:15:00+09:00,J5,621,584,1205
2019-03-22T11:30:00+09:00,J1,1161,1413,2574
2019-03-22T11:30:00+09:00,J2,731,723,1454
2019-03-22T11:30:00+09:00,J3,1120,1015,2135
2019-03-22T11:30:00+09:00,J4,890,921,1811
2019-03-22T11:30:00+09:00,J5,754,738,1492
2019-03-22T11:45:00+09:00,J1,1167,1345,2512
2019-03-22T11:45:00+09:00,J2,703,753,1456
2019-03-22T11:45:00+09:00,J3,1259,1170,2429
2019-03-22T11:45:00+09:00,J4,820,937,1757
2019-03-22T11:45:00+09:00,J5,715,783,1498
2019-03-22T12:00:00+09:00,J1,1205,1378,2583
2019-03-22T12:00:00+09:00,J2,790,922,1712
2019-03-22T12:00:00+09:00,J3,1361,1190,2551
2019-03-22T12:00:00+09:00,J4,898,1018,1916
2019-03-22T12:00:00+09:00,J5,719,796,1515
2019-03-22T12:15:00+09:00,J1,1137,1264,2401
2019-03-22T12:15:00+09:00,J2,809,802,1611
2019-03-22T12:15:00+09:00,J3,1238,1098,2336
2019-03-22T12:15:00+09:00,J4,909,997,1906
2019-03-22T12:15:00+09:00,J5,736,760,1496
2019-03-22T12:30:00+09:00,J1,1207,1385,2592
2019-03-22T12:30:00+09:00,J2,846,847,1693
2019-03-22T12:30:00+09:00,J3,1235,1166,2401
2019-03-22T12:30:00+09:00,J4,852,930,1782
2019-03-22T12:30:00+09:00,J5,629,715,1344
2019-03-22T12:45:00+09:00,J1,1204,1371,2575
2019-03-22T12:45:00+09:00,J2,934,944,1878
2019-03-22T12:45:00+09:00,J3,1248,1137,2385
2019-03-22T12:45:00+09:00,J4,806,913,1719
2019-03-22T12:45:00+09:00,J5,527,592,1119
2019-03-22T13:00:00+09:00,J1,1046,1232,2278
2019-03-22T13:00:00+09:00,J2,815,856,1671
2019-03-22T13:00:00+09:00,J3,1248,1111,2359
2019-03-22T13:00:00+09:00,J4,905,925,1830
2019-03-22T13:00:00+09:00,J5,488,537,1025
2019-03-22T13:15:00+09:00,J1,1120,1297,2417
2019-03-22T13:15:00+09:00,J2,803,779,1582
2019-03-22T13:15:00+09:00,J3,1288,1036,2324
2019-03-22T13:15:00+09:00,J4,765,838,1603
2019-03-22T13:15:00+09:00,J5,530,556,1086
2019-03-22T13:30:00+09:00,J1,1156,1426,2582
2019-03-22T13:30:00+09:00,J2,789,880,1669
2019-03-22T13:30:00+09:00,J3,1171,1114,2285
2019-03-22T13:30:00+09:00,J4,894,908,1802
2019-03-22T13:30:00+09:00,J5,430,548,978
2019-03-22T13:45:00+09:00,J1,1188,1355,2543
2019-03-22T13:45:00+09:00,J2,796,885,1681
2019-03-22T13:45:00+09:00,J3,1280,1050,2330
2019-03-22T13:45:00+09:00,J4,786,889,1675
2019-03-22T13:45:00+09:00,J5,452,508,960
2019-03-22T14:00:00+09:00,J1,1194,1336,2530
2019-03-22T14:00:00+09:00,J2,770,761,1531
2019-03-22T14:00:00+09:00,J3,1325,1063,2388
2019-03-22T14:00:00+09:00,J4,809,794,1603
2019-03-22T14:00:00+09:00,J5,438,505,943
2019-03-22T14:15:00+09:00,J1,1188,1363,2551
2019-03-22T14:15:00+09:00,J2,796,779,1575
2019-03-22T14:15:00+09:00,J3,1218,1088,2306
2019-03-22T14:15:00+09:00,J4,783,874,1657
2019-03-22T14:15:00+09:00,J5,476,518,994
2019-03-22T14:30:00+09:00,J1,1071,1350,2421
2019-03-22T14:30:00+09:00,J2,801,814,1615
2019-03-22T14:30:00+09:00,J3,1291,1166,2457
2019-03-22T14:30:00+09:00,J4,888,944,1832
2019-03-22T14:30:00+09:00,J5,500,595,1095
2019-03-22T14:45:00+09:00,J1,1059,1305,2364
2019-03-22T14:45:00+09:00,J2,778,870,1648
2019-03-22T14:45:00+09:00,J3,1299,1190,2489
2019-03-22T14:45:00+09:00,J4,900,911,1811
2019-03-22T14:45:00+09:00,J5,481,581,1062
2019-03-22T15:00:00+09:00,J1,1184,1307,2491
2019-03-22T15:00:00+09:00,J2,819,948,1767
2019-03-22T15:00:00+09:00,J3,1213,1066,2279
2019-03-22T15:00:00+09:00,J4,814,894,1708
2019-03-22T15:00:00+09:00,J5,394,468,862
2019-03-22T15:15:00+09:00,J1,1131,1327,2458
2019-03-22T15:15:00+09:00,J2,821,968,1789
2019-03-22T15:15:00+09:00,J3,1258,1093,2351
2019-03-22T15:15:00+09:00,J4,773,890,1663
2019-03-22T15:15:00+09:00,J5,442,528,970
2019-03-22T15:30:00+09:00,J1,1144,1434,2578
2019-03-22T15:30:00+09:00,J2,774,903,1677
2019-03-22T15:30:00+09:00,J3,1229,1190,2419
2019-03-22T15:30:00+09:00,J4,886,912,1798
2019-03-22T15:30:00+09:00,J5,437,519,956
2019-03-22T15:45:00+09:00,J1,1180,1439,2619
2019-03-22T15:45:00+09:00,J2,806,885,1691
2019-03-22T15:45:00+09:00,J3,1115,1169,2284
2019-03-22T15:45:00+09:00,J4,901,834,1735
2019-03-22T15:45:00+09:00,J5,430,484,914
2019-03-22T16:00:00+09:00,J1,1190,1373,2563
2019-03-22T16:00:00+09:00,J2,751,843,1594
2019-03-22T16:00:00+09:00,J3,1130,1053,2183
2019-03-22T16:00:00+09:00,J4,806,882,1688
2019-03-22T16:00:00+09:00,J5,424,488,912
2019-03-22T16:15:00+09:00,J1,1159,1348,2507
2019-03-22T16:15:00+09:00,J2,964,872,1836
2019-03-22T16:15:00+09:00,J3,1113,1063,2176
2019-03-22T16:15:00+09:00,J4,882,869,1751
2019-03-22T16:15:00+09:00,J5,457,491,948
2019-03-22T16:30:00+09:00,J1,1120,1460,2580
2019-03-22T16:30:00+09:00,J2,839,824,1663
2019-03-22T16:30:00+09:00,J3,1317,983,2300
2019-03-22T16:30:00+09:00,J4,798,792,1590
2019-03-22T16:30:00+09:00,J5,417,513,930
2019-03-22T16:45:00+09:00,J1,1123,1284,2407
2019-03-22T16:45:00+09:00,J2,827,814,1641
2019-03-22T16:45:00+09:00,J3,1378,1077,2455
2019-03-22T16:45:00+09:00,J4,809,744,1553
2019-03-22T16:45:00+09:00,J5,387,493,880
2019-03-22T17:00:00+09:00,J1,1160,1296,2456
2019-03-22T17:00:00+09:00,J2,782,850,1632
2019-03-22T17:00:00+09:00,J3,1458,1118,2576
2019-03-22T17:00:00+09:00,J4,839,876,1715
2019-03-22T17:00:00+09:00,J5,341,496,837
2019-03-22T17:15:00+09:00,J1,1208,1370,2578
2019-03-22T17:15:00+09:00,J2,889,945,1834
2019-03-22T17:15:00+09:00,J3,1406,1271,2677
2019-03-22T17:15:00+09:00,J4,1075,992,2067
2019-03-22T17:15:00+09:00,J5,350,594,944
2019-03-22T17:30:00+09:00,J1,1199,1499,2698
2019-03-22T17:30:00+09:00,J2,958,1045,2003
2019-03-22T17:30:00+09:00,J3,1490,1257,2747
2019-03-22T17:30:00+09:00,J4,1235,997,2232
2019-03-22T17:30:00+09:00,J5,447,615,1062
2019-03-22T17:45:00+09:00,J1,1241,1393,2634
2019-03-22T17:45:00+09:00,J2,1122,999,2121
2019-03-22T17:45:00+09:00,J3,1538,1296,2834
2019-03-22T17:45:00+09:00,J4,1359,1023,2382
2019-03-22T17:45:00+09:00,J5,536,688,1224
2019-03-22T18:00:00+09:00,J1,1249,1397,2646
2019-03-22T18:00:00+09:00,J2,1058,1084,2142
2019-03-22T18:00:00+09:00,J3,1603,1251,2854
2019-03-22T18:00:00+09:00,J4,1382,942,2324
2019-03-22T18:00:00+09:00,J5,541,732,1273
2019-03-22T18:15:00+09:00,J1,1276,1402,2678
2019-03-22T18:15:00+09:00,J2,1021,1074,2095
2019-03-22T18:15:00+09:00,J3,1636,1283,2919
2019-03-22T18:15:00+09:00,J4,1174,945,2119
2019-03-22T18:15:00+09:00,J5,538,746,1284
2019-03-22T18:30:00+09:00,J1,1304,1411,2715
2019-03-22T18:30:00+09:00,J2,945,904,1849
2019-03-22T18:30:00+09:00,J3,1544,1225,2769
2019-03-22T18:30:00+09:00,J4,1023,737,1760
2019-03-22T18:30:00+09:00,J5,489,596,1085
2019-03-22T18:45:00+09:00,J1,1297,1332,2629
2019-03-22T18:45:00+09:00,J2,981,857,1838
2019-03-22T18:45:00+09:00,J3,1424,1250,2674
2019-03-22T18:45:00+09:00,J4,876,736,1612
2019-03-22T18:45:00+09:00,J5,475,526,1001
2019-03-22T19:00:00+09:00,J1,1186,1366,2552
2019-03-22T19:00:00+09:00,J2,738,741,1479
2019-03-22T19:00:00+09:00,J3,1288,1261,2549
2019-03-22T19:00:00+09:00,J4,745,835,1580
2019-03-22T19:00:00+09:00,J5,406,475,881
2019-03-22T19:15:00+09:00,J1,1289,1461,2750
2019-03-22T19:15:00+09:00,J2,703,671,1374
2019-03-22T19:15:00+09:00,J3,1260,1125,2385
2019-03-22T19:15:00+09:00,J4,816,796,1612
2019-03-22T19:15:00+09:00,J5,383,535,918
2019-03-22T19:30:00+09:00,J1,1226,1403,2629
2019-03-22T19:30:00+09:00,J2,690,630,1320
2019-03-22T19:30:00+09:00,J3,1154,1024,2178
2019-03-22T19:30:00+09:00,J4,823,821,1644
2019-03-22T19:30:00+09:00,J5,345,449,794
2019-03-22T19:45:00+09:00,J1,1187,1333,2520
2019-03-22T19:45:00+09:00,J2,660,555,1215
2019-03-22T19:45:00+09:00,J3,1172,1043,2215
2019-03-22T19:45:00+09:00,J4,776,768,1544
2019-03-22T19:45:00+09:00,J5,396,404,800
2019-03-22T20:00:00+09:00,J1,1243,1360,2603
2019-03-22T20:00:00+09:00,J2,554,584,1138
2019-03-22T20:00:00+09:00,J3,1293,1219,2512
2019-03-22T20:00:00+09:00,J4,767,792,1559
2019-03-22T20:00:00+09:00,J5,337,428,765
2019-03-22T20:15:00+09:00,J1,1225,1390,2615
2019-03-22T20:15:00+09:00,J2,619,644,1263
2019-03-22T20:15:00+09:00,J3,1161,1034,2195
2019-03-22T20:15:00+09:00,J4,819,924,1743
2019-03-22T20:15:00+09:00,J5,398,440,838
2019-03-22T20:30:00+09:00,J1,1270,1432,2702
2019-03-22T20:30:00+09:00,J2,824,733,1557
2019-03-22T20:30:00+09:00,J3,1298,1183,2481
2019-03-22T20:30:00+09:00,J4,813,916,1729
2019-03-22T20:30:00+09:00,J5,379,439,818
2019-03-22T20:45:00+09:00,J1,1191,1331,2522
2019-03-22T20:45:00+09:00,J2,609,540,1149
2019-03-22T20:45:00+09:00,J3,985,967,1952
2019-03-22T20:45:00+09:00,J4,719,880,1599
2019-03-22T20:45:00+09:00,J5,359,381,740
2019-03-22T21:00:00+09:00,J1,1157,1408,2565
2019-03-22T21:00:00+09:00,J2,703,686,1389
2019-03-22T21:00:00+09:00,J3,1099,968,2067
2019-03-22T21:00:00+09:00,J4,780,830,1610
2019-03-22T21:00:00+09:00,J5,378,382,760
2019-03-22T21:15:00+09:00,J1,1176,1373,2549
2019-03-22T21:15:00+09:00,J2,857,752,1609
2019-03-22T21:15:00+09:00,J3,1227,938,2165
2019-03-22T21:15:00+09:00,J4,823,812,1635
2019-03-22T21:15:00+09:00,J5,410,406,816
2019-03-22T21:30:00+09:00,J1,1214,1380,2594
2019-03-22T21:30:00+09:00,J2,757,848,1605
2019-03-22T21:30:00+09:00,J3,1163,895,2058
2019-03-22T21:30:00+09:00,J4,800,803,1603
2019-03-22T21:30:00+09:00,J5,395,353,748
2019-03-22T21:45:00+09:00,J1,1210,1402,2612
2019-03-22T21:45:00+09:00,J2,700,773,1473
2019-03-22T21:45:00+09:00,J3,1122,884,2006
2019-03-22T21:45:00+09:00,J4,737,846,1583
2019-03-22T21:45:00+09:00,J5,417,345,762
2019-03-22T22:00:00+09:00,J1,1174,1326,2500
2019-03-22T22:00:00+09:00,J2,609,685,1294
2019-03-22T22:00:00+09:00,J3,1115,855,1970
2019-03-22T22:00:00+09:00,J4,760,890,1650
2019-03-22T22:00:00+09:00,J5,400,333,733
2019-03-22T22:15:00+09:00,J1,1136,1354,2490
2019-03-22T22:15:00+09:00,J2,551,644,1195
2019-03-22T22:15:00+09:00,J3,1018,823,1841
2019-03-22T22:15:00+09:00,J4,696,832,1528
2019-03-22T22:15:00+09:00,J5,386,376,762
2019-03-22T22:30:00+09:00,J1,1168,1345,2513
2019-03-22T22:30:00+09:00,J2,510,601,1111
2019-03-22T22:30:00+09:00,J3,971,829,1800
2019-03-22T22:30:00+09:00,J4,741,830,1571
2019-03-22T22:30:00+09:00,J5,410,374,784
2019-03-22T22:45:00+09:00,J1,1216,1362,2578
2019-03-22T22:45:00+09:00,J2,549,622,1171
2019-03-22T22:45:00+09:00,J3,939,843,1782
2019-03-22T22:45:00+09:00,J4,627,846,1473
2019-03-22T22:45:00+09:00,J5,373,337,710
2019-03-22T23:00:00+09:00,J1,1063,1343,2406
2019-03-22T23:00:00+09:00,J2,586,636,1222
2019-03-22T23:00:00+09:00,J3,1002,911,1913
2019-03-22T23:00:00+09:00,J4,657,803,1460
2019-03-22T23:00:00+09:00,J5,368,415,783
2019-03-22T23:15:00+09:00,J1,1185,1296,2481
2019-03-22T23:15:00+09:00,J2,556,661,1217
2019-03-22T23:15:00+09:00,J3,1065,968,2033
2019-03-22T23:15:00+09:00,J4,626,842,1468
2019-03-22T23:15:00+09:00,J5,428,451,879
2019-03-22T23:30:00+09:00,J1,1032,1197,2229
2019-03-22T23:30:00+09:00,J2,456,671,1127
2019-03-22T23:30:00+09:00,J3,998,872,1870
2019-03-22T23:30:00+09:00,J4,715,874,1589
2019-03-22T23:30:00+09:00,J5,404,373,777
2019-03-22T23:45:00+09:00,J1,1032,1173,2205
2019-03-22T23:45:00+09:00,J2,482,521,1003
2019-03-22T23:45:00+09:00,J3,870,772,1642
2019-03-22T23:45:00+09:00,J4,622,778,1400
2019-03-22T23:45:00+09:00,J5,386,383,769
2019-03-23T00:00:00+09:00,J1,959,1011,1970
2019-03-23T00:00:00+09:00,J2,480,484,964
2019-03-23T00:00:00+09:00,J3,801,732,1533
2019-03-23T00:00:00+09:00,J4,548,693,1241
2019-03-23T00:00:00+09:00,J5,422,504,926
2019-03-23T00:15:00+09:00,J1,693,677,1370
2019-03-23T00:15:00+09:00,J2,397,453,850
2019-03-23T00:15:00+09:00,J3,924,907,1831
2019-03-23T00:15:00+09:00,J4,530,572,1102
2019-03-23T00:15:00+09:00,J5,557,577,1134
2019-03-23T00:30:00+09:00,J1,596,508,1104
2019-03-23T00:30:00+09:00,J2,374,391,765
2019-03-23T00:30:00+09:00,J3,985,867,1852
2019-03-23T00:30:00+09:00,J4,706,712,1418
2019-03-23T00:30:00+09:00,J5,466,466,932
2019-03-23T00:45:00+09:00,J1,427,360,787
2019-03-23T00:45:00+09:00,J2,382,392,774
2019-03-23T00:45:00+09:00,J3,903,895,1798
2019-03-23T00:45:00+09:00,J4,694,692,1386
2019-03-23T00:45:00+09:00,J5,453,454,907
2019-03-23T05:45:00+09:00,J1,988,944,1932
2019-03-23T05:45:00+09:00,J2,719,655,1374
2019-03-23T05:45:00+09:00,J3,947,778,1725
2019-03-23T05:45:00+09:00,J4,744,804,1548
2019-03-23T05:45:00+09:00,J5,416,431,847
2019-03-23T06:00:00+09:00,J1,921,1024,1945
2019-03-23T06:00:00+09:00,J2,624,549,1173
2019-03-23T06:00:00+09:00,J3,1012,818,1830
2019-03-23T06:00:00+09:00,J4,827,795,1622
2019-03-23T06:00:00+09:00,J5,508,525,1033
2019-03-23T06:15:00+09:00,J1,1059,1053,2112
2019-03-23T06:15:00+09:00,J2,548,528,1076
2019-03-23T06:15:00+09:00,J3,985,931,1916
2019-03-23T06:15:00+09:00,J4,852,748,1600
2019-03-23T06:15:00+09:00,J5,545,538,1083
2019-03-23T06:30:00+09:00,J1,1033,1080,2113
2019-03-23T06:30:00+09:00,J2,631,582,1213
2019-03-23T06:30:00+09:00,J3,961,837,1798
2019-03-23T06:30:00+09:00,J4,727,791,1518
2019-03-23T06:30:00+09:00,J5,534,508,1042
2019-03-23T06:45:00+09:00,J1,1050,1051,2101
2019-03-23T06:45:00+09:00,J2,784,678,1462
2019-03-23T06:45:00+09:00,J3,1019,794,1813
2019-03-23T06:45:00+09:00,J4,773,794,1567
2019-03-23T06:45:00+09:00,J5,520,519,1039
2019-03-23T07:00:00+09:00,J1,924,949,1873
2019-03-23T07:00:00+09:00,J2,745,751,1496
2019-03-23T07:00:00+09:00,J3,1001,840,1841
2019-03-23T07:00:00+09:00,J4,848,801,1649
2019-03-23T07:00:00+09:00,J5,573,525,1098
2019-03-23T07:15:00+09:00,J1,1070,1162,2232
2019-03-23T07:15:00+09:00,J2,729,720,1449
2019-03-23T07:15:00+09:00,J3,997,820,1817
2019-03-23T07:15:00+09:00,J4,818,767,1585
2019-03-23T07:15:00+09:00,J5,531,495,1026
2019-03-23T07:30:00+09:00,J1,1151,1206,2357
2019-03-23T07:30:00+09:00,J2,730,694,1424
2019-03-23T07:30:00+09:00,J3,1022,842,1864
2019-03-23T07:30:00+09:00,J4,879,844,1723
2019-03-23T07:30:00+09:00,J5,590,578,1168
2019-03-23T07:45:00+09:00,J1,1124,1217,2341
2019-03-23T07:45:00+09:00,J2,722,701,1423
2019-03-23T07:45:00+09:00,J3,932,833,1765
2019-03-23T07:45:00+09:00,J4,852,864,1716
2019-03-23T07:45:00+09:00,J5,621,622,1243
2019-03-23T08:00:00+09:00,J1,1331,1434,2765
2019-03-23T08:00:00+09:00,J2,855,748,1603
2019-03-23T08:00:00+09:00,J3,1225,1097,2322
2019-03-23T08:00:00+09:00,J4,859,893,1752
2019-03-23T08:00:00+09:00,J5,541,529,1070
2019-03-23T08:15:00+09:00,J1,1339,1406,2745
2019-03-23T08:15:00+09:00,J2,828,671,1499
2019-03-23T08:15:00+09:00,J3,1289,1116,2405
2019-03-23T08:15:00+09:00,J4,905,982,1887
2019-03-23T08:15:00+09:00,J5,579,622,1201
2019-03-23T08:30:00+09:00,J1,1253,1366,2619
2019-03-23T08:30:00+09:00,J2,818,891,1709
2019-03-23T08:30:00+09:00,J3,1256,1197,2453
2019-03-23T08:30:00+09:00,J4,924,977,1901
2019-03-23T08:30:00+09:00,J5,656,704,1360
2019-03-23T08:45:00+09:00,J1,1357,1337,2694
2019-03-23T08:45:00+09:00,J2,863,734,1597
2019-03-23T08:45:00+09:00,J3,1226,1196,2422
2019-03-23T08:45:00+09:00,J4,901,914,1815
2019-03-23T08:45:00+09:00,J5,649,680,1329
2019-03-23T09:00:00+09:00,J1,1222,1274,2496
2019-03-23T09:00:00+09:00,J2,721,746,1467
2019-03-23T09:00:00+09:00,J3,895,923,1818
2019-03-23T09:00:00+09:00,J4,879,891,1770
2019-03-23T09:00:00+09:00,J5,358,418,776
2019-03-23T09:15:00+09:00,J1,1215,1336,2551
2019-03-23T09:15:00+09:00,J2,842,709,1551
2019-03-23T09:15:00+09:00,J3,1062,1023,2085
2019-03-23T09:15:00+09:00,J4,892,852,1744
2019-03-23T09:15:00+09:00,J5,368,360,728
2019-03-23T09:30:00+09:00,J1,1257,1438,2695
2019-03-23T09:30:00+09:00,J2,767,673,1440
2019-03-23T09:30:00+09:00,J3,923,939,1862
2019-03-23T09:30:00+09:00,J4,1045,890,1935
2019-03-23T09:30:00+09:00,J5,412,396,808
2019-03-23T09:45:00+09:00,J1,1319,1368,2687
2019-03-23T09:45:00+09:00,J2,772,733,1505
2019-03-23T09:45:00+09:00,J3,950,981,1931
2019-03-23T09:45:00+09:00,J4,889,910,1799
2019-03-23T09:45:00+09:00,J5,405,335,740
2019-03-23T10:00:00+09:00,J1,1300,1325,2625
2019-03-23T10:00:00+09:00,J2,671,659,1330
2019-03-23T10:00:00+09:00,J3,953,959,1912
2019-03-23T10:00:00+09:00,J4,875,885,1760
2019-03-23T10:00:00+09:00,J5,348,368,716
2019-03-23T10:15:00+09:00,J1,1290,1256,2546
2019-03-23T10:15:00+09:00,J2,741,639,1380
2019-03-23T10:15:00+09:00,J3,980,1035,2015
2019-03-23T10:15:00+09:00,J4,921,909,1830
2019-03-23T10:15:00+09:00,J5,395,389,784
2019-03-23T10:30:00+09:00,J1,1297,1319,2616
2019-03-23T10:30:00+09:00,J2,681,685,1366
2019-03-23T10:30:00+09:00,J3,1037,1069,2106
2019-03-23T10:30:00+09:00,J4,962,908,1870
2019-03-23T10:30:00+09:00,J5,437,376,813
2019-03-23T10:45:00+09:00,J1,1192,1355,2547
2019-03-23T10:45:00+09:00,J2,683,623,1306
2019-03-23T10:45:00+09:00,J3,1043,1102,2145
2019-03-23T10:45:00+09:00,J4,975,886,1861
2019-03-23T10:45:00+09:00,J5,397,395,792
2019-03-23T11:00:00+09:00,J1,1190,1367,2557
2019-03-23T11:00:00+09:00,J2,733,617,1350
2019-03-23T11:00:00+09:00,J3,1035,1056,2091
2019-03-23T11:00:00+09:00,J4,891,933,1824
2019-03-23T11:00:00+09:00,J5,606,563,1169
2019-03-23T11:15:00+09:00,J1,1171,1278,2449
2019-03-23T11:15:00+09:00,J2,714,597,1311
2019-03-23T11:15:00+09:00,J3,941,1032,1973
2019-03-23T11:15:00+09:00,J4,949,951,1900
2019-03-23T11:15:00+09:00,J5,647,668,1315
2019-03-23T11:30:00+09:00,J1,1221,1385,2606
2019-03-23T11:30:00+09:00,J2,748,656,1404
2019-03-23T11:30:00+09:00,J3,1141,1044,2185
2019-03-23T11:30:00+09:00,J4,956,927,1883
2019-03-23T11:30:00+09:00,J5,636,682,1318
2019-03-23T11:45:00+09:00,J1,1215,1384,2599
2019-03-23T11:45:00+09:00,J2,741,734,1475
2019-03-23T11:45:00+09:00,J3,1296,1056,2352
2019-03-23T11:45:00+09:00,J4,940,935,1875
2019-03-23T11:45:00+09:00,J5,679,652,1331
2019-03-23T12:00:00+09:00,J1,1206,1403,2609
2019-03-23T12:00:00+09:00,J2,790,695,1485
2019-03-23T12:00:00+09:00,J3,1119,1058,2177
2019-03-23T12:00:00+09:00,J4,930,954,1884
2019-03-23T12:00:00+09:00,J5,641,688,1329
2019-03-23T12:15:00+09:00,J1,1199,1374,2573
2019-03-23T12:15:00+09:00,J2,762,707,1469
2019-03-23T12:15:00+09:00,J3,1104,1044,2148
2019-03-23T12:15:00+09:00,J4,988,963,1951
2019-03-23T12:15:00+09:00,J5,606,615,1221
2019-03-23T12:30:00+09:00,J1,1140,1376,2516
2019-03-23T12:30:00+09:00,J2,781,697,1478
2019-03-23T12:30:00+09:00,J3,1173,1126,2299
2019-03-23T12:30:00+09:00,J4,869,1040,1909
2019-03-23T12:30:00+09:00,J5,466,520,986
2019-03-23T12:45:00+09:00,J1,1191,1327,2518
2019-03-23T12:45:00+09:00,J2,741,728,1469
2019-03-23T12:45:00+09:00,J3,1129,1095,2224
2019-03-23T12:45:00+09:00,J4,824,1006,1830
2019-03-23T12:45:00+09:00,J5,369,454,823
2019-03-23T13:00:00+09:00,J1,1119,1452,2571
2019-03-23T13:00:00+09:00,J2,794,760,1554
2019-03-23T13:00:00+09:00,J3,1100,1094,2194
2019-03-23T13:00:00+09:00,J4,768,938,1706
2019-03-23T13:00:00+09:00,J5,394,469,863
2019-03-23T13:15:00+09:00,J1,1098,1414,2512
2019-03-23T13:15:00+09:00,J2,774,763,1537
2019-03-23T13:15:00+09:00,J3,1100,1147,2247
2019-03-23T13:15:00+09:00,J4,739,881,1620
2019-03-23T13:15:00+09:00,J5,335,429,764
2019-03-23T13:30:00+09:00,J1,1146,1412,2558
2019-03-23T13:30:00+09:00,J2,779,717,1496
2019-03-23T13:30:00+09:00,J3,1200,1054,2254
2019-03-23T13:30:00+09:00,J4,772,912,1684
2019-03-23T13:30:00+09:00,J5,374,436,810
2019-03-23T13:45:00+09:00,J1,1134,1372,2506
2019-03-23T13:45:00+09:00,J2,772,710,1482
2019-03-23T13:45:00+09:00,J3,1106,1129,2235
2019-03-23T13:45:00+09:00,J4,858,826,1684
2019-03-23T13:45:00+09:00,J5,492,574,1066
2019-03-23T14:00:00+09:00,J1,1187,1384,2571
2019-03-23T14:00:00+09:00,J2,795,764,1559
2019-03-23T14:00:00+09:00,J3,1073,1146,2219
2019-03-23T14:00:00+09:00,J4,795,803,1598
2019-03-23T14:00:00+09:00,J5,586,581,1167
2019-03-23T14:15:00+09:00,J1,1125,1423,2548
2019-03-23T14:15:00+09:00,J2,760,804,1564
2019-03-23T14:15:00+09:00,J3,1065,1098,2163
2019-03-23T14:15:00+09:00,J4,782,914,1696
2019-03-23T14:15:00+09:00,J5,611,556,1167
2019-03-23T14:30:00+09:00,J1,1174,1391,2565
2019-03-23T14:30:00+09:00,J2,883,775,1658
2019-03-23T14:30:00+09:00,J3,1163,1084,2247
2019-03-23T14:30:00+09:00,J4,878,958,1836
2019-03-23T14:30:00+09:00,J5,572,624,1196
2019-03-23T14:45:00+09:00,J1,1183,1343,2526
2019-03-23T14:45:00+09:00,J2,826,793,1619
2019-03-23T14:45:00+09:00,J3,1111,1180,2291
2019-03-23T14:45:00+09:00,J4,855,907,1762
2019-03-23T14:45:00+09:00,J5,487,557,1044
2019-03-23T15:00:00+09:00,J1,1180,1411,2591
2019-03-23T15:00:00+09:00,J2,779,836,1615
2019-03-23T15:00:00+09:00,J3,1054,1130,2184
2019-03-23T15:00:00+09:00,J4,872,840,1712
2019-03-23T15:00:00+09:00,J5,417,478,895
2019-03-23T15:15:00+09:00,J1,1121,1348,2469
2019-03-23T15:15:00+09:00,J2,781,846,1627
2019-03-23T15:15:00+09:00,J3,1041,1118,2159
2019-03-23T15:15:00+09:00,J4,908,836,1744
2019-03-23T15:15:00+09:00,J5,415,461,876
2019-03-23T15:30:00+09:00,J1,1151,1433,2584
2019-03-23T15:30:00+09:00,J2,855,888,1743
2019-03-23T15:30:00+09:00,J3,1109,1195,2304
2019-03-23T15:30:00+09:00,J4,908,863,1771
2019-03-23T15:30:00+09:00,J5,414,478,892
2019-03-23T15:45:00+09:00,J1,1171,1489,2660
2019-03-23T15:45:00+09:00,J2,887,870,1757
2019-03-23T15:45:00+09:00,J3,1128,1167,2295
2019-03-23T15:45:00+09:00,J4,899,908,1807
2019-03-23T15:45:00+09:00,J5,451,527,978
2019-03-23T16:00:00+09:00,J1,1210,1428,2638
2019-03-23T16:00:00+09:00,J2,776,813,1589
2019-03-23T16:00:00+09:00,J3,1298,1213,2511
2019-03-23T16:00:00+09:00,J4,866,904,1770
2019-03-23T16:00:00+09:00,J5,456,487,943
2019-03-23T16:15:00+09:00,J1,1205,1407,2612
2019-03-23T16:15:00+09:00,J2,881,853,1734
2019-03-23T16:15:00+09:00,J3,1327,1095,2422
2019-03-23T16:15:00+09:00,J4,941,867,1808
2019-03-23T16:15:00+09:00,J5,459,527,986
2019-03-23T16:30:00+09:00,J1,1178,1373,2551
2019-03-23T16:30:00+09:00,J2,920,848,1768
2019-03-23T16:30:00+09:00,J3,1363,1153,2516
2019-03-23T16:30:00+09:00,J4,804,868,1672
2019-03-23T16:30:00+09:00,J5,546,518,1064
2019-03-23T16:45:00+09:00,J1,1212,1374,2586
2019-03-23T16:45:00+09:00,J2,999,790,1789
2019-03-23T16:45:00+09:00,J3,1398,1067,2465
2019-03-23T16:45:00+09:00,J4,955,933,1888
2019-03-23T16:45:00+09:00,J5,521,574,1095
2019-03-23T17:00:00+09:00,J1,1162,1375,2537
2019-03-23T17:00:00+09:00,J2,998,822,1820
2019-03-23T17:00:00+09:00,J3,1372,1158,2530
2019-03-23T17:00:00+09:00,J4,1080,1010,2090
2019-03-23T17:00:00+09:00,J5,536,567,1103
2019-03-23T17:15:00+09:00,J1,1213,1452,2665
2019-03-23T17:15:00+09:00,J2,906,722,1628
2019-03-23T17:15:00+09:00,J3,1433,1156,2589
2019-03-23T17:15:00+09:00,J4,1103,966,2069
2019-03-23T17:15:00+09:00,J5,616,699,1315
2019-03-23T17:30:00+09:00,J1,1172,1398,2570
2019-03-23T17:30:00+09:00,J2,927,749,1676
2019-03-23T17:30:00+09:00,J3,1544,1158,2702
2019-03-23T17:30:00+09:00,J4,1097,1036,2133
2019-03-23T17:30:00+09:00,J5,574,688,1262
2019-03-23T17:45:00+09:00,J1,1148,1396,2544
2019-03-23T17:45:00+09:00,J2,890,691,1581
2019-03-23T17:45:00+09:00,J3,1611,1184,2795
2019-03-23T17:45:00+09:00,J4,1075,998,2073
2019-03-23T17:45:00+09:00,J5,508,630,1138
2019-03-23T18:00:00+09:00,J1,1257,1428,2685
2019-03-23T18:00:00+09:00,J2,922,732,1654
2019-03-23T18:00:00+09:00,J3,1575,1225,2800
2019-03-23T18:00:00+09:00,J4,1045,841,1886
2019-03-23T18:00:00+09:00,J5,484,612,1096
2019-03-23T18:15:00+09:00,J1,1215,1461,2676
2019-03-23T18:15:00+09:00,J2,1033,836,1869
2019-03-23T18:15:00+09:00,J3,1468,1283,2751
2019-03-23T18:15:00+09:00,J4,877,746,1623
2019-03-23T18:15:00+09:00,J5,506,628,1134
2019-03-23T18:30:00+09:00,J1,1232,1480,2712
2019-03-23T18:30:00+09:00,J2,1027,777,1804
2019-03-23T18:30:00+09:00,J3,1275,1098,2373
2019-03-23T18:30:00+09:00,J4,806,792,1598
2019-03-23T18:30:00+09:00,J5,423,501,924
2019-03-23T18:45:00+09:00,J1,1161,1343,2504
2019-03-23T18:45:00+09:00,J2,894,697,1591
2019-03-23T18:45:00+09:00,J3,1197,1071,2268
2019-03-23T18:45:00+09:00,J4,825,852,1677
2019-03-23T18:45:00+09:00,J5,381,431,812
2019-03-23T19:00:00+09:00,J1,1168,1434,2602
2019-03-23T19:00:00+09:00,J2,870,709,1579
2019-03-23T19:00:00+09:00,J3,1169,1010,2179
2019-03-23T19:00:00+09:00,J4,804,896,1700
2019-03-23T19:00:00+09:00,J5,377,427,804
2019-03-23T19:15:00+09:00,J1,1129,1444,2573
2019-03-23T19:15:00+09:00,J2,928,761,1689
2019-03-23T19:15:00+09:00,J3,1144,1098,2242
2019-03-23T19:15:00+09:00,J4,873,925,1798
2019-03-23T19:15:00+09:00,J5,386,422,808
2019-03-23T19:30:00+09:00,J1,1179,1385,2564
2019-03-23T19:30:00+09:00,J2,913,698,1611
2019-03-23T19:30:00+09:00,J3,1075,997,2072
2019-03-23T19:30:00+09:00,J4,895,818,1713
2019-03-23T19:30:00+09:00,J5,445,435,880
2019-03-23T19:45:00+09:00,J1,1148,1282,2430
2019-03-23T19:45:00+09:00,J2,754,925,1679
2019-03-23T19:45:00+09:00,J3,1000,985,1985
2019-03-23T19:45:00+09:00,J4,859,876,1735
2019-03-23T19:45:00+09:00,J5,383,382,765
2019-03-23T20:00:00+09:00,J1,1178,1357,2535
2019-03-23T20:00:00+09:00,J2,830,854,1684
2019-03-23T20:00:00+09:00,J3,1023,1045,2068
2019-03-23T20:00:00+09:00,J4,855,926,1781
2019-03-23T20:00:00+09:00,J5,369,367,736
2019-03-23T20:15:00+09:00,J1,1184,1348,2532
2019-03-23T20:15:00+09:00,J2,864,720,1584
2019-03-23T20:15:00+09:00,J3,1079,1069,2148
2019-03-23T20:15:00+09:00,J4,817,888,1705
2019-03-23T20:15:00+09:00,J5,390,411,801
2019-03-23T20:30:00+09:00,J1,1096,1269,2365
2019-03-23T20:30:00+09:00,J2,779,661,1440
2019-03-23T20:30:00+09:00,J3,1077,984,2061
2019-03-23T20:30:00+09:00,J4,706,797,1503
2019-03-23T20:30:00+09:00,J5,364,376,740
2019-03-23T20:45:00+09:00,J1,1161,1218,2379
2019-03-23T20:45:00+09:00,J2,766,759,1525
2019-03-23T20:45:00+09:00,J3,1033,946,1979
2019-03-23T20:45:00+09:00,J4,774,788,1562
2019-03-23T20:45:00+09:00,J5,370,430,800
2019-03-23T21:00:00+09:00,J1,1114,1296,2410
2019-03-23T21:00:00+09:00,J2,603,706,1309
2019-03-23T21:00:00+09:00,J3,1083,897,1980
2019-03-23T21:00:00+09:00,J4,729,869,1598
2019-03-23T21:00:00+09:00,J5,354,296,650
2019-03-23T21:15:00+09:00,J1,1115,1234,2349
2019-03-23T21:15:00+09:00,J2,574,674,1248
2019-03-23T21:15:00+09:00,J3,1090,865,1955
2019-03-23T21:15:00+09:00,J4,745,881,1626
2019-03-23T21:15:00+09:00,J5,364,328,692
2019-03-23T21:30:00+09:00,J1,1152,1250,2402
2019-03-23T21:30:00+09:00,J2,609,697,1306
2019-03-23T21:30:00+09:00,J3,1030,836,1866
2019-03-23T21:30:00+09:00,J4,773,910,1683
2019-03-23T21:30:00+09:00,J5,409,348,757
2019-03-23T21:45:00+09:00,J1,1096,1235,2331
2019-03-23T21:45:00+09:00,J2,620,689,1309
2019-03-23T21:45:00+09:00,J3,934,745,1679
2019-03-23T21:45:00+09:00,J4,774,839,1613
2019-03-23T21:45:00+09:00,J5,396,343,739
2019-03-23T22:00:00+09:00,J1,1096,1213,2309
2019-03-23T22:00:00+09:00,J2,549,615,1164
2019-03-23T22:00:00+09:00,J3,964,806,1770
2019-03-23T22:00:00+09:00,J4,709,838,1547
2019-03-23T22:00:00+09:00,J5,336,337,673
2019-03-23T22:15:00+09:00,J1,1111,1204,2315
2019-03-23T22:15:00+09:00,J2,501,650,1151
2019-03-23T22:15:00+09:00,J3,865,758,1623
2019-03-23T22:15:00+09:00,J4,708,817,1525
2019-03-23T22:15:00+09:00,J5,399,369,768
2019-03-23T22:30:00+09:00,J1,1068,1219,2287
2019-03-23T22:30:00+09:00,J2,471,598,1069
2019-03-23T22:30:00+09:00,J3,910,732,1642
2019-03-23T22:30:00+09:00,J4,699,829,1528
2019-03-23T22:30:00+09:00,J5,436,462,898
2019-03-23T22:45:00+09:00,J1,1068,1150,2218
2019-03-23T22:45:00+09:00,J2,572,662,1234
2019-03-23T22:45:00+09:00,J3,883,790,1673
2019-03-23T22:45:00+09:00,J4,733,804,1537
2019-03-23T22:45:00+09:00,J5,445,439,884
2019-03-23T23:00:00+09:00,J1,1030,1219,2249
2019-03-23T23:00:00+09:00,J2,550,599,1149
2019-03-23T23:00:00+09:00,J3,835,885,1720
2019-03-23T23:00:00+09:00,J4,759,797,1556
2019-03-23T23:00:00+09:00,J5,416,461,877
2019-03-23T23:15:00+09:00,J1,1114,1173,2287
2019-03-23T23:15:00+09:00,J2,500,645,1145
2019-03-23T23:15:00+09:00,J3,823,736,1559
2019-03-23T23:15:00+09:00,J4,777,877,1654
2019-03-23T23:15:00+09:00,J5,470,437,907
2019-03-23T23:30:00+09:00,J1,977,1065,2042
2019-03-23T23:30:00+09:00,J2,533,678,1211
2019-03-23T23:30:00+09:00,J3,873,855,1728
2019-03-23T23:30:00+09:00,J4,808,853,1661
2019-03-23T23:30:00+09:00,J5,444,466,910
2019-03-23T23:45:00+09:00,J1,1143,1196,2339
2019-03-23T23:45:00+09:00,J2,460,531,991
2019-03-23T23:45:00+09:00,J3,773,723,1496
2019-03-23T23:45:00+09:00,J4,744,761,1505
2019-03-23T23:45:00+09:00,J5,433,555,988
2019-03-24T00:00:00+09:00,J1,800,856,1656
2019-03-24T00:00:00+09:00,J2,473,449,922
2019-03-24T00:00:00+09:00,J3,716,649,1365
2019-03-24T00:00:00+09:00,J4,703,711,1414
2019-03-24T00:00:00+09:00,J5,538,544,1082
2019-03-24T00:15:00+09:00,J1,659,689,1348
2019-03-24T00:15:00+09:00,J2,421,444,865
2019-03-24T00:15:00+09:00,J3,801,772,1573
2019-03-24T00:15:00+09:00,J4,680,704,1384
2019-03-24T00:15:00+09:00,J5,545,528,1073
2019-03-24T00:30:00+09:00,J1,279,273,552
2019-03-24T00:30:00+09:00,J2,303,293,596
2019-03-24T00:30:00+09:00,J3,530,478,1008
2019-03-24T00:30:00+09:00,J4,477,452,929
2019-03-24T00:30:00+09:00,J5,276,280,556
2019-03-24T00:45:00+09:00,J1,394,356,750
2019-03-24T00:45:00+09:00,J2,569,529,1098
2019-03-24T00:45:00+09:00,J3,905,855,1760
2019-03-24T00:45:00+09:00,J4,805,748,1553
2019-03-24T00:45:00+09:00,J5,484,532,1016
2019-03-24T05:45:00+09:00,J1,815,788,1603
2019-03-24T05:45:00+09:00,J2,653,611,1264
2019-03-24T05:45:00+09:00,J3,761,557,1318
2019-03-24T05:45:00+09:00,J4,612,687,1299
2019-03-24T05:45:00+09:00,J5,348,380,728
2019-03-24T06:00:00+09:00,J1,1136,1155,2291
2019-03-24T06:00:00+09:00,J2,762,733,1495
2019-03-24T06:00:00+09:00,J3,1182,817,1999
2019-03-24T06:00:00+09:00,J4,847,872,1719
2019-03-24T06:00:00+09:00,J5,523,585,1108
2019-03-24T06:15:00+09:00,J1,1048,1023,2071
2019-03-24T06:15:00+09:00,J2,644,558,1202
2019-03-24T06:15:00+09:00,J3,1024,778,1802
2019-03-24T06:15:00+09:00,J4,784,822,1606
2019-03-24T06:15:00+09:00,J5,542,510,1052
2019-03-24T06:30:00+09:00,J1,1024,1088,2112
2019-03-24T06:30:00+09:00,J2,692,616,1308
2019-03-24T06:30:00+09:00,J3,957,748,1705
2019-03-24T06:30:00+09:00,J4,736,770,1506
2019-03-24T06:30:00+09:00,J5,512,504,1016
2019-03-24T06:45:00+09:00,J1,945,1024,1969
2019-03-24T06:45:00+09:00,J2,745,669,1414
2019-03-24T06:45:00+09:00,J3,977,707,1684
2019-03-24T06:45:00+09:00,J4,798,789,1587
2019-03-24T06:45:00+09:00,J5,521,508,1029
2019-03-24T07:00:00+09:00,J1,1022,1058,2080
2019-03-24T07:00:00+09:00,J2,689,667,1356
2019-03-24T07:00:00+09:00,J3,1002,720,1722
2019-03-24T07:00:00+09:00,J4,803,849,1652
2019-03-24T07:00:00+09:00,J5,525,469,994
2019-03-24T07:15:00+09:00,J1,996,1072,2068
2019-03-24T07:15:00+09:00,J2,632,643,1275
2019-03-24T07:15:00+09:00,J3,1006,740,1746
2019-03-24T07:15:00+09:00,J4,754,847,1601
2019-03-24T07:15:00+09:00,J5,551,541,1092
2019-03-24T07:30:00+09:00,J1,1062,1038,2100
2019-03-24T07:30:00+09:00,J2,657,706,1363
2019-03-24T07:30:00+09:00,J3,1047,787,1834
2019-03-24T07:30:00+09:00,J4,808,814,1622
2019-03-24T07:30:00+09:00,J5,542,591,1133
2019-03-24T07:45:00+09:00,J1,1099,1137,2236
2019-03-24T07:45:00+09:00,J2,649,646,1295
2019-03-24T07:45:00+09:00,J3,1022,800,1822
2019-03-24T07:45:00+09:00,J4,762,769,1531
2019-03-24T07:45:00+09:00,J5,602,553,1155
2019-03-24T08:00:00+09:00,J1,1157,1364,2521
2019-03-24T08:00:00+09:00,J2,928,748,1676
2019-03-24T08:00:00+09:00,J3,1120,1048,2168
2019-03-24T08:00:00+09:00,J4,818,871,1689
2019-03-24T08:00:00+09:00,J5,556,568,1124
2019-03-24T08:15:00+09:00,J1,1232,1300,2532
2019-03-24T08:15:00+09:00,J2,810,715,1525
2019-03-24T08:15:00+09:00,J3,1239,1124,2363
2019-03-24T08:15:00+09:00,J4,887,862,1749
2019-03-24T08:15:00+09:00,J5,538,571,1109
2019-03-24T08:30:00+09:00,J1,1278,1372,2650
2019-03-24T08:30:00+09:00,J2,771,743,1514
2019-03-24T08:30:00+09:00,J3,1269,1151,2420
2019-03-24T08:30:00+09:00,J4,899,954,1853
2019-03-24T08:30:00+09:00,J5,626,721,1347
2019-03-24T08:45:00+09:00,J1,1175,1296,2471
2019-03-24T08:45:00+09:00,J2,787,797,1584
2019-03-24T08:45:00+09:00,J3,1252,1247,2499
2019-03-24T08:45:00+09:00,J4,905,882,1787
2019-03-24T08:45:00+09:00,J5,650,611,1261
2019-03-24T09:00:00+09:00,J1,1203,1277,2480
2019-03-24T09:00:00+09:00,J2,870,732,1602
2019-03-24T09:00:00+09:00,J3,835,851,1686
2019-03-24T09:00:00+09:00,J4,872,833,1705
2019-03-24T09:00:00+09:00,J5,445,461,906
2019-03-24T09:15:00+09:00,J1,1218,1227,2445
2019-03-24T09:15:00+09:00,J2,697,681,1378
2019-03-24T09:15:00+09:00,J3,847,854,1701
2019-03-24T09:15:00+09:00,J4,938,784,1722
2019-03-24T09:15:00+09:00,J5,368,336,704
2019-03-24T09:30:00+09:00,J1,1215,1344,2559
2019-03-24T09:30:00+09:00,J2,782,840,1622
2019-03-24T09:30:00+09:00,J3,972,972,1944
2019-03-24T09:30:00+09:00,J4,799,828,1627
2019-03-24T09:30:00+09:00,J5,422,320,742
2019-03-24T09:45:00+09:00,J1,1169,1115,2284
2019-03-24T09:45:00+09:00,J2,871,828,1699
2019-03-24T09:45:00+09:00,J3,1010,1014,2024
2019-03-24T09:45:00+09:00,J4,804,891,1695
2019-03-24T09:45:00+09:00,J5,433,366,799
2019-03-24T10:00:00+09:00,J1,1115,1155,2270
2019-03-24T10:00:00+09:00,J2,805,728,1533
2019-03-24T10:00:00+09:00,J3,1028,921,1949
2019-03-24T10:00:00+09:00,J4,846,820,1666
2019-03-24T10:00:00+09:00,J5,424,353,777
2019-03-24T10:15:00+09:00,J1,1100,1256,2356
2019-03-24T10:15:00+09:00,J2,817,726,1543
2019-03-24T10:15:00+09:00,J3,1100,956,2056
2019-03-24T10:15:00+09:00,J4,905,875,1780
2019-03-24T10:15:00+09:00,J5,414,345,759
2019-03-24T10:30:00+09:00,J1,1253,1257,2510
2019-03-24T10:30:00+09:00,J2,821,764,1585
2019-03-24T10:30:00+09:00,J3,1099,940,2039
2019-03-24T10:30:00+09:00,J4,959,919,1878
2019-03-24T10:30:00+09:00,J5,373,394,767
2019-03-24T10:45:00+09:00,J1,1081,1314,2395
2019-03-24T10:45:00+09:00,J2,882,860,1742
2019-03-24T10:45:00+09:00,J3,1090,1002,2092
2019-03-24T10:45:00+09:00,J4,852,886,1738
2019-03-24T10:45:00+09:00,J5,433,367,800
2019-03-24T11:00:00+09:00,J1,1174,1330,2504
2019-03-24T11:00:00+09:00,J2,878,814,1692
2019-03-24T11:00:00+09:00,J3,1225,1075,2300
2019-03-24T11:00:00+09:00,J4,806,902,1708
2019-03-24T11:00:00+09:00,J5,583,607,1190
2019-03-24T11:15:00+09:00,J1,1162,1364,2526
2019-03-24T11:15:00+09:00,J2,783,577,1360
2019-03-24T11:15:00+09:00,J3,1229,1142,2371
2019-03-24T11:15:00+09:00,J4,703,850,1553
2019-03-24T11:15:00+09:00,J5,707,680,1387
2019-03-24T11:30:00+09:00,J1,1269,1322,2591
2019-03-24T11:30:00+09:00,J2,678,643,1321
2019-03-24T11:30:00+09:00,J3,1248,1046,2294
2019-03-24T11:30:00+09:00,J4,761,919,1680
2019-03-24T11:30:00+09:00,J5,713,653,1366
2019-03-24T11:45:00+09:00,J1,1234,1491,2725
2019-03-24T11:45:00+09:00,J2,703,670,1373
2019-03-24T11:45:00+09:00,J3,1304,1136,2440
2019-03-24T11:45:00+09:00,J4,727,867,1594
2019-03-24T11:45:00+09:00,J5,698,684,1382
2019-03-24T12:00:00+09:00,J1,1184,1412,2596
2019-03-24T12:00:00+09:00,J2,747,754,1501
2019-03-24T12:00:00+09:00,J3,1230,1077,2307
2019-03-24T12:00:00+09:00,J4,805,872,1677
2019-03-24T12:00:00+09:00,J5,666,688,1354
2019-03-24T12:15:00+09:00,J1,1159,1445,2604
2019-03-24T12:15:00+09:00,J2,744,635,1379
2019-03-24T12:15:00+09:00,J3,1101,995,2096
2019-03-24T12:15:00+09:00,J4,913,930,1843
2019-03-24T12:15:00+09:00,J5,506,524,1030
2019-03-24T12:30:00+09:00,J1,1165,1376,2541
2019-03-24T12:30:00+09:00,J2,777,677,1454
2019-03-24T12:30:00+09:00,J3,1090,1171,2261
2019-03-24T12:30:00+09:00,J4,911,956,1867
2019-03-24T12:30:00+09:00,J5,362,416,778
2019-03-24T12:45:00+09:00,J1,1100,1369,2469
2019-03-24T12:45:00+09:00,J2,831,689,1520
2019-03-24T12:45:00+09:00,J3,980,1111,2091
2019-03-24T12:45:00+09:00,J4,940,1001,1941
2019-03-24T12:45:00+09:00,J5,394,452,846
2019-03-24T13:00:00+09:00,J1,1156,1378,2534
2019-03-24T13:00:00+09:00,J2,775,676,1451
2019-03-24T13:00:00+09:00,J3,1094,1111,2205
2019-03-24T13:00:00+09:00,J4,822,969,1791
2019-03-24T13:00:00+09:00,J5,426,399,825
2019-03-24T13:15:00+09:00,J1,1102,1375,2477
2019-03-24T13:15:00+09:00,J2,794,748,1542
2019-03-24T13:15:00+09:00,J3,1029,1010,2039
2019-03-24T13:15:00+09:00,J4,834,941,1775
2019-03-24T13:15:00+09:00,J5,555,573,1128
2019-03-24T13:30:00+09:00,J1,1189,1329,2518
2019-03-24T13:30:00+09:00,J2,788,729,1517
2019-03-24T13:30:00+09:00,J3,1148,1026,2174
2019-03-24T13:30:00+09:00,J4,858,913,1771
2019-03-24T13:30:00+09:00,J5,653,675,1328
2019-03-24T13:45:00+09:00,J1,1139,1321,2460
2019-03-24T13:45:00+09:00,J2,795,703,1498
2019-03-24T13:45:00+09:00,J3,1171,957,2128
2019-03-24T13:45:00+09:00,J4,791,939,1730
2019-03-24T13:45:00+09:00,J5,650,632,1282
2019-03-24T14:00:00+09:00,J1,1183,1325,2508
2019-03-24T14:00:00+09:00,J2,803,737,1540
2019-03-24T14:00:00+09:00,J3,1140,1056,2196
2019-03-24T14:00:00+09:00,J4,770,952,1722
2019-03-24T14:00:00+09:00,J5,679,626,1305
2019-03-24T14:15:00+09:00,J1,1126,1312,2438
2019-03-24T14:15:00+09:00,J2,848,736,1584
2019-03-24T14:15:00+09:00,J3,1114,1021,2135
2019-03-24T14:15:00+09:00,J4,769,859,1628
2019-03-24T14:15:00+09:00,J5,675,632,1307
2019-03-24T14:30:00+09:00,J1,1112,1265,2377
2019-03-24T14:30:00+09:00,J2,751,664,1415
2019-03-24T14:30:00+09:00,J3,1078,1029,2107
2019-03-24T14:30:00+09:00,J4,784,864,1648
2019-03-24T14:30:00+09:00,J5,552,562,1114
2019-03-24T14:45:00+09:00,J1,1093,1457,2550
2019-03-24T14:45:00+09:00,J2,760,735,1495
2019-03-24T14:45:00+09:00,J3,1006,1113,2119
2019-03-24T14:45:00+09:00,J4,856,928,1784
2019-03-24T14:45:00+09:00,J5,509,531,1040
2019-03-24T15:00:00+09:00,J1,1102,1380,2482
2019-03-24T15:00:00+09:00,J2,676,807,1483
2019-03-24T15:00:00+09:00,J3,1001,1047,2048
2019-03-24T15:00:00+09:00,J4,775,799,1574
2019-03-24T15:00:00+09:00,J5,400,505,905
2019-03-24T15:15:00+09:00,J1,1169,1457,2626
2019-03-24T15:15:00+09:00,J2,712,745,1457
2019-03-24T15:15:00+09:00,J3,1055,1039,2094
2019-03-24T15:15:00+09:00,J4,733,856,1589
2019-03-24T15:15:00+09:00,J5,429,444,873
2019-03-24T15:30:00+09:00,J1,1156,1418,2574
2019-03-24T15:30:00+09:00,J2,727,689,1416
2019-03-24T15:30:00+09:00,J3,1087,1051,2138
2019-03-24T15:30:00+09:00,J4,730,810,1540
2019-03-24T15:30:00+09:00,J5,381,482,863
2019-03-24T15:45:00+09:00,J1,1135,1394,2529
2019-03-24T15:45:00+09:00,J2,734,686,1420
2019-03-24T15:45:00+09:00,J3,1066,1053,2119
2019-03-24T15:45:00+09:00,J4,796,868,1664
2019-03-24T15:45:00+09:00,J5,394,457,851
2019-03-24T16:00:00+09:00,J1,1145,1392,2537
2019-03-24T16:00:00+09:00,J2,655,698,1353
2019-03-24T16:00:00+09:00,J3,1240,1038,2278
2019-03-24T16:00:00+09:00,J4,725,834,1559
2019-03-24T16:00:00+09:00,J5,393,416,809
2019-03-24T16:15:00+09:00,J1,1184,1371,2555
2019-03-24T16:15:00+09:00,J2,763,742,1505
2019-03-24T16:15:00+09:00,J3,1369,1109,2478
2019-03-24T16:15:00+09:00,J4,687,771,1458
2019-03-24T16:15:00+09:00,J5,402,420,822
2019-03-24T16:30:00+09:00,J1,1173,1345,2518
2019-03-24T16:30:00+09:00,J2,796,672,1468
2019-03-24T16:30:00+09:00,J3,1319,1039,2358
2019-03-24T16:30:00+09:00,J4,738,829,1567
2019-03-24T16:30:00+09:00,J5,592,566,1158
2019-03-24T16:45:00+09:00,J1,1236,1339,2575
2019-03-24T16:45:00+09:00,J2,729,724,1453
2019-03-24T16:45:00+09:00,J3,1288,1169,2457
2019-03-24T16:45:00+09:00,J4,770,904,1674
2019-03-24T16:45:00+09:00,J5,621,620,1241
2019-03-24T17:00:00+09:00,J1,1120,1379,2499
2019-03-24T17:00:00+09:00,J2,765,753,1518
2019-03-24T17:00:00+09:00,J3,1308,1122,2430
2019-03-24T17:00:00+09:00,J4,737,848,1585
2019-03-24T17:00:00+09:00,J5,711,699,1410
2019-03-24T17:15:00+09:00,J1,1163,1489,2652
2019-03-24T17:15:00+09:00,J2,764,753,1517
2019-03-24T17:15:00+09:00,J3,1410,1100,2510
2019-03-24T17:15:00+09:00,J4,837,866,1703
2019-03-24T17:15:00+09:00,J5,720,746,1466
2019-03-24T17:30:00+09:00,J1,1228,1417,2645
2019-03-24T17:30:00+09:00,J2,881,714,1595
2019-03-24T17:30:00+09:00,J3,1358,1106,2464
2019-03-24T17:30:00+09:00,J4,903,904,1807
2019-03-24T17:30:00+09:00,J5,664,640,1304
2019-03-24T17:45:00+09:00,J1,1300,1365,2665
2019-03-24T17:45:00+09:00,J2,663,711,1374
2019-03-24T17:45:00+09:00,J3,1316,1198,2514
2019-03-24T17:45:00+09:00,J4,786,846,1632
2019-03-24T17:45:00+09:00,J5,609,593,1202
2019-03-24T18:00:00+09:00,J1,1321,1423,2744
2019-03-24T18:00:00+09:00,J2,709,723,1432
2019-03-24T18:00:00+09:00,J3,1430,1127,2557
2019-03-24T18:00:00+09:00,J4,764,703,1467
2019-03-24T18:00:00+09:00,J5,403,426,829
2019-03-24T18:15:00+09:00,J1,1306,1457,2763
2019-03-24T18:15:00+09:00,J2,642,715,1357
2019-03-24T18:15:00+09:00,J3,1266,1194,2460
2019-03-24T18:15:00+09:00,J4,701,625,1326
2019-03-24T18:15:00+09:00,J5,405,472,877
2019-03-24T18:30:00+09:00,J1,1265,1373,2638
2019-03-24T18:30:00+09:00,J2,683,738,1421
2019-03-24T18:30:00+09:00,J3,1197,1126,2323
2019-03-24T18:30:00+09:00,J4,756,809,1565
2019-03-24T18:30:00+09:00,J5,403,455,858
2019-03-24T18:45:00+09:00,J1,1163,1343,2506
2019-03-24T18:45:00+09:00,J2,676,677,1353
2019-03-24T18:45:00+09:00,J3,1063,1057,2120
2019-03-24T18:45:00+09:00,J4,748,883,1631
2019-03-24T18:45:00+09:00,J5,407,433,840
2019-03-24T19:00:00+09:00,J1,1116,1326,2442
2019-03-24T19:00:00+09:00,J2,769,688,1457
2019-03-24T19:00:00+09:00,J3,985,1058,2043
2019-03-24T19:00:00+09:00,J4,761,820,1581
2019-03-24T19:00:00+09:00,J5,412,419,831
2019-03-24T19:15:00+09:00,J1,1198,1226,2424
2019-03-24T19:15:00+09:00,J2,743,660,1403
2019-03-24T19:15:00+09:00,J3,1017,1014,2031
2019-03-24T19:15:00+09:00,J4,735,931,1666
2019-03-24T19:15:00+09:00,J5,409,480,889
2019-03-24T19:30:00+09:00,J1,1116,1271,2387
2019-03-24T19:30:00+09:00,J2,764,685,1449
2019-03-24T19:30:00+09:00,J3,955,978,1933
2019-03-24T19:30:00+09:00,J4,744,862,1606
2019-03-24T19:30:00+09:00,J5,374,411,785
2019-03-24T19:45:00+09:00,J1,1099,1295,2394
2019-03-24T19:45:00+09:00,J2,778,697,1475
2019-03-24T19:45:00+09:00,J3,972,1011,1983
2019-03-24T19:45:00+09:00,J4,709,778,1487
2019-03-24T19:45:00+09:00,J5,413,349,762
2019-03-24T20:00:00+09:00,J1,1115,1259,2374
2019-03-24T20:00:00+09:00,J2,791,723,1514
2019-03-24T20:00:00+09:00,J3,978,1029,2007
2019-03-24T20:00:00+09:00,J4,810,840,1650
2019-03-24T20:00:00+09:00,J5,442,409,851
2019-03-24T20:15:00+09:00,J1,1144,1243,2387
2019-03-24T20:15:00+09:00,J2,734,717,1451
2019-03-24T20:15:00+09:00,J3,883,914,1797
2019-03-24T20:15:00+09:00,J4,778,913,1691
2019-03-24T20:15:00+09:00,J5,402,420,822
2019-03-24T20:30:00+09:00,J1,1119,1221,2340
2019-03-24T20:30:00+09:00,J2,715,610,1325
2019-03-24T20:30:00+09:00,J3,1027,979,2006
2019-03-24T20:30:00+09:00,J4,843,793,1636
2019-03-24T20:30:00+09:00,J5,359,394,753
2019-03-24T20:45:00+09:00,J1,1117,1158,2275
2019-03-24T20:45:00+09:00,J2,714,600,1314
2019-03-24T20:45:00+09:00,J3,979,970,1949
2019-03-24T20:45:00+09:00,J4,714,764,1478
2019-03-24T20:45:00+09:00,J5,414,328,742
2019-03-24T21:00:00+09:00,J1,1088,1148,2236
2019-03-24T21:00:00+09:00,J2,604,619,1223
2019-03-24T21:00:00+09:00,J3,963,811,1774
2019-03-24T21:00:00+09:00,J4,667,698,1365
2019-03-24T21:00:00+09:00,J5,415,350,765
2019-03-24T21:15:00+09:00,J1,812,920,1732
2019-03-24T21:15:00+09:00,J2,430,502,932
2019-03-24T21:15:00+09:00,J3,819,601,1420
2019-03-24T21:15:00+09:00,J4,547,660,1207
2019-03-24T21:15:00+09:00,J5,353,277,630
2019-03-24T21:30:00+09:00,J1,1210,1280,2490
2019-03-24T21:30:00+09:00,J2,837,810,1647
2019-03-24T21:30:00+09:00,J3,1161,918,2079
2019-03-24T21:30:00+09:00,J4,790,970,1760
2019-03-24T21:30:00+09:00,J5,613,491,1104
2019-03-24T21:45:00+09:00,J1,987,1133,2120
2019-03-24T21:45:00+09:00,J2,543,515,1058
2019-03-24T21:45:00+09:00,J3,892,646,1538
2019-03-24T21:45:00+09:00,J4,752,804,1556
2019-03-24T21:45:00+09:00,J5,434,440,874
2019-03-24T22:00:00+09:00,J1,1111,1223,2334
2019-03-24T22:00:00+09:00,J2,619,591,1210
2019-03-24T22:00:00+09:00,J3,875,684,1559
2019-03-24T22:00:00+09:00,J4,747,760,1507
2019-03-24T22:00:00+09:00,J5,419,424,843
2019-03-24T22:15:00+09:00,J1,1093,1151,2244
2019-03-24T22:15:00+09:00,J2,547,594,1141
2019-03-24T22:15:00+09:00,J3,755,691,1446
2019-03-24T22:15:00+09:00,J4,732,834,1566
2019-03-24T22:15:00+09:00,J5,352,409,761
2019-03-24T22:30:00+09:00,J1,1038,1226,2264
2019-03-24T22:30:00+09:00,J2,596,559,1155
2019-03-24T22:30:00+09:00,J3,767,677,1444
2019-03-24T22:30:00+09:00,J4,727,820,1547
2019-03-24T22:30:00+09:00,J5,434,473,907
2019-03-24T22:45:00+09:00,J1,1001,1181,2182
2019-03-24T22:45:00+09:00,J2,563,582,1145
2019-03-24T22:45:00+09:00,J3,682,610,1292
2019-03-24T22:45:00+09:00,J4,802,765,1567
2019-03-24T22:45:00+09:00,J5,476,470,946
2019-03-24T23:00:00+09:00,J1,1018,1114,2132
2019-03-24T23:00:00+09:00,J2,667,578,1245
2019-03-24T23:00:00+09:00,J3,698,673,1371
2019-03-24T23:00:00+09:00,J4,864,777,1641
2019-03-24T23:00:00+09:00,J5,537,508,1045
2019-03-24T23:15:00+09:00,J1,981,1126,2107
2019-03-24T23:15:00+09:00,J2,775,707,1482
2019-03-24T23:15:00+09:00,J3,762,734,1496
2019-03-24T23:15:00+09:00,J4,788,820,1608
2019-03-24T23:15:00+09:00,J5,530,473,1003
2019-03-24T23:30:00+09:00,J1,975,1069,2044
2019-03-24T23:30:00+09:00,J2,668,678,1346
2019-03-24T23:30:00+09:00,J3,759,691,1450
2019-03-24T23:30:00+09:00,J4,726,803,1529
2019-03-24T23:30:00+09:00,J5,553,475,1028
2019-03-24T23:45:00+09:00,J1,963,1102,2065
2019-03-24T23:45:00+09:00,J2,697,644,1341
2019-03-24T23:45:00+09:00,J3,706,664,1370
2019-03-24T23:45:00+09:00,J4,671,742,1413
2019-03-24T23:45:00+09:00,J5,562,496,1058
2019-03-25T00:00:00+09:00,J1,786,835,1621
2019-03-25T00:00:00+09:00,J2,710,681,1391
2019-03-25T00:00:00+09:00,J3,711,655,1366
2019-03-25T00:00:00+09:00,J4,620,718,1338
2019-03-25T00:00:00+09:00,J5,568,543,1111
2019-03-25T00:15:00+09:00,J1,648,597,1245
2019-03-25T00:15:00+09:00,J2,717,676,1393
2019-03-25T00:15:00+09:00,J3,833,775,1608
2019-03-25T00:15:00+09:00,J4,727,693,1420
2019-03-25T00:15:00+09:00,J5,511,507,1018
2019-03-25T00:30:00+09:00,J1,557,579,1136
2019-03-25T00:30:00+09:00,J2,674,587,1261
2019-03-25T00:30:00+09:00,J3,880,787,1667
2019-03-25T00:30:00+09:00,J4,810,748,1558
2019-03-25T00:30:00+09:00,J5,447,470,917
2019-03-25T00:45:00+09:00,J1,493,552,1045
2019-03-25T00:45:00+09:00,J2,626,548,1174
2019-03-25T00:45:00+09:00,J3,841,737,1578
2019-03-25T00:45:00+09:00,J4,752,770,1522
2019-03-25T00:45:00+09:00,J5,438,465,903
2019-03-25T05:45:00+09:00,J1,693,657,1350
2019-03-25T05:45:00+09:00,J2,658,659,1317
2019-03-25T05:45:00+09:00,J3,924,748,1672
2019-03-25T05:45:00+09:00,J4,846,870,1716
2019-03-25T05:45:00+09:00,J5,503,457,960
2019-03-25T06:00:00+09:00,J1,702,716,1418
2019-03-25T06:00:00+09:00,J2,649,604,1253
2019-03-25T06:00:00+09:00,J3,1035,790,1825
2019-03-25T06:00:00+09:00,J4,894,896,1790
2019-03-25T06:00:00+09:00,J5,500,488,988
2019-03-25T06:15:00+09:00,J1,793,746,1539
2019-03-25T06:15:00+09:00,J2,577,528,1105
2019-03-25T06:15:00+09:00,J3,990,843,1833
2019-03-25T06:15:00+09:00,J4,843,879,1722
2019-03-25T06:15:00+09:00,J5,581,537,1118
2019-03-25T06:30:00+09:00,J1,831,897,1728
2019-03-25T06:30:00+09:00,J2,590,513,1103
2019-03-25T06:30:00+09:00,J3,875,776,1651
2019-03-25T06:30:00+09:00,J4,766,749,1515
2019-03-25T06:30:00+09:00,J5,645,552,1197
2019-03-25T06:45:00+09:00,J1,943,955,1898
2019-03-25T06:45:00+09:00,J2,624,534,1158
2019-03-25T06:45:00+09:00,J3,924,828,1752
2019-03-25T06:45:00+09:00,J4,734,797,1531
2019-03-25T06:45:00+09:00,J5,580,502,1082
2019-03-25T07:00:00+09:00,J1,1112,1153,2265
2019-03-25T07:00:00+09:00,J2,923,785,1708
2019-03-25T07:00:00+09:00,J3,1010,953,1963
2019-03-25T07:00:00+09:00,J4,847,874,1721
2019-03-25T07:00:00+09:00,J5,606,575,1181
2019-03-25T07:15:00+09:00,J1,1110,1161,2271
2019-03-25T07:15:00+09:00,J2,890,653,1543
2019-03-25T07:15:00+09:00,J3,850,954,1804
2019-03-25T07:15:00+09:00,J4,842,973,1815
2019-03-25T07:15:00+09:00,J5,651,525,1176
2019-03-25T07:30:00+09:00,J1,1052,1164,2216
2019-03-25T07:30:00+09:00,J2,749,666,1415
2019-03-25T07:30:00+09:00,J3,1207,1106,2313
2019-03-25T07:30:00+09:00,J4,966,988,1954
2019-03-25T07:30:00+09:00,J5,593,610,1203
2019-03-25T07:45:00+09:00,J1,1201,1217,2418
2019-03-25T07:45:00+09:00,J2,738,555,1293
2019-03-25T07:45:00+09:00,J3,1188,1117,2305
2019-03-25T07:45:00+09:00,J4,903,1037,1940
2019-03-25T07:45:00+09:00,J5,739,704,1443
2019-03-25T08:00:00+09:00,J1,1377,1346,2723
2019-03-25T08:00:00+09:00,J2,1049,777,1826
2019-03-25T08:00:00+09:00,J3,1375,1279,2654
2019-03-25T08:00:00+09:00,J4,957,1045,2002
2019-03-25T08:00:00+09:00,J5,630,654,1284
2019-03-25T08:15:00+09:00,J1,1318,1322,2640
2019-03-25T08:15:00+09:00,J2,1144,755,1899
2019-03-25T08:15:00+09:00,J3,1429,1474,2903
2019-03-25T08:15:00+09:00,J4,858,1133,1991
2019-03-25T08:15:00+09:00,J5,712,747,1459
2019-03-25T08:30:00+09:00,J1,1444,1365,2809
2019-03-25T08:30:00+09:00,J2,1126,705,1831
2019-03-25T08:30:00+09:00,J3,1355,1356,2711
2019-03-25T08:30:00+09:00,J4,773,1154,1927
2019-03-25T08:30:00+09:00,J5,633,673,1306
2019-03-25T08:45:00+09:00,J1,1317,1173,2490
2019-03-25T08:45:00+09:00,J2,812,616,1428
2019-03-25T08:45:00+09:00,J3,1147,1240,2387
2019-03-25T08:45:00+09:00,J4,679,957,1636
2019-03-25T08:45:00+09:00,J5,420,523,943
2019-03-25T09:00:00+09:00,J1,1190,1230,2420
2019-03-25T09:00:00+09:00,J2,746,697,1443
2019-03-25T09:00:00+09:00,J3,1021,961,1982
2019-03-25T09:00:00+09:00,J4,788,943,1731
2019-03-25T09:00:00+09:00,J5,397,464,861
2019-03-25T09:15:00+09:00,J1,1183,1082,2265
2019-03-25T09:15:00+09:00,J2,845,665,1510
2019-03-25T09:15:00+09:00,J3,1031,987,2018
2019-03-25T09:15:00+09:00,J4,805,951,1756
2019-03-25T09:15:00+09:00,J5,492,493,985
2019-03-25T09:30:00+09:00,J1,1208,1109,2317
2019-03-25T09:30:00+09:00,J2,854,618,1472
2019-03-25T09:30:00+09:00,J3,952,1022,1974
2019-03-25T09:30:00+09:00,J4,785,990,1775
2019-03-25T09:30:00+09:00,J5,428,409,837
2019-03-25T09:45:00+09:00,J1,1107,1145,2252
2019-03-25T09:45:00+09:00,J2,684,608,1292
2019-03-25T09:45:00+09:00,J3,947,910,1857
2019-03-25T09:45:00+09:00,J4,711,887,1598
2019-03-25T09:45:00+09:00,J5,428,389,817
2019-03-25T10:00:00+09:00,J1,1041,1082,2123
2019-03-25T10:00:00+09:00,J2,692,698,1390
2019-03-25T10:00:00+09:00,J3,969,887,1856
2019-03-25T10:00:00+09:00,J4,794,843,1637
2019-03-25T10:00:00+09:00,J5,407,411,818
2019-03-25T10:15:00+09:00,J1,1013,1022,2035
2019-03-25T10:15:00+09:00,J2,663,630,1293
2019-03-25T10:15:00+09:00,J3,932,862,1794
2019-03-25T10:15:00+09:00,J4,795,899,1694
2019-03-25T10:15:00+09:00,J5,393,383,776
2019-03-25T10:30:00+09:00,J1,1120,1010,2130
2019-03-25T10:30:00+09:00,J2,678,654,1332
2019-03-25T10:30:00+09:00,J3,844,853,1697
2019-03-25T10:30:00+09:00,J4,799,976,1775
2019-03-25T10:30:00+09:00,J5,405,415,820
2019-03-25T10:45:00+09:00,J1,1012,1104,2116
2019-03-25T10:45:00+09:00,J2,656,681,1337
2019-03-25T10:45:00+09:00,J3,899,864,1763
2019-03-25T10:45:00+09:00,J4,747,854,1601
2019-03-25T10:45:00+09:00,J5,358,390,748
2019-03-25T11:00:00+09:00,J1,1044,1102,2146
2019-03-25T11:00:00+09:00,J2,785,781,1566
2019-03-25T11:00:00+09:00,J3,950,911,1861
2019-03-25T11:00:00+09:00,J4,641,791,1432
2019-03-25T11:00:00+09:00,J5,355,373,728
2019-03-25T11:15:00+09:00,J1,1084,1195,2279
2019-03-25T11:15:00+09:00,J2,790,722,1512
2019-03-25T11:15:00+09:00,J3,1114,1092,2206
2019-03-25T11:15:00+09:00,J4,650,770,1420
2019-03-25T11:15:00+09:00,J5,632,603,1235
2019-03-25T11:30:00+09:00,J1,977,1067,2044
2019-03-25T11:30:00+09:00,J2,873,766,1639
2019-03-25T11:30:00+09:00,J3,1220,1124,2344
2019-03-25T11:30:00+09:00,J4,690,817,1507
2019-03-25T11:30:00+09:00,J5,653,643,1296
2019-03-25T11:45:00+09:00,J1,996,1045,2041
2019-03-25T11:45:00+09:00,J2,866,754,1620
2019-03-25T11:45:00+09:00,J3,1325,1217,2542
2019-03-25T11:45:00+09:00,J4,711,696,1407
2019-03-25T11:45:00+09:00,J5,674,696,1370
2019-03-25T12:00:00+09:00,J1,1017,1094,2111
2019-03-25T12:00:00+09:00,J2,923,827,1750
2019-03-25T12:00:00+09:00,J3,1242,1200,2442
2019-03-25T12:00:00+09:00,J4,727,742,1469
2019-03-25T12:00:00+09:00,J5,699,714,1413
2019-03-25T12:15:00+09:00,J1,1059,1118,2177
2019-03-25T12:15:00+09:00,J2,934,895,1829
2019-03-25T12:15:00+09:00,J3,1203,1092,2295
2019-03-25T12:15:00+09:00,J4,918,949,1867
2019-03-25T12:15:00+09:00,J5,726,667,1393
2019-03-25T12:30:00+09:00,J1,988,1120,2108
2019-03-25T12:30:00+09:00,J2,937,830,1767
2019-03-25T12:30:00+09:00,J3,1160,998,2158
2019-03-25T12:30:00+09:00,J4,965,958,1923
2019-03-25T12:30:00+09:00,J5,721,788,1509
2019-03-25T12:45:00+09:00,J1,1050,1151,2201
2019-03-25T12:45:00+09:00,J2,961,859,1820
2019-03-25T12:45:00+09:00,J3,1103,1048,2151
2019-03-25T12:45:00+09:00,J4,914,934,1848
2019-03-25T12:45:00+09:00,J5,696,744,1440
2019-03-25T13:00:00+09:00,J1,1072,1175,2247
2019-03-25T13:00:00+09:00,J2,891,918,1809
2019-03-25T13:00:00+09:00,J3,1075,970,2045
2019-03-25T13:00:00+09:00,J4,980,887,1867
2019-03-25T13:00:00+09:00,J5,701,666,1367
2019-03-25T13:15:00+09:00,J1,975,1115,2090
2019-03-25T13:15:00+09:00,J2,956,868,1824
2019-03-25T13:15:00+09:00,J3,1074,961,2035
2019-03-25T13:15:00+09:00,J4,962,952,1914
2019-03-25T13:15:00+09:00,J5,650,654,1304
2019-03-25T13:30:00+09:00,J1,1005,1132,2137
2019-03-25T13:30:00+09:00,J2,915,807,1722
2019-03-25T13:30:00+09:00,J3,1124,971,2095
2019-03-25T13:30:00+09:00,J4,964,895,1859
2019-03-25T13:30:00+09:00,J5,673,667,1340
2019-03-25T13:45:00+09:00,J1,1032,1066,2098
2019-03-25T13:45:00+09:00,J2,847,774,1621
2019-03-25T13:45:00+09:00,J3,1063,994,2057
2019-03-25T13:45:00+09:00,J4,908,868,1776
2019-03-25T13:45:00+09:00,J5,643,662,1305
2019-03-25T14:00:00+09:00,J1,1005,1135,2140
2019-03-25T14:00:00+09:00,J2,977,877,1854
2019-03-25T14:00:00+09:00,J3,1022,955,1977
2019-03-25T14:00:00+09:00,J4,903,882,1785
2019-03-25T14:00:00+09:00,J5,629,617,1246
2019-03-25T14:15:00+09:00,J1,1001,1113,2114
2019-03-25T14:15:00+09:00,J2,923,776,1699
2019-03-25T14:15:00+09:00,J3,1130,981,2111
2019-03-25T14:15:00+09:00,J4,1015,851,1866
2019-03-25T14:15:00+09:00,J5,622,647,1269
2019-03-25T14:30:00+09:00,J1,1050,1165,2215
2019-03-25T14:30:00+09:00,J2,881,729,1610
2019-03-25T14:30:00+09:00,J3,1143,1029,2172
2019-03-25T14:30:00+09:00,J4,957,903,1860
2019-03-25T14:30:00+09:00,J5,593,655,1248
2019-03-25T14:45:00+09:00,J1,1020,1121,2141
2019-03-25T14:45:00+09:00,J2,765,657,1422
2019-03-25T14:45:00+09:00,J3,1212,1094,2306
2019-03-25T14:45:00+09:00,J4,854,819,1673
2019-03-25T14:45:00+09:00,J5,603,602,1205
2019-03-25T15:00:00+09:00,J1,980,1135,2115
2019-03-25T15:00:00+09:00,J2,757,655,1412
2019-03-25T15:00:00+09:00,J3,1118,1069,2187
2019-03-25T15:00:00+09:00,J4,911,848,1759
2019-03-25T15:00:00+09:00,J5,572,543,1115
2019-03-25T15:15:00+09:00,J1,1041,1143,2184
2019-03-25T15:15:00+09:00,J2,735,693,1428
2019-03-25T15:15:00+09:00,J3,1134,1080,2214
2019-03-25T15:15:00+09:00,J4,859,826,1685
2019-03-25T15:15:00+09:00,J5,615,617,1232
2019-03-25T15:30:00+09:00,J1,1045,1146,2191
2019-03-25T15:30:00+09:00,J2,707,646,1353
2019-03-25T15:30:00+09:00,J3,1093,1025,2118
2019-03-25T15:30:00+09:00,J4,948,892,1840
2019-03-25T15:30:00+09:00,J5,641,673,1314
2019-03-25T15:45:00+09:00,J1,1063,1225,2288
2019-03-25T15:45:00+09:00,J2,741,744,1485
2019-03-25T15:45:00+09:00,J3,1037,919,1956
2019-03-25T15:45:00+09:00,J4,927,839,1766
2019-03-25T15:45:00+09:00,J5,677,624,1301
2019-03-25T16:00:00+09:00,J1,1053,1232,2285
2019-03-25T16:00:00+09:00,J2,828,772,1600
2019-03-25T16:00:00+09:00,J3,1081,978,2059
2019-03-25T16:00:00+09:00,J4,862,889,1751
2019-03-25T16:00:00+09:00,J5,656,620,1276
2019-03-25T16:15:00+09:00,J1,1108,1239,2347
2019-03-25T16:15:00+09:00,J2,853,719,1572
2019-03-25T16:15:00+09:00,J3,1160,1035,2195
2019-03-25T16:15:00+09:00,J4,883,840,1723
2019-03-25T16:15:00+09:00,J5,662,595,1257
2019-03-25T16:30:00+09:00,J1,1029,1162,2191
2019-03-25T16:30:00+09:00,J2,849,713,1562
2019-03-25T16:30:00+09:00,J3,1152,1037,2189
2019-03-25T16:30:00+09:00,J4,919,847,1766
2019-03-25T16:30:00+09:00,J5,523,453,976
2019-03-25T16:45:00+09:00,J1,1047,1174,2221
2019-03-25T16:45:00+09:00,J2,890,781,1671
2019-03-25T16:45:00+09:00,J3,1145,1053,2198
2019-03-25T16:45:00+09:00,J4,874,848,1722
2019-03-25T16:45:00+09:00,J5,468,411,879
2019-03-25T17:00:00+09:00,J1,1005,1208,2213
2019-03-25T17:00:00+09:00,J2,879,678,1557
2019-03-25T17:00:00+09:00,J3,1110,990,2100
2019-03-25T17:00:00+09:00,J4,895,853,1748
2019-03-25T17:00:00+09:00,J5,527,502,1029
2019-03-25T17:15:00+09:00,J1,1047,1236,2283
2019-03-25T17:15:00+09:00,J2,950,811,1761
2019-03-25T17:15:00+09:00,J3,1118,1051,2169
2019-03-25T17:15:00+09:00,J4,935,888,1823
2019-03-25T17:15:00+09:00,J5,579,572,1151
2019-03-25T17:30:00+09:00,J1,1066,1333,2399
2019-03-25T17:30:00+09:00,J2,1052,942,1994
2019-03-25T17:30:00+09:00,J3,1220,1068,2288
2019-03-25T17:30:00+09:00,J4,915,893,1808
2019-03-25T17:30:00+09:00,J5,639,674,1313
2019-03-25T17:45:00+09:00,J1,1195,1263,2458
2019-03-25T17:45:00+09:00,J2,921,886,1807
2019-03-25T17:45:00+09:00,J3,1195,1078,2273
2019-03-25T17:45:00+09:00,J4,1040,905,1945
2019-03-25T17:45:00+09:00,J5,742,657,1399
2019-03-25T18:00:00+09:00,J1,1102,1365,2467
2019-03-25T18:00:00+09:00,J2,944,840,1784
2019-03-25T18:00:00+09:00,J3,1295,1077,2372
2019-03-25T18:00:00+09:00,J4,959,893,1852
2019-03-25T18:00:00+09:00,J5,654,660,1314
2019-03-25T18:15:00+09:00,J1,1181,1380,2561
2019-03-25T18:15:00+09:00,J2,978,860,1838
2019-03-25T18:15:00+09:00,J3,1389,1060,2449
2019-03-25T18:15:00+09:00,J4,1044,857,1901
2019-03-25T18:15:00+09:00,J5,720,675,1395
2019-03-25T18:30:00+09:00,J1,1080,1251,2331
2019-03-25T18:30:00+09:00,J2,963,854,1817
2019-03-25T18:30:00+09:00,J3,1192,1067,2259
2019-03-25T18:30:00+09:00,J4,1099,907,2006
2019-03-25T18:30:00+09:00,J5,744,719,1463
2019-03-25T18:45:00+09:00,J1,1092,1178,2270
2019-03-25T18:45:00+09:00,J2,958,848,1806
2019-03-25T18:45:00+09:00,J3,1138,975,2113
2019-03-25T18:45:00+09:00,J4,1008,845,1853
2019-03-25T18:45:00+09:00,J5,669,720,1389
2019-03-25T19:00:00+09:00,J1,1050,1119,2169
2019-03-25T19:00:00+09:00,J2,731,786,1517
2019-03-25T19:00:00+09:00,J3,1054,990,2044
2019-03-25T19:00:00+09:00,J4,1042,828,1870
2019-03-25T19:00:00+09:00,J5,732,817,1549
2019-03-25T19:15:00+09:00,J1,1112,1208,2320
2019-03-25T19:15:00+09:00,J2,619,762,1381
2019-03-25T19:15:00+09:00,J3,1108,939,2047
2019-03-25T19:15:00+09:00,J4,1026,879,1905
2019-03-25T19:15:00+09:00,J5,727,810,1537
2019-03-25T19:30:00+09:00,J1,1043,1288,2331
2019-03-25T19:30:00+09:00,J2,565,707,1272
2019-03-25T19:30:00+09:00,J3,1049,937,1986
2019-03-25T19:30:00+09:00,J4,938,815,1753
2019-03-25T19:30:00+09:00,J5,641,752,1393
2019-03-25T19:45:00+09:00,J1,1037,1131,2168
2019-03-25T19:45:00+09:00,J2,477,736,1213
2019-03-25T19:45:00+09:00,J3,997,926,1923
2019-03-25T19:45:00+09:00,J4,967,873,1840
2019-03-25T19:45:00+09:00,J5,601,706,1307
2019-03-25T20:00:00+09:00,J1,937,1236,2173
2019-03-25T20:00:00+09:00,J2,578,666,1244
2019-03-25T20:00:00+09:00,J3,1083,877,1960
2019-03-25T20:00:00+09:00,J4,933,817,1750
2019-03-25T20:00:00+09:00,J5,607,661,1268
2019-03-25T20:15:00+09:00,J1,989,1208,2197
2019-03-25T20:15:00+09:00,J2,547,650,1197
2019-03-25T20:15:00+09:00,J3,1123,865,1988
2019-03-25T20:15:00+09:00,J4,846,817,1663
2019-03-25T20:15:00+09:00,J5,663,689,1352
2019-03-25T20:30:00+09:00,J1,1014,1118,2132
2019-03-25T20:30:00+09:00,J2,476,634,1110
2019-03-25T20:30:00+09:00,J3,989,868,1857
2019-03-25T20:30:00+09:00,J4,827,681,1508
2019-03-25T20:30:00+09:00,J5,643,709,1352
2019-03-25T20:45:00+09:00,J1,1033,1153,2186
2019-03-25T20:45:00+09:00,J2,559,619,1178
2019-03-25T20:45:00+09:00,J3,974,835,1809
2019-03-25T20:45:00+09:00,J4,712,654,1366
2019-03-25T20:45:00+09:00,J5,567,690,1257
2019-03-25T21:00:00+09:00,J1,991,1126,2117
2019-03-25T21:00:00+09:00,J2,517,536,1053
2019-03-25T21:00:00+09:00,J3,818,628,1446
2019-03-25T21:00:00+09:00,J4,670,698,1368
2019-03-25T21:00:00+09:00,J5,566,575,1141
2019-03-25T21:15:00+09:00,J1,975,1071,2046
2019-03-25T21:15:00+09:00,J2,630,624,1254
2019-03-25T21:15:00+09:00,J3,761,720,1481
2019-03-25T21:15:00+09:00,J4,724,697,1421
2019-03-25T21:15:00+09:00,J5,487,582,1069
2019-03-25T21:30:00+09:00,J1,965,1036,2001
2019-03-25T21:30:00+09:00,J2,800,683,1483
2019-03-25T21:30:00+09:00,J3,719,717,1436
2019-03-25T21:30:00+09:00,J4,655,676,1331
2019-03-25T21:30:00+09:00,J5,436,460,896
2019-03-25T21:45:00+09:00,J1,896,1034,1930
2019-03-25T21:45:00+09:00,J2,832,642,1474
2019-03-25T21:45:00+09:00,J3,764,665,1429
2019-03-25T21:45:00+09:00,J4,666,803,1469
2019-03-25T21:45:00+09:00,J5,389,350,739
2019-03-25T22:00:00+09:00,J1,934,955,1889
2019-03-25T22:00:00+09:00,J2,788,759,1547
2019-03-25T22:00:00+09:00,J3,778,738,1516
2019-03-25T22:00:00+09:00,J4,735,796,1531
2019-03-25T22:00:00+09:00,J5,344,362,706
2019-03-25T22:15:00+09:00,J1,938,966,1904
2019-03-25T22:15:00+09:00,J2,774,729,1503
2019-03-25T22:15:00+09:00,J3,798,803,1601
2019-03-25T22:15:00+09:00,J4,691,744,1435
2019-03-25T22:15:00+09:00,J5,308,323,631
2019-03-25T22:30:00+09:00,J1,981,1055,2036
2019-03-25T22:30:00+09:00,J2,629,625,1254
2019-03-25T22:30:00+09:00,J3,889,900,1789
2019-03-25T22:30:00+09:00,J4,692,733,1425
2019-03-25T22:30:00+09:00,J5,264,284,548
2019-03-25T22:45:00+09:00,J1,909,1025,1934
2019-03-25T22:45:00+09:00,J2,518,626,1144
2019-03-25T22:45:00+09:00,J3,941,938,1879
2019-03-25T22:45:00+09:00,J4,603,781,1384
2019-03-25T22:45:00+09:00,J5,245,253,498
2019-03-25T23:00:00+09:00,J1,864,934,1798
2019-03-25T23:00:00+09:00,J2,727,757,1484
2019-03-25T23:00:00+09:00,J3,961,929,1890
2019-03-25T23:00:00+09:00,J4,615,727,1342
2019-03-25T23:00:00+09:00,J5,224,240,464
2019-03-25T23:15:00+09:00,J1,923,1024,1947
2019-03-25T23:15:00+09:00,J2,882,898,1780
2019-03-25T23:15:00+09:00,J3,896,888,1784
2019-03-25T23:15:00+09:00,J4,711,726,1437
2019-03-25T23:15:00+09:00,J5,264,276,540
2019-03-25T23:30:00+09:00,J1,917,941,1858
2019-03-25T23:30:00+09:00,J2,801,843,1644
2019-03-25T23:30:00+09:00,J3,988,962,1950
2019-03-25T23:30:00+09:00,J4,585,680,1265
2019-03-25T23:30:00+09:00,J5,264,269,533
2019-03-25T23:45:00+09:00,J1,922,948,1870
2019-03-25T23:45:00+09:00,J2,678,828,1506
2019-03-25T23:45:00+09:00,J3,990,817,1807
2019-03-25T23:45:00+09:00,J4,586,669,1255
2019-03-25T23:45:00+09:00,J5,282,254,536
2019-03-26T00:00:00+09:00,J1,806,756,1562
2019-03-26T00:00:00+09:00,J2,655,600,1255
2019-03-26T00:00:00+09:00,J3,1038,878,1916
2019-03-26T00:00:00+09:00,J4,488,635,1123
2019-03-26T00:00:00+09:00,J5,306,233,539
2019-03-26T00:15:00+09:00,J1,609,593,1202
2019-03-26T00:15:00+09:00,J2,499,530,1029
2019-03-26T00:15:00+09:00,J3,768,596,1364
2019-03-26T00:15:00+09:00,J4,467,588,1055
2019-03-26T00:15:00+09:00,J5,359,278,637
2019-03-26T00:30:00+09:00,J1,582,631,1213
2019-03-26T00:30:00+09:00,J2,406,443,849
2019-03-26T00:30:00+09:00,J3,661,579,1240
2019-03-26T00:30:00+09:00,J4,507,587,1094
2019-03-26T00:30:00+09:00,J5,376,321,697
2019-03-26T00:45:00+09:00,J1,666,645,1311
2019-03-26T00:45:00+09:00,J2,403,408,811
2019-03-26T00:45:00+09:00,J3,673,537,1210
2019-03-26T00:45:00+09:00,J4,461,522,983
2019-03-26T00:45:00+09:00,J5,380,366,746
2019-03-26T05:45:00+09:00,J1,893,785,1678
2019-03-26T05:45:00+09:00,J2,578,510,1088
2019-03-26T05:45:00+09:00,J3,666,659,1325
2019-03-26T05:45:00+09:00,J4,724,666,1390
2019-03-26T05:45:00+09:00,J5,568,604,1172
2019-03-26T06:00:00+09:00,J1,711,719,1430
2019-03-26T06:00:00+09:00,J2,518,462,980
2019-03-26T06:00:00+09:00,J3,589,531,1120
2019-03-26T06:00:00+09:00,J4,765,722,1487
2019-03-26T06:00:00+09:00,J5,578,616,1194
2019-03-26T06:15:00+09:00,J1,884,840,1724
2019-03-26T06:15:00+09:00,J2,429,548,977
2019-03-26T06:15:00+09:00,J3,494,505,999
2019-03-26T06:15:00+09:00,J4,827,802,1629
2019-03-26T06:15:00+09:00,J5,553,548,1101
2019-03-26T06:30:00+09:00,J1,840,787,1627
2019-03-26T06:30:00+09:00,J2,478,452,930
2019-03-26T06:30:00+09:00,J3,532,532,1064
2019-03-26T06:30:00+09:00,J4,775,794,1569
2019-03-26T06:30:00+09:00,J5,526,551,1077
2019-03-26T06:45:00+09:00,J1,946,873,1819
2019-03-26T06:45:00+09:00,J2,507,445,952
2019-03-26T06:45:00+09:00,J3,569,542,1111
2019-03-26T06:45:00+09:00,J4,795,791,1586
2019-03-26T06:45:00+09:00,J5,501,576,1077
2019-03-26T07:00:00+09:00,J1,956,1041,1997
2019-03-26T07:00:00+09:00,J2,522,487,1009
2019-03-26T07:00:00+09:00,J3,622,609,1231
2019-03-26T07:00:00+09:00,J4,855,748,1603
2019-03-26T07:00:00+09:00,J5,559,590,1149
2019-03-26T07:15:00+09:00,J1,970,930,1900
2019-03-26T07:15:00+09:00,J2,620,533,1153
2019-03-26T07:15:00+09:00,J3,700,679,1379
2019-03-26T07:15:00+09:00,J4,869,813,1682
2019-03-26T07:15:00+09:00,J5,527,559,1086
2019-03-26T07:30:00+09:00,J1,1066,1036,2102
2019-03-26T07:30:00+09:00,J2,641,480,1121
2019-03-26T07:30:00+09:00,J3,1191,1104,2295
2019-03-26T07:30:00+09:00,J4,868,868,1736
2019-03-26T07:30:00+09:00,J5,583,573,1156
2019-03-26T07:45:00+09:00,J1,1145,1188,2333
2019-03-26T07:45:00+09:00,J2,766,518,1284
2019-03-26T07:45:00+09:00,J3,1146,1154,2300
2019-03-26T07:45:00+09:00,J4,772,1018,1790
2019-03-26T07:45:00+09:00,J5,546,554,1100
2019-03-26T08:00:00+09:00,J1,1351,1287,2638
2019-03-26T08:00:00+09:00,J2,963,720,1683
2019-03-26T08:00:00+09:00,J3,1298,1291,2589
2019-03-26T08:00:00+09:00,J4,672,1026,1698
2019-03-26T08:00:00+09:00,J5,658,570,1228
2019-03-26T08:15:00+09:00,J1,1311,1313,2624
2019-03-26T08:15:00+09:00,J2,1025,648,1673
2019-03-26T08:15:00+09:00,J3,1244,1422,2666
2019-03-26T08:15:00+09:00,J4,690,1100,1790
2019-03-26T08:15:00+09:00,J5,551,642,1193
2019-03-26T08:30:00+09:00,J1,1414,1315,2729
2019-03-26T08:30:00+09:00,J2,1114,696,1810
2019-03-26T08:30:00+09:00,J3,1136,1408,2544
2019-03-26T08:30:00+09:00,J4,762,1096,1858
2019-03-26T08:30:00+09:00,J5,569,561,1130
2019-03-26T08:45:00+09:00,J1,1270,1260,2530
2019-03-26T08:45:00+09:00,J2,930,582,1512
2019-03-26T08:45:00+09:00,J3,1124,1183,2307
2019-03-26T08:45:00+09:00,J4,598,924,1522
2019-03-26T08:45:00+09:00,J5,637,606,1243
2019-03-26T09:00:00+09:00,J1,1236,1168,2404
2019-03-26T09:00:00+09:00,J2,917,657,1574
2019-03-26T09:00:00+09:00,J3,1103,1004,2107
2019-03-26T09:00:00+09:00,J4,712,857,1569
2019-03-26T09:00:00+09:00,J5,501,494,995
2019-03-26T09:15:00+09:00,J1,1182,1049,2231
2019-03-26T09:15:00+09:00,J2,854,637,1491
2019-03-26T09:15:00+09:00,J3,909,958,1867
2019-03-26T09:15:00+09:00,J4,671,777,1448
2019-03-26T09:15:00+09:00,J5,404,466,870
2019-03-26T09:30:00+09:00,J1,1289,1257,2546
2019-03-26T09:30:00+09:00,J2,839,614,1453
2019-03-26T09:30:00+09:00,J3,1007,952,1959
2019-03-26T09:30:00+09:00,J4,721,862,1583
2019-03-26T09:30:00+09:00,J5,476,465,941
2019-03-26T09:45:00+09:00,J1,1206,1228,2434
2019-03-26T09:45:00+09:00,J2,790,581,1371
2019-03-26T09:45:00+09:00,J3,967,868,1835
2019-03-26T09:45:00+09:00,J4,679,837,1516
2019-03-26T09:45:00+09:00,J5,409,404,813
2019-03-26T10:00:00+09:00,J1,1088,1166,2254
2019-03-26T10:00:00+09:00,J2,739,709,1448
2019-03-26T10:00:00+09:00,J3,948,840,1788
2019-03-26T10:00:00+09:00,J4,684,753,1437
2019-03-26T10:00:00+09:00,J5,330,382,712
2019-03-26T10:15:00+09:00,J1,1067,1172,2239
2019-03-26T10:15:00+09:00,J2,863,657,1520
2019-03-26T10:15:00+09:00,J3,884,854,1738
2019-03-26T10:15:00+09:00,J4,693,807,1500
2019-03-26T10:15:00+09:00,J5,362,390,752
2019-03-26T10:30:00+09:00,J1,1125,1160,2285
2019-03-26T10:30:00+09:00,J2,840,677,1517
2019-03-26T10:30:00+09:00,J3,888,845,1733
2019-03-26T10:30:00+09:00,J4,697,815,1512
2019-03-26T10:30:00+09:00,J5,433,431,864
2019-03-26T10:45:00+09:00,J1,1089,1127,2216
2019-03-26T10:45:00+09:00,J2,881,676,1557
2019-03-26T10:45:00+09:00,J3,1032,871,1903
2019-03-26T10:45:00+09:00,J4,689,822,1511
2019-03-26T10:45:00+09:00,J5,458,438,896
2019-03-26T11:00:00+09:00,J1,1081,1166,2247
2019-03-26T11:00:00+09:00,J2,872,739,1611
2019-03-26T11:00:00+09:00,J3,1029,910,1939
2019-03-26T11:00:00+09:00,J4,723,901,1624
2019-03-26T11:00:00+09:00,J5,517,534,1051
2019-03-26T11:15:00+09:00,J1,1128,1183,2311
2019-03-26T11:15:00+09:00,J2,889,805,1694
2019-03-26T11:15:00+09:00,J3,1210,1267,2477
2019-03-26T11:15:00+09:00,J4,793,836,1629
2019-03-26T11:15:00+09:00,J5,581,634,1215
2019-03-26T11:30:00+09:00,J1,1020,1156,2176
2019-03-26T11:30:00+09:00,J2,860,750,1610
2019-03-26T11:30:00+09:00,J3,1142,1147,2289
2019-03-26T11:30:00+09:00,J4,833,800,1633
2019-03-26T11:30:00+09:00,J5,611,639,1250
2019-03-26T11:45:00+09:00,J1,1048,1164,2212
2019-03-26T11:45:00+09:00,J2,833,810,1643
2019-03-26T11:45:00+09:00,J3,1045,1040,2085
2019-03-26T11:45:00+09:00,J4,747,740,1487
2019-03-26T11:45:00+09:00,J5,602,563,1165
2019-03-26T12:00:00+09:00,J1,1128,1200,2328
2019-03-26T12:00:00+09:00,J2,857,725,1582
2019-03-26T12:00:00+09:00,J3,1154,1027,2181
2019-03-26T12:00:00+09:00,J4,854,792,1646
2019-03-26T12:00:00+09:00,J5,659,655,1314
2019-03-26T12:15:00+09:00,J1,1134,1338,2472
2019-03-26T12:15:00+09:00,J2,878,738,1616
2019-03-26T12:15:00+09:00,J3,1163,1034,2197
2019-03-26T12:15:00+09:00,J4,1046,910,1956
2019-03-26T12:15:00+09:00,J5,704,723,1427
2019-03-26T12:30:00+09:00,J1,1144,1279,2423
2019-03-26T12:30:00+09:00,J2,884,587,1471
2019-03-26T12:30:00+09:00,J3,1148,1018,2166
2019-03-26T12:30:00+09:00,J4,1013,970,1983
2019-03-26T12:30:00+09:00,J5,666,698,1364
2019-03-26T12:45:00+09:00,J1,1039,1264,2303
2019-03-26T12:45:00+09:00,J2,829,617,1446
2019-03-26T12:45:00+09:00,J3,1149,1104,2253
2019-03-26T12:45:00+09:00,J4,933,963,1896
2019-03-26T12:45:00+09:00,J5,711,694,1405
2019-03-26T13:00:00+09:00,J1,1050,1313,2363
2019-03-26T13:00:00+09:00,J2,796,724,1520
2019-03-26T13:00:00+09:00,J3,1155,1018,2173
2019-03-26T13:00:00+09:00,J4,1030,932,1962
2019-03-26T13:00:00+09:00,J5,646,695,1341
2019-03-26T13:15:00+09:00,J1,1105,1393,2498
2019-03-26T13:15:00+09:00,J2,778,686,1464
2019-03-26T13:15:00+09:00,J3,1163,1060,2223
2019-03-26T13:15:00+09:00,J4,990,956,1946
2019-03-26T13:15:00+09:00,J5,694,672,1366
2019-03-26T13:30:00+09:00,J1,1040,1275,2315
2019-03-26T13:30:00+09:00,J2,771,610,1381
2019-03-26T13:30:00+09:00,J3,996,1124,2120
2019-03-26T13:30:00+09:00,J4,986,952,1938
2019-03-26T13:30:00+09:00,J5,635,673,1308
2019-03-26T13:45:00+09:00,J1,1072,1261,2333
2019-03-26T13:45:00+09:00,J2,851,582,1433
2019-03-26T13:45:00+09:00,J3,1101,1102,2203
2019-03-26T13:45:00+09:00,J4,923,878,1801
2019-03-26T13:45:00+09:00,J5,646,649,1295
2019-03-26T14:00:00+09:00,J1,1121,1235,2356
2019-03-26T14:00:00+09:00,J2,827,647,1474
2019-03-26T14:00:00+09:00,J3,1185,1133,2318
2019-03-26T14:00:00+09:00,J4,912,921,1833
2019-03-26T14:00:00+09:00,J5,664,686,1350
2019-03-26T14:15:00+09:00,J1,1243,1411,2654
2019-03-26T14:15:00+09:00,J2,898,707,1605
2019-03-26T14:15:00+09:00,J3,1150,1168,2318
2019-03-26T14:15:00+09:00,J4,1050,869,1919
2019-03-26T14:15:00+09:00,J5,674,708,1382
2019-03-26T14:30:00+09:00,J1,1193,1436,2629
2019-03-26T14:30:00+09:00,J2,851,668,1519
2019-03-26T14:30:00+09:00,J3,1144,1077,2221
2019-03-26T14:30:00+09:00,J4,983,974,1957
2019-03-26T14:30:00+09:00,J5,674,786,1460
2019-03-26T14:45:00+09:00,J1,1108,1307,2415
2019-03-26T14:45:00+09:00,J2,781,676,1457
2019-03-26T14:45:00+09:00,J3,1104,1005,2109
2019-03-26T14:45:00+09:00,J4,994,934,1928
2019-03-26T14:45:00+09:00,J5,660,672,1332
2019-03-26T15:00:00+09:00,J1,1131,1321,2452
2019-03-26T15:00:00+09:00,J2,873,691,1564
2019-03-26T15:00:00+09:00,J3,1106,1026,2132
2019-03-26T15:00:00+09:00,J4,953,926,1879
2019-03-26T15:00:00+09:00,J5,670,668,1338
2019-03-26T15:15:00+09:00,J1,1104,1283,2387
2019-03-26T15:15:00+09:00,J2,860,756,1616
2019-03-26T15:15:00+09:00,J3,1158,1094,2252
2019-03-26T15:15:00+09:00,J4,951,930,1881
2019-03-26T15:15:00+09:00,J5,656,678,1334
2019-03-26T15:30:00+09:00,J1,1043,1242,2285
2019-03-26T15:30:00+09:00,J2,771,713,1484
2019-03-26T15:30:00+09:00,J3,1154,1097,2251
2019-03-26T15:30:00+09:00,J4,908,916,1824
2019-03-26T15:30:00+09:00,J5,650,655,1305
2019-03-26T15:45:00+09:00,J1,1120,1250,2370
2019-03-26T15:45:00+09:00,J2,826,727,1553
2019-03-26T15:45:00+09:00,J3,1144,1040,2184
2019-03-26T15:45:00+09:00,J4,988,832,1820
2019-03-26T15:45:00+09:00,J5,631,619,1250
2019-03-26T16:00:00+09:00,J1,1035,1239,2274
2019-03-26T16:00:00+09:00,J2,794,599,1393
2019-03-26T16:00:00+09:00,J3,1101,1037,2138
2019-03-26T16:00:00+09:00,J4,1010,882,1892
2019-03-26T16:00:00+09:00,J5,599,676,1275
2019-03-26T16:15:00+09:00,J1,1093,1291,2384
2019-03-26T16:15:00+09:00,J2,805,635,1440
2019-03-26T16:15:00+09:00,J3,1167,1063,2230
2019-03-26T16:15:00+09:00,J4,949,884,1833
2019-03-26T16:15:00+09:00,J5,591,621,1212
2019-03-26T16:30:00+09:00,J1,1107,1252,2359
2019-03-26T16:30:00+09:00,J2,780,614,1394
2019-03-26T16:30:00+09:00,J3,1192,949,2141
2019-03-26T16:30:00+09:00,J4,916,916,1832
2019-03-26T16:30:00+09:00,J5,660,608,1268
2019-03-26T16:45:00+09:00,J1,1017,1142,2159
2019-03-26T16:45:00+09:00,J2,724,583,1307
2019-03-26T16:45:00+09:00,J3,1017,837,1854
2019-03-26T16:45:00+09:00,J4,854,810,1664
2019-03-26T16:45:00+09:00,J5,524,572,1096
2019-03-26T17:00:00+09:00,J1,718,859,1577
2019-03-26T17:00:00+09:00,J2,488,490,978
2019-03-26T17:00:00+09:00,J3,813,680,1493
2019-03-26T17:00:00+09:00,J4,588,644,1232
2019-03-26T17:00:00+09:00,J5,407,405,812
2019-03-26T17:15:00+09:00,J1,549,669,1218
2019-03-26T17:15:00+09:00,J2,389,327,716
2019-03-26T17:15:00+09:00,J3,526,463,989
2019-03-26T17:15:00+09:00,J4,414,355,769
2019-03-26T17:15:00+09:00,J5,368,323,691
2019-03-26T17:30:00+09:00,J1,706,743,1449
2019-03-26T17:30:00+09:00,J2,593,463,1056
2019-03-26T17:30:00+09:00,J3,838,652,1490
2019-03-26T17:30:00+09:00,J4,618,640,1258
2019-03-26T17:30:00+09:00,J5,416,444,860
2019-03-26T17:45:00+09:00,J1,846,946,1792
2019-03-26T17:45:00+09:00,J2,604,497,1101
2019-03-26T17:45:00+09:00,J3,1019,827,1846
2019-03-26T17:45:00+09:00,J4,699,647,1346
2019-03-26T17:45:00+09:00,J5,511,578,1089
2019-03-26T18:00:00+09:00,J1,1060,1127,2187
2019-03-26T18:00:00+09:00,J2,775,689,1464
2019-03-26T18:00:00+09:00,J3,1076,880,1956
2019-03-26T18:00:00+09:00,J4,815,789,1604
2019-03-26T18:00:00+09:00,J5,556,584,1140
2019-03-26T18:15:00+09:00,J1,691,809,1500
2019-03-26T18:15:00+09:00,J2,540,546,1086
2019-03-26T18:15:00+09:00,J3,873,675,1548
2019-03-26T18:15:00+09:00,J4,854,667,1521
2019-03-26T18:15:00+09:00,J5,407,517,924
2019-03-26T18:30:00+09:00,J1,1053,1164,2217
2019-03-26T18:30:00+09:00,J2,672,609,1281
2019-03-26T18:30:00+09:00,J3,926,752,1678
2019-03-26T18:30:00+09:00,J4,974,728,1702
2019-03-26T18:30:00+09:00,J5,583,680,1263
2019-03-26T18:45:00+09:00,J1,1120,1224,2344
2019-03-26T18:45:00+09:00,J2,719,643,1362
2019-03-26T18:45:00+09:00,J3,866,716,1582
2019-03-26T18:45:00+09:00,J4,941,836,1777
2019-03-26T18:45:00+09:00,J5,620,638,1258
2019-03-26T19:00:00+09:00,J1,1059,1269,2328
2019-03-26T19:00:00+09:00,J2,726,866,1592
2019-03-26T19:00:00+09:00,J3,1078,914,1992
2019-03-26T19:00:00+09:00,J4,935,862,1797
2019-03-26T19:00:00+09:00,J5,688,737,1425
2019-03-26T19:15:00+09:00,J1,1084,1359,2443
2019-03-26T19:15:00+09:00,J2,799,833,1632
2019-03-26T19:15:00+09:00,J3,1069,842,1911
2019-03-26T19:15:00+09:00,J4,952,943,1895
2019-03-26T19:15:00+09:00,J5,697,740,1437
2019-03-26T19:30:00+09:00,J1,1030,1243,2273
2019-03-26T19:30:00+09:00,J2,680,811,1491
2019-03-26T19:30:00+09:00,J3,1028,866,1894
2019-03-26T19:30:00+09:00,J4,841,715,1556
2019-03-26T19:30:00+09:00,J5,654,714,1368
2019-03-26T19:45:00+09:00,J1,1039,1150,2189
2019-03-26T19:45:00+09:00,J2,597,660,1257
2019-03-26T19:45:00+09:00,J3,960,828,1788
2019-03-26T19:45:00+09:00,J4,769,659,1428
2019-03-26T19:45:00+09:00,J5,593,605,1198
2019-03-26T20:00:00+09:00,J1,1041,1131,2172
2019-03-26T20:00:00+09:00,J2,605,694,1299
2019-03-26T20:00:00+09:00,J3,1029,851,1880
2019-03-26T20:00:00+09:00,J4,741,737,1478
2019-03-26T20:00:00+09:00,J5,549,622,1171
2019-03-26T20:15:00+09:00,J1,1017,1187,2204
2019-03-26T20:15:00+09:00,J2,528,670,1198
2019-03-26T20:15:00+09:00,J3,1135,835,1970
2019-03-26T20:15:00+09:00,J4,764,697,1461
2019-03-26T20:15:00+09:00,J5,536,590,1126
2019-03-26T20:30:00+09:00,J1,737,805,1542
2019-03-26T20:30:00+09:00,J2,402,481,883
2019-03-26T20:30:00+09:00,J3,761,627,1388
2019-03-26T20:30:00+09:00,J4,474,493,967
2019-03-26T20:30:00+09:00,J5,381,412,793
2019-03-26T20:45:00+09:00,J1,970,1091,2061
2019-03-26T20:45:00+09:00,J2,430,540,970
2019-03-26T20:45:00+09:00,J3,978,822,1800
2019-03-26T20:45:00+09:00,J4,588,563,1151
2019-03-26T20:45:00+09:00,J5,463,557,1020
2019-03-26T21:00:00+09:00,J1,947,1097,2044
2019-03-26T21:00:00+09:00,J2,492,643,1135
2019-03-26T21:00:00+09:00,J3,847,797,1644
2019-03-26T21:00:00+09:00,J4,599,638,1237
2019-03-26T21:00:00+09:00,J5,431,540,971
2019-03-26T21:15:00+09:00,J1,956,1062,2018
2019-03-26T21:15:00+09:00,J2,479,580,1059
2019-03-26T21:15:00+09:00,J3,848,765,1613
2019-03-26T21:15:00+09:00,J4,687,706,1393
2019-03-26T21:15:00+09:00,J5,406,494,900
2019-03-26T21:30:00+09:00,J1,884,1108,1992
2019-03-26T21:30:00+09:00,J2,452,558,1010
2019-03-26T21:30:00+09:00,J3,729,696,1425
2019-03-26T21:30:00+09:00,J4,596,653,1249
2019-03-26T21:30:00+09:00,J5,379,497,876
2019-03-26T21:45:00+09:00,J1,914,1076,1990
2019-03-26T21:45:00+09:00,J2,534,558,1092
2019-03-26T21:45:00+09:00,J3,821,861,1682
2019-03-26T21:45:00+09:00,J4,651,642,1293
2019-03-26T21:45:00+09:00,J5,321,430,751
2019-03-26T22:00:00+09:00,J1,905,1090,1995
2019-03-26T22:00:00+09:00,J2,632,646,1278
2019-03-26T22:00:00+09:00,J3,837,917,1754
2019-03-26T22:00:00+09:00,J4,685,704,1389
2019-03-26T22:00:00+09:00,J5,363,400,763
2019-03-26T22:15:00+09:00,J1,904,1127,2031
2019-03-26T22:15:00+09:00,J2,755,735,1490
2019-03-26T22:15:00+09:00,J3,879,864,1743
2019-03-26T22:15:00+09:00,J4,656,801,1457
2019-03-26T22:15:00+09:00,J5,355,379,734
2019-03-26T22:30:00+09:00,J1,890,1095,1985
2019-03-26T22:30:00+09:00,J2,736,720,1456
2019-03-26T22:30:00+09:00,J3,940,890,1830
2019-03-26T22:30:00+09:00,J4,716,848,1564
2019-03-26T22:30:00+09:00,J5,387,343,730
2019-03-26T22:45:00+09:00,J1,936,1063,1999
2019-03-26T22:45:00+09:00,J2,696,679,1375
2019-03-26T22:45:00+09:00,J3,1035,882,1917
2019-03-26T22:45:00+09:00,J4,685,699,1384
2019-03-26T22:45:00+09:00,J5,385,346,731
2019-03-26T23:00:00+09:00,J1,917,1098,2015
2019-03-26T23:00:00+09:00,J2,693,688,1381
2019-03-26T23:00:00+09:00,J3,1027,932,1959
2019-03-26T23:00:00+09:00,J4,669,742,1411
2019-03-26T23:00:00+09:00,J5,345,357,702
2019-03-26T23:15:00+09:00,J1,950,1116,2066
2019-03-26T23:15:00+09:00,J2,569,563,1132
2019-03-26T23:15:00+09:00,J3,929,872,1801
2019-03-26T23:15:00+09:00,J4,604,749,1353
2019-03-26T23:15:00+09:00,J5,359,359,718
2019-03-26T23:30:00+09:00,J1,950,1014,1964
2019-03-26T23:30:00+09:00,J2,595,591,1186
2019-03-26T23:30:00+09:00,J3,1049,894,1943
2019-03-26T23:30:00+09:00,J4,660,753,1413
2019-03-26T23:30:00+09:00,J5,376,331,707
2019-03-26T23:45:00+09:00,J1,855,1003,1858
2019-03-26T23:45:00+09:00,J2,594,592,1186
2019-03-26T23:45:00+09:00,J3,1068,840,1908
2019-03-26T23:45:00+09:00,J4,585,592,1177
2019-03-26T23:45:00+09:00,J5,390,339,729
2019-03-27T00:00:00+09:00,J1,702,835,1537
2019-03-27T00:00:00+09:00,J2,451,479,930
2019-03-27T00:00:00+09:00,J3,873,638,1511
2019-03-27T00:00:00+09:00,J4,538,584,1122
2019-03-27T00:00:00+09:00,J5,372,318,690
2019-03-27T00:15:00+09:00,J1,591,619,1210
2019-03-27T00:15:00+09:00,J2,359,442,801
2019-03-27T00:15:00+09:00,J3,552,489,1041
2019-03-27T00:15:00+09:00,J4,530,569,1099
2019-03-27T00:15:00+09:00,J5,441,422,863
2019-03-27T00:30:00+09:00,J1,528,550,1078
2019-03-27T00:30:00+09:00,J2,343,410,753
2019-03-27T00:30:00+09:00,J3,422,371,793
2019-03-27T00:30:00+09:00,J4,589,630,1219
2019-03-27T00:30:00+09:00,J5,484,498,982
2019-03-27T00:45:00+09:00,J1,687,614,1301
2019-03-27T00:45:00+09:00,J2,320,444,764
2019-03-27T00:45:00+09:00,J3,488,388,876
2019-03-27T00:45:00+09:00,J4,589,629,1218
2019-03-27T00:45:00+09:00,J5,537,454,991
2019-03-27T05:45:00+09:00,J1,885,859,1744
2019-03-27T05:45:00+09:00,J2,515,450,965
2019-03-27T05:45:00+09:00,J3,826,841,1667
2019-03-27T05:45:00+09:00,J4,803,777,1580
2019-03-27T05:45:00+09:00,J5,470,493,963
2019-03-27T06:00:00+09:00,J1,859,831,1690
2019-03-27T06:00:00+09:00,J2,455,406,861
2019-03-27T06:00:00+09:00,J3,813,854,1667
2019-03-27T06:00:00+09:00,J4,799,735,1534
2019-03-27T06:00:00+09:00,J5,524,589,1113
2019-03-27T06:15:00+09:00,J1,957,913,1870
2019-03-27T06:15:00+09:00,J2,491,426,917
2019-03-27T06:15:00+09:00,J3,776,774,1550
2019-03-27T06:15:00+09:00,J4,764,696,1460
2019-03-27T06:15:00+09:00,J5,579,578,1157
2019-03-27T06:30:00+09:00,J1,936,953,1889
2019-03-27T06:30:00+09:00,J2,469,414,883
2019-03-27T06:30:00+09:00,J3,708,760,1468
2019-03-27T06:30:00+09:00,J4,706,687,1393
2019-03-27T06:30:00+09:00,J5,569,591,1160
2019-03-27T06:45:00+09:00,J1,906,886,1792
2019-03-27T06:45:00+09:00,J2,603,501,1104
2019-03-27T06:45:00+09:00,J3,729,744,1473
2019-03-27T06:45:00+09:00,J4,790,662,1452
2019-03-27T06:45:00+09:00,J5,567,533,1100
2019-03-27T07:00:00+09:00,J1,1025,1051,2076
2019-03-27T07:00:00+09:00,J2,709,653,1362
2019-03-27T07:00:00+09:00,J3,723,738,1461
2019-03-27T07:00:00+09:00,J4,789,762,1551
2019-03-27T07:00:00+09:00,J5,610,547,1157
2019-03-27T07:15:00+09:00,J1,1027,1028,2055
2019-03-27T07:15:00+09:00,J2,631,654,1285
2019-03-27T07:15:00+09:00,J3,738,740,1478
2019-03-27T07:15:00+09:00,J4,842,804,1646
2019-03-27T07:15:00+09:00,J5,641,571,1212
2019-03-27T07:30:00+09:00,J1,1147,1249,2396
2019-03-27T07:30:00+09:00,J2,643,552,1195
2019-03-27T07:30:00+09:00,J3,1230,1114,2344
2019-03-27T07:30:00+09:00,J4,862,896,1758
2019-03-27T07:30:00+09:00,J5,569,575,1144
2019-03-27T07:45:00+09:00,J1,1263,1271,2534
2019-03-27T07:45:00+09:00,J2,787,606,1393
2019-03-27T07:45:00+09:00,J3,1279,1148,2427
2019-03-27T07:45:00+09:00,J4,855,963,1818
2019-03-27T07:45:00+09:00,J5,721,707,1428
2019-03-27T08:00:00+09:00,J1,1262,1385,2647
2019-03-27T08:00:00+09:00,J2,1109,809,1918
2019-03-27T08:00:00+09:00,J3,1382,1335,2717
2019-03-27T08:00:00+09:00,J4,865,1025,1890
2019-03-27T08:00:00+09:00,J5,729,818,1547
2019-03-27T08:15:00+09:00,J1,1431,1414,2845
2019-03-27T08:15:00+09:00,J2,1163,684,1847
2019-03-27T08:15:00+09:00,J3,1484,1443,2927
2019-03-27T08:15:00+09:00,J4,823,1116,1939
2019-03-27T08:15:00+09:00,J5,740,800,1540
2019-03-27T08:30:00+09:00,J1,1489,1407,2896
2019-03-27T08:30:00+09:00,J2,1082,777,1859
2019-03-27T08:30:00+09:00,J3,1354,1398,2752
2019-03-27T08:30:00+09:00,J4,702,1095,1797
2019-03-27T08:30:00+09:00,J5,709,712,1421
2019-03-27T08:45:00+09:00,J1,1386,1339,2725
2019-03-27T08:45:00+09:00,J2,862,709,1571
2019-03-27T08:45:00+09:00,J3,1183,1188,2371
2019-03-27T08:45:00+09:00,J4,776,977,1753
2019-03-27T08:45:00+09:00,J5,641,675,1316
2019-03-27T09:00:00+09:00,J1,1238,1319,2557
2019-03-27T09:00:00+09:00,J2,697,700,1397
2019-03-27T09:00:00+09:00,J3,1102,1033,2135
2019-03-27T09:00:00+09:00,J4,842,874,1716
2019-03-27T09:00:00+09:00,J5,660,662,1322
2019-03-27T09:15:00+09:00,J1,1343,1275,2618
2019-03-27T09:15:00+09:00,J2,829,672,1501
2019-03-27T09:15:00+09:00,J3,1085,1130,2215
2019-03-27T09:15:00+09:00,J4,862,938,1800
2019-03-27T09:15:00+09:00,J5,403,454,857
2019-03-27T09:30:00+09:00,J1,1239,1259,2498
2019-03-27T09:30:00+09:00,J2,881,641,1522
2019-03-27T09:30:00+09:00,J3,912,1072,1984
2019-03-27T09:30:00+09:00,J4,894,926,1820
2019-03-27T09:30:00+09:00,J5,368,420,788
2019-03-27T09:45:00+09:00,J1,1216,1155,2371
2019-03-27T09:45:00+09:00,J2,818,613,1431
2019-03-27T09:45:00+09:00,J3,1054,1040,2094
2019-03-27T09:45:00+09:00,J4,916,878,1794
2019-03-27T09:45:00+09:00,J5,413,344,757
2019-03-27T10:00:00+09:00,J1,1122,1181,2303
2019-03-27T10:00:00+09:00,J2,757,614,1371
2019-03-27T10:00:00+09:00,J3,1040,980,2020
2019-03-27T10:00:00+09:00,J4,925,827,1752
2019-03-27T10:00:00+09:00,J5,360,376,736
2019-03-27T10:15:00+09:00,J1,1170,1158,2328
2019-03-27T10:15:00+09:00,J2,808,613,1421
2019-03-27T10:15:00+09:00,J3,1027,1026,2053
2019-03-27T10:15:00+09:00,J4,804,903,1707
2019-03-27T10:15:00+09:00,J5,425,338,763
2019-03-27T10:30:00+09:00,J1,1139,1147,2286
2019-03-27T10:30:00+09:00,J2,834,702,1536
2019-03-27T10:30:00+09:00,J3,1003,1077,2080
2019-03-27T10:30:00+09:00,J4,882,959,1841
2019-03-27T10:30:00+09:00,J5,381,337,718
2019-03-27T10:45:00+09:00,J1,1198,1217,2415
2019-03-27T10:45:00+09:00,J2,811,688,1499
2019-03-27T10:45:00+09:00,J3,1029,1093,2122
2019-03-27T10:45:00+09:00,J4,760,906,1666
2019-03-27T10:45:00+09:00,J5,388,363,751
2019-03-27T11:00:00+09:00,J1,1133,1184,2317
2019-03-27T11:00:00+09:00,J2,697,699,1396
2019-03-27T11:00:00+09:00,J3,1004,1140,2144
2019-03-27T11:00:00+09:00,J4,803,919,1722
2019-03-27T11:00:00+09:00,J5,360,363,723
2019-03-27T11:15:00+09:00,J1,1193,1238,2431
2019-03-27T11:15:00+09:00,J2,721,812,1533
2019-03-27T11:15:00+09:00,J3,1039,1059,2098
2019-03-27T11:15:00+09:00,J4,801,890,1691
2019-03-27T11:15:00+09:00,J5,563,560,1123
2019-03-27T11:30:00+09:00,J1,1202,1401,2603
2019-03-27T11:30:00+09:00,J2,686,770,1456
2019-03-27T11:30:00+09:00,J3,1101,1067,2168
2019-03-27T11:30:00+09:00,J4,820,964,1784
2019-03-27T11:30:00+09:00,J5,690,696,1386
2019-03-27T11:45:00+09:00,J1,1168,1481,2649
2019-03-27T11:45:00+09:00,J2,747,870,1617
2019-03-27T11:45:00+09:00,J3,1227,1106,2333
2019-03-27T11:45:00+09:00,J4,742,907,1649
2019-03-27T11:45:00+09:00,J5,680,714,1394
2019-03-27T12:00:00+09:00,J1,1127,1418,2545
2019-03-27T12:00:00+09:00,J2,834,847,1681
2019-03-27T12:00:00+09:00,J3,1350,1181,2531
2019-03-27T12:00:00+09:00,J4,792,959,1751
2019-03-27T12:00:00+09:00,J5,726,724,1450
2019-03-27T12:15:00+09:00,J1,1172,1407,2579
2019-03-27T12:15:00+09:00,J2,786,903,1689
2019-03-27T12:15:00+09:00,J3,1132,971,2103
2019-03-27T12:15:00+09:00,J4,837,886,1723
2019-03-27T12:15:00+09:00,J5,716,722,1438
2019-03-27T12:30:00+09:00,J1,1164,1420,2584
2019-03-27T12:30:00+09:00,J2,869,874,1743
2019-03-27T12:30:00+09:00,J3,1060,1017,2077
2019-03-27T12:30:00+09:00,J4,733,925,1658
2019-03-27T12:30:00+09:00,J5,721,687,1408
2019-03-27T12:45:00+09:00,J1,1147,1421,2568
2019-03-27T12:45:00+09:00,J2,891,890,1781
2019-03-27T12:45:00+09:00,J3,1124,1096,2220
2019-03-27T12:45:00+09:00,J4,645,758,1403
2019-03-27T12:45:00+09:00,J5,534,609,1143
2019-03-27T13:00:00+09:00,J1,1125,1288,2413
2019-03-27T13:00:00+09:00,J2,835,901,1736
2019-03-27T13:00:00+09:00,J3,1005,1021,2026
2019-03-27T13:00:00+09:00,J4,728,795,1523
2019-03-27T13:00:00+09:00,J5,482,562,1044
2019-03-27T13:15:00+09:00,J1,1139,1389,2528
2019-03-27T13:15:00+09:00,J2,819,850,1669
2019-03-27T13:15:00+09:00,J3,1048,1057,2105
2019-03-27T13:15:00+09:00,J4,801,772,1573
2019-03-27T13:15:00+09:00,J5,466,557,1023
2019-03-27T13:30:00+09:00,J1,1108,1345,2453
2019-03-27T13:30:00+09:00,J2,852,852,1704
2019-03-27T13:30:00+09:00,J3,1097,1131,2228
2019-03-27T13:30:00+09:00,J4,811,827,1638
2019-03-27T13:30:00+09:00,J5,469,509,978
2019-03-27T13:45:00+09:00,J1,1170,1349,2519
2019-03-27T13:45:00+09:00,J2,469,524,993
2019-03-27T13:45:00+09:00,J3,1000,936,1936
2019-03-27T13:45:00+09:00,J4,795,795,1590
2019-03-27T13:45:00+09:00,J5,506,584,1090
2019-03-27T14:00:00+09:00,J1,1180,1357,2537
2019-03-27T14:00:00+09:00,J2,492,514,1006
2019-03-27T14:00:00+09:00,J3,1115,1013,2128
2019-03-27T14:00:00+09:00,J4,776,748,1524
2019-03-27T14:00:00+09:00,J5,684,731,1415
2019-03-27T14:15:00+09:00,J1,1098,1351,2449
2019-03-27T14:15:00+09:00,J2,486,509,995
2019-03-27T14:15:00+09:00,J3,1102,1124,2226
2019-03-27T14:15:00+09:00,J4,905,853,1758
2019-03-27T14:15:00+09:00,J5,697,668,1365
2019-03-27T14:30:00+09:00,J1,1121,1320,2441
2019-03-27T14:30:00+09:00,J2,454,470,924
2019-03-27T14:30:00+09:00,J3,1104,1108,2212
2019-03-27T14:30:00+09:00,J4,860,783,1643
2019-03-27T14:30:00+09:00,J5,653,712,1365
2019-03-27T14:45:00+09:00,J1,1096,1375,2471
2019-03-27T14:45:00+09:00,J2,465,494,959
2019-03-27T14:45:00+09:00,J3,1033,1014,2047
2019-03-27T14:45:00+09:00,J4,876,801,1677
2019-03-27T14:45:00+09:00,J5,652,598,1250
2019-03-27T15:00:00+09:00,J1,1151,1404,2555
2019-03-27T15:00:00+09:00,J2,474,533,1007
2019-03-27T15:00:00+09:00,J3,1032,1016,2048
2019-03-27T15:00:00+09:00,J4,820,789,1609
2019-03-27T15:00:00+09:00,J5,664,652,1316
2019-03-27T15:15:00+09:00,J1,1120,1320,2440
2019-03-27T15:15:00+09:00,J2,553,516,1069
2019-03-27T15:15:00+09:00,J3,1039,1037,2076
2019-03-27T15:15:00+09:00,J4,860,903,1763
2019-03-27T15:15:00+09:00,J5,667,686,1353
2019-03-27T15:30:00+09:00,J1,1121,1358,2479
2019-03-27T15:30:00+09:00,J2,541,527,1068
2019-03-27T15:30:00+09:00,J3,1126,1051,2177
2019-03-27T15:30:00+09:00,J4,919,860,1779
2019-03-27T15:30:00+09:00,J5,638,671,1309
2019-03-27T15:45:00+09:00,J1,1108,1266,2374
2019-03-27T15:45:00+09:00,J2,505,518,1023
2019-03-27T15:45:00+09:00,J3,954,944,1898
2019-03-27T15:45:00+09:00,J4,888,863,1751
2019-03-27T15:45:00+09:00,J5,675,654,1329
2019-03-27T16:00:00+09:00,J1,1084,1304,2388
2019-03-27T16:00:00+09:00,J2,559,530,1089
2019-03-27T16:00:00+09:00,J3,988,980,1968
2019-03-27T16:00:00+09:00,J4,886,835,1721
2019-03-27T16:00:00+09:00,J5,615,594,1209
2019-03-27T16:15:00+09:00,J1,1161,1296,2457
2019-03-27T16:15:00+09:00,J2,567,513,1080
2019-03-27T16:15:00+09:00,J3,1039,1038,2077
2019-03-27T16:15:00+09:00,J4,931,938,1869
2019-03-27T16:15:00+09:00,J5,640,617,1257
2019-03-27T16:30:00+09:00,J1,1162,1303,2465
2019-03-27T16:30:00+09:00,J2,512,510,1022
2019-03-27T16:30:00+09:00,J3,1137,1176,2313
2019-03-27T16:30:00+09:00,J4,911,850,1761
2019-03-27T16:30:00+09:00,J5,640,647,1287
2019-03-27T16:45:00+09:00,J1,1156,1358,2514
2019-03-27T16:45:00+09:00,J2,466,490,956
2019-03-27T16:45:00+09:00,J3,1119,1170,2289
2019-03-27T16:45:00+09:00,J4,852,803,1655
2019-03-27T16:45:00+09:00,J5,653,637,1290
2019-03-27T17:00:00+09:00,J1,1150,1392,2542
2019-03-27T17:00:00+09:00,J2,549,580,1129
2019-03-27T17:00:00+09:00,J3,1408,1309,2717
2019-03-27T17:00:00+09:00,J4,1015,893,1908
2019-03-27T17:00:00+09:00,J5,698,718,1416
2019-03-27T17:15:00+09:00,J1,1261,1398,2659
2019-03-27T17:15:00+09:00,J2,530,613,1143
2019-03-27T17:15:00+09:00,J3,1594,1316,2910
2019-03-27T17:15:00+09:00,J4,1145,965,2110
2019-03-27T17:15:00+09:00,J5,706,821,1527
2019-03-27T17:30:00+09:00,J1,1282,1455,2737
2019-03-27T17:30:00+09:00,J2,544,626,1170
2019-03-27T17:30:00+09:00,J3,1569,1412,2981
2019-03-27T17:30:00+09:00,J4,1200,889,2089
2019-03-27T17:30:00+09:00,J5,712,801,1513
2019-03-27T17:45:00+09:00,J1,1213,1431,2644
2019-03-27T17:45:00+09:00,J2,572,655,1227
2019-03-27T17:45:00+09:00,J3,1578,1416,2994
2019-03-27T17:45:00+09:00,J4,1225,1000,2225
2019-03-27T17:45:00+09:00,J5,719,843,1562
2019-03-27T18:00:00+09:00,J1,1293,1416,2709
2019-03-27T18:00:00+09:00,J2,614,679,1293
2019-03-27T18:00:00+09:00,J3,1655,1397,3052
2019-03-27T18:00:00+09:00,J4,1183,890,2073
2019-03-27T18:00:00+09:00,J5,721,800,1521
2019-03-27T18:15:00+09:00,J1,1258,1463,2721
2019-03-27T18:15:00+09:00,J2,596,646,1242
2019-03-27T18:15:00+09:00,J3,1679,1343,3022
2019-03-27T18:15:00+09:00,J4,1085,937,2022
2019-03-27T18:15:00+09:00,J5,591,767,1358
2019-03-27T18:30:00+09:00,J1,1206,1330,2536
2019-03-27T18:30:00+09:00,J2,516,574,1090
2019-03-27T18:30:00+09:00,J3,1445,1144,2589
2019-03-27T18:30:00+09:00,J4,890,711,1601
2019-03-27T18:30:00+09:00,J5,493,664,1157
2019-03-27T18:45:00+09:00,J1,1111,1316,2427
2019-03-27T18:45:00+09:00,J2,527,538,1065
2019-03-27T18:45:00+09:00,J3,1310,1134,2444
2019-03-27T18:45:00+09:00,J4,863,647,1510
2019-03-27T18:45:00+09:00,J5,442,593,1035
2019-03-27T19:00:00+09:00,J1,1173,1206,2379
2019-03-27T19:00:00+09:00,J2,422,429,851
2019-03-27T19:00:00+09:00,J3,1311,1143,2454
2019-03-27T19:00:00+09:00,J4,778,716,1494
2019-03-27T19:00:00+09:00,J5,461,570,1031
2019-03-27T19:15:00+09:00,J1,1095,1225,2320
2019-03-27T19:15:00+09:00,J2,349,309,658
2019-03-27T19:15:00+09:00,J3,1309,1088,2397
2019-03-27T19:15:00+09:00,J4,772,692,1464
2019-03-27T19:15:00+09:00,J5,443,523,966
2019-03-27T19:30:00+09:00,J1,1109,1229,2338
2019-03-27T19:30:00+09:00,J2,350,269,619
2019-03-27T19:30:00+09:00,J3,1150,1079,2229
2019-03-27T19:30:00+09:00,J4,671,663,1334
2019-03-27T19:30:00+09:00,J5,383,420,803
2019-03-27T19:45:00+09:00,J1,1015,1202,2217
2019-03-27T19:45:00+09:00,J2,288,248,536
2019-03-27T19:45:00+09:00,J3,1125,949,2074
2019-03-27T19:45:00+09:00,J4,729,683,1412
2019-03-27T19:45:00+09:00,J5,389,415,804
2019-03-27T20:00:00+09:00,J1,1049,1200,2249
2019-03-27T20:00:00+09:00,J2,239,320,559
2019-03-27T20:00:00+09:00,J3,1148,1048,2196
2019-03-27T20:00:00+09:00,J4,739,779,1518
2019-03-27T20:00:00+09:00,J5,390,494,884
2019-03-27T20:15:00+09:00,J1,1058,1236,2294
2019-03-27T20:15:00+09:00,J2,252,359,611
2019-03-27T20:15:00+09:00,J3,1115,1069,2184
2019-03-27T20:15:00+09:00,J4,722,789,1511
2019-03-27T20:15:00+09:00,J5,350,509,859
2019-03-27T20:30:00+09:00,J1,1099,1256,2355
2019-03-27T20:30:00+09:00,J2,217,275,492
2019-03-27T20:30:00+09:00,J3,1134,1036,2170
2019-03-27T20:30:00+09:00,J4,737,779,1516
2019-03-27T20:30:00+09:00,J5,411,468,879
2019-03-27T20:45:00+09:00,J1,1129,1225,2354
2019-03-27T20:45:00+09:00,J2,289,299,588
2019-03-27T20:45:00+09:00,J3,1123,905,2028
2019-03-27T20:45:00+09:00,J4,736,709,1445
2019-03-27T20:45:00+09:00,J5,421,404,825
2019-03-27T21:00:00+09:00,J1,1021,1198,2219
2019-03-27T21:00:00+09:00,J2,310,331,641
2019-03-27T21:00:00+09:00,J3,1014,850,1864
2019-03-27T21:00:00+09:00,J4,731,728,1459
2019-03-27T21:00:00+09:00,J5,366,433,799
2019-03-27T21:15:00+09:00,J1,1078,1293,2371
2019-03-27T21:15:00+09:00,J2,369,360,729
2019-03-27T21:15:00+09:00,J3,997,953,1950
2019-03-27T21:15:00+09:00,J4,768,746,1514
2019-03-27T21:15:00+09:00,J5,370,416,786
2019-03-27T21:30:00+09:00,J1,1071,1259,2330
2019-03-27T21:30:00+09:00,J2,436,415,851
2019-03-27T21:30:00+09:00,J3,1011,928,1939
2019-03-27T21:30:00+09:00,J4,672,773,1445
2019-03-27T21:30:00+09:00,J5,368,355,723
2019-03-27T21:45:00+09:00,J1,1141,1197,2338
2019-03-27T21:45:00+09:00,J2,441,465,906
2019-03-27T21:45:00+09:00,J3,976,887,1863
2019-03-27T21:45:00+09:00,J4,651,773,1424
2019-03-27T21:45:00+09:00,J5,379,373,752
2019-03-27T22:00:00+09:00,J1,1007,1161,2168
2019-03-27T22:00:00+09:00,J2,426,512,938
2019-03-27T22:00:00+09:00,J3,962,776,1738
2019-03-27T22:00:00+09:00,J4,724,842,1566
2019-03-27T22:00:00+09:00,J5,373,348,721
2019-03-27T22:15:00+09:00,J1,955,1142,2097
2019-03-27T22:15:00+09:00,J2,485,446,931
2019-03-27T22:15:00+09:00,J3,980,770,1750
2019-03-27T22:15:00+09:00,J4,685,754,1439
2019-03-27T22:15:00+09:00,J5,392,335,727
2019-03-27T22:30:00+09:00,J1,1041,1160,2201
2019-03-27T22:30:00+09:00,J2,347,401,748
2019-03-27T22:30:00+09:00,J3,920,765,1685
2019-03-27T22:30:00+09:00,J4,720,823,1543
2019-03-27T22:30:00+09:00,J5,393,384,777
2019-03-27T22:45:00+09:00,J1,996,1119,2115
2019-03-27T22:45:00+09:00,J2,326,330,656
2019-03-27T22:45:00+09:00,J3,967,721,1688
2019-03-27T22:45:00+09:00,J4,641,844,1485
2019-03-27T22:45:00+09:00,J5,429,354,783
2019-03-27T23:00:00+09:00,J1,1004,1144,2148
2019-03-27T23:00:00+09:00,J2,329,298,627
2019-03-27T23:00:00+09:00,J3,899,717,1616
2019-03-27T23:00:00+09:00,J4,642,782,1424
2019-03-27T23:00:00+09:00,J5,434,400,834
2019-03-27T23:15:00+09:00,J1,1009,1168,2177
2019-03-27T23:15:00+09:00,J2,279,325,604
2019-03-27T23:15:00+09:00,J3,849,717,1566
2019-03-27T23:15:00+09:00,J4,650,800,1450
2019-03-27T23:15:00+09:00,J5,376,386,762
2019-03-27T23:30:00+09:00,J1,956,1060,2016
2019-03-27T23:30:00+09:00,J2,279,358,637
2019-03-27T23:30:00+09:00,J3,909,748,1657
2019-03-27T23:30:00+09:00,J4,690,795,1485
2019-03-27T23:30:00+09:00,J5,380,379,759
2019-03-27T23:45:00+09:00,J1,979,1037,2016
2019-03-27T23:45:00+09:00,J2,256,300,556
2019-03-27T23:45:00+09:00,J3,855,754,1609
2019-03-27T23:45:00+09:00,J4,574,653,1227
2019-03-27T23:45:00+09:00,J5,401,394,795
2019-03-28T00:00:00+09:00,J1,666,770,1436
2019-03-28T00:00:00+09:00,J2,197,199,396
2019-03-28T00:00:00+09:00,J3,641,519,1160
2019-03-28T00:00:00+09:00,J4,538,538,1076
2019-03-28T00:00:00+09:00,J5,425,381,806
2019-03-28T00:15:00+09:00,J1,489,506,995
2019-03-28T00:15:00+09:00,J2,150,135,285
2019-03-28T00:15:00+09:00,J3,495,435,930
2019-03-28T00:15:00+09:00,J4,547,583,1130
2019-03-28T00:15:00+09:00,J5,493,489,982
2019-03-28T00:30:00+09:00,J1,438,479,917
2019-03-28T00:30:00+09:00,J2,157,160,317
2019-03-28T00:30:00+09:00,J3,449,389,838
2019-03-28T00:30:00+09:00,J4,700,639,1339
2019-03-28T00:30:00+09:00,J5,592,469,1061
2019-03-28T00:45:00+09:00,J1,476,515,991
2019-03-28T00:45:00+09:00,J2,142,170,312
2019-03-28T00:45:00+09:00,J3,481,433,914
2019-03-28T00:45:00+09:00,J4,677,641,1318
2019-03-28T00:45:00+09:00,J5,553,469,1022
2019-03-28T05:45:00+09:00,J1,400,401,801
2019-03-28T05:45:00+09:00,J2,82,100,182
2019-03-28T05:45:00+09:00,J3,987,857,1844
2019-03-28T05:45:00+09:00,J4,584,588,1172
2019-03-28T05:45:00+09:00,J5,470,509,979
2019-03-28T06:00:00+09:00,J1,343,332,675
2019-03-28T06:00:00+09:00,J2,75,71,146
2019-03-28T06:00:00+09:00,J3,852,881,1733
2019-03-28T06:00:00+09:00,J4,618,635,1253
2019-03-28T06:00:00+09:00,J5,533,554,1087
2019-03-28T06:15:00+09:00,J1,382,338,720
2019-03-28T06:15:00+09:00,J2,70,67,137
2019-03-28T06:15:00+09:00,J3,845,861,1706
2019-03-28T06:15:00+09:00,J4,569,635,1204
2019-03-28T06:15:00+09:00,J5,622,529,1151
2019-03-28T06:30:00+09:00,J1,383,426,809
2019-03-28T06:30:00+09:00,J2,75,53,128
2019-03-28T06:30:00+09:00,J3,906,884,1790
2019-03-28T06:30:00+09:00,J4,540,600,1140
2019-03-28T06:30:00+09:00,J5,614,543,1157
2019-03-28T06:45:00+09:00,J1,395,358,753
2019-03-28T06:45:00+09:00,J2,151,112,263
2019-03-28T06:45:00+09:00,J3,716,715,1431
2019-03-28T06:45:00+09:00,J4,588,559,1147
2019-03-28T06:45:00+09:00,J5,584,569,1153
2019-03-28T07:00:00+09:00,J1,407,448,855
2019-03-28T07:00:00+09:00,J2,156,149,305
2019-03-28T07:00:00+09:00,J3,720,717,1437
2019-03-28T07:00:00+09:00,J4,629,585,1214
2019-03-28T07:00:00+09:00,J5,649,610,1259
2019-03-28T07:15:00+09:00,J1,420,437,857
2019-03-28T07:15:00+09:00,J2,185,144,329
2019-03-28T07:15:00+09:00,J3,745,739,1484
2019-03-28T07:15:00+09:00,J4,619,614,1233
2019-03-28T07:15:00+09:00,J5,734,592,1326
2019-03-28T07:30:00+09:00,J1,482,497,979
2019-03-28T07:30:00+09:00,J2,122,161,283
2019-03-28T07:30:00+09:00,J3,1221,1063,2284
2019-03-28T07:30:00+09:00,J4,710,697,1407
2019-03-28T07:30:00+09:00,J5,537,549,1086
2019-03-28T07:45:00+09:00,J1,550,557,1107
2019-03-28T07:45:00+09:00,J2,130,135,265
2019-03-28T07:45:00+09:00,J3,1239,1073,2312
2019-03-28T07:45:00+09:00,J4,697,824,1521
2019-03-28T07:45:00+09:00,J5,681,702,1383
2019-03-28T08:00:00+09:00,J1,595,546,1141
2019-03-28T08:00:00+09:00,J2,315,228,543
2019-03-28T08:00:00+09:00,J3,1433,1265,2698
2019-03-28T08:00:00+09:00,J4,599,839,1438
2019-03-28T08:00:00+09:00,J5,774,724,1498
2019-03-28T08:15:00+09:00,J1,648,579,1227
2019-03-28T08:15:00+09:00,J2,203,124,327
2019-03-28T08:15:00+09:00,J3,1441,1446,2887
2019-03-28T08:15:00+09:00,J4,584,878,1462
2019-03-28T08:15:00+09:00,J5,718,800,1518
2019-03-28T08:30:00+09:00,J1,616,601,1217
2019-03-28T08:30:00+09:00,J2,242,157,399
2019-03-28T08:30:00+09:00,J3,1505,1456,2961
2019-03-28T08:30:00+09:00,J4,533,781,1314
2019-03-28T08:30:00+09:00,J5,720,785,1505
2019-03-28T08:45:00+09:00,J1,612,534,1146
2019-03-28T08:45:00+09:00,J2,152,86,238
2019-03-28T08:45:00+09:00,J3,1291,1242,2533
2019-03-28T08:45:00+09:00,J4,503,698,1201
2019-03-28T08:45:00+09:00,J5,669,650,1319
2019-03-28T09:00:00+09:00,J1,604,554,1158
2019-03-28T09:00:00+09:00,J2,150,113,263
2019-03-28T09:00:00+09:00,J3,1184,1072,2256
2019-03-28T09:00:00+09:00,J4,560,698,1258
2019-03-28T09:00:00+09:00,J5,697,676,1373
2019-03-28T09:15:00+09:00,J1,575,511,1086
2019-03-28T09:15:00+09:00,J2,160,91,251
2019-03-28T09:15:00+09:00,J3,1150,1172,2322
2019-03-28T09:15:00+09:00,J4,591,751,1342
2019-03-28T09:15:00+09:00,J5,500,539,1039
2019-03-28T09:30:00+09:00,J1,526,497,1023
2019-03-28T09:30:00+09:00,J2,224,130,354
2019-03-28T09:30:00+09:00,J3,1204,1165,2369
2019-03-28T09:30:00+09:00,J4,665,723,1388
2019-03-28T09:30:00+09:00,J5,369,499,868
2019-03-28T09:45:00+09:00,J1,567,465,1032
2019-03-28T09:45:00+09:00,J2,196,148,344
2019-03-28T09:45:00+09:00,J3,1265,1235,2500
2019-03-28T09:45:00+09:00,J4,668,663,1331
2019-03-28T09:45:00+09:00,J5,394,404,798
2019-03-28T10:00:00+09:00,J1,578,537,1115
2019-03-28T10:00:00+09:00,J2,134,108,242
2019-03-28T10:00:00+09:00,J3,1002,924,1926
2019-03-28T10:00:00+09:00,J4,732,700,1432
2019-03-28T10:00:00+09:00,J5,429,425,854
2019-03-28T10:15:00+09:00,J1,556,508,1064
2019-03-28T10:15:00+09:00,J2,149,90,239
2019-03-28T10:15:00+09:00,J3,1015,1003,2018
2019-03-28T10:15:00+09:00,J4,712,701,1413
2019-03-28T10:15:00+09:00,J5,392,387,779
2019-03-28T10:30:00+09:00,J1,616,488,1104
2019-03-28T10:30:00+09:00,J2,157,105,262
2019-03-28T10:30:00+09:00,J3,1034,1015,2049
2019-03-28T10:30:00+09:00,J4,649,703,1352
2019-03-28T10:30:00+09:00,J5,404,392,796
2019-03-28T10:45:00+09:00,J1,570,543,1113
2019-03-28T10:45:00+09:00,J2,162,100,262
2019-03-28T10:45:00+09:00,J3,996,979,1975
2019-03-28T10:45:00+09:00,J4,602,648,1250
2019-03-28T10:45:00+09:00,J5,375,446,821
2019-03-28T11:00:00+09:00,J1,560,516,1076
2019-03-28T11:00:00+09:00,J2,151,100,251
2019-03-28T11:00:00+09:00,J3,992,1000,1992
2019-03-28T11:00:00+09:00,J4,541,668,1209
2019-03-28T11:00:00+09:00,J5,373,480,853
2019-03-28T11:15:00+09:00,J1,584,582,1166
2019-03-28T11:15:00+09:00,J2,203,122,325
2019-03-28T11:15:00+09:00,J3,1200,988,2188
2019-03-28T11:15:00+09:00,J4,527,718,1245
2019-03-28T11:15:00+09:00,J5,552,595,1147
2019-03-28T11:30:00+09:00,J1,599,573,1172
2019-03-28T11:30:00+09:00,J2,181,155,336
2019-03-28T11:30:00+09:00,J3,1243,1001,2244
2019-03-28T11:30:00+09:00,J4,620,647,1267
2019-03-28T11:30:00+09:00,J5,697,753,1450
2019-03-28T11:45:00+09:00,J1,640,571,1211
2019-03-28T11:45:00+09:00,J2,207,174,381
2019-03-28T11:45:00+09:00,J3,1376,1101,2477
2019-03-28T11:45:00+09:00,J4,569,674,1243
2019-03-28T11:45:00+09:00,J5,683,766,1449
2019-03-28T12:00:00+09:00,J1,612,561,1173
2019-03-28T12:00:00+09:00,J2,241,207,448
2019-03-28T12:00:00+09:00,J3,1339,1153,2492
2019-03-28T12:00:00+09:00,J4,554,613,1167
2019-03-28T12:00:00+09:00,J5,677,752,1429
2019-03-28T12:15:00+09:00,J1,597,562,1159
2019-03-28T12:15:00+09:00,J2,239,215,454
2019-03-28T12:15:00+09:00,J3,1245,1182,2427
2019-03-28T12:15:00+09:00,J4,632,660,1292
2019-03-28T12:15:00+09:00,J5,726,748,1474
2019-03-28T12:30:00+09:00,J1,629,545,1174
2019-03-28T12:30:00+09:00,J2,256,228,484
2019-03-28T12:30:00+09:00,J3,1174,1246,2420
2019-03-28T12:30:00+09:00,J4,606,683,1289
2019-03-28T12:30:00+09:00,J5,669,699,1368
2019-03-28T12:45:00+09:00,J1,562,538,1100
2019-03-28T12:45:00+09:00,J2,261,239,500
2019-03-28T12:45:00+09:00,J3,1150,1175,2325
2019-03-28T12:45:00+09:00,J4,634,664,1298
2019-03-28T12:45:00+09:00,J5,604,666,1270
2019-03-28T13:00:00+09:00,J1,616,581,1197
2019-03-28T13:00:00+09:00,J2,276,204,480
2019-03-28T13:00:00+09:00,J3,1150,1225,2375
2019-03-28T13:00:00+09:00,J4,653,726,1379
2019-03-28T13:00:00+09:00,J5,693,726,1419
2019-03-28T13:15:00+09:00,J1,603,544,1147
2019-03-28T13:15:00+09:00,J2,264,241,505
2019-03-28T13:15:00+09:00,J3,1090,1263,2353
2019-03-28T13:15:00+09:00,J4,591,656,1247
2019-03-28T13:15:00+09:00,J5,748,756,1504
2019-03-28T13:30:00+09:00,J1,564,562,1126
2019-03-28T13:30:00+09:00,J2,297,276,573
2019-03-28T13:30:00+09:00,J3,1190,1167,2357
2019-03-28T13:30:00+09:00,J4,649,615,1264
2019-03-28T13:30:00+09:00,J5,673,678,1351
2019-03-28T13:45:00+09:00,J1,584,576,1160
2019-03-28T13:45:00+09:00,J2,289,233,522
2019-03-28T13:45:00+09:00,J3,1131,1189,2320
2019-03-28T13:45:00+09:00,J4,671,684,1355
2019-03-28T13:45:00+09:00,J5,765,709,1474
2019-03-28T14:00:00+09:00,J1,537,577,1114
2019-03-28T14:00:00+09:00,J2,292,237,529
2019-03-28T14:00:00+09:00,J3,1169,1199,2368
2019-03-28T14:00:00+09:00,J4,730,684,1414
2019-03-28T14:00:00+09:00,J5,679,741,1420
2019-03-28T14:15:00+09:00,J1,597,565,1162
2019-03-28T14:15:00+09:00,J2,356,257,613
2019-03-28T14:15:00+09:00,J3,1114,1224,2338
2019-03-28T14:15:00+09:00,J4,757,659,1416
2019-03-28T14:15:00+09:00,J5,698,679,1377
2019-03-28T14:30:00+09:00,J1,559,550,1109
2019-03-28T14:30:00+09:00,J2,301,268,569
2019-03-28T14:30:00+09:00,J3,1159,1206,2365
2019-03-28T14:30:00+09:00,J4,741,694,1435
2019-03-28T14:30:00+09:00,J5,671,702,1373
2019-03-28T14:45:00+09:00,J1,541,557,1098
2019-03-28T14:45:00+09:00,J2,368,245,613
2019-03-28T14:45:00+09:00,J3,1082,1182,2264
2019-03-28T14:45:00+09:00,J4,699,682,1381
2019-03-28T14:45:00+09:00,J5,692,679,1371
2019-03-28T15:00:00+09:00,J1,541,572,1113
2019-03-28T15:00:00+09:00,J2,332,253,585
2019-03-28T15:00:00+09:00,J3,1097,1135,2232
2019-03-28T15:00:00+09:00,J4,647,661,1308
2019-03-28T15:00:00+09:00,J5,711,651,1362
2019-03-28T15:15:00+09:00,J1,533,575,1108
2019-03-28T15:15:00+09:00,J2,336,269,605
2019-03-28T15:15:00+09:00,J3,1043,1142,2185
2019-03-28T15:15:00+09:00,J4,768,680,1448
2019-03-28T15:15:00+09:00,J5,703,673,1376
2019-03-28T15:30:00+09:00,J1,549,582,1131
2019-03-28T15:30:00+09:00,J2,397,246,643
2019-03-28T15:30:00+09:00,J3,1098,1174,2272
2019-03-28T15:30:00+09:00,J4,780,719,1499
2019-03-28T15:30:00+09:00,J5,701,680,1381
2019-03-28T15:45:00+09:00,J1,592,559,1151
2019-03-28T15:45:00+09:00,J2,294,223,517
2019-03-28T15:45:00+09:00,J3,1074,1132,2206
2019-03-28T15:45:00+09:00,J4,762,752,1514
2019-03-28T15:45:00+09:00,J5,697,666,1363
2019-03-28T16:00:00+09:00,J1,615,531,1146
2019-03-28T16:00:00+09:00,J2,312,220,532
2019-03-28T16:00:00+09:00,J3,1078,1195,2273
2019-03-28T16:00:00+09:00,J4,728,743,1471
2019-03-28T16:00:00+09:00,J5,706,709,1415
2019-03-28T16:15:00+09:00,J1,575,568,1143
2019-03-28T16:15:00+09:00,J2,293,202,495
2019-03-28T16:15:00+09:00,J3,1082,1113,2195
2019-03-28T16:15:00+09:00,J4,781,752,1533
2019-03-28T16:15:00+09:00,J5,742,772,1514
2019-03-28T16:30:00+09:00,J1,565,513,1078
2019-03-28T16:30:00+09:00,J2,242,199,441
2019-03-28T16:30:00+09:00,J3,1178,1094,2272
2019-03-28T16:30:00+09:00,J4,676,713,1389
2019-03-28T16:30:00+09:00,J5,688,746,1434
2019-03-28T16:45:00+09:00,J1,564,621,1185
2019-03-28T16:45:00+09:00,J2,254,153,407
2019-03-28T16:45:00+09:00,J3,1276,1021,2297
2019-03-28T16:45:00+09:00,J4,722,717,1439
2019-03-28T16:45:00+09:00,J5,738,677,1415
2019-03-28T17:00:00+09:00,J1,638,591,1229
2019-03-28T17:00:00+09:00,J2,261,205,466
2019-03-28T17:00:00+09:00,J3,1429,1216,2645
2019-03-28T17:00:00+09:00,J4,758,689,1447
2019-03-28T17:00:00+09:00,J5,750,691,1441
2019-03-28T17:15:00+09:00,J1,657,524,1181
2019-03-28T17:15:00+09:00,J2,363,246,609
2019-03-28T17:15:00+09:00,J3,1492,1301,2793
2019-03-28T17:15:00+09:00,J4,822,760,1582
2019-03-28T17:15:00+09:00,J5,750,861,1611
2019-03-28T17:30:00+09:00,J1,633,531,1164
2019-03-28T17:30:00+09:00,J2,347,227,574
2019-03-28T17:30:00+09:00,J3,1591,1354,2945
2019-03-28T17:30:00+09:00,J4,931,804,1735
2019-03-28T17:30:00+09:00,J5,812,899,1711
2019-03-28T17:45:00+09:00,J1,605,563,1168
2019-03-28T17:45:00+09:00,J2,302,213,515
2019-03-28T17:45:00+09:00,J3,1526,1324,2850
2019-03-28T17:45:00+09:00,J4,909,779,1688
2019-03-28T17:45:00+09:00,J5,775,882,1657
2019-03-28T18:00:00+09:00,J1,681,565,1246
2019-03-28T18:00:00+09:00,J2,408,258,666
2019-03-28T18:00:00+09:00,J3,1617,1241,2858
2019-03-28T18:00:00+09:00,J4,1080,768,1848
2019-03-28T18:00:00+09:00,J5,750,835,1585
2019-03-28T18:15:00+09:00,J1,640,526,1166
2019-03-28T18:15:00+09:00,J2,364,238,602
2019-03-28T18:15:00+09:00,J3,1633,1218,2851
2019-03-28T18:15:00+09:00,J4,838,730,1568
2019-03-28T18:15:00+09:00,J5,603,764,1367
2019-03-28T18:30:00+09:00,J1,675,549,1224
2019-03-28T18:30:00+09:00,J2,378,194,572
2019-03-28T18:30:00+09:00,J3,1535,1300,2835
2019-03-28T18:30:00+09:00,J4,748,553,1301
2019-03-28T18:30:00+09:00,J5,481,651,1132
2019-03-28T18:45:00+09:00,J1,618,574,1192
2019-03-28T18:45:00+09:00,J2,286,172,458
2019-03-28T18:45:00+09:00,J3,1422,1267,2689
2019-03-28T18:45:00+09:00,J4,660,544,1204
2019-03-28T18:45:00+09:00,J5,460,582,1042
2019-03-28T19:00:00+09:00,J1,543,546,1089
2019-03-28T19:00:00+09:00,J2,273,140,413
2019-03-28T19:00:00+09:00,J3,1428,1163,2591
2019-03-28T19:00:00+09:00,J4,630,548,1178
2019-03-28T19:00:00+09:00,J5,480,548,1028
2019-03-28T19:15:00+09:00,J1,566,525,1091
2019-03-28T19:15:00+09:00,J2,234,180,414
2019-03-28T19:15:00+09:00,J3,1252,1199,2451
2019-03-28T19:15:00+09:00,J4,622,589,1211
2019-03-28T19:15:00+09:00,J5,480,530,1010
2019-03-28T19:30:00+09:00,J1,539,536,1075
2019-03-28T19:30:00+09:00,J2,269,143,412
2019-03-28T19:30:00+09:00,J3,1112,1079,2191
2019-03-28T19:30:00+09:00,J4,625,641,1266
2019-03-28T19:30:00+09:00,J5,476,496,972
2019-03-28T19:45:00+09:00,J1,563,493,1056
2019-03-28T19:45:00+09:00,J2,216,155,371
2019-03-28T19:45:00+09:00,J3,1028,947,1975
2019-03-28T19:45:00+09:00,J4,647,603,1250
2019-03-28T19:45:00+09:00,J5,438,480,918
2019-03-28T20:00:00+09:00,J1,536,525,1061
2019-03-28T20:00:00+09:00,J2,208,145,353
2019-03-28T20:00:00+09:00,J3,1041,1018,2059
2019-03-28T20:00:00+09:00,J4,643,621,1264
2019-03-28T20:00:00+09:00,J5,439,513,952
2019-03-28T20:15:00+09:00,J1,538,513,1051
2019-03-28T20:15:00+09:00,J2,257,206,463
2019-03-28T20:15:00+09:00,J3,1144,1075,2219
2019-03-28T20:15:00+09:00,J4,561,549,1110
2019-03-28T20:15:00+09:00,J5,455,468,923
2019-03-28T20:30:00+09:00,J1,495,508,1003
2019-03-28T20:30:00+09:00,J2,271,190,461
2019-03-28T20:30:00+09:00,J3,1184,1037,2221
2019-03-28T20:30:00+09:00,J4,567,466,1033
2019-03-28T20:30:00+09:00,J5,439,450,889
2019-03-28T20:45:00+09:00,J1,520,515,1035
2019-03-28T20:45:00+09:00,J2,285,193,478
2019-03-28T20:45:00+09:00,J3,1017,949,1966
2019-03-28T20:45:00+09:00,J4,510,494,1004
2019-03-28T20:45:00+09:00,J5,471,461,932
2019-03-28T21:00:00+09:00,J1,465,475,940
2019-03-28T21:00:00+09:00,J2,360,215,575
2019-03-28T21:00:00+09:00,J3,1017,948,1965
2019-03-28T21:00:00+09:00,J4,643,537,1180
2019-03-28T21:00:00+09:00,J5,435,435,870
2019-03-28T21:15:00+09:00,J1,510,493,1003
2019-03-28T21:15:00+09:00,J2,267,200,467
2019-03-28T21:15:00+09:00,J3,1158,898,2056
2019-03-28T21:15:00+09:00,J4,646,593,1239
2019-03-28T21:15:00+09:00,J5,461,474,935
2019-03-28T21:30:00+09:00,J1,459,483,942
2019-03-28T21:30:00+09:00,J2,240,181,421
2019-03-28T21:30:00+09:00,J3,1079,785,1864
2019-03-28T21:30:00+09:00,J4,672,633,1305
2019-03-28T21:30:00+09:00,J5,500,456,956
2019-03-28T21:45:00+09:00,J1,438,449,887
2019-03-28T21:45:00+09:00,J2,166,154,320
2019-03-28T21:45:00+09:00,J3,1011,745,1756
2019-03-28T21:45:00+09:00,J4,631,672,1303
2019-03-28T21:45:00+09:00,J5,445,387,832
2019-03-28T22:00:00+09:00,J1,468,458,926
2019-03-28T22:00:00+09:00,J2,147,139,286
2019-03-28T22:00:00+09:00,J3,991,834,1825
2019-03-28T22:00:00+09:00,J4,606,664,1270
2019-03-28T22:00:00+09:00,J5,412,403,815
2019-03-28T22:15:00+09:00,J1,393,437,830
2019-03-28T22:15:00+09:00,J2,143,158,301
2019-03-28T22:15:00+09:00,J3,895,792,1687
2019-03-28T22:15:00+09:00,J4,592,624,1216
2019-03-28T22:15:00+09:00,J5,436,387,823
2019-03-28T22:30:00+09:00,J1,466,451,917
2019-03-28T22:30:00+09:00,J2,143,194,337
2019-03-28T22:30:00+09:00,J3,926,793,1719
2019-03-28T22:30:00+09:00,J4,558,586,1144
2019-03-28T22:30:00+09:00,J5,446,410,856
2019-03-28T22:45:00+09:00,J1,428,452,880
2019-03-28T22:45:00+09:00,J2,188,191,379
2019-03-28T22:45:00+09:00,J3,907,758,1665
2019-03-28T22:45:00+09:00,J4,551,626,1177
2019-03-28T22:45:00+09:00,J5,414,424,838
2019-03-28T23:00:00+09:00,J1,369,401,770
2019-03-28T23:00:00+09:00,J2,258,199,457
2019-03-28T23:00:00+09:00,J3,869,751,1620
2019-03-28T23:00:00+09:00,J4,530,649,1179
2019-03-28T23:00:00+09:00,J5,446,415,861
2019-03-28T23:15:00+09:00,J1,416,397,813
2019-03-28T23:15:00+09:00,J2,200,185,385
2019-03-28T23:15:00+09:00,J3,776,770,1546
2019-03-28T23:15:00+09:00,J4,534,630,1164
2019-03-28T23:15:00+09:00,J5,471,488,959
2019-03-28T23:30:00+09:00,J1,408,486,894
2019-03-28T23:30:00+09:00,J2,168,174,342
2019-03-28T23:30:00+09:00,J3,714,712,1426
2019-03-28T23:30:00+09:00,J4,476,538,1014
2019-03-28T23:30:00+09:00,J5,457,438,895
2019-03-28T23:45:00+09:00,J1,409,464,873
2019-03-28T23:45:00+09:00,J2,135,110,245
2019-03-28T23:45:00+09:00,J3,740,709,1449
2019-03-28T23:45:00+09:00,J4,447,488,935
2019-03-28T23:45:00+09:00,J5,437,473,910
2019-03-29T00:00:00+09:00,J1,371,338,709
2019-03-29T00:00:00+09:00,J2,99,114,213
2019-03-29T00:00:00+09:00,J3,733,656,1389
2019-03-29T00:00:00+09:00,J4,383,459,842
2019-03-29T00:00:00+09:00,J5,485,528,1013
2019-03-29T00:15:00+09:00,J1,246,267,513
2019-03-29T00:15:00+09:00,J2,119,101,220
2019-03-29T00:15:00+09:00,J3,682,637,1319
2019-03-29T00:15:00+09:00,J4,527,496,1023
2019-03-29T00:15:00+09:00,J5,518,559,1077
2019-03-29T00:30:00+09:00,J1,289,311,600
2019-03-29T00:30:00+09:00,J2,96,94,190
2019-03-29T00:30:00+09:00,J3,811,731,1542
2019-03-29T00:30:00+09:00,J4,602,581,1183
2019-03-29T00:30:00+09:00,J5,520,504,1024
2019-03-29T00:45:00+09:00,J1,288,270,558
2019-03-29T00:45:00+09:00,J2,118,76,194
2019-03-29T00:45:00+09:00,J3,792,790,1582
2019-03-29T00:45:00+09:00,J4,519,505,1024
2019-03-29T00:45:00+09:00,J5,528,471,999
2019-03-29T05:45:00+09:00,J1,688,625,1313
2019-03-29T05:45:00+09:00,J2,521,505,1026
2019-03-29T05:45:00+09:00,J3,934,730,1664
2019-03-29T05:45:00+09:00,J4,752,817,1569
2019-03-29T05:45:00+09:00,J5,464,524,988
2019-03-29T06:00:00+09:00,J1,593,539,1132
2019-03-29T06:00:00+09:00,J2,482,490,972
2019-03-29T06:00:00+09:00,J3,1027,865,1892
2019-03-29T06:00:00+09:00,J4,868,832,1700
2019-03-29T06:00:00+09:00,J5,510,535,1045
2019-03-29T06:15:00+09:00,J1,733,831,1564
2019-03-29T06:15:00+09:00,J2,451,470,921
2019-03-29T06:15:00+09:00,J3,956,856,1812
2019-03-29T06:15:00+09:00,J4,720,832,1552
2019-03-29T06:15:00+09:00,J5,545,521,1066
2019-03-29T06:30:00+09:00,J1,813,808,1621
2019-03-29T06:30:00+09:00,J2,395,433,828
2019-03-29T06:30:00+09:00,J3,906,809,1715
2019-03-29T06:30:00+09:00,J4,656,757,1413
2019-03-29T06:30:00+09:00,J5,637,520,1157
2019-03-29T06:45:00+09:00,J1,825,860,1685
2019-03-29T06:45:00+09:00,J2,514,507,1021
2019-03-29T06:45:00+09:00,J3,835,793,1628
2019-03-29T06:45:00+09:00,J4,747,821,1568
2019-03-29T06:45:00+09:00,J5,632,586,1218
2019-03-29T07:00:00+09:00,J1,954,969,1923
2019-03-29T07:00:00+09:00,J2,692,604,1296
2019-03-29T07:00:00+09:00,J3,1008,872,1880
2019-03-29T07:00:00+09:00,J4,773,817,1590
2019-03-29T07:00:00+09:00,J5,671,600,1271
2019-03-29T07:15:00+09:00,J1,1137,1178,2315
2019-03-29T07:15:00+09:00,J2,902,780,1682
2019-03-29T07:15:00+09:00,J3,839,818,1657
2019-03-29T07:15:00+09:00,J4,870,913,1783
2019-03-29T07:15:00+09:00,J5,667,543,1210
2019-03-29T07:30:00+09:00,J1,1073,1274,2347
2019-03-29T07:30:00+09:00,J2,791,684,1475
2019-03-29T07:30:00+09:00,J3,1263,1115,2378
2019-03-29T07:30:00+09:00,J4,927,981,1908
2019-03-29T07:30:00+09:00,J5,598,567,1165
2019-03-29T07:45:00+09:00,J1,1132,1201,2333
2019-03-29T07:45:00+09:00,J2,679,634,1313
2019-03-29T07:45:00+09:00,J3,1232,1157,2389
2019-03-29T07:45:00+09:00,J4,974,1032,2006
2019-03-29T07:45:00+09:00,J5,677,708,1385
2019-03-29T08:00:00+09:00,J1,1321,1282,2603
2019-03-29T08:00:00+09:00,J2,1026,808,1834
2019-03-29T08:00:00+09:00,J3,1464,1306,2770
2019-03-29T08:00:00+09:00,J4,839,1092,1931
2019-03-29T08:00:00+09:00,J5,732,752,1484
2019-03-29T08:15:00+09:00,J1,1295,1275,2570
2019-03-29T08:15:00+09:00,J2,1046,708,1754
2019-03-29T08:15:00+09:00,J3,1472,1471,2943
2019-03-29T08:15:00+09:00,J4,748,1145,1893
2019-03-29T08:15:00+09:00,J5,683,783,1466
2019-03-29T08:30:00+09:00,J1,1412,1276,2688
2019-03-29T08:30:00+09:00,J2,1127,661,1788
2019-03-29T08:30:00+09:00,J3,1524,1465,2989
2019-03-29T08:30:00+09:00,J4,689,1137,1826
2019-03-29T08:30:00+09:00,J5,600,601,1201
2019-03-29T08:45:00+09:00,J1,1276,1321,2597
2019-03-29T08:45:00+09:00,J2,804,577,1381
2019-03-29T08:45:00+09:00,J3,1286,1236,2522
2019-03-29T08:45:00+09:00,J4,682,1053,1735
2019-03-29T08:45:00+09:00,J5,663,621,1284
2019-03-29T09:00:00+09:00,J1,1298,1372,2670
2019-03-29T09:00:00+09:00,J2,743,631,1374
2019-03-29T09:00:00+09:00,J3,1046,978,2024
2019-03-29T09:00:00+09:00,J4,830,903,1733
2019-03-29T09:00:00+09:00,J5,606,621,1227
2019-03-29T09:15:00+09:00,J1,1298,1156,2454
2019-03-29T09:15:00+09:00,J2,798,643,1441
2019-03-29T09:15:00+09:00,J3,1063,1060,2123
2019-03-29T09:15:00+09:00,J4,920,904,1824
2019-03-29T09:15:00+09:00,J5,443,524,967
2019-03-29T09:30:00+09:00,J1,1255,1167,2422
2019-03-29T09:30:00+09:00,J2,842,609,1451
2019-03-29T09:30:00+09:00,J3,1204,1116,2320
2019-03-29T09:30:00+09:00,J4,916,928,1844
2019-03-29T09:30:00+09:00,J5,370,438,808
2019-03-29T09:45:00+09:00,J1,1192,1157,2349
2019-03-29T09:45:00+09:00,J2,789,587,1376
2019-03-29T09:45:00+09:00,J3,1033,977,2010
2019-03-29T09:45:00+09:00,J4,975,893,1868
2019-03-29T09:45:00+09:00,J5,444,474,918
2019-03-29T10:00:00+09:00,J1,1196,1277,2473
2019-03-29T10:00:00+09:00,J2,679,600,1279
2019-03-29T10:00:00+09:00,J3,1112,1104,2216
2019-03-29T10:00:00+09:00,J4,960,912,1872
2019-03-29T10:00:00+09:00,J5,434,392,826
2019-03-29T10:15:00+09:00,J1,1204,1265,2469
2019-03-29T10:15:00+09:00,J2,647,553,1200
2019-03-29T10:15:00+09:00,J3,1170,1160,2330
2019-03-29T10:15:00+09:00,J4,860,917,1777
2019-03-29T10:15:00+09:00,J5,439,371,810
2019-03-29T10:30:00+09:00,J1,1244,1299,2543
2019-03-29T10:30:00+09:00,J2,748,605,1353
2019-03-29T10:30:00+09:00,J3,1072,1099,2171
2019-03-29T10:30:00+09:00,J4,779,956,1735
2019-03-29T10:30:00+09:00,J5,398,386,784
2019-03-29T10:45:00+09:00,J1,1217,1257,2474
2019-03-29T10:45:00+09:00,J2,668,664,1332
2019-03-29T10:45:00+09:00,J3,1041,964,2005
2019-03-29T10:45:00+09:00,J4,756,905,1661
2019-03-29T10:45:00+09:00,J5,391,421,812
2019-03-29T11:00:00+09:00,J1,1154,1176,2330
2019-03-29T11:00:00+09:00,J2,678,683,1361
2019-03-29T11:00:00+09:00,J3,1113,1107,2220
2019-03-29T11:00:00+09:00,J4,764,948,1712
2019-03-29T11:00:00+09:00,J5,381,417,798
2019-03-29T11:15:00+09:00,J1,1215,1347,2562
2019-03-29T11:15:00+09:00,J2,694,720,1414
2019-03-29T11:15:00+09:00,J3,1353,1112,2465
2019-03-29T11:15:00+09:00,J4,776,981,1757
2019-03-29T11:15:00+09:00,J5,605,648,1253
2019-03-29T11:30:00+09:00,J1,1249,1429,2678
2019-03-29T11:30:00+09:00,J2,740,657,1397
2019-03-29T11:30:00+09:00,J3,1350,1119,2469
2019-03-29T11:30:00+09:00,J4,740,959,1699
2019-03-29T11:30:00+09:00,J5,791,738,1529
2019-03-29T11:45:00+09:00,J1,1231,1394,2625
2019-03-29T11:45:00+09:00,J2,681,807,1488
2019-03-29T11:45:00+09:00,J3,1297,1179,2476
2019-03-29T11:45:00+09:00,J4,831,935,1766
2019-03-29T11:45:00+09:00,J5,728,735,1463
2019-03-29T12:00:00+09:00,J1,1281,1389,2670
2019-03-29T12:00:00+09:00,J2,785,743,1528
2019-03-29T12:00:00+09:00,J3,1390,1130,2520
2019-03-29T12:00:00+09:00,J4,718,950,1668
2019-03-29T12:00:00+09:00,J5,704,764,1468
2019-03-29T12:15:00+09:00,J1,1088,1396,2484
2019-03-29T12:15:00+09:00,J2,754,864,1618
2019-03-29T12:15:00+09:00,J3,1163,1025,2188
2019-03-29T12:15:00+09:00,J4,802,1001,1803
2019-03-29T12:15:00+09:00,J5,732,718,1450
2019-03-29T12:30:00+09:00,J1,1168,1359,2527
2019-03-29T12:30:00+09:00,J2,792,869,1661
2019-03-29T12:30:00+09:00,J3,1177,1185,2362
2019-03-29T12:30:00+09:00,J4,803,956,1759
2019-03-29T12:30:00+09:00,J5,689,705,1394
2019-03-29T12:45:00+09:00,J1,1143,1358,2501
2019-03-29T12:45:00+09:00,J2,757,882,1639
2019-03-29T12:45:00+09:00,J3,1154,1262,2416
2019-03-29T12:45:00+09:00,J4,807,985,1792
2019-03-29T12:45:00+09:00,J5,669,621,1290
2019-03-29T13:00:00+09:00,J1,1157,1300,2457
2019-03-29T13:00:00+09:00,J2,734,825,1559
2019-03-29T13:00:00+09:00,J3,1102,1157,2259
2019-03-29T13:00:00+09:00,J4,833,914,1747
2019-03-29T13:00:00+09:00,J5,706,662,1368
2019-03-29T13:15:00+09:00,J1,1246,1308,2554
2019-03-29T13:15:00+09:00,J2,812,915,1727
2019-03-29T13:15:00+09:00,J3,1117,1201,2318
2019-03-29T13:15:00+09:00,J4,901,863,1764
2019-03-29T13:15:00+09:00,J5,749,706,1455
2019-03-29T13:30:00+09:00,J1,1157,1343,2500
2019-03-29T13:30:00+09:00,J2,845,859,1704
2019-03-29T13:30:00+09:00,J3,1091,1210,2301
2019-03-29T13:30:00+09:00,J4,886,893,1779
2019-03-29T13:30:00+09:00,J5,757,719,1476
2019-03-29T13:45:00+09:00,J1,1141,1306,2447
2019-03-29T13:45:00+09:00,J2,830,910,1740
2019-03-29T13:45:00+09:00,J3,1131,1155,2286
2019-03-29T13:45:00+09:00,J4,792,881,1673
2019-03-29T13:45:00+09:00,J5,716,742,1458
2019-03-29T14:00:00+09:00,J1,1130,1366,2496
2019-03-29T14:00:00+09:00,J2,813,906,1719
2019-03-29T14:00:00+09:00,J3,1194,1152,2346
2019-03-29T14:00:00+09:00,J4,881,911,1792
2019-03-29T14:00:00+09:00,J5,701,663,1364
2019-03-29T14:15:00+09:00,J1,1127,1343,2470
2019-03-29T14:15:00+09:00,J2,707,843,1550
2019-03-29T14:15:00+09:00,J3,1115,1226,2341
2019-03-29T14:15:00+09:00,J4,955,911,1866
2019-03-29T14:15:00+09:00,J5,705,731,1436
2019-03-29T14:30:00+09:00,J1,1145,1281,2426
2019-03-29T14:30:00+09:00,J2,787,924,1711
2019-03-29T14:30:00+09:00,J3,1136,1214,2350
2019-03-29T14:30:00+09:00,J4,916,909,1825
2019-03-29T14:30:00+09:00,J5,676,744,1420
2019-03-29T14:45:00+09:00,J1,1195,1318,2513
2019-03-29T14:45:00+09:00,J2,868,916,1784
2019-03-29T14:45:00+09:00,J3,1171,1220,2391
2019-03-29T14:45:00+09:00,J4,958,875,1833
2019-03-29T14:45:00+09:00,J5,645,663,1308
2019-03-29T15:00:00+09:00,J1,1096,1287,2383
2019-03-29T15:00:00+09:00,J2,786,867,1653
2019-03-29T15:00:00+09:00,J3,1030,1120,2150
2019-03-29T15:00:00+09:00,J4,939,918,1857
2019-03-29T15:00:00+09:00,J5,699,695,1394
2019-03-29T15:15:00+09:00,J1,1127,1305,2432
2019-03-29T15:15:00+09:00,J2,765,904,1669
2019-03-29T15:15:00+09:00,J3,1107,1103,2210
2019-03-29T15:15:00+09:00,J4,931,926,1857
2019-03-29T15:15:00+09:00,J5,712,664,1376
2019-03-29T15:30:00+09:00,J1,1148,1333,2481
2019-03-29T15:30:00+09:00,J2,772,905,1677
2019-03-29T15:30:00+09:00,J3,1057,1019,2076
2019-03-29T15:30:00+09:00,J4,1058,948,2006
2019-03-29T15:30:00+09:00,J5,664,669,1333
2019-03-29T15:45:00+09:00,J1,1139,1337,2476
2019-03-29T15:45:00+09:00,J2,804,871,1675
2019-03-29T15:45:00+09:00,J3,1108,1111,2219
2019-03-29T15:45:00+09:00,J4,955,885,1840
2019-03-29T15:45:00+09:00,J5,694,675,1369
2019-03-29T16:00:00+09:00,J1,1152,1304,2456
2019-03-29T16:00:00+09:00,J2,834,964,1798
2019-03-29T16:00:00+09:00,J3,1056,1132,2188
2019-03-29T16:00:00+09:00,J4,913,900,1813
2019-03-29T16:00:00+09:00,J5,664,623,1287
2019-03-29T16:15:00+09:00,J1,1139,1392,2531
2019-03-29T16:15:00+09:00,J2,874,1012,1886
2019-03-29T16:15:00+09:00,J3,1052,1050,2102
2019-03-29T16:15:00+09:00,J4,990,967,1957
2019-03-29T16:15:00+09:00,J5,661,683,1344
2019-03-29T16:30:00+09:00,J1,1108,1344,2452
2019-03-29T16:30:00+09:00,J2,804,902,1706
2019-03-29T16:30:00+09:00,J3,1134,1222,2356
2019-03-29T16:30:00+09:00,J4,1012,948,1960
2019-03-29T16:30:00+09:00,J5,674,679,1353
2019-03-29T16:45:00+09:00,J1,1176,1293,2469
2019-03-29T16:45:00+09:00,J2,708,827,1535
2019-03-29T16:45:00+09:00,J3,1110,1153,2263
2019-03-29T16:45:00+09:00,J4,901,846,1747
2019-03-29T16:45:00+09:00,J5,692,657,1349
2019-03-29T17:00:00+09:00,J1,1213,1354,2567
2019-03-29T17:00:00+09:00,J2,768,967,1735
2019-03-29T17:00:00+09:00,J3,1373,1301,2674
2019-03-29T17:00:00+09:00,J4,1001,947,1948
2019-03-29T17:00:00+09:00,J5,687,720,1407
2019-03-29T17:15:00+09:00,J1,1142,1412,2554
2019-03-29T17:15:00+09:00,J2,833,962,1795
2019-03-29T17:15:00+09:00,J3,1435,1224,2659
2019-03-29T17:15:00+09:00,J4,1065,1040,2105
2019-03-29T17:15:00+09:00,J5,763,815,1578
2019-03-29T17:30:00+09:00,J1,1285,1442,2727
2019-03-29T17:30:00+09:00,J2,839,961,1800
2019-03-29T17:30:00+09:00,J3,1302,1159,2461
2019-03-29T17:30:00+09:00,J4,1091,1111,2202
2019-03-29T17:30:00+09:00,J5,781,848,1629
2019-03-29T17:45:00+09:00,J1,1229,1410,2639
2019-03-29T17:45:00+09:00,J2,846,943,1789
2019-03-29T17:45:00+09:00,J3,1369,1142,2511
2019-03-29T17:45:00+09:00,J4,1194,991,2185
2019-03-29T17:45:00+09:00,J5,783,896,1679
2019-03-29T18:00:00+09:00,J1,1345,1452,2797
2019-03-29T18:00:00+09:00,J2,930,1103,2033
2019-03-29T18:00:00+09:00,J3,1414,1089,2503
2019-03-29T18:00:00+09:00,J4,1253,1016,2269
2019-03-29T18:00:00+09:00,J5,791,820,1611
2019-03-29T18:15:00+09:00,J1,1306,1508,2814
2019-03-29T18:15:00+09:00,J2,812,1124,1936
2019-03-29T18:15:00+09:00,J3,1376,1188,2564
2019-03-29T18:15:00+09:00,J4,1365,1027,2392
2019-03-29T18:15:00+09:00,J5,754,807,1561
2019-03-29T18:30:00+09:00,J1,1231,1479,2710
2019-03-29T18:30:00+09:00,J2,893,1024,1917
2019-03-29T18:30:00+09:00,J3,1447,1093,2540
2019-03-29T18:30:00+09:00,J4,1127,939,2066
2019-03-29T18:30:00+09:00,J5,678,780,1458
2019-03-29T18:45:00+09:00,J1,1191,1411,2602
2019-03-29T18:45:00+09:00,J2,815,836,1651
2019-03-29T18:45:00+09:00,J3,1337,1051,2388
2019-03-29T18:45:00+09:00,J4,1015,810,1825
2019-03-29T18:45:00+09:00,J5,642,761,1403
2019-03-29T19:00:00+09:00,J1,1202,1353,2555
2019-03-29T19:00:00+09:00,J2,794,642,1436
2019-03-29T19:00:00+09:00,J3,1345,1065,2410
2019-03-29T19:00:00+09:00,J4,827,694,1521
2019-03-29T19:00:00+09:00,J5,574,650,1224
2019-03-29T19:15:00+09:00,J1,1163,1377,2540
2019-03-29T19:15:00+09:00,J2,689,672,1361
2019-03-29T19:15:00+09:00,J3,1315,1160,2475
2019-03-29T19:15:00+09:00,J4,779,736,1515
2019-03-29T19:15:00+09:00,J5,504,629,1133
2019-03-29T19:30:00+09:00,J1,1258,1389,2647
2019-03-29T19:30:00+09:00,J2,682,587,1269
2019-03-29T19:30:00+09:00,J3,1217,1042,2259
2019-03-29T19:30:00+09:00,J4,717,687,1404
2019-03-29T19:30:00+09:00,J5,482,556,1038
2019-03-29T19:45:00+09:00,J1,1201,1331,2532
2019-03-29T19:45:00+09:00,J2,620,628,1248
2019-03-29T19:45:00+09:00,J3,1169,983,2152
2019-03-29T19:45:00+09:00,J4,743,676,1419
2019-03-29T19:45:00+09:00,J5,496,505,1001
2019-03-29T20:00:00+09:00,J1,1215,1309,2524
2019-03-29T20:00:00+09:00,J2,595,637,1232
2019-03-29T20:00:00+09:00,J3,1184,1013,2197
2019-03-29T20:00:00+09:00,J4,736,717,1453
2019-03-29T20:00:00+09:00,J5,469,507,976
2019-03-29T20:15:00+09:00,J1,1133,1317,2450
2019-03-29T20:15:00+09:00,J2,640,613,1253
2019-03-29T20:15:00+09:00,J3,1216,1034,2250
2019-03-29T20:15:00+09:00,J4,689,716,1405
2019-03-29T20:15:00+09:00,J5,413,471,884
2019-03-29T20:30:00+09:00,J1,1054,1273,2327
2019-03-29T20:30:00+09:00,J2,758,816,1574
2019-03-29T20:30:00+09:00,J3,1246,973,2219
2019-03-29T20:30:00+09:00,J4,714,752,1466
2019-03-29T20:30:00+09:00,J5,467,450,917
2019-03-29T20:45:00+09:00,J1,1106,1328,2434
2019-03-29T20:45:00+09:00,J2,842,703,1545
2019-03-29T20:45:00+09:00,J3,1089,993,2082
2019-03-29T20:45:00+09:00,J4,744,653,1397
2019-03-29T20:45:00+09:00,J5,426,481,907
2019-03-29T21:00:00+09:00,J1,1094,1291,2385
2019-03-29T21:00:00+09:00,J2,787,772,1559
2019-03-29T21:00:00+09:00,J3,1076,971,2047
2019-03-29T21:00:00+09:00,J4,721,728,1449
2019-03-29T21:00:00+09:00,J5,404,407,811
2019-03-29T21:15:00+09:00,J1,1120,1293,2413
2019-03-29T21:15:00+09:00,J2,802,817,1619
2019-03-29T21:15:00+09:00,J3,972,900,1872
2019-03-29T21:15:00+09:00,J4,734,714,1448
2019-03-29T21:15:00+09:00,J5,444,476,920
2019-03-29T21:30:00+09:00,J1,976,1147,2123
2019-03-29T21:30:00+09:00,J2,715,783,1498
2019-03-29T21:30:00+09:00,J3,1058,958,2016
2019-03-29T21:30:00+09:00,J4,726,715,1441
2019-03-29T21:30:00+09:00,J5,349,387,736
2019-03-29T21:45:00+09:00,J1,1067,1155,2222
2019-03-29T21:45:00+09:00,J2,642,727,1369
2019-03-29T21:45:00+09:00,J3,1072,866,1938
2019-03-29T21:45:00+09:00,J4,708,727,1435
2019-03-29T21:45:00+09:00,J5,414,363,777
2019-03-29T22:00:00+09:00,J1,1113,1178,2291
2019-03-29T22:00:00+09:00,J2,559,692,1251
2019-03-29T22:00:00+09:00,J3,1055,834,1889
2019-03-29T22:00:00+09:00,J4,697,735,1432
2019-03-29T22:00:00+09:00,J5,413,425,838
2019-03-29T22:15:00+09:00,J1,1070,1149,2219
2019-03-29T22:15:00+09:00,J2,496,758,1254
2019-03-29T22:15:00+09:00,J3,1039,817,1856
2019-03-29T22:15:00+09:00,J4,689,784,1473
2019-03-29T22:15:00+09:00,J5,426,365,791
2019-03-29T22:30:00+09:00,J1,1055,1227,2282
2019-03-29T22:30:00+09:00,J2,556,655,1211
2019-03-29T22:30:00+09:00,J3,953,778,1731
2019-03-29T22:30:00+09:00,J4,709,789,1498
2019-03-29T22:30:00+09:00,J5,457,388,845
2019-03-29T22:45:00+09:00,J1,1015,1164,2179
2019-03-29T22:45:00+09:00,J2,483,622,1105
2019-03-29T22:45:00+09:00,J3,993,768,1761
2019-03-29T22:45:00+09:00,J4,723,888,1611
2019-03-29T22:45:00+09:00,J5,409,344,753
2019-03-29T23:00:00+09:00,J1,1047,1133,2180
2019-03-29T23:00:00+09:00,J2,533,659,1192
2019-03-29T23:00:00+09:00,J3,1010,784,1794
2019-03-29T23:00:00+09:00,J4,742,830,1572
2019-03-29T23:00:00+09:00,J5,422,372,794
2019-03-29T23:15:00+09:00,J1,1018,1119,2137
2019-03-29T23:15:00+09:00,J2,477,646,1123
2019-03-29T23:15:00+09:00,J3,936,759,1695
2019-03-29T23:15:00+09:00,J4,693,840,1533
2019-03-29T23:15:00+09:00,J5,354,380,734
2019-03-29T23:30:00+09:00,J1,949,1065,2014
2019-03-29T23:30:00+09:00,J2,455,677,1132
2019-03-29T23:30:00+09:00,J3,911,747,1658
2019-03-29T23:30:00+09:00,J4,740,844,1584
2019-03-29T23:30:00+09:00,J5,375,385,760
2019-03-29T23:45:00+09:00,J1,980,1087,2067
2019-03-29T23:45:00+09:00,J2,454,560,1014
2019-03-29T23:45:00+09:00,J3,880,705,1585
2019-03-29T23:45:00+09:00,J4,589,717,1306
2019-03-29T23:45:00+09:00,J5,410,366,776
2019-03-30T00:00:00+09:00,J1,838,932,1770
2019-03-30T00:00:00+09:00,J2,471,461,932
2019-03-30T00:00:00+09:00,J3,656,574,1230
2019-03-30T00:00:00+09:00,J4,594,704,1298
2019-03-30T00:00:00+09:00,J5,431,411,842
2019-03-30T00:15:00+09:00,J1,599,538,1137
2019-03-30T00:15:00+09:00,J2,393,425,818
2019-03-30T00:15:00+09:00,J3,573,568,1141
2019-03-30T00:15:00+09:00,J4,608,649,1257
2019-03-30T00:15:00+09:00,J5,526,536,1062
2019-03-30T00:30:00+09:00,J1,274,270,544
2019-03-30T00:30:00+09:00,J2,401,386,787
2019-03-30T00:30:00+09:00,J3,663,624,1287
2019-03-30T00:30:00+09:00,J4,736,676,1412
2019-03-30T00:30:00+09:00,J5,577,523,1100
2019-03-30T00:45:00+09:00,J1,306,341,647
2019-03-30T00:45:00+09:00,J2,393,382,775
2019-03-30T00:45:00+09:00,J3,711,740,1451
2019-03-30T00:45:00+09:00,J4,637,684,1321
2019-03-30T00:45:00+09:00,J5,537,569,1106
2019-03-30T05:45:00+09:00,J1,662,672,1334
2019-03-30T05:45:00+09:00,J2,421,454,875
2019-03-30T05:45:00+09:00,J3,915,812,1727
2019-03-30T05:45:00+09:00,J4,868,777,1645
2019-03-30T05:45:00+09:00,J5,623,544,1167
2019-03-30T06:00:00+09:00,J1,697,794,1491
2019-03-30T06:00:00+09:00,J2,328,332,660
2019-03-30T06:00:00+09:00,J3,839,769,1608
2019-03-30T06:00:00+09:00,J4,839,764,1603
2019-03-30T06:00:00+09:00,J5,568,531,1099
2019-03-30T06:15:00+09:00,J1,779,834,1613
2019-03-30T06:15:00+09:00,J2,419,410,829
2019-03-30T06:15:00+09:00,J3,673,698,1371
2019-03-30T06:15:00+09:00,J4,871,766,1637
2019-03-30T06:15:00+09:00,J5,544,512,1056
2019-03-30T06:30:00+09:00,J1,802,932,1734
2019-03-30T06:30:00+09:00,J2,441,317,758
2019-03-30T06:30:00+09:00,J3,780,717,1497
2019-03-30T06:30:00+09:00,J4,809,746,1555
2019-03-30T06:30:00+09:00,J5,611,541,1152
2019-03-30T06:45:00+09:00,J1,773,817,1590
2019-03-30T06:45:00+09:00,J2,412,402,814
2019-03-30T06:45:00+09:00,J3,792,766,1558
2019-03-30T06:45:00+09:00,J4,805,791,1596
2019-03-30T06:45:00+09:00,J5,580,515,1095
2019-03-30T07:00:00+09:00,J1,871,943,1814
2019-03-30T07:00:00+09:00,J2,596,558,1154
2019-03-30T07:00:00+09:00,J3,878,793,1671
2019-03-30T07:00:00+09:00,J4,821,810,1631
2019-03-30T07:00:00+09:00,J5,591,576,1167
2019-03-30T07:15:00+09:00,J1,1028,1004,2032
2019-03-30T07:15:00+09:00,J2,705,622,1327
2019-03-30T07:15:00+09:00,J3,822,757,1579
2019-03-30T07:15:00+09:00,J4,860,786,1646
2019-03-30T07:15:00+09:00,J5,612,575,1187
2019-03-30T07:30:00+09:00,J1,997,1079,2076
2019-03-30T07:30:00+09:00,J2,604,561,1165
2019-03-30T07:30:00+09:00,J3,755,707,1462
2019-03-30T07:30:00+09:00,J4,805,881,1686
2019-03-30T07:30:00+09:00,J5,646,596,1242
2019-03-30T07:45:00+09:00,J1,969,963,1932
2019-03-30T07:45:00+09:00,J2,732,663,1395
2019-03-30T07:45:00+09:00,J3,719,715,1434
2019-03-30T07:45:00+09:00,J4,866,844,1710
2019-03-30T07:45:00+09:00,J5,606,503,1109
2019-03-30T08:00:00+09:00,J1,1202,1326,2528
2019-03-30T08:00:00+09:00,J2,655,629,1284
2019-03-30T08:00:00+09:00,J3,1081,1005,2086
2019-03-30T08:00:00+09:00,J4,890,866,1756
2019-03-30T08:00:00+09:00,J5,489,497,986
2019-03-30T08:15:00+09:00,J1,1299,1320,2619
2019-03-30T08:15:00+09:00,J2,835,665,1500
2019-03-30T08:15:00+09:00,J3,1176,1090,2266
2019-03-30T08:15:00+09:00,J4,837,869,1706
2019-03-30T08:15:00+09:00,J5,641,651,1292
2019-03-30T08:30:00+09:00,J1,1243,1276,2519
2019-03-30T08:30:00+09:00,J2,719,562,1281
2019-03-30T08:30:00+09:00,J3,1160,970,2130
2019-03-30T08:30:00+09:00,J4,728,909,1637
2019-03-30T08:30:00+09:00,J5,662,710,1372
2019-03-30T08:45:00+09:00,J1,1165,1390,2555
2019-03-30T08:45:00+09:00,J2,580,546,1126
2019-03-30T08:45:00+09:00,J3,1143,1069,2212
2019-03-30T08:45:00+09:00,J4,720,857,1577
2019-03-30T08:45:00+09:00,J5,538,575,1113
2019-03-30T09:00:00+09:00,J1,1180,1086,2266
2019-03-30T09:00:00+09:00,J2,794,658,1452
2019-03-30T09:00:00+09:00,J3,896,803,1699
2019-03-30T09:00:00+09:00,J4,683,750,1433
2019-03-30T09:00:00+09:00,J5,562,539,1101
2019-03-30T09:15:00+09:00,J1,1154,1102,2256
2019-03-30T09:15:00+09:00,J2,694,681,1375
2019-03-30T09:15:00+09:00,J3,845,759,1604
2019-03-30T09:15:00+09:00,J4,728,861,1589
2019-03-30T09:15:00+09:00,J5,417,431,848
2019-03-30T09:30:00+09:00,J1,1132,1098,2230
2019-03-30T09:30:00+09:00,J2,684,545,1229
2019-03-30T09:30:00+09:00,J3,876,804,1680
2019-03-30T09:30:00+09:00,J4,700,834,1534
2019-03-30T09:30:00+09:00,J5,385,443,828
2019-03-30T09:45:00+09:00,J1,1152,1150,2302
2019-03-30T09:45:00+09:00,J2,657,622,1279
2019-03-30T09:45:00+09:00,J3,957,848,1805
2019-03-30T09:45:00+09:00,J4,746,882,1628
2019-03-30T09:45:00+09:00,J5,383,404,787
2019-03-30T10:00:00+09:00,J1,1166,1090,2256
2019-03-30T10:00:00+09:00,J2,645,595,1240
2019-03-30T10:00:00+09:00,J3,990,750,1740
2019-03-30T10:00:00+09:00,J4,685,851,1536
2019-03-30T10:00:00+09:00,J5,347,424,771
2019-03-30T10:15:00+09:00,J1,1229,1156,2385
2019-03-30T10:15:00+09:00,J2,749,680,1429
2019-03-30T10:15:00+09:00,J3,1006,856,1862
2019-03-30T10:15:00+09:00,J4,764,785,1549
2019-03-30T10:15:00+09:00,J5,401,411,812
2019-03-30T10:30:00+09:00,J1,1031,1083,2114
2019-03-30T10:30:00+09:00,J2,765,768,1533
2019-03-30T10:30:00+09:00,J3,1091,883,1974
2019-03-30T10:30:00+09:00,J4,728,784,1512
2019-03-30T10:30:00+09:00,J5,431,465,896
2019-03-30T10:45:00+09:00,J1,997,1072,2069
2019-03-30T10:45:00+09:00,J2,754,691,1445
2019-03-30T10:45:00+09:00,J3,969,877,1846
2019-03-30T10:45:00+09:00,J4,717,813,1530
2019-03-30T10:45:00+09:00,J5,475,447,922
2019-03-30T11:00:00+09:00,J1,1219,1303,2522
2019-03-30T11:00:00+09:00,J2,703,751,1454
2019-03-30T11:00:00+09:00,J3,1079,1063,2142
2019-03-30T11:00:00+09:00,J4,708,935,1643
2019-03-30T11:00:00+09:00,J5,596,593,1189
2019-03-30T11:15:00+09:00,J1,1169,1263,2432
2019-03-30T11:15:00+09:00,J2,747,844,1591
2019-03-30T11:15:00+09:00,J3,1188,1086,2274
2019-03-30T11:15:00+09:00,J4,786,805,1591
2019-03-30T11:15:00+09:00,J5,652,619,1271
2019-03-30T11:30:00+09:00,J1,1084,1296,2380
2019-03-30T11:30:00+09:00,J2,840,867,1707
2019-03-30T11:30:00+09:00,J3,1025,1011,2036
2019-03-30T11:30:00+09:00,J4,751,886,1637
2019-03-30T11:30:00+09:00,J5,649,587,1236
2019-03-30T11:45:00+09:00,J1,1178,1366,2544
2019-03-30T11:45:00+09:00,J2,858,744,1602
2019-03-30T11:45:00+09:00,J3,1103,1052,2155
2019-03-30T11:45:00+09:00,J4,797,924,1721
2019-03-30T11:45:00+09:00,J5,607,564,1171
2019-03-30T12:00:00+09:00,J1,1216,1375,2591
2019-03-30T12:00:00+09:00,J2,889,791,1680
2019-03-30T12:00:00+09:00,J3,1019,999,2018
2019-03-30T12:00:00+09:00,J4,806,930,1736
2019-03-30T12:00:00+09:00,J5,490,491,981
2019-03-30T12:15:00+09:00,J1,1269,1315,2584
2019-03-30T12:15:00+09:00,J2,923,761,1684
2019-03-30T12:15:00+09:00,J3,1046,1038,2084
2019-03-30T12:15:00+09:00,J4,917,931,1848
2019-03-30T12:15:00+09:00,J5,587,507,1094
2019-03-30T12:30:00+09:00,J1,1129,1309,2438
2019-03-30T12:30:00+09:00,J2,831,841,1672
2019-03-30T12:30:00+09:00,J3,1040,914,1954
2019-03-30T12:30:00+09:00,J4,912,938,1850
2019-03-30T12:30:00+09:00,J5,653,618,1271
2019-03-30T12:45:00+09:00,J1,1145,1292,2437
2019-03-30T12:45:00+09:00,J2,893,822,1715
2019-03-30T12:45:00+09:00,J3,1113,928,2041
2019-03-30T12:45:00+09:00,J4,1003,890,1893
2019-03-30T12:45:00+09:00,J5,681,667,1348
2019-03-30T13:00:00+09:00,J1,1097,1312,2409
2019-03-30T13:00:00+09:00,J2,861,787,1648
2019-03-30T13:00:00+09:00,J3,1125,962,2087
2019-03-30T13:00:00+09:00,J4,1011,914,1925
2019-03-30T13:00:00+09:00,J5,619,661,1280
2019-03-30T13:15:00+09:00,J1,1144,1371,2515
2019-03-30T13:15:00+09:00,J2,855,711,1566
2019-03-30T13:15:00+09:00,J3,1100,910,2010
2019-03-30T13:15:00+09:00,J4,955,938,1893
2019-03-30T13:15:00+09:00,J5,675,618,1293
2019-03-30T13:30:00+09:00,J1,1100,1299,2399
2019-03-30T13:30:00+09:00,J2,966,779,1745
2019-03-30T13:30:00+09:00,J3,1141,930,2071
2019-03-30T13:30:00+09:00,J4,974,899,1873
2019-03-30T13:30:00+09:00,J5,705,636,1341
2019-03-30T13:45:00+09:00,J1,1153,1342,2495
2019-03-30T13:45:00+09:00,J2,891,779,1670
2019-03-30T13:45:00+09:00,J3,1144,964,2108
2019-03-30T13:45:00+09:00,J4,926,924,1850
2019-03-30T13:45:00+09:00,J5,655,612,1267
2019-03-30T14:00:00+09:00,J1,1124,1347,2471
2019-03-30T14:00:00+09:00,J2,889,825,1714
2019-03-30T14:00:00+09:00,J3,1127,890,2017
2019-03-30T14:00:00+09:00,J4,904,881,1785
2019-03-30T14:00:00+09:00,J5,609,616,1225
2019-03-30T14:15:00+09:00,J1,1062,1357,2419
2019-03-30T14:15:00+09:00,J2,949,712,1661
2019-03-30T14:15:00+09:00,J3,1127,964,2091
2019-03-30T14:15:00+09:00,J4,1020,943,1963
2019-03-30T14:15:00+09:00,J5,637,635,1272
2019-03-30T14:30:00+09:00,J1,1056,1368,2424
2019-03-30T14:30:00+09:00,J2,944,780,1724
2019-03-30T14:30:00+09:00,J3,1159,975,2134
2019-03-30T14:30:00+09:00,J4,1032,997,2029
2019-03-30T14:30:00+09:00,J5,625,671,1296
2019-03-30T14:45:00+09:00,J1,1125,1347,2472
2019-03-30T14:45:00+09:00,J2,884,863,1747
2019-03-30T14:45:00+09:00,J3,1186,1004,2190
2019-03-30T14:45:00+09:00,J4,991,932,1923
2019-03-30T14:45:00+09:00,J5,591,607,1198
2019-03-30T15:00:00+09:00,J1,1090,1256,2346
2019-03-30T15:00:00+09:00,J2,951,723,1674
2019-03-30T15:00:00+09:00,J3,1153,990,2143
2019-03-30T15:00:00+09:00,J4,985,987,1972
2019-03-30T15:00:00+09:00,J5,641,690,1331
2019-03-30T15:15:00+09:00,J1,1085,1309,2394
2019-03-30T15:15:00+09:00,J2,892,802,1694
2019-03-30T15:15:00+09:00,J3,1157,925,2082
2019-03-30T15:15:00+09:00,J4,1045,996,2041
2019-03-30T15:15:00+09:00,J5,664,645,1309
2019-03-30T15:30:00+09:00,J1,1148,1317,2465
2019-03-30T15:30:00+09:00,J2,979,784,1763
2019-03-30T15:30:00+09:00,J3,1149,981,2130
2019-03-30T15:30:00+09:00,J4,948,992,1940
2019-03-30T15:30:00+09:00,J5,651,672,1323
2019-03-30T15:45:00+09:00,J1,1019,1285,2304
2019-03-30T15:45:00+09:00,J2,991,713,1704
2019-03-30T15:45:00+09:00,J3,1137,1023,2160
2019-03-30T15:45:00+09:00,J4,987,987,1974
2019-03-30T15:45:00+09:00,J5,602,638,1240
2019-03-30T16:00:00+09:00,J1,1004,1224,2228
2019-03-30T16:00:00+09:00,J2,851,752,1603
2019-03-30T16:00:00+09:00,J3,1170,1063,2233
2019-03-30T16:00:00+09:00,J4,939,936,1875
2019-03-30T16:00:00+09:00,J5,661,708,1369
2019-03-30T16:15:00+09:00,J1,1108,1319,2427
2019-03-30T16:15:00+09:00,J2,1041,820,1861
2019-03-30T16:15:00+09:00,J3,1258,1064,2322
2019-03-30T16:15:00+09:00,J4,1014,896,1910
2019-03-30T16:15:00+09:00,J5,627,691,1318
2019-03-30T16:30:00+09:00,J1,1064,1326,2390
2019-03-30T16:30:00+09:00,J2,1121,854,1975
2019-03-30T16:30:00+09:00,J3,1279,1087,2366
2019-03-30T16:30:00+09:00,J4,1052,925,1977
2019-03-30T16:30:00+09:00,J5,635,707,1342
2019-03-30T16:45:00+09:00,J1,1040,1298,2338
2019-03-30T16:45:00+09:00,J2,1061,905,1966
2019-03-30T16:45:00+09:00,J3,1221,1148,2369
2019-03-30T16:45:00+09:00,J4,1021,937,1958
2019-03-30T16:45:00+09:00,J5,689,671,1360
2019-03-30T17:00:00+09:00,J1,1088,1239,2327
2019-03-30T17:00:00+09:00,J2,986,954,1940
2019-03-30T17:00:00+09:00,J3,1290,975,2265
2019-03-30T17:00:00+09:00,J4,926,954,1880
2019-03-30T17:00:00+09:00,J5,733,699,1432
2019-03-30T17:15:00+09:00,J1,1177,1327,2504
2019-03-30T17:15:00+09:00,J2,993,915,1908
2019-03-30T17:15:00+09:00,J3,1204,1030,2234
2019-03-30T17:15:00+09:00,J4,903,979,1882
2019-03-30T17:15:00+09:00,J5,674,699,1373
2019-03-30T17:30:00+09:00,J1,1159,1296,2455
2019-03-30T17:30:00+09:00,J2,973,839,1812
2019-03-30T17:30:00+09:00,J3,1143,928,2071
2019-03-30T17:30:00+09:00,J4,948,910,1858
2019-03-30T17:30:00+09:00,J5,680,690,1370
2019-03-30T17:45:00+09:00,J1,1167,1296,2463
2019-03-30T17:45:00+09:00,J2,1053,796,1849
2019-03-30T17:45:00+09:00,J3,1178,1022,2200
2019-03-30T17:45:00+09:00,J4,931,900,1831
2019-03-30T17:45:00+09:00,J5,671,623,1294
2019-03-30T18:00:00+09:00,J1,1210,1378,2588
2019-03-30T18:00:00+09:00,J2,1036,940,1976
2019-03-30T18:00:00+09:00,J3,1152,1006,2158
2019-03-30T18:00:00+09:00,J4,828,921,1749
2019-03-30T18:00:00+09:00,J5,654,628,1282
2019-03-30T18:15:00+09:00,J1,1159,1431,2590
2019-03-30T18:15:00+09:00,J2,979,914,1893
2019-03-30T18:15:00+09:00,J3,1226,981,2207
2019-03-30T18:15:00+09:00,J4,978,972,1950
2019-03-30T18:15:00+09:00,J5,659,674,1333
2019-03-30T18:30:00+09:00,J1,1166,1310,2476
2019-03-30T18:30:00+09:00,J2,848,900,1748
2019-03-30T18:30:00+09:00,J3,1044,879,1923
2019-03-30T18:30:00+09:00,J4,1101,953,2054
2019-03-30T18:30:00+09:00,J5,623,690,1313
2019-03-30T18:45:00+09:00,J1,1165,1363,2528
2019-03-30T18:45:00+09:00,J2,716,868,1584
2019-03-30T18:45:00+09:00,J3,1026,823,1849
2019-03-30T18:45:00+09:00,J4,1029,914,1943
2019-03-30T18:45:00+09:00,J5,640,638,1278
2019-03-30T19:00:00+09:00,J1,1105,1318,2423
2019-03-30T19:00:00+09:00,J2,666,598,1264
2019-03-30T19:00:00+09:00,J3,974,805,1779
2019-03-30T19:00:00+09:00,J4,1002,791,1793
2019-03-30T19:00:00+09:00,J5,659,648,1307
2019-03-30T19:15:00+09:00,J1,1089,1202,2291
2019-03-30T19:15:00+09:00,J2,652,615,1267
2019-03-30T19:15:00+09:00,J3,1052,937,1989
2019-03-30T19:15:00+09:00,J4,918,844,1762
2019-03-30T19:15:00+09:00,J5,663,617,1280
2019-03-30T19:30:00+09:00,J1,1091,1254,2345
2019-03-30T19:30:00+09:00,J2,620,637,1257
2019-03-30T19:30:00+09:00,J3,942,839,1781
2019-03-30T19:30:00+09:00,J4,866,753,1619
2019-03-30T19:30:00+09:00,J5,596,585,1181
2019-03-30T19:45:00+09:00,J1,1118,1163,2281
2019-03-30T19:45:00+09:00,J2,556,570,1126
2019-03-30T19:45:00+09:00,J3,927,834,1761
2019-03-30T19:45:00+09:00,J4,764,778,1542
2019-03-30T19:45:00+09:00,J5,595,574,1169
2019-03-30T20:00:00+09:00,J1,1105,1210,2315
2019-03-30T20:00:00+09:00,J2,514,596,1110
2019-03-30T20:00:00+09:00,J3,956,848,1804
2019-03-30T20:00:00+09:00,J4,698,654,1352
2019-03-30T20:00:00+09:00,J5,604,578,1182
2019-03-30T20:15:00+09:00,J1,1009,1201,2210
2019-03-30T20:15:00+09:00,J2,779,752,1531
2019-03-30T20:15:00+09:00,J3,953,908,1861
2019-03-30T20:15:00+09:00,J4,844,723,1567
2019-03-30T20:15:00+09:00,J5,635,637,1272
2019-03-30T20:30:00+09:00,J1,1107,1207,2314
2019-03-30T20:30:00+09:00,J2,832,710,1542
2019-03-30T20:30:00+09:00,J3,900,791,1691
2019-03-30T20:30:00+09:00,J4,756,678,1434
2019-03-30T20:30:00+09:00,J5,583,533,1116
2019-03-30T20:45:00+09:00,J1,1024,1084,2108
2019-03-30T20:45:00+09:00,J2,749,585,1334
2019-03-30T20:45:00+09:00,J3,871,807,1678
2019-03-30T20:45:00+09:00,J4,763,631,1394
2019-03-30T20:45:00+09:00,J5,530,509,1039
2019-03-30T21:00:00+09:00,J1,1028,1082,2110
2019-03-30T21:00:00+09:00,J2,767,621,1388
2019-03-30T21:00:00+09:00,J3,830,774,1604
2019-03-30T21:00:00+09:00,J4,782,710,1492
2019-03-30T21:00:00+09:00,J5,500,489,989
2019-03-30T21:15:00+09:00,J1,1001,1204,2205
2019-03-30T21:15:00+09:00,J2,890,697,1587
2019-03-30T21:15:00+09:00,J3,907,827,1734
2019-03-30T21:15:00+09:00,J4,743,725,1468
2019-03-30T21:15:00+09:00,J5,550,478,1028
2019-03-30T21:30:00+09:00,J1,1071,1176,2247
2019-03-30T21:30:00+09:00,J2,740,772,1512
2019-03-30T21:30:00+09:00,J3,802,716,1518
2019-03-30T21:30:00+09:00,J4,817,723,1540
2019-03-30T21:30:00+09:00,J5,450,454,904
2019-03-30T21:45:00+09:00,J1,949,1019,1968
2019-03-30T21:45:00+09:00,J2,714,684,1398
2019-03-30T21:45:00+09:00,J3,824,716,1540
2019-03-30T21:45:00+09:00,J4,748,790,1538
2019-03-30T21:45:00+09:00,J5,518,450,968
2019-03-30T22:00:00+09:00,J1,865,973,1838
2019-03-30T22:00:00+09:00,J2,600,663,1263
2019-03-30T22:00:00+09:00,J3,833,766,1599
2019-03-30T22:00:00+09:00,J4,786,762,1548
2019-03-30T22:00:00+09:00,J5,401,434,835
2019-03-30T22:15:00+09:00,J1,947,1054,2001
2019-03-30T22:15:00+09:00,J2,615,716,1331
2019-03-30T22:15:00+09:00,J3,848,830,1678
2019-03-30T22:15:00+09:00,J4,824,827,1651
2019-03-30T22:15:00+09:00,J5,388,446,834
2019-03-30T22:30:00+09:00,J1,933,1051,1984
2019-03-30T22:30:00+09:00,J2,543,662,1205
2019-03-30T22:30:00+09:00,J3,932,899,1831
2019-03-30T22:30:00+09:00,J4,808,830,1638
2019-03-30T22:30:00+09:00,J5,387,411,798
2019-03-30T22:45:00+09:00,J1,899,1017,1916
2019-03-30T22:45:00+09:00,J2,464,602,1066
2019-03-30T22:45:00+09:00,J3,957,859,1816
2019-03-30T22:45:00+09:00,J4,661,695,1356
2019-03-30T22:45:00+09:00,J5,424,457,881
2019-03-30T23:00:00+09:00,J1,972,1109,2081
2019-03-30T23:00:00+09:00,J2,503,659,1162
2019-03-30T23:00:00+09:00,J3,902,873,1775
2019-03-30T23:00:00+09:00,J4,623,718,1341
2019-03-30T23:00:00+09:00,J5,443,456,899
2019-03-30T23:15:00+09:00,J1,928,1083,2011
2019-03-30T23:15:00+09:00,J2,464,587,1051
2019-03-30T23:15:00+09:00,J3,955,915,1870
2019-03-30T23:15:00+09:00,J4,698,763,1461
2019-03-30T23:15:00+09:00,J5,448,440,888
2019-03-30T23:30:00+09:00,J1,924,1027,1951
2019-03-30T23:30:00+09:00,J2,503,621,1124
2019-03-30T23:30:00+09:00,J3,974,934,1908
2019-03-30T23:30:00+09:00,J4,705,795,1500
2019-03-30T23:30:00+09:00,J5,446,468,914
2019-03-30T23:45:00+09:00,J1,909,1061,1970
2019-03-30T23:45:00+09:00,J2,522,570,1092
2019-03-30T23:45:00+09:00,J3,913,911,1824
2019-03-30T23:45:00+09:00,J4,518,602,1120
2019-03-30T23:45:00+09:00,J5,436,462,898
2019-03-31T00:00:00+09:00,J1,697,818,1515
2019-03-31T00:00:00+09:00,J2,413,425,838
2019-03-31T00:00:00+09:00,J3,998,827,1825
2019-03-31T00:00:00+09:00,J4,507,576,1083
2019-03-31T00:00:00+09:00,J5,437,395,832
2019-03-31T00:15:00+09:00,J1,438,516,954
2019-03-31T00:15:00+09:00,J2,377,399,776
2019-03-31T00:15:00+09:00,J3,680,536,1216
2019-03-31T00:15:00+09:00,J4,449,411,860
2019-03-31T00:15:00+09:00,J5,378,335,713
2019-03-31T00:30:00+09:00,J1,390,384,774
2019-03-31T00:30:00+09:00,J2,433,470,903
2019-03-31T00:30:00+09:00,J3,550,500,1050
2019-03-31T00:30:00+09:00,J4,397,486,883
2019-03-31T00:30:00+09:00,J5,426,477,903
2019-03-31T00:45:00+09:00,J1,402,392,794
2019-03-31T00:45:00+09:00,J2,367,469,836
2019-03-31T00:45:00+09:00,J3,473,456,929
2019-03-31T00:45:00+09:00,J4,441,510,951
2019-03-31T00:45:00+09:00,J5,412,433,845
2019-03-31T05:45:00+09:00,J1,771,747,1518
2019-03-31T05:45:00+09:00,J2,481,480,961
2019-03-31T05:45:00+09:00,J3,747,737,1484
2019-03-31T05:45:00+09:00,J4,811,751,1562
2019-03-31T05:45:00+09:00,J5,561,478,1039
2019-03-31T06:00:00+09:00,J1,693,754,1447
2019-03-31T06:00:00+09:00,J2,412,441,853
2019-03-31T06:00:00+09:00,J3,615,599,1214
2019-03-31T06:00:00+09:00,J4,800,750,1550
2019-03-31T06:00:00+09:00,J5,515,491,1006
2019-03-31T06:15:00+09:00,J1,725,828,1553
2019-03-31T06:15:00+09:00,J2,456,437,893
2019-03-31T06:15:00+09:00,J3,482,534,1016
2019-03-31T06:15:00+09:00,J4,856,751,1607
2019-03-31T06:15:00+09:00,J5,503,513,1016
2019-03-31T06:30:00+09:00,J1,794,863,1657
2019-03-31T06:30:00+09:00,J2,445,430,875
2019-03-31T06:30:00+09:00,J3,484,497,981
2019-03-31T06:30:00+09:00,J4,792,688,1480
2019-03-31T06:30:00+09:00,J5,572,507,1079
2019-03-31T06:45:00+09:00,J1,794,754,1548
2019-03-31T06:45:00+09:00,J2,437,439,876
2019-03-31T06:45:00+09:00,J3,491,523,1014
2019-03-31T06:45:00+09:00,J4,866,689,1555
2019-03-31T06:45:00+09:00,J5,571,538,1109
2019-03-31T07:00:00+09:00,J1,736,764,1500
2019-03-31T07:00:00+09:00,J2,641,598,1239
2019-03-31T07:00:00+09:00,J3,645,652,1297
2019-03-31T07:00:00+09:00,J4,770,734,1504
2019-03-31T07:00:00+09:00,J5,590,546,1136
2019-03-31T07:15:00+09:00,J1,827,917,1744
2019-03-31T07:15:00+09:00,J2,764,654,1418
2019-03-31T07:15:00+09:00,J3,643,646,1289
2019-03-31T07:15:00+09:00,J4,852,776,1628
2019-03-31T07:15:00+09:00,J5,575,504,1079
2019-03-31T07:30:00+09:00,J1,889,993,1882
2019-03-31T07:30:00+09:00,J2,698,614,1312
2019-03-31T07:30:00+09:00,J3,582,588,1170
2019-03-31T07:30:00+09:00,J4,821,737,1558
2019-03-31T07:30:00+09:00,J5,572,583,1155
2019-03-31T07:45:00+09:00,J1,973,1028,2001
2019-03-31T07:45:00+09:00,J2,721,601,1322
2019-03-31T07:45:00+09:00,J3,710,648,1358
2019-03-31T07:45:00+09:00,J4,758,725,1483
2019-03-31T07:45:00+09:00,J5,586,522,1108
2019-03-31T08:00:00+09:00,J1,1140,1157,2297
2019-03-31T08:00:00+09:00,J2,612,596,1208
2019-03-31T08:00:00+09:00,J3,1083,1068,2151
2019-03-31T08:00:00+09:00,J4,847,823,1670
2019-03-31T08:00:00+09:00,J5,519,475,994
2019-03-31T08:15:00+09:00,J1,1260,1324,2584
2019-03-31T08:15:00+09:00,J2,685,666,1351
2019-03-31T08:15:00+09:00,J3,1130,1037,2167
2019-03-31T08:15:00+09:00,J4,763,888,1651
2019-03-31T08:15:00+09:00,J5,714,693,1407
2019-03-31T08:30:00+09:00,J1,1105,1284,2389
2019-03-31T08:30:00+09:00,J2,849,759,1608
2019-03-31T08:30:00+09:00,J3,1205,1069,2274
2019-03-31T08:30:00+09:00,J4,857,875,1732
2019-03-31T08:30:00+09:00,J5,640,692,1332
2019-03-31T08:45:00+09:00,J1,1142,1289,2431
2019-03-31T08:45:00+09:00,J2,676,605,1281
2019-03-31T08:45:00+09:00,J3,1080,990,2070
2019-03-31T08:45:00+09:00,J4,768,827,1595
2019-03-31T08:45:00+09:00,J5,604,584,1188
2019-03-31T09:00:00+09:00,J1,1134,1158,2292
2019-03-31T09:00:00+09:00,J2,638,562,1200
2019-03-31T09:00:00+09:00,J3,724,728,1452
2019-03-31T09:00:00+09:00,J4,706,781,1487
2019-03-31T09:00:00+09:00,J5,581,589,1170
2019-03-31T09:15:00+09:00,J1,1192,1144,2336
2019-03-31T09:15:00+09:00,J2,641,553,1194
2019-03-31T09:15:00+09:00,J3,895,794,1689
2019-03-31T09:15:00+09:00,J4,781,800,1581
2019-03-31T09:15:00+09:00,J5,395,422,817
2019-03-31T09:30:00+09:00,J1,1166,1111,2277
2019-03-31T09:30:00+09:00,J2,594,514,1108
2019-03-31T09:30:00+09:00,J3,1067,950,2017
2019-03-31T09:30:00+09:00,J4,743,852,1595
2019-03-31T09:30:00+09:00,J5,338,411,749
2019-03-31T09:45:00+09:00,J1,1178,1208,2386
2019-03-31T09:45:00+09:00,J2,683,619,1302
2019-03-31T09:45:00+09:00,J3,967,908,1875
2019-03-31T09:45:00+09:00,J4,826,794,1620
2019-03-31T09:45:00+09:00,J5,354,417,771
2019-03-31T10:00:00+09:00,J1,1070,1132,2202
2019-03-31T10:00:00+09:00,J2,569,548,1117
2019-03-31T10:00:00+09:00,J3,906,861,1767
2019-03-31T10:00:00+09:00,J4,807,779,1586
2019-03-31T10:00:00+09:00,J5,346,410,756
2019-03-31T10:15:00+09:00,J1,1140,1166,2306
2019-03-31T10:15:00+09:00,J2,718,679,1397
2019-03-31T10:15:00+09:00,J3,920,876,1796
2019-03-31T10:15:00+09:00,J4,826,869,1695
2019-03-31T10:15:00+09:00,J5,393,451,844
2019-03-31T10:30:00+09:00,J1,1064,1095,2159
2019-03-31T10:30:00+09:00,J2,700,801,1501
2019-03-31T10:30:00+09:00,J3,996,893,1889
2019-03-31T10:30:00+09:00,J4,772,861,1633
2019-03-31T10:30:00+09:00,J5,397,471,868
2019-03-31T10:45:00+09:00,J1,1073,1077,2150
2019-03-31T10:45:00+09:00,J2,659,753,1412
2019-03-31T10:45:00+09:00,J3,959,877,1836
2019-03-31T10:45:00+09:00,J4,786,885,1671
2019-03-31T10:45:00+09:00,J5,416,479,895
2019-03-31T11:00:00+09:00,J1,1060,1195,2255
2019-03-31T11:00:00+09:00,J2,743,886,1629
2019-03-31T11:00:00+09:00,J3,1271,1053,2324
2019-03-31T11:00:00+09:00,J4,722,915,1637
2019-03-31T11:00:00+09:00,J5,678,628,1306
2019-03-31T11:15:00+09:00,J1,1138,1248,2386
2019-03-31T11:15:00+09:00,J2,722,738,1460
2019-03-31T11:15:00+09:00,J3,1234,1220,2454
2019-03-31T11:15:00+09:00,J4,746,943,1689
2019-03-31T11:15:00+09:00,J5,661,600,1261
2019-03-31T11:30:00+09:00,J1,1230,1320,2550
2019-03-31T11:30:00+09:00,J2,684,698,1382
2019-03-31T11:30:00+09:00,J3,1346,1239,2585
2019-03-31T11:30:00+09:00,J4,763,912,1675
2019-03-31T11:30:00+09:00,J5,662,649,1311
2019-03-31T11:45:00+09:00,J1,1177,1328,2505
2019-03-31T11:45:00+09:00,J2,728,722,1450
2019-03-31T11:45:00+09:00,J3,1187,1119,2306
2019-03-31T11:45:00+09:00,J4,694,819,1513
2019-03-31T11:45:00+09:00,J5,566,573,1139
2019-03-31T12:00:00+09:00,J1,1206,1374,2580
2019-03-31T12:00:00+09:00,J2,729,741,1470
2019-03-31T12:00:00+09:00,J3,1016,1019,2035
2019-03-31T12:00:00+09:00,J4,638,843,1481
2019-03-31T12:00:00+09:00,J5,603,598,1201
2019-03-31T12:15:00+09:00,J1,1195,1359,2554
2019-03-31T12:15:00+09:00,J2,713,815,1528
2019-03-31T12:15:00+09:00,J3,960,1040,2000
2019-03-31T12:15:00+09:00,J4,709,842,1551
2019-03-31T12:15:00+09:00,J5,658,563,1221
2019-03-31T12:30:00+09:00,J1,1102,1255,2357
2019-03-31T12:30:00+09:00,J2,745,893,1638
2019-03-31T12:30:00+09:00,J3,1150,1043,2193
2019-03-31T12:30:00+09:00,J4,695,866,1561
2019-03-31T12:30:00+09:00,J5,658,684,1342
2019-03-31T12:45:00+09:00,J1,1072,1247,2319
2019-03-31T12:45:00+09:00,J2,740,921,1661
2019-03-31T12:45:00+09:00,J3,1081,1109,2190
2019-03-31T12:45:00+09:00,J4,772,911,1683
2019-03-31T12:45:00+09:00,J5,683,630,1313
2019-03-31T13:00:00+09:00,J1,1118,1286,2404
2019-03-31T13:00:00+09:00,J2,966,969,1935
2019-03-31T13:00:00+09:00,J3,1139,1064,2203
2019-03-31T13:00:00+09:00,J4,919,951,1870
2019-03-31T13:00:00+09:00,J5,679,638,1317
2019-03-31T13:15:00+09:00,J1,1064,1321,2385
2019-03-31T13:15:00+09:00,J2,897,889,1786
2019-03-31T13:15:00+09:00,J3,1111,1032,2143
2019-03-31T13:15:00+09:00,J4,838,806,1644
2019-03-31T13:15:00+09:00,J5,649,706,1355
2019-03-31T13:30:00+09:00,J1,1002,1191,2193
2019-03-31T13:30:00+09:00,J2,893,844,1737
2019-03-31T13:30:00+09:00,J3,1117,1041,2158
2019-03-31T13:30:00+09:00,J4,804,767,1571
2019-03-31T13:30:00+09:00,J5,660,673,1333
2019-03-31T13:45:00+09:00,J1,1080,1222,2302
2019-03-31T13:45:00+09:00,J2,926,905,1831
2019-03-31T13:45:00+09:00,J3,1052,1023,2075
2019-03-31T13:45:00+09:00,J4,872,829,1701
2019-03-31T13:45:00+09:00,J5,700,698,1398
2019-03-31T14:00:00+09:00,J1,982,1283,2265
2019-03-31T14:00:00+09:00,J2,1018,877,1895
2019-03-31T14:00:00+09:00,J3,1134,1024,2158
2019-03-31T14:00:00+09:00,J4,893,882,1775
2019-03-31T14:00:00+09:00,J5,624,671,1295
2019-03-31T14:15:00+09:00,J1,1073,1256,2329
2019-03-31T14:15:00+09:00,J2,872,941,1813
2019-03-31T14:15:00+09:00,J3,1200,1008,2208
2019-03-31T14:15:00+09:00,J4,915,908,1823
2019-03-31T14:15:00+09:00,J5,636,700,1336
2019-03-31T14:30:00+09:00,J1,1065,1229,2294
2019-03-31T14:30:00+09:00,J2,866,876,1742
2019-03-31T14:30:00+09:00,J3,1181,986,2167
2019-03-31T14:30:00+09:00,J4,1007,925,1932
2019-03-31T14:30:00+09:00,J5,602,609,1211
2019-03-31T14:45:00+09:00,J1,1103,1373,2476
2019-03-31T14:45:00+09:00,J2,826,964,1790
2019-03-31T14:45:00+09:00,J3,1081,1000,2081
2019-03-31T14:45:00+09:00,J4,977,874,1851
2019-03-31T14:45:00+09:00,J5,621,663,1284
2019-03-31T15:00:00+09:00,J1,1063,1248,2311
2019-03-31T15:00:00+09:00,J2,838,928,1766
2019-03-31T15:00:00+09:00,J3,1116,966,2082
2019-03-31T15:00:00+09:00,J4,956,933,1889
2019-03-31T15:00:00+09:00,J5,688,637,1325
2019-03-31T15:15:00+09:00,J1,1099,1395,2494
2019-03-31T15:15:00+09:00,J2,843,972,1815
2019-03-31T15:15:00+09:00,J3,1165,925,2090
2019-03-31T15:15:00+09:00,J4,961,988,1949
2019-03-31T15:15:00+09:00,J5,671,620,1291
2019-03-31T15:30:00+09:00,J1,1144,1335,2479
2019-03-31T15:30:00+09:00,J2,790,929,1719
2019-03-31T15:30:00+09:00,J3,1195,993,2188
2019-03-31T15:30:00+09:00,J4,914,888,1802
2019-03-31T15:30:00+09:00,J5,637,658,1295
2019-03-31T15:45:00+09:00,J1,1030,1327,2357
2019-03-31T15:45:00+09:00,J2,888,986,1874
2019-03-31T15:45:00+09:00,J3,1088,1036,2124
2019-03-31T15:45:00+09:00,J4,875,864,1739
2019-03-31T15:45:00+09:00,J5,684,650,1334
2019-03-31T16:00:00+09:00,J1,1101,1354,2455
2019-03-31T16:00:00+09:00,J2,930,961,1891
2019-03-31T16:00:00+09:00,J3,1127,1025,2152
2019-03-31T16:00:00+09:00,J4,857,837,1694
2019-03-31T16:00:00+09:00,J5,629,629,1258
2019-03-31T16:15:00+09:00,J1,1114,1307,2421
2019-03-31T16:15:00+09:00,J2,883,918,1801
2019-03-31T16:15:00+09:00,J3,1160,1098,2258
2019-03-31T16:15:00+09:00,J4,921,833,1754
2019-03-31T16:15:00+09:00,J5,605,658,1263
2019-03-31T16:30:00+09:00,J1,1133,1346,2479
2019-03-31T16:30:00+09:00,J2,792,886,1678
2019-03-31T16:30:00+09:00,J3,1019,1081,2100
2019-03-31T16:30:00+09:00,J4,886,796,1682
2019-03-31T16:30:00+09:00,J5,661,640,1301
2019-03-31T16:45:00+09:00,J1,1091,1351,2442
2019-03-31T16:45:00+09:00,J2,796,889,1685
2019-03-31T16:45:00+09:00,J3,1022,1015,2037
2019-03-31T16:45:00+09:00,J4,896,828,1724
2019-03-31T16:45:00+09:00,J5,618,601,1219
2019-03-31T17:00:00+09:00,J1,1199,1426,2625
2019-03-31T17:00:00+09:00,J2,749,883,1632
2019-03-31T17:00:00+09:00,J3,1227,1134,2361
2019-03-31T17:00:00+09:00,J4,985,853,1838
2019-03-31T17:00:00+09:00,J5,598,669,1267
2019-03-31T17:15:00+09:00,J1,1220,1431,2651
2019-03-31T17:15:00+09:00,J2,685,867,1552
2019-03-31T17:15:00+09:00,J3,1175,1019,2194
2019-03-31T17:15:00+09:00,J4,956,887,1843
2019-03-31T17:15:00+09:00,J5,639,604,1243
2019-03-31T17:30:00+09:00,J1,1195,1443,2638
2019-03-31T17:30:00+09:00,J2,734,789,1523
2019-03-31T17:30:00+09:00,J3,1117,966,2083
2019-03-31T17:30:00+09:00,J4,943,849,1792
2019-03-31T17:30:00+09:00,J5,632,648,1280
2019-03-31T17:45:00+09:00,J1,1144,1365,2509
2019-03-31T17:45:00+09:00,J2,728,838,1566
2019-03-31T17:45:00+09:00,J3,1126,920,2046
2019-03-31T17:45:00+09:00,J4,996,869,1865
2019-03-31T17:45:00+09:00,J5,609,646,1255
2019-03-31T18:00:00+09:00,J1,1237,1426,2663
2019-03-31T18:00:00+09:00,J2,833,890,1723
2019-03-31T18:00:00+09:00,J3,1118,917,2035
2019-03-31T18:00:00+09:00,J4,1031,833,1864
2019-03-31T18:00:00+09:00,J5,606,667,1273
2019-03-31T18:15:00+09:00,J1,1207,1375,2582
2019-03-31T18:15:00+09:00,J2,819,883,1702
2019-03-31T18:15:00+09:00,J3,1077,926,2003
2019-03-31T18:15:00+09:00,J4,983,833,1816
2019-03-31T18:15:00+09:00,J5,642,711,1353
2019-03-31T18:30:00+09:00,J1,1116,1254,2370
2019-03-31T18:30:00+09:00,J2,760,829,1589
2019-03-31T18:30:00+09:00,J3,991,922,1913
2019-03-31T18:30:00+09:00,J4,761,781,1542
2019-03-31T18:30:00+09:00,J5,682,681,1363
2019-03-31T18:45:00+09:00,J1,1144,1230,2374
2019-03-31T18:45:00+09:00,J2,642,816,1458
2019-03-31T18:45:00+09:00,J3,889,764,1653
2019-03-31T18:45:00+09:00,J4,651,677,1328
2019-03-31T18:45:00+09:00,J5,566,636,1202
2019-03-31T19:00:00+09:00,J1,1110,1171,2281
2019-03-31T19:00:00+09:00,J2,547,611,1158
2019-03-31T19:00:00+09:00,J3,822,840,1662
2019-03-31T19:00:00+09:00,J4,620,672,1292
2019-03-31T19:00:00+09:00,J5,552,570,1122
2019-03-31T19:15:00+09:00,J1,1010,1173,2183
2019-03-31T19:15:00+09:00,J2,599,551,1150
2019-03-31T19:15:00+09:00,J3,1039,818,1857
2019-03-31T19:15:00+09:00,J4,667,646,1313
2019-03-31T19:15:00+09:00,J5,560,561,1121
2019-03-31T19:30:00+09:00,J1,1020,1147,2167
2019-03-31T19:30:00+09:00,J2,538,544,1082
2019-03-31T19:30:00+09:00,J3,968,890,1858
2019-03-31T19:30:00+09:00,J4,642,583,1225
2019-03-31T19:30:00+09:00,J5,537,492,1029
2019-03-31T19:45:00+09:00,J1,1016,1132,2148
2019-03-31T19:45:00+09:00,J2,654,702,1356
2019-03-31T19:45:00+09:00,J3,879,732,1611
2019-03-31T19:45:00+09:00,J4,572,618,1190
2019-03-31T19:45:00+09:00,J5,546,502,1048
2019-03-31T20:00:00+09:00,J1,950,1127,2077
2019-03-31T20:00:00+09:00,J2,687,647,1334
2019-03-31T20:00:00+09:00,J3,875,859,1734
2019-03-31T20:00:00+09:00,J4,632,766,1398
2019-03-31T20:00:00+09:00,J5,483,530,1013
2019-03-31T20:15:00+09:00,J1,1026,1085,2111
2019-03-31T20:15:00+09:00,J2,575,579,1154
2019-03-31T20:15:00+09:00,J3,930,843,1773
2019-03-31T20:15:00+09:00,J4,612,748,1360
2019-03-31T20:15:00+09:00,J5,443,494,937
2019-03-31T20:30:00+09:00,J1,978,1160,2138
2019-03-31T20:30:00+09:00,J2,640,616,1256
2019-03-31T20:30:00+09:00,J3,929,804,1733
2019-03-31T20:30:00+09:00,J4,594,730,1324
2019-03-31T20:30:00+09:00,J5,427,442,869
2019-03-31T20:45:00+09:00,J1,976,1019,1995
2019-03-31T20:45:00+09:00,J2,774,646,1420
2019-03-31T20:45:00+09:00,J3,926,774,1700
2019-03-31T20:45:00+09:00,J4,586,694,1280
2019-03-31T20:45:00+09:00,J5,464,474,938
2019-03-31T21:00:00+09:00,J1,965,1065,2030
2019-03-31T21:00:00+09:00,J2,762,633,1395
2019-03-31T21:00:00+09:00,J3,770,618,1388
2019-03-31T21:00:00+09:00,J4,596,704,1300
2019-03-31T21:00:00+09:00,J5,390,444,834
2019-03-31T21:15:00+09:00,J1,998,1082,2080
2019-03-31T21:15:00+09:00,J2,613,667,1280
2019-03-31T21:15:00+09:00,J3,818,738,1556
2019-03-31T21:15:00+09:00,J4,601,721,1322
2019-03-31T21:15:00+09:00,J5,366,438,804
2019-03-31T21:30:00+09:00,J1,927,965,1892
2019-03-31T21:30:00+09:00,J2,564,634,1198
2019-03-31T21:30:00+09:00,J3,835,733,1568
2019-03-31T21:30:00+09:00,J4,667,769,1436
2019-03-31T21:30:00+09:00,J5,335,396,731
2019-03-31T21:45:00+09:00,J1,868,886,1754
2019-03-31T21:45:00+09:00,J2,563,643,1206
2019-03-31T21:45:00+09:00,J3,807,799,1606
2019-03-31T21:45:00+09:00,J4,557,740,1297
2019-03-31T21:45:00+09:00,J5,358,337,695
2019-03-31T22:00:00+09:00,J1,873,988,1861
2019-03-31T22:00:00+09:00,J2,502,583,1085
2019-03-31T22:00:00+09:00,J3,820,744,1564
2019-03-31T22:00:00+09:00,J4,624,746,1370
2019-03-31T22:00:00+09:00,J5,342,380,722
2019-03-31T22:15:00+09:00,J1,815,911,1726
2019-03-31T22:15:00+09:00,J2,419,500,919
2019-03-31T22:15:00+09:00,J3,861,863,1724
2019-03-31T22:15:00+09:00,J4,586,771,1357
2019-03-31T22:15:00+09:00,J5,400,348,748
2019-03-31T22:30:00+09:00,J1,860,970,1830
2019-03-31T22:30:00+09:00,J2,415,511,926
2019-03-31T22:30:00+09:00,J3,920,876,1796
2019-03-31T22:30:00+09:00,J4,649,767,1416
2019-03-31T22:30:00+09:00,J5,367,368,735
2019-03-31T22:45:00+09:00,J1,782,947,1729
2019-03-31T22:45:00+09:00,J2,395,550,945
2019-03-31T22:45:00+09:00,J3,943,864,1807
2019-03-31T22:45:00+09:00,J4,648,792,1440
2019-03-31T22:45:00+09:00,J5,366,297,663
2019-03-31T23:00:00+09:00,J1,830,959,1789
2019-03-31T23:00:00+09:00,J2,432,495,927
2019-03-31T23:00:00+09:00,J3,1011,837,1848
2019-03-31T23:00:00+09:00,J4,616,788,1404
2019-03-31T23:00:00+09:00,J5,366,355,721
2019-03-31T23:15:00+09:00,J1,812,930,1742
2019-03-31T23:15:00+09:00,J2,417,541,958
2019-03-31T23:15:00+09:00,J3,998,769,1767
2019-03-31T23:15:00+09:00,J4,662,741,1403
2019-03-31T23:15:00+09:00,J5,413,344,757
2019-03-31T23:30:00+09:00,J1,789,861,1650
2019-03-31T23:30:00+09:00,J2,391,512,903
2019-03-31T23:30:00+09:00,J3,916,772,1688
2019-03-31T23:30:00+09:00,J4,591,700,1291
2019-03-31T23:30:00+09:00,J5,394,357,751
2019-03-31T23:45:00+09:00,J1,820,879,1699
2019-03-31T23:45:00+09:00,J2,375,494,869
2019-03-31T23:45:00+09:00,J3,908,733,1641
2019-03-31T23:45:00+09:00,J4,529,712,1241
2019-03-31T23:45:00+09:00,J5,375,341,716
2019-04-01T00:00:00+09:00,J1,645,688,1333
2019-04-01T00:00:00+09:00,J2,412,437,849
2019-04-01T00:00:00+09:00,J3,742,647,1389
2019-04-01T00:00:00+09:00,J4,501,589,1090
2019-04-01T00:00:00+09:00,J5,437,345,782
2019-04-01T00:15:00+09:00,J1,513,553,1066
2019-04-01T00:15:00+09:00,J2,428,456,884
2019-04-01T00:15:00+09:00,J3,510,430,940
2019-04-01T00:15:00+09:00,J4,625,546,1171
2019-04-01T00:15:00+09:00,J5,461,481,942
2019-04-01T00:30:00+09:00,J1,462,322,784
2019-04-01T00:30:00+09:00,J2,393,404,797
2019-04-01T00:30:00+09:00,J3,448,400,848
2019-04-01T00:30:00+09:00,J4,736,582,1318
2019-04-01T00:30:00+09:00,J5,463,555,1018
2019-04-01T00:45:00+09:00,J1,485,380,865
2019-04-01T00:45:00+09:00,J2,440,399,839
2019-04-01T00:45:00+09:00,J3,473,395,868
2019-04-01T00:45:00+09:00,J4,634,603,1237
2019-04-01T00:45:00+09:00,J5,458,526,984
