日時,アレイ,札幌→大通り,大通り→札幌,合計
2018-11-01T05:45:00+09:00,J1,497,488,985
2018-11-01T05:45:00+09:00,J2,262,254,516
2018-11-01T05:45:00+09:00,J3,652,543,1195
2018-11-01T05:45:00+09:00,J4,490,596,1086
2018-11-01T05:45:00+09:00,J5,292,360,652
2018-11-01T06:00:00+09:00,J1,494,433,927
2018-11-01T06:00:00+09:00,J2,372,311,683
2018-11-01T06:00:00+09:00,J3,506,453,959
2018-11-01T06:00:00+09:00,J4,543,503,1046
2018-11-01T06:00:00+09:00,J5,267,243,510
2018-11-01T06:15:00+09:00,J1,647,663,1310
2018-11-01T06:15:00+09:00,J2,528,393,921
2018-11-01T06:15:00+09:00,J3,531,477,1008
2018-11-01T06:15:00+09:00,J4,708,750,1458
2018-11-01T06:15:00+09:00,J5,330,275,605
2018-11-01T06:30:00+09:00,J1,702,693,1395
2018-11-01T06:30:00+09:00,J2,513,413,926
2018-11-01T06:30:00+09:00,J3,596,492,1088
2018-11-01T06:30:00+09:00,J4,627,732,1359
2018-11-01T06:30:00+09:00,J5,368,339,707
2018-11-01T06:45:00+09:00,J1,769,751,1520
2018-11-01T06:45:00+09:00,J2,570,476,1046
2018-11-01T06:45:00+09:00,J3,657,569,1226
2018-11-01T06:45:00+09:00,J4,786,742,1528
2018-11-01T06:45:00+09:00,J5,426,369,795
2018-11-01T07:00:00+09:00,J1,859,837,1696
2018-11-01T07:00:00+09:00,J2,416,366,782
2018-11-01T07:00:00+09:00,J3,753,698,1451
2018-11-01T07:00:00+09:00,J4,880,880,1760
2018-11-01T07:00:00+09:00,J5,530,470,1000
2018-11-01T07:15:00+09:00,J1,945,899,1844
2018-11-01T07:15:00+09:00,J2,587,439,1026
2018-11-01T07:15:00+09:00,J3,740,646,1386
2018-11-01T07:15:00+09:00,J4,1150,1136,2286
2018-11-01T07:15:00+09:00,J5,588,496,1084
2018-11-01T07:30:00+09:00,J1,964,924,1888
2018-11-01T07:30:00+09:00,J2,638,510,1148
2018-11-01T07:30:00+09:00,J3,796,733,1529
2018-11-01T07:30:00+09:00,J4,1144,1148,2292
2018-11-01T07:30:00+09:00,J5,572,582,1154
2018-11-01T07:45:00+09:00,J1,1015,939,1954
2018-11-01T07:45:00+09:00,J2,786,633,1419
2018-11-01T07:45:00+09:00,J3,837,828,1665
2018-11-01T07:45:00+09:00,J4,1232,1182,2414
2018-11-01T07:45:00+09:00,J5,540,570,1110
2018-11-01T08:00:00+09:00,J1,1213,1082,2295
2018-11-01T08:00:00+09:00,J2,878,665,1543
2018-11-01T08:00:00+09:00,J3,900,760,1660
2018-11-01T08:00:00+09:00,J4,1175,1282,2457
2018-11-01T08:00:00+09:00,J5,506,494,1000
2018-11-01T08:15:00+09:00,J1,1322,1077,2399
2018-11-01T08:15:00+09:00,J2,1149,787,1936
2018-11-01T08:15:00+09:00,J3,922,960,1882
2018-11-01T08:15:00+09:00,J4,1173,1367,2540
2018-11-01T08:15:00+09:00,J5,551,562,1113
2018-11-01T08:30:00+09:00,J1,1304,1068,2372
2018-11-01T08:30:00+09:00,J2,1056,742,1798
2018-11-01T08:30:00+09:00,J3,904,1168,2072
2018-11-01T08:30:00+09:00,J4,1083,1371,2454
2018-11-01T08:30:00+09:00,J5,608,537,1145
2018-11-01T08:45:00+09:00,J1,1103,920,2023
2018-11-01T08:45:00+09:00,J2,934,666,1600
2018-11-01T08:45:00+09:00,J3,816,932,1748
2018-11-01T08:45:00+09:00,J4,1165,1262,2427
2018-11-01T08:45:00+09:00,J5,507,468,975
2018-11-01T09:00:00+09:00,J1,1087,1019,2106
2018-11-01T09:00:00+09:00,J2,807,578,1385
2018-11-01T09:00:00+09:00,J3,819,747,1566
2018-11-01T09:00:00+09:00,J4,1059,1128,2187
2018-11-01T09:00:00+09:00,J5,499,422,921
2018-11-01T09:15:00+09:00,J1,931,859,1790
2018-11-01T09:15:00+09:00,J2,716,494,1210
2018-11-01T09:15:00+09:00,J3,775,667,1442
2018-11-01T09:15:00+09:00,J4,1027,1122,2149
2018-11-01T09:15:00+09:00,J5,586,575,1161
2018-11-01T09:30:00+09:00,J1,929,846,1775
2018-11-01T09:30:00+09:00,J2,796,506,1302
2018-11-01T09:30:00+09:00,J3,786,688,1474
2018-11-01T09:30:00+09:00,J4,1052,1054,2106
2018-11-01T09:30:00+09:00,J5,620,617,1237
2018-11-01T09:45:00+09:00,J1,860,892,1752
2018-11-01T09:45:00+09:00,J2,755,576,1331
2018-11-01T09:45:00+09:00,J3,785,713,1498
2018-11-01T09:45:00+09:00,J4,1020,1037,2057
2018-11-01T09:45:00+09:00,J5,544,568,1112
2018-11-01T10:00:00+09:00,J1,859,889,1748
2018-11-01T10:00:00+09:00,J2,684,629,1313
2018-11-01T10:00:00+09:00,J3,732,629,1361
2018-11-01T10:00:00+09:00,J4,954,920,1874
2018-11-01T10:00:00+09:00,J5,513,595,1108
2018-11-01T10:15:00+09:00,J1,807,809,1616
2018-11-01T10:15:00+09:00,J2,675,638,1313
2018-11-01T10:15:00+09:00,J3,767,685,1452
2018-11-01T10:15:00+09:00,J4,933,942,1875
2018-11-01T10:15:00+09:00,J5,462,437,899
2018-11-01T10:30:00+09:00,J1,799,803,1602
2018-11-01T10:30:00+09:00,J2,773,768,1541
2018-11-01T10:30:00+09:00,J3,781,810,1591
2018-11-01T10:30:00+09:00,J4,831,965,1796
2018-11-01T10:30:00+09:00,J5,443,401,844
2018-11-01T10:45:00+09:00,J1,838,966,1804
2018-11-01T10:45:00+09:00,J2,814,735,1549
2018-11-01T10:45:00+09:00,J3,799,823,1622
2018-11-01T10:45:00+09:00,J4,877,892,1769
2018-11-01T10:45:00+09:00,J5,327,310,637
2018-11-01T11:00:00+09:00,J1,895,918,1813
2018-11-01T11:00:00+09:00,J2,813,716,1529
2018-11-01T11:00:00+09:00,J3,812,867,1679
2018-11-01T11:00:00+09:00,J4,913,951,1864
2018-11-01T11:00:00+09:00,J5,338,337,675
2018-11-01T11:15:00+09:00,J1,904,1206,2110
2018-11-01T11:15:00+09:00,J2,860,667,1527
2018-11-01T11:15:00+09:00,J3,867,780,1647
2018-11-01T11:15:00+09:00,J4,855,897,1752
2018-11-01T11:15:00+09:00,J5,349,321,670
2018-11-01T11:30:00+09:00,J1,1080,1120,2200
2018-11-01T11:30:00+09:00,J2,810,691,1501
2018-11-01T11:30:00+09:00,J3,812,838,1650
2018-11-01T11:30:00+09:00,J4,778,797,1575
2018-11-01T11:30:00+09:00,J5,365,377,742
2018-11-01T11:45:00+09:00,J1,1004,1097,2101
2018-11-01T11:45:00+09:00,J2,887,777,1664
2018-11-01T11:45:00+09:00,J3,839,801,1640
2018-11-01T11:45:00+09:00,J4,698,765,1463
2018-11-01T11:45:00+09:00,J5,391,373,764
2018-11-01T12:00:00+09:00,J1,1009,1153,2162
2018-11-01T12:00:00+09:00,J2,776,707,1483
2018-11-01T12:00:00+09:00,J3,837,804,1641
2018-11-01T12:00:00+09:00,J4,753,806,1559
2018-11-01T12:00:00+09:00,J5,450,451,901
2018-11-01T12:15:00+09:00,J1,883,943,1826
2018-11-01T12:15:00+09:00,J2,790,640,1430
2018-11-01T12:15:00+09:00,J3,682,673,1355
2018-11-01T12:15:00+09:00,J4,859,898,1757
2018-11-01T12:15:00+09:00,J5,439,465,904
2018-11-01T12:30:00+09:00,J1,1024,1118,2142
2018-11-01T12:30:00+09:00,J2,788,620,1408
2018-11-01T12:30:00+09:00,J3,733,736,1469
2018-11-01T12:30:00+09:00,J4,914,987,1901
2018-11-01T12:30:00+09:00,J5,530,481,1011
2018-11-01T12:45:00+09:00,J1,983,1043,2026
2018-11-01T12:45:00+09:00,J2,844,652,1496
2018-11-01T12:45:00+09:00,J3,713,757,1470
2018-11-01T12:45:00+09:00,J4,922,1043,1965
2018-11-01T12:45:00+09:00,J5,540,489,1029
2018-11-01T13:00:00+09:00,J1,863,1056,1919
2018-11-01T13:00:00+09:00,J2,782,646,1428
2018-11-01T13:00:00+09:00,J3,705,769,1474
2018-11-01T13:00:00+09:00,J4,927,1007,1934
2018-11-01T13:00:00+09:00,J5,461,466,927
2018-11-01T13:15:00+09:00,J1,952,1194,2146
2018-11-01T13:15:00+09:00,J2,802,541,1343
2018-11-01T13:15:00+09:00,J3,668,703,1371
2018-11-01T13:15:00+09:00,J4,971,974,1945
2018-11-01T13:15:00+09:00,J5,488,491,979
2018-11-01T13:30:00+09:00,J1,922,1075,1997
2018-11-01T13:30:00+09:00,J2,732,601,1333
2018-11-01T13:30:00+09:00,J3,657,746,1403
2018-11-01T13:30:00+09:00,J4,886,894,1780
2018-11-01T13:30:00+09:00,J5,414,415,829
2018-11-01T13:45:00+09:00,J1,1042,1134,2176
2018-11-01T13:45:00+09:00,J2,740,667,1407
2018-11-01T13:45:00+09:00,J3,741,782,1523
2018-11-01T13:45:00+09:00,J4,999,1112,2111
2018-11-01T13:45:00+09:00,J5,435,502,937
2018-11-01T14:00:00+09:00,J1,917,1156,2073
2018-11-01T14:00:00+09:00,J2,785,640,1425
2018-11-01T14:00:00+09:00,J3,659,739,1398
2018-11-01T14:00:00+09:00,J4,976,940,1916
2018-11-01T14:00:00+09:00,J5,539,481,1020
2018-11-01T14:15:00+09:00,J1,922,1112,2034
2018-11-01T14:15:00+09:00,J2,770,638,1408
2018-11-01T14:15:00+09:00,J3,705,715,1420
2018-11-01T14:15:00+09:00,J4,976,994,1970
2018-11-01T14:15:00+09:00,J5,482,478,960
2018-11-01T14:30:00+09:00,J1,897,1147,2044
2018-11-01T14:30:00+09:00,J2,778,709,1487
2018-11-01T14:30:00+09:00,J3,728,666,1394
2018-11-01T14:30:00+09:00,J4,909,940,1849
2018-11-01T14:30:00+09:00,J5,484,463,947
2018-11-01T14:45:00+09:00,J1,944,1075,2019
2018-11-01T14:45:00+09:00,J2,798,633,1431
2018-11-01T14:45:00+09:00,J3,673,750,1423
2018-11-01T14:45:00+09:00,J4,983,989,1972
2018-11-01T14:45:00+09:00,J5,490,474,964
2018-11-01T15:00:00+09:00,J1,945,1129,2074
2018-11-01T15:00:00+09:00,J2,749,694,1443
2018-11-01T15:00:00+09:00,J3,697,732,1429
2018-11-01T15:00:00+09:00,J4,911,1047,1958
2018-11-01T15:00:00+09:00,J5,491,499,990
2018-11-01T15:15:00+09:00,J1,954,1169,2123
2018-11-01T15:15:00+09:00,J2,811,687,1498
2018-11-01T15:15:00+09:00,J3,685,702,1387
2018-11-01T15:15:00+09:00,J4,1058,1163,2221
2018-11-01T15:15:00+09:00,J5,497,503,1000
2018-11-01T15:30:00+09:00,J1,906,1110,2016
2018-11-01T15:30:00+09:00,J2,803,675,1478
2018-11-01T15:30:00+09:00,J3,745,719,1464
2018-11-01T15:30:00+09:00,J4,1046,1175,2221
2018-11-01T15:30:00+09:00,J5,521,498,1019
2018-11-01T15:45:00+09:00,J1,945,1136,2081
2018-11-01T15:45:00+09:00,J2,854,660,1514
2018-11-01T15:45:00+09:00,J3,706,757,1463
2018-11-01T15:45:00+09:00,J4,1016,1118,2134
2018-11-01T15:45:00+09:00,J5,496,490,986
2018-11-01T16:00:00+09:00,J1,923,1060,1983
2018-11-01T16:00:00+09:00,J2,801,669,1470
2018-11-01T16:00:00+09:00,J3,671,607,1278
2018-11-01T16:00:00+09:00,J4,925,1013,1938
2018-11-01T16:00:00+09:00,J5,489,462,951
2018-11-01T16:15:00+09:00,J1,931,1098,2029
2018-11-01T16:15:00+09:00,J2,795,699,1494
2018-11-01T16:15:00+09:00,J3,714,661,1375
2018-11-01T16:15:00+09:00,J4,1018,1025,2043
2018-11-01T16:15:00+09:00,J5,476,492,968
2018-11-01T16:30:00+09:00,J1,925,1091,2016
2018-11-01T16:30:00+09:00,J2,783,748,1531
2018-11-01T16:30:00+09:00,J3,696,674,1370
2018-11-01T16:30:00+09:00,J4,1047,1136,2183
2018-11-01T16:30:00+09:00,J5,486,534,1020
2018-11-01T16:45:00+09:00,J1,881,1048,1929
2018-11-01T16:45:00+09:00,J2,793,710,1503
2018-11-01T16:45:00+09:00,J3,657,675,1332
2018-11-01T16:45:00+09:00,J4,1016,1161,2177
2018-11-01T16:45:00+09:00,J5,567,509,1076
2018-11-01T17:00:00+09:00,J1,992,1177,2169
2018-11-01T17:00:00+09:00,J2,862,760,1622
2018-11-01T17:00:00+09:00,J3,762,729,1491
2018-11-01T17:00:00+09:00,J4,976,962,1938
2018-11-01T17:00:00+09:00,J5,532,530,1062
2018-11-01T17:15:00+09:00,J1,964,1149,2113
2018-11-01T17:15:00+09:00,J2,809,697,1506
2018-11-01T17:15:00+09:00,J3,807,793,1600
2018-11-01T17:15:00+09:00,J4,970,951,1921
2018-11-01T17:15:00+09:00,J5,458,515,973
2018-11-01T17:30:00+09:00,J1,969,1161,2130
2018-11-01T17:30:00+09:00,J2,887,811,1698
2018-11-01T17:30:00+09:00,J3,823,822,1645
2018-11-01T17:30:00+09:00,J4,934,923,1857
2018-11-01T17:30:00+09:00,J5,453,523,976
2018-11-01T17:45:00+09:00,J1,1098,1207,2305
2018-11-01T17:45:00+09:00,J2,896,852,1748
2018-11-01T17:45:00+09:00,J3,950,874,1824
2018-11-01T17:45:00+09:00,J4,1000,919,1919
2018-11-01T17:45:00+09:00,J5,507,592,1099
2018-11-01T18:00:00+09:00,J1,1163,1274,2437
2018-11-01T18:00:00+09:00,J2,976,851,1827
2018-11-01T18:00:00+09:00,J3,1024,898,1922
2018-11-01T18:00:00+09:00,J4,1010,885,1895
2018-11-01T18:00:00+09:00,J5,455,546,1001
2018-11-01T18:15:00+09:00,J1,944,1360,2304
2018-11-01T18:15:00+09:00,J2,953,862,1815
2018-11-01T18:15:00+09:00,J3,1060,916,1976
2018-11-01T18:15:00+09:00,J4,1152,990,2142
2018-11-01T18:15:00+09:00,J5,551,677,1228
2018-11-01T18:30:00+09:00,J1,1017,1137,2154
2018-11-01T18:30:00+09:00,J2,849,738,1587
2018-11-01T18:30:00+09:00,J3,992,934,1926
2018-11-01T18:30:00+09:00,J4,1119,894,2013
2018-11-01T18:30:00+09:00,J5,508,594,1102
2018-11-01T18:45:00+09:00,J1,984,1089,2073
2018-11-01T18:45:00+09:00,J2,769,696,1465
2018-11-01T18:45:00+09:00,J3,896,907,1803
2018-11-01T18:45:00+09:00,J4,929,961,1890
2018-11-01T18:45:00+09:00,J5,429,471,900
2018-11-01T19:00:00+09:00,J1,921,1044,1965
2018-11-01T19:00:00+09:00,J2,680,653,1333
2018-11-01T19:00:00+09:00,J3,862,841,1703
2018-11-01T19:00:00+09:00,J4,1072,983,2055
2018-11-01T19:00:00+09:00,J5,399,468,867
2018-11-01T19:15:00+09:00,J1,850,994,1844
2018-11-01T19:15:00+09:00,J2,615,630,1245
2018-11-01T19:15:00+09:00,J3,854,807,1661
2018-11-01T19:15:00+09:00,J4,1043,904,1947
2018-11-01T19:15:00+09:00,J5,393,429,822
2018-11-01T19:30:00+09:00,J1,811,917,1728
2018-11-01T19:30:00+09:00,J2,583,560,1143
2018-11-01T19:30:00+09:00,J3,876,787,1663
2018-11-01T19:30:00+09:00,J4,1091,950,2041
2018-11-01T19:30:00+09:00,J5,366,337,703
2018-11-01T19:45:00+09:00,J1,708,874,1582
2018-11-01T19:45:00+09:00,J2,529,517,1046
2018-11-01T19:45:00+09:00,J3,778,763,1541
2018-11-01T19:45:00+09:00,J4,953,999,1952
2018-11-01T19:45:00+09:00,J5,333,387,720
2018-11-01T20:00:00+09:00,J1,741,807,1548
2018-11-01T20:00:00+09:00,J2,562,540,1102
2018-11-01T20:00:00+09:00,J3,736,745,1481
2018-11-01T20:00:00+09:00,J4,1086,1055,2141
2018-11-01T20:00:00+09:00,J5,344,380,724
2018-11-01T20:15:00+09:00,J1,741,822,1563
2018-11-01T20:15:00+09:00,J2,641,510,1151
2018-11-01T20:15:00+09:00,J3,810,767,1577
2018-11-01T20:15:00+09:00,J4,1115,1042,2157
2018-11-01T20:15:00+09:00,J5,366,390,756
2018-11-01T20:30:00+09:00,J1,739,828,1567
2018-11-01T20:30:00+09:00,J2,649,509,1158
2018-11-01T20:30:00+09:00,J3,857,810,1667
2018-11-01T20:30:00+09:00,J4,1068,1047,2115
2018-11-01T20:30:00+09:00,J5,364,434,798
2018-11-01T20:45:00+09:00,J1,669,824,1493
2018-11-01T20:45:00+09:00,J2,665,575,1240
2018-11-01T20:45:00+09:00,J3,722,720,1442
2018-11-01T20:45:00+09:00,J4,1074,989,2063
2018-11-01T20:45:00+09:00,J5,364,362,726
2018-11-01T21:00:00+09:00,J1,737,902,1639
2018-11-01T21:00:00+09:00,J2,673,623,1296
2018-11-01T21:00:00+09:00,J3,724,688,1412
2018-11-01T21:00:00+09:00,J4,1054,1070,2124
2018-11-01T21:00:00+09:00,J5,435,410,845
2018-11-01T21:15:00+09:00,J1,717,868,1585
2018-11-01T21:15:00+09:00,J2,560,507,1067
2018-11-01T21:15:00+09:00,J3,703,706,1409
2018-11-01T21:15:00+09:00,J4,1111,1085,2196
2018-11-01T21:15:00+09:00,J5,425,439,864
2018-11-01T21:30:00+09:00,J1,752,861,1613
2018-11-01T21:30:00+09:00,J2,596,518,1114
2018-11-01T21:30:00+09:00,J3,745,713,1458
2018-11-01T21:30:00+09:00,J4,1042,1042,2084
2018-11-01T21:30:00+09:00,J5,425,464,889
2018-11-01T21:45:00+09:00,J1,708,795,1503
2018-11-01T21:45:00+09:00,J2,561,530,1091
2018-11-01T21:45:00+09:00,J3,744,662,1406
2018-11-01T21:45:00+09:00,J4,1117,1031,2148
2018-11-01T21:45:00+09:00,J5,473,473,946
2018-11-01T22:00:00+09:00,J1,684,791,1475
2018-11-01T22:00:00+09:00,J2,616,531,1147
2018-11-01T22:00:00+09:00,J3,746,670,1416
2018-11-01T22:00:00+09:00,J4,1036,1017,2053
2018-11-01T22:00:00+09:00,J5,518,497,1015
2018-11-01T22:15:00+09:00,J1,680,696,1376
2018-11-01T22:15:00+09:00,J2,542,560,1102
2018-11-01T22:15:00+09:00,J3,625,525,1150
2018-11-01T22:15:00+09:00,J4,1060,998,2058
2018-11-01T22:15:00+09:00,J5,454,497,951
2018-11-01T22:30:00+09:00,J1,704,785,1489
2018-11-01T22:30:00+09:00,J2,604,579,1183
2018-11-01T22:30:00+09:00,J3,650,510,1160
2018-11-01T22:30:00+09:00,J4,981,932,1913
2018-11-01T22:30:00+09:00,J5,394,378,772
2018-11-01T22:45:00+09:00,J1,643,691,1334
2018-11-01T22:45:00+09:00,J2,614,586,1200
2018-11-01T22:45:00+09:00,J3,506,440,946
2018-11-01T22:45:00+09:00,J4,879,881,1760
2018-11-01T22:45:00+09:00,J5,407,357,764
2018-11-01T23:00:00+09:00,J1,688,746,1434
2018-11-01T23:00:00+09:00,J2,683,583,1266
2018-11-01T23:00:00+09:00,J3,516,427,943
2018-11-01T23:00:00+09:00,J4,993,949,1942
2018-11-01T23:00:00+09:00,J5,409,329,738
2018-11-01T23:15:00+09:00,J1,619,680,1299
2018-11-01T23:15:00+09:00,J2,605,588,1193
2018-11-01T23:15:00+09:00,J3,559,517,1076
2018-11-01T23:15:00+09:00,J4,891,931,1822
2018-11-01T23:15:00+09:00,J5,333,294,627
2018-11-01T23:30:00+09:00,J1,593,614,1207
2018-11-01T23:30:00+09:00,J2,548,586,1134
2018-11-01T23:30:00+09:00,J3,523,501,1024
2018-11-01T23:30:00+09:00,J4,707,779,1486
2018-11-01T23:30:00+09:00,J5,301,278,579
2018-11-01T23:45:00+09:00,J1,545,636,1181
2018-11-01T23:45:00+09:00,J2,473,421,894
2018-11-01T23:45:00+09:00,J3,563,447,1010
2018-11-01T23:45:00+09:00,J4,645,704,1349
2018-11-01T23:45:00+09:00,J5,318,272,590
2018-11-02T00:00:00+09:00,J1,483,488,971
2018-11-02T00:00:00+09:00,J2,322,299,621
2018-11-02T00:00:00+09:00,J3,454,421,875
2018-11-02T00:00:00+09:00,J4,699,728,1427
2018-11-02T00:00:00+09:00,J5,365,316,681
2018-11-02T00:15:00+09:00,J1,405,482,887
2018-11-02T00:15:00+09:00,J2,276,240,516
2018-11-02T00:15:00+09:00,J3,502,407,909
2018-11-02T00:15:00+09:00,J4,419,437,856
2018-11-02T00:15:00+09:00,J5,388,427,815
2018-11-02T00:30:00+09:00,J1,446,348,794
2018-11-02T00:30:00+09:00,J2,358,269,627
2018-11-02T00:30:00+09:00,J3,553,498,1051
2018-11-02T00:30:00+09:00,J4,352,393,745
2018-11-02T00:30:00+09:00,J5,448,448,896
2018-11-02T00:45:00+09:00,J1,287,222,509
2018-11-02T00:45:00+09:00,J2,329,308,637
2018-11-02T00:45:00+09:00,J3,493,429,922
2018-11-02T00:45:00+09:00,J4,326,337,663
2018-11-02T00:45:00+09:00,J5,403,411,814
2018-11-02T05:45:00+09:00,J1,413,359,772
2018-11-02T05:45:00+09:00,J2,295,253,548
2018-11-02T05:45:00+09:00,J3,477,382,859
2018-11-02T05:45:00+09:00,J4,445,478,923
2018-11-02T05:45:00+09:00,J5,295,313,608
2018-11-02T06:00:00+09:00,J1,294,290,584
2018-11-02T06:00:00+09:00,J2,423,318,741
2018-11-02T06:00:00+09:00,J3,368,268,636
2018-11-02T06:00:00+09:00,J4,464,498,962
2018-11-02T06:00:00+09:00,J5,190,198,388
2018-11-02T06:15:00+09:00,J1,570,486,1056
2018-11-02T06:15:00+09:00,J2,587,444,1031
2018-11-02T06:15:00+09:00,J3,433,358,791
2018-11-02T06:15:00+09:00,J4,616,698,1314
2018-11-02T06:15:00+09:00,J5,327,249,576
2018-11-02T06:30:00+09:00,J1,563,560,1123
2018-11-02T06:30:00+09:00,J2,587,488,1075
2018-11-02T06:30:00+09:00,J3,414,336,750
2018-11-02T06:30:00+09:00,J4,578,689,1267
2018-11-02T06:30:00+09:00,J5,315,285,600
2018-11-02T06:45:00+09:00,J1,636,627,1263
2018-11-02T06:45:00+09:00,J2,626,582,1208
2018-11-02T06:45:00+09:00,J3,442,350,792
2018-11-02T06:45:00+09:00,J4,719,783,1502
2018-11-02T06:45:00+09:00,J5,375,316,691
2018-11-02T07:00:00+09:00,J1,697,745,1442
2018-11-02T07:00:00+09:00,J2,598,563,1161
2018-11-02T07:00:00+09:00,J3,500,398,898
2018-11-02T07:00:00+09:00,J4,761,817,1578
2018-11-02T07:00:00+09:00,J5,432,389,821
2018-11-02T07:15:00+09:00,J1,775,712,1487
2018-11-02T07:15:00+09:00,J2,616,571,1187
2018-11-02T07:15:00+09:00,J3,523,450,973
2018-11-02T07:15:00+09:00,J4,1010,1008,2018
2018-11-02T07:15:00+09:00,J5,484,465,949
2018-11-02T07:30:00+09:00,J1,872,774,1646
2018-11-02T07:30:00+09:00,J2,633,574,1207
2018-11-02T07:30:00+09:00,J3,725,768,1493
2018-11-02T07:30:00+09:00,J4,952,1082,2034
2018-11-02T07:30:00+09:00,J5,621,581,1202
2018-11-02T07:45:00+09:00,J1,988,856,1844
2018-11-02T07:45:00+09:00,J2,613,513,1126
2018-11-02T07:45:00+09:00,J3,777,833,1610
2018-11-02T07:45:00+09:00,J4,1073,1240,2313
2018-11-02T07:45:00+09:00,J5,646,616,1262
2018-11-02T08:00:00+09:00,J1,1146,1034,2180
2018-11-02T08:00:00+09:00,J2,714,558,1272
2018-11-02T08:00:00+09:00,J3,762,916,1678
2018-11-02T08:00:00+09:00,J4,1134,1310,2444
2018-11-02T08:00:00+09:00,J5,608,639,1247
2018-11-02T08:15:00+09:00,J1,1281,1013,2294
2018-11-02T08:15:00+09:00,J2,939,687,1626
2018-11-02T08:15:00+09:00,J3,816,966,1782
2018-11-02T08:15:00+09:00,J4,1118,1277,2395
2018-11-02T08:15:00+09:00,J5,675,683,1358
2018-11-02T08:30:00+09:00,J1,1318,958,2276
2018-11-02T08:30:00+09:00,J2,999,721,1720
2018-11-02T08:30:00+09:00,J3,879,1121,2000
2018-11-02T08:30:00+09:00,J4,1129,1207,2336
2018-11-02T08:30:00+09:00,J5,701,701,1402
2018-11-02T08:45:00+09:00,J1,1080,892,1972
2018-11-02T08:45:00+09:00,J2,805,713,1518
2018-11-02T08:45:00+09:00,J3,825,1002,1827
2018-11-02T08:45:00+09:00,J4,1017,1143,2160
2018-11-02T08:45:00+09:00,J5,594,595,1189
2018-11-02T09:00:00+09:00,J1,1069,858,1927
2018-11-02T09:00:00+09:00,J2,823,637,1460
2018-11-02T09:00:00+09:00,J3,769,827,1596
2018-11-02T09:00:00+09:00,J4,966,952,1918
2018-11-02T09:00:00+09:00,J5,560,550,1110
2018-11-02T09:15:00+09:00,J1,929,758,1687
2018-11-02T09:15:00+09:00,J2,788,631,1419
2018-11-02T09:15:00+09:00,J3,687,704,1391
2018-11-02T09:15:00+09:00,J4,827,895,1722
2018-11-02T09:15:00+09:00,J5,594,596,1190
2018-11-02T09:30:00+09:00,J1,898,821,1719
2018-11-02T09:30:00+09:00,J2,771,631,1402
2018-11-02T09:30:00+09:00,J3,761,746,1507
2018-11-02T09:30:00+09:00,J4,915,895,1810
2018-11-02T09:30:00+09:00,J5,603,646,1249
2018-11-02T09:45:00+09:00,J1,820,738,1558
2018-11-02T09:45:00+09:00,J2,735,739,1474
2018-11-02T09:45:00+09:00,J3,760,755,1515
2018-11-02T09:45:00+09:00,J4,820,863,1683
2018-11-02T09:45:00+09:00,J5,497,507,1004
2018-11-02T10:00:00+09:00,J1,788,853,1641
2018-11-02T10:00:00+09:00,J2,710,679,1389
2018-11-02T10:00:00+09:00,J3,757,711,1468
2018-11-02T10:00:00+09:00,J4,744,792,1536
2018-11-02T10:00:00+09:00,J5,510,520,1030
2018-11-02T10:15:00+09:00,J1,786,801,1587
2018-11-02T10:15:00+09:00,J2,806,659,1465
2018-11-02T10:15:00+09:00,J3,714,731,1445
2018-11-02T10:15:00+09:00,J4,799,814,1613
2018-11-02T10:15:00+09:00,J5,421,488,909
2018-11-02T10:30:00+09:00,J1,778,849,1627
2018-11-02T10:30:00+09:00,J2,802,682,1484
2018-11-02T10:30:00+09:00,J3,738,766,1504
2018-11-02T10:30:00+09:00,J4,780,809,1589
2018-11-02T10:30:00+09:00,J5,339,323,662
2018-11-02T10:45:00+09:00,J1,833,733,1566
2018-11-02T10:45:00+09:00,J2,759,662,1421
2018-11-02T10:45:00+09:00,J3,745,742,1487
2018-11-02T10:45:00+09:00,J4,664,697,1361
2018-11-02T10:45:00+09:00,J5,266,265,531
2018-11-02T11:00:00+09:00,J1,783,815,1598
2018-11-02T11:00:00+09:00,J2,684,570,1254
2018-11-02T11:00:00+09:00,J3,705,653,1358
2018-11-02T11:00:00+09:00,J4,721,741,1462
2018-11-02T11:00:00+09:00,J5,303,239,542
2018-11-02T11:15:00+09:00,J1,898,846,1744
2018-11-02T11:15:00+09:00,J2,666,558,1224
2018-11-02T11:15:00+09:00,J3,658,613,1271
2018-11-02T11:15:00+09:00,J4,651,767,1418
2018-11-02T11:15:00+09:00,J5,282,259,541
2018-11-02T11:30:00+09:00,J1,933,911,1844
2018-11-02T11:30:00+09:00,J2,621,538,1159
2018-11-02T11:30:00+09:00,J3,578,497,1075
2018-11-02T11:30:00+09:00,J4,618,697,1315
2018-11-02T11:30:00+09:00,J5,312,281,593
2018-11-02T11:45:00+09:00,J1,939,914,1853
2018-11-02T11:45:00+09:00,J2,680,548,1228
2018-11-02T11:45:00+09:00,J3,604,632,1236
2018-11-02T11:45:00+09:00,J4,614,689,1303
2018-11-02T11:45:00+09:00,J5,302,265,567
2018-11-02T12:00:00+09:00,J1,984,1023,2007
2018-11-02T12:00:00+09:00,J2,661,637,1298
2018-11-02T12:00:00+09:00,J3,684,628,1312
2018-11-02T12:00:00+09:00,J4,772,768,1540
2018-11-02T12:00:00+09:00,J5,325,327,652
2018-11-02T12:15:00+09:00,J1,882,954,1836
2018-11-02T12:15:00+09:00,J2,653,553,1206
2018-11-02T12:15:00+09:00,J3,672,598,1270
2018-11-02T12:15:00+09:00,J4,881,787,1668
2018-11-02T12:15:00+09:00,J5,331,319,650
2018-11-02T12:30:00+09:00,J1,848,933,1781
2018-11-02T12:30:00+09:00,J2,577,556,1133
2018-11-02T12:30:00+09:00,J3,650,590,1240
2018-11-02T12:30:00+09:00,J4,874,875,1749
2018-11-02T12:30:00+09:00,J5,371,322,693
2018-11-02T12:45:00+09:00,J1,822,842,1664
2018-11-02T12:45:00+09:00,J2,543,563,1106
2018-11-02T12:45:00+09:00,J3,659,595,1254
2018-11-02T12:45:00+09:00,J4,911,888,1799
2018-11-02T12:45:00+09:00,J5,352,304,656
2018-11-02T13:00:00+09:00,J1,844,902,1746
2018-11-02T13:00:00+09:00,J2,592,626,1218
2018-11-02T13:00:00+09:00,J3,634,591,1225
2018-11-02T13:00:00+09:00,J4,874,769,1643
2018-11-02T13:00:00+09:00,J5,294,280,574
2018-11-02T13:15:00+09:00,J1,891,942,1833
2018-11-02T13:15:00+09:00,J2,562,550,1112
2018-11-02T13:15:00+09:00,J3,654,605,1259
2018-11-02T13:15:00+09:00,J4,908,857,1765
2018-11-02T13:15:00+09:00,J5,303,292,595
2018-11-02T13:30:00+09:00,J1,948,973,1921
2018-11-02T13:30:00+09:00,J2,619,572,1191
2018-11-02T13:30:00+09:00,J3,640,608,1248
2018-11-02T13:30:00+09:00,J4,925,874,1799
2018-11-02T13:30:00+09:00,J5,330,296,626
2018-11-02T13:45:00+09:00,J1,897,833,1730
2018-11-02T13:45:00+09:00,J2,535,568,1103
2018-11-02T13:45:00+09:00,J3,644,629,1273
2018-11-02T13:45:00+09:00,J4,944,908,1852
2018-11-02T13:45:00+09:00,J5,281,242,523
2018-11-02T14:00:00+09:00,J1,839,908,1747
2018-11-02T14:00:00+09:00,J2,482,561,1043
2018-11-02T14:00:00+09:00,J3,624,592,1216
2018-11-02T14:00:00+09:00,J4,818,823,1641
2018-11-02T14:00:00+09:00,J5,299,310,609
2018-11-02T14:15:00+09:00,J1,863,866,1729
2018-11-02T14:15:00+09:00,J2,468,507,975
2018-11-02T14:15:00+09:00,J3,635,607,1242
2018-11-02T14:15:00+09:00,J4,878,848,1726
2018-11-02T14:15:00+09:00,J5,297,272,569
2018-11-02T14:30:00+09:00,J1,816,821,1637
2018-11-02T14:30:00+09:00,J2,502,462,964
2018-11-02T14:30:00+09:00,J3,661,583,1244
2018-11-02T14:30:00+09:00,J4,842,801,1643
2018-11-02T14:30:00+09:00,J5,302,295,597
2018-11-02T14:45:00+09:00,J1,790,864,1654
2018-11-02T14:45:00+09:00,J2,403,460,863
2018-11-02T14:45:00+09:00,J3,659,609,1268
2018-11-02T14:45:00+09:00,J4,801,798,1599
2018-11-02T14:45:00+09:00,J5,307,276,583
2018-11-02T15:00:00+09:00,J1,918,1000,1918
2018-11-02T15:00:00+09:00,J2,443,498,941
2018-11-02T15:00:00+09:00,J3,663,587,1250
2018-11-02T15:00:00+09:00,J4,811,808,1619
2018-11-02T15:00:00+09:00,J5,292,278,570
2018-11-02T15:15:00+09:00,J1,857,1002,1859
2018-11-02T15:15:00+09:00,J2,435,581,1016
2018-11-02T15:15:00+09:00,J3,639,576,1215
2018-11-02T15:15:00+09:00,J4,878,848,1726
2018-11-02T15:15:00+09:00,J5,331,321,652
2018-11-02T15:30:00+09:00,J1,861,954,1815
2018-11-02T15:30:00+09:00,J2,496,562,1058
2018-11-02T15:30:00+09:00,J3,589,590,1179
2018-11-02T15:30:00+09:00,J4,913,884,1797
2018-11-02T15:30:00+09:00,J5,300,280,580
2018-11-02T15:45:00+09:00,J1,881,991,1872
2018-11-02T15:45:00+09:00,J2,480,569,1049
2018-11-02T15:45:00+09:00,J3,666,618,1284
2018-11-02T15:45:00+09:00,J4,865,844,1709
2018-11-02T15:45:00+09:00,J5,284,262,546
2018-11-02T16:00:00+09:00,J1,841,974,1815
2018-11-02T16:00:00+09:00,J2,548,581,1129
2018-11-02T16:00:00+09:00,J3,603,632,1235
2018-11-02T16:00:00+09:00,J4,862,819,1681
2018-11-02T16:00:00+09:00,J5,360,310,670
2018-11-02T16:15:00+09:00,J1,888,1036,1924
2018-11-02T16:15:00+09:00,J2,551,615,1166
2018-11-02T16:15:00+09:00,J3,713,641,1354
2018-11-02T16:15:00+09:00,J4,869,889,1758
2018-11-02T16:15:00+09:00,J5,344,305,649
2018-11-02T16:30:00+09:00,J1,865,881,1746
2018-11-02T16:30:00+09:00,J2,578,561,1139
2018-11-02T16:30:00+09:00,J3,700,590,1290
2018-11-02T16:30:00+09:00,J4,900,904,1804
2018-11-02T16:30:00+09:00,J5,310,343,653
2018-11-02T16:45:00+09:00,J1,850,903,1753
2018-11-02T16:45:00+09:00,J2,586,565,1151
2018-11-02T16:45:00+09:00,J3,628,568,1196
2018-11-02T16:45:00+09:00,J4,844,913,1757
2018-11-02T16:45:00+09:00,J5,329,359,688
2018-11-02T17:00:00+09:00,J1,917,961,1878
2018-11-02T17:00:00+09:00,J2,608,733,1341
2018-11-02T17:00:00+09:00,J3,784,579,1363
2018-11-02T17:00:00+09:00,J4,926,891,1817
2018-11-02T17:00:00+09:00,J5,367,384,751
2018-11-02T17:15:00+09:00,J1,971,1076,2047
2018-11-02T17:15:00+09:00,J2,673,691,1364
2018-11-02T17:15:00+09:00,J3,810,655,1465
2018-11-02T17:15:00+09:00,J4,973,956,1929
2018-11-02T17:15:00+09:00,J5,401,504,905
2018-11-02T17:30:00+09:00,J1,1045,1029,2074
2018-11-02T17:30:00+09:00,J2,641,767,1408
2018-11-02T17:30:00+09:00,J3,891,635,1526
2018-11-02T17:30:00+09:00,J4,1095,987,2082
2018-11-02T17:30:00+09:00,J5,449,468,917
2018-11-02T17:45:00+09:00,J1,991,1041,2032
2018-11-02T17:45:00+09:00,J2,703,783,1486
2018-11-02T17:45:00+09:00,J3,923,655,1578
2018-11-02T17:45:00+09:00,J4,1107,940,2047
2018-11-02T17:45:00+09:00,J5,407,491,898
2018-11-02T18:00:00+09:00,J1,951,1064,2015
2018-11-02T18:00:00+09:00,J2,730,746,1476
2018-11-02T18:00:00+09:00,J3,934,654,1588
2018-11-02T18:00:00+09:00,J4,1091,949,2040
2018-11-02T18:00:00+09:00,J5,419,518,937
2018-11-02T18:15:00+09:00,J1,961,1086,2047
2018-11-02T18:15:00+09:00,J2,720,709,1429
2018-11-02T18:15:00+09:00,J3,894,659,1553
2018-11-02T18:15:00+09:00,J4,1084,1030,2114
2018-11-02T18:15:00+09:00,J5,432,537,969
2018-11-02T18:30:00+09:00,J1,877,1044,1921
2018-11-02T18:30:00+09:00,J2,623,640,1263
2018-11-02T18:30:00+09:00,J3,875,544,1419
2018-11-02T18:30:00+09:00,J4,1150,967,2117
2018-11-02T18:30:00+09:00,J5,450,550,1000
2018-11-02T18:45:00+09:00,J1,896,926,1822
2018-11-02T18:45:00+09:00,J2,643,591,1234
2018-11-02T18:45:00+09:00,J3,747,533,1280
2018-11-02T18:45:00+09:00,J4,1081,956,2037
2018-11-02T18:45:00+09:00,J5,400,441,841
2018-11-02T19:00:00+09:00,J1,801,888,1689
2018-11-02T19:00:00+09:00,J2,548,590,1138
2018-11-02T19:00:00+09:00,J3,729,500,1229
2018-11-02T19:00:00+09:00,J4,1065,948,2013
2018-11-02T19:00:00+09:00,J5,370,377,747
2018-11-02T19:15:00+09:00,J1,789,913,1702
2018-11-02T19:15:00+09:00,J2,543,598,1141
2018-11-02T19:15:00+09:00,J3,758,582,1340
2018-11-02T19:15:00+09:00,J4,1039,950,1989
2018-11-02T19:15:00+09:00,J5,438,435,873
2018-11-02T19:30:00+09:00,J1,780,853,1633
2018-11-02T19:30:00+09:00,J2,478,556,1034
2018-11-02T19:30:00+09:00,J3,674,536,1210
2018-11-02T19:30:00+09:00,J4,1001,951,1952
2018-11-02T19:30:00+09:00,J5,363,367,730
2018-11-02T19:45:00+09:00,J1,777,859,1636
2018-11-02T19:45:00+09:00,J2,464,522,986
2018-11-02T19:45:00+09:00,J3,619,521,1140
2018-11-02T19:45:00+09:00,J4,1006,1032,2038
2018-11-02T19:45:00+09:00,J5,316,353,669
2018-11-02T20:00:00+09:00,J1,760,797,1557
2018-11-02T20:00:00+09:00,J2,479,503,982
2018-11-02T20:00:00+09:00,J3,614,477,1091
2018-11-02T20:00:00+09:00,J4,1047,971,2018
2018-11-02T20:00:00+09:00,J5,290,373,663
2018-11-02T20:15:00+09:00,J1,728,772,1500
2018-11-02T20:15:00+09:00,J2,499,529,1028
2018-11-02T20:15:00+09:00,J3,703,536,1239
2018-11-02T20:15:00+09:00,J4,1039,923,1962
2018-11-02T20:15:00+09:00,J5,305,326,631
2018-11-02T20:30:00+09:00,J1,690,730,1420
2018-11-02T20:30:00+09:00,J2,543,436,979
2018-11-02T20:30:00+09:00,J3,743,641,1384
2018-11-02T20:30:00+09:00,J4,1037,956,1993
2018-11-02T20:30:00+09:00,J5,283,311,594
2018-11-02T20:45:00+09:00,J1,693,821,1514
2018-11-02T20:45:00+09:00,J2,520,519,1039
2018-11-02T20:45:00+09:00,J3,689,608,1297
2018-11-02T20:45:00+09:00,J4,1057,1016,2073
2018-11-02T20:45:00+09:00,J5,293,289,582
2018-11-02T21:00:00+09:00,J1,772,864,1636
2018-11-02T21:00:00+09:00,J2,470,480,950
2018-11-02T21:00:00+09:00,J3,714,637,1351
2018-11-02T21:00:00+09:00,J4,1086,1085,2171
2018-11-02T21:00:00+09:00,J5,293,292,585
2018-11-02T21:15:00+09:00,J1,766,832,1598
2018-11-02T21:15:00+09:00,J2,479,471,950
2018-11-02T21:15:00+09:00,J3,723,661,1384
2018-11-02T21:15:00+09:00,J4,1145,1009,2154
2018-11-02T21:15:00+09:00,J5,292,326,618
2018-11-02T21:30:00+09:00,J1,720,829,1549
2018-11-02T21:30:00+09:00,J2,423,440,863
2018-11-02T21:30:00+09:00,J3,756,664,1420
2018-11-02T21:30:00+09:00,J4,1131,1014,2145
2018-11-02T21:30:00+09:00,J5,316,348,664
2018-11-02T21:45:00+09:00,J1,643,816,1459
2018-11-02T21:45:00+09:00,J2,429,432,861
2018-11-02T21:45:00+09:00,J3,717,741,1458
2018-11-02T21:45:00+09:00,J4,1152,1091,2243
2018-11-02T21:45:00+09:00,J5,311,353,664
2018-11-02T22:00:00+09:00,J1,674,823,1497
2018-11-02T22:00:00+09:00,J2,467,431,898
2018-11-02T22:00:00+09:00,J3,697,688,1385
2018-11-02T22:00:00+09:00,J4,1020,957,1977
2018-11-02T22:00:00+09:00,J5,367,372,739
2018-11-02T22:15:00+09:00,J1,690,818,1508
2018-11-02T22:15:00+09:00,J2,423,395,818
2018-11-02T22:15:00+09:00,J3,735,703,1438
2018-11-02T22:15:00+09:00,J4,1087,1001,2088
2018-11-02T22:15:00+09:00,J5,364,364,728
2018-11-02T22:30:00+09:00,J1,712,795,1507
2018-11-02T22:30:00+09:00,J2,434,453,887
2018-11-02T22:30:00+09:00,J3,663,646,1309
2018-11-02T22:30:00+09:00,J4,970,987,1957
2018-11-02T22:30:00+09:00,J5,456,462,918
2018-11-02T22:45:00+09:00,J1,678,760,1438
2018-11-02T22:45:00+09:00,J2,495,436,931
2018-11-02T22:45:00+09:00,J3,689,680,1369
2018-11-02T22:45:00+09:00,J4,918,961,1879
2018-11-02T22:45:00+09:00,J5,410,480,890
2018-11-02T23:00:00+09:00,J1,695,795,1490
2018-11-02T23:00:00+09:00,J2,505,511,1016
2018-11-02T23:00:00+09:00,J3,696,602,1298
2018-11-02T23:00:00+09:00,J4,894,929,1823
2018-11-02T23:00:00+09:00,J5,327,414,741
2018-11-02T23:15:00+09:00,J1,643,690,1333
2018-11-02T23:15:00+09:00,J2,569,569,1138
2018-11-02T23:15:00+09:00,J3,668,607,1275
2018-11-02T23:15:00+09:00,J4,874,971,1845
2018-11-02T23:15:00+09:00,J5,331,349,680
2018-11-02T23:30:00+09:00,J1,605,691,1296
2018-11-02T23:30:00+09:00,J2,573,548,1121
2018-11-02T23:30:00+09:00,J3,658,675,1333
2018-11-02T23:30:00+09:00,J4,820,803,1623
2018-11-02T23:30:00+09:00,J5,319,356,675
2018-11-02T23:45:00+09:00,J1,664,678,1342
2018-11-02T23:45:00+09:00,J2,578,531,1109
2018-11-02T23:45:00+09:00,J3,681,590,1271
2018-11-02T23:45:00+09:00,J4,699,701,1400
2018-11-02T23:45:00+09:00,J5,327,403,730
2018-11-03T00:00:00+09:00,J1,513,553,1066
2018-11-03T00:00:00+09:00,J2,617,483,1100
2018-11-03T00:00:00+09:00,J3,619,581,1200
2018-11-03T00:00:00+09:00,J4,630,688,1318
2018-11-03T00:00:00+09:00,J5,278,300,578
2018-11-03T00:15:00+09:00,J1,393,411,804
2018-11-03T00:15:00+09:00,J2,538,499,1037
2018-11-03T00:15:00+09:00,J3,337,297,634
2018-11-03T00:15:00+09:00,J4,461,454,915
2018-11-03T00:15:00+09:00,J5,235,271,506
2018-11-03T00:30:00+09:00,J1,363,308,671
2018-11-03T00:30:00+09:00,J2,508,411,919
2018-11-03T00:30:00+09:00,J3,336,248,584
2018-11-03T00:30:00+09:00,J4,298,341,639
2018-11-03T00:30:00+09:00,J5,242,235,477
2018-11-03T00:45:00+09:00,J1,264,200,464
2018-11-03T00:45:00+09:00,J2,508,369,877
2018-11-03T00:45:00+09:00,J3,334,299,633
2018-11-03T00:45:00+09:00,J4,377,351,728
2018-11-03T00:45:00+09:00,J5,248,192,440
2018-11-03T05:45:00+09:00,J1,538,487,1025
2018-11-03T05:45:00+09:00,J2,258,298,556
2018-11-03T05:45:00+09:00,J3,526,439,965
2018-11-03T05:45:00+09:00,J4,513,617,1130
2018-11-03T05:45:00+09:00,J5,305,283,588
2018-11-03T06:00:00+09:00,J1,523,535,1058
2018-11-03T06:00:00+09:00,J2,367,286,653
2018-11-03T06:00:00+09:00,J3,454,378,832
2018-11-03T06:00:00+09:00,J4,450,495,945
2018-11-03T06:00:00+09:00,J5,247,217,464
2018-11-03T06:15:00+09:00,J1,543,639,1182
2018-11-03T06:15:00+09:00,J2,433,385,818
2018-11-03T06:15:00+09:00,J3,414,355,769
2018-11-03T06:15:00+09:00,J4,517,596,1113
2018-11-03T06:15:00+09:00,J5,246,206,452
2018-11-03T06:30:00+09:00,J1,634,670,1304
2018-11-03T06:30:00+09:00,J2,439,395,834
2018-11-03T06:30:00+09:00,J3,434,319,753
2018-11-03T06:30:00+09:00,J4,540,636,1176
2018-11-03T06:30:00+09:00,J5,270,200,470
2018-11-03T06:45:00+09:00,J1,631,580,1211
2018-11-03T06:45:00+09:00,J2,463,373,836
2018-11-03T06:45:00+09:00,J3,445,347,792
2018-11-03T06:45:00+09:00,J4,601,639,1240
2018-11-03T06:45:00+09:00,J5,349,322,671
2018-11-03T07:00:00+09:00,J1,644,575,1219
2018-11-03T07:00:00+09:00,J2,320,320,640
2018-11-03T07:00:00+09:00,J3,657,572,1229
2018-11-03T07:00:00+09:00,J4,633,685,1318
2018-11-03T07:00:00+09:00,J5,471,414,885
2018-11-03T07:15:00+09:00,J1,612,724,1336
2018-11-03T07:15:00+09:00,J2,356,269,625
2018-11-03T07:15:00+09:00,J3,707,662,1369
2018-11-03T07:15:00+09:00,J4,656,724,1380
2018-11-03T07:15:00+09:00,J5,461,501,962
2018-11-03T07:30:00+09:00,J1,696,719,1415
2018-11-03T07:30:00+09:00,J2,426,312,738
2018-11-03T07:30:00+09:00,J3,608,545,1153
2018-11-03T07:30:00+09:00,J4,733,724,1457
2018-11-03T07:30:00+09:00,J5,423,458,881
2018-11-03T07:45:00+09:00,J1,704,651,1355
2018-11-03T07:45:00+09:00,J2,439,357,796
2018-11-03T07:45:00+09:00,J3,614,523,1137
2018-11-03T07:45:00+09:00,J4,668,738,1406
2018-11-03T07:45:00+09:00,J5,448,419,867
2018-11-03T08:00:00+09:00,J1,1035,1009,2044
2018-11-03T08:00:00+09:00,J2,566,555,1121
2018-11-03T08:00:00+09:00,J3,692,610,1302
2018-11-03T08:00:00+09:00,J4,720,809,1529
2018-11-03T08:00:00+09:00,J5,407,363,770
2018-11-03T08:15:00+09:00,J1,1076,1000,2076
2018-11-03T08:15:00+09:00,J2,622,480,1102
2018-11-03T08:15:00+09:00,J3,751,742,1493
2018-11-03T08:15:00+09:00,J4,789,841,1630
2018-11-03T08:15:00+09:00,J5,442,388,830
2018-11-03T08:30:00+09:00,J1,962,901,1863
2018-11-03T08:30:00+09:00,J2,566,395,961
2018-11-03T08:30:00+09:00,J3,732,697,1429
2018-11-03T08:30:00+09:00,J4,860,889,1749
2018-11-03T08:30:00+09:00,J5,458,396,854
2018-11-03T08:45:00+09:00,J1,927,929,1856
2018-11-03T08:45:00+09:00,J2,442,335,777
2018-11-03T08:45:00+09:00,J3,601,553,1154
2018-11-03T08:45:00+09:00,J4,695,708,1403
2018-11-03T08:45:00+09:00,J5,354,339,693
2018-11-03T09:00:00+09:00,J1,833,756,1589
2018-11-03T09:00:00+09:00,J2,484,335,819
2018-11-03T09:00:00+09:00,J3,637,567,1204
2018-11-03T09:00:00+09:00,J4,742,806,1548
2018-11-03T09:00:00+09:00,J5,361,403,764
2018-11-03T09:15:00+09:00,J1,859,821,1680
2018-11-03T09:15:00+09:00,J2,503,455,958
2018-11-03T09:15:00+09:00,J3,631,521,1152
2018-11-03T09:15:00+09:00,J4,632,688,1320
2018-11-03T09:15:00+09:00,J5,368,434,802
2018-11-03T09:30:00+09:00,J1,723,708,1431
2018-11-03T09:30:00+09:00,J2,513,564,1077
2018-11-03T09:30:00+09:00,J3,664,591,1255
2018-11-03T09:30:00+09:00,J4,690,708,1398
2018-11-03T09:30:00+09:00,J5,435,460,895
2018-11-03T09:45:00+09:00,J1,760,739,1499
2018-11-03T09:45:00+09:00,J2,595,491,1086
2018-11-03T09:45:00+09:00,J3,679,627,1306
2018-11-03T09:45:00+09:00,J4,646,692,1338
2018-11-03T09:45:00+09:00,J5,481,528,1009
2018-11-03T10:00:00+09:00,J1,807,712,1519
2018-11-03T10:00:00+09:00,J2,654,610,1264
2018-11-03T10:00:00+09:00,J3,706,671,1377
2018-11-03T10:00:00+09:00,J4,687,728,1415
2018-11-03T10:00:00+09:00,J5,506,540,1046
2018-11-03T10:15:00+09:00,J1,852,721,1573
2018-11-03T10:15:00+09:00,J2,757,618,1375
2018-11-03T10:15:00+09:00,J3,766,752,1518
2018-11-03T10:15:00+09:00,J4,705,724,1429
2018-11-03T10:15:00+09:00,J5,369,380,749
2018-11-03T10:30:00+09:00,J1,873,789,1662
2018-11-03T10:30:00+09:00,J2,812,701,1513
2018-11-03T10:30:00+09:00,J3,762,821,1583
2018-11-03T10:30:00+09:00,J4,735,761,1496
2018-11-03T10:30:00+09:00,J5,292,327,619
2018-11-03T10:45:00+09:00,J1,855,787,1642
2018-11-03T10:45:00+09:00,J2,705,645,1350
2018-11-03T10:45:00+09:00,J3,780,750,1530
2018-11-03T10:45:00+09:00,J4,701,799,1500
2018-11-03T10:45:00+09:00,J5,228,180,408
2018-11-03T11:00:00+09:00,J1,957,882,1839
2018-11-03T11:00:00+09:00,J2,711,555,1266
2018-11-03T11:00:00+09:00,J3,675,562,1237
2018-11-03T11:00:00+09:00,J4,729,773,1502
2018-11-03T11:00:00+09:00,J5,226,228,454
2018-11-03T11:15:00+09:00,J1,846,887,1733
2018-11-03T11:15:00+09:00,J2,628,508,1136
2018-11-03T11:15:00+09:00,J3,569,576,1145
2018-11-03T11:15:00+09:00,J4,867,898,1765
2018-11-03T11:15:00+09:00,J5,260,205,465
2018-11-03T11:30:00+09:00,J1,853,777,1630
2018-11-03T11:30:00+09:00,J2,633,534,1167
2018-11-03T11:30:00+09:00,J3,534,483,1017
2018-11-03T11:30:00+09:00,J4,1000,852,1852
2018-11-03T11:30:00+09:00,J5,289,198,487
2018-11-03T11:45:00+09:00,J1,735,776,1511
2018-11-03T11:45:00+09:00,J2,626,533,1159
2018-11-03T11:45:00+09:00,J3,476,457,933
2018-11-03T11:45:00+09:00,J4,924,810,1734
2018-11-03T11:45:00+09:00,J5,213,239,452
2018-11-03T12:00:00+09:00,J1,716,800,1516
2018-11-03T12:00:00+09:00,J2,571,554,1125
2018-11-03T12:00:00+09:00,J3,469,428,897
2018-11-03T12:00:00+09:00,J4,816,780,1596
2018-11-03T12:00:00+09:00,J5,249,246,495
2018-11-03T12:15:00+09:00,J1,730,859,1589
2018-11-03T12:15:00+09:00,J2,506,544,1050
2018-11-03T12:15:00+09:00,J3,472,438,910
2018-11-03T12:15:00+09:00,J4,739,753,1492
2018-11-03T12:15:00+09:00,J5,242,238,480
2018-11-03T12:30:00+09:00,J1,767,867,1634
2018-11-03T12:30:00+09:00,J2,557,558,1115
2018-11-03T12:30:00+09:00,J3,566,466,1032
2018-11-03T12:30:00+09:00,J4,731,837,1568
2018-11-03T12:30:00+09:00,J5,255,219,474
2018-11-03T12:45:00+09:00,J1,753,795,1548
2018-11-03T12:45:00+09:00,J2,542,614,1156
2018-11-03T12:45:00+09:00,J3,645,451,1096
2018-11-03T12:45:00+09:00,J4,747,740,1487
2018-11-03T12:45:00+09:00,J5,272,234,506
2018-11-03T13:00:00+09:00,J1,754,813,1567
2018-11-03T13:00:00+09:00,J2,589,617,1206
2018-11-03T13:00:00+09:00,J3,665,611,1276
2018-11-03T13:00:00+09:00,J4,697,766,1463
2018-11-03T13:00:00+09:00,J5,220,201,421
2018-11-03T13:15:00+09:00,J1,724,864,1588
2018-11-03T13:15:00+09:00,J2,584,590,1174
2018-11-03T13:15:00+09:00,J3,673,494,1167
2018-11-03T13:15:00+09:00,J4,639,732,1371
2018-11-03T13:15:00+09:00,J5,251,220,471
2018-11-03T13:30:00+09:00,J1,763,817,1580
2018-11-03T13:30:00+09:00,J2,582,591,1173
2018-11-03T13:30:00+09:00,J3,725,558,1283
2018-11-03T13:30:00+09:00,J4,661,759,1420
2018-11-03T13:30:00+09:00,J5,242,216,458
2018-11-03T13:45:00+09:00,J1,715,822,1537
2018-11-03T13:45:00+09:00,J2,602,606,1208
2018-11-03T13:45:00+09:00,J3,735,549,1284
2018-11-03T13:45:00+09:00,J4,601,669,1270
2018-11-03T13:45:00+09:00,J5,273,220,493
2018-11-03T14:00:00+09:00,J1,710,802,1512
2018-11-03T14:00:00+09:00,J2,621,601,1222
2018-11-03T14:00:00+09:00,J3,636,524,1160
2018-11-03T14:00:00+09:00,J4,598,689,1287
2018-11-03T14:00:00+09:00,J5,256,217,473
2018-11-03T14:15:00+09:00,J1,734,852,1586
2018-11-03T14:15:00+09:00,J2,600,555,1155
2018-11-03T14:15:00+09:00,J3,665,578,1243
2018-11-03T14:15:00+09:00,J4,577,678,1255
2018-11-03T14:15:00+09:00,J5,271,239,510
2018-11-03T14:30:00+09:00,J1,712,898,1610
2018-11-03T14:30:00+09:00,J2,542,531,1073
2018-11-03T14:30:00+09:00,J3,640,549,1189
2018-11-03T14:30:00+09:00,J4,586,655,1241
2018-11-03T14:30:00+09:00,J5,302,229,531
2018-11-03T14:45:00+09:00,J1,765,930,1695
2018-11-03T14:45:00+09:00,J2,549,518,1067
2018-11-03T14:45:00+09:00,J3,706,553,1259
2018-11-03T14:45:00+09:00,J4,607,746,1353
2018-11-03T14:45:00+09:00,J5,281,217,498
2018-11-03T15:00:00+09:00,J1,814,893,1707
2018-11-03T15:00:00+09:00,J2,559,506,1065
2018-11-03T15:00:00+09:00,J3,777,622,1399
2018-11-03T15:00:00+09:00,J4,644,649,1293
2018-11-03T15:00:00+09:00,J5,289,249,538
2018-11-03T15:15:00+09:00,J1,790,923,1713
2018-11-03T15:15:00+09:00,J2,584,590,1174
2018-11-03T15:15:00+09:00,J3,766,599,1365
2018-11-03T15:15:00+09:00,J4,588,705,1293
2018-11-03T15:15:00+09:00,J5,261,239,500
2018-11-03T15:30:00+09:00,J1,783,951,1734
2018-11-03T15:30:00+09:00,J2,551,536,1087
2018-11-03T15:30:00+09:00,J3,805,610,1415
2018-11-03T15:30:00+09:00,J4,650,677,1327
2018-11-03T15:30:00+09:00,J5,327,218,545
2018-11-03T15:45:00+09:00,J1,769,901,1670
2018-11-03T15:45:00+09:00,J2,533,532,1065
2018-11-03T15:45:00+09:00,J3,752,574,1326
2018-11-03T15:45:00+09:00,J4,659,705,1364
2018-11-03T15:45:00+09:00,J5,312,276,588
2018-11-03T16:00:00+09:00,J1,733,925,1658
2018-11-03T16:00:00+09:00,J2,550,565,1115
2018-11-03T16:00:00+09:00,J3,721,556,1277
2018-11-03T16:00:00+09:00,J4,709,777,1486
2018-11-03T16:00:00+09:00,J5,272,243,515
2018-11-03T16:15:00+09:00,J1,783,873,1656
2018-11-03T16:15:00+09:00,J2,545,508,1053
2018-11-03T16:15:00+09:00,J3,777,660,1437
2018-11-03T16:15:00+09:00,J4,706,713,1419
2018-11-03T16:15:00+09:00,J5,269,223,492
2018-11-03T16:30:00+09:00,J1,786,988,1774
2018-11-03T16:30:00+09:00,J2,534,508,1042
2018-11-03T16:30:00+09:00,J3,833,686,1519
2018-11-03T16:30:00+09:00,J4,625,707,1332
2018-11-03T16:30:00+09:00,J5,329,257,586
2018-11-03T16:45:00+09:00,J1,831,943,1774
2018-11-03T16:45:00+09:00,J2,511,596,1107
2018-11-03T16:45:00+09:00,J3,734,657,1391
2018-11-03T16:45:00+09:00,J4,697,721,1418
2018-11-03T16:45:00+09:00,J5,289,257,546
2018-11-03T17:00:00+09:00,J1,909,1003,1912
2018-11-03T17:00:00+09:00,J2,590,623,1213
2018-11-03T17:00:00+09:00,J3,883,685,1568
2018-11-03T17:00:00+09:00,J4,694,611,1305
2018-11-03T17:00:00+09:00,J5,311,239,550
2018-11-03T17:15:00+09:00,J1,981,1017,1998
2018-11-03T17:15:00+09:00,J2,628,506,1134
2018-11-03T17:15:00+09:00,J3,799,709,1508
2018-11-03T17:15:00+09:00,J4,665,549,1214
2018-11-03T17:15:00+09:00,J5,336,304,640
2018-11-03T17:30:00+09:00,J1,872,1011,1883
2018-11-03T17:30:00+09:00,J2,578,530,1108
2018-11-03T17:30:00+09:00,J3,763,660,1423
2018-11-03T17:30:00+09:00,J4,679,621,1300
2018-11-03T17:30:00+09:00,J5,333,241,574
2018-11-03T17:45:00+09:00,J1,853,923,1776
2018-11-03T17:45:00+09:00,J2,521,506,1027
2018-11-03T17:45:00+09:00,J3,746,592,1338
2018-11-03T17:45:00+09:00,J4,687,613,1300
2018-11-03T17:45:00+09:00,J5,349,251,600
2018-11-03T18:00:00+09:00,J1,907,903,1810
2018-11-03T18:00:00+09:00,J2,578,485,1063
2018-11-03T18:00:00+09:00,J3,718,557,1275
2018-11-03T18:00:00+09:00,J4,747,652,1399
2018-11-03T18:00:00+09:00,J5,288,236,524
2018-11-03T18:15:00+09:00,J1,785,938,1723
2018-11-03T18:15:00+09:00,J2,507,556,1063
2018-11-03T18:15:00+09:00,J3,766,575,1341
2018-11-03T18:15:00+09:00,J4,717,712,1429
2018-11-03T18:15:00+09:00,J5,317,257,574
2018-11-03T18:30:00+09:00,J1,766,790,1556
2018-11-03T18:30:00+09:00,J2,535,511,1046
2018-11-03T18:30:00+09:00,J3,623,498,1121
2018-11-03T18:30:00+09:00,J4,692,658,1350
2018-11-03T18:30:00+09:00,J5,298,284,582
2018-11-03T18:45:00+09:00,J1,729,712,1441
2018-11-03T18:45:00+09:00,J2,513,501,1014
2018-11-03T18:45:00+09:00,J3,617,488,1105
2018-11-03T18:45:00+09:00,J4,641,642,1283
2018-11-03T18:45:00+09:00,J5,269,278,547
2018-11-03T19:00:00+09:00,J1,614,712,1326
2018-11-03T19:00:00+09:00,J2,452,444,896
2018-11-03T19:00:00+09:00,J3,583,472,1055
2018-11-03T19:00:00+09:00,J4,630,596,1226
2018-11-03T19:00:00+09:00,J5,324,248,572
2018-11-03T19:15:00+09:00,J1,576,694,1270
2018-11-03T19:15:00+09:00,J2,415,458,873
2018-11-03T19:15:00+09:00,J3,537,491,1028
2018-11-03T19:15:00+09:00,J4,675,741,1416
2018-11-03T19:15:00+09:00,J5,280,265,545
2018-11-03T19:30:00+09:00,J1,594,659,1253
2018-11-03T19:30:00+09:00,J2,396,474,870
2018-11-03T19:30:00+09:00,J3,477,428,905
2018-11-03T19:30:00+09:00,J4,737,696,1433
2018-11-03T19:30:00+09:00,J5,301,244,545
2018-11-03T19:45:00+09:00,J1,614,663,1277
2018-11-03T19:45:00+09:00,J2,462,459,921
2018-11-03T19:45:00+09:00,J3,433,468,901
2018-11-03T19:45:00+09:00,J4,860,860,1720
2018-11-03T19:45:00+09:00,J5,312,277,589
2018-11-03T20:00:00+09:00,J1,606,694,1300
2018-11-03T20:00:00+09:00,J2,540,499,1039
2018-11-03T20:00:00+09:00,J3,505,446,951
2018-11-03T20:00:00+09:00,J4,834,820,1654
2018-11-03T20:00:00+09:00,J5,286,236,522
2018-11-03T20:15:00+09:00,J1,636,673,1309
2018-11-03T20:15:00+09:00,J2,451,466,917
2018-11-03T20:15:00+09:00,J3,502,481,983
2018-11-03T20:15:00+09:00,J4,820,801,1621
2018-11-03T20:15:00+09:00,J5,291,254,545
2018-11-03T20:30:00+09:00,J1,656,706,1362
2018-11-03T20:30:00+09:00,J2,397,453,850
2018-11-03T20:30:00+09:00,J3,537,466,1003
2018-11-03T20:30:00+09:00,J4,888,827,1715
2018-11-03T20:30:00+09:00,J5,255,164,419
2018-11-03T20:45:00+09:00,J1,693,730,1423
2018-11-03T20:45:00+09:00,J2,533,527,1060
2018-11-03T20:45:00+09:00,J3,518,523,1041
2018-11-03T20:45:00+09:00,J4,910,785,1695
2018-11-03T20:45:00+09:00,J5,211,201,412
2018-11-03T21:00:00+09:00,J1,747,801,1548
2018-11-03T21:00:00+09:00,J2,474,481,955
2018-11-03T21:00:00+09:00,J3,555,451,1006
2018-11-03T21:00:00+09:00,J4,911,977,1888
2018-11-03T21:00:00+09:00,J5,220,189,409
2018-11-03T21:15:00+09:00,J1,723,766,1489
2018-11-03T21:15:00+09:00,J2,380,443,823
2018-11-03T21:15:00+09:00,J3,569,461,1030
2018-11-03T21:15:00+09:00,J4,973,933,1906
2018-11-03T21:15:00+09:00,J5,193,168,361
2018-11-03T21:30:00+09:00,J1,718,819,1537
2018-11-03T21:30:00+09:00,J2,383,443,826
2018-11-03T21:30:00+09:00,J3,595,582,1177
2018-11-03T21:30:00+09:00,J4,940,903,1843
2018-11-03T21:30:00+09:00,J5,199,202,401
2018-11-03T21:45:00+09:00,J1,737,767,1504
2018-11-03T21:45:00+09:00,J2,369,387,756
2018-11-03T21:45:00+09:00,J3,568,554,1122
2018-11-03T21:45:00+09:00,J4,860,848,1708
2018-11-03T21:45:00+09:00,J5,261,233,494
2018-11-03T22:00:00+09:00,J1,654,739,1393
2018-11-03T22:00:00+09:00,J2,409,391,800
2018-11-03T22:00:00+09:00,J3,580,611,1191
2018-11-03T22:00:00+09:00,J4,878,929,1807
2018-11-03T22:00:00+09:00,J5,258,225,483
2018-11-03T22:15:00+09:00,J1,713,706,1419
2018-11-03T22:15:00+09:00,J2,423,429,852
2018-11-03T22:15:00+09:00,J3,612,626,1238
2018-11-03T22:15:00+09:00,J4,898,901,1799
2018-11-03T22:15:00+09:00,J5,321,364,685
2018-11-03T22:30:00+09:00,J1,695,705,1400
2018-11-03T22:30:00+09:00,J2,579,498,1077
2018-11-03T22:30:00+09:00,J3,645,675,1320
2018-11-03T22:30:00+09:00,J4,877,912,1789
2018-11-03T22:30:00+09:00,J5,409,415,824
2018-11-03T22:45:00+09:00,J1,672,764,1436
2018-11-03T22:45:00+09:00,J2,577,553,1130
2018-11-03T22:45:00+09:00,J3,695,654,1349
2018-11-03T22:45:00+09:00,J4,867,822,1689
2018-11-03T22:45:00+09:00,J5,452,498,950
2018-11-03T23:00:00+09:00,J1,610,733,1343
2018-11-03T23:00:00+09:00,J2,401,418,819
2018-11-03T23:00:00+09:00,J3,616,659,1275
2018-11-03T23:00:00+09:00,J4,896,869,1765
2018-11-03T23:00:00+09:00,J5,433,435,868
2018-11-03T23:15:00+09:00,J1,623,706,1329
2018-11-03T23:15:00+09:00,J2,428,423,851
2018-11-03T23:15:00+09:00,J3,612,632,1244
2018-11-03T23:15:00+09:00,J4,907,928,1835
2018-11-03T23:15:00+09:00,J5,398,446,844
2018-11-03T23:30:00+09:00,J1,563,652,1215
2018-11-03T23:30:00+09:00,J2,430,488,918
2018-11-03T23:30:00+09:00,J3,590,657,1247
2018-11-03T23:30:00+09:00,J4,751,758,1509
2018-11-03T23:30:00+09:00,J5,441,477,918
2018-11-03T23:45:00+09:00,J1,611,711,1322
2018-11-03T23:45:00+09:00,J2,431,448,879
2018-11-03T23:45:00+09:00,J3,630,613,1243
2018-11-03T23:45:00+09:00,J4,762,791,1553
2018-11-03T23:45:00+09:00,J5,429,464,893
2018-11-04T00:00:00+09:00,J1,528,459,987
2018-11-04T00:00:00+09:00,J2,516,540,1056
2018-11-04T00:00:00+09:00,J3,618,585,1203
2018-11-04T00:00:00+09:00,J4,742,730,1472
2018-11-04T00:00:00+09:00,J5,337,404,741
2018-11-04T00:15:00+09:00,J1,318,254,572
2018-11-04T00:15:00+09:00,J2,552,548,1100
2018-11-04T00:15:00+09:00,J3,378,368,746
2018-11-04T00:15:00+09:00,J4,602,574,1176
2018-11-04T00:15:00+09:00,J5,265,264,529
2018-11-04T00:30:00+09:00,J1,185,249,434
2018-11-04T00:30:00+09:00,J2,487,490,977
2018-11-04T00:30:00+09:00,J3,271,259,530
2018-11-04T00:30:00+09:00,J4,406,399,805
2018-11-04T00:30:00+09:00,J5,289,287,576
2018-11-04T00:45:00+09:00,J1,320,332,652
2018-11-04T00:45:00+09:00,J2,480,456,936
2018-11-04T00:45:00+09:00,J3,264,266,530
2018-11-04T00:45:00+09:00,J4,464,476,940
2018-11-04T00:45:00+09:00,J5,276,275,551
2018-11-04T05:45:00+09:00,J1,278,361,639
2018-11-04T05:45:00+09:00,J2,291,256,547
2018-11-04T05:45:00+09:00,J3,392,288,680
2018-11-04T05:45:00+09:00,J4,729,662,1391
2018-11-04T05:45:00+09:00,J5,231,181,412
2018-11-04T06:00:00+09:00,J1,312,380,692
2018-11-04T06:00:00+09:00,J2,498,390,888
2018-11-04T06:00:00+09:00,J3,359,320,679
2018-11-04T06:00:00+09:00,J4,704,693,1397
2018-11-04T06:00:00+09:00,J5,256,236,492
2018-11-04T06:15:00+09:00,J1,492,491,983
2018-11-04T06:15:00+09:00,J2,533,506,1039
2018-11-04T06:15:00+09:00,J3,398,400,798
2018-11-04T06:15:00+09:00,J4,735,694,1429
2018-11-04T06:15:00+09:00,J5,312,329,641
2018-11-04T06:30:00+09:00,J1,519,552,1071
2018-11-04T06:30:00+09:00,J2,475,427,902
2018-11-04T06:30:00+09:00,J3,374,347,721
2018-11-04T06:30:00+09:00,J4,539,589,1128
2018-11-04T06:30:00+09:00,J5,342,300,642
2018-11-04T06:45:00+09:00,J1,606,638,1244
2018-11-04T06:45:00+09:00,J2,419,401,820
2018-11-04T06:45:00+09:00,J3,502,402,904
2018-11-04T06:45:00+09:00,J4,486,604,1090
2018-11-04T06:45:00+09:00,J5,350,338,688
2018-11-04T07:00:00+09:00,J1,582,541,1123
2018-11-04T07:00:00+09:00,J2,342,287,629
2018-11-04T07:00:00+09:00,J3,731,662,1393
2018-11-04T07:00:00+09:00,J4,692,797,1489
2018-11-04T07:00:00+09:00,J5,440,388,828
2018-11-04T07:15:00+09:00,J1,654,621,1275
2018-11-04T07:15:00+09:00,J2,469,376,845
2018-11-04T07:15:00+09:00,J3,706,700,1406
2018-11-04T07:15:00+09:00,J4,641,713,1354
2018-11-04T07:15:00+09:00,J5,476,482,958
2018-11-04T07:30:00+09:00,J1,665,675,1340
2018-11-04T07:30:00+09:00,J2,428,343,771
2018-11-04T07:30:00+09:00,J3,699,731,1430
2018-11-04T07:30:00+09:00,J4,708,810,1518
2018-11-04T07:30:00+09:00,J5,467,447,914
2018-11-04T07:45:00+09:00,J1,672,664,1336
2018-11-04T07:45:00+09:00,J2,403,332,735
2018-11-04T07:45:00+09:00,J3,753,703,1456
2018-11-04T07:45:00+09:00,J4,660,711,1371
2018-11-04T07:45:00+09:00,J5,474,408,882
2018-11-04T08:00:00+09:00,J1,939,947,1886
2018-11-04T08:00:00+09:00,J2,604,590,1194
2018-11-04T08:00:00+09:00,J3,794,712,1506
2018-11-04T08:00:00+09:00,J4,738,764,1502
2018-11-04T08:00:00+09:00,J5,436,456,892
2018-11-04T08:15:00+09:00,J1,981,876,1857
2018-11-04T08:15:00+09:00,J2,557,511,1068
2018-11-04T08:15:00+09:00,J3,684,643,1327
2018-11-04T08:15:00+09:00,J4,727,806,1533
2018-11-04T08:15:00+09:00,J5,382,456,838
2018-11-04T08:30:00+09:00,J1,1023,837,1860
2018-11-04T08:30:00+09:00,J2,565,408,973
2018-11-04T08:30:00+09:00,J3,635,608,1243
2018-11-04T08:30:00+09:00,J4,807,818,1625
2018-11-04T08:30:00+09:00,J5,419,346,765
2018-11-04T08:45:00+09:00,J1,771,666,1437
2018-11-04T08:45:00+09:00,J2,490,375,865
2018-11-04T08:45:00+09:00,J3,597,493,1090
2018-11-04T08:45:00+09:00,J4,600,668,1268
2018-11-04T08:45:00+09:00,J5,335,320,655
2018-11-04T09:00:00+09:00,J1,585,566,1151
2018-11-04T09:00:00+09:00,J2,440,399,839
2018-11-04T09:00:00+09:00,J3,619,535,1154
2018-11-04T09:00:00+09:00,J4,705,808,1513
2018-11-04T09:00:00+09:00,J5,409,402,811
2018-11-04T09:15:00+09:00,J1,649,621,1270
2018-11-04T09:15:00+09:00,J2,487,437,924
2018-11-04T09:15:00+09:00,J3,606,583,1189
2018-11-04T09:15:00+09:00,J4,843,873,1716
2018-11-04T09:15:00+09:00,J5,373,461,834
2018-11-04T09:30:00+09:00,J1,572,482,1054
2018-11-04T09:30:00+09:00,J2,600,521,1121
2018-11-04T09:30:00+09:00,J3,664,614,1278
2018-11-04T09:30:00+09:00,J4,684,788,1472
2018-11-04T09:30:00+09:00,J5,524,564,1088
2018-11-04T09:45:00+09:00,J1,551,508,1059
2018-11-04T09:45:00+09:00,J2,677,562,1239
2018-11-04T09:45:00+09:00,J3,652,577,1229
2018-11-04T09:45:00+09:00,J4,588,624,1212
2018-11-04T09:45:00+09:00,J5,481,504,985
2018-11-04T10:00:00+09:00,J1,537,494,1031
2018-11-04T10:00:00+09:00,J2,651,591,1242
2018-11-04T10:00:00+09:00,J3,632,522,1154
2018-11-04T10:00:00+09:00,J4,634,607,1241
2018-11-04T10:00:00+09:00,J5,471,485,956
2018-11-04T10:15:00+09:00,J1,576,475,1051
2018-11-04T10:15:00+09:00,J2,740,674,1414
2018-11-04T10:15:00+09:00,J3,680,638,1318
2018-11-04T10:15:00+09:00,J4,654,722,1376
2018-11-04T10:15:00+09:00,J5,401,428,829
2018-11-04T10:30:00+09:00,J1,576,598,1174
2018-11-04T10:30:00+09:00,J2,761,657,1418
2018-11-04T10:30:00+09:00,J3,758,739,1497
2018-11-04T10:30:00+09:00,J4,814,762,1576
2018-11-04T10:30:00+09:00,J5,261,230,491
2018-11-04T10:45:00+09:00,J1,542,547,1089
2018-11-04T10:45:00+09:00,J2,715,562,1277
2018-11-04T10:45:00+09:00,J3,746,713,1459
2018-11-04T10:45:00+09:00,J4,817,812,1629
2018-11-04T10:45:00+09:00,J5,207,208,415
2018-11-04T11:00:00+09:00,J1,559,585,1144
2018-11-04T11:00:00+09:00,J2,621,498,1119
2018-11-04T11:00:00+09:00,J3,534,502,1036
2018-11-04T11:00:00+09:00,J4,767,805,1572
2018-11-04T11:00:00+09:00,J5,239,211,450
2018-11-04T11:15:00+09:00,J1,552,608,1160
2018-11-04T11:15:00+09:00,J2,571,500,1071
2018-11-04T11:15:00+09:00,J3,495,449,944
2018-11-04T11:15:00+09:00,J4,890,886,1776
2018-11-04T11:15:00+09:00,J5,209,229,438
2018-11-04T11:30:00+09:00,J1,595,603,1198
2018-11-04T11:30:00+09:00,J2,498,514,1012
2018-11-04T11:30:00+09:00,J3,378,356,734
2018-11-04T11:30:00+09:00,J4,859,871,1730
2018-11-04T11:30:00+09:00,J5,246,208,454
2018-11-04T11:45:00+09:00,J1,583,611,1194
2018-11-04T11:45:00+09:00,J2,580,581,1161
2018-11-04T11:45:00+09:00,J3,401,370,771
2018-11-04T11:45:00+09:00,J4,767,759,1526
2018-11-04T11:45:00+09:00,J5,230,213,443
2018-11-04T12:00:00+09:00,J1,564,554,1118
2018-11-04T12:00:00+09:00,J2,535,574,1109
2018-11-04T12:00:00+09:00,J3,405,385,790
2018-11-04T12:00:00+09:00,J4,771,804,1575
2018-11-04T12:00:00+09:00,J5,246,217,463
2018-11-04T12:15:00+09:00,J1,526,588,1114
2018-11-04T12:15:00+09:00,J2,474,536,1010
2018-11-04T12:15:00+09:00,J3,444,391,835
2018-11-04T12:15:00+09:00,J4,666,762,1428
2018-11-04T12:15:00+09:00,J5,194,192,386
2018-11-04T12:30:00+09:00,J1,525,529,1054
2018-11-04T12:30:00+09:00,J2,494,544,1038
2018-11-04T12:30:00+09:00,J3,495,424,919
2018-11-04T12:30:00+09:00,J4,709,738,1447
2018-11-04T12:30:00+09:00,J5,260,224,484
2018-11-04T12:45:00+09:00,J1,539,571,1110
2018-11-04T12:45:00+09:00,J2,441,538,979
2018-11-04T12:45:00+09:00,J3,503,405,908
2018-11-04T12:45:00+09:00,J4,738,753,1491
2018-11-04T12:45:00+09:00,J5,258,191,449
2018-11-04T13:00:00+09:00,J1,494,606,1100
2018-11-04T13:00:00+09:00,J2,518,458,976
2018-11-04T13:00:00+09:00,J3,583,444,1027
2018-11-04T13:00:00+09:00,J4,632,652,1284
2018-11-04T13:00:00+09:00,J5,215,192,407
2018-11-04T13:15:00+09:00,J1,540,600,1140
2018-11-04T13:15:00+09:00,J2,405,433,838
2018-11-04T13:15:00+09:00,J3,570,469,1039
2018-11-04T13:15:00+09:00,J4,641,664,1305
2018-11-04T13:15:00+09:00,J5,311,272,583
2018-11-04T13:30:00+09:00,J1,573,621,1194
2018-11-04T13:30:00+09:00,J2,495,424,919
2018-11-04T13:30:00+09:00,J3,559,447,1006
2018-11-04T13:30:00+09:00,J4,523,624,1147
2018-11-04T13:30:00+09:00,J5,262,199,461
2018-11-04T13:45:00+09:00,J1,574,644,1218
2018-11-04T13:45:00+09:00,J2,523,503,1026
2018-11-04T13:45:00+09:00,J3,584,503,1087
2018-11-04T13:45:00+09:00,J4,611,611,1222
2018-11-04T13:45:00+09:00,J5,268,227,495
2018-11-04T14:00:00+09:00,J1,598,666,1264
2018-11-04T14:00:00+09:00,J2,449,462,911
2018-11-04T14:00:00+09:00,J3,599,519,1118
2018-11-04T14:00:00+09:00,J4,669,672,1341
2018-11-04T14:00:00+09:00,J5,272,244,516
2018-11-04T14:15:00+09:00,J1,596,618,1214
2018-11-04T14:15:00+09:00,J2,479,417,896
2018-11-04T14:15:00+09:00,J3,579,526,1105
2018-11-04T14:15:00+09:00,J4,617,598,1215
2018-11-04T14:15:00+09:00,J5,255,246,501
2018-11-04T14:30:00+09:00,J1,545,647,1192
2018-11-04T14:30:00+09:00,J2,556,440,996
2018-11-04T14:30:00+09:00,J3,602,572,1174
2018-11-04T14:30:00+09:00,J4,610,560,1170
2018-11-04T14:30:00+09:00,J5,299,287,586
2018-11-04T14:45:00+09:00,J1,557,647,1204
2018-11-04T14:45:00+09:00,J2,550,474,1024
2018-11-04T14:45:00+09:00,J3,597,594,1191
2018-11-04T14:45:00+09:00,J4,621,605,1226
2018-11-04T14:45:00+09:00,J5,295,241,536
2018-11-04T15:00:00+09:00,J1,544,642,1186
2018-11-04T15:00:00+09:00,J2,554,550,1104
2018-11-04T15:00:00+09:00,J3,546,615,1161
2018-11-04T15:00:00+09:00,J4,626,576,1202
2018-11-04T15:00:00+09:00,J5,327,278,605
2018-11-04T15:15:00+09:00,J1,665,752,1417
2018-11-04T15:15:00+09:00,J2,626,600,1226
2018-11-04T15:15:00+09:00,J3,697,641,1338
2018-11-04T15:15:00+09:00,J4,691,660,1351
2018-11-04T15:15:00+09:00,J5,323,233,556
2018-11-04T15:30:00+09:00,J1,626,654,1280
2018-11-04T15:30:00+09:00,J2,563,542,1105
2018-11-04T15:30:00+09:00,J3,665,639,1304
2018-11-04T15:30:00+09:00,J4,597,625,1222
2018-11-04T15:30:00+09:00,J5,296,321,617
2018-11-04T15:45:00+09:00,J1,608,711,1319
2018-11-04T15:45:00+09:00,J2,552,573,1125
2018-11-04T15:45:00+09:00,J3,652,663,1315
2018-11-04T15:45:00+09:00,J4,700,710,1410
2018-11-04T15:45:00+09:00,J5,331,298,629
2018-11-04T16:00:00+09:00,J1,576,661,1237
2018-11-04T16:00:00+09:00,J2,547,534,1081
2018-11-04T16:00:00+09:00,J3,679,645,1324
2018-11-04T16:00:00+09:00,J4,686,686,1372
2018-11-04T16:00:00+09:00,J5,320,264,584
2018-11-04T16:15:00+09:00,J1,578,720,1298
2018-11-04T16:15:00+09:00,J2,577,608,1185
2018-11-04T16:15:00+09:00,J3,641,642,1283
2018-11-04T16:15:00+09:00,J4,643,648,1291
2018-11-04T16:15:00+09:00,J5,264,233,497
2018-11-04T16:30:00+09:00,J1,552,656,1208
2018-11-04T16:30:00+09:00,J2,546,513,1059
2018-11-04T16:30:00+09:00,J3,675,635,1310
2018-11-04T16:30:00+09:00,J4,622,643,1265
2018-11-04T16:30:00+09:00,J5,310,248,558
2018-11-04T16:45:00+09:00,J1,580,647,1227
2018-11-04T16:45:00+09:00,J2,611,565,1176
2018-11-04T16:45:00+09:00,J3,651,674,1325
2018-11-04T16:45:00+09:00,J4,636,666,1302
2018-11-04T16:45:00+09:00,J5,312,272,584
2018-11-04T17:00:00+09:00,J1,554,714,1268
2018-11-04T17:00:00+09:00,J2,566,481,1047
2018-11-04T17:00:00+09:00,J3,708,699,1407
2018-11-04T17:00:00+09:00,J4,614,601,1215
2018-11-04T17:00:00+09:00,J5,264,241,505
2018-11-04T17:15:00+09:00,J1,611,740,1351
2018-11-04T17:15:00+09:00,J2,622,521,1143
2018-11-04T17:15:00+09:00,J3,731,689,1420
2018-11-04T17:15:00+09:00,J4,551,538,1089
2018-11-04T17:15:00+09:00,J5,280,276,556
2018-11-04T17:30:00+09:00,J1,598,701,1299
2018-11-04T17:30:00+09:00,J2,516,490,1006
2018-11-04T17:30:00+09:00,J3,680,637,1317
2018-11-04T17:30:00+09:00,J4,673,674,1347
2018-11-04T17:30:00+09:00,J5,288,264,552
2018-11-04T17:45:00+09:00,J1,574,695,1269
2018-11-04T17:45:00+09:00,J2,463,505,968
2018-11-04T17:45:00+09:00,J3,656,643,1299
2018-11-04T17:45:00+09:00,J4,658,725,1383
2018-11-04T17:45:00+09:00,J5,264,223,487
2018-11-04T18:00:00+09:00,J1,564,719,1283
2018-11-04T18:00:00+09:00,J2,411,455,866
2018-11-04T18:00:00+09:00,J3,591,640,1231
2018-11-04T18:00:00+09:00,J4,661,700,1361
2018-11-04T18:00:00+09:00,J5,302,259,561
2018-11-04T18:15:00+09:00,J1,558,713,1271
2018-11-04T18:15:00+09:00,J2,485,483,968
2018-11-04T18:15:00+09:00,J3,644,619,1263
2018-11-04T18:15:00+09:00,J4,717,696,1413
2018-11-04T18:15:00+09:00,J5,318,287,605
2018-11-04T18:30:00+09:00,J1,533,520,1053
2018-11-04T18:30:00+09:00,J2,448,399,847
2018-11-04T18:30:00+09:00,J3,562,515,1077
2018-11-04T18:30:00+09:00,J4,772,740,1512
2018-11-04T18:30:00+09:00,J5,267,221,488
2018-11-04T18:45:00+09:00,J1,506,573,1079
2018-11-04T18:45:00+09:00,J2,405,448,853
2018-11-04T18:45:00+09:00,J3,476,508,984
2018-11-04T18:45:00+09:00,J4,763,746,1509
2018-11-04T18:45:00+09:00,J5,272,229,501
2018-11-04T19:00:00+09:00,J1,483,507,990
2018-11-04T19:00:00+09:00,J2,386,413,799
2018-11-04T19:00:00+09:00,J3,473,494,967
2018-11-04T19:00:00+09:00,J4,824,839,1663
2018-11-04T19:00:00+09:00,J5,306,239,545
2018-11-04T19:15:00+09:00,J1,498,561,1059
2018-11-04T19:15:00+09:00,J2,415,461,876
2018-11-04T19:15:00+09:00,J3,496,442,938
2018-11-04T19:15:00+09:00,J4,960,873,1833
2018-11-04T19:15:00+09:00,J5,253,251,504
2018-11-04T19:30:00+09:00,J1,534,529,1063
2018-11-04T19:30:00+09:00,J2,340,444,784
2018-11-04T19:30:00+09:00,J3,485,474,959
2018-11-04T19:30:00+09:00,J4,854,826,1680
2018-11-04T19:30:00+09:00,J5,316,240,556
2018-11-04T19:45:00+09:00,J1,462,503,965
2018-11-04T19:45:00+09:00,J2,328,415,743
2018-11-04T19:45:00+09:00,J3,472,428,900
2018-11-04T19:45:00+09:00,J4,821,762,1583
2018-11-04T19:45:00+09:00,J5,302,227,529
2018-11-04T20:00:00+09:00,J1,446,526,972
2018-11-04T20:00:00+09:00,J2,359,535,894
2018-11-04T20:00:00+09:00,J3,409,409,818
2018-11-04T20:00:00+09:00,J4,842,805,1647
2018-11-04T20:00:00+09:00,J5,254,199,453
2018-11-04T20:15:00+09:00,J1,507,543,1050
2018-11-04T20:15:00+09:00,J2,331,405,736
2018-11-04T20:15:00+09:00,J3,421,414,835
2018-11-04T20:15:00+09:00,J4,806,783,1589
2018-11-04T20:15:00+09:00,J5,252,243,495
2018-11-04T20:30:00+09:00,J1,409,516,925
2018-11-04T20:30:00+09:00,J2,348,414,762
2018-11-04T20:30:00+09:00,J3,434,379,813
2018-11-04T20:30:00+09:00,J4,830,784,1614
2018-11-04T20:30:00+09:00,J5,255,230,485
2018-11-04T20:45:00+09:00,J1,465,598,1063
2018-11-04T20:45:00+09:00,J2,329,424,753
2018-11-04T20:45:00+09:00,J3,411,388,799
2018-11-04T20:45:00+09:00,J4,816,745,1561
2018-11-04T20:45:00+09:00,J5,238,234,472
2018-11-04T21:00:00+09:00,J1,516,555,1071
2018-11-04T21:00:00+09:00,J2,313,385,698
2018-11-04T21:00:00+09:00,J3,431,376,807
2018-11-04T21:00:00+09:00,J4,804,858,1662
2018-11-04T21:00:00+09:00,J5,239,192,431
2018-11-04T21:15:00+09:00,J1,536,566,1102
2018-11-04T21:15:00+09:00,J2,342,382,724
2018-11-04T21:15:00+09:00,J3,420,381,801
2018-11-04T21:15:00+09:00,J4,818,917,1735
2018-11-04T21:15:00+09:00,J5,241,175,416
2018-11-04T21:30:00+09:00,J1,483,536,1019
2018-11-04T21:30:00+09:00,J2,350,442,792
2018-11-04T21:30:00+09:00,J3,412,384,796
2018-11-04T21:30:00+09:00,J4,814,853,1667
2018-11-04T21:30:00+09:00,J5,264,185,449
2018-11-04T21:45:00+09:00,J1,411,492,903
2018-11-04T21:45:00+09:00,J2,314,422,736
2018-11-04T21:45:00+09:00,J3,393,340,733
2018-11-04T21:45:00+09:00,J4,857,798,1655
2018-11-04T21:45:00+09:00,J5,188,176,364
2018-11-04T22:00:00+09:00,J1,442,496,938
2018-11-04T22:00:00+09:00,J2,290,426,716
2018-11-04T22:00:00+09:00,J3,416,336,752
2018-11-04T22:00:00+09:00,J4,802,760,1562
2018-11-04T22:00:00+09:00,J5,182,143,325
2018-11-04T22:15:00+09:00,J1,450,508,958
2018-11-04T22:15:00+09:00,J2,275,395,670
2018-11-04T22:15:00+09:00,J3,457,367,824
2018-11-04T22:15:00+09:00,J4,731,739,1470
2018-11-04T22:15:00+09:00,J5,197,193,390
2018-11-04T22:30:00+09:00,J1,463,473,936
2018-11-04T22:30:00+09:00,J2,276,407,683
2018-11-04T22:30:00+09:00,J3,455,408,863
2018-11-04T22:30:00+09:00,J4,870,836,1706
2018-11-04T22:30:00+09:00,J5,253,250,503
2018-11-04T22:45:00+09:00,J1,414,459,873
2018-11-04T22:45:00+09:00,J2,308,371,679
2018-11-04T22:45:00+09:00,J3,547,522,1069
2018-11-04T22:45:00+09:00,J4,805,797,1602
2018-11-04T22:45:00+09:00,J5,339,329,668
2018-11-04T23:00:00+09:00,J1,403,414,817
2018-11-04T23:00:00+09:00,J2,328,347,675
2018-11-04T23:00:00+09:00,J3,540,484,1024
2018-11-04T23:00:00+09:00,J4,874,815,1689
2018-11-04T23:00:00+09:00,J5,380,387,767
2018-11-04T23:15:00+09:00,J1,428,442,870
2018-11-04T23:15:00+09:00,J2,335,383,718
2018-11-04T23:15:00+09:00,J3,623,611,1234
2018-11-04T23:15:00+09:00,J4,837,796,1633
2018-11-04T23:15:00+09:00,J5,435,407,842
2018-11-04T23:30:00+09:00,J1,364,387,751
2018-11-04T23:30:00+09:00,J2,237,391,628
2018-11-04T23:30:00+09:00,J3,502,486,988
2018-11-04T23:30:00+09:00,J4,786,753,1539
2018-11-04T23:30:00+09:00,J5,387,424,811
2018-11-04T23:45:00+09:00,J1,392,438,830
2018-11-04T23:45:00+09:00,J2,328,338,666
2018-11-04T23:45:00+09:00,J3,564,423,987
2018-11-04T23:45:00+09:00,J4,846,667,1513
2018-11-04T23:45:00+09:00,J5,466,462,928
2018-11-05T00:00:00+09:00,J1,300,356,656
2018-11-05T00:00:00+09:00,J2,398,361,759
2018-11-05T00:00:00+09:00,J3,613,573,1186
2018-11-05T00:00:00+09:00,J4,847,680,1527
2018-11-05T00:00:00+09:00,J5,482,480,962
2018-11-05T00:15:00+09:00,J1,281,231,512
2018-11-05T00:15:00+09:00,J2,427,389,816
2018-11-05T00:15:00+09:00,J3,649,649,1298
2018-11-05T00:15:00+09:00,J4,820,610,1430
2018-11-05T00:15:00+09:00,J5,310,295,605
2018-11-05T00:30:00+09:00,J1,247,268,515
2018-11-05T00:30:00+09:00,J2,373,336,709
2018-11-05T00:30:00+09:00,J3,566,500,1066
2018-11-05T00:30:00+09:00,J4,676,626,1302
2018-11-05T00:30:00+09:00,J5,231,268,499
2018-11-05T00:45:00+09:00,J1,238,260,498
2018-11-05T00:45:00+09:00,J2,347,314,661
2018-11-05T00:45:00+09:00,J3,586,560,1146
2018-11-05T00:45:00+09:00,J4,870,665,1535
2018-11-05T00:45:00+09:00,J5,245,309,554
2018-11-05T05:45:00+09:00,J1,367,293,660
2018-11-05T05:45:00+09:00,J2,523,371,894
2018-11-05T05:45:00+09:00,J3,324,272,596
2018-11-05T05:45:00+09:00,J4,616,629,1245
2018-11-05T05:45:00+09:00,J5,233,174,407
2018-11-05T06:00:00+09:00,J1,356,389,745
2018-11-05T06:00:00+09:00,J2,553,541,1094
2018-11-05T06:00:00+09:00,J3,363,274,637
2018-11-05T06:00:00+09:00,J4,782,683,1465
2018-11-05T06:00:00+09:00,J5,240,217,457
2018-11-05T06:15:00+09:00,J1,553,529,1082
2018-11-05T06:15:00+09:00,J2,557,545,1102
2018-11-05T06:15:00+09:00,J3,403,398,801
2018-11-05T06:15:00+09:00,J4,851,812,1663
2018-11-05T06:15:00+09:00,J5,260,239,499
2018-11-05T06:30:00+09:00,J1,580,578,1158
2018-11-05T06:30:00+09:00,J2,533,490,1023
2018-11-05T06:30:00+09:00,J3,386,371,757
2018-11-05T06:30:00+09:00,J4,701,711,1412
2018-11-05T06:30:00+09:00,J5,253,267,520
2018-11-05T06:45:00+09:00,J1,534,498,1032
2018-11-05T06:45:00+09:00,J2,548,438,986
2018-11-05T06:45:00+09:00,J3,428,350,778
2018-11-05T06:45:00+09:00,J4,813,867,1680
2018-11-05T06:45:00+09:00,J5,317,324,641
2018-11-05T07:00:00+09:00,J1,695,638,1333
2018-11-05T07:00:00+09:00,J2,510,498,1008
2018-11-05T07:00:00+09:00,J3,475,463,938
2018-11-05T07:00:00+09:00,J4,720,754,1474
2018-11-05T07:00:00+09:00,J5,436,457,893
2018-11-05T07:15:00+09:00,J1,835,697,1532
2018-11-05T07:15:00+09:00,J2,517,449,966
2018-11-05T07:15:00+09:00,J3,630,544,1174
2018-11-05T07:15:00+09:00,J4,824,966,1790
2018-11-05T07:15:00+09:00,J5,464,530,994
2018-11-05T07:30:00+09:00,J1,897,841,1738
2018-11-05T07:30:00+09:00,J2,575,508,1083
2018-11-05T07:30:00+09:00,J3,582,583,1165
2018-11-05T07:30:00+09:00,J4,932,1012,1944
2018-11-05T07:30:00+09:00,J5,509,529,1038
2018-11-05T07:45:00+09:00,J1,1020,881,1901
2018-11-05T07:45:00+09:00,J2,674,478,1152
2018-11-05T07:45:00+09:00,J3,694,745,1439
2018-11-05T07:45:00+09:00,J4,930,1102,2032
2018-11-05T07:45:00+09:00,J5,568,569,1137
2018-11-05T08:00:00+09:00,J1,1160,943,2103
2018-11-05T08:00:00+09:00,J2,779,484,1263
2018-11-05T08:00:00+09:00,J3,758,897,1655
2018-11-05T08:00:00+09:00,J4,1034,1118,2152
2018-11-05T08:00:00+09:00,J5,486,553,1039
2018-11-05T08:15:00+09:00,J1,1227,968,2195
2018-11-05T08:15:00+09:00,J2,1002,596,1598
2018-11-05T08:15:00+09:00,J3,852,980,1832
2018-11-05T08:15:00+09:00,J4,964,1197,2161
2018-11-05T08:15:00+09:00,J5,608,673,1281
2018-11-05T08:30:00+09:00,J1,1290,888,2178
2018-11-05T08:30:00+09:00,J2,1078,666,1744
2018-11-05T08:30:00+09:00,J3,838,1122,1960
2018-11-05T08:30:00+09:00,J4,986,1126,2112
2018-11-05T08:30:00+09:00,J5,661,741,1402
2018-11-05T08:45:00+09:00,J1,986,865,1851
2018-11-05T08:45:00+09:00,J2,844,665,1509
2018-11-05T08:45:00+09:00,J3,773,973,1746
2018-11-05T08:45:00+09:00,J4,895,1078,1973
2018-11-05T08:45:00+09:00,J5,583,582,1165
2018-11-05T09:00:00+09:00,J1,1021,854,1875
2018-11-05T09:00:00+09:00,J2,838,680,1518
2018-11-05T09:00:00+09:00,J3,744,717,1461
2018-11-05T09:00:00+09:00,J4,719,857,1576
2018-11-05T09:00:00+09:00,J5,507,510,1017
2018-11-05T09:15:00+09:00,J1,944,748,1692
2018-11-05T09:15:00+09:00,J2,842,698,1540
2018-11-05T09:15:00+09:00,J3,721,735,1456
2018-11-05T09:15:00+09:00,J4,711,870,1581
2018-11-05T09:15:00+09:00,J5,517,532,1049
2018-11-05T09:30:00+09:00,J1,901,795,1696
2018-11-05T09:30:00+09:00,J2,788,664,1452
2018-11-05T09:30:00+09:00,J3,734,782,1516
2018-11-05T09:30:00+09:00,J4,681,840,1521
2018-11-05T09:30:00+09:00,J5,437,414,851
2018-11-05T09:45:00+09:00,J1,805,715,1520
2018-11-05T09:45:00+09:00,J2,711,657,1368
2018-11-05T09:45:00+09:00,J3,710,682,1392
2018-11-05T09:45:00+09:00,J4,596,754,1350
2018-11-05T09:45:00+09:00,J5,386,393,779
2018-11-05T10:00:00+09:00,J1,788,699,1487
2018-11-05T10:00:00+09:00,J2,732,672,1404
2018-11-05T10:00:00+09:00,J3,713,694,1407
2018-11-05T10:00:00+09:00,J4,574,733,1307
2018-11-05T10:00:00+09:00,J5,392,410,802
2018-11-05T10:15:00+09:00,J1,744,692,1436
2018-11-05T10:15:00+09:00,J2,771,622,1393
2018-11-05T10:15:00+09:00,J3,726,791,1517
2018-11-05T10:15:00+09:00,J4,639,753,1392
2018-11-05T10:15:00+09:00,J5,257,301,558
2018-11-05T10:30:00+09:00,J1,767,691,1458
2018-11-05T10:30:00+09:00,J2,729,613,1342
2018-11-05T10:30:00+09:00,J3,741,757,1498
2018-11-05T10:30:00+09:00,J4,748,752,1500
2018-11-05T10:30:00+09:00,J5,274,283,557
2018-11-05T10:45:00+09:00,J1,681,655,1336
2018-11-05T10:45:00+09:00,J2,736,591,1327
2018-11-05T10:45:00+09:00,J3,755,712,1467
2018-11-05T10:45:00+09:00,J4,834,844,1678
2018-11-05T10:45:00+09:00,J5,237,224,461
2018-11-05T11:00:00+09:00,J1,708,656,1364
2018-11-05T11:00:00+09:00,J2,655,572,1227
2018-11-05T11:00:00+09:00,J3,745,686,1431
2018-11-05T11:00:00+09:00,J4,819,820,1639
2018-11-05T11:00:00+09:00,J5,230,211,441
2018-11-05T11:15:00+09:00,J1,793,839,1632
2018-11-05T11:15:00+09:00,J2,705,607,1312
2018-11-05T11:15:00+09:00,J3,717,701,1418
2018-11-05T11:15:00+09:00,J4,790,824,1614
2018-11-05T11:15:00+09:00,J5,264,243,507
2018-11-05T11:30:00+09:00,J1,878,874,1752
2018-11-05T11:30:00+09:00,J2,741,619,1360
2018-11-05T11:30:00+09:00,J3,653,653,1306
2018-11-05T11:30:00+09:00,J4,836,806,1642
2018-11-05T11:30:00+09:00,J5,253,260,513
2018-11-05T11:45:00+09:00,J1,874,881,1755
2018-11-05T11:45:00+09:00,J2,732,553,1285
2018-11-05T11:45:00+09:00,J3,681,666,1347
2018-11-05T11:45:00+09:00,J4,830,876,1706
2018-11-05T11:45:00+09:00,J5,216,227,443
2018-11-05T12:00:00+09:00,J1,894,776,1670
2018-11-05T12:00:00+09:00,J2,677,614,1291
2018-11-05T12:00:00+09:00,J3,705,674,1379
2018-11-05T12:00:00+09:00,J4,896,846,1742
2018-11-05T12:00:00+09:00,J5,292,253,545
2018-11-05T12:15:00+09:00,J1,745,775,1520
2018-11-05T12:15:00+09:00,J2,583,557,1140
2018-11-05T12:15:00+09:00,J3,605,651,1256
2018-11-05T12:15:00+09:00,J4,796,870,1666
2018-11-05T12:15:00+09:00,J5,280,272,552
2018-11-05T12:30:00+09:00,J1,726,765,1491
2018-11-05T12:30:00+09:00,J2,596,561,1157
2018-11-05T12:30:00+09:00,J3,580,613,1193
2018-11-05T12:30:00+09:00,J4,788,820,1608
2018-11-05T12:30:00+09:00,J5,309,303,612
2018-11-05T12:45:00+09:00,J1,722,707,1429
2018-11-05T12:45:00+09:00,J2,567,577,1144
2018-11-05T12:45:00+09:00,J3,608,622,1230
2018-11-05T12:45:00+09:00,J4,808,829,1637
2018-11-05T12:45:00+09:00,J5,292,284,576
2018-11-05T13:00:00+09:00,J1,703,789,1492
2018-11-05T13:00:00+09:00,J2,543,555,1098
2018-11-05T13:00:00+09:00,J3,574,493,1067
2018-11-05T13:00:00+09:00,J4,822,792,1614
2018-11-05T13:00:00+09:00,J5,316,260,576
2018-11-05T13:15:00+09:00,J1,723,700,1423
2018-11-05T13:15:00+09:00,J2,458,477,935
2018-11-05T13:15:00+09:00,J3,551,581,1132
2018-11-05T13:15:00+09:00,J4,793,764,1557
2018-11-05T13:15:00+09:00,J5,278,288,566
2018-11-05T13:30:00+09:00,J1,685,713,1398
2018-11-05T13:30:00+09:00,J2,458,517,975
2018-11-05T13:30:00+09:00,J3,546,501,1047
2018-11-05T13:30:00+09:00,J4,785,744,1529
2018-11-05T13:30:00+09:00,J5,289,253,542
2018-11-05T13:45:00+09:00,J1,653,685,1338
2018-11-05T13:45:00+09:00,J2,534,544,1078
2018-11-05T13:45:00+09:00,J3,583,486,1069
2018-11-05T13:45:00+09:00,J4,791,823,1614
2018-11-05T13:45:00+09:00,J5,299,279,578
2018-11-05T14:00:00+09:00,J1,620,759,1379
2018-11-05T14:00:00+09:00,J2,518,539,1057
2018-11-05T14:00:00+09:00,J3,591,518,1109
2018-11-05T14:00:00+09:00,J4,720,707,1427
2018-11-05T14:00:00+09:00,J5,278,273,551
2018-11-05T14:15:00+09:00,J1,656,750,1406
2018-11-05T14:15:00+09:00,J2,495,547,1042
2018-11-05T14:15:00+09:00,J3,604,510,1114
2018-11-05T14:15:00+09:00,J4,754,749,1503
2018-11-05T14:15:00+09:00,J5,273,242,515
2018-11-05T14:30:00+09:00,J1,630,796,1426
2018-11-05T14:30:00+09:00,J2,468,600,1068
2018-11-05T14:30:00+09:00,J3,610,521,1131
2018-11-05T14:30:00+09:00,J4,791,786,1577
2018-11-05T14:30:00+09:00,J5,273,273,546
2018-11-05T14:45:00+09:00,J1,679,730,1409
2018-11-05T14:45:00+09:00,J2,441,474,915
2018-11-05T14:45:00+09:00,J3,582,481,1063
2018-11-05T14:45:00+09:00,J4,669,721,1390
2018-11-05T14:45:00+09:00,J5,253,217,470
2018-11-05T15:00:00+09:00,J1,735,822,1557
2018-11-05T15:00:00+09:00,J2,496,541,1037
2018-11-05T15:00:00+09:00,J3,613,478,1091
2018-11-05T15:00:00+09:00,J4,722,652,1374
2018-11-05T15:00:00+09:00,J5,264,309,573
2018-11-05T15:15:00+09:00,J1,637,861,1498
2018-11-05T15:15:00+09:00,J2,480,577,1057
2018-11-05T15:15:00+09:00,J3,645,472,1117
2018-11-05T15:15:00+09:00,J4,789,794,1583
2018-11-05T15:15:00+09:00,J5,301,299,600
2018-11-05T15:30:00+09:00,J1,722,834,1556
2018-11-05T15:30:00+09:00,J2,531,586,1117
2018-11-05T15:30:00+09:00,J3,661,553,1214
2018-11-05T15:30:00+09:00,J4,769,821,1590
2018-11-05T15:30:00+09:00,J5,299,295,594
2018-11-05T15:45:00+09:00,J1,783,892,1675
2018-11-05T15:45:00+09:00,J2,551,498,1049
2018-11-05T15:45:00+09:00,J3,732,630,1362
2018-11-05T15:45:00+09:00,J4,720,832,1552
2018-11-05T15:45:00+09:00,J5,309,326,635
2018-11-05T16:00:00+09:00,J1,727,970,1697
2018-11-05T16:00:00+09:00,J2,530,537,1067
2018-11-05T16:00:00+09:00,J3,686,523,1209
2018-11-05T16:00:00+09:00,J4,774,775,1549
2018-11-05T16:00:00+09:00,J5,302,233,535
2018-11-05T16:15:00+09:00,J1,806,932,1738
2018-11-05T16:15:00+09:00,J2,542,560,1102
2018-11-05T16:15:00+09:00,J3,673,573,1246
2018-11-05T16:15:00+09:00,J4,711,802,1513
2018-11-05T16:15:00+09:00,J5,315,306,621
2018-11-05T16:30:00+09:00,J1,706,880,1586
2018-11-05T16:30:00+09:00,J2,483,482,965
2018-11-05T16:30:00+09:00,J3,639,525,1164
2018-11-05T16:30:00+09:00,J4,799,805,1604
2018-11-05T16:30:00+09:00,J5,295,275,570
2018-11-05T16:45:00+09:00,J1,710,929,1639
2018-11-05T16:45:00+09:00,J2,458,523,981
2018-11-05T16:45:00+09:00,J3,607,547,1154
2018-11-05T16:45:00+09:00,J4,756,805,1561
2018-11-05T16:45:00+09:00,J5,294,290,584
2018-11-05T17:00:00+09:00,J1,870,908,1778
2018-11-05T17:00:00+09:00,J2,510,556,1066
2018-11-05T17:00:00+09:00,J3,735,608,1343
2018-11-05T17:00:00+09:00,J4,802,731,1533
2018-11-05T17:00:00+09:00,J5,298,320,618
2018-11-05T17:15:00+09:00,J1,893,1087,1980
2018-11-05T17:15:00+09:00,J2,560,664,1224
2018-11-05T17:15:00+09:00,J3,812,707,1519
2018-11-05T17:15:00+09:00,J4,804,766,1570
2018-11-05T17:15:00+09:00,J5,443,403,846
2018-11-05T17:30:00+09:00,J1,882,1114,1996
2018-11-05T17:30:00+09:00,J2,643,729,1372
2018-11-05T17:30:00+09:00,J3,853,709,1562
2018-11-05T17:30:00+09:00,J4,834,781,1615
2018-11-05T17:30:00+09:00,J5,380,436,816
2018-11-05T17:45:00+09:00,J1,967,1169,2136
2018-11-05T17:45:00+09:00,J2,586,744,1330
2018-11-05T17:45:00+09:00,J3,853,768,1621
2018-11-05T17:45:00+09:00,J4,847,815,1662
2018-11-05T17:45:00+09:00,J5,408,527,935
2018-11-05T18:00:00+09:00,J1,987,1073,2060
2018-11-05T18:00:00+09:00,J2,638,707,1345
2018-11-05T18:00:00+09:00,J3,928,776,1704
2018-11-05T18:00:00+09:00,J4,897,742,1639
2018-11-05T18:00:00+09:00,J5,448,498,946
2018-11-05T18:15:00+09:00,J1,884,1075,1959
2018-11-05T18:15:00+09:00,J2,666,651,1317
2018-11-05T18:15:00+09:00,J3,906,720,1626
2018-11-05T18:15:00+09:00,J4,897,764,1661
2018-11-05T18:15:00+09:00,J5,427,521,948
2018-11-05T18:30:00+09:00,J1,802,959,1761
2018-11-05T18:30:00+09:00,J2,598,558,1156
2018-11-05T18:30:00+09:00,J3,762,625,1387
2018-11-05T18:30:00+09:00,J4,825,794,1619
2018-11-05T18:30:00+09:00,J5,398,455,853
2018-11-05T18:45:00+09:00,J1,718,867,1585
2018-11-05T18:45:00+09:00,J2,534,533,1067
2018-11-05T18:45:00+09:00,J3,650,562,1212
2018-11-05T18:45:00+09:00,J4,749,757,1506
2018-11-05T18:45:00+09:00,J5,325,380,705
2018-11-05T19:00:00+09:00,J1,624,811,1435
2018-11-05T19:00:00+09:00,J2,462,551,1013
2018-11-05T19:00:00+09:00,J3,631,509,1140
2018-11-05T19:00:00+09:00,J4,723,664,1387
2018-11-05T19:00:00+09:00,J5,338,440,778
2018-11-05T19:15:00+09:00,J1,669,781,1450
2018-11-05T19:15:00+09:00,J2,515,564,1079
2018-11-05T19:15:00+09:00,J3,665,515,1180
2018-11-05T19:15:00+09:00,J4,874,721,1595
2018-11-05T19:15:00+09:00,J5,366,419,785
2018-11-05T19:30:00+09:00,J1,589,789,1378
2018-11-05T19:30:00+09:00,J2,463,512,975
2018-11-05T19:30:00+09:00,J3,594,467,1061
2018-11-05T19:30:00+09:00,J4,900,769,1669
2018-11-05T19:30:00+09:00,J5,344,379,723
2018-11-05T19:45:00+09:00,J1,649,720,1369
2018-11-05T19:45:00+09:00,J2,409,470,879
2018-11-05T19:45:00+09:00,J3,561,455,1016
2018-11-05T19:45:00+09:00,J4,766,693,1459
2018-11-05T19:45:00+09:00,J5,275,340,615
2018-11-05T20:00:00+09:00,J1,579,745,1324
2018-11-05T20:00:00+09:00,J2,447,413,860
2018-11-05T20:00:00+09:00,J3,564,435,999
2018-11-05T20:00:00+09:00,J4,868,833,1701
2018-11-05T20:00:00+09:00,J5,255,335,590
2018-11-05T20:15:00+09:00,J1,554,717,1271
2018-11-05T20:15:00+09:00,J2,426,541,967
2018-11-05T20:15:00+09:00,J3,502,468,970
2018-11-05T20:15:00+09:00,J4,830,804,1634
2018-11-05T20:15:00+09:00,J5,296,338,634
2018-11-05T20:30:00+09:00,J1,568,646,1214
2018-11-05T20:30:00+09:00,J2,378,433,811
2018-11-05T20:30:00+09:00,J3,522,387,909
2018-11-05T20:30:00+09:00,J4,849,878,1727
2018-11-05T20:30:00+09:00,J5,269,265,534
2018-11-05T20:45:00+09:00,J1,525,602,1127
2018-11-05T20:45:00+09:00,J2,365,470,835
2018-11-05T20:45:00+09:00,J3,479,395,874
2018-11-05T20:45:00+09:00,J4,742,794,1536
2018-11-05T20:45:00+09:00,J5,269,231,500
2018-11-05T21:00:00+09:00,J1,556,646,1202
2018-11-05T21:00:00+09:00,J2,336,436,772
2018-11-05T21:00:00+09:00,J3,479,420,899
2018-11-05T21:00:00+09:00,J4,892,810,1702
2018-11-05T21:00:00+09:00,J5,288,242,530
2018-11-05T21:15:00+09:00,J1,611,699,1310
2018-11-05T21:15:00+09:00,J2,381,482,863
2018-11-05T21:15:00+09:00,J3,518,419,937
2018-11-05T21:15:00+09:00,J4,898,929,1827
2018-11-05T21:15:00+09:00,J5,293,283,576
2018-11-05T21:30:00+09:00,J1,581,662,1243
2018-11-05T21:30:00+09:00,J2,360,473,833
2018-11-05T21:30:00+09:00,J3,518,439,957
2018-11-05T21:30:00+09:00,J4,881,888,1769
2018-11-05T21:30:00+09:00,J5,285,261,546
2018-11-05T21:45:00+09:00,J1,579,668,1247
2018-11-05T21:45:00+09:00,J2,369,388,757
2018-11-05T21:45:00+09:00,J3,416,410,826
2018-11-05T21:45:00+09:00,J4,882,839,1721
2018-11-05T21:45:00+09:00,J5,249,229,478
2018-11-05T22:00:00+09:00,J1,553,663,1216
2018-11-05T22:00:00+09:00,J2,321,421,742
2018-11-05T22:00:00+09:00,J3,447,398,845
2018-11-05T22:00:00+09:00,J4,823,874,1697
2018-11-05T22:00:00+09:00,J5,264,231,495
2018-11-05T22:15:00+09:00,J1,554,583,1137
2018-11-05T22:15:00+09:00,J2,276,362,638
2018-11-05T22:15:00+09:00,J3,464,409,873
2018-11-05T22:15:00+09:00,J4,855,767,1622
2018-11-05T22:15:00+09:00,J5,231,204,435
2018-11-05T22:30:00+09:00,J1,601,676,1277
2018-11-05T22:30:00+09:00,J2,293,446,739
2018-11-05T22:30:00+09:00,J3,479,392,871
2018-11-05T22:30:00+09:00,J4,880,867,1747
2018-11-05T22:30:00+09:00,J5,189,197,386
2018-11-05T22:45:00+09:00,J1,540,596,1136
2018-11-05T22:45:00+09:00,J2,308,393,701
2018-11-05T22:45:00+09:00,J3,461,353,814
2018-11-05T22:45:00+09:00,J4,888,847,1735
2018-11-05T22:45:00+09:00,J5,171,189,360
2018-11-05T23:00:00+09:00,J1,547,550,1097
2018-11-05T23:00:00+09:00,J2,350,444,794
2018-11-05T23:00:00+09:00,J3,495,421,916
2018-11-05T23:00:00+09:00,J4,835,797,1632
2018-11-05T23:00:00+09:00,J5,178,189,367
2018-11-05T23:15:00+09:00,J1,512,558,1070
2018-11-05T23:15:00+09:00,J2,303,390,693
2018-11-05T23:15:00+09:00,J3,520,455,975
2018-11-05T23:15:00+09:00,J4,903,846,1749
2018-11-05T23:15:00+09:00,J5,275,270,545
2018-11-05T23:30:00+09:00,J1,517,572,1089
2018-11-05T23:30:00+09:00,J2,332,423,755
2018-11-05T23:30:00+09:00,J3,483,504,987
2018-11-05T23:30:00+09:00,J4,759,755,1514
2018-11-05T23:30:00+09:00,J5,390,398,788
2018-11-05T23:45:00+09:00,J1,455,466,921
2018-11-05T23:45:00+09:00,J2,294,323,617
2018-11-05T23:45:00+09:00,J3,412,387,799
2018-11-05T23:45:00+09:00,J4,782,728,1510
2018-11-05T23:45:00+09:00,J5,394,385,779
2018-11-06T00:00:00+09:00,J1,300,346,646
2018-11-06T00:00:00+09:00,J2,322,298,620
2018-11-06T00:00:00+09:00,J3,579,468,1047
2018-11-06T00:00:00+09:00,J4,793,649,1442
2018-11-06T00:00:00+09:00,J5,432,482,914
2018-11-06T00:15:00+09:00,J1,306,274,580
2018-11-06T00:15:00+09:00,J2,313,305,618
2018-11-06T00:15:00+09:00,J3,668,556,1224
2018-11-06T00:15:00+09:00,J4,762,606,1368
2018-11-06T00:15:00+09:00,J5,347,324,671
2018-11-06T00:30:00+09:00,J1,317,299,616
2018-11-06T00:30:00+09:00,J2,350,286,636
2018-11-06T00:30:00+09:00,J3,516,496,1012
2018-11-06T00:30:00+09:00,J4,549,519,1068
2018-11-06T00:30:00+09:00,J5,302,272,574
2018-11-06T00:45:00+09:00,J1,291,393,684
2018-11-06T00:45:00+09:00,J2,330,303,633
2018-11-06T00:45:00+09:00,J3,519,495,1014
2018-11-06T00:45:00+09:00,J4,584,583,1167
2018-11-06T00:45:00+09:00,J5,279,243,522
2018-11-06T05:45:00+09:00,J1,342,327,669
2018-11-06T05:45:00+09:00,J2,606,610,1216
2018-11-06T05:45:00+09:00,J3,382,384,766
2018-11-06T05:45:00+09:00,J4,564,553,1117
2018-11-06T05:45:00+09:00,J5,245,205,450
2018-11-06T06:00:00+09:00,J1,393,380,773
2018-11-06T06:00:00+09:00,J2,380,504,884
2018-11-06T06:00:00+09:00,J3,388,365,753
2018-11-06T06:00:00+09:00,J4,630,598,1228
2018-11-06T06:00:00+09:00,J5,218,206,424
2018-11-06T06:15:00+09:00,J1,538,508,1046
2018-11-06T06:15:00+09:00,J2,395,419,814
2018-11-06T06:15:00+09:00,J3,469,465,934
2018-11-06T06:15:00+09:00,J4,714,749,1463
2018-11-06T06:15:00+09:00,J5,287,307,594
2018-11-06T06:30:00+09:00,J1,465,511,976
2018-11-06T06:30:00+09:00,J2,420,346,766
2018-11-06T06:30:00+09:00,J3,415,373,788
2018-11-06T06:30:00+09:00,J4,642,590,1232
2018-11-06T06:30:00+09:00,J5,294,284,578
2018-11-06T06:45:00+09:00,J1,659,658,1317
2018-11-06T06:45:00+09:00,J2,451,465,916
2018-11-06T06:45:00+09:00,J3,667,592,1259
2018-11-06T06:45:00+09:00,J4,786,822,1608
2018-11-06T06:45:00+09:00,J5,421,468,889
2018-11-06T07:00:00+09:00,J1,772,709,1481
2018-11-06T07:00:00+09:00,J2,458,457,915
2018-11-06T07:00:00+09:00,J3,538,558,1096
2018-11-06T07:00:00+09:00,J4,768,871,1639
2018-11-06T07:00:00+09:00,J5,491,514,1005
2018-11-06T07:15:00+09:00,J1,842,701,1543
2018-11-06T07:15:00+09:00,J2,511,428,939
2018-11-06T07:15:00+09:00,J3,651,575,1226
2018-11-06T07:15:00+09:00,J4,846,909,1755
2018-11-06T07:15:00+09:00,J5,525,566,1091
2018-11-06T07:30:00+09:00,J1,866,747,1613
2018-11-06T07:30:00+09:00,J2,526,489,1015
2018-11-06T07:30:00+09:00,J3,600,618,1218
2018-11-06T07:30:00+09:00,J4,894,966,1860
2018-11-06T07:30:00+09:00,J5,416,432,848
2018-11-06T07:45:00+09:00,J1,898,829,1727
2018-11-06T07:45:00+09:00,J2,610,475,1085
2018-11-06T07:45:00+09:00,J3,654,677,1331
2018-11-06T07:45:00+09:00,J4,1007,1022,2029
2018-11-06T07:45:00+09:00,J5,386,378,764
2018-11-06T08:00:00+09:00,J1,1154,927,2081
2018-11-06T08:00:00+09:00,J2,671,447,1118
2018-11-06T08:00:00+09:00,J3,649,803,1452
2018-11-06T08:00:00+09:00,J4,921,1167,2088
2018-11-06T08:00:00+09:00,J5,427,414,841
2018-11-06T08:15:00+09:00,J1,1262,900,2162
2018-11-06T08:15:00+09:00,J2,891,531,1422
2018-11-06T08:15:00+09:00,J3,760,885,1645
2018-11-06T08:15:00+09:00,J4,1013,1271,2284
2018-11-06T08:15:00+09:00,J5,440,413,853
2018-11-06T08:30:00+09:00,J1,1244,888,2132
2018-11-06T08:30:00+09:00,J2,954,497,1451
2018-11-06T08:30:00+09:00,J3,752,902,1654
2018-11-06T08:30:00+09:00,J4,1020,1247,2267
2018-11-06T08:30:00+09:00,J5,500,479,979
2018-11-06T08:45:00+09:00,J1,1035,840,1875
2018-11-06T08:45:00+09:00,J2,737,409,1146
2018-11-06T08:45:00+09:00,J3,520,757,1277
2018-11-06T08:45:00+09:00,J4,961,1063,2024
2018-11-06T08:45:00+09:00,J5,442,449,891
2018-11-06T09:00:00+09:00,J1,964,827,1791
2018-11-06T09:00:00+09:00,J2,653,526,1179
2018-11-06T09:00:00+09:00,J3,654,664,1318
2018-11-06T09:00:00+09:00,J4,803,909,1712
2018-11-06T09:00:00+09:00,J5,506,568,1074
2018-11-06T09:15:00+09:00,J1,804,697,1501
2018-11-06T09:15:00+09:00,J2,621,519,1140
2018-11-06T09:15:00+09:00,J3,680,648,1328
2018-11-06T09:15:00+09:00,J4,903,893,1796
2018-11-06T09:15:00+09:00,J5,398,405,803
2018-11-06T09:30:00+09:00,J1,839,740,1579
2018-11-06T09:30:00+09:00,J2,601,434,1035
2018-11-06T09:30:00+09:00,J3,669,678,1347
2018-11-06T09:30:00+09:00,J4,868,944,1812
2018-11-06T09:30:00+09:00,J5,320,299,619
2018-11-06T09:45:00+09:00,J1,821,774,1595
2018-11-06T09:45:00+09:00,J2,566,432,998
2018-11-06T09:45:00+09:00,J3,642,661,1303
2018-11-06T09:45:00+09:00,J4,797,873,1670
2018-11-06T09:45:00+09:00,J5,325,283,608
2018-11-06T10:00:00+09:00,J1,772,684,1456
2018-11-06T10:00:00+09:00,J2,546,460,1006
2018-11-06T10:00:00+09:00,J3,646,650,1296
2018-11-06T10:00:00+09:00,J4,740,809,1549
2018-11-06T10:00:00+09:00,J5,267,225,492
2018-11-06T10:15:00+09:00,J1,674,673,1347
2018-11-06T10:15:00+09:00,J2,537,463,1000
2018-11-06T10:15:00+09:00,J3,627,598,1225
2018-11-06T10:15:00+09:00,J4,757,826,1583
2018-11-06T10:15:00+09:00,J5,260,303,563
2018-11-06T10:30:00+09:00,J1,812,738,1550
2018-11-06T10:30:00+09:00,J2,601,460,1061
2018-11-06T10:30:00+09:00,J3,561,521,1082
2018-11-06T10:30:00+09:00,J4,830,800,1630
2018-11-06T10:30:00+09:00,J5,268,287,555
2018-11-06T10:45:00+09:00,J1,817,754,1571
2018-11-06T10:45:00+09:00,J2,517,442,959
2018-11-06T10:45:00+09:00,J3,643,538,1181
2018-11-06T10:45:00+09:00,J4,850,860,1710
2018-11-06T10:45:00+09:00,J5,313,233,546
2018-11-06T11:00:00+09:00,J1,763,730,1493
2018-11-06T11:00:00+09:00,J2,578,500,1078
2018-11-06T11:00:00+09:00,J3,607,562,1169
2018-11-06T11:00:00+09:00,J4,836,810,1646
2018-11-06T11:00:00+09:00,J5,295,239,534
2018-11-06T11:15:00+09:00,J1,874,852,1726
2018-11-06T11:15:00+09:00,J2,584,552,1136
2018-11-06T11:15:00+09:00,J3,631,571,1202
2018-11-06T11:15:00+09:00,J4,822,806,1628
2018-11-06T11:15:00+09:00,J5,246,254,500
2018-11-06T11:30:00+09:00,J1,947,874,1821
2018-11-06T11:30:00+09:00,J2,559,503,1062
2018-11-06T11:30:00+09:00,J3,533,470,1003
2018-11-06T11:30:00+09:00,J4,866,915,1781
2018-11-06T11:30:00+09:00,J5,322,275,597
2018-11-06T11:45:00+09:00,J1,916,975,1891
2018-11-06T11:45:00+09:00,J2,630,565,1195
2018-11-06T11:45:00+09:00,J3,542,586,1128
2018-11-06T11:45:00+09:00,J4,761,752,1513
2018-11-06T11:45:00+09:00,J5,281,292,573
2018-11-06T12:00:00+09:00,J1,876,987,1863
2018-11-06T12:00:00+09:00,J2,621,616,1237
2018-11-06T12:00:00+09:00,J3,661,621,1282
2018-11-06T12:00:00+09:00,J4,863,827,1690
2018-11-06T12:00:00+09:00,J5,345,310,655
2018-11-06T12:15:00+09:00,J1,894,966,1860
2018-11-06T12:15:00+09:00,J2,581,525,1106
2018-11-06T12:15:00+09:00,J3,692,683,1375
2018-11-06T12:15:00+09:00,J4,921,876,1797
2018-11-06T12:15:00+09:00,J5,378,350,728
2018-11-06T12:30:00+09:00,J1,880,864,1744
2018-11-06T12:30:00+09:00,J2,578,611,1189
2018-11-06T12:30:00+09:00,J3,677,706,1383
2018-11-06T12:30:00+09:00,J4,936,952,1888
2018-11-06T12:30:00+09:00,J5,349,334,683
2018-11-06T12:45:00+09:00,J1,861,858,1719
2018-11-06T12:45:00+09:00,J2,517,567,1084
2018-11-06T12:45:00+09:00,J3,705,709,1414
2018-11-06T12:45:00+09:00,J4,873,907,1780
2018-11-06T12:45:00+09:00,J5,349,373,722
2018-11-06T13:00:00+09:00,J1,886,959,1845
2018-11-06T13:00:00+09:00,J2,553,560,1113
2018-11-06T13:00:00+09:00,J3,684,652,1336
2018-11-06T13:00:00+09:00,J4,855,855,1710
2018-11-06T13:00:00+09:00,J5,406,383,789
2018-11-06T13:15:00+09:00,J1,818,890,1708
2018-11-06T13:15:00+09:00,J2,526,537,1063
2018-11-06T13:15:00+09:00,J3,762,662,1424
2018-11-06T13:15:00+09:00,J4,897,937,1834
2018-11-06T13:15:00+09:00,J5,415,347,762
2018-11-06T13:30:00+09:00,J1,868,916,1784
2018-11-06T13:30:00+09:00,J2,569,534,1103
2018-11-06T13:30:00+09:00,J3,715,682,1397
2018-11-06T13:30:00+09:00,J4,924,997,1921
2018-11-06T13:30:00+09:00,J5,412,391,803
2018-11-06T13:45:00+09:00,J1,785,956,1741
2018-11-06T13:45:00+09:00,J2,568,515,1083
2018-11-06T13:45:00+09:00,J3,614,684,1298
2018-11-06T13:45:00+09:00,J4,930,912,1842
2018-11-06T13:45:00+09:00,J5,404,393,797
2018-11-06T14:00:00+09:00,J1,865,896,1761
2018-11-06T14:00:00+09:00,J2,502,526,1028
2018-11-06T14:00:00+09:00,J3,710,599,1309
2018-11-06T14:00:00+09:00,J4,891,854,1745
2018-11-06T14:00:00+09:00,J5,395,391,786
2018-11-06T14:15:00+09:00,J1,936,988,1924
2018-11-06T14:15:00+09:00,J2,590,553,1143
2018-11-06T14:15:00+09:00,J3,675,687,1362
2018-11-06T14:15:00+09:00,J4,890,945,1835
2018-11-06T14:15:00+09:00,J5,393,392,785
2018-11-06T14:30:00+09:00,J1,902,947,1849
2018-11-06T14:30:00+09:00,J2,520,571,1091
2018-11-06T14:30:00+09:00,J3,710,675,1385
2018-11-06T14:30:00+09:00,J4,969,908,1877
2018-11-06T14:30:00+09:00,J5,398,406,804
2018-11-06T14:45:00+09:00,J1,814,861,1675
2018-11-06T14:45:00+09:00,J2,541,555,1096
2018-11-06T14:45:00+09:00,J3,659,689,1348
2018-11-06T14:45:00+09:00,J4,965,927,1892
2018-11-06T14:45:00+09:00,J5,291,303,594
2018-11-06T15:00:00+09:00,J1,867,958,1825
2018-11-06T15:00:00+09:00,J2,521,643,1164
2018-11-06T15:00:00+09:00,J3,669,654,1323
2018-11-06T15:00:00+09:00,J4,931,874,1805
2018-11-06T15:00:00+09:00,J5,291,293,584
2018-11-06T15:15:00+09:00,J1,863,983,1846
2018-11-06T15:15:00+09:00,J2,512,517,1029
2018-11-06T15:15:00+09:00,J3,669,656,1325
2018-11-06T15:15:00+09:00,J4,888,862,1750
2018-11-06T15:15:00+09:00,J5,354,351,705
2018-11-06T15:30:00+09:00,J1,821,889,1710
2018-11-06T15:30:00+09:00,J2,513,544,1057
2018-11-06T15:30:00+09:00,J3,641,645,1286
2018-11-06T15:30:00+09:00,J4,872,882,1754
2018-11-06T15:30:00+09:00,J5,299,316,615
2018-11-06T15:45:00+09:00,J1,816,874,1690
2018-11-06T15:45:00+09:00,J2,525,605,1130
2018-11-06T15:45:00+09:00,J3,638,599,1237
2018-11-06T15:45:00+09:00,J4,882,807,1689
2018-11-06T15:45:00+09:00,J5,406,390,796
2018-11-06T16:00:00+09:00,J1,914,965,1879
2018-11-06T16:00:00+09:00,J2,493,598,1091
2018-11-06T16:00:00+09:00,J3,676,636,1312
2018-11-06T16:00:00+09:00,J4,849,901,1750
2018-11-06T16:00:00+09:00,J5,349,384,733
2018-11-06T16:15:00+09:00,J1,868,945,1813
2018-11-06T16:15:00+09:00,J2,502,590,1092
2018-11-06T16:15:00+09:00,J3,642,627,1269
2018-11-06T16:15:00+09:00,J4,866,827,1693
2018-11-06T16:15:00+09:00,J5,344,384,728
2018-11-06T16:30:00+09:00,J1,899,930,1829
2018-11-06T16:30:00+09:00,J2,573,605,1178
2018-11-06T16:30:00+09:00,J3,664,673,1337
2018-11-06T16:30:00+09:00,J4,842,845,1687
2018-11-06T16:30:00+09:00,J5,404,457,861
2018-11-06T16:45:00+09:00,J1,891,915,1806
2018-11-06T16:45:00+09:00,J2,588,592,1180
2018-11-06T16:45:00+09:00,J3,626,682,1308
2018-11-06T16:45:00+09:00,J4,854,939,1793
2018-11-06T16:45:00+09:00,J5,459,431,890
2018-11-06T17:00:00+09:00,J1,989,1115,2104
2018-11-06T17:00:00+09:00,J2,613,639,1252
2018-11-06T17:00:00+09:00,J3,818,701,1519
2018-11-06T17:00:00+09:00,J4,897,855,1752
2018-11-06T17:00:00+09:00,J5,363,403,766
2018-11-06T17:15:00+09:00,J1,926,1222,2148
2018-11-06T17:15:00+09:00,J2,626,729,1355
2018-11-06T17:15:00+09:00,J3,687,647,1334
2018-11-06T17:15:00+09:00,J4,991,936,1927
2018-11-06T17:15:00+09:00,J5,427,433,860
2018-11-06T17:30:00+09:00,J1,956,1132,2088
2018-11-06T17:30:00+09:00,J2,675,788,1463
2018-11-06T17:30:00+09:00,J3,806,703,1509
2018-11-06T17:30:00+09:00,J4,1056,981,2037
2018-11-06T17:30:00+09:00,J5,415,477,892
2018-11-06T17:45:00+09:00,J1,1038,1161,2199
2018-11-06T17:45:00+09:00,J2,622,807,1429
2018-11-06T17:45:00+09:00,J3,848,748,1596
2018-11-06T17:45:00+09:00,J4,997,895,1892
2018-11-06T17:45:00+09:00,J5,427,468,895
2018-11-06T18:00:00+09:00,J1,967,1196,2163
2018-11-06T18:00:00+09:00,J2,684,685,1369
2018-11-06T18:00:00+09:00,J3,942,785,1727
2018-11-06T18:00:00+09:00,J4,1112,926,2038
2018-11-06T18:00:00+09:00,J5,427,502,929
2018-11-06T18:15:00+09:00,J1,909,1174,2083
2018-11-06T18:15:00+09:00,J2,611,736,1347
2018-11-06T18:15:00+09:00,J3,903,757,1660
2018-11-06T18:15:00+09:00,J4,1172,956,2128
2018-11-06T18:15:00+09:00,J5,458,495,953
2018-11-06T18:30:00+09:00,J1,874,1100,1974
2018-11-06T18:30:00+09:00,J2,603,679,1282
2018-11-06T18:30:00+09:00,J3,858,655,1513
2018-11-06T18:30:00+09:00,J4,998,979,1977
2018-11-06T18:30:00+09:00,J5,376,429,805
2018-11-06T18:45:00+09:00,J1,831,876,1707
2018-11-06T18:45:00+09:00,J2,590,601,1191
2018-11-06T18:45:00+09:00,J3,773,631,1404
2018-11-06T18:45:00+09:00,J4,857,842,1699
2018-11-06T18:45:00+09:00,J5,414,400,814
2018-11-06T19:00:00+09:00,J1,860,901,1761
2018-11-06T19:00:00+09:00,J2,640,579,1219
2018-11-06T19:00:00+09:00,J3,824,709,1533
2018-11-06T19:00:00+09:00,J4,887,844,1731
2018-11-06T19:00:00+09:00,J5,368,363,731
2018-11-06T19:15:00+09:00,J1,775,971,1746
2018-11-06T19:15:00+09:00,J2,558,622,1180
2018-11-06T19:15:00+09:00,J3,753,675,1428
2018-11-06T19:15:00+09:00,J4,974,848,1822
2018-11-06T19:15:00+09:00,J5,387,406,793
2018-11-06T19:30:00+09:00,J1,756,882,1638
2018-11-06T19:30:00+09:00,J2,530,533,1063
2018-11-06T19:30:00+09:00,J3,783,712,1495
2018-11-06T19:30:00+09:00,J4,841,780,1621
2018-11-06T19:30:00+09:00,J5,351,304,655
2018-11-06T19:45:00+09:00,J1,710,855,1565
2018-11-06T19:45:00+09:00,J2,542,496,1038
2018-11-06T19:45:00+09:00,J3,692,704,1396
2018-11-06T19:45:00+09:00,J4,875,813,1688
2018-11-06T19:45:00+09:00,J5,299,296,595
2018-11-06T20:00:00+09:00,J1,734,885,1619
2018-11-06T20:00:00+09:00,J2,527,546,1073
2018-11-06T20:00:00+09:00,J3,710,666,1376
2018-11-06T20:00:00+09:00,J4,865,827,1692
2018-11-06T20:00:00+09:00,J5,328,292,620
2018-11-06T20:15:00+09:00,J1,701,853,1554
2018-11-06T20:15:00+09:00,J2,626,600,1226
2018-11-06T20:15:00+09:00,J3,741,727,1468
2018-11-06T20:15:00+09:00,J4,742,680,1422
2018-11-06T20:15:00+09:00,J5,325,307,632
2018-11-06T20:30:00+09:00,J1,699,837,1536
2018-11-06T20:30:00+09:00,J2,611,590,1201
2018-11-06T20:30:00+09:00,J3,705,676,1381
2018-11-06T20:30:00+09:00,J4,738,711,1449
2018-11-06T20:30:00+09:00,J5,305,301,606
2018-11-06T20:45:00+09:00,J1,705,798,1503
2018-11-06T20:45:00+09:00,J2,563,474,1037
2018-11-06T20:45:00+09:00,J3,741,731,1472
2018-11-06T20:45:00+09:00,J4,736,711,1447
2018-11-06T20:45:00+09:00,J5,255,261,516
2018-11-06T21:00:00+09:00,J1,715,851,1566
2018-11-06T21:00:00+09:00,J2,505,546,1051
2018-11-06T21:00:00+09:00,J3,638,651,1289
2018-11-06T21:00:00+09:00,J4,816,768,1584
2018-11-06T21:00:00+09:00,J5,291,278,569
2018-11-06T21:15:00+09:00,J1,791,897,1688
2018-11-06T21:15:00+09:00,J2,654,582,1236
2018-11-06T21:15:00+09:00,J3,620,627,1247
2018-11-06T21:15:00+09:00,J4,866,842,1708
2018-11-06T21:15:00+09:00,J5,290,290,580
2018-11-06T21:30:00+09:00,J1,741,800,1541
2018-11-06T21:30:00+09:00,J2,472,509,981
2018-11-06T21:30:00+09:00,J3,684,671,1355
2018-11-06T21:30:00+09:00,J4,872,911,1783
2018-11-06T21:30:00+09:00,J5,323,313,636
2018-11-06T21:45:00+09:00,J1,717,790,1507
2018-11-06T21:45:00+09:00,J2,505,557,1062
2018-11-06T21:45:00+09:00,J3,611,617,1228
2018-11-06T21:45:00+09:00,J4,759,813,1572
2018-11-06T21:45:00+09:00,J5,419,359,778
2018-11-06T22:00:00+09:00,J1,767,768,1535
2018-11-06T22:00:00+09:00,J2,519,516,1035
2018-11-06T22:00:00+09:00,J3,645,626,1271
2018-11-06T22:00:00+09:00,J4,851,811,1662
2018-11-06T22:00:00+09:00,J5,451,511,962
2018-11-06T22:15:00+09:00,J1,728,811,1539
2018-11-06T22:15:00+09:00,J2,526,561,1087
2018-11-06T22:15:00+09:00,J3,619,585,1204
2018-11-06T22:15:00+09:00,J4,724,809,1533
2018-11-06T22:15:00+09:00,J5,423,424,847
2018-11-06T22:30:00+09:00,J1,689,712,1401
2018-11-06T22:30:00+09:00,J2,613,539,1152
2018-11-06T22:30:00+09:00,J3,612,526,1138
2018-11-06T22:30:00+09:00,J4,687,726,1413
2018-11-06T22:30:00+09:00,J5,354,424,778
2018-11-06T22:45:00+09:00,J1,768,692,1460
2018-11-06T22:45:00+09:00,J2,597,602,1199
2018-11-06T22:45:00+09:00,J3,576,456,1032
2018-11-06T22:45:00+09:00,J4,659,694,1353
2018-11-06T22:45:00+09:00,J5,291,336,627
2018-11-06T23:00:00+09:00,J1,657,730,1387
2018-11-06T23:00:00+09:00,J2,569,567,1136
2018-11-06T23:00:00+09:00,J3,501,424,925
2018-11-06T23:00:00+09:00,J4,636,711,1347
2018-11-06T23:00:00+09:00,J5,299,326,625
2018-11-06T23:15:00+09:00,J1,699,695,1394
2018-11-06T23:15:00+09:00,J2,575,619,1194
2018-11-06T23:15:00+09:00,J3,468,401,869
2018-11-06T23:15:00+09:00,J4,625,668,1293
2018-11-06T23:15:00+09:00,J5,286,307,593
2018-11-06T23:30:00+09:00,J1,618,658,1276
2018-11-06T23:30:00+09:00,J2,578,594,1172
2018-11-06T23:30:00+09:00,J3,567,454,1021
2018-11-06T23:30:00+09:00,J4,616,625,1241
2018-11-06T23:30:00+09:00,J5,249,266,515
2018-11-06T23:45:00+09:00,J1,581,565,1146
2018-11-06T23:45:00+09:00,J2,570,473,1043
2018-11-06T23:45:00+09:00,J3,431,421,852
2018-11-06T23:45:00+09:00,J4,532,529,1061
2018-11-06T23:45:00+09:00,J5,264,244,508
2018-11-07T00:00:00+09:00,J1,463,491,954
2018-11-07T00:00:00+09:00,J2,431,385,816
2018-11-07T00:00:00+09:00,J3,369,384,753
2018-11-07T00:00:00+09:00,J4,501,508,1009
2018-11-07T00:00:00+09:00,J5,291,283,574
2018-11-07T00:15:00+09:00,J1,349,419,768
2018-11-07T00:15:00+09:00,J2,439,314,753
2018-11-07T00:15:00+09:00,J3,269,283,552
2018-11-07T00:15:00+09:00,J4,388,365,753
2018-11-07T00:15:00+09:00,J5,304,254,558
2018-11-07T00:30:00+09:00,J1,446,428,874
2018-11-07T00:30:00+09:00,J2,482,374,856
2018-11-07T00:30:00+09:00,J3,310,278,588
2018-11-07T00:30:00+09:00,J4,291,328,619
2018-11-07T00:30:00+09:00,J5,277,256,533
2018-11-07T00:45:00+09:00,J1,361,270,631
2018-11-07T00:45:00+09:00,J2,403,376,779
2018-11-07T00:45:00+09:00,J3,340,276,616
2018-11-07T00:45:00+09:00,J4,349,340,689
2018-11-07T00:45:00+09:00,J5,307,246,553
2018-11-07T05:45:00+09:00,J1,519,465,984
2018-11-07T05:45:00+09:00,J2,219,267,486
2018-11-07T05:45:00+09:00,J3,486,384,870
2018-11-07T05:45:00+09:00,J4,381,453,834
2018-11-07T05:45:00+09:00,J5,362,379,741
2018-11-07T06:00:00+09:00,J1,591,567,1158
2018-11-07T06:00:00+09:00,J2,354,301,655
2018-11-07T06:00:00+09:00,J3,471,357,828
2018-11-07T06:00:00+09:00,J4,406,461,867
2018-11-07T06:00:00+09:00,J5,256,241,497
2018-11-07T06:15:00+09:00,J1,586,693,1279
2018-11-07T06:15:00+09:00,J2,465,378,843
2018-11-07T06:15:00+09:00,J3,406,337,743
2018-11-07T06:15:00+09:00,J4,464,584,1048
2018-11-07T06:15:00+09:00,J5,306,220,526
2018-11-07T06:30:00+09:00,J1,611,594,1205
2018-11-07T06:30:00+09:00,J2,415,272,687
2018-11-07T06:30:00+09:00,J3,371,313,684
2018-11-07T06:30:00+09:00,J4,433,546,979
2018-11-07T06:30:00+09:00,J5,347,307,654
2018-11-07T06:45:00+09:00,J1,791,724,1515
2018-11-07T06:45:00+09:00,J2,546,447,993
2018-11-07T06:45:00+09:00,J3,454,335,789
2018-11-07T06:45:00+09:00,J4,785,851,1636
2018-11-07T06:45:00+09:00,J5,371,329,700
2018-11-07T07:00:00+09:00,J1,731,729,1460
2018-11-07T07:00:00+09:00,J2,482,377,859
2018-11-07T07:00:00+09:00,J3,591,458,1049
2018-11-07T07:00:00+09:00,J4,736,801,1537
2018-11-07T07:00:00+09:00,J5,474,416,890
2018-11-07T07:15:00+09:00,J1,773,858,1631
2018-11-07T07:15:00+09:00,J2,493,333,826
2018-11-07T07:15:00+09:00,J3,574,540,1114
2018-11-07T07:15:00+09:00,J4,836,909,1745
2018-11-07T07:15:00+09:00,J5,512,485,997
2018-11-07T07:30:00+09:00,J1,888,817,1705
2018-11-07T07:30:00+09:00,J2,649,495,1144
2018-11-07T07:30:00+09:00,J3,705,702,1407
2018-11-07T07:30:00+09:00,J4,893,1020,1913
2018-11-07T07:30:00+09:00,J5,509,579,1088
2018-11-07T07:45:00+09:00,J1,1035,972,2007
2018-11-07T07:45:00+09:00,J2,739,511,1250
2018-11-07T07:45:00+09:00,J3,749,778,1527
2018-11-07T07:45:00+09:00,J4,984,1017,2001
2018-11-07T07:45:00+09:00,J5,457,444,901
2018-11-07T08:00:00+09:00,J1,1291,1064,2355
2018-11-07T08:00:00+09:00,J2,876,640,1516
2018-11-07T08:00:00+09:00,J3,852,762,1614
2018-11-07T08:00:00+09:00,J4,1007,1135,2142
2018-11-07T08:00:00+09:00,J5,392,453,845
2018-11-07T08:15:00+09:00,J1,1273,1068,2341
2018-11-07T08:15:00+09:00,J2,966,681,1647
2018-11-07T08:15:00+09:00,J3,892,858,1750
2018-11-07T08:15:00+09:00,J4,985,1238,2223
2018-11-07T08:15:00+09:00,J5,399,482,881
2018-11-07T08:30:00+09:00,J1,1235,1052,2287
2018-11-07T08:30:00+09:00,J2,948,578,1526
2018-11-07T08:30:00+09:00,J3,891,961,1852
2018-11-07T08:30:00+09:00,J4,1001,1134,2135
2018-11-07T08:30:00+09:00,J5,412,459,871
2018-11-07T08:45:00+09:00,J1,1127,1020,2147
2018-11-07T08:45:00+09:00,J2,768,457,1225
2018-11-07T08:45:00+09:00,J3,767,843,1610
2018-11-07T08:45:00+09:00,J4,933,1128,2061
2018-11-07T08:45:00+09:00,J5,406,373,779
2018-11-07T09:00:00+09:00,J1,987,1010,1997
2018-11-07T09:00:00+09:00,J2,556,409,965
2018-11-07T09:00:00+09:00,J3,703,670,1373
2018-11-07T09:00:00+09:00,J4,832,917,1749
2018-11-07T09:00:00+09:00,J5,386,423,809
2018-11-07T09:15:00+09:00,J1,945,782,1727
2018-11-07T09:15:00+09:00,J2,570,419,989
2018-11-07T09:15:00+09:00,J3,713,701,1414
2018-11-07T09:15:00+09:00,J4,793,915,1708
2018-11-07T09:15:00+09:00,J5,439,484,923
2018-11-07T09:30:00+09:00,J1,852,830,1682
2018-11-07T09:30:00+09:00,J2,469,489,958
2018-11-07T09:30:00+09:00,J3,692,684,1376
2018-11-07T09:30:00+09:00,J4,825,905,1730
2018-11-07T09:30:00+09:00,J5,486,546,1032
2018-11-07T09:45:00+09:00,J1,792,847,1639
2018-11-07T09:45:00+09:00,J2,542,465,1007
2018-11-07T09:45:00+09:00,J3,722,634,1356
2018-11-07T09:45:00+09:00,J4,834,820,1654
2018-11-07T09:45:00+09:00,J5,457,562,1019
2018-11-07T10:00:00+09:00,J1,759,728,1487
2018-11-07T10:00:00+09:00,J2,530,472,1002
2018-11-07T10:00:00+09:00,J3,608,619,1227
2018-11-07T10:00:00+09:00,J4,722,705,1427
2018-11-07T10:00:00+09:00,J5,423,574,997
2018-11-07T10:15:00+09:00,J1,814,785,1599
2018-11-07T10:15:00+09:00,J2,612,465,1077
2018-11-07T10:15:00+09:00,J3,682,641,1323
2018-11-07T10:15:00+09:00,J4,692,795,1487
2018-11-07T10:15:00+09:00,J5,512,497,1009
2018-11-07T10:30:00+09:00,J1,771,847,1618
2018-11-07T10:30:00+09:00,J2,680,488,1168
2018-11-07T10:30:00+09:00,J3,723,668,1391
2018-11-07T10:30:00+09:00,J4,763,784,1547
2018-11-07T10:30:00+09:00,J5,513,581,1094
2018-11-07T10:45:00+09:00,J1,802,803,1605
2018-11-07T10:45:00+09:00,J2,696,520,1216
2018-11-07T10:45:00+09:00,J3,750,678,1428
2018-11-07T10:45:00+09:00,J4,658,693,1351
2018-11-07T10:45:00+09:00,J5,462,509,971
2018-11-07T11:00:00+09:00,J1,737,779,1516
2018-11-07T11:00:00+09:00,J2,671,564,1235
2018-11-07T11:00:00+09:00,J3,713,747,1460
2018-11-07T11:00:00+09:00,J4,670,730,1400
2018-11-07T11:00:00+09:00,J5,441,478,919
2018-11-07T11:15:00+09:00,J1,1007,1041,2048
2018-11-07T11:15:00+09:00,J2,713,603,1316
2018-11-07T11:15:00+09:00,J3,815,819,1634
2018-11-07T11:15:00+09:00,J4,669,708,1377
2018-11-07T11:15:00+09:00,J5,417,436,853
2018-11-07T11:30:00+09:00,J1,1020,1077,2097
2018-11-07T11:30:00+09:00,J2,694,668,1362
2018-11-07T11:30:00+09:00,J3,793,821,1614
2018-11-07T11:30:00+09:00,J4,671,717,1388
2018-11-07T11:30:00+09:00,J5,541,578,1119
2018-11-07T11:45:00+09:00,J1,1087,1085,2172
2018-11-07T11:45:00+09:00,J2,713,650,1363
2018-11-07T11:45:00+09:00,J3,801,731,1532
2018-11-07T11:45:00+09:00,J4,675,747,1422
2018-11-07T11:45:00+09:00,J5,516,586,1102
2018-11-07T12:00:00+09:00,J1,967,997,1964
2018-11-07T12:00:00+09:00,J2,762,694,1456
2018-11-07T12:00:00+09:00,J3,855,686,1541
2018-11-07T12:00:00+09:00,J4,617,734,1351
2018-11-07T12:00:00+09:00,J5,610,586,1196
2018-11-07T12:15:00+09:00,J1,888,1025,1913
2018-11-07T12:15:00+09:00,J2,718,744,1462
2018-11-07T12:15:00+09:00,J3,712,658,1370
2018-11-07T12:15:00+09:00,J4,718,768,1486
2018-11-07T12:15:00+09:00,J5,550,689,1239
2018-11-07T12:30:00+09:00,J1,866,949,1815
2018-11-07T12:30:00+09:00,J2,709,697,1406
2018-11-07T12:30:00+09:00,J3,648,638,1286
2018-11-07T12:30:00+09:00,J4,846,826,1672
2018-11-07T12:30:00+09:00,J5,572,624,1196
2018-11-07T12:45:00+09:00,J1,840,1001,1841
2018-11-07T12:45:00+09:00,J2,781,745,1526
2018-11-07T12:45:00+09:00,J3,722,650,1372
2018-11-07T12:45:00+09:00,J4,865,887,1752
2018-11-07T12:45:00+09:00,J5,577,599,1176
2018-11-07T13:00:00+09:00,J1,908,1018,1926
2018-11-07T13:00:00+09:00,J2,791,738,1529
2018-11-07T13:00:00+09:00,J3,616,632,1248
2018-11-07T13:00:00+09:00,J4,804,820,1624
2018-11-07T13:00:00+09:00,J5,623,594,1217
2018-11-07T13:15:00+09:00,J1,947,1013,1960
2018-11-07T13:15:00+09:00,J2,735,677,1412
2018-11-07T13:15:00+09:00,J3,650,635,1285
2018-11-07T13:15:00+09:00,J4,880,949,1829
2018-11-07T13:15:00+09:00,J5,575,544,1119
2018-11-07T13:30:00+09:00,J1,922,1001,1923
2018-11-07T13:30:00+09:00,J2,720,712,1432
2018-11-07T13:30:00+09:00,J3,667,631,1298
2018-11-07T13:30:00+09:00,J4,873,840,1713
2018-11-07T13:30:00+09:00,J5,521,591,1112
2018-11-07T13:45:00+09:00,J1,890,919,1809
2018-11-07T13:45:00+09:00,J2,736,715,1451
2018-11-07T13:45:00+09:00,J3,666,668,1334
2018-11-07T13:45:00+09:00,J4,842,930,1772
2018-11-07T13:45:00+09:00,J5,552,599,1151
2018-11-07T14:00:00+09:00,J1,878,1016,1894
2018-11-07T14:00:00+09:00,J2,728,729,1457
2018-11-07T14:00:00+09:00,J3,656,600,1256
2018-11-07T14:00:00+09:00,J4,818,906,1724
2018-11-07T14:00:00+09:00,J5,591,635,1226
2018-11-07T14:15:00+09:00,J1,925,1008,1933
2018-11-07T14:15:00+09:00,J2,721,737,1458
2018-11-07T14:15:00+09:00,J3,632,568,1200
2018-11-07T14:15:00+09:00,J4,887,834,1721
2018-11-07T14:15:00+09:00,J5,620,619,1239
2018-11-07T14:30:00+09:00,J1,946,1012,1958
2018-11-07T14:30:00+09:00,J2,785,732,1517
2018-11-07T14:30:00+09:00,J3,674,581,1255
2018-11-07T14:30:00+09:00,J4,913,958,1871
2018-11-07T14:30:00+09:00,J5,572,588,1160
2018-11-07T14:45:00+09:00,J1,956,973,1929
2018-11-07T14:45:00+09:00,J2,716,767,1483
2018-11-07T14:45:00+09:00,J3,662,650,1312
2018-11-07T14:45:00+09:00,J4,870,889,1759
2018-11-07T14:45:00+09:00,J5,544,598,1142
2018-11-07T15:00:00+09:00,J1,914,985,1899
2018-11-07T15:00:00+09:00,J2,808,756,1564
2018-11-07T15:00:00+09:00,J3,723,641,1364
2018-11-07T15:00:00+09:00,J4,935,908,1843
2018-11-07T15:00:00+09:00,J5,558,606,1164
2018-11-07T15:15:00+09:00,J1,916,1010,1926
2018-11-07T15:15:00+09:00,J2,770,720,1490
2018-11-07T15:15:00+09:00,J3,662,648,1310
2018-11-07T15:15:00+09:00,J4,980,974,1954
2018-11-07T15:15:00+09:00,J5,614,630,1244
2018-11-07T15:30:00+09:00,J1,838,974,1812
2018-11-07T15:30:00+09:00,J2,734,730,1464
2018-11-07T15:30:00+09:00,J3,597,594,1191
2018-11-07T15:30:00+09:00,J4,878,944,1822
2018-11-07T15:30:00+09:00,J5,609,615,1224
2018-11-07T15:45:00+09:00,J1,954,1000,1954
2018-11-07T15:45:00+09:00,J2,759,784,1543
2018-11-07T15:45:00+09:00,J3,616,624,1240
2018-11-07T15:45:00+09:00,J4,890,924,1814
2018-11-07T15:45:00+09:00,J5,533,612,1145
2018-11-07T16:00:00+09:00,J1,891,972,1863
2018-11-07T16:00:00+09:00,J2,734,719,1453
2018-11-07T16:00:00+09:00,J3,643,648,1291
2018-11-07T16:00:00+09:00,J4,874,920,1794
2018-11-07T16:00:00+09:00,J5,579,606,1185
2018-11-07T16:15:00+09:00,J1,905,1001,1906
2018-11-07T16:15:00+09:00,J2,781,686,1467
2018-11-07T16:15:00+09:00,J3,644,651,1295
2018-11-07T16:15:00+09:00,J4,900,917,1817
2018-11-07T16:15:00+09:00,J5,564,658,1222
2018-11-07T16:30:00+09:00,J1,935,1005,1940
2018-11-07T16:30:00+09:00,J2,777,635,1412
2018-11-07T16:30:00+09:00,J3,623,647,1270
2018-11-07T16:30:00+09:00,J4,921,963,1884
2018-11-07T16:30:00+09:00,J5,576,618,1194
2018-11-07T16:45:00+09:00,J1,880,1008,1888
2018-11-07T16:45:00+09:00,J2,733,645,1378
2018-11-07T16:45:00+09:00,J3,645,678,1323
2018-11-07T16:45:00+09:00,J4,960,867,1827
2018-11-07T16:45:00+09:00,J5,634,615,1249
2018-11-07T17:00:00+09:00,J1,1053,1044,2097
2018-11-07T17:00:00+09:00,J2,746,732,1478
2018-11-07T17:00:00+09:00,J3,677,673,1350
2018-11-07T17:00:00+09:00,J4,948,869,1817
2018-11-07T17:00:00+09:00,J5,593,626,1219
2018-11-07T17:15:00+09:00,J1,1001,1062,2063
2018-11-07T17:15:00+09:00,J2,874,776,1650
2018-11-07T17:15:00+09:00,J3,759,740,1499
2018-11-07T17:15:00+09:00,J4,1012,910,1922
2018-11-07T17:15:00+09:00,J5,564,563,1127
2018-11-07T17:30:00+09:00,J1,1035,1149,2184
2018-11-07T17:30:00+09:00,J2,917,834,1751
2018-11-07T17:30:00+09:00,J3,801,857,1658
2018-11-07T17:30:00+09:00,J4,855,806,1661
2018-11-07T17:30:00+09:00,J5,528,595,1123
2018-11-07T17:45:00+09:00,J1,1126,1154,2280
2018-11-07T17:45:00+09:00,J2,945,784,1729
2018-11-07T17:45:00+09:00,J3,861,833,1694
2018-11-07T17:45:00+09:00,J4,967,808,1775
2018-11-07T17:45:00+09:00,J5,462,545,1007
2018-11-07T18:00:00+09:00,J1,1028,1216,2244
2018-11-07T18:00:00+09:00,J2,911,763,1674
2018-11-07T18:00:00+09:00,J3,882,906,1788
2018-11-07T18:00:00+09:00,J4,910,766,1676
2018-11-07T18:00:00+09:00,J5,440,562,1002
2018-11-07T18:15:00+09:00,J1,997,1175,2172
2018-11-07T18:15:00+09:00,J2,918,826,1744
2018-11-07T18:15:00+09:00,J3,912,851,1763
2018-11-07T18:15:00+09:00,J4,945,806,1751
2018-11-07T18:15:00+09:00,J5,431,455,886
2018-11-07T18:30:00+09:00,J1,921,1057,1978
2018-11-07T18:30:00+09:00,J2,861,748,1609
2018-11-07T18:30:00+09:00,J3,899,851,1750
2018-11-07T18:30:00+09:00,J4,914,866,1780
2018-11-07T18:30:00+09:00,J5,401,394,795
2018-11-07T18:45:00+09:00,J1,901,973,1874
2018-11-07T18:45:00+09:00,J2,774,698,1472
2018-11-07T18:45:00+09:00,J3,859,837,1696
2018-11-07T18:45:00+09:00,J4,904,792,1696
2018-11-07T18:45:00+09:00,J5,350,382,732
2018-11-07T19:00:00+09:00,J1,805,940,1745
2018-11-07T19:00:00+09:00,J2,742,673,1415
2018-11-07T19:00:00+09:00,J3,809,773,1582
2018-11-07T19:00:00+09:00,J4,1006,879,1885
2018-11-07T19:00:00+09:00,J5,328,362,690
2018-11-07T19:15:00+09:00,J1,876,837,1713
2018-11-07T19:15:00+09:00,J2,749,619,1368
2018-11-07T19:15:00+09:00,J3,848,778,1626
2018-11-07T19:15:00+09:00,J4,992,904,1896
2018-11-07T19:15:00+09:00,J5,325,376,701
2018-11-07T19:30:00+09:00,J1,789,838,1627
2018-11-07T19:30:00+09:00,J2,698,651,1349
2018-11-07T19:30:00+09:00,J3,779,651,1430
2018-11-07T19:30:00+09:00,J4,1044,892,1936
2018-11-07T19:30:00+09:00,J5,364,337,701
2018-11-07T19:45:00+09:00,J1,751,830,1581
2018-11-07T19:45:00+09:00,J2,660,645,1305
2018-11-07T19:45:00+09:00,J3,755,614,1369
2018-11-07T19:45:00+09:00,J4,1069,1001,2070
2018-11-07T19:45:00+09:00,J5,358,348,706
2018-11-07T20:00:00+09:00,J1,795,813,1608
2018-11-07T20:00:00+09:00,J2,675,595,1270
2018-11-07T20:00:00+09:00,J3,715,631,1346
2018-11-07T20:00:00+09:00,J4,982,1000,1982
2018-11-07T20:00:00+09:00,J5,450,451,901
2018-11-07T20:15:00+09:00,J1,744,787,1531
2018-11-07T20:15:00+09:00,J2,655,538,1193
2018-11-07T20:15:00+09:00,J3,781,641,1422
2018-11-07T20:15:00+09:00,J4,949,878,1827
2018-11-07T20:15:00+09:00,J5,414,436,850
2018-11-07T20:30:00+09:00,J1,757,858,1615
2018-11-07T20:30:00+09:00,J2,592,513,1105
2018-11-07T20:30:00+09:00,J3,721,572,1293
2018-11-07T20:30:00+09:00,J4,934,851,1785
2018-11-07T20:30:00+09:00,J5,534,478,1012
2018-11-07T20:45:00+09:00,J1,701,772,1473
2018-11-07T20:45:00+09:00,J2,469,506,975
2018-11-07T20:45:00+09:00,J3,691,588,1279
2018-11-07T20:45:00+09:00,J4,878,875,1753
2018-11-07T20:45:00+09:00,J5,524,489,1013
2018-11-07T21:00:00+09:00,J1,665,716,1381
2018-11-07T21:00:00+09:00,J2,411,411,822
2018-11-07T21:00:00+09:00,J3,699,440,1139
2018-11-07T21:00:00+09:00,J4,857,784,1641
2018-11-07T21:00:00+09:00,J5,381,432,813
2018-11-07T21:15:00+09:00,J1,842,930,1772
2018-11-07T21:15:00+09:00,J2,769,681,1450
2018-11-07T21:15:00+09:00,J3,928,681,1609
2018-11-07T21:15:00+09:00,J4,1157,1080,2237
2018-11-07T21:15:00+09:00,J5,512,496,1008
2018-11-07T21:30:00+09:00,J1,779,761,1540
2018-11-07T21:30:00+09:00,J2,646,545,1191
2018-11-07T21:30:00+09:00,J3,768,668,1436
2018-11-07T21:30:00+09:00,J4,1018,929,1947
2018-11-07T21:30:00+09:00,J5,453,482,935
2018-11-07T21:45:00+09:00,J1,688,781,1469
2018-11-07T21:45:00+09:00,J2,554,481,1035
2018-11-07T21:45:00+09:00,J3,631,521,1152
2018-11-07T21:45:00+09:00,J4,977,894,1871
2018-11-07T21:45:00+09:00,J5,457,542,999
2018-11-07T22:00:00+09:00,J1,695,730,1425
2018-11-07T22:00:00+09:00,J2,504,437,941
2018-11-07T22:00:00+09:00,J3,566,497,1063
2018-11-07T22:00:00+09:00,J4,998,956,1954
2018-11-07T22:00:00+09:00,J5,388,409,797
2018-11-07T22:15:00+09:00,J1,626,689,1315
2018-11-07T22:15:00+09:00,J2,409,471,880
2018-11-07T22:15:00+09:00,J3,552,465,1017
2018-11-07T22:15:00+09:00,J4,927,946,1873
2018-11-07T22:15:00+09:00,J5,456,471,927
2018-11-07T22:30:00+09:00,J1,625,678,1303
2018-11-07T22:30:00+09:00,J2,333,334,667
2018-11-07T22:30:00+09:00,J3,517,488,1005
2018-11-07T22:30:00+09:00,J4,983,923,1906
2018-11-07T22:30:00+09:00,J5,329,386,715
2018-11-07T22:45:00+09:00,J1,664,631,1295
2018-11-07T22:45:00+09:00,J2,286,308,594
2018-11-07T22:45:00+09:00,J3,600,553,1153
2018-11-07T22:45:00+09:00,J4,877,888,1765
2018-11-07T22:45:00+09:00,J5,355,382,737
2018-11-07T23:00:00+09:00,J1,677,653,1330
2018-11-07T23:00:00+09:00,J2,232,287,519
2018-11-07T23:00:00+09:00,J3,692,611,1303
2018-11-07T23:00:00+09:00,J4,977,948,1925
2018-11-07T23:00:00+09:00,J5,343,347,690
2018-11-07T23:15:00+09:00,J1,594,665,1259
2018-11-07T23:15:00+09:00,J2,218,240,458
2018-11-07T23:15:00+09:00,J3,660,620,1280
2018-11-07T23:15:00+09:00,J4,912,959,1871
2018-11-07T23:15:00+09:00,J5,397,358,755
2018-11-07T23:30:00+09:00,J1,488,537,1025
2018-11-07T23:30:00+09:00,J2,226,268,494
2018-11-07T23:30:00+09:00,J3,622,540,1162
2018-11-07T23:30:00+09:00,J4,791,852,1643
2018-11-07T23:30:00+09:00,J5,366,365,731
2018-11-07T23:45:00+09:00,J1,567,584,1151
2018-11-07T23:45:00+09:00,J2,227,266,493
2018-11-07T23:45:00+09:00,J3,548,434,982
2018-11-07T23:45:00+09:00,J4,723,755,1478
2018-11-07T23:45:00+09:00,J5,346,352,698
2018-11-08T00:00:00+09:00,J1,449,434,883
2018-11-08T00:00:00+09:00,J2,269,312,581
2018-11-08T00:00:00+09:00,J3,594,489,1083
2018-11-08T00:00:00+09:00,J4,839,797,1636
2018-11-08T00:00:00+09:00,J5,363,367,730
2018-11-08T00:15:00+09:00,J1,340,306,646
2018-11-08T00:15:00+09:00,J2,291,358,649
2018-11-08T00:15:00+09:00,J3,643,631,1274
2018-11-08T00:15:00+09:00,J4,568,572,1140
2018-11-08T00:15:00+09:00,J5,570,598,1168
2018-11-08T00:30:00+09:00,J1,298,256,554
2018-11-08T00:30:00+09:00,J2,253,286,539
2018-11-08T00:30:00+09:00,J3,631,601,1232
2018-11-08T00:30:00+09:00,J4,512,511,1023
2018-11-08T00:30:00+09:00,J5,505,516,1021
2018-11-08T00:45:00+09:00,J1,305,250,555
2018-11-08T00:45:00+09:00,J2,208,238,446
2018-11-08T00:45:00+09:00,J3,662,669,1331
2018-11-08T00:45:00+09:00,J4,421,459,880
2018-11-08T00:45:00+09:00,J5,483,488,971
2018-11-08T05:45:00+09:00,J1,508,494,1002
2018-11-08T05:45:00+09:00,J2,296,269,565
2018-11-08T05:45:00+09:00,J3,479,428,907
2018-11-08T05:45:00+09:00,J4,643,661,1304
2018-11-08T05:45:00+09:00,J5,328,346,674
2018-11-08T06:00:00+09:00,J1,573,520,1093
2018-11-08T06:00:00+09:00,J2,226,369,595
2018-11-08T06:00:00+09:00,J3,589,544,1133
2018-11-08T06:00:00+09:00,J4,565,596,1161
2018-11-08T06:00:00+09:00,J5,393,451,844
2018-11-08T06:15:00+09:00,J1,596,575,1171
2018-11-08T06:15:00+09:00,J2,321,416,737
2018-11-08T06:15:00+09:00,J3,644,560,1204
2018-11-08T06:15:00+09:00,J4,567,724,1291
2018-11-08T06:15:00+09:00,J5,447,510,957
2018-11-08T06:30:00+09:00,J1,620,624,1244
2018-11-08T06:30:00+09:00,J2,308,371,679
2018-11-08T06:30:00+09:00,J3,643,563,1206
2018-11-08T06:30:00+09:00,J4,719,719,1438
2018-11-08T06:30:00+09:00,J5,461,556,1017
2018-11-08T06:45:00+09:00,J1,671,667,1338
2018-11-08T06:45:00+09:00,J2,334,328,662
2018-11-08T06:45:00+09:00,J3,676,599,1275
2018-11-08T06:45:00+09:00,J4,783,801,1584
2018-11-08T06:45:00+09:00,J5,451,544,995
2018-11-08T07:00:00+09:00,J1,860,838,1698
2018-11-08T07:00:00+09:00,J2,253,294,547
2018-11-08T07:00:00+09:00,J3,678,581,1259
2018-11-08T07:00:00+09:00,J4,829,883,1712
2018-11-08T07:00:00+09:00,J5,594,612,1206
2018-11-08T07:15:00+09:00,J1,931,841,1772
2018-11-08T07:15:00+09:00,J2,384,389,773
2018-11-08T07:15:00+09:00,J3,647,644,1291
2018-11-08T07:15:00+09:00,J4,1033,1039,2072
2018-11-08T07:15:00+09:00,J5,593,626,1219
2018-11-08T07:30:00+09:00,J1,926,827,1753
2018-11-08T07:30:00+09:00,J2,420,352,772
2018-11-08T07:30:00+09:00,J3,817,652,1469
2018-11-08T07:30:00+09:00,J4,1138,1113,2251
2018-11-08T07:30:00+09:00,J5,517,497,1014
2018-11-08T07:45:00+09:00,J1,995,960,1955
2018-11-08T07:45:00+09:00,J2,567,445,1012
2018-11-08T07:45:00+09:00,J3,717,705,1422
2018-11-08T07:45:00+09:00,J4,1131,1188,2319
2018-11-08T07:45:00+09:00,J5,541,457,998
2018-11-08T08:00:00+09:00,J1,1242,1132,2374
2018-11-08T08:00:00+09:00,J2,751,497,1248
2018-11-08T08:00:00+09:00,J3,765,856,1621
2018-11-08T08:00:00+09:00,J4,1134,1289,2423
2018-11-08T08:00:00+09:00,J5,539,498,1037
2018-11-08T08:15:00+09:00,J1,1201,1061,2262
2018-11-08T08:15:00+09:00,J2,838,577,1415
2018-11-08T08:15:00+09:00,J3,915,1037,1952
2018-11-08T08:15:00+09:00,J4,1150,1257,2407
2018-11-08T08:15:00+09:00,J5,520,494,1014
2018-11-08T08:30:00+09:00,J1,1282,990,2272
2018-11-08T08:30:00+09:00,J2,883,554,1437
2018-11-08T08:30:00+09:00,J3,850,930,1780
2018-11-08T08:30:00+09:00,J4,1109,1301,2410
2018-11-08T08:30:00+09:00,J5,540,474,1014
2018-11-08T08:45:00+09:00,J1,1138,938,2076
2018-11-08T08:45:00+09:00,J2,599,484,1083
2018-11-08T08:45:00+09:00,J3,669,795,1464
2018-11-08T08:45:00+09:00,J4,937,1121,2058
2018-11-08T08:45:00+09:00,J5,550,497,1047
2018-11-08T09:00:00+09:00,J1,978,914,1892
2018-11-08T09:00:00+09:00,J2,565,452,1017
2018-11-08T09:00:00+09:00,J3,879,818,1697
2018-11-08T09:00:00+09:00,J4,781,917,1698
2018-11-08T09:00:00+09:00,J5,631,582,1213
2018-11-08T09:15:00+09:00,J1,876,761,1637
2018-11-08T09:15:00+09:00,J2,556,462,1018
2018-11-08T09:15:00+09:00,J3,843,792,1635
2018-11-08T09:15:00+09:00,J4,884,992,1876
2018-11-08T09:15:00+09:00,J5,479,435,914
2018-11-08T09:30:00+09:00,J1,904,795,1699
2018-11-08T09:30:00+09:00,J2,489,468,957
2018-11-08T09:30:00+09:00,J3,752,721,1473
2018-11-08T09:30:00+09:00,J4,1000,996,1996
2018-11-08T09:30:00+09:00,J5,426,470,896
2018-11-08T09:45:00+09:00,J1,860,753,1613
2018-11-08T09:45:00+09:00,J2,453,466,919
2018-11-08T09:45:00+09:00,J3,747,774,1521
2018-11-08T09:45:00+09:00,J4,957,893,1850
2018-11-08T09:45:00+09:00,J5,509,492,1001
2018-11-08T10:00:00+09:00,J1,812,800,1612
2018-11-08T10:00:00+09:00,J2,444,484,928
2018-11-08T10:00:00+09:00,J3,715,743,1458
2018-11-08T10:00:00+09:00,J4,860,827,1687
2018-11-08T10:00:00+09:00,J5,413,370,783
2018-11-08T10:15:00+09:00,J1,748,701,1449
2018-11-08T10:15:00+09:00,J2,426,456,882
2018-11-08T10:15:00+09:00,J3,675,679,1354
2018-11-08T10:15:00+09:00,J4,920,944,1864
2018-11-08T10:15:00+09:00,J5,403,393,796
2018-11-08T10:30:00+09:00,J1,763,709,1472
2018-11-08T10:30:00+09:00,J2,425,456,881
2018-11-08T10:30:00+09:00,J3,648,584,1232
2018-11-08T10:30:00+09:00,J4,963,929,1892
2018-11-08T10:30:00+09:00,J5,464,465,929
2018-11-08T10:45:00+09:00,J1,807,807,1614
2018-11-08T10:45:00+09:00,J2,382,465,847
2018-11-08T10:45:00+09:00,J3,634,571,1205
2018-11-08T10:45:00+09:00,J4,917,807,1724
2018-11-08T10:45:00+09:00,J5,414,496,910
2018-11-08T11:00:00+09:00,J1,710,728,1438
2018-11-08T11:00:00+09:00,J2,473,522,995
2018-11-08T11:00:00+09:00,J3,561,496,1057
2018-11-08T11:00:00+09:00,J4,739,716,1455
2018-11-08T11:00:00+09:00,J5,450,535,985
2018-11-08T11:15:00+09:00,J1,833,887,1720
2018-11-08T11:15:00+09:00,J2,506,490,996
2018-11-08T11:15:00+09:00,J3,636,610,1246
2018-11-08T11:15:00+09:00,J4,690,749,1439
2018-11-08T11:15:00+09:00,J5,465,598,1063
2018-11-08T11:30:00+09:00,J1,819,957,1776
2018-11-08T11:30:00+09:00,J2,543,514,1057
2018-11-08T11:30:00+09:00,J3,677,624,1301
2018-11-08T11:30:00+09:00,J4,743,737,1480
2018-11-08T11:30:00+09:00,J5,461,548,1009
2018-11-08T11:45:00+09:00,J1,803,920,1723
2018-11-08T11:45:00+09:00,J2,532,460,992
2018-11-08T11:45:00+09:00,J3,680,614,1294
2018-11-08T11:45:00+09:00,J4,677,731,1408
2018-11-08T11:45:00+09:00,J5,427,470,897
2018-11-08T12:00:00+09:00,J1,890,1055,1945
2018-11-08T12:00:00+09:00,J2,577,536,1113
2018-11-08T12:00:00+09:00,J3,724,574,1298
2018-11-08T12:00:00+09:00,J4,708,700,1408
2018-11-08T12:00:00+09:00,J5,485,560,1045
2018-11-08T12:15:00+09:00,J1,860,998,1858
2018-11-08T12:15:00+09:00,J2,603,610,1213
2018-11-08T12:15:00+09:00,J3,797,676,1473
2018-11-08T12:15:00+09:00,J4,746,822,1568
2018-11-08T12:15:00+09:00,J5,467,527,994
2018-11-08T12:30:00+09:00,J1,829,1027,1856
2018-11-08T12:30:00+09:00,J2,688,653,1341
2018-11-08T12:30:00+09:00,J3,828,693,1521
2018-11-08T12:30:00+09:00,J4,718,779,1497
2018-11-08T12:30:00+09:00,J5,490,531,1021
2018-11-08T12:45:00+09:00,J1,829,1064,1893
2018-11-08T12:45:00+09:00,J2,705,567,1272
2018-11-08T12:45:00+09:00,J3,767,629,1396
2018-11-08T12:45:00+09:00,J4,713,849,1562
2018-11-08T12:45:00+09:00,J5,445,496,941
2018-11-08T13:00:00+09:00,J1,870,1029,1899
2018-11-08T13:00:00+09:00,J2,680,575,1255
2018-11-08T13:00:00+09:00,J3,741,620,1361
2018-11-08T13:00:00+09:00,J4,711,670,1381
2018-11-08T13:00:00+09:00,J5,417,470,887
2018-11-08T13:15:00+09:00,J1,791,1042,1833
2018-11-08T13:15:00+09:00,J2,695,690,1385
2018-11-08T13:15:00+09:00,J3,871,626,1497
2018-11-08T13:15:00+09:00,J4,865,871,1736
2018-11-08T13:15:00+09:00,J5,530,646,1176
2018-11-08T13:30:00+09:00,J1,883,1028,1911
2018-11-08T13:30:00+09:00,J2,741,625,1366
2018-11-08T13:30:00+09:00,J3,818,619,1437
2018-11-08T13:30:00+09:00,J4,884,965,1849
2018-11-08T13:30:00+09:00,J5,584,690,1274
2018-11-08T13:45:00+09:00,J1,868,989,1857
2018-11-08T13:45:00+09:00,J2,707,604,1311
2018-11-08T13:45:00+09:00,J3,822,677,1499
2018-11-08T13:45:00+09:00,J4,1008,1021,2029
2018-11-08T13:45:00+09:00,J5,509,591,1100
2018-11-08T14:00:00+09:00,J1,812,1049,1861
2018-11-08T14:00:00+09:00,J2,657,599,1256
2018-11-08T14:00:00+09:00,J3,830,618,1448
2018-11-08T14:00:00+09:00,J4,892,968,1860
2018-11-08T14:00:00+09:00,J5,464,484,948
2018-11-08T14:15:00+09:00,J1,833,985,1818
2018-11-08T14:15:00+09:00,J2,653,563,1216
2018-11-08T14:15:00+09:00,J3,790,624,1414
2018-11-08T14:15:00+09:00,J4,837,919,1756
2018-11-08T14:15:00+09:00,J5,562,560,1122
2018-11-08T14:30:00+09:00,J1,845,968,1813
2018-11-08T14:30:00+09:00,J2,692,576,1268
2018-11-08T14:30:00+09:00,J3,781,549,1330
2018-11-08T14:30:00+09:00,J4,951,941,1892
2018-11-08T14:30:00+09:00,J5,499,566,1065
2018-11-08T14:45:00+09:00,J1,846,946,1792
2018-11-08T14:45:00+09:00,J2,678,628,1306
2018-11-08T14:45:00+09:00,J3,713,602,1315
2018-11-08T14:45:00+09:00,J4,939,922,1861
2018-11-08T14:45:00+09:00,J5,532,571,1103
2018-11-08T15:00:00+09:00,J1,856,908,1764
2018-11-08T15:00:00+09:00,J2,709,625,1334
2018-11-08T15:00:00+09:00,J3,785,587,1372
2018-11-08T15:00:00+09:00,J4,877,949,1826
2018-11-08T15:00:00+09:00,J5,551,622,1173
2018-11-08T15:15:00+09:00,J1,890,1052,1942
2018-11-08T15:15:00+09:00,J2,659,777,1436
2018-11-08T15:15:00+09:00,J3,877,661,1538
2018-11-08T15:15:00+09:00,J4,980,1015,1995
2018-11-08T15:15:00+09:00,J5,575,657,1232
2018-11-08T15:30:00+09:00,J1,902,1063,1965
2018-11-08T15:30:00+09:00,J2,738,709,1447
2018-11-08T15:30:00+09:00,J3,924,690,1614
2018-11-08T15:30:00+09:00,J4,948,1016,1964
2018-11-08T15:30:00+09:00,J5,608,697,1305
2018-11-08T15:45:00+09:00,J1,893,1066,1959
2018-11-08T15:45:00+09:00,J2,743,702,1445
2018-11-08T15:45:00+09:00,J3,871,734,1605
2018-11-08T15:45:00+09:00,J4,933,1000,1933
2018-11-08T15:45:00+09:00,J5,529,588,1117
2018-11-08T16:00:00+09:00,J1,882,1079,1961
2018-11-08T16:00:00+09:00,J2,714,692,1406
2018-11-08T16:00:00+09:00,J3,827,695,1522
2018-11-08T16:00:00+09:00,J4,899,998,1897
2018-11-08T16:00:00+09:00,J5,526,507,1033
2018-11-08T16:15:00+09:00,J1,890,1064,1954
2018-11-08T16:15:00+09:00,J2,831,774,1605
2018-11-08T16:15:00+09:00,J3,822,715,1537
2018-11-08T16:15:00+09:00,J4,925,984,1909
2018-11-08T16:15:00+09:00,J5,546,619,1165
2018-11-08T16:30:00+09:00,J1,857,1025,1882
2018-11-08T16:30:00+09:00,J2,772,750,1522
2018-11-08T16:30:00+09:00,J3,876,651,1527
2018-11-08T16:30:00+09:00,J4,990,1035,2025
2018-11-08T16:30:00+09:00,J5,617,630,1247
2018-11-08T16:45:00+09:00,J1,901,976,1877
2018-11-08T16:45:00+09:00,J2,759,755,1514
2018-11-08T16:45:00+09:00,J3,842,731,1573
2018-11-08T16:45:00+09:00,J4,960,965,1925
2018-11-08T16:45:00+09:00,J5,527,574,1101
2018-11-08T17:00:00+09:00,J1,973,1094,2067
2018-11-08T17:00:00+09:00,J2,821,855,1676
2018-11-08T17:00:00+09:00,J3,820,716,1536
2018-11-08T17:00:00+09:00,J4,982,978,1960
2018-11-08T17:00:00+09:00,J5,540,638,1178
2018-11-08T17:15:00+09:00,J1,999,1216,2215
2018-11-08T17:15:00+09:00,J2,921,987,1908
2018-11-08T17:15:00+09:00,J3,898,846,1744
2018-11-08T17:15:00+09:00,J4,1038,945,1983
2018-11-08T17:15:00+09:00,J5,452,568,1020
2018-11-08T17:30:00+09:00,J1,1006,1214,2220
2018-11-08T17:30:00+09:00,J2,1043,966,2009
2018-11-08T17:30:00+09:00,J3,1010,850,1860
2018-11-08T17:30:00+09:00,J4,995,943,1938
2018-11-08T17:30:00+09:00,J5,473,619,1092
2018-11-08T17:45:00+09:00,J1,1044,1187,2231
2018-11-08T17:45:00+09:00,J2,1075,871,1946
2018-11-08T17:45:00+09:00,J3,1038,835,1873
2018-11-08T17:45:00+09:00,J4,977,832,1809
2018-11-08T17:45:00+09:00,J5,457,593,1050
2018-11-08T18:00:00+09:00,J1,1028,1266,2294
2018-11-08T18:00:00+09:00,J2,1102,922,2024
2018-11-08T18:00:00+09:00,J3,1091,774,1865
2018-11-08T18:00:00+09:00,J4,972,870,1842
2018-11-08T18:00:00+09:00,J5,514,642,1156
2018-11-08T18:15:00+09:00,J1,1043,1211,2254
2018-11-08T18:15:00+09:00,J2,1057,824,1881
2018-11-08T18:15:00+09:00,J3,1137,920,2057
2018-11-08T18:15:00+09:00,J4,1069,926,1995
2018-11-08T18:15:00+09:00,J5,476,559,1035
2018-11-08T18:30:00+09:00,J1,970,1236,2206
2018-11-08T18:30:00+09:00,J2,849,830,1679
2018-11-08T18:30:00+09:00,J3,977,881,1858
2018-11-08T18:30:00+09:00,J4,1001,869,1870
2018-11-08T18:30:00+09:00,J5,391,500,891
2018-11-08T18:45:00+09:00,J1,942,1057,1999
2018-11-08T18:45:00+09:00,J2,855,790,1645
2018-11-08T18:45:00+09:00,J3,965,795,1760
2018-11-08T18:45:00+09:00,J4,962,840,1802
2018-11-08T18:45:00+09:00,J5,374,442,816
2018-11-08T19:00:00+09:00,J1,792,1031,1823
2018-11-08T19:00:00+09:00,J2,793,796,1589
2018-11-08T19:00:00+09:00,J3,891,731,1622
2018-11-08T19:00:00+09:00,J4,952,809,1761
2018-11-08T19:00:00+09:00,J5,362,420,782
2018-11-08T19:15:00+09:00,J1,886,943,1829
2018-11-08T19:15:00+09:00,J2,842,694,1536
2018-11-08T19:15:00+09:00,J3,925,721,1646
2018-11-08T19:15:00+09:00,J4,875,814,1689
2018-11-08T19:15:00+09:00,J5,343,414,757
2018-11-08T19:30:00+09:00,J1,820,936,1756
2018-11-08T19:30:00+09:00,J2,802,783,1585
2018-11-08T19:30:00+09:00,J3,792,707,1499
2018-11-08T19:30:00+09:00,J4,833,794,1627
2018-11-08T19:30:00+09:00,J5,366,372,738
2018-11-08T19:45:00+09:00,J1,761,868,1629
2018-11-08T19:45:00+09:00,J2,780,717,1497
2018-11-08T19:45:00+09:00,J3,725,609,1334
2018-11-08T19:45:00+09:00,J4,892,816,1708
2018-11-08T19:45:00+09:00,J5,345,436,781
2018-11-08T20:00:00+09:00,J1,702,892,1594
2018-11-08T20:00:00+09:00,J2,773,795,1568
2018-11-08T20:00:00+09:00,J3,828,653,1481
2018-11-08T20:00:00+09:00,J4,900,740,1640
2018-11-08T20:00:00+09:00,J5,352,424,776
2018-11-08T20:15:00+09:00,J1,753,889,1642
2018-11-08T20:15:00+09:00,J2,714,726,1440
2018-11-08T20:15:00+09:00,J3,796,621,1417
2018-11-08T20:15:00+09:00,J4,863,863,1726
2018-11-08T20:15:00+09:00,J5,361,442,803
2018-11-08T20:30:00+09:00,J1,691,915,1606
2018-11-08T20:30:00+09:00,J2,638,665,1303
2018-11-08T20:30:00+09:00,J3,827,619,1446
2018-11-08T20:30:00+09:00,J4,837,735,1572
2018-11-08T20:30:00+09:00,J5,368,402,770
2018-11-08T20:45:00+09:00,J1,704,781,1485
2018-11-08T20:45:00+09:00,J2,547,620,1167
2018-11-08T20:45:00+09:00,J3,705,552,1257
2018-11-08T20:45:00+09:00,J4,957,920,1877
2018-11-08T20:45:00+09:00,J5,385,387,772
2018-11-08T21:00:00+09:00,J1,742,928,1670
2018-11-08T21:00:00+09:00,J2,544,654,1198
2018-11-08T21:00:00+09:00,J3,767,607,1374
2018-11-08T21:00:00+09:00,J4,990,975,1965
2018-11-08T21:00:00+09:00,J5,401,391,792
2018-11-08T21:15:00+09:00,J1,732,855,1587
2018-11-08T21:15:00+09:00,J2,645,669,1314
2018-11-08T21:15:00+09:00,J3,727,591,1318
2018-11-08T21:15:00+09:00,J4,999,874,1873
2018-11-08T21:15:00+09:00,J5,381,378,759
2018-11-08T21:30:00+09:00,J1,688,861,1549
2018-11-08T21:30:00+09:00,J2,608,647,1255
2018-11-08T21:30:00+09:00,J3,754,599,1353
2018-11-08T21:30:00+09:00,J4,987,936,1923
2018-11-08T21:30:00+09:00,J5,447,465,912
2018-11-08T21:45:00+09:00,J1,697,744,1441
2018-11-08T21:45:00+09:00,J2,595,560,1155
2018-11-08T21:45:00+09:00,J3,668,462,1130
2018-11-08T21:45:00+09:00,J4,1015,921,1936
2018-11-08T21:45:00+09:00,J5,507,515,1022
2018-11-08T22:00:00+09:00,J1,662,735,1397
2018-11-08T22:00:00+09:00,J2,503,599,1102
2018-11-08T22:00:00+09:00,J3,668,495,1163
2018-11-08T22:00:00+09:00,J4,1013,992,2005
2018-11-08T22:00:00+09:00,J5,462,432,894
2018-11-08T22:15:00+09:00,J1,593,736,1329
2018-11-08T22:15:00+09:00,J2,506,495,1001
2018-11-08T22:15:00+09:00,J3,556,477,1033
2018-11-08T22:15:00+09:00,J4,842,813,1655
2018-11-08T22:15:00+09:00,J5,450,508,958
2018-11-08T22:30:00+09:00,J1,656,669,1325
2018-11-08T22:30:00+09:00,J2,449,467,916
2018-11-08T22:30:00+09:00,J3,559,485,1044
2018-11-08T22:30:00+09:00,J4,867,852,1719
2018-11-08T22:30:00+09:00,J5,318,337,655
2018-11-08T22:45:00+09:00,J1,630,683,1313
2018-11-08T22:45:00+09:00,J2,405,436,841
2018-11-08T22:45:00+09:00,J3,537,442,979
2018-11-08T22:45:00+09:00,J4,718,804,1522
2018-11-08T22:45:00+09:00,J5,319,283,602
2018-11-08T23:00:00+09:00,J1,641,653,1294
2018-11-08T23:00:00+09:00,J2,367,484,851
2018-11-08T23:00:00+09:00,J3,529,415,944
2018-11-08T23:00:00+09:00,J4,754,745,1499
2018-11-08T23:00:00+09:00,J5,268,263,531
2018-11-08T23:15:00+09:00,J1,573,648,1221
2018-11-08T23:15:00+09:00,J2,321,396,717
2018-11-08T23:15:00+09:00,J3,473,482,955
2018-11-08T23:15:00+09:00,J4,661,701,1362
2018-11-08T23:15:00+09:00,J5,283,263,546
2018-11-08T23:30:00+09:00,J1,542,625,1167
2018-11-08T23:30:00+09:00,J2,358,378,736
2018-11-08T23:30:00+09:00,J3,516,431,947
2018-11-08T23:30:00+09:00,J4,537,601,1138
2018-11-08T23:30:00+09:00,J5,328,296,624
2018-11-08T23:45:00+09:00,J1,509,570,1079
2018-11-08T23:45:00+09:00,J2,342,308,650
2018-11-08T23:45:00+09:00,J3,423,347,770
2018-11-08T23:45:00+09:00,J4,453,465,918
2018-11-08T23:45:00+09:00,J5,303,218,521
2018-11-09T00:00:00+09:00,J1,479,432,911
2018-11-09T00:00:00+09:00,J2,305,326,631
2018-11-09T00:00:00+09:00,J3,402,304,706
2018-11-09T00:00:00+09:00,J4,474,517,991
2018-11-09T00:00:00+09:00,J5,265,226,491
2018-11-09T00:15:00+09:00,J1,415,380,795
2018-11-09T00:15:00+09:00,J2,242,346,588
2018-11-09T00:15:00+09:00,J3,416,334,750
2018-11-09T00:15:00+09:00,J4,372,426,798
2018-11-09T00:15:00+09:00,J5,198,176,374
2018-11-09T00:30:00+09:00,J1,386,371,757
2018-11-09T00:30:00+09:00,J2,245,320,565
2018-11-09T00:30:00+09:00,J3,365,281,646
2018-11-09T00:30:00+09:00,J4,356,420,776
2018-11-09T00:30:00+09:00,J5,230,195,425
2018-11-09T00:45:00+09:00,J1,479,447,926
2018-11-09T00:45:00+09:00,J2,256,323,579
2018-11-09T00:45:00+09:00,J3,371,285,656
2018-11-09T00:45:00+09:00,J4,354,374,728
2018-11-09T00:45:00+09:00,J5,183,178,361
2018-11-09T05:45:00+09:00,J1,344,287,631
2018-11-09T05:45:00+09:00,J2,238,321,559
2018-11-09T05:45:00+09:00,J3,307,237,544
2018-11-09T05:45:00+09:00,J4,569,592,1161
2018-11-09T05:45:00+09:00,J5,227,194,421
2018-11-09T06:00:00+09:00,J1,467,404,871
2018-11-09T06:00:00+09:00,J2,255,267,522
2018-11-09T06:00:00+09:00,J3,326,258,584
2018-11-09T06:00:00+09:00,J4,827,760,1587
2018-11-09T06:00:00+09:00,J5,206,196,402
2018-11-09T06:15:00+09:00,J1,525,507,1032
2018-11-09T06:15:00+09:00,J2,288,270,558
2018-11-09T06:15:00+09:00,J3,348,333,681
2018-11-09T06:15:00+09:00,J4,721,767,1488
2018-11-09T06:15:00+09:00,J5,260,207,467
2018-11-09T06:30:00+09:00,J1,511,504,1015
2018-11-09T06:30:00+09:00,J2,331,313,644
2018-11-09T06:30:00+09:00,J3,339,337,676
2018-11-09T06:30:00+09:00,J4,722,702,1424
2018-11-09T06:30:00+09:00,J5,238,237,475
2018-11-09T06:45:00+09:00,J1,546,530,1076
2018-11-09T06:45:00+09:00,J2,431,388,819
2018-11-09T06:45:00+09:00,J3,407,368,775
2018-11-09T06:45:00+09:00,J4,741,774,1515
2018-11-09T06:45:00+09:00,J5,315,272,587
2018-11-09T07:00:00+09:00,J1,650,531,1181
2018-11-09T07:00:00+09:00,J2,465,374,839
2018-11-09T07:00:00+09:00,J3,460,418,878
2018-11-09T07:00:00+09:00,J4,801,746,1547
2018-11-09T07:00:00+09:00,J5,397,408,805
2018-11-09T07:15:00+09:00,J1,733,577,1310
2018-11-09T07:15:00+09:00,J2,492,355,847
2018-11-09T07:15:00+09:00,J3,487,430,917
2018-11-09T07:15:00+09:00,J4,793,756,1549
2018-11-09T07:15:00+09:00,J5,465,390,855
2018-11-09T07:30:00+09:00,J1,775,694,1469
2018-11-09T07:30:00+09:00,J2,651,452,1103
2018-11-09T07:30:00+09:00,J3,690,736,1426
2018-11-09T07:30:00+09:00,J4,872,869,1741
2018-11-09T07:30:00+09:00,J5,489,511,1000
2018-11-09T07:45:00+09:00,J1,755,697,1452
2018-11-09T07:45:00+09:00,J2,764,603,1367
2018-11-09T07:45:00+09:00,J3,712,756,1468
2018-11-09T07:45:00+09:00,J4,881,931,1812
2018-11-09T07:45:00+09:00,J5,544,558,1102
2018-11-09T08:00:00+09:00,J1,1101,786,1887
2018-11-09T08:00:00+09:00,J2,882,687,1569
2018-11-09T08:00:00+09:00,J3,819,884,1703
2018-11-09T08:00:00+09:00,J4,919,1035,1954
2018-11-09T08:00:00+09:00,J5,614,626,1240
2018-11-09T08:15:00+09:00,J1,1179,916,2095
2018-11-09T08:15:00+09:00,J2,1039,715,1754
2018-11-09T08:15:00+09:00,J3,898,1022,1920
2018-11-09T08:15:00+09:00,J4,886,1106,1992
2018-11-09T08:15:00+09:00,J5,574,601,1175
2018-11-09T08:30:00+09:00,J1,1176,838,2014
2018-11-09T08:30:00+09:00,J2,1046,688,1734
2018-11-09T08:30:00+09:00,J3,885,991,1876
2018-11-09T08:30:00+09:00,J4,901,1044,1945
2018-11-09T08:30:00+09:00,J5,593,573,1166
2018-11-09T08:45:00+09:00,J1,973,782,1755
2018-11-09T08:45:00+09:00,J2,913,692,1605
2018-11-09T08:45:00+09:00,J3,839,919,1758
2018-11-09T08:45:00+09:00,J4,865,1008,1873
2018-11-09T08:45:00+09:00,J5,539,535,1074
2018-11-09T09:00:00+09:00,J1,929,774,1703
2018-11-09T09:00:00+09:00,J2,768,605,1373
2018-11-09T09:00:00+09:00,J3,862,903,1765
2018-11-09T09:00:00+09:00,J4,932,907,1839
2018-11-09T09:00:00+09:00,J5,638,643,1281
2018-11-09T09:15:00+09:00,J1,818,630,1448
2018-11-09T09:15:00+09:00,J2,776,644,1420
2018-11-09T09:15:00+09:00,J3,767,808,1575
2018-11-09T09:15:00+09:00,J4,861,924,1785
2018-11-09T09:15:00+09:00,J5,474,429,903
2018-11-09T09:30:00+09:00,J1,850,722,1572
2018-11-09T09:30:00+09:00,J2,776,636,1412
2018-11-09T09:30:00+09:00,J3,686,731,1417
2018-11-09T09:30:00+09:00,J4,937,926,1863
2018-11-09T09:30:00+09:00,J5,365,349,714
2018-11-09T09:45:00+09:00,J1,852,713,1565
2018-11-09T09:45:00+09:00,J2,789,626,1415
2018-11-09T09:45:00+09:00,J3,680,659,1339
2018-11-09T09:45:00+09:00,J4,878,803,1681
2018-11-09T09:45:00+09:00,J5,269,258,527
2018-11-09T10:00:00+09:00,J1,749,746,1495
2018-11-09T10:00:00+09:00,J2,643,590,1233
2018-11-09T10:00:00+09:00,J3,696,684,1380
2018-11-09T10:00:00+09:00,J4,837,798,1635
2018-11-09T10:00:00+09:00,J5,267,305,572
2018-11-09T10:15:00+09:00,J1,728,783,1511
2018-11-09T10:15:00+09:00,J2,707,644,1351
2018-11-09T10:15:00+09:00,J3,750,705,1455
2018-11-09T10:15:00+09:00,J4,818,831,1649
2018-11-09T10:15:00+09:00,J5,343,348,691
2018-11-09T10:30:00+09:00,J1,812,753,1565
2018-11-09T10:30:00+09:00,J2,788,720,1508
2018-11-09T10:30:00+09:00,J3,726,695,1421
2018-11-09T10:30:00+09:00,J4,837,870,1707
2018-11-09T10:30:00+09:00,J5,352,337,689
2018-11-09T10:45:00+09:00,J1,750,828,1578
2018-11-09T10:45:00+09:00,J2,724,697,1421
2018-11-09T10:45:00+09:00,J3,684,660,1344
2018-11-09T10:45:00+09:00,J4,884,848,1732
2018-11-09T10:45:00+09:00,J5,277,279,556
2018-11-09T11:00:00+09:00,J1,804,846,1650
2018-11-09T11:00:00+09:00,J2,806,719,1525
2018-11-09T11:00:00+09:00,J3,755,769,1524
2018-11-09T11:00:00+09:00,J4,897,856,1753
2018-11-09T11:00:00+09:00,J5,231,244,475
2018-11-09T11:15:00+09:00,J1,934,910,1844
2018-11-09T11:15:00+09:00,J2,833,731,1564
2018-11-09T11:15:00+09:00,J3,663,593,1256
2018-11-09T11:15:00+09:00,J4,869,931,1800
2018-11-09T11:15:00+09:00,J5,247,278,525
2018-11-09T11:30:00+09:00,J1,911,890,1801
2018-11-09T11:30:00+09:00,J2,829,762,1591
2018-11-09T11:30:00+09:00,J3,585,580,1165
2018-11-09T11:30:00+09:00,J4,870,915,1785
2018-11-09T11:30:00+09:00,J5,330,291,621
2018-11-09T11:45:00+09:00,J1,927,890,1817
2018-11-09T11:45:00+09:00,J2,803,805,1608
2018-11-09T11:45:00+09:00,J3,709,658,1367
2018-11-09T11:45:00+09:00,J4,892,883,1775
2018-11-09T11:45:00+09:00,J5,452,437,889
2018-11-09T12:00:00+09:00,J1,865,955,1820
2018-11-09T12:00:00+09:00,J2,855,739,1594
2018-11-09T12:00:00+09:00,J3,813,655,1468
2018-11-09T12:00:00+09:00,J4,894,915,1809
2018-11-09T12:00:00+09:00,J5,462,437,899
2018-11-09T12:15:00+09:00,J1,891,915,1806
2018-11-09T12:15:00+09:00,J2,872,777,1649
2018-11-09T12:15:00+09:00,J3,731,649,1380
2018-11-09T12:15:00+09:00,J4,972,1022,1994
2018-11-09T12:15:00+09:00,J5,465,486,951
2018-11-09T12:30:00+09:00,J1,875,879,1754
2018-11-09T12:30:00+09:00,J2,902,720,1622
2018-11-09T12:30:00+09:00,J3,748,692,1440
2018-11-09T12:30:00+09:00,J4,924,897,1821
2018-11-09T12:30:00+09:00,J5,413,396,809
2018-11-09T12:45:00+09:00,J1,792,778,1570
2018-11-09T12:45:00+09:00,J2,797,748,1545
2018-11-09T12:45:00+09:00,J3,647,617,1264
2018-11-09T12:45:00+09:00,J4,961,952,1913
2018-11-09T12:45:00+09:00,J5,322,369,691
2018-11-09T13:00:00+09:00,J1,805,882,1687
2018-11-09T13:00:00+09:00,J2,832,759,1591
2018-11-09T13:00:00+09:00,J3,674,669,1343
2018-11-09T13:00:00+09:00,J4,879,774,1653
2018-11-09T13:00:00+09:00,J5,251,295,546
2018-11-09T13:15:00+09:00,J1,772,852,1624
2018-11-09T13:15:00+09:00,J2,825,690,1515
2018-11-09T13:15:00+09:00,J3,673,649,1322
2018-11-09T13:15:00+09:00,J4,789,791,1580
2018-11-09T13:15:00+09:00,J5,279,309,588
2018-11-09T13:30:00+09:00,J1,822,888,1710
2018-11-09T13:30:00+09:00,J2,810,591,1401
2018-11-09T13:30:00+09:00,J3,663,612,1275
2018-11-09T13:30:00+09:00,J4,779,796,1575
2018-11-09T13:30:00+09:00,J5,265,289,554
2018-11-09T13:45:00+09:00,J1,794,767,1561
2018-11-09T13:45:00+09:00,J2,726,639,1365
2018-11-09T13:45:00+09:00,J3,605,548,1153
2018-11-09T13:45:00+09:00,J4,680,706,1386
2018-11-09T13:45:00+09:00,J5,281,298,579
2018-11-09T14:00:00+09:00,J1,722,806,1528
2018-11-09T14:00:00+09:00,J2,778,660,1438
2018-11-09T14:00:00+09:00,J3,557,532,1089
2018-11-09T14:00:00+09:00,J4,736,792,1528
2018-11-09T14:00:00+09:00,J5,289,308,597
2018-11-09T14:15:00+09:00,J1,717,805,1522
2018-11-09T14:15:00+09:00,J2,833,697,1530
2018-11-09T14:15:00+09:00,J3,572,506,1078
2018-11-09T14:15:00+09:00,J4,769,764,1533
2018-11-09T14:15:00+09:00,J5,273,322,595
2018-11-09T14:30:00+09:00,J1,776,854,1630
2018-11-09T14:30:00+09:00,J2,835,715,1550
2018-11-09T14:30:00+09:00,J3,676,634,1310
2018-11-09T14:30:00+09:00,J4,716,736,1452
2018-11-09T14:30:00+09:00,J5,236,293,529
2018-11-09T14:45:00+09:00,J1,750,853,1603
2018-11-09T14:45:00+09:00,J2,789,732,1521
2018-11-09T14:45:00+09:00,J3,647,613,1260
2018-11-09T14:45:00+09:00,J4,699,698,1397
2018-11-09T14:45:00+09:00,J5,241,264,505
2018-11-09T15:00:00+09:00,J1,738,849,1587
2018-11-09T15:00:00+09:00,J2,840,703,1543
2018-11-09T15:00:00+09:00,J3,601,543,1144
2018-11-09T15:00:00+09:00,J4,609,664,1273
2018-11-09T15:00:00+09:00,J5,278,249,527
2018-11-09T15:15:00+09:00,J1,714,850,1564
2018-11-09T15:15:00+09:00,J2,773,714,1487
2018-11-09T15:15:00+09:00,J3,697,699,1396
2018-11-09T15:15:00+09:00,J4,715,689,1404
2018-11-09T15:15:00+09:00,J5,215,222,437
2018-11-09T15:30:00+09:00,J1,766,884,1650
2018-11-09T15:30:00+09:00,J2,796,672,1468
2018-11-09T15:30:00+09:00,J3,709,611,1320
2018-11-09T15:30:00+09:00,J4,716,761,1477
2018-11-09T15:30:00+09:00,J5,228,298,526
2018-11-09T15:45:00+09:00,J1,827,884,1711
2018-11-09T15:45:00+09:00,J2,751,664,1415
2018-11-09T15:45:00+09:00,J3,614,645,1259
2018-11-09T15:45:00+09:00,J4,701,687,1388
2018-11-09T15:45:00+09:00,J5,236,302,538
2018-11-09T16:00:00+09:00,J1,760,880,1640
2018-11-09T16:00:00+09:00,J2,780,694,1474
2018-11-09T16:00:00+09:00,J3,625,615,1240
2018-11-09T16:00:00+09:00,J4,697,742,1439
2018-11-09T16:00:00+09:00,J5,326,324,650
2018-11-09T16:15:00+09:00,J1,837,949,1786
2018-11-09T16:15:00+09:00,J2,715,698,1413
2018-11-09T16:15:00+09:00,J3,621,648,1269
2018-11-09T16:15:00+09:00,J4,748,677,1425
2018-11-09T16:15:00+09:00,J5,250,290,540
2018-11-09T16:30:00+09:00,J1,865,924,1789
2018-11-09T16:30:00+09:00,J2,743,668,1411
2018-11-09T16:30:00+09:00,J3,756,694,1450
2018-11-09T16:30:00+09:00,J4,776,696,1472
2018-11-09T16:30:00+09:00,J5,317,295,612
2018-11-09T16:45:00+09:00,J1,889,869,1758
2018-11-09T16:45:00+09:00,J2,775,728,1503
2018-11-09T16:45:00+09:00,J3,700,673,1373
2018-11-09T16:45:00+09:00,J4,736,625,1361
2018-11-09T16:45:00+09:00,J5,238,298,536
2018-11-09T17:00:00+09:00,J1,955,972,1927
2018-11-09T17:00:00+09:00,J2,775,771,1546
2018-11-09T17:00:00+09:00,J3,834,587,1421
2018-11-09T17:00:00+09:00,J4,756,685,1441
2018-11-09T17:00:00+09:00,J5,281,380,661
2018-11-09T17:15:00+09:00,J1,980,1090,2070
2018-11-09T17:15:00+09:00,J2,783,808,1591
2018-11-09T17:15:00+09:00,J3,883,671,1554
2018-11-09T17:15:00+09:00,J4,839,774,1613
2018-11-09T17:15:00+09:00,J5,402,501,903
2018-11-09T17:30:00+09:00,J1,992,1207,2199
2018-11-09T17:30:00+09:00,J2,820,997,1817
2018-11-09T17:30:00+09:00,J3,927,768,1695
2018-11-09T17:30:00+09:00,J4,943,774,1717
2018-11-09T17:30:00+09:00,J5,437,533,970
2018-11-09T17:45:00+09:00,J1,1021,1262,2283
2018-11-09T17:45:00+09:00,J2,876,983,1859
2018-11-09T17:45:00+09:00,J3,958,808,1766
2018-11-09T17:45:00+09:00,J4,1029,833,1862
2018-11-09T17:45:00+09:00,J5,419,572,991
2018-11-09T18:00:00+09:00,J1,1016,1276,2292
2018-11-09T18:00:00+09:00,J2,830,986,1816
2018-11-09T18:00:00+09:00,J3,962,778,1740
2018-11-09T18:00:00+09:00,J4,1019,793,1812
2018-11-09T18:00:00+09:00,J5,383,519,902
2018-11-09T18:15:00+09:00,J1,1026,1305,2331
2018-11-09T18:15:00+09:00,J2,861,870,1731
2018-11-09T18:15:00+09:00,J3,964,761,1725
2018-11-09T18:15:00+09:00,J4,1074,788,1862
2018-11-09T18:15:00+09:00,J5,516,732,1248
2018-11-09T18:30:00+09:00,J1,980,1058,2038
2018-11-09T18:30:00+09:00,J2,769,781,1550
2018-11-09T18:30:00+09:00,J3,1048,716,1764
2018-11-09T18:30:00+09:00,J4,1173,724,1897
2018-11-09T18:30:00+09:00,J5,465,539,1004
2018-11-09T18:45:00+09:00,J1,911,1024,1935
2018-11-09T18:45:00+09:00,J2,695,735,1430
2018-11-09T18:45:00+09:00,J3,893,634,1527
2018-11-09T18:45:00+09:00,J4,961,736,1697
2018-11-09T18:45:00+09:00,J5,387,475,862
2018-11-09T19:00:00+09:00,J1,836,943,1779
2018-11-09T19:00:00+09:00,J2,620,640,1260
2018-11-09T19:00:00+09:00,J3,850,643,1493
2018-11-09T19:00:00+09:00,J4,898,753,1651
2018-11-09T19:00:00+09:00,J5,354,475,829
2018-11-09T19:15:00+09:00,J1,732,983,1715
2018-11-09T19:15:00+09:00,J2,574,679,1253
2018-11-09T19:15:00+09:00,J3,816,658,1474
2018-11-09T19:15:00+09:00,J4,919,735,1654
2018-11-09T19:15:00+09:00,J5,382,504,886
2018-11-09T19:30:00+09:00,J1,654,931,1585
2018-11-09T19:30:00+09:00,J2,556,638,1194
2018-11-09T19:30:00+09:00,J3,696,600,1296
2018-11-09T19:30:00+09:00,J4,789,681,1470
2018-11-09T19:30:00+09:00,J5,298,389,687
2018-11-09T19:45:00+09:00,J1,648,738,1386
2018-11-09T19:45:00+09:00,J2,450,587,1037
2018-11-09T19:45:00+09:00,J3,608,477,1085
2018-11-09T19:45:00+09:00,J4,739,631,1370
2018-11-09T19:45:00+09:00,J5,334,392,726
2018-11-09T20:00:00+09:00,J1,620,908,1528
2018-11-09T20:00:00+09:00,J2,503,626,1129
2018-11-09T20:00:00+09:00,J3,650,537,1187
2018-11-09T20:00:00+09:00,J4,730,638,1368
2018-11-09T20:00:00+09:00,J5,319,341,660
2018-11-09T20:15:00+09:00,J1,661,868,1529
2018-11-09T20:15:00+09:00,J2,522,621,1143
2018-11-09T20:15:00+09:00,J3,670,502,1172
2018-11-09T20:15:00+09:00,J4,835,697,1532
2018-11-09T20:15:00+09:00,J5,327,383,710
2018-11-09T20:30:00+09:00,J1,604,825,1429
2018-11-09T20:30:00+09:00,J2,509,554,1063
2018-11-09T20:30:00+09:00,J3,702,522,1224
2018-11-09T20:30:00+09:00,J4,831,677,1508
2018-11-09T20:30:00+09:00,J5,355,402,757
2018-11-09T20:45:00+09:00,J1,622,810,1432
2018-11-09T20:45:00+09:00,J2,477,578,1055
2018-11-09T20:45:00+09:00,J3,567,453,1020
2018-11-09T20:45:00+09:00,J4,787,593,1380
2018-11-09T20:45:00+09:00,J5,335,340,675
2018-11-09T21:00:00+09:00,J1,631,742,1373
2018-11-09T21:00:00+09:00,J2,559,634,1193
2018-11-09T21:00:00+09:00,J3,550,437,987
2018-11-09T21:00:00+09:00,J4,741,602,1343
2018-11-09T21:00:00+09:00,J5,291,323,614
2018-11-09T21:15:00+09:00,J1,664,789,1453
2018-11-09T21:15:00+09:00,J2,509,679,1188
2018-11-09T21:15:00+09:00,J3,610,450,1060
2018-11-09T21:15:00+09:00,J4,687,549,1236
2018-11-09T21:15:00+09:00,J5,284,287,571
2018-11-09T21:30:00+09:00,J1,656,735,1391
2018-11-09T21:30:00+09:00,J2,452,610,1062
2018-11-09T21:30:00+09:00,J3,608,438,1046
2018-11-09T21:30:00+09:00,J4,605,525,1130
2018-11-09T21:30:00+09:00,J5,248,304,552
2018-11-09T21:45:00+09:00,J1,653,741,1394
2018-11-09T21:45:00+09:00,J2,380,495,875
2018-11-09T21:45:00+09:00,J3,464,406,870
2018-11-09T21:45:00+09:00,J4,633,548,1181
2018-11-09T21:45:00+09:00,J5,242,248,490
2018-11-09T22:00:00+09:00,J1,583,685,1268
2018-11-09T22:00:00+09:00,J2,403,506,909
2018-11-09T22:00:00+09:00,J3,462,455,917
2018-11-09T22:00:00+09:00,J4,707,659,1366
2018-11-09T22:00:00+09:00,J5,239,244,483
2018-11-09T22:15:00+09:00,J1,592,701,1293
2018-11-09T22:15:00+09:00,J2,362,497,859
2018-11-09T22:15:00+09:00,J3,482,468,950
2018-11-09T22:15:00+09:00,J4,629,588,1217
2018-11-09T22:15:00+09:00,J5,249,215,464
2018-11-09T22:30:00+09:00,J1,600,701,1301
2018-11-09T22:30:00+09:00,J2,312,460,772
2018-11-09T22:30:00+09:00,J3,504,397,901
2018-11-09T22:30:00+09:00,J4,628,634,1262
2018-11-09T22:30:00+09:00,J5,285,260,545
2018-11-09T22:45:00+09:00,J1,528,631,1159
2018-11-09T22:45:00+09:00,J2,301,480,781
2018-11-09T22:45:00+09:00,J3,376,363,739
2018-11-09T22:45:00+09:00,J4,589,539,1128
2018-11-09T22:45:00+09:00,J5,218,201,419
2018-11-09T23:00:00+09:00,J1,515,607,1122
2018-11-09T23:00:00+09:00,J2,373,461,834
2018-11-09T23:00:00+09:00,J3,419,316,735
2018-11-09T23:00:00+09:00,J4,612,528,1140
2018-11-09T23:00:00+09:00,J5,218,190,408
2018-11-09T23:15:00+09:00,J1,474,568,1042
2018-11-09T23:15:00+09:00,J2,318,432,750
2018-11-09T23:15:00+09:00,J3,399,362,761
2018-11-09T23:15:00+09:00,J4,529,545,1074
2018-11-09T23:15:00+09:00,J5,204,195,399
2018-11-09T23:30:00+09:00,J1,452,495,947
2018-11-09T23:30:00+09:00,J2,301,424,725
2018-11-09T23:30:00+09:00,J3,364,308,672
2018-11-09T23:30:00+09:00,J4,480,485,965
2018-11-09T23:30:00+09:00,J5,181,167,348
2018-11-09T23:45:00+09:00,J1,371,421,792
2018-11-09T23:45:00+09:00,J2,281,339,620
2018-11-09T23:45:00+09:00,J3,274,242,516
2018-11-09T23:45:00+09:00,J4,386,434,820
2018-11-09T23:45:00+09:00,J5,182,167,349
2018-11-10T00:00:00+09:00,J1,385,353,738
2018-11-10T00:00:00+09:00,J2,283,306,589
2018-11-10T00:00:00+09:00,J3,323,199,522
2018-11-10T00:00:00+09:00,J4,444,356,800
2018-11-10T00:00:00+09:00,J5,214,171,385
2018-11-10T00:15:00+09:00,J1,328,360,688
2018-11-10T00:15:00+09:00,J2,314,303,617
2018-11-10T00:15:00+09:00,J3,348,286,634
2018-11-10T00:15:00+09:00,J4,318,354,672
2018-11-10T00:15:00+09:00,J5,276,303,579
2018-11-10T00:30:00+09:00,J1,329,341,670
2018-11-10T00:30:00+09:00,J2,322,317,639
2018-11-10T00:30:00+09:00,J3,438,407,845
2018-11-10T00:30:00+09:00,J4,384,426,810
2018-11-10T00:30:00+09:00,J5,435,484,919
2018-11-10T00:45:00+09:00,J1,262,314,576
2018-11-10T00:45:00+09:00,J2,312,344,656
2018-11-10T00:45:00+09:00,J3,380,329,709
2018-11-10T00:45:00+09:00,J4,355,352,707
2018-11-10T00:45:00+09:00,J5,409,460,869
2018-11-10T05:45:00+09:00,J1,338,306,644
2018-11-10T05:45:00+09:00,J2,544,510,1054
2018-11-10T05:45:00+09:00,J3,552,512,1064
2018-11-10T05:45:00+09:00,J4,768,604,1372
2018-11-10T05:45:00+09:00,J5,282,236,518
2018-11-10T06:00:00+09:00,J1,309,302,611
2018-11-10T06:00:00+09:00,J2,558,552,1110
2018-11-10T06:00:00+09:00,J3,646,561,1207
2018-11-10T06:00:00+09:00,J4,671,642,1313
2018-11-10T06:00:00+09:00,J5,353,364,717
2018-11-10T06:15:00+09:00,J1,340,324,664
2018-11-10T06:15:00+09:00,J2,537,535,1072
2018-11-10T06:15:00+09:00,J3,587,572,1159
2018-11-10T06:15:00+09:00,J4,577,611,1188
2018-11-10T06:15:00+09:00,J5,390,437,827
2018-11-10T06:30:00+09:00,J1,347,338,685
2018-11-10T06:30:00+09:00,J2,594,520,1114
2018-11-10T06:30:00+09:00,J3,539,595,1134
2018-11-10T06:30:00+09:00,J4,668,661,1329
2018-11-10T06:30:00+09:00,J5,436,490,926
2018-11-10T06:45:00+09:00,J1,385,390,775
2018-11-10T06:45:00+09:00,J2,594,478,1072
2018-11-10T06:45:00+09:00,J3,529,532,1061
2018-11-10T06:45:00+09:00,J4,688,710,1398
2018-11-10T06:45:00+09:00,J5,442,432,874
2018-11-10T07:00:00+09:00,J1,377,380,757
2018-11-10T07:00:00+09:00,J2,591,521,1112
2018-11-10T07:00:00+09:00,J3,557,533,1090
2018-11-10T07:00:00+09:00,J4,792,759,1551
2018-11-10T07:00:00+09:00,J5,507,491,998
2018-11-10T07:15:00+09:00,J1,385,356,741
2018-11-10T07:15:00+09:00,J2,479,464,943
2018-11-10T07:15:00+09:00,J3,547,530,1077
2018-11-10T07:15:00+09:00,J4,838,787,1625
2018-11-10T07:15:00+09:00,J5,462,514,976
2018-11-10T07:30:00+09:00,J1,404,403,807
2018-11-10T07:30:00+09:00,J2,538,449,987
2018-11-10T07:30:00+09:00,J3,492,467,959
2018-11-10T07:30:00+09:00,J4,859,786,1645
2018-11-10T07:30:00+09:00,J5,403,423,826
2018-11-10T07:45:00+09:00,J1,435,395,830
2018-11-10T07:45:00+09:00,J2,510,436,946
2018-11-10T07:45:00+09:00,J3,505,455,960
2018-11-10T07:45:00+09:00,J4,845,765,1610
2018-11-10T07:45:00+09:00,J5,424,481,905
2018-11-10T08:00:00+09:00,J1,675,606,1281
2018-11-10T08:00:00+09:00,J2,464,405,869
2018-11-10T08:00:00+09:00,J3,364,365,729
2018-11-10T08:00:00+09:00,J4,775,791,1566
2018-11-10T08:00:00+09:00,J5,304,309,613
2018-11-10T08:15:00+09:00,J1,719,677,1396
2018-11-10T08:15:00+09:00,J2,503,439,942
2018-11-10T08:15:00+09:00,J3,340,351,691
2018-11-10T08:15:00+09:00,J4,750,777,1527
2018-11-10T08:15:00+09:00,J5,326,256,582
2018-11-10T08:30:00+09:00,J1,734,714,1448
2018-11-10T08:30:00+09:00,J2,552,443,995
2018-11-10T08:30:00+09:00,J3,326,370,696
2018-11-10T08:30:00+09:00,J4,819,814,1633
2018-11-10T08:30:00+09:00,J5,268,287,555
2018-11-10T08:45:00+09:00,J1,672,649,1321
2018-11-10T08:45:00+09:00,J2,520,481,1001
2018-11-10T08:45:00+09:00,J3,316,334,650
2018-11-10T08:45:00+09:00,J4,824,787,1611
2018-11-10T08:45:00+09:00,J5,355,358,713
2018-11-10T09:00:00+09:00,J1,625,512,1137
2018-11-10T09:00:00+09:00,J2,507,415,922
2018-11-10T09:00:00+09:00,J3,341,325,666
2018-11-10T09:00:00+09:00,J4,686,761,1447
2018-11-10T09:00:00+09:00,J5,275,265,540
2018-11-10T09:15:00+09:00,J1,645,562,1207
2018-11-10T09:15:00+09:00,J2,533,443,976
2018-11-10T09:15:00+09:00,J3,325,345,670
2018-11-10T09:15:00+09:00,J4,682,827,1509
2018-11-10T09:15:00+09:00,J5,267,246,513
2018-11-10T09:30:00+09:00,J1,645,545,1190
2018-11-10T09:30:00+09:00,J2,489,485,974
2018-11-10T09:30:00+09:00,J3,348,370,718
2018-11-10T09:30:00+09:00,J4,840,748,1588
2018-11-10T09:30:00+09:00,J5,252,239,491
2018-11-10T09:45:00+09:00,J1,614,518,1132
2018-11-10T09:45:00+09:00,J2,483,411,894
2018-11-10T09:45:00+09:00,J3,328,329,657
2018-11-10T09:45:00+09:00,J4,766,719,1485
2018-11-10T09:45:00+09:00,J5,262,202,464
2018-11-10T10:00:00+09:00,J1,557,544,1101
2018-11-10T10:00:00+09:00,J2,456,395,851
2018-11-10T10:00:00+09:00,J3,331,308,639
2018-11-10T10:00:00+09:00,J4,790,766,1556
2018-11-10T10:00:00+09:00,J5,229,213,442
2018-11-10T10:15:00+09:00,J1,645,616,1261
2018-11-10T10:15:00+09:00,J2,527,431,958
2018-11-10T10:15:00+09:00,J3,375,372,747
2018-11-10T10:15:00+09:00,J4,688,676,1364
2018-11-10T10:15:00+09:00,J5,229,188,417
2018-11-10T10:30:00+09:00,J1,636,617,1253
2018-11-10T10:30:00+09:00,J2,490,533,1023
2018-11-10T10:30:00+09:00,J3,423,396,819
2018-11-10T10:30:00+09:00,J4,698,728,1426
2018-11-10T10:30:00+09:00,J5,236,234,470
2018-11-10T10:45:00+09:00,J1,584,611,1195
2018-11-10T10:45:00+09:00,J2,411,470,881
2018-11-10T10:45:00+09:00,J3,432,448,880
2018-11-10T10:45:00+09:00,J4,721,779,1500
2018-11-10T10:45:00+09:00,J5,298,230,528
2018-11-10T11:00:00+09:00,J1,674,678,1352
2018-11-10T11:00:00+09:00,J2,413,507,920
2018-11-10T11:00:00+09:00,J3,526,429,955
2018-11-10T11:00:00+09:00,J4,694,791,1485
2018-11-10T11:00:00+09:00,J5,284,204,488
2018-11-10T11:15:00+09:00,J1,836,819,1655
2018-11-10T11:15:00+09:00,J2,503,515,1018
2018-11-10T11:15:00+09:00,J3,546,449,995
2018-11-10T11:15:00+09:00,J4,631,738,1369
2018-11-10T11:15:00+09:00,J5,297,229,526
2018-11-10T11:30:00+09:00,J1,811,806,1617
2018-11-10T11:30:00+09:00,J2,447,485,932
2018-11-10T11:30:00+09:00,J3,554,516,1070
2018-11-10T11:30:00+09:00,J4,676,774,1450
2018-11-10T11:30:00+09:00,J5,320,239,559
2018-11-10T11:45:00+09:00,J1,870,883,1753
2018-11-10T11:45:00+09:00,J2,442,541,983
2018-11-10T11:45:00+09:00,J3,595,446,1041
2018-11-10T11:45:00+09:00,J4,640,774,1414
2018-11-10T11:45:00+09:00,J5,264,189,453
2018-11-10T12:00:00+09:00,J1,904,853,1757
2018-11-10T12:00:00+09:00,J2,442,537,979
2018-11-10T12:00:00+09:00,J3,611,469,1080
2018-11-10T12:00:00+09:00,J4,647,700,1347
2018-11-10T12:00:00+09:00,J5,282,220,502
2018-11-10T12:15:00+09:00,J1,821,903,1724
2018-11-10T12:15:00+09:00,J2,505,615,1120
2018-11-10T12:15:00+09:00,J3,604,572,1176
2018-11-10T12:15:00+09:00,J4,679,772,1451
2018-11-10T12:15:00+09:00,J5,296,256,552
2018-11-10T12:30:00+09:00,J1,824,869,1693
2018-11-10T12:30:00+09:00,J2,598,635,1233
2018-11-10T12:30:00+09:00,J3,658,590,1248
2018-11-10T12:30:00+09:00,J4,654,748,1402
2018-11-10T12:30:00+09:00,J5,309,259,568
2018-11-10T12:45:00+09:00,J1,868,932,1800
2018-11-10T12:45:00+09:00,J2,681,688,1369
2018-11-10T12:45:00+09:00,J3,806,685,1491
2018-11-10T12:45:00+09:00,J4,758,853,1611
2018-11-10T12:45:00+09:00,J5,291,287,578
2018-11-10T13:00:00+09:00,J1,824,1064,1888
2018-11-10T13:00:00+09:00,J2,706,720,1426
2018-11-10T13:00:00+09:00,J3,841,695,1536
2018-11-10T13:00:00+09:00,J4,791,918,1709
2018-11-10T13:00:00+09:00,J5,300,334,634
2018-11-10T13:15:00+09:00,J1,852,1082,1934
2018-11-10T13:15:00+09:00,J2,707,633,1340
2018-11-10T13:15:00+09:00,J3,811,802,1613
2018-11-10T13:15:00+09:00,J4,681,796,1477
2018-11-10T13:15:00+09:00,J5,273,326,599
2018-11-10T13:30:00+09:00,J1,856,1038,1894
2018-11-10T13:30:00+09:00,J2,745,666,1411
2018-11-10T13:30:00+09:00,J3,863,726,1589
2018-11-10T13:30:00+09:00,J4,746,742,1488
2018-11-10T13:30:00+09:00,J5,283,272,555
2018-11-10T13:45:00+09:00,J1,784,914,1698
2018-11-10T13:45:00+09:00,J2,549,603,1152
2018-11-10T13:45:00+09:00,J3,760,699,1459
2018-11-10T13:45:00+09:00,J4,706,819,1525
2018-11-10T13:45:00+09:00,J5,295,252,547
2018-11-10T14:00:00+09:00,J1,747,955,1702
2018-11-10T14:00:00+09:00,J2,535,535,1070
2018-11-10T14:00:00+09:00,J3,728,623,1351
2018-11-10T14:00:00+09:00,J4,733,872,1605
2018-11-10T14:00:00+09:00,J5,297,274,571
2018-11-10T14:15:00+09:00,J1,762,1012,1774
2018-11-10T14:15:00+09:00,J2,650,587,1237
2018-11-10T14:15:00+09:00,J3,748,732,1480
2018-11-10T14:15:00+09:00,J4,661,764,1425
2018-11-10T14:15:00+09:00,J5,273,272,545
2018-11-10T14:30:00+09:00,J1,859,1020,1879
2018-11-10T14:30:00+09:00,J2,586,582,1168
2018-11-10T14:30:00+09:00,J3,840,676,1516
2018-11-10T14:30:00+09:00,J4,839,865,1704
2018-11-10T14:30:00+09:00,J5,301,269,570
2018-11-10T14:45:00+09:00,J1,826,1039,1865
2018-11-10T14:45:00+09:00,J2,636,636,1272
2018-11-10T14:45:00+09:00,J3,862,790,1652
2018-11-10T14:45:00+09:00,J4,850,955,1805
2018-11-10T14:45:00+09:00,J5,308,276,584
2018-11-10T15:00:00+09:00,J1,764,1084,1848
2018-11-10T15:00:00+09:00,J2,635,606,1241
2018-11-10T15:00:00+09:00,J3,828,700,1528
2018-11-10T15:00:00+09:00,J4,881,932,1813
2018-11-10T15:00:00+09:00,J5,319,284,603
2018-11-10T15:15:00+09:00,J1,739,955,1694
2018-11-10T15:15:00+09:00,J2,555,543,1098
2018-11-10T15:15:00+09:00,J3,782,675,1457
2018-11-10T15:15:00+09:00,J4,841,895,1736
2018-11-10T15:15:00+09:00,J5,309,249,558
2018-11-10T15:30:00+09:00,J1,761,909,1670
2018-11-10T15:30:00+09:00,J2,597,551,1148
2018-11-10T15:30:00+09:00,J3,816,616,1432
2018-11-10T15:30:00+09:00,J4,794,909,1703
2018-11-10T15:30:00+09:00,J5,297,221,518
2018-11-10T15:45:00+09:00,J1,698,962,1660
2018-11-10T15:45:00+09:00,J2,569,551,1120
2018-11-10T15:45:00+09:00,J3,718,623,1341
2018-11-10T15:45:00+09:00,J4,741,874,1615
2018-11-10T15:45:00+09:00,J5,281,233,514
2018-11-10T16:00:00+09:00,J1,676,867,1543
2018-11-10T16:00:00+09:00,J2,555,575,1130
2018-11-10T16:00:00+09:00,J3,670,613,1283
2018-11-10T16:00:00+09:00,J4,824,873,1697
2018-11-10T16:00:00+09:00,J5,281,237,518
2018-11-10T16:15:00+09:00,J1,785,945,1730
2018-11-10T16:15:00+09:00,J2,524,636,1160
2018-11-10T16:15:00+09:00,J3,763,591,1354
2018-11-10T16:15:00+09:00,J4,862,841,1703
2018-11-10T16:15:00+09:00,J5,282,232,514
2018-11-10T16:30:00+09:00,J1,726,934,1660
2018-11-10T16:30:00+09:00,J2,569,612,1181
2018-11-10T16:30:00+09:00,J3,761,560,1321
2018-11-10T16:30:00+09:00,J4,825,829,1654
2018-11-10T16:30:00+09:00,J5,266,218,484
2018-11-10T16:45:00+09:00,J1,769,883,1652
2018-11-10T16:45:00+09:00,J2,529,636,1165
2018-11-10T16:45:00+09:00,J3,725,602,1327
2018-11-10T16:45:00+09:00,J4,950,928,1878
2018-11-10T16:45:00+09:00,J5,257,245,502
2018-11-10T17:00:00+09:00,J1,865,933,1798
2018-11-10T17:00:00+09:00,J2,590,641,1231
2018-11-10T17:00:00+09:00,J3,866,724,1590
2018-11-10T17:00:00+09:00,J4,869,924,1793
2018-11-10T17:00:00+09:00,J5,289,249,538
2018-11-10T17:15:00+09:00,J1,861,982,1843
2018-11-10T17:15:00+09:00,J2,657,640,1297
2018-11-10T17:15:00+09:00,J3,810,668,1478
2018-11-10T17:15:00+09:00,J4,798,828,1626
2018-11-10T17:15:00+09:00,J5,319,283,602
2018-11-10T17:30:00+09:00,J1,802,936,1738
2018-11-10T17:30:00+09:00,J2,620,645,1265
2018-11-10T17:30:00+09:00,J3,709,576,1285
2018-11-10T17:30:00+09:00,J4,857,888,1745
2018-11-10T17:30:00+09:00,J5,271,233,504
2018-11-10T17:45:00+09:00,J1,842,872,1714
2018-11-10T17:45:00+09:00,J2,560,560,1120
2018-11-10T17:45:00+09:00,J3,676,564,1240
2018-11-10T17:45:00+09:00,J4,766,822,1588
2018-11-10T17:45:00+09:00,J5,259,267,526
2018-11-10T18:00:00+09:00,J1,909,954,1863
2018-11-10T18:00:00+09:00,J2,521,534,1055
2018-11-10T18:00:00+09:00,J3,643,535,1178
2018-11-10T18:00:00+09:00,J4,825,779,1604
2018-11-10T18:00:00+09:00,J5,292,265,557
2018-11-10T18:15:00+09:00,J1,850,926,1776
2018-11-10T18:15:00+09:00,J2,563,604,1167
2018-11-10T18:15:00+09:00,J3,727,525,1252
2018-11-10T18:15:00+09:00,J4,916,847,1763
2018-11-10T18:15:00+09:00,J5,307,285,592
2018-11-10T18:30:00+09:00,J1,818,836,1654
2018-11-10T18:30:00+09:00,J2,582,584,1166
2018-11-10T18:30:00+09:00,J3,656,483,1139
2018-11-10T18:30:00+09:00,J4,985,884,1869
2018-11-10T18:30:00+09:00,J5,269,253,522
2018-11-10T18:45:00+09:00,J1,791,800,1591
2018-11-10T18:45:00+09:00,J2,549,481,1030
2018-11-10T18:45:00+09:00,J3,593,450,1043
2018-11-10T18:45:00+09:00,J4,937,841,1778
2018-11-10T18:45:00+09:00,J5,274,211,485
2018-11-10T19:00:00+09:00,J1,737,848,1585
2018-11-10T19:00:00+09:00,J2,496,497,993
2018-11-10T19:00:00+09:00,J3,649,468,1117
2018-11-10T19:00:00+09:00,J4,885,835,1720
2018-11-10T19:00:00+09:00,J5,279,216,495
2018-11-10T19:15:00+09:00,J1,682,747,1429
2018-11-10T19:15:00+09:00,J2,537,511,1048
2018-11-10T19:15:00+09:00,J3,628,515,1143
2018-11-10T19:15:00+09:00,J4,805,783,1588
2018-11-10T19:15:00+09:00,J5,292,225,517
2018-11-10T19:30:00+09:00,J1,724,733,1457
2018-11-10T19:30:00+09:00,J2,482,457,939
2018-11-10T19:30:00+09:00,J3,602,520,1122
2018-11-10T19:30:00+09:00,J4,765,814,1579
2018-11-10T19:30:00+09:00,J5,251,216,467
2018-11-10T19:45:00+09:00,J1,636,612,1248
2018-11-10T19:45:00+09:00,J2,400,406,806
2018-11-10T19:45:00+09:00,J3,580,532,1112
2018-11-10T19:45:00+09:00,J4,747,767,1514
2018-11-10T19:45:00+09:00,J5,231,204,435
2018-11-10T20:00:00+09:00,J1,650,674,1324
2018-11-10T20:00:00+09:00,J2,418,458,876
2018-11-10T20:00:00+09:00,J3,588,526,1114
2018-11-10T20:00:00+09:00,J4,660,734,1394
2018-11-10T20:00:00+09:00,J5,224,180,404
2018-11-10T20:15:00+09:00,J1,713,729,1442
2018-11-10T20:15:00+09:00,J2,463,503,966
2018-11-10T20:15:00+09:00,J3,658,572,1230
2018-11-10T20:15:00+09:00,J4,708,760,1468
2018-11-10T20:15:00+09:00,J5,220,183,403
2018-11-10T20:30:00+09:00,J1,668,707,1375
2018-11-10T20:30:00+09:00,J2,455,434,889
2018-11-10T20:30:00+09:00,J3,661,582,1243
2018-11-10T20:30:00+09:00,J4,693,705,1398
2018-11-10T20:30:00+09:00,J5,244,225,469
2018-11-10T20:45:00+09:00,J1,675,694,1369
2018-11-10T20:45:00+09:00,J2,606,525,1131
2018-11-10T20:45:00+09:00,J3,683,631,1314
2018-11-10T20:45:00+09:00,J4,672,631,1303
2018-11-10T20:45:00+09:00,J5,191,143,334
2018-11-10T21:00:00+09:00,J1,702,694,1396
2018-11-10T21:00:00+09:00,J2,539,541,1080
2018-11-10T21:00:00+09:00,J3,610,541,1151
2018-11-10T21:00:00+09:00,J4,854,842,1696
2018-11-10T21:00:00+09:00,J5,212,237,449
2018-11-10T21:15:00+09:00,J1,757,701,1458
2018-11-10T21:15:00+09:00,J2,484,395,879
2018-11-10T21:15:00+09:00,J3,657,581,1238
2018-11-10T21:15:00+09:00,J4,815,790,1605
2018-11-10T21:15:00+09:00,J5,229,229,458
2018-11-10T21:30:00+09:00,J1,717,708,1425
2018-11-10T21:30:00+09:00,J2,395,436,831
2018-11-10T21:30:00+09:00,J3,673,598,1271
2018-11-10T21:30:00+09:00,J4,799,867,1666
2018-11-10T21:30:00+09:00,J5,241,244,485
2018-11-10T21:45:00+09:00,J1,646,685,1331
2018-11-10T21:45:00+09:00,J2,356,387,743
2018-11-10T21:45:00+09:00,J3,633,561,1194
2018-11-10T21:45:00+09:00,J4,770,810,1580
2018-11-10T21:45:00+09:00,J5,308,293,601
2018-11-10T22:00:00+09:00,J1,682,678,1360
2018-11-10T22:00:00+09:00,J2,439,518,957
2018-11-10T22:00:00+09:00,J3,636,654,1290
2018-11-10T22:00:00+09:00,J4,841,858,1699
2018-11-10T22:00:00+09:00,J5,284,270,554
2018-11-10T22:15:00+09:00,J1,628,750,1378
2018-11-10T22:15:00+09:00,J2,467,468,935
2018-11-10T22:15:00+09:00,J3,651,628,1279
2018-11-10T22:15:00+09:00,J4,896,885,1781
2018-11-10T22:15:00+09:00,J5,295,282,577
2018-11-10T22:30:00+09:00,J1,700,716,1416
2018-11-10T22:30:00+09:00,J2,456,402,858
2018-11-10T22:30:00+09:00,J3,605,594,1199
2018-11-10T22:30:00+09:00,J4,681,772,1453
2018-11-10T22:30:00+09:00,J5,448,458,906
2018-11-10T22:45:00+09:00,J1,607,689,1296
2018-11-10T22:45:00+09:00,J2,457,476,933
2018-11-10T22:45:00+09:00,J3,664,648,1312
2018-11-10T22:45:00+09:00,J4,715,828,1543
2018-11-10T22:45:00+09:00,J5,440,457,897
2018-11-10T23:00:00+09:00,J1,596,649,1245
2018-11-10T23:00:00+09:00,J2,419,423,842
2018-11-10T23:00:00+09:00,J3,591,647,1238
2018-11-10T23:00:00+09:00,J4,671,737,1408
2018-11-10T23:00:00+09:00,J5,454,498,952
2018-11-10T23:15:00+09:00,J1,592,616,1208
2018-11-10T23:15:00+09:00,J2,428,459,887
2018-11-10T23:15:00+09:00,J3,675,639,1314
2018-11-10T23:15:00+09:00,J4,597,732,1329
2018-11-10T23:15:00+09:00,J5,423,475,898
2018-11-10T23:30:00+09:00,J1,576,614,1190
2018-11-10T23:30:00+09:00,J2,534,574,1108
2018-11-10T23:30:00+09:00,J3,592,583,1175
2018-11-10T23:30:00+09:00,J4,624,743,1367
2018-11-10T23:30:00+09:00,J5,354,467,821
2018-11-10T23:45:00+09:00,J1,573,589,1162
2018-11-10T23:45:00+09:00,J2,476,461,937
2018-11-10T23:45:00+09:00,J3,657,555,1212
2018-11-10T23:45:00+09:00,J4,559,624,1183
2018-11-10T23:45:00+09:00,J5,401,504,905
2018-11-11T00:00:00+09:00,J1,456,378,834
2018-11-11T00:00:00+09:00,J2,578,552,1130
2018-11-11T00:00:00+09:00,J3,584,555,1139
2018-11-11T00:00:00+09:00,J4,498,571,1069
2018-11-11T00:00:00+09:00,J5,350,425,775
2018-11-11T00:15:00+09:00,J1,295,281,576
2018-11-11T00:15:00+09:00,J2,519,430,949
2018-11-11T00:15:00+09:00,J3,385,395,780
2018-11-11T00:15:00+09:00,J4,379,368,747
2018-11-11T00:15:00+09:00,J5,255,272,527
2018-11-11T00:30:00+09:00,J1,226,218,444
2018-11-11T00:30:00+09:00,J2,512,463,975
2018-11-11T00:30:00+09:00,J3,332,337,669
2018-11-11T00:30:00+09:00,J4,363,331,694
2018-11-11T00:30:00+09:00,J5,246,257,503
2018-11-11T00:45:00+09:00,J1,216,230,446
2018-11-11T00:45:00+09:00,J2,500,451,951
2018-11-11T00:45:00+09:00,J3,267,293,560
2018-11-11T00:45:00+09:00,J4,266,269,535
2018-11-11T00:45:00+09:00,J5,253,259,512
2018-11-11T05:45:00+09:00,J1,474,426,900
2018-11-11T05:45:00+09:00,J2,263,262,525
2018-11-11T05:45:00+09:00,J3,335,300,635
2018-11-11T05:45:00+09:00,J4,389,529,918
2018-11-11T05:45:00+09:00,J5,242,218,460
2018-11-11T06:00:00+09:00,J1,409,399,808
2018-11-11T06:00:00+09:00,J2,372,382,754
2018-11-11T06:00:00+09:00,J3,379,349,728
2018-11-11T06:00:00+09:00,J4,449,548,997
2018-11-11T06:00:00+09:00,J5,258,204,462
2018-11-11T06:15:00+09:00,J1,529,407,936
2018-11-11T06:15:00+09:00,J2,377,350,727
2018-11-11T06:15:00+09:00,J3,378,345,723
2018-11-11T06:15:00+09:00,J4,450,605,1055
2018-11-11T06:15:00+09:00,J5,312,270,582
2018-11-11T06:30:00+09:00,J1,558,514,1072
2018-11-11T06:30:00+09:00,J2,337,345,682
2018-11-11T06:30:00+09:00,J3,374,288,662
2018-11-11T06:30:00+09:00,J4,457,561,1018
2018-11-11T06:30:00+09:00,J5,275,247,522
2018-11-11T06:45:00+09:00,J1,526,485,1011
2018-11-11T06:45:00+09:00,J2,419,359,778
2018-11-11T06:45:00+09:00,J3,373,299,672
2018-11-11T06:45:00+09:00,J4,494,531,1025
2018-11-11T06:45:00+09:00,J5,352,281,633
2018-11-11T07:00:00+09:00,J1,565,596,1161
2018-11-11T07:00:00+09:00,J2,344,338,682
2018-11-11T07:00:00+09:00,J3,507,450,957
2018-11-11T07:00:00+09:00,J4,651,693,1344
2018-11-11T07:00:00+09:00,J5,375,388,763
2018-11-11T07:15:00+09:00,J1,634,595,1229
2018-11-11T07:15:00+09:00,J2,326,325,651
2018-11-11T07:15:00+09:00,J3,505,443,948
2018-11-11T07:15:00+09:00,J4,650,702,1352
2018-11-11T07:15:00+09:00,J5,383,319,702
2018-11-11T07:30:00+09:00,J1,582,665,1247
2018-11-11T07:30:00+09:00,J2,330,323,653
2018-11-11T07:30:00+09:00,J3,471,368,839
2018-11-11T07:30:00+09:00,J4,711,804,1515
2018-11-11T07:30:00+09:00,J5,403,328,731
2018-11-11T07:45:00+09:00,J1,622,646,1268
2018-11-11T07:45:00+09:00,J2,382,322,704
2018-11-11T07:45:00+09:00,J3,459,394,853
2018-11-11T07:45:00+09:00,J4,669,763,1432
2018-11-11T07:45:00+09:00,J5,395,380,775
2018-11-11T08:00:00+09:00,J1,963,846,1809
2018-11-11T08:00:00+09:00,J2,603,540,1143
2018-11-11T08:00:00+09:00,J3,654,627,1281
2018-11-11T08:00:00+09:00,J4,669,777,1446
2018-11-11T08:00:00+09:00,J5,414,357,771
2018-11-11T08:15:00+09:00,J1,970,852,1822
2018-11-11T08:15:00+09:00,J2,611,564,1175
2018-11-11T08:15:00+09:00,J3,709,732,1441
2018-11-11T08:15:00+09:00,J4,670,750,1420
2018-11-11T08:15:00+09:00,J5,397,417,814
2018-11-11T08:30:00+09:00,J1,982,843,1825
2018-11-11T08:30:00+09:00,J2,461,449,910
2018-11-11T08:30:00+09:00,J3,659,662,1321
2018-11-11T08:30:00+09:00,J4,804,838,1642
2018-11-11T08:30:00+09:00,J5,389,406,795
2018-11-11T08:45:00+09:00,J1,875,796,1671
2018-11-11T08:45:00+09:00,J2,349,356,705
2018-11-11T08:45:00+09:00,J3,562,532,1094
2018-11-11T08:45:00+09:00,J4,587,707,1294
2018-11-11T08:45:00+09:00,J5,296,257,553
2018-11-11T09:00:00+09:00,J1,762,747,1509
2018-11-11T09:00:00+09:00,J2,356,353,709
2018-11-11T09:00:00+09:00,J3,548,482,1030
2018-11-11T09:00:00+09:00,J4,757,721,1478
2018-11-11T09:00:00+09:00,J5,361,376,737
2018-11-11T09:15:00+09:00,J1,865,759,1624
2018-11-11T09:15:00+09:00,J2,412,382,794
2018-11-11T09:15:00+09:00,J3,554,586,1140
2018-11-11T09:15:00+09:00,J4,759,841,1600
2018-11-11T09:15:00+09:00,J5,390,443,833
2018-11-11T09:30:00+09:00,J1,734,733,1467
2018-11-11T09:30:00+09:00,J2,375,402,777
2018-11-11T09:30:00+09:00,J3,614,564,1178
2018-11-11T09:30:00+09:00,J4,867,888,1755
2018-11-11T09:30:00+09:00,J5,458,560,1018
2018-11-11T09:45:00+09:00,J1,741,722,1463
2018-11-11T09:45:00+09:00,J2,456,421,877
2018-11-11T09:45:00+09:00,J3,660,569,1229
2018-11-11T09:45:00+09:00,J4,836,892,1728
2018-11-11T09:45:00+09:00,J5,411,517,928
2018-11-11T10:00:00+09:00,J1,650,644,1294
2018-11-11T10:00:00+09:00,J2,474,421,895
2018-11-11T10:00:00+09:00,J3,606,570,1176
2018-11-11T10:00:00+09:00,J4,900,865,1765
2018-11-11T10:00:00+09:00,J5,484,542,1026
2018-11-11T10:15:00+09:00,J1,738,796,1534
2018-11-11T10:15:00+09:00,J2,604,501,1105
2018-11-11T10:15:00+09:00,J3,676,672,1348
2018-11-11T10:15:00+09:00,J4,966,937,1903
2018-11-11T10:15:00+09:00,J5,467,527,994
2018-11-11T10:30:00+09:00,J1,783,857,1640
2018-11-11T10:30:00+09:00,J2,729,610,1339
2018-11-11T10:30:00+09:00,J3,719,691,1410
2018-11-11T10:30:00+09:00,J4,785,793,1578
2018-11-11T10:30:00+09:00,J5,417,481,898
2018-11-11T10:45:00+09:00,J1,735,858,1593
2018-11-11T10:45:00+09:00,J2,659,675,1334
2018-11-11T10:45:00+09:00,J3,779,823,1602
2018-11-11T10:45:00+09:00,J4,859,912,1771
2018-11-11T10:45:00+09:00,J5,379,385,764
2018-11-11T11:00:00+09:00,J1,906,880,1786
2018-11-11T11:00:00+09:00,J2,663,602,1265
2018-11-11T11:00:00+09:00,J3,777,826,1603
2018-11-11T11:00:00+09:00,J4,891,888,1779
2018-11-11T11:00:00+09:00,J5,375,406,781
2018-11-11T11:15:00+09:00,J1,871,949,1820
2018-11-11T11:15:00+09:00,J2,736,627,1363
2018-11-11T11:15:00+09:00,J3,771,841,1612
2018-11-11T11:15:00+09:00,J4,871,895,1766
2018-11-11T11:15:00+09:00,J5,515,534,1049
2018-11-11T11:30:00+09:00,J1,928,1042,1970
2018-11-11T11:30:00+09:00,J2,776,732,1508
2018-11-11T11:30:00+09:00,J3,810,841,1651
2018-11-11T11:30:00+09:00,J4,743,748,1491
2018-11-11T11:30:00+09:00,J5,534,553,1087
2018-11-11T11:45:00+09:00,J1,863,1032,1895
2018-11-11T11:45:00+09:00,J2,790,781,1571
2018-11-11T11:45:00+09:00,J3,725,842,1567
2018-11-11T11:45:00+09:00,J4,686,799,1485
2018-11-11T11:45:00+09:00,J5,530,578,1108
2018-11-11T12:00:00+09:00,J1,992,1084,2076
2018-11-11T12:00:00+09:00,J2,762,727,1489
2018-11-11T12:00:00+09:00,J3,763,764,1527
2018-11-11T12:00:00+09:00,J4,674,711,1385
2018-11-11T12:00:00+09:00,J5,464,536,1000
2018-11-11T12:15:00+09:00,J1,953,1091,2044
2018-11-11T12:15:00+09:00,J2,801,711,1512
2018-11-11T12:15:00+09:00,J3,794,756,1550
2018-11-11T12:15:00+09:00,J4,670,729,1399
2018-11-11T12:15:00+09:00,J5,487,611,1098
2018-11-11T12:30:00+09:00,J1,934,1054,1988
2018-11-11T12:30:00+09:00,J2,926,780,1706
2018-11-11T12:30:00+09:00,J3,799,725,1524
2018-11-11T12:30:00+09:00,J4,744,897,1641
2018-11-11T12:30:00+09:00,J5,503,591,1094
2018-11-11T12:45:00+09:00,J1,879,1186,2065
2018-11-11T12:45:00+09:00,J2,774,796,1570
2018-11-11T12:45:00+09:00,J3,701,713,1414
2018-11-11T12:45:00+09:00,J4,907,990,1897
2018-11-11T12:45:00+09:00,J5,545,503,1048
2018-11-11T13:00:00+09:00,J1,982,1147,2129
2018-11-11T13:00:00+09:00,J2,826,845,1671
2018-11-11T13:00:00+09:00,J3,791,742,1533
2018-11-11T13:00:00+09:00,J4,835,958,1793
2018-11-11T13:00:00+09:00,J5,514,564,1078
2018-11-11T13:15:00+09:00,J1,986,1166,2152
2018-11-11T13:15:00+09:00,J2,910,796,1706
2018-11-11T13:15:00+09:00,J3,743,710,1453
2018-11-11T13:15:00+09:00,J4,955,950,1905
2018-11-11T13:15:00+09:00,J5,554,544,1098
2018-11-11T13:30:00+09:00,J1,926,1126,2052
2018-11-11T13:30:00+09:00,J2,860,839,1699
2018-11-11T13:30:00+09:00,J3,782,752,1534
2018-11-11T13:30:00+09:00,J4,876,936,1812
2018-11-11T13:30:00+09:00,J5,536,543,1079
2018-11-11T13:45:00+09:00,J1,927,1138,2065
2018-11-11T13:45:00+09:00,J2,884,921,1805
2018-11-11T13:45:00+09:00,J3,739,714,1453
2018-11-11T13:45:00+09:00,J4,921,909,1830
2018-11-11T13:45:00+09:00,J5,541,573,1114
2018-11-11T14:00:00+09:00,J1,969,1087,2056
2018-11-11T14:00:00+09:00,J2,854,850,1704
2018-11-11T14:00:00+09:00,J3,707,671,1378
2018-11-11T14:00:00+09:00,J4,1002,1093,2095
2018-11-11T14:00:00+09:00,J5,578,543,1121
2018-11-11T14:15:00+09:00,J1,864,1171,2035
2018-11-11T14:15:00+09:00,J2,868,809,1677
2018-11-11T14:15:00+09:00,J3,632,660,1292
2018-11-11T14:15:00+09:00,J4,1021,1086,2107
2018-11-11T14:15:00+09:00,J5,538,538,1076
2018-11-11T14:30:00+09:00,J1,892,1121,2013
2018-11-11T14:30:00+09:00,J2,819,812,1631
2018-11-11T14:30:00+09:00,J3,666,678,1344
2018-11-11T14:30:00+09:00,J4,987,1053,2040
2018-11-11T14:30:00+09:00,J5,552,562,1114
2018-11-11T14:45:00+09:00,J1,880,1065,1945
2018-11-11T14:45:00+09:00,J2,859,769,1628
2018-11-11T14:45:00+09:00,J3,649,657,1306
2018-11-11T14:45:00+09:00,J4,896,940,1836
2018-11-11T14:45:00+09:00,J5,514,533,1047
2018-11-11T15:00:00+09:00,J1,877,1064,1941
2018-11-11T15:00:00+09:00,J2,863,860,1723
2018-11-11T15:00:00+09:00,J3,737,646,1383
2018-11-11T15:00:00+09:00,J4,992,992,1984
2018-11-11T15:00:00+09:00,J5,503,550,1053
2018-11-11T15:15:00+09:00,J1,865,1077,1942
2018-11-11T15:15:00+09:00,J2,866,818,1684
2018-11-11T15:15:00+09:00,J3,670,687,1357
2018-11-11T15:15:00+09:00,J4,912,956,1868
2018-11-11T15:15:00+09:00,J5,450,570,1020
2018-11-11T15:30:00+09:00,J1,949,1048,1997
2018-11-11T15:30:00+09:00,J2,826,822,1648
2018-11-11T15:30:00+09:00,J3,698,704,1402
2018-11-11T15:30:00+09:00,J4,911,925,1836
2018-11-11T15:30:00+09:00,J5,514,564,1078
2018-11-11T15:45:00+09:00,J1,867,1121,1988
2018-11-11T15:45:00+09:00,J2,912,726,1638
2018-11-11T15:45:00+09:00,J3,737,714,1451
2018-11-11T15:45:00+09:00,J4,950,893,1843
2018-11-11T15:45:00+09:00,J5,507,578,1085
2018-11-11T16:00:00+09:00,J1,942,1099,2041
2018-11-11T16:00:00+09:00,J2,845,744,1589
2018-11-11T16:00:00+09:00,J3,682,772,1454
2018-11-11T16:00:00+09:00,J4,962,944,1906
2018-11-11T16:00:00+09:00,J5,471,493,964
2018-11-11T16:15:00+09:00,J1,943,1125,2068
2018-11-11T16:15:00+09:00,J2,852,835,1687
2018-11-11T16:15:00+09:00,J3,759,693,1452
2018-11-11T16:15:00+09:00,J4,955,1029,1984
2018-11-11T16:15:00+09:00,J5,467,527,994
2018-11-11T16:30:00+09:00,J1,912,1132,2044
2018-11-11T16:30:00+09:00,J2,863,827,1690
2018-11-11T16:30:00+09:00,J3,726,709,1435
2018-11-11T16:30:00+09:00,J4,995,1019,2014
2018-11-11T16:30:00+09:00,J5,578,584,1162
2018-11-11T16:45:00+09:00,J1,925,1099,2024
2018-11-11T16:45:00+09:00,J2,849,752,1601
2018-11-11T16:45:00+09:00,J3,732,614,1346
2018-11-11T16:45:00+09:00,J4,873,946,1819
2018-11-11T16:45:00+09:00,J5,439,538,977
2018-11-11T17:00:00+09:00,J1,999,1136,2135
2018-11-11T17:00:00+09:00,J2,863,762,1625
2018-11-11T17:00:00+09:00,J3,634,676,1310
2018-11-11T17:00:00+09:00,J4,904,873,1777
2018-11-11T17:00:00+09:00,J5,499,563,1062
2018-11-11T17:15:00+09:00,J1,1129,1127,2256
2018-11-11T17:15:00+09:00,J2,822,786,1608
2018-11-11T17:15:00+09:00,J3,719,663,1382
2018-11-11T17:15:00+09:00,J4,689,711,1400
2018-11-11T17:15:00+09:00,J5,490,586,1076
2018-11-11T17:30:00+09:00,J1,1041,1088,2129
2018-11-11T17:30:00+09:00,J2,794,771,1565
2018-11-11T17:30:00+09:00,J3,758,658,1416
2018-11-11T17:30:00+09:00,J4,772,784,1556
2018-11-11T17:30:00+09:00,J5,490,581,1071
2018-11-11T17:45:00+09:00,J1,896,980,1876
2018-11-11T17:45:00+09:00,J2,663,619,1282
2018-11-11T17:45:00+09:00,J3,757,561,1318
2018-11-11T17:45:00+09:00,J4,788,751,1539
2018-11-11T17:45:00+09:00,J5,425,583,1008
2018-11-11T18:00:00+09:00,J1,1004,1085,2089
2018-11-11T18:00:00+09:00,J2,603,602,1205
2018-11-11T18:00:00+09:00,J3,832,570,1402
2018-11-11T18:00:00+09:00,J4,860,837,1697
2018-11-11T18:00:00+09:00,J5,458,524,982
2018-11-11T18:15:00+09:00,J1,1024,1077,2101
2018-11-11T18:15:00+09:00,J2,554,565,1119
2018-11-11T18:15:00+09:00,J3,791,589,1380
2018-11-11T18:15:00+09:00,J4,907,873,1780
2018-11-11T18:15:00+09:00,J5,512,602,1114
2018-11-11T18:30:00+09:00,J1,1022,1047,2069
2018-11-11T18:30:00+09:00,J2,530,536,1066
2018-11-11T18:30:00+09:00,J3,728,577,1305
2018-11-11T18:30:00+09:00,J4,890,788,1678
2018-11-11T18:30:00+09:00,J5,537,550,1087
2018-11-11T18:45:00+09:00,J1,876,934,1810
2018-11-11T18:45:00+09:00,J2,451,499,950
2018-11-11T18:45:00+09:00,J3,692,528,1220
2018-11-11T18:45:00+09:00,J4,878,796,1674
2018-11-11T18:45:00+09:00,J5,483,524,1007
2018-11-11T19:00:00+09:00,J1,835,836,1671
2018-11-11T19:00:00+09:00,J2,578,526,1104
2018-11-11T19:00:00+09:00,J3,724,624,1348
2018-11-11T19:00:00+09:00,J4,807,802,1609
2018-11-11T19:00:00+09:00,J5,439,494,933
2018-11-11T19:15:00+09:00,J1,719,841,1560
2018-11-11T19:15:00+09:00,J2,544,470,1014
2018-11-11T19:15:00+09:00,J3,752,664,1416
2018-11-11T19:15:00+09:00,J4,814,765,1579
2018-11-11T19:15:00+09:00,J5,449,496,945
2018-11-11T19:30:00+09:00,J1,657,739,1396
2018-11-11T19:30:00+09:00,J2,507,480,987
2018-11-11T19:30:00+09:00,J3,635,584,1219
2018-11-11T19:30:00+09:00,J4,770,792,1562
2018-11-11T19:30:00+09:00,J5,444,543,987
2018-11-11T19:45:00+09:00,J1,716,721,1437
2018-11-11T19:45:00+09:00,J2,474,494,968
2018-11-11T19:45:00+09:00,J3,639,609,1248
2018-11-11T19:45:00+09:00,J4,903,894,1797
2018-11-11T19:45:00+09:00,J5,412,443,855
2018-11-11T20:00:00+09:00,J1,775,792,1567
2018-11-11T20:00:00+09:00,J2,450,444,894
2018-11-11T20:00:00+09:00,J3,630,570,1200
2018-11-11T20:00:00+09:00,J4,836,875,1711
2018-11-11T20:00:00+09:00,J5,433,482,915
2018-11-11T20:15:00+09:00,J1,798,800,1598
2018-11-11T20:15:00+09:00,J2,507,484,991
2018-11-11T20:15:00+09:00,J3,634,566,1200
2018-11-11T20:15:00+09:00,J4,842,859,1701
2018-11-11T20:15:00+09:00,J5,450,533,983
2018-11-11T20:30:00+09:00,J1,776,807,1583
2018-11-11T20:30:00+09:00,J2,414,434,848
2018-11-11T20:30:00+09:00,J3,645,529,1174
2018-11-11T20:30:00+09:00,J4,832,787,1619
2018-11-11T20:30:00+09:00,J5,416,454,870
2018-11-11T20:45:00+09:00,J1,771,835,1606
2018-11-11T20:45:00+09:00,J2,364,426,790
2018-11-11T20:45:00+09:00,J3,631,556,1187
2018-11-11T20:45:00+09:00,J4,799,827,1626
2018-11-11T20:45:00+09:00,J5,383,443,826
2018-11-11T21:00:00+09:00,J1,750,871,1621
2018-11-11T21:00:00+09:00,J2,438,436,874
2018-11-11T21:00:00+09:00,J3,598,485,1083
2018-11-11T21:00:00+09:00,J4,936,937,1873
2018-11-11T21:00:00+09:00,J5,391,395,786
2018-11-11T21:15:00+09:00,J1,781,909,1690
2018-11-11T21:15:00+09:00,J2,487,408,895
2018-11-11T21:15:00+09:00,J3,543,510,1053
2018-11-11T21:15:00+09:00,J4,1006,984,1990
2018-11-11T21:15:00+09:00,J5,390,499,889
2018-11-11T21:30:00+09:00,J1,794,851,1645
2018-11-11T21:30:00+09:00,J2,509,432,941
2018-11-11T21:30:00+09:00,J3,551,426,977
2018-11-11T21:30:00+09:00,J4,936,904,1840
2018-11-11T21:30:00+09:00,J5,373,442,815
2018-11-11T21:45:00+09:00,J1,749,772,1521
2018-11-11T21:45:00+09:00,J2,423,387,810
2018-11-11T21:45:00+09:00,J3,515,436,951
2018-11-11T21:45:00+09:00,J4,926,868,1794
2018-11-11T21:45:00+09:00,J5,359,384,743
2018-11-11T22:00:00+09:00,J1,694,690,1384
2018-11-11T22:00:00+09:00,J2,364,371,735
2018-11-11T22:00:00+09:00,J3,652,473,1125
2018-11-11T22:00:00+09:00,J4,1009,972,1981
2018-11-11T22:00:00+09:00,J5,390,362,752
2018-11-11T22:15:00+09:00,J1,676,666,1342
2018-11-11T22:15:00+09:00,J2,346,371,717
2018-11-11T22:15:00+09:00,J3,533,435,968
2018-11-11T22:15:00+09:00,J4,906,882,1788
2018-11-11T22:15:00+09:00,J5,391,317,708
2018-11-11T22:30:00+09:00,J1,727,708,1435
2018-11-11T22:30:00+09:00,J2,293,404,697
2018-11-11T22:30:00+09:00,J3,510,452,962
2018-11-11T22:30:00+09:00,J4,916,847,1763
2018-11-11T22:30:00+09:00,J5,340,321,661
2018-11-11T22:45:00+09:00,J1,635,628,1263
2018-11-11T22:45:00+09:00,J2,289,317,606
2018-11-11T22:45:00+09:00,J3,634,521,1155
2018-11-11T22:45:00+09:00,J4,925,859,1784
2018-11-11T22:45:00+09:00,J5,359,356,715
2018-11-11T23:00:00+09:00,J1,639,602,1241
2018-11-11T23:00:00+09:00,J2,252,317,569
2018-11-11T23:00:00+09:00,J3,634,577,1211
2018-11-11T23:00:00+09:00,J4,901,797,1698
2018-11-11T23:00:00+09:00,J5,362,327,689
2018-11-11T23:15:00+09:00,J1,638,671,1309
2018-11-11T23:15:00+09:00,J2,243,279,522
2018-11-11T23:15:00+09:00,J3,744,646,1390
2018-11-11T23:15:00+09:00,J4,828,817,1645
2018-11-11T23:15:00+09:00,J5,404,376,780
2018-11-11T23:30:00+09:00,J1,569,604,1173
2018-11-11T23:30:00+09:00,J2,290,269,559
2018-11-11T23:30:00+09:00,J3,597,528,1125
2018-11-11T23:30:00+09:00,J4,814,770,1584
2018-11-11T23:30:00+09:00,J5,345,326,671
2018-11-11T23:45:00+09:00,J1,548,599,1147
2018-11-11T23:45:00+09:00,J2,317,271,588
2018-11-11T23:45:00+09:00,J3,456,433,889
2018-11-11T23:45:00+09:00,J4,722,656,1378
2018-11-11T23:45:00+09:00,J5,316,270,586
2018-11-12T00:00:00+09:00,J1,476,450,926
2018-11-12T00:00:00+09:00,J2,251,308,559
2018-11-12T00:00:00+09:00,J3,540,432,972
2018-11-12T00:00:00+09:00,J4,736,675,1411
2018-11-12T00:00:00+09:00,J5,388,378,766
2018-11-12T00:15:00+09:00,J1,404,400,804
2018-11-12T00:15:00+09:00,J2,193,293,486
2018-11-12T00:15:00+09:00,J3,639,630,1269
2018-11-12T00:15:00+09:00,J4,641,586,1227
2018-11-12T00:15:00+09:00,J5,504,539,1043
2018-11-12T00:30:00+09:00,J1,304,396,700
2018-11-12T00:30:00+09:00,J2,219,304,523
2018-11-12T00:30:00+09:00,J3,632,540,1172
2018-11-12T00:30:00+09:00,J4,536,531,1067
2018-11-12T00:30:00+09:00,J5,550,527,1077
2018-11-12T00:45:00+09:00,J1,408,439,847
2018-11-12T00:45:00+09:00,J2,210,262,472
2018-11-12T00:45:00+09:00,J3,570,554,1124
2018-11-12T00:45:00+09:00,J4,511,465,976
2018-11-12T00:45:00+09:00,J5,478,527,1005
2018-11-12T05:45:00+09:00,J1,525,487,1012
2018-11-12T05:45:00+09:00,J2,282,304,586
2018-11-12T05:45:00+09:00,J3,663,526,1189
2018-11-12T05:45:00+09:00,J4,536,586,1122
2018-11-12T05:45:00+09:00,J5,391,431,822
2018-11-12T06:00:00+09:00,J1,408,459,867
2018-11-12T06:00:00+09:00,J2,221,288,509
2018-11-12T06:00:00+09:00,J3,682,604,1286
2018-11-12T06:00:00+09:00,J4,536,514,1050
2018-11-12T06:00:00+09:00,J5,409,505,914
2018-11-12T06:15:00+09:00,J1,547,622,1169
2018-11-12T06:15:00+09:00,J2,291,321,612
2018-11-12T06:15:00+09:00,J3,659,527,1186
2018-11-12T06:15:00+09:00,J4,523,621,1144
2018-11-12T06:15:00+09:00,J5,390,423,813
2018-11-12T06:30:00+09:00,J1,555,537,1092
2018-11-12T06:30:00+09:00,J2,248,305,553
2018-11-12T06:30:00+09:00,J3,536,472,1008
2018-11-12T06:30:00+09:00,J4,568,608,1176
2018-11-12T06:30:00+09:00,J5,359,414,773
2018-11-12T06:45:00+09:00,J1,576,660,1236
2018-11-12T06:45:00+09:00,J2,344,356,700
2018-11-12T06:45:00+09:00,J3,605,506,1111
2018-11-12T06:45:00+09:00,J4,880,843,1723
2018-11-12T06:45:00+09:00,J5,470,427,897
2018-11-12T07:00:00+09:00,J1,634,576,1210
2018-11-12T07:00:00+09:00,J2,311,260,571
2018-11-12T07:00:00+09:00,J3,553,516,1069
2018-11-12T07:00:00+09:00,J4,928,867,1795
2018-11-12T07:00:00+09:00,J5,463,409,872
2018-11-12T07:15:00+09:00,J1,683,630,1313
2018-11-12T07:15:00+09:00,J2,405,317,722
2018-11-12T07:15:00+09:00,J3,490,425,915
2018-11-12T07:15:00+09:00,J4,985,1039,2024
2018-11-12T07:15:00+09:00,J5,484,546,1030
2018-11-12T07:30:00+09:00,J1,855,710,1565
2018-11-12T07:30:00+09:00,J2,497,364,861
2018-11-12T07:30:00+09:00,J3,759,697,1456
2018-11-12T07:30:00+09:00,J4,900,970,1870
2018-11-12T07:30:00+09:00,J5,449,438,887
2018-11-12T07:45:00+09:00,J1,954,765,1719
2018-11-12T07:45:00+09:00,J2,660,435,1095
2018-11-12T07:45:00+09:00,J3,830,761,1591
2018-11-12T07:45:00+09:00,J4,981,1068,2049
2018-11-12T07:45:00+09:00,J5,444,493,937
2018-11-12T08:00:00+09:00,J1,1210,932,2142
2018-11-12T08:00:00+09:00,J2,885,541,1426
2018-11-12T08:00:00+09:00,J3,847,716,1563
2018-11-12T08:00:00+09:00,J4,999,1152,2151
2018-11-12T08:00:00+09:00,J5,465,470,935
2018-11-12T08:15:00+09:00,J1,1226,988,2214
2018-11-12T08:15:00+09:00,J2,988,601,1589
2018-11-12T08:15:00+09:00,J3,856,876,1732
2018-11-12T08:15:00+09:00,J4,1080,1300,2380
2018-11-12T08:15:00+09:00,J5,432,460,892
2018-11-12T08:30:00+09:00,J1,1279,932,2211
2018-11-12T08:30:00+09:00,J2,916,505,1421
2018-11-12T08:30:00+09:00,J3,841,1018,1859
2018-11-12T08:30:00+09:00,J4,1033,1258,2291
2018-11-12T08:30:00+09:00,J5,435,450,885
2018-11-12T08:45:00+09:00,J1,1084,774,1858
2018-11-12T08:45:00+09:00,J2,694,400,1094
2018-11-12T08:45:00+09:00,J3,738,785,1523
2018-11-12T08:45:00+09:00,J4,968,1180,2148
2018-11-12T08:45:00+09:00,J5,379,395,774
2018-11-12T09:00:00+09:00,J1,973,835,1808
2018-11-12T09:00:00+09:00,J2,515,367,882
2018-11-12T09:00:00+09:00,J3,641,527,1168
2018-11-12T09:00:00+09:00,J4,919,984,1903
2018-11-12T09:00:00+09:00,J5,399,411,810
2018-11-12T09:15:00+09:00,J1,848,699,1547
2018-11-12T09:15:00+09:00,J2,499,347,846
2018-11-12T09:15:00+09:00,J3,638,565,1203
2018-11-12T09:15:00+09:00,J4,904,990,1894
2018-11-12T09:15:00+09:00,J5,442,507,949
2018-11-12T09:30:00+09:00,J1,818,690,1508
2018-11-12T09:30:00+09:00,J2,473,389,862
2018-11-12T09:30:00+09:00,J3,718,564,1282
2018-11-12T09:30:00+09:00,J4,978,931,1909
2018-11-12T09:30:00+09:00,J5,451,521,972
2018-11-12T09:45:00+09:00,J1,782,798,1580
2018-11-12T09:45:00+09:00,J2,438,322,760
2018-11-12T09:45:00+09:00,J3,726,655,1381
2018-11-12T09:45:00+09:00,J4,876,885,1761
2018-11-12T09:45:00+09:00,J5,410,492,902
2018-11-12T10:00:00+09:00,J1,768,687,1455
2018-11-12T10:00:00+09:00,J2,411,377,788
2018-11-12T10:00:00+09:00,J3,625,687,1312
2018-11-12T10:00:00+09:00,J4,870,831,1701
2018-11-12T10:00:00+09:00,J5,374,374,748
2018-11-12T10:15:00+09:00,J1,749,724,1473
2018-11-12T10:15:00+09:00,J2,436,419,855
2018-11-12T10:15:00+09:00,J3,653,598,1251
2018-11-12T10:15:00+09:00,J4,911,861,1772
2018-11-12T10:15:00+09:00,J5,521,593,1114
2018-11-12T10:30:00+09:00,J1,727,690,1417
2018-11-12T10:30:00+09:00,J2,475,429,904
2018-11-12T10:30:00+09:00,J3,690,605,1295
2018-11-12T10:30:00+09:00,J4,893,871,1764
2018-11-12T10:30:00+09:00,J5,564,600,1164
2018-11-12T10:45:00+09:00,J1,681,730,1411
2018-11-12T10:45:00+09:00,J2,488,448,936
2018-11-12T10:45:00+09:00,J3,752,703,1455
2018-11-12T10:45:00+09:00,J4,835,807,1642
2018-11-12T10:45:00+09:00,J5,532,614,1146
2018-11-12T11:00:00+09:00,J1,727,829,1556
2018-11-12T11:00:00+09:00,J2,579,474,1053
2018-11-12T11:00:00+09:00,J3,735,741,1476
2018-11-12T11:00:00+09:00,J4,789,900,1689
2018-11-12T11:00:00+09:00,J5,521,568,1089
2018-11-12T11:15:00+09:00,J1,847,917,1764
2018-11-12T11:15:00+09:00,J2,536,572,1108
2018-11-12T11:15:00+09:00,J3,842,876,1718
2018-11-12T11:15:00+09:00,J4,812,843,1655
2018-11-12T11:15:00+09:00,J5,507,562,1069
2018-11-12T11:30:00+09:00,J1,839,811,1650
2018-11-12T11:30:00+09:00,J2,596,562,1158
2018-11-12T11:30:00+09:00,J3,888,880,1768
2018-11-12T11:30:00+09:00,J4,769,833,1602
2018-11-12T11:30:00+09:00,J5,602,602,1204
2018-11-12T11:45:00+09:00,J1,814,893,1707
2018-11-12T11:45:00+09:00,J2,679,533,1212
2018-11-12T11:45:00+09:00,J3,813,839,1652
2018-11-12T11:45:00+09:00,J4,711,730,1441
2018-11-12T11:45:00+09:00,J5,536,654,1190
2018-11-12T12:00:00+09:00,J1,834,945,1779
2018-11-12T12:00:00+09:00,J2,803,690,1493
2018-11-12T12:00:00+09:00,J3,852,881,1733
2018-11-12T12:00:00+09:00,J4,741,740,1481
2018-11-12T12:00:00+09:00,J5,637,618,1255
2018-11-12T12:15:00+09:00,J1,746,899,1645
2018-11-12T12:15:00+09:00,J2,735,625,1360
2018-11-12T12:15:00+09:00,J3,660,709,1369
2018-11-12T12:15:00+09:00,J4,657,757,1414
2018-11-12T12:15:00+09:00,J5,521,558,1079
2018-11-12T12:30:00+09:00,J1,834,996,1830
2018-11-12T12:30:00+09:00,J2,783,689,1472
2018-11-12T12:30:00+09:00,J3,675,696,1371
2018-11-12T12:30:00+09:00,J4,691,773,1464
2018-11-12T12:30:00+09:00,J5,568,611,1179
2018-11-12T12:45:00+09:00,J1,767,891,1658
2018-11-12T12:45:00+09:00,J2,736,669,1405
2018-11-12T12:45:00+09:00,J3,686,602,1288
2018-11-12T12:45:00+09:00,J4,732,838,1570
2018-11-12T12:45:00+09:00,J5,639,561,1200
2018-11-12T13:00:00+09:00,J1,742,915,1657
2018-11-12T13:00:00+09:00,J2,805,713,1518
2018-11-12T13:00:00+09:00,J3,680,665,1345
2018-11-12T13:00:00+09:00,J4,735,821,1556
2018-11-12T13:00:00+09:00,J5,593,557,1150
2018-11-12T13:15:00+09:00,J1,777,877,1654
2018-11-12T13:15:00+09:00,J2,779,646,1425
2018-11-12T13:15:00+09:00,J3,666,682,1348
2018-11-12T13:15:00+09:00,J4,838,860,1698
2018-11-12T13:15:00+09:00,J5,661,636,1297
2018-11-12T13:30:00+09:00,J1,799,946,1745
2018-11-12T13:30:00+09:00,J2,722,623,1345
2018-11-12T13:30:00+09:00,J3,659,638,1297
2018-11-12T13:30:00+09:00,J4,749,866,1615
2018-11-12T13:30:00+09:00,J5,588,615,1203
2018-11-12T13:45:00+09:00,J1,758,868,1626
2018-11-12T13:45:00+09:00,J2,750,662,1412
2018-11-12T13:45:00+09:00,J3,604,666,1270
2018-11-12T13:45:00+09:00,J4,843,838,1681
2018-11-12T13:45:00+09:00,J5,612,543,1155
2018-11-12T14:00:00+09:00,J1,758,913,1671
2018-11-12T14:00:00+09:00,J2,716,667,1383
2018-11-12T14:00:00+09:00,J3,637,600,1237
2018-11-12T14:00:00+09:00,J4,714,769,1483
2018-11-12T14:00:00+09:00,J5,601,626,1227
2018-11-12T14:15:00+09:00,J1,797,863,1660
2018-11-12T14:15:00+09:00,J2,782,714,1496
2018-11-12T14:15:00+09:00,J3,651,657,1308
2018-11-12T14:15:00+09:00,J4,766,831,1597
2018-11-12T14:15:00+09:00,J5,529,577,1106
2018-11-12T14:30:00+09:00,J1,781,908,1689
2018-11-12T14:30:00+09:00,J2,796,652,1448
2018-11-12T14:30:00+09:00,J3,700,654,1354
2018-11-12T14:30:00+09:00,J4,869,857,1726
2018-11-12T14:30:00+09:00,J5,560,640,1200
2018-11-12T14:45:00+09:00,J1,730,942,1672
2018-11-12T14:45:00+09:00,J2,717,610,1327
2018-11-12T14:45:00+09:00,J3,583,665,1248
2018-11-12T14:45:00+09:00,J4,797,936,1733
2018-11-12T14:45:00+09:00,J5,550,565,1115
2018-11-12T15:00:00+09:00,J1,757,889,1646
2018-11-12T15:00:00+09:00,J2,706,736,1442
2018-11-12T15:00:00+09:00,J3,599,643,1242
2018-11-12T15:00:00+09:00,J4,817,942,1759
2018-11-12T15:00:00+09:00,J5,520,617,1137
2018-11-12T15:15:00+09:00,J1,766,1022,1788
2018-11-12T15:15:00+09:00,J2,808,689,1497
2018-11-12T15:15:00+09:00,J3,597,627,1224
2018-11-12T15:15:00+09:00,J4,930,928,1858
2018-11-12T15:15:00+09:00,J5,567,593,1160
2018-11-12T15:30:00+09:00,J1,834,955,1789
2018-11-12T15:30:00+09:00,J2,740,670,1410
2018-11-12T15:30:00+09:00,J3,615,661,1276
2018-11-12T15:30:00+09:00,J4,806,971,1777
2018-11-12T15:30:00+09:00,J5,530,637,1167
2018-11-12T15:45:00+09:00,J1,779,874,1653
2018-11-12T15:45:00+09:00,J2,752,706,1458
2018-11-12T15:45:00+09:00,J3,618,590,1208
2018-11-12T15:45:00+09:00,J4,740,874,1614
2018-11-12T15:45:00+09:00,J5,519,587,1106
2018-11-12T16:00:00+09:00,J1,799,897,1696
2018-11-12T16:00:00+09:00,J2,744,681,1425
2018-11-12T16:00:00+09:00,J3,540,592,1132
2018-11-12T16:00:00+09:00,J4,847,862,1709
2018-11-12T16:00:00+09:00,J5,559,603,1162
2018-11-12T16:15:00+09:00,J1,682,819,1501
2018-11-12T16:15:00+09:00,J2,688,577,1265
2018-11-12T16:15:00+09:00,J3,518,553,1071
2018-11-12T16:15:00+09:00,J4,766,792,1558
2018-11-12T16:15:00+09:00,J5,510,502,1012
2018-11-12T16:30:00+09:00,J1,892,1029,1921
2018-11-12T16:30:00+09:00,J2,980,771,1751
2018-11-12T16:30:00+09:00,J3,719,724,1443
2018-11-12T16:30:00+09:00,J4,1004,1093,2097
2018-11-12T16:30:00+09:00,J5,621,675,1296
2018-11-12T16:45:00+09:00,J1,807,959,1766
2018-11-12T16:45:00+09:00,J2,775,711,1486
2018-11-12T16:45:00+09:00,J3,626,569,1195
2018-11-12T16:45:00+09:00,J4,898,972,1870
2018-11-12T16:45:00+09:00,J5,464,601,1065
2018-11-12T17:00:00+09:00,J1,873,1054,1927
2018-11-12T17:00:00+09:00,J2,759,744,1503
2018-11-12T17:00:00+09:00,J3,669,649,1318
2018-11-12T17:00:00+09:00,J4,801,908,1709
2018-11-12T17:00:00+09:00,J5,579,608,1187
2018-11-12T17:15:00+09:00,J1,918,1205,2123
2018-11-12T17:15:00+09:00,J2,853,921,1774
2018-11-12T17:15:00+09:00,J3,697,687,1384
2018-11-12T17:15:00+09:00,J4,759,809,1568
2018-11-12T17:15:00+09:00,J5,562,625,1187
2018-11-12T17:30:00+09:00,J1,920,1156,2076
2018-11-12T17:30:00+09:00,J2,932,853,1785
2018-11-12T17:30:00+09:00,J3,800,767,1567
2018-11-12T17:30:00+09:00,J4,742,790,1532
2018-11-12T17:30:00+09:00,J5,455,540,995
2018-11-12T17:45:00+09:00,J1,991,1044,2035
2018-11-12T17:45:00+09:00,J2,874,900,1774
2018-11-12T17:45:00+09:00,J3,914,764,1678
2018-11-12T17:45:00+09:00,J4,775,825,1600
2018-11-12T17:45:00+09:00,J5,421,502,923
2018-11-12T18:00:00+09:00,J1,994,1256,2250
2018-11-12T18:00:00+09:00,J2,904,845,1749
2018-11-12T18:00:00+09:00,J3,934,815,1749
2018-11-12T18:00:00+09:00,J4,804,752,1556
2018-11-12T18:00:00+09:00,J5,493,522,1015
2018-11-12T18:15:00+09:00,J1,976,1171,2147
2018-11-12T18:15:00+09:00,J2,924,803,1727
2018-11-12T18:15:00+09:00,J3,971,819,1790
2018-11-12T18:15:00+09:00,J4,860,749,1609
2018-11-12T18:15:00+09:00,J5,413,505,918
2018-11-12T18:30:00+09:00,J1,985,1127,2112
2018-11-12T18:30:00+09:00,J2,846,772,1618
2018-11-12T18:30:00+09:00,J3,927,805,1732
2018-11-12T18:30:00+09:00,J4,866,803,1669
2018-11-12T18:30:00+09:00,J5,333,435,768
2018-11-12T18:45:00+09:00,J1,949,1035,1984
2018-11-12T18:45:00+09:00,J2,738,706,1444
2018-11-12T18:45:00+09:00,J3,931,729,1660
2018-11-12T18:45:00+09:00,J4,863,736,1599
2018-11-12T18:45:00+09:00,J5,362,429,791
2018-11-12T19:00:00+09:00,J1,866,928,1794
2018-11-12T19:00:00+09:00,J2,800,728,1528
2018-11-12T19:00:00+09:00,J3,817,627,1444
2018-11-12T19:00:00+09:00,J4,858,798,1656
2018-11-12T19:00:00+09:00,J5,411,396,807
2018-11-12T19:15:00+09:00,J1,837,1039,1876
2018-11-12T19:15:00+09:00,J2,798,690,1488
2018-11-12T19:15:00+09:00,J3,876,615,1491
2018-11-12T19:15:00+09:00,J4,896,806,1702
2018-11-12T19:15:00+09:00,J5,373,446,819
2018-11-12T19:30:00+09:00,J1,829,962,1791
2018-11-12T19:30:00+09:00,J2,758,647,1405
2018-11-12T19:30:00+09:00,J3,808,657,1465
2018-11-12T19:30:00+09:00,J4,890,789,1679
2018-11-12T19:30:00+09:00,J5,368,374,742
2018-11-12T19:45:00+09:00,J1,790,908,1698
2018-11-12T19:45:00+09:00,J2,699,647,1346
2018-11-12T19:45:00+09:00,J3,756,571,1327
2018-11-12T19:45:00+09:00,J4,913,872,1785
2018-11-12T19:45:00+09:00,J5,419,437,856
2018-11-12T20:00:00+09:00,J1,809,949,1758
2018-11-12T20:00:00+09:00,J2,604,584,1188
2018-11-12T20:00:00+09:00,J3,743,590,1333
2018-11-12T20:00:00+09:00,J4,920,910,1830
2018-11-12T20:00:00+09:00,J5,420,422,842
2018-11-12T20:15:00+09:00,J1,788,851,1639
2018-11-12T20:15:00+09:00,J2,438,525,963
2018-11-12T20:15:00+09:00,J3,738,626,1364
2018-11-12T20:15:00+09:00,J4,859,852,1711
2018-11-12T20:15:00+09:00,J5,367,421,788
2018-11-12T20:30:00+09:00,J1,859,873,1732
2018-11-12T20:30:00+09:00,J2,479,520,999
2018-11-12T20:30:00+09:00,J3,644,581,1225
2018-11-12T20:30:00+09:00,J4,869,821,1690
2018-11-12T20:30:00+09:00,J5,442,474,916
2018-11-12T20:45:00+09:00,J1,775,859,1634
2018-11-12T20:45:00+09:00,J2,500,541,1041
2018-11-12T20:45:00+09:00,J3,604,508,1112
2018-11-12T20:45:00+09:00,J4,874,871,1745
2018-11-12T20:45:00+09:00,J5,495,534,1029
2018-11-12T21:00:00+09:00,J1,806,878,1684
2018-11-12T21:00:00+09:00,J2,422,463,885
2018-11-12T21:00:00+09:00,J3,718,549,1267
2018-11-12T21:00:00+09:00,J4,990,911,1901
2018-11-12T21:00:00+09:00,J5,536,538,1074
2018-11-12T21:15:00+09:00,J1,819,876,1695
2018-11-12T21:15:00+09:00,J2,499,519,1018
2018-11-12T21:15:00+09:00,J3,662,554,1216
2018-11-12T21:15:00+09:00,J4,977,961,1938
2018-11-12T21:15:00+09:00,J5,517,562,1079
2018-11-12T21:30:00+09:00,J1,789,908,1697
2018-11-12T21:30:00+09:00,J2,444,449,893
2018-11-12T21:30:00+09:00,J3,607,528,1135
2018-11-12T21:30:00+09:00,J4,903,912,1815
2018-11-12T21:30:00+09:00,J5,440,563,1003
2018-11-12T21:45:00+09:00,J1,759,845,1604
2018-11-12T21:45:00+09:00,J2,380,382,762
2018-11-12T21:45:00+09:00,J3,559,508,1067
2018-11-12T21:45:00+09:00,J4,882,869,1751
2018-11-12T21:45:00+09:00,J5,382,467,849
2018-11-12T22:00:00+09:00,J1,720,755,1475
2018-11-12T22:00:00+09:00,J2,314,374,688
2018-11-12T22:00:00+09:00,J3,563,496,1059
2018-11-12T22:00:00+09:00,J4,922,885,1807
2018-11-12T22:00:00+09:00,J5,436,430,866
2018-11-12T22:15:00+09:00,J1,702,667,1369
2018-11-12T22:15:00+09:00,J2,271,322,593
2018-11-12T22:15:00+09:00,J3,596,473,1069
2018-11-12T22:15:00+09:00,J4,883,815,1698
2018-11-12T22:15:00+09:00,J5,382,396,778
2018-11-12T22:30:00+09:00,J1,626,635,1261
2018-11-12T22:30:00+09:00,J2,286,357,643
2018-11-12T22:30:00+09:00,J3,592,506,1098
2018-11-12T22:30:00+09:00,J4,811,721,1532
2018-11-12T22:30:00+09:00,J5,404,398,802
2018-11-12T22:45:00+09:00,J1,688,699,1387
2018-11-12T22:45:00+09:00,J2,295,321,616
2018-11-12T22:45:00+09:00,J3,658,549,1207
2018-11-12T22:45:00+09:00,J4,816,704,1520
2018-11-12T22:45:00+09:00,J5,380,345,725
2018-11-12T23:00:00+09:00,J1,646,728,1374
2018-11-12T23:00:00+09:00,J2,256,361,617
2018-11-12T23:00:00+09:00,J3,693,540,1233
2018-11-12T23:00:00+09:00,J4,799,798,1597
2018-11-12T23:00:00+09:00,J5,370,346,716
2018-11-12T23:15:00+09:00,J1,586,592,1178
2018-11-12T23:15:00+09:00,J2,254,372,626
2018-11-12T23:15:00+09:00,J3,622,586,1208
2018-11-12T23:15:00+09:00,J4,789,740,1529
2018-11-12T23:15:00+09:00,J5,410,348,758
2018-11-12T23:30:00+09:00,J1,589,578,1167
2018-11-12T23:30:00+09:00,J2,263,318,581
2018-11-12T23:30:00+09:00,J3,525,483,1008
2018-11-12T23:30:00+09:00,J4,684,736,1420
2018-11-12T23:30:00+09:00,J5,341,340,681
2018-11-12T23:45:00+09:00,J1,533,505,1038
2018-11-12T23:45:00+09:00,J2,262,305,567
2018-11-12T23:45:00+09:00,J3,481,408,889
2018-11-12T23:45:00+09:00,J4,551,571,1122
2018-11-12T23:45:00+09:00,J5,319,317,636
2018-11-13T00:00:00+09:00,J1,393,442,835
2018-11-13T00:00:00+09:00,J2,272,352,624
2018-11-13T00:00:00+09:00,J3,469,365,834
2018-11-13T00:00:00+09:00,J4,773,655,1428
2018-11-13T00:00:00+09:00,J5,303,334,637
2018-11-13T00:15:00+09:00,J1,368,319,687
2018-11-13T00:15:00+09:00,J2,230,269,499
2018-11-13T00:15:00+09:00,J3,651,602,1253
2018-11-13T00:15:00+09:00,J4,518,525,1043
2018-11-13T00:15:00+09:00,J5,519,521,1040
2018-11-13T00:30:00+09:00,J1,296,241,537
2018-11-13T00:30:00+09:00,J2,219,307,526
2018-11-13T00:30:00+09:00,J3,587,526,1113
2018-11-13T00:30:00+09:00,J4,433,446,879
2018-11-13T00:30:00+09:00,J5,488,473,961
2018-11-13T00:45:00+09:00,J1,291,310,601
2018-11-13T00:45:00+09:00,J2,214,300,514
2018-11-13T00:45:00+09:00,J3,608,519,1127
2018-11-13T00:45:00+09:00,J4,344,373,717
2018-11-13T00:45:00+09:00,J5,422,402,824
2018-11-13T05:45:00+09:00,J1,419,481,900
2018-11-13T05:45:00+09:00,J2,293,332,625
2018-11-13T05:45:00+09:00,J3,614,568,1182
2018-11-13T05:45:00+09:00,J4,506,496,1002
2018-11-13T05:45:00+09:00,J5,337,333,670
2018-11-13T06:00:00+09:00,J1,417,466,883
2018-11-13T06:00:00+09:00,J2,252,322,574
2018-11-13T06:00:00+09:00,J3,609,586,1195
2018-11-13T06:00:00+09:00,J4,482,512,994
2018-11-13T06:00:00+09:00,J5,335,420,755
2018-11-13T06:15:00+09:00,J1,647,623,1270
2018-11-13T06:15:00+09:00,J2,242,325,567
2018-11-13T06:15:00+09:00,J3,684,647,1331
2018-11-13T06:15:00+09:00,J4,592,646,1238
2018-11-13T06:15:00+09:00,J5,456,417,873
2018-11-13T06:30:00+09:00,J1,636,604,1240
2018-11-13T06:30:00+09:00,J2,230,328,558
2018-11-13T06:30:00+09:00,J3,734,675,1409
2018-11-13T06:30:00+09:00,J4,793,754,1547
2018-11-13T06:30:00+09:00,J5,481,521,1002
2018-11-13T06:45:00+09:00,J1,636,631,1267
2018-11-13T06:45:00+09:00,J2,302,375,677
2018-11-13T06:45:00+09:00,J3,730,625,1355
2018-11-13T06:45:00+09:00,J4,884,899,1783
2018-11-13T06:45:00+09:00,J5,552,497,1049
2018-11-13T07:00:00+09:00,J1,781,777,1558
2018-11-13T07:00:00+09:00,J2,326,371,697
2018-11-13T07:00:00+09:00,J3,758,702,1460
2018-11-13T07:00:00+09:00,J4,1015,989,2004
2018-11-13T07:00:00+09:00,J5,591,547,1138
2018-11-13T07:15:00+09:00,J1,809,782,1591
2018-11-13T07:15:00+09:00,J2,341,374,715
2018-11-13T07:15:00+09:00,J3,741,702,1443
2018-11-13T07:15:00+09:00,J4,1134,1135,2269
2018-11-13T07:15:00+09:00,J5,615,564,1179
2018-11-13T07:30:00+09:00,J1,855,896,1751
2018-11-13T07:30:00+09:00,J2,392,427,819
2018-11-13T07:30:00+09:00,J3,823,719,1542
2018-11-13T07:30:00+09:00,J4,1044,1068,2112
2018-11-13T07:30:00+09:00,J5,516,487,1003
2018-11-13T07:45:00+09:00,J1,1003,968,1971
2018-11-13T07:45:00+09:00,J2,598,456,1054
2018-11-13T07:45:00+09:00,J3,737,717,1454
2018-11-13T07:45:00+09:00,J4,1026,1190,2216
2018-11-13T07:45:00+09:00,J5,493,465,958
2018-11-13T08:00:00+09:00,J1,1293,1073,2366
2018-11-13T08:00:00+09:00,J2,797,552,1349
2018-11-13T08:00:00+09:00,J3,834,917,1751
2018-11-13T08:00:00+09:00,J4,1080,1201,2281
2018-11-13T08:00:00+09:00,J5,497,431,928
2018-11-13T08:15:00+09:00,J1,1323,1098,2421
2018-11-13T08:15:00+09:00,J2,778,531,1309
2018-11-13T08:15:00+09:00,J3,808,966,1774
2018-11-13T08:15:00+09:00,J4,1068,1375,2443
2018-11-13T08:15:00+09:00,J5,456,400,856
2018-11-13T08:30:00+09:00,J1,1429,1134,2563
2018-11-13T08:30:00+09:00,J2,936,558,1494
2018-11-13T08:30:00+09:00,J3,745,890,1635
2018-11-13T08:30:00+09:00,J4,1052,1252,2304
2018-11-13T08:30:00+09:00,J5,544,475,1019
2018-11-13T08:45:00+09:00,J1,1124,924,2048
2018-11-13T08:45:00+09:00,J2,700,503,1203
2018-11-13T08:45:00+09:00,J3,679,725,1404
2018-11-13T08:45:00+09:00,J4,927,1103,2030
2018-11-13T08:45:00+09:00,J5,510,421,931
2018-11-13T09:00:00+09:00,J1,1049,1050,2099
2018-11-13T09:00:00+09:00,J2,582,502,1084
2018-11-13T09:00:00+09:00,J3,687,648,1335
2018-11-13T09:00:00+09:00,J4,774,904,1678
2018-11-13T09:00:00+09:00,J5,546,495,1041
2018-11-13T09:15:00+09:00,J1,1037,866,1903
2018-11-13T09:15:00+09:00,J2,594,507,1101
2018-11-13T09:15:00+09:00,J3,717,743,1460
2018-11-13T09:15:00+09:00,J4,905,963,1868
2018-11-13T09:15:00+09:00,J5,541,441,982
2018-11-13T09:30:00+09:00,J1,1042,891,1933
2018-11-13T09:30:00+09:00,J2,491,460,951
2018-11-13T09:30:00+09:00,J3,802,785,1587
2018-11-13T09:30:00+09:00,J4,914,911,1825
2018-11-13T09:30:00+09:00,J5,461,381,842
2018-11-13T09:45:00+09:00,J1,1008,872,1880
2018-11-13T09:45:00+09:00,J2,559,445,1004
2018-11-13T09:45:00+09:00,J3,742,735,1477
2018-11-13T09:45:00+09:00,J4,809,841,1650
2018-11-13T09:45:00+09:00,J5,404,405,809
2018-11-13T10:00:00+09:00,J1,930,882,1812
2018-11-13T10:00:00+09:00,J2,533,550,1083
2018-11-13T10:00:00+09:00,J3,805,715,1520
2018-11-13T10:00:00+09:00,J4,880,805,1685
2018-11-13T10:00:00+09:00,J5,473,487,960
2018-11-13T10:15:00+09:00,J1,895,818,1713
2018-11-13T10:15:00+09:00,J2,490,482,972
2018-11-13T10:15:00+09:00,J3,669,690,1359
2018-11-13T10:15:00+09:00,J4,888,878,1766
2018-11-13T10:15:00+09:00,J5,499,481,980
2018-11-13T10:30:00+09:00,J1,1061,1003,2064
2018-11-13T10:30:00+09:00,J2,522,480,1002
2018-11-13T10:30:00+09:00,J3,655,612,1267
2018-11-13T10:30:00+09:00,J4,897,898,1795
2018-11-13T10:30:00+09:00,J5,456,413,869
2018-11-13T10:45:00+09:00,J1,1044,1046,2090
2018-11-13T10:45:00+09:00,J2,514,516,1030
2018-11-13T10:45:00+09:00,J3,802,722,1524
2018-11-13T10:45:00+09:00,J4,948,833,1781
2018-11-13T10:45:00+09:00,J5,405,407,812
2018-11-13T11:00:00+09:00,J1,1023,1170,2193
2018-11-13T11:00:00+09:00,J2,500,568,1068
2018-11-13T11:00:00+09:00,J3,771,735,1506
2018-11-13T11:00:00+09:00,J4,955,953,1908
2018-11-13T11:00:00+09:00,J5,346,359,705
2018-11-13T11:15:00+09:00,J1,1162,1271,2433
2018-11-13T11:15:00+09:00,J2,556,580,1136
2018-11-13T11:15:00+09:00,J3,839,755,1594
2018-11-13T11:15:00+09:00,J4,905,933,1838
2018-11-13T11:15:00+09:00,J5,388,414,802
2018-11-13T11:30:00+09:00,J1,1086,1072,2158
2018-11-13T11:30:00+09:00,J2,516,594,1110
2018-11-13T11:30:00+09:00,J3,771,793,1564
2018-11-13T11:30:00+09:00,J4,979,919,1898
2018-11-13T11:30:00+09:00,J5,452,499,951
2018-11-13T11:45:00+09:00,J1,1157,1165,2322
2018-11-13T11:45:00+09:00,J2,569,563,1132
2018-11-13T11:45:00+09:00,J3,744,744,1488
2018-11-13T11:45:00+09:00,J4,944,850,1794
2018-11-13T11:45:00+09:00,J5,360,365,725
2018-11-13T12:00:00+09:00,J1,1106,1206,2312
2018-11-13T12:00:00+09:00,J2,516,576,1092
2018-11-13T12:00:00+09:00,J3,818,791,1609
2018-11-13T12:00:00+09:00,J4,975,921,1896
2018-11-13T12:00:00+09:00,J5,496,521,1017
2018-11-13T12:15:00+09:00,J1,980,1088,2068
2018-11-13T12:15:00+09:00,J2,516,588,1104
2018-11-13T12:15:00+09:00,J3,848,826,1674
2018-11-13T12:15:00+09:00,J4,923,839,1762
2018-11-13T12:15:00+09:00,J5,483,526,1009
2018-11-13T12:30:00+09:00,J1,1025,1058,2083
2018-11-13T12:30:00+09:00,J2,504,532,1036
2018-11-13T12:30:00+09:00,J3,811,728,1539
2018-11-13T12:30:00+09:00,J4,950,953,1903
2018-11-13T12:30:00+09:00,J5,521,515,1036
2018-11-13T12:45:00+09:00,J1,1089,1127,2216
2018-11-13T12:45:00+09:00,J2,529,557,1086
2018-11-13T12:45:00+09:00,J3,867,739,1606
2018-11-13T12:45:00+09:00,J4,872,837,1709
2018-11-13T12:45:00+09:00,J5,510,518,1028
2018-11-13T13:00:00+09:00,J1,1022,1125,2147
2018-11-13T13:00:00+09:00,J2,511,542,1053
2018-11-13T13:00:00+09:00,J3,866,847,1713
2018-11-13T13:00:00+09:00,J4,806,809,1615
2018-11-13T13:00:00+09:00,J5,472,471,943
2018-11-13T13:15:00+09:00,J1,1002,1174,2176
2018-11-13T13:15:00+09:00,J2,516,575,1091
2018-11-13T13:15:00+09:00,J3,827,799,1626
2018-11-13T13:15:00+09:00,J4,875,824,1699
2018-11-13T13:15:00+09:00,J5,467,432,899
2018-11-13T13:30:00+09:00,J1,1021,1105,2126
2018-11-13T13:30:00+09:00,J2,468,545,1013
2018-11-13T13:30:00+09:00,J3,767,709,1476
2018-11-13T13:30:00+09:00,J4,864,871,1735
2018-11-13T13:30:00+09:00,J5,441,490,931
2018-11-13T13:45:00+09:00,J1,1037,1066,2103
2018-11-13T13:45:00+09:00,J2,521,493,1014
2018-11-13T13:45:00+09:00,J3,821,678,1499
2018-11-13T13:45:00+09:00,J4,834,786,1620
2018-11-13T13:45:00+09:00,J5,455,398,853
2018-11-13T14:00:00+09:00,J1,994,1059,2053
2018-11-13T14:00:00+09:00,J2,430,461,891
2018-11-13T14:00:00+09:00,J3,850,732,1582
2018-11-13T14:00:00+09:00,J4,723,744,1467
2018-11-13T14:00:00+09:00,J5,474,440,914
2018-11-13T14:15:00+09:00,J1,955,984,1939
2018-11-13T14:15:00+09:00,J2,449,435,884
2018-11-13T14:15:00+09:00,J3,755,665,1420
2018-11-13T14:15:00+09:00,J4,724,831,1555
2018-11-13T14:15:00+09:00,J5,477,471,948
2018-11-13T14:30:00+09:00,J1,1056,1065,2121
2018-11-13T14:30:00+09:00,J2,479,535,1014
2018-11-13T14:30:00+09:00,J3,777,733,1510
2018-11-13T14:30:00+09:00,J4,902,906,1808
2018-11-13T14:30:00+09:00,J5,517,487,1004
2018-11-13T14:45:00+09:00,J1,988,1040,2028
2018-11-13T14:45:00+09:00,J2,473,507,980
2018-11-13T14:45:00+09:00,J3,874,801,1675
2018-11-13T14:45:00+09:00,J4,858,863,1721
2018-11-13T14:45:00+09:00,J5,493,556,1049
2018-11-13T15:00:00+09:00,J1,970,1188,2158
2018-11-13T15:00:00+09:00,J2,536,593,1129
2018-11-13T15:00:00+09:00,J3,853,842,1695
2018-11-13T15:00:00+09:00,J4,950,970,1920
2018-11-13T15:00:00+09:00,J5,598,687,1285
2018-11-13T15:15:00+09:00,J1,971,1111,2082
2018-11-13T15:15:00+09:00,J2,525,558,1083
2018-11-13T15:15:00+09:00,J3,900,860,1760
2018-11-13T15:15:00+09:00,J4,925,963,1888
2018-11-13T15:15:00+09:00,J5,592,647,1239
2018-11-13T15:30:00+09:00,J1,984,1100,2084
2018-11-13T15:30:00+09:00,J2,500,595,1095
2018-11-13T15:30:00+09:00,J3,866,849,1715
2018-11-13T15:30:00+09:00,J4,1008,995,2003
2018-11-13T15:30:00+09:00,J5,567,608,1175
2018-11-13T15:45:00+09:00,J1,1011,1090,2101
2018-11-13T15:45:00+09:00,J2,521,576,1097
2018-11-13T15:45:00+09:00,J3,945,864,1809
2018-11-13T15:45:00+09:00,J4,989,953,1942
2018-11-13T15:45:00+09:00,J5,585,563,1148
2018-11-13T16:00:00+09:00,J1,958,1168,2126
2018-11-13T16:00:00+09:00,J2,551,642,1193
2018-11-13T16:00:00+09:00,J3,854,842,1696
2018-11-13T16:00:00+09:00,J4,1007,940,1947
2018-11-13T16:00:00+09:00,J5,569,595,1164
2018-11-13T16:15:00+09:00,J1,946,1042,1988
2018-11-13T16:15:00+09:00,J2,520,606,1126
2018-11-13T16:15:00+09:00,J3,960,875,1835
2018-11-13T16:15:00+09:00,J4,977,922,1899
2018-11-13T16:15:00+09:00,J5,622,645,1267
2018-11-13T16:30:00+09:00,J1,1035,1055,2090
2018-11-13T16:30:00+09:00,J2,545,655,1200
2018-11-13T16:30:00+09:00,J3,918,951,1869
2018-11-13T16:30:00+09:00,J4,1079,1084,2163
2018-11-13T16:30:00+09:00,J5,645,684,1329
2018-11-13T16:45:00+09:00,J1,967,1089,2056
2018-11-13T16:45:00+09:00,J2,663,675,1338
2018-11-13T16:45:00+09:00,J3,994,909,1903
2018-11-13T16:45:00+09:00,J4,1155,1144,2299
2018-11-13T16:45:00+09:00,J5,619,725,1344
2018-11-13T17:00:00+09:00,J1,1052,1224,2276
2018-11-13T17:00:00+09:00,J2,684,743,1427
2018-11-13T17:00:00+09:00,J3,1090,1030,2120
2018-11-13T17:00:00+09:00,J4,1057,1047,2104
2018-11-13T17:00:00+09:00,J5,674,754,1428
2018-11-13T17:15:00+09:00,J1,1121,1222,2343
2018-11-13T17:15:00+09:00,J2,627,716,1343
2018-11-13T17:15:00+09:00,J3,1037,917,1954
2018-11-13T17:15:00+09:00,J4,1030,910,1940
2018-11-13T17:15:00+09:00,J5,642,802,1444
2018-11-13T17:30:00+09:00,J1,1086,1245,2331
2018-11-13T17:30:00+09:00,J2,625,748,1373
2018-11-13T17:30:00+09:00,J3,1067,850,1917
2018-11-13T17:30:00+09:00,J4,968,826,1794
2018-11-13T17:30:00+09:00,J5,677,819,1496
2018-11-13T17:45:00+09:00,J1,1166,1236,2402
2018-11-13T17:45:00+09:00,J2,654,665,1319
2018-11-13T17:45:00+09:00,J3,1147,881,2028
2018-11-13T17:45:00+09:00,J4,1038,975,2013
2018-11-13T17:45:00+09:00,J5,737,813,1550
2018-11-13T18:00:00+09:00,J1,1072,1307,2379
2018-11-13T18:00:00+09:00,J2,643,742,1385
2018-11-13T18:00:00+09:00,J3,1066,828,1894
2018-11-13T18:00:00+09:00,J4,1116,952,2068
2018-11-13T18:00:00+09:00,J5,723,785,1508
2018-11-13T18:15:00+09:00,J1,1107,1223,2330
2018-11-13T18:15:00+09:00,J2,744,789,1533
2018-11-13T18:15:00+09:00,J3,1183,736,1919
2018-11-13T18:15:00+09:00,J4,1093,942,2035
2018-11-13T18:15:00+09:00,J5,551,597,1148
2018-11-13T18:30:00+09:00,J1,1009,1117,2126
2018-11-13T18:30:00+09:00,J2,642,667,1309
2018-11-13T18:30:00+09:00,J3,1002,735,1737
2018-11-13T18:30:00+09:00,J4,1017,923,1940
2018-11-13T18:30:00+09:00,J5,481,522,1003
2018-11-13T18:45:00+09:00,J1,914,1118,2032
2018-11-13T18:45:00+09:00,J2,527,657,1184
2018-11-13T18:45:00+09:00,J3,831,676,1507
2018-11-13T18:45:00+09:00,J4,1060,934,1994
2018-11-13T18:45:00+09:00,J5,540,564,1104
2018-11-13T19:00:00+09:00,J1,856,1011,1867
2018-11-13T19:00:00+09:00,J2,572,615,1187
2018-11-13T19:00:00+09:00,J3,909,758,1667
2018-11-13T19:00:00+09:00,J4,1070,990,2060
2018-11-13T19:00:00+09:00,J5,499,582,1081
2018-11-13T19:15:00+09:00,J1,852,1043,1895
2018-11-13T19:15:00+09:00,J2,588,560,1148
2018-11-13T19:15:00+09:00,J3,915,813,1728
2018-11-13T19:15:00+09:00,J4,1077,952,2029
2018-11-13T19:15:00+09:00,J5,534,553,1087
2018-11-13T19:30:00+09:00,J1,852,1028,1880
2018-11-13T19:30:00+09:00,J2,544,572,1116
2018-11-13T19:30:00+09:00,J3,842,655,1497
2018-11-13T19:30:00+09:00,J4,995,920,1915
2018-11-13T19:30:00+09:00,J5,528,526,1054
2018-11-13T19:45:00+09:00,J1,801,998,1799
2018-11-13T19:45:00+09:00,J2,450,565,1015
2018-11-13T19:45:00+09:00,J3,747,704,1451
2018-11-13T19:45:00+09:00,J4,994,904,1898
2018-11-13T19:45:00+09:00,J5,516,617,1133
2018-11-13T20:00:00+09:00,J1,864,1072,1936
2018-11-13T20:00:00+09:00,J2,487,556,1043
2018-11-13T20:00:00+09:00,J3,864,771,1635
2018-11-13T20:00:00+09:00,J4,996,987,1983
2018-11-13T20:00:00+09:00,J5,583,614,1197
2018-11-13T20:15:00+09:00,J1,849,1021,1870
2018-11-13T20:15:00+09:00,J2,486,549,1035
2018-11-13T20:15:00+09:00,J3,818,767,1585
2018-11-13T20:15:00+09:00,J4,1038,1006,2044
2018-11-13T20:15:00+09:00,J5,554,584,1138
2018-11-13T20:30:00+09:00,J1,828,983,1811
2018-11-13T20:30:00+09:00,J2,692,746,1438
2018-11-13T20:30:00+09:00,J3,828,854,1682
2018-11-13T20:30:00+09:00,J4,1008,1007,2015
2018-11-13T20:30:00+09:00,J5,540,617,1157
2018-11-13T20:45:00+09:00,J1,800,986,1786
2018-11-13T20:45:00+09:00,J2,756,671,1427
2018-11-13T20:45:00+09:00,J3,751,830,1581
2018-11-13T20:45:00+09:00,J4,1106,1002,2108
2018-11-13T20:45:00+09:00,J5,587,625,1212
2018-11-13T21:00:00+09:00,J1,871,1085,1956
2018-11-13T21:00:00+09:00,J2,569,656,1225
2018-11-13T21:00:00+09:00,J3,818,754,1572
2018-11-13T21:00:00+09:00,J4,1069,1016,2085
2018-11-13T21:00:00+09:00,J5,514,608,1122
2018-11-13T21:15:00+09:00,J1,849,1127,1976
2018-11-13T21:15:00+09:00,J2,437,551,988
2018-11-13T21:15:00+09:00,J3,853,846,1699
2018-11-13T21:15:00+09:00,J4,1114,988,2102
2018-11-13T21:15:00+09:00,J5,607,642,1249
2018-11-13T21:30:00+09:00,J1,885,969,1854
2018-11-13T21:30:00+09:00,J2,690,652,1342
2018-11-13T21:30:00+09:00,J3,799,794,1593
2018-11-13T21:30:00+09:00,J4,1025,991,2016
2018-11-13T21:30:00+09:00,J5,500,539,1039
2018-11-13T21:45:00+09:00,J1,858,958,1816
2018-11-13T21:45:00+09:00,J2,552,551,1103
2018-11-13T21:45:00+09:00,J3,806,744,1550
2018-11-13T21:45:00+09:00,J4,1016,987,2003
2018-11-13T21:45:00+09:00,J5,444,434,878
2018-11-13T22:00:00+09:00,J1,737,915,1652
2018-11-13T22:00:00+09:00,J2,317,422,739
2018-11-13T22:00:00+09:00,J3,751,794,1545
2018-11-13T22:00:00+09:00,J4,975,916,1891
2018-11-13T22:00:00+09:00,J5,431,445,876
2018-11-13T22:15:00+09:00,J1,768,889,1657
2018-11-13T22:15:00+09:00,J2,360,438,798
2018-11-13T22:15:00+09:00,J3,845,801,1646
2018-11-13T22:15:00+09:00,J4,935,942,1877
2018-11-13T22:15:00+09:00,J5,409,420,829
2018-11-13T22:30:00+09:00,J1,759,880,1639
2018-11-13T22:30:00+09:00,J2,347,443,790
2018-11-13T22:30:00+09:00,J3,781,716,1497
2018-11-13T22:30:00+09:00,J4,946,976,1922
2018-11-13T22:30:00+09:00,J5,395,413,808
2018-11-13T22:45:00+09:00,J1,740,795,1535
2018-11-13T22:45:00+09:00,J2,303,394,697
2018-11-13T22:45:00+09:00,J3,810,760,1570
2018-11-13T22:45:00+09:00,J4,790,798,1588
2018-11-13T22:45:00+09:00,J5,490,510,1000
2018-11-13T23:00:00+09:00,J1,663,808,1471
2018-11-13T23:00:00+09:00,J2,374,443,817
2018-11-13T23:00:00+09:00,J3,833,721,1554
2018-11-13T23:00:00+09:00,J4,829,883,1712
2018-11-13T23:00:00+09:00,J5,549,553,1102
2018-11-13T23:15:00+09:00,J1,677,771,1448
2018-11-13T23:15:00+09:00,J2,328,485,813
2018-11-13T23:15:00+09:00,J3,756,665,1421
2018-11-13T23:15:00+09:00,J4,787,828,1615
2018-11-13T23:15:00+09:00,J5,523,559,1082
2018-11-13T23:30:00+09:00,J1,643,688,1331
2018-11-13T23:30:00+09:00,J2,375,476,851
2018-11-13T23:30:00+09:00,J3,749,657,1406
2018-11-13T23:30:00+09:00,J4,807,826,1633
2018-11-13T23:30:00+09:00,J5,446,495,941
2018-11-13T23:45:00+09:00,J1,685,706,1391
2018-11-13T23:45:00+09:00,J2,389,464,853
2018-11-13T23:45:00+09:00,J3,722,729,1451
2018-11-13T23:45:00+09:00,J4,652,665,1317
2018-11-13T23:45:00+09:00,J5,520,575,1095
2018-11-14T00:00:00+09:00,J1,537,553,1090
2018-11-14T00:00:00+09:00,J2,534,485,1019
2018-11-14T00:00:00+09:00,J3,688,631,1319
2018-11-14T00:00:00+09:00,J4,622,643,1265
2018-11-14T00:00:00+09:00,J5,465,475,940
2018-11-14T00:15:00+09:00,J1,434,379,813
2018-11-14T00:15:00+09:00,J2,545,517,1062
2018-11-14T00:15:00+09:00,J3,538,445,983
2018-11-14T00:15:00+09:00,J4,680,676,1356
2018-11-14T00:15:00+09:00,J5,334,339,673
2018-11-14T00:30:00+09:00,J1,270,238,508
2018-11-14T00:30:00+09:00,J2,426,384,810
2018-11-14T00:30:00+09:00,J3,417,408,825
2018-11-14T00:30:00+09:00,J4,612,492,1104
2018-11-14T00:30:00+09:00,J5,294,349,643
2018-11-14T00:45:00+09:00,J1,291,329,620
2018-11-14T00:45:00+09:00,J2,403,325,728
2018-11-14T00:45:00+09:00,J3,476,385,861
2018-11-14T00:45:00+09:00,J4,580,508,1088
2018-11-14T00:45:00+09:00,J5,323,298,621
2018-11-14T05:45:00+09:00,J1,515,530,1045
2018-11-14T05:45:00+09:00,J2,338,321,659
2018-11-14T05:45:00+09:00,J3,373,329,702
2018-11-14T05:45:00+09:00,J4,841,768,1609
2018-11-14T05:45:00+09:00,J5,288,281,569
2018-11-14T06:00:00+09:00,J1,550,543,1093
2018-11-14T06:00:00+09:00,J2,247,240,487
2018-11-14T06:00:00+09:00,J3,493,354,847
2018-11-14T06:00:00+09:00,J4,878,869,1747
2018-11-14T06:00:00+09:00,J5,328,327,655
2018-11-14T06:15:00+09:00,J1,633,599,1232
2018-11-14T06:15:00+09:00,J2,159,162,321
2018-11-14T06:15:00+09:00,J3,504,433,937
2018-11-14T06:15:00+09:00,J4,957,895,1852
2018-11-14T06:15:00+09:00,J5,419,430,849
2018-11-14T06:30:00+09:00,J1,731,696,1427
2018-11-14T06:30:00+09:00,J2,119,85,204
2018-11-14T06:30:00+09:00,J3,471,391,862
2018-11-14T06:30:00+09:00,J4,869,842,1711
2018-11-14T06:30:00+09:00,J5,485,513,998
2018-11-14T06:45:00+09:00,J1,764,660,1424
2018-11-14T06:45:00+09:00,J2,174,93,267
2018-11-14T06:45:00+09:00,J3,642,486,1128
2018-11-14T06:45:00+09:00,J4,903,1007,1910
2018-11-14T06:45:00+09:00,J5,538,552,1090
2018-11-14T07:00:00+09:00,J1,864,799,1663
2018-11-14T07:00:00+09:00,J2,238,180,418
2018-11-14T07:00:00+09:00,J3,627,505,1132
2018-11-14T07:00:00+09:00,J4,1008,920,1928
2018-11-14T07:00:00+09:00,J5,645,589,1234
2018-11-14T07:15:00+09:00,J1,912,917,1829
2018-11-14T07:15:00+09:00,J2,238,131,369
2018-11-14T07:15:00+09:00,J3,727,589,1316
2018-11-14T07:15:00+09:00,J4,979,1060,2039
2018-11-14T07:15:00+09:00,J5,668,633,1301
2018-11-14T07:30:00+09:00,J1,1012,841,1853
2018-11-14T07:30:00+09:00,J2,211,110,321
2018-11-14T07:30:00+09:00,J3,767,786,1553
2018-11-14T07:30:00+09:00,J4,1024,1143,2167
2018-11-14T07:30:00+09:00,J5,649,589,1238
2018-11-14T07:45:00+09:00,J1,1167,980,2147
2018-11-14T07:45:00+09:00,J2,320,150,470
2018-11-14T07:45:00+09:00,J3,776,815,1591
2018-11-14T07:45:00+09:00,J4,1099,1174,2273
2018-11-14T07:45:00+09:00,J5,504,503,1007
2018-11-14T08:00:00+09:00,J1,1330,1236,2566
2018-11-14T08:00:00+09:00,J2,465,205,670
2018-11-14T08:00:00+09:00,J3,924,847,1771
2018-11-14T08:00:00+09:00,J4,1087,1280,2367
2018-11-14T08:00:00+09:00,J5,571,548,1119
2018-11-14T08:15:00+09:00,J1,1390,1216,2606
2018-11-14T08:15:00+09:00,J2,653,276,929
2018-11-14T08:15:00+09:00,J3,971,980,1951
2018-11-14T08:15:00+09:00,J4,1129,1314,2443
2018-11-14T08:15:00+09:00,J5,617,660,1277
2018-11-14T08:30:00+09:00,J1,1363,1097,2460
2018-11-14T08:30:00+09:00,J2,681,289,970
2018-11-14T08:30:00+09:00,J3,938,1104,2042
2018-11-14T08:30:00+09:00,J4,1081,1315,2396
2018-11-14T08:30:00+09:00,J5,640,695,1335
2018-11-14T08:45:00+09:00,J1,1160,953,2113
2018-11-14T08:45:00+09:00,J2,539,264,803
2018-11-14T08:45:00+09:00,J3,806,976,1782
2018-11-14T08:45:00+09:00,J4,1212,1296,2508
2018-11-14T08:45:00+09:00,J5,692,677,1369
2018-11-14T09:00:00+09:00,J1,1141,980,2121
2018-11-14T09:00:00+09:00,J2,528,341,869
2018-11-14T09:00:00+09:00,J3,833,844,1677
2018-11-14T09:00:00+09:00,J4,1131,1131,2262
2018-11-14T09:00:00+09:00,J5,704,744,1448
2018-11-14T09:15:00+09:00,J1,1052,957,2009
2018-11-14T09:15:00+09:00,J2,520,369,889
2018-11-14T09:15:00+09:00,J3,873,727,1600
2018-11-14T09:15:00+09:00,J4,1046,1062,2108
2018-11-14T09:15:00+09:00,J5,636,671,1307
2018-11-14T09:30:00+09:00,J1,1046,1072,2118
2018-11-14T09:30:00+09:00,J2,596,457,1053
2018-11-14T09:30:00+09:00,J3,854,775,1629
2018-11-14T09:30:00+09:00,J4,1024,1037,2061
2018-11-14T09:30:00+09:00,J5,587,599,1186
2018-11-14T09:45:00+09:00,J1,1013,1058,2071
2018-11-14T09:45:00+09:00,J2,567,421,988
2018-11-14T09:45:00+09:00,J3,935,821,1756
2018-11-14T09:45:00+09:00,J4,1106,1073,2179
2018-11-14T09:45:00+09:00,J5,548,519,1067
2018-11-14T10:00:00+09:00,J1,1007,1011,2018
2018-11-14T10:00:00+09:00,J2,518,481,999
2018-11-14T10:00:00+09:00,J3,904,757,1661
2018-11-14T10:00:00+09:00,J4,1093,1106,2199
2018-11-14T10:00:00+09:00,J5,514,464,978
2018-11-14T10:15:00+09:00,J1,871,930,1801
2018-11-14T10:15:00+09:00,J2,412,366,778
2018-11-14T10:15:00+09:00,J3,855,828,1683
2018-11-14T10:15:00+09:00,J4,1064,1113,2177
2018-11-14T10:15:00+09:00,J5,494,435,929
2018-11-14T10:30:00+09:00,J1,846,854,1700
2018-11-14T10:30:00+09:00,J2,324,263,587
2018-11-14T10:30:00+09:00,J3,798,840,1638
2018-11-14T10:30:00+09:00,J4,1091,1152,2243
2018-11-14T10:30:00+09:00,J5,492,465,957
2018-11-14T10:45:00+09:00,J1,844,836,1680
2018-11-14T10:45:00+09:00,J2,300,239,539
2018-11-14T10:45:00+09:00,J3,828,857,1685
2018-11-14T10:45:00+09:00,J4,1017,1099,2116
2018-11-14T10:45:00+09:00,J5,463,477,940
2018-11-14T11:00:00+09:00,J1,851,946,1797
2018-11-14T11:00:00+09:00,J2,304,243,547
2018-11-14T11:00:00+09:00,J3,812,893,1705
2018-11-14T11:00:00+09:00,J4,895,875,1770
2018-11-14T11:00:00+09:00,J5,403,405,808
2018-11-14T11:15:00+09:00,J1,1110,1168,2278
2018-11-14T11:15:00+09:00,J2,378,326,704
2018-11-14T11:15:00+09:00,J3,887,923,1810
2018-11-14T11:15:00+09:00,J4,861,854,1715
2018-11-14T11:15:00+09:00,J5,520,477,997
2018-11-14T11:30:00+09:00,J1,1075,1213,2288
2018-11-14T11:30:00+09:00,J2,417,306,723
2018-11-14T11:30:00+09:00,J3,851,895,1746
2018-11-14T11:30:00+09:00,J4,761,839,1600
2018-11-14T11:30:00+09:00,J5,553,537,1090
2018-11-14T11:45:00+09:00,J1,1011,1154,2165
2018-11-14T11:45:00+09:00,J2,395,310,705
2018-11-14T11:45:00+09:00,J3,910,898,1808
2018-11-14T11:45:00+09:00,J4,805,864,1669
2018-11-14T11:45:00+09:00,J5,479,437,916
2018-11-14T12:00:00+09:00,J1,1036,1180,2216
2018-11-14T12:00:00+09:00,J2,410,309,719
2018-11-14T12:00:00+09:00,J3,857,794,1651
2018-11-14T12:00:00+09:00,J4,844,918,1762
2018-11-14T12:00:00+09:00,J5,400,449,849
2018-11-14T12:15:00+09:00,J1,982,1064,2046
2018-11-14T12:15:00+09:00,J2,380,299,679
2018-11-14T12:15:00+09:00,J3,808,731,1539
2018-11-14T12:15:00+09:00,J4,948,922,1870
2018-11-14T12:15:00+09:00,J5,550,497,1047
2018-11-14T12:30:00+09:00,J1,958,1172,2130
2018-11-14T12:30:00+09:00,J2,390,267,657
2018-11-14T12:30:00+09:00,J3,768,705,1473
2018-11-14T12:30:00+09:00,J4,990,962,1952
2018-11-14T12:30:00+09:00,J5,528,583,1111
2018-11-14T12:45:00+09:00,J1,891,1064,1955
2018-11-14T12:45:00+09:00,J2,368,276,644
2018-11-14T12:45:00+09:00,J3,775,737,1512
2018-11-14T12:45:00+09:00,J4,981,1071,2052
2018-11-14T12:45:00+09:00,J5,532,584,1116
2018-11-14T13:00:00+09:00,J1,1020,1176,2196
2018-11-14T13:00:00+09:00,J2,330,342,672
2018-11-14T13:00:00+09:00,J3,810,748,1558
2018-11-14T13:00:00+09:00,J4,939,933,1872
2018-11-14T13:00:00+09:00,J5,527,575,1102
2018-11-14T13:15:00+09:00,J1,1035,1164,2199
2018-11-14T13:15:00+09:00,J2,355,331,686
2018-11-14T13:15:00+09:00,J3,853,754,1607
2018-11-14T13:15:00+09:00,J4,1019,1053,2072
2018-11-14T13:15:00+09:00,J5,496,496,992
2018-11-14T13:30:00+09:00,J1,1078,1184,2262
2018-11-14T13:30:00+09:00,J2,418,358,776
2018-11-14T13:30:00+09:00,J3,830,677,1507
2018-11-14T13:30:00+09:00,J4,1029,1142,2171
2018-11-14T13:30:00+09:00,J5,495,433,928
2018-11-14T13:45:00+09:00,J1,1030,1184,2214
2018-11-14T13:45:00+09:00,J2,415,339,754
2018-11-14T13:45:00+09:00,J3,784,655,1439
2018-11-14T13:45:00+09:00,J4,1078,1117,2195
2018-11-14T13:45:00+09:00,J5,522,491,1013
2018-11-14T14:00:00+09:00,J1,997,1159,2156
2018-11-14T14:00:00+09:00,J2,411,326,737
2018-11-14T14:00:00+09:00,J3,815,688,1503
2018-11-14T14:00:00+09:00,J4,1030,972,2002
2018-11-14T14:00:00+09:00,J5,536,538,1074
2018-11-14T14:15:00+09:00,J1,1026,1245,2271
2018-11-14T14:15:00+09:00,J2,403,312,715
2018-11-14T14:15:00+09:00,J3,802,693,1495
2018-11-14T14:15:00+09:00,J4,1027,997,2024
2018-11-14T14:15:00+09:00,J5,528,499,1027
2018-11-14T14:30:00+09:00,J1,1053,1090,2143
2018-11-14T14:30:00+09:00,J2,449,380,829
2018-11-14T14:30:00+09:00,J3,789,708,1497
2018-11-14T14:30:00+09:00,J4,1098,1061,2159
2018-11-14T14:30:00+09:00,J5,579,535,1114
2018-11-14T14:45:00+09:00,J1,1059,1122,2181
2018-11-14T14:45:00+09:00,J2,421,345,766
2018-11-14T14:45:00+09:00,J3,779,662,1441
2018-11-14T14:45:00+09:00,J4,1157,1040,2197
2018-11-14T14:45:00+09:00,J5,559,520,1079
2018-11-14T15:00:00+09:00,J1,1083,1253,2336
2018-11-14T15:00:00+09:00,J2,394,285,679
2018-11-14T15:00:00+09:00,J3,822,655,1477
2018-11-14T15:00:00+09:00,J4,1120,1129,2249
2018-11-14T15:00:00+09:00,J5,597,575,1172
2018-11-14T15:15:00+09:00,J1,1062,1193,2255
2018-11-14T15:15:00+09:00,J2,415,349,764
2018-11-14T15:15:00+09:00,J3,781,697,1478
2018-11-14T15:15:00+09:00,J4,1044,1114,2158
2018-11-14T15:15:00+09:00,J5,577,562,1139
2018-11-14T15:30:00+09:00,J1,1024,1161,2185
2018-11-14T15:30:00+09:00,J2,424,313,737
2018-11-14T15:30:00+09:00,J3,747,667,1414
2018-11-14T15:30:00+09:00,J4,1072,1082,2154
2018-11-14T15:30:00+09:00,J5,528,506,1034
2018-11-14T15:45:00+09:00,J1,1008,1188,2196
2018-11-14T15:45:00+09:00,J2,425,332,757
2018-11-14T15:45:00+09:00,J3,775,711,1486
2018-11-14T15:45:00+09:00,J4,1050,1078,2128
2018-11-14T15:45:00+09:00,J5,548,521,1069
2018-11-14T16:00:00+09:00,J1,942,1163,2105
2018-11-14T16:00:00+09:00,J2,474,312,786
2018-11-14T16:00:00+09:00,J3,692,651,1343
2018-11-14T16:00:00+09:00,J4,1011,1007,2018
2018-11-14T16:00:00+09:00,J5,511,492,1003
2018-11-14T16:15:00+09:00,J1,1018,1148,2166
2018-11-14T16:15:00+09:00,J2,439,318,757
2018-11-14T16:15:00+09:00,J3,788,678,1466
2018-11-14T16:15:00+09:00,J4,1090,998,2088
2018-11-14T16:15:00+09:00,J5,548,529,1077
2018-11-14T16:30:00+09:00,J1,993,1118,2111
2018-11-14T16:30:00+09:00,J2,459,318,777
2018-11-14T16:30:00+09:00,J3,701,642,1343
2018-11-14T16:30:00+09:00,J4,1036,1038,2074
2018-11-14T16:30:00+09:00,J5,583,531,1114
2018-11-14T16:45:00+09:00,J1,1024,1046,2070
2018-11-14T16:45:00+09:00,J2,467,346,813
2018-11-14T16:45:00+09:00,J3,848,713,1561
2018-11-14T16:45:00+09:00,J4,1051,1101,2152
2018-11-14T16:45:00+09:00,J5,575,615,1190
2018-11-14T17:00:00+09:00,J1,1108,1232,2340
2018-11-14T17:00:00+09:00,J2,476,375,851
2018-11-14T17:00:00+09:00,J3,882,860,1742
2018-11-14T17:00:00+09:00,J4,1026,1028,2054
2018-11-14T17:00:00+09:00,J5,619,658,1277
2018-11-14T17:15:00+09:00,J1,1155,1302,2457
2018-11-14T17:15:00+09:00,J2,461,439,900
2018-11-14T17:15:00+09:00,J3,901,889,1790
2018-11-14T17:15:00+09:00,J4,1085,984,2069
2018-11-14T17:15:00+09:00,J5,686,818,1504
2018-11-14T17:30:00+09:00,J1,1127,1346,2473
2018-11-14T17:30:00+09:00,J2,544,528,1072
2018-11-14T17:30:00+09:00,J3,1010,978,1988
2018-11-14T17:30:00+09:00,J4,1232,1093,2325
2018-11-14T17:30:00+09:00,J5,735,840,1575
2018-11-14T17:45:00+09:00,J1,1234,1383,2617
2018-11-14T17:45:00+09:00,J2,467,530,997
2018-11-14T17:45:00+09:00,J3,1118,1004,2122
2018-11-14T17:45:00+09:00,J4,1302,1133,2435
2018-11-14T17:45:00+09:00,J5,690,933,1623
2018-11-14T18:00:00+09:00,J1,1160,1331,2491
2018-11-14T18:00:00+09:00,J2,477,475,952
2018-11-14T18:00:00+09:00,J3,1140,924,2064
2018-11-14T18:00:00+09:00,J4,1185,1083,2268
2018-11-14T18:00:00+09:00,J5,715,883,1598
2018-11-14T18:15:00+09:00,J1,1120,1374,2494
2018-11-14T18:15:00+09:00,J2,457,453,910
2018-11-14T18:15:00+09:00,J3,1134,1045,2179
2018-11-14T18:15:00+09:00,J4,1251,1059,2310
2018-11-14T18:15:00+09:00,J5,709,887,1596
2018-11-14T18:30:00+09:00,J1,1137,1258,2395
2018-11-14T18:30:00+09:00,J2,465,422,887
2018-11-14T18:30:00+09:00,J3,1050,922,1972
2018-11-14T18:30:00+09:00,J4,1094,961,2055
2018-11-14T18:30:00+09:00,J5,738,860,1598
2018-11-14T18:45:00+09:00,J1,987,1182,2169
2018-11-14T18:45:00+09:00,J2,425,339,764
2018-11-14T18:45:00+09:00,J3,974,932,1906
2018-11-14T18:45:00+09:00,J4,954,922,1876
2018-11-14T18:45:00+09:00,J5,666,768,1434
2018-11-14T19:00:00+09:00,J1,1008,1072,2080
2018-11-14T19:00:00+09:00,J2,302,257,559
2018-11-14T19:00:00+09:00,J3,931,915,1846
2018-11-14T19:00:00+09:00,J4,1082,1073,2155
2018-11-14T19:00:00+09:00,J5,714,777,1491
2018-11-14T19:15:00+09:00,J1,1009,1107,2116
2018-11-14T19:15:00+09:00,J2,284,283,567
2018-11-14T19:15:00+09:00,J3,980,955,1935
2018-11-14T19:15:00+09:00,J4,1095,1029,2124
2018-11-14T19:15:00+09:00,J5,746,788,1534
2018-11-14T19:30:00+09:00,J1,947,1019,1966
2018-11-14T19:30:00+09:00,J2,248,241,489
2018-11-14T19:30:00+09:00,J3,872,871,1743
2018-11-14T19:30:00+09:00,J4,973,947,1920
2018-11-14T19:30:00+09:00,J5,665,675,1340
2018-11-14T19:45:00+09:00,J1,798,957,1755
2018-11-14T19:45:00+09:00,J2,189,204,393
2018-11-14T19:45:00+09:00,J3,860,844,1704
2018-11-14T19:45:00+09:00,J4,962,939,1901
2018-11-14T19:45:00+09:00,J5,570,687,1257
2018-11-14T20:00:00+09:00,J1,894,1000,1894
2018-11-14T20:00:00+09:00,J2,228,226,454
2018-11-14T20:00:00+09:00,J3,858,875,1733
2018-11-14T20:00:00+09:00,J4,987,982,1969
2018-11-14T20:00:00+09:00,J5,528,678,1206
2018-11-14T20:15:00+09:00,J1,899,1000,1899
2018-11-14T20:15:00+09:00,J2,219,231,450
2018-11-14T20:15:00+09:00,J3,915,866,1781
2018-11-14T20:15:00+09:00,J4,981,920,1901
2018-11-14T20:15:00+09:00,J5,557,634,1191
2018-11-14T20:30:00+09:00,J1,817,892,1709
2018-11-14T20:30:00+09:00,J2,240,241,481
2018-11-14T20:30:00+09:00,J3,827,806,1633
2018-11-14T20:30:00+09:00,J4,1054,1029,2083
2018-11-14T20:30:00+09:00,J5,566,591,1157
2018-11-14T20:45:00+09:00,J1,793,845,1638
2018-11-14T20:45:00+09:00,J2,224,221,445
2018-11-14T20:45:00+09:00,J3,875,824,1699
2018-11-14T20:45:00+09:00,J4,1036,912,1948
2018-11-14T20:45:00+09:00,J5,515,496,1011
2018-11-14T21:00:00+09:00,J1,825,939,1764
2018-11-14T21:00:00+09:00,J2,364,339,703
2018-11-14T21:00:00+09:00,J3,781,719,1500
2018-11-14T21:00:00+09:00,J4,992,975,1967
2018-11-14T21:00:00+09:00,J5,494,507,1001
2018-11-14T21:15:00+09:00,J1,773,907,1680
2018-11-14T21:15:00+09:00,J2,177,178,355
2018-11-14T21:15:00+09:00,J3,776,772,1548
2018-11-14T21:15:00+09:00,J4,1098,980,2078
2018-11-14T21:15:00+09:00,J5,562,561,1123
2018-11-14T21:30:00+09:00,J1,786,864,1650
2018-11-14T21:30:00+09:00,J2,167,193,360
2018-11-14T21:30:00+09:00,J3,813,690,1503
2018-11-14T21:30:00+09:00,J4,1089,948,2037
2018-11-14T21:30:00+09:00,J5,510,542,1052
2018-11-14T21:45:00+09:00,J1,779,844,1623
2018-11-14T21:45:00+09:00,J2,282,290,572
2018-11-14T21:45:00+09:00,J3,801,677,1478
2018-11-14T21:45:00+09:00,J4,918,914,1832
2018-11-14T21:45:00+09:00,J5,451,425,876
2018-11-14T22:00:00+09:00,J1,801,923,1724
2018-11-14T22:00:00+09:00,J2,302,322,624
2018-11-14T22:00:00+09:00,J3,818,727,1545
2018-11-14T22:00:00+09:00,J4,1088,1068,2156
2018-11-14T22:00:00+09:00,J5,455,465,920
2018-11-14T22:15:00+09:00,J1,724,893,1617
2018-11-14T22:15:00+09:00,J2,212,208,420
2018-11-14T22:15:00+09:00,J3,819,667,1486
2018-11-14T22:15:00+09:00,J4,904,927,1831
2018-11-14T22:15:00+09:00,J5,510,481,991
2018-11-14T22:30:00+09:00,J1,715,769,1484
2018-11-14T22:30:00+09:00,J2,191,166,357
2018-11-14T22:30:00+09:00,J3,737,504,1241
2018-11-14T22:30:00+09:00,J4,908,889,1797
2018-11-14T22:30:00+09:00,J5,572,527,1099
2018-11-14T22:45:00+09:00,J1,681,882,1563
2018-11-14T22:45:00+09:00,J2,196,177,373
2018-11-14T22:45:00+09:00,J3,620,538,1158
2018-11-14T22:45:00+09:00,J4,871,874,1745
2018-11-14T22:45:00+09:00,J5,489,536,1025
2018-11-14T23:00:00+09:00,J1,680,703,1383
2018-11-14T23:00:00+09:00,J2,248,276,524
2018-11-14T23:00:00+09:00,J3,580,476,1056
2018-11-14T23:00:00+09:00,J4,713,711,1424
2018-11-14T23:00:00+09:00,J5,418,476,894
2018-11-14T23:15:00+09:00,J1,708,761,1469
2018-11-14T23:15:00+09:00,J2,203,206,409
2018-11-14T23:15:00+09:00,J3,622,527,1149
2018-11-14T23:15:00+09:00,J4,781,830,1611
2018-11-14T23:15:00+09:00,J5,367,480,847
2018-11-14T23:30:00+09:00,J1,617,626,1243
2018-11-14T23:30:00+09:00,J2,265,244,509
2018-11-14T23:30:00+09:00,J3,611,521,1132
2018-11-14T23:30:00+09:00,J4,715,700,1415
2018-11-14T23:30:00+09:00,J5,393,452,845
2018-11-14T23:45:00+09:00,J1,625,652,1277
2018-11-14T23:45:00+09:00,J2,237,207,444
2018-11-14T23:45:00+09:00,J3,703,656,1359
2018-11-14T23:45:00+09:00,J4,646,703,1349
2018-11-14T23:45:00+09:00,J5,429,442,871
2018-11-15T00:00:00+09:00,J1,462,494,956
2018-11-15T00:00:00+09:00,J2,242,218,460
2018-11-15T00:00:00+09:00,J3,572,476,1048
2018-11-15T00:00:00+09:00,J4,617,606,1223
2018-11-15T00:00:00+09:00,J5,354,400,754
2018-11-15T00:15:00+09:00,J1,437,366,803
2018-11-15T00:15:00+09:00,J2,344,283,627
2018-11-15T00:15:00+09:00,J3,362,279,641
2018-11-15T00:15:00+09:00,J4,381,358,739
2018-11-15T00:15:00+09:00,J5,343,349,692
2018-11-15T00:30:00+09:00,J1,223,233,456
2018-11-15T00:30:00+09:00,J2,315,283,598
2018-11-15T00:30:00+09:00,J3,379,364,743
2018-11-15T00:30:00+09:00,J4,307,301,608
2018-11-15T00:30:00+09:00,J5,386,387,773
2018-11-15T00:45:00+09:00,J1,205,233,438
2018-11-15T00:45:00+09:00,J2,339,293,632
2018-11-15T00:45:00+09:00,J3,387,342,729
2018-11-15T00:45:00+09:00,J4,297,305,602
2018-11-15T00:45:00+09:00,J5,315,296,611
2018-11-15T05:45:00+09:00,J1,492,446,938
2018-11-15T05:45:00+09:00,J2,583,493,1076
2018-11-15T05:45:00+09:00,J3,458,388,846
2018-11-15T05:45:00+09:00,J4,696,602,1298
2018-11-15T05:45:00+09:00,J5,283,221,504
2018-11-15T06:00:00+09:00,J1,544,468,1012
2018-11-15T06:00:00+09:00,J2,643,488,1131
2018-11-15T06:00:00+09:00,J3,485,393,878
2018-11-15T06:00:00+09:00,J4,777,703,1480
2018-11-15T06:00:00+09:00,J5,286,237,523
2018-11-15T06:15:00+09:00,J1,578,495,1073
2018-11-15T06:15:00+09:00,J2,565,478,1043
2018-11-15T06:15:00+09:00,J3,450,414,864
2018-11-15T06:15:00+09:00,J4,830,851,1681
2018-11-15T06:15:00+09:00,J5,317,344,661
2018-11-15T06:30:00+09:00,J1,538,512,1050
2018-11-15T06:30:00+09:00,J2,391,363,754
2018-11-15T06:30:00+09:00,J3,379,311,690
2018-11-15T06:30:00+09:00,J4,716,691,1407
2018-11-15T06:30:00+09:00,J5,371,376,747
2018-11-15T06:45:00+09:00,J1,692,699,1391
2018-11-15T06:45:00+09:00,J2,556,460,1016
2018-11-15T06:45:00+09:00,J3,574,488,1062
2018-11-15T06:45:00+09:00,J4,928,928,1856
2018-11-15T06:45:00+09:00,J5,522,551,1073
2018-11-15T07:00:00+09:00,J1,806,732,1538
2018-11-15T07:00:00+09:00,J2,604,475,1079
2018-11-15T07:00:00+09:00,J3,563,474,1037
2018-11-15T07:00:00+09:00,J4,848,1020,1868
2018-11-15T07:00:00+09:00,J5,551,614,1165
2018-11-15T07:15:00+09:00,J1,887,778,1665
2018-11-15T07:15:00+09:00,J2,621,513,1134
2018-11-15T07:15:00+09:00,J3,768,656,1424
2018-11-15T07:15:00+09:00,J4,981,1069,2050
2018-11-15T07:15:00+09:00,J5,635,618,1253
2018-11-15T07:30:00+09:00,J1,939,805,1744
2018-11-15T07:30:00+09:00,J2,582,471,1053
2018-11-15T07:30:00+09:00,J3,675,717,1392
2018-11-15T07:30:00+09:00,J4,1002,1099,2101
2018-11-15T07:30:00+09:00,J5,612,582,1194
2018-11-15T07:45:00+09:00,J1,1050,913,1963
2018-11-15T07:45:00+09:00,J2,661,435,1096
2018-11-15T07:45:00+09:00,J3,821,810,1631
2018-11-15T07:45:00+09:00,J4,971,1091,2062
2018-11-15T07:45:00+09:00,J5,532,541,1073
2018-11-15T08:00:00+09:00,J1,1280,1199,2479
2018-11-15T08:00:00+09:00,J2,654,493,1147
2018-11-15T08:00:00+09:00,J3,885,907,1792
2018-11-15T08:00:00+09:00,J4,1138,1260,2398
2018-11-15T08:00:00+09:00,J5,648,695,1343
2018-11-15T08:15:00+09:00,J1,1153,986,2139
2018-11-15T08:15:00+09:00,J2,953,526,1479
2018-11-15T08:15:00+09:00,J3,776,820,1596
2018-11-15T08:15:00+09:00,J4,894,1077,1971
2018-11-15T08:15:00+09:00,J5,526,613,1139
2018-11-15T08:30:00+09:00,J1,1628,1285,2913
2018-11-15T08:30:00+09:00,J2,1228,573,1801
2018-11-15T08:30:00+09:00,J3,1044,1213,2257
2018-11-15T08:30:00+09:00,J4,1207,1296,2503
2018-11-15T08:30:00+09:00,J5,683,686,1369
2018-11-15T08:45:00+09:00,J1,1169,982,2151
2018-11-15T08:45:00+09:00,J2,879,508,1387
2018-11-15T08:45:00+09:00,J3,885,911,1796
2018-11-15T08:45:00+09:00,J4,1112,1177,2289
2018-11-15T08:45:00+09:00,J5,578,656,1234
2018-11-15T09:00:00+09:00,J1,1132,1005,2137
2018-11-15T09:00:00+09:00,J2,816,657,1473
2018-11-15T09:00:00+09:00,J3,884,817,1701
2018-11-15T09:00:00+09:00,J4,950,1010,1960
2018-11-15T09:00:00+09:00,J5,649,698,1347
2018-11-15T09:15:00+09:00,J1,1003,772,1775
2018-11-15T09:15:00+09:00,J2,803,627,1430
2018-11-15T09:15:00+09:00,J3,870,846,1716
2018-11-15T09:15:00+09:00,J4,970,1064,2034
2018-11-15T09:15:00+09:00,J5,635,615,1250
2018-11-15T09:30:00+09:00,J1,1027,934,1961
2018-11-15T09:30:00+09:00,J2,809,636,1445
2018-11-15T09:30:00+09:00,J3,980,808,1788
2018-11-15T09:30:00+09:00,J4,1070,1124,2194
2018-11-15T09:30:00+09:00,J5,582,543,1125
2018-11-15T09:45:00+09:00,J1,980,998,1978
2018-11-15T09:45:00+09:00,J2,832,574,1406
2018-11-15T09:45:00+09:00,J3,978,833,1811
2018-11-15T09:45:00+09:00,J4,1068,1072,2140
2018-11-15T09:45:00+09:00,J5,515,535,1050
2018-11-15T10:00:00+09:00,J1,956,1006,1962
2018-11-15T10:00:00+09:00,J2,810,649,1459
2018-11-15T10:00:00+09:00,J3,859,703,1562
2018-11-15T10:00:00+09:00,J4,1062,1039,2101
2018-11-15T10:00:00+09:00,J5,535,515,1050
2018-11-15T10:15:00+09:00,J1,894,919,1813
2018-11-15T10:15:00+09:00,J2,689,563,1252
2018-11-15T10:15:00+09:00,J3,913,791,1704
2018-11-15T10:15:00+09:00,J4,999,932,1931
2018-11-15T10:15:00+09:00,J5,478,458,936
2018-11-15T10:30:00+09:00,J1,861,914,1775
2018-11-15T10:30:00+09:00,J2,769,561,1330
2018-11-15T10:30:00+09:00,J3,947,839,1786
2018-11-15T10:30:00+09:00,J4,915,961,1876
2018-11-15T10:30:00+09:00,J5,470,462,932
2018-11-15T10:45:00+09:00,J1,837,851,1688
2018-11-15T10:45:00+09:00,J2,712,517,1229
2018-11-15T10:45:00+09:00,J3,902,945,1847
2018-11-15T10:45:00+09:00,J4,844,815,1659
2018-11-15T10:45:00+09:00,J5,484,555,1039
2018-11-15T11:00:00+09:00,J1,838,932,1770
2018-11-15T11:00:00+09:00,J2,608,596,1204
2018-11-15T11:00:00+09:00,J3,876,887,1763
2018-11-15T11:00:00+09:00,J4,834,827,1661
2018-11-15T11:00:00+09:00,J5,488,496,984
2018-11-15T11:15:00+09:00,J1,1009,1144,2153
2018-11-15T11:15:00+09:00,J2,650,550,1200
2018-11-15T11:15:00+09:00,J3,916,960,1876
2018-11-15T11:15:00+09:00,J4,679,836,1515
2018-11-15T11:15:00+09:00,J5,541,512,1053
2018-11-15T11:30:00+09:00,J1,999,1173,2172
2018-11-15T11:30:00+09:00,J2,668,570,1238
2018-11-15T11:30:00+09:00,J3,972,954,1926
2018-11-15T11:30:00+09:00,J4,770,828,1598
2018-11-15T11:30:00+09:00,J5,570,585,1155
2018-11-15T11:45:00+09:00,J1,1052,1253,2305
2018-11-15T11:45:00+09:00,J2,605,658,1263
2018-11-15T11:45:00+09:00,J3,1021,883,1904
2018-11-15T11:45:00+09:00,J4,755,858,1613
2018-11-15T11:45:00+09:00,J5,533,534,1067
2018-11-15T12:00:00+09:00,J1,1004,1248,2252
2018-11-15T12:00:00+09:00,J2,635,651,1286
2018-11-15T12:00:00+09:00,J3,976,916,1892
2018-11-15T12:00:00+09:00,J4,769,792,1561
2018-11-15T12:00:00+09:00,J5,562,593,1155
2018-11-15T12:15:00+09:00,J1,978,983,1961
2018-11-15T12:15:00+09:00,J2,562,637,1199
2018-11-15T12:15:00+09:00,J3,835,829,1664
2018-11-15T12:15:00+09:00,J4,951,953,1904
2018-11-15T12:15:00+09:00,J5,578,549,1127
2018-11-15T12:30:00+09:00,J1,956,1151,2107
2018-11-15T12:30:00+09:00,J2,574,647,1221
2018-11-15T12:30:00+09:00,J3,853,832,1685
2018-11-15T12:30:00+09:00,J4,1040,1003,2043
2018-11-15T12:30:00+09:00,J5,580,650,1230
2018-11-15T12:45:00+09:00,J1,940,1136,2076
2018-11-15T12:45:00+09:00,J2,581,637,1218
2018-11-15T12:45:00+09:00,J3,846,801,1647
2018-11-15T12:45:00+09:00,J4,1055,1002,2057
2018-11-15T12:45:00+09:00,J5,486,503,989
2018-11-15T13:00:00+09:00,J1,983,1090,2073
2018-11-15T13:00:00+09:00,J2,589,568,1157
2018-11-15T13:00:00+09:00,J3,838,891,1729
2018-11-15T13:00:00+09:00,J4,902,926,1828
2018-11-15T13:00:00+09:00,J5,521,549,1070
2018-11-15T13:15:00+09:00,J1,980,1222,2202
2018-11-15T13:15:00+09:00,J2,542,601,1143
2018-11-15T13:15:00+09:00,J3,814,836,1650
2018-11-15T13:15:00+09:00,J4,1018,969,1987
2018-11-15T13:15:00+09:00,J5,606,552,1158
2018-11-15T13:30:00+09:00,J1,939,1157,2096
2018-11-15T13:30:00+09:00,J2,599,557,1156
2018-11-15T13:30:00+09:00,J3,830,874,1704
2018-11-15T13:30:00+09:00,J4,922,964,1886
2018-11-15T13:30:00+09:00,J5,444,425,869
2018-11-15T13:45:00+09:00,J1,948,1064,2012
2018-11-15T13:45:00+09:00,J2,505,576,1081
2018-11-15T13:45:00+09:00,J3,816,839,1655
2018-11-15T13:45:00+09:00,J4,917,931,1848
2018-11-15T13:45:00+09:00,J5,479,476,955
2018-11-15T14:00:00+09:00,J1,958,1129,2087
2018-11-15T14:00:00+09:00,J2,609,584,1193
2018-11-15T14:00:00+09:00,J3,887,803,1690
2018-11-15T14:00:00+09:00,J4,974,1022,1996
2018-11-15T14:00:00+09:00,J5,584,581,1165
2018-11-15T14:15:00+09:00,J1,900,1049,1949
2018-11-15T14:15:00+09:00,J2,542,571,1113
2018-11-15T14:15:00+09:00,J3,908,825,1733
2018-11-15T14:15:00+09:00,J4,953,961,1914
2018-11-15T14:15:00+09:00,J5,576,494,1070
2018-11-15T14:30:00+09:00,J1,971,996,1967
2018-11-15T14:30:00+09:00,J2,523,575,1098
2018-11-15T14:30:00+09:00,J3,861,816,1677
2018-11-15T14:30:00+09:00,J4,959,925,1884
2018-11-15T14:30:00+09:00,J5,511,543,1054
2018-11-15T14:45:00+09:00,J1,899,972,1871
2018-11-15T14:45:00+09:00,J2,480,550,1030
2018-11-15T14:45:00+09:00,J3,775,798,1573
2018-11-15T14:45:00+09:00,J4,913,871,1784
2018-11-15T14:45:00+09:00,J5,536,537,1073
2018-11-15T15:00:00+09:00,J1,842,969,1811
2018-11-15T15:00:00+09:00,J2,528,575,1103
2018-11-15T15:00:00+09:00,J3,872,772,1644
2018-11-15T15:00:00+09:00,J4,1018,916,1934
2018-11-15T15:00:00+09:00,J5,566,536,1102
2018-11-15T15:15:00+09:00,J1,834,1078,1912
2018-11-15T15:15:00+09:00,J2,497,575,1072
2018-11-15T15:15:00+09:00,J3,883,802,1685
2018-11-15T15:15:00+09:00,J4,1001,996,1997
2018-11-15T15:15:00+09:00,J5,539,539,1078
2018-11-15T15:30:00+09:00,J1,845,1003,1848
2018-11-15T15:30:00+09:00,J2,540,697,1237
2018-11-15T15:30:00+09:00,J3,822,786,1608
2018-11-15T15:30:00+09:00,J4,922,987,1909
2018-11-15T15:30:00+09:00,J5,502,506,1008
2018-11-15T15:45:00+09:00,J1,903,976,1879
2018-11-15T15:45:00+09:00,J2,436,584,1020
2018-11-15T15:45:00+09:00,J3,855,808,1663
2018-11-15T15:45:00+09:00,J4,999,989,1988
2018-11-15T15:45:00+09:00,J5,536,514,1050
2018-11-15T16:00:00+09:00,J1,821,906,1727
2018-11-15T16:00:00+09:00,J2,516,669,1185
2018-11-15T16:00:00+09:00,J3,858,769,1627
2018-11-15T16:00:00+09:00,J4,969,935,1904
2018-11-15T16:00:00+09:00,J5,479,492,971
2018-11-15T16:15:00+09:00,J1,893,995,1888
2018-11-15T16:15:00+09:00,J2,498,633,1131
2018-11-15T16:15:00+09:00,J3,808,782,1590
2018-11-15T16:15:00+09:00,J4,1025,951,1976
2018-11-15T16:15:00+09:00,J5,507,504,1011
2018-11-15T16:30:00+09:00,J1,884,960,1844
2018-11-15T16:30:00+09:00,J2,529,545,1074
2018-11-15T16:30:00+09:00,J3,805,730,1535
2018-11-15T16:30:00+09:00,J4,994,1007,2001
2018-11-15T16:30:00+09:00,J5,581,604,1185
2018-11-15T16:45:00+09:00,J1,817,899,1716
2018-11-15T16:45:00+09:00,J2,437,580,1017
2018-11-15T16:45:00+09:00,J3,799,731,1530
2018-11-15T16:45:00+09:00,J4,1000,1024,2024
2018-11-15T16:45:00+09:00,J5,471,535,1006
2018-11-15T17:00:00+09:00,J1,987,1077,2064
2018-11-15T17:00:00+09:00,J2,545,642,1187
2018-11-15T17:00:00+09:00,J3,928,818,1746
2018-11-15T17:00:00+09:00,J4,969,1021,1990
2018-11-15T17:00:00+09:00,J5,544,596,1140
2018-11-15T17:15:00+09:00,J1,1026,1098,2124
2018-11-15T17:15:00+09:00,J2,591,679,1270
2018-11-15T17:15:00+09:00,J3,959,761,1720
2018-11-15T17:15:00+09:00,J4,888,888,1776
2018-11-15T17:15:00+09:00,J5,692,756,1448
2018-11-15T17:30:00+09:00,J1,1041,1133,2174
2018-11-15T17:30:00+09:00,J2,619,742,1361
2018-11-15T17:30:00+09:00,J3,978,833,1811
2018-11-15T17:30:00+09:00,J4,1035,891,1926
2018-11-15T17:30:00+09:00,J5,687,799,1486
2018-11-15T17:45:00+09:00,J1,1046,1202,2248
2018-11-15T17:45:00+09:00,J2,595,778,1373
2018-11-15T17:45:00+09:00,J3,972,792,1764
2018-11-15T17:45:00+09:00,J4,1060,959,2019
2018-11-15T17:45:00+09:00,J5,698,835,1533
2018-11-15T18:00:00+09:00,J1,995,1210,2205
2018-11-15T18:00:00+09:00,J2,626,787,1413
2018-11-15T18:00:00+09:00,J3,1026,812,1838
2018-11-15T18:00:00+09:00,J4,1068,985,2053
2018-11-15T18:00:00+09:00,J5,697,848,1545
2018-11-15T18:15:00+09:00,J1,960,1123,2083
2018-11-15T18:15:00+09:00,J2,574,725,1299
2018-11-15T18:15:00+09:00,J3,1001,841,1842
2018-11-15T18:15:00+09:00,J4,1147,1005,2152
2018-11-15T18:15:00+09:00,J5,609,715,1324
2018-11-15T18:30:00+09:00,J1,888,1105,1993
2018-11-15T18:30:00+09:00,J2,557,663,1220
2018-11-15T18:30:00+09:00,J3,948,799,1747
2018-11-15T18:30:00+09:00,J4,1066,919,1985
2018-11-15T18:30:00+09:00,J5,644,738,1382
2018-11-15T18:45:00+09:00,J1,847,981,1828
2018-11-15T18:45:00+09:00,J2,499,566,1065
2018-11-15T18:45:00+09:00,J3,844,769,1613
2018-11-15T18:45:00+09:00,J4,1059,951,2010
2018-11-15T18:45:00+09:00,J5,586,723,1309
2018-11-15T19:00:00+09:00,J1,821,986,1807
2018-11-15T19:00:00+09:00,J2,433,568,1001
2018-11-15T19:00:00+09:00,J3,795,763,1558
2018-11-15T19:00:00+09:00,J4,1076,996,2072
2018-11-15T19:00:00+09:00,J5,629,688,1317
2018-11-15T19:15:00+09:00,J1,856,982,1838
2018-11-15T19:15:00+09:00,J2,481,555,1036
2018-11-15T19:15:00+09:00,J3,800,809,1609
2018-11-15T19:15:00+09:00,J4,984,901,1885
2018-11-15T19:15:00+09:00,J5,650,697,1347
2018-11-15T19:30:00+09:00,J1,830,941,1771
2018-11-15T19:30:00+09:00,J2,390,565,955
2018-11-15T19:30:00+09:00,J3,750,738,1488
2018-11-15T19:30:00+09:00,J4,890,865,1755
2018-11-15T19:30:00+09:00,J5,622,662,1284
2018-11-15T19:45:00+09:00,J1,805,937,1742
2018-11-15T19:45:00+09:00,J2,420,558,978
2018-11-15T19:45:00+09:00,J3,771,713,1484
2018-11-15T19:45:00+09:00,J4,815,948,1763
2018-11-15T19:45:00+09:00,J5,523,617,1140
2018-11-15T20:00:00+09:00,J1,751,855,1606
2018-11-15T20:00:00+09:00,J2,387,439,826
2018-11-15T20:00:00+09:00,J3,629,662,1291
2018-11-15T20:00:00+09:00,J4,909,952,1861
2018-11-15T20:00:00+09:00,J5,623,701,1324
2018-11-15T20:15:00+09:00,J1,780,875,1655
2018-11-15T20:15:00+09:00,J2,352,444,796
2018-11-15T20:15:00+09:00,J3,679,692,1371
2018-11-15T20:15:00+09:00,J4,988,917,1905
2018-11-15T20:15:00+09:00,J5,604,620,1224
2018-11-15T20:30:00+09:00,J1,734,801,1535
2018-11-15T20:30:00+09:00,J2,387,465,852
2018-11-15T20:30:00+09:00,J3,637,634,1271
2018-11-15T20:30:00+09:00,J4,777,805,1582
2018-11-15T20:30:00+09:00,J5,554,594,1148
2018-11-15T20:45:00+09:00,J1,693,732,1425
2018-11-15T20:45:00+09:00,J2,499,498,997
2018-11-15T20:45:00+09:00,J3,628,588,1216
2018-11-15T20:45:00+09:00,J4,819,878,1697
2018-11-15T20:45:00+09:00,J5,554,621,1175
2018-11-15T21:00:00+09:00,J1,698,858,1556
2018-11-15T21:00:00+09:00,J2,561,574,1135
2018-11-15T21:00:00+09:00,J3,715,628,1343
2018-11-15T21:00:00+09:00,J4,920,893,1813
2018-11-15T21:00:00+09:00,J5,517,588,1105
2018-11-15T21:15:00+09:00,J1,708,819,1527
2018-11-15T21:15:00+09:00,J2,405,479,884
2018-11-15T21:15:00+09:00,J3,674,588,1262
2018-11-15T21:15:00+09:00,J4,1019,1021,2040
2018-11-15T21:15:00+09:00,J5,514,563,1077
2018-11-15T21:30:00+09:00,J1,716,776,1492
2018-11-15T21:30:00+09:00,J2,350,440,790
2018-11-15T21:30:00+09:00,J3,632,633,1265
2018-11-15T21:30:00+09:00,J4,1031,1020,2051
2018-11-15T21:30:00+09:00,J5,496,521,1017
2018-11-15T21:45:00+09:00,J1,755,680,1435
2018-11-15T21:45:00+09:00,J2,317,401,718
2018-11-15T21:45:00+09:00,J3,693,609,1302
2018-11-15T21:45:00+09:00,J4,1060,1026,2086
2018-11-15T21:45:00+09:00,J5,432,453,885
2018-11-15T22:00:00+09:00,J1,643,731,1374
2018-11-15T22:00:00+09:00,J2,261,388,649
2018-11-15T22:00:00+09:00,J3,684,665,1349
2018-11-15T22:00:00+09:00,J4,952,999,1951
2018-11-15T22:00:00+09:00,J5,420,379,799
2018-11-15T22:15:00+09:00,J1,691,682,1373
2018-11-15T22:15:00+09:00,J2,264,420,684
2018-11-15T22:15:00+09:00,J3,729,710,1439
2018-11-15T22:15:00+09:00,J4,886,947,1833
2018-11-15T22:15:00+09:00,J5,417,383,800
2018-11-15T22:30:00+09:00,J1,718,759,1477
2018-11-15T22:30:00+09:00,J2,352,401,753
2018-11-15T22:30:00+09:00,J3,710,723,1433
2018-11-15T22:30:00+09:00,J4,884,1014,1898
2018-11-15T22:30:00+09:00,J5,482,426,908
2018-11-15T22:45:00+09:00,J1,716,766,1482
2018-11-15T22:45:00+09:00,J2,385,432,817
2018-11-15T22:45:00+09:00,J3,769,701,1470
2018-11-15T22:45:00+09:00,J4,793,830,1623
2018-11-15T22:45:00+09:00,J5,547,575,1122
2018-11-15T23:00:00+09:00,J1,678,751,1429
2018-11-15T23:00:00+09:00,J2,480,465,945
2018-11-15T23:00:00+09:00,J3,786,665,1451
2018-11-15T23:00:00+09:00,J4,814,767,1581
2018-11-15T23:00:00+09:00,J5,544,565,1109
2018-11-15T23:15:00+09:00,J1,631,734,1365
2018-11-15T23:15:00+09:00,J2,342,418,760
2018-11-15T23:15:00+09:00,J3,741,681,1422
2018-11-15T23:15:00+09:00,J4,775,855,1630
2018-11-15T23:15:00+09:00,J5,525,576,1101
2018-11-15T23:30:00+09:00,J1,611,608,1219
2018-11-15T23:30:00+09:00,J2,324,392,716
2018-11-15T23:30:00+09:00,J3,727,684,1411
2018-11-15T23:30:00+09:00,J4,797,772,1569
2018-11-15T23:30:00+09:00,J5,490,477,967
2018-11-15T23:45:00+09:00,J1,556,568,1124
2018-11-15T23:45:00+09:00,J2,334,348,682
2018-11-15T23:45:00+09:00,J3,734,631,1365
2018-11-15T23:45:00+09:00,J4,694,666,1360
2018-11-15T23:45:00+09:00,J5,542,562,1104
2018-11-16T00:00:00+09:00,J1,510,445,955
2018-11-16T00:00:00+09:00,J2,469,453,922
2018-11-16T00:00:00+09:00,J3,787,707,1494
2018-11-16T00:00:00+09:00,J4,760,740,1500
2018-11-16T00:00:00+09:00,J5,514,544,1058
2018-11-16T00:15:00+09:00,J1,310,262,572
2018-11-16T00:15:00+09:00,J2,470,424,894
2018-11-16T00:15:00+09:00,J3,562,546,1108
2018-11-16T00:15:00+09:00,J4,558,654,1212
2018-11-16T00:15:00+09:00,J5,341,436,777
2018-11-16T00:30:00+09:00,J1,230,294,524
2018-11-16T00:30:00+09:00,J2,440,420,860
2018-11-16T00:30:00+09:00,J3,417,403,820
2018-11-16T00:30:00+09:00,J4,405,536,941
2018-11-16T00:30:00+09:00,J5,378,368,746
2018-11-16T00:45:00+09:00,J1,391,412,803
2018-11-16T00:45:00+09:00,J2,361,342,703
2018-11-16T00:45:00+09:00,J3,653,563,1216
2018-11-16T00:45:00+09:00,J4,772,674,1446
2018-11-16T00:45:00+09:00,J5,378,371,749
2018-11-16T05:45:00+09:00,J1,470,478,948
2018-11-16T05:45:00+09:00,J2,373,319,692
2018-11-16T05:45:00+09:00,J3,625,549,1174
2018-11-16T05:45:00+09:00,J4,642,597,1239
2018-11-16T05:45:00+09:00,J5,446,467,913
2018-11-16T06:00:00+09:00,J1,324,399,723
2018-11-16T06:00:00+09:00,J2,356,348,704
2018-11-16T06:00:00+09:00,J3,483,496,979
2018-11-16T06:00:00+09:00,J4,694,679,1373
2018-11-16T06:00:00+09:00,J5,462,507,969
2018-11-16T06:15:00+09:00,J1,441,475,916
2018-11-16T06:15:00+09:00,J2,342,368,710
2018-11-16T06:15:00+09:00,J3,358,307,665
2018-11-16T06:15:00+09:00,J4,847,832,1679
2018-11-16T06:15:00+09:00,J5,352,339,691
2018-11-16T06:30:00+09:00,J1,529,520,1049
2018-11-16T06:30:00+09:00,J2,332,321,653
2018-11-16T06:30:00+09:00,J3,335,293,628
2018-11-16T06:30:00+09:00,J4,786,769,1555
2018-11-16T06:30:00+09:00,J5,343,323,666
2018-11-16T06:45:00+09:00,J1,575,552,1127
2018-11-16T06:45:00+09:00,J2,276,293,569
2018-11-16T06:45:00+09:00,J3,359,259,618
2018-11-16T06:45:00+09:00,J4,859,845,1704
2018-11-16T06:45:00+09:00,J5,401,330,731
2018-11-16T07:00:00+09:00,J1,555,523,1078
2018-11-16T07:00:00+09:00,J2,334,395,729
2018-11-16T07:00:00+09:00,J3,384,291,675
2018-11-16T07:00:00+09:00,J4,804,795,1599
2018-11-16T07:00:00+09:00,J5,402,334,736
2018-11-16T07:15:00+09:00,J1,731,647,1378
2018-11-16T07:15:00+09:00,J2,363,390,753
2018-11-16T07:15:00+09:00,J3,343,299,642
2018-11-16T07:15:00+09:00,J4,812,830,1642
2018-11-16T07:15:00+09:00,J5,443,364,807
2018-11-16T07:30:00+09:00,J1,850,740,1590
2018-11-16T07:30:00+09:00,J2,347,389,736
2018-11-16T07:30:00+09:00,J3,777,621,1398
2018-11-16T07:30:00+09:00,J4,903,982,1885
2018-11-16T07:30:00+09:00,J5,424,442,866
2018-11-16T07:45:00+09:00,J1,907,767,1674
2018-11-16T07:45:00+09:00,J2,427,411,838
2018-11-16T07:45:00+09:00,J3,723,547,1270
2018-11-16T07:45:00+09:00,J4,849,982,1831
2018-11-16T07:45:00+09:00,J5,423,438,861
2018-11-16T08:00:00+09:00,J1,1290,1027,2317
2018-11-16T08:00:00+09:00,J2,608,470,1078
2018-11-16T08:00:00+09:00,J3,690,672,1362
2018-11-16T08:00:00+09:00,J4,908,1049,1957
2018-11-16T08:00:00+09:00,J5,488,368,856
2018-11-16T08:15:00+09:00,J1,1248,1024,2272
2018-11-16T08:15:00+09:00,J2,770,497,1267
2018-11-16T08:15:00+09:00,J3,757,780,1537
2018-11-16T08:15:00+09:00,J4,930,1081,2011
2018-11-16T08:15:00+09:00,J5,458,384,842
2018-11-16T08:30:00+09:00,J1,1307,927,2234
2018-11-16T08:30:00+09:00,J2,788,504,1292
2018-11-16T08:30:00+09:00,J3,835,732,1567
2018-11-16T08:30:00+09:00,J4,950,1184,2134
2018-11-16T08:30:00+09:00,J5,446,453,899
2018-11-16T08:45:00+09:00,J1,1067,904,1971
2018-11-16T08:45:00+09:00,J2,602,463,1065
2018-11-16T08:45:00+09:00,J3,620,664,1284
2018-11-16T08:45:00+09:00,J4,913,1065,1978
2018-11-16T08:45:00+09:00,J5,429,396,825
2018-11-16T09:00:00+09:00,J1,1012,935,1947
2018-11-16T09:00:00+09:00,J2,499,464,963
2018-11-16T09:00:00+09:00,J3,565,494,1059
2018-11-16T09:00:00+09:00,J4,902,909,1811
2018-11-16T09:00:00+09:00,J5,374,358,732
2018-11-16T09:15:00+09:00,J1,884,767,1651
2018-11-16T09:15:00+09:00,J2,451,413,864
2018-11-16T09:15:00+09:00,J3,585,488,1073
2018-11-16T09:15:00+09:00,J4,872,909,1781
2018-11-16T09:15:00+09:00,J5,441,411,852
2018-11-16T09:30:00+09:00,J1,782,772,1554
2018-11-16T09:30:00+09:00,J2,463,418,881
2018-11-16T09:30:00+09:00,J3,615,605,1220
2018-11-16T09:30:00+09:00,J4,950,966,1916
2018-11-16T09:30:00+09:00,J5,427,481,908
2018-11-16T09:45:00+09:00,J1,800,730,1530
2018-11-16T09:45:00+09:00,J2,429,405,834
2018-11-16T09:45:00+09:00,J3,642,597,1239
2018-11-16T09:45:00+09:00,J4,933,1008,1941
2018-11-16T09:45:00+09:00,J5,431,410,841
2018-11-16T10:00:00+09:00,J1,676,710,1386
2018-11-16T10:00:00+09:00,J2,355,396,751
2018-11-16T10:00:00+09:00,J3,640,593,1233
2018-11-16T10:00:00+09:00,J4,907,878,1785
2018-11-16T10:00:00+09:00,J5,422,450,872
2018-11-16T10:15:00+09:00,J1,668,762,1430
2018-11-16T10:15:00+09:00,J2,376,399,775
2018-11-16T10:15:00+09:00,J3,674,570,1244
2018-11-16T10:15:00+09:00,J4,888,886,1774
2018-11-16T10:15:00+09:00,J5,415,471,886
2018-11-16T10:30:00+09:00,J1,679,847,1526
2018-11-16T10:30:00+09:00,J2,419,401,820
2018-11-16T10:30:00+09:00,J3,679,619,1298
2018-11-16T10:30:00+09:00,J4,932,947,1879
2018-11-16T10:30:00+09:00,J5,451,478,929
2018-11-16T10:45:00+09:00,J1,701,778,1479
2018-11-16T10:45:00+09:00,J2,437,494,931
2018-11-16T10:45:00+09:00,J3,745,731,1476
2018-11-16T10:45:00+09:00,J4,1005,857,1862
2018-11-16T10:45:00+09:00,J5,468,534,1002
2018-11-16T11:00:00+09:00,J1,719,756,1475
2018-11-16T11:00:00+09:00,J2,478,451,929
2018-11-16T11:00:00+09:00,J3,839,729,1568
2018-11-16T11:00:00+09:00,J4,902,932,1834
2018-11-16T11:00:00+09:00,J5,418,460,878
2018-11-16T11:15:00+09:00,J1,896,916,1812
2018-11-16T11:15:00+09:00,J2,433,451,884
2018-11-16T11:15:00+09:00,J3,831,774,1605
2018-11-16T11:15:00+09:00,J4,901,939,1840
2018-11-16T11:15:00+09:00,J5,563,560,1123
2018-11-16T11:30:00+09:00,J1,888,1029,1917
2018-11-16T11:30:00+09:00,J2,526,445,971
2018-11-16T11:30:00+09:00,J3,883,910,1793
2018-11-16T11:30:00+09:00,J4,915,941,1856
2018-11-16T11:30:00+09:00,J5,499,626,1125
2018-11-16T11:45:00+09:00,J1,876,1100,1976
2018-11-16T11:45:00+09:00,J2,494,475,969
2018-11-16T11:45:00+09:00,J3,876,840,1716
2018-11-16T11:45:00+09:00,J4,984,961,1945
2018-11-16T11:45:00+09:00,J5,508,585,1093
2018-11-16T12:00:00+09:00,J1,909,1103,2012
2018-11-16T12:00:00+09:00,J2,579,514,1093
2018-11-16T12:00:00+09:00,J3,990,912,1902
2018-11-16T12:00:00+09:00,J4,976,946,1922
2018-11-16T12:00:00+09:00,J5,513,578,1091
2018-11-16T12:15:00+09:00,J1,803,1039,1842
2018-11-16T12:15:00+09:00,J2,582,564,1146
2018-11-16T12:15:00+09:00,J3,824,870,1694
2018-11-16T12:15:00+09:00,J4,1067,903,1970
2018-11-16T12:15:00+09:00,J5,478,495,973
2018-11-16T12:30:00+09:00,J1,868,1010,1878
2018-11-16T12:30:00+09:00,J2,701,638,1339
2018-11-16T12:30:00+09:00,J3,773,768,1541
2018-11-16T12:30:00+09:00,J4,924,965,1889
2018-11-16T12:30:00+09:00,J5,474,421,895
2018-11-16T12:45:00+09:00,J1,776,978,1754
2018-11-16T12:45:00+09:00,J2,677,651,1328
2018-11-16T12:45:00+09:00,J3,680,745,1425
2018-11-16T12:45:00+09:00,J4,834,960,1794
2018-11-16T12:45:00+09:00,J5,571,492,1063
2018-11-16T13:00:00+09:00,J1,846,941,1787
2018-11-16T13:00:00+09:00,J2,650,537,1187
2018-11-16T13:00:00+09:00,J3,703,765,1468
2018-11-16T13:00:00+09:00,J4,848,1012,1860
2018-11-16T13:00:00+09:00,J5,658,556,1214
2018-11-16T13:15:00+09:00,J1,777,979,1756
2018-11-16T13:15:00+09:00,J2,736,611,1347
2018-11-16T13:15:00+09:00,J3,676,697,1373
2018-11-16T13:15:00+09:00,J4,944,1002,1946
2018-11-16T13:15:00+09:00,J5,575,635,1210
2018-11-16T13:30:00+09:00,J1,804,953,1757
2018-11-16T13:30:00+09:00,J2,613,543,1156
2018-11-16T13:30:00+09:00,J3,698,737,1435
2018-11-16T13:30:00+09:00,J4,906,875,1781
2018-11-16T13:30:00+09:00,J5,579,600,1179
2018-11-16T13:45:00+09:00,J1,750,1081,1831
2018-11-16T13:45:00+09:00,J2,646,508,1154
2018-11-16T13:45:00+09:00,J3,671,697,1368
2018-11-16T13:45:00+09:00,J4,859,889,1748
2018-11-16T13:45:00+09:00,J5,548,601,1149
2018-11-16T14:00:00+09:00,J1,755,996,1751
2018-11-16T14:00:00+09:00,J2,635,622,1257
2018-11-16T14:00:00+09:00,J3,756,727,1483
2018-11-16T14:00:00+09:00,J4,865,894,1759
2018-11-16T14:00:00+09:00,J5,467,524,991
2018-11-16T14:15:00+09:00,J1,750,959,1709
2018-11-16T14:15:00+09:00,J2,650,616,1266
2018-11-16T14:15:00+09:00,J3,724,674,1398
2018-11-16T14:15:00+09:00,J4,775,799,1574
2018-11-16T14:15:00+09:00,J5,459,588,1047
2018-11-16T14:30:00+09:00,J1,800,957,1757
2018-11-16T14:30:00+09:00,J2,656,526,1182
2018-11-16T14:30:00+09:00,J3,709,724,1433
2018-11-16T14:30:00+09:00,J4,740,832,1572
2018-11-16T14:30:00+09:00,J5,467,515,982
2018-11-16T14:45:00+09:00,J1,788,973,1761
2018-11-16T14:45:00+09:00,J2,665,558,1223
2018-11-16T14:45:00+09:00,J3,701,694,1395
2018-11-16T14:45:00+09:00,J4,738,843,1581
2018-11-16T14:45:00+09:00,J5,507,585,1092
2018-11-16T15:00:00+09:00,J1,869,1026,1895
2018-11-16T15:00:00+09:00,J2,633,614,1247
2018-11-16T15:00:00+09:00,J3,712,796,1508
2018-11-16T15:00:00+09:00,J4,880,941,1821
2018-11-16T15:00:00+09:00,J5,469,537,1006
2018-11-16T15:15:00+09:00,J1,823,933,1756
2018-11-16T15:15:00+09:00,J2,646,618,1264
2018-11-16T15:15:00+09:00,J3,725,768,1493
2018-11-16T15:15:00+09:00,J4,833,880,1713
2018-11-16T15:15:00+09:00,J5,446,540,986
2018-11-16T15:30:00+09:00,J1,756,930,1686
2018-11-16T15:30:00+09:00,J2,657,597,1254
2018-11-16T15:30:00+09:00,J3,682,732,1414
2018-11-16T15:30:00+09:00,J4,794,797,1591
2018-11-16T15:30:00+09:00,J5,539,574,1113
2018-11-16T15:45:00+09:00,J1,770,860,1630
2018-11-16T15:45:00+09:00,J2,653,643,1296
2018-11-16T15:45:00+09:00,J3,640,703,1343
2018-11-16T15:45:00+09:00,J4,893,901,1794
2018-11-16T15:45:00+09:00,J5,528,572,1100
2018-11-16T16:00:00+09:00,J1,805,887,1692
2018-11-16T16:00:00+09:00,J2,604,569,1173
2018-11-16T16:00:00+09:00,J3,659,733,1392
2018-11-16T16:00:00+09:00,J4,984,1003,1987
2018-11-16T16:00:00+09:00,J5,532,625,1157
2018-11-16T16:15:00+09:00,J1,887,939,1826
2018-11-16T16:15:00+09:00,J2,625,583,1208
2018-11-16T16:15:00+09:00,J3,675,723,1398
2018-11-16T16:15:00+09:00,J4,778,881,1659
2018-11-16T16:15:00+09:00,J5,603,689,1292
2018-11-16T16:30:00+09:00,J1,804,914,1718
2018-11-16T16:30:00+09:00,J2,668,602,1270
2018-11-16T16:30:00+09:00,J3,688,698,1386
2018-11-16T16:30:00+09:00,J4,861,942,1803
2018-11-16T16:30:00+09:00,J5,540,623,1163
2018-11-16T16:45:00+09:00,J1,810,881,1691
2018-11-16T16:45:00+09:00,J2,715,664,1379
2018-11-16T16:45:00+09:00,J3,758,730,1488
2018-11-16T16:45:00+09:00,J4,889,862,1751
2018-11-16T16:45:00+09:00,J5,488,535,1023
2018-11-16T17:00:00+09:00,J1,856,1005,1861
2018-11-16T17:00:00+09:00,J2,645,617,1262
2018-11-16T17:00:00+09:00,J3,803,742,1545
2018-11-16T17:00:00+09:00,J4,815,782,1597
2018-11-16T17:00:00+09:00,J5,545,628,1173
2018-11-16T17:15:00+09:00,J1,933,1119,2052
2018-11-16T17:15:00+09:00,J2,776,701,1477
2018-11-16T17:15:00+09:00,J3,886,893,1779
2018-11-16T17:15:00+09:00,J4,840,701,1541
2018-11-16T17:15:00+09:00,J5,667,702,1369
2018-11-16T17:30:00+09:00,J1,1003,1082,2085
2018-11-16T17:30:00+09:00,J2,853,782,1635
2018-11-16T17:30:00+09:00,J3,917,943,1860
2018-11-16T17:30:00+09:00,J4,853,839,1692
2018-11-16T17:30:00+09:00,J5,643,676,1319
2018-11-16T17:45:00+09:00,J1,984,1120,2104
2018-11-16T17:45:00+09:00,J2,848,888,1736
2018-11-16T17:45:00+09:00,J3,974,1005,1979
2018-11-16T17:45:00+09:00,J4,923,766,1689
2018-11-16T17:45:00+09:00,J5,636,661,1297
2018-11-16T18:00:00+09:00,J1,1007,1238,2245
2018-11-16T18:00:00+09:00,J2,885,848,1733
2018-11-16T18:00:00+09:00,J3,1023,879,1902
2018-11-16T18:00:00+09:00,J4,824,697,1521
2018-11-16T18:00:00+09:00,J5,593,651,1244
2018-11-16T18:15:00+09:00,J1,991,1117,2108
2018-11-16T18:15:00+09:00,J2,984,897,1881
2018-11-16T18:15:00+09:00,J3,1053,894,1947
2018-11-16T18:15:00+09:00,J4,883,683,1566
2018-11-16T18:15:00+09:00,J5,439,481,920
2018-11-16T18:30:00+09:00,J1,880,1073,1953
2018-11-16T18:30:00+09:00,J2,900,805,1705
2018-11-16T18:30:00+09:00,J3,1021,888,1909
2018-11-16T18:30:00+09:00,J4,960,850,1810
2018-11-16T18:30:00+09:00,J5,438,472,910
2018-11-16T18:45:00+09:00,J1,888,1047,1935
2018-11-16T18:45:00+09:00,J2,878,795,1673
2018-11-16T18:45:00+09:00,J3,879,761,1640
2018-11-16T18:45:00+09:00,J4,840,806,1646
2018-11-16T18:45:00+09:00,J5,487,487,974
2018-11-16T19:00:00+09:00,J1,809,914,1723
2018-11-16T19:00:00+09:00,J2,888,820,1708
2018-11-16T19:00:00+09:00,J3,906,861,1767
2018-11-16T19:00:00+09:00,J4,811,671,1482
2018-11-16T19:00:00+09:00,J5,434,471,905
2018-11-16T19:15:00+09:00,J1,757,973,1730
2018-11-16T19:15:00+09:00,J2,886,733,1619
2018-11-16T19:15:00+09:00,J3,879,855,1734
2018-11-16T19:15:00+09:00,J4,840,736,1576
2018-11-16T19:15:00+09:00,J5,353,428,781
2018-11-16T19:30:00+09:00,J1,815,972,1787
2018-11-16T19:30:00+09:00,J2,822,680,1502
2018-11-16T19:30:00+09:00,J3,891,802,1693
2018-11-16T19:30:00+09:00,J4,815,821,1636
2018-11-16T19:30:00+09:00,J5,375,393,768
2018-11-16T19:45:00+09:00,J1,688,956,1644
2018-11-16T19:45:00+09:00,J2,733,567,1300
2018-11-16T19:45:00+09:00,J3,802,809,1611
2018-11-16T19:45:00+09:00,J4,917,778,1695
2018-11-16T19:45:00+09:00,J5,362,377,739
2018-11-16T20:00:00+09:00,J1,754,914,1668
2018-11-16T20:00:00+09:00,J2,674,657,1331
2018-11-16T20:00:00+09:00,J3,791,835,1626
2018-11-16T20:00:00+09:00,J4,862,817,1679
2018-11-16T20:00:00+09:00,J5,382,391,773
2018-11-16T20:15:00+09:00,J1,785,990,1775
2018-11-16T20:15:00+09:00,J2,621,668,1289
2018-11-16T20:15:00+09:00,J3,815,837,1652
2018-11-16T20:15:00+09:00,J4,925,836,1761
2018-11-16T20:15:00+09:00,J5,420,394,814
2018-11-16T20:30:00+09:00,J1,803,927,1730
2018-11-16T20:30:00+09:00,J2,634,681,1315
2018-11-16T20:30:00+09:00,J3,840,887,1727
2018-11-16T20:30:00+09:00,J4,1000,914,1914
2018-11-16T20:30:00+09:00,J5,400,425,825
2018-11-16T20:45:00+09:00,J1,791,815,1606
2018-11-16T20:45:00+09:00,J2,643,672,1315
2018-11-16T20:45:00+09:00,J3,814,845,1659
2018-11-16T20:45:00+09:00,J4,943,954,1897
2018-11-16T20:45:00+09:00,J5,359,412,771
2018-11-16T21:00:00+09:00,J1,836,932,1768
2018-11-16T21:00:00+09:00,J2,531,652,1183
2018-11-16T21:00:00+09:00,J3,676,709,1385
2018-11-16T21:00:00+09:00,J4,1058,986,2044
2018-11-16T21:00:00+09:00,J5,414,427,841
2018-11-16T21:15:00+09:00,J1,816,1081,1897
2018-11-16T21:15:00+09:00,J2,699,678,1377
2018-11-16T21:15:00+09:00,J3,697,659,1356
2018-11-16T21:15:00+09:00,J4,1073,1012,2085
2018-11-16T21:15:00+09:00,J5,404,420,824
2018-11-16T21:30:00+09:00,J1,840,977,1817
2018-11-16T21:30:00+09:00,J2,659,658,1317
2018-11-16T21:30:00+09:00,J3,634,665,1299
2018-11-16T21:30:00+09:00,J4,1053,944,1997
2018-11-16T21:30:00+09:00,J5,472,478,950
2018-11-16T21:45:00+09:00,J1,791,948,1739
2018-11-16T21:45:00+09:00,J2,565,610,1175
2018-11-16T21:45:00+09:00,J3,657,649,1306
2018-11-16T21:45:00+09:00,J4,973,974,1947
2018-11-16T21:45:00+09:00,J5,494,547,1041
2018-11-16T22:00:00+09:00,J1,704,856,1560
2018-11-16T22:00:00+09:00,J2,433,538,971
2018-11-16T22:00:00+09:00,J3,656,663,1319
2018-11-16T22:00:00+09:00,J4,973,923,1896
2018-11-16T22:00:00+09:00,J5,485,558,1043
2018-11-16T22:15:00+09:00,J1,692,861,1553
2018-11-16T22:15:00+09:00,J2,415,515,930
2018-11-16T22:15:00+09:00,J3,584,660,1244
2018-11-16T22:15:00+09:00,J4,883,959,1842
2018-11-16T22:15:00+09:00,J5,497,514,1011
2018-11-16T22:30:00+09:00,J1,833,955,1788
2018-11-16T22:30:00+09:00,J2,366,513,879
2018-11-16T22:30:00+09:00,J3,659,673,1332
2018-11-16T22:30:00+09:00,J4,1009,918,1927
2018-11-16T22:30:00+09:00,J5,417,494,911
2018-11-16T22:45:00+09:00,J1,846,967,1813
2018-11-16T22:45:00+09:00,J2,385,464,849
2018-11-16T22:45:00+09:00,J3,735,660,1395
2018-11-16T22:45:00+09:00,J4,982,938,1920
2018-11-16T22:45:00+09:00,J5,334,346,680
2018-11-16T23:00:00+09:00,J1,922,1045,1967
2018-11-16T23:00:00+09:00,J2,391,465,856
2018-11-16T23:00:00+09:00,J3,704,558,1262
2018-11-16T23:00:00+09:00,J4,996,953,1949
2018-11-16T23:00:00+09:00,J5,295,315,610
2018-11-16T23:15:00+09:00,J1,887,988,1875
2018-11-16T23:15:00+09:00,J2,357,517,874
2018-11-16T23:15:00+09:00,J3,700,636,1336
2018-11-16T23:15:00+09:00,J4,925,892,1817
2018-11-16T23:15:00+09:00,J5,272,286,558
2018-11-16T23:30:00+09:00,J1,857,963,1820
2018-11-16T23:30:00+09:00,J2,363,518,881
2018-11-16T23:30:00+09:00,J3,696,677,1373
2018-11-16T23:30:00+09:00,J4,890,910,1800
2018-11-16T23:30:00+09:00,J5,238,259,497
2018-11-16T23:45:00+09:00,J1,856,940,1796
2018-11-16T23:45:00+09:00,J2,333,464,797
2018-11-16T23:45:00+09:00,J3,643,584,1227
2018-11-16T23:45:00+09:00,J4,834,839,1673
2018-11-16T23:45:00+09:00,J5,262,255,517
2018-11-17T00:00:00+09:00,J1,639,751,1390
2018-11-17T00:00:00+09:00,J2,288,392,680
2018-11-17T00:00:00+09:00,J3,518,397,915
2018-11-17T00:00:00+09:00,J4,865,838,1703
2018-11-17T00:00:00+09:00,J5,290,241,531
2018-11-17T00:15:00+09:00,J1,474,513,987
2018-11-17T00:15:00+09:00,J2,259,332,591
2018-11-17T00:15:00+09:00,J3,326,245,571
2018-11-17T00:15:00+09:00,J4,724,724,1448
2018-11-17T00:15:00+09:00,J5,291,265,556
2018-11-17T00:30:00+09:00,J1,338,345,683
2018-11-17T00:30:00+09:00,J2,278,332,610
2018-11-17T00:30:00+09:00,J3,341,208,549
2018-11-17T00:30:00+09:00,J4,650,589,1239
2018-11-17T00:30:00+09:00,J5,277,302,579
2018-11-17T00:45:00+09:00,J1,441,292,733
2018-11-17T00:45:00+09:00,J2,241,349,590
2018-11-17T00:45:00+09:00,J3,286,218,504
2018-11-17T00:45:00+09:00,J4,568,593,1161
2018-11-17T00:45:00+09:00,J5,270,274,544
2018-11-17T05:45:00+09:00,J1,555,527,1082
2018-11-17T05:45:00+09:00,J2,466,459,925
2018-11-17T05:45:00+09:00,J3,450,384,834
2018-11-17T05:45:00+09:00,J4,839,798,1637
2018-11-17T05:45:00+09:00,J5,373,397,770
2018-11-17T06:00:00+09:00,J1,412,429,841
2018-11-17T06:00:00+09:00,J2,418,366,784
2018-11-17T06:00:00+09:00,J3,362,290,652
2018-11-17T06:00:00+09:00,J4,860,772,1632
2018-11-17T06:00:00+09:00,J5,351,302,653
2018-11-17T06:15:00+09:00,J1,494,551,1045
2018-11-17T06:15:00+09:00,J2,353,355,708
2018-11-17T06:15:00+09:00,J3,346,290,636
2018-11-17T06:15:00+09:00,J4,855,839,1694
2018-11-17T06:15:00+09:00,J5,356,323,679
2018-11-17T06:30:00+09:00,J1,647,651,1298
2018-11-17T06:30:00+09:00,J2,335,380,715
2018-11-17T06:30:00+09:00,J3,323,293,616
2018-11-17T06:30:00+09:00,J4,861,869,1730
2018-11-17T06:30:00+09:00,J5,370,338,708
2018-11-17T06:45:00+09:00,J1,625,613,1238
2018-11-17T06:45:00+09:00,J2,385,345,730
2018-11-17T06:45:00+09:00,J3,343,324,667
2018-11-17T06:45:00+09:00,J4,782,844,1626
2018-11-17T06:45:00+09:00,J5,403,351,754
2018-11-17T07:00:00+09:00,J1,673,689,1362
2018-11-17T07:00:00+09:00,J2,419,382,801
2018-11-17T07:00:00+09:00,J3,447,350,797
2018-11-17T07:00:00+09:00,J4,719,771,1490
2018-11-17T07:00:00+09:00,J5,419,336,755
2018-11-17T07:15:00+09:00,J1,711,677,1388
2018-11-17T07:15:00+09:00,J2,427,342,769
2018-11-17T07:15:00+09:00,J3,483,431,914
2018-11-17T07:15:00+09:00,J4,745,777,1522
2018-11-17T07:15:00+09:00,J5,396,385,781
2018-11-17T07:30:00+09:00,J1,820,776,1596
2018-11-17T07:30:00+09:00,J2,385,364,749
2018-11-17T07:30:00+09:00,J3,662,633,1295
2018-11-17T07:30:00+09:00,J4,737,834,1571
2018-11-17T07:30:00+09:00,J5,492,386,878
2018-11-17T07:45:00+09:00,J1,746,704,1450
2018-11-17T07:45:00+09:00,J2,429,419,848
2018-11-17T07:45:00+09:00,J3,609,565,1174
2018-11-17T07:45:00+09:00,J4,752,753,1505
2018-11-17T07:45:00+09:00,J5,432,355,787
2018-11-17T08:00:00+09:00,J1,1232,1167,2399
2018-11-17T08:00:00+09:00,J2,459,379,838
2018-11-17T08:00:00+09:00,J3,686,579,1265
2018-11-17T08:00:00+09:00,J4,873,884,1757
2018-11-17T08:00:00+09:00,J5,405,369,774
2018-11-17T08:15:00+09:00,J1,1153,1139,2292
2018-11-17T08:15:00+09:00,J2,509,408,917
2018-11-17T08:15:00+09:00,J3,525,532,1057
2018-11-17T08:15:00+09:00,J4,775,914,1689
2018-11-17T08:15:00+09:00,J5,454,457,911
2018-11-17T08:30:00+09:00,J1,1142,1092,2234
2018-11-17T08:30:00+09:00,J2,569,466,1035
2018-11-17T08:30:00+09:00,J3,493,526,1019
2018-11-17T08:30:00+09:00,J4,908,1038,1946
2018-11-17T08:30:00+09:00,J5,514,457,971
2018-11-17T08:45:00+09:00,J1,1053,909,1962
2018-11-17T08:45:00+09:00,J2,624,531,1155
2018-11-17T08:45:00+09:00,J3,551,628,1179
2018-11-17T08:45:00+09:00,J4,720,793,1513
2018-11-17T08:45:00+09:00,J5,488,476,964
2018-11-17T09:00:00+09:00,J1,919,950,1869
2018-11-17T09:00:00+09:00,J2,656,424,1080
2018-11-17T09:00:00+09:00,J3,510,504,1014
2018-11-17T09:00:00+09:00,J4,828,861,1689
2018-11-17T09:00:00+09:00,J5,504,455,959
2018-11-17T09:15:00+09:00,J1,960,947,1907
2018-11-17T09:15:00+09:00,J2,714,470,1184
2018-11-17T09:15:00+09:00,J3,544,522,1066
2018-11-17T09:15:00+09:00,J4,870,894,1764
2018-11-17T09:15:00+09:00,J5,521,380,901
2018-11-17T09:30:00+09:00,J1,1222,1164,2386
2018-11-17T09:30:00+09:00,J2,699,505,1204
2018-11-17T09:30:00+09:00,J3,612,566,1178
2018-11-17T09:30:00+09:00,J4,898,940,1838
2018-11-17T09:30:00+09:00,J5,448,408,856
2018-11-17T09:45:00+09:00,J1,1121,1051,2172
2018-11-17T09:45:00+09:00,J2,709,663,1372
2018-11-17T09:45:00+09:00,J3,606,564,1170
2018-11-17T09:45:00+09:00,J4,928,990,1918
2018-11-17T09:45:00+09:00,J5,401,400,801
2018-11-17T10:00:00+09:00,J1,979,1013,1992
2018-11-17T10:00:00+09:00,J2,732,545,1277
2018-11-17T10:00:00+09:00,J3,513,558,1071
2018-11-17T10:00:00+09:00,J4,935,942,1877
2018-11-17T10:00:00+09:00,J5,376,376,752
2018-11-17T10:15:00+09:00,J1,1007,1105,2112
2018-11-17T10:15:00+09:00,J2,798,583,1381
2018-11-17T10:15:00+09:00,J3,552,540,1092
2018-11-17T10:15:00+09:00,J4,806,912,1718
2018-11-17T10:15:00+09:00,J5,391,427,818
2018-11-17T10:30:00+09:00,J1,1063,1083,2146
2018-11-17T10:30:00+09:00,J2,757,558,1315
2018-11-17T10:30:00+09:00,J3,611,490,1101
2018-11-17T10:30:00+09:00,J4,927,982,1909
2018-11-17T10:30:00+09:00,J5,443,523,966
2018-11-17T10:45:00+09:00,J1,971,953,1924
2018-11-17T10:45:00+09:00,J2,804,555,1359
2018-11-17T10:45:00+09:00,J3,637,502,1139
2018-11-17T10:45:00+09:00,J4,752,932,1684
2018-11-17T10:45:00+09:00,J5,409,429,838
2018-11-17T11:00:00+09:00,J1,1010,1110,2120
2018-11-17T11:00:00+09:00,J2,749,603,1352
2018-11-17T11:00:00+09:00,J3,695,560,1255
2018-11-17T11:00:00+09:00,J4,825,987,1812
2018-11-17T11:00:00+09:00,J5,494,543,1037
2018-11-17T11:15:00+09:00,J1,992,1127,2119
2018-11-17T11:15:00+09:00,J2,720,603,1323
2018-11-17T11:15:00+09:00,J3,726,595,1321
2018-11-17T11:15:00+09:00,J4,821,926,1747
2018-11-17T11:15:00+09:00,J5,520,507,1027
2018-11-17T11:30:00+09:00,J1,1197,1130,2327
2018-11-17T11:30:00+09:00,J2,736,576,1312
2018-11-17T11:30:00+09:00,J3,730,666,1396
2018-11-17T11:30:00+09:00,J4,819,921,1740
2018-11-17T11:30:00+09:00,J5,499,468,967
2018-11-17T11:45:00+09:00,J1,1066,1207,2273
2018-11-17T11:45:00+09:00,J2,776,615,1391
2018-11-17T11:45:00+09:00,J3,799,666,1465
2018-11-17T11:45:00+09:00,J4,807,881,1688
2018-11-17T11:45:00+09:00,J5,408,433,841
2018-11-17T12:00:00+09:00,J1,1075,1236,2311
2018-11-17T12:00:00+09:00,J2,723,578,1301
2018-11-17T12:00:00+09:00,J3,819,748,1567
2018-11-17T12:00:00+09:00,J4,846,949,1795
2018-11-17T12:00:00+09:00,J5,487,516,1003
2018-11-17T12:15:00+09:00,J1,1051,1255,2306
2018-11-17T12:15:00+09:00,J2,613,657,1270
2018-11-17T12:15:00+09:00,J3,828,702,1530
2018-11-17T12:15:00+09:00,J4,812,944,1756
2018-11-17T12:15:00+09:00,J5,509,467,976
2018-11-17T12:30:00+09:00,J1,1076,1180,2256
2018-11-17T12:30:00+09:00,J2,709,685,1394
2018-11-17T12:30:00+09:00,J3,950,847,1797
2018-11-17T12:30:00+09:00,J4,1014,1053,2067
2018-11-17T12:30:00+09:00,J5,478,509,987
2018-11-17T12:45:00+09:00,J1,1107,1283,2390
2018-11-17T12:45:00+09:00,J2,656,600,1256
2018-11-17T12:45:00+09:00,J3,906,912,1818
2018-11-17T12:45:00+09:00,J4,1052,1178,2230
2018-11-17T12:45:00+09:00,J5,505,488,993
2018-11-17T13:00:00+09:00,J1,1095,1273,2368
2018-11-17T13:00:00+09:00,J2,745,655,1400
2018-11-17T13:00:00+09:00,J3,956,893,1849
2018-11-17T13:00:00+09:00,J4,1044,1120,2164
2018-11-17T13:00:00+09:00,J5,475,482,957
2018-11-17T13:15:00+09:00,J1,1127,1287,2414
2018-11-17T13:15:00+09:00,J2,657,682,1339
2018-11-17T13:15:00+09:00,J3,956,789,1745
2018-11-17T13:15:00+09:00,J4,1071,1162,2233
2018-11-17T13:15:00+09:00,J5,512,453,965
2018-11-17T13:30:00+09:00,J1,1145,1223,2368
2018-11-17T13:30:00+09:00,J2,708,676,1384
2018-11-17T13:30:00+09:00,J3,966,751,1717
2018-11-17T13:30:00+09:00,J4,1097,1122,2219
2018-11-17T13:30:00+09:00,J5,471,499,970
2018-11-17T13:45:00+09:00,J1,1050,1273,2323
2018-11-17T13:45:00+09:00,J2,701,639,1340
2018-11-17T13:45:00+09:00,J3,991,803,1794
2018-11-17T13:45:00+09:00,J4,1084,1154,2238
2018-11-17T13:45:00+09:00,J5,437,398,835
2018-11-17T14:00:00+09:00,J1,1099,1265,2364
2018-11-17T14:00:00+09:00,J2,709,681,1390
2018-11-17T14:00:00+09:00,J3,985,773,1758
2018-11-17T14:00:00+09:00,J4,1054,1117,2171
2018-11-17T14:00:00+09:00,J5,473,490,963
2018-11-17T14:15:00+09:00,J1,955,1222,2177
2018-11-17T14:15:00+09:00,J2,743,717,1460
2018-11-17T14:15:00+09:00,J3,1021,719,1740
2018-11-17T14:15:00+09:00,J4,1118,1189,2307
2018-11-17T14:15:00+09:00,J5,497,475,972
2018-11-17T14:30:00+09:00,J1,992,1157,2149
2018-11-17T14:30:00+09:00,J2,752,703,1455
2018-11-17T14:30:00+09:00,J3,1032,712,1744
2018-11-17T14:30:00+09:00,J4,1117,1174,2291
2018-11-17T14:30:00+09:00,J5,540,540,1080
2018-11-17T14:45:00+09:00,J1,960,1139,2099
2018-11-17T14:45:00+09:00,J2,682,664,1346
2018-11-17T14:45:00+09:00,J3,1050,678,1728
2018-11-17T14:45:00+09:00,J4,1132,1073,2205
2018-11-17T14:45:00+09:00,J5,470,422,892
2018-11-17T15:00:00+09:00,J1,1109,1190,2299
2018-11-17T15:00:00+09:00,J2,696,708,1404
2018-11-17T15:00:00+09:00,J3,953,751,1704
2018-11-17T15:00:00+09:00,J4,1116,1200,2316
2018-11-17T15:00:00+09:00,J5,514,540,1054
2018-11-17T15:15:00+09:00,J1,1199,1179,2378
2018-11-17T15:15:00+09:00,J2,752,741,1493
2018-11-17T15:15:00+09:00,J3,1003,746,1749
2018-11-17T15:15:00+09:00,J4,1175,1215,2390
2018-11-17T15:15:00+09:00,J5,472,463,935
2018-11-17T15:30:00+09:00,J1,1131,1325,2456
2018-11-17T15:30:00+09:00,J2,723,726,1449
2018-11-17T15:30:00+09:00,J3,1068,763,1831
2018-11-17T15:30:00+09:00,J4,1113,1158,2271
2018-11-17T15:30:00+09:00,J5,481,478,959
2018-11-17T15:45:00+09:00,J1,1231,1276,2507
2018-11-17T15:45:00+09:00,J2,691,663,1354
2018-11-17T15:45:00+09:00,J3,962,772,1734
2018-11-17T15:45:00+09:00,J4,1158,1102,2260
2018-11-17T15:45:00+09:00,J5,495,516,1011
2018-11-17T16:00:00+09:00,J1,1184,1305,2489
2018-11-17T16:00:00+09:00,J2,799,723,1522
2018-11-17T16:00:00+09:00,J3,1085,847,1932
2018-11-17T16:00:00+09:00,J4,1034,1192,2226
2018-11-17T16:00:00+09:00,J5,484,546,1030
2018-11-17T16:15:00+09:00,J1,1216,1315,2531
2018-11-17T16:15:00+09:00,J2,851,673,1524
2018-11-17T16:15:00+09:00,J3,1089,937,2026
2018-11-17T16:15:00+09:00,J4,1168,1130,2298
2018-11-17T16:15:00+09:00,J5,501,456,957
2018-11-17T16:30:00+09:00,J1,1177,1279,2456
2018-11-17T16:30:00+09:00,J2,797,710,1507
2018-11-17T16:30:00+09:00,J3,1071,925,1996
2018-11-17T16:30:00+09:00,J4,1133,1200,2333
2018-11-17T16:30:00+09:00,J5,456,462,918
2018-11-17T16:45:00+09:00,J1,1223,1279,2502
2018-11-17T16:45:00+09:00,J2,893,706,1599
2018-11-17T16:45:00+09:00,J3,1062,916,1978
2018-11-17T16:45:00+09:00,J4,1099,1188,2287
2018-11-17T16:45:00+09:00,J5,458,478,936
2018-11-17T17:00:00+09:00,J1,1303,1390,2693
2018-11-17T17:00:00+09:00,J2,848,647,1495
2018-11-17T17:00:00+09:00,J3,1248,926,2174
2018-11-17T17:00:00+09:00,J4,1179,1082,2261
2018-11-17T17:00:00+09:00,J5,478,473,951
2018-11-17T17:15:00+09:00,J1,1192,1335,2527
2018-11-17T17:15:00+09:00,J2,893,662,1555
2018-11-17T17:15:00+09:00,J3,1123,906,2029
2018-11-17T17:15:00+09:00,J4,1151,976,2127
2018-11-17T17:15:00+09:00,J5,506,512,1018
2018-11-17T17:30:00+09:00,J1,1207,1384,2591
2018-11-17T17:30:00+09:00,J2,949,619,1568
2018-11-17T17:30:00+09:00,J3,1023,830,1853
2018-11-17T17:30:00+09:00,J4,991,987,1978
2018-11-17T17:30:00+09:00,J5,482,493,975
2018-11-17T17:45:00+09:00,J1,1225,1288,2513
2018-11-17T17:45:00+09:00,J2,905,605,1510
2018-11-17T17:45:00+09:00,J3,901,797,1698
2018-11-17T17:45:00+09:00,J4,875,885,1760
2018-11-17T17:45:00+09:00,J5,476,506,982
2018-11-17T18:00:00+09:00,J1,1207,1343,2550
2018-11-17T18:00:00+09:00,J2,913,678,1591
2018-11-17T18:00:00+09:00,J3,955,796,1751
2018-11-17T18:00:00+09:00,J4,837,854,1691
2018-11-17T18:00:00+09:00,J5,513,521,1034
2018-11-17T18:15:00+09:00,J1,1161,1323,2484
2018-11-17T18:15:00+09:00,J2,922,648,1570
2018-11-17T18:15:00+09:00,J3,990,760,1750
2018-11-17T18:15:00+09:00,J4,847,870,1717
2018-11-17T18:15:00+09:00,J5,530,575,1105
2018-11-17T18:30:00+09:00,J1,1114,1304,2418
2018-11-17T18:30:00+09:00,J2,948,701,1649
2018-11-17T18:30:00+09:00,J3,890,730,1620
2018-11-17T18:30:00+09:00,J4,905,921,1826
2018-11-17T18:30:00+09:00,J5,432,477,909
2018-11-17T18:45:00+09:00,J1,1024,1150,2174
2018-11-17T18:45:00+09:00,J2,919,622,1541
2018-11-17T18:45:00+09:00,J3,773,647,1420
2018-11-17T18:45:00+09:00,J4,904,923,1827
2018-11-17T18:45:00+09:00,J5,459,440,899
2018-11-17T19:00:00+09:00,J1,912,1011,1923
2018-11-17T19:00:00+09:00,J2,872,707,1579
2018-11-17T19:00:00+09:00,J3,753,686,1439
2018-11-17T19:00:00+09:00,J4,923,888,1811
2018-11-17T19:00:00+09:00,J5,504,524,1028
2018-11-17T19:15:00+09:00,J1,869,993,1862
2018-11-17T19:15:00+09:00,J2,695,651,1346
2018-11-17T19:15:00+09:00,J3,727,675,1402
2018-11-17T19:15:00+09:00,J4,941,956,1897
2018-11-17T19:15:00+09:00,J5,450,523,973
2018-11-17T19:30:00+09:00,J1,877,906,1783
2018-11-17T19:30:00+09:00,J2,644,640,1284
2018-11-17T19:30:00+09:00,J3,639,576,1215
2018-11-17T19:30:00+09:00,J4,906,896,1802
2018-11-17T19:30:00+09:00,J5,376,428,804
2018-11-17T19:45:00+09:00,J1,823,860,1683
2018-11-17T19:45:00+09:00,J2,590,689,1279
2018-11-17T19:45:00+09:00,J3,680,598,1278
2018-11-17T19:45:00+09:00,J4,755,838,1593
2018-11-17T19:45:00+09:00,J5,412,491,903
2018-11-17T20:00:00+09:00,J1,756,891,1647
2018-11-17T20:00:00+09:00,J2,667,651,1318
2018-11-17T20:00:00+09:00,J3,646,562,1208
2018-11-17T20:00:00+09:00,J4,785,830,1615
2018-11-17T20:00:00+09:00,J5,454,472,926
2018-11-17T20:15:00+09:00,J1,844,994,1838
2018-11-17T20:15:00+09:00,J2,727,663,1390
2018-11-17T20:15:00+09:00,J3,680,634,1314
2018-11-17T20:15:00+09:00,J4,845,936,1781
2018-11-17T20:15:00+09:00,J5,440,548,988
2018-11-17T20:30:00+09:00,J1,767,925,1692
2018-11-17T20:30:00+09:00,J2,684,570,1254
2018-11-17T20:30:00+09:00,J3,715,702,1417
2018-11-17T20:30:00+09:00,J4,713,799,1512
2018-11-17T20:30:00+09:00,J5,442,456,898
2018-11-17T20:45:00+09:00,J1,860,845,1705
2018-11-17T20:45:00+09:00,J2,617,617,1234
2018-11-17T20:45:00+09:00,J3,667,678,1345
2018-11-17T20:45:00+09:00,J4,791,788,1579
2018-11-17T20:45:00+09:00,J5,415,431,846
2018-11-17T21:00:00+09:00,J1,871,926,1797
2018-11-17T21:00:00+09:00,J2,662,641,1303
2018-11-17T21:00:00+09:00,J3,678,558,1236
2018-11-17T21:00:00+09:00,J4,903,852,1755
2018-11-17T21:00:00+09:00,J5,481,526,1007
2018-11-17T21:15:00+09:00,J1,841,909,1750
2018-11-17T21:15:00+09:00,J2,559,490,1049
2018-11-17T21:15:00+09:00,J3,723,577,1300
2018-11-17T21:15:00+09:00,J4,1060,1009,2069
2018-11-17T21:15:00+09:00,J5,469,502,971
2018-11-17T21:30:00+09:00,J1,778,840,1618
2018-11-17T21:30:00+09:00,J2,525,488,1013
2018-11-17T21:30:00+09:00,J3,556,470,1026
2018-11-17T21:30:00+09:00,J4,925,862,1787
2018-11-17T21:30:00+09:00,J5,450,447,897
2018-11-17T21:45:00+09:00,J1,753,845,1598
2018-11-17T21:45:00+09:00,J2,479,419,898
2018-11-17T21:45:00+09:00,J3,533,455,988
2018-11-17T21:45:00+09:00,J4,896,908,1804
2018-11-17T21:45:00+09:00,J5,387,395,782
2018-11-17T22:00:00+09:00,J1,683,821,1504
2018-11-17T22:00:00+09:00,J2,546,528,1074
2018-11-17T22:00:00+09:00,J3,543,486,1029
2018-11-17T22:00:00+09:00,J4,879,941,1820
2018-11-17T22:00:00+09:00,J5,378,394,772
2018-11-17T22:15:00+09:00,J1,685,824,1509
2018-11-17T22:15:00+09:00,J2,574,639,1213
2018-11-17T22:15:00+09:00,J3,533,463,996
2018-11-17T22:15:00+09:00,J4,919,985,1904
2018-11-17T22:15:00+09:00,J5,371,377,748
2018-11-17T22:30:00+09:00,J1,716,822,1538
2018-11-17T22:30:00+09:00,J2,637,547,1184
2018-11-17T22:30:00+09:00,J3,484,497,981
2018-11-17T22:30:00+09:00,J4,908,920,1828
2018-11-17T22:30:00+09:00,J5,381,371,752
2018-11-17T22:45:00+09:00,J1,800,815,1615
2018-11-17T22:45:00+09:00,J2,564,501,1065
2018-11-17T22:45:00+09:00,J3,505,481,986
2018-11-17T22:45:00+09:00,J4,820,871,1691
2018-11-17T22:45:00+09:00,J5,382,398,780
2018-11-17T23:00:00+09:00,J1,722,768,1490
2018-11-17T23:00:00+09:00,J2,491,477,968
2018-11-17T23:00:00+09:00,J3,547,479,1026
2018-11-17T23:00:00+09:00,J4,820,891,1711
2018-11-17T23:00:00+09:00,J5,395,367,762
2018-11-17T23:15:00+09:00,J1,663,795,1458
2018-11-17T23:15:00+09:00,J2,440,455,895
2018-11-17T23:15:00+09:00,J3,531,531,1062
2018-11-17T23:15:00+09:00,J4,827,890,1717
2018-11-17T23:15:00+09:00,J5,353,333,686
2018-11-17T23:30:00+09:00,J1,647,681,1328
2018-11-17T23:30:00+09:00,J2,426,472,898
2018-11-17T23:30:00+09:00,J3,521,512,1033
2018-11-17T23:30:00+09:00,J4,861,861,1722
2018-11-17T23:30:00+09:00,J5,341,322,663
2018-11-17T23:45:00+09:00,J1,625,722,1347
2018-11-17T23:45:00+09:00,J2,440,388,828
2018-11-17T23:45:00+09:00,J3,422,341,763
2018-11-17T23:45:00+09:00,J4,759,710,1469
2018-11-17T23:45:00+09:00,J5,366,324,690
2018-11-18T00:00:00+09:00,J1,505,560,1065
2018-11-18T00:00:00+09:00,J2,515,499,1014
2018-11-18T00:00:00+09:00,J3,406,309,715
2018-11-18T00:00:00+09:00,J4,771,643,1414
2018-11-18T00:00:00+09:00,J5,383,377,760
2018-11-18T00:15:00+09:00,J1,361,363,724
2018-11-18T00:15:00+09:00,J2,516,521,1037
2018-11-18T00:15:00+09:00,J3,430,395,825
2018-11-18T00:15:00+09:00,J4,728,722,1450
2018-11-18T00:15:00+09:00,J5,542,452,994
2018-11-18T00:30:00+09:00,J1,326,311,637
2018-11-18T00:30:00+09:00,J2,471,468,939
2018-11-18T00:30:00+09:00,J3,471,484,955
2018-11-18T00:30:00+09:00,J4,713,702,1415
2018-11-18T00:30:00+09:00,J5,590,596,1186
2018-11-18T00:45:00+09:00,J1,366,311,677
2018-11-18T00:45:00+09:00,J2,471,473,944
2018-11-18T00:45:00+09:00,J3,518,509,1027
2018-11-18T00:45:00+09:00,J4,659,716,1375
2018-11-18T00:45:00+09:00,J5,570,564,1134
2018-11-18T05:45:00+09:00,J1,603,559,1162
2018-11-18T05:45:00+09:00,J2,537,485,1022
2018-11-18T05:45:00+09:00,J3,655,560,1215
2018-11-18T05:45:00+09:00,J4,735,745,1480
2018-11-18T05:45:00+09:00,J5,486,500,986
2018-11-18T06:00:00+09:00,J1,493,511,1004
2018-11-18T06:00:00+09:00,J2,465,439,904
2018-11-18T06:00:00+09:00,J3,617,593,1210
2018-11-18T06:00:00+09:00,J4,821,782,1603
2018-11-18T06:00:00+09:00,J5,483,527,1010
2018-11-18T06:15:00+09:00,J1,626,638,1264
2018-11-18T06:15:00+09:00,J2,418,415,833
2018-11-18T06:15:00+09:00,J3,483,503,986
2018-11-18T06:15:00+09:00,J4,846,822,1668
2018-11-18T06:15:00+09:00,J5,442,476,918
2018-11-18T06:30:00+09:00,J1,540,552,1092
2018-11-18T06:30:00+09:00,J2,377,340,717
2018-11-18T06:30:00+09:00,J3,422,416,838
2018-11-18T06:30:00+09:00,J4,743,804,1547
2018-11-18T06:30:00+09:00,J5,489,445,934
2018-11-18T06:45:00+09:00,J1,547,610,1157
2018-11-18T06:45:00+09:00,J2,391,317,708
2018-11-18T06:45:00+09:00,J3,484,419,903
2018-11-18T06:45:00+09:00,J4,856,813,1669
2018-11-18T06:45:00+09:00,J5,442,495,937
2018-11-18T07:00:00+09:00,J1,535,544,1079
2018-11-18T07:00:00+09:00,J2,490,427,917
2018-11-18T07:00:00+09:00,J3,472,524,996
2018-11-18T07:00:00+09:00,J4,627,704,1331
2018-11-18T07:00:00+09:00,J5,518,434,952
2018-11-18T07:15:00+09:00,J1,571,568,1139
2018-11-18T07:15:00+09:00,J2,511,446,957
2018-11-18T07:15:00+09:00,J3,379,340,719
2018-11-18T07:15:00+09:00,J4,736,775,1511
2018-11-18T07:15:00+09:00,J5,479,442,921
2018-11-18T07:30:00+09:00,J1,615,590,1205
2018-11-18T07:30:00+09:00,J2,435,417,852
2018-11-18T07:30:00+09:00,J3,389,313,702
2018-11-18T07:30:00+09:00,J4,695,737,1432
2018-11-18T07:30:00+09:00,J5,564,490,1054
2018-11-18T07:45:00+09:00,J1,656,686,1342
2018-11-18T07:45:00+09:00,J2,408,385,793
2018-11-18T07:45:00+09:00,J3,382,344,726
2018-11-18T07:45:00+09:00,J4,719,727,1446
2018-11-18T07:45:00+09:00,J5,469,382,851
2018-11-18T08:00:00+09:00,J1,1098,1036,2134
2018-11-18T08:00:00+09:00,J2,484,380,864
2018-11-18T08:00:00+09:00,J3,699,573,1272
2018-11-18T08:00:00+09:00,J4,756,799,1555
2018-11-18T08:00:00+09:00,J5,391,406,797
2018-11-18T08:15:00+09:00,J1,1078,1041,2119
2018-11-18T08:15:00+09:00,J2,613,495,1108
2018-11-18T08:15:00+09:00,J3,490,528,1018
2018-11-18T08:15:00+09:00,J4,662,781,1443
2018-11-18T08:15:00+09:00,J5,412,369,781
2018-11-18T08:30:00+09:00,J1,1072,952,2024
2018-11-18T08:30:00+09:00,J2,721,686,1407
2018-11-18T08:30:00+09:00,J3,477,513,990
2018-11-18T08:30:00+09:00,J4,828,878,1706
2018-11-18T08:30:00+09:00,J5,501,467,968
2018-11-18T08:45:00+09:00,J1,1009,1017,2026
2018-11-18T08:45:00+09:00,J2,698,644,1342
2018-11-18T08:45:00+09:00,J3,515,548,1063
2018-11-18T08:45:00+09:00,J4,741,838,1579
2018-11-18T08:45:00+09:00,J5,555,484,1039
2018-11-18T09:00:00+09:00,J1,865,812,1677
2018-11-18T09:00:00+09:00,J2,702,549,1251
2018-11-18T09:00:00+09:00,J3,478,441,919
2018-11-18T09:00:00+09:00,J4,966,936,1902
2018-11-18T09:00:00+09:00,J5,487,442,929
2018-11-18T09:15:00+09:00,J1,901,909,1810
2018-11-18T09:15:00+09:00,J2,763,620,1383
2018-11-18T09:15:00+09:00,J3,562,452,1014
2018-11-18T09:15:00+09:00,J4,897,984,1881
2018-11-18T09:15:00+09:00,J5,407,392,799
2018-11-18T09:30:00+09:00,J1,969,917,1886
2018-11-18T09:30:00+09:00,J2,748,554,1302
2018-11-18T09:30:00+09:00,J3,543,458,1001
2018-11-18T09:30:00+09:00,J4,984,1001,1985
2018-11-18T09:30:00+09:00,J5,430,390,820
2018-11-18T09:45:00+09:00,J1,964,928,1892
2018-11-18T09:45:00+09:00,J2,806,545,1351
2018-11-18T09:45:00+09:00,J3,475,496,971
2018-11-18T09:45:00+09:00,J4,913,918,1831
2018-11-18T09:45:00+09:00,J5,404,363,767
2018-11-18T10:00:00+09:00,J1,959,997,1956
2018-11-18T10:00:00+09:00,J2,721,566,1287
2018-11-18T10:00:00+09:00,J3,522,513,1035
2018-11-18T10:00:00+09:00,J4,810,901,1711
2018-11-18T10:00:00+09:00,J5,365,310,675
2018-11-18T10:15:00+09:00,J1,941,987,1928
2018-11-18T10:15:00+09:00,J2,808,558,1366
2018-11-18T10:15:00+09:00,J3,475,427,902
2018-11-18T10:15:00+09:00,J4,841,879,1720
2018-11-18T10:15:00+09:00,J5,364,357,721
2018-11-18T10:30:00+09:00,J1,890,989,1879
2018-11-18T10:30:00+09:00,J2,798,575,1373
2018-11-18T10:30:00+09:00,J3,533,470,1003
2018-11-18T10:30:00+09:00,J4,837,911,1748
2018-11-18T10:30:00+09:00,J5,380,425,805
2018-11-18T10:45:00+09:00,J1,925,843,1768
2018-11-18T10:45:00+09:00,J2,791,533,1324
2018-11-18T10:45:00+09:00,J3,574,456,1030
2018-11-18T10:45:00+09:00,J4,859,925,1784
2018-11-18T10:45:00+09:00,J5,402,394,796
2018-11-18T11:00:00+09:00,J1,1085,1145,2230
2018-11-18T11:00:00+09:00,J2,795,551,1346
2018-11-18T11:00:00+09:00,J3,620,528,1148
2018-11-18T11:00:00+09:00,J4,862,838,1700
2018-11-18T11:00:00+09:00,J5,343,377,720
2018-11-18T11:15:00+09:00,J1,1036,1066,2102
2018-11-18T11:15:00+09:00,J2,894,578,1472
2018-11-18T11:15:00+09:00,J3,571,508,1079
2018-11-18T11:15:00+09:00,J4,850,947,1797
2018-11-18T11:15:00+09:00,J5,439,439,878
2018-11-18T11:30:00+09:00,J1,1063,1190,2253
2018-11-18T11:30:00+09:00,J2,825,559,1384
2018-11-18T11:30:00+09:00,J3,663,623,1286
2018-11-18T11:30:00+09:00,J4,923,885,1808
2018-11-18T11:30:00+09:00,J5,408,411,819
2018-11-18T11:45:00+09:00,J1,1128,1234,2362
2018-11-18T11:45:00+09:00,J2,784,527,1311
2018-11-18T11:45:00+09:00,J3,639,631,1270
2018-11-18T11:45:00+09:00,J4,868,887,1755
2018-11-18T11:45:00+09:00,J5,416,415,831
2018-11-18T12:00:00+09:00,J1,1111,1157,2268
2018-11-18T12:00:00+09:00,J2,684,597,1281
2018-11-18T12:00:00+09:00,J3,640,608,1248
2018-11-18T12:00:00+09:00,J4,862,844,1706
2018-11-18T12:00:00+09:00,J5,438,423,861
2018-11-18T12:15:00+09:00,J1,1008,1233,2241
2018-11-18T12:15:00+09:00,J2,723,588,1311
2018-11-18T12:15:00+09:00,J3,706,609,1315
2018-11-18T12:15:00+09:00,J4,843,992,1835
2018-11-18T12:15:00+09:00,J5,426,398,824
2018-11-18T12:30:00+09:00,J1,913,1136,2049
2018-11-18T12:30:00+09:00,J2,735,602,1337
2018-11-18T12:30:00+09:00,J3,775,759,1534
2018-11-18T12:30:00+09:00,J4,1006,933,1939
2018-11-18T12:30:00+09:00,J5,464,408,872
2018-11-18T12:45:00+09:00,J1,995,1172,2167
2018-11-18T12:45:00+09:00,J2,643,568,1211
2018-11-18T12:45:00+09:00,J3,795,786,1581
2018-11-18T12:45:00+09:00,J4,977,907,1884
2018-11-18T12:45:00+09:00,J5,377,318,695
2018-11-18T13:00:00+09:00,J1,955,1054,2009
2018-11-18T13:00:00+09:00,J2,627,664,1291
2018-11-18T13:00:00+09:00,J3,755,792,1547
2018-11-18T13:00:00+09:00,J4,1017,1071,2088
2018-11-18T13:00:00+09:00,J5,389,435,824
2018-11-18T13:15:00+09:00,J1,921,1191,2112
2018-11-18T13:15:00+09:00,J2,616,641,1257
2018-11-18T13:15:00+09:00,J3,788,772,1560
2018-11-18T13:15:00+09:00,J4,1021,1006,2027
2018-11-18T13:15:00+09:00,J5,439,462,901
2018-11-18T13:30:00+09:00,J1,963,1094,2057
2018-11-18T13:30:00+09:00,J2,649,683,1332
2018-11-18T13:30:00+09:00,J3,854,752,1606
2018-11-18T13:30:00+09:00,J4,1076,1023,2099
2018-11-18T13:30:00+09:00,J5,435,445,880
2018-11-18T13:45:00+09:00,J1,974,1134,2108
2018-11-18T13:45:00+09:00,J2,568,672,1240
2018-11-18T13:45:00+09:00,J3,779,758,1537
2018-11-18T13:45:00+09:00,J4,1066,1071,2137
2018-11-18T13:45:00+09:00,J5,491,440,931
2018-11-18T14:00:00+09:00,J1,937,1111,2048
2018-11-18T14:00:00+09:00,J2,646,748,1394
2018-11-18T14:00:00+09:00,J3,759,710,1469
2018-11-18T14:00:00+09:00,J4,1027,1054,2081
2018-11-18T14:00:00+09:00,J5,435,472,907
2018-11-18T14:15:00+09:00,J1,894,1057,1951
2018-11-18T14:15:00+09:00,J2,579,808,1387
2018-11-18T14:15:00+09:00,J3,859,772,1631
2018-11-18T14:15:00+09:00,J4,1112,1083,2195
2018-11-18T14:15:00+09:00,J5,438,421,859
2018-11-18T14:30:00+09:00,J1,921,995,1916
2018-11-18T14:30:00+09:00,J2,672,744,1416
2018-11-18T14:30:00+09:00,J3,913,779,1692
2018-11-18T14:30:00+09:00,J4,1082,1066,2148
2018-11-18T14:30:00+09:00,J5,431,427,858
2018-11-18T14:45:00+09:00,J1,899,1060,1959
2018-11-18T14:45:00+09:00,J2,597,703,1300
2018-11-18T14:45:00+09:00,J3,844,717,1561
2018-11-18T14:45:00+09:00,J4,1092,1011,2103
2018-11-18T14:45:00+09:00,J5,397,412,809
2018-11-18T15:00:00+09:00,J1,935,1039,1974
2018-11-18T15:00:00+09:00,J2,567,691,1258
2018-11-18T15:00:00+09:00,J3,885,732,1617
2018-11-18T15:00:00+09:00,J4,1041,1043,2084
2018-11-18T15:00:00+09:00,J5,430,494,924
2018-11-18T15:15:00+09:00,J1,939,1087,2026
2018-11-18T15:15:00+09:00,J2,578,666,1244
2018-11-18T15:15:00+09:00,J3,880,714,1594
2018-11-18T15:15:00+09:00,J4,1034,1060,2094
2018-11-18T15:15:00+09:00,J5,410,381,791
2018-11-18T15:30:00+09:00,J1,917,1099,2016
2018-11-18T15:30:00+09:00,J2,583,735,1318
2018-11-18T15:30:00+09:00,J3,800,748,1548
2018-11-18T15:30:00+09:00,J4,1021,1012,2033
2018-11-18T15:30:00+09:00,J5,432,432,864
2018-11-18T15:45:00+09:00,J1,941,1156,2097
2018-11-18T15:45:00+09:00,J2,588,700,1288
2018-11-18T15:45:00+09:00,J3,854,744,1598
2018-11-18T15:45:00+09:00,J4,1058,1022,2080
2018-11-18T15:45:00+09:00,J5,459,466,925
2018-11-18T16:00:00+09:00,J1,932,1091,2023
2018-11-18T16:00:00+09:00,J2,574,657,1231
2018-11-18T16:00:00+09:00,J3,868,696,1564
2018-11-18T16:00:00+09:00,J4,1009,1014,2023
2018-11-18T16:00:00+09:00,J5,448,475,923
2018-11-18T16:15:00+09:00,J1,950,1171,2121
2018-11-18T16:15:00+09:00,J2,617,710,1327
2018-11-18T16:15:00+09:00,J3,834,772,1606
2018-11-18T16:15:00+09:00,J4,995,1062,2057
2018-11-18T16:15:00+09:00,J5,440,481,921
2018-11-18T16:30:00+09:00,J1,874,1182,2056
2018-11-18T16:30:00+09:00,J2,619,692,1311
2018-11-18T16:30:00+09:00,J3,833,743,1576
2018-11-18T16:30:00+09:00,J4,1007,1005,2012
2018-11-18T16:30:00+09:00,J5,462,395,857
2018-11-18T16:45:00+09:00,J1,963,1102,2065
2018-11-18T16:45:00+09:00,J2,617,536,1153
2018-11-18T16:45:00+09:00,J3,876,746,1622
2018-11-18T16:45:00+09:00,J4,983,1006,1989
2018-11-18T16:45:00+09:00,J5,441,428,869
2018-11-18T17:00:00+09:00,J1,1053,1214,2267
2018-11-18T17:00:00+09:00,J2,582,571,1153
2018-11-18T17:00:00+09:00,J3,941,828,1769
2018-11-18T17:00:00+09:00,J4,1062,981,2043
2018-11-18T17:00:00+09:00,J5,453,444,897
2018-11-18T17:15:00+09:00,J1,1044,1220,2264
2018-11-18T17:15:00+09:00,J2,644,577,1221
2018-11-18T17:15:00+09:00,J3,831,735,1566
2018-11-18T17:15:00+09:00,J4,943,1003,1946
2018-11-18T17:15:00+09:00,J5,445,399,844
2018-11-18T17:30:00+09:00,J1,981,1143,2124
2018-11-18T17:30:00+09:00,J2,701,556,1257
2018-11-18T17:30:00+09:00,J3,845,760,1605
2018-11-18T17:30:00+09:00,J4,946,905,1851
2018-11-18T17:30:00+09:00,J5,414,419,833
2018-11-18T17:45:00+09:00,J1,994,1123,2117
2018-11-18T17:45:00+09:00,J2,671,533,1204
2018-11-18T17:45:00+09:00,J3,685,655,1340
2018-11-18T17:45:00+09:00,J4,799,768,1567
2018-11-18T17:45:00+09:00,J5,367,354,721
2018-11-18T18:00:00+09:00,J1,1010,1252,2262
2018-11-18T18:00:00+09:00,J2,669,556,1225
2018-11-18T18:00:00+09:00,J3,784,689,1473
2018-11-18T18:00:00+09:00,J4,789,878,1667
2018-11-18T18:00:00+09:00,J5,504,442,946
2018-11-18T18:15:00+09:00,J1,1069,1208,2277
2018-11-18T18:15:00+09:00,J2,678,552,1230
2018-11-18T18:15:00+09:00,J3,755,667,1422
2018-11-18T18:15:00+09:00,J4,788,797,1585
2018-11-18T18:15:00+09:00,J5,479,477,956
2018-11-18T18:30:00+09:00,J1,983,1100,2083
2018-11-18T18:30:00+09:00,J2,721,539,1260
2018-11-18T18:30:00+09:00,J3,578,508,1086
2018-11-18T18:30:00+09:00,J4,913,858,1771
2018-11-18T18:30:00+09:00,J5,443,446,889
2018-11-18T18:45:00+09:00,J1,935,1018,1953
2018-11-18T18:45:00+09:00,J2,593,527,1120
2018-11-18T18:45:00+09:00,J3,565,434,999
2018-11-18T18:45:00+09:00,J4,800,892,1692
2018-11-18T18:45:00+09:00,J5,359,383,742
2018-11-18T19:00:00+09:00,J1,716,869,1585
2018-11-18T19:00:00+09:00,J2,491,408,899
2018-11-18T19:00:00+09:00,J3,600,412,1012
2018-11-18T19:00:00+09:00,J4,831,811,1642
2018-11-18T19:00:00+09:00,J5,426,395,821
2018-11-18T19:15:00+09:00,J1,753,800,1553
2018-11-18T19:15:00+09:00,J2,488,461,949
2018-11-18T19:15:00+09:00,J3,624,434,1058
2018-11-18T19:15:00+09:00,J4,826,898,1724
2018-11-18T19:15:00+09:00,J5,402,432,834
2018-11-18T19:30:00+09:00,J1,724,785,1509
2018-11-18T19:30:00+09:00,J2,580,482,1062
2018-11-18T19:30:00+09:00,J3,517,447,964
2018-11-18T19:30:00+09:00,J4,828,854,1682
2018-11-18T19:30:00+09:00,J5,384,383,767
2018-11-18T19:45:00+09:00,J1,703,750,1453
2018-11-18T19:45:00+09:00,J2,695,611,1306
2018-11-18T19:45:00+09:00,J3,530,483,1013
2018-11-18T19:45:00+09:00,J4,941,867,1808
2018-11-18T19:45:00+09:00,J5,355,387,742
2018-11-18T20:00:00+09:00,J1,725,797,1522
2018-11-18T20:00:00+09:00,J2,586,563,1149
2018-11-18T20:00:00+09:00,J3,574,512,1086
2018-11-18T20:00:00+09:00,J4,997,986,1983
2018-11-18T20:00:00+09:00,J5,402,413,815
2018-11-18T20:15:00+09:00,J1,704,841,1545
2018-11-18T20:15:00+09:00,J2,420,471,891
2018-11-18T20:15:00+09:00,J3,549,505,1054
2018-11-18T20:15:00+09:00,J4,979,954,1933
2018-11-18T20:15:00+09:00,J5,396,416,812
2018-11-18T20:30:00+09:00,J1,672,817,1489
2018-11-18T20:30:00+09:00,J2,565,518,1083
2018-11-18T20:30:00+09:00,J3,495,423,918
2018-11-18T20:30:00+09:00,J4,971,1002,1973
2018-11-18T20:30:00+09:00,J5,346,360,706
2018-11-18T20:45:00+09:00,J1,733,832,1565
2018-11-18T20:45:00+09:00,J2,665,593,1258
2018-11-18T20:45:00+09:00,J3,506,390,896
2018-11-18T20:45:00+09:00,J4,865,896,1761
2018-11-18T20:45:00+09:00,J5,288,303,591
2018-11-18T21:00:00+09:00,J1,735,862,1597
2018-11-18T21:00:00+09:00,J2,666,520,1186
2018-11-18T21:00:00+09:00,J3,519,447,966
2018-11-18T21:00:00+09:00,J4,884,889,1773
2018-11-18T21:00:00+09:00,J5,390,356,746
2018-11-18T21:15:00+09:00,J1,738,826,1564
2018-11-18T21:15:00+09:00,J2,529,493,1022
2018-11-18T21:15:00+09:00,J3,546,476,1022
2018-11-18T21:15:00+09:00,J4,963,977,1940
2018-11-18T21:15:00+09:00,J5,412,431,843
2018-11-18T21:30:00+09:00,J1,763,876,1639
2018-11-18T21:30:00+09:00,J2,440,395,835
2018-11-18T21:30:00+09:00,J3,541,495,1036
2018-11-18T21:30:00+09:00,J4,958,870,1828
2018-11-18T21:30:00+09:00,J5,338,374,712
2018-11-18T21:45:00+09:00,J1,727,777,1504
2018-11-18T21:45:00+09:00,J2,337,348,685
2018-11-18T21:45:00+09:00,J3,538,482,1020
2018-11-18T21:45:00+09:00,J4,887,959,1846
2018-11-18T21:45:00+09:00,J5,377,372,749
2018-11-18T22:00:00+09:00,J1,755,746,1501
2018-11-18T22:00:00+09:00,J2,407,358,765
2018-11-18T22:00:00+09:00,J3,484,418,902
2018-11-18T22:00:00+09:00,J4,851,882,1733
2018-11-18T22:00:00+09:00,J5,385,365,750
2018-11-18T22:15:00+09:00,J1,712,739,1451
2018-11-18T22:15:00+09:00,J2,391,400,791
2018-11-18T22:15:00+09:00,J3,488,420,908
2018-11-18T22:15:00+09:00,J4,905,984,1889
2018-11-18T22:15:00+09:00,J5,359,329,688
2018-11-18T22:30:00+09:00,J1,755,774,1529
2018-11-18T22:30:00+09:00,J2,413,374,787
2018-11-18T22:30:00+09:00,J3,459,421,880
2018-11-18T22:30:00+09:00,J4,834,908,1742
2018-11-18T22:30:00+09:00,J5,338,297,635
2018-11-18T22:45:00+09:00,J1,729,837,1566
2018-11-18T22:45:00+09:00,J2,396,355,751
2018-11-18T22:45:00+09:00,J3,415,409,824
2018-11-18T22:45:00+09:00,J4,925,979,1904
2018-11-18T22:45:00+09:00,J5,393,325,718
2018-11-18T23:00:00+09:00,J1,705,708,1413
2018-11-18T23:00:00+09:00,J2,478,479,957
2018-11-18T23:00:00+09:00,J3,400,324,724
2018-11-18T23:00:00+09:00,J4,753,826,1579
2018-11-18T23:00:00+09:00,J5,309,330,639
2018-11-18T23:15:00+09:00,J1,663,752,1415
2018-11-18T23:15:00+09:00,J2,473,481,954
2018-11-18T23:15:00+09:00,J3,424,406,830
2018-11-18T23:15:00+09:00,J4,630,719,1349
2018-11-18T23:15:00+09:00,J5,324,319,643
2018-11-18T23:30:00+09:00,J1,560,625,1185
2018-11-18T23:30:00+09:00,J2,413,407,820
2018-11-18T23:30:00+09:00,J3,436,395,831
2018-11-18T23:30:00+09:00,J4,576,630,1206
2018-11-18T23:30:00+09:00,J5,361,351,712
2018-11-18T23:45:00+09:00,J1,615,578,1193
2018-11-18T23:45:00+09:00,J2,385,351,736
2018-11-18T23:45:00+09:00,J3,386,315,701
2018-11-18T23:45:00+09:00,J4,527,530,1057
2018-11-18T23:45:00+09:00,J5,392,371,763
2018-11-19T00:00:00+09:00,J1,511,500,1011
2018-11-19T00:00:00+09:00,J2,447,409,856
2018-11-19T00:00:00+09:00,J3,347,241,588
2018-11-19T00:00:00+09:00,J4,533,547,1080
2018-11-19T00:00:00+09:00,J5,421,406,827
2018-11-19T00:15:00+09:00,J1,353,421,774
2018-11-19T00:15:00+09:00,J2,406,354,760
2018-11-19T00:15:00+09:00,J3,327,230,557
2018-11-19T00:15:00+09:00,J4,382,470,852
2018-11-19T00:15:00+09:00,J5,460,430,890
2018-11-19T00:30:00+09:00,J1,400,357,757
2018-11-19T00:30:00+09:00,J2,394,401,795
2018-11-19T00:30:00+09:00,J3,389,288,677
2018-11-19T00:30:00+09:00,J4,392,359,751
2018-11-19T00:30:00+09:00,J5,510,513,1023
2018-11-19T00:45:00+09:00,J1,368,287,655
2018-11-19T00:45:00+09:00,J2,383,346,729
2018-11-19T00:45:00+09:00,J3,370,316,686
2018-11-19T00:45:00+09:00,J4,569,526,1095
2018-11-19T00:45:00+09:00,J5,499,504,1003
2018-11-19T05:45:00+09:00,J1,538,523,1061
2018-11-19T05:45:00+09:00,J2,597,538,1135
2018-11-19T05:45:00+09:00,J3,598,520,1118
2018-11-19T05:45:00+09:00,J4,535,545,1080
2018-11-19T05:45:00+09:00,J5,284,356,640
2018-11-19T06:00:00+09:00,J1,437,469,906
2018-11-19T06:00:00+09:00,J2,566,506,1072
2018-11-19T06:00:00+09:00,J3,522,491,1013
2018-11-19T06:00:00+09:00,J4,599,558,1157
2018-11-19T06:00:00+09:00,J5,439,500,939
2018-11-19T06:15:00+09:00,J1,606,558,1164
2018-11-19T06:15:00+09:00,J2,510,453,963
2018-11-19T06:15:00+09:00,J3,382,336,718
2018-11-19T06:15:00+09:00,J4,695,726,1421
2018-11-19T06:15:00+09:00,J5,487,464,951
2018-11-19T06:30:00+09:00,J1,590,655,1245
2018-11-19T06:30:00+09:00,J2,444,411,855
2018-11-19T06:30:00+09:00,J3,389,372,761
2018-11-19T06:30:00+09:00,J4,644,718,1362
2018-11-19T06:30:00+09:00,J5,427,424,851
2018-11-19T06:45:00+09:00,J1,664,644,1308
2018-11-19T06:45:00+09:00,J2,562,448,1010
2018-11-19T06:45:00+09:00,J3,370,322,692
2018-11-19T06:45:00+09:00,J4,748,800,1548
2018-11-19T06:45:00+09:00,J5,440,450,890
2018-11-19T07:00:00+09:00,J1,684,763,1447
2018-11-19T07:00:00+09:00,J2,526,448,974
2018-11-19T07:00:00+09:00,J3,377,366,743
2018-11-19T07:00:00+09:00,J4,760,801,1561
2018-11-19T07:00:00+09:00,J5,496,378,874
2018-11-19T07:15:00+09:00,J1,832,798,1630
2018-11-19T07:15:00+09:00,J2,587,518,1105
2018-11-19T07:15:00+09:00,J3,401,312,713
2018-11-19T07:15:00+09:00,J4,824,947,1771
2018-11-19T07:15:00+09:00,J5,494,445,939
2018-11-19T07:30:00+09:00,J1,918,798,1716
2018-11-19T07:30:00+09:00,J2,588,483,1071
2018-11-19T07:30:00+09:00,J3,790,620,1410
2018-11-19T07:30:00+09:00,J4,921,990,1911
2018-11-19T07:30:00+09:00,J5,537,451,988
2018-11-19T07:45:00+09:00,J1,1054,957,2011
2018-11-19T07:45:00+09:00,J2,577,474,1051
2018-11-19T07:45:00+09:00,J3,724,645,1369
2018-11-19T07:45:00+09:00,J4,866,1064,1930
2018-11-19T07:45:00+09:00,J5,507,478,985
2018-11-19T08:00:00+09:00,J1,1297,1171,2468
2018-11-19T08:00:00+09:00,J2,685,525,1210
2018-11-19T08:00:00+09:00,J3,678,811,1489
2018-11-19T08:00:00+09:00,J4,937,1154,2091
2018-11-19T08:00:00+09:00,J5,572,545,1117
2018-11-19T08:15:00+09:00,J1,1296,1116,2412
2018-11-19T08:15:00+09:00,J2,922,603,1525
2018-11-19T08:15:00+09:00,J3,797,1019,1816
2018-11-19T08:15:00+09:00,J4,1013,1241,2254
2018-11-19T08:15:00+09:00,J5,548,557,1105
2018-11-19T08:30:00+09:00,J1,1332,1168,2500
2018-11-19T08:30:00+09:00,J2,977,587,1564
2018-11-19T08:30:00+09:00,J3,769,898,1667
2018-11-19T08:30:00+09:00,J4,1015,1158,2173
2018-11-19T08:30:00+09:00,J5,535,509,1044
2018-11-19T08:45:00+09:00,J1,1217,910,2127
2018-11-19T08:45:00+09:00,J2,878,597,1475
2018-11-19T08:45:00+09:00,J3,585,768,1353
2018-11-19T08:45:00+09:00,J4,1001,1089,2090
2018-11-19T08:45:00+09:00,J5,541,570,1111
2018-11-19T09:00:00+09:00,J1,1101,1002,2103
2018-11-19T09:00:00+09:00,J2,842,668,1510
2018-11-19T09:00:00+09:00,J3,597,675,1272
2018-11-19T09:00:00+09:00,J4,896,1081,1977
2018-11-19T09:00:00+09:00,J5,678,707,1385
2018-11-19T09:15:00+09:00,J1,1021,865,1886
2018-11-19T09:15:00+09:00,J2,866,739,1605
2018-11-19T09:15:00+09:00,J3,558,527,1085
2018-11-19T09:15:00+09:00,J4,872,1008,1880
2018-11-19T09:15:00+09:00,J5,585,607,1192
2018-11-19T09:30:00+09:00,J1,940,902,1842
2018-11-19T09:30:00+09:00,J2,863,718,1581
2018-11-19T09:30:00+09:00,J3,620,560,1180
2018-11-19T09:30:00+09:00,J4,939,935,1874
2018-11-19T09:30:00+09:00,J5,505,466,971
2018-11-19T09:45:00+09:00,J1,873,899,1772
2018-11-19T09:45:00+09:00,J2,821,690,1511
2018-11-19T09:45:00+09:00,J3,577,525,1102
2018-11-19T09:45:00+09:00,J4,844,894,1738
2018-11-19T09:45:00+09:00,J5,459,442,901
2018-11-19T10:00:00+09:00,J1,869,976,1845
2018-11-19T10:00:00+09:00,J2,850,700,1550
2018-11-19T10:00:00+09:00,J3,540,447,987
2018-11-19T10:00:00+09:00,J4,905,888,1793
2018-11-19T10:00:00+09:00,J5,463,474,937
2018-11-19T10:15:00+09:00,J1,907,982,1889
2018-11-19T10:15:00+09:00,J2,800,718,1518
2018-11-19T10:15:00+09:00,J3,585,495,1080
2018-11-19T10:15:00+09:00,J4,931,931,1862
2018-11-19T10:15:00+09:00,J5,445,498,943
2018-11-19T10:30:00+09:00,J1,890,1051,1941
2018-11-19T10:30:00+09:00,J2,866,687,1553
2018-11-19T10:30:00+09:00,J3,572,483,1055
2018-11-19T10:30:00+09:00,J4,904,961,1865
2018-11-19T10:30:00+09:00,J5,518,504,1022
2018-11-19T10:45:00+09:00,J1,880,1051,1931
2018-11-19T10:45:00+09:00,J2,811,693,1504
2018-11-19T10:45:00+09:00,J3,625,517,1142
2018-11-19T10:45:00+09:00,J4,898,1019,1917
2018-11-19T10:45:00+09:00,J5,468,439,907
2018-11-19T11:00:00+09:00,J1,862,1009,1871
2018-11-19T11:00:00+09:00,J2,805,697,1502
2018-11-19T11:00:00+09:00,J3,656,607,1263
2018-11-19T11:00:00+09:00,J4,883,1004,1887
2018-11-19T11:00:00+09:00,J5,504,452,956
2018-11-19T11:15:00+09:00,J1,1037,1194,2231
2018-11-19T11:15:00+09:00,J2,862,694,1556
2018-11-19T11:15:00+09:00,J3,744,611,1355
2018-11-19T11:15:00+09:00,J4,825,818,1643
2018-11-19T11:15:00+09:00,J5,513,551,1064
2018-11-19T11:30:00+09:00,J1,971,1077,2048
2018-11-19T11:30:00+09:00,J2,820,739,1559
2018-11-19T11:30:00+09:00,J3,629,552,1181
2018-11-19T11:30:00+09:00,J4,868,941,1809
2018-11-19T11:30:00+09:00,J5,522,591,1113
2018-11-19T11:45:00+09:00,J1,1039,1247,2286
2018-11-19T11:45:00+09:00,J2,810,674,1484
2018-11-19T11:45:00+09:00,J3,746,679,1425
2018-11-19T11:45:00+09:00,J4,820,804,1624
2018-11-19T11:45:00+09:00,J5,526,519,1045
2018-11-19T12:00:00+09:00,J1,1116,1300,2416
2018-11-19T12:00:00+09:00,J2,805,658,1463
2018-11-19T12:00:00+09:00,J3,719,691,1410
2018-11-19T12:00:00+09:00,J4,900,910,1810
2018-11-19T12:00:00+09:00,J5,553,591,1144
2018-11-19T12:15:00+09:00,J1,1076,1250,2326
2018-11-19T12:15:00+09:00,J2,818,699,1517
2018-11-19T12:15:00+09:00,J3,871,830,1701
2018-11-19T12:15:00+09:00,J4,898,993,1891
2018-11-19T12:15:00+09:00,J5,556,599,1155
2018-11-19T12:30:00+09:00,J1,1071,1164,2235
2018-11-19T12:30:00+09:00,J2,739,722,1461
2018-11-19T12:30:00+09:00,J3,921,820,1741
2018-11-19T12:30:00+09:00,J4,1001,985,1986
2018-11-19T12:30:00+09:00,J5,542,585,1127
2018-11-19T12:45:00+09:00,J1,1111,1253,2364
2018-11-19T12:45:00+09:00,J2,793,675,1468
2018-11-19T12:45:00+09:00,J3,846,820,1666
2018-11-19T12:45:00+09:00,J4,1003,1059,2062
2018-11-19T12:45:00+09:00,J5,571,628,1199
2018-11-19T13:00:00+09:00,J1,1112,1226,2338
2018-11-19T13:00:00+09:00,J2,773,672,1445
2018-11-19T13:00:00+09:00,J3,856,774,1630
2018-11-19T13:00:00+09:00,J4,957,1010,1967
2018-11-19T13:00:00+09:00,J5,586,567,1153
2018-11-19T13:15:00+09:00,J1,1044,1294,2338
2018-11-19T13:15:00+09:00,J2,776,730,1506
2018-11-19T13:15:00+09:00,J3,830,797,1627
2018-11-19T13:15:00+09:00,J4,989,1062,2051
2018-11-19T13:15:00+09:00,J5,546,588,1134
2018-11-19T13:30:00+09:00,J1,1052,1236,2288
2018-11-19T13:30:00+09:00,J2,755,721,1476
2018-11-19T13:30:00+09:00,J3,826,719,1545
2018-11-19T13:30:00+09:00,J4,1051,1080,2131
2018-11-19T13:30:00+09:00,J5,559,586,1145
2018-11-19T13:45:00+09:00,J1,948,1175,2123
2018-11-19T13:45:00+09:00,J2,700,719,1419
2018-11-19T13:45:00+09:00,J3,774,771,1545
2018-11-19T13:45:00+09:00,J4,1027,1054,2081
2018-11-19T13:45:00+09:00,J5,539,508,1047
2018-11-19T14:00:00+09:00,J1,1063,1129,2192
2018-11-19T14:00:00+09:00,J2,806,674,1480
2018-11-19T14:00:00+09:00,J3,795,687,1482
2018-11-19T14:00:00+09:00,J4,991,1070,2061
2018-11-19T14:00:00+09:00,J5,588,536,1124
2018-11-19T14:15:00+09:00,J1,963,1151,2114
2018-11-19T14:15:00+09:00,J2,736,716,1452
2018-11-19T14:15:00+09:00,J3,773,755,1528
2018-11-19T14:15:00+09:00,J4,1030,1066,2096
2018-11-19T14:15:00+09:00,J5,539,522,1061
2018-11-19T14:30:00+09:00,J1,1043,1238,2281
2018-11-19T14:30:00+09:00,J2,829,702,1531
2018-11-19T14:30:00+09:00,J3,816,778,1594
2018-11-19T14:30:00+09:00,J4,996,1013,2009
2018-11-19T14:30:00+09:00,J5,515,519,1034
2018-11-19T14:45:00+09:00,J1,1055,1222,2277
2018-11-19T14:45:00+09:00,J2,841,766,1607
2018-11-19T14:45:00+09:00,J3,776,711,1487
2018-11-19T14:45:00+09:00,J4,1028,1050,2078
2018-11-19T14:45:00+09:00,J5,570,525,1095
2018-11-19T15:00:00+09:00,J1,1137,1239,2376
2018-11-19T15:00:00+09:00,J2,855,765,1620
2018-11-19T15:00:00+09:00,J3,781,722,1503
2018-11-19T15:00:00+09:00,J4,1065,1042,2107
2018-11-19T15:00:00+09:00,J5,513,543,1056
2018-11-19T15:15:00+09:00,J1,1118,1333,2451
2018-11-19T15:15:00+09:00,J2,830,734,1564
2018-11-19T15:15:00+09:00,J3,808,819,1627
2018-11-19T15:15:00+09:00,J4,1059,1095,2154
2018-11-19T15:15:00+09:00,J5,537,503,1040
2018-11-19T15:30:00+09:00,J1,1155,1249,2404
2018-11-19T15:30:00+09:00,J2,849,701,1550
2018-11-19T15:30:00+09:00,J3,795,738,1533
2018-11-19T15:30:00+09:00,J4,1058,970,2028
2018-11-19T15:30:00+09:00,J5,565,522,1087
2018-11-19T15:45:00+09:00,J1,901,984,1885
2018-11-19T15:45:00+09:00,J2,721,576,1297
2018-11-19T15:45:00+09:00,J3,609,610,1219
2018-11-19T15:45:00+09:00,J4,790,857,1647
2018-11-19T15:45:00+09:00,J5,388,396,784
2018-11-19T16:00:00+09:00,J1,1403,1385,2788
2018-11-19T16:00:00+09:00,J2,1077,937,2014
2018-11-19T16:00:00+09:00,J3,950,847,1797
2018-11-19T16:00:00+09:00,J4,1197,1294,2491
2018-11-19T16:00:00+09:00,J5,643,667,1310
2018-11-19T16:15:00+09:00,J1,1091,1221,2312
2018-11-19T16:15:00+09:00,J2,967,744,1711
2018-11-19T16:15:00+09:00,J3,785,728,1513
2018-11-19T16:15:00+09:00,J4,1029,1016,2045
2018-11-19T16:15:00+09:00,J5,544,505,1049
2018-11-19T16:30:00+09:00,J1,1039,1202,2241
2018-11-19T16:30:00+09:00,J2,841,781,1622
2018-11-19T16:30:00+09:00,J3,825,781,1606
2018-11-19T16:30:00+09:00,J4,920,969,1889
2018-11-19T16:30:00+09:00,J5,523,517,1040
2018-11-19T16:45:00+09:00,J1,1002,1274,2276
2018-11-19T16:45:00+09:00,J2,862,766,1628
2018-11-19T16:45:00+09:00,J3,790,751,1541
2018-11-19T16:45:00+09:00,J4,896,931,1827
2018-11-19T16:45:00+09:00,J5,541,516,1057
2018-11-19T17:00:00+09:00,J1,1113,1227,2340
2018-11-19T17:00:00+09:00,J2,842,817,1659
2018-11-19T17:00:00+09:00,J3,864,683,1547
2018-11-19T17:00:00+09:00,J4,896,999,1895
2018-11-19T17:00:00+09:00,J5,528,552,1080
2018-11-19T17:15:00+09:00,J1,1158,1224,2382
2018-11-19T17:15:00+09:00,J2,989,852,1841
2018-11-19T17:15:00+09:00,J3,903,712,1615
2018-11-19T17:15:00+09:00,J4,887,910,1797
2018-11-19T17:15:00+09:00,J5,556,622,1178
2018-11-19T17:30:00+09:00,J1,1140,1345,2485
2018-11-19T17:30:00+09:00,J2,981,922,1903
2018-11-19T17:30:00+09:00,J3,965,858,1823
2018-11-19T17:30:00+09:00,J4,955,822,1777
2018-11-19T17:30:00+09:00,J5,587,667,1254
2018-11-19T17:45:00+09:00,J1,1175,1300,2475
2018-11-19T17:45:00+09:00,J2,1033,884,1917
2018-11-19T17:45:00+09:00,J3,1057,853,1910
2018-11-19T17:45:00+09:00,J4,812,733,1545
2018-11-19T17:45:00+09:00,J5,524,661,1185
2018-11-19T18:00:00+09:00,J1,1259,1393,2652
2018-11-19T18:00:00+09:00,J2,985,869,1854
2018-11-19T18:00:00+09:00,J3,1083,831,1914
2018-11-19T18:00:00+09:00,J4,911,804,1715
2018-11-19T18:00:00+09:00,J5,550,600,1150
2018-11-19T18:15:00+09:00,J1,1155,1442,2597
2018-11-19T18:15:00+09:00,J2,1002,895,1897
2018-11-19T18:15:00+09:00,J3,1068,889,1957
2018-11-19T18:15:00+09:00,J4,1004,871,1875
2018-11-19T18:15:00+09:00,J5,575,718,1293
2018-11-19T18:30:00+09:00,J1,1268,1429,2697
2018-11-19T18:30:00+09:00,J2,984,839,1823
2018-11-19T18:30:00+09:00,J3,1064,909,1973
2018-11-19T18:30:00+09:00,J4,1085,1005,2090
2018-11-19T18:30:00+09:00,J5,567,681,1248
2018-11-19T18:45:00+09:00,J1,1112,1322,2434
2018-11-19T18:45:00+09:00,J2,938,780,1718
2018-11-19T18:45:00+09:00,J3,921,884,1805
2018-11-19T18:45:00+09:00,J4,1093,929,2022
2018-11-19T18:45:00+09:00,J5,548,636,1184
2018-11-19T19:00:00+09:00,J1,982,1212,2194
2018-11-19T19:00:00+09:00,J2,663,688,1351
2018-11-19T19:00:00+09:00,J3,906,807,1713
2018-11-19T19:00:00+09:00,J4,1131,1021,2152
2018-11-19T19:00:00+09:00,J5,562,582,1144
2018-11-19T19:15:00+09:00,J1,1065,1145,2210
2018-11-19T19:15:00+09:00,J2,549,666,1215
2018-11-19T19:15:00+09:00,J3,911,876,1787
2018-11-19T19:15:00+09:00,J4,1020,913,1933
2018-11-19T19:15:00+09:00,J5,486,575,1061
2018-11-19T19:30:00+09:00,J1,983,1158,2141
2018-11-19T19:30:00+09:00,J2,515,539,1054
2018-11-19T19:30:00+09:00,J3,839,840,1679
2018-11-19T19:30:00+09:00,J4,1041,931,1972
2018-11-19T19:30:00+09:00,J5,463,514,977
2018-11-19T19:45:00+09:00,J1,1039,1123,2162
2018-11-19T19:45:00+09:00,J2,524,501,1025
2018-11-19T19:45:00+09:00,J3,831,827,1658
2018-11-19T19:45:00+09:00,J4,1032,965,1997
2018-11-19T19:45:00+09:00,J5,507,535,1042
2018-11-19T20:00:00+09:00,J1,944,1093,2037
2018-11-19T20:00:00+09:00,J2,483,533,1016
2018-11-19T20:00:00+09:00,J3,809,753,1562
2018-11-19T20:00:00+09:00,J4,1049,951,2000
2018-11-19T20:00:00+09:00,J5,485,528,1013
2018-11-19T20:15:00+09:00,J1,868,1083,1951
2018-11-19T20:15:00+09:00,J2,526,563,1089
2018-11-19T20:15:00+09:00,J3,832,858,1690
2018-11-19T20:15:00+09:00,J4,1021,895,1916
2018-11-19T20:15:00+09:00,J5,468,480,948
2018-11-19T20:30:00+09:00,J1,903,983,1886
2018-11-19T20:30:00+09:00,J2,715,665,1380
2018-11-19T20:30:00+09:00,J3,781,747,1528
2018-11-19T20:30:00+09:00,J4,855,802,1657
2018-11-19T20:30:00+09:00,J5,482,482,964
2018-11-19T20:45:00+09:00,J1,931,950,1881
2018-11-19T20:45:00+09:00,J2,639,676,1315
2018-11-19T20:45:00+09:00,J3,702,717,1419
2018-11-19T20:45:00+09:00,J4,927,876,1803
2018-11-19T20:45:00+09:00,J5,419,447,866
2018-11-19T21:00:00+09:00,J1,887,1046,1933
2018-11-19T21:00:00+09:00,J2,563,549,1112
2018-11-19T21:00:00+09:00,J3,706,705,1411
2018-11-19T21:00:00+09:00,J4,1010,974,1984
2018-11-19T21:00:00+09:00,J5,425,442,867
2018-11-19T21:15:00+09:00,J1,923,1059,1982
2018-11-19T21:15:00+09:00,J2,516,482,998
2018-11-19T21:15:00+09:00,J3,688,626,1314
2018-11-19T21:15:00+09:00,J4,1153,1022,2175
2018-11-19T21:15:00+09:00,J5,415,455,870
2018-11-19T21:30:00+09:00,J1,926,1021,1947
2018-11-19T21:30:00+09:00,J2,530,568,1098
2018-11-19T21:30:00+09:00,J3,636,588,1224
2018-11-19T21:30:00+09:00,J4,1051,998,2049
2018-11-19T21:30:00+09:00,J5,425,434,859
2018-11-19T21:45:00+09:00,J1,964,1104,2068
2018-11-19T21:45:00+09:00,J2,490,531,1021
2018-11-19T21:45:00+09:00,J3,613,610,1223
2018-11-19T21:45:00+09:00,J4,1112,1100,2212
2018-11-19T21:45:00+09:00,J5,450,488,938
2018-11-19T22:00:00+09:00,J1,980,1106,2086
2018-11-19T22:00:00+09:00,J2,568,559,1127
2018-11-19T22:00:00+09:00,J3,687,636,1323
2018-11-19T22:00:00+09:00,J4,906,1020,1926
2018-11-19T22:00:00+09:00,J5,467,418,885
2018-11-19T22:15:00+09:00,J1,956,1082,2038
2018-11-19T22:15:00+09:00,J2,578,569,1147
2018-11-19T22:15:00+09:00,J3,642,596,1238
2018-11-19T22:15:00+09:00,J4,990,992,1982
2018-11-19T22:15:00+09:00,J5,420,436,856
2018-11-19T22:30:00+09:00,J1,896,998,1894
2018-11-19T22:30:00+09:00,J2,674,550,1224
2018-11-19T22:30:00+09:00,J3,650,562,1212
2018-11-19T22:30:00+09:00,J4,895,933,1828
2018-11-19T22:30:00+09:00,J5,440,403,843
2018-11-19T22:45:00+09:00,J1,855,1002,1857
2018-11-19T22:45:00+09:00,J2,657,642,1299
2018-11-19T22:45:00+09:00,J3,663,613,1276
2018-11-19T22:45:00+09:00,J4,873,878,1751
2018-11-19T22:45:00+09:00,J5,491,452,943
2018-11-19T23:00:00+09:00,J1,806,911,1717
2018-11-19T23:00:00+09:00,J2,671,599,1270
2018-11-19T23:00:00+09:00,J3,722,659,1381
2018-11-19T23:00:00+09:00,J4,815,842,1657
2018-11-19T23:00:00+09:00,J5,584,539,1123
2018-11-19T23:15:00+09:00,J1,812,873,1685
2018-11-19T23:15:00+09:00,J2,695,613,1308
2018-11-19T23:15:00+09:00,J3,638,595,1233
2018-11-19T23:15:00+09:00,J4,896,890,1786
2018-11-19T23:15:00+09:00,J5,491,505,996
2018-11-19T23:30:00+09:00,J1,648,777,1425
2018-11-19T23:30:00+09:00,J2,618,653,1271
2018-11-19T23:30:00+09:00,J3,605,569,1174
2018-11-19T23:30:00+09:00,J4,745,796,1541
2018-11-19T23:30:00+09:00,J5,490,502,992
2018-11-19T23:45:00+09:00,J1,779,795,1574
2018-11-19T23:45:00+09:00,J2,655,595,1250
2018-11-19T23:45:00+09:00,J3,570,540,1110
2018-11-19T23:45:00+09:00,J4,642,701,1343
2018-11-19T23:45:00+09:00,J5,518,541,1059
2018-11-20T00:00:00+09:00,J1,601,614,1215
2018-11-20T00:00:00+09:00,J2,585,562,1147
2018-11-20T00:00:00+09:00,J3,520,479,999
2018-11-20T00:00:00+09:00,J4,664,722,1386
2018-11-20T00:00:00+09:00,J5,523,563,1086
2018-11-20T00:15:00+09:00,J1,389,421,810
2018-11-20T00:15:00+09:00,J2,540,523,1063
2018-11-20T00:15:00+09:00,J3,665,554,1219
2018-11-20T00:15:00+09:00,J4,528,564,1092
2018-11-20T00:15:00+09:00,J5,354,362,716
2018-11-20T00:30:00+09:00,J1,425,477,902
2018-11-20T00:30:00+09:00,J2,535,477,1012
2018-11-20T00:30:00+09:00,J3,682,558,1240
2018-11-20T00:30:00+09:00,J4,467,420,887
2018-11-20T00:30:00+09:00,J5,338,308,646
2018-11-20T00:45:00+09:00,J1,447,429,876
2018-11-20T00:45:00+09:00,J2,557,488,1045
2018-11-20T00:45:00+09:00,J3,645,537,1182
2018-11-20T00:45:00+09:00,J4,358,392,750
2018-11-20T00:45:00+09:00,J5,311,348,659
2018-11-20T05:45:00+09:00,J1,511,511,1022
2018-11-20T05:45:00+09:00,J2,596,503,1099
2018-11-20T05:45:00+09:00,J3,691,610,1301
2018-11-20T05:45:00+09:00,J4,427,462,889
2018-11-20T05:45:00+09:00,J5,350,376,726
2018-11-20T06:00:00+09:00,J1,530,531,1061
2018-11-20T06:00:00+09:00,J2,615,540,1155
2018-11-20T06:00:00+09:00,J3,735,627,1362
2018-11-20T06:00:00+09:00,J4,502,494,996
2018-11-20T06:00:00+09:00,J5,359,405,764
2018-11-20T06:15:00+09:00,J1,669,633,1302
2018-11-20T06:15:00+09:00,J2,606,549,1155
2018-11-20T06:15:00+09:00,J3,667,566,1233
2018-11-20T06:15:00+09:00,J4,662,713,1375
2018-11-20T06:15:00+09:00,J5,375,470,845
2018-11-20T06:30:00+09:00,J1,684,672,1356
2018-11-20T06:30:00+09:00,J2,642,574,1216
2018-11-20T06:30:00+09:00,J3,735,656,1391
2018-11-20T06:30:00+09:00,J4,628,633,1261
2018-11-20T06:30:00+09:00,J5,542,559,1101
2018-11-20T06:45:00+09:00,J1,594,665,1259
2018-11-20T06:45:00+09:00,J2,646,539,1185
2018-11-20T06:45:00+09:00,J3,717,613,1330
2018-11-20T06:45:00+09:00,J4,715,764,1479
2018-11-20T06:45:00+09:00,J5,537,516,1053
2018-11-20T07:00:00+09:00,J1,842,800,1642
2018-11-20T07:00:00+09:00,J2,611,517,1128
2018-11-20T07:00:00+09:00,J3,747,589,1336
2018-11-20T07:00:00+09:00,J4,726,805,1531
2018-11-20T07:00:00+09:00,J5,598,520,1118
2018-11-20T07:15:00+09:00,J1,798,742,1540
2018-11-20T07:15:00+09:00,J2,637,496,1133
2018-11-20T07:15:00+09:00,J3,637,570,1207
2018-11-20T07:15:00+09:00,J4,836,945,1781
2018-11-20T07:15:00+09:00,J5,559,525,1084
2018-11-20T07:30:00+09:00,J1,891,933,1824
2018-11-20T07:30:00+09:00,J2,568,493,1061
2018-11-20T07:30:00+09:00,J3,687,613,1300
2018-11-20T07:30:00+09:00,J4,807,920,1727
2018-11-20T07:30:00+09:00,J5,563,531,1094
2018-11-20T07:45:00+09:00,J1,934,883,1817
2018-11-20T07:45:00+09:00,J2,680,518,1198
2018-11-20T07:45:00+09:00,J3,687,717,1404
2018-11-20T07:45:00+09:00,J4,746,995,1741
2018-11-20T07:45:00+09:00,J5,629,558,1187
2018-11-20T08:00:00+09:00,J1,1235,1141,2376
2018-11-20T08:00:00+09:00,J2,706,467,1173
2018-11-20T08:00:00+09:00,J3,742,854,1596
2018-11-20T08:00:00+09:00,J4,985,1121,2106
2018-11-20T08:00:00+09:00,J5,800,689,1489
2018-11-20T08:15:00+09:00,J1,1321,1178,2499
2018-11-20T08:15:00+09:00,J2,972,554,1526
2018-11-20T08:15:00+09:00,J3,908,934,1842
2018-11-20T08:15:00+09:00,J4,986,1206,2192
2018-11-20T08:15:00+09:00,J5,689,700,1389
2018-11-20T08:30:00+09:00,J1,1306,1131,2437
2018-11-20T08:30:00+09:00,J2,1031,539,1570
2018-11-20T08:30:00+09:00,J3,884,1002,1886
2018-11-20T08:30:00+09:00,J4,1046,1266,2312
2018-11-20T08:30:00+09:00,J5,651,706,1357
2018-11-20T08:45:00+09:00,J1,1158,995,2153
2018-11-20T08:45:00+09:00,J2,856,621,1477
2018-11-20T08:45:00+09:00,J3,864,908,1772
2018-11-20T08:45:00+09:00,J4,987,1064,2051
2018-11-20T08:45:00+09:00,J5,601,718,1319
2018-11-20T09:00:00+09:00,J1,1025,1011,2036
2018-11-20T09:00:00+09:00,J2,767,592,1359
2018-11-20T09:00:00+09:00,J3,860,798,1658
2018-11-20T09:00:00+09:00,J4,947,998,1945
2018-11-20T09:00:00+09:00,J5,741,752,1493
2018-11-20T09:15:00+09:00,J1,987,893,1880
2018-11-20T09:15:00+09:00,J2,761,560,1321
2018-11-20T09:15:00+09:00,J3,823,787,1610
2018-11-20T09:15:00+09:00,J4,924,955,1879
2018-11-20T09:15:00+09:00,J5,731,665,1396
2018-11-20T09:30:00+09:00,J1,931,943,1874
2018-11-20T09:30:00+09:00,J2,730,554,1284
2018-11-20T09:30:00+09:00,J3,783,817,1600
2018-11-20T09:30:00+09:00,J4,976,982,1958
2018-11-20T09:30:00+09:00,J5,623,603,1226
2018-11-20T09:45:00+09:00,J1,1028,926,1954
2018-11-20T09:45:00+09:00,J2,737,546,1283
2018-11-20T09:45:00+09:00,J3,822,856,1678
2018-11-20T09:45:00+09:00,J4,949,950,1899
2018-11-20T09:45:00+09:00,J5,548,446,994
2018-11-20T10:00:00+09:00,J1,970,917,1887
2018-11-20T10:00:00+09:00,J2,613,569,1182
2018-11-20T10:00:00+09:00,J3,799,758,1557
2018-11-20T10:00:00+09:00,J4,846,847,1693
2018-11-20T10:00:00+09:00,J5,520,456,976
2018-11-20T10:15:00+09:00,J1,974,1038,2012
2018-11-20T10:15:00+09:00,J2,704,555,1259
2018-11-20T10:15:00+09:00,J3,802,740,1542
2018-11-20T10:15:00+09:00,J4,911,884,1795
2018-11-20T10:15:00+09:00,J5,484,462,946
2018-11-20T10:30:00+09:00,J1,1002,1033,2035
2018-11-20T10:30:00+09:00,J2,739,608,1347
2018-11-20T10:30:00+09:00,J3,758,805,1563
2018-11-20T10:30:00+09:00,J4,913,959,1872
2018-11-20T10:30:00+09:00,J5,441,434,875
2018-11-20T10:45:00+09:00,J1,1057,1014,2071
2018-11-20T10:45:00+09:00,J2,740,563,1303
2018-11-20T10:45:00+09:00,J3,786,733,1519
2018-11-20T10:45:00+09:00,J4,932,919,1851
2018-11-20T10:45:00+09:00,J5,497,433,930
2018-11-20T11:00:00+09:00,J1,972,902,1874
2018-11-20T11:00:00+09:00,J2,762,704,1466
2018-11-20T11:00:00+09:00,J3,661,690,1351
2018-11-20T11:00:00+09:00,J4,954,924,1878
2018-11-20T11:00:00+09:00,J5,455,477,932
2018-11-20T11:15:00+09:00,J1,1085,1134,2219
2018-11-20T11:15:00+09:00,J2,805,663,1468
2018-11-20T11:15:00+09:00,J3,623,666,1289
2018-11-20T11:15:00+09:00,J4,896,892,1788
2018-11-20T11:15:00+09:00,J5,488,502,990
2018-11-20T11:30:00+09:00,J1,1290,1202,2492
2018-11-20T11:30:00+09:00,J2,817,758,1575
2018-11-20T11:30:00+09:00,J3,756,862,1618
2018-11-20T11:30:00+09:00,J4,957,934,1891
2018-11-20T11:30:00+09:00,J5,532,514,1046
2018-11-20T11:45:00+09:00,J1,1289,1303,2592
2018-11-20T11:45:00+09:00,J2,801,707,1508
2018-11-20T11:45:00+09:00,J3,782,745,1527
2018-11-20T11:45:00+09:00,J4,958,967,1925
2018-11-20T11:45:00+09:00,J5,531,533,1064
2018-11-20T12:00:00+09:00,J1,1195,1333,2528
2018-11-20T12:00:00+09:00,J2,819,815,1634
2018-11-20T12:00:00+09:00,J3,915,824,1739
2018-11-20T12:00:00+09:00,J4,1114,1007,2121
2018-11-20T12:00:00+09:00,J5,656,673,1329
2018-11-20T12:15:00+09:00,J1,1154,1371,2525
2018-11-20T12:15:00+09:00,J2,848,865,1713
2018-11-20T12:15:00+09:00,J3,748,709,1457
2018-11-20T12:15:00+09:00,J4,1111,1061,2172
2018-11-20T12:15:00+09:00,J5,615,595,1210
2018-11-20T12:30:00+09:00,J1,1093,1197,2290
2018-11-20T12:30:00+09:00,J2,942,838,1780
2018-11-20T12:30:00+09:00,J3,746,728,1474
2018-11-20T12:30:00+09:00,J4,987,1057,2044
2018-11-20T12:30:00+09:00,J5,597,491,1088
2018-11-20T12:45:00+09:00,J1,1131,1242,2373
2018-11-20T12:45:00+09:00,J2,838,824,1662
2018-11-20T12:45:00+09:00,J3,753,680,1433
2018-11-20T12:45:00+09:00,J4,1086,1129,2215
2018-11-20T12:45:00+09:00,J5,638,548,1186
2018-11-20T13:00:00+09:00,J1,1263,1374,2637
2018-11-20T13:00:00+09:00,J2,857,757,1614
2018-11-20T13:00:00+09:00,J3,769,651,1420
2018-11-20T13:00:00+09:00,J4,952,924,1876
2018-11-20T13:00:00+09:00,J5,628,514,1142
2018-11-20T13:15:00+09:00,J1,1206,1322,2528
2018-11-20T13:15:00+09:00,J2,856,833,1689
2018-11-20T13:15:00+09:00,J3,800,673,1473
2018-11-20T13:15:00+09:00,J4,1079,1091,2170
2018-11-20T13:15:00+09:00,J5,707,663,1370
2018-11-20T13:30:00+09:00,J1,1263,1394,2657
2018-11-20T13:30:00+09:00,J2,813,771,1584
2018-11-20T13:30:00+09:00,J3,824,664,1488
2018-11-20T13:30:00+09:00,J4,1063,1012,2075
2018-11-20T13:30:00+09:00,J5,684,656,1340
2018-11-20T13:45:00+09:00,J1,1132,1326,2458
2018-11-20T13:45:00+09:00,J2,771,791,1562
2018-11-20T13:45:00+09:00,J3,855,795,1650
2018-11-20T13:45:00+09:00,J4,1078,993,2071
2018-11-20T13:45:00+09:00,J5,677,651,1328
2018-11-20T14:00:00+09:00,J1,1140,1261,2401
2018-11-20T14:00:00+09:00,J2,754,729,1483
2018-11-20T14:00:00+09:00,J3,828,801,1629
2018-11-20T14:00:00+09:00,J4,959,999,1958
2018-11-20T14:00:00+09:00,J5,678,639,1317
2018-11-20T14:15:00+09:00,J1,1119,1278,2397
2018-11-20T14:15:00+09:00,J2,774,728,1502
2018-11-20T14:15:00+09:00,J3,860,754,1614
2018-11-20T14:15:00+09:00,J4,1095,1055,2150
2018-11-20T14:15:00+09:00,J5,692,637,1329
2018-11-20T14:30:00+09:00,J1,1189,1330,2519
2018-11-20T14:30:00+09:00,J2,686,729,1415
2018-11-20T14:30:00+09:00,J3,765,659,1424
2018-11-20T14:30:00+09:00,J4,1008,1039,2047
2018-11-20T14:30:00+09:00,J5,643,605,1248
2018-11-20T14:45:00+09:00,J1,1068,1246,2314
2018-11-20T14:45:00+09:00,J2,732,748,1480
2018-11-20T14:45:00+09:00,J3,718,671,1389
2018-11-20T14:45:00+09:00,J4,995,1057,2052
2018-11-20T14:45:00+09:00,J5,690,605,1295
2018-11-20T15:00:00+09:00,J1,1124,1334,2458
2018-11-20T15:00:00+09:00,J2,707,787,1494
2018-11-20T15:00:00+09:00,J3,743,635,1378
2018-11-20T15:00:00+09:00,J4,980,1050,2030
2018-11-20T15:00:00+09:00,J5,617,630,1247
2018-11-20T15:15:00+09:00,J1,1248,1324,2572
2018-11-20T15:15:00+09:00,J2,784,791,1575
2018-11-20T15:15:00+09:00,J3,745,673,1418
2018-11-20T15:15:00+09:00,J4,1003,973,1976
2018-11-20T15:15:00+09:00,J5,634,629,1263
2018-11-20T15:30:00+09:00,J1,1185,1373,2558
2018-11-20T15:30:00+09:00,J2,791,776,1567
2018-11-20T15:30:00+09:00,J3,793,654,1447
2018-11-20T15:30:00+09:00,J4,958,1012,1970
2018-11-20T15:30:00+09:00,J5,672,643,1315
2018-11-20T15:45:00+09:00,J1,1098,1301,2399
2018-11-20T15:45:00+09:00,J2,713,774,1487
2018-11-20T15:45:00+09:00,J3,724,640,1364
2018-11-20T15:45:00+09:00,J4,1026,987,2013
2018-11-20T15:45:00+09:00,J5,662,646,1308
2018-11-20T16:00:00+09:00,J1,1131,1358,2489
2018-11-20T16:00:00+09:00,J2,683,735,1418
2018-11-20T16:00:00+09:00,J3,727,657,1384
2018-11-20T16:00:00+09:00,J4,958,966,1924
2018-11-20T16:00:00+09:00,J5,639,624,1263
2018-11-20T16:15:00+09:00,J1,1064,1206,2270
2018-11-20T16:15:00+09:00,J2,753,736,1489
2018-11-20T16:15:00+09:00,J3,802,706,1508
2018-11-20T16:15:00+09:00,J4,1014,1105,2119
2018-11-20T16:15:00+09:00,J5,675,637,1312
2018-11-20T16:30:00+09:00,J1,1065,1214,2279
2018-11-20T16:30:00+09:00,J2,723,703,1426
2018-11-20T16:30:00+09:00,J3,778,741,1519
2018-11-20T16:30:00+09:00,J4,1104,1115,2219
2018-11-20T16:30:00+09:00,J5,738,666,1404
2018-11-20T16:45:00+09:00,J1,1007,1203,2210
2018-11-20T16:45:00+09:00,J2,689,741,1430
2018-11-20T16:45:00+09:00,J3,969,762,1731
2018-11-20T16:45:00+09:00,J4,1075,1047,2122
2018-11-20T16:45:00+09:00,J5,669,663,1332
2018-11-20T17:00:00+09:00,J1,1149,1314,2463
2018-11-20T17:00:00+09:00,J2,708,767,1475
2018-11-20T17:00:00+09:00,J3,853,772,1625
2018-11-20T17:00:00+09:00,J4,920,871,1791
2018-11-20T17:00:00+09:00,J5,673,612,1285
2018-11-20T17:15:00+09:00,J1,1139,1363,2502
2018-11-20T17:15:00+09:00,J2,719,797,1516
2018-11-20T17:15:00+09:00,J3,964,781,1745
2018-11-20T17:15:00+09:00,J4,988,959,1947
2018-11-20T17:15:00+09:00,J5,645,656,1301
2018-11-20T17:30:00+09:00,J1,1136,1382,2518
2018-11-20T17:30:00+09:00,J2,822,848,1670
2018-11-20T17:30:00+09:00,J3,1053,858,1911
2018-11-20T17:30:00+09:00,J4,910,962,1872
2018-11-20T17:30:00+09:00,J5,724,652,1376
2018-11-20T17:45:00+09:00,J1,1175,1350,2525
2018-11-20T17:45:00+09:00,J2,839,799,1638
2018-11-20T17:45:00+09:00,J3,1112,870,1982
2018-11-20T17:45:00+09:00,J4,974,947,1921
2018-11-20T17:45:00+09:00,J5,621,643,1264
2018-11-20T18:00:00+09:00,J1,1192,1291,2483
2018-11-20T18:00:00+09:00,J2,779,808,1587
2018-11-20T18:00:00+09:00,J3,1220,905,2125
2018-11-20T18:00:00+09:00,J4,1029,940,1969
2018-11-20T18:00:00+09:00,J5,637,654,1291
2018-11-20T18:15:00+09:00,J1,1159,1339,2498
2018-11-20T18:15:00+09:00,J2,846,861,1707
2018-11-20T18:15:00+09:00,J3,1161,888,2049
2018-11-20T18:15:00+09:00,J4,1082,1005,2087
2018-11-20T18:15:00+09:00,J5,627,651,1278
2018-11-20T18:30:00+09:00,J1,1135,1292,2427
2018-11-20T18:30:00+09:00,J2,714,797,1511
2018-11-20T18:30:00+09:00,J3,1087,764,1851
2018-11-20T18:30:00+09:00,J4,1123,1032,2155
2018-11-20T18:30:00+09:00,J5,539,576,1115
2018-11-20T18:45:00+09:00,J1,1178,1249,2427
2018-11-20T18:45:00+09:00,J2,672,701,1373
2018-11-20T18:45:00+09:00,J3,952,786,1738
2018-11-20T18:45:00+09:00,J4,1202,1041,2243
2018-11-20T18:45:00+09:00,J5,497,556,1053
2018-11-20T19:00:00+09:00,J1,1066,1259,2325
2018-11-20T19:00:00+09:00,J2,895,670,1565
2018-11-20T19:00:00+09:00,J3,969,730,1699
2018-11-20T19:00:00+09:00,J4,1105,1079,2184
2018-11-20T19:00:00+09:00,J5,541,500,1041
2018-11-20T19:15:00+09:00,J1,1114,1147,2261
2018-11-20T19:15:00+09:00,J2,823,706,1529
2018-11-20T19:15:00+09:00,J3,981,826,1807
2018-11-20T19:15:00+09:00,J4,1073,1048,2121
2018-11-20T19:15:00+09:00,J5,484,557,1041
2018-11-20T19:30:00+09:00,J1,1011,1147,2158
2018-11-20T19:30:00+09:00,J2,717,646,1363
2018-11-20T19:30:00+09:00,J3,1024,802,1826
2018-11-20T19:30:00+09:00,J4,1015,1002,2017
2018-11-20T19:30:00+09:00,J5,487,484,971
2018-11-20T19:45:00+09:00,J1,1045,1201,2246
2018-11-20T19:45:00+09:00,J2,650,563,1213
2018-11-20T19:45:00+09:00,J3,897,831,1728
2018-11-20T19:45:00+09:00,J4,1059,1040,2099
2018-11-20T19:45:00+09:00,J5,491,542,1033
2018-11-20T20:00:00+09:00,J1,1056,1115,2171
2018-11-20T20:00:00+09:00,J2,635,621,1256
2018-11-20T20:00:00+09:00,J3,915,837,1752
2018-11-20T20:00:00+09:00,J4,1168,1184,2352
2018-11-20T20:00:00+09:00,J5,493,507,1000
2018-11-20T20:15:00+09:00,J1,1055,1097,2152
2018-11-20T20:15:00+09:00,J2,706,608,1314
2018-11-20T20:15:00+09:00,J3,904,788,1692
2018-11-20T20:15:00+09:00,J4,959,974,1933
2018-11-20T20:15:00+09:00,J5,542,556,1098
2018-11-20T20:30:00+09:00,J1,1021,1117,2138
2018-11-20T20:30:00+09:00,J2,680,692,1372
2018-11-20T20:30:00+09:00,J3,911,760,1671
2018-11-20T20:30:00+09:00,J4,969,940,1909
2018-11-20T20:30:00+09:00,J5,455,532,987
2018-11-20T20:45:00+09:00,J1,1043,1183,2226
2018-11-20T20:45:00+09:00,J2,715,585,1300
2018-11-20T20:45:00+09:00,J3,870,765,1635
2018-11-20T20:45:00+09:00,J4,983,999,1982
2018-11-20T20:45:00+09:00,J5,468,448,916
2018-11-20T21:00:00+09:00,J1,1042,1102,2144
2018-11-20T21:00:00+09:00,J2,704,659,1363
2018-11-20T21:00:00+09:00,J3,821,693,1514
2018-11-20T21:00:00+09:00,J4,969,990,1959
2018-11-20T21:00:00+09:00,J5,506,429,935
2018-11-20T21:15:00+09:00,J1,1000,1178,2178
2018-11-20T21:15:00+09:00,J2,709,559,1268
2018-11-20T21:15:00+09:00,J3,713,718,1431
2018-11-20T21:15:00+09:00,J4,1022,1053,2075
2018-11-20T21:15:00+09:00,J5,499,522,1021
2018-11-20T21:30:00+09:00,J1,993,1124,2117
2018-11-20T21:30:00+09:00,J2,660,592,1252
2018-11-20T21:30:00+09:00,J3,753,675,1428
2018-11-20T21:30:00+09:00,J4,1118,1101,2219
2018-11-20T21:30:00+09:00,J5,461,475,936
2018-11-20T21:45:00+09:00,J1,985,1058,2043
2018-11-20T21:45:00+09:00,J2,657,573,1230
2018-11-20T21:45:00+09:00,J3,661,653,1314
2018-11-20T21:45:00+09:00,J4,1101,1168,2269
2018-11-20T21:45:00+09:00,J5,534,494,1028
2018-11-20T22:00:00+09:00,J1,1012,1086,2098
2018-11-20T22:00:00+09:00,J2,594,512,1106
2018-11-20T22:00:00+09:00,J3,662,628,1290
2018-11-20T22:00:00+09:00,J4,1088,1022,2110
2018-11-20T22:00:00+09:00,J5,503,477,980
2018-11-20T22:15:00+09:00,J1,927,1013,1940
2018-11-20T22:15:00+09:00,J2,600,535,1135
2018-11-20T22:15:00+09:00,J3,664,628,1292
2018-11-20T22:15:00+09:00,J4,1046,1093,2139
2018-11-20T22:15:00+09:00,J5,553,434,987
2018-11-20T22:30:00+09:00,J1,955,1014,1969
2018-11-20T22:30:00+09:00,J2,598,555,1153
2018-11-20T22:30:00+09:00,J3,733,644,1377
2018-11-20T22:30:00+09:00,J4,1048,1089,2137
2018-11-20T22:30:00+09:00,J5,563,494,1057
2018-11-20T22:45:00+09:00,J1,964,941,1905
2018-11-20T22:45:00+09:00,J2,621,526,1147
2018-11-20T22:45:00+09:00,J3,710,617,1327
2018-11-20T22:45:00+09:00,J4,1037,980,2017
2018-11-20T22:45:00+09:00,J5,515,538,1053
2018-11-20T23:00:00+09:00,J1,907,887,1794
2018-11-20T23:00:00+09:00,J2,511,446,957
2018-11-20T23:00:00+09:00,J3,698,663,1361
2018-11-20T23:00:00+09:00,J4,989,1035,2024
2018-11-20T23:00:00+09:00,J5,473,529,1002
2018-11-20T23:15:00+09:00,J1,941,948,1889
2018-11-20T23:15:00+09:00,J2,584,490,1074
2018-11-20T23:15:00+09:00,J3,662,639,1301
2018-11-20T23:15:00+09:00,J4,1015,934,1949
2018-11-20T23:15:00+09:00,J5,462,535,997
2018-11-20T23:30:00+09:00,J1,714,777,1491
2018-11-20T23:30:00+09:00,J2,515,498,1013
2018-11-20T23:30:00+09:00,J3,655,589,1244
2018-11-20T23:30:00+09:00,J4,988,928,1916
2018-11-20T23:30:00+09:00,J5,422,488,910
2018-11-20T23:45:00+09:00,J1,802,834,1636
2018-11-20T23:45:00+09:00,J2,649,544,1193
2018-11-20T23:45:00+09:00,J3,637,530,1167
2018-11-20T23:45:00+09:00,J4,939,909,1848
2018-11-20T23:45:00+09:00,J5,384,408,792
2018-11-21T00:00:00+09:00,J1,541,587,1128
2018-11-21T00:00:00+09:00,J2,440,396,836
2018-11-21T00:00:00+09:00,J3,639,549,1188
2018-11-21T00:00:00+09:00,J4,959,865,1824
2018-11-21T00:00:00+09:00,J5,380,463,843
2018-11-21T00:15:00+09:00,J1,393,392,785
2018-11-21T00:15:00+09:00,J2,457,422,879
2018-11-21T00:15:00+09:00,J3,618,501,1119
2018-11-21T00:15:00+09:00,J4,746,684,1430
2018-11-21T00:15:00+09:00,J5,389,389,778
2018-11-21T00:30:00+09:00,J1,372,320,692
2018-11-21T00:30:00+09:00,J2,439,364,803
2018-11-21T00:30:00+09:00,J3,553,533,1086
2018-11-21T00:30:00+09:00,J4,459,537,996
2018-11-21T00:30:00+09:00,J5,415,387,802
2018-11-21T00:45:00+09:00,J1,353,419,772
2018-11-21T00:45:00+09:00,J2,477,443,920
2018-11-21T00:45:00+09:00,J3,550,496,1046
2018-11-21T00:45:00+09:00,J4,446,522,968
2018-11-21T00:45:00+09:00,J5,412,374,786
2018-11-21T05:45:00+09:00,J1,664,676,1340
2018-11-21T05:45:00+09:00,J2,375,346,721
2018-11-21T05:45:00+09:00,J3,450,420,870
2018-11-21T05:45:00+09:00,J4,623,668,1291
2018-11-21T05:45:00+09:00,J5,343,350,693
2018-11-21T06:00:00+09:00,J1,707,632,1339
2018-11-21T06:00:00+09:00,J2,437,438,875
2018-11-21T06:00:00+09:00,J3,620,557,1177
2018-11-21T06:00:00+09:00,J4,640,721,1361
2018-11-21T06:00:00+09:00,J5,376,359,735
2018-11-21T06:15:00+09:00,J1,797,792,1589
2018-11-21T06:15:00+09:00,J2,529,494,1023
2018-11-21T06:15:00+09:00,J3,684,685,1369
2018-11-21T06:15:00+09:00,J4,774,841,1615
2018-11-21T06:15:00+09:00,J5,362,391,753
2018-11-21T06:30:00+09:00,J1,824,805,1629
2018-11-21T06:30:00+09:00,J2,551,474,1025
2018-11-21T06:30:00+09:00,J3,718,643,1361
2018-11-21T06:30:00+09:00,J4,914,946,1860
2018-11-21T06:30:00+09:00,J5,477,526,1003
2018-11-21T06:45:00+09:00,J1,798,824,1622
2018-11-21T06:45:00+09:00,J2,500,432,932
2018-11-21T06:45:00+09:00,J3,713,611,1324
2018-11-21T06:45:00+09:00,J4,995,950,1945
2018-11-21T06:45:00+09:00,J5,511,560,1071
2018-11-21T07:00:00+09:00,J1,887,936,1823
2018-11-21T07:00:00+09:00,J2,513,473,986
2018-11-21T07:00:00+09:00,J3,705,677,1382
2018-11-21T07:00:00+09:00,J4,1119,1112,2231
2018-11-21T07:00:00+09:00,J5,618,630,1248
2018-11-21T07:15:00+09:00,J1,1008,1054,2062
2018-11-21T07:15:00+09:00,J2,501,435,936
2018-11-21T07:15:00+09:00,J3,793,722,1515
2018-11-21T07:15:00+09:00,J4,1134,1118,2252
2018-11-21T07:15:00+09:00,J5,713,671,1384
2018-11-21T07:30:00+09:00,J1,1137,1034,2171
2018-11-21T07:30:00+09:00,J2,675,564,1239
2018-11-21T07:30:00+09:00,J3,662,650,1312
2018-11-21T07:30:00+09:00,J4,1100,1172,2272
2018-11-21T07:30:00+09:00,J5,616,574,1190
2018-11-21T07:45:00+09:00,J1,1215,1216,2431
2018-11-21T07:45:00+09:00,J2,872,664,1536
2018-11-21T07:45:00+09:00,J3,767,780,1547
2018-11-21T07:45:00+09:00,J4,1205,1359,2564
2018-11-21T07:45:00+09:00,J5,631,590,1221
2018-11-21T08:00:00+09:00,J1,1412,1343,2755
2018-11-21T08:00:00+09:00,J2,1049,717,1766
2018-11-21T08:00:00+09:00,J3,944,970,1914
2018-11-21T08:00:00+09:00,J4,1236,1399,2635
2018-11-21T08:00:00+09:00,J5,680,700,1380
2018-11-21T08:15:00+09:00,J1,1425,1337,2762
2018-11-21T08:15:00+09:00,J2,1112,717,1829
2018-11-21T08:15:00+09:00,J3,950,1118,2068
2018-11-21T08:15:00+09:00,J4,1246,1353,2599
2018-11-21T08:15:00+09:00,J5,648,601,1249
2018-11-21T08:30:00+09:00,J1,1526,1232,2758
2018-11-21T08:30:00+09:00,J2,1190,715,1905
2018-11-21T08:30:00+09:00,J3,865,1090,1955
2018-11-21T08:30:00+09:00,J4,1297,1324,2621
2018-11-21T08:30:00+09:00,J5,646,680,1326
2018-11-21T08:45:00+09:00,J1,1463,1097,2560
2018-11-21T08:45:00+09:00,J2,893,692,1585
2018-11-21T08:45:00+09:00,J3,873,991,1864
2018-11-21T08:45:00+09:00,J4,1172,1353,2525
2018-11-21T08:45:00+09:00,J5,504,581,1085
2018-11-21T09:00:00+09:00,J1,1210,1202,2412
2018-11-21T09:00:00+09:00,J2,788,598,1386
2018-11-21T09:00:00+09:00,J3,839,850,1689
2018-11-21T09:00:00+09:00,J4,1039,1109,2148
2018-11-21T09:00:00+09:00,J5,604,646,1250
2018-11-21T09:15:00+09:00,J1,1124,1083,2207
2018-11-21T09:15:00+09:00,J2,621,437,1058
2018-11-21T09:15:00+09:00,J3,823,890,1713
2018-11-21T09:15:00+09:00,J4,976,1082,2058
2018-11-21T09:15:00+09:00,J5,673,715,1388
2018-11-21T09:30:00+09:00,J1,1131,1172,2303
2018-11-21T09:30:00+09:00,J2,555,406,961
2018-11-21T09:30:00+09:00,J3,842,864,1706
2018-11-21T09:30:00+09:00,J4,941,1091,2032
2018-11-21T09:30:00+09:00,J5,658,694,1352
2018-11-21T09:45:00+09:00,J1,1096,1095,2191
2018-11-21T09:45:00+09:00,J2,510,441,951
2018-11-21T09:45:00+09:00,J3,780,787,1567
2018-11-21T09:45:00+09:00,J4,1018,1151,2169
2018-11-21T09:45:00+09:00,J5,623,633,1256
2018-11-21T10:00:00+09:00,J1,1137,1191,2328
2018-11-21T10:00:00+09:00,J2,487,433,920
2018-11-21T10:00:00+09:00,J3,751,676,1427
2018-11-21T10:00:00+09:00,J4,942,1019,1961
2018-11-21T10:00:00+09:00,J5,620,641,1261
2018-11-21T10:15:00+09:00,J1,1134,1290,2424
2018-11-21T10:15:00+09:00,J2,533,458,991
2018-11-21T10:15:00+09:00,J3,756,745,1501
2018-11-21T10:15:00+09:00,J4,934,1013,1947
2018-11-21T10:15:00+09:00,J5,640,631,1271
2018-11-21T10:30:00+09:00,J1,1113,1245,2358
2018-11-21T10:30:00+09:00,J2,542,530,1072
2018-11-21T10:30:00+09:00,J3,826,867,1693
2018-11-21T10:30:00+09:00,J4,1011,1065,2076
2018-11-21T10:30:00+09:00,J5,614,588,1202
2018-11-21T10:45:00+09:00,J1,1138,1242,2380
2018-11-21T10:45:00+09:00,J2,577,571,1148
2018-11-21T10:45:00+09:00,J3,860,844,1704
2018-11-21T10:45:00+09:00,J4,895,911,1806
2018-11-21T10:45:00+09:00,J5,569,550,1119
2018-11-21T11:00:00+09:00,J1,1160,1261,2421
2018-11-21T11:00:00+09:00,J2,749,669,1418
2018-11-21T11:00:00+09:00,J3,898,825,1723
2018-11-21T11:00:00+09:00,J4,959,1029,1988
2018-11-21T11:00:00+09:00,J5,545,544,1089
2018-11-21T11:15:00+09:00,J1,1257,1324,2581
2018-11-21T11:15:00+09:00,J2,744,733,1477
2018-11-21T11:15:00+09:00,J3,854,847,1701
2018-11-21T11:15:00+09:00,J4,954,966,1920
2018-11-21T11:15:00+09:00,J5,535,553,1088
2018-11-21T11:30:00+09:00,J1,1130,1245,2375
2018-11-21T11:30:00+09:00,J2,675,611,1286
2018-11-21T11:30:00+09:00,J3,717,737,1454
2018-11-21T11:30:00+09:00,J4,1021,1076,2097
2018-11-21T11:30:00+09:00,J5,479,433,912
2018-11-21T11:45:00+09:00,J1,1239,1344,2583
2018-11-21T11:45:00+09:00,J2,640,620,1260
2018-11-21T11:45:00+09:00,J3,711,607,1318
2018-11-21T11:45:00+09:00,J4,989,996,1985
2018-11-21T11:45:00+09:00,J5,477,455,932
2018-11-21T12:00:00+09:00,J1,1205,1347,2552
2018-11-21T12:00:00+09:00,J2,607,568,1175
2018-11-21T12:00:00+09:00,J3,755,726,1481
2018-11-21T12:00:00+09:00,J4,955,1170,2125
2018-11-21T12:00:00+09:00,J5,438,484,922
2018-11-21T12:15:00+09:00,J1,1162,1434,2596
2018-11-21T12:15:00+09:00,J2,612,585,1197
2018-11-21T12:15:00+09:00,J3,848,655,1503
2018-11-21T12:15:00+09:00,J4,1078,1098,2176
2018-11-21T12:15:00+09:00,J5,498,574,1072
2018-11-21T12:30:00+09:00,J1,1225,1361,2586
2018-11-21T12:30:00+09:00,J2,656,614,1270
2018-11-21T12:30:00+09:00,J3,835,795,1630
2018-11-21T12:30:00+09:00,J4,1170,1167,2337
2018-11-21T12:30:00+09:00,J5,527,581,1108
2018-11-21T12:45:00+09:00,J1,1253,1411,2664
2018-11-21T12:45:00+09:00,J2,655,635,1290
2018-11-21T12:45:00+09:00,J3,832,938,1770
2018-11-21T12:45:00+09:00,J4,1131,1141,2272
2018-11-21T12:45:00+09:00,J5,523,554,1077
2018-11-21T13:00:00+09:00,J1,1158,1317,2475
2018-11-21T13:00:00+09:00,J2,578,617,1195
2018-11-21T13:00:00+09:00,J3,826,737,1563
2018-11-21T13:00:00+09:00,J4,1166,1163,2329
2018-11-21T13:00:00+09:00,J5,486,570,1056
2018-11-21T13:15:00+09:00,J1,1118,1390,2508
2018-11-21T13:15:00+09:00,J2,630,585,1215
2018-11-21T13:15:00+09:00,J3,845,790,1635
2018-11-21T13:15:00+09:00,J4,1128,1033,2161
2018-11-21T13:15:00+09:00,J5,537,520,1057
2018-11-21T13:30:00+09:00,J1,1186,1364,2550
2018-11-21T13:30:00+09:00,J2,635,589,1224
2018-11-21T13:30:00+09:00,J3,817,868,1685
2018-11-21T13:30:00+09:00,J4,1151,1131,2282
2018-11-21T13:30:00+09:00,J5,567,523,1090
2018-11-21T13:45:00+09:00,J1,1160,1382,2542
2018-11-21T13:45:00+09:00,J2,601,556,1157
2018-11-21T13:45:00+09:00,J3,868,851,1719
2018-11-21T13:45:00+09:00,J4,1165,1213,2378
2018-11-21T13:45:00+09:00,J5,566,577,1143
2018-11-21T14:00:00+09:00,J1,1221,1428,2649
2018-11-21T14:00:00+09:00,J2,621,613,1234
2018-11-21T14:00:00+09:00,J3,860,806,1666
2018-11-21T14:00:00+09:00,J4,1189,1117,2306
2018-11-21T14:00:00+09:00,J5,532,512,1044
2018-11-21T14:15:00+09:00,J1,1188,1313,2501
2018-11-21T14:15:00+09:00,J2,633,620,1253
2018-11-21T14:15:00+09:00,J3,749,881,1630
2018-11-21T14:15:00+09:00,J4,1189,1128,2317
2018-11-21T14:15:00+09:00,J5,547,503,1050
2018-11-21T14:30:00+09:00,J1,1155,1413,2568
2018-11-21T14:30:00+09:00,J2,615,604,1219
2018-11-21T14:30:00+09:00,J3,823,834,1657
2018-11-21T14:30:00+09:00,J4,1176,1167,2343
2018-11-21T14:30:00+09:00,J5,576,548,1124
2018-11-21T14:45:00+09:00,J1,1139,1368,2507
2018-11-21T14:45:00+09:00,J2,542,554,1096
2018-11-21T14:45:00+09:00,J3,779,793,1572
2018-11-21T14:45:00+09:00,J4,1105,1072,2177
2018-11-21T14:45:00+09:00,J5,570,546,1116
2018-11-21T15:00:00+09:00,J1,1163,1286,2449
2018-11-21T15:00:00+09:00,J2,689,693,1382
2018-11-21T15:00:00+09:00,J3,776,751,1527
2018-11-21T15:00:00+09:00,J4,1168,1230,2398
2018-11-21T15:00:00+09:00,J5,666,638,1304
2018-11-21T15:15:00+09:00,J1,1169,1379,2548
2018-11-21T15:15:00+09:00,J2,894,832,1726
2018-11-21T15:15:00+09:00,J3,836,732,1568
2018-11-21T15:15:00+09:00,J4,1187,1158,2345
2018-11-21T15:15:00+09:00,J5,645,679,1324
2018-11-21T15:30:00+09:00,J1,1174,1368,2542
2018-11-21T15:30:00+09:00,J2,866,839,1705
2018-11-21T15:30:00+09:00,J3,865,767,1632
2018-11-21T15:30:00+09:00,J4,1125,1060,2185
2018-11-21T15:30:00+09:00,J5,684,584,1268
2018-11-21T15:45:00+09:00,J1,1143,1296,2439
2018-11-21T15:45:00+09:00,J2,812,806,1618
2018-11-21T15:45:00+09:00,J3,867,755,1622
2018-11-21T15:45:00+09:00,J4,1055,1015,2070
2018-11-21T15:45:00+09:00,J5,685,629,1314
2018-11-21T16:00:00+09:00,J1,1118,1314,2432
2018-11-21T16:00:00+09:00,J2,753,793,1546
2018-11-21T16:00:00+09:00,J3,932,777,1709
2018-11-21T16:00:00+09:00,J4,1002,1018,2020
2018-11-21T16:00:00+09:00,J5,667,663,1330
2018-11-21T16:15:00+09:00,J1,1093,1245,2338
2018-11-21T16:15:00+09:00,J2,758,768,1526
2018-11-21T16:15:00+09:00,J3,987,898,1885
2018-11-21T16:15:00+09:00,J4,958,1105,2063
2018-11-21T16:15:00+09:00,J5,665,674,1339
2018-11-21T16:30:00+09:00,J1,1123,1347,2470
2018-11-21T16:30:00+09:00,J2,687,728,1415
2018-11-21T16:30:00+09:00,J3,1071,892,1963
2018-11-21T16:30:00+09:00,J4,1023,1071,2094
2018-11-21T16:30:00+09:00,J5,701,718,1419
2018-11-21T16:45:00+09:00,J1,1042,1324,2366
2018-11-21T16:45:00+09:00,J2,747,726,1473
2018-11-21T16:45:00+09:00,J3,1080,883,1963
2018-11-21T16:45:00+09:00,J4,926,907,1833
2018-11-21T16:45:00+09:00,J5,604,709,1313
2018-11-21T17:00:00+09:00,J1,1098,1371,2469
2018-11-21T17:00:00+09:00,J2,695,734,1429
2018-11-21T17:00:00+09:00,J3,1064,916,1980
2018-11-21T17:00:00+09:00,J4,931,924,1855
2018-11-21T17:00:00+09:00,J5,743,685,1428
2018-11-21T17:15:00+09:00,J1,1126,1281,2407
2018-11-21T17:15:00+09:00,J2,747,777,1524
2018-11-21T17:15:00+09:00,J3,1051,982,2033
2018-11-21T17:15:00+09:00,J4,807,907,1714
2018-11-21T17:15:00+09:00,J5,685,640,1325
2018-11-21T17:30:00+09:00,J1,1130,1320,2450
2018-11-21T17:30:00+09:00,J2,855,853,1708
2018-11-21T17:30:00+09:00,J3,1094,963,2057
2018-11-21T17:30:00+09:00,J4,868,931,1799
2018-11-21T17:30:00+09:00,J5,681,698,1379
2018-11-21T17:45:00+09:00,J1,1159,1338,2497
2018-11-21T17:45:00+09:00,J2,871,799,1670
2018-11-21T17:45:00+09:00,J3,1055,972,2027
2018-11-21T17:45:00+09:00,J4,985,953,1938
2018-11-21T17:45:00+09:00,J5,629,685,1314
2018-11-21T18:00:00+09:00,J1,1186,1376,2562
2018-11-21T18:00:00+09:00,J2,856,896,1752
2018-11-21T18:00:00+09:00,J3,1181,911,2092
2018-11-21T18:00:00+09:00,J4,1052,956,2008
2018-11-21T18:00:00+09:00,J5,651,666,1317
2018-11-21T18:15:00+09:00,J1,1160,1397,2557
2018-11-21T18:15:00+09:00,J2,922,885,1807
2018-11-21T18:15:00+09:00,J3,1260,992,2252
2018-11-21T18:15:00+09:00,J4,1108,1005,2113
2018-11-21T18:15:00+09:00,J5,577,656,1233
2018-11-21T18:30:00+09:00,J1,1191,1257,2448
2018-11-21T18:30:00+09:00,J2,776,806,1582
2018-11-21T18:30:00+09:00,J3,1153,822,1975
2018-11-21T18:30:00+09:00,J4,1174,1040,2214
2018-11-21T18:30:00+09:00,J5,529,545,1074
2018-11-21T18:45:00+09:00,J1,1110,1213,2323
2018-11-21T18:45:00+09:00,J2,657,711,1368
2018-11-21T18:45:00+09:00,J3,1036,733,1769
2018-11-21T18:45:00+09:00,J4,1125,1014,2139
2018-11-21T18:45:00+09:00,J5,529,552,1081
2018-11-21T19:00:00+09:00,J1,1011,1164,2175
2018-11-21T19:00:00+09:00,J2,835,622,1457
2018-11-21T19:00:00+09:00,J3,1088,800,1888
2018-11-21T19:00:00+09:00,J4,1109,992,2101
2018-11-21T19:00:00+09:00,J5,491,558,1049
2018-11-21T19:15:00+09:00,J1,1073,1190,2263
2018-11-21T19:15:00+09:00,J2,893,694,1587
2018-11-21T19:15:00+09:00,J3,998,794,1792
2018-11-21T19:15:00+09:00,J4,1059,1013,2072
2018-11-21T19:15:00+09:00,J5,531,532,1063
2018-11-21T19:30:00+09:00,J1,1002,1136,2138
2018-11-21T19:30:00+09:00,J2,715,618,1333
2018-11-21T19:30:00+09:00,J3,959,749,1708
2018-11-21T19:30:00+09:00,J4,1004,950,1954
2018-11-21T19:30:00+09:00,J5,546,578,1124
2018-11-21T19:45:00+09:00,J1,1096,1146,2242
2018-11-21T19:45:00+09:00,J2,739,636,1375
2018-11-21T19:45:00+09:00,J3,887,810,1697
2018-11-21T19:45:00+09:00,J4,1070,988,2058
2018-11-21T19:45:00+09:00,J5,560,542,1102
2018-11-21T20:00:00+09:00,J1,981,1163,2144
2018-11-21T20:00:00+09:00,J2,738,604,1342
2018-11-21T20:00:00+09:00,J3,900,826,1726
2018-11-21T20:00:00+09:00,J4,1120,1146,2266
2018-11-21T20:00:00+09:00,J5,525,516,1041
2018-11-21T20:15:00+09:00,J1,1012,1089,2101
2018-11-21T20:15:00+09:00,J2,714,572,1286
2018-11-21T20:15:00+09:00,J3,974,792,1766
2018-11-21T20:15:00+09:00,J4,1101,1096,2197
2018-11-21T20:15:00+09:00,J5,598,545,1143
2018-11-21T20:30:00+09:00,J1,1049,1199,2248
2018-11-21T20:30:00+09:00,J2,740,620,1360
2018-11-21T20:30:00+09:00,J3,871,733,1604
2018-11-21T20:30:00+09:00,J4,1023,1023,2046
2018-11-21T20:30:00+09:00,J5,549,521,1070
2018-11-21T20:45:00+09:00,J1,1067,1197,2264
2018-11-21T20:45:00+09:00,J2,714,626,1340
2018-11-21T20:45:00+09:00,J3,872,739,1611
2018-11-21T20:45:00+09:00,J4,1117,1071,2188
2018-11-21T20:45:00+09:00,J5,562,544,1106
2018-11-21T21:00:00+09:00,J1,1037,1174,2211
2018-11-21T21:00:00+09:00,J2,678,615,1293
2018-11-21T21:00:00+09:00,J3,851,648,1499
2018-11-21T21:00:00+09:00,J4,1173,1132,2305
2018-11-21T21:00:00+09:00,J5,603,490,1093
2018-11-21T21:15:00+09:00,J1,985,1072,2057
2018-11-21T21:15:00+09:00,J2,719,562,1281
2018-11-21T21:15:00+09:00,J3,765,645,1410
2018-11-21T21:15:00+09:00,J4,1186,1185,2371
2018-11-21T21:15:00+09:00,J5,573,523,1096
2018-11-21T21:30:00+09:00,J1,1030,1074,2104
2018-11-21T21:30:00+09:00,J2,690,591,1281
2018-11-21T21:30:00+09:00,J3,679,732,1411
2018-11-21T21:30:00+09:00,J4,1165,1151,2316
2018-11-21T21:30:00+09:00,J5,598,528,1126
2018-11-21T21:45:00+09:00,J1,975,1148,2123
2018-11-21T21:45:00+09:00,J2,615,590,1205
2018-11-21T21:45:00+09:00,J3,744,680,1424
2018-11-21T21:45:00+09:00,J4,1095,1094,2189
2018-11-21T21:45:00+09:00,J5,592,520,1112
2018-11-21T22:00:00+09:00,J1,1023,1111,2134
2018-11-21T22:00:00+09:00,J2,588,505,1093
2018-11-21T22:00:00+09:00,J3,689,684,1373
2018-11-21T22:00:00+09:00,J4,1168,1119,2287
2018-11-21T22:00:00+09:00,J5,557,519,1076
2018-11-21T22:15:00+09:00,J1,914,978,1892
2018-11-21T22:15:00+09:00,J2,503,510,1013
2018-11-21T22:15:00+09:00,J3,731,647,1378
2018-11-21T22:15:00+09:00,J4,1129,1051,2180
2018-11-21T22:15:00+09:00,J5,550,557,1107
2018-11-21T22:30:00+09:00,J1,897,992,1889
2018-11-21T22:30:00+09:00,J2,492,459,951
2018-11-21T22:30:00+09:00,J3,769,646,1415
2018-11-21T22:30:00+09:00,J4,1109,1124,2233
2018-11-21T22:30:00+09:00,J5,532,561,1093
2018-11-21T22:45:00+09:00,J1,937,1009,1946
2018-11-21T22:45:00+09:00,J2,442,439,881
2018-11-21T22:45:00+09:00,J3,714,710,1424
2018-11-21T22:45:00+09:00,J4,999,973,1972
2018-11-21T22:45:00+09:00,J5,487,482,969
2018-11-21T23:00:00+09:00,J1,993,1012,2005
2018-11-21T23:00:00+09:00,J2,399,403,802
2018-11-21T23:00:00+09:00,J3,729,599,1328
2018-11-21T23:00:00+09:00,J4,990,982,1972
2018-11-21T23:00:00+09:00,J5,424,448,872
2018-11-21T23:15:00+09:00,J1,876,1036,1912
2018-11-21T23:15:00+09:00,J2,315,334,649
2018-11-21T23:15:00+09:00,J3,705,619,1324
2018-11-21T23:15:00+09:00,J4,897,1036,1933
2018-11-21T23:15:00+09:00,J5,423,451,874
2018-11-21T23:30:00+09:00,J1,833,977,1810
2018-11-21T23:30:00+09:00,J2,359,369,728
2018-11-21T23:30:00+09:00,J3,658,596,1254
2018-11-21T23:30:00+09:00,J4,976,992,1968
2018-11-21T23:30:00+09:00,J5,443,516,959
2018-11-21T23:45:00+09:00,J1,872,825,1697
2018-11-21T23:45:00+09:00,J2,346,325,671
2018-11-21T23:45:00+09:00,J3,758,653,1411
2018-11-21T23:45:00+09:00,J4,882,913,1795
2018-11-21T23:45:00+09:00,J5,378,440,818
2018-11-22T00:00:00+09:00,J1,684,741,1425
2018-11-22T00:00:00+09:00,J2,255,245,500
2018-11-22T00:00:00+09:00,J3,640,563,1203
2018-11-22T00:00:00+09:00,J4,834,934,1768
2018-11-22T00:00:00+09:00,J5,409,412,821
2018-11-22T00:15:00+09:00,J1,517,598,1115
2018-11-22T00:15:00+09:00,J2,216,270,486
2018-11-22T00:15:00+09:00,J3,411,356,767
2018-11-22T00:15:00+09:00,J4,725,808,1533
2018-11-22T00:15:00+09:00,J5,449,401,850
2018-11-22T00:30:00+09:00,J1,424,348,772
2018-11-22T00:30:00+09:00,J2,291,338,629
2018-11-22T00:30:00+09:00,J3,377,333,710
2018-11-22T00:30:00+09:00,J4,812,699,1511
2018-11-22T00:30:00+09:00,J5,414,356,770
2018-11-22T00:45:00+09:00,J1,370,350,720
2018-11-22T00:45:00+09:00,J2,254,233,487
2018-11-22T00:45:00+09:00,J3,347,316,663
2018-11-22T00:45:00+09:00,J4,818,727,1545
2018-11-22T00:45:00+09:00,J5,383,358,741
2018-11-22T05:45:00+09:00,J1,631,618,1249
2018-11-22T05:45:00+09:00,J2,272,343,615
2018-11-22T05:45:00+09:00,J3,404,362,766
2018-11-22T05:45:00+09:00,J4,449,501,950
2018-11-22T05:45:00+09:00,J5,383,350,733
2018-11-22T06:00:00+09:00,J1,693,702,1395
2018-11-22T06:00:00+09:00,J2,300,284,584
2018-11-22T06:00:00+09:00,J3,425,360,785
2018-11-22T06:00:00+09:00,J4,477,441,918
2018-11-22T06:00:00+09:00,J5,364,330,694
2018-11-22T06:15:00+09:00,J1,763,762,1525
2018-11-22T06:15:00+09:00,J2,347,313,660
2018-11-22T06:15:00+09:00,J3,558,505,1063
2018-11-22T06:15:00+09:00,J4,696,740,1436
2018-11-22T06:15:00+09:00,J5,363,396,759
2018-11-22T06:30:00+09:00,J1,768,739,1507
2018-11-22T06:30:00+09:00,J2,382,368,750
2018-11-22T06:30:00+09:00,J3,617,569,1186
2018-11-22T06:30:00+09:00,J4,826,894,1720
2018-11-22T06:30:00+09:00,J5,430,433,863
2018-11-22T06:45:00+09:00,J1,756,740,1496
2018-11-22T06:45:00+09:00,J2,440,353,793
2018-11-22T06:45:00+09:00,J3,709,580,1289
2018-11-22T06:45:00+09:00,J4,1035,1057,2092
2018-11-22T06:45:00+09:00,J5,539,569,1108
2018-11-22T07:00:00+09:00,J1,934,852,1786
2018-11-22T07:00:00+09:00,J2,359,329,688
2018-11-22T07:00:00+09:00,J3,683,584,1267
2018-11-22T07:00:00+09:00,J4,1044,1083,2127
2018-11-22T07:00:00+09:00,J5,610,590,1200
2018-11-22T07:15:00+09:00,J1,942,976,1918
2018-11-22T07:15:00+09:00,J2,449,352,801
2018-11-22T07:15:00+09:00,J3,834,755,1589
2018-11-22T07:15:00+09:00,J4,1079,1032,2111
2018-11-22T07:15:00+09:00,J5,658,662,1320
2018-11-22T07:30:00+09:00,J1,1007,995,2002
2018-11-22T07:30:00+09:00,J2,497,382,879
2018-11-22T07:30:00+09:00,J3,683,734,1417
2018-11-22T07:30:00+09:00,J4,1088,1182,2270
2018-11-22T07:30:00+09:00,J5,674,712,1386
2018-11-22T07:45:00+09:00,J1,1182,1144,2326
2018-11-22T07:45:00+09:00,J2,699,534,1233
2018-11-22T07:45:00+09:00,J3,570,660,1230
2018-11-22T07:45:00+09:00,J4,1168,1281,2449
2018-11-22T07:45:00+09:00,J5,744,634,1378
2018-11-22T08:00:00+09:00,J1,1413,1354,2767
2018-11-22T08:00:00+09:00,J2,909,678,1587
2018-11-22T08:00:00+09:00,J3,860,915,1775
2018-11-22T08:00:00+09:00,J4,1174,1302,2476
2018-11-22T08:00:00+09:00,J5,632,577,1209
2018-11-22T08:15:00+09:00,J1,1511,1302,2813
2018-11-22T08:15:00+09:00,J2,921,529,1450
2018-11-22T08:15:00+09:00,J3,1134,953,2087
2018-11-22T08:15:00+09:00,J4,1255,1332,2587
2018-11-22T08:15:00+09:00,J5,571,473,1044
2018-11-22T08:30:00+09:00,J1,1512,1246,2758
2018-11-22T08:30:00+09:00,J2,1086,542,1628
2018-11-22T08:30:00+09:00,J3,1096,1006,2102
2018-11-22T08:30:00+09:00,J4,1202,1306,2508
2018-11-22T08:30:00+09:00,J5,648,534,1182
2018-11-22T08:45:00+09:00,J1,1344,1145,2489
2018-11-22T08:45:00+09:00,J2,809,495,1304
2018-11-22T08:45:00+09:00,J3,915,883,1798
2018-11-22T08:45:00+09:00,J4,1107,1266,2373
2018-11-22T08:45:00+09:00,J5,593,589,1182
2018-11-22T09:00:00+09:00,J1,1321,1293,2614
2018-11-22T09:00:00+09:00,J2,646,527,1173
2018-11-22T09:00:00+09:00,J3,855,719,1574
2018-11-22T09:00:00+09:00,J4,937,1085,2022
2018-11-22T09:00:00+09:00,J5,687,695,1382
2018-11-22T09:15:00+09:00,J1,1127,1161,2288
2018-11-22T09:15:00+09:00,J2,663,519,1182
2018-11-22T09:15:00+09:00,J3,619,623,1242
2018-11-22T09:15:00+09:00,J4,937,1167,2104
2018-11-22T09:15:00+09:00,J5,634,754,1388
2018-11-22T09:30:00+09:00,J1,1097,1130,2227
2018-11-22T09:30:00+09:00,J2,624,455,1079
2018-11-22T09:30:00+09:00,J3,676,656,1332
2018-11-22T09:30:00+09:00,J4,994,1130,2124
2018-11-22T09:30:00+09:00,J5,721,731,1452
2018-11-22T09:45:00+09:00,J1,1076,1119,2195
2018-11-22T09:45:00+09:00,J2,585,455,1040
2018-11-22T09:45:00+09:00,J3,650,727,1377
2018-11-22T09:45:00+09:00,J4,1019,1050,2069
2018-11-22T09:45:00+09:00,J5,657,682,1339
2018-11-22T10:00:00+09:00,J1,1188,1174,2362
2018-11-22T10:00:00+09:00,J2,585,503,1088
2018-11-22T10:00:00+09:00,J3,615,694,1309
2018-11-22T10:00:00+09:00,J4,1047,1010,2057
2018-11-22T10:00:00+09:00,J5,656,643,1299
2018-11-22T10:15:00+09:00,J1,1059,1161,2220
2018-11-22T10:15:00+09:00,J2,566,496,1062
2018-11-22T10:15:00+09:00,J3,787,688,1475
2018-11-22T10:15:00+09:00,J4,922,1048,1970
2018-11-22T10:15:00+09:00,J5,613,653,1266
2018-11-22T10:30:00+09:00,J1,1136,1197,2333
2018-11-22T10:30:00+09:00,J2,597,522,1119
2018-11-22T10:30:00+09:00,J3,804,666,1470
2018-11-22T10:30:00+09:00,J4,993,1087,2080
2018-11-22T10:30:00+09:00,J5,692,654,1346
2018-11-22T10:45:00+09:00,J1,1146,1167,2313
2018-11-22T10:45:00+09:00,J2,593,551,1144
2018-11-22T10:45:00+09:00,J3,867,770,1637
2018-11-22T10:45:00+09:00,J4,979,1075,2054
2018-11-22T10:45:00+09:00,J5,597,643,1240
2018-11-22T11:00:00+09:00,J1,1186,1182,2368
2018-11-22T11:00:00+09:00,J2,612,574,1186
2018-11-22T11:00:00+09:00,J3,991,749,1740
2018-11-22T11:00:00+09:00,J4,987,1053,2040
2018-11-22T11:00:00+09:00,J5,609,614,1223
2018-11-22T11:15:00+09:00,J1,1269,1366,2635
2018-11-22T11:15:00+09:00,J2,576,523,1099
2018-11-22T11:15:00+09:00,J3,912,745,1657
2018-11-22T11:15:00+09:00,J4,969,1057,2026
2018-11-22T11:15:00+09:00,J5,433,520,953
2018-11-22T11:30:00+09:00,J1,1232,1279,2511
2018-11-22T11:30:00+09:00,J2,567,573,1140
2018-11-22T11:30:00+09:00,J3,1067,931,1998
2018-11-22T11:30:00+09:00,J4,1086,1194,2280
2018-11-22T11:30:00+09:00,J5,484,456,940
2018-11-22T11:45:00+09:00,J1,1227,1459,2686
2018-11-22T11:45:00+09:00,J2,502,553,1055
2018-11-22T11:45:00+09:00,J3,1085,913,1998
2018-11-22T11:45:00+09:00,J4,1091,1138,2229
2018-11-22T11:45:00+09:00,J5,509,456,965
2018-11-22T12:00:00+09:00,J1,1161,1407,2568
2018-11-22T12:00:00+09:00,J2,524,563,1087
2018-11-22T12:00:00+09:00,J3,1080,1005,2085
2018-11-22T12:00:00+09:00,J4,1020,1000,2020
2018-11-22T12:00:00+09:00,J5,510,582,1092
2018-11-22T12:15:00+09:00,J1,1164,1268,2432
2018-11-22T12:15:00+09:00,J2,624,613,1237
2018-11-22T12:15:00+09:00,J3,936,737,1673
2018-11-22T12:15:00+09:00,J4,1123,1181,2304
2018-11-22T12:15:00+09:00,J5,516,570,1086
2018-11-22T12:30:00+09:00,J1,1154,1329,2483
2018-11-22T12:30:00+09:00,J2,632,597,1229
2018-11-22T12:30:00+09:00,J3,932,766,1698
2018-11-22T12:30:00+09:00,J4,1215,1178,2393
2018-11-22T12:30:00+09:00,J5,528,584,1112
2018-11-22T12:45:00+09:00,J1,1118,1268,2386
2018-11-22T12:45:00+09:00,J2,570,540,1110
2018-11-22T12:45:00+09:00,J3,910,749,1659
2018-11-22T12:45:00+09:00,J4,1155,1206,2361
2018-11-22T12:45:00+09:00,J5,525,484,1009
2018-11-22T13:00:00+09:00,J1,1117,1371,2488
2018-11-22T13:00:00+09:00,J2,676,630,1306
2018-11-22T13:00:00+09:00,J3,887,764,1651
2018-11-22T13:00:00+09:00,J4,1218,1162,2380
2018-11-22T13:00:00+09:00,J5,508,507,1015
2018-11-22T13:15:00+09:00,J1,1228,1349,2577
2018-11-22T13:15:00+09:00,J2,599,618,1217
2018-11-22T13:15:00+09:00,J3,894,745,1639
2018-11-22T13:15:00+09:00,J4,1092,1150,2242
2018-11-22T13:15:00+09:00,J5,529,528,1057
2018-11-22T13:30:00+09:00,J1,1186,1382,2568
2018-11-22T13:30:00+09:00,J2,596,650,1246
2018-11-22T13:30:00+09:00,J3,896,796,1692
2018-11-22T13:30:00+09:00,J4,1151,1076,2227
2018-11-22T13:30:00+09:00,J5,510,453,963
2018-11-22T13:45:00+09:00,J1,1178,1371,2549
2018-11-22T13:45:00+09:00,J2,598,652,1250
2018-11-22T13:45:00+09:00,J3,835,786,1621
2018-11-22T13:45:00+09:00,J4,1184,1201,2385
2018-11-22T13:45:00+09:00,J5,534,482,1016
2018-11-22T14:00:00+09:00,J1,1213,1404,2617
2018-11-22T14:00:00+09:00,J2,608,569,1177
2018-11-22T14:00:00+09:00,J3,889,825,1714
2018-11-22T14:00:00+09:00,J4,1241,1234,2475
2018-11-22T14:00:00+09:00,J5,482,520,1002
2018-11-22T14:15:00+09:00,J1,1198,1336,2534
2018-11-22T14:15:00+09:00,J2,523,632,1155
2018-11-22T14:15:00+09:00,J3,923,834,1757
2018-11-22T14:15:00+09:00,J4,1169,1107,2276
2018-11-22T14:15:00+09:00,J5,507,461,968
2018-11-22T14:30:00+09:00,J1,1193,1401,2594
2018-11-22T14:30:00+09:00,J2,590,668,1258
2018-11-22T14:30:00+09:00,J3,858,838,1696
2018-11-22T14:30:00+09:00,J4,1101,1061,2162
2018-11-22T14:30:00+09:00,J5,520,470,990
2018-11-22T14:45:00+09:00,J1,1146,1348,2494
2018-11-22T14:45:00+09:00,J2,575,696,1271
2018-11-22T14:45:00+09:00,J3,888,745,1633
2018-11-22T14:45:00+09:00,J4,1218,1197,2415
2018-11-22T14:45:00+09:00,J5,492,497,989
2018-11-22T15:00:00+09:00,J1,1191,1454,2645
2018-11-22T15:00:00+09:00,J2,608,646,1254
2018-11-22T15:00:00+09:00,J3,905,823,1728
2018-11-22T15:00:00+09:00,J4,1220,1225,2445
2018-11-22T15:00:00+09:00,J5,496,486,982
2018-11-22T15:15:00+09:00,J1,1303,1361,2664
2018-11-22T15:15:00+09:00,J2,625,684,1309
2018-11-22T15:15:00+09:00,J3,902,894,1796
2018-11-22T15:15:00+09:00,J4,1197,1259,2456
2018-11-22T15:15:00+09:00,J5,479,517,996
2018-11-22T15:30:00+09:00,J1,1256,1483,2739
2018-11-22T15:30:00+09:00,J2,621,653,1274
2018-11-22T15:30:00+09:00,J3,895,876,1771
2018-11-22T15:30:00+09:00,J4,1234,1180,2414
2018-11-22T15:30:00+09:00,J5,490,449,939
2018-11-22T15:45:00+09:00,J1,1283,1395,2678
2018-11-22T15:45:00+09:00,J2,614,688,1302
2018-11-22T15:45:00+09:00,J3,844,832,1676
2018-11-22T15:45:00+09:00,J4,1201,1205,2406
2018-11-22T15:45:00+09:00,J5,444,461,905
2018-11-22T16:00:00+09:00,J1,1228,1362,2590
2018-11-22T16:00:00+09:00,J2,606,683,1289
2018-11-22T16:00:00+09:00,J3,901,844,1745
2018-11-22T16:00:00+09:00,J4,1188,1201,2389
2018-11-22T16:00:00+09:00,J5,491,498,989
2018-11-22T16:15:00+09:00,J1,1248,1358,2606
2018-11-22T16:15:00+09:00,J2,683,662,1345
2018-11-22T16:15:00+09:00,J3,990,842,1832
2018-11-22T16:15:00+09:00,J4,1137,1134,2271
2018-11-22T16:15:00+09:00,J5,467,452,919
2018-11-22T16:30:00+09:00,J1,1233,1388,2621
2018-11-22T16:30:00+09:00,J2,605,603,1208
2018-11-22T16:30:00+09:00,J3,1003,851,1854
2018-11-22T16:30:00+09:00,J4,1208,1202,2410
2018-11-22T16:30:00+09:00,J5,452,448,900
2018-11-22T16:45:00+09:00,J1,1284,1359,2643
2018-11-22T16:45:00+09:00,J2,660,630,1290
2018-11-22T16:45:00+09:00,J3,1041,820,1861
2018-11-22T16:45:00+09:00,J4,1165,1102,2267
2018-11-22T16:45:00+09:00,J5,452,434,886
2018-11-22T17:00:00+09:00,J1,1343,1400,2743
2018-11-22T17:00:00+09:00,J2,693,760,1453
2018-11-22T17:00:00+09:00,J3,1227,973,2200
2018-11-22T17:00:00+09:00,J4,1217,1163,2380
2018-11-22T17:00:00+09:00,J5,518,563,1081
2018-11-22T17:15:00+09:00,J1,1370,1488,2858
2018-11-22T17:15:00+09:00,J2,793,831,1624
2018-11-22T17:15:00+09:00,J3,1358,1073,2431
2018-11-22T17:15:00+09:00,J4,1180,1247,2427
2018-11-22T17:15:00+09:00,J5,548,593,1141
2018-11-22T17:30:00+09:00,J1,1353,1523,2876
2018-11-22T17:30:00+09:00,J2,807,901,1708
2018-11-22T17:30:00+09:00,J3,1364,1147,2511
2018-11-22T17:30:00+09:00,J4,1228,1143,2371
2018-11-22T17:30:00+09:00,J5,553,668,1221
2018-11-22T17:45:00+09:00,J1,1286,1447,2733
2018-11-22T17:45:00+09:00,J2,862,928,1790
2018-11-22T17:45:00+09:00,J3,1395,1223,2618
2018-11-22T17:45:00+09:00,J4,1163,1160,2323
2018-11-22T17:45:00+09:00,J5,487,630,1117
2018-11-22T18:00:00+09:00,J1,1320,1547,2867
2018-11-22T18:00:00+09:00,J2,870,878,1748
2018-11-22T18:00:00+09:00,J3,1529,1098,2627
2018-11-22T18:00:00+09:00,J4,1259,1096,2355
2018-11-22T18:00:00+09:00,J5,545,560,1105
2018-11-22T18:15:00+09:00,J1,1338,1584,2922
2018-11-22T18:15:00+09:00,J2,930,960,1890
2018-11-22T18:15:00+09:00,J3,1400,1066,2466
2018-11-22T18:15:00+09:00,J4,1233,1159,2392
2018-11-22T18:15:00+09:00,J5,612,700,1312
2018-11-22T18:30:00+09:00,J1,1266,1377,2643
2018-11-22T18:30:00+09:00,J2,903,891,1794
2018-11-22T18:30:00+09:00,J3,1187,1021,2208
2018-11-22T18:30:00+09:00,J4,1320,1154,2474
2018-11-22T18:30:00+09:00,J5,505,550,1055
2018-11-22T18:45:00+09:00,J1,1363,1428,2791
2018-11-22T18:45:00+09:00,J2,901,851,1752
2018-11-22T18:45:00+09:00,J3,1063,968,2031
2018-11-22T18:45:00+09:00,J4,1344,1179,2523
2018-11-22T18:45:00+09:00,J5,444,494,938
2018-11-22T19:00:00+09:00,J1,1229,1350,2579
2018-11-22T19:00:00+09:00,J2,937,820,1757
2018-11-22T19:00:00+09:00,J3,980,967,1947
2018-11-22T19:00:00+09:00,J4,1324,1133,2457
2018-11-22T19:00:00+09:00,J5,463,501,964
2018-11-22T19:15:00+09:00,J1,1220,1359,2579
2018-11-22T19:15:00+09:00,J2,882,833,1715
2018-11-22T19:15:00+09:00,J3,1107,947,2054
2018-11-22T19:15:00+09:00,J4,1236,1171,2407
2018-11-22T19:15:00+09:00,J5,471,553,1024
2018-11-22T19:30:00+09:00,J1,1212,1314,2526
2018-11-22T19:30:00+09:00,J2,898,819,1717
2018-11-22T19:30:00+09:00,J3,897,897,1794
2018-11-22T19:30:00+09:00,J4,1244,1253,2497
2018-11-22T19:30:00+09:00,J5,432,430,862
2018-11-22T19:45:00+09:00,J1,1198,1344,2542
2018-11-22T19:45:00+09:00,J2,806,818,1624
2018-11-22T19:45:00+09:00,J3,964,882,1846
2018-11-22T19:45:00+09:00,J4,1210,1169,2379
2018-11-22T19:45:00+09:00,J5,456,503,959
2018-11-22T20:00:00+09:00,J1,1177,1348,2525
2018-11-22T20:00:00+09:00,J2,842,804,1646
2018-11-22T20:00:00+09:00,J3,982,865,1847
2018-11-22T20:00:00+09:00,J4,1282,1177,2459
2018-11-22T20:00:00+09:00,J5,436,469,905
2018-11-22T20:15:00+09:00,J1,1102,1350,2452
2018-11-22T20:15:00+09:00,J2,864,793,1657
2018-11-22T20:15:00+09:00,J3,987,894,1881
2018-11-22T20:15:00+09:00,J4,1248,1174,2422
2018-11-22T20:15:00+09:00,J5,453,498,951
2018-11-22T20:30:00+09:00,J1,1118,1308,2426
2018-11-22T20:30:00+09:00,J2,767,791,1558
2018-11-22T20:30:00+09:00,J3,964,871,1835
2018-11-22T20:30:00+09:00,J4,1128,1145,2273
2018-11-22T20:30:00+09:00,J5,424,476,900
2018-11-22T20:45:00+09:00,J1,1234,1327,2561
2018-11-22T20:45:00+09:00,J2,833,763,1596
2018-11-22T20:45:00+09:00,J3,971,919,1890
2018-11-22T20:45:00+09:00,J4,1313,1320,2633
2018-11-22T20:45:00+09:00,J5,453,490,943
2018-11-22T21:00:00+09:00,J1,1110,1358,2468
2018-11-22T21:00:00+09:00,J2,822,782,1604
2018-11-22T21:00:00+09:00,J3,1014,801,1815
2018-11-22T21:00:00+09:00,J4,1271,1236,2507
2018-11-22T21:00:00+09:00,J5,422,443,865
2018-11-22T21:15:00+09:00,J1,1174,1387,2561
2018-11-22T21:15:00+09:00,J2,870,692,1562
2018-11-22T21:15:00+09:00,J3,967,834,1801
2018-11-22T21:15:00+09:00,J4,1239,1144,2383
2018-11-22T21:15:00+09:00,J5,498,489,987
2018-11-22T21:30:00+09:00,J1,1194,1250,2444
2018-11-22T21:30:00+09:00,J2,664,704,1368
2018-11-22T21:30:00+09:00,J3,983,801,1784
2018-11-22T21:30:00+09:00,J4,1247,1205,2452
2018-11-22T21:30:00+09:00,J5,526,528,1054
2018-11-22T21:45:00+09:00,J1,1156,1333,2489
2018-11-22T21:45:00+09:00,J2,623,615,1238
2018-11-22T21:45:00+09:00,J3,868,666,1534
2018-11-22T21:45:00+09:00,J4,1238,1247,2485
2018-11-22T21:45:00+09:00,J5,572,596,1168
2018-11-22T22:00:00+09:00,J1,1143,1264,2407
2018-11-22T22:00:00+09:00,J2,572,589,1161
2018-11-22T22:00:00+09:00,J3,964,740,1704
2018-11-22T22:00:00+09:00,J4,1197,1138,2335
2018-11-22T22:00:00+09:00,J5,548,561,1109
2018-11-22T22:15:00+09:00,J1,997,1157,2154
2018-11-22T22:15:00+09:00,J2,520,665,1185
2018-11-22T22:15:00+09:00,J3,883,746,1629
2018-11-22T22:15:00+09:00,J4,1293,1226,2519
2018-11-22T22:15:00+09:00,J5,538,586,1124
2018-11-22T22:30:00+09:00,J1,1110,1219,2329
2018-11-22T22:30:00+09:00,J2,468,545,1013
2018-11-22T22:30:00+09:00,J3,831,662,1493
2018-11-22T22:30:00+09:00,J4,1140,1202,2342
2018-11-22T22:30:00+09:00,J5,496,532,1028
2018-11-22T22:45:00+09:00,J1,1051,1201,2252
2018-11-22T22:45:00+09:00,J2,428,481,909
2018-11-22T22:45:00+09:00,J3,854,670,1524
2018-11-22T22:45:00+09:00,J4,1136,1142,2278
2018-11-22T22:45:00+09:00,J5,428,475,903
2018-11-22T23:00:00+09:00,J1,1002,1104,2106
2018-11-22T23:00:00+09:00,J2,422,478,900
2018-11-22T23:00:00+09:00,J3,834,644,1478
2018-11-22T23:00:00+09:00,J4,1019,1036,2055
2018-11-22T23:00:00+09:00,J5,421,411,832
2018-11-22T23:15:00+09:00,J1,1016,1101,2117
2018-11-22T23:15:00+09:00,J2,406,514,920
2018-11-22T23:15:00+09:00,J3,747,700,1447
2018-11-22T23:15:00+09:00,J4,1121,1077,2198
2018-11-22T23:15:00+09:00,J5,429,395,824
2018-11-22T23:30:00+09:00,J1,948,1029,1977
2018-11-22T23:30:00+09:00,J2,376,496,872
2018-11-22T23:30:00+09:00,J3,785,649,1434
2018-11-22T23:30:00+09:00,J4,912,1039,1951
2018-11-22T23:30:00+09:00,J5,390,416,806
2018-11-22T23:45:00+09:00,J1,1112,1169,2281
2018-11-22T23:45:00+09:00,J2,360,394,754
2018-11-22T23:45:00+09:00,J3,730,596,1326
2018-11-22T23:45:00+09:00,J4,899,918,1817
2018-11-22T23:45:00+09:00,J5,449,416,865
2018-11-23T00:00:00+09:00,J1,178,177,355
2018-11-23T00:00:00+09:00,J2,32,38,70
2018-11-23T00:00:00+09:00,J3,114,77,191
2018-11-23T00:00:00+09:00,J4,79,93,172
2018-11-23T00:00:00+09:00,J5,251,241,492
2018-11-23T00:15:00+09:00,J1,370,348,718
2018-11-23T00:15:00+09:00,J2,81,79,160
2018-11-23T00:15:00+09:00,J3,408,351,759
2018-11-23T00:15:00+09:00,J4,318,317,635
2018-11-23T00:15:00+09:00,J5,475,429,904
2018-11-23T00:30:00+09:00,J1,509,534,1043
2018-11-23T00:30:00+09:00,J2,89,74,163
2018-11-23T00:30:00+09:00,J3,429,395,824
2018-11-23T00:30:00+09:00,J4,319,280,599
2018-11-23T00:30:00+09:00,J5,537,557,1094
2018-11-23T00:45:00+09:00,J1,509,546,1055
2018-11-23T00:45:00+09:00,J2,273,281,554
2018-11-23T00:45:00+09:00,J3,531,438,969
2018-11-23T00:45:00+09:00,J4,312,276,588
2018-11-23T00:45:00+09:00,J5,555,603,1158
2018-11-23T05:45:00+09:00,J1,605,647,1252
2018-11-23T05:45:00+09:00,J2,379,412,791
2018-11-23T05:45:00+09:00,J3,695,655,1350
2018-11-23T05:45:00+09:00,J4,912,837,1749
2018-11-23T05:45:00+09:00,J5,529,500,1029
2018-11-23T06:00:00+09:00,J1,579,583,1162
2018-11-23T06:00:00+09:00,J2,340,394,734
2018-11-23T06:00:00+09:00,J3,552,548,1100
2018-11-23T06:00:00+09:00,J4,897,878,1775
2018-11-23T06:00:00+09:00,J5,493,452,945
2018-11-23T06:15:00+09:00,J1,859,872,1731
2018-11-23T06:15:00+09:00,J2,366,461,827
2018-11-23T06:15:00+09:00,J3,571,549,1120
2018-11-23T06:15:00+09:00,J4,960,811,1771
2018-11-23T06:15:00+09:00,J5,416,459,875
2018-11-23T06:30:00+09:00,J1,858,832,1690
2018-11-23T06:30:00+09:00,J2,298,431,729
2018-11-23T06:30:00+09:00,J3,593,509,1102
2018-11-23T06:30:00+09:00,J4,847,875,1722
2018-11-23T06:30:00+09:00,J5,504,443,947
2018-11-23T06:45:00+09:00,J1,1000,905,1905
2018-11-23T06:45:00+09:00,J2,301,384,685
2018-11-23T06:45:00+09:00,J3,606,511,1117
2018-11-23T06:45:00+09:00,J4,876,880,1756
2018-11-23T06:45:00+09:00,J5,519,464,983
2018-11-23T07:00:00+09:00,J1,1029,945,1974
2018-11-23T07:00:00+09:00,J2,389,385,774
2018-11-23T07:00:00+09:00,J3,718,655,1373
2018-11-23T07:00:00+09:00,J4,1014,1014,2028
2018-11-23T07:00:00+09:00,J5,612,506,1118
2018-11-23T07:15:00+09:00,J1,923,968,1891
2018-11-23T07:15:00+09:00,J2,427,420,847
2018-11-23T07:15:00+09:00,J3,688,614,1302
2018-11-23T07:15:00+09:00,J4,970,1029,1999
2018-11-23T07:15:00+09:00,J5,532,525,1057
2018-11-23T07:30:00+09:00,J1,1075,1129,2204
2018-11-23T07:30:00+09:00,J2,430,411,841
2018-11-23T07:30:00+09:00,J3,758,638,1396
2018-11-23T07:30:00+09:00,J4,992,1009,2001
2018-11-23T07:30:00+09:00,J5,560,582,1142
2018-11-23T07:45:00+09:00,J1,1000,1008,2008
2018-11-23T07:45:00+09:00,J2,430,446,876
2018-11-23T07:45:00+09:00,J3,797,688,1485
2018-11-23T07:45:00+09:00,J4,899,914,1813
2018-11-23T07:45:00+09:00,J5,544,588,1132
2018-11-23T08:00:00+09:00,J1,1195,1176,2371
2018-11-23T08:00:00+09:00,J2,547,497,1044
2018-11-23T08:00:00+09:00,J3,1078,990,2068
2018-11-23T08:00:00+09:00,J4,915,1037,1952
2018-11-23T08:00:00+09:00,J5,639,648,1287
2018-11-23T08:15:00+09:00,J1,1449,1380,2829
2018-11-23T08:15:00+09:00,J2,716,586,1302
2018-11-23T08:15:00+09:00,J3,1027,1040,2067
2018-11-23T08:15:00+09:00,J4,1055,1137,2192
2018-11-23T08:15:00+09:00,J5,729,680,1409
2018-11-23T08:30:00+09:00,J1,1321,1406,2727
2018-11-23T08:30:00+09:00,J2,760,612,1372
2018-11-23T08:30:00+09:00,J3,1027,1029,2056
2018-11-23T08:30:00+09:00,J4,1108,1251,2359
2018-11-23T08:30:00+09:00,J5,771,648,1419
2018-11-23T08:45:00+09:00,J1,1386,1377,2763
2018-11-23T08:45:00+09:00,J2,695,637,1332
2018-11-23T08:45:00+09:00,J3,1165,976,2141
2018-11-23T08:45:00+09:00,J4,1044,1083,2127
2018-11-23T08:45:00+09:00,J5,666,649,1315
2018-11-23T09:00:00+09:00,J1,1346,1352,2698
2018-11-23T09:00:00+09:00,J2,588,555,1143
2018-11-23T09:00:00+09:00,J3,898,936,1834
2018-11-23T09:00:00+09:00,J4,1108,1162,2270
2018-11-23T09:00:00+09:00,J5,528,505,1033
2018-11-23T09:15:00+09:00,J1,1362,1352,2714
2018-11-23T09:15:00+09:00,J2,487,456,943
2018-11-23T09:15:00+09:00,J3,877,764,1641
2018-11-23T09:15:00+09:00,J4,991,1077,2068
2018-11-23T09:15:00+09:00,J5,666,647,1313
2018-11-23T09:30:00+09:00,J1,1352,1365,2717
2018-11-23T09:30:00+09:00,J2,581,458,1039
2018-11-23T09:30:00+09:00,J3,973,868,1841
2018-11-23T09:30:00+09:00,J4,1086,1219,2305
2018-11-23T09:30:00+09:00,J5,667,660,1327
2018-11-23T09:45:00+09:00,J1,1427,1358,2785
2018-11-23T09:45:00+09:00,J2,540,523,1063
2018-11-23T09:45:00+09:00,J3,927,886,1813
2018-11-23T09:45:00+09:00,J4,1067,1064,2131
2018-11-23T09:45:00+09:00,J5,667,639,1306
2018-11-23T10:00:00+09:00,J1,1455,1403,2858
2018-11-23T10:00:00+09:00,J2,573,494,1067
2018-11-23T10:00:00+09:00,J3,962,832,1794
2018-11-23T10:00:00+09:00,J4,977,1028,2005
2018-11-23T10:00:00+09:00,J5,631,615,1246
2018-11-23T10:15:00+09:00,J1,1493,1482,2975
2018-11-23T10:15:00+09:00,J2,579,426,1005
2018-11-23T10:15:00+09:00,J3,981,796,1777
2018-11-23T10:15:00+09:00,J4,1122,1138,2260
2018-11-23T10:15:00+09:00,J5,656,618,1274
2018-11-23T10:30:00+09:00,J1,1418,1464,2882
2018-11-23T10:30:00+09:00,J2,641,482,1123
2018-11-23T10:30:00+09:00,J3,939,792,1731
2018-11-23T10:30:00+09:00,J4,1021,1111,2132
2018-11-23T10:30:00+09:00,J5,615,587,1202
2018-11-23T10:45:00+09:00,J1,1412,1420,2832
2018-11-23T10:45:00+09:00,J2,664,546,1210
2018-11-23T10:45:00+09:00,J3,935,774,1709
2018-11-23T10:45:00+09:00,J4,1040,1002,2042
2018-11-23T10:45:00+09:00,J5,648,566,1214
2018-11-23T11:00:00+09:00,J1,1418,1528,2946
2018-11-23T11:00:00+09:00,J2,678,629,1307
2018-11-23T11:00:00+09:00,J3,931,880,1811
2018-11-23T11:00:00+09:00,J4,1046,1125,2171
2018-11-23T11:00:00+09:00,J5,669,561,1230
2018-11-23T11:15:00+09:00,J1,1396,1462,2858
2018-11-23T11:15:00+09:00,J2,622,542,1164
2018-11-23T11:15:00+09:00,J3,1078,1113,2191
2018-11-23T11:15:00+09:00,J4,1177,1133,2310
2018-11-23T11:15:00+09:00,J5,481,406,887
2018-11-23T11:30:00+09:00,J1,1329,1459,2788
2018-11-23T11:30:00+09:00,J2,644,613,1257
2018-11-23T11:30:00+09:00,J3,1012,1047,2059
2018-11-23T11:30:00+09:00,J4,1070,1134,2204
2018-11-23T11:30:00+09:00,J5,424,410,834
2018-11-23T11:45:00+09:00,J1,1248,1466,2714
2018-11-23T11:45:00+09:00,J2,728,632,1360
2018-11-23T11:45:00+09:00,J3,1133,1050,2183
2018-11-23T11:45:00+09:00,J4,1136,1184,2320
2018-11-23T11:45:00+09:00,J5,410,432,842
2018-11-23T12:00:00+09:00,J1,1338,1467,2805
2018-11-23T12:00:00+09:00,J2,658,624,1282
2018-11-23T12:00:00+09:00,J3,1122,1157,2279
2018-11-23T12:00:00+09:00,J4,1093,1103,2196
2018-11-23T12:00:00+09:00,J5,460,460,920
2018-11-23T12:15:00+09:00,J1,1213,1411,2624
2018-11-23T12:15:00+09:00,J2,735,697,1432
2018-11-23T12:15:00+09:00,J3,1053,1113,2166
2018-11-23T12:15:00+09:00,J4,1165,1170,2335
2018-11-23T12:15:00+09:00,J5,464,469,933
2018-11-23T12:30:00+09:00,J1,1205,1418,2623
2018-11-23T12:30:00+09:00,J2,639,677,1316
2018-11-23T12:30:00+09:00,J3,1047,1020,2067
2018-11-23T12:30:00+09:00,J4,1191,1201,2392
2018-11-23T12:30:00+09:00,J5,456,444,900
2018-11-23T12:45:00+09:00,J1,1206,1364,2570
2018-11-23T12:45:00+09:00,J2,668,726,1394
2018-11-23T12:45:00+09:00,J3,1012,1072,2084
2018-11-23T12:45:00+09:00,J4,1157,1225,2382
2018-11-23T12:45:00+09:00,J5,474,448,922
2018-11-23T13:00:00+09:00,J1,1199,1384,2583
2018-11-23T13:00:00+09:00,J2,681,692,1373
2018-11-23T13:00:00+09:00,J3,1121,973,2094
2018-11-23T13:00:00+09:00,J4,1134,1190,2324
2018-11-23T13:00:00+09:00,J5,498,487,985
2018-11-23T13:15:00+09:00,J1,1267,1412,2679
2018-11-23T13:15:00+09:00,J2,720,735,1455
2018-11-23T13:15:00+09:00,J3,1212,1063,2275
2018-11-23T13:15:00+09:00,J4,1187,1290,2477
2018-11-23T13:15:00+09:00,J5,527,478,1005
2018-11-23T13:30:00+09:00,J1,1231,1333,2564
2018-11-23T13:30:00+09:00,J2,704,800,1504
2018-11-23T13:30:00+09:00,J3,1091,1020,2111
2018-11-23T13:30:00+09:00,J4,1239,1212,2451
2018-11-23T13:30:00+09:00,J5,504,503,1007
2018-11-23T13:45:00+09:00,J1,1274,1345,2619
2018-11-23T13:45:00+09:00,J2,694,726,1420
2018-11-23T13:45:00+09:00,J3,1160,1001,2161
2018-11-23T13:45:00+09:00,J4,1257,1166,2423
2018-11-23T13:45:00+09:00,J5,490,501,991
2018-11-23T14:00:00+09:00,J1,1213,1415,2628
2018-11-23T14:00:00+09:00,J2,681,735,1416
2018-11-23T14:00:00+09:00,J3,1028,988,2016
2018-11-23T14:00:00+09:00,J4,1257,1312,2569
2018-11-23T14:00:00+09:00,J5,547,457,1004
2018-11-23T14:15:00+09:00,J1,1245,1392,2637
2018-11-23T14:15:00+09:00,J2,699,745,1444
2018-11-23T14:15:00+09:00,J3,1046,1066,2112
2018-11-23T14:15:00+09:00,J4,1212,1206,2418
2018-11-23T14:15:00+09:00,J5,522,529,1051
2018-11-23T14:30:00+09:00,J1,1207,1402,2609
2018-11-23T14:30:00+09:00,J2,714,777,1491
2018-11-23T14:30:00+09:00,J3,1154,1082,2236
2018-11-23T14:30:00+09:00,J4,1253,1199,2452
2018-11-23T14:30:00+09:00,J5,548,497,1045
2018-11-23T14:45:00+09:00,J1,1227,1388,2615
2018-11-23T14:45:00+09:00,J2,744,744,1488
2018-11-23T14:45:00+09:00,J3,1153,1091,2244
2018-11-23T14:45:00+09:00,J4,1233,1170,2403
2018-11-23T14:45:00+09:00,J5,509,496,1005
2018-11-23T15:00:00+09:00,J1,1240,1374,2614
2018-11-23T15:00:00+09:00,J2,781,794,1575
2018-11-23T15:00:00+09:00,J3,1132,1026,2158
2018-11-23T15:00:00+09:00,J4,1229,1177,2406
2018-11-23T15:00:00+09:00,J5,538,540,1078
2018-11-23T15:15:00+09:00,J1,1240,1431,2671
2018-11-23T15:15:00+09:00,J2,700,795,1495
2018-11-23T15:15:00+09:00,J3,1054,1023,2077
2018-11-23T15:15:00+09:00,J4,1311,1205,2516
2018-11-23T15:15:00+09:00,J5,525,534,1059
2018-11-23T15:30:00+09:00,J1,1227,1326,2553
2018-11-23T15:30:00+09:00,J2,820,766,1586
2018-11-23T15:30:00+09:00,J3,1059,1046,2105
2018-11-23T15:30:00+09:00,J4,1353,1283,2636
2018-11-23T15:30:00+09:00,J5,480,439,919
2018-11-23T15:45:00+09:00,J1,1191,1473,2664
2018-11-23T15:45:00+09:00,J2,783,817,1600
2018-11-23T15:45:00+09:00,J3,1018,1121,2139
2018-11-23T15:45:00+09:00,J4,1331,1259,2590
2018-11-23T15:45:00+09:00,J5,511,511,1022
2018-11-23T16:00:00+09:00,J1,1219,1485,2704
2018-11-23T16:00:00+09:00,J2,835,760,1595
2018-11-23T16:00:00+09:00,J3,1162,1036,2198
2018-11-23T16:00:00+09:00,J4,1321,1266,2587
2018-11-23T16:00:00+09:00,J5,516,454,970
2018-11-23T16:15:00+09:00,J1,1193,1397,2590
2018-11-23T16:15:00+09:00,J2,783,814,1597
2018-11-23T16:15:00+09:00,J3,1204,1058,2262
2018-11-23T16:15:00+09:00,J4,1283,1255,2538
2018-11-23T16:15:00+09:00,J5,535,502,1037
2018-11-23T16:30:00+09:00,J1,1223,1348,2571
2018-11-23T16:30:00+09:00,J2,774,718,1492
2018-11-23T16:30:00+09:00,J3,1236,1069,2305
2018-11-23T16:30:00+09:00,J4,1354,1200,2554
2018-11-23T16:30:00+09:00,J5,512,470,982
2018-11-23T16:45:00+09:00,J1,1235,1398,2633
2018-11-23T16:45:00+09:00,J2,886,726,1612
2018-11-23T16:45:00+09:00,J3,1425,1096,2521
2018-11-23T16:45:00+09:00,J4,1345,1197,2542
2018-11-23T16:45:00+09:00,J5,494,494,988
2018-11-23T17:00:00+09:00,J1,1285,1488,2773
2018-11-23T17:00:00+09:00,J2,889,783,1672
2018-11-23T17:00:00+09:00,J3,1395,1143,2538
2018-11-23T17:00:00+09:00,J4,1283,1203,2486
2018-11-23T17:00:00+09:00,J5,573,527,1100
2018-11-23T17:15:00+09:00,J1,1272,1476,2748
2018-11-23T17:15:00+09:00,J2,841,728,1569
2018-11-23T17:15:00+09:00,J3,1464,1119,2583
2018-11-23T17:15:00+09:00,J4,1326,1285,2611
2018-11-23T17:15:00+09:00,J5,522,514,1036
2018-11-23T17:30:00+09:00,J1,1359,1424,2783
2018-11-23T17:30:00+09:00,J2,969,720,1689
2018-11-23T17:30:00+09:00,J3,1438,1230,2668
2018-11-23T17:30:00+09:00,J4,1280,1172,2452
2018-11-23T17:30:00+09:00,J5,469,432,901
2018-11-23T17:45:00+09:00,J1,1292,1459,2751
2018-11-23T17:45:00+09:00,J2,833,689,1522
2018-11-23T17:45:00+09:00,J3,1431,1071,2502
2018-11-23T17:45:00+09:00,J4,1384,1253,2637
2018-11-23T17:45:00+09:00,J5,436,433,869
2018-11-23T18:00:00+09:00,J1,1362,1460,2822
2018-11-23T18:00:00+09:00,J2,802,766,1568
2018-11-23T18:00:00+09:00,J3,1472,1087,2559
2018-11-23T18:00:00+09:00,J4,1188,1158,2346
2018-11-23T18:00:00+09:00,J5,418,437,855
2018-11-23T18:15:00+09:00,J1,1340,1441,2781
2018-11-23T18:15:00+09:00,J2,799,718,1517
2018-11-23T18:15:00+09:00,J3,1412,1174,2586
2018-11-23T18:15:00+09:00,J4,1290,1234,2524
2018-11-23T18:15:00+09:00,J5,486,470,956
2018-11-23T18:30:00+09:00,J1,1322,1459,2781
2018-11-23T18:30:00+09:00,J2,700,690,1390
2018-11-23T18:30:00+09:00,J3,1287,1203,2490
2018-11-23T18:30:00+09:00,J4,1229,1219,2448
2018-11-23T18:30:00+09:00,J5,479,488,967
2018-11-23T18:45:00+09:00,J1,1412,1488,2900
2018-11-23T18:45:00+09:00,J2,679,698,1377
2018-11-23T18:45:00+09:00,J3,1128,1067,2195
2018-11-23T18:45:00+09:00,J4,1215,1330,2545
2018-11-23T18:45:00+09:00,J5,526,499,1025
2018-11-23T19:00:00+09:00,J1,1281,1331,2612
2018-11-23T19:00:00+09:00,J2,690,645,1335
2018-11-23T19:00:00+09:00,J3,1052,970,2022
2018-11-23T19:00:00+09:00,J4,1310,1298,2608
2018-11-23T19:00:00+09:00,J5,556,514,1070
2018-11-23T19:15:00+09:00,J1,1298,1346,2644
2018-11-23T19:15:00+09:00,J2,590,561,1151
2018-11-23T19:15:00+09:00,J3,995,937,1932
2018-11-23T19:15:00+09:00,J4,1295,1336,2631
2018-11-23T19:15:00+09:00,J5,496,527,1023
2018-11-23T19:30:00+09:00,J1,1247,1312,2559
2018-11-23T19:30:00+09:00,J2,585,554,1139
2018-11-23T19:30:00+09:00,J3,900,914,1814
2018-11-23T19:30:00+09:00,J4,1282,1300,2582
2018-11-23T19:30:00+09:00,J5,588,477,1065
2018-11-23T19:45:00+09:00,J1,1143,1302,2445
2018-11-23T19:45:00+09:00,J2,623,521,1144
2018-11-23T19:45:00+09:00,J3,873,929,1802
2018-11-23T19:45:00+09:00,J4,1231,1166,2397
2018-11-23T19:45:00+09:00,J5,658,557,1215
2018-11-23T20:00:00+09:00,J1,1113,1243,2356
2018-11-23T20:00:00+09:00,J2,533,550,1083
2018-11-23T20:00:00+09:00,J3,915,911,1826
2018-11-23T20:00:00+09:00,J4,1192,1221,2413
2018-11-23T20:00:00+09:00,J5,607,547,1154
2018-11-23T20:15:00+09:00,J1,1198,1288,2486
2018-11-23T20:15:00+09:00,J2,610,546,1156
2018-11-23T20:15:00+09:00,J3,860,922,1782
2018-11-23T20:15:00+09:00,J4,1228,1270,2498
2018-11-23T20:15:00+09:00,J5,569,559,1128
2018-11-23T20:30:00+09:00,J1,1251,1330,2581
2018-11-23T20:30:00+09:00,J2,668,629,1297
2018-11-23T20:30:00+09:00,J3,886,868,1754
2018-11-23T20:30:00+09:00,J4,1236,1150,2386
2018-11-23T20:30:00+09:00,J5,513,499,1012
2018-11-23T20:45:00+09:00,J1,1266,1317,2583
2018-11-23T20:45:00+09:00,J2,587,487,1074
2018-11-23T20:45:00+09:00,J3,872,803,1675
2018-11-23T20:45:00+09:00,J4,1160,1174,2334
2018-11-23T20:45:00+09:00,J5,584,531,1115
2018-11-23T21:00:00+09:00,J1,1085,1211,2296
2018-11-23T21:00:00+09:00,J2,636,620,1256
2018-11-23T21:00:00+09:00,J3,904,849,1753
2018-11-23T21:00:00+09:00,J4,1229,1215,2444
2018-11-23T21:00:00+09:00,J5,614,509,1123
2018-11-23T21:15:00+09:00,J1,1157,1230,2387
2018-11-23T21:15:00+09:00,J2,751,701,1452
2018-11-23T21:15:00+09:00,J3,928,792,1720
2018-11-23T21:15:00+09:00,J4,1222,1231,2453
2018-11-23T21:15:00+09:00,J5,557,485,1042
2018-11-23T21:30:00+09:00,J1,1096,1233,2329
2018-11-23T21:30:00+09:00,J2,713,705,1418
2018-11-23T21:30:00+09:00,J3,967,847,1814
2018-11-23T21:30:00+09:00,J4,1265,1266,2531
2018-11-23T21:30:00+09:00,J5,572,560,1132
2018-11-23T21:45:00+09:00,J1,1118,1212,2330
2018-11-23T21:45:00+09:00,J2,660,596,1256
2018-11-23T21:45:00+09:00,J3,906,772,1678
2018-11-23T21:45:00+09:00,J4,1251,1186,2437
2018-11-23T21:45:00+09:00,J5,606,553,1159
2018-11-23T22:00:00+09:00,J1,1081,1246,2327
2018-11-23T22:00:00+09:00,J2,546,638,1184
2018-11-23T22:00:00+09:00,J3,904,777,1681
2018-11-23T22:00:00+09:00,J4,1312,1340,2652
2018-11-23T22:00:00+09:00,J5,569,588,1157
2018-11-23T22:15:00+09:00,J1,1037,1216,2253
2018-11-23T22:15:00+09:00,J2,594,592,1186
2018-11-23T22:15:00+09:00,J3,843,805,1648
2018-11-23T22:15:00+09:00,J4,1234,1281,2515
2018-11-23T22:15:00+09:00,J5,550,552,1102
2018-11-23T22:30:00+09:00,J1,1032,1184,2216
2018-11-23T22:30:00+09:00,J2,647,725,1372
2018-11-23T22:30:00+09:00,J3,897,763,1660
2018-11-23T22:30:00+09:00,J4,1184,1273,2457
2018-11-23T22:30:00+09:00,J5,543,549,1092
2018-11-23T22:45:00+09:00,J1,1034,1212,2246
2018-11-23T22:45:00+09:00,J2,418,487,905
2018-11-23T22:45:00+09:00,J3,850,724,1574
2018-11-23T22:45:00+09:00,J4,1280,1263,2543
2018-11-23T22:45:00+09:00,J5,445,525,970
2018-11-23T23:00:00+09:00,J1,1056,1148,2204
2018-11-23T23:00:00+09:00,J2,437,556,993
2018-11-23T23:00:00+09:00,J3,872,726,1598
2018-11-23T23:00:00+09:00,J4,1181,1207,2388
2018-11-23T23:00:00+09:00,J5,497,491,988
2018-11-23T23:15:00+09:00,J1,1011,1158,2169
2018-11-23T23:15:00+09:00,J2,394,498,892
2018-11-23T23:15:00+09:00,J3,824,713,1537
2018-11-23T23:15:00+09:00,J4,1014,1108,2122
2018-11-23T23:15:00+09:00,J5,503,539,1042
2018-11-23T23:30:00+09:00,J1,967,1142,2109
2018-11-23T23:30:00+09:00,J2,369,537,906
2018-11-23T23:30:00+09:00,J3,847,762,1609
2018-11-23T23:30:00+09:00,J4,993,1065,2058
2018-11-23T23:30:00+09:00,J5,428,473,901
2018-11-23T23:45:00+09:00,J1,979,1101,2080
2018-11-23T23:45:00+09:00,J2,348,457,805
2018-11-23T23:45:00+09:00,J3,888,709,1597
2018-11-23T23:45:00+09:00,J4,927,971,1898
2018-11-23T23:45:00+09:00,J5,456,521,977
2018-11-24T00:00:00+09:00,J1,888,808,1696
2018-11-24T00:00:00+09:00,J2,390,450,840
2018-11-24T00:00:00+09:00,J3,701,597,1298
2018-11-24T00:00:00+09:00,J4,865,928,1793
2018-11-24T00:00:00+09:00,J5,495,553,1048
2018-11-24T00:15:00+09:00,J1,529,575,1104
2018-11-24T00:15:00+09:00,J2,379,421,800
2018-11-24T00:15:00+09:00,J3,440,421,861
2018-11-24T00:15:00+09:00,J4,648,687,1335
2018-11-24T00:15:00+09:00,J5,474,478,952
2018-11-24T00:30:00+09:00,J1,530,552,1082
2018-11-24T00:30:00+09:00,J2,335,388,723
2018-11-24T00:30:00+09:00,J3,454,381,835
2018-11-24T00:30:00+09:00,J4,472,448,920
2018-11-24T00:30:00+09:00,J5,518,479,997
2018-11-24T00:45:00+09:00,J1,455,523,978
2018-11-24T00:45:00+09:00,J2,306,395,701
2018-11-24T00:45:00+09:00,J3,446,411,857
2018-11-24T00:45:00+09:00,J4,480,472,952
2018-11-24T00:45:00+09:00,J5,489,468,957
2018-11-24T05:45:00+09:00,J1,795,789,1584
2018-11-24T05:45:00+09:00,J2,360,391,751
2018-11-24T05:45:00+09:00,J3,478,481,959
2018-11-24T05:45:00+09:00,J4,690,780,1470
2018-11-24T05:45:00+09:00,J5,543,572,1115
2018-11-24T06:00:00+09:00,J1,878,812,1690
2018-11-24T06:00:00+09:00,J2,280,374,654
2018-11-24T06:00:00+09:00,J3,446,405,851
2018-11-24T06:00:00+09:00,J4,742,786,1528
2018-11-24T06:00:00+09:00,J5,411,315,726
2018-11-24T06:15:00+09:00,J1,843,861,1704
2018-11-24T06:15:00+09:00,J2,276,411,687
2018-11-24T06:15:00+09:00,J3,487,507,994
2018-11-24T06:15:00+09:00,J4,843,860,1703
2018-11-24T06:15:00+09:00,J5,377,363,740
2018-11-24T06:30:00+09:00,J1,813,921,1734
2018-11-24T06:30:00+09:00,J2,347,372,719
2018-11-24T06:30:00+09:00,J3,504,470,974
2018-11-24T06:30:00+09:00,J4,753,880,1633
2018-11-24T06:30:00+09:00,J5,503,398,901
2018-11-24T06:45:00+09:00,J1,830,816,1646
2018-11-24T06:45:00+09:00,J2,378,378,756
2018-11-24T06:45:00+09:00,J3,541,482,1023
2018-11-24T06:45:00+09:00,J4,697,779,1476
2018-11-24T06:45:00+09:00,J5,456,387,843
2018-11-24T07:00:00+09:00,J1,919,972,1891
2018-11-24T07:00:00+09:00,J2,531,549,1080
2018-11-24T07:00:00+09:00,J3,864,829,1693
2018-11-24T07:00:00+09:00,J4,811,888,1699
2018-11-24T07:00:00+09:00,J5,460,444,904
2018-11-24T07:15:00+09:00,J1,930,918,1848
2018-11-24T07:15:00+09:00,J2,430,381,811
2018-11-24T07:15:00+09:00,J3,661,532,1193
2018-11-24T07:15:00+09:00,J4,878,989,1867
2018-11-24T07:15:00+09:00,J5,494,514,1008
2018-11-24T07:30:00+09:00,J1,954,1018,1972
2018-11-24T07:30:00+09:00,J2,403,477,880
2018-11-24T07:30:00+09:00,J3,590,560,1150
2018-11-24T07:30:00+09:00,J4,1017,954,1971
2018-11-24T07:30:00+09:00,J5,505,523,1028
2018-11-24T07:45:00+09:00,J1,993,937,1930
2018-11-24T07:45:00+09:00,J2,460,438,898
2018-11-24T07:45:00+09:00,J3,624,597,1221
2018-11-24T07:45:00+09:00,J4,862,929,1791
2018-11-24T07:45:00+09:00,J5,540,522,1062
2018-11-24T08:00:00+09:00,J1,1376,1292,2668
2018-11-24T08:00:00+09:00,J2,454,489,943
2018-11-24T08:00:00+09:00,J3,777,796,1573
2018-11-24T08:00:00+09:00,J4,1108,1076,2184
2018-11-24T08:00:00+09:00,J5,610,638,1248
2018-11-24T08:15:00+09:00,J1,1381,1360,2741
2018-11-24T08:15:00+09:00,J2,573,498,1071
2018-11-24T08:15:00+09:00,J3,709,718,1427
2018-11-24T08:15:00+09:00,J4,1188,1203,2391
2018-11-24T08:15:00+09:00,J5,651,651,1302
2018-11-24T08:30:00+09:00,J1,1392,1321,2713
2018-11-24T08:30:00+09:00,J2,673,569,1242
2018-11-24T08:30:00+09:00,J3,792,850,1642
2018-11-24T08:30:00+09:00,J4,1268,1209,2477
2018-11-24T08:30:00+09:00,J5,491,524,1015
2018-11-24T08:45:00+09:00,J1,1254,1357,2611
2018-11-24T08:45:00+09:00,J2,711,596,1307
2018-11-24T08:45:00+09:00,J3,871,785,1656
2018-11-24T08:45:00+09:00,J4,1189,1125,2314
2018-11-24T08:45:00+09:00,J5,421,382,803
2018-11-24T09:00:00+09:00,J1,1294,1184,2478
2018-11-24T09:00:00+09:00,J2,540,431,971
2018-11-24T09:00:00+09:00,J3,873,847,1720
2018-11-24T09:00:00+09:00,J4,971,1024,1995
2018-11-24T09:00:00+09:00,J5,592,497,1089
2018-11-24T09:15:00+09:00,J1,1264,1281,2545
2018-11-24T09:15:00+09:00,J2,525,418,943
2018-11-24T09:15:00+09:00,J3,742,758,1500
2018-11-24T09:15:00+09:00,J4,1045,1096,2141
2018-11-24T09:15:00+09:00,J5,582,588,1170
2018-11-24T09:30:00+09:00,J1,1227,1202,2429
2018-11-24T09:30:00+09:00,J2,595,458,1053
2018-11-24T09:30:00+09:00,J3,858,880,1738
2018-11-24T09:30:00+09:00,J4,1045,1073,2118
2018-11-24T09:30:00+09:00,J5,617,612,1229
2018-11-24T09:45:00+09:00,J1,1227,1196,2423
2018-11-24T09:45:00+09:00,J2,577,523,1100
2018-11-24T09:45:00+09:00,J3,940,941,1881
2018-11-24T09:45:00+09:00,J4,1197,1109,2306
2018-11-24T09:45:00+09:00,J5,612,584,1196
2018-11-24T10:00:00+09:00,J1,1210,1256,2466
2018-11-24T10:00:00+09:00,J2,540,598,1138
2018-11-24T10:00:00+09:00,J3,926,924,1850
2018-11-24T10:00:00+09:00,J4,1051,1112,2163
2018-11-24T10:00:00+09:00,J5,520,542,1062
2018-11-24T10:15:00+09:00,J1,1345,1345,2690
2018-11-24T10:15:00+09:00,J2,668,499,1167
2018-11-24T10:15:00+09:00,J3,800,825,1625
2018-11-24T10:15:00+09:00,J4,1124,1120,2244
2018-11-24T10:15:00+09:00,J5,585,569,1154
2018-11-24T10:30:00+09:00,J1,1375,1292,2667
2018-11-24T10:30:00+09:00,J2,638,663,1301
2018-11-24T10:30:00+09:00,J3,800,880,1680
2018-11-24T10:30:00+09:00,J4,1227,1202,2429
2018-11-24T10:30:00+09:00,J5,585,519,1104
2018-11-24T10:45:00+09:00,J1,1274,1370,2644
2018-11-24T10:45:00+09:00,J2,625,647,1272
2018-11-24T10:45:00+09:00,J3,980,896,1876
2018-11-24T10:45:00+09:00,J4,985,1036,2021
2018-11-24T10:45:00+09:00,J5,554,498,1052
2018-11-24T11:00:00+09:00,J1,1358,1374,2732
2018-11-24T11:00:00+09:00,J2,636,642,1278
2018-11-24T11:00:00+09:00,J3,1082,998,2080
2018-11-24T11:00:00+09:00,J4,1049,1070,2119
2018-11-24T11:00:00+09:00,J5,389,447,836
2018-11-24T11:15:00+09:00,J1,1315,1443,2758
2018-11-24T11:15:00+09:00,J2,656,697,1353
2018-11-24T11:15:00+09:00,J3,1121,1031,2152
2018-11-24T11:15:00+09:00,J4,993,1084,2077
2018-11-24T11:15:00+09:00,J5,387,394,781
2018-11-24T11:30:00+09:00,J1,1341,1462,2803
2018-11-24T11:30:00+09:00,J2,639,619,1258
2018-11-24T11:30:00+09:00,J3,1238,974,2212
2018-11-24T11:30:00+09:00,J4,1118,1117,2235
2018-11-24T11:30:00+09:00,J5,391,360,751
2018-11-24T11:45:00+09:00,J1,1336,1410,2746
2018-11-24T11:45:00+09:00,J2,585,675,1260
2018-11-24T11:45:00+09:00,J3,1343,1059,2402
2018-11-24T11:45:00+09:00,J4,1009,1042,2051
2018-11-24T11:45:00+09:00,J5,389,368,757
2018-11-24T12:00:00+09:00,J1,1314,1482,2796
2018-11-24T12:00:00+09:00,J2,755,660,1415
2018-11-24T12:00:00+09:00,J3,1292,1048,2340
2018-11-24T12:00:00+09:00,J4,1003,1055,2058
2018-11-24T12:00:00+09:00,J5,425,370,795
2018-11-24T12:15:00+09:00,J1,1353,1466,2819
2018-11-24T12:15:00+09:00,J2,747,652,1399
2018-11-24T12:15:00+09:00,J3,1233,1074,2307
2018-11-24T12:15:00+09:00,J4,999,1028,2027
2018-11-24T12:15:00+09:00,J5,419,376,795
2018-11-24T12:30:00+09:00,J1,1184,1247,2431
2018-11-24T12:30:00+09:00,J2,709,692,1401
2018-11-24T12:30:00+09:00,J3,1041,1051,2092
2018-11-24T12:30:00+09:00,J4,1092,1066,2158
2018-11-24T12:30:00+09:00,J5,406,383,789
2018-11-24T12:45:00+09:00,J1,1437,1449,2886
2018-11-24T12:45:00+09:00,J2,846,778,1624
2018-11-24T12:45:00+09:00,J3,1142,1140,2282
2018-11-24T12:45:00+09:00,J4,1195,1278,2473
2018-11-24T12:45:00+09:00,J5,509,471,980
2018-11-24T13:00:00+09:00,J1,1361,1325,2686
2018-11-24T13:00:00+09:00,J2,786,705,1491
2018-11-24T13:00:00+09:00,J3,1101,1161,2262
2018-11-24T13:00:00+09:00,J4,1228,1155,2383
2018-11-24T13:00:00+09:00,J5,447,467,914
2018-11-24T13:15:00+09:00,J1,1139,1367,2506
2018-11-24T13:15:00+09:00,J2,627,807,1434
2018-11-24T13:15:00+09:00,J3,1078,1026,2104
2018-11-24T13:15:00+09:00,J4,1133,1160,2293
2018-11-24T13:15:00+09:00,J5,542,482,1024
2018-11-24T13:30:00+09:00,J1,1198,1319,2517
2018-11-24T13:30:00+09:00,J2,772,666,1438
2018-11-24T13:30:00+09:00,J3,1035,1069,2104
2018-11-24T13:30:00+09:00,J4,1062,1173,2235
2018-11-24T13:30:00+09:00,J5,662,561,1223
2018-11-24T13:45:00+09:00,J1,1133,1309,2442
2018-11-24T13:45:00+09:00,J2,909,650,1559
2018-11-24T13:45:00+09:00,J3,1024,998,2022
2018-11-24T13:45:00+09:00,J4,1118,1144,2262
2018-11-24T13:45:00+09:00,J5,678,583,1261
2018-11-24T14:00:00+09:00,J1,1158,1311,2469
2018-11-24T14:00:00+09:00,J2,981,783,1764
2018-11-24T14:00:00+09:00,J3,1008,954,1962
2018-11-24T14:00:00+09:00,J4,1066,1173,2239
2018-11-24T14:00:00+09:00,J5,642,640,1282
2018-11-24T14:15:00+09:00,J1,1165,1396,2561
2018-11-24T14:15:00+09:00,J2,963,865,1828
2018-11-24T14:15:00+09:00,J3,975,1016,1991
2018-11-24T14:15:00+09:00,J4,1168,1168,2336
2018-11-24T14:15:00+09:00,J5,622,653,1275
2018-11-24T14:30:00+09:00,J1,1133,1377,2510
2018-11-24T14:30:00+09:00,J2,1019,799,1818
2018-11-24T14:30:00+09:00,J3,1087,943,2030
2018-11-24T14:30:00+09:00,J4,1139,1174,2313
2018-11-24T14:30:00+09:00,J5,669,655,1324
2018-11-24T14:45:00+09:00,J1,1274,1442,2716
2018-11-24T14:45:00+09:00,J2,972,791,1763
2018-11-24T14:45:00+09:00,J3,1060,1003,2063
2018-11-24T14:45:00+09:00,J4,1134,1178,2312
2018-11-24T14:45:00+09:00,J5,589,651,1240
2018-11-24T15:00:00+09:00,J1,1249,1347,2596
2018-11-24T15:00:00+09:00,J2,1008,791,1799
2018-11-24T15:00:00+09:00,J3,1059,994,2053
2018-11-24T15:00:00+09:00,J4,1177,1228,2405
2018-11-24T15:00:00+09:00,J5,702,623,1325
2018-11-24T15:15:00+09:00,J1,1165,1396,2561
2018-11-24T15:15:00+09:00,J2,1044,787,1831
2018-11-24T15:15:00+09:00,J3,1016,996,2012
2018-11-24T15:15:00+09:00,J4,1188,1152,2340
2018-11-24T15:15:00+09:00,J5,591,628,1219
2018-11-24T15:30:00+09:00,J1,1143,1341,2484
2018-11-24T15:30:00+09:00,J2,1009,870,1879
2018-11-24T15:30:00+09:00,J3,1080,951,2031
2018-11-24T15:30:00+09:00,J4,1197,1181,2378
2018-11-24T15:30:00+09:00,J5,555,622,1177
2018-11-24T15:45:00+09:00,J1,1126,1325,2451
2018-11-24T15:45:00+09:00,J2,1082,855,1937
2018-11-24T15:45:00+09:00,J3,1076,1011,2087
2018-11-24T15:45:00+09:00,J4,1191,1230,2421
2018-11-24T15:45:00+09:00,J5,614,649,1263
2018-11-24T16:00:00+09:00,J1,1159,1374,2533
2018-11-24T16:00:00+09:00,J2,1052,829,1881
2018-11-24T16:00:00+09:00,J3,1288,1040,2328
2018-11-24T16:00:00+09:00,J4,1100,1042,2142
2018-11-24T16:00:00+09:00,J5,634,623,1257
2018-11-24T16:15:00+09:00,J1,1212,1316,2528
2018-11-24T16:15:00+09:00,J2,870,806,1676
2018-11-24T16:15:00+09:00,J3,1376,1146,2522
2018-11-24T16:15:00+09:00,J4,1248,1230,2478
2018-11-24T16:15:00+09:00,J5,625,674,1299
2018-11-24T16:30:00+09:00,J1,1214,1311,2525
2018-11-24T16:30:00+09:00,J2,901,818,1719
2018-11-24T16:30:00+09:00,J3,1511,1090,2601
2018-11-24T16:30:00+09:00,J4,1138,1094,2232
2018-11-24T16:30:00+09:00,J5,572,629,1201
2018-11-24T16:45:00+09:00,J1,1166,1321,2487
2018-11-24T16:45:00+09:00,J2,882,830,1712
2018-11-24T16:45:00+09:00,J3,1383,1127,2510
2018-11-24T16:45:00+09:00,J4,1198,1179,2377
2018-11-24T16:45:00+09:00,J5,587,677,1264
2018-11-24T17:00:00+09:00,J1,1130,1295,2425
2018-11-24T17:00:00+09:00,J2,833,801,1634
2018-11-24T17:00:00+09:00,J3,1199,1110,2309
2018-11-24T17:00:00+09:00,J4,1282,1210,2492
2018-11-24T17:00:00+09:00,J5,666,706,1372
2018-11-24T17:15:00+09:00,J1,1287,1374,2661
2018-11-24T17:15:00+09:00,J2,799,822,1621
2018-11-24T17:15:00+09:00,J3,1210,1155,2365
2018-11-24T17:15:00+09:00,J4,1201,1193,2394
2018-11-24T17:15:00+09:00,J5,690,749,1439
2018-11-24T17:30:00+09:00,J1,1228,1340,2568
2018-11-24T17:30:00+09:00,J2,818,792,1610
2018-11-24T17:30:00+09:00,J3,1287,1067,2354
2018-11-24T17:30:00+09:00,J4,1128,1112,2240
2018-11-24T17:30:00+09:00,J5,647,667,1314
2018-11-24T17:45:00+09:00,J1,1217,1397,2614
2018-11-24T17:45:00+09:00,J2,746,701,1447
2018-11-24T17:45:00+09:00,J3,1213,1102,2315
2018-11-24T17:45:00+09:00,J4,1249,1234,2483
2018-11-24T17:45:00+09:00,J5,612,740,1352
2018-11-24T18:00:00+09:00,J1,1192,1398,2590
2018-11-24T18:00:00+09:00,J2,747,728,1475
2018-11-24T18:00:00+09:00,J3,1290,1168,2458
2018-11-24T18:00:00+09:00,J4,1175,1151,2326
2018-11-24T18:00:00+09:00,J5,691,730,1421
2018-11-24T18:15:00+09:00,J1,1190,1474,2664
2018-11-24T18:15:00+09:00,J2,748,764,1512
2018-11-24T18:15:00+09:00,J3,1317,1129,2446
2018-11-24T18:15:00+09:00,J4,1248,1100,2348
2018-11-24T18:15:00+09:00,J5,722,724,1446
2018-11-24T18:30:00+09:00,J1,1227,1316,2543
2018-11-24T18:30:00+09:00,J2,645,717,1362
2018-11-24T18:30:00+09:00,J3,1241,960,2201
2018-11-24T18:30:00+09:00,J4,1192,1195,2387
2018-11-24T18:30:00+09:00,J5,617,623,1240
2018-11-24T18:45:00+09:00,J1,1182,1294,2476
2018-11-24T18:45:00+09:00,J2,724,700,1424
2018-11-24T18:45:00+09:00,J3,1174,887,2061
2018-11-24T18:45:00+09:00,J4,1095,1052,2147
2018-11-24T18:45:00+09:00,J5,556,504,1060
2018-11-24T19:00:00+09:00,J1,1043,1218,2261
2018-11-24T19:00:00+09:00,J2,765,723,1488
2018-11-24T19:00:00+09:00,J3,1184,888,2072
2018-11-24T19:00:00+09:00,J4,1244,1190,2434
2018-11-24T19:00:00+09:00,J5,471,515,986
2018-11-24T19:15:00+09:00,J1,1086,1246,2332
2018-11-24T19:15:00+09:00,J2,767,694,1461
2018-11-24T19:15:00+09:00,J3,1143,920,2063
2018-11-24T19:15:00+09:00,J4,1137,1192,2329
2018-11-24T19:15:00+09:00,J5,581,574,1155
2018-11-24T19:30:00+09:00,J1,1014,1179,2193
2018-11-24T19:30:00+09:00,J2,664,697,1361
2018-11-24T19:30:00+09:00,J3,1077,908,1985
2018-11-24T19:30:00+09:00,J4,1184,1209,2393
2018-11-24T19:30:00+09:00,J5,563,532,1095
2018-11-24T19:45:00+09:00,J1,1040,1126,2166
2018-11-24T19:45:00+09:00,J2,641,698,1339
2018-11-24T19:45:00+09:00,J3,1093,979,2072
2018-11-24T19:45:00+09:00,J4,1096,1125,2221
2018-11-24T19:45:00+09:00,J5,524,538,1062
2018-11-24T20:00:00+09:00,J1,1007,1097,2104
2018-11-24T20:00:00+09:00,J2,623,683,1306
2018-11-24T20:00:00+09:00,J3,1088,947,2035
2018-11-24T20:00:00+09:00,J4,999,1000,1999
2018-11-24T20:00:00+09:00,J5,511,505,1016
2018-11-24T20:15:00+09:00,J1,1035,1139,2174
2018-11-24T20:15:00+09:00,J2,599,726,1325
2018-11-24T20:15:00+09:00,J3,1095,967,2062
2018-11-24T20:15:00+09:00,J4,1177,1163,2340
2018-11-24T20:15:00+09:00,J5,524,542,1066
2018-11-24T20:30:00+09:00,J1,981,1166,2147
2018-11-24T20:30:00+09:00,J2,595,615,1210
2018-11-24T20:30:00+09:00,J3,1039,870,1909
2018-11-24T20:30:00+09:00,J4,1163,1071,2234
2018-11-24T20:30:00+09:00,J5,549,535,1084
2018-11-24T20:45:00+09:00,J1,1006,1105,2111
2018-11-24T20:45:00+09:00,J2,606,617,1223
2018-11-24T20:45:00+09:00,J3,957,935,1892
2018-11-24T20:45:00+09:00,J4,1109,1102,2211
2018-11-24T20:45:00+09:00,J5,512,511,1023
2018-11-24T21:00:00+09:00,J1,1015,1070,2085
2018-11-24T21:00:00+09:00,J2,645,611,1256
2018-11-24T21:00:00+09:00,J3,1113,876,1989
2018-11-24T21:00:00+09:00,J4,1177,1091,2268
2018-11-24T21:00:00+09:00,J5,510,505,1015
2018-11-24T21:15:00+09:00,J1,987,1059,2046
2018-11-24T21:15:00+09:00,J2,597,614,1211
2018-11-24T21:15:00+09:00,J3,1033,896,1929
2018-11-24T21:15:00+09:00,J4,1205,1196,2401
2018-11-24T21:15:00+09:00,J5,551,564,1115
2018-11-24T21:30:00+09:00,J1,1011,1123,2134
2018-11-24T21:30:00+09:00,J2,577,618,1195
2018-11-24T21:30:00+09:00,J3,1005,845,1850
2018-11-24T21:30:00+09:00,J4,1134,1140,2274
2018-11-24T21:30:00+09:00,J5,528,532,1060
2018-11-24T21:45:00+09:00,J1,970,1110,2080
2018-11-24T21:45:00+09:00,J2,493,562,1055
2018-11-24T21:45:00+09:00,J3,943,827,1770
2018-11-24T21:45:00+09:00,J4,1044,1097,2141
2018-11-24T21:45:00+09:00,J5,485,532,1017
2018-11-24T22:00:00+09:00,J1,1014,1092,2106
2018-11-24T22:00:00+09:00,J2,463,532,995
2018-11-24T22:00:00+09:00,J3,955,859,1814
2018-11-24T22:00:00+09:00,J4,1076,1178,2254
2018-11-24T22:00:00+09:00,J5,467,515,982
2018-11-24T22:15:00+09:00,J1,968,1055,2023
2018-11-24T22:15:00+09:00,J2,365,475,840
2018-11-24T22:15:00+09:00,J3,883,797,1680
2018-11-24T22:15:00+09:00,J4,1111,1098,2209
2018-11-24T22:15:00+09:00,J5,540,578,1118
2018-11-24T22:30:00+09:00,J1,984,1119,2103
2018-11-24T22:30:00+09:00,J2,385,406,791
2018-11-24T22:30:00+09:00,J3,939,801,1740
2018-11-24T22:30:00+09:00,J4,973,1047,2020
2018-11-24T22:30:00+09:00,J5,404,450,854
2018-11-24T22:45:00+09:00,J1,975,1028,2003
2018-11-24T22:45:00+09:00,J2,371,468,839
2018-11-24T22:45:00+09:00,J3,977,847,1824
2018-11-24T22:45:00+09:00,J4,1004,980,1984
2018-11-24T22:45:00+09:00,J5,414,484,898
2018-11-24T23:00:00+09:00,J1,988,1026,2014
2018-11-24T23:00:00+09:00,J2,447,418,865
2018-11-24T23:00:00+09:00,J3,839,728,1567
2018-11-24T23:00:00+09:00,J4,957,960,1917
2018-11-24T23:00:00+09:00,J5,458,438,896
2018-11-24T23:15:00+09:00,J1,1005,1042,2047
2018-11-24T23:15:00+09:00,J2,354,435,789
2018-11-24T23:15:00+09:00,J3,910,824,1734
2018-11-24T23:15:00+09:00,J4,932,923,1855
2018-11-24T23:15:00+09:00,J5,408,408,816
2018-11-24T23:30:00+09:00,J1,977,1060,2037
2018-11-24T23:30:00+09:00,J2,365,446,811
2018-11-24T23:30:00+09:00,J3,910,843,1753
2018-11-24T23:30:00+09:00,J4,851,900,1751
2018-11-24T23:30:00+09:00,J5,400,428,828
2018-11-24T23:45:00+09:00,J1,956,1052,2008
2018-11-24T23:45:00+09:00,J2,358,364,722
2018-11-24T23:45:00+09:00,J3,960,777,1737
2018-11-24T23:45:00+09:00,J4,753,785,1538
2018-11-24T23:45:00+09:00,J5,368,380,748
2018-11-25T00:00:00+09:00,J1,704,742,1446
2018-11-25T00:00:00+09:00,J2,287,372,659
2018-11-25T00:00:00+09:00,J3,884,708,1592
2018-11-25T00:00:00+09:00,J4,780,762,1542
2018-11-25T00:00:00+09:00,J5,391,402,793
2018-11-25T00:15:00+09:00,J1,492,515,1007
2018-11-25T00:15:00+09:00,J2,245,355,600
2018-11-25T00:15:00+09:00,J3,507,393,900
2018-11-25T00:15:00+09:00,J4,538,582,1120
2018-11-25T00:15:00+09:00,J5,394,374,768
2018-11-25T00:30:00+09:00,J1,458,510,968
2018-11-25T00:30:00+09:00,J2,233,349,582
2018-11-25T00:30:00+09:00,J3,423,352,775
2018-11-25T00:30:00+09:00,J4,479,523,1002
2018-11-25T00:30:00+09:00,J5,408,382,790
2018-11-25T00:45:00+09:00,J1,443,376,819
2018-11-25T00:45:00+09:00,J2,215,298,513
2018-11-25T00:45:00+09:00,J3,443,400,843
2018-11-25T00:45:00+09:00,J4,619,678,1297
2018-11-25T00:45:00+09:00,J5,406,419,825
2018-11-25T05:45:00+09:00,J1,635,699,1334
2018-11-25T05:45:00+09:00,J2,298,356,654
2018-11-25T05:45:00+09:00,J3,423,421,844
2018-11-25T05:45:00+09:00,J4,830,826,1656
2018-11-25T05:45:00+09:00,J5,368,359,727
2018-11-25T06:00:00+09:00,J1,656,705,1361
2018-11-25T06:00:00+09:00,J2,332,397,729
2018-11-25T06:00:00+09:00,J3,513,512,1025
2018-11-25T06:00:00+09:00,J4,851,789,1640
2018-11-25T06:00:00+09:00,J5,339,293,632
2018-11-25T06:15:00+09:00,J1,759,755,1514
2018-11-25T06:15:00+09:00,J2,294,391,685
2018-11-25T06:15:00+09:00,J3,554,506,1060
2018-11-25T06:15:00+09:00,J4,772,764,1536
2018-11-25T06:15:00+09:00,J5,341,335,676
2018-11-25T06:30:00+09:00,J1,736,769,1505
2018-11-25T06:30:00+09:00,J2,215,320,535
2018-11-25T06:30:00+09:00,J3,478,476,954
2018-11-25T06:30:00+09:00,J4,787,785,1572
2018-11-25T06:30:00+09:00,J5,399,385,784
2018-11-25T06:45:00+09:00,J1,799,768,1567
2018-11-25T06:45:00+09:00,J2,251,354,605
2018-11-25T06:45:00+09:00,J3,551,500,1051
2018-11-25T06:45:00+09:00,J4,816,871,1687
2018-11-25T06:45:00+09:00,J5,439,386,825
2018-11-25T07:00:00+09:00,J1,864,904,1768
2018-11-25T07:00:00+09:00,J2,277,321,598
2018-11-25T07:00:00+09:00,J3,525,479,1004
2018-11-25T07:00:00+09:00,J4,915,945,1860
2018-11-25T07:00:00+09:00,J5,496,432,928
2018-11-25T07:15:00+09:00,J1,931,910,1841
2018-11-25T07:15:00+09:00,J2,350,369,719
2018-11-25T07:15:00+09:00,J3,596,498,1094
2018-11-25T07:15:00+09:00,J4,958,940,1898
2018-11-25T07:15:00+09:00,J5,485,388,873
2018-11-25T07:30:00+09:00,J1,995,939,1934
2018-11-25T07:30:00+09:00,J2,289,354,643
2018-11-25T07:30:00+09:00,J3,700,598,1298
2018-11-25T07:30:00+09:00,J4,958,1010,1968
2018-11-25T07:30:00+09:00,J5,535,512,1047
2018-11-25T07:45:00+09:00,J1,939,900,1839
2018-11-25T07:45:00+09:00,J2,339,346,685
2018-11-25T07:45:00+09:00,J3,734,668,1402
2018-11-25T07:45:00+09:00,J4,940,979,1919
2018-11-25T07:45:00+09:00,J5,526,565,1091
2018-11-25T08:00:00+09:00,J1,1029,1047,2076
2018-11-25T08:00:00+09:00,J2,380,365,745
2018-11-25T08:00:00+09:00,J3,641,631,1272
2018-11-25T08:00:00+09:00,J4,784,857,1641
2018-11-25T08:00:00+09:00,J5,531,535,1066
2018-11-25T08:15:00+09:00,J1,1447,1470,2917
2018-11-25T08:15:00+09:00,J2,595,519,1114
2018-11-25T08:15:00+09:00,J3,677,701,1378
2018-11-25T08:15:00+09:00,J4,1066,1170,2236
2018-11-25T08:15:00+09:00,J5,732,699,1431
2018-11-25T08:30:00+09:00,J1,1140,1319,2459
2018-11-25T08:30:00+09:00,J2,635,480,1115
2018-11-25T08:30:00+09:00,J3,606,629,1235
2018-11-25T08:30:00+09:00,J4,838,960,1798
2018-11-25T08:30:00+09:00,J5,616,573,1189
2018-11-25T08:45:00+09:00,J1,1130,1194,2324
2018-11-25T08:45:00+09:00,J2,587,533,1120
2018-11-25T08:45:00+09:00,J3,621,648,1269
2018-11-25T08:45:00+09:00,J4,924,929,1853
2018-11-25T08:45:00+09:00,J5,579,570,1149
2018-11-25T09:00:00+09:00,J1,1070,1127,2197
2018-11-25T09:00:00+09:00,J2,540,539,1079
2018-11-25T09:00:00+09:00,J3,747,763,1510
2018-11-25T09:00:00+09:00,J4,944,975,1919
2018-11-25T09:00:00+09:00,J5,465,548,1013
2018-11-25T09:15:00+09:00,J1,1091,1080,2171
2018-11-25T09:15:00+09:00,J2,435,454,889
2018-11-25T09:15:00+09:00,J3,910,859,1769
2018-11-25T09:15:00+09:00,J4,905,919,1824
2018-11-25T09:15:00+09:00,J5,528,622,1150
2018-11-25T09:30:00+09:00,J1,1056,997,2053
2018-11-25T09:30:00+09:00,J2,422,527,949
2018-11-25T09:30:00+09:00,J3,1008,944,1952
2018-11-25T09:30:00+09:00,J4,944,953,1897
2018-11-25T09:30:00+09:00,J5,514,625,1139
2018-11-25T09:45:00+09:00,J1,1117,1058,2175
2018-11-25T09:45:00+09:00,J2,531,563,1094
2018-11-25T09:45:00+09:00,J3,970,853,1823
2018-11-25T09:45:00+09:00,J4,910,923,1833
2018-11-25T09:45:00+09:00,J5,464,555,1019
2018-11-25T10:00:00+09:00,J1,1087,1065,2152
2018-11-25T10:00:00+09:00,J2,461,484,945
2018-11-25T10:00:00+09:00,J3,938,866,1804
2018-11-25T10:00:00+09:00,J4,914,916,1830
2018-11-25T10:00:00+09:00,J5,525,577,1102
2018-11-25T10:15:00+09:00,J1,1093,1143,2236
2018-11-25T10:15:00+09:00,J2,472,596,1068
2018-11-25T10:15:00+09:00,J3,985,918,1903
2018-11-25T10:15:00+09:00,J4,840,944,1784
2018-11-25T10:15:00+09:00,J5,525,535,1060
2018-11-25T10:30:00+09:00,J1,1119,1127,2246
2018-11-25T10:30:00+09:00,J2,505,565,1070
2018-11-25T10:30:00+09:00,J3,1031,939,1970
2018-11-25T10:30:00+09:00,J4,853,893,1746
2018-11-25T10:30:00+09:00,J5,541,590,1131
2018-11-25T10:45:00+09:00,J1,1126,1115,2241
2018-11-25T10:45:00+09:00,J2,484,546,1030
2018-11-25T10:45:00+09:00,J3,1041,1041,2082
2018-11-25T10:45:00+09:00,J4,906,958,1864
2018-11-25T10:45:00+09:00,J5,589,612,1201
2018-11-25T11:00:00+09:00,J1,1233,1282,2515
2018-11-25T11:00:00+09:00,J2,482,585,1067
2018-11-25T11:00:00+09:00,J3,1133,1093,2226
2018-11-25T11:00:00+09:00,J4,836,847,1683
2018-11-25T11:00:00+09:00,J5,530,485,1015
2018-11-25T11:15:00+09:00,J1,1185,1317,2502
2018-11-25T11:15:00+09:00,J2,654,591,1245
2018-11-25T11:15:00+09:00,J3,983,1036,2019
2018-11-25T11:15:00+09:00,J4,898,933,1831
2018-11-25T11:15:00+09:00,J5,513,476,989
2018-11-25T11:30:00+09:00,J1,1166,1389,2555
2018-11-25T11:30:00+09:00,J2,536,609,1145
2018-11-25T11:30:00+09:00,J3,1017,998,2015
2018-11-25T11:30:00+09:00,J4,901,916,1817
2018-11-25T11:30:00+09:00,J5,430,463,893
2018-11-25T11:45:00+09:00,J1,1068,1265,2333
2018-11-25T11:45:00+09:00,J2,512,563,1075
2018-11-25T11:45:00+09:00,J3,979,931,1910
2018-11-25T11:45:00+09:00,J4,909,842,1751
2018-11-25T11:45:00+09:00,J5,318,378,696
2018-11-25T12:00:00+09:00,J1,1148,1270,2418
2018-11-25T12:00:00+09:00,J2,632,632,1264
2018-11-25T12:00:00+09:00,J3,978,1018,1996
2018-11-25T12:00:00+09:00,J4,909,865,1774
2018-11-25T12:00:00+09:00,J5,412,427,839
2018-11-25T12:15:00+09:00,J1,1138,1224,2362
2018-11-25T12:15:00+09:00,J2,591,626,1217
2018-11-25T12:15:00+09:00,J3,1051,1034,2085
2018-11-25T12:15:00+09:00,J4,917,961,1878
2018-11-25T12:15:00+09:00,J5,604,561,1165
2018-11-25T12:30:00+09:00,J1,1042,1188,2230
2018-11-25T12:30:00+09:00,J2,662,642,1304
2018-11-25T12:30:00+09:00,J3,896,833,1729
2018-11-25T12:30:00+09:00,J4,809,963,1772
2018-11-25T12:30:00+09:00,J5,563,549,1112
2018-11-25T12:45:00+09:00,J1,1006,1167,2173
2018-11-25T12:45:00+09:00,J2,762,674,1436
2018-11-25T12:45:00+09:00,J3,912,824,1736
2018-11-25T12:45:00+09:00,J4,887,894,1781
2018-11-25T12:45:00+09:00,J5,539,622,1161
2018-11-25T13:00:00+09:00,J1,1048,1160,2208
2018-11-25T13:00:00+09:00,J2,803,823,1626
2018-11-25T13:00:00+09:00,J3,911,839,1750
2018-11-25T13:00:00+09:00,J4,826,832,1658
2018-11-25T13:00:00+09:00,J5,521,572,1093
2018-11-25T13:15:00+09:00,J1,1089,1287,2376
2018-11-25T13:15:00+09:00,J2,817,869,1686
2018-11-25T13:15:00+09:00,J3,885,818,1703
2018-11-25T13:15:00+09:00,J4,889,891,1780
2018-11-25T13:15:00+09:00,J5,549,599,1148
2018-11-25T13:30:00+09:00,J1,958,1252,2210
2018-11-25T13:30:00+09:00,J2,781,840,1621
2018-11-25T13:30:00+09:00,J3,846,880,1726
2018-11-25T13:30:00+09:00,J4,1027,1034,2061
2018-11-25T13:30:00+09:00,J5,507,555,1062
2018-11-25T13:45:00+09:00,J1,1029,1244,2273
2018-11-25T13:45:00+09:00,J2,837,796,1633
2018-11-25T13:45:00+09:00,J3,902,847,1749
2018-11-25T13:45:00+09:00,J4,1011,956,1967
2018-11-25T13:45:00+09:00,J5,481,554,1035
2018-11-25T14:00:00+09:00,J1,1014,1262,2276
2018-11-25T14:00:00+09:00,J2,787,768,1555
2018-11-25T14:00:00+09:00,J3,889,815,1704
2018-11-25T14:00:00+09:00,J4,959,955,1914
2018-11-25T14:00:00+09:00,J5,519,573,1092
2018-11-25T14:15:00+09:00,J1,1056,1298,2354
2018-11-25T14:15:00+09:00,J2,819,814,1633
2018-11-25T14:15:00+09:00,J3,914,864,1778
2018-11-25T14:15:00+09:00,J4,1002,983,1985
2018-11-25T14:15:00+09:00,J5,424,547,971
2018-11-25T14:30:00+09:00,J1,1000,1269,2269
2018-11-25T14:30:00+09:00,J2,794,779,1573
2018-11-25T14:30:00+09:00,J3,930,873,1803
2018-11-25T14:30:00+09:00,J4,966,954,1920
2018-11-25T14:30:00+09:00,J5,421,518,939
2018-11-25T14:45:00+09:00,J1,909,1035,1944
2018-11-25T14:45:00+09:00,J2,735,728,1463
2018-11-25T14:45:00+09:00,J3,783,783,1566
2018-11-25T14:45:00+09:00,J4,907,784,1691
2018-11-25T14:45:00+09:00,J5,398,484,882
2018-11-25T15:00:00+09:00,J1,1230,1313,2543
2018-11-25T15:00:00+09:00,J2,965,909,1874
2018-11-25T15:00:00+09:00,J3,1009,966,1975
2018-11-25T15:00:00+09:00,J4,1062,979,2041
2018-11-25T15:00:00+09:00,J5,558,647,1205
2018-11-25T15:15:00+09:00,J1,1024,1221,2245
2018-11-25T15:15:00+09:00,J2,979,821,1800
2018-11-25T15:15:00+09:00,J3,943,868,1811
2018-11-25T15:15:00+09:00,J4,1017,900,1917
2018-11-25T15:15:00+09:00,J5,509,549,1058
2018-11-25T15:30:00+09:00,J1,983,1174,2157
2018-11-25T15:30:00+09:00,J2,896,787,1683
2018-11-25T15:30:00+09:00,J3,882,830,1712
2018-11-25T15:30:00+09:00,J4,1079,947,2026
2018-11-25T15:30:00+09:00,J5,562,578,1140
2018-11-25T15:45:00+09:00,J1,1060,1168,2228
2018-11-25T15:45:00+09:00,J2,1012,780,1792
2018-11-25T15:45:00+09:00,J3,907,838,1745
2018-11-25T15:45:00+09:00,J4,1011,879,1890
2018-11-25T15:45:00+09:00,J5,534,551,1085
2018-11-25T16:00:00+09:00,J1,977,1202,2179
2018-11-25T16:00:00+09:00,J2,905,855,1760
2018-11-25T16:00:00+09:00,J3,1104,975,2079
2018-11-25T16:00:00+09:00,J4,934,855,1789
2018-11-25T16:00:00+09:00,J5,510,559,1069
2018-11-25T16:15:00+09:00,J1,1022,1129,2151
2018-11-25T16:15:00+09:00,J2,868,837,1705
2018-11-25T16:15:00+09:00,J3,1071,938,2009
2018-11-25T16:15:00+09:00,J4,967,867,1834
2018-11-25T16:15:00+09:00,J5,531,632,1163
2018-11-25T16:30:00+09:00,J1,1020,1171,2191
2018-11-25T16:30:00+09:00,J2,797,955,1752
2018-11-25T16:30:00+09:00,J3,988,857,1845
2018-11-25T16:30:00+09:00,J4,1013,894,1907
2018-11-25T16:30:00+09:00,J5,543,610,1153
2018-11-25T16:45:00+09:00,J1,1040,1127,2167
2018-11-25T16:45:00+09:00,J2,878,772,1650
2018-11-25T16:45:00+09:00,J3,1017,837,1854
2018-11-25T16:45:00+09:00,J4,939,857,1796
2018-11-25T16:45:00+09:00,J5,550,556,1106
2018-11-25T17:00:00+09:00,J1,1139,1170,2309
2018-11-25T17:00:00+09:00,J2,746,735,1481
2018-11-25T17:00:00+09:00,J3,920,856,1776
2018-11-25T17:00:00+09:00,J4,885,791,1676
2018-11-25T17:00:00+09:00,J5,508,581,1089
2018-11-25T17:15:00+09:00,J1,1066,1212,2278
2018-11-25T17:15:00+09:00,J2,778,736,1514
2018-11-25T17:15:00+09:00,J3,872,826,1698
2018-11-25T17:15:00+09:00,J4,980,841,1821
2018-11-25T17:15:00+09:00,J5,571,560,1131
2018-11-25T17:30:00+09:00,J1,1071,1269,2340
2018-11-25T17:30:00+09:00,J2,688,746,1434
2018-11-25T17:30:00+09:00,J3,879,845,1724
2018-11-25T17:30:00+09:00,J4,1000,907,1907
2018-11-25T17:30:00+09:00,J5,511,545,1056
2018-11-25T17:45:00+09:00,J1,1047,1182,2229
2018-11-25T17:45:00+09:00,J2,707,690,1397
2018-11-25T17:45:00+09:00,J3,859,798,1657
2018-11-25T17:45:00+09:00,J4,939,968,1907
2018-11-25T17:45:00+09:00,J5,519,564,1083
2018-11-25T18:00:00+09:00,J1,1183,1132,2315
2018-11-25T18:00:00+09:00,J2,684,734,1418
2018-11-25T18:00:00+09:00,J3,914,850,1764
2018-11-25T18:00:00+09:00,J4,862,832,1694
2018-11-25T18:00:00+09:00,J5,501,539,1040
2018-11-25T18:15:00+09:00,J1,1132,1147,2279
2018-11-25T18:15:00+09:00,J2,674,664,1338
2018-11-25T18:15:00+09:00,J3,964,970,1934
2018-11-25T18:15:00+09:00,J4,746,678,1424
2018-11-25T18:15:00+09:00,J5,542,530,1072
2018-11-25T18:30:00+09:00,J1,993,1109,2102
2018-11-25T18:30:00+09:00,J2,688,732,1420
2018-11-25T18:30:00+09:00,J3,970,960,1930
2018-11-25T18:30:00+09:00,J4,909,889,1798
2018-11-25T18:30:00+09:00,J5,451,513,964
2018-11-25T18:45:00+09:00,J1,988,1137,2125
2018-11-25T18:45:00+09:00,J2,605,670,1275
2018-11-25T18:45:00+09:00,J3,878,920,1798
2018-11-25T18:45:00+09:00,J4,904,916,1820
2018-11-25T18:45:00+09:00,J5,456,481,937
2018-11-25T19:00:00+09:00,J1,884,997,1881
2018-11-25T19:00:00+09:00,J2,784,790,1574
2018-11-25T19:00:00+09:00,J3,956,858,1814
2018-11-25T19:00:00+09:00,J4,730,833,1563
2018-11-25T19:00:00+09:00,J5,424,453,877
2018-11-25T19:15:00+09:00,J1,914,1083,1997
2018-11-25T19:15:00+09:00,J2,858,730,1588
2018-11-25T19:15:00+09:00,J3,953,944,1897
2018-11-25T19:15:00+09:00,J4,773,674,1447
2018-11-25T19:15:00+09:00,J5,488,466,954
2018-11-25T19:30:00+09:00,J1,934,1030,1964
2018-11-25T19:30:00+09:00,J2,704,696,1400
2018-11-25T19:30:00+09:00,J3,924,887,1811
2018-11-25T19:30:00+09:00,J4,736,779,1515
2018-11-25T19:30:00+09:00,J5,424,441,865
2018-11-25T19:45:00+09:00,J1,905,975,1880
2018-11-25T19:45:00+09:00,J2,795,687,1482
2018-11-25T19:45:00+09:00,J3,894,926,1820
2018-11-25T19:45:00+09:00,J4,773,826,1599
2018-11-25T19:45:00+09:00,J5,410,435,845
2018-11-25T20:00:00+09:00,J1,885,1038,1923
2018-11-25T20:00:00+09:00,J2,754,759,1513
2018-11-25T20:00:00+09:00,J3,1095,961,2056
2018-11-25T20:00:00+09:00,J4,569,729,1298
2018-11-25T20:00:00+09:00,J5,356,425,781
2018-11-25T20:15:00+09:00,J1,864,1054,1918
2018-11-25T20:15:00+09:00,J2,620,694,1314
2018-11-25T20:15:00+09:00,J3,892,970,1862
2018-11-25T20:15:00+09:00,J4,601,633,1234
2018-11-25T20:15:00+09:00,J5,356,415,771
2018-11-25T20:30:00+09:00,J1,896,1023,1919
2018-11-25T20:30:00+09:00,J2,545,573,1118
2018-11-25T20:30:00+09:00,J3,976,893,1869
2018-11-25T20:30:00+09:00,J4,808,841,1649
2018-11-25T20:30:00+09:00,J5,452,583,1035
2018-11-25T20:45:00+09:00,J1,979,1029,2008
2018-11-25T20:45:00+09:00,J2,509,584,1093
2018-11-25T20:45:00+09:00,J3,953,895,1848
2018-11-25T20:45:00+09:00,J4,948,855,1803
2018-11-25T20:45:00+09:00,J5,443,543,986
2018-11-25T21:00:00+09:00,J1,1004,1088,2092
2018-11-25T21:00:00+09:00,J2,527,566,1093
2018-11-25T21:00:00+09:00,J3,941,842,1783
2018-11-25T21:00:00+09:00,J4,926,862,1788
2018-11-25T21:00:00+09:00,J5,442,512,954
2018-11-25T21:15:00+09:00,J1,960,1072,2032
2018-11-25T21:15:00+09:00,J2,435,487,922
2018-11-25T21:15:00+09:00,J3,824,833,1657
2018-11-25T21:15:00+09:00,J4,1055,953,2008
2018-11-25T21:15:00+09:00,J5,448,507,955
2018-11-25T21:30:00+09:00,J1,950,989,1939
2018-11-25T21:30:00+09:00,J2,543,474,1017
2018-11-25T21:30:00+09:00,J3,738,642,1380
2018-11-25T21:30:00+09:00,J4,880,812,1692
2018-11-25T21:30:00+09:00,J5,466,530,996
2018-11-25T21:45:00+09:00,J1,839,848,1687
2018-11-25T21:45:00+09:00,J2,523,516,1039
2018-11-25T21:45:00+09:00,J3,728,737,1465
2018-11-25T21:45:00+09:00,J4,839,779,1618
2018-11-25T21:45:00+09:00,J5,459,520,979
2018-11-25T22:00:00+09:00,J1,826,869,1695
2018-11-25T22:00:00+09:00,J2,432,454,886
2018-11-25T22:00:00+09:00,J3,810,724,1534
2018-11-25T22:00:00+09:00,J4,913,866,1779
2018-11-25T22:00:00+09:00,J5,505,544,1049
2018-11-25T22:15:00+09:00,J1,922,931,1853
2018-11-25T22:15:00+09:00,J2,342,389,731
2018-11-25T22:15:00+09:00,J3,794,772,1566
2018-11-25T22:15:00+09:00,J4,943,948,1891
2018-11-25T22:15:00+09:00,J5,456,488,944
2018-11-25T22:30:00+09:00,J1,875,953,1828
2018-11-25T22:30:00+09:00,J2,356,380,736
2018-11-25T22:30:00+09:00,J3,846,764,1610
2018-11-25T22:30:00+09:00,J4,897,882,1779
2018-11-25T22:30:00+09:00,J5,488,547,1035
2018-11-25T22:45:00+09:00,J1,861,982,1843
2018-11-25T22:45:00+09:00,J2,300,350,650
2018-11-25T22:45:00+09:00,J3,778,708,1486
2018-11-25T22:45:00+09:00,J4,939,985,1924
2018-11-25T22:45:00+09:00,J5,404,480,884
2018-11-25T23:00:00+09:00,J1,891,903,1794
2018-11-25T23:00:00+09:00,J2,304,366,670
2018-11-25T23:00:00+09:00,J3,903,709,1612
2018-11-25T23:00:00+09:00,J4,835,812,1647
2018-11-25T23:00:00+09:00,J5,402,460,862
2018-11-25T23:15:00+09:00,J1,867,934,1801
2018-11-25T23:15:00+09:00,J2,272,371,643
2018-11-25T23:15:00+09:00,J3,815,700,1515
2018-11-25T23:15:00+09:00,J4,863,839,1702
2018-11-25T23:15:00+09:00,J5,395,474,869
2018-11-25T23:30:00+09:00,J1,878,873,1751
2018-11-25T23:30:00+09:00,J2,274,327,601
2018-11-25T23:30:00+09:00,J3,858,717,1575
2018-11-25T23:30:00+09:00,J4,727,753,1480
2018-11-25T23:30:00+09:00,J5,355,419,774
2018-11-25T23:45:00+09:00,J1,874,941,1815
2018-11-25T23:45:00+09:00,J2,295,326,621
2018-11-25T23:45:00+09:00,J3,735,676,1411
2018-11-25T23:45:00+09:00,J4,792,760,1552
2018-11-25T23:45:00+09:00,J5,364,375,739
2018-11-26T00:00:00+09:00,J1,674,666,1340
2018-11-26T00:00:00+09:00,J2,241,269,510
2018-11-26T00:00:00+09:00,J3,696,633,1329
2018-11-26T00:00:00+09:00,J4,775,653,1428
2018-11-26T00:00:00+09:00,J5,381,426,807
2018-11-26T00:15:00+09:00,J1,530,578,1108
2018-11-26T00:15:00+09:00,J2,272,302,574
2018-11-26T00:15:00+09:00,J3,607,522,1129
2018-11-26T00:15:00+09:00,J4,719,620,1339
2018-11-26T00:15:00+09:00,J5,338,396,734
2018-11-26T00:30:00+09:00,J1,608,590,1198
2018-11-26T00:30:00+09:00,J2,236,325,561
2018-11-26T00:30:00+09:00,J3,432,363,795
2018-11-26T00:30:00+09:00,J4,670,542,1212
2018-11-26T00:30:00+09:00,J5,317,345,662
2018-11-26T00:45:00+09:00,J1,577,545,1122
2018-11-26T00:45:00+09:00,J2,222,311,533
2018-11-26T00:45:00+09:00,J3,487,371,858
2018-11-26T00:45:00+09:00,J4,616,635,1251
2018-11-26T00:45:00+09:00,J5,347,321,668
2018-11-26T05:45:00+09:00,J1,632,611,1243
2018-11-26T05:45:00+09:00,J2,269,347,616
2018-11-26T05:45:00+09:00,J3,444,434,878
2018-11-26T05:45:00+09:00,J4,811,730,1541
2018-11-26T05:45:00+09:00,J5,602,534,1136
2018-11-26T06:00:00+09:00,J1,615,675,1290
2018-11-26T06:00:00+09:00,J2,315,397,712
2018-11-26T06:00:00+09:00,J3,509,515,1024
2018-11-26T06:00:00+09:00,J4,776,694,1470
2018-11-26T06:00:00+09:00,J5,323,322,645
2018-11-26T06:15:00+09:00,J1,676,699,1375
2018-11-26T06:15:00+09:00,J2,329,416,745
2018-11-26T06:15:00+09:00,J3,643,575,1218
2018-11-26T06:15:00+09:00,J4,890,910,1800
2018-11-26T06:15:00+09:00,J5,379,322,701
2018-11-26T06:30:00+09:00,J1,693,757,1450
2018-11-26T06:30:00+09:00,J2,319,381,700
2018-11-26T06:30:00+09:00,J3,539,514,1053
2018-11-26T06:30:00+09:00,J4,897,902,1799
2018-11-26T06:30:00+09:00,J5,402,383,785
2018-11-26T06:45:00+09:00,J1,836,763,1599
2018-11-26T06:45:00+09:00,J2,379,379,758
2018-11-26T06:45:00+09:00,J3,669,592,1261
2018-11-26T06:45:00+09:00,J4,939,935,1874
2018-11-26T06:45:00+09:00,J5,484,425,909
2018-11-26T07:00:00+09:00,J1,923,875,1798
2018-11-26T07:00:00+09:00,J2,358,354,712
2018-11-26T07:00:00+09:00,J3,701,632,1333
2018-11-26T07:00:00+09:00,J4,926,931,1857
2018-11-26T07:00:00+09:00,J5,484,440,924
2018-11-26T07:15:00+09:00,J1,900,904,1804
2018-11-26T07:15:00+09:00,J2,385,331,716
2018-11-26T07:15:00+09:00,J3,885,741,1626
2018-11-26T07:15:00+09:00,J4,1145,1051,2196
2018-11-26T07:15:00+09:00,J5,549,637,1186
2018-11-26T07:30:00+09:00,J1,998,1009,2007
2018-11-26T07:30:00+09:00,J2,433,378,811
2018-11-26T07:30:00+09:00,J3,795,927,1722
2018-11-26T07:30:00+09:00,J4,994,1112,2106
2018-11-26T07:30:00+09:00,J5,700,615,1315
2018-11-26T07:45:00+09:00,J1,1041,958,1999
2018-11-26T07:45:00+09:00,J2,674,497,1171
2018-11-26T07:45:00+09:00,J3,790,924,1714
2018-11-26T07:45:00+09:00,J4,1019,1277,2296
2018-11-26T07:45:00+09:00,J5,676,635,1311
2018-11-26T08:00:00+09:00,J1,1386,1230,2616
2018-11-26T08:00:00+09:00,J2,980,664,1644
2018-11-26T08:00:00+09:00,J3,843,1116,1959
2018-11-26T08:00:00+09:00,J4,1144,1321,2465
2018-11-26T08:00:00+09:00,J5,708,656,1364
2018-11-26T08:15:00+09:00,J1,1426,1232,2658
2018-11-26T08:15:00+09:00,J2,1075,743,1818
2018-11-26T08:15:00+09:00,J3,936,1218,2154
2018-11-26T08:15:00+09:00,J4,1143,1344,2487
2018-11-26T08:15:00+09:00,J5,637,547,1184
2018-11-26T08:30:00+09:00,J1,1426,1169,2595
2018-11-26T08:30:00+09:00,J2,1014,758,1772
2018-11-26T08:30:00+09:00,J3,776,1239,2015
2018-11-26T08:30:00+09:00,J4,1174,1325,2499
2018-11-26T08:30:00+09:00,J5,577,644,1221
2018-11-26T08:45:00+09:00,J1,1244,1146,2390
2018-11-26T08:45:00+09:00,J2,890,623,1513
2018-11-26T08:45:00+09:00,J3,955,1096,2051
2018-11-26T08:45:00+09:00,J4,1058,1212,2270
2018-11-26T08:45:00+09:00,J5,585,707,1292
2018-11-26T09:00:00+09:00,J1,1249,1105,2354
2018-11-26T09:00:00+09:00,J2,812,682,1494
2018-11-26T09:00:00+09:00,J3,943,956,1899
2018-11-26T09:00:00+09:00,J4,885,949,1834
2018-11-26T09:00:00+09:00,J5,616,669,1285
2018-11-26T09:15:00+09:00,J1,1212,1135,2347
2018-11-26T09:15:00+09:00,J2,706,553,1259
2018-11-26T09:15:00+09:00,J3,935,861,1796
2018-11-26T09:15:00+09:00,J4,935,1010,1945
2018-11-26T09:15:00+09:00,J5,631,648,1279
2018-11-26T09:30:00+09:00,J1,1144,903,2047
2018-11-26T09:30:00+09:00,J2,659,503,1162
2018-11-26T09:30:00+09:00,J3,988,945,1933
2018-11-26T09:30:00+09:00,J4,909,1009,1918
2018-11-26T09:30:00+09:00,J5,716,705,1421
2018-11-26T09:45:00+09:00,J1,957,939,1896
2018-11-26T09:45:00+09:00,J2,512,417,929
2018-11-26T09:45:00+09:00,J3,944,888,1832
2018-11-26T09:45:00+09:00,J4,806,946,1752
2018-11-26T09:45:00+09:00,J5,636,638,1274
2018-11-26T10:00:00+09:00,J1,1025,1061,2086
2018-11-26T10:00:00+09:00,J2,474,476,950
2018-11-26T10:00:00+09:00,J3,978,891,1869
2018-11-26T10:00:00+09:00,J4,821,935,1756
2018-11-26T10:00:00+09:00,J5,573,570,1143
2018-11-26T10:15:00+09:00,J1,998,989,1987
2018-11-26T10:15:00+09:00,J2,588,513,1101
2018-11-26T10:15:00+09:00,J3,949,907,1856
2018-11-26T10:15:00+09:00,J4,862,905,1767
2018-11-26T10:15:00+09:00,J5,540,513,1053
2018-11-26T10:30:00+09:00,J1,986,954,1940
2018-11-26T10:30:00+09:00,J2,564,539,1103
2018-11-26T10:30:00+09:00,J3,941,873,1814
2018-11-26T10:30:00+09:00,J4,857,1000,1857
2018-11-26T10:30:00+09:00,J5,522,541,1063
2018-11-26T10:45:00+09:00,J1,958,900,1858
2018-11-26T10:45:00+09:00,J2,679,544,1223
2018-11-26T10:45:00+09:00,J3,990,974,1964
2018-11-26T10:45:00+09:00,J4,925,850,1775
2018-11-26T10:45:00+09:00,J5,520,495,1015
2018-11-26T11:00:00+09:00,J1,1037,1114,2151
2018-11-26T11:00:00+09:00,J2,658,586,1244
2018-11-26T11:00:00+09:00,J3,887,914,1801
2018-11-26T11:00:00+09:00,J4,903,877,1780
2018-11-26T11:00:00+09:00,J5,468,438,906
2018-11-26T11:15:00+09:00,J1,1044,1129,2173
2018-11-26T11:15:00+09:00,J2,732,752,1484
2018-11-26T11:15:00+09:00,J3,888,889,1777
2018-11-26T11:15:00+09:00,J4,900,930,1830
2018-11-26T11:15:00+09:00,J5,428,393,821
2018-11-26T11:30:00+09:00,J1,1107,1090,2197
2018-11-26T11:30:00+09:00,J2,741,707,1448
2018-11-26T11:30:00+09:00,J3,766,820,1586
2018-11-26T11:30:00+09:00,J4,905,879,1784
2018-11-26T11:30:00+09:00,J5,429,370,799
2018-11-26T11:45:00+09:00,J1,1111,1140,2251
2018-11-26T11:45:00+09:00,J2,842,732,1574
2018-11-26T11:45:00+09:00,J3,792,900,1692
2018-11-26T11:45:00+09:00,J4,927,859,1786
2018-11-26T11:45:00+09:00,J5,388,290,678
2018-11-26T12:00:00+09:00,J1,1071,1187,2258
2018-11-26T12:00:00+09:00,J2,830,739,1569
2018-11-26T12:00:00+09:00,J3,822,852,1674
2018-11-26T12:00:00+09:00,J4,908,937,1845
2018-11-26T12:00:00+09:00,J5,409,356,765
2018-11-26T12:15:00+09:00,J1,970,1063,2033
2018-11-26T12:15:00+09:00,J2,879,804,1683
2018-11-26T12:15:00+09:00,J3,817,842,1659
2018-11-26T12:15:00+09:00,J4,935,903,1838
2018-11-26T12:15:00+09:00,J5,416,414,830
2018-11-26T12:30:00+09:00,J1,943,1047,1990
2018-11-26T12:30:00+09:00,J2,831,741,1572
2018-11-26T12:30:00+09:00,J3,831,881,1712
2018-11-26T12:30:00+09:00,J4,804,881,1685
2018-11-26T12:30:00+09:00,J5,549,483,1032
2018-11-26T12:45:00+09:00,J1,959,1082,2041
2018-11-26T12:45:00+09:00,J2,805,745,1550
2018-11-26T12:45:00+09:00,J3,771,839,1610
2018-11-26T12:45:00+09:00,J4,860,961,1821
2018-11-26T12:45:00+09:00,J5,571,530,1101
2018-11-26T13:00:00+09:00,J1,961,1051,2012
2018-11-26T13:00:00+09:00,J2,920,795,1715
2018-11-26T13:00:00+09:00,J3,800,850,1650
2018-11-26T13:00:00+09:00,J4,848,902,1750
2018-11-26T13:00:00+09:00,J5,587,549,1136
2018-11-26T13:15:00+09:00,J1,897,1050,1947
2018-11-26T13:15:00+09:00,J2,852,702,1554
2018-11-26T13:15:00+09:00,J3,828,855,1683
2018-11-26T13:15:00+09:00,J4,908,902,1810
2018-11-26T13:15:00+09:00,J5,650,589,1239
2018-11-26T13:30:00+09:00,J1,936,1057,1993
2018-11-26T13:30:00+09:00,J2,806,764,1570
2018-11-26T13:30:00+09:00,J3,792,757,1549
2018-11-26T13:30:00+09:00,J4,860,902,1762
2018-11-26T13:30:00+09:00,J5,607,534,1141
2018-11-26T13:45:00+09:00,J1,866,913,1779
2018-11-26T13:45:00+09:00,J2,747,741,1488
2018-11-26T13:45:00+09:00,J3,770,780,1550
2018-11-26T13:45:00+09:00,J4,916,912,1828
2018-11-26T13:45:00+09:00,J5,549,504,1053
2018-11-26T14:00:00+09:00,J1,930,964,1894
2018-11-26T14:00:00+09:00,J2,758,706,1464
2018-11-26T14:00:00+09:00,J3,761,789,1550
2018-11-26T14:00:00+09:00,J4,857,926,1783
2018-11-26T14:00:00+09:00,J5,639,585,1224
2018-11-26T14:15:00+09:00,J1,900,993,1893
2018-11-26T14:15:00+09:00,J2,793,689,1482
2018-11-26T14:15:00+09:00,J3,815,784,1599
2018-11-26T14:15:00+09:00,J4,849,936,1785
2018-11-26T14:15:00+09:00,J5,636,620,1256
2018-11-26T14:30:00+09:00,J1,926,1061,1987
2018-11-26T14:30:00+09:00,J2,826,656,1482
2018-11-26T14:30:00+09:00,J3,783,681,1464
2018-11-26T14:30:00+09:00,J4,829,911,1740
2018-11-26T14:30:00+09:00,J5,639,522,1161
2018-11-26T14:45:00+09:00,J1,969,849,1818
2018-11-26T14:45:00+09:00,J2,708,695,1403
2018-11-26T14:45:00+09:00,J3,870,786,1656
2018-11-26T14:45:00+09:00,J4,853,901,1754
2018-11-26T14:45:00+09:00,J5,688,592,1280
2018-11-26T15:00:00+09:00,J1,909,967,1876
2018-11-26T15:00:00+09:00,J2,737,729,1466
2018-11-26T15:00:00+09:00,J3,786,720,1506
2018-11-26T15:00:00+09:00,J4,909,915,1824
2018-11-26T15:00:00+09:00,J5,683,575,1258
2018-11-26T15:15:00+09:00,J1,952,902,1854
2018-11-26T15:15:00+09:00,J2,699,729,1428
2018-11-26T15:15:00+09:00,J3,719,766,1485
2018-11-26T15:15:00+09:00,J4,947,904,1851
2018-11-26T15:15:00+09:00,J5,640,605,1245
2018-11-26T15:30:00+09:00,J1,824,960,1784
2018-11-26T15:30:00+09:00,J2,685,670,1355
2018-11-26T15:30:00+09:00,J3,812,807,1619
2018-11-26T15:30:00+09:00,J4,953,959,1912
2018-11-26T15:30:00+09:00,J5,630,612,1242
2018-11-26T15:45:00+09:00,J1,845,909,1754
2018-11-26T15:45:00+09:00,J2,842,729,1571
2018-11-26T15:45:00+09:00,J3,761,850,1611
2018-11-26T15:45:00+09:00,J4,899,934,1833
2018-11-26T15:45:00+09:00,J5,643,590,1233
2018-11-26T16:00:00+09:00,J1,902,976,1878
2018-11-26T16:00:00+09:00,J2,813,816,1629
2018-11-26T16:00:00+09:00,J3,790,745,1535
2018-11-26T16:00:00+09:00,J4,906,936,1842
2018-11-26T16:00:00+09:00,J5,582,557,1139
2018-11-26T16:15:00+09:00,J1,955,1010,1965
2018-11-26T16:15:00+09:00,J2,815,757,1572
2018-11-26T16:15:00+09:00,J3,802,767,1569
2018-11-26T16:15:00+09:00,J4,920,891,1811
2018-11-26T16:15:00+09:00,J5,566,577,1143
2018-11-26T16:30:00+09:00,J1,883,1031,1914
2018-11-26T16:30:00+09:00,J2,824,754,1578
2018-11-26T16:30:00+09:00,J3,773,854,1627
2018-11-26T16:30:00+09:00,J4,975,1011,1986
2018-11-26T16:30:00+09:00,J5,612,533,1145
2018-11-26T16:45:00+09:00,J1,907,1034,1941
2018-11-26T16:45:00+09:00,J2,799,745,1544
2018-11-26T16:45:00+09:00,J3,771,814,1585
2018-11-26T16:45:00+09:00,J4,992,933,1925
2018-11-26T16:45:00+09:00,J5,672,639,1311
2018-11-26T17:00:00+09:00,J1,1062,1083,2145
2018-11-26T17:00:00+09:00,J2,947,850,1797
2018-11-26T17:00:00+09:00,J3,842,897,1739
2018-11-26T17:00:00+09:00,J4,857,874,1731
2018-11-26T17:00:00+09:00,J5,629,654,1283
2018-11-26T17:15:00+09:00,J1,1054,1051,2105
2018-11-26T17:15:00+09:00,J2,878,838,1716
2018-11-26T17:15:00+09:00,J3,932,911,1843
2018-11-26T17:15:00+09:00,J4,856,856,1712
2018-11-26T17:15:00+09:00,J5,562,571,1133
2018-11-26T17:30:00+09:00,J1,1041,1166,2207
2018-11-26T17:30:00+09:00,J2,971,903,1874
2018-11-26T17:30:00+09:00,J3,984,1022,2006
2018-11-26T17:30:00+09:00,J4,979,936,1915
2018-11-26T17:30:00+09:00,J5,579,586,1165
2018-11-26T17:45:00+09:00,J1,1054,1203,2257
2018-11-26T17:45:00+09:00,J2,1006,995,2001
2018-11-26T17:45:00+09:00,J3,1024,1031,2055
2018-11-26T17:45:00+09:00,J4,913,914,1827
2018-11-26T17:45:00+09:00,J5,540,567,1107
2018-11-26T18:00:00+09:00,J1,1076,1201,2277
2018-11-26T18:00:00+09:00,J2,1002,902,1904
2018-11-26T18:00:00+09:00,J3,1068,916,1984
2018-11-26T18:00:00+09:00,J4,973,940,1913
2018-11-26T18:00:00+09:00,J5,526,569,1095
2018-11-26T18:15:00+09:00,J1,1045,1247,2292
2018-11-26T18:15:00+09:00,J2,1017,831,1848
2018-11-26T18:15:00+09:00,J3,1100,998,2098
2018-11-26T18:15:00+09:00,J4,1021,940,1961
2018-11-26T18:15:00+09:00,J5,515,484,999
2018-11-26T18:30:00+09:00,J1,1015,1127,2142
2018-11-26T18:30:00+09:00,J2,977,882,1859
2018-11-26T18:30:00+09:00,J3,1039,923,1962
2018-11-26T18:30:00+09:00,J4,1064,976,2040
2018-11-26T18:30:00+09:00,J5,459,492,951
2018-11-26T18:45:00+09:00,J1,1027,1141,2168
2018-11-26T18:45:00+09:00,J2,970,820,1790
2018-11-26T18:45:00+09:00,J3,950,819,1769
2018-11-26T18:45:00+09:00,J4,1054,997,2051
2018-11-26T18:45:00+09:00,J5,447,486,933
2018-11-26T19:00:00+09:00,J1,965,1121,2086
2018-11-26T19:00:00+09:00,J2,830,718,1548
2018-11-26T19:00:00+09:00,J3,904,908,1812
2018-11-26T19:00:00+09:00,J4,1036,1051,2087
2018-11-26T19:00:00+09:00,J5,425,433,858
2018-11-26T19:15:00+09:00,J1,1014,1147,2161
2018-11-26T19:15:00+09:00,J2,829,733,1562
2018-11-26T19:15:00+09:00,J3,980,939,1919
2018-11-26T19:15:00+09:00,J4,1057,998,2055
2018-11-26T19:15:00+09:00,J5,423,423,846
2018-11-26T19:30:00+09:00,J1,947,1105,2052
2018-11-26T19:30:00+09:00,J2,705,761,1466
2018-11-26T19:30:00+09:00,J3,844,832,1676
2018-11-26T19:30:00+09:00,J4,1007,935,1942
2018-11-26T19:30:00+09:00,J5,419,435,854
2018-11-26T19:45:00+09:00,J1,974,1026,2000
2018-11-26T19:45:00+09:00,J2,629,626,1255
2018-11-26T19:45:00+09:00,J3,756,784,1540
2018-11-26T19:45:00+09:00,J4,1009,1039,2048
2018-11-26T19:45:00+09:00,J5,493,438,931
2018-11-26T20:00:00+09:00,J1,966,1142,2108
2018-11-26T20:00:00+09:00,J2,695,651,1346
2018-11-26T20:00:00+09:00,J3,850,847,1697
2018-11-26T20:00:00+09:00,J4,1114,1084,2198
2018-11-26T20:00:00+09:00,J5,430,422,852
2018-11-26T20:15:00+09:00,J1,939,1062,2001
2018-11-26T20:15:00+09:00,J2,766,635,1401
2018-11-26T20:15:00+09:00,J3,875,843,1718
2018-11-26T20:15:00+09:00,J4,1010,974,1984
2018-11-26T20:15:00+09:00,J5,481,439,920
2018-11-26T20:30:00+09:00,J1,937,1035,1972
2018-11-26T20:30:00+09:00,J2,706,588,1294
2018-11-26T20:30:00+09:00,J3,904,894,1798
2018-11-26T20:30:00+09:00,J4,960,963,1923
2018-11-26T20:30:00+09:00,J5,503,495,998
2018-11-26T20:45:00+09:00,J1,881,891,1772
2018-11-26T20:45:00+09:00,J2,783,664,1447
2018-11-26T20:45:00+09:00,J3,902,856,1758
2018-11-26T20:45:00+09:00,J4,817,802,1619
2018-11-26T20:45:00+09:00,J5,511,484,995
2018-11-26T21:00:00+09:00,J1,813,945,1758
2018-11-26T21:00:00+09:00,J2,710,630,1340
2018-11-26T21:00:00+09:00,J3,773,695,1468
2018-11-26T21:00:00+09:00,J4,879,865,1744
2018-11-26T21:00:00+09:00,J5,491,486,977
2018-11-26T21:15:00+09:00,J1,880,1006,1886
2018-11-26T21:15:00+09:00,J2,753,651,1404
2018-11-26T21:15:00+09:00,J3,683,642,1325
2018-11-26T21:15:00+09:00,J4,841,912,1753
2018-11-26T21:15:00+09:00,J5,502,442,944
2018-11-26T21:30:00+09:00,J1,829,903,1732
2018-11-26T21:30:00+09:00,J2,781,728,1509
2018-11-26T21:30:00+09:00,J3,676,651,1327
2018-11-26T21:30:00+09:00,J4,913,943,1856
2018-11-26T21:30:00+09:00,J5,512,490,1002
2018-11-26T21:45:00+09:00,J1,784,868,1652
2018-11-26T21:45:00+09:00,J2,670,607,1277
2018-11-26T21:45:00+09:00,J3,691,636,1327
2018-11-26T21:45:00+09:00,J4,885,891,1776
2018-11-26T21:45:00+09:00,J5,500,488,988
2018-11-26T22:00:00+09:00,J1,774,849,1623
2018-11-26T22:00:00+09:00,J2,593,630,1223
2018-11-26T22:00:00+09:00,J3,692,627,1319
2018-11-26T22:00:00+09:00,J4,984,951,1935
2018-11-26T22:00:00+09:00,J5,531,507,1038
2018-11-26T22:15:00+09:00,J1,725,906,1631
2018-11-26T22:15:00+09:00,J2,612,554,1166
2018-11-26T22:15:00+09:00,J3,678,628,1306
2018-11-26T22:15:00+09:00,J4,932,961,1893
2018-11-26T22:15:00+09:00,J5,547,498,1045
2018-11-26T22:30:00+09:00,J1,858,947,1805
2018-11-26T22:30:00+09:00,J2,562,550,1112
2018-11-26T22:30:00+09:00,J3,703,650,1353
2018-11-26T22:30:00+09:00,J4,1014,931,1945
2018-11-26T22:30:00+09:00,J5,461,542,1003
2018-11-26T22:45:00+09:00,J1,826,975,1801
2018-11-26T22:45:00+09:00,J2,473,473,946
2018-11-26T22:45:00+09:00,J3,840,757,1597
2018-11-26T22:45:00+09:00,J4,951,936,1887
2018-11-26T22:45:00+09:00,J5,436,427,863
2018-11-26T23:00:00+09:00,J1,873,955,1828
2018-11-26T23:00:00+09:00,J2,468,461,929
2018-11-26T23:00:00+09:00,J3,839,709,1548
2018-11-26T23:00:00+09:00,J4,939,923,1862
2018-11-26T23:00:00+09:00,J5,413,405,818
2018-11-26T23:15:00+09:00,J1,876,826,1702
2018-11-26T23:15:00+09:00,J2,378,373,751
2018-11-26T23:15:00+09:00,J3,866,795,1661
2018-11-26T23:15:00+09:00,J4,922,927,1849
2018-11-26T23:15:00+09:00,J5,376,407,783
2018-11-26T23:30:00+09:00,J1,774,788,1562
2018-11-26T23:30:00+09:00,J2,430,403,833
2018-11-26T23:30:00+09:00,J3,829,793,1622
2018-11-26T23:30:00+09:00,J4,877,917,1794
2018-11-26T23:30:00+09:00,J5,395,360,755
2018-11-26T23:45:00+09:00,J1,781,819,1600
2018-11-26T23:45:00+09:00,J2,483,440,923
2018-11-26T23:45:00+09:00,J3,842,756,1598
2018-11-26T23:45:00+09:00,J4,911,864,1775
2018-11-26T23:45:00+09:00,J5,348,399,747
2018-11-27T00:00:00+09:00,J1,568,585,1153
2018-11-27T00:00:00+09:00,J2,302,336,638
2018-11-27T00:00:00+09:00,J3,754,711,1465
2018-11-27T00:00:00+09:00,J4,873,774,1647
2018-11-27T00:00:00+09:00,J5,363,356,719
2018-11-27T00:15:00+09:00,J1,402,401,803
2018-11-27T00:15:00+09:00,J2,317,357,674
2018-11-27T00:15:00+09:00,J3,629,511,1140
2018-11-27T00:15:00+09:00,J4,748,760,1508
2018-11-27T00:15:00+09:00,J5,391,330,721
2018-11-27T00:30:00+09:00,J1,342,313,655
2018-11-27T00:30:00+09:00,J2,330,339,669
2018-11-27T00:30:00+09:00,J3,504,469,973
2018-11-27T00:30:00+09:00,J4,761,734,1495
2018-11-27T00:30:00+09:00,J5,392,349,741
2018-11-27T00:45:00+09:00,J1,296,266,562
2018-11-27T00:45:00+09:00,J2,362,325,687
2018-11-27T00:45:00+09:00,J3,583,487,1070
2018-11-27T00:45:00+09:00,J4,747,642,1389
2018-11-27T00:45:00+09:00,J5,328,323,651
2018-11-27T05:45:00+09:00,J1,553,542,1095
2018-11-27T05:45:00+09:00,J2,249,342,591
2018-11-27T05:45:00+09:00,J3,556,511,1067
2018-11-27T05:45:00+09:00,J4,695,648,1343
2018-11-27T05:45:00+09:00,J5,260,275,535
2018-11-27T06:00:00+09:00,J1,644,567,1211
2018-11-27T06:00:00+09:00,J2,288,339,627
2018-11-27T06:00:00+09:00,J3,660,593,1253
2018-11-27T06:00:00+09:00,J4,752,663,1415
2018-11-27T06:00:00+09:00,J5,287,334,621
2018-11-27T06:15:00+09:00,J1,649,716,1365
2018-11-27T06:15:00+09:00,J2,273,313,586
2018-11-27T06:15:00+09:00,J3,759,685,1444
2018-11-27T06:15:00+09:00,J4,825,728,1553
2018-11-27T06:15:00+09:00,J5,347,304,651
2018-11-27T06:30:00+09:00,J1,681,665,1346
2018-11-27T06:30:00+09:00,J2,302,284,586
2018-11-27T06:30:00+09:00,J3,816,725,1541
2018-11-27T06:30:00+09:00,J4,925,906,1831
2018-11-27T06:30:00+09:00,J5,371,334,705
2018-11-27T06:45:00+09:00,J1,792,747,1539
2018-11-27T06:45:00+09:00,J2,364,313,677
2018-11-27T06:45:00+09:00,J3,842,770,1612
2018-11-27T06:45:00+09:00,J4,849,831,1680
2018-11-27T06:45:00+09:00,J5,379,359,738
2018-11-27T07:00:00+09:00,J1,777,799,1576
2018-11-27T07:00:00+09:00,J2,365,393,758
2018-11-27T07:00:00+09:00,J3,920,843,1763
2018-11-27T07:00:00+09:00,J4,944,895,1839
2018-11-27T07:00:00+09:00,J5,502,451,953
2018-11-27T07:15:00+09:00,J1,874,761,1635
2018-11-27T07:15:00+09:00,J2,462,367,829
2018-11-27T07:15:00+09:00,J3,929,911,1840
2018-11-27T07:15:00+09:00,J4,967,987,1954
2018-11-27T07:15:00+09:00,J5,522,558,1080
2018-11-27T07:30:00+09:00,J1,1002,939,1941
2018-11-27T07:30:00+09:00,J2,609,482,1091
2018-11-27T07:30:00+09:00,J3,802,804,1606
2018-11-27T07:30:00+09:00,J4,1034,1054,2088
2018-11-27T07:30:00+09:00,J5,631,658,1289
2018-11-27T07:45:00+09:00,J1,1130,1057,2187
2018-11-27T07:45:00+09:00,J2,839,666,1505
2018-11-27T07:45:00+09:00,J3,760,778,1538
2018-11-27T07:45:00+09:00,J4,999,1090,2089
2018-11-27T07:45:00+09:00,J5,572,589,1161
2018-11-27T08:00:00+09:00,J1,1313,1172,2485
2018-11-27T08:00:00+09:00,J2,918,789,1707
2018-11-27T08:00:00+09:00,J3,840,1022,1862
2018-11-27T08:00:00+09:00,J4,1080,1283,2363
2018-11-27T08:00:00+09:00,J5,602,628,1230
2018-11-27T08:15:00+09:00,J1,1302,1159,2461
2018-11-27T08:15:00+09:00,J2,923,780,1703
2018-11-27T08:15:00+09:00,J3,899,1136,2035
2018-11-27T08:15:00+09:00,J4,1015,1254,2269
2018-11-27T08:15:00+09:00,J5,561,566,1127
2018-11-27T08:30:00+09:00,J1,1490,1076,2566
2018-11-27T08:30:00+09:00,J2,1102,673,1775
2018-11-27T08:30:00+09:00,J3,871,1216,2087
2018-11-27T08:30:00+09:00,J4,975,1329,2304
2018-11-27T08:30:00+09:00,J5,511,527,1038
2018-11-27T08:45:00+09:00,J1,1082,937,2019
2018-11-27T08:45:00+09:00,J2,832,568,1400
2018-11-27T08:45:00+09:00,J3,835,1075,1910
2018-11-27T08:45:00+09:00,J4,960,1059,2019
2018-11-27T08:45:00+09:00,J5,608,674,1282
2018-11-27T09:00:00+09:00,J1,1033,940,1973
2018-11-27T09:00:00+09:00,J2,854,654,1508
2018-11-27T09:00:00+09:00,J3,1026,913,1939
2018-11-27T09:00:00+09:00,J4,820,934,1754
2018-11-27T09:00:00+09:00,J5,502,502,1004
2018-11-27T09:15:00+09:00,J1,931,855,1786
2018-11-27T09:15:00+09:00,J2,868,691,1559
2018-11-27T09:15:00+09:00,J3,870,834,1704
2018-11-27T09:15:00+09:00,J4,864,852,1716
2018-11-27T09:15:00+09:00,J5,489,594,1083
2018-11-27T09:30:00+09:00,J1,861,793,1654
2018-11-27T09:30:00+09:00,J2,849,719,1568
2018-11-27T09:30:00+09:00,J3,902,846,1748
2018-11-27T09:30:00+09:00,J4,838,948,1786
2018-11-27T09:30:00+09:00,J5,621,668,1289
2018-11-27T09:45:00+09:00,J1,800,755,1555
2018-11-27T09:45:00+09:00,J2,897,762,1659
2018-11-27T09:45:00+09:00,J3,831,867,1698
2018-11-27T09:45:00+09:00,J4,886,927,1813
2018-11-27T09:45:00+09:00,J5,583,588,1171
2018-11-27T10:00:00+09:00,J1,814,806,1620
2018-11-27T10:00:00+09:00,J2,878,703,1581
2018-11-27T10:00:00+09:00,J3,845,819,1664
2018-11-27T10:00:00+09:00,J4,862,825,1687
2018-11-27T10:00:00+09:00,J5,552,586,1138
2018-11-27T10:15:00+09:00,J1,821,795,1616
2018-11-27T10:15:00+09:00,J2,931,641,1572
2018-11-27T10:15:00+09:00,J3,891,859,1750
2018-11-27T10:15:00+09:00,J4,808,880,1688
2018-11-27T10:15:00+09:00,J5,525,562,1087
2018-11-27T10:30:00+09:00,J1,810,717,1527
2018-11-27T10:30:00+09:00,J2,859,762,1621
2018-11-27T10:30:00+09:00,J3,719,803,1522
2018-11-27T10:30:00+09:00,J4,817,885,1702
2018-11-27T10:30:00+09:00,J5,541,524,1065
2018-11-27T10:45:00+09:00,J1,738,808,1546
2018-11-27T10:45:00+09:00,J2,852,754,1606
2018-11-27T10:45:00+09:00,J3,754,681,1435
2018-11-27T10:45:00+09:00,J4,769,844,1613
2018-11-27T10:45:00+09:00,J5,437,434,871
2018-11-27T11:00:00+09:00,J1,790,873,1663
2018-11-27T11:00:00+09:00,J2,835,713,1548
2018-11-27T11:00:00+09:00,J3,690,707,1397
2018-11-27T11:00:00+09:00,J4,705,759,1464
2018-11-27T11:00:00+09:00,J5,362,394,756
2018-11-27T11:15:00+09:00,J1,913,1104,2017
2018-11-27T11:15:00+09:00,J2,767,745,1512
2018-11-27T11:15:00+09:00,J3,723,695,1418
2018-11-27T11:15:00+09:00,J4,739,801,1540
2018-11-27T11:15:00+09:00,J5,363,354,717
2018-11-27T11:30:00+09:00,J1,898,1080,1978
2018-11-27T11:30:00+09:00,J2,655,676,1331
2018-11-27T11:30:00+09:00,J3,708,826,1534
2018-11-27T11:30:00+09:00,J4,726,736,1462
2018-11-27T11:30:00+09:00,J5,280,338,618
2018-11-27T11:45:00+09:00,J1,920,1118,2038
2018-11-27T11:45:00+09:00,J2,640,683,1323
2018-11-27T11:45:00+09:00,J3,843,801,1644
2018-11-27T11:45:00+09:00,J4,648,762,1410
2018-11-27T11:45:00+09:00,J5,252,281,533
2018-11-27T12:00:00+09:00,J1,880,1124,2004
2018-11-27T12:00:00+09:00,J2,686,700,1386
2018-11-27T12:00:00+09:00,J3,890,882,1772
2018-11-27T12:00:00+09:00,J4,710,663,1373
2018-11-27T12:00:00+09:00,J5,357,336,693
2018-11-27T12:15:00+09:00,J1,801,990,1791
2018-11-27T12:15:00+09:00,J2,581,619,1200
2018-11-27T12:15:00+09:00,J3,947,810,1757
2018-11-27T12:15:00+09:00,J4,715,830,1545
2018-11-27T12:15:00+09:00,J5,390,347,737
2018-11-27T12:30:00+09:00,J1,874,962,1836
2018-11-27T12:30:00+09:00,J2,608,576,1184
2018-11-27T12:30:00+09:00,J3,835,766,1601
2018-11-27T12:30:00+09:00,J4,815,833,1648
2018-11-27T12:30:00+09:00,J5,386,418,804
2018-11-27T12:45:00+09:00,J1,792,885,1677
2018-11-27T12:45:00+09:00,J2,507,548,1055
2018-11-27T12:45:00+09:00,J3,905,777,1682
2018-11-27T12:45:00+09:00,J4,870,865,1735
2018-11-27T12:45:00+09:00,J5,390,384,774
2018-11-27T13:00:00+09:00,J1,825,945,1770
2018-11-27T13:00:00+09:00,J2,577,595,1172
2018-11-27T13:00:00+09:00,J3,846,773,1619
2018-11-27T13:00:00+09:00,J4,837,844,1681
2018-11-27T13:00:00+09:00,J5,399,400,799
2018-11-27T13:15:00+09:00,J1,839,949,1788
2018-11-27T13:15:00+09:00,J2,497,554,1051
2018-11-27T13:15:00+09:00,J3,883,746,1629
2018-11-27T13:15:00+09:00,J4,821,882,1703
2018-11-27T13:15:00+09:00,J5,377,387,764
2018-11-27T13:30:00+09:00,J1,862,1058,1920
2018-11-27T13:30:00+09:00,J2,501,510,1011
2018-11-27T13:30:00+09:00,J3,785,769,1554
2018-11-27T13:30:00+09:00,J4,871,803,1674
2018-11-27T13:30:00+09:00,J5,398,389,787
2018-11-27T13:45:00+09:00,J1,824,1042,1866
2018-11-27T13:45:00+09:00,J2,543,533,1076
2018-11-27T13:45:00+09:00,J3,681,779,1460
2018-11-27T13:45:00+09:00,J4,872,829,1701
2018-11-27T13:45:00+09:00,J5,330,365,695
2018-11-27T14:00:00+09:00,J1,860,1004,1864
2018-11-27T14:00:00+09:00,J2,525,538,1063
2018-11-27T14:00:00+09:00,J3,718,769,1487
2018-11-27T14:00:00+09:00,J4,784,858,1642
2018-11-27T14:00:00+09:00,J5,356,353,709
2018-11-27T14:15:00+09:00,J1,801,1079,1880
2018-11-27T14:15:00+09:00,J2,487,606,1093
2018-11-27T14:15:00+09:00,J3,766,733,1499
2018-11-27T14:15:00+09:00,J4,874,886,1760
2018-11-27T14:15:00+09:00,J5,337,351,688
2018-11-27T14:30:00+09:00,J1,876,996,1872
2018-11-27T14:30:00+09:00,J2,464,636,1100
2018-11-27T14:30:00+09:00,J3,810,787,1597
2018-11-27T14:30:00+09:00,J4,821,875,1696
2018-11-27T14:30:00+09:00,J5,339,326,665
2018-11-27T14:45:00+09:00,J1,872,1028,1900
2018-11-27T14:45:00+09:00,J2,510,585,1095
2018-11-27T14:45:00+09:00,J3,839,711,1550
2018-11-27T14:45:00+09:00,J4,777,864,1641
2018-11-27T14:45:00+09:00,J5,291,351,642
2018-11-27T15:00:00+09:00,J1,827,965,1792
2018-11-27T15:00:00+09:00,J2,551,586,1137
2018-11-27T15:00:00+09:00,J3,792,712,1504
2018-11-27T15:00:00+09:00,J4,843,858,1701
2018-11-27T15:00:00+09:00,J5,276,298,574
2018-11-27T15:15:00+09:00,J1,887,918,1805
2018-11-27T15:15:00+09:00,J2,480,583,1063
2018-11-27T15:15:00+09:00,J3,870,727,1597
2018-11-27T15:15:00+09:00,J4,768,805,1573
2018-11-27T15:15:00+09:00,J5,285,360,645
2018-11-27T15:30:00+09:00,J1,950,1006,1956
2018-11-27T15:30:00+09:00,J2,499,539,1038
2018-11-27T15:30:00+09:00,J3,888,720,1608
2018-11-27T15:30:00+09:00,J4,860,844,1704
2018-11-27T15:30:00+09:00,J5,293,370,663
2018-11-27T15:45:00+09:00,J1,900,1009,1909
2018-11-27T15:45:00+09:00,J2,448,498,946
2018-11-27T15:45:00+09:00,J3,869,762,1631
2018-11-27T15:45:00+09:00,J4,899,869,1768
2018-11-27T15:45:00+09:00,J5,345,371,716
2018-11-27T16:00:00+09:00,J1,933,902,1835
2018-11-27T16:00:00+09:00,J2,428,531,959
2018-11-27T16:00:00+09:00,J3,892,763,1655
2018-11-27T16:00:00+09:00,J4,825,853,1678
2018-11-27T16:00:00+09:00,J5,258,352,610
2018-11-27T16:15:00+09:00,J1,822,877,1699
2018-11-27T16:15:00+09:00,J2,462,513,975
2018-11-27T16:15:00+09:00,J3,887,726,1613
2018-11-27T16:15:00+09:00,J4,888,868,1756
2018-11-27T16:15:00+09:00,J5,340,348,688
2018-11-27T16:30:00+09:00,J1,788,814,1602
2018-11-27T16:30:00+09:00,J2,452,493,945
2018-11-27T16:30:00+09:00,J3,909,714,1623
2018-11-27T16:30:00+09:00,J4,922,938,1860
2018-11-27T16:30:00+09:00,J5,321,312,633
2018-11-27T16:45:00+09:00,J1,817,871,1688
2018-11-27T16:45:00+09:00,J2,447,530,977
2018-11-27T16:45:00+09:00,J3,893,740,1633
2018-11-27T16:45:00+09:00,J4,886,895,1781
2018-11-27T16:45:00+09:00,J5,294,269,563
2018-11-27T17:00:00+09:00,J1,910,978,1888
2018-11-27T17:00:00+09:00,J2,491,559,1050
2018-11-27T17:00:00+09:00,J3,1005,841,1846
2018-11-27T17:00:00+09:00,J4,898,866,1764
2018-11-27T17:00:00+09:00,J5,310,347,657
2018-11-27T17:15:00+09:00,J1,792,974,1766
2018-11-27T17:15:00+09:00,J2,546,611,1157
2018-11-27T17:15:00+09:00,J3,1103,915,2018
2018-11-27T17:15:00+09:00,J4,1006,903,1909
2018-11-27T17:15:00+09:00,J5,415,436,851
2018-11-27T17:30:00+09:00,J1,889,1047,1936
2018-11-27T17:30:00+09:00,J2,633,674,1307
2018-11-27T17:30:00+09:00,J3,1149,873,2022
2018-11-27T17:30:00+09:00,J4,926,883,1809
2018-11-27T17:30:00+09:00,J5,448,447,895
2018-11-27T17:45:00+09:00,J1,1027,1172,2199
2018-11-27T17:45:00+09:00,J2,654,693,1347
2018-11-27T17:45:00+09:00,J3,1145,982,2127
2018-11-27T17:45:00+09:00,J4,959,812,1771
2018-11-27T17:45:00+09:00,J5,427,450,877
2018-11-27T18:00:00+09:00,J1,1109,1262,2371
2018-11-27T18:00:00+09:00,J2,618,702,1320
2018-11-27T18:00:00+09:00,J3,1211,905,2116
2018-11-27T18:00:00+09:00,J4,969,803,1772
2018-11-27T18:00:00+09:00,J5,414,470,884
2018-11-27T18:15:00+09:00,J1,1050,1230,2280
2018-11-27T18:15:00+09:00,J2,631,704,1335
2018-11-27T18:15:00+09:00,J3,1167,859,2026
2018-11-27T18:15:00+09:00,J4,934,812,1746
2018-11-27T18:15:00+09:00,J5,393,457,850
2018-11-27T18:30:00+09:00,J1,846,1038,1884
2018-11-27T18:30:00+09:00,J2,592,641,1233
2018-11-27T18:30:00+09:00,J3,1010,755,1765
2018-11-27T18:30:00+09:00,J4,980,835,1815
2018-11-27T18:30:00+09:00,J5,340,405,745
2018-11-27T18:45:00+09:00,J1,864,924,1788
2018-11-27T18:45:00+09:00,J2,562,595,1157
2018-11-27T18:45:00+09:00,J3,978,732,1710
2018-11-27T18:45:00+09:00,J4,914,842,1756
2018-11-27T18:45:00+09:00,J5,310,434,744
2018-11-27T19:00:00+09:00,J1,730,923,1653
2018-11-27T19:00:00+09:00,J2,504,607,1111
2018-11-27T19:00:00+09:00,J3,922,728,1650
2018-11-27T19:00:00+09:00,J4,1024,815,1839
2018-11-27T19:00:00+09:00,J5,374,391,765
2018-11-27T19:15:00+09:00,J1,739,943,1682
2018-11-27T19:15:00+09:00,J2,488,531,1019
2018-11-27T19:15:00+09:00,J3,892,717,1609
2018-11-27T19:15:00+09:00,J4,1032,825,1857
2018-11-27T19:15:00+09:00,J5,379,440,819
2018-11-27T19:30:00+09:00,J1,648,925,1573
2018-11-27T19:30:00+09:00,J2,417,501,918
2018-11-27T19:30:00+09:00,J3,747,668,1415
2018-11-27T19:30:00+09:00,J4,895,731,1626
2018-11-27T19:30:00+09:00,J5,345,376,721
2018-11-27T19:45:00+09:00,J1,659,846,1505
2018-11-27T19:45:00+09:00,J2,417,548,965
2018-11-27T19:45:00+09:00,J3,773,602,1375
2018-11-27T19:45:00+09:00,J4,740,702,1442
2018-11-27T19:45:00+09:00,J5,287,308,595
2018-11-27T20:00:00+09:00,J1,715,835,1550
2018-11-27T20:00:00+09:00,J2,436,526,962
2018-11-27T20:00:00+09:00,J3,801,612,1413
2018-11-27T20:00:00+09:00,J4,847,833,1680
2018-11-27T20:00:00+09:00,J5,317,324,641
2018-11-27T20:15:00+09:00,J1,612,861,1473
2018-11-27T20:15:00+09:00,J2,391,538,929
2018-11-27T20:15:00+09:00,J3,759,675,1434
2018-11-27T20:15:00+09:00,J4,740,782,1522
2018-11-27T20:15:00+09:00,J5,320,303,623
2018-11-27T20:30:00+09:00,J1,652,807,1459
2018-11-27T20:30:00+09:00,J2,395,462,857
2018-11-27T20:30:00+09:00,J3,702,628,1330
2018-11-27T20:30:00+09:00,J4,724,684,1408
2018-11-27T20:30:00+09:00,J5,291,306,597
2018-11-27T20:45:00+09:00,J1,605,773,1378
2018-11-27T20:45:00+09:00,J2,397,479,876
2018-11-27T20:45:00+09:00,J3,655,646,1301
2018-11-27T20:45:00+09:00,J4,637,717,1354
2018-11-27T20:45:00+09:00,J5,248,273,521
2018-11-27T21:00:00+09:00,J1,670,796,1466
2018-11-27T21:00:00+09:00,J2,344,490,834
2018-11-27T21:00:00+09:00,J3,674,577,1251
2018-11-27T21:00:00+09:00,J4,729,687,1416
2018-11-27T21:00:00+09:00,J5,238,255,493
2018-11-27T21:15:00+09:00,J1,632,878,1510
2018-11-27T21:15:00+09:00,J2,400,474,874
2018-11-27T21:15:00+09:00,J3,725,559,1284
2018-11-27T21:15:00+09:00,J4,668,679,1347
2018-11-27T21:15:00+09:00,J5,252,207,459
2018-11-27T21:30:00+09:00,J1,776,894,1670
2018-11-27T21:30:00+09:00,J2,378,488,866
2018-11-27T21:30:00+09:00,J3,615,590,1205
2018-11-27T21:30:00+09:00,J4,839,832,1671
2018-11-27T21:30:00+09:00,J5,278,278,556
2018-11-27T21:45:00+09:00,J1,823,830,1653
2018-11-27T21:45:00+09:00,J2,392,522,914
2018-11-27T21:45:00+09:00,J3,654,599,1253
2018-11-27T21:45:00+09:00,J4,945,919,1864
2018-11-27T21:45:00+09:00,J5,285,277,562
2018-11-27T22:00:00+09:00,J1,789,881,1670
2018-11-27T22:00:00+09:00,J2,436,515,951
2018-11-27T22:00:00+09:00,J3,619,581,1200
2018-11-27T22:00:00+09:00,J4,869,869,1738
2018-11-27T22:00:00+09:00,J5,256,315,571
2018-11-27T22:15:00+09:00,J1,790,836,1626
2018-11-27T22:15:00+09:00,J2,432,561,993
2018-11-27T22:15:00+09:00,J3,685,612,1297
2018-11-27T22:15:00+09:00,J4,846,856,1702
2018-11-27T22:15:00+09:00,J5,254,231,485
2018-11-27T22:30:00+09:00,J1,761,846,1607
2018-11-27T22:30:00+09:00,J2,483,581,1064
2018-11-27T22:30:00+09:00,J3,541,542,1083
2018-11-27T22:30:00+09:00,J4,819,801,1620
2018-11-27T22:30:00+09:00,J5,283,278,561
2018-11-27T22:45:00+09:00,J1,785,856,1641
2018-11-27T22:45:00+09:00,J2,556,543,1099
2018-11-27T22:45:00+09:00,J3,557,465,1022
2018-11-27T22:45:00+09:00,J4,765,857,1622
2018-11-27T22:45:00+09:00,J5,264,249,513
2018-11-27T23:00:00+09:00,J1,716,813,1529
2018-11-27T23:00:00+09:00,J2,655,581,1236
2018-11-27T23:00:00+09:00,J3,546,514,1060
2018-11-27T23:00:00+09:00,J4,722,726,1448
2018-11-27T23:00:00+09:00,J5,260,301,561
2018-11-27T23:15:00+09:00,J1,829,911,1740
2018-11-27T23:15:00+09:00,J2,624,630,1254
2018-11-27T23:15:00+09:00,J3,484,505,989
2018-11-27T23:15:00+09:00,J4,691,763,1454
2018-11-27T23:15:00+09:00,J5,282,297,579
2018-11-27T23:30:00+09:00,J1,761,884,1645
2018-11-27T23:30:00+09:00,J2,648,572,1220
2018-11-27T23:30:00+09:00,J3,517,466,983
2018-11-27T23:30:00+09:00,J4,658,727,1385
2018-11-27T23:30:00+09:00,J5,409,413,822
2018-11-27T23:45:00+09:00,J1,749,776,1525
2018-11-27T23:45:00+09:00,J2,624,511,1135
2018-11-27T23:45:00+09:00,J3,477,482,959
2018-11-27T23:45:00+09:00,J4,681,702,1383
2018-11-27T23:45:00+09:00,J5,453,524,977
2018-11-28T00:00:00+09:00,J1,657,644,1301
2018-11-28T00:00:00+09:00,J2,563,484,1047
2018-11-28T00:00:00+09:00,J3,587,504,1091
2018-11-28T00:00:00+09:00,J4,655,623,1278
2018-11-28T00:00:00+09:00,J5,522,526,1048
2018-11-28T00:15:00+09:00,J1,497,460,957
2018-11-28T00:15:00+09:00,J2,585,508,1093
2018-11-28T00:15:00+09:00,J3,608,514,1122
2018-11-28T00:15:00+09:00,J4,496,458,954
2018-11-28T00:15:00+09:00,J5,348,411,759
2018-11-28T00:30:00+09:00,J1,412,445,857
2018-11-28T00:30:00+09:00,J2,553,517,1070
2018-11-28T00:30:00+09:00,J3,724,641,1365
2018-11-28T00:30:00+09:00,J4,338,374,712
2018-11-28T00:30:00+09:00,J5,320,296,616
2018-11-28T00:45:00+09:00,J1,465,410,875
2018-11-28T00:45:00+09:00,J2,600,533,1133
2018-11-28T00:45:00+09:00,J3,715,613,1328
2018-11-28T00:45:00+09:00,J4,289,351,640
2018-11-28T00:45:00+09:00,J5,269,285,554
2018-11-28T05:45:00+09:00,J1,553,571,1124
2018-11-28T05:45:00+09:00,J2,342,363,705
2018-11-28T05:45:00+09:00,J3,741,675,1416
2018-11-28T05:45:00+09:00,J4,543,551,1094
2018-11-28T05:45:00+09:00,J5,388,301,689
2018-11-28T06:00:00+09:00,J1,536,539,1075
2018-11-28T06:00:00+09:00,J2,349,335,684
2018-11-28T06:00:00+09:00,J3,828,693,1521
2018-11-28T06:00:00+09:00,J4,631,687,1318
2018-11-28T06:00:00+09:00,J5,359,298,657
2018-11-28T06:15:00+09:00,J1,751,756,1507
2018-11-28T06:15:00+09:00,J2,433,367,800
2018-11-28T06:15:00+09:00,J3,818,723,1541
2018-11-28T06:15:00+09:00,J4,803,780,1583
2018-11-28T06:15:00+09:00,J5,355,388,743
2018-11-28T06:30:00+09:00,J1,721,786,1507
2018-11-28T06:30:00+09:00,J2,389,359,748
2018-11-28T06:30:00+09:00,J3,827,711,1538
2018-11-28T06:30:00+09:00,J4,797,833,1630
2018-11-28T06:30:00+09:00,J5,415,407,822
2018-11-28T06:45:00+09:00,J1,819,730,1549
2018-11-28T06:45:00+09:00,J2,369,349,718
2018-11-28T06:45:00+09:00,J3,880,709,1589
2018-11-28T06:45:00+09:00,J4,893,925,1818
2018-11-28T06:45:00+09:00,J5,507,519,1026
2018-11-28T07:00:00+09:00,J1,911,921,1832
2018-11-28T07:00:00+09:00,J2,353,343,696
2018-11-28T07:00:00+09:00,J3,914,687,1601
2018-11-28T07:00:00+09:00,J4,992,1014,2006
2018-11-28T07:00:00+09:00,J5,557,581,1138
2018-11-28T07:15:00+09:00,J1,871,925,1796
2018-11-28T07:15:00+09:00,J2,427,366,793
2018-11-28T07:15:00+09:00,J3,897,755,1652
2018-11-28T07:15:00+09:00,J4,1034,1098,2132
2018-11-28T07:15:00+09:00,J5,604,636,1240
2018-11-28T07:30:00+09:00,J1,1227,1200,2427
2018-11-28T07:30:00+09:00,J2,583,452,1035
2018-11-28T07:30:00+09:00,J3,778,853,1631
2018-11-28T07:30:00+09:00,J4,1101,1110,2211
2018-11-28T07:30:00+09:00,J5,536,539,1075
2018-11-28T07:45:00+09:00,J1,1192,1234,2426
2018-11-28T07:45:00+09:00,J2,707,541,1248
2018-11-28T07:45:00+09:00,J3,833,1038,1871
2018-11-28T07:45:00+09:00,J4,1174,1218,2392
2018-11-28T07:45:00+09:00,J5,535,479,1014
2018-11-28T08:00:00+09:00,J1,1487,1357,2844
2018-11-28T08:00:00+09:00,J2,994,611,1605
2018-11-28T08:00:00+09:00,J3,972,1047,2019
2018-11-28T08:00:00+09:00,J4,1169,1334,2503
2018-11-28T08:00:00+09:00,J5,596,591,1187
2018-11-28T08:15:00+09:00,J1,1482,1311,2793
2018-11-28T08:15:00+09:00,J2,1049,731,1780
2018-11-28T08:15:00+09:00,J3,1078,1245,2323
2018-11-28T08:15:00+09:00,J4,1102,1325,2427
2018-11-28T08:15:00+09:00,J5,529,600,1129
2018-11-28T08:30:00+09:00,J1,1412,1146,2558
2018-11-28T08:30:00+09:00,J2,958,517,1475
2018-11-28T08:30:00+09:00,J3,907,1260,2167
2018-11-28T08:30:00+09:00,J4,1106,1328,2434
2018-11-28T08:30:00+09:00,J5,603,532,1135
2018-11-28T08:45:00+09:00,J1,1222,1067,2289
2018-11-28T08:45:00+09:00,J2,769,495,1264
2018-11-28T08:45:00+09:00,J3,698,951,1649
2018-11-28T08:45:00+09:00,J4,1088,1146,2234
2018-11-28T08:45:00+09:00,J5,685,666,1351
2018-11-28T09:00:00+09:00,J1,1170,1127,2297
2018-11-28T09:00:00+09:00,J2,674,552,1226
2018-11-28T09:00:00+09:00,J3,673,719,1392
2018-11-28T09:00:00+09:00,J4,942,1046,1988
2018-11-28T09:00:00+09:00,J5,777,744,1521
2018-11-28T09:15:00+09:00,J1,1190,1139,2329
2018-11-28T09:15:00+09:00,J2,610,495,1105
2018-11-28T09:15:00+09:00,J3,785,837,1622
2018-11-28T09:15:00+09:00,J4,947,1078,2025
2018-11-28T09:15:00+09:00,J5,759,688,1447
2018-11-28T09:30:00+09:00,J1,1190,1072,2262
2018-11-28T09:30:00+09:00,J2,570,492,1062
2018-11-28T09:30:00+09:00,J3,753,847,1600
2018-11-28T09:30:00+09:00,J4,952,1109,2061
2018-11-28T09:30:00+09:00,J5,678,613,1291
2018-11-28T09:45:00+09:00,J1,1202,1021,2223
2018-11-28T09:45:00+09:00,J2,635,469,1104
2018-11-28T09:45:00+09:00,J3,806,776,1582
2018-11-28T09:45:00+09:00,J4,874,1003,1877
2018-11-28T09:45:00+09:00,J5,645,593,1238
2018-11-28T10:00:00+09:00,J1,1083,1092,2175
2018-11-28T10:00:00+09:00,J2,599,546,1145
2018-11-28T10:00:00+09:00,J3,750,769,1519
2018-11-28T10:00:00+09:00,J4,821,891,1712
2018-11-28T10:00:00+09:00,J5,600,548,1148
2018-11-28T10:15:00+09:00,J1,1090,1004,2094
2018-11-28T10:15:00+09:00,J2,623,560,1183
2018-11-28T10:15:00+09:00,J3,822,829,1651
2018-11-28T10:15:00+09:00,J4,892,976,1868
2018-11-28T10:15:00+09:00,J5,592,481,1073
2018-11-28T10:30:00+09:00,J1,1045,1061,2106
2018-11-28T10:30:00+09:00,J2,638,584,1222
2018-11-28T10:30:00+09:00,J3,925,870,1795
2018-11-28T10:30:00+09:00,J4,971,1071,2042
2018-11-28T10:30:00+09:00,J5,514,472,986
2018-11-28T10:45:00+09:00,J1,1107,1054,2161
2018-11-28T10:45:00+09:00,J2,596,542,1138
2018-11-28T10:45:00+09:00,J3,971,904,1875
2018-11-28T10:45:00+09:00,J4,924,978,1902
2018-11-28T10:45:00+09:00,J5,502,424,926
2018-11-28T11:00:00+09:00,J1,1117,1179,2296
2018-11-28T11:00:00+09:00,J2,612,524,1136
2018-11-28T11:00:00+09:00,J3,992,969,1961
2018-11-28T11:00:00+09:00,J4,918,1049,1967
2018-11-28T11:00:00+09:00,J5,444,434,878
2018-11-28T11:15:00+09:00,J1,1117,1262,2379
2018-11-28T11:15:00+09:00,J2,667,602,1269
2018-11-28T11:15:00+09:00,J3,969,886,1855
2018-11-28T11:15:00+09:00,J4,973,988,1961
2018-11-28T11:15:00+09:00,J5,399,340,739
2018-11-28T11:30:00+09:00,J1,985,1102,2087
2018-11-28T11:30:00+09:00,J2,643,626,1269
2018-11-28T11:30:00+09:00,J3,1024,1082,2106
2018-11-28T11:30:00+09:00,J4,966,1048,2014
2018-11-28T11:30:00+09:00,J5,391,423,814
2018-11-28T11:45:00+09:00,J1,1062,1117,2179
2018-11-28T11:45:00+09:00,J2,718,662,1380
2018-11-28T11:45:00+09:00,J3,987,1082,2069
2018-11-28T11:45:00+09:00,J4,959,1037,1996
2018-11-28T11:45:00+09:00,J5,388,419,807
2018-11-28T12:00:00+09:00,J1,1188,1289,2477
2018-11-28T12:00:00+09:00,J2,844,661,1505
2018-11-28T12:00:00+09:00,J3,1045,1064,2109
2018-11-28T12:00:00+09:00,J4,955,968,1923
2018-11-28T12:00:00+09:00,J5,400,525,925
2018-11-28T12:15:00+09:00,J1,1143,1210,2353
2018-11-28T12:15:00+09:00,J2,800,663,1463
2018-11-28T12:15:00+09:00,J3,1062,918,1980
2018-11-28T12:15:00+09:00,J4,992,1122,2114
2018-11-28T12:15:00+09:00,J5,421,489,910
2018-11-28T12:30:00+09:00,J1,1125,1231,2356
2018-11-28T12:30:00+09:00,J2,704,690,1394
2018-11-28T12:30:00+09:00,J3,1008,888,1896
2018-11-28T12:30:00+09:00,J4,1042,1164,2206
2018-11-28T12:30:00+09:00,J5,398,445,843
2018-11-28T12:45:00+09:00,J1,1149,1210,2359
2018-11-28T12:45:00+09:00,J2,776,692,1468
2018-11-28T12:45:00+09:00,J3,1056,938,1994
2018-11-28T12:45:00+09:00,J4,887,1028,1915
2018-11-28T12:45:00+09:00,J5,412,436,848
2018-11-28T13:00:00+09:00,J1,1221,1338,2559
2018-11-28T13:00:00+09:00,J2,826,707,1533
2018-11-28T13:00:00+09:00,J3,1073,959,2032
2018-11-28T13:00:00+09:00,J4,972,975,1947
2018-11-28T13:00:00+09:00,J5,415,451,866
2018-11-28T13:15:00+09:00,J1,1001,1198,2199
2018-11-28T13:15:00+09:00,J2,788,692,1480
2018-11-28T13:15:00+09:00,J3,1092,961,2053
2018-11-28T13:15:00+09:00,J4,987,1090,2077
2018-11-28T13:15:00+09:00,J5,421,462,883
2018-11-28T13:30:00+09:00,J1,1171,1220,2391
2018-11-28T13:30:00+09:00,J2,719,648,1367
2018-11-28T13:30:00+09:00,J3,1057,962,2019
2018-11-28T13:30:00+09:00,J4,1059,1127,2186
2018-11-28T13:30:00+09:00,J5,415,446,861
2018-11-28T13:45:00+09:00,J1,975,1102,2077
2018-11-28T13:45:00+09:00,J2,759,675,1434
2018-11-28T13:45:00+09:00,J3,1023,928,1951
2018-11-28T13:45:00+09:00,J4,1103,1122,2225
2018-11-28T13:45:00+09:00,J5,437,450,887
2018-11-28T14:00:00+09:00,J1,1128,1162,2290
2018-11-28T14:00:00+09:00,J2,839,654,1493
2018-11-28T14:00:00+09:00,J3,1066,1019,2085
2018-11-28T14:00:00+09:00,J4,1049,1049,2098
2018-11-28T14:00:00+09:00,J5,438,469,907
2018-11-28T14:15:00+09:00,J1,1003,1170,2173
2018-11-28T14:15:00+09:00,J2,737,683,1420
2018-11-28T14:15:00+09:00,J3,1028,940,1968
2018-11-28T14:15:00+09:00,J4,1009,1053,2062
2018-11-28T14:15:00+09:00,J5,421,434,855
2018-11-28T14:30:00+09:00,J1,937,1088,2025
2018-11-28T14:30:00+09:00,J2,768,695,1463
2018-11-28T14:30:00+09:00,J3,979,901,1880
2018-11-28T14:30:00+09:00,J4,1058,1035,2093
2018-11-28T14:30:00+09:00,J5,438,440,878
2018-11-28T14:45:00+09:00,J1,810,1012,1822
2018-11-28T14:45:00+09:00,J2,805,723,1528
2018-11-28T14:45:00+09:00,J3,999,877,1876
2018-11-28T14:45:00+09:00,J4,1077,1063,2140
2018-11-28T14:45:00+09:00,J5,399,436,835
2018-11-28T15:00:00+09:00,J1,901,1050,1951
2018-11-28T15:00:00+09:00,J2,802,704,1506
2018-11-28T15:00:00+09:00,J3,962,940,1902
2018-11-28T15:00:00+09:00,J4,1015,1072,2087
2018-11-28T15:00:00+09:00,J5,436,431,867
2018-11-28T15:15:00+09:00,J1,920,1048,1968
2018-11-28T15:15:00+09:00,J2,817,654,1471
2018-11-28T15:15:00+09:00,J3,1005,924,1929
2018-11-28T15:15:00+09:00,J4,1089,1169,2258
2018-11-28T15:15:00+09:00,J5,413,442,855
2018-11-28T15:30:00+09:00,J1,906,1079,1985
2018-11-28T15:30:00+09:00,J2,795,670,1465
2018-11-28T15:30:00+09:00,J3,1028,970,1998
2018-11-28T15:30:00+09:00,J4,1150,1154,2304
2018-11-28T15:30:00+09:00,J5,440,407,847
2018-11-28T15:45:00+09:00,J1,906,1040,1946
2018-11-28T15:45:00+09:00,J2,801,733,1534
2018-11-28T15:45:00+09:00,J3,998,897,1895
2018-11-28T15:45:00+09:00,J4,1076,1108,2184
2018-11-28T15:45:00+09:00,J5,423,447,870
2018-11-28T16:00:00+09:00,J1,940,1041,1981
2018-11-28T16:00:00+09:00,J2,760,744,1504
2018-11-28T16:00:00+09:00,J3,999,968,1967
2018-11-28T16:00:00+09:00,J4,1034,1094,2128
2018-11-28T16:00:00+09:00,J5,390,408,798
2018-11-28T16:15:00+09:00,J1,1065,1094,2159
2018-11-28T16:15:00+09:00,J2,739,685,1424
2018-11-28T16:15:00+09:00,J3,1056,987,2043
2018-11-28T16:15:00+09:00,J4,1074,1072,2146
2018-11-28T16:15:00+09:00,J5,394,438,832
2018-11-28T16:30:00+09:00,J1,1118,1217,2335
2018-11-28T16:30:00+09:00,J2,727,739,1466
2018-11-28T16:30:00+09:00,J3,1067,1112,2179
2018-11-28T16:30:00+09:00,J4,942,1069,2011
2018-11-28T16:30:00+09:00,J5,415,415,830
2018-11-28T16:45:00+09:00,J1,1193,1235,2428
2018-11-28T16:45:00+09:00,J2,699,642,1341
2018-11-28T16:45:00+09:00,J3,1076,992,2068
2018-11-28T16:45:00+09:00,J4,1089,1028,2117
2018-11-28T16:45:00+09:00,J5,436,459,895
2018-11-28T17:00:00+09:00,J1,1056,1118,2174
2018-11-28T17:00:00+09:00,J2,793,747,1540
2018-11-28T17:00:00+09:00,J3,1296,1106,2402
2018-11-28T17:00:00+09:00,J4,1029,1064,2093
2018-11-28T17:00:00+09:00,J5,466,479,945
2018-11-28T17:15:00+09:00,J1,894,1056,1950
2018-11-28T17:15:00+09:00,J2,819,764,1583
2018-11-28T17:15:00+09:00,J3,1313,1159,2472
2018-11-28T17:15:00+09:00,J4,1066,1043,2109
2018-11-28T17:15:00+09:00,J5,463,543,1006
2018-11-28T17:30:00+09:00,J1,937,1098,2035
2018-11-28T17:30:00+09:00,J2,858,855,1713
2018-11-28T17:30:00+09:00,J3,1344,1126,2470
2018-11-28T17:30:00+09:00,J4,1084,1037,2121
2018-11-28T17:30:00+09:00,J5,464,585,1049
2018-11-28T17:45:00+09:00,J1,1209,1272,2481
2018-11-28T17:45:00+09:00,J2,854,815,1669
2018-11-28T17:45:00+09:00,J3,1390,1156,2546
2018-11-28T17:45:00+09:00,J4,1128,1073,2201
2018-11-28T17:45:00+09:00,J5,487,566,1053
2018-11-28T18:00:00+09:00,J1,1152,1367,2519
2018-11-28T18:00:00+09:00,J2,939,892,1831
2018-11-28T18:00:00+09:00,J3,1358,1181,2539
2018-11-28T18:00:00+09:00,J4,1162,1042,2204
2018-11-28T18:00:00+09:00,J5,454,525,979
2018-11-28T18:15:00+09:00,J1,1060,1241,2301
2018-11-28T18:15:00+09:00,J2,844,846,1690
2018-11-28T18:15:00+09:00,J3,1414,1172,2586
2018-11-28T18:15:00+09:00,J4,1054,1014,2068
2018-11-28T18:15:00+09:00,J5,439,582,1021
2018-11-28T18:30:00+09:00,J1,1139,1317,2456
2018-11-28T18:30:00+09:00,J2,839,702,1541
2018-11-28T18:30:00+09:00,J3,1305,1035,2340
2018-11-28T18:30:00+09:00,J4,1069,975,2044
2018-11-28T18:30:00+09:00,J5,442,446,888
2018-11-28T18:45:00+09:00,J1,1058,1170,2228
2018-11-28T18:45:00+09:00,J2,731,712,1443
2018-11-28T18:45:00+09:00,J3,1150,842,1992
2018-11-28T18:45:00+09:00,J4,1086,1007,2093
2018-11-28T18:45:00+09:00,J5,398,391,789
2018-11-28T19:00:00+09:00,J1,1000,1103,2103
2018-11-28T19:00:00+09:00,J2,588,610,1198
2018-11-28T19:00:00+09:00,J3,1132,905,2037
2018-11-28T19:00:00+09:00,J4,1079,1127,2206
2018-11-28T19:00:00+09:00,J5,408,417,825
2018-11-28T19:15:00+09:00,J1,1004,1140,2144
2018-11-28T19:15:00+09:00,J2,513,580,1093
2018-11-28T19:15:00+09:00,J3,1141,874,2015
2018-11-28T19:15:00+09:00,J4,1154,1061,2215
2018-11-28T19:15:00+09:00,J5,360,455,815
2018-11-28T19:30:00+09:00,J1,1005,1162,2167
2018-11-28T19:30:00+09:00,J2,507,544,1051
2018-11-28T19:30:00+09:00,J3,1078,885,1963
2018-11-28T19:30:00+09:00,J4,1057,963,2020
2018-11-28T19:30:00+09:00,J5,409,384,793
2018-11-28T19:45:00+09:00,J1,1027,1168,2195
2018-11-28T19:45:00+09:00,J2,452,547,999
2018-11-28T19:45:00+09:00,J3,1027,776,1803
2018-11-28T19:45:00+09:00,J4,1071,1109,2180
2018-11-28T19:45:00+09:00,J5,451,424,875
2018-11-28T20:00:00+09:00,J1,1217,1318,2535
2018-11-28T20:00:00+09:00,J2,454,500,954
2018-11-28T20:00:00+09:00,J3,1043,815,1858
2018-11-28T20:00:00+09:00,J4,1147,1105,2252
2018-11-28T20:00:00+09:00,J5,422,409,831
2018-11-28T20:15:00+09:00,J1,1150,1263,2413
2018-11-28T20:15:00+09:00,J2,391,541,932
2018-11-28T20:15:00+09:00,J3,1009,791,1800
2018-11-28T20:15:00+09:00,J4,1089,1121,2210
2018-11-28T20:15:00+09:00,J5,437,399,836
2018-11-28T20:30:00+09:00,J1,1119,1264,2383
2018-11-28T20:30:00+09:00,J2,597,605,1202
2018-11-28T20:30:00+09:00,J3,1006,797,1803
2018-11-28T20:30:00+09:00,J4,1016,1013,2029
2018-11-28T20:30:00+09:00,J5,415,420,835
2018-11-28T20:45:00+09:00,J1,1208,1292,2500
2018-11-28T20:45:00+09:00,J2,631,599,1230
2018-11-28T20:45:00+09:00,J3,1001,833,1834
2018-11-28T20:45:00+09:00,J4,1070,1055,2125
2018-11-28T20:45:00+09:00,J5,493,420,913
2018-11-28T21:00:00+09:00,J1,1003,1214,2217
2018-11-28T21:00:00+09:00,J2,454,515,969
2018-11-28T21:00:00+09:00,J3,831,739,1570
2018-11-28T21:00:00+09:00,J4,1146,1035,2181
2018-11-28T21:00:00+09:00,J5,453,390,843
2018-11-28T21:15:00+09:00,J1,1095,1259,2354
2018-11-28T21:15:00+09:00,J2,572,534,1106
2018-11-28T21:15:00+09:00,J3,773,736,1509
2018-11-28T21:15:00+09:00,J4,1123,1128,2251
2018-11-28T21:15:00+09:00,J5,437,390,827
2018-11-28T21:30:00+09:00,J1,1012,1171,2183
2018-11-28T21:30:00+09:00,J2,638,639,1277
2018-11-28T21:30:00+09:00,J3,773,743,1516
2018-11-28T21:30:00+09:00,J4,1132,1094,2226
2018-11-28T21:30:00+09:00,J5,480,496,976
2018-11-28T21:45:00+09:00,J1,1063,1126,2189
2018-11-28T21:45:00+09:00,J2,649,606,1255
2018-11-28T21:45:00+09:00,J3,783,696,1479
2018-11-28T21:45:00+09:00,J4,1089,1146,2235
2018-11-28T21:45:00+09:00,J5,541,464,1005
2018-11-28T22:00:00+09:00,J1,993,1089,2082
2018-11-28T22:00:00+09:00,J2,628,631,1259
2018-11-28T22:00:00+09:00,J3,718,740,1458
2018-11-28T22:00:00+09:00,J4,1091,1064,2155
2018-11-28T22:00:00+09:00,J5,540,502,1042
2018-11-28T22:15:00+09:00,J1,1028,1086,2114
2018-11-28T22:15:00+09:00,J2,592,606,1198
2018-11-28T22:15:00+09:00,J3,694,690,1384
2018-11-28T22:15:00+09:00,J4,1046,1082,2128
2018-11-28T22:15:00+09:00,J5,506,519,1025
2018-11-28T22:30:00+09:00,J1,995,1108,2103
2018-11-28T22:30:00+09:00,J2,599,580,1179
2018-11-28T22:30:00+09:00,J3,687,643,1330
2018-11-28T22:30:00+09:00,J4,968,1054,2022
2018-11-28T22:30:00+09:00,J5,543,546,1089
2018-11-28T22:45:00+09:00,J1,991,1047,2038
2018-11-28T22:45:00+09:00,J2,542,545,1087
2018-11-28T22:45:00+09:00,J3,799,661,1460
2018-11-28T22:45:00+09:00,J4,981,987,1968
2018-11-28T22:45:00+09:00,J5,421,444,865
2018-11-28T23:00:00+09:00,J1,953,993,1946
2018-11-28T23:00:00+09:00,J2,470,493,963
2018-11-28T23:00:00+09:00,J3,758,694,1452
2018-11-28T23:00:00+09:00,J4,836,952,1788
2018-11-28T23:00:00+09:00,J5,419,389,808
2018-11-28T23:15:00+09:00,J1,878,992,1870
2018-11-28T23:15:00+09:00,J2,379,405,784
2018-11-28T23:15:00+09:00,J3,829,753,1582
2018-11-28T23:15:00+09:00,J4,886,981,1867
2018-11-28T23:15:00+09:00,J5,443,395,838
2018-11-28T23:30:00+09:00,J1,843,933,1776
2018-11-28T23:30:00+09:00,J2,376,363,739
2018-11-28T23:30:00+09:00,J3,709,703,1412
2018-11-28T23:30:00+09:00,J4,957,909,1866
2018-11-28T23:30:00+09:00,J5,401,367,768
2018-11-28T23:45:00+09:00,J1,877,907,1784
2018-11-28T23:45:00+09:00,J2,449,410,859
2018-11-28T23:45:00+09:00,J3,793,653,1446
2018-11-28T23:45:00+09:00,J4,730,803,1533
2018-11-28T23:45:00+09:00,J5,422,430,852
2018-11-29T00:00:00+09:00,J1,685,622,1307
2018-11-29T00:00:00+09:00,J2,270,235,505
2018-11-29T00:00:00+09:00,J3,731,590,1321
2018-11-29T00:00:00+09:00,J4,698,757,1455
2018-11-29T00:00:00+09:00,J5,427,391,818
2018-11-29T00:15:00+09:00,J1,441,527,968
2018-11-29T00:15:00+09:00,J2,327,292,619
2018-11-29T00:15:00+09:00,J3,555,464,1019
2018-11-29T00:15:00+09:00,J4,553,569,1122
2018-11-29T00:15:00+09:00,J5,416,369,785
2018-11-29T00:30:00+09:00,J1,333,374,707
2018-11-29T00:30:00+09:00,J2,314,231,545
2018-11-29T00:30:00+09:00,J3,527,468,995
2018-11-29T00:30:00+09:00,J4,547,568,1115
2018-11-29T00:30:00+09:00,J5,382,406,788
2018-11-29T00:45:00+09:00,J1,330,371,701
2018-11-29T00:45:00+09:00,J2,305,306,611
2018-11-29T00:45:00+09:00,J3,498,417,915
2018-11-29T00:45:00+09:00,J4,733,720,1453
2018-11-29T00:45:00+09:00,J5,383,354,737
2018-11-29T05:45:00+09:00,J1,458,424,882
2018-11-29T05:45:00+09:00,J2,310,379,689
2018-11-29T05:45:00+09:00,J3,500,413,913
2018-11-29T05:45:00+09:00,J4,747,668,1415
2018-11-29T05:45:00+09:00,J5,427,424,851
2018-11-29T06:00:00+09:00,J1,562,600,1162
2018-11-29T06:00:00+09:00,J2,298,393,691
2018-11-29T06:00:00+09:00,J3,456,389,845
2018-11-29T06:00:00+09:00,J4,794,707,1501
2018-11-29T06:00:00+09:00,J5,401,356,757
2018-11-29T06:15:00+09:00,J1,671,690,1361
2018-11-29T06:15:00+09:00,J2,287,429,716
2018-11-29T06:15:00+09:00,J3,583,482,1065
2018-11-29T06:15:00+09:00,J4,863,851,1714
2018-11-29T06:15:00+09:00,J5,459,405,864
2018-11-29T06:30:00+09:00,J1,766,767,1533
2018-11-29T06:30:00+09:00,J2,319,373,692
2018-11-29T06:30:00+09:00,J3,531,479,1010
2018-11-29T06:30:00+09:00,J4,823,851,1674
2018-11-29T06:30:00+09:00,J5,519,456,975
2018-11-29T06:45:00+09:00,J1,766,761,1527
2018-11-29T06:45:00+09:00,J2,372,422,794
2018-11-29T06:45:00+09:00,J3,614,524,1138
2018-11-29T06:45:00+09:00,J4,909,898,1807
2018-11-29T06:45:00+09:00,J5,481,444,925
2018-11-29T07:00:00+09:00,J1,961,994,1955
2018-11-29T07:00:00+09:00,J2,357,391,748
2018-11-29T07:00:00+09:00,J3,740,625,1365
2018-11-29T07:00:00+09:00,J4,880,931,1811
2018-11-29T07:00:00+09:00,J5,533,528,1061
2018-11-29T07:15:00+09:00,J1,1081,990,2071
2018-11-29T07:15:00+09:00,J2,467,401,868
2018-11-29T07:15:00+09:00,J3,784,632,1416
2018-11-29T07:15:00+09:00,J4,1052,1122,2174
2018-11-29T07:15:00+09:00,J5,657,614,1271
2018-11-29T07:30:00+09:00,J1,1233,1210,2443
2018-11-29T07:30:00+09:00,J2,539,377,916
2018-11-29T07:30:00+09:00,J3,911,938,1849
2018-11-29T07:30:00+09:00,J4,1076,1182,2258
2018-11-29T07:30:00+09:00,J5,588,519,1107
2018-11-29T07:45:00+09:00,J1,1237,1255,2492
2018-11-29T07:45:00+09:00,J2,756,512,1268
2018-11-29T07:45:00+09:00,J3,986,850,1836
2018-11-29T07:45:00+09:00,J4,1149,1326,2475
2018-11-29T07:45:00+09:00,J5,486,467,953
2018-11-29T08:00:00+09:00,J1,1472,1404,2876
2018-11-29T08:00:00+09:00,J2,802,581,1383
2018-11-29T08:00:00+09:00,J3,1231,1091,2322
2018-11-29T08:00:00+09:00,J4,1215,1389,2604
2018-11-29T08:00:00+09:00,J5,542,560,1102
2018-11-29T08:15:00+09:00,J1,1432,1370,2802
2018-11-29T08:15:00+09:00,J2,1003,598,1601
2018-11-29T08:15:00+09:00,J3,1261,1380,2641
2018-11-29T08:15:00+09:00,J4,1162,1406,2568
2018-11-29T08:15:00+09:00,J5,544,531,1075
2018-11-29T08:30:00+09:00,J1,1292,1172,2464
2018-11-29T08:30:00+09:00,J2,911,649,1560
2018-11-29T08:30:00+09:00,J3,1090,1256,2346
2018-11-29T08:30:00+09:00,J4,1102,1368,2470
2018-11-29T08:30:00+09:00,J5,621,521,1142
2018-11-29T08:45:00+09:00,J1,1419,1258,2677
2018-11-29T08:45:00+09:00,J2,844,600,1444
2018-11-29T08:45:00+09:00,J3,899,1057,1956
2018-11-29T08:45:00+09:00,J4,997,1197,2194
2018-11-29T08:45:00+09:00,J5,741,643,1384
2018-11-29T09:00:00+09:00,J1,1318,1291,2609
2018-11-29T09:00:00+09:00,J2,667,590,1257
2018-11-29T09:00:00+09:00,J3,982,937,1919
2018-11-29T09:00:00+09:00,J4,884,1105,1989
2018-11-29T09:00:00+09:00,J5,795,670,1465
2018-11-29T09:15:00+09:00,J1,1036,1008,2044
2018-11-29T09:15:00+09:00,J2,648,540,1188
2018-11-29T09:15:00+09:00,J3,979,948,1927
2018-11-29T09:15:00+09:00,J4,1011,1165,2176
2018-11-29T09:15:00+09:00,J5,787,724,1511
2018-11-29T09:30:00+09:00,J1,987,885,1872
2018-11-29T09:30:00+09:00,J2,681,542,1223
2018-11-29T09:30:00+09:00,J3,1016,1028,2044
2018-11-29T09:30:00+09:00,J4,1043,1057,2100
2018-11-29T09:30:00+09:00,J5,743,661,1404
2018-11-29T09:45:00+09:00,J1,1302,1208,2510
2018-11-29T09:45:00+09:00,J2,616,586,1202
2018-11-29T09:45:00+09:00,J3,1002,990,1992
2018-11-29T09:45:00+09:00,J4,1053,1101,2154
2018-11-29T09:45:00+09:00,J5,651,682,1333
2018-11-29T10:00:00+09:00,J1,1303,1238,2541
2018-11-29T10:00:00+09:00,J2,529,619,1148
2018-11-29T10:00:00+09:00,J3,938,975,1913
2018-11-29T10:00:00+09:00,J4,940,982,1922
2018-11-29T10:00:00+09:00,J5,751,702,1453
2018-11-29T10:15:00+09:00,J1,1285,1343,2628
2018-11-29T10:15:00+09:00,J2,569,572,1141
2018-11-29T10:15:00+09:00,J3,993,911,1904
2018-11-29T10:15:00+09:00,J4,882,934,1816
2018-11-29T10:15:00+09:00,J5,637,579,1216
2018-11-29T10:30:00+09:00,J1,1434,1317,2751
2018-11-29T10:30:00+09:00,J2,633,619,1252
2018-11-29T10:30:00+09:00,J3,1110,1025,2135
2018-11-29T10:30:00+09:00,J4,941,966,1907
2018-11-29T10:30:00+09:00,J5,713,626,1339
2018-11-29T10:45:00+09:00,J1,1381,1326,2707
2018-11-29T10:45:00+09:00,J2,624,599,1223
2018-11-29T10:45:00+09:00,J3,1060,1015,2075
2018-11-29T10:45:00+09:00,J4,973,997,1970
2018-11-29T10:45:00+09:00,J5,626,624,1250
2018-11-29T11:00:00+09:00,J1,1275,1398,2673
2018-11-29T11:00:00+09:00,J2,596,637,1233
2018-11-29T11:00:00+09:00,J3,1114,1105,2219
2018-11-29T11:00:00+09:00,J4,1025,1083,2108
2018-11-29T11:00:00+09:00,J5,596,549,1145
2018-11-29T11:15:00+09:00,J1,1310,1521,2831
2018-11-29T11:15:00+09:00,J2,576,614,1190
2018-11-29T11:15:00+09:00,J3,1141,1062,2203
2018-11-29T11:15:00+09:00,J4,1029,1050,2079
2018-11-29T11:15:00+09:00,J5,447,420,867
2018-11-29T11:30:00+09:00,J1,1354,1383,2737
2018-11-29T11:30:00+09:00,J2,583,548,1131
2018-11-29T11:30:00+09:00,J3,1210,1014,2224
2018-11-29T11:30:00+09:00,J4,1297,1261,2558
2018-11-29T11:30:00+09:00,J5,392,377,769
2018-11-29T11:45:00+09:00,J1,1465,1435,2900
2018-11-29T11:45:00+09:00,J2,624,493,1117
2018-11-29T11:45:00+09:00,J3,1198,1112,2310
2018-11-29T11:45:00+09:00,J4,1133,1110,2243
2018-11-29T11:45:00+09:00,J5,409,431,840
2018-11-29T12:00:00+09:00,J1,1252,1385,2637
2018-11-29T12:00:00+09:00,J2,678,579,1257
2018-11-29T12:00:00+09:00,J3,1167,1121,2288
2018-11-29T12:00:00+09:00,J4,1180,1269,2449
2018-11-29T12:00:00+09:00,J5,422,460,882
2018-11-29T12:15:00+09:00,J1,1213,1365,2578
2018-11-29T12:15:00+09:00,J2,651,561,1212
2018-11-29T12:15:00+09:00,J3,1046,991,2037
2018-11-29T12:15:00+09:00,J4,1090,1096,2186
2018-11-29T12:15:00+09:00,J5,441,458,899
2018-11-29T12:30:00+09:00,J1,1299,1374,2673
2018-11-29T12:30:00+09:00,J2,665,643,1308
2018-11-29T12:30:00+09:00,J3,1039,1051,2090
2018-11-29T12:30:00+09:00,J4,1026,1117,2143
2018-11-29T12:30:00+09:00,J5,490,403,893
2018-11-29T12:45:00+09:00,J1,1259,1357,2616
2018-11-29T12:45:00+09:00,J2,726,606,1332
2018-11-29T12:45:00+09:00,J3,1037,1000,2037
2018-11-29T12:45:00+09:00,J4,1161,1150,2311
2018-11-29T12:45:00+09:00,J5,534,437,971
2018-11-29T13:00:00+09:00,J1,1267,1415,2682
2018-11-29T13:00:00+09:00,J2,640,606,1246
2018-11-29T13:00:00+09:00,J3,989,958,1947
2018-11-29T13:00:00+09:00,J4,1082,1033,2115
2018-11-29T13:00:00+09:00,J5,562,496,1058
2018-11-29T13:15:00+09:00,J1,1288,1440,2728
2018-11-29T13:15:00+09:00,J2,681,598,1279
2018-11-29T13:15:00+09:00,J3,944,930,1874
2018-11-29T13:15:00+09:00,J4,1146,1110,2256
2018-11-29T13:15:00+09:00,J5,558,516,1074
2018-11-29T13:30:00+09:00,J1,1289,1349,2638
2018-11-29T13:30:00+09:00,J2,708,567,1275
2018-11-29T13:30:00+09:00,J3,901,937,1838
2018-11-29T13:30:00+09:00,J4,1219,1172,2391
2018-11-29T13:30:00+09:00,J5,570,505,1075
2018-11-29T13:45:00+09:00,J1,1236,1454,2690
2018-11-29T13:45:00+09:00,J2,641,605,1246
2018-11-29T13:45:00+09:00,J3,969,950,1919
2018-11-29T13:45:00+09:00,J4,1134,1157,2291
2018-11-29T13:45:00+09:00,J5,492,475,967
2018-11-29T14:00:00+09:00,J1,1191,1385,2576
2018-11-29T14:00:00+09:00,J2,663,639,1302
2018-11-29T14:00:00+09:00,J3,912,948,1860
2018-11-29T14:00:00+09:00,J4,1194,1205,2399
2018-11-29T14:00:00+09:00,J5,551,545,1096
2018-11-29T14:15:00+09:00,J1,1267,1373,2640
2018-11-29T14:15:00+09:00,J2,676,630,1306
2018-11-29T14:15:00+09:00,J3,926,917,1843
2018-11-29T14:15:00+09:00,J4,1098,1188,2286
2018-11-29T14:15:00+09:00,J5,564,527,1091
2018-11-29T14:30:00+09:00,J1,1189,1335,2524
2018-11-29T14:30:00+09:00,J2,721,636,1357
2018-11-29T14:30:00+09:00,J3,886,992,1878
2018-11-29T14:30:00+09:00,J4,1164,1169,2333
2018-11-29T14:30:00+09:00,J5,604,488,1092
2018-11-29T14:45:00+09:00,J1,1304,1333,2637
2018-11-29T14:45:00+09:00,J2,715,643,1358
2018-11-29T14:45:00+09:00,J3,861,889,1750
2018-11-29T14:45:00+09:00,J4,1132,1207,2339
2018-11-29T14:45:00+09:00,J5,536,474,1010
2018-11-29T15:00:00+09:00,J1,1216,1230,2446
2018-11-29T15:00:00+09:00,J2,623,664,1287
2018-11-29T15:00:00+09:00,J3,887,946,1833
2018-11-29T15:00:00+09:00,J4,1172,1156,2328
2018-11-29T15:00:00+09:00,J5,651,582,1233
2018-11-29T15:15:00+09:00,J1,1279,1379,2658
2018-11-29T15:15:00+09:00,J2,681,674,1355
2018-11-29T15:15:00+09:00,J3,886,942,1828
2018-11-29T15:15:00+09:00,J4,1119,1206,2325
2018-11-29T15:15:00+09:00,J5,515,503,1018
2018-11-29T15:30:00+09:00,J1,1313,1401,2714
2018-11-29T15:30:00+09:00,J2,601,641,1242
2018-11-29T15:30:00+09:00,J3,898,964,1862
2018-11-29T15:30:00+09:00,J4,1162,1174,2336
2018-11-29T15:30:00+09:00,J5,585,499,1084
2018-11-29T15:45:00+09:00,J1,1303,1359,2662
2018-11-29T15:45:00+09:00,J2,624,657,1281
2018-11-29T15:45:00+09:00,J3,834,910,1744
2018-11-29T15:45:00+09:00,J4,1133,1197,2330
2018-11-29T15:45:00+09:00,J5,535,462,997
2018-11-29T16:00:00+09:00,J1,1236,1462,2698
2018-11-29T16:00:00+09:00,J2,640,709,1349
2018-11-29T16:00:00+09:00,J3,861,940,1801
2018-11-29T16:00:00+09:00,J4,1109,1133,2242
2018-11-29T16:00:00+09:00,J5,565,484,1049
2018-11-29T16:15:00+09:00,J1,1255,1317,2572
2018-11-29T16:15:00+09:00,J2,670,713,1383
2018-11-29T16:15:00+09:00,J3,959,918,1877
2018-11-29T16:15:00+09:00,J4,1134,1135,2269
2018-11-29T16:15:00+09:00,J5,573,502,1075
2018-11-29T16:30:00+09:00,J1,1195,1346,2541
2018-11-29T16:30:00+09:00,J2,645,703,1348
2018-11-29T16:30:00+09:00,J3,1031,922,1953
2018-11-29T16:30:00+09:00,J4,1299,1368,2667
2018-11-29T16:30:00+09:00,J5,592,523,1115
2018-11-29T16:45:00+09:00,J1,1307,1391,2698
2018-11-29T16:45:00+09:00,J2,674,747,1421
2018-11-29T16:45:00+09:00,J3,1127,984,2111
2018-11-29T16:45:00+09:00,J4,1185,1191,2376
2018-11-29T16:45:00+09:00,J5,586,570,1156
2018-11-29T17:00:00+09:00,J1,1340,1370,2710
2018-11-29T17:00:00+09:00,J2,683,753,1436
2018-11-29T17:00:00+09:00,J3,1265,1088,2353
2018-11-29T17:00:00+09:00,J4,1242,1245,2487
2018-11-29T17:00:00+09:00,J5,577,613,1190
2018-11-29T17:15:00+09:00,J1,1310,1432,2742
2018-11-29T17:15:00+09:00,J2,672,870,1542
2018-11-29T17:15:00+09:00,J3,1340,1135,2475
2018-11-29T17:15:00+09:00,J4,1295,1259,2554
2018-11-29T17:15:00+09:00,J5,586,608,1194
2018-11-29T17:30:00+09:00,J1,1338,1539,2877
2018-11-29T17:30:00+09:00,J2,804,845,1649
2018-11-29T17:30:00+09:00,J3,1296,1259,2555
2018-11-29T17:30:00+09:00,J4,1337,1242,2579
2018-11-29T17:30:00+09:00,J5,604,673,1277
2018-11-29T17:45:00+09:00,J1,1307,1495,2802
2018-11-29T17:45:00+09:00,J2,797,903,1700
2018-11-29T17:45:00+09:00,J3,1547,1233,2780
2018-11-29T17:45:00+09:00,J4,1279,1216,2495
2018-11-29T17:45:00+09:00,J5,649,695,1344
2018-11-29T18:00:00+09:00,J1,1295,1557,2852
2018-11-29T18:00:00+09:00,J2,821,855,1676
2018-11-29T18:00:00+09:00,J3,1595,1194,2789
2018-11-29T18:00:00+09:00,J4,1253,1149,2402
2018-11-29T18:00:00+09:00,J5,671,611,1282
2018-11-29T18:15:00+09:00,J1,1307,1432,2739
2018-11-29T18:15:00+09:00,J2,788,838,1626
2018-11-29T18:15:00+09:00,J3,1422,1181,2603
2018-11-29T18:15:00+09:00,J4,1361,1171,2532
2018-11-29T18:15:00+09:00,J5,535,629,1164
2018-11-29T18:30:00+09:00,J1,1268,1458,2726
2018-11-29T18:30:00+09:00,J2,749,821,1570
2018-11-29T18:30:00+09:00,J3,1172,1018,2190
2018-11-29T18:30:00+09:00,J4,1272,1195,2467
2018-11-29T18:30:00+09:00,J5,541,549,1090
2018-11-29T18:45:00+09:00,J1,1311,1417,2728
2018-11-29T18:45:00+09:00,J2,705,690,1395
2018-11-29T18:45:00+09:00,J3,1082,1060,2142
2018-11-29T18:45:00+09:00,J4,1265,1245,2510
2018-11-29T18:45:00+09:00,J5,557,508,1065
2018-11-29T19:00:00+09:00,J1,1253,1347,2600
2018-11-29T19:00:00+09:00,J2,642,616,1258
2018-11-29T19:00:00+09:00,J3,1058,1048,2106
2018-11-29T19:00:00+09:00,J4,1309,1249,2558
2018-11-29T19:00:00+09:00,J5,617,592,1209
2018-11-29T19:15:00+09:00,J1,1276,1385,2661
2018-11-29T19:15:00+09:00,J2,618,717,1335
2018-11-29T19:15:00+09:00,J3,1052,1018,2070
2018-11-29T19:15:00+09:00,J4,1274,1201,2475
2018-11-29T19:15:00+09:00,J5,646,663,1309
2018-11-29T19:30:00+09:00,J1,1400,1076,2476
2018-11-29T19:30:00+09:00,J2,705,465,1170
2018-11-29T19:30:00+09:00,J3,1273,823,2096
2018-11-29T19:30:00+09:00,J4,1425,1009,2434
2018-11-29T19:30:00+09:00,J5,711,463,1174
2018-11-29T19:45:00+09:00,J1,1517,1660,3177
2018-11-29T19:45:00+09:00,J2,829,768,1597
2018-11-29T19:45:00+09:00,J3,1257,1177,2434
2018-11-29T19:45:00+09:00,J4,1551,1488,3039
2018-11-29T19:45:00+09:00,J5,832,691,1523
2018-11-29T20:00:00+09:00,J1,1211,1309,2520
2018-11-29T20:00:00+09:00,J2,643,553,1196
2018-11-29T20:00:00+09:00,J3,915,958,1873
2018-11-29T20:00:00+09:00,J4,1293,1271,2564
2018-11-29T20:00:00+09:00,J5,682,620,1302
2018-11-29T20:15:00+09:00,J1,1167,1269,2436
2018-11-29T20:15:00+09:00,J2,685,599,1284
2018-11-29T20:15:00+09:00,J3,994,1025,2019
2018-11-29T20:15:00+09:00,J4,1297,1281,2578
2018-11-29T20:15:00+09:00,J5,674,644,1318
2018-11-29T20:30:00+09:00,J1,1178,1233,2411
2018-11-29T20:30:00+09:00,J2,642,642,1284
2018-11-29T20:30:00+09:00,J3,1053,992,2045
2018-11-29T20:30:00+09:00,J4,1222,1169,2391
2018-11-29T20:30:00+09:00,J5,678,679,1357
2018-11-29T20:45:00+09:00,J1,1259,1309,2568
2018-11-29T20:45:00+09:00,J2,693,721,1414
2018-11-29T20:45:00+09:00,J3,935,985,1920
2018-11-29T20:45:00+09:00,J4,1166,1219,2385
2018-11-29T20:45:00+09:00,J5,644,619,1263
2018-11-29T21:00:00+09:00,J1,1137,1266,2403
2018-11-29T21:00:00+09:00,J2,721,721,1442
2018-11-29T21:00:00+09:00,J3,982,860,1842
2018-11-29T21:00:00+09:00,J4,1279,1209,2488
2018-11-29T21:00:00+09:00,J5,568,657,1225
2018-11-29T21:15:00+09:00,J1,1123,1247,2370
2018-11-29T21:15:00+09:00,J2,767,747,1514
2018-11-29T21:15:00+09:00,J3,983,802,1785
2018-11-29T21:15:00+09:00,J4,1266,1299,2565
2018-11-29T21:15:00+09:00,J5,699,665,1364
2018-11-29T21:30:00+09:00,J1,1143,1290,2433
2018-11-29T21:30:00+09:00,J2,658,584,1242
2018-11-29T21:30:00+09:00,J3,1041,776,1817
2018-11-29T21:30:00+09:00,J4,1356,1258,2614
2018-11-29T21:30:00+09:00,J5,610,673,1283
2018-11-29T21:45:00+09:00,J1,1089,1246,2335
2018-11-29T21:45:00+09:00,J2,647,576,1223
2018-11-29T21:45:00+09:00,J3,944,772,1716
2018-11-29T21:45:00+09:00,J4,1232,1207,2439
2018-11-29T21:45:00+09:00,J5,640,642,1282
2018-11-29T22:00:00+09:00,J1,1094,1179,2273
2018-11-29T22:00:00+09:00,J2,462,481,943
2018-11-29T22:00:00+09:00,J3,940,741,1681
2018-11-29T22:00:00+09:00,J4,1223,1279,2502
2018-11-29T22:00:00+09:00,J5,525,589,1114
2018-11-29T22:15:00+09:00,J1,1105,1173,2278
2018-11-29T22:15:00+09:00,J2,432,463,895
2018-11-29T22:15:00+09:00,J3,881,728,1609
2018-11-29T22:15:00+09:00,J4,1215,1190,2405
2018-11-29T22:15:00+09:00,J5,619,614,1233
2018-11-29T22:30:00+09:00,J1,1062,1096,2158
2018-11-29T22:30:00+09:00,J2,458,557,1015
2018-11-29T22:30:00+09:00,J3,842,703,1545
2018-11-29T22:30:00+09:00,J4,1151,1244,2395
2018-11-29T22:30:00+09:00,J5,529,575,1104
2018-11-29T22:45:00+09:00,J1,1076,1203,2279
2018-11-29T22:45:00+09:00,J2,402,451,853
2018-11-29T22:45:00+09:00,J3,806,666,1472
2018-11-29T22:45:00+09:00,J4,1238,1162,2400
2018-11-29T22:45:00+09:00,J5,578,527,1105
2018-11-29T23:00:00+09:00,J1,1158,1191,2349
2018-11-29T23:00:00+09:00,J2,488,552,1040
2018-11-29T23:00:00+09:00,J3,769,722,1491
2018-11-29T23:00:00+09:00,J4,1165,1159,2324
2018-11-29T23:00:00+09:00,J5,531,494,1025
2018-11-29T23:15:00+09:00,J1,1094,1172,2266
2018-11-29T23:15:00+09:00,J2,392,506,898
2018-11-29T23:15:00+09:00,J3,707,671,1378
2018-11-29T23:15:00+09:00,J4,1215,1210,2425
2018-11-29T23:15:00+09:00,J5,556,512,1068
2018-11-29T23:30:00+09:00,J1,1019,1043,2062
2018-11-29T23:30:00+09:00,J2,408,527,935
2018-11-29T23:30:00+09:00,J3,660,697,1357
2018-11-29T23:30:00+09:00,J4,1126,1088,2214
2018-11-29T23:30:00+09:00,J5,518,495,1013
2018-11-29T23:45:00+09:00,J1,934,1020,1954
2018-11-29T23:45:00+09:00,J2,356,460,816
2018-11-29T23:45:00+09:00,J3,637,580,1217
2018-11-29T23:45:00+09:00,J4,1036,959,1995
2018-11-29T23:45:00+09:00,J5,565,494,1059
2018-11-30T00:00:00+09:00,J1,857,893,1750
2018-11-30T00:00:00+09:00,J2,363,423,786
2018-11-30T00:00:00+09:00,J3,590,564,1154
2018-11-30T00:00:00+09:00,J4,1056,959,2015
2018-11-30T00:00:00+09:00,J5,672,542,1214
2018-11-30T00:15:00+09:00,J1,712,688,1400
2018-11-30T00:15:00+09:00,J2,354,356,710
2018-11-30T00:15:00+09:00,J3,601,540,1141
2018-11-30T00:15:00+09:00,J4,855,823,1678
2018-11-30T00:15:00+09:00,J5,653,645,1298
2018-11-30T00:30:00+09:00,J1,423,386,809
2018-11-30T00:30:00+09:00,J2,355,346,701
2018-11-30T00:30:00+09:00,J3,638,624,1262
2018-11-30T00:30:00+09:00,J4,513,584,1097
2018-11-30T00:30:00+09:00,J5,631,652,1283
2018-11-30T00:45:00+09:00,J1,439,449,888
2018-11-30T00:45:00+09:00,J2,320,326,646
2018-11-30T00:45:00+09:00,J3,657,706,1363
2018-11-30T00:45:00+09:00,J4,383,481,864
2018-11-30T00:45:00+09:00,J5,625,656,1281
2018-11-30T05:45:00+09:00,J1,854,838,1692
2018-11-30T05:45:00+09:00,J2,321,369,690
2018-11-30T05:45:00+09:00,J3,946,807,1753
2018-11-30T05:45:00+09:00,J4,584,632,1216
2018-11-30T05:45:00+09:00,J5,528,548,1076
2018-11-30T06:00:00+09:00,J1,898,836,1734
2018-11-30T06:00:00+09:00,J2,294,257,551
2018-11-30T06:00:00+09:00,J3,859,738,1597
2018-11-30T06:00:00+09:00,J4,616,705,1321
2018-11-30T06:00:00+09:00,J5,609,604,1213
2018-11-30T06:15:00+09:00,J1,872,923,1795
2018-11-30T06:15:00+09:00,J2,341,307,648
2018-11-30T06:15:00+09:00,J3,920,811,1731
2018-11-30T06:15:00+09:00,J4,771,813,1584
2018-11-30T06:15:00+09:00,J5,632,618,1250
2018-11-30T06:30:00+09:00,J1,920,1009,1929
2018-11-30T06:30:00+09:00,J2,301,281,582
2018-11-30T06:30:00+09:00,J3,792,742,1534
2018-11-30T06:30:00+09:00,J4,808,812,1620
2018-11-30T06:30:00+09:00,J5,637,608,1245
2018-11-30T06:45:00+09:00,J1,878,925,1803
2018-11-30T06:45:00+09:00,J2,399,350,749
2018-11-30T06:45:00+09:00,J3,839,807,1646
2018-11-30T06:45:00+09:00,J4,834,953,1787
2018-11-30T06:45:00+09:00,J5,593,592,1185
2018-11-30T07:00:00+09:00,J1,1040,1076,2116
2018-11-30T07:00:00+09:00,J2,525,484,1009
2018-11-30T07:00:00+09:00,J3,825,795,1620
2018-11-30T07:00:00+09:00,J4,847,945,1792
2018-11-30T07:00:00+09:00,J5,654,651,1305
2018-11-30T07:15:00+09:00,J1,1026,1137,2163
2018-11-30T07:15:00+09:00,J2,686,554,1240
2018-11-30T07:15:00+09:00,J3,950,892,1842
2018-11-30T07:15:00+09:00,J4,1104,1117,2221
2018-11-30T07:15:00+09:00,J5,640,617,1257
2018-11-30T07:30:00+09:00,J1,1233,1236,2469
2018-11-30T07:30:00+09:00,J2,547,465,1012
2018-11-30T07:30:00+09:00,J3,1010,936,1946
2018-11-30T07:30:00+09:00,J4,1242,1326,2568
2018-11-30T07:30:00+09:00,J5,710,760,1470
2018-11-30T07:45:00+09:00,J1,1347,1325,2672
2018-11-30T07:45:00+09:00,J2,696,563,1259
2018-11-30T07:45:00+09:00,J3,1296,1288,2584
2018-11-30T07:45:00+09:00,J4,1288,1308,2596
2018-11-30T07:45:00+09:00,J5,651,579,1230
2018-11-30T08:00:00+09:00,J1,1444,1423,2867
2018-11-30T08:00:00+09:00,J2,906,675,1581
2018-11-30T08:00:00+09:00,J3,1469,1377,2846
2018-11-30T08:00:00+09:00,J4,1312,1406,2718
2018-11-30T08:00:00+09:00,J5,622,580,1202
2018-11-30T08:15:00+09:00,J1,1567,1327,2894
2018-11-30T08:15:00+09:00,J2,1179,736,1915
2018-11-30T08:15:00+09:00,J3,1525,1387,2912
2018-11-30T08:15:00+09:00,J4,1454,1588,3042
2018-11-30T08:15:00+09:00,J5,758,766,1524
2018-11-30T08:30:00+09:00,J1,1364,1375,2739
2018-11-30T08:30:00+09:00,J2,1172,573,1745
2018-11-30T08:30:00+09:00,J3,1359,1416,2775
2018-11-30T08:30:00+09:00,J4,1283,1380,2663
2018-11-30T08:30:00+09:00,J5,616,688,1304
2018-11-30T08:45:00+09:00,J1,1307,1212,2519
2018-11-30T08:45:00+09:00,J2,888,462,1350
2018-11-30T08:45:00+09:00,J3,1228,1222,2450
2018-11-30T08:45:00+09:00,J4,1292,1407,2699
2018-11-30T08:45:00+09:00,J5,623,596,1219
2018-11-30T09:00:00+09:00,J1,1144,1162,2306
2018-11-30T09:00:00+09:00,J2,783,546,1329
2018-11-30T09:00:00+09:00,J3,1107,1105,2212
2018-11-30T09:00:00+09:00,J4,1127,1309,2436
2018-11-30T09:00:00+09:00,J5,690,738,1428
2018-11-30T09:15:00+09:00,J1,966,1061,2027
2018-11-30T09:15:00+09:00,J2,735,554,1289
2018-11-30T09:15:00+09:00,J3,1188,1174,2362
2018-11-30T09:15:00+09:00,J4,1117,1206,2323
2018-11-30T09:15:00+09:00,J5,710,771,1481
2018-11-30T09:30:00+09:00,J1,1049,1170,2219
2018-11-30T09:30:00+09:00,J2,669,551,1220
2018-11-30T09:30:00+09:00,J3,1304,1283,2587
2018-11-30T09:30:00+09:00,J4,1053,1306,2359
2018-11-30T09:30:00+09:00,J5,635,717,1352
2018-11-30T09:45:00+09:00,J1,1271,1278,2549
2018-11-30T09:45:00+09:00,J2,647,625,1272
2018-11-30T09:45:00+09:00,J3,1355,1280,2635
2018-11-30T09:45:00+09:00,J4,1164,1250,2414
2018-11-30T09:45:00+09:00,J5,648,668,1316
2018-11-30T10:00:00+09:00,J1,1095,1175,2270
2018-11-30T10:00:00+09:00,J2,657,595,1252
2018-11-30T10:00:00+09:00,J3,1150,1178,2328
2018-11-30T10:00:00+09:00,J4,1278,1275,2553
2018-11-30T10:00:00+09:00,J5,692,759,1451
2018-11-30T10:15:00+09:00,J1,1063,1106,2169
2018-11-30T10:15:00+09:00,J2,610,565,1175
2018-11-30T10:15:00+09:00,J3,1143,1122,2265
2018-11-30T10:15:00+09:00,J4,1132,1122,2254
2018-11-30T10:15:00+09:00,J5,592,658,1250
2018-11-30T10:30:00+09:00,J1,1050,1154,2204
2018-11-30T10:30:00+09:00,J2,652,523,1175
2018-11-30T10:30:00+09:00,J3,1267,1121,2388
2018-11-30T10:30:00+09:00,J4,1102,1132,2234
2018-11-30T10:30:00+09:00,J5,615,677,1292
2018-11-30T10:45:00+09:00,J1,1092,1103,2195
2018-11-30T10:45:00+09:00,J2,637,504,1141
2018-11-30T10:45:00+09:00,J3,1266,1077,2343
2018-11-30T10:45:00+09:00,J4,1249,1156,2405
2018-11-30T10:45:00+09:00,J5,662,704,1366
2018-11-30T11:00:00+09:00,J1,1186,1237,2423
2018-11-30T11:00:00+09:00,J2,605,509,1114
2018-11-30T11:00:00+09:00,J3,1138,1088,2226
2018-11-30T11:00:00+09:00,J4,1271,1293,2564
2018-11-30T11:00:00+09:00,J5,675,695,1370
2018-11-30T11:15:00+09:00,J1,1341,1419,2760
2018-11-30T11:15:00+09:00,J2,659,551,1210
2018-11-30T11:15:00+09:00,J3,1006,915,1921
2018-11-30T11:15:00+09:00,J4,1178,1327,2505
2018-11-30T11:15:00+09:00,J5,500,443,943
2018-11-30T11:30:00+09:00,J1,1338,1437,2775
2018-11-30T11:30:00+09:00,J2,599,543,1142
2018-11-30T11:30:00+09:00,J3,1033,847,1880
2018-11-30T11:30:00+09:00,J4,1225,1168,2393
2018-11-30T11:30:00+09:00,J5,417,373,790
2018-11-30T11:45:00+09:00,J1,1273,1403,2676
2018-11-30T11:45:00+09:00,J2,677,616,1293
2018-11-30T11:45:00+09:00,J3,1075,918,1993
2018-11-30T11:45:00+09:00,J4,1158,1167,2325
2018-11-30T11:45:00+09:00,J5,413,415,828
2018-11-30T12:00:00+09:00,J1,1175,1311,2486
2018-11-30T12:00:00+09:00,J2,657,643,1300
2018-11-30T12:00:00+09:00,J3,1143,908,2051
2018-11-30T12:00:00+09:00,J4,1241,1200,2441
2018-11-30T12:00:00+09:00,J5,453,392,845
2018-11-30T12:15:00+09:00,J1,1085,1240,2325
2018-11-30T12:15:00+09:00,J2,673,719,1392
2018-11-30T12:15:00+09:00,J3,1046,886,1932
2018-11-30T12:15:00+09:00,J4,1220,1277,2497
2018-11-30T12:15:00+09:00,J5,505,412,917
2018-11-30T12:30:00+09:00,J1,1235,1340,2575
2018-11-30T12:30:00+09:00,J2,699,750,1449
2018-11-30T12:30:00+09:00,J3,1192,1172,2364
2018-11-30T12:30:00+09:00,J4,1217,1231,2448
2018-11-30T12:30:00+09:00,J5,530,445,975
2018-11-30T12:45:00+09:00,J1,1213,1441,2654
2018-11-30T12:45:00+09:00,J2,775,789,1564
2018-11-30T12:45:00+09:00,J3,1138,1094,2232
2018-11-30T12:45:00+09:00,J4,1088,1150,2238
2018-11-30T12:45:00+09:00,J5,589,552,1141
2018-11-30T13:00:00+09:00,J1,1050,1189,2239
2018-11-30T13:00:00+09:00,J2,654,655,1309
2018-11-30T13:00:00+09:00,J3,1010,1001,2011
2018-11-30T13:00:00+09:00,J4,1185,1168,2353
2018-11-30T13:00:00+09:00,J5,700,576,1276
2018-11-30T13:15:00+09:00,J1,1100,1166,2266
2018-11-30T13:15:00+09:00,J2,668,701,1369
2018-11-30T13:15:00+09:00,J3,1040,1025,2065
2018-11-30T13:15:00+09:00,J4,1245,1226,2471
2018-11-30T13:15:00+09:00,J5,700,639,1339
2018-11-30T13:30:00+09:00,J1,1179,1355,2534
2018-11-30T13:30:00+09:00,J2,656,704,1360
2018-11-30T13:30:00+09:00,J3,987,949,1936
2018-11-30T13:30:00+09:00,J4,1174,1253,2427
2018-11-30T13:30:00+09:00,J5,711,627,1338
2018-11-30T13:45:00+09:00,J1,1138,1345,2483
2018-11-30T13:45:00+09:00,J2,698,680,1378
2018-11-30T13:45:00+09:00,J3,950,993,1943
2018-11-30T13:45:00+09:00,J4,1189,1185,2374
2018-11-30T13:45:00+09:00,J5,736,687,1423
2018-11-30T14:00:00+09:00,J1,1253,1302,2555
2018-11-30T14:00:00+09:00,J2,609,645,1254
2018-11-30T14:00:00+09:00,J3,1032,888,1920
2018-11-30T14:00:00+09:00,J4,1233,1271,2504
2018-11-30T14:00:00+09:00,J5,727,684,1411
2018-11-30T14:15:00+09:00,J1,1273,1409,2682
2018-11-30T14:15:00+09:00,J2,619,732,1351
2018-11-30T14:15:00+09:00,J3,1002,870,1872
2018-11-30T14:15:00+09:00,J4,1109,1168,2277
2018-11-30T14:15:00+09:00,J5,690,663,1353
2018-11-30T14:30:00+09:00,J1,1315,1390,2705
2018-11-30T14:30:00+09:00,J2,673,658,1331
2018-11-30T14:30:00+09:00,J3,976,884,1860
2018-11-30T14:30:00+09:00,J4,1191,1199,2390
2018-11-30T14:30:00+09:00,J5,601,525,1126
2018-11-30T14:45:00+09:00,J1,1295,1466,2761
2018-11-30T14:45:00+09:00,J2,701,669,1370
2018-11-30T14:45:00+09:00,J3,1011,838,1849
2018-11-30T14:45:00+09:00,J4,1129,1273,2402
2018-11-30T14:45:00+09:00,J5,499,438,937
2018-11-30T15:00:00+09:00,J1,1277,1467,2744
2018-11-30T15:00:00+09:00,J2,647,692,1339
2018-11-30T15:00:00+09:00,J3,952,878,1830
2018-11-30T15:00:00+09:00,J4,1192,1210,2402
2018-11-30T15:00:00+09:00,J5,526,432,958
2018-11-30T15:15:00+09:00,J1,1242,1472,2714
2018-11-30T15:15:00+09:00,J2,689,682,1371
2018-11-30T15:15:00+09:00,J3,944,888,1832
2018-11-30T15:15:00+09:00,J4,1263,1265,2528
2018-11-30T15:15:00+09:00,J5,457,446,903
2018-11-30T15:30:00+09:00,J1,1269,1444,2713
2018-11-30T15:30:00+09:00,J2,729,659,1388
2018-11-30T15:30:00+09:00,J3,896,912,1808
2018-11-30T15:30:00+09:00,J4,1171,1187,2358
2018-11-30T15:30:00+09:00,J5,545,498,1043
2018-11-30T15:45:00+09:00,J1,938,1125,2063
2018-11-30T15:45:00+09:00,J2,652,703,1355
2018-11-30T15:45:00+09:00,J3,849,860,1709
2018-11-30T15:45:00+09:00,J4,1209,1234,2443
2018-11-30T15:45:00+09:00,J5,584,535,1119
2018-11-30T16:00:00+09:00,J1,1085,1199,2284
2018-11-30T16:00:00+09:00,J2,699,675,1374
2018-11-30T16:00:00+09:00,J3,897,922,1819
2018-11-30T16:00:00+09:00,J4,1151,1260,2411
2018-11-30T16:00:00+09:00,J5,700,540,1240
2018-11-30T16:15:00+09:00,J1,1127,1251,2378
2018-11-30T16:15:00+09:00,J2,722,665,1387
2018-11-30T16:15:00+09:00,J3,904,939,1843
2018-11-30T16:15:00+09:00,J4,1235,1220,2455
2018-11-30T16:15:00+09:00,J5,720,670,1390
2018-11-30T16:30:00+09:00,J1,1214,1323,2537
2018-11-30T16:30:00+09:00,J2,732,672,1404
2018-11-30T16:30:00+09:00,J3,1150,907,2057
2018-11-30T16:30:00+09:00,J4,1142,1151,2293
2018-11-30T16:30:00+09:00,J5,710,679,1389
2018-11-30T16:45:00+09:00,J1,923,1086,2009
2018-11-30T16:45:00+09:00,J2,666,676,1342
2018-11-30T16:45:00+09:00,J3,1147,939,2086
2018-11-30T16:45:00+09:00,J4,1151,1145,2296
2018-11-30T16:45:00+09:00,J5,686,680,1366
2018-11-30T17:00:00+09:00,J1,869,966,1835
2018-11-30T17:00:00+09:00,J2,695,660,1355
2018-11-30T17:00:00+09:00,J3,1187,1026,2213
2018-11-30T17:00:00+09:00,J4,1154,1194,2348
2018-11-30T17:00:00+09:00,J5,678,667,1345
2018-11-30T17:15:00+09:00,J1,882,1094,1976
2018-11-30T17:15:00+09:00,J2,824,714,1538
2018-11-30T17:15:00+09:00,J3,1373,1090,2463
2018-11-30T17:15:00+09:00,J4,1289,1197,2486
2018-11-30T17:15:00+09:00,J5,629,584,1213
2018-11-30T17:30:00+09:00,J1,875,1122,1997
2018-11-30T17:30:00+09:00,J2,810,944,1754
2018-11-30T17:30:00+09:00,J3,1403,1212,2615
2018-11-30T17:30:00+09:00,J4,1221,1212,2433
2018-11-30T17:30:00+09:00,J5,669,611,1280
2018-11-30T17:45:00+09:00,J1,921,1122,2043
2018-11-30T17:45:00+09:00,J2,902,880,1782
2018-11-30T17:45:00+09:00,J3,1538,1170,2708
2018-11-30T17:45:00+09:00,J4,1281,1081,2362
2018-11-30T17:45:00+09:00,J5,718,718,1436
2018-11-30T18:00:00+09:00,J1,932,1153,2085
2018-11-30T18:00:00+09:00,J2,878,896,1774
2018-11-30T18:00:00+09:00,J3,1625,1114,2739
2018-11-30T18:00:00+09:00,J4,1282,1156,2438
2018-11-30T18:00:00+09:00,J5,746,708,1454
2018-11-30T18:15:00+09:00,J1,961,1077,2038
2018-11-30T18:15:00+09:00,J2,883,864,1747
2018-11-30T18:15:00+09:00,J3,1420,1169,2589
2018-11-30T18:15:00+09:00,J4,1279,1276,2555
2018-11-30T18:15:00+09:00,J5,642,708,1350
2018-11-30T18:30:00+09:00,J1,888,1096,1984
2018-11-30T18:30:00+09:00,J2,906,791,1697
2018-11-30T18:30:00+09:00,J3,1254,1074,2328
2018-11-30T18:30:00+09:00,J4,1189,1036,2225
2018-11-30T18:30:00+09:00,J5,671,657,1328
2018-11-30T18:45:00+09:00,J1,907,1050,1957
2018-11-30T18:45:00+09:00,J2,804,726,1530
2018-11-30T18:45:00+09:00,J3,1084,1062,2146
2018-11-30T18:45:00+09:00,J4,1155,1122,2277
2018-11-30T18:45:00+09:00,J5,680,647,1327
2018-11-30T19:00:00+09:00,J1,937,1020,1957
2018-11-30T19:00:00+09:00,J2,807,734,1541
2018-11-30T19:00:00+09:00,J3,1079,1018,2097
2018-11-30T19:00:00+09:00,J4,1188,1205,2393
2018-11-30T19:00:00+09:00,J5,697,635,1332
2018-11-30T19:15:00+09:00,J1,927,1052,1979
2018-11-30T19:15:00+09:00,J2,703,656,1359
2018-11-30T19:15:00+09:00,J3,994,1053,2047
2018-11-30T19:15:00+09:00,J4,1184,1162,2346
2018-11-30T19:15:00+09:00,J5,694,675,1369
2018-11-30T19:30:00+09:00,J1,934,1080,2014
2018-11-30T19:30:00+09:00,J2,738,644,1382
2018-11-30T19:30:00+09:00,J3,1018,1024,2042
2018-11-30T19:30:00+09:00,J4,1296,1215,2511
2018-11-30T19:30:00+09:00,J5,715,672,1387
2018-11-30T19:45:00+09:00,J1,1009,1094,2103
2018-11-30T19:45:00+09:00,J2,607,602,1209
2018-11-30T19:45:00+09:00,J3,921,936,1857
2018-11-30T19:45:00+09:00,J4,1267,1264,2531
2018-11-30T19:45:00+09:00,J5,735,652,1387
2018-11-30T20:00:00+09:00,J1,1009,1133,2142
2018-11-30T20:00:00+09:00,J2,650,545,1195
2018-11-30T20:00:00+09:00,J3,976,991,1967
2018-11-30T20:00:00+09:00,J4,1222,1239,2461
2018-11-30T20:00:00+09:00,J5,695,664,1359
2018-11-30T20:15:00+09:00,J1,862,1062,1924
2018-11-30T20:15:00+09:00,J2,692,620,1312
2018-11-30T20:15:00+09:00,J3,957,928,1885
2018-11-30T20:15:00+09:00,J4,1179,1098,2277
2018-11-30T20:15:00+09:00,J5,661,657,1318
2018-11-30T20:30:00+09:00,J1,922,1043,1965
2018-11-30T20:30:00+09:00,J2,684,635,1319
2018-11-30T20:30:00+09:00,J3,1003,956,1959
2018-11-30T20:30:00+09:00,J4,1215,1162,2377
2018-11-30T20:30:00+09:00,J5,602,682,1284
2018-11-30T20:45:00+09:00,J1,1031,1132,2163
2018-11-30T20:45:00+09:00,J2,676,608,1284
2018-11-30T20:45:00+09:00,J3,889,940,1829
2018-11-30T20:45:00+09:00,J4,1232,1126,2358
2018-11-30T20:45:00+09:00,J5,600,616,1216
2018-11-30T21:00:00+09:00,J1,975,1172,2147
2018-11-30T21:00:00+09:00,J2,750,708,1458
2018-11-30T21:00:00+09:00,J3,950,856,1806
2018-11-30T21:00:00+09:00,J4,1185,1275,2460
2018-11-30T21:00:00+09:00,J5,621,646,1267
2018-11-30T21:15:00+09:00,J1,863,1043,1906
2018-11-30T21:15:00+09:00,J2,762,755,1517
2018-11-30T21:15:00+09:00,J3,992,1022,2014
2018-11-30T21:15:00+09:00,J4,1275,1286,2561
2018-11-30T21:15:00+09:00,J5,600,630,1230
2018-11-30T21:30:00+09:00,J1,978,1088,2066
2018-11-30T21:30:00+09:00,J2,646,736,1382
2018-11-30T21:30:00+09:00,J3,1069,922,1991
2018-11-30T21:30:00+09:00,J4,1183,1269,2452
2018-11-30T21:30:00+09:00,J5,522,626,1148
2018-11-30T21:45:00+09:00,J1,988,1099,2087
2018-11-30T21:45:00+09:00,J2,612,608,1220
2018-11-30T21:45:00+09:00,J3,1047,839,1886
2018-11-30T21:45:00+09:00,J4,1196,1185,2381
2018-11-30T21:45:00+09:00,J5,625,627,1252
2018-11-30T22:00:00+09:00,J1,1029,1120,2149
2018-11-30T22:00:00+09:00,J2,545,587,1132
2018-11-30T22:00:00+09:00,J3,927,744,1671
2018-11-30T22:00:00+09:00,J4,1105,1189,2294
2018-11-30T22:00:00+09:00,J5,568,636,1204
2018-11-30T22:15:00+09:00,J1,1009,1114,2123
2018-11-30T22:15:00+09:00,J2,487,650,1137
2018-11-30T22:15:00+09:00,J3,935,774,1709
2018-11-30T22:15:00+09:00,J4,1131,1156,2287
2018-11-30T22:15:00+09:00,J5,560,589,1149
2018-11-30T22:30:00+09:00,J1,1007,1131,2138
2018-11-30T22:30:00+09:00,J2,386,467,853
2018-11-30T22:30:00+09:00,J3,931,757,1688
2018-11-30T22:30:00+09:00,J4,1113,1198,2311
2018-11-30T22:30:00+09:00,J5,506,486,992
2018-11-30T22:45:00+09:00,J1,1043,1118,2161
2018-11-30T22:45:00+09:00,J2,392,481,873
2018-11-30T22:45:00+09:00,J3,934,725,1659
2018-11-30T22:45:00+09:00,J4,1085,1121,2206
2018-11-30T22:45:00+09:00,J5,467,447,914
2018-11-30T23:00:00+09:00,J1,1043,1165,2208
2018-11-30T23:00:00+09:00,J2,391,523,914
2018-11-30T23:00:00+09:00,J3,883,729,1612
2018-11-30T23:00:00+09:00,J4,908,1044,1952
2018-11-30T23:00:00+09:00,J5,436,431,867
2018-11-30T23:15:00+09:00,J1,944,1049,1993
2018-11-30T23:15:00+09:00,J2,397,597,994
2018-11-30T23:15:00+09:00,J3,846,729,1575
2018-11-30T23:15:00+09:00,J4,1012,1103,2115
2018-11-30T23:15:00+09:00,J5,469,436,905
2018-11-30T23:30:00+09:00,J1,842,1080,1922
2018-11-30T23:30:00+09:00,J2,392,549,941
2018-11-30T23:30:00+09:00,J3,802,761,1563
2018-11-30T23:30:00+09:00,J4,1031,1098,2129
2018-11-30T23:30:00+09:00,J5,470,491,961
2018-11-30T23:45:00+09:00,J1,959,1031,1990
2018-11-30T23:45:00+09:00,J2,354,425,779
2018-11-30T23:45:00+09:00,J3,787,668,1455
2018-11-30T23:45:00+09:00,J4,1018,983,2001
2018-11-30T23:45:00+09:00,J5,483,470,953
2018-12-01T00:00:00+09:00,J1,734,763,1497
2018-12-01T00:00:00+09:00,J2,392,370,762
2018-12-01T00:00:00+09:00,J3,635,496,1131
2018-12-01T00:00:00+09:00,J4,965,937,1902
2018-12-01T00:00:00+09:00,J5,513,511,1024
2018-12-01T00:15:00+09:00,J1,460,459,919
2018-12-01T00:15:00+09:00,J2,348,373,721
2018-12-01T00:15:00+09:00,J3,532,528,1060
2018-12-01T00:15:00+09:00,J4,715,702,1417
2018-12-01T00:15:00+09:00,J5,620,541,1161
2018-12-01T00:30:00+09:00,J1,468,466,934
2018-12-01T00:30:00+09:00,J2,353,374,727
2018-12-01T00:30:00+09:00,J3,541,592,1133
2018-12-01T00:30:00+09:00,J4,357,421,778
2018-12-01T00:30:00+09:00,J5,639,639,1278
2018-12-01T00:45:00+09:00,J1,414,443,857
2018-12-01T00:45:00+09:00,J2,348,308,656
2018-12-01T00:45:00+09:00,J3,533,605,1138
2018-12-01T00:45:00+09:00,J4,321,383,704
2018-12-01T00:45:00+09:00,J5,602,645,1247
