日時,アレイ,札幌→大通り,大通り→札幌,合計
2019-08-01T05:45:00+09:00,J1,219,196,415
2019-08-01T05:45:00+09:00,J2,175,177,352
2019-08-01T05:45:00+09:00,J3,345,339,684
2019-08-01T05:45:00+09:00,J4,302,305,607
2019-08-01T05:45:00+09:00,J5,155,117,272
2019-08-01T06:00:00+09:00,J1,210,171,381
2019-08-01T06:00:00+09:00,J2,206,175,381
2019-08-01T06:00:00+09:00,J3,422,401,823
2019-08-01T06:00:00+09:00,J4,349,337,686
2019-08-01T06:00:00+09:00,J5,148,131,279
2019-08-01T06:15:00+09:00,J1,230,210,440
2019-08-01T06:15:00+09:00,J2,207,227,434
2019-08-01T06:15:00+09:00,J3,453,464,917
2019-08-01T06:15:00+09:00,J4,302,391,693
2019-08-01T06:15:00+09:00,J5,170,150,320
2019-08-01T06:30:00+09:00,J1,194,180,374
2019-08-01T06:30:00+09:00,J2,263,177,440
2019-08-01T06:30:00+09:00,J3,410,421,831
2019-08-01T06:30:00+09:00,J4,295,281,576
2019-08-01T06:30:00+09:00,J5,198,188,386
2019-08-01T06:45:00+09:00,J1,242,219,461
2019-08-01T06:45:00+09:00,J2,236,198,434
2019-08-01T06:45:00+09:00,J3,424,393,817
2019-08-01T06:45:00+09:00,J4,298,352,650
2019-08-01T06:45:00+09:00,J5,185,164,349
2019-08-01T07:00:00+09:00,J1,258,248,506
2019-08-01T07:00:00+09:00,J2,229,242,471
2019-08-01T07:00:00+09:00,J3,454,435,889
2019-08-01T07:00:00+09:00,J4,307,374,681
2019-08-01T07:00:00+09:00,J5,216,183,399
2019-08-01T07:15:00+09:00,J1,390,289,679
2019-08-01T07:15:00+09:00,J2,263,272,535
2019-08-01T07:15:00+09:00,J3,455,455,910
2019-08-01T07:15:00+09:00,J4,301,454,755
2019-08-01T07:15:00+09:00,J5,209,170,379
2019-08-01T07:30:00+09:00,J1,538,356,894
2019-08-01T07:30:00+09:00,J2,319,289,608
2019-08-01T07:30:00+09:00,J3,533,580,1113
2019-08-01T07:30:00+09:00,J4,301,527,828
2019-08-01T07:30:00+09:00,J5,198,207,405
2019-08-01T07:45:00+09:00,J1,671,375,1046
2019-08-01T07:45:00+09:00,J2,420,296,716
2019-08-01T07:45:00+09:00,J3,574,659,1233
2019-08-01T07:45:00+09:00,J4,312,634,946
2019-08-01T07:45:00+09:00,J5,280,305,585
2019-08-01T08:00:00+09:00,J1,843,532,1375
2019-08-01T08:00:00+09:00,J2,463,373,836
2019-08-01T08:00:00+09:00,J3,610,693,1303
2019-08-01T08:00:00+09:00,J4,453,783,1236
2019-08-01T08:00:00+09:00,J5,363,409,772
2019-08-01T08:15:00+09:00,J1,978,616,1594
2019-08-01T08:15:00+09:00,J2,472,395,867
2019-08-01T08:15:00+09:00,J3,689,844,1533
2019-08-01T08:15:00+09:00,J4,551,1150,1701
2019-08-01T08:15:00+09:00,J5,501,446,947
2019-08-01T08:30:00+09:00,J1,1103,656,1759
2019-08-01T08:30:00+09:00,J2,505,414,919
2019-08-01T08:30:00+09:00,J3,829,1050,1879
2019-08-01T08:30:00+09:00,J4,553,1115,1668
2019-08-01T08:30:00+09:00,J5,354,404,758
2019-08-01T08:45:00+09:00,J1,826,510,1336
2019-08-01T08:45:00+09:00,J2,390,275,665
2019-08-01T08:45:00+09:00,J3,752,838,1590
2019-08-01T08:45:00+09:00,J4,440,735,1175
2019-08-01T08:45:00+09:00,J5,281,244,525
2019-08-01T09:00:00+09:00,J1,677,542,1219
2019-08-01T09:00:00+09:00,J2,304,219,523
2019-08-01T09:00:00+09:00,J3,688,668,1356
2019-08-01T09:00:00+09:00,J4,408,596,1004
2019-08-01T09:00:00+09:00,J5,283,212,495
2019-08-01T09:15:00+09:00,J1,669,557,1226
2019-08-01T09:15:00+09:00,J2,303,245,548
2019-08-01T09:15:00+09:00,J3,639,614,1253
2019-08-01T09:15:00+09:00,J4,435,524,959
2019-08-01T09:15:00+09:00,J5,296,260,556
2019-08-01T09:30:00+09:00,J1,692,594,1286
2019-08-01T09:30:00+09:00,J2,275,227,502
2019-08-01T09:30:00+09:00,J3,810,760,1570
2019-08-01T09:30:00+09:00,J4,436,510,946
2019-08-01T09:30:00+09:00,J5,247,308,555
2019-08-01T09:45:00+09:00,J1,568,549,1117
2019-08-01T09:45:00+09:00,J2,304,232,536
2019-08-01T09:45:00+09:00,J3,771,781,1552
2019-08-01T09:45:00+09:00,J4,438,427,865
2019-08-01T09:45:00+09:00,J5,209,271,480
2019-08-01T10:00:00+09:00,J1,523,575,1098
2019-08-01T10:00:00+09:00,J2,240,254,494
2019-08-01T10:00:00+09:00,J3,770,719,1489
2019-08-01T10:00:00+09:00,J4,451,482,933
2019-08-01T10:00:00+09:00,J5,200,257,457
2019-08-01T10:15:00+09:00,J1,580,526,1106
2019-08-01T10:15:00+09:00,J2,286,236,522
2019-08-01T10:15:00+09:00,J3,712,747,1459
2019-08-01T10:15:00+09:00,J4,509,505,1014
2019-08-01T10:15:00+09:00,J5,222,264,486
2019-08-01T10:30:00+09:00,J1,483,463,946
2019-08-01T10:30:00+09:00,J2,310,257,567
2019-08-01T10:30:00+09:00,J3,730,765,1495
2019-08-01T10:30:00+09:00,J4,479,452,931
2019-08-01T10:30:00+09:00,J5,242,288,530
2019-08-01T10:45:00+09:00,J1,480,488,968
2019-08-01T10:45:00+09:00,J2,369,310,679
2019-08-01T10:45:00+09:00,J3,780,717,1497
2019-08-01T10:45:00+09:00,J4,491,521,1012
2019-08-01T10:45:00+09:00,J5,228,231,459
2019-08-01T11:00:00+09:00,J1,539,502,1041
2019-08-01T11:00:00+09:00,J2,385,296,681
2019-08-01T11:00:00+09:00,J3,728,704,1432
2019-08-01T11:00:00+09:00,J4,512,471,983
2019-08-01T11:00:00+09:00,J5,245,291,536
2019-08-01T11:15:00+09:00,J1,572,554,1126
2019-08-01T11:15:00+09:00,J2,399,300,699
2019-08-01T11:15:00+09:00,J3,719,728,1447
2019-08-01T11:15:00+09:00,J4,456,516,972
2019-08-01T11:15:00+09:00,J5,179,211,390
2019-08-01T11:30:00+09:00,J1,643,571,1214
2019-08-01T11:30:00+09:00,J2,405,250,655
2019-08-01T11:30:00+09:00,J3,702,646,1348
2019-08-01T11:30:00+09:00,J4,452,523,975
2019-08-01T11:30:00+09:00,J5,206,238,444
2019-08-01T11:45:00+09:00,J1,654,622,1276
2019-08-01T11:45:00+09:00,J2,392,311,703
2019-08-01T11:45:00+09:00,J3,629,669,1298
2019-08-01T11:45:00+09:00,J4,487,417,904
2019-08-01T11:45:00+09:00,J5,183,230,413
2019-08-01T12:00:00+09:00,J1,687,794,1481
2019-08-01T12:00:00+09:00,J2,435,281,716
2019-08-01T12:00:00+09:00,J3,709,677,1386
2019-08-01T12:00:00+09:00,J4,558,488,1046
2019-08-01T12:00:00+09:00,J5,196,319,515
2019-08-01T12:15:00+09:00,J1,585,629,1214
2019-08-01T12:15:00+09:00,J2,478,360,838
2019-08-01T12:15:00+09:00,J3,565,608,1173
2019-08-01T12:15:00+09:00,J4,608,509,1117
2019-08-01T12:15:00+09:00,J5,211,267,478
2019-08-01T12:30:00+09:00,J1,530,580,1110
2019-08-01T12:30:00+09:00,J2,506,309,815
2019-08-01T12:30:00+09:00,J3,605,631,1236
2019-08-01T12:30:00+09:00,J4,549,522,1071
2019-08-01T12:30:00+09:00,J5,225,247,472
2019-08-01T12:45:00+09:00,J1,562,603,1165
2019-08-01T12:45:00+09:00,J2,452,333,785
2019-08-01T12:45:00+09:00,J3,599,561,1160
2019-08-01T12:45:00+09:00,J4,582,672,1254
2019-08-01T12:45:00+09:00,J5,215,257,472
2019-08-01T13:00:00+09:00,J1,626,599,1225
2019-08-01T13:00:00+09:00,J2,445,324,769
2019-08-01T13:00:00+09:00,J3,568,570,1138
2019-08-01T13:00:00+09:00,J4,635,710,1345
2019-08-01T13:00:00+09:00,J5,216,263,479
2019-08-01T13:15:00+09:00,J1,711,647,1358
2019-08-01T13:15:00+09:00,J2,414,335,749
2019-08-01T13:15:00+09:00,J3,581,582,1163
2019-08-01T13:15:00+09:00,J4,708,695,1403
2019-08-01T13:15:00+09:00,J5,240,290,530
2019-08-01T13:30:00+09:00,J1,637,656,1293
2019-08-01T13:30:00+09:00,J2,408,370,778
2019-08-01T13:30:00+09:00,J3,547,601,1148
2019-08-01T13:30:00+09:00,J4,634,720,1354
2019-08-01T13:30:00+09:00,J5,188,325,513
2019-08-01T13:45:00+09:00,J1,694,632,1326
2019-08-01T13:45:00+09:00,J2,458,364,822
2019-08-01T13:45:00+09:00,J3,582,581,1163
2019-08-01T13:45:00+09:00,J4,631,727,1358
2019-08-01T13:45:00+09:00,J5,221,299,520
2019-08-01T14:00:00+09:00,J1,629,748,1377
2019-08-01T14:00:00+09:00,J2,441,377,818
2019-08-01T14:00:00+09:00,J3,659,590,1249
2019-08-01T14:00:00+09:00,J4,711,732,1443
2019-08-01T14:00:00+09:00,J5,281,334,615
2019-08-01T14:15:00+09:00,J1,647,879,1526
2019-08-01T14:15:00+09:00,J2,462,310,772
2019-08-01T14:15:00+09:00,J3,635,714,1349
2019-08-01T14:15:00+09:00,J4,643,614,1257
2019-08-01T14:15:00+09:00,J5,251,295,546
2019-08-01T14:30:00+09:00,J1,674,734,1408
2019-08-01T14:30:00+09:00,J2,444,326,770
2019-08-01T14:30:00+09:00,J3,580,700,1280
2019-08-01T14:30:00+09:00,J4,557,531,1088
2019-08-01T14:30:00+09:00,J5,230,308,538
2019-08-01T14:45:00+09:00,J1,599,773,1372
2019-08-01T14:45:00+09:00,J2,453,303,756
2019-08-01T14:45:00+09:00,J3,570,690,1260
2019-08-01T14:45:00+09:00,J4,616,639,1255
2019-08-01T14:45:00+09:00,J5,266,278,544
2019-08-01T15:00:00+09:00,J1,588,788,1376
2019-08-01T15:00:00+09:00,J2,450,351,801
2019-08-01T15:00:00+09:00,J3,607,706,1313
2019-08-01T15:00:00+09:00,J4,624,670,1294
2019-08-01T15:00:00+09:00,J5,234,298,532
2019-08-01T15:15:00+09:00,J1,589,818,1407
2019-08-01T15:15:00+09:00,J2,498,393,891
2019-08-01T15:15:00+09:00,J3,620,750,1370
2019-08-01T15:15:00+09:00,J4,627,602,1229
2019-08-01T15:15:00+09:00,J5,270,354,624
2019-08-01T15:30:00+09:00,J1,622,874,1496
2019-08-01T15:30:00+09:00,J2,413,397,810
2019-08-01T15:30:00+09:00,J3,633,758,1391
2019-08-01T15:30:00+09:00,J4,588,587,1175
2019-08-01T15:30:00+09:00,J5,261,310,571
2019-08-01T15:45:00+09:00,J1,600,781,1381
2019-08-01T15:45:00+09:00,J2,370,354,724
2019-08-01T15:45:00+09:00,J3,626,692,1318
2019-08-01T15:45:00+09:00,J4,536,515,1051
2019-08-01T15:45:00+09:00,J5,219,264,483
2019-08-01T16:00:00+09:00,J1,621,842,1463
2019-08-01T16:00:00+09:00,J2,395,390,785
2019-08-01T16:00:00+09:00,J3,593,654,1247
2019-08-01T16:00:00+09:00,J4,537,476,1013
2019-08-01T16:00:00+09:00,J5,264,337,601
2019-08-01T16:15:00+09:00,J1,643,842,1485
2019-08-01T16:15:00+09:00,J2,356,368,724
2019-08-01T16:15:00+09:00,J3,616,662,1278
2019-08-01T16:15:00+09:00,J4,532,552,1084
2019-08-01T16:15:00+09:00,J5,270,283,553
2019-08-01T16:30:00+09:00,J1,698,755,1453
2019-08-01T16:30:00+09:00,J2,410,375,785
2019-08-01T16:30:00+09:00,J3,599,575,1174
2019-08-01T16:30:00+09:00,J4,528,519,1047
2019-08-01T16:30:00+09:00,J5,292,312,604
2019-08-01T16:45:00+09:00,J1,613,648,1261
2019-08-01T16:45:00+09:00,J2,363,398,761
2019-08-01T16:45:00+09:00,J3,646,649,1295
2019-08-01T16:45:00+09:00,J4,600,534,1134
2019-08-01T16:45:00+09:00,J5,261,394,655
2019-08-01T17:00:00+09:00,J1,705,872,1577
2019-08-01T17:00:00+09:00,J2,414,370,784
2019-08-01T17:00:00+09:00,J3,848,805,1653
2019-08-01T17:00:00+09:00,J4,582,552,1134
2019-08-01T17:00:00+09:00,J5,277,360,637
2019-08-01T17:15:00+09:00,J1,727,912,1639
2019-08-01T17:15:00+09:00,J2,521,361,882
2019-08-01T17:15:00+09:00,J3,919,750,1669
2019-08-01T17:15:00+09:00,J4,583,536,1119
2019-08-01T17:15:00+09:00,J5,284,365,649
2019-08-01T17:30:00+09:00,J1,812,826,1638
2019-08-01T17:30:00+09:00,J2,562,361,923
2019-08-01T17:30:00+09:00,J3,930,770,1700
2019-08-01T17:30:00+09:00,J4,668,526,1194
2019-08-01T17:30:00+09:00,J5,264,419,683
2019-08-01T17:45:00+09:00,J1,802,859,1661
2019-08-01T17:45:00+09:00,J2,569,404,973
2019-08-01T17:45:00+09:00,J3,938,712,1650
2019-08-01T17:45:00+09:00,J4,847,713,1560
2019-08-01T17:45:00+09:00,J5,314,442,756
2019-08-01T18:00:00+09:00,J1,803,836,1639
2019-08-01T18:00:00+09:00,J2,588,432,1020
2019-08-01T18:00:00+09:00,J3,929,726,1655
2019-08-01T18:00:00+09:00,J4,774,773,1547
2019-08-01T18:00:00+09:00,J5,275,364,639
2019-08-01T18:15:00+09:00,J1,739,803,1542
2019-08-01T18:15:00+09:00,J2,589,376,965
2019-08-01T18:15:00+09:00,J3,908,769,1677
2019-08-01T18:15:00+09:00,J4,819,804,1623
2019-08-01T18:15:00+09:00,J5,355,472,827
2019-08-01T18:30:00+09:00,J1,707,841,1548
2019-08-01T18:30:00+09:00,J2,533,370,903
2019-08-01T18:30:00+09:00,J3,792,710,1502
2019-08-01T18:30:00+09:00,J4,707,763,1470
2019-08-01T18:30:00+09:00,J5,331,470,801
2019-08-01T18:45:00+09:00,J1,675,782,1457
2019-08-01T18:45:00+09:00,J2,507,289,796
2019-08-01T18:45:00+09:00,J3,766,604,1370
2019-08-01T18:45:00+09:00,J4,637,624,1261
2019-08-01T18:45:00+09:00,J5,305,362,667
2019-08-01T19:00:00+09:00,J1,574,644,1218
2019-08-01T19:00:00+09:00,J2,477,312,789
2019-08-01T19:00:00+09:00,J3,730,606,1336
2019-08-01T19:00:00+09:00,J4,591,501,1092
2019-08-01T19:00:00+09:00,J5,232,351,583
2019-08-01T19:15:00+09:00,J1,589,707,1296
2019-08-01T19:15:00+09:00,J2,443,351,794
2019-08-01T19:15:00+09:00,J3,684,611,1295
2019-08-01T19:15:00+09:00,J4,602,446,1048
2019-08-01T19:15:00+09:00,J5,270,314,584
2019-08-01T19:30:00+09:00,J1,555,622,1177
2019-08-01T19:30:00+09:00,J2,409,302,711
2019-08-01T19:30:00+09:00,J3,699,534,1233
2019-08-01T19:30:00+09:00,J4,531,440,971
2019-08-01T19:30:00+09:00,J5,251,319,570
2019-08-01T19:45:00+09:00,J1,539,568,1107
2019-08-01T19:45:00+09:00,J2,372,276,648
2019-08-01T19:45:00+09:00,J3,642,518,1160
2019-08-01T19:45:00+09:00,J4,468,353,821
2019-08-01T19:45:00+09:00,J5,255,323,578
2019-08-01T20:00:00+09:00,J1,500,604,1104
2019-08-01T20:00:00+09:00,J2,434,361,795
2019-08-01T20:00:00+09:00,J3,677,469,1146
2019-08-01T20:00:00+09:00,J4,448,382,830
2019-08-01T20:00:00+09:00,J5,265,308,573
2019-08-01T20:15:00+09:00,J1,470,589,1059
2019-08-01T20:15:00+09:00,J2,386,282,668
2019-08-01T20:15:00+09:00,J3,562,525,1087
2019-08-01T20:15:00+09:00,J4,452,365,817
2019-08-01T20:15:00+09:00,J5,217,311,528
2019-08-01T20:30:00+09:00,J1,470,452,922
2019-08-01T20:30:00+09:00,J2,323,245,568
2019-08-01T20:30:00+09:00,J3,611,424,1035
2019-08-01T20:30:00+09:00,J4,401,316,717
2019-08-01T20:30:00+09:00,J5,234,294,528
2019-08-01T20:45:00+09:00,J1,386,395,781
2019-08-01T20:45:00+09:00,J2,306,221,527
2019-08-01T20:45:00+09:00,J3,488,397,885
2019-08-01T20:45:00+09:00,J4,411,314,725
2019-08-01T20:45:00+09:00,J5,166,310,476
2019-08-01T21:00:00+09:00,J1,440,541,981
2019-08-01T21:00:00+09:00,J2,323,289,612
2019-08-01T21:00:00+09:00,J3,479,425,904
2019-08-01T21:00:00+09:00,J4,356,334,690
2019-08-01T21:00:00+09:00,J5,159,211,370
2019-08-01T21:15:00+09:00,J1,389,583,972
2019-08-01T21:15:00+09:00,J2,301,240,541
2019-08-01T21:15:00+09:00,J3,534,502,1036
2019-08-01T21:15:00+09:00,J4,421,338,759
2019-08-01T21:15:00+09:00,J5,178,253,431
2019-08-01T21:30:00+09:00,J1,320,445,765
2019-08-01T21:30:00+09:00,J2,331,259,590
2019-08-01T21:30:00+09:00,J3,536,479,1015
2019-08-01T21:30:00+09:00,J4,349,284,633
2019-08-01T21:30:00+09:00,J5,175,249,424
2019-08-01T21:45:00+09:00,J1,256,355,611
2019-08-01T21:45:00+09:00,J2,302,277,579
2019-08-01T21:45:00+09:00,J3,527,470,997
2019-08-01T21:45:00+09:00,J4,359,284,643
2019-08-01T21:45:00+09:00,J5,170,224,394
2019-08-01T22:00:00+09:00,J1,282,343,625
2019-08-01T22:00:00+09:00,J2,308,258,566
2019-08-01T22:00:00+09:00,J3,575,483,1058
2019-08-01T22:00:00+09:00,J4,304,244,548
2019-08-01T22:00:00+09:00,J5,150,172,322
2019-08-01T22:15:00+09:00,J1,282,373,655
2019-08-01T22:15:00+09:00,J2,369,328,697
2019-08-01T22:15:00+09:00,J3,473,420,893
2019-08-01T22:15:00+09:00,J4,306,254,560
2019-08-01T22:15:00+09:00,J5,154,181,335
2019-08-01T22:30:00+09:00,J1,257,317,574
2019-08-01T22:30:00+09:00,J2,249,203,452
2019-08-01T22:30:00+09:00,J3,483,435,918
2019-08-01T22:30:00+09:00,J4,321,307,628
2019-08-01T22:30:00+09:00,J5,162,187,349
2019-08-01T22:45:00+09:00,J1,308,338,646
2019-08-01T22:45:00+09:00,J2,267,216,483
2019-08-01T22:45:00+09:00,J3,386,377,763
2019-08-01T22:45:00+09:00,J4,275,268,543
2019-08-01T22:45:00+09:00,J5,137,167,304
2019-08-01T23:00:00+09:00,J1,249,310,559
2019-08-01T23:00:00+09:00,J2,284,233,517
2019-08-01T23:00:00+09:00,J3,392,357,749
2019-08-01T23:00:00+09:00,J4,298,230,528
2019-08-01T23:00:00+09:00,J5,162,178,340
2019-08-01T23:15:00+09:00,J1,269,345,614
2019-08-01T23:15:00+09:00,J2,242,276,518
2019-08-01T23:15:00+09:00,J3,374,329,703
2019-08-01T23:15:00+09:00,J4,250,241,491
2019-08-01T23:15:00+09:00,J5,187,174,361
2019-08-01T23:30:00+09:00,J1,297,346,643
2019-08-01T23:30:00+09:00,J2,280,203,483
2019-08-01T23:30:00+09:00,J3,340,348,688
2019-08-01T23:30:00+09:00,J4,251,254,505
2019-08-01T23:30:00+09:00,J5,152,158,310
2019-08-01T23:45:00+09:00,J1,251,294,545
2019-08-01T23:45:00+09:00,J2,275,229,504
2019-08-01T23:45:00+09:00,J3,404,398,802
2019-08-01T23:45:00+09:00,J4,226,248,474
2019-08-01T23:45:00+09:00,J5,180,151,331
2019-08-02T00:00:00+09:00,J1,240,249,489
2019-08-02T00:00:00+09:00,J2,204,164,368
2019-08-02T00:00:00+09:00,J3,403,342,745
2019-08-02T00:00:00+09:00,J4,210,263,473
2019-08-02T00:00:00+09:00,J5,118,131,249
2019-08-02T00:15:00+09:00,J1,195,139,334
2019-08-02T00:15:00+09:00,J2,221,149,370
2019-08-02T00:15:00+09:00,J3,353,360,713
2019-08-02T00:15:00+09:00,J4,220,223,443
2019-08-02T00:15:00+09:00,J5,104,132,236
2019-08-02T00:30:00+09:00,J1,165,147,312
2019-08-02T00:30:00+09:00,J2,252,158,410
2019-08-02T00:30:00+09:00,J3,400,440,840
2019-08-02T00:30:00+09:00,J4,240,253,493
2019-08-02T00:30:00+09:00,J5,109,137,246
2019-08-02T00:45:00+09:00,J1,164,170,334
2019-08-02T00:45:00+09:00,J2,201,161,362
2019-08-02T00:45:00+09:00,J3,361,369,730
2019-08-02T00:45:00+09:00,J4,276,270,546
2019-08-02T00:45:00+09:00,J5,118,159,277
2019-08-02T05:45:00+09:00,J1,183,176,359
2019-08-02T05:45:00+09:00,J2,150,164,314
2019-08-02T05:45:00+09:00,J3,370,354,724
2019-08-02T05:45:00+09:00,J4,489,482,971
2019-08-02T05:45:00+09:00,J5,202,116,318
2019-08-02T06:00:00+09:00,J1,205,180,385
2019-08-02T06:00:00+09:00,J2,190,179,369
2019-08-02T06:00:00+09:00,J3,380,329,709
2019-08-02T06:00:00+09:00,J4,429,439,868
2019-08-02T06:00:00+09:00,J5,118,106,224
2019-08-02T06:15:00+09:00,J1,201,195,396
2019-08-02T06:15:00+09:00,J2,224,243,467
2019-08-02T06:15:00+09:00,J3,451,372,823
2019-08-02T06:15:00+09:00,J4,499,498,997
2019-08-02T06:15:00+09:00,J5,166,122,288
2019-08-02T06:30:00+09:00,J1,208,188,396
2019-08-02T06:30:00+09:00,J2,232,277,509
2019-08-02T06:30:00+09:00,J3,437,411,848
2019-08-02T06:30:00+09:00,J4,456,456,912
2019-08-02T06:30:00+09:00,J5,182,132,314
2019-08-02T06:45:00+09:00,J1,231,183,414
2019-08-02T06:45:00+09:00,J2,314,247,561
2019-08-02T06:45:00+09:00,J3,415,405,820
2019-08-02T06:45:00+09:00,J4,461,473,934
2019-08-02T06:45:00+09:00,J5,178,152,330
2019-08-02T07:00:00+09:00,J1,223,210,433
2019-08-02T07:00:00+09:00,J2,250,279,529
2019-08-02T07:00:00+09:00,J3,494,403,897
2019-08-02T07:00:00+09:00,J4,422,469,891
2019-08-02T07:00:00+09:00,J5,191,167,358
2019-08-02T07:15:00+09:00,J1,370,222,592
2019-08-02T07:15:00+09:00,J2,326,275,601
2019-08-02T07:15:00+09:00,J3,534,482,1016
2019-08-02T07:15:00+09:00,J4,383,460,843
2019-08-02T07:15:00+09:00,J5,225,181,406
2019-08-02T07:30:00+09:00,J1,442,256,698
2019-08-02T07:30:00+09:00,J2,346,294,640
2019-08-02T07:30:00+09:00,J3,622,690,1312
2019-08-02T07:30:00+09:00,J4,366,503,869
2019-08-02T07:30:00+09:00,J5,228,237,465
2019-08-02T07:45:00+09:00,J1,570,359,929
2019-08-02T07:45:00+09:00,J2,600,378,978
2019-08-02T07:45:00+09:00,J3,531,644,1175
2019-08-02T07:45:00+09:00,J4,304,570,874
2019-08-02T07:45:00+09:00,J5,250,280,530
2019-08-02T08:00:00+09:00,J1,841,514,1355
2019-08-02T08:00:00+09:00,J2,676,442,1118
2019-08-02T08:00:00+09:00,J3,478,682,1160
2019-08-02T08:00:00+09:00,J4,365,688,1053
2019-08-02T08:00:00+09:00,J5,301,284,585
2019-08-02T08:15:00+09:00,J1,1024,597,1621
2019-08-02T08:15:00+09:00,J2,804,538,1342
2019-08-02T08:15:00+09:00,J3,573,815,1388
2019-08-02T08:15:00+09:00,J4,433,905,1338
2019-08-02T08:15:00+09:00,J5,458,463,921
2019-08-02T08:30:00+09:00,J1,1044,576,1620
2019-08-02T08:30:00+09:00,J2,799,493,1292
2019-08-02T08:30:00+09:00,J3,654,968,1622
2019-08-02T08:30:00+09:00,J4,486,906,1392
2019-08-02T08:30:00+09:00,J5,312,357,669
2019-08-02T08:45:00+09:00,J1,814,538,1352
2019-08-02T08:45:00+09:00,J2,607,411,1018
2019-08-02T08:45:00+09:00,J3,642,932,1574
2019-08-02T08:45:00+09:00,J4,458,795,1253
2019-08-02T08:45:00+09:00,J5,298,328,626
2019-08-02T09:00:00+09:00,J1,693,554,1247
2019-08-02T09:00:00+09:00,J2,549,323,872
2019-08-02T09:00:00+09:00,J3,643,554,1197
2019-08-02T09:00:00+09:00,J4,395,608,1003
2019-08-02T09:00:00+09:00,J5,271,260,531
2019-08-02T09:15:00+09:00,J1,608,522,1130
2019-08-02T09:15:00+09:00,J2,556,365,921
2019-08-02T09:15:00+09:00,J3,659,584,1243
2019-08-02T09:15:00+09:00,J4,312,530,842
2019-08-02T09:15:00+09:00,J5,206,272,478
2019-08-02T09:30:00+09:00,J1,599,540,1139
2019-08-02T09:30:00+09:00,J2,547,393,940
2019-08-02T09:30:00+09:00,J3,621,560,1181
2019-08-02T09:30:00+09:00,J4,319,516,835
2019-08-02T09:30:00+09:00,J5,249,270,519
2019-08-02T09:45:00+09:00,J1,564,511,1075
2019-08-02T09:45:00+09:00,J2,352,311,663
2019-08-02T09:45:00+09:00,J3,499,498,997
2019-08-02T09:45:00+09:00,J4,301,429,730
2019-08-02T09:45:00+09:00,J5,205,247,452
2019-08-02T10:00:00+09:00,J1,531,472,1003
2019-08-02T10:00:00+09:00,J2,309,323,632
2019-08-02T10:00:00+09:00,J3,524,479,1003
2019-08-02T10:00:00+09:00,J4,292,404,696
2019-08-02T10:00:00+09:00,J5,227,293,520
2019-08-02T10:15:00+09:00,J1,619,537,1156
2019-08-02T10:15:00+09:00,J2,364,374,738
2019-08-02T10:15:00+09:00,J3,529,539,1068
2019-08-02T10:15:00+09:00,J4,351,470,821
2019-08-02T10:15:00+09:00,J5,210,286,496
2019-08-02T10:30:00+09:00,J1,646,582,1228
2019-08-02T10:30:00+09:00,J2,337,395,732
2019-08-02T10:30:00+09:00,J3,501,544,1045
2019-08-02T10:30:00+09:00,J4,312,411,723
2019-08-02T10:30:00+09:00,J5,208,268,476
2019-08-02T10:45:00+09:00,J1,619,536,1155
2019-08-02T10:45:00+09:00,J2,386,428,814
2019-08-02T10:45:00+09:00,J3,511,590,1101
2019-08-02T10:45:00+09:00,J4,362,426,788
2019-08-02T10:45:00+09:00,J5,203,266,469
2019-08-02T11:00:00+09:00,J1,631,659,1290
2019-08-02T11:00:00+09:00,J2,437,463,900
2019-08-02T11:00:00+09:00,J3,558,656,1214
2019-08-02T11:00:00+09:00,J4,301,434,735
2019-08-02T11:00:00+09:00,J5,224,291,515
2019-08-02T11:15:00+09:00,J1,730,698,1428
2019-08-02T11:15:00+09:00,J2,479,441,920
2019-08-02T11:15:00+09:00,J3,614,644,1258
2019-08-02T11:15:00+09:00,J4,363,459,822
2019-08-02T11:15:00+09:00,J5,233,268,501
2019-08-02T11:30:00+09:00,J1,664,661,1325
2019-08-02T11:30:00+09:00,J2,434,458,892
2019-08-02T11:30:00+09:00,J3,675,629,1304
2019-08-02T11:30:00+09:00,J4,359,453,812
2019-08-02T11:30:00+09:00,J5,196,257,453
2019-08-02T11:45:00+09:00,J1,617,582,1199
2019-08-02T11:45:00+09:00,J2,415,424,839
2019-08-02T11:45:00+09:00,J3,737,771,1508
2019-08-02T11:45:00+09:00,J4,403,418,821
2019-08-02T11:45:00+09:00,J5,210,271,481
2019-08-02T12:00:00+09:00,J1,643,690,1333
2019-08-02T12:00:00+09:00,J2,433,520,953
2019-08-02T12:00:00+09:00,J3,852,793,1645
2019-08-02T12:00:00+09:00,J4,521,493,1014
2019-08-02T12:00:00+09:00,J5,272,310,582
2019-08-02T12:15:00+09:00,J1,638,686,1324
2019-08-02T12:15:00+09:00,J2,534,545,1079
2019-08-02T12:15:00+09:00,J3,832,782,1614
2019-08-02T12:15:00+09:00,J4,609,640,1249
2019-08-02T12:15:00+09:00,J5,232,316,548
2019-08-02T12:30:00+09:00,J1,692,691,1383
2019-08-02T12:30:00+09:00,J2,564,540,1104
2019-08-02T12:30:00+09:00,J3,682,784,1466
2019-08-02T12:30:00+09:00,J4,532,583,1115
2019-08-02T12:30:00+09:00,J5,273,375,648
2019-08-02T12:45:00+09:00,J1,677,770,1447
2019-08-02T12:45:00+09:00,J2,569,577,1146
2019-08-02T12:45:00+09:00,J3,668,718,1386
2019-08-02T12:45:00+09:00,J4,580,557,1137
2019-08-02T12:45:00+09:00,J5,301,379,680
2019-08-02T13:00:00+09:00,J1,700,799,1499
2019-08-02T13:00:00+09:00,J2,630,554,1184
2019-08-02T13:00:00+09:00,J3,620,676,1296
2019-08-02T13:00:00+09:00,J4,584,583,1167
2019-08-02T13:00:00+09:00,J5,338,396,734
2019-08-02T13:15:00+09:00,J1,668,838,1506
2019-08-02T13:15:00+09:00,J2,582,505,1087
2019-08-02T13:15:00+09:00,J3,646,705,1351
2019-08-02T13:15:00+09:00,J4,579,704,1283
2019-08-02T13:15:00+09:00,J5,384,428,812
2019-08-02T13:30:00+09:00,J1,672,751,1423
2019-08-02T13:30:00+09:00,J2,569,526,1095
2019-08-02T13:30:00+09:00,J3,642,543,1185
2019-08-02T13:30:00+09:00,J4,566,673,1239
2019-08-02T13:30:00+09:00,J5,256,330,586
2019-08-02T13:45:00+09:00,J1,617,776,1393
2019-08-02T13:45:00+09:00,J2,613,498,1111
2019-08-02T13:45:00+09:00,J3,562,586,1148
2019-08-02T13:45:00+09:00,J4,579,653,1232
2019-08-02T13:45:00+09:00,J5,202,283,485
2019-08-02T14:00:00+09:00,J1,637,876,1513
2019-08-02T14:00:00+09:00,J2,528,542,1070
2019-08-02T14:00:00+09:00,J3,635,584,1219
2019-08-02T14:00:00+09:00,J4,518,495,1013
2019-08-02T14:00:00+09:00,J5,249,283,532
2019-08-02T14:15:00+09:00,J1,657,886,1543
2019-08-02T14:15:00+09:00,J2,440,536,976
2019-08-02T14:15:00+09:00,J3,605,641,1246
2019-08-02T14:15:00+09:00,J4,517,523,1040
2019-08-02T14:15:00+09:00,J5,224,254,478
2019-08-02T14:30:00+09:00,J1,582,712,1294
2019-08-02T14:30:00+09:00,J2,582,487,1069
2019-08-02T14:30:00+09:00,J3,556,643,1199
2019-08-02T14:30:00+09:00,J4,461,440,901
2019-08-02T14:30:00+09:00,J5,207,265,472
2019-08-02T14:45:00+09:00,J1,543,649,1192
2019-08-02T14:45:00+09:00,J2,629,485,1114
2019-08-02T14:45:00+09:00,J3,676,691,1367
2019-08-02T14:45:00+09:00,J4,454,414,868
2019-08-02T14:45:00+09:00,J5,253,272,525
2019-08-02T15:00:00+09:00,J1,533,688,1221
2019-08-02T15:00:00+09:00,J2,677,599,1276
2019-08-02T15:00:00+09:00,J3,653,677,1330
2019-08-02T15:00:00+09:00,J4,488,475,963
2019-08-02T15:00:00+09:00,J5,229,261,490
2019-08-02T15:15:00+09:00,J1,509,624,1133
2019-08-02T15:15:00+09:00,J2,617,549,1166
2019-08-02T15:15:00+09:00,J3,612,677,1289
2019-08-02T15:15:00+09:00,J4,577,559,1136
2019-08-02T15:15:00+09:00,J5,278,314,592
2019-08-02T15:30:00+09:00,J1,564,669,1233
2019-08-02T15:30:00+09:00,J2,575,594,1169
2019-08-02T15:30:00+09:00,J3,625,670,1295
2019-08-02T15:30:00+09:00,J4,587,712,1299
2019-08-02T15:30:00+09:00,J5,274,371,645
2019-08-02T15:45:00+09:00,J1,545,687,1232
2019-08-02T15:45:00+09:00,J2,603,539,1142
2019-08-02T15:45:00+09:00,J3,574,663,1237
2019-08-02T15:45:00+09:00,J4,584,556,1140
2019-08-02T15:45:00+09:00,J5,266,370,636
2019-08-02T16:00:00+09:00,J1,602,698,1300
2019-08-02T16:00:00+09:00,J2,582,527,1109
2019-08-02T16:00:00+09:00,J3,576,688,1264
2019-08-02T16:00:00+09:00,J4,551,521,1072
2019-08-02T16:00:00+09:00,J5,263,372,635
2019-08-02T16:15:00+09:00,J1,598,806,1404
2019-08-02T16:15:00+09:00,J2,571,529,1100
2019-08-02T16:15:00+09:00,J3,578,725,1303
2019-08-02T16:15:00+09:00,J4,536,662,1198
2019-08-02T16:15:00+09:00,J5,254,357,611
2019-08-02T16:30:00+09:00,J1,689,874,1563
2019-08-02T16:30:00+09:00,J2,630,523,1153
2019-08-02T16:30:00+09:00,J3,610,722,1332
2019-08-02T16:30:00+09:00,J4,554,607,1161
2019-08-02T16:30:00+09:00,J5,262,322,584
2019-08-02T16:45:00+09:00,J1,671,806,1477
2019-08-02T16:45:00+09:00,J2,578,484,1062
2019-08-02T16:45:00+09:00,J3,621,644,1265
2019-08-02T16:45:00+09:00,J4,579,567,1146
2019-08-02T16:45:00+09:00,J5,241,312,553
2019-08-02T17:00:00+09:00,J1,645,870,1515
2019-08-02T17:00:00+09:00,J2,588,516,1104
2019-08-02T17:00:00+09:00,J3,828,780,1608
2019-08-02T17:00:00+09:00,J4,573,435,1008
2019-08-02T17:00:00+09:00,J5,274,346,620
2019-08-02T17:15:00+09:00,J1,745,944,1689
2019-08-02T17:15:00+09:00,J2,611,555,1166
2019-08-02T17:15:00+09:00,J3,948,774,1722
2019-08-02T17:15:00+09:00,J4,684,489,1173
2019-08-02T17:15:00+09:00,J5,299,448,747
2019-08-02T17:30:00+09:00,J1,769,918,1687
2019-08-02T17:30:00+09:00,J2,620,623,1243
2019-08-02T17:30:00+09:00,J3,865,811,1676
2019-08-02T17:30:00+09:00,J4,703,688,1391
2019-08-02T17:30:00+09:00,J5,273,412,685
2019-08-02T17:45:00+09:00,J1,879,1001,1880
2019-08-02T17:45:00+09:00,J2,771,582,1353
2019-08-02T17:45:00+09:00,J3,996,776,1772
2019-08-02T17:45:00+09:00,J4,758,686,1444
2019-08-02T17:45:00+09:00,J5,268,387,655
2019-08-02T18:00:00+09:00,J1,833,1074,1907
2019-08-02T18:00:00+09:00,J2,734,585,1319
2019-08-02T18:00:00+09:00,J3,942,742,1684
2019-08-02T18:00:00+09:00,J4,780,682,1462
2019-08-02T18:00:00+09:00,J5,300,420,720
2019-08-02T18:15:00+09:00,J1,832,863,1695
2019-08-02T18:15:00+09:00,J2,707,546,1253
2019-08-02T18:15:00+09:00,J3,910,762,1672
2019-08-02T18:15:00+09:00,J4,919,813,1732
2019-08-02T18:15:00+09:00,J5,373,474,847
2019-08-02T18:30:00+09:00,J1,743,894,1637
2019-08-02T18:30:00+09:00,J2,709,485,1194
2019-08-02T18:30:00+09:00,J3,842,690,1532
2019-08-02T18:30:00+09:00,J4,855,818,1673
2019-08-02T18:30:00+09:00,J5,440,454,894
2019-08-02T18:45:00+09:00,J1,712,788,1500
2019-08-02T18:45:00+09:00,J2,702,454,1156
2019-08-02T18:45:00+09:00,J3,781,628,1409
2019-08-02T18:45:00+09:00,J4,725,654,1379
2019-08-02T18:45:00+09:00,J5,389,462,851
2019-08-02T19:00:00+09:00,J1,648,729,1377
2019-08-02T19:00:00+09:00,J2,646,507,1153
2019-08-02T19:00:00+09:00,J3,729,633,1362
2019-08-02T19:00:00+09:00,J4,604,455,1059
2019-08-02T19:00:00+09:00,J5,377,475,852
2019-08-02T19:15:00+09:00,J1,658,686,1344
2019-08-02T19:15:00+09:00,J2,641,547,1188
2019-08-02T19:15:00+09:00,J3,714,600,1314
2019-08-02T19:15:00+09:00,J4,504,379,883
2019-08-02T19:15:00+09:00,J5,342,408,750
2019-08-02T19:30:00+09:00,J1,617,699,1316
2019-08-02T19:30:00+09:00,J2,608,453,1061
2019-08-02T19:30:00+09:00,J3,696,606,1302
2019-08-02T19:30:00+09:00,J4,466,364,830
2019-08-02T19:30:00+09:00,J5,311,382,693
2019-08-02T19:45:00+09:00,J1,536,670,1206
2019-08-02T19:45:00+09:00,J2,537,471,1008
2019-08-02T19:45:00+09:00,J3,732,664,1396
2019-08-02T19:45:00+09:00,J4,386,366,752
2019-08-02T19:45:00+09:00,J5,253,366,619
2019-08-02T20:00:00+09:00,J1,486,531,1017
2019-08-02T20:00:00+09:00,J2,459,379,838
2019-08-02T20:00:00+09:00,J3,724,732,1456
2019-08-02T20:00:00+09:00,J4,418,347,765
2019-08-02T20:00:00+09:00,J5,306,362,668
2019-08-02T20:15:00+09:00,J1,514,633,1147
2019-08-02T20:15:00+09:00,J2,447,328,775
2019-08-02T20:15:00+09:00,J3,771,677,1448
2019-08-02T20:15:00+09:00,J4,417,371,788
2019-08-02T20:15:00+09:00,J5,261,333,594
2019-08-02T20:30:00+09:00,J1,532,590,1122
2019-08-02T20:30:00+09:00,J2,385,332,717
2019-08-02T20:30:00+09:00,J3,771,629,1400
2019-08-02T20:30:00+09:00,J4,422,368,790
2019-08-02T20:30:00+09:00,J5,285,351,636
2019-08-02T20:45:00+09:00,J1,415,468,883
2019-08-02T20:45:00+09:00,J2,327,316,643
2019-08-02T20:45:00+09:00,J3,734,625,1359
2019-08-02T20:45:00+09:00,J4,406,330,736
2019-08-02T20:45:00+09:00,J5,260,316,576
2019-08-02T21:00:00+09:00,J1,499,557,1056
2019-08-02T21:00:00+09:00,J2,432,394,826
2019-08-02T21:00:00+09:00,J3,484,446,930
2019-08-02T21:00:00+09:00,J4,527,415,942
2019-08-02T21:00:00+09:00,J5,275,304,579
2019-08-02T21:15:00+09:00,J1,391,556,947
2019-08-02T21:15:00+09:00,J2,437,452,889
2019-08-02T21:15:00+09:00,J3,381,436,817
2019-08-02T21:15:00+09:00,J4,471,410,881
2019-08-02T21:15:00+09:00,J5,285,321,606
2019-08-02T21:30:00+09:00,J1,293,376,669
2019-08-02T21:30:00+09:00,J2,379,416,795
2019-08-02T21:30:00+09:00,J3,367,378,745
2019-08-02T21:30:00+09:00,J4,489,352,841
2019-08-02T21:30:00+09:00,J5,269,279,548
2019-08-02T21:45:00+09:00,J1,396,398,794
2019-08-02T21:45:00+09:00,J2,328,377,705
2019-08-02T21:45:00+09:00,J3,337,364,701
2019-08-02T21:45:00+09:00,J4,359,288,647
2019-08-02T21:45:00+09:00,J5,199,219,418
2019-08-02T22:00:00+09:00,J1,300,423,723
2019-08-02T22:00:00+09:00,J2,352,368,720
2019-08-02T22:00:00+09:00,J3,326,359,685
2019-08-02T22:00:00+09:00,J4,367,284,651
2019-08-02T22:00:00+09:00,J5,213,266,479
2019-08-02T22:15:00+09:00,J1,335,368,703
2019-08-02T22:15:00+09:00,J2,339,414,753
2019-08-02T22:15:00+09:00,J3,260,338,598
2019-08-02T22:15:00+09:00,J4,275,241,516
2019-08-02T22:15:00+09:00,J5,260,203,463
2019-08-02T22:30:00+09:00,J1,281,383,664
2019-08-02T22:30:00+09:00,J2,347,350,697
2019-08-02T22:30:00+09:00,J3,296,280,576
2019-08-02T22:30:00+09:00,J4,274,256,530
2019-08-02T22:30:00+09:00,J5,206,193,399
2019-08-02T22:45:00+09:00,J1,298,348,646
2019-08-02T22:45:00+09:00,J2,323,334,657
2019-08-02T22:45:00+09:00,J3,309,275,584
2019-08-02T22:45:00+09:00,J4,242,206,448
2019-08-02T22:45:00+09:00,J5,155,226,381
2019-08-02T23:00:00+09:00,J1,343,418,761
2019-08-02T23:00:00+09:00,J2,339,359,698
2019-08-02T23:00:00+09:00,J3,283,285,568
2019-08-02T23:00:00+09:00,J4,284,209,493
2019-08-02T23:00:00+09:00,J5,158,209,367
2019-08-02T23:15:00+09:00,J1,284,344,628
2019-08-02T23:15:00+09:00,J2,364,395,759
2019-08-02T23:15:00+09:00,J3,287,298,585
2019-08-02T23:15:00+09:00,J4,276,246,522
2019-08-02T23:15:00+09:00,J5,143,192,335
2019-08-02T23:30:00+09:00,J1,262,339,601
2019-08-02T23:30:00+09:00,J2,268,329,597
2019-08-02T23:30:00+09:00,J3,252,325,577
2019-08-02T23:30:00+09:00,J4,248,248,496
2019-08-02T23:30:00+09:00,J5,152,173,325
2019-08-02T23:45:00+09:00,J1,283,356,639
2019-08-02T23:45:00+09:00,J2,342,320,662
2019-08-02T23:45:00+09:00,J3,306,334,640
2019-08-02T23:45:00+09:00,J4,304,289,593
2019-08-02T23:45:00+09:00,J5,134,174,308
2019-08-03T00:00:00+09:00,J1,252,248,500
2019-08-03T00:00:00+09:00,J2,255,255,510
2019-08-03T00:00:00+09:00,J3,274,285,559
2019-08-03T00:00:00+09:00,J4,205,220,425
2019-08-03T00:00:00+09:00,J5,153,206,359
2019-08-03T00:15:00+09:00,J1,261,240,501
2019-08-03T00:15:00+09:00,J2,243,259,502
2019-08-03T00:15:00+09:00,J3,248,299,547
2019-08-03T00:15:00+09:00,J4,255,262,517
2019-08-03T00:15:00+09:00,J5,154,213,367
2019-08-03T00:30:00+09:00,J1,123,150,273
2019-08-03T00:30:00+09:00,J2,280,221,501
2019-08-03T00:30:00+09:00,J3,303,381,684
2019-08-03T00:30:00+09:00,J4,382,365,747
2019-08-03T00:30:00+09:00,J5,170,176,346
2019-08-03T00:45:00+09:00,J1,119,104,223
2019-08-03T00:45:00+09:00,J2,234,160,394
2019-08-03T00:45:00+09:00,J3,302,325,627
2019-08-03T00:45:00+09:00,J4,355,277,632
2019-08-03T00:45:00+09:00,J5,130,132,262
2019-08-03T05:45:00+09:00,J1,204,173,377
2019-08-03T05:45:00+09:00,J2,176,182,358
2019-08-03T05:45:00+09:00,J3,297,337,634
2019-08-03T05:45:00+09:00,J4,429,369,798
2019-08-03T05:45:00+09:00,J5,129,101,230
2019-08-03T06:00:00+09:00,J1,184,202,386
2019-08-03T06:00:00+09:00,J2,143,150,293
2019-08-03T06:00:00+09:00,J3,339,365,704
2019-08-03T06:00:00+09:00,J4,513,424,937
2019-08-03T06:00:00+09:00,J5,139,101,240
2019-08-03T06:15:00+09:00,J1,213,175,388
2019-08-03T06:15:00+09:00,J2,213,142,355
2019-08-03T06:15:00+09:00,J3,440,418,858
2019-08-03T06:15:00+09:00,J4,435,423,858
2019-08-03T06:15:00+09:00,J5,167,128,295
2019-08-03T06:30:00+09:00,J1,178,170,348
2019-08-03T06:30:00+09:00,J2,207,142,349
2019-08-03T06:30:00+09:00,J3,418,338,756
2019-08-03T06:30:00+09:00,J4,523,509,1032
2019-08-03T06:30:00+09:00,J5,184,162,346
2019-08-03T06:45:00+09:00,J1,218,190,408
2019-08-03T06:45:00+09:00,J2,203,134,337
2019-08-03T06:45:00+09:00,J3,375,346,721
2019-08-03T06:45:00+09:00,J4,473,528,1001
2019-08-03T06:45:00+09:00,J5,190,201,391
2019-08-03T07:00:00+09:00,J1,208,185,393
2019-08-03T07:00:00+09:00,J2,277,232,509
2019-08-03T07:00:00+09:00,J3,456,357,813
2019-08-03T07:00:00+09:00,J4,491,473,964
2019-08-03T07:00:00+09:00,J5,194,204,398
2019-08-03T07:15:00+09:00,J1,298,234,532
2019-08-03T07:15:00+09:00,J2,303,199,502
2019-08-03T07:15:00+09:00,J3,450,355,805
2019-08-03T07:15:00+09:00,J4,469,400,869
2019-08-03T07:15:00+09:00,J5,167,207,374
2019-08-03T07:30:00+09:00,J1,343,287,630
2019-08-03T07:30:00+09:00,J2,262,218,480
2019-08-03T07:30:00+09:00,J3,414,349,763
2019-08-03T07:30:00+09:00,J4,447,446,893
2019-08-03T07:30:00+09:00,J5,199,188,387
2019-08-03T07:45:00+09:00,J1,331,256,587
2019-08-03T07:45:00+09:00,J2,293,249,542
2019-08-03T07:45:00+09:00,J3,395,371,766
2019-08-03T07:45:00+09:00,J4,377,428,805
2019-08-03T07:45:00+09:00,J5,168,207,375
2019-08-03T08:00:00+09:00,J1,484,404,888
2019-08-03T08:00:00+09:00,J2,284,293,577
2019-08-03T08:00:00+09:00,J3,476,510,986
2019-08-03T08:00:00+09:00,J4,309,408,717
2019-08-03T08:00:00+09:00,J5,183,194,377
2019-08-03T08:15:00+09:00,J1,567,439,1006
2019-08-03T08:15:00+09:00,J2,367,331,698
2019-08-03T08:15:00+09:00,J3,598,549,1147
2019-08-03T08:15:00+09:00,J4,244,371,615
2019-08-03T08:15:00+09:00,J5,191,240,431
2019-08-03T08:30:00+09:00,J1,598,464,1062
2019-08-03T08:30:00+09:00,J2,370,309,679
2019-08-03T08:30:00+09:00,J3,582,570,1152
2019-08-03T08:30:00+09:00,J4,314,401,715
2019-08-03T08:30:00+09:00,J5,339,356,695
2019-08-03T08:45:00+09:00,J1,478,454,932
2019-08-03T08:45:00+09:00,J2,421,322,743
2019-08-03T08:45:00+09:00,J3,527,513,1040
2019-08-03T08:45:00+09:00,J4,328,435,763
2019-08-03T08:45:00+09:00,J5,255,331,586
2019-08-03T09:00:00+09:00,J1,545,498,1043
2019-08-03T09:00:00+09:00,J2,293,258,551
2019-08-03T09:00:00+09:00,J3,569,592,1161
2019-08-03T09:00:00+09:00,J4,508,575,1083
2019-08-03T09:00:00+09:00,J5,198,195,393
2019-08-03T09:15:00+09:00,J1,551,508,1059
2019-08-03T09:15:00+09:00,J2,272,276,548
2019-08-03T09:15:00+09:00,J3,655,591,1246
2019-08-03T09:15:00+09:00,J4,460,533,993
2019-08-03T09:15:00+09:00,J5,194,239,433
2019-08-03T09:30:00+09:00,J1,508,472,980
2019-08-03T09:30:00+09:00,J2,229,172,401
2019-08-03T09:30:00+09:00,J3,589,541,1130
2019-08-03T09:30:00+09:00,J4,408,451,859
2019-08-03T09:30:00+09:00,J5,217,237,454
2019-08-03T09:45:00+09:00,J1,485,450,935
2019-08-03T09:45:00+09:00,J2,244,223,467
2019-08-03T09:45:00+09:00,J3,464,441,905
2019-08-03T09:45:00+09:00,J4,352,419,771
2019-08-03T09:45:00+09:00,J5,203,226,429
2019-08-03T10:00:00+09:00,J1,508,583,1091
2019-08-03T10:00:00+09:00,J2,235,193,428
2019-08-03T10:00:00+09:00,J3,490,471,961
2019-08-03T10:00:00+09:00,J4,316,395,711
2019-08-03T10:00:00+09:00,J5,199,211,410
2019-08-03T10:15:00+09:00,J1,588,575,1163
2019-08-03T10:15:00+09:00,J2,342,273,615
2019-08-03T10:15:00+09:00,J3,603,443,1046
2019-08-03T10:15:00+09:00,J4,477,438,915
2019-08-03T10:15:00+09:00,J5,186,256,442
2019-08-03T10:30:00+09:00,J1,513,594,1107
2019-08-03T10:30:00+09:00,J2,382,253,635
2019-08-03T10:30:00+09:00,J3,633,566,1199
2019-08-03T10:30:00+09:00,J4,546,508,1054
2019-08-03T10:30:00+09:00,J5,229,263,492
2019-08-03T10:45:00+09:00,J1,575,656,1231
2019-08-03T10:45:00+09:00,J2,405,263,668
2019-08-03T10:45:00+09:00,J3,722,647,1369
2019-08-03T10:45:00+09:00,J4,520,556,1076
2019-08-03T10:45:00+09:00,J5,213,233,446
2019-08-03T11:00:00+09:00,J1,651,653,1304
2019-08-03T11:00:00+09:00,J2,410,265,675
2019-08-03T11:00:00+09:00,J3,777,678,1455
2019-08-03T11:00:00+09:00,J4,421,475,896
2019-08-03T11:00:00+09:00,J5,213,238,451
2019-08-03T11:15:00+09:00,J1,702,647,1349
2019-08-03T11:15:00+09:00,J2,402,231,633
2019-08-03T11:15:00+09:00,J3,717,703,1420
2019-08-03T11:15:00+09:00,J4,447,432,879
2019-08-03T11:15:00+09:00,J5,170,229,399
2019-08-03T11:30:00+09:00,J1,706,629,1335
2019-08-03T11:30:00+09:00,J2,428,291,719
2019-08-03T11:30:00+09:00,J3,720,635,1355
2019-08-03T11:30:00+09:00,J4,451,457,908
2019-08-03T11:30:00+09:00,J5,208,260,468
2019-08-03T11:45:00+09:00,J1,667,637,1304
2019-08-03T11:45:00+09:00,J2,393,225,618
2019-08-03T11:45:00+09:00,J3,667,654,1321
2019-08-03T11:45:00+09:00,J4,423,419,842
2019-08-03T11:45:00+09:00,J5,209,255,464
2019-08-03T12:00:00+09:00,J1,624,714,1338
2019-08-03T12:00:00+09:00,J2,383,279,662
2019-08-03T12:00:00+09:00,J3,733,695,1428
2019-08-03T12:00:00+09:00,J4,456,455,911
2019-08-03T12:00:00+09:00,J5,199,237,436
2019-08-03T12:15:00+09:00,J1,662,822,1484
2019-08-03T12:15:00+09:00,J2,372,312,684
2019-08-03T12:15:00+09:00,J3,788,678,1466
2019-08-03T12:15:00+09:00,J4,488,412,900
2019-08-03T12:15:00+09:00,J5,223,261,484
2019-08-03T12:30:00+09:00,J1,646,746,1392
2019-08-03T12:30:00+09:00,J2,406,342,748
2019-08-03T12:30:00+09:00,J3,698,709,1407
2019-08-03T12:30:00+09:00,J4,458,515,973
2019-08-03T12:30:00+09:00,J5,237,284,521
2019-08-03T12:45:00+09:00,J1,599,740,1339
2019-08-03T12:45:00+09:00,J2,368,338,706
2019-08-03T12:45:00+09:00,J3,633,706,1339
2019-08-03T12:45:00+09:00,J4,473,449,922
2019-08-03T12:45:00+09:00,J5,242,305,547
2019-08-03T13:00:00+09:00,J1,609,771,1380
2019-08-03T13:00:00+09:00,J2,416,255,671
2019-08-03T13:00:00+09:00,J3,615,684,1299
2019-08-03T13:00:00+09:00,J4,500,496,996
2019-08-03T13:00:00+09:00,J5,246,311,557
2019-08-03T13:15:00+09:00,J1,656,860,1516
2019-08-03T13:15:00+09:00,J2,393,303,696
2019-08-03T13:15:00+09:00,J3,648,624,1272
2019-08-03T13:15:00+09:00,J4,592,518,1110
2019-08-03T13:15:00+09:00,J5,265,291,556
2019-08-03T13:30:00+09:00,J1,660,795,1455
2019-08-03T13:30:00+09:00,J2,442,316,758
2019-08-03T13:30:00+09:00,J3,634,627,1261
2019-08-03T13:30:00+09:00,J4,617,527,1144
2019-08-03T13:30:00+09:00,J5,249,309,558
2019-08-03T13:45:00+09:00,J1,623,782,1405
2019-08-03T13:45:00+09:00,J2,435,328,763
2019-08-03T13:45:00+09:00,J3,621,604,1225
2019-08-03T13:45:00+09:00,J4,530,520,1050
2019-08-03T13:45:00+09:00,J5,254,316,570
2019-08-03T14:00:00+09:00,J1,620,818,1438
2019-08-03T14:00:00+09:00,J2,436,319,755
2019-08-03T14:00:00+09:00,J3,664,632,1296
2019-08-03T14:00:00+09:00,J4,578,516,1094
2019-08-03T14:00:00+09:00,J5,247,273,520
2019-08-03T14:15:00+09:00,J1,556,823,1379
2019-08-03T14:15:00+09:00,J2,425,299,724
2019-08-03T14:15:00+09:00,J3,675,663,1338
2019-08-03T14:15:00+09:00,J4,623,627,1250
2019-08-03T14:15:00+09:00,J5,260,329,589
2019-08-03T14:30:00+09:00,J1,590,856,1446
2019-08-03T14:30:00+09:00,J2,382,314,696
2019-08-03T14:30:00+09:00,J3,661,640,1301
2019-08-03T14:30:00+09:00,J4,615,555,1170
2019-08-03T14:30:00+09:00,J5,251,305,556
2019-08-03T14:45:00+09:00,J1,592,852,1444
2019-08-03T14:45:00+09:00,J2,402,272,674
2019-08-03T14:45:00+09:00,J3,696,703,1399
2019-08-03T14:45:00+09:00,J4,670,563,1233
2019-08-03T14:45:00+09:00,J5,246,303,549
2019-08-03T15:00:00+09:00,J1,644,837,1481
2019-08-03T15:00:00+09:00,J2,510,314,824
2019-08-03T15:00:00+09:00,J3,653,723,1376
2019-08-03T15:00:00+09:00,J4,608,583,1191
2019-08-03T15:00:00+09:00,J5,269,331,600
2019-08-03T15:15:00+09:00,J1,614,830,1444
2019-08-03T15:15:00+09:00,J2,444,302,746
2019-08-03T15:15:00+09:00,J3,736,703,1439
2019-08-03T15:15:00+09:00,J4,580,587,1167
2019-08-03T15:15:00+09:00,J5,263,357,620
2019-08-03T15:30:00+09:00,J1,630,769,1399
2019-08-03T15:30:00+09:00,J2,526,331,857
2019-08-03T15:30:00+09:00,J3,785,762,1547
2019-08-03T15:30:00+09:00,J4,645,603,1248
2019-08-03T15:30:00+09:00,J5,245,314,559
2019-08-03T15:45:00+09:00,J1,612,827,1439
2019-08-03T15:45:00+09:00,J2,518,279,797
2019-08-03T15:45:00+09:00,J3,754,807,1561
2019-08-03T15:45:00+09:00,J4,677,706,1383
2019-08-03T15:45:00+09:00,J5,247,346,593
2019-08-03T16:00:00+09:00,J1,611,804,1415
2019-08-03T16:00:00+09:00,J2,473,256,729
2019-08-03T16:00:00+09:00,J3,769,715,1484
2019-08-03T16:00:00+09:00,J4,632,655,1287
2019-08-03T16:00:00+09:00,J5,298,301,599
2019-08-03T16:15:00+09:00,J1,664,860,1524
2019-08-03T16:15:00+09:00,J2,565,267,832
2019-08-03T16:15:00+09:00,J3,831,751,1582
2019-08-03T16:15:00+09:00,J4,634,715,1349
2019-08-03T16:15:00+09:00,J5,268,353,621
2019-08-03T16:30:00+09:00,J1,642,883,1525
2019-08-03T16:30:00+09:00,J2,546,253,799
2019-08-03T16:30:00+09:00,J3,758,743,1501
2019-08-03T16:30:00+09:00,J4,602,602,1204
2019-08-03T16:30:00+09:00,J5,240,300,540
2019-08-03T16:45:00+09:00,J1,622,658,1280
2019-08-03T16:45:00+09:00,J2,537,279,816
2019-08-03T16:45:00+09:00,J3,804,767,1571
2019-08-03T16:45:00+09:00,J4,583,626,1209
2019-08-03T16:45:00+09:00,J5,248,302,550
2019-08-03T17:00:00+09:00,J1,718,658,1376
2019-08-03T17:00:00+09:00,J2,467,297,764
2019-08-03T17:00:00+09:00,J3,875,847,1722
2019-08-03T17:00:00+09:00,J4,505,475,980
2019-08-03T17:00:00+09:00,J5,258,336,594
2019-08-03T17:15:00+09:00,J1,730,670,1400
2019-08-03T17:15:00+09:00,J2,548,290,838
2019-08-03T17:15:00+09:00,J3,781,912,1693
2019-08-03T17:15:00+09:00,J4,560,470,1030
2019-08-03T17:15:00+09:00,J5,251,324,575
2019-08-03T17:30:00+09:00,J1,757,631,1388
2019-08-03T17:30:00+09:00,J2,553,296,849
2019-08-03T17:30:00+09:00,J3,829,877,1706
2019-08-03T17:30:00+09:00,J4,503,446,949
2019-08-03T17:30:00+09:00,J5,257,331,588
2019-08-03T17:45:00+09:00,J1,712,754,1466
2019-08-03T17:45:00+09:00,J2,518,279,797
2019-08-03T17:45:00+09:00,J3,857,769,1626
2019-08-03T17:45:00+09:00,J4,490,431,921
2019-08-03T17:45:00+09:00,J5,241,268,509
2019-08-03T18:00:00+09:00,J1,685,704,1389
2019-08-03T18:00:00+09:00,J2,521,300,821
2019-08-03T18:00:00+09:00,J3,805,784,1589
2019-08-03T18:00:00+09:00,J4,480,433,913
2019-08-03T18:00:00+09:00,J5,228,275,503
2019-08-03T18:15:00+09:00,J1,720,703,1423
2019-08-03T18:15:00+09:00,J2,487,326,813
2019-08-03T18:15:00+09:00,J3,806,746,1552
2019-08-03T18:15:00+09:00,J4,481,415,896
2019-08-03T18:15:00+09:00,J5,249,308,557
2019-08-03T18:30:00+09:00,J1,601,584,1185
2019-08-03T18:30:00+09:00,J2,433,302,735
2019-08-03T18:30:00+09:00,J3,595,575,1170
2019-08-03T18:30:00+09:00,J4,433,386,819
2019-08-03T18:30:00+09:00,J5,237,324,561
2019-08-03T18:45:00+09:00,J1,629,556,1185
2019-08-03T18:45:00+09:00,J2,415,293,708
2019-08-03T18:45:00+09:00,J3,661,542,1203
2019-08-03T18:45:00+09:00,J4,429,408,837
2019-08-03T18:45:00+09:00,J5,202,290,492
2019-08-03T19:00:00+09:00,J1,491,446,937
2019-08-03T19:00:00+09:00,J2,287,274,561
2019-08-03T19:00:00+09:00,J3,657,514,1171
2019-08-03T19:00:00+09:00,J4,370,384,754
2019-08-03T19:00:00+09:00,J5,236,274,510
2019-08-03T19:15:00+09:00,J1,438,402,840
2019-08-03T19:15:00+09:00,J2,303,237,540
2019-08-03T19:15:00+09:00,J3,610,531,1141
2019-08-03T19:15:00+09:00,J4,370,348,718
2019-08-03T19:15:00+09:00,J5,271,290,561
2019-08-03T19:30:00+09:00,J1,445,421,866
2019-08-03T19:30:00+09:00,J2,290,325,615
2019-08-03T19:30:00+09:00,J3,618,542,1160
2019-08-03T19:30:00+09:00,J4,342,350,692
2019-08-03T19:30:00+09:00,J5,220,307,527
2019-08-03T19:45:00+09:00,J1,391,398,789
2019-08-03T19:45:00+09:00,J2,268,282,550
2019-08-03T19:45:00+09:00,J3,530,530,1060
2019-08-03T19:45:00+09:00,J4,333,355,688
2019-08-03T19:45:00+09:00,J5,221,280,501
2019-08-03T20:00:00+09:00,J1,437,402,839
2019-08-03T20:00:00+09:00,J2,251,204,455
2019-08-03T20:00:00+09:00,J3,585,523,1108
2019-08-03T20:00:00+09:00,J4,358,325,683
2019-08-03T20:00:00+09:00,J5,259,294,553
2019-08-03T20:15:00+09:00,J1,398,433,831
2019-08-03T20:15:00+09:00,J2,257,253,510
2019-08-03T20:15:00+09:00,J3,554,559,1113
2019-08-03T20:15:00+09:00,J4,360,324,684
2019-08-03T20:15:00+09:00,J5,245,278,523
2019-08-03T20:30:00+09:00,J1,440,424,864
2019-08-03T20:30:00+09:00,J2,270,239,509
2019-08-03T20:30:00+09:00,J3,579,554,1133
2019-08-03T20:30:00+09:00,J4,361,397,758
2019-08-03T20:30:00+09:00,J5,206,271,477
2019-08-03T20:45:00+09:00,J1,408,374,782
2019-08-03T20:45:00+09:00,J2,318,278,596
2019-08-03T20:45:00+09:00,J3,585,520,1105
2019-08-03T20:45:00+09:00,J4,276,321,597
2019-08-03T20:45:00+09:00,J5,193,263,456
2019-08-03T21:00:00+09:00,J1,405,402,807
2019-08-03T21:00:00+09:00,J2,270,188,458
2019-08-03T21:00:00+09:00,J3,331,363,694
2019-08-03T21:00:00+09:00,J4,282,333,615
2019-08-03T21:00:00+09:00,J5,177,212,389
2019-08-03T21:15:00+09:00,J1,380,476,856
2019-08-03T21:15:00+09:00,J2,250,258,508
2019-08-03T21:15:00+09:00,J3,342,368,710
2019-08-03T21:15:00+09:00,J4,336,308,644
2019-08-03T21:15:00+09:00,J5,177,245,422
2019-08-03T21:30:00+09:00,J1,343,407,750
2019-08-03T21:30:00+09:00,J2,235,237,472
2019-08-03T21:30:00+09:00,J3,322,367,689
2019-08-03T21:30:00+09:00,J4,308,310,618
2019-08-03T21:30:00+09:00,J5,187,212,399
2019-08-03T21:45:00+09:00,J1,318,323,641
2019-08-03T21:45:00+09:00,J2,268,232,500
2019-08-03T21:45:00+09:00,J3,374,395,769
2019-08-03T21:45:00+09:00,J4,358,342,700
2019-08-03T21:45:00+09:00,J5,152,225,377
2019-08-03T22:00:00+09:00,J1,397,448,845
2019-08-03T22:00:00+09:00,J2,236,188,424
2019-08-03T22:00:00+09:00,J3,347,338,685
2019-08-03T22:00:00+09:00,J4,370,354,724
2019-08-03T22:00:00+09:00,J5,154,217,371
2019-08-03T22:15:00+09:00,J1,358,440,798
2019-08-03T22:15:00+09:00,J2,227,185,412
2019-08-03T22:15:00+09:00,J3,341,395,736
2019-08-03T22:15:00+09:00,J4,354,283,637
2019-08-03T22:15:00+09:00,J5,145,199,344
2019-08-03T22:30:00+09:00,J1,360,397,757
2019-08-03T22:30:00+09:00,J2,218,211,429
2019-08-03T22:30:00+09:00,J3,317,342,659
2019-08-03T22:30:00+09:00,J4,369,332,701
2019-08-03T22:30:00+09:00,J5,122,158,280
2019-08-03T22:45:00+09:00,J1,324,300,624
2019-08-03T22:45:00+09:00,J2,253,194,447
2019-08-03T22:45:00+09:00,J3,348,352,700
2019-08-03T22:45:00+09:00,J4,475,405,880
2019-08-03T22:45:00+09:00,J5,131,156,287
2019-08-03T23:00:00+09:00,J1,305,349,654
2019-08-03T23:00:00+09:00,J2,285,233,518
2019-08-03T23:00:00+09:00,J3,334,369,703
2019-08-03T23:00:00+09:00,J4,438,350,788
2019-08-03T23:00:00+09:00,J5,139,132,271
2019-08-03T23:15:00+09:00,J1,287,321,608
2019-08-03T23:15:00+09:00,J2,214,202,416
2019-08-03T23:15:00+09:00,J3,341,316,657
2019-08-03T23:15:00+09:00,J4,359,373,732
2019-08-03T23:15:00+09:00,J5,125,176,301
2019-08-03T23:30:00+09:00,J1,295,358,653
2019-08-03T23:30:00+09:00,J2,225,224,449
2019-08-03T23:30:00+09:00,J3,353,365,718
2019-08-03T23:30:00+09:00,J4,362,358,720
2019-08-03T23:30:00+09:00,J5,147,152,299
2019-08-03T23:45:00+09:00,J1,229,262,491
2019-08-03T23:45:00+09:00,J2,240,218,458
2019-08-03T23:45:00+09:00,J3,321,335,656
2019-08-03T23:45:00+09:00,J4,377,365,742
2019-08-03T23:45:00+09:00,J5,118,154,272
2019-08-04T00:00:00+09:00,J1,249,208,457
2019-08-04T00:00:00+09:00,J2,196,142,338
2019-08-04T00:00:00+09:00,J3,294,329,623
2019-08-04T00:00:00+09:00,J4,396,357,753
2019-08-04T00:00:00+09:00,J5,119,152,271
2019-08-04T00:15:00+09:00,J1,229,152,381
2019-08-04T00:15:00+09:00,J2,190,141,331
2019-08-04T00:15:00+09:00,J3,360,295,655
2019-08-04T00:15:00+09:00,J4,490,381,871
2019-08-04T00:15:00+09:00,J5,118,178,296
2019-08-04T00:30:00+09:00,J1,225,164,389
2019-08-04T00:30:00+09:00,J2,166,148,314
2019-08-04T00:30:00+09:00,J3,457,371,828
2019-08-04T00:30:00+09:00,J4,540,559,1099
2019-08-04T00:30:00+09:00,J5,128,194,322
2019-08-04T00:45:00+09:00,J1,180,124,304
2019-08-04T00:45:00+09:00,J2,151,128,279
2019-08-04T00:45:00+09:00,J3,354,320,674
2019-08-04T00:45:00+09:00,J4,543,563,1106
2019-08-04T00:45:00+09:00,J5,124,167,291
2019-08-04T05:45:00+09:00,J1,189,166,355
2019-08-04T05:45:00+09:00,J2,78,153,231
2019-08-04T05:45:00+09:00,J3,358,329,687
2019-08-04T05:45:00+09:00,J4,320,320,640
2019-08-04T05:45:00+09:00,J5,317,238,555
2019-08-04T06:00:00+09:00,J1,180,185,365
2019-08-04T06:00:00+09:00,J2,90,140,230
2019-08-04T06:00:00+09:00,J3,352,254,606
2019-08-04T06:00:00+09:00,J4,483,483,966
2019-08-04T06:00:00+09:00,J5,335,286,621
2019-08-04T06:15:00+09:00,J1,179,151,330
2019-08-04T06:15:00+09:00,J2,128,173,301
2019-08-04T06:15:00+09:00,J3,343,259,602
2019-08-04T06:15:00+09:00,J4,451,463,914
2019-08-04T06:15:00+09:00,J5,270,211,481
2019-08-04T06:30:00+09:00,J1,222,213,435
2019-08-04T06:30:00+09:00,J2,155,181,336
2019-08-04T06:30:00+09:00,J3,332,277,609
2019-08-04T06:30:00+09:00,J4,320,348,668
2019-08-04T06:30:00+09:00,J5,246,196,442
2019-08-04T06:45:00+09:00,J1,236,252,488
2019-08-04T06:45:00+09:00,J2,131,195,326
2019-08-04T06:45:00+09:00,J3,396,292,688
2019-08-04T06:45:00+09:00,J4,392,393,785
2019-08-04T06:45:00+09:00,J5,224,145,369
2019-08-04T07:00:00+09:00,J1,273,278,551
2019-08-04T07:00:00+09:00,J2,131,174,305
2019-08-04T07:00:00+09:00,J3,465,323,788
2019-08-04T07:00:00+09:00,J4,410,398,808
2019-08-04T07:00:00+09:00,J5,182,136,318
2019-08-04T07:15:00+09:00,J1,242,264,506
2019-08-04T07:15:00+09:00,J2,150,156,306
2019-08-04T07:15:00+09:00,J3,457,361,818
2019-08-04T07:15:00+09:00,J4,460,456,916
2019-08-04T07:15:00+09:00,J5,196,152,348
2019-08-04T07:30:00+09:00,J1,236,243,479
2019-08-04T07:30:00+09:00,J2,174,167,341
2019-08-04T07:30:00+09:00,J3,429,409,838
2019-08-04T07:30:00+09:00,J4,539,551,1090
2019-08-04T07:30:00+09:00,J5,207,145,352
2019-08-04T07:45:00+09:00,J1,255,253,508
2019-08-04T07:45:00+09:00,J2,177,205,382
2019-08-04T07:45:00+09:00,J3,462,372,834
2019-08-04T07:45:00+09:00,J4,553,579,1132
2019-08-04T07:45:00+09:00,J5,184,149,333
2019-08-04T08:00:00+09:00,J1,374,367,741
2019-08-04T08:00:00+09:00,J2,168,214,382
2019-08-04T08:00:00+09:00,J3,472,376,848
2019-08-04T08:00:00+09:00,J4,551,595,1146
2019-08-04T08:00:00+09:00,J5,213,180,393
2019-08-04T08:15:00+09:00,J1,459,401,860
2019-08-04T08:15:00+09:00,J2,216,225,441
2019-08-04T08:15:00+09:00,J3,423,384,807
2019-08-04T08:15:00+09:00,J4,544,542,1086
2019-08-04T08:15:00+09:00,J5,241,198,439
2019-08-04T08:30:00+09:00,J1,448,358,806
2019-08-04T08:30:00+09:00,J2,222,212,434
2019-08-04T08:30:00+09:00,J3,434,451,885
2019-08-04T08:30:00+09:00,J4,499,593,1092
2019-08-04T08:30:00+09:00,J5,195,211,406
2019-08-04T08:45:00+09:00,J1,388,361,749
2019-08-04T08:45:00+09:00,J2,232,208,440
2019-08-04T08:45:00+09:00,J3,421,402,823
2019-08-04T08:45:00+09:00,J4,491,438,929
2019-08-04T08:45:00+09:00,J5,195,203,398
2019-08-04T09:00:00+09:00,J1,378,317,695
2019-08-04T09:00:00+09:00,J2,277,212,489
2019-08-04T09:00:00+09:00,J3,426,442,868
2019-08-04T09:00:00+09:00,J4,495,524,1019
2019-08-04T09:00:00+09:00,J5,162,175,337
2019-08-04T09:15:00+09:00,J1,507,388,895
2019-08-04T09:15:00+09:00,J2,230,223,453
2019-08-04T09:15:00+09:00,J3,564,437,1001
2019-08-04T09:15:00+09:00,J4,551,580,1131
2019-08-04T09:15:00+09:00,J5,304,223,527
2019-08-04T09:30:00+09:00,J1,536,360,896
2019-08-04T09:30:00+09:00,J2,266,220,486
2019-08-04T09:30:00+09:00,J3,570,421,991
2019-08-04T09:30:00+09:00,J4,591,632,1223
2019-08-04T09:30:00+09:00,J5,253,175,428
2019-08-04T09:45:00+09:00,J1,494,427,921
2019-08-04T09:45:00+09:00,J2,217,186,403
2019-08-04T09:45:00+09:00,J3,568,474,1042
2019-08-04T09:45:00+09:00,J4,565,582,1147
2019-08-04T09:45:00+09:00,J5,267,243,510
2019-08-04T10:00:00+09:00,J1,529,444,973
2019-08-04T10:00:00+09:00,J2,213,226,439
2019-08-04T10:00:00+09:00,J3,555,411,966
2019-08-04T10:00:00+09:00,J4,569,653,1222
2019-08-04T10:00:00+09:00,J5,262,213,475
2019-08-04T10:15:00+09:00,J1,625,615,1240
2019-08-04T10:15:00+09:00,J2,223,231,454
2019-08-04T10:15:00+09:00,J3,667,449,1116
2019-08-04T10:15:00+09:00,J4,554,630,1184
2019-08-04T10:15:00+09:00,J5,401,284,685
2019-08-04T10:30:00+09:00,J1,620,664,1284
2019-08-04T10:30:00+09:00,J2,292,211,503
2019-08-04T10:30:00+09:00,J3,700,501,1201
2019-08-04T10:30:00+09:00,J4,553,605,1158
2019-08-04T10:30:00+09:00,J5,266,234,500
2019-08-04T10:45:00+09:00,J1,591,595,1186
2019-08-04T10:45:00+09:00,J2,251,230,481
2019-08-04T10:45:00+09:00,J3,630,480,1110
2019-08-04T10:45:00+09:00,J4,540,603,1143
2019-08-04T10:45:00+09:00,J5,275,236,511
2019-08-04T11:00:00+09:00,J1,633,552,1185
2019-08-04T11:00:00+09:00,J2,287,217,504
2019-08-04T11:00:00+09:00,J3,607,449,1056
2019-08-04T11:00:00+09:00,J4,579,631,1210
2019-08-04T11:00:00+09:00,J5,225,161,386
2019-08-04T11:15:00+09:00,J1,565,536,1101
2019-08-04T11:15:00+09:00,J2,287,237,524
2019-08-04T11:15:00+09:00,J3,656,507,1163
2019-08-04T11:15:00+09:00,J4,523,476,999
2019-08-04T11:15:00+09:00,J5,229,204,433
2019-08-04T11:30:00+09:00,J1,697,559,1256
2019-08-04T11:30:00+09:00,J2,284,267,551
2019-08-04T11:30:00+09:00,J3,688,487,1175
2019-08-04T11:30:00+09:00,J4,502,461,963
2019-08-04T11:30:00+09:00,J5,236,186,422
2019-08-04T11:45:00+09:00,J1,601,603,1204
2019-08-04T11:45:00+09:00,J2,316,267,583
2019-08-04T11:45:00+09:00,J3,641,402,1043
2019-08-04T11:45:00+09:00,J4,488,496,984
2019-08-04T11:45:00+09:00,J5,208,179,387
2019-08-04T12:00:00+09:00,J1,556,527,1083
2019-08-04T12:00:00+09:00,J2,283,266,549
2019-08-04T12:00:00+09:00,J3,653,443,1096
2019-08-04T12:00:00+09:00,J4,413,428,841
2019-08-04T12:00:00+09:00,J5,203,224,427
2019-08-04T12:15:00+09:00,J1,600,600,1200
2019-08-04T12:15:00+09:00,J2,315,255,570
2019-08-04T12:15:00+09:00,J3,705,470,1175
2019-08-04T12:15:00+09:00,J4,510,442,952
2019-08-04T12:15:00+09:00,J5,205,193,398
2019-08-04T12:30:00+09:00,J1,606,581,1187
2019-08-04T12:30:00+09:00,J2,407,266,673
2019-08-04T12:30:00+09:00,J3,669,502,1171
2019-08-04T12:30:00+09:00,J4,430,471,901
2019-08-04T12:30:00+09:00,J5,213,250,463
2019-08-04T12:45:00+09:00,J1,567,599,1166
2019-08-04T12:45:00+09:00,J2,409,313,722
2019-08-04T12:45:00+09:00,J3,572,447,1019
2019-08-04T12:45:00+09:00,J4,472,529,1001
2019-08-04T12:45:00+09:00,J5,181,212,393
2019-08-04T13:00:00+09:00,J1,654,782,1436
2019-08-04T13:00:00+09:00,J2,484,390,874
2019-08-04T13:00:00+09:00,J3,595,487,1082
2019-08-04T13:00:00+09:00,J4,503,505,1008
2019-08-04T13:00:00+09:00,J5,236,265,501
2019-08-04T13:15:00+09:00,J1,656,762,1418
2019-08-04T13:15:00+09:00,J2,503,365,868
2019-08-04T13:15:00+09:00,J3,559,450,1009
2019-08-04T13:15:00+09:00,J4,554,415,969
2019-08-04T13:15:00+09:00,J5,185,277,462
2019-08-04T13:30:00+09:00,J1,631,658,1289
2019-08-04T13:30:00+09:00,J2,425,376,801
2019-08-04T13:30:00+09:00,J3,486,463,949
2019-08-04T13:30:00+09:00,J4,430,426,856
2019-08-04T13:30:00+09:00,J5,208,256,464
2019-08-04T13:45:00+09:00,J1,670,798,1468
2019-08-04T13:45:00+09:00,J2,395,320,715
2019-08-04T13:45:00+09:00,J3,483,571,1054
2019-08-04T13:45:00+09:00,J4,450,434,884
2019-08-04T13:45:00+09:00,J5,138,209,347
2019-08-04T14:00:00+09:00,J1,693,739,1432
2019-08-04T14:00:00+09:00,J2,415,379,794
2019-08-04T14:00:00+09:00,J3,647,714,1361
2019-08-04T14:00:00+09:00,J4,468,454,922
2019-08-04T14:00:00+09:00,J5,180,221,401
2019-08-04T14:15:00+09:00,J1,692,721,1413
2019-08-04T14:15:00+09:00,J2,388,330,718
2019-08-04T14:15:00+09:00,J3,636,711,1347
2019-08-04T14:15:00+09:00,J4,493,480,973
2019-08-04T14:15:00+09:00,J5,188,229,417
2019-08-04T14:30:00+09:00,J1,756,790,1546
2019-08-04T14:30:00+09:00,J2,438,375,813
2019-08-04T14:30:00+09:00,J3,673,755,1428
2019-08-04T14:30:00+09:00,J4,450,446,896
2019-08-04T14:30:00+09:00,J5,190,215,405
2019-08-04T14:45:00+09:00,J1,674,856,1530
2019-08-04T14:45:00+09:00,J2,480,329,809
2019-08-04T14:45:00+09:00,J3,664,682,1346
2019-08-04T14:45:00+09:00,J4,437,418,855
2019-08-04T14:45:00+09:00,J5,199,244,443
2019-08-04T15:00:00+09:00,J1,680,806,1486
2019-08-04T15:00:00+09:00,J2,385,274,659
2019-08-04T15:00:00+09:00,J3,644,622,1266
2019-08-04T15:00:00+09:00,J4,418,435,853
2019-08-04T15:00:00+09:00,J5,197,243,440
2019-08-04T15:15:00+09:00,J1,681,832,1513
2019-08-04T15:15:00+09:00,J2,411,346,757
2019-08-04T15:15:00+09:00,J3,698,688,1386
2019-08-04T15:15:00+09:00,J4,470,482,952
2019-08-04T15:15:00+09:00,J5,177,233,410
2019-08-04T15:30:00+09:00,J1,656,780,1436
2019-08-04T15:30:00+09:00,J2,476,316,792
2019-08-04T15:30:00+09:00,J3,707,691,1398
2019-08-04T15:30:00+09:00,J4,474,461,935
2019-08-04T15:30:00+09:00,J5,183,232,415
2019-08-04T15:45:00+09:00,J1,576,810,1386
2019-08-04T15:45:00+09:00,J2,478,367,845
2019-08-04T15:45:00+09:00,J3,726,713,1439
2019-08-04T15:45:00+09:00,J4,444,480,924
2019-08-04T15:45:00+09:00,J5,201,263,464
2019-08-04T16:00:00+09:00,J1,651,870,1521
2019-08-04T16:00:00+09:00,J2,468,344,812
2019-08-04T16:00:00+09:00,J3,684,760,1444
2019-08-04T16:00:00+09:00,J4,445,423,868
2019-08-04T16:00:00+09:00,J5,171,257,428
2019-08-04T16:15:00+09:00,J1,624,909,1533
2019-08-04T16:15:00+09:00,J2,446,311,757
2019-08-04T16:15:00+09:00,J3,662,718,1380
2019-08-04T16:15:00+09:00,J4,463,435,898
2019-08-04T16:15:00+09:00,J5,176,247,423
2019-08-04T16:30:00+09:00,J1,603,813,1416
2019-08-04T16:30:00+09:00,J2,323,272,595
2019-08-04T16:30:00+09:00,J3,604,571,1175
2019-08-04T16:30:00+09:00,J4,478,422,900
2019-08-04T16:30:00+09:00,J5,190,202,392
2019-08-04T16:45:00+09:00,J1,656,793,1449
2019-08-04T16:45:00+09:00,J2,355,269,624
2019-08-04T16:45:00+09:00,J3,570,609,1179
2019-08-04T16:45:00+09:00,J4,397,412,809
2019-08-04T16:45:00+09:00,J5,144,247,391
2019-08-04T17:00:00+09:00,J1,645,683,1328
2019-08-04T17:00:00+09:00,J2,378,276,654
2019-08-04T17:00:00+09:00,J3,622,663,1285
2019-08-04T17:00:00+09:00,J4,509,442,951
2019-08-04T17:00:00+09:00,J5,188,229,417
2019-08-04T17:15:00+09:00,J1,688,700,1388
2019-08-04T17:15:00+09:00,J2,535,351,886
2019-08-04T17:15:00+09:00,J3,668,567,1235
2019-08-04T17:15:00+09:00,J4,505,440,945
2019-08-04T17:15:00+09:00,J5,187,263,450
2019-08-04T17:30:00+09:00,J1,674,717,1391
2019-08-04T17:30:00+09:00,J2,503,355,858
2019-08-04T17:30:00+09:00,J3,613,557,1170
2019-08-04T17:30:00+09:00,J4,403,414,817
2019-08-04T17:30:00+09:00,J5,187,202,389
2019-08-04T17:45:00+09:00,J1,670,703,1373
2019-08-04T17:45:00+09:00,J2,472,313,785
2019-08-04T17:45:00+09:00,J3,741,592,1333
2019-08-04T17:45:00+09:00,J4,463,450,913
2019-08-04T17:45:00+09:00,J5,203,213,416
2019-08-04T18:00:00+09:00,J1,674,769,1443
2019-08-04T18:00:00+09:00,J2,462,300,762
2019-08-04T18:00:00+09:00,J3,762,556,1318
2019-08-04T18:00:00+09:00,J4,426,418,844
2019-08-04T18:00:00+09:00,J5,220,230,450
2019-08-04T18:15:00+09:00,J1,599,603,1202
2019-08-04T18:15:00+09:00,J2,418,320,738
2019-08-04T18:15:00+09:00,J3,670,543,1213
2019-08-04T18:15:00+09:00,J4,437,412,849
2019-08-04T18:15:00+09:00,J5,231,247,478
2019-08-04T18:30:00+09:00,J1,556,571,1127
2019-08-04T18:30:00+09:00,J2,318,308,626
2019-08-04T18:30:00+09:00,J3,610,466,1076
2019-08-04T18:30:00+09:00,J4,374,396,770
2019-08-04T18:30:00+09:00,J5,181,229,410
2019-08-04T18:45:00+09:00,J1,618,575,1193
2019-08-04T18:45:00+09:00,J2,288,271,559
2019-08-04T18:45:00+09:00,J3,774,657,1431
2019-08-04T18:45:00+09:00,J4,429,364,793
2019-08-04T18:45:00+09:00,J5,174,193,367
2019-08-04T19:00:00+09:00,J1,512,469,981
2019-08-04T19:00:00+09:00,J2,295,239,534
2019-08-04T19:00:00+09:00,J3,650,596,1246
2019-08-04T19:00:00+09:00,J4,434,413,847
2019-08-04T19:00:00+09:00,J5,181,200,381
2019-08-04T19:15:00+09:00,J1,480,536,1016
2019-08-04T19:15:00+09:00,J2,303,252,555
2019-08-04T19:15:00+09:00,J3,673,593,1266
2019-08-04T19:15:00+09:00,J4,429,398,827
2019-08-04T19:15:00+09:00,J5,198,236,434
2019-08-04T19:30:00+09:00,J1,383,455,838
2019-08-04T19:30:00+09:00,J2,312,291,603
2019-08-04T19:30:00+09:00,J3,678,574,1252
2019-08-04T19:30:00+09:00,J4,452,411,863
2019-08-04T19:30:00+09:00,J5,138,202,340
2019-08-04T19:45:00+09:00,J1,365,386,751
2019-08-04T19:45:00+09:00,J2,384,277,661
2019-08-04T19:45:00+09:00,J3,650,556,1206
2019-08-04T19:45:00+09:00,J4,480,467,947
2019-08-04T19:45:00+09:00,J5,177,195,372
2019-08-04T20:00:00+09:00,J1,317,416,733
2019-08-04T20:00:00+09:00,J2,342,233,575
2019-08-04T20:00:00+09:00,J3,688,589,1277
2019-08-04T20:00:00+09:00,J4,466,446,912
2019-08-04T20:00:00+09:00,J5,178,226,404
2019-08-04T20:15:00+09:00,J1,307,377,684
2019-08-04T20:15:00+09:00,J2,347,237,584
2019-08-04T20:15:00+09:00,J3,665,589,1254
2019-08-04T20:15:00+09:00,J4,430,475,905
2019-08-04T20:15:00+09:00,J5,167,208,375
2019-08-04T20:30:00+09:00,J1,342,359,701
2019-08-04T20:30:00+09:00,J2,320,246,566
2019-08-04T20:30:00+09:00,J3,617,486,1103
2019-08-04T20:30:00+09:00,J4,484,428,912
2019-08-04T20:30:00+09:00,J5,169,184,353
2019-08-04T20:45:00+09:00,J1,293,318,611
2019-08-04T20:45:00+09:00,J2,306,215,521
2019-08-04T20:45:00+09:00,J3,597,451,1048
2019-08-04T20:45:00+09:00,J4,485,420,905
2019-08-04T20:45:00+09:00,J5,159,211,370
2019-08-04T21:00:00+09:00,J1,258,333,591
2019-08-04T21:00:00+09:00,J2,289,209,498
2019-08-04T21:00:00+09:00,J3,440,344,784
2019-08-04T21:00:00+09:00,J4,475,384,859
2019-08-04T21:00:00+09:00,J5,164,185,349
2019-08-04T21:15:00+09:00,J1,311,351,662
2019-08-04T21:15:00+09:00,J2,307,243,550
2019-08-04T21:15:00+09:00,J3,442,381,823
2019-08-04T21:15:00+09:00,J4,434,404,838
2019-08-04T21:15:00+09:00,J5,151,170,321
2019-08-04T21:30:00+09:00,J1,255,310,565
2019-08-04T21:30:00+09:00,J2,269,239,508
2019-08-04T21:30:00+09:00,J3,429,369,798
2019-08-04T21:30:00+09:00,J4,493,398,891
2019-08-04T21:30:00+09:00,J5,155,155,310
2019-08-04T21:45:00+09:00,J1,231,268,499
2019-08-04T21:45:00+09:00,J2,279,250,529
2019-08-04T21:45:00+09:00,J3,461,361,822
2019-08-04T21:45:00+09:00,J4,516,493,1009
2019-08-04T21:45:00+09:00,J5,190,148,338
2019-08-04T22:00:00+09:00,J1,222,258,480
2019-08-04T22:00:00+09:00,J2,261,227,488
2019-08-04T22:00:00+09:00,J3,424,329,753
2019-08-04T22:00:00+09:00,J4,479,445,924
2019-08-04T22:00:00+09:00,J5,157,147,304
2019-08-04T22:15:00+09:00,J1,215,250,465
2019-08-04T22:15:00+09:00,J2,245,234,479
2019-08-04T22:15:00+09:00,J3,428,320,748
2019-08-04T22:15:00+09:00,J4,509,461,970
2019-08-04T22:15:00+09:00,J5,162,150,312
2019-08-04T22:30:00+09:00,J1,239,252,491
2019-08-04T22:30:00+09:00,J2,231,226,457
2019-08-04T22:30:00+09:00,J3,362,337,699
2019-08-04T22:30:00+09:00,J4,506,525,1031
2019-08-04T22:30:00+09:00,J5,179,154,333
2019-08-04T22:45:00+09:00,J1,198,234,432
2019-08-04T22:45:00+09:00,J2,198,205,403
2019-08-04T22:45:00+09:00,J3,384,301,685
2019-08-04T22:45:00+09:00,J4,537,496,1033
2019-08-04T22:45:00+09:00,J5,150,170,320
2019-08-04T23:00:00+09:00,J1,244,242,486
2019-08-04T23:00:00+09:00,J2,147,190,337
2019-08-04T23:00:00+09:00,J3,373,300,673
2019-08-04T23:00:00+09:00,J4,532,493,1025
2019-08-04T23:00:00+09:00,J5,139,173,312
2019-08-04T23:15:00+09:00,J1,231,260,491
2019-08-04T23:15:00+09:00,J2,202,210,412
2019-08-04T23:15:00+09:00,J3,348,323,671
2019-08-04T23:15:00+09:00,J4,504,463,967
2019-08-04T23:15:00+09:00,J5,135,168,303
2019-08-04T23:30:00+09:00,J1,273,276,549
2019-08-04T23:30:00+09:00,J2,227,231,458
2019-08-04T23:30:00+09:00,J3,364,278,642
2019-08-04T23:30:00+09:00,J4,455,437,892
2019-08-04T23:30:00+09:00,J5,134,144,278
2019-08-04T23:45:00+09:00,J1,237,243,480
2019-08-04T23:45:00+09:00,J2,148,158,306
2019-08-04T23:45:00+09:00,J3,338,273,611
2019-08-04T23:45:00+09:00,J4,460,389,849
2019-08-04T23:45:00+09:00,J5,142,150,292
2019-08-05T00:00:00+09:00,J1,163,165,328
2019-08-05T00:00:00+09:00,J2,205,182,387
2019-08-05T00:00:00+09:00,J3,332,247,579
2019-08-05T00:00:00+09:00,J4,493,489,982
2019-08-05T00:00:00+09:00,J5,125,172,297
2019-08-05T00:15:00+09:00,J1,182,172,354
2019-08-05T00:15:00+09:00,J2,193,191,384
2019-08-05T00:15:00+09:00,J3,259,214,473
2019-08-05T00:15:00+09:00,J4,563,534,1097
2019-08-05T00:15:00+09:00,J5,117,103,220
2019-08-05T00:30:00+09:00,J1,126,159,285
2019-08-05T00:30:00+09:00,J2,173,164,337
2019-08-05T00:30:00+09:00,J3,259,216,475
2019-08-05T00:30:00+09:00,J4,499,585,1084
2019-08-05T00:30:00+09:00,J5,89,78,167
2019-08-05T00:45:00+09:00,J1,156,158,314
2019-08-05T00:45:00+09:00,J2,162,179,341
2019-08-05T00:45:00+09:00,J3,256,279,535
2019-08-05T00:45:00+09:00,J4,612,570,1182
2019-08-05T00:45:00+09:00,J5,110,82,192
2019-08-05T05:45:00+09:00,J1,235,222,457
2019-08-05T05:45:00+09:00,J2,139,149,288
2019-08-05T05:45:00+09:00,J3,241,171,412
2019-08-05T05:45:00+09:00,J4,324,313,637
2019-08-05T05:45:00+09:00,J5,297,377,674
2019-08-05T06:00:00+09:00,J1,303,277,580
2019-08-05T06:00:00+09:00,J2,119,171,290
2019-08-05T06:00:00+09:00,J3,271,199,470
2019-08-05T06:00:00+09:00,J4,366,309,675
2019-08-05T06:00:00+09:00,J5,376,314,690
2019-08-05T06:15:00+09:00,J1,288,254,542
2019-08-05T06:15:00+09:00,J2,109,146,255
2019-08-05T06:15:00+09:00,J3,346,249,595
2019-08-05T06:15:00+09:00,J4,344,385,729
2019-08-05T06:15:00+09:00,J5,345,318,663
2019-08-05T06:30:00+09:00,J1,259,234,493
2019-08-05T06:30:00+09:00,J2,132,123,255
2019-08-05T06:30:00+09:00,J3,303,225,528
2019-08-05T06:30:00+09:00,J4,338,327,665
2019-08-05T06:30:00+09:00,J5,347,250,597
2019-08-05T06:45:00+09:00,J1,315,268,583
2019-08-05T06:45:00+09:00,J2,160,170,330
2019-08-05T06:45:00+09:00,J3,366,276,642
2019-08-05T06:45:00+09:00,J4,459,453,912
2019-08-05T06:45:00+09:00,J5,276,188,464
2019-08-05T07:00:00+09:00,J1,326,290,616
2019-08-05T07:00:00+09:00,J2,155,156,311
2019-08-05T07:00:00+09:00,J3,445,350,795
2019-08-05T07:00:00+09:00,J4,464,571,1035
2019-08-05T07:00:00+09:00,J5,297,205,502
2019-08-05T07:15:00+09:00,J1,403,282,685
2019-08-05T07:15:00+09:00,J2,224,189,413
2019-08-05T07:15:00+09:00,J3,453,375,828
2019-08-05T07:15:00+09:00,J4,520,706,1226
2019-08-05T07:15:00+09:00,J5,248,171,419
2019-08-05T07:30:00+09:00,J1,435,330,765
2019-08-05T07:30:00+09:00,J2,254,222,476
2019-08-05T07:30:00+09:00,J3,570,483,1053
2019-08-05T07:30:00+09:00,J4,624,772,1396
2019-08-05T07:30:00+09:00,J5,320,214,534
2019-08-05T07:45:00+09:00,J1,610,365,975
2019-08-05T07:45:00+09:00,J2,282,242,524
2019-08-05T07:45:00+09:00,J3,622,620,1242
2019-08-05T07:45:00+09:00,J4,562,693,1255
2019-08-05T07:45:00+09:00,J5,251,216,467
2019-08-05T08:00:00+09:00,J1,871,502,1373
2019-08-05T08:00:00+09:00,J2,388,269,657
2019-08-05T08:00:00+09:00,J3,655,756,1411
2019-08-05T08:00:00+09:00,J4,474,804,1278
2019-08-05T08:00:00+09:00,J5,236,266,502
2019-08-05T08:15:00+09:00,J1,1048,528,1576
2019-08-05T08:15:00+09:00,J2,494,340,834
2019-08-05T08:15:00+09:00,J3,624,859,1483
2019-08-05T08:15:00+09:00,J4,389,946,1335
2019-08-05T08:15:00+09:00,J5,323,365,688
2019-08-05T08:30:00+09:00,J1,1036,574,1610
2019-08-05T08:30:00+09:00,J2,488,347,835
2019-08-05T08:30:00+09:00,J3,630,915,1545
2019-08-05T08:30:00+09:00,J4,452,948,1400
2019-08-05T08:30:00+09:00,J5,294,347,641
2019-08-05T08:45:00+09:00,J1,746,476,1222
2019-08-05T08:45:00+09:00,J2,400,269,669
2019-08-05T08:45:00+09:00,J3,657,801,1458
2019-08-05T08:45:00+09:00,J4,331,666,997
2019-08-05T08:45:00+09:00,J5,258,222,480
2019-08-05T09:00:00+09:00,J1,601,463,1064
2019-08-05T09:00:00+09:00,J2,352,229,581
2019-08-05T09:00:00+09:00,J3,634,677,1311
2019-08-05T09:00:00+09:00,J4,397,563,960
2019-08-05T09:00:00+09:00,J5,196,272,468
2019-08-05T09:15:00+09:00,J1,546,430,976
2019-08-05T09:15:00+09:00,J2,327,241,568
2019-08-05T09:15:00+09:00,J3,541,591,1132
2019-08-05T09:15:00+09:00,J4,488,591,1079
2019-08-05T09:15:00+09:00,J5,197,286,483
2019-08-05T09:30:00+09:00,J1,554,464,1018
2019-08-05T09:30:00+09:00,J2,314,271,585
2019-08-05T09:30:00+09:00,J3,567,559,1126
2019-08-05T09:30:00+09:00,J4,401,544,945
2019-08-05T09:30:00+09:00,J5,252,278,530
2019-08-05T09:45:00+09:00,J1,629,457,1086
2019-08-05T09:45:00+09:00,J2,259,257,516
2019-08-05T09:45:00+09:00,J3,502,545,1047
2019-08-05T09:45:00+09:00,J4,377,484,861
2019-08-05T09:45:00+09:00,J5,241,258,499
2019-08-05T10:00:00+09:00,J1,615,616,1231
2019-08-05T10:00:00+09:00,J2,223,207,430
2019-08-05T10:00:00+09:00,J3,479,468,947
2019-08-05T10:00:00+09:00,J4,355,409,764
2019-08-05T10:00:00+09:00,J5,195,262,457
2019-08-05T10:15:00+09:00,J1,511,450,961
2019-08-05T10:15:00+09:00,J2,243,238,481
2019-08-05T10:15:00+09:00,J3,464,547,1011
2019-08-05T10:15:00+09:00,J4,355,443,798
2019-08-05T10:15:00+09:00,J5,199,282,481
2019-08-05T10:30:00+09:00,J1,505,447,952
2019-08-05T10:30:00+09:00,J2,250,260,510
2019-08-05T10:30:00+09:00,J3,528,515,1043
2019-08-05T10:30:00+09:00,J4,359,420,779
2019-08-05T10:30:00+09:00,J5,244,310,554
2019-08-05T10:45:00+09:00,J1,590,458,1048
2019-08-05T10:45:00+09:00,J2,265,244,509
2019-08-05T10:45:00+09:00,J3,521,551,1072
2019-08-05T10:45:00+09:00,J4,351,460,811
2019-08-05T10:45:00+09:00,J5,230,267,497
2019-08-05T11:00:00+09:00,J1,594,508,1102
2019-08-05T11:00:00+09:00,J2,260,257,517
2019-08-05T11:00:00+09:00,J3,533,562,1095
2019-08-05T11:00:00+09:00,J4,345,458,803
2019-08-05T11:00:00+09:00,J5,236,273,509
2019-08-05T11:15:00+09:00,J1,606,572,1178
2019-08-05T11:15:00+09:00,J2,339,290,629
2019-08-05T11:15:00+09:00,J3,574,604,1178
2019-08-05T11:15:00+09:00,J4,422,407,829
2019-08-05T11:15:00+09:00,J5,186,269,455
2019-08-05T11:30:00+09:00,J1,650,616,1266
2019-08-05T11:30:00+09:00,J2,336,272,608
2019-08-05T11:30:00+09:00,J3,603,597,1200
2019-08-05T11:30:00+09:00,J4,581,481,1062
2019-08-05T11:30:00+09:00,J5,211,251,462
2019-08-05T11:45:00+09:00,J1,614,589,1203
2019-08-05T11:45:00+09:00,J2,486,335,821
2019-08-05T11:45:00+09:00,J3,601,587,1188
2019-08-05T11:45:00+09:00,J4,572,560,1132
2019-08-05T11:45:00+09:00,J5,201,264,465
2019-08-05T12:00:00+09:00,J1,633,620,1253
2019-08-05T12:00:00+09:00,J2,405,308,713
2019-08-05T12:00:00+09:00,J3,649,615,1264
2019-08-05T12:00:00+09:00,J4,661,636,1297
2019-08-05T12:00:00+09:00,J5,248,278,526
2019-08-05T12:15:00+09:00,J1,715,692,1407
2019-08-05T12:15:00+09:00,J2,402,316,718
2019-08-05T12:15:00+09:00,J3,565,548,1113
2019-08-05T12:15:00+09:00,J4,589,548,1137
2019-08-05T12:15:00+09:00,J5,199,259,458
2019-08-05T12:30:00+09:00,J1,830,766,1596
2019-08-05T12:30:00+09:00,J2,380,384,764
2019-08-05T12:30:00+09:00,J3,523,622,1145
2019-08-05T12:30:00+09:00,J4,506,522,1028
2019-08-05T12:30:00+09:00,J5,270,315,585
2019-08-05T12:45:00+09:00,J1,735,768,1503
2019-08-05T12:45:00+09:00,J2,415,315,730
2019-08-05T12:45:00+09:00,J3,645,710,1355
2019-08-05T12:45:00+09:00,J4,553,546,1099
2019-08-05T12:45:00+09:00,J5,237,316,553
2019-08-05T13:00:00+09:00,J1,762,774,1536
2019-08-05T13:00:00+09:00,J2,386,301,687
2019-08-05T13:00:00+09:00,J3,601,641,1242
2019-08-05T13:00:00+09:00,J4,442,477,919
2019-08-05T13:00:00+09:00,J5,242,281,523
2019-08-05T13:15:00+09:00,J1,722,756,1478
2019-08-05T13:15:00+09:00,J2,359,269,628
2019-08-05T13:15:00+09:00,J3,597,716,1313
2019-08-05T13:15:00+09:00,J4,469,485,954
2019-08-05T13:15:00+09:00,J5,238,367,605
2019-08-05T13:30:00+09:00,J1,674,668,1342
2019-08-05T13:30:00+09:00,J2,436,371,807
2019-08-05T13:30:00+09:00,J3,610,695,1305
2019-08-05T13:30:00+09:00,J4,393,413,806
2019-08-05T13:30:00+09:00,J5,231,305,536
2019-08-05T13:45:00+09:00,J1,774,784,1558
2019-08-05T13:45:00+09:00,J2,431,325,756
2019-08-05T13:45:00+09:00,J3,641,651,1292
2019-08-05T13:45:00+09:00,J4,474,403,877
2019-08-05T13:45:00+09:00,J5,261,320,581
2019-08-05T14:00:00+09:00,J1,555,617,1172
2019-08-05T14:00:00+09:00,J2,426,286,712
2019-08-05T14:00:00+09:00,J3,668,681,1349
2019-08-05T14:00:00+09:00,J4,496,473,969
2019-08-05T14:00:00+09:00,J5,212,267,479
2019-08-05T14:15:00+09:00,J1,707,779,1486
2019-08-05T14:15:00+09:00,J2,475,295,770
2019-08-05T14:15:00+09:00,J3,641,731,1372
2019-08-05T14:15:00+09:00,J4,422,425,847
2019-08-05T14:15:00+09:00,J5,253,300,553
2019-08-05T14:30:00+09:00,J1,669,790,1459
2019-08-05T14:30:00+09:00,J2,441,304,745
2019-08-05T14:30:00+09:00,J3,588,706,1294
2019-08-05T14:30:00+09:00,J4,483,421,904
2019-08-05T14:30:00+09:00,J5,268,321,589
2019-08-05T14:45:00+09:00,J1,579,600,1179
2019-08-05T14:45:00+09:00,J2,396,297,693
2019-08-05T14:45:00+09:00,J3,580,659,1239
2019-08-05T14:45:00+09:00,J4,394,498,892
2019-08-05T14:45:00+09:00,J5,260,266,526
2019-08-05T15:00:00+09:00,J1,596,649,1245
2019-08-05T15:00:00+09:00,J2,397,352,749
2019-08-05T15:00:00+09:00,J3,641,658,1299
2019-08-05T15:00:00+09:00,J4,434,422,856
2019-08-05T15:00:00+09:00,J5,242,285,527
2019-08-05T15:15:00+09:00,J1,578,640,1218
2019-08-05T15:15:00+09:00,J2,484,310,794
2019-08-05T15:15:00+09:00,J3,638,690,1328
2019-08-05T15:15:00+09:00,J4,412,436,848
2019-08-05T15:15:00+09:00,J5,235,275,510
2019-08-05T15:30:00+09:00,J1,644,803,1447
2019-08-05T15:30:00+09:00,J2,470,343,813
2019-08-05T15:30:00+09:00,J3,664,748,1412
2019-08-05T15:30:00+09:00,J4,409,398,807
2019-08-05T15:30:00+09:00,J5,274,317,591
2019-08-05T15:45:00+09:00,J1,618,703,1321
2019-08-05T15:45:00+09:00,J2,317,294,611
2019-08-05T15:45:00+09:00,J3,572,671,1243
2019-08-05T15:45:00+09:00,J4,367,407,774
2019-08-05T15:45:00+09:00,J5,275,310,585
2019-08-05T16:00:00+09:00,J1,636,755,1391
2019-08-05T16:00:00+09:00,J2,283,288,571
2019-08-05T16:00:00+09:00,J3,594,690,1284
2019-08-05T16:00:00+09:00,J4,416,392,808
2019-08-05T16:00:00+09:00,J5,245,283,528
2019-08-05T16:15:00+09:00,J1,640,760,1400
2019-08-05T16:15:00+09:00,J2,303,260,563
2019-08-05T16:15:00+09:00,J3,594,714,1308
2019-08-05T16:15:00+09:00,J4,474,458,932
2019-08-05T16:15:00+09:00,J5,230,301,531
2019-08-05T16:30:00+09:00,J1,692,724,1416
2019-08-05T16:30:00+09:00,J2,300,256,556
2019-08-05T16:30:00+09:00,J3,650,635,1285
2019-08-05T16:30:00+09:00,J4,465,442,907
2019-08-05T16:30:00+09:00,J5,218,292,510
2019-08-05T16:45:00+09:00,J1,636,717,1353
2019-08-05T16:45:00+09:00,J2,321,305,626
2019-08-05T16:45:00+09:00,J3,593,684,1277
2019-08-05T16:45:00+09:00,J4,402,391,793
2019-08-05T16:45:00+09:00,J5,214,266,480
2019-08-05T17:00:00+09:00,J1,656,754,1410
2019-08-05T17:00:00+09:00,J2,352,280,632
2019-08-05T17:00:00+09:00,J3,781,764,1545
2019-08-05T17:00:00+09:00,J4,501,491,992
2019-08-05T17:00:00+09:00,J5,245,304,549
2019-08-05T17:15:00+09:00,J1,637,757,1394
2019-08-05T17:15:00+09:00,J2,383,285,668
2019-08-05T17:15:00+09:00,J3,662,614,1276
2019-08-05T17:15:00+09:00,J4,555,516,1071
2019-08-05T17:15:00+09:00,J5,255,412,667
2019-08-05T17:30:00+09:00,J1,804,843,1647
2019-08-05T17:30:00+09:00,J2,412,322,734
2019-08-05T17:30:00+09:00,J3,820,653,1473
2019-08-05T17:30:00+09:00,J4,603,534,1137
2019-08-05T17:30:00+09:00,J5,316,475,791
2019-08-05T17:45:00+09:00,J1,748,780,1528
2019-08-05T17:45:00+09:00,J2,533,319,852
2019-08-05T17:45:00+09:00,J3,716,630,1346
2019-08-05T17:45:00+09:00,J4,593,426,1019
2019-08-05T17:45:00+09:00,J5,313,486,799
2019-08-05T18:00:00+09:00,J1,742,834,1576
2019-08-05T18:00:00+09:00,J2,505,365,870
2019-08-05T18:00:00+09:00,J3,762,614,1376
2019-08-05T18:00:00+09:00,J4,563,448,1011
2019-08-05T18:00:00+09:00,J5,294,462,756
2019-08-05T18:15:00+09:00,J1,757,805,1562
2019-08-05T18:15:00+09:00,J2,498,426,924
2019-08-05T18:15:00+09:00,J3,747,594,1341
2019-08-05T18:15:00+09:00,J4,660,469,1129
2019-08-05T18:15:00+09:00,J5,359,509,868
2019-08-05T18:30:00+09:00,J1,628,724,1352
2019-08-05T18:30:00+09:00,J2,444,371,815
2019-08-05T18:30:00+09:00,J3,691,581,1272
2019-08-05T18:30:00+09:00,J4,601,502,1103
2019-08-05T18:30:00+09:00,J5,346,455,801
2019-08-05T18:45:00+09:00,J1,682,697,1379
2019-08-05T18:45:00+09:00,J2,441,303,744
2019-08-05T18:45:00+09:00,J3,605,584,1189
2019-08-05T18:45:00+09:00,J4,570,472,1042
2019-08-05T18:45:00+09:00,J5,283,396,679
2019-08-05T19:00:00+09:00,J1,574,547,1121
2019-08-05T19:00:00+09:00,J2,379,316,695
2019-08-05T19:00:00+09:00,J3,651,469,1120
2019-08-05T19:00:00+09:00,J4,473,359,832
2019-08-05T19:00:00+09:00,J5,328,433,761
2019-08-05T19:15:00+09:00,J1,502,588,1090
2019-08-05T19:15:00+09:00,J2,432,324,756
2019-08-05T19:15:00+09:00,J3,663,571,1234
2019-08-05T19:15:00+09:00,J4,532,351,883
2019-08-05T19:15:00+09:00,J5,398,464,862
2019-08-05T19:30:00+09:00,J1,464,542,1006
2019-08-05T19:30:00+09:00,J2,453,339,792
2019-08-05T19:30:00+09:00,J3,627,534,1161
2019-08-05T19:30:00+09:00,J4,415,323,738
2019-08-05T19:30:00+09:00,J5,328,400,728
2019-08-05T19:45:00+09:00,J1,445,485,930
2019-08-05T19:45:00+09:00,J2,356,269,625
2019-08-05T19:45:00+09:00,J3,631,506,1137
2019-08-05T19:45:00+09:00,J4,396,305,701
2019-08-05T19:45:00+09:00,J5,290,330,620
2019-08-05T20:00:00+09:00,J1,377,479,856
2019-08-05T20:00:00+09:00,J2,321,268,589
2019-08-05T20:00:00+09:00,J3,546,547,1093
2019-08-05T20:00:00+09:00,J4,405,314,719
2019-08-05T20:00:00+09:00,J5,310,406,716
2019-08-05T20:15:00+09:00,J1,398,506,904
2019-08-05T20:15:00+09:00,J2,326,270,596
2019-08-05T20:15:00+09:00,J3,590,519,1109
2019-08-05T20:15:00+09:00,J4,448,357,805
2019-08-05T20:15:00+09:00,J5,286,391,677
2019-08-05T20:30:00+09:00,J1,378,422,800
2019-08-05T20:30:00+09:00,J2,252,217,469
2019-08-05T20:30:00+09:00,J3,544,474,1018
2019-08-05T20:30:00+09:00,J4,332,277,609
2019-08-05T20:30:00+09:00,J5,318,377,695
2019-08-05T20:45:00+09:00,J1,384,386,770
2019-08-05T20:45:00+09:00,J2,264,206,470
2019-08-05T20:45:00+09:00,J3,494,440,934
2019-08-05T20:45:00+09:00,J4,357,335,692
2019-08-05T20:45:00+09:00,J5,243,305,548
2019-08-05T21:00:00+09:00,J1,388,462,850
2019-08-05T21:00:00+09:00,J2,280,207,487
2019-08-05T21:00:00+09:00,J3,356,330,686
2019-08-05T21:00:00+09:00,J4,399,295,694
2019-08-05T21:00:00+09:00,J5,285,321,606
2019-08-05T21:15:00+09:00,J1,347,468,815
2019-08-05T21:15:00+09:00,J2,256,206,462
2019-08-05T21:15:00+09:00,J3,374,354,728
2019-08-05T21:15:00+09:00,J4,373,324,697
2019-08-05T21:15:00+09:00,J5,249,296,545
2019-08-05T21:30:00+09:00,J1,287,356,643
2019-08-05T21:30:00+09:00,J2,252,186,438
2019-08-05T21:30:00+09:00,J3,344,339,683
2019-08-05T21:30:00+09:00,J4,363,284,647
2019-08-05T21:30:00+09:00,J5,223,230,453
2019-08-05T21:45:00+09:00,J1,318,330,648
2019-08-05T21:45:00+09:00,J2,225,186,411
2019-08-05T21:45:00+09:00,J3,302,324,626
2019-08-05T21:45:00+09:00,J4,301,308,609
2019-08-05T21:45:00+09:00,J5,208,183,391
2019-08-05T22:00:00+09:00,J1,286,315,601
2019-08-05T22:00:00+09:00,J2,222,176,398
2019-08-05T22:00:00+09:00,J3,327,325,652
2019-08-05T22:00:00+09:00,J4,272,263,535
2019-08-05T22:00:00+09:00,J5,163,190,353
2019-08-05T22:15:00+09:00,J1,245,297,542
2019-08-05T22:15:00+09:00,J2,218,159,377
2019-08-05T22:15:00+09:00,J3,317,315,632
2019-08-05T22:15:00+09:00,J4,275,302,577
2019-08-05T22:15:00+09:00,J5,172,167,339
2019-08-05T22:30:00+09:00,J1,236,274,510
2019-08-05T22:30:00+09:00,J2,224,226,450
2019-08-05T22:30:00+09:00,J3,332,280,612
2019-08-05T22:30:00+09:00,J4,266,277,543
2019-08-05T22:30:00+09:00,J5,208,206,414
2019-08-05T22:45:00+09:00,J1,220,252,472
2019-08-05T22:45:00+09:00,J2,228,233,461
2019-08-05T22:45:00+09:00,J3,323,346,669
2019-08-05T22:45:00+09:00,J4,307,264,571
2019-08-05T22:45:00+09:00,J5,209,201,410
2019-08-05T23:00:00+09:00,J1,273,299,572
2019-08-05T23:00:00+09:00,J2,203,192,395
2019-08-05T23:00:00+09:00,J3,277,317,594
2019-08-05T23:00:00+09:00,J4,288,279,567
2019-08-05T23:00:00+09:00,J5,164,198,362
2019-08-05T23:15:00+09:00,J1,241,277,518
2019-08-05T23:15:00+09:00,J2,218,204,422
2019-08-05T23:15:00+09:00,J3,332,342,674
2019-08-05T23:15:00+09:00,J4,253,266,519
2019-08-05T23:15:00+09:00,J5,183,191,374
2019-08-05T23:30:00+09:00,J1,265,278,543
2019-08-05T23:30:00+09:00,J2,278,227,505
2019-08-05T23:30:00+09:00,J3,318,288,606
2019-08-05T23:30:00+09:00,J4,283,328,611
2019-08-05T23:30:00+09:00,J5,168,153,321
2019-08-05T23:45:00+09:00,J1,260,247,507
2019-08-05T23:45:00+09:00,J2,289,217,506
2019-08-05T23:45:00+09:00,J3,282,312,594
2019-08-05T23:45:00+09:00,J4,340,272,612
2019-08-05T23:45:00+09:00,J5,180,166,346
2019-08-06T00:00:00+09:00,J1,231,243,474
2019-08-06T00:00:00+09:00,J2,232,136,368
2019-08-06T00:00:00+09:00,J3,318,344,662
2019-08-06T00:00:00+09:00,J4,299,284,583
2019-08-06T00:00:00+09:00,J5,168,183,351
2019-08-06T00:15:00+09:00,J1,139,116,255
2019-08-06T00:15:00+09:00,J2,180,173,353
2019-08-06T00:15:00+09:00,J3,295,375,670
2019-08-06T00:15:00+09:00,J4,276,268,544
2019-08-06T00:15:00+09:00,J5,157,161,318
2019-08-06T00:30:00+09:00,J1,171,153,324
2019-08-06T00:30:00+09:00,J2,240,158,398
2019-08-06T00:30:00+09:00,J3,340,369,709
2019-08-06T00:30:00+09:00,J4,260,239,499
2019-08-06T00:30:00+09:00,J5,139,155,294
2019-08-06T00:45:00+09:00,J1,157,139,296
2019-08-06T00:45:00+09:00,J2,205,193,398
2019-08-06T00:45:00+09:00,J3,275,402,677
2019-08-06T00:45:00+09:00,J4,275,310,585
2019-08-06T00:45:00+09:00,J5,116,121,237
2019-08-06T05:45:00+09:00,J1,200,208,408
2019-08-06T05:45:00+09:00,J2,161,210,371
2019-08-06T05:45:00+09:00,J3,313,224,537
2019-08-06T05:45:00+09:00,J4,486,523,1009
2019-08-06T05:45:00+09:00,J5,163,135,298
2019-08-06T06:00:00+09:00,J1,216,219,435
2019-08-06T06:00:00+09:00,J2,264,214,478
2019-08-06T06:00:00+09:00,J3,350,387,737
2019-08-06T06:00:00+09:00,J4,428,433,861
2019-08-06T06:00:00+09:00,J5,131,170,301
2019-08-06T06:15:00+09:00,J1,188,208,396
2019-08-06T06:15:00+09:00,J2,269,237,506
2019-08-06T06:15:00+09:00,J3,425,347,772
2019-08-06T06:15:00+09:00,J4,346,401,747
2019-08-06T06:15:00+09:00,J5,155,214,369
2019-08-06T06:30:00+09:00,J1,165,205,370
2019-08-06T06:30:00+09:00,J2,270,210,480
2019-08-06T06:30:00+09:00,J3,416,342,758
2019-08-06T06:30:00+09:00,J4,408,405,813
2019-08-06T06:30:00+09:00,J5,165,148,313
2019-08-06T06:45:00+09:00,J1,190,191,381
2019-08-06T06:45:00+09:00,J2,365,248,613
2019-08-06T06:45:00+09:00,J3,490,362,852
2019-08-06T06:45:00+09:00,J4,436,451,887
2019-08-06T06:45:00+09:00,J5,210,170,380
2019-08-06T07:00:00+09:00,J1,248,257,505
2019-08-06T07:00:00+09:00,J2,301,266,567
2019-08-06T07:00:00+09:00,J3,458,364,822
2019-08-06T07:00:00+09:00,J4,422,456,878
2019-08-06T07:00:00+09:00,J5,188,164,352
2019-08-06T07:15:00+09:00,J1,337,226,563
2019-08-06T07:15:00+09:00,J2,322,292,614
2019-08-06T07:15:00+09:00,J3,456,427,883
2019-08-06T07:15:00+09:00,J4,464,582,1046
2019-08-06T07:15:00+09:00,J5,232,223,455
2019-08-06T07:30:00+09:00,J1,394,272,666
2019-08-06T07:30:00+09:00,J2,412,330,742
2019-08-06T07:30:00+09:00,J3,488,529,1017
2019-08-06T07:30:00+09:00,J4,365,550,915
2019-08-06T07:30:00+09:00,J5,169,257,426
2019-08-06T07:45:00+09:00,J1,542,344,886
2019-08-06T07:45:00+09:00,J2,528,330,858
2019-08-06T07:45:00+09:00,J3,517,612,1129
2019-08-06T07:45:00+09:00,J4,346,639,985
2019-08-06T07:45:00+09:00,J5,297,264,561
2019-08-06T08:00:00+09:00,J1,778,509,1287
2019-08-06T08:00:00+09:00,J2,687,408,1095
2019-08-06T08:00:00+09:00,J3,540,652,1192
2019-08-06T08:00:00+09:00,J4,364,728,1092
2019-08-06T08:00:00+09:00,J5,259,271,530
2019-08-06T08:15:00+09:00,J1,992,513,1505
2019-08-06T08:15:00+09:00,J2,806,513,1319
2019-08-06T08:15:00+09:00,J3,768,854,1622
2019-08-06T08:15:00+09:00,J4,382,857,1239
2019-08-06T08:15:00+09:00,J5,424,415,839
2019-08-06T08:30:00+09:00,J1,1039,559,1598
2019-08-06T08:30:00+09:00,J2,717,490,1207
2019-08-06T08:30:00+09:00,J3,808,897,1705
2019-08-06T08:30:00+09:00,J4,464,879,1343
2019-08-06T08:30:00+09:00,J5,527,550,1077
2019-08-06T08:45:00+09:00,J1,748,564,1312
2019-08-06T08:45:00+09:00,J2,560,360,920
2019-08-06T08:45:00+09:00,J3,775,772,1547
2019-08-06T08:45:00+09:00,J4,425,658,1083
2019-08-06T08:45:00+09:00,J5,461,420,881
2019-08-06T09:00:00+09:00,J1,668,445,1113
2019-08-06T09:00:00+09:00,J2,580,456,1036
2019-08-06T09:00:00+09:00,J3,772,665,1437
2019-08-06T09:00:00+09:00,J4,438,530,968
2019-08-06T09:00:00+09:00,J5,459,435,894
2019-08-06T09:15:00+09:00,J1,553,456,1009
2019-08-06T09:15:00+09:00,J2,614,467,1081
2019-08-06T09:15:00+09:00,J3,633,588,1221
2019-08-06T09:15:00+09:00,J4,401,539,940
2019-08-06T09:15:00+09:00,J5,413,398,811
2019-08-06T09:30:00+09:00,J1,574,447,1021
2019-08-06T09:30:00+09:00,J2,476,375,851
2019-08-06T09:30:00+09:00,J3,753,670,1423
2019-08-06T09:30:00+09:00,J4,477,572,1049
2019-08-06T09:30:00+09:00,J5,307,355,662
2019-08-06T09:45:00+09:00,J1,559,450,1009
2019-08-06T09:45:00+09:00,J2,475,412,887
2019-08-06T09:45:00+09:00,J3,745,680,1425
2019-08-06T09:45:00+09:00,J4,378,441,819
2019-08-06T09:45:00+09:00,J5,238,262,500
2019-08-06T10:00:00+09:00,J1,456,484,940
2019-08-06T10:00:00+09:00,J2,463,345,808
2019-08-06T10:00:00+09:00,J3,544,529,1073
2019-08-06T10:00:00+09:00,J4,427,414,841
2019-08-06T10:00:00+09:00,J5,196,260,456
2019-08-06T10:15:00+09:00,J1,568,544,1112
2019-08-06T10:15:00+09:00,J2,432,366,798
2019-08-06T10:15:00+09:00,J3,563,539,1102
2019-08-06T10:15:00+09:00,J4,410,427,837
2019-08-06T10:15:00+09:00,J5,219,291,510
2019-08-06T10:30:00+09:00,J1,529,443,972
2019-08-06T10:30:00+09:00,J2,502,410,912
2019-08-06T10:30:00+09:00,J3,563,528,1091
2019-08-06T10:30:00+09:00,J4,358,461,819
2019-08-06T10:30:00+09:00,J5,244,278,522
2019-08-06T10:45:00+09:00,J1,528,453,981
2019-08-06T10:45:00+09:00,J2,458,407,865
2019-08-06T10:45:00+09:00,J3,648,634,1282
2019-08-06T10:45:00+09:00,J4,331,396,727
2019-08-06T10:45:00+09:00,J5,233,268,501
2019-08-06T11:00:00+09:00,J1,591,596,1187
2019-08-06T11:00:00+09:00,J2,495,386,881
2019-08-06T11:00:00+09:00,J3,620,632,1252
2019-08-06T11:00:00+09:00,J4,381,408,789
2019-08-06T11:00:00+09:00,J5,251,255,506
2019-08-06T11:15:00+09:00,J1,642,698,1340
2019-08-06T11:15:00+09:00,J2,534,419,953
2019-08-06T11:15:00+09:00,J3,627,614,1241
2019-08-06T11:15:00+09:00,J4,422,489,911
2019-08-06T11:15:00+09:00,J5,226,279,505
2019-08-06T11:30:00+09:00,J1,630,635,1265
2019-08-06T11:30:00+09:00,J2,617,491,1108
2019-08-06T11:30:00+09:00,J3,575,668,1243
2019-08-06T11:30:00+09:00,J4,358,501,859
2019-08-06T11:30:00+09:00,J5,216,275,491
2019-08-06T11:45:00+09:00,J1,678,724,1402
2019-08-06T11:45:00+09:00,J2,431,392,823
2019-08-06T11:45:00+09:00,J3,630,616,1246
2019-08-06T11:45:00+09:00,J4,491,480,971
2019-08-06T11:45:00+09:00,J5,217,305,522
2019-08-06T12:00:00+09:00,J1,694,791,1485
2019-08-06T12:00:00+09:00,J2,457,456,913
2019-08-06T12:00:00+09:00,J3,813,732,1545
2019-08-06T12:00:00+09:00,J4,539,540,1079
2019-08-06T12:00:00+09:00,J5,254,334,588
2019-08-06T12:15:00+09:00,J1,688,760,1448
2019-08-06T12:15:00+09:00,J2,495,492,987
2019-08-06T12:15:00+09:00,J3,699,582,1281
2019-08-06T12:15:00+09:00,J4,435,462,897
2019-08-06T12:15:00+09:00,J5,248,310,558
2019-08-06T12:30:00+09:00,J1,633,747,1380
2019-08-06T12:30:00+09:00,J2,534,456,990
2019-08-06T12:30:00+09:00,J3,630,689,1319
2019-08-06T12:30:00+09:00,J4,476,487,963
2019-08-06T12:30:00+09:00,J5,274,344,618
2019-08-06T12:45:00+09:00,J1,706,754,1460
2019-08-06T12:45:00+09:00,J2,555,455,1010
2019-08-06T12:45:00+09:00,J3,686,710,1396
2019-08-06T12:45:00+09:00,J4,473,497,970
2019-08-06T12:45:00+09:00,J5,262,316,578
2019-08-06T13:00:00+09:00,J1,681,711,1392
2019-08-06T13:00:00+09:00,J2,482,479,961
2019-08-06T13:00:00+09:00,J3,636,691,1327
2019-08-06T13:00:00+09:00,J4,454,484,938
2019-08-06T13:00:00+09:00,J5,271,340,611
2019-08-06T13:15:00+09:00,J1,651,837,1488
2019-08-06T13:15:00+09:00,J2,435,445,880
2019-08-06T13:15:00+09:00,J3,611,602,1213
2019-08-06T13:15:00+09:00,J4,528,495,1023
2019-08-06T13:15:00+09:00,J5,322,356,678
2019-08-06T13:30:00+09:00,J1,683,742,1425
2019-08-06T13:30:00+09:00,J2,513,469,982
2019-08-06T13:30:00+09:00,J3,711,750,1461
2019-08-06T13:30:00+09:00,J4,557,494,1051
2019-08-06T13:30:00+09:00,J5,262,333,595
2019-08-06T13:45:00+09:00,J1,643,824,1467
2019-08-06T13:45:00+09:00,J2,503,430,933
2019-08-06T13:45:00+09:00,J3,655,730,1385
2019-08-06T13:45:00+09:00,J4,572,523,1095
2019-08-06T13:45:00+09:00,J5,292,355,647
2019-08-06T14:00:00+09:00,J1,672,835,1507
2019-08-06T14:00:00+09:00,J2,574,459,1033
2019-08-06T14:00:00+09:00,J3,599,747,1346
2019-08-06T14:00:00+09:00,J4,622,549,1171
2019-08-06T14:00:00+09:00,J5,304,368,672
2019-08-06T14:15:00+09:00,J1,675,832,1507
2019-08-06T14:15:00+09:00,J2,577,471,1048
2019-08-06T14:15:00+09:00,J3,662,753,1415
2019-08-06T14:15:00+09:00,J4,600,562,1162
2019-08-06T14:15:00+09:00,J5,288,346,634
2019-08-06T14:30:00+09:00,J1,666,819,1485
2019-08-06T14:30:00+09:00,J2,592,431,1023
2019-08-06T14:30:00+09:00,J3,621,743,1364
2019-08-06T14:30:00+09:00,J4,598,547,1145
2019-08-06T14:30:00+09:00,J5,310,347,657
2019-08-06T14:45:00+09:00,J1,657,761,1418
2019-08-06T14:45:00+09:00,J2,602,473,1075
2019-08-06T14:45:00+09:00,J3,668,762,1430
2019-08-06T14:45:00+09:00,J4,545,608,1153
2019-08-06T14:45:00+09:00,J5,258,321,579
2019-08-06T15:00:00+09:00,J1,695,823,1518
2019-08-06T15:00:00+09:00,J2,588,526,1114
2019-08-06T15:00:00+09:00,J3,663,755,1418
2019-08-06T15:00:00+09:00,J4,644,526,1170
2019-08-06T15:00:00+09:00,J5,266,373,639
2019-08-06T15:15:00+09:00,J1,599,903,1502
2019-08-06T15:15:00+09:00,J2,541,458,999
2019-08-06T15:15:00+09:00,J3,666,767,1433
2019-08-06T15:15:00+09:00,J4,648,611,1259
2019-08-06T15:15:00+09:00,J5,251,337,588
2019-08-06T15:30:00+09:00,J1,593,910,1503
2019-08-06T15:30:00+09:00,J2,557,527,1084
2019-08-06T15:30:00+09:00,J3,645,805,1450
2019-08-06T15:30:00+09:00,J4,579,543,1122
2019-08-06T15:30:00+09:00,J5,259,324,583
2019-08-06T15:45:00+09:00,J1,671,831,1502
2019-08-06T15:45:00+09:00,J2,531,532,1063
2019-08-06T15:45:00+09:00,J3,645,803,1448
2019-08-06T15:45:00+09:00,J4,650,633,1283
2019-08-06T15:45:00+09:00,J5,270,357,627
2019-08-06T16:00:00+09:00,J1,611,865,1476
2019-08-06T16:00:00+09:00,J2,445,441,886
2019-08-06T16:00:00+09:00,J3,652,797,1449
2019-08-06T16:00:00+09:00,J4,595,591,1186
2019-08-06T16:00:00+09:00,J5,236,336,572
2019-08-06T16:15:00+09:00,J1,624,839,1463
2019-08-06T16:15:00+09:00,J2,364,423,787
2019-08-06T16:15:00+09:00,J3,693,789,1482
2019-08-06T16:15:00+09:00,J4,600,625,1225
2019-08-06T16:15:00+09:00,J5,242,354,596
2019-08-06T16:30:00+09:00,J1,645,879,1524
2019-08-06T16:30:00+09:00,J2,443,406,849
2019-08-06T16:30:00+09:00,J3,777,824,1601
2019-08-06T16:30:00+09:00,J4,576,605,1181
2019-08-06T16:30:00+09:00,J5,235,327,562
2019-08-06T16:45:00+09:00,J1,584,745,1329
2019-08-06T16:45:00+09:00,J2,559,413,972
2019-08-06T16:45:00+09:00,J3,657,828,1485
2019-08-06T16:45:00+09:00,J4,588,561,1149
2019-08-06T16:45:00+09:00,J5,258,334,592
2019-08-06T17:00:00+09:00,J1,624,834,1458
2019-08-06T17:00:00+09:00,J2,495,512,1007
2019-08-06T17:00:00+09:00,J3,699,847,1546
2019-08-06T17:00:00+09:00,J4,571,464,1035
2019-08-06T17:00:00+09:00,J5,283,377,660
2019-08-06T17:15:00+09:00,J1,689,910,1599
2019-08-06T17:15:00+09:00,J2,437,500,937
2019-08-06T17:15:00+09:00,J3,793,739,1532
2019-08-06T17:15:00+09:00,J4,574,490,1064
2019-08-06T17:15:00+09:00,J5,326,486,812
2019-08-06T17:30:00+09:00,J1,730,924,1654
2019-08-06T17:30:00+09:00,J2,578,512,1090
2019-08-06T17:30:00+09:00,J3,823,806,1629
2019-08-06T17:30:00+09:00,J4,587,456,1043
2019-08-06T17:30:00+09:00,J5,310,396,706
2019-08-06T17:45:00+09:00,J1,780,960,1740
2019-08-06T17:45:00+09:00,J2,520,519,1039
2019-08-06T17:45:00+09:00,J3,787,816,1603
2019-08-06T17:45:00+09:00,J4,618,454,1072
2019-08-06T17:45:00+09:00,J5,356,434,790
2019-08-06T18:00:00+09:00,J1,806,901,1707
2019-08-06T18:00:00+09:00,J2,515,535,1050
2019-08-06T18:00:00+09:00,J3,860,770,1630
2019-08-06T18:00:00+09:00,J4,702,496,1198
2019-08-06T18:00:00+09:00,J5,334,414,748
2019-08-06T18:15:00+09:00,J1,728,831,1559
2019-08-06T18:15:00+09:00,J2,494,516,1010
2019-08-06T18:15:00+09:00,J3,732,715,1447
2019-08-06T18:15:00+09:00,J4,682,640,1322
2019-08-06T18:15:00+09:00,J5,421,456,877
2019-08-06T18:30:00+09:00,J1,719,725,1444
2019-08-06T18:30:00+09:00,J2,495,486,981
2019-08-06T18:30:00+09:00,J3,753,579,1332
2019-08-06T18:30:00+09:00,J4,607,672,1279
2019-08-06T18:30:00+09:00,J5,430,476,906
2019-08-06T18:45:00+09:00,J1,674,641,1315
2019-08-06T18:45:00+09:00,J2,568,507,1075
2019-08-06T18:45:00+09:00,J3,646,611,1257
2019-08-06T18:45:00+09:00,J4,598,513,1111
2019-08-06T18:45:00+09:00,J5,366,428,794
2019-08-06T19:00:00+09:00,J1,557,581,1138
2019-08-06T19:00:00+09:00,J2,419,462,881
2019-08-06T19:00:00+09:00,J3,621,571,1192
2019-08-06T19:00:00+09:00,J4,508,460,968
2019-08-06T19:00:00+09:00,J5,409,519,928
2019-08-06T19:15:00+09:00,J1,485,519,1004
2019-08-06T19:15:00+09:00,J2,522,409,931
2019-08-06T19:15:00+09:00,J3,573,597,1170
2019-08-06T19:15:00+09:00,J4,469,418,887
2019-08-06T19:15:00+09:00,J5,424,466,890
2019-08-06T19:30:00+09:00,J1,465,545,1010
2019-08-06T19:30:00+09:00,J2,539,368,907
2019-08-06T19:30:00+09:00,J3,559,514,1073
2019-08-06T19:30:00+09:00,J4,441,349,790
2019-08-06T19:30:00+09:00,J5,401,419,820
2019-08-06T19:45:00+09:00,J1,394,457,851
2019-08-06T19:45:00+09:00,J2,451,365,816
2019-08-06T19:45:00+09:00,J3,573,506,1079
2019-08-06T19:45:00+09:00,J4,439,390,829
2019-08-06T19:45:00+09:00,J5,376,410,786
2019-08-06T20:00:00+09:00,J1,395,542,937
2019-08-06T20:00:00+09:00,J2,466,332,798
2019-08-06T20:00:00+09:00,J3,589,525,1114
2019-08-06T20:00:00+09:00,J4,395,356,751
2019-08-06T20:00:00+09:00,J5,344,421,765
2019-08-06T20:15:00+09:00,J1,413,452,865
2019-08-06T20:15:00+09:00,J2,460,368,828
2019-08-06T20:15:00+09:00,J3,531,558,1089
2019-08-06T20:15:00+09:00,J4,352,340,692
2019-08-06T20:15:00+09:00,J5,339,424,763
2019-08-06T20:30:00+09:00,J1,316,378,694
2019-08-06T20:30:00+09:00,J2,430,409,839
2019-08-06T20:30:00+09:00,J3,550,491,1041
2019-08-06T20:30:00+09:00,J4,427,334,761
2019-08-06T20:30:00+09:00,J5,331,420,751
2019-08-06T20:45:00+09:00,J1,336,394,730
2019-08-06T20:45:00+09:00,J2,355,301,656
2019-08-06T20:45:00+09:00,J3,508,463,971
2019-08-06T20:45:00+09:00,J4,467,380,847
2019-08-06T20:45:00+09:00,J5,275,297,572
2019-08-06T21:00:00+09:00,J1,344,423,767
2019-08-06T21:00:00+09:00,J2,353,342,695
2019-08-06T21:00:00+09:00,J3,357,345,702
2019-08-06T21:00:00+09:00,J4,414,359,773
2019-08-06T21:00:00+09:00,J5,266,326,592
2019-08-06T21:15:00+09:00,J1,364,473,837
2019-08-06T21:15:00+09:00,J2,429,379,808
2019-08-06T21:15:00+09:00,J3,298,359,657
2019-08-06T21:15:00+09:00,J4,439,329,768
2019-08-06T21:15:00+09:00,J5,276,319,595
2019-08-06T21:30:00+09:00,J1,306,375,681
2019-08-06T21:30:00+09:00,J2,376,323,699
2019-08-06T21:30:00+09:00,J3,302,313,615
2019-08-06T21:30:00+09:00,J4,366,295,661
2019-08-06T21:30:00+09:00,J5,259,302,561
2019-08-06T21:45:00+09:00,J1,331,340,671
2019-08-06T21:45:00+09:00,J2,292,303,595
2019-08-06T21:45:00+09:00,J3,271,288,559
2019-08-06T21:45:00+09:00,J4,275,263,538
2019-08-06T21:45:00+09:00,J5,243,261,504
2019-08-06T22:00:00+09:00,J1,247,351,598
2019-08-06T22:00:00+09:00,J2,351,368,719
2019-08-06T22:00:00+09:00,J3,258,294,552
2019-08-06T22:00:00+09:00,J4,242,234,476
2019-08-06T22:00:00+09:00,J5,209,221,430
2019-08-06T22:15:00+09:00,J1,265,325,590
2019-08-06T22:15:00+09:00,J2,338,316,654
2019-08-06T22:15:00+09:00,J3,272,284,556
2019-08-06T22:15:00+09:00,J4,241,250,491
2019-08-06T22:15:00+09:00,J5,199,264,463
2019-08-06T22:30:00+09:00,J1,293,317,610
2019-08-06T22:30:00+09:00,J2,330,269,599
2019-08-06T22:30:00+09:00,J3,290,258,548
2019-08-06T22:30:00+09:00,J4,285,265,550
2019-08-06T22:30:00+09:00,J5,182,184,366
2019-08-06T22:45:00+09:00,J1,206,273,479
2019-08-06T22:45:00+09:00,J2,351,298,649
2019-08-06T22:45:00+09:00,J3,255,237,492
2019-08-06T22:45:00+09:00,J4,227,249,476
2019-08-06T22:45:00+09:00,J5,196,214,410
2019-08-06T23:00:00+09:00,J1,268,292,560
2019-08-06T23:00:00+09:00,J2,301,265,566
2019-08-06T23:00:00+09:00,J3,266,262,528
2019-08-06T23:00:00+09:00,J4,234,190,424
2019-08-06T23:00:00+09:00,J5,201,204,405
2019-08-06T23:15:00+09:00,J1,273,266,539
2019-08-06T23:15:00+09:00,J2,353,303,656
2019-08-06T23:15:00+09:00,J3,273,287,560
2019-08-06T23:15:00+09:00,J4,234,223,457
2019-08-06T23:15:00+09:00,J5,218,225,443
2019-08-06T23:30:00+09:00,J1,237,247,484
2019-08-06T23:30:00+09:00,J2,382,365,747
2019-08-06T23:30:00+09:00,J3,319,251,570
2019-08-06T23:30:00+09:00,J4,245,211,456
2019-08-06T23:30:00+09:00,J5,162,222,384
2019-08-06T23:45:00+09:00,J1,255,258,513
2019-08-06T23:45:00+09:00,J2,292,266,558
2019-08-06T23:45:00+09:00,J3,332,270,602
2019-08-06T23:45:00+09:00,J4,177,208,385
2019-08-06T23:45:00+09:00,J5,163,229,392
2019-08-07T00:00:00+09:00,J1,272,187,459
2019-08-07T00:00:00+09:00,J2,272,219,491
2019-08-07T00:00:00+09:00,J3,304,219,523
2019-08-07T00:00:00+09:00,J4,193,195,388
2019-08-07T00:00:00+09:00,J5,190,213,403
2019-08-07T00:15:00+09:00,J1,155,146,301
2019-08-07T00:15:00+09:00,J2,222,169,391
2019-08-07T00:15:00+09:00,J3,247,263,510
2019-08-07T00:15:00+09:00,J4,229,242,471
2019-08-07T00:15:00+09:00,J5,172,170,342
2019-08-07T00:30:00+09:00,J1,128,126,254
2019-08-07T00:30:00+09:00,J2,229,169,398
2019-08-07T00:30:00+09:00,J3,212,337,549
2019-08-07T00:30:00+09:00,J4,345,271,616
2019-08-07T00:30:00+09:00,J5,180,218,398
2019-08-07T00:45:00+09:00,J1,146,135,281
2019-08-07T00:45:00+09:00,J2,259,174,433
2019-08-07T00:45:00+09:00,J3,251,336,587
2019-08-07T00:45:00+09:00,J4,283,260,543
2019-08-07T00:45:00+09:00,J5,212,184,396
2019-08-07T05:45:00+09:00,J1,242,206,448
2019-08-07T05:45:00+09:00,J2,181,168,349
2019-08-07T05:45:00+09:00,J3,387,266,653
2019-08-07T05:45:00+09:00,J4,253,239,492
2019-08-07T05:45:00+09:00,J5,152,177,329
2019-08-07T06:00:00+09:00,J1,231,188,419
2019-08-07T06:00:00+09:00,J2,179,133,312
2019-08-07T06:00:00+09:00,J3,362,330,692
2019-08-07T06:00:00+09:00,J4,225,225,450
2019-08-07T06:00:00+09:00,J5,101,185,286
2019-08-07T06:15:00+09:00,J1,230,189,419
2019-08-07T06:15:00+09:00,J2,238,176,414
2019-08-07T06:15:00+09:00,J3,321,339,660
2019-08-07T06:15:00+09:00,J4,279,295,574
2019-08-07T06:15:00+09:00,J5,146,196,342
2019-08-07T06:30:00+09:00,J1,256,206,462
2019-08-07T06:30:00+09:00,J2,236,161,397
2019-08-07T06:30:00+09:00,J3,300,327,627
2019-08-07T06:30:00+09:00,J4,248,273,521
2019-08-07T06:30:00+09:00,J5,158,179,337
2019-08-07T06:45:00+09:00,J1,246,223,469
2019-08-07T06:45:00+09:00,J2,252,205,457
2019-08-07T06:45:00+09:00,J3,265,361,626
2019-08-07T06:45:00+09:00,J4,274,348,622
2019-08-07T06:45:00+09:00,J5,154,179,333
2019-08-07T07:00:00+09:00,J1,295,259,554
2019-08-07T07:00:00+09:00,J2,225,231,456
2019-08-07T07:00:00+09:00,J3,324,314,638
2019-08-07T07:00:00+09:00,J4,356,428,784
2019-08-07T07:00:00+09:00,J5,154,225,379
2019-08-07T07:15:00+09:00,J1,363,255,618
2019-08-07T07:15:00+09:00,J2,307,251,558
2019-08-07T07:15:00+09:00,J3,301,350,651
2019-08-07T07:15:00+09:00,J4,402,449,851
2019-08-07T07:15:00+09:00,J5,200,202,402
2019-08-07T07:30:00+09:00,J1,448,294,742
2019-08-07T07:30:00+09:00,J2,323,257,580
2019-08-07T07:30:00+09:00,J3,506,524,1030
2019-08-07T07:30:00+09:00,J4,328,487,815
2019-08-07T07:30:00+09:00,J5,231,261,492
2019-08-07T07:45:00+09:00,J1,606,388,994
2019-08-07T07:45:00+09:00,J2,373,287,660
2019-08-07T07:45:00+09:00,J3,696,701,1397
2019-08-07T07:45:00+09:00,J4,316,547,863
2019-08-07T07:45:00+09:00,J5,261,250,511
2019-08-07T08:00:00+09:00,J1,816,487,1303
2019-08-07T08:00:00+09:00,J2,431,381,812
2019-08-07T08:00:00+09:00,J3,791,727,1518
2019-08-07T08:00:00+09:00,J4,375,669,1044
2019-08-07T08:00:00+09:00,J5,276,349,625
2019-08-07T08:15:00+09:00,J1,1024,507,1531
2019-08-07T08:15:00+09:00,J2,462,338,800
2019-08-07T08:15:00+09:00,J3,853,859,1712
2019-08-07T08:15:00+09:00,J4,429,945,1374
2019-08-07T08:15:00+09:00,J5,458,522,980
2019-08-07T08:30:00+09:00,J1,1078,547,1625
2019-08-07T08:30:00+09:00,J2,489,386,875
2019-08-07T08:30:00+09:00,J3,823,1017,1840
2019-08-07T08:30:00+09:00,J4,583,1076,1659
2019-08-07T08:30:00+09:00,J5,447,419,866
2019-08-07T08:45:00+09:00,J1,747,554,1301
2019-08-07T08:45:00+09:00,J2,308,243,551
2019-08-07T08:45:00+09:00,J3,760,881,1641
2019-08-07T08:45:00+09:00,J4,503,824,1327
2019-08-07T08:45:00+09:00,J5,358,280,638
2019-08-07T09:00:00+09:00,J1,656,534,1190
2019-08-07T09:00:00+09:00,J2,376,361,737
2019-08-07T09:00:00+09:00,J3,785,670,1455
2019-08-07T09:00:00+09:00,J4,456,611,1067
2019-08-07T09:00:00+09:00,J5,386,384,770
2019-08-07T09:15:00+09:00,J1,610,424,1034
2019-08-07T09:15:00+09:00,J2,404,325,729
2019-08-07T09:15:00+09:00,J3,783,647,1430
2019-08-07T09:15:00+09:00,J4,551,654,1205
2019-08-07T09:15:00+09:00,J5,388,340,728
2019-08-07T09:30:00+09:00,J1,652,513,1165
2019-08-07T09:30:00+09:00,J2,377,279,656
2019-08-07T09:30:00+09:00,J3,662,655,1317
2019-08-07T09:30:00+09:00,J4,406,522,928
2019-08-07T09:30:00+09:00,J5,308,329,637
2019-08-07T09:45:00+09:00,J1,617,544,1161
2019-08-07T09:45:00+09:00,J2,384,286,670
2019-08-07T09:45:00+09:00,J3,658,658,1316
2019-08-07T09:45:00+09:00,J4,334,483,817
2019-08-07T09:45:00+09:00,J5,251,293,544
2019-08-07T10:00:00+09:00,J1,568,567,1135
2019-08-07T10:00:00+09:00,J2,266,245,511
2019-08-07T10:00:00+09:00,J3,673,647,1320
2019-08-07T10:00:00+09:00,J4,386,428,814
2019-08-07T10:00:00+09:00,J5,195,241,436
2019-08-07T10:15:00+09:00,J1,666,568,1234
2019-08-07T10:15:00+09:00,J2,267,232,499
2019-08-07T10:15:00+09:00,J3,661,627,1288
2019-08-07T10:15:00+09:00,J4,448,469,917
2019-08-07T10:15:00+09:00,J5,179,242,421
2019-08-07T10:30:00+09:00,J1,631,496,1127
2019-08-07T10:30:00+09:00,J2,312,280,592
2019-08-07T10:30:00+09:00,J3,664,663,1327
2019-08-07T10:30:00+09:00,J4,367,438,805
2019-08-07T10:30:00+09:00,J5,240,234,474
2019-08-07T10:45:00+09:00,J1,696,579,1275
2019-08-07T10:45:00+09:00,J2,268,272,540
2019-08-07T10:45:00+09:00,J3,664,558,1222
2019-08-07T10:45:00+09:00,J4,457,509,966
2019-08-07T10:45:00+09:00,J5,186,274,460
2019-08-07T11:00:00+09:00,J1,670,622,1292
2019-08-07T11:00:00+09:00,J2,294,292,586
2019-08-07T11:00:00+09:00,J3,626,587,1213
2019-08-07T11:00:00+09:00,J4,543,536,1079
2019-08-07T11:00:00+09:00,J5,182,227,409
2019-08-07T11:15:00+09:00,J1,694,668,1362
2019-08-07T11:15:00+09:00,J2,400,297,697
2019-08-07T11:15:00+09:00,J3,727,661,1388
2019-08-07T11:15:00+09:00,J4,456,505,961
2019-08-07T11:15:00+09:00,J5,207,246,453
2019-08-07T11:30:00+09:00,J1,700,670,1370
2019-08-07T11:30:00+09:00,J2,468,253,721
2019-08-07T11:30:00+09:00,J3,687,643,1330
2019-08-07T11:30:00+09:00,J4,421,461,882
2019-08-07T11:30:00+09:00,J5,234,290,524
2019-08-07T11:45:00+09:00,J1,673,668,1341
2019-08-07T11:45:00+09:00,J2,380,290,670
2019-08-07T11:45:00+09:00,J3,754,608,1362
2019-08-07T11:45:00+09:00,J4,474,462,936
2019-08-07T11:45:00+09:00,J5,217,252,469
2019-08-07T12:00:00+09:00,J1,716,704,1420
2019-08-07T12:00:00+09:00,J2,299,255,554
2019-08-07T12:00:00+09:00,J3,777,617,1394
2019-08-07T12:00:00+09:00,J4,417,438,855
2019-08-07T12:00:00+09:00,J5,248,327,575
2019-08-07T12:15:00+09:00,J1,690,698,1388
2019-08-07T12:15:00+09:00,J2,379,262,641
2019-08-07T12:15:00+09:00,J3,664,605,1269
2019-08-07T12:15:00+09:00,J4,557,553,1110
2019-08-07T12:15:00+09:00,J5,233,307,540
2019-08-07T12:30:00+09:00,J1,620,730,1350
2019-08-07T12:30:00+09:00,J2,425,312,737
2019-08-07T12:30:00+09:00,J3,707,690,1397
2019-08-07T12:30:00+09:00,J4,601,641,1242
2019-08-07T12:30:00+09:00,J5,244,325,569
2019-08-07T12:45:00+09:00,J1,681,773,1454
2019-08-07T12:45:00+09:00,J2,379,322,701
2019-08-07T12:45:00+09:00,J3,578,636,1214
2019-08-07T12:45:00+09:00,J4,537,622,1159
2019-08-07T12:45:00+09:00,J5,241,312,553
2019-08-07T13:00:00+09:00,J1,639,782,1421
2019-08-07T13:00:00+09:00,J2,372,311,683
2019-08-07T13:00:00+09:00,J3,643,648,1291
2019-08-07T13:00:00+09:00,J4,650,646,1296
2019-08-07T13:00:00+09:00,J5,308,380,688
2019-08-07T13:15:00+09:00,J1,643,788,1431
2019-08-07T13:15:00+09:00,J2,427,417,844
2019-08-07T13:15:00+09:00,J3,566,707,1273
2019-08-07T13:15:00+09:00,J4,683,727,1410
2019-08-07T13:15:00+09:00,J5,318,368,686
2019-08-07T13:30:00+09:00,J1,666,807,1473
2019-08-07T13:30:00+09:00,J2,425,416,841
2019-08-07T13:30:00+09:00,J3,605,655,1260
2019-08-07T13:30:00+09:00,J4,597,636,1233
2019-08-07T13:30:00+09:00,J5,254,326,580
2019-08-07T13:45:00+09:00,J1,599,708,1307
2019-08-07T13:45:00+09:00,J2,419,387,806
2019-08-07T13:45:00+09:00,J3,587,638,1225
2019-08-07T13:45:00+09:00,J4,575,641,1216
2019-08-07T13:45:00+09:00,J5,294,382,676
2019-08-07T14:00:00+09:00,J1,666,822,1488
2019-08-07T14:00:00+09:00,J2,401,323,724
2019-08-07T14:00:00+09:00,J3,725,809,1534
2019-08-07T14:00:00+09:00,J4,596,688,1284
2019-08-07T14:00:00+09:00,J5,259,348,607
2019-08-07T14:15:00+09:00,J1,616,726,1342
2019-08-07T14:15:00+09:00,J2,374,304,678
2019-08-07T14:15:00+09:00,J3,563,750,1313
2019-08-07T14:15:00+09:00,J4,615,637,1252
2019-08-07T14:15:00+09:00,J5,269,337,606
2019-08-07T14:30:00+09:00,J1,653,770,1423
2019-08-07T14:30:00+09:00,J2,308,314,622
2019-08-07T14:30:00+09:00,J3,598,691,1289
2019-08-07T14:30:00+09:00,J4,551,590,1141
2019-08-07T14:30:00+09:00,J5,229,318,547
2019-08-07T14:45:00+09:00,J1,578,656,1234
2019-08-07T14:45:00+09:00,J2,320,221,541
2019-08-07T14:45:00+09:00,J3,575,689,1264
2019-08-07T14:45:00+09:00,J4,567,547,1114
2019-08-07T14:45:00+09:00,J5,224,312,536
2019-08-07T15:00:00+09:00,J1,628,697,1325
2019-08-07T15:00:00+09:00,J2,311,239,550
2019-08-07T15:00:00+09:00,J3,583,660,1243
2019-08-07T15:00:00+09:00,J4,517,516,1033
2019-08-07T15:00:00+09:00,J5,240,312,552
2019-08-07T15:15:00+09:00,J1,699,715,1414
2019-08-07T15:15:00+09:00,J2,313,226,539
2019-08-07T15:15:00+09:00,J3,620,701,1321
2019-08-07T15:15:00+09:00,J4,552,558,1110
2019-08-07T15:15:00+09:00,J5,234,300,534
2019-08-07T15:30:00+09:00,J1,627,744,1371
2019-08-07T15:30:00+09:00,J2,365,287,652
2019-08-07T15:30:00+09:00,J3,678,728,1406
2019-08-07T15:30:00+09:00,J4,539,504,1043
2019-08-07T15:30:00+09:00,J5,215,292,507
2019-08-07T15:45:00+09:00,J1,597,728,1325
2019-08-07T15:45:00+09:00,J2,348,270,618
2019-08-07T15:45:00+09:00,J3,594,739,1333
2019-08-07T15:45:00+09:00,J4,542,528,1070
2019-08-07T15:45:00+09:00,J5,255,305,560
2019-08-07T16:00:00+09:00,J1,591,716,1307
2019-08-07T16:00:00+09:00,J2,360,293,653
2019-08-07T16:00:00+09:00,J3,604,664,1268
2019-08-07T16:00:00+09:00,J4,516,498,1014
2019-08-07T16:00:00+09:00,J5,247,304,551
2019-08-07T16:15:00+09:00,J1,622,734,1356
2019-08-07T16:15:00+09:00,J2,387,283,670
2019-08-07T16:15:00+09:00,J3,571,655,1226
2019-08-07T16:15:00+09:00,J4,547,566,1113
2019-08-07T16:15:00+09:00,J5,247,340,587
2019-08-07T16:30:00+09:00,J1,603,704,1307
2019-08-07T16:30:00+09:00,J2,348,320,668
2019-08-07T16:30:00+09:00,J3,560,629,1189
2019-08-07T16:30:00+09:00,J4,439,449,888
2019-08-07T16:30:00+09:00,J5,232,278,510
2019-08-07T16:45:00+09:00,J1,592,668,1260
2019-08-07T16:45:00+09:00,J2,372,339,711
2019-08-07T16:45:00+09:00,J3,628,589,1217
2019-08-07T16:45:00+09:00,J4,506,475,981
2019-08-07T16:45:00+09:00,J5,199,248,447
2019-08-07T17:00:00+09:00,J1,658,726,1384
2019-08-07T17:00:00+09:00,J2,421,326,747
2019-08-07T17:00:00+09:00,J3,802,806,1608
2019-08-07T17:00:00+09:00,J4,559,549,1108
2019-08-07T17:00:00+09:00,J5,250,322,572
2019-08-07T17:15:00+09:00,J1,749,791,1540
2019-08-07T17:15:00+09:00,J2,430,371,801
2019-08-07T17:15:00+09:00,J3,843,665,1508
2019-08-07T17:15:00+09:00,J4,601,630,1231
2019-08-07T17:15:00+09:00,J5,235,379,614
2019-08-07T17:30:00+09:00,J1,777,830,1607
2019-08-07T17:30:00+09:00,J2,498,476,974
2019-08-07T17:30:00+09:00,J3,865,732,1597
2019-08-07T17:30:00+09:00,J4,722,598,1320
2019-08-07T17:30:00+09:00,J5,269,356,625
2019-08-07T17:45:00+09:00,J1,772,821,1593
2019-08-07T17:45:00+09:00,J2,482,405,887
2019-08-07T17:45:00+09:00,J3,910,770,1680
2019-08-07T17:45:00+09:00,J4,678,561,1239
2019-08-07T17:45:00+09:00,J5,292,462,754
2019-08-07T18:00:00+09:00,J1,739,802,1541
2019-08-07T18:00:00+09:00,J2,533,480,1013
2019-08-07T18:00:00+09:00,J3,983,841,1824
2019-08-07T18:00:00+09:00,J4,605,563,1168
2019-08-07T18:00:00+09:00,J5,343,470,813
2019-08-07T18:15:00+09:00,J1,806,815,1621
2019-08-07T18:15:00+09:00,J2,560,377,937
2019-08-07T18:15:00+09:00,J3,873,667,1540
2019-08-07T18:15:00+09:00,J4,801,615,1416
2019-08-07T18:15:00+09:00,J5,313,418,731
2019-08-07T18:30:00+09:00,J1,723,734,1457
2019-08-07T18:30:00+09:00,J2,464,314,778
2019-08-07T18:30:00+09:00,J3,727,649,1376
2019-08-07T18:30:00+09:00,J4,711,527,1238
2019-08-07T18:30:00+09:00,J5,285,325,610
2019-08-07T18:45:00+09:00,J1,682,671,1353
2019-08-07T18:45:00+09:00,J2,345,289,634
2019-08-07T18:45:00+09:00,J3,703,581,1284
2019-08-07T18:45:00+09:00,J4,525,425,950
2019-08-07T18:45:00+09:00,J5,243,360,603
2019-08-07T19:00:00+09:00,J1,536,476,1012
2019-08-07T19:00:00+09:00,J2,439,315,754
2019-08-07T19:00:00+09:00,J3,638,554,1192
2019-08-07T19:00:00+09:00,J4,431,338,769
2019-08-07T19:00:00+09:00,J5,258,377,635
2019-08-07T19:15:00+09:00,J1,537,515,1052
2019-08-07T19:15:00+09:00,J2,450,297,747
2019-08-07T19:15:00+09:00,J3,714,539,1253
2019-08-07T19:15:00+09:00,J4,518,369,887
2019-08-07T19:15:00+09:00,J5,257,351,608
2019-08-07T19:30:00+09:00,J1,457,452,909
2019-08-07T19:30:00+09:00,J2,402,245,647
2019-08-07T19:30:00+09:00,J3,566,466,1032
2019-08-07T19:30:00+09:00,J4,450,333,783
2019-08-07T19:30:00+09:00,J5,241,307,548
2019-08-07T19:45:00+09:00,J1,403,480,883
2019-08-07T19:45:00+09:00,J2,453,289,742
2019-08-07T19:45:00+09:00,J3,467,434,901
2019-08-07T19:45:00+09:00,J4,454,433,887
2019-08-07T19:45:00+09:00,J5,170,225,395
2019-08-07T20:00:00+09:00,J1,354,449,803
2019-08-07T20:00:00+09:00,J2,399,281,680
2019-08-07T20:00:00+09:00,J3,635,460,1095
2019-08-07T20:00:00+09:00,J4,429,384,813
2019-08-07T20:00:00+09:00,J5,241,331,572
2019-08-07T20:15:00+09:00,J1,419,477,896
2019-08-07T20:15:00+09:00,J2,317,269,586
2019-08-07T20:15:00+09:00,J3,681,558,1239
2019-08-07T20:15:00+09:00,J4,371,292,663
2019-08-07T20:15:00+09:00,J5,255,296,551
2019-08-07T20:30:00+09:00,J1,426,433,859
2019-08-07T20:30:00+09:00,J2,276,251,527
2019-08-07T20:30:00+09:00,J3,546,437,983
2019-08-07T20:30:00+09:00,J4,382,308,690
2019-08-07T20:30:00+09:00,J5,201,286,487
2019-08-07T20:45:00+09:00,J1,313,401,714
2019-08-07T20:45:00+09:00,J2,224,231,455
2019-08-07T20:45:00+09:00,J3,503,441,944
2019-08-07T20:45:00+09:00,J4,420,349,769
2019-08-07T20:45:00+09:00,J5,192,277,469
2019-08-07T21:00:00+09:00,J1,381,471,852
2019-08-07T21:00:00+09:00,J2,294,268,562
2019-08-07T21:00:00+09:00,J3,322,334,656
2019-08-07T21:00:00+09:00,J4,396,326,722
2019-08-07T21:00:00+09:00,J5,219,268,487
2019-08-07T21:15:00+09:00,J1,344,518,862
2019-08-07T21:15:00+09:00,J2,287,275,562
2019-08-07T21:15:00+09:00,J3,382,387,769
2019-08-07T21:15:00+09:00,J4,382,304,686
2019-08-07T21:15:00+09:00,J5,221,257,478
2019-08-07T21:30:00+09:00,J1,347,394,741
2019-08-07T21:30:00+09:00,J2,290,305,595
2019-08-07T21:30:00+09:00,J3,388,308,696
2019-08-07T21:30:00+09:00,J4,299,226,525
2019-08-07T21:30:00+09:00,J5,209,281,490
2019-08-07T21:45:00+09:00,J1,329,389,718
2019-08-07T21:45:00+09:00,J2,292,217,509
2019-08-07T21:45:00+09:00,J3,335,337,672
2019-08-07T21:45:00+09:00,J4,328,298,626
2019-08-07T21:45:00+09:00,J5,208,257,465
2019-08-07T22:00:00+09:00,J1,337,346,683
2019-08-07T22:00:00+09:00,J2,249,242,491
2019-08-07T22:00:00+09:00,J3,294,308,602
2019-08-07T22:00:00+09:00,J4,262,216,478
2019-08-07T22:00:00+09:00,J5,222,224,446
2019-08-07T22:15:00+09:00,J1,293,321,614
2019-08-07T22:15:00+09:00,J2,259,211,470
2019-08-07T22:15:00+09:00,J3,294,293,587
2019-08-07T22:15:00+09:00,J4,242,231,473
2019-08-07T22:15:00+09:00,J5,205,243,448
2019-08-07T22:30:00+09:00,J1,294,314,608
2019-08-07T22:30:00+09:00,J2,236,242,478
2019-08-07T22:30:00+09:00,J3,270,288,558
2019-08-07T22:30:00+09:00,J4,282,280,562
2019-08-07T22:30:00+09:00,J5,175,177,352
2019-08-07T22:45:00+09:00,J1,286,323,609
2019-08-07T22:45:00+09:00,J2,293,225,518
2019-08-07T22:45:00+09:00,J3,308,284,592
2019-08-07T22:45:00+09:00,J4,243,267,510
2019-08-07T22:45:00+09:00,J5,138,166,304
2019-08-07T23:00:00+09:00,J1,244,304,548
2019-08-07T23:00:00+09:00,J2,262,192,454
2019-08-07T23:00:00+09:00,J3,333,286,619
2019-08-07T23:00:00+09:00,J4,233,232,465
2019-08-07T23:00:00+09:00,J5,194,177,371
2019-08-07T23:15:00+09:00,J1,263,300,563
2019-08-07T23:15:00+09:00,J2,304,265,569
2019-08-07T23:15:00+09:00,J3,321,288,609
2019-08-07T23:15:00+09:00,J4,224,265,489
2019-08-07T23:15:00+09:00,J5,168,201,369
2019-08-07T23:30:00+09:00,J1,261,255,516
2019-08-07T23:30:00+09:00,J2,269,251,520
2019-08-07T23:30:00+09:00,J3,313,313,626
2019-08-07T23:30:00+09:00,J4,200,214,414
2019-08-07T23:30:00+09:00,J5,157,198,355
2019-08-07T23:45:00+09:00,J1,279,282,561
2019-08-07T23:45:00+09:00,J2,294,238,532
2019-08-07T23:45:00+09:00,J3,296,274,570
2019-08-07T23:45:00+09:00,J4,209,224,433
2019-08-07T23:45:00+09:00,J5,171,226,397
2019-08-08T00:00:00+09:00,J1,280,242,522
2019-08-08T00:00:00+09:00,J2,226,179,405
2019-08-08T00:00:00+09:00,J3,260,252,512
2019-08-08T00:00:00+09:00,J4,250,209,459
2019-08-08T00:00:00+09:00,J5,168,225,393
2019-08-08T00:15:00+09:00,J1,120,119,239
2019-08-08T00:15:00+09:00,J2,220,157,377
2019-08-08T00:15:00+09:00,J3,243,296,539
2019-08-08T00:15:00+09:00,J4,237,264,501
2019-08-08T00:15:00+09:00,J5,176,184,360
2019-08-08T00:30:00+09:00,J1,127,152,279
2019-08-08T00:30:00+09:00,J2,173,181,354
2019-08-08T00:30:00+09:00,J3,237,320,557
2019-08-08T00:30:00+09:00,J4,258,261,519
2019-08-08T00:30:00+09:00,J5,175,205,380
2019-08-08T00:45:00+09:00,J1,148,114,262
2019-08-08T00:45:00+09:00,J2,183,192,375
2019-08-08T00:45:00+09:00,J3,238,347,585
2019-08-08T00:45:00+09:00,J4,246,285,531
2019-08-08T00:45:00+09:00,J5,160,170,330
2019-08-08T05:45:00+09:00,J1,193,231,424
2019-08-08T05:45:00+09:00,J2,213,251,464
2019-08-08T05:45:00+09:00,J3,459,365,824
2019-08-08T05:45:00+09:00,J4,314,322,636
2019-08-08T05:45:00+09:00,J5,156,135,291
2019-08-08T06:00:00+09:00,J1,179,199,378
2019-08-08T06:00:00+09:00,J2,234,203,437
2019-08-08T06:00:00+09:00,J3,420,375,795
2019-08-08T06:00:00+09:00,J4,288,300,588
2019-08-08T06:00:00+09:00,J5,133,195,328
2019-08-08T06:15:00+09:00,J1,282,263,545
2019-08-08T06:15:00+09:00,J2,319,269,588
2019-08-08T06:15:00+09:00,J3,382,337,719
2019-08-08T06:15:00+09:00,J4,328,334,662
2019-08-08T06:15:00+09:00,J5,132,180,312
2019-08-08T06:30:00+09:00,J1,214,215,429
2019-08-08T06:30:00+09:00,J2,258,235,493
2019-08-08T06:30:00+09:00,J3,332,344,676
2019-08-08T06:30:00+09:00,J4,372,350,722
2019-08-08T06:30:00+09:00,J5,139,180,319
2019-08-08T06:45:00+09:00,J1,309,267,576
2019-08-08T06:45:00+09:00,J2,320,243,563
2019-08-08T06:45:00+09:00,J3,275,303,578
2019-08-08T06:45:00+09:00,J4,403,368,771
2019-08-08T06:45:00+09:00,J5,141,172,313
2019-08-08T07:00:00+09:00,J1,363,308,671
2019-08-08T07:00:00+09:00,J2,378,301,679
2019-08-08T07:00:00+09:00,J3,296,336,632
2019-08-08T07:00:00+09:00,J4,409,416,825
2019-08-08T07:00:00+09:00,J5,207,211,418
2019-08-08T07:15:00+09:00,J1,418,295,713
2019-08-08T07:15:00+09:00,J2,470,322,792
2019-08-08T07:15:00+09:00,J3,373,378,751
2019-08-08T07:15:00+09:00,J4,411,471,882
2019-08-08T07:15:00+09:00,J5,255,300,555
2019-08-08T07:30:00+09:00,J1,497,369,866
2019-08-08T07:30:00+09:00,J2,473,351,824
2019-08-08T07:30:00+09:00,J3,612,559,1171
2019-08-08T07:30:00+09:00,J4,325,525,850
2019-08-08T07:30:00+09:00,J5,247,236,483
2019-08-08T07:45:00+09:00,J1,631,442,1073
2019-08-08T07:45:00+09:00,J2,648,391,1039
2019-08-08T07:45:00+09:00,J3,718,671,1389
2019-08-08T07:45:00+09:00,J4,301,617,918
2019-08-08T07:45:00+09:00,J5,266,312,578
2019-08-08T08:00:00+09:00,J1,816,491,1307
2019-08-08T08:00:00+09:00,J2,672,457,1129
2019-08-08T08:00:00+09:00,J3,860,781,1641
2019-08-08T08:00:00+09:00,J4,422,741,1163
2019-08-08T08:00:00+09:00,J5,381,464,845
2019-08-08T08:15:00+09:00,J1,1068,626,1694
2019-08-08T08:15:00+09:00,J2,752,510,1262
2019-08-08T08:15:00+09:00,J3,820,832,1652
2019-08-08T08:15:00+09:00,J4,443,876,1319
2019-08-08T08:15:00+09:00,J5,432,432,864
2019-08-08T08:30:00+09:00,J1,1109,703,1812
2019-08-08T08:30:00+09:00,J2,864,523,1387
2019-08-08T08:30:00+09:00,J3,791,1117,1908
2019-08-08T08:30:00+09:00,J4,421,985,1406
2019-08-08T08:30:00+09:00,J5,387,380,767
2019-08-08T08:45:00+09:00,J1,804,627,1431
2019-08-08T08:45:00+09:00,J2,678,360,1038
2019-08-08T08:45:00+09:00,J3,682,899,1581
2019-08-08T08:45:00+09:00,J4,495,776,1271
2019-08-08T08:45:00+09:00,J5,295,289,584
2019-08-08T09:00:00+09:00,J1,685,503,1188
2019-08-08T09:00:00+09:00,J2,645,363,1008
2019-08-08T09:00:00+09:00,J3,637,679,1316
2019-08-08T09:00:00+09:00,J4,394,571,965
2019-08-08T09:00:00+09:00,J5,231,268,499
2019-08-08T09:15:00+09:00,J1,644,513,1157
2019-08-08T09:15:00+09:00,J2,500,384,884
2019-08-08T09:15:00+09:00,J3,705,709,1414
2019-08-08T09:15:00+09:00,J4,434,569,1003
2019-08-08T09:15:00+09:00,J5,267,274,541
2019-08-08T09:30:00+09:00,J1,583,541,1124
2019-08-08T09:30:00+09:00,J2,555,342,897
2019-08-08T09:30:00+09:00,J3,619,655,1274
2019-08-08T09:30:00+09:00,J4,379,562,941
2019-08-08T09:30:00+09:00,J5,257,251,508
2019-08-08T09:45:00+09:00,J1,638,529,1167
2019-08-08T09:45:00+09:00,J2,519,394,913
2019-08-08T09:45:00+09:00,J3,640,645,1285
2019-08-08T09:45:00+09:00,J4,347,418,765
2019-08-08T09:45:00+09:00,J5,249,287,536
2019-08-08T10:00:00+09:00,J1,553,454,1007
2019-08-08T10:00:00+09:00,J2,508,412,920
2019-08-08T10:00:00+09:00,J3,602,594,1196
2019-08-08T10:00:00+09:00,J4,375,399,774
2019-08-08T10:00:00+09:00,J5,249,282,531
2019-08-08T10:15:00+09:00,J1,593,568,1161
2019-08-08T10:15:00+09:00,J2,581,357,938
2019-08-08T10:15:00+09:00,J3,624,700,1324
2019-08-08T10:15:00+09:00,J4,345,443,788
2019-08-08T10:15:00+09:00,J5,242,250,492
2019-08-08T10:30:00+09:00,J1,661,661,1322
2019-08-08T10:30:00+09:00,J2,594,415,1009
2019-08-08T10:30:00+09:00,J3,661,670,1331
2019-08-08T10:30:00+09:00,J4,405,463,868
2019-08-08T10:30:00+09:00,J5,226,260,486
2019-08-08T10:45:00+09:00,J1,701,616,1317
2019-08-08T10:45:00+09:00,J2,576,369,945
2019-08-08T10:45:00+09:00,J3,642,677,1319
2019-08-08T10:45:00+09:00,J4,427,476,903
2019-08-08T10:45:00+09:00,J5,230,311,541
2019-08-08T11:00:00+09:00,J1,686,695,1381
2019-08-08T11:00:00+09:00,J2,595,433,1028
2019-08-08T11:00:00+09:00,J3,649,718,1367
2019-08-08T11:00:00+09:00,J4,520,570,1090
2019-08-08T11:00:00+09:00,J5,243,239,482
2019-08-08T11:15:00+09:00,J1,715,800,1515
2019-08-08T11:15:00+09:00,J2,505,385,890
2019-08-08T11:15:00+09:00,J3,677,683,1360
2019-08-08T11:15:00+09:00,J4,447,529,976
2019-08-08T11:15:00+09:00,J5,234,278,512
2019-08-08T11:30:00+09:00,J1,759,742,1501
2019-08-08T11:30:00+09:00,J2,538,457,995
2019-08-08T11:30:00+09:00,J3,795,839,1634
2019-08-08T11:30:00+09:00,J4,526,525,1051
2019-08-08T11:30:00+09:00,J5,252,336,588
2019-08-08T11:45:00+09:00,J1,710,744,1454
2019-08-08T11:45:00+09:00,J2,591,484,1075
2019-08-08T11:45:00+09:00,J3,785,803,1588
2019-08-08T11:45:00+09:00,J4,470,464,934
2019-08-08T11:45:00+09:00,J5,272,366,638
2019-08-08T12:00:00+09:00,J1,711,737,1448
2019-08-08T12:00:00+09:00,J2,559,474,1033
2019-08-08T12:00:00+09:00,J3,846,899,1745
2019-08-08T12:00:00+09:00,J4,498,548,1046
2019-08-08T12:00:00+09:00,J5,290,371,661
2019-08-08T12:15:00+09:00,J1,694,769,1463
2019-08-08T12:15:00+09:00,J2,519,530,1049
2019-08-08T12:15:00+09:00,J3,667,878,1545
2019-08-08T12:15:00+09:00,J4,470,546,1016
2019-08-08T12:15:00+09:00,J5,256,350,606
2019-08-08T12:30:00+09:00,J1,686,843,1529
2019-08-08T12:30:00+09:00,J2,611,535,1146
2019-08-08T12:30:00+09:00,J3,710,896,1606
2019-08-08T12:30:00+09:00,J4,554,599,1153
2019-08-08T12:30:00+09:00,J5,257,373,630
2019-08-08T12:45:00+09:00,J1,686,820,1506
2019-08-08T12:45:00+09:00,J2,555,521,1076
2019-08-08T12:45:00+09:00,J3,765,938,1703
2019-08-08T12:45:00+09:00,J4,523,551,1074
2019-08-08T12:45:00+09:00,J5,311,360,671
2019-08-08T13:00:00+09:00,J1,661,896,1557
2019-08-08T13:00:00+09:00,J2,585,530,1115
2019-08-08T13:00:00+09:00,J3,715,898,1613
2019-08-08T13:00:00+09:00,J4,543,595,1138
2019-08-08T13:00:00+09:00,J5,290,331,621
2019-08-08T13:15:00+09:00,J1,651,911,1562
2019-08-08T13:15:00+09:00,J2,641,566,1207
2019-08-08T13:15:00+09:00,J3,631,838,1469
2019-08-08T13:15:00+09:00,J4,481,508,989
2019-08-08T13:15:00+09:00,J5,282,369,651
2019-08-08T13:30:00+09:00,J1,760,807,1567
2019-08-08T13:30:00+09:00,J2,624,559,1183
2019-08-08T13:30:00+09:00,J3,675,812,1487
2019-08-08T13:30:00+09:00,J4,482,519,1001
2019-08-08T13:30:00+09:00,J5,302,320,622
2019-08-08T13:45:00+09:00,J1,674,828,1502
2019-08-08T13:45:00+09:00,J2,594,606,1200
2019-08-08T13:45:00+09:00,J3,727,828,1555
2019-08-08T13:45:00+09:00,J4,517,478,995
2019-08-08T13:45:00+09:00,J5,290,348,638
2019-08-08T14:00:00+09:00,J1,681,870,1551
2019-08-08T14:00:00+09:00,J2,614,595,1209
2019-08-08T14:00:00+09:00,J3,703,868,1571
2019-08-08T14:00:00+09:00,J4,473,443,916
2019-08-08T14:00:00+09:00,J5,272,329,601
2019-08-08T14:15:00+09:00,J1,667,825,1492
2019-08-08T14:15:00+09:00,J2,607,482,1089
2019-08-08T14:15:00+09:00,J3,761,880,1641
2019-08-08T14:15:00+09:00,J4,476,466,942
2019-08-08T14:15:00+09:00,J5,267,331,598
2019-08-08T14:30:00+09:00,J1,704,837,1541
2019-08-08T14:30:00+09:00,J2,590,547,1137
2019-08-08T14:30:00+09:00,J3,747,764,1511
2019-08-08T14:30:00+09:00,J4,498,501,999
2019-08-08T14:30:00+09:00,J5,250,346,596
2019-08-08T14:45:00+09:00,J1,689,801,1490
2019-08-08T14:45:00+09:00,J2,609,509,1118
2019-08-08T14:45:00+09:00,J3,683,679,1362
2019-08-08T14:45:00+09:00,J4,435,454,889
2019-08-08T14:45:00+09:00,J5,246,315,561
2019-08-08T15:00:00+09:00,J1,691,881,1572
2019-08-08T15:00:00+09:00,J2,506,559,1065
2019-08-08T15:00:00+09:00,J3,604,673,1277
2019-08-08T15:00:00+09:00,J4,453,516,969
2019-08-08T15:00:00+09:00,J5,247,307,554
2019-08-08T15:15:00+09:00,J1,591,869,1460
2019-08-08T15:15:00+09:00,J2,583,593,1176
2019-08-08T15:15:00+09:00,J3,585,625,1210
2019-08-08T15:15:00+09:00,J4,422,481,903
2019-08-08T15:15:00+09:00,J5,210,255,465
2019-08-08T15:30:00+09:00,J1,640,755,1395
2019-08-08T15:30:00+09:00,J2,624,597,1221
2019-08-08T15:30:00+09:00,J3,655,645,1300
2019-08-08T15:30:00+09:00,J4,532,501,1033
2019-08-08T15:30:00+09:00,J5,225,296,521
2019-08-08T15:45:00+09:00,J1,657,765,1422
2019-08-08T15:45:00+09:00,J2,557,567,1124
2019-08-08T15:45:00+09:00,J3,581,615,1196
2019-08-08T15:45:00+09:00,J4,531,471,1002
2019-08-08T15:45:00+09:00,J5,234,265,499
2019-08-08T16:00:00+09:00,J1,626,738,1364
2019-08-08T16:00:00+09:00,J2,501,512,1013
2019-08-08T16:00:00+09:00,J3,652,675,1327
2019-08-08T16:00:00+09:00,J4,455,474,929
2019-08-08T16:00:00+09:00,J5,249,336,585
2019-08-08T16:15:00+09:00,J1,723,880,1603
2019-08-08T16:15:00+09:00,J2,700,526,1226
2019-08-08T16:15:00+09:00,J3,706,715,1421
2019-08-08T16:15:00+09:00,J4,513,477,990
2019-08-08T16:15:00+09:00,J5,273,391,664
2019-08-08T16:30:00+09:00,J1,679,965,1644
2019-08-08T16:30:00+09:00,J2,700,486,1186
2019-08-08T16:30:00+09:00,J3,813,811,1624
2019-08-08T16:30:00+09:00,J4,583,516,1099
2019-08-08T16:30:00+09:00,J5,314,357,671
2019-08-08T16:45:00+09:00,J1,679,930,1609
2019-08-08T16:45:00+09:00,J2,521,495,1016
2019-08-08T16:45:00+09:00,J3,767,840,1607
2019-08-08T16:45:00+09:00,J4,530,483,1013
2019-08-08T16:45:00+09:00,J5,225,291,516
2019-08-08T17:00:00+09:00,J1,705,910,1615
2019-08-08T17:00:00+09:00,J2,444,512,956
2019-08-08T17:00:00+09:00,J3,826,808,1634
2019-08-08T17:00:00+09:00,J4,545,492,1037
2019-08-08T17:00:00+09:00,J5,248,386,634
2019-08-08T17:15:00+09:00,J1,824,1017,1841
2019-08-08T17:15:00+09:00,J2,623,664,1287
2019-08-08T17:15:00+09:00,J3,912,893,1805
2019-08-08T17:15:00+09:00,J4,711,644,1355
2019-08-08T17:15:00+09:00,J5,358,506,864
2019-08-08T17:30:00+09:00,J1,848,1187,2035
2019-08-08T17:30:00+09:00,J2,704,685,1389
2019-08-08T17:30:00+09:00,J3,901,1021,1922
2019-08-08T17:30:00+09:00,J4,741,646,1387
2019-08-08T17:30:00+09:00,J5,337,507,844
2019-08-08T17:45:00+09:00,J1,914,1181,2095
2019-08-08T17:45:00+09:00,J2,736,693,1429
2019-08-08T17:45:00+09:00,J3,1016,993,2009
2019-08-08T17:45:00+09:00,J4,872,626,1498
2019-08-08T17:45:00+09:00,J5,467,609,1076
2019-08-08T18:00:00+09:00,J1,940,1192,2132
2019-08-08T18:00:00+09:00,J2,643,696,1339
2019-08-08T18:00:00+09:00,J3,1006,986,1992
2019-08-08T18:00:00+09:00,J4,861,737,1598
2019-08-08T18:00:00+09:00,J5,452,631,1083
2019-08-08T18:15:00+09:00,J1,886,1035,1921
2019-08-08T18:15:00+09:00,J2,676,683,1359
2019-08-08T18:15:00+09:00,J3,966,812,1778
2019-08-08T18:15:00+09:00,J4,911,856,1767
2019-08-08T18:15:00+09:00,J5,481,657,1138
2019-08-08T18:30:00+09:00,J1,871,920,1791
2019-08-08T18:30:00+09:00,J2,576,606,1182
2019-08-08T18:30:00+09:00,J3,832,827,1659
2019-08-08T18:30:00+09:00,J4,863,786,1649
2019-08-08T18:30:00+09:00,J5,520,577,1097
2019-08-08T18:45:00+09:00,J1,826,869,1695
2019-08-08T18:45:00+09:00,J2,502,559,1061
2019-08-08T18:45:00+09:00,J3,735,697,1432
2019-08-08T18:45:00+09:00,J4,789,769,1558
2019-08-08T18:45:00+09:00,J5,446,486,932
2019-08-08T19:00:00+09:00,J1,637,713,1350
2019-08-08T19:00:00+09:00,J2,611,472,1083
2019-08-08T19:00:00+09:00,J3,679,627,1306
2019-08-08T19:00:00+09:00,J4,651,630,1281
2019-08-08T19:00:00+09:00,J5,415,491,906
2019-08-08T19:15:00+09:00,J1,685,700,1385
2019-08-08T19:15:00+09:00,J2,625,463,1088
2019-08-08T19:15:00+09:00,J3,688,657,1345
2019-08-08T19:15:00+09:00,J4,677,624,1301
2019-08-08T19:15:00+09:00,J5,433,546,979
2019-08-08T19:30:00+09:00,J1,543,529,1072
2019-08-08T19:30:00+09:00,J2,544,466,1010
2019-08-08T19:30:00+09:00,J3,595,556,1151
2019-08-08T19:30:00+09:00,J4,535,441,976
2019-08-08T19:30:00+09:00,J5,378,429,807
2019-08-08T19:45:00+09:00,J1,554,561,1115
2019-08-08T19:45:00+09:00,J2,533,441,974
2019-08-08T19:45:00+09:00,J3,543,573,1116
2019-08-08T19:45:00+09:00,J4,572,437,1009
2019-08-08T19:45:00+09:00,J5,382,429,811
2019-08-08T20:00:00+09:00,J1,566,584,1150
2019-08-08T20:00:00+09:00,J2,567,455,1022
2019-08-08T20:00:00+09:00,J3,507,656,1163
2019-08-08T20:00:00+09:00,J4,555,477,1032
2019-08-08T20:00:00+09:00,J5,368,464,832
2019-08-08T20:15:00+09:00,J1,646,756,1402
2019-08-08T20:15:00+09:00,J2,541,461,1002
2019-08-08T20:15:00+09:00,J3,567,682,1249
2019-08-08T20:15:00+09:00,J4,546,495,1041
2019-08-08T20:15:00+09:00,J5,370,411,781
2019-08-08T20:30:00+09:00,J1,580,682,1262
2019-08-08T20:30:00+09:00,J2,598,436,1034
2019-08-08T20:30:00+09:00,J3,672,676,1348
2019-08-08T20:30:00+09:00,J4,543,458,1001
2019-08-08T20:30:00+09:00,J5,364,403,767
2019-08-08T20:45:00+09:00,J1,568,626,1194
2019-08-08T20:45:00+09:00,J2,561,496,1057
2019-08-08T20:45:00+09:00,J3,551,632,1183
2019-08-08T20:45:00+09:00,J4,463,389,852
2019-08-08T20:45:00+09:00,J5,336,417,753
2019-08-08T21:00:00+09:00,J1,549,703,1252
2019-08-08T21:00:00+09:00,J2,478,516,994
2019-08-08T21:00:00+09:00,J3,468,507,975
2019-08-08T21:00:00+09:00,J4,639,472,1111
2019-08-08T21:00:00+09:00,J5,275,337,612
2019-08-08T21:15:00+09:00,J1,588,727,1315
2019-08-08T21:15:00+09:00,J2,475,582,1057
2019-08-08T21:15:00+09:00,J3,513,556,1069
2019-08-08T21:15:00+09:00,J4,645,479,1124
2019-08-08T21:15:00+09:00,J5,272,380,652
2019-08-08T21:30:00+09:00,J1,514,608,1122
2019-08-08T21:30:00+09:00,J2,393,446,839
2019-08-08T21:30:00+09:00,J3,434,475,909
2019-08-08T21:30:00+09:00,J4,566,387,953
2019-08-08T21:30:00+09:00,J5,277,367,644
2019-08-08T21:45:00+09:00,J1,432,546,978
2019-08-08T21:45:00+09:00,J2,386,414,800
2019-08-08T21:45:00+09:00,J3,407,379,786
2019-08-08T21:45:00+09:00,J4,481,357,838
2019-08-08T21:45:00+09:00,J5,247,286,533
2019-08-08T22:00:00+09:00,J1,402,466,868
2019-08-08T22:00:00+09:00,J2,381,411,792
2019-08-08T22:00:00+09:00,J3,451,468,919
2019-08-08T22:00:00+09:00,J4,372,344,716
2019-08-08T22:00:00+09:00,J5,202,221,423
2019-08-08T22:15:00+09:00,J1,295,416,711
2019-08-08T22:15:00+09:00,J2,331,369,700
2019-08-08T22:15:00+09:00,J3,413,453,866
2019-08-08T22:15:00+09:00,J4,349,269,618
2019-08-08T22:15:00+09:00,J5,150,186,336
2019-08-08T22:30:00+09:00,J1,337,419,756
2019-08-08T22:30:00+09:00,J2,340,330,670
2019-08-08T22:30:00+09:00,J3,381,488,869
2019-08-08T22:30:00+09:00,J4,281,267,548
2019-08-08T22:30:00+09:00,J5,191,192,383
2019-08-08T22:45:00+09:00,J1,357,424,781
2019-08-08T22:45:00+09:00,J2,359,304,663
2019-08-08T22:45:00+09:00,J3,477,488,965
2019-08-08T22:45:00+09:00,J4,298,281,579
2019-08-08T22:45:00+09:00,J5,190,173,363
2019-08-08T23:00:00+09:00,J1,356,401,757
2019-08-08T23:00:00+09:00,J2,352,258,610
2019-08-08T23:00:00+09:00,J3,486,458,944
2019-08-08T23:00:00+09:00,J4,306,344,650
2019-08-08T23:00:00+09:00,J5,161,195,356
2019-08-08T23:15:00+09:00,J1,244,378,622
2019-08-08T23:15:00+09:00,J2,397,416,813
2019-08-08T23:15:00+09:00,J3,459,520,979
2019-08-08T23:15:00+09:00,J4,340,335,675
2019-08-08T23:15:00+09:00,J5,153,177,330
2019-08-08T23:30:00+09:00,J1,291,433,724
2019-08-08T23:30:00+09:00,J2,415,408,823
2019-08-08T23:30:00+09:00,J3,358,390,748
2019-08-08T23:30:00+09:00,J4,300,309,609
2019-08-08T23:30:00+09:00,J5,154,188,342
2019-08-08T23:45:00+09:00,J1,217,276,493
2019-08-08T23:45:00+09:00,J2,372,364,736
2019-08-08T23:45:00+09:00,J3,406,435,841
2019-08-08T23:45:00+09:00,J4,368,393,761
2019-08-08T23:45:00+09:00,J5,187,199,386
2019-08-09T00:00:00+09:00,J1,154,143,297
2019-08-09T00:00:00+09:00,J2,236,164,400
2019-08-09T00:00:00+09:00,J3,366,298,664
2019-08-09T00:00:00+09:00,J4,389,371,760
2019-08-09T00:00:00+09:00,J5,170,167,337
2019-08-09T00:15:00+09:00,J1,150,171,321
2019-08-09T00:15:00+09:00,J2,229,221,450
2019-08-09T00:15:00+09:00,J3,287,254,541
2019-08-09T00:15:00+09:00,J4,257,269,526
2019-08-09T00:15:00+09:00,J5,151,177,328
2019-08-09T00:30:00+09:00,J1,146,174,320
2019-08-09T00:30:00+09:00,J2,205,242,447
2019-08-09T00:30:00+09:00,J3,277,253,530
2019-08-09T00:30:00+09:00,J4,153,205,358
2019-08-09T00:30:00+09:00,J5,181,169,350
2019-08-09T00:45:00+09:00,J1,164,161,325
2019-08-09T00:45:00+09:00,J2,154,191,345
2019-08-09T00:45:00+09:00,J3,287,238,525
2019-08-09T00:45:00+09:00,J4,190,211,401
2019-08-09T00:45:00+09:00,J5,147,160,307
2019-08-09T05:45:00+09:00,J1,233,254,487
2019-08-09T05:45:00+09:00,J2,184,226,410
2019-08-09T05:45:00+09:00,J3,287,320,607
2019-08-09T05:45:00+09:00,J4,334,290,624
2019-08-09T05:45:00+09:00,J5,156,148,304
2019-08-09T06:00:00+09:00,J1,288,260,548
2019-08-09T06:00:00+09:00,J2,249,184,433
2019-08-09T06:00:00+09:00,J3,336,391,727
2019-08-09T06:00:00+09:00,J4,345,348,693
2019-08-09T06:00:00+09:00,J5,141,164,305
2019-08-09T06:15:00+09:00,J1,245,237,482
2019-08-09T06:15:00+09:00,J2,226,198,424
2019-08-09T06:15:00+09:00,J3,420,345,765
2019-08-09T06:15:00+09:00,J4,297,352,649
2019-08-09T06:15:00+09:00,J5,170,178,348
2019-08-09T06:30:00+09:00,J1,307,249,556
2019-08-09T06:30:00+09:00,J2,223,166,389
2019-08-09T06:30:00+09:00,J3,405,328,733
2019-08-09T06:30:00+09:00,J4,492,438,930
2019-08-09T06:30:00+09:00,J5,144,164,308
2019-08-09T06:45:00+09:00,J1,383,315,698
2019-08-09T06:45:00+09:00,J2,283,203,486
2019-08-09T06:45:00+09:00,J3,475,393,868
2019-08-09T06:45:00+09:00,J4,502,525,1027
2019-08-09T06:45:00+09:00,J5,139,169,308
2019-08-09T07:00:00+09:00,J1,376,292,668
2019-08-09T07:00:00+09:00,J2,284,208,492
2019-08-09T07:00:00+09:00,J3,468,409,877
2019-08-09T07:00:00+09:00,J4,521,520,1041
2019-08-09T07:00:00+09:00,J5,189,170,359
2019-08-09T07:15:00+09:00,J1,436,304,740
2019-08-09T07:15:00+09:00,J2,319,241,560
2019-08-09T07:15:00+09:00,J3,391,427,818
2019-08-09T07:15:00+09:00,J4,528,579,1107
2019-08-09T07:15:00+09:00,J5,188,209,397
2019-08-09T07:30:00+09:00,J1,551,376,927
2019-08-09T07:30:00+09:00,J2,423,289,712
2019-08-09T07:30:00+09:00,J3,486,566,1052
2019-08-09T07:30:00+09:00,J4,538,544,1082
2019-08-09T07:30:00+09:00,J5,274,237,511
2019-08-09T07:45:00+09:00,J1,772,606,1378
2019-08-09T07:45:00+09:00,J2,439,294,733
2019-08-09T07:45:00+09:00,J3,525,607,1132
2019-08-09T07:45:00+09:00,J4,500,576,1076
2019-08-09T07:45:00+09:00,J5,278,315,593
2019-08-09T08:00:00+09:00,J1,852,714,1566
2019-08-09T08:00:00+09:00,J2,435,305,740
2019-08-09T08:00:00+09:00,J3,555,747,1302
2019-08-09T08:00:00+09:00,J4,687,763,1450
2019-08-09T08:00:00+09:00,J5,313,345,658
2019-08-09T08:15:00+09:00,J1,1088,825,1913
2019-08-09T08:15:00+09:00,J2,536,326,862
2019-08-09T08:15:00+09:00,J3,691,965,1656
2019-08-09T08:15:00+09:00,J4,613,860,1473
2019-08-09T08:15:00+09:00,J5,366,420,786
2019-08-09T08:30:00+09:00,J1,1143,759,1902
2019-08-09T08:30:00+09:00,J2,569,295,864
2019-08-09T08:30:00+09:00,J3,606,972,1578
2019-08-09T08:30:00+09:00,J4,601,939,1540
2019-08-09T08:30:00+09:00,J5,384,456,840
2019-08-09T08:45:00+09:00,J1,851,670,1521
2019-08-09T08:45:00+09:00,J2,469,311,780
2019-08-09T08:45:00+09:00,J3,769,815,1584
2019-08-09T08:45:00+09:00,J4,482,669,1151
2019-08-09T08:45:00+09:00,J5,341,354,695
2019-08-09T09:00:00+09:00,J1,715,629,1344
2019-08-09T09:00:00+09:00,J2,283,248,531
2019-08-09T09:00:00+09:00,J3,711,687,1398
2019-08-09T09:00:00+09:00,J4,506,533,1039
2019-08-09T09:00:00+09:00,J5,314,325,639
2019-08-09T09:15:00+09:00,J1,611,581,1192
2019-08-09T09:15:00+09:00,J2,246,216,462
2019-08-09T09:15:00+09:00,J3,557,573,1130
2019-08-09T09:15:00+09:00,J4,558,662,1220
2019-08-09T09:15:00+09:00,J5,275,300,575
2019-08-09T09:30:00+09:00,J1,716,636,1352
2019-08-09T09:30:00+09:00,J2,343,256,599
2019-08-09T09:30:00+09:00,J3,633,536,1169
2019-08-09T09:30:00+09:00,J4,647,685,1332
2019-08-09T09:30:00+09:00,J5,252,344,596
2019-08-09T09:45:00+09:00,J1,659,604,1263
2019-08-09T09:45:00+09:00,J2,321,223,544
2019-08-09T09:45:00+09:00,J3,704,471,1175
2019-08-09T09:45:00+09:00,J4,545,656,1201
2019-08-09T09:45:00+09:00,J5,245,277,522
2019-08-09T10:00:00+09:00,J1,661,698,1359
2019-08-09T10:00:00+09:00,J2,281,244,525
2019-08-09T10:00:00+09:00,J3,696,535,1231
2019-08-09T10:00:00+09:00,J4,611,709,1320
2019-08-09T10:00:00+09:00,J5,212,284,496
2019-08-09T10:15:00+09:00,J1,721,723,1444
2019-08-09T10:15:00+09:00,J2,304,237,541
2019-08-09T10:15:00+09:00,J3,710,479,1189
2019-08-09T10:15:00+09:00,J4,584,582,1166
2019-08-09T10:15:00+09:00,J5,184,246,430
2019-08-09T10:30:00+09:00,J1,824,824,1648
2019-08-09T10:30:00+09:00,J2,316,251,567
2019-08-09T10:30:00+09:00,J3,735,519,1254
2019-08-09T10:30:00+09:00,J4,536,591,1127
2019-08-09T10:30:00+09:00,J5,237,249,486
2019-08-09T10:45:00+09:00,J1,751,767,1518
2019-08-09T10:45:00+09:00,J2,266,212,478
2019-08-09T10:45:00+09:00,J3,749,532,1281
2019-08-09T10:45:00+09:00,J4,552,589,1141
2019-08-09T10:45:00+09:00,J5,206,254,460
2019-08-09T11:00:00+09:00,J1,690,764,1454
2019-08-09T11:00:00+09:00,J2,277,228,505
2019-08-09T11:00:00+09:00,J3,752,522,1274
2019-08-09T11:00:00+09:00,J4,673,631,1304
2019-08-09T11:00:00+09:00,J5,198,252,450
2019-08-09T11:15:00+09:00,J1,734,760,1494
2019-08-09T11:15:00+09:00,J2,256,208,464
2019-08-09T11:15:00+09:00,J3,723,538,1261
2019-08-09T11:15:00+09:00,J4,633,607,1240
2019-08-09T11:15:00+09:00,J5,195,208,403
2019-08-09T11:30:00+09:00,J1,651,751,1402
2019-08-09T11:30:00+09:00,J2,286,204,490
2019-08-09T11:30:00+09:00,J3,721,573,1294
2019-08-09T11:30:00+09:00,J4,593,577,1170
2019-08-09T11:30:00+09:00,J5,187,218,405
2019-08-09T11:45:00+09:00,J1,701,730,1431
2019-08-09T11:45:00+09:00,J2,311,190,501
2019-08-09T11:45:00+09:00,J3,779,516,1295
2019-08-09T11:45:00+09:00,J4,577,554,1131
2019-08-09T11:45:00+09:00,J5,196,177,373
2019-08-09T12:00:00+09:00,J1,658,787,1445
2019-08-09T12:00:00+09:00,J2,340,258,598
2019-08-09T12:00:00+09:00,J3,779,548,1327
2019-08-09T12:00:00+09:00,J4,539,530,1069
2019-08-09T12:00:00+09:00,J5,175,245,420
2019-08-09T12:15:00+09:00,J1,594,700,1294
2019-08-09T12:15:00+09:00,J2,318,231,549
2019-08-09T12:15:00+09:00,J3,742,588,1330
2019-08-09T12:15:00+09:00,J4,505,523,1028
2019-08-09T12:15:00+09:00,J5,234,183,417
2019-08-09T12:30:00+09:00,J1,631,705,1336
2019-08-09T12:30:00+09:00,J2,332,339,671
2019-08-09T12:30:00+09:00,J3,718,591,1309
2019-08-09T12:30:00+09:00,J4,478,540,1018
2019-08-09T12:30:00+09:00,J5,217,230,447
2019-08-09T12:45:00+09:00,J1,617,705,1322
2019-08-09T12:45:00+09:00,J2,367,295,662
2019-08-09T12:45:00+09:00,J3,733,563,1296
2019-08-09T12:45:00+09:00,J4,474,554,1028
2019-08-09T12:45:00+09:00,J5,222,231,453
2019-08-09T13:00:00+09:00,J1,670,752,1422
2019-08-09T13:00:00+09:00,J2,308,291,599
2019-08-09T13:00:00+09:00,J3,778,627,1405
2019-08-09T13:00:00+09:00,J4,584,534,1118
2019-08-09T13:00:00+09:00,J5,201,232,433
2019-08-09T13:15:00+09:00,J1,542,691,1233
2019-08-09T13:15:00+09:00,J2,313,249,562
2019-08-09T13:15:00+09:00,J3,720,502,1222
2019-08-09T13:15:00+09:00,J4,567,574,1141
2019-08-09T13:15:00+09:00,J5,186,219,405
2019-08-09T13:30:00+09:00,J1,563,736,1299
2019-08-09T13:30:00+09:00,J2,311,233,544
2019-08-09T13:30:00+09:00,J3,745,488,1233
2019-08-09T13:30:00+09:00,J4,555,584,1139
2019-08-09T13:30:00+09:00,J5,182,215,397
2019-08-09T13:45:00+09:00,J1,642,728,1370
2019-08-09T13:45:00+09:00,J2,287,224,511
2019-08-09T13:45:00+09:00,J3,775,497,1272
2019-08-09T13:45:00+09:00,J4,595,525,1120
2019-08-09T13:45:00+09:00,J5,225,247,472
2019-08-09T14:00:00+09:00,J1,621,700,1321
2019-08-09T14:00:00+09:00,J2,326,226,552
2019-08-09T14:00:00+09:00,J3,761,498,1259
2019-08-09T14:00:00+09:00,J4,528,498,1026
2019-08-09T14:00:00+09:00,J5,168,199,367
2019-08-09T14:15:00+09:00,J1,609,723,1332
2019-08-09T14:15:00+09:00,J2,287,217,504
2019-08-09T14:15:00+09:00,J3,775,477,1252
2019-08-09T14:15:00+09:00,J4,566,551,1117
2019-08-09T14:15:00+09:00,J5,208,225,433
2019-08-09T14:30:00+09:00,J1,611,727,1338
2019-08-09T14:30:00+09:00,J2,348,253,601
2019-08-09T14:30:00+09:00,J3,809,561,1370
2019-08-09T14:30:00+09:00,J4,614,560,1174
2019-08-09T14:30:00+09:00,J5,207,255,462
2019-08-09T14:45:00+09:00,J1,629,677,1306
2019-08-09T14:45:00+09:00,J2,308,252,560
2019-08-09T14:45:00+09:00,J3,715,545,1260
2019-08-09T14:45:00+09:00,J4,612,602,1214
2019-08-09T14:45:00+09:00,J5,220,231,451
2019-08-09T15:00:00+09:00,J1,557,680,1237
2019-08-09T15:00:00+09:00,J2,299,234,533
2019-08-09T15:00:00+09:00,J3,780,541,1321
2019-08-09T15:00:00+09:00,J4,626,572,1198
2019-08-09T15:00:00+09:00,J5,195,222,417
2019-08-09T15:15:00+09:00,J1,631,733,1364
2019-08-09T15:15:00+09:00,J2,340,273,613
2019-08-09T15:15:00+09:00,J3,708,583,1291
2019-08-09T15:15:00+09:00,J4,621,588,1209
2019-08-09T15:15:00+09:00,J5,196,211,407
2019-08-09T15:30:00+09:00,J1,635,767,1402
2019-08-09T15:30:00+09:00,J2,301,263,564
2019-08-09T15:30:00+09:00,J3,752,549,1301
2019-08-09T15:30:00+09:00,J4,658,574,1232
2019-08-09T15:30:00+09:00,J5,216,224,440
2019-08-09T15:45:00+09:00,J1,594,627,1221
2019-08-09T15:45:00+09:00,J2,338,240,578
2019-08-09T15:45:00+09:00,J3,675,519,1194
2019-08-09T15:45:00+09:00,J4,658,576,1234
2019-08-09T15:45:00+09:00,J5,245,208,453
2019-08-09T16:00:00+09:00,J1,598,668,1266
2019-08-09T16:00:00+09:00,J2,336,305,641
2019-08-09T16:00:00+09:00,J3,685,579,1264
2019-08-09T16:00:00+09:00,J4,567,571,1138
2019-08-09T16:00:00+09:00,J5,242,231,473
2019-08-09T16:15:00+09:00,J1,678,707,1385
2019-08-09T16:15:00+09:00,J2,376,291,667
2019-08-09T16:15:00+09:00,J3,728,579,1307
2019-08-09T16:15:00+09:00,J4,598,623,1221
2019-08-09T16:15:00+09:00,J5,252,220,472
2019-08-09T16:30:00+09:00,J1,617,691,1308
2019-08-09T16:30:00+09:00,J2,332,214,546
2019-08-09T16:30:00+09:00,J3,693,591,1284
2019-08-09T16:30:00+09:00,J4,598,653,1251
2019-08-09T16:30:00+09:00,J5,247,224,471
2019-08-09T16:45:00+09:00,J1,603,701,1304
2019-08-09T16:45:00+09:00,J2,312,234,546
2019-08-09T16:45:00+09:00,J3,675,610,1285
2019-08-09T16:45:00+09:00,J4,672,660,1332
2019-08-09T16:45:00+09:00,J5,257,236,493
2019-08-09T17:00:00+09:00,J1,642,819,1461
2019-08-09T17:00:00+09:00,J2,362,263,625
2019-08-09T17:00:00+09:00,J3,710,671,1381
2019-08-09T17:00:00+09:00,J4,607,737,1344
2019-08-09T17:00:00+09:00,J5,258,271,529
2019-08-09T17:15:00+09:00,J1,664,874,1538
2019-08-09T17:15:00+09:00,J2,430,271,701
2019-08-09T17:15:00+09:00,J3,778,744,1522
2019-08-09T17:15:00+09:00,J4,741,670,1411
2019-08-09T17:15:00+09:00,J5,221,291,512
2019-08-09T17:30:00+09:00,J1,751,871,1622
2019-08-09T17:30:00+09:00,J2,470,326,796
2019-08-09T17:30:00+09:00,J3,838,772,1610
2019-08-09T17:30:00+09:00,J4,742,706,1448
2019-08-09T17:30:00+09:00,J5,213,277,490
2019-08-09T17:45:00+09:00,J1,759,933,1692
2019-08-09T17:45:00+09:00,J2,460,320,780
2019-08-09T17:45:00+09:00,J3,897,660,1557
2019-08-09T17:45:00+09:00,J4,829,710,1539
2019-08-09T17:45:00+09:00,J5,232,337,569
2019-08-09T18:00:00+09:00,J1,734,902,1636
2019-08-09T18:00:00+09:00,J2,500,385,885
2019-08-09T18:00:00+09:00,J3,932,558,1490
2019-08-09T18:00:00+09:00,J4,823,668,1491
2019-08-09T18:00:00+09:00,J5,234,351,585
2019-08-09T18:15:00+09:00,J1,775,848,1623
2019-08-09T18:15:00+09:00,J2,512,407,919
2019-08-09T18:15:00+09:00,J3,894,501,1395
2019-08-09T18:15:00+09:00,J4,835,619,1454
2019-08-09T18:15:00+09:00,J5,241,368,609
2019-08-09T18:30:00+09:00,J1,681,791,1472
2019-08-09T18:30:00+09:00,J2,478,423,901
2019-08-09T18:30:00+09:00,J3,867,550,1417
2019-08-09T18:30:00+09:00,J4,699,618,1317
2019-08-09T18:30:00+09:00,J5,201,308,509
2019-08-09T18:45:00+09:00,J1,675,819,1494
2019-08-09T18:45:00+09:00,J2,445,351,796
2019-08-09T18:45:00+09:00,J3,856,505,1361
2019-08-09T18:45:00+09:00,J4,811,650,1461
2019-08-09T18:45:00+09:00,J5,177,261,438
2019-08-09T19:00:00+09:00,J1,604,663,1267
2019-08-09T19:00:00+09:00,J2,417,338,755
2019-08-09T19:00:00+09:00,J3,823,476,1299
2019-08-09T19:00:00+09:00,J4,743,672,1415
2019-08-09T19:00:00+09:00,J5,195,270,465
2019-08-09T19:15:00+09:00,J1,679,824,1503
2019-08-09T19:15:00+09:00,J2,386,293,679
2019-08-09T19:15:00+09:00,J3,794,491,1285
2019-08-09T19:15:00+09:00,J4,779,652,1431
2019-08-09T19:15:00+09:00,J5,227,358,585
2019-08-09T19:30:00+09:00,J1,717,776,1493
2019-08-09T19:30:00+09:00,J2,426,347,773
2019-08-09T19:30:00+09:00,J3,809,540,1349
2019-08-09T19:30:00+09:00,J4,705,569,1274
2019-08-09T19:30:00+09:00,J5,180,255,435
2019-08-09T19:45:00+09:00,J1,626,760,1386
2019-08-09T19:45:00+09:00,J2,429,384,813
2019-08-09T19:45:00+09:00,J3,732,588,1320
2019-08-09T19:45:00+09:00,J4,723,688,1411
2019-08-09T19:45:00+09:00,J5,237,220,457
2019-08-09T20:00:00+09:00,J1,605,758,1363
2019-08-09T20:00:00+09:00,J2,374,330,704
2019-08-09T20:00:00+09:00,J3,643,557,1200
2019-08-09T20:00:00+09:00,J4,704,709,1413
2019-08-09T20:00:00+09:00,J5,211,205,416
2019-08-09T20:15:00+09:00,J1,548,743,1291
2019-08-09T20:15:00+09:00,J2,360,316,676
2019-08-09T20:15:00+09:00,J3,627,520,1147
2019-08-09T20:15:00+09:00,J4,724,701,1425
2019-08-09T20:15:00+09:00,J5,197,207,404
2019-08-09T20:30:00+09:00,J1,532,705,1237
2019-08-09T20:30:00+09:00,J2,321,243,564
2019-08-09T20:30:00+09:00,J3,541,586,1127
2019-08-09T20:30:00+09:00,J4,677,616,1293
2019-08-09T20:30:00+09:00,J5,194,235,429
2019-08-09T20:45:00+09:00,J1,506,677,1183
2019-08-09T20:45:00+09:00,J2,312,275,587
2019-08-09T20:45:00+09:00,J3,568,493,1061
2019-08-09T20:45:00+09:00,J4,619,595,1214
2019-08-09T20:45:00+09:00,J5,256,202,458
2019-08-09T21:00:00+09:00,J1,406,526,932
2019-08-09T21:00:00+09:00,J2,241,272,513
2019-08-09T21:00:00+09:00,J3,482,343,825
2019-08-09T21:00:00+09:00,J4,738,589,1327
2019-08-09T21:00:00+09:00,J5,231,205,436
2019-08-09T21:15:00+09:00,J1,421,588,1009
2019-08-09T21:15:00+09:00,J2,307,275,582
2019-08-09T21:15:00+09:00,J3,524,410,934
2019-08-09T21:15:00+09:00,J4,707,592,1299
2019-08-09T21:15:00+09:00,J5,178,137,315
2019-08-09T21:30:00+09:00,J1,399,491,890
2019-08-09T21:30:00+09:00,J2,285,278,563
2019-08-09T21:30:00+09:00,J3,511,404,915
2019-08-09T21:30:00+09:00,J4,598,466,1064
2019-08-09T21:30:00+09:00,J5,174,185,359
2019-08-09T21:45:00+09:00,J1,481,601,1082
2019-08-09T21:45:00+09:00,J2,342,281,623
2019-08-09T21:45:00+09:00,J3,608,503,1111
2019-08-09T21:45:00+09:00,J4,655,587,1242
2019-08-09T21:45:00+09:00,J5,183,200,383
2019-08-09T22:00:00+09:00,J1,464,616,1080
2019-08-09T22:00:00+09:00,J2,344,263,607
2019-08-09T22:00:00+09:00,J3,604,480,1084
2019-08-09T22:00:00+09:00,J4,604,574,1178
2019-08-09T22:00:00+09:00,J5,209,171,380
2019-08-09T22:15:00+09:00,J1,444,594,1038
2019-08-09T22:15:00+09:00,J2,359,238,597
2019-08-09T22:15:00+09:00,J3,557,510,1067
2019-08-09T22:15:00+09:00,J4,651,522,1173
2019-08-09T22:15:00+09:00,J5,185,192,377
2019-08-09T22:30:00+09:00,J1,488,627,1115
2019-08-09T22:30:00+09:00,J2,346,271,617
2019-08-09T22:30:00+09:00,J3,550,374,924
2019-08-09T22:30:00+09:00,J4,634,620,1254
2019-08-09T22:30:00+09:00,J5,169,192,361
2019-08-09T22:45:00+09:00,J1,521,615,1136
2019-08-09T22:45:00+09:00,J2,373,293,666
2019-08-09T22:45:00+09:00,J3,496,444,940
2019-08-09T22:45:00+09:00,J4,684,598,1282
2019-08-09T22:45:00+09:00,J5,144,205,349
2019-08-09T23:00:00+09:00,J1,509,653,1162
2019-08-09T23:00:00+09:00,J2,372,268,640
2019-08-09T23:00:00+09:00,J3,520,419,939
2019-08-09T23:00:00+09:00,J4,603,503,1106
2019-08-09T23:00:00+09:00,J5,144,214,358
2019-08-09T23:15:00+09:00,J1,502,638,1140
2019-08-09T23:15:00+09:00,J2,320,241,561
2019-08-09T23:15:00+09:00,J3,470,463,933
2019-08-09T23:15:00+09:00,J4,583,549,1132
2019-08-09T23:15:00+09:00,J5,96,194,290
2019-08-09T23:30:00+09:00,J1,419,624,1043
2019-08-09T23:30:00+09:00,J2,296,319,615
2019-08-09T23:30:00+09:00,J3,507,519,1026
2019-08-09T23:30:00+09:00,J4,572,578,1150
2019-08-09T23:30:00+09:00,J5,129,180,309
2019-08-09T23:45:00+09:00,J1,390,523,913
2019-08-09T23:45:00+09:00,J2,289,237,526
2019-08-09T23:45:00+09:00,J3,502,368,870
2019-08-09T23:45:00+09:00,J4,592,557,1149
2019-08-09T23:45:00+09:00,J5,137,176,313
2019-08-10T00:00:00+09:00,J1,285,275,560
2019-08-10T00:00:00+09:00,J2,198,154,352
2019-08-10T00:00:00+09:00,J3,417,296,713
2019-08-10T00:00:00+09:00,J4,578,596,1174
2019-08-10T00:00:00+09:00,J5,168,207,375
2019-08-10T00:15:00+09:00,J1,240,253,493
2019-08-10T00:15:00+09:00,J2,182,113,295
2019-08-10T00:15:00+09:00,J3,309,277,586
2019-08-10T00:15:00+09:00,J4,474,458,932
2019-08-10T00:15:00+09:00,J5,165,184,349
2019-08-10T00:30:00+09:00,J1,164,160,324
2019-08-10T00:30:00+09:00,J2,175,164,339
2019-08-10T00:30:00+09:00,J3,348,276,624
2019-08-10T00:30:00+09:00,J4,572,488,1060
2019-08-10T00:30:00+09:00,J5,132,166,298
2019-08-10T00:45:00+09:00,J1,182,183,365
2019-08-10T00:45:00+09:00,J2,178,184,362
2019-08-10T00:45:00+09:00,J3,334,303,637
2019-08-10T00:45:00+09:00,J4,576,487,1063
2019-08-10T00:45:00+09:00,J5,118,111,229
2019-08-10T05:45:00+09:00,J1,367,326,693
2019-08-10T05:45:00+09:00,J2,221,187,408
2019-08-10T05:45:00+09:00,J3,256,263,519
2019-08-10T05:45:00+09:00,J4,293,229,522
2019-08-10T05:45:00+09:00,J5,254,248,502
2019-08-10T06:00:00+09:00,J1,322,306,628
2019-08-10T06:00:00+09:00,J2,188,176,364
2019-08-10T06:00:00+09:00,J3,218,176,394
2019-08-10T06:00:00+09:00,J4,401,409,810
2019-08-10T06:00:00+09:00,J5,329,347,676
2019-08-10T06:15:00+09:00,J1,271,267,538
2019-08-10T06:15:00+09:00,J2,208,163,371
2019-08-10T06:15:00+09:00,J3,214,198,412
2019-08-10T06:15:00+09:00,J4,436,426,862
2019-08-10T06:15:00+09:00,J5,330,341,671
2019-08-10T06:30:00+09:00,J1,261,246,507
2019-08-10T06:30:00+09:00,J2,198,149,347
2019-08-10T06:30:00+09:00,J3,185,171,356
2019-08-10T06:30:00+09:00,J4,327,326,653
2019-08-10T06:30:00+09:00,J5,283,301,584
2019-08-10T06:45:00+09:00,J1,378,309,687
2019-08-10T06:45:00+09:00,J2,180,161,341
2019-08-10T06:45:00+09:00,J3,203,182,385
2019-08-10T06:45:00+09:00,J4,352,376,728
2019-08-10T06:45:00+09:00,J5,323,260,583
2019-08-10T07:00:00+09:00,J1,432,356,788
2019-08-10T07:00:00+09:00,J2,170,158,328
2019-08-10T07:00:00+09:00,J3,218,189,407
2019-08-10T07:00:00+09:00,J4,480,522,1002
2019-08-10T07:00:00+09:00,J5,315,316,631
2019-08-10T07:15:00+09:00,J1,393,376,769
2019-08-10T07:15:00+09:00,J2,215,225,440
2019-08-10T07:15:00+09:00,J3,244,198,442
2019-08-10T07:15:00+09:00,J4,382,393,775
2019-08-10T07:15:00+09:00,J5,262,221,483
2019-08-10T07:30:00+09:00,J1,393,346,739
2019-08-10T07:30:00+09:00,J2,230,206,436
2019-08-10T07:30:00+09:00,J3,213,213,426
2019-08-10T07:30:00+09:00,J4,377,379,756
2019-08-10T07:30:00+09:00,J5,300,354,654
2019-08-10T07:45:00+09:00,J1,420,370,790
2019-08-10T07:45:00+09:00,J2,240,222,462
2019-08-10T07:45:00+09:00,J3,243,275,518
2019-08-10T07:45:00+09:00,J4,382,370,752
2019-08-10T07:45:00+09:00,J5,264,330,594
2019-08-10T08:00:00+09:00,J1,607,564,1171
2019-08-10T08:00:00+09:00,J2,226,245,471
2019-08-10T08:00:00+09:00,J3,413,386,799
2019-08-10T08:00:00+09:00,J4,406,440,846
2019-08-10T08:00:00+09:00,J5,344,361,705
2019-08-10T08:15:00+09:00,J1,644,498,1142
2019-08-10T08:15:00+09:00,J2,194,207,401
2019-08-10T08:15:00+09:00,J3,520,414,934
2019-08-10T08:15:00+09:00,J4,470,556,1026
2019-08-10T08:15:00+09:00,J5,344,277,621
2019-08-10T08:30:00+09:00,J1,603,535,1138
2019-08-10T08:30:00+09:00,J2,248,237,485
2019-08-10T08:30:00+09:00,J3,557,468,1025
2019-08-10T08:30:00+09:00,J4,483,525,1008
2019-08-10T08:30:00+09:00,J5,289,278,567
2019-08-10T08:45:00+09:00,J1,618,537,1155
2019-08-10T08:45:00+09:00,J2,228,197,425
2019-08-10T08:45:00+09:00,J3,610,438,1048
2019-08-10T08:45:00+09:00,J4,451,469,920
2019-08-10T08:45:00+09:00,J5,312,277,589
2019-08-10T09:00:00+09:00,J1,553,537,1090
2019-08-10T09:00:00+09:00,J2,207,213,420
2019-08-10T09:00:00+09:00,J3,568,424,992
2019-08-10T09:00:00+09:00,J4,504,587,1091
2019-08-10T09:00:00+09:00,J5,312,303,615
2019-08-10T09:15:00+09:00,J1,616,523,1139
2019-08-10T09:15:00+09:00,J2,235,177,412
2019-08-10T09:15:00+09:00,J3,608,458,1066
2019-08-10T09:15:00+09:00,J4,438,447,885
2019-08-10T09:15:00+09:00,J5,277,252,529
2019-08-10T09:30:00+09:00,J1,583,441,1024
2019-08-10T09:30:00+09:00,J2,260,194,454
2019-08-10T09:30:00+09:00,J3,648,439,1087
2019-08-10T09:30:00+09:00,J4,449,461,910
2019-08-10T09:30:00+09:00,J5,281,254,535
2019-08-10T09:45:00+09:00,J1,625,572,1197
2019-08-10T09:45:00+09:00,J2,235,206,441
2019-08-10T09:45:00+09:00,J3,630,465,1095
2019-08-10T09:45:00+09:00,J4,396,403,799
2019-08-10T09:45:00+09:00,J5,338,301,639
2019-08-10T10:00:00+09:00,J1,609,634,1243
2019-08-10T10:00:00+09:00,J2,217,244,461
2019-08-10T10:00:00+09:00,J3,596,448,1044
2019-08-10T10:00:00+09:00,J4,491,449,940
2019-08-10T10:00:00+09:00,J5,309,300,609
2019-08-10T10:15:00+09:00,J1,718,667,1385
2019-08-10T10:15:00+09:00,J2,254,259,513
2019-08-10T10:15:00+09:00,J3,592,460,1052
2019-08-10T10:15:00+09:00,J4,575,488,1063
2019-08-10T10:15:00+09:00,J5,351,354,705
2019-08-10T10:30:00+09:00,J1,713,674,1387
2019-08-10T10:30:00+09:00,J2,270,276,546
2019-08-10T10:30:00+09:00,J3,582,494,1076
2019-08-10T10:30:00+09:00,J4,627,583,1210
2019-08-10T10:30:00+09:00,J5,364,398,762
2019-08-10T10:45:00+09:00,J1,769,660,1429
2019-08-10T10:45:00+09:00,J2,296,307,603
2019-08-10T10:45:00+09:00,J3,595,514,1109
2019-08-10T10:45:00+09:00,J4,588,529,1117
2019-08-10T10:45:00+09:00,J5,379,373,752
2019-08-10T11:00:00+09:00,J1,652,646,1298
2019-08-10T11:00:00+09:00,J2,271,278,549
2019-08-10T11:00:00+09:00,J3,623,487,1110
2019-08-10T11:00:00+09:00,J4,711,634,1345
2019-08-10T11:00:00+09:00,J5,354,444,798
2019-08-10T11:15:00+09:00,J1,680,698,1378
2019-08-10T11:15:00+09:00,J2,297,340,637
2019-08-10T11:15:00+09:00,J3,623,504,1127
2019-08-10T11:15:00+09:00,J4,663,587,1250
2019-08-10T11:15:00+09:00,J5,342,436,778
2019-08-10T11:30:00+09:00,J1,682,636,1318
2019-08-10T11:30:00+09:00,J2,270,282,552
2019-08-10T11:30:00+09:00,J3,550,472,1022
2019-08-10T11:30:00+09:00,J4,798,727,1525
2019-08-10T11:30:00+09:00,J5,316,390,706
2019-08-10T11:45:00+09:00,J1,711,635,1346
2019-08-10T11:45:00+09:00,J2,320,286,606
2019-08-10T11:45:00+09:00,J3,565,402,967
2019-08-10T11:45:00+09:00,J4,705,669,1374
2019-08-10T11:45:00+09:00,J5,337,385,722
2019-08-10T12:00:00+09:00,J1,625,688,1313
2019-08-10T12:00:00+09:00,J2,363,293,656
2019-08-10T12:00:00+09:00,J3,571,371,942
2019-08-10T12:00:00+09:00,J4,721,755,1476
2019-08-10T12:00:00+09:00,J5,350,368,718
2019-08-10T12:15:00+09:00,J1,709,663,1372
2019-08-10T12:15:00+09:00,J2,421,276,697
2019-08-10T12:15:00+09:00,J3,590,463,1053
2019-08-10T12:15:00+09:00,J4,675,614,1289
2019-08-10T12:15:00+09:00,J5,360,311,671
2019-08-10T12:30:00+09:00,J1,623,706,1329
2019-08-10T12:30:00+09:00,J2,375,236,611
2019-08-10T12:30:00+09:00,J3,603,517,1120
2019-08-10T12:30:00+09:00,J4,668,722,1390
2019-08-10T12:30:00+09:00,J5,391,360,751
2019-08-10T12:45:00+09:00,J1,637,746,1383
2019-08-10T12:45:00+09:00,J2,317,246,563
2019-08-10T12:45:00+09:00,J3,617,485,1102
2019-08-10T12:45:00+09:00,J4,642,659,1301
2019-08-10T12:45:00+09:00,J5,359,387,746
2019-08-10T13:00:00+09:00,J1,701,798,1499
2019-08-10T13:00:00+09:00,J2,315,238,553
2019-08-10T13:00:00+09:00,J3,581,509,1090
2019-08-10T13:00:00+09:00,J4,701,693,1394
2019-08-10T13:00:00+09:00,J5,322,302,624
2019-08-10T13:15:00+09:00,J1,719,823,1542
2019-08-10T13:15:00+09:00,J2,389,247,636
2019-08-10T13:15:00+09:00,J3,747,699,1446
2019-08-10T13:15:00+09:00,J4,681,642,1323
2019-08-10T13:15:00+09:00,J5,327,279,606
2019-08-10T13:30:00+09:00,J1,704,779,1483
2019-08-10T13:30:00+09:00,J2,405,251,656
2019-08-10T13:30:00+09:00,J3,706,722,1428
2019-08-10T13:30:00+09:00,J4,692,682,1374
2019-08-10T13:30:00+09:00,J5,322,298,620
2019-08-10T13:45:00+09:00,J1,632,770,1402
2019-08-10T13:45:00+09:00,J2,429,267,696
2019-08-10T13:45:00+09:00,J3,737,713,1450
2019-08-10T13:45:00+09:00,J4,671,653,1324
2019-08-10T13:45:00+09:00,J5,254,222,476
2019-08-10T14:00:00+09:00,J1,677,715,1392
2019-08-10T14:00:00+09:00,J2,530,299,829
2019-08-10T14:00:00+09:00,J3,677,645,1322
2019-08-10T14:00:00+09:00,J4,667,664,1331
2019-08-10T14:00:00+09:00,J5,252,195,447
2019-08-10T14:15:00+09:00,J1,702,858,1560
2019-08-10T14:15:00+09:00,J2,501,283,784
2019-08-10T14:15:00+09:00,J3,721,620,1341
2019-08-10T14:15:00+09:00,J4,725,665,1390
2019-08-10T14:15:00+09:00,J5,203,182,385
2019-08-10T14:30:00+09:00,J1,684,801,1485
2019-08-10T14:30:00+09:00,J2,461,311,772
2019-08-10T14:30:00+09:00,J3,697,666,1363
2019-08-10T14:30:00+09:00,J4,693,683,1376
2019-08-10T14:30:00+09:00,J5,292,249,541
2019-08-10T14:45:00+09:00,J1,693,757,1450
2019-08-10T14:45:00+09:00,J2,449,291,740
2019-08-10T14:45:00+09:00,J3,704,634,1338
2019-08-10T14:45:00+09:00,J4,644,750,1394
2019-08-10T14:45:00+09:00,J5,217,209,426
2019-08-10T15:00:00+09:00,J1,648,789,1437
2019-08-10T15:00:00+09:00,J2,476,334,810
2019-08-10T15:00:00+09:00,J3,635,544,1179
2019-08-10T15:00:00+09:00,J4,648,584,1232
2019-08-10T15:00:00+09:00,J5,291,227,518
2019-08-10T15:15:00+09:00,J1,647,757,1404
2019-08-10T15:15:00+09:00,J2,454,298,752
2019-08-10T15:15:00+09:00,J3,649,557,1206
2019-08-10T15:15:00+09:00,J4,661,605,1266
2019-08-10T15:15:00+09:00,J5,232,196,428
2019-08-10T15:30:00+09:00,J1,675,822,1497
2019-08-10T15:30:00+09:00,J2,468,365,833
2019-08-10T15:30:00+09:00,J3,661,593,1254
2019-08-10T15:30:00+09:00,J4,702,631,1333
2019-08-10T15:30:00+09:00,J5,209,167,376
2019-08-10T15:45:00+09:00,J1,688,811,1499
2019-08-10T15:45:00+09:00,J2,520,337,857
2019-08-10T15:45:00+09:00,J3,619,531,1150
2019-08-10T15:45:00+09:00,J4,690,649,1339
2019-08-10T15:45:00+09:00,J5,247,195,442
2019-08-10T16:00:00+09:00,J1,675,826,1501
2019-08-10T16:00:00+09:00,J2,424,316,740
2019-08-10T16:00:00+09:00,J3,629,580,1209
2019-08-10T16:00:00+09:00,J4,694,599,1293
2019-08-10T16:00:00+09:00,J5,235,227,462
2019-08-10T16:15:00+09:00,J1,712,771,1483
2019-08-10T16:15:00+09:00,J2,511,317,828
2019-08-10T16:15:00+09:00,J3,586,519,1105
2019-08-10T16:15:00+09:00,J4,658,557,1215
2019-08-10T16:15:00+09:00,J5,174,158,332
2019-08-10T16:30:00+09:00,J1,684,760,1444
2019-08-10T16:30:00+09:00,J2,485,316,801
2019-08-10T16:30:00+09:00,J3,661,519,1180
2019-08-10T16:30:00+09:00,J4,659,501,1160
2019-08-10T16:30:00+09:00,J5,233,184,417
2019-08-10T16:45:00+09:00,J1,667,803,1470
2019-08-10T16:45:00+09:00,J2,554,343,897
2019-08-10T16:45:00+09:00,J3,698,528,1226
2019-08-10T16:45:00+09:00,J4,721,535,1256
2019-08-10T16:45:00+09:00,J5,222,164,386
2019-08-10T17:00:00+09:00,J1,670,728,1398
2019-08-10T17:00:00+09:00,J2,404,289,693
2019-08-10T17:00:00+09:00,J3,674,649,1323
2019-08-10T17:00:00+09:00,J4,622,513,1135
2019-08-10T17:00:00+09:00,J5,205,189,394
2019-08-10T17:15:00+09:00,J1,701,768,1469
2019-08-10T17:15:00+09:00,J2,498,312,810
2019-08-10T17:15:00+09:00,J3,733,687,1420
2019-08-10T17:15:00+09:00,J4,730,497,1227
2019-08-10T17:15:00+09:00,J5,228,229,457
2019-08-10T17:30:00+09:00,J1,692,759,1451
2019-08-10T17:30:00+09:00,J2,480,333,813
2019-08-10T17:30:00+09:00,J3,756,689,1445
2019-08-10T17:30:00+09:00,J4,777,583,1360
2019-08-10T17:30:00+09:00,J5,210,184,394
2019-08-10T17:45:00+09:00,J1,763,815,1578
2019-08-10T17:45:00+09:00,J2,494,292,786
2019-08-10T17:45:00+09:00,J3,646,689,1335
2019-08-10T17:45:00+09:00,J4,640,573,1213
2019-08-10T17:45:00+09:00,J5,225,185,410
2019-08-10T18:00:00+09:00,J1,772,882,1654
2019-08-10T18:00:00+09:00,J2,540,295,835
2019-08-10T18:00:00+09:00,J3,710,651,1361
2019-08-10T18:00:00+09:00,J4,682,520,1202
2019-08-10T18:00:00+09:00,J5,202,164,366
2019-08-10T18:15:00+09:00,J1,882,1014,1896
2019-08-10T18:15:00+09:00,J2,574,338,912
2019-08-10T18:15:00+09:00,J3,847,795,1642
2019-08-10T18:15:00+09:00,J4,811,473,1284
2019-08-10T18:15:00+09:00,J5,242,214,456
2019-08-10T18:30:00+09:00,J1,761,821,1582
2019-08-10T18:30:00+09:00,J2,502,300,802
2019-08-10T18:30:00+09:00,J3,658,640,1298
2019-08-10T18:30:00+09:00,J4,646,494,1140
2019-08-10T18:30:00+09:00,J5,221,178,399
2019-08-10T18:45:00+09:00,J1,703,708,1411
2019-08-10T18:45:00+09:00,J2,500,245,745
2019-08-10T18:45:00+09:00,J3,657,614,1271
2019-08-10T18:45:00+09:00,J4,630,498,1128
2019-08-10T18:45:00+09:00,J5,208,156,364
2019-08-10T19:00:00+09:00,J1,504,657,1161
2019-08-10T19:00:00+09:00,J2,377,235,612
2019-08-10T19:00:00+09:00,J3,689,577,1266
2019-08-10T19:00:00+09:00,J4,678,635,1313
2019-08-10T19:00:00+09:00,J5,261,194,455
2019-08-10T19:15:00+09:00,J1,584,689,1273
2019-08-10T19:15:00+09:00,J2,365,233,598
2019-08-10T19:15:00+09:00,J3,655,540,1195
2019-08-10T19:15:00+09:00,J4,698,635,1333
2019-08-10T19:15:00+09:00,J5,241,190,431
2019-08-10T19:30:00+09:00,J1,574,640,1214
2019-08-10T19:30:00+09:00,J2,385,203,588
2019-08-10T19:30:00+09:00,J3,618,542,1160
2019-08-10T19:30:00+09:00,J4,675,579,1254
2019-08-10T19:30:00+09:00,J5,221,170,391
2019-08-10T19:45:00+09:00,J1,586,677,1263
2019-08-10T19:45:00+09:00,J2,337,229,566
2019-08-10T19:45:00+09:00,J3,538,488,1026
2019-08-10T19:45:00+09:00,J4,646,610,1256
2019-08-10T19:45:00+09:00,J5,193,170,363
2019-08-10T20:00:00+09:00,J1,545,623,1168
2019-08-10T20:00:00+09:00,J2,308,246,554
2019-08-10T20:00:00+09:00,J3,570,495,1065
2019-08-10T20:00:00+09:00,J4,596,513,1109
2019-08-10T20:00:00+09:00,J5,275,222,497
2019-08-10T20:15:00+09:00,J1,532,667,1199
2019-08-10T20:15:00+09:00,J2,342,312,654
2019-08-10T20:15:00+09:00,J3,506,397,903
2019-08-10T20:15:00+09:00,J4,648,502,1150
2019-08-10T20:15:00+09:00,J5,218,176,394
2019-08-10T20:30:00+09:00,J1,542,643,1185
2019-08-10T20:30:00+09:00,J2,286,272,558
2019-08-10T20:30:00+09:00,J3,484,438,922
2019-08-10T20:30:00+09:00,J4,621,516,1137
2019-08-10T20:30:00+09:00,J5,178,137,315
2019-08-10T20:45:00+09:00,J1,555,629,1184
2019-08-10T20:45:00+09:00,J2,288,300,588
2019-08-10T20:45:00+09:00,J3,533,404,937
2019-08-10T20:45:00+09:00,J4,652,614,1266
2019-08-10T20:45:00+09:00,J5,164,135,299
2019-08-10T21:00:00+09:00,J1,506,531,1037
2019-08-10T21:00:00+09:00,J2,347,307,654
2019-08-10T21:00:00+09:00,J3,579,426,1005
2019-08-10T21:00:00+09:00,J4,649,568,1217
2019-08-10T21:00:00+09:00,J5,213,150,363
2019-08-10T21:15:00+09:00,J1,506,578,1084
2019-08-10T21:15:00+09:00,J2,333,264,597
2019-08-10T21:15:00+09:00,J3,585,467,1052
2019-08-10T21:15:00+09:00,J4,616,558,1174
2019-08-10T21:15:00+09:00,J5,171,157,328
2019-08-10T21:30:00+09:00,J1,485,554,1039
2019-08-10T21:30:00+09:00,J2,320,275,595
2019-08-10T21:30:00+09:00,J3,467,412,879
2019-08-10T21:30:00+09:00,J4,598,570,1168
2019-08-10T21:30:00+09:00,J5,148,119,267
2019-08-10T21:45:00+09:00,J1,417,492,909
2019-08-10T21:45:00+09:00,J2,319,289,608
2019-08-10T21:45:00+09:00,J3,466,383,849
2019-08-10T21:45:00+09:00,J4,541,471,1012
2019-08-10T21:45:00+09:00,J5,188,154,342
2019-08-10T22:00:00+09:00,J1,367,446,813
2019-08-10T22:00:00+09:00,J2,234,242,476
2019-08-10T22:00:00+09:00,J3,495,416,911
2019-08-10T22:00:00+09:00,J4,483,453,936
2019-08-10T22:00:00+09:00,J5,234,179,413
2019-08-10T22:15:00+09:00,J1,436,515,951
2019-08-10T22:15:00+09:00,J2,199,217,416
2019-08-10T22:15:00+09:00,J3,444,449,893
2019-08-10T22:15:00+09:00,J4,402,426,828
2019-08-10T22:15:00+09:00,J5,212,175,387
2019-08-10T22:30:00+09:00,J1,490,559,1049
2019-08-10T22:30:00+09:00,J2,172,239,411
2019-08-10T22:30:00+09:00,J3,540,490,1030
2019-08-10T22:30:00+09:00,J4,466,438,904
2019-08-10T22:30:00+09:00,J5,247,190,437
2019-08-10T22:45:00+09:00,J1,406,442,848
2019-08-10T22:45:00+09:00,J2,172,216,388
2019-08-10T22:45:00+09:00,J3,505,407,912
2019-08-10T22:45:00+09:00,J4,487,470,957
2019-08-10T22:45:00+09:00,J5,197,169,366
2019-08-10T23:00:00+09:00,J1,417,440,857
2019-08-10T23:00:00+09:00,J2,197,216,413
2019-08-10T23:00:00+09:00,J3,474,446,920
2019-08-10T23:00:00+09:00,J4,479,465,944
2019-08-10T23:00:00+09:00,J5,152,117,269
2019-08-10T23:15:00+09:00,J1,375,406,781
2019-08-10T23:15:00+09:00,J2,185,214,399
2019-08-10T23:15:00+09:00,J3,461,414,875
2019-08-10T23:15:00+09:00,J4,483,494,977
2019-08-10T23:15:00+09:00,J5,148,125,273
2019-08-10T23:30:00+09:00,J1,394,509,903
2019-08-10T23:30:00+09:00,J2,175,199,374
2019-08-10T23:30:00+09:00,J3,474,437,911
2019-08-10T23:30:00+09:00,J4,385,392,777
2019-08-10T23:30:00+09:00,J5,161,147,308
2019-08-10T23:45:00+09:00,J1,331,367,698
2019-08-10T23:45:00+09:00,J2,205,214,419
2019-08-10T23:45:00+09:00,J3,471,362,833
2019-08-10T23:45:00+09:00,J4,314,314,628
2019-08-10T23:45:00+09:00,J5,139,145,284
2019-08-11T00:00:00+09:00,J1,320,309,629
2019-08-11T00:00:00+09:00,J2,152,159,311
2019-08-11T00:00:00+09:00,J3,415,302,717
2019-08-11T00:00:00+09:00,J4,325,306,631
2019-08-11T00:00:00+09:00,J5,215,186,401
2019-08-11T00:15:00+09:00,J1,266,214,480
2019-08-11T00:15:00+09:00,J2,119,150,269
2019-08-11T00:15:00+09:00,J3,219,187,406
2019-08-11T00:15:00+09:00,J4,250,260,510
2019-08-11T00:15:00+09:00,J5,296,225,521
2019-08-11T00:30:00+09:00,J1,232,221,453
2019-08-11T00:30:00+09:00,J2,147,158,305
2019-08-11T00:30:00+09:00,J3,255,281,536
2019-08-11T00:30:00+09:00,J4,159,185,344
2019-08-11T00:30:00+09:00,J5,226,179,405
2019-08-11T00:45:00+09:00,J1,243,218,461
2019-08-11T00:45:00+09:00,J2,187,168,355
2019-08-11T00:45:00+09:00,J3,393,319,712
2019-08-11T00:45:00+09:00,J4,174,131,305
2019-08-11T00:45:00+09:00,J5,139,153,292
2019-08-11T05:45:00+09:00,J1,315,262,577
2019-08-11T05:45:00+09:00,J2,168,140,308
2019-08-11T05:45:00+09:00,J3,121,69,190
2019-08-11T05:45:00+09:00,J4,220,254,474
2019-08-11T05:45:00+09:00,J5,187,201,388
2019-08-11T06:00:00+09:00,J1,265,213,478
2019-08-11T06:00:00+09:00,J2,139,142,281
2019-08-11T06:00:00+09:00,J3,87,71,158
2019-08-11T06:00:00+09:00,J4,195,212,407
2019-08-11T06:00:00+09:00,J5,235,210,445
2019-08-11T06:15:00+09:00,J1,387,437,824
2019-08-11T06:15:00+09:00,J2,129,124,253
2019-08-11T06:15:00+09:00,J3,133,100,233
2019-08-11T06:15:00+09:00,J4,226,232,458
2019-08-11T06:15:00+09:00,J5,236,326,562
2019-08-11T06:30:00+09:00,J1,398,351,749
2019-08-11T06:30:00+09:00,J2,129,133,262
2019-08-11T06:30:00+09:00,J3,128,115,243
2019-08-11T06:30:00+09:00,J4,191,206,397
2019-08-11T06:30:00+09:00,J5,316,339,655
2019-08-11T06:45:00+09:00,J1,387,379,766
2019-08-11T06:45:00+09:00,J2,128,143,271
2019-08-11T06:45:00+09:00,J3,167,103,270
2019-08-11T06:45:00+09:00,J4,233,221,454
2019-08-11T06:45:00+09:00,J5,322,341,663
2019-08-11T07:00:00+09:00,J1,402,363,765
2019-08-11T07:00:00+09:00,J2,158,174,332
2019-08-11T07:00:00+09:00,J3,166,137,303
2019-08-11T07:00:00+09:00,J4,246,297,543
2019-08-11T07:00:00+09:00,J5,282,339,621
2019-08-11T07:15:00+09:00,J1,366,335,701
2019-08-11T07:15:00+09:00,J2,181,145,326
2019-08-11T07:15:00+09:00,J3,181,122,303
2019-08-11T07:15:00+09:00,J4,256,340,596
2019-08-11T07:15:00+09:00,J5,308,323,631
2019-08-11T07:30:00+09:00,J1,408,352,760
2019-08-11T07:30:00+09:00,J2,160,159,319
2019-08-11T07:30:00+09:00,J3,161,138,299
2019-08-11T07:30:00+09:00,J4,340,325,665
2019-08-11T07:30:00+09:00,J5,251,283,534
2019-08-11T07:45:00+09:00,J1,316,291,607
2019-08-11T07:45:00+09:00,J2,182,151,333
2019-08-11T07:45:00+09:00,J3,168,122,290
2019-08-11T07:45:00+09:00,J4,398,406,804
2019-08-11T07:45:00+09:00,J5,300,317,617
2019-08-11T08:00:00+09:00,J1,439,426,865
2019-08-11T08:00:00+09:00,J2,193,204,397
2019-08-11T08:00:00+09:00,J3,457,373,830
2019-08-11T08:00:00+09:00,J4,460,453,913
2019-08-11T08:00:00+09:00,J5,387,287,674
2019-08-11T08:15:00+09:00,J1,516,467,983
2019-08-11T08:15:00+09:00,J2,180,179,359
2019-08-11T08:15:00+09:00,J3,434,375,809
2019-08-11T08:15:00+09:00,J4,538,589,1127
2019-08-11T08:15:00+09:00,J5,323,265,588
2019-08-11T08:30:00+09:00,J1,564,452,1016
2019-08-11T08:30:00+09:00,J2,208,234,442
2019-08-11T08:30:00+09:00,J3,416,309,725
2019-08-11T08:30:00+09:00,J4,556,561,1117
2019-08-11T08:30:00+09:00,J5,202,160,362
2019-08-11T08:45:00+09:00,J1,515,517,1032
2019-08-11T08:45:00+09:00,J2,222,186,408
2019-08-11T08:45:00+09:00,J3,348,226,574
2019-08-11T08:45:00+09:00,J4,553,525,1078
2019-08-11T08:45:00+09:00,J5,364,254,618
2019-08-11T09:00:00+09:00,J1,443,378,821
2019-08-11T09:00:00+09:00,J2,243,245,488
2019-08-11T09:00:00+09:00,J3,402,275,677
2019-08-11T09:00:00+09:00,J4,496,549,1045
2019-08-11T09:00:00+09:00,J5,279,235,514
2019-08-11T09:15:00+09:00,J1,396,377,773
2019-08-11T09:15:00+09:00,J2,200,172,372
2019-08-11T09:15:00+09:00,J3,332,224,556
2019-08-11T09:15:00+09:00,J4,433,453,886
2019-08-11T09:15:00+09:00,J5,265,188,453
2019-08-11T09:30:00+09:00,J1,597,564,1161
2019-08-11T09:30:00+09:00,J2,211,216,427
2019-08-11T09:30:00+09:00,J3,416,343,759
2019-08-11T09:30:00+09:00,J4,613,648,1261
2019-08-11T09:30:00+09:00,J5,275,238,513
2019-08-11T09:45:00+09:00,J1,472,504,976
2019-08-11T09:45:00+09:00,J2,245,213,458
2019-08-11T09:45:00+09:00,J3,356,327,683
2019-08-11T09:45:00+09:00,J4,597,627,1224
2019-08-11T09:45:00+09:00,J5,173,125,298
2019-08-11T10:00:00+09:00,J1,483,435,918
2019-08-11T10:00:00+09:00,J2,202,234,436
2019-08-11T10:00:00+09:00,J3,399,309,708
2019-08-11T10:00:00+09:00,J4,526,560,1086
2019-08-11T10:00:00+09:00,J5,214,134,348
2019-08-11T10:15:00+09:00,J1,463,493,956
2019-08-11T10:15:00+09:00,J2,299,256,555
2019-08-11T10:15:00+09:00,J3,409,375,784
2019-08-11T10:15:00+09:00,J4,611,718,1329
2019-08-11T10:15:00+09:00,J5,218,190,408
2019-08-11T10:30:00+09:00,J1,517,516,1033
2019-08-11T10:30:00+09:00,J2,350,315,665
2019-08-11T10:30:00+09:00,J3,359,274,633
2019-08-11T10:30:00+09:00,J4,580,704,1284
2019-08-11T10:30:00+09:00,J5,198,169,367
2019-08-11T10:45:00+09:00,J1,545,557,1102
2019-08-11T10:45:00+09:00,J2,431,290,721
2019-08-11T10:45:00+09:00,J3,322,260,582
2019-08-11T10:45:00+09:00,J4,612,695,1307
2019-08-11T10:45:00+09:00,J5,243,175,418
2019-08-11T11:00:00+09:00,J1,601,575,1176
2019-08-11T11:00:00+09:00,J2,335,306,641
2019-08-11T11:00:00+09:00,J3,291,271,562
2019-08-11T11:00:00+09:00,J4,607,607,1214
2019-08-11T11:00:00+09:00,J5,165,161,326
2019-08-11T11:15:00+09:00,J1,602,665,1267
2019-08-11T11:15:00+09:00,J2,274,245,519
2019-08-11T11:15:00+09:00,J3,291,345,636
2019-08-11T11:15:00+09:00,J4,610,595,1205
2019-08-11T11:15:00+09:00,J5,237,150,387
2019-08-11T11:30:00+09:00,J1,663,560,1223
2019-08-11T11:30:00+09:00,J2,318,282,600
2019-08-11T11:30:00+09:00,J3,304,336,640
2019-08-11T11:30:00+09:00,J4,569,528,1097
2019-08-11T11:30:00+09:00,J5,209,185,394
2019-08-11T11:45:00+09:00,J1,589,551,1140
2019-08-11T11:45:00+09:00,J2,402,322,724
2019-08-11T11:45:00+09:00,J3,326,320,646
2019-08-11T11:45:00+09:00,J4,502,491,993
2019-08-11T11:45:00+09:00,J5,198,197,395
2019-08-11T12:00:00+09:00,J1,615,660,1275
2019-08-11T12:00:00+09:00,J2,378,284,662
2019-08-11T12:00:00+09:00,J3,325,335,660
2019-08-11T12:00:00+09:00,J4,522,485,1007
2019-08-11T12:00:00+09:00,J5,238,216,454
2019-08-11T12:15:00+09:00,J1,587,526,1113
2019-08-11T12:15:00+09:00,J2,405,274,679
2019-08-11T12:15:00+09:00,J3,287,324,611
2019-08-11T12:15:00+09:00,J4,526,475,1001
2019-08-11T12:15:00+09:00,J5,200,258,458
2019-08-11T12:30:00+09:00,J1,607,528,1135
2019-08-11T12:30:00+09:00,J2,395,316,711
2019-08-11T12:30:00+09:00,J3,217,262,479
2019-08-11T12:30:00+09:00,J4,612,525,1137
2019-08-11T12:30:00+09:00,J5,201,222,423
2019-08-11T12:45:00+09:00,J1,509,557,1066
2019-08-11T12:45:00+09:00,J2,440,328,768
2019-08-11T12:45:00+09:00,J3,232,273,505
2019-08-11T12:45:00+09:00,J4,607,591,1198
2019-08-11T12:45:00+09:00,J5,195,227,422
2019-08-11T13:00:00+09:00,J1,484,502,986
2019-08-11T13:00:00+09:00,J2,428,379,807
2019-08-11T13:00:00+09:00,J3,229,295,524
2019-08-11T13:00:00+09:00,J4,654,624,1278
2019-08-11T13:00:00+09:00,J5,208,246,454
2019-08-11T13:15:00+09:00,J1,486,542,1028
2019-08-11T13:15:00+09:00,J2,416,373,789
2019-08-11T13:15:00+09:00,J3,279,290,569
2019-08-11T13:15:00+09:00,J4,617,644,1261
2019-08-11T13:15:00+09:00,J5,187,224,411
2019-08-11T13:30:00+09:00,J1,498,548,1046
2019-08-11T13:30:00+09:00,J2,363,307,670
2019-08-11T13:30:00+09:00,J3,286,334,620
2019-08-11T13:30:00+09:00,J4,691,605,1296
2019-08-11T13:30:00+09:00,J5,190,264,454
2019-08-11T13:45:00+09:00,J1,477,612,1089
2019-08-11T13:45:00+09:00,J2,332,270,602
2019-08-11T13:45:00+09:00,J3,253,306,559
2019-08-11T13:45:00+09:00,J4,602,606,1208
2019-08-11T13:45:00+09:00,J5,192,225,417
2019-08-11T14:00:00+09:00,J1,576,630,1206
2019-08-11T14:00:00+09:00,J2,344,227,571
2019-08-11T14:00:00+09:00,J3,284,252,536
2019-08-11T14:00:00+09:00,J4,537,536,1073
2019-08-11T14:00:00+09:00,J5,180,251,431
2019-08-11T14:15:00+09:00,J1,538,587,1125
2019-08-11T14:15:00+09:00,J2,418,294,712
2019-08-11T14:15:00+09:00,J3,303,324,627
2019-08-11T14:15:00+09:00,J4,669,537,1206
2019-08-11T14:15:00+09:00,J5,191,212,403
2019-08-11T14:30:00+09:00,J1,581,608,1189
2019-08-11T14:30:00+09:00,J2,351,283,634
2019-08-11T14:30:00+09:00,J3,286,297,583
2019-08-11T14:30:00+09:00,J4,676,596,1272
2019-08-11T14:30:00+09:00,J5,205,207,412
2019-08-11T14:45:00+09:00,J1,549,529,1078
2019-08-11T14:45:00+09:00,J2,344,263,607
2019-08-11T14:45:00+09:00,J3,287,328,615
2019-08-11T14:45:00+09:00,J4,779,665,1444
2019-08-11T14:45:00+09:00,J5,205,215,420
2019-08-11T15:00:00+09:00,J1,615,585,1200
2019-08-11T15:00:00+09:00,J2,427,346,773
2019-08-11T15:00:00+09:00,J3,314,329,643
2019-08-11T15:00:00+09:00,J4,659,651,1310
2019-08-11T15:00:00+09:00,J5,232,178,410
2019-08-11T15:15:00+09:00,J1,487,557,1044
2019-08-11T15:15:00+09:00,J2,439,378,817
2019-08-11T15:15:00+09:00,J3,285,297,582
2019-08-11T15:15:00+09:00,J4,684,603,1287
2019-08-11T15:15:00+09:00,J5,211,199,410
2019-08-11T15:30:00+09:00,J1,597,643,1240
2019-08-11T15:30:00+09:00,J2,437,343,780
2019-08-11T15:30:00+09:00,J3,245,296,541
2019-08-11T15:30:00+09:00,J4,635,643,1278
2019-08-11T15:30:00+09:00,J5,189,236,425
2019-08-11T15:45:00+09:00,J1,665,634,1299
2019-08-11T15:45:00+09:00,J2,451,362,813
2019-08-11T15:45:00+09:00,J3,331,303,634
2019-08-11T15:45:00+09:00,J4,682,599,1281
2019-08-11T15:45:00+09:00,J5,226,250,476
2019-08-11T16:00:00+09:00,J1,657,678,1335
2019-08-11T16:00:00+09:00,J2,389,323,712
2019-08-11T16:00:00+09:00,J3,248,280,528
2019-08-11T16:00:00+09:00,J4,640,571,1211
2019-08-11T16:00:00+09:00,J5,210,196,406
2019-08-11T16:15:00+09:00,J1,625,627,1252
2019-08-11T16:15:00+09:00,J2,424,326,750
2019-08-11T16:15:00+09:00,J3,232,292,524
2019-08-11T16:15:00+09:00,J4,645,605,1250
2019-08-11T16:15:00+09:00,J5,179,191,370
2019-08-11T16:30:00+09:00,J1,657,594,1251
2019-08-11T16:30:00+09:00,J2,399,364,763
2019-08-11T16:30:00+09:00,J3,273,259,532
2019-08-11T16:30:00+09:00,J4,668,611,1279
2019-08-11T16:30:00+09:00,J5,233,193,426
2019-08-11T16:45:00+09:00,J1,614,707,1321
2019-08-11T16:45:00+09:00,J2,413,350,763
2019-08-11T16:45:00+09:00,J3,257,323,580
2019-08-11T16:45:00+09:00,J4,643,595,1238
2019-08-11T16:45:00+09:00,J5,204,225,429
2019-08-11T17:00:00+09:00,J1,634,626,1260
2019-08-11T17:00:00+09:00,J2,462,375,837
2019-08-11T17:00:00+09:00,J3,281,333,614
2019-08-11T17:00:00+09:00,J4,673,645,1318
2019-08-11T17:00:00+09:00,J5,188,226,414
2019-08-11T17:15:00+09:00,J1,586,667,1253
2019-08-11T17:15:00+09:00,J2,428,314,742
2019-08-11T17:15:00+09:00,J3,307,369,676
2019-08-11T17:15:00+09:00,J4,590,534,1124
2019-08-11T17:15:00+09:00,J5,235,226,461
2019-08-11T17:30:00+09:00,J1,675,660,1335
2019-08-11T17:30:00+09:00,J2,438,343,781
2019-08-11T17:30:00+09:00,J3,317,372,689
2019-08-11T17:30:00+09:00,J4,608,571,1179
2019-08-11T17:30:00+09:00,J5,170,202,372
2019-08-11T17:45:00+09:00,J1,682,675,1357
2019-08-11T17:45:00+09:00,J2,403,310,713
2019-08-11T17:45:00+09:00,J3,293,366,659
2019-08-11T17:45:00+09:00,J4,593,522,1115
2019-08-11T17:45:00+09:00,J5,190,211,401
2019-08-11T18:00:00+09:00,J1,678,659,1337
2019-08-11T18:00:00+09:00,J2,328,268,596
2019-08-11T18:00:00+09:00,J3,266,361,627
2019-08-11T18:00:00+09:00,J4,660,527,1187
2019-08-11T18:00:00+09:00,J5,217,231,448
2019-08-11T18:15:00+09:00,J1,677,646,1323
2019-08-11T18:15:00+09:00,J2,452,313,765
2019-08-11T18:15:00+09:00,J3,322,347,669
2019-08-11T18:15:00+09:00,J4,662,560,1222
2019-08-11T18:15:00+09:00,J5,197,210,407
2019-08-11T18:30:00+09:00,J1,562,607,1169
2019-08-11T18:30:00+09:00,J2,303,240,543
2019-08-11T18:30:00+09:00,J3,344,326,670
2019-08-11T18:30:00+09:00,J4,713,593,1306
2019-08-11T18:30:00+09:00,J5,197,218,415
2019-08-11T18:45:00+09:00,J1,557,532,1089
2019-08-11T18:45:00+09:00,J2,338,261,599
2019-08-11T18:45:00+09:00,J3,269,260,529
2019-08-11T18:45:00+09:00,J4,557,531,1088
2019-08-11T18:45:00+09:00,J5,198,210,408
2019-08-11T19:00:00+09:00,J1,507,580,1087
2019-08-11T19:00:00+09:00,J2,358,217,575
2019-08-11T19:00:00+09:00,J3,199,215,414
2019-08-11T19:00:00+09:00,J4,516,475,991
2019-08-11T19:00:00+09:00,J5,229,187,416
2019-08-11T19:15:00+09:00,J1,476,531,1007
2019-08-11T19:15:00+09:00,J2,291,209,500
2019-08-11T19:15:00+09:00,J3,207,191,398
2019-08-11T19:15:00+09:00,J4,482,397,879
2019-08-11T19:15:00+09:00,J5,268,241,509
2019-08-11T19:30:00+09:00,J1,467,546,1013
2019-08-11T19:30:00+09:00,J2,304,214,518
2019-08-11T19:30:00+09:00,J3,200,216,416
2019-08-11T19:30:00+09:00,J4,515,439,954
2019-08-11T19:30:00+09:00,J5,276,199,475
2019-08-11T19:45:00+09:00,J1,474,510,984
2019-08-11T19:45:00+09:00,J2,304,211,515
2019-08-11T19:45:00+09:00,J3,195,238,433
2019-08-11T19:45:00+09:00,J4,481,415,896
2019-08-11T19:45:00+09:00,J5,255,208,463
2019-08-11T20:00:00+09:00,J1,451,521,972
2019-08-11T20:00:00+09:00,J2,321,231,552
2019-08-11T20:00:00+09:00,J3,295,284,579
2019-08-11T20:00:00+09:00,J4,491,444,935
2019-08-11T20:00:00+09:00,J5,219,189,408
2019-08-11T20:15:00+09:00,J1,465,590,1055
2019-08-11T20:15:00+09:00,J2,347,215,562
2019-08-11T20:15:00+09:00,J3,319,317,636
2019-08-11T20:15:00+09:00,J4,548,487,1035
2019-08-11T20:15:00+09:00,J5,283,220,503
2019-08-11T20:30:00+09:00,J1,435,545,980
2019-08-11T20:30:00+09:00,J2,346,233,579
2019-08-11T20:30:00+09:00,J3,356,321,677
2019-08-11T20:30:00+09:00,J4,476,482,958
2019-08-11T20:30:00+09:00,J5,216,197,413
2019-08-11T20:45:00+09:00,J1,441,463,904
2019-08-11T20:45:00+09:00,J2,307,218,525
2019-08-11T20:45:00+09:00,J3,341,306,647
2019-08-11T20:45:00+09:00,J4,644,515,1159
2019-08-11T20:45:00+09:00,J5,200,158,358
2019-08-11T21:00:00+09:00,J1,547,525,1072
2019-08-11T21:00:00+09:00,J2,303,284,587
2019-08-11T21:00:00+09:00,J3,306,218,524
2019-08-11T21:00:00+09:00,J4,531,478,1009
2019-08-11T21:00:00+09:00,J5,225,186,411
2019-08-11T21:15:00+09:00,J1,486,536,1022
2019-08-11T21:15:00+09:00,J2,338,242,580
2019-08-11T21:15:00+09:00,J3,301,244,545
2019-08-11T21:15:00+09:00,J4,535,482,1017
2019-08-11T21:15:00+09:00,J5,237,177,414
2019-08-11T21:30:00+09:00,J1,483,581,1064
2019-08-11T21:30:00+09:00,J2,292,238,530
2019-08-11T21:30:00+09:00,J3,286,198,484
2019-08-11T21:30:00+09:00,J4,523,438,961
2019-08-11T21:30:00+09:00,J5,302,253,555
2019-08-11T21:45:00+09:00,J1,470,472,942
2019-08-11T21:45:00+09:00,J2,282,220,502
2019-08-11T21:45:00+09:00,J3,307,246,553
2019-08-11T21:45:00+09:00,J4,517,430,947
2019-08-11T21:45:00+09:00,J5,326,304,630
2019-08-11T22:00:00+09:00,J1,444,483,927
2019-08-11T22:00:00+09:00,J2,281,273,554
2019-08-11T22:00:00+09:00,J3,316,243,559
2019-08-11T22:00:00+09:00,J4,385,388,773
2019-08-11T22:00:00+09:00,J5,300,249,549
2019-08-11T22:15:00+09:00,J1,436,523,959
2019-08-11T22:15:00+09:00,J2,233,219,452
2019-08-11T22:15:00+09:00,J3,362,251,613
2019-08-11T22:15:00+09:00,J4,390,405,795
2019-08-11T22:15:00+09:00,J5,352,332,684
2019-08-11T22:30:00+09:00,J1,493,540,1033
2019-08-11T22:30:00+09:00,J2,210,210,420
2019-08-11T22:30:00+09:00,J3,352,282,634
2019-08-11T22:30:00+09:00,J4,318,344,662
2019-08-11T22:30:00+09:00,J5,302,236,538
2019-08-11T22:45:00+09:00,J1,391,475,866
2019-08-11T22:45:00+09:00,J2,190,211,401
2019-08-11T22:45:00+09:00,J3,402,289,691
2019-08-11T22:45:00+09:00,J4,425,418,843
2019-08-11T22:45:00+09:00,J5,216,180,396
2019-08-11T23:00:00+09:00,J1,415,468,883
2019-08-11T23:00:00+09:00,J2,182,215,397
2019-08-11T23:00:00+09:00,J3,378,265,643
2019-08-11T23:00:00+09:00,J4,414,368,782
2019-08-11T23:00:00+09:00,J5,120,92,212
2019-08-11T23:15:00+09:00,J1,356,429,785
2019-08-11T23:15:00+09:00,J2,175,220,395
2019-08-11T23:15:00+09:00,J3,334,325,659
2019-08-11T23:15:00+09:00,J4,399,372,771
2019-08-11T23:15:00+09:00,J5,173,110,283
2019-08-11T23:30:00+09:00,J1,347,373,720
2019-08-11T23:30:00+09:00,J2,201,254,455
2019-08-11T23:30:00+09:00,J3,325,271,596
2019-08-11T23:30:00+09:00,J4,420,344,764
2019-08-11T23:30:00+09:00,J5,146,110,256
2019-08-11T23:45:00+09:00,J1,341,389,730
2019-08-11T23:45:00+09:00,J2,160,232,392
2019-08-11T23:45:00+09:00,J3,353,258,611
2019-08-11T23:45:00+09:00,J4,419,375,794
2019-08-11T23:45:00+09:00,J5,141,101,242
2019-08-12T00:00:00+09:00,J1,329,335,664
2019-08-12T00:00:00+09:00,J2,200,191,391
2019-08-12T00:00:00+09:00,J3,339,228,567
2019-08-12T00:00:00+09:00,J4,341,296,637
2019-08-12T00:00:00+09:00,J5,149,107,256
2019-08-12T00:15:00+09:00,J1,250,284,534
2019-08-12T00:15:00+09:00,J2,142,174,316
2019-08-12T00:15:00+09:00,J3,165,106,271
2019-08-12T00:15:00+09:00,J4,291,269,560
2019-08-12T00:15:00+09:00,J5,273,205,478
2019-08-12T00:30:00+09:00,J1,235,186,421
2019-08-12T00:30:00+09:00,J2,118,133,251
2019-08-12T00:30:00+09:00,J3,108,84,192
2019-08-12T00:30:00+09:00,J4,214,153,367
2019-08-12T00:30:00+09:00,J5,323,316,639
2019-08-12T00:45:00+09:00,J1,238,234,472
2019-08-12T00:45:00+09:00,J2,97,131,228
2019-08-12T00:45:00+09:00,J3,101,103,204
2019-08-12T00:45:00+09:00,J4,181,171,352
2019-08-12T00:45:00+09:00,J5,252,341,593
2019-08-12T05:45:00+09:00,J1,270,293,563
2019-08-12T05:45:00+09:00,J2,298,261,559
2019-08-12T05:45:00+09:00,J3,248,217,465
2019-08-12T05:45:00+09:00,J4,169,193,362
2019-08-12T05:45:00+09:00,J5,206,183,389
2019-08-12T06:00:00+09:00,J1,262,250,512
2019-08-12T06:00:00+09:00,J2,204,167,371
2019-08-12T06:00:00+09:00,J3,187,182,369
2019-08-12T06:00:00+09:00,J4,204,225,429
2019-08-12T06:00:00+09:00,J5,216,286,502
2019-08-12T06:15:00+09:00,J1,284,299,583
2019-08-12T06:15:00+09:00,J2,171,193,364
2019-08-12T06:15:00+09:00,J3,220,174,394
2019-08-12T06:15:00+09:00,J4,242,308,550
2019-08-12T06:15:00+09:00,J5,318,388,706
2019-08-12T06:30:00+09:00,J1,275,264,539
2019-08-12T06:30:00+09:00,J2,178,161,339
2019-08-12T06:30:00+09:00,J3,199,168,367
2019-08-12T06:30:00+09:00,J4,280,253,533
2019-08-12T06:30:00+09:00,J5,274,321,595
2019-08-12T06:45:00+09:00,J1,308,260,568
2019-08-12T06:45:00+09:00,J2,163,149,312
2019-08-12T06:45:00+09:00,J3,212,199,411
2019-08-12T06:45:00+09:00,J4,265,289,554
2019-08-12T06:45:00+09:00,J5,282,319,601
2019-08-12T07:00:00+09:00,J1,285,249,534
2019-08-12T07:00:00+09:00,J2,195,160,355
2019-08-12T07:00:00+09:00,J3,233,184,417
2019-08-12T07:00:00+09:00,J4,287,330,617
2019-08-12T07:00:00+09:00,J5,279,314,593
2019-08-12T07:15:00+09:00,J1,306,278,584
2019-08-12T07:15:00+09:00,J2,263,217,480
2019-08-12T07:15:00+09:00,J3,255,218,473
2019-08-12T07:15:00+09:00,J4,363,393,756
2019-08-12T07:15:00+09:00,J5,295,333,628
2019-08-12T07:30:00+09:00,J1,335,281,616
2019-08-12T07:30:00+09:00,J2,267,264,531
2019-08-12T07:30:00+09:00,J3,302,248,550
2019-08-12T07:30:00+09:00,J4,317,350,667
2019-08-12T07:30:00+09:00,J5,266,338,604
2019-08-12T07:45:00+09:00,J1,357,303,660
2019-08-12T07:45:00+09:00,J2,255,211,466
2019-08-12T07:45:00+09:00,J3,299,293,592
2019-08-12T07:45:00+09:00,J4,418,445,863
2019-08-12T07:45:00+09:00,J5,317,304,621
2019-08-12T08:00:00+09:00,J1,513,482,995
2019-08-12T08:00:00+09:00,J2,233,236,469
2019-08-12T08:00:00+09:00,J3,520,410,930
2019-08-12T08:00:00+09:00,J4,440,423,863
2019-08-12T08:00:00+09:00,J5,320,286,606
2019-08-12T08:15:00+09:00,J1,561,480,1041
2019-08-12T08:15:00+09:00,J2,253,181,434
2019-08-12T08:15:00+09:00,J3,539,381,920
2019-08-12T08:15:00+09:00,J4,533,623,1156
2019-08-12T08:15:00+09:00,J5,252,237,489
2019-08-12T08:30:00+09:00,J1,505,493,998
2019-08-12T08:30:00+09:00,J2,252,218,470
2019-08-12T08:30:00+09:00,J3,484,397,881
2019-08-12T08:30:00+09:00,J4,567,607,1174
2019-08-12T08:30:00+09:00,J5,208,143,351
2019-08-12T08:45:00+09:00,J1,510,496,1006
2019-08-12T08:45:00+09:00,J2,207,225,432
2019-08-12T08:45:00+09:00,J3,446,390,836
2019-08-12T08:45:00+09:00,J4,554,581,1135
2019-08-12T08:45:00+09:00,J5,296,196,492
2019-08-12T09:00:00+09:00,J1,460,433,893
2019-08-12T09:00:00+09:00,J2,274,269,543
2019-08-12T09:00:00+09:00,J3,488,388,876
2019-08-12T09:00:00+09:00,J4,589,617,1206
2019-08-12T09:00:00+09:00,J5,281,247,528
2019-08-12T09:15:00+09:00,J1,449,456,905
2019-08-12T09:15:00+09:00,J2,297,258,555
2019-08-12T09:15:00+09:00,J3,491,418,909
2019-08-12T09:15:00+09:00,J4,543,659,1202
2019-08-12T09:15:00+09:00,J5,190,143,333
2019-08-12T09:30:00+09:00,J1,426,433,859
2019-08-12T09:30:00+09:00,J2,267,290,557
2019-08-12T09:30:00+09:00,J3,494,439,933
2019-08-12T09:30:00+09:00,J4,538,671,1209
2019-08-12T09:30:00+09:00,J5,223,179,402
2019-08-12T09:45:00+09:00,J1,459,424,883
2019-08-12T09:45:00+09:00,J2,331,301,632
2019-08-12T09:45:00+09:00,J3,511,462,973
2019-08-12T09:45:00+09:00,J4,578,536,1114
2019-08-12T09:45:00+09:00,J5,200,183,383
2019-08-12T10:00:00+09:00,J1,463,467,930
2019-08-12T10:00:00+09:00,J2,352,317,669
2019-08-12T10:00:00+09:00,J3,480,405,885
2019-08-12T10:00:00+09:00,J4,556,622,1178
2019-08-12T10:00:00+09:00,J5,241,181,422
2019-08-12T10:15:00+09:00,J1,456,460,916
2019-08-12T10:15:00+09:00,J2,496,355,851
2019-08-12T10:15:00+09:00,J3,547,460,1007
2019-08-12T10:15:00+09:00,J4,559,645,1204
2019-08-12T10:15:00+09:00,J5,223,172,395
2019-08-12T10:30:00+09:00,J1,487,505,992
2019-08-12T10:30:00+09:00,J2,547,494,1041
2019-08-12T10:30:00+09:00,J3,591,448,1039
2019-08-12T10:30:00+09:00,J4,579,662,1241
2019-08-12T10:30:00+09:00,J5,209,174,383
2019-08-12T10:45:00+09:00,J1,546,551,1097
2019-08-12T10:45:00+09:00,J2,546,362,908
2019-08-12T10:45:00+09:00,J3,563,536,1099
2019-08-12T10:45:00+09:00,J4,571,580,1151
2019-08-12T10:45:00+09:00,J5,216,183,399
2019-08-12T11:00:00+09:00,J1,635,640,1275
2019-08-12T11:00:00+09:00,J2,533,474,1007
2019-08-12T11:00:00+09:00,J3,514,552,1066
2019-08-12T11:00:00+09:00,J4,609,557,1166
2019-08-12T11:00:00+09:00,J5,160,216,376
2019-08-12T11:15:00+09:00,J1,585,642,1227
2019-08-12T11:15:00+09:00,J2,558,443,1001
2019-08-12T11:15:00+09:00,J3,591,659,1250
2019-08-12T11:15:00+09:00,J4,548,553,1101
2019-08-12T11:15:00+09:00,J5,195,229,424
2019-08-12T11:30:00+09:00,J1,683,660,1343
2019-08-12T11:30:00+09:00,J2,567,466,1033
2019-08-12T11:30:00+09:00,J3,542,628,1170
2019-08-12T11:30:00+09:00,J4,498,550,1048
2019-08-12T11:30:00+09:00,J5,177,261,438
2019-08-12T11:45:00+09:00,J1,614,619,1233
2019-08-12T11:45:00+09:00,J2,545,439,984
2019-08-12T11:45:00+09:00,J3,547,595,1142
2019-08-12T11:45:00+09:00,J4,457,505,962
2019-08-12T11:45:00+09:00,J5,170,249,419
2019-08-12T12:00:00+09:00,J1,661,617,1278
2019-08-12T12:00:00+09:00,J2,562,534,1096
2019-08-12T12:00:00+09:00,J3,578,656,1234
2019-08-12T12:00:00+09:00,J4,469,464,933
2019-08-12T12:00:00+09:00,J5,212,211,423
2019-08-12T12:15:00+09:00,J1,638,649,1287
2019-08-12T12:15:00+09:00,J2,531,491,1022
2019-08-12T12:15:00+09:00,J3,545,579,1124
2019-08-12T12:15:00+09:00,J4,504,460,964
2019-08-12T12:15:00+09:00,J5,180,227,407
2019-08-12T12:30:00+09:00,J1,488,488,976
2019-08-12T12:30:00+09:00,J2,482,407,889
2019-08-12T12:30:00+09:00,J3,408,448,856
2019-08-12T12:30:00+09:00,J4,423,410,833
2019-08-12T12:30:00+09:00,J5,179,193,372
2019-08-12T12:45:00+09:00,J1,659,655,1314
2019-08-12T12:45:00+09:00,J2,591,592,1183
2019-08-12T12:45:00+09:00,J3,547,637,1184
2019-08-12T12:45:00+09:00,J4,580,596,1176
2019-08-12T12:45:00+09:00,J5,204,277,481
2019-08-12T13:00:00+09:00,J1,594,620,1214
2019-08-12T13:00:00+09:00,J2,467,501,968
2019-08-12T13:00:00+09:00,J3,564,581,1145
2019-08-12T13:00:00+09:00,J4,634,537,1171
2019-08-12T13:00:00+09:00,J5,205,270,475
2019-08-12T13:15:00+09:00,J1,578,601,1179
2019-08-12T13:15:00+09:00,J2,472,487,959
2019-08-12T13:15:00+09:00,J3,570,545,1115
2019-08-12T13:15:00+09:00,J4,544,490,1034
2019-08-12T13:15:00+09:00,J5,219,249,468
2019-08-12T13:30:00+09:00,J1,576,622,1198
2019-08-12T13:30:00+09:00,J2,455,409,864
2019-08-12T13:30:00+09:00,J3,586,547,1133
2019-08-12T13:30:00+09:00,J4,577,487,1064
2019-08-12T13:30:00+09:00,J5,216,238,454
2019-08-12T13:45:00+09:00,J1,570,653,1223
2019-08-12T13:45:00+09:00,J2,471,470,941
2019-08-12T13:45:00+09:00,J3,511,548,1059
2019-08-12T13:45:00+09:00,J4,603,467,1070
2019-08-12T13:45:00+09:00,J5,203,271,474
2019-08-12T14:00:00+09:00,J1,590,601,1191
2019-08-12T14:00:00+09:00,J2,492,457,949
2019-08-12T14:00:00+09:00,J3,528,503,1031
2019-08-12T14:00:00+09:00,J4,663,505,1168
2019-08-12T14:00:00+09:00,J5,171,227,398
2019-08-12T14:15:00+09:00,J1,605,602,1207
2019-08-12T14:15:00+09:00,J2,454,450,904
2019-08-12T14:15:00+09:00,J3,549,517,1066
2019-08-12T14:15:00+09:00,J4,613,557,1170
2019-08-12T14:15:00+09:00,J5,179,217,396
2019-08-12T14:30:00+09:00,J1,584,637,1221
2019-08-12T14:30:00+09:00,J2,519,460,979
2019-08-12T14:30:00+09:00,J3,604,554,1158
2019-08-12T14:30:00+09:00,J4,570,460,1030
2019-08-12T14:30:00+09:00,J5,177,247,424
2019-08-12T14:45:00+09:00,J1,571,585,1156
2019-08-12T14:45:00+09:00,J2,451,443,894
2019-08-12T14:45:00+09:00,J3,612,604,1216
2019-08-12T14:45:00+09:00,J4,693,610,1303
2019-08-12T14:45:00+09:00,J5,167,201,368
2019-08-12T15:00:00+09:00,J1,595,633,1228
2019-08-12T15:00:00+09:00,J2,454,440,894
2019-08-12T15:00:00+09:00,J3,549,615,1164
2019-08-12T15:00:00+09:00,J4,509,519,1028
2019-08-12T15:00:00+09:00,J5,172,245,417
2019-08-12T15:15:00+09:00,J1,602,689,1291
2019-08-12T15:15:00+09:00,J2,500,442,942
2019-08-12T15:15:00+09:00,J3,662,652,1314
2019-08-12T15:15:00+09:00,J4,636,555,1191
2019-08-12T15:15:00+09:00,J5,214,218,432
2019-08-12T15:30:00+09:00,J1,694,752,1446
2019-08-12T15:30:00+09:00,J2,517,545,1062
2019-08-12T15:30:00+09:00,J3,679,752,1431
2019-08-12T15:30:00+09:00,J4,639,583,1222
2019-08-12T15:30:00+09:00,J5,190,229,419
2019-08-12T15:45:00+09:00,J1,667,755,1422
2019-08-12T15:45:00+09:00,J2,500,457,957
2019-08-12T15:45:00+09:00,J3,751,640,1391
2019-08-12T15:45:00+09:00,J4,588,543,1131
2019-08-12T15:45:00+09:00,J5,217,247,464
2019-08-12T16:00:00+09:00,J1,647,747,1394
2019-08-12T16:00:00+09:00,J2,472,474,946
2019-08-12T16:00:00+09:00,J3,668,625,1293
2019-08-12T16:00:00+09:00,J4,565,513,1078
2019-08-12T16:00:00+09:00,J5,204,261,465
2019-08-12T16:15:00+09:00,J1,630,693,1323
2019-08-12T16:15:00+09:00,J2,470,522,992
2019-08-12T16:15:00+09:00,J3,620,657,1277
2019-08-12T16:15:00+09:00,J4,450,497,947
2019-08-12T16:15:00+09:00,J5,215,268,483
2019-08-12T16:30:00+09:00,J1,598,668,1266
2019-08-12T16:30:00+09:00,J2,509,516,1025
2019-08-12T16:30:00+09:00,J3,598,617,1215
2019-08-12T16:30:00+09:00,J4,528,478,1006
2019-08-12T16:30:00+09:00,J5,180,236,416
2019-08-12T16:45:00+09:00,J1,628,645,1273
2019-08-12T16:45:00+09:00,J2,507,478,985
2019-08-12T16:45:00+09:00,J3,590,539,1129
2019-08-12T16:45:00+09:00,J4,491,455,946
2019-08-12T16:45:00+09:00,J5,224,243,467
2019-08-12T17:00:00+09:00,J1,580,598,1178
2019-08-12T17:00:00+09:00,J2,567,532,1099
2019-08-12T17:00:00+09:00,J3,660,637,1297
2019-08-12T17:00:00+09:00,J4,376,433,809
2019-08-12T17:00:00+09:00,J5,218,257,475
2019-08-12T17:15:00+09:00,J1,638,654,1292
2019-08-12T17:15:00+09:00,J2,568,543,1111
2019-08-12T17:15:00+09:00,J3,649,650,1299
2019-08-12T17:15:00+09:00,J4,357,429,786
2019-08-12T17:15:00+09:00,J5,210,240,450
2019-08-12T17:30:00+09:00,J1,617,654,1271
2019-08-12T17:30:00+09:00,J2,535,501,1036
2019-08-12T17:30:00+09:00,J3,666,631,1297
2019-08-12T17:30:00+09:00,J4,358,427,785
2019-08-12T17:30:00+09:00,J5,220,260,480
2019-08-12T17:45:00+09:00,J1,568,598,1166
2019-08-12T17:45:00+09:00,J2,483,391,874
2019-08-12T17:45:00+09:00,J3,660,591,1251
2019-08-12T17:45:00+09:00,J4,389,405,794
2019-08-12T17:45:00+09:00,J5,189,269,458
2019-08-12T18:00:00+09:00,J1,576,651,1227
2019-08-12T18:00:00+09:00,J2,571,525,1096
2019-08-12T18:00:00+09:00,J3,704,617,1321
2019-08-12T18:00:00+09:00,J4,368,389,757
2019-08-12T18:00:00+09:00,J5,183,258,441
2019-08-12T18:15:00+09:00,J1,613,650,1263
2019-08-12T18:15:00+09:00,J2,536,479,1015
2019-08-12T18:15:00+09:00,J3,667,594,1261
2019-08-12T18:15:00+09:00,J4,404,393,797
2019-08-12T18:15:00+09:00,J5,235,241,476
2019-08-12T18:30:00+09:00,J1,634,593,1227
2019-08-12T18:30:00+09:00,J2,548,475,1023
2019-08-12T18:30:00+09:00,J3,449,440,889
2019-08-12T18:30:00+09:00,J4,389,344,733
2019-08-12T18:30:00+09:00,J5,160,250,410
2019-08-12T18:45:00+09:00,J1,608,604,1212
2019-08-12T18:45:00+09:00,J2,562,437,999
2019-08-12T18:45:00+09:00,J3,496,515,1011
2019-08-12T18:45:00+09:00,J4,491,427,918
2019-08-12T18:45:00+09:00,J5,202,265,467
2019-08-12T19:00:00+09:00,J1,536,582,1118
2019-08-12T19:00:00+09:00,J2,454,443,897
2019-08-12T19:00:00+09:00,J3,391,472,863
2019-08-12T19:00:00+09:00,J4,422,368,790
2019-08-12T19:00:00+09:00,J5,211,237,448
2019-08-12T19:15:00+09:00,J1,494,502,996
2019-08-12T19:15:00+09:00,J2,397,413,810
2019-08-12T19:15:00+09:00,J3,451,449,900
2019-08-12T19:15:00+09:00,J4,438,397,835
2019-08-12T19:15:00+09:00,J5,164,221,385
2019-08-12T19:30:00+09:00,J1,503,515,1018
2019-08-12T19:30:00+09:00,J2,447,456,903
2019-08-12T19:30:00+09:00,J3,447,541,988
2019-08-12T19:30:00+09:00,J4,490,382,872
2019-08-12T19:30:00+09:00,J5,212,261,473
2019-08-12T19:45:00+09:00,J1,488,562,1050
2019-08-12T19:45:00+09:00,J2,420,446,866
2019-08-12T19:45:00+09:00,J3,420,509,929
2019-08-12T19:45:00+09:00,J4,511,481,992
2019-08-12T19:45:00+09:00,J5,213,252,465
2019-08-12T20:00:00+09:00,J1,474,549,1023
2019-08-12T20:00:00+09:00,J2,446,544,990
2019-08-12T20:00:00+09:00,J3,459,526,985
2019-08-12T20:00:00+09:00,J4,519,542,1061
2019-08-12T20:00:00+09:00,J5,220,224,444
2019-08-12T20:15:00+09:00,J1,461,483,944
2019-08-12T20:15:00+09:00,J2,409,416,825
2019-08-12T20:15:00+09:00,J3,459,513,972
2019-08-12T20:15:00+09:00,J4,525,436,961
2019-08-12T20:15:00+09:00,J5,233,268,501
2019-08-12T20:30:00+09:00,J1,420,507,927
2019-08-12T20:30:00+09:00,J2,355,360,715
2019-08-12T20:30:00+09:00,J3,423,487,910
2019-08-12T20:30:00+09:00,J4,491,480,971
2019-08-12T20:30:00+09:00,J5,198,214,412
2019-08-12T20:45:00+09:00,J1,398,410,808
2019-08-12T20:45:00+09:00,J2,345,280,625
2019-08-12T20:45:00+09:00,J3,350,367,717
2019-08-12T20:45:00+09:00,J4,400,391,791
2019-08-12T20:45:00+09:00,J5,150,205,355
2019-08-12T21:00:00+09:00,J1,432,507,939
2019-08-12T21:00:00+09:00,J2,407,368,775
2019-08-12T21:00:00+09:00,J3,403,438,841
2019-08-12T21:00:00+09:00,J4,533,553,1086
2019-08-12T21:00:00+09:00,J5,103,209,312
2019-08-12T21:15:00+09:00,J1,480,623,1103
2019-08-12T21:15:00+09:00,J2,480,549,1029
2019-08-12T21:15:00+09:00,J3,455,551,1006
2019-08-12T21:15:00+09:00,J4,586,493,1079
2019-08-12T21:15:00+09:00,J5,171,225,396
2019-08-12T21:30:00+09:00,J1,413,584,997
2019-08-12T21:30:00+09:00,J2,414,466,880
2019-08-12T21:30:00+09:00,J3,420,442,862
2019-08-12T21:30:00+09:00,J4,601,542,1143
2019-08-12T21:30:00+09:00,J5,147,230,377
2019-08-12T21:45:00+09:00,J1,336,401,737
2019-08-12T21:45:00+09:00,J2,368,367,735
2019-08-12T21:45:00+09:00,J3,338,406,744
2019-08-12T21:45:00+09:00,J4,560,485,1045
2019-08-12T21:45:00+09:00,J5,205,216,421
2019-08-12T22:00:00+09:00,J1,366,387,753
2019-08-12T22:00:00+09:00,J2,373,384,757
2019-08-12T22:00:00+09:00,J3,371,427,798
2019-08-12T22:00:00+09:00,J4,585,526,1111
2019-08-12T22:00:00+09:00,J5,240,209,449
2019-08-12T22:15:00+09:00,J1,347,406,753
2019-08-12T22:15:00+09:00,J2,333,284,617
2019-08-12T22:15:00+09:00,J3,382,354,736
2019-08-12T22:15:00+09:00,J4,547,575,1122
2019-08-12T22:15:00+09:00,J5,224,200,424
2019-08-12T22:30:00+09:00,J1,313,438,751
2019-08-12T22:30:00+09:00,J2,319,308,627
2019-08-12T22:30:00+09:00,J3,378,359,737
2019-08-12T22:30:00+09:00,J4,577,602,1179
2019-08-12T22:30:00+09:00,J5,204,227,431
2019-08-12T22:45:00+09:00,J1,359,411,770
2019-08-12T22:45:00+09:00,J2,319,290,609
2019-08-12T22:45:00+09:00,J3,344,412,756
2019-08-12T22:45:00+09:00,J4,528,563,1091
2019-08-12T22:45:00+09:00,J5,119,184,303
2019-08-12T23:00:00+09:00,J1,319,375,694
2019-08-12T23:00:00+09:00,J2,364,290,654
2019-08-12T23:00:00+09:00,J3,339,386,725
2019-08-12T23:00:00+09:00,J4,564,499,1063
2019-08-12T23:00:00+09:00,J5,101,184,285
2019-08-12T23:15:00+09:00,J1,308,339,647
2019-08-12T23:15:00+09:00,J2,282,247,529
2019-08-12T23:15:00+09:00,J3,313,356,669
2019-08-12T23:15:00+09:00,J4,546,526,1072
2019-08-12T23:15:00+09:00,J5,113,191,304
2019-08-12T23:30:00+09:00,J1,272,311,583
2019-08-12T23:30:00+09:00,J2,322,307,629
2019-08-12T23:30:00+09:00,J3,340,345,685
2019-08-12T23:30:00+09:00,J4,473,471,944
2019-08-12T23:30:00+09:00,J5,146,183,329
2019-08-12T23:45:00+09:00,J1,278,331,609
2019-08-12T23:45:00+09:00,J2,300,266,566
2019-08-12T23:45:00+09:00,J3,405,355,760
2019-08-12T23:45:00+09:00,J4,531,526,1057
2019-08-12T23:45:00+09:00,J5,152,226,378
2019-08-13T00:00:00+09:00,J1,218,201,419
2019-08-13T00:00:00+09:00,J2,238,144,382
2019-08-13T00:00:00+09:00,J3,338,277,615
2019-08-13T00:00:00+09:00,J4,483,507,990
2019-08-13T00:00:00+09:00,J5,136,174,310
2019-08-13T00:15:00+09:00,J1,178,169,347
2019-08-13T00:15:00+09:00,J2,227,160,387
2019-08-13T00:15:00+09:00,J3,324,275,599
2019-08-13T00:15:00+09:00,J4,547,601,1148
2019-08-13T00:15:00+09:00,J5,139,182,321
2019-08-13T00:30:00+09:00,J1,124,139,263
2019-08-13T00:30:00+09:00,J2,135,105,240
2019-08-13T00:30:00+09:00,J3,315,273,588
2019-08-13T00:30:00+09:00,J4,530,566,1096
2019-08-13T00:30:00+09:00,J5,125,132,257
2019-08-13T00:45:00+09:00,J1,146,137,283
2019-08-13T00:45:00+09:00,J2,161,130,291
2019-08-13T00:45:00+09:00,J3,301,268,569
2019-08-13T00:45:00+09:00,J4,527,619,1146
2019-08-13T00:45:00+09:00,J5,113,94,207
2019-08-13T05:45:00+09:00,J1,259,283,542
2019-08-13T05:45:00+09:00,J2,131,148,279
2019-08-13T05:45:00+09:00,J3,313,242,555
2019-08-13T05:45:00+09:00,J4,189,217,406
2019-08-13T05:45:00+09:00,J5,257,203,460
2019-08-13T06:00:00+09:00,J1,230,241,471
2019-08-13T06:00:00+09:00,J2,168,128,296
2019-08-13T06:00:00+09:00,J3,290,227,517
2019-08-13T06:00:00+09:00,J4,180,218,398
2019-08-13T06:00:00+09:00,J5,89,87,176
2019-08-13T06:15:00+09:00,J1,401,412,813
2019-08-13T06:15:00+09:00,J2,253,209,462
2019-08-13T06:15:00+09:00,J3,581,480,1061
2019-08-13T06:15:00+09:00,J4,537,473,1010
2019-08-13T06:15:00+09:00,J5,237,142,379
2019-08-13T06:30:00+09:00,J1,310,263,573
2019-08-13T06:30:00+09:00,J2,232,239,471
2019-08-13T06:30:00+09:00,J3,497,403,900
2019-08-13T06:30:00+09:00,J4,417,443,860
2019-08-13T06:30:00+09:00,J5,161,125,286
2019-08-13T06:45:00+09:00,J1,297,300,597
2019-08-13T06:45:00+09:00,J2,277,142,419
2019-08-13T06:45:00+09:00,J3,461,317,778
2019-08-13T06:45:00+09:00,J4,533,608,1141
2019-08-13T06:45:00+09:00,J5,210,157,367
2019-08-13T07:00:00+09:00,J1,287,300,587
2019-08-13T07:00:00+09:00,J2,210,293,503
2019-08-13T07:00:00+09:00,J3,469,373,842
2019-08-13T07:00:00+09:00,J4,596,651,1247
2019-08-13T07:00:00+09:00,J5,164,116,280
2019-08-13T07:15:00+09:00,J1,315,299,614
2019-08-13T07:15:00+09:00,J2,301,256,557
2019-08-13T07:15:00+09:00,J3,396,349,745
2019-08-13T07:15:00+09:00,J4,520,631,1151
2019-08-13T07:15:00+09:00,J5,237,182,419
2019-08-13T07:30:00+09:00,J1,438,354,792
2019-08-13T07:30:00+09:00,J2,357,321,678
2019-08-13T07:30:00+09:00,J3,436,409,845
2019-08-13T07:30:00+09:00,J4,473,570,1043
2019-08-13T07:30:00+09:00,J5,213,196,409
2019-08-13T07:45:00+09:00,J1,506,414,920
2019-08-13T07:45:00+09:00,J2,485,304,789
2019-08-13T07:45:00+09:00,J3,457,529,986
2019-08-13T07:45:00+09:00,J4,469,575,1044
2019-08-13T07:45:00+09:00,J5,206,227,433
2019-08-13T08:00:00+09:00,J1,667,489,1156
2019-08-13T08:00:00+09:00,J2,448,303,751
2019-08-13T08:00:00+09:00,J3,612,720,1332
2019-08-13T08:00:00+09:00,J4,431,616,1047
2019-08-13T08:00:00+09:00,J5,204,259,463
2019-08-13T08:15:00+09:00,J1,777,489,1266
2019-08-13T08:15:00+09:00,J2,597,390,987
2019-08-13T08:15:00+09:00,J3,642,781,1423
2019-08-13T08:15:00+09:00,J4,435,676,1111
2019-08-13T08:15:00+09:00,J5,248,267,515
2019-08-13T08:30:00+09:00,J1,795,496,1291
2019-08-13T08:30:00+09:00,J2,573,345,918
2019-08-13T08:30:00+09:00,J3,588,764,1352
2019-08-13T08:30:00+09:00,J4,333,700,1033
2019-08-13T08:30:00+09:00,J5,247,269,516
2019-08-13T08:45:00+09:00,J1,572,459,1031
2019-08-13T08:45:00+09:00,J2,506,357,863
2019-08-13T08:45:00+09:00,J3,610,647,1257
2019-08-13T08:45:00+09:00,J4,349,475,824
2019-08-13T08:45:00+09:00,J5,221,218,439
2019-08-13T09:00:00+09:00,J1,552,491,1043
2019-08-13T09:00:00+09:00,J2,461,322,783
2019-08-13T09:00:00+09:00,J3,614,589,1203
2019-08-13T09:00:00+09:00,J4,358,445,803
2019-08-13T09:00:00+09:00,J5,209,226,435
2019-08-13T09:15:00+09:00,J1,483,405,888
2019-08-13T09:15:00+09:00,J2,478,349,827
2019-08-13T09:15:00+09:00,J3,447,456,903
2019-08-13T09:15:00+09:00,J4,439,498,937
2019-08-13T09:15:00+09:00,J5,230,239,469
2019-08-13T09:30:00+09:00,J1,491,395,886
2019-08-13T09:30:00+09:00,J2,498,418,916
2019-08-13T09:30:00+09:00,J3,478,451,929
2019-08-13T09:30:00+09:00,J4,374,430,804
2019-08-13T09:30:00+09:00,J5,181,242,423
2019-08-13T09:45:00+09:00,J1,508,473,981
2019-08-13T09:45:00+09:00,J2,588,422,1010
2019-08-13T09:45:00+09:00,J3,524,461,985
2019-08-13T09:45:00+09:00,J4,334,394,728
2019-08-13T09:45:00+09:00,J5,198,240,438
2019-08-13T10:00:00+09:00,J1,455,414,869
2019-08-13T10:00:00+09:00,J2,462,463,925
2019-08-13T10:00:00+09:00,J3,492,439,931
2019-08-13T10:00:00+09:00,J4,419,343,762
2019-08-13T10:00:00+09:00,J5,208,240,448
2019-08-13T10:15:00+09:00,J1,519,482,1001
2019-08-13T10:15:00+09:00,J2,453,422,875
2019-08-13T10:15:00+09:00,J3,528,443,971
2019-08-13T10:15:00+09:00,J4,356,414,770
2019-08-13T10:15:00+09:00,J5,183,259,442
2019-08-13T10:30:00+09:00,J1,491,472,963
2019-08-13T10:30:00+09:00,J2,454,488,942
2019-08-13T10:30:00+09:00,J3,517,505,1022
2019-08-13T10:30:00+09:00,J4,367,438,805
2019-08-13T10:30:00+09:00,J5,195,242,437
2019-08-13T10:45:00+09:00,J1,530,464,994
2019-08-13T10:45:00+09:00,J2,438,415,853
2019-08-13T10:45:00+09:00,J3,468,459,927
2019-08-13T10:45:00+09:00,J4,502,486,988
2019-08-13T10:45:00+09:00,J5,208,245,453
2019-08-13T11:00:00+09:00,J1,500,502,1002
2019-08-13T11:00:00+09:00,J2,469,448,917
2019-08-13T11:00:00+09:00,J3,476,507,983
2019-08-13T11:00:00+09:00,J4,483,506,989
2019-08-13T11:00:00+09:00,J5,178,266,444
2019-08-13T11:15:00+09:00,J1,515,530,1045
2019-08-13T11:15:00+09:00,J2,401,359,760
2019-08-13T11:15:00+09:00,J3,633,486,1119
2019-08-13T11:15:00+09:00,J4,333,413,746
2019-08-13T11:15:00+09:00,J5,190,238,428
2019-08-13T11:30:00+09:00,J1,625,575,1200
2019-08-13T11:30:00+09:00,J2,385,362,747
2019-08-13T11:30:00+09:00,J3,659,587,1246
2019-08-13T11:30:00+09:00,J4,364,421,785
2019-08-13T11:30:00+09:00,J5,210,283,493
2019-08-13T11:45:00+09:00,J1,614,631,1245
2019-08-13T11:45:00+09:00,J2,310,356,666
2019-08-13T11:45:00+09:00,J3,701,639,1340
2019-08-13T11:45:00+09:00,J4,391,440,831
2019-08-13T11:45:00+09:00,J5,202,267,469
2019-08-13T12:00:00+09:00,J1,577,564,1141
2019-08-13T12:00:00+09:00,J2,371,410,781
2019-08-13T12:00:00+09:00,J3,740,630,1370
2019-08-13T12:00:00+09:00,J4,459,376,835
2019-08-13T12:00:00+09:00,J5,282,319,601
2019-08-13T12:15:00+09:00,J1,551,546,1097
2019-08-13T12:15:00+09:00,J2,415,455,870
2019-08-13T12:15:00+09:00,J3,621,580,1201
2019-08-13T12:15:00+09:00,J4,402,439,841
2019-08-13T12:15:00+09:00,J5,324,370,694
2019-08-13T12:30:00+09:00,J1,574,523,1097
2019-08-13T12:30:00+09:00,J2,430,398,828
2019-08-13T12:30:00+09:00,J3,600,552,1152
2019-08-13T12:30:00+09:00,J4,483,495,978
2019-08-13T12:30:00+09:00,J5,248,297,545
2019-08-13T12:45:00+09:00,J1,535,557,1092
2019-08-13T12:45:00+09:00,J2,388,396,784
2019-08-13T12:45:00+09:00,J3,554,588,1142
2019-08-13T12:45:00+09:00,J4,457,482,939
2019-08-13T12:45:00+09:00,J5,247,250,497
2019-08-13T13:00:00+09:00,J1,536,568,1104
2019-08-13T13:00:00+09:00,J2,379,423,802
2019-08-13T13:00:00+09:00,J3,534,576,1110
2019-08-13T13:00:00+09:00,J4,460,516,976
2019-08-13T13:00:00+09:00,J5,213,259,472
2019-08-13T13:15:00+09:00,J1,612,585,1197
2019-08-13T13:15:00+09:00,J2,320,354,674
2019-08-13T13:15:00+09:00,J3,564,570,1134
2019-08-13T13:15:00+09:00,J4,455,494,949
2019-08-13T13:15:00+09:00,J5,213,289,502
2019-08-13T13:30:00+09:00,J1,601,632,1233
2019-08-13T13:30:00+09:00,J2,313,380,693
2019-08-13T13:30:00+09:00,J3,600,542,1142
2019-08-13T13:30:00+09:00,J4,509,502,1011
2019-08-13T13:30:00+09:00,J5,252,242,494
2019-08-13T13:45:00+09:00,J1,618,660,1278
2019-08-13T13:45:00+09:00,J2,254,348,602
2019-08-13T13:45:00+09:00,J3,559,503,1062
2019-08-13T13:45:00+09:00,J4,432,511,943
2019-08-13T13:45:00+09:00,J5,281,340,621
2019-08-13T14:00:00+09:00,J1,609,697,1306
2019-08-13T14:00:00+09:00,J2,345,371,716
2019-08-13T14:00:00+09:00,J3,606,547,1153
2019-08-13T14:00:00+09:00,J4,441,468,909
2019-08-13T14:00:00+09:00,J5,373,357,730
2019-08-13T14:15:00+09:00,J1,584,654,1238
2019-08-13T14:15:00+09:00,J2,464,518,982
2019-08-13T14:15:00+09:00,J3,554,509,1063
2019-08-13T14:15:00+09:00,J4,471,489,960
2019-08-13T14:15:00+09:00,J5,371,389,760
2019-08-13T14:30:00+09:00,J1,540,618,1158
2019-08-13T14:30:00+09:00,J2,378,436,814
2019-08-13T14:30:00+09:00,J3,553,550,1103
2019-08-13T14:30:00+09:00,J4,389,472,861
2019-08-13T14:30:00+09:00,J5,319,357,676
2019-08-13T14:45:00+09:00,J1,572,614,1186
2019-08-13T14:45:00+09:00,J2,349,437,786
2019-08-13T14:45:00+09:00,J3,564,555,1119
2019-08-13T14:45:00+09:00,J4,508,490,998
2019-08-13T14:45:00+09:00,J5,223,279,502
2019-08-13T15:00:00+09:00,J1,668,706,1374
2019-08-13T15:00:00+09:00,J2,446,445,891
2019-08-13T15:00:00+09:00,J3,657,615,1272
2019-08-13T15:00:00+09:00,J4,445,418,863
2019-08-13T15:00:00+09:00,J5,245,280,525
2019-08-13T15:15:00+09:00,J1,707,820,1527
2019-08-13T15:15:00+09:00,J2,467,442,909
2019-08-13T15:15:00+09:00,J3,634,600,1234
2019-08-13T15:15:00+09:00,J4,442,429,871
2019-08-13T15:15:00+09:00,J5,240,259,499
2019-08-13T15:30:00+09:00,J1,644,792,1436
2019-08-13T15:30:00+09:00,J2,440,470,910
2019-08-13T15:30:00+09:00,J3,820,773,1593
2019-08-13T15:30:00+09:00,J4,389,418,807
2019-08-13T15:30:00+09:00,J5,179,263,442
2019-08-13T15:45:00+09:00,J1,661,766,1427
2019-08-13T15:45:00+09:00,J2,519,480,999
2019-08-13T15:45:00+09:00,J3,891,806,1697
2019-08-13T15:45:00+09:00,J4,405,435,840
2019-08-13T15:45:00+09:00,J5,215,266,481
2019-08-13T16:00:00+09:00,J1,606,666,1272
2019-08-13T16:00:00+09:00,J2,490,521,1011
2019-08-13T16:00:00+09:00,J3,858,722,1580
2019-08-13T16:00:00+09:00,J4,360,445,805
2019-08-13T16:00:00+09:00,J5,188,189,377
2019-08-13T16:15:00+09:00,J1,654,621,1275
2019-08-13T16:15:00+09:00,J2,333,475,808
2019-08-13T16:15:00+09:00,J3,781,677,1458
2019-08-13T16:15:00+09:00,J4,399,399,798
2019-08-13T16:15:00+09:00,J5,207,180,387
2019-08-13T16:30:00+09:00,J1,681,706,1387
2019-08-13T16:30:00+09:00,J2,364,392,756
2019-08-13T16:30:00+09:00,J3,702,555,1257
2019-08-13T16:30:00+09:00,J4,462,452,914
2019-08-13T16:30:00+09:00,J5,168,158,326
2019-08-13T16:45:00+09:00,J1,636,675,1311
2019-08-13T16:45:00+09:00,J2,369,425,794
2019-08-13T16:45:00+09:00,J3,581,447,1028
2019-08-13T16:45:00+09:00,J4,470,437,907
2019-08-13T16:45:00+09:00,J5,164,136,300
2019-08-13T17:00:00+09:00,J1,675,800,1475
2019-08-13T17:00:00+09:00,J2,417,422,839
2019-08-13T17:00:00+09:00,J3,705,549,1254
2019-08-13T17:00:00+09:00,J4,642,588,1230
2019-08-13T17:00:00+09:00,J5,228,159,387
2019-08-13T17:15:00+09:00,J1,722,868,1590
2019-08-13T17:15:00+09:00,J2,377,465,842
2019-08-13T17:15:00+09:00,J3,729,562,1291
2019-08-13T17:15:00+09:00,J4,732,574,1306
2019-08-13T17:15:00+09:00,J5,200,221,421
2019-08-13T17:30:00+09:00,J1,802,863,1665
2019-08-13T17:30:00+09:00,J2,444,516,960
2019-08-13T17:30:00+09:00,J3,814,521,1335
2019-08-13T17:30:00+09:00,J4,706,592,1298
2019-08-13T17:30:00+09:00,J5,212,198,410
2019-08-13T17:45:00+09:00,J1,760,840,1600
2019-08-13T17:45:00+09:00,J2,489,474,963
2019-08-13T17:45:00+09:00,J3,698,513,1211
2019-08-13T17:45:00+09:00,J4,730,525,1255
2019-08-13T17:45:00+09:00,J5,262,257,519
2019-08-13T18:00:00+09:00,J1,747,854,1601
2019-08-13T18:00:00+09:00,J2,504,487,991
2019-08-13T18:00:00+09:00,J3,793,638,1431
2019-08-13T18:00:00+09:00,J4,665,505,1170
2019-08-13T18:00:00+09:00,J5,222,222,444
2019-08-13T18:15:00+09:00,J1,736,816,1552
2019-08-13T18:15:00+09:00,J2,582,423,1005
2019-08-13T18:15:00+09:00,J3,691,579,1270
2019-08-13T18:15:00+09:00,J4,672,473,1145
2019-08-13T18:15:00+09:00,J5,217,221,438
2019-08-13T18:30:00+09:00,J1,732,766,1498
2019-08-13T18:30:00+09:00,J2,587,461,1048
2019-08-13T18:30:00+09:00,J3,580,533,1113
2019-08-13T18:30:00+09:00,J4,589,447,1036
2019-08-13T18:30:00+09:00,J5,223,244,467
2019-08-13T18:45:00+09:00,J1,630,755,1385
2019-08-13T18:45:00+09:00,J2,515,424,939
2019-08-13T18:45:00+09:00,J3,508,472,980
2019-08-13T18:45:00+09:00,J4,544,424,968
2019-08-13T18:45:00+09:00,J5,196,194,390
2019-08-13T19:00:00+09:00,J1,534,661,1195
2019-08-13T19:00:00+09:00,J2,468,343,811
2019-08-13T19:00:00+09:00,J3,488,487,975
2019-08-13T19:00:00+09:00,J4,512,387,899
2019-08-13T19:00:00+09:00,J5,198,240,438
2019-08-13T19:15:00+09:00,J1,534,703,1237
2019-08-13T19:15:00+09:00,J2,445,384,829
2019-08-13T19:15:00+09:00,J3,508,525,1033
2019-08-13T19:15:00+09:00,J4,594,376,970
2019-08-13T19:15:00+09:00,J5,246,242,488
2019-08-13T19:30:00+09:00,J1,565,562,1127
2019-08-13T19:30:00+09:00,J2,413,363,776
2019-08-13T19:30:00+09:00,J3,404,424,828
2019-08-13T19:30:00+09:00,J4,499,447,946
2019-08-13T19:30:00+09:00,J5,255,200,455
2019-08-13T19:45:00+09:00,J1,477,531,1008
2019-08-13T19:45:00+09:00,J2,429,441,870
2019-08-13T19:45:00+09:00,J3,438,475,913
2019-08-13T19:45:00+09:00,J4,556,526,1082
2019-08-13T19:45:00+09:00,J5,225,171,396
2019-08-13T20:00:00+09:00,J1,527,565,1092
2019-08-13T20:00:00+09:00,J2,403,340,743
2019-08-13T20:00:00+09:00,J3,413,435,848
2019-08-13T20:00:00+09:00,J4,613,503,1116
2019-08-13T20:00:00+09:00,J5,213,184,397
2019-08-13T20:15:00+09:00,J1,492,512,1004
2019-08-13T20:15:00+09:00,J2,345,296,641
2019-08-13T20:15:00+09:00,J3,432,423,855
2019-08-13T20:15:00+09:00,J4,597,524,1121
2019-08-13T20:15:00+09:00,J5,225,190,415
2019-08-13T20:30:00+09:00,J1,458,559,1017
2019-08-13T20:30:00+09:00,J2,365,329,694
2019-08-13T20:30:00+09:00,J3,375,401,776
2019-08-13T20:30:00+09:00,J4,604,566,1170
2019-08-13T20:30:00+09:00,J5,193,152,345
2019-08-13T20:45:00+09:00,J1,394,474,868
2019-08-13T20:45:00+09:00,J2,349,307,656
2019-08-13T20:45:00+09:00,J3,385,351,736
2019-08-13T20:45:00+09:00,J4,537,558,1095
2019-08-13T20:45:00+09:00,J5,216,168,384
2019-08-13T21:00:00+09:00,J1,438,462,900
2019-08-13T21:00:00+09:00,J2,356,315,671
2019-08-13T21:00:00+09:00,J3,426,345,771
2019-08-13T21:00:00+09:00,J4,562,539,1101
2019-08-13T21:00:00+09:00,J5,191,166,357
2019-08-13T21:15:00+09:00,J1,448,494,942
2019-08-13T21:15:00+09:00,J2,324,296,620
2019-08-13T21:15:00+09:00,J3,462,327,789
2019-08-13T21:15:00+09:00,J4,682,545,1227
2019-08-13T21:15:00+09:00,J5,233,205,438
2019-08-13T21:30:00+09:00,J1,421,488,909
2019-08-13T21:30:00+09:00,J2,287,278,565
2019-08-13T21:30:00+09:00,J3,483,310,793
2019-08-13T21:30:00+09:00,J4,541,519,1060
2019-08-13T21:30:00+09:00,J5,267,150,417
2019-08-13T21:45:00+09:00,J1,352,449,801
2019-08-13T21:45:00+09:00,J2,272,270,542
2019-08-13T21:45:00+09:00,J3,400,284,684
2019-08-13T21:45:00+09:00,J4,506,566,1072
2019-08-13T21:45:00+09:00,J5,258,164,422
2019-08-13T22:00:00+09:00,J1,322,414,736
2019-08-13T22:00:00+09:00,J2,281,286,567
2019-08-13T22:00:00+09:00,J3,383,290,673
2019-08-13T22:00:00+09:00,J4,532,579,1111
2019-08-13T22:00:00+09:00,J5,255,214,469
2019-08-13T22:15:00+09:00,J1,331,375,706
2019-08-13T22:15:00+09:00,J2,252,278,530
2019-08-13T22:15:00+09:00,J3,355,249,604
2019-08-13T22:15:00+09:00,J4,471,477,948
2019-08-13T22:15:00+09:00,J5,207,168,375
2019-08-13T22:30:00+09:00,J1,381,440,821
2019-08-13T22:30:00+09:00,J2,327,333,660
2019-08-13T22:30:00+09:00,J3,410,308,718
2019-08-13T22:30:00+09:00,J4,530,505,1035
2019-08-13T22:30:00+09:00,J5,201,158,359
2019-08-13T22:45:00+09:00,J1,337,382,719
2019-08-13T22:45:00+09:00,J2,223,259,482
2019-08-13T22:45:00+09:00,J3,348,285,633
2019-08-13T22:45:00+09:00,J4,587,576,1163
2019-08-13T22:45:00+09:00,J5,164,178,342
2019-08-13T23:00:00+09:00,J1,322,372,694
2019-08-13T23:00:00+09:00,J2,200,238,438
2019-08-13T23:00:00+09:00,J3,332,256,588
2019-08-13T23:00:00+09:00,J4,534,547,1081
2019-08-13T23:00:00+09:00,J5,160,153,313
2019-08-13T23:15:00+09:00,J1,291,329,620
2019-08-13T23:15:00+09:00,J2,237,328,565
2019-08-13T23:15:00+09:00,J3,330,297,627
2019-08-13T23:15:00+09:00,J4,641,565,1206
2019-08-13T23:15:00+09:00,J5,178,161,339
2019-08-13T23:30:00+09:00,J1,301,348,649
2019-08-13T23:30:00+09:00,J2,281,342,623
2019-08-13T23:30:00+09:00,J3,348,292,640
2019-08-13T23:30:00+09:00,J4,563,577,1140
2019-08-13T23:30:00+09:00,J5,174,152,326
2019-08-13T23:45:00+09:00,J1,376,418,794
2019-08-13T23:45:00+09:00,J2,258,283,541
2019-08-13T23:45:00+09:00,J3,332,294,626
2019-08-13T23:45:00+09:00,J4,466,485,951
2019-08-13T23:45:00+09:00,J5,170,135,305
2019-08-14T00:00:00+09:00,J1,392,362,754
2019-08-14T00:00:00+09:00,J2,255,253,508
2019-08-14T00:00:00+09:00,J3,347,267,614
2019-08-14T00:00:00+09:00,J4,445,417,862
2019-08-14T00:00:00+09:00,J5,172,131,303
2019-08-14T00:15:00+09:00,J1,268,247,515
2019-08-14T00:15:00+09:00,J2,251,206,457
2019-08-14T00:15:00+09:00,J3,316,249,565
2019-08-14T00:15:00+09:00,J4,471,558,1029
2019-08-14T00:15:00+09:00,J5,142,101,243
2019-08-14T00:30:00+09:00,J1,248,214,462
2019-08-14T00:30:00+09:00,J2,209,192,401
2019-08-14T00:30:00+09:00,J3,289,223,512
2019-08-14T00:30:00+09:00,J4,533,592,1125
2019-08-14T00:30:00+09:00,J5,107,72,179
2019-08-14T00:45:00+09:00,J1,225,193,418
2019-08-14T00:45:00+09:00,J2,195,181,376
2019-08-14T00:45:00+09:00,J3,262,212,474
2019-08-14T00:45:00+09:00,J4,483,603,1086
2019-08-14T00:45:00+09:00,J5,63,86,149
2019-08-14T05:45:00+09:00,J1,304,246,550
2019-08-14T05:45:00+09:00,J2,167,126,293
2019-08-14T05:45:00+09:00,J3,194,172,366
2019-08-14T05:45:00+09:00,J4,418,382,800
2019-08-14T05:45:00+09:00,J5,266,321,587
2019-08-14T06:00:00+09:00,J1,276,255,531
2019-08-14T06:00:00+09:00,J2,151,179,330
2019-08-14T06:00:00+09:00,J3,266,239,505
2019-08-14T06:00:00+09:00,J4,336,298,634
2019-08-14T06:00:00+09:00,J5,400,371,771
2019-08-14T06:15:00+09:00,J1,301,301,602
2019-08-14T06:15:00+09:00,J2,138,121,259
2019-08-14T06:15:00+09:00,J3,289,246,535
2019-08-14T06:15:00+09:00,J4,348,320,668
2019-08-14T06:15:00+09:00,J5,337,353,690
2019-08-14T06:30:00+09:00,J1,253,286,539
2019-08-14T06:30:00+09:00,J2,116,117,233
2019-08-14T06:30:00+09:00,J3,267,208,475
2019-08-14T06:30:00+09:00,J4,271,300,571
2019-08-14T06:30:00+09:00,J5,280,356,636
2019-08-14T06:45:00+09:00,J1,325,296,621
2019-08-14T06:45:00+09:00,J2,149,142,291
2019-08-14T06:45:00+09:00,J3,315,259,574
2019-08-14T06:45:00+09:00,J4,296,343,639
2019-08-14T06:45:00+09:00,J5,298,297,595
2019-08-14T07:00:00+09:00,J1,370,369,739
2019-08-14T07:00:00+09:00,J2,174,143,317
2019-08-14T07:00:00+09:00,J3,323,259,582
2019-08-14T07:00:00+09:00,J4,366,402,768
2019-08-14T07:00:00+09:00,J5,304,292,596
2019-08-14T07:15:00+09:00,J1,378,318,696
2019-08-14T07:15:00+09:00,J2,172,150,322
2019-08-14T07:15:00+09:00,J3,395,306,701
2019-08-14T07:15:00+09:00,J4,365,387,752
2019-08-14T07:15:00+09:00,J5,316,316,632
2019-08-14T07:30:00+09:00,J1,472,393,865
2019-08-14T07:30:00+09:00,J2,203,173,376
2019-08-14T07:30:00+09:00,J3,583,424,1007
2019-08-14T07:30:00+09:00,J4,400,497,897
2019-08-14T07:30:00+09:00,J5,209,188,397
2019-08-14T07:45:00+09:00,J1,541,397,938
2019-08-14T07:45:00+09:00,J2,226,205,431
2019-08-14T07:45:00+09:00,J3,562,449,1011
2019-08-14T07:45:00+09:00,J4,476,635,1111
2019-08-14T07:45:00+09:00,J5,239,188,427
2019-08-14T08:00:00+09:00,J1,741,559,1300
2019-08-14T08:00:00+09:00,J2,221,227,448
2019-08-14T08:00:00+09:00,J3,587,525,1112
2019-08-14T08:00:00+09:00,J4,588,856,1444
2019-08-14T08:00:00+09:00,J5,218,182,400
2019-08-14T08:15:00+09:00,J1,847,516,1363
2019-08-14T08:15:00+09:00,J2,226,235,461
2019-08-14T08:15:00+09:00,J3,522,558,1080
2019-08-14T08:15:00+09:00,J4,632,871,1503
2019-08-14T08:15:00+09:00,J5,273,198,471
2019-08-14T08:30:00+09:00,J1,788,516,1304
2019-08-14T08:30:00+09:00,J2,204,233,437
2019-08-14T08:30:00+09:00,J3,583,641,1224
2019-08-14T08:30:00+09:00,J4,602,765,1367
2019-08-14T08:30:00+09:00,J5,294,229,523
2019-08-14T08:45:00+09:00,J1,586,487,1073
2019-08-14T08:45:00+09:00,J2,246,227,473
2019-08-14T08:45:00+09:00,J3,582,594,1176
2019-08-14T08:45:00+09:00,J4,591,661,1252
2019-08-14T08:45:00+09:00,J5,259,189,448
2019-08-14T09:00:00+09:00,J1,569,509,1078
2019-08-14T09:00:00+09:00,J2,295,259,554
2019-08-14T09:00:00+09:00,J3,572,556,1128
2019-08-14T09:00:00+09:00,J4,566,505,1071
2019-08-14T09:00:00+09:00,J5,214,188,402
2019-08-14T09:15:00+09:00,J1,571,402,973
2019-08-14T09:15:00+09:00,J2,344,271,615
2019-08-14T09:15:00+09:00,J3,495,488,983
2019-08-14T09:15:00+09:00,J4,573,693,1266
2019-08-14T09:15:00+09:00,J5,203,191,394
2019-08-14T09:30:00+09:00,J1,527,531,1058
2019-08-14T09:30:00+09:00,J2,335,223,558
2019-08-14T09:30:00+09:00,J3,552,569,1121
2019-08-14T09:30:00+09:00,J4,626,760,1386
2019-08-14T09:30:00+09:00,J5,253,232,485
2019-08-14T09:45:00+09:00,J1,505,457,962
2019-08-14T09:45:00+09:00,J2,371,226,597
2019-08-14T09:45:00+09:00,J3,497,459,956
2019-08-14T09:45:00+09:00,J4,568,691,1259
2019-08-14T09:45:00+09:00,J5,233,197,430
2019-08-14T10:00:00+09:00,J1,555,485,1040
2019-08-14T10:00:00+09:00,J2,379,249,628
2019-08-14T10:00:00+09:00,J3,484,459,943
2019-08-14T10:00:00+09:00,J4,573,590,1163
2019-08-14T10:00:00+09:00,J5,265,209,474
2019-08-14T10:15:00+09:00,J1,550,491,1041
2019-08-14T10:15:00+09:00,J2,337,270,607
2019-08-14T10:15:00+09:00,J3,540,430,970
2019-08-14T10:15:00+09:00,J4,555,713,1268
2019-08-14T10:15:00+09:00,J5,371,355,726
2019-08-14T10:30:00+09:00,J1,581,494,1075
2019-08-14T10:30:00+09:00,J2,284,273,557
2019-08-14T10:30:00+09:00,J3,495,554,1049
2019-08-14T10:30:00+09:00,J4,564,606,1170
2019-08-14T10:30:00+09:00,J5,354,312,666
2019-08-14T10:45:00+09:00,J1,540,574,1114
2019-08-14T10:45:00+09:00,J2,308,266,574
2019-08-14T10:45:00+09:00,J3,566,566,1132
2019-08-14T10:45:00+09:00,J4,561,588,1149
2019-08-14T10:45:00+09:00,J5,292,224,516
2019-08-14T11:00:00+09:00,J1,540,496,1036
2019-08-14T11:00:00+09:00,J2,300,260,560
2019-08-14T11:00:00+09:00,J3,557,500,1057
2019-08-14T11:00:00+09:00,J4,566,535,1101
2019-08-14T11:00:00+09:00,J5,283,221,504
2019-08-14T11:15:00+09:00,J1,649,562,1211
2019-08-14T11:15:00+09:00,J2,359,269,628
2019-08-14T11:15:00+09:00,J3,592,670,1262
2019-08-14T11:15:00+09:00,J4,599,652,1251
2019-08-14T11:15:00+09:00,J5,257,211,468
2019-08-14T11:30:00+09:00,J1,642,648,1290
2019-08-14T11:30:00+09:00,J2,385,299,684
2019-08-14T11:30:00+09:00,J3,656,725,1381
2019-08-14T11:30:00+09:00,J4,622,648,1270
2019-08-14T11:30:00+09:00,J5,209,225,434
2019-08-14T11:45:00+09:00,J1,614,663,1277
2019-08-14T11:45:00+09:00,J2,397,276,673
2019-08-14T11:45:00+09:00,J3,678,752,1430
2019-08-14T11:45:00+09:00,J4,610,589,1199
2019-08-14T11:45:00+09:00,J5,254,210,464
2019-08-14T12:00:00+09:00,J1,636,635,1271
2019-08-14T12:00:00+09:00,J2,341,326,667
2019-08-14T12:00:00+09:00,J3,710,711,1421
2019-08-14T12:00:00+09:00,J4,611,586,1197
2019-08-14T12:00:00+09:00,J5,354,275,629
2019-08-14T12:15:00+09:00,J1,613,614,1227
2019-08-14T12:15:00+09:00,J2,377,333,710
2019-08-14T12:15:00+09:00,J3,605,588,1193
2019-08-14T12:15:00+09:00,J4,648,605,1253
2019-08-14T12:15:00+09:00,J5,326,282,608
2019-08-14T12:30:00+09:00,J1,601,575,1176
2019-08-14T12:30:00+09:00,J2,422,324,746
2019-08-14T12:30:00+09:00,J3,730,649,1379
2019-08-14T12:30:00+09:00,J4,719,722,1441
2019-08-14T12:30:00+09:00,J5,323,254,577
2019-08-14T12:45:00+09:00,J1,635,645,1280
2019-08-14T12:45:00+09:00,J2,347,291,638
2019-08-14T12:45:00+09:00,J3,748,675,1423
2019-08-14T12:45:00+09:00,J4,676,639,1315
2019-08-14T12:45:00+09:00,J5,319,238,557
2019-08-14T13:00:00+09:00,J1,577,625,1202
2019-08-14T13:00:00+09:00,J2,340,258,598
2019-08-14T13:00:00+09:00,J3,703,650,1353
2019-08-14T13:00:00+09:00,J4,701,641,1342
2019-08-14T13:00:00+09:00,J5,286,248,534
2019-08-14T13:15:00+09:00,J1,537,541,1078
2019-08-14T13:15:00+09:00,J2,338,256,594
2019-08-14T13:15:00+09:00,J3,681,595,1276
2019-08-14T13:15:00+09:00,J4,606,560,1166
2019-08-14T13:15:00+09:00,J5,365,259,624
2019-08-14T13:30:00+09:00,J1,535,632,1167
2019-08-14T13:30:00+09:00,J2,322,250,572
2019-08-14T13:30:00+09:00,J3,750,630,1380
2019-08-14T13:30:00+09:00,J4,664,645,1309
2019-08-14T13:30:00+09:00,J5,299,258,557
2019-08-14T13:45:00+09:00,J1,527,556,1083
2019-08-14T13:45:00+09:00,J2,361,316,677
2019-08-14T13:45:00+09:00,J3,782,703,1485
2019-08-14T13:45:00+09:00,J4,673,590,1263
2019-08-14T13:45:00+09:00,J5,392,277,669
2019-08-14T14:00:00+09:00,J1,590,641,1231
2019-08-14T14:00:00+09:00,J2,512,370,882
2019-08-14T14:00:00+09:00,J3,720,676,1396
2019-08-14T14:00:00+09:00,J4,619,608,1227
2019-08-14T14:00:00+09:00,J5,272,216,488
2019-08-14T14:15:00+09:00,J1,596,670,1266
2019-08-14T14:15:00+09:00,J2,453,327,780
2019-08-14T14:15:00+09:00,J3,735,647,1382
2019-08-14T14:15:00+09:00,J4,596,651,1247
2019-08-14T14:15:00+09:00,J5,268,237,505
2019-08-14T14:30:00+09:00,J1,592,685,1277
2019-08-14T14:30:00+09:00,J2,414,334,748
2019-08-14T14:30:00+09:00,J3,769,712,1481
2019-08-14T14:30:00+09:00,J4,606,550,1156
2019-08-14T14:30:00+09:00,J5,306,250,556
2019-08-14T14:45:00+09:00,J1,480,663,1143
2019-08-14T14:45:00+09:00,J2,355,332,687
2019-08-14T14:45:00+09:00,J3,673,724,1397
2019-08-14T14:45:00+09:00,J4,485,502,987
2019-08-14T14:45:00+09:00,J5,308,241,549
2019-08-14T15:00:00+09:00,J1,538,655,1193
2019-08-14T15:00:00+09:00,J2,424,307,731
2019-08-14T15:00:00+09:00,J3,829,728,1557
2019-08-14T15:00:00+09:00,J4,583,507,1090
2019-08-14T15:00:00+09:00,J5,363,326,689
2019-08-14T15:15:00+09:00,J1,583,604,1187
2019-08-14T15:15:00+09:00,J2,397,357,754
2019-08-14T15:15:00+09:00,J3,781,757,1538
2019-08-14T15:15:00+09:00,J4,570,579,1149
2019-08-14T15:15:00+09:00,J5,338,293,631
2019-08-14T15:30:00+09:00,J1,577,642,1219
2019-08-14T15:30:00+09:00,J2,458,384,842
2019-08-14T15:30:00+09:00,J3,793,685,1478
2019-08-14T15:30:00+09:00,J4,545,514,1059
2019-08-14T15:30:00+09:00,J5,359,352,711
2019-08-14T15:45:00+09:00,J1,600,647,1247
2019-08-14T15:45:00+09:00,J2,461,449,910
2019-08-14T15:45:00+09:00,J3,757,682,1439
2019-08-14T15:45:00+09:00,J4,562,568,1130
2019-08-14T15:45:00+09:00,J5,471,457,928
2019-08-14T16:00:00+09:00,J1,540,571,1111
2019-08-14T16:00:00+09:00,J2,403,386,789
2019-08-14T16:00:00+09:00,J3,804,672,1476
2019-08-14T16:00:00+09:00,J4,492,497,989
2019-08-14T16:00:00+09:00,J5,519,497,1016
2019-08-14T16:15:00+09:00,J1,665,668,1333
2019-08-14T16:15:00+09:00,J2,447,373,820
2019-08-14T16:15:00+09:00,J3,706,683,1389
2019-08-14T16:15:00+09:00,J4,610,502,1112
2019-08-14T16:15:00+09:00,J5,373,332,705
2019-08-14T16:30:00+09:00,J1,541,654,1195
2019-08-14T16:30:00+09:00,J2,413,365,778
2019-08-14T16:30:00+09:00,J3,719,721,1440
2019-08-14T16:30:00+09:00,J4,513,442,955
2019-08-14T16:30:00+09:00,J5,293,245,538
2019-08-14T16:45:00+09:00,J1,570,604,1174
2019-08-14T16:45:00+09:00,J2,404,295,699
2019-08-14T16:45:00+09:00,J3,800,671,1471
2019-08-14T16:45:00+09:00,J4,482,439,921
2019-08-14T16:45:00+09:00,J5,365,319,684
2019-08-14T17:00:00+09:00,J1,539,719,1258
2019-08-14T17:00:00+09:00,J2,431,383,814
2019-08-14T17:00:00+09:00,J3,926,708,1634
2019-08-14T17:00:00+09:00,J4,612,519,1131
2019-08-14T17:00:00+09:00,J5,512,434,946
2019-08-14T17:15:00+09:00,J1,620,746,1366
2019-08-14T17:15:00+09:00,J2,411,366,777
2019-08-14T17:15:00+09:00,J3,874,743,1617
2019-08-14T17:15:00+09:00,J4,718,602,1320
2019-08-14T17:15:00+09:00,J5,472,485,957
2019-08-14T17:30:00+09:00,J1,731,782,1513
2019-08-14T17:30:00+09:00,J2,451,335,786
2019-08-14T17:30:00+09:00,J3,919,829,1748
2019-08-14T17:30:00+09:00,J4,712,575,1287
2019-08-14T17:30:00+09:00,J5,495,497,992
2019-08-14T17:45:00+09:00,J1,607,845,1452
2019-08-14T17:45:00+09:00,J2,395,278,673
2019-08-14T17:45:00+09:00,J3,912,796,1708
2019-08-14T17:45:00+09:00,J4,841,691,1532
2019-08-14T17:45:00+09:00,J5,506,475,981
2019-08-14T18:00:00+09:00,J1,693,849,1542
2019-08-14T18:00:00+09:00,J2,434,310,744
2019-08-14T18:00:00+09:00,J3,905,855,1760
2019-08-14T18:00:00+09:00,J4,802,662,1464
2019-08-14T18:00:00+09:00,J5,451,471,922
2019-08-14T18:15:00+09:00,J1,635,711,1346
2019-08-14T18:15:00+09:00,J2,456,300,756
2019-08-14T18:15:00+09:00,J3,770,692,1462
2019-08-14T18:15:00+09:00,J4,800,643,1443
2019-08-14T18:15:00+09:00,J5,493,504,997
2019-08-14T18:30:00+09:00,J1,580,619,1199
2019-08-14T18:30:00+09:00,J2,382,256,638
2019-08-14T18:30:00+09:00,J3,786,628,1414
2019-08-14T18:30:00+09:00,J4,713,624,1337
2019-08-14T18:30:00+09:00,J5,439,500,939
2019-08-14T18:45:00+09:00,J1,620,689,1309
2019-08-14T18:45:00+09:00,J2,484,351,835
2019-08-14T18:45:00+09:00,J3,681,609,1290
2019-08-14T18:45:00+09:00,J4,585,493,1078
2019-08-14T18:45:00+09:00,J5,441,476,917
2019-08-14T19:00:00+09:00,J1,585,654,1239
2019-08-14T19:00:00+09:00,J2,465,294,759
2019-08-14T19:00:00+09:00,J3,625,580,1205
2019-08-14T19:00:00+09:00,J4,608,455,1063
2019-08-14T19:00:00+09:00,J5,464,464,928
2019-08-14T19:15:00+09:00,J1,610,610,1220
2019-08-14T19:15:00+09:00,J2,406,272,678
2019-08-14T19:15:00+09:00,J3,612,596,1208
2019-08-14T19:15:00+09:00,J4,700,575,1275
2019-08-14T19:15:00+09:00,J5,414,478,892
2019-08-14T19:30:00+09:00,J1,621,642,1263
2019-08-14T19:30:00+09:00,J2,403,301,704
2019-08-14T19:30:00+09:00,J3,581,522,1103
2019-08-14T19:30:00+09:00,J4,624,561,1185
2019-08-14T19:30:00+09:00,J5,401,389,790
2019-08-14T19:45:00+09:00,J1,566,614,1180
2019-08-14T19:45:00+09:00,J2,376,290,666
2019-08-14T19:45:00+09:00,J3,543,464,1007
2019-08-14T19:45:00+09:00,J4,601,516,1117
2019-08-14T19:45:00+09:00,J5,417,409,826
2019-08-14T20:00:00+09:00,J1,527,654,1181
2019-08-14T20:00:00+09:00,J2,329,240,569
2019-08-14T20:00:00+09:00,J3,515,447,962
2019-08-14T20:00:00+09:00,J4,669,683,1352
2019-08-14T20:00:00+09:00,J5,391,376,767
2019-08-14T20:15:00+09:00,J1,538,617,1155
2019-08-14T20:15:00+09:00,J2,335,208,543
2019-08-14T20:15:00+09:00,J3,521,434,955
2019-08-14T20:15:00+09:00,J4,665,626,1291
2019-08-14T20:15:00+09:00,J5,332,327,659
2019-08-14T20:30:00+09:00,J1,551,598,1149
2019-08-14T20:30:00+09:00,J2,307,180,487
2019-08-14T20:30:00+09:00,J3,534,401,935
2019-08-14T20:30:00+09:00,J4,625,620,1245
2019-08-14T20:30:00+09:00,J5,407,342,749
2019-08-14T20:45:00+09:00,J1,498,575,1073
2019-08-14T20:45:00+09:00,J2,316,201,517
2019-08-14T20:45:00+09:00,J3,482,390,872
2019-08-14T20:45:00+09:00,J4,675,614,1289
2019-08-14T20:45:00+09:00,J5,380,328,708
2019-08-14T21:00:00+09:00,J1,489,537,1026
2019-08-14T21:00:00+09:00,J2,271,217,488
2019-08-14T21:00:00+09:00,J3,439,332,771
2019-08-14T21:00:00+09:00,J4,718,664,1382
2019-08-14T21:00:00+09:00,J5,441,439,880
2019-08-14T21:15:00+09:00,J1,470,501,971
2019-08-14T21:15:00+09:00,J2,268,229,497
2019-08-14T21:15:00+09:00,J3,481,437,918
2019-08-14T21:15:00+09:00,J4,717,627,1344
2019-08-14T21:15:00+09:00,J5,434,456,890
2019-08-14T21:30:00+09:00,J1,409,475,884
2019-08-14T21:30:00+09:00,J2,249,275,524
2019-08-14T21:30:00+09:00,J3,473,433,906
2019-08-14T21:30:00+09:00,J4,623,545,1168
2019-08-14T21:30:00+09:00,J5,375,476,851
2019-08-14T21:45:00+09:00,J1,405,502,907
2019-08-14T21:45:00+09:00,J2,187,265,452
2019-08-14T21:45:00+09:00,J3,491,403,894
2019-08-14T21:45:00+09:00,J4,453,399,852
2019-08-14T21:45:00+09:00,J5,392,484,876
2019-08-14T22:00:00+09:00,J1,398,443,841
2019-08-14T22:00:00+09:00,J2,220,186,406
2019-08-14T22:00:00+09:00,J3,451,417,868
2019-08-14T22:00:00+09:00,J4,433,394,827
2019-08-14T22:00:00+09:00,J5,411,396,807
2019-08-14T22:15:00+09:00,J1,366,442,808
2019-08-14T22:15:00+09:00,J2,172,169,341
2019-08-14T22:15:00+09:00,J3,435,379,814
2019-08-14T22:15:00+09:00,J4,431,392,823
2019-08-14T22:15:00+09:00,J5,373,446,819
2019-08-14T22:30:00+09:00,J1,370,375,745
2019-08-14T22:30:00+09:00,J2,207,226,433
2019-08-14T22:30:00+09:00,J3,504,383,887
2019-08-14T22:30:00+09:00,J4,507,526,1033
2019-08-14T22:30:00+09:00,J5,319,335,654
2019-08-14T22:45:00+09:00,J1,333,342,675
2019-08-14T22:45:00+09:00,J2,253,243,496
2019-08-14T22:45:00+09:00,J3,497,417,914
2019-08-14T22:45:00+09:00,J4,530,504,1034
2019-08-14T22:45:00+09:00,J5,216,168,384
2019-08-14T23:00:00+09:00,J1,309,325,634
2019-08-14T23:00:00+09:00,J2,203,196,399
2019-08-14T23:00:00+09:00,J3,462,337,799
2019-08-14T23:00:00+09:00,J4,486,472,958
2019-08-14T23:00:00+09:00,J5,192,179,371
2019-08-14T23:15:00+09:00,J1,344,398,742
2019-08-14T23:15:00+09:00,J2,160,187,347
2019-08-14T23:15:00+09:00,J3,506,370,876
2019-08-14T23:15:00+09:00,J4,488,459,947
2019-08-14T23:15:00+09:00,J5,216,161,377
2019-08-14T23:30:00+09:00,J1,355,394,749
2019-08-14T23:30:00+09:00,J2,213,231,444
2019-08-14T23:30:00+09:00,J3,441,365,806
2019-08-14T23:30:00+09:00,J4,364,356,720
2019-08-14T23:30:00+09:00,J5,190,145,335
2019-08-14T23:45:00+09:00,J1,353,354,707
2019-08-14T23:45:00+09:00,J2,167,209,376
2019-08-14T23:45:00+09:00,J3,448,371,819
2019-08-14T23:45:00+09:00,J4,380,336,716
2019-08-14T23:45:00+09:00,J5,235,157,392
2019-08-15T00:00:00+09:00,J1,264,255,519
2019-08-15T00:00:00+09:00,J2,173,200,373
2019-08-15T00:00:00+09:00,J3,413,316,729
2019-08-15T00:00:00+09:00,J4,425,432,857
2019-08-15T00:00:00+09:00,J5,324,223,547
2019-08-15T00:15:00+09:00,J1,232,227,459
2019-08-15T00:15:00+09:00,J2,119,126,245
2019-08-15T00:15:00+09:00,J3,262,233,495
2019-08-15T00:15:00+09:00,J4,228,223,451
2019-08-15T00:15:00+09:00,J5,277,269,546
2019-08-15T00:30:00+09:00,J1,214,195,409
2019-08-15T00:30:00+09:00,J2,97,120,217
2019-08-15T00:30:00+09:00,J3,236,187,423
2019-08-15T00:30:00+09:00,J4,151,130,281
2019-08-15T00:30:00+09:00,J5,253,343,596
2019-08-15T00:45:00+09:00,J1,214,219,433
2019-08-15T00:45:00+09:00,J2,110,127,237
2019-08-15T00:45:00+09:00,J3,236,187,423
2019-08-15T00:45:00+09:00,J4,157,147,304
2019-08-15T00:45:00+09:00,J5,250,292,542
2019-08-15T05:45:00+09:00,J1,224,244,468
2019-08-15T05:45:00+09:00,J2,195,177,372
2019-08-15T05:45:00+09:00,J3,188,147,335
2019-08-15T05:45:00+09:00,J4,277,262,539
2019-08-15T05:45:00+09:00,J5,224,267,491
2019-08-15T06:00:00+09:00,J1,281,252,533
2019-08-15T06:00:00+09:00,J2,145,154,299
2019-08-15T06:00:00+09:00,J3,267,194,461
2019-08-15T06:00:00+09:00,J4,368,370,738
2019-08-15T06:00:00+09:00,J5,381,355,736
2019-08-15T06:15:00+09:00,J1,354,294,648
2019-08-15T06:15:00+09:00,J2,151,142,293
2019-08-15T06:15:00+09:00,J3,360,262,622
2019-08-15T06:15:00+09:00,J4,382,365,747
2019-08-15T06:15:00+09:00,J5,328,270,598
2019-08-15T06:30:00+09:00,J1,286,241,527
2019-08-15T06:30:00+09:00,J2,140,161,301
2019-08-15T06:30:00+09:00,J3,325,240,565
2019-08-15T06:30:00+09:00,J4,414,380,794
2019-08-15T06:30:00+09:00,J5,299,282,581
2019-08-15T06:45:00+09:00,J1,301,272,573
2019-08-15T06:45:00+09:00,J2,179,211,390
2019-08-15T06:45:00+09:00,J3,334,249,583
2019-08-15T06:45:00+09:00,J4,351,338,689
2019-08-15T06:45:00+09:00,J5,326,352,678
2019-08-15T07:00:00+09:00,J1,310,315,625
2019-08-15T07:00:00+09:00,J2,261,252,513
2019-08-15T07:00:00+09:00,J3,305,230,535
2019-08-15T07:00:00+09:00,J4,352,351,703
2019-08-15T07:00:00+09:00,J5,333,365,698
2019-08-15T07:15:00+09:00,J1,375,319,694
2019-08-15T07:15:00+09:00,J2,282,242,524
2019-08-15T07:15:00+09:00,J3,383,291,674
2019-08-15T07:15:00+09:00,J4,441,474,915
2019-08-15T07:15:00+09:00,J5,315,344,659
2019-08-15T07:30:00+09:00,J1,476,377,853
2019-08-15T07:30:00+09:00,J2,246,221,467
2019-08-15T07:30:00+09:00,J3,591,404,995
2019-08-15T07:30:00+09:00,J4,513,624,1137
2019-08-15T07:30:00+09:00,J5,272,245,517
2019-08-15T07:45:00+09:00,J1,568,395,963
2019-08-15T07:45:00+09:00,J2,321,225,546
2019-08-15T07:45:00+09:00,J3,556,435,991
2019-08-15T07:45:00+09:00,J4,569,744,1313
2019-08-15T07:45:00+09:00,J5,229,156,385
2019-08-15T08:00:00+09:00,J1,784,499,1283
2019-08-15T08:00:00+09:00,J2,473,271,744
2019-08-15T08:00:00+09:00,J3,570,451,1021
2019-08-15T08:00:00+09:00,J4,558,797,1355
2019-08-15T08:00:00+09:00,J5,245,209,454
2019-08-15T08:15:00+09:00,J1,873,568,1441
2019-08-15T08:15:00+09:00,J2,557,338,895
2019-08-15T08:15:00+09:00,J3,566,594,1160
2019-08-15T08:15:00+09:00,J4,657,758,1415
2019-08-15T08:15:00+09:00,J5,269,259,528
2019-08-15T08:30:00+09:00,J1,815,557,1372
2019-08-15T08:30:00+09:00,J2,558,384,942
2019-08-15T08:30:00+09:00,J3,714,687,1401
2019-08-15T08:30:00+09:00,J4,584,721,1305
2019-08-15T08:30:00+09:00,J5,208,304,512
2019-08-15T08:45:00+09:00,J1,622,495,1117
2019-08-15T08:45:00+09:00,J2,548,420,968
2019-08-15T08:45:00+09:00,J3,570,698,1268
2019-08-15T08:45:00+09:00,J4,382,533,915
2019-08-15T08:45:00+09:00,J5,174,206,380
2019-08-15T09:00:00+09:00,J1,544,462,1006
2019-08-15T09:00:00+09:00,J2,550,469,1019
2019-08-15T09:00:00+09:00,J3,562,587,1149
2019-08-15T09:00:00+09:00,J4,486,473,959
2019-08-15T09:00:00+09:00,J5,208,241,449
2019-08-15T09:15:00+09:00,J1,472,446,918
2019-08-15T09:15:00+09:00,J2,586,481,1067
2019-08-15T09:15:00+09:00,J3,386,492,878
2019-08-15T09:15:00+09:00,J4,525,582,1107
2019-08-15T09:15:00+09:00,J5,196,237,433
2019-08-15T09:30:00+09:00,J1,448,371,819
2019-08-15T09:30:00+09:00,J2,472,392,864
2019-08-15T09:30:00+09:00,J3,412,502,914
2019-08-15T09:30:00+09:00,J4,542,607,1149
2019-08-15T09:30:00+09:00,J5,247,262,509
2019-08-15T09:45:00+09:00,J1,384,355,739
2019-08-15T09:45:00+09:00,J2,564,538,1102
2019-08-15T09:45:00+09:00,J3,389,497,886
2019-08-15T09:45:00+09:00,J4,513,527,1040
2019-08-15T09:45:00+09:00,J5,281,186,467
2019-08-15T10:00:00+09:00,J1,399,350,749
2019-08-15T10:00:00+09:00,J2,485,466,951
2019-08-15T10:00:00+09:00,J3,425,484,909
2019-08-15T10:00:00+09:00,J4,629,659,1288
2019-08-15T10:00:00+09:00,J5,230,247,477
2019-08-15T10:15:00+09:00,J1,398,370,768
2019-08-15T10:15:00+09:00,J2,429,426,855
2019-08-15T10:15:00+09:00,J3,391,518,909
2019-08-15T10:15:00+09:00,J4,622,680,1302
2019-08-15T10:15:00+09:00,J5,190,216,406
2019-08-15T10:30:00+09:00,J1,423,420,843
2019-08-15T10:30:00+09:00,J2,463,468,931
2019-08-15T10:30:00+09:00,J3,364,491,855
2019-08-15T10:30:00+09:00,J4,563,685,1248
2019-08-15T10:30:00+09:00,J5,172,246,418
2019-08-15T10:45:00+09:00,J1,473,442,915
2019-08-15T10:45:00+09:00,J2,453,448,901
2019-08-15T10:45:00+09:00,J3,458,483,941
2019-08-15T10:45:00+09:00,J4,594,556,1150
2019-08-15T10:45:00+09:00,J5,152,235,387
2019-08-15T11:00:00+09:00,J1,506,457,963
2019-08-15T11:00:00+09:00,J2,439,419,858
2019-08-15T11:00:00+09:00,J3,519,470,989
2019-08-15T11:00:00+09:00,J4,663,639,1302
2019-08-15T11:00:00+09:00,J5,194,270,464
2019-08-15T11:15:00+09:00,J1,550,549,1099
2019-08-15T11:15:00+09:00,J2,420,398,818
2019-08-15T11:15:00+09:00,J3,633,608,1241
2019-08-15T11:15:00+09:00,J4,597,643,1240
2019-08-15T11:15:00+09:00,J5,280,264,544
2019-08-15T11:30:00+09:00,J1,562,523,1085
2019-08-15T11:30:00+09:00,J2,389,337,726
2019-08-15T11:30:00+09:00,J3,606,586,1192
2019-08-15T11:30:00+09:00,J4,605,551,1156
2019-08-15T11:30:00+09:00,J5,228,247,475
2019-08-15T11:45:00+09:00,J1,534,564,1098
2019-08-15T11:45:00+09:00,J2,364,328,692
2019-08-15T11:45:00+09:00,J3,594,596,1190
2019-08-15T11:45:00+09:00,J4,599,648,1247
2019-08-15T11:45:00+09:00,J5,189,248,437
2019-08-15T12:00:00+09:00,J1,637,571,1208
2019-08-15T12:00:00+09:00,J2,364,406,770
2019-08-15T12:00:00+09:00,J3,674,591,1265
2019-08-15T12:00:00+09:00,J4,617,633,1250
2019-08-15T12:00:00+09:00,J5,223,277,500
2019-08-15T12:15:00+09:00,J1,538,599,1137
2019-08-15T12:15:00+09:00,J2,325,385,710
2019-08-15T12:15:00+09:00,J3,619,579,1198
2019-08-15T12:15:00+09:00,J4,614,550,1164
2019-08-15T12:15:00+09:00,J5,256,280,536
2019-08-15T12:30:00+09:00,J1,588,670,1258
2019-08-15T12:30:00+09:00,J2,344,389,733
2019-08-15T12:30:00+09:00,J3,540,607,1147
2019-08-15T12:30:00+09:00,J4,603,601,1204
2019-08-15T12:30:00+09:00,J5,215,235,450
2019-08-15T12:45:00+09:00,J1,583,635,1218
2019-08-15T12:45:00+09:00,J2,387,440,827
2019-08-15T12:45:00+09:00,J3,486,544,1030
2019-08-15T12:45:00+09:00,J4,548,575,1123
2019-08-15T12:45:00+09:00,J5,214,285,499
2019-08-15T13:00:00+09:00,J1,630,710,1340
2019-08-15T13:00:00+09:00,J2,405,479,884
2019-08-15T13:00:00+09:00,J3,580,585,1165
2019-08-15T13:00:00+09:00,J4,632,547,1179
2019-08-15T13:00:00+09:00,J5,205,270,475
2019-08-15T13:15:00+09:00,J1,674,761,1435
2019-08-15T13:15:00+09:00,J2,377,455,832
2019-08-15T13:15:00+09:00,J3,632,672,1304
2019-08-15T13:15:00+09:00,J4,538,540,1078
2019-08-15T13:15:00+09:00,J5,253,273,526
2019-08-15T13:30:00+09:00,J1,640,633,1273
2019-08-15T13:30:00+09:00,J2,452,447,899
2019-08-15T13:30:00+09:00,J3,661,700,1361
2019-08-15T13:30:00+09:00,J4,566,528,1094
2019-08-15T13:30:00+09:00,J5,228,251,479
2019-08-15T13:45:00+09:00,J1,667,803,1470
2019-08-15T13:45:00+09:00,J2,495,455,950
2019-08-15T13:45:00+09:00,J3,702,629,1331
2019-08-15T13:45:00+09:00,J4,448,532,980
2019-08-15T13:45:00+09:00,J5,200,282,482
2019-08-15T14:00:00+09:00,J1,633,675,1308
2019-08-15T14:00:00+09:00,J2,491,480,971
2019-08-15T14:00:00+09:00,J3,890,770,1660
2019-08-15T14:00:00+09:00,J4,515,525,1040
2019-08-15T14:00:00+09:00,J5,187,246,433
2019-08-15T14:15:00+09:00,J1,595,613,1208
2019-08-15T14:15:00+09:00,J2,427,447,874
2019-08-15T14:15:00+09:00,J3,775,685,1460
2019-08-15T14:15:00+09:00,J4,592,548,1140
2019-08-15T14:15:00+09:00,J5,177,267,444
2019-08-15T14:30:00+09:00,J1,609,651,1260
2019-08-15T14:30:00+09:00,J2,407,425,832
2019-08-15T14:30:00+09:00,J3,584,488,1072
2019-08-15T14:30:00+09:00,J4,522,547,1069
2019-08-15T14:30:00+09:00,J5,203,242,445
2019-08-15T14:45:00+09:00,J1,531,578,1109
2019-08-15T14:45:00+09:00,J2,496,452,948
2019-08-15T14:45:00+09:00,J3,520,476,996
2019-08-15T14:45:00+09:00,J4,475,499,974
2019-08-15T14:45:00+09:00,J5,240,265,505
2019-08-15T15:00:00+09:00,J1,506,565,1071
2019-08-15T15:00:00+09:00,J2,499,380,879
2019-08-15T15:00:00+09:00,J3,500,499,999
2019-08-15T15:00:00+09:00,J4,491,481,972
2019-08-15T15:00:00+09:00,J5,190,248,438
2019-08-15T15:15:00+09:00,J1,558,578,1136
2019-08-15T15:15:00+09:00,J2,483,433,916
2019-08-15T15:15:00+09:00,J3,522,613,1135
2019-08-15T15:15:00+09:00,J4,483,523,1006
2019-08-15T15:15:00+09:00,J5,168,236,404
2019-08-15T15:30:00+09:00,J1,478,586,1064
2019-08-15T15:30:00+09:00,J2,454,504,958
2019-08-15T15:30:00+09:00,J3,571,540,1111
2019-08-15T15:30:00+09:00,J4,478,477,955
2019-08-15T15:30:00+09:00,J5,196,285,481
2019-08-15T15:45:00+09:00,J1,541,644,1185
2019-08-15T15:45:00+09:00,J2,399,405,804
2019-08-15T15:45:00+09:00,J3,494,513,1007
2019-08-15T15:45:00+09:00,J4,377,434,811
2019-08-15T15:45:00+09:00,J5,226,243,469
2019-08-15T16:00:00+09:00,J1,537,631,1168
2019-08-15T16:00:00+09:00,J2,333,436,769
2019-08-15T16:00:00+09:00,J3,492,622,1114
2019-08-15T16:00:00+09:00,J4,426,469,895
2019-08-15T16:00:00+09:00,J5,231,284,515
2019-08-15T16:15:00+09:00,J1,574,651,1225
2019-08-15T16:15:00+09:00,J2,408,405,813
2019-08-15T16:15:00+09:00,J3,643,650,1293
2019-08-15T16:15:00+09:00,J4,490,516,1006
2019-08-15T16:15:00+09:00,J5,266,336,602
2019-08-15T16:30:00+09:00,J1,577,665,1242
2019-08-15T16:30:00+09:00,J2,394,505,899
2019-08-15T16:30:00+09:00,J3,598,605,1203
2019-08-15T16:30:00+09:00,J4,507,508,1015
2019-08-15T16:30:00+09:00,J5,308,325,633
2019-08-15T16:45:00+09:00,J1,550,591,1141
2019-08-15T16:45:00+09:00,J2,388,423,811
2019-08-15T16:45:00+09:00,J3,611,582,1193
2019-08-15T16:45:00+09:00,J4,542,462,1004
2019-08-15T16:45:00+09:00,J5,303,347,650
2019-08-15T17:00:00+09:00,J1,641,855,1496
2019-08-15T17:00:00+09:00,J2,556,492,1048
2019-08-15T17:00:00+09:00,J3,748,599,1347
2019-08-15T17:00:00+09:00,J4,575,507,1082
2019-08-15T17:00:00+09:00,J5,322,424,746
2019-08-15T17:15:00+09:00,J1,720,946,1666
2019-08-15T17:15:00+09:00,J2,526,514,1040
2019-08-15T17:15:00+09:00,J3,826,612,1438
2019-08-15T17:15:00+09:00,J4,746,575,1321
2019-08-15T17:15:00+09:00,J5,347,393,740
2019-08-15T17:30:00+09:00,J1,756,1046,1802
2019-08-15T17:30:00+09:00,J2,552,580,1132
2019-08-15T17:30:00+09:00,J3,863,603,1466
2019-08-15T17:30:00+09:00,J4,820,600,1420
2019-08-15T17:30:00+09:00,J5,373,448,821
2019-08-15T17:45:00+09:00,J1,704,925,1629
2019-08-15T17:45:00+09:00,J2,542,475,1017
2019-08-15T17:45:00+09:00,J3,891,648,1539
2019-08-15T17:45:00+09:00,J4,771,681,1452
2019-08-15T17:45:00+09:00,J5,336,425,761
2019-08-15T18:00:00+09:00,J1,676,896,1572
2019-08-15T18:00:00+09:00,J2,495,435,930
2019-08-15T18:00:00+09:00,J3,881,590,1471
2019-08-15T18:00:00+09:00,J4,783,595,1378
2019-08-15T18:00:00+09:00,J5,360,433,793
2019-08-15T18:15:00+09:00,J1,681,787,1468
2019-08-15T18:15:00+09:00,J2,549,433,982
2019-08-15T18:15:00+09:00,J3,811,582,1393
2019-08-15T18:15:00+09:00,J4,788,621,1409
2019-08-15T18:15:00+09:00,J5,286,407,693
2019-08-15T18:30:00+09:00,J1,580,646,1226
2019-08-15T18:30:00+09:00,J2,579,403,982
2019-08-15T18:30:00+09:00,J3,782,560,1342
2019-08-15T18:30:00+09:00,J4,703,517,1220
2019-08-15T18:30:00+09:00,J5,311,378,689
2019-08-15T18:45:00+09:00,J1,491,598,1089
2019-08-15T18:45:00+09:00,J2,474,350,824
2019-08-15T18:45:00+09:00,J3,711,561,1272
2019-08-15T18:45:00+09:00,J4,608,398,1006
2019-08-15T18:45:00+09:00,J5,331,363,694
2019-08-15T19:00:00+09:00,J1,457,524,981
2019-08-15T19:00:00+09:00,J2,356,364,720
2019-08-15T19:00:00+09:00,J3,717,527,1244
2019-08-15T19:00:00+09:00,J4,558,467,1025
2019-08-15T19:00:00+09:00,J5,284,351,635
2019-08-15T19:15:00+09:00,J1,482,587,1069
2019-08-15T19:15:00+09:00,J2,355,380,735
2019-08-15T19:15:00+09:00,J3,752,533,1285
2019-08-15T19:15:00+09:00,J4,603,465,1068
2019-08-15T19:15:00+09:00,J5,257,373,630
2019-08-15T19:30:00+09:00,J1,395,491,886
2019-08-15T19:30:00+09:00,J2,326,334,660
2019-08-15T19:30:00+09:00,J3,666,520,1186
2019-08-15T19:30:00+09:00,J4,622,535,1157
2019-08-15T19:30:00+09:00,J5,307,339,646
2019-08-15T19:45:00+09:00,J1,398,510,908
2019-08-15T19:45:00+09:00,J2,357,359,716
2019-08-15T19:45:00+09:00,J3,666,520,1186
2019-08-15T19:45:00+09:00,J4,576,492,1068
2019-08-15T19:45:00+09:00,J5,268,314,582
2019-08-15T20:00:00+09:00,J1,393,569,962
2019-08-15T20:00:00+09:00,J2,340,402,742
2019-08-15T20:00:00+09:00,J3,689,598,1287
2019-08-15T20:00:00+09:00,J4,634,528,1162
2019-08-15T20:00:00+09:00,J5,267,348,615
2019-08-15T20:15:00+09:00,J1,549,618,1167
2019-08-15T20:15:00+09:00,J2,336,404,740
2019-08-15T20:15:00+09:00,J3,636,591,1227
2019-08-15T20:15:00+09:00,J4,558,535,1093
2019-08-15T20:15:00+09:00,J5,280,357,637
2019-08-15T20:30:00+09:00,J1,457,580,1037
2019-08-15T20:30:00+09:00,J2,267,345,612
2019-08-15T20:30:00+09:00,J3,592,560,1152
2019-08-15T20:30:00+09:00,J4,557,478,1035
2019-08-15T20:30:00+09:00,J5,309,344,653
2019-08-15T20:45:00+09:00,J1,357,410,767
2019-08-15T20:45:00+09:00,J2,259,326,585
2019-08-15T20:45:00+09:00,J3,528,487,1015
2019-08-15T20:45:00+09:00,J4,569,475,1044
2019-08-15T20:45:00+09:00,J5,286,342,628
2019-08-15T21:00:00+09:00,J1,345,366,711
2019-08-15T21:00:00+09:00,J2,299,308,607
2019-08-15T21:00:00+09:00,J3,423,347,770
2019-08-15T21:00:00+09:00,J4,389,364,753
2019-08-15T21:00:00+09:00,J5,239,310,549
2019-08-15T21:15:00+09:00,J1,312,390,702
2019-08-15T21:15:00+09:00,J2,305,289,594
2019-08-15T21:15:00+09:00,J3,416,387,803
2019-08-15T21:15:00+09:00,J4,353,245,598
2019-08-15T21:15:00+09:00,J5,219,255,474
2019-08-15T21:30:00+09:00,J1,296,349,645
2019-08-15T21:30:00+09:00,J2,336,339,675
2019-08-15T21:30:00+09:00,J3,355,362,717
2019-08-15T21:30:00+09:00,J4,329,301,630
2019-08-15T21:30:00+09:00,J5,233,250,483
2019-08-15T21:45:00+09:00,J1,259,274,533
2019-08-15T21:45:00+09:00,J2,262,258,520
2019-08-15T21:45:00+09:00,J3,268,287,555
2019-08-15T21:45:00+09:00,J4,215,188,403
2019-08-15T21:45:00+09:00,J5,140,150,290
2019-08-15T22:00:00+09:00,J1,263,368,631
2019-08-15T22:00:00+09:00,J2,381,447,828
2019-08-15T22:00:00+09:00,J3,456,429,885
2019-08-15T22:00:00+09:00,J4,321,297,618
2019-08-15T22:00:00+09:00,J5,165,253,418
2019-08-15T22:15:00+09:00,J1,298,273,571
2019-08-15T22:15:00+09:00,J2,332,340,672
2019-08-15T22:15:00+09:00,J3,439,357,796
2019-08-15T22:15:00+09:00,J4,352,302,654
2019-08-15T22:15:00+09:00,J5,184,231,415
2019-08-15T22:30:00+09:00,J1,263,269,532
2019-08-15T22:30:00+09:00,J2,345,362,707
2019-08-15T22:30:00+09:00,J3,399,331,730
2019-08-15T22:30:00+09:00,J4,311,280,591
2019-08-15T22:30:00+09:00,J5,158,206,364
2019-08-15T22:45:00+09:00,J1,250,265,515
2019-08-15T22:45:00+09:00,J2,299,305,604
2019-08-15T22:45:00+09:00,J3,356,348,704
2019-08-15T22:45:00+09:00,J4,261,235,496
2019-08-15T22:45:00+09:00,J5,183,249,432
2019-08-15T23:00:00+09:00,J1,271,235,506
2019-08-15T23:00:00+09:00,J2,308,329,637
2019-08-15T23:00:00+09:00,J3,347,323,670
2019-08-15T23:00:00+09:00,J4,249,226,475
2019-08-15T23:00:00+09:00,J5,164,201,365
2019-08-15T23:15:00+09:00,J1,257,265,522
2019-08-15T23:15:00+09:00,J2,316,365,681
2019-08-15T23:15:00+09:00,J3,415,395,810
2019-08-15T23:15:00+09:00,J4,271,280,551
2019-08-15T23:15:00+09:00,J5,177,234,411
2019-08-15T23:30:00+09:00,J1,241,261,502
2019-08-15T23:30:00+09:00,J2,359,391,750
2019-08-15T23:30:00+09:00,J3,357,369,726
2019-08-15T23:30:00+09:00,J4,250,243,493
2019-08-15T23:30:00+09:00,J5,170,234,404
2019-08-15T23:45:00+09:00,J1,214,219,433
2019-08-15T23:45:00+09:00,J2,334,281,615
2019-08-15T23:45:00+09:00,J3,382,318,700
2019-08-15T23:45:00+09:00,J4,197,203,400
2019-08-15T23:45:00+09:00,J5,165,205,370
2019-08-16T00:00:00+09:00,J1,187,187,374
2019-08-16T00:00:00+09:00,J2,286,226,512
2019-08-16T00:00:00+09:00,J3,324,289,613
2019-08-16T00:00:00+09:00,J4,220,247,467
2019-08-16T00:00:00+09:00,J5,149,168,317
2019-08-16T00:15:00+09:00,J1,155,131,286
2019-08-16T00:15:00+09:00,J2,167,142,309
2019-08-16T00:15:00+09:00,J3,323,282,605
2019-08-16T00:15:00+09:00,J4,271,276,547
2019-08-16T00:15:00+09:00,J5,149,172,321
2019-08-16T00:30:00+09:00,J1,153,123,276
2019-08-16T00:30:00+09:00,J2,177,153,330
2019-08-16T00:30:00+09:00,J3,283,264,547
2019-08-16T00:30:00+09:00,J4,250,238,488
2019-08-16T00:30:00+09:00,J5,129,155,284
2019-08-16T00:45:00+09:00,J1,145,124,269
2019-08-16T00:45:00+09:00,J2,178,128,306
2019-08-16T00:45:00+09:00,J3,233,238,471
2019-08-16T00:45:00+09:00,J4,265,260,525
2019-08-16T00:45:00+09:00,J5,181,188,369
2019-08-16T05:45:00+09:00,J1,189,200,389
2019-08-16T05:45:00+09:00,J2,260,252,512
2019-08-16T05:45:00+09:00,J3,315,345,660
2019-08-16T05:45:00+09:00,J4,292,254,546
2019-08-16T05:45:00+09:00,J5,162,170,332
2019-08-16T06:00:00+09:00,J1,219,215,434
2019-08-16T06:00:00+09:00,J2,257,257,514
2019-08-16T06:00:00+09:00,J3,317,340,657
2019-08-16T06:00:00+09:00,J4,304,275,579
2019-08-16T06:00:00+09:00,J5,111,187,298
2019-08-16T06:15:00+09:00,J1,262,209,471
2019-08-16T06:15:00+09:00,J2,322,232,554
2019-08-16T06:15:00+09:00,J3,302,323,625
2019-08-16T06:15:00+09:00,J4,323,306,629
2019-08-16T06:15:00+09:00,J5,153,179,332
2019-08-16T06:30:00+09:00,J1,222,201,423
2019-08-16T06:30:00+09:00,J2,306,275,581
2019-08-16T06:30:00+09:00,J3,308,301,609
2019-08-16T06:30:00+09:00,J4,292,261,553
2019-08-16T06:30:00+09:00,J5,165,155,320
2019-08-16T06:45:00+09:00,J1,290,222,512
2019-08-16T06:45:00+09:00,J2,340,321,661
2019-08-16T06:45:00+09:00,J3,312,340,652
2019-08-16T06:45:00+09:00,J4,247,277,524
2019-08-16T06:45:00+09:00,J5,143,196,339
2019-08-16T07:00:00+09:00,J1,363,259,622
2019-08-16T07:00:00+09:00,J2,305,263,568
2019-08-16T07:00:00+09:00,J3,356,389,745
2019-08-16T07:00:00+09:00,J4,267,342,609
2019-08-16T07:00:00+09:00,J5,141,214,355
2019-08-16T07:15:00+09:00,J1,402,256,658
2019-08-16T07:15:00+09:00,J2,371,351,722
2019-08-16T07:15:00+09:00,J3,414,421,835
2019-08-16T07:15:00+09:00,J4,290,356,646
2019-08-16T07:15:00+09:00,J5,183,216,399
2019-08-16T07:30:00+09:00,J1,578,386,964
2019-08-16T07:30:00+09:00,J2,488,399,887
2019-08-16T07:30:00+09:00,J3,526,508,1034
2019-08-16T07:30:00+09:00,J4,237,432,669
2019-08-16T07:30:00+09:00,J5,236,245,481
2019-08-16T07:45:00+09:00,J1,665,455,1120
2019-08-16T07:45:00+09:00,J2,442,296,738
2019-08-16T07:45:00+09:00,J3,561,673,1234
2019-08-16T07:45:00+09:00,J4,282,568,850
2019-08-16T07:45:00+09:00,J5,230,332,562
2019-08-16T08:00:00+09:00,J1,757,485,1242
2019-08-16T08:00:00+09:00,J2,384,262,646
2019-08-16T08:00:00+09:00,J3,712,751,1463
2019-08-16T08:00:00+09:00,J4,336,654,990
2019-08-16T08:00:00+09:00,J5,257,300,557
2019-08-16T08:15:00+09:00,J1,958,570,1528
2019-08-16T08:15:00+09:00,J2,527,341,868
2019-08-16T08:15:00+09:00,J3,761,836,1597
2019-08-16T08:15:00+09:00,J4,399,767,1166
2019-08-16T08:15:00+09:00,J5,346,340,686
2019-08-16T08:30:00+09:00,J1,886,542,1428
2019-08-16T08:30:00+09:00,J2,562,297,859
2019-08-16T08:30:00+09:00,J3,691,835,1526
2019-08-16T08:30:00+09:00,J4,371,737,1108
2019-08-16T08:30:00+09:00,J5,346,346,692
2019-08-16T08:45:00+09:00,J1,652,474,1126
2019-08-16T08:45:00+09:00,J2,528,315,843
2019-08-16T08:45:00+09:00,J3,659,684,1343
2019-08-16T08:45:00+09:00,J4,305,474,779
2019-08-16T08:45:00+09:00,J5,283,291,574
2019-08-16T09:00:00+09:00,J1,652,515,1167
2019-08-16T09:00:00+09:00,J2,526,306,832
2019-08-16T09:00:00+09:00,J3,622,598,1220
2019-08-16T09:00:00+09:00,J4,389,470,859
2019-08-16T09:00:00+09:00,J5,261,251,512
2019-08-16T09:15:00+09:00,J1,554,456,1010
2019-08-16T09:15:00+09:00,J2,451,342,793
2019-08-16T09:15:00+09:00,J3,622,627,1249
2019-08-16T09:15:00+09:00,J4,384,461,845
2019-08-16T09:15:00+09:00,J5,247,263,510
2019-08-16T09:30:00+09:00,J1,612,504,1116
2019-08-16T09:30:00+09:00,J2,486,430,916
2019-08-16T09:30:00+09:00,J3,602,573,1175
2019-08-16T09:30:00+09:00,J4,351,465,816
2019-08-16T09:30:00+09:00,J5,273,284,557
2019-08-16T09:45:00+09:00,J1,527,530,1057
2019-08-16T09:45:00+09:00,J2,517,449,966
2019-08-16T09:45:00+09:00,J3,552,577,1129
2019-08-16T09:45:00+09:00,J4,393,414,807
2019-08-16T09:45:00+09:00,J5,296,313,609
2019-08-16T10:00:00+09:00,J1,491,471,962
2019-08-16T10:00:00+09:00,J2,414,456,870
2019-08-16T10:00:00+09:00,J3,550,557,1107
2019-08-16T10:00:00+09:00,J4,486,494,980
2019-08-16T10:00:00+09:00,J5,251,309,560
2019-08-16T10:15:00+09:00,J1,506,516,1022
2019-08-16T10:15:00+09:00,J2,515,511,1026
2019-08-16T10:15:00+09:00,J3,572,524,1096
2019-08-16T10:15:00+09:00,J4,514,536,1050
2019-08-16T10:15:00+09:00,J5,260,338,598
2019-08-16T10:30:00+09:00,J1,511,495,1006
2019-08-16T10:30:00+09:00,J2,542,545,1087
2019-08-16T10:30:00+09:00,J3,573,552,1125
2019-08-16T10:30:00+09:00,J4,495,515,1010
2019-08-16T10:30:00+09:00,J5,297,330,627
2019-08-16T10:45:00+09:00,J1,529,630,1159
2019-08-16T10:45:00+09:00,J2,523,447,970
2019-08-16T10:45:00+09:00,J3,652,546,1198
2019-08-16T10:45:00+09:00,J4,475,514,989
2019-08-16T10:45:00+09:00,J5,322,332,654
2019-08-16T11:00:00+09:00,J1,547,581,1128
2019-08-16T11:00:00+09:00,J2,398,370,768
2019-08-16T11:00:00+09:00,J3,673,592,1265
2019-08-16T11:00:00+09:00,J4,547,614,1161
2019-08-16T11:00:00+09:00,J5,321,289,610
2019-08-16T11:15:00+09:00,J1,563,595,1158
2019-08-16T11:15:00+09:00,J2,543,409,952
2019-08-16T11:15:00+09:00,J3,835,777,1612
2019-08-16T11:15:00+09:00,J4,529,566,1095
2019-08-16T11:15:00+09:00,J5,241,331,572
2019-08-16T11:30:00+09:00,J1,510,489,999
2019-08-16T11:30:00+09:00,J2,469,324,793
2019-08-16T11:30:00+09:00,J3,793,744,1537
2019-08-16T11:30:00+09:00,J4,456,562,1018
2019-08-16T11:30:00+09:00,J5,240,306,546
2019-08-16T11:45:00+09:00,J1,512,571,1083
2019-08-16T11:45:00+09:00,J2,508,329,837
2019-08-16T11:45:00+09:00,J3,811,734,1545
2019-08-16T11:45:00+09:00,J4,421,445,866
2019-08-16T11:45:00+09:00,J5,229,307,536
2019-08-16T12:00:00+09:00,J1,553,579,1132
2019-08-16T12:00:00+09:00,J2,551,372,923
2019-08-16T12:00:00+09:00,J3,844,778,1622
2019-08-16T12:00:00+09:00,J4,473,408,881
2019-08-16T12:00:00+09:00,J5,274,334,608
2019-08-16T12:15:00+09:00,J1,626,637,1263
2019-08-16T12:15:00+09:00,J2,533,350,883
2019-08-16T12:15:00+09:00,J3,646,652,1298
2019-08-16T12:15:00+09:00,J4,525,519,1044
2019-08-16T12:15:00+09:00,J5,282,316,598
2019-08-16T12:30:00+09:00,J1,629,682,1311
2019-08-16T12:30:00+09:00,J2,569,341,910
2019-08-16T12:30:00+09:00,J3,660,706,1366
2019-08-16T12:30:00+09:00,J4,538,550,1088
2019-08-16T12:30:00+09:00,J5,280,322,602
2019-08-16T12:45:00+09:00,J1,617,804,1421
2019-08-16T12:45:00+09:00,J2,584,426,1010
2019-08-16T12:45:00+09:00,J3,664,854,1518
2019-08-16T12:45:00+09:00,J4,510,553,1063
2019-08-16T12:45:00+09:00,J5,282,330,612
2019-08-16T13:00:00+09:00,J1,689,907,1596
2019-08-16T13:00:00+09:00,J2,668,526,1194
2019-08-16T13:00:00+09:00,J3,820,839,1659
2019-08-16T13:00:00+09:00,J4,575,570,1145
2019-08-16T13:00:00+09:00,J5,328,406,734
2019-08-16T13:15:00+09:00,J1,675,927,1602
2019-08-16T13:15:00+09:00,J2,560,487,1047
2019-08-16T13:15:00+09:00,J3,713,799,1512
2019-08-16T13:15:00+09:00,J4,550,591,1141
2019-08-16T13:15:00+09:00,J5,352,417,769
2019-08-16T13:30:00+09:00,J1,621,768,1389
2019-08-16T13:30:00+09:00,J2,489,437,926
2019-08-16T13:30:00+09:00,J3,675,696,1371
2019-08-16T13:30:00+09:00,J4,570,542,1112
2019-08-16T13:30:00+09:00,J5,300,363,663
2019-08-16T13:45:00+09:00,J1,659,786,1445
2019-08-16T13:45:00+09:00,J2,509,415,924
2019-08-16T13:45:00+09:00,J3,721,737,1458
2019-08-16T13:45:00+09:00,J4,612,568,1180
2019-08-16T13:45:00+09:00,J5,306,331,637
2019-08-16T14:00:00+09:00,J1,607,723,1330
2019-08-16T14:00:00+09:00,J2,529,458,987
2019-08-16T14:00:00+09:00,J3,819,790,1609
2019-08-16T14:00:00+09:00,J4,457,515,972
2019-08-16T14:00:00+09:00,J5,269,293,562
2019-08-16T14:15:00+09:00,J1,577,748,1325
2019-08-16T14:15:00+09:00,J2,563,421,984
2019-08-16T14:15:00+09:00,J3,830,820,1650
2019-08-16T14:15:00+09:00,J4,491,470,961
2019-08-16T14:15:00+09:00,J5,267,306,573
2019-08-16T14:30:00+09:00,J1,647,740,1387
2019-08-16T14:30:00+09:00,J2,534,423,957
2019-08-16T14:30:00+09:00,J3,896,818,1714
2019-08-16T14:30:00+09:00,J4,460,454,914
2019-08-16T14:30:00+09:00,J5,260,318,578
2019-08-16T14:45:00+09:00,J1,594,748,1342
2019-08-16T14:45:00+09:00,J2,457,396,853
2019-08-16T14:45:00+09:00,J3,509,562,1071
2019-08-16T14:45:00+09:00,J4,542,627,1169
2019-08-16T14:45:00+09:00,J5,212,307,519
2019-08-16T15:00:00+09:00,J1,585,737,1322
2019-08-16T15:00:00+09:00,J2,516,394,910
2019-08-16T15:00:00+09:00,J3,561,606,1167
2019-08-16T15:00:00+09:00,J4,601,584,1185
2019-08-16T15:00:00+09:00,J5,184,296,480
2019-08-16T15:15:00+09:00,J1,605,799,1404
2019-08-16T15:15:00+09:00,J2,502,479,981
2019-08-16T15:15:00+09:00,J3,626,681,1307
2019-08-16T15:15:00+09:00,J4,546,641,1187
2019-08-16T15:15:00+09:00,J5,229,354,583
2019-08-16T15:30:00+09:00,J1,630,832,1462
2019-08-16T15:30:00+09:00,J2,465,482,947
2019-08-16T15:30:00+09:00,J3,695,782,1477
2019-08-16T15:30:00+09:00,J4,662,636,1298
2019-08-16T15:30:00+09:00,J5,242,332,574
2019-08-16T15:45:00+09:00,J1,623,841,1464
2019-08-16T15:45:00+09:00,J2,496,505,1001
2019-08-16T15:45:00+09:00,J3,649,729,1378
2019-08-16T15:45:00+09:00,J4,532,598,1130
2019-08-16T15:45:00+09:00,J5,309,289,598
2019-08-16T16:00:00+09:00,J1,583,909,1492
2019-08-16T16:00:00+09:00,J2,497,549,1046
2019-08-16T16:00:00+09:00,J3,712,776,1488
2019-08-16T16:00:00+09:00,J4,475,558,1033
2019-08-16T16:00:00+09:00,J5,302,340,642
2019-08-16T16:15:00+09:00,J1,620,924,1544
2019-08-16T16:15:00+09:00,J2,567,521,1088
2019-08-16T16:15:00+09:00,J3,864,841,1705
2019-08-16T16:15:00+09:00,J4,575,579,1154
2019-08-16T16:15:00+09:00,J5,289,351,640
2019-08-16T16:30:00+09:00,J1,599,859,1458
2019-08-16T16:30:00+09:00,J2,705,557,1262
2019-08-16T16:30:00+09:00,J3,889,887,1776
2019-08-16T16:30:00+09:00,J4,630,627,1257
2019-08-16T16:30:00+09:00,J5,241,317,558
2019-08-16T16:45:00+09:00,J1,643,836,1479
2019-08-16T16:45:00+09:00,J2,697,529,1226
2019-08-16T16:45:00+09:00,J3,952,808,1760
2019-08-16T16:45:00+09:00,J4,549,519,1068
2019-08-16T16:45:00+09:00,J5,322,355,677
2019-08-16T17:00:00+09:00,J1,683,859,1542
2019-08-16T17:00:00+09:00,J2,577,541,1118
2019-08-16T17:00:00+09:00,J3,1051,962,2013
2019-08-16T17:00:00+09:00,J4,552,609,1161
2019-08-16T17:00:00+09:00,J5,315,394,709
2019-08-16T17:15:00+09:00,J1,723,904,1627
2019-08-16T17:15:00+09:00,J2,576,582,1158
2019-08-16T17:15:00+09:00,J3,875,761,1636
2019-08-16T17:15:00+09:00,J4,700,709,1409
2019-08-16T17:15:00+09:00,J5,413,576,989
2019-08-16T17:30:00+09:00,J1,863,996,1859
2019-08-16T17:30:00+09:00,J2,863,665,1528
2019-08-16T17:30:00+09:00,J3,941,874,1815
2019-08-16T17:30:00+09:00,J4,761,722,1483
2019-08-16T17:30:00+09:00,J5,407,534,941
2019-08-16T17:45:00+09:00,J1,853,1002,1855
2019-08-16T17:45:00+09:00,J2,811,537,1348
2019-08-16T17:45:00+09:00,J3,932,913,1845
2019-08-16T17:45:00+09:00,J4,775,653,1428
2019-08-16T17:45:00+09:00,J5,418,632,1050
2019-08-16T18:00:00+09:00,J1,863,1038,1901
2019-08-16T18:00:00+09:00,J2,715,584,1299
2019-08-16T18:00:00+09:00,J3,955,900,1855
2019-08-16T18:00:00+09:00,J4,723,584,1307
2019-08-16T18:00:00+09:00,J5,409,540,949
2019-08-16T18:15:00+09:00,J1,791,1014,1805
2019-08-16T18:15:00+09:00,J2,787,773,1560
2019-08-16T18:15:00+09:00,J3,888,767,1655
2019-08-16T18:15:00+09:00,J4,705,527,1232
2019-08-16T18:15:00+09:00,J5,463,540,1003
2019-08-16T18:30:00+09:00,J1,721,917,1638
2019-08-16T18:30:00+09:00,J2,818,632,1450
2019-08-16T18:30:00+09:00,J3,833,734,1567
2019-08-16T18:30:00+09:00,J4,592,519,1111
2019-08-16T18:30:00+09:00,J5,407,535,942
2019-08-16T18:45:00+09:00,J1,670,842,1512
2019-08-16T18:45:00+09:00,J2,663,491,1154
2019-08-16T18:45:00+09:00,J3,906,673,1579
2019-08-16T18:45:00+09:00,J4,476,454,930
2019-08-16T18:45:00+09:00,J5,395,430,825
2019-08-16T19:00:00+09:00,J1,624,721,1345
2019-08-16T19:00:00+09:00,J2,624,568,1192
2019-08-16T19:00:00+09:00,J3,862,662,1524
2019-08-16T19:00:00+09:00,J4,517,415,932
2019-08-16T19:00:00+09:00,J5,380,463,843
2019-08-16T19:15:00+09:00,J1,599,748,1347
2019-08-16T19:15:00+09:00,J2,521,552,1073
2019-08-16T19:15:00+09:00,J3,811,695,1506
2019-08-16T19:15:00+09:00,J4,571,463,1034
2019-08-16T19:15:00+09:00,J5,378,520,898
2019-08-16T19:30:00+09:00,J1,538,693,1231
2019-08-16T19:30:00+09:00,J2,539,515,1054
2019-08-16T19:30:00+09:00,J3,717,726,1443
2019-08-16T19:30:00+09:00,J4,492,470,962
2019-08-16T19:30:00+09:00,J5,346,406,752
2019-08-16T19:45:00+09:00,J1,448,521,969
2019-08-16T19:45:00+09:00,J2,523,516,1039
2019-08-16T19:45:00+09:00,J3,733,640,1373
2019-08-16T19:45:00+09:00,J4,497,425,922
2019-08-16T19:45:00+09:00,J5,317,356,673
2019-08-16T20:00:00+09:00,J1,434,489,923
2019-08-16T20:00:00+09:00,J2,501,468,969
2019-08-16T20:00:00+09:00,J3,695,594,1289
2019-08-16T20:00:00+09:00,J4,568,477,1045
2019-08-16T20:00:00+09:00,J5,332,322,654
2019-08-16T20:15:00+09:00,J1,568,572,1140
2019-08-16T20:15:00+09:00,J2,517,497,1014
2019-08-16T20:15:00+09:00,J3,779,608,1387
2019-08-16T20:15:00+09:00,J4,536,527,1063
2019-08-16T20:15:00+09:00,J5,251,341,592
2019-08-16T20:30:00+09:00,J1,541,562,1103
2019-08-16T20:30:00+09:00,J2,475,451,926
2019-08-16T20:30:00+09:00,J3,711,680,1391
2019-08-16T20:30:00+09:00,J4,494,434,928
2019-08-16T20:30:00+09:00,J5,231,337,568
2019-08-16T20:45:00+09:00,J1,465,484,949
2019-08-16T20:45:00+09:00,J2,445,487,932
2019-08-16T20:45:00+09:00,J3,576,571,1147
2019-08-16T20:45:00+09:00,J4,331,321,652
2019-08-16T20:45:00+09:00,J5,265,334,599
2019-08-16T21:00:00+09:00,J1,527,553,1080
2019-08-16T21:00:00+09:00,J2,454,365,819
2019-08-16T21:00:00+09:00,J3,429,473,902
2019-08-16T21:00:00+09:00,J4,346,281,627
2019-08-16T21:00:00+09:00,J5,272,311,583
2019-08-16T21:15:00+09:00,J1,518,626,1144
2019-08-16T21:15:00+09:00,J2,386,376,762
2019-08-16T21:15:00+09:00,J3,453,462,915
2019-08-16T21:15:00+09:00,J4,406,306,712
2019-08-16T21:15:00+09:00,J5,227,271,498
2019-08-16T21:30:00+09:00,J1,394,526,920
2019-08-16T21:30:00+09:00,J2,349,407,756
2019-08-16T21:30:00+09:00,J3,423,454,877
2019-08-16T21:30:00+09:00,J4,319,286,605
2019-08-16T21:30:00+09:00,J5,200,240,440
2019-08-16T21:45:00+09:00,J1,407,488,895
2019-08-16T21:45:00+09:00,J2,378,346,724
2019-08-16T21:45:00+09:00,J3,470,415,885
2019-08-16T21:45:00+09:00,J4,330,311,641
2019-08-16T21:45:00+09:00,J5,208,235,443
2019-08-16T22:00:00+09:00,J1,420,482,902
2019-08-16T22:00:00+09:00,J2,357,409,766
2019-08-16T22:00:00+09:00,J3,429,486,915
2019-08-16T22:00:00+09:00,J4,368,292,660
2019-08-16T22:00:00+09:00,J5,167,193,360
2019-08-16T22:15:00+09:00,J1,341,436,777
2019-08-16T22:15:00+09:00,J2,370,419,789
2019-08-16T22:15:00+09:00,J3,384,438,822
2019-08-16T22:15:00+09:00,J4,342,301,643
2019-08-16T22:15:00+09:00,J5,173,206,379
2019-08-16T22:30:00+09:00,J1,378,461,839
2019-08-16T22:30:00+09:00,J2,351,367,718
2019-08-16T22:30:00+09:00,J3,424,413,837
2019-08-16T22:30:00+09:00,J4,325,310,635
2019-08-16T22:30:00+09:00,J5,178,198,376
2019-08-16T22:45:00+09:00,J1,363,472,835
2019-08-16T22:45:00+09:00,J2,365,378,743
2019-08-16T22:45:00+09:00,J3,417,431,848
2019-08-16T22:45:00+09:00,J4,354,337,691
2019-08-16T22:45:00+09:00,J5,201,219,420
2019-08-16T23:00:00+09:00,J1,336,437,773
2019-08-16T23:00:00+09:00,J2,350,380,730
2019-08-16T23:00:00+09:00,J3,434,430,864
2019-08-16T23:00:00+09:00,J4,381,314,695
2019-08-16T23:00:00+09:00,J5,197,190,387
2019-08-16T23:15:00+09:00,J1,332,381,713
2019-08-16T23:15:00+09:00,J2,346,404,750
2019-08-16T23:15:00+09:00,J3,398,414,812
2019-08-16T23:15:00+09:00,J4,357,343,700
2019-08-16T23:15:00+09:00,J5,171,160,331
2019-08-16T23:30:00+09:00,J1,328,413,741
2019-08-16T23:30:00+09:00,J2,318,388,706
2019-08-16T23:30:00+09:00,J3,371,428,799
2019-08-16T23:30:00+09:00,J4,279,318,597
2019-08-16T23:30:00+09:00,J5,155,161,316
2019-08-16T23:45:00+09:00,J1,262,337,599
2019-08-16T23:45:00+09:00,J2,336,366,702
2019-08-16T23:45:00+09:00,J3,447,388,835
2019-08-16T23:45:00+09:00,J4,287,230,517
2019-08-16T23:45:00+09:00,J5,166,178,344
2019-08-17T00:00:00+09:00,J1,267,262,529
2019-08-17T00:00:00+09:00,J2,263,264,527
2019-08-17T00:00:00+09:00,J3,370,335,705
2019-08-17T00:00:00+09:00,J4,272,231,503
2019-08-17T00:00:00+09:00,J5,191,172,363
2019-08-17T00:15:00+09:00,J1,200,194,394
2019-08-17T00:15:00+09:00,J2,213,173,386
2019-08-17T00:15:00+09:00,J3,274,318,592
2019-08-17T00:15:00+09:00,J4,161,191,352
2019-08-17T00:15:00+09:00,J5,149,184,333
2019-08-17T00:30:00+09:00,J1,141,113,254
2019-08-17T00:30:00+09:00,J2,180,193,373
2019-08-17T00:30:00+09:00,J3,264,343,607
2019-08-17T00:30:00+09:00,J4,176,199,375
2019-08-17T00:30:00+09:00,J5,134,195,329
2019-08-17T00:45:00+09:00,J1,113,111,224
2019-08-17T00:45:00+09:00,J2,159,157,316
2019-08-17T00:45:00+09:00,J3,250,309,559
2019-08-17T00:45:00+09:00,J4,149,177,326
2019-08-17T00:45:00+09:00,J5,154,197,351
2019-08-17T05:45:00+09:00,J1,218,296,514
2019-08-17T05:45:00+09:00,J2,43,34,77
2019-08-17T05:45:00+09:00,J3,317,300,617
2019-08-17T05:45:00+09:00,J4,297,272,569
2019-08-17T05:45:00+09:00,J5,133,214,347
2019-08-17T06:00:00+09:00,J1,236,340,576
2019-08-17T06:00:00+09:00,J2,43,41,84
2019-08-17T06:00:00+09:00,J3,259,294,553
2019-08-17T06:00:00+09:00,J4,329,255,584
2019-08-17T06:00:00+09:00,J5,110,196,306
2019-08-17T06:15:00+09:00,J1,220,253,473
2019-08-17T06:15:00+09:00,J2,64,43,107
2019-08-17T06:15:00+09:00,J3,274,270,544
2019-08-17T06:15:00+09:00,J4,316,283,599
2019-08-17T06:15:00+09:00,J5,131,209,340
2019-08-17T06:30:00+09:00,J1,198,287,485
2019-08-17T06:30:00+09:00,J2,57,45,102
2019-08-17T06:30:00+09:00,J3,263,267,530
2019-08-17T06:30:00+09:00,J4,325,323,648
2019-08-17T06:30:00+09:00,J5,151,196,347
2019-08-17T06:45:00+09:00,J1,237,290,527
2019-08-17T06:45:00+09:00,J2,67,52,119
2019-08-17T06:45:00+09:00,J3,261,286,547
2019-08-17T06:45:00+09:00,J4,267,324,591
2019-08-17T06:45:00+09:00,J5,135,192,327
2019-08-17T07:00:00+09:00,J1,229,272,501
2019-08-17T07:00:00+09:00,J2,40,32,72
2019-08-17T07:00:00+09:00,J3,302,328,630
2019-08-17T07:00:00+09:00,J4,353,332,685
2019-08-17T07:00:00+09:00,J5,163,208,371
2019-08-17T07:15:00+09:00,J1,229,283,512
2019-08-17T07:15:00+09:00,J2,53,40,93
2019-08-17T07:15:00+09:00,J3,293,275,568
2019-08-17T07:15:00+09:00,J4,409,303,712
2019-08-17T07:15:00+09:00,J5,144,172,316
2019-08-17T07:30:00+09:00,J1,243,293,536
2019-08-17T07:30:00+09:00,J2,73,51,124
2019-08-17T07:30:00+09:00,J3,316,336,652
2019-08-17T07:30:00+09:00,J4,378,391,769
2019-08-17T07:30:00+09:00,J5,120,212,332
2019-08-17T07:45:00+09:00,J1,275,235,510
2019-08-17T07:45:00+09:00,J2,81,58,139
2019-08-17T07:45:00+09:00,J3,284,358,642
2019-08-17T07:45:00+09:00,J4,300,351,651
2019-08-17T07:45:00+09:00,J5,182,201,383
2019-08-17T08:00:00+09:00,J1,337,298,635
2019-08-17T08:00:00+09:00,J2,108,101,209
2019-08-17T08:00:00+09:00,J3,419,421,840
2019-08-17T08:00:00+09:00,J4,267,315,582
2019-08-17T08:00:00+09:00,J5,183,223,406
2019-08-17T08:15:00+09:00,J1,475,334,809
2019-08-17T08:15:00+09:00,J2,103,81,184
2019-08-17T08:15:00+09:00,J3,475,497,972
2019-08-17T08:15:00+09:00,J4,277,351,628
2019-08-17T08:15:00+09:00,J5,223,245,468
2019-08-17T08:30:00+09:00,J1,520,315,835
2019-08-17T08:30:00+09:00,J2,99,64,163
2019-08-17T08:30:00+09:00,J3,606,564,1170
2019-08-17T08:30:00+09:00,J4,336,394,730
2019-08-17T08:30:00+09:00,J5,215,226,441
2019-08-17T08:45:00+09:00,J1,342,302,644
2019-08-17T08:45:00+09:00,J2,100,62,162
2019-08-17T08:45:00+09:00,J3,704,599,1303
2019-08-17T08:45:00+09:00,J4,342,315,657
2019-08-17T08:45:00+09:00,J5,172,206,378
2019-08-17T09:00:00+09:00,J1,397,297,694
2019-08-17T09:00:00+09:00,J2,61,64,125
2019-08-17T09:00:00+09:00,J3,696,604,1300
2019-08-17T09:00:00+09:00,J4,299,381,680
2019-08-17T09:00:00+09:00,J5,163,206,369
2019-08-17T09:15:00+09:00,J1,534,330,864
2019-08-17T09:15:00+09:00,J2,100,68,168
2019-08-17T09:15:00+09:00,J3,685,624,1309
2019-08-17T09:15:00+09:00,J4,296,346,642
2019-08-17T09:15:00+09:00,J5,183,251,434
2019-08-17T09:30:00+09:00,J1,500,484,984
2019-08-17T09:30:00+09:00,J2,96,54,150
2019-08-17T09:30:00+09:00,J3,628,672,1300
2019-08-17T09:30:00+09:00,J4,297,378,675
2019-08-17T09:30:00+09:00,J5,176,224,400
2019-08-17T09:45:00+09:00,J1,533,421,954
2019-08-17T09:45:00+09:00,J2,154,62,216
2019-08-17T09:45:00+09:00,J3,552,558,1110
2019-08-17T09:45:00+09:00,J4,320,360,680
2019-08-17T09:45:00+09:00,J5,201,204,405
2019-08-17T10:00:00+09:00,J1,467,421,888
2019-08-17T10:00:00+09:00,J2,137,125,262
2019-08-17T10:00:00+09:00,J3,511,437,948
2019-08-17T10:00:00+09:00,J4,314,327,641
2019-08-17T10:00:00+09:00,J5,218,241,459
2019-08-17T10:15:00+09:00,J1,439,371,810
2019-08-17T10:15:00+09:00,J2,220,148,368
2019-08-17T10:15:00+09:00,J3,428,504,932
2019-08-17T10:15:00+09:00,J4,321,375,696
2019-08-17T10:15:00+09:00,J5,207,287,494
2019-08-17T10:30:00+09:00,J1,437,417,854
2019-08-17T10:30:00+09:00,J2,200,200,400
2019-08-17T10:30:00+09:00,J3,476,488,964
2019-08-17T10:30:00+09:00,J4,314,363,677
2019-08-17T10:30:00+09:00,J5,244,306,550
2019-08-17T10:45:00+09:00,J1,466,468,934
2019-08-17T10:45:00+09:00,J2,206,237,443
2019-08-17T10:45:00+09:00,J3,409,496,905
2019-08-17T10:45:00+09:00,J4,358,381,739
2019-08-17T10:45:00+09:00,J5,271,304,575
2019-08-17T11:00:00+09:00,J1,511,540,1051
2019-08-17T11:00:00+09:00,J2,246,195,441
2019-08-17T11:00:00+09:00,J3,601,641,1242
2019-08-17T11:00:00+09:00,J4,356,372,728
2019-08-17T11:00:00+09:00,J5,213,264,477
2019-08-17T11:15:00+09:00,J1,489,540,1029
2019-08-17T11:15:00+09:00,J2,246,159,405
2019-08-17T11:15:00+09:00,J3,592,695,1287
2019-08-17T11:15:00+09:00,J4,340,408,748
2019-08-17T11:15:00+09:00,J5,177,217,394
2019-08-17T11:30:00+09:00,J1,450,583,1033
2019-08-17T11:30:00+09:00,J2,208,177,385
2019-08-17T11:30:00+09:00,J3,574,639,1213
2019-08-17T11:30:00+09:00,J4,351,393,744
2019-08-17T11:30:00+09:00,J5,175,201,376
2019-08-17T11:45:00+09:00,J1,434,668,1102
2019-08-17T11:45:00+09:00,J2,230,165,395
2019-08-17T11:45:00+09:00,J3,539,600,1139
2019-08-17T11:45:00+09:00,J4,467,515,982
2019-08-17T11:45:00+09:00,J5,178,272,450
2019-08-17T12:00:00+09:00,J1,552,609,1161
2019-08-17T12:00:00+09:00,J2,196,170,366
2019-08-17T12:00:00+09:00,J3,576,575,1151
2019-08-17T12:00:00+09:00,J4,535,496,1031
2019-08-17T12:00:00+09:00,J5,186,272,458
2019-08-17T12:15:00+09:00,J1,564,645,1209
2019-08-17T12:15:00+09:00,J2,221,161,382
2019-08-17T12:15:00+09:00,J3,637,653,1290
2019-08-17T12:15:00+09:00,J4,477,469,946
2019-08-17T12:15:00+09:00,J5,156,225,381
2019-08-17T12:30:00+09:00,J1,630,679,1309
2019-08-17T12:30:00+09:00,J2,198,181,379
2019-08-17T12:30:00+09:00,J3,607,525,1132
2019-08-17T12:30:00+09:00,J4,439,444,883
2019-08-17T12:30:00+09:00,J5,137,241,378
2019-08-17T12:45:00+09:00,J1,583,690,1273
2019-08-17T12:45:00+09:00,J2,212,130,342
2019-08-17T12:45:00+09:00,J3,586,495,1081
2019-08-17T12:45:00+09:00,J4,422,364,786
2019-08-17T12:45:00+09:00,J5,156,239,395
2019-08-17T13:00:00+09:00,J1,538,751,1289
2019-08-17T13:00:00+09:00,J2,206,106,312
2019-08-17T13:00:00+09:00,J3,623,597,1220
2019-08-17T13:00:00+09:00,J4,432,393,825
2019-08-17T13:00:00+09:00,J5,204,233,437
2019-08-17T13:15:00+09:00,J1,562,761,1323
2019-08-17T13:15:00+09:00,J2,217,74,291
2019-08-17T13:15:00+09:00,J3,634,589,1223
2019-08-17T13:15:00+09:00,J4,436,449,885
2019-08-17T13:15:00+09:00,J5,214,246,460
2019-08-17T13:30:00+09:00,J1,600,784,1384
2019-08-17T13:30:00+09:00,J2,220,80,300
2019-08-17T13:30:00+09:00,J3,665,563,1228
2019-08-17T13:30:00+09:00,J4,398,402,800
2019-08-17T13:30:00+09:00,J5,249,290,539
2019-08-17T13:45:00+09:00,J1,563,778,1341
2019-08-17T13:45:00+09:00,J2,209,83,292
2019-08-17T13:45:00+09:00,J3,677,684,1361
2019-08-17T13:45:00+09:00,J4,445,369,814
2019-08-17T13:45:00+09:00,J5,239,293,532
2019-08-17T14:00:00+09:00,J1,557,742,1299
2019-08-17T14:00:00+09:00,J2,246,106,352
2019-08-17T14:00:00+09:00,J3,673,646,1319
2019-08-17T14:00:00+09:00,J4,425,408,833
2019-08-17T14:00:00+09:00,J5,233,250,483
2019-08-17T14:15:00+09:00,J1,558,696,1254
2019-08-17T14:15:00+09:00,J2,270,98,368
2019-08-17T14:15:00+09:00,J3,649,627,1276
2019-08-17T14:15:00+09:00,J4,464,436,900
2019-08-17T14:15:00+09:00,J5,242,251,493
2019-08-17T14:30:00+09:00,J1,516,730,1246
2019-08-17T14:30:00+09:00,J2,247,153,400
2019-08-17T14:30:00+09:00,J3,654,753,1407
2019-08-17T14:30:00+09:00,J4,417,377,794
2019-08-17T14:30:00+09:00,J5,254,255,509
2019-08-17T14:45:00+09:00,J1,547,741,1288
2019-08-17T14:45:00+09:00,J2,237,157,394
2019-08-17T14:45:00+09:00,J3,687,801,1488
2019-08-17T14:45:00+09:00,J4,516,434,950
2019-08-17T14:45:00+09:00,J5,303,308,611
2019-08-17T15:00:00+09:00,J1,578,765,1343
2019-08-17T15:00:00+09:00,J2,238,206,444
2019-08-17T15:00:00+09:00,J3,647,821,1468
2019-08-17T15:00:00+09:00,J4,473,435,908
2019-08-17T15:00:00+09:00,J5,280,327,607
2019-08-17T15:15:00+09:00,J1,556,724,1280
2019-08-17T15:15:00+09:00,J2,289,207,496
2019-08-17T15:15:00+09:00,J3,643,753,1396
2019-08-17T15:15:00+09:00,J4,521,416,937
2019-08-17T15:15:00+09:00,J5,248,267,515
2019-08-17T15:30:00+09:00,J1,591,742,1333
2019-08-17T15:30:00+09:00,J2,311,245,556
2019-08-17T15:30:00+09:00,J3,657,620,1277
2019-08-17T15:30:00+09:00,J4,505,399,904
2019-08-17T15:30:00+09:00,J5,229,271,500
2019-08-17T15:45:00+09:00,J1,574,832,1406
2019-08-17T15:45:00+09:00,J2,295,213,508
2019-08-17T15:45:00+09:00,J3,629,668,1297
2019-08-17T15:45:00+09:00,J4,488,425,913
2019-08-17T15:45:00+09:00,J5,235,282,517
2019-08-17T16:00:00+09:00,J1,566,705,1271
2019-08-17T16:00:00+09:00,J2,215,205,420
2019-08-17T16:00:00+09:00,J3,637,564,1201
2019-08-17T16:00:00+09:00,J4,495,469,964
2019-08-17T16:00:00+09:00,J5,211,247,458
2019-08-17T16:15:00+09:00,J1,515,755,1270
2019-08-17T16:15:00+09:00,J2,236,175,411
2019-08-17T16:15:00+09:00,J3,663,601,1264
2019-08-17T16:15:00+09:00,J4,532,458,990
2019-08-17T16:15:00+09:00,J5,197,222,419
2019-08-17T16:30:00+09:00,J1,576,761,1337
2019-08-17T16:30:00+09:00,J2,260,167,427
2019-08-17T16:30:00+09:00,J3,662,552,1214
2019-08-17T16:30:00+09:00,J4,436,441,877
2019-08-17T16:30:00+09:00,J5,167,217,384
2019-08-17T16:45:00+09:00,J1,551,697,1248
2019-08-17T16:45:00+09:00,J2,259,166,425
2019-08-17T16:45:00+09:00,J3,601,712,1313
2019-08-17T16:45:00+09:00,J4,446,408,854
2019-08-17T16:45:00+09:00,J5,216,286,502
2019-08-17T17:00:00+09:00,J1,594,744,1338
2019-08-17T17:00:00+09:00,J2,258,156,414
2019-08-17T17:00:00+09:00,J3,741,628,1369
2019-08-17T17:00:00+09:00,J4,486,505,991
2019-08-17T17:00:00+09:00,J5,203,266,469
2019-08-17T17:15:00+09:00,J1,693,863,1556
2019-08-17T17:15:00+09:00,J2,251,128,379
2019-08-17T17:15:00+09:00,J3,606,474,1080
2019-08-17T17:15:00+09:00,J4,583,534,1117
2019-08-17T17:15:00+09:00,J5,210,303,513
2019-08-17T17:30:00+09:00,J1,638,861,1499
2019-08-17T17:30:00+09:00,J2,272,135,407
2019-08-17T17:30:00+09:00,J3,752,615,1367
2019-08-17T17:30:00+09:00,J4,531,481,1012
2019-08-17T17:30:00+09:00,J5,212,270,482
2019-08-17T17:45:00+09:00,J1,626,808,1434
2019-08-17T17:45:00+09:00,J2,232,140,372
2019-08-17T17:45:00+09:00,J3,715,621,1336
2019-08-17T17:45:00+09:00,J4,429,403,832
2019-08-17T17:45:00+09:00,J5,195,238,433
2019-08-17T18:00:00+09:00,J1,621,629,1250
2019-08-17T18:00:00+09:00,J2,243,122,365
2019-08-17T18:00:00+09:00,J3,635,533,1168
2019-08-17T18:00:00+09:00,J4,401,372,773
2019-08-17T18:00:00+09:00,J5,203,226,429
2019-08-17T18:15:00+09:00,J1,692,686,1378
2019-08-17T18:15:00+09:00,J2,227,116,343
2019-08-17T18:15:00+09:00,J3,629,617,1246
2019-08-17T18:15:00+09:00,J4,361,348,709
2019-08-17T18:15:00+09:00,J5,195,266,461
2019-08-17T18:30:00+09:00,J1,604,631,1235
2019-08-17T18:30:00+09:00,J2,171,79,250
2019-08-17T18:30:00+09:00,J3,560,548,1108
2019-08-17T18:30:00+09:00,J4,410,387,797
2019-08-17T18:30:00+09:00,J5,201,235,436
2019-08-17T18:45:00+09:00,J1,513,590,1103
2019-08-17T18:45:00+09:00,J2,219,68,287
2019-08-17T18:45:00+09:00,J3,513,523,1036
2019-08-17T18:45:00+09:00,J4,327,336,663
2019-08-17T18:45:00+09:00,J5,209,239,448
2019-08-17T19:00:00+09:00,J1,499,554,1053
2019-08-17T19:00:00+09:00,J2,156,77,233
2019-08-17T19:00:00+09:00,J3,505,538,1043
2019-08-17T19:00:00+09:00,J4,338,391,729
2019-08-17T19:00:00+09:00,J5,213,257,470
2019-08-17T19:15:00+09:00,J1,505,482,987
2019-08-17T19:15:00+09:00,J2,172,83,255
2019-08-17T19:15:00+09:00,J3,485,489,974
2019-08-17T19:15:00+09:00,J4,357,363,720
2019-08-17T19:15:00+09:00,J5,231,287,518
2019-08-17T19:30:00+09:00,J1,384,440,824
2019-08-17T19:30:00+09:00,J2,140,68,208
2019-08-17T19:30:00+09:00,J3,395,474,869
2019-08-17T19:30:00+09:00,J4,370,352,722
2019-08-17T19:30:00+09:00,J5,210,279,489
2019-08-17T19:45:00+09:00,J1,376,401,777
2019-08-17T19:45:00+09:00,J2,122,54,176
2019-08-17T19:45:00+09:00,J3,387,436,823
2019-08-17T19:45:00+09:00,J4,337,314,651
2019-08-17T19:45:00+09:00,J5,185,252,437
2019-08-17T20:00:00+09:00,J1,344,322,666
2019-08-17T20:00:00+09:00,J2,150,89,239
2019-08-17T20:00:00+09:00,J3,488,522,1010
2019-08-17T20:00:00+09:00,J4,365,335,700
2019-08-17T20:00:00+09:00,J5,171,247,418
2019-08-17T20:15:00+09:00,J1,406,420,826
2019-08-17T20:15:00+09:00,J2,153,65,218
2019-08-17T20:15:00+09:00,J3,583,535,1118
2019-08-17T20:15:00+09:00,J4,380,345,725
2019-08-17T20:15:00+09:00,J5,212,259,471
2019-08-17T20:30:00+09:00,J1,386,422,808
2019-08-17T20:30:00+09:00,J2,138,57,195
2019-08-17T20:30:00+09:00,J3,605,557,1162
2019-08-17T20:30:00+09:00,J4,306,263,569
2019-08-17T20:30:00+09:00,J5,219,253,472
2019-08-17T20:45:00+09:00,J1,318,346,664
2019-08-17T20:45:00+09:00,J2,107,55,162
2019-08-17T20:45:00+09:00,J3,484,454,938
2019-08-17T20:45:00+09:00,J4,290,277,567
2019-08-17T20:45:00+09:00,J5,198,247,445
2019-08-17T21:00:00+09:00,J1,378,367,745
2019-08-17T21:00:00+09:00,J2,100,87,187
2019-08-17T21:00:00+09:00,J3,349,397,746
2019-08-17T21:00:00+09:00,J4,396,366,762
2019-08-17T21:00:00+09:00,J5,155,197,352
2019-08-17T21:15:00+09:00,J1,372,462,834
2019-08-17T21:15:00+09:00,J2,95,70,165
2019-08-17T21:15:00+09:00,J3,387,324,711
2019-08-17T21:15:00+09:00,J4,410,280,690
2019-08-17T21:15:00+09:00,J5,153,216,369
2019-08-17T21:30:00+09:00,J1,319,368,687
2019-08-17T21:30:00+09:00,J2,125,58,183
2019-08-17T21:30:00+09:00,J3,360,343,703
2019-08-17T21:30:00+09:00,J4,478,390,868
2019-08-17T21:30:00+09:00,J5,158,202,360
2019-08-17T21:45:00+09:00,J1,279,277,556
2019-08-17T21:45:00+09:00,J2,84,46,130
2019-08-17T21:45:00+09:00,J3,358,297,655
2019-08-17T21:45:00+09:00,J4,467,353,820
2019-08-17T21:45:00+09:00,J5,176,156,332
2019-08-17T22:00:00+09:00,J1,318,338,656
2019-08-17T22:00:00+09:00,J2,93,55,148
2019-08-17T22:00:00+09:00,J3,375,304,679
2019-08-17T22:00:00+09:00,J4,426,379,805
2019-08-17T22:00:00+09:00,J5,183,152,335
2019-08-17T22:15:00+09:00,J1,247,304,551
2019-08-17T22:15:00+09:00,J2,78,49,127
2019-08-17T22:15:00+09:00,J3,385,320,705
2019-08-17T22:15:00+09:00,J4,382,384,766
2019-08-17T22:15:00+09:00,J5,171,171,342
2019-08-17T22:30:00+09:00,J1,308,268,576
2019-08-17T22:30:00+09:00,J2,76,62,138
2019-08-17T22:30:00+09:00,J3,386,303,689
2019-08-17T22:30:00+09:00,J4,442,433,875
2019-08-17T22:30:00+09:00,J5,180,198,378
2019-08-17T22:45:00+09:00,J1,298,281,579
2019-08-17T22:45:00+09:00,J2,70,44,114
2019-08-17T22:45:00+09:00,J3,403,310,713
2019-08-17T22:45:00+09:00,J4,485,408,893
2019-08-17T22:45:00+09:00,J5,111,173,284
2019-08-17T23:00:00+09:00,J1,311,343,654
2019-08-17T23:00:00+09:00,J2,61,52,113
2019-08-17T23:00:00+09:00,J3,330,301,631
2019-08-17T23:00:00+09:00,J4,500,421,921
2019-08-17T23:00:00+09:00,J5,100,150,250
2019-08-17T23:15:00+09:00,J1,321,333,654
2019-08-17T23:15:00+09:00,J2,62,47,109
2019-08-17T23:15:00+09:00,J3,440,357,797
2019-08-17T23:15:00+09:00,J4,397,420,817
2019-08-17T23:15:00+09:00,J5,91,148,239
2019-08-17T23:30:00+09:00,J1,341,350,691
2019-08-17T23:30:00+09:00,J2,55,37,92
2019-08-17T23:30:00+09:00,J3,373,352,725
2019-08-17T23:30:00+09:00,J4,395,435,830
2019-08-17T23:30:00+09:00,J5,126,155,281
2019-08-17T23:45:00+09:00,J1,299,324,623
2019-08-17T23:45:00+09:00,J2,54,49,103
2019-08-17T23:45:00+09:00,J3,358,297,655
2019-08-17T23:45:00+09:00,J4,401,346,747
2019-08-17T23:45:00+09:00,J5,99,151,250
2019-08-18T00:00:00+09:00,J1,242,260,502
2019-08-18T00:00:00+09:00,J2,44,36,80
2019-08-18T00:00:00+09:00,J3,325,231,556
2019-08-18T00:00:00+09:00,J4,452,421,873
2019-08-18T00:00:00+09:00,J5,129,192,321
2019-08-18T00:15:00+09:00,J1,167,217,384
2019-08-18T00:15:00+09:00,J2,23,31,54
2019-08-18T00:15:00+09:00,J3,359,264,623
2019-08-18T00:15:00+09:00,J4,349,334,683
2019-08-18T00:15:00+09:00,J5,127,147,274
2019-08-18T00:30:00+09:00,J1,207,170,377
2019-08-18T00:30:00+09:00,J2,37,28,65
2019-08-18T00:30:00+09:00,J3,334,285,619
2019-08-18T00:30:00+09:00,J4,451,460,911
2019-08-18T00:30:00+09:00,J5,92,83,175
2019-08-18T00:45:00+09:00,J1,175,160,335
2019-08-18T00:45:00+09:00,J2,24,29,53
2019-08-18T00:45:00+09:00,J3,338,248,586
2019-08-18T00:45:00+09:00,J4,521,485,1006
2019-08-18T00:45:00+09:00,J5,58,59,117
2019-08-18T05:45:00+09:00,J1,287,281,568
2019-08-18T05:45:00+09:00,J2,156,181,337
2019-08-18T05:45:00+09:00,J3,317,233,550
2019-08-18T05:45:00+09:00,J4,320,309,629
2019-08-18T05:45:00+09:00,J5,154,116,270
2019-08-18T06:00:00+09:00,J1,267,302,569
2019-08-18T06:00:00+09:00,J2,150,194,344
2019-08-18T06:00:00+09:00,J3,410,321,731
2019-08-18T06:00:00+09:00,J4,418,431,849
2019-08-18T06:00:00+09:00,J5,163,104,267
2019-08-18T06:15:00+09:00,J1,374,313,687
2019-08-18T06:15:00+09:00,J2,151,194,345
2019-08-18T06:15:00+09:00,J3,479,345,824
2019-08-18T06:15:00+09:00,J4,488,478,966
2019-08-18T06:15:00+09:00,J5,153,109,262
2019-08-18T06:30:00+09:00,J1,327,288,615
2019-08-18T06:30:00+09:00,J2,164,217,381
2019-08-18T06:30:00+09:00,J3,422,328,750
2019-08-18T06:30:00+09:00,J4,464,477,941
2019-08-18T06:30:00+09:00,J5,172,109,281
2019-08-18T06:45:00+09:00,J1,510,477,987
2019-08-18T06:45:00+09:00,J2,232,238,470
2019-08-18T06:45:00+09:00,J3,431,349,780
2019-08-18T06:45:00+09:00,J4,479,527,1006
2019-08-18T06:45:00+09:00,J5,182,151,333
2019-08-18T07:00:00+09:00,J1,410,397,807
2019-08-18T07:00:00+09:00,J2,162,226,388
2019-08-18T07:00:00+09:00,J3,482,399,881
2019-08-18T07:00:00+09:00,J4,452,506,958
2019-08-18T07:00:00+09:00,J5,243,186,429
2019-08-18T07:15:00+09:00,J1,467,463,930
2019-08-18T07:15:00+09:00,J2,226,244,470
2019-08-18T07:15:00+09:00,J3,444,343,787
2019-08-18T07:15:00+09:00,J4,530,557,1087
2019-08-18T07:15:00+09:00,J5,246,213,459
2019-08-18T07:30:00+09:00,J1,435,406,841
2019-08-18T07:30:00+09:00,J2,214,226,440
2019-08-18T07:30:00+09:00,J3,479,397,876
2019-08-18T07:30:00+09:00,J4,550,541,1091
2019-08-18T07:30:00+09:00,J5,224,183,407
2019-08-18T07:45:00+09:00,J1,422,422,844
2019-08-18T07:45:00+09:00,J2,246,234,480
2019-08-18T07:45:00+09:00,J3,462,409,871
2019-08-18T07:45:00+09:00,J4,532,501,1033
2019-08-18T07:45:00+09:00,J5,222,167,389
2019-08-18T08:00:00+09:00,J1,549,520,1069
2019-08-18T08:00:00+09:00,J2,284,243,527
2019-08-18T08:00:00+09:00,J3,562,440,1002
2019-08-18T08:00:00+09:00,J4,463,477,940
2019-08-18T08:00:00+09:00,J5,225,208,433
2019-08-18T08:15:00+09:00,J1,615,544,1159
2019-08-18T08:15:00+09:00,J2,282,249,531
2019-08-18T08:15:00+09:00,J3,454,353,807
2019-08-18T08:15:00+09:00,J4,433,469,902
2019-08-18T08:15:00+09:00,J5,256,208,464
2019-08-18T08:30:00+09:00,J1,506,488,994
2019-08-18T08:30:00+09:00,J2,359,293,652
2019-08-18T08:30:00+09:00,J3,432,330,762
2019-08-18T08:30:00+09:00,J4,524,555,1079
2019-08-18T08:30:00+09:00,J5,228,185,413
2019-08-18T08:45:00+09:00,J1,529,431,960
2019-08-18T08:45:00+09:00,J2,312,350,662
2019-08-18T08:45:00+09:00,J3,434,335,769
2019-08-18T08:45:00+09:00,J4,448,484,932
2019-08-18T08:45:00+09:00,J5,179,182,361
2019-08-18T09:00:00+09:00,J1,517,428,945
2019-08-18T09:00:00+09:00,J2,313,273,586
2019-08-18T09:00:00+09:00,J3,432,310,742
2019-08-18T09:00:00+09:00,J4,431,475,906
2019-08-18T09:00:00+09:00,J5,158,203,361
2019-08-18T09:15:00+09:00,J1,523,488,1011
2019-08-18T09:15:00+09:00,J2,362,291,653
2019-08-18T09:15:00+09:00,J3,402,353,755
2019-08-18T09:15:00+09:00,J4,483,496,979
2019-08-18T09:15:00+09:00,J5,175,179,354
2019-08-18T09:30:00+09:00,J1,493,432,925
2019-08-18T09:30:00+09:00,J2,421,327,748
2019-08-18T09:30:00+09:00,J3,443,406,849
2019-08-18T09:30:00+09:00,J4,539,521,1060
2019-08-18T09:30:00+09:00,J5,188,210,398
2019-08-18T09:45:00+09:00,J1,524,448,972
2019-08-18T09:45:00+09:00,J2,398,335,733
2019-08-18T09:45:00+09:00,J3,486,397,883
2019-08-18T09:45:00+09:00,J4,520,560,1080
2019-08-18T09:45:00+09:00,J5,188,187,375
2019-08-18T10:00:00+09:00,J1,427,409,836
2019-08-18T10:00:00+09:00,J2,383,323,706
2019-08-18T10:00:00+09:00,J3,426,364,790
2019-08-18T10:00:00+09:00,J4,510,508,1018
2019-08-18T10:00:00+09:00,J5,183,180,363
2019-08-18T10:15:00+09:00,J1,474,484,958
2019-08-18T10:15:00+09:00,J2,450,305,755
2019-08-18T10:15:00+09:00,J3,428,402,830
2019-08-18T10:15:00+09:00,J4,502,506,1008
2019-08-18T10:15:00+09:00,J5,188,158,346
2019-08-18T10:30:00+09:00,J1,542,508,1050
2019-08-18T10:30:00+09:00,J2,467,406,873
2019-08-18T10:30:00+09:00,J3,495,394,889
2019-08-18T10:30:00+09:00,J4,540,522,1062
2019-08-18T10:30:00+09:00,J5,204,161,365
2019-08-18T10:45:00+09:00,J1,499,542,1041
2019-08-18T10:45:00+09:00,J2,491,326,817
2019-08-18T10:45:00+09:00,J3,504,438,942
2019-08-18T10:45:00+09:00,J4,512,500,1012
2019-08-18T10:45:00+09:00,J5,184,150,334
2019-08-18T11:00:00+09:00,J1,562,558,1120
2019-08-18T11:00:00+09:00,J2,375,372,747
2019-08-18T11:00:00+09:00,J3,529,567,1096
2019-08-18T11:00:00+09:00,J4,409,368,777
2019-08-18T11:00:00+09:00,J5,194,215,409
2019-08-18T11:15:00+09:00,J1,513,565,1078
2019-08-18T11:15:00+09:00,J2,431,380,811
2019-08-18T11:15:00+09:00,J3,514,558,1072
2019-08-18T11:15:00+09:00,J4,400,429,829
2019-08-18T11:15:00+09:00,J5,216,203,419
2019-08-18T11:30:00+09:00,J1,585,627,1212
2019-08-18T11:30:00+09:00,J2,468,457,925
2019-08-18T11:30:00+09:00,J3,391,467,858
2019-08-18T11:30:00+09:00,J4,465,493,958
2019-08-18T11:30:00+09:00,J5,192,207,399
2019-08-18T11:45:00+09:00,J1,587,635,1222
2019-08-18T11:45:00+09:00,J2,503,493,996
2019-08-18T11:45:00+09:00,J3,451,523,974
2019-08-18T11:45:00+09:00,J4,362,400,762
2019-08-18T11:45:00+09:00,J5,302,270,572
2019-08-18T12:00:00+09:00,J1,578,639,1217
2019-08-18T12:00:00+09:00,J2,492,451,943
2019-08-18T12:00:00+09:00,J3,439,494,933
2019-08-18T12:00:00+09:00,J4,339,372,711
2019-08-18T12:00:00+09:00,J5,236,218,454
2019-08-18T12:15:00+09:00,J1,691,698,1389
2019-08-18T12:15:00+09:00,J2,501,528,1029
2019-08-18T12:15:00+09:00,J3,542,505,1047
2019-08-18T12:15:00+09:00,J4,341,354,695
2019-08-18T12:15:00+09:00,J5,176,183,359
2019-08-18T12:30:00+09:00,J1,593,637,1230
2019-08-18T12:30:00+09:00,J2,502,488,990
2019-08-18T12:30:00+09:00,J3,579,594,1173
2019-08-18T12:30:00+09:00,J4,394,412,806
2019-08-18T12:30:00+09:00,J5,181,192,373
2019-08-18T12:45:00+09:00,J1,562,574,1136
2019-08-18T12:45:00+09:00,J2,469,486,955
2019-08-18T12:45:00+09:00,J3,477,499,976
2019-08-18T12:45:00+09:00,J4,445,393,838
2019-08-18T12:45:00+09:00,J5,224,226,450
2019-08-18T13:00:00+09:00,J1,557,654,1211
2019-08-18T13:00:00+09:00,J2,451,498,949
2019-08-18T13:00:00+09:00,J3,536,522,1058
2019-08-18T13:00:00+09:00,J4,406,379,785
2019-08-18T13:00:00+09:00,J5,194,232,426
2019-08-18T13:15:00+09:00,J1,574,635,1209
2019-08-18T13:15:00+09:00,J2,464,422,886
2019-08-18T13:15:00+09:00,J3,493,519,1012
2019-08-18T13:15:00+09:00,J4,638,492,1130
2019-08-18T13:15:00+09:00,J5,183,220,403
2019-08-18T13:30:00+09:00,J1,591,678,1269
2019-08-18T13:30:00+09:00,J2,467,417,884
2019-08-18T13:30:00+09:00,J3,862,766,1628
2019-08-18T13:30:00+09:00,J4,572,468,1040
2019-08-18T13:30:00+09:00,J5,181,199,380
2019-08-18T13:45:00+09:00,J1,594,600,1194
2019-08-18T13:45:00+09:00,J2,444,398,842
2019-08-18T13:45:00+09:00,J3,773,746,1519
2019-08-18T13:45:00+09:00,J4,546,518,1064
2019-08-18T13:45:00+09:00,J5,173,194,367
2019-08-18T14:00:00+09:00,J1,558,669,1227
2019-08-18T14:00:00+09:00,J2,429,351,780
2019-08-18T14:00:00+09:00,J3,732,685,1417
2019-08-18T14:00:00+09:00,J4,708,589,1297
2019-08-18T14:00:00+09:00,J5,199,202,401
2019-08-18T14:15:00+09:00,J1,585,660,1245
2019-08-18T14:15:00+09:00,J2,530,431,961
2019-08-18T14:15:00+09:00,J3,876,814,1690
2019-08-18T14:15:00+09:00,J4,578,484,1062
2019-08-18T14:15:00+09:00,J5,206,167,373
2019-08-18T14:30:00+09:00,J1,607,592,1199
2019-08-18T14:30:00+09:00,J2,517,477,994
2019-08-18T14:30:00+09:00,J3,857,773,1630
2019-08-18T14:30:00+09:00,J4,501,493,994
2019-08-18T14:30:00+09:00,J5,189,131,320
2019-08-18T14:45:00+09:00,J1,531,657,1188
2019-08-18T14:45:00+09:00,J2,346,418,764
2019-08-18T14:45:00+09:00,J3,768,775,1543
2019-08-18T14:45:00+09:00,J4,466,450,916
2019-08-18T14:45:00+09:00,J5,185,156,341
2019-08-18T15:00:00+09:00,J1,546,649,1195
2019-08-18T15:00:00+09:00,J2,378,489,867
2019-08-18T15:00:00+09:00,J3,556,547,1103
2019-08-18T15:00:00+09:00,J4,406,420,826
2019-08-18T15:00:00+09:00,J5,180,135,315
2019-08-18T15:15:00+09:00,J1,562,704,1266
2019-08-18T15:15:00+09:00,J2,461,383,844
2019-08-18T15:15:00+09:00,J3,565,462,1027
2019-08-18T15:15:00+09:00,J4,424,427,851
2019-08-18T15:15:00+09:00,J5,192,192,384
2019-08-18T15:30:00+09:00,J1,541,593,1134
2019-08-18T15:30:00+09:00,J2,601,484,1085
2019-08-18T15:30:00+09:00,J3,565,615,1180
2019-08-18T15:30:00+09:00,J4,383,442,825
2019-08-18T15:30:00+09:00,J5,234,211,445
2019-08-18T15:45:00+09:00,J1,519,705,1224
2019-08-18T15:45:00+09:00,J2,545,448,993
2019-08-18T15:45:00+09:00,J3,536,652,1188
2019-08-18T15:45:00+09:00,J4,335,363,698
2019-08-18T15:45:00+09:00,J5,190,240,430
2019-08-18T16:00:00+09:00,J1,612,712,1324
2019-08-18T16:00:00+09:00,J2,600,499,1099
2019-08-18T16:00:00+09:00,J3,582,612,1194
2019-08-18T16:00:00+09:00,J4,313,346,659
2019-08-18T16:00:00+09:00,J5,207,247,454
2019-08-18T16:15:00+09:00,J1,599,688,1287
2019-08-18T16:15:00+09:00,J2,507,454,961
2019-08-18T16:15:00+09:00,J3,509,611,1120
2019-08-18T16:15:00+09:00,J4,390,365,755
2019-08-18T16:15:00+09:00,J5,248,304,552
2019-08-18T16:30:00+09:00,J1,625,653,1278
2019-08-18T16:30:00+09:00,J2,534,457,991
2019-08-18T16:30:00+09:00,J3,490,558,1048
2019-08-18T16:30:00+09:00,J4,359,381,740
2019-08-18T16:30:00+09:00,J5,276,223,499
2019-08-18T16:45:00+09:00,J1,577,654,1231
2019-08-18T16:45:00+09:00,J2,499,502,1001
2019-08-18T16:45:00+09:00,J3,582,557,1139
2019-08-18T16:45:00+09:00,J4,430,394,824
2019-08-18T16:45:00+09:00,J5,200,181,381
2019-08-18T17:00:00+09:00,J1,584,620,1204
2019-08-18T17:00:00+09:00,J2,456,476,932
2019-08-18T17:00:00+09:00,J3,640,602,1242
2019-08-18T17:00:00+09:00,J4,361,310,671
2019-08-18T17:00:00+09:00,J5,225,208,433
2019-08-18T17:15:00+09:00,J1,617,703,1320
2019-08-18T17:15:00+09:00,J2,500,494,994
2019-08-18T17:15:00+09:00,J3,628,633,1261
2019-08-18T17:15:00+09:00,J4,354,288,642
2019-08-18T17:15:00+09:00,J5,270,222,492
2019-08-18T17:30:00+09:00,J1,646,669,1315
2019-08-18T17:30:00+09:00,J2,541,544,1085
2019-08-18T17:30:00+09:00,J3,643,672,1315
2019-08-18T17:30:00+09:00,J4,398,369,767
2019-08-18T17:30:00+09:00,J5,191,218,409
2019-08-18T17:45:00+09:00,J1,622,685,1307
2019-08-18T17:45:00+09:00,J2,463,466,929
2019-08-18T17:45:00+09:00,J3,584,608,1192
2019-08-18T17:45:00+09:00,J4,408,326,734
2019-08-18T17:45:00+09:00,J5,202,182,384
2019-08-18T18:00:00+09:00,J1,741,697,1438
2019-08-18T18:00:00+09:00,J2,525,414,939
2019-08-18T18:00:00+09:00,J3,589,647,1236
2019-08-18T18:00:00+09:00,J4,354,345,699
2019-08-18T18:00:00+09:00,J5,266,217,483
2019-08-18T18:15:00+09:00,J1,667,873,1540
2019-08-18T18:15:00+09:00,J2,465,455,920
2019-08-18T18:15:00+09:00,J3,575,671,1246
2019-08-18T18:15:00+09:00,J4,303,326,629
2019-08-18T18:15:00+09:00,J5,263,241,504
2019-08-18T18:30:00+09:00,J1,608,639,1247
2019-08-18T18:30:00+09:00,J2,470,462,932
2019-08-18T18:30:00+09:00,J3,497,480,977
2019-08-18T18:30:00+09:00,J4,356,315,671
2019-08-18T18:30:00+09:00,J5,221,237,458
2019-08-18T18:45:00+09:00,J1,672,683,1355
2019-08-18T18:45:00+09:00,J2,464,455,919
2019-08-18T18:45:00+09:00,J3,530,488,1018
2019-08-18T18:45:00+09:00,J4,301,304,605
2019-08-18T18:45:00+09:00,J5,232,184,416
2019-08-18T19:00:00+09:00,J1,644,602,1246
2019-08-18T19:00:00+09:00,J2,329,243,572
2019-08-18T19:00:00+09:00,J3,501,480,981
2019-08-18T19:00:00+09:00,J4,335,327,662
2019-08-18T19:00:00+09:00,J5,239,187,426
2019-08-18T19:15:00+09:00,J1,554,590,1144
2019-08-18T19:15:00+09:00,J2,358,313,671
2019-08-18T19:15:00+09:00,J3,491,489,980
2019-08-18T19:15:00+09:00,J4,310,275,585
2019-08-18T19:15:00+09:00,J5,222,207,429
2019-08-18T19:30:00+09:00,J1,468,526,994
2019-08-18T19:30:00+09:00,J2,326,270,596
2019-08-18T19:30:00+09:00,J3,410,430,840
2019-08-18T19:30:00+09:00,J4,306,254,560
2019-08-18T19:30:00+09:00,J5,225,157,382
2019-08-18T19:45:00+09:00,J1,507,528,1035
2019-08-18T19:45:00+09:00,J2,329,250,579
2019-08-18T19:45:00+09:00,J3,427,452,879
2019-08-18T19:45:00+09:00,J4,306,317,623
2019-08-18T19:45:00+09:00,J5,215,187,402
2019-08-18T20:00:00+09:00,J1,432,509,941
2019-08-18T20:00:00+09:00,J2,367,275,642
2019-08-18T20:00:00+09:00,J3,417,461,878
2019-08-18T20:00:00+09:00,J4,385,320,705
2019-08-18T20:00:00+09:00,J5,217,182,399
2019-08-18T20:15:00+09:00,J1,467,531,998
2019-08-18T20:15:00+09:00,J2,327,248,575
2019-08-18T20:15:00+09:00,J3,431,447,878
2019-08-18T20:15:00+09:00,J4,425,353,778
2019-08-18T20:15:00+09:00,J5,237,186,423
2019-08-18T20:30:00+09:00,J1,530,534,1064
2019-08-18T20:30:00+09:00,J2,359,262,621
2019-08-18T20:30:00+09:00,J3,488,452,940
2019-08-18T20:30:00+09:00,J4,330,306,636
2019-08-18T20:30:00+09:00,J5,211,167,378
2019-08-18T20:45:00+09:00,J1,452,420,872
2019-08-18T20:45:00+09:00,J2,374,256,630
2019-08-18T20:45:00+09:00,J3,538,479,1017
2019-08-18T20:45:00+09:00,J4,369,286,655
2019-08-18T20:45:00+09:00,J5,225,174,399
2019-08-18T21:00:00+09:00,J1,391,469,860
2019-08-18T21:00:00+09:00,J2,270,305,575
2019-08-18T21:00:00+09:00,J3,364,304,668
2019-08-18T21:00:00+09:00,J4,422,422,844
2019-08-18T21:00:00+09:00,J5,200,175,375
2019-08-18T21:15:00+09:00,J1,426,496,922
2019-08-18T21:15:00+09:00,J2,258,289,547
2019-08-18T21:15:00+09:00,J3,386,306,692
2019-08-18T21:15:00+09:00,J4,467,473,940
2019-08-18T21:15:00+09:00,J5,212,171,383
2019-08-18T21:30:00+09:00,J1,386,393,779
2019-08-18T21:30:00+09:00,J2,215,274,489
2019-08-18T21:30:00+09:00,J3,363,301,664
2019-08-18T21:30:00+09:00,J4,478,437,915
2019-08-18T21:30:00+09:00,J5,194,180,374
2019-08-18T21:45:00+09:00,J1,390,401,791
2019-08-18T21:45:00+09:00,J2,254,268,522
2019-08-18T21:45:00+09:00,J3,336,268,604
2019-08-18T21:45:00+09:00,J4,513,430,943
2019-08-18T21:45:00+09:00,J5,198,195,393
2019-08-18T22:00:00+09:00,J1,393,457,850
2019-08-18T22:00:00+09:00,J2,247,315,562
2019-08-18T22:00:00+09:00,J3,287,240,527
2019-08-18T22:00:00+09:00,J4,535,507,1042
2019-08-18T22:00:00+09:00,J5,205,195,400
2019-08-18T22:15:00+09:00,J1,371,394,765
2019-08-18T22:15:00+09:00,J2,211,244,455
2019-08-18T22:15:00+09:00,J3,265,239,504
2019-08-18T22:15:00+09:00,J4,487,407,894
2019-08-18T22:15:00+09:00,J5,214,196,410
2019-08-18T22:30:00+09:00,J1,362,414,776
2019-08-18T22:30:00+09:00,J2,212,229,441
2019-08-18T22:30:00+09:00,J3,370,274,644
2019-08-18T22:30:00+09:00,J4,511,444,955
2019-08-18T22:30:00+09:00,J5,213,189,402
2019-08-18T22:45:00+09:00,J1,354,380,734
2019-08-18T22:45:00+09:00,J2,262,258,520
2019-08-18T22:45:00+09:00,J3,378,294,672
2019-08-18T22:45:00+09:00,J4,431,393,824
2019-08-18T22:45:00+09:00,J5,166,136,302
2019-08-18T23:00:00+09:00,J1,376,436,812
2019-08-18T23:00:00+09:00,J2,190,251,441
2019-08-18T23:00:00+09:00,J3,371,264,635
2019-08-18T23:00:00+09:00,J4,454,416,870
2019-08-18T23:00:00+09:00,J5,151,131,282
2019-08-18T23:15:00+09:00,J1,426,360,786
2019-08-18T23:15:00+09:00,J2,200,268,468
2019-08-18T23:15:00+09:00,J3,333,315,648
2019-08-18T23:15:00+09:00,J4,508,485,993
2019-08-18T23:15:00+09:00,J5,126,129,255
2019-08-18T23:30:00+09:00,J1,376,436,812
2019-08-18T23:30:00+09:00,J2,198,217,415
2019-08-18T23:30:00+09:00,J3,313,246,559
2019-08-18T23:30:00+09:00,J4,478,462,940
2019-08-18T23:30:00+09:00,J5,141,130,271
2019-08-18T23:45:00+09:00,J1,333,324,657
2019-08-18T23:45:00+09:00,J2,237,253,490
2019-08-18T23:45:00+09:00,J3,339,248,587
2019-08-18T23:45:00+09:00,J4,446,477,923
2019-08-18T23:45:00+09:00,J5,137,112,249
2019-08-19T00:00:00+09:00,J1,290,280,570
2019-08-19T00:00:00+09:00,J2,153,182,335
2019-08-19T00:00:00+09:00,J3,298,215,513
2019-08-19T00:00:00+09:00,J4,496,392,888
2019-08-19T00:00:00+09:00,J5,120,85,205
2019-08-19T00:15:00+09:00,J1,236,242,478
2019-08-19T00:15:00+09:00,J2,151,180,331
2019-08-19T00:15:00+09:00,J3,332,241,573
2019-08-19T00:15:00+09:00,J4,472,482,954
2019-08-19T00:15:00+09:00,J5,120,86,206
2019-08-19T00:30:00+09:00,J1,197,214,411
2019-08-19T00:30:00+09:00,J2,124,157,281
2019-08-19T00:30:00+09:00,J3,288,238,526
2019-08-19T00:30:00+09:00,J4,448,416,864
2019-08-19T00:30:00+09:00,J5,117,94,211
2019-08-19T00:45:00+09:00,J1,194,195,389
2019-08-19T00:45:00+09:00,J2,112,144,256
2019-08-19T00:45:00+09:00,J3,269,198,467
2019-08-19T00:45:00+09:00,J4,404,407,811
2019-08-19T00:45:00+09:00,J5,226,179,405
2019-08-19T05:45:00+09:00,J1,275,245,520
2019-08-19T05:45:00+09:00,J2,192,143,335
2019-08-19T05:45:00+09:00,J3,288,240,528
2019-08-19T05:45:00+09:00,J4,425,334,759
2019-08-19T05:45:00+09:00,J5,257,266,523
2019-08-19T06:00:00+09:00,J1,259,263,522
2019-08-19T06:00:00+09:00,J2,169,201,370
2019-08-19T06:00:00+09:00,J3,271,169,440
2019-08-19T06:00:00+09:00,J4,435,473,908
2019-08-19T06:00:00+09:00,J5,266,218,484
2019-08-19T06:15:00+09:00,J1,304,294,598
2019-08-19T06:15:00+09:00,J2,157,145,302
2019-08-19T06:15:00+09:00,J3,310,214,524
2019-08-19T06:15:00+09:00,J4,481,494,975
2019-08-19T06:15:00+09:00,J5,218,214,432
2019-08-19T06:30:00+09:00,J1,298,269,567
2019-08-19T06:30:00+09:00,J2,128,142,270
2019-08-19T06:30:00+09:00,J3,309,254,563
2019-08-19T06:30:00+09:00,J4,469,537,1006
2019-08-19T06:30:00+09:00,J5,224,201,425
2019-08-19T06:45:00+09:00,J1,369,315,684
2019-08-19T06:45:00+09:00,J2,138,136,274
2019-08-19T06:45:00+09:00,J3,374,282,656
2019-08-19T06:45:00+09:00,J4,463,530,993
2019-08-19T06:45:00+09:00,J5,212,149,361
2019-08-19T07:00:00+09:00,J1,387,301,688
2019-08-19T07:00:00+09:00,J2,197,171,368
2019-08-19T07:00:00+09:00,J3,403,332,735
2019-08-19T07:00:00+09:00,J4,454,526,980
2019-08-19T07:00:00+09:00,J5,183,122,305
2019-08-19T07:15:00+09:00,J1,386,305,691
2019-08-19T07:15:00+09:00,J2,188,162,350
2019-08-19T07:15:00+09:00,J3,483,336,819
2019-08-19T07:15:00+09:00,J4,496,610,1106
2019-08-19T07:15:00+09:00,J5,226,180,406
2019-08-19T07:30:00+09:00,J1,535,382,917
2019-08-19T07:30:00+09:00,J2,204,177,381
2019-08-19T07:30:00+09:00,J3,598,565,1163
2019-08-19T07:30:00+09:00,J4,561,645,1206
2019-08-19T07:30:00+09:00,J5,285,212,497
2019-08-19T07:45:00+09:00,J1,687,425,1112
2019-08-19T07:45:00+09:00,J2,280,197,477
2019-08-19T07:45:00+09:00,J3,583,605,1188
2019-08-19T07:45:00+09:00,J4,525,691,1216
2019-08-19T07:45:00+09:00,J5,208,250,458
2019-08-19T08:00:00+09:00,J1,872,592,1464
2019-08-19T08:00:00+09:00,J2,337,269,606
2019-08-19T08:00:00+09:00,J3,671,717,1388
2019-08-19T08:00:00+09:00,J4,523,743,1266
2019-08-19T08:00:00+09:00,J5,259,317,576
2019-08-19T08:15:00+09:00,J1,959,595,1554
2019-08-19T08:15:00+09:00,J2,511,311,822
2019-08-19T08:15:00+09:00,J3,678,997,1675
2019-08-19T08:15:00+09:00,J4,380,828,1208
2019-08-19T08:15:00+09:00,J5,329,345,674
2019-08-19T08:30:00+09:00,J1,971,570,1541
2019-08-19T08:30:00+09:00,J2,513,331,844
2019-08-19T08:30:00+09:00,J3,782,1044,1826
2019-08-19T08:30:00+09:00,J4,352,822,1174
2019-08-19T08:30:00+09:00,J5,312,335,647
2019-08-19T08:45:00+09:00,J1,683,418,1101
2019-08-19T08:45:00+09:00,J2,483,298,781
2019-08-19T08:45:00+09:00,J3,740,860,1600
2019-08-19T08:45:00+09:00,J4,351,680,1031
2019-08-19T08:45:00+09:00,J5,242,243,485
2019-08-19T09:00:00+09:00,J1,612,449,1061
2019-08-19T09:00:00+09:00,J2,447,358,805
2019-08-19T09:00:00+09:00,J3,726,652,1378
2019-08-19T09:00:00+09:00,J4,297,467,764
2019-08-19T09:00:00+09:00,J5,219,246,465
2019-08-19T09:15:00+09:00,J1,600,395,995
2019-08-19T09:15:00+09:00,J2,471,375,846
2019-08-19T09:15:00+09:00,J3,561,530,1091
2019-08-19T09:15:00+09:00,J4,342,485,827
2019-08-19T09:15:00+09:00,J5,200,245,445
2019-08-19T09:30:00+09:00,J1,522,425,947
2019-08-19T09:30:00+09:00,J2,444,326,770
2019-08-19T09:30:00+09:00,J3,568,543,1111
2019-08-19T09:30:00+09:00,J4,354,487,841
2019-08-19T09:30:00+09:00,J5,218,236,454
2019-08-19T09:45:00+09:00,J1,394,382,776
2019-08-19T09:45:00+09:00,J2,407,356,763
2019-08-19T09:45:00+09:00,J3,567,484,1051
2019-08-19T09:45:00+09:00,J4,429,483,912
2019-08-19T09:45:00+09:00,J5,197,245,442
2019-08-19T10:00:00+09:00,J1,409,356,765
2019-08-19T10:00:00+09:00,J2,422,371,793
2019-08-19T10:00:00+09:00,J3,545,467,1012
2019-08-19T10:00:00+09:00,J4,504,547,1051
2019-08-19T10:00:00+09:00,J5,206,249,455
2019-08-19T10:15:00+09:00,J1,494,379,873
2019-08-19T10:15:00+09:00,J2,372,301,673
2019-08-19T10:15:00+09:00,J3,608,479,1087
2019-08-19T10:15:00+09:00,J4,520,556,1076
2019-08-19T10:15:00+09:00,J5,183,212,395
2019-08-19T10:30:00+09:00,J1,510,442,952
2019-08-19T10:30:00+09:00,J2,342,299,641
2019-08-19T10:30:00+09:00,J3,593,468,1061
2019-08-19T10:30:00+09:00,J4,546,578,1124
2019-08-19T10:30:00+09:00,J5,234,252,486
2019-08-19T10:45:00+09:00,J1,537,507,1044
2019-08-19T10:45:00+09:00,J2,289,250,539
2019-08-19T10:45:00+09:00,J3,582,502,1084
2019-08-19T10:45:00+09:00,J4,559,556,1115
2019-08-19T10:45:00+09:00,J5,207,217,424
2019-08-19T11:00:00+09:00,J1,534,519,1053
2019-08-19T11:00:00+09:00,J2,296,245,541
2019-08-19T11:00:00+09:00,J3,545,533,1078
2019-08-19T11:00:00+09:00,J4,625,587,1212
2019-08-19T11:00:00+09:00,J5,182,270,452
2019-08-19T11:15:00+09:00,J1,598,639,1237
2019-08-19T11:15:00+09:00,J2,318,239,557
2019-08-19T11:15:00+09:00,J3,699,590,1289
2019-08-19T11:15:00+09:00,J4,532,545,1077
2019-08-19T11:15:00+09:00,J5,195,246,441
2019-08-19T11:30:00+09:00,J1,657,680,1337
2019-08-19T11:30:00+09:00,J2,286,254,540
2019-08-19T11:30:00+09:00,J3,691,641,1332
2019-08-19T11:30:00+09:00,J4,450,562,1012
2019-08-19T11:30:00+09:00,J5,180,270,450
2019-08-19T11:45:00+09:00,J1,667,669,1336
2019-08-19T11:45:00+09:00,J2,299,260,559
2019-08-19T11:45:00+09:00,J3,678,589,1267
2019-08-19T11:45:00+09:00,J4,408,438,846
2019-08-19T11:45:00+09:00,J5,166,245,411
2019-08-19T12:00:00+09:00,J1,615,670,1285
2019-08-19T12:00:00+09:00,J2,348,293,641
2019-08-19T12:00:00+09:00,J3,686,509,1195
2019-08-19T12:00:00+09:00,J4,605,519,1124
2019-08-19T12:00:00+09:00,J5,217,286,503
2019-08-19T12:15:00+09:00,J1,559,733,1292
2019-08-19T12:15:00+09:00,J2,301,272,573
2019-08-19T12:15:00+09:00,J3,545,580,1125
2019-08-19T12:15:00+09:00,J4,630,650,1280
2019-08-19T12:15:00+09:00,J5,214,277,491
2019-08-19T12:30:00+09:00,J1,582,663,1245
2019-08-19T12:30:00+09:00,J2,357,312,669
2019-08-19T12:30:00+09:00,J3,543,621,1164
2019-08-19T12:30:00+09:00,J4,687,594,1281
2019-08-19T12:30:00+09:00,J5,236,332,568
2019-08-19T12:45:00+09:00,J1,616,746,1362
2019-08-19T12:45:00+09:00,J2,337,298,635
2019-08-19T12:45:00+09:00,J3,524,566,1090
2019-08-19T12:45:00+09:00,J4,630,575,1205
2019-08-19T12:45:00+09:00,J5,199,283,482
2019-08-19T13:00:00+09:00,J1,626,815,1441
2019-08-19T13:00:00+09:00,J2,323,287,610
2019-08-19T13:00:00+09:00,J3,579,597,1176
2019-08-19T13:00:00+09:00,J4,693,643,1336
2019-08-19T13:00:00+09:00,J5,208,314,522
2019-08-19T13:15:00+09:00,J1,618,791,1409
2019-08-19T13:15:00+09:00,J2,357,369,726
2019-08-19T13:15:00+09:00,J3,682,691,1373
2019-08-19T13:15:00+09:00,J4,632,615,1247
2019-08-19T13:15:00+09:00,J5,261,272,533
2019-08-19T13:30:00+09:00,J1,642,710,1352
2019-08-19T13:30:00+09:00,J2,318,234,552
2019-08-19T13:30:00+09:00,J3,644,598,1242
2019-08-19T13:30:00+09:00,J4,621,610,1231
2019-08-19T13:30:00+09:00,J5,220,255,475
2019-08-19T13:45:00+09:00,J1,757,844,1601
2019-08-19T13:45:00+09:00,J2,397,269,666
2019-08-19T13:45:00+09:00,J3,803,769,1572
2019-08-19T13:45:00+09:00,J4,656,633,1289
2019-08-19T13:45:00+09:00,J5,221,220,441
2019-08-19T14:00:00+09:00,J1,698,862,1560
2019-08-19T14:00:00+09:00,J2,383,300,683
2019-08-19T14:00:00+09:00,J3,923,804,1727
2019-08-19T14:00:00+09:00,J4,672,602,1274
2019-08-19T14:00:00+09:00,J5,199,228,427
2019-08-19T14:15:00+09:00,J1,543,671,1214
2019-08-19T14:15:00+09:00,J2,338,304,642
2019-08-19T14:15:00+09:00,J3,921,793,1714
2019-08-19T14:15:00+09:00,J4,690,636,1326
2019-08-19T14:15:00+09:00,J5,194,223,417
2019-08-19T14:30:00+09:00,J1,558,615,1173
2019-08-19T14:30:00+09:00,J2,336,245,581
2019-08-19T14:30:00+09:00,J3,939,850,1789
2019-08-19T14:30:00+09:00,J4,627,591,1218
2019-08-19T14:30:00+09:00,J5,213,209,422
2019-08-19T14:45:00+09:00,J1,521,552,1073
2019-08-19T14:45:00+09:00,J2,321,289,610
2019-08-19T14:45:00+09:00,J3,675,710,1385
2019-08-19T14:45:00+09:00,J4,637,570,1207
2019-08-19T14:45:00+09:00,J5,175,229,404
2019-08-19T15:00:00+09:00,J1,487,587,1074
2019-08-19T15:00:00+09:00,J2,354,316,670
2019-08-19T15:00:00+09:00,J3,647,503,1150
2019-08-19T15:00:00+09:00,J4,578,573,1151
2019-08-19T15:00:00+09:00,J5,225,230,455
2019-08-19T15:15:00+09:00,J1,535,557,1092
2019-08-19T15:15:00+09:00,J2,481,340,821
2019-08-19T15:15:00+09:00,J3,587,513,1100
2019-08-19T15:15:00+09:00,J4,664,541,1205
2019-08-19T15:15:00+09:00,J5,236,201,437
2019-08-19T15:30:00+09:00,J1,611,679,1290
2019-08-19T15:30:00+09:00,J2,489,300,789
2019-08-19T15:30:00+09:00,J3,571,499,1070
2019-08-19T15:30:00+09:00,J4,735,633,1368
2019-08-19T15:30:00+09:00,J5,225,243,468
2019-08-19T15:45:00+09:00,J1,496,568,1064
2019-08-19T15:45:00+09:00,J2,493,353,846
2019-08-19T15:45:00+09:00,J3,551,437,988
2019-08-19T15:45:00+09:00,J4,690,587,1277
2019-08-19T15:45:00+09:00,J5,199,210,409
2019-08-19T16:00:00+09:00,J1,508,558,1066
2019-08-19T16:00:00+09:00,J2,388,288,676
2019-08-19T16:00:00+09:00,J3,554,512,1066
2019-08-19T16:00:00+09:00,J4,626,595,1221
2019-08-19T16:00:00+09:00,J5,224,206,430
2019-08-19T16:15:00+09:00,J1,587,630,1217
2019-08-19T16:15:00+09:00,J2,428,293,721
2019-08-19T16:15:00+09:00,J3,545,479,1024
2019-08-19T16:15:00+09:00,J4,650,609,1259
2019-08-19T16:15:00+09:00,J5,192,180,372
2019-08-19T16:30:00+09:00,J1,517,592,1109
2019-08-19T16:30:00+09:00,J2,395,287,682
2019-08-19T16:30:00+09:00,J3,549,478,1027
2019-08-19T16:30:00+09:00,J4,667,548,1215
2019-08-19T16:30:00+09:00,J5,207,189,396
2019-08-19T16:45:00+09:00,J1,510,556,1066
2019-08-19T16:45:00+09:00,J2,400,301,701
2019-08-19T16:45:00+09:00,J3,564,484,1048
2019-08-19T16:45:00+09:00,J4,658,574,1232
2019-08-19T16:45:00+09:00,J5,197,164,361
2019-08-19T17:00:00+09:00,J1,532,594,1126
2019-08-19T17:00:00+09:00,J2,366,333,699
2019-08-19T17:00:00+09:00,J3,625,555,1180
2019-08-19T17:00:00+09:00,J4,690,637,1327
2019-08-19T17:00:00+09:00,J5,228,194,422
2019-08-19T17:15:00+09:00,J1,704,803,1507
2019-08-19T17:15:00+09:00,J2,432,359,791
2019-08-19T17:15:00+09:00,J3,693,648,1341
2019-08-19T17:15:00+09:00,J4,823,569,1392
2019-08-19T17:15:00+09:00,J5,238,230,468
2019-08-19T17:30:00+09:00,J1,757,889,1646
2019-08-19T17:30:00+09:00,J2,405,365,770
2019-08-19T17:30:00+09:00,J3,768,695,1463
2019-08-19T17:30:00+09:00,J4,816,640,1456
2019-08-19T17:30:00+09:00,J5,249,234,483
2019-08-19T17:45:00+09:00,J1,759,955,1714
2019-08-19T17:45:00+09:00,J2,520,378,898
2019-08-19T17:45:00+09:00,J3,769,683,1452
2019-08-19T17:45:00+09:00,J4,789,581,1370
2019-08-19T17:45:00+09:00,J5,231,299,530
2019-08-19T18:00:00+09:00,J1,663,892,1555
2019-08-19T18:00:00+09:00,J2,444,393,837
2019-08-19T18:00:00+09:00,J3,864,681,1545
2019-08-19T18:00:00+09:00,J4,844,568,1412
2019-08-19T18:00:00+09:00,J5,224,246,470
2019-08-19T18:15:00+09:00,J1,684,911,1595
2019-08-19T18:15:00+09:00,J2,533,313,846
2019-08-19T18:15:00+09:00,J3,886,711,1597
2019-08-19T18:15:00+09:00,J4,833,581,1414
2019-08-19T18:15:00+09:00,J5,231,297,528
2019-08-19T18:30:00+09:00,J1,597,790,1387
2019-08-19T18:30:00+09:00,J2,418,363,781
2019-08-19T18:30:00+09:00,J3,839,684,1523
2019-08-19T18:30:00+09:00,J4,770,541,1311
2019-08-19T18:30:00+09:00,J5,224,235,459
2019-08-19T18:45:00+09:00,J1,592,739,1331
2019-08-19T18:45:00+09:00,J2,394,290,684
2019-08-19T18:45:00+09:00,J3,795,666,1461
2019-08-19T18:45:00+09:00,J4,704,480,1184
2019-08-19T18:45:00+09:00,J5,207,255,462
2019-08-19T19:00:00+09:00,J1,514,662,1176
2019-08-19T19:00:00+09:00,J2,460,286,746
2019-08-19T19:00:00+09:00,J3,766,636,1402
2019-08-19T19:00:00+09:00,J4,730,552,1282
2019-08-19T19:00:00+09:00,J5,201,272,473
2019-08-19T19:15:00+09:00,J1,509,734,1243
2019-08-19T19:15:00+09:00,J2,428,330,758
2019-08-19T19:15:00+09:00,J3,730,619,1349
2019-08-19T19:15:00+09:00,J4,734,606,1340
2019-08-19T19:15:00+09:00,J5,234,271,505
2019-08-19T19:30:00+09:00,J1,435,625,1060
2019-08-19T19:30:00+09:00,J2,440,269,709
2019-08-19T19:30:00+09:00,J3,773,606,1379
2019-08-19T19:30:00+09:00,J4,664,563,1227
2019-08-19T19:30:00+09:00,J5,209,200,409
2019-08-19T19:45:00+09:00,J1,437,612,1049
2019-08-19T19:45:00+09:00,J2,369,285,654
2019-08-19T19:45:00+09:00,J3,628,527,1155
2019-08-19T19:45:00+09:00,J4,618,556,1174
2019-08-19T19:45:00+09:00,J5,226,222,448
2019-08-19T20:00:00+09:00,J1,448,561,1009
2019-08-19T20:00:00+09:00,J2,368,206,574
2019-08-19T20:00:00+09:00,J3,632,519,1151
2019-08-19T20:00:00+09:00,J4,695,578,1273
2019-08-19T20:00:00+09:00,J5,199,187,386
2019-08-19T20:15:00+09:00,J1,417,547,964
2019-08-19T20:15:00+09:00,J2,340,202,542
2019-08-19T20:15:00+09:00,J3,668,476,1144
2019-08-19T20:15:00+09:00,J4,691,553,1244
2019-08-19T20:15:00+09:00,J5,165,181,346
2019-08-19T20:30:00+09:00,J1,499,523,1022
2019-08-19T20:30:00+09:00,J2,314,178,492
2019-08-19T20:30:00+09:00,J3,620,478,1098
2019-08-19T20:30:00+09:00,J4,653,604,1257
2019-08-19T20:30:00+09:00,J5,185,169,354
2019-08-19T20:45:00+09:00,J1,398,438,836
2019-08-19T20:45:00+09:00,J2,312,194,506
2019-08-19T20:45:00+09:00,J3,552,433,985
2019-08-19T20:45:00+09:00,J4,615,494,1109
2019-08-19T20:45:00+09:00,J5,180,177,357
2019-08-19T21:00:00+09:00,J1,370,482,852
2019-08-19T21:00:00+09:00,J2,325,204,529
2019-08-19T21:00:00+09:00,J3,522,399,921
2019-08-19T21:00:00+09:00,J4,589,495,1084
2019-08-19T21:00:00+09:00,J5,198,173,371
2019-08-19T21:15:00+09:00,J1,408,468,876
2019-08-19T21:15:00+09:00,J2,278,215,493
2019-08-19T21:15:00+09:00,J3,485,345,830
2019-08-19T21:15:00+09:00,J4,527,446,973
2019-08-19T21:15:00+09:00,J5,171,201,372
2019-08-19T21:30:00+09:00,J1,430,443,873
2019-08-19T21:30:00+09:00,J2,293,220,513
2019-08-19T21:30:00+09:00,J3,446,357,803
2019-08-19T21:30:00+09:00,J4,523,446,969
2019-08-19T21:30:00+09:00,J5,164,183,347
2019-08-19T21:45:00+09:00,J1,333,419,752
2019-08-19T21:45:00+09:00,J2,264,154,418
2019-08-19T21:45:00+09:00,J3,467,338,805
2019-08-19T21:45:00+09:00,J4,577,531,1108
2019-08-19T21:45:00+09:00,J5,152,220,372
2019-08-19T22:00:00+09:00,J1,336,375,711
2019-08-19T22:00:00+09:00,J2,226,171,397
2019-08-19T22:00:00+09:00,J3,394,338,732
2019-08-19T22:00:00+09:00,J4,635,642,1277
2019-08-19T22:00:00+09:00,J5,148,193,341
2019-08-19T22:15:00+09:00,J1,323,349,672
2019-08-19T22:15:00+09:00,J2,216,184,400
2019-08-19T22:15:00+09:00,J3,365,328,693
2019-08-19T22:15:00+09:00,J4,584,552,1136
2019-08-19T22:15:00+09:00,J5,151,175,326
2019-08-19T22:30:00+09:00,J1,316,375,691
2019-08-19T22:30:00+09:00,J2,247,175,422
2019-08-19T22:30:00+09:00,J3,345,313,658
2019-08-19T22:30:00+09:00,J4,583,561,1144
2019-08-19T22:30:00+09:00,J5,186,165,351
2019-08-19T22:45:00+09:00,J1,281,305,586
2019-08-19T22:45:00+09:00,J2,226,162,388
2019-08-19T22:45:00+09:00,J3,280,244,524
2019-08-19T22:45:00+09:00,J4,501,416,917
2019-08-19T22:45:00+09:00,J5,153,176,329
2019-08-19T23:00:00+09:00,J1,347,437,784
2019-08-19T23:00:00+09:00,J2,314,220,534
2019-08-19T23:00:00+09:00,J3,429,280,709
2019-08-19T23:00:00+09:00,J4,616,523,1139
2019-08-19T23:00:00+09:00,J5,170,231,401
2019-08-19T23:15:00+09:00,J1,358,377,735
2019-08-19T23:15:00+09:00,J2,253,181,434
2019-08-19T23:15:00+09:00,J3,328,254,582
2019-08-19T23:15:00+09:00,J4,454,430,884
2019-08-19T23:15:00+09:00,J5,132,187,319
2019-08-19T23:30:00+09:00,J1,304,398,702
2019-08-19T23:30:00+09:00,J2,224,181,405
2019-08-19T23:30:00+09:00,J3,327,249,576
2019-08-19T23:30:00+09:00,J4,456,401,857
2019-08-19T23:30:00+09:00,J5,143,189,332
2019-08-19T23:45:00+09:00,J1,342,324,666
2019-08-19T23:45:00+09:00,J2,253,197,450
2019-08-19T23:45:00+09:00,J3,328,226,554
2019-08-19T23:45:00+09:00,J4,501,383,884
2019-08-19T23:45:00+09:00,J5,144,198,342
2019-08-20T00:00:00+09:00,J1,321,325,646
2019-08-20T00:00:00+09:00,J2,208,161,369
2019-08-20T00:00:00+09:00,J3,240,175,415
2019-08-20T00:00:00+09:00,J4,489,402,891
2019-08-20T00:00:00+09:00,J5,125,154,279
2019-08-20T00:15:00+09:00,J1,253,241,494
2019-08-20T00:15:00+09:00,J2,242,183,425
2019-08-20T00:15:00+09:00,J3,257,208,465
2019-08-20T00:15:00+09:00,J4,540,539,1079
2019-08-20T00:15:00+09:00,J5,140,118,258
2019-08-20T00:30:00+09:00,J1,159,172,331
2019-08-20T00:30:00+09:00,J2,180,174,354
2019-08-20T00:30:00+09:00,J3,281,203,484
2019-08-20T00:30:00+09:00,J4,463,454,917
2019-08-20T00:30:00+09:00,J5,104,75,179
2019-08-20T00:45:00+09:00,J1,198,210,408
2019-08-20T00:45:00+09:00,J2,228,174,402
2019-08-20T00:45:00+09:00,J3,287,182,469
2019-08-20T00:45:00+09:00,J4,493,507,1000
2019-08-20T00:45:00+09:00,J5,93,52,145
2019-08-20T05:45:00+09:00,J1,269,268,537
2019-08-20T05:45:00+09:00,J2,251,227,478
2019-08-20T05:45:00+09:00,J3,325,209,534
2019-08-20T05:45:00+09:00,J4,415,407,822
2019-08-20T05:45:00+09:00,J5,295,303,598
2019-08-20T06:00:00+09:00,J1,272,272,544
2019-08-20T06:00:00+09:00,J2,281,172,453
2019-08-20T06:00:00+09:00,J3,362,275,637
2019-08-20T06:00:00+09:00,J4,483,503,986
2019-08-20T06:00:00+09:00,J5,238,203,441
2019-08-20T06:15:00+09:00,J1,302,205,507
2019-08-20T06:15:00+09:00,J2,212,214,426
2019-08-20T06:15:00+09:00,J3,443,310,753
2019-08-20T06:15:00+09:00,J4,521,489,1010
2019-08-20T06:15:00+09:00,J5,212,205,417
2019-08-20T06:30:00+09:00,J1,289,276,565
2019-08-20T06:30:00+09:00,J2,170,211,381
2019-08-20T06:30:00+09:00,J3,397,289,686
2019-08-20T06:30:00+09:00,J4,452,465,917
2019-08-20T06:30:00+09:00,J5,289,198,487
2019-08-20T06:45:00+09:00,J1,284,283,567
2019-08-20T06:45:00+09:00,J2,260,255,515
2019-08-20T06:45:00+09:00,J3,414,337,751
2019-08-20T06:45:00+09:00,J4,449,461,910
2019-08-20T06:45:00+09:00,J5,301,245,546
2019-08-20T07:00:00+09:00,J1,360,341,701
2019-08-20T07:00:00+09:00,J2,250,233,483
2019-08-20T07:00:00+09:00,J3,422,341,763
2019-08-20T07:00:00+09:00,J4,459,468,927
2019-08-20T07:00:00+09:00,J5,326,267,593
2019-08-20T07:15:00+09:00,J1,452,342,794
2019-08-20T07:15:00+09:00,J2,300,263,563
2019-08-20T07:15:00+09:00,J3,458,380,838
2019-08-20T07:15:00+09:00,J4,509,613,1122
2019-08-20T07:15:00+09:00,J5,333,215,548
2019-08-20T07:30:00+09:00,J1,518,350,868
2019-08-20T07:30:00+09:00,J2,311,255,566
2019-08-20T07:30:00+09:00,J3,589,449,1038
2019-08-20T07:30:00+09:00,J4,557,684,1241
2019-08-20T07:30:00+09:00,J5,270,213,483
2019-08-20T07:45:00+09:00,J1,640,439,1079
2019-08-20T07:45:00+09:00,J2,509,335,844
2019-08-20T07:45:00+09:00,J3,578,508,1086
2019-08-20T07:45:00+09:00,J4,494,737,1231
2019-08-20T07:45:00+09:00,J5,299,231,530
2019-08-20T08:00:00+09:00,J1,870,613,1483
2019-08-20T08:00:00+09:00,J2,708,391,1099
2019-08-20T08:00:00+09:00,J3,595,640,1235
2019-08-20T08:00:00+09:00,J4,525,841,1366
2019-08-20T08:00:00+09:00,J5,231,273,504
2019-08-20T08:15:00+09:00,J1,1095,638,1733
2019-08-20T08:15:00+09:00,J2,790,480,1270
2019-08-20T08:15:00+09:00,J3,613,762,1375
2019-08-20T08:15:00+09:00,J4,663,908,1571
2019-08-20T08:15:00+09:00,J5,241,344,585
2019-08-20T08:30:00+09:00,J1,1065,545,1610
2019-08-20T08:30:00+09:00,J2,641,448,1089
2019-08-20T08:30:00+09:00,J3,729,1000,1729
2019-08-20T08:30:00+09:00,J4,652,967,1619
2019-08-20T08:30:00+09:00,J5,327,412,739
2019-08-20T08:45:00+09:00,J1,719,446,1165
2019-08-20T08:45:00+09:00,J2,530,400,930
2019-08-20T08:45:00+09:00,J3,702,791,1493
2019-08-20T08:45:00+09:00,J4,516,772,1288
2019-08-20T08:45:00+09:00,J5,213,259,472
2019-08-20T09:00:00+09:00,J1,661,445,1106
2019-08-20T09:00:00+09:00,J2,505,361,866
2019-08-20T09:00:00+09:00,J3,564,552,1116
2019-08-20T09:00:00+09:00,J4,585,746,1331
2019-08-20T09:00:00+09:00,J5,236,283,519
2019-08-20T09:15:00+09:00,J1,543,366,909
2019-08-20T09:15:00+09:00,J2,404,291,695
2019-08-20T09:15:00+09:00,J3,573,543,1116
2019-08-20T09:15:00+09:00,J4,603,689,1292
2019-08-20T09:15:00+09:00,J5,274,235,509
2019-08-20T09:30:00+09:00,J1,498,354,852
2019-08-20T09:30:00+09:00,J2,423,331,754
2019-08-20T09:30:00+09:00,J3,546,480,1026
2019-08-20T09:30:00+09:00,J4,553,611,1164
2019-08-20T09:30:00+09:00,J5,270,252,522
2019-08-20T09:45:00+09:00,J1,423,387,810
2019-08-20T09:45:00+09:00,J2,360,313,673
2019-08-20T09:45:00+09:00,J3,531,475,1006
2019-08-20T09:45:00+09:00,J4,506,517,1023
2019-08-20T09:45:00+09:00,J5,256,203,459
2019-08-20T10:00:00+09:00,J1,376,338,714
2019-08-20T10:00:00+09:00,J2,383,314,697
2019-08-20T10:00:00+09:00,J3,551,450,1001
2019-08-20T10:00:00+09:00,J4,389,389,778
2019-08-20T10:00:00+09:00,J5,259,210,469
2019-08-20T10:15:00+09:00,J1,488,408,896
2019-08-20T10:15:00+09:00,J2,457,326,783
2019-08-20T10:15:00+09:00,J3,502,408,910
2019-08-20T10:15:00+09:00,J4,401,374,775
2019-08-20T10:15:00+09:00,J5,249,178,427
2019-08-20T10:30:00+09:00,J1,557,553,1110
2019-08-20T10:30:00+09:00,J2,485,435,920
2019-08-20T10:30:00+09:00,J3,481,478,959
2019-08-20T10:30:00+09:00,J4,530,564,1094
2019-08-20T10:30:00+09:00,J5,210,186,396
2019-08-20T10:45:00+09:00,J1,485,530,1015
2019-08-20T10:45:00+09:00,J2,429,457,886
2019-08-20T10:45:00+09:00,J3,562,489,1051
2019-08-20T10:45:00+09:00,J4,555,666,1221
2019-08-20T10:45:00+09:00,J5,244,176,420
2019-08-20T11:00:00+09:00,J1,627,557,1184
2019-08-20T11:00:00+09:00,J2,485,541,1026
2019-08-20T11:00:00+09:00,J3,583,508,1091
2019-08-20T11:00:00+09:00,J4,547,498,1045
2019-08-20T11:00:00+09:00,J5,237,189,426
2019-08-20T11:15:00+09:00,J1,666,633,1299
2019-08-20T11:15:00+09:00,J2,481,457,938
2019-08-20T11:15:00+09:00,J3,661,712,1373
2019-08-20T11:15:00+09:00,J4,565,537,1102
2019-08-20T11:15:00+09:00,J5,210,211,421
2019-08-20T11:30:00+09:00,J1,636,621,1257
2019-08-20T11:30:00+09:00,J2,458,494,952
2019-08-20T11:30:00+09:00,J3,649,701,1350
2019-08-20T11:30:00+09:00,J4,546,529,1075
2019-08-20T11:30:00+09:00,J5,236,211,447
2019-08-20T11:45:00+09:00,J1,641,691,1332
2019-08-20T11:45:00+09:00,J2,539,491,1030
2019-08-20T11:45:00+09:00,J3,597,617,1214
2019-08-20T11:45:00+09:00,J4,481,486,967
2019-08-20T11:45:00+09:00,J5,230,190,420
2019-08-20T12:00:00+09:00,J1,745,778,1523
2019-08-20T12:00:00+09:00,J2,582,560,1142
2019-08-20T12:00:00+09:00,J3,751,719,1470
2019-08-20T12:00:00+09:00,J4,628,579,1207
2019-08-20T12:00:00+09:00,J5,257,295,552
2019-08-20T12:15:00+09:00,J1,770,915,1685
2019-08-20T12:15:00+09:00,J2,637,625,1262
2019-08-20T12:15:00+09:00,J3,755,779,1534
2019-08-20T12:15:00+09:00,J4,730,677,1407
2019-08-20T12:15:00+09:00,J5,245,368,613
2019-08-20T12:30:00+09:00,J1,725,859,1584
2019-08-20T12:30:00+09:00,J2,571,594,1165
2019-08-20T12:30:00+09:00,J3,730,748,1478
2019-08-20T12:30:00+09:00,J4,721,694,1415
2019-08-20T12:30:00+09:00,J5,298,268,566
2019-08-20T12:45:00+09:00,J1,734,769,1503
2019-08-20T12:45:00+09:00,J2,554,512,1066
2019-08-20T12:45:00+09:00,J3,637,599,1236
2019-08-20T12:45:00+09:00,J4,721,649,1370
2019-08-20T12:45:00+09:00,J5,238,295,533
2019-08-20T13:00:00+09:00,J1,701,833,1534
2019-08-20T13:00:00+09:00,J2,537,498,1035
2019-08-20T13:00:00+09:00,J3,622,678,1300
2019-08-20T13:00:00+09:00,J4,711,694,1405
2019-08-20T13:00:00+09:00,J5,264,288,552
2019-08-20T13:15:00+09:00,J1,703,876,1579
2019-08-20T13:15:00+09:00,J2,546,550,1096
2019-08-20T13:15:00+09:00,J3,652,661,1313
2019-08-20T13:15:00+09:00,J4,605,609,1214
2019-08-20T13:15:00+09:00,J5,295,252,547
2019-08-20T13:30:00+09:00,J1,745,811,1556
2019-08-20T13:30:00+09:00,J2,625,517,1142
2019-08-20T13:30:00+09:00,J3,650,657,1307
2019-08-20T13:30:00+09:00,J4,674,592,1266
2019-08-20T13:30:00+09:00,J5,262,258,520
2019-08-20T13:45:00+09:00,J1,705,862,1567
2019-08-20T13:45:00+09:00,J2,521,564,1085
2019-08-20T13:45:00+09:00,J3,602,611,1213
2019-08-20T13:45:00+09:00,J4,698,660,1358
2019-08-20T13:45:00+09:00,J5,249,256,505
2019-08-20T14:00:00+09:00,J1,720,817,1537
2019-08-20T14:00:00+09:00,J2,519,564,1083
2019-08-20T14:00:00+09:00,J3,638,557,1195
2019-08-20T14:00:00+09:00,J4,659,481,1140
2019-08-20T14:00:00+09:00,J5,226,225,451
2019-08-20T14:15:00+09:00,J1,670,795,1465
2019-08-20T14:15:00+09:00,J2,505,533,1038
2019-08-20T14:15:00+09:00,J3,597,610,1207
2019-08-20T14:15:00+09:00,J4,534,540,1074
2019-08-20T14:15:00+09:00,J5,244,237,481
2019-08-20T14:30:00+09:00,J1,720,761,1481
2019-08-20T14:30:00+09:00,J2,499,546,1045
2019-08-20T14:30:00+09:00,J3,717,694,1411
2019-08-20T14:30:00+09:00,J4,543,499,1042
2019-08-20T14:30:00+09:00,J5,199,268,467
2019-08-20T14:45:00+09:00,J1,631,823,1454
2019-08-20T14:45:00+09:00,J2,514,557,1071
2019-08-20T14:45:00+09:00,J3,591,584,1175
2019-08-20T14:45:00+09:00,J4,568,521,1089
2019-08-20T14:45:00+09:00,J5,226,285,511
2019-08-20T15:00:00+09:00,J1,759,844,1603
2019-08-20T15:00:00+09:00,J2,490,540,1030
2019-08-20T15:00:00+09:00,J3,587,653,1240
2019-08-20T15:00:00+09:00,J4,497,386,883
2019-08-20T15:00:00+09:00,J5,243,239,482
2019-08-20T15:15:00+09:00,J1,753,843,1596
2019-08-20T15:15:00+09:00,J2,556,538,1094
2019-08-20T15:15:00+09:00,J3,578,586,1164
2019-08-20T15:15:00+09:00,J4,575,460,1035
2019-08-20T15:15:00+09:00,J5,253,280,533
2019-08-20T15:30:00+09:00,J1,742,954,1696
2019-08-20T15:30:00+09:00,J2,531,576,1107
2019-08-20T15:30:00+09:00,J3,640,567,1207
2019-08-20T15:30:00+09:00,J4,674,634,1308
2019-08-20T15:30:00+09:00,J5,264,271,535
2019-08-20T15:45:00+09:00,J1,670,843,1513
2019-08-20T15:45:00+09:00,J2,597,554,1151
2019-08-20T15:45:00+09:00,J3,597,598,1195
2019-08-20T15:45:00+09:00,J4,644,531,1175
2019-08-20T15:45:00+09:00,J5,271,264,535
2019-08-20T16:00:00+09:00,J1,724,883,1607
2019-08-20T16:00:00+09:00,J2,619,572,1191
2019-08-20T16:00:00+09:00,J3,631,578,1209
2019-08-20T16:00:00+09:00,J4,559,453,1012
2019-08-20T16:00:00+09:00,J5,263,282,545
2019-08-20T16:15:00+09:00,J1,795,973,1768
2019-08-20T16:15:00+09:00,J2,692,589,1281
2019-08-20T16:15:00+09:00,J3,683,624,1307
2019-08-20T16:15:00+09:00,J4,661,574,1235
2019-08-20T16:15:00+09:00,J5,237,313,550
2019-08-20T16:30:00+09:00,J1,733,789,1522
2019-08-20T16:30:00+09:00,J2,505,563,1068
2019-08-20T16:30:00+09:00,J3,661,588,1249
2019-08-20T16:30:00+09:00,J4,716,599,1315
2019-08-20T16:30:00+09:00,J5,238,230,468
2019-08-20T16:45:00+09:00,J1,695,813,1508
2019-08-20T16:45:00+09:00,J2,549,519,1068
2019-08-20T16:45:00+09:00,J3,675,593,1268
2019-08-20T16:45:00+09:00,J4,770,623,1393
2019-08-20T16:45:00+09:00,J5,264,260,524
2019-08-20T17:00:00+09:00,J1,772,952,1724
2019-08-20T17:00:00+09:00,J2,576,558,1134
2019-08-20T17:00:00+09:00,J3,703,657,1360
2019-08-20T17:00:00+09:00,J4,701,478,1179
2019-08-20T17:00:00+09:00,J5,274,284,558
2019-08-20T17:15:00+09:00,J1,864,923,1787
2019-08-20T17:15:00+09:00,J2,615,572,1187
2019-08-20T17:15:00+09:00,J3,840,632,1472
2019-08-20T17:15:00+09:00,J4,688,530,1218
2019-08-20T17:15:00+09:00,J5,266,339,605
2019-08-20T17:30:00+09:00,J1,861,1001,1862
2019-08-20T17:30:00+09:00,J2,614,683,1297
2019-08-20T17:30:00+09:00,J3,844,724,1568
2019-08-20T17:30:00+09:00,J4,728,518,1246
2019-08-20T17:30:00+09:00,J5,267,295,562
2019-08-20T17:45:00+09:00,J1,781,980,1761
2019-08-20T17:45:00+09:00,J2,615,635,1250
2019-08-20T17:45:00+09:00,J3,935,761,1696
2019-08-20T17:45:00+09:00,J4,711,510,1221
2019-08-20T17:45:00+09:00,J5,276,366,642
2019-08-20T18:00:00+09:00,J1,816,1065,1881
2019-08-20T18:00:00+09:00,J2,589,636,1225
2019-08-20T18:00:00+09:00,J3,957,721,1678
2019-08-20T18:00:00+09:00,J4,736,486,1222
2019-08-20T18:00:00+09:00,J5,280,331,611
2019-08-20T18:15:00+09:00,J1,848,933,1781
2019-08-20T18:15:00+09:00,J2,704,689,1393
2019-08-20T18:15:00+09:00,J3,812,702,1514
2019-08-20T18:15:00+09:00,J4,747,536,1283
2019-08-20T18:15:00+09:00,J5,235,356,591
2019-08-20T18:30:00+09:00,J1,694,902,1596
2019-08-20T18:30:00+09:00,J2,622,546,1168
2019-08-20T18:30:00+09:00,J3,663,624,1287
2019-08-20T18:30:00+09:00,J4,722,462,1184
2019-08-20T18:30:00+09:00,J5,278,308,586
2019-08-20T18:45:00+09:00,J1,640,870,1510
2019-08-20T18:45:00+09:00,J2,585,514,1099
2019-08-20T18:45:00+09:00,J3,663,546,1209
2019-08-20T18:45:00+09:00,J4,759,571,1330
2019-08-20T18:45:00+09:00,J5,290,261,551
2019-08-20T19:00:00+09:00,J1,604,762,1366
2019-08-20T19:00:00+09:00,J2,506,441,947
2019-08-20T19:00:00+09:00,J3,612,530,1142
2019-08-20T19:00:00+09:00,J4,680,537,1217
2019-08-20T19:00:00+09:00,J5,233,236,469
2019-08-20T19:15:00+09:00,J1,555,799,1354
2019-08-20T19:15:00+09:00,J2,502,377,879
2019-08-20T19:15:00+09:00,J3,678,579,1257
2019-08-20T19:15:00+09:00,J4,678,583,1261
2019-08-20T19:15:00+09:00,J5,250,231,481
2019-08-20T19:30:00+09:00,J1,549,801,1350
2019-08-20T19:30:00+09:00,J2,484,421,905
2019-08-20T19:30:00+09:00,J3,638,544,1182
2019-08-20T19:30:00+09:00,J4,713,574,1287
2019-08-20T19:30:00+09:00,J5,266,250,516
2019-08-20T19:45:00+09:00,J1,564,695,1259
2019-08-20T19:45:00+09:00,J2,511,391,902
2019-08-20T19:45:00+09:00,J3,580,525,1105
2019-08-20T19:45:00+09:00,J4,653,586,1239
2019-08-20T19:45:00+09:00,J5,308,242,550
2019-08-20T20:00:00+09:00,J1,506,654,1160
2019-08-20T20:00:00+09:00,J2,403,336,739
2019-08-20T20:00:00+09:00,J3,528,500,1028
2019-08-20T20:00:00+09:00,J4,644,530,1174
2019-08-20T20:00:00+09:00,J5,282,259,541
2019-08-20T20:15:00+09:00,J1,482,632,1114
2019-08-20T20:15:00+09:00,J2,394,343,737
2019-08-20T20:15:00+09:00,J3,531,540,1071
2019-08-20T20:15:00+09:00,J4,633,462,1095
2019-08-20T20:15:00+09:00,J5,282,254,536
2019-08-20T20:30:00+09:00,J1,476,604,1080
2019-08-20T20:30:00+09:00,J2,353,303,656
2019-08-20T20:30:00+09:00,J3,486,487,973
2019-08-20T20:30:00+09:00,J4,667,554,1221
2019-08-20T20:30:00+09:00,J5,222,216,438
2019-08-20T20:45:00+09:00,J1,509,546,1055
2019-08-20T20:45:00+09:00,J2,415,284,699
2019-08-20T20:45:00+09:00,J3,505,450,955
2019-08-20T20:45:00+09:00,J4,569,494,1063
2019-08-20T20:45:00+09:00,J5,220,223,443
2019-08-20T21:00:00+09:00,J1,515,594,1109
2019-08-20T21:00:00+09:00,J2,411,325,736
2019-08-20T21:00:00+09:00,J3,454,362,816
2019-08-20T21:00:00+09:00,J4,622,484,1106
2019-08-20T21:00:00+09:00,J5,320,263,583
2019-08-20T21:15:00+09:00,J1,523,568,1091
2019-08-20T21:15:00+09:00,J2,401,330,731
2019-08-20T21:15:00+09:00,J3,525,372,897
2019-08-20T21:15:00+09:00,J4,604,511,1115
2019-08-20T21:15:00+09:00,J5,304,268,572
2019-08-20T21:30:00+09:00,J1,466,502,968
2019-08-20T21:30:00+09:00,J2,428,316,744
2019-08-20T21:30:00+09:00,J3,523,381,904
2019-08-20T21:30:00+09:00,J4,570,537,1107
2019-08-20T21:30:00+09:00,J5,277,265,542
2019-08-20T21:45:00+09:00,J1,453,491,944
2019-08-20T21:45:00+09:00,J2,379,332,711
2019-08-20T21:45:00+09:00,J3,506,357,863
2019-08-20T21:45:00+09:00,J4,544,499,1043
2019-08-20T21:45:00+09:00,J5,247,259,506
2019-08-20T22:00:00+09:00,J1,428,541,969
2019-08-20T22:00:00+09:00,J2,326,290,616
2019-08-20T22:00:00+09:00,J3,461,363,824
2019-08-20T22:00:00+09:00,J4,522,491,1013
2019-08-20T22:00:00+09:00,J5,283,223,506
2019-08-20T22:15:00+09:00,J1,424,478,902
2019-08-20T22:15:00+09:00,J2,267,298,565
2019-08-20T22:15:00+09:00,J3,497,393,890
2019-08-20T22:15:00+09:00,J4,510,458,968
2019-08-20T22:15:00+09:00,J5,321,258,579
2019-08-20T22:30:00+09:00,J1,458,487,945
2019-08-20T22:30:00+09:00,J2,272,293,565
2019-08-20T22:30:00+09:00,J3,544,393,937
2019-08-20T22:30:00+09:00,J4,440,415,855
2019-08-20T22:30:00+09:00,J5,260,263,523
2019-08-20T22:45:00+09:00,J1,402,427,829
2019-08-20T22:45:00+09:00,J2,263,293,556
2019-08-20T22:45:00+09:00,J3,454,344,798
2019-08-20T22:45:00+09:00,J4,465,445,910
2019-08-20T22:45:00+09:00,J5,214,174,388
2019-08-20T23:00:00+09:00,J1,386,394,780
2019-08-20T23:00:00+09:00,J2,183,229,412
2019-08-20T23:00:00+09:00,J3,471,337,808
2019-08-20T23:00:00+09:00,J4,464,388,852
2019-08-20T23:00:00+09:00,J5,106,82,188
2019-08-20T23:15:00+09:00,J1,362,379,741
2019-08-20T23:15:00+09:00,J2,240,276,516
2019-08-20T23:15:00+09:00,J3,471,329,800
2019-08-20T23:15:00+09:00,J4,542,430,972
2019-08-20T23:15:00+09:00,J5,103,82,185
2019-08-20T23:30:00+09:00,J1,417,460,877
2019-08-20T23:30:00+09:00,J2,228,317,545
2019-08-20T23:30:00+09:00,J3,445,356,801
2019-08-20T23:30:00+09:00,J4,464,374,838
2019-08-20T23:30:00+09:00,J5,105,82,187
2019-08-20T23:45:00+09:00,J1,339,376,715
2019-08-20T23:45:00+09:00,J2,195,220,415
2019-08-20T23:45:00+09:00,J3,454,342,796
2019-08-20T23:45:00+09:00,J4,390,358,748
2019-08-20T23:45:00+09:00,J5,102,79,181
2019-08-21T00:00:00+09:00,J1,300,300,600
2019-08-21T00:00:00+09:00,J2,196,224,420
2019-08-21T00:00:00+09:00,J3,438,350,788
2019-08-21T00:00:00+09:00,J4,422,335,757
2019-08-21T00:00:00+09:00,J5,102,69,171
2019-08-21T00:15:00+09:00,J1,250,271,521
2019-08-21T00:15:00+09:00,J2,205,164,369
2019-08-21T00:15:00+09:00,J3,340,301,641
2019-08-21T00:15:00+09:00,J4,483,422,905
2019-08-21T00:15:00+09:00,J5,179,168,347
2019-08-21T00:30:00+09:00,J1,288,248,536
2019-08-21T00:30:00+09:00,J2,230,197,427
2019-08-21T00:30:00+09:00,J3,401,298,699
2019-08-21T00:30:00+09:00,J4,314,262,576
2019-08-21T00:30:00+09:00,J5,254,320,574
2019-08-21T00:45:00+09:00,J1,223,250,473
2019-08-21T00:45:00+09:00,J2,264,198,462
2019-08-21T00:45:00+09:00,J3,644,388,1032
2019-08-21T00:45:00+09:00,J4,290,252,542
2019-08-21T00:45:00+09:00,J5,244,241,485
2019-08-21T05:45:00+09:00,J1,262,270,532
2019-08-21T05:45:00+09:00,J2,302,248,550
2019-08-21T05:45:00+09:00,J3,299,259,558
2019-08-21T05:45:00+09:00,J4,332,256,588
2019-08-21T05:45:00+09:00,J5,149,169,318
2019-08-21T06:00:00+09:00,J1,250,275,525
2019-08-21T06:00:00+09:00,J2,188,196,384
2019-08-21T06:00:00+09:00,J3,203,209,412
2019-08-21T06:00:00+09:00,J4,474,418,892
2019-08-21T06:00:00+09:00,J5,313,304,617
2019-08-21T06:15:00+09:00,J1,302,273,575
2019-08-21T06:15:00+09:00,J2,154,154,308
2019-08-21T06:15:00+09:00,J3,177,194,371
2019-08-21T06:15:00+09:00,J4,319,374,693
2019-08-21T06:15:00+09:00,J5,343,320,663
2019-08-21T06:30:00+09:00,J1,299,298,597
2019-08-21T06:30:00+09:00,J2,133,151,284
2019-08-21T06:30:00+09:00,J3,227,170,397
2019-08-21T06:30:00+09:00,J4,257,306,563
2019-08-21T06:30:00+09:00,J5,278,339,617
2019-08-21T06:45:00+09:00,J1,403,355,758
2019-08-21T06:45:00+09:00,J2,225,210,435
2019-08-21T06:45:00+09:00,J3,268,211,479
2019-08-21T06:45:00+09:00,J4,333,348,681
2019-08-21T06:45:00+09:00,J5,272,330,602
2019-08-21T07:00:00+09:00,J1,412,413,825
2019-08-21T07:00:00+09:00,J2,238,239,477
2019-08-21T07:00:00+09:00,J3,274,223,497
2019-08-21T07:00:00+09:00,J4,377,393,770
2019-08-21T07:00:00+09:00,J5,312,278,590
2019-08-21T07:15:00+09:00,J1,496,435,931
2019-08-21T07:15:00+09:00,J2,285,243,528
2019-08-21T07:15:00+09:00,J3,333,283,616
2019-08-21T07:15:00+09:00,J4,375,437,812
2019-08-21T07:15:00+09:00,J5,288,259,547
2019-08-21T07:30:00+09:00,J1,533,399,932
2019-08-21T07:30:00+09:00,J2,306,267,573
2019-08-21T07:30:00+09:00,J3,586,478,1064
2019-08-21T07:30:00+09:00,J4,511,737,1248
2019-08-21T07:30:00+09:00,J5,248,213,461
2019-08-21T07:45:00+09:00,J1,626,442,1068
2019-08-21T07:45:00+09:00,J2,448,316,764
2019-08-21T07:45:00+09:00,J3,592,581,1173
2019-08-21T07:45:00+09:00,J4,548,743,1291
2019-08-21T07:45:00+09:00,J5,218,183,401
2019-08-21T08:00:00+09:00,J1,827,593,1420
2019-08-21T08:00:00+09:00,J2,536,281,817
2019-08-21T08:00:00+09:00,J3,591,655,1246
2019-08-21T08:00:00+09:00,J4,481,716,1197
2019-08-21T08:00:00+09:00,J5,284,264,548
2019-08-21T08:15:00+09:00,J1,1005,553,1558
2019-08-21T08:15:00+09:00,J2,739,326,1065
2019-08-21T08:15:00+09:00,J3,661,706,1367
2019-08-21T08:15:00+09:00,J4,469,821,1290
2019-08-21T08:15:00+09:00,J5,227,308,535
2019-08-21T08:30:00+09:00,J1,1049,613,1662
2019-08-21T08:30:00+09:00,J2,772,398,1170
2019-08-21T08:30:00+09:00,J3,656,744,1400
2019-08-21T08:30:00+09:00,J4,456,868,1324
2019-08-21T08:30:00+09:00,J5,226,306,532
2019-08-21T08:45:00+09:00,J1,801,469,1270
2019-08-21T08:45:00+09:00,J2,656,401,1057
2019-08-21T08:45:00+09:00,J3,636,706,1342
2019-08-21T08:45:00+09:00,J4,351,622,973
2019-08-21T08:45:00+09:00,J5,226,261,487
2019-08-21T09:00:00+09:00,J1,656,523,1179
2019-08-21T09:00:00+09:00,J2,625,419,1044
2019-08-21T09:00:00+09:00,J3,689,602,1291
2019-08-21T09:00:00+09:00,J4,331,434,765
2019-08-21T09:00:00+09:00,J5,167,257,424
2019-08-21T09:15:00+09:00,J1,639,507,1146
2019-08-21T09:15:00+09:00,J2,544,415,959
2019-08-21T09:15:00+09:00,J3,565,531,1096
2019-08-21T09:15:00+09:00,J4,424,535,959
2019-08-21T09:15:00+09:00,J5,168,240,408
2019-08-21T09:30:00+09:00,J1,592,488,1080
2019-08-21T09:30:00+09:00,J2,578,451,1029
2019-08-21T09:30:00+09:00,J3,476,518,994
2019-08-21T09:30:00+09:00,J4,487,478,965
2019-08-21T09:30:00+09:00,J5,202,249,451
2019-08-21T09:45:00+09:00,J1,525,417,942
2019-08-21T09:45:00+09:00,J2,529,447,976
2019-08-21T09:45:00+09:00,J3,480,505,985
2019-08-21T09:45:00+09:00,J4,438,397,835
2019-08-21T09:45:00+09:00,J5,205,257,462
2019-08-21T10:00:00+09:00,J1,467,426,893
2019-08-21T10:00:00+09:00,J2,461,423,884
2019-08-21T10:00:00+09:00,J3,453,432,885
2019-08-21T10:00:00+09:00,J4,444,480,924
2019-08-21T10:00:00+09:00,J5,168,252,420
2019-08-21T10:15:00+09:00,J1,495,405,900
2019-08-21T10:15:00+09:00,J2,488,447,935
2019-08-21T10:15:00+09:00,J3,462,412,874
2019-08-21T10:15:00+09:00,J4,526,524,1050
2019-08-21T10:15:00+09:00,J5,163,236,399
2019-08-21T10:30:00+09:00,J1,537,509,1046
2019-08-21T10:30:00+09:00,J2,511,509,1020
2019-08-21T10:30:00+09:00,J3,473,443,916
2019-08-21T10:30:00+09:00,J4,531,559,1090
2019-08-21T10:30:00+09:00,J5,178,216,394
2019-08-21T10:45:00+09:00,J1,570,561,1131
2019-08-21T10:45:00+09:00,J2,497,445,942
2019-08-21T10:45:00+09:00,J3,459,490,949
2019-08-21T10:45:00+09:00,J4,575,556,1131
2019-08-21T10:45:00+09:00,J5,189,249,438
2019-08-21T11:00:00+09:00,J1,553,564,1117
2019-08-21T11:00:00+09:00,J2,437,438,875
2019-08-21T11:00:00+09:00,J3,520,499,1019
2019-08-21T11:00:00+09:00,J4,517,527,1044
2019-08-21T11:00:00+09:00,J5,240,234,474
2019-08-21T11:15:00+09:00,J1,545,573,1118
2019-08-21T11:15:00+09:00,J2,411,453,864
2019-08-21T11:15:00+09:00,J3,578,533,1111
2019-08-21T11:15:00+09:00,J4,550,551,1101
2019-08-21T11:15:00+09:00,J5,183,216,399
2019-08-21T11:30:00+09:00,J1,542,588,1130
2019-08-21T11:30:00+09:00,J2,385,364,749
2019-08-21T11:30:00+09:00,J3,502,511,1013
2019-08-21T11:30:00+09:00,J4,516,584,1100
2019-08-21T11:30:00+09:00,J5,222,215,437
2019-08-21T11:45:00+09:00,J1,536,540,1076
2019-08-21T11:45:00+09:00,J2,377,415,792
2019-08-21T11:45:00+09:00,J3,654,643,1297
2019-08-21T11:45:00+09:00,J4,569,541,1110
2019-08-21T11:45:00+09:00,J5,190,243,433
2019-08-21T12:00:00+09:00,J1,616,599,1215
2019-08-21T12:00:00+09:00,J2,452,431,883
2019-08-21T12:00:00+09:00,J3,690,662,1352
2019-08-21T12:00:00+09:00,J4,556,485,1041
2019-08-21T12:00:00+09:00,J5,183,271,454
2019-08-21T12:15:00+09:00,J1,591,602,1193
2019-08-21T12:15:00+09:00,J2,389,377,766
2019-08-21T12:15:00+09:00,J3,678,675,1353
2019-08-21T12:15:00+09:00,J4,647,633,1280
2019-08-21T12:15:00+09:00,J5,194,240,434
2019-08-21T12:30:00+09:00,J1,575,615,1190
2019-08-21T12:30:00+09:00,J2,430,442,872
2019-08-21T12:30:00+09:00,J3,688,653,1341
2019-08-21T12:30:00+09:00,J4,583,579,1162
2019-08-21T12:30:00+09:00,J5,230,247,477
2019-08-21T12:45:00+09:00,J1,593,642,1235
2019-08-21T12:45:00+09:00,J2,347,395,742
2019-08-21T12:45:00+09:00,J3,645,566,1211
2019-08-21T12:45:00+09:00,J4,545,555,1100
2019-08-21T12:45:00+09:00,J5,189,222,411
2019-08-21T13:00:00+09:00,J1,563,675,1238
2019-08-21T13:00:00+09:00,J2,385,466,851
2019-08-21T13:00:00+09:00,J3,627,618,1245
2019-08-21T13:00:00+09:00,J4,524,570,1094
2019-08-21T13:00:00+09:00,J5,196,236,432
2019-08-21T13:15:00+09:00,J1,640,634,1274
2019-08-21T13:15:00+09:00,J2,325,390,715
2019-08-21T13:15:00+09:00,J3,614,614,1228
2019-08-21T13:15:00+09:00,J4,613,635,1248
2019-08-21T13:15:00+09:00,J5,152,268,420
2019-08-21T13:30:00+09:00,J1,619,655,1274
2019-08-21T13:30:00+09:00,J2,346,407,753
2019-08-21T13:30:00+09:00,J3,657,603,1260
2019-08-21T13:30:00+09:00,J4,672,613,1285
2019-08-21T13:30:00+09:00,J5,169,226,395
2019-08-21T13:45:00+09:00,J1,564,577,1141
2019-08-21T13:45:00+09:00,J2,370,365,735
2019-08-21T13:45:00+09:00,J3,586,573,1159
2019-08-21T13:45:00+09:00,J4,538,524,1062
2019-08-21T13:45:00+09:00,J5,182,266,448
2019-08-21T14:00:00+09:00,J1,609,645,1254
2019-08-21T14:00:00+09:00,J2,327,379,706
2019-08-21T14:00:00+09:00,J3,629,610,1239
2019-08-21T14:00:00+09:00,J4,564,505,1069
2019-08-21T14:00:00+09:00,J5,192,226,418
2019-08-21T14:15:00+09:00,J1,600,617,1217
2019-08-21T14:15:00+09:00,J2,349,396,745
2019-08-21T14:15:00+09:00,J3,656,610,1266
2019-08-21T14:15:00+09:00,J4,583,490,1073
2019-08-21T14:15:00+09:00,J5,158,238,396
2019-08-21T14:30:00+09:00,J1,626,642,1268
2019-08-21T14:30:00+09:00,J2,390,378,768
2019-08-21T14:30:00+09:00,J3,594,579,1173
2019-08-21T14:30:00+09:00,J4,570,495,1065
2019-08-21T14:30:00+09:00,J5,215,259,474
2019-08-21T14:45:00+09:00,J1,606,638,1244
2019-08-21T14:45:00+09:00,J2,370,429,799
2019-08-21T14:45:00+09:00,J3,613,550,1163
2019-08-21T14:45:00+09:00,J4,590,506,1096
2019-08-21T14:45:00+09:00,J5,215,239,454
2019-08-21T15:00:00+09:00,J1,590,642,1232
2019-08-21T15:00:00+09:00,J2,339,433,772
2019-08-21T15:00:00+09:00,J3,584,544,1128
2019-08-21T15:00:00+09:00,J4,507,440,947
2019-08-21T15:00:00+09:00,J5,170,224,394
2019-08-21T15:15:00+09:00,J1,586,688,1274
2019-08-21T15:15:00+09:00,J2,337,383,720
2019-08-21T15:15:00+09:00,J3,637,564,1201
2019-08-21T15:15:00+09:00,J4,631,603,1234
2019-08-21T15:15:00+09:00,J5,186,210,396
2019-08-21T15:30:00+09:00,J1,591,629,1220
2019-08-21T15:30:00+09:00,J2,426,439,865
2019-08-21T15:30:00+09:00,J3,651,572,1223
2019-08-21T15:30:00+09:00,J4,534,527,1061
2019-08-21T15:30:00+09:00,J5,228,212,440
2019-08-21T15:45:00+09:00,J1,647,685,1332
2019-08-21T15:45:00+09:00,J2,327,401,728
2019-08-21T15:45:00+09:00,J3,640,636,1276
2019-08-21T15:45:00+09:00,J4,599,534,1133
2019-08-21T15:45:00+09:00,J5,204,228,432
2019-08-21T16:00:00+09:00,J1,619,684,1303
2019-08-21T16:00:00+09:00,J2,398,392,790
2019-08-21T16:00:00+09:00,J3,673,602,1275
2019-08-21T16:00:00+09:00,J4,604,529,1133
2019-08-21T16:00:00+09:00,J5,186,230,416
2019-08-21T16:15:00+09:00,J1,582,741,1323
2019-08-21T16:15:00+09:00,J2,357,420,777
2019-08-21T16:15:00+09:00,J3,658,628,1286
2019-08-21T16:15:00+09:00,J4,591,552,1143
2019-08-21T16:15:00+09:00,J5,220,222,442
2019-08-21T16:30:00+09:00,J1,608,662,1270
2019-08-21T16:30:00+09:00,J2,323,390,713
2019-08-21T16:30:00+09:00,J3,635,538,1173
2019-08-21T16:30:00+09:00,J4,589,491,1080
2019-08-21T16:30:00+09:00,J5,215,226,441
2019-08-21T16:45:00+09:00,J1,543,670,1213
2019-08-21T16:45:00+09:00,J2,355,438,793
2019-08-21T16:45:00+09:00,J3,644,644,1288
2019-08-21T16:45:00+09:00,J4,677,576,1253
2019-08-21T16:45:00+09:00,J5,206,201,407
2019-08-21T17:00:00+09:00,J1,638,709,1347
2019-08-21T17:00:00+09:00,J2,408,504,912
2019-08-21T17:00:00+09:00,J3,745,590,1335
2019-08-21T17:00:00+09:00,J4,622,496,1118
2019-08-21T17:00:00+09:00,J5,246,283,529
2019-08-21T17:15:00+09:00,J1,719,861,1580
2019-08-21T17:15:00+09:00,J2,452,506,958
2019-08-21T17:15:00+09:00,J3,789,716,1505
2019-08-21T17:15:00+09:00,J4,576,452,1028
2019-08-21T17:15:00+09:00,J5,263,273,536
2019-08-21T17:30:00+09:00,J1,724,961,1685
2019-08-21T17:30:00+09:00,J2,499,582,1081
2019-08-21T17:30:00+09:00,J3,829,753,1582
2019-08-21T17:30:00+09:00,J4,518,496,1014
2019-08-21T17:30:00+09:00,J5,244,324,568
2019-08-21T17:45:00+09:00,J1,768,994,1762
2019-08-21T17:45:00+09:00,J2,450,593,1043
2019-08-21T17:45:00+09:00,J3,841,768,1609
2019-08-21T17:45:00+09:00,J4,625,457,1082
2019-08-21T17:45:00+09:00,J5,239,340,579
2019-08-21T18:00:00+09:00,J1,779,1028,1807
2019-08-21T18:00:00+09:00,J2,448,577,1025
2019-08-21T18:00:00+09:00,J3,915,771,1686
2019-08-21T18:00:00+09:00,J4,616,473,1089
2019-08-21T18:00:00+09:00,J5,266,308,574
2019-08-21T18:15:00+09:00,J1,766,916,1682
2019-08-21T18:15:00+09:00,J2,482,519,1001
2019-08-21T18:15:00+09:00,J3,692,558,1250
2019-08-21T18:15:00+09:00,J4,611,467,1078
2019-08-21T18:15:00+09:00,J5,248,309,557
2019-08-21T18:30:00+09:00,J1,713,796,1509
2019-08-21T18:30:00+09:00,J2,411,463,874
2019-08-21T18:30:00+09:00,J3,608,520,1128
2019-08-21T18:30:00+09:00,J4,571,425,996
2019-08-21T18:30:00+09:00,J5,254,276,530
2019-08-21T18:45:00+09:00,J1,682,804,1486
2019-08-21T18:45:00+09:00,J2,381,452,833
2019-08-21T18:45:00+09:00,J3,596,558,1154
2019-08-21T18:45:00+09:00,J4,645,563,1208
2019-08-21T18:45:00+09:00,J5,242,284,526
2019-08-21T19:00:00+09:00,J1,561,693,1254
2019-08-21T19:00:00+09:00,J2,377,482,859
2019-08-21T19:00:00+09:00,J3,573,493,1066
2019-08-21T19:00:00+09:00,J4,668,541,1209
2019-08-21T19:00:00+09:00,J5,282,278,560
2019-08-21T19:15:00+09:00,J1,565,682,1247
2019-08-21T19:15:00+09:00,J2,454,539,993
2019-08-21T19:15:00+09:00,J3,553,516,1069
2019-08-21T19:15:00+09:00,J4,684,491,1175
2019-08-21T19:15:00+09:00,J5,236,270,506
2019-08-21T19:30:00+09:00,J1,593,660,1253
2019-08-21T19:30:00+09:00,J2,430,488,918
2019-08-21T19:30:00+09:00,J3,481,449,930
2019-08-21T19:30:00+09:00,J4,625,517,1142
2019-08-21T19:30:00+09:00,J5,214,231,445
2019-08-21T19:45:00+09:00,J1,541,640,1181
2019-08-21T19:45:00+09:00,J2,449,441,890
2019-08-21T19:45:00+09:00,J3,469,425,894
2019-08-21T19:45:00+09:00,J4,602,556,1158
2019-08-21T19:45:00+09:00,J5,213,235,448
2019-08-21T20:00:00+09:00,J1,467,556,1023
2019-08-21T20:00:00+09:00,J2,432,365,797
2019-08-21T20:00:00+09:00,J3,460,458,918
2019-08-21T20:00:00+09:00,J4,592,439,1031
2019-08-21T20:00:00+09:00,J5,248,220,468
2019-08-21T20:15:00+09:00,J1,476,604,1080
2019-08-21T20:15:00+09:00,J2,409,431,840
2019-08-21T20:15:00+09:00,J3,471,456,927
2019-08-21T20:15:00+09:00,J4,582,499,1081
2019-08-21T20:15:00+09:00,J5,233,202,435
2019-08-21T20:30:00+09:00,J1,449,575,1024
2019-08-21T20:30:00+09:00,J2,337,322,659
2019-08-21T20:30:00+09:00,J3,447,447,894
2019-08-21T20:30:00+09:00,J4,527,412,939
2019-08-21T20:30:00+09:00,J5,155,236,391
2019-08-21T20:45:00+09:00,J1,419,547,966
2019-08-21T20:45:00+09:00,J2,299,334,633
2019-08-21T20:45:00+09:00,J3,485,462,947
2019-08-21T20:45:00+09:00,J4,531,426,957
2019-08-21T20:45:00+09:00,J5,230,187,417
2019-08-21T21:00:00+09:00,J1,515,589,1104
2019-08-21T21:00:00+09:00,J2,337,339,676
2019-08-21T21:00:00+09:00,J3,415,424,839
2019-08-21T21:00:00+09:00,J4,587,459,1046
2019-08-21T21:00:00+09:00,J5,212,162,374
2019-08-21T21:15:00+09:00,J1,555,642,1197
2019-08-21T21:15:00+09:00,J2,396,368,764
2019-08-21T21:15:00+09:00,J3,452,332,784
2019-08-21T21:15:00+09:00,J4,580,474,1054
2019-08-21T21:15:00+09:00,J5,247,179,426
2019-08-21T21:30:00+09:00,J1,494,577,1071
2019-08-21T21:30:00+09:00,J2,326,339,665
2019-08-21T21:30:00+09:00,J3,449,321,770
2019-08-21T21:30:00+09:00,J4,488,373,861
2019-08-21T21:30:00+09:00,J5,286,240,526
2019-08-21T21:45:00+09:00,J1,452,522,974
2019-08-21T21:45:00+09:00,J2,283,277,560
2019-08-21T21:45:00+09:00,J3,383,291,674
2019-08-21T21:45:00+09:00,J4,532,477,1009
2019-08-21T21:45:00+09:00,J5,380,337,717
2019-08-21T22:00:00+09:00,J1,409,450,859
2019-08-21T22:00:00+09:00,J2,297,258,555
2019-08-21T22:00:00+09:00,J3,409,285,694
2019-08-21T22:00:00+09:00,J4,522,471,993
2019-08-21T22:00:00+09:00,J5,419,412,831
2019-08-21T22:15:00+09:00,J1,428,434,862
2019-08-21T22:15:00+09:00,J2,340,244,584
2019-08-21T22:15:00+09:00,J3,352,295,647
2019-08-21T22:15:00+09:00,J4,524,496,1020
2019-08-21T22:15:00+09:00,J5,403,376,779
2019-08-21T22:30:00+09:00,J1,387,467,854
2019-08-21T22:30:00+09:00,J2,246,218,464
2019-08-21T22:30:00+09:00,J3,355,282,637
2019-08-21T22:30:00+09:00,J4,476,448,924
2019-08-21T22:30:00+09:00,J5,295,243,538
2019-08-21T22:45:00+09:00,J1,345,363,708
2019-08-21T22:45:00+09:00,J2,254,228,482
2019-08-21T22:45:00+09:00,J3,311,258,569
2019-08-21T22:45:00+09:00,J4,494,486,980
2019-08-21T22:45:00+09:00,J5,172,155,327
2019-08-21T23:00:00+09:00,J1,383,404,787
2019-08-21T23:00:00+09:00,J2,295,286,581
2019-08-21T23:00:00+09:00,J3,305,243,548
2019-08-21T23:00:00+09:00,J4,531,434,965
2019-08-21T23:00:00+09:00,J5,141,135,276
2019-08-21T23:15:00+09:00,J1,339,349,688
2019-08-21T23:15:00+09:00,J2,265,258,523
2019-08-21T23:15:00+09:00,J3,359,278,637
2019-08-21T23:15:00+09:00,J4,488,474,962
2019-08-21T23:15:00+09:00,J5,140,130,270
2019-08-21T23:30:00+09:00,J1,343,397,740
2019-08-21T23:30:00+09:00,J2,299,242,541
2019-08-21T23:30:00+09:00,J3,341,282,623
2019-08-21T23:30:00+09:00,J4,588,617,1205
2019-08-21T23:30:00+09:00,J5,158,141,299
2019-08-21T23:45:00+09:00,J1,349,355,704
2019-08-21T23:45:00+09:00,J2,255,289,544
2019-08-21T23:45:00+09:00,J3,308,267,575
2019-08-21T23:45:00+09:00,J4,515,500,1015
2019-08-21T23:45:00+09:00,J5,139,124,263
2019-08-22T00:00:00+09:00,J1,265,296,561
2019-08-22T00:00:00+09:00,J2,238,175,413
2019-08-22T00:00:00+09:00,J3,259,245,504
2019-08-22T00:00:00+09:00,J4,548,522,1070
2019-08-22T00:00:00+09:00,J5,145,105,250
2019-08-22T00:15:00+09:00,J1,250,233,483
2019-08-22T00:15:00+09:00,J2,144,138,282
2019-08-22T00:15:00+09:00,J3,244,217,461
2019-08-22T00:15:00+09:00,J4,438,564,1002
2019-08-22T00:15:00+09:00,J5,110,99,209
2019-08-22T00:30:00+09:00,J1,206,231,437
2019-08-22T00:30:00+09:00,J2,186,177,363
2019-08-22T00:30:00+09:00,J3,220,201,421
2019-08-22T00:30:00+09:00,J4,465,570,1035
2019-08-22T00:30:00+09:00,J5,153,116,269
2019-08-22T00:45:00+09:00,J1,144,137,281
2019-08-22T00:45:00+09:00,J2,224,167,391
2019-08-22T00:45:00+09:00,J3,233,170,403
2019-08-22T00:45:00+09:00,J4,464,517,981
2019-08-22T00:45:00+09:00,J5,194,122,316
2019-08-22T05:45:00+09:00,J1,299,323,622
2019-08-22T05:45:00+09:00,J2,163,192,355
2019-08-22T05:45:00+09:00,J3,244,210,454
2019-08-22T05:45:00+09:00,J4,417,330,747
2019-08-22T05:45:00+09:00,J5,258,271,529
2019-08-22T06:00:00+09:00,J1,274,274,548
2019-08-22T06:00:00+09:00,J2,203,224,427
2019-08-22T06:00:00+09:00,J3,256,200,456
2019-08-22T06:00:00+09:00,J4,320,303,623
2019-08-22T06:00:00+09:00,J5,335,291,626
2019-08-22T06:15:00+09:00,J1,294,278,572
2019-08-22T06:15:00+09:00,J2,159,173,332
2019-08-22T06:15:00+09:00,J3,269,279,548
2019-08-22T06:15:00+09:00,J4,415,386,801
2019-08-22T06:15:00+09:00,J5,310,293,603
2019-08-22T06:30:00+09:00,J1,282,246,528
2019-08-22T06:30:00+09:00,J2,156,157,313
2019-08-22T06:30:00+09:00,J3,289,227,516
2019-08-22T06:30:00+09:00,J4,412,358,770
2019-08-22T06:30:00+09:00,J5,269,310,579
2019-08-22T06:45:00+09:00,J1,351,277,628
2019-08-22T06:45:00+09:00,J2,224,215,439
2019-08-22T06:45:00+09:00,J3,351,293,644
2019-08-22T06:45:00+09:00,J4,332,367,699
2019-08-22T06:45:00+09:00,J5,318,290,608
2019-08-22T07:00:00+09:00,J1,346,297,643
2019-08-22T07:00:00+09:00,J2,212,209,421
2019-08-22T07:00:00+09:00,J3,356,295,651
2019-08-22T07:00:00+09:00,J4,414,442,856
2019-08-22T07:00:00+09:00,J5,295,314,609
2019-08-22T07:15:00+09:00,J1,452,329,781
2019-08-22T07:15:00+09:00,J2,282,219,501
2019-08-22T07:15:00+09:00,J3,429,346,775
2019-08-22T07:15:00+09:00,J4,440,507,947
2019-08-22T07:15:00+09:00,J5,268,333,601
2019-08-22T07:30:00+09:00,J1,566,443,1009
2019-08-22T07:30:00+09:00,J2,312,303,615
2019-08-22T07:30:00+09:00,J3,596,511,1107
2019-08-22T07:30:00+09:00,J4,517,666,1183
2019-08-22T07:30:00+09:00,J5,391,293,684
2019-08-22T07:45:00+09:00,J1,718,541,1259
2019-08-22T07:45:00+09:00,J2,439,308,747
2019-08-22T07:45:00+09:00,J3,555,514,1069
2019-08-22T07:45:00+09:00,J4,537,841,1378
2019-08-22T07:45:00+09:00,J5,242,164,406
2019-08-22T08:00:00+09:00,J1,842,602,1444
2019-08-22T08:00:00+09:00,J2,628,315,943
2019-08-22T08:00:00+09:00,J3,580,619,1199
2019-08-22T08:00:00+09:00,J4,559,813,1372
2019-08-22T08:00:00+09:00,J5,275,205,480
2019-08-22T08:15:00+09:00,J1,1056,635,1691
2019-08-22T08:15:00+09:00,J2,863,452,1315
2019-08-22T08:15:00+09:00,J3,606,729,1335
2019-08-22T08:15:00+09:00,J4,589,899,1488
2019-08-22T08:15:00+09:00,J5,347,256,603
2019-08-22T08:30:00+09:00,J1,1032,634,1666
2019-08-22T08:30:00+09:00,J2,715,481,1196
2019-08-22T08:30:00+09:00,J3,622,783,1405
2019-08-22T08:30:00+09:00,J4,514,910,1424
2019-08-22T08:30:00+09:00,J5,359,316,675
2019-08-22T08:45:00+09:00,J1,809,552,1361
2019-08-22T08:45:00+09:00,J2,629,401,1030
2019-08-22T08:45:00+09:00,J3,573,629,1202
2019-08-22T08:45:00+09:00,J4,592,707,1299
2019-08-22T08:45:00+09:00,J5,294,236,530
2019-08-22T09:00:00+09:00,J1,718,542,1260
2019-08-22T09:00:00+09:00,J2,555,370,925
2019-08-22T09:00:00+09:00,J3,582,512,1094
2019-08-22T09:00:00+09:00,J4,542,683,1225
2019-08-22T09:00:00+09:00,J5,269,183,452
2019-08-22T09:15:00+09:00,J1,620,482,1102
2019-08-22T09:15:00+09:00,J2,525,373,898
2019-08-22T09:15:00+09:00,J3,509,428,937
2019-08-22T09:15:00+09:00,J4,599,743,1342
2019-08-22T09:15:00+09:00,J5,228,188,416
2019-08-22T09:30:00+09:00,J1,640,492,1132
2019-08-22T09:30:00+09:00,J2,546,362,908
2019-08-22T09:30:00+09:00,J3,596,520,1116
2019-08-22T09:30:00+09:00,J4,569,753,1322
2019-08-22T09:30:00+09:00,J5,279,220,499
2019-08-22T09:45:00+09:00,J1,518,503,1021
2019-08-22T09:45:00+09:00,J2,472,378,850
2019-08-22T09:45:00+09:00,J3,542,476,1018
2019-08-22T09:45:00+09:00,J4,521,648,1169
2019-08-22T09:45:00+09:00,J5,218,199,417
2019-08-22T10:00:00+09:00,J1,491,459,950
2019-08-22T10:00:00+09:00,J2,486,440,926
2019-08-22T10:00:00+09:00,J3,484,409,893
2019-08-22T10:00:00+09:00,J4,428,372,800
2019-08-22T10:00:00+09:00,J5,205,181,386
2019-08-22T10:15:00+09:00,J1,516,481,997
2019-08-22T10:15:00+09:00,J2,451,467,918
2019-08-22T10:15:00+09:00,J3,490,480,970
2019-08-22T10:15:00+09:00,J4,520,476,996
2019-08-22T10:15:00+09:00,J5,320,272,592
2019-08-22T10:30:00+09:00,J1,562,538,1100
2019-08-22T10:30:00+09:00,J2,413,414,827
2019-08-22T10:30:00+09:00,J3,643,571,1214
2019-08-22T10:30:00+09:00,J4,578,589,1167
2019-08-22T10:30:00+09:00,J5,354,326,680
2019-08-22T10:45:00+09:00,J1,602,580,1182
2019-08-22T10:45:00+09:00,J2,435,531,966
2019-08-22T10:45:00+09:00,J3,644,607,1251
2019-08-22T10:45:00+09:00,J4,548,577,1125
2019-08-22T10:45:00+09:00,J5,249,235,484
2019-08-22T11:00:00+09:00,J1,558,616,1174
2019-08-22T11:00:00+09:00,J2,527,499,1026
2019-08-22T11:00:00+09:00,J3,606,656,1262
2019-08-22T11:00:00+09:00,J4,590,560,1150
2019-08-22T11:00:00+09:00,J5,331,247,578
2019-08-22T11:15:00+09:00,J1,759,814,1573
2019-08-22T11:15:00+09:00,J2,459,451,910
2019-08-22T11:15:00+09:00,J3,652,764,1416
2019-08-22T11:15:00+09:00,J4,592,643,1235
2019-08-22T11:15:00+09:00,J5,249,203,452
2019-08-22T11:30:00+09:00,J1,717,757,1474
2019-08-22T11:30:00+09:00,J2,454,396,850
2019-08-22T11:30:00+09:00,J3,642,646,1288
2019-08-22T11:30:00+09:00,J4,621,619,1240
2019-08-22T11:30:00+09:00,J5,232,191,423
2019-08-22T11:45:00+09:00,J1,654,719,1373
2019-08-22T11:45:00+09:00,J2,372,392,764
2019-08-22T11:45:00+09:00,J3,615,662,1277
2019-08-22T11:45:00+09:00,J4,630,608,1238
2019-08-22T11:45:00+09:00,J5,211,193,404
2019-08-22T12:00:00+09:00,J1,732,785,1517
2019-08-22T12:00:00+09:00,J2,520,478,998
2019-08-22T12:00:00+09:00,J3,642,748,1390
2019-08-22T12:00:00+09:00,J4,677,670,1347
2019-08-22T12:00:00+09:00,J5,286,245,531
2019-08-22T12:15:00+09:00,J1,666,809,1475
2019-08-22T12:15:00+09:00,J2,514,481,995
2019-08-22T12:15:00+09:00,J3,668,672,1340
2019-08-22T12:15:00+09:00,J4,602,572,1174
2019-08-22T12:15:00+09:00,J5,292,278,570
2019-08-22T12:30:00+09:00,J1,655,714,1369
2019-08-22T12:30:00+09:00,J2,540,421,961
2019-08-22T12:30:00+09:00,J3,721,690,1411
2019-08-22T12:30:00+09:00,J4,576,541,1117
2019-08-22T12:30:00+09:00,J5,313,235,548
2019-08-22T12:45:00+09:00,J1,685,798,1483
2019-08-22T12:45:00+09:00,J2,439,452,891
2019-08-22T12:45:00+09:00,J3,660,636,1296
2019-08-22T12:45:00+09:00,J4,560,511,1071
2019-08-22T12:45:00+09:00,J5,286,221,507
2019-08-22T13:00:00+09:00,J1,688,696,1384
2019-08-22T13:00:00+09:00,J2,434,438,872
2019-08-22T13:00:00+09:00,J3,706,589,1295
2019-08-22T13:00:00+09:00,J4,579,537,1116
2019-08-22T13:00:00+09:00,J5,353,308,661
2019-08-22T13:15:00+09:00,J1,531,595,1126
2019-08-22T13:15:00+09:00,J2,294,340,634
2019-08-22T13:15:00+09:00,J3,681,592,1273
2019-08-22T13:15:00+09:00,J4,602,492,1094
2019-08-22T13:15:00+09:00,J5,379,388,767
2019-08-22T13:30:00+09:00,J1,501,532,1033
2019-08-22T13:30:00+09:00,J2,368,354,722
2019-08-22T13:30:00+09:00,J3,651,536,1187
2019-08-22T13:30:00+09:00,J4,535,448,983
2019-08-22T13:30:00+09:00,J5,367,432,799
2019-08-22T13:45:00+09:00,J1,493,507,1000
2019-08-22T13:45:00+09:00,J2,431,336,767
2019-08-22T13:45:00+09:00,J3,619,527,1146
2019-08-22T13:45:00+09:00,J4,546,513,1059
2019-08-22T13:45:00+09:00,J5,349,419,768
2019-08-22T14:00:00+09:00,J1,532,571,1103
2019-08-22T14:00:00+09:00,J2,420,379,799
2019-08-22T14:00:00+09:00,J3,634,502,1136
2019-08-22T14:00:00+09:00,J4,535,478,1013
2019-08-22T14:00:00+09:00,J5,343,453,796
2019-08-22T14:15:00+09:00,J1,601,685,1286
2019-08-22T14:15:00+09:00,J2,431,348,779
2019-08-22T14:15:00+09:00,J3,678,525,1203
2019-08-22T14:15:00+09:00,J4,556,558,1114
2019-08-22T14:15:00+09:00,J5,331,409,740
2019-08-22T14:30:00+09:00,J1,610,645,1255
2019-08-22T14:30:00+09:00,J2,528,350,878
2019-08-22T14:30:00+09:00,J3,693,552,1245
2019-08-22T14:30:00+09:00,J4,619,524,1143
2019-08-22T14:30:00+09:00,J5,406,523,929
2019-08-22T14:45:00+09:00,J1,602,712,1314
2019-08-22T14:45:00+09:00,J2,487,374,861
2019-08-22T14:45:00+09:00,J3,713,595,1308
2019-08-22T14:45:00+09:00,J4,566,492,1058
2019-08-22T14:45:00+09:00,J5,370,451,821
2019-08-22T15:00:00+09:00,J1,675,736,1411
2019-08-22T15:00:00+09:00,J2,420,388,808
2019-08-22T15:00:00+09:00,J3,744,601,1345
2019-08-22T15:00:00+09:00,J4,553,498,1051
2019-08-22T15:00:00+09:00,J5,384,438,822
2019-08-22T15:15:00+09:00,J1,590,678,1268
2019-08-22T15:15:00+09:00,J2,406,439,845
2019-08-22T15:15:00+09:00,J3,743,615,1358
2019-08-22T15:15:00+09:00,J4,554,556,1110
2019-08-22T15:15:00+09:00,J5,390,407,797
2019-08-22T15:30:00+09:00,J1,655,714,1369
2019-08-22T15:30:00+09:00,J2,479,398,877
2019-08-22T15:30:00+09:00,J3,761,644,1405
2019-08-22T15:30:00+09:00,J4,576,501,1077
2019-08-22T15:30:00+09:00,J5,361,419,780
2019-08-22T15:45:00+09:00,J1,679,797,1476
2019-08-22T15:45:00+09:00,J2,417,389,806
2019-08-22T15:45:00+09:00,J3,741,647,1388
2019-08-22T15:45:00+09:00,J4,582,606,1188
2019-08-22T15:45:00+09:00,J5,409,443,852
2019-08-22T16:00:00+09:00,J1,647,720,1367
2019-08-22T16:00:00+09:00,J2,524,419,943
2019-08-22T16:00:00+09:00,J3,770,662,1432
2019-08-22T16:00:00+09:00,J4,627,465,1092
2019-08-22T16:00:00+09:00,J5,346,384,730
2019-08-22T16:15:00+09:00,J1,718,796,1514
2019-08-22T16:15:00+09:00,J2,618,453,1071
2019-08-22T16:15:00+09:00,J3,775,619,1394
2019-08-22T16:15:00+09:00,J4,654,541,1195
2019-08-22T16:15:00+09:00,J5,343,384,727
2019-08-22T16:30:00+09:00,J1,683,783,1466
2019-08-22T16:30:00+09:00,J2,447,410,857
2019-08-22T16:30:00+09:00,J3,743,661,1404
2019-08-22T16:30:00+09:00,J4,621,500,1121
2019-08-22T16:30:00+09:00,J5,322,380,702
2019-08-22T16:45:00+09:00,J1,651,720,1371
2019-08-22T16:45:00+09:00,J2,386,307,693
2019-08-22T16:45:00+09:00,J3,714,602,1316
2019-08-22T16:45:00+09:00,J4,519,433,952
2019-08-22T16:45:00+09:00,J5,314,374,688
2019-08-22T17:00:00+09:00,J1,592,784,1376
2019-08-22T17:00:00+09:00,J2,431,387,818
2019-08-22T17:00:00+09:00,J3,876,679,1555
2019-08-22T17:00:00+09:00,J4,579,451,1030
2019-08-22T17:00:00+09:00,J5,359,447,806
2019-08-22T17:15:00+09:00,J1,770,987,1757
2019-08-22T17:15:00+09:00,J2,489,459,948
2019-08-22T17:15:00+09:00,J3,886,663,1549
2019-08-22T17:15:00+09:00,J4,724,564,1288
2019-08-22T17:15:00+09:00,J5,388,426,814
2019-08-22T17:30:00+09:00,J1,909,1029,1938
2019-08-22T17:30:00+09:00,J2,491,477,968
2019-08-22T17:30:00+09:00,J3,825,745,1570
2019-08-22T17:30:00+09:00,J4,888,698,1586
2019-08-22T17:30:00+09:00,J5,382,448,830
2019-08-22T17:45:00+09:00,J1,917,1085,2002
2019-08-22T17:45:00+09:00,J2,484,553,1037
2019-08-22T17:45:00+09:00,J3,853,666,1519
2019-08-22T17:45:00+09:00,J4,884,703,1587
2019-08-22T17:45:00+09:00,J5,394,510,904
2019-08-22T18:00:00+09:00,J1,870,1047,1917
2019-08-22T18:00:00+09:00,J2,553,598,1151
2019-08-22T18:00:00+09:00,J3,933,665,1598
2019-08-22T18:00:00+09:00,J4,901,665,1566
2019-08-22T18:00:00+09:00,J5,375,493,868
2019-08-22T18:15:00+09:00,J1,889,1032,1921
2019-08-22T18:15:00+09:00,J2,586,599,1185
2019-08-22T18:15:00+09:00,J3,902,679,1581
2019-08-22T18:15:00+09:00,J4,828,700,1528
2019-08-22T18:15:00+09:00,J5,446,520,966
2019-08-22T18:30:00+09:00,J1,802,1000,1802
2019-08-22T18:30:00+09:00,J2,577,553,1130
2019-08-22T18:30:00+09:00,J3,816,592,1408
2019-08-22T18:30:00+09:00,J4,828,548,1376
2019-08-22T18:30:00+09:00,J5,377,449,826
2019-08-22T18:45:00+09:00,J1,815,954,1769
2019-08-22T18:45:00+09:00,J2,475,465,940
2019-08-22T18:45:00+09:00,J3,722,533,1255
2019-08-22T18:45:00+09:00,J4,737,523,1260
2019-08-22T18:45:00+09:00,J5,368,473,841
2019-08-22T19:00:00+09:00,J1,764,929,1693
2019-08-22T19:00:00+09:00,J2,452,438,890
2019-08-22T19:00:00+09:00,J3,747,536,1283
2019-08-22T19:00:00+09:00,J4,560,395,955
2019-08-22T19:00:00+09:00,J5,391,503,894
2019-08-22T19:15:00+09:00,J1,598,704,1302
2019-08-22T19:15:00+09:00,J2,437,367,804
2019-08-22T19:15:00+09:00,J3,775,519,1294
2019-08-22T19:15:00+09:00,J4,680,493,1173
2019-08-22T19:15:00+09:00,J5,357,461,818
2019-08-22T19:30:00+09:00,J1,572,696,1268
2019-08-22T19:30:00+09:00,J2,344,323,667
2019-08-22T19:30:00+09:00,J3,619,457,1076
2019-08-22T19:30:00+09:00,J4,693,522,1215
2019-08-22T19:30:00+09:00,J5,347,383,730
2019-08-22T19:45:00+09:00,J1,636,792,1428
2019-08-22T19:45:00+09:00,J2,435,408,843
2019-08-22T19:45:00+09:00,J3,567,440,1007
2019-08-22T19:45:00+09:00,J4,481,403,884
2019-08-22T19:45:00+09:00,J5,362,432,794
2019-08-22T20:00:00+09:00,J1,714,853,1567
2019-08-22T20:00:00+09:00,J2,452,426,878
2019-08-22T20:00:00+09:00,J3,582,439,1021
2019-08-22T20:00:00+09:00,J4,488,291,779
2019-08-22T20:00:00+09:00,J5,387,439,826
2019-08-22T20:15:00+09:00,J1,727,785,1512
2019-08-22T20:15:00+09:00,J2,418,383,801
2019-08-22T20:15:00+09:00,J3,633,398,1031
2019-08-22T20:15:00+09:00,J4,430,279,709
2019-08-22T20:15:00+09:00,J5,368,407,775
2019-08-22T20:30:00+09:00,J1,660,797,1457
2019-08-22T20:30:00+09:00,J2,297,273,570
2019-08-22T20:30:00+09:00,J3,516,422,938
2019-08-22T20:30:00+09:00,J4,485,330,815
2019-08-22T20:30:00+09:00,J5,366,451,817
2019-08-22T20:45:00+09:00,J1,666,732,1398
2019-08-22T20:45:00+09:00,J2,362,297,659
2019-08-22T20:45:00+09:00,J3,538,430,968
2019-08-22T20:45:00+09:00,J4,420,294,714
2019-08-22T20:45:00+09:00,J5,339,366,705
2019-08-22T21:00:00+09:00,J1,563,646,1209
2019-08-22T21:00:00+09:00,J2,360,318,678
2019-08-22T21:00:00+09:00,J3,478,386,864
2019-08-22T21:00:00+09:00,J4,606,431,1037
2019-08-22T21:00:00+09:00,J5,351,383,734
2019-08-22T21:15:00+09:00,J1,549,647,1196
2019-08-22T21:15:00+09:00,J2,395,280,675
2019-08-22T21:15:00+09:00,J3,532,354,886
2019-08-22T21:15:00+09:00,J4,707,584,1291
2019-08-22T21:15:00+09:00,J5,352,361,713
2019-08-22T21:30:00+09:00,J1,503,576,1079
2019-08-22T21:30:00+09:00,J2,323,272,595
2019-08-22T21:30:00+09:00,J3,447,349,796
2019-08-22T21:30:00+09:00,J4,616,583,1199
2019-08-22T21:30:00+09:00,J5,372,389,761
2019-08-22T21:45:00+09:00,J1,465,513,978
2019-08-22T21:45:00+09:00,J2,310,280,590
2019-08-22T21:45:00+09:00,J3,475,381,856
2019-08-22T21:45:00+09:00,J4,613,439,1052
2019-08-22T21:45:00+09:00,J5,383,405,788
2019-08-22T22:00:00+09:00,J1,460,489,949
2019-08-22T22:00:00+09:00,J2,268,274,542
2019-08-22T22:00:00+09:00,J3,396,340,736
2019-08-22T22:00:00+09:00,J4,506,365,871
2019-08-22T22:00:00+09:00,J5,334,372,706
2019-08-22T22:15:00+09:00,J1,387,483,870
2019-08-22T22:15:00+09:00,J2,247,314,561
2019-08-22T22:15:00+09:00,J3,398,327,725
2019-08-22T22:15:00+09:00,J4,458,374,832
2019-08-22T22:15:00+09:00,J5,346,348,694
2019-08-22T22:30:00+09:00,J1,426,481,907
2019-08-22T22:30:00+09:00,J2,243,287,530
2019-08-22T22:30:00+09:00,J3,365,280,645
2019-08-22T22:30:00+09:00,J4,390,338,728
2019-08-22T22:30:00+09:00,J5,373,391,764
2019-08-22T22:45:00+09:00,J1,403,471,874
2019-08-22T22:45:00+09:00,J2,232,250,482
2019-08-22T22:45:00+09:00,J3,397,309,706
2019-08-22T22:45:00+09:00,J4,495,363,858
2019-08-22T22:45:00+09:00,J5,267,254,521
2019-08-22T23:00:00+09:00,J1,357,403,760
2019-08-22T23:00:00+09:00,J2,188,278,466
2019-08-22T23:00:00+09:00,J3,390,333,723
2019-08-22T23:00:00+09:00,J4,463,357,820
2019-08-22T23:00:00+09:00,J5,210,180,390
2019-08-22T23:15:00+09:00,J1,373,422,795
2019-08-22T23:15:00+09:00,J2,187,265,452
2019-08-22T23:15:00+09:00,J3,365,333,698
2019-08-22T23:15:00+09:00,J4,420,317,737
2019-08-22T23:15:00+09:00,J5,173,138,311
2019-08-22T23:30:00+09:00,J1,342,352,694
2019-08-22T23:30:00+09:00,J2,247,243,490
2019-08-22T23:30:00+09:00,J3,420,323,743
2019-08-22T23:30:00+09:00,J4,438,395,833
2019-08-22T23:30:00+09:00,J5,213,181,394
2019-08-22T23:45:00+09:00,J1,349,383,732
2019-08-22T23:45:00+09:00,J2,218,260,478
2019-08-22T23:45:00+09:00,J3,406,310,716
2019-08-22T23:45:00+09:00,J4,372,309,681
2019-08-22T23:45:00+09:00,J5,195,158,353
2019-08-23T00:00:00+09:00,J1,285,277,562
2019-08-23T00:00:00+09:00,J2,229,236,465
2019-08-23T00:00:00+09:00,J3,379,282,661
2019-08-23T00:00:00+09:00,J4,315,307,622
2019-08-23T00:00:00+09:00,J5,202,145,347
2019-08-23T00:15:00+09:00,J1,255,206,461
2019-08-23T00:15:00+09:00,J2,173,215,388
2019-08-23T00:15:00+09:00,J3,251,230,481
2019-08-23T00:15:00+09:00,J4,529,521,1050
2019-08-23T00:15:00+09:00,J5,226,280,506
2019-08-23T00:30:00+09:00,J1,247,195,442
2019-08-23T00:30:00+09:00,J2,131,174,305
2019-08-23T00:30:00+09:00,J3,283,245,528
2019-08-23T00:30:00+09:00,J4,398,335,733
2019-08-23T00:30:00+09:00,J5,233,283,516
2019-08-23T00:45:00+09:00,J1,272,200,472
2019-08-23T00:45:00+09:00,J2,120,162,282
2019-08-23T00:45:00+09:00,J3,277,256,533
2019-08-23T00:45:00+09:00,J4,340,291,631
2019-08-23T00:45:00+09:00,J5,178,198,376
2019-08-23T05:45:00+09:00,J1,355,347,702
2019-08-23T05:45:00+09:00,J2,211,209,420
2019-08-23T05:45:00+09:00,J3,228,213,441
2019-08-23T05:45:00+09:00,J4,310,391,701
2019-08-23T05:45:00+09:00,J5,194,235,429
2019-08-23T06:00:00+09:00,J1,374,401,775
2019-08-23T06:00:00+09:00,J2,187,183,370
2019-08-23T06:00:00+09:00,J3,205,245,450
2019-08-23T06:00:00+09:00,J4,265,258,523
2019-08-23T06:00:00+09:00,J5,279,334,613
2019-08-23T06:15:00+09:00,J1,409,420,829
2019-08-23T06:15:00+09:00,J2,171,195,366
2019-08-23T06:15:00+09:00,J3,240,204,444
2019-08-23T06:15:00+09:00,J4,363,351,714
2019-08-23T06:15:00+09:00,J5,338,316,654
2019-08-23T06:30:00+09:00,J1,321,340,661
2019-08-23T06:30:00+09:00,J2,181,141,322
2019-08-23T06:30:00+09:00,J3,210,172,382
2019-08-23T06:30:00+09:00,J4,392,394,786
2019-08-23T06:30:00+09:00,J5,267,247,514
2019-08-23T06:45:00+09:00,J1,501,459,960
2019-08-23T06:45:00+09:00,J2,239,193,432
2019-08-23T06:45:00+09:00,J3,271,231,502
2019-08-23T06:45:00+09:00,J4,302,398,700
2019-08-23T06:45:00+09:00,J5,307,309,616
2019-08-23T07:00:00+09:00,J1,455,434,889
2019-08-23T07:00:00+09:00,J2,233,213,446
2019-08-23T07:00:00+09:00,J3,269,261,530
2019-08-23T07:00:00+09:00,J4,422,443,865
2019-08-23T07:00:00+09:00,J5,342,339,681
2019-08-23T07:15:00+09:00,J1,542,445,987
2019-08-23T07:15:00+09:00,J2,248,231,479
2019-08-23T07:15:00+09:00,J3,402,346,748
2019-08-23T07:15:00+09:00,J4,384,450,834
2019-08-23T07:15:00+09:00,J5,279,261,540
2019-08-23T07:30:00+09:00,J1,535,485,1020
2019-08-23T07:30:00+09:00,J2,278,255,533
2019-08-23T07:30:00+09:00,J3,677,558,1235
2019-08-23T07:30:00+09:00,J4,472,646,1118
2019-08-23T07:30:00+09:00,J5,256,192,448
2019-08-23T07:45:00+09:00,J1,788,595,1383
2019-08-23T07:45:00+09:00,J2,430,308,738
2019-08-23T07:45:00+09:00,J3,607,612,1219
2019-08-23T07:45:00+09:00,J4,522,723,1245
2019-08-23T07:45:00+09:00,J5,283,192,475
2019-08-23T08:00:00+09:00,J1,1014,708,1722
2019-08-23T08:00:00+09:00,J2,441,305,746
2019-08-23T08:00:00+09:00,J3,723,738,1461
2019-08-23T08:00:00+09:00,J4,649,887,1536
2019-08-23T08:00:00+09:00,J5,297,239,536
2019-08-23T08:15:00+09:00,J1,1147,819,1966
2019-08-23T08:15:00+09:00,J2,551,342,893
2019-08-23T08:15:00+09:00,J3,761,812,1573
2019-08-23T08:15:00+09:00,J4,636,1091,1727
2019-08-23T08:15:00+09:00,J5,376,315,691
2019-08-23T08:30:00+09:00,J1,1126,813,1939
2019-08-23T08:30:00+09:00,J2,547,376,923
2019-08-23T08:30:00+09:00,J3,728,874,1602
2019-08-23T08:30:00+09:00,J4,699,1033,1732
2019-08-23T08:30:00+09:00,J5,354,378,732
2019-08-23T08:45:00+09:00,J1,957,735,1692
2019-08-23T08:45:00+09:00,J2,492,314,806
2019-08-23T08:45:00+09:00,J3,708,771,1479
2019-08-23T08:45:00+09:00,J4,662,870,1532
2019-08-23T08:45:00+09:00,J5,350,264,614
2019-08-23T09:00:00+09:00,J1,777,677,1454
2019-08-23T09:00:00+09:00,J2,496,329,825
2019-08-23T09:00:00+09:00,J3,683,589,1272
2019-08-23T09:00:00+09:00,J4,570,690,1260
2019-08-23T09:00:00+09:00,J5,286,201,487
2019-08-23T09:15:00+09:00,J1,697,626,1323
2019-08-23T09:15:00+09:00,J2,497,289,786
2019-08-23T09:15:00+09:00,J3,666,556,1222
2019-08-23T09:15:00+09:00,J4,551,722,1273
2019-08-23T09:15:00+09:00,J5,273,257,530
2019-08-23T09:30:00+09:00,J1,737,658,1395
2019-08-23T09:30:00+09:00,J2,455,343,798
2019-08-23T09:30:00+09:00,J3,680,613,1293
2019-08-23T09:30:00+09:00,J4,619,770,1389
2019-08-23T09:30:00+09:00,J5,283,249,532
2019-08-23T09:45:00+09:00,J1,736,716,1452
2019-08-23T09:45:00+09:00,J2,461,322,783
2019-08-23T09:45:00+09:00,J3,720,565,1285
2019-08-23T09:45:00+09:00,J4,529,642,1171
2019-08-23T09:45:00+09:00,J5,255,201,456
2019-08-23T10:00:00+09:00,J1,648,654,1302
2019-08-23T10:00:00+09:00,J2,390,302,692
2019-08-23T10:00:00+09:00,J3,631,482,1113
2019-08-23T10:00:00+09:00,J4,544,482,1026
2019-08-23T10:00:00+09:00,J5,225,175,400
2019-08-23T10:15:00+09:00,J1,652,683,1335
2019-08-23T10:15:00+09:00,J2,403,369,772
2019-08-23T10:15:00+09:00,J3,629,534,1163
2019-08-23T10:15:00+09:00,J4,496,474,970
2019-08-23T10:15:00+09:00,J5,198,174,372
2019-08-23T10:30:00+09:00,J1,693,703,1396
2019-08-23T10:30:00+09:00,J2,405,327,732
2019-08-23T10:30:00+09:00,J3,706,585,1291
2019-08-23T10:30:00+09:00,J4,527,516,1043
2019-08-23T10:30:00+09:00,J5,238,218,456
2019-08-23T10:45:00+09:00,J1,812,765,1577
2019-08-23T10:45:00+09:00,J2,419,290,709
2019-08-23T10:45:00+09:00,J3,713,600,1313
2019-08-23T10:45:00+09:00,J4,593,525,1118
2019-08-23T10:45:00+09:00,J5,238,210,448
2019-08-23T11:00:00+09:00,J1,801,812,1613
2019-08-23T11:00:00+09:00,J2,434,404,838
2019-08-23T11:00:00+09:00,J3,727,711,1438
2019-08-23T11:00:00+09:00,J4,601,476,1077
2019-08-23T11:00:00+09:00,J5,229,252,481
2019-08-23T11:15:00+09:00,J1,806,884,1690
2019-08-23T11:15:00+09:00,J2,399,368,767
2019-08-23T11:15:00+09:00,J3,831,744,1575
2019-08-23T11:15:00+09:00,J4,615,576,1191
2019-08-23T11:15:00+09:00,J5,266,233,499
2019-08-23T11:30:00+09:00,J1,783,889,1672
2019-08-23T11:30:00+09:00,J2,375,399,774
2019-08-23T11:30:00+09:00,J3,747,697,1444
2019-08-23T11:30:00+09:00,J4,642,580,1222
2019-08-23T11:30:00+09:00,J5,243,215,458
2019-08-23T11:45:00+09:00,J1,863,839,1702
2019-08-23T11:45:00+09:00,J2,463,389,852
2019-08-23T11:45:00+09:00,J3,872,685,1557
2019-08-23T11:45:00+09:00,J4,718,722,1440
2019-08-23T11:45:00+09:00,J5,243,216,459
2019-08-23T12:00:00+09:00,J1,882,996,1878
2019-08-23T12:00:00+09:00,J2,494,423,917
2019-08-23T12:00:00+09:00,J3,940,719,1659
2019-08-23T12:00:00+09:00,J4,786,694,1480
2019-08-23T12:00:00+09:00,J5,293,287,580
2019-08-23T12:15:00+09:00,J1,863,1070,1933
2019-08-23T12:15:00+09:00,J2,460,413,873
2019-08-23T12:15:00+09:00,J3,1057,965,2022
2019-08-23T12:15:00+09:00,J4,681,671,1352
2019-08-23T12:15:00+09:00,J5,297,211,508
2019-08-23T12:30:00+09:00,J1,849,949,1798
2019-08-23T12:30:00+09:00,J2,459,387,846
2019-08-23T12:30:00+09:00,J3,1050,871,1921
2019-08-23T12:30:00+09:00,J4,744,660,1404
2019-08-23T12:30:00+09:00,J5,268,216,484
2019-08-23T12:45:00+09:00,J1,796,930,1726
2019-08-23T12:45:00+09:00,J2,460,370,830
2019-08-23T12:45:00+09:00,J3,984,781,1765
2019-08-23T12:45:00+09:00,J4,704,634,1338
2019-08-23T12:45:00+09:00,J5,251,209,460
2019-08-23T13:00:00+09:00,J1,828,929,1757
2019-08-23T13:00:00+09:00,J2,464,408,872
2019-08-23T13:00:00+09:00,J3,930,804,1734
2019-08-23T13:00:00+09:00,J4,673,683,1356
2019-08-23T13:00:00+09:00,J5,246,238,484
2019-08-23T13:15:00+09:00,J1,786,1046,1832
2019-08-23T13:15:00+09:00,J2,421,428,849
2019-08-23T13:15:00+09:00,J3,901,804,1705
2019-08-23T13:15:00+09:00,J4,679,632,1311
2019-08-23T13:15:00+09:00,J5,272,259,531
2019-08-23T13:30:00+09:00,J1,774,1067,1841
2019-08-23T13:30:00+09:00,J2,366,360,726
2019-08-23T13:30:00+09:00,J3,885,751,1636
2019-08-23T13:30:00+09:00,J4,723,654,1377
2019-08-23T13:30:00+09:00,J5,234,221,455
2019-08-23T13:45:00+09:00,J1,786,903,1689
2019-08-23T13:45:00+09:00,J2,300,325,625
2019-08-23T13:45:00+09:00,J3,843,750,1593
2019-08-23T13:45:00+09:00,J4,646,603,1249
2019-08-23T13:45:00+09:00,J5,228,179,407
2019-08-23T14:00:00+09:00,J1,736,943,1679
2019-08-23T14:00:00+09:00,J2,342,331,673
2019-08-23T14:00:00+09:00,J3,796,649,1445
2019-08-23T14:00:00+09:00,J4,625,486,1111
2019-08-23T14:00:00+09:00,J5,234,187,421
2019-08-23T14:15:00+09:00,J1,793,870,1663
2019-08-23T14:15:00+09:00,J2,403,315,718
2019-08-23T14:15:00+09:00,J3,737,700,1437
2019-08-23T14:15:00+09:00,J4,656,534,1190
2019-08-23T14:15:00+09:00,J5,266,172,438
2019-08-23T14:30:00+09:00,J1,775,903,1678
2019-08-23T14:30:00+09:00,J2,444,333,777
2019-08-23T14:30:00+09:00,J3,781,628,1409
2019-08-23T14:30:00+09:00,J4,704,594,1298
2019-08-23T14:30:00+09:00,J5,218,177,395
2019-08-23T14:45:00+09:00,J1,661,835,1496
2019-08-23T14:45:00+09:00,J2,369,301,670
2019-08-23T14:45:00+09:00,J3,768,609,1377
2019-08-23T14:45:00+09:00,J4,650,631,1281
2019-08-23T14:45:00+09:00,J5,220,154,374
2019-08-23T15:00:00+09:00,J1,660,791,1451
2019-08-23T15:00:00+09:00,J2,364,362,726
2019-08-23T15:00:00+09:00,J3,760,629,1389
2019-08-23T15:00:00+09:00,J4,642,604,1246
2019-08-23T15:00:00+09:00,J5,203,137,340
2019-08-23T15:15:00+09:00,J1,732,891,1623
2019-08-23T15:15:00+09:00,J2,447,385,832
2019-08-23T15:15:00+09:00,J3,772,707,1479
2019-08-23T15:15:00+09:00,J4,672,593,1265
2019-08-23T15:15:00+09:00,J5,233,206,439
2019-08-23T15:30:00+09:00,J1,720,835,1555
2019-08-23T15:30:00+09:00,J2,341,317,658
2019-08-23T15:30:00+09:00,J3,765,701,1466
2019-08-23T15:30:00+09:00,J4,625,590,1215
2019-08-23T15:30:00+09:00,J5,292,224,516
2019-08-23T15:45:00+09:00,J1,693,794,1487
2019-08-23T15:45:00+09:00,J2,408,350,758
2019-08-23T15:45:00+09:00,J3,707,609,1316
2019-08-23T15:45:00+09:00,J4,628,521,1149
2019-08-23T15:45:00+09:00,J5,231,232,463
2019-08-23T16:00:00+09:00,J1,674,791,1465
2019-08-23T16:00:00+09:00,J2,426,401,827
2019-08-23T16:00:00+09:00,J3,729,637,1366
2019-08-23T16:00:00+09:00,J4,611,559,1170
2019-08-23T16:00:00+09:00,J5,238,190,428
2019-08-23T16:15:00+09:00,J1,756,848,1604
2019-08-23T16:15:00+09:00,J2,441,410,851
2019-08-23T16:15:00+09:00,J3,794,666,1460
2019-08-23T16:15:00+09:00,J4,620,614,1234
2019-08-23T16:15:00+09:00,J5,246,253,499
2019-08-23T16:30:00+09:00,J1,723,827,1550
2019-08-23T16:30:00+09:00,J2,440,355,795
2019-08-23T16:30:00+09:00,J3,765,610,1375
2019-08-23T16:30:00+09:00,J4,638,593,1231
2019-08-23T16:30:00+09:00,J5,238,200,438
2019-08-23T16:45:00+09:00,J1,706,863,1569
2019-08-23T16:45:00+09:00,J2,396,396,792
2019-08-23T16:45:00+09:00,J3,780,726,1506
2019-08-23T16:45:00+09:00,J4,603,583,1186
2019-08-23T16:45:00+09:00,J5,286,223,509
2019-08-23T17:00:00+09:00,J1,742,871,1613
2019-08-23T17:00:00+09:00,J2,447,401,848
2019-08-23T17:00:00+09:00,J3,750,696,1446
2019-08-23T17:00:00+09:00,J4,641,602,1243
2019-08-23T17:00:00+09:00,J5,338,280,618
2019-08-23T17:15:00+09:00,J1,824,979,1803
2019-08-23T17:15:00+09:00,J2,534,390,924
2019-08-23T17:15:00+09:00,J3,863,798,1661
2019-08-23T17:15:00+09:00,J4,741,610,1351
2019-08-23T17:15:00+09:00,J5,308,342,650
2019-08-23T17:30:00+09:00,J1,847,1046,1893
2019-08-23T17:30:00+09:00,J2,572,423,995
2019-08-23T17:30:00+09:00,J3,1009,764,1773
2019-08-23T17:30:00+09:00,J4,858,645,1503
2019-08-23T17:30:00+09:00,J5,336,334,670
2019-08-23T17:45:00+09:00,J1,782,1042,1824
2019-08-23T17:45:00+09:00,J2,559,380,939
2019-08-23T17:45:00+09:00,J3,976,729,1705
2019-08-23T17:45:00+09:00,J4,878,621,1499
2019-08-23T17:45:00+09:00,J5,287,359,646
2019-08-23T18:00:00+09:00,J1,855,1083,1938
2019-08-23T18:00:00+09:00,J2,506,401,907
2019-08-23T18:00:00+09:00,J3,1018,773,1791
2019-08-23T18:00:00+09:00,J4,905,589,1494
2019-08-23T18:00:00+09:00,J5,305,313,618
2019-08-23T18:15:00+09:00,J1,874,1081,1955
2019-08-23T18:15:00+09:00,J2,562,349,911
2019-08-23T18:15:00+09:00,J3,961,706,1667
2019-08-23T18:15:00+09:00,J4,836,546,1382
2019-08-23T18:15:00+09:00,J5,313,381,694
2019-08-23T18:30:00+09:00,J1,814,931,1745
2019-08-23T18:30:00+09:00,J2,531,360,891
2019-08-23T18:30:00+09:00,J3,921,650,1571
2019-08-23T18:30:00+09:00,J4,797,533,1330
2019-08-23T18:30:00+09:00,J5,314,286,600
2019-08-23T18:45:00+09:00,J1,731,861,1592
2019-08-23T18:45:00+09:00,J2,494,324,818
2019-08-23T18:45:00+09:00,J3,800,551,1351
2019-08-23T18:45:00+09:00,J4,751,569,1320
2019-08-23T18:45:00+09:00,J5,363,285,648
2019-08-23T19:00:00+09:00,J1,736,888,1624
2019-08-23T19:00:00+09:00,J2,408,318,726
2019-08-23T19:00:00+09:00,J3,701,522,1223
2019-08-23T19:00:00+09:00,J4,762,564,1326
2019-08-23T19:00:00+09:00,J5,445,450,895
2019-08-23T19:15:00+09:00,J1,732,901,1633
2019-08-23T19:15:00+09:00,J2,445,342,787
2019-08-23T19:15:00+09:00,J3,756,505,1261
2019-08-23T19:15:00+09:00,J4,740,601,1341
2019-08-23T19:15:00+09:00,J5,468,448,916
2019-08-23T19:30:00+09:00,J1,718,838,1556
2019-08-23T19:30:00+09:00,J2,391,257,648
2019-08-23T19:30:00+09:00,J3,643,435,1078
2019-08-23T19:30:00+09:00,J4,721,581,1302
2019-08-23T19:30:00+09:00,J5,433,461,894
2019-08-23T19:45:00+09:00,J1,621,762,1383
2019-08-23T19:45:00+09:00,J2,431,326,757
2019-08-23T19:45:00+09:00,J3,611,417,1028
2019-08-23T19:45:00+09:00,J4,686,540,1226
2019-08-23T19:45:00+09:00,J5,458,501,959
2019-08-23T20:00:00+09:00,J1,648,735,1383
2019-08-23T20:00:00+09:00,J2,336,286,622
2019-08-23T20:00:00+09:00,J3,600,379,979
2019-08-23T20:00:00+09:00,J4,625,392,1017
2019-08-23T20:00:00+09:00,J5,377,451,828
2019-08-23T20:15:00+09:00,J1,558,764,1322
2019-08-23T20:15:00+09:00,J2,325,261,586
2019-08-23T20:15:00+09:00,J3,640,370,1010
2019-08-23T20:15:00+09:00,J4,660,455,1115
2019-08-23T20:15:00+09:00,J5,413,402,815
2019-08-23T20:30:00+09:00,J1,662,767,1429
2019-08-23T20:30:00+09:00,J2,297,205,502
2019-08-23T20:30:00+09:00,J3,581,422,1003
2019-08-23T20:30:00+09:00,J4,621,447,1068
2019-08-23T20:30:00+09:00,J5,371,378,749
2019-08-23T20:45:00+09:00,J1,647,699,1346
2019-08-23T20:45:00+09:00,J2,335,237,572
2019-08-23T20:45:00+09:00,J3,562,378,940
2019-08-23T20:45:00+09:00,J4,653,440,1093
2019-08-23T20:45:00+09:00,J5,408,381,789
2019-08-23T21:00:00+09:00,J1,678,664,1342
2019-08-23T21:00:00+09:00,J2,352,237,589
2019-08-23T21:00:00+09:00,J3,538,394,932
2019-08-23T21:00:00+09:00,J4,628,559,1187
2019-08-23T21:00:00+09:00,J5,359,457,816
2019-08-23T21:15:00+09:00,J1,659,730,1389
2019-08-23T21:15:00+09:00,J2,354,221,575
2019-08-23T21:15:00+09:00,J3,573,435,1008
2019-08-23T21:15:00+09:00,J4,736,498,1234
2019-08-23T21:15:00+09:00,J5,366,322,688
2019-08-23T21:30:00+09:00,J1,647,733,1380
2019-08-23T21:30:00+09:00,J2,304,208,512
2019-08-23T21:30:00+09:00,J3,596,420,1016
2019-08-23T21:30:00+09:00,J4,650,532,1182
2019-08-23T21:30:00+09:00,J5,271,259,530
2019-08-23T21:45:00+09:00,J1,557,633,1190
2019-08-23T21:45:00+09:00,J2,296,228,524
2019-08-23T21:45:00+09:00,J3,467,415,882
2019-08-23T21:45:00+09:00,J4,570,478,1048
2019-08-23T21:45:00+09:00,J5,356,377,733
2019-08-23T22:00:00+09:00,J1,564,595,1159
2019-08-23T22:00:00+09:00,J2,291,202,493
2019-08-23T22:00:00+09:00,J3,555,426,981
2019-08-23T22:00:00+09:00,J4,638,513,1151
2019-08-23T22:00:00+09:00,J5,362,401,763
2019-08-23T22:15:00+09:00,J1,514,614,1128
2019-08-23T22:15:00+09:00,J2,284,201,485
2019-08-23T22:15:00+09:00,J3,438,365,803
2019-08-23T22:15:00+09:00,J4,546,468,1014
2019-08-23T22:15:00+09:00,J5,438,487,925
2019-08-23T22:30:00+09:00,J1,471,576,1047
2019-08-23T22:30:00+09:00,J2,215,237,452
2019-08-23T22:30:00+09:00,J3,432,386,818
2019-08-23T22:30:00+09:00,J4,541,513,1054
2019-08-23T22:30:00+09:00,J5,332,380,712
2019-08-23T22:45:00+09:00,J1,481,523,1004
2019-08-23T22:45:00+09:00,J2,179,239,418
2019-08-23T22:45:00+09:00,J3,447,364,811
2019-08-23T22:45:00+09:00,J4,493,458,951
2019-08-23T22:45:00+09:00,J5,199,161,360
2019-08-23T23:00:00+09:00,J1,456,483,939
2019-08-23T23:00:00+09:00,J2,251,265,516
2019-08-23T23:00:00+09:00,J3,462,419,881
2019-08-23T23:00:00+09:00,J4,650,521,1171
2019-08-23T23:00:00+09:00,J5,167,136,303
2019-08-23T23:15:00+09:00,J1,454,495,949
2019-08-23T23:15:00+09:00,J2,266,289,555
2019-08-23T23:15:00+09:00,J3,464,385,849
2019-08-23T23:15:00+09:00,J4,582,546,1128
2019-08-23T23:15:00+09:00,J5,209,169,378
2019-08-23T23:30:00+09:00,J1,394,449,843
2019-08-23T23:30:00+09:00,J2,255,228,483
2019-08-23T23:30:00+09:00,J3,433,341,774
2019-08-23T23:30:00+09:00,J4,484,470,954
2019-08-23T23:30:00+09:00,J5,204,189,393
2019-08-23T23:45:00+09:00,J1,366,403,769
2019-08-23T23:45:00+09:00,J2,206,221,427
2019-08-23T23:45:00+09:00,J3,483,346,829
2019-08-23T23:45:00+09:00,J4,464,461,925
2019-08-23T23:45:00+09:00,J5,184,132,316
2019-08-24T00:00:00+09:00,J1,405,370,775
2019-08-24T00:00:00+09:00,J2,251,233,484
2019-08-24T00:00:00+09:00,J3,323,268,591
2019-08-24T00:00:00+09:00,J4,331,316,647
2019-08-24T00:00:00+09:00,J5,243,160,403
2019-08-24T00:15:00+09:00,J1,175,202,377
2019-08-24T00:15:00+09:00,J2,233,187,420
2019-08-24T00:15:00+09:00,J3,254,239,493
2019-08-24T00:15:00+09:00,J4,242,218,460
2019-08-24T00:15:00+09:00,J5,298,324,622
2019-08-24T00:30:00+09:00,J1,248,209,457
2019-08-24T00:30:00+09:00,J2,175,180,355
2019-08-24T00:30:00+09:00,J3,259,270,529
2019-08-24T00:30:00+09:00,J4,185,216,401
2019-08-24T00:30:00+09:00,J5,259,256,515
2019-08-24T00:45:00+09:00,J1,275,283,558
2019-08-24T00:45:00+09:00,J2,137,137,274
2019-08-24T00:45:00+09:00,J3,258,226,484
2019-08-24T00:45:00+09:00,J4,251,235,486
2019-08-24T00:45:00+09:00,J5,205,202,407
2019-08-24T05:45:00+09:00,J1,284,272,556
2019-08-24T05:45:00+09:00,J2,237,206,443
2019-08-24T05:45:00+09:00,J3,309,273,582
2019-08-24T05:45:00+09:00,J4,350,325,675
2019-08-24T05:45:00+09:00,J5,215,205,420
2019-08-24T06:00:00+09:00,J1,275,242,517
2019-08-24T06:00:00+09:00,J2,169,180,349
2019-08-24T06:00:00+09:00,J3,235,191,426
2019-08-24T06:00:00+09:00,J4,280,298,578
2019-08-24T06:00:00+09:00,J5,240,277,517
2019-08-24T06:15:00+09:00,J1,359,342,701
2019-08-24T06:15:00+09:00,J2,190,231,421
2019-08-24T06:15:00+09:00,J3,237,178,415
2019-08-24T06:15:00+09:00,J4,310,304,614
2019-08-24T06:15:00+09:00,J5,304,391,695
2019-08-24T06:30:00+09:00,J1,335,269,604
2019-08-24T06:30:00+09:00,J2,176,188,364
2019-08-24T06:30:00+09:00,J3,218,152,370
2019-08-24T06:30:00+09:00,J4,278,248,526
2019-08-24T06:30:00+09:00,J5,292,358,650
2019-08-24T06:45:00+09:00,J1,293,295,588
2019-08-24T06:45:00+09:00,J2,263,284,547
2019-08-24T06:45:00+09:00,J3,259,159,418
2019-08-24T06:45:00+09:00,J4,252,232,484
2019-08-24T06:45:00+09:00,J5,274,334,608
2019-08-24T07:00:00+09:00,J1,306,314,620
2019-08-24T07:00:00+09:00,J2,233,277,510
2019-08-24T07:00:00+09:00,J3,275,194,469
2019-08-24T07:00:00+09:00,J4,320,307,627
2019-08-24T07:00:00+09:00,J5,322,394,716
2019-08-24T07:15:00+09:00,J1,331,346,677
2019-08-24T07:15:00+09:00,J2,233,234,467
2019-08-24T07:15:00+09:00,J3,283,233,516
2019-08-24T07:15:00+09:00,J4,330,371,701
2019-08-24T07:15:00+09:00,J5,363,334,697
2019-08-24T07:30:00+09:00,J1,417,363,780
2019-08-24T07:30:00+09:00,J2,269,252,521
2019-08-24T07:30:00+09:00,J3,373,309,682
2019-08-24T07:30:00+09:00,J4,424,385,809
2019-08-24T07:30:00+09:00,J5,387,409,796
2019-08-24T07:45:00+09:00,J1,518,452,970
2019-08-24T07:45:00+09:00,J2,268,275,543
2019-08-24T07:45:00+09:00,J3,421,315,736
2019-08-24T07:45:00+09:00,J4,498,465,963
2019-08-24T07:45:00+09:00,J5,334,351,685
2019-08-24T08:00:00+09:00,J1,556,548,1104
2019-08-24T08:00:00+09:00,J2,366,295,661
2019-08-24T08:00:00+09:00,J3,544,448,992
2019-08-24T08:00:00+09:00,J4,472,545,1017
2019-08-24T08:00:00+09:00,J5,241,205,446
2019-08-24T08:15:00+09:00,J1,655,619,1274
2019-08-24T08:15:00+09:00,J2,429,302,731
2019-08-24T08:15:00+09:00,J3,454,413,867
2019-08-24T08:15:00+09:00,J4,526,633,1159
2019-08-24T08:15:00+09:00,J5,244,183,427
2019-08-24T08:30:00+09:00,J1,661,510,1171
2019-08-24T08:30:00+09:00,J2,367,325,692
2019-08-24T08:30:00+09:00,J3,438,434,872
2019-08-24T08:30:00+09:00,J4,502,617,1119
2019-08-24T08:30:00+09:00,J5,208,202,410
2019-08-24T08:45:00+09:00,J1,625,558,1183
2019-08-24T08:45:00+09:00,J2,358,331,689
2019-08-24T08:45:00+09:00,J3,408,427,835
2019-08-24T08:45:00+09:00,J4,528,594,1122
2019-08-24T08:45:00+09:00,J5,257,170,427
2019-08-24T09:00:00+09:00,J1,535,439,974
2019-08-24T09:00:00+09:00,J2,496,475,971
2019-08-24T09:00:00+09:00,J3,511,423,934
2019-08-24T09:00:00+09:00,J4,562,590,1152
2019-08-24T09:00:00+09:00,J5,235,187,422
2019-08-24T09:15:00+09:00,J1,602,503,1105
2019-08-24T09:15:00+09:00,J2,370,310,680
2019-08-24T09:15:00+09:00,J3,497,448,945
2019-08-24T09:15:00+09:00,J4,535,533,1068
2019-08-24T09:15:00+09:00,J5,200,172,372
2019-08-24T09:30:00+09:00,J1,625,484,1109
2019-08-24T09:30:00+09:00,J2,354,308,662
2019-08-24T09:30:00+09:00,J3,511,503,1014
2019-08-24T09:30:00+09:00,J4,585,611,1196
2019-08-24T09:30:00+09:00,J5,198,194,392
2019-08-24T09:45:00+09:00,J1,639,498,1137
2019-08-24T09:45:00+09:00,J2,422,342,764
2019-08-24T09:45:00+09:00,J3,498,503,1001
2019-08-24T09:45:00+09:00,J4,532,563,1095
2019-08-24T09:45:00+09:00,J5,231,168,399
2019-08-24T10:00:00+09:00,J1,614,580,1194
2019-08-24T10:00:00+09:00,J2,463,379,842
2019-08-24T10:00:00+09:00,J3,465,389,854
2019-08-24T10:00:00+09:00,J4,594,608,1202
2019-08-24T10:00:00+09:00,J5,208,190,398
2019-08-24T10:15:00+09:00,J1,660,609,1269
2019-08-24T10:15:00+09:00,J2,531,349,880
2019-08-24T10:15:00+09:00,J3,522,490,1012
2019-08-24T10:15:00+09:00,J4,606,580,1186
2019-08-24T10:15:00+09:00,J5,216,185,401
2019-08-24T10:30:00+09:00,J1,685,569,1254
2019-08-24T10:30:00+09:00,J2,440,364,804
2019-08-24T10:30:00+09:00,J3,624,563,1187
2019-08-24T10:30:00+09:00,J4,635,587,1222
2019-08-24T10:30:00+09:00,J5,273,167,440
2019-08-24T10:45:00+09:00,J1,661,616,1277
2019-08-24T10:45:00+09:00,J2,479,302,781
2019-08-24T10:45:00+09:00,J3,557,627,1184
2019-08-24T10:45:00+09:00,J4,635,525,1160
2019-08-24T10:45:00+09:00,J5,224,204,428
2019-08-24T11:00:00+09:00,J1,760,659,1419
2019-08-24T11:00:00+09:00,J2,449,352,801
2019-08-24T11:00:00+09:00,J3,711,660,1371
2019-08-24T11:00:00+09:00,J4,601,541,1142
2019-08-24T11:00:00+09:00,J5,245,214,459
2019-08-24T11:15:00+09:00,J1,787,662,1449
2019-08-24T11:15:00+09:00,J2,484,354,838
2019-08-24T11:15:00+09:00,J3,607,625,1232
2019-08-24T11:15:00+09:00,J4,605,517,1122
2019-08-24T11:15:00+09:00,J5,247,232,479
2019-08-24T11:30:00+09:00,J1,670,694,1364
2019-08-24T11:30:00+09:00,J2,451,349,800
2019-08-24T11:30:00+09:00,J3,605,645,1250
2019-08-24T11:30:00+09:00,J4,510,513,1023
2019-08-24T11:30:00+09:00,J5,268,209,477
2019-08-24T11:45:00+09:00,J1,663,685,1348
2019-08-24T11:45:00+09:00,J2,445,363,808
2019-08-24T11:45:00+09:00,J3,641,643,1284
2019-08-24T11:45:00+09:00,J4,547,518,1065
2019-08-24T11:45:00+09:00,J5,245,207,452
2019-08-24T12:00:00+09:00,J1,710,693,1403
2019-08-24T12:00:00+09:00,J2,503,347,850
2019-08-24T12:00:00+09:00,J3,574,677,1251
2019-08-24T12:00:00+09:00,J4,609,554,1163
2019-08-24T12:00:00+09:00,J5,230,223,453
2019-08-24T12:15:00+09:00,J1,733,682,1415
2019-08-24T12:15:00+09:00,J2,557,370,927
2019-08-24T12:15:00+09:00,J3,686,624,1310
2019-08-24T12:15:00+09:00,J4,597,545,1142
2019-08-24T12:15:00+09:00,J5,218,201,419
2019-08-24T12:30:00+09:00,J1,720,749,1469
2019-08-24T12:30:00+09:00,J2,569,372,941
2019-08-24T12:30:00+09:00,J3,629,535,1164
2019-08-24T12:30:00+09:00,J4,565,574,1139
2019-08-24T12:30:00+09:00,J5,233,175,408
2019-08-24T12:45:00+09:00,J1,741,716,1457
2019-08-24T12:45:00+09:00,J2,581,408,989
2019-08-24T12:45:00+09:00,J3,621,544,1165
2019-08-24T12:45:00+09:00,J4,536,534,1070
2019-08-24T12:45:00+09:00,J5,208,221,429
2019-08-24T13:00:00+09:00,J1,660,728,1388
2019-08-24T13:00:00+09:00,J2,582,396,978
2019-08-24T13:00:00+09:00,J3,656,509,1165
2019-08-24T13:00:00+09:00,J4,580,520,1100
2019-08-24T13:00:00+09:00,J5,198,236,434
2019-08-24T13:15:00+09:00,J1,687,778,1465
2019-08-24T13:15:00+09:00,J2,534,373,907
2019-08-24T13:15:00+09:00,J3,610,555,1165
2019-08-24T13:15:00+09:00,J4,650,557,1207
2019-08-24T13:15:00+09:00,J5,174,252,426
2019-08-24T13:30:00+09:00,J1,704,746,1450
2019-08-24T13:30:00+09:00,J2,518,418,936
2019-08-24T13:30:00+09:00,J3,666,579,1245
2019-08-24T13:30:00+09:00,J4,577,535,1112
2019-08-24T13:30:00+09:00,J5,239,197,436
2019-08-24T13:45:00+09:00,J1,632,726,1358
2019-08-24T13:45:00+09:00,J2,615,425,1040
2019-08-24T13:45:00+09:00,J3,589,581,1170
2019-08-24T13:45:00+09:00,J4,602,582,1184
2019-08-24T13:45:00+09:00,J5,209,197,406
2019-08-24T14:00:00+09:00,J1,717,819,1536
2019-08-24T14:00:00+09:00,J2,558,375,933
2019-08-24T14:00:00+09:00,J3,697,532,1229
2019-08-24T14:00:00+09:00,J4,634,565,1199
2019-08-24T14:00:00+09:00,J5,227,218,445
2019-08-24T14:15:00+09:00,J1,710,776,1486
2019-08-24T14:15:00+09:00,J2,614,420,1034
2019-08-24T14:15:00+09:00,J3,589,541,1130
2019-08-24T14:15:00+09:00,J4,624,638,1262
2019-08-24T14:15:00+09:00,J5,212,202,414
2019-08-24T14:30:00+09:00,J1,699,800,1499
2019-08-24T14:30:00+09:00,J2,542,412,954
2019-08-24T14:30:00+09:00,J3,631,622,1253
2019-08-24T14:30:00+09:00,J4,639,580,1219
2019-08-24T14:30:00+09:00,J5,234,232,466
2019-08-24T14:45:00+09:00,J1,696,808,1504
2019-08-24T14:45:00+09:00,J2,570,400,970
2019-08-24T14:45:00+09:00,J3,654,621,1275
2019-08-24T14:45:00+09:00,J4,648,560,1208
2019-08-24T14:45:00+09:00,J5,240,192,432
2019-08-24T15:00:00+09:00,J1,776,911,1687
2019-08-24T15:00:00+09:00,J2,550,392,942
2019-08-24T15:00:00+09:00,J3,610,570,1180
2019-08-24T15:00:00+09:00,J4,581,538,1119
2019-08-24T15:00:00+09:00,J5,239,185,424
2019-08-24T15:15:00+09:00,J1,764,877,1641
2019-08-24T15:15:00+09:00,J2,563,436,999
2019-08-24T15:15:00+09:00,J3,701,588,1289
2019-08-24T15:15:00+09:00,J4,616,521,1137
2019-08-24T15:15:00+09:00,J5,234,275,509
2019-08-24T15:30:00+09:00,J1,751,861,1612
2019-08-24T15:30:00+09:00,J2,560,390,950
2019-08-24T15:30:00+09:00,J3,724,649,1373
2019-08-24T15:30:00+09:00,J4,520,436,956
2019-08-24T15:30:00+09:00,J5,231,197,428
2019-08-24T15:45:00+09:00,J1,731,895,1626
2019-08-24T15:45:00+09:00,J2,559,481,1040
2019-08-24T15:45:00+09:00,J3,661,664,1325
2019-08-24T15:45:00+09:00,J4,474,479,953
2019-08-24T15:45:00+09:00,J5,216,241,457
2019-08-24T16:00:00+09:00,J1,784,911,1695
2019-08-24T16:00:00+09:00,J2,544,419,963
2019-08-24T16:00:00+09:00,J3,693,687,1380
2019-08-24T16:00:00+09:00,J4,527,447,974
2019-08-24T16:00:00+09:00,J5,241,199,440
2019-08-24T16:15:00+09:00,J1,747,910,1657
2019-08-24T16:15:00+09:00,J2,655,435,1090
2019-08-24T16:15:00+09:00,J3,671,616,1287
2019-08-24T16:15:00+09:00,J4,576,492,1068
2019-08-24T16:15:00+09:00,J5,262,223,485
2019-08-24T16:30:00+09:00,J1,804,854,1658
2019-08-24T16:30:00+09:00,J2,595,434,1029
2019-08-24T16:30:00+09:00,J3,663,581,1244
2019-08-24T16:30:00+09:00,J4,615,487,1102
2019-08-24T16:30:00+09:00,J5,339,299,638
2019-08-24T16:45:00+09:00,J1,733,835,1568
2019-08-24T16:45:00+09:00,J2,553,437,990
2019-08-24T16:45:00+09:00,J3,619,595,1214
2019-08-24T16:45:00+09:00,J4,629,516,1145
2019-08-24T16:45:00+09:00,J5,342,253,595
2019-08-24T17:00:00+09:00,J1,780,815,1595
2019-08-24T17:00:00+09:00,J2,617,422,1039
2019-08-24T17:00:00+09:00,J3,697,625,1322
2019-08-24T17:00:00+09:00,J4,559,523,1082
2019-08-24T17:00:00+09:00,J5,317,277,594
2019-08-24T17:15:00+09:00,J1,855,821,1676
2019-08-24T17:15:00+09:00,J2,578,422,1000
2019-08-24T17:15:00+09:00,J3,687,626,1313
2019-08-24T17:15:00+09:00,J4,591,443,1034
2019-08-24T17:15:00+09:00,J5,277,275,552
2019-08-24T17:30:00+09:00,J1,744,841,1585
2019-08-24T17:30:00+09:00,J2,597,390,987
2019-08-24T17:30:00+09:00,J3,735,600,1335
2019-08-24T17:30:00+09:00,J4,641,461,1102
2019-08-24T17:30:00+09:00,J5,327,320,647
2019-08-24T17:45:00+09:00,J1,698,750,1448
2019-08-24T17:45:00+09:00,J2,500,398,898
2019-08-24T17:45:00+09:00,J3,636,627,1263
2019-08-24T17:45:00+09:00,J4,616,528,1144
2019-08-24T17:45:00+09:00,J5,366,317,683
2019-08-24T18:00:00+09:00,J1,783,803,1586
2019-08-24T18:00:00+09:00,J2,564,428,992
2019-08-24T18:00:00+09:00,J3,776,596,1372
2019-08-24T18:00:00+09:00,J4,681,470,1151
2019-08-24T18:00:00+09:00,J5,302,295,597
2019-08-24T18:15:00+09:00,J1,823,869,1692
2019-08-24T18:15:00+09:00,J2,555,433,988
2019-08-24T18:15:00+09:00,J3,767,641,1408
2019-08-24T18:15:00+09:00,J4,707,482,1189
2019-08-24T18:15:00+09:00,J5,363,343,706
2019-08-24T18:30:00+09:00,J1,754,842,1596
2019-08-24T18:30:00+09:00,J2,508,451,959
2019-08-24T18:30:00+09:00,J3,743,560,1303
2019-08-24T18:30:00+09:00,J4,652,480,1132
2019-08-24T18:30:00+09:00,J5,368,329,697
2019-08-24T18:45:00+09:00,J1,745,780,1525
2019-08-24T18:45:00+09:00,J2,434,457,891
2019-08-24T18:45:00+09:00,J3,672,578,1250
2019-08-24T18:45:00+09:00,J4,701,493,1194
2019-08-24T18:45:00+09:00,J5,425,427,852
2019-08-24T19:00:00+09:00,J1,766,846,1612
2019-08-24T19:00:00+09:00,J2,439,371,810
2019-08-24T19:00:00+09:00,J3,653,538,1191
2019-08-24T19:00:00+09:00,J4,666,491,1157
2019-08-24T19:00:00+09:00,J5,553,490,1043
2019-08-24T19:15:00+09:00,J1,748,844,1592
2019-08-24T19:15:00+09:00,J2,475,436,911
2019-08-24T19:15:00+09:00,J3,746,590,1336
2019-08-24T19:15:00+09:00,J4,602,546,1148
2019-08-24T19:15:00+09:00,J5,605,627,1232
2019-08-24T19:30:00+09:00,J1,729,793,1522
2019-08-24T19:30:00+09:00,J2,387,460,847
2019-08-24T19:30:00+09:00,J3,687,579,1266
2019-08-24T19:30:00+09:00,J4,642,507,1149
2019-08-24T19:30:00+09:00,J5,453,517,970
2019-08-24T19:45:00+09:00,J1,600,637,1237
2019-08-24T19:45:00+09:00,J2,388,389,777
2019-08-24T19:45:00+09:00,J3,534,415,949
2019-08-24T19:45:00+09:00,J4,635,520,1155
2019-08-24T19:45:00+09:00,J5,417,379,796
2019-08-24T20:00:00+09:00,J1,655,694,1349
2019-08-24T20:00:00+09:00,J2,374,312,686
2019-08-24T20:00:00+09:00,J3,532,430,962
2019-08-24T20:00:00+09:00,J4,685,525,1210
2019-08-24T20:00:00+09:00,J5,394,337,731
2019-08-24T20:15:00+09:00,J1,641,677,1318
2019-08-24T20:15:00+09:00,J2,429,394,823
2019-08-24T20:15:00+09:00,J3,595,455,1050
2019-08-24T20:15:00+09:00,J4,608,549,1157
2019-08-24T20:15:00+09:00,J5,463,381,844
2019-08-24T20:30:00+09:00,J1,653,752,1405
2019-08-24T20:30:00+09:00,J2,375,414,789
2019-08-24T20:30:00+09:00,J3,615,507,1122
2019-08-24T20:30:00+09:00,J4,664,566,1230
2019-08-24T20:30:00+09:00,J5,520,531,1051
2019-08-24T20:45:00+09:00,J1,599,666,1265
2019-08-24T20:45:00+09:00,J2,336,386,722
2019-08-24T20:45:00+09:00,J3,551,489,1040
2019-08-24T20:45:00+09:00,J4,646,530,1176
2019-08-24T20:45:00+09:00,J5,481,516,997
2019-08-24T21:00:00+09:00,J1,690,755,1445
2019-08-24T21:00:00+09:00,J2,304,345,649
2019-08-24T21:00:00+09:00,J3,556,471,1027
2019-08-24T21:00:00+09:00,J4,615,508,1123
2019-08-24T21:00:00+09:00,J5,443,552,995
2019-08-24T21:15:00+09:00,J1,740,779,1519
2019-08-24T21:15:00+09:00,J2,269,341,610
2019-08-24T21:15:00+09:00,J3,561,441,1002
2019-08-24T21:15:00+09:00,J4,668,502,1170
2019-08-24T21:15:00+09:00,J5,453,479,932
2019-08-24T21:30:00+09:00,J1,697,761,1458
2019-08-24T21:30:00+09:00,J2,256,347,603
2019-08-24T21:30:00+09:00,J3,528,443,971
2019-08-24T21:30:00+09:00,J4,527,480,1007
2019-08-24T21:30:00+09:00,J5,436,544,980
2019-08-24T21:45:00+09:00,J1,751,748,1499
2019-08-24T21:45:00+09:00,J2,260,369,629
2019-08-24T21:45:00+09:00,J3,537,504,1041
2019-08-24T21:45:00+09:00,J4,556,503,1059
2019-08-24T21:45:00+09:00,J5,430,492,922
2019-08-24T22:00:00+09:00,J1,726,785,1511
2019-08-24T22:00:00+09:00,J2,253,420,673
2019-08-24T22:00:00+09:00,J3,575,493,1068
2019-08-24T22:00:00+09:00,J4,600,582,1182
2019-08-24T22:00:00+09:00,J5,444,438,882
2019-08-24T22:15:00+09:00,J1,697,746,1443
2019-08-24T22:15:00+09:00,J2,249,338,587
2019-08-24T22:15:00+09:00,J3,502,487,989
2019-08-24T22:15:00+09:00,J4,532,438,970
2019-08-24T22:15:00+09:00,J5,401,460,861
2019-08-24T22:30:00+09:00,J1,568,654,1222
2019-08-24T22:30:00+09:00,J2,267,313,580
2019-08-24T22:30:00+09:00,J3,520,476,996
2019-08-24T22:30:00+09:00,J4,554,523,1077
2019-08-24T22:30:00+09:00,J5,350,379,729
2019-08-24T22:45:00+09:00,J1,614,690,1304
2019-08-24T22:45:00+09:00,J2,242,302,544
2019-08-24T22:45:00+09:00,J3,472,432,904
2019-08-24T22:45:00+09:00,J4,462,426,888
2019-08-24T22:45:00+09:00,J5,284,228,512
2019-08-24T23:00:00+09:00,J1,588,663,1251
2019-08-24T23:00:00+09:00,J2,233,290,523
2019-08-24T23:00:00+09:00,J3,458,409,867
2019-08-24T23:00:00+09:00,J4,484,416,900
2019-08-24T23:00:00+09:00,J5,187,182,369
2019-08-24T23:15:00+09:00,J1,587,645,1232
2019-08-24T23:15:00+09:00,J2,246,289,535
2019-08-24T23:15:00+09:00,J3,424,446,870
2019-08-24T23:15:00+09:00,J4,500,510,1010
2019-08-24T23:15:00+09:00,J5,194,197,391
2019-08-24T23:30:00+09:00,J1,671,801,1472
2019-08-24T23:30:00+09:00,J2,228,315,543
2019-08-24T23:30:00+09:00,J3,504,411,915
2019-08-24T23:30:00+09:00,J4,420,375,795
2019-08-24T23:30:00+09:00,J5,243,176,419
2019-08-24T23:45:00+09:00,J1,641,685,1326
2019-08-24T23:45:00+09:00,J2,218,282,500
2019-08-24T23:45:00+09:00,J3,475,375,850
2019-08-24T23:45:00+09:00,J4,407,383,790
2019-08-24T23:45:00+09:00,J5,242,182,424
2019-08-25T00:00:00+09:00,J1,484,458,942
2019-08-25T00:00:00+09:00,J2,250,226,476
2019-08-25T00:00:00+09:00,J3,384,300,684
2019-08-25T00:00:00+09:00,J4,380,340,720
2019-08-25T00:00:00+09:00,J5,225,199,424
2019-08-25T00:15:00+09:00,J1,239,267,506
2019-08-25T00:15:00+09:00,J2,192,172,364
2019-08-25T00:15:00+09:00,J3,241,254,495
2019-08-25T00:15:00+09:00,J4,254,243,497
2019-08-25T00:15:00+09:00,J5,282,304,586
2019-08-25T00:30:00+09:00,J1,222,180,402
2019-08-25T00:30:00+09:00,J2,216,203,419
2019-08-25T00:30:00+09:00,J3,279,253,532
2019-08-25T00:30:00+09:00,J4,167,159,326
2019-08-25T00:30:00+09:00,J5,267,210,477
2019-08-25T00:45:00+09:00,J1,288,262,550
2019-08-25T00:45:00+09:00,J2,217,176,393
2019-08-25T00:45:00+09:00,J3,272,317,589
2019-08-25T00:45:00+09:00,J4,172,153,325
2019-08-25T00:45:00+09:00,J5,206,214,420
2019-08-25T05:45:00+09:00,J1,480,580,1060
2019-08-25T05:45:00+09:00,J2,171,170,341
2019-08-25T05:45:00+09:00,J3,344,271,615
2019-08-25T05:45:00+09:00,J4,448,419,867
2019-08-25T05:45:00+09:00,J5,118,161,279
2019-08-25T06:00:00+09:00,J1,409,427,836
2019-08-25T06:00:00+09:00,J2,200,186,386
2019-08-25T06:00:00+09:00,J3,370,339,709
2019-08-25T06:00:00+09:00,J4,393,415,808
2019-08-25T06:00:00+09:00,J5,141,200,341
2019-08-25T06:15:00+09:00,J1,387,428,815
2019-08-25T06:15:00+09:00,J2,212,216,428
2019-08-25T06:15:00+09:00,J3,411,388,799
2019-08-25T06:15:00+09:00,J4,374,415,789
2019-08-25T06:15:00+09:00,J5,194,229,423
2019-08-25T06:30:00+09:00,J1,457,554,1011
2019-08-25T06:30:00+09:00,J2,235,231,466
2019-08-25T06:30:00+09:00,J3,365,354,719
2019-08-25T06:30:00+09:00,J4,379,437,816
2019-08-25T06:30:00+09:00,J5,161,221,382
2019-08-25T06:45:00+09:00,J1,501,505,1006
2019-08-25T06:45:00+09:00,J2,261,188,449
2019-08-25T06:45:00+09:00,J3,381,311,692
2019-08-25T06:45:00+09:00,J4,298,302,600
2019-08-25T06:45:00+09:00,J5,168,218,386
2019-08-25T07:00:00+09:00,J1,687,624,1311
2019-08-25T07:00:00+09:00,J2,238,202,440
2019-08-25T07:00:00+09:00,J3,418,388,806
2019-08-25T07:00:00+09:00,J4,405,443,848
2019-08-25T07:00:00+09:00,J5,209,262,471
2019-08-25T07:15:00+09:00,J1,746,556,1302
2019-08-25T07:15:00+09:00,J2,317,214,531
2019-08-25T07:15:00+09:00,J3,548,344,892
2019-08-25T07:15:00+09:00,J4,362,371,733
2019-08-25T07:15:00+09:00,J5,289,251,540
2019-08-25T07:30:00+09:00,J1,723,558,1281
2019-08-25T07:30:00+09:00,J2,307,202,509
2019-08-25T07:30:00+09:00,J3,528,308,836
2019-08-25T07:30:00+09:00,J4,571,496,1067
2019-08-25T07:30:00+09:00,J5,287,305,592
2019-08-25T07:45:00+09:00,J1,618,486,1104
2019-08-25T07:45:00+09:00,J2,333,224,557
2019-08-25T07:45:00+09:00,J3,529,336,865
2019-08-25T07:45:00+09:00,J4,663,647,1310
2019-08-25T07:45:00+09:00,J5,320,348,668
2019-08-25T08:00:00+09:00,J1,694,623,1317
2019-08-25T08:00:00+09:00,J2,278,266,544
2019-08-25T08:00:00+09:00,J3,659,477,1136
2019-08-25T08:00:00+09:00,J4,653,674,1327
2019-08-25T08:00:00+09:00,J5,424,420,844
2019-08-25T08:15:00+09:00,J1,613,547,1160
2019-08-25T08:15:00+09:00,J2,307,272,579
2019-08-25T08:15:00+09:00,J3,679,611,1290
2019-08-25T08:15:00+09:00,J4,676,715,1391
2019-08-25T08:15:00+09:00,J5,386,414,800
2019-08-25T08:30:00+09:00,J1,669,601,1270
2019-08-25T08:30:00+09:00,J2,243,172,415
2019-08-25T08:30:00+09:00,J3,694,623,1317
2019-08-25T08:30:00+09:00,J4,596,591,1187
2019-08-25T08:30:00+09:00,J5,324,416,740
2019-08-25T08:45:00+09:00,J1,574,650,1224
2019-08-25T08:45:00+09:00,J2,221,240,461
2019-08-25T08:45:00+09:00,J3,653,625,1278
2019-08-25T08:45:00+09:00,J4,404,368,772
2019-08-25T08:45:00+09:00,J5,331,393,724
2019-08-25T09:00:00+09:00,J1,645,694,1339
2019-08-25T09:00:00+09:00,J2,271,364,635
2019-08-25T09:00:00+09:00,J3,559,667,1226
2019-08-25T09:00:00+09:00,J4,387,476,863
2019-08-25T09:00:00+09:00,J5,313,373,686
2019-08-25T09:15:00+09:00,J1,657,792,1449
2019-08-25T09:15:00+09:00,J2,361,311,672
2019-08-25T09:15:00+09:00,J3,579,605,1184
2019-08-25T09:15:00+09:00,J4,433,472,905
2019-08-25T09:15:00+09:00,J5,382,383,765
2019-08-25T09:30:00+09:00,J1,782,792,1574
2019-08-25T09:30:00+09:00,J2,381,275,656
2019-08-25T09:30:00+09:00,J3,545,574,1119
2019-08-25T09:30:00+09:00,J4,453,522,975
2019-08-25T09:30:00+09:00,J5,396,406,802
2019-08-25T09:45:00+09:00,J1,687,649,1336
2019-08-25T09:45:00+09:00,J2,428,324,752
2019-08-25T09:45:00+09:00,J3,597,617,1214
2019-08-25T09:45:00+09:00,J4,457,473,930
2019-08-25T09:45:00+09:00,J5,413,345,758
2019-08-25T10:00:00+09:00,J1,581,572,1153
2019-08-25T10:00:00+09:00,J2,329,223,552
2019-08-25T10:00:00+09:00,J3,537,486,1023
2019-08-25T10:00:00+09:00,J4,479,414,893
2019-08-25T10:00:00+09:00,J5,393,383,776
2019-08-25T10:15:00+09:00,J1,691,660,1351
2019-08-25T10:15:00+09:00,J2,404,309,713
2019-08-25T10:15:00+09:00,J3,652,581,1233
2019-08-25T10:15:00+09:00,J4,551,532,1083
2019-08-25T10:15:00+09:00,J5,425,423,848
2019-08-25T10:30:00+09:00,J1,833,808,1641
2019-08-25T10:30:00+09:00,J2,382,310,692
2019-08-25T10:30:00+09:00,J3,653,540,1193
2019-08-25T10:30:00+09:00,J4,635,547,1182
2019-08-25T10:30:00+09:00,J5,330,309,639
2019-08-25T10:45:00+09:00,J1,774,650,1424
2019-08-25T10:45:00+09:00,J2,359,292,651
2019-08-25T10:45:00+09:00,J3,646,571,1217
2019-08-25T10:45:00+09:00,J4,684,619,1303
2019-08-25T10:45:00+09:00,J5,354,298,652
2019-08-25T11:00:00+09:00,J1,665,714,1379
2019-08-25T11:00:00+09:00,J2,286,273,559
2019-08-25T11:00:00+09:00,J3,703,591,1294
2019-08-25T11:00:00+09:00,J4,627,622,1249
2019-08-25T11:00:00+09:00,J5,308,284,592
2019-08-25T11:15:00+09:00,J1,674,672,1346
2019-08-25T11:15:00+09:00,J2,347,285,632
2019-08-25T11:15:00+09:00,J3,761,669,1430
2019-08-25T11:15:00+09:00,J4,664,672,1336
2019-08-25T11:15:00+09:00,J5,358,317,675
2019-08-25T11:30:00+09:00,J1,751,758,1509
2019-08-25T11:30:00+09:00,J2,307,249,556
2019-08-25T11:30:00+09:00,J3,727,668,1395
2019-08-25T11:30:00+09:00,J4,655,703,1358
2019-08-25T11:30:00+09:00,J5,361,308,669
2019-08-25T11:45:00+09:00,J1,689,676,1365
2019-08-25T11:45:00+09:00,J2,318,245,563
2019-08-25T11:45:00+09:00,J3,849,656,1505
2019-08-25T11:45:00+09:00,J4,655,637,1292
2019-08-25T11:45:00+09:00,J5,449,387,836
2019-08-25T12:00:00+09:00,J1,673,640,1313
2019-08-25T12:00:00+09:00,J2,327,292,619
2019-08-25T12:00:00+09:00,J3,777,731,1508
2019-08-25T12:00:00+09:00,J4,639,570,1209
2019-08-25T12:00:00+09:00,J5,420,408,828
2019-08-25T12:15:00+09:00,J1,643,671,1314
2019-08-25T12:15:00+09:00,J2,362,262,624
2019-08-25T12:15:00+09:00,J3,799,707,1506
2019-08-25T12:15:00+09:00,J4,720,604,1324
2019-08-25T12:15:00+09:00,J5,467,458,925
2019-08-25T12:30:00+09:00,J1,616,659,1275
2019-08-25T12:30:00+09:00,J2,433,319,752
2019-08-25T12:30:00+09:00,J3,747,513,1260
2019-08-25T12:30:00+09:00,J4,650,671,1321
2019-08-25T12:30:00+09:00,J5,442,479,921
2019-08-25T12:45:00+09:00,J1,664,670,1334
2019-08-25T12:45:00+09:00,J2,374,322,696
2019-08-25T12:45:00+09:00,J3,660,584,1244
2019-08-25T12:45:00+09:00,J4,620,653,1273
2019-08-25T12:45:00+09:00,J5,447,501,948
2019-08-25T13:00:00+09:00,J1,679,648,1327
2019-08-25T13:00:00+09:00,J2,434,352,786
2019-08-25T13:00:00+09:00,J3,686,618,1304
2019-08-25T13:00:00+09:00,J4,675,597,1272
2019-08-25T13:00:00+09:00,J5,439,448,887
2019-08-25T13:15:00+09:00,J1,642,726,1368
2019-08-25T13:15:00+09:00,J2,357,324,681
2019-08-25T13:15:00+09:00,J3,664,631,1295
2019-08-25T13:15:00+09:00,J4,612,537,1149
2019-08-25T13:15:00+09:00,J5,455,437,892
2019-08-25T13:30:00+09:00,J1,706,759,1465
2019-08-25T13:30:00+09:00,J2,401,384,785
2019-08-25T13:30:00+09:00,J3,694,642,1336
2019-08-25T13:30:00+09:00,J4,652,532,1184
2019-08-25T13:30:00+09:00,J5,408,408,816
2019-08-25T13:45:00+09:00,J1,662,742,1404
2019-08-25T13:45:00+09:00,J2,404,334,738
2019-08-25T13:45:00+09:00,J3,725,636,1361
2019-08-25T13:45:00+09:00,J4,575,497,1072
2019-08-25T13:45:00+09:00,J5,357,358,715
2019-08-25T14:00:00+09:00,J1,694,779,1473
2019-08-25T14:00:00+09:00,J2,432,369,801
2019-08-25T14:00:00+09:00,J3,648,601,1249
2019-08-25T14:00:00+09:00,J4,592,504,1096
2019-08-25T14:00:00+09:00,J5,293,290,583
2019-08-25T14:15:00+09:00,J1,677,790,1467
2019-08-25T14:15:00+09:00,J2,342,331,673
2019-08-25T14:15:00+09:00,J3,662,640,1302
2019-08-25T14:15:00+09:00,J4,589,549,1138
2019-08-25T14:15:00+09:00,J5,333,313,646
2019-08-25T14:30:00+09:00,J1,706,826,1532
2019-08-25T14:30:00+09:00,J2,366,381,747
2019-08-25T14:30:00+09:00,J3,737,636,1373
2019-08-25T14:30:00+09:00,J4,609,598,1207
2019-08-25T14:30:00+09:00,J5,378,399,777
2019-08-25T14:45:00+09:00,J1,694,835,1529
2019-08-25T14:45:00+09:00,J2,354,399,753
2019-08-25T14:45:00+09:00,J3,717,669,1386
2019-08-25T14:45:00+09:00,J4,692,537,1229
2019-08-25T14:45:00+09:00,J5,324,340,664
2019-08-25T15:00:00+09:00,J1,705,829,1534
2019-08-25T15:00:00+09:00,J2,334,350,684
2019-08-25T15:00:00+09:00,J3,687,591,1278
2019-08-25T15:00:00+09:00,J4,588,546,1134
2019-08-25T15:00:00+09:00,J5,279,318,597
2019-08-25T15:15:00+09:00,J1,631,845,1476
2019-08-25T15:15:00+09:00,J2,315,339,654
2019-08-25T15:15:00+09:00,J3,666,627,1293
2019-08-25T15:15:00+09:00,J4,551,545,1096
2019-08-25T15:15:00+09:00,J5,268,228,496
2019-08-25T15:30:00+09:00,J1,662,860,1522
2019-08-25T15:30:00+09:00,J2,323,322,645
2019-08-25T15:30:00+09:00,J3,651,591,1242
2019-08-25T15:30:00+09:00,J4,589,497,1086
2019-08-25T15:30:00+09:00,J5,361,365,726
2019-08-25T15:45:00+09:00,J1,641,715,1356
2019-08-25T15:45:00+09:00,J2,363,304,667
2019-08-25T15:45:00+09:00,J3,688,610,1298
2019-08-25T15:45:00+09:00,J4,665,529,1194
2019-08-25T15:45:00+09:00,J5,412,448,860
2019-08-25T16:00:00+09:00,J1,589,747,1336
2019-08-25T16:00:00+09:00,J2,339,283,622
2019-08-25T16:00:00+09:00,J3,693,538,1231
2019-08-25T16:00:00+09:00,J4,644,555,1199
2019-08-25T16:00:00+09:00,J5,374,382,756
2019-08-25T16:15:00+09:00,J1,727,778,1505
2019-08-25T16:15:00+09:00,J2,376,272,648
2019-08-25T16:15:00+09:00,J3,718,600,1318
2019-08-25T16:15:00+09:00,J4,611,530,1141
2019-08-25T16:15:00+09:00,J5,383,335,718
2019-08-25T16:30:00+09:00,J1,700,713,1413
2019-08-25T16:30:00+09:00,J2,335,255,590
2019-08-25T16:30:00+09:00,J3,705,557,1262
2019-08-25T16:30:00+09:00,J4,623,546,1169
2019-08-25T16:30:00+09:00,J5,383,393,776
2019-08-25T16:45:00+09:00,J1,649,795,1444
2019-08-25T16:45:00+09:00,J2,328,257,585
2019-08-25T16:45:00+09:00,J3,722,575,1297
2019-08-25T16:45:00+09:00,J4,573,509,1082
2019-08-25T16:45:00+09:00,J5,404,409,813
2019-08-25T17:00:00+09:00,J1,740,846,1586
2019-08-25T17:00:00+09:00,J2,361,261,622
2019-08-25T17:00:00+09:00,J3,777,688,1465
2019-08-25T17:00:00+09:00,J4,561,509,1070
2019-08-25T17:00:00+09:00,J5,412,396,808
2019-08-25T17:15:00+09:00,J1,823,939,1762
2019-08-25T17:15:00+09:00,J2,368,258,626
2019-08-25T17:15:00+09:00,J3,770,674,1444
2019-08-25T17:15:00+09:00,J4,647,530,1177
2019-08-25T17:15:00+09:00,J5,360,415,775
2019-08-25T17:30:00+09:00,J1,895,934,1829
2019-08-25T17:30:00+09:00,J2,341,296,637
2019-08-25T17:30:00+09:00,J3,752,609,1361
2019-08-25T17:30:00+09:00,J4,643,553,1196
2019-08-25T17:30:00+09:00,J5,344,357,701
2019-08-25T17:45:00+09:00,J1,881,976,1857
2019-08-25T17:45:00+09:00,J2,385,337,722
2019-08-25T17:45:00+09:00,J3,812,675,1487
2019-08-25T17:45:00+09:00,J4,688,596,1284
2019-08-25T17:45:00+09:00,J5,293,334,627
2019-08-25T18:00:00+09:00,J1,863,972,1835
2019-08-25T18:00:00+09:00,J2,360,293,653
2019-08-25T18:00:00+09:00,J3,831,636,1467
2019-08-25T18:00:00+09:00,J4,680,558,1238
2019-08-25T18:00:00+09:00,J5,388,402,790
2019-08-25T18:15:00+09:00,J1,773,866,1639
2019-08-25T18:15:00+09:00,J2,347,256,603
2019-08-25T18:15:00+09:00,J3,810,625,1435
2019-08-25T18:15:00+09:00,J4,685,623,1308
2019-08-25T18:15:00+09:00,J5,366,469,835
2019-08-25T18:30:00+09:00,J1,742,780,1522
2019-08-25T18:30:00+09:00,J2,345,244,589
2019-08-25T18:30:00+09:00,J3,647,469,1116
2019-08-25T18:30:00+09:00,J4,646,593,1239
2019-08-25T18:30:00+09:00,J5,372,430,802
2019-08-25T18:45:00+09:00,J1,733,779,1512
2019-08-25T18:45:00+09:00,J2,306,230,536
2019-08-25T18:45:00+09:00,J3,565,424,989
2019-08-25T18:45:00+09:00,J4,743,538,1281
2019-08-25T18:45:00+09:00,J5,459,456,915
2019-08-25T19:00:00+09:00,J1,591,682,1273
2019-08-25T19:00:00+09:00,J2,272,236,508
2019-08-25T19:00:00+09:00,J3,607,426,1033
2019-08-25T19:00:00+09:00,J4,674,591,1265
2019-08-25T19:00:00+09:00,J5,476,476,952
2019-08-25T19:15:00+09:00,J1,554,666,1220
2019-08-25T19:15:00+09:00,J2,252,235,487
2019-08-25T19:15:00+09:00,J3,571,481,1052
2019-08-25T19:15:00+09:00,J4,659,537,1196
2019-08-25T19:15:00+09:00,J5,426,484,910
2019-08-25T19:30:00+09:00,J1,589,661,1250
2019-08-25T19:30:00+09:00,J2,248,240,488
2019-08-25T19:30:00+09:00,J3,553,477,1030
2019-08-25T19:30:00+09:00,J4,621,484,1105
2019-08-25T19:30:00+09:00,J5,396,507,903
2019-08-25T19:45:00+09:00,J1,520,598,1118
2019-08-25T19:45:00+09:00,J2,238,223,461
2019-08-25T19:45:00+09:00,J3,511,472,983
2019-08-25T19:45:00+09:00,J4,502,379,881
2019-08-25T19:45:00+09:00,J5,410,429,839
2019-08-25T20:00:00+09:00,J1,554,607,1161
2019-08-25T20:00:00+09:00,J2,212,229,441
2019-08-25T20:00:00+09:00,J3,519,472,991
2019-08-25T20:00:00+09:00,J4,426,336,762
2019-08-25T20:00:00+09:00,J5,406,443,849
2019-08-25T20:15:00+09:00,J1,603,639,1242
2019-08-25T20:15:00+09:00,J2,211,192,403
2019-08-25T20:15:00+09:00,J3,581,414,995
2019-08-25T20:15:00+09:00,J4,423,347,770
2019-08-25T20:15:00+09:00,J5,409,491,900
2019-08-25T20:30:00+09:00,J1,601,627,1228
2019-08-25T20:30:00+09:00,J2,238,242,480
2019-08-25T20:30:00+09:00,J3,510,489,999
2019-08-25T20:30:00+09:00,J4,353,299,652
2019-08-25T20:30:00+09:00,J5,415,463,878
2019-08-25T20:45:00+09:00,J1,642,649,1291
2019-08-25T20:45:00+09:00,J2,246,205,451
2019-08-25T20:45:00+09:00,J3,463,423,886
2019-08-25T20:45:00+09:00,J4,317,274,591
2019-08-25T20:45:00+09:00,J5,369,435,804
2019-08-25T21:00:00+09:00,J1,671,716,1387
2019-08-25T21:00:00+09:00,J2,225,233,458
2019-08-25T21:00:00+09:00,J3,456,411,867
2019-08-25T21:00:00+09:00,J4,524,439,963
2019-08-25T21:00:00+09:00,J5,323,355,678
2019-08-25T21:15:00+09:00,J1,624,740,1364
2019-08-25T21:15:00+09:00,J2,219,217,436
2019-08-25T21:15:00+09:00,J3,426,394,820
2019-08-25T21:15:00+09:00,J4,593,471,1064
2019-08-25T21:15:00+09:00,J5,297,358,655
2019-08-25T21:30:00+09:00,J1,615,686,1301
2019-08-25T21:30:00+09:00,J2,224,224,448
2019-08-25T21:30:00+09:00,J3,441,347,788
2019-08-25T21:30:00+09:00,J4,603,568,1171
2019-08-25T21:30:00+09:00,J5,296,371,667
2019-08-25T21:45:00+09:00,J1,515,664,1179
2019-08-25T21:45:00+09:00,J2,208,240,448
2019-08-25T21:45:00+09:00,J3,374,345,719
2019-08-25T21:45:00+09:00,J4,519,516,1035
2019-08-25T21:45:00+09:00,J5,300,303,603
2019-08-25T22:00:00+09:00,J1,616,616,1232
2019-08-25T22:00:00+09:00,J2,204,228,432
2019-08-25T22:00:00+09:00,J3,364,317,681
2019-08-25T22:00:00+09:00,J4,519,534,1053
2019-08-25T22:00:00+09:00,J5,286,279,565
2019-08-25T22:15:00+09:00,J1,547,531,1078
2019-08-25T22:15:00+09:00,J2,220,225,445
2019-08-25T22:15:00+09:00,J3,379,298,677
2019-08-25T22:15:00+09:00,J4,551,551,1102
2019-08-25T22:15:00+09:00,J5,248,306,554
2019-08-25T22:30:00+09:00,J1,540,582,1122
2019-08-25T22:30:00+09:00,J2,234,227,461
2019-08-25T22:30:00+09:00,J3,332,315,647
2019-08-25T22:30:00+09:00,J4,530,485,1015
2019-08-25T22:30:00+09:00,J5,235,256,491
2019-08-25T22:45:00+09:00,J1,580,643,1223
2019-08-25T22:45:00+09:00,J2,227,196,423
2019-08-25T22:45:00+09:00,J3,383,335,718
2019-08-25T22:45:00+09:00,J4,578,480,1058
2019-08-25T22:45:00+09:00,J5,251,282,533
2019-08-25T23:00:00+09:00,J1,551,611,1162
2019-08-25T23:00:00+09:00,J2,202,220,422
2019-08-25T23:00:00+09:00,J3,355,301,656
2019-08-25T23:00:00+09:00,J4,564,522,1086
2019-08-25T23:00:00+09:00,J5,241,356,597
2019-08-25T23:15:00+09:00,J1,555,594,1149
2019-08-25T23:15:00+09:00,J2,243,232,475
2019-08-25T23:15:00+09:00,J3,346,279,625
2019-08-25T23:15:00+09:00,J4,466,439,905
2019-08-25T23:15:00+09:00,J5,233,337,570
2019-08-25T23:30:00+09:00,J1,547,616,1163
2019-08-25T23:30:00+09:00,J2,223,199,422
2019-08-25T23:30:00+09:00,J3,316,272,588
2019-08-25T23:30:00+09:00,J4,405,380,785
2019-08-25T23:30:00+09:00,J5,247,327,574
2019-08-25T23:45:00+09:00,J1,444,474,918
2019-08-25T23:45:00+09:00,J2,206,222,428
2019-08-25T23:45:00+09:00,J3,271,216,487
2019-08-25T23:45:00+09:00,J4,530,429,959
2019-08-25T23:45:00+09:00,J5,238,330,568
2019-08-26T00:00:00+09:00,J1,421,447,868
2019-08-26T00:00:00+09:00,J2,161,170,331
2019-08-26T00:00:00+09:00,J3,267,183,450
2019-08-26T00:00:00+09:00,J4,330,286,616
2019-08-26T00:00:00+09:00,J5,258,285,543
2019-08-26T00:15:00+09:00,J1,221,233,454
2019-08-26T00:15:00+09:00,J2,175,146,321
2019-08-26T00:15:00+09:00,J3,298,280,578
2019-08-26T00:15:00+09:00,J4,225,221,446
2019-08-26T00:15:00+09:00,J5,172,192,364
2019-08-26T00:30:00+09:00,J1,162,171,333
2019-08-26T00:30:00+09:00,J2,142,104,246
2019-08-26T00:30:00+09:00,J3,427,384,811
2019-08-26T00:30:00+09:00,J4,148,187,335
2019-08-26T00:30:00+09:00,J5,140,156,296
2019-08-26T00:45:00+09:00,J1,214,159,373
2019-08-26T00:45:00+09:00,J2,160,181,341
2019-08-26T00:45:00+09:00,J3,390,273,663
2019-08-26T00:45:00+09:00,J4,175,208,383
2019-08-26T00:45:00+09:00,J5,149,158,307
2019-08-26T05:45:00+09:00,J1,314,290,604
2019-08-26T05:45:00+09:00,J2,230,176,406
2019-08-26T05:45:00+09:00,J3,282,292,574
2019-08-26T05:45:00+09:00,J4,581,663,1244
2019-08-26T05:45:00+09:00,J5,188,158,346
2019-08-26T06:00:00+09:00,J1,708,692,1400
2019-08-26T06:00:00+09:00,J2,183,235,418
2019-08-26T06:00:00+09:00,J3,375,358,733
2019-08-26T06:00:00+09:00,J4,467,526,993
2019-08-26T06:00:00+09:00,J5,141,172,313
2019-08-26T06:15:00+09:00,J1,485,488,973
2019-08-26T06:15:00+09:00,J2,199,224,423
2019-08-26T06:15:00+09:00,J3,432,427,859
2019-08-26T06:15:00+09:00,J4,435,448,883
2019-08-26T06:15:00+09:00,J5,207,198,405
2019-08-26T06:30:00+09:00,J1,554,540,1094
2019-08-26T06:30:00+09:00,J2,200,277,477
2019-08-26T06:30:00+09:00,J3,465,431,896
2019-08-26T06:30:00+09:00,J4,411,455,866
2019-08-26T06:30:00+09:00,J5,193,189,382
2019-08-26T06:45:00+09:00,J1,558,514,1072
2019-08-26T06:45:00+09:00,J2,239,239,478
2019-08-26T06:45:00+09:00,J3,390,374,764
2019-08-26T06:45:00+09:00,J4,405,394,799
2019-08-26T06:45:00+09:00,J5,189,195,384
2019-08-26T07:00:00+09:00,J1,627,661,1288
2019-08-26T07:00:00+09:00,J2,233,237,470
2019-08-26T07:00:00+09:00,J3,384,413,797
2019-08-26T07:00:00+09:00,J4,409,412,821
2019-08-26T07:00:00+09:00,J5,198,202,400
2019-08-26T07:15:00+09:00,J1,728,649,1377
2019-08-26T07:15:00+09:00,J2,292,227,519
2019-08-26T07:15:00+09:00,J3,449,483,932
2019-08-26T07:15:00+09:00,J4,421,506,927
2019-08-26T07:15:00+09:00,J5,194,223,417
2019-08-26T07:30:00+09:00,J1,672,574,1246
2019-08-26T07:30:00+09:00,J2,282,259,541
2019-08-26T07:30:00+09:00,J3,432,500,932
2019-08-26T07:30:00+09:00,J4,457,585,1042
2019-08-26T07:30:00+09:00,J5,322,323,645
2019-08-26T07:45:00+09:00,J1,911,812,1723
2019-08-26T07:45:00+09:00,J2,340,276,616
2019-08-26T07:45:00+09:00,J3,607,672,1279
2019-08-26T07:45:00+09:00,J4,457,723,1180
2019-08-26T07:45:00+09:00,J5,322,408,730
2019-08-26T08:00:00+09:00,J1,1112,856,1968
2019-08-26T08:00:00+09:00,J2,367,330,697
2019-08-26T08:00:00+09:00,J3,695,855,1550
2019-08-26T08:00:00+09:00,J4,445,725,1170
2019-08-26T08:00:00+09:00,J5,392,408,800
2019-08-26T08:15:00+09:00,J1,1242,813,2055
2019-08-26T08:15:00+09:00,J2,430,423,853
2019-08-26T08:15:00+09:00,J3,792,1063,1855
2019-08-26T08:15:00+09:00,J4,523,850,1373
2019-08-26T08:15:00+09:00,J5,461,485,946
2019-08-26T08:30:00+09:00,J1,1209,851,2060
2019-08-26T08:30:00+09:00,J2,507,412,919
2019-08-26T08:30:00+09:00,J3,758,987,1745
2019-08-26T08:30:00+09:00,J4,498,991,1489
2019-08-26T08:30:00+09:00,J5,470,448,918
2019-08-26T08:45:00+09:00,J1,903,747,1650
2019-08-26T08:45:00+09:00,J2,403,376,779
2019-08-26T08:45:00+09:00,J3,707,856,1563
2019-08-26T08:45:00+09:00,J4,565,887,1452
2019-08-26T08:45:00+09:00,J5,423,408,831
2019-08-26T09:00:00+09:00,J1,819,728,1547
2019-08-26T09:00:00+09:00,J2,435,307,742
2019-08-26T09:00:00+09:00,J3,743,683,1426
2019-08-26T09:00:00+09:00,J4,413,562,975
2019-08-26T09:00:00+09:00,J5,318,364,682
2019-08-26T09:15:00+09:00,J1,801,645,1446
2019-08-26T09:15:00+09:00,J2,393,273,666
2019-08-26T09:15:00+09:00,J3,527,603,1130
2019-08-26T09:15:00+09:00,J4,401,566,967
2019-08-26T09:15:00+09:00,J5,345,328,673
2019-08-26T09:30:00+09:00,J1,810,651,1461
2019-08-26T09:30:00+09:00,J2,336,297,633
2019-08-26T09:30:00+09:00,J3,592,557,1149
2019-08-26T09:30:00+09:00,J4,429,497,926
2019-08-26T09:30:00+09:00,J5,361,354,715
2019-08-26T09:45:00+09:00,J1,748,687,1435
2019-08-26T09:45:00+09:00,J2,296,316,612
2019-08-26T09:45:00+09:00,J3,588,534,1122
2019-08-26T09:45:00+09:00,J4,366,395,761
2019-08-26T09:45:00+09:00,J5,334,318,652
2019-08-26T10:00:00+09:00,J1,649,664,1313
2019-08-26T10:00:00+09:00,J2,272,294,566
2019-08-26T10:00:00+09:00,J3,492,467,959
2019-08-26T10:00:00+09:00,J4,322,379,701
2019-08-26T10:00:00+09:00,J5,338,369,707
2019-08-26T10:15:00+09:00,J1,670,641,1311
2019-08-26T10:15:00+09:00,J2,363,267,630
2019-08-26T10:15:00+09:00,J3,474,484,958
2019-08-26T10:15:00+09:00,J4,335,323,658
2019-08-26T10:15:00+09:00,J5,324,232,556
2019-08-26T10:30:00+09:00,J1,742,735,1477
2019-08-26T10:30:00+09:00,J2,347,267,614
2019-08-26T10:30:00+09:00,J3,461,573,1034
2019-08-26T10:30:00+09:00,J4,367,373,740
2019-08-26T10:30:00+09:00,J5,307,237,544
2019-08-26T10:45:00+09:00,J1,778,755,1533
2019-08-26T10:45:00+09:00,J2,315,279,594
2019-08-26T10:45:00+09:00,J3,547,558,1105
2019-08-26T10:45:00+09:00,J4,423,385,808
2019-08-26T10:45:00+09:00,J5,269,227,496
2019-08-26T11:00:00+09:00,J1,734,749,1483
2019-08-26T11:00:00+09:00,J2,337,283,620
2019-08-26T11:00:00+09:00,J3,456,547,1003
2019-08-26T11:00:00+09:00,J4,437,402,839
2019-08-26T11:00:00+09:00,J5,259,209,468
2019-08-26T11:15:00+09:00,J1,840,895,1735
2019-08-26T11:15:00+09:00,J2,374,306,680
2019-08-26T11:15:00+09:00,J3,615,607,1222
2019-08-26T11:15:00+09:00,J4,457,409,866
2019-08-26T11:15:00+09:00,J5,336,261,597
2019-08-26T11:30:00+09:00,J1,817,831,1648
2019-08-26T11:30:00+09:00,J2,353,226,579
2019-08-26T11:30:00+09:00,J3,614,616,1230
2019-08-26T11:30:00+09:00,J4,444,385,829
2019-08-26T11:30:00+09:00,J5,309,292,601
2019-08-26T11:45:00+09:00,J1,847,981,1828
2019-08-26T11:45:00+09:00,J2,392,274,666
2019-08-26T11:45:00+09:00,J3,591,632,1223
2019-08-26T11:45:00+09:00,J4,511,391,902
2019-08-26T11:45:00+09:00,J5,342,357,699
2019-08-26T12:00:00+09:00,J1,797,832,1629
2019-08-26T12:00:00+09:00,J2,386,280,666
2019-08-26T12:00:00+09:00,J3,700,588,1288
2019-08-26T12:00:00+09:00,J4,483,332,815
2019-08-26T12:00:00+09:00,J5,366,356,722
2019-08-26T12:15:00+09:00,J1,744,706,1450
2019-08-26T12:15:00+09:00,J2,375,269,644
2019-08-26T12:15:00+09:00,J3,644,558,1202
2019-08-26T12:15:00+09:00,J4,625,487,1112
2019-08-26T12:15:00+09:00,J5,363,389,752
2019-08-26T12:30:00+09:00,J1,778,799,1577
2019-08-26T12:30:00+09:00,J2,344,295,639
2019-08-26T12:30:00+09:00,J3,683,602,1285
2019-08-26T12:30:00+09:00,J4,712,573,1285
2019-08-26T12:30:00+09:00,J5,335,268,603
2019-08-26T12:45:00+09:00,J1,632,625,1257
2019-08-26T12:45:00+09:00,J2,401,260,661
2019-08-26T12:45:00+09:00,J3,618,574,1192
2019-08-26T12:45:00+09:00,J4,647,679,1326
2019-08-26T12:45:00+09:00,J5,381,357,738
2019-08-26T13:00:00+09:00,J1,806,715,1521
2019-08-26T13:00:00+09:00,J2,321,232,553
2019-08-26T13:00:00+09:00,J3,655,503,1158
2019-08-26T13:00:00+09:00,J4,666,681,1347
2019-08-26T13:00:00+09:00,J5,338,324,662
2019-08-26T13:15:00+09:00,J1,623,696,1319
2019-08-26T13:15:00+09:00,J2,312,251,563
2019-08-26T13:15:00+09:00,J3,690,596,1286
2019-08-26T13:15:00+09:00,J4,630,661,1291
2019-08-26T13:15:00+09:00,J5,403,373,776
2019-08-26T13:30:00+09:00,J1,700,673,1373
2019-08-26T13:30:00+09:00,J2,264,250,514
2019-08-26T13:30:00+09:00,J3,685,524,1209
2019-08-26T13:30:00+09:00,J4,638,582,1220
2019-08-26T13:30:00+09:00,J5,410,435,845
2019-08-26T13:45:00+09:00,J1,640,641,1281
2019-08-26T13:45:00+09:00,J2,297,235,532
2019-08-26T13:45:00+09:00,J3,734,573,1307
2019-08-26T13:45:00+09:00,J4,621,626,1247
2019-08-26T13:45:00+09:00,J5,393,405,798
2019-08-26T14:00:00+09:00,J1,584,623,1207
2019-08-26T14:00:00+09:00,J2,274,282,556
2019-08-26T14:00:00+09:00,J3,731,550,1281
2019-08-26T14:00:00+09:00,J4,641,575,1216
2019-08-26T14:00:00+09:00,J5,428,382,810
2019-08-26T14:15:00+09:00,J1,692,627,1319
2019-08-26T14:15:00+09:00,J2,284,296,580
2019-08-26T14:15:00+09:00,J3,744,539,1283
2019-08-26T14:15:00+09:00,J4,630,545,1175
2019-08-26T14:15:00+09:00,J5,393,313,706
2019-08-26T14:30:00+09:00,J1,653,689,1342
2019-08-26T14:30:00+09:00,J2,287,272,559
2019-08-26T14:30:00+09:00,J3,706,580,1286
2019-08-26T14:30:00+09:00,J4,593,552,1145
2019-08-26T14:30:00+09:00,J5,365,327,692
2019-08-26T14:45:00+09:00,J1,637,696,1333
2019-08-26T14:45:00+09:00,J2,276,288,564
2019-08-26T14:45:00+09:00,J3,717,507,1224
2019-08-26T14:45:00+09:00,J4,631,565,1196
2019-08-26T14:45:00+09:00,J5,397,350,747
2019-08-26T15:00:00+09:00,J1,652,717,1369
2019-08-26T15:00:00+09:00,J2,308,259,567
2019-08-26T15:00:00+09:00,J3,681,545,1226
2019-08-26T15:00:00+09:00,J4,602,543,1145
2019-08-26T15:00:00+09:00,J5,431,413,844
2019-08-26T15:15:00+09:00,J1,702,815,1517
2019-08-26T15:15:00+09:00,J2,327,260,587
2019-08-26T15:15:00+09:00,J3,801,626,1427
2019-08-26T15:15:00+09:00,J4,638,583,1221
2019-08-26T15:15:00+09:00,J5,430,417,847
2019-08-26T15:30:00+09:00,J1,733,807,1540
2019-08-26T15:30:00+09:00,J2,322,294,616
2019-08-26T15:30:00+09:00,J3,733,561,1294
2019-08-26T15:30:00+09:00,J4,654,609,1263
2019-08-26T15:30:00+09:00,J5,411,374,785
2019-08-26T15:45:00+09:00,J1,661,706,1367
2019-08-26T15:45:00+09:00,J2,271,212,483
2019-08-26T15:45:00+09:00,J3,693,607,1300
2019-08-26T15:45:00+09:00,J4,617,551,1168
2019-08-26T15:45:00+09:00,J5,412,432,844
2019-08-26T16:00:00+09:00,J1,638,697,1335
2019-08-26T16:00:00+09:00,J2,292,218,510
2019-08-26T16:00:00+09:00,J3,664,553,1217
2019-08-26T16:00:00+09:00,J4,618,547,1165
2019-08-26T16:00:00+09:00,J5,440,443,883
2019-08-26T16:15:00+09:00,J1,631,765,1396
2019-08-26T16:15:00+09:00,J2,307,256,563
2019-08-26T16:15:00+09:00,J3,740,591,1331
2019-08-26T16:15:00+09:00,J4,588,560,1148
2019-08-26T16:15:00+09:00,J5,367,439,806
2019-08-26T16:30:00+09:00,J1,640,751,1391
2019-08-26T16:30:00+09:00,J2,294,234,528
2019-08-26T16:30:00+09:00,J3,725,599,1324
2019-08-26T16:30:00+09:00,J4,602,514,1116
2019-08-26T16:30:00+09:00,J5,330,353,683
2019-08-26T16:45:00+09:00,J1,713,721,1434
2019-08-26T16:45:00+09:00,J2,295,276,571
2019-08-26T16:45:00+09:00,J3,786,595,1381
2019-08-26T16:45:00+09:00,J4,620,490,1110
2019-08-26T16:45:00+09:00,J5,379,366,745
2019-08-26T17:00:00+09:00,J1,762,858,1620
2019-08-26T17:00:00+09:00,J2,338,256,594
2019-08-26T17:00:00+09:00,J3,803,634,1437
2019-08-26T17:00:00+09:00,J4,655,501,1156
2019-08-26T17:00:00+09:00,J5,435,461,896
2019-08-26T17:15:00+09:00,J1,776,939,1715
2019-08-26T17:15:00+09:00,J2,347,340,687
2019-08-26T17:15:00+09:00,J3,774,734,1508
2019-08-26T17:15:00+09:00,J4,757,496,1253
2019-08-26T17:15:00+09:00,J5,491,535,1026
2019-08-26T17:30:00+09:00,J1,858,984,1842
2019-08-26T17:30:00+09:00,J2,408,350,758
2019-08-26T17:30:00+09:00,J3,794,744,1538
2019-08-26T17:30:00+09:00,J4,854,552,1406
2019-08-26T17:30:00+09:00,J5,460,536,996
2019-08-26T17:45:00+09:00,J1,829,1021,1850
2019-08-26T17:45:00+09:00,J2,362,368,730
2019-08-26T17:45:00+09:00,J3,841,678,1519
2019-08-26T17:45:00+09:00,J4,840,571,1411
2019-08-26T17:45:00+09:00,J5,511,532,1043
2019-08-26T18:00:00+09:00,J1,791,1140,1931
2019-08-26T18:00:00+09:00,J2,386,380,766
2019-08-26T18:00:00+09:00,J3,932,702,1634
2019-08-26T18:00:00+09:00,J4,864,567,1431
2019-08-26T18:00:00+09:00,J5,474,543,1017
2019-08-26T18:15:00+09:00,J1,883,1007,1890
2019-08-26T18:15:00+09:00,J2,462,337,799
2019-08-26T18:15:00+09:00,J3,763,610,1373
2019-08-26T18:15:00+09:00,J4,864,571,1435
2019-08-26T18:15:00+09:00,J5,519,573,1092
2019-08-26T18:30:00+09:00,J1,766,891,1657
2019-08-26T18:30:00+09:00,J2,353,343,696
2019-08-26T18:30:00+09:00,J3,728,527,1255
2019-08-26T18:30:00+09:00,J4,811,578,1389
2019-08-26T18:30:00+09:00,J5,458,557,1015
2019-08-26T18:45:00+09:00,J1,719,805,1524
2019-08-26T18:45:00+09:00,J2,315,291,606
2019-08-26T18:45:00+09:00,J3,657,507,1164
2019-08-26T18:45:00+09:00,J4,699,579,1278
2019-08-26T18:45:00+09:00,J5,509,506,1015
2019-08-26T19:00:00+09:00,J1,685,764,1449
2019-08-26T19:00:00+09:00,J2,347,300,647
2019-08-26T19:00:00+09:00,J3,611,456,1067
2019-08-26T19:00:00+09:00,J4,636,553,1189
2019-08-26T19:00:00+09:00,J5,512,568,1080
2019-08-26T19:15:00+09:00,J1,632,789,1421
2019-08-26T19:15:00+09:00,J2,293,304,597
2019-08-26T19:15:00+09:00,J3,618,485,1103
2019-08-26T19:15:00+09:00,J4,722,541,1263
2019-08-26T19:15:00+09:00,J5,514,574,1088
2019-08-26T19:30:00+09:00,J1,568,670,1238
2019-08-26T19:30:00+09:00,J2,292,258,550
2019-08-26T19:30:00+09:00,J3,587,471,1058
2019-08-26T19:30:00+09:00,J4,687,578,1265
2019-08-26T19:30:00+09:00,J5,472,478,950
2019-08-26T19:45:00+09:00,J1,543,684,1227
2019-08-26T19:45:00+09:00,J2,257,261,518
2019-08-26T19:45:00+09:00,J3,556,456,1012
2019-08-26T19:45:00+09:00,J4,676,514,1190
2019-08-26T19:45:00+09:00,J5,411,466,877
2019-08-26T20:00:00+09:00,J1,479,570,1049
2019-08-26T20:00:00+09:00,J2,318,312,630
2019-08-26T20:00:00+09:00,J3,517,384,901
2019-08-26T20:00:00+09:00,J4,682,495,1177
2019-08-26T20:00:00+09:00,J5,440,480,920
2019-08-26T20:15:00+09:00,J1,554,602,1156
2019-08-26T20:15:00+09:00,J2,362,337,699
2019-08-26T20:15:00+09:00,J3,531,348,879
2019-08-26T20:15:00+09:00,J4,657,506,1163
2019-08-26T20:15:00+09:00,J5,437,525,962
2019-08-26T20:30:00+09:00,J1,480,536,1016
2019-08-26T20:30:00+09:00,J2,296,264,560
2019-08-26T20:30:00+09:00,J3,487,363,850
2019-08-26T20:30:00+09:00,J4,620,430,1050
2019-08-26T20:30:00+09:00,J5,449,441,890
2019-08-26T20:45:00+09:00,J1,457,531,988
2019-08-26T20:45:00+09:00,J2,284,256,540
2019-08-26T20:45:00+09:00,J3,487,401,888
2019-08-26T20:45:00+09:00,J4,564,378,942
2019-08-26T20:45:00+09:00,J5,412,437,849
2019-08-26T21:00:00+09:00,J1,463,564,1027
2019-08-26T21:00:00+09:00,J2,255,251,506
2019-08-26T21:00:00+09:00,J3,529,391,920
2019-08-26T21:00:00+09:00,J4,589,486,1075
2019-08-26T21:00:00+09:00,J5,373,411,784
2019-08-26T21:15:00+09:00,J1,423,515,938
2019-08-26T21:15:00+09:00,J2,212,247,459
2019-08-26T21:15:00+09:00,J3,519,420,939
2019-08-26T21:15:00+09:00,J4,617,466,1083
2019-08-26T21:15:00+09:00,J5,370,425,795
2019-08-26T21:30:00+09:00,J1,454,572,1026
2019-08-26T21:30:00+09:00,J2,209,201,410
2019-08-26T21:30:00+09:00,J3,470,342,812
2019-08-26T21:30:00+09:00,J4,557,424,981
2019-08-26T21:30:00+09:00,J5,353,427,780
2019-08-26T21:45:00+09:00,J1,425,511,936
2019-08-26T21:45:00+09:00,J2,177,182,359
2019-08-26T21:45:00+09:00,J3,460,344,804
2019-08-26T21:45:00+09:00,J4,550,458,1008
2019-08-26T21:45:00+09:00,J5,313,393,706
2019-08-26T22:00:00+09:00,J1,421,505,926
2019-08-26T22:00:00+09:00,J2,205,218,423
2019-08-26T22:00:00+09:00,J3,449,304,753
2019-08-26T22:00:00+09:00,J4,519,461,980
2019-08-26T22:00:00+09:00,J5,346,362,708
2019-08-26T22:15:00+09:00,J1,469,462,931
2019-08-26T22:15:00+09:00,J2,189,206,395
2019-08-26T22:15:00+09:00,J3,384,325,709
2019-08-26T22:15:00+09:00,J4,518,469,987
2019-08-26T22:15:00+09:00,J5,297,353,650
2019-08-26T22:30:00+09:00,J1,430,436,866
2019-08-26T22:30:00+09:00,J2,191,179,370
2019-08-26T22:30:00+09:00,J3,345,278,623
2019-08-26T22:30:00+09:00,J4,663,630,1293
2019-08-26T22:30:00+09:00,J5,312,349,661
2019-08-26T22:45:00+09:00,J1,531,492,1023
2019-08-26T22:45:00+09:00,J2,192,198,390
2019-08-26T22:45:00+09:00,J3,339,274,613
2019-08-26T22:45:00+09:00,J4,358,361,719
2019-08-26T22:45:00+09:00,J5,315,348,663
2019-08-26T23:00:00+09:00,J1,407,421,828
2019-08-26T23:00:00+09:00,J2,215,197,412
2019-08-26T23:00:00+09:00,J3,324,266,590
2019-08-26T23:00:00+09:00,J4,531,541,1072
2019-08-26T23:00:00+09:00,J5,333,311,644
2019-08-26T23:15:00+09:00,J1,380,443,823
2019-08-26T23:15:00+09:00,J2,187,208,395
2019-08-26T23:15:00+09:00,J3,334,320,654
2019-08-26T23:15:00+09:00,J4,517,573,1090
2019-08-26T23:15:00+09:00,J5,313,363,676
2019-08-26T23:30:00+09:00,J1,411,491,902
2019-08-26T23:30:00+09:00,J2,195,208,403
2019-08-26T23:30:00+09:00,J3,346,305,651
2019-08-26T23:30:00+09:00,J4,465,407,872
2019-08-26T23:30:00+09:00,J5,309,320,629
2019-08-26T23:45:00+09:00,J1,352,355,707
2019-08-26T23:45:00+09:00,J2,202,204,406
2019-08-26T23:45:00+09:00,J3,286,230,516
2019-08-26T23:45:00+09:00,J4,439,444,883
2019-08-26T23:45:00+09:00,J5,296,336,632
2019-08-27T00:00:00+09:00,J1,334,363,697
2019-08-27T00:00:00+09:00,J2,119,140,259
2019-08-27T00:00:00+09:00,J3,315,229,544
2019-08-27T00:00:00+09:00,J4,358,299,657
2019-08-27T00:00:00+09:00,J5,273,351,624
2019-08-27T00:15:00+09:00,J1,198,200,398
2019-08-27T00:15:00+09:00,J2,159,143,302
2019-08-27T00:15:00+09:00,J3,328,242,570
2019-08-27T00:15:00+09:00,J4,201,170,371
2019-08-27T00:15:00+09:00,J5,212,294,506
2019-08-27T00:30:00+09:00,J1,184,158,342
2019-08-27T00:30:00+09:00,J2,201,188,389
2019-08-27T00:30:00+09:00,J3,270,343,613
2019-08-27T00:30:00+09:00,J4,172,147,319
2019-08-27T00:30:00+09:00,J5,164,164,328
2019-08-27T00:45:00+09:00,J1,165,155,320
2019-08-27T00:45:00+09:00,J2,179,190,369
2019-08-27T00:45:00+09:00,J3,339,358,697
2019-08-27T00:45:00+09:00,J4,160,158,318
2019-08-27T00:45:00+09:00,J5,193,187,380
2019-08-27T05:45:00+09:00,J1,323,298,621
2019-08-27T05:45:00+09:00,J2,146,190,336
2019-08-27T05:45:00+09:00,J3,364,339,703
2019-08-27T05:45:00+09:00,J4,208,197,405
2019-08-27T05:45:00+09:00,J5,113,131,244
2019-08-27T06:00:00+09:00,J1,311,290,601
2019-08-27T06:00:00+09:00,J2,141,188,329
2019-08-27T06:00:00+09:00,J3,323,325,648
2019-08-27T06:00:00+09:00,J4,232,208,440
2019-08-27T06:00:00+09:00,J5,117,145,262
2019-08-27T06:15:00+09:00,J1,307,322,629
2019-08-27T06:15:00+09:00,J2,172,196,368
2019-08-27T06:15:00+09:00,J3,327,320,647
2019-08-27T06:15:00+09:00,J4,187,252,439
2019-08-27T06:15:00+09:00,J5,152,186,338
2019-08-27T06:30:00+09:00,J1,518,498,1016
2019-08-27T06:30:00+09:00,J2,212,209,421
2019-08-27T06:30:00+09:00,J3,342,328,670
2019-08-27T06:30:00+09:00,J4,236,266,502
2019-08-27T06:30:00+09:00,J5,214,211,425
2019-08-27T06:45:00+09:00,J1,408,364,772
2019-08-27T06:45:00+09:00,J2,225,175,400
2019-08-27T06:45:00+09:00,J3,327,331,658
2019-08-27T06:45:00+09:00,J4,330,370,700
2019-08-27T06:45:00+09:00,J5,180,196,376
2019-08-27T07:00:00+09:00,J1,572,511,1083
2019-08-27T07:00:00+09:00,J2,222,248,470
2019-08-27T07:00:00+09:00,J3,409,372,781
2019-08-27T07:00:00+09:00,J4,298,359,657
2019-08-27T07:00:00+09:00,J5,188,210,398
2019-08-27T07:15:00+09:00,J1,495,415,910
2019-08-27T07:15:00+09:00,J2,266,220,486
2019-08-27T07:15:00+09:00,J3,379,467,846
2019-08-27T07:15:00+09:00,J4,361,444,805
2019-08-27T07:15:00+09:00,J5,233,233,466
2019-08-27T07:30:00+09:00,J1,630,460,1090
2019-08-27T07:30:00+09:00,J2,244,237,481
2019-08-27T07:30:00+09:00,J3,378,426,804
2019-08-27T07:30:00+09:00,J4,354,470,824
2019-08-27T07:30:00+09:00,J5,275,323,598
2019-08-27T07:45:00+09:00,J1,654,500,1154
2019-08-27T07:45:00+09:00,J2,296,228,524
2019-08-27T07:45:00+09:00,J3,440,502,942
2019-08-27T07:45:00+09:00,J4,359,570,929
2019-08-27T07:45:00+09:00,J5,349,380,729
2019-08-27T08:00:00+09:00,J1,856,610,1466
2019-08-27T08:00:00+09:00,J2,340,238,578
2019-08-27T08:00:00+09:00,J3,695,750,1445
2019-08-27T08:00:00+09:00,J4,455,731,1186
2019-08-27T08:00:00+09:00,J5,397,387,784
2019-08-27T08:15:00+09:00,J1,1020,653,1673
2019-08-27T08:15:00+09:00,J2,389,253,642
2019-08-27T08:15:00+09:00,J3,887,853,1740
2019-08-27T08:15:00+09:00,J4,561,952,1513
2019-08-27T08:15:00+09:00,J5,345,283,628
2019-08-27T08:30:00+09:00,J1,1099,697,1796
2019-08-27T08:30:00+09:00,J2,378,240,618
2019-08-27T08:30:00+09:00,J3,853,927,1780
2019-08-27T08:30:00+09:00,J4,650,1024,1674
2019-08-27T08:30:00+09:00,J5,329,245,574
2019-08-27T08:45:00+09:00,J1,811,622,1433
2019-08-27T08:45:00+09:00,J2,311,206,517
2019-08-27T08:45:00+09:00,J3,807,835,1642
2019-08-27T08:45:00+09:00,J4,568,853,1421
2019-08-27T08:45:00+09:00,J5,246,163,409
2019-08-27T09:00:00+09:00,J1,714,601,1315
2019-08-27T09:00:00+09:00,J2,285,220,505
2019-08-27T09:00:00+09:00,J3,744,696,1440
2019-08-27T09:00:00+09:00,J4,591,731,1322
2019-08-27T09:00:00+09:00,J5,286,185,471
2019-08-27T09:15:00+09:00,J1,627,492,1119
2019-08-27T09:15:00+09:00,J2,268,192,460
2019-08-27T09:15:00+09:00,J3,586,535,1121
2019-08-27T09:15:00+09:00,J4,553,735,1288
2019-08-27T09:15:00+09:00,J5,276,200,476
2019-08-27T09:30:00+09:00,J1,590,527,1117
2019-08-27T09:30:00+09:00,J2,335,232,567
2019-08-27T09:30:00+09:00,J3,604,541,1145
2019-08-27T09:30:00+09:00,J4,626,726,1352
2019-08-27T09:30:00+09:00,J5,268,165,433
2019-08-27T09:45:00+09:00,J1,630,511,1141
2019-08-27T09:45:00+09:00,J2,279,250,529
2019-08-27T09:45:00+09:00,J3,506,513,1019
2019-08-27T09:45:00+09:00,J4,541,568,1109
2019-08-27T09:45:00+09:00,J5,226,224,450
2019-08-27T10:00:00+09:00,J1,538,478,1016
2019-08-27T10:00:00+09:00,J2,260,254,514
2019-08-27T10:00:00+09:00,J3,542,447,989
2019-08-27T10:00:00+09:00,J4,484,485,969
2019-08-27T10:00:00+09:00,J5,184,174,358
2019-08-27T10:15:00+09:00,J1,566,483,1049
2019-08-27T10:15:00+09:00,J2,335,277,612
2019-08-27T10:15:00+09:00,J3,554,480,1034
2019-08-27T10:15:00+09:00,J4,485,510,995
2019-08-27T10:15:00+09:00,J5,228,191,419
2019-08-27T10:30:00+09:00,J1,524,517,1041
2019-08-27T10:30:00+09:00,J2,412,253,665
2019-08-27T10:30:00+09:00,J3,648,515,1163
2019-08-27T10:30:00+09:00,J4,490,463,953
2019-08-27T10:30:00+09:00,J5,217,205,422
2019-08-27T10:45:00+09:00,J1,521,504,1025
2019-08-27T10:45:00+09:00,J2,449,249,698
2019-08-27T10:45:00+09:00,J3,597,564,1161
2019-08-27T10:45:00+09:00,J4,525,453,978
2019-08-27T10:45:00+09:00,J5,235,188,423
2019-08-27T11:00:00+09:00,J1,587,584,1171
2019-08-27T11:00:00+09:00,J2,419,263,682
2019-08-27T11:00:00+09:00,J3,587,554,1141
2019-08-27T11:00:00+09:00,J4,453,438,891
2019-08-27T11:00:00+09:00,J5,233,187,420
2019-08-27T11:15:00+09:00,J1,707,698,1405
2019-08-27T11:15:00+09:00,J2,372,280,652
2019-08-27T11:15:00+09:00,J3,678,660,1338
2019-08-27T11:15:00+09:00,J4,490,436,926
2019-08-27T11:15:00+09:00,J5,187,213,400
2019-08-27T11:30:00+09:00,J1,792,730,1522
2019-08-27T11:30:00+09:00,J2,269,299,568
2019-08-27T11:30:00+09:00,J3,737,707,1444
2019-08-27T11:30:00+09:00,J4,421,395,816
2019-08-27T11:30:00+09:00,J5,237,212,449
2019-08-27T11:45:00+09:00,J1,685,735,1420
2019-08-27T11:45:00+09:00,J2,248,271,519
2019-08-27T11:45:00+09:00,J3,692,693,1385
2019-08-27T11:45:00+09:00,J4,422,453,875
2019-08-27T11:45:00+09:00,J5,306,254,560
2019-08-27T12:00:00+09:00,J1,760,759,1519
2019-08-27T12:00:00+09:00,J2,290,264,554
2019-08-27T12:00:00+09:00,J3,716,746,1462
2019-08-27T12:00:00+09:00,J4,457,413,870
2019-08-27T12:00:00+09:00,J5,288,265,553
2019-08-27T12:15:00+09:00,J1,688,739,1427
2019-08-27T12:15:00+09:00,J2,280,252,532
2019-08-27T12:15:00+09:00,J3,593,552,1145
2019-08-27T12:15:00+09:00,J4,481,450,931
2019-08-27T12:15:00+09:00,J5,283,273,556
2019-08-27T12:30:00+09:00,J1,692,729,1421
2019-08-27T12:30:00+09:00,J2,302,296,598
2019-08-27T12:30:00+09:00,J3,561,622,1183
2019-08-27T12:30:00+09:00,J4,479,525,1004
2019-08-27T12:30:00+09:00,J5,195,248,443
2019-08-27T12:45:00+09:00,J1,695,704,1399
2019-08-27T12:45:00+09:00,J2,282,282,564
2019-08-27T12:45:00+09:00,J3,571,559,1130
2019-08-27T12:45:00+09:00,J4,455,457,912
2019-08-27T12:45:00+09:00,J5,274,227,501
2019-08-27T13:00:00+09:00,J1,674,749,1423
2019-08-27T13:00:00+09:00,J2,290,268,558
2019-08-27T13:00:00+09:00,J3,661,540,1201
2019-08-27T13:00:00+09:00,J4,469,436,905
2019-08-27T13:00:00+09:00,J5,241,238,479
2019-08-27T13:15:00+09:00,J1,581,639,1220
2019-08-27T13:15:00+09:00,J2,309,301,610
2019-08-27T13:15:00+09:00,J3,645,541,1186
2019-08-27T13:15:00+09:00,J4,437,417,854
2019-08-27T13:15:00+09:00,J5,300,247,547
2019-08-27T13:30:00+09:00,J1,625,601,1226
2019-08-27T13:30:00+09:00,J2,312,306,618
2019-08-27T13:30:00+09:00,J3,688,609,1297
2019-08-27T13:30:00+09:00,J4,442,432,874
2019-08-27T13:30:00+09:00,J5,265,244,509
2019-08-27T13:45:00+09:00,J1,587,571,1158
2019-08-27T13:45:00+09:00,J2,322,313,635
2019-08-27T13:45:00+09:00,J3,670,540,1210
2019-08-27T13:45:00+09:00,J4,451,375,826
2019-08-27T13:45:00+09:00,J5,217,244,461
2019-08-27T14:00:00+09:00,J1,595,577,1172
2019-08-27T14:00:00+09:00,J2,324,327,651
2019-08-27T14:00:00+09:00,J3,612,554,1166
2019-08-27T14:00:00+09:00,J4,443,402,845
2019-08-27T14:00:00+09:00,J5,255,251,506
2019-08-27T14:15:00+09:00,J1,587,665,1252
2019-08-27T14:15:00+09:00,J2,323,345,668
2019-08-27T14:15:00+09:00,J3,634,545,1179
2019-08-27T14:15:00+09:00,J4,467,409,876
2019-08-27T14:15:00+09:00,J5,261,202,463
2019-08-27T14:30:00+09:00,J1,615,669,1284
2019-08-27T14:30:00+09:00,J2,343,243,586
2019-08-27T14:30:00+09:00,J3,689,579,1268
2019-08-27T14:30:00+09:00,J4,460,439,899
2019-08-27T14:30:00+09:00,J5,278,241,519
2019-08-27T14:45:00+09:00,J1,597,675,1272
2019-08-27T14:45:00+09:00,J2,359,341,700
2019-08-27T14:45:00+09:00,J3,622,511,1133
2019-08-27T14:45:00+09:00,J4,471,448,919
2019-08-27T14:45:00+09:00,J5,248,234,482
2019-08-27T15:00:00+09:00,J1,572,648,1220
2019-08-27T15:00:00+09:00,J2,335,285,620
2019-08-27T15:00:00+09:00,J3,649,559,1208
2019-08-27T15:00:00+09:00,J4,494,411,905
2019-08-27T15:00:00+09:00,J5,218,190,408
2019-08-27T15:15:00+09:00,J1,530,629,1159
2019-08-27T15:15:00+09:00,J2,317,289,606
2019-08-27T15:15:00+09:00,J3,651,570,1221
2019-08-27T15:15:00+09:00,J4,454,436,890
2019-08-27T15:15:00+09:00,J5,217,236,453
2019-08-27T15:30:00+09:00,J1,578,695,1273
2019-08-27T15:30:00+09:00,J2,423,387,810
2019-08-27T15:30:00+09:00,J3,576,577,1153
2019-08-27T15:30:00+09:00,J4,434,427,861
2019-08-27T15:30:00+09:00,J5,235,233,468
2019-08-27T15:45:00+09:00,J1,572,625,1197
2019-08-27T15:45:00+09:00,J2,421,354,775
2019-08-27T15:45:00+09:00,J3,642,535,1177
2019-08-27T15:45:00+09:00,J4,448,432,880
2019-08-27T15:45:00+09:00,J5,197,216,413
2019-08-27T16:00:00+09:00,J1,579,634,1213
2019-08-27T16:00:00+09:00,J2,390,322,712
2019-08-27T16:00:00+09:00,J3,601,542,1143
2019-08-27T16:00:00+09:00,J4,418,373,791
2019-08-27T16:00:00+09:00,J5,220,254,474
2019-08-27T16:15:00+09:00,J1,568,702,1270
2019-08-27T16:15:00+09:00,J2,385,286,671
2019-08-27T16:15:00+09:00,J3,636,537,1173
2019-08-27T16:15:00+09:00,J4,451,460,911
2019-08-27T16:15:00+09:00,J5,220,255,475
2019-08-27T16:30:00+09:00,J1,491,595,1086
2019-08-27T16:30:00+09:00,J2,350,322,672
2019-08-27T16:30:00+09:00,J3,619,559,1178
2019-08-27T16:30:00+09:00,J4,520,412,932
2019-08-27T16:30:00+09:00,J5,259,243,502
2019-08-27T16:45:00+09:00,J1,484,569,1053
2019-08-27T16:45:00+09:00,J2,379,339,718
2019-08-27T16:45:00+09:00,J3,563,555,1118
2019-08-27T16:45:00+09:00,J4,430,379,809
2019-08-27T16:45:00+09:00,J5,221,248,469
2019-08-27T17:00:00+09:00,J1,594,691,1285
2019-08-27T17:00:00+09:00,J2,442,357,799
2019-08-27T17:00:00+09:00,J3,686,579,1265
2019-08-27T17:00:00+09:00,J4,396,408,804
2019-08-27T17:00:00+09:00,J5,248,304,552
2019-08-27T17:15:00+09:00,J1,666,796,1462
2019-08-27T17:15:00+09:00,J2,440,299,739
2019-08-27T17:15:00+09:00,J3,724,639,1363
2019-08-27T17:15:00+09:00,J4,472,411,883
2019-08-27T17:15:00+09:00,J5,259,331,590
2019-08-27T17:30:00+09:00,J1,711,900,1611
2019-08-27T17:30:00+09:00,J2,430,314,744
2019-08-27T17:30:00+09:00,J3,688,698,1386
2019-08-27T17:30:00+09:00,J4,531,422,953
2019-08-27T17:30:00+09:00,J5,259,288,547
2019-08-27T17:45:00+09:00,J1,818,932,1750
2019-08-27T17:45:00+09:00,J2,479,324,803
2019-08-27T17:45:00+09:00,J3,769,676,1445
2019-08-27T17:45:00+09:00,J4,543,448,991
2019-08-27T17:45:00+09:00,J5,289,351,640
2019-08-27T18:00:00+09:00,J1,714,908,1622
2019-08-27T18:00:00+09:00,J2,468,390,858
2019-08-27T18:00:00+09:00,J3,823,633,1456
2019-08-27T18:00:00+09:00,J4,584,429,1013
2019-08-27T18:00:00+09:00,J5,288,346,634
2019-08-27T18:15:00+09:00,J1,674,879,1553
2019-08-27T18:15:00+09:00,J2,455,335,790
2019-08-27T18:15:00+09:00,J3,628,559,1187
2019-08-27T18:15:00+09:00,J4,553,348,901
2019-08-27T18:15:00+09:00,J5,251,365,616
2019-08-27T18:30:00+09:00,J1,608,733,1341
2019-08-27T18:30:00+09:00,J2,372,345,717
2019-08-27T18:30:00+09:00,J3,585,516,1101
2019-08-27T18:30:00+09:00,J4,510,364,874
2019-08-27T18:30:00+09:00,J5,242,281,523
2019-08-27T18:45:00+09:00,J1,632,710,1342
2019-08-27T18:45:00+09:00,J2,343,328,671
2019-08-27T18:45:00+09:00,J3,552,497,1049
2019-08-27T18:45:00+09:00,J4,455,362,817
2019-08-27T18:45:00+09:00,J5,268,249,517
2019-08-27T19:00:00+09:00,J1,558,679,1237
2019-08-27T19:00:00+09:00,J2,406,268,674
2019-08-27T19:00:00+09:00,J3,593,540,1133
2019-08-27T19:00:00+09:00,J4,466,338,804
2019-08-27T19:00:00+09:00,J5,265,269,534
2019-08-27T19:15:00+09:00,J1,556,674,1230
2019-08-27T19:15:00+09:00,J2,364,247,611
2019-08-27T19:15:00+09:00,J3,563,516,1079
2019-08-27T19:15:00+09:00,J4,619,410,1029
2019-08-27T19:15:00+09:00,J5,244,318,562
2019-08-27T19:30:00+09:00,J1,528,640,1168
2019-08-27T19:30:00+09:00,J2,354,259,613
2019-08-27T19:30:00+09:00,J3,512,440,952
2019-08-27T19:30:00+09:00,J4,563,472,1035
2019-08-27T19:30:00+09:00,J5,253,274,527
2019-08-27T19:45:00+09:00,J1,473,608,1081
2019-08-27T19:45:00+09:00,J2,336,263,599
2019-08-27T19:45:00+09:00,J3,451,487,938
2019-08-27T19:45:00+09:00,J4,514,416,930
2019-08-27T19:45:00+09:00,J5,258,279,537
2019-08-27T20:00:00+09:00,J1,438,625,1063
2019-08-27T20:00:00+09:00,J2,312,291,603
2019-08-27T20:00:00+09:00,J3,479,524,1003
2019-08-27T20:00:00+09:00,J4,568,434,1002
2019-08-27T20:00:00+09:00,J5,302,297,599
2019-08-27T20:15:00+09:00,J1,496,564,1060
2019-08-27T20:15:00+09:00,J2,286,206,492
2019-08-27T20:15:00+09:00,J3,504,509,1013
2019-08-27T20:15:00+09:00,J4,643,507,1150
2019-08-27T20:15:00+09:00,J5,327,312,639
2019-08-27T20:30:00+09:00,J1,480,510,990
2019-08-27T20:30:00+09:00,J2,272,215,487
2019-08-27T20:30:00+09:00,J3,494,449,943
2019-08-27T20:30:00+09:00,J4,600,487,1087
2019-08-27T20:30:00+09:00,J5,298,250,548
2019-08-27T20:45:00+09:00,J1,438,518,956
2019-08-27T20:45:00+09:00,J2,274,219,493
2019-08-27T20:45:00+09:00,J3,531,465,996
2019-08-27T20:45:00+09:00,J4,570,442,1012
2019-08-27T20:45:00+09:00,J5,225,247,472
2019-08-27T21:00:00+09:00,J1,460,550,1010
2019-08-27T21:00:00+09:00,J2,321,207,528
2019-08-27T21:00:00+09:00,J3,500,334,834
2019-08-27T21:00:00+09:00,J4,573,454,1027
2019-08-27T21:00:00+09:00,J5,343,270,613
2019-08-27T21:15:00+09:00,J1,439,523,962
2019-08-27T21:15:00+09:00,J2,323,207,530
2019-08-27T21:15:00+09:00,J3,468,371,839
2019-08-27T21:15:00+09:00,J4,623,480,1103
2019-08-27T21:15:00+09:00,J5,398,353,751
2019-08-27T21:30:00+09:00,J1,436,430,866
2019-08-27T21:30:00+09:00,J2,281,166,447
2019-08-27T21:30:00+09:00,J3,349,317,666
2019-08-27T21:30:00+09:00,J4,595,511,1106
2019-08-27T21:30:00+09:00,J5,361,338,699
2019-08-27T21:45:00+09:00,J1,392,444,836
2019-08-27T21:45:00+09:00,J2,309,180,489
2019-08-27T21:45:00+09:00,J3,321,325,646
2019-08-27T21:45:00+09:00,J4,573,485,1058
2019-08-27T21:45:00+09:00,J5,368,351,719
2019-08-27T22:00:00+09:00,J1,376,414,790
2019-08-27T22:00:00+09:00,J2,276,253,529
2019-08-27T22:00:00+09:00,J3,346,299,645
2019-08-27T22:00:00+09:00,J4,545,420,965
2019-08-27T22:00:00+09:00,J5,377,381,758
2019-08-27T22:15:00+09:00,J1,380,437,817
2019-08-27T22:15:00+09:00,J2,240,228,468
2019-08-27T22:15:00+09:00,J3,315,334,649
2019-08-27T22:15:00+09:00,J4,560,444,1004
2019-08-27T22:15:00+09:00,J5,286,221,507
2019-08-27T22:30:00+09:00,J1,365,392,757
2019-08-27T22:30:00+09:00,J2,297,241,538
2019-08-27T22:30:00+09:00,J3,320,290,610
2019-08-27T22:30:00+09:00,J4,468,437,905
2019-08-27T22:30:00+09:00,J5,225,211,436
2019-08-27T22:45:00+09:00,J1,385,392,777
2019-08-27T22:45:00+09:00,J2,222,221,443
2019-08-27T22:45:00+09:00,J3,309,274,583
2019-08-27T22:45:00+09:00,J4,487,431,918
2019-08-27T22:45:00+09:00,J5,201,172,373
2019-08-27T23:00:00+09:00,J1,342,355,697
2019-08-27T23:00:00+09:00,J2,238,237,475
2019-08-27T23:00:00+09:00,J3,320,285,605
2019-08-27T23:00:00+09:00,J4,479,442,921
2019-08-27T23:00:00+09:00,J5,189,165,354
2019-08-27T23:15:00+09:00,J1,317,402,719
2019-08-27T23:15:00+09:00,J2,219,244,463
2019-08-27T23:15:00+09:00,J3,304,308,612
2019-08-27T23:15:00+09:00,J4,505,424,929
2019-08-27T23:15:00+09:00,J5,154,155,309
2019-08-27T23:30:00+09:00,J1,413,377,790
2019-08-27T23:30:00+09:00,J2,245,223,468
2019-08-27T23:30:00+09:00,J3,298,288,586
2019-08-27T23:30:00+09:00,J4,478,468,946
2019-08-27T23:30:00+09:00,J5,127,97,224
2019-08-27T23:45:00+09:00,J1,336,385,721
2019-08-27T23:45:00+09:00,J2,194,212,406
2019-08-27T23:45:00+09:00,J3,427,290,717
2019-08-27T23:45:00+09:00,J4,479,407,886
2019-08-27T23:45:00+09:00,J5,151,134,285
2019-08-28T00:00:00+09:00,J1,349,346,695
2019-08-28T00:00:00+09:00,J2,193,150,343
2019-08-28T00:00:00+09:00,J3,278,204,482
2019-08-28T00:00:00+09:00,J4,445,360,805
2019-08-28T00:00:00+09:00,J5,150,159,309
2019-08-28T00:15:00+09:00,J1,248,223,471
2019-08-28T00:15:00+09:00,J2,159,183,342
2019-08-28T00:15:00+09:00,J3,278,213,491
2019-08-28T00:15:00+09:00,J4,509,516,1025
2019-08-28T00:15:00+09:00,J5,154,97,251
2019-08-28T00:30:00+09:00,J1,263,213,476
2019-08-28T00:30:00+09:00,J2,135,145,280
2019-08-28T00:30:00+09:00,J3,249,177,426
2019-08-28T00:30:00+09:00,J4,501,431,932
2019-08-28T00:30:00+09:00,J5,277,240,517
2019-08-28T00:45:00+09:00,J1,242,203,445
2019-08-28T00:45:00+09:00,J2,141,167,308
2019-08-28T00:45:00+09:00,J3,258,183,441
2019-08-28T00:45:00+09:00,J4,499,510,1009
2019-08-28T00:45:00+09:00,J5,322,302,624
2019-08-28T05:45:00+09:00,J1,286,259,545
2019-08-28T05:45:00+09:00,J2,195,186,381
2019-08-28T05:45:00+09:00,J3,241,161,402
2019-08-28T05:45:00+09:00,J4,365,285,650
2019-08-28T05:45:00+09:00,J5,251,289,540
2019-08-28T06:00:00+09:00,J1,292,278,570
2019-08-28T06:00:00+09:00,J2,159,175,334
2019-08-28T06:00:00+09:00,J3,282,209,491
2019-08-28T06:00:00+09:00,J4,318,287,605
2019-08-28T06:00:00+09:00,J5,397,346,743
2019-08-28T06:15:00+09:00,J1,317,260,577
2019-08-28T06:15:00+09:00,J2,170,161,331
2019-08-28T06:15:00+09:00,J3,271,174,445
2019-08-28T06:15:00+09:00,J4,367,344,711
2019-08-28T06:15:00+09:00,J5,368,291,659
2019-08-28T06:30:00+09:00,J1,319,301,620
2019-08-28T06:30:00+09:00,J2,134,142,276
2019-08-28T06:30:00+09:00,J3,226,230,456
2019-08-28T06:30:00+09:00,J4,403,313,716
2019-08-28T06:30:00+09:00,J5,298,336,634
2019-08-28T06:45:00+09:00,J1,366,315,681
2019-08-28T06:45:00+09:00,J2,177,176,353
2019-08-28T06:45:00+09:00,J3,366,288,654
2019-08-28T06:45:00+09:00,J4,507,488,995
2019-08-28T06:45:00+09:00,J5,293,279,572
2019-08-28T07:00:00+09:00,J1,373,370,743
2019-08-28T07:00:00+09:00,J2,159,140,299
2019-08-28T07:00:00+09:00,J3,335,271,606
2019-08-28T07:00:00+09:00,J4,367,394,761
2019-08-28T07:00:00+09:00,J5,307,283,590
2019-08-28T07:15:00+09:00,J1,329,299,628
2019-08-28T07:15:00+09:00,J2,221,233,454
2019-08-28T07:15:00+09:00,J3,454,307,761
2019-08-28T07:15:00+09:00,J4,415,423,838
2019-08-28T07:15:00+09:00,J5,260,283,543
2019-08-28T07:30:00+09:00,J1,627,502,1129
2019-08-28T07:30:00+09:00,J2,241,299,540
2019-08-28T07:30:00+09:00,J3,782,698,1480
2019-08-28T07:30:00+09:00,J4,589,798,1387
2019-08-28T07:30:00+09:00,J5,339,308,647
2019-08-28T07:45:00+09:00,J1,645,486,1131
2019-08-28T07:45:00+09:00,J2,336,291,627
2019-08-28T07:45:00+09:00,J3,645,675,1320
2019-08-28T07:45:00+09:00,J4,506,759,1265
2019-08-28T07:45:00+09:00,J5,337,274,611
2019-08-28T08:00:00+09:00,J1,846,577,1423
2019-08-28T08:00:00+09:00,J2,423,245,668
2019-08-28T08:00:00+09:00,J3,771,801,1572
2019-08-28T08:00:00+09:00,J4,549,685,1234
2019-08-28T08:00:00+09:00,J5,284,272,556
2019-08-28T08:15:00+09:00,J1,1125,670,1795
2019-08-28T08:15:00+09:00,J2,568,292,860
2019-08-28T08:15:00+09:00,J3,790,953,1743
2019-08-28T08:15:00+09:00,J4,499,848,1347
2019-08-28T08:15:00+09:00,J5,254,313,567
2019-08-28T08:30:00+09:00,J1,1062,628,1690
2019-08-28T08:30:00+09:00,J2,543,321,864
2019-08-28T08:30:00+09:00,J3,879,998,1877
2019-08-28T08:30:00+09:00,J4,461,885,1346
2019-08-28T08:30:00+09:00,J5,261,323,584
2019-08-28T08:45:00+09:00,J1,874,583,1457
2019-08-28T08:45:00+09:00,J2,444,317,761
2019-08-28T08:45:00+09:00,J3,723,806,1529
2019-08-28T08:45:00+09:00,J4,391,651,1042
2019-08-28T08:45:00+09:00,J5,232,308,540
2019-08-28T09:00:00+09:00,J1,748,561,1309
2019-08-28T09:00:00+09:00,J2,401,298,699
2019-08-28T09:00:00+09:00,J3,782,628,1410
2019-08-28T09:00:00+09:00,J4,398,502,900
2019-08-28T09:00:00+09:00,J5,161,278,439
2019-08-28T09:15:00+09:00,J1,630,526,1156
2019-08-28T09:15:00+09:00,J2,390,267,657
2019-08-28T09:15:00+09:00,J3,638,564,1202
2019-08-28T09:15:00+09:00,J4,388,572,960
2019-08-28T09:15:00+09:00,J5,284,267,551
2019-08-28T09:30:00+09:00,J1,623,540,1163
2019-08-28T09:30:00+09:00,J2,420,271,691
2019-08-28T09:30:00+09:00,J3,601,596,1197
2019-08-28T09:30:00+09:00,J4,458,487,945
2019-08-28T09:30:00+09:00,J5,205,274,479
2019-08-28T09:45:00+09:00,J1,635,569,1204
2019-08-28T09:45:00+09:00,J2,352,249,601
2019-08-28T09:45:00+09:00,J3,613,604,1217
2019-08-28T09:45:00+09:00,J4,539,556,1095
2019-08-28T09:45:00+09:00,J5,244,270,514
2019-08-28T10:00:00+09:00,J1,619,565,1184
2019-08-28T10:00:00+09:00,J2,371,210,581
2019-08-28T10:00:00+09:00,J3,624,534,1158
2019-08-28T10:00:00+09:00,J4,614,616,1230
2019-08-28T10:00:00+09:00,J5,290,311,601
2019-08-28T10:15:00+09:00,J1,609,650,1259
2019-08-28T10:15:00+09:00,J2,388,209,597
2019-08-28T10:15:00+09:00,J3,654,630,1284
2019-08-28T10:15:00+09:00,J4,601,566,1167
2019-08-28T10:15:00+09:00,J5,267,281,548
2019-08-28T10:30:00+09:00,J1,727,668,1395
2019-08-28T10:30:00+09:00,J2,457,233,690
2019-08-28T10:30:00+09:00,J3,666,728,1394
2019-08-28T10:30:00+09:00,J4,624,624,1248
2019-08-28T10:30:00+09:00,J5,287,289,576
2019-08-28T10:45:00+09:00,J1,593,551,1144
2019-08-28T10:45:00+09:00,J2,417,215,632
2019-08-28T10:45:00+09:00,J3,627,663,1290
2019-08-28T10:45:00+09:00,J4,582,516,1098
2019-08-28T10:45:00+09:00,J5,264,309,573
2019-08-28T11:00:00+09:00,J1,582,684,1266
2019-08-28T11:00:00+09:00,J2,411,171,582
2019-08-28T11:00:00+09:00,J3,632,671,1303
2019-08-28T11:00:00+09:00,J4,667,630,1297
2019-08-28T11:00:00+09:00,J5,219,258,477
2019-08-28T11:15:00+09:00,J1,726,691,1417
2019-08-28T11:15:00+09:00,J2,424,249,673
2019-08-28T11:15:00+09:00,J3,851,748,1599
2019-08-28T11:15:00+09:00,J4,585,523,1108
2019-08-28T11:15:00+09:00,J5,254,284,538
2019-08-28T11:30:00+09:00,J1,749,730,1479
2019-08-28T11:30:00+09:00,J2,421,250,671
2019-08-28T11:30:00+09:00,J3,685,727,1412
2019-08-28T11:30:00+09:00,J4,631,561,1192
2019-08-28T11:30:00+09:00,J5,237,254,491
2019-08-28T11:45:00+09:00,J1,660,783,1443
2019-08-28T11:45:00+09:00,J2,454,233,687
2019-08-28T11:45:00+09:00,J3,661,699,1360
2019-08-28T11:45:00+09:00,J4,580,526,1106
2019-08-28T11:45:00+09:00,J5,236,251,487
2019-08-28T12:00:00+09:00,J1,742,828,1570
2019-08-28T12:00:00+09:00,J2,441,246,687
2019-08-28T12:00:00+09:00,J3,690,758,1448
2019-08-28T12:00:00+09:00,J4,594,512,1106
2019-08-28T12:00:00+09:00,J5,274,247,521
2019-08-28T12:15:00+09:00,J1,758,800,1558
2019-08-28T12:15:00+09:00,J2,486,245,731
2019-08-28T12:15:00+09:00,J3,718,631,1349
2019-08-28T12:15:00+09:00,J4,657,532,1189
2019-08-28T12:15:00+09:00,J5,263,283,546
2019-08-28T12:30:00+09:00,J1,753,917,1670
2019-08-28T12:30:00+09:00,J2,537,315,852
2019-08-28T12:30:00+09:00,J3,755,737,1492
2019-08-28T12:30:00+09:00,J4,491,565,1056
2019-08-28T12:30:00+09:00,J5,296,279,575
2019-08-28T12:45:00+09:00,J1,779,872,1651
2019-08-28T12:45:00+09:00,J2,511,305,816
2019-08-28T12:45:00+09:00,J3,761,758,1519
2019-08-28T12:45:00+09:00,J4,541,491,1032
2019-08-28T12:45:00+09:00,J5,278,320,598
2019-08-28T13:00:00+09:00,J1,764,802,1566
2019-08-28T13:00:00+09:00,J2,466,224,690
2019-08-28T13:00:00+09:00,J3,684,669,1353
2019-08-28T13:00:00+09:00,J4,540,498,1038
2019-08-28T13:00:00+09:00,J5,248,304,552
2019-08-28T13:15:00+09:00,J1,734,782,1516
2019-08-28T13:15:00+09:00,J2,476,197,673
2019-08-28T13:15:00+09:00,J3,754,698,1452
2019-08-28T13:15:00+09:00,J4,475,478,953
2019-08-28T13:15:00+09:00,J5,281,278,559
2019-08-28T13:30:00+09:00,J1,729,785,1514
2019-08-28T13:30:00+09:00,J2,449,257,706
2019-08-28T13:30:00+09:00,J3,643,623,1266
2019-08-28T13:30:00+09:00,J4,483,491,974
2019-08-28T13:30:00+09:00,J5,288,243,531
2019-08-28T13:45:00+09:00,J1,705,751,1456
2019-08-28T13:45:00+09:00,J2,438,226,664
2019-08-28T13:45:00+09:00,J3,584,593,1177
2019-08-28T13:45:00+09:00,J4,560,499,1059
2019-08-28T13:45:00+09:00,J5,281,219,500
2019-08-28T14:00:00+09:00,J1,682,822,1504
2019-08-28T14:00:00+09:00,J2,454,249,703
2019-08-28T14:00:00+09:00,J3,601,548,1149
2019-08-28T14:00:00+09:00,J4,526,483,1009
2019-08-28T14:00:00+09:00,J5,236,208,444
2019-08-28T14:15:00+09:00,J1,682,816,1498
2019-08-28T14:15:00+09:00,J2,449,270,719
2019-08-28T14:15:00+09:00,J3,635,620,1255
2019-08-28T14:15:00+09:00,J4,605,523,1128
2019-08-28T14:15:00+09:00,J5,242,255,497
2019-08-28T14:30:00+09:00,J1,682,795,1477
2019-08-28T14:30:00+09:00,J2,455,231,686
2019-08-28T14:30:00+09:00,J3,653,596,1249
2019-08-28T14:30:00+09:00,J4,593,491,1084
2019-08-28T14:30:00+09:00,J5,251,262,513
2019-08-28T14:45:00+09:00,J1,665,819,1484
2019-08-28T14:45:00+09:00,J2,425,291,716
2019-08-28T14:45:00+09:00,J3,612,611,1223
2019-08-28T14:45:00+09:00,J4,584,516,1100
2019-08-28T14:45:00+09:00,J5,290,231,521
2019-08-28T15:00:00+09:00,J1,652,804,1456
2019-08-28T15:00:00+09:00,J2,492,337,829
2019-08-28T15:00:00+09:00,J3,645,649,1294
2019-08-28T15:00:00+09:00,J4,505,488,993
2019-08-28T15:00:00+09:00,J5,264,253,517
2019-08-28T15:15:00+09:00,J1,766,928,1694
2019-08-28T15:15:00+09:00,J2,490,266,756
2019-08-28T15:15:00+09:00,J3,652,686,1338
2019-08-28T15:15:00+09:00,J4,485,433,918
2019-08-28T15:15:00+09:00,J5,256,233,489
2019-08-28T15:30:00+09:00,J1,726,855,1581
2019-08-28T15:30:00+09:00,J2,501,283,784
2019-08-28T15:30:00+09:00,J3,651,652,1303
2019-08-28T15:30:00+09:00,J4,478,441,919
2019-08-28T15:30:00+09:00,J5,252,264,516
2019-08-28T15:45:00+09:00,J1,770,867,1637
2019-08-28T15:45:00+09:00,J2,530,328,858
2019-08-28T15:45:00+09:00,J3,615,727,1342
2019-08-28T15:45:00+09:00,J4,609,502,1111
2019-08-28T15:45:00+09:00,J5,262,233,495
2019-08-28T16:00:00+09:00,J1,764,864,1628
2019-08-28T16:00:00+09:00,J2,483,292,775
2019-08-28T16:00:00+09:00,J3,688,660,1348
2019-08-28T16:00:00+09:00,J4,471,401,872
2019-08-28T16:00:00+09:00,J5,224,260,484
2019-08-28T16:15:00+09:00,J1,772,920,1692
2019-08-28T16:15:00+09:00,J2,557,299,856
2019-08-28T16:15:00+09:00,J3,712,689,1401
2019-08-28T16:15:00+09:00,J4,550,440,990
2019-08-28T16:15:00+09:00,J5,259,293,552
2019-08-28T16:30:00+09:00,J1,740,889,1629
2019-08-28T16:30:00+09:00,J2,560,291,851
2019-08-28T16:30:00+09:00,J3,725,710,1435
2019-08-28T16:30:00+09:00,J4,541,480,1021
2019-08-28T16:30:00+09:00,J5,266,310,576
2019-08-28T16:45:00+09:00,J1,801,970,1771
2019-08-28T16:45:00+09:00,J2,518,346,864
2019-08-28T16:45:00+09:00,J3,708,678,1386
2019-08-28T16:45:00+09:00,J4,622,522,1144
2019-08-28T16:45:00+09:00,J5,306,306,612
2019-08-28T17:00:00+09:00,J1,825,1062,1887
2019-08-28T17:00:00+09:00,J2,577,368,945
2019-08-28T17:00:00+09:00,J3,772,754,1526
2019-08-28T17:00:00+09:00,J4,573,440,1013
2019-08-28T17:00:00+09:00,J5,343,318,661
2019-08-28T17:15:00+09:00,J1,942,1138,2080
2019-08-28T17:15:00+09:00,J2,663,408,1071
2019-08-28T17:15:00+09:00,J3,905,862,1767
2019-08-28T17:15:00+09:00,J4,618,421,1039
2019-08-28T17:15:00+09:00,J5,348,407,755
2019-08-28T17:30:00+09:00,J1,960,1235,2195
2019-08-28T17:30:00+09:00,J2,710,396,1106
2019-08-28T17:30:00+09:00,J3,997,854,1851
2019-08-28T17:30:00+09:00,J4,653,544,1197
2019-08-28T17:30:00+09:00,J5,319,380,699
2019-08-28T17:45:00+09:00,J1,977,1335,2312
2019-08-28T17:45:00+09:00,J2,711,432,1143
2019-08-28T17:45:00+09:00,J3,1060,904,1964
2019-08-28T17:45:00+09:00,J4,747,556,1303
2019-08-28T17:45:00+09:00,J5,381,469,850
2019-08-28T18:00:00+09:00,J1,973,1221,2194
2019-08-28T18:00:00+09:00,J2,676,432,1108
2019-08-28T18:00:00+09:00,J3,1134,867,2001
2019-08-28T18:00:00+09:00,J4,753,496,1249
2019-08-28T18:00:00+09:00,J5,364,475,839
2019-08-28T18:15:00+09:00,J1,1041,1265,2306
2019-08-28T18:15:00+09:00,J2,660,448,1108
2019-08-28T18:15:00+09:00,J3,990,824,1814
2019-08-28T18:15:00+09:00,J4,760,495,1255
2019-08-28T18:15:00+09:00,J5,377,435,812
2019-08-28T18:30:00+09:00,J1,958,1111,2069
2019-08-28T18:30:00+09:00,J2,641,356,997
2019-08-28T18:30:00+09:00,J3,876,720,1596
2019-08-28T18:30:00+09:00,J4,759,481,1240
2019-08-28T18:30:00+09:00,J5,390,442,832
2019-08-28T18:45:00+09:00,J1,882,1006,1888
2019-08-28T18:45:00+09:00,J2,508,349,857
2019-08-28T18:45:00+09:00,J3,702,667,1369
2019-08-28T18:45:00+09:00,J4,692,467,1159
2019-08-28T18:45:00+09:00,J5,468,407,875
2019-08-28T19:00:00+09:00,J1,791,913,1704
2019-08-28T19:00:00+09:00,J2,532,304,836
2019-08-28T19:00:00+09:00,J3,701,603,1304
2019-08-28T19:00:00+09:00,J4,607,444,1051
2019-08-28T19:00:00+09:00,J5,496,461,957
2019-08-28T19:15:00+09:00,J1,764,957,1721
2019-08-28T19:15:00+09:00,J2,554,345,899
2019-08-28T19:15:00+09:00,J3,743,614,1357
2019-08-28T19:15:00+09:00,J4,726,435,1161
2019-08-28T19:15:00+09:00,J5,527,583,1110
2019-08-28T19:30:00+09:00,J1,722,864,1586
2019-08-28T19:30:00+09:00,J2,502,319,821
2019-08-28T19:30:00+09:00,J3,738,626,1364
2019-08-28T19:30:00+09:00,J4,703,505,1208
2019-08-28T19:30:00+09:00,J5,554,580,1134
2019-08-28T19:45:00+09:00,J1,677,749,1426
2019-08-28T19:45:00+09:00,J2,439,263,702
2019-08-28T19:45:00+09:00,J3,644,560,1204
2019-08-28T19:45:00+09:00,J4,669,545,1214
2019-08-28T19:45:00+09:00,J5,542,595,1137
2019-08-28T20:00:00+09:00,J1,590,751,1341
2019-08-28T20:00:00+09:00,J2,436,241,677
2019-08-28T20:00:00+09:00,J3,716,591,1307
2019-08-28T20:00:00+09:00,J4,685,599,1284
2019-08-28T20:00:00+09:00,J5,562,613,1175
2019-08-28T20:15:00+09:00,J1,641,826,1467
2019-08-28T20:15:00+09:00,J2,391,247,638
2019-08-28T20:15:00+09:00,J3,687,497,1184
2019-08-28T20:15:00+09:00,J4,741,551,1292
2019-08-28T20:15:00+09:00,J5,542,616,1158
2019-08-28T20:30:00+09:00,J1,643,741,1384
2019-08-28T20:30:00+09:00,J2,379,242,621
2019-08-28T20:30:00+09:00,J3,726,513,1239
2019-08-28T20:30:00+09:00,J4,709,543,1252
2019-08-28T20:30:00+09:00,J5,517,596,1113
2019-08-28T20:45:00+09:00,J1,600,683,1283
2019-08-28T20:45:00+09:00,J2,344,212,556
2019-08-28T20:45:00+09:00,J3,628,471,1099
2019-08-28T20:45:00+09:00,J4,639,525,1164
2019-08-28T20:45:00+09:00,J5,489,591,1080
2019-08-28T21:00:00+09:00,J1,704,741,1445
2019-08-28T21:00:00+09:00,J2,361,262,623
2019-08-28T21:00:00+09:00,J3,667,570,1237
2019-08-28T21:00:00+09:00,J4,682,564,1246
2019-08-28T21:00:00+09:00,J5,479,511,990
2019-08-28T21:15:00+09:00,J1,715,889,1604
2019-08-28T21:15:00+09:00,J2,392,244,636
2019-08-28T21:15:00+09:00,J3,681,572,1253
2019-08-28T21:15:00+09:00,J4,726,612,1338
2019-08-28T21:15:00+09:00,J5,483,554,1037
2019-08-28T21:30:00+09:00,J1,688,781,1469
2019-08-28T21:30:00+09:00,J2,395,221,616
2019-08-28T21:30:00+09:00,J3,599,520,1119
2019-08-28T21:30:00+09:00,J4,667,465,1132
2019-08-28T21:30:00+09:00,J5,415,520,935
2019-08-28T21:45:00+09:00,J1,602,704,1306
2019-08-28T21:45:00+09:00,J2,350,271,621
2019-08-28T21:45:00+09:00,J3,560,455,1015
2019-08-28T21:45:00+09:00,J4,626,519,1145
2019-08-28T21:45:00+09:00,J5,391,489,880
2019-08-28T22:00:00+09:00,J1,640,677,1317
2019-08-28T22:00:00+09:00,J2,304,285,589
2019-08-28T22:00:00+09:00,J3,541,431,972
2019-08-28T22:00:00+09:00,J4,559,518,1077
2019-08-28T22:00:00+09:00,J5,425,484,909
2019-08-28T22:15:00+09:00,J1,508,559,1067
2019-08-28T22:15:00+09:00,J2,292,219,511
2019-08-28T22:15:00+09:00,J3,535,440,975
2019-08-28T22:15:00+09:00,J4,539,466,1005
2019-08-28T22:15:00+09:00,J5,379,444,823
2019-08-28T22:30:00+09:00,J1,496,638,1134
2019-08-28T22:30:00+09:00,J2,254,257,511
2019-08-28T22:30:00+09:00,J3,537,431,968
2019-08-28T22:30:00+09:00,J4,612,535,1147
2019-08-28T22:30:00+09:00,J5,420,428,848
2019-08-28T22:45:00+09:00,J1,551,638,1189
2019-08-28T22:45:00+09:00,J2,272,274,546
2019-08-28T22:45:00+09:00,J3,465,427,892
2019-08-28T22:45:00+09:00,J4,533,482,1015
2019-08-28T22:45:00+09:00,J5,208,175,383
2019-08-28T23:00:00+09:00,J1,498,510,1008
2019-08-28T23:00:00+09:00,J2,251,249,500
2019-08-28T23:00:00+09:00,J3,469,375,844
2019-08-28T23:00:00+09:00,J4,578,448,1026
2019-08-28T23:00:00+09:00,J5,155,141,296
2019-08-28T23:15:00+09:00,J1,509,508,1017
2019-08-28T23:15:00+09:00,J2,225,250,475
2019-08-28T23:15:00+09:00,J3,519,413,932
2019-08-28T23:15:00+09:00,J4,661,605,1266
2019-08-28T23:15:00+09:00,J5,199,140,339
2019-08-28T23:30:00+09:00,J1,449,477,926
2019-08-28T23:30:00+09:00,J2,242,245,487
2019-08-28T23:30:00+09:00,J3,492,421,913
2019-08-28T23:30:00+09:00,J4,480,450,930
2019-08-28T23:30:00+09:00,J5,172,152,324
2019-08-28T23:45:00+09:00,J1,406,495,901
2019-08-28T23:45:00+09:00,J2,181,206,387
2019-08-28T23:45:00+09:00,J3,450,369,819
2019-08-28T23:45:00+09:00,J4,438,444,882
2019-08-28T23:45:00+09:00,J5,175,123,298
2019-08-29T00:00:00+09:00,J1,368,427,795
2019-08-29T00:00:00+09:00,J2,169,181,350
2019-08-29T00:00:00+09:00,J3,331,290,621
2019-08-29T00:00:00+09:00,J4,391,356,747
2019-08-29T00:00:00+09:00,J5,173,149,322
2019-08-29T00:15:00+09:00,J1,214,224,438
2019-08-29T00:15:00+09:00,J2,111,163,274
2019-08-29T00:15:00+09:00,J3,265,240,505
2019-08-29T00:15:00+09:00,J4,251,224,475
2019-08-29T00:15:00+09:00,J5,282,295,577
2019-08-29T00:30:00+09:00,J1,191,197,388
2019-08-29T00:30:00+09:00,J2,123,170,293
2019-08-29T00:30:00+09:00,J3,249,277,526
2019-08-29T00:30:00+09:00,J4,259,250,509
2019-08-29T00:30:00+09:00,J5,285,251,536
2019-08-29T00:45:00+09:00,J1,294,287,581
2019-08-29T00:45:00+09:00,J2,107,150,257
2019-08-29T00:45:00+09:00,J3,234,250,484
2019-08-29T00:45:00+09:00,J4,270,236,506
2019-08-29T00:45:00+09:00,J5,220,239,459
2019-08-29T05:45:00+09:00,J1,400,392,792
2019-08-29T05:45:00+09:00,J2,159,149,308
2019-08-29T05:45:00+09:00,J3,317,329,646
2019-08-29T05:45:00+09:00,J4,243,241,484
2019-08-29T05:45:00+09:00,J5,178,195,373
2019-08-29T06:00:00+09:00,J1,359,358,717
2019-08-29T06:00:00+09:00,J2,128,131,259
2019-08-29T06:00:00+09:00,J3,254,245,499
2019-08-29T06:00:00+09:00,J4,271,283,554
2019-08-29T06:00:00+09:00,J5,263,221,484
2019-08-29T06:15:00+09:00,J1,345,329,674
2019-08-29T06:15:00+09:00,J2,144,149,293
2019-08-29T06:15:00+09:00,J3,208,216,424
2019-08-29T06:15:00+09:00,J4,278,290,568
2019-08-29T06:15:00+09:00,J5,285,321,606
2019-08-29T06:30:00+09:00,J1,344,320,664
2019-08-29T06:30:00+09:00,J2,155,167,322
2019-08-29T06:30:00+09:00,J3,209,158,367
2019-08-29T06:30:00+09:00,J4,305,342,647
2019-08-29T06:30:00+09:00,J5,332,377,709
2019-08-29T06:45:00+09:00,J1,449,363,812
2019-08-29T06:45:00+09:00,J2,163,182,345
2019-08-29T06:45:00+09:00,J3,282,221,503
2019-08-29T06:45:00+09:00,J4,275,315,590
2019-08-29T06:45:00+09:00,J5,332,323,655
2019-08-29T07:00:00+09:00,J1,448,406,854
2019-08-29T07:00:00+09:00,J2,206,196,402
2019-08-29T07:00:00+09:00,J3,300,273,573
2019-08-29T07:00:00+09:00,J4,297,368,665
2019-08-29T07:00:00+09:00,J5,299,375,674
2019-08-29T07:15:00+09:00,J1,450,395,845
2019-08-29T07:15:00+09:00,J2,266,218,484
2019-08-29T07:15:00+09:00,J3,363,291,654
2019-08-29T07:15:00+09:00,J4,335,387,722
2019-08-29T07:15:00+09:00,J5,318,361,679
2019-08-29T07:30:00+09:00,J1,533,449,982
2019-08-29T07:30:00+09:00,J2,212,233,445
2019-08-29T07:30:00+09:00,J3,570,520,1090
2019-08-29T07:30:00+09:00,J4,458,555,1013
2019-08-29T07:30:00+09:00,J5,340,283,623
2019-08-29T07:45:00+09:00,J1,680,497,1177
2019-08-29T07:45:00+09:00,J2,280,263,543
2019-08-29T07:45:00+09:00,J3,547,591,1138
2019-08-29T07:45:00+09:00,J4,510,781,1291
2019-08-29T07:45:00+09:00,J5,249,196,445
2019-08-29T08:00:00+09:00,J1,928,637,1565
2019-08-29T08:00:00+09:00,J2,337,252,589
2019-08-29T08:00:00+09:00,J3,647,687,1334
2019-08-29T08:00:00+09:00,J4,608,929,1537
2019-08-29T08:00:00+09:00,J5,298,190,488
2019-08-29T08:15:00+09:00,J1,1129,742,1871
2019-08-29T08:15:00+09:00,J2,442,253,695
2019-08-29T08:15:00+09:00,J3,700,790,1490
2019-08-29T08:15:00+09:00,J4,608,909,1517
2019-08-29T08:15:00+09:00,J5,322,297,619
2019-08-29T08:30:00+09:00,J1,1145,703,1848
2019-08-29T08:30:00+09:00,J2,426,298,724
2019-08-29T08:30:00+09:00,J3,624,846,1470
2019-08-29T08:30:00+09:00,J4,649,986,1635
2019-08-29T08:30:00+09:00,J5,276,367,643
2019-08-29T08:45:00+09:00,J1,914,671,1585
2019-08-29T08:45:00+09:00,J2,299,284,583
2019-08-29T08:45:00+09:00,J3,571,676,1247
2019-08-29T08:45:00+09:00,J4,577,774,1351
2019-08-29T08:45:00+09:00,J5,263,316,579
2019-08-29T09:00:00+09:00,J1,811,664,1475
2019-08-29T09:00:00+09:00,J2,328,280,608
2019-08-29T09:00:00+09:00,J3,603,639,1242
2019-08-29T09:00:00+09:00,J4,501,635,1136
2019-08-29T09:00:00+09:00,J5,266,236,502
2019-08-29T09:15:00+09:00,J1,719,582,1301
2019-08-29T09:15:00+09:00,J2,297,269,566
2019-08-29T09:15:00+09:00,J3,559,525,1084
2019-08-29T09:15:00+09:00,J4,535,601,1136
2019-08-29T09:15:00+09:00,J5,221,243,464
2019-08-29T09:30:00+09:00,J1,685,559,1244
2019-08-29T09:30:00+09:00,J2,290,242,532
2019-08-29T09:30:00+09:00,J3,537,538,1075
2019-08-29T09:30:00+09:00,J4,564,559,1123
2019-08-29T09:30:00+09:00,J5,216,292,508
2019-08-29T09:45:00+09:00,J1,657,586,1243
2019-08-29T09:45:00+09:00,J2,351,256,607
2019-08-29T09:45:00+09:00,J3,493,484,977
2019-08-29T09:45:00+09:00,J4,501,548,1049
2019-08-29T09:45:00+09:00,J5,204,268,472
2019-08-29T10:00:00+09:00,J1,601,600,1201
2019-08-29T10:00:00+09:00,J2,283,236,519
2019-08-29T10:00:00+09:00,J3,548,519,1067
2019-08-29T10:00:00+09:00,J4,489,502,991
2019-08-29T10:00:00+09:00,J5,229,216,445
2019-08-29T10:15:00+09:00,J1,663,619,1282
2019-08-29T10:15:00+09:00,J2,416,244,660
2019-08-29T10:15:00+09:00,J3,529,511,1040
2019-08-29T10:15:00+09:00,J4,427,412,839
2019-08-29T10:15:00+09:00,J5,261,248,509
2019-08-29T10:30:00+09:00,J1,685,677,1362
2019-08-29T10:30:00+09:00,J2,444,277,721
2019-08-29T10:30:00+09:00,J3,634,546,1180
2019-08-29T10:30:00+09:00,J4,458,487,945
2019-08-29T10:30:00+09:00,J5,256,260,516
2019-08-29T10:45:00+09:00,J1,620,614,1234
2019-08-29T10:45:00+09:00,J2,396,263,659
2019-08-29T10:45:00+09:00,J3,612,580,1192
2019-08-29T10:45:00+09:00,J4,440,455,895
2019-08-29T10:45:00+09:00,J5,237,228,465
2019-08-29T11:00:00+09:00,J1,635,600,1235
2019-08-29T11:00:00+09:00,J2,381,253,634
2019-08-29T11:00:00+09:00,J3,575,533,1108
2019-08-29T11:00:00+09:00,J4,416,434,850
2019-08-29T11:00:00+09:00,J5,182,233,415
2019-08-29T11:15:00+09:00,J1,686,713,1399
2019-08-29T11:15:00+09:00,J2,392,276,668
2019-08-29T11:15:00+09:00,J3,700,684,1384
2019-08-29T11:15:00+09:00,J4,369,358,727
2019-08-29T11:15:00+09:00,J5,257,251,508
2019-08-29T11:30:00+09:00,J1,784,743,1527
2019-08-29T11:30:00+09:00,J2,371,265,636
2019-08-29T11:30:00+09:00,J3,811,723,1534
2019-08-29T11:30:00+09:00,J4,340,357,697
2019-08-29T11:30:00+09:00,J5,239,271,510
2019-08-29T11:45:00+09:00,J1,680,722,1402
2019-08-29T11:45:00+09:00,J2,294,274,568
2019-08-29T11:45:00+09:00,J3,713,660,1373
2019-08-29T11:45:00+09:00,J4,329,397,726
2019-08-29T11:45:00+09:00,J5,201,213,414
2019-08-29T12:00:00+09:00,J1,758,857,1615
2019-08-29T12:00:00+09:00,J2,367,284,651
2019-08-29T12:00:00+09:00,J3,738,700,1438
2019-08-29T12:00:00+09:00,J4,333,354,687
2019-08-29T12:00:00+09:00,J5,230,280,510
2019-08-29T12:15:00+09:00,J1,654,758,1412
2019-08-29T12:15:00+09:00,J2,343,294,637
2019-08-29T12:15:00+09:00,J3,676,655,1331
2019-08-29T12:15:00+09:00,J4,383,365,748
2019-08-29T12:15:00+09:00,J5,228,267,495
2019-08-29T12:30:00+09:00,J1,710,729,1439
2019-08-29T12:30:00+09:00,J2,341,276,617
2019-08-29T12:30:00+09:00,J3,647,704,1351
2019-08-29T12:30:00+09:00,J4,380,407,787
2019-08-29T12:30:00+09:00,J5,220,267,487
2019-08-29T12:45:00+09:00,J1,641,702,1343
2019-08-29T12:45:00+09:00,J2,324,243,567
2019-08-29T12:45:00+09:00,J3,657,619,1276
2019-08-29T12:45:00+09:00,J4,344,386,730
2019-08-29T12:45:00+09:00,J5,233,240,473
2019-08-29T13:00:00+09:00,J1,615,668,1283
2019-08-29T13:00:00+09:00,J2,285,293,578
2019-08-29T13:00:00+09:00,J3,661,688,1349
2019-08-29T13:00:00+09:00,J4,379,388,767
2019-08-29T13:00:00+09:00,J5,215,278,493
2019-08-29T13:15:00+09:00,J1,660,752,1412
2019-08-29T13:15:00+09:00,J2,260,284,544
2019-08-29T13:15:00+09:00,J3,668,644,1312
2019-08-29T13:15:00+09:00,J4,333,319,652
2019-08-29T13:15:00+09:00,J5,232,277,509
2019-08-29T13:30:00+09:00,J1,740,763,1503
2019-08-29T13:30:00+09:00,J2,350,285,635
2019-08-29T13:30:00+09:00,J3,686,699,1385
2019-08-29T13:30:00+09:00,J4,335,363,698
2019-08-29T13:30:00+09:00,J5,221,270,491
2019-08-29T13:45:00+09:00,J1,682,713,1395
2019-08-29T13:45:00+09:00,J2,357,295,652
2019-08-29T13:45:00+09:00,J3,625,685,1310
2019-08-29T13:45:00+09:00,J4,340,373,713
2019-08-29T13:45:00+09:00,J5,227,244,471
2019-08-29T14:00:00+09:00,J1,641,736,1377
2019-08-29T14:00:00+09:00,J2,313,273,586
2019-08-29T14:00:00+09:00,J3,657,658,1315
2019-08-29T14:00:00+09:00,J4,366,360,726
2019-08-29T14:00:00+09:00,J5,214,248,462
2019-08-29T14:15:00+09:00,J1,717,748,1465
2019-08-29T14:15:00+09:00,J2,298,293,591
2019-08-29T14:15:00+09:00,J3,678,615,1293
2019-08-29T14:15:00+09:00,J4,318,326,644
2019-08-29T14:15:00+09:00,J5,215,270,485
2019-08-29T14:30:00+09:00,J1,677,735,1412
2019-08-29T14:30:00+09:00,J2,366,303,669
2019-08-29T14:30:00+09:00,J3,615,588,1203
2019-08-29T14:30:00+09:00,J4,344,358,702
2019-08-29T14:30:00+09:00,J5,204,257,461
2019-08-29T14:45:00+09:00,J1,679,731,1410
2019-08-29T14:45:00+09:00,J2,305,274,579
2019-08-29T14:45:00+09:00,J3,610,662,1272
2019-08-29T14:45:00+09:00,J4,308,351,659
2019-08-29T14:45:00+09:00,J5,231,239,470
2019-08-29T15:00:00+09:00,J1,646,767,1413
2019-08-29T15:00:00+09:00,J2,295,279,574
2019-08-29T15:00:00+09:00,J3,638,640,1278
2019-08-29T15:00:00+09:00,J4,357,318,675
2019-08-29T15:00:00+09:00,J5,225,260,485
2019-08-29T15:15:00+09:00,J1,703,689,1392
2019-08-29T15:15:00+09:00,J2,350,313,663
2019-08-29T15:15:00+09:00,J3,583,640,1223
2019-08-29T15:15:00+09:00,J4,378,378,756
2019-08-29T15:15:00+09:00,J5,235,260,495
2019-08-29T15:30:00+09:00,J1,664,748,1412
2019-08-29T15:30:00+09:00,J2,331,287,618
2019-08-29T15:30:00+09:00,J3,645,660,1305
2019-08-29T15:30:00+09:00,J4,331,324,655
2019-08-29T15:30:00+09:00,J5,228,254,482
2019-08-29T15:45:00+09:00,J1,719,723,1442
2019-08-29T15:45:00+09:00,J2,268,255,523
2019-08-29T15:45:00+09:00,J3,612,675,1287
2019-08-29T15:45:00+09:00,J4,413,368,781
2019-08-29T15:45:00+09:00,J5,216,250,466
2019-08-29T16:00:00+09:00,J1,688,727,1415
2019-08-29T16:00:00+09:00,J2,277,263,540
2019-08-29T16:00:00+09:00,J3,605,677,1282
2019-08-29T16:00:00+09:00,J4,447,426,873
2019-08-29T16:00:00+09:00,J5,224,248,472
2019-08-29T16:15:00+09:00,J1,763,837,1600
2019-08-29T16:15:00+09:00,J2,371,283,654
2019-08-29T16:15:00+09:00,J3,618,667,1285
2019-08-29T16:15:00+09:00,J4,420,348,768
2019-08-29T16:15:00+09:00,J5,241,257,498
2019-08-29T16:30:00+09:00,J1,659,722,1381
2019-08-29T16:30:00+09:00,J2,328,299,627
2019-08-29T16:30:00+09:00,J3,611,712,1323
2019-08-29T16:30:00+09:00,J4,401,352,753
2019-08-29T16:30:00+09:00,J5,221,232,453
2019-08-29T16:45:00+09:00,J1,662,717,1379
2019-08-29T16:45:00+09:00,J2,396,290,686
2019-08-29T16:45:00+09:00,J3,621,679,1300
2019-08-29T16:45:00+09:00,J4,386,349,735
2019-08-29T16:45:00+09:00,J5,212,247,459
2019-08-29T17:00:00+09:00,J1,710,856,1566
2019-08-29T17:00:00+09:00,J2,374,314,688
2019-08-29T17:00:00+09:00,J3,711,732,1443
2019-08-29T17:00:00+09:00,J4,444,365,809
2019-08-29T17:00:00+09:00,J5,233,249,482
2019-08-29T17:15:00+09:00,J1,818,882,1700
2019-08-29T17:15:00+09:00,J2,414,323,737
2019-08-29T17:15:00+09:00,J3,773,815,1588
2019-08-29T17:15:00+09:00,J4,541,371,912
2019-08-29T17:15:00+09:00,J5,243,360,603
2019-08-29T17:30:00+09:00,J1,863,901,1764
2019-08-29T17:30:00+09:00,J2,439,312,751
2019-08-29T17:30:00+09:00,J3,875,784,1659
2019-08-29T17:30:00+09:00,J4,593,463,1056
2019-08-29T17:30:00+09:00,J5,248,355,603
2019-08-29T17:45:00+09:00,J1,820,964,1784
2019-08-29T17:45:00+09:00,J2,466,344,810
2019-08-29T17:45:00+09:00,J3,895,773,1668
2019-08-29T17:45:00+09:00,J4,652,372,1024
2019-08-29T17:45:00+09:00,J5,232,355,587
2019-08-29T18:00:00+09:00,J1,857,979,1836
2019-08-29T18:00:00+09:00,J2,417,302,719
2019-08-29T18:00:00+09:00,J3,918,713,1631
2019-08-29T18:00:00+09:00,J4,646,425,1071
2019-08-29T18:00:00+09:00,J5,272,371,643
2019-08-29T18:15:00+09:00,J1,866,1006,1872
2019-08-29T18:15:00+09:00,J2,513,338,851
2019-08-29T18:15:00+09:00,J3,849,720,1569
2019-08-29T18:15:00+09:00,J4,634,409,1043
2019-08-29T18:15:00+09:00,J5,275,412,687
2019-08-29T18:30:00+09:00,J1,780,889,1669
2019-08-29T18:30:00+09:00,J2,470,322,792
2019-08-29T18:30:00+09:00,J3,800,562,1362
2019-08-29T18:30:00+09:00,J4,552,320,872
2019-08-29T18:30:00+09:00,J5,277,292,569
2019-08-29T18:45:00+09:00,J1,830,915,1745
2019-08-29T18:45:00+09:00,J2,391,291,682
2019-08-29T18:45:00+09:00,J3,664,594,1258
2019-08-29T18:45:00+09:00,J4,508,337,845
2019-08-29T18:45:00+09:00,J5,268,287,555
2019-08-29T19:00:00+09:00,J1,638,758,1396
2019-08-29T19:00:00+09:00,J2,390,321,711
2019-08-29T19:00:00+09:00,J3,636,527,1163
2019-08-29T19:00:00+09:00,J4,401,349,750
2019-08-29T19:00:00+09:00,J5,260,269,529
2019-08-29T19:15:00+09:00,J1,641,817,1458
2019-08-29T19:15:00+09:00,J2,334,275,609
2019-08-29T19:15:00+09:00,J3,549,539,1088
2019-08-29T19:15:00+09:00,J4,441,363,804
2019-08-29T19:15:00+09:00,J5,267,255,522
2019-08-29T19:30:00+09:00,J1,551,684,1235
2019-08-29T19:30:00+09:00,J2,316,253,569
2019-08-29T19:30:00+09:00,J3,572,531,1103
2019-08-29T19:30:00+09:00,J4,418,322,740
2019-08-29T19:30:00+09:00,J5,288,262,550
2019-08-29T19:45:00+09:00,J1,484,584,1068
2019-08-29T19:45:00+09:00,J2,262,229,491
2019-08-29T19:45:00+09:00,J3,527,499,1026
2019-08-29T19:45:00+09:00,J4,395,271,666
2019-08-29T19:45:00+09:00,J5,265,231,496
2019-08-29T20:00:00+09:00,J1,510,621,1131
2019-08-29T20:00:00+09:00,J2,288,221,509
2019-08-29T20:00:00+09:00,J3,527,489,1016
2019-08-29T20:00:00+09:00,J4,452,334,786
2019-08-29T20:00:00+09:00,J5,261,280,541
2019-08-29T20:15:00+09:00,J1,497,618,1115
2019-08-29T20:15:00+09:00,J2,267,268,535
2019-08-29T20:15:00+09:00,J3,517,483,1000
2019-08-29T20:15:00+09:00,J4,493,379,872
2019-08-29T20:15:00+09:00,J5,259,215,474
2019-08-29T20:30:00+09:00,J1,509,589,1098
2019-08-29T20:30:00+09:00,J2,211,212,423
2019-08-29T20:30:00+09:00,J3,526,479,1005
2019-08-29T20:30:00+09:00,J4,489,366,855
2019-08-29T20:30:00+09:00,J5,283,238,521
2019-08-29T20:45:00+09:00,J1,528,616,1144
2019-08-29T20:45:00+09:00,J2,293,212,505
2019-08-29T20:45:00+09:00,J3,561,486,1047
2019-08-29T20:45:00+09:00,J4,504,358,862
2019-08-29T20:45:00+09:00,J5,302,229,531
2019-08-29T21:00:00+09:00,J1,550,592,1142
2019-08-29T21:00:00+09:00,J2,329,205,534
2019-08-29T21:00:00+09:00,J3,522,415,937
2019-08-29T21:00:00+09:00,J4,518,447,965
2019-08-29T21:00:00+09:00,J5,317,278,595
2019-08-29T21:15:00+09:00,J1,495,591,1086
2019-08-29T21:15:00+09:00,J2,329,223,552
2019-08-29T21:15:00+09:00,J3,514,389,903
2019-08-29T21:15:00+09:00,J4,529,385,914
2019-08-29T21:15:00+09:00,J5,350,312,662
2019-08-29T21:30:00+09:00,J1,497,588,1085
2019-08-29T21:30:00+09:00,J2,334,214,548
2019-08-29T21:30:00+09:00,J3,546,362,908
2019-08-29T21:30:00+09:00,J4,501,505,1006
2019-08-29T21:30:00+09:00,J5,390,341,731
2019-08-29T21:45:00+09:00,J1,439,494,933
2019-08-29T21:45:00+09:00,J2,279,241,520
2019-08-29T21:45:00+09:00,J3,418,324,742
2019-08-29T21:45:00+09:00,J4,534,482,1016
2019-08-29T21:45:00+09:00,J5,393,412,805
2019-08-29T22:00:00+09:00,J1,394,512,906
2019-08-29T22:00:00+09:00,J2,265,268,533
2019-08-29T22:00:00+09:00,J3,414,280,694
2019-08-29T22:00:00+09:00,J4,597,496,1093
2019-08-29T22:00:00+09:00,J5,392,357,749
2019-08-29T22:15:00+09:00,J1,389,446,835
2019-08-29T22:15:00+09:00,J2,238,262,500
2019-08-29T22:15:00+09:00,J3,350,255,605
2019-08-29T22:15:00+09:00,J4,540,473,1013
2019-08-29T22:15:00+09:00,J5,406,399,805
2019-08-29T22:30:00+09:00,J1,373,399,772
2019-08-29T22:30:00+09:00,J2,217,232,449
2019-08-29T22:30:00+09:00,J3,307,290,597
2019-08-29T22:30:00+09:00,J4,490,443,933
2019-08-29T22:30:00+09:00,J5,283,263,546
2019-08-29T22:45:00+09:00,J1,408,419,827
2019-08-29T22:45:00+09:00,J2,257,275,532
2019-08-29T22:45:00+09:00,J3,398,337,735
2019-08-29T22:45:00+09:00,J4,511,514,1025
2019-08-29T22:45:00+09:00,J5,170,139,309
2019-08-29T23:00:00+09:00,J1,382,405,787
2019-08-29T23:00:00+09:00,J2,192,221,413
2019-08-29T23:00:00+09:00,J3,325,256,581
2019-08-29T23:00:00+09:00,J4,500,488,988
2019-08-29T23:00:00+09:00,J5,145,149,294
2019-08-29T23:15:00+09:00,J1,374,417,791
2019-08-29T23:15:00+09:00,J2,175,242,417
2019-08-29T23:15:00+09:00,J3,334,305,639
2019-08-29T23:15:00+09:00,J4,548,502,1050
2019-08-29T23:15:00+09:00,J5,142,146,288
2019-08-29T23:30:00+09:00,J1,392,431,823
2019-08-29T23:30:00+09:00,J2,179,217,396
2019-08-29T23:30:00+09:00,J3,350,317,667
2019-08-29T23:30:00+09:00,J4,527,507,1034
2019-08-29T23:30:00+09:00,J5,144,119,263
2019-08-29T23:45:00+09:00,J1,327,374,701
2019-08-29T23:45:00+09:00,J2,205,207,412
2019-08-29T23:45:00+09:00,J3,318,279,597
2019-08-29T23:45:00+09:00,J4,522,433,955
2019-08-29T23:45:00+09:00,J5,164,128,292
2019-08-30T00:00:00+09:00,J1,336,300,636
2019-08-30T00:00:00+09:00,J2,192,212,404
2019-08-30T00:00:00+09:00,J3,267,212,479
2019-08-30T00:00:00+09:00,J4,523,452,975
2019-08-30T00:00:00+09:00,J5,119,112,231
2019-08-30T00:15:00+09:00,J1,245,218,463
2019-08-30T00:15:00+09:00,J2,129,195,324
2019-08-30T00:15:00+09:00,J3,310,222,532
2019-08-30T00:15:00+09:00,J4,487,528,1015
2019-08-30T00:15:00+09:00,J5,117,79,196
2019-08-30T00:30:00+09:00,J1,267,286,553
2019-08-30T00:30:00+09:00,J2,148,185,333
2019-08-30T00:30:00+09:00,J3,224,196,420
2019-08-30T00:30:00+09:00,J4,507,528,1035
2019-08-30T00:30:00+09:00,J5,149,90,239
2019-08-30T00:45:00+09:00,J1,267,247,514
2019-08-30T00:45:00+09:00,J2,159,194,353
2019-08-30T00:45:00+09:00,J3,230,176,406
2019-08-30T00:45:00+09:00,J4,516,526,1042
2019-08-30T00:45:00+09:00,J5,197,150,347
2019-08-30T05:45:00+09:00,J1,300,285,585
2019-08-30T05:45:00+09:00,J2,168,175,343
2019-08-30T05:45:00+09:00,J3,236,192,428
2019-08-30T05:45:00+09:00,J4,301,256,557
2019-08-30T05:45:00+09:00,J5,236,276,512
2019-08-30T06:00:00+09:00,J1,246,217,463
2019-08-30T06:00:00+09:00,J2,131,144,275
2019-08-30T06:00:00+09:00,J3,230,187,417
2019-08-30T06:00:00+09:00,J4,278,279,557
2019-08-30T06:00:00+09:00,J5,284,357,641
2019-08-30T06:15:00+09:00,J1,328,328,656
2019-08-30T06:15:00+09:00,J2,133,143,276
2019-08-30T06:15:00+09:00,J3,285,266,551
2019-08-30T06:15:00+09:00,J4,325,371,696
2019-08-30T06:15:00+09:00,J5,335,296,631
2019-08-30T06:30:00+09:00,J1,325,303,628
2019-08-30T06:30:00+09:00,J2,161,188,349
2019-08-30T06:30:00+09:00,J3,287,253,540
2019-08-30T06:30:00+09:00,J4,293,360,653
2019-08-30T06:30:00+09:00,J5,356,322,678
2019-08-30T06:45:00+09:00,J1,393,374,767
2019-08-30T06:45:00+09:00,J2,186,158,344
2019-08-30T06:45:00+09:00,J3,373,286,659
2019-08-30T06:45:00+09:00,J4,277,342,619
2019-08-30T06:45:00+09:00,J5,341,344,685
2019-08-30T07:00:00+09:00,J1,424,378,802
2019-08-30T07:00:00+09:00,J2,266,219,485
2019-08-30T07:00:00+09:00,J3,329,242,571
2019-08-30T07:00:00+09:00,J4,335,392,727
2019-08-30T07:00:00+09:00,J5,301,349,650
2019-08-30T07:15:00+09:00,J1,470,348,818
2019-08-30T07:15:00+09:00,J2,273,210,483
2019-08-30T07:15:00+09:00,J3,406,354,760
2019-08-30T07:15:00+09:00,J4,361,421,782
2019-08-30T07:15:00+09:00,J5,291,261,552
2019-08-30T07:30:00+09:00,J1,487,402,889
2019-08-30T07:30:00+09:00,J2,279,260,539
2019-08-30T07:30:00+09:00,J3,586,507,1093
2019-08-30T07:30:00+09:00,J4,492,586,1078
2019-08-30T07:30:00+09:00,J5,239,187,426
2019-08-30T07:45:00+09:00,J1,643,484,1127
2019-08-30T07:45:00+09:00,J2,381,274,655
2019-08-30T07:45:00+09:00,J3,582,574,1156
2019-08-30T07:45:00+09:00,J4,559,808,1367
2019-08-30T07:45:00+09:00,J5,226,148,374
2019-08-30T08:00:00+09:00,J1,941,615,1556
2019-08-30T08:00:00+09:00,J2,559,312,871
2019-08-30T08:00:00+09:00,J3,601,615,1216
2019-08-30T08:00:00+09:00,J4,602,913,1515
2019-08-30T08:00:00+09:00,J5,269,173,442
2019-08-30T08:15:00+09:00,J1,1144,689,1833
2019-08-30T08:15:00+09:00,J2,652,309,961
2019-08-30T08:15:00+09:00,J3,589,755,1344
2019-08-30T08:15:00+09:00,J4,583,1017,1600
2019-08-30T08:15:00+09:00,J5,312,298,610
2019-08-30T08:30:00+09:00,J1,1061,691,1752
2019-08-30T08:30:00+09:00,J2,761,300,1061
2019-08-30T08:30:00+09:00,J3,636,866,1502
2019-08-30T08:30:00+09:00,J4,665,895,1560
2019-08-30T08:30:00+09:00,J5,263,336,599
2019-08-30T08:45:00+09:00,J1,808,559,1367
2019-08-30T08:45:00+09:00,J2,555,314,869
2019-08-30T08:45:00+09:00,J3,675,779,1454
2019-08-30T08:45:00+09:00,J4,585,674,1259
2019-08-30T08:45:00+09:00,J5,227,294,521
2019-08-30T09:00:00+09:00,J1,663,558,1221
2019-08-30T09:00:00+09:00,J2,499,297,796
2019-08-30T09:00:00+09:00,J3,624,631,1255
2019-08-30T09:00:00+09:00,J4,466,607,1073
2019-08-30T09:00:00+09:00,J5,266,244,510
2019-08-30T09:15:00+09:00,J1,619,505,1124
2019-08-30T09:15:00+09:00,J2,466,321,787
2019-08-30T09:15:00+09:00,J3,615,564,1179
2019-08-30T09:15:00+09:00,J4,538,581,1119
2019-08-30T09:15:00+09:00,J5,193,228,421
2019-08-30T09:30:00+09:00,J1,564,456,1020
2019-08-30T09:30:00+09:00,J2,411,271,682
2019-08-30T09:30:00+09:00,J3,659,591,1250
2019-08-30T09:30:00+09:00,J4,515,549,1064
2019-08-30T09:30:00+09:00,J5,190,239,429
2019-08-30T09:45:00+09:00,J1,567,473,1040
2019-08-30T09:45:00+09:00,J2,416,268,684
2019-08-30T09:45:00+09:00,J3,607,583,1190
2019-08-30T09:45:00+09:00,J4,508,551,1059
2019-08-30T09:45:00+09:00,J5,217,256,473
2019-08-30T10:00:00+09:00,J1,586,513,1099
2019-08-30T10:00:00+09:00,J2,450,363,813
2019-08-30T10:00:00+09:00,J3,603,558,1161
2019-08-30T10:00:00+09:00,J4,469,510,979
2019-08-30T10:00:00+09:00,J5,193,234,427
2019-08-30T10:15:00+09:00,J1,511,476,987
2019-08-30T10:15:00+09:00,J2,450,367,817
2019-08-30T10:15:00+09:00,J3,531,512,1043
2019-08-30T10:15:00+09:00,J4,550,559,1109
2019-08-30T10:15:00+09:00,J5,214,216,430
2019-08-30T10:30:00+09:00,J1,582,588,1170
2019-08-30T10:30:00+09:00,J2,518,453,971
2019-08-30T10:30:00+09:00,J3,494,595,1089
2019-08-30T10:30:00+09:00,J4,523,517,1040
2019-08-30T10:30:00+09:00,J5,183,227,410
2019-08-30T10:45:00+09:00,J1,575,548,1123
2019-08-30T10:45:00+09:00,J2,456,478,934
2019-08-30T10:45:00+09:00,J3,477,606,1083
2019-08-30T10:45:00+09:00,J4,482,539,1021
2019-08-30T10:45:00+09:00,J5,191,236,427
2019-08-30T11:00:00+09:00,J1,593,524,1117
2019-08-30T11:00:00+09:00,J2,415,425,840
2019-08-30T11:00:00+09:00,J3,474,546,1020
2019-08-30T11:00:00+09:00,J4,545,481,1026
2019-08-30T11:00:00+09:00,J5,178,225,403
2019-08-30T11:15:00+09:00,J1,564,487,1051
2019-08-30T11:15:00+09:00,J2,404,394,798
2019-08-30T11:15:00+09:00,J3,647,644,1291
2019-08-30T11:15:00+09:00,J4,350,392,742
2019-08-30T11:15:00+09:00,J5,222,246,468
2019-08-30T11:30:00+09:00,J1,539,499,1038
2019-08-30T11:30:00+09:00,J2,381,385,766
2019-08-30T11:30:00+09:00,J3,675,670,1345
2019-08-30T11:30:00+09:00,J4,369,414,783
2019-08-30T11:30:00+09:00,J5,246,237,483
2019-08-30T11:45:00+09:00,J1,490,481,971
2019-08-30T11:45:00+09:00,J2,425,412,837
2019-08-30T11:45:00+09:00,J3,595,585,1180
2019-08-30T11:45:00+09:00,J4,411,391,802
2019-08-30T11:45:00+09:00,J5,222,211,433
2019-08-30T12:00:00+09:00,J1,484,521,1005
2019-08-30T12:00:00+09:00,J2,496,483,979
2019-08-30T12:00:00+09:00,J3,539,580,1119
2019-08-30T12:00:00+09:00,J4,424,412,836
2019-08-30T12:00:00+09:00,J5,257,249,506
2019-08-30T12:15:00+09:00,J1,572,616,1188
2019-08-30T12:15:00+09:00,J2,464,467,931
2019-08-30T12:15:00+09:00,J3,541,500,1041
2019-08-30T12:15:00+09:00,J4,533,510,1043
2019-08-30T12:15:00+09:00,J5,207,232,439
2019-08-30T12:30:00+09:00,J1,633,633,1266
2019-08-30T12:30:00+09:00,J2,441,475,916
2019-08-30T12:30:00+09:00,J3,482,602,1084
2019-08-30T12:30:00+09:00,J4,500,518,1018
2019-08-30T12:30:00+09:00,J5,258,267,525
2019-08-30T12:45:00+09:00,J1,568,614,1182
2019-08-30T12:45:00+09:00,J2,477,394,871
2019-08-30T12:45:00+09:00,J3,545,573,1118
2019-08-30T12:45:00+09:00,J4,550,518,1068
2019-08-30T12:45:00+09:00,J5,246,274,520
2019-08-30T13:00:00+09:00,J1,497,615,1112
2019-08-30T13:00:00+09:00,J2,413,419,832
2019-08-30T13:00:00+09:00,J3,693,566,1259
2019-08-30T13:00:00+09:00,J4,659,615,1274
2019-08-30T13:00:00+09:00,J5,249,298,547
2019-08-30T13:15:00+09:00,J1,483,528,1011
2019-08-30T13:15:00+09:00,J2,410,413,823
2019-08-30T13:15:00+09:00,J3,658,579,1237
2019-08-30T13:15:00+09:00,J4,608,568,1176
2019-08-30T13:15:00+09:00,J5,239,270,509
2019-08-30T13:30:00+09:00,J1,464,508,972
2019-08-30T13:30:00+09:00,J2,446,437,883
2019-08-30T13:30:00+09:00,J3,739,533,1272
2019-08-30T13:30:00+09:00,J4,732,619,1351
2019-08-30T13:30:00+09:00,J5,210,235,445
2019-08-30T13:45:00+09:00,J1,511,517,1028
2019-08-30T13:45:00+09:00,J2,464,455,919
2019-08-30T13:45:00+09:00,J3,766,636,1402
2019-08-30T13:45:00+09:00,J4,690,562,1252
2019-08-30T13:45:00+09:00,J5,197,241,438
2019-08-30T14:00:00+09:00,J1,494,609,1103
2019-08-30T14:00:00+09:00,J2,408,465,873
2019-08-30T14:00:00+09:00,J3,688,634,1322
2019-08-30T14:00:00+09:00,J4,590,641,1231
2019-08-30T14:00:00+09:00,J5,209,249,458
2019-08-30T14:15:00+09:00,J1,462,492,954
2019-08-30T14:15:00+09:00,J2,408,440,848
2019-08-30T14:15:00+09:00,J3,691,602,1293
2019-08-30T14:15:00+09:00,J4,629,505,1134
2019-08-30T14:15:00+09:00,J5,182,276,458
2019-08-30T14:30:00+09:00,J1,533,576,1109
2019-08-30T14:30:00+09:00,J2,424,448,872
2019-08-30T14:30:00+09:00,J3,732,573,1305
2019-08-30T14:30:00+09:00,J4,597,536,1133
2019-08-30T14:30:00+09:00,J5,242,263,505
2019-08-30T14:45:00+09:00,J1,450,555,1005
2019-08-30T14:45:00+09:00,J2,429,453,882
2019-08-30T14:45:00+09:00,J3,723,586,1309
2019-08-30T14:45:00+09:00,J4,621,537,1158
2019-08-30T14:45:00+09:00,J5,202,269,471
2019-08-30T15:00:00+09:00,J1,503,611,1114
2019-08-30T15:00:00+09:00,J2,457,424,881
2019-08-30T15:00:00+09:00,J3,692,565,1257
2019-08-30T15:00:00+09:00,J4,623,583,1206
2019-08-30T15:00:00+09:00,J5,204,237,441
2019-08-30T15:15:00+09:00,J1,489,567,1056
2019-08-30T15:15:00+09:00,J2,426,485,911
2019-08-30T15:15:00+09:00,J3,664,631,1295
2019-08-30T15:15:00+09:00,J4,587,596,1183
2019-08-30T15:15:00+09:00,J5,199,289,488
2019-08-30T15:30:00+09:00,J1,528,588,1116
2019-08-30T15:30:00+09:00,J2,470,464,934
2019-08-30T15:30:00+09:00,J3,742,608,1350
2019-08-30T15:30:00+09:00,J4,620,569,1189
2019-08-30T15:30:00+09:00,J5,200,266,466
2019-08-30T15:45:00+09:00,J1,530,692,1222
2019-08-30T15:45:00+09:00,J2,499,446,945
2019-08-30T15:45:00+09:00,J3,686,652,1338
2019-08-30T15:45:00+09:00,J4,562,564,1126
2019-08-30T15:45:00+09:00,J5,199,253,452
2019-08-30T16:00:00+09:00,J1,519,625,1144
2019-08-30T16:00:00+09:00,J2,454,472,926
2019-08-30T16:00:00+09:00,J3,738,575,1313
2019-08-30T16:00:00+09:00,J4,654,571,1225
2019-08-30T16:00:00+09:00,J5,209,229,438
2019-08-30T16:15:00+09:00,J1,574,615,1189
2019-08-30T16:15:00+09:00,J2,482,515,997
2019-08-30T16:15:00+09:00,J3,691,658,1349
2019-08-30T16:15:00+09:00,J4,596,522,1118
2019-08-30T16:15:00+09:00,J5,240,233,473
2019-08-30T16:30:00+09:00,J1,541,549,1090
2019-08-30T16:30:00+09:00,J2,482,432,914
2019-08-30T16:30:00+09:00,J3,674,668,1342
2019-08-30T16:30:00+09:00,J4,636,595,1231
2019-08-30T16:30:00+09:00,J5,256,273,529
2019-08-30T16:45:00+09:00,J1,554,634,1188
2019-08-30T16:45:00+09:00,J2,439,455,894
2019-08-30T16:45:00+09:00,J3,708,640,1348
2019-08-30T16:45:00+09:00,J4,520,496,1016
2019-08-30T16:45:00+09:00,J5,203,232,435
2019-08-30T17:00:00+09:00,J1,587,702,1289
2019-08-30T17:00:00+09:00,J2,581,521,1102
2019-08-30T17:00:00+09:00,J3,771,683,1454
2019-08-30T17:00:00+09:00,J4,554,467,1021
2019-08-30T17:00:00+09:00,J5,241,276,517
2019-08-30T17:15:00+09:00,J1,774,837,1611
2019-08-30T17:15:00+09:00,J2,588,554,1142
2019-08-30T17:15:00+09:00,J3,732,712,1444
2019-08-30T17:15:00+09:00,J4,565,482,1047
2019-08-30T17:15:00+09:00,J5,230,336,566
2019-08-30T17:30:00+09:00,J1,772,875,1647
2019-08-30T17:30:00+09:00,J2,654,649,1303
2019-08-30T17:30:00+09:00,J3,826,784,1610
2019-08-30T17:30:00+09:00,J4,696,480,1176
2019-08-30T17:30:00+09:00,J5,252,348,600
2019-08-30T17:45:00+09:00,J1,725,903,1628
2019-08-30T17:45:00+09:00,J2,642,632,1274
2019-08-30T17:45:00+09:00,J3,877,787,1664
2019-08-30T17:45:00+09:00,J4,815,474,1289
2019-08-30T17:45:00+09:00,J5,254,414,668
2019-08-30T18:00:00+09:00,J1,776,917,1693
2019-08-30T18:00:00+09:00,J2,724,620,1344
2019-08-30T18:00:00+09:00,J3,929,761,1690
2019-08-30T18:00:00+09:00,J4,749,452,1201
2019-08-30T18:00:00+09:00,J5,307,400,707
2019-08-30T18:15:00+09:00,J1,798,843,1641
2019-08-30T18:15:00+09:00,J2,657,600,1257
2019-08-30T18:15:00+09:00,J3,746,671,1417
2019-08-30T18:15:00+09:00,J4,762,442,1204
2019-08-30T18:15:00+09:00,J5,266,387,653
2019-08-30T18:30:00+09:00,J1,732,785,1517
2019-08-30T18:30:00+09:00,J2,612,630,1242
2019-08-30T18:30:00+09:00,J3,697,612,1309
2019-08-30T18:30:00+09:00,J4,631,379,1010
2019-08-30T18:30:00+09:00,J5,280,364,644
2019-08-30T18:45:00+09:00,J1,750,769,1519
2019-08-30T18:45:00+09:00,J2,569,600,1169
2019-08-30T18:45:00+09:00,J3,558,568,1126
2019-08-30T18:45:00+09:00,J4,523,352,875
2019-08-30T18:45:00+09:00,J5,244,319,563
2019-08-30T19:00:00+09:00,J1,653,715,1368
2019-08-30T19:00:00+09:00,J2,513,517,1030
2019-08-30T19:00:00+09:00,J3,599,512,1111
2019-08-30T19:00:00+09:00,J4,479,408,887
2019-08-30T19:00:00+09:00,J5,236,286,522
2019-08-30T19:15:00+09:00,J1,560,692,1252
2019-08-30T19:15:00+09:00,J2,453,492,945
2019-08-30T19:15:00+09:00,J3,688,551,1239
2019-08-30T19:15:00+09:00,J4,525,415,940
2019-08-30T19:15:00+09:00,J5,245,288,533
2019-08-30T19:30:00+09:00,J1,548,564,1112
2019-08-30T19:30:00+09:00,J2,512,515,1027
2019-08-30T19:30:00+09:00,J3,662,482,1144
2019-08-30T19:30:00+09:00,J4,485,373,858
2019-08-30T19:30:00+09:00,J5,258,242,500
2019-08-30T19:45:00+09:00,J1,507,588,1095
2019-08-30T19:45:00+09:00,J2,453,448,901
2019-08-30T19:45:00+09:00,J3,570,479,1049
2019-08-30T19:45:00+09:00,J4,499,393,892
2019-08-30T19:45:00+09:00,J5,251,255,506
2019-08-30T20:00:00+09:00,J1,550,603,1153
2019-08-30T20:00:00+09:00,J2,412,407,819
2019-08-30T20:00:00+09:00,J3,555,494,1049
2019-08-30T20:00:00+09:00,J4,655,523,1178
2019-08-30T20:00:00+09:00,J5,248,247,495
2019-08-30T20:15:00+09:00,J1,471,507,978
2019-08-30T20:15:00+09:00,J2,342,404,746
2019-08-30T20:15:00+09:00,J3,538,464,1002
2019-08-30T20:15:00+09:00,J4,656,543,1199
2019-08-30T20:15:00+09:00,J5,205,224,429
2019-08-30T20:30:00+09:00,J1,533,609,1142
2019-08-30T20:30:00+09:00,J2,404,327,731
2019-08-30T20:30:00+09:00,J3,484,446,930
2019-08-30T20:30:00+09:00,J4,533,426,959
2019-08-30T20:30:00+09:00,J5,254,223,477
2019-08-30T20:45:00+09:00,J1,482,523,1005
2019-08-30T20:45:00+09:00,J2,272,311,583
2019-08-30T20:45:00+09:00,J3,454,452,906
2019-08-30T20:45:00+09:00,J4,499,330,829
2019-08-30T20:45:00+09:00,J5,174,226,400
2019-08-30T21:00:00+09:00,J1,479,594,1073
2019-08-30T21:00:00+09:00,J2,284,312,596
2019-08-30T21:00:00+09:00,J3,437,412,849
2019-08-30T21:00:00+09:00,J4,483,374,857
2019-08-30T21:00:00+09:00,J5,205,218,423
2019-08-30T21:15:00+09:00,J1,491,597,1088
2019-08-30T21:15:00+09:00,J2,295,359,654
2019-08-30T21:15:00+09:00,J3,435,414,849
2019-08-30T21:15:00+09:00,J4,465,264,729
2019-08-30T21:15:00+09:00,J5,215,203,418
2019-08-30T21:30:00+09:00,J1,458,527,985
2019-08-30T21:30:00+09:00,J2,291,335,626
2019-08-30T21:30:00+09:00,J3,426,455,881
2019-08-30T21:30:00+09:00,J4,568,412,980
2019-08-30T21:30:00+09:00,J5,195,220,415
2019-08-30T21:45:00+09:00,J1,427,476,903
2019-08-30T21:45:00+09:00,J2,333,364,697
2019-08-30T21:45:00+09:00,J3,456,389,845
2019-08-30T21:45:00+09:00,J4,520,456,976
2019-08-30T21:45:00+09:00,J5,253,243,496
2019-08-30T22:00:00+09:00,J1,422,498,920
2019-08-30T22:00:00+09:00,J2,341,301,642
2019-08-30T22:00:00+09:00,J3,520,417,937
2019-08-30T22:00:00+09:00,J4,588,498,1086
2019-08-30T22:00:00+09:00,J5,301,302,603
2019-08-30T22:15:00+09:00,J1,396,448,844
2019-08-30T22:15:00+09:00,J2,338,276,614
2019-08-30T22:15:00+09:00,J3,466,359,825
2019-08-30T22:15:00+09:00,J4,526,487,1013
2019-08-30T22:15:00+09:00,J5,257,271,528
2019-08-30T22:30:00+09:00,J1,411,458,869
2019-08-30T22:30:00+09:00,J2,355,291,646
2019-08-30T22:30:00+09:00,J3,465,369,834
2019-08-30T22:30:00+09:00,J4,563,498,1061
2019-08-30T22:30:00+09:00,J5,184,196,380
2019-08-30T22:45:00+09:00,J1,401,397,798
2019-08-30T22:45:00+09:00,J2,341,251,592
2019-08-30T22:45:00+09:00,J3,439,369,808
2019-08-30T22:45:00+09:00,J4,540,478,1018
2019-08-30T22:45:00+09:00,J5,152,211,363
2019-08-30T23:00:00+09:00,J1,373,394,767
2019-08-30T23:00:00+09:00,J2,348,252,600
2019-08-30T23:00:00+09:00,J3,400,284,684
2019-08-30T23:00:00+09:00,J4,637,535,1172
2019-08-30T23:00:00+09:00,J5,114,188,302
2019-08-30T23:15:00+09:00,J1,312,365,677
2019-08-30T23:15:00+09:00,J2,333,307,640
2019-08-30T23:15:00+09:00,J3,420,344,764
2019-08-30T23:15:00+09:00,J4,617,548,1165
2019-08-30T23:15:00+09:00,J5,155,212,367
2019-08-30T23:30:00+09:00,J1,332,402,734
2019-08-30T23:30:00+09:00,J2,320,266,586
2019-08-30T23:30:00+09:00,J3,359,321,680
2019-08-30T23:30:00+09:00,J4,501,499,1000
2019-08-30T23:30:00+09:00,J5,171,192,363
2019-08-30T23:45:00+09:00,J1,356,418,774
2019-08-30T23:45:00+09:00,J2,335,301,636
2019-08-30T23:45:00+09:00,J3,316,284,600
2019-08-30T23:45:00+09:00,J4,495,455,950
2019-08-30T23:45:00+09:00,J5,163,214,377
2019-08-31T00:00:00+09:00,J1,274,292,566
2019-08-31T00:00:00+09:00,J2,256,194,450
2019-08-31T00:00:00+09:00,J3,381,300,681
2019-08-31T00:00:00+09:00,J4,448,366,814
2019-08-31T00:00:00+09:00,J5,170,216,386
2019-08-31T00:15:00+09:00,J1,194,205,399
2019-08-31T00:15:00+09:00,J2,232,165,397
2019-08-31T00:15:00+09:00,J3,227,203,430
2019-08-31T00:15:00+09:00,J4,323,369,692
2019-08-31T00:15:00+09:00,J5,146,155,301
2019-08-31T00:30:00+09:00,J1,197,214,411
2019-08-31T00:30:00+09:00,J2,202,180,382
2019-08-31T00:30:00+09:00,J3,276,192,468
2019-08-31T00:30:00+09:00,J4,332,312,644
2019-08-31T00:30:00+09:00,J5,126,95,221
2019-08-31T00:45:00+09:00,J1,224,209,433
2019-08-31T00:45:00+09:00,J2,201,193,394
2019-08-31T00:45:00+09:00,J3,281,180,461
2019-08-31T00:45:00+09:00,J4,360,349,709
2019-08-31T00:45:00+09:00,J5,104,97,201
2019-08-31T05:45:00+09:00,J1,240,219,459
2019-08-31T05:45:00+09:00,J2,136,188,324
2019-08-31T05:45:00+09:00,J3,207,157,364
2019-08-31T05:45:00+09:00,J4,390,364,754
2019-08-31T05:45:00+09:00,J5,206,156,362
2019-08-31T06:00:00+09:00,J1,321,265,586
2019-08-31T06:00:00+09:00,J2,181,205,386
2019-08-31T06:00:00+09:00,J3,255,146,401
2019-08-31T06:00:00+09:00,J4,381,411,792
2019-08-31T06:00:00+09:00,J5,151,120,271
2019-08-31T06:15:00+09:00,J1,334,282,616
2019-08-31T06:15:00+09:00,J2,236,192,428
2019-08-31T06:15:00+09:00,J3,240,219,459
2019-08-31T06:15:00+09:00,J4,458,504,962
2019-08-31T06:15:00+09:00,J5,164,117,281
2019-08-31T06:30:00+09:00,J1,298,334,632
2019-08-31T06:30:00+09:00,J2,258,162,420
2019-08-31T06:30:00+09:00,J3,274,195,469
2019-08-31T06:30:00+09:00,J4,476,498,974
2019-08-31T06:30:00+09:00,J5,186,158,344
2019-08-31T06:45:00+09:00,J1,254,272,526
2019-08-31T06:45:00+09:00,J2,244,196,440
2019-08-31T06:45:00+09:00,J3,243,234,477
2019-08-31T06:45:00+09:00,J4,528,503,1031
2019-08-31T06:45:00+09:00,J5,149,141,290
2019-08-31T07:00:00+09:00,J1,279,283,562
2019-08-31T07:00:00+09:00,J2,169,180,349
2019-08-31T07:00:00+09:00,J3,241,232,473
2019-08-31T07:00:00+09:00,J4,465,488,953
2019-08-31T07:00:00+09:00,J5,159,118,277
2019-08-31T07:15:00+09:00,J1,317,273,590
2019-08-31T07:15:00+09:00,J2,202,205,407
2019-08-31T07:15:00+09:00,J3,296,231,527
2019-08-31T07:15:00+09:00,J4,487,495,982
2019-08-31T07:15:00+09:00,J5,154,110,264
2019-08-31T07:30:00+09:00,J1,306,302,608
2019-08-31T07:30:00+09:00,J2,204,226,430
2019-08-31T07:30:00+09:00,J3,285,227,512
2019-08-31T07:30:00+09:00,J4,419,406,825
2019-08-31T07:30:00+09:00,J5,160,116,276
2019-08-31T07:45:00+09:00,J1,316,284,600
2019-08-31T07:45:00+09:00,J2,184,221,405
2019-08-31T07:45:00+09:00,J3,275,261,536
2019-08-31T07:45:00+09:00,J4,437,406,843
2019-08-31T07:45:00+09:00,J5,158,125,283
2019-08-31T08:00:00+09:00,J1,406,330,736
2019-08-31T08:00:00+09:00,J2,254,244,498
2019-08-31T08:00:00+09:00,J3,508,399,907
2019-08-31T08:00:00+09:00,J4,445,507,952
2019-08-31T08:00:00+09:00,J5,190,215,405
2019-08-31T08:15:00+09:00,J1,366,248,614
2019-08-31T08:15:00+09:00,J2,243,261,504
2019-08-31T08:15:00+09:00,J3,512,435,947
2019-08-31T08:15:00+09:00,J4,432,479,911
2019-08-31T08:15:00+09:00,J5,218,224,442
2019-08-31T08:30:00+09:00,J1,427,276,703
2019-08-31T08:30:00+09:00,J2,210,254,464
2019-08-31T08:30:00+09:00,J3,602,624,1226
2019-08-31T08:30:00+09:00,J4,480,596,1076
2019-08-31T08:30:00+09:00,J5,138,193,331
2019-08-31T08:45:00+09:00,J1,331,284,615
2019-08-31T08:45:00+09:00,J2,180,181,361
2019-08-31T08:45:00+09:00,J3,574,526,1100
2019-08-31T08:45:00+09:00,J4,392,445,837
2019-08-31T08:45:00+09:00,J5,190,209,399
2019-08-31T09:00:00+09:00,J1,369,317,686
2019-08-31T09:00:00+09:00,J2,204,194,398
2019-08-31T09:00:00+09:00,J3,366,391,757
2019-08-31T09:00:00+09:00,J4,366,387,753
2019-08-31T09:00:00+09:00,J5,195,198,393
2019-08-31T09:15:00+09:00,J1,418,320,738
2019-08-31T09:15:00+09:00,J2,271,224,495
2019-08-31T09:15:00+09:00,J3,365,380,745
2019-08-31T09:15:00+09:00,J4,427,416,843
2019-08-31T09:15:00+09:00,J5,175,218,393
2019-08-31T09:30:00+09:00,J1,409,373,782
2019-08-31T09:30:00+09:00,J2,289,249,538
2019-08-31T09:30:00+09:00,J3,318,384,702
2019-08-31T09:30:00+09:00,J4,416,478,894
2019-08-31T09:30:00+09:00,J5,165,237,402
2019-08-31T09:45:00+09:00,J1,407,366,773
2019-08-31T09:45:00+09:00,J2,314,270,584
2019-08-31T09:45:00+09:00,J3,313,372,685
2019-08-31T09:45:00+09:00,J4,345,453,798
2019-08-31T09:45:00+09:00,J5,182,238,420
2019-08-31T10:00:00+09:00,J1,355,338,693
2019-08-31T10:00:00+09:00,J2,355,294,649
2019-08-31T10:00:00+09:00,J3,284,362,646
2019-08-31T10:00:00+09:00,J4,346,429,775
2019-08-31T10:00:00+09:00,J5,149,205,354
2019-08-31T10:15:00+09:00,J1,485,384,869
2019-08-31T10:15:00+09:00,J2,366,315,681
2019-08-31T10:15:00+09:00,J3,330,332,662
2019-08-31T10:15:00+09:00,J4,375,396,771
2019-08-31T10:15:00+09:00,J5,209,211,420
2019-08-31T10:30:00+09:00,J1,489,383,872
2019-08-31T10:30:00+09:00,J2,344,277,621
2019-08-31T10:30:00+09:00,J3,353,390,743
2019-08-31T10:30:00+09:00,J4,349,398,747
2019-08-31T10:30:00+09:00,J5,220,223,443
2019-08-31T10:45:00+09:00,J1,506,455,961
2019-08-31T10:45:00+09:00,J2,314,279,593
2019-08-31T10:45:00+09:00,J3,411,384,795
2019-08-31T10:45:00+09:00,J4,336,357,693
2019-08-31T10:45:00+09:00,J5,175,252,427
2019-08-31T11:00:00+09:00,J1,503,427,930
2019-08-31T11:00:00+09:00,J2,275,294,569
2019-08-31T11:00:00+09:00,J3,469,450,919
2019-08-31T11:00:00+09:00,J4,316,365,681
2019-08-31T11:00:00+09:00,J5,214,266,480
2019-08-31T11:15:00+09:00,J1,482,459,941
2019-08-31T11:15:00+09:00,J2,294,274,568
2019-08-31T11:15:00+09:00,J3,462,398,860
2019-08-31T11:15:00+09:00,J4,405,372,777
2019-08-31T11:15:00+09:00,J5,257,232,489
2019-08-31T11:30:00+09:00,J1,473,470,943
2019-08-31T11:30:00+09:00,J2,303,356,659
2019-08-31T11:30:00+09:00,J3,394,352,746
2019-08-31T11:30:00+09:00,J4,413,414,827
2019-08-31T11:30:00+09:00,J5,246,282,528
2019-08-31T11:45:00+09:00,J1,556,521,1077
2019-08-31T11:45:00+09:00,J2,305,322,627
2019-08-31T11:45:00+09:00,J3,314,362,676
2019-08-31T11:45:00+09:00,J4,455,453,908
2019-08-31T11:45:00+09:00,J5,290,314,604
2019-08-31T12:00:00+09:00,J1,565,599,1164
2019-08-31T12:00:00+09:00,J2,354,302,656
2019-08-31T12:00:00+09:00,J3,344,371,715
2019-08-31T12:00:00+09:00,J4,447,405,852
2019-08-31T12:00:00+09:00,J5,312,325,637
2019-08-31T12:15:00+09:00,J1,604,729,1333
2019-08-31T12:15:00+09:00,J2,363,306,669
2019-08-31T12:15:00+09:00,J3,360,397,757
2019-08-31T12:15:00+09:00,J4,523,438,961
2019-08-31T12:15:00+09:00,J5,333,358,691
2019-08-31T12:30:00+09:00,J1,592,706,1298
2019-08-31T12:30:00+09:00,J2,375,266,641
2019-08-31T12:30:00+09:00,J3,370,497,867
2019-08-31T12:30:00+09:00,J4,443,438,881
2019-08-31T12:30:00+09:00,J5,306,352,658
2019-08-31T12:45:00+09:00,J1,621,748,1369
2019-08-31T12:45:00+09:00,J2,366,266,632
2019-08-31T12:45:00+09:00,J3,360,421,781
2019-08-31T12:45:00+09:00,J4,479,470,949
2019-08-31T12:45:00+09:00,J5,350,360,710
2019-08-31T13:00:00+09:00,J1,571,729,1300
2019-08-31T13:00:00+09:00,J2,425,258,683
2019-08-31T13:00:00+09:00,J3,340,407,747
2019-08-31T13:00:00+09:00,J4,455,400,855
2019-08-31T13:00:00+09:00,J5,323,362,685
2019-08-31T13:15:00+09:00,J1,537,772,1309
2019-08-31T13:15:00+09:00,J2,445,301,746
2019-08-31T13:15:00+09:00,J3,371,467,838
2019-08-31T13:15:00+09:00,J4,447,381,828
2019-08-31T13:15:00+09:00,J5,247,322,569
2019-08-31T13:30:00+09:00,J1,592,791,1383
2019-08-31T13:30:00+09:00,J2,452,352,804
2019-08-31T13:30:00+09:00,J3,408,482,890
2019-08-31T13:30:00+09:00,J4,608,431,1039
2019-08-31T13:30:00+09:00,J5,317,389,706
2019-08-31T13:45:00+09:00,J1,630,668,1298
2019-08-31T13:45:00+09:00,J2,318,326,644
2019-08-31T13:45:00+09:00,J3,364,457,821
2019-08-31T13:45:00+09:00,J4,512,431,943
2019-08-31T13:45:00+09:00,J5,382,421,803
2019-08-31T14:00:00+09:00,J1,602,696,1298
2019-08-31T14:00:00+09:00,J2,333,320,653
2019-08-31T14:00:00+09:00,J3,425,400,825
2019-08-31T14:00:00+09:00,J4,460,432,892
2019-08-31T14:00:00+09:00,J5,313,400,713
2019-08-31T14:15:00+09:00,J1,622,784,1406
2019-08-31T14:15:00+09:00,J2,388,343,731
2019-08-31T14:15:00+09:00,J3,419,426,845
2019-08-31T14:15:00+09:00,J4,392,343,735
2019-08-31T14:15:00+09:00,J5,312,361,673
2019-08-31T14:30:00+09:00,J1,529,605,1134
2019-08-31T14:30:00+09:00,J2,334,265,599
2019-08-31T14:30:00+09:00,J3,340,327,667
2019-08-31T14:30:00+09:00,J4,339,295,634
2019-08-31T14:30:00+09:00,J5,261,315,576
2019-08-31T14:45:00+09:00,J1,718,761,1479
2019-08-31T14:45:00+09:00,J2,398,303,701
2019-08-31T14:45:00+09:00,J3,506,461,967
2019-08-31T14:45:00+09:00,J4,472,370,842
2019-08-31T14:45:00+09:00,J5,336,378,714
2019-08-31T15:00:00+09:00,J1,657,700,1357
2019-08-31T15:00:00+09:00,J2,386,290,676
2019-08-31T15:00:00+09:00,J3,399,440,839
2019-08-31T15:00:00+09:00,J4,463,394,857
2019-08-31T15:00:00+09:00,J5,251,287,538
2019-08-31T15:15:00+09:00,J1,719,822,1541
2019-08-31T15:15:00+09:00,J2,410,329,739
2019-08-31T15:15:00+09:00,J3,475,505,980
2019-08-31T15:15:00+09:00,J4,597,504,1101
2019-08-31T15:15:00+09:00,J5,228,337,565
2019-08-31T15:30:00+09:00,J1,659,755,1414
2019-08-31T15:30:00+09:00,J2,372,309,681
2019-08-31T15:30:00+09:00,J3,501,425,926
2019-08-31T15:30:00+09:00,J4,495,461,956
2019-08-31T15:30:00+09:00,J5,338,391,729
2019-08-31T15:45:00+09:00,J1,660,722,1382
2019-08-31T15:45:00+09:00,J2,327,318,645
2019-08-31T15:45:00+09:00,J3,479,409,888
2019-08-31T15:45:00+09:00,J4,558,414,972
2019-08-31T15:45:00+09:00,J5,358,329,687
2019-08-31T16:00:00+09:00,J1,611,677,1288
2019-08-31T16:00:00+09:00,J2,334,238,572
2019-08-31T16:00:00+09:00,J3,563,429,992
2019-08-31T16:00:00+09:00,J4,547,385,932
2019-08-31T16:00:00+09:00,J5,378,395,773
2019-08-31T16:15:00+09:00,J1,602,614,1216
2019-08-31T16:15:00+09:00,J2,355,265,620
2019-08-31T16:15:00+09:00,J3,624,512,1136
2019-08-31T16:15:00+09:00,J4,613,486,1099
2019-08-31T16:15:00+09:00,J5,373,332,705
2019-08-31T16:30:00+09:00,J1,525,680,1205
2019-08-31T16:30:00+09:00,J2,322,289,611
2019-08-31T16:30:00+09:00,J3,592,472,1064
2019-08-31T16:30:00+09:00,J4,671,501,1172
2019-08-31T16:30:00+09:00,J5,339,360,699
2019-08-31T16:45:00+09:00,J1,588,660,1248
2019-08-31T16:45:00+09:00,J2,371,347,718
2019-08-31T16:45:00+09:00,J3,533,500,1033
2019-08-31T16:45:00+09:00,J4,686,491,1177
2019-08-31T16:45:00+09:00,J5,343,402,745
2019-08-31T17:00:00+09:00,J1,616,638,1254
2019-08-31T17:00:00+09:00,J2,381,313,694
2019-08-31T17:00:00+09:00,J3,560,479,1039
2019-08-31T17:00:00+09:00,J4,652,483,1135
2019-08-31T17:00:00+09:00,J5,337,365,702
2019-08-31T17:15:00+09:00,J1,540,649,1189
2019-08-31T17:15:00+09:00,J2,348,322,670
2019-08-31T17:15:00+09:00,J3,502,417,919
2019-08-31T17:15:00+09:00,J4,646,462,1108
2019-08-31T17:15:00+09:00,J5,315,343,658
2019-08-31T17:30:00+09:00,J1,581,560,1141
2019-08-31T17:30:00+09:00,J2,372,278,650
2019-08-31T17:30:00+09:00,J3,487,373,860
2019-08-31T17:30:00+09:00,J4,486,413,899
2019-08-31T17:30:00+09:00,J5,289,352,641
2019-08-31T17:45:00+09:00,J1,543,517,1060
2019-08-31T17:45:00+09:00,J2,321,271,592
2019-08-31T17:45:00+09:00,J3,438,302,740
2019-08-31T17:45:00+09:00,J4,439,356,795
2019-08-31T17:45:00+09:00,J5,287,347,634
2019-08-31T18:00:00+09:00,J1,571,596,1167
2019-08-31T18:00:00+09:00,J2,378,269,647
2019-08-31T18:00:00+09:00,J3,401,298,699
2019-08-31T18:00:00+09:00,J4,448,321,769
2019-08-31T18:00:00+09:00,J5,273,325,598
2019-08-31T18:15:00+09:00,J1,602,584,1186
2019-08-31T18:15:00+09:00,J2,339,233,572
2019-08-31T18:15:00+09:00,J3,453,303,756
2019-08-31T18:15:00+09:00,J4,402,353,755
2019-08-31T18:15:00+09:00,J5,293,269,562
2019-08-31T18:30:00+09:00,J1,541,498,1039
2019-08-31T18:30:00+09:00,J2,298,251,549
2019-08-31T18:30:00+09:00,J3,423,292,715
2019-08-31T18:30:00+09:00,J4,481,417,898
2019-08-31T18:30:00+09:00,J5,228,290,518
2019-08-31T18:45:00+09:00,J1,536,530,1066
2019-08-31T18:45:00+09:00,J2,276,204,480
2019-08-31T18:45:00+09:00,J3,386,325,711
2019-08-31T18:45:00+09:00,J4,450,337,787
2019-08-31T18:45:00+09:00,J5,253,277,530
2019-08-31T19:00:00+09:00,J1,448,494,942
2019-08-31T19:00:00+09:00,J2,250,223,473
2019-08-31T19:00:00+09:00,J3,431,284,715
2019-08-31T19:00:00+09:00,J4,447,299,746
2019-08-31T19:00:00+09:00,J5,253,287,540
2019-08-31T19:15:00+09:00,J1,420,475,895
2019-08-31T19:15:00+09:00,J2,285,234,519
2019-08-31T19:15:00+09:00,J3,404,350,754
2019-08-31T19:15:00+09:00,J4,468,372,840
2019-08-31T19:15:00+09:00,J5,225,240,465
2019-08-31T19:30:00+09:00,J1,362,353,715
2019-08-31T19:30:00+09:00,J2,309,235,544
2019-08-31T19:30:00+09:00,J3,339,328,667
2019-08-31T19:30:00+09:00,J4,379,321,700
2019-08-31T19:30:00+09:00,J5,214,258,472
2019-08-31T19:45:00+09:00,J1,328,388,716
2019-08-31T19:45:00+09:00,J2,260,218,478
2019-08-31T19:45:00+09:00,J3,341,291,632
2019-08-31T19:45:00+09:00,J4,376,294,670
2019-08-31T19:45:00+09:00,J5,243,265,508
2019-08-31T20:00:00+09:00,J1,374,432,806
2019-08-31T20:00:00+09:00,J2,258,237,495
2019-08-31T20:00:00+09:00,J3,332,312,644
2019-08-31T20:00:00+09:00,J4,316,309,625
2019-08-31T20:00:00+09:00,J5,218,257,475
2019-08-31T20:15:00+09:00,J1,346,417,763
2019-08-31T20:15:00+09:00,J2,281,291,572
2019-08-31T20:15:00+09:00,J3,334,297,631
2019-08-31T20:15:00+09:00,J4,343,337,680
2019-08-31T20:15:00+09:00,J5,218,306,524
2019-08-31T20:30:00+09:00,J1,349,393,742
2019-08-31T20:30:00+09:00,J2,249,222,471
2019-08-31T20:30:00+09:00,J3,323,287,610
2019-08-31T20:30:00+09:00,J4,338,265,603
2019-08-31T20:30:00+09:00,J5,209,234,443
2019-08-31T20:45:00+09:00,J1,355,370,725
2019-08-31T20:45:00+09:00,J2,301,264,565
2019-08-31T20:45:00+09:00,J3,318,274,592
2019-08-31T20:45:00+09:00,J4,325,281,606
2019-08-31T20:45:00+09:00,J5,247,249,496
2019-08-31T21:00:00+09:00,J1,425,399,824
2019-08-31T21:00:00+09:00,J2,248,248,496
2019-08-31T21:00:00+09:00,J3,282,219,501
2019-08-31T21:00:00+09:00,J4,328,259,587
2019-08-31T21:00:00+09:00,J5,205,206,411
2019-08-31T21:15:00+09:00,J1,370,459,829
2019-08-31T21:15:00+09:00,J2,230,222,452
2019-08-31T21:15:00+09:00,J3,338,294,632
2019-08-31T21:15:00+09:00,J4,337,276,613
2019-08-31T21:15:00+09:00,J5,195,215,410
2019-08-31T21:30:00+09:00,J1,378,397,775
2019-08-31T21:30:00+09:00,J2,209,199,408
2019-08-31T21:30:00+09:00,J3,269,280,549
2019-08-31T21:30:00+09:00,J4,341,293,634
2019-08-31T21:30:00+09:00,J5,189,159,348
2019-08-31T21:45:00+09:00,J1,391,425,816
2019-08-31T21:45:00+09:00,J2,182,195,377
2019-08-31T21:45:00+09:00,J3,315,303,618
2019-08-31T21:45:00+09:00,J4,486,493,979
2019-08-31T21:45:00+09:00,J5,187,164,351
2019-08-31T22:00:00+09:00,J1,399,399,798
2019-08-31T22:00:00+09:00,J2,185,249,434
2019-08-31T22:00:00+09:00,J3,306,269,575
2019-08-31T22:00:00+09:00,J4,549,477,1026
2019-08-31T22:00:00+09:00,J5,159,154,313
2019-08-31T22:15:00+09:00,J1,338,368,706
2019-08-31T22:15:00+09:00,J2,159,184,343
2019-08-31T22:15:00+09:00,J3,286,313,599
2019-08-31T22:15:00+09:00,J4,526,499,1025
2019-08-31T22:15:00+09:00,J5,163,159,322
2019-08-31T22:30:00+09:00,J1,324,395,719
2019-08-31T22:30:00+09:00,J2,175,182,357
2019-08-31T22:30:00+09:00,J3,338,314,652
2019-08-31T22:30:00+09:00,J4,594,491,1085
2019-08-31T22:30:00+09:00,J5,201,197,398
2019-08-31T22:45:00+09:00,J1,285,376,661
2019-08-31T22:45:00+09:00,J2,239,187,426
2019-08-31T22:45:00+09:00,J3,288,284,572
2019-08-31T22:45:00+09:00,J4,582,533,1115
2019-08-31T22:45:00+09:00,J5,132,190,322
2019-08-31T23:00:00+09:00,J1,320,373,693
2019-08-31T23:00:00+09:00,J2,257,192,449
2019-08-31T23:00:00+09:00,J3,287,292,579
2019-08-31T23:00:00+09:00,J4,576,493,1069
2019-08-31T23:00:00+09:00,J5,122,154,276
2019-08-31T23:15:00+09:00,J1,314,362,676
2019-08-31T23:15:00+09:00,J2,231,207,438
2019-08-31T23:15:00+09:00,J3,318,336,654
2019-08-31T23:15:00+09:00,J4,530,539,1069
2019-08-31T23:15:00+09:00,J5,111,160,271
2019-08-31T23:30:00+09:00,J1,337,330,667
2019-08-31T23:30:00+09:00,J2,254,179,433
2019-08-31T23:30:00+09:00,J3,289,375,664
2019-08-31T23:30:00+09:00,J4,510,496,1006
2019-08-31T23:30:00+09:00,J5,103,182,285
2019-08-31T23:45:00+09:00,J1,293,331,624
2019-08-31T23:45:00+09:00,J2,224,164,388
2019-08-31T23:45:00+09:00,J3,347,332,679
2019-08-31T23:45:00+09:00,J4,543,493,1036
2019-08-31T23:45:00+09:00,J5,123,197,320
2019-09-01T00:00:00+09:00,J1,273,249,522
2019-09-01T00:00:00+09:00,J2,161,171,332
2019-09-01T00:00:00+09:00,J3,273,265,538
2019-09-01T00:00:00+09:00,J4,475,494,969
2019-09-01T00:00:00+09:00,J5,153,214,367
2019-09-01T00:15:00+09:00,J1,249,243,492
2019-09-01T00:15:00+09:00,J2,150,114,264
2019-09-01T00:15:00+09:00,J3,202,162,364
2019-09-01T00:15:00+09:00,J4,430,385,815
2019-09-01T00:15:00+09:00,J5,160,165,325
2019-09-01T00:30:00+09:00,J1,282,236,518
2019-09-01T00:30:00+09:00,J2,170,150,320
2019-09-01T00:30:00+09:00,J3,158,143,301
2019-09-01T00:30:00+09:00,J4,379,340,719
2019-09-01T00:30:00+09:00,J5,164,125,289
2019-09-01T00:45:00+09:00,J1,208,217,425
2019-09-01T00:45:00+09:00,J2,141,135,276
2019-09-01T00:45:00+09:00,J3,137,113,250
2019-09-01T00:45:00+09:00,J4,407,339,746
2019-09-01T00:45:00+09:00,J5,137,150,287
