日時,アレイ,札幌→大通り,大通り→札幌,合計
2018-10-01T05:45:00+09:00,J1,202,211,413
2018-10-01T05:45:00+09:00,J2,365,365,730
2018-10-01T05:45:00+09:00,J3,341,294,635
2018-10-01T05:45:00+09:00,J4,695,790,1485
2018-10-01T05:45:00+09:00,J5,249,239,488
2018-10-01T06:00:00+09:00,J1,282,297,579
2018-10-01T06:00:00+09:00,J2,333,258,591
2018-10-01T06:00:00+09:00,J3,221,184,405
2018-10-01T06:00:00+09:00,J4,625,606,1231
2018-10-01T06:00:00+09:00,J5,185,151,336
2018-10-01T06:15:00+09:00,J1,294,250,544
2018-10-01T06:15:00+09:00,J2,262,247,509
2018-10-01T06:15:00+09:00,J3,230,242,472
2018-10-01T06:15:00+09:00,J4,676,674,1350
2018-10-01T06:15:00+09:00,J5,226,199,425
2018-10-01T06:30:00+09:00,J1,352,304,656
2018-10-01T06:30:00+09:00,J2,270,237,507
2018-10-01T06:30:00+09:00,J3,305,233,538
2018-10-01T06:30:00+09:00,J4,616,631,1247
2018-10-01T06:30:00+09:00,J5,288,308,596
2018-10-01T06:45:00+09:00,J1,453,459,912
2018-10-01T06:45:00+09:00,J2,215,247,462
2018-10-01T06:45:00+09:00,J3,353,295,648
2018-10-01T06:45:00+09:00,J4,611,664,1275
2018-10-01T06:45:00+09:00,J5,315,370,685
2018-10-01T07:00:00+09:00,J1,669,581,1250
2018-10-01T07:00:00+09:00,J2,333,283,616
2018-10-01T07:00:00+09:00,J3,366,322,688
2018-10-01T07:00:00+09:00,J4,585,551,1136
2018-10-01T07:00:00+09:00,J5,308,424,732
2018-10-01T07:15:00+09:00,J1,671,517,1188
2018-10-01T07:15:00+09:00,J2,391,247,638
2018-10-01T07:15:00+09:00,J3,447,400,847
2018-10-01T07:15:00+09:00,J4,577,734,1311
2018-10-01T07:15:00+09:00,J5,280,297,577
2018-10-01T07:30:00+09:00,J1,773,765,1538
2018-10-01T07:30:00+09:00,J2,349,288,637
2018-10-01T07:30:00+09:00,J3,715,583,1298
2018-10-01T07:30:00+09:00,J4,708,862,1570
2018-10-01T07:30:00+09:00,J5,365,314,679
2018-10-01T07:45:00+09:00,J1,829,672,1501
2018-10-01T07:45:00+09:00,J2,490,350,840
2018-10-01T07:45:00+09:00,J3,759,721,1480
2018-10-01T07:45:00+09:00,J4,785,1117,1902
2018-10-01T07:45:00+09:00,J5,296,210,506
2018-10-01T08:00:00+09:00,J1,964,694,1658
2018-10-01T08:00:00+09:00,J2,591,455,1046
2018-10-01T08:00:00+09:00,J3,733,707,1440
2018-10-01T08:00:00+09:00,J4,754,1073,1827
2018-10-01T08:00:00+09:00,J5,297,232,529
2018-10-01T08:15:00+09:00,J1,1107,724,1831
2018-10-01T08:15:00+09:00,J2,739,511,1250
2018-10-01T08:15:00+09:00,J3,866,926,1792
2018-10-01T08:15:00+09:00,J4,735,1151,1886
2018-10-01T08:15:00+09:00,J5,342,285,627
2018-10-01T08:30:00+09:00,J1,1248,725,1973
2018-10-01T08:30:00+09:00,J2,760,426,1186
2018-10-01T08:30:00+09:00,J3,864,1050,1914
2018-10-01T08:30:00+09:00,J4,762,1107,1869
2018-10-01T08:30:00+09:00,J5,272,337,609
2018-10-01T08:45:00+09:00,J1,758,567,1325
2018-10-01T08:45:00+09:00,J2,500,382,882
2018-10-01T08:45:00+09:00,J3,730,769,1499
2018-10-01T08:45:00+09:00,J4,650,837,1487
2018-10-01T08:45:00+09:00,J5,263,203,466
2018-10-01T09:00:00+09:00,J1,611,587,1198
2018-10-01T09:00:00+09:00,J2,443,362,805
2018-10-01T09:00:00+09:00,J3,673,539,1212
2018-10-01T09:00:00+09:00,J4,624,746,1370
2018-10-01T09:00:00+09:00,J5,295,225,520
2018-10-01T09:15:00+09:00,J1,639,516,1155
2018-10-01T09:15:00+09:00,J2,401,355,756
2018-10-01T09:15:00+09:00,J3,613,524,1137
2018-10-01T09:15:00+09:00,J4,647,793,1440
2018-10-01T09:15:00+09:00,J5,252,206,458
2018-10-01T09:30:00+09:00,J1,542,520,1062
2018-10-01T09:30:00+09:00,J2,380,361,741
2018-10-01T09:30:00+09:00,J3,689,583,1272
2018-10-01T09:30:00+09:00,J4,675,810,1485
2018-10-01T09:30:00+09:00,J5,227,247,474
2018-10-01T09:45:00+09:00,J1,461,412,873
2018-10-01T09:45:00+09:00,J2,344,388,732
2018-10-01T09:45:00+09:00,J3,687,577,1264
2018-10-01T09:45:00+09:00,J4,621,712,1333
2018-10-01T09:45:00+09:00,J5,232,226,458
2018-10-01T10:00:00+09:00,J1,458,445,903
2018-10-01T10:00:00+09:00,J2,375,430,805
2018-10-01T10:00:00+09:00,J3,655,551,1206
2018-10-01T10:00:00+09:00,J4,566,656,1222
2018-10-01T10:00:00+09:00,J5,211,208,419
2018-10-01T10:15:00+09:00,J1,495,491,986
2018-10-01T10:15:00+09:00,J2,394,327,721
2018-10-01T10:15:00+09:00,J3,719,647,1366
2018-10-01T10:15:00+09:00,J4,638,745,1383
2018-10-01T10:15:00+09:00,J5,208,203,411
2018-10-01T10:30:00+09:00,J1,429,440,869
2018-10-01T10:30:00+09:00,J2,383,362,745
2018-10-01T10:30:00+09:00,J3,766,802,1568
2018-10-01T10:30:00+09:00,J4,600,657,1257
2018-10-01T10:30:00+09:00,J5,250,234,484
2018-10-01T10:45:00+09:00,J1,493,491,984
2018-10-01T10:45:00+09:00,J2,415,412,827
2018-10-01T10:45:00+09:00,J3,708,739,1447
2018-10-01T10:45:00+09:00,J4,514,574,1088
2018-10-01T10:45:00+09:00,J5,205,214,419
2018-10-01T11:00:00+09:00,J1,465,482,947
2018-10-01T11:00:00+09:00,J2,444,394,838
2018-10-01T11:00:00+09:00,J3,681,718,1399
2018-10-01T11:00:00+09:00,J4,503,536,1039
2018-10-01T11:00:00+09:00,J5,170,201,371
2018-10-01T11:15:00+09:00,J1,580,587,1167
2018-10-01T11:15:00+09:00,J2,395,316,711
2018-10-01T11:15:00+09:00,J3,646,719,1365
2018-10-01T11:15:00+09:00,J4,469,504,973
2018-10-01T11:15:00+09:00,J5,223,198,421
2018-10-01T11:30:00+09:00,J1,551,674,1225
2018-10-01T11:30:00+09:00,J2,478,296,774
2018-10-01T11:30:00+09:00,J3,691,775,1466
2018-10-01T11:30:00+09:00,J4,582,559,1141
2018-10-01T11:30:00+09:00,J5,231,201,432
2018-10-01T11:45:00+09:00,J1,539,627,1166
2018-10-01T11:45:00+09:00,J2,407,297,704
2018-10-01T11:45:00+09:00,J3,756,724,1480
2018-10-01T11:45:00+09:00,J4,386,460,846
2018-10-01T11:45:00+09:00,J5,235,179,414
2018-10-01T12:00:00+09:00,J1,553,687,1240
2018-10-01T12:00:00+09:00,J2,467,352,819
2018-10-01T12:00:00+09:00,J3,682,775,1457
2018-10-01T12:00:00+09:00,J4,479,501,980
2018-10-01T12:00:00+09:00,J5,253,202,455
2018-10-01T12:15:00+09:00,J1,560,662,1222
2018-10-01T12:15:00+09:00,J2,445,333,778
2018-10-01T12:15:00+09:00,J3,673,637,1310
2018-10-01T12:15:00+09:00,J4,433,484,917
2018-10-01T12:15:00+09:00,J5,249,172,421
2018-10-01T12:30:00+09:00,J1,552,620,1172
2018-10-01T12:30:00+09:00,J2,483,352,835
2018-10-01T12:30:00+09:00,J3,672,633,1305
2018-10-01T12:30:00+09:00,J4,437,518,955
2018-10-01T12:30:00+09:00,J5,249,206,455
2018-10-01T12:45:00+09:00,J1,546,632,1178
2018-10-01T12:45:00+09:00,J2,436,299,735
2018-10-01T12:45:00+09:00,J3,645,540,1185
2018-10-01T12:45:00+09:00,J4,456,538,994
2018-10-01T12:45:00+09:00,J5,221,171,392
2018-10-01T13:00:00+09:00,J1,477,618,1095
2018-10-01T13:00:00+09:00,J2,445,300,745
2018-10-01T13:00:00+09:00,J3,616,639,1255
2018-10-01T13:00:00+09:00,J4,363,436,799
2018-10-01T13:00:00+09:00,J5,236,167,403
2018-10-01T13:15:00+09:00,J1,643,646,1289
2018-10-01T13:15:00+09:00,J2,470,297,767
2018-10-01T13:15:00+09:00,J3,578,588,1166
2018-10-01T13:15:00+09:00,J4,379,415,794
2018-10-01T13:15:00+09:00,J5,237,193,430
2018-10-01T13:30:00+09:00,J1,689,703,1392
2018-10-01T13:30:00+09:00,J2,505,307,812
2018-10-01T13:30:00+09:00,J3,591,532,1123
2018-10-01T13:30:00+09:00,J4,412,413,825
2018-10-01T13:30:00+09:00,J5,238,181,419
2018-10-01T13:45:00+09:00,J1,533,556,1089
2018-10-01T13:45:00+09:00,J2,415,289,704
2018-10-01T13:45:00+09:00,J3,635,570,1205
2018-10-01T13:45:00+09:00,J4,335,382,717
2018-10-01T13:45:00+09:00,J5,207,184,391
2018-10-01T14:00:00+09:00,J1,580,633,1213
2018-10-01T14:00:00+09:00,J2,466,305,771
2018-10-01T14:00:00+09:00,J3,572,543,1115
2018-10-01T14:00:00+09:00,J4,408,436,844
2018-10-01T14:00:00+09:00,J5,173,211,384
2018-10-01T14:15:00+09:00,J1,583,635,1218
2018-10-01T14:15:00+09:00,J2,424,350,774
2018-10-01T14:15:00+09:00,J3,603,531,1134
2018-10-01T14:15:00+09:00,J4,407,400,807
2018-10-01T14:15:00+09:00,J5,228,206,434
2018-10-01T14:30:00+09:00,J1,582,665,1247
2018-10-01T14:30:00+09:00,J2,409,335,744
2018-10-01T14:30:00+09:00,J3,573,557,1130
2018-10-01T14:30:00+09:00,J4,407,441,848
2018-10-01T14:30:00+09:00,J5,240,226,466
2018-10-01T14:45:00+09:00,J1,587,637,1224
2018-10-01T14:45:00+09:00,J2,426,288,714
2018-10-01T14:45:00+09:00,J3,562,487,1049
2018-10-01T14:45:00+09:00,J4,373,441,814
2018-10-01T14:45:00+09:00,J5,272,254,526
2018-10-01T15:00:00+09:00,J1,581,666,1247
2018-10-01T15:00:00+09:00,J2,438,346,784
2018-10-01T15:00:00+09:00,J3,588,532,1120
2018-10-01T15:00:00+09:00,J4,366,350,716
2018-10-01T15:00:00+09:00,J5,261,274,535
2018-10-01T15:15:00+09:00,J1,516,750,1266
2018-10-01T15:15:00+09:00,J2,549,353,902
2018-10-01T15:15:00+09:00,J3,621,604,1225
2018-10-01T15:15:00+09:00,J4,491,449,940
2018-10-01T15:15:00+09:00,J5,195,335,530
2018-10-01T15:30:00+09:00,J1,610,813,1423
2018-10-01T15:30:00+09:00,J2,614,399,1013
2018-10-01T15:30:00+09:00,J3,579,616,1195
2018-10-01T15:30:00+09:00,J4,477,439,916
2018-10-01T15:30:00+09:00,J5,278,391,669
2018-10-01T15:45:00+09:00,J1,642,803,1445
2018-10-01T15:45:00+09:00,J2,601,445,1046
2018-10-01T15:45:00+09:00,J3,523,616,1139
2018-10-01T15:45:00+09:00,J4,463,445,908
2018-10-01T15:45:00+09:00,J5,293,455,748
2018-10-01T16:00:00+09:00,J1,653,822,1475
2018-10-01T16:00:00+09:00,J2,606,475,1081
2018-10-01T16:00:00+09:00,J3,514,571,1085
2018-10-01T16:00:00+09:00,J4,475,486,961
2018-10-01T16:00:00+09:00,J5,267,404,671
2018-10-01T16:15:00+09:00,J1,717,865,1582
2018-10-01T16:15:00+09:00,J2,652,506,1158
2018-10-01T16:15:00+09:00,J3,540,585,1125
2018-10-01T16:15:00+09:00,J4,506,458,964
2018-10-01T16:15:00+09:00,J5,258,386,644
2018-10-01T16:30:00+09:00,J1,740,834,1574
2018-10-01T16:30:00+09:00,J2,582,502,1084
2018-10-01T16:30:00+09:00,J3,505,557,1062
2018-10-01T16:30:00+09:00,J4,488,558,1046
2018-10-01T16:30:00+09:00,J5,284,345,629
2018-10-01T16:45:00+09:00,J1,708,846,1554
2018-10-01T16:45:00+09:00,J2,597,545,1142
2018-10-01T16:45:00+09:00,J3,578,598,1176
2018-10-01T16:45:00+09:00,J4,581,589,1170
2018-10-01T16:45:00+09:00,J5,290,391,681
2018-10-01T17:00:00+09:00,J1,659,805,1464
2018-10-01T17:00:00+09:00,J2,566,569,1135
2018-10-01T17:00:00+09:00,J3,603,524,1127
2018-10-01T17:00:00+09:00,J4,538,524,1062
2018-10-01T17:00:00+09:00,J5,244,334,578
2018-10-01T17:15:00+09:00,J1,716,827,1543
2018-10-01T17:15:00+09:00,J2,635,655,1290
2018-10-01T17:15:00+09:00,J3,664,544,1208
2018-10-01T17:15:00+09:00,J4,596,531,1127
2018-10-01T17:15:00+09:00,J5,314,438,752
2018-10-01T17:30:00+09:00,J1,739,824,1563
2018-10-01T17:30:00+09:00,J2,642,682,1324
2018-10-01T17:30:00+09:00,J3,707,586,1293
2018-10-01T17:30:00+09:00,J4,683,515,1198
2018-10-01T17:30:00+09:00,J5,265,449,714
2018-10-01T17:45:00+09:00,J1,666,917,1583
2018-10-01T17:45:00+09:00,J2,669,593,1262
2018-10-01T17:45:00+09:00,J3,724,678,1402
2018-10-01T17:45:00+09:00,J4,679,502,1181
2018-10-01T17:45:00+09:00,J5,280,533,813
2018-10-01T18:00:00+09:00,J1,680,875,1555
2018-10-01T18:00:00+09:00,J2,660,567,1227
2018-10-01T18:00:00+09:00,J3,873,729,1602
2018-10-01T18:00:00+09:00,J4,773,581,1354
2018-10-01T18:00:00+09:00,J5,361,424,785
2018-10-01T18:15:00+09:00,J1,639,958,1597
2018-10-01T18:15:00+09:00,J2,622,568,1190
2018-10-01T18:15:00+09:00,J3,848,825,1673
2018-10-01T18:15:00+09:00,J4,878,565,1443
2018-10-01T18:15:00+09:00,J5,317,403,720
2018-10-01T18:30:00+09:00,J1,529,809,1338
2018-10-01T18:30:00+09:00,J2,602,465,1067
2018-10-01T18:30:00+09:00,J3,824,700,1524
2018-10-01T18:30:00+09:00,J4,768,558,1326
2018-10-01T18:30:00+09:00,J5,309,390,699
2018-10-01T18:45:00+09:00,J1,527,704,1231
2018-10-01T18:45:00+09:00,J2,464,433,897
2018-10-01T18:45:00+09:00,J3,687,661,1348
2018-10-01T18:45:00+09:00,J4,730,597,1327
2018-10-01T18:45:00+09:00,J5,321,370,691
2018-10-01T19:00:00+09:00,J1,502,670,1172
2018-10-01T19:00:00+09:00,J2,509,380,889
2018-10-01T19:00:00+09:00,J3,785,691,1476
2018-10-01T19:00:00+09:00,J4,818,626,1444
2018-10-01T19:00:00+09:00,J5,288,363,651
2018-10-01T19:15:00+09:00,J1,505,709,1214
2018-10-01T19:15:00+09:00,J2,512,387,899
2018-10-01T19:15:00+09:00,J3,859,743,1602
2018-10-01T19:15:00+09:00,J4,862,638,1500
2018-10-01T19:15:00+09:00,J5,300,338,638
2018-10-01T19:30:00+09:00,J1,484,632,1116
2018-10-01T19:30:00+09:00,J2,449,394,843
2018-10-01T19:30:00+09:00,J3,803,685,1488
2018-10-01T19:30:00+09:00,J4,835,681,1516
2018-10-01T19:30:00+09:00,J5,318,309,627
2018-10-01T19:45:00+09:00,J1,485,577,1062
2018-10-01T19:45:00+09:00,J2,405,345,750
2018-10-01T19:45:00+09:00,J3,670,608,1278
2018-10-01T19:45:00+09:00,J4,689,642,1331
2018-10-01T19:45:00+09:00,J5,334,346,680
2018-10-01T20:00:00+09:00,J1,400,541,941
2018-10-01T20:00:00+09:00,J2,324,303,627
2018-10-01T20:00:00+09:00,J3,623,562,1185
2018-10-01T20:00:00+09:00,J4,642,511,1153
2018-10-01T20:00:00+09:00,J5,351,301,652
2018-10-01T20:15:00+09:00,J1,459,522,981
2018-10-01T20:15:00+09:00,J2,316,365,681
2018-10-01T20:15:00+09:00,J3,646,564,1210
2018-10-01T20:15:00+09:00,J4,750,667,1417
2018-10-01T20:15:00+09:00,J5,341,311,652
2018-10-01T20:30:00+09:00,J1,501,632,1133
2018-10-01T20:30:00+09:00,J2,347,361,708
2018-10-01T20:30:00+09:00,J3,665,575,1240
2018-10-01T20:30:00+09:00,J4,755,651,1406
2018-10-01T20:30:00+09:00,J5,318,301,619
2018-10-01T20:45:00+09:00,J1,403,515,918
2018-10-01T20:45:00+09:00,J2,284,317,601
2018-10-01T20:45:00+09:00,J3,504,397,901
2018-10-01T20:45:00+09:00,J4,752,708,1460
2018-10-01T20:45:00+09:00,J5,235,248,483
2018-10-01T21:00:00+09:00,J1,410,518,928
2018-10-01T21:00:00+09:00,J2,243,317,560
2018-10-01T21:00:00+09:00,J3,486,440,926
2018-10-01T21:00:00+09:00,J4,722,694,1416
2018-10-01T21:00:00+09:00,J5,213,206,419
2018-10-01T21:15:00+09:00,J1,504,575,1079
2018-10-01T21:15:00+09:00,J2,328,275,603
2018-10-01T21:15:00+09:00,J3,579,438,1017
2018-10-01T21:15:00+09:00,J4,709,609,1318
2018-10-01T21:15:00+09:00,J5,175,188,363
2018-10-01T21:30:00+09:00,J1,463,519,982
2018-10-01T21:30:00+09:00,J2,303,297,600
2018-10-01T21:30:00+09:00,J3,644,502,1146
2018-10-01T21:30:00+09:00,J4,659,605,1264
2018-10-01T21:30:00+09:00,J5,189,211,400
2018-10-01T21:45:00+09:00,J1,423,480,903
2018-10-01T21:45:00+09:00,J2,291,304,595
2018-10-01T21:45:00+09:00,J3,614,491,1105
2018-10-01T21:45:00+09:00,J4,749,665,1414
2018-10-01T21:45:00+09:00,J5,160,169,329
2018-10-01T22:00:00+09:00,J1,528,490,1018
2018-10-01T22:00:00+09:00,J2,270,273,543
2018-10-01T22:00:00+09:00,J3,439,351,790
2018-10-01T22:00:00+09:00,J4,662,630,1292
2018-10-01T22:00:00+09:00,J5,153,176,329
2018-10-01T22:15:00+09:00,J1,474,505,979
2018-10-01T22:15:00+09:00,J2,365,309,674
2018-10-01T22:15:00+09:00,J3,446,362,808
2018-10-01T22:15:00+09:00,J4,623,601,1224
2018-10-01T22:15:00+09:00,J5,176,168,344
2018-10-01T22:30:00+09:00,J1,366,446,812
2018-10-01T22:30:00+09:00,J2,304,262,566
2018-10-01T22:30:00+09:00,J3,462,376,838
2018-10-01T22:30:00+09:00,J4,663,676,1339
2018-10-01T22:30:00+09:00,J5,141,100,241
2018-10-01T22:45:00+09:00,J1,453,484,937
2018-10-01T22:45:00+09:00,J2,223,256,479
2018-10-01T22:45:00+09:00,J3,451,310,761
2018-10-01T22:45:00+09:00,J4,632,625,1257
2018-10-01T22:45:00+09:00,J5,132,92,224
2018-10-01T23:00:00+09:00,J1,370,392,762
2018-10-01T23:00:00+09:00,J2,284,237,521
2018-10-01T23:00:00+09:00,J3,388,309,697
2018-10-01T23:00:00+09:00,J4,592,532,1124
2018-10-01T23:00:00+09:00,J5,130,114,244
2018-10-01T23:15:00+09:00,J1,425,447,872
2018-10-01T23:15:00+09:00,J2,258,283,541
2018-10-01T23:15:00+09:00,J3,384,328,712
2018-10-01T23:15:00+09:00,J4,640,649,1289
2018-10-01T23:15:00+09:00,J5,206,195,401
2018-10-01T23:30:00+09:00,J1,390,414,804
2018-10-01T23:30:00+09:00,J2,233,286,519
2018-10-01T23:30:00+09:00,J3,372,307,679
2018-10-01T23:30:00+09:00,J4,630,612,1242
2018-10-01T23:30:00+09:00,J5,172,166,338
2018-10-01T23:45:00+09:00,J1,205,196,401
2018-10-01T23:45:00+09:00,J2,226,247,473
2018-10-01T23:45:00+09:00,J3,373,316,689
2018-10-01T23:45:00+09:00,J4,817,799,1616
2018-10-01T23:45:00+09:00,J5,152,121,273
2018-10-02T00:00:00+09:00,J1,232,220,452
2018-10-02T00:00:00+09:00,J2,255,225,480
2018-10-02T00:00:00+09:00,J3,316,209,525
2018-10-02T00:00:00+09:00,J4,676,696,1372
2018-10-02T00:00:00+09:00,J5,212,209,421
2018-10-02T00:15:00+09:00,J1,138,164,302
2018-10-02T00:15:00+09:00,J2,303,242,545
2018-10-02T00:15:00+09:00,J3,276,249,525
2018-10-02T00:15:00+09:00,J4,346,280,626
2018-10-02T00:15:00+09:00,J5,281,320,601
2018-10-02T00:30:00+09:00,J1,137,187,324
2018-10-02T00:30:00+09:00,J2,319,225,544
2018-10-02T00:30:00+09:00,J3,266,220,486
2018-10-02T00:30:00+09:00,J4,323,324,647
2018-10-02T00:30:00+09:00,J5,283,310,593
2018-10-02T00:45:00+09:00,J1,136,160,296
2018-10-02T00:45:00+09:00,J2,328,307,635
2018-10-02T00:45:00+09:00,J3,284,219,503
2018-10-02T00:45:00+09:00,J4,676,700,1376
2018-10-02T00:45:00+09:00,J5,213,215,428
2018-10-02T05:45:00+09:00,J1,551,594,1145
2018-10-02T05:45:00+09:00,J2,428,395,823
2018-10-02T05:45:00+09:00,J3,392,435,827
2018-10-02T05:45:00+09:00,J4,683,708,1391
2018-10-02T05:45:00+09:00,J5,185,176,361
2018-10-02T06:00:00+09:00,J1,851,875,1726
2018-10-02T06:00:00+09:00,J2,307,272,579
2018-10-02T06:00:00+09:00,J3,583,592,1175
2018-10-02T06:00:00+09:00,J4,489,474,963
2018-10-02T06:00:00+09:00,J5,203,202,405
2018-10-02T06:15:00+09:00,J1,640,664,1304
2018-10-02T06:15:00+09:00,J2,470,313,783
2018-10-02T06:15:00+09:00,J3,548,553,1101
2018-10-02T06:15:00+09:00,J4,384,414,798
2018-10-02T06:15:00+09:00,J5,251,227,478
2018-10-02T06:30:00+09:00,J1,618,620,1238
2018-10-02T06:30:00+09:00,J2,473,448,921
2018-10-02T06:30:00+09:00,J3,396,419,815
2018-10-02T06:30:00+09:00,J4,437,485,922
2018-10-02T06:30:00+09:00,J5,252,341,593
2018-10-02T06:45:00+09:00,J1,663,644,1307
2018-10-02T06:45:00+09:00,J2,488,361,849
2018-10-02T06:45:00+09:00,J3,397,346,743
2018-10-02T06:45:00+09:00,J4,404,425,829
2018-10-02T06:45:00+09:00,J5,287,286,573
2018-10-02T07:00:00+09:00,J1,737,739,1476
2018-10-02T07:00:00+09:00,J2,474,361,835
2018-10-02T07:00:00+09:00,J3,394,426,820
2018-10-02T07:00:00+09:00,J4,360,410,770
2018-10-02T07:00:00+09:00,J5,274,270,544
2018-10-02T07:15:00+09:00,J1,845,748,1593
2018-10-02T07:15:00+09:00,J2,454,276,730
2018-10-02T07:15:00+09:00,J3,515,499,1014
2018-10-02T07:15:00+09:00,J4,435,611,1046
2018-10-02T07:15:00+09:00,J5,297,294,591
2018-10-02T07:30:00+09:00,J1,848,835,1683
2018-10-02T07:30:00+09:00,J2,684,493,1177
2018-10-02T07:30:00+09:00,J3,453,496,949
2018-10-02T07:30:00+09:00,J4,600,755,1355
2018-10-02T07:30:00+09:00,J5,348,433,781
2018-10-02T07:45:00+09:00,J1,986,800,1786
2018-10-02T07:45:00+09:00,J2,643,485,1128
2018-10-02T07:45:00+09:00,J3,523,643,1166
2018-10-02T07:45:00+09:00,J4,680,883,1563
2018-10-02T07:45:00+09:00,J5,361,463,824
2018-10-02T08:00:00+09:00,J1,1174,877,2051
2018-10-02T08:00:00+09:00,J2,719,427,1146
2018-10-02T08:00:00+09:00,J3,646,822,1468
2018-10-02T08:00:00+09:00,J4,681,972,1653
2018-10-02T08:00:00+09:00,J5,400,443,843
2018-10-02T08:15:00+09:00,J1,1240,1004,2244
2018-10-02T08:15:00+09:00,J2,911,650,1561
2018-10-02T08:15:00+09:00,J3,812,1015,1827
2018-10-02T08:15:00+09:00,J4,720,1059,1779
2018-10-02T08:15:00+09:00,J5,393,563,956
2018-10-02T08:30:00+09:00,J1,1226,901,2127
2018-10-02T08:30:00+09:00,J2,939,671,1610
2018-10-02T08:30:00+09:00,J3,762,1026,1788
2018-10-02T08:30:00+09:00,J4,704,1065,1769
2018-10-02T08:30:00+09:00,J5,437,467,904
2018-10-02T08:45:00+09:00,J1,1090,851,1941
2018-10-02T08:45:00+09:00,J2,799,594,1393
2018-10-02T08:45:00+09:00,J3,697,855,1552
2018-10-02T08:45:00+09:00,J4,602,884,1486
2018-10-02T08:45:00+09:00,J5,394,320,714
2018-10-02T09:00:00+09:00,J1,935,809,1744
2018-10-02T09:00:00+09:00,J2,657,423,1080
2018-10-02T09:00:00+09:00,J3,699,683,1382
2018-10-02T09:00:00+09:00,J4,436,598,1034
2018-10-02T09:00:00+09:00,J5,373,411,784
2018-10-02T09:15:00+09:00,J1,780,646,1426
2018-10-02T09:15:00+09:00,J2,686,597,1283
2018-10-02T09:15:00+09:00,J3,575,577,1152
2018-10-02T09:15:00+09:00,J4,600,734,1334
2018-10-02T09:15:00+09:00,J5,337,380,717
2018-10-02T09:30:00+09:00,J1,740,709,1449
2018-10-02T09:30:00+09:00,J2,662,571,1233
2018-10-02T09:30:00+09:00,J3,628,657,1285
2018-10-02T09:30:00+09:00,J4,544,682,1226
2018-10-02T09:30:00+09:00,J5,382,442,824
2018-10-02T09:45:00+09:00,J1,716,662,1378
2018-10-02T09:45:00+09:00,J2,732,653,1385
2018-10-02T09:45:00+09:00,J3,622,640,1262
2018-10-02T09:45:00+09:00,J4,503,536,1039
2018-10-02T09:45:00+09:00,J5,385,402,787
2018-10-02T10:00:00+09:00,J1,700,655,1355
2018-10-02T10:00:00+09:00,J2,600,552,1152
2018-10-02T10:00:00+09:00,J3,507,495,1002
2018-10-02T10:00:00+09:00,J4,494,517,1011
2018-10-02T10:00:00+09:00,J5,341,472,813
2018-10-02T10:15:00+09:00,J1,749,668,1417
2018-10-02T10:15:00+09:00,J2,620,634,1254
2018-10-02T10:15:00+09:00,J3,567,494,1061
2018-10-02T10:15:00+09:00,J4,521,552,1073
2018-10-02T10:15:00+09:00,J5,312,464,776
2018-10-02T10:30:00+09:00,J1,747,652,1399
2018-10-02T10:30:00+09:00,J2,615,563,1178
2018-10-02T10:30:00+09:00,J3,502,430,932
2018-10-02T10:30:00+09:00,J4,487,519,1006
2018-10-02T10:30:00+09:00,J5,360,438,798
2018-10-02T10:45:00+09:00,J1,641,610,1251
2018-10-02T10:45:00+09:00,J2,603,585,1188
2018-10-02T10:45:00+09:00,J3,444,420,864
2018-10-02T10:45:00+09:00,J4,578,531,1109
2018-10-02T10:45:00+09:00,J5,407,491,898
2018-10-02T11:00:00+09:00,J1,609,543,1152
2018-10-02T11:00:00+09:00,J2,539,499,1038
2018-10-02T11:00:00+09:00,J3,442,446,888
2018-10-02T11:00:00+09:00,J4,564,549,1113
2018-10-02T11:00:00+09:00,J5,361,472,833
2018-10-02T11:15:00+09:00,J1,780,777,1557
2018-10-02T11:15:00+09:00,J2,493,436,929
2018-10-02T11:15:00+09:00,J3,455,482,937
2018-10-02T11:15:00+09:00,J4,572,629,1201
2018-10-02T11:15:00+09:00,J5,376,468,844
2018-10-02T11:30:00+09:00,J1,719,789,1508
2018-10-02T11:30:00+09:00,J2,520,392,912
2018-10-02T11:30:00+09:00,J3,485,501,986
2018-10-02T11:30:00+09:00,J4,587,568,1155
2018-10-02T11:30:00+09:00,J5,383,468,851
2018-10-02T11:45:00+09:00,J1,770,787,1557
2018-10-02T11:45:00+09:00,J2,514,390,904
2018-10-02T11:45:00+09:00,J3,463,481,944
2018-10-02T11:45:00+09:00,J4,595,522,1117
2018-10-02T11:45:00+09:00,J5,351,552,903
2018-10-02T12:00:00+09:00,J1,748,786,1534
2018-10-02T12:00:00+09:00,J2,513,437,950
2018-10-02T12:00:00+09:00,J3,542,480,1022
2018-10-02T12:00:00+09:00,J4,674,625,1299
2018-10-02T12:00:00+09:00,J5,350,494,844
2018-10-02T12:15:00+09:00,J1,688,787,1475
2018-10-02T12:15:00+09:00,J2,517,369,886
2018-10-02T12:15:00+09:00,J3,520,447,967
2018-10-02T12:15:00+09:00,J4,634,597,1231
2018-10-02T12:15:00+09:00,J5,379,522,901
2018-10-02T12:30:00+09:00,J1,691,822,1513
2018-10-02T12:30:00+09:00,J2,535,449,984
2018-10-02T12:30:00+09:00,J3,544,565,1109
2018-10-02T12:30:00+09:00,J4,780,715,1495
2018-10-02T12:30:00+09:00,J5,354,468,822
2018-10-02T12:45:00+09:00,J1,713,707,1420
2018-10-02T12:45:00+09:00,J2,450,417,867
2018-10-02T12:45:00+09:00,J3,528,524,1052
2018-10-02T12:45:00+09:00,J4,734,684,1418
2018-10-02T12:45:00+09:00,J5,290,445,735
2018-10-02T13:00:00+09:00,J1,598,692,1290
2018-10-02T13:00:00+09:00,J2,435,372,807
2018-10-02T13:00:00+09:00,J3,512,560,1072
2018-10-02T13:00:00+09:00,J4,696,684,1380
2018-10-02T13:00:00+09:00,J5,311,455,766
2018-10-02T13:15:00+09:00,J1,749,795,1544
2018-10-02T13:15:00+09:00,J2,437,396,833
2018-10-02T13:15:00+09:00,J3,507,448,955
2018-10-02T13:15:00+09:00,J4,674,655,1329
2018-10-02T13:15:00+09:00,J5,398,500,898
2018-10-02T13:30:00+09:00,J1,703,807,1510
2018-10-02T13:30:00+09:00,J2,466,412,878
2018-10-02T13:30:00+09:00,J3,537,533,1070
2018-10-02T13:30:00+09:00,J4,752,751,1503
2018-10-02T13:30:00+09:00,J5,414,494,908
2018-10-02T13:45:00+09:00,J1,783,825,1608
2018-10-02T13:45:00+09:00,J2,479,381,860
2018-10-02T13:45:00+09:00,J3,564,509,1073
2018-10-02T13:45:00+09:00,J4,746,750,1496
2018-10-02T13:45:00+09:00,J5,360,425,785
2018-10-02T14:00:00+09:00,J1,759,870,1629
2018-10-02T14:00:00+09:00,J2,460,362,822
2018-10-02T14:00:00+09:00,J3,531,507,1038
2018-10-02T14:00:00+09:00,J4,760,814,1574
2018-10-02T14:00:00+09:00,J5,354,449,803
2018-10-02T14:15:00+09:00,J1,678,851,1529
2018-10-02T14:15:00+09:00,J2,431,391,822
2018-10-02T14:15:00+09:00,J3,512,447,959
2018-10-02T14:15:00+09:00,J4,773,644,1417
2018-10-02T14:15:00+09:00,J5,358,468,826
2018-10-02T14:30:00+09:00,J1,717,793,1510
2018-10-02T14:30:00+09:00,J2,438,431,869
2018-10-02T14:30:00+09:00,J3,492,524,1016
2018-10-02T14:30:00+09:00,J4,712,742,1454
2018-10-02T14:30:00+09:00,J5,363,423,786
2018-10-02T14:45:00+09:00,J1,740,840,1580
2018-10-02T14:45:00+09:00,J2,410,418,828
2018-10-02T14:45:00+09:00,J3,477,487,964
2018-10-02T14:45:00+09:00,J4,644,639,1283
2018-10-02T14:45:00+09:00,J5,349,378,727
2018-10-02T15:00:00+09:00,J1,693,764,1457
2018-10-02T15:00:00+09:00,J2,456,431,887
2018-10-02T15:00:00+09:00,J3,475,526,1001
2018-10-02T15:00:00+09:00,J4,700,719,1419
2018-10-02T15:00:00+09:00,J5,312,409,721
2018-10-02T15:15:00+09:00,J1,640,903,1543
2018-10-02T15:15:00+09:00,J2,459,434,893
2018-10-02T15:15:00+09:00,J3,497,526,1023
2018-10-02T15:15:00+09:00,J4,703,701,1404
2018-10-02T15:15:00+09:00,J5,336,428,764
2018-10-02T15:30:00+09:00,J1,609,711,1320
2018-10-02T15:30:00+09:00,J2,363,327,690
2018-10-02T15:30:00+09:00,J3,427,372,799
2018-10-02T15:30:00+09:00,J4,535,525,1060
2018-10-02T15:30:00+09:00,J5,313,370,683
2018-10-02T15:45:00+09:00,J1,852,951,1803
2018-10-02T15:45:00+09:00,J2,502,507,1009
2018-10-02T15:45:00+09:00,J3,577,591,1168
2018-10-02T15:45:00+09:00,J4,780,674,1454
2018-10-02T15:45:00+09:00,J5,390,557,947
2018-10-02T16:00:00+09:00,J1,705,838,1543
2018-10-02T16:00:00+09:00,J2,471,418,889
2018-10-02T16:00:00+09:00,J3,513,514,1027
2018-10-02T16:00:00+09:00,J4,691,641,1332
2018-10-02T16:00:00+09:00,J5,326,412,738
2018-10-02T16:15:00+09:00,J1,712,792,1504
2018-10-02T16:15:00+09:00,J2,439,453,892
2018-10-02T16:15:00+09:00,J3,572,543,1115
2018-10-02T16:15:00+09:00,J4,613,646,1259
2018-10-02T16:15:00+09:00,J5,358,447,805
2018-10-02T16:30:00+09:00,J1,623,720,1343
2018-10-02T16:30:00+09:00,J2,444,406,850
2018-10-02T16:30:00+09:00,J3,518,549,1067
2018-10-02T16:30:00+09:00,J4,670,618,1288
2018-10-02T16:30:00+09:00,J5,337,439,776
2018-10-02T16:45:00+09:00,J1,638,755,1393
2018-10-02T16:45:00+09:00,J2,458,450,908
2018-10-02T16:45:00+09:00,J3,576,560,1136
2018-10-02T16:45:00+09:00,J4,669,612,1281
2018-10-02T16:45:00+09:00,J5,367,399,766
2018-10-02T17:00:00+09:00,J1,769,911,1680
2018-10-02T17:00:00+09:00,J2,477,493,970
2018-10-02T17:00:00+09:00,J3,767,587,1354
2018-10-02T17:00:00+09:00,J4,696,614,1310
2018-10-02T17:00:00+09:00,J5,345,487,832
2018-10-02T17:15:00+09:00,J1,657,931,1588
2018-10-02T17:15:00+09:00,J2,447,515,962
2018-10-02T17:15:00+09:00,J3,659,597,1256
2018-10-02T17:15:00+09:00,J4,863,722,1585
2018-10-02T17:15:00+09:00,J5,369,476,845
2018-10-02T17:30:00+09:00,J1,767,931,1698
2018-10-02T17:30:00+09:00,J2,483,547,1030
2018-10-02T17:30:00+09:00,J3,660,628,1288
2018-10-02T17:30:00+09:00,J4,877,794,1671
2018-10-02T17:30:00+09:00,J5,416,519,935
2018-10-02T17:45:00+09:00,J1,772,1000,1772
2018-10-02T17:45:00+09:00,J2,507,565,1072
2018-10-02T17:45:00+09:00,J3,797,651,1448
2018-10-02T17:45:00+09:00,J4,960,820,1780
2018-10-02T17:45:00+09:00,J5,435,489,924
2018-10-02T18:00:00+09:00,J1,756,1028,1784
2018-10-02T18:00:00+09:00,J2,519,568,1087
2018-10-02T18:00:00+09:00,J3,807,581,1388
2018-10-02T18:00:00+09:00,J4,993,816,1809
2018-10-02T18:00:00+09:00,J5,437,465,902
2018-10-02T18:15:00+09:00,J1,725,975,1700
2018-10-02T18:15:00+09:00,J2,487,529,1016
2018-10-02T18:15:00+09:00,J3,739,599,1338
2018-10-02T18:15:00+09:00,J4,944,736,1680
2018-10-02T18:15:00+09:00,J5,482,534,1016
2018-10-02T18:30:00+09:00,J1,720,853,1573
2018-10-02T18:30:00+09:00,J2,458,397,855
2018-10-02T18:30:00+09:00,J3,590,547,1137
2018-10-02T18:30:00+09:00,J4,950,692,1642
2018-10-02T18:30:00+09:00,J5,470,466,936
2018-10-02T18:45:00+09:00,J1,688,782,1470
2018-10-02T18:45:00+09:00,J2,457,408,865
2018-10-02T18:45:00+09:00,J3,582,527,1109
2018-10-02T18:45:00+09:00,J4,757,691,1448
2018-10-02T18:45:00+09:00,J5,409,475,884
2018-10-02T19:00:00+09:00,J1,686,800,1486
2018-10-02T19:00:00+09:00,J2,366,401,767
2018-10-02T19:00:00+09:00,J3,566,458,1024
2018-10-02T19:00:00+09:00,J4,914,739,1653
2018-10-02T19:00:00+09:00,J5,473,529,1002
2018-10-02T19:15:00+09:00,J1,635,798,1433
2018-10-02T19:15:00+09:00,J2,334,391,725
2018-10-02T19:15:00+09:00,J3,519,399,918
2018-10-02T19:15:00+09:00,J4,827,640,1467
2018-10-02T19:15:00+09:00,J5,408,507,915
2018-10-02T19:30:00+09:00,J1,701,825,1526
2018-10-02T19:30:00+09:00,J2,350,380,730
2018-10-02T19:30:00+09:00,J3,405,393,798
2018-10-02T19:30:00+09:00,J4,660,527,1187
2018-10-02T19:30:00+09:00,J5,372,468,840
2018-10-02T19:45:00+09:00,J1,648,856,1504
2018-10-02T19:45:00+09:00,J2,340,372,712
2018-10-02T19:45:00+09:00,J3,498,400,898
2018-10-02T19:45:00+09:00,J4,614,610,1224
2018-10-02T19:45:00+09:00,J5,369,496,865
2018-10-02T20:00:00+09:00,J1,607,749,1356
2018-10-02T20:00:00+09:00,J2,323,362,685
2018-10-02T20:00:00+09:00,J3,464,381,845
2018-10-02T20:00:00+09:00,J4,703,677,1380
2018-10-02T20:00:00+09:00,J5,329,468,797
2018-10-02T20:15:00+09:00,J1,536,731,1267
2018-10-02T20:15:00+09:00,J2,301,324,625
2018-10-02T20:15:00+09:00,J3,457,371,828
2018-10-02T20:15:00+09:00,J4,678,579,1257
2018-10-02T20:15:00+09:00,J5,354,360,714
2018-10-02T20:30:00+09:00,J1,524,659,1183
2018-10-02T20:30:00+09:00,J2,378,337,715
2018-10-02T20:30:00+09:00,J3,439,355,794
2018-10-02T20:30:00+09:00,J4,836,728,1564
2018-10-02T20:30:00+09:00,J5,344,404,748
2018-10-02T20:45:00+09:00,J1,523,593,1116
2018-10-02T20:45:00+09:00,J2,371,346,717
2018-10-02T20:45:00+09:00,J3,393,331,724
2018-10-02T20:45:00+09:00,J4,921,815,1736
2018-10-02T20:45:00+09:00,J5,317,352,669
2018-10-02T21:00:00+09:00,J1,568,644,1212
2018-10-02T21:00:00+09:00,J2,369,329,698
2018-10-02T21:00:00+09:00,J3,363,295,658
2018-10-02T21:00:00+09:00,J4,1012,982,1994
2018-10-02T21:00:00+09:00,J5,322,356,678
2018-10-02T21:15:00+09:00,J1,532,700,1232
2018-10-02T21:15:00+09:00,J2,321,341,662
2018-10-02T21:15:00+09:00,J3,393,343,736
2018-10-02T21:15:00+09:00,J4,1062,852,1914
2018-10-02T21:15:00+09:00,J5,365,358,723
2018-10-02T21:30:00+09:00,J1,562,694,1256
2018-10-02T21:30:00+09:00,J2,245,274,519
2018-10-02T21:30:00+09:00,J3,333,324,657
2018-10-02T21:30:00+09:00,J4,1105,965,2070
2018-10-02T21:30:00+09:00,J5,377,315,692
2018-10-02T21:45:00+09:00,J1,544,634,1178
2018-10-02T21:45:00+09:00,J2,312,297,609
2018-10-02T21:45:00+09:00,J3,347,351,698
2018-10-02T21:45:00+09:00,J4,1041,980,2021
2018-10-02T21:45:00+09:00,J5,348,323,671
2018-10-02T22:00:00+09:00,J1,462,584,1046
2018-10-02T22:00:00+09:00,J2,286,304,590
2018-10-02T22:00:00+09:00,J3,331,351,682
2018-10-02T22:00:00+09:00,J4,1065,952,2017
2018-10-02T22:00:00+09:00,J5,386,361,747
2018-10-02T22:15:00+09:00,J1,492,569,1061
2018-10-02T22:15:00+09:00,J2,286,323,609
2018-10-02T22:15:00+09:00,J3,300,299,599
2018-10-02T22:15:00+09:00,J4,1030,942,1972
2018-10-02T22:15:00+09:00,J5,388,333,721
2018-10-02T22:30:00+09:00,J1,502,550,1052
2018-10-02T22:30:00+09:00,J2,275,273,548
2018-10-02T22:30:00+09:00,J3,323,264,587
2018-10-02T22:30:00+09:00,J4,934,917,1851
2018-10-02T22:30:00+09:00,J5,412,419,831
2018-10-02T22:45:00+09:00,J1,499,597,1096
2018-10-02T22:45:00+09:00,J2,286,286,572
2018-10-02T22:45:00+09:00,J3,286,262,548
2018-10-02T22:45:00+09:00,J4,887,1005,1892
2018-10-02T22:45:00+09:00,J5,354,411,765
2018-10-02T23:00:00+09:00,J1,406,457,863
2018-10-02T23:00:00+09:00,J2,375,299,674
2018-10-02T23:00:00+09:00,J3,283,254,537
2018-10-02T23:00:00+09:00,J4,1114,1083,2197
2018-10-02T23:00:00+09:00,J5,283,390,673
2018-10-02T23:15:00+09:00,J1,414,449,863
2018-10-02T23:15:00+09:00,J2,328,266,594
2018-10-02T23:15:00+09:00,J3,277,277,554
2018-10-02T23:15:00+09:00,J4,1006,1015,2021
2018-10-02T23:15:00+09:00,J5,259,372,631
2018-10-02T23:30:00+09:00,J1,306,378,684
2018-10-02T23:30:00+09:00,J2,328,299,627
2018-10-02T23:30:00+09:00,J3,289,265,554
2018-10-02T23:30:00+09:00,J4,821,832,1653
2018-10-02T23:30:00+09:00,J5,274,337,611
2018-10-02T23:45:00+09:00,J1,325,387,712
2018-10-02T23:45:00+09:00,J2,301,314,615
2018-10-02T23:45:00+09:00,J3,205,194,399
2018-10-02T23:45:00+09:00,J4,955,956,1911
2018-10-02T23:45:00+09:00,J5,264,392,656
2018-10-03T00:00:00+09:00,J1,238,309,547
2018-10-03T00:00:00+09:00,J2,304,315,619
2018-10-03T00:00:00+09:00,J3,164,148,312
2018-10-03T00:00:00+09:00,J4,1134,1022,2156
2018-10-03T00:00:00+09:00,J5,241,319,560
2018-10-03T00:15:00+09:00,J1,183,218,401
2018-10-03T00:15:00+09:00,J2,364,374,738
2018-10-03T00:15:00+09:00,J3,507,418,925
2018-10-03T00:15:00+09:00,J4,356,339,695
2018-10-03T00:15:00+09:00,J5,214,228,442
2018-10-03T00:30:00+09:00,J1,161,153,314
2018-10-03T00:30:00+09:00,J2,382,424,806
2018-10-03T00:30:00+09:00,J3,425,456,881
2018-10-03T00:30:00+09:00,J4,241,233,474
2018-10-03T00:30:00+09:00,J5,150,166,316
2018-10-03T00:45:00+09:00,J1,203,179,382
2018-10-03T00:45:00+09:00,J2,341,403,744
2018-10-03T00:45:00+09:00,J3,377,356,733
2018-10-03T00:45:00+09:00,J4,275,258,533
2018-10-03T00:45:00+09:00,J5,179,195,374
2018-10-03T05:45:00+09:00,J1,202,207,409
2018-10-03T05:45:00+09:00,J2,232,215,447
2018-10-03T05:45:00+09:00,J3,437,368,805
2018-10-03T05:45:00+09:00,J4,607,603,1210
2018-10-03T05:45:00+09:00,J5,220,242,462
2018-10-03T06:00:00+09:00,J1,299,302,601
2018-10-03T06:00:00+09:00,J2,353,220,573
2018-10-03T06:00:00+09:00,J3,365,268,633
2018-10-03T06:00:00+09:00,J4,450,373,823
2018-10-03T06:00:00+09:00,J5,285,339,624
2018-10-03T06:15:00+09:00,J1,453,498,951
2018-10-03T06:15:00+09:00,J2,389,383,772
2018-10-03T06:15:00+09:00,J3,542,466,1008
2018-10-03T06:15:00+09:00,J4,316,339,655
2018-10-03T06:15:00+09:00,J5,262,264,526
2018-10-03T06:30:00+09:00,J1,391,439,830
2018-10-03T06:30:00+09:00,J2,370,309,679
2018-10-03T06:30:00+09:00,J3,473,406,879
2018-10-03T06:30:00+09:00,J4,567,603,1170
2018-10-03T06:30:00+09:00,J5,215,223,438
2018-10-03T06:45:00+09:00,J1,554,470,1024
2018-10-03T06:45:00+09:00,J2,452,379,831
2018-10-03T06:45:00+09:00,J3,501,439,940
2018-10-03T06:45:00+09:00,J4,400,466,866
2018-10-03T06:45:00+09:00,J5,231,244,475
2018-10-03T07:00:00+09:00,J1,537,581,1118
2018-10-03T07:00:00+09:00,J2,436,467,903
2018-10-03T07:00:00+09:00,J3,430,402,832
2018-10-03T07:00:00+09:00,J4,644,725,1369
2018-10-03T07:00:00+09:00,J5,259,272,531
2018-10-03T07:15:00+09:00,J1,522,428,950
2018-10-03T07:15:00+09:00,J2,508,456,964
2018-10-03T07:15:00+09:00,J3,360,295,655
2018-10-03T07:15:00+09:00,J4,829,872,1701
2018-10-03T07:15:00+09:00,J5,297,292,589
2018-10-03T07:30:00+09:00,J1,538,412,950
2018-10-03T07:30:00+09:00,J2,513,435,948
2018-10-03T07:30:00+09:00,J3,323,312,635
2018-10-03T07:30:00+09:00,J4,783,900,1683
2018-10-03T07:30:00+09:00,J5,321,445,766
2018-10-03T07:45:00+09:00,J1,725,526,1251
2018-10-03T07:45:00+09:00,J2,508,385,893
2018-10-03T07:45:00+09:00,J3,404,458,862
2018-10-03T07:45:00+09:00,J4,766,975,1741
2018-10-03T07:45:00+09:00,J5,329,423,752
2018-10-03T08:00:00+09:00,J1,983,657,1640
2018-10-03T08:00:00+09:00,J2,686,433,1119
2018-10-03T08:00:00+09:00,J3,615,677,1292
2018-10-03T08:00:00+09:00,J4,645,955,1600
2018-10-03T08:00:00+09:00,J5,350,488,838
2018-10-03T08:15:00+09:00,J1,992,666,1658
2018-10-03T08:15:00+09:00,J2,822,398,1220
2018-10-03T08:15:00+09:00,J3,513,718,1231
2018-10-03T08:15:00+09:00,J4,717,1071,1788
2018-10-03T08:15:00+09:00,J5,448,524,972
2018-10-03T08:30:00+09:00,J1,1104,675,1779
2018-10-03T08:30:00+09:00,J2,874,411,1285
2018-10-03T08:30:00+09:00,J3,482,820,1302
2018-10-03T08:30:00+09:00,J4,714,977,1691
2018-10-03T08:30:00+09:00,J5,429,462,891
2018-10-03T08:45:00+09:00,J1,788,611,1399
2018-10-03T08:45:00+09:00,J2,684,407,1091
2018-10-03T08:45:00+09:00,J3,435,612,1047
2018-10-03T08:45:00+09:00,J4,646,887,1533
2018-10-03T08:45:00+09:00,J5,389,456,845
2018-10-03T09:00:00+09:00,J1,628,521,1149
2018-10-03T09:00:00+09:00,J2,604,364,968
2018-10-03T09:00:00+09:00,J3,428,384,812
2018-10-03T09:00:00+09:00,J4,615,778,1393
2018-10-03T09:00:00+09:00,J5,313,443,756
2018-10-03T09:15:00+09:00,J1,585,459,1044
2018-10-03T09:15:00+09:00,J2,528,330,858
2018-10-03T09:15:00+09:00,J3,351,365,716
2018-10-03T09:15:00+09:00,J4,707,848,1555
2018-10-03T09:15:00+09:00,J5,381,442,823
2018-10-03T09:30:00+09:00,J1,576,523,1099
2018-10-03T09:30:00+09:00,J2,454,339,793
2018-10-03T09:30:00+09:00,J3,287,366,653
2018-10-03T09:30:00+09:00,J4,703,757,1460
2018-10-03T09:30:00+09:00,J5,409,446,855
2018-10-03T09:45:00+09:00,J1,454,433,887
2018-10-03T09:45:00+09:00,J2,469,379,848
2018-10-03T09:45:00+09:00,J3,302,350,652
2018-10-03T09:45:00+09:00,J4,561,675,1236
2018-10-03T09:45:00+09:00,J5,412,487,899
2018-10-03T10:00:00+09:00,J1,443,418,861
2018-10-03T10:00:00+09:00,J2,390,338,728
2018-10-03T10:00:00+09:00,J3,248,266,514
2018-10-03T10:00:00+09:00,J4,559,529,1088
2018-10-03T10:00:00+09:00,J5,372,490,862
2018-10-03T10:15:00+09:00,J1,443,430,873
2018-10-03T10:15:00+09:00,J2,377,366,743
2018-10-03T10:15:00+09:00,J3,313,300,613
2018-10-03T10:15:00+09:00,J4,594,633,1227
2018-10-03T10:15:00+09:00,J5,329,464,793
2018-10-03T10:30:00+09:00,J1,476,386,862
2018-10-03T10:30:00+09:00,J2,400,346,746
2018-10-03T10:30:00+09:00,J3,381,356,737
2018-10-03T10:30:00+09:00,J4,639,710,1349
2018-10-03T10:30:00+09:00,J5,392,512,904
2018-10-03T10:45:00+09:00,J1,535,586,1121
2018-10-03T10:45:00+09:00,J2,385,378,763
2018-10-03T10:45:00+09:00,J3,373,414,787
2018-10-03T10:45:00+09:00,J4,716,752,1468
2018-10-03T10:45:00+09:00,J5,407,476,883
2018-10-03T11:00:00+09:00,J1,563,570,1133
2018-10-03T11:00:00+09:00,J2,392,414,806
2018-10-03T11:00:00+09:00,J3,380,366,746
2018-10-03T11:00:00+09:00,J4,703,774,1477
2018-10-03T11:00:00+09:00,J5,279,254,533
2018-10-03T11:15:00+09:00,J1,536,484,1020
2018-10-03T11:15:00+09:00,J2,371,398,769
2018-10-03T11:15:00+09:00,J3,463,408,871
2018-10-03T11:15:00+09:00,J4,614,689,1303
2018-10-03T11:15:00+09:00,J5,394,411,805
2018-10-03T11:30:00+09:00,J1,622,594,1216
2018-10-03T11:30:00+09:00,J2,369,417,786
2018-10-03T11:30:00+09:00,J3,468,405,873
2018-10-03T11:30:00+09:00,J4,595,620,1215
2018-10-03T11:30:00+09:00,J5,353,479,832
2018-10-03T11:45:00+09:00,J1,614,571,1185
2018-10-03T11:45:00+09:00,J2,351,424,775
2018-10-03T11:45:00+09:00,J3,422,423,845
2018-10-03T11:45:00+09:00,J4,690,697,1387
2018-10-03T11:45:00+09:00,J5,395,507,902
2018-10-03T12:00:00+09:00,J1,598,692,1290
2018-10-03T12:00:00+09:00,J2,398,456,854
2018-10-03T12:00:00+09:00,J3,534,446,980
2018-10-03T12:00:00+09:00,J4,694,717,1411
2018-10-03T12:00:00+09:00,J5,336,434,770
2018-10-03T12:15:00+09:00,J1,658,660,1318
2018-10-03T12:15:00+09:00,J2,398,511,909
2018-10-03T12:15:00+09:00,J3,544,520,1064
2018-10-03T12:15:00+09:00,J4,726,683,1409
2018-10-03T12:15:00+09:00,J5,384,574,958
2018-10-03T12:30:00+09:00,J1,685,728,1413
2018-10-03T12:30:00+09:00,J2,427,539,966
2018-10-03T12:30:00+09:00,J3,650,584,1234
2018-10-03T12:30:00+09:00,J4,653,709,1362
2018-10-03T12:30:00+09:00,J5,366,420,786
2018-10-03T12:45:00+09:00,J1,675,772,1447
2018-10-03T12:45:00+09:00,J2,476,468,944
2018-10-03T12:45:00+09:00,J3,691,637,1328
2018-10-03T12:45:00+09:00,J4,657,687,1344
2018-10-03T12:45:00+09:00,J5,401,422,823
2018-10-03T13:00:00+09:00,J1,669,771,1440
2018-10-03T13:00:00+09:00,J2,428,486,914
2018-10-03T13:00:00+09:00,J3,639,582,1221
2018-10-03T13:00:00+09:00,J4,643,675,1318
2018-10-03T13:00:00+09:00,J5,407,479,886
2018-10-03T13:15:00+09:00,J1,642,752,1394
2018-10-03T13:15:00+09:00,J2,446,548,994
2018-10-03T13:15:00+09:00,J3,611,579,1190
2018-10-03T13:15:00+09:00,J4,689,742,1431
2018-10-03T13:15:00+09:00,J5,404,512,916
2018-10-03T13:30:00+09:00,J1,677,821,1498
2018-10-03T13:30:00+09:00,J2,445,487,932
2018-10-03T13:30:00+09:00,J3,618,541,1159
2018-10-03T13:30:00+09:00,J4,721,695,1416
2018-10-03T13:30:00+09:00,J5,422,557,979
2018-10-03T13:45:00+09:00,J1,676,850,1526
2018-10-03T13:45:00+09:00,J2,484,480,964
2018-10-03T13:45:00+09:00,J3,656,543,1199
2018-10-03T13:45:00+09:00,J4,698,758,1456
2018-10-03T13:45:00+09:00,J5,399,563,962
2018-10-03T14:00:00+09:00,J1,676,864,1540
2018-10-03T14:00:00+09:00,J2,492,499,991
2018-10-03T14:00:00+09:00,J3,668,645,1313
2018-10-03T14:00:00+09:00,J4,849,825,1674
2018-10-03T14:00:00+09:00,J5,399,556,955
2018-10-03T14:15:00+09:00,J1,754,860,1614
2018-10-03T14:15:00+09:00,J2,506,483,989
2018-10-03T14:15:00+09:00,J3,728,640,1368
2018-10-03T14:15:00+09:00,J4,864,814,1678
2018-10-03T14:15:00+09:00,J5,355,548,903
2018-10-03T14:30:00+09:00,J1,664,813,1477
2018-10-03T14:30:00+09:00,J2,504,481,985
2018-10-03T14:30:00+09:00,J3,727,667,1394
2018-10-03T14:30:00+09:00,J4,765,742,1507
2018-10-03T14:30:00+09:00,J5,388,465,853
2018-10-03T14:45:00+09:00,J1,775,890,1665
2018-10-03T14:45:00+09:00,J2,494,551,1045
2018-10-03T14:45:00+09:00,J3,723,632,1355
2018-10-03T14:45:00+09:00,J4,778,717,1495
2018-10-03T14:45:00+09:00,J5,377,382,759
2018-10-03T15:00:00+09:00,J1,720,832,1552
2018-10-03T15:00:00+09:00,J2,387,499,886
2018-10-03T15:00:00+09:00,J3,622,605,1227
2018-10-03T15:00:00+09:00,J4,764,751,1515
2018-10-03T15:00:00+09:00,J5,347,439,786
2018-10-03T15:15:00+09:00,J1,688,797,1485
2018-10-03T15:15:00+09:00,J2,370,458,828
2018-10-03T15:15:00+09:00,J3,684,632,1316
2018-10-03T15:15:00+09:00,J4,743,671,1414
2018-10-03T15:15:00+09:00,J5,370,478,848
2018-10-03T15:30:00+09:00,J1,635,796,1431
2018-10-03T15:30:00+09:00,J2,382,457,839
2018-10-03T15:30:00+09:00,J3,619,609,1228
2018-10-03T15:30:00+09:00,J4,671,710,1381
2018-10-03T15:30:00+09:00,J5,360,507,867
2018-10-03T15:45:00+09:00,J1,647,667,1314
2018-10-03T15:45:00+09:00,J2,377,393,770
2018-10-03T15:45:00+09:00,J3,625,532,1157
2018-10-03T15:45:00+09:00,J4,753,683,1436
2018-10-03T15:45:00+09:00,J5,357,523,880
2018-10-03T16:00:00+09:00,J1,621,734,1355
2018-10-03T16:00:00+09:00,J2,342,440,782
2018-10-03T16:00:00+09:00,J3,582,503,1085
2018-10-03T16:00:00+09:00,J4,725,643,1368
2018-10-03T16:00:00+09:00,J5,351,466,817
2018-10-03T16:15:00+09:00,J1,632,682,1314
2018-10-03T16:15:00+09:00,J2,371,373,744
2018-10-03T16:15:00+09:00,J3,531,455,986
2018-10-03T16:15:00+09:00,J4,700,597,1297
2018-10-03T16:15:00+09:00,J5,348,489,837
2018-10-03T16:30:00+09:00,J1,635,800,1435
2018-10-03T16:30:00+09:00,J2,418,412,830
2018-10-03T16:30:00+09:00,J3,485,460,945
2018-10-03T16:30:00+09:00,J4,775,663,1438
2018-10-03T16:30:00+09:00,J5,315,387,702
2018-10-03T16:45:00+09:00,J1,666,693,1359
2018-10-03T16:45:00+09:00,J2,457,482,939
2018-10-03T16:45:00+09:00,J3,458,478,936
2018-10-03T16:45:00+09:00,J4,796,710,1506
2018-10-03T16:45:00+09:00,J5,318,371,689
2018-10-03T17:00:00+09:00,J1,684,787,1471
2018-10-03T17:00:00+09:00,J2,425,533,958
2018-10-03T17:00:00+09:00,J3,633,518,1151
2018-10-03T17:00:00+09:00,J4,743,622,1365
2018-10-03T17:00:00+09:00,J5,315,398,713
2018-10-03T17:15:00+09:00,J1,732,935,1667
2018-10-03T17:15:00+09:00,J2,469,527,996
2018-10-03T17:15:00+09:00,J3,680,538,1218
2018-10-03T17:15:00+09:00,J4,793,641,1434
2018-10-03T17:15:00+09:00,J5,314,377,691
2018-10-03T17:30:00+09:00,J1,833,925,1758
2018-10-03T17:30:00+09:00,J2,499,539,1038
2018-10-03T17:30:00+09:00,J3,624,544,1168
2018-10-03T17:30:00+09:00,J4,974,958,1932
2018-10-03T17:30:00+09:00,J5,346,404,750
2018-10-03T17:45:00+09:00,J1,744,1005,1749
2018-10-03T17:45:00+09:00,J2,494,579,1073
2018-10-03T17:45:00+09:00,J3,668,561,1229
2018-10-03T17:45:00+09:00,J4,934,832,1766
2018-10-03T17:45:00+09:00,J5,345,471,816
2018-10-03T18:00:00+09:00,J1,767,1071,1838
2018-10-03T18:00:00+09:00,J2,508,590,1098
2018-10-03T18:00:00+09:00,J3,736,522,1258
2018-10-03T18:00:00+09:00,J4,958,671,1629
2018-10-03T18:00:00+09:00,J5,335,441,776
2018-10-03T18:15:00+09:00,J1,826,1095,1921
2018-10-03T18:15:00+09:00,J2,498,602,1100
2018-10-03T18:15:00+09:00,J3,616,533,1149
2018-10-03T18:15:00+09:00,J4,1023,742,1765
2018-10-03T18:15:00+09:00,J5,323,519,842
2018-10-03T18:30:00+09:00,J1,869,1001,1870
2018-10-03T18:30:00+09:00,J2,510,541,1051
2018-10-03T18:30:00+09:00,J3,607,471,1078
2018-10-03T18:30:00+09:00,J4,766,565,1331
2018-10-03T18:30:00+09:00,J5,348,430,778
2018-10-03T18:45:00+09:00,J1,813,933,1746
2018-10-03T18:45:00+09:00,J2,494,493,987
2018-10-03T18:45:00+09:00,J3,535,404,939
2018-10-03T18:45:00+09:00,J4,697,488,1185
2018-10-03T18:45:00+09:00,J5,303,383,686
2018-10-03T19:00:00+09:00,J1,708,869,1577
2018-10-03T19:00:00+09:00,J2,438,382,820
2018-10-03T19:00:00+09:00,J3,500,387,887
2018-10-03T19:00:00+09:00,J4,739,644,1383
2018-10-03T19:00:00+09:00,J5,288,341,629
2018-10-03T19:15:00+09:00,J1,759,850,1609
2018-10-03T19:15:00+09:00,J2,367,408,775
2018-10-03T19:15:00+09:00,J3,484,410,894
2018-10-03T19:15:00+09:00,J4,711,666,1377
2018-10-03T19:15:00+09:00,J5,307,430,737
2018-10-03T19:30:00+09:00,J1,668,781,1449
2018-10-03T19:30:00+09:00,J2,405,367,772
2018-10-03T19:30:00+09:00,J3,447,364,811
2018-10-03T19:30:00+09:00,J4,788,734,1522
2018-10-03T19:30:00+09:00,J5,330,419,749
2018-10-03T19:45:00+09:00,J1,669,771,1440
2018-10-03T19:45:00+09:00,J2,346,345,691
2018-10-03T19:45:00+09:00,J3,406,375,781
2018-10-03T19:45:00+09:00,J4,826,751,1577
2018-10-03T19:45:00+09:00,J5,302,325,627
2018-10-03T20:00:00+09:00,J1,651,762,1413
2018-10-03T20:00:00+09:00,J2,413,370,783
2018-10-03T20:00:00+09:00,J3,422,363,785
2018-10-03T20:00:00+09:00,J4,901,855,1756
2018-10-03T20:00:00+09:00,J5,306,315,621
2018-10-03T20:15:00+09:00,J1,636,805,1441
2018-10-03T20:15:00+09:00,J2,418,424,842
2018-10-03T20:15:00+09:00,J3,399,336,735
2018-10-03T20:15:00+09:00,J4,751,704,1455
2018-10-03T20:15:00+09:00,J5,306,295,601
2018-10-03T20:30:00+09:00,J1,652,708,1360
2018-10-03T20:30:00+09:00,J2,400,396,796
2018-10-03T20:30:00+09:00,J3,371,347,718
2018-10-03T20:30:00+09:00,J4,840,798,1638
2018-10-03T20:30:00+09:00,J5,312,289,601
2018-10-03T20:45:00+09:00,J1,636,698,1334
2018-10-03T20:45:00+09:00,J2,368,362,730
2018-10-03T20:45:00+09:00,J3,340,320,660
2018-10-03T20:45:00+09:00,J4,959,817,1776
2018-10-03T20:45:00+09:00,J5,325,300,625
2018-10-03T21:00:00+09:00,J1,637,775,1412
2018-10-03T21:00:00+09:00,J2,324,307,631
2018-10-03T21:00:00+09:00,J3,355,306,661
2018-10-03T21:00:00+09:00,J4,954,884,1838
2018-10-03T21:00:00+09:00,J5,298,285,583
2018-10-03T21:15:00+09:00,J1,638,731,1369
2018-10-03T21:15:00+09:00,J2,383,362,745
2018-10-03T21:15:00+09:00,J3,362,306,668
2018-10-03T21:15:00+09:00,J4,869,855,1724
2018-10-03T21:15:00+09:00,J5,323,282,605
2018-10-03T21:30:00+09:00,J1,568,665,1233
2018-10-03T21:30:00+09:00,J2,338,319,657
2018-10-03T21:30:00+09:00,J3,302,257,559
2018-10-03T21:30:00+09:00,J4,911,863,1774
2018-10-03T21:30:00+09:00,J5,317,291,608
2018-10-03T21:45:00+09:00,J1,505,633,1138
2018-10-03T21:45:00+09:00,J2,301,278,579
2018-10-03T21:45:00+09:00,J3,251,226,477
2018-10-03T21:45:00+09:00,J4,996,866,1862
2018-10-03T21:45:00+09:00,J5,336,279,615
2018-10-03T22:00:00+09:00,J1,499,579,1078
2018-10-03T22:00:00+09:00,J2,255,276,531
2018-10-03T22:00:00+09:00,J3,285,238,523
2018-10-03T22:00:00+09:00,J4,1033,962,1995
2018-10-03T22:00:00+09:00,J5,290,284,574
2018-10-03T22:15:00+09:00,J1,520,582,1102
2018-10-03T22:15:00+09:00,J2,337,329,666
2018-10-03T22:15:00+09:00,J3,269,269,538
2018-10-03T22:15:00+09:00,J4,1006,992,1998
2018-10-03T22:15:00+09:00,J5,312,266,578
2018-10-03T22:30:00+09:00,J1,557,635,1192
2018-10-03T22:30:00+09:00,J2,382,441,823
2018-10-03T22:30:00+09:00,J3,287,260,547
2018-10-03T22:30:00+09:00,J4,1030,949,1979
2018-10-03T22:30:00+09:00,J5,291,293,584
2018-10-03T22:45:00+09:00,J1,495,589,1084
2018-10-03T22:45:00+09:00,J2,403,367,770
2018-10-03T22:45:00+09:00,J3,252,218,470
2018-10-03T22:45:00+09:00,J4,985,954,1939
2018-10-03T22:45:00+09:00,J5,350,324,674
2018-10-03T23:00:00+09:00,J1,476,497,973
2018-10-03T23:00:00+09:00,J2,408,489,897
2018-10-03T23:00:00+09:00,J3,218,221,439
2018-10-03T23:00:00+09:00,J4,959,896,1855
2018-10-03T23:00:00+09:00,J5,294,340,634
2018-10-03T23:15:00+09:00,J1,513,604,1117
2018-10-03T23:15:00+09:00,J2,359,361,720
2018-10-03T23:15:00+09:00,J3,274,249,523
2018-10-03T23:15:00+09:00,J4,1085,1047,2132
2018-10-03T23:15:00+09:00,J5,247,338,585
2018-10-03T23:30:00+09:00,J1,494,504,998
2018-10-03T23:30:00+09:00,J2,372,384,756
2018-10-03T23:30:00+09:00,J3,214,231,445
2018-10-03T23:30:00+09:00,J4,908,889,1797
2018-10-03T23:30:00+09:00,J5,219,286,505
2018-10-03T23:45:00+09:00,J1,525,526,1051
2018-10-03T23:45:00+09:00,J2,379,347,726
2018-10-03T23:45:00+09:00,J3,221,169,390
2018-10-03T23:45:00+09:00,J4,1018,1001,2019
2018-10-03T23:45:00+09:00,J5,263,332,595
2018-10-04T00:00:00+09:00,J1,409,447,856
2018-10-04T00:00:00+09:00,J2,438,433,871
2018-10-04T00:00:00+09:00,J3,170,141,311
2018-10-04T00:00:00+09:00,J4,1103,1061,2164
2018-10-04T00:00:00+09:00,J5,247,315,562
2018-10-04T00:15:00+09:00,J1,311,248,559
2018-10-04T00:15:00+09:00,J2,379,397,776
2018-10-04T00:15:00+09:00,J3,410,342,752
2018-10-04T00:15:00+09:00,J4,515,555,1070
2018-10-04T00:15:00+09:00,J5,193,211,404
2018-10-04T00:30:00+09:00,J1,274,275,549
2018-10-04T00:30:00+09:00,J2,339,352,691
2018-10-04T00:30:00+09:00,J3,431,463,894
2018-10-04T00:30:00+09:00,J4,346,350,696
2018-10-04T00:30:00+09:00,J5,120,121,241
2018-10-04T00:45:00+09:00,J1,208,248,456
2018-10-04T00:45:00+09:00,J2,369,316,685
2018-10-04T00:45:00+09:00,J3,356,342,698
2018-10-04T00:45:00+09:00,J4,309,297,606
2018-10-04T00:45:00+09:00,J5,141,157,298
2018-10-04T05:45:00+09:00,J1,209,260,469
2018-10-04T05:45:00+09:00,J2,178,168,346
2018-10-04T05:45:00+09:00,J3,365,336,701
2018-10-04T05:45:00+09:00,J4,941,1067,2008
2018-10-04T05:45:00+09:00,J5,166,176,342
2018-10-04T06:00:00+09:00,J1,74,89,163
2018-10-04T06:00:00+09:00,J2,58,35,93
2018-10-04T06:00:00+09:00,J3,180,206,386
2018-10-04T06:00:00+09:00,J4,370,351,721
2018-10-04T06:00:00+09:00,J5,39,34,73
2018-10-04T06:15:00+09:00,J1,621,609,1230
2018-10-04T06:15:00+09:00,J2,479,333,812
2018-10-04T06:15:00+09:00,J3,830,622,1452
2018-10-04T06:15:00+09:00,J4,1602,1645,3247
2018-10-04T06:15:00+09:00,J5,200,197,397
2018-10-04T06:30:00+09:00,J1,619,564,1183
2018-10-04T06:30:00+09:00,J2,436,338,774
2018-10-04T06:30:00+09:00,J3,607,470,1077
2018-10-04T06:30:00+09:00,J4,825,854,1679
2018-10-04T06:30:00+09:00,J5,143,191,334
2018-10-04T06:45:00+09:00,J1,500,526,1026
2018-10-04T06:45:00+09:00,J2,337,231,568
2018-10-04T06:45:00+09:00,J3,543,494,1037
2018-10-04T06:45:00+09:00,J4,693,776,1469
2018-10-04T06:45:00+09:00,J5,148,182,330
2018-10-04T07:00:00+09:00,J1,651,557,1208
2018-10-04T07:00:00+09:00,J2,352,251,603
2018-10-04T07:00:00+09:00,J3,587,488,1075
2018-10-04T07:00:00+09:00,J4,569,722,1291
2018-10-04T07:00:00+09:00,J5,187,244,431
2018-10-04T07:15:00+09:00,J1,745,701,1446
2018-10-04T07:15:00+09:00,J2,377,229,606
2018-10-04T07:15:00+09:00,J3,603,579,1182
2018-10-04T07:15:00+09:00,J4,719,911,1630
2018-10-04T07:15:00+09:00,J5,236,265,501
2018-10-04T07:30:00+09:00,J1,851,782,1633
2018-10-04T07:30:00+09:00,J2,469,262,731
2018-10-04T07:30:00+09:00,J3,548,517,1065
2018-10-04T07:30:00+09:00,J4,471,651,1122
2018-10-04T07:30:00+09:00,J5,259,369,628
2018-10-04T07:45:00+09:00,J1,866,709,1575
2018-10-04T07:45:00+09:00,J2,607,341,948
2018-10-04T07:45:00+09:00,J3,632,664,1296
2018-10-04T07:45:00+09:00,J4,750,933,1683
2018-10-04T07:45:00+09:00,J5,281,323,604
2018-10-04T08:00:00+09:00,J1,1042,796,1838
2018-10-04T08:00:00+09:00,J2,769,499,1268
2018-10-04T08:00:00+09:00,J3,712,762,1474
2018-10-04T08:00:00+09:00,J4,662,996,1658
2018-10-04T08:00:00+09:00,J5,345,325,670
2018-10-04T08:15:00+09:00,J1,1155,798,1953
2018-10-04T08:15:00+09:00,J2,827,367,1194
2018-10-04T08:15:00+09:00,J3,769,849,1618
2018-10-04T08:15:00+09:00,J4,621,1066,1687
2018-10-04T08:15:00+09:00,J5,376,394,770
2018-10-04T08:30:00+09:00,J1,1201,786,1987
2018-10-04T08:30:00+09:00,J2,895,424,1319
2018-10-04T08:30:00+09:00,J3,705,945,1650
2018-10-04T08:30:00+09:00,J4,722,1086,1808
2018-10-04T08:30:00+09:00,J5,448,431,879
2018-10-04T08:45:00+09:00,J1,922,670,1592
2018-10-04T08:45:00+09:00,J2,683,297,980
2018-10-04T08:45:00+09:00,J3,653,814,1467
2018-10-04T08:45:00+09:00,J4,608,845,1453
2018-10-04T08:45:00+09:00,J5,335,412,747
2018-10-04T09:00:00+09:00,J1,749,679,1428
2018-10-04T09:00:00+09:00,J2,593,324,917
2018-10-04T09:00:00+09:00,J3,661,658,1319
2018-10-04T09:00:00+09:00,J4,446,643,1089
2018-10-04T09:00:00+09:00,J5,292,280,572
2018-10-04T09:15:00+09:00,J1,730,598,1328
2018-10-04T09:15:00+09:00,J2,630,322,952
2018-10-04T09:15:00+09:00,J3,614,604,1218
2018-10-04T09:15:00+09:00,J4,456,593,1049
2018-10-04T09:15:00+09:00,J5,343,338,681
2018-10-04T09:30:00+09:00,J1,648,581,1229
2018-10-04T09:30:00+09:00,J2,656,457,1113
2018-10-04T09:30:00+09:00,J3,550,498,1048
2018-10-04T09:30:00+09:00,J4,484,571,1055
2018-10-04T09:30:00+09:00,J5,382,410,792
2018-10-04T09:45:00+09:00,J1,587,540,1127
2018-10-04T09:45:00+09:00,J2,541,569,1110
2018-10-04T09:45:00+09:00,J3,484,446,930
2018-10-04T09:45:00+09:00,J4,444,473,917
2018-10-04T09:45:00+09:00,J5,327,405,732
2018-10-04T10:00:00+09:00,J1,599,553,1152
2018-10-04T10:00:00+09:00,J2,523,562,1085
2018-10-04T10:00:00+09:00,J3,374,397,771
2018-10-04T10:00:00+09:00,J4,428,458,886
2018-10-04T10:00:00+09:00,J5,286,353,639
2018-10-04T10:15:00+09:00,J1,554,583,1137
2018-10-04T10:15:00+09:00,J2,611,572,1183
2018-10-04T10:15:00+09:00,J3,364,401,765
2018-10-04T10:15:00+09:00,J4,437,448,885
2018-10-04T10:15:00+09:00,J5,328,378,706
2018-10-04T10:30:00+09:00,J1,556,475,1031
2018-10-04T10:30:00+09:00,J2,535,524,1059
2018-10-04T10:30:00+09:00,J3,315,363,678
2018-10-04T10:30:00+09:00,J4,535,540,1075
2018-10-04T10:30:00+09:00,J5,352,461,813
2018-10-04T10:45:00+09:00,J1,599,596,1195
2018-10-04T10:45:00+09:00,J2,522,401,923
2018-10-04T10:45:00+09:00,J3,317,362,679
2018-10-04T10:45:00+09:00,J4,598,584,1182
2018-10-04T10:45:00+09:00,J5,380,435,815
2018-10-04T11:00:00+09:00,J1,612,611,1223
2018-10-04T11:00:00+09:00,J2,427,374,801
2018-10-04T11:00:00+09:00,J3,355,331,686
2018-10-04T11:00:00+09:00,J4,693,761,1454
2018-10-04T11:00:00+09:00,J5,331,395,726
2018-10-04T11:15:00+09:00,J1,610,549,1159
2018-10-04T11:15:00+09:00,J2,440,378,818
2018-10-04T11:15:00+09:00,J3,303,363,666
2018-10-04T11:15:00+09:00,J4,705,732,1437
2018-10-04T11:15:00+09:00,J5,325,382,707
2018-10-04T11:30:00+09:00,J1,702,646,1348
2018-10-04T11:30:00+09:00,J2,419,380,799
2018-10-04T11:30:00+09:00,J3,329,356,685
2018-10-04T11:30:00+09:00,J4,699,764,1463
2018-10-04T11:30:00+09:00,J5,357,406,763
2018-10-04T11:45:00+09:00,J1,606,600,1206
2018-10-04T11:45:00+09:00,J2,434,377,811
2018-10-04T11:45:00+09:00,J3,390,386,776
2018-10-04T11:45:00+09:00,J4,692,779,1471
2018-10-04T11:45:00+09:00,J5,355,397,752
2018-10-04T12:00:00+09:00,J1,737,784,1521
2018-10-04T12:00:00+09:00,J2,462,387,849
2018-10-04T12:00:00+09:00,J3,389,417,806
2018-10-04T12:00:00+09:00,J4,779,849,1628
2018-10-04T12:00:00+09:00,J5,399,414,813
2018-10-04T12:15:00+09:00,J1,698,689,1387
2018-10-04T12:15:00+09:00,J2,414,385,799
2018-10-04T12:15:00+09:00,J3,463,424,887
2018-10-04T12:15:00+09:00,J4,775,855,1630
2018-10-04T12:15:00+09:00,J5,380,366,746
2018-10-04T12:30:00+09:00,J1,605,671,1276
2018-10-04T12:30:00+09:00,J2,428,411,839
2018-10-04T12:30:00+09:00,J3,433,460,893
2018-10-04T12:30:00+09:00,J4,749,835,1584
2018-10-04T12:30:00+09:00,J5,359,398,757
2018-10-04T12:45:00+09:00,J1,576,637,1213
2018-10-04T12:45:00+09:00,J2,414,350,764
2018-10-04T12:45:00+09:00,J3,377,474,851
2018-10-04T12:45:00+09:00,J4,689,747,1436
2018-10-04T12:45:00+09:00,J5,357,327,684
2018-10-04T13:00:00+09:00,J1,669,615,1284
2018-10-04T13:00:00+09:00,J2,384,362,746
2018-10-04T13:00:00+09:00,J3,452,475,927
2018-10-04T13:00:00+09:00,J4,739,664,1403
2018-10-04T13:00:00+09:00,J5,350,330,680
2018-10-04T13:15:00+09:00,J1,592,746,1338
2018-10-04T13:15:00+09:00,J2,378,372,750
2018-10-04T13:15:00+09:00,J3,416,429,845
2018-10-04T13:15:00+09:00,J4,701,648,1349
2018-10-04T13:15:00+09:00,J5,355,381,736
2018-10-04T13:30:00+09:00,J1,725,759,1484
2018-10-04T13:30:00+09:00,J2,353,347,700
2018-10-04T13:30:00+09:00,J3,430,398,828
2018-10-04T13:30:00+09:00,J4,725,782,1507
2018-10-04T13:30:00+09:00,J5,327,365,692
2018-10-04T13:45:00+09:00,J1,606,709,1315
2018-10-04T13:45:00+09:00,J2,304,325,629
2018-10-04T13:45:00+09:00,J3,414,427,841
2018-10-04T13:45:00+09:00,J4,715,672,1387
2018-10-04T13:45:00+09:00,J5,350,410,760
2018-10-04T14:00:00+09:00,J1,587,625,1212
2018-10-04T14:00:00+09:00,J2,320,361,681
2018-10-04T14:00:00+09:00,J3,404,435,839
2018-10-04T14:00:00+09:00,J4,709,676,1385
2018-10-04T14:00:00+09:00,J5,351,352,703
2018-10-04T14:15:00+09:00,J1,577,664,1241
2018-10-04T14:15:00+09:00,J2,324,357,681
2018-10-04T14:15:00+09:00,J3,444,414,858
2018-10-04T14:15:00+09:00,J4,701,715,1416
2018-10-04T14:15:00+09:00,J5,326,347,673
2018-10-04T14:30:00+09:00,J1,573,672,1245
2018-10-04T14:30:00+09:00,J2,328,324,652
2018-10-04T14:30:00+09:00,J3,419,480,899
2018-10-04T14:30:00+09:00,J4,680,683,1363
2018-10-04T14:30:00+09:00,J5,350,338,688
2018-10-04T14:45:00+09:00,J1,588,681,1269
2018-10-04T14:45:00+09:00,J2,322,420,742
2018-10-04T14:45:00+09:00,J3,415,449,864
2018-10-04T14:45:00+09:00,J4,709,707,1416
2018-10-04T14:45:00+09:00,J5,355,355,710
2018-10-04T15:00:00+09:00,J1,585,692,1277
2018-10-04T15:00:00+09:00,J2,292,378,670
2018-10-04T15:00:00+09:00,J3,471,431,902
2018-10-04T15:00:00+09:00,J4,735,675,1410
2018-10-04T15:00:00+09:00,J5,373,413,786
2018-10-04T15:15:00+09:00,J1,650,769,1419
2018-10-04T15:15:00+09:00,J2,355,396,751
2018-10-04T15:15:00+09:00,J3,427,453,880
2018-10-04T15:15:00+09:00,J4,648,611,1259
2018-10-04T15:15:00+09:00,J5,364,340,704
2018-10-04T15:30:00+09:00,J1,688,765,1453
2018-10-04T15:30:00+09:00,J2,346,355,701
2018-10-04T15:30:00+09:00,J3,389,425,814
2018-10-04T15:30:00+09:00,J4,595,635,1230
2018-10-04T15:30:00+09:00,J5,316,430,746
2018-10-04T15:45:00+09:00,J1,617,763,1380
2018-10-04T15:45:00+09:00,J2,366,389,755
2018-10-04T15:45:00+09:00,J3,390,387,777
2018-10-04T15:45:00+09:00,J4,600,575,1175
2018-10-04T15:45:00+09:00,J5,357,366,723
2018-10-04T16:00:00+09:00,J1,635,785,1420
2018-10-04T16:00:00+09:00,J2,404,439,843
2018-10-04T16:00:00+09:00,J3,409,386,795
2018-10-04T16:00:00+09:00,J4,592,569,1161
2018-10-04T16:00:00+09:00,J5,334,457,791
2018-10-04T16:15:00+09:00,J1,595,768,1363
2018-10-04T16:15:00+09:00,J2,362,403,765
2018-10-04T16:15:00+09:00,J3,414,468,882
2018-10-04T16:15:00+09:00,J4,619,619,1238
2018-10-04T16:15:00+09:00,J5,375,449,824
2018-10-04T16:30:00+09:00,J1,639,725,1364
2018-10-04T16:30:00+09:00,J2,400,455,855
2018-10-04T16:30:00+09:00,J3,441,510,951
2018-10-04T16:30:00+09:00,J4,610,572,1182
2018-10-04T16:30:00+09:00,J5,306,426,732
2018-10-04T16:45:00+09:00,J1,647,796,1443
2018-10-04T16:45:00+09:00,J2,436,461,897
2018-10-04T16:45:00+09:00,J3,463,451,914
2018-10-04T16:45:00+09:00,J4,657,575,1232
2018-10-04T16:45:00+09:00,J5,353,446,799
2018-10-04T17:00:00+09:00,J1,723,834,1557
2018-10-04T17:00:00+09:00,J2,404,509,913
2018-10-04T17:00:00+09:00,J3,570,498,1068
2018-10-04T17:00:00+09:00,J4,676,633,1309
2018-10-04T17:00:00+09:00,J5,364,502,866
2018-10-04T17:15:00+09:00,J1,683,897,1580
2018-10-04T17:15:00+09:00,J2,476,502,978
2018-10-04T17:15:00+09:00,J3,618,471,1089
2018-10-04T17:15:00+09:00,J4,769,658,1427
2018-10-04T17:15:00+09:00,J5,410,530,940
2018-10-04T17:30:00+09:00,J1,705,915,1620
2018-10-04T17:30:00+09:00,J2,493,473,966
2018-10-04T17:30:00+09:00,J3,597,648,1245
2018-10-04T17:30:00+09:00,J4,909,810,1719
2018-10-04T17:30:00+09:00,J5,404,555,959
2018-10-04T17:45:00+09:00,J1,709,952,1661
2018-10-04T17:45:00+09:00,J2,424,603,1027
2018-10-04T17:45:00+09:00,J3,641,650,1291
2018-10-04T17:45:00+09:00,J4,931,872,1803
2018-10-04T17:45:00+09:00,J5,368,473,841
2018-10-04T18:00:00+09:00,J1,733,1022,1755
2018-10-04T18:00:00+09:00,J2,478,585,1063
2018-10-04T18:00:00+09:00,J3,698,543,1241
2018-10-04T18:00:00+09:00,J4,1009,725,1734
2018-10-04T18:00:00+09:00,J5,331,444,775
2018-10-04T18:15:00+09:00,J1,740,960,1700
2018-10-04T18:15:00+09:00,J2,532,584,1116
2018-10-04T18:15:00+09:00,J3,667,526,1193
2018-10-04T18:15:00+09:00,J4,1050,919,1969
2018-10-04T18:15:00+09:00,J5,382,446,828
2018-10-04T18:30:00+09:00,J1,777,863,1640
2018-10-04T18:30:00+09:00,J2,497,514,1011
2018-10-04T18:30:00+09:00,J3,536,463,999
2018-10-04T18:30:00+09:00,J4,869,693,1562
2018-10-04T18:30:00+09:00,J5,416,511,927
2018-10-04T18:45:00+09:00,J1,756,868,1624
2018-10-04T18:45:00+09:00,J2,510,473,983
2018-10-04T18:45:00+09:00,J3,518,432,950
2018-10-04T18:45:00+09:00,J4,761,587,1348
2018-10-04T18:45:00+09:00,J5,321,418,739
2018-10-04T19:00:00+09:00,J1,671,798,1469
2018-10-04T19:00:00+09:00,J2,431,400,831
2018-10-04T19:00:00+09:00,J3,526,471,997
2018-10-04T19:00:00+09:00,J4,665,587,1252
2018-10-04T19:00:00+09:00,J5,364,428,792
2018-10-04T19:15:00+09:00,J1,675,885,1560
2018-10-04T19:15:00+09:00,J2,430,391,821
2018-10-04T19:15:00+09:00,J3,488,396,884
2018-10-04T19:15:00+09:00,J4,692,614,1306
2018-10-04T19:15:00+09:00,J5,407,472,879
2018-10-04T19:30:00+09:00,J1,671,817,1488
2018-10-04T19:30:00+09:00,J2,370,352,722
2018-10-04T19:30:00+09:00,J3,421,373,794
2018-10-04T19:30:00+09:00,J4,667,658,1325
2018-10-04T19:30:00+09:00,J5,344,430,774
2018-10-04T19:45:00+09:00,J1,619,723,1342
2018-10-04T19:45:00+09:00,J2,377,318,695
2018-10-04T19:45:00+09:00,J3,306,370,676
2018-10-04T19:45:00+09:00,J4,672,639,1311
2018-10-04T19:45:00+09:00,J5,336,413,749
2018-10-04T20:00:00+09:00,J1,526,703,1229
2018-10-04T20:00:00+09:00,J2,283,335,618
2018-10-04T20:00:00+09:00,J3,391,341,732
2018-10-04T20:00:00+09:00,J4,917,888,1805
2018-10-04T20:00:00+09:00,J5,351,369,720
2018-10-04T20:15:00+09:00,J1,569,666,1235
2018-10-04T20:15:00+09:00,J2,391,324,715
2018-10-04T20:15:00+09:00,J3,427,321,748
2018-10-04T20:15:00+09:00,J4,666,732,1398
2018-10-04T20:15:00+09:00,J5,359,367,726
2018-10-04T20:30:00+09:00,J1,480,605,1085
2018-10-04T20:30:00+09:00,J2,398,344,742
2018-10-04T20:30:00+09:00,J3,429,319,748
2018-10-04T20:30:00+09:00,J4,855,768,1623
2018-10-04T20:30:00+09:00,J5,339,372,711
2018-10-04T20:45:00+09:00,J1,496,552,1048
2018-10-04T20:45:00+09:00,J2,345,341,686
2018-10-04T20:45:00+09:00,J3,369,309,678
2018-10-04T20:45:00+09:00,J4,1015,835,1850
2018-10-04T20:45:00+09:00,J5,307,319,626
2018-10-04T21:00:00+09:00,J1,606,702,1308
2018-10-04T21:00:00+09:00,J2,418,381,799
2018-10-04T21:00:00+09:00,J3,347,281,628
2018-10-04T21:00:00+09:00,J4,1056,845,1901
2018-10-04T21:00:00+09:00,J5,301,322,623
2018-10-04T21:15:00+09:00,J1,690,784,1474
2018-10-04T21:15:00+09:00,J2,358,413,771
2018-10-04T21:15:00+09:00,J3,334,329,663
2018-10-04T21:15:00+09:00,J4,904,875,1779
2018-10-04T21:15:00+09:00,J5,318,295,613
2018-10-04T21:30:00+09:00,J1,616,623,1239
2018-10-04T21:30:00+09:00,J2,305,288,593
2018-10-04T21:30:00+09:00,J3,286,274,560
2018-10-04T21:30:00+09:00,J4,1075,1007,2082
2018-10-04T21:30:00+09:00,J5,304,249,553
2018-10-04T21:45:00+09:00,J1,614,667,1281
2018-10-04T21:45:00+09:00,J2,376,333,709
2018-10-04T21:45:00+09:00,J3,280,276,556
2018-10-04T21:45:00+09:00,J4,970,929,1899
2018-10-04T21:45:00+09:00,J5,327,223,550
2018-10-04T22:00:00+09:00,J1,572,696,1268
2018-10-04T22:00:00+09:00,J2,301,312,613
2018-10-04T22:00:00+09:00,J3,294,278,572
2018-10-04T22:00:00+09:00,J4,984,1045,2029
2018-10-04T22:00:00+09:00,J5,312,305,617
2018-10-04T22:15:00+09:00,J1,505,591,1096
2018-10-04T22:15:00+09:00,J2,379,396,775
2018-10-04T22:15:00+09:00,J3,276,275,551
2018-10-04T22:15:00+09:00,J4,1126,1099,2225
2018-10-04T22:15:00+09:00,J5,278,289,567
2018-10-04T22:30:00+09:00,J1,529,615,1144
2018-10-04T22:30:00+09:00,J2,401,362,763
2018-10-04T22:30:00+09:00,J3,316,289,605
2018-10-04T22:30:00+09:00,J4,1219,1183,2402
2018-10-04T22:30:00+09:00,J5,290,315,605
2018-10-04T22:45:00+09:00,J1,638,675,1313
2018-10-04T22:45:00+09:00,J2,438,411,849
2018-10-04T22:45:00+09:00,J3,413,366,779
2018-10-04T22:45:00+09:00,J4,1096,1067,2163
2018-10-04T22:45:00+09:00,J5,230,249,479
2018-10-04T23:00:00+09:00,J1,550,584,1134
2018-10-04T23:00:00+09:00,J2,354,420,774
2018-10-04T23:00:00+09:00,J3,290,276,566
2018-10-04T23:00:00+09:00,J4,1076,1090,2166
2018-10-04T23:00:00+09:00,J5,233,276,509
2018-10-04T23:15:00+09:00,J1,562,577,1139
2018-10-04T23:15:00+09:00,J2,365,390,755
2018-10-04T23:15:00+09:00,J3,311,312,623
2018-10-04T23:15:00+09:00,J4,1179,1076,2255
2018-10-04T23:15:00+09:00,J5,194,314,508
2018-10-04T23:30:00+09:00,J1,529,584,1113
2018-10-04T23:30:00+09:00,J2,324,399,723
2018-10-04T23:30:00+09:00,J3,290,283,573
2018-10-04T23:30:00+09:00,J4,997,1046,2043
2018-10-04T23:30:00+09:00,J5,202,285,487
2018-10-04T23:45:00+09:00,J1,571,557,1128
2018-10-04T23:45:00+09:00,J2,354,389,743
2018-10-04T23:45:00+09:00,J3,264,251,515
2018-10-04T23:45:00+09:00,J4,1002,951,1953
2018-10-04T23:45:00+09:00,J5,247,271,518
2018-10-05T00:00:00+09:00,J1,488,426,914
2018-10-05T00:00:00+09:00,J2,368,352,720
2018-10-05T00:00:00+09:00,J3,326,299,625
2018-10-05T00:00:00+09:00,J4,956,963,1919
2018-10-05T00:00:00+09:00,J5,215,228,443
2018-10-05T00:15:00+09:00,J1,308,253,561
2018-10-05T00:15:00+09:00,J2,392,368,760
2018-10-05T00:15:00+09:00,J3,432,437,869
2018-10-05T00:15:00+09:00,J4,468,470,938
2018-10-05T00:15:00+09:00,J5,166,156,322
2018-10-05T00:30:00+09:00,J1,314,250,564
2018-10-05T00:30:00+09:00,J2,343,341,684
2018-10-05T00:30:00+09:00,J3,186,183,369
2018-10-05T00:30:00+09:00,J4,355,297,652
2018-10-05T00:30:00+09:00,J5,177,181,358
2018-10-05T00:45:00+09:00,J1,362,258,620
2018-10-05T00:45:00+09:00,J2,331,238,569
2018-10-05T00:45:00+09:00,J3,195,204,399
2018-10-05T00:45:00+09:00,J4,364,305,669
2018-10-05T00:45:00+09:00,J5,161,127,288
2018-10-05T05:45:00+09:00,J1,334,297,631
2018-10-05T05:45:00+09:00,J2,193,206,399
2018-10-05T05:45:00+09:00,J3,401,339,740
2018-10-05T05:45:00+09:00,J4,817,849,1666
2018-10-05T05:45:00+09:00,J5,229,233,462
2018-10-05T06:00:00+09:00,J1,453,439,892
2018-10-05T06:00:00+09:00,J2,221,233,454
2018-10-05T06:00:00+09:00,J3,285,260,545
2018-10-05T06:00:00+09:00,J4,828,864,1692
2018-10-05T06:00:00+09:00,J5,174,131,305
2018-10-05T06:15:00+09:00,J1,545,593,1138
2018-10-05T06:15:00+09:00,J2,250,200,450
2018-10-05T06:15:00+09:00,J3,337,348,685
2018-10-05T06:15:00+09:00,J4,926,910,1836
2018-10-05T06:15:00+09:00,J5,182,161,343
2018-10-05T06:30:00+09:00,J1,634,594,1228
2018-10-05T06:30:00+09:00,J2,271,213,484
2018-10-05T06:30:00+09:00,J3,397,363,760
2018-10-05T06:30:00+09:00,J4,936,939,1875
2018-10-05T06:30:00+09:00,J5,240,245,485
2018-10-05T06:45:00+09:00,J1,641,600,1241
2018-10-05T06:45:00+09:00,J2,319,188,507
2018-10-05T06:45:00+09:00,J3,476,409,885
2018-10-05T06:45:00+09:00,J4,947,965,1912
2018-10-05T06:45:00+09:00,J5,206,182,388
2018-10-05T07:00:00+09:00,J1,913,909,1822
2018-10-05T07:00:00+09:00,J2,265,220,485
2018-10-05T07:00:00+09:00,J3,487,429,916
2018-10-05T07:00:00+09:00,J4,973,976,1949
2018-10-05T07:00:00+09:00,J5,222,200,422
2018-10-05T07:15:00+09:00,J1,980,926,1906
2018-10-05T07:15:00+09:00,J2,323,275,598
2018-10-05T07:15:00+09:00,J3,525,461,986
2018-10-05T07:15:00+09:00,J4,878,908,1786
2018-10-05T07:15:00+09:00,J5,194,218,412
2018-10-05T07:30:00+09:00,J1,913,833,1746
2018-10-05T07:30:00+09:00,J2,401,272,673
2018-10-05T07:30:00+09:00,J3,726,702,1428
2018-10-05T07:30:00+09:00,J4,998,1111,2109
2018-10-05T07:30:00+09:00,J5,202,241,443
2018-10-05T07:45:00+09:00,J1,910,820,1730
2018-10-05T07:45:00+09:00,J2,462,293,755
2018-10-05T07:45:00+09:00,J3,677,653,1330
2018-10-05T07:45:00+09:00,J4,1080,1228,2308
2018-10-05T07:45:00+09:00,J5,255,227,482
2018-10-05T08:00:00+09:00,J1,1117,895,2012
2018-10-05T08:00:00+09:00,J2,660,389,1049
2018-10-05T08:00:00+09:00,J3,794,696,1490
2018-10-05T08:00:00+09:00,J4,975,1159,2134
2018-10-05T08:00:00+09:00,J5,281,296,577
2018-10-05T08:15:00+09:00,J1,1241,871,2112
2018-10-05T08:15:00+09:00,J2,685,375,1060
2018-10-05T08:15:00+09:00,J3,897,819,1716
2018-10-05T08:15:00+09:00,J4,881,1145,2026
2018-10-05T08:15:00+09:00,J5,314,309,623
2018-10-05T08:30:00+09:00,J1,1236,888,2124
2018-10-05T08:30:00+09:00,J2,761,433,1194
2018-10-05T08:30:00+09:00,J3,797,868,1665
2018-10-05T08:30:00+09:00,J4,962,1300,2262
2018-10-05T08:30:00+09:00,J5,276,374,650
2018-10-05T08:45:00+09:00,J1,912,797,1709
2018-10-05T08:45:00+09:00,J2,539,370,909
2018-10-05T08:45:00+09:00,J3,649,670,1319
2018-10-05T08:45:00+09:00,J4,992,1062,2054
2018-10-05T08:45:00+09:00,J5,251,292,543
2018-10-05T09:00:00+09:00,J1,885,795,1680
2018-10-05T09:00:00+09:00,J2,541,350,891
2018-10-05T09:00:00+09:00,J3,635,515,1150
2018-10-05T09:00:00+09:00,J4,709,744,1453
2018-10-05T09:00:00+09:00,J5,279,234,513
2018-10-05T09:15:00+09:00,J1,709,616,1325
2018-10-05T09:15:00+09:00,J2,463,408,871
2018-10-05T09:15:00+09:00,J3,562,453,1015
2018-10-05T09:15:00+09:00,J4,467,632,1099
2018-10-05T09:15:00+09:00,J5,211,226,437
2018-10-05T09:30:00+09:00,J1,698,640,1338
2018-10-05T09:30:00+09:00,J2,434,406,840
2018-10-05T09:30:00+09:00,J3,669,597,1266
2018-10-05T09:30:00+09:00,J4,652,911,1563
2018-10-05T09:30:00+09:00,J5,308,290,598
2018-10-05T09:45:00+09:00,J1,694,659,1353
2018-10-05T09:45:00+09:00,J2,446,350,796
2018-10-05T09:45:00+09:00,J3,698,684,1382
2018-10-05T09:45:00+09:00,J4,465,608,1073
2018-10-05T09:45:00+09:00,J5,230,257,487
2018-10-05T10:00:00+09:00,J1,585,605,1190
2018-10-05T10:00:00+09:00,J2,430,324,754
2018-10-05T10:00:00+09:00,J3,623,691,1314
2018-10-05T10:00:00+09:00,J4,546,640,1186
2018-10-05T10:00:00+09:00,J5,231,265,496
2018-10-05T10:15:00+09:00,J1,652,627,1279
2018-10-05T10:15:00+09:00,J2,484,332,816
2018-10-05T10:15:00+09:00,J3,611,705,1316
2018-10-05T10:15:00+09:00,J4,438,468,906
2018-10-05T10:15:00+09:00,J5,275,275,550
2018-10-05T10:30:00+09:00,J1,622,658,1280
2018-10-05T10:30:00+09:00,J2,572,353,925
2018-10-05T10:30:00+09:00,J3,758,799,1557
2018-10-05T10:30:00+09:00,J4,400,435,835
2018-10-05T10:30:00+09:00,J5,272,334,606
2018-10-05T10:45:00+09:00,J1,586,618,1204
2018-10-05T10:45:00+09:00,J2,595,398,993
2018-10-05T10:45:00+09:00,J3,659,668,1327
2018-10-05T10:45:00+09:00,J4,448,430,878
2018-10-05T10:45:00+09:00,J5,293,373,666
2018-10-05T11:00:00+09:00,J1,563,562,1125
2018-10-05T11:00:00+09:00,J2,607,513,1120
2018-10-05T11:00:00+09:00,J3,633,550,1183
2018-10-05T11:00:00+09:00,J4,409,377,786
2018-10-05T11:00:00+09:00,J5,294,344,638
2018-10-05T11:15:00+09:00,J1,642,683,1325
2018-10-05T11:15:00+09:00,J2,634,621,1255
2018-10-05T11:15:00+09:00,J3,500,454,954
2018-10-05T11:15:00+09:00,J4,481,425,906
2018-10-05T11:15:00+09:00,J5,304,414,718
2018-10-05T11:30:00+09:00,J1,569,607,1176
2018-10-05T11:30:00+09:00,J2,662,596,1258
2018-10-05T11:30:00+09:00,J3,440,441,881
2018-10-05T11:30:00+09:00,J4,531,612,1143
2018-10-05T11:30:00+09:00,J5,328,390,718
2018-10-05T11:45:00+09:00,J1,568,599,1167
2018-10-05T11:45:00+09:00,J2,652,570,1222
2018-10-05T11:45:00+09:00,J3,399,406,805
2018-10-05T11:45:00+09:00,J4,621,604,1225
2018-10-05T11:45:00+09:00,J5,289,395,684
2018-10-05T12:00:00+09:00,J1,614,657,1271
2018-10-05T12:00:00+09:00,J2,547,471,1018
2018-10-05T12:00:00+09:00,J3,446,382,828
2018-10-05T12:00:00+09:00,J4,718,537,1255
2018-10-05T12:00:00+09:00,J5,335,453,788
2018-10-05T12:15:00+09:00,J1,573,644,1217
2018-10-05T12:15:00+09:00,J2,500,382,882
2018-10-05T12:15:00+09:00,J3,359,356,715
2018-10-05T12:15:00+09:00,J4,735,720,1455
2018-10-05T12:15:00+09:00,J5,310,449,759
2018-10-05T12:30:00+09:00,J1,542,659,1201
2018-10-05T12:30:00+09:00,J2,515,427,942
2018-10-05T12:30:00+09:00,J3,363,386,749
2018-10-05T12:30:00+09:00,J4,742,799,1541
2018-10-05T12:30:00+09:00,J5,332,439,771
2018-10-05T12:45:00+09:00,J1,540,608,1148
2018-10-05T12:45:00+09:00,J2,458,379,837
2018-10-05T12:45:00+09:00,J3,331,364,695
2018-10-05T12:45:00+09:00,J4,704,698,1402
2018-10-05T12:45:00+09:00,J5,365,478,843
2018-10-05T13:00:00+09:00,J1,508,707,1215
2018-10-05T13:00:00+09:00,J2,448,362,810
2018-10-05T13:00:00+09:00,J3,394,431,825
2018-10-05T13:00:00+09:00,J4,786,805,1591
2018-10-05T13:00:00+09:00,J5,360,511,871
2018-10-05T13:15:00+09:00,J1,531,682,1213
2018-10-05T13:15:00+09:00,J2,409,340,749
2018-10-05T13:15:00+09:00,J3,406,383,789
2018-10-05T13:15:00+09:00,J4,653,658,1311
2018-10-05T13:15:00+09:00,J5,342,444,786
2018-10-05T13:30:00+09:00,J1,525,645,1170
2018-10-05T13:30:00+09:00,J2,446,371,817
2018-10-05T13:30:00+09:00,J3,380,336,716
2018-10-05T13:30:00+09:00,J4,658,641,1299
2018-10-05T13:30:00+09:00,J5,359,447,806
2018-10-05T13:45:00+09:00,J1,513,627,1140
2018-10-05T13:45:00+09:00,J2,437,391,828
2018-10-05T13:45:00+09:00,J3,385,380,765
2018-10-05T13:45:00+09:00,J4,638,625,1263
2018-10-05T13:45:00+09:00,J5,321,394,715
2018-10-05T14:00:00+09:00,J1,508,563,1071
2018-10-05T14:00:00+09:00,J2,428,402,830
2018-10-05T14:00:00+09:00,J3,389,408,797
2018-10-05T14:00:00+09:00,J4,599,523,1122
2018-10-05T14:00:00+09:00,J5,364,458,822
2018-10-05T14:15:00+09:00,J1,484,569,1053
2018-10-05T14:15:00+09:00,J2,387,329,716
2018-10-05T14:15:00+09:00,J3,353,379,732
2018-10-05T14:15:00+09:00,J4,578,584,1162
2018-10-05T14:15:00+09:00,J5,328,390,718
2018-10-05T14:30:00+09:00,J1,513,567,1080
2018-10-05T14:30:00+09:00,J2,380,379,759
2018-10-05T14:30:00+09:00,J3,415,426,841
2018-10-05T14:30:00+09:00,J4,625,600,1225
2018-10-05T14:30:00+09:00,J5,349,501,850
2018-10-05T14:45:00+09:00,J1,502,627,1129
2018-10-05T14:45:00+09:00,J2,397,389,786
2018-10-05T14:45:00+09:00,J3,386,455,841
2018-10-05T14:45:00+09:00,J4,572,595,1167
2018-10-05T14:45:00+09:00,J5,339,464,803
2018-10-05T15:00:00+09:00,J1,498,621,1119
2018-10-05T15:00:00+09:00,J2,352,399,751
2018-10-05T15:00:00+09:00,J3,383,394,777
2018-10-05T15:00:00+09:00,J4,557,551,1108
2018-10-05T15:00:00+09:00,J5,396,450,846
2018-10-05T15:15:00+09:00,J1,516,631,1147
2018-10-05T15:15:00+09:00,J2,346,403,749
2018-10-05T15:15:00+09:00,J3,429,413,842
2018-10-05T15:15:00+09:00,J4,619,613,1232
2018-10-05T15:15:00+09:00,J5,362,443,805
2018-10-05T15:30:00+09:00,J1,590,652,1242
2018-10-05T15:30:00+09:00,J2,325,431,756
2018-10-05T15:30:00+09:00,J3,436,406,842
2018-10-05T15:30:00+09:00,J4,569,650,1219
2018-10-05T15:30:00+09:00,J5,315,454,769
2018-10-05T15:45:00+09:00,J1,550,580,1130
2018-10-05T15:45:00+09:00,J2,380,422,802
2018-10-05T15:45:00+09:00,J3,422,432,854
2018-10-05T15:45:00+09:00,J4,637,704,1341
2018-10-05T15:45:00+09:00,J5,366,415,781
2018-10-05T16:00:00+09:00,J1,542,662,1204
2018-10-05T16:00:00+09:00,J2,349,415,764
2018-10-05T16:00:00+09:00,J3,397,538,935
2018-10-05T16:00:00+09:00,J4,674,641,1315
2018-10-05T16:00:00+09:00,J5,357,422,779
2018-10-05T16:15:00+09:00,J1,581,662,1243
2018-10-05T16:15:00+09:00,J2,361,393,754
2018-10-05T16:15:00+09:00,J3,486,513,999
2018-10-05T16:15:00+09:00,J4,684,652,1336
2018-10-05T16:15:00+09:00,J5,356,417,773
2018-10-05T16:30:00+09:00,J1,635,707,1342
2018-10-05T16:30:00+09:00,J2,380,385,765
2018-10-05T16:30:00+09:00,J3,482,479,961
2018-10-05T16:30:00+09:00,J4,638,616,1254
2018-10-05T16:30:00+09:00,J5,332,402,734
2018-10-05T16:45:00+09:00,J1,600,633,1233
2018-10-05T16:45:00+09:00,J2,371,380,751
2018-10-05T16:45:00+09:00,J3,502,471,973
2018-10-05T16:45:00+09:00,J4,659,599,1258
2018-10-05T16:45:00+09:00,J5,332,390,722
2018-10-05T17:00:00+09:00,J1,632,751,1383
2018-10-05T17:00:00+09:00,J2,358,525,883
2018-10-05T17:00:00+09:00,J3,602,594,1196
2018-10-05T17:00:00+09:00,J4,711,667,1378
2018-10-05T17:00:00+09:00,J5,335,426,761
2018-10-05T17:15:00+09:00,J1,784,839,1623
2018-10-05T17:15:00+09:00,J2,435,531,966
2018-10-05T17:15:00+09:00,J3,674,584,1258
2018-10-05T17:15:00+09:00,J4,702,608,1310
2018-10-05T17:15:00+09:00,J5,397,518,915
2018-10-05T17:30:00+09:00,J1,819,844,1663
2018-10-05T17:30:00+09:00,J2,442,658,1100
2018-10-05T17:30:00+09:00,J3,652,571,1223
2018-10-05T17:30:00+09:00,J4,757,672,1429
2018-10-05T17:30:00+09:00,J5,374,592,966
2018-10-05T17:45:00+09:00,J1,836,984,1820
2018-10-05T17:45:00+09:00,J2,490,612,1102
2018-10-05T17:45:00+09:00,J3,725,561,1286
2018-10-05T17:45:00+09:00,J4,836,683,1519
2018-10-05T17:45:00+09:00,J5,411,638,1049
2018-10-05T18:00:00+09:00,J1,849,988,1837
2018-10-05T18:00:00+09:00,J2,548,688,1236
2018-10-05T18:00:00+09:00,J3,804,571,1375
2018-10-05T18:00:00+09:00,J4,914,754,1668
2018-10-05T18:00:00+09:00,J5,419,610,1029
2018-10-05T18:15:00+09:00,J1,846,960,1806
2018-10-05T18:15:00+09:00,J2,574,607,1181
2018-10-05T18:15:00+09:00,J3,755,547,1302
2018-10-05T18:15:00+09:00,J4,967,654,1621
2018-10-05T18:15:00+09:00,J5,469,642,1111
2018-10-05T18:30:00+09:00,J1,734,880,1614
2018-10-05T18:30:00+09:00,J2,494,582,1076
2018-10-05T18:30:00+09:00,J3,702,552,1254
2018-10-05T18:30:00+09:00,J4,902,650,1552
2018-10-05T18:30:00+09:00,J5,542,614,1156
2018-10-05T18:45:00+09:00,J1,716,858,1574
2018-10-05T18:45:00+09:00,J2,568,546,1114
2018-10-05T18:45:00+09:00,J3,695,490,1185
2018-10-05T18:45:00+09:00,J4,840,696,1536
2018-10-05T18:45:00+09:00,J5,449,631,1080
2018-10-05T19:00:00+09:00,J1,593,705,1298
2018-10-05T19:00:00+09:00,J2,451,465,916
2018-10-05T19:00:00+09:00,J3,565,440,1005
2018-10-05T19:00:00+09:00,J4,788,641,1429
2018-10-05T19:00:00+09:00,J5,474,592,1066
2018-10-05T19:15:00+09:00,J1,593,746,1339
2018-10-05T19:15:00+09:00,J2,430,522,952
2018-10-05T19:15:00+09:00,J3,531,405,936
2018-10-05T19:15:00+09:00,J4,814,692,1506
2018-10-05T19:15:00+09:00,J5,486,618,1104
2018-10-05T19:30:00+09:00,J1,497,664,1161
2018-10-05T19:30:00+09:00,J2,344,500,844
2018-10-05T19:30:00+09:00,J3,487,420,907
2018-10-05T19:30:00+09:00,J4,795,780,1575
2018-10-05T19:30:00+09:00,J5,486,600,1086
2018-10-05T19:45:00+09:00,J1,520,669,1189
2018-10-05T19:45:00+09:00,J2,372,415,787
2018-10-05T19:45:00+09:00,J3,369,408,777
2018-10-05T19:45:00+09:00,J4,800,683,1483
2018-10-05T19:45:00+09:00,J5,454,520,974
2018-10-05T20:00:00+09:00,J1,544,638,1182
2018-10-05T20:00:00+09:00,J2,344,410,754
2018-10-05T20:00:00+09:00,J3,373,310,683
2018-10-05T20:00:00+09:00,J4,737,693,1430
2018-10-05T20:00:00+09:00,J5,491,546,1037
2018-10-05T20:15:00+09:00,J1,480,591,1071
2018-10-05T20:15:00+09:00,J2,285,400,685
2018-10-05T20:15:00+09:00,J3,421,346,767
2018-10-05T20:15:00+09:00,J4,732,620,1352
2018-10-05T20:15:00+09:00,J5,445,491,936
2018-10-05T20:30:00+09:00,J1,510,570,1080
2018-10-05T20:30:00+09:00,J2,300,369,669
2018-10-05T20:30:00+09:00,J3,398,310,708
2018-10-05T20:30:00+09:00,J4,696,624,1320
2018-10-05T20:30:00+09:00,J5,428,510,938
2018-10-05T20:45:00+09:00,J1,443,498,941
2018-10-05T20:45:00+09:00,J2,316,328,644
2018-10-05T20:45:00+09:00,J3,342,279,621
2018-10-05T20:45:00+09:00,J4,611,531,1142
2018-10-05T20:45:00+09:00,J5,369,425,794
2018-10-05T21:00:00+09:00,J1,554,620,1174
2018-10-05T21:00:00+09:00,J2,365,331,696
2018-10-05T21:00:00+09:00,J3,321,254,575
2018-10-05T21:00:00+09:00,J4,656,634,1290
2018-10-05T21:00:00+09:00,J5,385,401,786
2018-10-05T21:15:00+09:00,J1,672,731,1403
2018-10-05T21:15:00+09:00,J2,344,409,753
2018-10-05T21:15:00+09:00,J3,315,303,618
2018-10-05T21:15:00+09:00,J4,732,660,1392
2018-10-05T21:15:00+09:00,J5,406,418,824
2018-10-05T21:30:00+09:00,J1,604,657,1261
2018-10-05T21:30:00+09:00,J2,319,309,628
2018-10-05T21:30:00+09:00,J3,282,267,549
2018-10-05T21:30:00+09:00,J4,698,638,1336
2018-10-05T21:30:00+09:00,J5,364,447,811
2018-10-05T21:45:00+09:00,J1,540,629,1169
2018-10-05T21:45:00+09:00,J2,250,275,525
2018-10-05T21:45:00+09:00,J3,206,221,427
2018-10-05T21:45:00+09:00,J4,758,713,1471
2018-10-05T21:45:00+09:00,J5,424,412,836
2018-10-05T22:00:00+09:00,J1,555,589,1144
2018-10-05T22:00:00+09:00,J2,252,271,523
2018-10-05T22:00:00+09:00,J3,288,271,559
2018-10-05T22:00:00+09:00,J4,836,747,1583
2018-10-05T22:00:00+09:00,J5,359,392,751
2018-10-05T22:15:00+09:00,J1,469,531,1000
2018-10-05T22:15:00+09:00,J2,208,254,462
2018-10-05T22:15:00+09:00,J3,268,286,554
2018-10-05T22:15:00+09:00,J4,833,763,1596
2018-10-05T22:15:00+09:00,J5,345,328,673
2018-10-05T22:30:00+09:00,J1,521,548,1069
2018-10-05T22:30:00+09:00,J2,188,269,457
2018-10-05T22:30:00+09:00,J3,238,272,510
2018-10-05T22:30:00+09:00,J4,849,804,1653
2018-10-05T22:30:00+09:00,J5,388,475,863
2018-10-05T22:45:00+09:00,J1,575,627,1202
2018-10-05T22:45:00+09:00,J2,209,302,511
2018-10-05T22:45:00+09:00,J3,251,233,484
2018-10-05T22:45:00+09:00,J4,739,741,1480
2018-10-05T22:45:00+09:00,J5,373,445,818
2018-10-05T23:00:00+09:00,J1,484,570,1054
2018-10-05T23:00:00+09:00,J2,307,282,589
2018-10-05T23:00:00+09:00,J3,236,225,461
2018-10-05T23:00:00+09:00,J4,776,777,1553
2018-10-05T23:00:00+09:00,J5,345,375,720
2018-10-05T23:15:00+09:00,J1,492,530,1022
2018-10-05T23:15:00+09:00,J2,249,277,526
2018-10-05T23:15:00+09:00,J3,241,204,445
2018-10-05T23:15:00+09:00,J4,828,820,1648
2018-10-05T23:15:00+09:00,J5,321,368,689
2018-10-05T23:30:00+09:00,J1,452,530,982
2018-10-05T23:30:00+09:00,J2,243,288,531
2018-10-05T23:30:00+09:00,J3,190,211,401
2018-10-05T23:30:00+09:00,J4,675,685,1360
2018-10-05T23:30:00+09:00,J5,324,376,700
2018-10-05T23:45:00+09:00,J1,456,388,844
2018-10-05T23:45:00+09:00,J2,296,254,550
2018-10-05T23:45:00+09:00,J3,204,150,354
2018-10-05T23:45:00+09:00,J4,631,552,1183
2018-10-05T23:45:00+09:00,J5,308,368,676
2018-10-06T00:00:00+09:00,J1,396,324,720
2018-10-06T00:00:00+09:00,J2,269,269,538
2018-10-06T00:00:00+09:00,J3,159,151,310
2018-10-06T00:00:00+09:00,J4,868,806,1674
2018-10-06T00:00:00+09:00,J5,345,379,724
2018-10-06T00:15:00+09:00,J1,276,237,513
2018-10-06T00:15:00+09:00,J2,279,237,516
2018-10-06T00:15:00+09:00,J3,322,269,591
2018-10-06T00:15:00+09:00,J4,312,323,635
2018-10-06T00:15:00+09:00,J5,236,290,526
2018-10-06T00:30:00+09:00,J1,175,225,400
2018-10-06T00:30:00+09:00,J2,288,281,569
2018-10-06T00:30:00+09:00,J3,509,367,876
2018-10-06T00:30:00+09:00,J4,199,186,385
2018-10-06T00:30:00+09:00,J5,151,190,341
2018-10-06T00:45:00+09:00,J1,191,208,399
2018-10-06T00:45:00+09:00,J2,274,286,560
2018-10-06T00:45:00+09:00,J3,522,381,903
2018-10-06T00:45:00+09:00,J4,225,168,393
2018-10-06T00:45:00+09:00,J5,138,188,326
2018-10-06T05:45:00+09:00,J1,300,340,640
2018-10-06T05:45:00+09:00,J2,378,248,626
2018-10-06T05:45:00+09:00,J3,336,285,621
2018-10-06T05:45:00+09:00,J4,382,328,710
2018-10-06T05:45:00+09:00,J5,166,125,291
2018-10-06T06:00:00+09:00,J1,578,563,1141
2018-10-06T06:00:00+09:00,J2,449,366,815
2018-10-06T06:00:00+09:00,J3,471,489,960
2018-10-06T06:00:00+09:00,J4,355,361,716
2018-10-06T06:00:00+09:00,J5,123,140,263
2018-10-06T06:15:00+09:00,J1,480,428,908
2018-10-06T06:15:00+09:00,J2,428,318,746
2018-10-06T06:15:00+09:00,J3,521,405,926
2018-10-06T06:15:00+09:00,J4,456,458,914
2018-10-06T06:15:00+09:00,J5,171,165,336
2018-10-06T06:30:00+09:00,J1,520,522,1042
2018-10-06T06:30:00+09:00,J2,448,486,934
2018-10-06T06:30:00+09:00,J3,466,419,885
2018-10-06T06:30:00+09:00,J4,411,469,880
2018-10-06T06:30:00+09:00,J5,154,171,325
2018-10-06T06:45:00+09:00,J1,545,543,1088
2018-10-06T06:45:00+09:00,J2,458,466,924
2018-10-06T06:45:00+09:00,J3,475,429,904
2018-10-06T06:45:00+09:00,J4,467,498,965
2018-10-06T06:45:00+09:00,J5,179,161,340
2018-10-06T07:00:00+09:00,J1,568,576,1144
2018-10-06T07:00:00+09:00,J2,423,366,789
2018-10-06T07:00:00+09:00,J3,500,404,904
2018-10-06T07:00:00+09:00,J4,843,864,1707
2018-10-06T07:00:00+09:00,J5,203,184,387
2018-10-06T07:15:00+09:00,J1,529,505,1034
2018-10-06T07:15:00+09:00,J2,489,334,823
2018-10-06T07:15:00+09:00,J3,544,462,1006
2018-10-06T07:15:00+09:00,J4,769,815,1584
2018-10-06T07:15:00+09:00,J5,184,186,370
2018-10-06T07:30:00+09:00,J1,481,454,935
2018-10-06T07:30:00+09:00,J2,454,427,881
2018-10-06T07:30:00+09:00,J3,494,460,954
2018-10-06T07:30:00+09:00,J4,768,817,1585
2018-10-06T07:30:00+09:00,J5,202,200,402
2018-10-06T07:45:00+09:00,J1,509,464,973
2018-10-06T07:45:00+09:00,J2,483,406,889
2018-10-06T07:45:00+09:00,J3,448,380,828
2018-10-06T07:45:00+09:00,J4,624,736,1360
2018-10-06T07:45:00+09:00,J5,185,184,369
2018-10-06T08:00:00+09:00,J1,631,606,1237
2018-10-06T08:00:00+09:00,J2,452,461,913
2018-10-06T08:00:00+09:00,J3,360,370,730
2018-10-06T08:00:00+09:00,J4,643,802,1445
2018-10-06T08:00:00+09:00,J5,233,238,471
2018-10-06T08:15:00+09:00,J1,631,561,1192
2018-10-06T08:15:00+09:00,J2,496,424,920
2018-10-06T08:15:00+09:00,J3,445,474,919
2018-10-06T08:15:00+09:00,J4,633,712,1345
2018-10-06T08:15:00+09:00,J5,288,251,539
2018-10-06T08:30:00+09:00,J1,658,610,1268
2018-10-06T08:30:00+09:00,J2,587,514,1101
2018-10-06T08:30:00+09:00,J3,538,543,1081
2018-10-06T08:30:00+09:00,J4,652,772,1424
2018-10-06T08:30:00+09:00,J5,320,276,596
2018-10-06T08:45:00+09:00,J1,514,466,980
2018-10-06T08:45:00+09:00,J2,535,550,1085
2018-10-06T08:45:00+09:00,J3,595,546,1141
2018-10-06T08:45:00+09:00,J4,531,661,1192
2018-10-06T08:45:00+09:00,J5,264,301,565
2018-10-06T09:00:00+09:00,J1,482,428,910
2018-10-06T09:00:00+09:00,J2,594,519,1113
2018-10-06T09:00:00+09:00,J3,481,418,899
2018-10-06T09:00:00+09:00,J4,502,661,1163
2018-10-06T09:00:00+09:00,J5,248,214,462
2018-10-06T09:15:00+09:00,J1,595,570,1165
2018-10-06T09:15:00+09:00,J2,614,614,1228
2018-10-06T09:15:00+09:00,J3,415,428,843
2018-10-06T09:15:00+09:00,J4,507,571,1078
2018-10-06T09:15:00+09:00,J5,284,276,560
2018-10-06T09:30:00+09:00,J1,551,530,1081
2018-10-06T09:30:00+09:00,J2,606,516,1122
2018-10-06T09:30:00+09:00,J3,432,421,853
2018-10-06T09:30:00+09:00,J4,516,599,1115
2018-10-06T09:30:00+09:00,J5,319,323,642
2018-10-06T09:45:00+09:00,J1,603,530,1133
2018-10-06T09:45:00+09:00,J2,538,488,1026
2018-10-06T09:45:00+09:00,J3,444,441,885
2018-10-06T09:45:00+09:00,J4,481,521,1002
2018-10-06T09:45:00+09:00,J5,287,316,603
2018-10-06T10:00:00+09:00,J1,489,494,983
2018-10-06T10:00:00+09:00,J2,518,447,965
2018-10-06T10:00:00+09:00,J3,381,297,678
2018-10-06T10:00:00+09:00,J4,417,431,848
2018-10-06T10:00:00+09:00,J5,294,260,554
2018-10-06T10:15:00+09:00,J1,546,488,1034
2018-10-06T10:15:00+09:00,J2,517,405,922
2018-10-06T10:15:00+09:00,J3,406,326,732
2018-10-06T10:15:00+09:00,J4,495,495,990
2018-10-06T10:15:00+09:00,J5,321,371,692
2018-10-06T10:30:00+09:00,J1,640,569,1209
2018-10-06T10:30:00+09:00,J2,525,374,899
2018-10-06T10:30:00+09:00,J3,446,362,808
2018-10-06T10:30:00+09:00,J4,509,538,1047
2018-10-06T10:30:00+09:00,J5,317,438,755
2018-10-06T10:45:00+09:00,J1,628,520,1148
2018-10-06T10:45:00+09:00,J2,511,399,910
2018-10-06T10:45:00+09:00,J3,403,403,806
2018-10-06T10:45:00+09:00,J4,600,567,1167
2018-10-06T10:45:00+09:00,J5,313,425,738
2018-10-06T11:00:00+09:00,J1,586,642,1228
2018-10-06T11:00:00+09:00,J2,491,403,894
2018-10-06T11:00:00+09:00,J3,381,379,760
2018-10-06T11:00:00+09:00,J4,615,625,1240
2018-10-06T11:00:00+09:00,J5,345,485,830
2018-10-06T11:15:00+09:00,J1,622,567,1189
2018-10-06T11:15:00+09:00,J2,467,428,895
2018-10-06T11:15:00+09:00,J3,387,457,844
2018-10-06T11:15:00+09:00,J4,621,581,1202
2018-10-06T11:15:00+09:00,J5,400,407,807
2018-10-06T11:30:00+09:00,J1,603,611,1214
2018-10-06T11:30:00+09:00,J2,461,438,899
2018-10-06T11:30:00+09:00,J3,360,467,827
2018-10-06T11:30:00+09:00,J4,689,682,1371
2018-10-06T11:30:00+09:00,J5,335,362,697
2018-10-06T11:45:00+09:00,J1,622,572,1194
2018-10-06T11:45:00+09:00,J2,456,436,892
2018-10-06T11:45:00+09:00,J3,411,368,779
2018-10-06T11:45:00+09:00,J4,690,741,1431
2018-10-06T11:45:00+09:00,J5,362,339,701
2018-10-06T12:00:00+09:00,J1,607,644,1251
2018-10-06T12:00:00+09:00,J2,407,428,835
2018-10-06T12:00:00+09:00,J3,403,420,823
2018-10-06T12:00:00+09:00,J4,736,890,1626
2018-10-06T12:00:00+09:00,J5,340,374,714
2018-10-06T12:15:00+09:00,J1,551,686,1237
2018-10-06T12:15:00+09:00,J2,402,458,860
2018-10-06T12:15:00+09:00,J3,386,462,848
2018-10-06T12:15:00+09:00,J4,716,801,1517
2018-10-06T12:15:00+09:00,J5,352,446,798
2018-10-06T12:30:00+09:00,J1,585,680,1265
2018-10-06T12:30:00+09:00,J2,448,442,890
2018-10-06T12:30:00+09:00,J3,443,458,901
2018-10-06T12:30:00+09:00,J4,755,805,1560
2018-10-06T12:30:00+09:00,J5,330,456,786
2018-10-06T12:45:00+09:00,J1,594,611,1205
2018-10-06T12:45:00+09:00,J2,413,470,883
2018-10-06T12:45:00+09:00,J3,442,464,906
2018-10-06T12:45:00+09:00,J4,662,660,1322
2018-10-06T12:45:00+09:00,J5,353,431,784
2018-10-06T13:00:00+09:00,J1,583,685,1268
2018-10-06T13:00:00+09:00,J2,408,501,909
2018-10-06T13:00:00+09:00,J3,431,484,915
2018-10-06T13:00:00+09:00,J4,683,659,1342
2018-10-06T13:00:00+09:00,J5,345,416,761
2018-10-06T13:15:00+09:00,J1,612,716,1328
2018-10-06T13:15:00+09:00,J2,426,512,938
2018-10-06T13:15:00+09:00,J3,531,496,1027
2018-10-06T13:15:00+09:00,J4,742,778,1520
2018-10-06T13:15:00+09:00,J5,354,492,846
2018-10-06T13:30:00+09:00,J1,690,892,1582
2018-10-06T13:30:00+09:00,J2,518,507,1025
2018-10-06T13:30:00+09:00,J3,694,559,1253
2018-10-06T13:30:00+09:00,J4,740,748,1488
2018-10-06T13:30:00+09:00,J5,375,487,862
2018-10-06T13:45:00+09:00,J1,696,754,1450
2018-10-06T13:45:00+09:00,J2,470,469,939
2018-10-06T13:45:00+09:00,J3,568,532,1100
2018-10-06T13:45:00+09:00,J4,763,730,1493
2018-10-06T13:45:00+09:00,J5,382,455,837
2018-10-06T14:00:00+09:00,J1,706,798,1504
2018-10-06T14:00:00+09:00,J2,428,429,857
2018-10-06T14:00:00+09:00,J3,568,477,1045
2018-10-06T14:00:00+09:00,J4,719,742,1461
2018-10-06T14:00:00+09:00,J5,356,479,835
2018-10-06T14:15:00+09:00,J1,730,775,1505
2018-10-06T14:15:00+09:00,J2,484,433,917
2018-10-06T14:15:00+09:00,J3,598,563,1161
2018-10-06T14:15:00+09:00,J4,761,716,1477
2018-10-06T14:15:00+09:00,J5,369,464,833
2018-10-06T14:30:00+09:00,J1,693,735,1428
2018-10-06T14:30:00+09:00,J2,467,491,958
2018-10-06T14:30:00+09:00,J3,615,599,1214
2018-10-06T14:30:00+09:00,J4,790,713,1503
2018-10-06T14:30:00+09:00,J5,388,545,933
2018-10-06T14:45:00+09:00,J1,642,835,1477
2018-10-06T14:45:00+09:00,J2,500,523,1023
2018-10-06T14:45:00+09:00,J3,707,570,1277
2018-10-06T14:45:00+09:00,J4,716,717,1433
2018-10-06T14:45:00+09:00,J5,425,462,887
2018-10-06T15:00:00+09:00,J1,604,826,1430
2018-10-06T15:00:00+09:00,J2,563,526,1089
2018-10-06T15:00:00+09:00,J3,763,601,1364
2018-10-06T15:00:00+09:00,J4,627,617,1244
2018-10-06T15:00:00+09:00,J5,392,470,862
2018-10-06T15:15:00+09:00,J1,705,932,1637
2018-10-06T15:15:00+09:00,J2,641,529,1170
2018-10-06T15:15:00+09:00,J3,840,651,1491
2018-10-06T15:15:00+09:00,J4,632,645,1277
2018-10-06T15:15:00+09:00,J5,443,495,938
2018-10-06T15:30:00+09:00,J1,739,874,1613
2018-10-06T15:30:00+09:00,J2,707,473,1180
2018-10-06T15:30:00+09:00,J3,811,631,1442
2018-10-06T15:30:00+09:00,J4,583,588,1171
2018-10-06T15:30:00+09:00,J5,439,403,842
2018-10-06T15:45:00+09:00,J1,707,847,1554
2018-10-06T15:45:00+09:00,J2,575,437,1012
2018-10-06T15:45:00+09:00,J3,800,666,1466
2018-10-06T15:45:00+09:00,J4,483,548,1031
2018-10-06T15:45:00+09:00,J5,438,511,949
2018-10-06T16:00:00+09:00,J1,620,718,1338
2018-10-06T16:00:00+09:00,J2,543,432,975
2018-10-06T16:00:00+09:00,J3,829,583,1412
2018-10-06T16:00:00+09:00,J4,654,596,1250
2018-10-06T16:00:00+09:00,J5,467,561,1028
2018-10-06T16:15:00+09:00,J1,789,917,1706
2018-10-06T16:15:00+09:00,J2,710,536,1246
2018-10-06T16:15:00+09:00,J3,917,661,1578
2018-10-06T16:15:00+09:00,J4,723,605,1328
2018-10-06T16:15:00+09:00,J5,482,523,1005
2018-10-06T16:30:00+09:00,J1,731,954,1685
2018-10-06T16:30:00+09:00,J2,764,599,1363
2018-10-06T16:30:00+09:00,J3,892,644,1536
2018-10-06T16:30:00+09:00,J4,699,721,1420
2018-10-06T16:30:00+09:00,J5,546,567,1113
2018-10-06T16:45:00+09:00,J1,777,917,1694
2018-10-06T16:45:00+09:00,J2,804,521,1325
2018-10-06T16:45:00+09:00,J3,863,660,1523
2018-10-06T16:45:00+09:00,J4,580,540,1120
2018-10-06T16:45:00+09:00,J5,530,587,1117
2018-10-06T17:00:00+09:00,J1,832,958,1790
2018-10-06T17:00:00+09:00,J2,744,555,1299
2018-10-06T17:00:00+09:00,J3,946,686,1632
2018-10-06T17:00:00+09:00,J4,683,582,1265
2018-10-06T17:00:00+09:00,J5,516,587,1103
2018-10-06T17:15:00+09:00,J1,861,992,1853
2018-10-06T17:15:00+09:00,J2,717,526,1243
2018-10-06T17:15:00+09:00,J3,928,682,1610
2018-10-06T17:15:00+09:00,J4,717,588,1305
2018-10-06T17:15:00+09:00,J5,445,490,935
2018-10-06T17:30:00+09:00,J1,881,942,1823
2018-10-06T17:30:00+09:00,J2,624,511,1135
2018-10-06T17:30:00+09:00,J3,952,635,1587
2018-10-06T17:30:00+09:00,J4,698,650,1348
2018-10-06T17:30:00+09:00,J5,445,534,979
2018-10-06T17:45:00+09:00,J1,869,980,1849
2018-10-06T17:45:00+09:00,J2,594,431,1025
2018-10-06T17:45:00+09:00,J3,910,542,1452
2018-10-06T17:45:00+09:00,J4,737,672,1409
2018-10-06T17:45:00+09:00,J5,418,572,990
2018-10-06T18:00:00+09:00,J1,842,934,1776
2018-10-06T18:00:00+09:00,J2,566,454,1020
2018-10-06T18:00:00+09:00,J3,902,597,1499
2018-10-06T18:00:00+09:00,J4,795,628,1423
2018-10-06T18:00:00+09:00,J5,437,567,1004
2018-10-06T18:15:00+09:00,J1,805,917,1722
2018-10-06T18:15:00+09:00,J2,551,513,1064
2018-10-06T18:15:00+09:00,J3,848,552,1400
2018-10-06T18:15:00+09:00,J4,926,677,1603
2018-10-06T18:15:00+09:00,J5,435,563,998
2018-10-06T18:30:00+09:00,J1,730,693,1423
2018-10-06T18:30:00+09:00,J2,585,499,1084
2018-10-06T18:30:00+09:00,J3,758,542,1300
2018-10-06T18:30:00+09:00,J4,874,727,1601
2018-10-06T18:30:00+09:00,J5,462,531,993
2018-10-06T18:45:00+09:00,J1,759,757,1516
2018-10-06T18:45:00+09:00,J2,516,499,1015
2018-10-06T18:45:00+09:00,J3,606,511,1117
2018-10-06T18:45:00+09:00,J4,862,714,1576
2018-10-06T18:45:00+09:00,J5,471,577,1048
2018-10-06T19:00:00+09:00,J1,721,776,1497
2018-10-06T19:00:00+09:00,J2,498,465,963
2018-10-06T19:00:00+09:00,J3,616,510,1126
2018-10-06T19:00:00+09:00,J4,802,724,1526
2018-10-06T19:00:00+09:00,J5,510,541,1051
2018-10-06T19:15:00+09:00,J1,658,822,1480
2018-10-06T19:15:00+09:00,J2,514,487,1001
2018-10-06T19:15:00+09:00,J3,591,499,1090
2018-10-06T19:15:00+09:00,J4,795,705,1500
2018-10-06T19:15:00+09:00,J5,512,549,1061
2018-10-06T19:30:00+09:00,J1,699,695,1394
2018-10-06T19:30:00+09:00,J2,490,493,983
2018-10-06T19:30:00+09:00,J3,523,417,940
2018-10-06T19:30:00+09:00,J4,819,736,1555
2018-10-06T19:30:00+09:00,J5,513,513,1026
2018-10-06T19:45:00+09:00,J1,668,725,1393
2018-10-06T19:45:00+09:00,J2,434,430,864
2018-10-06T19:45:00+09:00,J3,515,414,929
2018-10-06T19:45:00+09:00,J4,831,647,1478
2018-10-06T19:45:00+09:00,J5,503,560,1063
2018-10-06T20:00:00+09:00,J1,650,812,1462
2018-10-06T20:00:00+09:00,J2,417,436,853
2018-10-06T20:00:00+09:00,J3,491,403,894
2018-10-06T20:00:00+09:00,J4,763,736,1499
2018-10-06T20:00:00+09:00,J5,445,488,933
2018-10-06T20:15:00+09:00,J1,689,804,1493
2018-10-06T20:15:00+09:00,J2,375,460,835
2018-10-06T20:15:00+09:00,J3,511,417,928
2018-10-06T20:15:00+09:00,J4,794,689,1483
2018-10-06T20:15:00+09:00,J5,421,436,857
2018-10-06T20:30:00+09:00,J1,737,841,1578
2018-10-06T20:30:00+09:00,J2,363,396,759
2018-10-06T20:30:00+09:00,J3,466,415,881
2018-10-06T20:30:00+09:00,J4,680,595,1275
2018-10-06T20:30:00+09:00,J5,436,430,866
2018-10-06T20:45:00+09:00,J1,679,830,1509
2018-10-06T20:45:00+09:00,J2,349,404,753
2018-10-06T20:45:00+09:00,J3,500,392,892
2018-10-06T20:45:00+09:00,J4,732,622,1354
2018-10-06T20:45:00+09:00,J5,440,477,917
2018-10-06T21:00:00+09:00,J1,713,768,1481
2018-10-06T21:00:00+09:00,J2,427,360,787
2018-10-06T21:00:00+09:00,J3,447,335,782
2018-10-06T21:00:00+09:00,J4,815,706,1521
2018-10-06T21:00:00+09:00,J5,420,499,919
2018-10-06T21:15:00+09:00,J1,700,792,1492
2018-10-06T21:15:00+09:00,J2,352,336,688
2018-10-06T21:15:00+09:00,J3,430,307,737
2018-10-06T21:15:00+09:00,J4,884,671,1555
2018-10-06T21:15:00+09:00,J5,385,442,827
2018-10-06T21:30:00+09:00,J1,667,707,1374
2018-10-06T21:30:00+09:00,J2,334,360,694
2018-10-06T21:30:00+09:00,J3,366,296,662
2018-10-06T21:30:00+09:00,J4,833,693,1526
2018-10-06T21:30:00+09:00,J5,351,408,759
2018-10-06T21:45:00+09:00,J1,544,631,1175
2018-10-06T21:45:00+09:00,J2,315,400,715
2018-10-06T21:45:00+09:00,J3,410,314,724
2018-10-06T21:45:00+09:00,J4,753,671,1424
2018-10-06T21:45:00+09:00,J5,344,405,749
2018-10-06T22:00:00+09:00,J1,637,758,1395
2018-10-06T22:00:00+09:00,J2,276,357,633
2018-10-06T22:00:00+09:00,J3,418,356,774
2018-10-06T22:00:00+09:00,J4,703,674,1377
2018-10-06T22:00:00+09:00,J5,302,350,652
2018-10-06T22:15:00+09:00,J1,643,755,1398
2018-10-06T22:15:00+09:00,J2,283,333,616
2018-10-06T22:15:00+09:00,J3,384,347,731
2018-10-06T22:15:00+09:00,J4,768,789,1557
2018-10-06T22:15:00+09:00,J5,382,406,788
2018-10-06T22:30:00+09:00,J1,565,652,1217
2018-10-06T22:30:00+09:00,J2,215,337,552
2018-10-06T22:30:00+09:00,J3,246,295,541
2018-10-06T22:30:00+09:00,J4,885,833,1718
2018-10-06T22:30:00+09:00,J5,464,427,891
2018-10-06T22:45:00+09:00,J1,694,748,1442
2018-10-06T22:45:00+09:00,J2,323,300,623
2018-10-06T22:45:00+09:00,J3,311,312,623
2018-10-06T22:45:00+09:00,J4,765,749,1514
2018-10-06T22:45:00+09:00,J5,250,279,529
2018-10-06T23:00:00+09:00,J1,609,630,1239
2018-10-06T23:00:00+09:00,J2,287,325,612
2018-10-06T23:00:00+09:00,J3,354,264,618
2018-10-06T23:00:00+09:00,J4,790,726,1516
2018-10-06T23:00:00+09:00,J5,152,163,315
2018-10-06T23:15:00+09:00,J1,572,696,1268
2018-10-06T23:15:00+09:00,J2,244,328,572
2018-10-06T23:15:00+09:00,J3,321,275,596
2018-10-06T23:15:00+09:00,J4,739,664,1403
2018-10-06T23:15:00+09:00,J5,195,182,377
2018-10-06T23:30:00+09:00,J1,637,742,1379
2018-10-06T23:30:00+09:00,J2,273,325,598
2018-10-06T23:30:00+09:00,J3,278,300,578
2018-10-06T23:30:00+09:00,J4,744,770,1514
2018-10-06T23:30:00+09:00,J5,156,159,315
2018-10-06T23:45:00+09:00,J1,493,568,1061
2018-10-06T23:45:00+09:00,J2,275,316,591
2018-10-06T23:45:00+09:00,J3,265,250,515
2018-10-06T23:45:00+09:00,J4,722,667,1389
2018-10-06T23:45:00+09:00,J5,135,109,244
2018-10-07T00:00:00+09:00,J1,277,364,641
2018-10-07T00:00:00+09:00,J2,254,232,486
2018-10-07T00:00:00+09:00,J3,212,164,376
2018-10-07T00:00:00+09:00,J4,677,642,1319
2018-10-07T00:00:00+09:00,J5,145,138,283
2018-10-07T00:15:00+09:00,J1,249,297,546
2018-10-07T00:15:00+09:00,J2,270,236,506
2018-10-07T00:15:00+09:00,J3,323,312,635
2018-10-07T00:15:00+09:00,J4,583,550,1133
2018-10-07T00:15:00+09:00,J5,192,237,429
2018-10-07T00:30:00+09:00,J1,162,226,388
2018-10-07T00:30:00+09:00,J2,319,313,632
2018-10-07T00:30:00+09:00,J3,575,418,993
2018-10-07T00:30:00+09:00,J4,461,341,802
2018-10-07T00:30:00+09:00,J5,164,179,343
2018-10-07T00:45:00+09:00,J1,195,245,440
2018-10-07T00:45:00+09:00,J2,333,360,693
2018-10-07T00:45:00+09:00,J3,572,454,1026
2018-10-07T00:45:00+09:00,J4,532,662,1194
2018-10-07T00:45:00+09:00,J5,150,128,278
2018-10-07T05:45:00+09:00,J1,479,500,979
2018-10-07T05:45:00+09:00,J2,260,229,489
2018-10-07T05:45:00+09:00,J3,402,363,765
2018-10-07T05:45:00+09:00,J4,269,263,532
2018-10-07T05:45:00+09:00,J5,147,121,268
2018-10-07T06:00:00+09:00,J1,452,412,864
2018-10-07T06:00:00+09:00,J2,340,281,621
2018-10-07T06:00:00+09:00,J3,497,521,1018
2018-10-07T06:00:00+09:00,J4,309,273,582
2018-10-07T06:00:00+09:00,J5,269,277,546
2018-10-07T06:15:00+09:00,J1,421,461,882
2018-10-07T06:15:00+09:00,J2,362,361,723
2018-10-07T06:15:00+09:00,J3,525,493,1018
2018-10-07T06:15:00+09:00,J4,618,627,1245
2018-10-07T06:15:00+09:00,J5,298,291,589
2018-10-07T06:30:00+09:00,J1,326,400,726
2018-10-07T06:30:00+09:00,J2,337,254,591
2018-10-07T06:30:00+09:00,J3,437,416,853
2018-10-07T06:30:00+09:00,J4,704,773,1477
2018-10-07T06:30:00+09:00,J5,193,152,345
2018-10-07T06:45:00+09:00,J1,336,330,666
2018-10-07T06:45:00+09:00,J2,339,300,639
2018-10-07T06:45:00+09:00,J3,385,373,758
2018-10-07T06:45:00+09:00,J4,804,783,1587
2018-10-07T06:45:00+09:00,J5,266,248,514
2018-10-07T07:00:00+09:00,J1,591,548,1139
2018-10-07T07:00:00+09:00,J2,440,398,838
2018-10-07T07:00:00+09:00,J3,440,434,874
2018-10-07T07:00:00+09:00,J4,945,900,1845
2018-10-07T07:00:00+09:00,J5,224,216,440
2018-10-07T07:15:00+09:00,J1,603,617,1220
2018-10-07T07:15:00+09:00,J2,443,318,761
2018-10-07T07:15:00+09:00,J3,545,483,1028
2018-10-07T07:15:00+09:00,J4,733,795,1528
2018-10-07T07:15:00+09:00,J5,231,197,428
2018-10-07T07:30:00+09:00,J1,564,548,1112
2018-10-07T07:30:00+09:00,J2,473,444,917
2018-10-07T07:30:00+09:00,J3,515,501,1016
2018-10-07T07:30:00+09:00,J4,873,926,1799
2018-10-07T07:30:00+09:00,J5,240,214,454
2018-10-07T07:45:00+09:00,J1,680,703,1383
2018-10-07T07:45:00+09:00,J2,428,319,747
2018-10-07T07:45:00+09:00,J3,559,575,1134
2018-10-07T07:45:00+09:00,J4,556,603,1159
2018-10-07T07:45:00+09:00,J5,205,208,413
2018-10-07T08:00:00+09:00,J1,713,652,1365
2018-10-07T08:00:00+09:00,J2,467,436,903
2018-10-07T08:00:00+09:00,J3,427,405,832
2018-10-07T08:00:00+09:00,J4,631,745,1376
2018-10-07T08:00:00+09:00,J5,248,263,511
2018-10-07T08:15:00+09:00,J1,750,693,1443
2018-10-07T08:15:00+09:00,J2,565,560,1125
2018-10-07T08:15:00+09:00,J3,391,396,787
2018-10-07T08:15:00+09:00,J4,731,895,1626
2018-10-07T08:15:00+09:00,J5,378,369,747
2018-10-07T08:30:00+09:00,J1,724,622,1346
2018-10-07T08:30:00+09:00,J2,623,637,1260
2018-10-07T08:30:00+09:00,J3,476,537,1013
2018-10-07T08:30:00+09:00,J4,777,842,1619
2018-10-07T08:30:00+09:00,J5,324,348,672
2018-10-07T08:45:00+09:00,J1,862,830,1692
2018-10-07T08:45:00+09:00,J2,496,421,917
2018-10-07T08:45:00+09:00,J3,622,606,1228
2018-10-07T08:45:00+09:00,J4,456,589,1045
2018-10-07T08:45:00+09:00,J5,311,305,616
2018-10-07T09:00:00+09:00,J1,702,686,1388
2018-10-07T09:00:00+09:00,J2,579,423,1002
2018-10-07T09:00:00+09:00,J3,593,595,1188
2018-10-07T09:00:00+09:00,J4,635,634,1269
2018-10-07T09:00:00+09:00,J5,271,274,545
2018-10-07T09:15:00+09:00,J1,833,707,1540
2018-10-07T09:15:00+09:00,J2,631,515,1146
2018-10-07T09:15:00+09:00,J3,575,567,1142
2018-10-07T09:15:00+09:00,J4,732,779,1511
2018-10-07T09:15:00+09:00,J5,273,251,524
2018-10-07T09:30:00+09:00,J1,739,693,1432
2018-10-07T09:30:00+09:00,J2,702,595,1297
2018-10-07T09:30:00+09:00,J3,465,465,930
2018-10-07T09:30:00+09:00,J4,704,777,1481
2018-10-07T09:30:00+09:00,J5,304,328,632
2018-10-07T09:45:00+09:00,J1,813,823,1636
2018-10-07T09:45:00+09:00,J2,691,638,1329
2018-10-07T09:45:00+09:00,J3,638,650,1288
2018-10-07T09:45:00+09:00,J4,527,629,1156
2018-10-07T09:45:00+09:00,J5,337,380,717
2018-10-07T10:00:00+09:00,J1,711,730,1441
2018-10-07T10:00:00+09:00,J2,540,642,1182
2018-10-07T10:00:00+09:00,J3,627,628,1255
2018-10-07T10:00:00+09:00,J4,537,646,1183
2018-10-07T10:00:00+09:00,J5,330,313,643
2018-10-07T10:15:00+09:00,J1,687,737,1424
2018-10-07T10:15:00+09:00,J2,577,559,1136
2018-10-07T10:15:00+09:00,J3,514,543,1057
2018-10-07T10:15:00+09:00,J4,469,616,1085
2018-10-07T10:15:00+09:00,J5,299,331,630
2018-10-07T10:30:00+09:00,J1,693,702,1395
2018-10-07T10:30:00+09:00,J2,545,457,1002
2018-10-07T10:30:00+09:00,J3,431,447,878
2018-10-07T10:30:00+09:00,J4,491,517,1008
2018-10-07T10:30:00+09:00,J5,386,462,848
2018-10-07T10:45:00+09:00,J1,667,658,1325
2018-10-07T10:45:00+09:00,J2,461,376,837
2018-10-07T10:45:00+09:00,J3,386,420,806
2018-10-07T10:45:00+09:00,J4,574,533,1107
2018-10-07T10:45:00+09:00,J5,320,288,608
2018-10-07T11:00:00+09:00,J1,694,699,1393
2018-10-07T11:00:00+09:00,J2,468,446,914
2018-10-07T11:00:00+09:00,J3,405,414,819
2018-10-07T11:00:00+09:00,J4,719,742,1461
2018-10-07T11:00:00+09:00,J5,267,261,528
2018-10-07T11:15:00+09:00,J1,831,824,1655
2018-10-07T11:15:00+09:00,J2,398,436,834
2018-10-07T11:15:00+09:00,J3,464,432,896
2018-10-07T11:15:00+09:00,J4,769,727,1496
2018-10-07T11:15:00+09:00,J5,229,208,437
2018-10-07T11:30:00+09:00,J1,733,861,1594
2018-10-07T11:30:00+09:00,J2,418,391,809
2018-10-07T11:30:00+09:00,J3,413,453,866
2018-10-07T11:30:00+09:00,J4,783,857,1640
2018-10-07T11:30:00+09:00,J5,277,278,555
2018-10-07T11:45:00+09:00,J1,750,779,1529
2018-10-07T11:45:00+09:00,J2,421,398,819
2018-10-07T11:45:00+09:00,J3,471,487,958
2018-10-07T11:45:00+09:00,J4,758,772,1530
2018-10-07T11:45:00+09:00,J5,281,268,549
2018-10-07T12:00:00+09:00,J1,840,852,1692
2018-10-07T12:00:00+09:00,J2,417,428,845
2018-10-07T12:00:00+09:00,J3,511,503,1014
2018-10-07T12:00:00+09:00,J4,778,811,1589
2018-10-07T12:00:00+09:00,J5,287,246,533
2018-10-07T12:15:00+09:00,J1,789,913,1702
2018-10-07T12:15:00+09:00,J2,420,440,860
2018-10-07T12:15:00+09:00,J3,552,565,1117
2018-10-07T12:15:00+09:00,J4,831,884,1715
2018-10-07T12:15:00+09:00,J5,336,267,603
2018-10-07T12:30:00+09:00,J1,775,883,1658
2018-10-07T12:30:00+09:00,J2,404,400,804
2018-10-07T12:30:00+09:00,J3,470,462,932
2018-10-07T12:30:00+09:00,J4,804,719,1523
2018-10-07T12:30:00+09:00,J5,321,322,643
2018-10-07T12:45:00+09:00,J1,562,712,1274
2018-10-07T12:45:00+09:00,J2,376,385,761
2018-10-07T12:45:00+09:00,J3,486,412,898
2018-10-07T12:45:00+09:00,J4,734,778,1512
2018-10-07T12:45:00+09:00,J5,307,297,604
2018-10-07T13:00:00+09:00,J1,657,750,1407
2018-10-07T13:00:00+09:00,J2,424,416,840
2018-10-07T13:00:00+09:00,J3,574,451,1025
2018-10-07T13:00:00+09:00,J4,684,714,1398
2018-10-07T13:00:00+09:00,J5,334,339,673
2018-10-07T13:15:00+09:00,J1,680,793,1473
2018-10-07T13:15:00+09:00,J2,367,425,792
2018-10-07T13:15:00+09:00,J3,554,476,1030
2018-10-07T13:15:00+09:00,J4,662,675,1337
2018-10-07T13:15:00+09:00,J5,281,282,563
2018-10-07T13:30:00+09:00,J1,698,783,1481
2018-10-07T13:30:00+09:00,J2,336,390,726
2018-10-07T13:30:00+09:00,J3,598,493,1091
2018-10-07T13:30:00+09:00,J4,646,624,1270
2018-10-07T13:30:00+09:00,J5,255,241,496
2018-10-07T13:45:00+09:00,J1,638,812,1450
2018-10-07T13:45:00+09:00,J2,389,385,774
2018-10-07T13:45:00+09:00,J3,561,538,1099
2018-10-07T13:45:00+09:00,J4,655,626,1281
2018-10-07T13:45:00+09:00,J5,397,407,804
2018-10-07T14:00:00+09:00,J1,728,806,1534
2018-10-07T14:00:00+09:00,J2,384,433,817
2018-10-07T14:00:00+09:00,J3,583,493,1076
2018-10-07T14:00:00+09:00,J4,645,695,1340
2018-10-07T14:00:00+09:00,J5,404,399,803
2018-10-07T14:15:00+09:00,J1,807,909,1716
2018-10-07T14:15:00+09:00,J2,471,457,928
2018-10-07T14:15:00+09:00,J3,650,573,1223
2018-10-07T14:15:00+09:00,J4,705,724,1429
2018-10-07T14:15:00+09:00,J5,420,491,911
2018-10-07T14:30:00+09:00,J1,683,845,1528
2018-10-07T14:30:00+09:00,J2,424,508,932
2018-10-07T14:30:00+09:00,J3,651,565,1216
2018-10-07T14:30:00+09:00,J4,717,655,1372
2018-10-07T14:30:00+09:00,J5,400,446,846
2018-10-07T14:45:00+09:00,J1,641,737,1378
2018-10-07T14:45:00+09:00,J2,354,395,749
2018-10-07T14:45:00+09:00,J3,557,505,1062
2018-10-07T14:45:00+09:00,J4,689,697,1386
2018-10-07T14:45:00+09:00,J5,382,463,845
2018-10-07T15:00:00+09:00,J1,658,699,1357
2018-10-07T15:00:00+09:00,J2,415,432,847
2018-10-07T15:00:00+09:00,J3,580,476,1056
2018-10-07T15:00:00+09:00,J4,798,736,1534
2018-10-07T15:00:00+09:00,J5,366,469,835
2018-10-07T15:15:00+09:00,J1,724,806,1530
2018-10-07T15:15:00+09:00,J2,482,477,959
2018-10-07T15:15:00+09:00,J3,635,518,1153
2018-10-07T15:15:00+09:00,J4,778,791,1569
2018-10-07T15:15:00+09:00,J5,411,438,849
2018-10-07T15:30:00+09:00,J1,738,909,1647
2018-10-07T15:30:00+09:00,J2,425,514,939
2018-10-07T15:30:00+09:00,J3,637,519,1156
2018-10-07T15:30:00+09:00,J4,780,801,1581
2018-10-07T15:30:00+09:00,J5,421,463,884
2018-10-07T15:45:00+09:00,J1,633,805,1438
2018-10-07T15:45:00+09:00,J2,383,495,878
2018-10-07T15:45:00+09:00,J3,532,483,1015
2018-10-07T15:45:00+09:00,J4,862,784,1646
2018-10-07T15:45:00+09:00,J5,343,388,731
2018-10-07T16:00:00+09:00,J1,697,820,1517
2018-10-07T16:00:00+09:00,J2,436,478,914
2018-10-07T16:00:00+09:00,J3,534,474,1008
2018-10-07T16:00:00+09:00,J4,732,699,1431
2018-10-07T16:00:00+09:00,J5,332,403,735
2018-10-07T16:15:00+09:00,J1,762,868,1630
2018-10-07T16:15:00+09:00,J2,436,517,953
2018-10-07T16:15:00+09:00,J3,556,500,1056
2018-10-07T16:15:00+09:00,J4,813,728,1541
2018-10-07T16:15:00+09:00,J5,323,350,673
2018-10-07T16:30:00+09:00,J1,708,809,1517
2018-10-07T16:30:00+09:00,J2,438,491,929
2018-10-07T16:30:00+09:00,J3,548,513,1061
2018-10-07T16:30:00+09:00,J4,816,755,1571
2018-10-07T16:30:00+09:00,J5,307,384,691
2018-10-07T16:45:00+09:00,J1,679,783,1462
2018-10-07T16:45:00+09:00,J2,412,501,913
2018-10-07T16:45:00+09:00,J3,558,442,1000
2018-10-07T16:45:00+09:00,J4,848,771,1619
2018-10-07T16:45:00+09:00,J5,367,374,741
2018-10-07T17:00:00+09:00,J1,778,855,1633
2018-10-07T17:00:00+09:00,J2,484,535,1019
2018-10-07T17:00:00+09:00,J3,694,576,1270
2018-10-07T17:00:00+09:00,J4,823,701,1524
2018-10-07T17:00:00+09:00,J5,346,353,699
2018-10-07T17:15:00+09:00,J1,855,989,1844
2018-10-07T17:15:00+09:00,J2,533,480,1013
2018-10-07T17:15:00+09:00,J3,701,556,1257
2018-10-07T17:15:00+09:00,J4,870,740,1610
2018-10-07T17:15:00+09:00,J5,333,351,684
2018-10-07T17:30:00+09:00,J1,961,1016,1977
2018-10-07T17:30:00+09:00,J2,552,519,1071
2018-10-07T17:30:00+09:00,J3,656,562,1218
2018-10-07T17:30:00+09:00,J4,930,893,1823
2018-10-07T17:30:00+09:00,J5,349,371,720
2018-10-07T17:45:00+09:00,J1,924,1024,1948
2018-10-07T17:45:00+09:00,J2,528,554,1082
2018-10-07T17:45:00+09:00,J3,675,569,1244
2018-10-07T17:45:00+09:00,J4,895,983,1878
2018-10-07T17:45:00+09:00,J5,376,407,783
2018-10-07T18:00:00+09:00,J1,888,945,1833
2018-10-07T18:00:00+09:00,J2,556,528,1084
2018-10-07T18:00:00+09:00,J3,648,509,1157
2018-10-07T18:00:00+09:00,J4,872,717,1589
2018-10-07T18:00:00+09:00,J5,382,429,811
2018-10-07T18:15:00+09:00,J1,915,1120,2035
2018-10-07T18:15:00+09:00,J2,587,566,1153
2018-10-07T18:15:00+09:00,J3,698,472,1170
2018-10-07T18:15:00+09:00,J4,831,727,1558
2018-10-07T18:15:00+09:00,J5,348,493,841
2018-10-07T18:30:00+09:00,J1,915,984,1899
2018-10-07T18:30:00+09:00,J2,570,441,1011
2018-10-07T18:30:00+09:00,J3,588,460,1048
2018-10-07T18:30:00+09:00,J4,799,598,1397
2018-10-07T18:30:00+09:00,J5,397,476,873
2018-10-07T18:45:00+09:00,J1,946,903,1849
2018-10-07T18:45:00+09:00,J2,492,416,908
2018-10-07T18:45:00+09:00,J3,493,500,993
2018-10-07T18:45:00+09:00,J4,794,648,1442
2018-10-07T18:45:00+09:00,J5,418,477,895
2018-10-07T19:00:00+09:00,J1,823,909,1732
2018-10-07T19:00:00+09:00,J2,448,429,877
2018-10-07T19:00:00+09:00,J3,488,432,920
2018-10-07T19:00:00+09:00,J4,669,498,1167
2018-10-07T19:00:00+09:00,J5,390,431,821
2018-10-07T19:15:00+09:00,J1,751,922,1673
2018-10-07T19:15:00+09:00,J2,383,408,791
2018-10-07T19:15:00+09:00,J3,546,450,996
2018-10-07T19:15:00+09:00,J4,666,518,1184
2018-10-07T19:15:00+09:00,J5,361,418,779
2018-10-07T19:30:00+09:00,J1,731,837,1568
2018-10-07T19:30:00+09:00,J2,393,427,820
2018-10-07T19:30:00+09:00,J3,511,470,981
2018-10-07T19:30:00+09:00,J4,597,470,1067
2018-10-07T19:30:00+09:00,J5,350,349,699
2018-10-07T19:45:00+09:00,J1,666,814,1480
2018-10-07T19:45:00+09:00,J2,379,428,807
2018-10-07T19:45:00+09:00,J3,454,454,908
2018-10-07T19:45:00+09:00,J4,521,493,1014
2018-10-07T19:45:00+09:00,J5,390,383,773
2018-10-07T20:00:00+09:00,J1,584,735,1319
2018-10-07T20:00:00+09:00,J2,313,443,756
2018-10-07T20:00:00+09:00,J3,437,408,845
2018-10-07T20:00:00+09:00,J4,505,499,1004
2018-10-07T20:00:00+09:00,J5,346,349,695
2018-10-07T20:15:00+09:00,J1,618,783,1401
2018-10-07T20:15:00+09:00,J2,394,375,769
2018-10-07T20:15:00+09:00,J3,479,393,872
2018-10-07T20:15:00+09:00,J4,505,454,959
2018-10-07T20:15:00+09:00,J5,322,351,673
2018-10-07T20:30:00+09:00,J1,642,744,1386
2018-10-07T20:30:00+09:00,J2,318,333,651
2018-10-07T20:30:00+09:00,J3,477,438,915
2018-10-07T20:30:00+09:00,J4,487,474,961
2018-10-07T20:30:00+09:00,J5,335,285,620
2018-10-07T20:45:00+09:00,J1,642,736,1378
2018-10-07T20:45:00+09:00,J2,351,259,610
2018-10-07T20:45:00+09:00,J3,488,477,965
2018-10-07T20:45:00+09:00,J4,518,494,1012
2018-10-07T20:45:00+09:00,J5,288,257,545
2018-10-07T21:00:00+09:00,J1,691,818,1509
2018-10-07T21:00:00+09:00,J2,345,337,682
2018-10-07T21:00:00+09:00,J3,422,394,816
2018-10-07T21:00:00+09:00,J4,582,588,1170
2018-10-07T21:00:00+09:00,J5,283,224,507
2018-10-07T21:15:00+09:00,J1,639,811,1450
2018-10-07T21:15:00+09:00,J2,339,350,689
2018-10-07T21:15:00+09:00,J3,375,412,787
2018-10-07T21:15:00+09:00,J4,653,623,1276
2018-10-07T21:15:00+09:00,J5,291,291,582
2018-10-07T21:30:00+09:00,J1,641,681,1322
2018-10-07T21:30:00+09:00,J2,361,322,683
2018-10-07T21:30:00+09:00,J3,324,342,666
2018-10-07T21:30:00+09:00,J4,593,616,1209
2018-10-07T21:30:00+09:00,J5,263,221,484
2018-10-07T21:45:00+09:00,J1,587,624,1211
2018-10-07T21:45:00+09:00,J2,329,325,654
2018-10-07T21:45:00+09:00,J3,278,252,530
2018-10-07T21:45:00+09:00,J4,637,639,1276
2018-10-07T21:45:00+09:00,J5,220,222,442
2018-10-07T22:00:00+09:00,J1,618,627,1245
2018-10-07T22:00:00+09:00,J2,337,359,696
2018-10-07T22:00:00+09:00,J3,341,329,670
2018-10-07T22:00:00+09:00,J4,758,806,1564
2018-10-07T22:00:00+09:00,J5,231,214,445
2018-10-07T22:15:00+09:00,J1,575,632,1207
2018-10-07T22:15:00+09:00,J2,293,271,564
2018-10-07T22:15:00+09:00,J3,322,314,636
2018-10-07T22:15:00+09:00,J4,756,808,1564
2018-10-07T22:15:00+09:00,J5,237,192,429
2018-10-07T22:30:00+09:00,J1,495,566,1061
2018-10-07T22:30:00+09:00,J2,353,357,710
2018-10-07T22:30:00+09:00,J3,298,241,539
2018-10-07T22:30:00+09:00,J4,895,853,1748
2018-10-07T22:30:00+09:00,J5,244,254,498
2018-10-07T22:45:00+09:00,J1,583,620,1203
2018-10-07T22:45:00+09:00,J2,310,295,605
2018-10-07T22:45:00+09:00,J3,261,253,514
2018-10-07T22:45:00+09:00,J4,1000,1008,2008
2018-10-07T22:45:00+09:00,J5,256,327,583
2018-10-07T23:00:00+09:00,J1,576,626,1202
2018-10-07T23:00:00+09:00,J2,308,292,600
2018-10-07T23:00:00+09:00,J3,261,229,490
2018-10-07T23:00:00+09:00,J4,988,958,1946
2018-10-07T23:00:00+09:00,J5,263,340,603
2018-10-07T23:15:00+09:00,J1,493,598,1091
2018-10-07T23:15:00+09:00,J2,273,304,577
2018-10-07T23:15:00+09:00,J3,239,267,506
2018-10-07T23:15:00+09:00,J4,1044,953,1997
2018-10-07T23:15:00+09:00,J5,272,333,605
2018-10-07T23:30:00+09:00,J1,590,570,1160
2018-10-07T23:30:00+09:00,J2,269,335,604
2018-10-07T23:30:00+09:00,J3,305,324,629
2018-10-07T23:30:00+09:00,J4,652,689,1341
2018-10-07T23:30:00+09:00,J5,257,342,599
2018-10-07T23:45:00+09:00,J1,555,644,1199
2018-10-07T23:45:00+09:00,J2,296,378,674
2018-10-07T23:45:00+09:00,J3,254,236,490
2018-10-07T23:45:00+09:00,J4,693,692,1385
2018-10-07T23:45:00+09:00,J5,292,352,644
2018-10-08T00:00:00+09:00,J1,471,443,914
2018-10-08T00:00:00+09:00,J2,408,414,822
2018-10-08T00:00:00+09:00,J3,229,200,429
2018-10-08T00:00:00+09:00,J4,726,755,1481
2018-10-08T00:00:00+09:00,J5,296,344,640
2018-10-08T00:15:00+09:00,J1,296,237,533
2018-10-08T00:15:00+09:00,J2,358,424,782
2018-10-08T00:15:00+09:00,J3,444,390,834
2018-10-08T00:15:00+09:00,J4,325,300,625
2018-10-08T00:15:00+09:00,J5,202,205,407
2018-10-08T00:30:00+09:00,J1,305,280,585
2018-10-08T00:30:00+09:00,J2,405,436,841
2018-10-08T00:30:00+09:00,J3,520,460,980
2018-10-08T00:30:00+09:00,J4,275,269,544
2018-10-08T00:30:00+09:00,J5,136,138,274
2018-10-08T00:45:00+09:00,J1,270,253,523
2018-10-08T00:45:00+09:00,J2,386,429,815
2018-10-08T00:45:00+09:00,J3,461,390,851
2018-10-08T00:45:00+09:00,J4,222,254,476
2018-10-08T00:45:00+09:00,J5,151,151,302
2018-10-08T05:45:00+09:00,J1,186,206,392
2018-10-08T05:45:00+09:00,J2,237,230,467
2018-10-08T05:45:00+09:00,J3,365,392,757
2018-10-08T05:45:00+09:00,J4,840,825,1665
2018-10-08T05:45:00+09:00,J5,184,157,341
2018-10-08T06:00:00+09:00,J1,334,340,674
2018-10-08T06:00:00+09:00,J2,347,256,603
2018-10-08T06:00:00+09:00,J3,509,464,973
2018-10-08T06:00:00+09:00,J4,519,500,1019
2018-10-08T06:00:00+09:00,J5,153,155,308
2018-10-08T06:15:00+09:00,J1,387,349,736
2018-10-08T06:15:00+09:00,J2,434,348,782
2018-10-08T06:15:00+09:00,J3,529,448,977
2018-10-08T06:15:00+09:00,J4,563,587,1150
2018-10-08T06:15:00+09:00,J5,191,214,405
2018-10-08T06:30:00+09:00,J1,429,406,835
2018-10-08T06:30:00+09:00,J2,409,359,768
2018-10-08T06:30:00+09:00,J3,500,386,886
2018-10-08T06:30:00+09:00,J4,732,743,1475
2018-10-08T06:30:00+09:00,J5,175,171,346
2018-10-08T06:45:00+09:00,J1,497,480,977
2018-10-08T06:45:00+09:00,J2,464,421,885
2018-10-08T06:45:00+09:00,J3,457,450,907
2018-10-08T06:45:00+09:00,J4,689,712,1401
2018-10-08T06:45:00+09:00,J5,216,157,373
2018-10-08T07:00:00+09:00,J1,567,574,1141
2018-10-08T07:00:00+09:00,J2,405,375,780
2018-10-08T07:00:00+09:00,J3,548,485,1033
2018-10-08T07:00:00+09:00,J4,975,981,1956
2018-10-08T07:00:00+09:00,J5,168,186,354
2018-10-08T07:15:00+09:00,J1,458,550,1008
2018-10-08T07:15:00+09:00,J2,442,388,830
2018-10-08T07:15:00+09:00,J3,516,470,986
2018-10-08T07:15:00+09:00,J4,881,859,1740
2018-10-08T07:15:00+09:00,J5,187,136,323
2018-10-08T07:30:00+09:00,J1,546,540,1086
2018-10-08T07:30:00+09:00,J2,442,424,866
2018-10-08T07:30:00+09:00,J3,558,479,1037
2018-10-08T07:30:00+09:00,J4,724,813,1537
2018-10-08T07:30:00+09:00,J5,184,214,398
2018-10-08T07:45:00+09:00,J1,486,534,1020
2018-10-08T07:45:00+09:00,J2,413,453,866
2018-10-08T07:45:00+09:00,J3,576,548,1124
2018-10-08T07:45:00+09:00,J4,545,579,1124
2018-10-08T07:45:00+09:00,J5,176,187,363
2018-10-08T08:00:00+09:00,J1,660,627,1287
2018-10-08T08:00:00+09:00,J2,414,486,900
2018-10-08T08:00:00+09:00,J3,377,412,789
2018-10-08T08:00:00+09:00,J4,549,618,1167
2018-10-08T08:00:00+09:00,J5,195,202,397
2018-10-08T08:15:00+09:00,J1,728,623,1351
2018-10-08T08:15:00+09:00,J2,563,507,1070
2018-10-08T08:15:00+09:00,J3,504,539,1043
2018-10-08T08:15:00+09:00,J4,443,502,945
2018-10-08T08:15:00+09:00,J5,254,242,496
2018-10-08T08:30:00+09:00,J1,667,636,1303
2018-10-08T08:30:00+09:00,J2,574,419,993
2018-10-08T08:30:00+09:00,J3,575,580,1155
2018-10-08T08:30:00+09:00,J4,418,534,952
2018-10-08T08:30:00+09:00,J5,296,278,574
2018-10-08T08:45:00+09:00,J1,601,569,1170
2018-10-08T08:45:00+09:00,J2,576,388,964
2018-10-08T08:45:00+09:00,J3,604,570,1174
2018-10-08T08:45:00+09:00,J4,289,365,654
2018-10-08T08:45:00+09:00,J5,228,237,465
2018-10-08T09:00:00+09:00,J1,656,687,1343
2018-10-08T09:00:00+09:00,J2,548,363,911
2018-10-08T09:00:00+09:00,J3,647,607,1254
2018-10-08T09:00:00+09:00,J4,356,394,750
2018-10-08T09:00:00+09:00,J5,200,202,402
2018-10-08T09:15:00+09:00,J1,617,566,1183
2018-10-08T09:15:00+09:00,J2,576,457,1033
2018-10-08T09:15:00+09:00,J3,594,538,1132
2018-10-08T09:15:00+09:00,J4,312,384,696
2018-10-08T09:15:00+09:00,J5,204,243,447
2018-10-08T09:30:00+09:00,J1,639,626,1265
2018-10-08T09:30:00+09:00,J2,585,379,964
2018-10-08T09:30:00+09:00,J3,500,473,973
2018-10-08T09:30:00+09:00,J4,320,367,687
2018-10-08T09:30:00+09:00,J5,287,316,603
2018-10-08T09:45:00+09:00,J1,693,673,1366
2018-10-08T09:45:00+09:00,J2,605,486,1091
2018-10-08T09:45:00+09:00,J3,485,473,958
2018-10-08T09:45:00+09:00,J4,505,477,982
2018-10-08T09:45:00+09:00,J5,265,346,611
2018-10-08T10:00:00+09:00,J1,652,619,1271
2018-10-08T10:00:00+09:00,J2,618,463,1081
2018-10-08T10:00:00+09:00,J3,525,433,958
2018-10-08T10:00:00+09:00,J4,392,409,801
2018-10-08T10:00:00+09:00,J5,285,351,636
2018-10-08T10:15:00+09:00,J1,581,589,1170
2018-10-08T10:15:00+09:00,J2,633,624,1257
2018-10-08T10:15:00+09:00,J3,424,430,854
2018-10-08T10:15:00+09:00,J4,564,539,1103
2018-10-08T10:15:00+09:00,J5,320,384,704
2018-10-08T10:30:00+09:00,J1,606,603,1209
2018-10-08T10:30:00+09:00,J2,598,574,1172
2018-10-08T10:30:00+09:00,J3,395,348,743
2018-10-08T10:30:00+09:00,J4,727,740,1467
2018-10-08T10:30:00+09:00,J5,346,417,763
2018-10-08T10:45:00+09:00,J1,518,501,1019
2018-10-08T10:45:00+09:00,J2,480,452,932
2018-10-08T10:45:00+09:00,J3,350,335,685
2018-10-08T10:45:00+09:00,J4,707,768,1475
2018-10-08T10:45:00+09:00,J5,347,423,770
2018-10-08T11:00:00+09:00,J1,548,512,1060
2018-10-08T11:00:00+09:00,J2,502,407,909
2018-10-08T11:00:00+09:00,J3,344,371,715
2018-10-08T11:00:00+09:00,J4,763,720,1483
2018-10-08T11:00:00+09:00,J5,308,367,675
2018-10-08T11:15:00+09:00,J1,631,677,1308
2018-10-08T11:15:00+09:00,J2,480,375,855
2018-10-08T11:15:00+09:00,J3,379,383,762
2018-10-08T11:15:00+09:00,J4,727,773,1500
2018-10-08T11:15:00+09:00,J5,346,391,737
2018-10-08T11:30:00+09:00,J1,621,660,1281
2018-10-08T11:30:00+09:00,J2,503,396,899
2018-10-08T11:30:00+09:00,J3,371,367,738
2018-10-08T11:30:00+09:00,J4,738,803,1541
2018-10-08T11:30:00+09:00,J5,341,341,682
2018-10-08T11:45:00+09:00,J1,706,767,1473
2018-10-08T11:45:00+09:00,J2,451,393,844
2018-10-08T11:45:00+09:00,J3,385,395,780
2018-10-08T11:45:00+09:00,J4,768,881,1649
2018-10-08T11:45:00+09:00,J5,324,369,693
2018-10-08T12:00:00+09:00,J1,652,687,1339
2018-10-08T12:00:00+09:00,J2,445,419,864
2018-10-08T12:00:00+09:00,J3,378,353,731
2018-10-08T12:00:00+09:00,J4,745,798,1543
2018-10-08T12:00:00+09:00,J5,300,385,685
2018-10-08T12:15:00+09:00,J1,615,583,1198
2018-10-08T12:15:00+09:00,J2,413,408,821
2018-10-08T12:15:00+09:00,J3,445,405,850
2018-10-08T12:15:00+09:00,J4,744,722,1466
2018-10-08T12:15:00+09:00,J5,336,348,684
2018-10-08T12:30:00+09:00,J1,613,641,1254
2018-10-08T12:30:00+09:00,J2,395,440,835
2018-10-08T12:30:00+09:00,J3,455,435,890
2018-10-08T12:30:00+09:00,J4,574,621,1195
2018-10-08T12:30:00+09:00,J5,284,320,604
2018-10-08T12:45:00+09:00,J1,620,685,1305
2018-10-08T12:45:00+09:00,J2,438,412,850
2018-10-08T12:45:00+09:00,J3,463,381,844
2018-10-08T12:45:00+09:00,J4,604,583,1187
2018-10-08T12:45:00+09:00,J5,342,384,726
2018-10-08T13:00:00+09:00,J1,610,671,1281
2018-10-08T13:00:00+09:00,J2,408,371,779
2018-10-08T13:00:00+09:00,J3,445,490,935
2018-10-08T13:00:00+09:00,J4,665,657,1322
2018-10-08T13:00:00+09:00,J5,381,429,810
2018-10-08T13:15:00+09:00,J1,651,693,1344
2018-10-08T13:15:00+09:00,J2,412,440,852
2018-10-08T13:15:00+09:00,J3,466,449,915
2018-10-08T13:15:00+09:00,J4,700,663,1363
2018-10-08T13:15:00+09:00,J5,333,399,732
2018-10-08T13:30:00+09:00,J1,602,627,1229
2018-10-08T13:30:00+09:00,J2,383,405,788
2018-10-08T13:30:00+09:00,J3,476,435,911
2018-10-08T13:30:00+09:00,J4,646,538,1184
2018-10-08T13:30:00+09:00,J5,347,464,811
2018-10-08T13:45:00+09:00,J1,521,648,1169
2018-10-08T13:45:00+09:00,J2,379,398,777
2018-10-08T13:45:00+09:00,J3,445,408,853
2018-10-08T13:45:00+09:00,J4,646,635,1281
2018-10-08T13:45:00+09:00,J5,328,370,698
2018-10-08T14:00:00+09:00,J1,608,688,1296
2018-10-08T14:00:00+09:00,J2,343,430,773
2018-10-08T14:00:00+09:00,J3,476,387,863
2018-10-08T14:00:00+09:00,J4,671,639,1310
2018-10-08T14:00:00+09:00,J5,395,466,861
2018-10-08T14:15:00+09:00,J1,598,700,1298
2018-10-08T14:15:00+09:00,J2,381,426,807
2018-10-08T14:15:00+09:00,J3,449,464,913
2018-10-08T14:15:00+09:00,J4,681,628,1309
2018-10-08T14:15:00+09:00,J5,261,309,570
2018-10-08T14:30:00+09:00,J1,563,713,1276
2018-10-08T14:30:00+09:00,J2,392,425,817
2018-10-08T14:30:00+09:00,J3,482,496,978
2018-10-08T14:30:00+09:00,J4,696,582,1278
2018-10-08T14:30:00+09:00,J5,392,489,881
2018-10-08T14:45:00+09:00,J1,626,681,1307
2018-10-08T14:45:00+09:00,J2,375,417,792
2018-10-08T14:45:00+09:00,J3,455,459,914
2018-10-08T14:45:00+09:00,J4,715,583,1298
2018-10-08T14:45:00+09:00,J5,329,394,723
2018-10-08T15:00:00+09:00,J1,575,651,1226
2018-10-08T15:00:00+09:00,J2,324,451,775
2018-10-08T15:00:00+09:00,J3,416,423,839
2018-10-08T15:00:00+09:00,J4,629,668,1297
2018-10-08T15:00:00+09:00,J5,349,452,801
2018-10-08T15:15:00+09:00,J1,591,716,1307
2018-10-08T15:15:00+09:00,J2,414,444,858
2018-10-08T15:15:00+09:00,J3,519,493,1012
2018-10-08T15:15:00+09:00,J4,603,624,1227
2018-10-08T15:15:00+09:00,J5,346,413,759
2018-10-08T15:30:00+09:00,J1,591,672,1263
2018-10-08T15:30:00+09:00,J2,365,417,782
2018-10-08T15:30:00+09:00,J3,483,496,979
2018-10-08T15:30:00+09:00,J4,581,593,1174
2018-10-08T15:30:00+09:00,J5,276,323,599
2018-10-08T15:45:00+09:00,J1,544,640,1184
2018-10-08T15:45:00+09:00,J2,378,430,808
2018-10-08T15:45:00+09:00,J3,471,456,927
2018-10-08T15:45:00+09:00,J4,637,617,1254
2018-10-08T15:45:00+09:00,J5,246,304,550
2018-10-08T16:00:00+09:00,J1,544,665,1209
2018-10-08T16:00:00+09:00,J2,318,469,787
2018-10-08T16:00:00+09:00,J3,551,504,1055
2018-10-08T16:00:00+09:00,J4,705,653,1358
2018-10-08T16:00:00+09:00,J5,366,428,794
2018-10-08T16:15:00+09:00,J1,604,613,1217
2018-10-08T16:15:00+09:00,J2,407,452,859
2018-10-08T16:15:00+09:00,J3,457,506,963
2018-10-08T16:15:00+09:00,J4,634,661,1295
2018-10-08T16:15:00+09:00,J5,339,418,757
2018-10-08T16:30:00+09:00,J1,544,654,1198
2018-10-08T16:30:00+09:00,J2,399,406,805
2018-10-08T16:30:00+09:00,J3,396,497,893
2018-10-08T16:30:00+09:00,J4,682,644,1326
2018-10-08T16:30:00+09:00,J5,357,424,781
2018-10-08T16:45:00+09:00,J1,556,642,1198
2018-10-08T16:45:00+09:00,J2,391,450,841
2018-10-08T16:45:00+09:00,J3,433,409,842
2018-10-08T16:45:00+09:00,J4,695,723,1418
2018-10-08T16:45:00+09:00,J5,396,413,809
2018-10-08T17:00:00+09:00,J1,664,736,1400
2018-10-08T17:00:00+09:00,J2,391,466,857
2018-10-08T17:00:00+09:00,J3,517,466,983
2018-10-08T17:00:00+09:00,J4,622,577,1199
2018-10-08T17:00:00+09:00,J5,399,407,806
2018-10-08T17:15:00+09:00,J1,518,716,1234
2018-10-08T17:15:00+09:00,J2,399,496,895
2018-10-08T17:15:00+09:00,J3,431,455,886
2018-10-08T17:15:00+09:00,J4,687,628,1315
2018-10-08T17:15:00+09:00,J5,322,318,640
2018-10-08T17:30:00+09:00,J1,591,629,1220
2018-10-08T17:30:00+09:00,J2,412,418,830
2018-10-08T17:30:00+09:00,J3,436,435,871
2018-10-08T17:30:00+09:00,J4,715,658,1373
2018-10-08T17:30:00+09:00,J5,326,319,645
2018-10-08T17:45:00+09:00,J1,573,655,1228
2018-10-08T17:45:00+09:00,J2,385,393,778
2018-10-08T17:45:00+09:00,J3,392,414,806
2018-10-08T17:45:00+09:00,J4,731,772,1503
2018-10-08T17:45:00+09:00,J5,317,353,670
2018-10-08T18:00:00+09:00,J1,626,759,1385
2018-10-08T18:00:00+09:00,J2,412,463,875
2018-10-08T18:00:00+09:00,J3,435,420,855
2018-10-08T18:00:00+09:00,J4,794,770,1564
2018-10-08T18:00:00+09:00,J5,300,320,620
2018-10-08T18:15:00+09:00,J1,527,689,1216
2018-10-08T18:15:00+09:00,J2,389,421,810
2018-10-08T18:15:00+09:00,J3,391,385,776
2018-10-08T18:15:00+09:00,J4,840,679,1519
2018-10-08T18:15:00+09:00,J5,330,372,702
2018-10-08T18:30:00+09:00,J1,607,629,1236
2018-10-08T18:30:00+09:00,J2,382,406,788
2018-10-08T18:30:00+09:00,J3,350,327,677
2018-10-08T18:30:00+09:00,J4,744,695,1439
2018-10-08T18:30:00+09:00,J5,359,421,780
2018-10-08T18:45:00+09:00,J1,751,746,1497
2018-10-08T18:45:00+09:00,J2,408,381,789
2018-10-08T18:45:00+09:00,J3,329,348,677
2018-10-08T18:45:00+09:00,J4,708,752,1460
2018-10-08T18:45:00+09:00,J5,370,399,769
2018-10-08T19:00:00+09:00,J1,626,741,1367
2018-10-08T19:00:00+09:00,J2,407,439,846
2018-10-08T19:00:00+09:00,J3,388,426,814
2018-10-08T19:00:00+09:00,J4,747,762,1509
2018-10-08T19:00:00+09:00,J5,376,428,804
2018-10-08T19:15:00+09:00,J1,663,758,1421
2018-10-08T19:15:00+09:00,J2,361,440,801
2018-10-08T19:15:00+09:00,J3,349,364,713
2018-10-08T19:15:00+09:00,J4,650,605,1255
2018-10-08T19:15:00+09:00,J5,433,464,897
2018-10-08T19:30:00+09:00,J1,602,671,1273
2018-10-08T19:30:00+09:00,J2,313,395,708
2018-10-08T19:30:00+09:00,J3,355,357,712
2018-10-08T19:30:00+09:00,J4,570,498,1068
2018-10-08T19:30:00+09:00,J5,381,395,776
2018-10-08T19:45:00+09:00,J1,567,603,1170
2018-10-08T19:45:00+09:00,J2,372,360,732
2018-10-08T19:45:00+09:00,J3,314,336,650
2018-10-08T19:45:00+09:00,J4,475,433,908
2018-10-08T19:45:00+09:00,J5,391,409,800
2018-10-08T20:00:00+09:00,J1,605,617,1222
2018-10-08T20:00:00+09:00,J2,387,373,760
2018-10-08T20:00:00+09:00,J3,383,301,684
2018-10-08T20:00:00+09:00,J4,440,388,828
2018-10-08T20:00:00+09:00,J5,352,391,743
2018-10-08T20:15:00+09:00,J1,589,666,1255
2018-10-08T20:15:00+09:00,J2,423,337,760
2018-10-08T20:15:00+09:00,J3,302,302,604
2018-10-08T20:15:00+09:00,J4,479,413,892
2018-10-08T20:15:00+09:00,J5,358,400,758
2018-10-08T20:30:00+09:00,J1,470,552,1022
2018-10-08T20:30:00+09:00,J2,354,316,670
2018-10-08T20:30:00+09:00,J3,300,272,572
2018-10-08T20:30:00+09:00,J4,526,501,1027
2018-10-08T20:30:00+09:00,J5,365,382,747
2018-10-08T20:45:00+09:00,J1,486,532,1018
2018-10-08T20:45:00+09:00,J2,408,333,741
2018-10-08T20:45:00+09:00,J3,354,298,652
2018-10-08T20:45:00+09:00,J4,487,466,953
2018-10-08T20:45:00+09:00,J5,330,292,622
2018-10-08T21:00:00+09:00,J1,540,675,1215
2018-10-08T21:00:00+09:00,J2,390,355,745
2018-10-08T21:00:00+09:00,J3,320,244,564
2018-10-08T21:00:00+09:00,J4,645,636,1281
2018-10-08T21:00:00+09:00,J5,273,260,533
2018-10-08T21:15:00+09:00,J1,543,662,1205
2018-10-08T21:15:00+09:00,J2,321,355,676
2018-10-08T21:15:00+09:00,J3,295,243,538
2018-10-08T21:15:00+09:00,J4,636,585,1221
2018-10-08T21:15:00+09:00,J5,264,232,496
2018-10-08T21:30:00+09:00,J1,483,518,1001
2018-10-08T21:30:00+09:00,J2,322,302,624
2018-10-08T21:30:00+09:00,J3,223,203,426
2018-10-08T21:30:00+09:00,J4,719,696,1415
2018-10-08T21:30:00+09:00,J5,278,253,531
2018-10-08T21:45:00+09:00,J1,467,560,1027
2018-10-08T21:45:00+09:00,J2,319,298,617
2018-10-08T21:45:00+09:00,J3,267,209,476
2018-10-08T21:45:00+09:00,J4,648,696,1344
2018-10-08T21:45:00+09:00,J5,258,230,488
2018-10-08T22:00:00+09:00,J1,582,631,1213
2018-10-08T22:00:00+09:00,J2,328,300,628
2018-10-08T22:00:00+09:00,J3,272,210,482
2018-10-08T22:00:00+09:00,J4,911,951,1862
2018-10-08T22:00:00+09:00,J5,223,209,432
2018-10-08T22:15:00+09:00,J1,589,581,1170
2018-10-08T22:15:00+09:00,J2,352,401,753
2018-10-08T22:15:00+09:00,J3,259,264,523
2018-10-08T22:15:00+09:00,J4,785,734,1519
2018-10-08T22:15:00+09:00,J5,258,204,462
2018-10-08T22:30:00+09:00,J1,517,588,1105
2018-10-08T22:30:00+09:00,J2,358,434,792
2018-10-08T22:30:00+09:00,J3,264,244,508
2018-10-08T22:30:00+09:00,J4,704,759,1463
2018-10-08T22:30:00+09:00,J5,259,256,515
2018-10-08T22:45:00+09:00,J1,577,639,1216
2018-10-08T22:45:00+09:00,J2,359,427,786
2018-10-08T22:45:00+09:00,J3,261,272,533
2018-10-08T22:45:00+09:00,J4,761,797,1558
2018-10-08T22:45:00+09:00,J5,259,270,529
2018-10-08T23:00:00+09:00,J1,517,542,1059
2018-10-08T23:00:00+09:00,J2,432,431,863
2018-10-08T23:00:00+09:00,J3,250,210,460
2018-10-08T23:00:00+09:00,J4,641,746,1387
2018-10-08T23:00:00+09:00,J5,250,346,596
2018-10-08T23:15:00+09:00,J1,506,531,1037
2018-10-08T23:15:00+09:00,J2,409,435,844
2018-10-08T23:15:00+09:00,J3,248,193,441
2018-10-08T23:15:00+09:00,J4,731,703,1434
2018-10-08T23:15:00+09:00,J5,233,318,551
2018-10-08T23:30:00+09:00,J1,579,567,1146
2018-10-08T23:30:00+09:00,J2,418,464,882
2018-10-08T23:30:00+09:00,J3,259,233,492
2018-10-08T23:30:00+09:00,J4,695,761,1456
2018-10-08T23:30:00+09:00,J5,246,313,559
2018-10-08T23:45:00+09:00,J1,480,543,1023
2018-10-08T23:45:00+09:00,J2,409,501,910
2018-10-08T23:45:00+09:00,J3,204,152,356
2018-10-08T23:45:00+09:00,J4,682,722,1404
2018-10-08T23:45:00+09:00,J5,265,383,648
2018-10-09T00:00:00+09:00,J1,332,342,674
2018-10-09T00:00:00+09:00,J2,442,422,864
2018-10-09T00:00:00+09:00,J3,161,132,293
2018-10-09T00:00:00+09:00,J4,701,656,1357
2018-10-09T00:00:00+09:00,J5,257,361,618
2018-10-09T00:15:00+09:00,J1,268,252,520
2018-10-09T00:15:00+09:00,J2,424,485,909
2018-10-09T00:15:00+09:00,J3,391,341,732
2018-10-09T00:15:00+09:00,J4,251,257,508
2018-10-09T00:15:00+09:00,J5,221,278,499
2018-10-09T00:30:00+09:00,J1,235,263,498
2018-10-09T00:30:00+09:00,J2,420,439,859
2018-10-09T00:30:00+09:00,J3,520,456,976
2018-10-09T00:30:00+09:00,J4,204,227,431
2018-10-09T00:30:00+09:00,J5,136,152,288
2018-10-09T00:45:00+09:00,J1,152,215,367
2018-10-09T00:45:00+09:00,J2,406,476,882
2018-10-09T00:45:00+09:00,J3,547,453,1000
2018-10-09T00:45:00+09:00,J4,175,192,367
2018-10-09T00:45:00+09:00,J5,154,176,330
2018-10-09T05:45:00+09:00,J1,240,317,557
2018-10-09T05:45:00+09:00,J2,246,217,463
2018-10-09T05:45:00+09:00,J3,445,381,826
2018-10-09T05:45:00+09:00,J4,1085,994,2079
2018-10-09T05:45:00+09:00,J5,188,198,386
2018-10-09T06:00:00+09:00,J1,533,519,1052
2018-10-09T06:00:00+09:00,J2,278,166,444
2018-10-09T06:00:00+09:00,J3,523,535,1058
2018-10-09T06:00:00+09:00,J4,899,917,1816
2018-10-09T06:00:00+09:00,J5,120,145,265
2018-10-09T06:15:00+09:00,J1,557,449,1006
2018-10-09T06:15:00+09:00,J2,316,219,535
2018-10-09T06:15:00+09:00,J3,625,561,1186
2018-10-09T06:15:00+09:00,J4,934,970,1904
2018-10-09T06:15:00+09:00,J5,162,165,327
2018-10-09T06:30:00+09:00,J1,493,513,1006
2018-10-09T06:30:00+09:00,J2,392,266,658
2018-10-09T06:30:00+09:00,J3,572,543,1115
2018-10-09T06:30:00+09:00,J4,994,972,1966
2018-10-09T06:30:00+09:00,J5,167,180,347
2018-10-09T06:45:00+09:00,J1,569,501,1070
2018-10-09T06:45:00+09:00,J2,355,237,592
2018-10-09T06:45:00+09:00,J3,555,551,1106
2018-10-09T06:45:00+09:00,J4,898,921,1819
2018-10-09T06:45:00+09:00,J5,178,188,366
2018-10-09T07:00:00+09:00,J1,654,607,1261
2018-10-09T07:00:00+09:00,J2,383,262,645
2018-10-09T07:00:00+09:00,J3,643,635,1278
2018-10-09T07:00:00+09:00,J4,1026,1072,2098
2018-10-09T07:00:00+09:00,J5,205,173,378
2018-10-09T07:15:00+09:00,J1,651,607,1258
2018-10-09T07:15:00+09:00,J2,505,248,753
2018-10-09T07:15:00+09:00,J3,596,627,1223
2018-10-09T07:15:00+09:00,J4,1131,1147,2278
2018-10-09T07:15:00+09:00,J5,184,185,369
2018-10-09T07:30:00+09:00,J1,752,760,1512
2018-10-09T07:30:00+09:00,J2,630,464,1094
2018-10-09T07:30:00+09:00,J3,496,497,993
2018-10-09T07:30:00+09:00,J4,997,1081,2078
2018-10-09T07:30:00+09:00,J5,268,287,555
2018-10-09T07:45:00+09:00,J1,860,828,1688
2018-10-09T07:45:00+09:00,J2,645,580,1225
2018-10-09T07:45:00+09:00,J3,716,681,1397
2018-10-09T07:45:00+09:00,J4,1081,1223,2304
2018-10-09T07:45:00+09:00,J5,328,282,610
2018-10-09T08:00:00+09:00,J1,1078,786,1864
2018-10-09T08:00:00+09:00,J2,814,528,1342
2018-10-09T08:00:00+09:00,J3,694,780,1474
2018-10-09T08:00:00+09:00,J4,1035,1236,2271
2018-10-09T08:00:00+09:00,J5,377,319,696
2018-10-09T08:15:00+09:00,J1,1261,815,2076
2018-10-09T08:15:00+09:00,J2,950,470,1420
2018-10-09T08:15:00+09:00,J3,726,859,1585
2018-10-09T08:15:00+09:00,J4,804,1222,2026
2018-10-09T08:15:00+09:00,J5,379,434,813
2018-10-09T08:30:00+09:00,J1,1236,743,1979
2018-10-09T08:30:00+09:00,J2,1062,450,1512
2018-10-09T08:30:00+09:00,J3,769,935,1704
2018-10-09T08:30:00+09:00,J4,877,1256,2133
2018-10-09T08:30:00+09:00,J5,392,446,838
2018-10-09T08:45:00+09:00,J1,858,607,1465
2018-10-09T08:45:00+09:00,J2,757,376,1133
2018-10-09T08:45:00+09:00,J3,655,807,1462
2018-10-09T08:45:00+09:00,J4,743,1034,1777
2018-10-09T08:45:00+09:00,J5,350,363,713
2018-10-09T09:00:00+09:00,J1,778,691,1469
2018-10-09T09:00:00+09:00,J2,610,346,956
2018-10-09T09:00:00+09:00,J3,692,693,1385
2018-10-09T09:00:00+09:00,J4,615,714,1329
2018-10-09T09:00:00+09:00,J5,294,264,558
2018-10-09T09:15:00+09:00,J1,768,595,1363
2018-10-09T09:15:00+09:00,J2,547,276,823
2018-10-09T09:15:00+09:00,J3,581,611,1192
2018-10-09T09:15:00+09:00,J4,543,649,1192
2018-10-09T09:15:00+09:00,J5,305,375,680
2018-10-09T09:30:00+09:00,J1,653,675,1328
2018-10-09T09:30:00+09:00,J2,541,330,871
2018-10-09T09:30:00+09:00,J3,678,645,1323
2018-10-09T09:30:00+09:00,J4,526,611,1137
2018-10-09T09:30:00+09:00,J5,345,361,706
2018-10-09T09:45:00+09:00,J1,687,655,1342
2018-10-09T09:45:00+09:00,J2,514,303,817
2018-10-09T09:45:00+09:00,J3,449,487,936
2018-10-09T09:45:00+09:00,J4,473,574,1047
2018-10-09T09:45:00+09:00,J5,305,385,690
2018-10-09T10:00:00+09:00,J1,644,612,1256
2018-10-09T10:00:00+09:00,J2,490,313,803
2018-10-09T10:00:00+09:00,J3,544,573,1117
2018-10-09T10:00:00+09:00,J4,388,409,797
2018-10-09T10:00:00+09:00,J5,259,397,656
2018-10-09T10:15:00+09:00,J1,544,539,1083
2018-10-09T10:15:00+09:00,J2,542,409,951
2018-10-09T10:15:00+09:00,J3,430,429,859
2018-10-09T10:15:00+09:00,J4,465,550,1015
2018-10-09T10:15:00+09:00,J5,293,335,628
2018-10-09T10:30:00+09:00,J1,516,438,954
2018-10-09T10:30:00+09:00,J2,578,428,1006
2018-10-09T10:30:00+09:00,J3,395,389,784
2018-10-09T10:30:00+09:00,J4,531,585,1116
2018-10-09T10:30:00+09:00,J5,342,457,799
2018-10-09T10:45:00+09:00,J1,511,541,1052
2018-10-09T10:45:00+09:00,J2,621,556,1177
2018-10-09T10:45:00+09:00,J3,416,396,812
2018-10-09T10:45:00+09:00,J4,533,570,1103
2018-10-09T10:45:00+09:00,J5,259,277,536
2018-10-09T11:00:00+09:00,J1,560,616,1176
2018-10-09T11:00:00+09:00,J2,601,504,1105
2018-10-09T11:00:00+09:00,J3,388,368,756
2018-10-09T11:00:00+09:00,J4,395,444,839
2018-10-09T11:00:00+09:00,J5,268,302,570
2018-10-09T11:15:00+09:00,J1,625,667,1292
2018-10-09T11:15:00+09:00,J2,627,591,1218
2018-10-09T11:15:00+09:00,J3,380,396,776
2018-10-09T11:15:00+09:00,J4,406,489,895
2018-10-09T11:15:00+09:00,J5,239,288,527
2018-10-09T11:30:00+09:00,J1,673,664,1337
2018-10-09T11:30:00+09:00,J2,617,571,1188
2018-10-09T11:30:00+09:00,J3,394,444,838
2018-10-09T11:30:00+09:00,J4,425,499,924
2018-10-09T11:30:00+09:00,J5,275,337,612
2018-10-09T11:45:00+09:00,J1,708,679,1387
2018-10-09T11:45:00+09:00,J2,591,548,1139
2018-10-09T11:45:00+09:00,J3,379,380,759
2018-10-09T11:45:00+09:00,J4,491,435,926
2018-10-09T11:45:00+09:00,J5,257,282,539
2018-10-09T12:00:00+09:00,J1,683,780,1463
2018-10-09T12:00:00+09:00,J2,583,565,1148
2018-10-09T12:00:00+09:00,J3,418,408,826
2018-10-09T12:00:00+09:00,J4,552,471,1023
2018-10-09T12:00:00+09:00,J5,301,289,590
2018-10-09T12:15:00+09:00,J1,564,658,1222
2018-10-09T12:15:00+09:00,J2,564,554,1118
2018-10-09T12:15:00+09:00,J3,414,393,807
2018-10-09T12:15:00+09:00,J4,527,489,1016
2018-10-09T12:15:00+09:00,J5,285,328,613
2018-10-09T12:30:00+09:00,J1,598,670,1268
2018-10-09T12:30:00+09:00,J2,555,608,1163
2018-10-09T12:30:00+09:00,J3,458,429,887
2018-10-09T12:30:00+09:00,J4,489,521,1010
2018-10-09T12:30:00+09:00,J5,253,354,607
2018-10-09T12:45:00+09:00,J1,572,648,1220
2018-10-09T12:45:00+09:00,J2,576,551,1127
2018-10-09T12:45:00+09:00,J3,359,400,759
2018-10-09T12:45:00+09:00,J4,535,548,1083
2018-10-09T12:45:00+09:00,J5,307,383,690
2018-10-09T13:00:00+09:00,J1,613,718,1331
2018-10-09T13:00:00+09:00,J2,522,546,1068
2018-10-09T13:00:00+09:00,J3,353,419,772
2018-10-09T13:00:00+09:00,J4,512,532,1044
2018-10-09T13:00:00+09:00,J5,296,306,602
2018-10-09T13:15:00+09:00,J1,671,695,1366
2018-10-09T13:15:00+09:00,J2,599,536,1135
2018-10-09T13:15:00+09:00,J3,432,429,861
2018-10-09T13:15:00+09:00,J4,610,528,1138
2018-10-09T13:15:00+09:00,J5,308,271,579
2018-10-09T13:30:00+09:00,J1,663,771,1434
2018-10-09T13:30:00+09:00,J2,551,499,1050
2018-10-09T13:30:00+09:00,J3,403,375,778
2018-10-09T13:30:00+09:00,J4,624,639,1263
2018-10-09T13:30:00+09:00,J5,299,277,576
2018-10-09T13:45:00+09:00,J1,646,732,1378
2018-10-09T13:45:00+09:00,J2,542,457,999
2018-10-09T13:45:00+09:00,J3,370,356,726
2018-10-09T13:45:00+09:00,J4,630,523,1153
2018-10-09T13:45:00+09:00,J5,308,281,589
2018-10-09T14:00:00+09:00,J1,673,770,1443
2018-10-09T14:00:00+09:00,J2,605,566,1171
2018-10-09T14:00:00+09:00,J3,418,420,838
2018-10-09T14:00:00+09:00,J4,630,495,1125
2018-10-09T14:00:00+09:00,J5,280,243,523
2018-10-09T14:15:00+09:00,J1,635,787,1422
2018-10-09T14:15:00+09:00,J2,614,489,1103
2018-10-09T14:15:00+09:00,J3,390,397,787
2018-10-09T14:15:00+09:00,J4,651,596,1247
2018-10-09T14:15:00+09:00,J5,299,320,619
2018-10-09T14:30:00+09:00,J1,611,734,1345
2018-10-09T14:30:00+09:00,J2,606,540,1146
2018-10-09T14:30:00+09:00,J3,383,424,807
2018-10-09T14:30:00+09:00,J4,660,567,1227
2018-10-09T14:30:00+09:00,J5,270,344,614
2018-10-09T14:45:00+09:00,J1,671,757,1428
2018-10-09T14:45:00+09:00,J2,602,539,1141
2018-10-09T14:45:00+09:00,J3,368,385,753
2018-10-09T14:45:00+09:00,J4,621,549,1170
2018-10-09T14:45:00+09:00,J5,273,344,617
2018-10-09T15:00:00+09:00,J1,681,706,1387
2018-10-09T15:00:00+09:00,J2,556,519,1075
2018-10-09T15:00:00+09:00,J3,431,350,781
2018-10-09T15:00:00+09:00,J4,726,671,1397
2018-10-09T15:00:00+09:00,J5,328,405,733
2018-10-09T15:15:00+09:00,J1,657,746,1403
2018-10-09T15:15:00+09:00,J2,586,554,1140
2018-10-09T15:15:00+09:00,J3,357,347,704
2018-10-09T15:15:00+09:00,J4,748,735,1483
2018-10-09T15:15:00+09:00,J5,311,354,665
2018-10-09T15:30:00+09:00,J1,600,684,1284
2018-10-09T15:30:00+09:00,J2,602,565,1167
2018-10-09T15:30:00+09:00,J3,365,361,726
2018-10-09T15:30:00+09:00,J4,608,613,1221
2018-10-09T15:30:00+09:00,J5,294,259,553
2018-10-09T15:45:00+09:00,J1,655,721,1376
2018-10-09T15:45:00+09:00,J2,593,540,1133
2018-10-09T15:45:00+09:00,J3,336,398,734
2018-10-09T15:45:00+09:00,J4,671,656,1327
2018-10-09T15:45:00+09:00,J5,240,299,539
2018-10-09T16:00:00+09:00,J1,610,731,1341
2018-10-09T16:00:00+09:00,J2,524,538,1062
2018-10-09T16:00:00+09:00,J3,417,373,790
2018-10-09T16:00:00+09:00,J4,546,533,1079
2018-10-09T16:00:00+09:00,J5,269,303,572
2018-10-09T16:15:00+09:00,J1,640,655,1295
2018-10-09T16:15:00+09:00,J2,566,480,1046
2018-10-09T16:15:00+09:00,J3,454,405,859
2018-10-09T16:15:00+09:00,J4,602,574,1176
2018-10-09T16:15:00+09:00,J5,272,313,585
2018-10-09T16:30:00+09:00,J1,580,713,1293
2018-10-09T16:30:00+09:00,J2,552,513,1065
2018-10-09T16:30:00+09:00,J3,383,388,771
2018-10-09T16:30:00+09:00,J4,689,577,1266
2018-10-09T16:30:00+09:00,J5,271,315,586
2018-10-09T16:45:00+09:00,J1,568,667,1235
2018-10-09T16:45:00+09:00,J2,531,490,1021
2018-10-09T16:45:00+09:00,J3,377,416,793
2018-10-09T16:45:00+09:00,J4,614,606,1220
2018-10-09T16:45:00+09:00,J5,273,324,597
2018-10-09T17:00:00+09:00,J1,612,726,1338
2018-10-09T17:00:00+09:00,J2,577,632,1209
2018-10-09T17:00:00+09:00,J3,446,372,818
2018-10-09T17:00:00+09:00,J4,745,649,1394
2018-10-09T17:00:00+09:00,J5,272,363,635
2018-10-09T17:15:00+09:00,J1,715,853,1568
2018-10-09T17:15:00+09:00,J2,658,615,1273
2018-10-09T17:15:00+09:00,J3,521,414,935
2018-10-09T17:15:00+09:00,J4,858,628,1486
2018-10-09T17:15:00+09:00,J5,264,404,668
2018-10-09T17:30:00+09:00,J1,744,901,1645
2018-10-09T17:30:00+09:00,J2,688,555,1243
2018-10-09T17:30:00+09:00,J3,575,456,1031
2018-10-09T17:30:00+09:00,J4,741,678,1419
2018-10-09T17:30:00+09:00,J5,250,395,645
2018-10-09T17:45:00+09:00,J1,702,824,1526
2018-10-09T17:45:00+09:00,J2,709,602,1311
2018-10-09T17:45:00+09:00,J3,595,520,1115
2018-10-09T17:45:00+09:00,J4,714,576,1290
2018-10-09T17:45:00+09:00,J5,273,398,671
2018-10-09T18:00:00+09:00,J1,727,890,1617
2018-10-09T18:00:00+09:00,J2,738,590,1328
2018-10-09T18:00:00+09:00,J3,672,499,1171
2018-10-09T18:00:00+09:00,J4,732,518,1250
2018-10-09T18:00:00+09:00,J5,237,421,658
2018-10-09T18:15:00+09:00,J1,798,973,1771
2018-10-09T18:15:00+09:00,J2,677,592,1269
2018-10-09T18:15:00+09:00,J3,586,405,991
2018-10-09T18:15:00+09:00,J4,710,526,1236
2018-10-09T18:15:00+09:00,J5,304,437,741
2018-10-09T18:30:00+09:00,J1,680,852,1532
2018-10-09T18:30:00+09:00,J2,658,526,1184
2018-10-09T18:30:00+09:00,J3,467,388,855
2018-10-09T18:30:00+09:00,J4,716,662,1378
2018-10-09T18:30:00+09:00,J5,311,404,715
2018-10-09T18:45:00+09:00,J1,639,714,1353
2018-10-09T18:45:00+09:00,J2,648,538,1186
2018-10-09T18:45:00+09:00,J3,447,391,838
2018-10-09T18:45:00+09:00,J4,697,574,1271
2018-10-09T18:45:00+09:00,J5,286,334,620
2018-10-09T19:00:00+09:00,J1,622,724,1346
2018-10-09T19:00:00+09:00,J2,490,456,946
2018-10-09T19:00:00+09:00,J3,449,344,793
2018-10-09T19:00:00+09:00,J4,748,631,1379
2018-10-09T19:00:00+09:00,J5,313,363,676
2018-10-09T19:15:00+09:00,J1,611,740,1351
2018-10-09T19:15:00+09:00,J2,495,458,953
2018-10-09T19:15:00+09:00,J3,447,379,826
2018-10-09T19:15:00+09:00,J4,769,707,1476
2018-10-09T19:15:00+09:00,J5,323,345,668
2018-10-09T19:30:00+09:00,J1,649,734,1383
2018-10-09T19:30:00+09:00,J2,479,424,903
2018-10-09T19:30:00+09:00,J3,369,392,761
2018-10-09T19:30:00+09:00,J4,795,749,1544
2018-10-09T19:30:00+09:00,J5,324,336,660
2018-10-09T19:45:00+09:00,J1,592,686,1278
2018-10-09T19:45:00+09:00,J2,474,443,917
2018-10-09T19:45:00+09:00,J3,380,342,722
2018-10-09T19:45:00+09:00,J4,728,695,1423
2018-10-09T19:45:00+09:00,J5,269,379,648
2018-10-09T20:00:00+09:00,J1,506,645,1151
2018-10-09T20:00:00+09:00,J2,456,421,877
2018-10-09T20:00:00+09:00,J3,392,324,716
2018-10-09T20:00:00+09:00,J4,888,769,1657
2018-10-09T20:00:00+09:00,J5,278,332,610
2018-10-09T20:15:00+09:00,J1,525,697,1222
2018-10-09T20:15:00+09:00,J2,513,457,970
2018-10-09T20:15:00+09:00,J3,424,325,749
2018-10-09T20:15:00+09:00,J4,856,777,1633
2018-10-09T20:15:00+09:00,J5,298,315,613
2018-10-09T20:30:00+09:00,J1,540,580,1120
2018-10-09T20:30:00+09:00,J2,525,529,1054
2018-10-09T20:30:00+09:00,J3,462,352,814
2018-10-09T20:30:00+09:00,J4,841,750,1591
2018-10-09T20:30:00+09:00,J5,252,298,550
2018-10-09T20:45:00+09:00,J1,621,679,1300
2018-10-09T20:45:00+09:00,J2,484,422,906
2018-10-09T20:45:00+09:00,J3,429,320,749
2018-10-09T20:45:00+09:00,J4,915,761,1676
2018-10-09T20:45:00+09:00,J5,218,239,457
2018-10-09T21:00:00+09:00,J1,632,711,1343
2018-10-09T21:00:00+09:00,J2,537,523,1060
2018-10-09T21:00:00+09:00,J3,358,289,647
2018-10-09T21:00:00+09:00,J4,942,866,1808
2018-10-09T21:00:00+09:00,J5,238,232,470
2018-10-09T21:15:00+09:00,J1,628,700,1328
2018-10-09T21:15:00+09:00,J2,462,454,916
2018-10-09T21:15:00+09:00,J3,357,276,633
2018-10-09T21:15:00+09:00,J4,854,811,1665
2018-10-09T21:15:00+09:00,J5,278,225,503
2018-10-09T21:30:00+09:00,J1,598,681,1279
2018-10-09T21:30:00+09:00,J2,532,456,988
2018-10-09T21:30:00+09:00,J3,333,292,625
2018-10-09T21:30:00+09:00,J4,975,898,1873
2018-10-09T21:30:00+09:00,J5,302,277,579
2018-10-09T21:45:00+09:00,J1,591,657,1248
2018-10-09T21:45:00+09:00,J2,515,480,995
2018-10-09T21:45:00+09:00,J3,323,316,639
2018-10-09T21:45:00+09:00,J4,1006,864,1870
2018-10-09T21:45:00+09:00,J5,303,267,570
2018-10-09T22:00:00+09:00,J1,523,587,1110
2018-10-09T22:00:00+09:00,J2,489,504,993
2018-10-09T22:00:00+09:00,J3,330,317,647
2018-10-09T22:00:00+09:00,J4,955,928,1883
2018-10-09T22:00:00+09:00,J5,335,301,636
2018-10-09T22:15:00+09:00,J1,542,590,1132
2018-10-09T22:15:00+09:00,J2,516,484,1000
2018-10-09T22:15:00+09:00,J3,392,365,757
2018-10-09T22:15:00+09:00,J4,1041,939,1980
2018-10-09T22:15:00+09:00,J5,376,381,757
2018-10-09T22:30:00+09:00,J1,599,617,1216
2018-10-09T22:30:00+09:00,J2,499,485,984
2018-10-09T22:30:00+09:00,J3,377,400,777
2018-10-09T22:30:00+09:00,J4,1039,1001,2040
2018-10-09T22:30:00+09:00,J5,286,327,613
2018-10-09T22:45:00+09:00,J1,584,641,1225
2018-10-09T22:45:00+09:00,J2,455,403,858
2018-10-09T22:45:00+09:00,J3,414,389,803
2018-10-09T22:45:00+09:00,J4,1013,949,1962
2018-10-09T22:45:00+09:00,J5,164,184,348
2018-10-09T23:00:00+09:00,J1,617,632,1249
2018-10-09T23:00:00+09:00,J2,389,305,694
2018-10-09T23:00:00+09:00,J3,458,380,838
2018-10-09T23:00:00+09:00,J4,982,940,1922
2018-10-09T23:00:00+09:00,J5,167,185,352
2018-10-09T23:15:00+09:00,J1,519,605,1124
2018-10-09T23:15:00+09:00,J2,411,309,720
2018-10-09T23:15:00+09:00,J3,412,396,808
2018-10-09T23:15:00+09:00,J4,943,961,1904
2018-10-09T23:15:00+09:00,J5,159,175,334
2018-10-09T23:30:00+09:00,J1,402,490,892
2018-10-09T23:30:00+09:00,J2,401,310,711
2018-10-09T23:30:00+09:00,J3,488,440,928
2018-10-09T23:30:00+09:00,J4,756,715,1471
2018-10-09T23:30:00+09:00,J5,151,188,339
2018-10-09T23:45:00+09:00,J1,459,545,1004
2018-10-09T23:45:00+09:00,J2,416,311,727
2018-10-09T23:45:00+09:00,J3,375,309,684
2018-10-09T23:45:00+09:00,J4,796,704,1500
2018-10-09T23:45:00+09:00,J5,179,171,350
2018-10-10T00:00:00+09:00,J1,335,315,650
2018-10-10T00:00:00+09:00,J2,353,274,627
2018-10-10T00:00:00+09:00,J3,305,255,560
2018-10-10T00:00:00+09:00,J4,960,860,1820
2018-10-10T00:00:00+09:00,J5,182,166,348
2018-10-10T00:15:00+09:00,J1,230,214,444
2018-10-10T00:15:00+09:00,J2,310,216,526
2018-10-10T00:15:00+09:00,J3,448,382,830
2018-10-10T00:15:00+09:00,J4,481,426,907
2018-10-10T00:15:00+09:00,J5,127,147,274
2018-10-10T00:30:00+09:00,J1,216,200,416
2018-10-10T00:30:00+09:00,J2,366,188,554
2018-10-10T00:30:00+09:00,J3,265,213,478
2018-10-10T00:30:00+09:00,J4,389,351,740
2018-10-10T00:30:00+09:00,J5,197,168,365
2018-10-10T00:45:00+09:00,J1,280,213,493
2018-10-10T00:45:00+09:00,J2,279,219,498
2018-10-10T00:45:00+09:00,J3,188,234,422
2018-10-10T00:45:00+09:00,J4,359,348,707
2018-10-10T00:45:00+09:00,J5,205,144,349
2018-10-10T05:45:00+09:00,J1,375,418,793
2018-10-10T05:45:00+09:00,J2,238,290,528
2018-10-10T05:45:00+09:00,J3,318,257,575
2018-10-10T05:45:00+09:00,J4,835,802,1637
2018-10-10T05:45:00+09:00,J5,255,246,501
2018-10-10T06:00:00+09:00,J1,353,429,782
2018-10-10T06:00:00+09:00,J2,242,245,487
2018-10-10T06:00:00+09:00,J3,346,293,639
2018-10-10T06:00:00+09:00,J4,832,827,1659
2018-10-10T06:00:00+09:00,J5,205,139,344
2018-10-10T06:15:00+09:00,J1,562,501,1063
2018-10-10T06:15:00+09:00,J2,262,198,460
2018-10-10T06:15:00+09:00,J3,423,449,872
2018-10-10T06:15:00+09:00,J4,1045,1013,2058
2018-10-10T06:15:00+09:00,J5,191,178,369
2018-10-10T06:30:00+09:00,J1,617,568,1185
2018-10-10T06:30:00+09:00,J2,289,220,509
2018-10-10T06:30:00+09:00,J3,443,445,888
2018-10-10T06:30:00+09:00,J4,940,915,1855
2018-10-10T06:30:00+09:00,J5,250,189,439
2018-10-10T06:45:00+09:00,J1,544,548,1092
2018-10-10T06:45:00+09:00,J2,300,192,492
2018-10-10T06:45:00+09:00,J3,457,445,902
2018-10-10T06:45:00+09:00,J4,876,942,1818
2018-10-10T06:45:00+09:00,J5,240,177,417
2018-10-10T07:00:00+09:00,J1,766,694,1460
2018-10-10T07:00:00+09:00,J2,314,210,524
2018-10-10T07:00:00+09:00,J3,403,411,814
2018-10-10T07:00:00+09:00,J4,1067,1067,2134
2018-10-10T07:00:00+09:00,J5,215,156,371
2018-10-10T07:15:00+09:00,J1,829,742,1571
2018-10-10T07:15:00+09:00,J2,389,266,655
2018-10-10T07:15:00+09:00,J3,516,509,1025
2018-10-10T07:15:00+09:00,J4,978,1094,2072
2018-10-10T07:15:00+09:00,J5,287,187,474
2018-10-10T07:30:00+09:00,J1,738,671,1409
2018-10-10T07:30:00+09:00,J2,440,241,681
2018-10-10T07:30:00+09:00,J3,663,717,1380
2018-10-10T07:30:00+09:00,J4,1006,1077,2083
2018-10-10T07:30:00+09:00,J5,239,230,469
2018-10-10T07:45:00+09:00,J1,873,761,1634
2018-10-10T07:45:00+09:00,J2,550,278,828
2018-10-10T07:45:00+09:00,J3,713,777,1490
2018-10-10T07:45:00+09:00,J4,1086,1203,2289
2018-10-10T07:45:00+09:00,J5,307,289,596
2018-10-10T08:00:00+09:00,J1,998,737,1735
2018-10-10T08:00:00+09:00,J2,788,350,1138
2018-10-10T08:00:00+09:00,J3,699,747,1446
2018-10-10T08:00:00+09:00,J4,1047,1315,2362
2018-10-10T08:00:00+09:00,J5,389,273,662
2018-10-10T08:15:00+09:00,J1,1080,738,1818
2018-10-10T08:15:00+09:00,J2,828,404,1232
2018-10-10T08:15:00+09:00,J3,727,882,1609
2018-10-10T08:15:00+09:00,J4,1064,1285,2349
2018-10-10T08:15:00+09:00,J5,439,339,778
2018-10-10T08:30:00+09:00,J1,1162,753,1915
2018-10-10T08:30:00+09:00,J2,853,396,1249
2018-10-10T08:30:00+09:00,J3,795,1014,1809
2018-10-10T08:30:00+09:00,J4,1112,1343,2455
2018-10-10T08:30:00+09:00,J5,450,359,809
2018-10-10T08:45:00+09:00,J1,894,602,1496
2018-10-10T08:45:00+09:00,J2,581,371,952
2018-10-10T08:45:00+09:00,J3,726,774,1500
2018-10-10T08:45:00+09:00,J4,1015,1210,2225
2018-10-10T08:45:00+09:00,J5,354,276,630
2018-10-10T09:00:00+09:00,J1,722,576,1298
2018-10-10T09:00:00+09:00,J2,481,326,807
2018-10-10T09:00:00+09:00,J3,663,565,1228
2018-10-10T09:00:00+09:00,J4,894,946,1840
2018-10-10T09:00:00+09:00,J5,349,186,535
2018-10-10T09:15:00+09:00,J1,683,586,1269
2018-10-10T09:15:00+09:00,J2,448,375,823
2018-10-10T09:15:00+09:00,J3,637,604,1241
2018-10-10T09:15:00+09:00,J4,862,927,1789
2018-10-10T09:15:00+09:00,J5,305,269,574
2018-10-10T09:30:00+09:00,J1,647,613,1260
2018-10-10T09:30:00+09:00,J2,442,365,807
2018-10-10T09:30:00+09:00,J3,645,719,1364
2018-10-10T09:30:00+09:00,J4,839,881,1720
2018-10-10T09:30:00+09:00,J5,269,245,514
2018-10-10T09:45:00+09:00,J1,599,508,1107
2018-10-10T09:45:00+09:00,J2,436,305,741
2018-10-10T09:45:00+09:00,J3,703,673,1376
2018-10-10T09:45:00+09:00,J4,879,850,1729
2018-10-10T09:45:00+09:00,J5,257,240,497
2018-10-10T10:00:00+09:00,J1,529,520,1049
2018-10-10T10:00:00+09:00,J2,371,415,786
2018-10-10T10:00:00+09:00,J3,651,682,1333
2018-10-10T10:00:00+09:00,J4,707,719,1426
2018-10-10T10:00:00+09:00,J5,221,202,423
2018-10-10T10:15:00+09:00,J1,533,465,998
2018-10-10T10:15:00+09:00,J2,421,271,692
2018-10-10T10:15:00+09:00,J3,721,691,1412
2018-10-10T10:15:00+09:00,J4,752,808,1560
2018-10-10T10:15:00+09:00,J5,265,239,504
2018-10-10T10:30:00+09:00,J1,616,577,1193
2018-10-10T10:30:00+09:00,J2,442,361,803
2018-10-10T10:30:00+09:00,J3,610,573,1183
2018-10-10T10:30:00+09:00,J4,788,808,1596
2018-10-10T10:30:00+09:00,J5,259,265,524
2018-10-10T10:45:00+09:00,J1,586,617,1203
2018-10-10T10:45:00+09:00,J2,500,366,866
2018-10-10T10:45:00+09:00,J3,698,692,1390
2018-10-10T10:45:00+09:00,J4,671,693,1364
2018-10-10T10:45:00+09:00,J5,290,215,505
2018-10-10T11:00:00+09:00,J1,636,600,1236
2018-10-10T11:00:00+09:00,J2,490,326,816
2018-10-10T11:00:00+09:00,J3,618,606,1224
2018-10-10T11:00:00+09:00,J4,717,678,1395
2018-10-10T11:00:00+09:00,J5,242,221,463
2018-10-10T11:15:00+09:00,J1,594,668,1262
2018-10-10T11:15:00+09:00,J2,536,357,893
2018-10-10T11:15:00+09:00,J3,567,537,1104
2018-10-10T11:15:00+09:00,J4,641,758,1399
2018-10-10T11:15:00+09:00,J5,263,240,503
2018-10-10T11:30:00+09:00,J1,592,634,1226
2018-10-10T11:30:00+09:00,J2,497,333,830
2018-10-10T11:30:00+09:00,J3,567,599,1166
2018-10-10T11:30:00+09:00,J4,676,798,1474
2018-10-10T11:30:00+09:00,J5,208,269,477
2018-10-10T11:45:00+09:00,J1,613,597,1210
2018-10-10T11:45:00+09:00,J2,547,404,951
2018-10-10T11:45:00+09:00,J3,635,635,1270
2018-10-10T11:45:00+09:00,J4,685,693,1378
2018-10-10T11:45:00+09:00,J5,232,281,513
2018-10-10T12:00:00+09:00,J1,697,783,1480
2018-10-10T12:00:00+09:00,J2,616,461,1077
2018-10-10T12:00:00+09:00,J3,677,660,1337
2018-10-10T12:00:00+09:00,J4,742,738,1480
2018-10-10T12:00:00+09:00,J5,251,324,575
2018-10-10T12:15:00+09:00,J1,564,672,1236
2018-10-10T12:15:00+09:00,J2,624,554,1178
2018-10-10T12:15:00+09:00,J3,629,594,1223
2018-10-10T12:15:00+09:00,J4,656,641,1297
2018-10-10T12:15:00+09:00,J5,230,321,551
2018-10-10T12:30:00+09:00,J1,672,752,1424
2018-10-10T12:30:00+09:00,J2,652,420,1072
2018-10-10T12:30:00+09:00,J3,558,655,1213
2018-10-10T12:30:00+09:00,J4,773,809,1582
2018-10-10T12:30:00+09:00,J5,279,263,542
2018-10-10T12:45:00+09:00,J1,607,692,1299
2018-10-10T12:45:00+09:00,J2,660,405,1065
2018-10-10T12:45:00+09:00,J3,611,593,1204
2018-10-10T12:45:00+09:00,J4,831,851,1682
2018-10-10T12:45:00+09:00,J5,292,314,606
2018-10-10T13:00:00+09:00,J1,623,697,1320
2018-10-10T13:00:00+09:00,J2,590,423,1013
2018-10-10T13:00:00+09:00,J3,549,623,1172
2018-10-10T13:00:00+09:00,J4,626,674,1300
2018-10-10T13:00:00+09:00,J5,233,300,533
2018-10-10T13:15:00+09:00,J1,602,762,1364
2018-10-10T13:15:00+09:00,J2,685,455,1140
2018-10-10T13:15:00+09:00,J3,638,605,1243
2018-10-10T13:15:00+09:00,J4,698,701,1399
2018-10-10T13:15:00+09:00,J5,257,272,529
2018-10-10T13:30:00+09:00,J1,625,759,1384
2018-10-10T13:30:00+09:00,J2,671,473,1144
2018-10-10T13:30:00+09:00,J3,557,596,1153
2018-10-10T13:30:00+09:00,J4,631,753,1384
2018-10-10T13:30:00+09:00,J5,234,270,504
2018-10-10T13:45:00+09:00,J1,583,667,1250
2018-10-10T13:45:00+09:00,J2,570,417,987
2018-10-10T13:45:00+09:00,J3,554,574,1128
2018-10-10T13:45:00+09:00,J4,793,881,1674
2018-10-10T13:45:00+09:00,J5,231,262,493
2018-10-10T14:00:00+09:00,J1,664,715,1379
2018-10-10T14:00:00+09:00,J2,589,459,1048
2018-10-10T14:00:00+09:00,J3,591,557,1148
2018-10-10T14:00:00+09:00,J4,646,687,1333
2018-10-10T14:00:00+09:00,J5,242,252,494
2018-10-10T14:15:00+09:00,J1,655,711,1366
2018-10-10T14:15:00+09:00,J2,646,472,1118
2018-10-10T14:15:00+09:00,J3,586,617,1203
2018-10-10T14:15:00+09:00,J4,559,591,1150
2018-10-10T14:15:00+09:00,J5,281,286,567
2018-10-10T14:30:00+09:00,J1,594,673,1267
2018-10-10T14:30:00+09:00,J2,589,441,1030
2018-10-10T14:30:00+09:00,J3,608,596,1204
2018-10-10T14:30:00+09:00,J4,655,657,1312
2018-10-10T14:30:00+09:00,J5,233,258,491
2018-10-10T14:45:00+09:00,J1,616,706,1322
2018-10-10T14:45:00+09:00,J2,585,433,1018
2018-10-10T14:45:00+09:00,J3,518,580,1098
2018-10-10T14:45:00+09:00,J4,553,558,1111
2018-10-10T14:45:00+09:00,J5,237,284,521
2018-10-10T15:00:00+09:00,J1,595,814,1409
2018-10-10T15:00:00+09:00,J2,580,493,1073
2018-10-10T15:00:00+09:00,J3,589,551,1140
2018-10-10T15:00:00+09:00,J4,567,605,1172
2018-10-10T15:00:00+09:00,J5,223,243,466
2018-10-10T15:15:00+09:00,J1,655,754,1409
2018-10-10T15:15:00+09:00,J2,659,580,1239
2018-10-10T15:15:00+09:00,J3,600,524,1124
2018-10-10T15:15:00+09:00,J4,621,574,1195
2018-10-10T15:15:00+09:00,J5,204,224,428
2018-10-10T15:30:00+09:00,J1,666,715,1381
2018-10-10T15:30:00+09:00,J2,580,503,1083
2018-10-10T15:30:00+09:00,J3,568,533,1101
2018-10-10T15:30:00+09:00,J4,568,550,1118
2018-10-10T15:30:00+09:00,J5,200,256,456
2018-10-10T15:45:00+09:00,J1,616,704,1320
2018-10-10T15:45:00+09:00,J2,598,480,1078
2018-10-10T15:45:00+09:00,J3,575,609,1184
2018-10-10T15:45:00+09:00,J4,588,540,1128
2018-10-10T15:45:00+09:00,J5,225,301,526
2018-10-10T16:00:00+09:00,J1,675,759,1434
2018-10-10T16:00:00+09:00,J2,642,529,1171
2018-10-10T16:00:00+09:00,J3,641,557,1198
2018-10-10T16:00:00+09:00,J4,590,568,1158
2018-10-10T16:00:00+09:00,J5,243,276,519
2018-10-10T16:15:00+09:00,J1,659,782,1441
2018-10-10T16:15:00+09:00,J2,597,547,1144
2018-10-10T16:15:00+09:00,J3,570,617,1187
2018-10-10T16:15:00+09:00,J4,634,602,1236
2018-10-10T16:15:00+09:00,J5,221,250,471
2018-10-10T16:30:00+09:00,J1,611,734,1345
2018-10-10T16:30:00+09:00,J2,602,507,1109
2018-10-10T16:30:00+09:00,J3,594,580,1174
2018-10-10T16:30:00+09:00,J4,622,629,1251
2018-10-10T16:30:00+09:00,J5,246,278,524
2018-10-10T16:45:00+09:00,J1,624,749,1373
2018-10-10T16:45:00+09:00,J2,697,530,1227
2018-10-10T16:45:00+09:00,J3,610,620,1230
2018-10-10T16:45:00+09:00,J4,538,547,1085
2018-10-10T16:45:00+09:00,J5,197,242,439
2018-10-10T17:00:00+09:00,J1,636,730,1366
2018-10-10T17:00:00+09:00,J2,716,621,1337
2018-10-10T17:00:00+09:00,J3,648,590,1238
2018-10-10T17:00:00+09:00,J4,650,534,1184
2018-10-10T17:00:00+09:00,J5,237,294,531
2018-10-10T17:15:00+09:00,J1,714,807,1521
2018-10-10T17:15:00+09:00,J2,737,737,1474
2018-10-10T17:15:00+09:00,J3,710,659,1369
2018-10-10T17:15:00+09:00,J4,728,606,1334
2018-10-10T17:15:00+09:00,J5,248,335,583
2018-10-10T17:30:00+09:00,J1,727,960,1687
2018-10-10T17:30:00+09:00,J2,712,827,1539
2018-10-10T17:30:00+09:00,J3,713,707,1420
2018-10-10T17:30:00+09:00,J4,828,653,1481
2018-10-10T17:30:00+09:00,J5,298,438,736
2018-10-10T17:45:00+09:00,J1,758,954,1712
2018-10-10T17:45:00+09:00,J2,705,745,1450
2018-10-10T17:45:00+09:00,J3,708,657,1365
2018-10-10T17:45:00+09:00,J4,774,656,1430
2018-10-10T17:45:00+09:00,J5,289,380,669
2018-10-10T18:00:00+09:00,J1,775,953,1728
2018-10-10T18:00:00+09:00,J2,763,729,1492
2018-10-10T18:00:00+09:00,J3,780,680,1460
2018-10-10T18:00:00+09:00,J4,788,599,1387
2018-10-10T18:00:00+09:00,J5,323,386,709
2018-10-10T18:15:00+09:00,J1,778,973,1751
2018-10-10T18:15:00+09:00,J2,785,805,1590
2018-10-10T18:15:00+09:00,J3,671,605,1276
2018-10-10T18:15:00+09:00,J4,780,513,1293
2018-10-10T18:15:00+09:00,J5,318,424,742
2018-10-10T18:30:00+09:00,J1,719,904,1623
2018-10-10T18:30:00+09:00,J2,705,691,1396
2018-10-10T18:30:00+09:00,J3,611,528,1139
2018-10-10T18:30:00+09:00,J4,667,455,1122
2018-10-10T18:30:00+09:00,J5,307,342,649
2018-10-10T18:45:00+09:00,J1,636,798,1434
2018-10-10T18:45:00+09:00,J2,663,661,1324
2018-10-10T18:45:00+09:00,J3,590,536,1126
2018-10-10T18:45:00+09:00,J4,722,553,1275
2018-10-10T18:45:00+09:00,J5,339,301,640
2018-10-10T19:00:00+09:00,J1,611,738,1349
2018-10-10T19:00:00+09:00,J2,573,632,1205
2018-10-10T19:00:00+09:00,J3,643,561,1204
2018-10-10T19:00:00+09:00,J4,709,622,1331
2018-10-10T19:00:00+09:00,J5,418,387,805
2018-10-10T19:15:00+09:00,J1,711,887,1598
2018-10-10T19:15:00+09:00,J2,582,620,1202
2018-10-10T19:15:00+09:00,J3,677,586,1263
2018-10-10T19:15:00+09:00,J4,653,484,1137
2018-10-10T19:15:00+09:00,J5,404,382,786
2018-10-10T19:30:00+09:00,J1,615,779,1394
2018-10-10T19:30:00+09:00,J2,578,601,1179
2018-10-10T19:30:00+09:00,J3,604,532,1136
2018-10-10T19:30:00+09:00,J4,554,509,1063
2018-10-10T19:30:00+09:00,J5,373,373,746
2018-10-10T19:45:00+09:00,J1,584,671,1255
2018-10-10T19:45:00+09:00,J2,543,611,1154
2018-10-10T19:45:00+09:00,J3,645,523,1168
2018-10-10T19:45:00+09:00,J4,586,605,1191
2018-10-10T19:45:00+09:00,J5,317,294,611
2018-10-10T20:00:00+09:00,J1,560,702,1262
2018-10-10T20:00:00+09:00,J2,512,603,1115
2018-10-10T20:00:00+09:00,J3,619,538,1157
2018-10-10T20:00:00+09:00,J4,616,539,1155
2018-10-10T20:00:00+09:00,J5,437,415,852
2018-10-10T20:15:00+09:00,J1,637,703,1340
2018-10-10T20:15:00+09:00,J2,507,573,1080
2018-10-10T20:15:00+09:00,J3,603,577,1180
2018-10-10T20:15:00+09:00,J4,611,494,1105
2018-10-10T20:15:00+09:00,J5,403,402,805
2018-10-10T20:30:00+09:00,J1,643,752,1395
2018-10-10T20:30:00+09:00,J2,562,570,1132
2018-10-10T20:30:00+09:00,J3,730,626,1356
2018-10-10T20:30:00+09:00,J4,600,481,1081
2018-10-10T20:30:00+09:00,J5,331,290,621
2018-10-10T20:45:00+09:00,J1,715,706,1421
2018-10-10T20:45:00+09:00,J2,521,461,982
2018-10-10T20:45:00+09:00,J3,692,710,1402
2018-10-10T20:45:00+09:00,J4,748,687,1435
2018-10-10T20:45:00+09:00,J5,273,306,579
2018-10-10T21:00:00+09:00,J1,723,757,1480
2018-10-10T21:00:00+09:00,J2,539,530,1069
2018-10-10T21:00:00+09:00,J3,541,544,1085
2018-10-10T21:00:00+09:00,J4,577,585,1162
2018-10-10T21:00:00+09:00,J5,204,257,461
2018-10-10T21:15:00+09:00,J1,775,842,1617
2018-10-10T21:15:00+09:00,J2,559,596,1155
2018-10-10T21:15:00+09:00,J3,659,506,1165
2018-10-10T21:15:00+09:00,J4,583,432,1015
2018-10-10T21:15:00+09:00,J5,320,275,595
2018-10-10T21:30:00+09:00,J1,808,831,1639
2018-10-10T21:30:00+09:00,J2,466,370,836
2018-10-10T21:30:00+09:00,J3,594,551,1145
2018-10-10T21:30:00+09:00,J4,421,332,753
2018-10-10T21:30:00+09:00,J5,271,270,541
2018-10-10T21:45:00+09:00,J1,772,854,1626
2018-10-10T21:45:00+09:00,J2,321,373,694
2018-10-10T21:45:00+09:00,J3,647,587,1234
2018-10-10T21:45:00+09:00,J4,478,388,866
2018-10-10T21:45:00+09:00,J5,220,236,456
2018-10-10T22:00:00+09:00,J1,765,887,1652
2018-10-10T22:00:00+09:00,J2,361,321,682
2018-10-10T22:00:00+09:00,J3,641,556,1197
2018-10-10T22:00:00+09:00,J4,535,540,1075
2018-10-10T22:00:00+09:00,J5,176,197,373
2018-10-10T22:15:00+09:00,J1,574,651,1225
2018-10-10T22:15:00+09:00,J2,340,296,636
2018-10-10T22:15:00+09:00,J3,600,488,1088
2018-10-10T22:15:00+09:00,J4,553,531,1084
2018-10-10T22:15:00+09:00,J5,196,167,363
2018-10-10T22:30:00+09:00,J1,478,532,1010
2018-10-10T22:30:00+09:00,J2,362,371,733
2018-10-10T22:30:00+09:00,J3,480,409,889
2018-10-10T22:30:00+09:00,J4,620,634,1254
2018-10-10T22:30:00+09:00,J5,290,318,608
2018-10-10T22:45:00+09:00,J1,431,452,883
2018-10-10T22:45:00+09:00,J2,479,349,828
2018-10-10T22:45:00+09:00,J3,333,343,676
2018-10-10T22:45:00+09:00,J4,436,432,868
2018-10-10T22:45:00+09:00,J5,290,286,576
2018-10-10T23:00:00+09:00,J1,373,438,811
2018-10-10T23:00:00+09:00,J2,438,396,834
2018-10-10T23:00:00+09:00,J3,270,251,521
2018-10-10T23:00:00+09:00,J4,461,476,937
2018-10-10T23:00:00+09:00,J5,317,305,622
2018-10-10T23:15:00+09:00,J1,339,401,740
2018-10-10T23:15:00+09:00,J2,447,384,831
2018-10-10T23:15:00+09:00,J3,262,198,460
2018-10-10T23:15:00+09:00,J4,462,448,910
2018-10-10T23:15:00+09:00,J5,263,314,577
2018-10-10T23:30:00+09:00,J1,324,363,687
2018-10-10T23:30:00+09:00,J2,408,373,781
2018-10-10T23:30:00+09:00,J3,292,262,554
2018-10-10T23:30:00+09:00,J4,494,445,939
2018-10-10T23:30:00+09:00,J5,244,252,496
2018-10-10T23:45:00+09:00,J1,292,367,659
2018-10-10T23:45:00+09:00,J2,371,313,684
2018-10-10T23:45:00+09:00,J3,263,224,487
2018-10-10T23:45:00+09:00,J4,397,357,754
2018-10-10T23:45:00+09:00,J5,239,347,586
2018-10-11T00:00:00+09:00,J1,297,327,624
2018-10-11T00:00:00+09:00,J2,367,288,655
2018-10-11T00:00:00+09:00,J3,202,176,378
2018-10-11T00:00:00+09:00,J4,650,674,1324
2018-10-11T00:00:00+09:00,J5,275,324,599
2018-10-11T00:15:00+09:00,J1,155,251,406
2018-10-11T00:15:00+09:00,J2,348,221,569
2018-10-11T00:15:00+09:00,J3,425,352,777
2018-10-11T00:15:00+09:00,J4,290,277,567
2018-10-11T00:15:00+09:00,J5,188,202,390
2018-10-11T00:30:00+09:00,J1,154,225,379
2018-10-11T00:30:00+09:00,J2,241,196,437
2018-10-11T00:30:00+09:00,J3,305,317,622
2018-10-11T00:30:00+09:00,J4,246,294,540
2018-10-11T00:30:00+09:00,J5,188,191,379
2018-10-11T00:45:00+09:00,J1,199,238,437
2018-10-11T00:45:00+09:00,J2,194,159,353
2018-10-11T00:45:00+09:00,J3,160,175,335
2018-10-11T00:45:00+09:00,J4,257,312,569
2018-10-11T00:45:00+09:00,J5,237,173,410
2018-10-11T05:45:00+09:00,J1,147,252,399
2018-10-11T05:45:00+09:00,J2,219,203,422
2018-10-11T05:45:00+09:00,J3,453,405,858
2018-10-11T05:45:00+09:00,J4,362,311,673
2018-10-11T05:45:00+09:00,J5,200,205,405
2018-10-11T06:00:00+09:00,J1,188,258,446
2018-10-11T06:00:00+09:00,J2,252,211,463
2018-10-11T06:00:00+09:00,J3,361,411,772
2018-10-11T06:00:00+09:00,J4,292,297,589
2018-10-11T06:00:00+09:00,J5,254,275,529
2018-10-11T06:15:00+09:00,J1,288,323,611
2018-10-11T06:15:00+09:00,J2,373,291,664
2018-10-11T06:15:00+09:00,J3,549,435,984
2018-10-11T06:15:00+09:00,J4,317,367,684
2018-10-11T06:15:00+09:00,J5,253,235,488
2018-10-11T06:30:00+09:00,J1,269,282,551
2018-10-11T06:30:00+09:00,J2,337,229,566
2018-10-11T06:30:00+09:00,J3,516,500,1016
2018-10-11T06:30:00+09:00,J4,382,400,782
2018-10-11T06:30:00+09:00,J5,213,192,405
2018-10-11T06:45:00+09:00,J1,302,275,577
2018-10-11T06:45:00+09:00,J2,364,232,596
2018-10-11T06:45:00+09:00,J3,500,422,922
2018-10-11T06:45:00+09:00,J4,418,460,878
2018-10-11T06:45:00+09:00,J5,235,199,434
2018-10-11T07:00:00+09:00,J1,463,415,878
2018-10-11T07:00:00+09:00,J2,383,291,674
2018-10-11T07:00:00+09:00,J3,478,370,848
2018-10-11T07:00:00+09:00,J4,456,486,942
2018-10-11T07:00:00+09:00,J5,247,250,497
2018-10-11T07:15:00+09:00,J1,702,551,1253
2018-10-11T07:15:00+09:00,J2,484,374,858
2018-10-11T07:15:00+09:00,J3,602,572,1174
2018-10-11T07:15:00+09:00,J4,374,387,761
2018-10-11T07:15:00+09:00,J5,258,217,475
2018-10-11T07:30:00+09:00,J1,706,601,1307
2018-10-11T07:30:00+09:00,J2,564,480,1044
2018-10-11T07:30:00+09:00,J3,493,478,971
2018-10-11T07:30:00+09:00,J4,427,490,917
2018-10-11T07:30:00+09:00,J5,287,226,513
2018-10-11T07:45:00+09:00,J1,714,563,1277
2018-10-11T07:45:00+09:00,J2,678,587,1265
2018-10-11T07:45:00+09:00,J3,589,609,1198
2018-10-11T07:45:00+09:00,J4,507,672,1179
2018-10-11T07:45:00+09:00,J5,348,298,646
2018-10-11T08:00:00+09:00,J1,836,616,1452
2018-10-11T08:00:00+09:00,J2,770,565,1335
2018-10-11T08:00:00+09:00,J3,759,849,1608
2018-10-11T08:00:00+09:00,J4,544,744,1288
2018-10-11T08:00:00+09:00,J5,445,328,773
2018-10-11T08:15:00+09:00,J1,1050,672,1722
2018-10-11T08:15:00+09:00,J2,937,549,1486
2018-10-11T08:15:00+09:00,J3,665,826,1491
2018-10-11T08:15:00+09:00,J4,674,1067,1741
2018-10-11T08:15:00+09:00,J5,472,571,1043
2018-10-11T08:30:00+09:00,J1,1052,718,1770
2018-10-11T08:30:00+09:00,J2,932,527,1459
2018-10-11T08:30:00+09:00,J3,570,780,1350
2018-10-11T08:30:00+09:00,J4,713,1099,1812
2018-10-11T08:30:00+09:00,J5,565,553,1118
2018-10-11T08:45:00+09:00,J1,684,564,1248
2018-10-11T08:45:00+09:00,J2,710,451,1161
2018-10-11T08:45:00+09:00,J3,456,578,1034
2018-10-11T08:45:00+09:00,J4,683,901,1584
2018-10-11T08:45:00+09:00,J5,446,459,905
2018-10-11T09:00:00+09:00,J1,601,488,1089
2018-10-11T09:00:00+09:00,J2,666,447,1113
2018-10-11T09:00:00+09:00,J3,446,448,894
2018-10-11T09:00:00+09:00,J4,568,704,1272
2018-10-11T09:00:00+09:00,J5,371,429,800
2018-10-11T09:15:00+09:00,J1,561,498,1059
2018-10-11T09:15:00+09:00,J2,606,441,1047
2018-10-11T09:15:00+09:00,J3,380,359,739
2018-10-11T09:15:00+09:00,J4,646,777,1423
2018-10-11T09:15:00+09:00,J5,416,437,853
2018-10-11T09:30:00+09:00,J1,554,483,1037
2018-10-11T09:30:00+09:00,J2,555,408,963
2018-10-11T09:30:00+09:00,J3,370,425,795
2018-10-11T09:30:00+09:00,J4,650,773,1423
2018-10-11T09:30:00+09:00,J5,373,450,823
2018-10-11T09:45:00+09:00,J1,446,431,877
2018-10-11T09:45:00+09:00,J2,516,381,897
2018-10-11T09:45:00+09:00,J3,306,341,647
2018-10-11T09:45:00+09:00,J4,579,696,1275
2018-10-11T09:45:00+09:00,J5,342,344,686
2018-10-11T10:00:00+09:00,J1,404,366,770
2018-10-11T10:00:00+09:00,J2,367,367,734
2018-10-11T10:00:00+09:00,J3,268,313,581
2018-10-11T10:00:00+09:00,J4,613,584,1197
2018-10-11T10:00:00+09:00,J5,327,452,779
2018-10-11T10:15:00+09:00,J1,462,419,881
2018-10-11T10:15:00+09:00,J2,457,364,821
2018-10-11T10:15:00+09:00,J3,254,282,536
2018-10-11T10:15:00+09:00,J4,614,671,1285
2018-10-11T10:15:00+09:00,J5,314,360,674
2018-10-11T10:30:00+09:00,J1,483,453,936
2018-10-11T10:30:00+09:00,J2,391,318,709
2018-10-11T10:30:00+09:00,J3,246,306,552
2018-10-11T10:30:00+09:00,J4,624,667,1291
2018-10-11T10:30:00+09:00,J5,262,267,529
2018-10-11T10:45:00+09:00,J1,504,548,1052
2018-10-11T10:45:00+09:00,J2,391,327,718
2018-10-11T10:45:00+09:00,J3,305,327,632
2018-10-11T10:45:00+09:00,J4,583,603,1186
2018-10-11T10:45:00+09:00,J5,329,345,674
2018-10-11T11:00:00+09:00,J1,416,526,942
2018-10-11T11:00:00+09:00,J2,376,367,743
2018-10-11T11:00:00+09:00,J3,295,317,612
2018-10-11T11:00:00+09:00,J4,578,599,1177
2018-10-11T11:00:00+09:00,J5,314,320,634
2018-10-11T11:15:00+09:00,J1,424,475,899
2018-10-11T11:15:00+09:00,J2,362,345,707
2018-10-11T11:15:00+09:00,J3,364,382,746
2018-10-11T11:15:00+09:00,J4,693,602,1295
2018-10-11T11:15:00+09:00,J5,324,344,668
2018-10-11T11:30:00+09:00,J1,572,464,1036
2018-10-11T11:30:00+09:00,J2,375,363,738
2018-10-11T11:30:00+09:00,J3,405,387,792
2018-10-11T11:30:00+09:00,J4,613,617,1230
2018-10-11T11:30:00+09:00,J5,378,366,744
2018-10-11T11:45:00+09:00,J1,484,425,909
2018-10-11T11:45:00+09:00,J2,373,363,736
2018-10-11T11:45:00+09:00,J3,470,386,856
2018-10-11T11:45:00+09:00,J4,612,669,1281
2018-10-11T11:45:00+09:00,J5,411,427,838
2018-10-11T12:00:00+09:00,J1,602,588,1190
2018-10-11T12:00:00+09:00,J2,348,378,726
2018-10-11T12:00:00+09:00,J3,588,460,1048
2018-10-11T12:00:00+09:00,J4,730,697,1427
2018-10-11T12:00:00+09:00,J5,438,475,913
2018-10-11T12:15:00+09:00,J1,560,621,1181
2018-10-11T12:15:00+09:00,J2,374,337,711
2018-10-11T12:15:00+09:00,J3,580,493,1073
2018-10-11T12:15:00+09:00,J4,752,714,1466
2018-10-11T12:15:00+09:00,J5,383,433,816
2018-10-11T12:30:00+09:00,J1,536,618,1154
2018-10-11T12:30:00+09:00,J2,407,439,846
2018-10-11T12:30:00+09:00,J3,570,512,1082
2018-10-11T12:30:00+09:00,J4,712,736,1448
2018-10-11T12:30:00+09:00,J5,391,486,877
2018-10-11T12:45:00+09:00,J1,505,562,1067
2018-10-11T12:45:00+09:00,J2,397,357,754
2018-10-11T12:45:00+09:00,J3,561,509,1070
2018-10-11T12:45:00+09:00,J4,600,700,1300
2018-10-11T12:45:00+09:00,J5,346,449,795
2018-10-11T13:00:00+09:00,J1,502,579,1081
2018-10-11T13:00:00+09:00,J2,335,386,721
2018-10-11T13:00:00+09:00,J3,540,433,973
2018-10-11T13:00:00+09:00,J4,606,664,1270
2018-10-11T13:00:00+09:00,J5,357,408,765
2018-10-11T13:15:00+09:00,J1,596,602,1198
2018-10-11T13:15:00+09:00,J2,367,378,745
2018-10-11T13:15:00+09:00,J3,501,442,943
2018-10-11T13:15:00+09:00,J4,715,709,1424
2018-10-11T13:15:00+09:00,J5,365,491,856
2018-10-11T13:30:00+09:00,J1,584,659,1243
2018-10-11T13:30:00+09:00,J2,399,379,778
2018-10-11T13:30:00+09:00,J3,495,461,956
2018-10-11T13:30:00+09:00,J4,638,636,1274
2018-10-11T13:30:00+09:00,J5,345,410,755
2018-10-11T13:45:00+09:00,J1,590,681,1271
2018-10-11T13:45:00+09:00,J2,384,336,720
2018-10-11T13:45:00+09:00,J3,443,443,886
2018-10-11T13:45:00+09:00,J4,611,702,1313
2018-10-11T13:45:00+09:00,J5,348,418,766
2018-10-11T14:00:00+09:00,J1,583,585,1168
2018-10-11T14:00:00+09:00,J2,331,331,662
2018-10-11T14:00:00+09:00,J3,433,456,889
2018-10-11T14:00:00+09:00,J4,642,572,1214
2018-10-11T14:00:00+09:00,J5,390,446,836
2018-10-11T14:15:00+09:00,J1,532,668,1200
2018-10-11T14:15:00+09:00,J2,382,444,826
2018-10-11T14:15:00+09:00,J3,439,412,851
2018-10-11T14:15:00+09:00,J4,708,685,1393
2018-10-11T14:15:00+09:00,J5,356,521,877
2018-10-11T14:30:00+09:00,J1,564,714,1278
2018-10-11T14:30:00+09:00,J2,392,399,791
2018-10-11T14:30:00+09:00,J3,477,439,916
2018-10-11T14:30:00+09:00,J4,675,652,1327
2018-10-11T14:30:00+09:00,J5,306,421,727
2018-10-11T14:45:00+09:00,J1,531,569,1100
2018-10-11T14:45:00+09:00,J2,359,357,716
2018-10-11T14:45:00+09:00,J3,463,425,888
2018-10-11T14:45:00+09:00,J4,648,662,1310
2018-10-11T14:45:00+09:00,J5,315,408,723
2018-10-11T15:00:00+09:00,J1,540,639,1179
2018-10-11T15:00:00+09:00,J2,381,392,773
2018-10-11T15:00:00+09:00,J3,492,489,981
2018-10-11T15:00:00+09:00,J4,658,653,1311
2018-10-11T15:00:00+09:00,J5,336,456,792
2018-10-11T15:15:00+09:00,J1,524,660,1184
2018-10-11T15:15:00+09:00,J2,340,389,729
2018-10-11T15:15:00+09:00,J3,475,410,885
2018-10-11T15:15:00+09:00,J4,663,664,1327
2018-10-11T15:15:00+09:00,J5,366,415,781
2018-10-11T15:30:00+09:00,J1,581,702,1283
2018-10-11T15:30:00+09:00,J2,323,407,730
2018-10-11T15:30:00+09:00,J3,435,445,880
2018-10-11T15:30:00+09:00,J4,687,662,1349
2018-10-11T15:30:00+09:00,J5,362,432,794
2018-10-11T15:45:00+09:00,J1,569,641,1210
2018-10-11T15:45:00+09:00,J2,337,387,724
2018-10-11T15:45:00+09:00,J3,418,437,855
2018-10-11T15:45:00+09:00,J4,648,631,1279
2018-10-11T15:45:00+09:00,J5,297,389,686
2018-10-11T16:00:00+09:00,J1,596,721,1317
2018-10-11T16:00:00+09:00,J2,355,375,730
2018-10-11T16:00:00+09:00,J3,384,422,806
2018-10-11T16:00:00+09:00,J4,644,707,1351
2018-10-11T16:00:00+09:00,J5,291,344,635
2018-10-11T16:15:00+09:00,J1,575,749,1324
2018-10-11T16:15:00+09:00,J2,395,374,769
2018-10-11T16:15:00+09:00,J3,451,449,900
2018-10-11T16:15:00+09:00,J4,744,743,1487
2018-10-11T16:15:00+09:00,J5,344,403,747
2018-10-11T16:30:00+09:00,J1,561,685,1246
2018-10-11T16:30:00+09:00,J2,442,407,849
2018-10-11T16:30:00+09:00,J3,429,399,828
2018-10-11T16:30:00+09:00,J4,668,640,1308
2018-10-11T16:30:00+09:00,J5,314,399,713
2018-10-11T16:45:00+09:00,J1,555,666,1221
2018-10-11T16:45:00+09:00,J2,405,372,777
2018-10-11T16:45:00+09:00,J3,509,445,954
2018-10-11T16:45:00+09:00,J4,647,603,1250
2018-10-11T16:45:00+09:00,J5,322,394,716
2018-10-11T17:00:00+09:00,J1,570,737,1307
2018-10-11T17:00:00+09:00,J2,486,453,939
2018-10-11T17:00:00+09:00,J3,563,446,1009
2018-10-11T17:00:00+09:00,J4,675,650,1325
2018-10-11T17:00:00+09:00,J5,348,385,733
2018-10-11T17:15:00+09:00,J1,622,831,1453
2018-10-11T17:15:00+09:00,J2,486,527,1013
2018-10-11T17:15:00+09:00,J3,549,499,1048
2018-10-11T17:15:00+09:00,J4,763,646,1409
2018-10-11T17:15:00+09:00,J5,383,436,819
2018-10-11T17:30:00+09:00,J1,683,821,1504
2018-10-11T17:30:00+09:00,J2,452,495,947
2018-10-11T17:30:00+09:00,J3,556,553,1109
2018-10-11T17:30:00+09:00,J4,859,635,1494
2018-10-11T17:30:00+09:00,J5,324,445,769
2018-10-11T17:45:00+09:00,J1,708,792,1500
2018-10-11T17:45:00+09:00,J2,456,490,946
2018-10-11T17:45:00+09:00,J3,514,532,1046
2018-10-11T17:45:00+09:00,J4,906,706,1612
2018-10-11T17:45:00+09:00,J5,314,425,739
2018-10-11T18:00:00+09:00,J1,684,847,1531
2018-10-11T18:00:00+09:00,J2,508,538,1046
2018-10-11T18:00:00+09:00,J3,621,587,1208
2018-10-11T18:00:00+09:00,J4,929,786,1715
2018-10-11T18:00:00+09:00,J5,351,559,910
2018-10-11T18:15:00+09:00,J1,691,824,1515
2018-10-11T18:15:00+09:00,J2,499,556,1055
2018-10-11T18:15:00+09:00,J3,579,563,1142
2018-10-11T18:15:00+09:00,J4,930,755,1685
2018-10-11T18:15:00+09:00,J5,412,526,938
2018-10-11T18:30:00+09:00,J1,694,871,1565
2018-10-11T18:30:00+09:00,J2,436,515,951
2018-10-11T18:30:00+09:00,J3,528,509,1037
2018-10-11T18:30:00+09:00,J4,914,720,1634
2018-10-11T18:30:00+09:00,J5,399,490,889
2018-10-11T18:45:00+09:00,J1,564,758,1322
2018-10-11T18:45:00+09:00,J2,388,457,845
2018-10-11T18:45:00+09:00,J3,463,388,851
2018-10-11T18:45:00+09:00,J4,923,724,1647
2018-10-11T18:45:00+09:00,J5,426,519,945
2018-10-11T19:00:00+09:00,J1,580,824,1404
2018-10-11T19:00:00+09:00,J2,396,430,826
2018-10-11T19:00:00+09:00,J3,464,460,924
2018-10-11T19:00:00+09:00,J4,895,797,1692
2018-10-11T19:00:00+09:00,J5,377,451,828
2018-10-11T19:15:00+09:00,J1,719,874,1593
2018-10-11T19:15:00+09:00,J2,421,522,943
2018-10-11T19:15:00+09:00,J3,505,460,965
2018-10-11T19:15:00+09:00,J4,861,658,1519
2018-10-11T19:15:00+09:00,J5,368,463,831
2018-10-11T19:30:00+09:00,J1,601,864,1465
2018-10-11T19:30:00+09:00,J2,345,382,727
2018-10-11T19:30:00+09:00,J3,445,414,859
2018-10-11T19:30:00+09:00,J4,640,528,1168
2018-10-11T19:30:00+09:00,J5,361,387,748
2018-10-11T19:45:00+09:00,J1,705,877,1582
2018-10-11T19:45:00+09:00,J2,351,413,764
2018-10-11T19:45:00+09:00,J3,430,409,839
2018-10-11T19:45:00+09:00,J4,675,589,1264
2018-10-11T19:45:00+09:00,J5,343,338,681
2018-10-11T20:00:00+09:00,J1,707,930,1637
2018-10-11T20:00:00+09:00,J2,311,408,719
2018-10-11T20:00:00+09:00,J3,455,441,896
2018-10-11T20:00:00+09:00,J4,717,670,1387
2018-10-11T20:00:00+09:00,J5,335,311,646
2018-10-11T20:15:00+09:00,J1,774,909,1683
2018-10-11T20:15:00+09:00,J2,386,437,823
2018-10-11T20:15:00+09:00,J3,525,449,974
2018-10-11T20:15:00+09:00,J4,677,725,1402
2018-10-11T20:15:00+09:00,J5,294,346,640
2018-10-11T20:30:00+09:00,J1,703,899,1602
2018-10-11T20:30:00+09:00,J2,434,470,904
2018-10-11T20:30:00+09:00,J3,504,450,954
2018-10-11T20:30:00+09:00,J4,830,712,1542
2018-10-11T20:30:00+09:00,J5,301,316,617
2018-10-11T20:45:00+09:00,J1,752,872,1624
2018-10-11T20:45:00+09:00,J2,457,464,921
2018-10-11T20:45:00+09:00,J3,570,466,1036
2018-10-11T20:45:00+09:00,J4,872,816,1688
2018-10-11T20:45:00+09:00,J5,286,294,580
2018-10-11T21:00:00+09:00,J1,746,924,1670
2018-10-11T21:00:00+09:00,J2,402,355,757
2018-10-11T21:00:00+09:00,J3,509,416,925
2018-10-11T21:00:00+09:00,J4,1005,949,1954
2018-10-11T21:00:00+09:00,J5,309,337,646
2018-10-11T21:15:00+09:00,J1,747,824,1571
2018-10-11T21:15:00+09:00,J2,395,353,748
2018-10-11T21:15:00+09:00,J3,487,398,885
2018-10-11T21:15:00+09:00,J4,962,909,1871
2018-10-11T21:15:00+09:00,J5,324,317,641
2018-10-11T21:30:00+09:00,J1,628,799,1427
2018-10-11T21:30:00+09:00,J2,407,405,812
2018-10-11T21:30:00+09:00,J3,438,438,876
2018-10-11T21:30:00+09:00,J4,1029,864,1893
2018-10-11T21:30:00+09:00,J5,389,372,761
2018-10-11T21:45:00+09:00,J1,665,692,1357
2018-10-11T21:45:00+09:00,J2,407,407,814
2018-10-11T21:45:00+09:00,J3,410,391,801
2018-10-11T21:45:00+09:00,J4,1050,1011,2061
2018-10-11T21:45:00+09:00,J5,383,343,726
2018-10-11T22:00:00+09:00,J1,647,690,1337
2018-10-11T22:00:00+09:00,J2,421,467,888
2018-10-11T22:00:00+09:00,J3,396,367,763
2018-10-11T22:00:00+09:00,J4,983,912,1895
2018-10-11T22:00:00+09:00,J5,386,408,794
2018-10-11T22:15:00+09:00,J1,559,606,1165
2018-10-11T22:15:00+09:00,J2,387,387,774
2018-10-11T22:15:00+09:00,J3,417,380,797
2018-10-11T22:15:00+09:00,J4,1062,1006,2068
2018-10-11T22:15:00+09:00,J5,386,447,833
2018-10-11T22:30:00+09:00,J1,551,673,1224
2018-10-11T22:30:00+09:00,J2,353,356,709
2018-10-11T22:30:00+09:00,J3,367,332,699
2018-10-11T22:30:00+09:00,J4,1069,1051,2120
2018-10-11T22:30:00+09:00,J5,447,377,824
2018-10-11T22:45:00+09:00,J1,544,601,1145
2018-10-11T22:45:00+09:00,J2,398,446,844
2018-10-11T22:45:00+09:00,J3,336,334,670
2018-10-11T22:45:00+09:00,J4,1073,1007,2080
2018-10-11T22:45:00+09:00,J5,292,280,572
2018-10-11T23:00:00+09:00,J1,540,650,1190
2018-10-11T23:00:00+09:00,J2,404,445,849
2018-10-11T23:00:00+09:00,J3,388,370,758
2018-10-11T23:00:00+09:00,J4,1140,999,2139
2018-10-11T23:00:00+09:00,J5,241,288,529
2018-10-11T23:15:00+09:00,J1,543,616,1159
2018-10-11T23:15:00+09:00,J2,391,420,811
2018-10-11T23:15:00+09:00,J3,378,387,765
2018-10-11T23:15:00+09:00,J4,937,862,1799
2018-10-11T23:15:00+09:00,J5,234,252,486
2018-10-11T23:30:00+09:00,J1,540,590,1130
2018-10-11T23:30:00+09:00,J2,383,430,813
2018-10-11T23:30:00+09:00,J3,360,372,732
2018-10-11T23:30:00+09:00,J4,753,693,1446
2018-10-11T23:30:00+09:00,J5,213,256,469
2018-10-11T23:45:00+09:00,J1,535,588,1123
2018-10-11T23:45:00+09:00,J2,519,558,1077
2018-10-11T23:45:00+09:00,J3,304,274,578
2018-10-11T23:45:00+09:00,J4,809,786,1595
2018-10-11T23:45:00+09:00,J5,211,259,470
2018-10-12T00:00:00+09:00,J1,457,436,893
2018-10-12T00:00:00+09:00,J2,434,387,821
2018-10-12T00:00:00+09:00,J3,343,285,628
2018-10-12T00:00:00+09:00,J4,867,779,1646
2018-10-12T00:00:00+09:00,J5,194,193,387
2018-10-12T00:15:00+09:00,J1,268,275,543
2018-10-12T00:15:00+09:00,J2,388,420,808
2018-10-12T00:15:00+09:00,J3,517,481,998
2018-10-12T00:15:00+09:00,J4,358,352,710
2018-10-12T00:15:00+09:00,J5,131,146,277
2018-10-12T00:30:00+09:00,J1,292,218,510
2018-10-12T00:30:00+09:00,J2,409,399,808
2018-10-12T00:30:00+09:00,J3,333,357,690
2018-10-12T00:30:00+09:00,J4,266,293,559
2018-10-12T00:30:00+09:00,J5,150,172,322
2018-10-12T00:45:00+09:00,J1,283,247,530
2018-10-12T00:45:00+09:00,J2,420,298,718
2018-10-12T00:45:00+09:00,J3,320,306,626
2018-10-12T00:45:00+09:00,J4,254,308,562
2018-10-12T00:45:00+09:00,J5,130,184,314
2018-10-12T05:45:00+09:00,J1,517,564,1081
2018-10-12T05:45:00+09:00,J2,288,233,521
2018-10-12T05:45:00+09:00,J3,292,283,575
2018-10-12T05:45:00+09:00,J4,844,854,1698
2018-10-12T05:45:00+09:00,J5,163,131,294
2018-10-12T06:00:00+09:00,J1,489,520,1009
2018-10-12T06:00:00+09:00,J2,301,259,560
2018-10-12T06:00:00+09:00,J3,438,417,855
2018-10-12T06:00:00+09:00,J4,665,674,1339
2018-10-12T06:00:00+09:00,J5,149,168,317
2018-10-12T06:15:00+09:00,J1,439,467,906
2018-10-12T06:15:00+09:00,J2,332,235,567
2018-10-12T06:15:00+09:00,J3,562,595,1157
2018-10-12T06:15:00+09:00,J4,769,815,1584
2018-10-12T06:15:00+09:00,J5,158,130,288
2018-10-12T06:30:00+09:00,J1,541,548,1089
2018-10-12T06:30:00+09:00,J2,425,355,780
2018-10-12T06:30:00+09:00,J3,555,531,1086
2018-10-12T06:30:00+09:00,J4,847,862,1709
2018-10-12T06:30:00+09:00,J5,207,209,416
2018-10-12T06:45:00+09:00,J1,624,584,1208
2018-10-12T06:45:00+09:00,J2,477,376,853
2018-10-12T06:45:00+09:00,J3,550,489,1039
2018-10-12T06:45:00+09:00,J4,777,819,1596
2018-10-12T06:45:00+09:00,J5,203,198,401
2018-10-12T07:00:00+09:00,J1,600,612,1212
2018-10-12T07:00:00+09:00,J2,536,418,954
2018-10-12T07:00:00+09:00,J3,543,542,1085
2018-10-12T07:00:00+09:00,J4,1033,1024,2057
2018-10-12T07:00:00+09:00,J5,227,207,434
2018-10-12T07:15:00+09:00,J1,767,650,1417
2018-10-12T07:15:00+09:00,J2,621,423,1044
2018-10-12T07:15:00+09:00,J3,568,545,1113
2018-10-12T07:15:00+09:00,J4,945,1032,1977
2018-10-12T07:15:00+09:00,J5,295,222,517
2018-10-12T07:30:00+09:00,J1,741,627,1368
2018-10-12T07:30:00+09:00,J2,572,505,1077
2018-10-12T07:30:00+09:00,J3,404,436,840
2018-10-12T07:30:00+09:00,J4,1026,1079,2105
2018-10-12T07:30:00+09:00,J5,422,321,743
2018-10-12T07:45:00+09:00,J1,886,795,1681
2018-10-12T07:45:00+09:00,J2,672,519,1191
2018-10-12T07:45:00+09:00,J3,575,692,1267
2018-10-12T07:45:00+09:00,J4,983,1180,2163
2018-10-12T07:45:00+09:00,J5,442,364,806
2018-10-12T08:00:00+09:00,J1,1110,849,1959
2018-10-12T08:00:00+09:00,J2,835,609,1444
2018-10-12T08:00:00+09:00,J3,714,796,1510
2018-10-12T08:00:00+09:00,J4,915,1229,2144
2018-10-12T08:00:00+09:00,J5,499,400,899
2018-10-12T08:15:00+09:00,J1,1184,841,2025
2018-10-12T08:15:00+09:00,J2,955,673,1628
2018-10-12T08:15:00+09:00,J3,819,893,1712
2018-10-12T08:15:00+09:00,J4,981,1258,2239
2018-10-12T08:15:00+09:00,J5,532,419,951
2018-10-12T08:30:00+09:00,J1,1297,763,2060
2018-10-12T08:30:00+09:00,J2,1033,648,1681
2018-10-12T08:30:00+09:00,J3,726,984,1710
2018-10-12T08:30:00+09:00,J4,1018,1296,2314
2018-10-12T08:30:00+09:00,J5,568,417,985
2018-10-12T08:45:00+09:00,J1,991,738,1729
2018-10-12T08:45:00+09:00,J2,805,545,1350
2018-10-12T08:45:00+09:00,J3,652,848,1500
2018-10-12T08:45:00+09:00,J4,1031,1136,2167
2018-10-12T08:45:00+09:00,J5,429,334,763
2018-10-12T09:00:00+09:00,J1,726,591,1317
2018-10-12T09:00:00+09:00,J2,643,383,1026
2018-10-12T09:00:00+09:00,J3,732,752,1484
2018-10-12T09:00:00+09:00,J4,882,1019,1901
2018-10-12T09:00:00+09:00,J5,370,312,682
2018-10-12T09:15:00+09:00,J1,741,654,1395
2018-10-12T09:15:00+09:00,J2,687,485,1172
2018-10-12T09:15:00+09:00,J3,563,541,1104
2018-10-12T09:15:00+09:00,J4,1049,994,2043
2018-10-12T09:15:00+09:00,J5,321,291,612
2018-10-12T09:30:00+09:00,J1,686,634,1320
2018-10-12T09:30:00+09:00,J2,610,402,1012
2018-10-12T09:30:00+09:00,J3,507,491,998
2018-10-12T09:30:00+09:00,J4,821,851,1672
2018-10-12T09:30:00+09:00,J5,331,311,642
2018-10-12T09:45:00+09:00,J1,666,556,1222
2018-10-12T09:45:00+09:00,J2,700,489,1189
2018-10-12T09:45:00+09:00,J3,476,499,975
2018-10-12T09:45:00+09:00,J4,817,1004,1821
2018-10-12T09:45:00+09:00,J5,392,408,800
2018-10-12T10:00:00+09:00,J1,536,509,1045
2018-10-12T10:00:00+09:00,J2,653,585,1238
2018-10-12T10:00:00+09:00,J3,409,393,802
2018-10-12T10:00:00+09:00,J4,706,776,1482
2018-10-12T10:00:00+09:00,J5,336,329,665
2018-10-12T10:15:00+09:00,J1,520,559,1079
2018-10-12T10:15:00+09:00,J2,641,606,1247
2018-10-12T10:15:00+09:00,J3,436,447,883
2018-10-12T10:15:00+09:00,J4,752,773,1525
2018-10-12T10:15:00+09:00,J5,267,254,521
2018-10-12T10:30:00+09:00,J1,599,588,1187
2018-10-12T10:30:00+09:00,J2,642,647,1289
2018-10-12T10:30:00+09:00,J3,437,475,912
2018-10-12T10:30:00+09:00,J4,665,732,1397
2018-10-12T10:30:00+09:00,J5,298,303,601
2018-10-12T10:45:00+09:00,J1,552,657,1209
2018-10-12T10:45:00+09:00,J2,680,699,1379
2018-10-12T10:45:00+09:00,J3,481,468,949
2018-10-12T10:45:00+09:00,J4,820,806,1626
2018-10-12T10:45:00+09:00,J5,300,311,611
2018-10-12T11:00:00+09:00,J1,625,675,1300
2018-10-12T11:00:00+09:00,J2,702,593,1295
2018-10-12T11:00:00+09:00,J3,437,465,902
2018-10-12T11:00:00+09:00,J4,693,696,1389
2018-10-12T11:00:00+09:00,J5,266,268,534
2018-10-12T11:15:00+09:00,J1,718,781,1499
2018-10-12T11:15:00+09:00,J2,700,658,1358
2018-10-12T11:15:00+09:00,J3,483,470,953
2018-10-12T11:15:00+09:00,J4,746,797,1543
2018-10-12T11:15:00+09:00,J5,276,259,535
2018-10-12T11:30:00+09:00,J1,601,665,1266
2018-10-12T11:30:00+09:00,J2,633,658,1291
2018-10-12T11:30:00+09:00,J3,487,445,932
2018-10-12T11:30:00+09:00,J4,864,893,1757
2018-10-12T11:30:00+09:00,J5,231,197,428
2018-10-12T11:45:00+09:00,J1,668,612,1280
2018-10-12T11:45:00+09:00,J2,664,612,1276
2018-10-12T11:45:00+09:00,J3,520,501,1021
2018-10-12T11:45:00+09:00,J4,852,801,1653
2018-10-12T11:45:00+09:00,J5,220,209,429
2018-10-12T12:00:00+09:00,J1,657,697,1354
2018-10-12T12:00:00+09:00,J2,645,604,1249
2018-10-12T12:00:00+09:00,J3,627,582,1209
2018-10-12T12:00:00+09:00,J4,832,784,1616
2018-10-12T12:00:00+09:00,J5,235,288,523
2018-10-12T12:15:00+09:00,J1,680,748,1428
2018-10-12T12:15:00+09:00,J2,652,591,1243
2018-10-12T12:15:00+09:00,J3,473,581,1054
2018-10-12T12:15:00+09:00,J4,701,748,1449
2018-10-12T12:15:00+09:00,J5,261,303,564
2018-10-12T12:30:00+09:00,J1,764,870,1634
2018-10-12T12:30:00+09:00,J2,675,713,1388
2018-10-12T12:30:00+09:00,J3,565,544,1109
2018-10-12T12:30:00+09:00,J4,685,760,1445
2018-10-12T12:30:00+09:00,J5,361,312,673
2018-10-12T12:45:00+09:00,J1,815,922,1737
2018-10-12T12:45:00+09:00,J2,754,676,1430
2018-10-12T12:45:00+09:00,J3,597,644,1241
2018-10-12T12:45:00+09:00,J4,984,1061,2045
2018-10-12T12:45:00+09:00,J5,293,326,619
2018-10-12T13:00:00+09:00,J1,727,854,1581
2018-10-12T13:00:00+09:00,J2,670,611,1281
2018-10-12T13:00:00+09:00,J3,588,627,1215
2018-10-12T13:00:00+09:00,J4,887,850,1737
2018-10-12T13:00:00+09:00,J5,250,337,587
2018-10-12T13:15:00+09:00,J1,797,905,1702
2018-10-12T13:15:00+09:00,J2,630,664,1294
2018-10-12T13:15:00+09:00,J3,514,596,1110
2018-10-12T13:15:00+09:00,J4,893,909,1802
2018-10-12T13:15:00+09:00,J5,269,301,570
2018-10-12T13:30:00+09:00,J1,823,987,1810
2018-10-12T13:30:00+09:00,J2,707,651,1358
2018-10-12T13:30:00+09:00,J3,589,631,1220
2018-10-12T13:30:00+09:00,J4,847,824,1671
2018-10-12T13:30:00+09:00,J5,331,311,642
2018-10-12T13:45:00+09:00,J1,851,1032,1883
2018-10-12T13:45:00+09:00,J2,650,688,1338
2018-10-12T13:45:00+09:00,J3,574,611,1185
2018-10-12T13:45:00+09:00,J4,730,830,1560
2018-10-12T13:45:00+09:00,J5,271,300,571
2018-10-12T14:00:00+09:00,J1,656,801,1457
2018-10-12T14:00:00+09:00,J2,614,631,1245
2018-10-12T14:00:00+09:00,J3,565,521,1086
2018-10-12T14:00:00+09:00,J4,760,780,1540
2018-10-12T14:00:00+09:00,J5,326,338,664
2018-10-12T14:15:00+09:00,J1,690,835,1525
2018-10-12T14:15:00+09:00,J2,665,659,1324
2018-10-12T14:15:00+09:00,J3,643,595,1238
2018-10-12T14:15:00+09:00,J4,928,910,1838
2018-10-12T14:15:00+09:00,J5,507,465,972
2018-10-12T14:30:00+09:00,J1,609,705,1314
2018-10-12T14:30:00+09:00,J2,591,569,1160
2018-10-12T14:30:00+09:00,J3,559,612,1171
2018-10-12T14:30:00+09:00,J4,660,735,1395
2018-10-12T14:30:00+09:00,J5,412,397,809
2018-10-12T14:45:00+09:00,J1,705,892,1597
2018-10-12T14:45:00+09:00,J2,661,495,1156
2018-10-12T14:45:00+09:00,J3,545,557,1102
2018-10-12T14:45:00+09:00,J4,566,597,1163
2018-10-12T14:45:00+09:00,J5,244,231,475
2018-10-12T15:00:00+09:00,J1,736,857,1593
2018-10-12T15:00:00+09:00,J2,630,490,1120
2018-10-12T15:00:00+09:00,J3,538,535,1073
2018-10-12T15:00:00+09:00,J4,588,642,1230
2018-10-12T15:00:00+09:00,J5,232,262,494
2018-10-12T15:15:00+09:00,J1,735,833,1568
2018-10-12T15:15:00+09:00,J2,680,522,1202
2018-10-12T15:15:00+09:00,J3,534,535,1069
2018-10-12T15:15:00+09:00,J4,496,585,1081
2018-10-12T15:15:00+09:00,J5,233,261,494
2018-10-12T15:30:00+09:00,J1,739,888,1627
2018-10-12T15:30:00+09:00,J2,712,577,1289
2018-10-12T15:30:00+09:00,J3,534,573,1107
2018-10-12T15:30:00+09:00,J4,531,554,1085
2018-10-12T15:30:00+09:00,J5,199,261,460
2018-10-12T15:45:00+09:00,J1,731,853,1584
2018-10-12T15:45:00+09:00,J2,722,513,1235
2018-10-12T15:45:00+09:00,J3,577,552,1129
2018-10-12T15:45:00+09:00,J4,623,678,1301
2018-10-12T15:45:00+09:00,J5,269,249,518
2018-10-12T16:00:00+09:00,J1,763,928,1691
2018-10-12T16:00:00+09:00,J2,625,571,1196
2018-10-12T16:00:00+09:00,J3,547,520,1067
2018-10-12T16:00:00+09:00,J4,612,675,1287
2018-10-12T16:00:00+09:00,J5,214,224,438
2018-10-12T16:15:00+09:00,J1,757,913,1670
2018-10-12T16:15:00+09:00,J2,667,626,1293
2018-10-12T16:15:00+09:00,J3,593,582,1175
2018-10-12T16:15:00+09:00,J4,787,852,1639
2018-10-12T16:15:00+09:00,J5,241,228,469
2018-10-12T16:30:00+09:00,J1,685,790,1475
2018-10-12T16:30:00+09:00,J2,662,598,1260
2018-10-12T16:30:00+09:00,J3,525,583,1108
2018-10-12T16:30:00+09:00,J4,785,745,1530
2018-10-12T16:30:00+09:00,J5,286,276,562
2018-10-12T16:45:00+09:00,J1,684,774,1458
2018-10-12T16:45:00+09:00,J2,681,550,1231
2018-10-12T16:45:00+09:00,J3,563,596,1159
2018-10-12T16:45:00+09:00,J4,770,776,1546
2018-10-12T16:45:00+09:00,J5,339,292,631
2018-10-12T17:00:00+09:00,J1,668,814,1482
2018-10-12T17:00:00+09:00,J2,638,626,1264
2018-10-12T17:00:00+09:00,J3,601,620,1221
2018-10-12T17:00:00+09:00,J4,728,785,1513
2018-10-12T17:00:00+09:00,J5,501,464,965
2018-10-12T17:15:00+09:00,J1,696,939,1635
2018-10-12T17:15:00+09:00,J2,754,773,1527
2018-10-12T17:15:00+09:00,J3,652,628,1280
2018-10-12T17:15:00+09:00,J4,697,628,1325
2018-10-12T17:15:00+09:00,J5,481,458,939
2018-10-12T17:30:00+09:00,J1,814,938,1752
2018-10-12T17:30:00+09:00,J2,747,753,1500
2018-10-12T17:30:00+09:00,J3,811,649,1460
2018-10-12T17:30:00+09:00,J4,796,738,1534
2018-10-12T17:30:00+09:00,J5,436,431,867
2018-10-12T17:45:00+09:00,J1,807,1044,1851
2018-10-12T17:45:00+09:00,J2,717,732,1449
2018-10-12T17:45:00+09:00,J3,721,735,1456
2018-10-12T17:45:00+09:00,J4,865,679,1544
2018-10-12T17:45:00+09:00,J5,342,356,698
2018-10-12T18:00:00+09:00,J1,774,1000,1774
2018-10-12T18:00:00+09:00,J2,791,779,1570
2018-10-12T18:00:00+09:00,J3,802,686,1488
2018-10-12T18:00:00+09:00,J4,831,782,1613
2018-10-12T18:00:00+09:00,J5,310,357,667
2018-10-12T18:15:00+09:00,J1,791,1044,1835
2018-10-12T18:15:00+09:00,J2,760,838,1598
2018-10-12T18:15:00+09:00,J3,736,578,1314
2018-10-12T18:15:00+09:00,J4,944,759,1703
2018-10-12T18:15:00+09:00,J5,318,421,739
2018-10-12T18:30:00+09:00,J1,794,964,1758
2018-10-12T18:30:00+09:00,J2,740,712,1452
2018-10-12T18:30:00+09:00,J3,686,564,1250
2018-10-12T18:30:00+09:00,J4,839,739,1578
2018-10-12T18:30:00+09:00,J5,395,404,799
2018-10-12T18:45:00+09:00,J1,751,897,1648
2018-10-12T18:45:00+09:00,J2,757,721,1478
2018-10-12T18:45:00+09:00,J3,626,524,1150
2018-10-12T18:45:00+09:00,J4,920,760,1680
2018-10-12T18:45:00+09:00,J5,481,493,974
2018-10-12T19:00:00+09:00,J1,765,951,1716
2018-10-12T19:00:00+09:00,J2,635,630,1265
2018-10-12T19:00:00+09:00,J3,765,639,1404
2018-10-12T19:00:00+09:00,J4,894,752,1646
2018-10-12T19:00:00+09:00,J5,502,558,1060
2018-10-12T19:15:00+09:00,J1,764,1065,1829
2018-10-12T19:15:00+09:00,J2,614,503,1117
2018-10-12T19:15:00+09:00,J3,713,623,1336
2018-10-12T19:15:00+09:00,J4,799,702,1501
2018-10-12T19:15:00+09:00,J5,623,679,1302
2018-10-12T19:30:00+09:00,J1,718,984,1702
2018-10-12T19:30:00+09:00,J2,541,516,1057
2018-10-12T19:30:00+09:00,J3,637,641,1278
2018-10-12T19:30:00+09:00,J4,839,780,1619
2018-10-12T19:30:00+09:00,J5,682,838,1520
2018-10-12T19:45:00+09:00,J1,672,929,1601
2018-10-12T19:45:00+09:00,J2,543,525,1068
2018-10-12T19:45:00+09:00,J3,652,710,1362
2018-10-12T19:45:00+09:00,J4,662,702,1364
2018-10-12T19:45:00+09:00,J5,714,833,1547
2018-10-12T20:00:00+09:00,J1,862,996,1858
2018-10-12T20:00:00+09:00,J2,693,598,1291
2018-10-12T20:00:00+09:00,J3,768,689,1457
2018-10-12T20:00:00+09:00,J4,771,656,1427
2018-10-12T20:00:00+09:00,J5,659,653,1312
2018-10-12T20:15:00+09:00,J1,877,1046,1923
2018-10-12T20:15:00+09:00,J2,670,570,1240
2018-10-12T20:15:00+09:00,J3,819,774,1593
2018-10-12T20:15:00+09:00,J4,674,635,1309
2018-10-12T20:15:00+09:00,J5,436,470,906
2018-10-12T20:30:00+09:00,J1,869,1019,1888
2018-10-12T20:30:00+09:00,J2,566,467,1033
2018-10-12T20:30:00+09:00,J3,697,746,1443
2018-10-12T20:30:00+09:00,J4,667,592,1259
2018-10-12T20:30:00+09:00,J5,416,441,857
2018-10-12T20:45:00+09:00,J1,816,771,1587
2018-10-12T20:45:00+09:00,J2,541,454,995
2018-10-12T20:45:00+09:00,J3,708,734,1442
2018-10-12T20:45:00+09:00,J4,735,708,1443
2018-10-12T20:45:00+09:00,J5,385,432,817
2018-10-12T21:00:00+09:00,J1,876,968,1844
2018-10-12T21:00:00+09:00,J2,618,588,1206
2018-10-12T21:00:00+09:00,J3,673,564,1237
2018-10-12T21:00:00+09:00,J4,813,748,1561
2018-10-12T21:00:00+09:00,J5,580,639,1219
2018-10-12T21:15:00+09:00,J1,834,955,1789
2018-10-12T21:15:00+09:00,J2,623,586,1209
2018-10-12T21:15:00+09:00,J3,703,613,1316
2018-10-12T21:15:00+09:00,J4,820,772,1592
2018-10-12T21:15:00+09:00,J5,675,708,1383
2018-10-12T21:30:00+09:00,J1,864,912,1776
2018-10-12T21:30:00+09:00,J2,691,613,1304
2018-10-12T21:30:00+09:00,J3,646,617,1263
2018-10-12T21:30:00+09:00,J4,825,771,1596
2018-10-12T21:30:00+09:00,J5,666,757,1423
2018-10-12T21:45:00+09:00,J1,764,850,1614
2018-10-12T21:45:00+09:00,J2,599,578,1177
2018-10-12T21:45:00+09:00,J3,669,596,1265
2018-10-12T21:45:00+09:00,J4,805,772,1577
2018-10-12T21:45:00+09:00,J5,701,698,1399
2018-10-12T22:00:00+09:00,J1,635,729,1364
2018-10-12T22:00:00+09:00,J2,511,496,1007
2018-10-12T22:00:00+09:00,J3,629,612,1241
2018-10-12T22:00:00+09:00,J4,794,777,1571
2018-10-12T22:00:00+09:00,J5,623,728,1351
2018-10-12T22:15:00+09:00,J1,639,745,1384
2018-10-12T22:15:00+09:00,J2,496,551,1047
2018-10-12T22:15:00+09:00,J3,626,665,1291
2018-10-12T22:15:00+09:00,J4,874,839,1713
2018-10-12T22:15:00+09:00,J5,665,696,1361
2018-10-12T22:30:00+09:00,J1,762,870,1632
2018-10-12T22:30:00+09:00,J2,591,566,1157
2018-10-12T22:30:00+09:00,J3,650,687,1337
2018-10-12T22:30:00+09:00,J4,793,804,1597
2018-10-12T22:30:00+09:00,J5,510,491,1001
2018-10-12T22:45:00+09:00,J1,633,707,1340
2018-10-12T22:45:00+09:00,J2,569,460,1029
2018-10-12T22:45:00+09:00,J3,574,548,1122
2018-10-12T22:45:00+09:00,J4,982,929,1911
2018-10-12T22:45:00+09:00,J5,220,230,450
2018-10-12T23:00:00+09:00,J1,806,838,1644
2018-10-12T23:00:00+09:00,J2,437,347,784
2018-10-12T23:00:00+09:00,J3,601,568,1169
2018-10-12T23:00:00+09:00,J4,952,875,1827
2018-10-12T23:00:00+09:00,J5,176,179,355
2018-10-12T23:15:00+09:00,J1,711,800,1511
2018-10-12T23:15:00+09:00,J2,407,370,777
2018-10-12T23:15:00+09:00,J3,569,602,1171
2018-10-12T23:15:00+09:00,J4,922,857,1779
2018-10-12T23:15:00+09:00,J5,137,163,300
2018-10-12T23:30:00+09:00,J1,770,854,1624
2018-10-12T23:30:00+09:00,J2,535,464,999
2018-10-12T23:30:00+09:00,J3,588,626,1214
2018-10-12T23:30:00+09:00,J4,790,749,1539
2018-10-12T23:30:00+09:00,J5,185,154,339
2018-10-12T23:45:00+09:00,J1,589,697,1286
2018-10-12T23:45:00+09:00,J2,415,326,741
2018-10-12T23:45:00+09:00,J3,588,526,1114
2018-10-12T23:45:00+09:00,J4,816,750,1566
2018-10-12T23:45:00+09:00,J5,172,144,316
2018-10-13T00:00:00+09:00,J1,580,588,1168
2018-10-13T00:00:00+09:00,J2,269,207,476
2018-10-13T00:00:00+09:00,J3,590,514,1104
2018-10-13T00:00:00+09:00,J4,871,833,1704
2018-10-13T00:00:00+09:00,J5,153,169,322
2018-10-13T00:15:00+09:00,J1,215,248,463
2018-10-13T00:15:00+09:00,J2,259,228,487
2018-10-13T00:15:00+09:00,J3,240,254,494
2018-10-13T00:15:00+09:00,J4,370,391,761
2018-10-13T00:15:00+09:00,J5,187,178,365
2018-10-13T00:30:00+09:00,J1,185,205,390
2018-10-13T00:30:00+09:00,J2,235,195,430
2018-10-13T00:30:00+09:00,J3,265,237,502
2018-10-13T00:30:00+09:00,J4,338,390,728
2018-10-13T00:30:00+09:00,J5,237,265,502
2018-10-13T00:45:00+09:00,J1,198,277,475
2018-10-13T00:45:00+09:00,J2,233,225,458
2018-10-13T00:45:00+09:00,J3,257,277,534
2018-10-13T00:45:00+09:00,J4,313,352,665
2018-10-13T00:45:00+09:00,J5,311,361,672
2018-10-13T05:45:00+09:00,J1,517,483,1000
2018-10-13T05:45:00+09:00,J2,255,321,576
2018-10-13T05:45:00+09:00,J3,457,411,868
2018-10-13T05:45:00+09:00,J4,774,705,1479
2018-10-13T05:45:00+09:00,J5,310,359,669
2018-10-13T06:00:00+09:00,J1,592,525,1117
2018-10-13T06:00:00+09:00,J2,263,338,601
2018-10-13T06:00:00+09:00,J3,289,283,572
2018-10-13T06:00:00+09:00,J4,411,467,878
2018-10-13T06:00:00+09:00,J5,206,200,406
2018-10-13T06:15:00+09:00,J1,410,466,876
2018-10-13T06:15:00+09:00,J2,263,249,512
2018-10-13T06:15:00+09:00,J3,277,278,555
2018-10-13T06:15:00+09:00,J4,855,874,1729
2018-10-13T06:15:00+09:00,J5,204,170,374
2018-10-13T06:30:00+09:00,J1,500,506,1006
2018-10-13T06:30:00+09:00,J2,245,247,492
2018-10-13T06:30:00+09:00,J3,352,297,649
2018-10-13T06:30:00+09:00,J4,932,866,1798
2018-10-13T06:30:00+09:00,J5,198,190,388
2018-10-13T06:45:00+09:00,J1,551,500,1051
2018-10-13T06:45:00+09:00,J2,236,240,476
2018-10-13T06:45:00+09:00,J3,371,295,666
2018-10-13T06:45:00+09:00,J4,897,885,1782
2018-10-13T06:45:00+09:00,J5,345,360,705
2018-10-13T07:00:00+09:00,J1,698,641,1339
2018-10-13T07:00:00+09:00,J2,256,284,540
2018-10-13T07:00:00+09:00,J3,309,300,609
2018-10-13T07:00:00+09:00,J4,1084,1039,2123
2018-10-13T07:00:00+09:00,J5,431,480,911
2018-10-13T07:15:00+09:00,J1,712,719,1431
2018-10-13T07:15:00+09:00,J2,314,298,612
2018-10-13T07:15:00+09:00,J3,361,286,647
2018-10-13T07:15:00+09:00,J4,802,797,1599
2018-10-13T07:15:00+09:00,J5,411,445,856
2018-10-13T07:30:00+09:00,J1,719,689,1408
2018-10-13T07:30:00+09:00,J2,291,341,632
2018-10-13T07:30:00+09:00,J3,351,325,676
2018-10-13T07:30:00+09:00,J4,923,895,1818
2018-10-13T07:30:00+09:00,J5,415,408,823
2018-10-13T07:45:00+09:00,J1,586,503,1089
2018-10-13T07:45:00+09:00,J2,316,325,641
2018-10-13T07:45:00+09:00,J3,372,394,766
2018-10-13T07:45:00+09:00,J4,837,872,1709
2018-10-13T07:45:00+09:00,J5,334,316,650
2018-10-13T08:00:00+09:00,J1,707,610,1317
2018-10-13T08:00:00+09:00,J2,373,304,677
2018-10-13T08:00:00+09:00,J3,667,642,1309
2018-10-13T08:00:00+09:00,J4,870,921,1791
2018-10-13T08:00:00+09:00,J5,359,364,723
2018-10-13T08:15:00+09:00,J1,724,596,1320
2018-10-13T08:15:00+09:00,J2,412,362,774
2018-10-13T08:15:00+09:00,J3,545,507,1052
2018-10-13T08:15:00+09:00,J4,859,917,1776
2018-10-13T08:15:00+09:00,J5,311,286,597
2018-10-13T08:30:00+09:00,J1,728,629,1357
2018-10-13T08:30:00+09:00,J2,455,392,847
2018-10-13T08:30:00+09:00,J3,505,508,1013
2018-10-13T08:30:00+09:00,J4,913,952,1865
2018-10-13T08:30:00+09:00,J5,294,227,521
2018-10-13T08:45:00+09:00,J1,595,552,1147
2018-10-13T08:45:00+09:00,J2,384,364,748
2018-10-13T08:45:00+09:00,J3,440,393,833
2018-10-13T08:45:00+09:00,J4,690,773,1463
2018-10-13T08:45:00+09:00,J5,294,204,498
2018-10-13T09:00:00+09:00,J1,668,611,1279
2018-10-13T09:00:00+09:00,J2,444,371,815
2018-10-13T09:00:00+09:00,J3,491,407,898
2018-10-13T09:00:00+09:00,J4,760,813,1573
2018-10-13T09:00:00+09:00,J5,298,250,548
2018-10-13T09:15:00+09:00,J1,642,641,1283
2018-10-13T09:15:00+09:00,J2,520,440,960
2018-10-13T09:15:00+09:00,J3,597,507,1104
2018-10-13T09:15:00+09:00,J4,731,785,1516
2018-10-13T09:15:00+09:00,J5,289,285,574
2018-10-13T09:30:00+09:00,J1,629,623,1252
2018-10-13T09:30:00+09:00,J2,397,372,769
2018-10-13T09:30:00+09:00,J3,497,453,950
2018-10-13T09:30:00+09:00,J4,714,707,1421
2018-10-13T09:30:00+09:00,J5,266,213,479
2018-10-13T09:45:00+09:00,J1,569,526,1095
2018-10-13T09:45:00+09:00,J2,444,425,869
2018-10-13T09:45:00+09:00,J3,493,419,912
2018-10-13T09:45:00+09:00,J4,753,768,1521
2018-10-13T09:45:00+09:00,J5,206,152,358
2018-10-13T10:00:00+09:00,J1,673,632,1305
2018-10-13T10:00:00+09:00,J2,398,399,797
2018-10-13T10:00:00+09:00,J3,503,403,906
2018-10-13T10:00:00+09:00,J4,771,760,1531
2018-10-13T10:00:00+09:00,J5,240,187,427
2018-10-13T10:15:00+09:00,J1,610,591,1201
2018-10-13T10:15:00+09:00,J2,381,430,811
2018-10-13T10:15:00+09:00,J3,529,511,1040
2018-10-13T10:15:00+09:00,J4,634,681,1315
2018-10-13T10:15:00+09:00,J5,194,179,373
2018-10-13T10:30:00+09:00,J1,698,705,1403
2018-10-13T10:30:00+09:00,J2,350,413,763
2018-10-13T10:30:00+09:00,J3,575,579,1154
2018-10-13T10:30:00+09:00,J4,640,673,1313
2018-10-13T10:30:00+09:00,J5,213,189,402
2018-10-13T10:45:00+09:00,J1,706,734,1440
2018-10-13T10:45:00+09:00,J2,439,430,869
2018-10-13T10:45:00+09:00,J3,682,654,1336
2018-10-13T10:45:00+09:00,J4,555,657,1212
2018-10-13T10:45:00+09:00,J5,193,230,423
2018-10-13T11:00:00+09:00,J1,604,646,1250
2018-10-13T11:00:00+09:00,J2,479,423,902
2018-10-13T11:00:00+09:00,J3,635,682,1317
2018-10-13T11:00:00+09:00,J4,527,708,1235
2018-10-13T11:00:00+09:00,J5,210,213,423
2018-10-13T11:15:00+09:00,J1,653,662,1315
2018-10-13T11:15:00+09:00,J2,516,342,858
2018-10-13T11:15:00+09:00,J3,659,659,1318
2018-10-13T11:15:00+09:00,J4,613,749,1362
2018-10-13T11:15:00+09:00,J5,211,207,418
2018-10-13T11:30:00+09:00,J1,650,661,1311
2018-10-13T11:30:00+09:00,J2,541,365,906
2018-10-13T11:30:00+09:00,J3,612,719,1331
2018-10-13T11:30:00+09:00,J4,680,816,1496
2018-10-13T11:30:00+09:00,J5,228,202,430
2018-10-13T11:45:00+09:00,J1,615,649,1264
2018-10-13T11:45:00+09:00,J2,583,432,1015
2018-10-13T11:45:00+09:00,J3,642,610,1252
2018-10-13T11:45:00+09:00,J4,638,695,1333
2018-10-13T11:45:00+09:00,J5,208,195,403
2018-10-13T12:00:00+09:00,J1,608,671,1279
2018-10-13T12:00:00+09:00,J2,538,424,962
2018-10-13T12:00:00+09:00,J3,772,758,1530
2018-10-13T12:00:00+09:00,J4,510,585,1095
2018-10-13T12:00:00+09:00,J5,233,203,436
2018-10-13T12:15:00+09:00,J1,712,782,1494
2018-10-13T12:15:00+09:00,J2,526,419,945
2018-10-13T12:15:00+09:00,J3,685,713,1398
2018-10-13T12:15:00+09:00,J4,488,592,1080
2018-10-13T12:15:00+09:00,J5,263,218,481
2018-10-13T12:30:00+09:00,J1,769,831,1600
2018-10-13T12:30:00+09:00,J2,619,453,1072
2018-10-13T12:30:00+09:00,J3,598,586,1184
2018-10-13T12:30:00+09:00,J4,566,627,1193
2018-10-13T12:30:00+09:00,J5,250,224,474
2018-10-13T12:45:00+09:00,J1,710,842,1552
2018-10-13T12:45:00+09:00,J2,600,433,1033
2018-10-13T12:45:00+09:00,J3,562,562,1124
2018-10-13T12:45:00+09:00,J4,537,634,1171
2018-10-13T12:45:00+09:00,J5,187,210,397
2018-10-13T13:00:00+09:00,J1,735,850,1585
2018-10-13T13:00:00+09:00,J2,664,447,1111
2018-10-13T13:00:00+09:00,J3,580,609,1189
2018-10-13T13:00:00+09:00,J4,581,624,1205
2018-10-13T13:00:00+09:00,J5,205,201,406
2018-10-13T13:15:00+09:00,J1,737,908,1645
2018-10-13T13:15:00+09:00,J2,692,537,1229
2018-10-13T13:15:00+09:00,J3,558,587,1145
2018-10-13T13:15:00+09:00,J4,531,601,1132
2018-10-13T13:15:00+09:00,J5,217,207,424
2018-10-13T13:30:00+09:00,J1,790,874,1664
2018-10-13T13:30:00+09:00,J2,740,562,1302
2018-10-13T13:30:00+09:00,J3,507,529,1036
2018-10-13T13:30:00+09:00,J4,611,634,1245
2018-10-13T13:30:00+09:00,J5,182,226,408
2018-10-13T13:45:00+09:00,J1,771,888,1659
2018-10-13T13:45:00+09:00,J2,633,542,1175
2018-10-13T13:45:00+09:00,J3,444,532,976
2018-10-13T13:45:00+09:00,J4,557,554,1111
2018-10-13T13:45:00+09:00,J5,225,236,461
2018-10-13T14:00:00+09:00,J1,826,863,1689
2018-10-13T14:00:00+09:00,J2,749,621,1370
2018-10-13T14:00:00+09:00,J3,515,507,1022
2018-10-13T14:00:00+09:00,J4,502,521,1023
2018-10-13T14:00:00+09:00,J5,224,229,453
2018-10-13T14:15:00+09:00,J1,724,821,1545
2018-10-13T14:15:00+09:00,J2,700,626,1326
2018-10-13T14:15:00+09:00,J3,514,514,1028
2018-10-13T14:15:00+09:00,J4,605,606,1211
2018-10-13T14:15:00+09:00,J5,224,226,450
2018-10-13T14:30:00+09:00,J1,805,917,1722
2018-10-13T14:30:00+09:00,J2,696,569,1265
2018-10-13T14:30:00+09:00,J3,487,477,964
2018-10-13T14:30:00+09:00,J4,547,606,1153
2018-10-13T14:30:00+09:00,J5,215,221,436
2018-10-13T14:45:00+09:00,J1,721,805,1526
2018-10-13T14:45:00+09:00,J2,710,670,1380
2018-10-13T14:45:00+09:00,J3,423,447,870
2018-10-13T14:45:00+09:00,J4,511,550,1061
2018-10-13T14:45:00+09:00,J5,182,226,408
2018-10-13T15:00:00+09:00,J1,749,905,1654
2018-10-13T15:00:00+09:00,J2,717,665,1382
2018-10-13T15:00:00+09:00,J3,477,519,996
2018-10-13T15:00:00+09:00,J4,511,615,1126
2018-10-13T15:00:00+09:00,J5,203,225,428
2018-10-13T15:15:00+09:00,J1,769,923,1692
2018-10-13T15:15:00+09:00,J2,703,692,1395
2018-10-13T15:15:00+09:00,J3,494,483,977
2018-10-13T15:15:00+09:00,J4,640,623,1263
2018-10-13T15:15:00+09:00,J5,199,250,449
2018-10-13T15:30:00+09:00,J1,673,832,1505
2018-10-13T15:30:00+09:00,J2,768,644,1412
2018-10-13T15:30:00+09:00,J3,464,457,921
2018-10-13T15:30:00+09:00,J4,619,665,1284
2018-10-13T15:30:00+09:00,J5,212,246,458
2018-10-13T15:45:00+09:00,J1,760,854,1614
2018-10-13T15:45:00+09:00,J2,651,678,1329
2018-10-13T15:45:00+09:00,J3,440,483,923
2018-10-13T15:45:00+09:00,J4,635,703,1338
2018-10-13T15:45:00+09:00,J5,238,252,490
2018-10-13T16:00:00+09:00,J1,814,833,1647
2018-10-13T16:00:00+09:00,J2,701,699,1400
2018-10-13T16:00:00+09:00,J3,493,489,982
2018-10-13T16:00:00+09:00,J4,636,622,1258
2018-10-13T16:00:00+09:00,J5,254,238,492
2018-10-13T16:15:00+09:00,J1,780,875,1655
2018-10-13T16:15:00+09:00,J2,699,687,1386
2018-10-13T16:15:00+09:00,J3,437,437,874
2018-10-13T16:15:00+09:00,J4,580,604,1184
2018-10-13T16:15:00+09:00,J5,304,243,547
2018-10-13T16:30:00+09:00,J1,778,935,1713
2018-10-13T16:30:00+09:00,J2,715,735,1450
2018-10-13T16:30:00+09:00,J3,433,434,867
2018-10-13T16:30:00+09:00,J4,614,704,1318
2018-10-13T16:30:00+09:00,J5,246,254,500
2018-10-13T16:45:00+09:00,J1,821,950,1771
2018-10-13T16:45:00+09:00,J2,688,654,1342
2018-10-13T16:45:00+09:00,J3,496,485,981
2018-10-13T16:45:00+09:00,J4,598,561,1159
2018-10-13T16:45:00+09:00,J5,270,242,512
2018-10-13T17:00:00+09:00,J1,805,958,1763
2018-10-13T17:00:00+09:00,J2,687,713,1400
2018-10-13T17:00:00+09:00,J3,446,483,929
2018-10-13T17:00:00+09:00,J4,656,561,1217
2018-10-13T17:00:00+09:00,J5,238,266,504
2018-10-13T17:15:00+09:00,J1,841,956,1797
2018-10-13T17:15:00+09:00,J2,714,681,1395
2018-10-13T17:15:00+09:00,J3,533,495,1028
2018-10-13T17:15:00+09:00,J4,738,652,1390
2018-10-13T17:15:00+09:00,J5,320,296,616
2018-10-13T17:30:00+09:00,J1,867,1015,1882
2018-10-13T17:30:00+09:00,J2,795,714,1509
2018-10-13T17:30:00+09:00,J3,573,491,1064
2018-10-13T17:30:00+09:00,J4,661,599,1260
2018-10-13T17:30:00+09:00,J5,316,308,624
2018-10-13T17:45:00+09:00,J1,827,944,1771
2018-10-13T17:45:00+09:00,J2,716,659,1375
2018-10-13T17:45:00+09:00,J3,610,573,1183
2018-10-13T17:45:00+09:00,J4,745,735,1480
2018-10-13T17:45:00+09:00,J5,289,272,561
2018-10-13T18:00:00+09:00,J1,874,947,1821
2018-10-13T18:00:00+09:00,J2,756,676,1432
2018-10-13T18:00:00+09:00,J3,643,554,1197
2018-10-13T18:00:00+09:00,J4,789,776,1565
2018-10-13T18:00:00+09:00,J5,363,345,708
2018-10-13T18:15:00+09:00,J1,792,948,1740
2018-10-13T18:15:00+09:00,J2,744,649,1393
2018-10-13T18:15:00+09:00,J3,617,513,1130
2018-10-13T18:15:00+09:00,J4,792,718,1510
2018-10-13T18:15:00+09:00,J5,365,347,712
2018-10-13T18:30:00+09:00,J1,786,882,1668
2018-10-13T18:30:00+09:00,J2,678,524,1202
2018-10-13T18:30:00+09:00,J3,522,451,973
2018-10-13T18:30:00+09:00,J4,773,781,1554
2018-10-13T18:30:00+09:00,J5,449,426,875
2018-10-13T18:45:00+09:00,J1,751,841,1592
2018-10-13T18:45:00+09:00,J2,728,552,1280
2018-10-13T18:45:00+09:00,J3,470,435,905
2018-10-13T18:45:00+09:00,J4,776,716,1492
2018-10-13T18:45:00+09:00,J5,463,429,892
2018-10-13T19:00:00+09:00,J1,663,751,1414
2018-10-13T19:00:00+09:00,J2,694,586,1280
2018-10-13T19:00:00+09:00,J3,475,438,913
2018-10-13T19:00:00+09:00,J4,943,847,1790
2018-10-13T19:00:00+09:00,J5,484,499,983
2018-10-13T19:15:00+09:00,J1,657,802,1459
2018-10-13T19:15:00+09:00,J2,594,584,1178
2018-10-13T19:15:00+09:00,J3,562,445,1007
2018-10-13T19:15:00+09:00,J4,1000,812,1812
2018-10-13T19:15:00+09:00,J5,557,551,1108
2018-10-13T19:30:00+09:00,J1,787,801,1588
2018-10-13T19:30:00+09:00,J2,604,553,1157
2018-10-13T19:30:00+09:00,J3,515,545,1060
2018-10-13T19:30:00+09:00,J4,1078,932,2010
2018-10-13T19:30:00+09:00,J5,556,591,1147
2018-10-13T19:45:00+09:00,J1,657,751,1408
2018-10-13T19:45:00+09:00,J2,587,550,1137
2018-10-13T19:45:00+09:00,J3,531,518,1049
2018-10-13T19:45:00+09:00,J4,957,986,1943
2018-10-13T19:45:00+09:00,J5,618,631,1249
2018-10-13T20:00:00+09:00,J1,666,707,1373
2018-10-13T20:00:00+09:00,J2,639,589,1228
2018-10-13T20:00:00+09:00,J3,617,511,1128
2018-10-13T20:00:00+09:00,J4,941,866,1807
2018-10-13T20:00:00+09:00,J5,587,609,1196
2018-10-13T20:15:00+09:00,J1,736,739,1475
2018-10-13T20:15:00+09:00,J2,589,522,1111
2018-10-13T20:15:00+09:00,J3,683,577,1260
2018-10-13T20:15:00+09:00,J4,1083,949,2032
2018-10-13T20:15:00+09:00,J5,508,582,1090
2018-10-13T20:30:00+09:00,J1,619,669,1288
2018-10-13T20:30:00+09:00,J2,501,404,905
2018-10-13T20:30:00+09:00,J3,649,608,1257
2018-10-13T20:30:00+09:00,J4,1016,910,1926
2018-10-13T20:30:00+09:00,J5,534,595,1129
2018-10-13T20:45:00+09:00,J1,640,737,1377
2018-10-13T20:45:00+09:00,J2,544,360,904
2018-10-13T20:45:00+09:00,J3,635,653,1288
2018-10-13T20:45:00+09:00,J4,905,966,1871
2018-10-13T20:45:00+09:00,J5,606,615,1221
2018-10-13T21:00:00+09:00,J1,737,785,1522
2018-10-13T21:00:00+09:00,J2,529,446,975
2018-10-13T21:00:00+09:00,J3,655,703,1358
2018-10-13T21:00:00+09:00,J4,1096,1093,2189
2018-10-13T21:00:00+09:00,J5,672,707,1379
2018-10-13T21:15:00+09:00,J1,682,771,1453
2018-10-13T21:15:00+09:00,J2,567,527,1094
2018-10-13T21:15:00+09:00,J3,687,636,1323
2018-10-13T21:15:00+09:00,J4,1110,1010,2120
2018-10-13T21:15:00+09:00,J5,608,692,1300
2018-10-13T21:30:00+09:00,J1,621,718,1339
2018-10-13T21:30:00+09:00,J2,507,430,937
2018-10-13T21:30:00+09:00,J3,748,669,1417
2018-10-13T21:30:00+09:00,J4,1094,1119,2213
2018-10-13T21:30:00+09:00,J5,648,696,1344
2018-10-13T21:45:00+09:00,J1,674,672,1346
2018-10-13T21:45:00+09:00,J2,486,448,934
2018-10-13T21:45:00+09:00,J3,653,659,1312
2018-10-13T21:45:00+09:00,J4,1124,1111,2235
2018-10-13T21:45:00+09:00,J5,561,663,1224
2018-10-13T22:00:00+09:00,J1,642,734,1376
2018-10-13T22:00:00+09:00,J2,313,377,690
2018-10-13T22:00:00+09:00,J3,651,609,1260
2018-10-13T22:00:00+09:00,J4,1175,1094,2269
2018-10-13T22:00:00+09:00,J5,643,693,1336
2018-10-13T22:15:00+09:00,J1,588,708,1296
2018-10-13T22:15:00+09:00,J2,434,313,747
2018-10-13T22:15:00+09:00,J3,581,628,1209
2018-10-13T22:15:00+09:00,J4,1108,1148,2256
2018-10-13T22:15:00+09:00,J5,615,616,1231
2018-10-13T22:30:00+09:00,J1,648,622,1270
2018-10-13T22:30:00+09:00,J2,416,326,742
2018-10-13T22:30:00+09:00,J3,710,646,1356
2018-10-13T22:30:00+09:00,J4,1299,1158,2457
2018-10-13T22:30:00+09:00,J5,499,476,975
2018-10-13T22:45:00+09:00,J1,641,694,1335
2018-10-13T22:45:00+09:00,J2,415,353,768
2018-10-13T22:45:00+09:00,J3,652,630,1282
2018-10-13T22:45:00+09:00,J4,1395,1289,2684
2018-10-13T22:45:00+09:00,J5,187,164,351
2018-10-13T23:00:00+09:00,J1,644,797,1441
2018-10-13T23:00:00+09:00,J2,434,371,805
2018-10-13T23:00:00+09:00,J3,649,634,1283
2018-10-13T23:00:00+09:00,J4,1249,1202,2451
2018-10-13T23:00:00+09:00,J5,158,146,304
2018-10-13T23:15:00+09:00,J1,592,704,1296
2018-10-13T23:15:00+09:00,J2,449,354,803
2018-10-13T23:15:00+09:00,J3,676,586,1262
2018-10-13T23:15:00+09:00,J4,1063,1094,2157
2018-10-13T23:15:00+09:00,J5,151,137,288
2018-10-13T23:30:00+09:00,J1,691,780,1471
2018-10-13T23:30:00+09:00,J2,372,408,780
2018-10-13T23:30:00+09:00,J3,573,514,1087
2018-10-13T23:30:00+09:00,J4,1000,993,1993
2018-10-13T23:30:00+09:00,J5,148,142,290
2018-10-13T23:45:00+09:00,J1,589,641,1230
2018-10-13T23:45:00+09:00,J2,363,269,632
2018-10-13T23:45:00+09:00,J3,609,591,1200
2018-10-13T23:45:00+09:00,J4,1208,1110,2318
2018-10-13T23:45:00+09:00,J5,121,152,273
2018-10-14T00:00:00+09:00,J1,395,415,810
2018-10-14T00:00:00+09:00,J2,289,238,527
2018-10-14T00:00:00+09:00,J3,564,470,1034
2018-10-14T00:00:00+09:00,J4,931,989,1920
2018-10-14T00:00:00+09:00,J5,165,142,307
2018-10-14T00:15:00+09:00,J1,281,236,517
2018-10-14T00:15:00+09:00,J2,251,200,451
2018-10-14T00:15:00+09:00,J3,287,269,556
2018-10-14T00:15:00+09:00,J4,769,756,1525
2018-10-14T00:15:00+09:00,J5,270,284,554
2018-10-14T00:30:00+09:00,J1,314,217,531
2018-10-14T00:30:00+09:00,J2,184,172,356
2018-10-14T00:30:00+09:00,J3,403,423,826
2018-10-14T00:30:00+09:00,J4,681,739,1420
2018-10-14T00:30:00+09:00,J5,373,420,793
2018-10-14T00:45:00+09:00,J1,340,221,561
2018-10-14T00:45:00+09:00,J2,204,235,439
2018-10-14T00:45:00+09:00,J3,331,330,661
2018-10-14T00:45:00+09:00,J4,558,486,1044
2018-10-14T00:45:00+09:00,J5,364,390,754
2018-10-14T05:45:00+09:00,J1,427,433,860
2018-10-14T05:45:00+09:00,J2,352,327,679
2018-10-14T05:45:00+09:00,J3,421,394,815
2018-10-14T05:45:00+09:00,J4,719,720,1439
2018-10-14T05:45:00+09:00,J5,324,323,647
2018-10-14T06:00:00+09:00,J1,523,534,1057
2018-10-14T06:00:00+09:00,J2,296,290,586
2018-10-14T06:00:00+09:00,J3,287,272,559
2018-10-14T06:00:00+09:00,J4,675,674,1349
2018-10-14T06:00:00+09:00,J5,204,286,490
2018-10-14T06:15:00+09:00,J1,571,535,1106
2018-10-14T06:15:00+09:00,J2,313,329,642
2018-10-14T06:15:00+09:00,J3,276,250,526
2018-10-14T06:15:00+09:00,J4,925,897,1822
2018-10-14T06:15:00+09:00,J5,161,163,324
2018-10-14T06:30:00+09:00,J1,539,587,1126
2018-10-14T06:30:00+09:00,J2,309,322,631
2018-10-14T06:30:00+09:00,J3,255,272,527
2018-10-14T06:30:00+09:00,J4,823,800,1623
2018-10-14T06:30:00+09:00,J5,222,226,448
2018-10-14T06:45:00+09:00,J1,598,684,1282
2018-10-14T06:45:00+09:00,J2,274,286,560
2018-10-14T06:45:00+09:00,J3,279,277,556
2018-10-14T06:45:00+09:00,J4,922,928,1850
2018-10-14T06:45:00+09:00,J5,419,426,845
2018-10-14T07:00:00+09:00,J1,709,796,1505
2018-10-14T07:00:00+09:00,J2,268,298,566
2018-10-14T07:00:00+09:00,J3,301,273,574
2018-10-14T07:00:00+09:00,J4,1111,1175,2286
2018-10-14T07:00:00+09:00,J5,448,540,988
2018-10-14T07:15:00+09:00,J1,647,653,1300
2018-10-14T07:15:00+09:00,J2,281,297,578
2018-10-14T07:15:00+09:00,J3,260,275,535
2018-10-14T07:15:00+09:00,J4,981,1002,1983
2018-10-14T07:15:00+09:00,J5,444,502,946
2018-10-14T07:30:00+09:00,J1,643,627,1270
2018-10-14T07:30:00+09:00,J2,277,329,606
2018-10-14T07:30:00+09:00,J3,332,291,623
2018-10-14T07:30:00+09:00,J4,882,920,1802
2018-10-14T07:30:00+09:00,J5,392,414,806
2018-10-14T07:45:00+09:00,J1,568,542,1110
2018-10-14T07:45:00+09:00,J2,332,359,691
2018-10-14T07:45:00+09:00,J3,367,319,686
2018-10-14T07:45:00+09:00,J4,903,926,1829
2018-10-14T07:45:00+09:00,J5,371,367,738
2018-10-14T08:00:00+09:00,J1,601,598,1199
2018-10-14T08:00:00+09:00,J2,393,381,774
2018-10-14T08:00:00+09:00,J3,442,408,850
2018-10-14T08:00:00+09:00,J4,881,893,1774
2018-10-14T08:00:00+09:00,J5,358,352,710
2018-10-14T08:15:00+09:00,J1,765,669,1434
2018-10-14T08:15:00+09:00,J2,439,366,805
2018-10-14T08:15:00+09:00,J3,403,375,778
2018-10-14T08:15:00+09:00,J4,810,846,1656
2018-10-14T08:15:00+09:00,J5,330,307,637
2018-10-14T08:30:00+09:00,J1,653,568,1221
2018-10-14T08:30:00+09:00,J2,369,345,714
2018-10-14T08:30:00+09:00,J3,418,444,862
2018-10-14T08:30:00+09:00,J4,794,832,1626
2018-10-14T08:30:00+09:00,J5,299,263,562
2018-10-14T08:45:00+09:00,J1,622,609,1231
2018-10-14T08:45:00+09:00,J2,400,361,761
2018-10-14T08:45:00+09:00,J3,393,399,792
2018-10-14T08:45:00+09:00,J4,673,619,1292
2018-10-14T08:45:00+09:00,J5,384,320,704
2018-10-14T09:00:00+09:00,J1,550,526,1076
2018-10-14T09:00:00+09:00,J2,396,348,744
2018-10-14T09:00:00+09:00,J3,372,396,768
2018-10-14T09:00:00+09:00,J4,739,697,1436
2018-10-14T09:00:00+09:00,J5,377,382,759
2018-10-14T09:15:00+09:00,J1,604,585,1189
2018-10-14T09:15:00+09:00,J2,419,318,737
2018-10-14T09:15:00+09:00,J3,352,363,715
2018-10-14T09:15:00+09:00,J4,651,651,1302
2018-10-14T09:15:00+09:00,J5,378,439,817
2018-10-14T09:30:00+09:00,J1,570,574,1144
2018-10-14T09:30:00+09:00,J2,412,363,775
2018-10-14T09:30:00+09:00,J3,383,372,755
2018-10-14T09:30:00+09:00,J4,729,716,1445
2018-10-14T09:30:00+09:00,J5,256,216,472
2018-10-14T09:45:00+09:00,J1,512,514,1026
2018-10-14T09:45:00+09:00,J2,401,437,838
2018-10-14T09:45:00+09:00,J3,531,497,1028
2018-10-14T09:45:00+09:00,J4,618,588,1206
2018-10-14T09:45:00+09:00,J5,245,237,482
2018-10-14T10:00:00+09:00,J1,553,552,1105
2018-10-14T10:00:00+09:00,J2,371,439,810
2018-10-14T10:00:00+09:00,J3,514,474,988
2018-10-14T10:00:00+09:00,J4,704,693,1397
2018-10-14T10:00:00+09:00,J5,213,222,435
2018-10-14T10:15:00+09:00,J1,493,504,997
2018-10-14T10:15:00+09:00,J2,385,357,742
2018-10-14T10:15:00+09:00,J3,614,586,1200
2018-10-14T10:15:00+09:00,J4,621,681,1302
2018-10-14T10:15:00+09:00,J5,313,302,615
2018-10-14T10:30:00+09:00,J1,576,531,1107
2018-10-14T10:30:00+09:00,J2,446,339,785
2018-10-14T10:30:00+09:00,J3,688,661,1349
2018-10-14T10:30:00+09:00,J4,693,698,1391
2018-10-14T10:30:00+09:00,J5,431,458,889
2018-10-14T10:45:00+09:00,J1,577,621,1198
2018-10-14T10:45:00+09:00,J2,437,361,798
2018-10-14T10:45:00+09:00,J3,629,600,1229
2018-10-14T10:45:00+09:00,J4,776,785,1561
2018-10-14T10:45:00+09:00,J5,414,415,829
2018-10-14T11:00:00+09:00,J1,587,635,1222
2018-10-14T11:00:00+09:00,J2,456,393,849
2018-10-14T11:00:00+09:00,J3,689,633,1322
2018-10-14T11:00:00+09:00,J4,653,787,1440
2018-10-14T11:00:00+09:00,J5,354,373,727
2018-10-14T11:15:00+09:00,J1,644,640,1284
2018-10-14T11:15:00+09:00,J2,534,412,946
2018-10-14T11:15:00+09:00,J3,734,681,1415
2018-10-14T11:15:00+09:00,J4,947,871,1818
2018-10-14T11:15:00+09:00,J5,322,291,613
2018-10-14T11:30:00+09:00,J1,539,614,1153
2018-10-14T11:30:00+09:00,J2,560,392,952
2018-10-14T11:30:00+09:00,J3,763,757,1520
2018-10-14T11:30:00+09:00,J4,897,909,1806
2018-10-14T11:30:00+09:00,J5,279,257,536
2018-10-14T11:45:00+09:00,J1,728,724,1452
2018-10-14T11:45:00+09:00,J2,512,415,927
2018-10-14T11:45:00+09:00,J3,808,808,1616
2018-10-14T11:45:00+09:00,J4,701,736,1437
2018-10-14T11:45:00+09:00,J5,291,311,602
2018-10-14T12:00:00+09:00,J1,669,727,1396
2018-10-14T12:00:00+09:00,J2,525,426,951
2018-10-14T12:00:00+09:00,J3,768,781,1549
2018-10-14T12:00:00+09:00,J4,762,841,1603
2018-10-14T12:00:00+09:00,J5,357,311,668
2018-10-14T12:15:00+09:00,J1,707,877,1584
2018-10-14T12:15:00+09:00,J2,569,414,983
2018-10-14T12:15:00+09:00,J3,788,889,1677
2018-10-14T12:15:00+09:00,J4,860,788,1648
2018-10-14T12:15:00+09:00,J5,365,335,700
2018-10-14T12:30:00+09:00,J1,757,773,1530
2018-10-14T12:30:00+09:00,J2,666,408,1074
2018-10-14T12:30:00+09:00,J3,789,883,1672
2018-10-14T12:30:00+09:00,J4,860,885,1745
2018-10-14T12:30:00+09:00,J5,316,372,688
2018-10-14T12:45:00+09:00,J1,750,942,1692
2018-10-14T12:45:00+09:00,J2,687,550,1237
2018-10-14T12:45:00+09:00,J3,840,844,1684
2018-10-14T12:45:00+09:00,J4,1003,992,1995
2018-10-14T12:45:00+09:00,J5,480,461,941
2018-10-14T13:00:00+09:00,J1,724,916,1640
2018-10-14T13:00:00+09:00,J2,758,590,1348
2018-10-14T13:00:00+09:00,J3,868,811,1679
2018-10-14T13:00:00+09:00,J4,707,831,1538
2018-10-14T13:00:00+09:00,J5,465,513,978
2018-10-14T13:15:00+09:00,J1,739,966,1705
2018-10-14T13:15:00+09:00,J2,750,707,1457
2018-10-14T13:15:00+09:00,J3,805,765,1570
2018-10-14T13:15:00+09:00,J4,827,922,1749
2018-10-14T13:15:00+09:00,J5,378,432,810
2018-10-14T13:30:00+09:00,J1,811,998,1809
2018-10-14T13:30:00+09:00,J2,669,626,1295
2018-10-14T13:30:00+09:00,J3,765,791,1556
2018-10-14T13:30:00+09:00,J4,786,801,1587
2018-10-14T13:30:00+09:00,J5,335,377,712
2018-10-14T13:45:00+09:00,J1,750,995,1745
2018-10-14T13:45:00+09:00,J2,752,726,1478
2018-10-14T13:45:00+09:00,J3,782,793,1575
2018-10-14T13:45:00+09:00,J4,893,853,1746
2018-10-14T13:45:00+09:00,J5,350,370,720
2018-10-14T14:00:00+09:00,J1,816,990,1806
2018-10-14T14:00:00+09:00,J2,751,674,1425
2018-10-14T14:00:00+09:00,J3,738,692,1430
2018-10-14T14:00:00+09:00,J4,899,906,1805
2018-10-14T14:00:00+09:00,J5,472,501,973
2018-10-14T14:15:00+09:00,J1,908,1016,1924
2018-10-14T14:15:00+09:00,J2,765,712,1477
2018-10-14T14:15:00+09:00,J3,766,783,1549
2018-10-14T14:15:00+09:00,J4,773,798,1571
2018-10-14T14:15:00+09:00,J5,331,381,712
2018-10-14T14:30:00+09:00,J1,852,1021,1873
2018-10-14T14:30:00+09:00,J2,760,708,1468
2018-10-14T14:30:00+09:00,J3,721,671,1392
2018-10-14T14:30:00+09:00,J4,689,667,1356
2018-10-14T14:30:00+09:00,J5,296,315,611
2018-10-14T14:45:00+09:00,J1,851,1063,1914
2018-10-14T14:45:00+09:00,J2,703,778,1481
2018-10-14T14:45:00+09:00,J3,667,759,1426
2018-10-14T14:45:00+09:00,J4,766,766,1532
2018-10-14T14:45:00+09:00,J5,347,389,736
2018-10-14T15:00:00+09:00,J1,825,1009,1834
2018-10-14T15:00:00+09:00,J2,762,735,1497
2018-10-14T15:00:00+09:00,J3,660,753,1413
2018-10-14T15:00:00+09:00,J4,667,781,1448
2018-10-14T15:00:00+09:00,J5,330,325,655
2018-10-14T15:15:00+09:00,J1,854,1129,1983
2018-10-14T15:15:00+09:00,J2,754,731,1485
2018-10-14T15:15:00+09:00,J3,670,673,1343
2018-10-14T15:15:00+09:00,J4,768,771,1539
2018-10-14T15:15:00+09:00,J5,351,346,697
2018-10-14T15:30:00+09:00,J1,913,1099,2012
2018-10-14T15:30:00+09:00,J2,676,635,1311
2018-10-14T15:30:00+09:00,J3,660,678,1338
2018-10-14T15:30:00+09:00,J4,735,771,1506
2018-10-14T15:30:00+09:00,J5,281,295,576
2018-10-14T15:45:00+09:00,J1,864,1072,1936
2018-10-14T15:45:00+09:00,J2,718,664,1382
2018-10-14T15:45:00+09:00,J3,642,685,1327
2018-10-14T15:45:00+09:00,J4,768,730,1498
2018-10-14T15:45:00+09:00,J5,370,405,775
2018-10-14T16:00:00+09:00,J1,797,988,1785
2018-10-14T16:00:00+09:00,J2,650,705,1355
2018-10-14T16:00:00+09:00,J3,648,681,1329
2018-10-14T16:00:00+09:00,J4,759,614,1373
2018-10-14T16:00:00+09:00,J5,388,400,788
2018-10-14T16:15:00+09:00,J1,827,889,1716
2018-10-14T16:15:00+09:00,J2,672,591,1263
2018-10-14T16:15:00+09:00,J3,677,593,1270
2018-10-14T16:15:00+09:00,J4,685,619,1304
2018-10-14T16:15:00+09:00,J5,324,387,711
2018-10-14T16:30:00+09:00,J1,897,925,1822
2018-10-14T16:30:00+09:00,J2,679,607,1286
2018-10-14T16:30:00+09:00,J3,715,643,1358
2018-10-14T16:30:00+09:00,J4,666,646,1312
2018-10-14T16:30:00+09:00,J5,242,248,490
2018-10-14T16:45:00+09:00,J1,852,942,1794
2018-10-14T16:45:00+09:00,J2,671,562,1233
2018-10-14T16:45:00+09:00,J3,709,696,1405
2018-10-14T16:45:00+09:00,J4,688,660,1348
2018-10-14T16:45:00+09:00,J5,290,286,576
2018-10-14T17:00:00+09:00,J1,795,875,1670
2018-10-14T17:00:00+09:00,J2,705,582,1287
2018-10-14T17:00:00+09:00,J3,748,667,1415
2018-10-14T17:00:00+09:00,J4,680,577,1257
2018-10-14T17:00:00+09:00,J5,283,267,550
2018-10-14T17:15:00+09:00,J1,866,943,1809
2018-10-14T17:15:00+09:00,J2,659,535,1194
2018-10-14T17:15:00+09:00,J3,745,714,1459
2018-10-14T17:15:00+09:00,J4,494,473,967
2018-10-14T17:15:00+09:00,J5,264,263,527
2018-10-14T17:30:00+09:00,J1,864,926,1790
2018-10-14T17:30:00+09:00,J2,623,542,1165
2018-10-14T17:30:00+09:00,J3,806,799,1605
2018-10-14T17:30:00+09:00,J4,506,497,1003
2018-10-14T17:30:00+09:00,J5,272,254,526
2018-10-14T17:45:00+09:00,J1,782,869,1651
2018-10-14T17:45:00+09:00,J2,560,490,1050
2018-10-14T17:45:00+09:00,J3,883,803,1686
2018-10-14T17:45:00+09:00,J4,513,434,947
2018-10-14T17:45:00+09:00,J5,340,279,619
2018-10-14T18:00:00+09:00,J1,865,952,1817
2018-10-14T18:00:00+09:00,J2,639,409,1048
2018-10-14T18:00:00+09:00,J3,872,885,1757
2018-10-14T18:00:00+09:00,J4,515,506,1021
2018-10-14T18:00:00+09:00,J5,344,301,645
2018-10-14T18:15:00+09:00,J1,781,913,1694
2018-10-14T18:15:00+09:00,J2,556,383,939
2018-10-14T18:15:00+09:00,J3,839,847,1686
2018-10-14T18:15:00+09:00,J4,555,482,1037
2018-10-14T18:15:00+09:00,J5,450,541,991
2018-10-14T18:30:00+09:00,J1,798,873,1671
2018-10-14T18:30:00+09:00,J2,536,442,978
2018-10-14T18:30:00+09:00,J3,768,721,1489
2018-10-14T18:30:00+09:00,J4,501,394,895
2018-10-14T18:30:00+09:00,J5,469,471,940
2018-10-14T18:45:00+09:00,J1,727,811,1538
2018-10-14T18:45:00+09:00,J2,411,345,756
2018-10-14T18:45:00+09:00,J3,711,696,1407
2018-10-14T18:45:00+09:00,J4,608,497,1105
2018-10-14T18:45:00+09:00,J5,461,486,947
2018-10-14T19:00:00+09:00,J1,656,783,1439
2018-10-14T19:00:00+09:00,J2,439,373,812
2018-10-14T19:00:00+09:00,J3,704,666,1370
2018-10-14T19:00:00+09:00,J4,584,645,1229
2018-10-14T19:00:00+09:00,J5,406,440,846
2018-10-14T19:15:00+09:00,J1,730,807,1537
2018-10-14T19:15:00+09:00,J2,487,419,906
2018-10-14T19:15:00+09:00,J3,752,714,1466
2018-10-14T19:15:00+09:00,J4,423,473,896
2018-10-14T19:15:00+09:00,J5,470,498,968
2018-10-14T19:30:00+09:00,J1,616,658,1274
2018-10-14T19:30:00+09:00,J2,510,372,882
2018-10-14T19:30:00+09:00,J3,632,663,1295
2018-10-14T19:30:00+09:00,J4,604,625,1229
2018-10-14T19:30:00+09:00,J5,318,284,602
2018-10-14T19:45:00+09:00,J1,633,724,1357
2018-10-14T19:45:00+09:00,J2,461,347,808
2018-10-14T19:45:00+09:00,J3,622,631,1253
2018-10-14T19:45:00+09:00,J4,793,771,1564
2018-10-14T19:45:00+09:00,J5,382,444,826
2018-10-14T20:00:00+09:00,J1,694,749,1443
2018-10-14T20:00:00+09:00,J2,363,411,774
2018-10-14T20:00:00+09:00,J3,634,561,1195
2018-10-14T20:00:00+09:00,J4,629,625,1254
2018-10-14T20:00:00+09:00,J5,381,424,805
2018-10-14T20:15:00+09:00,J1,740,799,1539
2018-10-14T20:15:00+09:00,J2,340,337,677
2018-10-14T20:15:00+09:00,J3,626,565,1191
2018-10-14T20:15:00+09:00,J4,551,602,1153
2018-10-14T20:15:00+09:00,J5,553,595,1148
2018-10-14T20:30:00+09:00,J1,662,758,1420
2018-10-14T20:30:00+09:00,J2,330,413,743
2018-10-14T20:30:00+09:00,J3,570,494,1064
2018-10-14T20:30:00+09:00,J4,682,634,1316
2018-10-14T20:30:00+09:00,J5,535,587,1122
2018-10-14T20:45:00+09:00,J1,659,684,1343
2018-10-14T20:45:00+09:00,J2,337,346,683
2018-10-14T20:45:00+09:00,J3,565,499,1064
2018-10-14T20:45:00+09:00,J4,696,710,1406
2018-10-14T20:45:00+09:00,J5,449,504,953
2018-10-14T21:00:00+09:00,J1,728,870,1598
2018-10-14T21:00:00+09:00,J2,276,328,604
2018-10-14T21:00:00+09:00,J3,500,505,1005
2018-10-14T21:00:00+09:00,J4,823,737,1560
2018-10-14T21:00:00+09:00,J5,551,594,1145
2018-10-14T21:15:00+09:00,J1,673,727,1400
2018-10-14T21:15:00+09:00,J2,369,406,775
2018-10-14T21:15:00+09:00,J3,482,456,938
2018-10-14T21:15:00+09:00,J4,852,804,1656
2018-10-14T21:15:00+09:00,J5,582,636,1218
2018-10-14T21:30:00+09:00,J1,675,696,1371
2018-10-14T21:30:00+09:00,J2,440,475,915
2018-10-14T21:30:00+09:00,J3,499,479,978
2018-10-14T21:30:00+09:00,J4,976,806,1782
2018-10-14T21:30:00+09:00,J5,686,722,1408
2018-10-14T21:45:00+09:00,J1,672,670,1342
2018-10-14T21:45:00+09:00,J2,274,365,639
2018-10-14T21:45:00+09:00,J3,463,469,932
2018-10-14T21:45:00+09:00,J4,939,916,1855
2018-10-14T21:45:00+09:00,J5,604,662,1266
2018-10-14T22:00:00+09:00,J1,539,645,1184
2018-10-14T22:00:00+09:00,J2,228,238,466
2018-10-14T22:00:00+09:00,J3,447,431,878
2018-10-14T22:00:00+09:00,J4,848,810,1658
2018-10-14T22:00:00+09:00,J5,555,651,1206
2018-10-14T22:15:00+09:00,J1,577,651,1228
2018-10-14T22:15:00+09:00,J2,224,203,427
2018-10-14T22:15:00+09:00,J3,470,448,918
2018-10-14T22:15:00+09:00,J4,1015,1009,2024
2018-10-14T22:15:00+09:00,J5,624,652,1276
2018-10-14T22:30:00+09:00,J1,611,617,1228
2018-10-14T22:30:00+09:00,J2,225,240,465
2018-10-14T22:30:00+09:00,J3,500,445,945
2018-10-14T22:30:00+09:00,J4,1090,1112,2202
2018-10-14T22:30:00+09:00,J5,426,369,795
2018-10-14T22:45:00+09:00,J1,519,557,1076
2018-10-14T22:45:00+09:00,J2,212,239,451
2018-10-14T22:45:00+09:00,J3,497,448,945
2018-10-14T22:45:00+09:00,J4,1065,1033,2098
2018-10-14T22:45:00+09:00,J5,241,187,428
2018-10-14T23:00:00+09:00,J1,590,619,1209
2018-10-14T23:00:00+09:00,J2,259,263,522
2018-10-14T23:00:00+09:00,J3,520,507,1027
2018-10-14T23:00:00+09:00,J4,901,842,1743
2018-10-14T23:00:00+09:00,J5,145,192,337
2018-10-14T23:15:00+09:00,J1,638,640,1278
2018-10-14T23:15:00+09:00,J2,237,236,473
2018-10-14T23:15:00+09:00,J3,458,398,856
2018-10-14T23:15:00+09:00,J4,888,878,1766
2018-10-14T23:15:00+09:00,J5,203,171,374
2018-10-14T23:30:00+09:00,J1,610,592,1202
2018-10-14T23:30:00+09:00,J2,244,262,506
2018-10-14T23:30:00+09:00,J3,503,525,1028
2018-10-14T23:30:00+09:00,J4,683,709,1392
2018-10-14T23:30:00+09:00,J5,202,151,353
2018-10-14T23:45:00+09:00,J1,444,505,949
2018-10-14T23:45:00+09:00,J2,211,213,424
2018-10-14T23:45:00+09:00,J3,511,489,1000
2018-10-14T23:45:00+09:00,J4,898,874,1772
2018-10-14T23:45:00+09:00,J5,155,172,327
2018-10-15T00:00:00+09:00,J1,297,324,621
2018-10-15T00:00:00+09:00,J2,180,209,389
2018-10-15T00:00:00+09:00,J3,502,437,939
2018-10-15T00:00:00+09:00,J4,528,511,1039
2018-10-15T00:00:00+09:00,J5,161,158,319
2018-10-15T00:15:00+09:00,J1,235,219,454
2018-10-15T00:15:00+09:00,J2,250,284,534
2018-10-15T00:15:00+09:00,J3,284,261,545
2018-10-15T00:15:00+09:00,J4,356,352,708
2018-10-15T00:15:00+09:00,J5,188,161,349
2018-10-15T00:30:00+09:00,J1,244,223,467
2018-10-15T00:30:00+09:00,J2,264,289,553
2018-10-15T00:30:00+09:00,J3,368,385,753
2018-10-15T00:30:00+09:00,J4,355,357,712
2018-10-15T00:30:00+09:00,J5,381,359,740
2018-10-15T00:45:00+09:00,J1,295,267,562
2018-10-15T00:45:00+09:00,J2,228,283,511
2018-10-15T00:45:00+09:00,J3,442,386,828
2018-10-15T00:45:00+09:00,J4,396,431,827
2018-10-15T00:45:00+09:00,J5,328,412,740
2018-10-15T05:45:00+09:00,J1,378,286,664
2018-10-15T05:45:00+09:00,J2,514,556,1070
2018-10-15T05:45:00+09:00,J3,349,332,681
2018-10-15T05:45:00+09:00,J4,955,896,1851
2018-10-15T05:45:00+09:00,J5,156,185,341
2018-10-15T06:00:00+09:00,J1,345,304,649
2018-10-15T06:00:00+09:00,J2,421,354,775
2018-10-15T06:00:00+09:00,J3,180,168,348
2018-10-15T06:00:00+09:00,J4,701,689,1390
2018-10-15T06:00:00+09:00,J5,139,127,266
2018-10-15T06:15:00+09:00,J1,471,480,951
2018-10-15T06:15:00+09:00,J2,346,333,679
2018-10-15T06:15:00+09:00,J3,262,234,496
2018-10-15T06:15:00+09:00,J4,673,656,1329
2018-10-15T06:15:00+09:00,J5,231,184,415
2018-10-15T06:30:00+09:00,J1,603,546,1149
2018-10-15T06:30:00+09:00,J2,304,294,598
2018-10-15T06:30:00+09:00,J3,252,254,506
2018-10-15T06:30:00+09:00,J4,601,538,1139
2018-10-15T06:30:00+09:00,J5,183,227,410
2018-10-15T06:45:00+09:00,J1,616,604,1220
2018-10-15T06:45:00+09:00,J2,336,327,663
2018-10-15T06:45:00+09:00,J3,304,291,595
2018-10-15T06:45:00+09:00,J4,671,660,1331
2018-10-15T06:45:00+09:00,J5,255,284,539
2018-10-15T07:00:00+09:00,J1,813,800,1613
2018-10-15T07:00:00+09:00,J2,330,347,677
2018-10-15T07:00:00+09:00,J3,351,295,646
2018-10-15T07:00:00+09:00,J4,958,995,1953
2018-10-15T07:00:00+09:00,J5,380,433,813
2018-10-15T07:15:00+09:00,J1,688,637,1325
2018-10-15T07:15:00+09:00,J2,362,328,690
2018-10-15T07:15:00+09:00,J3,377,293,670
2018-10-15T07:15:00+09:00,J4,1116,1200,2316
2018-10-15T07:15:00+09:00,J5,272,251,523
2018-10-15T07:30:00+09:00,J1,754,619,1373
2018-10-15T07:30:00+09:00,J2,381,310,691
2018-10-15T07:30:00+09:00,J3,581,553,1134
2018-10-15T07:30:00+09:00,J4,927,968,1895
2018-10-15T07:30:00+09:00,J5,261,240,501
2018-10-15T07:45:00+09:00,J1,815,695,1510
2018-10-15T07:45:00+09:00,J2,469,317,786
2018-10-15T07:45:00+09:00,J3,554,548,1102
2018-10-15T07:45:00+09:00,J4,1005,1104,2109
2018-10-15T07:45:00+09:00,J5,300,217,517
2018-10-15T08:00:00+09:00,J1,1137,862,1999
2018-10-15T08:00:00+09:00,J2,635,383,1018
2018-10-15T08:00:00+09:00,J3,680,658,1338
2018-10-15T08:00:00+09:00,J4,892,1049,1941
2018-10-15T08:00:00+09:00,J5,295,253,548
2018-10-15T08:15:00+09:00,J1,1193,823,2016
2018-10-15T08:15:00+09:00,J2,716,464,1180
2018-10-15T08:15:00+09:00,J3,713,750,1463
2018-10-15T08:15:00+09:00,J4,905,1250,2155
2018-10-15T08:15:00+09:00,J5,382,311,693
2018-10-15T08:30:00+09:00,J1,1081,785,1866
2018-10-15T08:30:00+09:00,J2,745,413,1158
2018-10-15T08:30:00+09:00,J3,685,817,1502
2018-10-15T08:30:00+09:00,J4,963,1151,2114
2018-10-15T08:30:00+09:00,J5,356,331,687
2018-10-15T08:45:00+09:00,J1,846,644,1490
2018-10-15T08:45:00+09:00,J2,582,335,917
2018-10-15T08:45:00+09:00,J3,614,597,1211
2018-10-15T08:45:00+09:00,J4,655,823,1478
2018-10-15T08:45:00+09:00,J5,304,277,581
2018-10-15T09:00:00+09:00,J1,701,626,1327
2018-10-15T09:00:00+09:00,J2,515,359,874
2018-10-15T09:00:00+09:00,J3,514,501,1015
2018-10-15T09:00:00+09:00,J4,714,862,1576
2018-10-15T09:00:00+09:00,J5,295,208,503
2018-10-15T09:15:00+09:00,J1,622,532,1154
2018-10-15T09:15:00+09:00,J2,503,411,914
2018-10-15T09:15:00+09:00,J3,560,470,1030
2018-10-15T09:15:00+09:00,J4,622,747,1369
2018-10-15T09:15:00+09:00,J5,292,233,525
2018-10-15T09:30:00+09:00,J1,631,524,1155
2018-10-15T09:30:00+09:00,J2,464,360,824
2018-10-15T09:30:00+09:00,J3,589,517,1106
2018-10-15T09:30:00+09:00,J4,771,752,1523
2018-10-15T09:30:00+09:00,J5,238,235,473
2018-10-15T09:45:00+09:00,J1,636,609,1245
2018-10-15T09:45:00+09:00,J2,390,352,742
2018-10-15T09:45:00+09:00,J3,554,541,1095
2018-10-15T09:45:00+09:00,J4,664,679,1343
2018-10-15T09:45:00+09:00,J5,209,201,410
2018-10-15T10:00:00+09:00,J1,519,489,1008
2018-10-15T10:00:00+09:00,J2,412,351,763
2018-10-15T10:00:00+09:00,J3,581,601,1182
2018-10-15T10:00:00+09:00,J4,548,604,1152
2018-10-15T10:00:00+09:00,J5,142,183,325
2018-10-15T10:15:00+09:00,J1,557,569,1126
2018-10-15T10:15:00+09:00,J2,454,359,813
2018-10-15T10:15:00+09:00,J3,714,733,1447
2018-10-15T10:15:00+09:00,J4,442,550,992
2018-10-15T10:15:00+09:00,J5,193,209,402
2018-10-15T10:30:00+09:00,J1,622,579,1201
2018-10-15T10:30:00+09:00,J2,507,355,862
2018-10-15T10:30:00+09:00,J3,803,818,1621
2018-10-15T10:30:00+09:00,J4,396,504,900
2018-10-15T10:30:00+09:00,J5,221,236,457
2018-10-15T10:45:00+09:00,J1,567,573,1140
2018-10-15T10:45:00+09:00,J2,541,336,877
2018-10-15T10:45:00+09:00,J3,688,733,1421
2018-10-15T10:45:00+09:00,J4,414,464,878
2018-10-15T10:45:00+09:00,J5,207,223,430
2018-10-15T11:00:00+09:00,J1,549,623,1172
2018-10-15T11:00:00+09:00,J2,599,461,1060
2018-10-15T11:00:00+09:00,J3,828,870,1698
2018-10-15T11:00:00+09:00,J4,441,490,931
2018-10-15T11:00:00+09:00,J5,277,222,499
2018-10-15T11:15:00+09:00,J1,662,679,1341
2018-10-15T11:15:00+09:00,J2,606,487,1093
2018-10-15T11:15:00+09:00,J3,828,845,1673
2018-10-15T11:15:00+09:00,J4,370,438,808
2018-10-15T11:15:00+09:00,J5,232,273,505
2018-10-15T11:30:00+09:00,J1,593,673,1266
2018-10-15T11:30:00+09:00,J2,604,577,1181
2018-10-15T11:30:00+09:00,J3,801,757,1558
2018-10-15T11:30:00+09:00,J4,424,433,857
2018-10-15T11:30:00+09:00,J5,192,234,426
2018-10-15T11:45:00+09:00,J1,621,627,1248
2018-10-15T11:45:00+09:00,J2,655,589,1244
2018-10-15T11:45:00+09:00,J3,735,721,1456
2018-10-15T11:45:00+09:00,J4,495,364,859
2018-10-15T11:45:00+09:00,J5,240,236,476
2018-10-15T12:00:00+09:00,J1,603,737,1340
2018-10-15T12:00:00+09:00,J2,707,701,1408
2018-10-15T12:00:00+09:00,J3,742,674,1416
2018-10-15T12:00:00+09:00,J4,505,420,925
2018-10-15T12:00:00+09:00,J5,194,233,427
2018-10-15T12:15:00+09:00,J1,647,685,1332
2018-10-15T12:15:00+09:00,J2,665,689,1354
2018-10-15T12:15:00+09:00,J3,601,661,1262
2018-10-15T12:15:00+09:00,J4,545,549,1094
2018-10-15T12:15:00+09:00,J5,273,264,537
2018-10-15T12:30:00+09:00,J1,589,656,1245
2018-10-15T12:30:00+09:00,J2,663,644,1307
2018-10-15T12:30:00+09:00,J3,614,642,1256
2018-10-15T12:30:00+09:00,J4,635,690,1325
2018-10-15T12:30:00+09:00,J5,234,265,499
2018-10-15T12:45:00+09:00,J1,571,646,1217
2018-10-15T12:45:00+09:00,J2,625,675,1300
2018-10-15T12:45:00+09:00,J3,561,590,1151
2018-10-15T12:45:00+09:00,J4,628,651,1279
2018-10-15T12:45:00+09:00,J5,269,242,511
2018-10-15T13:00:00+09:00,J1,586,621,1207
2018-10-15T13:00:00+09:00,J2,604,678,1282
2018-10-15T13:00:00+09:00,J3,589,576,1165
2018-10-15T13:00:00+09:00,J4,652,643,1295
2018-10-15T13:00:00+09:00,J5,215,225,440
2018-10-15T13:15:00+09:00,J1,594,661,1255
2018-10-15T13:15:00+09:00,J2,608,632,1240
2018-10-15T13:15:00+09:00,J3,589,578,1167
2018-10-15T13:15:00+09:00,J4,676,562,1238
2018-10-15T13:15:00+09:00,J5,242,248,490
2018-10-15T13:30:00+09:00,J1,663,833,1496
2018-10-15T13:30:00+09:00,J2,665,615,1280
2018-10-15T13:30:00+09:00,J3,593,602,1195
2018-10-15T13:30:00+09:00,J4,607,569,1176
2018-10-15T13:30:00+09:00,J5,281,288,569
2018-10-15T13:45:00+09:00,J1,732,876,1608
2018-10-15T13:45:00+09:00,J2,668,537,1205
2018-10-15T13:45:00+09:00,J3,631,619,1250
2018-10-15T13:45:00+09:00,J4,556,614,1170
2018-10-15T13:45:00+09:00,J5,249,254,503
2018-10-15T14:00:00+09:00,J1,746,907,1653
2018-10-15T14:00:00+09:00,J2,585,639,1224
2018-10-15T14:00:00+09:00,J3,597,637,1234
2018-10-15T14:00:00+09:00,J4,546,517,1063
2018-10-15T14:00:00+09:00,J5,310,280,590
2018-10-15T14:15:00+09:00,J1,724,887,1611
2018-10-15T14:15:00+09:00,J2,605,637,1242
2018-10-15T14:15:00+09:00,J3,595,641,1236
2018-10-15T14:15:00+09:00,J4,585,679,1264
2018-10-15T14:15:00+09:00,J5,280,268,548
2018-10-15T14:30:00+09:00,J1,829,897,1726
2018-10-15T14:30:00+09:00,J2,684,664,1348
2018-10-15T14:30:00+09:00,J3,601,651,1252
2018-10-15T14:30:00+09:00,J4,666,695,1361
2018-10-15T14:30:00+09:00,J5,242,230,472
2018-10-15T14:45:00+09:00,J1,710,859,1569
2018-10-15T14:45:00+09:00,J2,647,649,1296
2018-10-15T14:45:00+09:00,J3,600,658,1258
2018-10-15T14:45:00+09:00,J4,635,707,1342
2018-10-15T14:45:00+09:00,J5,184,230,414
2018-10-15T15:00:00+09:00,J1,690,816,1506
2018-10-15T15:00:00+09:00,J2,535,743,1278
2018-10-15T15:00:00+09:00,J3,647,607,1254
2018-10-15T15:00:00+09:00,J4,558,644,1202
2018-10-15T15:00:00+09:00,J5,247,267,514
2018-10-15T15:15:00+09:00,J1,823,814,1637
2018-10-15T15:15:00+09:00,J2,647,617,1264
2018-10-15T15:15:00+09:00,J3,630,631,1261
2018-10-15T15:15:00+09:00,J4,591,598,1189
2018-10-15T15:15:00+09:00,J5,259,259,518
2018-10-15T15:30:00+09:00,J1,674,846,1520
2018-10-15T15:30:00+09:00,J2,640,619,1259
2018-10-15T15:30:00+09:00,J3,677,648,1325
2018-10-15T15:30:00+09:00,J4,538,531,1069
2018-10-15T15:30:00+09:00,J5,241,253,494
2018-10-15T15:45:00+09:00,J1,633,796,1429
2018-10-15T15:45:00+09:00,J2,622,581,1203
2018-10-15T15:45:00+09:00,J3,661,617,1278
2018-10-15T15:45:00+09:00,J4,487,534,1021
2018-10-15T15:45:00+09:00,J5,228,246,474
2018-10-15T16:00:00+09:00,J1,666,781,1447
2018-10-15T16:00:00+09:00,J2,615,605,1220
2018-10-15T16:00:00+09:00,J3,607,716,1323
2018-10-15T16:00:00+09:00,J4,506,525,1031
2018-10-15T16:00:00+09:00,J5,223,204,427
2018-10-15T16:15:00+09:00,J1,661,817,1478
2018-10-15T16:15:00+09:00,J2,615,612,1227
2018-10-15T16:15:00+09:00,J3,654,679,1333
2018-10-15T16:15:00+09:00,J4,516,548,1064
2018-10-15T16:15:00+09:00,J5,201,242,443
2018-10-15T16:30:00+09:00,J1,606,773,1379
2018-10-15T16:30:00+09:00,J2,591,603,1194
2018-10-15T16:30:00+09:00,J3,700,682,1382
2018-10-15T16:30:00+09:00,J4,573,613,1186
2018-10-15T16:30:00+09:00,J5,258,258,516
2018-10-15T16:45:00+09:00,J1,672,817,1489
2018-10-15T16:45:00+09:00,J2,612,558,1170
2018-10-15T16:45:00+09:00,J3,660,643,1303
2018-10-15T16:45:00+09:00,J4,589,484,1073
2018-10-15T16:45:00+09:00,J5,233,309,542
2018-10-15T17:00:00+09:00,J1,674,782,1456
2018-10-15T17:00:00+09:00,J2,600,696,1296
2018-10-15T17:00:00+09:00,J3,694,688,1382
2018-10-15T17:00:00+09:00,J4,666,489,1155
2018-10-15T17:00:00+09:00,J5,286,325,611
2018-10-15T17:15:00+09:00,J1,727,833,1560
2018-10-15T17:15:00+09:00,J2,623,752,1375
2018-10-15T17:15:00+09:00,J3,787,718,1505
2018-10-15T17:15:00+09:00,J4,692,548,1240
2018-10-15T17:15:00+09:00,J5,311,376,687
2018-10-15T17:30:00+09:00,J1,739,892,1631
2018-10-15T17:30:00+09:00,J2,774,812,1586
2018-10-15T17:30:00+09:00,J3,810,775,1585
2018-10-15T17:30:00+09:00,J4,682,568,1250
2018-10-15T17:30:00+09:00,J5,380,439,819
2018-10-15T17:45:00+09:00,J1,779,949,1728
2018-10-15T17:45:00+09:00,J2,722,851,1573
2018-10-15T17:45:00+09:00,J3,868,767,1635
2018-10-15T17:45:00+09:00,J4,717,598,1315
2018-10-15T17:45:00+09:00,J5,438,531,969
2018-10-15T18:00:00+09:00,J1,782,990,1772
2018-10-15T18:00:00+09:00,J2,798,841,1639
2018-10-15T18:00:00+09:00,J3,880,840,1720
2018-10-15T18:00:00+09:00,J4,679,625,1304
2018-10-15T18:00:00+09:00,J5,388,479,867
2018-10-15T18:15:00+09:00,J1,822,981,1803
2018-10-15T18:15:00+09:00,J2,718,834,1552
2018-10-15T18:15:00+09:00,J3,844,723,1567
2018-10-15T18:15:00+09:00,J4,700,555,1255
2018-10-15T18:15:00+09:00,J5,420,481,901
2018-10-15T18:30:00+09:00,J1,839,910,1749
2018-10-15T18:30:00+09:00,J2,673,740,1413
2018-10-15T18:30:00+09:00,J3,826,673,1499
2018-10-15T18:30:00+09:00,J4,681,561,1242
2018-10-15T18:30:00+09:00,J5,357,429,786
2018-10-15T18:45:00+09:00,J1,764,895,1659
2018-10-15T18:45:00+09:00,J2,645,623,1268
2018-10-15T18:45:00+09:00,J3,759,740,1499
2018-10-15T18:45:00+09:00,J4,792,668,1460
2018-10-15T18:45:00+09:00,J5,347,388,735
2018-10-15T19:00:00+09:00,J1,686,815,1501
2018-10-15T19:00:00+09:00,J2,674,698,1372
2018-10-15T19:00:00+09:00,J3,790,686,1476
2018-10-15T19:00:00+09:00,J4,846,793,1639
2018-10-15T19:00:00+09:00,J5,471,495,966
2018-10-15T19:15:00+09:00,J1,624,847,1471
2018-10-15T19:15:00+09:00,J2,654,693,1347
2018-10-15T19:15:00+09:00,J3,832,811,1643
2018-10-15T19:15:00+09:00,J4,812,682,1494
2018-10-15T19:15:00+09:00,J5,504,565,1069
2018-10-15T19:30:00+09:00,J1,646,782,1428
2018-10-15T19:30:00+09:00,J2,584,721,1305
2018-10-15T19:30:00+09:00,J3,778,737,1515
2018-10-15T19:30:00+09:00,J4,903,796,1699
2018-10-15T19:30:00+09:00,J5,600,687,1287
2018-10-15T19:45:00+09:00,J1,602,733,1335
2018-10-15T19:45:00+09:00,J2,564,607,1171
2018-10-15T19:45:00+09:00,J3,744,664,1408
2018-10-15T19:45:00+09:00,J4,868,810,1678
2018-10-15T19:45:00+09:00,J5,594,689,1283
2018-10-15T20:00:00+09:00,J1,571,740,1311
2018-10-15T20:00:00+09:00,J2,563,574,1137
2018-10-15T20:00:00+09:00,J3,782,730,1512
2018-10-15T20:00:00+09:00,J4,969,873,1842
2018-10-15T20:00:00+09:00,J5,618,713,1331
2018-10-15T20:15:00+09:00,J1,584,747,1331
2018-10-15T20:15:00+09:00,J2,505,569,1074
2018-10-15T20:15:00+09:00,J3,777,706,1483
2018-10-15T20:15:00+09:00,J4,833,715,1548
2018-10-15T20:15:00+09:00,J5,509,648,1157
2018-10-15T20:30:00+09:00,J1,658,683,1341
2018-10-15T20:30:00+09:00,J2,548,571,1119
2018-10-15T20:30:00+09:00,J3,709,690,1399
2018-10-15T20:30:00+09:00,J4,687,596,1283
2018-10-15T20:30:00+09:00,J5,551,666,1217
2018-10-15T20:45:00+09:00,J1,552,605,1157
2018-10-15T20:45:00+09:00,J2,519,456,975
2018-10-15T20:45:00+09:00,J3,654,656,1310
2018-10-15T20:45:00+09:00,J4,964,841,1805
2018-10-15T20:45:00+09:00,J5,626,740,1366
2018-10-15T21:00:00+09:00,J1,642,671,1313
2018-10-15T21:00:00+09:00,J2,499,416,915
2018-10-15T21:00:00+09:00,J3,572,565,1137
2018-10-15T21:00:00+09:00,J4,970,845,1815
2018-10-15T21:00:00+09:00,J5,672,686,1358
2018-10-15T21:15:00+09:00,J1,664,691,1355
2018-10-15T21:15:00+09:00,J2,448,419,867
2018-10-15T21:15:00+09:00,J3,581,565,1146
2018-10-15T21:15:00+09:00,J4,855,753,1608
2018-10-15T21:15:00+09:00,J5,604,663,1267
2018-10-15T21:30:00+09:00,J1,649,755,1404
2018-10-15T21:30:00+09:00,J2,514,380,894
2018-10-15T21:30:00+09:00,J3,573,553,1126
2018-10-15T21:30:00+09:00,J4,730,724,1454
2018-10-15T21:30:00+09:00,J5,328,339,667
2018-10-15T21:45:00+09:00,J1,552,620,1172
2018-10-15T21:45:00+09:00,J2,374,356,730
2018-10-15T21:45:00+09:00,J3,571,560,1131
2018-10-15T21:45:00+09:00,J4,896,820,1716
2018-10-15T21:45:00+09:00,J5,344,366,710
2018-10-15T22:00:00+09:00,J1,641,712,1353
2018-10-15T22:00:00+09:00,J2,351,333,684
2018-10-15T22:00:00+09:00,J3,598,595,1193
2018-10-15T22:00:00+09:00,J4,932,778,1710
2018-10-15T22:00:00+09:00,J5,293,303,596
2018-10-15T22:15:00+09:00,J1,505,576,1081
2018-10-15T22:15:00+09:00,J2,370,276,646
2018-10-15T22:15:00+09:00,J3,586,595,1181
2018-10-15T22:15:00+09:00,J4,1034,973,2007
2018-10-15T22:15:00+09:00,J5,619,665,1284
2018-10-15T22:30:00+09:00,J1,503,582,1085
2018-10-15T22:30:00+09:00,J2,369,270,639
2018-10-15T22:30:00+09:00,J3,526,558,1084
2018-10-15T22:30:00+09:00,J4,1220,1210,2430
2018-10-15T22:30:00+09:00,J5,494,564,1058
2018-10-15T22:45:00+09:00,J1,595,614,1209
2018-10-15T22:45:00+09:00,J2,316,245,561
2018-10-15T22:45:00+09:00,J3,603,565,1168
2018-10-15T22:45:00+09:00,J4,1004,969,1973
2018-10-15T22:45:00+09:00,J5,231,197,428
2018-10-15T23:00:00+09:00,J1,519,549,1068
2018-10-15T23:00:00+09:00,J2,260,260,520
2018-10-15T23:00:00+09:00,J3,664,595,1259
2018-10-15T23:00:00+09:00,J4,991,984,1975
2018-10-15T23:00:00+09:00,J5,130,142,272
2018-10-15T23:15:00+09:00,J1,510,613,1123
2018-10-15T23:15:00+09:00,J2,276,296,572
2018-10-15T23:15:00+09:00,J3,546,498,1044
2018-10-15T23:15:00+09:00,J4,935,917,1852
2018-10-15T23:15:00+09:00,J5,151,171,322
2018-10-15T23:30:00+09:00,J1,583,632,1215
2018-10-15T23:30:00+09:00,J2,275,258,533
2018-10-15T23:30:00+09:00,J3,560,565,1125
2018-10-15T23:30:00+09:00,J4,826,820,1646
2018-10-15T23:30:00+09:00,J5,151,146,297
2018-10-15T23:45:00+09:00,J1,541,534,1075
2018-10-15T23:45:00+09:00,J2,256,240,496
2018-10-15T23:45:00+09:00,J3,653,566,1219
2018-10-15T23:45:00+09:00,J4,657,575,1232
2018-10-15T23:45:00+09:00,J5,128,135,263
2018-10-16T00:00:00+09:00,J1,386,439,825
2018-10-16T00:00:00+09:00,J2,246,230,476
2018-10-16T00:00:00+09:00,J3,556,494,1050
2018-10-16T00:00:00+09:00,J4,988,963,1951
2018-10-16T00:00:00+09:00,J5,146,167,313
2018-10-16T00:15:00+09:00,J1,224,285,509
2018-10-16T00:15:00+09:00,J2,237,226,463
2018-10-16T00:15:00+09:00,J3,339,254,593
2018-10-16T00:15:00+09:00,J4,593,602,1195
2018-10-16T00:15:00+09:00,J5,193,176,369
2018-10-16T00:30:00+09:00,J1,273,208,481
2018-10-16T00:30:00+09:00,J2,190,240,430
2018-10-16T00:30:00+09:00,J3,377,372,749
2018-10-16T00:30:00+09:00,J4,598,514,1112
2018-10-16T00:30:00+09:00,J5,366,391,757
2018-10-16T00:45:00+09:00,J1,316,241,557
2018-10-16T00:45:00+09:00,J2,217,287,504
2018-10-16T00:45:00+09:00,J3,390,395,785
2018-10-16T00:45:00+09:00,J4,526,496,1022
2018-10-16T00:45:00+09:00,J5,329,400,729
2018-10-16T05:45:00+09:00,J1,293,221,514
2018-10-16T05:45:00+09:00,J2,271,245,516
2018-10-16T05:45:00+09:00,J3,375,333,708
2018-10-16T05:45:00+09:00,J4,876,902,1778
2018-10-16T05:45:00+09:00,J5,213,240,453
2018-10-16T06:00:00+09:00,J1,275,285,560
2018-10-16T06:00:00+09:00,J2,292,246,538
2018-10-16T06:00:00+09:00,J3,269,206,475
2018-10-16T06:00:00+09:00,J4,939,924,1863
2018-10-16T06:00:00+09:00,J5,141,144,285
2018-10-16T06:15:00+09:00,J1,387,379,766
2018-10-16T06:15:00+09:00,J2,226,296,522
2018-10-16T06:15:00+09:00,J3,300,282,582
2018-10-16T06:15:00+09:00,J4,1091,1126,2217
2018-10-16T06:15:00+09:00,J5,192,145,337
2018-10-16T06:30:00+09:00,J1,551,539,1090
2018-10-16T06:30:00+09:00,J2,241,277,518
2018-10-16T06:30:00+09:00,J3,271,237,508
2018-10-16T06:30:00+09:00,J4,920,908,1828
2018-10-16T06:30:00+09:00,J5,360,434,794
2018-10-16T06:45:00+09:00,J1,508,518,1026
2018-10-16T06:45:00+09:00,J2,294,270,564
2018-10-16T06:45:00+09:00,J3,282,255,537
2018-10-16T06:45:00+09:00,J4,907,918,1825
2018-10-16T06:45:00+09:00,J5,447,447,894
2018-10-16T07:00:00+09:00,J1,664,678,1342
2018-10-16T07:00:00+09:00,J2,282,308,590
2018-10-16T07:00:00+09:00,J3,290,271,561
2018-10-16T07:00:00+09:00,J4,1077,1156,2233
2018-10-16T07:00:00+09:00,J5,479,581,1060
2018-10-16T07:15:00+09:00,J1,872,796,1668
2018-10-16T07:15:00+09:00,J2,357,351,708
2018-10-16T07:15:00+09:00,J3,335,285,620
2018-10-16T07:15:00+09:00,J4,984,1115,2099
2018-10-16T07:15:00+09:00,J5,439,495,934
2018-10-16T07:30:00+09:00,J1,817,664,1481
2018-10-16T07:30:00+09:00,J2,405,330,735
2018-10-16T07:30:00+09:00,J3,640,538,1178
2018-10-16T07:30:00+09:00,J4,1027,1152,2179
2018-10-16T07:30:00+09:00,J5,355,356,711
2018-10-16T07:45:00+09:00,J1,882,800,1682
2018-10-16T07:45:00+09:00,J2,494,358,852
2018-10-16T07:45:00+09:00,J3,555,504,1059
2018-10-16T07:45:00+09:00,J4,993,1177,2170
2018-10-16T07:45:00+09:00,J5,293,222,515
2018-10-16T08:00:00+09:00,J1,1064,837,1901
2018-10-16T08:00:00+09:00,J2,649,386,1035
2018-10-16T08:00:00+09:00,J3,681,605,1286
2018-10-16T08:00:00+09:00,J4,920,1205,2125
2018-10-16T08:00:00+09:00,J5,298,253,551
2018-10-16T08:15:00+09:00,J1,1147,749,1896
2018-10-16T08:15:00+09:00,J2,743,497,1240
2018-10-16T08:15:00+09:00,J3,772,807,1579
2018-10-16T08:15:00+09:00,J4,992,1321,2313
2018-10-16T08:15:00+09:00,J5,329,252,581
2018-10-16T08:30:00+09:00,J1,1245,824,2069
2018-10-16T08:30:00+09:00,J2,850,524,1374
2018-10-16T08:30:00+09:00,J3,691,797,1488
2018-10-16T08:30:00+09:00,J4,1047,1288,2335
2018-10-16T08:30:00+09:00,J5,387,282,669
2018-10-16T08:45:00+09:00,J1,897,749,1646
2018-10-16T08:45:00+09:00,J2,566,387,953
2018-10-16T08:45:00+09:00,J3,578,611,1189
2018-10-16T08:45:00+09:00,J4,925,1094,2019
2018-10-16T08:45:00+09:00,J5,322,268,590
2018-10-16T09:00:00+09:00,J1,838,683,1521
2018-10-16T09:00:00+09:00,J2,471,386,857
2018-10-16T09:00:00+09:00,J3,507,487,994
2018-10-16T09:00:00+09:00,J4,789,908,1697
2018-10-16T09:00:00+09:00,J5,343,289,632
2018-10-16T09:15:00+09:00,J1,883,768,1651
2018-10-16T09:15:00+09:00,J2,524,437,961
2018-10-16T09:15:00+09:00,J3,485,464,949
2018-10-16T09:15:00+09:00,J4,860,981,1841
2018-10-16T09:15:00+09:00,J5,313,249,562
2018-10-16T09:30:00+09:00,J1,821,791,1612
2018-10-16T09:30:00+09:00,J2,490,378,868
2018-10-16T09:30:00+09:00,J3,512,493,1005
2018-10-16T09:30:00+09:00,J4,816,865,1681
2018-10-16T09:30:00+09:00,J5,317,278,595
2018-10-16T09:45:00+09:00,J1,757,700,1457
2018-10-16T09:45:00+09:00,J2,401,341,742
2018-10-16T09:45:00+09:00,J3,459,469,928
2018-10-16T09:45:00+09:00,J4,832,821,1653
2018-10-16T09:45:00+09:00,J5,275,211,486
2018-10-16T10:00:00+09:00,J1,752,817,1569
2018-10-16T10:00:00+09:00,J2,366,348,714
2018-10-16T10:00:00+09:00,J3,460,419,879
2018-10-16T10:00:00+09:00,J4,733,749,1482
2018-10-16T10:00:00+09:00,J5,215,150,365
2018-10-16T10:15:00+09:00,J1,583,632,1215
2018-10-16T10:15:00+09:00,J2,417,321,738
2018-10-16T10:15:00+09:00,J3,467,417,884
2018-10-16T10:15:00+09:00,J4,725,722,1447
2018-10-16T10:15:00+09:00,J5,273,217,490
2018-10-16T10:30:00+09:00,J1,722,783,1505
2018-10-16T10:30:00+09:00,J2,401,349,750
2018-10-16T10:30:00+09:00,J3,488,478,966
2018-10-16T10:30:00+09:00,J4,700,690,1390
2018-10-16T10:30:00+09:00,J5,232,226,458
2018-10-16T10:45:00+09:00,J1,678,686,1364
2018-10-16T10:45:00+09:00,J2,448,463,911
2018-10-16T10:45:00+09:00,J3,526,486,1012
2018-10-16T10:45:00+09:00,J4,723,669,1392
2018-10-16T10:45:00+09:00,J5,253,220,473
2018-10-16T11:00:00+09:00,J1,656,646,1302
2018-10-16T11:00:00+09:00,J2,351,406,757
2018-10-16T11:00:00+09:00,J3,538,501,1039
2018-10-16T11:00:00+09:00,J4,682,694,1376
2018-10-16T11:00:00+09:00,J5,254,242,496
2018-10-16T11:15:00+09:00,J1,662,694,1356
2018-10-16T11:15:00+09:00,J2,392,452,844
2018-10-16T11:15:00+09:00,J3,644,675,1319
2018-10-16T11:15:00+09:00,J4,782,694,1476
2018-10-16T11:15:00+09:00,J5,295,280,575
2018-10-16T11:30:00+09:00,J1,766,804,1570
2018-10-16T11:30:00+09:00,J2,389,397,786
2018-10-16T11:30:00+09:00,J3,640,589,1229
2018-10-16T11:30:00+09:00,J4,719,675,1394
2018-10-16T11:30:00+09:00,J5,261,260,521
2018-10-16T11:45:00+09:00,J1,863,861,1724
2018-10-16T11:45:00+09:00,J2,420,437,857
2018-10-16T11:45:00+09:00,J3,633,631,1264
2018-10-16T11:45:00+09:00,J4,709,689,1398
2018-10-16T11:45:00+09:00,J5,270,215,485
2018-10-16T12:00:00+09:00,J1,840,959,1799
2018-10-16T12:00:00+09:00,J2,440,441,881
2018-10-16T12:00:00+09:00,J3,654,564,1218
2018-10-16T12:00:00+09:00,J4,876,835,1711
2018-10-16T12:00:00+09:00,J5,232,191,423
2018-10-16T12:15:00+09:00,J1,880,915,1795
2018-10-16T12:15:00+09:00,J2,422,452,874
2018-10-16T12:15:00+09:00,J3,676,652,1328
2018-10-16T12:15:00+09:00,J4,857,746,1603
2018-10-16T12:15:00+09:00,J5,259,228,487
2018-10-16T12:30:00+09:00,J1,872,959,1831
2018-10-16T12:30:00+09:00,J2,440,479,919
2018-10-16T12:30:00+09:00,J3,659,716,1375
2018-10-16T12:30:00+09:00,J4,686,706,1392
2018-10-16T12:30:00+09:00,J5,277,185,462
2018-10-16T12:45:00+09:00,J1,663,777,1440
2018-10-16T12:45:00+09:00,J2,432,464,896
2018-10-16T12:45:00+09:00,J3,618,611,1229
2018-10-16T12:45:00+09:00,J4,778,780,1558
2018-10-16T12:45:00+09:00,J5,282,196,478
2018-10-16T13:00:00+09:00,J1,746,929,1675
2018-10-16T13:00:00+09:00,J2,429,484,913
2018-10-16T13:00:00+09:00,J3,660,631,1291
2018-10-16T13:00:00+09:00,J4,696,692,1388
2018-10-16T13:00:00+09:00,J5,250,178,428
2018-10-16T13:15:00+09:00,J1,699,818,1517
2018-10-16T13:15:00+09:00,J2,418,445,863
2018-10-16T13:15:00+09:00,J3,647,677,1324
2018-10-16T13:15:00+09:00,J4,705,747,1452
2018-10-16T13:15:00+09:00,J5,216,214,430
2018-10-16T13:30:00+09:00,J1,872,928,1800
2018-10-16T13:30:00+09:00,J2,395,439,834
2018-10-16T13:30:00+09:00,J3,622,627,1249
2018-10-16T13:30:00+09:00,J4,609,629,1238
2018-10-16T13:30:00+09:00,J5,226,192,418
2018-10-16T13:45:00+09:00,J1,721,763,1484
2018-10-16T13:45:00+09:00,J2,406,396,802
2018-10-16T13:45:00+09:00,J3,673,612,1285
2018-10-16T13:45:00+09:00,J4,649,653,1302
2018-10-16T13:45:00+09:00,J5,258,235,493
2018-10-16T14:00:00+09:00,J1,767,829,1596
2018-10-16T14:00:00+09:00,J2,388,436,824
2018-10-16T14:00:00+09:00,J3,633,650,1283
2018-10-16T14:00:00+09:00,J4,684,681,1365
2018-10-16T14:00:00+09:00,J5,247,235,482
2018-10-16T14:15:00+09:00,J1,779,910,1689
2018-10-16T14:15:00+09:00,J2,406,489,895
2018-10-16T14:15:00+09:00,J3,717,740,1457
2018-10-16T14:15:00+09:00,J4,656,685,1341
2018-10-16T14:15:00+09:00,J5,243,220,463
2018-10-16T14:30:00+09:00,J1,725,848,1573
2018-10-16T14:30:00+09:00,J2,406,367,773
2018-10-16T14:30:00+09:00,J3,641,715,1356
2018-10-16T14:30:00+09:00,J4,621,558,1179
2018-10-16T14:30:00+09:00,J5,297,273,570
2018-10-16T14:45:00+09:00,J1,814,917,1731
2018-10-16T14:45:00+09:00,J2,380,444,824
2018-10-16T14:45:00+09:00,J3,641,715,1356
2018-10-16T14:45:00+09:00,J4,664,694,1358
2018-10-16T14:45:00+09:00,J5,299,314,613
2018-10-16T15:00:00+09:00,J1,700,800,1500
2018-10-16T15:00:00+09:00,J2,411,485,896
2018-10-16T15:00:00+09:00,J3,678,748,1426
2018-10-16T15:00:00+09:00,J4,849,828,1677
2018-10-16T15:00:00+09:00,J5,445,533,978
2018-10-16T15:15:00+09:00,J1,761,915,1676
2018-10-16T15:15:00+09:00,J2,466,533,999
2018-10-16T15:15:00+09:00,J3,691,787,1478
2018-10-16T15:15:00+09:00,J4,873,853,1726
2018-10-16T15:15:00+09:00,J5,419,506,925
2018-10-16T15:30:00+09:00,J1,812,882,1694
2018-10-16T15:30:00+09:00,J2,538,518,1056
2018-10-16T15:30:00+09:00,J3,661,801,1462
2018-10-16T15:30:00+09:00,J4,840,905,1745
2018-10-16T15:30:00+09:00,J5,317,374,691
2018-10-16T15:45:00+09:00,J1,833,891,1724
2018-10-16T15:45:00+09:00,J2,532,450,982
2018-10-16T15:45:00+09:00,J3,671,789,1460
2018-10-16T15:45:00+09:00,J4,864,877,1741
2018-10-16T15:45:00+09:00,J5,331,391,722
2018-10-16T16:00:00+09:00,J1,754,944,1698
2018-10-16T16:00:00+09:00,J2,547,440,987
2018-10-16T16:00:00+09:00,J3,669,708,1377
2018-10-16T16:00:00+09:00,J4,767,772,1539
2018-10-16T16:00:00+09:00,J5,364,383,747
2018-10-16T16:15:00+09:00,J1,812,857,1669
2018-10-16T16:15:00+09:00,J2,602,545,1147
2018-10-16T16:15:00+09:00,J3,680,683,1363
2018-10-16T16:15:00+09:00,J4,854,829,1683
2018-10-16T16:15:00+09:00,J5,440,435,875
2018-10-16T16:30:00+09:00,J1,745,838,1583
2018-10-16T16:30:00+09:00,J2,454,425,879
2018-10-16T16:30:00+09:00,J3,602,727,1329
2018-10-16T16:30:00+09:00,J4,914,913,1827
2018-10-16T16:30:00+09:00,J5,513,586,1099
2018-10-16T16:45:00+09:00,J1,785,837,1622
2018-10-16T16:45:00+09:00,J2,462,460,922
2018-10-16T16:45:00+09:00,J3,689,731,1420
2018-10-16T16:45:00+09:00,J4,982,947,1929
2018-10-16T16:45:00+09:00,J5,471,581,1052
2018-10-16T17:00:00+09:00,J1,821,932,1753
2018-10-16T17:00:00+09:00,J2,490,492,982
2018-10-16T17:00:00+09:00,J3,836,690,1526
2018-10-16T17:00:00+09:00,J4,974,840,1814
2018-10-16T17:00:00+09:00,J5,560,592,1152
2018-10-16T17:15:00+09:00,J1,963,1009,1972
2018-10-16T17:15:00+09:00,J2,525,522,1047
2018-10-16T17:15:00+09:00,J3,808,843,1651
2018-10-16T17:15:00+09:00,J4,1010,839,1849
2018-10-16T17:15:00+09:00,J5,520,654,1174
2018-10-16T17:30:00+09:00,J1,946,1097,2043
2018-10-16T17:30:00+09:00,J2,592,581,1173
2018-10-16T17:30:00+09:00,J3,815,762,1577
2018-10-16T17:30:00+09:00,J4,931,834,1765
2018-10-16T17:30:00+09:00,J5,533,654,1187
2018-10-16T17:45:00+09:00,J1,1049,1223,2272
2018-10-16T17:45:00+09:00,J2,610,708,1318
2018-10-16T17:45:00+09:00,J3,940,811,1751
2018-10-16T17:45:00+09:00,J4,970,835,1805
2018-10-16T17:45:00+09:00,J5,572,788,1360
2018-10-16T18:00:00+09:00,J1,974,1191,2165
2018-10-16T18:00:00+09:00,J2,570,627,1197
2018-10-16T18:00:00+09:00,J3,1019,757,1776
2018-10-16T18:00:00+09:00,J4,1003,884,1887
2018-10-16T18:00:00+09:00,J5,567,687,1254
2018-10-16T18:15:00+09:00,J1,1022,1314,2336
2018-10-16T18:15:00+09:00,J2,630,641,1271
2018-10-16T18:15:00+09:00,J3,899,746,1645
2018-10-16T18:15:00+09:00,J4,990,752,1742
2018-10-16T18:15:00+09:00,J5,661,797,1458
2018-10-16T18:30:00+09:00,J1,1008,1171,2179
2018-10-16T18:30:00+09:00,J2,476,612,1088
2018-10-16T18:30:00+09:00,J3,820,589,1409
2018-10-16T18:30:00+09:00,J4,1052,794,1846
2018-10-16T18:30:00+09:00,J5,636,699,1335
2018-10-16T18:45:00+09:00,J1,962,1135,2097
2018-10-16T18:45:00+09:00,J2,566,564,1130
2018-10-16T18:45:00+09:00,J3,766,588,1354
2018-10-16T18:45:00+09:00,J4,1083,887,1970
2018-10-16T18:45:00+09:00,J5,548,662,1210
2018-10-16T19:00:00+09:00,J1,834,981,1815
2018-10-16T19:00:00+09:00,J2,515,577,1092
2018-10-16T19:00:00+09:00,J3,757,583,1340
2018-10-16T19:00:00+09:00,J4,985,854,1839
2018-10-16T19:00:00+09:00,J5,528,612,1140
2018-10-16T19:15:00+09:00,J1,945,1160,2105
2018-10-16T19:15:00+09:00,J2,432,533,965
2018-10-16T19:15:00+09:00,J3,724,646,1370
2018-10-16T19:15:00+09:00,J4,1065,863,1928
2018-10-16T19:15:00+09:00,J5,552,641,1193
2018-10-16T19:30:00+09:00,J1,944,1104,2048
2018-10-16T19:30:00+09:00,J2,441,479,920
2018-10-16T19:30:00+09:00,J3,565,472,1037
2018-10-16T19:30:00+09:00,J4,971,939,1910
2018-10-16T19:30:00+09:00,J5,481,576,1057
2018-10-16T19:45:00+09:00,J1,938,980,1918
2018-10-16T19:45:00+09:00,J2,422,496,918
2018-10-16T19:45:00+09:00,J3,539,486,1025
2018-10-16T19:45:00+09:00,J4,1076,944,2020
2018-10-16T19:45:00+09:00,J5,414,519,933
2018-10-16T20:00:00+09:00,J1,783,993,1776
2018-10-16T20:00:00+09:00,J2,402,552,954
2018-10-16T20:00:00+09:00,J3,571,489,1060
2018-10-16T20:00:00+09:00,J4,956,941,1897
2018-10-16T20:00:00+09:00,J5,428,523,951
2018-10-16T20:15:00+09:00,J1,852,1035,1887
2018-10-16T20:15:00+09:00,J2,404,561,965
2018-10-16T20:15:00+09:00,J3,587,522,1109
2018-10-16T20:15:00+09:00,J4,1180,1077,2257
2018-10-16T20:15:00+09:00,J5,437,539,976
2018-10-16T20:30:00+09:00,J1,922,1081,2003
2018-10-16T20:30:00+09:00,J2,402,491,893
2018-10-16T20:30:00+09:00,J3,545,430,975
2018-10-16T20:30:00+09:00,J4,1041,937,1978
2018-10-16T20:30:00+09:00,J5,489,503,992
2018-10-16T20:45:00+09:00,J1,935,1026,1961
2018-10-16T20:45:00+09:00,J2,417,481,898
2018-10-16T20:45:00+09:00,J3,475,471,946
2018-10-16T20:45:00+09:00,J4,1069,1010,2079
2018-10-16T20:45:00+09:00,J5,424,433,857
2018-10-16T21:00:00+09:00,J1,906,1077,1983
2018-10-16T21:00:00+09:00,J2,414,426,840
2018-10-16T21:00:00+09:00,J3,428,406,834
2018-10-16T21:00:00+09:00,J4,1202,1086,2288
2018-10-16T21:00:00+09:00,J5,362,373,735
2018-10-16T21:15:00+09:00,J1,1005,1030,2035
2018-10-16T21:15:00+09:00,J2,511,520,1031
2018-10-16T21:15:00+09:00,J3,510,416,926
2018-10-16T21:15:00+09:00,J4,1057,1050,2107
2018-10-16T21:15:00+09:00,J5,397,348,745
2018-10-16T21:30:00+09:00,J1,914,987,1901
2018-10-16T21:30:00+09:00,J2,577,525,1102
2018-10-16T21:30:00+09:00,J3,437,413,850
2018-10-16T21:30:00+09:00,J4,1022,1057,2079
2018-10-16T21:30:00+09:00,J5,382,349,731
2018-10-16T21:45:00+09:00,J1,832,882,1714
2018-10-16T21:45:00+09:00,J2,353,333,686
2018-10-16T21:45:00+09:00,J3,439,378,817
2018-10-16T21:45:00+09:00,J4,1001,1003,2004
2018-10-16T21:45:00+09:00,J5,473,452,925
2018-10-16T22:00:00+09:00,J1,969,944,1913
2018-10-16T22:00:00+09:00,J2,413,429,842
2018-10-16T22:00:00+09:00,J3,429,383,812
2018-10-16T22:00:00+09:00,J4,916,855,1771
2018-10-16T22:00:00+09:00,J5,525,446,971
2018-10-16T22:15:00+09:00,J1,871,958,1829
2018-10-16T22:15:00+09:00,J2,426,427,853
2018-10-16T22:15:00+09:00,J3,469,450,919
2018-10-16T22:15:00+09:00,J4,1068,1002,2070
2018-10-16T22:15:00+09:00,J5,519,414,933
2018-10-16T22:30:00+09:00,J1,852,913,1765
2018-10-16T22:30:00+09:00,J2,434,494,928
2018-10-16T22:30:00+09:00,J3,538,447,985
2018-10-16T22:30:00+09:00,J4,1007,974,1981
2018-10-16T22:30:00+09:00,J5,343,328,671
2018-10-16T22:45:00+09:00,J1,833,890,1723
2018-10-16T22:45:00+09:00,J2,327,363,690
2018-10-16T22:45:00+09:00,J3,407,375,782
2018-10-16T22:45:00+09:00,J4,1214,1214,2428
2018-10-16T22:45:00+09:00,J5,332,386,718
2018-10-16T23:00:00+09:00,J1,819,848,1667
2018-10-16T23:00:00+09:00,J2,407,426,833
2018-10-16T23:00:00+09:00,J3,379,308,687
2018-10-16T23:00:00+09:00,J4,1341,1263,2604
2018-10-16T23:00:00+09:00,J5,359,464,823
2018-10-16T23:15:00+09:00,J1,821,806,1627
2018-10-16T23:15:00+09:00,J2,415,451,866
2018-10-16T23:15:00+09:00,J3,357,323,680
2018-10-16T23:15:00+09:00,J4,1268,1280,2548
2018-10-16T23:15:00+09:00,J5,381,393,774
2018-10-16T23:30:00+09:00,J1,836,853,1689
2018-10-16T23:30:00+09:00,J2,383,390,773
2018-10-16T23:30:00+09:00,J3,345,360,705
2018-10-16T23:30:00+09:00,J4,1128,1009,2137
2018-10-16T23:30:00+09:00,J5,299,372,671
2018-10-16T23:45:00+09:00,J1,747,791,1538
2018-10-16T23:45:00+09:00,J2,351,302,653
2018-10-16T23:45:00+09:00,J3,319,268,587
2018-10-16T23:45:00+09:00,J4,917,1008,1925
2018-10-16T23:45:00+09:00,J5,272,364,636
2018-10-17T00:00:00+09:00,J1,572,599,1171
2018-10-17T00:00:00+09:00,J2,437,430,867
2018-10-17T00:00:00+09:00,J3,346,289,635
2018-10-17T00:00:00+09:00,J4,1056,1067,2123
2018-10-17T00:00:00+09:00,J5,379,410,789
2018-10-17T00:15:00+09:00,J1,321,359,680
2018-10-17T00:15:00+09:00,J2,329,302,631
2018-10-17T00:15:00+09:00,J3,586,497,1083
2018-10-17T00:15:00+09:00,J4,400,462,862
2018-10-17T00:15:00+09:00,J5,252,288,540
2018-10-17T00:30:00+09:00,J1,287,281,568
2018-10-17T00:30:00+09:00,J2,269,313,582
2018-10-17T00:30:00+09:00,J3,373,363,736
2018-10-17T00:30:00+09:00,J4,237,270,507
2018-10-17T00:30:00+09:00,J5,197,221,418
2018-10-17T00:45:00+09:00,J1,237,294,531
2018-10-17T00:45:00+09:00,J2,335,355,690
2018-10-17T00:45:00+09:00,J3,395,334,729
2018-10-17T00:45:00+09:00,J4,349,320,669
2018-10-17T00:45:00+09:00,J5,180,222,402
2018-10-17T05:45:00+09:00,J1,675,708,1383
2018-10-17T05:45:00+09:00,J2,478,466,944
2018-10-17T05:45:00+09:00,J3,277,263,540
2018-10-17T05:45:00+09:00,J4,767,816,1583
2018-10-17T05:45:00+09:00,J5,190,185,375
2018-10-17T06:00:00+09:00,J1,683,650,1333
2018-10-17T06:00:00+09:00,J2,448,423,871
2018-10-17T06:00:00+09:00,J3,542,495,1037
2018-10-17T06:00:00+09:00,J4,300,311,611
2018-10-17T06:00:00+09:00,J5,188,208,396
2018-10-17T06:15:00+09:00,J1,637,672,1309
2018-10-17T06:15:00+09:00,J2,441,435,876
2018-10-17T06:15:00+09:00,J3,515,480,995
2018-10-17T06:15:00+09:00,J4,1014,1074,2088
2018-10-17T06:15:00+09:00,J5,282,291,573
2018-10-17T06:30:00+09:00,J1,682,668,1350
2018-10-17T06:30:00+09:00,J2,287,270,557
2018-10-17T06:30:00+09:00,J3,354,337,691
2018-10-17T06:30:00+09:00,J4,921,977,1898
2018-10-17T06:30:00+09:00,J5,315,360,675
2018-10-17T06:45:00+09:00,J1,740,695,1435
2018-10-17T06:45:00+09:00,J2,384,355,739
2018-10-17T06:45:00+09:00,J3,527,446,973
2018-10-17T06:45:00+09:00,J4,800,850,1650
2018-10-17T06:45:00+09:00,J5,323,330,653
2018-10-17T07:00:00+09:00,J1,884,827,1711
2018-10-17T07:00:00+09:00,J2,536,400,936
2018-10-17T07:00:00+09:00,J3,582,525,1107
2018-10-17T07:00:00+09:00,J4,948,970,1918
2018-10-17T07:00:00+09:00,J5,340,340,680
2018-10-17T07:15:00+09:00,J1,925,892,1817
2018-10-17T07:15:00+09:00,J2,554,460,1014
2018-10-17T07:15:00+09:00,J3,530,471,1001
2018-10-17T07:15:00+09:00,J4,1113,1220,2333
2018-10-17T07:15:00+09:00,J5,343,340,683
2018-10-17T07:30:00+09:00,J1,982,884,1866
2018-10-17T07:30:00+09:00,J2,511,357,868
2018-10-17T07:30:00+09:00,J3,546,479,1025
2018-10-17T07:30:00+09:00,J4,1111,1267,2378
2018-10-17T07:30:00+09:00,J5,403,425,828
2018-10-17T07:45:00+09:00,J1,1030,841,1871
2018-10-17T07:45:00+09:00,J2,579,414,993
2018-10-17T07:45:00+09:00,J3,588,635,1223
2018-10-17T07:45:00+09:00,J4,1078,1257,2335
2018-10-17T07:45:00+09:00,J5,487,510,997
2018-10-17T08:00:00+09:00,J1,1202,985,2187
2018-10-17T08:00:00+09:00,J2,673,461,1134
2018-10-17T08:00:00+09:00,J3,735,792,1527
2018-10-17T08:00:00+09:00,J4,851,1051,1902
2018-10-17T08:00:00+09:00,J5,478,554,1032
2018-10-17T08:15:00+09:00,J1,1334,1013,2347
2018-10-17T08:15:00+09:00,J2,797,486,1283
2018-10-17T08:15:00+09:00,J3,800,888,1688
2018-10-17T08:15:00+09:00,J4,978,1353,2331
2018-10-17T08:15:00+09:00,J5,483,541,1024
2018-10-17T08:30:00+09:00,J1,1342,1006,2348
2018-10-17T08:30:00+09:00,J2,925,572,1497
2018-10-17T08:30:00+09:00,J3,798,938,1736
2018-10-17T08:30:00+09:00,J4,1032,1353,2385
2018-10-17T08:30:00+09:00,J5,531,580,1111
2018-10-17T08:45:00+09:00,J1,1195,1031,2226
2018-10-17T08:45:00+09:00,J2,850,577,1427
2018-10-17T08:45:00+09:00,J3,750,888,1638
2018-10-17T08:45:00+09:00,J4,867,1076,1943
2018-10-17T08:45:00+09:00,J5,448,531,979
2018-10-17T09:00:00+09:00,J1,991,910,1901
2018-10-17T09:00:00+09:00,J2,827,661,1488
2018-10-17T09:00:00+09:00,J3,724,730,1454
2018-10-17T09:00:00+09:00,J4,859,880,1739
2018-10-17T09:00:00+09:00,J5,484,497,981
2018-10-17T09:15:00+09:00,J1,1071,960,2031
2018-10-17T09:15:00+09:00,J2,736,587,1323
2018-10-17T09:15:00+09:00,J3,798,729,1527
2018-10-17T09:15:00+09:00,J4,597,800,1397
2018-10-17T09:15:00+09:00,J5,434,481,915
2018-10-17T09:30:00+09:00,J1,901,762,1663
2018-10-17T09:30:00+09:00,J2,747,643,1390
2018-10-17T09:30:00+09:00,J3,771,755,1526
2018-10-17T09:30:00+09:00,J4,830,896,1726
2018-10-17T09:30:00+09:00,J5,399,457,856
2018-10-17T09:45:00+09:00,J1,853,772,1625
2018-10-17T09:45:00+09:00,J2,751,578,1329
2018-10-17T09:45:00+09:00,J3,746,697,1443
2018-10-17T09:45:00+09:00,J4,781,793,1574
2018-10-17T09:45:00+09:00,J5,376,394,770
2018-10-17T10:00:00+09:00,J1,887,918,1805
2018-10-17T10:00:00+09:00,J2,670,561,1231
2018-10-17T10:00:00+09:00,J3,704,723,1427
2018-10-17T10:00:00+09:00,J4,592,644,1236
2018-10-17T10:00:00+09:00,J5,361,387,748
2018-10-17T10:15:00+09:00,J1,883,867,1750
2018-10-17T10:15:00+09:00,J2,740,626,1366
2018-10-17T10:15:00+09:00,J3,676,635,1311
2018-10-17T10:15:00+09:00,J4,590,644,1234
2018-10-17T10:15:00+09:00,J5,401,458,859
2018-10-17T10:30:00+09:00,J1,904,861,1765
2018-10-17T10:30:00+09:00,J2,734,579,1313
2018-10-17T10:30:00+09:00,J3,598,606,1204
2018-10-17T10:30:00+09:00,J4,603,667,1270
2018-10-17T10:30:00+09:00,J5,447,427,874
2018-10-17T10:45:00+09:00,J1,975,984,1959
2018-10-17T10:45:00+09:00,J2,722,589,1311
2018-10-17T10:45:00+09:00,J3,527,507,1034
2018-10-17T10:45:00+09:00,J4,680,762,1442
2018-10-17T10:45:00+09:00,J5,298,327,625
2018-10-17T11:00:00+09:00,J1,1024,1023,2047
2018-10-17T11:00:00+09:00,J2,744,588,1332
2018-10-17T11:00:00+09:00,J3,510,508,1018
2018-10-17T11:00:00+09:00,J4,618,590,1208
2018-10-17T11:00:00+09:00,J5,303,328,631
2018-10-17T11:15:00+09:00,J1,1127,1070,2197
2018-10-17T11:15:00+09:00,J2,696,527,1223
2018-10-17T11:15:00+09:00,J3,521,528,1049
2018-10-17T11:15:00+09:00,J4,649,672,1321
2018-10-17T11:15:00+09:00,J5,234,188,422
2018-10-17T11:30:00+09:00,J1,1050,1141,2191
2018-10-17T11:30:00+09:00,J2,692,522,1214
2018-10-17T11:30:00+09:00,J3,556,573,1129
2018-10-17T11:30:00+09:00,J4,618,683,1301
2018-10-17T11:30:00+09:00,J5,261,241,502
2018-10-17T11:45:00+09:00,J1,1015,1066,2081
2018-10-17T11:45:00+09:00,J2,603,532,1135
2018-10-17T11:45:00+09:00,J3,555,531,1086
2018-10-17T11:45:00+09:00,J4,660,590,1250
2018-10-17T11:45:00+09:00,J5,298,342,640
2018-10-17T12:00:00+09:00,J1,1002,1150,2152
2018-10-17T12:00:00+09:00,J2,575,528,1103
2018-10-17T12:00:00+09:00,J3,663,642,1305
2018-10-17T12:00:00+09:00,J4,723,626,1349
2018-10-17T12:00:00+09:00,J5,302,340,642
2018-10-17T12:15:00+09:00,J1,1002,1094,2096
2018-10-17T12:15:00+09:00,J2,543,492,1035
2018-10-17T12:15:00+09:00,J3,723,725,1448
2018-10-17T12:15:00+09:00,J4,812,738,1550
2018-10-17T12:15:00+09:00,J5,286,293,579
2018-10-17T12:30:00+09:00,J1,1016,1121,2137
2018-10-17T12:30:00+09:00,J2,642,516,1158
2018-10-17T12:30:00+09:00,J3,751,637,1388
2018-10-17T12:30:00+09:00,J4,923,877,1800
2018-10-17T12:30:00+09:00,J5,325,316,641
2018-10-17T12:45:00+09:00,J1,1025,1067,2092
2018-10-17T12:45:00+09:00,J2,570,466,1036
2018-10-17T12:45:00+09:00,J3,674,696,1370
2018-10-17T12:45:00+09:00,J4,875,759,1634
2018-10-17T12:45:00+09:00,J5,300,293,593
2018-10-17T13:00:00+09:00,J1,993,956,1949
2018-10-17T13:00:00+09:00,J2,567,522,1089
2018-10-17T13:00:00+09:00,J3,718,671,1389
2018-10-17T13:00:00+09:00,J4,812,858,1670
2018-10-17T13:00:00+09:00,J5,459,446,905
2018-10-17T13:15:00+09:00,J1,966,1072,2038
2018-10-17T13:15:00+09:00,J2,555,531,1086
2018-10-17T13:15:00+09:00,J3,764,735,1499
2018-10-17T13:15:00+09:00,J4,894,839,1733
2018-10-17T13:15:00+09:00,J5,491,483,974
2018-10-17T13:30:00+09:00,J1,928,1037,1965
2018-10-17T13:30:00+09:00,J2,589,486,1075
2018-10-17T13:30:00+09:00,J3,724,744,1468
2018-10-17T13:30:00+09:00,J4,803,836,1639
2018-10-17T13:30:00+09:00,J5,440,416,856
2018-10-17T13:45:00+09:00,J1,874,1050,1924
2018-10-17T13:45:00+09:00,J2,545,494,1039
2018-10-17T13:45:00+09:00,J3,624,620,1244
2018-10-17T13:45:00+09:00,J4,827,790,1617
2018-10-17T13:45:00+09:00,J5,467,473,940
2018-10-17T14:00:00+09:00,J1,1072,1189,2261
2018-10-17T14:00:00+09:00,J2,530,512,1042
2018-10-17T14:00:00+09:00,J3,663,637,1300
2018-10-17T14:00:00+09:00,J4,906,765,1671
2018-10-17T14:00:00+09:00,J5,451,457,908
2018-10-17T14:15:00+09:00,J1,843,1052,1895
2018-10-17T14:15:00+09:00,J2,521,492,1013
2018-10-17T14:15:00+09:00,J3,625,626,1251
2018-10-17T14:15:00+09:00,J4,922,852,1774
2018-10-17T14:15:00+09:00,J5,433,472,905
2018-10-17T14:30:00+09:00,J1,877,1012,1889
2018-10-17T14:30:00+09:00,J2,653,559,1212
2018-10-17T14:30:00+09:00,J3,668,572,1240
2018-10-17T14:30:00+09:00,J4,916,841,1757
2018-10-17T14:30:00+09:00,J5,412,543,955
2018-10-17T14:45:00+09:00,J1,917,1061,1978
2018-10-17T14:45:00+09:00,J2,705,582,1287
2018-10-17T14:45:00+09:00,J3,709,644,1353
2018-10-17T14:45:00+09:00,J4,893,782,1675
2018-10-17T14:45:00+09:00,J5,422,482,904
2018-10-17T15:00:00+09:00,J1,865,1020,1885
2018-10-17T15:00:00+09:00,J2,628,596,1224
2018-10-17T15:00:00+09:00,J3,681,634,1315
2018-10-17T15:00:00+09:00,J4,870,800,1670
2018-10-17T15:00:00+09:00,J5,438,538,976
2018-10-17T15:15:00+09:00,J1,930,1077,2007
2018-10-17T15:15:00+09:00,J2,564,598,1162
2018-10-17T15:15:00+09:00,J3,703,656,1359
2018-10-17T15:15:00+09:00,J4,932,836,1768
2018-10-17T15:15:00+09:00,J5,421,485,906
2018-10-17T15:30:00+09:00,J1,1000,1122,2122
2018-10-17T15:30:00+09:00,J2,582,530,1112
2018-10-17T15:30:00+09:00,J3,667,559,1226
2018-10-17T15:30:00+09:00,J4,801,833,1634
2018-10-17T15:30:00+09:00,J5,387,497,884
2018-10-17T15:45:00+09:00,J1,1015,1105,2120
2018-10-17T15:45:00+09:00,J2,611,575,1186
2018-10-17T15:45:00+09:00,J3,697,631,1328
2018-10-17T15:45:00+09:00,J4,862,818,1680
2018-10-17T15:45:00+09:00,J5,414,543,957
2018-10-17T16:00:00+09:00,J1,1054,1140,2194
2018-10-17T16:00:00+09:00,J2,709,620,1329
2018-10-17T16:00:00+09:00,J3,685,658,1343
2018-10-17T16:00:00+09:00,J4,878,844,1722
2018-10-17T16:00:00+09:00,J5,398,415,813
2018-10-17T16:15:00+09:00,J1,1006,1151,2157
2018-10-17T16:15:00+09:00,J2,645,601,1246
2018-10-17T16:15:00+09:00,J3,707,671,1378
2018-10-17T16:15:00+09:00,J4,920,836,1756
2018-10-17T16:15:00+09:00,J5,398,424,822
2018-10-17T16:30:00+09:00,J1,921,1175,2096
2018-10-17T16:30:00+09:00,J2,637,556,1193
2018-10-17T16:30:00+09:00,J3,721,676,1397
2018-10-17T16:30:00+09:00,J4,937,835,1772
2018-10-17T16:30:00+09:00,J5,314,432,746
2018-10-17T16:45:00+09:00,J1,915,1028,1943
2018-10-17T16:45:00+09:00,J2,616,596,1212
2018-10-17T16:45:00+09:00,J3,726,607,1333
2018-10-17T16:45:00+09:00,J4,940,869,1809
2018-10-17T16:45:00+09:00,J5,319,390,709
2018-10-17T17:00:00+09:00,J1,955,1197,2152
2018-10-17T17:00:00+09:00,J2,751,604,1355
2018-10-17T17:00:00+09:00,J3,848,671,1519
2018-10-17T17:00:00+09:00,J4,946,918,1864
2018-10-17T17:00:00+09:00,J5,293,397,690
2018-10-17T17:15:00+09:00,J1,1094,1204,2298
2018-10-17T17:15:00+09:00,J2,691,587,1278
2018-10-17T17:15:00+09:00,J3,844,681,1525
2018-10-17T17:15:00+09:00,J4,1044,889,1933
2018-10-17T17:15:00+09:00,J5,281,446,727
2018-10-17T17:30:00+09:00,J1,1076,1298,2374
2018-10-17T17:30:00+09:00,J2,696,639,1335
2018-10-17T17:30:00+09:00,J3,847,746,1593
2018-10-17T17:30:00+09:00,J4,1105,897,2002
2018-10-17T17:30:00+09:00,J5,312,460,772
2018-10-17T17:45:00+09:00,J1,1080,1291,2371
2018-10-17T17:45:00+09:00,J2,737,644,1381
2018-10-17T17:45:00+09:00,J3,859,743,1602
2018-10-17T17:45:00+09:00,J4,1039,879,1918
2018-10-17T17:45:00+09:00,J5,316,459,775
2018-10-17T18:00:00+09:00,J1,1172,1286,2458
2018-10-17T18:00:00+09:00,J2,733,679,1412
2018-10-17T18:00:00+09:00,J3,973,711,1684
2018-10-17T18:00:00+09:00,J4,989,660,1649
2018-10-17T18:00:00+09:00,J5,360,505,865
2018-10-17T18:15:00+09:00,J1,1043,1315,2358
2018-10-17T18:15:00+09:00,J2,773,667,1440
2018-10-17T18:15:00+09:00,J3,910,673,1583
2018-10-17T18:15:00+09:00,J4,1038,767,1805
2018-10-17T18:15:00+09:00,J5,347,549,896
2018-10-17T18:30:00+09:00,J1,1112,1221,2333
2018-10-17T18:30:00+09:00,J2,647,577,1224
2018-10-17T18:30:00+09:00,J3,793,656,1449
2018-10-17T18:30:00+09:00,J4,970,782,1752
2018-10-17T18:30:00+09:00,J5,383,483,866
2018-10-17T18:45:00+09:00,J1,993,1141,2134
2018-10-17T18:45:00+09:00,J2,786,694,1480
2018-10-17T18:45:00+09:00,J3,731,593,1324
2018-10-17T18:45:00+09:00,J4,882,795,1677
2018-10-17T18:45:00+09:00,J5,349,457,806
2018-10-17T19:00:00+09:00,J1,925,1024,1949
2018-10-17T19:00:00+09:00,J2,688,615,1303
2018-10-17T19:00:00+09:00,J3,735,643,1378
2018-10-17T19:00:00+09:00,J4,871,890,1761
2018-10-17T19:00:00+09:00,J5,361,466,827
2018-10-17T19:15:00+09:00,J1,931,1170,2101
2018-10-17T19:15:00+09:00,J2,534,503,1037
2018-10-17T19:15:00+09:00,J3,818,720,1538
2018-10-17T19:15:00+09:00,J4,959,932,1891
2018-10-17T19:15:00+09:00,J5,369,421,790
2018-10-17T19:30:00+09:00,J1,965,1093,2058
2018-10-17T19:30:00+09:00,J2,546,533,1079
2018-10-17T19:30:00+09:00,J3,705,689,1394
2018-10-17T19:30:00+09:00,J4,940,939,1879
2018-10-17T19:30:00+09:00,J5,342,372,714
2018-10-17T19:45:00+09:00,J1,883,945,1828
2018-10-17T19:45:00+09:00,J2,565,522,1087
2018-10-17T19:45:00+09:00,J3,663,603,1266
2018-10-17T19:45:00+09:00,J4,1013,992,2005
2018-10-17T19:45:00+09:00,J5,372,363,735
2018-10-17T20:00:00+09:00,J1,943,1034,1977
2018-10-17T20:00:00+09:00,J2,564,530,1094
2018-10-17T20:00:00+09:00,J3,700,647,1347
2018-10-17T20:00:00+09:00,J4,1080,913,1993
2018-10-17T20:00:00+09:00,J5,335,327,662
2018-10-17T20:15:00+09:00,J1,869,1010,1879
2018-10-17T20:15:00+09:00,J2,552,541,1093
2018-10-17T20:15:00+09:00,J3,576,473,1049
2018-10-17T20:15:00+09:00,J4,1151,1034,2185
2018-10-17T20:15:00+09:00,J5,364,350,714
2018-10-17T20:30:00+09:00,J1,865,994,1859
2018-10-17T20:30:00+09:00,J2,640,584,1224
2018-10-17T20:30:00+09:00,J3,657,589,1246
2018-10-17T20:30:00+09:00,J4,1035,969,2004
2018-10-17T20:30:00+09:00,J5,366,369,735
2018-10-17T20:45:00+09:00,J1,854,893,1747
2018-10-17T20:45:00+09:00,J2,571,521,1092
2018-10-17T20:45:00+09:00,J3,622,546,1168
2018-10-17T20:45:00+09:00,J4,1152,1111,2263
2018-10-17T20:45:00+09:00,J5,330,330,660
2018-10-17T21:00:00+09:00,J1,947,1056,2003
2018-10-17T21:00:00+09:00,J2,575,555,1130
2018-10-17T21:00:00+09:00,J3,519,448,967
2018-10-17T21:00:00+09:00,J4,1177,1123,2300
2018-10-17T21:00:00+09:00,J5,419,366,785
2018-10-17T21:15:00+09:00,J1,843,1033,1876
2018-10-17T21:15:00+09:00,J2,486,460,946
2018-10-17T21:15:00+09:00,J3,529,464,993
2018-10-17T21:15:00+09:00,J4,1192,1147,2339
2018-10-17T21:15:00+09:00,J5,482,400,882
2018-10-17T21:30:00+09:00,J1,901,967,1868
2018-10-17T21:30:00+09:00,J2,522,459,981
2018-10-17T21:30:00+09:00,J3,465,434,899
2018-10-17T21:30:00+09:00,J4,1233,1140,2373
2018-10-17T21:30:00+09:00,J5,433,394,827
2018-10-17T21:45:00+09:00,J1,895,969,1864
2018-10-17T21:45:00+09:00,J2,594,528,1122
2018-10-17T21:45:00+09:00,J3,476,408,884
2018-10-17T21:45:00+09:00,J4,1251,1118,2369
2018-10-17T21:45:00+09:00,J5,388,341,729
2018-10-17T22:00:00+09:00,J1,884,984,1868
2018-10-17T22:00:00+09:00,J2,614,604,1218
2018-10-17T22:00:00+09:00,J3,424,405,829
2018-10-17T22:00:00+09:00,J4,1065,1097,2162
2018-10-17T22:00:00+09:00,J5,411,348,759
2018-10-17T22:15:00+09:00,J1,743,835,1578
2018-10-17T22:15:00+09:00,J2,549,520,1069
2018-10-17T22:15:00+09:00,J3,409,391,800
2018-10-17T22:15:00+09:00,J4,1304,1257,2561
2018-10-17T22:15:00+09:00,J5,416,360,776
2018-10-17T22:30:00+09:00,J1,742,761,1503
2018-10-17T22:30:00+09:00,J2,469,441,910
2018-10-17T22:30:00+09:00,J3,282,293,575
2018-10-17T22:30:00+09:00,J4,1232,1195,2427
2018-10-17T22:30:00+09:00,J5,457,516,973
2018-10-17T22:45:00+09:00,J1,657,767,1424
2018-10-17T22:45:00+09:00,J2,509,457,966
2018-10-17T22:45:00+09:00,J3,367,366,733
2018-10-17T22:45:00+09:00,J4,1302,1294,2596
2018-10-17T22:45:00+09:00,J5,432,467,899
2018-10-17T23:00:00+09:00,J1,669,693,1362
2018-10-17T23:00:00+09:00,J2,571,477,1048
2018-10-17T23:00:00+09:00,J3,315,292,607
2018-10-17T23:00:00+09:00,J4,1371,1324,2695
2018-10-17T23:00:00+09:00,J5,367,436,803
2018-10-17T23:15:00+09:00,J1,690,759,1449
2018-10-17T23:15:00+09:00,J2,370,390,760
2018-10-17T23:15:00+09:00,J3,312,301,613
2018-10-17T23:15:00+09:00,J4,1389,1351,2740
2018-10-17T23:15:00+09:00,J5,388,438,826
2018-10-17T23:30:00+09:00,J1,713,730,1443
2018-10-17T23:30:00+09:00,J2,353,365,718
2018-10-17T23:30:00+09:00,J3,329,325,654
2018-10-17T23:30:00+09:00,J4,1297,1256,2553
2018-10-17T23:30:00+09:00,J5,371,423,794
2018-10-17T23:45:00+09:00,J1,718,808,1526
2018-10-17T23:45:00+09:00,J2,422,423,845
2018-10-17T23:45:00+09:00,J3,369,349,718
2018-10-17T23:45:00+09:00,J4,1229,1179,2408
2018-10-17T23:45:00+09:00,J5,364,387,751
2018-10-18T00:00:00+09:00,J1,567,547,1114
2018-10-18T00:00:00+09:00,J2,586,494,1080
2018-10-18T00:00:00+09:00,J3,355,329,684
2018-10-18T00:00:00+09:00,J4,1136,1180,2316
2018-10-18T00:00:00+09:00,J5,368,410,778
2018-10-18T00:15:00+09:00,J1,361,307,668
2018-10-18T00:15:00+09:00,J2,517,544,1061
2018-10-18T00:15:00+09:00,J3,458,446,904
2018-10-18T00:15:00+09:00,J4,573,585,1158
2018-10-18T00:15:00+09:00,J5,217,241,458
2018-10-18T00:30:00+09:00,J1,311,299,610
2018-10-18T00:30:00+09:00,J2,606,576,1182
2018-10-18T00:30:00+09:00,J3,180,247,427
2018-10-18T00:30:00+09:00,J4,412,405,817
2018-10-18T00:30:00+09:00,J5,225,218,443
2018-10-18T00:45:00+09:00,J1,324,300,624
2018-10-18T00:45:00+09:00,J2,646,613,1259
2018-10-18T00:45:00+09:00,J3,230,248,478
2018-10-18T00:45:00+09:00,J4,315,314,629
2018-10-18T00:45:00+09:00,J5,224,231,455
2018-10-18T05:45:00+09:00,J1,398,427,825
2018-10-18T05:45:00+09:00,J2,509,444,953
2018-10-18T05:45:00+09:00,J3,358,344,702
2018-10-18T05:45:00+09:00,J4,1068,1052,2120
2018-10-18T05:45:00+09:00,J5,213,173,386
2018-10-18T06:00:00+09:00,J1,634,647,1281
2018-10-18T06:00:00+09:00,J2,641,561,1202
2018-10-18T06:00:00+09:00,J3,556,472,1028
2018-10-18T06:00:00+09:00,J4,658,666,1324
2018-10-18T06:00:00+09:00,J5,166,175,341
2018-10-18T06:15:00+09:00,J1,580,577,1157
2018-10-18T06:15:00+09:00,J2,607,562,1169
2018-10-18T06:15:00+09:00,J3,594,543,1137
2018-10-18T06:15:00+09:00,J4,885,1007,1892
2018-10-18T06:15:00+09:00,J5,234,273,507
2018-10-18T06:30:00+09:00,J1,717,782,1499
2018-10-18T06:30:00+09:00,J2,473,466,939
2018-10-18T06:30:00+09:00,J3,564,496,1060
2018-10-18T06:30:00+09:00,J4,863,957,1820
2018-10-18T06:30:00+09:00,J5,322,329,651
2018-10-18T06:45:00+09:00,J1,640,597,1237
2018-10-18T06:45:00+09:00,J2,544,485,1029
2018-10-18T06:45:00+09:00,J3,553,522,1075
2018-10-18T06:45:00+09:00,J4,787,882,1669
2018-10-18T06:45:00+09:00,J5,298,269,567
2018-10-18T07:00:00+09:00,J1,814,831,1645
2018-10-18T07:00:00+09:00,J2,602,479,1081
2018-10-18T07:00:00+09:00,J3,602,540,1142
2018-10-18T07:00:00+09:00,J4,832,881,1713
2018-10-18T07:00:00+09:00,J5,273,238,511
2018-10-18T07:15:00+09:00,J1,776,711,1487
2018-10-18T07:15:00+09:00,J2,666,487,1153
2018-10-18T07:15:00+09:00,J3,629,569,1198
2018-10-18T07:15:00+09:00,J4,842,909,1751
2018-10-18T07:15:00+09:00,J5,293,302,595
2018-10-18T07:30:00+09:00,J1,881,764,1645
2018-10-18T07:30:00+09:00,J2,652,479,1131
2018-10-18T07:30:00+09:00,J3,497,516,1013
2018-10-18T07:30:00+09:00,J4,847,908,1755
2018-10-18T07:30:00+09:00,J5,395,416,811
2018-10-18T07:45:00+09:00,J1,987,805,1792
2018-10-18T07:45:00+09:00,J2,693,483,1176
2018-10-18T07:45:00+09:00,J3,652,640,1292
2018-10-18T07:45:00+09:00,J4,986,1148,2134
2018-10-18T07:45:00+09:00,J5,427,547,974
2018-10-18T08:00:00+09:00,J1,1098,994,2092
2018-10-18T08:00:00+09:00,J2,771,466,1237
2018-10-18T08:00:00+09:00,J3,742,800,1542
2018-10-18T08:00:00+09:00,J4,973,1173,2146
2018-10-18T08:00:00+09:00,J5,425,506,931
2018-10-18T08:15:00+09:00,J1,1263,989,2252
2018-10-18T08:15:00+09:00,J2,925,587,1512
2018-10-18T08:15:00+09:00,J3,824,947,1771
2018-10-18T08:15:00+09:00,J4,818,1172,1990
2018-10-18T08:15:00+09:00,J5,477,630,1107
2018-10-18T08:30:00+09:00,J1,1424,1093,2517
2018-10-18T08:30:00+09:00,J2,1102,697,1799
2018-10-18T08:30:00+09:00,J3,790,1008,1798
2018-10-18T08:30:00+09:00,J4,1137,1430,2567
2018-10-18T08:30:00+09:00,J5,545,623,1168
2018-10-18T08:45:00+09:00,J1,1148,916,2064
2018-10-18T08:45:00+09:00,J2,939,632,1571
2018-10-18T08:45:00+09:00,J3,708,855,1563
2018-10-18T08:45:00+09:00,J4,890,1144,2034
2018-10-18T08:45:00+09:00,J5,428,512,940
2018-10-18T09:00:00+09:00,J1,1046,1022,2068
2018-10-18T09:00:00+09:00,J2,848,716,1564
2018-10-18T09:00:00+09:00,J3,732,809,1541
2018-10-18T09:00:00+09:00,J4,928,1044,1972
2018-10-18T09:00:00+09:00,J5,355,374,729
2018-10-18T09:15:00+09:00,J1,928,892,1820
2018-10-18T09:15:00+09:00,J2,624,515,1139
2018-10-18T09:15:00+09:00,J3,742,674,1416
2018-10-18T09:15:00+09:00,J4,836,974,1810
2018-10-18T09:15:00+09:00,J5,421,466,887
2018-10-18T09:30:00+09:00,J1,964,880,1844
2018-10-18T09:30:00+09:00,J2,683,549,1232
2018-10-18T09:30:00+09:00,J3,794,642,1436
2018-10-18T09:30:00+09:00,J4,863,944,1807
2018-10-18T09:30:00+09:00,J5,459,477,936
2018-10-18T09:45:00+09:00,J1,926,845,1771
2018-10-18T09:45:00+09:00,J2,662,568,1230
2018-10-18T09:45:00+09:00,J3,774,744,1518
2018-10-18T09:45:00+09:00,J4,633,757,1390
2018-10-18T09:45:00+09:00,J5,440,488,928
2018-10-18T10:00:00+09:00,J1,889,926,1815
2018-10-18T10:00:00+09:00,J2,646,541,1187
2018-10-18T10:00:00+09:00,J3,778,773,1551
2018-10-18T10:00:00+09:00,J4,709,784,1493
2018-10-18T10:00:00+09:00,J5,403,478,881
2018-10-18T10:15:00+09:00,J1,853,763,1616
2018-10-18T10:15:00+09:00,J2,772,630,1402
2018-10-18T10:15:00+09:00,J3,707,706,1413
2018-10-18T10:15:00+09:00,J4,789,863,1652
2018-10-18T10:15:00+09:00,J5,398,458,856
2018-10-18T10:30:00+09:00,J1,861,809,1670
2018-10-18T10:30:00+09:00,J2,787,667,1454
2018-10-18T10:30:00+09:00,J3,702,641,1343
2018-10-18T10:30:00+09:00,J4,726,831,1557
2018-10-18T10:30:00+09:00,J5,343,363,706
2018-10-18T10:45:00+09:00,J1,958,1048,2006
2018-10-18T10:45:00+09:00,J2,710,606,1316
2018-10-18T10:45:00+09:00,J3,773,733,1506
2018-10-18T10:45:00+09:00,J4,733,758,1491
2018-10-18T10:45:00+09:00,J5,416,463,879
2018-10-18T11:00:00+09:00,J1,958,917,1875
2018-10-18T11:00:00+09:00,J2,871,672,1543
2018-10-18T11:00:00+09:00,J3,693,671,1364
2018-10-18T11:00:00+09:00,J4,781,790,1571
2018-10-18T11:00:00+09:00,J5,279,362,641
2018-10-18T11:15:00+09:00,J1,1077,1115,2192
2018-10-18T11:15:00+09:00,J2,807,656,1463
2018-10-18T11:15:00+09:00,J3,662,594,1256
2018-10-18T11:15:00+09:00,J4,762,770,1532
2018-10-18T11:15:00+09:00,J5,265,291,556
2018-10-18T11:30:00+09:00,J1,1039,1068,2107
2018-10-18T11:30:00+09:00,J2,841,723,1564
2018-10-18T11:30:00+09:00,J3,749,781,1530
2018-10-18T11:30:00+09:00,J4,599,571,1170
2018-10-18T11:30:00+09:00,J5,359,443,802
2018-10-18T11:45:00+09:00,J1,966,1019,1985
2018-10-18T11:45:00+09:00,J2,836,697,1533
2018-10-18T11:45:00+09:00,J3,758,721,1479
2018-10-18T11:45:00+09:00,J4,681,686,1367
2018-10-18T11:45:00+09:00,J5,435,439,874
2018-10-18T12:00:00+09:00,J1,927,1004,1931
2018-10-18T12:00:00+09:00,J2,749,629,1378
2018-10-18T12:00:00+09:00,J3,803,760,1563
2018-10-18T12:00:00+09:00,J4,611,609,1220
2018-10-18T12:00:00+09:00,J5,478,576,1054
2018-10-18T12:15:00+09:00,J1,935,1024,1959
2018-10-18T12:15:00+09:00,J2,665,633,1298
2018-10-18T12:15:00+09:00,J3,748,701,1449
2018-10-18T12:15:00+09:00,J4,721,742,1463
2018-10-18T12:15:00+09:00,J5,426,577,1003
2018-10-18T12:30:00+09:00,J1,1011,1097,2108
2018-10-18T12:30:00+09:00,J2,701,618,1319
2018-10-18T12:30:00+09:00,J3,794,794,1588
2018-10-18T12:30:00+09:00,J4,795,893,1688
2018-10-18T12:30:00+09:00,J5,450,541,991
2018-10-18T12:45:00+09:00,J1,1047,1193,2240
2018-10-18T12:45:00+09:00,J2,766,574,1340
2018-10-18T12:45:00+09:00,J3,695,756,1451
2018-10-18T12:45:00+09:00,J4,1020,1057,2077
2018-10-18T12:45:00+09:00,J5,519,563,1082
2018-10-18T13:00:00+09:00,J1,1081,1229,2310
2018-10-18T13:00:00+09:00,J2,704,736,1440
2018-10-18T13:00:00+09:00,J3,730,714,1444
2018-10-18T13:00:00+09:00,J4,946,888,1834
2018-10-18T13:00:00+09:00,J5,514,571,1085
2018-10-18T13:15:00+09:00,J1,1086,1237,2323
2018-10-18T13:15:00+09:00,J2,779,617,1396
2018-10-18T13:15:00+09:00,J3,716,715,1431
2018-10-18T13:15:00+09:00,J4,862,868,1730
2018-10-18T13:15:00+09:00,J5,400,530,930
2018-10-18T13:30:00+09:00,J1,979,1242,2221
2018-10-18T13:30:00+09:00,J2,722,608,1330
2018-10-18T13:30:00+09:00,J3,672,712,1384
2018-10-18T13:30:00+09:00,J4,880,867,1747
2018-10-18T13:30:00+09:00,J5,426,529,955
2018-10-18T13:45:00+09:00,J1,1055,1130,2185
2018-10-18T13:45:00+09:00,J2,700,648,1348
2018-10-18T13:45:00+09:00,J3,675,590,1265
2018-10-18T13:45:00+09:00,J4,854,890,1744
2018-10-18T13:45:00+09:00,J5,420,522,942
2018-10-18T14:00:00+09:00,J1,1005,1136,2141
2018-10-18T14:00:00+09:00,J2,712,633,1345
2018-10-18T14:00:00+09:00,J3,701,618,1319
2018-10-18T14:00:00+09:00,J4,847,858,1705
2018-10-18T14:00:00+09:00,J5,428,523,951
2018-10-18T14:15:00+09:00,J1,987,1159,2146
2018-10-18T14:15:00+09:00,J2,657,609,1266
2018-10-18T14:15:00+09:00,J3,685,616,1301
2018-10-18T14:15:00+09:00,J4,812,759,1571
2018-10-18T14:15:00+09:00,J5,367,517,884
2018-10-18T14:30:00+09:00,J1,955,1045,2000
2018-10-18T14:30:00+09:00,J2,695,578,1273
2018-10-18T14:30:00+09:00,J3,683,674,1357
2018-10-18T14:30:00+09:00,J4,948,803,1751
2018-10-18T14:30:00+09:00,J5,406,491,897
2018-10-18T14:45:00+09:00,J1,961,1035,1996
2018-10-18T14:45:00+09:00,J2,663,559,1222
2018-10-18T14:45:00+09:00,J3,673,659,1332
2018-10-18T14:45:00+09:00,J4,923,841,1764
2018-10-18T14:45:00+09:00,J5,361,509,870
2018-10-18T15:00:00+09:00,J1,1027,1150,2177
2018-10-18T15:00:00+09:00,J2,604,645,1249
2018-10-18T15:00:00+09:00,J3,706,646,1352
2018-10-18T15:00:00+09:00,J4,880,742,1622
2018-10-18T15:00:00+09:00,J5,378,459,837
2018-10-18T15:15:00+09:00,J1,956,1226,2182
2018-10-18T15:15:00+09:00,J2,621,581,1202
2018-10-18T15:15:00+09:00,J3,700,713,1413
2018-10-18T15:15:00+09:00,J4,874,828,1702
2018-10-18T15:15:00+09:00,J5,396,547,943
2018-10-18T15:30:00+09:00,J1,1014,1207,2221
2018-10-18T15:30:00+09:00,J2,627,646,1273
2018-10-18T15:30:00+09:00,J3,676,721,1397
2018-10-18T15:30:00+09:00,J4,925,918,1843
2018-10-18T15:30:00+09:00,J5,373,472,845
2018-10-18T15:45:00+09:00,J1,1018,1184,2202
2018-10-18T15:45:00+09:00,J2,605,594,1199
2018-10-18T15:45:00+09:00,J3,717,700,1417
2018-10-18T15:45:00+09:00,J4,931,862,1793
2018-10-18T15:45:00+09:00,J5,361,462,823
2018-10-18T16:00:00+09:00,J1,1046,1189,2235
2018-10-18T16:00:00+09:00,J2,696,626,1322
2018-10-18T16:00:00+09:00,J3,747,655,1402
2018-10-18T16:00:00+09:00,J4,954,822,1776
2018-10-18T16:00:00+09:00,J5,360,438,798
2018-10-18T16:15:00+09:00,J1,988,1202,2190
2018-10-18T16:15:00+09:00,J2,701,722,1423
2018-10-18T16:15:00+09:00,J3,748,717,1465
2018-10-18T16:15:00+09:00,J4,1028,960,1988
2018-10-18T16:15:00+09:00,J5,375,415,790
2018-10-18T16:30:00+09:00,J1,1038,1186,2224
2018-10-18T16:30:00+09:00,J2,757,667,1424
2018-10-18T16:30:00+09:00,J3,737,751,1488
2018-10-18T16:30:00+09:00,J4,1117,1077,2194
2018-10-18T16:30:00+09:00,J5,305,405,710
2018-10-18T16:45:00+09:00,J1,993,1163,2156
2018-10-18T16:45:00+09:00,J2,716,675,1391
2018-10-18T16:45:00+09:00,J3,727,757,1484
2018-10-18T16:45:00+09:00,J4,1132,1078,2210
2018-10-18T16:45:00+09:00,J5,239,335,574
2018-10-18T17:00:00+09:00,J1,1085,1261,2346
2018-10-18T17:00:00+09:00,J2,742,710,1452
2018-10-18T17:00:00+09:00,J3,873,746,1619
2018-10-18T17:00:00+09:00,J4,1179,1086,2265
2018-10-18T17:00:00+09:00,J5,302,386,688
2018-10-18T17:15:00+09:00,J1,1096,1298,2394
2018-10-18T17:15:00+09:00,J2,757,729,1486
2018-10-18T17:15:00+09:00,J3,905,802,1707
2018-10-18T17:15:00+09:00,J4,1084,952,2036
2018-10-18T17:15:00+09:00,J5,334,471,805
2018-10-18T17:30:00+09:00,J1,1100,1363,2463
2018-10-18T17:30:00+09:00,J2,789,739,1528
2018-10-18T17:30:00+09:00,J3,915,867,1782
2018-10-18T17:30:00+09:00,J4,1019,952,1971
2018-10-18T17:30:00+09:00,J5,307,521,828
2018-10-18T17:45:00+09:00,J1,1128,1372,2500
2018-10-18T17:45:00+09:00,J2,725,764,1489
2018-10-18T17:45:00+09:00,J3,1056,923,1979
2018-10-18T17:45:00+09:00,J4,1004,910,1914
2018-10-18T17:45:00+09:00,J5,319,540,859
2018-10-18T18:00:00+09:00,J1,1065,1354,2419
2018-10-18T18:00:00+09:00,J2,800,848,1648
2018-10-18T18:00:00+09:00,J3,1085,859,1944
2018-10-18T18:00:00+09:00,J4,981,1035,2016
2018-10-18T18:00:00+09:00,J5,331,484,815
2018-10-18T18:15:00+09:00,J1,1129,1306,2435
2018-10-18T18:15:00+09:00,J2,862,721,1583
2018-10-18T18:15:00+09:00,J3,1093,885,1978
2018-10-18T18:15:00+09:00,J4,1104,893,1997
2018-10-18T18:15:00+09:00,J5,435,471,906
2018-10-18T18:30:00+09:00,J1,1109,1312,2421
2018-10-18T18:30:00+09:00,J2,906,823,1729
2018-10-18T18:30:00+09:00,J3,973,850,1823
2018-10-18T18:30:00+09:00,J4,1074,885,1959
2018-10-18T18:30:00+09:00,J5,386,454,840
2018-10-18T18:45:00+09:00,J1,1025,1166,2191
2018-10-18T18:45:00+09:00,J2,952,708,1660
2018-10-18T18:45:00+09:00,J3,847,780,1627
2018-10-18T18:45:00+09:00,J4,1102,941,2043
2018-10-18T18:45:00+09:00,J5,412,429,841
2018-10-18T19:00:00+09:00,J1,978,1089,2067
2018-10-18T19:00:00+09:00,J2,603,585,1188
2018-10-18T19:00:00+09:00,J3,802,722,1524
2018-10-18T19:00:00+09:00,J4,1063,995,2058
2018-10-18T19:00:00+09:00,J5,420,451,871
2018-10-18T19:15:00+09:00,J1,996,1198,2194
2018-10-18T19:15:00+09:00,J2,541,518,1059
2018-10-18T19:15:00+09:00,J3,821,803,1624
2018-10-18T19:15:00+09:00,J4,1199,1031,2230
2018-10-18T19:15:00+09:00,J5,491,513,1004
2018-10-18T19:30:00+09:00,J1,948,1143,2091
2018-10-18T19:30:00+09:00,J2,593,590,1183
2018-10-18T19:30:00+09:00,J3,844,866,1710
2018-10-18T19:30:00+09:00,J4,1260,1053,2313
2018-10-18T19:30:00+09:00,J5,490,502,992
2018-10-18T19:45:00+09:00,J1,963,1098,2061
2018-10-18T19:45:00+09:00,J2,504,512,1016
2018-10-18T19:45:00+09:00,J3,833,817,1650
2018-10-18T19:45:00+09:00,J4,1205,1073,2278
2018-10-18T19:45:00+09:00,J5,450,485,935
2018-10-18T20:00:00+09:00,J1,947,1094,2041
2018-10-18T20:00:00+09:00,J2,656,605,1261
2018-10-18T20:00:00+09:00,J3,736,842,1578
2018-10-18T20:00:00+09:00,J4,1280,1227,2507
2018-10-18T20:00:00+09:00,J5,493,497,990
2018-10-18T20:15:00+09:00,J1,903,993,1896
2018-10-18T20:15:00+09:00,J2,688,636,1324
2018-10-18T20:15:00+09:00,J3,797,745,1542
2018-10-18T20:15:00+09:00,J4,1171,1026,2197
2018-10-18T20:15:00+09:00,J5,455,470,925
2018-10-18T20:30:00+09:00,J1,935,1022,1957
2018-10-18T20:30:00+09:00,J2,699,596,1295
2018-10-18T20:30:00+09:00,J3,812,739,1551
2018-10-18T20:30:00+09:00,J4,1158,998,2156
2018-10-18T20:30:00+09:00,J5,440,524,964
2018-10-18T20:45:00+09:00,J1,911,1122,2033
2018-10-18T20:45:00+09:00,J2,620,540,1160
2018-10-18T20:45:00+09:00,J3,758,684,1442
2018-10-18T20:45:00+09:00,J4,1109,1117,2226
2018-10-18T20:45:00+09:00,J5,516,479,995
2018-10-18T21:00:00+09:00,J1,957,1104,2061
2018-10-18T21:00:00+09:00,J2,618,540,1158
2018-10-18T21:00:00+09:00,J3,631,664,1295
2018-10-18T21:00:00+09:00,J4,1212,1089,2301
2018-10-18T21:00:00+09:00,J5,549,505,1054
2018-10-18T21:15:00+09:00,J1,923,1113,2036
2018-10-18T21:15:00+09:00,J2,566,580,1146
2018-10-18T21:15:00+09:00,J3,634,598,1232
2018-10-18T21:15:00+09:00,J4,1290,1120,2410
2018-10-18T21:15:00+09:00,J5,526,485,1011
2018-10-18T21:30:00+09:00,J1,888,1014,1902
2018-10-18T21:30:00+09:00,J2,627,563,1190
2018-10-18T21:30:00+09:00,J3,621,599,1220
2018-10-18T21:30:00+09:00,J4,1195,1146,2341
2018-10-18T21:30:00+09:00,J5,447,456,903
2018-10-18T21:45:00+09:00,J1,818,987,1805
2018-10-18T21:45:00+09:00,J2,607,545,1152
2018-10-18T21:45:00+09:00,J3,554,555,1109
2018-10-18T21:45:00+09:00,J4,1292,1217,2509
2018-10-18T21:45:00+09:00,J5,458,410,868
2018-10-18T22:00:00+09:00,J1,811,919,1730
2018-10-18T22:00:00+09:00,J2,505,456,961
2018-10-18T22:00:00+09:00,J3,554,515,1069
2018-10-18T22:00:00+09:00,J4,1081,1144,2225
2018-10-18T22:00:00+09:00,J5,395,410,805
2018-10-18T22:15:00+09:00,J1,842,886,1728
2018-10-18T22:15:00+09:00,J2,591,528,1119
2018-10-18T22:15:00+09:00,J3,470,470,940
2018-10-18T22:15:00+09:00,J4,1343,1310,2653
2018-10-18T22:15:00+09:00,J5,554,559,1113
2018-10-18T22:30:00+09:00,J1,905,903,1808
2018-10-18T22:30:00+09:00,J2,525,559,1084
2018-10-18T22:30:00+09:00,J3,584,522,1106
2018-10-18T22:30:00+09:00,J4,1427,1385,2812
2018-10-18T22:30:00+09:00,J5,395,395,790
2018-10-18T22:45:00+09:00,J1,787,853,1640
2018-10-18T22:45:00+09:00,J2,570,556,1126
2018-10-18T22:45:00+09:00,J3,498,502,1000
2018-10-18T22:45:00+09:00,J4,1329,1301,2630
2018-10-18T22:45:00+09:00,J5,246,311,557
2018-10-18T23:00:00+09:00,J1,841,829,1670
2018-10-18T23:00:00+09:00,J2,591,543,1134
2018-10-18T23:00:00+09:00,J3,486,449,935
2018-10-18T23:00:00+09:00,J4,1284,1279,2563
2018-10-18T23:00:00+09:00,J5,322,404,726
2018-10-18T23:15:00+09:00,J1,835,854,1689
2018-10-18T23:15:00+09:00,J2,568,565,1133
2018-10-18T23:15:00+09:00,J3,412,402,814
2018-10-18T23:15:00+09:00,J4,1417,1410,2827
2018-10-18T23:15:00+09:00,J5,295,394,689
2018-10-18T23:30:00+09:00,J1,769,862,1631
2018-10-18T23:30:00+09:00,J2,573,532,1105
2018-10-18T23:30:00+09:00,J3,461,395,856
2018-10-18T23:30:00+09:00,J4,1115,1105,2220
2018-10-18T23:30:00+09:00,J5,348,461,809
2018-10-18T23:45:00+09:00,J1,746,756,1502
2018-10-18T23:45:00+09:00,J2,592,571,1163
2018-10-18T23:45:00+09:00,J3,414,366,780
2018-10-18T23:45:00+09:00,J4,1302,1189,2491
2018-10-18T23:45:00+09:00,J5,312,395,707
2018-10-19T00:00:00+09:00,J1,524,487,1011
2018-10-19T00:00:00+09:00,J2,568,501,1069
2018-10-19T00:00:00+09:00,J3,289,268,557
2018-10-19T00:00:00+09:00,J4,1315,1232,2547
2018-10-19T00:00:00+09:00,J5,270,333,603
2018-10-19T00:15:00+09:00,J1,309,321,630
2018-10-19T00:15:00+09:00,J2,489,335,824
2018-10-19T00:15:00+09:00,J3,379,334,713
2018-10-19T00:15:00+09:00,J4,645,672,1317
2018-10-19T00:15:00+09:00,J5,246,226,472
2018-10-19T00:30:00+09:00,J1,278,334,612
2018-10-19T00:30:00+09:00,J2,369,302,671
2018-10-19T00:30:00+09:00,J3,246,240,486
2018-10-19T00:30:00+09:00,J4,387,405,792
2018-10-19T00:30:00+09:00,J5,258,206,464
2018-10-19T00:45:00+09:00,J1,384,322,706
2018-10-19T00:45:00+09:00,J2,351,283,634
2018-10-19T00:45:00+09:00,J3,327,284,611
2018-10-19T00:45:00+09:00,J4,372,391,763
2018-10-19T00:45:00+09:00,J5,211,183,394
2018-10-19T05:45:00+09:00,J1,396,412,808
2018-10-19T05:45:00+09:00,J2,225,289,514
2018-10-19T05:45:00+09:00,J3,429,386,815
2018-10-19T05:45:00+09:00,J4,814,834,1648
2018-10-19T05:45:00+09:00,J5,266,273,539
2018-10-19T06:00:00+09:00,J1,482,585,1067
2018-10-19T06:00:00+09:00,J2,389,352,741
2018-10-19T06:00:00+09:00,J3,341,257,598
2018-10-19T06:00:00+09:00,J4,785,733,1518
2018-10-19T06:00:00+09:00,J5,188,110,298
2018-10-19T06:15:00+09:00,J1,766,823,1589
2018-10-19T06:15:00+09:00,J2,393,306,699
2018-10-19T06:15:00+09:00,J3,381,391,772
2018-10-19T06:15:00+09:00,J4,944,1021,1965
2018-10-19T06:15:00+09:00,J5,220,177,397
2018-10-19T06:30:00+09:00,J1,837,812,1649
2018-10-19T06:30:00+09:00,J2,355,319,674
2018-10-19T06:30:00+09:00,J3,453,404,857
2018-10-19T06:30:00+09:00,J4,1083,1171,2254
2018-10-19T06:30:00+09:00,J5,236,243,479
2018-10-19T06:45:00+09:00,J1,774,812,1586
2018-10-19T06:45:00+09:00,J2,397,364,761
2018-10-19T06:45:00+09:00,J3,495,413,908
2018-10-19T06:45:00+09:00,J4,1081,999,2080
2018-10-19T06:45:00+09:00,J5,270,231,501
2018-10-19T07:00:00+09:00,J1,1020,1013,2033
2018-10-19T07:00:00+09:00,J2,421,399,820
2018-10-19T07:00:00+09:00,J3,494,430,924
2018-10-19T07:00:00+09:00,J4,1306,1278,2584
2018-10-19T07:00:00+09:00,J5,229,261,490
2018-10-19T07:15:00+09:00,J1,1160,1157,2317
2018-10-19T07:15:00+09:00,J2,628,476,1104
2018-10-19T07:15:00+09:00,J3,571,474,1045
2018-10-19T07:15:00+09:00,J4,1214,1283,2497
2018-10-19T07:15:00+09:00,J5,248,271,519
2018-10-19T07:30:00+09:00,J1,961,967,1928
2018-10-19T07:30:00+09:00,J2,435,397,832
2018-10-19T07:30:00+09:00,J3,660,660,1320
2018-10-19T07:30:00+09:00,J4,1143,1211,2354
2018-10-19T07:30:00+09:00,J5,336,356,692
2018-10-19T07:45:00+09:00,J1,1050,910,1960
2018-10-19T07:45:00+09:00,J2,516,420,936
2018-10-19T07:45:00+09:00,J3,692,690,1382
2018-10-19T07:45:00+09:00,J4,1157,1379,2536
2018-10-19T07:45:00+09:00,J5,278,322,600
2018-10-19T08:00:00+09:00,J1,1217,1061,2278
2018-10-19T08:00:00+09:00,J2,649,470,1119
2018-10-19T08:00:00+09:00,J3,816,713,1529
2018-10-19T08:00:00+09:00,J4,1207,1417,2624
2018-10-19T08:00:00+09:00,J5,322,297,619
2018-10-19T08:15:00+09:00,J1,1328,1032,2360
2018-10-19T08:15:00+09:00,J2,809,551,1360
2018-10-19T08:15:00+09:00,J3,874,855,1729
2018-10-19T08:15:00+09:00,J4,1229,1481,2710
2018-10-19T08:15:00+09:00,J5,382,337,719
2018-10-19T08:30:00+09:00,J1,1408,1066,2474
2018-10-19T08:30:00+09:00,J2,797,496,1293
2018-10-19T08:30:00+09:00,J3,712,886,1598
2018-10-19T08:30:00+09:00,J4,1216,1413,2629
2018-10-19T08:30:00+09:00,J5,367,404,771
2018-10-19T08:45:00+09:00,J1,1083,933,2016
2018-10-19T08:45:00+09:00,J2,616,383,999
2018-10-19T08:45:00+09:00,J3,639,700,1339
2018-10-19T08:45:00+09:00,J4,1100,1289,2389
2018-10-19T08:45:00+09:00,J5,348,308,656
2018-10-19T09:00:00+09:00,J1,1069,1007,2076
2018-10-19T09:00:00+09:00,J2,509,430,939
2018-10-19T09:00:00+09:00,J3,643,616,1259
2018-10-19T09:00:00+09:00,J4,942,1107,2049
2018-10-19T09:00:00+09:00,J5,326,267,593
2018-10-19T09:15:00+09:00,J1,941,827,1768
2018-10-19T09:15:00+09:00,J2,524,416,940
2018-10-19T09:15:00+09:00,J3,596,555,1151
2018-10-19T09:15:00+09:00,J4,825,911,1736
2018-10-19T09:15:00+09:00,J5,310,276,586
2018-10-19T09:30:00+09:00,J1,988,930,1918
2018-10-19T09:30:00+09:00,J2,458,338,796
2018-10-19T09:30:00+09:00,J3,579,567,1146
2018-10-19T09:30:00+09:00,J4,907,944,1851
2018-10-19T09:30:00+09:00,J5,321,380,701
2018-10-19T09:45:00+09:00,J1,861,801,1662
2018-10-19T09:45:00+09:00,J2,465,420,885
2018-10-19T09:45:00+09:00,J3,566,491,1057
2018-10-19T09:45:00+09:00,J4,909,940,1849
2018-10-19T09:45:00+09:00,J5,353,388,741
2018-10-19T10:00:00+09:00,J1,789,767,1556
2018-10-19T10:00:00+09:00,J2,458,468,926
2018-10-19T10:00:00+09:00,J3,540,556,1096
2018-10-19T10:00:00+09:00,J4,745,819,1564
2018-10-19T10:00:00+09:00,J5,361,480,841
2018-10-19T10:15:00+09:00,J1,782,801,1583
2018-10-19T10:15:00+09:00,J2,494,522,1016
2018-10-19T10:15:00+09:00,J3,677,590,1267
2018-10-19T10:15:00+09:00,J4,970,964,1934
2018-10-19T10:15:00+09:00,J5,364,489,853
2018-10-19T10:30:00+09:00,J1,803,841,1644
2018-10-19T10:30:00+09:00,J2,596,577,1173
2018-10-19T10:30:00+09:00,J3,764,678,1442
2018-10-19T10:30:00+09:00,J4,770,833,1603
2018-10-19T10:30:00+09:00,J5,434,463,897
2018-10-19T10:45:00+09:00,J1,758,777,1535
2018-10-19T10:45:00+09:00,J2,542,527,1069
2018-10-19T10:45:00+09:00,J3,713,758,1471
2018-10-19T10:45:00+09:00,J4,578,729,1307
2018-10-19T10:45:00+09:00,J5,466,518,984
2018-10-19T11:00:00+09:00,J1,767,799,1566
2018-10-19T11:00:00+09:00,J2,611,547,1158
2018-10-19T11:00:00+09:00,J3,776,717,1493
2018-10-19T11:00:00+09:00,J4,858,910,1768
2018-10-19T11:00:00+09:00,J5,468,463,931
2018-10-19T11:15:00+09:00,J1,1014,1010,2024
2018-10-19T11:15:00+09:00,J2,630,500,1130
2018-10-19T11:15:00+09:00,J3,718,813,1531
2018-10-19T11:15:00+09:00,J4,586,650,1236
2018-10-19T11:15:00+09:00,J5,458,466,924
2018-10-19T11:30:00+09:00,J1,958,962,1920
2018-10-19T11:30:00+09:00,J2,665,534,1199
2018-10-19T11:30:00+09:00,J3,704,750,1454
2018-10-19T11:30:00+09:00,J4,619,612,1231
2018-10-19T11:30:00+09:00,J5,457,464,921
2018-10-19T11:45:00+09:00,J1,989,955,1944
2018-10-19T11:45:00+09:00,J2,733,615,1348
2018-10-19T11:45:00+09:00,J3,685,712,1397
2018-10-19T11:45:00+09:00,J4,673,698,1371
2018-10-19T11:45:00+09:00,J5,469,534,1003
2018-10-19T12:00:00+09:00,J1,972,1028,2000
2018-10-19T12:00:00+09:00,J2,819,643,1462
2018-10-19T12:00:00+09:00,J3,676,770,1446
2018-10-19T12:00:00+09:00,J4,693,585,1278
2018-10-19T12:00:00+09:00,J5,457,509,966
2018-10-19T12:15:00+09:00,J1,931,1028,1959
2018-10-19T12:15:00+09:00,J2,819,700,1519
2018-10-19T12:15:00+09:00,J3,656,675,1331
2018-10-19T12:15:00+09:00,J4,849,729,1578
2018-10-19T12:15:00+09:00,J5,415,469,884
2018-10-19T12:30:00+09:00,J1,890,965,1855
2018-10-19T12:30:00+09:00,J2,888,690,1578
2018-10-19T12:30:00+09:00,J3,626,654,1280
2018-10-19T12:30:00+09:00,J4,867,806,1673
2018-10-19T12:30:00+09:00,J5,411,512,923
2018-10-19T12:45:00+09:00,J1,950,988,1938
2018-10-19T12:45:00+09:00,J2,852,654,1506
2018-10-19T12:45:00+09:00,J3,674,596,1270
2018-10-19T12:45:00+09:00,J4,827,804,1631
2018-10-19T12:45:00+09:00,J5,414,493,907
2018-10-19T13:00:00+09:00,J1,896,1004,1900
2018-10-19T13:00:00+09:00,J2,829,639,1468
2018-10-19T13:00:00+09:00,J3,672,631,1303
2018-10-19T13:00:00+09:00,J4,796,751,1547
2018-10-19T13:00:00+09:00,J5,441,494,935
2018-10-19T13:15:00+09:00,J1,895,941,1836
2018-10-19T13:15:00+09:00,J2,826,633,1459
2018-10-19T13:15:00+09:00,J3,666,615,1281
2018-10-19T13:15:00+09:00,J4,725,738,1463
2018-10-19T13:15:00+09:00,J5,440,512,952
2018-10-19T13:30:00+09:00,J1,868,909,1777
2018-10-19T13:30:00+09:00,J2,746,581,1327
2018-10-19T13:30:00+09:00,J3,616,656,1272
2018-10-19T13:30:00+09:00,J4,848,784,1632
2018-10-19T13:30:00+09:00,J5,404,465,869
2018-10-19T13:45:00+09:00,J1,919,976,1895
2018-10-19T13:45:00+09:00,J2,689,528,1217
2018-10-19T13:45:00+09:00,J3,633,631,1264
2018-10-19T13:45:00+09:00,J4,814,748,1562
2018-10-19T13:45:00+09:00,J5,443,490,933
2018-10-19T14:00:00+09:00,J1,895,985,1880
2018-10-19T14:00:00+09:00,J2,540,426,966
2018-10-19T14:00:00+09:00,J3,613,541,1154
2018-10-19T14:00:00+09:00,J4,843,824,1667
2018-10-19T14:00:00+09:00,J5,418,447,865
2018-10-19T14:15:00+09:00,J1,928,996,1924
2018-10-19T14:15:00+09:00,J2,494,532,1026
2018-10-19T14:15:00+09:00,J3,583,548,1131
2018-10-19T14:15:00+09:00,J4,796,752,1548
2018-10-19T14:15:00+09:00,J5,449,490,939
2018-10-19T14:30:00+09:00,J1,922,1064,1986
2018-10-19T14:30:00+09:00,J2,475,473,948
2018-10-19T14:30:00+09:00,J3,567,541,1108
2018-10-19T14:30:00+09:00,J4,805,738,1543
2018-10-19T14:30:00+09:00,J5,422,528,950
2018-10-19T14:45:00+09:00,J1,921,954,1875
2018-10-19T14:45:00+09:00,J2,487,508,995
2018-10-19T14:45:00+09:00,J3,600,512,1112
2018-10-19T14:45:00+09:00,J4,836,776,1612
2018-10-19T14:45:00+09:00,J5,421,483,904
2018-10-19T15:00:00+09:00,J1,920,1047,1967
2018-10-19T15:00:00+09:00,J2,538,498,1036
2018-10-19T15:00:00+09:00,J3,581,568,1149
2018-10-19T15:00:00+09:00,J4,823,784,1607
2018-10-19T15:00:00+09:00,J5,439,532,971
2018-10-19T15:15:00+09:00,J1,948,1023,1971
2018-10-19T15:15:00+09:00,J2,541,528,1069
2018-10-19T15:15:00+09:00,J3,613,619,1232
2018-10-19T15:15:00+09:00,J4,876,824,1700
2018-10-19T15:15:00+09:00,J5,412,540,952
2018-10-19T15:30:00+09:00,J1,921,1021,1942
2018-10-19T15:30:00+09:00,J2,568,585,1153
2018-10-19T15:30:00+09:00,J3,629,605,1234
2018-10-19T15:30:00+09:00,J4,877,874,1751
2018-10-19T15:30:00+09:00,J5,366,404,770
2018-10-19T15:45:00+09:00,J1,893,1045,1938
2018-10-19T15:45:00+09:00,J2,637,525,1162
2018-10-19T15:45:00+09:00,J3,578,602,1180
2018-10-19T15:45:00+09:00,J4,877,711,1588
2018-10-19T15:45:00+09:00,J5,384,465,849
2018-10-19T16:00:00+09:00,J1,896,1017,1913
2018-10-19T16:00:00+09:00,J2,622,556,1178
2018-10-19T16:00:00+09:00,J3,606,569,1175
2018-10-19T16:00:00+09:00,J4,885,815,1700
2018-10-19T16:00:00+09:00,J5,372,461,833
2018-10-19T16:15:00+09:00,J1,888,988,1876
2018-10-19T16:15:00+09:00,J2,566,528,1094
2018-10-19T16:15:00+09:00,J3,658,603,1261
2018-10-19T16:15:00+09:00,J4,818,748,1566
2018-10-19T16:15:00+09:00,J5,316,399,715
2018-10-19T16:30:00+09:00,J1,881,1014,1895
2018-10-19T16:30:00+09:00,J2,608,602,1210
2018-10-19T16:30:00+09:00,J3,621,671,1292
2018-10-19T16:30:00+09:00,J4,912,819,1731
2018-10-19T16:30:00+09:00,J5,365,394,759
2018-10-19T16:45:00+09:00,J1,837,1068,1905
2018-10-19T16:45:00+09:00,J2,602,601,1203
2018-10-19T16:45:00+09:00,J3,675,606,1281
2018-10-19T16:45:00+09:00,J4,924,867,1791
2018-10-19T16:45:00+09:00,J5,307,388,695
2018-10-19T17:00:00+09:00,J1,945,1084,2029
2018-10-19T17:00:00+09:00,J2,640,599,1239
2018-10-19T17:00:00+09:00,J3,788,636,1424
2018-10-19T17:00:00+09:00,J4,920,818,1738
2018-10-19T17:00:00+09:00,J5,342,399,741
2018-10-19T17:15:00+09:00,J1,920,1093,2013
2018-10-19T17:15:00+09:00,J2,654,658,1312
2018-10-19T17:15:00+09:00,J3,818,633,1451
2018-10-19T17:15:00+09:00,J4,1010,880,1890
2018-10-19T17:15:00+09:00,J5,360,447,807
2018-10-19T17:30:00+09:00,J1,1028,1188,2216
2018-10-19T17:30:00+09:00,J2,744,724,1468
2018-10-19T17:30:00+09:00,J3,840,734,1574
2018-10-19T17:30:00+09:00,J4,1103,951,2054
2018-10-19T17:30:00+09:00,J5,374,486,860
2018-10-19T17:45:00+09:00,J1,1032,1145,2177
2018-10-19T17:45:00+09:00,J2,765,760,1525
2018-10-19T17:45:00+09:00,J3,889,759,1648
2018-10-19T17:45:00+09:00,J4,1098,887,1985
2018-10-19T17:45:00+09:00,J5,342,494,836
2018-10-19T18:00:00+09:00,J1,1044,1256,2300
2018-10-19T18:00:00+09:00,J2,814,785,1599
2018-10-19T18:00:00+09:00,J3,892,747,1639
2018-10-19T18:00:00+09:00,J4,1136,841,1977
2018-10-19T18:00:00+09:00,J5,293,486,779
2018-10-19T18:15:00+09:00,J1,1047,1277,2324
2018-10-19T18:15:00+09:00,J2,884,821,1705
2018-10-19T18:15:00+09:00,J3,868,689,1557
2018-10-19T18:15:00+09:00,J4,1123,857,1980
2018-10-19T18:15:00+09:00,J5,372,496,868
2018-10-19T18:30:00+09:00,J1,993,1165,2158
2018-10-19T18:30:00+09:00,J2,821,748,1569
2018-10-19T18:30:00+09:00,J3,781,592,1373
2018-10-19T18:30:00+09:00,J4,1003,735,1738
2018-10-19T18:30:00+09:00,J5,376,512,888
2018-10-19T18:45:00+09:00,J1,888,984,1872
2018-10-19T18:45:00+09:00,J2,799,679,1478
2018-10-19T18:45:00+09:00,J3,772,549,1321
2018-10-19T18:45:00+09:00,J4,946,828,1774
2018-10-19T18:45:00+09:00,J5,377,417,794
2018-10-19T19:00:00+09:00,J1,922,1076,1998
2018-10-19T19:00:00+09:00,J2,599,581,1180
2018-10-19T19:00:00+09:00,J3,708,542,1250
2018-10-19T19:00:00+09:00,J4,933,894,1827
2018-10-19T19:00:00+09:00,J5,431,439,870
2018-10-19T19:15:00+09:00,J1,946,1032,1978
2018-10-19T19:15:00+09:00,J2,582,549,1131
2018-10-19T19:15:00+09:00,J3,720,577,1297
2018-10-19T19:15:00+09:00,J4,972,816,1788
2018-10-19T19:15:00+09:00,J5,376,446,822
2018-10-19T19:30:00+09:00,J1,877,1000,1877
2018-10-19T19:30:00+09:00,J2,616,580,1196
2018-10-19T19:30:00+09:00,J3,626,541,1167
2018-10-19T19:30:00+09:00,J4,1089,943,2032
2018-10-19T19:30:00+09:00,J5,385,401,786
2018-10-19T19:45:00+09:00,J1,819,878,1697
2018-10-19T19:45:00+09:00,J2,549,535,1084
2018-10-19T19:45:00+09:00,J3,562,466,1028
2018-10-19T19:45:00+09:00,J4,1153,1028,2181
2018-10-19T19:45:00+09:00,J5,506,464,970
2018-10-19T20:00:00+09:00,J1,757,894,1651
2018-10-19T20:00:00+09:00,J2,499,481,980
2018-10-19T20:00:00+09:00,J3,595,480,1075
2018-10-19T20:00:00+09:00,J4,1196,1189,2385
2018-10-19T20:00:00+09:00,J5,473,529,1002
2018-10-19T20:15:00+09:00,J1,713,864,1577
2018-10-19T20:15:00+09:00,J2,537,511,1048
2018-10-19T20:15:00+09:00,J3,617,429,1046
2018-10-19T20:15:00+09:00,J4,1073,1047,2120
2018-10-19T20:15:00+09:00,J5,496,487,983
2018-10-19T20:30:00+09:00,J1,743,834,1577
2018-10-19T20:30:00+09:00,J2,601,540,1141
2018-10-19T20:30:00+09:00,J3,619,468,1087
2018-10-19T20:30:00+09:00,J4,1188,1082,2270
2018-10-19T20:30:00+09:00,J5,516,433,949
2018-10-19T20:45:00+09:00,J1,795,917,1712
2018-10-19T20:45:00+09:00,J2,611,533,1144
2018-10-19T20:45:00+09:00,J3,660,565,1225
2018-10-19T20:45:00+09:00,J4,1232,1107,2339
2018-10-19T20:45:00+09:00,J5,524,467,991
2018-10-19T21:00:00+09:00,J1,930,1100,2030
2018-10-19T21:00:00+09:00,J2,650,609,1259
2018-10-19T21:00:00+09:00,J3,662,548,1210
2018-10-19T21:00:00+09:00,J4,1221,1207,2428
2018-10-19T21:00:00+09:00,J5,522,510,1032
2018-10-19T21:15:00+09:00,J1,906,1092,1998
2018-10-19T21:15:00+09:00,J2,622,576,1198
2018-10-19T21:15:00+09:00,J3,617,502,1119
2018-10-19T21:15:00+09:00,J4,1320,1099,2419
2018-10-19T21:15:00+09:00,J5,581,548,1129
2018-10-19T21:30:00+09:00,J1,844,1031,1875
2018-10-19T21:30:00+09:00,J2,553,598,1151
2018-10-19T21:30:00+09:00,J3,594,498,1092
2018-10-19T21:30:00+09:00,J4,1301,1185,2486
2018-10-19T21:30:00+09:00,J5,680,664,1344
2018-10-19T21:45:00+09:00,J1,830,964,1794
2018-10-19T21:45:00+09:00,J2,571,468,1039
2018-10-19T21:45:00+09:00,J3,581,567,1148
2018-10-19T21:45:00+09:00,J4,1267,1222,2489
2018-10-19T21:45:00+09:00,J5,663,706,1369
2018-10-19T22:00:00+09:00,J1,827,954,1781
2018-10-19T22:00:00+09:00,J2,504,471,975
2018-10-19T22:00:00+09:00,J3,578,492,1070
2018-10-19T22:00:00+09:00,J4,1217,1185,2402
2018-10-19T22:00:00+09:00,J5,712,684,1396
2018-10-19T22:15:00+09:00,J1,779,919,1698
2018-10-19T22:15:00+09:00,J2,521,481,1002
2018-10-19T22:15:00+09:00,J3,570,579,1149
2018-10-19T22:15:00+09:00,J4,1390,1396,2786
2018-10-19T22:15:00+09:00,J5,659,722,1381
2018-10-19T22:30:00+09:00,J1,880,956,1836
2018-10-19T22:30:00+09:00,J2,574,536,1110
2018-10-19T22:30:00+09:00,J3,527,600,1127
2018-10-19T22:30:00+09:00,J4,1349,1332,2681
2018-10-19T22:30:00+09:00,J5,432,518,950
2018-10-19T22:45:00+09:00,J1,823,888,1711
2018-10-19T22:45:00+09:00,J2,607,533,1140
2018-10-19T22:45:00+09:00,J3,496,513,1009
2018-10-19T22:45:00+09:00,J4,1386,1357,2743
2018-10-19T22:45:00+09:00,J5,360,457,817
2018-10-19T23:00:00+09:00,J1,730,857,1587
2018-10-19T23:00:00+09:00,J2,563,506,1069
2018-10-19T23:00:00+09:00,J3,456,478,934
2018-10-19T23:00:00+09:00,J4,1340,1246,2586
2018-10-19T23:00:00+09:00,J5,399,450,849
2018-10-19T23:15:00+09:00,J1,791,842,1633
2018-10-19T23:15:00+09:00,J2,549,607,1156
2018-10-19T23:15:00+09:00,J3,447,404,851
2018-10-19T23:15:00+09:00,J4,1357,1317,2674
2018-10-19T23:15:00+09:00,J5,370,454,824
2018-10-19T23:30:00+09:00,J1,711,818,1529
2018-10-19T23:30:00+09:00,J2,560,551,1111
2018-10-19T23:30:00+09:00,J3,382,433,815
2018-10-19T23:30:00+09:00,J4,1247,1208,2455
2018-10-19T23:30:00+09:00,J5,340,407,747
2018-10-19T23:45:00+09:00,J1,773,844,1617
2018-10-19T23:45:00+09:00,J2,539,487,1026
2018-10-19T23:45:00+09:00,J3,328,264,592
2018-10-19T23:45:00+09:00,J4,1270,1178,2448
2018-10-19T23:45:00+09:00,J5,414,400,814
2018-10-20T00:00:00+09:00,J1,570,655,1225
2018-10-20T00:00:00+09:00,J2,458,380,838
2018-10-20T00:00:00+09:00,J3,270,251,521
2018-10-20T00:00:00+09:00,J4,1071,1116,2187
2018-10-20T00:00:00+09:00,J5,354,432,786
2018-10-20T00:15:00+09:00,J1,294,311,605
2018-10-20T00:15:00+09:00,J2,476,343,819
2018-10-20T00:15:00+09:00,J3,345,339,684
2018-10-20T00:15:00+09:00,J4,539,569,1108
2018-10-20T00:15:00+09:00,J5,241,255,496
2018-10-20T00:30:00+09:00,J1,293,330,623
2018-10-20T00:30:00+09:00,J2,476,371,847
2018-10-20T00:30:00+09:00,J3,262,207,469
2018-10-20T00:30:00+09:00,J4,410,402,812
2018-10-20T00:30:00+09:00,J5,241,182,423
2018-10-20T00:45:00+09:00,J1,355,327,682
2018-10-20T00:45:00+09:00,J2,455,282,737
2018-10-20T00:45:00+09:00,J3,279,254,533
2018-10-20T00:45:00+09:00,J4,383,390,773
2018-10-20T00:45:00+09:00,J5,204,171,375
2018-10-20T05:45:00+09:00,J1,422,400,822
2018-10-20T05:45:00+09:00,J2,237,323,560
2018-10-20T05:45:00+09:00,J3,424,339,763
2018-10-20T05:45:00+09:00,J4,1092,1182,2274
2018-10-20T05:45:00+09:00,J5,277,257,534
2018-10-20T06:00:00+09:00,J1,512,507,1019
2018-10-20T06:00:00+09:00,J2,275,274,549
2018-10-20T06:00:00+09:00,J3,565,551,1116
2018-10-20T06:00:00+09:00,J4,970,954,1924
2018-10-20T06:00:00+09:00,J5,219,189,408
2018-10-20T06:15:00+09:00,J1,752,682,1434
2018-10-20T06:15:00+09:00,J2,418,351,769
2018-10-20T06:15:00+09:00,J3,570,560,1130
2018-10-20T06:15:00+09:00,J4,1009,998,2007
2018-10-20T06:15:00+09:00,J5,207,223,430
2018-10-20T06:30:00+09:00,J1,661,678,1339
2018-10-20T06:30:00+09:00,J2,420,302,722
2018-10-20T06:30:00+09:00,J3,520,525,1045
2018-10-20T06:30:00+09:00,J4,1098,1148,2246
2018-10-20T06:30:00+09:00,J5,216,201,417
2018-10-20T06:45:00+09:00,J1,724,702,1426
2018-10-20T06:45:00+09:00,J2,435,349,784
2018-10-20T06:45:00+09:00,J3,556,512,1068
2018-10-20T06:45:00+09:00,J4,1137,1136,2273
2018-10-20T06:45:00+09:00,J5,253,186,439
2018-10-20T07:00:00+09:00,J1,874,849,1723
2018-10-20T07:00:00+09:00,J2,346,318,664
2018-10-20T07:00:00+09:00,J3,424,453,877
2018-10-20T07:00:00+09:00,J4,1224,1254,2478
2018-10-20T07:00:00+09:00,J5,273,256,529
2018-10-20T07:15:00+09:00,J1,731,667,1398
2018-10-20T07:15:00+09:00,J2,326,314,640
2018-10-20T07:15:00+09:00,J3,543,466,1009
2018-10-20T07:15:00+09:00,J4,1196,1172,2368
2018-10-20T07:15:00+09:00,J5,267,234,501
2018-10-20T07:30:00+09:00,J1,768,676,1444
2018-10-20T07:30:00+09:00,J2,386,349,735
2018-10-20T07:30:00+09:00,J3,537,510,1047
2018-10-20T07:30:00+09:00,J4,1076,1079,2155
2018-10-20T07:30:00+09:00,J5,252,219,471
2018-10-20T07:45:00+09:00,J1,716,644,1360
2018-10-20T07:45:00+09:00,J2,422,337,759
2018-10-20T07:45:00+09:00,J3,568,501,1069
2018-10-20T07:45:00+09:00,J4,1012,1008,2020
2018-10-20T07:45:00+09:00,J5,231,179,410
2018-10-20T08:00:00+09:00,J1,890,798,1688
2018-10-20T08:00:00+09:00,J2,615,488,1103
2018-10-20T08:00:00+09:00,J3,599,575,1174
2018-10-20T08:00:00+09:00,J4,991,1055,2046
2018-10-20T08:00:00+09:00,J5,255,232,487
2018-10-20T08:15:00+09:00,J1,915,878,1793
2018-10-20T08:15:00+09:00,J2,564,421,985
2018-10-20T08:15:00+09:00,J3,642,585,1227
2018-10-20T08:15:00+09:00,J4,1012,1043,2055
2018-10-20T08:15:00+09:00,J5,299,283,582
2018-10-20T08:30:00+09:00,J1,829,713,1542
2018-10-20T08:30:00+09:00,J2,543,406,949
2018-10-20T08:30:00+09:00,J3,789,692,1481
2018-10-20T08:30:00+09:00,J4,884,950,1834
2018-10-20T08:30:00+09:00,J5,288,290,578
2018-10-20T08:45:00+09:00,J1,865,751,1616
2018-10-20T08:45:00+09:00,J2,410,397,807
2018-10-20T08:45:00+09:00,J3,620,482,1102
2018-10-20T08:45:00+09:00,J4,818,790,1608
2018-10-20T08:45:00+09:00,J5,295,318,613
2018-10-20T09:00:00+09:00,J1,750,664,1414
2018-10-20T09:00:00+09:00,J2,422,373,795
2018-10-20T09:00:00+09:00,J3,623,592,1215
2018-10-20T09:00:00+09:00,J4,792,810,1602
2018-10-20T09:00:00+09:00,J5,234,249,483
2018-10-20T09:15:00+09:00,J1,834,747,1581
2018-10-20T09:15:00+09:00,J2,494,426,920
2018-10-20T09:15:00+09:00,J3,699,632,1331
2018-10-20T09:15:00+09:00,J4,917,881,1798
2018-10-20T09:15:00+09:00,J5,257,259,516
2018-10-20T09:30:00+09:00,J1,825,676,1501
2018-10-20T09:30:00+09:00,J2,436,543,979
2018-10-20T09:30:00+09:00,J3,683,650,1333
2018-10-20T09:30:00+09:00,J4,773,756,1529
2018-10-20T09:30:00+09:00,J5,303,278,581
2018-10-20T09:45:00+09:00,J1,782,630,1412
2018-10-20T09:45:00+09:00,J2,464,472,936
2018-10-20T09:45:00+09:00,J3,757,673,1430
2018-10-20T09:45:00+09:00,J4,725,767,1492
2018-10-20T09:45:00+09:00,J5,324,273,597
2018-10-20T10:00:00+09:00,J1,718,639,1357
2018-10-20T10:00:00+09:00,J2,517,447,964
2018-10-20T10:00:00+09:00,J3,759,671,1430
2018-10-20T10:00:00+09:00,J4,635,742,1377
2018-10-20T10:00:00+09:00,J5,312,350,662
2018-10-20T10:15:00+09:00,J1,751,710,1461
2018-10-20T10:15:00+09:00,J2,662,494,1156
2018-10-20T10:15:00+09:00,J3,758,692,1450
2018-10-20T10:15:00+09:00,J4,727,805,1532
2018-10-20T10:15:00+09:00,J5,286,331,617
2018-10-20T10:30:00+09:00,J1,775,828,1603
2018-10-20T10:30:00+09:00,J2,735,601,1336
2018-10-20T10:30:00+09:00,J3,643,654,1297
2018-10-20T10:30:00+09:00,J4,620,680,1300
2018-10-20T10:30:00+09:00,J5,329,383,712
2018-10-20T10:45:00+09:00,J1,724,748,1472
2018-10-20T10:45:00+09:00,J2,795,636,1431
2018-10-20T10:45:00+09:00,J3,603,597,1200
2018-10-20T10:45:00+09:00,J4,548,652,1200
2018-10-20T10:45:00+09:00,J5,405,477,882
2018-10-20T11:00:00+09:00,J1,754,801,1555
2018-10-20T11:00:00+09:00,J2,758,575,1333
2018-10-20T11:00:00+09:00,J3,523,537,1060
2018-10-20T11:00:00+09:00,J4,540,556,1096
2018-10-20T11:00:00+09:00,J5,437,480,917
2018-10-20T11:15:00+09:00,J1,753,817,1570
2018-10-20T11:15:00+09:00,J2,768,521,1289
2018-10-20T11:15:00+09:00,J3,511,472,983
2018-10-20T11:15:00+09:00,J4,576,561,1137
2018-10-20T11:15:00+09:00,J5,443,468,911
2018-10-20T11:30:00+09:00,J1,812,780,1592
2018-10-20T11:30:00+09:00,J2,694,548,1242
2018-10-20T11:30:00+09:00,J3,473,453,926
2018-10-20T11:30:00+09:00,J4,657,683,1340
2018-10-20T11:30:00+09:00,J5,381,500,881
2018-10-20T11:45:00+09:00,J1,763,820,1583
2018-10-20T11:45:00+09:00,J2,662,524,1186
2018-10-20T11:45:00+09:00,J3,446,498,944
2018-10-20T11:45:00+09:00,J4,779,749,1528
2018-10-20T11:45:00+09:00,J5,374,466,840
2018-10-20T12:00:00+09:00,J1,731,873,1604
2018-10-20T12:00:00+09:00,J2,603,493,1096
2018-10-20T12:00:00+09:00,J3,447,462,909
2018-10-20T12:00:00+09:00,J4,833,854,1687
2018-10-20T12:00:00+09:00,J5,471,541,1012
2018-10-20T12:15:00+09:00,J1,707,822,1529
2018-10-20T12:15:00+09:00,J2,522,484,1006
2018-10-20T12:15:00+09:00,J3,521,521,1042
2018-10-20T12:15:00+09:00,J4,906,800,1706
2018-10-20T12:15:00+09:00,J5,408,542,950
2018-10-20T12:30:00+09:00,J1,853,895,1748
2018-10-20T12:30:00+09:00,J2,557,499,1056
2018-10-20T12:30:00+09:00,J3,585,547,1132
2018-10-20T12:30:00+09:00,J4,884,861,1745
2018-10-20T12:30:00+09:00,J5,449,514,963
2018-10-20T12:45:00+09:00,J1,876,955,1831
2018-10-20T12:45:00+09:00,J2,506,468,974
2018-10-20T12:45:00+09:00,J3,596,498,1094
2018-10-20T12:45:00+09:00,J4,827,853,1680
2018-10-20T12:45:00+09:00,J5,432,503,935
2018-10-20T13:00:00+09:00,J1,905,967,1872
2018-10-20T13:00:00+09:00,J2,534,463,997
2018-10-20T13:00:00+09:00,J3,567,514,1081
2018-10-20T13:00:00+09:00,J4,819,778,1597
2018-10-20T13:00:00+09:00,J5,349,393,742
2018-10-20T13:15:00+09:00,J1,846,983,1829
2018-10-20T13:15:00+09:00,J2,614,569,1183
2018-10-20T13:15:00+09:00,J3,586,512,1098
2018-10-20T13:15:00+09:00,J4,815,787,1602
2018-10-20T13:15:00+09:00,J5,419,433,852
2018-10-20T13:30:00+09:00,J1,840,961,1801
2018-10-20T13:30:00+09:00,J2,570,571,1141
2018-10-20T13:30:00+09:00,J3,585,474,1059
2018-10-20T13:30:00+09:00,J4,812,784,1596
2018-10-20T13:30:00+09:00,J5,521,588,1109
2018-10-20T13:45:00+09:00,J1,882,963,1845
2018-10-20T13:45:00+09:00,J2,560,589,1149
2018-10-20T13:45:00+09:00,J3,632,523,1155
2018-10-20T13:45:00+09:00,J4,879,863,1742
2018-10-20T13:45:00+09:00,J5,485,496,981
2018-10-20T14:00:00+09:00,J1,917,1010,1927
2018-10-20T14:00:00+09:00,J2,538,563,1101
2018-10-20T14:00:00+09:00,J3,650,510,1160
2018-10-20T14:00:00+09:00,J4,812,808,1620
2018-10-20T14:00:00+09:00,J5,536,569,1105
2018-10-20T14:15:00+09:00,J1,894,1082,1976
2018-10-20T14:15:00+09:00,J2,497,662,1159
2018-10-20T14:15:00+09:00,J3,673,504,1177
2018-10-20T14:15:00+09:00,J4,831,835,1666
2018-10-20T14:15:00+09:00,J5,434,511,945
2018-10-20T14:30:00+09:00,J1,871,1080,1951
2018-10-20T14:30:00+09:00,J2,544,624,1168
2018-10-20T14:30:00+09:00,J3,631,538,1169
2018-10-20T14:30:00+09:00,J4,798,821,1619
2018-10-20T14:30:00+09:00,J5,431,588,1019
2018-10-20T14:45:00+09:00,J1,865,1054,1919
2018-10-20T14:45:00+09:00,J2,523,609,1132
2018-10-20T14:45:00+09:00,J3,628,566,1194
2018-10-20T14:45:00+09:00,J4,805,872,1677
2018-10-20T14:45:00+09:00,J5,470,526,996
2018-10-20T15:00:00+09:00,J1,844,1063,1907
2018-10-20T15:00:00+09:00,J2,510,580,1090
2018-10-20T15:00:00+09:00,J3,628,547,1175
2018-10-20T15:00:00+09:00,J4,827,792,1619
2018-10-20T15:00:00+09:00,J5,497,526,1023
2018-10-20T15:15:00+09:00,J1,848,986,1834
2018-10-20T15:15:00+09:00,J2,492,662,1154
2018-10-20T15:15:00+09:00,J3,620,579,1199
2018-10-20T15:15:00+09:00,J4,851,793,1644
2018-10-20T15:15:00+09:00,J5,468,491,959
2018-10-20T15:30:00+09:00,J1,906,1001,1907
2018-10-20T15:30:00+09:00,J2,519,657,1176
2018-10-20T15:30:00+09:00,J3,623,587,1210
2018-10-20T15:30:00+09:00,J4,876,816,1692
2018-10-20T15:30:00+09:00,J5,483,498,981
2018-10-20T15:45:00+09:00,J1,877,1030,1907
2018-10-20T15:45:00+09:00,J2,534,641,1175
2018-10-20T15:45:00+09:00,J3,618,558,1176
2018-10-20T15:45:00+09:00,J4,824,894,1718
2018-10-20T15:45:00+09:00,J5,456,471,927
2018-10-20T16:00:00+09:00,J1,848,1039,1887
2018-10-20T16:00:00+09:00,J2,525,584,1109
2018-10-20T16:00:00+09:00,J3,701,588,1289
2018-10-20T16:00:00+09:00,J4,926,840,1766
2018-10-20T16:00:00+09:00,J5,439,465,904
2018-10-20T16:15:00+09:00,J1,763,1002,1765
2018-10-20T16:15:00+09:00,J2,565,611,1176
2018-10-20T16:15:00+09:00,J3,669,605,1274
2018-10-20T16:15:00+09:00,J4,864,822,1686
2018-10-20T16:15:00+09:00,J5,415,434,849
2018-10-20T16:30:00+09:00,J1,816,992,1808
2018-10-20T16:30:00+09:00,J2,565,636,1201
2018-10-20T16:30:00+09:00,J3,734,575,1309
2018-10-20T16:30:00+09:00,J4,855,892,1747
2018-10-20T16:30:00+09:00,J5,474,456,930
2018-10-20T16:45:00+09:00,J1,868,1042,1910
2018-10-20T16:45:00+09:00,J2,540,646,1186
2018-10-20T16:45:00+09:00,J3,677,609,1286
2018-10-20T16:45:00+09:00,J4,907,854,1761
2018-10-20T16:45:00+09:00,J5,420,508,928
2018-10-20T17:00:00+09:00,J1,870,1007,1877
2018-10-20T17:00:00+09:00,J2,544,600,1144
2018-10-20T17:00:00+09:00,J3,789,656,1445
2018-10-20T17:00:00+09:00,J4,856,876,1732
2018-10-20T17:00:00+09:00,J5,442,415,857
2018-10-20T17:15:00+09:00,J1,806,910,1716
2018-10-20T17:15:00+09:00,J2,593,598,1191
2018-10-20T17:15:00+09:00,J3,841,636,1477
2018-10-20T17:15:00+09:00,J4,962,850,1812
2018-10-20T17:15:00+09:00,J5,428,448,876
2018-10-20T17:30:00+09:00,J1,820,926,1746
2018-10-20T17:30:00+09:00,J2,619,628,1247
2018-10-20T17:30:00+09:00,J3,773,582,1355
2018-10-20T17:30:00+09:00,J4,965,883,1848
2018-10-20T17:30:00+09:00,J5,406,405,811
2018-10-20T17:45:00+09:00,J1,867,962,1829
2018-10-20T17:45:00+09:00,J2,582,601,1183
2018-10-20T17:45:00+09:00,J3,702,609,1311
2018-10-20T17:45:00+09:00,J4,964,867,1831
2018-10-20T17:45:00+09:00,J5,408,462,870
2018-10-20T18:00:00+09:00,J1,859,1003,1862
2018-10-20T18:00:00+09:00,J2,659,552,1211
2018-10-20T18:00:00+09:00,J3,708,628,1336
2018-10-20T18:00:00+09:00,J4,935,776,1711
2018-10-20T18:00:00+09:00,J5,358,397,755
2018-10-20T18:15:00+09:00,J1,903,1013,1916
2018-10-20T18:15:00+09:00,J2,605,552,1157
2018-10-20T18:15:00+09:00,J3,657,593,1250
2018-10-20T18:15:00+09:00,J4,934,772,1706
2018-10-20T18:15:00+09:00,J5,353,403,756
2018-10-20T18:30:00+09:00,J1,793,983,1776
2018-10-20T18:30:00+09:00,J2,581,472,1053
2018-10-20T18:30:00+09:00,J3,571,495,1066
2018-10-20T18:30:00+09:00,J4,915,773,1688
2018-10-20T18:30:00+09:00,J5,351,364,715
2018-10-20T18:45:00+09:00,J1,861,897,1758
2018-10-20T18:45:00+09:00,J2,538,429,967
2018-10-20T18:45:00+09:00,J3,568,516,1084
2018-10-20T18:45:00+09:00,J4,913,872,1785
2018-10-20T18:45:00+09:00,J5,453,453,906
2018-10-20T19:00:00+09:00,J1,718,882,1600
2018-10-20T19:00:00+09:00,J2,484,449,933
2018-10-20T19:00:00+09:00,J3,550,487,1037
2018-10-20T19:00:00+09:00,J4,888,906,1794
2018-10-20T19:00:00+09:00,J5,429,454,883
2018-10-20T19:15:00+09:00,J1,718,867,1585
2018-10-20T19:15:00+09:00,J2,425,440,865
2018-10-20T19:15:00+09:00,J3,539,449,988
2018-10-20T19:15:00+09:00,J4,995,934,1929
2018-10-20T19:15:00+09:00,J5,425,414,839
2018-10-20T19:30:00+09:00,J1,690,796,1486
2018-10-20T19:30:00+09:00,J2,423,404,827
2018-10-20T19:30:00+09:00,J3,490,463,953
2018-10-20T19:30:00+09:00,J4,951,908,1859
2018-10-20T19:30:00+09:00,J5,447,420,867
2018-10-20T19:45:00+09:00,J1,694,789,1483
2018-10-20T19:45:00+09:00,J2,440,335,775
2018-10-20T19:45:00+09:00,J3,409,422,831
2018-10-20T19:45:00+09:00,J4,898,905,1803
2018-10-20T19:45:00+09:00,J5,437,383,820
2018-10-20T20:00:00+09:00,J1,684,755,1439
2018-10-20T20:00:00+09:00,J2,475,443,918
2018-10-20T20:00:00+09:00,J3,466,501,967
2018-10-20T20:00:00+09:00,J4,983,928,1911
2018-10-20T20:00:00+09:00,J5,410,406,816
2018-10-20T20:15:00+09:00,J1,725,895,1620
2018-10-20T20:15:00+09:00,J2,471,473,944
2018-10-20T20:15:00+09:00,J3,501,512,1013
2018-10-20T20:15:00+09:00,J4,1015,956,1971
2018-10-20T20:15:00+09:00,J5,480,449,929
2018-10-20T20:30:00+09:00,J1,659,773,1432
2018-10-20T20:30:00+09:00,J2,407,451,858
2018-10-20T20:30:00+09:00,J3,453,450,903
2018-10-20T20:30:00+09:00,J4,1172,1058,2230
2018-10-20T20:30:00+09:00,J5,471,444,915
2018-10-20T20:45:00+09:00,J1,745,828,1573
2018-10-20T20:45:00+09:00,J2,493,412,905
2018-10-20T20:45:00+09:00,J3,478,446,924
2018-10-20T20:45:00+09:00,J4,1028,996,2024
2018-10-20T20:45:00+09:00,J5,452,418,870
2018-10-20T21:00:00+09:00,J1,768,840,1608
2018-10-20T21:00:00+09:00,J2,475,412,887
2018-10-20T21:00:00+09:00,J3,416,331,747
2018-10-20T21:00:00+09:00,J4,999,985,1984
2018-10-20T21:00:00+09:00,J5,395,389,784
2018-10-20T21:15:00+09:00,J1,735,807,1542
2018-10-20T21:15:00+09:00,J2,418,430,848
2018-10-20T21:15:00+09:00,J3,371,368,739
2018-10-20T21:15:00+09:00,J4,1008,968,1976
2018-10-20T21:15:00+09:00,J5,469,486,955
2018-10-20T21:30:00+09:00,J1,685,775,1460
2018-10-20T21:30:00+09:00,J2,399,352,751
2018-10-20T21:30:00+09:00,J3,352,344,696
2018-10-20T21:30:00+09:00,J4,1087,1020,2107
2018-10-20T21:30:00+09:00,J5,480,475,955
2018-10-20T21:45:00+09:00,J1,648,746,1394
2018-10-20T21:45:00+09:00,J2,324,301,625
2018-10-20T21:45:00+09:00,J3,305,314,619
2018-10-20T21:45:00+09:00,J4,1100,1072,2172
2018-10-20T21:45:00+09:00,J5,537,466,1003
2018-10-20T22:00:00+09:00,J1,687,777,1464
2018-10-20T22:00:00+09:00,J2,321,340,661
2018-10-20T22:00:00+09:00,J3,312,341,653
2018-10-20T22:00:00+09:00,J4,1144,1100,2244
2018-10-20T22:00:00+09:00,J5,557,499,1056
2018-10-20T22:15:00+09:00,J1,681,749,1430
2018-10-20T22:15:00+09:00,J2,342,366,708
2018-10-20T22:15:00+09:00,J3,297,307,604
2018-10-20T22:15:00+09:00,J4,1100,1093,2193
2018-10-20T22:15:00+09:00,J5,520,496,1016
2018-10-20T22:30:00+09:00,J1,559,668,1227
2018-10-20T22:30:00+09:00,J2,331,375,706
2018-10-20T22:30:00+09:00,J3,330,313,643
2018-10-20T22:30:00+09:00,J4,1275,1229,2504
2018-10-20T22:30:00+09:00,J5,568,589,1157
2018-10-20T22:45:00+09:00,J1,615,749,1364
2018-10-20T22:45:00+09:00,J2,326,371,697
2018-10-20T22:45:00+09:00,J3,337,336,673
2018-10-20T22:45:00+09:00,J4,1264,1304,2568
2018-10-20T22:45:00+09:00,J5,420,521,941
2018-10-20T23:00:00+09:00,J1,687,743,1430
2018-10-20T23:00:00+09:00,J2,362,348,710
2018-10-20T23:00:00+09:00,J3,285,335,620
2018-10-20T23:00:00+09:00,J4,1060,1108,2168
2018-10-20T23:00:00+09:00,J5,380,526,906
2018-10-20T23:15:00+09:00,J1,637,687,1324
2018-10-20T23:15:00+09:00,J2,321,311,632
2018-10-20T23:15:00+09:00,J3,329,300,629
2018-10-20T23:15:00+09:00,J4,1075,1067,2142
2018-10-20T23:15:00+09:00,J5,395,442,837
2018-10-20T23:30:00+09:00,J1,566,674,1240
2018-10-20T23:30:00+09:00,J2,308,360,668
2018-10-20T23:30:00+09:00,J3,269,309,578
2018-10-20T23:30:00+09:00,J4,1020,1063,2083
2018-10-20T23:30:00+09:00,J5,355,456,811
2018-10-20T23:45:00+09:00,J1,531,581,1112
2018-10-20T23:45:00+09:00,J2,336,348,684
2018-10-20T23:45:00+09:00,J3,301,246,547
2018-10-20T23:45:00+09:00,J4,1211,1152,2363
2018-10-20T23:45:00+09:00,J5,373,426,799
2018-10-21T00:00:00+09:00,J1,564,547,1111
2018-10-21T00:00:00+09:00,J2,389,378,767
2018-10-21T00:00:00+09:00,J3,200,204,404
2018-10-21T00:00:00+09:00,J4,1232,1263,2495
2018-10-21T00:00:00+09:00,J5,381,438,819
2018-10-21T00:15:00+09:00,J1,349,301,650
2018-10-21T00:15:00+09:00,J2,430,416,846
2018-10-21T00:15:00+09:00,J3,495,431,926
2018-10-21T00:15:00+09:00,J4,527,538,1065
2018-10-21T00:15:00+09:00,J5,257,297,554
2018-10-21T00:30:00+09:00,J1,301,269,570
2018-10-21T00:30:00+09:00,J2,600,523,1123
2018-10-21T00:30:00+09:00,J3,360,320,680
2018-10-21T00:30:00+09:00,J4,342,391,733
2018-10-21T00:30:00+09:00,J5,199,195,394
2018-10-21T00:45:00+09:00,J1,344,302,646
2018-10-21T00:45:00+09:00,J2,507,501,1008
2018-10-21T00:45:00+09:00,J3,232,243,475
2018-10-21T00:45:00+09:00,J4,356,385,741
2018-10-21T00:45:00+09:00,J5,216,216,432
2018-10-21T05:45:00+09:00,J1,368,302,670
2018-10-21T05:45:00+09:00,J2,273,240,513
2018-10-21T05:45:00+09:00,J3,370,361,731
2018-10-21T05:45:00+09:00,J4,361,375,736
2018-10-21T05:45:00+09:00,J5,222,224,446
2018-10-21T06:00:00+09:00,J1,438,451,889
2018-10-21T06:00:00+09:00,J2,516,340,856
2018-10-21T06:00:00+09:00,J3,543,553,1096
2018-10-21T06:00:00+09:00,J4,343,297,640
2018-10-21T06:00:00+09:00,J5,271,250,521
2018-10-21T06:15:00+09:00,J1,589,584,1173
2018-10-21T06:15:00+09:00,J2,555,464,1019
2018-10-21T06:15:00+09:00,J3,611,526,1137
2018-10-21T06:15:00+09:00,J4,439,521,960
2018-10-21T06:15:00+09:00,J5,246,240,486
2018-10-21T06:30:00+09:00,J1,746,686,1432
2018-10-21T06:30:00+09:00,J2,527,468,995
2018-10-21T06:30:00+09:00,J3,520,520,1040
2018-10-21T06:30:00+09:00,J4,850,775,1625
2018-10-21T06:30:00+09:00,J5,192,214,406
2018-10-21T06:45:00+09:00,J1,737,718,1455
2018-10-21T06:45:00+09:00,J2,413,329,742
2018-10-21T06:45:00+09:00,J3,504,504,1008
2018-10-21T06:45:00+09:00,J4,789,827,1616
2018-10-21T06:45:00+09:00,J5,205,228,433
2018-10-21T07:00:00+09:00,J1,733,781,1514
2018-10-21T07:00:00+09:00,J2,339,325,664
2018-10-21T07:00:00+09:00,J3,513,455,968
2018-10-21T07:00:00+09:00,J4,1198,1220,2418
2018-10-21T07:00:00+09:00,J5,242,198,440
2018-10-21T07:15:00+09:00,J1,664,686,1350
2018-10-21T07:15:00+09:00,J2,343,308,651
2018-10-21T07:15:00+09:00,J3,570,504,1074
2018-10-21T07:15:00+09:00,J4,947,970,1917
2018-10-21T07:15:00+09:00,J5,234,194,428
2018-10-21T07:30:00+09:00,J1,642,645,1287
2018-10-21T07:30:00+09:00,J2,492,361,853
2018-10-21T07:30:00+09:00,J3,581,515,1096
2018-10-21T07:30:00+09:00,J4,977,963,1940
2018-10-21T07:30:00+09:00,J5,239,239,478
2018-10-21T07:45:00+09:00,J1,663,669,1332
2018-10-21T07:45:00+09:00,J2,443,414,857
2018-10-21T07:45:00+09:00,J3,569,521,1090
2018-10-21T07:45:00+09:00,J4,811,900,1711
2018-10-21T07:45:00+09:00,J5,255,193,448
2018-10-21T08:00:00+09:00,J1,838,812,1650
2018-10-21T08:00:00+09:00,J2,566,462,1028
2018-10-21T08:00:00+09:00,J3,642,624,1266
2018-10-21T08:00:00+09:00,J4,727,808,1535
2018-10-21T08:00:00+09:00,J5,194,255,449
2018-10-21T08:15:00+09:00,J1,847,724,1571
2018-10-21T08:15:00+09:00,J2,514,384,898
2018-10-21T08:15:00+09:00,J3,669,658,1327
2018-10-21T08:15:00+09:00,J4,674,748,1422
2018-10-21T08:15:00+09:00,J5,315,287,602
2018-10-21T08:30:00+09:00,J1,843,805,1648
2018-10-21T08:30:00+09:00,J2,410,396,806
2018-10-21T08:30:00+09:00,J3,704,732,1436
2018-10-21T08:30:00+09:00,J4,705,823,1528
2018-10-21T08:30:00+09:00,J5,282,283,565
2018-10-21T08:45:00+09:00,J1,776,753,1529
2018-10-21T08:45:00+09:00,J2,390,430,820
2018-10-21T08:45:00+09:00,J3,710,658,1368
2018-10-21T08:45:00+09:00,J4,668,733,1401
2018-10-21T08:45:00+09:00,J5,250,240,490
2018-10-21T09:00:00+09:00,J1,712,637,1349
2018-10-21T09:00:00+09:00,J2,400,411,811
2018-10-21T09:00:00+09:00,J3,647,626,1273
2018-10-21T09:00:00+09:00,J4,677,716,1393
2018-10-21T09:00:00+09:00,J5,268,270,538
2018-10-21T09:15:00+09:00,J1,774,698,1472
2018-10-21T09:15:00+09:00,J2,471,391,862
2018-10-21T09:15:00+09:00,J3,731,601,1332
2018-10-21T09:15:00+09:00,J4,632,726,1358
2018-10-21T09:15:00+09:00,J5,282,366,648
2018-10-21T09:30:00+09:00,J1,744,644,1388
2018-10-21T09:30:00+09:00,J2,518,462,980
2018-10-21T09:30:00+09:00,J3,685,670,1355
2018-10-21T09:30:00+09:00,J4,535,619,1154
2018-10-21T09:30:00+09:00,J5,371,472,843
2018-10-21T09:45:00+09:00,J1,729,651,1380
2018-10-21T09:45:00+09:00,J2,582,447,1029
2018-10-21T09:45:00+09:00,J3,756,684,1440
2018-10-21T09:45:00+09:00,J4,451,547,998
2018-10-21T09:45:00+09:00,J5,303,417,720
2018-10-21T10:00:00+09:00,J1,586,630,1216
2018-10-21T10:00:00+09:00,J2,709,535,1244
2018-10-21T10:00:00+09:00,J3,747,649,1396
2018-10-21T10:00:00+09:00,J4,484,499,983
2018-10-21T10:00:00+09:00,J5,358,430,788
2018-10-21T10:15:00+09:00,J1,669,629,1298
2018-10-21T10:15:00+09:00,J2,741,644,1385
2018-10-21T10:15:00+09:00,J3,591,553,1144
2018-10-21T10:15:00+09:00,J4,509,499,1008
2018-10-21T10:15:00+09:00,J5,374,433,807
2018-10-21T10:30:00+09:00,J1,665,651,1316
2018-10-21T10:30:00+09:00,J2,813,572,1385
2018-10-21T10:30:00+09:00,J3,488,465,953
2018-10-21T10:30:00+09:00,J4,602,627,1229
2018-10-21T10:30:00+09:00,J5,365,429,794
2018-10-21T10:45:00+09:00,J1,676,661,1337
2018-10-21T10:45:00+09:00,J2,747,603,1350
2018-10-21T10:45:00+09:00,J3,469,469,938
2018-10-21T10:45:00+09:00,J4,620,633,1253
2018-10-21T10:45:00+09:00,J5,300,322,622
2018-10-21T11:00:00+09:00,J1,750,768,1518
2018-10-21T11:00:00+09:00,J2,752,571,1323
2018-10-21T11:00:00+09:00,J3,457,438,895
2018-10-21T11:00:00+09:00,J4,719,672,1391
2018-10-21T11:00:00+09:00,J5,310,327,637
2018-10-21T11:15:00+09:00,J1,713,703,1416
2018-10-21T11:15:00+09:00,J2,609,554,1163
2018-10-21T11:15:00+09:00,J3,402,399,801
2018-10-21T11:15:00+09:00,J4,743,762,1505
2018-10-21T11:15:00+09:00,J5,236,249,485
2018-10-21T11:30:00+09:00,J1,690,700,1390
2018-10-21T11:30:00+09:00,J2,545,399,944
2018-10-21T11:30:00+09:00,J3,441,451,892
2018-10-21T11:30:00+09:00,J4,798,788,1586
2018-10-21T11:30:00+09:00,J5,349,413,762
2018-10-21T11:45:00+09:00,J1,713,693,1406
2018-10-21T11:45:00+09:00,J2,537,440,977
2018-10-21T11:45:00+09:00,J3,499,412,911
2018-10-21T11:45:00+09:00,J4,755,733,1488
2018-10-21T11:45:00+09:00,J5,218,259,477
2018-10-21T12:00:00+09:00,J1,694,727,1421
2018-10-21T12:00:00+09:00,J2,484,456,940
2018-10-21T12:00:00+09:00,J3,510,422,932
2018-10-21T12:00:00+09:00,J4,779,742,1521
2018-10-21T12:00:00+09:00,J5,206,225,431
2018-10-21T12:15:00+09:00,J1,688,688,1376
2018-10-21T12:15:00+09:00,J2,525,527,1052
2018-10-21T12:15:00+09:00,J3,500,449,949
2018-10-21T12:15:00+09:00,J4,620,695,1315
2018-10-21T12:15:00+09:00,J5,203,210,413
2018-10-21T12:30:00+09:00,J1,736,758,1494
2018-10-21T12:30:00+09:00,J2,478,464,942
2018-10-21T12:30:00+09:00,J3,498,477,975
2018-10-21T12:30:00+09:00,J4,625,699,1324
2018-10-21T12:30:00+09:00,J5,172,236,408
2018-10-21T12:45:00+09:00,J1,667,710,1377
2018-10-21T12:45:00+09:00,J2,502,535,1037
2018-10-21T12:45:00+09:00,J3,533,560,1093
2018-10-21T12:45:00+09:00,J4,658,718,1376
2018-10-21T12:45:00+09:00,J5,184,205,389
2018-10-21T13:00:00+09:00,J1,632,754,1386
2018-10-21T13:00:00+09:00,J2,488,593,1081
2018-10-21T13:00:00+09:00,J3,564,565,1129
2018-10-21T13:00:00+09:00,J4,668,606,1274
2018-10-21T13:00:00+09:00,J5,233,216,449
2018-10-21T13:15:00+09:00,J1,746,751,1497
2018-10-21T13:15:00+09:00,J2,474,541,1015
2018-10-21T13:15:00+09:00,J3,496,581,1077
2018-10-21T13:15:00+09:00,J4,560,614,1174
2018-10-21T13:15:00+09:00,J5,242,210,452
2018-10-21T13:30:00+09:00,J1,664,675,1339
2018-10-21T13:30:00+09:00,J2,434,538,972
2018-10-21T13:30:00+09:00,J3,470,514,984
2018-10-21T13:30:00+09:00,J4,656,605,1261
2018-10-21T13:30:00+09:00,J5,258,258,516
2018-10-21T13:45:00+09:00,J1,747,736,1483
2018-10-21T13:45:00+09:00,J2,385,485,870
2018-10-21T13:45:00+09:00,J3,509,591,1100
2018-10-21T13:45:00+09:00,J4,535,609,1144
2018-10-21T13:45:00+09:00,J5,227,245,472
2018-10-21T14:00:00+09:00,J1,754,775,1529
2018-10-21T14:00:00+09:00,J2,461,547,1008
2018-10-21T14:00:00+09:00,J3,507,597,1104
2018-10-21T14:00:00+09:00,J4,545,610,1155
2018-10-21T14:00:00+09:00,J5,427,463,890
2018-10-21T14:15:00+09:00,J1,738,761,1499
2018-10-21T14:15:00+09:00,J2,476,562,1038
2018-10-21T14:15:00+09:00,J3,572,653,1225
2018-10-21T14:15:00+09:00,J4,632,686,1318
2018-10-21T14:15:00+09:00,J5,365,442,807
2018-10-21T14:30:00+09:00,J1,686,815,1501
2018-10-21T14:30:00+09:00,J2,466,524,990
2018-10-21T14:30:00+09:00,J3,548,596,1144
2018-10-21T14:30:00+09:00,J4,651,672,1323
2018-10-21T14:30:00+09:00,J5,327,351,678
2018-10-21T14:45:00+09:00,J1,763,862,1625
2018-10-21T14:45:00+09:00,J2,449,514,963
2018-10-21T14:45:00+09:00,J3,517,618,1135
2018-10-21T14:45:00+09:00,J4,558,561,1119
2018-10-21T14:45:00+09:00,J5,404,399,803
2018-10-21T15:00:00+09:00,J1,685,803,1488
2018-10-21T15:00:00+09:00,J2,435,574,1009
2018-10-21T15:00:00+09:00,J3,512,543,1055
2018-10-21T15:00:00+09:00,J4,625,711,1336
2018-10-21T15:00:00+09:00,J5,490,545,1035
2018-10-21T15:15:00+09:00,J1,746,977,1723
2018-10-21T15:15:00+09:00,J2,515,500,1015
2018-10-21T15:15:00+09:00,J3,583,671,1254
2018-10-21T15:15:00+09:00,J4,652,702,1354
2018-10-21T15:15:00+09:00,J5,437,434,871
2018-10-21T15:30:00+09:00,J1,735,875,1610
2018-10-21T15:30:00+09:00,J2,486,460,946
2018-10-21T15:30:00+09:00,J3,559,607,1166
2018-10-21T15:30:00+09:00,J4,686,651,1337
2018-10-21T15:30:00+09:00,J5,480,574,1054
2018-10-21T15:45:00+09:00,J1,751,857,1608
2018-10-21T15:45:00+09:00,J2,494,493,987
2018-10-21T15:45:00+09:00,J3,667,625,1292
2018-10-21T15:45:00+09:00,J4,724,688,1412
2018-10-21T15:45:00+09:00,J5,543,549,1092
2018-10-21T16:00:00+09:00,J1,787,875,1662
2018-10-21T16:00:00+09:00,J2,508,511,1019
2018-10-21T16:00:00+09:00,J3,708,673,1381
2018-10-21T16:00:00+09:00,J4,681,670,1351
2018-10-21T16:00:00+09:00,J5,516,585,1101
2018-10-21T16:15:00+09:00,J1,767,817,1584
2018-10-21T16:15:00+09:00,J2,535,490,1025
2018-10-21T16:15:00+09:00,J3,528,623,1151
2018-10-21T16:15:00+09:00,J4,701,752,1453
2018-10-21T16:15:00+09:00,J5,527,617,1144
2018-10-21T16:30:00+09:00,J1,744,836,1580
2018-10-21T16:30:00+09:00,J2,469,475,944
2018-10-21T16:30:00+09:00,J3,566,557,1123
2018-10-21T16:30:00+09:00,J4,696,746,1442
2018-10-21T16:30:00+09:00,J5,504,554,1058
2018-10-21T16:45:00+09:00,J1,694,804,1498
2018-10-21T16:45:00+09:00,J2,509,431,940
2018-10-21T16:45:00+09:00,J3,552,576,1128
2018-10-21T16:45:00+09:00,J4,746,703,1449
2018-10-21T16:45:00+09:00,J5,476,564,1040
2018-10-21T17:00:00+09:00,J1,730,778,1508
2018-10-21T17:00:00+09:00,J2,443,465,908
2018-10-21T17:00:00+09:00,J3,681,701,1382
2018-10-21T17:00:00+09:00,J4,795,762,1557
2018-10-21T17:00:00+09:00,J5,508,617,1125
2018-10-21T17:15:00+09:00,J1,662,753,1415
2018-10-21T17:15:00+09:00,J2,499,520,1019
2018-10-21T17:15:00+09:00,J3,621,700,1321
2018-10-21T17:15:00+09:00,J4,736,737,1473
2018-10-21T17:15:00+09:00,J5,456,542,998
2018-10-21T17:30:00+09:00,J1,697,825,1522
2018-10-21T17:30:00+09:00,J2,520,499,1019
2018-10-21T17:30:00+09:00,J3,611,592,1203
2018-10-21T17:30:00+09:00,J4,809,699,1508
2018-10-21T17:30:00+09:00,J5,477,557,1034
2018-10-21T17:45:00+09:00,J1,667,703,1370
2018-10-21T17:45:00+09:00,J2,437,496,933
2018-10-21T17:45:00+09:00,J3,622,586,1208
2018-10-21T17:45:00+09:00,J4,858,815,1673
2018-10-21T17:45:00+09:00,J5,478,547,1025
2018-10-21T18:00:00+09:00,J1,781,894,1675
2018-10-21T18:00:00+09:00,J2,421,534,955
2018-10-21T18:00:00+09:00,J3,629,570,1199
2018-10-21T18:00:00+09:00,J4,935,748,1683
2018-10-21T18:00:00+09:00,J5,444,505,949
2018-10-21T18:15:00+09:00,J1,819,884,1703
2018-10-21T18:15:00+09:00,J2,463,536,999
2018-10-21T18:15:00+09:00,J3,626,522,1148
2018-10-21T18:15:00+09:00,J4,920,755,1675
2018-10-21T18:15:00+09:00,J5,349,483,832
2018-10-21T18:30:00+09:00,J1,797,845,1642
2018-10-21T18:30:00+09:00,J2,432,529,961
2018-10-21T18:30:00+09:00,J3,548,449,997
2018-10-21T18:30:00+09:00,J4,736,642,1378
2018-10-21T18:30:00+09:00,J5,387,487,874
2018-10-21T18:45:00+09:00,J1,751,813,1564
2018-10-21T18:45:00+09:00,J2,449,504,953
2018-10-21T18:45:00+09:00,J3,511,378,889
2018-10-21T18:45:00+09:00,J4,697,634,1331
2018-10-21T18:45:00+09:00,J5,442,463,905
2018-10-21T19:00:00+09:00,J1,617,749,1366
2018-10-21T19:00:00+09:00,J2,478,481,959
2018-10-21T19:00:00+09:00,J3,524,422,946
2018-10-21T19:00:00+09:00,J4,725,771,1496
2018-10-21T19:00:00+09:00,J5,431,468,899
2018-10-21T19:15:00+09:00,J1,724,800,1524
2018-10-21T19:15:00+09:00,J2,435,475,910
2018-10-21T19:15:00+09:00,J3,457,491,948
2018-10-21T19:15:00+09:00,J4,801,821,1622
2018-10-21T19:15:00+09:00,J5,399,428,827
2018-10-21T19:30:00+09:00,J1,681,695,1376
2018-10-21T19:30:00+09:00,J2,395,433,828
2018-10-21T19:30:00+09:00,J3,400,344,744
2018-10-21T19:30:00+09:00,J4,863,893,1756
2018-10-21T19:30:00+09:00,J5,402,385,787
2018-10-21T19:45:00+09:00,J1,694,635,1329
2018-10-21T19:45:00+09:00,J2,377,442,819
2018-10-21T19:45:00+09:00,J3,388,380,768
2018-10-21T19:45:00+09:00,J4,818,796,1614
2018-10-21T19:45:00+09:00,J5,367,377,744
2018-10-21T20:00:00+09:00,J1,634,733,1367
2018-10-21T20:00:00+09:00,J2,396,497,893
2018-10-21T20:00:00+09:00,J3,413,419,832
2018-10-21T20:00:00+09:00,J4,899,845,1744
2018-10-21T20:00:00+09:00,J5,390,339,729
2018-10-21T20:15:00+09:00,J1,663,695,1358
2018-10-21T20:15:00+09:00,J2,372,421,793
2018-10-21T20:15:00+09:00,J3,382,371,753
2018-10-21T20:15:00+09:00,J4,884,831,1715
2018-10-21T20:15:00+09:00,J5,400,393,793
2018-10-21T20:30:00+09:00,J1,698,702,1400
2018-10-21T20:30:00+09:00,J2,358,317,675
2018-10-21T20:30:00+09:00,J3,359,377,736
2018-10-21T20:30:00+09:00,J4,873,845,1718
2018-10-21T20:30:00+09:00,J5,365,339,704
2018-10-21T20:45:00+09:00,J1,671,703,1374
2018-10-21T20:45:00+09:00,J2,383,304,687
2018-10-21T20:45:00+09:00,J3,399,359,758
2018-10-21T20:45:00+09:00,J4,838,813,1651
2018-10-21T20:45:00+09:00,J5,347,316,663
2018-10-21T21:00:00+09:00,J1,695,722,1417
2018-10-21T21:00:00+09:00,J2,377,380,757
2018-10-21T21:00:00+09:00,J3,376,330,706
2018-10-21T21:00:00+09:00,J4,1074,961,2035
2018-10-21T21:00:00+09:00,J5,344,298,642
2018-10-21T21:15:00+09:00,J1,622,722,1344
2018-10-21T21:15:00+09:00,J2,296,393,689
2018-10-21T21:15:00+09:00,J3,328,300,628
2018-10-21T21:15:00+09:00,J4,1083,1046,2129
2018-10-21T21:15:00+09:00,J5,389,346,735
2018-10-21T21:30:00+09:00,J1,560,643,1203
2018-10-21T21:30:00+09:00,J2,330,332,662
2018-10-21T21:30:00+09:00,J3,301,296,597
2018-10-21T21:30:00+09:00,J4,1109,1084,2193
2018-10-21T21:30:00+09:00,J5,406,351,757
2018-10-21T21:45:00+09:00,J1,590,637,1227
2018-10-21T21:45:00+09:00,J2,341,335,676
2018-10-21T21:45:00+09:00,J3,352,298,650
2018-10-21T21:45:00+09:00,J4,1150,1082,2232
2018-10-21T21:45:00+09:00,J5,492,413,905
2018-10-21T22:00:00+09:00,J1,633,683,1316
2018-10-21T22:00:00+09:00,J2,298,359,657
2018-10-21T22:00:00+09:00,J3,337,299,636
2018-10-21T22:00:00+09:00,J4,1186,1163,2349
2018-10-21T22:00:00+09:00,J5,478,403,881
2018-10-21T22:15:00+09:00,J1,548,675,1223
2018-10-21T22:15:00+09:00,J2,272,290,562
2018-10-21T22:15:00+09:00,J3,322,288,610
2018-10-21T22:15:00+09:00,J4,1223,1234,2457
2018-10-21T22:15:00+09:00,J5,518,440,958
2018-10-21T22:30:00+09:00,J1,640,679,1319
2018-10-21T22:30:00+09:00,J2,303,285,588
2018-10-21T22:30:00+09:00,J3,261,259,520
2018-10-21T22:30:00+09:00,J4,1396,1347,2743
2018-10-21T22:30:00+09:00,J5,439,447,886
2018-10-21T22:45:00+09:00,J1,595,664,1259
2018-10-21T22:45:00+09:00,J2,294,275,569
2018-10-21T22:45:00+09:00,J3,248,242,490
2018-10-21T22:45:00+09:00,J4,1316,1300,2616
2018-10-21T22:45:00+09:00,J5,346,444,790
2018-10-21T23:00:00+09:00,J1,617,672,1289
2018-10-21T23:00:00+09:00,J2,269,285,554
2018-10-21T23:00:00+09:00,J3,247,224,471
2018-10-21T23:00:00+09:00,J4,1129,1127,2256
2018-10-21T23:00:00+09:00,J5,401,465,866
2018-10-21T23:15:00+09:00,J1,650,642,1292
2018-10-21T23:15:00+09:00,J2,301,294,595
2018-10-21T23:15:00+09:00,J3,292,252,544
2018-10-21T23:15:00+09:00,J4,1197,1179,2376
2018-10-21T23:15:00+09:00,J5,377,461,838
2018-10-21T23:30:00+09:00,J1,678,657,1335
2018-10-21T23:30:00+09:00,J2,328,321,649
2018-10-21T23:30:00+09:00,J3,302,253,555
2018-10-21T23:30:00+09:00,J4,967,979,1946
2018-10-21T23:30:00+09:00,J5,398,424,822
2018-10-21T23:45:00+09:00,J1,600,700,1300
2018-10-21T23:45:00+09:00,J2,305,217,522
2018-10-21T23:45:00+09:00,J3,248,200,448
2018-10-21T23:45:00+09:00,J4,1190,1111,2301
2018-10-21T23:45:00+09:00,J5,370,428,798
2018-10-22T00:00:00+09:00,J1,456,451,907
2018-10-22T00:00:00+09:00,J2,359,336,695
2018-10-22T00:00:00+09:00,J3,267,198,465
2018-10-22T00:00:00+09:00,J4,1129,1205,2334
2018-10-22T00:00:00+09:00,J5,373,408,781
2018-10-22T00:15:00+09:00,J1,342,273,615
2018-10-22T00:15:00+09:00,J2,372,368,740
2018-10-22T00:15:00+09:00,J3,530,471,1001
2018-10-22T00:15:00+09:00,J4,433,496,929
2018-10-22T00:15:00+09:00,J5,253,263,516
2018-10-22T00:30:00+09:00,J1,221,258,479
2018-10-22T00:30:00+09:00,J2,467,374,841
2018-10-22T00:30:00+09:00,J3,455,433,888
2018-10-22T00:30:00+09:00,J4,343,371,714
2018-10-22T00:30:00+09:00,J5,160,182,342
2018-10-22T00:45:00+09:00,J1,202,249,451
2018-10-22T00:45:00+09:00,J2,524,438,962
2018-10-22T00:45:00+09:00,J3,412,396,808
2018-10-22T00:45:00+09:00,J4,299,284,583
2018-10-22T00:45:00+09:00,J5,192,203,395
2018-10-22T05:45:00+09:00,J1,449,368,817
2018-10-22T05:45:00+09:00,J2,273,245,518
2018-10-22T05:45:00+09:00,J3,330,312,642
2018-10-22T05:45:00+09:00,J4,820,830,1650
2018-10-22T05:45:00+09:00,J5,227,214,441
2018-10-22T06:00:00+09:00,J1,517,419,936
2018-10-22T06:00:00+09:00,J2,363,313,676
2018-10-22T06:00:00+09:00,J3,406,368,774
2018-10-22T06:00:00+09:00,J4,422,537,959
2018-10-22T06:00:00+09:00,J5,192,151,343
2018-10-22T06:15:00+09:00,J1,540,539,1079
2018-10-22T06:15:00+09:00,J2,413,314,727
2018-10-22T06:15:00+09:00,J3,442,328,770
2018-10-22T06:15:00+09:00,J4,581,639,1220
2018-10-22T06:15:00+09:00,J5,200,167,367
2018-10-22T06:30:00+09:00,J1,516,539,1055
2018-10-22T06:30:00+09:00,J2,454,339,793
2018-10-22T06:30:00+09:00,J3,396,343,739
2018-10-22T06:30:00+09:00,J4,572,691,1263
2018-10-22T06:30:00+09:00,J5,246,208,454
2018-10-22T06:45:00+09:00,J1,632,598,1230
2018-10-22T06:45:00+09:00,J2,466,338,804
2018-10-22T06:45:00+09:00,J3,427,408,835
2018-10-22T06:45:00+09:00,J4,779,823,1602
2018-10-22T06:45:00+09:00,J5,250,243,493
2018-10-22T07:00:00+09:00,J1,620,637,1257
2018-10-22T07:00:00+09:00,J2,524,354,878
2018-10-22T07:00:00+09:00,J3,481,474,955
2018-10-22T07:00:00+09:00,J4,813,872,1685
2018-10-22T07:00:00+09:00,J5,280,239,519
2018-10-22T07:15:00+09:00,J1,743,674,1417
2018-10-22T07:15:00+09:00,J2,464,423,887
2018-10-22T07:15:00+09:00,J3,550,455,1005
2018-10-22T07:15:00+09:00,J4,978,968,1946
2018-10-22T07:15:00+09:00,J5,305,295,600
2018-10-22T07:30:00+09:00,J1,815,746,1561
2018-10-22T07:30:00+09:00,J2,578,423,1001
2018-10-22T07:30:00+09:00,J3,673,708,1381
2018-10-22T07:30:00+09:00,J4,984,1143,2127
2018-10-22T07:30:00+09:00,J5,329,308,637
2018-10-22T07:45:00+09:00,J1,966,924,1890
2018-10-22T07:45:00+09:00,J2,680,546,1226
2018-10-22T07:45:00+09:00,J3,749,750,1499
2018-10-22T07:45:00+09:00,J4,1057,1165,2222
2018-10-22T07:45:00+09:00,J5,329,428,757
2018-10-22T08:00:00+09:00,J1,1159,994,2153
2018-10-22T08:00:00+09:00,J2,867,608,1475
2018-10-22T08:00:00+09:00,J3,806,725,1531
2018-10-22T08:00:00+09:00,J4,1150,1299,2449
2018-10-22T08:00:00+09:00,J5,386,387,773
2018-10-22T08:15:00+09:00,J1,1193,913,2106
2018-10-22T08:15:00+09:00,J2,997,602,1599
2018-10-22T08:15:00+09:00,J3,820,911,1731
2018-10-22T08:15:00+09:00,J4,1104,1290,2394
2018-10-22T08:15:00+09:00,J5,354,414,768
2018-10-22T08:30:00+09:00,J1,1221,973,2194
2018-10-22T08:30:00+09:00,J2,1072,594,1666
2018-10-22T08:30:00+09:00,J3,898,987,1885
2018-10-22T08:30:00+09:00,J4,1082,1270,2352
2018-10-22T08:30:00+09:00,J5,349,419,768
2018-10-22T08:45:00+09:00,J1,1076,829,1905
2018-10-22T08:45:00+09:00,J2,706,438,1144
2018-10-22T08:45:00+09:00,J3,722,698,1420
2018-10-22T08:45:00+09:00,J4,989,1041,2030
2018-10-22T08:45:00+09:00,J5,308,336,644
2018-10-22T09:00:00+09:00,J1,918,826,1744
2018-10-22T09:00:00+09:00,J2,558,411,969
2018-10-22T09:00:00+09:00,J3,581,556,1137
2018-10-22T09:00:00+09:00,J4,778,868,1646
2018-10-22T09:00:00+09:00,J5,289,290,579
2018-10-22T09:15:00+09:00,J1,866,743,1609
2018-10-22T09:15:00+09:00,J2,554,429,983
2018-10-22T09:15:00+09:00,J3,596,572,1168
2018-10-22T09:15:00+09:00,J4,739,850,1589
2018-10-22T09:15:00+09:00,J5,347,326,673
2018-10-22T09:30:00+09:00,J1,804,758,1562
2018-10-22T09:30:00+09:00,J2,621,492,1113
2018-10-22T09:30:00+09:00,J3,684,587,1271
2018-10-22T09:30:00+09:00,J4,803,851,1654
2018-10-22T09:30:00+09:00,J5,381,387,768
2018-10-22T09:45:00+09:00,J1,710,692,1402
2018-10-22T09:45:00+09:00,J2,566,475,1041
2018-10-22T09:45:00+09:00,J3,644,548,1192
2018-10-22T09:45:00+09:00,J4,809,898,1707
2018-10-22T09:45:00+09:00,J5,329,366,695
2018-10-22T10:00:00+09:00,J1,599,669,1268
2018-10-22T10:00:00+09:00,J2,614,514,1128
2018-10-22T10:00:00+09:00,J3,522,515,1037
2018-10-22T10:00:00+09:00,J4,780,807,1587
2018-10-22T10:00:00+09:00,J5,330,391,721
2018-10-22T10:15:00+09:00,J1,694,670,1364
2018-10-22T10:15:00+09:00,J2,653,574,1227
2018-10-22T10:15:00+09:00,J3,546,536,1082
2018-10-22T10:15:00+09:00,J4,600,772,1372
2018-10-22T10:15:00+09:00,J5,336,367,703
2018-10-22T10:30:00+09:00,J1,725,693,1418
2018-10-22T10:30:00+09:00,J2,611,511,1122
2018-10-22T10:30:00+09:00,J3,723,679,1402
2018-10-22T10:30:00+09:00,J4,602,693,1295
2018-10-22T10:30:00+09:00,J5,415,484,899
2018-10-22T10:45:00+09:00,J1,753,724,1477
2018-10-22T10:45:00+09:00,J2,665,614,1279
2018-10-22T10:45:00+09:00,J3,811,701,1512
2018-10-22T10:45:00+09:00,J4,605,623,1228
2018-10-22T10:45:00+09:00,J5,476,503,979
2018-10-22T11:00:00+09:00,J1,720,682,1402
2018-10-22T11:00:00+09:00,J2,736,688,1424
2018-10-22T11:00:00+09:00,J3,788,790,1578
2018-10-22T11:00:00+09:00,J4,616,677,1293
2018-10-22T11:00:00+09:00,J5,436,439,875
2018-10-22T11:15:00+09:00,J1,772,807,1579
2018-10-22T11:15:00+09:00,J2,799,642,1441
2018-10-22T11:15:00+09:00,J3,791,731,1522
2018-10-22T11:15:00+09:00,J4,517,592,1109
2018-10-22T11:15:00+09:00,J5,435,524,959
2018-10-22T11:30:00+09:00,J1,794,715,1509
2018-10-22T11:30:00+09:00,J2,785,639,1424
2018-10-22T11:30:00+09:00,J3,663,618,1281
2018-10-22T11:30:00+09:00,J4,638,703,1341
2018-10-22T11:30:00+09:00,J5,453,473,926
2018-10-22T11:45:00+09:00,J1,720,704,1424
2018-10-22T11:45:00+09:00,J2,759,628,1387
2018-10-22T11:45:00+09:00,J3,601,540,1141
2018-10-22T11:45:00+09:00,J4,699,681,1380
2018-10-22T11:45:00+09:00,J5,431,472,903
2018-10-22T12:00:00+09:00,J1,789,796,1585
2018-10-22T12:00:00+09:00,J2,651,595,1246
2018-10-22T12:00:00+09:00,J3,641,605,1246
2018-10-22T12:00:00+09:00,J4,777,715,1492
2018-10-22T12:00:00+09:00,J5,463,504,967
2018-10-22T12:15:00+09:00,J1,815,775,1590
2018-10-22T12:15:00+09:00,J2,588,535,1123
2018-10-22T12:15:00+09:00,J3,623,600,1223
2018-10-22T12:15:00+09:00,J4,783,778,1561
2018-10-22T12:15:00+09:00,J5,495,510,1005
2018-10-22T12:30:00+09:00,J1,699,655,1354
2018-10-22T12:30:00+09:00,J2,528,510,1038
2018-10-22T12:30:00+09:00,J3,640,582,1222
2018-10-22T12:30:00+09:00,J4,750,764,1514
2018-10-22T12:30:00+09:00,J5,461,521,982
2018-10-22T12:45:00+09:00,J1,608,645,1253
2018-10-22T12:45:00+09:00,J2,560,467,1027
2018-10-22T12:45:00+09:00,J3,643,570,1213
2018-10-22T12:45:00+09:00,J4,674,717,1391
2018-10-22T12:45:00+09:00,J5,459,521,980
2018-10-22T13:00:00+09:00,J1,613,679,1292
2018-10-22T13:00:00+09:00,J2,561,503,1064
2018-10-22T13:00:00+09:00,J3,649,575,1224
2018-10-22T13:00:00+09:00,J4,643,746,1389
2018-10-22T13:00:00+09:00,J5,434,477,911
2018-10-22T13:15:00+09:00,J1,594,612,1206
2018-10-22T13:15:00+09:00,J2,531,466,997
2018-10-22T13:15:00+09:00,J3,576,546,1122
2018-10-22T13:15:00+09:00,J4,649,642,1291
2018-10-22T13:15:00+09:00,J5,457,487,944
2018-10-22T13:30:00+09:00,J1,528,662,1190
2018-10-22T13:30:00+09:00,J2,496,424,920
2018-10-22T13:30:00+09:00,J3,538,524,1062
2018-10-22T13:30:00+09:00,J4,648,675,1323
2018-10-22T13:30:00+09:00,J5,438,462,900
2018-10-22T13:45:00+09:00,J1,583,602,1185
2018-10-22T13:45:00+09:00,J2,459,417,876
2018-10-22T13:45:00+09:00,J3,551,510,1061
2018-10-22T13:45:00+09:00,J4,641,731,1372
2018-10-22T13:45:00+09:00,J5,428,422,850
2018-10-22T14:00:00+09:00,J1,593,660,1253
2018-10-22T14:00:00+09:00,J2,433,443,876
2018-10-22T14:00:00+09:00,J3,528,490,1018
2018-10-22T14:00:00+09:00,J4,670,705,1375
2018-10-22T14:00:00+09:00,J5,424,439,863
2018-10-22T14:15:00+09:00,J1,563,643,1206
2018-10-22T14:15:00+09:00,J2,510,525,1035
2018-10-22T14:15:00+09:00,J3,476,472,948
2018-10-22T14:15:00+09:00,J4,646,708,1354
2018-10-22T14:15:00+09:00,J5,445,476,921
2018-10-22T14:30:00+09:00,J1,554,637,1191
2018-10-22T14:30:00+09:00,J2,508,495,1003
2018-10-22T14:30:00+09:00,J3,583,450,1033
2018-10-22T14:30:00+09:00,J4,730,699,1429
2018-10-22T14:30:00+09:00,J5,452,507,959
2018-10-22T14:45:00+09:00,J1,473,612,1085
2018-10-22T14:45:00+09:00,J2,470,454,924
2018-10-22T14:45:00+09:00,J3,483,462,945
2018-10-22T14:45:00+09:00,J4,678,652,1330
2018-10-22T14:45:00+09:00,J5,426,459,885
2018-10-22T15:00:00+09:00,J1,459,667,1126
2018-10-22T15:00:00+09:00,J2,481,541,1022
2018-10-22T15:00:00+09:00,J3,566,489,1055
2018-10-22T15:00:00+09:00,J4,619,670,1289
2018-10-22T15:00:00+09:00,J5,443,511,954
2018-10-22T15:15:00+09:00,J1,543,716,1259
2018-10-22T15:15:00+09:00,J2,433,527,960
2018-10-22T15:15:00+09:00,J3,477,477,954
2018-10-22T15:15:00+09:00,J4,689,616,1305
2018-10-22T15:15:00+09:00,J5,432,404,836
2018-10-22T15:30:00+09:00,J1,650,695,1345
2018-10-22T15:30:00+09:00,J2,502,534,1036
2018-10-22T15:30:00+09:00,J3,527,450,977
2018-10-22T15:30:00+09:00,J4,673,636,1309
2018-10-22T15:30:00+09:00,J5,293,338,631
2018-10-22T15:45:00+09:00,J1,637,735,1372
2018-10-22T15:45:00+09:00,J2,467,518,985
2018-10-22T15:45:00+09:00,J3,542,484,1026
2018-10-22T15:45:00+09:00,J4,702,708,1410
2018-10-22T15:45:00+09:00,J5,239,265,504
2018-10-22T16:00:00+09:00,J1,630,722,1352
2018-10-22T16:00:00+09:00,J2,466,528,994
2018-10-22T16:00:00+09:00,J3,516,494,1010
2018-10-22T16:00:00+09:00,J4,756,733,1489
2018-10-22T16:00:00+09:00,J5,192,220,412
2018-10-22T16:15:00+09:00,J1,659,731,1390
2018-10-22T16:15:00+09:00,J2,450,587,1037
2018-10-22T16:15:00+09:00,J3,543,499,1042
2018-10-22T16:15:00+09:00,J4,775,825,1600
2018-10-22T16:15:00+09:00,J5,219,225,444
2018-10-22T16:30:00+09:00,J1,637,696,1333
2018-10-22T16:30:00+09:00,J2,469,558,1027
2018-10-22T16:30:00+09:00,J3,537,559,1096
2018-10-22T16:30:00+09:00,J4,753,800,1553
2018-10-22T16:30:00+09:00,J5,207,221,428
2018-10-22T16:45:00+09:00,J1,539,702,1241
2018-10-22T16:45:00+09:00,J2,481,527,1008
2018-10-22T16:45:00+09:00,J3,554,528,1082
2018-10-22T16:45:00+09:00,J4,672,724,1396
2018-10-22T16:45:00+09:00,J5,276,306,582
2018-10-22T17:00:00+09:00,J1,746,808,1554
2018-10-22T17:00:00+09:00,J2,532,598,1130
2018-10-22T17:00:00+09:00,J3,666,512,1178
2018-10-22T17:00:00+09:00,J4,783,776,1559
2018-10-22T17:00:00+09:00,J5,348,359,707
2018-10-22T17:15:00+09:00,J1,650,929,1579
2018-10-22T17:15:00+09:00,J2,578,638,1216
2018-10-22T17:15:00+09:00,J3,705,566,1271
2018-10-22T17:15:00+09:00,J4,777,786,1563
2018-10-22T17:15:00+09:00,J5,277,358,635
2018-10-22T17:30:00+09:00,J1,733,916,1649
2018-10-22T17:30:00+09:00,J2,554,751,1305
2018-10-22T17:30:00+09:00,J3,768,595,1363
2018-10-22T17:30:00+09:00,J4,875,817,1692
2018-10-22T17:30:00+09:00,J5,277,401,678
2018-10-22T17:45:00+09:00,J1,732,985,1717
2018-10-22T17:45:00+09:00,J2,536,724,1260
2018-10-22T17:45:00+09:00,J3,691,590,1281
2018-10-22T17:45:00+09:00,J4,982,850,1832
2018-10-22T17:45:00+09:00,J5,311,339,650
2018-10-22T18:00:00+09:00,J1,691,980,1671
2018-10-22T18:00:00+09:00,J2,605,739,1344
2018-10-22T18:00:00+09:00,J3,804,627,1431
2018-10-22T18:00:00+09:00,J4,1051,795,1846
2018-10-22T18:00:00+09:00,J5,319,436,755
2018-10-22T18:15:00+09:00,J1,711,994,1705
2018-10-22T18:15:00+09:00,J2,570,747,1317
2018-10-22T18:15:00+09:00,J3,780,579,1359
2018-10-22T18:15:00+09:00,J4,1015,855,1870
2018-10-22T18:15:00+09:00,J5,267,372,639
2018-10-22T18:30:00+09:00,J1,725,823,1548
2018-10-22T18:30:00+09:00,J2,528,650,1178
2018-10-22T18:30:00+09:00,J3,733,545,1278
2018-10-22T18:30:00+09:00,J4,940,757,1697
2018-10-22T18:30:00+09:00,J5,223,295,518
2018-10-22T18:45:00+09:00,J1,671,729,1400
2018-10-22T18:45:00+09:00,J2,524,621,1145
2018-10-22T18:45:00+09:00,J3,584,465,1049
2018-10-22T18:45:00+09:00,J4,952,826,1778
2018-10-22T18:45:00+09:00,J5,245,254,499
2018-10-22T19:00:00+09:00,J1,701,715,1416
2018-10-22T19:00:00+09:00,J2,511,586,1097
2018-10-22T19:00:00+09:00,J3,572,478,1050
2018-10-22T19:00:00+09:00,J4,898,764,1662
2018-10-22T19:00:00+09:00,J5,240,300,540
2018-10-22T19:15:00+09:00,J1,680,803,1483
2018-10-22T19:15:00+09:00,J2,440,601,1041
2018-10-22T19:15:00+09:00,J3,608,514,1122
2018-10-22T19:15:00+09:00,J4,1018,805,1823
2018-10-22T19:15:00+09:00,J5,242,300,542
2018-10-22T19:30:00+09:00,J1,709,781,1490
2018-10-22T19:30:00+09:00,J2,449,499,948
2018-10-22T19:30:00+09:00,J3,578,488,1066
2018-10-22T19:30:00+09:00,J4,735,699,1434
2018-10-22T19:30:00+09:00,J5,230,285,515
2018-10-22T19:45:00+09:00,J1,690,773,1463
2018-10-22T19:45:00+09:00,J2,452,393,845
2018-10-22T19:45:00+09:00,J3,585,532,1117
2018-10-22T19:45:00+09:00,J4,839,762,1601
2018-10-22T19:45:00+09:00,J5,195,285,480
2018-10-22T20:00:00+09:00,J1,825,929,1754
2018-10-22T20:00:00+09:00,J2,577,498,1075
2018-10-22T20:00:00+09:00,J3,683,531,1214
2018-10-22T20:00:00+09:00,J4,871,892,1763
2018-10-22T20:00:00+09:00,J5,264,260,524
2018-10-22T20:15:00+09:00,J1,850,924,1774
2018-10-22T20:15:00+09:00,J2,580,496,1076
2018-10-22T20:15:00+09:00,J3,833,650,1483
2018-10-22T20:15:00+09:00,J4,882,980,1862
2018-10-22T20:15:00+09:00,J5,233,257,490
2018-10-22T20:30:00+09:00,J1,697,858,1555
2018-10-22T20:30:00+09:00,J2,632,596,1228
2018-10-22T20:30:00+09:00,J3,775,587,1362
2018-10-22T20:30:00+09:00,J4,868,813,1681
2018-10-22T20:30:00+09:00,J5,221,238,459
2018-10-22T20:45:00+09:00,J1,600,695,1295
2018-10-22T20:45:00+09:00,J2,492,499,991
2018-10-22T20:45:00+09:00,J3,684,566,1250
2018-10-22T20:45:00+09:00,J4,784,784,1568
2018-10-22T20:45:00+09:00,J5,253,260,513
2018-10-22T21:00:00+09:00,J1,732,761,1493
2018-10-22T21:00:00+09:00,J2,436,419,855
2018-10-22T21:00:00+09:00,J3,721,568,1289
2018-10-22T21:00:00+09:00,J4,811,884,1695
2018-10-22T21:00:00+09:00,J5,327,381,708
2018-10-22T21:15:00+09:00,J1,660,712,1372
2018-10-22T21:15:00+09:00,J2,389,410,799
2018-10-22T21:15:00+09:00,J3,701,584,1285
2018-10-22T21:15:00+09:00,J4,869,925,1794
2018-10-22T21:15:00+09:00,J5,380,457,837
2018-10-22T21:30:00+09:00,J1,631,703,1334
2018-10-22T21:30:00+09:00,J2,404,377,781
2018-10-22T21:30:00+09:00,J3,650,617,1267
2018-10-22T21:30:00+09:00,J4,761,800,1561
2018-10-22T21:30:00+09:00,J5,369,454,823
2018-10-22T21:45:00+09:00,J1,631,715,1346
2018-10-22T21:45:00+09:00,J2,439,515,954
2018-10-22T21:45:00+09:00,J3,653,568,1221
2018-10-22T21:45:00+09:00,J4,716,688,1404
2018-10-22T21:45:00+09:00,J5,323,403,726
2018-10-22T22:00:00+09:00,J1,624,757,1381
2018-10-22T22:00:00+09:00,J2,541,522,1063
2018-10-22T22:00:00+09:00,J3,630,548,1178
2018-10-22T22:00:00+09:00,J4,833,794,1627
2018-10-22T22:00:00+09:00,J5,277,259,536
2018-10-22T22:15:00+09:00,J1,599,670,1269
2018-10-22T22:15:00+09:00,J2,537,458,995
2018-10-22T22:15:00+09:00,J3,552,438,990
2018-10-22T22:15:00+09:00,J4,696,673,1369
2018-10-22T22:15:00+09:00,J5,263,230,493
2018-10-22T22:30:00+09:00,J1,570,642,1212
2018-10-22T22:30:00+09:00,J2,358,372,730
2018-10-22T22:30:00+09:00,J3,448,413,861
2018-10-22T22:30:00+09:00,J4,676,603,1279
2018-10-22T22:30:00+09:00,J5,231,217,448
2018-10-22T22:45:00+09:00,J1,520,601,1121
2018-10-22T22:45:00+09:00,J2,351,410,761
2018-10-22T22:45:00+09:00,J3,459,384,843
2018-10-22T22:45:00+09:00,J4,735,644,1379
2018-10-22T22:45:00+09:00,J5,247,216,463
2018-10-22T23:00:00+09:00,J1,590,575,1165
2018-10-22T23:00:00+09:00,J2,581,547,1128
2018-10-22T23:00:00+09:00,J3,367,352,719
2018-10-22T23:00:00+09:00,J4,751,692,1443
2018-10-22T23:00:00+09:00,J5,255,226,481
2018-10-22T23:15:00+09:00,J1,535,564,1099
2018-10-22T23:15:00+09:00,J2,588,503,1091
2018-10-22T23:15:00+09:00,J3,402,344,746
2018-10-22T23:15:00+09:00,J4,646,639,1285
2018-10-22T23:15:00+09:00,J5,245,187,432
2018-10-22T23:30:00+09:00,J1,494,509,1003
2018-10-22T23:30:00+09:00,J2,587,558,1145
2018-10-22T23:30:00+09:00,J3,331,348,679
2018-10-22T23:30:00+09:00,J4,604,589,1193
2018-10-22T23:30:00+09:00,J5,229,179,408
2018-10-22T23:45:00+09:00,J1,497,499,996
2018-10-22T23:45:00+09:00,J2,566,514,1080
2018-10-22T23:45:00+09:00,J3,296,320,616
2018-10-22T23:45:00+09:00,J4,625,575,1200
2018-10-22T23:45:00+09:00,J5,243,230,473
2018-10-23T00:00:00+09:00,J1,356,407,763
2018-10-23T00:00:00+09:00,J2,445,322,767
2018-10-23T00:00:00+09:00,J3,308,290,598
2018-10-23T00:00:00+09:00,J4,704,717,1421
2018-10-23T00:00:00+09:00,J5,223,240,463
2018-10-23T00:15:00+09:00,J1,362,302,664
2018-10-23T00:15:00+09:00,J2,454,349,803
2018-10-23T00:15:00+09:00,J3,210,202,412
2018-10-23T00:15:00+09:00,J4,390,372,762
2018-10-23T00:15:00+09:00,J5,206,210,416
2018-10-23T00:30:00+09:00,J1,378,316,694
2018-10-23T00:30:00+09:00,J2,461,404,865
2018-10-23T00:30:00+09:00,J3,239,177,416
2018-10-23T00:30:00+09:00,J4,342,276,618
2018-10-23T00:30:00+09:00,J5,220,196,416
2018-10-23T00:45:00+09:00,J1,329,293,622
2018-10-23T00:45:00+09:00,J2,476,389,865
2018-10-23T00:45:00+09:00,J3,259,235,494
2018-10-23T00:45:00+09:00,J4,331,263,594
2018-10-23T00:45:00+09:00,J5,210,198,408
2018-10-23T05:45:00+09:00,J1,351,358,709
2018-10-23T05:45:00+09:00,J2,299,249,548
2018-10-23T05:45:00+09:00,J3,340,294,634
2018-10-23T05:45:00+09:00,J4,445,442,887
2018-10-23T05:45:00+09:00,J5,307,287,594
2018-10-23T06:00:00+09:00,J1,449,431,880
2018-10-23T06:00:00+09:00,J2,340,310,650
2018-10-23T06:00:00+09:00,J3,310,309,619
2018-10-23T06:00:00+09:00,J4,372,396,768
2018-10-23T06:00:00+09:00,J5,184,130,314
2018-10-23T06:15:00+09:00,J1,537,435,972
2018-10-23T06:15:00+09:00,J2,466,398,864
2018-10-23T06:15:00+09:00,J3,324,290,614
2018-10-23T06:15:00+09:00,J4,444,416,860
2018-10-23T06:15:00+09:00,J5,214,159,373
2018-10-23T06:30:00+09:00,J1,527,447,974
2018-10-23T06:30:00+09:00,J2,476,404,880
2018-10-23T06:30:00+09:00,J3,333,266,599
2018-10-23T06:30:00+09:00,J4,406,378,784
2018-10-23T06:30:00+09:00,J5,234,189,423
2018-10-23T06:45:00+09:00,J1,587,560,1147
2018-10-23T06:45:00+09:00,J2,560,502,1062
2018-10-23T06:45:00+09:00,J3,348,330,678
2018-10-23T06:45:00+09:00,J4,567,596,1163
2018-10-23T06:45:00+09:00,J5,261,220,481
2018-10-23T07:00:00+09:00,J1,669,663,1332
2018-10-23T07:00:00+09:00,J2,614,548,1162
2018-10-23T07:00:00+09:00,J3,393,318,711
2018-10-23T07:00:00+09:00,J4,614,626,1240
2018-10-23T07:00:00+09:00,J5,334,249,583
2018-10-23T07:15:00+09:00,J1,693,663,1356
2018-10-23T07:15:00+09:00,J2,604,440,1044
2018-10-23T07:15:00+09:00,J3,434,431,865
2018-10-23T07:15:00+09:00,J4,741,833,1574
2018-10-23T07:15:00+09:00,J5,309,279,588
2018-10-23T07:30:00+09:00,J1,803,716,1519
2018-10-23T07:30:00+09:00,J2,647,581,1228
2018-10-23T07:30:00+09:00,J3,650,696,1346
2018-10-23T07:30:00+09:00,J4,770,865,1635
2018-10-23T07:30:00+09:00,J5,361,388,749
2018-10-23T07:45:00+09:00,J1,805,662,1467
2018-10-23T07:45:00+09:00,J2,745,534,1279
2018-10-23T07:45:00+09:00,J3,821,931,1752
2018-10-23T07:45:00+09:00,J4,731,978,1709
2018-10-23T07:45:00+09:00,J5,391,420,811
2018-10-23T08:00:00+09:00,J1,1088,837,1925
2018-10-23T08:00:00+09:00,J2,750,520,1270
2018-10-23T08:00:00+09:00,J3,867,916,1783
2018-10-23T08:00:00+09:00,J4,831,1116,1947
2018-10-23T08:00:00+09:00,J5,407,431,838
2018-10-23T08:15:00+09:00,J1,1187,853,2040
2018-10-23T08:15:00+09:00,J2,965,569,1534
2018-10-23T08:15:00+09:00,J3,889,1022,1911
2018-10-23T08:15:00+09:00,J4,788,1179,1967
2018-10-23T08:15:00+09:00,J5,502,576,1078
2018-10-23T08:30:00+09:00,J1,1150,731,1881
2018-10-23T08:30:00+09:00,J2,1059,677,1736
2018-10-23T08:30:00+09:00,J3,849,997,1846
2018-10-23T08:30:00+09:00,J4,838,1246,2084
2018-10-23T08:30:00+09:00,J5,531,636,1167
2018-10-23T08:45:00+09:00,J1,831,689,1520
2018-10-23T08:45:00+09:00,J2,858,601,1459
2018-10-23T08:45:00+09:00,J3,735,780,1515
2018-10-23T08:45:00+09:00,J4,814,1050,1864
2018-10-23T08:45:00+09:00,J5,473,525,998
2018-10-23T09:00:00+09:00,J1,808,692,1500
2018-10-23T09:00:00+09:00,J2,849,672,1521
2018-10-23T09:00:00+09:00,J3,758,781,1539
2018-10-23T09:00:00+09:00,J4,599,783,1382
2018-10-23T09:00:00+09:00,J5,356,383,739
2018-10-23T09:15:00+09:00,J1,813,575,1388
2018-10-23T09:15:00+09:00,J2,791,646,1437
2018-10-23T09:15:00+09:00,J3,698,690,1388
2018-10-23T09:15:00+09:00,J4,707,807,1514
2018-10-23T09:15:00+09:00,J5,475,515,990
2018-10-23T09:30:00+09:00,J1,752,605,1357
2018-10-23T09:30:00+09:00,J2,762,610,1372
2018-10-23T09:30:00+09:00,J3,623,657,1280
2018-10-23T09:30:00+09:00,J4,709,826,1535
2018-10-23T09:30:00+09:00,J5,490,489,979
2018-10-23T09:45:00+09:00,J1,673,558,1231
2018-10-23T09:45:00+09:00,J2,745,604,1349
2018-10-23T09:45:00+09:00,J3,640,593,1233
2018-10-23T09:45:00+09:00,J4,604,664,1268
2018-10-23T09:45:00+09:00,J5,414,454,868
2018-10-23T10:00:00+09:00,J1,701,585,1286
2018-10-23T10:00:00+09:00,J2,775,600,1375
2018-10-23T10:00:00+09:00,J3,621,572,1193
2018-10-23T10:00:00+09:00,J4,787,695,1482
2018-10-23T10:00:00+09:00,J5,407,469,876
2018-10-23T10:15:00+09:00,J1,649,605,1254
2018-10-23T10:15:00+09:00,J2,663,529,1192
2018-10-23T10:15:00+09:00,J3,570,479,1049
2018-10-23T10:15:00+09:00,J4,728,717,1445
2018-10-23T10:15:00+09:00,J5,365,363,728
2018-10-23T10:30:00+09:00,J1,667,573,1240
2018-10-23T10:30:00+09:00,J2,574,496,1070
2018-10-23T10:30:00+09:00,J3,530,492,1022
2018-10-23T10:30:00+09:00,J4,767,684,1451
2018-10-23T10:30:00+09:00,J5,320,294,614
2018-10-23T10:45:00+09:00,J1,629,635,1264
2018-10-23T10:45:00+09:00,J2,512,482,994
2018-10-23T10:45:00+09:00,J3,474,415,889
2018-10-23T10:45:00+09:00,J4,691,791,1482
2018-10-23T10:45:00+09:00,J5,220,220,440
2018-10-23T11:00:00+09:00,J1,507,521,1028
2018-10-23T11:00:00+09:00,J2,525,439,964
2018-10-23T11:00:00+09:00,J3,415,406,821
2018-10-23T11:00:00+09:00,J4,719,760,1479
2018-10-23T11:00:00+09:00,J5,207,211,418
2018-10-23T11:15:00+09:00,J1,605,621,1226
2018-10-23T11:15:00+09:00,J2,480,468,948
2018-10-23T11:15:00+09:00,J3,479,435,914
2018-10-23T11:15:00+09:00,J4,673,727,1400
2018-10-23T11:15:00+09:00,J5,204,192,396
2018-10-23T11:30:00+09:00,J1,498,633,1131
2018-10-23T11:30:00+09:00,J2,462,487,949
2018-10-23T11:30:00+09:00,J3,482,479,961
2018-10-23T11:30:00+09:00,J4,625,699,1324
2018-10-23T11:30:00+09:00,J5,233,239,472
2018-10-23T11:45:00+09:00,J1,558,629,1187
2018-10-23T11:45:00+09:00,J2,534,455,989
2018-10-23T11:45:00+09:00,J3,461,482,943
2018-10-23T11:45:00+09:00,J4,625,634,1259
2018-10-23T11:45:00+09:00,J5,278,328,606
2018-10-23T12:00:00+09:00,J1,467,654,1121
2018-10-23T12:00:00+09:00,J2,488,527,1015
2018-10-23T12:00:00+09:00,J3,538,499,1037
2018-10-23T12:00:00+09:00,J4,681,663,1344
2018-10-23T12:00:00+09:00,J5,317,343,660
2018-10-23T12:15:00+09:00,J1,520,647,1167
2018-10-23T12:15:00+09:00,J2,485,519,1004
2018-10-23T12:15:00+09:00,J3,588,525,1113
2018-10-23T12:15:00+09:00,J4,588,749,1337
2018-10-23T12:15:00+09:00,J5,297,287,584
2018-10-23T12:30:00+09:00,J1,533,678,1211
2018-10-23T12:30:00+09:00,J2,464,554,1018
2018-10-23T12:30:00+09:00,J3,640,520,1160
2018-10-23T12:30:00+09:00,J4,579,646,1225
2018-10-23T12:30:00+09:00,J5,235,253,488
2018-10-23T12:45:00+09:00,J1,765,413,1178
2018-10-23T12:45:00+09:00,J2,625,325,950
2018-10-23T12:45:00+09:00,J3,811,303,1114
2018-10-23T12:45:00+09:00,J4,699,413,1112
2018-10-23T12:45:00+09:00,J5,266,146,412
2018-10-23T13:00:00+09:00,J1,524,679,1203
2018-10-23T13:00:00+09:00,J2,478,532,1010
2018-10-23T13:00:00+09:00,J3,567,514,1081
2018-10-23T13:00:00+09:00,J4,544,544,1088
2018-10-23T13:00:00+09:00,J5,251,214,465
2018-10-23T13:15:00+09:00,J1,531,636,1167
2018-10-23T13:15:00+09:00,J2,404,533,937
2018-10-23T13:15:00+09:00,J3,531,478,1009
2018-10-23T13:15:00+09:00,J4,541,613,1154
2018-10-23T13:15:00+09:00,J5,195,226,421
2018-10-23T13:30:00+09:00,J1,584,659,1243
2018-10-23T13:30:00+09:00,J2,429,543,972
2018-10-23T13:30:00+09:00,J3,532,462,994
2018-10-23T13:30:00+09:00,J4,449,496,945
2018-10-23T13:30:00+09:00,J5,234,232,466
2018-10-23T13:45:00+09:00,J1,543,611,1154
2018-10-23T13:45:00+09:00,J2,408,454,862
2018-10-23T13:45:00+09:00,J3,541,424,965
2018-10-23T13:45:00+09:00,J4,519,512,1031
2018-10-23T13:45:00+09:00,J5,193,246,439
2018-10-23T14:00:00+09:00,J1,543,628,1171
2018-10-23T14:00:00+09:00,J2,459,457,916
2018-10-23T14:00:00+09:00,J3,508,468,976
2018-10-23T14:00:00+09:00,J4,512,524,1036
2018-10-23T14:00:00+09:00,J5,221,261,482
2018-10-23T14:15:00+09:00,J1,520,674,1194
2018-10-23T14:15:00+09:00,J2,449,535,984
2018-10-23T14:15:00+09:00,J3,602,508,1110
2018-10-23T14:15:00+09:00,J4,446,490,936
2018-10-23T14:15:00+09:00,J5,202,238,440
2018-10-23T14:30:00+09:00,J1,514,653,1167
2018-10-23T14:30:00+09:00,J2,366,541,907
2018-10-23T14:30:00+09:00,J3,529,515,1044
2018-10-23T14:30:00+09:00,J4,486,577,1063
2018-10-23T14:30:00+09:00,J5,190,223,413
2018-10-23T14:45:00+09:00,J1,596,667,1263
2018-10-23T14:45:00+09:00,J2,446,490,936
2018-10-23T14:45:00+09:00,J3,573,476,1049
2018-10-23T14:45:00+09:00,J4,487,511,998
2018-10-23T14:45:00+09:00,J5,200,223,423
2018-10-23T15:00:00+09:00,J1,623,729,1352
2018-10-23T15:00:00+09:00,J2,400,532,932
2018-10-23T15:00:00+09:00,J3,602,459,1061
2018-10-23T15:00:00+09:00,J4,443,541,984
2018-10-23T15:00:00+09:00,J5,239,233,472
2018-10-23T15:15:00+09:00,J1,574,732,1306
2018-10-23T15:15:00+09:00,J2,364,513,877
2018-10-23T15:15:00+09:00,J3,553,466,1019
2018-10-23T15:15:00+09:00,J4,423,472,895
2018-10-23T15:15:00+09:00,J5,219,246,465
2018-10-23T15:30:00+09:00,J1,508,692,1200
2018-10-23T15:30:00+09:00,J2,443,487,930
2018-10-23T15:30:00+09:00,J3,510,505,1015
2018-10-23T15:30:00+09:00,J4,420,491,911
2018-10-23T15:30:00+09:00,J5,209,265,474
2018-10-23T15:45:00+09:00,J1,554,631,1185
2018-10-23T15:45:00+09:00,J2,419,420,839
2018-10-23T15:45:00+09:00,J3,539,485,1024
2018-10-23T15:45:00+09:00,J4,445,407,852
2018-10-23T15:45:00+09:00,J5,181,227,408
2018-10-23T16:00:00+09:00,J1,552,635,1187
2018-10-23T16:00:00+09:00,J2,441,458,899
2018-10-23T16:00:00+09:00,J3,539,470,1009
2018-10-23T16:00:00+09:00,J4,416,498,914
2018-10-23T16:00:00+09:00,J5,195,223,418
2018-10-23T16:15:00+09:00,J1,595,671,1266
2018-10-23T16:15:00+09:00,J2,402,527,929
2018-10-23T16:15:00+09:00,J3,622,502,1124
2018-10-23T16:15:00+09:00,J4,498,510,1008
2018-10-23T16:15:00+09:00,J5,215,233,448
2018-10-23T16:30:00+09:00,J1,651,767,1418
2018-10-23T16:30:00+09:00,J2,484,541,1025
2018-10-23T16:30:00+09:00,J3,605,492,1097
2018-10-23T16:30:00+09:00,J4,502,488,990
2018-10-23T16:30:00+09:00,J5,229,205,434
2018-10-23T16:45:00+09:00,J1,657,744,1401
2018-10-23T16:45:00+09:00,J2,471,518,989
2018-10-23T16:45:00+09:00,J3,635,547,1182
2018-10-23T16:45:00+09:00,J4,460,520,980
2018-10-23T16:45:00+09:00,J5,211,248,459
2018-10-23T17:00:00+09:00,J1,801,874,1675
2018-10-23T17:00:00+09:00,J2,527,559,1086
2018-10-23T17:00:00+09:00,J3,693,721,1414
2018-10-23T17:00:00+09:00,J4,521,560,1081
2018-10-23T17:00:00+09:00,J5,252,253,505
2018-10-23T17:15:00+09:00,J1,722,854,1576
2018-10-23T17:15:00+09:00,J2,595,589,1184
2018-10-23T17:15:00+09:00,J3,694,683,1377
2018-10-23T17:15:00+09:00,J4,627,537,1164
2018-10-23T17:15:00+09:00,J5,308,313,621
2018-10-23T17:30:00+09:00,J1,777,890,1667
2018-10-23T17:30:00+09:00,J2,606,615,1221
2018-10-23T17:30:00+09:00,J3,797,709,1506
2018-10-23T17:30:00+09:00,J4,687,620,1307
2018-10-23T17:30:00+09:00,J5,295,314,609
2018-10-23T17:45:00+09:00,J1,847,952,1799
2018-10-23T17:45:00+09:00,J2,610,603,1213
2018-10-23T17:45:00+09:00,J3,752,719,1471
2018-10-23T17:45:00+09:00,J4,790,620,1410
2018-10-23T17:45:00+09:00,J5,326,323,649
2018-10-23T18:00:00+09:00,J1,774,939,1713
2018-10-23T18:00:00+09:00,J2,609,535,1144
2018-10-23T18:00:00+09:00,J3,794,687,1481
2018-10-23T18:00:00+09:00,J4,799,687,1486
2018-10-23T18:00:00+09:00,J5,278,356,634
2018-10-23T18:15:00+09:00,J1,802,928,1730
2018-10-23T18:15:00+09:00,J2,607,638,1245
2018-10-23T18:15:00+09:00,J3,808,669,1477
2018-10-23T18:15:00+09:00,J4,935,689,1624
2018-10-23T18:15:00+09:00,J5,323,391,714
2018-10-23T18:30:00+09:00,J1,716,866,1582
2018-10-23T18:30:00+09:00,J2,645,546,1191
2018-10-23T18:30:00+09:00,J3,780,644,1424
2018-10-23T18:30:00+09:00,J4,777,578,1355
2018-10-23T18:30:00+09:00,J5,320,357,677
2018-10-23T18:45:00+09:00,J1,595,707,1302
2018-10-23T18:45:00+09:00,J2,473,560,1033
2018-10-23T18:45:00+09:00,J3,639,512,1151
2018-10-23T18:45:00+09:00,J4,677,627,1304
2018-10-23T18:45:00+09:00,J5,296,291,587
2018-10-23T19:00:00+09:00,J1,543,725,1268
2018-10-23T19:00:00+09:00,J2,447,573,1020
2018-10-23T19:00:00+09:00,J3,650,473,1123
2018-10-23T19:00:00+09:00,J4,670,576,1246
2018-10-23T19:00:00+09:00,J5,276,260,536
2018-10-23T19:15:00+09:00,J1,577,714,1291
2018-10-23T19:15:00+09:00,J2,448,550,998
2018-10-23T19:15:00+09:00,J3,620,507,1127
2018-10-23T19:15:00+09:00,J4,713,619,1332
2018-10-23T19:15:00+09:00,J5,287,281,568
2018-10-23T19:30:00+09:00,J1,539,719,1258
2018-10-23T19:30:00+09:00,J2,453,538,991
2018-10-23T19:30:00+09:00,J3,557,520,1077
2018-10-23T19:30:00+09:00,J4,712,601,1313
2018-10-23T19:30:00+09:00,J5,289,280,569
2018-10-23T19:45:00+09:00,J1,489,652,1141
2018-10-23T19:45:00+09:00,J2,382,529,911
2018-10-23T19:45:00+09:00,J3,559,518,1077
2018-10-23T19:45:00+09:00,J4,750,650,1400
2018-10-23T19:45:00+09:00,J5,260,268,528
2018-10-23T20:00:00+09:00,J1,547,656,1203
2018-10-23T20:00:00+09:00,J2,329,476,805
2018-10-23T20:00:00+09:00,J3,499,470,969
2018-10-23T20:00:00+09:00,J4,719,696,1415
2018-10-23T20:00:00+09:00,J5,261,225,486
2018-10-23T20:15:00+09:00,J1,527,641,1168
2018-10-23T20:15:00+09:00,J2,363,488,851
2018-10-23T20:15:00+09:00,J3,433,438,871
2018-10-23T20:15:00+09:00,J4,709,727,1436
2018-10-23T20:15:00+09:00,J5,233,208,441
2018-10-23T20:30:00+09:00,J1,434,594,1028
2018-10-23T20:30:00+09:00,J2,361,505,866
2018-10-23T20:30:00+09:00,J3,472,415,887
2018-10-23T20:30:00+09:00,J4,825,764,1589
2018-10-23T20:30:00+09:00,J5,256,204,460
2018-10-23T20:45:00+09:00,J1,473,573,1046
2018-10-23T20:45:00+09:00,J2,367,496,863
2018-10-23T20:45:00+09:00,J3,383,371,754
2018-10-23T20:45:00+09:00,J4,767,683,1450
2018-10-23T20:45:00+09:00,J5,210,190,400
2018-10-23T21:00:00+09:00,J1,538,655,1193
2018-10-23T21:00:00+09:00,J2,402,463,865
2018-10-23T21:00:00+09:00,J3,440,366,806
2018-10-23T21:00:00+09:00,J4,698,603,1301
2018-10-23T21:00:00+09:00,J5,202,207,409
2018-10-23T21:15:00+09:00,J1,591,691,1282
2018-10-23T21:15:00+09:00,J2,331,424,755
2018-10-23T21:15:00+09:00,J3,434,376,810
2018-10-23T21:15:00+09:00,J4,608,620,1228
2018-10-23T21:15:00+09:00,J5,206,195,401
2018-10-23T21:30:00+09:00,J1,564,578,1142
2018-10-23T21:30:00+09:00,J2,426,401,827
2018-10-23T21:30:00+09:00,J3,388,292,680
2018-10-23T21:30:00+09:00,J4,592,601,1193
2018-10-23T21:30:00+09:00,J5,237,149,386
2018-10-23T21:45:00+09:00,J1,550,575,1125
2018-10-23T21:45:00+09:00,J2,321,380,701
2018-10-23T21:45:00+09:00,J3,392,296,688
2018-10-23T21:45:00+09:00,J4,657,643,1300
2018-10-23T21:45:00+09:00,J5,191,146,337
2018-10-23T22:00:00+09:00,J1,535,534,1069
2018-10-23T22:00:00+09:00,J2,377,389,766
2018-10-23T22:00:00+09:00,J3,342,329,671
2018-10-23T22:00:00+09:00,J4,613,594,1207
2018-10-23T22:00:00+09:00,J5,198,168,366
2018-10-23T22:15:00+09:00,J1,486,574,1060
2018-10-23T22:15:00+09:00,J2,333,346,679
2018-10-23T22:15:00+09:00,J3,469,405,874
2018-10-23T22:15:00+09:00,J4,608,548,1156
2018-10-23T22:15:00+09:00,J5,184,191,375
2018-10-23T22:30:00+09:00,J1,509,525,1034
2018-10-23T22:30:00+09:00,J2,356,334,690
2018-10-23T22:30:00+09:00,J3,465,383,848
2018-10-23T22:30:00+09:00,J4,667,632,1299
2018-10-23T22:30:00+09:00,J5,291,288,579
2018-10-23T22:45:00+09:00,J1,492,495,987
2018-10-23T22:45:00+09:00,J2,302,337,639
2018-10-23T22:45:00+09:00,J3,469,385,854
2018-10-23T22:45:00+09:00,J4,601,546,1147
2018-10-23T22:45:00+09:00,J5,363,377,740
2018-10-23T23:00:00+09:00,J1,493,515,1008
2018-10-23T23:00:00+09:00,J2,325,298,623
2018-10-23T23:00:00+09:00,J3,550,460,1010
2018-10-23T23:00:00+09:00,J4,595,613,1208
2018-10-23T23:00:00+09:00,J5,362,398,760
2018-10-23T23:15:00+09:00,J1,467,572,1039
2018-10-23T23:15:00+09:00,J2,339,349,688
2018-10-23T23:15:00+09:00,J3,504,463,967
2018-10-23T23:15:00+09:00,J4,625,690,1315
2018-10-23T23:15:00+09:00,J5,386,425,811
2018-10-23T23:30:00+09:00,J1,499,555,1054
2018-10-23T23:30:00+09:00,J2,301,346,647
2018-10-23T23:30:00+09:00,J3,414,414,828
2018-10-23T23:30:00+09:00,J4,601,613,1214
2018-10-23T23:30:00+09:00,J5,251,271,522
2018-10-23T23:45:00+09:00,J1,415,412,827
2018-10-23T23:45:00+09:00,J2,299,358,657
2018-10-23T23:45:00+09:00,J3,311,289,600
2018-10-23T23:45:00+09:00,J4,548,473,1021
2018-10-23T23:45:00+09:00,J5,173,188,361
2018-10-24T00:00:00+09:00,J1,300,358,658
2018-10-24T00:00:00+09:00,J2,381,382,763
2018-10-24T00:00:00+09:00,J3,398,335,733
2018-10-24T00:00:00+09:00,J4,407,441,848
2018-10-24T00:00:00+09:00,J5,299,341,640
2018-10-24T00:15:00+09:00,J1,223,343,566
2018-10-24T00:15:00+09:00,J2,475,456,931
2018-10-24T00:15:00+09:00,J3,512,452,964
2018-10-24T00:15:00+09:00,J4,426,448,874
2018-10-24T00:15:00+09:00,J5,269,334,603
2018-10-24T00:30:00+09:00,J1,193,207,400
2018-10-24T00:30:00+09:00,J2,419,456,875
2018-10-24T00:30:00+09:00,J3,465,431,896
2018-10-24T00:30:00+09:00,J4,525,536,1061
2018-10-24T00:30:00+09:00,J5,213,198,411
2018-10-24T00:45:00+09:00,J1,217,218,435
2018-10-24T00:45:00+09:00,J2,420,421,841
2018-10-24T00:45:00+09:00,J3,422,432,854
2018-10-24T00:45:00+09:00,J4,665,540,1205
2018-10-24T00:45:00+09:00,J5,214,176,390
2018-10-24T05:45:00+09:00,J1,344,379,723
2018-10-24T05:45:00+09:00,J2,472,525,997
2018-10-24T05:45:00+09:00,J3,209,235,444
2018-10-24T05:45:00+09:00,J4,688,651,1339
2018-10-24T05:45:00+09:00,J5,165,162,327
2018-10-24T06:00:00+09:00,J1,374,375,749
2018-10-24T06:00:00+09:00,J2,585,523,1108
2018-10-24T06:00:00+09:00,J3,373,351,724
2018-10-24T06:00:00+09:00,J4,656,620,1276
2018-10-24T06:00:00+09:00,J5,221,199,420
2018-10-24T06:15:00+09:00,J1,327,338,665
2018-10-24T06:15:00+09:00,J2,554,533,1087
2018-10-24T06:15:00+09:00,J3,543,528,1071
2018-10-24T06:15:00+09:00,J4,647,644,1291
2018-10-24T06:15:00+09:00,J5,260,293,553
2018-10-24T06:30:00+09:00,J1,295,311,606
2018-10-24T06:30:00+09:00,J2,538,518,1056
2018-10-24T06:30:00+09:00,J3,621,576,1197
2018-10-24T06:30:00+09:00,J4,712,716,1428
2018-10-24T06:30:00+09:00,J5,358,441,799
2018-10-24T06:45:00+09:00,J1,485,540,1025
2018-10-24T06:45:00+09:00,J2,571,499,1070
2018-10-24T06:45:00+09:00,J3,536,544,1080
2018-10-24T06:45:00+09:00,J4,764,776,1540
2018-10-24T06:45:00+09:00,J5,358,375,733
2018-10-24T07:00:00+09:00,J1,633,598,1231
2018-10-24T07:00:00+09:00,J2,521,444,965
2018-10-24T07:00:00+09:00,J3,635,609,1244
2018-10-24T07:00:00+09:00,J4,842,788,1630
2018-10-24T07:00:00+09:00,J5,350,446,796
2018-10-24T07:15:00+09:00,J1,686,553,1239
2018-10-24T07:15:00+09:00,J2,585,419,1004
2018-10-24T07:15:00+09:00,J3,621,659,1280
2018-10-24T07:15:00+09:00,J4,807,875,1682
2018-10-24T07:15:00+09:00,J5,457,473,930
2018-10-24T07:30:00+09:00,J1,674,586,1260
2018-10-24T07:30:00+09:00,J2,525,406,931
2018-10-24T07:30:00+09:00,J3,479,454,933
2018-10-24T07:30:00+09:00,J4,837,959,1796
2018-10-24T07:30:00+09:00,J5,316,322,638
2018-10-24T07:45:00+09:00,J1,731,517,1248
2018-10-24T07:45:00+09:00,J2,624,425,1049
2018-10-24T07:45:00+09:00,J3,526,563,1089
2018-10-24T07:45:00+09:00,J4,813,1038,1851
2018-10-24T07:45:00+09:00,J5,336,377,713
2018-10-24T08:00:00+09:00,J1,1053,835,1888
2018-10-24T08:00:00+09:00,J2,780,482,1262
2018-10-24T08:00:00+09:00,J3,668,674,1342
2018-10-24T08:00:00+09:00,J4,755,991,1746
2018-10-24T08:00:00+09:00,J5,461,451,912
2018-10-24T08:15:00+09:00,J1,1137,813,1950
2018-10-24T08:15:00+09:00,J2,885,576,1461
2018-10-24T08:15:00+09:00,J3,648,857,1505
2018-10-24T08:15:00+09:00,J4,707,1162,1869
2018-10-24T08:15:00+09:00,J5,491,518,1009
2018-10-24T08:30:00+09:00,J1,1110,887,1997
2018-10-24T08:30:00+09:00,J2,918,539,1457
2018-10-24T08:30:00+09:00,J3,634,935,1569
2018-10-24T08:30:00+09:00,J4,774,1152,1926
2018-10-24T08:30:00+09:00,J5,418,512,930
2018-10-24T08:45:00+09:00,J1,857,736,1593
2018-10-24T08:45:00+09:00,J2,659,458,1117
2018-10-24T08:45:00+09:00,J3,488,628,1116
2018-10-24T08:45:00+09:00,J4,654,928,1582
2018-10-24T08:45:00+09:00,J5,388,423,811
2018-10-24T09:00:00+09:00,J1,830,695,1525
2018-10-24T09:00:00+09:00,J2,651,426,1077
2018-10-24T09:00:00+09:00,J3,575,581,1156
2018-10-24T09:00:00+09:00,J4,670,750,1420
2018-10-24T09:00:00+09:00,J5,507,488,995
2018-10-24T09:15:00+09:00,J1,659,653,1312
2018-10-24T09:15:00+09:00,J2,617,477,1094
2018-10-24T09:15:00+09:00,J3,468,497,965
2018-10-24T09:15:00+09:00,J4,670,771,1441
2018-10-24T09:15:00+09:00,J5,328,330,658
2018-10-24T09:30:00+09:00,J1,609,535,1144
2018-10-24T09:30:00+09:00,J2,571,476,1047
2018-10-24T09:30:00+09:00,J3,484,499,983
2018-10-24T09:30:00+09:00,J4,683,853,1536
2018-10-24T09:30:00+09:00,J5,231,245,476
2018-10-24T09:45:00+09:00,J1,556,538,1094
2018-10-24T09:45:00+09:00,J2,526,453,979
2018-10-24T09:45:00+09:00,J3,446,454,900
2018-10-24T09:45:00+09:00,J4,639,720,1359
2018-10-24T09:45:00+09:00,J5,217,223,440
2018-10-24T10:00:00+09:00,J1,558,518,1076
2018-10-24T10:00:00+09:00,J2,456,476,932
2018-10-24T10:00:00+09:00,J3,574,506,1080
2018-10-24T10:00:00+09:00,J4,659,668,1327
2018-10-24T10:00:00+09:00,J5,272,300,572
2018-10-24T10:15:00+09:00,J1,521,568,1089
2018-10-24T10:15:00+09:00,J2,464,488,952
2018-10-24T10:15:00+09:00,J3,473,414,887
2018-10-24T10:15:00+09:00,J4,666,708,1374
2018-10-24T10:15:00+09:00,J5,337,370,707
2018-10-24T10:30:00+09:00,J1,499,546,1045
2018-10-24T10:30:00+09:00,J2,524,439,963
2018-10-24T10:30:00+09:00,J3,442,385,827
2018-10-24T10:30:00+09:00,J4,648,664,1312
2018-10-24T10:30:00+09:00,J5,231,229,460
2018-10-24T10:45:00+09:00,J1,484,519,1003
2018-10-24T10:45:00+09:00,J2,450,453,903
2018-10-24T10:45:00+09:00,J3,416,409,825
2018-10-24T10:45:00+09:00,J4,568,575,1143
2018-10-24T10:45:00+09:00,J5,211,210,421
2018-10-24T11:00:00+09:00,J1,475,461,936
2018-10-24T11:00:00+09:00,J2,478,436,914
2018-10-24T11:00:00+09:00,J3,446,377,823
2018-10-24T11:00:00+09:00,J4,607,651,1258
2018-10-24T11:00:00+09:00,J5,236,162,398
2018-10-24T11:15:00+09:00,J1,510,538,1048
2018-10-24T11:15:00+09:00,J2,406,425,831
2018-10-24T11:15:00+09:00,J3,468,442,910
2018-10-24T11:15:00+09:00,J4,619,621,1240
2018-10-24T11:15:00+09:00,J5,257,180,437
2018-10-24T11:30:00+09:00,J1,508,570,1078
2018-10-24T11:30:00+09:00,J2,377,377,754
2018-10-24T11:30:00+09:00,J3,505,475,980
2018-10-24T11:30:00+09:00,J4,578,633,1211
2018-10-24T11:30:00+09:00,J5,255,205,460
2018-10-24T11:45:00+09:00,J1,575,530,1105
2018-10-24T11:45:00+09:00,J2,384,401,785
2018-10-24T11:45:00+09:00,J3,505,530,1035
2018-10-24T11:45:00+09:00,J4,634,698,1332
2018-10-24T11:45:00+09:00,J5,217,184,401
2018-10-24T12:00:00+09:00,J1,671,583,1254
2018-10-24T12:00:00+09:00,J2,470,406,876
2018-10-24T12:00:00+09:00,J3,596,517,1113
2018-10-24T12:00:00+09:00,J4,609,698,1307
2018-10-24T12:00:00+09:00,J5,235,207,442
2018-10-24T12:15:00+09:00,J1,670,654,1324
2018-10-24T12:15:00+09:00,J2,483,442,925
2018-10-24T12:15:00+09:00,J3,578,556,1134
2018-10-24T12:15:00+09:00,J4,565,698,1263
2018-10-24T12:15:00+09:00,J5,222,157,379
2018-10-24T12:30:00+09:00,J1,699,600,1299
2018-10-24T12:30:00+09:00,J2,559,443,1002
2018-10-24T12:30:00+09:00,J3,581,573,1154
2018-10-24T12:30:00+09:00,J4,588,652,1240
2018-10-24T12:30:00+09:00,J5,238,199,437
2018-10-24T12:45:00+09:00,J1,614,619,1233
2018-10-24T12:45:00+09:00,J2,504,461,965
2018-10-24T12:45:00+09:00,J3,558,553,1111
2018-10-24T12:45:00+09:00,J4,533,671,1204
2018-10-24T12:45:00+09:00,J5,256,194,450
2018-10-24T13:00:00+09:00,J1,599,637,1236
2018-10-24T13:00:00+09:00,J2,488,442,930
2018-10-24T13:00:00+09:00,J3,555,627,1182
2018-10-24T13:00:00+09:00,J4,550,626,1176
2018-10-24T13:00:00+09:00,J5,240,208,448
2018-10-24T13:15:00+09:00,J1,608,646,1254
2018-10-24T13:15:00+09:00,J2,479,468,947
2018-10-24T13:15:00+09:00,J3,569,590,1159
2018-10-24T13:15:00+09:00,J4,546,609,1155
2018-10-24T13:15:00+09:00,J5,237,225,462
2018-10-24T13:30:00+09:00,J1,581,563,1144
2018-10-24T13:30:00+09:00,J2,435,419,854
2018-10-24T13:30:00+09:00,J3,532,506,1038
2018-10-24T13:30:00+09:00,J4,561,613,1174
2018-10-24T13:30:00+09:00,J5,222,216,438
2018-10-24T13:45:00+09:00,J1,516,544,1060
2018-10-24T13:45:00+09:00,J2,424,419,843
2018-10-24T13:45:00+09:00,J3,570,510,1080
2018-10-24T13:45:00+09:00,J4,576,636,1212
2018-10-24T13:45:00+09:00,J5,208,207,415
2018-10-24T14:00:00+09:00,J1,574,551,1125
2018-10-24T14:00:00+09:00,J2,457,465,922
2018-10-24T14:00:00+09:00,J3,482,492,974
2018-10-24T14:00:00+09:00,J4,538,618,1156
2018-10-24T14:00:00+09:00,J5,229,216,445
2018-10-24T14:15:00+09:00,J1,556,566,1122
2018-10-24T14:15:00+09:00,J2,455,433,888
2018-10-24T14:15:00+09:00,J3,500,522,1022
2018-10-24T14:15:00+09:00,J4,495,590,1085
2018-10-24T14:15:00+09:00,J5,211,202,413
2018-10-24T14:30:00+09:00,J1,596,623,1219
2018-10-24T14:30:00+09:00,J2,445,400,845
2018-10-24T14:30:00+09:00,J3,488,504,992
2018-10-24T14:30:00+09:00,J4,538,621,1159
2018-10-24T14:30:00+09:00,J5,217,182,399
2018-10-24T14:45:00+09:00,J1,525,570,1095
2018-10-24T14:45:00+09:00,J2,484,423,907
2018-10-24T14:45:00+09:00,J3,539,536,1075
2018-10-24T14:45:00+09:00,J4,525,585,1110
2018-10-24T14:45:00+09:00,J5,201,177,378
2018-10-24T15:00:00+09:00,J1,574,587,1161
2018-10-24T15:00:00+09:00,J2,458,397,855
2018-10-24T15:00:00+09:00,J3,499,517,1016
2018-10-24T15:00:00+09:00,J4,533,607,1140
2018-10-24T15:00:00+09:00,J5,224,212,436
2018-10-24T15:15:00+09:00,J1,650,642,1292
2018-10-24T15:15:00+09:00,J2,509,451,960
2018-10-24T15:15:00+09:00,J3,542,552,1094
2018-10-24T15:15:00+09:00,J4,607,689,1296
2018-10-24T15:15:00+09:00,J5,238,235,473
2018-10-24T15:30:00+09:00,J1,566,549,1115
2018-10-24T15:30:00+09:00,J2,450,397,847
2018-10-24T15:30:00+09:00,J3,536,497,1033
2018-10-24T15:30:00+09:00,J4,477,615,1092
2018-10-24T15:30:00+09:00,J5,205,181,386
2018-10-24T15:45:00+09:00,J1,704,723,1427
2018-10-24T15:45:00+09:00,J2,540,495,1035
2018-10-24T15:45:00+09:00,J3,593,601,1194
2018-10-24T15:45:00+09:00,J4,664,682,1346
2018-10-24T15:45:00+09:00,J5,238,221,459
2018-10-24T16:00:00+09:00,J1,592,642,1234
2018-10-24T16:00:00+09:00,J2,386,430,816
2018-10-24T16:00:00+09:00,J3,458,566,1024
2018-10-24T16:00:00+09:00,J4,638,687,1325
2018-10-24T16:00:00+09:00,J5,196,217,413
2018-10-24T16:15:00+09:00,J1,660,637,1297
2018-10-24T16:15:00+09:00,J2,497,464,961
2018-10-24T16:15:00+09:00,J3,501,568,1069
2018-10-24T16:15:00+09:00,J4,601,692,1293
2018-10-24T16:15:00+09:00,J5,210,218,428
2018-10-24T16:30:00+09:00,J1,582,649,1231
2018-10-24T16:30:00+09:00,J2,457,457,914
2018-10-24T16:30:00+09:00,J3,505,553,1058
2018-10-24T16:30:00+09:00,J4,552,658,1210
2018-10-24T16:30:00+09:00,J5,222,201,423
2018-10-24T16:45:00+09:00,J1,599,691,1290
2018-10-24T16:45:00+09:00,J2,457,426,883
2018-10-24T16:45:00+09:00,J3,494,571,1065
2018-10-24T16:45:00+09:00,J4,544,653,1197
2018-10-24T16:45:00+09:00,J5,202,193,395
2018-10-24T17:00:00+09:00,J1,652,787,1439
2018-10-24T17:00:00+09:00,J2,454,540,994
2018-10-24T17:00:00+09:00,J3,719,726,1445
2018-10-24T17:00:00+09:00,J4,620,626,1246
2018-10-24T17:00:00+09:00,J5,229,247,476
2018-10-24T17:15:00+09:00,J1,755,853,1608
2018-10-24T17:15:00+09:00,J2,570,568,1138
2018-10-24T17:15:00+09:00,J3,661,677,1338
2018-10-24T17:15:00+09:00,J4,732,692,1424
2018-10-24T17:15:00+09:00,J5,277,311,588
2018-10-24T17:30:00+09:00,J1,821,874,1695
2018-10-24T17:30:00+09:00,J2,612,588,1200
2018-10-24T17:30:00+09:00,J3,784,761,1545
2018-10-24T17:30:00+09:00,J4,787,764,1551
2018-10-24T17:30:00+09:00,J5,315,331,646
2018-10-24T17:45:00+09:00,J1,888,948,1836
2018-10-24T17:45:00+09:00,J2,626,646,1272
2018-10-24T17:45:00+09:00,J3,893,730,1623
2018-10-24T17:45:00+09:00,J4,797,711,1508
2018-10-24T17:45:00+09:00,J5,345,332,677
2018-10-24T18:00:00+09:00,J1,884,981,1865
2018-10-24T18:00:00+09:00,J2,647,605,1252
2018-10-24T18:00:00+09:00,J3,934,725,1659
2018-10-24T18:00:00+09:00,J4,828,689,1517
2018-10-24T18:00:00+09:00,J5,316,325,641
2018-10-24T18:15:00+09:00,J1,826,913,1739
2018-10-24T18:15:00+09:00,J2,633,593,1226
2018-10-24T18:15:00+09:00,J3,878,661,1539
2018-10-24T18:15:00+09:00,J4,864,784,1648
2018-10-24T18:15:00+09:00,J5,348,332,680
2018-10-24T18:30:00+09:00,J1,707,795,1502
2018-10-24T18:30:00+09:00,J2,579,591,1170
2018-10-24T18:30:00+09:00,J3,770,603,1373
2018-10-24T18:30:00+09:00,J4,815,688,1503
2018-10-24T18:30:00+09:00,J5,341,339,680
2018-10-24T18:45:00+09:00,J1,613,661,1274
2018-10-24T18:45:00+09:00,J2,424,571,995
2018-10-24T18:45:00+09:00,J3,663,529,1192
2018-10-24T18:45:00+09:00,J4,784,679,1463
2018-10-24T18:45:00+09:00,J5,311,299,610
2018-10-24T19:00:00+09:00,J1,532,765,1297
2018-10-24T19:00:00+09:00,J2,445,514,959
2018-10-24T19:00:00+09:00,J3,610,413,1023
2018-10-24T19:00:00+09:00,J4,829,749,1578
2018-10-24T19:00:00+09:00,J5,289,287,576
2018-10-24T19:15:00+09:00,J1,651,699,1350
2018-10-24T19:15:00+09:00,J2,460,506,966
2018-10-24T19:15:00+09:00,J3,604,438,1042
2018-10-24T19:15:00+09:00,J4,854,718,1572
2018-10-24T19:15:00+09:00,J5,268,284,552
2018-10-24T19:30:00+09:00,J1,594,692,1286
2018-10-24T19:30:00+09:00,J2,400,465,865
2018-10-24T19:30:00+09:00,J3,528,435,963
2018-10-24T19:30:00+09:00,J4,749,707,1456
2018-10-24T19:30:00+09:00,J5,247,194,441
2018-10-24T19:45:00+09:00,J1,586,620,1206
2018-10-24T19:45:00+09:00,J2,407,431,838
2018-10-24T19:45:00+09:00,J3,437,382,819
2018-10-24T19:45:00+09:00,J4,744,629,1373
2018-10-24T19:45:00+09:00,J5,218,185,403
2018-10-24T20:00:00+09:00,J1,519,624,1143
2018-10-24T20:00:00+09:00,J2,420,490,910
2018-10-24T20:00:00+09:00,J3,443,407,850
2018-10-24T20:00:00+09:00,J4,705,662,1367
2018-10-24T20:00:00+09:00,J5,192,188,380
2018-10-24T20:15:00+09:00,J1,581,660,1241
2018-10-24T20:15:00+09:00,J2,417,498,915
2018-10-24T20:15:00+09:00,J3,444,386,830
2018-10-24T20:15:00+09:00,J4,826,782,1608
2018-10-24T20:15:00+09:00,J5,208,201,409
2018-10-24T20:30:00+09:00,J1,594,704,1298
2018-10-24T20:30:00+09:00,J2,478,508,986
2018-10-24T20:30:00+09:00,J3,494,432,926
2018-10-24T20:30:00+09:00,J4,679,586,1265
2018-10-24T20:30:00+09:00,J5,227,248,475
2018-10-24T20:45:00+09:00,J1,623,657,1280
2018-10-24T20:45:00+09:00,J2,443,459,902
2018-10-24T20:45:00+09:00,J3,443,485,928
2018-10-24T20:45:00+09:00,J4,583,520,1103
2018-10-24T20:45:00+09:00,J5,164,210,374
2018-10-24T21:00:00+09:00,J1,651,713,1364
2018-10-24T21:00:00+09:00,J2,389,442,831
2018-10-24T21:00:00+09:00,J3,537,453,990
2018-10-24T21:00:00+09:00,J4,700,614,1314
2018-10-24T21:00:00+09:00,J5,120,209,329
2018-10-24T21:15:00+09:00,J1,649,683,1332
2018-10-24T21:15:00+09:00,J2,355,445,800
2018-10-24T21:15:00+09:00,J3,527,423,950
2018-10-24T21:15:00+09:00,J4,744,661,1405
2018-10-24T21:15:00+09:00,J5,215,251,466
2018-10-24T21:30:00+09:00,J1,590,637,1227
2018-10-24T21:30:00+09:00,J2,399,444,843
2018-10-24T21:30:00+09:00,J3,462,414,876
2018-10-24T21:30:00+09:00,J4,706,622,1328
2018-10-24T21:30:00+09:00,J5,231,275,506
2018-10-24T21:45:00+09:00,J1,591,612,1203
2018-10-24T21:45:00+09:00,J2,358,344,702
2018-10-24T21:45:00+09:00,J3,517,441,958
2018-10-24T21:45:00+09:00,J4,688,621,1309
2018-10-24T21:45:00+09:00,J5,336,339,675
2018-10-24T22:00:00+09:00,J1,637,647,1284
2018-10-24T22:00:00+09:00,J2,372,390,762
2018-10-24T22:00:00+09:00,J3,485,466,951
2018-10-24T22:00:00+09:00,J4,708,678,1386
2018-10-24T22:00:00+09:00,J5,376,404,780
2018-10-24T22:15:00+09:00,J1,595,629,1224
2018-10-24T22:15:00+09:00,J2,400,418,818
2018-10-24T22:15:00+09:00,J3,565,581,1146
2018-10-24T22:15:00+09:00,J4,771,719,1490
2018-10-24T22:15:00+09:00,J5,408,405,813
2018-10-24T22:30:00+09:00,J1,516,613,1129
2018-10-24T22:30:00+09:00,J2,440,458,898
2018-10-24T22:30:00+09:00,J3,610,621,1231
2018-10-24T22:30:00+09:00,J4,732,825,1557
2018-10-24T22:30:00+09:00,J5,386,451,837
2018-10-24T22:45:00+09:00,J1,610,591,1201
2018-10-24T22:45:00+09:00,J2,455,472,927
2018-10-24T22:45:00+09:00,J3,601,643,1244
2018-10-24T22:45:00+09:00,J4,728,747,1475
2018-10-24T22:45:00+09:00,J5,295,330,625
2018-10-24T23:00:00+09:00,J1,505,528,1033
2018-10-24T23:00:00+09:00,J2,501,473,974
2018-10-24T23:00:00+09:00,J3,631,568,1199
2018-10-24T23:00:00+09:00,J4,635,652,1287
2018-10-24T23:00:00+09:00,J5,264,325,589
2018-10-24T23:15:00+09:00,J1,539,531,1070
2018-10-24T23:15:00+09:00,J2,501,531,1032
2018-10-24T23:15:00+09:00,J3,551,498,1049
2018-10-24T23:15:00+09:00,J4,583,558,1141
2018-10-24T23:15:00+09:00,J5,237,250,487
2018-10-24T23:30:00+09:00,J1,405,516,921
2018-10-24T23:30:00+09:00,J2,567,504,1071
2018-10-24T23:30:00+09:00,J3,569,576,1145
2018-10-24T23:30:00+09:00,J4,550,630,1180
2018-10-24T23:30:00+09:00,J5,229,217,446
2018-10-24T23:45:00+09:00,J1,453,477,930
2018-10-24T23:45:00+09:00,J2,571,590,1161
2018-10-24T23:45:00+09:00,J3,603,582,1185
2018-10-24T23:45:00+09:00,J4,502,514,1016
2018-10-24T23:45:00+09:00,J5,243,293,536
2018-10-25T00:00:00+09:00,J1,439,376,815
2018-10-25T00:00:00+09:00,J2,615,601,1216
2018-10-25T00:00:00+09:00,J3,603,533,1136
2018-10-25T00:00:00+09:00,J4,527,511,1038
2018-10-25T00:00:00+09:00,J5,269,249,518
2018-10-25T00:15:00+09:00,J1,240,271,511
2018-10-25T00:15:00+09:00,J2,577,519,1096
2018-10-25T00:15:00+09:00,J3,391,388,779
2018-10-25T00:15:00+09:00,J4,339,315,654
2018-10-25T00:15:00+09:00,J5,209,241,450
2018-10-25T00:30:00+09:00,J1,161,227,388
2018-10-25T00:30:00+09:00,J2,620,563,1183
2018-10-25T00:30:00+09:00,J3,237,241,478
2018-10-25T00:30:00+09:00,J4,266,239,505
2018-10-25T00:30:00+09:00,J5,234,241,475
2018-10-25T00:45:00+09:00,J1,175,214,389
2018-10-25T00:45:00+09:00,J2,535,553,1088
2018-10-25T00:45:00+09:00,J3,183,213,396
2018-10-25T00:45:00+09:00,J4,249,233,482
2018-10-25T00:45:00+09:00,J5,257,235,492
2018-10-25T05:45:00+09:00,J1,226,261,487
2018-10-25T05:45:00+09:00,J2,346,278,624
2018-10-25T05:45:00+09:00,J3,273,209,482
2018-10-25T05:45:00+09:00,J4,470,427,897
2018-10-25T05:45:00+09:00,J5,199,149,348
2018-10-25T06:00:00+09:00,J1,191,223,414
2018-10-25T06:00:00+09:00,J2,458,323,781
2018-10-25T06:00:00+09:00,J3,269,235,504
2018-10-25T06:00:00+09:00,J4,409,454,863
2018-10-25T06:00:00+09:00,J5,171,166,337
2018-10-25T06:15:00+09:00,J1,290,282,572
2018-10-25T06:15:00+09:00,J2,438,299,737
2018-10-25T06:15:00+09:00,J3,346,293,639
2018-10-25T06:15:00+09:00,J4,571,572,1143
2018-10-25T06:15:00+09:00,J5,259,224,483
2018-10-25T06:30:00+09:00,J1,253,267,520
2018-10-25T06:30:00+09:00,J2,418,370,788
2018-10-25T06:30:00+09:00,J3,312,266,578
2018-10-25T06:30:00+09:00,J4,593,645,1238
2018-10-25T06:30:00+09:00,J5,229,222,451
2018-10-25T06:45:00+09:00,J1,355,333,688
2018-10-25T06:45:00+09:00,J2,515,389,904
2018-10-25T06:45:00+09:00,J3,357,292,649
2018-10-25T06:45:00+09:00,J4,692,720,1412
2018-10-25T06:45:00+09:00,J5,256,246,502
2018-10-25T07:00:00+09:00,J1,424,346,770
2018-10-25T07:00:00+09:00,J2,425,393,818
2018-10-25T07:00:00+09:00,J3,491,406,897
2018-10-25T07:00:00+09:00,J4,658,771,1429
2018-10-25T07:00:00+09:00,J5,266,294,560
2018-10-25T07:15:00+09:00,J1,483,401,884
2018-10-25T07:15:00+09:00,J2,541,449,990
2018-10-25T07:15:00+09:00,J3,452,439,891
2018-10-25T07:15:00+09:00,J4,872,968,1840
2018-10-25T07:15:00+09:00,J5,312,345,657
2018-10-25T07:30:00+09:00,J1,483,371,854
2018-10-25T07:30:00+09:00,J2,744,689,1433
2018-10-25T07:30:00+09:00,J3,697,625,1322
2018-10-25T07:30:00+09:00,J4,847,942,1789
2018-10-25T07:30:00+09:00,J5,445,460,905
2018-10-25T07:45:00+09:00,J1,464,369,833
2018-10-25T07:45:00+09:00,J2,761,659,1420
2018-10-25T07:45:00+09:00,J3,760,861,1621
2018-10-25T07:45:00+09:00,J4,873,1025,1898
2018-10-25T07:45:00+09:00,J5,418,460,878
2018-10-25T08:00:00+09:00,J1,585,506,1091
2018-10-25T08:00:00+09:00,J2,838,633,1471
2018-10-25T08:00:00+09:00,J3,833,935,1768
2018-10-25T08:00:00+09:00,J4,971,1142,2113
2018-10-25T08:00:00+09:00,J5,438,500,938
2018-10-25T08:15:00+09:00,J1,619,589,1208
2018-10-25T08:15:00+09:00,J2,934,645,1579
2018-10-25T08:15:00+09:00,J3,863,972,1835
2018-10-25T08:15:00+09:00,J4,904,1060,1964
2018-10-25T08:15:00+09:00,J5,497,544,1041
2018-10-25T08:30:00+09:00,J1,642,528,1170
2018-10-25T08:30:00+09:00,J2,952,495,1447
2018-10-25T08:30:00+09:00,J3,865,983,1848
2018-10-25T08:30:00+09:00,J4,785,1051,1836
2018-10-25T08:30:00+09:00,J5,529,591,1120
2018-10-25T08:45:00+09:00,J1,491,410,901
2018-10-25T08:45:00+09:00,J2,794,539,1333
2018-10-25T08:45:00+09:00,J3,750,943,1693
2018-10-25T08:45:00+09:00,J4,646,888,1534
2018-10-25T08:45:00+09:00,J5,515,553,1068
2018-10-25T09:00:00+09:00,J1,445,387,832
2018-10-25T09:00:00+09:00,J2,840,582,1422
2018-10-25T09:00:00+09:00,J3,722,741,1463
2018-10-25T09:00:00+09:00,J4,557,652,1209
2018-10-25T09:00:00+09:00,J5,473,577,1050
2018-10-25T09:15:00+09:00,J1,449,388,837
2018-10-25T09:15:00+09:00,J2,819,582,1401
2018-10-25T09:15:00+09:00,J3,740,753,1493
2018-10-25T09:15:00+09:00,J4,594,729,1323
2018-10-25T09:15:00+09:00,J5,478,524,1002
2018-10-25T09:30:00+09:00,J1,494,383,877
2018-10-25T09:30:00+09:00,J2,666,456,1122
2018-10-25T09:30:00+09:00,J3,717,720,1437
2018-10-25T09:30:00+09:00,J4,597,777,1374
2018-10-25T09:30:00+09:00,J5,431,528,959
2018-10-25T09:45:00+09:00,J1,398,305,703
2018-10-25T09:45:00+09:00,J2,676,426,1102
2018-10-25T09:45:00+09:00,J3,698,736,1434
2018-10-25T09:45:00+09:00,J4,598,676,1274
2018-10-25T09:45:00+09:00,J5,413,535,948
2018-10-25T10:00:00+09:00,J1,441,346,787
2018-10-25T10:00:00+09:00,J2,499,447,946
2018-10-25T10:00:00+09:00,J3,696,716,1412
2018-10-25T10:00:00+09:00,J4,525,640,1165
2018-10-25T10:00:00+09:00,J5,398,477,875
2018-10-25T10:15:00+09:00,J1,457,315,772
2018-10-25T10:15:00+09:00,J2,553,398,951
2018-10-25T10:15:00+09:00,J3,668,674,1342
2018-10-25T10:15:00+09:00,J4,615,640,1255
2018-10-25T10:15:00+09:00,J5,447,499,946
2018-10-25T10:30:00+09:00,J1,407,318,725
2018-10-25T10:30:00+09:00,J2,491,399,890
2018-10-25T10:30:00+09:00,J3,647,606,1253
2018-10-25T10:30:00+09:00,J4,727,739,1466
2018-10-25T10:30:00+09:00,J5,409,487,896
2018-10-25T10:45:00+09:00,J1,391,355,746
2018-10-25T10:45:00+09:00,J2,512,420,932
2018-10-25T10:45:00+09:00,J3,558,490,1048
2018-10-25T10:45:00+09:00,J4,818,910,1728
2018-10-25T10:45:00+09:00,J5,376,409,785
2018-10-25T11:00:00+09:00,J1,417,376,793
2018-10-25T11:00:00+09:00,J2,530,460,990
2018-10-25T11:00:00+09:00,J3,552,520,1072
2018-10-25T11:00:00+09:00,J4,941,946,1887
2018-10-25T11:00:00+09:00,J5,340,352,692
2018-10-25T11:15:00+09:00,J1,491,373,864
2018-10-25T11:15:00+09:00,J2,493,418,911
2018-10-25T11:15:00+09:00,J3,502,464,966
2018-10-25T11:15:00+09:00,J4,931,900,1831
2018-10-25T11:15:00+09:00,J5,279,322,601
2018-10-25T11:30:00+09:00,J1,526,396,922
2018-10-25T11:30:00+09:00,J2,496,513,1009
2018-10-25T11:30:00+09:00,J3,481,463,944
2018-10-25T11:30:00+09:00,J4,831,869,1700
2018-10-25T11:30:00+09:00,J5,385,374,759
2018-10-25T11:45:00+09:00,J1,414,423,837
2018-10-25T11:45:00+09:00,J2,537,455,992
2018-10-25T11:45:00+09:00,J3,467,487,954
2018-10-25T11:45:00+09:00,J4,831,782,1613
2018-10-25T11:45:00+09:00,J5,447,389,836
2018-10-25T12:00:00+09:00,J1,527,421,948
2018-10-25T12:00:00+09:00,J2,510,535,1045
2018-10-25T12:00:00+09:00,J3,564,477,1041
2018-10-25T12:00:00+09:00,J4,814,757,1571
2018-10-25T12:00:00+09:00,J5,432,434,866
2018-10-25T12:15:00+09:00,J1,545,364,909
2018-10-25T12:15:00+09:00,J2,482,535,1017
2018-10-25T12:15:00+09:00,J3,614,602,1216
2018-10-25T12:15:00+09:00,J4,819,779,1598
2018-10-25T12:15:00+09:00,J5,351,417,768
2018-10-25T12:30:00+09:00,J1,452,402,854
2018-10-25T12:30:00+09:00,J2,488,568,1056
2018-10-25T12:30:00+09:00,J3,533,480,1013
2018-10-25T12:30:00+09:00,J4,792,751,1543
2018-10-25T12:30:00+09:00,J5,364,400,764
2018-10-25T12:45:00+09:00,J1,423,385,808
2018-10-25T12:45:00+09:00,J2,465,506,971
2018-10-25T12:45:00+09:00,J3,555,458,1013
2018-10-25T12:45:00+09:00,J4,774,796,1570
2018-10-25T12:45:00+09:00,J5,405,366,771
2018-10-25T13:00:00+09:00,J1,472,367,839
2018-10-25T13:00:00+09:00,J2,619,435,1054
2018-10-25T13:00:00+09:00,J3,673,416,1089
2018-10-25T13:00:00+09:00,J4,940,669,1609
2018-10-25T13:00:00+09:00,J5,432,353,785
2018-10-25T13:15:00+09:00,J1,424,411,835
2018-10-25T13:15:00+09:00,J2,468,495,963
2018-10-25T13:15:00+09:00,J3,544,443,987
2018-10-25T13:15:00+09:00,J4,755,804,1559
2018-10-25T13:15:00+09:00,J5,347,400,747
2018-10-25T13:30:00+09:00,J1,348,374,722
2018-10-25T13:30:00+09:00,J2,440,498,938
2018-10-25T13:30:00+09:00,J3,491,407,898
2018-10-25T13:30:00+09:00,J4,773,747,1520
2018-10-25T13:30:00+09:00,J5,359,335,694
2018-10-25T13:45:00+09:00,J1,378,392,770
2018-10-25T13:45:00+09:00,J2,484,521,1005
2018-10-25T13:45:00+09:00,J3,527,496,1023
2018-10-25T13:45:00+09:00,J4,706,659,1365
2018-10-25T13:45:00+09:00,J5,286,325,611
2018-10-25T14:00:00+09:00,J1,411,389,800
2018-10-25T14:00:00+09:00,J2,409,482,891
2018-10-25T14:00:00+09:00,J3,549,472,1021
2018-10-25T14:00:00+09:00,J4,686,723,1409
2018-10-25T14:00:00+09:00,J5,280,307,587
2018-10-25T14:15:00+09:00,J1,403,399,802
2018-10-25T14:15:00+09:00,J2,422,484,906
2018-10-25T14:15:00+09:00,J3,545,475,1020
2018-10-25T14:15:00+09:00,J4,728,743,1471
2018-10-25T14:15:00+09:00,J5,320,369,689
2018-10-25T14:30:00+09:00,J1,373,398,771
2018-10-25T14:30:00+09:00,J2,434,501,935
2018-10-25T14:30:00+09:00,J3,544,452,996
2018-10-25T14:30:00+09:00,J4,824,734,1558
2018-10-25T14:30:00+09:00,J5,287,306,593
2018-10-25T14:45:00+09:00,J1,358,386,744
2018-10-25T14:45:00+09:00,J2,417,542,959
2018-10-25T14:45:00+09:00,J3,489,410,899
2018-10-25T14:45:00+09:00,J4,695,782,1477
2018-10-25T14:45:00+09:00,J5,335,339,674
2018-10-25T15:00:00+09:00,J1,389,440,829
2018-10-25T15:00:00+09:00,J2,448,554,1002
2018-10-25T15:00:00+09:00,J3,510,414,924
2018-10-25T15:00:00+09:00,J4,660,684,1344
2018-10-25T15:00:00+09:00,J5,309,343,652
2018-10-25T15:15:00+09:00,J1,453,379,832
2018-10-25T15:15:00+09:00,J2,434,539,973
2018-10-25T15:15:00+09:00,J3,551,469,1020
2018-10-25T15:15:00+09:00,J4,698,746,1444
2018-10-25T15:15:00+09:00,J5,356,374,730
2018-10-25T15:30:00+09:00,J1,384,415,799
2018-10-25T15:30:00+09:00,J2,467,561,1028
2018-10-25T15:30:00+09:00,J3,544,418,962
2018-10-25T15:30:00+09:00,J4,766,810,1576
2018-10-25T15:30:00+09:00,J5,335,318,653
2018-10-25T15:45:00+09:00,J1,398,369,767
2018-10-25T15:45:00+09:00,J2,476,528,1004
2018-10-25T15:45:00+09:00,J3,513,422,935
2018-10-25T15:45:00+09:00,J4,819,744,1563
2018-10-25T15:45:00+09:00,J5,328,341,669
2018-10-25T16:00:00+09:00,J1,417,406,823
2018-10-25T16:00:00+09:00,J2,440,573,1013
2018-10-25T16:00:00+09:00,J3,473,409,882
2018-10-25T16:00:00+09:00,J4,795,838,1633
2018-10-25T16:00:00+09:00,J5,379,410,789
2018-10-25T16:15:00+09:00,J1,454,357,811
2018-10-25T16:15:00+09:00,J2,497,560,1057
2018-10-25T16:15:00+09:00,J3,585,449,1034
2018-10-25T16:15:00+09:00,J4,791,837,1628
2018-10-25T16:15:00+09:00,J5,389,455,844
2018-10-25T16:30:00+09:00,J1,508,390,898
2018-10-25T16:30:00+09:00,J2,523,711,1234
2018-10-25T16:30:00+09:00,J3,743,606,1349
2018-10-25T16:30:00+09:00,J4,852,870,1722
2018-10-25T16:30:00+09:00,J5,424,491,915
2018-10-25T16:45:00+09:00,J1,497,425,922
2018-10-25T16:45:00+09:00,J2,503,652,1155
2018-10-25T16:45:00+09:00,J3,725,578,1303
2018-10-25T16:45:00+09:00,J4,905,906,1811
2018-10-25T16:45:00+09:00,J5,414,400,814
2018-10-25T17:00:00+09:00,J1,629,550,1179
2018-10-25T17:00:00+09:00,J2,606,712,1318
2018-10-25T17:00:00+09:00,J3,813,593,1406
2018-10-25T17:00:00+09:00,J4,994,900,1894
2018-10-25T17:00:00+09:00,J5,475,492,967
2018-10-25T17:15:00+09:00,J1,684,460,1144
2018-10-25T17:15:00+09:00,J2,708,797,1505
2018-10-25T17:15:00+09:00,J3,794,610,1404
2018-10-25T17:15:00+09:00,J4,1073,973,2046
2018-10-25T17:15:00+09:00,J5,463,572,1035
2018-10-25T17:30:00+09:00,J1,686,485,1171
2018-10-25T17:30:00+09:00,J2,709,836,1545
2018-10-25T17:30:00+09:00,J3,866,694,1560
2018-10-25T17:30:00+09:00,J4,1176,990,2166
2018-10-25T17:30:00+09:00,J5,494,605,1099
2018-10-25T17:45:00+09:00,J1,777,515,1292
2018-10-25T17:45:00+09:00,J2,658,930,1588
2018-10-25T17:45:00+09:00,J3,898,660,1558
2018-10-25T17:45:00+09:00,J4,1222,1022,2244
2018-10-25T17:45:00+09:00,J5,517,666,1183
2018-10-25T18:00:00+09:00,J1,636,486,1122
2018-10-25T18:00:00+09:00,J2,682,776,1458
2018-10-25T18:00:00+09:00,J3,887,629,1516
2018-10-25T18:00:00+09:00,J4,1101,975,2076
2018-10-25T18:00:00+09:00,J5,538,573,1111
2018-10-25T18:15:00+09:00,J1,631,513,1144
2018-10-25T18:15:00+09:00,J2,632,814,1446
2018-10-25T18:15:00+09:00,J3,873,621,1494
2018-10-25T18:15:00+09:00,J4,1177,990,2167
2018-10-25T18:15:00+09:00,J5,311,438,749
2018-10-25T18:30:00+09:00,J1,568,487,1055
2018-10-25T18:30:00+09:00,J2,693,746,1439
2018-10-25T18:30:00+09:00,J3,762,577,1339
2018-10-25T18:30:00+09:00,J4,1076,904,1980
2018-10-25T18:30:00+09:00,J5,232,358,590
2018-10-25T18:45:00+09:00,J1,582,441,1023
2018-10-25T18:45:00+09:00,J2,633,595,1228
2018-10-25T18:45:00+09:00,J3,729,610,1339
2018-10-25T18:45:00+09:00,J4,979,836,1815
2018-10-25T18:45:00+09:00,J5,188,279,467
2018-10-25T19:00:00+09:00,J1,556,433,989
2018-10-25T19:00:00+09:00,J2,549,574,1123
2018-10-25T19:00:00+09:00,J3,745,645,1390
2018-10-25T19:00:00+09:00,J4,820,677,1497
2018-10-25T19:00:00+09:00,J5,208,280,488
2018-10-25T19:15:00+09:00,J1,576,504,1080
2018-10-25T19:15:00+09:00,J2,557,629,1186
2018-10-25T19:15:00+09:00,J3,807,740,1547
2018-10-25T19:15:00+09:00,J4,795,660,1455
2018-10-25T19:15:00+09:00,J5,219,286,505
2018-10-25T19:30:00+09:00,J1,519,512,1031
2018-10-25T19:30:00+09:00,J2,489,562,1051
2018-10-25T19:30:00+09:00,J3,680,569,1249
2018-10-25T19:30:00+09:00,J4,866,770,1636
2018-10-25T19:30:00+09:00,J5,248,364,612
2018-10-25T19:45:00+09:00,J1,495,474,969
2018-10-25T19:45:00+09:00,J2,451,654,1105
2018-10-25T19:45:00+09:00,J3,631,535,1166
2018-10-25T19:45:00+09:00,J4,876,879,1755
2018-10-25T19:45:00+09:00,J5,290,318,608
2018-10-25T20:00:00+09:00,J1,427,439,866
2018-10-25T20:00:00+09:00,J2,451,549,1000
2018-10-25T20:00:00+09:00,J3,529,480,1009
2018-10-25T20:00:00+09:00,J4,929,922,1851
2018-10-25T20:00:00+09:00,J5,306,354,660
2018-10-25T20:15:00+09:00,J1,473,384,857
2018-10-25T20:15:00+09:00,J2,509,532,1041
2018-10-25T20:15:00+09:00,J3,572,489,1061
2018-10-25T20:15:00+09:00,J4,949,855,1804
2018-10-25T20:15:00+09:00,J5,336,352,688
2018-10-25T20:30:00+09:00,J1,398,390,788
2018-10-25T20:30:00+09:00,J2,386,454,840
2018-10-25T20:30:00+09:00,J3,602,493,1095
2018-10-25T20:30:00+09:00,J4,907,834,1741
2018-10-25T20:30:00+09:00,J5,313,342,655
2018-10-25T20:45:00+09:00,J1,488,428,916
2018-10-25T20:45:00+09:00,J2,514,500,1014
2018-10-25T20:45:00+09:00,J3,653,561,1214
2018-10-25T20:45:00+09:00,J4,842,803,1645
2018-10-25T20:45:00+09:00,J5,311,340,651
2018-10-25T21:00:00+09:00,J1,463,438,901
2018-10-25T21:00:00+09:00,J2,442,503,945
2018-10-25T21:00:00+09:00,J3,606,532,1138
2018-10-25T21:00:00+09:00,J4,920,798,1718
2018-10-25T21:00:00+09:00,J5,369,400,769
2018-10-25T21:15:00+09:00,J1,156,162,318
2018-10-25T21:15:00+09:00,J2,142,134,276
2018-10-25T21:15:00+09:00,J3,236,213,449
2018-10-25T21:15:00+09:00,J4,315,281,596
2018-10-25T21:15:00+09:00,J5,173,209,382
2018-10-25T21:30:00+09:00,J1,211,217,428
2018-10-25T21:30:00+09:00,J2,216,216,432
2018-10-25T21:30:00+09:00,J3,364,298,662
2018-10-25T21:30:00+09:00,J4,521,567,1088
2018-10-25T21:30:00+09:00,J5,226,266,492
2018-10-25T21:45:00+09:00,J1,403,417,820
2018-10-25T21:45:00+09:00,J2,404,386,790
2018-10-25T21:45:00+09:00,J3,556,488,1044
2018-10-25T21:45:00+09:00,J4,904,859,1763
2018-10-25T21:45:00+09:00,J5,377,465,842
2018-10-25T22:00:00+09:00,J1,451,404,855
2018-10-25T22:00:00+09:00,J2,381,351,732
2018-10-25T22:00:00+09:00,J3,579,552,1131
2018-10-25T22:00:00+09:00,J4,924,944,1868
2018-10-25T22:00:00+09:00,J5,380,396,776
2018-10-25T22:15:00+09:00,J1,372,392,764
2018-10-25T22:15:00+09:00,J2,420,425,845
2018-10-25T22:15:00+09:00,J3,612,631,1243
2018-10-25T22:15:00+09:00,J4,861,914,1775
2018-10-25T22:15:00+09:00,J5,329,404,733
2018-10-25T22:30:00+09:00,J1,402,409,811
2018-10-25T22:30:00+09:00,J2,461,489,950
2018-10-25T22:30:00+09:00,J3,616,555,1171
2018-10-25T22:30:00+09:00,J4,797,830,1627
2018-10-25T22:30:00+09:00,J5,305,336,641
2018-10-25T22:45:00+09:00,J1,391,396,787
2018-10-25T22:45:00+09:00,J2,485,434,919
2018-10-25T22:45:00+09:00,J3,619,541,1160
2018-10-25T22:45:00+09:00,J4,741,724,1465
2018-10-25T22:45:00+09:00,J5,237,239,476
2018-10-25T23:00:00+09:00,J1,369,382,751
2018-10-25T23:00:00+09:00,J2,454,417,871
2018-10-25T23:00:00+09:00,J3,564,528,1092
2018-10-25T23:00:00+09:00,J4,694,707,1401
2018-10-25T23:00:00+09:00,J5,239,263,502
2018-10-25T23:15:00+09:00,J1,339,305,644
2018-10-25T23:15:00+09:00,J2,539,465,1004
2018-10-25T23:15:00+09:00,J3,509,415,924
2018-10-25T23:15:00+09:00,J4,709,720,1429
2018-10-25T23:15:00+09:00,J5,224,249,473
2018-10-25T23:30:00+09:00,J1,333,306,639
2018-10-25T23:30:00+09:00,J2,525,532,1057
2018-10-25T23:30:00+09:00,J3,570,497,1067
2018-10-25T23:30:00+09:00,J4,634,641,1275
2018-10-25T23:30:00+09:00,J5,255,234,489
2018-10-25T23:45:00+09:00,J1,316,289,605
2018-10-25T23:45:00+09:00,J2,559,456,1015
2018-10-25T23:45:00+09:00,J3,604,548,1152
2018-10-25T23:45:00+09:00,J4,535,583,1118
2018-10-25T23:45:00+09:00,J5,212,227,439
2018-10-26T00:00:00+09:00,J1,253,217,470
2018-10-26T00:00:00+09:00,J2,568,542,1110
2018-10-26T00:00:00+09:00,J3,457,416,873
2018-10-26T00:00:00+09:00,J4,480,538,1018
2018-10-26T00:00:00+09:00,J5,220,242,462
2018-10-26T00:15:00+09:00,J1,280,232,512
2018-10-26T00:15:00+09:00,J2,562,559,1121
2018-10-26T00:15:00+09:00,J3,282,265,547
2018-10-26T00:15:00+09:00,J4,359,373,732
2018-10-26T00:15:00+09:00,J5,218,180,398
2018-10-26T00:30:00+09:00,J1,122,205,327
2018-10-26T00:30:00+09:00,J2,513,467,980
2018-10-26T00:30:00+09:00,J3,179,195,374
2018-10-26T00:30:00+09:00,J4,348,409,757
2018-10-26T00:30:00+09:00,J5,182,174,356
2018-10-26T00:45:00+09:00,J1,157,204,361
2018-10-26T00:45:00+09:00,J2,464,452,916
2018-10-26T00:45:00+09:00,J3,186,165,351
2018-10-26T00:45:00+09:00,J4,341,366,707
2018-10-26T00:45:00+09:00,J5,223,184,407
2018-10-26T05:45:00+09:00,J1,167,290,457
2018-10-26T05:45:00+09:00,J2,305,267,572
2018-10-26T05:45:00+09:00,J3,338,322,660
2018-10-26T05:45:00+09:00,J4,346,331,677
2018-10-26T05:45:00+09:00,J5,177,194,371
2018-10-26T06:00:00+09:00,J1,270,295,565
2018-10-26T06:00:00+09:00,J2,456,306,762
2018-10-26T06:00:00+09:00,J3,333,298,631
2018-10-26T06:00:00+09:00,J4,303,278,581
2018-10-26T06:00:00+09:00,J5,166,156,322
2018-10-26T06:15:00+09:00,J1,510,450,960
2018-10-26T06:15:00+09:00,J2,503,339,842
2018-10-26T06:15:00+09:00,J3,341,323,664
2018-10-26T06:15:00+09:00,J4,528,519,1047
2018-10-26T06:15:00+09:00,J5,232,218,450
2018-10-26T06:30:00+09:00,J1,538,490,1028
2018-10-26T06:30:00+09:00,J2,556,380,936
2018-10-26T06:30:00+09:00,J3,330,332,662
2018-10-26T06:30:00+09:00,J4,568,619,1187
2018-10-26T06:30:00+09:00,J5,209,195,404
2018-10-26T06:45:00+09:00,J1,589,570,1159
2018-10-26T06:45:00+09:00,J2,634,537,1171
2018-10-26T06:45:00+09:00,J3,391,359,750
2018-10-26T06:45:00+09:00,J4,716,826,1542
2018-10-26T06:45:00+09:00,J5,295,255,550
2018-10-26T07:00:00+09:00,J1,668,702,1370
2018-10-26T07:00:00+09:00,J2,621,535,1156
2018-10-26T07:00:00+09:00,J3,521,441,962
2018-10-26T07:00:00+09:00,J4,769,786,1555
2018-10-26T07:00:00+09:00,J5,306,289,595
2018-10-26T07:15:00+09:00,J1,747,729,1476
2018-10-26T07:15:00+09:00,J2,738,529,1267
2018-10-26T07:15:00+09:00,J3,482,478,960
2018-10-26T07:15:00+09:00,J4,956,1004,1960
2018-10-26T07:15:00+09:00,J5,352,327,679
2018-10-26T07:30:00+09:00,J1,709,669,1378
2018-10-26T07:30:00+09:00,J2,728,626,1354
2018-10-26T07:30:00+09:00,J3,707,720,1427
2018-10-26T07:30:00+09:00,J4,951,1060,2011
2018-10-26T07:30:00+09:00,J5,346,340,686
2018-10-26T07:45:00+09:00,J1,889,764,1653
2018-10-26T07:45:00+09:00,J2,706,653,1359
2018-10-26T07:45:00+09:00,J3,792,754,1546
2018-10-26T07:45:00+09:00,J4,1046,1135,2181
2018-10-26T07:45:00+09:00,J5,310,390,700
2018-10-26T08:00:00+09:00,J1,1048,836,1884
2018-10-26T08:00:00+09:00,J2,801,651,1452
2018-10-26T08:00:00+09:00,J3,730,739,1469
2018-10-26T08:00:00+09:00,J4,1024,1177,2201
2018-10-26T08:00:00+09:00,J5,323,404,727
2018-10-26T08:15:00+09:00,J1,1194,872,2066
2018-10-26T08:15:00+09:00,J2,1116,777,1893
2018-10-26T08:15:00+09:00,J3,848,820,1668
2018-10-26T08:15:00+09:00,J4,994,1164,2158
2018-10-26T08:15:00+09:00,J5,364,448,812
2018-10-26T08:30:00+09:00,J1,1180,838,2018
2018-10-26T08:30:00+09:00,J2,1120,795,1915
2018-10-26T08:30:00+09:00,J3,869,999,1868
2018-10-26T08:30:00+09:00,J4,1015,1184,2199
2018-10-26T08:30:00+09:00,J5,324,440,764
2018-10-26T08:45:00+09:00,J1,957,759,1716
2018-10-26T08:45:00+09:00,J2,876,600,1476
2018-10-26T08:45:00+09:00,J3,809,881,1690
2018-10-26T08:45:00+09:00,J4,871,1020,1891
2018-10-26T08:45:00+09:00,J5,338,380,718
2018-10-26T09:00:00+09:00,J1,870,722,1592
2018-10-26T09:00:00+09:00,J2,791,481,1272
2018-10-26T09:00:00+09:00,J3,604,625,1229
2018-10-26T09:00:00+09:00,J4,785,879,1664
2018-10-26T09:00:00+09:00,J5,340,400,740
2018-10-26T09:15:00+09:00,J1,870,617,1487
2018-10-26T09:15:00+09:00,J2,758,453,1211
2018-10-26T09:15:00+09:00,J3,654,639,1293
2018-10-26T09:15:00+09:00,J4,719,784,1503
2018-10-26T09:15:00+09:00,J5,272,355,627
2018-10-26T09:30:00+09:00,J1,777,584,1361
2018-10-26T09:30:00+09:00,J2,730,487,1217
2018-10-26T09:30:00+09:00,J3,572,620,1192
2018-10-26T09:30:00+09:00,J4,670,766,1436
2018-10-26T09:30:00+09:00,J5,382,442,824
2018-10-26T09:45:00+09:00,J1,724,583,1307
2018-10-26T09:45:00+09:00,J2,681,499,1180
2018-10-26T09:45:00+09:00,J3,601,580,1181
2018-10-26T09:45:00+09:00,J4,557,590,1147
2018-10-26T09:45:00+09:00,J5,381,445,826
2018-10-26T10:00:00+09:00,J1,629,630,1259
2018-10-26T10:00:00+09:00,J2,630,547,1177
2018-10-26T10:00:00+09:00,J3,572,586,1158
2018-10-26T10:00:00+09:00,J4,568,618,1186
2018-10-26T10:00:00+09:00,J5,359,425,784
2018-10-26T10:15:00+09:00,J1,701,577,1278
2018-10-26T10:15:00+09:00,J2,721,648,1369
2018-10-26T10:15:00+09:00,J3,673,634,1307
2018-10-26T10:15:00+09:00,J4,561,714,1275
2018-10-26T10:15:00+09:00,J5,379,450,829
2018-10-26T10:30:00+09:00,J1,736,725,1461
2018-10-26T10:30:00+09:00,J2,877,714,1591
2018-10-26T10:30:00+09:00,J3,802,741,1543
2018-10-26T10:30:00+09:00,J4,590,658,1248
2018-10-26T10:30:00+09:00,J5,400,507,907
2018-10-26T10:45:00+09:00,J1,705,733,1438
2018-10-26T10:45:00+09:00,J2,886,706,1592
2018-10-26T10:45:00+09:00,J3,885,782,1667
2018-10-26T10:45:00+09:00,J4,606,597,1203
2018-10-26T10:45:00+09:00,J5,377,488,865
2018-10-26T11:00:00+09:00,J1,678,612,1290
2018-10-26T11:00:00+09:00,J2,804,665,1469
2018-10-26T11:00:00+09:00,J3,783,772,1555
2018-10-26T11:00:00+09:00,J4,705,630,1335
2018-10-26T11:00:00+09:00,J5,408,501,909
2018-10-26T11:15:00+09:00,J1,725,702,1427
2018-10-26T11:15:00+09:00,J2,736,618,1354
2018-10-26T11:15:00+09:00,J3,763,763,1526
2018-10-26T11:15:00+09:00,J4,693,731,1424
2018-10-26T11:15:00+09:00,J5,428,525,953
2018-10-26T11:30:00+09:00,J1,677,754,1431
2018-10-26T11:30:00+09:00,J2,723,625,1348
2018-10-26T11:30:00+09:00,J3,792,816,1608
2018-10-26T11:30:00+09:00,J4,823,818,1641
2018-10-26T11:30:00+09:00,J5,445,498,943
2018-10-26T11:45:00+09:00,J1,767,732,1499
2018-10-26T11:45:00+09:00,J2,679,572,1251
2018-10-26T11:45:00+09:00,J3,768,820,1588
2018-10-26T11:45:00+09:00,J4,802,842,1644
2018-10-26T11:45:00+09:00,J5,391,518,909
2018-10-26T12:00:00+09:00,J1,758,736,1494
2018-10-26T12:00:00+09:00,J2,702,609,1311
2018-10-26T12:00:00+09:00,J3,869,774,1643
2018-10-26T12:00:00+09:00,J4,917,910,1827
2018-10-26T12:00:00+09:00,J5,378,555,933
2018-10-26T12:15:00+09:00,J1,785,695,1480
2018-10-26T12:15:00+09:00,J2,670,576,1246
2018-10-26T12:15:00+09:00,J3,724,721,1445
2018-10-26T12:15:00+09:00,J4,873,901,1774
2018-10-26T12:15:00+09:00,J5,420,510,930
2018-10-26T12:30:00+09:00,J1,670,730,1400
2018-10-26T12:30:00+09:00,J2,729,674,1403
2018-10-26T12:30:00+09:00,J3,692,712,1404
2018-10-26T12:30:00+09:00,J4,806,780,1586
2018-10-26T12:30:00+09:00,J5,444,550,994
2018-10-26T12:45:00+09:00,J1,600,686,1286
2018-10-26T12:45:00+09:00,J2,642,612,1254
2018-10-26T12:45:00+09:00,J3,668,711,1379
2018-10-26T12:45:00+09:00,J4,738,820,1558
2018-10-26T12:45:00+09:00,J5,467,566,1033
2018-10-26T13:00:00+09:00,J1,570,711,1281
2018-10-26T13:00:00+09:00,J2,586,579,1165
2018-10-26T13:00:00+09:00,J3,713,675,1388
2018-10-26T13:00:00+09:00,J4,746,737,1483
2018-10-26T13:00:00+09:00,J5,400,507,907
2018-10-26T13:15:00+09:00,J1,546,710,1256
2018-10-26T13:15:00+09:00,J2,615,558,1173
2018-10-26T13:15:00+09:00,J3,688,637,1325
2018-10-26T13:15:00+09:00,J4,791,720,1511
2018-10-26T13:15:00+09:00,J5,408,496,904
2018-10-26T13:30:00+09:00,J1,566,671,1237
2018-10-26T13:30:00+09:00,J2,602,524,1126
2018-10-26T13:30:00+09:00,J3,681,618,1299
2018-10-26T13:30:00+09:00,J4,700,747,1447
2018-10-26T13:30:00+09:00,J5,439,542,981
2018-10-26T13:45:00+09:00,J1,580,664,1244
2018-10-26T13:45:00+09:00,J2,554,510,1064
2018-10-26T13:45:00+09:00,J3,669,637,1306
2018-10-26T13:45:00+09:00,J4,689,709,1398
2018-10-26T13:45:00+09:00,J5,410,485,895
2018-10-26T14:00:00+09:00,J1,463,666,1129
2018-10-26T14:00:00+09:00,J2,524,530,1054
2018-10-26T14:00:00+09:00,J3,677,581,1258
2018-10-26T14:00:00+09:00,J4,637,721,1358
2018-10-26T14:00:00+09:00,J5,389,470,859
2018-10-26T14:15:00+09:00,J1,538,676,1214
2018-10-26T14:15:00+09:00,J2,548,526,1074
2018-10-26T14:15:00+09:00,J3,617,549,1166
2018-10-26T14:15:00+09:00,J4,733,754,1487
2018-10-26T14:15:00+09:00,J5,429,457,886
2018-10-26T14:30:00+09:00,J1,512,675,1187
2018-10-26T14:30:00+09:00,J2,509,511,1020
2018-10-26T14:30:00+09:00,J3,599,554,1153
2018-10-26T14:30:00+09:00,J4,728,745,1473
2018-10-26T14:30:00+09:00,J5,479,489,968
2018-10-26T14:45:00+09:00,J1,536,674,1210
2018-10-26T14:45:00+09:00,J2,492,444,936
2018-10-26T14:45:00+09:00,J3,570,539,1109
2018-10-26T14:45:00+09:00,J4,775,738,1513
2018-10-26T14:45:00+09:00,J5,416,454,870
2018-10-26T15:00:00+09:00,J1,512,725,1237
2018-10-26T15:00:00+09:00,J2,537,472,1009
2018-10-26T15:00:00+09:00,J3,546,475,1021
2018-10-26T15:00:00+09:00,J4,773,797,1570
2018-10-26T15:00:00+09:00,J5,482,514,996
2018-10-26T15:15:00+09:00,J1,560,757,1317
2018-10-26T15:15:00+09:00,J2,515,533,1048
2018-10-26T15:15:00+09:00,J3,523,489,1012
2018-10-26T15:15:00+09:00,J4,772,757,1529
2018-10-26T15:15:00+09:00,J5,404,566,970
2018-10-26T15:30:00+09:00,J1,546,699,1245
2018-10-26T15:30:00+09:00,J2,542,529,1071
2018-10-26T15:30:00+09:00,J3,633,588,1221
2018-10-26T15:30:00+09:00,J4,728,826,1554
2018-10-26T15:30:00+09:00,J5,448,486,934
2018-10-26T15:45:00+09:00,J1,483,705,1188
2018-10-26T15:45:00+09:00,J2,495,512,1007
2018-10-26T15:45:00+09:00,J3,619,522,1141
2018-10-26T15:45:00+09:00,J4,824,867,1691
2018-10-26T15:45:00+09:00,J5,438,518,956
2018-10-26T16:00:00+09:00,J1,571,739,1310
2018-10-26T16:00:00+09:00,J2,544,492,1036
2018-10-26T16:00:00+09:00,J3,531,506,1037
2018-10-26T16:00:00+09:00,J4,805,781,1586
2018-10-26T16:00:00+09:00,J5,432,500,932
2018-10-26T16:15:00+09:00,J1,598,776,1374
2018-10-26T16:15:00+09:00,J2,593,548,1141
2018-10-26T16:15:00+09:00,J3,615,535,1150
2018-10-26T16:15:00+09:00,J4,784,768,1552
2018-10-26T16:15:00+09:00,J5,484,440,924
2018-10-26T16:30:00+09:00,J1,609,765,1374
2018-10-26T16:30:00+09:00,J2,527,547,1074
2018-10-26T16:30:00+09:00,J3,630,541,1171
2018-10-26T16:30:00+09:00,J4,777,780,1557
2018-10-26T16:30:00+09:00,J5,435,498,933
2018-10-26T16:45:00+09:00,J1,628,720,1348
2018-10-26T16:45:00+09:00,J2,561,553,1114
2018-10-26T16:45:00+09:00,J3,557,555,1112
2018-10-26T16:45:00+09:00,J4,690,785,1475
2018-10-26T16:45:00+09:00,J5,417,490,907
2018-10-26T17:00:00+09:00,J1,631,792,1423
2018-10-26T17:00:00+09:00,J2,579,608,1187
2018-10-26T17:00:00+09:00,J3,652,552,1204
2018-10-26T17:00:00+09:00,J4,744,779,1523
2018-10-26T17:00:00+09:00,J5,414,552,966
2018-10-26T17:15:00+09:00,J1,733,849,1582
2018-10-26T17:15:00+09:00,J2,645,696,1341
2018-10-26T17:15:00+09:00,J3,709,589,1298
2018-10-26T17:15:00+09:00,J4,873,837,1710
2018-10-26T17:15:00+09:00,J5,434,465,899
2018-10-26T17:30:00+09:00,J1,752,1023,1775
2018-10-26T17:30:00+09:00,J2,729,813,1542
2018-10-26T17:30:00+09:00,J3,821,672,1493
2018-10-26T17:30:00+09:00,J4,839,826,1665
2018-10-26T17:30:00+09:00,J5,393,497,890
2018-10-26T17:45:00+09:00,J1,877,983,1860
2018-10-26T17:45:00+09:00,J2,687,784,1471
2018-10-26T17:45:00+09:00,J3,836,682,1518
2018-10-26T17:45:00+09:00,J4,909,823,1732
2018-10-26T17:45:00+09:00,J5,344,442,786
2018-10-26T18:00:00+09:00,J1,864,977,1841
2018-10-26T18:00:00+09:00,J2,747,814,1561
2018-10-26T18:00:00+09:00,J3,839,682,1521
2018-10-26T18:00:00+09:00,J4,949,793,1742
2018-10-26T18:00:00+09:00,J5,353,492,845
2018-10-26T18:15:00+09:00,J1,897,960,1857
2018-10-26T18:15:00+09:00,J2,722,813,1535
2018-10-26T18:15:00+09:00,J3,900,602,1502
2018-10-26T18:15:00+09:00,J4,1017,801,1818
2018-10-26T18:15:00+09:00,J5,234,393,627
2018-10-26T18:30:00+09:00,J1,843,933,1776
2018-10-26T18:30:00+09:00,J2,687,742,1429
2018-10-26T18:30:00+09:00,J3,819,555,1374
2018-10-26T18:30:00+09:00,J4,1047,848,1895
2018-10-26T18:30:00+09:00,J5,247,322,569
2018-10-26T18:45:00+09:00,J1,725,851,1576
2018-10-26T18:45:00+09:00,J2,680,646,1326
2018-10-26T18:45:00+09:00,J3,693,501,1194
2018-10-26T18:45:00+09:00,J4,1036,783,1819
2018-10-26T18:45:00+09:00,J5,239,281,520
2018-10-26T19:00:00+09:00,J1,674,772,1446
2018-10-26T19:00:00+09:00,J2,643,540,1183
2018-10-26T19:00:00+09:00,J3,696,600,1296
2018-10-26T19:00:00+09:00,J4,935,809,1744
2018-10-26T19:00:00+09:00,J5,199,301,500
2018-10-26T19:15:00+09:00,J1,616,763,1379
2018-10-26T19:15:00+09:00,J2,603,569,1172
2018-10-26T19:15:00+09:00,J3,647,603,1250
2018-10-26T19:15:00+09:00,J4,975,776,1751
2018-10-26T19:15:00+09:00,J5,204,319,523
2018-10-26T19:30:00+09:00,J1,631,685,1316
2018-10-26T19:30:00+09:00,J2,489,494,983
2018-10-26T19:30:00+09:00,J3,695,593,1288
2018-10-26T19:30:00+09:00,J4,950,708,1658
2018-10-26T19:30:00+09:00,J5,194,292,486
2018-10-26T19:45:00+09:00,J1,650,724,1374
2018-10-26T19:45:00+09:00,J2,584,520,1104
2018-10-26T19:45:00+09:00,J3,690,714,1404
2018-10-26T19:45:00+09:00,J4,830,750,1580
2018-10-26T19:45:00+09:00,J5,206,261,467
2018-10-26T20:00:00+09:00,J1,612,721,1333
2018-10-26T20:00:00+09:00,J2,631,516,1147
2018-10-26T20:00:00+09:00,J3,767,668,1435
2018-10-26T20:00:00+09:00,J4,736,665,1401
2018-10-26T20:00:00+09:00,J5,188,266,454
2018-10-26T20:15:00+09:00,J1,648,711,1359
2018-10-26T20:15:00+09:00,J2,645,530,1175
2018-10-26T20:15:00+09:00,J3,649,566,1215
2018-10-26T20:15:00+09:00,J4,848,739,1587
2018-10-26T20:15:00+09:00,J5,197,305,502
2018-10-26T20:30:00+09:00,J1,623,685,1308
2018-10-26T20:30:00+09:00,J2,678,538,1216
2018-10-26T20:30:00+09:00,J3,610,497,1107
2018-10-26T20:30:00+09:00,J4,736,691,1427
2018-10-26T20:30:00+09:00,J5,194,291,485
2018-10-26T20:45:00+09:00,J1,641,660,1301
2018-10-26T20:45:00+09:00,J2,698,514,1212
2018-10-26T20:45:00+09:00,J3,586,516,1102
2018-10-26T20:45:00+09:00,J4,713,643,1356
2018-10-26T20:45:00+09:00,J5,249,287,536
2018-10-26T21:00:00+09:00,J1,595,723,1318
2018-10-26T21:00:00+09:00,J2,527,486,1013
2018-10-26T21:00:00+09:00,J3,543,430,973
2018-10-26T21:00:00+09:00,J4,894,773,1667
2018-10-26T21:00:00+09:00,J5,229,308,537
2018-10-26T21:15:00+09:00,J1,662,708,1370
2018-10-26T21:15:00+09:00,J2,501,462,963
2018-10-26T21:15:00+09:00,J3,480,373,853
2018-10-26T21:15:00+09:00,J4,917,745,1662
2018-10-26T21:15:00+09:00,J5,211,289,500
2018-10-26T21:30:00+09:00,J1,645,704,1349
2018-10-26T21:30:00+09:00,J2,431,471,902
2018-10-26T21:30:00+09:00,J3,530,472,1002
2018-10-26T21:30:00+09:00,J4,857,730,1587
2018-10-26T21:30:00+09:00,J5,284,280,564
2018-10-26T21:45:00+09:00,J1,606,687,1293
2018-10-26T21:45:00+09:00,J2,488,502,990
2018-10-26T21:45:00+09:00,J3,546,501,1047
2018-10-26T21:45:00+09:00,J4,849,794,1643
2018-10-26T21:45:00+09:00,J5,369,403,772
2018-10-26T22:00:00+09:00,J1,591,633,1224
2018-10-26T22:00:00+09:00,J2,470,484,954
2018-10-26T22:00:00+09:00,J3,584,506,1090
2018-10-26T22:00:00+09:00,J4,861,808,1669
2018-10-26T22:00:00+09:00,J5,363,433,796
2018-10-26T22:15:00+09:00,J1,576,669,1245
2018-10-26T22:15:00+09:00,J2,568,517,1085
2018-10-26T22:15:00+09:00,J3,618,591,1209
2018-10-26T22:15:00+09:00,J4,827,813,1640
2018-10-26T22:15:00+09:00,J5,307,327,634
2018-10-26T22:30:00+09:00,J1,554,615,1169
2018-10-26T22:30:00+09:00,J2,676,540,1216
2018-10-26T22:30:00+09:00,J3,618,556,1174
2018-10-26T22:30:00+09:00,J4,838,778,1616
2018-10-26T22:30:00+09:00,J5,389,405,794
2018-10-26T22:45:00+09:00,J1,522,664,1186
2018-10-26T22:45:00+09:00,J2,606,550,1156
2018-10-26T22:45:00+09:00,J3,638,611,1249
2018-10-26T22:45:00+09:00,J4,846,862,1708
2018-10-26T22:45:00+09:00,J5,307,325,632
2018-10-26T23:00:00+09:00,J1,620,624,1244
2018-10-26T23:00:00+09:00,J2,609,585,1194
2018-10-26T23:00:00+09:00,J3,540,572,1112
2018-10-26T23:00:00+09:00,J4,754,750,1504
2018-10-26T23:00:00+09:00,J5,330,396,726
2018-10-26T23:15:00+09:00,J1,469,513,982
2018-10-26T23:15:00+09:00,J2,645,563,1208
2018-10-26T23:15:00+09:00,J3,643,622,1265
2018-10-26T23:15:00+09:00,J4,824,751,1575
2018-10-26T23:15:00+09:00,J5,345,451,796
2018-10-26T23:30:00+09:00,J1,297,421,718
2018-10-26T23:30:00+09:00,J2,663,607,1270
2018-10-26T23:30:00+09:00,J3,562,603,1165
2018-10-26T23:30:00+09:00,J4,770,754,1524
2018-10-26T23:30:00+09:00,J5,372,435,807
2018-10-26T23:45:00+09:00,J1,272,368,640
2018-10-26T23:45:00+09:00,J2,683,632,1315
2018-10-26T23:45:00+09:00,J3,602,577,1179
2018-10-26T23:45:00+09:00,J4,738,731,1469
2018-10-26T23:45:00+09:00,J5,367,404,771
2018-10-27T00:00:00+09:00,J1,286,325,611
2018-10-27T00:00:00+09:00,J2,574,560,1134
2018-10-27T00:00:00+09:00,J3,658,632,1290
2018-10-27T00:00:00+09:00,J4,522,480,1002
2018-10-27T00:00:00+09:00,J5,340,422,762
2018-10-27T00:15:00+09:00,J1,285,244,529
2018-10-27T00:15:00+09:00,J2,435,319,754
2018-10-27T00:15:00+09:00,J3,384,339,723
2018-10-27T00:15:00+09:00,J4,408,405,813
2018-10-27T00:15:00+09:00,J5,232,278,510
2018-10-27T00:30:00+09:00,J1,278,174,452
2018-10-27T00:30:00+09:00,J2,372,257,629
2018-10-27T00:30:00+09:00,J3,210,221,431
2018-10-27T00:30:00+09:00,J4,302,356,658
2018-10-27T00:30:00+09:00,J5,283,264,547
2018-10-27T00:45:00+09:00,J1,262,198,460
2018-10-27T00:45:00+09:00,J2,403,271,674
2018-10-27T00:45:00+09:00,J3,259,206,465
2018-10-27T00:45:00+09:00,J4,361,437,798
2018-10-27T00:45:00+09:00,J5,257,291,548
2018-10-27T05:45:00+09:00,J1,270,313,583
2018-10-27T05:45:00+09:00,J2,440,420,860
2018-10-27T05:45:00+09:00,J3,179,167,346
2018-10-27T05:45:00+09:00,J4,581,518,1099
2018-10-27T05:45:00+09:00,J5,164,144,308
2018-10-27T06:00:00+09:00,J1,267,312,579
2018-10-27T06:00:00+09:00,J2,452,436,888
2018-10-27T06:00:00+09:00,J3,226,223,449
2018-10-27T06:00:00+09:00,J4,681,734,1415
2018-10-27T06:00:00+09:00,J5,171,148,319
2018-10-27T06:15:00+09:00,J1,316,359,675
2018-10-27T06:15:00+09:00,J2,517,441,958
2018-10-27T06:15:00+09:00,J3,349,289,638
2018-10-27T06:15:00+09:00,J4,733,673,1406
2018-10-27T06:15:00+09:00,J5,200,200,400
2018-10-27T06:30:00+09:00,J1,306,355,661
2018-10-27T06:30:00+09:00,J2,441,347,788
2018-10-27T06:30:00+09:00,J3,186,189,375
2018-10-27T06:30:00+09:00,J4,560,522,1082
2018-10-27T06:30:00+09:00,J5,176,167,343
2018-10-27T06:45:00+09:00,J1,290,310,600
2018-10-27T06:45:00+09:00,J2,427,314,741
2018-10-27T06:45:00+09:00,J3,177,169,346
2018-10-27T06:45:00+09:00,J4,633,714,1347
2018-10-27T06:45:00+09:00,J5,193,187,380
2018-10-27T07:00:00+09:00,J1,383,431,814
2018-10-27T07:00:00+09:00,J2,297,274,571
2018-10-27T07:00:00+09:00,J3,220,209,429
2018-10-27T07:00:00+09:00,J4,723,670,1393
2018-10-27T07:00:00+09:00,J5,216,204,420
2018-10-27T07:15:00+09:00,J1,436,469,905
2018-10-27T07:15:00+09:00,J2,406,366,772
2018-10-27T07:15:00+09:00,J3,308,298,606
2018-10-27T07:15:00+09:00,J4,696,692,1388
2018-10-27T07:15:00+09:00,J5,249,273,522
2018-10-27T07:30:00+09:00,J1,484,535,1019
2018-10-27T07:30:00+09:00,J2,538,543,1081
2018-10-27T07:30:00+09:00,J3,312,379,691
2018-10-27T07:30:00+09:00,J4,654,707,1361
2018-10-27T07:30:00+09:00,J5,327,356,683
2018-10-27T07:45:00+09:00,J1,529,553,1082
2018-10-27T07:45:00+09:00,J2,619,543,1162
2018-10-27T07:45:00+09:00,J3,293,324,617
2018-10-27T07:45:00+09:00,J4,605,660,1265
2018-10-27T07:45:00+09:00,J5,310,274,584
2018-10-27T08:00:00+09:00,J1,685,712,1397
2018-10-27T08:00:00+09:00,J2,504,474,978
2018-10-27T08:00:00+09:00,J3,342,348,690
2018-10-27T08:00:00+09:00,J4,783,820,1603
2018-10-27T08:00:00+09:00,J5,456,415,871
2018-10-27T08:15:00+09:00,J1,727,650,1377
2018-10-27T08:15:00+09:00,J2,608,442,1050
2018-10-27T08:15:00+09:00,J3,319,311,630
2018-10-27T08:15:00+09:00,J4,701,855,1556
2018-10-27T08:15:00+09:00,J5,493,549,1042
2018-10-27T08:30:00+09:00,J1,688,577,1265
2018-10-27T08:30:00+09:00,J2,609,475,1084
2018-10-27T08:30:00+09:00,J3,295,304,599
2018-10-27T08:30:00+09:00,J4,745,801,1546
2018-10-27T08:30:00+09:00,J5,513,557,1070
2018-10-27T08:45:00+09:00,J1,576,631,1207
2018-10-27T08:45:00+09:00,J2,729,627,1356
2018-10-27T08:45:00+09:00,J3,377,373,750
2018-10-27T08:45:00+09:00,J4,674,663,1337
2018-10-27T08:45:00+09:00,J5,432,486,918
2018-10-27T09:00:00+09:00,J1,584,551,1135
2018-10-27T09:00:00+09:00,J2,680,539,1219
2018-10-27T09:00:00+09:00,J3,369,281,650
2018-10-27T09:00:00+09:00,J4,759,807,1566
2018-10-27T09:00:00+09:00,J5,367,498,865
2018-10-27T09:15:00+09:00,J1,599,624,1223
2018-10-27T09:15:00+09:00,J2,706,602,1308
2018-10-27T09:15:00+09:00,J3,318,264,582
2018-10-27T09:15:00+09:00,J4,731,832,1563
2018-10-27T09:15:00+09:00,J5,387,433,820
2018-10-27T09:30:00+09:00,J1,639,605,1244
2018-10-27T09:30:00+09:00,J2,551,442,993
2018-10-27T09:30:00+09:00,J3,311,250,561
2018-10-27T09:30:00+09:00,J4,822,790,1612
2018-10-27T09:30:00+09:00,J5,268,260,528
2018-10-27T09:45:00+09:00,J1,651,598,1249
2018-10-27T09:45:00+09:00,J2,582,441,1023
2018-10-27T09:45:00+09:00,J3,330,270,600
2018-10-27T09:45:00+09:00,J4,709,683,1392
2018-10-27T09:45:00+09:00,J5,211,275,486
2018-10-27T10:00:00+09:00,J1,565,548,1113
2018-10-27T10:00:00+09:00,J2,522,462,984
2018-10-27T10:00:00+09:00,J3,332,278,610
2018-10-27T10:00:00+09:00,J4,779,805,1584
2018-10-27T10:00:00+09:00,J5,188,249,437
2018-10-27T10:15:00+09:00,J1,624,639,1263
2018-10-27T10:15:00+09:00,J2,518,550,1068
2018-10-27T10:15:00+09:00,J3,352,298,650
2018-10-27T10:15:00+09:00,J4,807,814,1621
2018-10-27T10:15:00+09:00,J5,219,241,460
2018-10-27T10:30:00+09:00,J1,659,698,1357
2018-10-27T10:30:00+09:00,J2,601,522,1123
2018-10-27T10:30:00+09:00,J3,354,278,632
2018-10-27T10:30:00+09:00,J4,856,928,1784
2018-10-27T10:30:00+09:00,J5,269,234,503
2018-10-27T10:45:00+09:00,J1,555,734,1289
2018-10-27T10:45:00+09:00,J2,578,518,1096
2018-10-27T10:45:00+09:00,J3,480,357,837
2018-10-27T10:45:00+09:00,J4,879,945,1824
2018-10-27T10:45:00+09:00,J5,286,217,503
2018-10-27T11:00:00+09:00,J1,841,846,1687
2018-10-27T11:00:00+09:00,J2,657,561,1218
2018-10-27T11:00:00+09:00,J3,528,368,896
2018-10-27T11:00:00+09:00,J4,734,778,1512
2018-10-27T11:00:00+09:00,J5,293,222,515
2018-10-27T11:15:00+09:00,J1,725,864,1589
2018-10-27T11:15:00+09:00,J2,576,596,1172
2018-10-27T11:15:00+09:00,J3,417,327,744
2018-10-27T11:15:00+09:00,J4,782,866,1648
2018-10-27T11:15:00+09:00,J5,291,283,574
2018-10-27T11:30:00+09:00,J1,882,860,1742
2018-10-27T11:30:00+09:00,J2,720,580,1300
2018-10-27T11:30:00+09:00,J3,504,407,911
2018-10-27T11:30:00+09:00,J4,709,849,1558
2018-10-27T11:30:00+09:00,J5,263,281,544
2018-10-27T11:45:00+09:00,J1,836,841,1677
2018-10-27T11:45:00+09:00,J2,618,519,1137
2018-10-27T11:45:00+09:00,J3,445,304,749
2018-10-27T11:45:00+09:00,J4,716,814,1530
2018-10-27T11:45:00+09:00,J5,360,369,729
2018-10-27T12:00:00+09:00,J1,683,716,1399
2018-10-27T12:00:00+09:00,J2,638,553,1191
2018-10-27T12:00:00+09:00,J3,446,312,758
2018-10-27T12:00:00+09:00,J4,822,851,1673
2018-10-27T12:00:00+09:00,J5,318,355,673
2018-10-27T12:15:00+09:00,J1,703,785,1488
2018-10-27T12:15:00+09:00,J2,588,543,1131
2018-10-27T12:15:00+09:00,J3,388,317,705
2018-10-27T12:15:00+09:00,J4,804,821,1625
2018-10-27T12:15:00+09:00,J5,334,347,681
2018-10-27T12:30:00+09:00,J1,744,811,1555
2018-10-27T12:30:00+09:00,J2,562,563,1125
2018-10-27T12:30:00+09:00,J3,456,296,752
2018-10-27T12:30:00+09:00,J4,845,899,1744
2018-10-27T12:30:00+09:00,J5,240,276,516
2018-10-27T12:45:00+09:00,J1,736,770,1506
2018-10-27T12:45:00+09:00,J2,544,546,1090
2018-10-27T12:45:00+09:00,J3,424,289,713
2018-10-27T12:45:00+09:00,J4,745,792,1537
2018-10-27T12:45:00+09:00,J5,212,185,397
2018-10-27T13:00:00+09:00,J1,739,754,1493
2018-10-27T13:00:00+09:00,J2,546,476,1022
2018-10-27T13:00:00+09:00,J3,443,340,783
2018-10-27T13:00:00+09:00,J4,634,686,1320
2018-10-27T13:00:00+09:00,J5,256,184,440
2018-10-27T13:15:00+09:00,J1,705,764,1469
2018-10-27T13:15:00+09:00,J2,524,430,954
2018-10-27T13:15:00+09:00,J3,441,368,809
2018-10-27T13:15:00+09:00,J4,652,658,1310
2018-10-27T13:15:00+09:00,J5,247,197,444
2018-10-27T13:30:00+09:00,J1,697,760,1457
2018-10-27T13:30:00+09:00,J2,517,433,950
2018-10-27T13:30:00+09:00,J3,439,323,762
2018-10-27T13:30:00+09:00,J4,641,672,1313
2018-10-27T13:30:00+09:00,J5,219,169,388
2018-10-27T13:45:00+09:00,J1,640,772,1412
2018-10-27T13:45:00+09:00,J2,496,428,924
2018-10-27T13:45:00+09:00,J3,452,331,783
2018-10-27T13:45:00+09:00,J4,581,520,1101
2018-10-27T13:45:00+09:00,J5,178,175,353
2018-10-27T14:00:00+09:00,J1,740,717,1457
2018-10-27T14:00:00+09:00,J2,546,458,1004
2018-10-27T14:00:00+09:00,J3,409,362,771
2018-10-27T14:00:00+09:00,J4,551,537,1088
2018-10-27T14:00:00+09:00,J5,209,156,365
2018-10-27T14:15:00+09:00,J1,670,737,1407
2018-10-27T14:15:00+09:00,J2,476,436,912
2018-10-27T14:15:00+09:00,J3,430,316,746
2018-10-27T14:15:00+09:00,J4,624,723,1347
2018-10-27T14:15:00+09:00,J5,215,174,389
2018-10-27T14:30:00+09:00,J1,728,683,1411
2018-10-27T14:30:00+09:00,J2,541,523,1064
2018-10-27T14:30:00+09:00,J3,401,345,746
2018-10-27T14:30:00+09:00,J4,634,743,1377
2018-10-27T14:30:00+09:00,J5,257,215,472
2018-10-27T14:45:00+09:00,J1,739,776,1515
2018-10-27T14:45:00+09:00,J2,585,513,1098
2018-10-27T14:45:00+09:00,J3,441,350,791
2018-10-27T14:45:00+09:00,J4,756,815,1571
2018-10-27T14:45:00+09:00,J5,215,182,397
2018-10-27T15:00:00+09:00,J1,733,748,1481
2018-10-27T15:00:00+09:00,J2,529,578,1107
2018-10-27T15:00:00+09:00,J3,447,331,778
2018-10-27T15:00:00+09:00,J4,868,925,1793
2018-10-27T15:00:00+09:00,J5,198,236,434
2018-10-27T15:15:00+09:00,J1,714,760,1474
2018-10-27T15:15:00+09:00,J2,516,541,1057
2018-10-27T15:15:00+09:00,J3,420,359,779
2018-10-27T15:15:00+09:00,J4,891,908,1799
2018-10-27T15:15:00+09:00,J5,238,257,495
2018-10-27T15:30:00+09:00,J1,691,743,1434
2018-10-27T15:30:00+09:00,J2,556,602,1158
2018-10-27T15:30:00+09:00,J3,501,365,866
2018-10-27T15:30:00+09:00,J4,863,956,1819
2018-10-27T15:30:00+09:00,J5,250,257,507
2018-10-27T15:45:00+09:00,J1,766,792,1558
2018-10-27T15:45:00+09:00,J2,518,563,1081
2018-10-27T15:45:00+09:00,J3,488,387,875
2018-10-27T15:45:00+09:00,J4,945,1024,1969
2018-10-27T15:45:00+09:00,J5,241,218,459
2018-10-27T16:00:00+09:00,J1,737,872,1609
2018-10-27T16:00:00+09:00,J2,584,602,1186
2018-10-27T16:00:00+09:00,J3,444,344,788
2018-10-27T16:00:00+09:00,J4,830,835,1665
2018-10-27T16:00:00+09:00,J5,236,229,465
2018-10-27T16:15:00+09:00,J1,740,835,1575
2018-10-27T16:15:00+09:00,J2,603,641,1244
2018-10-27T16:15:00+09:00,J3,464,342,806
2018-10-27T16:15:00+09:00,J4,876,897,1773
2018-10-27T16:15:00+09:00,J5,219,245,464
2018-10-27T16:30:00+09:00,J1,794,842,1636
2018-10-27T16:30:00+09:00,J2,578,630,1208
2018-10-27T16:30:00+09:00,J3,482,351,833
2018-10-27T16:30:00+09:00,J4,906,856,1762
2018-10-27T16:30:00+09:00,J5,223,226,449
2018-10-27T16:45:00+09:00,J1,788,871,1659
2018-10-27T16:45:00+09:00,J2,583,608,1191
2018-10-27T16:45:00+09:00,J3,498,353,851
2018-10-27T16:45:00+09:00,J4,774,832,1606
2018-10-27T16:45:00+09:00,J5,182,228,410
2018-10-27T17:00:00+09:00,J1,842,868,1710
2018-10-27T17:00:00+09:00,J2,668,578,1246
2018-10-27T17:00:00+09:00,J3,535,324,859
2018-10-27T17:00:00+09:00,J4,839,767,1606
2018-10-27T17:00:00+09:00,J5,215,256,471
2018-10-27T17:15:00+09:00,J1,746,921,1667
2018-10-27T17:15:00+09:00,J2,630,639,1269
2018-10-27T17:15:00+09:00,J3,518,348,866
2018-10-27T17:15:00+09:00,J4,770,735,1505
2018-10-27T17:15:00+09:00,J5,204,275,479
2018-10-27T17:30:00+09:00,J1,745,818,1563
2018-10-27T17:30:00+09:00,J2,736,651,1387
2018-10-27T17:30:00+09:00,J3,509,348,857
2018-10-27T17:30:00+09:00,J4,733,734,1467
2018-10-27T17:30:00+09:00,J5,199,268,467
2018-10-27T17:45:00+09:00,J1,716,796,1512
2018-10-27T17:45:00+09:00,J2,642,610,1252
2018-10-27T17:45:00+09:00,J3,477,364,841
2018-10-27T17:45:00+09:00,J4,810,790,1600
2018-10-27T17:45:00+09:00,J5,202,263,465
2018-10-27T18:00:00+09:00,J1,726,802,1528
2018-10-27T18:00:00+09:00,J2,662,616,1278
2018-10-27T18:00:00+09:00,J3,550,290,840
2018-10-27T18:00:00+09:00,J4,933,826,1759
2018-10-27T18:00:00+09:00,J5,343,411,754
2018-10-27T18:15:00+09:00,J1,797,844,1641
2018-10-27T18:15:00+09:00,J2,685,637,1322
2018-10-27T18:15:00+09:00,J3,545,316,861
2018-10-27T18:15:00+09:00,J4,999,848,1847
2018-10-27T18:15:00+09:00,J5,344,412,756
2018-10-27T18:30:00+09:00,J1,653,777,1430
2018-10-27T18:30:00+09:00,J2,636,574,1210
2018-10-27T18:30:00+09:00,J3,468,241,709
2018-10-27T18:30:00+09:00,J4,925,750,1675
2018-10-27T18:30:00+09:00,J5,278,316,594
2018-10-27T18:45:00+09:00,J1,591,697,1288
2018-10-27T18:45:00+09:00,J2,603,496,1099
2018-10-27T18:45:00+09:00,J3,393,239,632
2018-10-27T18:45:00+09:00,J4,800,762,1562
2018-10-27T18:45:00+09:00,J5,193,236,429
2018-10-27T19:00:00+09:00,J1,559,687,1246
2018-10-27T19:00:00+09:00,J2,550,456,1006
2018-10-27T19:00:00+09:00,J3,438,284,722
2018-10-27T19:00:00+09:00,J4,732,685,1417
2018-10-27T19:00:00+09:00,J5,217,249,466
2018-10-27T19:15:00+09:00,J1,652,747,1399
2018-10-27T19:15:00+09:00,J2,530,440,970
2018-10-27T19:15:00+09:00,J3,436,340,776
2018-10-27T19:15:00+09:00,J4,679,545,1224
2018-10-27T19:15:00+09:00,J5,225,235,460
2018-10-27T19:30:00+09:00,J1,593,620,1213
2018-10-27T19:30:00+09:00,J2,479,401,880
2018-10-27T19:30:00+09:00,J3,464,406,870
2018-10-27T19:30:00+09:00,J4,542,610,1152
2018-10-27T19:30:00+09:00,J5,270,285,555
2018-10-27T19:45:00+09:00,J1,619,620,1239
2018-10-27T19:45:00+09:00,J2,457,411,868
2018-10-27T19:45:00+09:00,J3,464,293,757
2018-10-27T19:45:00+09:00,J4,695,775,1470
2018-10-27T19:45:00+09:00,J5,241,278,519
2018-10-27T20:00:00+09:00,J1,623,682,1305
2018-10-27T20:00:00+09:00,J2,462,435,897
2018-10-27T20:00:00+09:00,J3,419,335,754
2018-10-27T20:00:00+09:00,J4,790,812,1602
2018-10-27T20:00:00+09:00,J5,292,276,568
2018-10-27T20:15:00+09:00,J1,519,689,1208
2018-10-27T20:15:00+09:00,J2,482,503,985
2018-10-27T20:15:00+09:00,J3,368,293,661
2018-10-27T20:15:00+09:00,J4,801,829,1630
2018-10-27T20:15:00+09:00,J5,336,374,710
2018-10-27T20:30:00+09:00,J1,553,662,1215
2018-10-27T20:30:00+09:00,J2,419,507,926
2018-10-27T20:30:00+09:00,J3,349,289,638
2018-10-27T20:30:00+09:00,J4,757,806,1563
2018-10-27T20:30:00+09:00,J5,418,498,916
2018-10-27T20:45:00+09:00,J1,598,725,1323
2018-10-27T20:45:00+09:00,J2,531,509,1040
2018-10-27T20:45:00+09:00,J3,451,340,791
2018-10-27T20:45:00+09:00,J4,777,739,1516
2018-10-27T20:45:00+09:00,J5,446,443,889
2018-10-27T21:00:00+09:00,J1,655,704,1359
2018-10-27T21:00:00+09:00,J2,509,520,1029
2018-10-27T21:00:00+09:00,J3,482,449,931
2018-10-27T21:00:00+09:00,J4,545,510,1055
2018-10-27T21:00:00+09:00,J5,403,444,847
2018-10-27T21:15:00+09:00,J1,647,690,1337
2018-10-27T21:15:00+09:00,J2,472,460,932
2018-10-27T21:15:00+09:00,J3,511,461,972
2018-10-27T21:15:00+09:00,J4,697,655,1352
2018-10-27T21:15:00+09:00,J5,450,436,886
2018-10-27T21:30:00+09:00,J1,597,697,1294
2018-10-27T21:30:00+09:00,J2,564,588,1152
2018-10-27T21:30:00+09:00,J3,499,464,963
2018-10-27T21:30:00+09:00,J4,653,707,1360
2018-10-27T21:30:00+09:00,J5,378,457,835
2018-10-27T21:45:00+09:00,J1,571,557,1128
2018-10-27T21:45:00+09:00,J2,491,447,938
2018-10-27T21:45:00+09:00,J3,440,416,856
2018-10-27T21:45:00+09:00,J4,681,709,1390
2018-10-27T21:45:00+09:00,J5,352,470,822
2018-10-27T22:00:00+09:00,J1,578,600,1178
2018-10-27T22:00:00+09:00,J2,536,484,1020
2018-10-27T22:00:00+09:00,J3,389,484,873
2018-10-27T22:00:00+09:00,J4,752,799,1551
2018-10-27T22:00:00+09:00,J5,328,399,727
2018-10-27T22:15:00+09:00,J1,603,660,1263
2018-10-27T22:15:00+09:00,J2,495,449,944
2018-10-27T22:15:00+09:00,J3,391,401,792
2018-10-27T22:15:00+09:00,J4,720,789,1509
2018-10-27T22:15:00+09:00,J5,299,337,636
2018-10-27T22:30:00+09:00,J1,554,595,1149
2018-10-27T22:30:00+09:00,J2,476,440,916
2018-10-27T22:30:00+09:00,J3,411,437,848
2018-10-27T22:30:00+09:00,J4,741,774,1515
2018-10-27T22:30:00+09:00,J5,287,293,580
2018-10-27T22:45:00+09:00,J1,550,632,1182
2018-10-27T22:45:00+09:00,J2,485,410,895
2018-10-27T22:45:00+09:00,J3,399,385,784
2018-10-27T22:45:00+09:00,J4,616,687,1303
2018-10-27T22:45:00+09:00,J5,232,241,473
2018-10-27T23:00:00+09:00,J1,544,553,1097
2018-10-27T23:00:00+09:00,J2,539,536,1075
2018-10-27T23:00:00+09:00,J3,322,316,638
2018-10-27T23:00:00+09:00,J4,616,684,1300
2018-10-27T23:00:00+09:00,J5,238,213,451
2018-10-27T23:15:00+09:00,J1,533,630,1163
2018-10-27T23:15:00+09:00,J2,571,493,1064
2018-10-27T23:15:00+09:00,J3,331,291,622
2018-10-27T23:15:00+09:00,J4,631,688,1319
2018-10-27T23:15:00+09:00,J5,223,212,435
2018-10-27T23:30:00+09:00,J1,503,555,1058
2018-10-27T23:30:00+09:00,J2,504,514,1018
2018-10-27T23:30:00+09:00,J3,330,340,670
2018-10-27T23:30:00+09:00,J4,667,680,1347
2018-10-27T23:30:00+09:00,J5,224,200,424
2018-10-27T23:45:00+09:00,J1,523,560,1083
2018-10-27T23:45:00+09:00,J2,580,599,1179
2018-10-27T23:45:00+09:00,J3,354,354,708
2018-10-27T23:45:00+09:00,J4,564,676,1240
2018-10-27T23:45:00+09:00,J5,227,207,434
2018-10-28T00:00:00+09:00,J1,459,445,904
2018-10-28T00:00:00+09:00,J2,534,539,1073
2018-10-28T00:00:00+09:00,J3,338,336,674
2018-10-28T00:00:00+09:00,J4,625,681,1306
2018-10-28T00:00:00+09:00,J5,223,263,486
2018-10-28T00:15:00+09:00,J1,352,313,665
2018-10-28T00:15:00+09:00,J2,489,478,967
2018-10-28T00:15:00+09:00,J3,161,201,362
2018-10-28T00:15:00+09:00,J4,436,478,914
2018-10-28T00:15:00+09:00,J5,233,210,443
2018-10-28T00:30:00+09:00,J1,226,267,493
2018-10-28T00:30:00+09:00,J2,475,437,912
2018-10-28T00:30:00+09:00,J3,149,197,346
2018-10-28T00:30:00+09:00,J4,405,359,764
2018-10-28T00:30:00+09:00,J5,167,151,318
2018-10-28T00:45:00+09:00,J1,132,240,372
2018-10-28T00:45:00+09:00,J2,442,350,792
2018-10-28T00:45:00+09:00,J3,157,200,357
2018-10-28T00:45:00+09:00,J4,303,316,619
2018-10-28T00:45:00+09:00,J5,166,128,294
2018-10-28T05:45:00+09:00,J1,222,326,548
2018-10-28T05:45:00+09:00,J2,165,186,351
2018-10-28T05:45:00+09:00,J3,408,330,738
2018-10-28T05:45:00+09:00,J4,274,276,550
2018-10-28T05:45:00+09:00,J5,262,277,539
2018-10-28T06:00:00+09:00,J1,347,363,710
2018-10-28T06:00:00+09:00,J2,224,215,439
2018-10-28T06:00:00+09:00,J3,405,309,714
2018-10-28T06:00:00+09:00,J4,393,345,738
2018-10-28T06:00:00+09:00,J5,176,132,308
2018-10-28T06:15:00+09:00,J1,501,473,974
2018-10-28T06:15:00+09:00,J2,303,290,593
2018-10-28T06:15:00+09:00,J3,389,366,755
2018-10-28T06:15:00+09:00,J4,433,431,864
2018-10-28T06:15:00+09:00,J5,171,146,317
2018-10-28T06:30:00+09:00,J1,476,428,904
2018-10-28T06:30:00+09:00,J2,302,291,593
2018-10-28T06:30:00+09:00,J3,458,377,835
2018-10-28T06:30:00+09:00,J4,454,478,932
2018-10-28T06:30:00+09:00,J5,263,258,521
2018-10-28T06:45:00+09:00,J1,517,482,999
2018-10-28T06:45:00+09:00,J2,369,367,736
2018-10-28T06:45:00+09:00,J3,372,367,739
2018-10-28T06:45:00+09:00,J4,497,549,1046
2018-10-28T06:45:00+09:00,J5,257,235,492
2018-10-28T07:00:00+09:00,J1,525,553,1078
2018-10-28T07:00:00+09:00,J2,289,289,578
2018-10-28T07:00:00+09:00,J3,606,505,1111
2018-10-28T07:00:00+09:00,J4,582,550,1132
2018-10-28T07:00:00+09:00,J5,409,402,811
2018-10-28T07:15:00+09:00,J1,534,501,1035
2018-10-28T07:15:00+09:00,J2,289,256,545
2018-10-28T07:15:00+09:00,J3,623,550,1173
2018-10-28T07:15:00+09:00,J4,594,679,1273
2018-10-28T07:15:00+09:00,J5,392,414,806
2018-10-28T07:30:00+09:00,J1,549,555,1104
2018-10-28T07:30:00+09:00,J2,265,237,502
2018-10-28T07:30:00+09:00,J3,479,415,894
2018-10-28T07:30:00+09:00,J4,681,708,1389
2018-10-28T07:30:00+09:00,J5,308,298,606
2018-10-28T07:45:00+09:00,J1,586,511,1097
2018-10-28T07:45:00+09:00,J2,281,219,500
2018-10-28T07:45:00+09:00,J3,393,391,784
2018-10-28T07:45:00+09:00,J4,678,744,1422
2018-10-28T07:45:00+09:00,J5,315,301,616
2018-10-28T08:00:00+09:00,J1,789,682,1471
2018-10-28T08:00:00+09:00,J2,584,575,1159
2018-10-28T08:00:00+09:00,J3,639,567,1206
2018-10-28T08:00:00+09:00,J4,782,805,1587
2018-10-28T08:00:00+09:00,J5,226,258,484
2018-10-28T08:15:00+09:00,J1,735,658,1393
2018-10-28T08:15:00+09:00,J2,555,463,1018
2018-10-28T08:15:00+09:00,J3,643,635,1278
2018-10-28T08:15:00+09:00,J4,689,732,1421
2018-10-28T08:15:00+09:00,J5,303,288,591
2018-10-28T08:30:00+09:00,J1,714,645,1359
2018-10-28T08:30:00+09:00,J2,438,342,780
2018-10-28T08:30:00+09:00,J3,583,547,1130
2018-10-28T08:30:00+09:00,J4,793,864,1657
2018-10-28T08:30:00+09:00,J5,333,287,620
2018-10-28T08:45:00+09:00,J1,781,626,1407
2018-10-28T08:45:00+09:00,J2,338,275,613
2018-10-28T08:45:00+09:00,J3,462,460,922
2018-10-28T08:45:00+09:00,J4,768,804,1572
2018-10-28T08:45:00+09:00,J5,308,277,585
2018-10-28T09:00:00+09:00,J1,691,591,1282
2018-10-28T09:00:00+09:00,J2,387,318,705
2018-10-28T09:00:00+09:00,J3,523,433,956
2018-10-28T09:00:00+09:00,J4,736,792,1528
2018-10-28T09:00:00+09:00,J5,275,222,497
2018-10-28T09:15:00+09:00,J1,750,619,1369
2018-10-28T09:15:00+09:00,J2,339,324,663
2018-10-28T09:15:00+09:00,J3,486,496,982
2018-10-28T09:15:00+09:00,J4,682,793,1475
2018-10-28T09:15:00+09:00,J5,296,297,593
2018-10-28T09:30:00+09:00,J1,695,623,1318
2018-10-28T09:30:00+09:00,J2,463,351,814
2018-10-28T09:30:00+09:00,J3,580,601,1181
2018-10-28T09:30:00+09:00,J4,862,897,1759
2018-10-28T09:30:00+09:00,J5,273,310,583
2018-10-28T09:45:00+09:00,J1,728,634,1362
2018-10-28T09:45:00+09:00,J2,407,354,761
2018-10-28T09:45:00+09:00,J3,564,568,1132
2018-10-28T09:45:00+09:00,J4,864,883,1747
2018-10-28T09:45:00+09:00,J5,278,252,530
2018-10-28T10:00:00+09:00,J1,566,533,1099
2018-10-28T10:00:00+09:00,J2,437,418,855
2018-10-28T10:00:00+09:00,J3,491,481,972
2018-10-28T10:00:00+09:00,J4,840,871,1711
2018-10-28T10:00:00+09:00,J5,231,264,495
2018-10-28T10:15:00+09:00,J1,721,677,1398
2018-10-28T10:15:00+09:00,J2,537,479,1016
2018-10-28T10:15:00+09:00,J3,596,537,1133
2018-10-28T10:15:00+09:00,J4,777,777,1554
2018-10-28T10:15:00+09:00,J5,307,251,558
2018-10-28T10:30:00+09:00,J1,757,740,1497
2018-10-28T10:30:00+09:00,J2,702,644,1346
2018-10-28T10:30:00+09:00,J3,806,721,1527
2018-10-28T10:30:00+09:00,J4,758,839,1597
2018-10-28T10:30:00+09:00,J5,321,379,700
2018-10-28T10:45:00+09:00,J1,803,790,1593
2018-10-28T10:45:00+09:00,J2,670,658,1328
2018-10-28T10:45:00+09:00,J3,713,685,1398
2018-10-28T10:45:00+09:00,J4,819,879,1698
2018-10-28T10:45:00+09:00,J5,375,499,874
2018-10-28T11:00:00+09:00,J1,938,1109,2047
2018-10-28T11:00:00+09:00,J2,724,731,1455
2018-10-28T11:00:00+09:00,J3,786,787,1573
2018-10-28T11:00:00+09:00,J4,710,849,1559
2018-10-28T11:00:00+09:00,J5,358,443,801
2018-10-28T11:15:00+09:00,J1,807,827,1634
2018-10-28T11:15:00+09:00,J2,711,631,1342
2018-10-28T11:15:00+09:00,J3,810,788,1598
2018-10-28T11:15:00+09:00,J4,768,870,1638
2018-10-28T11:15:00+09:00,J5,256,243,499
2018-10-28T11:30:00+09:00,J1,823,834,1657
2018-10-28T11:30:00+09:00,J2,693,615,1308
2018-10-28T11:30:00+09:00,J3,825,847,1672
2018-10-28T11:30:00+09:00,J4,907,935,1842
2018-10-28T11:30:00+09:00,J5,272,293,565
2018-10-28T11:45:00+09:00,J1,825,692,1517
2018-10-28T11:45:00+09:00,J2,705,616,1321
2018-10-28T11:45:00+09:00,J3,857,754,1611
2018-10-28T11:45:00+09:00,J4,632,724,1356
2018-10-28T11:45:00+09:00,J5,259,283,542
2018-10-28T12:00:00+09:00,J1,799,788,1587
2018-10-28T12:00:00+09:00,J2,629,594,1223
2018-10-28T12:00:00+09:00,J3,788,678,1466
2018-10-28T12:00:00+09:00,J4,678,733,1411
2018-10-28T12:00:00+09:00,J5,286,307,593
2018-10-28T12:15:00+09:00,J1,801,798,1599
2018-10-28T12:15:00+09:00,J2,743,704,1447
2018-10-28T12:15:00+09:00,J3,823,761,1584
2018-10-28T12:15:00+09:00,J4,619,753,1372
2018-10-28T12:15:00+09:00,J5,259,302,561
2018-10-28T12:30:00+09:00,J1,802,799,1601
2018-10-28T12:30:00+09:00,J2,749,730,1479
2018-10-28T12:30:00+09:00,J3,624,662,1286
2018-10-28T12:30:00+09:00,J4,753,818,1571
2018-10-28T12:30:00+09:00,J5,307,281,588
2018-10-28T12:45:00+09:00,J1,840,835,1675
2018-10-28T12:45:00+09:00,J2,853,780,1633
2018-10-28T12:45:00+09:00,J3,620,583,1203
2018-10-28T12:45:00+09:00,J4,652,724,1376
2018-10-28T12:45:00+09:00,J5,332,393,725
2018-10-28T13:00:00+09:00,J1,844,958,1802
2018-10-28T13:00:00+09:00,J2,917,871,1788
2018-10-28T13:00:00+09:00,J3,654,695,1349
2018-10-28T13:00:00+09:00,J4,688,682,1370
2018-10-28T13:00:00+09:00,J5,329,430,759
2018-10-28T13:15:00+09:00,J1,927,1016,1943
2018-10-28T13:15:00+09:00,J2,1029,684,1713
2018-10-28T13:15:00+09:00,J3,751,732,1483
2018-10-28T13:15:00+09:00,J4,900,865,1765
2018-10-28T13:15:00+09:00,J5,375,423,798
2018-10-28T13:30:00+09:00,J1,973,1024,1997
2018-10-28T13:30:00+09:00,J2,930,745,1675
2018-10-28T13:30:00+09:00,J3,759,738,1497
2018-10-28T13:30:00+09:00,J4,984,928,1912
2018-10-28T13:30:00+09:00,J5,380,407,787
2018-10-28T13:45:00+09:00,J1,919,1082,2001
2018-10-28T13:45:00+09:00,J2,882,745,1627
2018-10-28T13:45:00+09:00,J3,691,674,1365
2018-10-28T13:45:00+09:00,J4,854,833,1687
2018-10-28T13:45:00+09:00,J5,395,435,830
2018-10-28T14:00:00+09:00,J1,901,973,1874
2018-10-28T14:00:00+09:00,J2,941,717,1658
2018-10-28T14:00:00+09:00,J3,641,670,1311
2018-10-28T14:00:00+09:00,J4,888,856,1744
2018-10-28T14:00:00+09:00,J5,354,474,828
2018-10-28T14:15:00+09:00,J1,951,1169,2120
2018-10-28T14:15:00+09:00,J2,892,722,1614
2018-10-28T14:15:00+09:00,J3,729,729,1458
2018-10-28T14:15:00+09:00,J4,956,902,1858
2018-10-28T14:15:00+09:00,J5,388,465,853
2018-10-28T14:30:00+09:00,J1,915,1043,1958
2018-10-28T14:30:00+09:00,J2,907,845,1752
2018-10-28T14:30:00+09:00,J3,606,629,1235
2018-10-28T14:30:00+09:00,J4,931,940,1871
2018-10-28T14:30:00+09:00,J5,404,451,855
2018-10-28T14:45:00+09:00,J1,889,1049,1938
2018-10-28T14:45:00+09:00,J2,963,816,1779
2018-10-28T14:45:00+09:00,J3,619,598,1217
2018-10-28T14:45:00+09:00,J4,806,835,1641
2018-10-28T14:45:00+09:00,J5,346,329,675
2018-10-28T15:00:00+09:00,J1,872,1031,1903
2018-10-28T15:00:00+09:00,J2,953,771,1724
2018-10-28T15:00:00+09:00,J3,607,662,1269
2018-10-28T15:00:00+09:00,J4,833,872,1705
2018-10-28T15:00:00+09:00,J5,295,320,615
2018-10-28T15:15:00+09:00,J1,903,1024,1927
2018-10-28T15:15:00+09:00,J2,928,862,1790
2018-10-28T15:15:00+09:00,J3,607,655,1262
2018-10-28T15:15:00+09:00,J4,850,886,1736
2018-10-28T15:15:00+09:00,J5,306,349,655
2018-10-28T15:30:00+09:00,J1,929,960,1889
2018-10-28T15:30:00+09:00,J2,916,846,1762
2018-10-28T15:30:00+09:00,J3,652,672,1324
2018-10-28T15:30:00+09:00,J4,845,908,1753
2018-10-28T15:30:00+09:00,J5,343,356,699
2018-10-28T15:45:00+09:00,J1,865,957,1822
2018-10-28T15:45:00+09:00,J2,861,838,1699
2018-10-28T15:45:00+09:00,J3,646,657,1303
2018-10-28T15:45:00+09:00,J4,882,963,1845
2018-10-28T15:45:00+09:00,J5,334,320,654
2018-10-28T16:00:00+09:00,J1,898,981,1879
2018-10-28T16:00:00+09:00,J2,905,841,1746
2018-10-28T16:00:00+09:00,J3,599,629,1228
2018-10-28T16:00:00+09:00,J4,842,872,1714
2018-10-28T16:00:00+09:00,J5,361,347,708
2018-10-28T16:15:00+09:00,J1,884,1052,1936
2018-10-28T16:15:00+09:00,J2,903,860,1763
2018-10-28T16:15:00+09:00,J3,598,697,1295
2018-10-28T16:15:00+09:00,J4,800,928,1728
2018-10-28T16:15:00+09:00,J5,350,429,779
2018-10-28T16:30:00+09:00,J1,908,1020,1928
2018-10-28T16:30:00+09:00,J2,840,901,1741
2018-10-28T16:30:00+09:00,J3,565,588,1153
2018-10-28T16:30:00+09:00,J4,1011,1055,2066
2018-10-28T16:30:00+09:00,J5,328,316,644
2018-10-28T16:45:00+09:00,J1,850,995,1845
2018-10-28T16:45:00+09:00,J2,833,827,1660
2018-10-28T16:45:00+09:00,J3,641,623,1264
2018-10-28T16:45:00+09:00,J4,966,978,1944
2018-10-28T16:45:00+09:00,J5,316,357,673
2018-10-28T17:00:00+09:00,J1,820,919,1739
2018-10-28T17:00:00+09:00,J2,720,618,1338
2018-10-28T17:00:00+09:00,J3,627,616,1243
2018-10-28T17:00:00+09:00,J4,804,881,1685
2018-10-28T17:00:00+09:00,J5,344,331,675
2018-10-28T17:15:00+09:00,J1,812,993,1805
2018-10-28T17:15:00+09:00,J2,751,678,1429
2018-10-28T17:15:00+09:00,J3,692,684,1376
2018-10-28T17:15:00+09:00,J4,768,858,1626
2018-10-28T17:15:00+09:00,J5,307,395,702
2018-10-28T17:30:00+09:00,J1,891,987,1878
2018-10-28T17:30:00+09:00,J2,685,626,1311
2018-10-28T17:30:00+09:00,J3,714,716,1430
2018-10-28T17:30:00+09:00,J4,832,869,1701
2018-10-28T17:30:00+09:00,J5,335,316,651
2018-10-28T17:45:00+09:00,J1,881,908,1789
2018-10-28T17:45:00+09:00,J2,640,625,1265
2018-10-28T17:45:00+09:00,J3,743,670,1413
2018-10-28T17:45:00+09:00,J4,717,708,1425
2018-10-28T17:45:00+09:00,J5,306,306,612
2018-10-28T18:00:00+09:00,J1,889,1000,1889
2018-10-28T18:00:00+09:00,J2,614,508,1122
2018-10-28T18:00:00+09:00,J3,721,647,1368
2018-10-28T18:00:00+09:00,J4,738,740,1478
2018-10-28T18:00:00+09:00,J5,361,379,740
2018-10-28T18:15:00+09:00,J1,883,1032,1915
2018-10-28T18:15:00+09:00,J2,615,518,1133
2018-10-28T18:15:00+09:00,J3,729,593,1322
2018-10-28T18:15:00+09:00,J4,859,798,1657
2018-10-28T18:15:00+09:00,J5,372,341,713
2018-10-28T18:30:00+09:00,J1,821,917,1738
2018-10-28T18:30:00+09:00,J2,543,437,980
2018-10-28T18:30:00+09:00,J3,662,565,1227
2018-10-28T18:30:00+09:00,J4,842,768,1610
2018-10-28T18:30:00+09:00,J5,327,339,666
2018-10-28T18:45:00+09:00,J1,716,841,1557
2018-10-28T18:45:00+09:00,J2,504,491,995
2018-10-28T18:45:00+09:00,J3,577,545,1122
2018-10-28T18:45:00+09:00,J4,802,768,1570
2018-10-28T18:45:00+09:00,J5,292,315,607
2018-10-28T19:00:00+09:00,J1,674,750,1424
2018-10-28T19:00:00+09:00,J2,502,509,1011
2018-10-28T19:00:00+09:00,J3,617,546,1163
2018-10-28T19:00:00+09:00,J4,723,708,1431
2018-10-28T19:00:00+09:00,J5,308,312,620
2018-10-28T19:15:00+09:00,J1,620,756,1376
2018-10-28T19:15:00+09:00,J2,477,502,979
2018-10-28T19:15:00+09:00,J3,613,587,1200
2018-10-28T19:15:00+09:00,J4,920,861,1781
2018-10-28T19:15:00+09:00,J5,282,333,615
2018-10-28T19:30:00+09:00,J1,577,687,1264
2018-10-28T19:30:00+09:00,J2,389,414,803
2018-10-28T19:30:00+09:00,J3,568,591,1159
2018-10-28T19:30:00+09:00,J4,846,858,1704
2018-10-28T19:30:00+09:00,J5,265,323,588
2018-10-28T19:45:00+09:00,J1,592,697,1289
2018-10-28T19:45:00+09:00,J2,437,384,821
2018-10-28T19:45:00+09:00,J3,627,548,1175
2018-10-28T19:45:00+09:00,J4,852,853,1705
2018-10-28T19:45:00+09:00,J5,246,242,488
2018-10-28T20:00:00+09:00,J1,603,729,1332
2018-10-28T20:00:00+09:00,J2,381,402,783
2018-10-28T20:00:00+09:00,J3,568,502,1070
2018-10-28T20:00:00+09:00,J4,751,783,1534
2018-10-28T20:00:00+09:00,J5,266,267,533
2018-10-28T20:15:00+09:00,J1,637,701,1338
2018-10-28T20:15:00+09:00,J2,448,419,867
2018-10-28T20:15:00+09:00,J3,597,543,1140
2018-10-28T20:15:00+09:00,J4,766,682,1448
2018-10-28T20:15:00+09:00,J5,240,270,510
2018-10-28T20:30:00+09:00,J1,686,653,1339
2018-10-28T20:30:00+09:00,J2,419,350,769
2018-10-28T20:30:00+09:00,J3,572,494,1066
2018-10-28T20:30:00+09:00,J4,810,837,1647
2018-10-28T20:30:00+09:00,J5,230,282,512
2018-10-28T20:45:00+09:00,J1,674,690,1364
2018-10-28T20:45:00+09:00,J2,351,374,725
2018-10-28T20:45:00+09:00,J3,541,487,1028
2018-10-28T20:45:00+09:00,J4,853,876,1729
2018-10-28T20:45:00+09:00,J5,238,222,460
2018-10-28T21:00:00+09:00,J1,753,755,1508
2018-10-28T21:00:00+09:00,J2,416,408,824
2018-10-28T21:00:00+09:00,J3,518,417,935
2018-10-28T21:00:00+09:00,J4,987,906,1893
2018-10-28T21:00:00+09:00,J5,275,255,530
2018-10-28T21:15:00+09:00,J1,707,816,1523
2018-10-28T21:15:00+09:00,J2,385,387,772
2018-10-28T21:15:00+09:00,J3,547,475,1022
2018-10-28T21:15:00+09:00,J4,981,851,1832
2018-10-28T21:15:00+09:00,J5,241,225,466
2018-10-28T21:30:00+09:00,J1,635,723,1358
2018-10-28T21:30:00+09:00,J2,410,337,747
2018-10-28T21:30:00+09:00,J3,458,437,895
2018-10-28T21:30:00+09:00,J4,874,881,1755
2018-10-28T21:30:00+09:00,J5,267,240,507
2018-10-28T21:45:00+09:00,J1,621,672,1293
2018-10-28T21:45:00+09:00,J2,328,324,652
2018-10-28T21:45:00+09:00,J3,469,430,899
2018-10-28T21:45:00+09:00,J4,779,816,1595
2018-10-28T21:45:00+09:00,J5,290,199,489
2018-10-28T22:00:00+09:00,J1,574,646,1220
2018-10-28T22:00:00+09:00,J2,322,287,609
2018-10-28T22:00:00+09:00,J3,467,434,901
2018-10-28T22:00:00+09:00,J4,907,892,1799
2018-10-28T22:00:00+09:00,J5,245,234,479
2018-10-28T22:15:00+09:00,J1,591,621,1212
2018-10-28T22:15:00+09:00,J2,259,296,555
2018-10-28T22:15:00+09:00,J3,565,507,1072
2018-10-28T22:15:00+09:00,J4,865,824,1689
2018-10-28T22:15:00+09:00,J5,247,235,482
2018-10-28T22:30:00+09:00,J1,650,640,1290
2018-10-28T22:30:00+09:00,J2,274,331,605
2018-10-28T22:30:00+09:00,J3,560,470,1030
2018-10-28T22:30:00+09:00,J4,939,879,1818
2018-10-28T22:30:00+09:00,J5,260,220,480
2018-10-28T22:45:00+09:00,J1,636,681,1317
2018-10-28T22:45:00+09:00,J2,248,251,499
2018-10-28T22:45:00+09:00,J3,670,619,1289
2018-10-28T22:45:00+09:00,J4,816,858,1674
2018-10-28T22:45:00+09:00,J5,374,352,726
2018-10-28T23:00:00+09:00,J1,639,680,1319
2018-10-28T23:00:00+09:00,J2,256,227,483
2018-10-28T23:00:00+09:00,J3,732,693,1425
2018-10-28T23:00:00+09:00,J4,822,795,1617
2018-10-28T23:00:00+09:00,J5,398,407,805
2018-10-28T23:15:00+09:00,J1,651,714,1365
2018-10-28T23:15:00+09:00,J2,226,251,477
2018-10-28T23:15:00+09:00,J3,699,697,1396
2018-10-28T23:15:00+09:00,J4,697,778,1475
2018-10-28T23:15:00+09:00,J5,329,387,716
2018-10-28T23:30:00+09:00,J1,578,613,1191
2018-10-28T23:30:00+09:00,J2,227,260,487
2018-10-28T23:30:00+09:00,J3,642,621,1263
2018-10-28T23:30:00+09:00,J4,766,808,1574
2018-10-28T23:30:00+09:00,J5,464,463,927
2018-10-28T23:45:00+09:00,J1,596,580,1176
2018-10-28T23:45:00+09:00,J2,256,281,537
2018-10-28T23:45:00+09:00,J3,614,513,1127
2018-10-28T23:45:00+09:00,J4,695,662,1357
2018-10-28T23:45:00+09:00,J5,402,416,818
2018-10-29T00:00:00+09:00,J1,460,384,844
2018-10-29T00:00:00+09:00,J2,261,312,573
2018-10-29T00:00:00+09:00,J3,678,673,1351
2018-10-29T00:00:00+09:00,J4,721,704,1425
2018-10-29T00:00:00+09:00,J5,410,512,922
2018-10-29T00:15:00+09:00,J1,302,324,626
2018-10-29T00:15:00+09:00,J2,315,323,638
2018-10-29T00:15:00+09:00,J3,632,566,1198
2018-10-29T00:15:00+09:00,J4,582,659,1241
2018-10-29T00:15:00+09:00,J5,330,382,712
2018-10-29T00:30:00+09:00,J1,296,304,600
2018-10-29T00:30:00+09:00,J2,261,291,552
2018-10-29T00:30:00+09:00,J3,619,506,1125
2018-10-29T00:30:00+09:00,J4,578,545,1123
2018-10-29T00:30:00+09:00,J5,346,345,691
2018-10-29T00:45:00+09:00,J1,334,263,597
2018-10-29T00:45:00+09:00,J2,255,320,575
2018-10-29T00:45:00+09:00,J3,546,565,1111
2018-10-29T00:45:00+09:00,J4,443,534,977
2018-10-29T00:45:00+09:00,J5,310,367,677
2018-10-29T05:45:00+09:00,J1,395,370,765
2018-10-29T05:45:00+09:00,J2,341,329,670
2018-10-29T05:45:00+09:00,J3,637,529,1166
2018-10-29T05:45:00+09:00,J4,381,398,779
2018-10-29T05:45:00+09:00,J5,371,408,779
2018-10-29T06:00:00+09:00,J1,450,415,865
2018-10-29T06:00:00+09:00,J2,275,344,619
2018-10-29T06:00:00+09:00,J3,604,564,1168
2018-10-29T06:00:00+09:00,J4,445,489,934
2018-10-29T06:00:00+09:00,J5,416,443,859
2018-10-29T06:15:00+09:00,J1,445,365,810
2018-10-29T06:15:00+09:00,J2,388,357,745
2018-10-29T06:15:00+09:00,J3,502,449,951
2018-10-29T06:15:00+09:00,J4,623,657,1280
2018-10-29T06:15:00+09:00,J5,254,256,510
2018-10-29T06:30:00+09:00,J1,419,379,798
2018-10-29T06:30:00+09:00,J2,320,310,630
2018-10-29T06:30:00+09:00,J3,396,382,778
2018-10-29T06:30:00+09:00,J4,549,619,1168
2018-10-29T06:30:00+09:00,J5,249,246,495
2018-10-29T06:45:00+09:00,J1,530,450,980
2018-10-29T06:45:00+09:00,J2,335,325,660
2018-10-29T06:45:00+09:00,J3,380,344,724
2018-10-29T06:45:00+09:00,J4,603,711,1314
2018-10-29T06:45:00+09:00,J5,284,206,490
2018-10-29T07:00:00+09:00,J1,661,568,1229
2018-10-29T07:00:00+09:00,J2,391,277,668
2018-10-29T07:00:00+09:00,J3,455,393,848
2018-10-29T07:00:00+09:00,J4,662,766,1428
2018-10-29T07:00:00+09:00,J5,356,301,657
2018-10-29T07:15:00+09:00,J1,686,597,1283
2018-10-29T07:15:00+09:00,J2,430,278,708
2018-10-29T07:15:00+09:00,J3,427,399,826
2018-10-29T07:15:00+09:00,J4,924,953,1877
2018-10-29T07:15:00+09:00,J5,362,316,678
2018-10-29T07:30:00+09:00,J1,803,627,1430
2018-10-29T07:30:00+09:00,J2,576,405,981
2018-10-29T07:30:00+09:00,J3,763,659,1422
2018-10-29T07:30:00+09:00,J4,869,997,1866
2018-10-29T07:30:00+09:00,J5,356,357,713
2018-10-29T07:45:00+09:00,J1,926,743,1669
2018-10-29T07:45:00+09:00,J2,755,526,1281
2018-10-29T07:45:00+09:00,J3,802,698,1500
2018-10-29T07:45:00+09:00,J4,938,1185,2123
2018-10-29T07:45:00+09:00,J5,429,435,864
2018-10-29T08:00:00+09:00,J1,1092,790,1882
2018-10-29T08:00:00+09:00,J2,971,660,1631
2018-10-29T08:00:00+09:00,J3,912,746,1658
2018-10-29T08:00:00+09:00,J4,1072,1279,2351
2018-10-29T08:00:00+09:00,J5,516,513,1029
2018-10-29T08:15:00+09:00,J1,1308,886,2194
2018-10-29T08:15:00+09:00,J2,1016,620,1636
2018-10-29T08:15:00+09:00,J3,862,885,1747
2018-10-29T08:15:00+09:00,J4,988,1232,2220
2018-10-29T08:15:00+09:00,J5,440,522,962
2018-10-29T08:30:00+09:00,J1,1245,876,2121
2018-10-29T08:30:00+09:00,J2,1176,701,1877
2018-10-29T08:30:00+09:00,J3,1050,1059,2109
2018-10-29T08:30:00+09:00,J4,1088,1352,2440
2018-10-29T08:30:00+09:00,J5,486,619,1105
2018-10-29T08:45:00+09:00,J1,977,772,1749
2018-10-29T08:45:00+09:00,J2,780,466,1246
2018-10-29T08:45:00+09:00,J3,709,748,1457
2018-10-29T08:45:00+09:00,J4,1009,1172,2181
2018-10-29T08:45:00+09:00,J5,412,456,868
2018-10-29T09:00:00+09:00,J1,785,726,1511
2018-10-29T09:00:00+09:00,J2,561,320,881
2018-10-29T09:00:00+09:00,J3,599,549,1148
2018-10-29T09:00:00+09:00,J4,823,951,1774
2018-10-29T09:00:00+09:00,J5,470,419,889
2018-10-29T09:15:00+09:00,J1,767,667,1434
2018-10-29T09:15:00+09:00,J2,608,350,958
2018-10-29T09:15:00+09:00,J3,633,589,1222
2018-10-29T09:15:00+09:00,J4,950,988,1938
2018-10-29T09:15:00+09:00,J5,415,411,826
2018-10-29T09:30:00+09:00,J1,781,633,1414
2018-10-29T09:30:00+09:00,J2,611,506,1117
2018-10-29T09:30:00+09:00,J3,789,720,1509
2018-10-29T09:30:00+09:00,J4,997,1034,2031
2018-10-29T09:30:00+09:00,J5,518,503,1021
2018-10-29T09:45:00+09:00,J1,676,634,1310
2018-10-29T09:45:00+09:00,J2,521,411,932
2018-10-29T09:45:00+09:00,J3,689,580,1269
2018-10-29T09:45:00+09:00,J4,922,886,1808
2018-10-29T09:45:00+09:00,J5,445,466,911
2018-10-29T10:00:00+09:00,J1,593,619,1212
2018-10-29T10:00:00+09:00,J2,483,424,907
2018-10-29T10:00:00+09:00,J3,703,616,1319
2018-10-29T10:00:00+09:00,J4,941,963,1904
2018-10-29T10:00:00+09:00,J5,453,459,912
2018-10-29T10:15:00+09:00,J1,617,594,1211
2018-10-29T10:15:00+09:00,J2,517,363,880
2018-10-29T10:15:00+09:00,J3,738,689,1427
2018-10-29T10:15:00+09:00,J4,1053,1053,2106
2018-10-29T10:15:00+09:00,J5,418,398,816
2018-10-29T10:30:00+09:00,J1,623,661,1284
2018-10-29T10:30:00+09:00,J2,535,408,943
2018-10-29T10:30:00+09:00,J3,725,733,1458
2018-10-29T10:30:00+09:00,J4,998,1049,2047
2018-10-29T10:30:00+09:00,J5,426,378,804
2018-10-29T10:45:00+09:00,J1,690,639,1329
2018-10-29T10:45:00+09:00,J2,493,426,919
2018-10-29T10:45:00+09:00,J3,663,748,1411
2018-10-29T10:45:00+09:00,J4,861,914,1775
2018-10-29T10:45:00+09:00,J5,336,385,721
2018-10-29T11:00:00+09:00,J1,674,677,1351
2018-10-29T11:00:00+09:00,J2,633,487,1120
2018-10-29T11:00:00+09:00,J3,796,784,1580
2018-10-29T11:00:00+09:00,J4,945,1012,1957
2018-10-29T11:00:00+09:00,J5,289,346,635
2018-10-29T11:15:00+09:00,J1,788,726,1514
2018-10-29T11:15:00+09:00,J2,546,460,1006
2018-10-29T11:15:00+09:00,J3,829,828,1657
2018-10-29T11:15:00+09:00,J4,895,922,1817
2018-10-29T11:15:00+09:00,J5,416,369,785
2018-10-29T11:30:00+09:00,J1,796,721,1517
2018-10-29T11:30:00+09:00,J2,721,602,1323
2018-10-29T11:30:00+09:00,J3,936,867,1803
2018-10-29T11:30:00+09:00,J4,819,785,1604
2018-10-29T11:30:00+09:00,J5,457,518,975
2018-10-29T11:45:00+09:00,J1,706,670,1376
2018-10-29T11:45:00+09:00,J2,691,612,1303
2018-10-29T11:45:00+09:00,J3,936,892,1828
2018-10-29T11:45:00+09:00,J4,785,767,1552
2018-10-29T11:45:00+09:00,J5,401,420,821
2018-10-29T12:00:00+09:00,J1,810,800,1610
2018-10-29T12:00:00+09:00,J2,832,703,1535
2018-10-29T12:00:00+09:00,J3,1003,930,1933
2018-10-29T12:00:00+09:00,J4,797,784,1581
2018-10-29T12:00:00+09:00,J5,453,547,1000
2018-10-29T12:15:00+09:00,J1,836,883,1719
2018-10-29T12:15:00+09:00,J2,891,842,1733
2018-10-29T12:15:00+09:00,J3,811,855,1666
2018-10-29T12:15:00+09:00,J4,791,810,1601
2018-10-29T12:15:00+09:00,J5,542,567,1109
2018-10-29T12:30:00+09:00,J1,869,962,1831
2018-10-29T12:30:00+09:00,J2,811,791,1602
2018-10-29T12:30:00+09:00,J3,905,818,1723
2018-10-29T12:30:00+09:00,J4,858,975,1833
2018-10-29T12:30:00+09:00,J5,442,388,830
2018-10-29T12:45:00+09:00,J1,839,942,1781
2018-10-29T12:45:00+09:00,J2,684,562,1246
2018-10-29T12:45:00+09:00,J3,698,703,1401
2018-10-29T12:45:00+09:00,J4,741,827,1568
2018-10-29T12:45:00+09:00,J5,389,407,796
2018-10-29T13:00:00+09:00,J1,870,871,1741
2018-10-29T13:00:00+09:00,J2,649,516,1165
2018-10-29T13:00:00+09:00,J3,775,606,1381
2018-10-29T13:00:00+09:00,J4,806,868,1674
2018-10-29T13:00:00+09:00,J5,363,289,652
2018-10-29T13:15:00+09:00,J1,782,898,1680
2018-10-29T13:15:00+09:00,J2,663,577,1240
2018-10-29T13:15:00+09:00,J3,704,614,1318
2018-10-29T13:15:00+09:00,J4,791,861,1652
2018-10-29T13:15:00+09:00,J5,339,301,640
2018-10-29T13:30:00+09:00,J1,816,881,1697
2018-10-29T13:30:00+09:00,J2,665,561,1226
2018-10-29T13:30:00+09:00,J3,742,651,1393
2018-10-29T13:30:00+09:00,J4,621,542,1163
2018-10-29T13:30:00+09:00,J5,384,405,789
2018-10-29T13:45:00+09:00,J1,822,899,1721
2018-10-29T13:45:00+09:00,J2,637,568,1205
2018-10-29T13:45:00+09:00,J3,726,666,1392
2018-10-29T13:45:00+09:00,J4,653,669,1322
2018-10-29T13:45:00+09:00,J5,452,417,869
2018-10-29T14:00:00+09:00,J1,822,839,1661
2018-10-29T14:00:00+09:00,J2,590,554,1144
2018-10-29T14:00:00+09:00,J3,719,638,1357
2018-10-29T14:00:00+09:00,J4,682,712,1394
2018-10-29T14:00:00+09:00,J5,407,393,800
2018-10-29T14:15:00+09:00,J1,819,824,1643
2018-10-29T14:15:00+09:00,J2,578,574,1152
2018-10-29T14:15:00+09:00,J3,756,675,1431
2018-10-29T14:15:00+09:00,J4,749,839,1588
2018-10-29T14:15:00+09:00,J5,324,309,633
2018-10-29T14:30:00+09:00,J1,791,857,1648
2018-10-29T14:30:00+09:00,J2,641,531,1172
2018-10-29T14:30:00+09:00,J3,708,630,1338
2018-10-29T14:30:00+09:00,J4,733,754,1487
2018-10-29T14:30:00+09:00,J5,361,313,674
2018-10-29T14:45:00+09:00,J1,794,853,1647
2018-10-29T14:45:00+09:00,J2,678,610,1288
2018-10-29T14:45:00+09:00,J3,698,633,1331
2018-10-29T14:45:00+09:00,J4,635,674,1309
2018-10-29T14:45:00+09:00,J5,299,269,568
2018-10-29T15:00:00+09:00,J1,735,889,1624
2018-10-29T15:00:00+09:00,J2,693,608,1301
2018-10-29T15:00:00+09:00,J3,718,590,1308
2018-10-29T15:00:00+09:00,J4,663,708,1371
2018-10-29T15:00:00+09:00,J5,280,256,536
2018-10-29T15:15:00+09:00,J1,760,954,1714
2018-10-29T15:15:00+09:00,J2,729,653,1382
2018-10-29T15:15:00+09:00,J3,670,611,1281
2018-10-29T15:15:00+09:00,J4,697,755,1452
2018-10-29T15:15:00+09:00,J5,269,239,508
2018-10-29T15:30:00+09:00,J1,724,835,1559
2018-10-29T15:30:00+09:00,J2,743,646,1389
2018-10-29T15:30:00+09:00,J3,720,602,1322
2018-10-29T15:30:00+09:00,J4,776,849,1625
2018-10-29T15:30:00+09:00,J5,371,290,661
2018-10-29T15:45:00+09:00,J1,777,906,1683
2018-10-29T15:45:00+09:00,J2,678,574,1252
2018-10-29T15:45:00+09:00,J3,660,615,1275
2018-10-29T15:45:00+09:00,J4,683,757,1440
2018-10-29T15:45:00+09:00,J5,306,321,627
2018-10-29T16:00:00+09:00,J1,800,907,1707
2018-10-29T16:00:00+09:00,J2,672,527,1199
2018-10-29T16:00:00+09:00,J3,705,590,1295
2018-10-29T16:00:00+09:00,J4,638,649,1287
2018-10-29T16:00:00+09:00,J5,273,290,563
2018-10-29T16:15:00+09:00,J1,810,978,1788
2018-10-29T16:15:00+09:00,J2,753,608,1361
2018-10-29T16:15:00+09:00,J3,778,568,1346
2018-10-29T16:15:00+09:00,J4,697,725,1422
2018-10-29T16:15:00+09:00,J5,319,299,618
2018-10-29T16:30:00+09:00,J1,779,929,1708
2018-10-29T16:30:00+09:00,J2,612,585,1197
2018-10-29T16:30:00+09:00,J3,712,569,1281
2018-10-29T16:30:00+09:00,J4,828,958,1786
2018-10-29T16:30:00+09:00,J5,288,278,566
2018-10-29T16:45:00+09:00,J1,790,995,1785
2018-10-29T16:45:00+09:00,J2,652,505,1157
2018-10-29T16:45:00+09:00,J3,720,625,1345
2018-10-29T16:45:00+09:00,J4,714,720,1434
2018-10-29T16:45:00+09:00,J5,325,326,651
2018-10-29T17:00:00+09:00,J1,846,1007,1853
2018-10-29T17:00:00+09:00,J2,709,701,1410
2018-10-29T17:00:00+09:00,J3,690,662,1352
2018-10-29T17:00:00+09:00,J4,815,884,1699
2018-10-29T17:00:00+09:00,J5,328,340,668
2018-10-29T17:15:00+09:00,J1,874,1085,1959
2018-10-29T17:15:00+09:00,J2,825,758,1583
2018-10-29T17:15:00+09:00,J3,822,730,1552
2018-10-29T17:15:00+09:00,J4,760,787,1547
2018-10-29T17:15:00+09:00,J5,364,456,820
2018-10-29T17:30:00+09:00,J1,927,1102,2029
2018-10-29T17:30:00+09:00,J2,866,754,1620
2018-10-29T17:30:00+09:00,J3,883,751,1634
2018-10-29T17:30:00+09:00,J4,864,809,1673
2018-10-29T17:30:00+09:00,J5,429,495,924
2018-10-29T17:45:00+09:00,J1,892,1029,1921
2018-10-29T17:45:00+09:00,J2,860,803,1663
2018-10-29T17:45:00+09:00,J3,898,746,1644
2018-10-29T17:45:00+09:00,J4,891,889,1780
2018-10-29T17:45:00+09:00,J5,403,538,941
2018-10-29T18:00:00+09:00,J1,936,1072,2008
2018-10-29T18:00:00+09:00,J2,794,793,1587
2018-10-29T18:00:00+09:00,J3,966,701,1667
2018-10-29T18:00:00+09:00,J4,940,871,1811
2018-10-29T18:00:00+09:00,J5,419,589,1008
2018-10-29T18:15:00+09:00,J1,1006,1109,2115
2018-10-29T18:15:00+09:00,J2,916,810,1726
2018-10-29T18:15:00+09:00,J3,1020,766,1786
2018-10-29T18:15:00+09:00,J4,995,791,1786
2018-10-29T18:15:00+09:00,J5,485,588,1073
2018-10-29T18:30:00+09:00,J1,962,977,1939
2018-10-29T18:30:00+09:00,J2,811,729,1540
2018-10-29T18:30:00+09:00,J3,955,673,1628
2018-10-29T18:30:00+09:00,J4,922,786,1708
2018-10-29T18:30:00+09:00,J5,417,545,962
2018-10-29T18:45:00+09:00,J1,844,953,1797
2018-10-29T18:45:00+09:00,J2,665,626,1291
2018-10-29T18:45:00+09:00,J3,849,610,1459
2018-10-29T18:45:00+09:00,J4,892,701,1593
2018-10-29T18:45:00+09:00,J5,466,534,1000
2018-10-29T19:00:00+09:00,J1,757,837,1594
2018-10-29T19:00:00+09:00,J2,823,726,1549
2018-10-29T19:00:00+09:00,J3,867,597,1464
2018-10-29T19:00:00+09:00,J4,959,781,1740
2018-10-29T19:00:00+09:00,J5,449,529,978
2018-10-29T19:15:00+09:00,J1,803,887,1690
2018-10-29T19:15:00+09:00,J2,735,750,1485
2018-10-29T19:15:00+09:00,J3,849,620,1469
2018-10-29T19:15:00+09:00,J4,859,738,1597
2018-10-29T19:15:00+09:00,J5,396,478,874
2018-10-29T19:30:00+09:00,J1,712,784,1496
2018-10-29T19:30:00+09:00,J2,762,651,1413
2018-10-29T19:30:00+09:00,J3,750,626,1376
2018-10-29T19:30:00+09:00,J4,829,755,1584
2018-10-29T19:30:00+09:00,J5,369,440,809
2018-10-29T19:45:00+09:00,J1,655,753,1408
2018-10-29T19:45:00+09:00,J2,679,651,1330
2018-10-29T19:45:00+09:00,J3,703,643,1346
2018-10-29T19:45:00+09:00,J4,968,863,1831
2018-10-29T19:45:00+09:00,J5,337,396,733
2018-10-29T20:00:00+09:00,J1,605,718,1323
2018-10-29T20:00:00+09:00,J2,580,612,1192
2018-10-29T20:00:00+09:00,J3,682,504,1186
2018-10-29T20:00:00+09:00,J4,963,920,1883
2018-10-29T20:00:00+09:00,J5,310,399,709
2018-10-29T20:15:00+09:00,J1,712,779,1491
2018-10-29T20:15:00+09:00,J2,544,532,1076
2018-10-29T20:15:00+09:00,J3,709,546,1255
2018-10-29T20:15:00+09:00,J4,969,901,1870
2018-10-29T20:15:00+09:00,J5,274,409,683
2018-10-29T20:30:00+09:00,J1,628,706,1334
2018-10-29T20:30:00+09:00,J2,462,504,966
2018-10-29T20:30:00+09:00,J3,643,513,1156
2018-10-29T20:30:00+09:00,J4,929,809,1738
2018-10-29T20:30:00+09:00,J5,263,414,677
2018-10-29T20:45:00+09:00,J1,503,667,1170
2018-10-29T20:45:00+09:00,J2,498,485,983
2018-10-29T20:45:00+09:00,J3,583,500,1083
2018-10-29T20:45:00+09:00,J4,941,862,1803
2018-10-29T20:45:00+09:00,J5,282,339,621
2018-10-29T21:00:00+09:00,J1,696,731,1427
2018-10-29T21:00:00+09:00,J2,452,467,919
2018-10-29T21:00:00+09:00,J3,638,545,1183
2018-10-29T21:00:00+09:00,J4,997,921,1918
2018-10-29T21:00:00+09:00,J5,281,345,626
2018-10-29T21:15:00+09:00,J1,698,724,1422
2018-10-29T21:15:00+09:00,J2,439,449,888
2018-10-29T21:15:00+09:00,J3,670,533,1203
2018-10-29T21:15:00+09:00,J4,942,849,1791
2018-10-29T21:15:00+09:00,J5,332,350,682
2018-10-29T21:30:00+09:00,J1,757,732,1489
2018-10-29T21:30:00+09:00,J2,380,391,771
2018-10-29T21:30:00+09:00,J3,571,504,1075
2018-10-29T21:30:00+09:00,J4,963,867,1830
2018-10-29T21:30:00+09:00,J5,316,239,555
2018-10-29T21:45:00+09:00,J1,689,663,1352
2018-10-29T21:45:00+09:00,J2,417,421,838
2018-10-29T21:45:00+09:00,J3,549,526,1075
2018-10-29T21:45:00+09:00,J4,863,843,1706
2018-10-29T21:45:00+09:00,J5,300,240,540
2018-10-29T22:00:00+09:00,J1,726,741,1467
2018-10-29T22:00:00+09:00,J2,337,357,694
2018-10-29T22:00:00+09:00,J3,597,559,1156
2018-10-29T22:00:00+09:00,J4,705,737,1442
2018-10-29T22:00:00+09:00,J5,230,201,431
2018-10-29T22:15:00+09:00,J1,582,699,1281
2018-10-29T22:15:00+09:00,J2,263,284,547
2018-10-29T22:15:00+09:00,J3,551,457,1008
2018-10-29T22:15:00+09:00,J4,938,913,1851
2018-10-29T22:15:00+09:00,J5,280,245,525
2018-10-29T22:30:00+09:00,J1,604,648,1252
2018-10-29T22:30:00+09:00,J2,233,251,484
2018-10-29T22:30:00+09:00,J3,608,541,1149
2018-10-29T22:30:00+09:00,J4,913,932,1845
2018-10-29T22:30:00+09:00,J5,366,365,731
2018-10-29T22:45:00+09:00,J1,601,634,1235
2018-10-29T22:45:00+09:00,J2,405,426,831
2018-10-29T22:45:00+09:00,J3,674,641,1315
2018-10-29T22:45:00+09:00,J4,843,874,1717
2018-10-29T22:45:00+09:00,J5,455,373,828
2018-10-29T23:00:00+09:00,J1,623,612,1235
2018-10-29T23:00:00+09:00,J2,384,457,841
2018-10-29T23:00:00+09:00,J3,633,616,1249
2018-10-29T23:00:00+09:00,J4,795,826,1621
2018-10-29T23:00:00+09:00,J5,467,404,871
2018-10-29T23:15:00+09:00,J1,613,615,1228
2018-10-29T23:15:00+09:00,J2,286,380,666
2018-10-29T23:15:00+09:00,J3,641,545,1186
2018-10-29T23:15:00+09:00,J4,956,1028,1984
2018-10-29T23:15:00+09:00,J5,473,410,883
2018-10-29T23:30:00+09:00,J1,579,614,1193
2018-10-29T23:30:00+09:00,J2,272,327,599
2018-10-29T23:30:00+09:00,J3,596,537,1133
2018-10-29T23:30:00+09:00,J4,804,771,1575
2018-10-29T23:30:00+09:00,J5,449,421,870
2018-10-29T23:45:00+09:00,J1,524,546,1070
2018-10-29T23:45:00+09:00,J2,271,321,592
2018-10-29T23:45:00+09:00,J3,560,452,1012
2018-10-29T23:45:00+09:00,J4,841,872,1713
2018-10-29T23:45:00+09:00,J5,397,416,813
2018-10-30T00:00:00+09:00,J1,397,399,796
2018-10-30T00:00:00+09:00,J2,218,276,494
2018-10-30T00:00:00+09:00,J3,589,584,1173
2018-10-30T00:00:00+09:00,J4,823,816,1639
2018-10-30T00:00:00+09:00,J5,495,458,953
2018-10-30T00:15:00+09:00,J1,262,264,526
2018-10-30T00:15:00+09:00,J2,232,241,473
2018-10-30T00:15:00+09:00,J3,559,494,1053
2018-10-30T00:15:00+09:00,J4,697,659,1356
2018-10-30T00:15:00+09:00,J5,349,338,687
2018-10-30T00:30:00+09:00,J1,205,256,461
2018-10-30T00:30:00+09:00,J2,225,285,510
2018-10-30T00:30:00+09:00,J3,528,461,989
2018-10-30T00:30:00+09:00,J4,769,693,1462
2018-10-30T00:30:00+09:00,J5,281,333,614
2018-10-30T00:45:00+09:00,J1,241,236,477
2018-10-30T00:45:00+09:00,J2,213,261,474
2018-10-30T00:45:00+09:00,J3,546,535,1081
2018-10-30T00:45:00+09:00,J4,640,647,1287
2018-10-30T00:45:00+09:00,J5,296,312,608
2018-10-30T05:45:00+09:00,J1,435,437,872
2018-10-30T05:45:00+09:00,J2,242,226,468
2018-10-30T05:45:00+09:00,J3,383,402,785
2018-10-30T05:45:00+09:00,J4,700,689,1389
2018-10-30T05:45:00+09:00,J5,309,301,610
2018-10-30T06:00:00+09:00,J1,365,378,743
2018-10-30T06:00:00+09:00,J2,252,337,589
2018-10-30T06:00:00+09:00,J3,425,401,826
2018-10-30T06:00:00+09:00,J4,737,697,1434
2018-10-30T06:00:00+09:00,J5,294,282,576
2018-10-30T06:15:00+09:00,J1,414,407,821
2018-10-30T06:15:00+09:00,J2,317,341,658
2018-10-30T06:15:00+09:00,J3,574,535,1109
2018-10-30T06:15:00+09:00,J4,958,934,1892
2018-10-30T06:15:00+09:00,J5,451,466,917
2018-10-30T06:30:00+09:00,J1,514,448,962
2018-10-30T06:30:00+09:00,J2,295,385,680
2018-10-30T06:30:00+09:00,J3,529,416,945
2018-10-30T06:30:00+09:00,J4,914,891,1805
2018-10-30T06:30:00+09:00,J5,404,453,857
2018-10-30T06:45:00+09:00,J1,601,592,1193
2018-10-30T06:45:00+09:00,J2,360,397,757
2018-10-30T06:45:00+09:00,J3,563,541,1104
2018-10-30T06:45:00+09:00,J4,891,990,1881
2018-10-30T06:45:00+09:00,J5,442,529,971
2018-10-30T07:00:00+09:00,J1,833,819,1652
2018-10-30T07:00:00+09:00,J2,309,385,694
2018-10-30T07:00:00+09:00,J3,514,520,1034
2018-10-30T07:00:00+09:00,J4,887,985,1872
2018-10-30T07:00:00+09:00,J5,520,553,1073
2018-10-30T07:15:00+09:00,J1,838,755,1593
2018-10-30T07:15:00+09:00,J2,350,355,705
2018-10-30T07:15:00+09:00,J3,505,511,1016
2018-10-30T07:15:00+09:00,J4,964,971,1935
2018-10-30T07:15:00+09:00,J5,514,535,1049
2018-10-30T07:30:00+09:00,J1,879,812,1691
2018-10-30T07:30:00+09:00,J2,397,411,808
2018-10-30T07:30:00+09:00,J3,691,656,1347
2018-10-30T07:30:00+09:00,J4,947,1009,1956
2018-10-30T07:30:00+09:00,J5,380,356,736
2018-10-30T07:45:00+09:00,J1,1014,885,1899
2018-10-30T07:45:00+09:00,J2,532,425,957
2018-10-30T07:45:00+09:00,J3,655,724,1379
2018-10-30T07:45:00+09:00,J4,1007,1105,2112
2018-10-30T07:45:00+09:00,J5,453,404,857
2018-10-30T08:00:00+09:00,J1,1180,949,2129
2018-10-30T08:00:00+09:00,J2,697,456,1153
2018-10-30T08:00:00+09:00,J3,694,778,1472
2018-10-30T08:00:00+09:00,J4,1117,1264,2381
2018-10-30T08:00:00+09:00,J5,598,592,1190
2018-10-30T08:15:00+09:00,J1,1228,963,2191
2018-10-30T08:15:00+09:00,J2,776,522,1298
2018-10-30T08:15:00+09:00,J3,879,984,1863
2018-10-30T08:15:00+09:00,J4,920,1236,2156
2018-10-30T08:15:00+09:00,J5,550,547,1097
2018-10-30T08:30:00+09:00,J1,1195,819,2014
2018-10-30T08:30:00+09:00,J2,880,516,1396
2018-10-30T08:30:00+09:00,J3,669,917,1586
2018-10-30T08:30:00+09:00,J4,931,1276,2207
2018-10-30T08:30:00+09:00,J5,511,589,1100
2018-10-30T08:45:00+09:00,J1,978,859,1837
2018-10-30T08:45:00+09:00,J2,651,464,1115
2018-10-30T08:45:00+09:00,J3,593,750,1343
2018-10-30T08:45:00+09:00,J4,767,1041,1808
2018-10-30T08:45:00+09:00,J5,578,531,1109
2018-10-30T09:00:00+09:00,J1,1042,847,1889
2018-10-30T09:00:00+09:00,J2,545,421,966
2018-10-30T09:00:00+09:00,J3,570,666,1236
2018-10-30T09:00:00+09:00,J4,742,905,1647
2018-10-30T09:00:00+09:00,J5,638,568,1206
2018-10-30T09:15:00+09:00,J1,950,744,1694
2018-10-30T09:15:00+09:00,J2,543,378,921
2018-10-30T09:15:00+09:00,J3,697,674,1371
2018-10-30T09:15:00+09:00,J4,739,934,1673
2018-10-30T09:15:00+09:00,J5,494,484,978
2018-10-30T09:30:00+09:00,J1,822,658,1480
2018-10-30T09:30:00+09:00,J2,496,424,920
2018-10-30T09:30:00+09:00,J3,634,626,1260
2018-10-30T09:30:00+09:00,J4,762,892,1654
2018-10-30T09:30:00+09:00,J5,434,323,757
2018-10-30T09:45:00+09:00,J1,892,863,1755
2018-10-30T09:45:00+09:00,J2,477,461,938
2018-10-30T09:45:00+09:00,J3,775,779,1554
2018-10-30T09:45:00+09:00,J4,792,780,1572
2018-10-30T09:45:00+09:00,J5,488,475,963
2018-10-30T10:00:00+09:00,J1,833,797,1630
2018-10-30T10:00:00+09:00,J2,503,453,956
2018-10-30T10:00:00+09:00,J3,762,760,1522
2018-10-30T10:00:00+09:00,J4,802,760,1562
2018-10-30T10:00:00+09:00,J5,403,409,812
2018-10-30T10:15:00+09:00,J1,794,772,1566
2018-10-30T10:15:00+09:00,J2,546,475,1021
2018-10-30T10:15:00+09:00,J3,589,551,1140
2018-10-30T10:15:00+09:00,J4,968,1018,1986
2018-10-30T10:15:00+09:00,J5,353,316,669
2018-10-30T10:30:00+09:00,J1,911,882,1793
2018-10-30T10:30:00+09:00,J2,538,393,931
2018-10-30T10:30:00+09:00,J3,721,640,1361
2018-10-30T10:30:00+09:00,J4,786,882,1668
2018-10-30T10:30:00+09:00,J5,340,342,682
2018-10-30T10:45:00+09:00,J1,788,766,1554
2018-10-30T10:45:00+09:00,J2,508,481,989
2018-10-30T10:45:00+09:00,J3,537,445,982
2018-10-30T10:45:00+09:00,J4,968,1005,1973
2018-10-30T10:45:00+09:00,J5,367,304,671
2018-10-30T11:00:00+09:00,J1,831,741,1572
2018-10-30T11:00:00+09:00,J2,545,503,1048
2018-10-30T11:00:00+09:00,J3,620,559,1179
2018-10-30T11:00:00+09:00,J4,837,928,1765
2018-10-30T11:00:00+09:00,J5,329,289,618
2018-10-30T11:15:00+09:00,J1,1135,1129,2264
2018-10-30T11:15:00+09:00,J2,588,593,1181
2018-10-30T11:15:00+09:00,J3,786,720,1506
2018-10-30T11:15:00+09:00,J4,714,852,1566
2018-10-30T11:15:00+09:00,J5,347,311,658
2018-10-30T11:30:00+09:00,J1,1073,1201,2274
2018-10-30T11:30:00+09:00,J2,634,555,1189
2018-10-30T11:30:00+09:00,J3,666,613,1279
2018-10-30T11:30:00+09:00,J4,711,822,1533
2018-10-30T11:30:00+09:00,J5,392,341,733
2018-10-30T11:45:00+09:00,J1,1033,1101,2134
2018-10-30T11:45:00+09:00,J2,539,519,1058
2018-10-30T11:45:00+09:00,J3,702,585,1287
2018-10-30T11:45:00+09:00,J4,726,834,1560
2018-10-30T11:45:00+09:00,J5,390,350,740
2018-10-30T12:00:00+09:00,J1,1001,1054,2055
2018-10-30T12:00:00+09:00,J2,609,530,1139
2018-10-30T12:00:00+09:00,J3,805,690,1495
2018-10-30T12:00:00+09:00,J4,726,738,1464
2018-10-30T12:00:00+09:00,J5,433,436,869
2018-10-30T12:15:00+09:00,J1,936,1023,1959
2018-10-30T12:15:00+09:00,J2,623,527,1150
2018-10-30T12:15:00+09:00,J3,772,784,1556
2018-10-30T12:15:00+09:00,J4,879,948,1827
2018-10-30T12:15:00+09:00,J5,496,468,964
2018-10-30T12:30:00+09:00,J1,1047,1168,2215
2018-10-30T12:30:00+09:00,J2,705,624,1329
2018-10-30T12:30:00+09:00,J3,821,813,1634
2018-10-30T12:30:00+09:00,J4,1104,1166,2270
2018-10-30T12:30:00+09:00,J5,511,475,986
2018-10-30T12:45:00+09:00,J1,1016,1144,2160
2018-10-30T12:45:00+09:00,J2,628,684,1312
2018-10-30T12:45:00+09:00,J3,783,738,1521
2018-10-30T12:45:00+09:00,J4,1004,1005,2009
2018-10-30T12:45:00+09:00,J5,521,518,1039
2018-10-30T13:00:00+09:00,J1,1004,1161,2165
2018-10-30T13:00:00+09:00,J2,705,614,1319
2018-10-30T13:00:00+09:00,J3,864,669,1533
2018-10-30T13:00:00+09:00,J4,971,976,1947
2018-10-30T13:00:00+09:00,J5,523,506,1029
2018-10-30T13:15:00+09:00,J1,1002,1059,2061
2018-10-30T13:15:00+09:00,J2,757,610,1367
2018-10-30T13:15:00+09:00,J3,780,680,1460
2018-10-30T13:15:00+09:00,J4,999,1055,2054
2018-10-30T13:15:00+09:00,J5,534,508,1042
2018-10-30T13:30:00+09:00,J1,953,1063,2016
2018-10-30T13:30:00+09:00,J2,707,583,1290
2018-10-30T13:30:00+09:00,J3,695,604,1299
2018-10-30T13:30:00+09:00,J4,983,1052,2035
2018-10-30T13:30:00+09:00,J5,614,620,1234
2018-10-30T13:45:00+09:00,J1,986,1101,2087
2018-10-30T13:45:00+09:00,J2,696,579,1275
2018-10-30T13:45:00+09:00,J3,656,645,1301
2018-10-30T13:45:00+09:00,J4,1009,1079,2088
2018-10-30T13:45:00+09:00,J5,558,524,1082
2018-10-30T14:00:00+09:00,J1,961,1096,2057
2018-10-30T14:00:00+09:00,J2,688,576,1264
2018-10-30T14:00:00+09:00,J3,701,665,1366
2018-10-30T14:00:00+09:00,J4,962,1005,1967
2018-10-30T14:00:00+09:00,J5,589,603,1192
2018-10-30T14:15:00+09:00,J1,991,1130,2121
2018-10-30T14:15:00+09:00,J2,700,652,1352
2018-10-30T14:15:00+09:00,J3,720,569,1289
2018-10-30T14:15:00+09:00,J4,1039,1094,2133
2018-10-30T14:15:00+09:00,J5,644,604,1248
2018-10-30T14:30:00+09:00,J1,967,1063,2030
2018-10-30T14:30:00+09:00,J2,714,555,1269
2018-10-30T14:30:00+09:00,J3,675,581,1256
2018-10-30T14:30:00+09:00,J4,959,916,1875
2018-10-30T14:30:00+09:00,J5,564,572,1136
2018-10-30T14:45:00+09:00,J1,985,1023,2008
2018-10-30T14:45:00+09:00,J2,651,564,1215
2018-10-30T14:45:00+09:00,J3,666,623,1289
2018-10-30T14:45:00+09:00,J4,925,956,1881
2018-10-30T14:45:00+09:00,J5,473,519,992
2018-10-30T15:00:00+09:00,J1,997,1143,2140
2018-10-30T15:00:00+09:00,J2,703,600,1303
2018-10-30T15:00:00+09:00,J3,742,658,1400
2018-10-30T15:00:00+09:00,J4,831,905,1736
2018-10-30T15:00:00+09:00,J5,577,586,1163
2018-10-30T15:15:00+09:00,J1,898,1093,1991
2018-10-30T15:15:00+09:00,J2,670,567,1237
2018-10-30T15:15:00+09:00,J3,648,648,1296
2018-10-30T15:15:00+09:00,J4,1128,1126,2254
2018-10-30T15:15:00+09:00,J5,554,560,1114
2018-10-30T15:30:00+09:00,J1,907,1059,1966
2018-10-30T15:30:00+09:00,J2,728,600,1328
2018-10-30T15:30:00+09:00,J3,661,682,1343
2018-10-30T15:30:00+09:00,J4,991,1106,2097
2018-10-30T15:30:00+09:00,J5,520,555,1075
2018-10-30T15:45:00+09:00,J1,935,1178,2113
2018-10-30T15:45:00+09:00,J2,714,560,1274
2018-10-30T15:45:00+09:00,J3,633,639,1272
2018-10-30T15:45:00+09:00,J4,1032,1055,2087
2018-10-30T15:45:00+09:00,J5,621,626,1247
2018-10-30T16:00:00+09:00,J1,856,1016,1872
2018-10-30T16:00:00+09:00,J2,655,612,1267
2018-10-30T16:00:00+09:00,J3,667,678,1345
2018-10-30T16:00:00+09:00,J4,1136,1099,2235
2018-10-30T16:00:00+09:00,J5,577,583,1160
2018-10-30T16:15:00+09:00,J1,930,1187,2117
2018-10-30T16:15:00+09:00,J2,701,623,1324
2018-10-30T16:15:00+09:00,J3,617,663,1280
2018-10-30T16:15:00+09:00,J4,1036,1095,2131
2018-10-30T16:15:00+09:00,J5,634,619,1253
2018-10-30T16:30:00+09:00,J1,931,1085,2016
2018-10-30T16:30:00+09:00,J2,749,638,1387
2018-10-30T16:30:00+09:00,J3,708,648,1356
2018-10-30T16:30:00+09:00,J4,956,1061,2017
2018-10-30T16:30:00+09:00,J5,601,564,1165
2018-10-30T16:45:00+09:00,J1,979,1083,2062
2018-10-30T16:45:00+09:00,J2,723,610,1333
2018-10-30T16:45:00+09:00,J3,665,657,1322
2018-10-30T16:45:00+09:00,J4,1081,1093,2174
2018-10-30T16:45:00+09:00,J5,581,632,1213
2018-10-30T17:00:00+09:00,J1,1075,1150,2225
2018-10-30T17:00:00+09:00,J2,749,657,1406
2018-10-30T17:00:00+09:00,J3,722,650,1372
2018-10-30T17:00:00+09:00,J4,983,929,1912
2018-10-30T17:00:00+09:00,J5,565,690,1255
2018-10-30T17:15:00+09:00,J1,1024,1246,2270
2018-10-30T17:15:00+09:00,J2,728,722,1450
2018-10-30T17:15:00+09:00,J3,799,812,1611
2018-10-30T17:15:00+09:00,J4,1041,955,1996
2018-10-30T17:15:00+09:00,J5,551,621,1172
2018-10-30T17:30:00+09:00,J1,1045,1267,2312
2018-10-30T17:30:00+09:00,J2,817,711,1528
2018-10-30T17:30:00+09:00,J3,915,881,1796
2018-10-30T17:30:00+09:00,J4,924,960,1884
2018-10-30T17:30:00+09:00,J5,614,650,1264
2018-10-30T17:45:00+09:00,J1,1118,1227,2345
2018-10-30T17:45:00+09:00,J2,877,720,1597
2018-10-30T17:45:00+09:00,J3,964,845,1809
2018-10-30T17:45:00+09:00,J4,938,795,1733
2018-10-30T17:45:00+09:00,J5,527,625,1152
2018-10-30T18:00:00+09:00,J1,1197,1252,2449
2018-10-30T18:00:00+09:00,J2,946,792,1738
2018-10-30T18:00:00+09:00,J3,1024,912,1936
2018-10-30T18:00:00+09:00,J4,1009,850,1859
2018-10-30T18:00:00+09:00,J5,527,646,1173
2018-10-30T18:15:00+09:00,J1,1140,1313,2453
2018-10-30T18:15:00+09:00,J2,857,779,1636
2018-10-30T18:15:00+09:00,J3,972,930,1902
2018-10-30T18:15:00+09:00,J4,1011,858,1869
2018-10-30T18:15:00+09:00,J5,522,619,1141
2018-10-30T18:30:00+09:00,J1,1069,1153,2222
2018-10-30T18:30:00+09:00,J2,789,719,1508
2018-10-30T18:30:00+09:00,J3,941,916,1857
2018-10-30T18:30:00+09:00,J4,1062,962,2024
2018-10-30T18:30:00+09:00,J5,455,570,1025
2018-10-30T18:45:00+09:00,J1,1004,1165,2169
2018-10-30T18:45:00+09:00,J2,845,744,1589
2018-10-30T18:45:00+09:00,J3,937,904,1841
2018-10-30T18:45:00+09:00,J4,1152,1001,2153
2018-10-30T18:45:00+09:00,J5,479,502,981
2018-10-30T19:00:00+09:00,J1,979,1096,2075
2018-10-30T19:00:00+09:00,J2,723,663,1386
2018-10-30T19:00:00+09:00,J3,952,823,1775
2018-10-30T19:00:00+09:00,J4,1155,1031,2186
2018-10-30T19:00:00+09:00,J5,482,477,959
2018-10-30T19:15:00+09:00,J1,1006,1143,2149
2018-10-30T19:15:00+09:00,J2,699,625,1324
2018-10-30T19:15:00+09:00,J3,948,786,1734
2018-10-30T19:15:00+09:00,J4,1123,1007,2130
2018-10-30T19:15:00+09:00,J5,488,476,964
2018-10-30T19:30:00+09:00,J1,950,1065,2015
2018-10-30T19:30:00+09:00,J2,626,582,1208
2018-10-30T19:30:00+09:00,J3,926,794,1720
2018-10-30T19:30:00+09:00,J4,1084,1007,2091
2018-10-30T19:30:00+09:00,J5,407,479,886
2018-10-30T19:45:00+09:00,J1,947,979,1926
2018-10-30T19:45:00+09:00,J2,588,547,1135
2018-10-30T19:45:00+09:00,J3,856,674,1530
2018-10-30T19:45:00+09:00,J4,1059,985,2044
2018-10-30T19:45:00+09:00,J5,435,472,907
2018-10-30T20:00:00+09:00,J1,891,947,1838
2018-10-30T20:00:00+09:00,J2,559,491,1050
2018-10-30T20:00:00+09:00,J3,852,819,1671
2018-10-30T20:00:00+09:00,J4,1045,992,2037
2018-10-30T20:00:00+09:00,J5,475,482,957
2018-10-30T20:15:00+09:00,J1,907,981,1888
2018-10-30T20:15:00+09:00,J2,618,543,1161
2018-10-30T20:15:00+09:00,J3,868,802,1670
2018-10-30T20:15:00+09:00,J4,1218,1085,2303
2018-10-30T20:15:00+09:00,J5,417,465,882
2018-10-30T20:30:00+09:00,J1,923,961,1884
2018-10-30T20:30:00+09:00,J2,598,541,1139
2018-10-30T20:30:00+09:00,J3,860,735,1595
2018-10-30T20:30:00+09:00,J4,1089,974,2063
2018-10-30T20:30:00+09:00,J5,416,409,825
2018-10-30T20:45:00+09:00,J1,985,981,1966
2018-10-30T20:45:00+09:00,J2,626,563,1189
2018-10-30T20:45:00+09:00,J3,820,647,1467
2018-10-30T20:45:00+09:00,J4,1145,1046,2191
2018-10-30T20:45:00+09:00,J5,466,454,920
2018-10-30T21:00:00+09:00,J1,887,1024,1911
2018-10-30T21:00:00+09:00,J2,627,549,1176
2018-10-30T21:00:00+09:00,J3,805,611,1416
2018-10-30T21:00:00+09:00,J4,1131,1065,2196
2018-10-30T21:00:00+09:00,J5,484,435,919
2018-10-30T21:15:00+09:00,J1,912,1041,1953
2018-10-30T21:15:00+09:00,J2,483,474,957
2018-10-30T21:15:00+09:00,J3,804,597,1401
2018-10-30T21:15:00+09:00,J4,1144,1072,2216
2018-10-30T21:15:00+09:00,J5,428,478,906
2018-10-30T21:30:00+09:00,J1,879,998,1877
2018-10-30T21:30:00+09:00,J2,498,470,968
2018-10-30T21:30:00+09:00,J3,821,648,1469
2018-10-30T21:30:00+09:00,J4,1088,1056,2144
2018-10-30T21:30:00+09:00,J5,507,503,1010
2018-10-30T21:45:00+09:00,J1,895,922,1817
2018-10-30T21:45:00+09:00,J2,533,528,1061
2018-10-30T21:45:00+09:00,J3,691,550,1241
2018-10-30T21:45:00+09:00,J4,1041,1048,2089
2018-10-30T21:45:00+09:00,J5,534,557,1091
2018-10-30T22:00:00+09:00,J1,874,923,1797
2018-10-30T22:00:00+09:00,J2,594,627,1221
2018-10-30T22:00:00+09:00,J3,682,576,1258
2018-10-30T22:00:00+09:00,J4,1021,1087,2108
2018-10-30T22:00:00+09:00,J5,539,577,1116
2018-10-30T22:15:00+09:00,J1,813,989,1802
2018-10-30T22:15:00+09:00,J2,543,570,1113
2018-10-30T22:15:00+09:00,J3,688,527,1215
2018-10-30T22:15:00+09:00,J4,1140,1167,2307
2018-10-30T22:15:00+09:00,J5,527,557,1084
2018-10-30T22:30:00+09:00,J1,816,926,1742
2018-10-30T22:30:00+09:00,J2,545,558,1103
2018-10-30T22:30:00+09:00,J3,653,525,1178
2018-10-30T22:30:00+09:00,J4,1013,1024,2037
2018-10-30T22:30:00+09:00,J5,437,475,912
2018-10-30T22:45:00+09:00,J1,782,910,1692
2018-10-30T22:45:00+09:00,J2,446,491,937
2018-10-30T22:45:00+09:00,J3,638,542,1180
2018-10-30T22:45:00+09:00,J4,947,917,1864
2018-10-30T22:45:00+09:00,J5,384,357,741
2018-10-30T23:00:00+09:00,J1,862,803,1665
2018-10-30T23:00:00+09:00,J2,461,454,915
2018-10-30T23:00:00+09:00,J3,680,635,1315
2018-10-30T23:00:00+09:00,J4,854,935,1789
2018-10-30T23:00:00+09:00,J5,366,414,780
2018-10-30T23:15:00+09:00,J1,790,829,1619
2018-10-30T23:15:00+09:00,J2,535,632,1167
2018-10-30T23:15:00+09:00,J3,664,568,1232
2018-10-30T23:15:00+09:00,J4,1008,997,2005
2018-10-30T23:15:00+09:00,J5,455,359,814
2018-10-30T23:30:00+09:00,J1,789,821,1610
2018-10-30T23:30:00+09:00,J2,532,519,1051
2018-10-30T23:30:00+09:00,J3,708,644,1352
2018-10-30T23:30:00+09:00,J4,814,848,1662
2018-10-30T23:30:00+09:00,J5,367,322,689
2018-10-30T23:45:00+09:00,J1,720,756,1476
2018-10-30T23:45:00+09:00,J2,505,461,966
2018-10-30T23:45:00+09:00,J3,500,470,970
2018-10-30T23:45:00+09:00,J4,770,764,1534
2018-10-30T23:45:00+09:00,J5,380,319,699
2018-10-31T00:00:00+09:00,J1,474,489,963
2018-10-31T00:00:00+09:00,J2,353,311,664
2018-10-31T00:00:00+09:00,J3,565,464,1029
2018-10-31T00:00:00+09:00,J4,740,772,1512
2018-10-31T00:00:00+09:00,J5,399,353,752
2018-10-31T00:15:00+09:00,J1,373,441,814
2018-10-31T00:15:00+09:00,J2,296,245,541
2018-10-31T00:15:00+09:00,J3,651,633,1284
2018-10-31T00:15:00+09:00,J4,507,529,1036
2018-10-31T00:15:00+09:00,J5,464,465,929
2018-10-31T00:30:00+09:00,J1,509,442,951
2018-10-31T00:30:00+09:00,J2,356,264,620
2018-10-31T00:30:00+09:00,J3,725,689,1414
2018-10-31T00:30:00+09:00,J4,354,401,755
2018-10-31T00:30:00+09:00,J5,544,537,1081
2018-10-31T00:45:00+09:00,J1,452,415,867
2018-10-31T00:45:00+09:00,J2,344,297,641
2018-10-31T00:45:00+09:00,J3,692,625,1317
2018-10-31T00:45:00+09:00,J4,272,344,616
2018-10-31T00:45:00+09:00,J5,519,470,989
2018-10-31T05:45:00+09:00,J1,464,445,909
2018-10-31T05:45:00+09:00,J2,356,325,681
2018-10-31T05:45:00+09:00,J3,456,358,814
2018-10-31T05:45:00+09:00,J4,683,649,1332
2018-10-31T05:45:00+09:00,J5,248,274,522
2018-10-31T06:00:00+09:00,J1,704,600,1304
2018-10-31T06:00:00+09:00,J2,492,418,910
2018-10-31T06:00:00+09:00,J3,432,397,829
2018-10-31T06:00:00+09:00,J4,730,700,1430
2018-10-31T06:00:00+09:00,J5,241,207,448
2018-10-31T06:15:00+09:00,J1,778,697,1475
2018-10-31T06:15:00+09:00,J2,544,522,1066
2018-10-31T06:15:00+09:00,J3,484,406,890
2018-10-31T06:15:00+09:00,J4,747,801,1548
2018-10-31T06:15:00+09:00,J5,332,278,610
2018-10-31T06:30:00+09:00,J1,716,710,1426
2018-10-31T06:30:00+09:00,J2,519,545,1064
2018-10-31T06:30:00+09:00,J3,506,393,899
2018-10-31T06:30:00+09:00,J4,653,656,1309
2018-10-31T06:30:00+09:00,J5,357,349,706
2018-10-31T06:45:00+09:00,J1,806,766,1572
2018-10-31T06:45:00+09:00,J2,551,541,1092
2018-10-31T06:45:00+09:00,J3,507,391,898
2018-10-31T06:45:00+09:00,J4,642,787,1429
2018-10-31T06:45:00+09:00,J5,410,353,763
2018-10-31T07:00:00+09:00,J1,782,802,1584
2018-10-31T07:00:00+09:00,J2,493,500,993
2018-10-31T07:00:00+09:00,J3,613,530,1143
2018-10-31T07:00:00+09:00,J4,749,812,1561
2018-10-31T07:00:00+09:00,J5,520,491,1011
2018-10-31T07:15:00+09:00,J1,842,851,1693
2018-10-31T07:15:00+09:00,J2,601,549,1150
2018-10-31T07:15:00+09:00,J3,613,495,1108
2018-10-31T07:15:00+09:00,J4,850,921,1771
2018-10-31T07:15:00+09:00,J5,481,501,982
2018-10-31T07:30:00+09:00,J1,1018,916,1934
2018-10-31T07:30:00+09:00,J2,607,482,1089
2018-10-31T07:30:00+09:00,J3,741,674,1415
2018-10-31T07:30:00+09:00,J4,883,999,1882
2018-10-31T07:30:00+09:00,J5,591,593,1184
2018-10-31T07:45:00+09:00,J1,1055,985,2040
2018-10-31T07:45:00+09:00,J2,621,390,1011
2018-10-31T07:45:00+09:00,J3,749,737,1486
2018-10-31T07:45:00+09:00,J4,973,1168,2141
2018-10-31T07:45:00+09:00,J5,646,696,1342
2018-10-31T08:00:00+09:00,J1,1207,1115,2322
2018-10-31T08:00:00+09:00,J2,740,425,1165
2018-10-31T08:00:00+09:00,J3,813,909,1722
2018-10-31T08:00:00+09:00,J4,1031,1280,2311
2018-10-31T08:00:00+09:00,J5,552,588,1140
2018-10-31T08:15:00+09:00,J1,1265,1061,2326
2018-10-31T08:15:00+09:00,J2,963,564,1527
2018-10-31T08:15:00+09:00,J3,857,1028,1885
2018-10-31T08:15:00+09:00,J4,1020,1336,2356
2018-10-31T08:15:00+09:00,J5,586,579,1165
2018-10-31T08:30:00+09:00,J1,1387,1045,2432
2018-10-31T08:30:00+09:00,J2,1050,701,1751
2018-10-31T08:30:00+09:00,J3,948,1204,2152
2018-10-31T08:30:00+09:00,J4,1086,1285,2371
2018-10-31T08:30:00+09:00,J5,614,639,1253
2018-10-31T08:45:00+09:00,J1,1159,945,2104
2018-10-31T08:45:00+09:00,J2,841,663,1504
2018-10-31T08:45:00+09:00,J3,773,1002,1775
2018-10-31T08:45:00+09:00,J4,1147,1205,2352
2018-10-31T08:45:00+09:00,J5,523,513,1036
2018-10-31T09:00:00+09:00,J1,1059,980,2039
2018-10-31T09:00:00+09:00,J2,766,655,1421
2018-10-31T09:00:00+09:00,J3,833,857,1690
2018-10-31T09:00:00+09:00,J4,972,1050,2022
2018-10-31T09:00:00+09:00,J5,607,614,1221
2018-10-31T09:15:00+09:00,J1,890,911,1801
2018-10-31T09:15:00+09:00,J2,607,411,1018
2018-10-31T09:15:00+09:00,J3,771,779,1550
2018-10-31T09:15:00+09:00,J4,1072,1210,2282
2018-10-31T09:15:00+09:00,J5,686,632,1318
2018-10-31T09:30:00+09:00,J1,969,854,1823
2018-10-31T09:30:00+09:00,J2,625,410,1035
2018-10-31T09:30:00+09:00,J3,888,855,1743
2018-10-31T09:30:00+09:00,J4,1038,1042,2080
2018-10-31T09:30:00+09:00,J5,575,598,1173
2018-10-31T09:45:00+09:00,J1,958,913,1871
2018-10-31T09:45:00+09:00,J2,532,429,961
2018-10-31T09:45:00+09:00,J3,776,832,1608
2018-10-31T09:45:00+09:00,J4,914,979,1893
2018-10-31T09:45:00+09:00,J5,523,481,1004
2018-10-31T10:00:00+09:00,J1,862,901,1763
2018-10-31T10:00:00+09:00,J2,490,418,908
2018-10-31T10:00:00+09:00,J3,805,825,1630
2018-10-31T10:00:00+09:00,J4,888,953,1841
2018-10-31T10:00:00+09:00,J5,484,475,959
2018-10-31T10:15:00+09:00,J1,924,881,1805
2018-10-31T10:15:00+09:00,J2,619,483,1102
2018-10-31T10:15:00+09:00,J3,895,749,1644
2018-10-31T10:15:00+09:00,J4,934,869,1803
2018-10-31T10:15:00+09:00,J5,452,444,896
2018-10-31T10:30:00+09:00,J1,894,965,1859
2018-10-31T10:30:00+09:00,J2,637,504,1141
2018-10-31T10:30:00+09:00,J3,861,833,1694
2018-10-31T10:30:00+09:00,J4,971,974,1945
2018-10-31T10:30:00+09:00,J5,448,436,884
2018-10-31T10:45:00+09:00,J1,887,974,1861
2018-10-31T10:45:00+09:00,J2,701,643,1344
2018-10-31T10:45:00+09:00,J3,809,779,1588
2018-10-31T10:45:00+09:00,J4,981,932,1913
2018-10-31T10:45:00+09:00,J5,395,393,788
2018-10-31T11:00:00+09:00,J1,838,952,1790
2018-10-31T11:00:00+09:00,J2,637,588,1225
2018-10-31T11:00:00+09:00,J3,849,871,1720
2018-10-31T11:00:00+09:00,J4,940,1039,1979
2018-10-31T11:00:00+09:00,J5,375,359,734
2018-10-31T11:15:00+09:00,J1,962,1158,2120
2018-10-31T11:15:00+09:00,J2,747,711,1458
2018-10-31T11:15:00+09:00,J3,817,810,1627
2018-10-31T11:15:00+09:00,J4,1059,990,2049
2018-10-31T11:15:00+09:00,J5,390,394,784
2018-10-31T11:30:00+09:00,J1,991,1170,2161
2018-10-31T11:30:00+09:00,J2,736,685,1421
2018-10-31T11:30:00+09:00,J3,795,839,1634
2018-10-31T11:30:00+09:00,J4,980,1001,1981
2018-10-31T11:30:00+09:00,J5,531,537,1068
2018-10-31T11:45:00+09:00,J1,961,1145,2106
2018-10-31T11:45:00+09:00,J2,699,678,1377
2018-10-31T11:45:00+09:00,J3,806,832,1638
2018-10-31T11:45:00+09:00,J4,940,886,1826
2018-10-31T11:45:00+09:00,J5,494,548,1042
2018-10-31T12:00:00+09:00,J1,987,1144,2131
2018-10-31T12:00:00+09:00,J2,788,840,1628
2018-10-31T12:00:00+09:00,J3,843,926,1769
2018-10-31T12:00:00+09:00,J4,834,842,1676
2018-10-31T12:00:00+09:00,J5,562,566,1128
2018-10-31T12:15:00+09:00,J1,968,1138,2106
2018-10-31T12:15:00+09:00,J2,847,776,1623
2018-10-31T12:15:00+09:00,J3,759,714,1473
2018-10-31T12:15:00+09:00,J4,815,843,1658
2018-10-31T12:15:00+09:00,J5,595,563,1158
2018-10-31T12:30:00+09:00,J1,959,1170,2129
2018-10-31T12:30:00+09:00,J2,890,755,1645
2018-10-31T12:30:00+09:00,J3,730,708,1438
2018-10-31T12:30:00+09:00,J4,902,970,1872
2018-10-31T12:30:00+09:00,J5,587,567,1154
2018-10-31T12:45:00+09:00,J1,977,1152,2129
2018-10-31T12:45:00+09:00,J2,894,751,1645
2018-10-31T12:45:00+09:00,J3,690,637,1327
2018-10-31T12:45:00+09:00,J4,1018,987,2005
2018-10-31T12:45:00+09:00,J5,667,607,1274
2018-10-31T13:00:00+09:00,J1,953,1144,2097
2018-10-31T13:00:00+09:00,J2,803,799,1602
2018-10-31T13:00:00+09:00,J3,661,580,1241
2018-10-31T13:00:00+09:00,J4,781,840,1621
2018-10-31T13:00:00+09:00,J5,569,662,1231
2018-10-31T13:15:00+09:00,J1,939,1108,2047
2018-10-31T13:15:00+09:00,J2,822,745,1567
2018-10-31T13:15:00+09:00,J3,762,572,1334
2018-10-31T13:15:00+09:00,J4,770,890,1660
2018-10-31T13:15:00+09:00,J5,541,606,1147
2018-10-31T13:30:00+09:00,J1,965,1199,2164
2018-10-31T13:30:00+09:00,J2,831,689,1520
2018-10-31T13:30:00+09:00,J3,732,642,1374
2018-10-31T13:30:00+09:00,J4,914,1022,1936
2018-10-31T13:30:00+09:00,J5,520,555,1075
2018-10-31T13:45:00+09:00,J1,1004,1181,2185
2018-10-31T13:45:00+09:00,J2,731,753,1484
2018-10-31T13:45:00+09:00,J3,734,624,1358
2018-10-31T13:45:00+09:00,J4,997,1034,2031
2018-10-31T13:45:00+09:00,J5,549,574,1123
2018-10-31T14:00:00+09:00,J1,939,1032,1971
2018-10-31T14:00:00+09:00,J2,735,772,1507
2018-10-31T14:00:00+09:00,J3,732,649,1381
2018-10-31T14:00:00+09:00,J4,1080,1044,2124
2018-10-31T14:00:00+09:00,J5,544,596,1140
2018-10-31T14:15:00+09:00,J1,968,1165,2133
2018-10-31T14:15:00+09:00,J2,801,754,1555
2018-10-31T14:15:00+09:00,J3,688,641,1329
2018-10-31T14:15:00+09:00,J4,1036,1104,2140
2018-10-31T14:15:00+09:00,J5,560,536,1096
2018-10-31T14:30:00+09:00,J1,931,1124,2055
2018-10-31T14:30:00+09:00,J2,765,822,1587
2018-10-31T14:30:00+09:00,J3,649,622,1271
2018-10-31T14:30:00+09:00,J4,1109,1160,2269
2018-10-31T14:30:00+09:00,J5,552,605,1157
2018-10-31T14:45:00+09:00,J1,989,1106,2095
2018-10-31T14:45:00+09:00,J2,787,743,1530
2018-10-31T14:45:00+09:00,J3,697,624,1321
2018-10-31T14:45:00+09:00,J4,965,972,1937
2018-10-31T14:45:00+09:00,J5,593,580,1173
2018-10-31T15:00:00+09:00,J1,935,1090,2025
2018-10-31T15:00:00+09:00,J2,764,771,1535
2018-10-31T15:00:00+09:00,J3,654,651,1305
2018-10-31T15:00:00+09:00,J4,1161,1154,2315
2018-10-31T15:00:00+09:00,J5,607,537,1144
2018-10-31T15:15:00+09:00,J1,1003,1121,2124
2018-10-31T15:15:00+09:00,J2,776,781,1557
2018-10-31T15:15:00+09:00,J3,670,610,1280
2018-10-31T15:15:00+09:00,J4,1124,1035,2159
2018-10-31T15:15:00+09:00,J5,599,539,1138
2018-10-31T15:30:00+09:00,J1,1033,1159,2192
2018-10-31T15:30:00+09:00,J2,774,818,1592
2018-10-31T15:30:00+09:00,J3,708,590,1298
2018-10-31T15:30:00+09:00,J4,1020,1051,2071
2018-10-31T15:30:00+09:00,J5,600,584,1184
2018-10-31T15:45:00+09:00,J1,1012,1112,2124
2018-10-31T15:45:00+09:00,J2,723,785,1508
2018-10-31T15:45:00+09:00,J3,745,654,1399
2018-10-31T15:45:00+09:00,J4,1059,1128,2187
2018-10-31T15:45:00+09:00,J5,588,589,1177
2018-10-31T16:00:00+09:00,J1,954,1117,2071
2018-10-31T16:00:00+09:00,J2,783,791,1574
2018-10-31T16:00:00+09:00,J3,743,601,1344
2018-10-31T16:00:00+09:00,J4,1126,1100,2226
2018-10-31T16:00:00+09:00,J5,637,634,1271
2018-10-31T16:15:00+09:00,J1,982,1171,2153
2018-10-31T16:15:00+09:00,J2,817,709,1526
2018-10-31T16:15:00+09:00,J3,725,646,1371
2018-10-31T16:15:00+09:00,J4,1084,1103,2187
2018-10-31T16:15:00+09:00,J5,549,566,1115
2018-10-31T16:30:00+09:00,J1,973,1165,2138
2018-10-31T16:30:00+09:00,J2,818,824,1642
2018-10-31T16:30:00+09:00,J3,780,655,1435
2018-10-31T16:30:00+09:00,J4,1099,1091,2190
2018-10-31T16:30:00+09:00,J5,594,581,1175
2018-10-31T16:45:00+09:00,J1,931,1254,2185
2018-10-31T16:45:00+09:00,J2,774,757,1531
2018-10-31T16:45:00+09:00,J3,830,610,1440
2018-10-31T16:45:00+09:00,J4,982,1056,2038
2018-10-31T16:45:00+09:00,J5,625,622,1247
2018-10-31T17:00:00+09:00,J1,1048,1238,2286
2018-10-31T17:00:00+09:00,J2,764,807,1571
2018-10-31T17:00:00+09:00,J3,779,663,1442
2018-10-31T17:00:00+09:00,J4,1098,1100,2198
2018-10-31T17:00:00+09:00,J5,544,604,1148
2018-10-31T17:15:00+09:00,J1,1047,1134,2181
2018-10-31T17:15:00+09:00,J2,831,810,1641
2018-10-31T17:15:00+09:00,J3,868,719,1587
2018-10-31T17:15:00+09:00,J4,1020,959,1979
2018-10-31T17:15:00+09:00,J5,538,570,1108
2018-10-31T17:30:00+09:00,J1,1101,1223,2324
2018-10-31T17:30:00+09:00,J2,920,835,1755
2018-10-31T17:30:00+09:00,J3,886,863,1749
2018-10-31T17:30:00+09:00,J4,981,935,1916
2018-10-31T17:30:00+09:00,J5,519,611,1130
2018-10-31T17:45:00+09:00,J1,1134,1220,2354
2018-10-31T17:45:00+09:00,J2,966,839,1805
2018-10-31T17:45:00+09:00,J3,1003,929,1932
2018-10-31T17:45:00+09:00,J4,1027,898,1925
2018-10-31T17:45:00+09:00,J5,519,566,1085
2018-10-31T18:00:00+09:00,J1,1107,1288,2395
2018-10-31T18:00:00+09:00,J2,986,897,1883
2018-10-31T18:00:00+09:00,J3,1059,854,1913
2018-10-31T18:00:00+09:00,J4,1060,958,2018
2018-10-31T18:00:00+09:00,J5,504,603,1107
2018-10-31T18:15:00+09:00,J1,1107,1297,2404
2018-10-31T18:15:00+09:00,J2,1016,807,1823
2018-10-31T18:15:00+09:00,J3,1063,960,2023
2018-10-31T18:15:00+09:00,J4,1051,905,1956
2018-10-31T18:15:00+09:00,J5,524,634,1158
2018-10-31T18:30:00+09:00,J1,1063,1125,2188
2018-10-31T18:30:00+09:00,J2,910,710,1620
2018-10-31T18:30:00+09:00,J3,995,885,1880
2018-10-31T18:30:00+09:00,J4,1057,960,2017
2018-10-31T18:30:00+09:00,J5,468,475,943
2018-10-31T18:45:00+09:00,J1,970,1064,2034
2018-10-31T18:45:00+09:00,J2,864,767,1631
2018-10-31T18:45:00+09:00,J3,974,817,1791
2018-10-31T18:45:00+09:00,J4,1090,977,2067
2018-10-31T18:45:00+09:00,J5,364,426,790
2018-10-31T19:00:00+09:00,J1,929,1050,1979
2018-10-31T19:00:00+09:00,J2,774,599,1373
2018-10-31T19:00:00+09:00,J3,925,797,1722
2018-10-31T19:00:00+09:00,J4,1180,1024,2204
2018-10-31T19:00:00+09:00,J5,392,413,805
2018-10-31T19:15:00+09:00,J1,957,1039,1996
2018-10-31T19:15:00+09:00,J2,737,660,1397
2018-10-31T19:15:00+09:00,J3,904,733,1637
2018-10-31T19:15:00+09:00,J4,990,817,1807
2018-10-31T19:15:00+09:00,J5,374,465,839
2018-10-31T19:30:00+09:00,J1,937,1049,1986
2018-10-31T19:30:00+09:00,J2,622,553,1175
2018-10-31T19:30:00+09:00,J3,915,789,1704
2018-10-31T19:30:00+09:00,J4,1030,979,2009
2018-10-31T19:30:00+09:00,J5,387,463,850
2018-10-31T19:45:00+09:00,J1,957,994,1951
2018-10-31T19:45:00+09:00,J2,623,524,1147
2018-10-31T19:45:00+09:00,J3,837,819,1656
2018-10-31T19:45:00+09:00,J4,1138,1121,2259
2018-10-31T19:45:00+09:00,J5,359,363,722
2018-10-31T20:00:00+09:00,J1,937,1081,2018
2018-10-31T20:00:00+09:00,J2,774,661,1435
2018-10-31T20:00:00+09:00,J3,808,754,1562
2018-10-31T20:00:00+09:00,J4,1104,1037,2141
2018-10-31T20:00:00+09:00,J5,389,386,775
2018-10-31T20:15:00+09:00,J1,792,976,1768
2018-10-31T20:15:00+09:00,J2,685,569,1254
2018-10-31T20:15:00+09:00,J3,881,763,1644
2018-10-31T20:15:00+09:00,J4,1034,1034,2068
2018-10-31T20:15:00+09:00,J5,376,382,758
2018-10-31T20:30:00+09:00,J1,819,883,1702
2018-10-31T20:30:00+09:00,J2,659,653,1312
2018-10-31T20:30:00+09:00,J3,795,674,1469
2018-10-31T20:30:00+09:00,J4,1017,991,2008
2018-10-31T20:30:00+09:00,J5,410,410,820
2018-10-31T20:45:00+09:00,J1,788,926,1714
2018-10-31T20:45:00+09:00,J2,611,631,1242
2018-10-31T20:45:00+09:00,J3,737,673,1410
2018-10-31T20:45:00+09:00,J4,997,988,1985
2018-10-31T20:45:00+09:00,J5,419,414,833
2018-10-31T21:00:00+09:00,J1,807,910,1717
2018-10-31T21:00:00+09:00,J2,599,618,1217
2018-10-31T21:00:00+09:00,J3,798,646,1444
2018-10-31T21:00:00+09:00,J4,1094,1112,2206
2018-10-31T21:00:00+09:00,J5,371,380,751
2018-10-31T21:15:00+09:00,J1,911,985,1896
2018-10-31T21:15:00+09:00,J2,619,562,1181
2018-10-31T21:15:00+09:00,J3,807,723,1530
2018-10-31T21:15:00+09:00,J4,1132,1110,2242
2018-10-31T21:15:00+09:00,J5,362,414,776
2018-10-31T21:30:00+09:00,J1,845,946,1791
2018-10-31T21:30:00+09:00,J2,632,597,1229
2018-10-31T21:30:00+09:00,J3,785,659,1444
2018-10-31T21:30:00+09:00,J4,1147,1120,2267
2018-10-31T21:30:00+09:00,J5,430,457,887
2018-10-31T21:45:00+09:00,J1,823,879,1702
2018-10-31T21:45:00+09:00,J2,591,645,1236
2018-10-31T21:45:00+09:00,J3,698,644,1342
2018-10-31T21:45:00+09:00,J4,1055,1042,2097
2018-10-31T21:45:00+09:00,J5,488,460,948
2018-10-31T22:00:00+09:00,J1,818,836,1654
2018-10-31T22:00:00+09:00,J2,571,600,1171
2018-10-31T22:00:00+09:00,J3,701,574,1275
2018-10-31T22:00:00+09:00,J4,1041,1050,2091
2018-10-31T22:00:00+09:00,J5,520,485,1005
2018-10-31T22:15:00+09:00,J1,721,753,1474
2018-10-31T22:15:00+09:00,J2,624,637,1261
2018-10-31T22:15:00+09:00,J3,638,500,1138
2018-10-31T22:15:00+09:00,J4,1044,967,2011
2018-10-31T22:15:00+09:00,J5,477,497,974
2018-10-31T22:30:00+09:00,J1,696,829,1525
2018-10-31T22:30:00+09:00,J2,670,640,1310
2018-10-31T22:30:00+09:00,J3,662,494,1156
2018-10-31T22:30:00+09:00,J4,877,874,1751
2018-10-31T22:30:00+09:00,J5,380,407,787
2018-10-31T22:45:00+09:00,J1,723,785,1508
2018-10-31T22:45:00+09:00,J2,558,588,1146
2018-10-31T22:45:00+09:00,J3,582,517,1099
2018-10-31T22:45:00+09:00,J4,854,803,1657
2018-10-31T22:45:00+09:00,J5,281,311,592
2018-10-31T23:00:00+09:00,J1,753,728,1481
2018-10-31T23:00:00+09:00,J2,517,533,1050
2018-10-31T23:00:00+09:00,J3,610,503,1113
2018-10-31T23:00:00+09:00,J4,854,920,1774
2018-10-31T23:00:00+09:00,J5,316,292,608
2018-10-31T23:15:00+09:00,J1,707,698,1405
2018-10-31T23:15:00+09:00,J2,561,540,1101
2018-10-31T23:15:00+09:00,J3,608,485,1093
2018-10-31T23:15:00+09:00,J4,855,945,1800
2018-10-31T23:15:00+09:00,J5,357,346,703
2018-10-31T23:30:00+09:00,J1,583,630,1213
2018-10-31T23:30:00+09:00,J2,498,585,1083
2018-10-31T23:30:00+09:00,J3,517,446,963
2018-10-31T23:30:00+09:00,J4,786,801,1587
2018-10-31T23:30:00+09:00,J5,320,302,622
2018-10-31T23:45:00+09:00,J1,642,699,1341
2018-10-31T23:45:00+09:00,J2,539,533,1072
2018-10-31T23:45:00+09:00,J3,543,408,951
2018-10-31T23:45:00+09:00,J4,758,774,1532
2018-10-31T23:45:00+09:00,J5,322,294,616
2018-11-01T00:00:00+09:00,J1,427,470,897
2018-11-01T00:00:00+09:00,J2,502,363,865
2018-11-01T00:00:00+09:00,J3,511,358,869
2018-11-01T00:00:00+09:00,J4,618,710,1328
2018-11-01T00:00:00+09:00,J5,356,328,684
2018-11-01T00:15:00+09:00,J1,399,425,824
2018-11-01T00:15:00+09:00,J2,359,250,609
2018-11-01T00:15:00+09:00,J3,516,422,938
2018-11-01T00:15:00+09:00,J4,460,481,941
2018-11-01T00:15:00+09:00,J5,276,292,568
2018-11-01T00:30:00+09:00,J1,453,438,891
2018-11-01T00:30:00+09:00,J2,311,245,556
2018-11-01T00:30:00+09:00,J3,685,566,1251
2018-11-01T00:30:00+09:00,J4,412,419,831
2018-11-01T00:30:00+09:00,J5,318,301,619
2018-11-01T00:45:00+09:00,J1,415,363,778
2018-11-01T00:45:00+09:00,J2,357,288,645
2018-11-01T00:45:00+09:00,J3,576,520,1096
2018-11-01T00:45:00+09:00,J4,336,379,715
2018-11-01T00:45:00+09:00,J5,271,264,535
