日時,アレイ,札幌→大通り,大通り→札幌,合計
2018-12-01T05:45:00+09:00,J1,810,771,1581
2018-12-01T05:45:00+09:00,J2,324,409,733
2018-12-01T05:45:00+09:00,J3,741,634,1375
2018-12-01T05:45:00+09:00,J4,578,712,1290
2018-12-01T05:45:00+09:00,J5,538,590,1128
2018-12-01T06:00:00+09:00,J1,608,735,1343
2018-12-01T06:00:00+09:00,J2,367,417,784
2018-12-01T06:00:00+09:00,J3,682,653,1335
2018-12-01T06:00:00+09:00,J4,560,711,1271
2018-12-01T06:00:00+09:00,J5,598,648,1246
2018-12-01T06:15:00+09:00,J1,746,773,1519
2018-12-01T06:15:00+09:00,J2,410,421,831
2018-12-01T06:15:00+09:00,J3,735,647,1382
2018-12-01T06:15:00+09:00,J4,806,882,1688
2018-12-01T06:15:00+09:00,J5,583,578,1161
2018-12-01T06:30:00+09:00,J1,780,772,1552
2018-12-01T06:30:00+09:00,J2,341,346,687
2018-12-01T06:30:00+09:00,J3,565,555,1120
2018-12-01T06:30:00+09:00,J4,704,846,1550
2018-12-01T06:30:00+09:00,J5,622,554,1176
2018-12-01T06:45:00+09:00,J1,828,807,1635
2018-12-01T06:45:00+09:00,J2,350,383,733
2018-12-01T06:45:00+09:00,J3,578,515,1093
2018-12-01T06:45:00+09:00,J4,894,801,1695
2018-12-01T06:45:00+09:00,J5,592,555,1147
2018-12-01T07:00:00+09:00,J1,819,959,1778
2018-12-01T07:00:00+09:00,J2,474,443,917
2018-12-01T07:00:00+09:00,J3,668,646,1314
2018-12-01T07:00:00+09:00,J4,1019,1033,2052
2018-12-01T07:00:00+09:00,J5,664,576,1240
2018-12-01T07:15:00+09:00,J1,913,970,1883
2018-12-01T07:15:00+09:00,J2,543,473,1016
2018-12-01T07:15:00+09:00,J3,659,645,1304
2018-12-01T07:15:00+09:00,J4,1083,1224,2307
2018-12-01T07:15:00+09:00,J5,650,612,1262
2018-12-01T07:30:00+09:00,J1,981,949,1930
2018-12-01T07:30:00+09:00,J2,468,422,890
2018-12-01T07:30:00+09:00,J3,535,584,1119
2018-12-01T07:30:00+09:00,J4,1122,1148,2270
2018-12-01T07:30:00+09:00,J5,624,575,1199
2018-12-01T07:45:00+09:00,J1,955,949,1904
2018-12-01T07:45:00+09:00,J2,424,400,824
2018-12-01T07:45:00+09:00,J3,573,539,1112
2018-12-01T07:45:00+09:00,J4,1064,1067,2131
2018-12-01T07:45:00+09:00,J5,558,557,1115
2018-12-01T08:00:00+09:00,J1,1273,1287,2560
2018-12-01T08:00:00+09:00,J2,489,559,1048
2018-12-01T08:00:00+09:00,J3,902,811,1713
2018-12-01T08:00:00+09:00,J4,1131,1081,2212
2018-12-01T08:00:00+09:00,J5,533,597,1130
2018-12-01T08:15:00+09:00,J1,1361,1357,2718
2018-12-01T08:15:00+09:00,J2,448,482,930
2018-12-01T08:15:00+09:00,J3,858,919,1777
2018-12-01T08:15:00+09:00,J4,1321,1208,2529
2018-12-01T08:15:00+09:00,J5,603,703,1306
2018-12-01T08:30:00+09:00,J1,1413,1443,2856
2018-12-01T08:30:00+09:00,J2,673,620,1293
2018-12-01T08:30:00+09:00,J3,904,836,1740
2018-12-01T08:30:00+09:00,J4,1277,1314,2591
2018-12-01T08:30:00+09:00,J5,452,476,928
2018-12-01T08:45:00+09:00,J1,1406,1311,2717
2018-12-01T08:45:00+09:00,J2,682,529,1211
2018-12-01T08:45:00+09:00,J3,925,858,1783
2018-12-01T08:45:00+09:00,J4,1093,1166,2259
2018-12-01T08:45:00+09:00,J5,447,370,817
2018-12-01T09:00:00+09:00,J1,1259,1279,2538
2018-12-01T09:00:00+09:00,J2,628,574,1202
2018-12-01T09:00:00+09:00,J3,822,734,1556
2018-12-01T09:00:00+09:00,J4,1073,1175,2248
2018-12-01T09:00:00+09:00,J5,494,555,1049
2018-12-01T09:15:00+09:00,J1,1297,1280,2577
2018-12-01T09:15:00+09:00,J2,630,596,1226
2018-12-01T09:15:00+09:00,J3,826,753,1579
2018-12-01T09:15:00+09:00,J4,1063,1120,2183
2018-12-01T09:15:00+09:00,J5,549,615,1164
2018-12-01T09:30:00+09:00,J1,1306,1369,2675
2018-12-01T09:30:00+09:00,J2,604,510,1114
2018-12-01T09:30:00+09:00,J3,1014,806,1820
2018-12-01T09:30:00+09:00,J4,1079,1210,2289
2018-12-01T09:30:00+09:00,J5,532,578,1110
2018-12-01T09:45:00+09:00,J1,1445,1413,2858
2018-12-01T09:45:00+09:00,J2,744,585,1329
2018-12-01T09:45:00+09:00,J3,985,872,1857
2018-12-01T09:45:00+09:00,J4,1110,1109,2219
2018-12-01T09:45:00+09:00,J5,511,530,1041
2018-12-01T10:00:00+09:00,J1,1426,1512,2938
2018-12-01T10:00:00+09:00,J2,695,661,1356
2018-12-01T10:00:00+09:00,J3,1003,875,1878
2018-12-01T10:00:00+09:00,J4,1127,1186,2313
2018-12-01T10:00:00+09:00,J5,490,562,1052
2018-12-01T10:15:00+09:00,J1,1440,1517,2957
2018-12-01T10:15:00+09:00,J2,741,650,1391
2018-12-01T10:15:00+09:00,J3,941,867,1808
2018-12-01T10:15:00+09:00,J4,1148,1137,2285
2018-12-01T10:15:00+09:00,J5,552,633,1185
2018-12-01T10:30:00+09:00,J1,1293,1406,2699
2018-12-01T10:30:00+09:00,J2,772,640,1412
2018-12-01T10:30:00+09:00,J3,895,775,1670
2018-12-01T10:30:00+09:00,J4,1223,1218,2441
2018-12-01T10:30:00+09:00,J5,591,652,1243
2018-12-01T10:45:00+09:00,J1,1356,1352,2708
2018-12-01T10:45:00+09:00,J2,940,723,1663
2018-12-01T10:45:00+09:00,J3,1071,930,2001
2018-12-01T10:45:00+09:00,J4,1308,1273,2581
2018-12-01T10:45:00+09:00,J5,661,646,1307
2018-12-01T11:00:00+09:00,J1,1345,1487,2832
2018-12-01T11:00:00+09:00,J2,787,668,1455
2018-12-01T11:00:00+09:00,J3,1304,1160,2464
2018-12-01T11:00:00+09:00,J4,1276,1314,2590
2018-12-01T11:00:00+09:00,J5,466,443,909
2018-12-01T11:15:00+09:00,J1,1343,1475,2818
2018-12-01T11:15:00+09:00,J2,770,675,1445
2018-12-01T11:15:00+09:00,J3,1325,1141,2466
2018-12-01T11:15:00+09:00,J4,1301,1267,2568
2018-12-01T11:15:00+09:00,J5,355,292,647
2018-12-01T11:30:00+09:00,J1,1371,1455,2826
2018-12-01T11:30:00+09:00,J2,736,795,1531
2018-12-01T11:30:00+09:00,J3,1290,1179,2469
2018-12-01T11:30:00+09:00,J4,1330,1317,2647
2018-12-01T11:30:00+09:00,J5,307,306,613
2018-12-01T11:45:00+09:00,J1,1128,1347,2475
2018-12-01T11:45:00+09:00,J2,762,747,1509
2018-12-01T11:45:00+09:00,J3,1253,1092,2345
2018-12-01T11:45:00+09:00,J4,1194,1278,2472
2018-12-01T11:45:00+09:00,J5,268,305,573
2018-12-01T12:00:00+09:00,J1,996,1193,2189
2018-12-01T12:00:00+09:00,J2,750,695,1445
2018-12-01T12:00:00+09:00,J3,1258,1094,2352
2018-12-01T12:00:00+09:00,J4,1258,1210,2468
2018-12-01T12:00:00+09:00,J5,341,295,636
2018-12-01T12:15:00+09:00,J1,990,1119,2109
2018-12-01T12:15:00+09:00,J2,753,654,1407
2018-12-01T12:15:00+09:00,J3,1217,1118,2335
2018-12-01T12:15:00+09:00,J4,1181,1151,2332
2018-12-01T12:15:00+09:00,J5,484,481,965
2018-12-01T12:30:00+09:00,J1,1064,1121,2185
2018-12-01T12:30:00+09:00,J2,742,668,1410
2018-12-01T12:30:00+09:00,J3,1054,1005,2059
2018-12-01T12:30:00+09:00,J4,1173,1169,2342
2018-12-01T12:30:00+09:00,J5,587,587,1174
2018-12-01T12:45:00+09:00,J1,1014,1209,2223
2018-12-01T12:45:00+09:00,J2,767,692,1459
2018-12-01T12:45:00+09:00,J3,996,927,1923
2018-12-01T12:45:00+09:00,J4,1177,1296,2473
2018-12-01T12:45:00+09:00,J5,627,618,1245
2018-12-01T13:00:00+09:00,J1,1217,1311,2528
2018-12-01T13:00:00+09:00,J2,672,729,1401
2018-12-01T13:00:00+09:00,J3,937,948,1885
2018-12-01T13:00:00+09:00,J4,1158,1204,2362
2018-12-01T13:00:00+09:00,J5,573,628,1201
2018-12-01T13:15:00+09:00,J1,1136,1384,2520
2018-12-01T13:15:00+09:00,J2,697,795,1492
2018-12-01T13:15:00+09:00,J3,934,894,1828
2018-12-01T13:15:00+09:00,J4,1275,1266,2541
2018-12-01T13:15:00+09:00,J5,574,626,1200
2018-12-01T13:30:00+09:00,J1,1052,1243,2295
2018-12-01T13:30:00+09:00,J2,740,698,1438
2018-12-01T13:30:00+09:00,J3,891,1017,1908
2018-12-01T13:30:00+09:00,J4,1208,1093,2301
2018-12-01T13:30:00+09:00,J5,601,673,1274
2018-12-01T13:45:00+09:00,J1,1171,1447,2618
2018-12-01T13:45:00+09:00,J2,748,713,1461
2018-12-01T13:45:00+09:00,J3,1012,1001,2013
2018-12-01T13:45:00+09:00,J4,1214,1250,2464
2018-12-01T13:45:00+09:00,J5,638,615,1253
2018-12-01T14:00:00+09:00,J1,1214,1462,2676
2018-12-01T14:00:00+09:00,J2,743,693,1436
2018-12-01T14:00:00+09:00,J3,1118,921,2039
2018-12-01T14:00:00+09:00,J4,1140,1255,2395
2018-12-01T14:00:00+09:00,J5,616,671,1287
2018-12-01T14:15:00+09:00,J1,1212,1408,2620
2018-12-01T14:15:00+09:00,J2,791,726,1517
2018-12-01T14:15:00+09:00,J3,1119,1025,2144
2018-12-01T14:15:00+09:00,J4,1263,1303,2566
2018-12-01T14:15:00+09:00,J5,696,666,1362
2018-12-01T14:30:00+09:00,J1,1257,1436,2693
2018-12-01T14:30:00+09:00,J2,808,741,1549
2018-12-01T14:30:00+09:00,J3,1012,935,1947
2018-12-01T14:30:00+09:00,J4,1285,1226,2511
2018-12-01T14:30:00+09:00,J5,656,692,1348
2018-12-01T14:45:00+09:00,J1,1209,1413,2622
2018-12-01T14:45:00+09:00,J2,755,677,1432
2018-12-01T14:45:00+09:00,J3,1030,958,1988
2018-12-01T14:45:00+09:00,J4,1245,1339,2584
2018-12-01T14:45:00+09:00,J5,665,636,1301
2018-12-01T15:00:00+09:00,J1,1255,1416,2671
2018-12-01T15:00:00+09:00,J2,822,776,1598
2018-12-01T15:00:00+09:00,J3,1024,926,1950
2018-12-01T15:00:00+09:00,J4,1269,1333,2602
2018-12-01T15:00:00+09:00,J5,621,660,1281
2018-12-01T15:15:00+09:00,J1,1257,1506,2763
2018-12-01T15:15:00+09:00,J2,834,714,1548
2018-12-01T15:15:00+09:00,J3,1040,940,1980
2018-12-01T15:15:00+09:00,J4,1307,1333,2640
2018-12-01T15:15:00+09:00,J5,619,647,1266
2018-12-01T15:30:00+09:00,J1,1203,1470,2673
2018-12-01T15:30:00+09:00,J2,911,755,1666
2018-12-01T15:30:00+09:00,J3,1133,993,2126
2018-12-01T15:30:00+09:00,J4,1379,1330,2709
2018-12-01T15:30:00+09:00,J5,617,629,1246
2018-12-01T15:45:00+09:00,J1,1306,1452,2758
2018-12-01T15:45:00+09:00,J2,925,766,1691
2018-12-01T15:45:00+09:00,J3,1244,968,2212
2018-12-01T15:45:00+09:00,J4,1323,1232,2555
2018-12-01T15:45:00+09:00,J5,591,672,1263
2018-12-01T16:00:00+09:00,J1,1154,1442,2596
2018-12-01T16:00:00+09:00,J2,879,758,1637
2018-12-01T16:00:00+09:00,J3,1267,1108,2375
2018-12-01T16:00:00+09:00,J4,1199,1323,2522
2018-12-01T16:00:00+09:00,J5,633,666,1299
2018-12-01T16:15:00+09:00,J1,1204,1425,2629
2018-12-01T16:15:00+09:00,J2,926,763,1689
2018-12-01T16:15:00+09:00,J3,1462,1249,2711
2018-12-01T16:15:00+09:00,J4,1294,1289,2583
2018-12-01T16:15:00+09:00,J5,599,696,1295
2018-12-01T16:30:00+09:00,J1,1254,1449,2703
2018-12-01T16:30:00+09:00,J2,929,700,1629
2018-12-01T16:30:00+09:00,J3,1416,1197,2613
2018-12-01T16:30:00+09:00,J4,1312,1358,2670
2018-12-01T16:30:00+09:00,J5,609,661,1270
2018-12-01T16:45:00+09:00,J1,1202,1450,2652
2018-12-01T16:45:00+09:00,J2,1050,760,1810
2018-12-01T16:45:00+09:00,J3,1406,1353,2759
2018-12-01T16:45:00+09:00,J4,1214,1235,2449
2018-12-01T16:45:00+09:00,J5,608,602,1210
2018-12-01T17:00:00+09:00,J1,1315,1479,2794
2018-12-01T17:00:00+09:00,J2,1066,744,1810
2018-12-01T17:00:00+09:00,J3,1456,1130,2586
2018-12-01T17:00:00+09:00,J4,1355,1319,2674
2018-12-01T17:00:00+09:00,J5,541,562,1103
2018-12-01T17:15:00+09:00,J1,1314,1349,2663
2018-12-01T17:15:00+09:00,J2,1064,829,1893
2018-12-01T17:15:00+09:00,J3,1426,1048,2474
2018-12-01T17:15:00+09:00,J4,1372,1242,2614
2018-12-01T17:15:00+09:00,J5,372,362,734
2018-12-01T17:30:00+09:00,J1,1352,1474,2826
2018-12-01T17:30:00+09:00,J2,968,831,1799
2018-12-01T17:30:00+09:00,J3,1365,1084,2449
2018-12-01T17:30:00+09:00,J4,1327,1290,2617
2018-12-01T17:30:00+09:00,J5,334,329,663
2018-12-01T17:45:00+09:00,J1,1355,1486,2841
2018-12-01T17:45:00+09:00,J2,972,819,1791
2018-12-01T17:45:00+09:00,J3,1340,1260,2600
2018-12-01T17:45:00+09:00,J4,1345,1341,2686
2018-12-01T17:45:00+09:00,J5,347,347,694
2018-12-01T18:00:00+09:00,J1,1350,1457,2807
2018-12-01T18:00:00+09:00,J2,922,903,1825
2018-12-01T18:00:00+09:00,J3,1337,1220,2557
2018-12-01T18:00:00+09:00,J4,1193,1172,2365
2018-12-01T18:00:00+09:00,J5,375,369,744
2018-12-01T18:15:00+09:00,J1,1293,1519,2812
2018-12-01T18:15:00+09:00,J2,811,881,1692
2018-12-01T18:15:00+09:00,J3,1292,1140,2432
2018-12-01T18:15:00+09:00,J4,1135,1177,2312
2018-12-01T18:15:00+09:00,J5,474,415,889
2018-12-01T18:30:00+09:00,J1,1345,1440,2785
2018-12-01T18:30:00+09:00,J2,823,714,1537
2018-12-01T18:30:00+09:00,J3,1293,1135,2428
2018-12-01T18:30:00+09:00,J4,1277,1298,2575
2018-12-01T18:30:00+09:00,J5,613,504,1117
2018-12-01T18:45:00+09:00,J1,1385,1344,2729
2018-12-01T18:45:00+09:00,J2,780,615,1395
2018-12-01T18:45:00+09:00,J3,1145,1078,2223
2018-12-01T18:45:00+09:00,J4,1246,1229,2475
2018-12-01T18:45:00+09:00,J5,623,566,1189
2018-12-01T19:00:00+09:00,J1,1173,1277,2450
2018-12-01T19:00:00+09:00,J2,813,679,1492
2018-12-01T19:00:00+09:00,J3,1105,991,2096
2018-12-01T19:00:00+09:00,J4,1329,1222,2551
2018-12-01T19:00:00+09:00,J5,621,616,1237
2018-12-01T19:15:00+09:00,J1,1140,1283,2423
2018-12-01T19:15:00+09:00,J2,828,684,1512
2018-12-01T19:15:00+09:00,J3,1117,1035,2152
2018-12-01T19:15:00+09:00,J4,1212,1193,2405
2018-12-01T19:15:00+09:00,J5,585,581,1166
2018-12-01T19:30:00+09:00,J1,1198,1296,2494
2018-12-01T19:30:00+09:00,J2,837,604,1441
2018-12-01T19:30:00+09:00,J3,1108,989,2097
2018-12-01T19:30:00+09:00,J4,1282,1303,2585
2018-12-01T19:30:00+09:00,J5,640,576,1216
2018-12-01T19:45:00+09:00,J1,1211,1339,2550
2018-12-01T19:45:00+09:00,J2,819,574,1393
2018-12-01T19:45:00+09:00,J3,1007,1036,2043
2018-12-01T19:45:00+09:00,J4,1070,1217,2287
2018-12-01T19:45:00+09:00,J5,565,570,1135
2018-12-01T20:00:00+09:00,J1,1181,1346,2527
2018-12-01T20:00:00+09:00,J2,746,679,1425
2018-12-01T20:00:00+09:00,J3,1031,1047,2078
2018-12-01T20:00:00+09:00,J4,1148,1191,2339
2018-12-01T20:00:00+09:00,J5,576,602,1178
2018-12-01T20:15:00+09:00,J1,1121,1294,2415
2018-12-01T20:15:00+09:00,J2,750,666,1416
2018-12-01T20:15:00+09:00,J3,1028,1005,2033
2018-12-01T20:15:00+09:00,J4,1295,1265,2560
2018-12-01T20:15:00+09:00,J5,566,642,1208
2018-12-01T20:30:00+09:00,J1,1068,1272,2340
2018-12-01T20:30:00+09:00,J2,691,562,1253
2018-12-01T20:30:00+09:00,J3,984,1025,2009
2018-12-01T20:30:00+09:00,J4,1222,1291,2513
2018-12-01T20:30:00+09:00,J5,513,596,1109
2018-12-01T20:45:00+09:00,J1,1056,1212,2268
2018-12-01T20:45:00+09:00,J2,698,616,1314
2018-12-01T20:45:00+09:00,J3,1058,907,1965
2018-12-01T20:45:00+09:00,J4,1106,1147,2253
2018-12-01T20:45:00+09:00,J5,535,562,1097
2018-12-01T21:00:00+09:00,J1,1108,1225,2333
2018-12-01T21:00:00+09:00,J2,735,652,1387
2018-12-01T21:00:00+09:00,J3,935,809,1744
2018-12-01T21:00:00+09:00,J4,1222,1286,2508
2018-12-01T21:00:00+09:00,J5,549,541,1090
2018-12-01T21:15:00+09:00,J1,1067,1154,2221
2018-12-01T21:15:00+09:00,J2,773,646,1419
2018-12-01T21:15:00+09:00,J3,978,813,1791
2018-12-01T21:15:00+09:00,J4,1174,1159,2333
2018-12-01T21:15:00+09:00,J5,582,596,1178
2018-12-01T21:30:00+09:00,J1,988,1136,2124
2018-12-01T21:30:00+09:00,J2,729,686,1415
2018-12-01T21:30:00+09:00,J3,872,779,1651
2018-12-01T21:30:00+09:00,J4,1096,1165,2261
2018-12-01T21:30:00+09:00,J5,523,576,1099
2018-12-01T21:45:00+09:00,J1,1002,1083,2085
2018-12-01T21:45:00+09:00,J2,487,633,1120
2018-12-01T21:45:00+09:00,J3,966,800,1766
2018-12-01T21:45:00+09:00,J4,1078,1042,2120
2018-12-01T21:45:00+09:00,J5,493,499,992
2018-12-01T22:00:00+09:00,J1,987,1079,2066
2018-12-01T22:00:00+09:00,J2,446,574,1020
2018-12-01T22:00:00+09:00,J3,856,772,1628
2018-12-01T22:00:00+09:00,J4,1141,1220,2361
2018-12-01T22:00:00+09:00,J5,489,464,953
2018-12-01T22:15:00+09:00,J1,987,1083,2070
2018-12-01T22:15:00+09:00,J2,413,505,918
2018-12-01T22:15:00+09:00,J3,903,789,1692
2018-12-01T22:15:00+09:00,J4,1039,1173,2212
2018-12-01T22:15:00+09:00,J5,539,529,1068
2018-12-01T22:30:00+09:00,J1,973,1150,2123
2018-12-01T22:30:00+09:00,J2,439,586,1025
2018-12-01T22:30:00+09:00,J3,875,736,1611
2018-12-01T22:30:00+09:00,J4,1125,1144,2269
2018-12-01T22:30:00+09:00,J5,484,431,915
2018-12-01T22:45:00+09:00,J1,1015,1157,2172
2018-12-01T22:45:00+09:00,J2,446,564,1010
2018-12-01T22:45:00+09:00,J3,882,714,1596
2018-12-01T22:45:00+09:00,J4,1174,1239,2413
2018-12-01T22:45:00+09:00,J5,457,449,906
2018-12-01T23:00:00+09:00,J1,989,1122,2111
2018-12-01T23:00:00+09:00,J2,387,593,980
2018-12-01T23:00:00+09:00,J3,786,713,1499
2018-12-01T23:00:00+09:00,J4,1111,1130,2241
2018-12-01T23:00:00+09:00,J5,427,423,850
2018-12-01T23:15:00+09:00,J1,965,1045,2010
2018-12-01T23:15:00+09:00,J2,365,551,916
2018-12-01T23:15:00+09:00,J3,808,758,1566
2018-12-01T23:15:00+09:00,J4,1040,1122,2162
2018-12-01T23:15:00+09:00,J5,415,398,813
2018-12-01T23:30:00+09:00,J1,895,1010,1905
2018-12-01T23:30:00+09:00,J2,423,580,1003
2018-12-01T23:30:00+09:00,J3,873,747,1620
2018-12-01T23:30:00+09:00,J4,918,1036,1954
2018-12-01T23:30:00+09:00,J5,410,374,784
2018-12-01T23:45:00+09:00,J1,936,992,1928
2018-12-01T23:45:00+09:00,J2,377,487,864
2018-12-01T23:45:00+09:00,J3,775,699,1474
2018-12-01T23:45:00+09:00,J4,829,833,1662
2018-12-01T23:45:00+09:00,J5,412,421,833
2018-12-02T00:00:00+09:00,J1,806,830,1636
2018-12-02T00:00:00+09:00,J2,381,446,827
2018-12-02T00:00:00+09:00,J3,698,490,1188
2018-12-02T00:00:00+09:00,J4,848,796,1644
2018-12-02T00:00:00+09:00,J5,482,473,955
2018-12-02T00:15:00+09:00,J1,548,530,1078
2018-12-02T00:15:00+09:00,J2,333,397,730
2018-12-02T00:15:00+09:00,J3,411,407,818
2018-12-02T00:15:00+09:00,J4,601,594,1195
2018-12-02T00:15:00+09:00,J5,634,564,1198
2018-12-02T00:30:00+09:00,J1,368,337,705
2018-12-02T00:30:00+09:00,J2,324,356,680
2018-12-02T00:30:00+09:00,J3,458,487,945
2018-12-02T00:30:00+09:00,J4,395,405,800
2018-12-02T00:30:00+09:00,J5,630,609,1239
2018-12-02T00:45:00+09:00,J1,373,383,756
2018-12-02T00:45:00+09:00,J2,338,364,702
2018-12-02T00:45:00+09:00,J3,503,492,995
2018-12-02T00:45:00+09:00,J4,344,343,687
2018-12-02T00:45:00+09:00,J5,635,630,1265
2018-12-02T05:45:00+09:00,J1,804,765,1569
2018-12-02T05:45:00+09:00,J2,338,352,690
2018-12-02T05:45:00+09:00,J3,631,573,1204
2018-12-02T05:45:00+09:00,J4,652,693,1345
2018-12-02T05:45:00+09:00,J5,603,598,1201
2018-12-02T06:00:00+09:00,J1,733,696,1429
2018-12-02T06:00:00+09:00,J2,359,387,746
2018-12-02T06:00:00+09:00,J3,494,463,957
2018-12-02T06:00:00+09:00,J4,688,749,1437
2018-12-02T06:00:00+09:00,J5,617,597,1214
2018-12-02T06:15:00+09:00,J1,770,801,1571
2018-12-02T06:15:00+09:00,J2,335,396,731
2018-12-02T06:15:00+09:00,J3,492,548,1040
2018-12-02T06:15:00+09:00,J4,696,774,1470
2018-12-02T06:15:00+09:00,J5,595,482,1077
2018-12-02T06:30:00+09:00,J1,795,792,1587
2018-12-02T06:30:00+09:00,J2,318,386,704
2018-12-02T06:30:00+09:00,J3,588,554,1142
2018-12-02T06:30:00+09:00,J4,707,778,1485
2018-12-02T06:30:00+09:00,J5,614,580,1194
2018-12-02T06:45:00+09:00,J1,818,846,1664
2018-12-02T06:45:00+09:00,J2,394,425,819
2018-12-02T06:45:00+09:00,J3,582,561,1143
2018-12-02T06:45:00+09:00,J4,767,810,1577
2018-12-02T06:45:00+09:00,J5,544,507,1051
2018-12-02T07:00:00+09:00,J1,886,927,1813
2018-12-02T07:00:00+09:00,J2,467,435,902
2018-12-02T07:00:00+09:00,J3,580,573,1153
2018-12-02T07:00:00+09:00,J4,764,841,1605
2018-12-02T07:00:00+09:00,J5,628,537,1165
2018-12-02T07:15:00+09:00,J1,977,978,1955
2018-12-02T07:15:00+09:00,J2,561,525,1086
2018-12-02T07:15:00+09:00,J3,589,602,1191
2018-12-02T07:15:00+09:00,J4,859,950,1809
2018-12-02T07:15:00+09:00,J5,623,563,1186
2018-12-02T07:30:00+09:00,J1,992,980,1972
2018-12-02T07:30:00+09:00,J2,506,477,983
2018-12-02T07:30:00+09:00,J3,597,612,1209
2018-12-02T07:30:00+09:00,J4,830,908,1738
2018-12-02T07:30:00+09:00,J5,591,609,1200
2018-12-02T07:45:00+09:00,J1,879,921,1800
2018-12-02T07:45:00+09:00,J2,484,442,926
2018-12-02T07:45:00+09:00,J3,701,630,1331
2018-12-02T07:45:00+09:00,J4,761,827,1588
2018-12-02T07:45:00+09:00,J5,540,528,1068
2018-12-02T08:00:00+09:00,J1,1253,1234,2487
2018-12-02T08:00:00+09:00,J2,566,564,1130
2018-12-02T08:00:00+09:00,J3,867,772,1639
2018-12-02T08:00:00+09:00,J4,840,959,1799
2018-12-02T08:00:00+09:00,J5,497,504,1001
2018-12-02T08:15:00+09:00,J1,1332,1351,2683
2018-12-02T08:15:00+09:00,J2,522,518,1040
2018-12-02T08:15:00+09:00,J3,861,783,1644
2018-12-02T08:15:00+09:00,J4,894,947,1841
2018-12-02T08:15:00+09:00,J5,571,571,1142
2018-12-02T08:30:00+09:00,J1,1265,1190,2455
2018-12-02T08:30:00+09:00,J2,488,476,964
2018-12-02T08:30:00+09:00,J3,677,722,1399
2018-12-02T08:30:00+09:00,J4,902,947,1849
2018-12-02T08:30:00+09:00,J5,555,657,1212
2018-12-02T08:45:00+09:00,J1,1225,1263,2488
2018-12-02T08:45:00+09:00,J2,455,511,966
2018-12-02T08:45:00+09:00,J3,735,745,1480
2018-12-02T08:45:00+09:00,J4,805,958,1763
2018-12-02T08:45:00+09:00,J5,467,537,1004
2018-12-02T09:00:00+09:00,J1,1080,1099,2179
2018-12-02T09:00:00+09:00,J2,564,552,1116
2018-12-02T09:00:00+09:00,J3,884,831,1715
2018-12-02T09:00:00+09:00,J4,805,861,1666
2018-12-02T09:00:00+09:00,J5,520,520,1040
2018-12-02T09:15:00+09:00,J1,1119,1111,2230
2018-12-02T09:15:00+09:00,J2,565,577,1142
2018-12-02T09:15:00+09:00,J3,953,880,1833
2018-12-02T09:15:00+09:00,J4,688,776,1464
2018-12-02T09:15:00+09:00,J5,510,510,1020
2018-12-02T09:30:00+09:00,J1,1134,1156,2290
2018-12-02T09:30:00+09:00,J2,666,609,1275
2018-12-02T09:30:00+09:00,J3,791,707,1498
2018-12-02T09:30:00+09:00,J4,795,891,1686
2018-12-02T09:30:00+09:00,J5,511,514,1025
2018-12-02T09:45:00+09:00,J1,1195,1220,2415
2018-12-02T09:45:00+09:00,J2,738,663,1401
2018-12-02T09:45:00+09:00,J3,736,723,1459
2018-12-02T09:45:00+09:00,J4,930,982,1912
2018-12-02T09:45:00+09:00,J5,509,402,911
2018-12-02T10:00:00+09:00,J1,1081,1108,2189
2018-12-02T10:00:00+09:00,J2,765,643,1408
2018-12-02T10:00:00+09:00,J3,749,713,1462
2018-12-02T10:00:00+09:00,J4,899,991,1890
2018-12-02T10:00:00+09:00,J5,432,500,932
2018-12-02T10:15:00+09:00,J1,1026,1123,2149
2018-12-02T10:15:00+09:00,J2,767,681,1448
2018-12-02T10:15:00+09:00,J3,791,758,1549
2018-12-02T10:15:00+09:00,J4,1011,1037,2048
2018-12-02T10:15:00+09:00,J5,457,482,939
2018-12-02T10:30:00+09:00,J1,1063,1049,2112
2018-12-02T10:30:00+09:00,J2,706,636,1342
2018-12-02T10:30:00+09:00,J3,958,888,1846
2018-12-02T10:30:00+09:00,J4,985,1028,2013
2018-12-02T10:30:00+09:00,J5,477,479,956
2018-12-02T10:45:00+09:00,J1,1089,1078,2167
2018-12-02T10:45:00+09:00,J2,721,598,1319
2018-12-02T10:45:00+09:00,J3,947,829,1776
2018-12-02T10:45:00+09:00,J4,771,943,1714
2018-12-02T10:45:00+09:00,J5,505,485,990
2018-12-02T11:00:00+09:00,J1,937,847,1784
2018-12-02T11:00:00+09:00,J2,609,592,1201
2018-12-02T11:00:00+09:00,J3,815,752,1567
2018-12-02T11:00:00+09:00,J4,617,748,1365
2018-12-02T11:00:00+09:00,J5,415,409,824
2018-12-02T11:15:00+09:00,J1,1377,1450,2827
2018-12-02T11:15:00+09:00,J2,907,977,1884
2018-12-02T11:15:00+09:00,J3,1264,1108,2372
2018-12-02T11:15:00+09:00,J4,1066,1135,2201
2018-12-02T11:15:00+09:00,J5,612,685,1297
2018-12-02T11:30:00+09:00,J1,1230,1267,2497
2018-12-02T11:30:00+09:00,J2,571,701,1272
2018-12-02T11:30:00+09:00,J3,1019,1016,2035
2018-12-02T11:30:00+09:00,J4,963,991,1954
2018-12-02T11:30:00+09:00,J5,597,656,1253
2018-12-02T11:45:00+09:00,J1,1113,1317,2430
2018-12-02T11:45:00+09:00,J2,560,739,1299
2018-12-02T11:45:00+09:00,J3,954,1028,1982
2018-12-02T11:45:00+09:00,J4,945,1045,1990
2018-12-02T11:45:00+09:00,J5,555,519,1074
2018-12-02T12:00:00+09:00,J1,1096,1202,2298
2018-12-02T12:00:00+09:00,J2,589,664,1253
2018-12-02T12:00:00+09:00,J3,1094,1135,2229
2018-12-02T12:00:00+09:00,J4,767,804,1571
2018-12-02T12:00:00+09:00,J5,619,535,1154
2018-12-02T12:15:00+09:00,J1,1082,1214,2296
2018-12-02T12:15:00+09:00,J2,657,729,1386
2018-12-02T12:15:00+09:00,J3,1085,1070,2155
2018-12-02T12:15:00+09:00,J4,878,864,1742
2018-12-02T12:15:00+09:00,J5,565,590,1155
2018-12-02T12:30:00+09:00,J1,1024,1216,2240
2018-12-02T12:30:00+09:00,J2,687,672,1359
2018-12-02T12:30:00+09:00,J3,885,937,1822
2018-12-02T12:30:00+09:00,J4,951,853,1804
2018-12-02T12:30:00+09:00,J5,517,573,1090
2018-12-02T12:45:00+09:00,J1,1025,1236,2261
2018-12-02T12:45:00+09:00,J2,662,695,1357
2018-12-02T12:45:00+09:00,J3,933,933,1866
2018-12-02T12:45:00+09:00,J4,784,802,1586
2018-12-02T12:45:00+09:00,J5,539,544,1083
2018-12-02T13:00:00+09:00,J1,1051,1221,2272
2018-12-02T13:00:00+09:00,J2,718,628,1346
2018-12-02T13:00:00+09:00,J3,865,876,1741
2018-12-02T13:00:00+09:00,J4,690,839,1529
2018-12-02T13:00:00+09:00,J5,649,612,1261
2018-12-02T13:15:00+09:00,J1,1015,1277,2292
2018-12-02T13:15:00+09:00,J2,759,623,1382
2018-12-02T13:15:00+09:00,J3,882,857,1739
2018-12-02T13:15:00+09:00,J4,746,851,1597
2018-12-02T13:15:00+09:00,J5,561,592,1153
2018-12-02T13:30:00+09:00,J1,1023,1216,2239
2018-12-02T13:30:00+09:00,J2,762,714,1476
2018-12-02T13:30:00+09:00,J3,850,870,1720
2018-12-02T13:30:00+09:00,J4,745,875,1620
2018-12-02T13:30:00+09:00,J5,508,565,1073
2018-12-02T13:45:00+09:00,J1,950,1121,2071
2018-12-02T13:45:00+09:00,J2,689,735,1424
2018-12-02T13:45:00+09:00,J3,821,844,1665
2018-12-02T13:45:00+09:00,J4,668,772,1440
2018-12-02T13:45:00+09:00,J5,464,488,952
2018-12-02T14:00:00+09:00,J1,957,1150,2107
2018-12-02T14:00:00+09:00,J2,822,722,1544
2018-12-02T14:00:00+09:00,J3,811,822,1633
2018-12-02T14:00:00+09:00,J4,651,729,1380
2018-12-02T14:00:00+09:00,J5,518,553,1071
2018-12-02T14:15:00+09:00,J1,925,1142,2067
2018-12-02T14:15:00+09:00,J2,847,841,1688
2018-12-02T14:15:00+09:00,J3,825,802,1627
2018-12-02T14:15:00+09:00,J4,688,867,1555
2018-12-02T14:15:00+09:00,J5,542,582,1124
2018-12-02T14:30:00+09:00,J1,987,1296,2283
2018-12-02T14:30:00+09:00,J2,861,810,1671
2018-12-02T14:30:00+09:00,J3,847,796,1643
2018-12-02T14:30:00+09:00,J4,660,747,1407
2018-12-02T14:30:00+09:00,J5,488,556,1044
2018-12-02T14:45:00+09:00,J1,1008,1208,2216
2018-12-02T14:45:00+09:00,J2,975,770,1745
2018-12-02T14:45:00+09:00,J3,893,804,1697
2018-12-02T14:45:00+09:00,J4,707,793,1500
2018-12-02T14:45:00+09:00,J5,532,564,1096
2018-12-02T15:00:00+09:00,J1,931,1188,2119
2018-12-02T15:00:00+09:00,J2,843,813,1656
2018-12-02T15:00:00+09:00,J3,841,818,1659
2018-12-02T15:00:00+09:00,J4,615,731,1346
2018-12-02T15:00:00+09:00,J5,553,566,1119
2018-12-02T15:15:00+09:00,J1,1000,1239,2239
2018-12-02T15:15:00+09:00,J2,808,821,1629
2018-12-02T15:15:00+09:00,J3,848,874,1722
2018-12-02T15:15:00+09:00,J4,675,751,1426
2018-12-02T15:15:00+09:00,J5,535,553,1088
2018-12-02T15:30:00+09:00,J1,1075,1238,2313
2018-12-02T15:30:00+09:00,J2,806,841,1647
2018-12-02T15:30:00+09:00,J3,994,822,1816
2018-12-02T15:30:00+09:00,J4,657,730,1387
2018-12-02T15:30:00+09:00,J5,519,558,1077
2018-12-02T15:45:00+09:00,J1,964,1143,2107
2018-12-02T15:45:00+09:00,J2,809,801,1610
2018-12-02T15:45:00+09:00,J3,887,838,1725
2018-12-02T15:45:00+09:00,J4,626,799,1425
2018-12-02T15:45:00+09:00,J5,600,614,1214
2018-12-02T16:00:00+09:00,J1,907,1227,2134
2018-12-02T16:00:00+09:00,J2,808,802,1610
2018-12-02T16:00:00+09:00,J3,882,812,1694
2018-12-02T16:00:00+09:00,J4,664,693,1357
2018-12-02T16:00:00+09:00,J5,531,682,1213
2018-12-02T16:15:00+09:00,J1,1004,1295,2299
2018-12-02T16:15:00+09:00,J2,823,755,1578
2018-12-02T16:15:00+09:00,J3,810,780,1590
2018-12-02T16:15:00+09:00,J4,675,727,1402
2018-12-02T16:15:00+09:00,J5,517,514,1031
2018-12-02T16:30:00+09:00,J1,956,1240,2196
2018-12-02T16:30:00+09:00,J2,784,712,1496
2018-12-02T16:30:00+09:00,J3,881,824,1705
2018-12-02T16:30:00+09:00,J4,652,702,1354
2018-12-02T16:30:00+09:00,J5,504,529,1033
2018-12-02T16:45:00+09:00,J1,1061,1258,2319
2018-12-02T16:45:00+09:00,J2,737,745,1482
2018-12-02T16:45:00+09:00,J3,892,802,1694
2018-12-02T16:45:00+09:00,J4,682,764,1446
2018-12-02T16:45:00+09:00,J5,501,494,995
2018-12-02T17:00:00+09:00,J1,1081,1293,2374
2018-12-02T17:00:00+09:00,J2,861,718,1579
2018-12-02T17:00:00+09:00,J3,962,848,1810
2018-12-02T17:00:00+09:00,J4,636,711,1347
2018-12-02T17:00:00+09:00,J5,607,592,1199
2018-12-02T17:15:00+09:00,J1,1073,1274,2347
2018-12-02T17:15:00+09:00,J2,813,708,1521
2018-12-02T17:15:00+09:00,J3,892,914,1806
2018-12-02T17:15:00+09:00,J4,663,709,1372
2018-12-02T17:15:00+09:00,J5,564,630,1194
2018-12-02T17:30:00+09:00,J1,1121,1262,2383
2018-12-02T17:30:00+09:00,J2,700,739,1439
2018-12-02T17:30:00+09:00,J3,822,852,1674
2018-12-02T17:30:00+09:00,J4,658,650,1308
2018-12-02T17:30:00+09:00,J5,542,605,1147
2018-12-02T17:45:00+09:00,J1,1075,1226,2301
2018-12-02T17:45:00+09:00,J2,678,689,1367
2018-12-02T17:45:00+09:00,J3,942,812,1754
2018-12-02T17:45:00+09:00,J4,602,626,1228
2018-12-02T17:45:00+09:00,J5,474,541,1015
2018-12-02T18:00:00+09:00,J1,1021,1271,2292
2018-12-02T18:00:00+09:00,J2,680,652,1332
2018-12-02T18:00:00+09:00,J3,881,798,1679
2018-12-02T18:00:00+09:00,J4,555,737,1292
2018-12-02T18:00:00+09:00,J5,515,579,1094
2018-12-02T18:15:00+09:00,J1,1034,1279,2313
2018-12-02T18:15:00+09:00,J2,653,671,1324
2018-12-02T18:15:00+09:00,J3,1017,896,1913
2018-12-02T18:15:00+09:00,J4,671,723,1394
2018-12-02T18:15:00+09:00,J5,655,652,1307
2018-12-02T18:30:00+09:00,J1,959,1103,2062
2018-12-02T18:30:00+09:00,J2,582,642,1224
2018-12-02T18:30:00+09:00,J3,995,905,1900
2018-12-02T18:30:00+09:00,J4,723,768,1491
2018-12-02T18:30:00+09:00,J5,523,515,1038
2018-12-02T18:45:00+09:00,J1,951,1016,1967
2018-12-02T18:45:00+09:00,J2,610,601,1211
2018-12-02T18:45:00+09:00,J3,1033,947,1980
2018-12-02T18:45:00+09:00,J4,679,749,1428
2018-12-02T18:45:00+09:00,J5,488,517,1005
2018-12-02T19:00:00+09:00,J1,858,961,1819
2018-12-02T19:00:00+09:00,J2,573,605,1178
2018-12-02T19:00:00+09:00,J3,1055,904,1959
2018-12-02T19:00:00+09:00,J4,666,773,1439
2018-12-02T19:00:00+09:00,J5,484,550,1034
2018-12-02T19:15:00+09:00,J1,836,972,1808
2018-12-02T19:15:00+09:00,J2,607,640,1247
2018-12-02T19:15:00+09:00,J3,903,982,1885
2018-12-02T19:15:00+09:00,J4,706,756,1462
2018-12-02T19:15:00+09:00,J5,492,538,1030
2018-12-02T19:30:00+09:00,J1,873,923,1796
2018-12-02T19:30:00+09:00,J2,562,598,1160
2018-12-02T19:30:00+09:00,J3,987,969,1956
2018-12-02T19:30:00+09:00,J4,635,716,1351
2018-12-02T19:30:00+09:00,J5,470,453,923
2018-12-02T19:45:00+09:00,J1,909,989,1898
2018-12-02T19:45:00+09:00,J2,554,535,1089
2018-12-02T19:45:00+09:00,J3,979,903,1882
2018-12-02T19:45:00+09:00,J4,713,706,1419
2018-12-02T19:45:00+09:00,J5,447,425,872
2018-12-02T20:00:00+09:00,J1,851,976,1827
2018-12-02T20:00:00+09:00,J2,569,617,1186
2018-12-02T20:00:00+09:00,J3,918,1002,1920
2018-12-02T20:00:00+09:00,J4,617,720,1337
2018-12-02T20:00:00+09:00,J5,460,466,926
2018-12-02T20:15:00+09:00,J1,875,1028,1903
2018-12-02T20:15:00+09:00,J2,494,552,1046
2018-12-02T20:15:00+09:00,J3,996,932,1928
2018-12-02T20:15:00+09:00,J4,709,681,1390
2018-12-02T20:15:00+09:00,J5,436,486,922
2018-12-02T20:30:00+09:00,J1,912,936,1848
2018-12-02T20:30:00+09:00,J2,495,576,1071
2018-12-02T20:30:00+09:00,J3,956,930,1886
2018-12-02T20:30:00+09:00,J4,719,701,1420
2018-12-02T20:30:00+09:00,J5,427,471,898
2018-12-02T20:45:00+09:00,J1,916,953,1869
2018-12-02T20:45:00+09:00,J2,481,521,1002
2018-12-02T20:45:00+09:00,J3,890,858,1748
2018-12-02T20:45:00+09:00,J4,772,656,1428
2018-12-02T20:45:00+09:00,J5,402,383,785
2018-12-02T21:00:00+09:00,J1,838,828,1666
2018-12-02T21:00:00+09:00,J2,434,448,882
2018-12-02T21:00:00+09:00,J3,1009,880,1889
2018-12-02T21:00:00+09:00,J4,673,737,1410
2018-12-02T21:00:00+09:00,J5,450,493,943
2018-12-02T21:15:00+09:00,J1,811,979,1790
2018-12-02T21:15:00+09:00,J2,419,505,924
2018-12-02T21:15:00+09:00,J3,963,878,1841
2018-12-02T21:15:00+09:00,J4,629,671,1300
2018-12-02T21:15:00+09:00,J5,479,444,923
2018-12-02T21:30:00+09:00,J1,825,968,1793
2018-12-02T21:30:00+09:00,J2,382,423,805
2018-12-02T21:30:00+09:00,J3,932,903,1835
2018-12-02T21:30:00+09:00,J4,620,676,1296
2018-12-02T21:30:00+09:00,J5,437,478,915
2018-12-02T21:45:00+09:00,J1,724,837,1561
2018-12-02T21:45:00+09:00,J2,456,502,958
2018-12-02T21:45:00+09:00,J3,897,862,1759
2018-12-02T21:45:00+09:00,J4,532,647,1179
2018-12-02T21:45:00+09:00,J5,427,384,811
2018-12-02T22:00:00+09:00,J1,786,849,1635
2018-12-02T22:00:00+09:00,J2,568,609,1177
2018-12-02T22:00:00+09:00,J3,891,787,1678
2018-12-02T22:00:00+09:00,J4,566,585,1151
2018-12-02T22:00:00+09:00,J5,344,391,735
2018-12-02T22:15:00+09:00,J1,734,809,1543
2018-12-02T22:15:00+09:00,J2,286,444,730
2018-12-02T22:15:00+09:00,J3,920,836,1756
2018-12-02T22:15:00+09:00,J4,530,590,1120
2018-12-02T22:15:00+09:00,J5,414,403,817
2018-12-02T22:30:00+09:00,J1,678,846,1524
2018-12-02T22:30:00+09:00,J2,342,400,742
2018-12-02T22:30:00+09:00,J3,875,748,1623
2018-12-02T22:30:00+09:00,J4,532,618,1150
2018-12-02T22:30:00+09:00,J5,384,359,743
2018-12-02T22:45:00+09:00,J1,826,885,1711
2018-12-02T22:45:00+09:00,J2,395,466,861
2018-12-02T22:45:00+09:00,J3,796,664,1460
2018-12-02T22:45:00+09:00,J4,534,592,1126
2018-12-02T22:45:00+09:00,J5,354,327,681
2018-12-02T23:00:00+09:00,J1,775,790,1565
2018-12-02T23:00:00+09:00,J2,388,409,797
2018-12-02T23:00:00+09:00,J3,811,673,1484
2018-12-02T23:00:00+09:00,J4,616,723,1339
2018-12-02T23:00:00+09:00,J5,358,399,757
2018-12-02T23:15:00+09:00,J1,782,809,1591
2018-12-02T23:15:00+09:00,J2,357,466,823
2018-12-02T23:15:00+09:00,J3,723,618,1341
2018-12-02T23:15:00+09:00,J4,556,653,1209
2018-12-02T23:15:00+09:00,J5,396,374,770
2018-12-02T23:30:00+09:00,J1,749,865,1614
2018-12-02T23:30:00+09:00,J2,324,457,781
2018-12-02T23:30:00+09:00,J3,726,682,1408
2018-12-02T23:30:00+09:00,J4,597,650,1247
2018-12-02T23:30:00+09:00,J5,349,355,704
2018-12-02T23:45:00+09:00,J1,700,817,1517
2018-12-02T23:45:00+09:00,J2,336,432,768
2018-12-02T23:45:00+09:00,J3,722,669,1391
2018-12-02T23:45:00+09:00,J4,480,578,1058
2018-12-02T23:45:00+09:00,J5,351,371,722
2018-12-03T00:00:00+09:00,J1,610,640,1250
2018-12-03T00:00:00+09:00,J2,375,386,761
2018-12-03T00:00:00+09:00,J3,659,510,1169
2018-12-03T00:00:00+09:00,J4,481,486,967
2018-12-03T00:00:00+09:00,J5,380,354,734
2018-12-03T00:15:00+09:00,J1,477,488,965
2018-12-03T00:15:00+09:00,J2,346,364,710
2018-12-03T00:15:00+09:00,J3,382,344,726
2018-12-03T00:15:00+09:00,J4,487,517,1004
2018-12-03T00:15:00+09:00,J5,406,363,769
2018-12-03T00:30:00+09:00,J1,461,533,994
2018-12-03T00:30:00+09:00,J2,321,336,657
2018-12-03T00:30:00+09:00,J3,406,311,717
2018-12-03T00:30:00+09:00,J4,565,534,1099
2018-12-03T00:30:00+09:00,J5,479,503,982
2018-12-03T00:45:00+09:00,J1,412,441,853
2018-12-03T00:45:00+09:00,J2,283,289,572
2018-12-03T00:45:00+09:00,J3,407,330,737
2018-12-03T00:45:00+09:00,J4,620,622,1242
2018-12-03T00:45:00+09:00,J5,479,394,873
2018-12-03T05:45:00+09:00,J1,614,542,1156
2018-12-03T05:45:00+09:00,J2,362,336,698
2018-12-03T05:45:00+09:00,J3,501,483,984
2018-12-03T05:45:00+09:00,J4,700,601,1301
2018-12-03T05:45:00+09:00,J5,509,587,1096
2018-12-03T06:00:00+09:00,J1,621,569,1190
2018-12-03T06:00:00+09:00,J2,401,395,796
2018-12-03T06:00:00+09:00,J3,457,431,888
2018-12-03T06:00:00+09:00,J4,630,695,1325
2018-12-03T06:00:00+09:00,J5,468,532,1000
2018-12-03T06:15:00+09:00,J1,710,704,1414
2018-12-03T06:15:00+09:00,J2,316,394,710
2018-12-03T06:15:00+09:00,J3,439,408,847
2018-12-03T06:15:00+09:00,J4,711,640,1351
2018-12-03T06:15:00+09:00,J5,399,323,722
2018-12-03T06:30:00+09:00,J1,698,690,1388
2018-12-03T06:30:00+09:00,J2,354,405,759
2018-12-03T06:30:00+09:00,J3,465,430,895
2018-12-03T06:30:00+09:00,J4,674,675,1349
2018-12-03T06:30:00+09:00,J5,391,354,745
2018-12-03T06:45:00+09:00,J1,802,773,1575
2018-12-03T06:45:00+09:00,J2,402,397,799
2018-12-03T06:45:00+09:00,J3,521,450,971
2018-12-03T06:45:00+09:00,J4,722,684,1406
2018-12-03T06:45:00+09:00,J5,418,353,771
2018-12-03T07:00:00+09:00,J1,901,885,1786
2018-12-03T07:00:00+09:00,J2,384,420,804
2018-12-03T07:00:00+09:00,J3,580,539,1119
2018-12-03T07:00:00+09:00,J4,627,691,1318
2018-12-03T07:00:00+09:00,J5,467,420,887
2018-12-03T07:15:00+09:00,J1,1007,948,1955
2018-12-03T07:15:00+09:00,J2,488,452,940
2018-12-03T07:15:00+09:00,J3,636,581,1217
2018-12-03T07:15:00+09:00,J4,739,698,1437
2018-12-03T07:15:00+09:00,J5,518,454,972
2018-12-03T07:30:00+09:00,J1,952,894,1846
2018-12-03T07:30:00+09:00,J2,490,405,895
2018-12-03T07:30:00+09:00,J3,924,950,1874
2018-12-03T07:30:00+09:00,J4,744,814,1558
2018-12-03T07:30:00+09:00,J5,526,552,1078
2018-12-03T07:45:00+09:00,J1,1118,1050,2168
2018-12-03T07:45:00+09:00,J2,565,474,1039
2018-12-03T07:45:00+09:00,J3,839,938,1777
2018-12-03T07:45:00+09:00,J4,710,898,1608
2018-12-03T07:45:00+09:00,J5,545,616,1161
2018-12-03T08:00:00+09:00,J1,1268,1241,2509
2018-12-03T08:00:00+09:00,J2,730,570,1300
2018-12-03T08:00:00+09:00,J3,1003,1012,2015
2018-12-03T08:00:00+09:00,J4,796,965,1761
2018-12-03T08:00:00+09:00,J5,542,612,1154
2018-12-03T08:15:00+09:00,J1,1422,1253,2675
2018-12-03T08:15:00+09:00,J2,1016,649,1665
2018-12-03T08:15:00+09:00,J3,1141,1266,2407
2018-12-03T08:15:00+09:00,J4,709,1081,1790
2018-12-03T08:15:00+09:00,J5,621,687,1308
2018-12-03T08:30:00+09:00,J1,1395,1182,2577
2018-12-03T08:30:00+09:00,J2,1141,699,1840
2018-12-03T08:30:00+09:00,J3,978,1311,2289
2018-12-03T08:30:00+09:00,J4,716,1110,1826
2018-12-03T08:30:00+09:00,J5,669,777,1446
2018-12-03T08:45:00+09:00,J1,1335,1140,2475
2018-12-03T08:45:00+09:00,J2,823,629,1452
2018-12-03T08:45:00+09:00,J3,1093,1086,2179
2018-12-03T08:45:00+09:00,J4,642,910,1552
2018-12-03T08:45:00+09:00,J5,440,457,897
2018-12-03T09:00:00+09:00,J1,1218,1189,2407
2018-12-03T09:00:00+09:00,J2,650,540,1190
2018-12-03T09:00:00+09:00,J3,995,946,1941
2018-12-03T09:00:00+09:00,J4,751,784,1535
2018-12-03T09:00:00+09:00,J5,503,477,980
2018-12-03T09:15:00+09:00,J1,1096,1024,2120
2018-12-03T09:15:00+09:00,J2,610,486,1096
2018-12-03T09:15:00+09:00,J3,910,914,1824
2018-12-03T09:15:00+09:00,J4,729,763,1492
2018-12-03T09:15:00+09:00,J5,522,497,1019
2018-12-03T09:30:00+09:00,J1,1145,1129,2274
2018-12-03T09:30:00+09:00,J2,562,522,1084
2018-12-03T09:30:00+09:00,J3,992,878,1870
2018-12-03T09:30:00+09:00,J4,731,771,1502
2018-12-03T09:30:00+09:00,J5,514,530,1044
2018-12-03T09:45:00+09:00,J1,1011,1014,2025
2018-12-03T09:45:00+09:00,J2,532,483,1015
2018-12-03T09:45:00+09:00,J3,930,793,1723
2018-12-03T09:45:00+09:00,J4,679,789,1468
2018-12-03T09:45:00+09:00,J5,493,568,1061
2018-12-03T10:00:00+09:00,J1,1058,937,1995
2018-12-03T10:00:00+09:00,J2,494,475,969
2018-12-03T10:00:00+09:00,J3,897,769,1666
2018-12-03T10:00:00+09:00,J4,763,771,1534
2018-12-03T10:00:00+09:00,J5,516,577,1093
2018-12-03T10:15:00+09:00,J1,967,1039,2006
2018-12-03T10:15:00+09:00,J2,553,525,1078
2018-12-03T10:15:00+09:00,J3,922,791,1713
2018-12-03T10:15:00+09:00,J4,698,736,1434
2018-12-03T10:15:00+09:00,J5,528,474,1002
2018-12-03T10:30:00+09:00,J1,853,877,1730
2018-12-03T10:30:00+09:00,J2,540,534,1074
2018-12-03T10:30:00+09:00,J3,991,917,1908
2018-12-03T10:30:00+09:00,J4,717,758,1475
2018-12-03T10:30:00+09:00,J5,506,495,1001
2018-12-03T10:45:00+09:00,J1,685,747,1432
2018-12-03T10:45:00+09:00,J2,540,525,1065
2018-12-03T10:45:00+09:00,J3,1080,956,2036
2018-12-03T10:45:00+09:00,J4,762,749,1511
2018-12-03T10:45:00+09:00,J5,546,613,1159
2018-12-03T11:00:00+09:00,J1,696,730,1426
2018-12-03T11:00:00+09:00,J2,519,539,1058
2018-12-03T11:00:00+09:00,J3,1015,978,1993
2018-12-03T11:00:00+09:00,J4,774,821,1595
2018-12-03T11:00:00+09:00,J5,568,608,1176
2018-12-03T11:15:00+09:00,J1,677,830,1507
2018-12-03T11:15:00+09:00,J2,590,556,1146
2018-12-03T11:15:00+09:00,J3,971,940,1911
2018-12-03T11:15:00+09:00,J4,692,745,1437
2018-12-03T11:15:00+09:00,J5,596,670,1266
2018-12-03T11:30:00+09:00,J1,650,776,1426
2018-12-03T11:30:00+09:00,J2,578,512,1090
2018-12-03T11:30:00+09:00,J3,967,923,1890
2018-12-03T11:30:00+09:00,J4,645,756,1401
2018-12-03T11:30:00+09:00,J5,589,591,1180
2018-12-03T11:45:00+09:00,J1,684,913,1597
2018-12-03T11:45:00+09:00,J2,619,604,1223
2018-12-03T11:45:00+09:00,J3,894,964,1858
2018-12-03T11:45:00+09:00,J4,626,709,1335
2018-12-03T11:45:00+09:00,J5,471,522,993
2018-12-03T12:00:00+09:00,J1,739,893,1632
2018-12-03T12:00:00+09:00,J2,676,688,1364
2018-12-03T12:00:00+09:00,J3,959,955,1914
2018-12-03T12:00:00+09:00,J4,697,743,1440
2018-12-03T12:00:00+09:00,J5,482,417,899
2018-12-03T12:15:00+09:00,J1,682,816,1498
2018-12-03T12:15:00+09:00,J2,775,774,1549
2018-12-03T12:15:00+09:00,J3,795,821,1616
2018-12-03T12:15:00+09:00,J4,565,627,1192
2018-12-03T12:15:00+09:00,J5,506,510,1016
2018-12-03T12:30:00+09:00,J1,706,851,1557
2018-12-03T12:30:00+09:00,J2,813,673,1486
2018-12-03T12:30:00+09:00,J3,871,789,1660
2018-12-03T12:30:00+09:00,J4,637,635,1272
2018-12-03T12:30:00+09:00,J5,594,543,1137
2018-12-03T12:45:00+09:00,J1,772,910,1682
2018-12-03T12:45:00+09:00,J2,831,769,1600
2018-12-03T12:45:00+09:00,J3,805,806,1611
2018-12-03T12:45:00+09:00,J4,635,668,1303
2018-12-03T12:45:00+09:00,J5,560,587,1147
2018-12-03T13:00:00+09:00,J1,1021,931,1952
2018-12-03T13:00:00+09:00,J2,842,807,1649
2018-12-03T13:00:00+09:00,J3,807,750,1557
2018-12-03T13:00:00+09:00,J4,755,677,1432
2018-12-03T13:00:00+09:00,J5,645,619,1264
2018-12-03T13:15:00+09:00,J1,695,807,1502
2018-12-03T13:15:00+09:00,J2,908,832,1740
2018-12-03T13:15:00+09:00,J3,748,765,1513
2018-12-03T13:15:00+09:00,J4,709,683,1392
2018-12-03T13:15:00+09:00,J5,594,648,1242
2018-12-03T13:30:00+09:00,J1,684,726,1410
2018-12-03T13:30:00+09:00,J2,869,787,1656
2018-12-03T13:30:00+09:00,J3,773,760,1533
2018-12-03T13:30:00+09:00,J4,786,647,1433
2018-12-03T13:30:00+09:00,J5,606,592,1198
2018-12-03T13:45:00+09:00,J1,638,658,1296
2018-12-03T13:45:00+09:00,J2,878,771,1649
2018-12-03T13:45:00+09:00,J3,774,677,1451
2018-12-03T13:45:00+09:00,J4,720,707,1427
2018-12-03T13:45:00+09:00,J5,580,578,1158
2018-12-03T14:00:00+09:00,J1,686,689,1375
2018-12-03T14:00:00+09:00,J2,895,760,1655
2018-12-03T14:00:00+09:00,J3,760,698,1458
2018-12-03T14:00:00+09:00,J4,775,781,1556
2018-12-03T14:00:00+09:00,J5,583,597,1180
2018-12-03T14:15:00+09:00,J1,558,632,1190
2018-12-03T14:15:00+09:00,J2,821,632,1453
2018-12-03T14:15:00+09:00,J3,763,677,1440
2018-12-03T14:15:00+09:00,J4,849,742,1591
2018-12-03T14:15:00+09:00,J5,560,582,1142
2018-12-03T14:30:00+09:00,J1,630,683,1313
2018-12-03T14:30:00+09:00,J2,753,577,1330
2018-12-03T14:30:00+09:00,J3,740,634,1374
2018-12-03T14:30:00+09:00,J4,924,790,1714
2018-12-03T14:30:00+09:00,J5,555,581,1136
2018-12-03T14:45:00+09:00,J1,524,600,1124
2018-12-03T14:45:00+09:00,J2,725,581,1306
2018-12-03T14:45:00+09:00,J3,704,667,1371
2018-12-03T14:45:00+09:00,J4,876,766,1642
2018-12-03T14:45:00+09:00,J5,598,589,1187
2018-12-03T15:00:00+09:00,J1,643,727,1370
2018-12-03T15:00:00+09:00,J2,764,651,1415
2018-12-03T15:00:00+09:00,J3,716,718,1434
2018-12-03T15:00:00+09:00,J4,855,773,1628
2018-12-03T15:00:00+09:00,J5,583,606,1189
2018-12-03T15:15:00+09:00,J1,734,826,1560
2018-12-03T15:15:00+09:00,J2,770,720,1490
2018-12-03T15:15:00+09:00,J3,732,696,1428
2018-12-03T15:15:00+09:00,J4,868,826,1694
2018-12-03T15:15:00+09:00,J5,601,554,1155
2018-12-03T15:30:00+09:00,J1,779,885,1664
2018-12-03T15:30:00+09:00,J2,841,732,1573
2018-12-03T15:30:00+09:00,J3,763,718,1481
2018-12-03T15:30:00+09:00,J4,963,949,1912
2018-12-03T15:30:00+09:00,J5,531,551,1082
2018-12-03T15:45:00+09:00,J1,652,731,1383
2018-12-03T15:45:00+09:00,J2,853,665,1518
2018-12-03T15:45:00+09:00,J3,724,679,1403
2018-12-03T15:45:00+09:00,J4,960,817,1777
2018-12-03T15:45:00+09:00,J5,582,520,1102
2018-12-03T16:00:00+09:00,J1,605,723,1328
2018-12-03T16:00:00+09:00,J2,880,777,1657
2018-12-03T16:00:00+09:00,J3,768,684,1452
2018-12-03T16:00:00+09:00,J4,951,803,1754
2018-12-03T16:00:00+09:00,J5,612,572,1184
2018-12-03T16:15:00+09:00,J1,737,850,1587
2018-12-03T16:15:00+09:00,J2,910,768,1678
2018-12-03T16:15:00+09:00,J3,802,715,1517
2018-12-03T16:15:00+09:00,J4,895,838,1733
2018-12-03T16:15:00+09:00,J5,614,553,1167
2018-12-03T16:30:00+09:00,J1,710,851,1561
2018-12-03T16:30:00+09:00,J2,936,698,1634
2018-12-03T16:30:00+09:00,J3,789,719,1508
2018-12-03T16:30:00+09:00,J4,950,875,1825
2018-12-03T16:30:00+09:00,J5,561,577,1138
2018-12-03T16:45:00+09:00,J1,724,891,1615
2018-12-03T16:45:00+09:00,J2,882,777,1659
2018-12-03T16:45:00+09:00,J3,854,806,1660
2018-12-03T16:45:00+09:00,J4,917,889,1806
2018-12-03T16:45:00+09:00,J5,573,583,1156
2018-12-03T17:00:00+09:00,J1,879,898,1777
2018-12-03T17:00:00+09:00,J2,937,799,1736
2018-12-03T17:00:00+09:00,J3,895,850,1745
2018-12-03T17:00:00+09:00,J4,976,863,1839
2018-12-03T17:00:00+09:00,J5,571,582,1153
2018-12-03T17:15:00+09:00,J1,714,886,1600
2018-12-03T17:15:00+09:00,J2,964,802,1766
2018-12-03T17:15:00+09:00,J3,947,867,1814
2018-12-03T17:15:00+09:00,J4,977,869,1846
2018-12-03T17:15:00+09:00,J5,657,597,1254
2018-12-03T17:30:00+09:00,J1,742,946,1688
2018-12-03T17:30:00+09:00,J2,1017,843,1860
2018-12-03T17:30:00+09:00,J3,1075,935,2010
2018-12-03T17:30:00+09:00,J4,1004,939,1943
2018-12-03T17:30:00+09:00,J5,597,604,1201
2018-12-03T17:45:00+09:00,J1,761,951,1712
2018-12-03T17:45:00+09:00,J2,988,864,1852
2018-12-03T17:45:00+09:00,J3,1070,915,1985
2018-12-03T17:45:00+09:00,J4,1039,911,1950
2018-12-03T17:45:00+09:00,J5,586,606,1192
2018-12-03T18:00:00+09:00,J1,785,1046,1831
2018-12-03T18:00:00+09:00,J2,1067,915,1982
2018-12-03T18:00:00+09:00,J3,1111,946,2057
2018-12-03T18:00:00+09:00,J4,1018,873,1891
2018-12-03T18:00:00+09:00,J5,626,633,1259
2018-12-03T18:15:00+09:00,J1,751,996,1747
2018-12-03T18:15:00+09:00,J2,1057,882,1939
2018-12-03T18:15:00+09:00,J3,1072,967,2039
2018-12-03T18:15:00+09:00,J4,1098,908,2006
2018-12-03T18:15:00+09:00,J5,474,508,982
2018-12-03T18:30:00+09:00,J1,671,850,1521
2018-12-03T18:30:00+09:00,J2,878,905,1783
2018-12-03T18:30:00+09:00,J3,1048,905,1953
2018-12-03T18:30:00+09:00,J4,953,888,1841
2018-12-03T18:30:00+09:00,J5,455,495,950
2018-12-03T18:45:00+09:00,J1,760,866,1626
2018-12-03T18:45:00+09:00,J2,833,809,1642
2018-12-03T18:45:00+09:00,J3,996,911,1907
2018-12-03T18:45:00+09:00,J4,926,874,1800
2018-12-03T18:45:00+09:00,J5,477,484,961
2018-12-03T19:00:00+09:00,J1,652,857,1509
2018-12-03T19:00:00+09:00,J2,855,722,1577
2018-12-03T19:00:00+09:00,J3,940,876,1816
2018-12-03T19:00:00+09:00,J4,977,834,1811
2018-12-03T19:00:00+09:00,J5,563,541,1104
2018-12-03T19:15:00+09:00,J1,724,938,1662
2018-12-03T19:15:00+09:00,J2,865,707,1572
2018-12-03T19:15:00+09:00,J3,992,951,1943
2018-12-03T19:15:00+09:00,J4,848,799,1647
2018-12-03T19:15:00+09:00,J5,530,575,1105
2018-12-03T19:30:00+09:00,J1,731,828,1559
2018-12-03T19:30:00+09:00,J2,837,712,1549
2018-12-03T19:30:00+09:00,J3,909,937,1846
2018-12-03T19:30:00+09:00,J4,800,639,1439
2018-12-03T19:30:00+09:00,J5,558,585,1143
2018-12-03T19:45:00+09:00,J1,732,838,1570
2018-12-03T19:45:00+09:00,J2,767,670,1437
2018-12-03T19:45:00+09:00,J3,852,867,1719
2018-12-03T19:45:00+09:00,J4,762,676,1438
2018-12-03T19:45:00+09:00,J5,575,528,1103
2018-12-03T20:00:00+09:00,J1,711,847,1558
2018-12-03T20:00:00+09:00,J2,751,678,1429
2018-12-03T20:00:00+09:00,J3,911,817,1728
2018-12-03T20:00:00+09:00,J4,842,747,1589
2018-12-03T20:00:00+09:00,J5,548,557,1105
2018-12-03T20:15:00+09:00,J1,714,845,1559
2018-12-03T20:15:00+09:00,J2,792,640,1432
2018-12-03T20:15:00+09:00,J3,927,845,1772
2018-12-03T20:15:00+09:00,J4,846,784,1630
2018-12-03T20:15:00+09:00,J5,546,540,1086
2018-12-03T20:30:00+09:00,J1,816,914,1730
2018-12-03T20:30:00+09:00,J2,728,687,1415
2018-12-03T20:30:00+09:00,J3,919,886,1805
2018-12-03T20:30:00+09:00,J4,723,634,1357
2018-12-03T20:30:00+09:00,J5,570,553,1123
2018-12-03T20:45:00+09:00,J1,914,1110,2024
2018-12-03T20:45:00+09:00,J2,540,589,1129
2018-12-03T20:45:00+09:00,J3,960,833,1793
2018-12-03T20:45:00+09:00,J4,599,566,1165
2018-12-03T20:45:00+09:00,J5,517,597,1114
2018-12-03T21:00:00+09:00,J1,843,1026,1869
2018-12-03T21:00:00+09:00,J2,558,546,1104
2018-12-03T21:00:00+09:00,J3,870,726,1596
2018-12-03T21:00:00+09:00,J4,617,586,1203
2018-12-03T21:00:00+09:00,J5,527,571,1098
2018-12-03T21:15:00+09:00,J1,985,1023,2008
2018-12-03T21:15:00+09:00,J2,581,623,1204
2018-12-03T21:15:00+09:00,J3,834,723,1557
2018-12-03T21:15:00+09:00,J4,648,569,1217
2018-12-03T21:15:00+09:00,J5,553,543,1096
2018-12-03T21:30:00+09:00,J1,995,1052,2047
2018-12-03T21:30:00+09:00,J2,528,640,1168
2018-12-03T21:30:00+09:00,J3,757,724,1481
2018-12-03T21:30:00+09:00,J4,566,548,1114
2018-12-03T21:30:00+09:00,J5,542,593,1135
2018-12-03T21:45:00+09:00,J1,942,885,1827
2018-12-03T21:45:00+09:00,J2,502,560,1062
2018-12-03T21:45:00+09:00,J3,764,690,1454
2018-12-03T21:45:00+09:00,J4,540,557,1097
2018-12-03T21:45:00+09:00,J5,485,585,1070
2018-12-03T22:00:00+09:00,J1,744,873,1617
2018-12-03T22:00:00+09:00,J2,432,517,949
2018-12-03T22:00:00+09:00,J3,682,631,1313
2018-12-03T22:00:00+09:00,J4,560,535,1095
2018-12-03T22:00:00+09:00,J5,489,518,1007
2018-12-03T22:15:00+09:00,J1,846,940,1786
2018-12-03T22:15:00+09:00,J2,358,436,794
2018-12-03T22:15:00+09:00,J3,678,675,1353
2018-12-03T22:15:00+09:00,J4,519,538,1057
2018-12-03T22:15:00+09:00,J5,493,508,1001
2018-12-03T22:30:00+09:00,J1,835,912,1747
2018-12-03T22:30:00+09:00,J2,313,384,697
2018-12-03T22:30:00+09:00,J3,733,677,1410
2018-12-03T22:30:00+09:00,J4,530,529,1059
2018-12-03T22:30:00+09:00,J5,386,423,809
2018-12-03T22:45:00+09:00,J1,812,884,1696
2018-12-03T22:45:00+09:00,J2,326,325,651
2018-12-03T22:45:00+09:00,J3,895,754,1649
2018-12-03T22:45:00+09:00,J4,417,469,886
2018-12-03T22:45:00+09:00,J5,317,314,631
2018-12-03T23:00:00+09:00,J1,718,866,1584
2018-12-03T23:00:00+09:00,J2,342,444,786
2018-12-03T23:00:00+09:00,J3,827,672,1499
2018-12-03T23:00:00+09:00,J4,423,490,913
2018-12-03T23:00:00+09:00,J5,274,271,545
2018-12-03T23:15:00+09:00,J1,765,857,1622
2018-12-03T23:15:00+09:00,J2,347,379,726
2018-12-03T23:15:00+09:00,J3,859,720,1579
2018-12-03T23:15:00+09:00,J4,365,436,801
2018-12-03T23:15:00+09:00,J5,293,247,540
2018-12-03T23:30:00+09:00,J1,686,744,1430
2018-12-03T23:30:00+09:00,J2,340,389,729
2018-12-03T23:30:00+09:00,J3,893,740,1633
2018-12-03T23:30:00+09:00,J4,372,426,798
2018-12-03T23:30:00+09:00,J5,246,244,490
2018-12-03T23:45:00+09:00,J1,677,703,1380
2018-12-03T23:45:00+09:00,J2,304,295,599
2018-12-03T23:45:00+09:00,J3,876,720,1596
2018-12-03T23:45:00+09:00,J4,332,405,737
2018-12-03T23:45:00+09:00,J5,290,253,543
2018-12-04T00:00:00+09:00,J1,646,579,1225
2018-12-04T00:00:00+09:00,J2,276,336,612
2018-12-04T00:00:00+09:00,J3,836,696,1532
2018-12-04T00:00:00+09:00,J4,324,397,721
2018-12-04T00:00:00+09:00,J5,288,238,526
2018-12-04T00:15:00+09:00,J1,648,474,1122
2018-12-04T00:15:00+09:00,J2,279,408,687
2018-12-04T00:15:00+09:00,J3,714,558,1272
2018-12-04T00:15:00+09:00,J4,272,345,617
2018-12-04T00:15:00+09:00,J5,298,236,534
2018-12-04T00:30:00+09:00,J1,577,511,1088
2018-12-04T00:30:00+09:00,J2,276,343,619
2018-12-04T00:30:00+09:00,J3,678,534,1212
2018-12-04T00:30:00+09:00,J4,291,323,614
2018-12-04T00:30:00+09:00,J5,238,191,429
2018-12-04T00:45:00+09:00,J1,590,534,1124
2018-12-04T00:45:00+09:00,J2,310,398,708
2018-12-04T00:45:00+09:00,J3,611,465,1076
2018-12-04T00:45:00+09:00,J4,245,310,555
2018-12-04T00:45:00+09:00,J5,247,188,435
2018-12-04T05:45:00+09:00,J1,393,337,730
2018-12-04T05:45:00+09:00,J2,414,448,862
2018-12-04T05:45:00+09:00,J3,601,467,1068
2018-12-04T05:45:00+09:00,J4,352,421,773
2018-12-04T05:45:00+09:00,J5,280,289,569
2018-12-04T06:00:00+09:00,J1,335,327,662
2018-12-04T06:00:00+09:00,J2,371,437,808
2018-12-04T06:00:00+09:00,J3,807,655,1462
2018-12-04T06:00:00+09:00,J4,393,513,906
2018-12-04T06:00:00+09:00,J5,249,267,516
2018-12-04T06:15:00+09:00,J1,585,510,1095
2018-12-04T06:15:00+09:00,J2,327,416,743
2018-12-04T06:15:00+09:00,J3,754,673,1427
2018-12-04T06:15:00+09:00,J4,461,502,963
2018-12-04T06:15:00+09:00,J5,300,201,501
2018-12-04T06:30:00+09:00,J1,774,666,1440
2018-12-04T06:30:00+09:00,J2,326,377,703
2018-12-04T06:30:00+09:00,J3,604,574,1178
2018-12-04T06:30:00+09:00,J4,491,542,1033
2018-12-04T06:30:00+09:00,J5,224,229,453
2018-12-04T06:45:00+09:00,J1,780,751,1531
2018-12-04T06:45:00+09:00,J2,369,389,758
2018-12-04T06:45:00+09:00,J3,755,641,1396
2018-12-04T06:45:00+09:00,J4,528,615,1143
2018-12-04T06:45:00+09:00,J5,319,296,615
2018-12-04T07:00:00+09:00,J1,674,636,1310
2018-12-04T07:00:00+09:00,J2,309,324,633
2018-12-04T07:00:00+09:00,J3,781,648,1429
2018-12-04T07:00:00+09:00,J4,599,622,1221
2018-12-04T07:00:00+09:00,J5,316,255,571
2018-12-04T07:15:00+09:00,J1,984,837,1821
2018-12-04T07:15:00+09:00,J2,466,351,817
2018-12-04T07:15:00+09:00,J3,1050,943,1993
2018-12-04T07:15:00+09:00,J4,611,738,1349
2018-12-04T07:15:00+09:00,J5,469,525,994
2018-12-04T07:30:00+09:00,J1,962,964,1926
2018-12-04T07:30:00+09:00,J2,649,565,1214
2018-12-04T07:30:00+09:00,J3,841,939,1780
2018-12-04T07:30:00+09:00,J4,589,738,1327
2018-12-04T07:30:00+09:00,J5,483,572,1055
2018-12-04T07:45:00+09:00,J1,971,984,1955
2018-12-04T07:45:00+09:00,J2,629,418,1047
2018-12-04T07:45:00+09:00,J3,934,1027,1961
2018-12-04T07:45:00+09:00,J4,470,889,1359
2018-12-04T07:45:00+09:00,J5,492,660,1152
2018-12-04T08:00:00+09:00,J1,1291,1113,2404
2018-12-04T08:00:00+09:00,J2,895,641,1536
2018-12-04T08:00:00+09:00,J3,980,1131,2111
2018-12-04T08:00:00+09:00,J4,587,936,1523
2018-12-04T08:00:00+09:00,J5,552,707,1259
2018-12-04T08:15:00+09:00,J1,1365,1088,2453
2018-12-04T08:15:00+09:00,J2,1125,716,1841
2018-12-04T08:15:00+09:00,J3,1054,1247,2301
2018-12-04T08:15:00+09:00,J4,842,1060,1902
2018-12-04T08:15:00+09:00,J5,553,688,1241
2018-12-04T08:30:00+09:00,J1,1449,1083,2532
2018-12-04T08:30:00+09:00,J2,1116,696,1812
2018-12-04T08:30:00+09:00,J3,925,1268,2193
2018-12-04T08:30:00+09:00,J4,929,1184,2113
2018-12-04T08:30:00+09:00,J5,550,699,1249
2018-12-04T08:45:00+09:00,J1,1158,999,2157
2018-12-04T08:45:00+09:00,J2,881,645,1526
2018-12-04T08:45:00+09:00,J3,841,1026,1867
2018-12-04T08:45:00+09:00,J4,738,965,1703
2018-12-04T08:45:00+09:00,J5,541,606,1147
2018-12-04T09:00:00+09:00,J1,971,920,1891
2018-12-04T09:00:00+09:00,J2,839,622,1461
2018-12-04T09:00:00+09:00,J3,957,987,1944
2018-12-04T09:00:00+09:00,J4,512,727,1239
2018-12-04T09:00:00+09:00,J5,616,682,1298
2018-12-04T09:15:00+09:00,J1,615,572,1187
2018-12-04T09:15:00+09:00,J2,808,613,1421
2018-12-04T09:15:00+09:00,J3,810,786,1596
2018-12-04T09:15:00+09:00,J4,564,732,1296
2018-12-04T09:15:00+09:00,J5,584,652,1236
2018-12-04T09:30:00+09:00,J1,644,636,1280
2018-12-04T09:30:00+09:00,J2,832,625,1457
2018-12-04T09:30:00+09:00,J3,803,881,1684
2018-12-04T09:30:00+09:00,J4,599,711,1310
2018-12-04T09:30:00+09:00,J5,562,610,1172
2018-12-04T09:45:00+09:00,J1,751,716,1467
2018-12-04T09:45:00+09:00,J2,770,625,1395
2018-12-04T09:45:00+09:00,J3,758,786,1544
2018-12-04T09:45:00+09:00,J4,662,657,1319
2018-12-04T09:45:00+09:00,J5,479,566,1045
2018-12-04T10:00:00+09:00,J1,811,770,1581
2018-12-04T10:00:00+09:00,J2,702,676,1378
2018-12-04T10:00:00+09:00,J3,815,738,1553
2018-12-04T10:00:00+09:00,J4,583,550,1133
2018-12-04T10:00:00+09:00,J5,531,615,1146
2018-12-04T10:15:00+09:00,J1,720,759,1479
2018-12-04T10:15:00+09:00,J2,790,630,1420
2018-12-04T10:15:00+09:00,J3,818,756,1574
2018-12-04T10:15:00+09:00,J4,615,543,1158
2018-12-04T10:15:00+09:00,J5,536,604,1140
2018-12-04T10:30:00+09:00,J1,812,810,1622
2018-12-04T10:30:00+09:00,J2,793,653,1446
2018-12-04T10:30:00+09:00,J3,755,705,1460
2018-12-04T10:30:00+09:00,J4,755,663,1418
2018-12-04T10:30:00+09:00,J5,486,520,1006
2018-12-04T10:45:00+09:00,J1,809,866,1675
2018-12-04T10:45:00+09:00,J2,792,679,1471
2018-12-04T10:45:00+09:00,J3,790,706,1496
2018-12-04T10:45:00+09:00,J4,852,887,1739
2018-12-04T10:45:00+09:00,J5,487,507,994
2018-12-04T11:00:00+09:00,J1,921,919,1840
2018-12-04T11:00:00+09:00,J2,803,715,1518
2018-12-04T11:00:00+09:00,J3,751,755,1506
2018-12-04T11:00:00+09:00,J4,881,887,1768
2018-12-04T11:00:00+09:00,J5,387,442,829
2018-12-04T11:15:00+09:00,J1,866,967,1833
2018-12-04T11:15:00+09:00,J2,801,635,1436
2018-12-04T11:15:00+09:00,J3,675,692,1367
2018-12-04T11:15:00+09:00,J4,831,981,1812
2018-12-04T11:15:00+09:00,J5,319,372,691
2018-12-04T11:30:00+09:00,J1,915,1065,1980
2018-12-04T11:30:00+09:00,J2,785,678,1463
2018-12-04T11:30:00+09:00,J3,811,720,1531
2018-12-04T11:30:00+09:00,J4,940,885,1825
2018-12-04T11:30:00+09:00,J5,316,387,703
2018-12-04T11:45:00+09:00,J1,728,724,1452
2018-12-04T11:45:00+09:00,J2,771,616,1387
2018-12-04T11:45:00+09:00,J3,735,735,1470
2018-12-04T11:45:00+09:00,J4,925,820,1745
2018-12-04T11:45:00+09:00,J5,294,354,648
2018-12-04T12:00:00+09:00,J1,959,998,1957
2018-12-04T12:00:00+09:00,J2,820,660,1480
2018-12-04T12:00:00+09:00,J3,741,719,1460
2018-12-04T12:00:00+09:00,J4,989,835,1824
2018-12-04T12:00:00+09:00,J5,303,370,673
2018-12-04T12:15:00+09:00,J1,948,1141,2089
2018-12-04T12:15:00+09:00,J2,744,647,1391
2018-12-04T12:15:00+09:00,J3,745,726,1471
2018-12-04T12:15:00+09:00,J4,919,815,1734
2018-12-04T12:15:00+09:00,J5,363,336,699
2018-12-04T12:30:00+09:00,J1,993,1035,2028
2018-12-04T12:30:00+09:00,J2,715,637,1352
2018-12-04T12:30:00+09:00,J3,808,811,1619
2018-12-04T12:30:00+09:00,J4,760,787,1547
2018-12-04T12:30:00+09:00,J5,333,383,716
2018-12-04T12:45:00+09:00,J1,825,1046,1871
2018-12-04T12:45:00+09:00,J2,626,656,1282
2018-12-04T12:45:00+09:00,J3,711,768,1479
2018-12-04T12:45:00+09:00,J4,796,822,1618
2018-12-04T12:45:00+09:00,J5,354,390,744
2018-12-04T13:00:00+09:00,J1,900,999,1899
2018-12-04T13:00:00+09:00,J2,632,634,1266
2018-12-04T13:00:00+09:00,J3,723,675,1398
2018-12-04T13:00:00+09:00,J4,789,745,1534
2018-12-04T13:00:00+09:00,J5,298,406,704
2018-12-04T13:15:00+09:00,J1,859,1072,1931
2018-12-04T13:15:00+09:00,J2,609,632,1241
2018-12-04T13:15:00+09:00,J3,753,757,1510
2018-12-04T13:15:00+09:00,J4,861,750,1611
2018-12-04T13:15:00+09:00,J5,367,411,778
2018-12-04T13:30:00+09:00,J1,894,1061,1955
2018-12-04T13:30:00+09:00,J2,563,654,1217
2018-12-04T13:30:00+09:00,J3,683,679,1362
2018-12-04T13:30:00+09:00,J4,724,716,1440
2018-12-04T13:30:00+09:00,J5,337,377,714
2018-12-04T13:45:00+09:00,J1,859,1049,1908
2018-12-04T13:45:00+09:00,J2,517,578,1095
2018-12-04T13:45:00+09:00,J3,718,705,1423
2018-12-04T13:45:00+09:00,J4,783,753,1536
2018-12-04T13:45:00+09:00,J5,306,372,678
2018-12-04T14:00:00+09:00,J1,798,998,1796
2018-12-04T14:00:00+09:00,J2,468,602,1070
2018-12-04T14:00:00+09:00,J3,645,666,1311
2018-12-04T14:00:00+09:00,J4,749,743,1492
2018-12-04T14:00:00+09:00,J5,340,376,716
2018-12-04T14:15:00+09:00,J1,851,1030,1881
2018-12-04T14:15:00+09:00,J2,464,556,1020
2018-12-04T14:15:00+09:00,J3,629,710,1339
2018-12-04T14:15:00+09:00,J4,795,716,1511
2018-12-04T14:15:00+09:00,J5,342,364,706
2018-12-04T14:30:00+09:00,J1,738,873,1611
2018-12-04T14:30:00+09:00,J2,533,649,1182
2018-12-04T14:30:00+09:00,J3,742,751,1493
2018-12-04T14:30:00+09:00,J4,817,830,1647
2018-12-04T14:30:00+09:00,J5,332,410,742
2018-12-04T14:45:00+09:00,J1,680,772,1452
2018-12-04T14:45:00+09:00,J2,526,578,1104
2018-12-04T14:45:00+09:00,J3,751,755,1506
2018-12-04T14:45:00+09:00,J4,751,797,1548
2018-12-04T14:45:00+09:00,J5,319,376,695
2018-12-04T15:00:00+09:00,J1,902,940,1842
2018-12-04T15:00:00+09:00,J2,541,582,1123
2018-12-04T15:00:00+09:00,J3,780,740,1520
2018-12-04T15:00:00+09:00,J4,722,811,1533
2018-12-04T15:00:00+09:00,J5,320,358,678
2018-12-04T15:15:00+09:00,J1,879,1059,1938
2018-12-04T15:15:00+09:00,J2,498,667,1165
2018-12-04T15:15:00+09:00,J3,800,696,1496
2018-12-04T15:15:00+09:00,J4,724,802,1526
2018-12-04T15:15:00+09:00,J5,309,374,683
2018-12-04T15:30:00+09:00,J1,809,1033,1842
2018-12-04T15:30:00+09:00,J2,567,538,1105
2018-12-04T15:30:00+09:00,J3,818,698,1516
2018-12-04T15:30:00+09:00,J4,725,791,1516
2018-12-04T15:30:00+09:00,J5,294,369,663
2018-12-04T15:45:00+09:00,J1,876,998,1874
2018-12-04T15:45:00+09:00,J2,539,534,1073
2018-12-04T15:45:00+09:00,J3,767,677,1444
2018-12-04T15:45:00+09:00,J4,731,828,1559
2018-12-04T15:45:00+09:00,J5,309,360,669
2018-12-04T16:00:00+09:00,J1,822,957,1779
2018-12-04T16:00:00+09:00,J2,515,510,1025
2018-12-04T16:00:00+09:00,J3,685,682,1367
2018-12-04T16:00:00+09:00,J4,773,802,1575
2018-12-04T16:00:00+09:00,J5,281,335,616
2018-12-04T16:15:00+09:00,J1,885,1122,2007
2018-12-04T16:15:00+09:00,J2,546,563,1109
2018-12-04T16:15:00+09:00,J3,884,682,1566
2018-12-04T16:15:00+09:00,J4,726,795,1521
2018-12-04T16:15:00+09:00,J5,273,343,616
2018-12-04T16:30:00+09:00,J1,890,1064,1954
2018-12-04T16:30:00+09:00,J2,518,589,1107
2018-12-04T16:30:00+09:00,J3,745,683,1428
2018-12-04T16:30:00+09:00,J4,750,796,1546
2018-12-04T16:30:00+09:00,J5,290,319,609
2018-12-04T16:45:00+09:00,J1,957,1102,2059
2018-12-04T16:45:00+09:00,J2,564,636,1200
2018-12-04T16:45:00+09:00,J3,808,722,1530
2018-12-04T16:45:00+09:00,J4,776,865,1641
2018-12-04T16:45:00+09:00,J5,290,365,655
2018-12-04T17:00:00+09:00,J1,1018,1296,2314
2018-12-04T17:00:00+09:00,J2,606,786,1392
2018-12-04T17:00:00+09:00,J3,971,886,1857
2018-12-04T17:00:00+09:00,J4,869,862,1731
2018-12-04T17:00:00+09:00,J5,387,458,845
2018-12-04T17:15:00+09:00,J1,1055,1289,2344
2018-12-04T17:15:00+09:00,J2,663,788,1451
2018-12-04T17:15:00+09:00,J3,1157,862,2019
2018-12-04T17:15:00+09:00,J4,970,892,1862
2018-12-04T17:15:00+09:00,J5,344,505,849
2018-12-04T17:30:00+09:00,J1,1156,1383,2539
2018-12-04T17:30:00+09:00,J2,715,929,1644
2018-12-04T17:30:00+09:00,J3,1173,1015,2188
2018-12-04T17:30:00+09:00,J4,923,888,1811
2018-12-04T17:30:00+09:00,J5,424,518,942
2018-12-04T17:45:00+09:00,J1,1203,1378,2581
2018-12-04T17:45:00+09:00,J2,761,873,1634
2018-12-04T17:45:00+09:00,J3,1233,1039,2272
2018-12-04T17:45:00+09:00,J4,929,925,1854
2018-12-04T17:45:00+09:00,J5,494,591,1085
2018-12-04T18:00:00+09:00,J1,1202,1423,2625
2018-12-04T18:00:00+09:00,J2,768,894,1662
2018-12-04T18:00:00+09:00,J3,1302,979,2281
2018-12-04T18:00:00+09:00,J4,1021,890,1911
2018-12-04T18:00:00+09:00,J5,477,612,1089
2018-12-04T18:15:00+09:00,J1,965,1227,2192
2018-12-04T18:15:00+09:00,J2,765,946,1711
2018-12-04T18:15:00+09:00,J3,1303,954,2257
2018-12-04T18:15:00+09:00,J4,1014,878,1892
2018-12-04T18:15:00+09:00,J5,455,573,1028
2018-12-04T18:30:00+09:00,J1,1088,1142,2230
2018-12-04T18:30:00+09:00,J2,792,799,1591
2018-12-04T18:30:00+09:00,J3,1130,799,1929
2018-12-04T18:30:00+09:00,J4,1027,866,1893
2018-12-04T18:30:00+09:00,J5,403,527,930
2018-12-04T18:45:00+09:00,J1,1128,1352,2480
2018-12-04T18:45:00+09:00,J2,755,685,1440
2018-12-04T18:45:00+09:00,J3,1027,805,1832
2018-12-04T18:45:00+09:00,J4,994,852,1846
2018-12-04T18:45:00+09:00,J5,339,491,830
2018-12-04T19:00:00+09:00,J1,979,1137,2116
2018-12-04T19:00:00+09:00,J2,631,717,1348
2018-12-04T19:00:00+09:00,J3,968,926,1894
2018-12-04T19:00:00+09:00,J4,1027,786,1813
2018-12-04T19:00:00+09:00,J5,416,487,903
2018-12-04T19:15:00+09:00,J1,973,1056,2029
2018-12-04T19:15:00+09:00,J2,599,757,1356
2018-12-04T19:15:00+09:00,J3,979,882,1861
2018-12-04T19:15:00+09:00,J4,1093,802,1895
2018-12-04T19:15:00+09:00,J5,383,544,927
2018-12-04T19:30:00+09:00,J1,1026,1188,2214
2018-12-04T19:30:00+09:00,J2,583,640,1223
2018-12-04T19:30:00+09:00,J3,879,846,1725
2018-12-04T19:30:00+09:00,J4,913,821,1734
2018-12-04T19:30:00+09:00,J5,358,502,860
2018-12-04T19:45:00+09:00,J1,1042,1180,2222
2018-12-04T19:45:00+09:00,J2,563,621,1184
2018-12-04T19:45:00+09:00,J3,919,873,1792
2018-12-04T19:45:00+09:00,J4,976,864,1840
2018-12-04T19:45:00+09:00,J5,359,422,781
2018-12-04T20:00:00+09:00,J1,957,1155,2112
2018-12-04T20:00:00+09:00,J2,609,614,1223
2018-12-04T20:00:00+09:00,J3,943,937,1880
2018-12-04T20:00:00+09:00,J4,901,789,1690
2018-12-04T20:00:00+09:00,J5,345,403,748
2018-12-04T20:15:00+09:00,J1,1009,1203,2212
2018-12-04T20:15:00+09:00,J2,688,673,1361
2018-12-04T20:15:00+09:00,J3,1039,907,1946
2018-12-04T20:15:00+09:00,J4,1001,792,1793
2018-12-04T20:15:00+09:00,J5,357,405,762
2018-12-04T20:30:00+09:00,J1,948,1198,2146
2018-12-04T20:30:00+09:00,J2,646,655,1301
2018-12-04T20:30:00+09:00,J3,1000,856,1856
2018-12-04T20:30:00+09:00,J4,860,726,1586
2018-12-04T20:30:00+09:00,J5,309,447,756
2018-12-04T20:45:00+09:00,J1,980,1108,2088
2018-12-04T20:45:00+09:00,J2,620,588,1208
2018-12-04T20:45:00+09:00,J3,903,823,1726
2018-12-04T20:45:00+09:00,J4,800,749,1549
2018-12-04T20:45:00+09:00,J5,284,379,663
2018-12-04T21:00:00+09:00,J1,936,1090,2026
2018-12-04T21:00:00+09:00,J2,742,652,1394
2018-12-04T21:00:00+09:00,J3,823,722,1545
2018-12-04T21:00:00+09:00,J4,948,887,1835
2018-12-04T21:00:00+09:00,J5,271,366,637
2018-12-04T21:15:00+09:00,J1,949,1114,2063
2018-12-04T21:15:00+09:00,J2,719,629,1348
2018-12-04T21:15:00+09:00,J3,716,723,1439
2018-12-04T21:15:00+09:00,J4,968,834,1802
2018-12-04T21:15:00+09:00,J5,303,365,668
2018-12-04T21:30:00+09:00,J1,943,997,1940
2018-12-04T21:30:00+09:00,J2,677,552,1229
2018-12-04T21:30:00+09:00,J3,747,623,1370
2018-12-04T21:30:00+09:00,J4,859,757,1616
2018-12-04T21:30:00+09:00,J5,287,354,641
2018-12-04T21:45:00+09:00,J1,924,1017,1941
2018-12-04T21:45:00+09:00,J2,575,637,1212
2018-12-04T21:45:00+09:00,J3,817,663,1480
2018-12-04T21:45:00+09:00,J4,827,758,1585
2018-12-04T21:45:00+09:00,J5,297,335,632
2018-12-04T22:00:00+09:00,J1,876,976,1852
2018-12-04T22:00:00+09:00,J2,469,573,1042
2018-12-04T22:00:00+09:00,J3,721,673,1394
2018-12-04T22:00:00+09:00,J4,798,664,1462
2018-12-04T22:00:00+09:00,J5,341,386,727
2018-12-04T22:15:00+09:00,J1,851,890,1741
2018-12-04T22:15:00+09:00,J2,549,577,1126
2018-12-04T22:15:00+09:00,J3,751,723,1474
2018-12-04T22:15:00+09:00,J4,841,769,1610
2018-12-04T22:15:00+09:00,J5,319,356,675
2018-12-04T22:30:00+09:00,J1,755,953,1708
2018-12-04T22:30:00+09:00,J2,598,618,1216
2018-12-04T22:30:00+09:00,J3,734,679,1413
2018-12-04T22:30:00+09:00,J4,783,687,1470
2018-12-04T22:30:00+09:00,J5,440,524,964
2018-12-04T22:45:00+09:00,J1,865,912,1777
2018-12-04T22:45:00+09:00,J2,519,540,1059
2018-12-04T22:45:00+09:00,J3,748,659,1407
2018-12-04T22:45:00+09:00,J4,816,688,1504
2018-12-04T22:45:00+09:00,J5,472,549,1021
2018-12-04T23:00:00+09:00,J1,707,832,1539
2018-12-04T23:00:00+09:00,J2,513,531,1044
2018-12-04T23:00:00+09:00,J3,696,664,1360
2018-12-04T23:00:00+09:00,J4,826,685,1511
2018-12-04T23:00:00+09:00,J5,457,500,957
2018-12-04T23:15:00+09:00,J1,687,818,1505
2018-12-04T23:15:00+09:00,J2,456,563,1019
2018-12-04T23:15:00+09:00,J3,702,652,1354
2018-12-04T23:15:00+09:00,J4,758,670,1428
2018-12-04T23:15:00+09:00,J5,415,516,931
2018-12-04T23:30:00+09:00,J1,732,753,1485
2018-12-04T23:30:00+09:00,J2,471,561,1032
2018-12-04T23:30:00+09:00,J3,710,717,1427
2018-12-04T23:30:00+09:00,J4,718,616,1334
2018-12-04T23:30:00+09:00,J5,387,492,879
2018-12-04T23:45:00+09:00,J1,677,743,1420
2018-12-04T23:45:00+09:00,J2,511,437,948
2018-12-04T23:45:00+09:00,J3,729,613,1342
2018-12-04T23:45:00+09:00,J4,732,609,1341
2018-12-04T23:45:00+09:00,J5,364,440,804
2018-12-05T00:00:00+09:00,J1,654,642,1296
2018-12-05T00:00:00+09:00,J2,352,344,696
2018-12-05T00:00:00+09:00,J3,702,660,1362
2018-12-05T00:00:00+09:00,J4,700,636,1336
2018-12-05T00:00:00+09:00,J5,363,400,763
2018-12-05T00:15:00+09:00,J1,483,500,983
2018-12-05T00:15:00+09:00,J2,327,313,640
2018-12-05T00:15:00+09:00,J3,826,573,1399
2018-12-05T00:15:00+09:00,J4,547,502,1049
2018-12-05T00:15:00+09:00,J5,269,282,551
2018-12-05T00:30:00+09:00,J1,358,392,750
2018-12-05T00:30:00+09:00,J2,315,331,646
2018-12-05T00:30:00+09:00,J3,743,558,1301
2018-12-05T00:30:00+09:00,J4,372,363,735
2018-12-05T00:30:00+09:00,J5,244,244,488
2018-12-05T00:45:00+09:00,J1,361,337,698
2018-12-05T00:45:00+09:00,J2,356,396,752
2018-12-05T00:45:00+09:00,J3,675,567,1242
2018-12-05T00:45:00+09:00,J4,361,311,672
2018-12-05T00:45:00+09:00,J5,259,244,503
2018-12-05T05:45:00+09:00,J1,706,714,1420
2018-12-05T05:45:00+09:00,J2,308,375,683
2018-12-05T05:45:00+09:00,J3,429,390,819
2018-12-05T05:45:00+09:00,J4,441,464,905
2018-12-05T05:45:00+09:00,J5,293,272,565
2018-12-05T06:00:00+09:00,J1,672,643,1315
2018-12-05T06:00:00+09:00,J2,335,434,769
2018-12-05T06:00:00+09:00,J3,469,367,836
2018-12-05T06:00:00+09:00,J4,457,419,876
2018-12-05T06:00:00+09:00,J5,268,232,500
2018-12-05T06:15:00+09:00,J1,725,812,1537
2018-12-05T06:15:00+09:00,J2,325,445,770
2018-12-05T06:15:00+09:00,J3,593,515,1108
2018-12-05T06:15:00+09:00,J4,552,582,1134
2018-12-05T06:15:00+09:00,J5,307,265,572
2018-12-05T06:30:00+09:00,J1,696,857,1553
2018-12-05T06:30:00+09:00,J2,317,416,733
2018-12-05T06:30:00+09:00,J3,598,529,1127
2018-12-05T06:30:00+09:00,J4,491,556,1047
2018-12-05T06:30:00+09:00,J5,390,286,676
2018-12-05T06:45:00+09:00,J1,690,753,1443
2018-12-05T06:45:00+09:00,J2,437,479,916
2018-12-05T06:45:00+09:00,J3,596,470,1066
2018-12-05T06:45:00+09:00,J4,530,628,1158
2018-12-05T06:45:00+09:00,J5,414,392,806
2018-12-05T07:00:00+09:00,J1,774,886,1660
2018-12-05T07:00:00+09:00,J2,401,408,809
2018-12-05T07:00:00+09:00,J3,661,588,1249
2018-12-05T07:00:00+09:00,J4,524,683,1207
2018-12-05T07:00:00+09:00,J5,426,403,829
2018-12-05T07:15:00+09:00,J1,867,914,1781
2018-12-05T07:15:00+09:00,J2,513,404,917
2018-12-05T07:15:00+09:00,J3,825,707,1532
2018-12-05T07:15:00+09:00,J4,559,692,1251
2018-12-05T07:15:00+09:00,J5,446,481,927
2018-12-05T07:30:00+09:00,J1,1029,967,1996
2018-12-05T07:30:00+09:00,J2,498,377,875
2018-12-05T07:30:00+09:00,J3,853,926,1779
2018-12-05T07:30:00+09:00,J4,577,759,1336
2018-12-05T07:30:00+09:00,J5,601,664,1265
2018-12-05T07:45:00+09:00,J1,1114,1090,2204
2018-12-05T07:45:00+09:00,J2,601,440,1041
2018-12-05T07:45:00+09:00,J3,786,918,1704
2018-12-05T07:45:00+09:00,J4,622,845,1467
2018-12-05T07:45:00+09:00,J5,693,714,1407
2018-12-05T08:00:00+09:00,J1,1344,1211,2555
2018-12-05T08:00:00+09:00,J2,890,641,1531
2018-12-05T08:00:00+09:00,J3,967,959,1926
2018-12-05T08:00:00+09:00,J4,572,876,1448
2018-12-05T08:00:00+09:00,J5,673,727,1400
2018-12-05T08:15:00+09:00,J1,1500,1331,2831
2018-12-05T08:15:00+09:00,J2,1067,714,1781
2018-12-05T08:15:00+09:00,J3,1037,1126,2163
2018-12-05T08:15:00+09:00,J4,745,1117,1862
2018-12-05T08:15:00+09:00,J5,605,704,1309
2018-12-05T08:30:00+09:00,J1,1520,1317,2837
2018-12-05T08:30:00+09:00,J2,1158,709,1867
2018-12-05T08:30:00+09:00,J3,1168,1220,2388
2018-12-05T08:30:00+09:00,J4,826,1194,2020
2018-12-05T08:30:00+09:00,J5,535,630,1165
2018-12-05T08:45:00+09:00,J1,1320,1179,2499
2018-12-05T08:45:00+09:00,J2,954,631,1585
2018-12-05T08:45:00+09:00,J3,1127,1169,2296
2018-12-05T08:45:00+09:00,J4,704,934,1638
2018-12-05T08:45:00+09:00,J5,490,532,1022
2018-12-05T09:00:00+09:00,J1,1320,1290,2610
2018-12-05T09:00:00+09:00,J2,788,629,1417
2018-12-05T09:00:00+09:00,J3,963,930,1893
2018-12-05T09:00:00+09:00,J4,535,736,1271
2018-12-05T09:00:00+09:00,J5,603,615,1218
2018-12-05T09:15:00+09:00,J1,1082,1102,2184
2018-12-05T09:15:00+09:00,J2,693,523,1216
2018-12-05T09:15:00+09:00,J3,892,879,1771
2018-12-05T09:15:00+09:00,J4,627,682,1309
2018-12-05T09:15:00+09:00,J5,600,680,1280
2018-12-05T09:30:00+09:00,J1,1210,1116,2326
2018-12-05T09:30:00+09:00,J2,579,468,1047
2018-12-05T09:30:00+09:00,J3,1012,854,1866
2018-12-05T09:30:00+09:00,J4,542,641,1183
2018-12-05T09:30:00+09:00,J5,579,681,1260
2018-12-05T09:45:00+09:00,J1,1226,1121,2347
2018-12-05T09:45:00+09:00,J2,528,522,1050
2018-12-05T09:45:00+09:00,J3,904,812,1716
2018-12-05T09:45:00+09:00,J4,542,551,1093
2018-12-05T09:45:00+09:00,J5,540,624,1164
2018-12-05T10:00:00+09:00,J1,1105,1147,2252
2018-12-05T10:00:00+09:00,J2,557,567,1124
2018-12-05T10:00:00+09:00,J3,926,703,1629
2018-12-05T10:00:00+09:00,J4,569,631,1200
2018-12-05T10:00:00+09:00,J5,527,542,1069
2018-12-05T10:15:00+09:00,J1,934,987,1921
2018-12-05T10:15:00+09:00,J2,556,543,1099
2018-12-05T10:15:00+09:00,J3,857,811,1668
2018-12-05T10:15:00+09:00,J4,643,766,1409
2018-12-05T10:15:00+09:00,J5,519,560,1079
2018-12-05T10:30:00+09:00,J1,825,843,1668
2018-12-05T10:30:00+09:00,J2,591,626,1217
2018-12-05T10:30:00+09:00,J3,893,786,1679
2018-12-05T10:30:00+09:00,J4,688,810,1498
2018-12-05T10:30:00+09:00,J5,583,667,1250
2018-12-05T10:45:00+09:00,J1,919,971,1890
2018-12-05T10:45:00+09:00,J2,557,595,1152
2018-12-05T10:45:00+09:00,J3,884,819,1703
2018-12-05T10:45:00+09:00,J4,643,734,1377
2018-12-05T10:45:00+09:00,J5,542,595,1137
2018-12-05T11:00:00+09:00,J1,944,981,1925
2018-12-05T11:00:00+09:00,J2,568,624,1192
2018-12-05T11:00:00+09:00,J3,930,867,1797
2018-12-05T11:00:00+09:00,J4,692,809,1501
2018-12-05T11:00:00+09:00,J5,559,615,1174
2018-12-05T11:15:00+09:00,J1,878,1033,1911
2018-12-05T11:15:00+09:00,J2,671,692,1363
2018-12-05T11:15:00+09:00,J3,1026,943,1969
2018-12-05T11:15:00+09:00,J4,603,831,1434
2018-12-05T11:15:00+09:00,J5,519,687,1206
2018-12-05T11:30:00+09:00,J1,918,1088,2006
2018-12-05T11:30:00+09:00,J2,669,653,1322
2018-12-05T11:30:00+09:00,J3,1031,1042,2073
2018-12-05T11:30:00+09:00,J4,631,708,1339
2018-12-05T11:30:00+09:00,J5,595,618,1213
2018-12-05T11:45:00+09:00,J1,929,990,1919
2018-12-05T11:45:00+09:00,J2,637,624,1261
2018-12-05T11:45:00+09:00,J3,1035,918,1953
2018-12-05T11:45:00+09:00,J4,723,848,1571
2018-12-05T11:45:00+09:00,J5,571,629,1200
2018-12-05T12:00:00+09:00,J1,960,994,1954
2018-12-05T12:00:00+09:00,J2,606,619,1225
2018-12-05T12:00:00+09:00,J3,1061,1008,2069
2018-12-05T12:00:00+09:00,J4,656,826,1482
2018-12-05T12:00:00+09:00,J5,592,626,1218
2018-12-05T12:15:00+09:00,J1,1051,1234,2285
2018-12-05T12:15:00+09:00,J2,627,700,1327
2018-12-05T12:15:00+09:00,J3,1087,987,2074
2018-12-05T12:15:00+09:00,J4,710,738,1448
2018-12-05T12:15:00+09:00,J5,616,637,1253
2018-12-05T12:30:00+09:00,J1,903,991,1894
2018-12-05T12:30:00+09:00,J2,791,685,1476
2018-12-05T12:30:00+09:00,J3,975,923,1898
2018-12-05T12:30:00+09:00,J4,718,784,1502
2018-12-05T12:30:00+09:00,J5,644,689,1333
2018-12-05T12:45:00+09:00,J1,876,1013,1889
2018-12-05T12:45:00+09:00,J2,837,764,1601
2018-12-05T12:45:00+09:00,J3,1015,909,1924
2018-12-05T12:45:00+09:00,J4,782,832,1614
2018-12-05T12:45:00+09:00,J5,648,653,1301
2018-12-05T13:00:00+09:00,J1,970,1094,2064
2018-12-05T13:00:00+09:00,J2,713,647,1360
2018-12-05T13:00:00+09:00,J3,1086,928,2014
2018-12-05T13:00:00+09:00,J4,769,700,1469
2018-12-05T13:00:00+09:00,J5,664,703,1367
2018-12-05T13:15:00+09:00,J1,901,984,1885
2018-12-05T13:15:00+09:00,J2,677,573,1250
2018-12-05T13:15:00+09:00,J3,1043,841,1884
2018-12-05T13:15:00+09:00,J4,749,697,1446
2018-12-05T13:15:00+09:00,J5,641,635,1276
2018-12-05T13:30:00+09:00,J1,1117,1259,2376
2018-12-05T13:30:00+09:00,J2,702,544,1246
2018-12-05T13:30:00+09:00,J3,1131,842,1973
2018-12-05T13:30:00+09:00,J4,779,748,1527
2018-12-05T13:30:00+09:00,J5,559,560,1119
2018-12-05T13:45:00+09:00,J1,1181,1208,2389
2018-12-05T13:45:00+09:00,J2,590,592,1182
2018-12-05T13:45:00+09:00,J3,1016,916,1932
2018-12-05T13:45:00+09:00,J4,801,779,1580
2018-12-05T13:45:00+09:00,J5,639,631,1270
2018-12-05T14:00:00+09:00,J1,981,1231,2212
2018-12-05T14:00:00+09:00,J2,633,674,1307
2018-12-05T14:00:00+09:00,J3,1008,833,1841
2018-12-05T14:00:00+09:00,J4,820,803,1623
2018-12-05T14:00:00+09:00,J5,612,638,1250
2018-12-05T14:15:00+09:00,J1,1184,1328,2512
2018-12-05T14:15:00+09:00,J2,678,598,1276
2018-12-05T14:15:00+09:00,J3,1044,885,1929
2018-12-05T14:15:00+09:00,J4,789,774,1563
2018-12-05T14:15:00+09:00,J5,546,650,1196
2018-12-05T14:30:00+09:00,J1,1176,1278,2454
2018-12-05T14:30:00+09:00,J2,619,610,1229
2018-12-05T14:30:00+09:00,J3,1051,835,1886
2018-12-05T14:30:00+09:00,J4,737,819,1556
2018-12-05T14:30:00+09:00,J5,621,650,1271
2018-12-05T14:45:00+09:00,J1,1184,1268,2452
2018-12-05T14:45:00+09:00,J2,624,618,1242
2018-12-05T14:45:00+09:00,J3,1039,833,1872
2018-12-05T14:45:00+09:00,J4,840,817,1657
2018-12-05T14:45:00+09:00,J5,624,588,1212
2018-12-05T15:00:00+09:00,J1,1135,1214,2349
2018-12-05T15:00:00+09:00,J2,676,583,1259
2018-12-05T15:00:00+09:00,J3,994,830,1824
2018-12-05T15:00:00+09:00,J4,782,813,1595
2018-12-05T15:00:00+09:00,J5,649,655,1304
2018-12-05T15:15:00+09:00,J1,1151,1281,2432
2018-12-05T15:15:00+09:00,J2,608,595,1203
2018-12-05T15:15:00+09:00,J3,1072,888,1960
2018-12-05T15:15:00+09:00,J4,772,781,1553
2018-12-05T15:15:00+09:00,J5,685,683,1368
2018-12-05T15:30:00+09:00,J1,1057,1121,2178
2018-12-05T15:30:00+09:00,J2,503,595,1098
2018-12-05T15:30:00+09:00,J3,751,742,1493
2018-12-05T15:30:00+09:00,J4,716,745,1461
2018-12-05T15:30:00+09:00,J5,536,587,1123
2018-12-05T15:45:00+09:00,J1,1340,1520,2860
2018-12-05T15:45:00+09:00,J2,694,650,1344
2018-12-05T15:45:00+09:00,J3,1079,961,2040
2018-12-05T15:45:00+09:00,J4,816,829,1645
2018-12-05T15:45:00+09:00,J5,703,753,1456
2018-12-05T16:00:00+09:00,J1,1154,1339,2493
2018-12-05T16:00:00+09:00,J2,599,634,1233
2018-12-05T16:00:00+09:00,J3,1008,887,1895
2018-12-05T16:00:00+09:00,J4,734,802,1536
2018-12-05T16:00:00+09:00,J5,618,680,1298
2018-12-05T16:15:00+09:00,J1,1192,1357,2549
2018-12-05T16:15:00+09:00,J2,668,604,1272
2018-12-05T16:15:00+09:00,J3,1025,908,1933
2018-12-05T16:15:00+09:00,J4,799,797,1596
2018-12-05T16:15:00+09:00,J5,629,655,1284
2018-12-05T16:30:00+09:00,J1,1116,1203,2319
2018-12-05T16:30:00+09:00,J2,704,559,1263
2018-12-05T16:30:00+09:00,J3,1161,1018,2179
2018-12-05T16:30:00+09:00,J4,788,799,1587
2018-12-05T16:30:00+09:00,J5,656,736,1392
2018-12-05T16:45:00+09:00,J1,1141,1269,2410
2018-12-05T16:45:00+09:00,J2,664,600,1264
2018-12-05T16:45:00+09:00,J3,1169,1106,2275
2018-12-05T16:45:00+09:00,J4,695,760,1455
2018-12-05T16:45:00+09:00,J5,588,624,1212
2018-12-05T17:00:00+09:00,J1,1215,1343,2558
2018-12-05T17:00:00+09:00,J2,711,735,1446
2018-12-05T17:00:00+09:00,J3,1173,1114,2287
2018-12-05T17:00:00+09:00,J4,733,773,1506
2018-12-05T17:00:00+09:00,J5,651,664,1315
2018-12-05T17:15:00+09:00,J1,1251,1406,2657
2018-12-05T17:15:00+09:00,J2,774,788,1562
2018-12-05T17:15:00+09:00,J3,1322,1115,2437
2018-12-05T17:15:00+09:00,J4,729,798,1527
2018-12-05T17:15:00+09:00,J5,705,714,1419
2018-12-05T17:30:00+09:00,J1,1268,1473,2741
2018-12-05T17:30:00+09:00,J2,808,825,1633
2018-12-05T17:30:00+09:00,J3,1318,1053,2371
2018-12-05T17:30:00+09:00,J4,878,781,1659
2018-12-05T17:30:00+09:00,J5,725,806,1531
2018-12-05T17:45:00+09:00,J1,1262,1491,2753
2018-12-05T17:45:00+09:00,J2,860,790,1650
2018-12-05T17:45:00+09:00,J3,1454,1282,2736
2018-12-05T17:45:00+09:00,J4,989,852,1841
2018-12-05T17:45:00+09:00,J5,629,820,1449
2018-12-05T18:00:00+09:00,J1,1325,1488,2813
2018-12-05T18:00:00+09:00,J2,772,828,1600
2018-12-05T18:00:00+09:00,J3,1462,1253,2715
2018-12-05T18:00:00+09:00,J4,932,792,1724
2018-12-05T18:00:00+09:00,J5,683,772,1455
2018-12-05T18:15:00+09:00,J1,1182,1316,2498
2018-12-05T18:15:00+09:00,J2,803,813,1616
2018-12-05T18:15:00+09:00,J3,1408,1225,2633
2018-12-05T18:15:00+09:00,J4,927,868,1795
2018-12-05T18:15:00+09:00,J5,597,765,1362
2018-12-05T18:30:00+09:00,J1,1137,1237,2374
2018-12-05T18:30:00+09:00,J2,719,757,1476
2018-12-05T18:30:00+09:00,J3,1264,1144,2408
2018-12-05T18:30:00+09:00,J4,951,935,1886
2018-12-05T18:30:00+09:00,J5,643,705,1348
2018-12-05T18:45:00+09:00,J1,934,1154,2088
2018-12-05T18:45:00+09:00,J2,743,702,1445
2018-12-05T18:45:00+09:00,J3,1159,1042,2201
2018-12-05T18:45:00+09:00,J4,936,933,1869
2018-12-05T18:45:00+09:00,J5,557,655,1212
2018-12-05T19:00:00+09:00,J1,974,1037,2011
2018-12-05T19:00:00+09:00,J2,555,538,1093
2018-12-05T19:00:00+09:00,J3,779,760,1539
2018-12-05T19:00:00+09:00,J4,752,652,1404
2018-12-05T19:00:00+09:00,J5,468,551,1019
2018-12-05T19:15:00+09:00,J1,1299,1450,2749
2018-12-05T19:15:00+09:00,J2,948,768,1716
2018-12-05T19:15:00+09:00,J3,1193,1086,2279
2018-12-05T19:15:00+09:00,J4,1102,1008,2110
2018-12-05T19:15:00+09:00,J5,719,859,1578
2018-12-05T19:30:00+09:00,J1,914,1045,1959
2018-12-05T19:30:00+09:00,J2,742,739,1481
2018-12-05T19:30:00+09:00,J3,975,896,1871
2018-12-05T19:30:00+09:00,J4,933,826,1759
2018-12-05T19:30:00+09:00,J5,580,703,1283
2018-12-05T19:45:00+09:00,J1,923,1111,2034
2018-12-05T19:45:00+09:00,J2,743,724,1467
2018-12-05T19:45:00+09:00,J3,953,900,1853
2018-12-05T19:45:00+09:00,J4,887,821,1708
2018-12-05T19:45:00+09:00,J5,539,653,1192
2018-12-05T20:00:00+09:00,J1,976,1086,2062
2018-12-05T20:00:00+09:00,J2,758,662,1420
2018-12-05T20:00:00+09:00,J3,917,861,1778
2018-12-05T20:00:00+09:00,J4,846,775,1621
2018-12-05T20:00:00+09:00,J5,612,592,1204
2018-12-05T20:15:00+09:00,J1,981,1088,2069
2018-12-05T20:15:00+09:00,J2,761,668,1429
2018-12-05T20:15:00+09:00,J3,914,906,1820
2018-12-05T20:15:00+09:00,J4,815,781,1596
2018-12-05T20:15:00+09:00,J5,633,688,1321
2018-12-05T20:30:00+09:00,J1,1093,1176,2269
2018-12-05T20:30:00+09:00,J2,759,676,1435
2018-12-05T20:30:00+09:00,J3,858,809,1667
2018-12-05T20:30:00+09:00,J4,939,805,1744
2018-12-05T20:30:00+09:00,J5,604,613,1217
2018-12-05T20:45:00+09:00,J1,1247,1290,2537
2018-12-05T20:45:00+09:00,J2,663,683,1346
2018-12-05T20:45:00+09:00,J3,848,766,1614
2018-12-05T20:45:00+09:00,J4,881,813,1694
2018-12-05T20:45:00+09:00,J5,512,589,1101
2018-12-05T21:00:00+09:00,J1,1165,1198,2363
2018-12-05T21:00:00+09:00,J2,632,595,1227
2018-12-05T21:00:00+09:00,J3,1074,857,1931
2018-12-05T21:00:00+09:00,J4,899,805,1704
2018-12-05T21:00:00+09:00,J5,619,634,1253
2018-12-05T21:15:00+09:00,J1,1064,1237,2301
2018-12-05T21:15:00+09:00,J2,595,576,1171
2018-12-05T21:15:00+09:00,J3,989,835,1824
2018-12-05T21:15:00+09:00,J4,774,770,1544
2018-12-05T21:15:00+09:00,J5,556,592,1148
2018-12-05T21:30:00+09:00,J1,1126,1195,2321
2018-12-05T21:30:00+09:00,J2,472,579,1051
2018-12-05T21:30:00+09:00,J3,945,775,1720
2018-12-05T21:30:00+09:00,J4,762,810,1572
2018-12-05T21:30:00+09:00,J5,529,558,1087
2018-12-05T21:45:00+09:00,J1,1073,1167,2240
2018-12-05T21:45:00+09:00,J2,441,522,963
2018-12-05T21:45:00+09:00,J3,858,825,1683
2018-12-05T21:45:00+09:00,J4,715,744,1459
2018-12-05T21:45:00+09:00,J5,502,519,1021
2018-12-05T22:00:00+09:00,J1,1042,1141,2183
2018-12-05T22:00:00+09:00,J2,441,526,967
2018-12-05T22:00:00+09:00,J3,851,773,1624
2018-12-05T22:00:00+09:00,J4,738,737,1475
2018-12-05T22:00:00+09:00,J5,497,475,972
2018-12-05T22:15:00+09:00,J1,1085,1167,2252
2018-12-05T22:15:00+09:00,J2,329,507,836
2018-12-05T22:15:00+09:00,J3,843,809,1652
2018-12-05T22:15:00+09:00,J4,691,690,1381
2018-12-05T22:15:00+09:00,J5,530,483,1013
2018-12-05T22:30:00+09:00,J1,1069,1193,2262
2018-12-05T22:30:00+09:00,J2,343,525,868
2018-12-05T22:30:00+09:00,J3,790,683,1473
2018-12-05T22:30:00+09:00,J4,629,724,1353
2018-12-05T22:30:00+09:00,J5,536,516,1052
2018-12-05T22:45:00+09:00,J1,1046,1216,2262
2018-12-05T22:45:00+09:00,J2,471,546,1017
2018-12-05T22:45:00+09:00,J3,837,730,1567
2018-12-05T22:45:00+09:00,J4,630,676,1306
2018-12-05T22:45:00+09:00,J5,585,532,1117
2018-12-05T23:00:00+09:00,J1,1133,1215,2348
2018-12-05T23:00:00+09:00,J2,451,533,984
2018-12-05T23:00:00+09:00,J3,820,738,1558
2018-12-05T23:00:00+09:00,J4,653,728,1381
2018-12-05T23:00:00+09:00,J5,573,468,1041
2018-12-05T23:15:00+09:00,J1,1089,1174,2263
2018-12-05T23:15:00+09:00,J2,520,530,1050
2018-12-05T23:15:00+09:00,J3,770,702,1472
2018-12-05T23:15:00+09:00,J4,622,757,1379
2018-12-05T23:15:00+09:00,J5,575,548,1123
2018-12-05T23:30:00+09:00,J1,1080,1118,2198
2018-12-05T23:30:00+09:00,J2,505,555,1060
2018-12-05T23:30:00+09:00,J3,698,738,1436
2018-12-05T23:30:00+09:00,J4,654,710,1364
2018-12-05T23:30:00+09:00,J5,567,559,1126
2018-12-05T23:45:00+09:00,J1,955,1090,2045
2018-12-05T23:45:00+09:00,J2,492,489,981
2018-12-05T23:45:00+09:00,J3,568,551,1119
2018-12-05T23:45:00+09:00,J4,629,626,1255
2018-12-05T23:45:00+09:00,J5,618,537,1155
2018-12-06T00:00:00+09:00,J1,827,820,1647
2018-12-06T00:00:00+09:00,J2,475,458,933
2018-12-06T00:00:00+09:00,J3,653,579,1232
2018-12-06T00:00:00+09:00,J4,547,582,1129
2018-12-06T00:00:00+09:00,J5,648,558,1206
2018-12-06T00:15:00+09:00,J1,636,619,1255
2018-12-06T00:15:00+09:00,J2,443,355,798
2018-12-06T00:15:00+09:00,J3,817,759,1576
2018-12-06T00:15:00+09:00,J4,511,522,1033
2018-12-06T00:15:00+09:00,J5,576,507,1083
2018-12-06T00:30:00+09:00,J1,456,471,927
2018-12-06T00:30:00+09:00,J2,352,355,707
2018-12-06T00:30:00+09:00,J3,851,759,1610
2018-12-06T00:30:00+09:00,J4,795,635,1430
2018-12-06T00:30:00+09:00,J5,484,538,1022
2018-12-06T00:45:00+09:00,J1,403,393,796
2018-12-06T00:45:00+09:00,J2,299,296,595
2018-12-06T00:45:00+09:00,J3,830,736,1566
2018-12-06T00:45:00+09:00,J4,734,681,1415
2018-12-06T00:45:00+09:00,J5,488,522,1010
2018-12-06T05:45:00+09:00,J1,829,807,1636
2018-12-06T05:45:00+09:00,J2,610,583,1193
2018-12-06T05:45:00+09:00,J3,923,800,1723
2018-12-06T05:45:00+09:00,J4,826,785,1611
2018-12-06T05:45:00+09:00,J5,459,497,956
2018-12-06T06:00:00+09:00,J1,824,740,1564
2018-12-06T06:00:00+09:00,J2,520,471,991
2018-12-06T06:00:00+09:00,J3,898,845,1743
2018-12-06T06:00:00+09:00,J4,882,853,1735
2018-12-06T06:00:00+09:00,J5,472,493,965
2018-12-06T06:15:00+09:00,J1,855,772,1627
2018-12-06T06:15:00+09:00,J2,485,417,902
2018-12-06T06:15:00+09:00,J3,797,791,1588
2018-12-06T06:15:00+09:00,J4,856,915,1771
2018-12-06T06:15:00+09:00,J5,585,558,1143
2018-12-06T06:30:00+09:00,J1,849,864,1713
2018-12-06T06:30:00+09:00,J2,502,449,951
2018-12-06T06:30:00+09:00,J3,829,804,1633
2018-12-06T06:30:00+09:00,J4,760,730,1490
2018-12-06T06:30:00+09:00,J5,623,613,1236
2018-12-06T06:45:00+09:00,J1,1004,915,1919
2018-12-06T06:45:00+09:00,J2,591,493,1084
2018-12-06T06:45:00+09:00,J3,749,776,1525
2018-12-06T06:45:00+09:00,J4,784,698,1482
2018-12-06T06:45:00+09:00,J5,569,580,1149
2018-12-06T07:00:00+09:00,J1,1156,1210,2366
2018-12-06T07:00:00+09:00,J2,625,585,1210
2018-12-06T07:00:00+09:00,J3,775,786,1561
2018-12-06T07:00:00+09:00,J4,766,783,1549
2018-12-06T07:00:00+09:00,J5,625,541,1166
2018-12-06T07:15:00+09:00,J1,1204,1166,2370
2018-12-06T07:15:00+09:00,J2,750,645,1395
2018-12-06T07:15:00+09:00,J3,808,816,1624
2018-12-06T07:15:00+09:00,J4,849,804,1653
2018-12-06T07:15:00+09:00,J5,623,583,1206
2018-12-06T07:30:00+09:00,J1,1131,1185,2316
2018-12-06T07:30:00+09:00,J2,632,582,1214
2018-12-06T07:30:00+09:00,J3,949,828,1777
2018-12-06T07:30:00+09:00,J4,900,859,1759
2018-12-06T07:30:00+09:00,J5,624,624,1248
2018-12-06T07:45:00+09:00,J1,1220,1130,2350
2018-12-06T07:45:00+09:00,J2,663,512,1175
2018-12-06T07:45:00+09:00,J3,1033,971,2004
2018-12-06T07:45:00+09:00,J4,812,870,1682
2018-12-06T07:45:00+09:00,J5,600,629,1229
2018-12-06T08:00:00+09:00,J1,1445,1317,2762
2018-12-06T08:00:00+09:00,J2,733,535,1268
2018-12-06T08:00:00+09:00,J3,1261,1167,2428
2018-12-06T08:00:00+09:00,J4,822,1004,1826
2018-12-06T08:00:00+09:00,J5,600,727,1327
2018-12-06T08:15:00+09:00,J1,1448,1310,2758
2018-12-06T08:15:00+09:00,J2,937,600,1537
2018-12-06T08:15:00+09:00,J3,1298,1396,2694
2018-12-06T08:15:00+09:00,J4,857,1098,1955
2018-12-06T08:15:00+09:00,J5,650,659,1309
2018-12-06T08:30:00+09:00,J1,1494,1249,2743
2018-12-06T08:30:00+09:00,J2,959,608,1567
2018-12-06T08:30:00+09:00,J3,1125,1285,2410
2018-12-06T08:30:00+09:00,J4,834,1105,1939
2018-12-06T08:30:00+09:00,J5,466,552,1018
2018-12-06T08:45:00+09:00,J1,1234,1268,2502
2018-12-06T08:45:00+09:00,J2,760,607,1367
2018-12-06T08:45:00+09:00,J3,980,1031,2011
2018-12-06T08:45:00+09:00,J4,785,1049,1834
2018-12-06T08:45:00+09:00,J5,598,620,1218
2018-12-06T09:00:00+09:00,J1,1264,1238,2502
2018-12-06T09:00:00+09:00,J2,729,486,1215
2018-12-06T09:00:00+09:00,J3,861,823,1684
2018-12-06T09:00:00+09:00,J4,844,915,1759
2018-12-06T09:00:00+09:00,J5,549,574,1123
2018-12-06T09:15:00+09:00,J1,1198,1046,2244
2018-12-06T09:15:00+09:00,J2,663,531,1194
2018-12-06T09:15:00+09:00,J3,881,830,1711
2018-12-06T09:15:00+09:00,J4,808,914,1722
2018-12-06T09:15:00+09:00,J5,558,581,1139
2018-12-06T09:30:00+09:00,J1,1138,1168,2306
2018-12-06T09:30:00+09:00,J2,685,475,1160
2018-12-06T09:30:00+09:00,J3,1067,924,1991
2018-12-06T09:30:00+09:00,J4,877,849,1726
2018-12-06T09:30:00+09:00,J5,551,569,1120
2018-12-06T09:45:00+09:00,J1,1233,1196,2429
2018-12-06T09:45:00+09:00,J2,643,535,1178
2018-12-06T09:45:00+09:00,J3,892,838,1730
2018-12-06T09:45:00+09:00,J4,799,785,1584
2018-12-06T09:45:00+09:00,J5,558,535,1093
2018-12-06T10:00:00+09:00,J1,1176,1196,2372
2018-12-06T10:00:00+09:00,J2,655,570,1225
2018-12-06T10:00:00+09:00,J3,769,722,1491
2018-12-06T10:00:00+09:00,J4,848,770,1618
2018-12-06T10:00:00+09:00,J5,550,562,1112
2018-12-06T10:15:00+09:00,J1,1189,1180,2369
2018-12-06T10:15:00+09:00,J2,776,568,1344
2018-12-06T10:15:00+09:00,J3,777,758,1535
2018-12-06T10:15:00+09:00,J4,898,866,1764
2018-12-06T10:15:00+09:00,J5,563,586,1149
2018-12-06T10:30:00+09:00,J1,1179,1213,2392
2018-12-06T10:30:00+09:00,J2,715,594,1309
2018-12-06T10:30:00+09:00,J3,1088,941,2029
2018-12-06T10:30:00+09:00,J4,842,837,1679
2018-12-06T10:30:00+09:00,J5,567,607,1174
2018-12-06T10:45:00+09:00,J1,1189,1182,2371
2018-12-06T10:45:00+09:00,J2,714,698,1412
2018-12-06T10:45:00+09:00,J3,949,859,1808
2018-12-06T10:45:00+09:00,J4,932,849,1781
2018-12-06T10:45:00+09:00,J5,557,584,1141
2018-12-06T11:00:00+09:00,J1,1281,1289,2570
2018-12-06T11:00:00+09:00,J2,810,716,1526
2018-12-06T11:00:00+09:00,J3,848,797,1645
2018-12-06T11:00:00+09:00,J4,879,830,1709
2018-12-06T11:00:00+09:00,J5,555,601,1156
2018-12-06T11:15:00+09:00,J1,1338,1313,2651
2018-12-06T11:15:00+09:00,J2,708,620,1328
2018-12-06T11:15:00+09:00,J3,828,879,1707
2018-12-06T11:15:00+09:00,J4,854,856,1710
2018-12-06T11:15:00+09:00,J5,537,567,1104
2018-12-06T11:30:00+09:00,J1,1222,1366,2588
2018-12-06T11:30:00+09:00,J2,635,623,1258
2018-12-06T11:30:00+09:00,J3,760,758,1518
2018-12-06T11:30:00+09:00,J4,779,813,1592
2018-12-06T11:30:00+09:00,J5,579,508,1087
2018-12-06T11:45:00+09:00,J1,1196,1391,2587
2018-12-06T11:45:00+09:00,J2,719,568,1287
2018-12-06T11:45:00+09:00,J3,797,771,1568
2018-12-06T11:45:00+09:00,J4,747,845,1592
2018-12-06T11:45:00+09:00,J5,496,509,1005
2018-12-06T12:00:00+09:00,J1,1254,1314,2568
2018-12-06T12:00:00+09:00,J2,671,616,1287
2018-12-06T12:00:00+09:00,J3,913,828,1741
2018-12-06T12:00:00+09:00,J4,858,833,1691
2018-12-06T12:00:00+09:00,J5,536,463,999
2018-12-06T12:15:00+09:00,J1,1163,1345,2508
2018-12-06T12:15:00+09:00,J2,629,597,1226
2018-12-06T12:15:00+09:00,J3,838,783,1621
2018-12-06T12:15:00+09:00,J4,716,871,1587
2018-12-06T12:15:00+09:00,J5,503,439,942
2018-12-06T12:30:00+09:00,J1,1159,1253,2412
2018-12-06T12:30:00+09:00,J2,731,715,1446
2018-12-06T12:30:00+09:00,J3,816,941,1757
2018-12-06T12:30:00+09:00,J4,778,867,1645
2018-12-06T12:30:00+09:00,J5,681,607,1288
2018-12-06T12:45:00+09:00,J1,1159,1205,2364
2018-12-06T12:45:00+09:00,J2,671,614,1285
2018-12-06T12:45:00+09:00,J3,806,932,1738
2018-12-06T12:45:00+09:00,J4,666,822,1488
2018-12-06T12:45:00+09:00,J5,719,664,1383
2018-12-06T13:00:00+09:00,J1,1156,1241,2397
2018-12-06T13:00:00+09:00,J2,648,617,1265
2018-12-06T13:00:00+09:00,J3,826,897,1723
2018-12-06T13:00:00+09:00,J4,713,785,1498
2018-12-06T13:00:00+09:00,J5,649,717,1366
2018-12-06T13:15:00+09:00,J1,1067,1248,2315
2018-12-06T13:15:00+09:00,J2,673,658,1331
2018-12-06T13:15:00+09:00,J3,868,884,1752
2018-12-06T13:15:00+09:00,J4,650,865,1515
2018-12-06T13:15:00+09:00,J5,653,696,1349
2018-12-06T13:30:00+09:00,J1,1150,1307,2457
2018-12-06T13:30:00+09:00,J2,650,616,1266
2018-12-06T13:30:00+09:00,J3,846,954,1800
2018-12-06T13:30:00+09:00,J4,647,822,1469
2018-12-06T13:30:00+09:00,J5,628,753,1381
2018-12-06T13:45:00+09:00,J1,1129,1304,2433
2018-12-06T13:45:00+09:00,J2,611,593,1204
2018-12-06T13:45:00+09:00,J3,859,883,1742
2018-12-06T13:45:00+09:00,J4,676,728,1404
2018-12-06T13:45:00+09:00,J5,648,657,1305
2018-12-06T14:00:00+09:00,J1,1118,1260,2378
2018-12-06T14:00:00+09:00,J2,627,678,1305
2018-12-06T14:00:00+09:00,J3,865,881,1746
2018-12-06T14:00:00+09:00,J4,593,792,1385
2018-12-06T14:00:00+09:00,J5,635,691,1326
2018-12-06T14:15:00+09:00,J1,1097,1362,2459
2018-12-06T14:15:00+09:00,J2,601,596,1197
2018-12-06T14:15:00+09:00,J3,927,924,1851
2018-12-06T14:15:00+09:00,J4,638,767,1405
2018-12-06T14:15:00+09:00,J5,627,681,1308
2018-12-06T14:30:00+09:00,J1,1208,1442,2650
2018-12-06T14:30:00+09:00,J2,615,622,1237
2018-12-06T14:30:00+09:00,J3,929,946,1875
2018-12-06T14:30:00+09:00,J4,690,825,1515
2018-12-06T14:30:00+09:00,J5,588,696,1284
2018-12-06T14:45:00+09:00,J1,1221,1366,2587
2018-12-06T14:45:00+09:00,J2,631,673,1304
2018-12-06T14:45:00+09:00,J3,946,852,1798
2018-12-06T14:45:00+09:00,J4,635,798,1433
2018-12-06T14:45:00+09:00,J5,603,638,1241
2018-12-06T15:00:00+09:00,J1,1156,1418,2574
2018-12-06T15:00:00+09:00,J2,605,660,1265
2018-12-06T15:00:00+09:00,J3,947,833,1780
2018-12-06T15:00:00+09:00,J4,646,739,1385
2018-12-06T15:00:00+09:00,J5,602,673,1275
2018-12-06T15:15:00+09:00,J1,940,1112,2052
2018-12-06T15:15:00+09:00,J2,614,679,1293
2018-12-06T15:15:00+09:00,J3,948,910,1858
2018-12-06T15:15:00+09:00,J4,687,779,1466
2018-12-06T15:15:00+09:00,J5,659,660,1319
2018-12-06T15:30:00+09:00,J1,911,1080,1991
2018-12-06T15:30:00+09:00,J2,654,637,1291
2018-12-06T15:30:00+09:00,J3,927,863,1790
2018-12-06T15:30:00+09:00,J4,692,869,1561
2018-12-06T15:30:00+09:00,J5,576,649,1225
2018-12-06T15:45:00+09:00,J1,920,1085,2005
2018-12-06T15:45:00+09:00,J2,666,614,1280
2018-12-06T15:45:00+09:00,J3,935,850,1785
2018-12-06T15:45:00+09:00,J4,671,760,1431
2018-12-06T15:45:00+09:00,J5,610,658,1268
2018-12-06T16:00:00+09:00,J1,873,1050,1923
2018-12-06T16:00:00+09:00,J2,617,640,1257
2018-12-06T16:00:00+09:00,J3,1006,847,1853
2018-12-06T16:00:00+09:00,J4,623,750,1373
2018-12-06T16:00:00+09:00,J5,585,657,1242
2018-12-06T16:15:00+09:00,J1,1084,1128,2212
2018-12-06T16:15:00+09:00,J2,714,637,1351
2018-12-06T16:15:00+09:00,J3,965,867,1832
2018-12-06T16:15:00+09:00,J4,697,712,1409
2018-12-06T16:15:00+09:00,J5,584,613,1197
2018-12-06T16:30:00+09:00,J1,1058,1259,2317
2018-12-06T16:30:00+09:00,J2,779,625,1404
2018-12-06T16:30:00+09:00,J3,1089,916,2005
2018-12-06T16:30:00+09:00,J4,603,606,1209
2018-12-06T16:30:00+09:00,J5,588,678,1266
2018-12-06T16:45:00+09:00,J1,1281,1354,2635
2018-12-06T16:45:00+09:00,J2,760,637,1397
2018-12-06T16:45:00+09:00,J3,1198,1015,2213
2018-12-06T16:45:00+09:00,J4,646,592,1238
2018-12-06T16:45:00+09:00,J5,581,632,1213
2018-12-06T17:00:00+09:00,J1,1215,1378,2593
2018-12-06T17:00:00+09:00,J2,876,704,1580
2018-12-06T17:00:00+09:00,J3,1193,972,2165
2018-12-06T17:00:00+09:00,J4,683,628,1311
2018-12-06T17:00:00+09:00,J5,565,695,1260
2018-12-06T17:15:00+09:00,J1,945,1199,2144
2018-12-06T17:15:00+09:00,J2,858,764,1622
2018-12-06T17:15:00+09:00,J3,1310,1033,2343
2018-12-06T17:15:00+09:00,J4,893,808,1701
2018-12-06T17:15:00+09:00,J5,644,738,1382
2018-12-06T17:30:00+09:00,J1,1005,1240,2245
2018-12-06T17:30:00+09:00,J2,925,813,1738
2018-12-06T17:30:00+09:00,J3,1320,1091,2411
2018-12-06T17:30:00+09:00,J4,953,861,1814
2018-12-06T17:30:00+09:00,J5,721,798,1519
2018-12-06T17:45:00+09:00,J1,1165,1368,2533
2018-12-06T17:45:00+09:00,J2,821,833,1654
2018-12-06T17:45:00+09:00,J3,1388,1040,2428
2018-12-06T17:45:00+09:00,J4,927,816,1743
2018-12-06T17:45:00+09:00,J5,690,792,1482
2018-12-06T18:00:00+09:00,J1,1242,1369,2611
2018-12-06T18:00:00+09:00,J2,968,846,1814
2018-12-06T18:00:00+09:00,J3,1344,1086,2430
2018-12-06T18:00:00+09:00,J4,945,800,1745
2018-12-06T18:00:00+09:00,J5,686,819,1505
2018-12-06T18:15:00+09:00,J1,1167,1384,2551
2018-12-06T18:15:00+09:00,J2,870,829,1699
2018-12-06T18:15:00+09:00,J3,1264,1058,2322
2018-12-06T18:15:00+09:00,J4,926,791,1717
2018-12-06T18:15:00+09:00,J5,610,752,1362
2018-12-06T18:30:00+09:00,J1,1092,1224,2316
2018-12-06T18:30:00+09:00,J2,819,809,1628
2018-12-06T18:30:00+09:00,J3,1124,981,2105
2018-12-06T18:30:00+09:00,J4,885,821,1706
2018-12-06T18:30:00+09:00,J5,574,770,1344
2018-12-06T18:45:00+09:00,J1,965,1125,2090
2018-12-06T18:45:00+09:00,J2,839,782,1621
2018-12-06T18:45:00+09:00,J3,980,859,1839
2018-12-06T18:45:00+09:00,J4,779,761,1540
2018-12-06T18:45:00+09:00,J5,550,681,1231
2018-12-06T19:00:00+09:00,J1,1149,1253,2402
2018-12-06T19:00:00+09:00,J2,816,675,1491
2018-12-06T19:00:00+09:00,J3,929,916,1845
2018-12-06T19:00:00+09:00,J4,794,821,1615
2018-12-06T19:00:00+09:00,J5,595,735,1330
2018-12-06T19:15:00+09:00,J1,1057,1267,2324
2018-12-06T19:15:00+09:00,J2,820,724,1544
2018-12-06T19:15:00+09:00,J3,998,846,1844
2018-12-06T19:15:00+09:00,J4,812,813,1625
2018-12-06T19:15:00+09:00,J5,661,721,1382
2018-12-06T19:30:00+09:00,J1,935,1123,2058
2018-12-06T19:30:00+09:00,J2,711,682,1393
2018-12-06T19:30:00+09:00,J3,908,801,1709
2018-12-06T19:30:00+09:00,J4,846,807,1653
2018-12-06T19:30:00+09:00,J5,629,642,1271
2018-12-06T19:45:00+09:00,J1,1116,1332,2448
2018-12-06T19:45:00+09:00,J2,695,657,1352
2018-12-06T19:45:00+09:00,J3,804,865,1669
2018-12-06T19:45:00+09:00,J4,780,757,1537
2018-12-06T19:45:00+09:00,J5,634,668,1302
2018-12-06T20:00:00+09:00,J1,1195,1360,2555
2018-12-06T20:00:00+09:00,J2,726,749,1475
2018-12-06T20:00:00+09:00,J3,894,838,1732
2018-12-06T20:00:00+09:00,J4,763,773,1536
2018-12-06T20:00:00+09:00,J5,569,655,1224
2018-12-06T20:15:00+09:00,J1,1296,1381,2677
2018-12-06T20:15:00+09:00,J2,732,759,1491
2018-12-06T20:15:00+09:00,J3,961,810,1771
2018-12-06T20:15:00+09:00,J4,819,828,1647
2018-12-06T20:15:00+09:00,J5,560,595,1155
2018-12-06T20:30:00+09:00,J1,1205,1322,2527
2018-12-06T20:30:00+09:00,J2,552,647,1199
2018-12-06T20:30:00+09:00,J3,876,777,1653
2018-12-06T20:30:00+09:00,J4,862,753,1615
2018-12-06T20:30:00+09:00,J5,565,603,1168
2018-12-06T20:45:00+09:00,J1,1255,1302,2557
2018-12-06T20:45:00+09:00,J2,565,651,1216
2018-12-06T20:45:00+09:00,J3,839,775,1614
2018-12-06T20:45:00+09:00,J4,813,782,1595
2018-12-06T20:45:00+09:00,J5,546,617,1163
2018-12-06T21:00:00+09:00,J1,1234,1341,2575
2018-12-06T21:00:00+09:00,J2,545,535,1080
2018-12-06T21:00:00+09:00,J3,984,801,1785
2018-12-06T21:00:00+09:00,J4,838,720,1558
2018-12-06T21:00:00+09:00,J5,584,610,1194
2018-12-06T21:15:00+09:00,J1,1184,1345,2529
2018-12-06T21:15:00+09:00,J2,567,610,1177
2018-12-06T21:15:00+09:00,J3,1060,958,2018
2018-12-06T21:15:00+09:00,J4,797,782,1579
2018-12-06T21:15:00+09:00,J5,551,661,1212
2018-12-06T21:30:00+09:00,J1,1101,1301,2402
2018-12-06T21:30:00+09:00,J2,584,620,1204
2018-12-06T21:30:00+09:00,J3,998,904,1902
2018-12-06T21:30:00+09:00,J4,728,728,1456
2018-12-06T21:30:00+09:00,J5,505,516,1021
2018-12-06T21:45:00+09:00,J1,1118,1273,2391
2018-12-06T21:45:00+09:00,J2,603,574,1177
2018-12-06T21:45:00+09:00,J3,910,798,1708
2018-12-06T21:45:00+09:00,J4,773,777,1550
2018-12-06T21:45:00+09:00,J5,424,540,964
2018-12-06T22:00:00+09:00,J1,1125,1296,2421
2018-12-06T22:00:00+09:00,J2,535,590,1125
2018-12-06T22:00:00+09:00,J3,855,750,1605
2018-12-06T22:00:00+09:00,J4,838,808,1646
2018-12-06T22:00:00+09:00,J5,446,423,869
2018-12-06T22:15:00+09:00,J1,1092,1290,2382
2018-12-06T22:15:00+09:00,J2,633,604,1237
2018-12-06T22:15:00+09:00,J3,896,790,1686
2018-12-06T22:15:00+09:00,J4,703,783,1486
2018-12-06T22:15:00+09:00,J5,428,391,819
2018-12-06T22:30:00+09:00,J1,1115,1272,2387
2018-12-06T22:30:00+09:00,J2,672,700,1372
2018-12-06T22:30:00+09:00,J3,948,898,1846
2018-12-06T22:30:00+09:00,J4,708,704,1412
2018-12-06T22:30:00+09:00,J5,420,398,818
2018-12-06T22:45:00+09:00,J1,1116,1208,2324
2018-12-06T22:45:00+09:00,J2,687,625,1312
2018-12-06T22:45:00+09:00,J3,883,850,1733
2018-12-06T22:45:00+09:00,J4,634,698,1332
2018-12-06T22:45:00+09:00,J5,469,419,888
2018-12-06T23:00:00+09:00,J1,1019,1292,2311
2018-12-06T23:00:00+09:00,J2,647,720,1367
2018-12-06T23:00:00+09:00,J3,847,886,1733
2018-12-06T23:00:00+09:00,J4,607,739,1346
2018-12-06T23:00:00+09:00,J5,521,429,950
2018-12-06T23:15:00+09:00,J1,1068,1225,2293
2018-12-06T23:15:00+09:00,J2,609,652,1261
2018-12-06T23:15:00+09:00,J3,964,917,1881
2018-12-06T23:15:00+09:00,J4,633,714,1347
2018-12-06T23:15:00+09:00,J5,542,478,1020
2018-12-06T23:30:00+09:00,J1,1013,1155,2168
2018-12-06T23:30:00+09:00,J2,623,668,1291
2018-12-06T23:30:00+09:00,J3,895,860,1755
2018-12-06T23:30:00+09:00,J4,613,658,1271
2018-12-06T23:30:00+09:00,J5,538,502,1040
2018-12-06T23:45:00+09:00,J1,1058,1153,2211
2018-12-06T23:45:00+09:00,J2,590,638,1228
2018-12-06T23:45:00+09:00,J3,645,735,1380
2018-12-06T23:45:00+09:00,J4,562,584,1146
2018-12-06T23:45:00+09:00,J5,532,508,1040
2018-12-07T00:00:00+09:00,J1,952,942,1894
2018-12-07T00:00:00+09:00,J2,622,590,1212
2018-12-07T00:00:00+09:00,J3,759,676,1435
2018-12-07T00:00:00+09:00,J4,507,524,1031
2018-12-07T00:00:00+09:00,J5,640,565,1205
2018-12-07T00:15:00+09:00,J1,703,672,1375
2018-12-07T00:15:00+09:00,J2,629,564,1193
2018-12-07T00:15:00+09:00,J3,880,848,1728
2018-12-07T00:15:00+09:00,J4,506,478,984
2018-12-07T00:15:00+09:00,J5,562,626,1188
2018-12-07T00:30:00+09:00,J1,528,568,1096
2018-12-07T00:30:00+09:00,J2,580,620,1200
2018-12-07T00:30:00+09:00,J3,978,852,1830
2018-12-07T00:30:00+09:00,J4,747,632,1379
2018-12-07T00:30:00+09:00,J5,472,567,1039
2018-12-07T00:45:00+09:00,J1,527,490,1017
2018-12-07T00:45:00+09:00,J2,688,635,1323
2018-12-07T00:45:00+09:00,J3,901,781,1682
2018-12-07T00:45:00+09:00,J4,751,659,1410
2018-12-07T00:45:00+09:00,J5,460,525,985
2018-12-07T05:45:00+09:00,J1,786,864,1650
2018-12-07T05:45:00+09:00,J2,496,511,1007
2018-12-07T05:45:00+09:00,J3,973,709,1682
2018-12-07T05:45:00+09:00,J4,721,740,1461
2018-12-07T05:45:00+09:00,J5,426,438,864
2018-12-07T06:00:00+09:00,J1,711,749,1460
2018-12-07T06:00:00+09:00,J2,564,579,1143
2018-12-07T06:00:00+09:00,J3,1083,791,1874
2018-12-07T06:00:00+09:00,J4,796,726,1522
2018-12-07T06:00:00+09:00,J5,409,475,884
2018-12-07T06:15:00+09:00,J1,886,937,1823
2018-12-07T06:15:00+09:00,J2,629,628,1257
2018-12-07T06:15:00+09:00,J3,992,825,1817
2018-12-07T06:15:00+09:00,J4,810,738,1548
2018-12-07T06:15:00+09:00,J5,571,552,1123
2018-12-07T06:30:00+09:00,J1,1023,973,1996
2018-12-07T06:30:00+09:00,J2,609,571,1180
2018-12-07T06:30:00+09:00,J3,941,864,1805
2018-12-07T06:30:00+09:00,J4,691,645,1336
2018-12-07T06:30:00+09:00,J5,624,612,1236
2018-12-07T06:45:00+09:00,J1,998,1016,2014
2018-12-07T06:45:00+09:00,J2,645,594,1239
2018-12-07T06:45:00+09:00,J3,962,866,1828
2018-12-07T06:45:00+09:00,J4,764,762,1526
2018-12-07T06:45:00+09:00,J5,616,649,1265
2018-12-07T07:00:00+09:00,J1,1170,1160,2330
2018-12-07T07:00:00+09:00,J2,599,571,1170
2018-12-07T07:00:00+09:00,J3,984,927,1911
2018-12-07T07:00:00+09:00,J4,810,753,1563
2018-12-07T07:00:00+09:00,J5,619,638,1257
2018-12-07T07:15:00+09:00,J1,1108,1280,2388
2018-12-07T07:15:00+09:00,J2,558,517,1075
2018-12-07T07:15:00+09:00,J3,975,898,1873
2018-12-07T07:15:00+09:00,J4,830,800,1630
2018-12-07T07:15:00+09:00,J5,694,677,1371
2018-12-07T07:30:00+09:00,J1,1382,1301,2683
2018-12-07T07:30:00+09:00,J2,655,562,1217
2018-12-07T07:30:00+09:00,J3,929,923,1852
2018-12-07T07:30:00+09:00,J4,857,852,1709
2018-12-07T07:30:00+09:00,J5,540,625,1165
2018-12-07T07:45:00+09:00,J1,1410,1343,2753
2018-12-07T07:45:00+09:00,J2,815,674,1489
2018-12-07T07:45:00+09:00,J3,1214,1081,2295
2018-12-07T07:45:00+09:00,J4,793,973,1766
2018-12-07T07:45:00+09:00,J5,637,665,1302
2018-12-07T08:00:00+09:00,J1,1904,1376,3280
2018-12-07T08:00:00+09:00,J2,1140,630,1770
2018-12-07T08:00:00+09:00,J3,1877,1304,3181
2018-12-07T08:00:00+09:00,J4,1161,1091,2252
2018-12-07T08:00:00+09:00,J5,898,781,1679
2018-12-07T08:15:00+09:00,J1,1151,1060,2211
2018-12-07T08:15:00+09:00,J2,960,678,1638
2018-12-07T08:15:00+09:00,J3,1430,1408,2838
2018-12-07T08:15:00+09:00,J4,808,1214,2022
2018-12-07T08:15:00+09:00,J5,624,751,1375
2018-12-07T08:30:00+09:00,J1,1208,1187,2395
2018-12-07T08:30:00+09:00,J2,1161,670,1831
2018-12-07T08:30:00+09:00,J3,1227,1434,2661
2018-12-07T08:30:00+09:00,J4,802,1219,2021
2018-12-07T08:30:00+09:00,J5,541,621,1162
2018-12-07T08:45:00+09:00,J1,1042,1059,2101
2018-12-07T08:45:00+09:00,J2,988,666,1654
2018-12-07T08:45:00+09:00,J3,1173,1251,2424
2018-12-07T08:45:00+09:00,J4,842,1040,1882
2018-12-07T08:45:00+09:00,J5,632,669,1301
2018-12-07T09:00:00+09:00,J1,1316,905,2221
2018-12-07T09:00:00+09:00,J2,924,556,1480
2018-12-07T09:00:00+09:00,J3,1143,792,1935
2018-12-07T09:00:00+09:00,J4,989,783,1772
2018-12-07T09:00:00+09:00,J5,829,537,1366
2018-12-07T09:15:00+09:00,J1,1390,1427,2817
2018-12-07T09:15:00+09:00,J2,903,671,1574
2018-12-07T09:15:00+09:00,J3,1354,1290,2644
2018-12-07T09:15:00+09:00,J4,1031,1082,2113
2018-12-07T09:15:00+09:00,J5,851,819,1670
2018-12-07T09:30:00+09:00,J1,1082,1170,2252
2018-12-07T09:30:00+09:00,J2,653,633,1286
2018-12-07T09:30:00+09:00,J3,1166,1128,2294
2018-12-07T09:30:00+09:00,J4,930,936,1866
2018-12-07T09:30:00+09:00,J5,662,655,1317
2018-12-07T09:45:00+09:00,J1,1037,1072,2109
2018-12-07T09:45:00+09:00,J2,695,523,1218
2018-12-07T09:45:00+09:00,J3,1312,1185,2497
2018-12-07T09:45:00+09:00,J4,873,909,1782
2018-12-07T09:45:00+09:00,J5,673,637,1310
2018-12-07T10:00:00+09:00,J1,1027,1078,2105
2018-12-07T10:00:00+09:00,J2,665,634,1299
2018-12-07T10:00:00+09:00,J3,1187,1061,2248
2018-12-07T10:00:00+09:00,J4,960,813,1773
2018-12-07T10:00:00+09:00,J5,578,680,1258
2018-12-07T10:15:00+09:00,J1,977,1129,2106
2018-12-07T10:15:00+09:00,J2,740,653,1393
2018-12-07T10:15:00+09:00,J3,1198,1092,2290
2018-12-07T10:15:00+09:00,J4,832,910,1742
2018-12-07T10:15:00+09:00,J5,525,530,1055
2018-12-07T10:30:00+09:00,J1,1020,1074,2094
2018-12-07T10:30:00+09:00,J2,738,635,1373
2018-12-07T10:30:00+09:00,J3,1194,1247,2441
2018-12-07T10:30:00+09:00,J4,879,933,1812
2018-12-07T10:30:00+09:00,J5,585,552,1137
2018-12-07T10:45:00+09:00,J1,1017,1161,2178
2018-12-07T10:45:00+09:00,J2,724,605,1329
2018-12-07T10:45:00+09:00,J3,1303,1176,2479
2018-12-07T10:45:00+09:00,J4,944,953,1897
2018-12-07T10:45:00+09:00,J5,560,631,1191
2018-12-07T11:00:00+09:00,J1,1080,1148,2228
2018-12-07T11:00:00+09:00,J2,727,621,1348
2018-12-07T11:00:00+09:00,J3,1309,1136,2445
2018-12-07T11:00:00+09:00,J4,932,912,1844
2018-12-07T11:00:00+09:00,J5,542,579,1121
2018-12-07T11:15:00+09:00,J1,1000,1240,2240
2018-12-07T11:15:00+09:00,J2,806,777,1583
2018-12-07T11:15:00+09:00,J3,1290,1229,2519
2018-12-07T11:15:00+09:00,J4,915,900,1815
2018-12-07T11:15:00+09:00,J5,595,702,1297
2018-12-07T11:30:00+09:00,J1,1021,1234,2255
2018-12-07T11:30:00+09:00,J2,771,768,1539
2018-12-07T11:30:00+09:00,J3,1151,1150,2301
2018-12-07T11:30:00+09:00,J4,941,899,1840
2018-12-07T11:30:00+09:00,J5,630,656,1286
2018-12-07T11:45:00+09:00,J1,1210,1265,2475
2018-12-07T11:45:00+09:00,J2,862,739,1601
2018-12-07T11:45:00+09:00,J3,1334,1147,2481
2018-12-07T11:45:00+09:00,J4,1004,914,1918
2018-12-07T11:45:00+09:00,J5,603,663,1266
2018-12-07T12:00:00+09:00,J1,1171,1286,2457
2018-12-07T12:00:00+09:00,J2,859,867,1726
2018-12-07T12:00:00+09:00,J3,1405,1247,2652
2018-12-07T12:00:00+09:00,J4,938,905,1843
2018-12-07T12:00:00+09:00,J5,628,667,1295
2018-12-07T12:15:00+09:00,J1,1160,1393,2553
2018-12-07T12:15:00+09:00,J2,859,853,1712
2018-12-07T12:15:00+09:00,J3,1098,1124,2222
2018-12-07T12:15:00+09:00,J4,973,886,1859
2018-12-07T12:15:00+09:00,J5,625,697,1322
2018-12-07T12:30:00+09:00,J1,1180,1491,2671
2018-12-07T12:30:00+09:00,J2,861,889,1750
2018-12-07T12:30:00+09:00,J3,1178,1019,2197
2018-12-07T12:30:00+09:00,J4,934,1034,1968
2018-12-07T12:30:00+09:00,J5,628,751,1379
2018-12-07T12:45:00+09:00,J1,1207,1441,2648
2018-12-07T12:45:00+09:00,J2,849,915,1764
2018-12-07T12:45:00+09:00,J3,1217,1168,2385
2018-12-07T12:45:00+09:00,J4,880,935,1815
2018-12-07T12:45:00+09:00,J5,629,704,1333
2018-12-07T13:00:00+09:00,J1,1201,1355,2556
2018-12-07T13:00:00+09:00,J2,858,905,1763
2018-12-07T13:00:00+09:00,J3,1267,1132,2399
2018-12-07T13:00:00+09:00,J4,968,866,1834
2018-12-07T13:00:00+09:00,J5,634,673,1307
2018-12-07T13:15:00+09:00,J1,1238,1385,2623
2018-12-07T13:15:00+09:00,J2,813,808,1621
2018-12-07T13:15:00+09:00,J3,1289,1210,2499
2018-12-07T13:15:00+09:00,J4,875,892,1767
2018-12-07T13:15:00+09:00,J5,672,680,1352
2018-12-07T13:30:00+09:00,J1,1203,1374,2577
2018-12-07T13:30:00+09:00,J2,795,759,1554
2018-12-07T13:30:00+09:00,J3,1212,1020,2232
2018-12-07T13:30:00+09:00,J4,889,969,1858
2018-12-07T13:30:00+09:00,J5,589,621,1210
2018-12-07T13:45:00+09:00,J1,1159,1461,2620
2018-12-07T13:45:00+09:00,J2,823,761,1584
2018-12-07T13:45:00+09:00,J3,1221,1221,2442
2018-12-07T13:45:00+09:00,J4,877,876,1753
2018-12-07T13:45:00+09:00,J5,646,772,1418
2018-12-07T14:00:00+09:00,J1,1185,1400,2585
2018-12-07T14:00:00+09:00,J2,742,758,1500
2018-12-07T14:00:00+09:00,J3,1190,1077,2267
2018-12-07T14:00:00+09:00,J4,798,934,1732
2018-12-07T14:00:00+09:00,J5,602,729,1331
2018-12-07T14:15:00+09:00,J1,1159,1386,2545
2018-12-07T14:15:00+09:00,J2,847,782,1629
2018-12-07T14:15:00+09:00,J3,1238,1191,2429
2018-12-07T14:15:00+09:00,J4,827,917,1744
2018-12-07T14:15:00+09:00,J5,627,744,1371
2018-12-07T14:30:00+09:00,J1,1175,1397,2572
2018-12-07T14:30:00+09:00,J2,806,806,1612
2018-12-07T14:30:00+09:00,J3,1217,1200,2417
2018-12-07T14:30:00+09:00,J4,839,881,1720
2018-12-07T14:30:00+09:00,J5,657,722,1379
2018-12-07T14:45:00+09:00,J1,1163,1424,2587
2018-12-07T14:45:00+09:00,J2,769,721,1490
2018-12-07T14:45:00+09:00,J3,1165,1129,2294
2018-12-07T14:45:00+09:00,J4,813,897,1710
2018-12-07T14:45:00+09:00,J5,573,724,1297
2018-12-07T15:00:00+09:00,J1,1168,1423,2591
2018-12-07T15:00:00+09:00,J2,811,775,1586
2018-12-07T15:00:00+09:00,J3,1208,1111,2319
2018-12-07T15:00:00+09:00,J4,796,949,1745
2018-12-07T15:00:00+09:00,J5,603,689,1292
2018-12-07T15:15:00+09:00,J1,1137,1391,2528
2018-12-07T15:15:00+09:00,J2,786,759,1545
2018-12-07T15:15:00+09:00,J3,1290,1183,2473
2018-12-07T15:15:00+09:00,J4,857,941,1798
2018-12-07T15:15:00+09:00,J5,620,725,1345
2018-12-07T15:30:00+09:00,J1,1121,1371,2492
2018-12-07T15:30:00+09:00,J2,820,818,1638
2018-12-07T15:30:00+09:00,J3,1273,1164,2437
2018-12-07T15:30:00+09:00,J4,780,915,1695
2018-12-07T15:30:00+09:00,J5,605,666,1271
2018-12-07T15:45:00+09:00,J1,991,1170,2161
2018-12-07T15:45:00+09:00,J2,845,833,1678
2018-12-07T15:45:00+09:00,J3,1287,1214,2501
2018-12-07T15:45:00+09:00,J4,728,909,1637
2018-12-07T15:45:00+09:00,J5,598,613,1211
2018-12-07T16:00:00+09:00,J1,1052,1185,2237
2018-12-07T16:00:00+09:00,J2,765,803,1568
2018-12-07T16:00:00+09:00,J3,1224,1240,2464
2018-12-07T16:00:00+09:00,J4,809,858,1667
2018-12-07T16:00:00+09:00,J5,529,599,1128
2018-12-07T16:15:00+09:00,J1,1209,1368,2577
2018-12-07T16:15:00+09:00,J2,846,737,1583
2018-12-07T16:15:00+09:00,J3,1233,1182,2415
2018-12-07T16:15:00+09:00,J4,744,907,1651
2018-12-07T16:15:00+09:00,J5,592,668,1260
2018-12-07T16:30:00+09:00,J1,1234,1350,2584
2018-12-07T16:30:00+09:00,J2,784,702,1486
2018-12-07T16:30:00+09:00,J3,1195,1247,2442
2018-12-07T16:30:00+09:00,J4,808,876,1684
2018-12-07T16:30:00+09:00,J5,616,675,1291
2018-12-07T16:45:00+09:00,J1,1263,1347,2610
2018-12-07T16:45:00+09:00,J2,784,705,1489
2018-12-07T16:45:00+09:00,J3,1252,1199,2451
2018-12-07T16:45:00+09:00,J4,862,870,1732
2018-12-07T16:45:00+09:00,J5,559,705,1264
2018-12-07T17:00:00+09:00,J1,1288,1491,2779
2018-12-07T17:00:00+09:00,J2,883,835,1718
2018-12-07T17:00:00+09:00,J3,1443,1332,2775
2018-12-07T17:00:00+09:00,J4,840,889,1729
2018-12-07T17:00:00+09:00,J5,614,705,1319
2018-12-07T17:15:00+09:00,J1,1276,1481,2757
2018-12-07T17:15:00+09:00,J2,860,851,1711
2018-12-07T17:15:00+09:00,J3,1425,1268,2693
2018-12-07T17:15:00+09:00,J4,960,886,1846
2018-12-07T17:15:00+09:00,J5,638,757,1395
2018-12-07T17:30:00+09:00,J1,1300,1424,2724
2018-12-07T17:30:00+09:00,J2,1026,960,1986
2018-12-07T17:30:00+09:00,J3,1495,1343,2838
2018-12-07T17:30:00+09:00,J4,916,889,1805
2018-12-07T17:30:00+09:00,J5,683,790,1473
2018-12-07T17:45:00+09:00,J1,1231,1423,2654
2018-12-07T17:45:00+09:00,J2,1121,947,2068
2018-12-07T17:45:00+09:00,J3,1480,1394,2874
2018-12-07T17:45:00+09:00,J4,962,850,1812
2018-12-07T17:45:00+09:00,J5,619,740,1359
2018-12-07T18:00:00+09:00,J1,1221,1536,2757
2018-12-07T18:00:00+09:00,J2,1136,911,2047
2018-12-07T18:00:00+09:00,J3,1630,1279,2909
2018-12-07T18:00:00+09:00,J4,1006,902,1908
2018-12-07T18:00:00+09:00,J5,605,752,1357
2018-12-07T18:15:00+09:00,J1,1360,1486,2846
2018-12-07T18:15:00+09:00,J2,1034,949,1983
2018-12-07T18:15:00+09:00,J3,1651,1353,3004
2018-12-07T18:15:00+09:00,J4,1110,1036,2146
2018-12-07T18:15:00+09:00,J5,624,791,1415
2018-12-07T18:30:00+09:00,J1,1316,1409,2725
2018-12-07T18:30:00+09:00,J2,1092,990,2082
2018-12-07T18:30:00+09:00,J3,1559,1292,2851
2018-12-07T18:30:00+09:00,J4,1130,916,2046
2018-12-07T18:30:00+09:00,J5,576,715,1291
2018-12-07T18:45:00+09:00,J1,1257,1373,2630
2018-12-07T18:45:00+09:00,J2,866,835,1701
2018-12-07T18:45:00+09:00,J3,1382,1307,2689
2018-12-07T18:45:00+09:00,J4,1164,910,2074
2018-12-07T18:45:00+09:00,J5,586,588,1174
2018-12-07T19:00:00+09:00,J1,1037,1111,2148
2018-12-07T19:00:00+09:00,J2,909,849,1758
2018-12-07T19:00:00+09:00,J3,1482,1317,2799
2018-12-07T19:00:00+09:00,J4,1089,968,2057
2018-12-07T19:00:00+09:00,J5,547,553,1100
2018-12-07T19:15:00+09:00,J1,1032,1293,2325
2018-12-07T19:15:00+09:00,J2,742,810,1552
2018-12-07T19:15:00+09:00,J3,1424,1234,2658
2018-12-07T19:15:00+09:00,J4,948,940,1888
2018-12-07T19:15:00+09:00,J5,517,601,1118
2018-12-07T19:30:00+09:00,J1,982,1124,2106
2018-12-07T19:30:00+09:00,J2,747,686,1433
2018-12-07T19:30:00+09:00,J3,1417,1218,2635
2018-12-07T19:30:00+09:00,J4,921,904,1825
2018-12-07T19:30:00+09:00,J5,508,549,1057
2018-12-07T19:45:00+09:00,J1,1033,1176,2209
2018-12-07T19:45:00+09:00,J2,697,746,1443
2018-12-07T19:45:00+09:00,J3,1320,1169,2489
2018-12-07T19:45:00+09:00,J4,932,844,1776
2018-12-07T19:45:00+09:00,J5,553,496,1049
2018-12-07T20:00:00+09:00,J1,980,1174,2154
2018-12-07T20:00:00+09:00,J2,681,698,1379
2018-12-07T20:00:00+09:00,J3,1287,1196,2483
2018-12-07T20:00:00+09:00,J4,903,789,1692
2018-12-07T20:00:00+09:00,J5,535,539,1074
2018-12-07T20:15:00+09:00,J1,1046,1199,2245
2018-12-07T20:15:00+09:00,J2,721,780,1501
2018-12-07T20:15:00+09:00,J3,1389,1263,2652
2018-12-07T20:15:00+09:00,J4,990,911,1901
2018-12-07T20:15:00+09:00,J5,492,488,980
2018-12-07T20:30:00+09:00,J1,1112,1326,2438
2018-12-07T20:30:00+09:00,J2,646,711,1357
2018-12-07T20:30:00+09:00,J3,1286,1236,2522
2018-12-07T20:30:00+09:00,J4,937,897,1834
2018-12-07T20:30:00+09:00,J5,465,513,978
2018-12-07T20:45:00+09:00,J1,1056,1164,2220
2018-12-07T20:45:00+09:00,J2,629,677,1306
2018-12-07T20:45:00+09:00,J3,1294,1172,2466
2018-12-07T20:45:00+09:00,J4,933,834,1767
2018-12-07T20:45:00+09:00,J5,518,538,1056
2018-12-07T21:00:00+09:00,J1,1206,1404,2610
2018-12-07T21:00:00+09:00,J2,650,721,1371
2018-12-07T21:00:00+09:00,J3,1237,1065,2302
2018-12-07T21:00:00+09:00,J4,962,942,1904
2018-12-07T21:00:00+09:00,J5,487,517,1004
2018-12-07T21:15:00+09:00,J1,1122,1238,2360
2018-12-07T21:15:00+09:00,J2,703,687,1390
2018-12-07T21:15:00+09:00,J3,1225,1026,2251
2018-12-07T21:15:00+09:00,J4,1113,927,2040
2018-12-07T21:15:00+09:00,J5,504,516,1020
2018-12-07T21:30:00+09:00,J1,993,1148,2141
2018-12-07T21:30:00+09:00,J2,830,740,1570
2018-12-07T21:30:00+09:00,J3,1202,1024,2226
2018-12-07T21:30:00+09:00,J4,1003,867,1870
2018-12-07T21:30:00+09:00,J5,497,506,1003
2018-12-07T21:45:00+09:00,J1,1006,1143,2149
2018-12-07T21:45:00+09:00,J2,688,705,1393
2018-12-07T21:45:00+09:00,J3,1090,1010,2100
2018-12-07T21:45:00+09:00,J4,946,860,1806
2018-12-07T21:45:00+09:00,J5,501,498,999
2018-12-07T22:00:00+09:00,J1,930,1082,2012
2018-12-07T22:00:00+09:00,J2,843,900,1743
2018-12-07T22:00:00+09:00,J3,1126,1022,2148
2018-12-07T22:00:00+09:00,J4,987,901,1888
2018-12-07T22:00:00+09:00,J5,525,515,1040
2018-12-07T22:15:00+09:00,J1,744,853,1597
2018-12-07T22:15:00+09:00,J2,609,659,1268
2018-12-07T22:15:00+09:00,J3,886,807,1693
2018-12-07T22:15:00+09:00,J4,755,639,1394
2018-12-07T22:15:00+09:00,J5,384,394,778
2018-12-07T22:30:00+09:00,J1,1484,1714,3198
2018-12-07T22:30:00+09:00,J2,894,984,1878
2018-12-07T22:30:00+09:00,J3,1308,1159,2467
2018-12-07T22:30:00+09:00,J4,1102,975,2077
2018-12-07T22:30:00+09:00,J5,666,704,1370
2018-12-07T22:45:00+09:00,J1,1176,1308,2484
2018-12-07T22:45:00+09:00,J2,705,744,1449
2018-12-07T22:45:00+09:00,J3,1017,906,1923
2018-12-07T22:45:00+09:00,J4,940,840,1780
2018-12-07T22:45:00+09:00,J5,574,633,1207
2018-12-07T23:00:00+09:00,J1,1221,1425,2646
2018-12-07T23:00:00+09:00,J2,665,642,1307
2018-12-07T23:00:00+09:00,J3,1031,858,1889
2018-12-07T23:00:00+09:00,J4,936,831,1767
2018-12-07T23:00:00+09:00,J5,593,599,1192
2018-12-07T23:15:00+09:00,J1,1113,1377,2490
2018-12-07T23:15:00+09:00,J2,651,654,1305
2018-12-07T23:15:00+09:00,J3,1032,921,1953
2018-12-07T23:15:00+09:00,J4,977,877,1854
2018-12-07T23:15:00+09:00,J5,580,604,1184
2018-12-07T23:30:00+09:00,J1,1136,1191,2327
2018-12-07T23:30:00+09:00,J2,657,646,1303
2018-12-07T23:30:00+09:00,J3,1059,903,1962
2018-12-07T23:30:00+09:00,J4,882,805,1687
2018-12-07T23:30:00+09:00,J5,548,568,1116
2018-12-07T23:45:00+09:00,J1,1195,1319,2514
2018-12-07T23:45:00+09:00,J2,614,615,1229
2018-12-07T23:45:00+09:00,J3,1048,873,1921
2018-12-07T23:45:00+09:00,J4,831,747,1578
2018-12-07T23:45:00+09:00,J5,539,613,1152
2018-12-08T00:00:00+09:00,J1,985,1064,2049
2018-12-08T00:00:00+09:00,J2,446,473,919
2018-12-08T00:00:00+09:00,J3,958,758,1716
2018-12-08T00:00:00+09:00,J4,842,720,1562
2018-12-08T00:00:00+09:00,J5,516,560,1076
2018-12-08T00:15:00+09:00,J1,628,622,1250
2018-12-08T00:15:00+09:00,J2,420,438,858
2018-12-08T00:15:00+09:00,J3,591,572,1163
2018-12-08T00:15:00+09:00,J4,731,665,1396
2018-12-08T00:15:00+09:00,J5,508,521,1029
2018-12-08T00:30:00+09:00,J1,596,685,1281
2018-12-08T00:30:00+09:00,J2,368,470,838
2018-12-08T00:30:00+09:00,J3,424,483,907
2018-12-08T00:30:00+09:00,J4,449,476,925
2018-12-08T00:30:00+09:00,J5,572,581,1153
2018-12-08T00:45:00+09:00,J1,556,550,1106
2018-12-08T00:45:00+09:00,J2,389,489,878
2018-12-08T00:45:00+09:00,J3,536,474,1010
2018-12-08T00:45:00+09:00,J4,392,421,813
2018-12-08T00:45:00+09:00,J5,578,551,1129
2018-12-08T05:45:00+09:00,J1,892,977,1869
2018-12-08T05:45:00+09:00,J2,397,479,876
2018-12-08T05:45:00+09:00,J3,611,522,1133
2018-12-08T05:45:00+09:00,J4,641,647,1288
2018-12-08T05:45:00+09:00,J5,541,507,1048
2018-12-08T06:00:00+09:00,J1,936,1013,1949
2018-12-08T06:00:00+09:00,J2,489,501,990
2018-12-08T06:00:00+09:00,J3,607,594,1201
2018-12-08T06:00:00+09:00,J4,748,679,1427
2018-12-08T06:00:00+09:00,J5,483,479,962
2018-12-08T06:15:00+09:00,J1,910,950,1860
2018-12-08T06:15:00+09:00,J2,526,508,1034
2018-12-08T06:15:00+09:00,J3,709,611,1320
2018-12-08T06:15:00+09:00,J4,788,732,1520
2018-12-08T06:15:00+09:00,J5,532,526,1058
2018-12-08T06:30:00+09:00,J1,1029,1080,2109
2018-12-08T06:30:00+09:00,J2,487,538,1025
2018-12-08T06:30:00+09:00,J3,653,545,1198
2018-12-08T06:30:00+09:00,J4,680,717,1397
2018-12-08T06:30:00+09:00,J5,535,611,1146
2018-12-08T06:45:00+09:00,J1,1014,1030,2044
2018-12-08T06:45:00+09:00,J2,442,460,902
2018-12-08T06:45:00+09:00,J3,651,544,1195
2018-12-08T06:45:00+09:00,J4,756,757,1513
2018-12-08T06:45:00+09:00,J5,611,596,1207
2018-12-08T07:00:00+09:00,J1,1165,1158,2323
2018-12-08T07:00:00+09:00,J2,500,552,1052
2018-12-08T07:00:00+09:00,J3,611,545,1156
2018-12-08T07:00:00+09:00,J4,919,846,1765
2018-12-08T07:00:00+09:00,J5,621,563,1184
2018-12-08T07:15:00+09:00,J1,1134,1199,2333
2018-12-08T07:15:00+09:00,J2,569,525,1094
2018-12-08T07:15:00+09:00,J3,758,601,1359
2018-12-08T07:15:00+09:00,J4,888,796,1684
2018-12-08T07:15:00+09:00,J5,626,638,1264
2018-12-08T07:30:00+09:00,J1,1155,1199,2354
2018-12-08T07:30:00+09:00,J2,584,628,1212
2018-12-08T07:30:00+09:00,J3,838,716,1554
2018-12-08T07:30:00+09:00,J4,830,749,1579
2018-12-08T07:30:00+09:00,J5,735,650,1385
2018-12-08T07:45:00+09:00,J1,1153,1187,2340
2018-12-08T07:45:00+09:00,J2,568,607,1175
2018-12-08T07:45:00+09:00,J3,777,707,1484
2018-12-08T07:45:00+09:00,J4,848,812,1660
2018-12-08T07:45:00+09:00,J5,650,735,1385
2018-12-08T08:00:00+09:00,J1,1338,1437,2775
2018-12-08T08:00:00+09:00,J2,685,702,1387
2018-12-08T08:00:00+09:00,J3,829,853,1682
2018-12-08T08:00:00+09:00,J4,777,848,1625
2018-12-08T08:00:00+09:00,J5,674,589,1263
2018-12-08T08:15:00+09:00,J1,1401,1506,2907
2018-12-08T08:15:00+09:00,J2,844,737,1581
2018-12-08T08:15:00+09:00,J3,758,767,1525
2018-12-08T08:15:00+09:00,J4,782,910,1692
2018-12-08T08:15:00+09:00,J5,595,565,1160
2018-12-08T08:30:00+09:00,J1,1419,1416,2835
2018-12-08T08:30:00+09:00,J2,785,708,1493
2018-12-08T08:30:00+09:00,J3,875,894,1769
2018-12-08T08:30:00+09:00,J4,854,926,1780
2018-12-08T08:30:00+09:00,J5,672,639,1311
2018-12-08T08:45:00+09:00,J1,1455,1418,2873
2018-12-08T08:45:00+09:00,J2,772,747,1519
2018-12-08T08:45:00+09:00,J3,1169,1111,2280
2018-12-08T08:45:00+09:00,J4,838,862,1700
2018-12-08T08:45:00+09:00,J5,599,554,1153
2018-12-08T09:00:00+09:00,J1,1436,1392,2828
2018-12-08T09:00:00+09:00,J2,852,772,1624
2018-12-08T09:00:00+09:00,J3,1067,967,2034
2018-12-08T09:00:00+09:00,J4,898,835,1733
2018-12-08T09:00:00+09:00,J5,530,516,1046
2018-12-08T09:15:00+09:00,J1,1352,1442,2794
2018-12-08T09:15:00+09:00,J2,922,812,1734
2018-12-08T09:15:00+09:00,J3,1090,1091,2181
2018-12-08T09:15:00+09:00,J4,809,806,1615
2018-12-08T09:15:00+09:00,J5,543,474,1017
2018-12-08T09:30:00+09:00,J1,1448,1484,2932
2018-12-08T09:30:00+09:00,J2,833,701,1534
2018-12-08T09:30:00+09:00,J3,1215,1116,2331
2018-12-08T09:30:00+09:00,J4,789,776,1565
2018-12-08T09:30:00+09:00,J5,606,574,1180
2018-12-08T09:45:00+09:00,J1,1471,1439,2910
2018-12-08T09:45:00+09:00,J2,713,658,1371
2018-12-08T09:45:00+09:00,J3,1087,1042,2129
2018-12-08T09:45:00+09:00,J4,659,713,1372
2018-12-08T09:45:00+09:00,J5,577,516,1093
2018-12-08T10:00:00+09:00,J1,1363,1395,2758
2018-12-08T10:00:00+09:00,J2,668,630,1298
2018-12-08T10:00:00+09:00,J3,860,786,1646
2018-12-08T10:00:00+09:00,J4,593,705,1298
2018-12-08T10:00:00+09:00,J5,571,538,1109
2018-12-08T10:15:00+09:00,J1,1391,1402,2793
2018-12-08T10:15:00+09:00,J2,627,632,1259
2018-12-08T10:15:00+09:00,J3,1061,1027,2088
2018-12-08T10:15:00+09:00,J4,692,691,1383
2018-12-08T10:15:00+09:00,J5,564,498,1062
2018-12-08T10:30:00+09:00,J1,1373,1440,2813
2018-12-08T10:30:00+09:00,J2,619,710,1329
2018-12-08T10:30:00+09:00,J3,1072,1027,2099
2018-12-08T10:30:00+09:00,J4,801,860,1661
2018-12-08T10:30:00+09:00,J5,501,505,1006
2018-12-08T10:45:00+09:00,J1,1361,1428,2789
2018-12-08T10:45:00+09:00,J2,678,655,1333
2018-12-08T10:45:00+09:00,J3,1193,1085,2278
2018-12-08T10:45:00+09:00,J4,969,1020,1989
2018-12-08T10:45:00+09:00,J5,554,540,1094
2018-12-08T11:00:00+09:00,J1,1296,1476,2772
2018-12-08T11:00:00+09:00,J2,633,699,1332
2018-12-08T11:00:00+09:00,J3,1135,1070,2205
2018-12-08T11:00:00+09:00,J4,1009,991,2000
2018-12-08T11:00:00+09:00,J5,536,591,1127
2018-12-08T11:15:00+09:00,J1,1103,1215,2318
2018-12-08T11:15:00+09:00,J2,716,724,1440
2018-12-08T11:15:00+09:00,J3,1144,1100,2244
2018-12-08T11:15:00+09:00,J4,1053,1058,2111
2018-12-08T11:15:00+09:00,J5,588,550,1138
2018-12-08T11:30:00+09:00,J1,1153,1378,2531
2018-12-08T11:30:00+09:00,J2,773,685,1458
2018-12-08T11:30:00+09:00,J3,1082,1069,2151
2018-12-08T11:30:00+09:00,J4,1025,965,1990
2018-12-08T11:30:00+09:00,J5,560,574,1134
2018-12-08T11:45:00+09:00,J1,1233,1427,2660
2018-12-08T11:45:00+09:00,J2,708,685,1393
2018-12-08T11:45:00+09:00,J3,1069,1108,2177
2018-12-08T11:45:00+09:00,J4,1077,1086,2163
2018-12-08T11:45:00+09:00,J5,524,589,1113
2018-12-08T12:00:00+09:00,J1,1038,1226,2264
2018-12-08T12:00:00+09:00,J2,809,742,1551
2018-12-08T12:00:00+09:00,J3,956,1049,2005
2018-12-08T12:00:00+09:00,J4,1132,1059,2191
2018-12-08T12:00:00+09:00,J5,576,611,1187
2018-12-08T12:15:00+09:00,J1,1005,1165,2170
2018-12-08T12:15:00+09:00,J2,863,754,1617
2018-12-08T12:15:00+09:00,J3,1027,957,1984
2018-12-08T12:15:00+09:00,J4,969,970,1939
2018-12-08T12:15:00+09:00,J5,548,617,1165
2018-12-08T12:30:00+09:00,J1,1259,1396,2655
2018-12-08T12:30:00+09:00,J2,917,820,1737
2018-12-08T12:30:00+09:00,J3,1178,1034,2212
2018-12-08T12:30:00+09:00,J4,962,962,1924
2018-12-08T12:30:00+09:00,J5,595,514,1109
2018-12-08T12:45:00+09:00,J1,1261,1410,2671
2018-12-08T12:45:00+09:00,J2,833,763,1596
2018-12-08T12:45:00+09:00,J3,1214,1129,2343
2018-12-08T12:45:00+09:00,J4,987,902,1889
2018-12-08T12:45:00+09:00,J5,502,567,1069
2018-12-08T13:00:00+09:00,J1,1180,1474,2654
2018-12-08T13:00:00+09:00,J2,891,706,1597
2018-12-08T13:00:00+09:00,J3,1254,1119,2373
2018-12-08T13:00:00+09:00,J4,941,992,1933
2018-12-08T13:00:00+09:00,J5,574,560,1134
2018-12-08T13:15:00+09:00,J1,1235,1454,2689
2018-12-08T13:15:00+09:00,J2,798,784,1582
2018-12-08T13:15:00+09:00,J3,1246,1164,2410
2018-12-08T13:15:00+09:00,J4,996,1044,2040
2018-12-08T13:15:00+09:00,J5,519,639,1158
2018-12-08T13:30:00+09:00,J1,1214,1383,2597
2018-12-08T13:30:00+09:00,J2,848,895,1743
2018-12-08T13:30:00+09:00,J3,1228,1116,2344
2018-12-08T13:30:00+09:00,J4,964,945,1909
2018-12-08T13:30:00+09:00,J5,539,578,1117
2018-12-08T13:45:00+09:00,J1,1130,1423,2553
2018-12-08T13:45:00+09:00,J2,806,816,1622
2018-12-08T13:45:00+09:00,J3,1207,1166,2373
2018-12-08T13:45:00+09:00,J4,905,960,1865
2018-12-08T13:45:00+09:00,J5,517,532,1049
2018-12-08T14:00:00+09:00,J1,1073,1329,2402
2018-12-08T14:00:00+09:00,J2,915,774,1689
2018-12-08T14:00:00+09:00,J3,1265,1241,2506
2018-12-08T14:00:00+09:00,J4,884,938,1822
2018-12-08T14:00:00+09:00,J5,501,569,1070
2018-12-08T14:15:00+09:00,J1,1082,1293,2375
2018-12-08T14:15:00+09:00,J2,857,818,1675
2018-12-08T14:15:00+09:00,J3,1280,1228,2508
2018-12-08T14:15:00+09:00,J4,904,975,1879
2018-12-08T14:15:00+09:00,J5,543,658,1201
2018-12-08T14:30:00+09:00,J1,1016,1208,2224
2018-12-08T14:30:00+09:00,J2,847,819,1666
2018-12-08T14:30:00+09:00,J3,1204,1279,2483
2018-12-08T14:30:00+09:00,J4,906,939,1845
2018-12-08T14:30:00+09:00,J5,515,585,1100
2018-12-08T14:45:00+09:00,J1,902,1184,2086
2018-12-08T14:45:00+09:00,J2,873,864,1737
2018-12-08T14:45:00+09:00,J3,1210,1237,2447
2018-12-08T14:45:00+09:00,J4,890,941,1831
2018-12-08T14:45:00+09:00,J5,461,491,952
2018-12-08T15:00:00+09:00,J1,926,1151,2077
2018-12-08T15:00:00+09:00,J2,906,845,1751
2018-12-08T15:00:00+09:00,J3,1187,1240,2427
2018-12-08T15:00:00+09:00,J4,944,973,1917
2018-12-08T15:00:00+09:00,J5,494,496,990
2018-12-08T15:15:00+09:00,J1,964,1191,2155
2018-12-08T15:15:00+09:00,J2,919,856,1775
2018-12-08T15:15:00+09:00,J3,1178,1187,2365
2018-12-08T15:15:00+09:00,J4,896,1027,1923
2018-12-08T15:15:00+09:00,J5,499,483,982
2018-12-08T15:30:00+09:00,J1,1164,1358,2522
2018-12-08T15:30:00+09:00,J2,921,906,1827
2018-12-08T15:30:00+09:00,J3,1197,1116,2313
2018-12-08T15:30:00+09:00,J4,888,1030,1918
2018-12-08T15:30:00+09:00,J5,539,577,1116
2018-12-08T15:45:00+09:00,J1,1079,1362,2441
2018-12-08T15:45:00+09:00,J2,958,921,1879
2018-12-08T15:45:00+09:00,J3,1423,1228,2651
2018-12-08T15:45:00+09:00,J4,947,1051,1998
2018-12-08T15:45:00+09:00,J5,492,519,1011
2018-12-08T16:00:00+09:00,J1,1042,1282,2324
2018-12-08T16:00:00+09:00,J2,934,898,1832
2018-12-08T16:00:00+09:00,J3,1421,1197,2618
2018-12-08T16:00:00+09:00,J4,991,950,1941
2018-12-08T16:00:00+09:00,J5,477,499,976
2018-12-08T16:15:00+09:00,J1,1108,1224,2332
2018-12-08T16:15:00+09:00,J2,979,834,1813
2018-12-08T16:15:00+09:00,J3,1397,1166,2563
2018-12-08T16:15:00+09:00,J4,1040,995,2035
2018-12-08T16:15:00+09:00,J5,541,521,1062
2018-12-08T16:30:00+09:00,J1,907,1203,2110
2018-12-08T16:30:00+09:00,J2,905,895,1800
2018-12-08T16:30:00+09:00,J3,1410,1162,2572
2018-12-08T16:30:00+09:00,J4,1015,1047,2062
2018-12-08T16:30:00+09:00,J5,526,484,1010
2018-12-08T16:45:00+09:00,J1,925,1193,2118
2018-12-08T16:45:00+09:00,J2,1009,973,1982
2018-12-08T16:45:00+09:00,J3,1415,1304,2719
2018-12-08T16:45:00+09:00,J4,1131,1050,2181
2018-12-08T16:45:00+09:00,J5,551,541,1092
2018-12-08T17:00:00+09:00,J1,1119,1353,2472
2018-12-08T17:00:00+09:00,J2,1084,875,1959
2018-12-08T17:00:00+09:00,J3,1636,1245,2881
2018-12-08T17:00:00+09:00,J4,1047,1007,2054
2018-12-08T17:00:00+09:00,J5,584,576,1160
2018-12-08T17:15:00+09:00,J1,1099,1395,2494
2018-12-08T17:15:00+09:00,J2,1199,829,2028
2018-12-08T17:15:00+09:00,J3,1503,1383,2886
2018-12-08T17:15:00+09:00,J4,1124,1061,2185
2018-12-08T17:15:00+09:00,J5,665,677,1342
2018-12-08T17:30:00+09:00,J1,1252,1408,2660
2018-12-08T17:30:00+09:00,J2,1121,994,2115
2018-12-08T17:30:00+09:00,J3,1516,1338,2854
2018-12-08T17:30:00+09:00,J4,1008,1081,2089
2018-12-08T17:30:00+09:00,J5,548,631,1179
2018-12-08T17:45:00+09:00,J1,1158,1361,2519
2018-12-08T17:45:00+09:00,J2,1019,771,1790
2018-12-08T17:45:00+09:00,J3,1566,1322,2888
2018-12-08T17:45:00+09:00,J4,1038,1036,2074
2018-12-08T17:45:00+09:00,J5,494,591,1085
2018-12-08T18:00:00+09:00,J1,1263,1450,2713
2018-12-08T18:00:00+09:00,J2,970,708,1678
2018-12-08T18:00:00+09:00,J3,1434,1326,2760
2018-12-08T18:00:00+09:00,J4,960,926,1886
2018-12-08T18:00:00+09:00,J5,494,551,1045
2018-12-08T18:15:00+09:00,J1,1162,1355,2517
2018-12-08T18:15:00+09:00,J2,979,725,1704
2018-12-08T18:15:00+09:00,J3,1429,1247,2676
2018-12-08T18:15:00+09:00,J4,1040,949,1989
2018-12-08T18:15:00+09:00,J5,579,569,1148
2018-12-08T18:30:00+09:00,J1,1013,1219,2232
2018-12-08T18:30:00+09:00,J2,1029,740,1769
2018-12-08T18:30:00+09:00,J3,1411,1129,2540
2018-12-08T18:30:00+09:00,J4,1118,947,2065
2018-12-08T18:30:00+09:00,J5,539,521,1060
2018-12-08T18:45:00+09:00,J1,994,1164,2158
2018-12-08T18:45:00+09:00,J2,949,802,1751
2018-12-08T18:45:00+09:00,J3,1312,1098,2410
2018-12-08T18:45:00+09:00,J4,1044,935,1979
2018-12-08T18:45:00+09:00,J5,440,460,900
2018-12-08T19:00:00+09:00,J1,971,1168,2139
2018-12-08T19:00:00+09:00,J2,817,832,1649
2018-12-08T19:00:00+09:00,J3,1239,1168,2407
2018-12-08T19:00:00+09:00,J4,938,846,1784
2018-12-08T19:00:00+09:00,J5,435,452,887
2018-12-08T19:15:00+09:00,J1,1161,1330,2491
2018-12-08T19:15:00+09:00,J2,733,751,1484
2018-12-08T19:15:00+09:00,J3,1191,1145,2336
2018-12-08T19:15:00+09:00,J4,992,895,1887
2018-12-08T19:15:00+09:00,J5,493,485,978
2018-12-08T19:30:00+09:00,J1,1239,1407,2646
2018-12-08T19:30:00+09:00,J2,789,757,1546
2018-12-08T19:30:00+09:00,J3,1163,1056,2219
2018-12-08T19:30:00+09:00,J4,873,960,1833
2018-12-08T19:30:00+09:00,J5,507,526,1033
2018-12-08T19:45:00+09:00,J1,1230,1332,2562
2018-12-08T19:45:00+09:00,J2,659,592,1251
2018-12-08T19:45:00+09:00,J3,1082,913,1995
2018-12-08T19:45:00+09:00,J4,840,823,1663
2018-12-08T19:45:00+09:00,J5,514,482,996
2018-12-08T20:00:00+09:00,J1,1216,1384,2600
2018-12-08T20:00:00+09:00,J2,646,679,1325
2018-12-08T20:00:00+09:00,J3,1053,926,1979
2018-12-08T20:00:00+09:00,J4,824,877,1701
2018-12-08T20:00:00+09:00,J5,527,492,1019
2018-12-08T20:15:00+09:00,J1,1247,1398,2645
2018-12-08T20:15:00+09:00,J2,799,689,1488
2018-12-08T20:15:00+09:00,J3,1183,967,2150
2018-12-08T20:15:00+09:00,J4,824,853,1677
2018-12-08T20:15:00+09:00,J5,444,467,911
2018-12-08T20:30:00+09:00,J1,1287,1411,2698
2018-12-08T20:30:00+09:00,J2,709,749,1458
2018-12-08T20:30:00+09:00,J3,1102,1080,2182
2018-12-08T20:30:00+09:00,J4,704,817,1521
2018-12-08T20:30:00+09:00,J5,485,464,949
2018-12-08T20:45:00+09:00,J1,1274,1419,2693
2018-12-08T20:45:00+09:00,J2,621,656,1277
2018-12-08T20:45:00+09:00,J3,1053,1004,2057
2018-12-08T20:45:00+09:00,J4,745,781,1526
2018-12-08T20:45:00+09:00,J5,457,466,923
2018-12-08T21:00:00+09:00,J1,1165,1393,2558
2018-12-08T21:00:00+09:00,J2,637,606,1243
2018-12-08T21:00:00+09:00,J3,1053,1023,2076
2018-12-08T21:00:00+09:00,J4,882,809,1691
2018-12-08T21:00:00+09:00,J5,461,459,920
2018-12-08T21:15:00+09:00,J1,1239,1384,2623
2018-12-08T21:15:00+09:00,J2,690,667,1357
2018-12-08T21:15:00+09:00,J3,1100,1136,2236
2018-12-08T21:15:00+09:00,J4,886,826,1712
2018-12-08T21:15:00+09:00,J5,427,531,958
2018-12-08T21:30:00+09:00,J1,1078,1228,2306
2018-12-08T21:30:00+09:00,J2,765,716,1481
2018-12-08T21:30:00+09:00,J3,1013,1066,2079
2018-12-08T21:30:00+09:00,J4,933,843,1776
2018-12-08T21:30:00+09:00,J5,493,504,997
2018-12-08T21:45:00+09:00,J1,1096,1162,2258
2018-12-08T21:45:00+09:00,J2,764,702,1466
2018-12-08T21:45:00+09:00,J3,1150,1009,2159
2018-12-08T21:45:00+09:00,J4,929,823,1752
2018-12-08T21:45:00+09:00,J5,472,516,988
2018-12-08T22:00:00+09:00,J1,1078,1236,2314
2018-12-08T22:00:00+09:00,J2,701,734,1435
2018-12-08T22:00:00+09:00,J3,1037,962,1999
2018-12-08T22:00:00+09:00,J4,795,896,1691
2018-12-08T22:00:00+09:00,J5,517,474,991
2018-12-08T22:15:00+09:00,J1,974,1160,2134
2018-12-08T22:15:00+09:00,J2,723,697,1420
2018-12-08T22:15:00+09:00,J3,1031,1023,2054
2018-12-08T22:15:00+09:00,J4,999,875,1874
2018-12-08T22:15:00+09:00,J5,560,463,1023
2018-12-08T22:30:00+09:00,J1,1023,1132,2155
2018-12-08T22:30:00+09:00,J2,692,698,1390
2018-12-08T22:30:00+09:00,J3,1053,996,2049
2018-12-08T22:30:00+09:00,J4,985,915,1900
2018-12-08T22:30:00+09:00,J5,598,507,1105
2018-12-08T22:45:00+09:00,J1,927,1120,2047
2018-12-08T22:45:00+09:00,J2,994,915,1909
2018-12-08T22:45:00+09:00,J3,1092,916,2008
2018-12-08T22:45:00+09:00,J4,942,801,1743
2018-12-08T22:45:00+09:00,J5,606,583,1189
2018-12-08T23:00:00+09:00,J1,1127,1175,2302
2018-12-08T23:00:00+09:00,J2,785,860,1645
2018-12-08T23:00:00+09:00,J3,1084,844,1928
2018-12-08T23:00:00+09:00,J4,1009,922,1931
2018-12-08T23:00:00+09:00,J5,584,567,1151
2018-12-08T23:15:00+09:00,J1,1042,1164,2206
2018-12-08T23:15:00+09:00,J2,583,748,1331
2018-12-08T23:15:00+09:00,J3,1020,871,1891
2018-12-08T23:15:00+09:00,J4,911,845,1756
2018-12-08T23:15:00+09:00,J5,588,563,1151
2018-12-08T23:30:00+09:00,J1,864,974,1838
2018-12-08T23:30:00+09:00,J2,631,676,1307
2018-12-08T23:30:00+09:00,J3,963,880,1843
2018-12-08T23:30:00+09:00,J4,875,844,1719
2018-12-08T23:30:00+09:00,J5,534,557,1091
2018-12-08T23:45:00+09:00,J1,1101,1176,2277
2018-12-08T23:45:00+09:00,J2,649,618,1267
2018-12-08T23:45:00+09:00,J3,999,988,1987
2018-12-08T23:45:00+09:00,J4,890,790,1680
2018-12-08T23:45:00+09:00,J5,556,576,1132
2018-12-09T00:00:00+09:00,J1,952,1035,1987
2018-12-09T00:00:00+09:00,J2,449,480,929
2018-12-09T00:00:00+09:00,J3,952,740,1692
2018-12-09T00:00:00+09:00,J4,895,771,1666
2018-12-09T00:00:00+09:00,J5,543,551,1094
2018-12-09T00:15:00+09:00,J1,697,807,1504
2018-12-09T00:15:00+09:00,J2,431,423,854
2018-12-09T00:15:00+09:00,J3,594,556,1150
2018-12-09T00:15:00+09:00,J4,798,767,1565
2018-12-09T00:15:00+09:00,J5,488,438,926
2018-12-09T00:30:00+09:00,J1,600,585,1185
2018-12-09T00:30:00+09:00,J2,405,455,860
2018-12-09T00:30:00+09:00,J3,465,421,886
2018-12-09T00:30:00+09:00,J4,432,428,860
2018-12-09T00:30:00+09:00,J5,483,512,995
2018-12-09T00:45:00+09:00,J1,511,530,1041
2018-12-09T00:45:00+09:00,J2,448,440,888
2018-12-09T00:45:00+09:00,J3,437,476,913
2018-12-09T00:45:00+09:00,J4,418,412,830
2018-12-09T00:45:00+09:00,J5,531,530,1061
2018-12-09T05:45:00+09:00,J1,975,943,1918
2018-12-09T05:45:00+09:00,J2,458,490,948
2018-12-09T05:45:00+09:00,J3,526,509,1035
2018-12-09T05:45:00+09:00,J4,498,501,999
2018-12-09T05:45:00+09:00,J5,511,503,1014
2018-12-09T06:00:00+09:00,J1,838,951,1789
2018-12-09T06:00:00+09:00,J2,361,435,796
2018-12-09T06:00:00+09:00,J3,577,607,1184
2018-12-09T06:00:00+09:00,J4,666,623,1289
2018-12-09T06:00:00+09:00,J5,526,383,909
2018-12-09T06:15:00+09:00,J1,958,997,1955
2018-12-09T06:15:00+09:00,J2,353,483,836
2018-12-09T06:15:00+09:00,J3,771,664,1435
2018-12-09T06:15:00+09:00,J4,681,627,1308
2018-12-09T06:15:00+09:00,J5,483,523,1006
2018-12-09T06:30:00+09:00,J1,981,1093,2074
2018-12-09T06:30:00+09:00,J2,406,472,878
2018-12-09T06:30:00+09:00,J3,657,605,1262
2018-12-09T06:30:00+09:00,J4,672,650,1322
2018-12-09T06:30:00+09:00,J5,601,564,1165
2018-12-09T06:45:00+09:00,J1,1088,1079,2167
2018-12-09T06:45:00+09:00,J2,399,521,920
2018-12-09T06:45:00+09:00,J3,563,524,1087
2018-12-09T06:45:00+09:00,J4,655,682,1337
2018-12-09T06:45:00+09:00,J5,541,510,1051
2018-12-09T07:00:00+09:00,J1,1132,1091,2223
2018-12-09T07:00:00+09:00,J2,537,656,1193
2018-12-09T07:00:00+09:00,J3,574,531,1105
2018-12-09T07:00:00+09:00,J4,816,776,1592
2018-12-09T07:00:00+09:00,J5,604,547,1151
2018-12-09T07:15:00+09:00,J1,1142,1119,2261
2018-12-09T07:15:00+09:00,J2,727,644,1371
2018-12-09T07:15:00+09:00,J3,657,596,1253
2018-12-09T07:15:00+09:00,J4,772,732,1504
2018-12-09T07:15:00+09:00,J5,566,561,1127
2018-12-09T07:30:00+09:00,J1,1148,1285,2433
2018-12-09T07:30:00+09:00,J2,725,690,1415
2018-12-09T07:30:00+09:00,J3,695,682,1377
2018-12-09T07:30:00+09:00,J4,689,707,1396
2018-12-09T07:30:00+09:00,J5,621,642,1263
2018-12-09T07:45:00+09:00,J1,1057,1168,2225
2018-12-09T07:45:00+09:00,J2,680,668,1348
2018-12-09T07:45:00+09:00,J3,781,741,1522
2018-12-09T07:45:00+09:00,J4,764,729,1493
2018-12-09T07:45:00+09:00,J5,674,656,1330
2018-12-09T08:00:00+09:00,J1,1409,1497,2906
2018-12-09T08:00:00+09:00,J2,717,640,1357
2018-12-09T08:00:00+09:00,J3,1215,1126,2341
2018-12-09T08:00:00+09:00,J4,764,867,1631
2018-12-09T08:00:00+09:00,J5,670,552,1222
2018-12-09T08:15:00+09:00,J1,1230,1296,2526
2018-12-09T08:15:00+09:00,J2,896,771,1667
2018-12-09T08:15:00+09:00,J3,1296,1128,2424
2018-12-09T08:15:00+09:00,J4,917,934,1851
2018-12-09T08:15:00+09:00,J5,620,647,1267
2018-12-09T08:30:00+09:00,J1,1036,1061,2097
2018-12-09T08:30:00+09:00,J2,830,644,1474
2018-12-09T08:30:00+09:00,J3,1203,1058,2261
2018-12-09T08:30:00+09:00,J4,914,905,1819
2018-12-09T08:30:00+09:00,J5,622,650,1272
2018-12-09T08:45:00+09:00,J1,1017,1073,2090
2018-12-09T08:45:00+09:00,J2,705,649,1354
2018-12-09T08:45:00+09:00,J3,1257,1164,2421
2018-12-09T08:45:00+09:00,J4,859,908,1767
2018-12-09T08:45:00+09:00,J5,517,599,1116
2018-12-09T09:00:00+09:00,J1,929,1014,1943
2018-12-09T09:00:00+09:00,J2,736,737,1473
2018-12-09T09:00:00+09:00,J3,899,846,1745
2018-12-09T09:00:00+09:00,J4,866,917,1783
2018-12-09T09:00:00+09:00,J5,568,525,1093
2018-12-09T09:15:00+09:00,J1,962,1000,1962
2018-12-09T09:15:00+09:00,J2,759,739,1498
2018-12-09T09:15:00+09:00,J3,776,820,1596
2018-12-09T09:15:00+09:00,J4,802,802,1604
2018-12-09T09:15:00+09:00,J5,599,506,1105
2018-12-09T09:30:00+09:00,J1,1049,1109,2158
2018-12-09T09:30:00+09:00,J2,655,731,1386
2018-12-09T09:30:00+09:00,J3,802,708,1510
2018-12-09T09:30:00+09:00,J4,787,883,1670
2018-12-09T09:30:00+09:00,J5,559,542,1101
2018-12-09T09:45:00+09:00,J1,1095,1159,2254
2018-12-09T09:45:00+09:00,J2,751,725,1476
2018-12-09T09:45:00+09:00,J3,968,828,1796
2018-12-09T09:45:00+09:00,J4,752,889,1641
2018-12-09T09:45:00+09:00,J5,548,535,1083
2018-12-09T10:00:00+09:00,J1,1220,1344,2564
2018-12-09T10:00:00+09:00,J2,741,611,1352
2018-12-09T10:00:00+09:00,J3,914,920,1834
2018-12-09T10:00:00+09:00,J4,811,866,1677
2018-12-09T10:00:00+09:00,J5,586,503,1089
2018-12-09T10:15:00+09:00,J1,1051,1185,2236
2018-12-09T10:15:00+09:00,J2,772,677,1449
2018-12-09T10:15:00+09:00,J3,1012,851,1863
2018-12-09T10:15:00+09:00,J4,878,885,1763
2018-12-09T10:15:00+09:00,J5,482,494,976
2018-12-09T10:30:00+09:00,J1,922,1068,1990
2018-12-09T10:30:00+09:00,J2,703,748,1451
2018-12-09T10:30:00+09:00,J3,1056,939,1995
2018-12-09T10:30:00+09:00,J4,907,926,1833
2018-12-09T10:30:00+09:00,J5,500,501,1001
2018-12-09T10:45:00+09:00,J1,956,1113,2069
2018-12-09T10:45:00+09:00,J2,654,728,1382
2018-12-09T10:45:00+09:00,J3,1039,914,1953
2018-12-09T10:45:00+09:00,J4,836,904,1740
2018-12-09T10:45:00+09:00,J5,483,496,979
2018-12-09T11:00:00+09:00,J1,997,1150,2147
2018-12-09T11:00:00+09:00,J2,760,828,1588
2018-12-09T11:00:00+09:00,J3,1175,1198,2373
2018-12-09T11:00:00+09:00,J4,902,881,1783
2018-12-09T11:00:00+09:00,J5,525,572,1097
2018-12-09T11:15:00+09:00,J1,983,1131,2114
2018-12-09T11:15:00+09:00,J2,871,758,1629
2018-12-09T11:15:00+09:00,J3,1212,1120,2332
2018-12-09T11:15:00+09:00,J4,872,889,1761
2018-12-09T11:15:00+09:00,J5,536,562,1098
2018-12-09T11:30:00+09:00,J1,970,1045,2015
2018-12-09T11:30:00+09:00,J2,918,747,1665
2018-12-09T11:30:00+09:00,J3,1230,1026,2256
2018-12-09T11:30:00+09:00,J4,870,902,1772
2018-12-09T11:30:00+09:00,J5,607,653,1260
2018-12-09T11:45:00+09:00,J1,1007,1217,2224
2018-12-09T11:45:00+09:00,J2,901,764,1665
2018-12-09T11:45:00+09:00,J3,994,1012,2006
2018-12-09T11:45:00+09:00,J4,898,900,1798
2018-12-09T11:45:00+09:00,J5,562,600,1162
2018-12-09T12:00:00+09:00,J1,1003,1101,2104
2018-12-09T12:00:00+09:00,J2,874,694,1568
2018-12-09T12:00:00+09:00,J3,862,1024,1886
2018-12-09T12:00:00+09:00,J4,902,810,1712
2018-12-09T12:00:00+09:00,J5,565,582,1147
2018-12-09T12:15:00+09:00,J1,978,1155,2133
2018-12-09T12:15:00+09:00,J2,885,697,1582
2018-12-09T12:15:00+09:00,J3,1062,1017,2079
2018-12-09T12:15:00+09:00,J4,821,862,1683
2018-12-09T12:15:00+09:00,J5,467,547,1014
2018-12-09T12:30:00+09:00,J1,936,1199,2135
2018-12-09T12:30:00+09:00,J2,897,713,1610
2018-12-09T12:30:00+09:00,J3,1214,946,2160
2018-12-09T12:30:00+09:00,J4,979,987,1966
2018-12-09T12:30:00+09:00,J5,485,449,934
2018-12-09T12:45:00+09:00,J1,919,1162,2081
2018-12-09T12:45:00+09:00,J2,925,765,1690
2018-12-09T12:45:00+09:00,J3,1242,1055,2297
2018-12-09T12:45:00+09:00,J4,915,945,1860
2018-12-09T12:45:00+09:00,J5,547,465,1012
2018-12-09T13:00:00+09:00,J1,1036,1180,2216
2018-12-09T13:00:00+09:00,J2,924,850,1774
2018-12-09T13:00:00+09:00,J3,1269,991,2260
2018-12-09T13:00:00+09:00,J4,998,943,1941
2018-12-09T13:00:00+09:00,J5,437,438,875
2018-12-09T13:15:00+09:00,J1,929,1153,2082
2018-12-09T13:15:00+09:00,J2,956,821,1777
2018-12-09T13:15:00+09:00,J3,1242,1051,2293
2018-12-09T13:15:00+09:00,J4,979,943,1922
2018-12-09T13:15:00+09:00,J5,536,576,1112
2018-12-09T13:30:00+09:00,J1,1020,1240,2260
2018-12-09T13:30:00+09:00,J2,960,800,1760
2018-12-09T13:30:00+09:00,J3,1194,1036,2230
2018-12-09T13:30:00+09:00,J4,986,980,1966
2018-12-09T13:30:00+09:00,J5,536,570,1106
2018-12-09T13:45:00+09:00,J1,1003,1172,2175
2018-12-09T13:45:00+09:00,J2,939,818,1757
2018-12-09T13:45:00+09:00,J3,1171,975,2146
2018-12-09T13:45:00+09:00,J4,931,898,1829
2018-12-09T13:45:00+09:00,J5,537,577,1114
2018-12-09T14:00:00+09:00,J1,858,1151,2009
2018-12-09T14:00:00+09:00,J2,930,825,1755
2018-12-09T14:00:00+09:00,J3,1152,1035,2187
2018-12-09T14:00:00+09:00,J4,912,948,1860
2018-12-09T14:00:00+09:00,J5,554,574,1128
2018-12-09T14:15:00+09:00,J1,1021,1167,2188
2018-12-09T14:15:00+09:00,J2,927,790,1717
2018-12-09T14:15:00+09:00,J3,1293,1082,2375
2018-12-09T14:15:00+09:00,J4,911,923,1834
2018-12-09T14:15:00+09:00,J5,524,591,1115
2018-12-09T14:30:00+09:00,J1,956,1212,2168
2018-12-09T14:30:00+09:00,J2,895,802,1697
2018-12-09T14:30:00+09:00,J3,1184,1006,2190
2018-12-09T14:30:00+09:00,J4,955,914,1869
2018-12-09T14:30:00+09:00,J5,494,532,1026
2018-12-09T14:45:00+09:00,J1,958,1224,2182
2018-12-09T14:45:00+09:00,J2,919,848,1767
2018-12-09T14:45:00+09:00,J3,1350,1103,2453
2018-12-09T14:45:00+09:00,J4,961,881,1842
2018-12-09T14:45:00+09:00,J5,460,491,951
2018-12-09T15:00:00+09:00,J1,1158,1368,2526
2018-12-09T15:00:00+09:00,J2,943,832,1775
2018-12-09T15:00:00+09:00,J3,1225,1056,2281
2018-12-09T15:00:00+09:00,J4,909,1007,1916
2018-12-09T15:00:00+09:00,J5,500,477,977
2018-12-09T15:15:00+09:00,J1,985,1197,2182
2018-12-09T15:15:00+09:00,J2,913,833,1746
2018-12-09T15:15:00+09:00,J3,1200,1129,2329
2018-12-09T15:15:00+09:00,J4,950,1025,1975
2018-12-09T15:15:00+09:00,J5,485,502,987
2018-12-09T15:30:00+09:00,J1,1019,1259,2278
2018-12-09T15:30:00+09:00,J2,943,939,1882
2018-12-09T15:30:00+09:00,J3,1311,1111,2422
2018-12-09T15:30:00+09:00,J4,941,1031,1972
2018-12-09T15:30:00+09:00,J5,478,499,977
2018-12-09T15:45:00+09:00,J1,987,1244,2231
2018-12-09T15:45:00+09:00,J2,1010,873,1883
2018-12-09T15:45:00+09:00,J3,1311,1081,2392
2018-12-09T15:45:00+09:00,J4,913,1080,1993
2018-12-09T15:45:00+09:00,J5,493,529,1022
2018-12-09T16:00:00+09:00,J1,1003,1277,2280
2018-12-09T16:00:00+09:00,J2,926,815,1741
2018-12-09T16:00:00+09:00,J3,1472,1173,2645
2018-12-09T16:00:00+09:00,J4,936,948,1884
2018-12-09T16:00:00+09:00,J5,472,458,930
2018-12-09T16:15:00+09:00,J1,1070,1302,2372
2018-12-09T16:15:00+09:00,J2,854,917,1771
2018-12-09T16:15:00+09:00,J3,1444,1202,2646
2018-12-09T16:15:00+09:00,J4,1026,978,2004
2018-12-09T16:15:00+09:00,J5,550,576,1126
2018-12-09T16:30:00+09:00,J1,1161,1316,2477
2018-12-09T16:30:00+09:00,J2,894,848,1742
2018-12-09T16:30:00+09:00,J3,1369,1146,2515
2018-12-09T16:30:00+09:00,J4,1047,1028,2075
2018-12-09T16:30:00+09:00,J5,505,583,1088
2018-12-09T16:45:00+09:00,J1,930,1138,2068
2018-12-09T16:45:00+09:00,J2,862,884,1746
2018-12-09T16:45:00+09:00,J3,1422,1200,2622
2018-12-09T16:45:00+09:00,J4,1106,1033,2139
2018-12-09T16:45:00+09:00,J5,558,558,1116
2018-12-09T17:00:00+09:00,J1,914,1088,2002
2018-12-09T17:00:00+09:00,J2,814,904,1718
2018-12-09T17:00:00+09:00,J3,1509,1187,2696
2018-12-09T17:00:00+09:00,J4,1059,1092,2151
2018-12-09T17:00:00+09:00,J5,575,611,1186
2018-12-09T17:15:00+09:00,J1,916,1163,2079
2018-12-09T17:15:00+09:00,J2,1006,855,1861
2018-12-09T17:15:00+09:00,J3,1405,1236,2641
2018-12-09T17:15:00+09:00,J4,980,1085,2065
2018-12-09T17:15:00+09:00,J5,503,566,1069
2018-12-09T17:30:00+09:00,J1,1002,1207,2209
2018-12-09T17:30:00+09:00,J2,955,858,1813
2018-12-09T17:30:00+09:00,J3,1438,1208,2646
2018-12-09T17:30:00+09:00,J4,930,990,1920
2018-12-09T17:30:00+09:00,J5,466,458,924
2018-12-09T17:45:00+09:00,J1,1003,1160,2163
2018-12-09T17:45:00+09:00,J2,845,831,1676
2018-12-09T17:45:00+09:00,J3,1346,1268,2614
2018-12-09T17:45:00+09:00,J4,975,1015,1990
2018-12-09T17:45:00+09:00,J5,493,512,1005
2018-12-09T18:00:00+09:00,J1,947,1181,2128
2018-12-09T18:00:00+09:00,J2,968,865,1833
2018-12-09T18:00:00+09:00,J3,1144,851,1995
2018-12-09T18:00:00+09:00,J4,971,978,1949
2018-12-09T18:00:00+09:00,J5,472,535,1007
2018-12-09T18:15:00+09:00,J1,924,1180,2104
2018-12-09T18:15:00+09:00,J2,907,807,1714
2018-12-09T18:15:00+09:00,J3,1032,987,2019
2018-12-09T18:15:00+09:00,J4,1113,989,2102
2018-12-09T18:15:00+09:00,J5,435,494,929
2018-12-09T18:30:00+09:00,J1,1019,1136,2155
2018-12-09T18:30:00+09:00,J2,820,789,1609
2018-12-09T18:30:00+09:00,J3,1028,894,1922
2018-12-09T18:30:00+09:00,J4,1010,866,1876
2018-12-09T18:30:00+09:00,J5,420,466,886
2018-12-09T18:45:00+09:00,J1,979,1138,2117
2018-12-09T18:45:00+09:00,J2,775,798,1573
2018-12-09T18:45:00+09:00,J3,1001,920,1921
2018-12-09T18:45:00+09:00,J4,903,870,1773
2018-12-09T18:45:00+09:00,J5,403,403,806
2018-12-09T19:00:00+09:00,J1,952,1080,2032
2018-12-09T19:00:00+09:00,J2,879,800,1679
2018-12-09T19:00:00+09:00,J3,990,918,1908
2018-12-09T19:00:00+09:00,J4,784,793,1577
2018-12-09T19:00:00+09:00,J5,460,474,934
2018-12-09T19:15:00+09:00,J1,951,1097,2048
2018-12-09T19:15:00+09:00,J2,701,722,1423
2018-12-09T19:15:00+09:00,J3,987,874,1861
2018-12-09T19:15:00+09:00,J4,825,772,1597
2018-12-09T19:15:00+09:00,J5,438,468,906
2018-12-09T19:30:00+09:00,J1,944,1053,1997
2018-12-09T19:30:00+09:00,J2,660,664,1324
2018-12-09T19:30:00+09:00,J3,957,902,1859
2018-12-09T19:30:00+09:00,J4,633,681,1314
2018-12-09T19:30:00+09:00,J5,497,490,987
2018-12-09T19:45:00+09:00,J1,932,1157,2089
2018-12-09T19:45:00+09:00,J2,711,672,1383
2018-12-09T19:45:00+09:00,J3,900,884,1784
2018-12-09T19:45:00+09:00,J4,715,766,1481
2018-12-09T19:45:00+09:00,J5,495,457,952
2018-12-09T20:00:00+09:00,J1,1046,1142,2188
2018-12-09T20:00:00+09:00,J2,712,679,1391
2018-12-09T20:00:00+09:00,J3,960,843,1803
2018-12-09T20:00:00+09:00,J4,720,723,1443
2018-12-09T20:00:00+09:00,J5,533,547,1080
2018-12-09T20:15:00+09:00,J1,921,1068,1989
2018-12-09T20:15:00+09:00,J2,674,673,1347
2018-12-09T20:15:00+09:00,J3,914,843,1757
2018-12-09T20:15:00+09:00,J4,807,733,1540
2018-12-09T20:15:00+09:00,J5,459,490,949
2018-12-09T20:30:00+09:00,J1,903,1109,2012
2018-12-09T20:30:00+09:00,J2,764,654,1418
2018-12-09T20:30:00+09:00,J3,843,823,1666
2018-12-09T20:30:00+09:00,J4,866,813,1679
2018-12-09T20:30:00+09:00,J5,468,463,931
2018-12-09T20:45:00+09:00,J1,983,1039,2022
2018-12-09T20:45:00+09:00,J2,848,679,1527
2018-12-09T20:45:00+09:00,J3,888,804,1692
2018-12-09T20:45:00+09:00,J4,700,780,1480
2018-12-09T20:45:00+09:00,J5,472,436,908
2018-12-09T21:00:00+09:00,J1,1187,1266,2453
2018-12-09T21:00:00+09:00,J2,730,666,1396
2018-12-09T21:00:00+09:00,J3,890,800,1690
2018-12-09T21:00:00+09:00,J4,887,790,1677
2018-12-09T21:00:00+09:00,J5,445,476,921
2018-12-09T21:15:00+09:00,J1,1019,1091,2110
2018-12-09T21:15:00+09:00,J2,783,677,1460
2018-12-09T21:15:00+09:00,J3,979,964,1943
2018-12-09T21:15:00+09:00,J4,863,825,1688
2018-12-09T21:15:00+09:00,J5,542,493,1035
2018-12-09T21:30:00+09:00,J1,993,1114,2107
2018-12-09T21:30:00+09:00,J2,738,629,1367
2018-12-09T21:30:00+09:00,J3,904,980,1884
2018-12-09T21:30:00+09:00,J4,824,797,1621
2018-12-09T21:30:00+09:00,J5,551,481,1032
2018-12-09T21:45:00+09:00,J1,1065,1080,2145
2018-12-09T21:45:00+09:00,J2,661,660,1321
2018-12-09T21:45:00+09:00,J3,991,931,1922
2018-12-09T21:45:00+09:00,J4,871,772,1643
2018-12-09T21:45:00+09:00,J5,615,555,1170
2018-12-09T22:00:00+09:00,J1,1157,1204,2361
2018-12-09T22:00:00+09:00,J2,604,719,1323
2018-12-09T22:00:00+09:00,J3,1052,847,1899
2018-12-09T22:00:00+09:00,J4,786,817,1603
2018-12-09T22:00:00+09:00,J5,624,537,1161
2018-12-09T22:15:00+09:00,J1,1183,1240,2423
2018-12-09T22:15:00+09:00,J2,701,745,1446
2018-12-09T22:15:00+09:00,J3,943,822,1765
2018-12-09T22:15:00+09:00,J4,816,735,1551
2018-12-09T22:15:00+09:00,J5,577,562,1139
2018-12-09T22:30:00+09:00,J1,1123,1196,2319
2018-12-09T22:30:00+09:00,J2,673,712,1385
2018-12-09T22:30:00+09:00,J3,848,731,1579
2018-12-09T22:30:00+09:00,J4,733,773,1506
2018-12-09T22:30:00+09:00,J5,563,590,1153
2018-12-09T22:45:00+09:00,J1,1026,1235,2261
2018-12-09T22:45:00+09:00,J2,635,709,1344
2018-12-09T22:45:00+09:00,J3,748,713,1461
2018-12-09T22:45:00+09:00,J4,854,763,1617
2018-12-09T22:45:00+09:00,J5,501,570,1071
2018-12-09T23:00:00+09:00,J1,992,1037,2029
2018-12-09T23:00:00+09:00,J2,830,749,1579
2018-12-09T23:00:00+09:00,J3,718,672,1390
2018-12-09T23:00:00+09:00,J4,849,834,1683
2018-12-09T23:00:00+09:00,J5,549,584,1133
2018-12-09T23:15:00+09:00,J1,1206,1232,2438
2018-12-09T23:15:00+09:00,J2,653,756,1409
2018-12-09T23:15:00+09:00,J3,813,759,1572
2018-12-09T23:15:00+09:00,J4,816,843,1659
2018-12-09T23:15:00+09:00,J5,502,578,1080
2018-12-09T23:30:00+09:00,J1,1080,1149,2229
2018-12-09T23:30:00+09:00,J2,603,726,1329
2018-12-09T23:30:00+09:00,J3,823,778,1601
2018-12-09T23:30:00+09:00,J4,722,708,1430
2018-12-09T23:30:00+09:00,J5,581,590,1171
2018-12-09T23:45:00+09:00,J1,1081,1095,2176
2018-12-09T23:45:00+09:00,J2,525,623,1148
2018-12-09T23:45:00+09:00,J3,805,678,1483
2018-12-09T23:45:00+09:00,J4,776,706,1482
2018-12-09T23:45:00+09:00,J5,573,569,1142
2018-12-10T00:00:00+09:00,J1,858,860,1718
2018-12-10T00:00:00+09:00,J2,597,605,1202
2018-12-10T00:00:00+09:00,J3,756,626,1382
2018-12-10T00:00:00+09:00,J4,816,733,1549
2018-12-10T00:00:00+09:00,J5,568,609,1177
2018-12-10T00:15:00+09:00,J1,698,718,1416
2018-12-10T00:15:00+09:00,J2,496,580,1076
2018-12-10T00:15:00+09:00,J3,493,431,924
2018-12-10T00:15:00+09:00,J4,707,621,1328
2018-12-10T00:15:00+09:00,J5,520,536,1056
2018-12-10T00:30:00+09:00,J1,536,583,1119
2018-12-10T00:30:00+09:00,J2,433,530,963
2018-12-10T00:30:00+09:00,J3,440,437,877
2018-12-10T00:30:00+09:00,J4,413,379,792
2018-12-10T00:30:00+09:00,J5,629,595,1224
2018-12-10T00:45:00+09:00,J1,599,630,1229
2018-12-10T00:45:00+09:00,J2,489,546,1035
2018-12-10T00:45:00+09:00,J3,472,414,886
2018-12-10T00:45:00+09:00,J4,416,362,778
2018-12-10T00:45:00+09:00,J5,626,586,1212
2018-12-10T05:45:00+09:00,J1,817,770,1587
2018-12-10T05:45:00+09:00,J2,399,430,829
2018-12-10T05:45:00+09:00,J3,824,730,1554
2018-12-10T05:45:00+09:00,J4,411,421,832
2018-12-10T05:45:00+09:00,J5,614,615,1229
2018-12-10T06:00:00+09:00,J1,725,705,1430
2018-12-10T06:00:00+09:00,J2,415,458,873
2018-12-10T06:00:00+09:00,J3,699,723,1422
2018-12-10T06:00:00+09:00,J4,472,485,957
2018-12-10T06:00:00+09:00,J5,591,587,1178
2018-12-10T06:15:00+09:00,J1,955,993,1948
2018-12-10T06:15:00+09:00,J2,458,508,966
2018-12-10T06:15:00+09:00,J3,693,678,1371
2018-12-10T06:15:00+09:00,J4,561,625,1186
2018-12-10T06:15:00+09:00,J5,564,499,1063
2018-12-10T06:30:00+09:00,J1,1032,1087,2119
2018-12-10T06:30:00+09:00,J2,457,456,913
2018-12-10T06:30:00+09:00,J3,573,640,1213
2018-12-10T06:30:00+09:00,J4,549,672,1221
2018-12-10T06:30:00+09:00,J5,567,536,1103
2018-12-10T06:45:00+09:00,J1,1082,1053,2135
2018-12-10T06:45:00+09:00,J2,554,593,1147
2018-12-10T06:45:00+09:00,J3,712,638,1350
2018-12-10T06:45:00+09:00,J4,695,721,1416
2018-12-10T06:45:00+09:00,J5,591,614,1205
2018-12-10T07:00:00+09:00,J1,1143,1231,2374
2018-12-10T07:00:00+09:00,J2,648,656,1304
2018-12-10T07:00:00+09:00,J3,814,737,1551
2018-12-10T07:00:00+09:00,J4,778,783,1561
2018-12-10T07:00:00+09:00,J5,650,638,1288
2018-12-10T07:15:00+09:00,J1,1257,1230,2487
2018-12-10T07:15:00+09:00,J2,805,707,1512
2018-12-10T07:15:00+09:00,J3,850,836,1686
2018-12-10T07:15:00+09:00,J4,758,807,1565
2018-12-10T07:15:00+09:00,J5,731,642,1373
2018-12-10T07:30:00+09:00,J1,1197,1165,2362
2018-12-10T07:30:00+09:00,J2,706,667,1373
2018-12-10T07:30:00+09:00,J3,1252,1102,2354
2018-12-10T07:30:00+09:00,J4,699,854,1553
2018-12-10T07:30:00+09:00,J5,636,619,1255
2018-12-10T07:45:00+09:00,J1,1221,1310,2531
2018-12-10T07:45:00+09:00,J2,712,660,1372
2018-12-10T07:45:00+09:00,J3,1210,1290,2500
2018-12-10T07:45:00+09:00,J4,756,1086,1842
2018-12-10T07:45:00+09:00,J5,751,707,1458
2018-12-10T08:00:00+09:00,J1,1047,1076,2123
2018-12-10T08:00:00+09:00,J2,910,653,1563
2018-12-10T08:00:00+09:00,J3,1430,1368,2798
2018-12-10T08:00:00+09:00,J4,863,1214,2077
2018-12-10T08:00:00+09:00,J5,688,755,1443
2018-12-10T08:15:00+09:00,J1,1144,1061,2205
2018-12-10T08:15:00+09:00,J2,1057,655,1712
2018-12-10T08:15:00+09:00,J3,1305,1381,2686
2018-12-10T08:15:00+09:00,J4,861,1266,2127
2018-12-10T08:15:00+09:00,J5,706,769,1475
2018-12-10T08:30:00+09:00,J1,1154,1082,2236
2018-12-10T08:30:00+09:00,J2,1042,762,1804
2018-12-10T08:30:00+09:00,J3,1165,1410,2575
2018-12-10T08:30:00+09:00,J4,794,1227,2021
2018-12-10T08:30:00+09:00,J5,670,781,1451
2018-12-10T08:45:00+09:00,J1,1053,1077,2130
2018-12-10T08:45:00+09:00,J2,876,755,1631
2018-12-10T08:45:00+09:00,J3,1193,1263,2456
2018-12-10T08:45:00+09:00,J4,795,1117,1912
2018-12-10T08:45:00+09:00,J5,629,675,1304
2018-12-10T09:00:00+09:00,J1,1001,1009,2010
2018-12-10T09:00:00+09:00,J2,813,673,1486
2018-12-10T09:00:00+09:00,J3,1112,1065,2177
2018-12-10T09:00:00+09:00,J4,719,972,1691
2018-12-10T09:00:00+09:00,J5,598,569,1167
2018-12-10T09:15:00+09:00,J1,939,988,1927
2018-12-10T09:15:00+09:00,J2,845,625,1470
2018-12-10T09:15:00+09:00,J3,927,976,1903
2018-12-10T09:15:00+09:00,J4,786,1015,1801
2018-12-10T09:15:00+09:00,J5,653,655,1308
2018-12-10T09:30:00+09:00,J1,995,990,1985
2018-12-10T09:30:00+09:00,J2,788,613,1401
2018-12-10T09:30:00+09:00,J3,1036,845,1881
2018-12-10T09:30:00+09:00,J4,739,1016,1755
2018-12-10T09:30:00+09:00,J5,609,522,1131
2018-12-10T09:45:00+09:00,J1,1067,1042,2109
2018-12-10T09:45:00+09:00,J2,739,658,1397
2018-12-10T09:45:00+09:00,J3,1087,1037,2124
2018-12-10T09:45:00+09:00,J4,721,815,1536
2018-12-10T09:45:00+09:00,J5,685,647,1332
2018-12-10T10:00:00+09:00,J1,968,1020,1988
2018-12-10T10:00:00+09:00,J2,678,707,1385
2018-12-10T10:00:00+09:00,J3,1145,1066,2211
2018-12-10T10:00:00+09:00,J4,607,730,1337
2018-12-10T10:00:00+09:00,J5,736,700,1436
2018-12-10T10:15:00+09:00,J1,997,982,1979
2018-12-10T10:15:00+09:00,J2,773,741,1514
2018-12-10T10:15:00+09:00,J3,986,927,1913
2018-12-10T10:15:00+09:00,J4,607,800,1407
2018-12-10T10:15:00+09:00,J5,712,731,1443
2018-12-10T10:30:00+09:00,J1,928,1016,1944
2018-12-10T10:30:00+09:00,J2,799,814,1613
2018-12-10T10:30:00+09:00,J3,1062,945,2007
2018-12-10T10:30:00+09:00,J4,669,868,1537
2018-12-10T10:30:00+09:00,J5,814,828,1642
2018-12-10T10:45:00+09:00,J1,960,1061,2021
2018-12-10T10:45:00+09:00,J2,738,765,1503
2018-12-10T10:45:00+09:00,J3,1151,1122,2273
2018-12-10T10:45:00+09:00,J4,772,859,1631
2018-12-10T10:45:00+09:00,J5,620,625,1245
2018-12-10T11:00:00+09:00,J1,935,1088,2023
2018-12-10T11:00:00+09:00,J2,774,793,1567
2018-12-10T11:00:00+09:00,J3,1192,1148,2340
2018-12-10T11:00:00+09:00,J4,664,803,1467
2018-12-10T11:00:00+09:00,J5,544,544,1088
2018-12-10T11:15:00+09:00,J1,908,1087,1995
2018-12-10T11:15:00+09:00,J2,850,768,1618
2018-12-10T11:15:00+09:00,J3,1355,1253,2608
2018-12-10T11:15:00+09:00,J4,743,810,1553
2018-12-10T11:15:00+09:00,J5,663,634,1297
2018-12-10T11:30:00+09:00,J1,1078,1119,2197
2018-12-10T11:30:00+09:00,J2,903,734,1637
2018-12-10T11:30:00+09:00,J3,1380,1160,2540
2018-12-10T11:30:00+09:00,J4,756,891,1647
2018-12-10T11:30:00+09:00,J5,665,655,1320
2018-12-10T11:45:00+09:00,J1,959,1126,2085
2018-12-10T11:45:00+09:00,J2,845,704,1549
2018-12-10T11:45:00+09:00,J3,1298,1214,2512
2018-12-10T11:45:00+09:00,J4,810,893,1703
2018-12-10T11:45:00+09:00,J5,606,690,1296
2018-12-10T12:00:00+09:00,J1,953,1043,1996
2018-12-10T12:00:00+09:00,J2,873,695,1568
2018-12-10T12:00:00+09:00,J3,1343,1299,2642
2018-12-10T12:00:00+09:00,J4,1098,1019,2117
2018-12-10T12:00:00+09:00,J5,686,705,1391
2018-12-10T12:15:00+09:00,J1,924,1172,2096
2018-12-10T12:15:00+09:00,J2,845,743,1588
2018-12-10T12:15:00+09:00,J3,1256,1084,2340
2018-12-10T12:15:00+09:00,J4,993,1019,2012
2018-12-10T12:15:00+09:00,J5,622,720,1342
2018-12-10T12:30:00+09:00,J1,885,1161,2046
2018-12-10T12:30:00+09:00,J2,888,657,1545
2018-12-10T12:30:00+09:00,J3,1326,1161,2487
2018-12-10T12:30:00+09:00,J4,933,1012,1945
2018-12-10T12:30:00+09:00,J5,577,601,1178
2018-12-10T12:45:00+09:00,J1,902,1057,1959
2018-12-10T12:45:00+09:00,J2,826,694,1520
2018-12-10T12:45:00+09:00,J3,1215,1197,2412
2018-12-10T12:45:00+09:00,J4,929,918,1847
2018-12-10T12:45:00+09:00,J5,553,559,1112
2018-12-10T13:00:00+09:00,J1,959,1118,2077
2018-12-10T13:00:00+09:00,J2,844,724,1568
2018-12-10T13:00:00+09:00,J3,1178,1123,2301
2018-12-10T13:00:00+09:00,J4,942,927,1869
2018-12-10T13:00:00+09:00,J5,612,608,1220
2018-12-10T13:15:00+09:00,J1,952,1149,2101
2018-12-10T13:15:00+09:00,J2,884,665,1549
2018-12-10T13:15:00+09:00,J3,1193,1277,2470
2018-12-10T13:15:00+09:00,J4,1013,904,1917
2018-12-10T13:15:00+09:00,J5,665,640,1305
2018-12-10T13:30:00+09:00,J1,928,1210,2138
2018-12-10T13:30:00+09:00,J2,810,765,1575
2018-12-10T13:30:00+09:00,J3,1174,1219,2393
2018-12-10T13:30:00+09:00,J4,941,977,1918
2018-12-10T13:30:00+09:00,J5,581,583,1164
2018-12-10T13:45:00+09:00,J1,1045,1257,2302
2018-12-10T13:45:00+09:00,J2,893,750,1643
2018-12-10T13:45:00+09:00,J3,1181,1184,2365
2018-12-10T13:45:00+09:00,J4,910,965,1875
2018-12-10T13:45:00+09:00,J5,556,622,1178
2018-12-10T14:00:00+09:00,J1,1261,1430,2691
2018-12-10T14:00:00+09:00,J2,823,759,1582
2018-12-10T14:00:00+09:00,J3,1190,1163,2353
2018-12-10T14:00:00+09:00,J4,933,882,1815
2018-12-10T14:00:00+09:00,J5,595,589,1184
2018-12-10T14:15:00+09:00,J1,1282,1384,2666
2018-12-10T14:15:00+09:00,J2,926,777,1703
2018-12-10T14:15:00+09:00,J3,1144,965,2109
2018-12-10T14:15:00+09:00,J4,1010,900,1910
2018-12-10T14:15:00+09:00,J5,563,592,1155
2018-12-10T14:30:00+09:00,J1,1322,1364,2686
2018-12-10T14:30:00+09:00,J2,829,752,1581
2018-12-10T14:30:00+09:00,J3,1112,940,2052
2018-12-10T14:30:00+09:00,J4,982,908,1890
2018-12-10T14:30:00+09:00,J5,444,561,1005
2018-12-10T14:45:00+09:00,J1,1317,1396,2713
2018-12-10T14:45:00+09:00,J2,816,770,1586
2018-12-10T14:45:00+09:00,J3,1138,1070,2208
2018-12-10T14:45:00+09:00,J4,959,890,1849
2018-12-10T14:45:00+09:00,J5,504,581,1085
2018-12-10T15:00:00+09:00,J1,1340,1471,2811
2018-12-10T15:00:00+09:00,J2,868,773,1641
2018-12-10T15:00:00+09:00,J3,1150,1133,2283
2018-12-10T15:00:00+09:00,J4,954,956,1910
2018-12-10T15:00:00+09:00,J5,529,531,1060
2018-12-10T15:15:00+09:00,J1,1235,1410,2645
2018-12-10T15:15:00+09:00,J2,861,740,1601
2018-12-10T15:15:00+09:00,J3,1238,1207,2445
2018-12-10T15:15:00+09:00,J4,983,914,1897
2018-12-10T15:15:00+09:00,J5,499,549,1048
2018-12-10T15:30:00+09:00,J1,1225,1421,2646
2018-12-10T15:30:00+09:00,J2,869,839,1708
2018-12-10T15:30:00+09:00,J3,1170,1083,2253
2018-12-10T15:30:00+09:00,J4,953,944,1897
2018-12-10T15:30:00+09:00,J5,535,583,1118
2018-12-10T15:45:00+09:00,J1,1325,1410,2735
2018-12-10T15:45:00+09:00,J2,817,754,1571
2018-12-10T15:45:00+09:00,J3,1097,975,2072
2018-12-10T15:45:00+09:00,J4,997,888,1885
2018-12-10T15:45:00+09:00,J5,554,614,1168
2018-12-10T16:00:00+09:00,J1,1284,1491,2775
2018-12-10T16:00:00+09:00,J2,864,832,1696
2018-12-10T16:00:00+09:00,J3,1091,917,2008
2018-12-10T16:00:00+09:00,J4,905,929,1834
2018-12-10T16:00:00+09:00,J5,449,526,975
2018-12-10T16:15:00+09:00,J1,1230,1509,2739
2018-12-10T16:15:00+09:00,J2,885,824,1709
2018-12-10T16:15:00+09:00,J3,1157,1020,2177
2018-12-10T16:15:00+09:00,J4,922,960,1882
2018-12-10T16:15:00+09:00,J5,455,532,987
2018-12-10T16:30:00+09:00,J1,1198,1436,2634
2018-12-10T16:30:00+09:00,J2,840,860,1700
2018-12-10T16:30:00+09:00,J3,1292,1132,2424
2018-12-10T16:30:00+09:00,J4,986,995,1981
2018-12-10T16:30:00+09:00,J5,480,553,1033
2018-12-10T16:45:00+09:00,J1,1312,1390,2702
2018-12-10T16:45:00+09:00,J2,817,764,1581
2018-12-10T16:45:00+09:00,J3,1299,1286,2585
2018-12-10T16:45:00+09:00,J4,964,963,1927
2018-12-10T16:45:00+09:00,J5,517,543,1060
2018-12-10T17:00:00+09:00,J1,1262,1458,2720
2018-12-10T17:00:00+09:00,J2,945,810,1755
2018-12-10T17:00:00+09:00,J3,1582,1282,2864
2018-12-10T17:00:00+09:00,J4,1053,1030,2083
2018-12-10T17:00:00+09:00,J5,594,614,1208
2018-12-10T17:15:00+09:00,J1,1247,1419,2666
2018-12-10T17:15:00+09:00,J2,997,839,1836
2018-12-10T17:15:00+09:00,J3,1358,1157,2515
2018-12-10T17:15:00+09:00,J4,964,919,1883
2018-12-10T17:15:00+09:00,J5,739,742,1481
2018-12-10T17:30:00+09:00,J1,1225,1454,2679
2018-12-10T17:30:00+09:00,J2,1090,899,1989
2018-12-10T17:30:00+09:00,J3,1480,1205,2685
2018-12-10T17:30:00+09:00,J4,1000,1050,2050
2018-12-10T17:30:00+09:00,J5,839,819,1658
2018-12-10T17:45:00+09:00,J1,1116,1333,2449
2018-12-10T17:45:00+09:00,J2,1052,966,2018
2018-12-10T17:45:00+09:00,J3,1455,1330,2785
2018-12-10T17:45:00+09:00,J4,1073,1021,2094
2018-12-10T17:45:00+09:00,J5,802,848,1650
2018-12-10T18:00:00+09:00,J1,1052,1269,2321
2018-12-10T18:00:00+09:00,J2,1008,894,1902
2018-12-10T18:00:00+09:00,J3,1478,1248,2726
2018-12-10T18:00:00+09:00,J4,1117,1083,2200
2018-12-10T18:00:00+09:00,J5,854,858,1712
2018-12-10T18:15:00+09:00,J1,1051,1161,2212
2018-12-10T18:15:00+09:00,J2,934,856,1790
2018-12-10T18:15:00+09:00,J3,1462,1212,2674
2018-12-10T18:15:00+09:00,J4,1295,1096,2391
2018-12-10T18:15:00+09:00,J5,825,896,1721
2018-12-10T18:30:00+09:00,J1,1001,1155,2156
2018-12-10T18:30:00+09:00,J2,887,836,1723
2018-12-10T18:30:00+09:00,J3,1336,1147,2483
2018-12-10T18:30:00+09:00,J4,1183,970,2153
2018-12-10T18:30:00+09:00,J5,790,927,1717
2018-12-10T18:45:00+09:00,J1,1034,1176,2210
2018-12-10T18:45:00+09:00,J2,875,846,1721
2018-12-10T18:45:00+09:00,J3,1269,1123,2392
2018-12-10T18:45:00+09:00,J4,1016,901,1917
2018-12-10T18:45:00+09:00,J5,775,834,1609
2018-12-10T19:00:00+09:00,J1,908,1151,2059
2018-12-10T19:00:00+09:00,J2,776,784,1560
2018-12-10T19:00:00+09:00,J3,1162,1031,2193
2018-12-10T19:00:00+09:00,J4,949,781,1730
2018-12-10T19:00:00+09:00,J5,801,811,1612
2018-12-10T19:15:00+09:00,J1,968,1142,2110
2018-12-10T19:15:00+09:00,J2,718,641,1359
2018-12-10T19:15:00+09:00,J3,1175,931,2106
2018-12-10T19:15:00+09:00,J4,1019,901,1920
2018-12-10T19:15:00+09:00,J5,726,837,1563
2018-12-10T19:30:00+09:00,J1,1001,1100,2101
2018-12-10T19:30:00+09:00,J2,579,733,1312
2018-12-10T19:30:00+09:00,J3,1151,954,2105
2018-12-10T19:30:00+09:00,J4,896,930,1826
2018-12-10T19:30:00+09:00,J5,703,812,1515
2018-12-10T19:45:00+09:00,J1,973,1126,2099
2018-12-10T19:45:00+09:00,J2,676,659,1335
2018-12-10T19:45:00+09:00,J3,1116,983,2099
2018-12-10T19:45:00+09:00,J4,874,835,1709
2018-12-10T19:45:00+09:00,J5,746,696,1442
2018-12-10T20:00:00+09:00,J1,976,1117,2093
2018-12-10T20:00:00+09:00,J2,683,732,1415
2018-12-10T20:00:00+09:00,J3,1070,932,2002
2018-12-10T20:00:00+09:00,J4,827,713,1540
2018-12-10T20:00:00+09:00,J5,705,729,1434
2018-12-10T20:15:00+09:00,J1,1040,1126,2166
2018-12-10T20:15:00+09:00,J2,711,729,1440
2018-12-10T20:15:00+09:00,J3,1115,913,2028
2018-12-10T20:15:00+09:00,J4,960,788,1748
2018-12-10T20:15:00+09:00,J5,711,725,1436
2018-12-10T20:30:00+09:00,J1,966,1152,2118
2018-12-10T20:30:00+09:00,J2,596,666,1262
2018-12-10T20:30:00+09:00,J3,1088,995,2083
2018-12-10T20:30:00+09:00,J4,1004,860,1864
2018-12-10T20:30:00+09:00,J5,695,637,1332
2018-12-10T20:45:00+09:00,J1,991,1193,2184
2018-12-10T20:45:00+09:00,J2,614,604,1218
2018-12-10T20:45:00+09:00,J3,1036,913,1949
2018-12-10T20:45:00+09:00,J4,977,815,1792
2018-12-10T20:45:00+09:00,J5,678,575,1253
2018-12-10T21:00:00+09:00,J1,976,1224,2200
2018-12-10T21:00:00+09:00,J2,600,624,1224
2018-12-10T21:00:00+09:00,J3,1008,836,1844
2018-12-10T21:00:00+09:00,J4,982,805,1787
2018-12-10T21:00:00+09:00,J5,684,623,1307
2018-12-10T21:15:00+09:00,J1,1155,1194,2349
2018-12-10T21:15:00+09:00,J2,609,594,1203
2018-12-10T21:15:00+09:00,J3,1009,981,1990
2018-12-10T21:15:00+09:00,J4,867,863,1730
2018-12-10T21:15:00+09:00,J5,655,704,1359
2018-12-10T21:30:00+09:00,J1,1126,1239,2365
2018-12-10T21:30:00+09:00,J2,737,713,1450
2018-12-10T21:30:00+09:00,J3,1029,952,1981
2018-12-10T21:30:00+09:00,J4,904,785,1689
2018-12-10T21:30:00+09:00,J5,670,685,1355
2018-12-10T21:45:00+09:00,J1,1088,1304,2392
2018-12-10T21:45:00+09:00,J2,736,652,1388
2018-12-10T21:45:00+09:00,J3,945,901,1846
2018-12-10T21:45:00+09:00,J4,881,748,1629
2018-12-10T21:45:00+09:00,J5,561,634,1195
2018-12-10T22:00:00+09:00,J1,1035,1174,2209
2018-12-10T22:00:00+09:00,J2,713,650,1363
2018-12-10T22:00:00+09:00,J3,1015,954,1969
2018-12-10T22:00:00+09:00,J4,848,843,1691
2018-12-10T22:00:00+09:00,J5,514,580,1094
2018-12-10T22:15:00+09:00,J1,1215,1262,2477
2018-12-10T22:15:00+09:00,J2,567,619,1186
2018-12-10T22:15:00+09:00,J3,1048,805,1853
2018-12-10T22:15:00+09:00,J4,830,795,1625
2018-12-10T22:15:00+09:00,J5,557,543,1100
2018-12-10T22:30:00+09:00,J1,1053,1158,2211
2018-12-10T22:30:00+09:00,J2,593,710,1303
2018-12-10T22:30:00+09:00,J3,972,892,1864
2018-12-10T22:30:00+09:00,J4,888,901,1789
2018-12-10T22:30:00+09:00,J5,517,572,1089
2018-12-10T22:45:00+09:00,J1,1147,1293,2440
2018-12-10T22:45:00+09:00,J2,642,683,1325
2018-12-10T22:45:00+09:00,J3,924,795,1719
2018-12-10T22:45:00+09:00,J4,820,813,1633
2018-12-10T22:45:00+09:00,J5,527,506,1033
2018-12-10T23:00:00+09:00,J1,1169,1233,2402
2018-12-10T23:00:00+09:00,J2,692,739,1431
2018-12-10T23:00:00+09:00,J3,939,699,1638
2018-12-10T23:00:00+09:00,J4,851,753,1604
2018-12-10T23:00:00+09:00,J5,479,562,1041
2018-12-10T23:15:00+09:00,J1,1162,1280,2442
2018-12-10T23:15:00+09:00,J2,694,755,1449
2018-12-10T23:15:00+09:00,J3,834,669,1503
2018-12-10T23:15:00+09:00,J4,880,896,1776
2018-12-10T23:15:00+09:00,J5,604,588,1192
2018-12-10T23:30:00+09:00,J1,1042,1201,2243
2018-12-10T23:30:00+09:00,J2,632,689,1321
2018-12-10T23:30:00+09:00,J3,838,759,1597
2018-12-10T23:30:00+09:00,J4,734,815,1549
2018-12-10T23:30:00+09:00,J5,588,567,1155
2018-12-10T23:45:00+09:00,J1,1121,1243,2364
2018-12-10T23:45:00+09:00,J2,493,575,1068
2018-12-10T23:45:00+09:00,J3,883,688,1571
2018-12-10T23:45:00+09:00,J4,760,728,1488
2018-12-10T23:45:00+09:00,J5,555,533,1088
2018-12-11T00:00:00+09:00,J1,968,1037,2005
2018-12-11T00:00:00+09:00,J2,609,634,1243
2018-12-11T00:00:00+09:00,J3,756,566,1322
2018-12-11T00:00:00+09:00,J4,673,650,1323
2018-12-11T00:00:00+09:00,J5,472,528,1000
2018-12-11T00:15:00+09:00,J1,673,669,1342
2018-12-11T00:15:00+09:00,J2,495,490,985
2018-12-11T00:15:00+09:00,J3,534,534,1068
2018-12-11T00:15:00+09:00,J4,568,542,1110
2018-12-11T00:15:00+09:00,J5,592,664,1256
2018-12-11T00:30:00+09:00,J1,707,621,1328
2018-12-11T00:30:00+09:00,J2,430,521,951
2018-12-11T00:30:00+09:00,J3,471,497,968
2018-12-11T00:30:00+09:00,J4,449,418,867
2018-12-11T00:30:00+09:00,J5,671,660,1331
2018-12-11T00:45:00+09:00,J1,737,723,1460
2018-12-11T00:45:00+09:00,J2,452,489,941
2018-12-11T00:45:00+09:00,J3,519,430,949
2018-12-11T00:45:00+09:00,J4,420,368,788
2018-12-11T00:45:00+09:00,J5,619,590,1209
2018-12-11T05:45:00+09:00,J1,662,679,1341
2018-12-11T05:45:00+09:00,J2,334,393,727
2018-12-11T05:45:00+09:00,J3,673,631,1304
2018-12-11T05:45:00+09:00,J4,444,455,899
2018-12-11T05:45:00+09:00,J5,551,561,1112
2018-12-11T06:00:00+09:00,J1,679,714,1393
2018-12-11T06:00:00+09:00,J2,360,394,754
2018-12-11T06:00:00+09:00,J3,702,602,1304
2018-12-11T06:00:00+09:00,J4,425,446,871
2018-12-11T06:00:00+09:00,J5,526,520,1046
2018-12-11T06:15:00+09:00,J1,786,825,1611
2018-12-11T06:15:00+09:00,J2,347,362,709
2018-12-11T06:15:00+09:00,J3,572,583,1155
2018-12-11T06:15:00+09:00,J4,570,647,1217
2018-12-11T06:15:00+09:00,J5,540,526,1066
2018-12-11T06:30:00+09:00,J1,1033,1082,2115
2018-12-11T06:30:00+09:00,J2,358,408,766
2018-12-11T06:30:00+09:00,J3,573,566,1139
2018-12-11T06:30:00+09:00,J4,538,537,1075
2018-12-11T06:30:00+09:00,J5,562,512,1074
2018-12-11T06:45:00+09:00,J1,1036,1050,2086
2018-12-11T06:45:00+09:00,J2,458,444,902
2018-12-11T06:45:00+09:00,J3,707,577,1284
2018-12-11T06:45:00+09:00,J4,578,707,1285
2018-12-11T06:45:00+09:00,J5,497,505,1002
2018-12-11T07:00:00+09:00,J1,873,900,1773
2018-12-11T07:00:00+09:00,J2,519,511,1030
2018-12-11T07:00:00+09:00,J3,789,646,1435
2018-12-11T07:00:00+09:00,J4,645,753,1398
2018-12-11T07:00:00+09:00,J5,532,570,1102
2018-12-11T07:15:00+09:00,J1,931,996,1927
2018-12-11T07:15:00+09:00,J2,563,500,1063
2018-12-11T07:15:00+09:00,J3,839,769,1608
2018-12-11T07:15:00+09:00,J4,667,701,1368
2018-12-11T07:15:00+09:00,J5,639,595,1234
2018-12-11T07:30:00+09:00,J1,960,1008,1968
2018-12-11T07:30:00+09:00,J2,579,509,1088
2018-12-11T07:30:00+09:00,J3,1139,1075,2214
2018-12-11T07:30:00+09:00,J4,697,840,1537
2018-12-11T07:30:00+09:00,J5,519,517,1036
2018-12-11T07:45:00+09:00,J1,1209,1211,2420
2018-12-11T07:45:00+09:00,J2,625,538,1163
2018-12-11T07:45:00+09:00,J3,1239,1258,2497
2018-12-11T07:45:00+09:00,J4,668,952,1620
2018-12-11T07:45:00+09:00,J5,543,480,1023
2018-12-11T08:00:00+09:00,J1,1198,1158,2356
2018-12-11T08:00:00+09:00,J2,736,522,1258
2018-12-11T08:00:00+09:00,J3,1500,1371,2871
2018-12-11T08:00:00+09:00,J4,704,992,1696
2018-12-11T08:00:00+09:00,J5,542,504,1046
2018-12-11T08:15:00+09:00,J1,1052,1038,2090
2018-12-11T08:15:00+09:00,J2,753,542,1295
2018-12-11T08:15:00+09:00,J3,1479,1431,2910
2018-12-11T08:15:00+09:00,J4,777,1270,2047
2018-12-11T08:15:00+09:00,J5,544,499,1043
2018-12-11T08:30:00+09:00,J1,1275,1237,2512
2018-12-11T08:30:00+09:00,J2,767,572,1339
2018-12-11T08:30:00+09:00,J3,1382,1452,2834
2018-12-11T08:30:00+09:00,J4,840,1170,2010
2018-12-11T08:30:00+09:00,J5,609,630,1239
2018-12-11T08:45:00+09:00,J1,1016,1000,2016
2018-12-11T08:45:00+09:00,J2,548,401,949
2018-12-11T08:45:00+09:00,J3,1025,1175,2200
2018-12-11T08:45:00+09:00,J4,752,1042,1794
2018-12-11T08:45:00+09:00,J5,752,640,1392
2018-12-11T09:00:00+09:00,J1,928,1021,1949
2018-12-11T09:00:00+09:00,J2,496,536,1032
2018-12-11T09:00:00+09:00,J3,902,971,1873
2018-12-11T09:00:00+09:00,J4,619,828,1447
2018-12-11T09:00:00+09:00,J5,753,728,1481
2018-12-11T09:15:00+09:00,J1,904,905,1809
2018-12-11T09:15:00+09:00,J2,563,542,1105
2018-12-11T09:15:00+09:00,J3,990,905,1895
2018-12-11T09:15:00+09:00,J4,698,769,1467
2018-12-11T09:15:00+09:00,J5,762,734,1496
2018-12-11T09:30:00+09:00,J1,910,1000,1910
2018-12-11T09:30:00+09:00,J2,540,528,1068
2018-12-11T09:30:00+09:00,J3,985,873,1858
2018-12-11T09:30:00+09:00,J4,666,816,1482
2018-12-11T09:30:00+09:00,J5,697,684,1381
2018-12-11T09:45:00+09:00,J1,846,908,1754
2018-12-11T09:45:00+09:00,J2,538,545,1083
2018-12-11T09:45:00+09:00,J3,1035,902,1937
2018-12-11T09:45:00+09:00,J4,628,758,1386
2018-12-11T09:45:00+09:00,J5,641,592,1233
2018-12-11T10:00:00+09:00,J1,828,953,1781
2018-12-11T10:00:00+09:00,J2,492,411,903
2018-12-11T10:00:00+09:00,J3,955,847,1802
2018-12-11T10:00:00+09:00,J4,649,783,1432
2018-12-11T10:00:00+09:00,J5,625,613,1238
2018-12-11T10:15:00+09:00,J1,809,867,1676
2018-12-11T10:15:00+09:00,J2,494,445,939
2018-12-11T10:15:00+09:00,J3,971,851,1822
2018-12-11T10:15:00+09:00,J4,656,781,1437
2018-12-11T10:15:00+09:00,J5,568,494,1062
2018-12-11T10:30:00+09:00,J1,810,877,1687
2018-12-11T10:30:00+09:00,J2,470,419,889
2018-12-11T10:30:00+09:00,J3,1105,880,1985
2018-12-11T10:30:00+09:00,J4,620,678,1298
2018-12-11T10:30:00+09:00,J5,550,490,1040
2018-12-11T10:45:00+09:00,J1,914,947,1861
2018-12-11T10:45:00+09:00,J2,503,418,921
2018-12-11T10:45:00+09:00,J3,1114,930,2044
2018-12-11T10:45:00+09:00,J4,670,648,1318
2018-12-11T10:45:00+09:00,J5,532,493,1025
2018-12-11T11:00:00+09:00,J1,844,963,1807
2018-12-11T11:00:00+09:00,J2,581,462,1043
2018-12-11T11:00:00+09:00,J3,1037,939,1976
2018-12-11T11:00:00+09:00,J4,703,715,1418
2018-12-11T11:00:00+09:00,J5,476,434,910
2018-12-11T11:15:00+09:00,J1,755,931,1686
2018-12-11T11:15:00+09:00,J2,589,459,1048
2018-12-11T11:15:00+09:00,J3,1191,1105,2296
2018-12-11T11:15:00+09:00,J4,662,735,1397
2018-12-11T11:15:00+09:00,J5,504,491,995
2018-12-11T11:30:00+09:00,J1,794,925,1719
2018-12-11T11:30:00+09:00,J2,562,443,1005
2018-12-11T11:30:00+09:00,J3,1101,1011,2112
2018-12-11T11:30:00+09:00,J4,744,761,1505
2018-12-11T11:30:00+09:00,J5,513,528,1041
2018-12-11T11:45:00+09:00,J1,842,1007,1849
2018-12-11T11:45:00+09:00,J2,676,509,1185
2018-12-11T11:45:00+09:00,J3,1047,965,2012
2018-12-11T11:45:00+09:00,J4,760,720,1480
2018-12-11T11:45:00+09:00,J5,512,546,1058
2018-12-11T12:00:00+09:00,J1,833,1026,1859
2018-12-11T12:00:00+09:00,J2,702,543,1245
2018-12-11T12:00:00+09:00,J3,1121,1107,2228
2018-12-11T12:00:00+09:00,J4,825,753,1578
2018-12-11T12:00:00+09:00,J5,582,643,1225
2018-12-11T12:15:00+09:00,J1,867,987,1854
2018-12-11T12:15:00+09:00,J2,682,491,1173
2018-12-11T12:15:00+09:00,J3,1180,1131,2311
2018-12-11T12:15:00+09:00,J4,987,912,1899
2018-12-11T12:15:00+09:00,J5,533,609,1142
2018-12-11T12:30:00+09:00,J1,890,994,1884
2018-12-11T12:30:00+09:00,J2,709,499,1208
2018-12-11T12:30:00+09:00,J3,1163,1042,2205
2018-12-11T12:30:00+09:00,J4,912,936,1848
2018-12-11T12:30:00+09:00,J5,435,452,887
2018-12-11T12:45:00+09:00,J1,822,982,1804
2018-12-11T12:45:00+09:00,J2,695,550,1245
2018-12-11T12:45:00+09:00,J3,1228,971,2199
2018-12-11T12:45:00+09:00,J4,892,894,1786
2018-12-11T12:45:00+09:00,J5,447,431,878
2018-12-11T13:00:00+09:00,J1,886,1033,1919
2018-12-11T13:00:00+09:00,J2,691,521,1212
2018-12-11T13:00:00+09:00,J3,1139,925,2064
2018-12-11T13:00:00+09:00,J4,964,894,1858
2018-12-11T13:00:00+09:00,J5,406,451,857
2018-12-11T13:15:00+09:00,J1,924,1090,2014
2018-12-11T13:15:00+09:00,J2,615,570,1185
2018-12-11T13:15:00+09:00,J3,1130,984,2114
2018-12-11T13:15:00+09:00,J4,904,846,1750
2018-12-11T13:15:00+09:00,J5,381,493,874
2018-12-11T13:30:00+09:00,J1,929,1110,2039
2018-12-11T13:30:00+09:00,J2,673,528,1201
2018-12-11T13:30:00+09:00,J3,1094,965,2059
2018-12-11T13:30:00+09:00,J4,887,870,1757
2018-12-11T13:30:00+09:00,J5,382,407,789
2018-12-11T13:45:00+09:00,J1,907,1085,1992
2018-12-11T13:45:00+09:00,J2,670,520,1190
2018-12-11T13:45:00+09:00,J3,1057,970,2027
2018-12-11T13:45:00+09:00,J4,926,820,1746
2018-12-11T13:45:00+09:00,J5,390,426,816
2018-12-11T14:00:00+09:00,J1,953,1194,2147
2018-12-11T14:00:00+09:00,J2,678,500,1178
2018-12-11T14:00:00+09:00,J3,1022,938,1960
2018-12-11T14:00:00+09:00,J4,937,827,1764
2018-12-11T14:00:00+09:00,J5,403,438,841
2018-12-11T14:15:00+09:00,J1,1004,1172,2176
2018-12-11T14:15:00+09:00,J2,669,520,1189
2018-12-11T14:15:00+09:00,J3,1141,1027,2168
2018-12-11T14:15:00+09:00,J4,933,903,1836
2018-12-11T14:15:00+09:00,J5,406,442,848
2018-12-11T14:30:00+09:00,J1,964,1094,2058
2018-12-11T14:30:00+09:00,J2,688,475,1163
2018-12-11T14:30:00+09:00,J3,1136,1024,2160
2018-12-11T14:30:00+09:00,J4,896,902,1798
2018-12-11T14:30:00+09:00,J5,391,425,816
2018-12-11T14:45:00+09:00,J1,1030,1201,2231
2018-12-11T14:45:00+09:00,J2,632,542,1174
2018-12-11T14:45:00+09:00,J3,1115,932,2047
2018-12-11T14:45:00+09:00,J4,971,826,1797
2018-12-11T14:45:00+09:00,J5,393,383,776
2018-12-11T15:00:00+09:00,J1,1058,1217,2275
2018-12-11T15:00:00+09:00,J2,686,521,1207
2018-12-11T15:00:00+09:00,J3,1107,954,2061
2018-12-11T15:00:00+09:00,J4,907,804,1711
2018-12-11T15:00:00+09:00,J5,384,389,773
2018-12-11T15:15:00+09:00,J1,1068,1206,2274
2018-12-11T15:15:00+09:00,J2,649,571,1220
2018-12-11T15:15:00+09:00,J3,1047,966,2013
2018-12-11T15:15:00+09:00,J4,963,904,1867
2018-12-11T15:15:00+09:00,J5,401,405,806
2018-12-11T15:30:00+09:00,J1,1078,1141,2219
2018-12-11T15:30:00+09:00,J2,688,522,1210
2018-12-11T15:30:00+09:00,J3,1022,973,1995
2018-12-11T15:30:00+09:00,J4,951,866,1817
2018-12-11T15:30:00+09:00,J5,408,408,816
2018-12-11T15:45:00+09:00,J1,987,1149,2136
2018-12-11T15:45:00+09:00,J2,636,505,1141
2018-12-11T15:45:00+09:00,J3,1125,896,2021
2018-12-11T15:45:00+09:00,J4,878,852,1730
2018-12-11T15:45:00+09:00,J5,418,365,783
2018-12-11T16:00:00+09:00,J1,993,1168,2161
2018-12-11T16:00:00+09:00,J2,649,522,1171
2018-12-11T16:00:00+09:00,J3,1063,932,1995
2018-12-11T16:00:00+09:00,J4,868,892,1760
2018-12-11T16:00:00+09:00,J5,407,405,812
2018-12-11T16:15:00+09:00,J1,1013,1208,2221
2018-12-11T16:15:00+09:00,J2,694,540,1234
2018-12-11T16:15:00+09:00,J3,1065,950,2015
2018-12-11T16:15:00+09:00,J4,949,899,1848
2018-12-11T16:15:00+09:00,J5,413,376,789
2018-12-11T16:30:00+09:00,J1,998,1193,2191
2018-12-11T16:30:00+09:00,J2,716,501,1217
2018-12-11T16:30:00+09:00,J3,1121,1143,2264
2018-12-11T16:30:00+09:00,J4,918,909,1827
2018-12-11T16:30:00+09:00,J5,374,379,753
2018-12-11T16:45:00+09:00,J1,1037,1178,2215
2018-12-11T16:45:00+09:00,J2,682,482,1164
2018-12-11T16:45:00+09:00,J3,1227,1201,2428
2018-12-11T16:45:00+09:00,J4,978,839,1817
2018-12-11T16:45:00+09:00,J5,413,394,807
2018-12-11T17:00:00+09:00,J1,1055,1160,2215
2018-12-11T17:00:00+09:00,J2,668,496,1164
2018-12-11T17:00:00+09:00,J3,1367,1133,2500
2018-12-11T17:00:00+09:00,J4,968,853,1821
2018-12-11T17:00:00+09:00,J5,466,473,939
2018-12-11T17:15:00+09:00,J1,1012,1214,2226
2018-12-11T17:15:00+09:00,J2,760,503,1263
2018-12-11T17:15:00+09:00,J3,1325,1060,2385
2018-12-11T17:15:00+09:00,J4,922,949,1871
2018-12-11T17:15:00+09:00,J5,538,558,1096
2018-12-11T17:30:00+09:00,J1,1092,1225,2317
2018-12-11T17:30:00+09:00,J2,789,586,1375
2018-12-11T17:30:00+09:00,J3,1272,1120,2392
2018-12-11T17:30:00+09:00,J4,944,903,1847
2018-12-11T17:30:00+09:00,J5,707,610,1317
2018-12-11T17:45:00+09:00,J1,1050,1225,2275
2018-12-11T17:45:00+09:00,J2,853,545,1398
2018-12-11T17:45:00+09:00,J3,1366,1140,2506
2018-12-11T17:45:00+09:00,J4,928,899,1827
2018-12-11T17:45:00+09:00,J5,686,748,1434
2018-12-11T18:00:00+09:00,J1,1133,1219,2352
2018-12-11T18:00:00+09:00,J2,846,514,1360
2018-12-11T18:00:00+09:00,J3,1462,1067,2529
2018-12-11T18:00:00+09:00,J4,1079,946,2025
2018-12-11T18:00:00+09:00,J5,709,702,1411
2018-12-11T18:15:00+09:00,J1,1033,1261,2294
2018-12-11T18:15:00+09:00,J2,923,578,1501
2018-12-11T18:15:00+09:00,J3,1453,1247,2700
2018-12-11T18:15:00+09:00,J4,1133,949,2082
2018-12-11T18:15:00+09:00,J5,745,832,1577
2018-12-11T18:30:00+09:00,J1,1068,1228,2296
2018-12-11T18:30:00+09:00,J2,802,547,1349
2018-12-11T18:30:00+09:00,J3,1387,1085,2472
2018-12-11T18:30:00+09:00,J4,1146,900,2046
2018-12-11T18:30:00+09:00,J5,718,752,1470
2018-12-11T18:45:00+09:00,J1,925,1154,2079
2018-12-11T18:45:00+09:00,J2,784,559,1343
2018-12-11T18:45:00+09:00,J3,1134,905,2039
2018-12-11T18:45:00+09:00,J4,1049,951,2000
2018-12-11T18:45:00+09:00,J5,788,778,1566
2018-12-11T19:00:00+09:00,J1,1050,1127,2177
2018-12-11T19:00:00+09:00,J2,563,444,1007
2018-12-11T19:00:00+09:00,J3,1199,951,2150
2018-12-11T19:00:00+09:00,J4,979,889,1868
2018-12-11T19:00:00+09:00,J5,740,826,1566
2018-12-11T19:15:00+09:00,J1,1000,1156,2156
2018-12-11T19:15:00+09:00,J2,517,456,973
2018-12-11T19:15:00+09:00,J3,1183,953,2136
2018-12-11T19:15:00+09:00,J4,984,940,1924
2018-12-11T19:15:00+09:00,J5,783,837,1620
2018-12-11T19:30:00+09:00,J1,1020,1103,2123
2018-12-11T19:30:00+09:00,J2,453,413,866
2018-12-11T19:30:00+09:00,J3,1160,854,2014
2018-12-11T19:30:00+09:00,J4,995,906,1901
2018-12-11T19:30:00+09:00,J5,664,765,1429
2018-12-11T19:45:00+09:00,J1,983,1242,2225
2018-12-11T19:45:00+09:00,J2,403,390,793
2018-12-11T19:45:00+09:00,J3,1003,967,1970
2018-12-11T19:45:00+09:00,J4,916,810,1726
2018-12-11T19:45:00+09:00,J5,635,705,1340
2018-12-11T20:00:00+09:00,J1,965,1118,2083
2018-12-11T20:00:00+09:00,J2,424,412,836
2018-12-11T20:00:00+09:00,J3,1020,863,1883
2018-12-11T20:00:00+09:00,J4,894,824,1718
2018-12-11T20:00:00+09:00,J5,703,724,1427
2018-12-11T20:15:00+09:00,J1,974,1085,2059
2018-12-11T20:15:00+09:00,J2,439,466,905
2018-12-11T20:15:00+09:00,J3,934,853,1787
2018-12-11T20:15:00+09:00,J4,927,816,1743
2018-12-11T20:15:00+09:00,J5,647,725,1372
2018-12-11T20:30:00+09:00,J1,990,1119,2109
2018-12-11T20:30:00+09:00,J2,376,463,839
2018-12-11T20:30:00+09:00,J3,925,888,1813
2018-12-11T20:30:00+09:00,J4,749,650,1399
2018-12-11T20:30:00+09:00,J5,717,691,1408
2018-12-11T20:45:00+09:00,J1,1058,1113,2171
2018-12-11T20:45:00+09:00,J2,405,421,826
2018-12-11T20:45:00+09:00,J3,855,837,1692
2018-12-11T20:45:00+09:00,J4,686,633,1319
2018-12-11T20:45:00+09:00,J5,643,765,1408
2018-12-11T21:00:00+09:00,J1,926,1059,1985
2018-12-11T21:00:00+09:00,J2,411,452,863
2018-12-11T21:00:00+09:00,J3,973,942,1915
2018-12-11T21:00:00+09:00,J4,746,725,1471
2018-12-11T21:00:00+09:00,J5,607,662,1269
2018-12-11T21:15:00+09:00,J1,957,1146,2103
2018-12-11T21:15:00+09:00,J2,495,456,951
2018-12-11T21:15:00+09:00,J3,996,918,1914
2018-12-11T21:15:00+09:00,J4,849,781,1630
2018-12-11T21:15:00+09:00,J5,671,648,1319
2018-12-11T21:30:00+09:00,J1,1005,1113,2118
2018-12-11T21:30:00+09:00,J2,532,424,956
2018-12-11T21:30:00+09:00,J3,952,944,1896
2018-12-11T21:30:00+09:00,J4,878,745,1623
2018-12-11T21:30:00+09:00,J5,574,622,1196
2018-12-11T21:45:00+09:00,J1,944,1084,2028
2018-12-11T21:45:00+09:00,J2,542,500,1042
2018-12-11T21:45:00+09:00,J3,892,856,1748
2018-12-11T21:45:00+09:00,J4,869,746,1615
2018-12-11T21:45:00+09:00,J5,575,584,1159
2018-12-11T22:00:00+09:00,J1,910,1020,1930
2018-12-11T22:00:00+09:00,J2,538,410,948
2018-12-11T22:00:00+09:00,J3,911,933,1844
2018-12-11T22:00:00+09:00,J4,859,750,1609
2018-12-11T22:00:00+09:00,J5,568,610,1178
2018-12-11T22:15:00+09:00,J1,879,1028,1907
2018-12-11T22:15:00+09:00,J2,447,414,861
2018-12-11T22:15:00+09:00,J3,1038,913,1951
2018-12-11T22:15:00+09:00,J4,846,714,1560
2018-12-11T22:15:00+09:00,J5,597,629,1226
2018-12-11T22:30:00+09:00,J1,946,985,1931
2018-12-11T22:30:00+09:00,J2,486,368,854
2018-12-11T22:30:00+09:00,J3,1034,842,1876
2018-12-11T22:30:00+09:00,J4,856,741,1597
2018-12-11T22:30:00+09:00,J5,504,472,976
2018-12-11T22:45:00+09:00,J1,995,1081,2076
2018-12-11T22:45:00+09:00,J2,428,356,784
2018-12-11T22:45:00+09:00,J3,1068,873,1941
2018-12-11T22:45:00+09:00,J4,874,729,1603
2018-12-11T22:45:00+09:00,J5,427,469,896
2018-12-11T23:00:00+09:00,J1,896,981,1877
2018-12-11T23:00:00+09:00,J2,399,438,837
2018-12-11T23:00:00+09:00,J3,1009,906,1915
2018-12-11T23:00:00+09:00,J4,883,777,1660
2018-12-11T23:00:00+09:00,J5,466,479,945
2018-12-11T23:15:00+09:00,J1,892,976,1868
2018-12-11T23:15:00+09:00,J2,404,398,802
2018-12-11T23:15:00+09:00,J3,927,867,1794
2018-12-11T23:15:00+09:00,J4,811,726,1537
2018-12-11T23:15:00+09:00,J5,455,451,906
2018-12-11T23:30:00+09:00,J1,886,910,1796
2018-12-11T23:30:00+09:00,J2,405,395,800
2018-12-11T23:30:00+09:00,J3,997,851,1848
2018-12-11T23:30:00+09:00,J4,781,755,1536
2018-12-11T23:30:00+09:00,J5,438,418,856
2018-12-11T23:45:00+09:00,J1,891,878,1769
2018-12-11T23:45:00+09:00,J2,366,344,710
2018-12-11T23:45:00+09:00,J3,1028,864,1892
2018-12-11T23:45:00+09:00,J4,859,717,1576
2018-12-11T23:45:00+09:00,J5,430,475,905
2018-12-12T00:00:00+09:00,J1,740,722,1462
2018-12-12T00:00:00+09:00,J2,321,419,740
2018-12-12T00:00:00+09:00,J3,947,701,1648
2018-12-12T00:00:00+09:00,J4,914,650,1564
2018-12-12T00:00:00+09:00,J5,443,409,852
2018-12-12T00:15:00+09:00,J1,592,619,1211
2018-12-12T00:15:00+09:00,J2,315,350,665
2018-12-12T00:15:00+09:00,J3,679,533,1212
2018-12-12T00:15:00+09:00,J4,679,571,1250
2018-12-12T00:15:00+09:00,J5,440,486,926
2018-12-12T00:30:00+09:00,J1,386,357,743
2018-12-12T00:30:00+09:00,J2,238,340,578
2018-12-12T00:30:00+09:00,J3,528,490,1018
2018-12-12T00:30:00+09:00,J4,450,458,908
2018-12-12T00:30:00+09:00,J5,482,492,974
2018-12-12T00:45:00+09:00,J1,341,309,650
2018-12-12T00:45:00+09:00,J2,278,317,595
2018-12-12T00:45:00+09:00,J3,546,493,1039
2018-12-12T00:45:00+09:00,J4,491,420,911
2018-12-12T00:45:00+09:00,J5,492,449,941
2018-12-12T05:45:00+09:00,J1,572,630,1202
2018-12-12T05:45:00+09:00,J2,377,494,871
2018-12-12T05:45:00+09:00,J3,610,581,1191
2018-12-12T05:45:00+09:00,J4,384,448,832
2018-12-12T05:45:00+09:00,J5,492,457,949
2018-12-12T06:00:00+09:00,J1,646,673,1319
2018-12-12T06:00:00+09:00,J2,398,492,890
2018-12-12T06:00:00+09:00,J3,580,498,1078
2018-12-12T06:00:00+09:00,J4,399,446,845
2018-12-12T06:00:00+09:00,J5,464,446,910
2018-12-12T06:15:00+09:00,J1,791,930,1721
2018-12-12T06:15:00+09:00,J2,441,449,890
2018-12-12T06:15:00+09:00,J3,594,575,1169
2018-12-12T06:15:00+09:00,J4,493,538,1031
2018-12-12T06:15:00+09:00,J5,409,411,820
2018-12-12T06:30:00+09:00,J1,1049,1091,2140
2018-12-12T06:30:00+09:00,J2,417,458,875
2018-12-12T06:30:00+09:00,J3,632,620,1252
2018-12-12T06:30:00+09:00,J4,486,548,1034
2018-12-12T06:30:00+09:00,J5,438,467,905
2018-12-12T06:45:00+09:00,J1,900,980,1880
2018-12-12T06:45:00+09:00,J2,513,495,1008
2018-12-12T06:45:00+09:00,J3,781,625,1406
2018-12-12T06:45:00+09:00,J4,636,629,1265
2018-12-12T06:45:00+09:00,J5,455,450,905
2018-12-12T07:00:00+09:00,J1,1129,1185,2314
2018-12-12T07:00:00+09:00,J2,569,616,1185
2018-12-12T07:00:00+09:00,J3,745,733,1478
2018-12-12T07:00:00+09:00,J4,600,677,1277
2018-12-12T07:00:00+09:00,J5,549,513,1062
2018-12-12T07:15:00+09:00,J1,1177,1224,2401
2018-12-12T07:15:00+09:00,J2,656,715,1371
2018-12-12T07:15:00+09:00,J3,940,792,1732
2018-12-12T07:15:00+09:00,J4,769,831,1600
2018-12-12T07:15:00+09:00,J5,566,602,1168
2018-12-12T07:30:00+09:00,J1,1151,1279,2430
2018-12-12T07:30:00+09:00,J2,668,638,1306
2018-12-12T07:30:00+09:00,J3,1180,1049,2229
2018-12-12T07:30:00+09:00,J4,701,822,1523
2018-12-12T07:30:00+09:00,J5,513,513,1026
2018-12-12T07:45:00+09:00,J1,1250,1305,2555
2018-12-12T07:45:00+09:00,J2,733,577,1310
2018-12-12T07:45:00+09:00,J3,1258,1305,2563
2018-12-12T07:45:00+09:00,J4,663,942,1605
2018-12-12T07:45:00+09:00,J5,481,469,950
2018-12-12T08:00:00+09:00,J1,1257,1273,2530
2018-12-12T08:00:00+09:00,J2,917,742,1659
2018-12-12T08:00:00+09:00,J3,1297,1333,2630
2018-12-12T08:00:00+09:00,J4,715,958,1673
2018-12-12T08:00:00+09:00,J5,510,513,1023
2018-12-12T08:15:00+09:00,J1,1291,1305,2596
2018-12-12T08:15:00+09:00,J2,1170,644,1814
2018-12-12T08:15:00+09:00,J3,1428,1437,2865
2018-12-12T08:15:00+09:00,J4,772,1184,1956
2018-12-12T08:15:00+09:00,J5,570,593,1163
2018-12-12T08:30:00+09:00,J1,1169,1042,2211
2018-12-12T08:30:00+09:00,J2,1056,692,1748
2018-12-12T08:30:00+09:00,J3,1404,1412,2816
2018-12-12T08:30:00+09:00,J4,847,1209,2056
2018-12-12T08:30:00+09:00,J5,601,603,1204
2018-12-12T08:45:00+09:00,J1,1049,1051,2100
2018-12-12T08:45:00+09:00,J2,959,638,1597
2018-12-12T08:45:00+09:00,J3,1249,1308,2557
2018-12-12T08:45:00+09:00,J4,660,882,1542
2018-12-12T08:45:00+09:00,J5,689,599,1288
2018-12-12T09:00:00+09:00,J1,943,1028,1971
2018-12-12T09:00:00+09:00,J2,815,665,1480
2018-12-12T09:00:00+09:00,J3,1184,1154,2338
2018-12-12T09:00:00+09:00,J4,648,780,1428
2018-12-12T09:00:00+09:00,J5,694,627,1321
2018-12-12T09:15:00+09:00,J1,955,926,1881
2018-12-12T09:15:00+09:00,J2,772,579,1351
2018-12-12T09:15:00+09:00,J3,1007,1001,2008
2018-12-12T09:15:00+09:00,J4,671,750,1421
2018-12-12T09:15:00+09:00,J5,728,676,1404
2018-12-12T09:30:00+09:00,J1,952,971,1923
2018-12-12T09:30:00+09:00,J2,753,630,1383
2018-12-12T09:30:00+09:00,J3,1037,1026,2063
2018-12-12T09:30:00+09:00,J4,667,804,1471
2018-12-12T09:30:00+09:00,J5,672,705,1377
2018-12-12T09:45:00+09:00,J1,1108,1100,2208
2018-12-12T09:45:00+09:00,J2,678,620,1298
2018-12-12T09:45:00+09:00,J3,898,892,1790
2018-12-12T09:45:00+09:00,J4,561,715,1276
2018-12-12T09:45:00+09:00,J5,663,715,1378
2018-12-12T10:00:00+09:00,J1,962,1102,2064
2018-12-12T10:00:00+09:00,J2,701,593,1294
2018-12-12T10:00:00+09:00,J3,881,845,1726
2018-12-12T10:00:00+09:00,J4,641,626,1267
2018-12-12T10:00:00+09:00,J5,593,642,1235
2018-12-12T10:15:00+09:00,J1,969,1038,2007
2018-12-12T10:15:00+09:00,J2,750,653,1403
2018-12-12T10:15:00+09:00,J3,897,816,1713
2018-12-12T10:15:00+09:00,J4,586,669,1255
2018-12-12T10:15:00+09:00,J5,556,547,1103
2018-12-12T10:30:00+09:00,J1,1043,1146,2189
2018-12-12T10:30:00+09:00,J2,773,658,1431
2018-12-12T10:30:00+09:00,J3,905,915,1820
2018-12-12T10:30:00+09:00,J4,645,679,1324
2018-12-12T10:30:00+09:00,J5,546,469,1015
2018-12-12T10:45:00+09:00,J1,1126,1195,2321
2018-12-12T10:45:00+09:00,J2,781,750,1531
2018-12-12T10:45:00+09:00,J3,1008,845,1853
2018-12-12T10:45:00+09:00,J4,650,686,1336
2018-12-12T10:45:00+09:00,J5,494,452,946
2018-12-12T11:00:00+09:00,J1,984,1075,2059
2018-12-12T11:00:00+09:00,J2,808,742,1550
2018-12-12T11:00:00+09:00,J3,941,866,1807
2018-12-12T11:00:00+09:00,J4,650,734,1384
2018-12-12T11:00:00+09:00,J5,449,398,847
2018-12-12T11:15:00+09:00,J1,920,1059,1979
2018-12-12T11:15:00+09:00,J2,923,773,1696
2018-12-12T11:15:00+09:00,J3,1210,1066,2276
2018-12-12T11:15:00+09:00,J4,719,684,1403
2018-12-12T11:15:00+09:00,J5,433,455,888
2018-12-12T11:30:00+09:00,J1,906,1118,2024
2018-12-12T11:30:00+09:00,J2,801,717,1518
2018-12-12T11:30:00+09:00,J3,1195,1130,2325
2018-12-12T11:30:00+09:00,J4,621,700,1321
2018-12-12T11:30:00+09:00,J5,505,566,1071
2018-12-12T11:45:00+09:00,J1,1122,1140,2262
2018-12-12T11:45:00+09:00,J2,761,691,1452
2018-12-12T11:45:00+09:00,J3,1013,915,1928
2018-12-12T11:45:00+09:00,J4,700,731,1431
2018-12-12T11:45:00+09:00,J5,515,551,1066
2018-12-12T12:00:00+09:00,J1,955,1135,2090
2018-12-12T12:00:00+09:00,J2,737,642,1379
2018-12-12T12:00:00+09:00,J3,1002,883,1885
2018-12-12T12:00:00+09:00,J4,731,679,1410
2018-12-12T12:00:00+09:00,J5,521,610,1131
2018-12-12T12:15:00+09:00,J1,1000,1215,2215
2018-12-12T12:15:00+09:00,J2,786,652,1438
2018-12-12T12:15:00+09:00,J3,1262,1157,2419
2018-12-12T12:15:00+09:00,J4,838,848,1686
2018-12-12T12:15:00+09:00,J5,442,526,968
2018-12-12T12:30:00+09:00,J1,934,1096,2030
2018-12-12T12:30:00+09:00,J2,861,695,1556
2018-12-12T12:30:00+09:00,J3,1232,1023,2255
2018-12-12T12:30:00+09:00,J4,892,924,1816
2018-12-12T12:30:00+09:00,J5,444,443,887
2018-12-12T12:45:00+09:00,J1,919,1165,2084
2018-12-12T12:45:00+09:00,J2,898,810,1708
2018-12-12T12:45:00+09:00,J3,1201,1058,2259
2018-12-12T12:45:00+09:00,J4,881,910,1791
2018-12-12T12:45:00+09:00,J5,460,453,913
2018-12-12T13:00:00+09:00,J1,1025,1172,2197
2018-12-12T13:00:00+09:00,J2,911,801,1712
2018-12-12T13:00:00+09:00,J3,1157,1061,2218
2018-12-12T13:00:00+09:00,J4,865,887,1752
2018-12-12T13:00:00+09:00,J5,517,451,968
2018-12-12T13:15:00+09:00,J1,1099,1339,2438
2018-12-12T13:15:00+09:00,J2,952,789,1741
2018-12-12T13:15:00+09:00,J3,1192,1081,2273
2018-12-12T13:15:00+09:00,J4,939,894,1833
2018-12-12T13:15:00+09:00,J5,580,518,1098
2018-12-12T13:30:00+09:00,J1,1058,1178,2236
2018-12-12T13:30:00+09:00,J2,850,722,1572
2018-12-12T13:30:00+09:00,J3,1131,1040,2171
2018-12-12T13:30:00+09:00,J4,898,902,1800
2018-12-12T13:30:00+09:00,J5,502,448,950
2018-12-12T13:45:00+09:00,J1,1131,1369,2500
2018-12-12T13:45:00+09:00,J2,859,779,1638
2018-12-12T13:45:00+09:00,J3,1041,938,1979
2018-12-12T13:45:00+09:00,J4,863,837,1700
2018-12-12T13:45:00+09:00,J5,456,457,913
2018-12-12T14:00:00+09:00,J1,1150,1378,2528
2018-12-12T14:00:00+09:00,J2,820,797,1617
2018-12-12T14:00:00+09:00,J3,1030,1051,2081
2018-12-12T14:00:00+09:00,J4,865,842,1707
2018-12-12T14:00:00+09:00,J5,481,429,910
2018-12-12T14:15:00+09:00,J1,1112,1347,2459
2018-12-12T14:15:00+09:00,J2,873,838,1711
2018-12-12T14:15:00+09:00,J3,1081,1115,2196
2018-12-12T14:15:00+09:00,J4,999,879,1878
2018-12-12T14:15:00+09:00,J5,473,438,911
2018-12-12T14:30:00+09:00,J1,1183,1414,2597
2018-12-12T14:30:00+09:00,J2,878,818,1696
2018-12-12T14:30:00+09:00,J3,1089,1133,2222
2018-12-12T14:30:00+09:00,J4,872,845,1717
2018-12-12T14:30:00+09:00,J5,524,476,1000
2018-12-12T14:45:00+09:00,J1,1141,1413,2554
2018-12-12T14:45:00+09:00,J2,873,842,1715
2018-12-12T14:45:00+09:00,J3,1097,1097,2194
2018-12-12T14:45:00+09:00,J4,893,900,1793
2018-12-12T14:45:00+09:00,J5,503,481,984
2018-12-12T15:00:00+09:00,J1,1149,1383,2532
2018-12-12T15:00:00+09:00,J2,902,828,1730
2018-12-12T15:00:00+09:00,J3,1116,1044,2160
2018-12-12T15:00:00+09:00,J4,859,797,1656
2018-12-12T15:00:00+09:00,J5,534,477,1011
2018-12-12T15:15:00+09:00,J1,1136,1323,2459
2018-12-12T15:15:00+09:00,J2,844,781,1625
2018-12-12T15:15:00+09:00,J3,1123,1007,2130
2018-12-12T15:15:00+09:00,J4,917,837,1754
2018-12-12T15:15:00+09:00,J5,611,615,1226
2018-12-12T15:30:00+09:00,J1,1181,1339,2520
2018-12-12T15:30:00+09:00,J2,930,770,1700
2018-12-12T15:30:00+09:00,J3,1039,1004,2043
2018-12-12T15:30:00+09:00,J4,955,848,1803
2018-12-12T15:30:00+09:00,J5,584,615,1199
2018-12-12T15:45:00+09:00,J1,1199,1018,2217
2018-12-12T15:45:00+09:00,J2,969,585,1554
2018-12-12T15:45:00+09:00,J3,1202,813,2015
2018-12-12T15:45:00+09:00,J4,1018,573,1591
2018-12-12T15:45:00+09:00,J5,635,475,1110
2018-12-12T16:00:00+09:00,J1,1449,1729,3178
2018-12-12T16:00:00+09:00,J2,1092,1040,2132
2018-12-12T16:00:00+09:00,J3,1379,1339,2718
2018-12-12T16:00:00+09:00,J4,1111,1109,2220
2018-12-12T16:00:00+09:00,J5,700,730,1430
2018-12-12T16:15:00+09:00,J1,1118,1338,2456
2018-12-12T16:15:00+09:00,J2,975,790,1765
2018-12-12T16:15:00+09:00,J3,992,1051,2043
2018-12-12T16:15:00+09:00,J4,865,840,1705
2018-12-12T16:15:00+09:00,J5,612,639,1251
2018-12-12T16:30:00+09:00,J1,1217,1410,2627
2018-12-12T16:30:00+09:00,J2,931,781,1712
2018-12-12T16:30:00+09:00,J3,1190,1152,2342
2018-12-12T16:30:00+09:00,J4,874,899,1773
2018-12-12T16:30:00+09:00,J5,641,575,1216
2018-12-12T16:45:00+09:00,J1,1226,1372,2598
2018-12-12T16:45:00+09:00,J2,882,754,1636
2018-12-12T16:45:00+09:00,J3,1240,1131,2371
2018-12-12T16:45:00+09:00,J4,907,842,1749
2018-12-12T16:45:00+09:00,J5,636,609,1245
2018-12-12T17:00:00+09:00,J1,1215,1477,2692
2018-12-12T17:00:00+09:00,J2,923,942,1865
2018-12-12T17:00:00+09:00,J3,1484,1421,2905
2018-12-12T17:00:00+09:00,J4,980,847,1827
2018-12-12T17:00:00+09:00,J5,580,609,1189
2018-12-12T17:15:00+09:00,J1,1277,1470,2747
2018-12-12T17:15:00+09:00,J2,1056,1018,2074
2018-12-12T17:15:00+09:00,J3,1557,1339,2896
2018-12-12T17:15:00+09:00,J4,933,994,1927
2018-12-12T17:15:00+09:00,J5,726,827,1553
2018-12-12T17:30:00+09:00,J1,1266,1423,2689
2018-12-12T17:30:00+09:00,J2,1117,999,2116
2018-12-12T17:30:00+09:00,J3,1432,1412,2844
2018-12-12T17:30:00+09:00,J4,1005,990,1995
2018-12-12T17:30:00+09:00,J5,787,898,1685
2018-12-12T17:45:00+09:00,J1,1274,1446,2720
2018-12-12T17:45:00+09:00,J2,1119,985,2104
2018-12-12T17:45:00+09:00,J3,1521,1429,2950
2018-12-12T17:45:00+09:00,J4,1085,1032,2117
2018-12-12T17:45:00+09:00,J5,732,975,1707
2018-12-12T18:00:00+09:00,J1,1343,1439,2782
2018-12-12T18:00:00+09:00,J2,1078,904,1982
2018-12-12T18:00:00+09:00,J3,1584,1356,2940
2018-12-12T18:00:00+09:00,J4,999,1006,2005
2018-12-12T18:00:00+09:00,J5,772,912,1684
2018-12-12T18:15:00+09:00,J1,1291,1500,2791
2018-12-12T18:15:00+09:00,J2,1061,934,1995
2018-12-12T18:15:00+09:00,J3,1584,1428,3012
2018-12-12T18:15:00+09:00,J4,1227,893,2120
2018-12-12T18:15:00+09:00,J5,671,899,1570
2018-12-12T18:30:00+09:00,J1,1290,1508,2798
2018-12-12T18:30:00+09:00,J2,967,869,1836
2018-12-12T18:30:00+09:00,J3,1572,1180,2752
2018-12-12T18:30:00+09:00,J4,929,832,1761
2018-12-12T18:30:00+09:00,J5,672,842,1514
2018-12-12T18:45:00+09:00,J1,1181,1453,2634
2018-12-12T18:45:00+09:00,J2,862,793,1655
2018-12-12T18:45:00+09:00,J3,1302,1105,2407
2018-12-12T18:45:00+09:00,J4,945,797,1742
2018-12-12T18:45:00+09:00,J5,683,780,1463
2018-12-12T19:00:00+09:00,J1,1132,1400,2532
2018-12-12T19:00:00+09:00,J2,684,782,1466
2018-12-12T19:00:00+09:00,J3,1252,1099,2351
2018-12-12T19:00:00+09:00,J4,871,733,1604
2018-12-12T19:00:00+09:00,J5,664,813,1477
2018-12-12T19:15:00+09:00,J1,1142,1380,2522
2018-12-12T19:15:00+09:00,J2,652,741,1393
2018-12-12T19:15:00+09:00,J3,1191,1121,2312
2018-12-12T19:15:00+09:00,J4,780,663,1443
2018-12-12T19:15:00+09:00,J5,697,800,1497
2018-12-12T19:30:00+09:00,J1,975,1221,2196
2018-12-12T19:30:00+09:00,J2,551,618,1169
2018-12-12T19:30:00+09:00,J3,985,850,1835
2018-12-12T19:30:00+09:00,J4,608,548,1156
2018-12-12T19:30:00+09:00,J5,543,678,1221
2018-12-12T19:45:00+09:00,J1,1295,1529,2824
2018-12-12T19:45:00+09:00,J2,631,767,1398
2018-12-12T19:45:00+09:00,J3,1257,1079,2336
2018-12-12T19:45:00+09:00,J4,885,740,1625
2018-12-12T19:45:00+09:00,J5,751,916,1667
2018-12-12T20:00:00+09:00,J1,1152,1378,2530
2018-12-12T20:00:00+09:00,J2,574,683,1257
2018-12-12T20:00:00+09:00,J3,1071,935,2006
2018-12-12T20:00:00+09:00,J4,669,693,1362
2018-12-12T20:00:00+09:00,J5,647,769,1416
2018-12-12T20:15:00+09:00,J1,1139,1337,2476
2018-12-12T20:15:00+09:00,J2,662,721,1383
2018-12-12T20:15:00+09:00,J3,1111,908,2019
2018-12-12T20:15:00+09:00,J4,694,683,1377
2018-12-12T20:15:00+09:00,J5,690,795,1485
2018-12-12T20:30:00+09:00,J1,1111,1390,2501
2018-12-12T20:30:00+09:00,J2,548,721,1269
2018-12-12T20:30:00+09:00,J3,1094,968,2062
2018-12-12T20:30:00+09:00,J4,712,630,1342
2018-12-12T20:30:00+09:00,J5,664,740,1404
2018-12-12T20:45:00+09:00,J1,1188,1300,2488
2018-12-12T20:45:00+09:00,J2,519,629,1148
2018-12-12T20:45:00+09:00,J3,1011,960,1971
2018-12-12T20:45:00+09:00,J4,604,621,1225
2018-12-12T20:45:00+09:00,J5,637,692,1329
2018-12-12T21:00:00+09:00,J1,1064,1283,2347
2018-12-12T21:00:00+09:00,J2,621,615,1236
2018-12-12T21:00:00+09:00,J3,1005,880,1885
2018-12-12T21:00:00+09:00,J4,633,616,1249
2018-12-12T21:00:00+09:00,J5,601,638,1239
2018-12-12T21:15:00+09:00,J1,1099,1251,2350
2018-12-12T21:15:00+09:00,J2,705,651,1356
2018-12-12T21:15:00+09:00,J3,955,985,1940
2018-12-12T21:15:00+09:00,J4,765,688,1453
2018-12-12T21:15:00+09:00,J5,686,719,1405
2018-12-12T21:30:00+09:00,J1,1103,1274,2377
2018-12-12T21:30:00+09:00,J2,787,651,1438
2018-12-12T21:30:00+09:00,J3,951,961,1912
2018-12-12T21:30:00+09:00,J4,713,667,1380
2018-12-12T21:30:00+09:00,J5,598,622,1220
2018-12-12T21:45:00+09:00,J1,1042,1261,2303
2018-12-12T21:45:00+09:00,J2,731,673,1404
2018-12-12T21:45:00+09:00,J3,966,956,1922
2018-12-12T21:45:00+09:00,J4,709,669,1378
2018-12-12T21:45:00+09:00,J5,540,647,1187
2018-12-12T22:00:00+09:00,J1,1066,1283,2349
2018-12-12T22:00:00+09:00,J2,587,667,1254
2018-12-12T22:00:00+09:00,J3,958,936,1894
2018-12-12T22:00:00+09:00,J4,791,724,1515
2018-12-12T22:00:00+09:00,J5,516,553,1069
2018-12-12T22:15:00+09:00,J1,1084,1299,2383
2018-12-12T22:15:00+09:00,J2,573,620,1193
2018-12-12T22:15:00+09:00,J3,1097,939,2036
2018-12-12T22:15:00+09:00,J4,766,736,1502
2018-12-12T22:15:00+09:00,J5,553,621,1174
2018-12-12T22:30:00+09:00,J1,1151,1325,2476
2018-12-12T22:30:00+09:00,J2,591,686,1277
2018-12-12T22:30:00+09:00,J3,956,912,1868
2018-12-12T22:30:00+09:00,J4,714,675,1389
2018-12-12T22:30:00+09:00,J5,505,547,1052
2018-12-12T22:45:00+09:00,J1,1119,1218,2337
2018-12-12T22:45:00+09:00,J2,522,567,1089
2018-12-12T22:45:00+09:00,J3,1042,886,1928
2018-12-12T22:45:00+09:00,J4,688,752,1440
2018-12-12T22:45:00+09:00,J5,377,455,832
2018-12-12T23:00:00+09:00,J1,1123,1297,2420
2018-12-12T23:00:00+09:00,J2,617,681,1298
2018-12-12T23:00:00+09:00,J3,1117,872,1989
2018-12-12T23:00:00+09:00,J4,717,720,1437
2018-12-12T23:00:00+09:00,J5,395,409,804
2018-12-12T23:15:00+09:00,J1,1121,1223,2344
2018-12-12T23:15:00+09:00,J2,558,664,1222
2018-12-12T23:15:00+09:00,J3,979,819,1798
2018-12-12T23:15:00+09:00,J4,664,656,1320
2018-12-12T23:15:00+09:00,J5,405,396,801
2018-12-12T23:30:00+09:00,J1,1042,1180,2222
2018-12-12T23:30:00+09:00,J2,511,593,1104
2018-12-12T23:30:00+09:00,J3,977,852,1829
2018-12-12T23:30:00+09:00,J4,627,599,1226
2018-12-12T23:30:00+09:00,J5,386,399,785
2018-12-12T23:45:00+09:00,J1,1075,1180,2255
2018-12-12T23:45:00+09:00,J2,464,481,945
2018-12-12T23:45:00+09:00,J3,946,791,1737
2018-12-12T23:45:00+09:00,J4,628,583,1211
2018-12-12T23:45:00+09:00,J5,370,385,755
2018-12-13T00:00:00+09:00,J1,922,998,1920
2018-12-13T00:00:00+09:00,J2,413,489,902
2018-12-13T00:00:00+09:00,J3,845,647,1492
2018-12-13T00:00:00+09:00,J4,593,594,1187
2018-12-13T00:00:00+09:00,J5,388,411,799
2018-12-13T00:15:00+09:00,J1,679,709,1388
2018-12-13T00:15:00+09:00,J2,399,429,828
2018-12-13T00:15:00+09:00,J3,493,490,983
2018-12-13T00:15:00+09:00,J4,479,465,944
2018-12-13T00:15:00+09:00,J5,442,463,905
2018-12-13T00:30:00+09:00,J1,622,704,1326
2018-12-13T00:30:00+09:00,J2,410,429,839
2018-12-13T00:30:00+09:00,J3,460,415,875
2018-12-13T00:30:00+09:00,J4,340,356,696
2018-12-13T00:30:00+09:00,J5,546,482,1028
2018-12-13T00:45:00+09:00,J1,632,637,1269
2018-12-13T00:45:00+09:00,J2,411,464,875
2018-12-13T00:45:00+09:00,J3,488,398,886
2018-12-13T00:45:00+09:00,J4,320,329,649
2018-12-13T00:45:00+09:00,J5,505,458,963
2018-12-13T05:45:00+09:00,J1,920,883,1803
2018-12-13T05:45:00+09:00,J2,427,424,851
2018-12-13T05:45:00+09:00,J3,579,541,1120
2018-12-13T05:45:00+09:00,J4,433,492,925
2018-12-13T05:45:00+09:00,J5,516,457,973
2018-12-13T06:00:00+09:00,J1,853,874,1727
2018-12-13T06:00:00+09:00,J2,488,414,902
2018-12-13T06:00:00+09:00,J3,593,584,1177
2018-12-13T06:00:00+09:00,J4,407,489,896
2018-12-13T06:00:00+09:00,J5,471,440,911
2018-12-13T06:15:00+09:00,J1,1023,1143,2166
2018-12-13T06:15:00+09:00,J2,492,502,994
2018-12-13T06:15:00+09:00,J3,663,586,1249
2018-12-13T06:15:00+09:00,J4,567,579,1146
2018-12-13T06:15:00+09:00,J5,468,445,913
2018-12-13T06:30:00+09:00,J1,942,1067,2009
2018-12-13T06:30:00+09:00,J2,467,506,973
2018-12-13T06:30:00+09:00,J3,642,592,1234
2018-12-13T06:30:00+09:00,J4,553,595,1148
2018-12-13T06:30:00+09:00,J5,436,466,902
2018-12-13T06:45:00+09:00,J1,1085,1104,2189
2018-12-13T06:45:00+09:00,J2,536,526,1062
2018-12-13T06:45:00+09:00,J3,702,649,1351
2018-12-13T06:45:00+09:00,J4,559,676,1235
2018-12-13T06:45:00+09:00,J5,498,475,973
2018-12-13T07:00:00+09:00,J1,1133,1222,2355
2018-12-13T07:00:00+09:00,J2,619,602,1221
2018-12-13T07:00:00+09:00,J3,779,691,1470
2018-12-13T07:00:00+09:00,J4,630,764,1394
2018-12-13T07:00:00+09:00,J5,592,553,1145
2018-12-13T07:15:00+09:00,J1,1172,1186,2358
2018-12-13T07:15:00+09:00,J2,780,688,1468
2018-12-13T07:15:00+09:00,J3,844,793,1637
2018-12-13T07:15:00+09:00,J4,727,837,1564
2018-12-13T07:15:00+09:00,J5,527,539,1066
2018-12-13T07:30:00+09:00,J1,1213,1246,2459
2018-12-13T07:30:00+09:00,J2,727,628,1355
2018-12-13T07:30:00+09:00,J3,1242,1082,2324
2018-12-13T07:30:00+09:00,J4,693,877,1570
2018-12-13T07:30:00+09:00,J5,569,558,1127
2018-12-13T07:45:00+09:00,J1,1292,1279,2571
2018-12-13T07:45:00+09:00,J2,728,638,1366
2018-12-13T07:45:00+09:00,J3,1263,1271,2534
2018-12-13T07:45:00+09:00,J4,673,994,1667
2018-12-13T07:45:00+09:00,J5,475,499,974
2018-12-13T08:00:00+09:00,J1,1255,1373,2628
2018-12-13T08:00:00+09:00,J2,945,756,1701
2018-12-13T08:00:00+09:00,J3,1361,1296,2657
2018-12-13T08:00:00+09:00,J4,762,923,1685
2018-12-13T08:00:00+09:00,J5,496,508,1004
2018-12-13T08:15:00+09:00,J1,1485,1361,2846
2018-12-13T08:15:00+09:00,J2,1225,682,1907
2018-12-13T08:15:00+09:00,J3,1467,1383,2850
2018-12-13T08:15:00+09:00,J4,729,1161,1890
2018-12-13T08:15:00+09:00,J5,534,568,1102
2018-12-13T08:30:00+09:00,J1,1312,1310,2622
2018-12-13T08:30:00+09:00,J2,1136,720,1856
2018-12-13T08:30:00+09:00,J3,1271,1305,2576
2018-12-13T08:30:00+09:00,J4,707,1166,1873
2018-12-13T08:30:00+09:00,J5,573,540,1113
2018-12-13T08:45:00+09:00,J1,1025,1040,2065
2018-12-13T08:45:00+09:00,J2,995,644,1639
2018-12-13T08:45:00+09:00,J3,976,1156,2132
2018-12-13T08:45:00+09:00,J4,641,966,1607
2018-12-13T08:45:00+09:00,J5,660,616,1276
2018-12-13T09:00:00+09:00,J1,979,1079,2058
2018-12-13T09:00:00+09:00,J2,811,604,1415
2018-12-13T09:00:00+09:00,J3,907,893,1800
2018-12-13T09:00:00+09:00,J4,753,790,1543
2018-12-13T09:00:00+09:00,J5,787,744,1531
2018-12-13T09:15:00+09:00,J1,1016,1005,2021
2018-12-13T09:15:00+09:00,J2,711,583,1294
2018-12-13T09:15:00+09:00,J3,993,1034,2027
2018-12-13T09:15:00+09:00,J4,664,879,1543
2018-12-13T09:15:00+09:00,J5,746,722,1468
2018-12-13T09:30:00+09:00,J1,1111,1161,2272
2018-12-13T09:30:00+09:00,J2,682,619,1301
2018-12-13T09:30:00+09:00,J3,1078,969,2047
2018-12-13T09:30:00+09:00,J4,717,926,1643
2018-12-13T09:30:00+09:00,J5,683,683,1366
2018-12-13T09:45:00+09:00,J1,964,999,1963
2018-12-13T09:45:00+09:00,J2,676,610,1286
2018-12-13T09:45:00+09:00,J3,878,849,1727
2018-12-13T09:45:00+09:00,J4,724,830,1554
2018-12-13T09:45:00+09:00,J5,665,662,1327
2018-12-13T10:00:00+09:00,J1,954,995,1949
2018-12-13T10:00:00+09:00,J2,648,636,1284
2018-12-13T10:00:00+09:00,J3,838,764,1602
2018-12-13T10:00:00+09:00,J4,984,895,1879
2018-12-13T10:00:00+09:00,J5,602,595,1197
2018-12-13T10:15:00+09:00,J1,821,971,1792
2018-12-13T10:15:00+09:00,J2,743,633,1376
2018-12-13T10:15:00+09:00,J3,913,813,1726
2018-12-13T10:15:00+09:00,J4,964,1056,2020
2018-12-13T10:15:00+09:00,J5,568,580,1148
2018-12-13T10:30:00+09:00,J1,976,1068,2044
2018-12-13T10:30:00+09:00,J2,797,649,1446
2018-12-13T10:30:00+09:00,J3,944,864,1808
2018-12-13T10:30:00+09:00,J4,731,928,1659
2018-12-13T10:30:00+09:00,J5,523,504,1027
2018-12-13T10:45:00+09:00,J1,952,1036,1988
2018-12-13T10:45:00+09:00,J2,798,708,1506
2018-12-13T10:45:00+09:00,J3,1035,911,1946
2018-12-13T10:45:00+09:00,J4,691,824,1515
2018-12-13T10:45:00+09:00,J5,538,475,1013
2018-12-13T11:00:00+09:00,J1,923,1021,1944
2018-12-13T11:00:00+09:00,J2,788,663,1451
2018-12-13T11:00:00+09:00,J3,1028,931,1959
2018-12-13T11:00:00+09:00,J4,644,762,1406
2018-12-13T11:00:00+09:00,J5,465,437,902
2018-12-13T11:15:00+09:00,J1,936,1068,2004
2018-12-13T11:15:00+09:00,J2,770,674,1444
2018-12-13T11:15:00+09:00,J3,1168,1180,2348
2018-12-13T11:15:00+09:00,J4,687,729,1416
2018-12-13T11:15:00+09:00,J5,445,468,913
2018-12-13T11:30:00+09:00,J1,968,1153,2121
2018-12-13T11:30:00+09:00,J2,794,680,1474
2018-12-13T11:30:00+09:00,J3,1174,1026,2200
2018-12-13T11:30:00+09:00,J4,702,716,1418
2018-12-13T11:30:00+09:00,J5,472,500,972
2018-12-13T11:45:00+09:00,J1,1154,1281,2435
2018-12-13T11:45:00+09:00,J2,708,641,1349
2018-12-13T11:45:00+09:00,J3,1117,978,2095
2018-12-13T11:45:00+09:00,J4,642,678,1320
2018-12-13T11:45:00+09:00,J5,495,555,1050
2018-12-13T12:00:00+09:00,J1,1218,1448,2666
2018-12-13T12:00:00+09:00,J2,722,694,1416
2018-12-13T12:00:00+09:00,J3,1094,1003,2097
2018-12-13T12:00:00+09:00,J4,703,765,1468
2018-12-13T12:00:00+09:00,J5,549,535,1084
2018-12-13T12:15:00+09:00,J1,1158,1357,2515
2018-12-13T12:15:00+09:00,J2,743,619,1362
2018-12-13T12:15:00+09:00,J3,1024,1020,2044
2018-12-13T12:15:00+09:00,J4,896,862,1758
2018-12-13T12:15:00+09:00,J5,516,493,1009
2018-12-13T12:30:00+09:00,J1,923,1167,2090
2018-12-13T12:30:00+09:00,J2,752,673,1425
2018-12-13T12:30:00+09:00,J3,1092,998,2090
2018-12-13T12:30:00+09:00,J4,920,880,1800
2018-12-13T12:30:00+09:00,J5,420,463,883
2018-12-13T12:45:00+09:00,J1,1085,1308,2393
2018-12-13T12:45:00+09:00,J2,797,666,1463
2018-12-13T12:45:00+09:00,J3,1149,960,2109
2018-12-13T12:45:00+09:00,J4,931,916,1847
2018-12-13T12:45:00+09:00,J5,424,464,888
2018-12-13T13:00:00+09:00,J1,1050,1295,2345
2018-12-13T13:00:00+09:00,J2,735,693,1428
2018-12-13T13:00:00+09:00,J3,1099,904,2003
2018-12-13T13:00:00+09:00,J4,934,901,1835
2018-12-13T13:00:00+09:00,J5,481,473,954
2018-12-13T13:15:00+09:00,J1,1168,1380,2548
2018-12-13T13:15:00+09:00,J2,780,680,1460
2018-12-13T13:15:00+09:00,J3,1072,942,2014
2018-12-13T13:15:00+09:00,J4,975,927,1902
2018-12-13T13:15:00+09:00,J5,543,552,1095
2018-12-13T13:30:00+09:00,J1,955,1302,2257
2018-12-13T13:30:00+09:00,J2,778,712,1490
2018-12-13T13:30:00+09:00,J3,1076,899,1975
2018-12-13T13:30:00+09:00,J4,944,923,1867
2018-12-13T13:30:00+09:00,J5,579,569,1148
2018-12-13T13:45:00+09:00,J1,878,1116,1994
2018-12-13T13:45:00+09:00,J2,782,641,1423
2018-12-13T13:45:00+09:00,J3,1037,890,1927
2018-12-13T13:45:00+09:00,J4,947,920,1867
2018-12-13T13:45:00+09:00,J5,525,559,1084
2018-12-13T14:00:00+09:00,J1,1128,1363,2491
2018-12-13T14:00:00+09:00,J2,723,682,1405
2018-12-13T14:00:00+09:00,J3,975,935,1910
2018-12-13T14:00:00+09:00,J4,883,994,1877
2018-12-13T14:00:00+09:00,J5,597,604,1201
2018-12-13T14:15:00+09:00,J1,1155,1290,2445
2018-12-13T14:15:00+09:00,J2,752,749,1501
2018-12-13T14:15:00+09:00,J3,1131,981,2112
2018-12-13T14:15:00+09:00,J4,884,859,1743
2018-12-13T14:15:00+09:00,J5,506,490,996
2018-12-13T14:30:00+09:00,J1,1112,1291,2403
2018-12-13T14:30:00+09:00,J2,687,790,1477
2018-12-13T14:30:00+09:00,J3,1220,1145,2365
2018-12-13T14:30:00+09:00,J4,948,939,1887
2018-12-13T14:30:00+09:00,J5,565,576,1141
2018-12-13T14:45:00+09:00,J1,1157,1365,2522
2018-12-13T14:45:00+09:00,J2,793,745,1538
2018-12-13T14:45:00+09:00,J3,916,875,1791
2018-12-13T14:45:00+09:00,J4,918,934,1852
2018-12-13T14:45:00+09:00,J5,734,722,1456
2018-12-13T15:00:00+09:00,J1,1155,1378,2533
2018-12-13T15:00:00+09:00,J2,817,711,1528
2018-12-13T15:00:00+09:00,J3,987,1020,2007
2018-12-13T15:00:00+09:00,J4,894,855,1749
2018-12-13T15:00:00+09:00,J5,762,659,1421
2018-12-13T15:15:00+09:00,J1,1114,1250,2364
2018-12-13T15:15:00+09:00,J2,671,635,1306
2018-12-13T15:15:00+09:00,J3,1110,913,2023
2018-12-13T15:15:00+09:00,J4,883,976,1859
2018-12-13T15:15:00+09:00,J5,739,755,1494
2018-12-13T15:30:00+09:00,J1,976,1132,2108
2018-12-13T15:30:00+09:00,J2,755,714,1469
2018-12-13T15:30:00+09:00,J3,1078,991,2069
2018-12-13T15:30:00+09:00,J4,931,922,1853
2018-12-13T15:30:00+09:00,J5,695,741,1436
2018-12-13T15:45:00+09:00,J1,932,1054,1986
2018-12-13T15:45:00+09:00,J2,795,692,1487
2018-12-13T15:45:00+09:00,J3,1096,961,2057
2018-12-13T15:45:00+09:00,J4,907,868,1775
2018-12-13T15:45:00+09:00,J5,711,713,1424
2018-12-13T16:00:00+09:00,J1,1008,1221,2229
2018-12-13T16:00:00+09:00,J2,722,693,1415
2018-12-13T16:00:00+09:00,J3,1076,935,2011
2018-12-13T16:00:00+09:00,J4,935,999,1934
2018-12-13T16:00:00+09:00,J5,630,681,1311
2018-12-13T16:15:00+09:00,J1,908,1115,2023
2018-12-13T16:15:00+09:00,J2,798,770,1568
2018-12-13T16:15:00+09:00,J3,1119,897,2016
2018-12-13T16:15:00+09:00,J4,905,932,1837
2018-12-13T16:15:00+09:00,J5,692,685,1377
2018-12-13T16:30:00+09:00,J1,878,1103,1981
2018-12-13T16:30:00+09:00,J2,749,746,1495
2018-12-13T16:30:00+09:00,J3,1142,977,2119
2018-12-13T16:30:00+09:00,J4,949,916,1865
2018-12-13T16:30:00+09:00,J5,622,627,1249
2018-12-13T16:45:00+09:00,J1,917,1092,2009
2018-12-13T16:45:00+09:00,J2,785,762,1547
2018-12-13T16:45:00+09:00,J3,1125,1077,2202
2018-12-13T16:45:00+09:00,J4,931,946,1877
2018-12-13T16:45:00+09:00,J5,594,651,1245
2018-12-13T17:00:00+09:00,J1,1025,1123,2148
2018-12-13T17:00:00+09:00,J2,836,803,1639
2018-12-13T17:00:00+09:00,J3,1193,1080,2273
2018-12-13T17:00:00+09:00,J4,958,969,1927
2018-12-13T17:00:00+09:00,J5,628,682,1310
2018-12-13T17:15:00+09:00,J1,961,1159,2120
2018-12-13T17:15:00+09:00,J2,907,844,1751
2018-12-13T17:15:00+09:00,J3,1189,1064,2253
2018-12-13T17:15:00+09:00,J4,926,856,1782
2018-12-13T17:15:00+09:00,J5,683,731,1414
2018-12-13T17:30:00+09:00,J1,982,1213,2195
2018-12-13T17:30:00+09:00,J2,971,943,1914
2018-12-13T17:30:00+09:00,J3,1306,1219,2525
2018-12-13T17:30:00+09:00,J4,912,941,1853
2018-12-13T17:30:00+09:00,J5,661,716,1377
2018-12-13T17:45:00+09:00,J1,992,1249,2241
2018-12-13T17:45:00+09:00,J2,986,941,1927
2018-12-13T17:45:00+09:00,J3,1472,1296,2768
2018-12-13T17:45:00+09:00,J4,973,883,1856
2018-12-13T17:45:00+09:00,J5,641,769,1410
2018-12-13T18:00:00+09:00,J1,1094,1308,2402
2018-12-13T18:00:00+09:00,J2,890,888,1778
2018-12-13T18:00:00+09:00,J3,1466,1257,2723
2018-12-13T18:00:00+09:00,J4,993,873,1866
2018-12-13T18:00:00+09:00,J5,689,757,1446
2018-12-13T18:15:00+09:00,J1,1059,1180,2239
2018-12-13T18:15:00+09:00,J2,930,905,1835
2018-12-13T18:15:00+09:00,J3,1551,1284,2835
2018-12-13T18:15:00+09:00,J4,1161,1060,2221
2018-12-13T18:15:00+09:00,J5,730,763,1493
2018-12-13T18:30:00+09:00,J1,920,1165,2085
2018-12-13T18:30:00+09:00,J2,893,873,1766
2018-12-13T18:30:00+09:00,J3,1362,1165,2527
2018-12-13T18:30:00+09:00,J4,1148,935,2083
2018-12-13T18:30:00+09:00,J5,779,813,1592
2018-12-13T18:45:00+09:00,J1,1035,1158,2193
2018-12-13T18:45:00+09:00,J2,787,789,1576
2018-12-13T18:45:00+09:00,J3,1224,994,2218
2018-12-13T18:45:00+09:00,J4,1162,940,2102
2018-12-13T18:45:00+09:00,J5,710,721,1431
2018-12-13T19:00:00+09:00,J1,942,1066,2008
2018-12-13T19:00:00+09:00,J2,826,729,1555
2018-12-13T19:00:00+09:00,J3,1292,916,2208
2018-12-13T19:00:00+09:00,J4,985,874,1859
2018-12-13T19:00:00+09:00,J5,731,855,1586
2018-12-13T19:15:00+09:00,J1,896,1177,2073
2018-12-13T19:15:00+09:00,J2,725,818,1543
2018-12-13T19:15:00+09:00,J3,1221,959,2180
2018-12-13T19:15:00+09:00,J4,971,878,1849
2018-12-13T19:15:00+09:00,J5,743,839,1582
2018-12-13T19:30:00+09:00,J1,972,1106,2078
2018-12-13T19:30:00+09:00,J2,707,735,1442
2018-12-13T19:30:00+09:00,J3,1062,946,2008
2018-12-13T19:30:00+09:00,J4,923,817,1740
2018-12-13T19:30:00+09:00,J5,664,761,1425
2018-12-13T19:45:00+09:00,J1,904,1113,2017
2018-12-13T19:45:00+09:00,J2,628,662,1290
2018-12-13T19:45:00+09:00,J3,1086,937,2023
2018-12-13T19:45:00+09:00,J4,961,888,1849
2018-12-13T19:45:00+09:00,J5,714,782,1496
2018-12-13T20:00:00+09:00,J1,972,1108,2080
2018-12-13T20:00:00+09:00,J2,676,723,1399
2018-12-13T20:00:00+09:00,J3,1067,865,1932
2018-12-13T20:00:00+09:00,J4,891,823,1714
2018-12-13T20:00:00+09:00,J5,726,784,1510
2018-12-13T20:15:00+09:00,J1,931,1148,2079
2018-12-13T20:15:00+09:00,J2,660,708,1368
2018-12-13T20:15:00+09:00,J3,971,874,1845
2018-12-13T20:15:00+09:00,J4,937,874,1811
2018-12-13T20:15:00+09:00,J5,680,756,1436
2018-12-13T20:30:00+09:00,J1,985,1083,2068
2018-12-13T20:30:00+09:00,J2,690,726,1416
2018-12-13T20:30:00+09:00,J3,994,870,1864
2018-12-13T20:30:00+09:00,J4,709,743,1452
2018-12-13T20:30:00+09:00,J5,685,772,1457
2018-12-13T20:45:00+09:00,J1,1022,1109,2131
2018-12-13T20:45:00+09:00,J2,625,631,1256
2018-12-13T20:45:00+09:00,J3,949,834,1783
2018-12-13T20:45:00+09:00,J4,677,637,1314
2018-12-13T20:45:00+09:00,J5,626,705,1331
2018-12-13T21:00:00+09:00,J1,1121,1323,2444
2018-12-13T21:00:00+09:00,J2,611,568,1179
2018-12-13T21:00:00+09:00,J3,1069,935,2004
2018-12-13T21:00:00+09:00,J4,762,790,1552
2018-12-13T21:00:00+09:00,J5,675,763,1438
2018-12-13T21:15:00+09:00,J1,960,1105,2065
2018-12-13T21:15:00+09:00,J2,612,687,1299
2018-12-13T21:15:00+09:00,J3,1036,972,2008
2018-12-13T21:15:00+09:00,J4,857,759,1616
2018-12-13T21:15:00+09:00,J5,665,760,1425
2018-12-13T21:30:00+09:00,J1,974,1111,2085
2018-12-13T21:30:00+09:00,J2,717,692,1409
2018-12-13T21:30:00+09:00,J3,1111,978,2089
2018-12-13T21:30:00+09:00,J4,788,752,1540
2018-12-13T21:30:00+09:00,J5,574,661,1235
2018-12-13T21:45:00+09:00,J1,845,1033,1878
2018-12-13T21:45:00+09:00,J2,753,690,1443
2018-12-13T21:45:00+09:00,J3,1099,935,2034
2018-12-13T21:45:00+09:00,J4,818,712,1530
2018-12-13T21:45:00+09:00,J5,514,608,1122
2018-12-13T22:00:00+09:00,J1,888,1080,1968
2018-12-13T22:00:00+09:00,J2,674,766,1440
2018-12-13T22:00:00+09:00,J3,1065,909,1974
2018-12-13T22:00:00+09:00,J4,821,780,1601
2018-12-13T22:00:00+09:00,J5,574,567,1141
2018-12-13T22:15:00+09:00,J1,926,1115,2041
2018-12-13T22:15:00+09:00,J2,602,676,1278
2018-12-13T22:15:00+09:00,J3,1032,828,1860
2018-12-13T22:15:00+09:00,J4,700,705,1405
2018-12-13T22:15:00+09:00,J5,517,578,1095
2018-12-13T22:30:00+09:00,J1,1103,1263,2366
2018-12-13T22:30:00+09:00,J2,611,661,1272
2018-12-13T22:30:00+09:00,J3,1012,783,1795
2018-12-13T22:30:00+09:00,J4,713,775,1488
2018-12-13T22:30:00+09:00,J5,458,462,920
2018-12-13T22:45:00+09:00,J1,1209,1263,2472
2018-12-13T22:45:00+09:00,J2,632,691,1323
2018-12-13T22:45:00+09:00,J3,940,792,1732
2018-12-13T22:45:00+09:00,J4,719,753,1472
2018-12-13T22:45:00+09:00,J5,383,450,833
2018-12-13T23:00:00+09:00,J1,1005,1159,2164
2018-12-13T23:00:00+09:00,J2,621,630,1251
2018-12-13T23:00:00+09:00,J3,933,757,1690
2018-12-13T23:00:00+09:00,J4,729,700,1429
2018-12-13T23:00:00+09:00,J5,398,460,858
2018-12-13T23:15:00+09:00,J1,1019,1142,2161
2018-12-13T23:15:00+09:00,J2,517,634,1151
2018-12-13T23:15:00+09:00,J3,833,746,1579
2018-12-13T23:15:00+09:00,J4,660,762,1422
2018-12-13T23:15:00+09:00,J5,405,456,861
2018-12-13T23:30:00+09:00,J1,1064,1111,2175
2018-12-13T23:30:00+09:00,J2,492,591,1083
2018-12-13T23:30:00+09:00,J3,868,750,1618
2018-12-13T23:30:00+09:00,J4,649,711,1360
2018-12-13T23:30:00+09:00,J5,426,442,868
2018-12-13T23:45:00+09:00,J1,1120,1203,2323
2018-12-13T23:45:00+09:00,J2,470,518,988
2018-12-13T23:45:00+09:00,J3,949,758,1707
2018-12-13T23:45:00+09:00,J4,713,646,1359
2018-12-13T23:45:00+09:00,J5,448,464,912
2018-12-14T00:00:00+09:00,J1,919,874,1793
2018-12-14T00:00:00+09:00,J2,424,479,903
2018-12-14T00:00:00+09:00,J3,726,631,1357
2018-12-14T00:00:00+09:00,J4,724,674,1398
2018-12-14T00:00:00+09:00,J5,431,457,888
2018-12-14T00:15:00+09:00,J1,761,804,1565
2018-12-14T00:15:00+09:00,J2,396,493,889
2018-12-14T00:15:00+09:00,J3,490,456,946
2018-12-14T00:15:00+09:00,J4,529,473,1002
2018-12-14T00:15:00+09:00,J5,504,502,1006
2018-12-14T00:30:00+09:00,J1,657,699,1356
2018-12-14T00:30:00+09:00,J2,361,427,788
2018-12-14T00:30:00+09:00,J3,445,464,909
2018-12-14T00:30:00+09:00,J4,374,333,707
2018-12-14T00:30:00+09:00,J5,539,532,1071
2018-12-14T00:45:00+09:00,J1,577,549,1126
2018-12-14T00:45:00+09:00,J2,392,502,894
2018-12-14T00:45:00+09:00,J3,446,394,840
2018-12-14T00:45:00+09:00,J4,378,304,682
2018-12-14T00:45:00+09:00,J5,562,518,1080
2018-12-14T05:45:00+09:00,J1,886,974,1860
2018-12-14T05:45:00+09:00,J2,442,492,934
2018-12-14T05:45:00+09:00,J3,713,693,1406
2018-12-14T05:45:00+09:00,J4,431,557,988
2018-12-14T05:45:00+09:00,J5,529,457,986
2018-12-14T06:00:00+09:00,J1,758,786,1544
2018-12-14T06:00:00+09:00,J2,449,510,959
2018-12-14T06:00:00+09:00,J3,659,658,1317
2018-12-14T06:00:00+09:00,J4,486,555,1041
2018-12-14T06:00:00+09:00,J5,465,410,875
2018-12-14T06:15:00+09:00,J1,883,960,1843
2018-12-14T06:15:00+09:00,J2,463,531,994
2018-12-14T06:15:00+09:00,J3,658,665,1323
2018-12-14T06:15:00+09:00,J4,511,608,1119
2018-12-14T06:15:00+09:00,J5,473,445,918
2018-12-14T06:30:00+09:00,J1,990,1051,2041
2018-12-14T06:30:00+09:00,J2,442,529,971
2018-12-14T06:30:00+09:00,J3,658,679,1337
2018-12-14T06:30:00+09:00,J4,538,617,1155
2018-12-14T06:30:00+09:00,J5,470,418,888
2018-12-14T06:45:00+09:00,J1,1107,1096,2203
2018-12-14T06:45:00+09:00,J2,535,523,1058
2018-12-14T06:45:00+09:00,J3,664,584,1248
2018-12-14T06:45:00+09:00,J4,562,633,1195
2018-12-14T06:45:00+09:00,J5,508,428,936
2018-12-14T07:00:00+09:00,J1,1072,1198,2270
2018-12-14T07:00:00+09:00,J2,552,636,1188
2018-12-14T07:00:00+09:00,J3,709,725,1434
2018-12-14T07:00:00+09:00,J4,653,725,1378
2018-12-14T07:00:00+09:00,J5,479,456,935
2018-12-14T07:15:00+09:00,J1,1154,1193,2347
2018-12-14T07:15:00+09:00,J2,765,637,1402
2018-12-14T07:15:00+09:00,J3,865,818,1683
2018-12-14T07:15:00+09:00,J4,722,831,1553
2018-12-14T07:15:00+09:00,J5,542,546,1088
2018-12-14T07:30:00+09:00,J1,1159,1297,2456
2018-12-14T07:30:00+09:00,J2,692,601,1293
2018-12-14T07:30:00+09:00,J3,1215,1045,2260
2018-12-14T07:30:00+09:00,J4,717,872,1589
2018-12-14T07:30:00+09:00,J5,598,560,1158
2018-12-14T07:45:00+09:00,J1,1193,1267,2460
2018-12-14T07:45:00+09:00,J2,742,618,1360
2018-12-14T07:45:00+09:00,J3,1349,1232,2581
2018-12-14T07:45:00+09:00,J4,675,924,1599
2018-12-14T07:45:00+09:00,J5,566,612,1178
2018-12-14T08:00:00+09:00,J1,1056,1057,2113
2018-12-14T08:00:00+09:00,J2,1007,749,1756
2018-12-14T08:00:00+09:00,J3,1442,1404,2846
2018-12-14T08:00:00+09:00,J4,739,1043,1782
2018-12-14T08:00:00+09:00,J5,632,667,1299
2018-12-14T08:15:00+09:00,J1,1228,1159,2387
2018-12-14T08:15:00+09:00,J2,994,754,1748
2018-12-14T08:15:00+09:00,J3,1445,1474,2919
2018-12-14T08:15:00+09:00,J4,782,1160,1942
2018-12-14T08:15:00+09:00,J5,749,790,1539
2018-12-14T08:30:00+09:00,J1,1117,1046,2163
2018-12-14T08:30:00+09:00,J2,1149,690,1839
2018-12-14T08:30:00+09:00,J3,1335,1489,2824
2018-12-14T08:30:00+09:00,J4,850,1197,2047
2018-12-14T08:30:00+09:00,J5,614,723,1337
2018-12-14T08:45:00+09:00,J1,1036,1011,2047
2018-12-14T08:45:00+09:00,J2,970,710,1680
2018-12-14T08:45:00+09:00,J3,1215,1189,2404
2018-12-14T08:45:00+09:00,J4,699,967,1666
2018-12-14T08:45:00+09:00,J5,605,624,1229
2018-12-14T09:00:00+09:00,J1,1072,1093,2165
2018-12-14T09:00:00+09:00,J2,903,675,1578
2018-12-14T09:00:00+09:00,J3,1144,997,2141
2018-12-14T09:00:00+09:00,J4,614,688,1302
2018-12-14T09:00:00+09:00,J5,555,594,1149
2018-12-14T09:15:00+09:00,J1,1047,979,2026
2018-12-14T09:15:00+09:00,J2,827,585,1412
2018-12-14T09:15:00+09:00,J3,960,923,1883
2018-12-14T09:15:00+09:00,J4,638,748,1386
2018-12-14T09:15:00+09:00,J5,464,500,964
2018-12-14T09:30:00+09:00,J1,1055,1100,2155
2018-12-14T09:30:00+09:00,J2,792,578,1370
2018-12-14T09:30:00+09:00,J3,967,934,1901
2018-12-14T09:30:00+09:00,J4,618,761,1379
2018-12-14T09:30:00+09:00,J5,448,422,870
2018-12-14T09:45:00+09:00,J1,1012,1038,2050
2018-12-14T09:45:00+09:00,J2,792,548,1340
2018-12-14T09:45:00+09:00,J3,1066,974,2040
2018-12-14T09:45:00+09:00,J4,652,668,1320
2018-12-14T09:45:00+09:00,J5,477,428,905
2018-12-14T10:00:00+09:00,J1,1059,1087,2146
2018-12-14T10:00:00+09:00,J2,737,666,1403
2018-12-14T10:00:00+09:00,J3,1045,966,2011
2018-12-14T10:00:00+09:00,J4,616,652,1268
2018-12-14T10:00:00+09:00,J5,464,436,900
2018-12-14T10:15:00+09:00,J1,1010,1114,2124
2018-12-14T10:15:00+09:00,J2,815,723,1538
2018-12-14T10:15:00+09:00,J3,1071,964,2035
2018-12-14T10:15:00+09:00,J4,715,722,1437
2018-12-14T10:15:00+09:00,J5,457,427,884
2018-12-14T10:30:00+09:00,J1,1214,1254,2468
2018-12-14T10:30:00+09:00,J2,826,732,1558
2018-12-14T10:30:00+09:00,J3,1086,959,2045
2018-12-14T10:30:00+09:00,J4,635,655,1290
2018-12-14T10:30:00+09:00,J5,518,488,1006
2018-12-14T10:45:00+09:00,J1,1222,1302,2524
2018-12-14T10:45:00+09:00,J2,860,731,1591
2018-12-14T10:45:00+09:00,J3,1212,1007,2219
2018-12-14T10:45:00+09:00,J4,643,755,1398
2018-12-14T10:45:00+09:00,J5,513,475,988
2018-12-14T11:00:00+09:00,J1,1196,1345,2541
2018-12-14T11:00:00+09:00,J2,849,819,1668
2018-12-14T11:00:00+09:00,J3,1093,1054,2147
2018-12-14T11:00:00+09:00,J4,685,781,1466
2018-12-14T11:00:00+09:00,J5,530,458,988
2018-12-14T11:15:00+09:00,J1,1093,1203,2296
2018-12-14T11:15:00+09:00,J2,816,818,1634
2018-12-14T11:15:00+09:00,J3,1355,1204,2559
2018-12-14T11:15:00+09:00,J4,718,821,1539
2018-12-14T11:15:00+09:00,J5,555,501,1056
2018-12-14T11:30:00+09:00,J1,957,1139,2096
2018-12-14T11:30:00+09:00,J2,895,870,1765
2018-12-14T11:30:00+09:00,J3,1411,1297,2708
2018-12-14T11:30:00+09:00,J4,739,790,1529
2018-12-14T11:30:00+09:00,J5,697,696,1393
2018-12-14T11:45:00+09:00,J1,968,1150,2118
2018-12-14T11:45:00+09:00,J2,838,885,1723
2018-12-14T11:45:00+09:00,J3,1439,1352,2791
2018-12-14T11:45:00+09:00,J4,773,839,1612
2018-12-14T11:45:00+09:00,J5,693,614,1307
2018-12-14T12:00:00+09:00,J1,978,1167,2145
2018-12-14T12:00:00+09:00,J2,1015,861,1876
2018-12-14T12:00:00+09:00,J3,1417,1286,2703
2018-12-14T12:00:00+09:00,J4,917,884,1801
2018-12-14T12:00:00+09:00,J5,641,650,1291
2018-12-14T12:15:00+09:00,J1,853,1114,1967
2018-12-14T12:15:00+09:00,J2,853,868,1721
2018-12-14T12:15:00+09:00,J3,1414,1289,2703
2018-12-14T12:15:00+09:00,J4,986,958,1944
2018-12-14T12:15:00+09:00,J5,754,731,1485
2018-12-14T12:30:00+09:00,J1,882,1134,2016
2018-12-14T12:30:00+09:00,J2,836,933,1769
2018-12-14T12:30:00+09:00,J3,1266,1247,2513
2018-12-14T12:30:00+09:00,J4,986,915,1901
2018-12-14T12:30:00+09:00,J5,818,777,1595
2018-12-14T12:45:00+09:00,J1,922,1147,2069
2018-12-14T12:45:00+09:00,J2,873,910,1783
2018-12-14T12:45:00+09:00,J3,1214,1196,2410
2018-12-14T12:45:00+09:00,J4,1004,894,1898
2018-12-14T12:45:00+09:00,J5,759,741,1500
2018-12-14T13:00:00+09:00,J1,934,1177,2111
2018-12-14T13:00:00+09:00,J2,842,838,1680
2018-12-14T13:00:00+09:00,J3,1199,1153,2352
2018-12-14T13:00:00+09:00,J4,969,911,1880
2018-12-14T13:00:00+09:00,J5,771,747,1518
2018-12-14T13:15:00+09:00,J1,905,1071,1976
2018-12-14T13:15:00+09:00,J2,831,851,1682
2018-12-14T13:15:00+09:00,J3,1277,1126,2403
2018-12-14T13:15:00+09:00,J4,1045,937,1982
2018-12-14T13:15:00+09:00,J5,820,766,1586
2018-12-14T13:30:00+09:00,J1,1001,1206,2207
2018-12-14T13:30:00+09:00,J2,818,854,1672
2018-12-14T13:30:00+09:00,J3,1175,1136,2311
2018-12-14T13:30:00+09:00,J4,943,908,1851
2018-12-14T13:30:00+09:00,J5,738,709,1447
2018-12-14T13:45:00+09:00,J1,899,1082,1981
2018-12-14T13:45:00+09:00,J2,762,852,1614
2018-12-14T13:45:00+09:00,J3,1193,1134,2327
2018-12-14T13:45:00+09:00,J4,952,975,1927
2018-12-14T13:45:00+09:00,J5,689,682,1371
2018-12-14T14:00:00+09:00,J1,950,1136,2086
2018-12-14T14:00:00+09:00,J2,789,893,1682
2018-12-14T14:00:00+09:00,J3,1230,1197,2427
2018-12-14T14:00:00+09:00,J4,931,933,1864
2018-12-14T14:00:00+09:00,J5,637,657,1294
2018-12-14T14:15:00+09:00,J1,1068,1315,2383
2018-12-14T14:15:00+09:00,J2,796,927,1723
2018-12-14T14:15:00+09:00,J3,1285,1289,2574
2018-12-14T14:15:00+09:00,J4,931,954,1885
2018-12-14T14:15:00+09:00,J5,667,682,1349
2018-12-14T14:30:00+09:00,J1,958,1142,2100
2018-12-14T14:30:00+09:00,J2,859,942,1801
2018-12-14T14:30:00+09:00,J3,1207,1191,2398
2018-12-14T14:30:00+09:00,J4,999,943,1942
2018-12-14T14:30:00+09:00,J5,630,630,1260
2018-12-14T14:45:00+09:00,J1,1002,1108,2110
2018-12-14T14:45:00+09:00,J2,858,848,1706
2018-12-14T14:45:00+09:00,J3,1214,1288,2502
2018-12-14T14:45:00+09:00,J4,977,932,1909
2018-12-14T14:45:00+09:00,J5,668,641,1309
2018-12-14T15:00:00+09:00,J1,940,1099,2039
2018-12-14T15:00:00+09:00,J2,870,872,1742
2018-12-14T15:00:00+09:00,J3,1174,1141,2315
2018-12-14T15:00:00+09:00,J4,1015,941,1956
2018-12-14T15:00:00+09:00,J5,673,650,1323
2018-12-14T15:15:00+09:00,J1,904,1161,2065
2018-12-14T15:15:00+09:00,J2,868,849,1717
2018-12-14T15:15:00+09:00,J3,1159,1173,2332
2018-12-14T15:15:00+09:00,J4,914,965,1879
2018-12-14T15:15:00+09:00,J5,639,607,1246
2018-12-14T15:30:00+09:00,J1,928,1113,2041
2018-12-14T15:30:00+09:00,J2,850,877,1727
2018-12-14T15:30:00+09:00,J3,1257,1318,2575
2018-12-14T15:30:00+09:00,J4,952,965,1917
2018-12-14T15:30:00+09:00,J5,609,599,1208
2018-12-14T15:45:00+09:00,J1,944,1223,2167
2018-12-14T15:45:00+09:00,J2,834,776,1610
2018-12-14T15:45:00+09:00,J3,1170,1285,2455
2018-12-14T15:45:00+09:00,J4,1004,968,1972
2018-12-14T15:45:00+09:00,J5,644,602,1246
2018-12-14T16:00:00+09:00,J1,932,1138,2070
2018-12-14T16:00:00+09:00,J2,789,792,1581
2018-12-14T16:00:00+09:00,J3,1204,1207,2411
2018-12-14T16:00:00+09:00,J4,933,940,1873
2018-12-14T16:00:00+09:00,J5,602,654,1256
2018-12-14T16:15:00+09:00,J1,1040,1174,2214
2018-12-14T16:15:00+09:00,J2,820,876,1696
2018-12-14T16:15:00+09:00,J3,1246,1175,2421
2018-12-14T16:15:00+09:00,J4,1036,915,1951
2018-12-14T16:15:00+09:00,J5,634,634,1268
2018-12-14T16:30:00+09:00,J1,966,1289,2255
2018-12-14T16:30:00+09:00,J2,868,811,1679
2018-12-14T16:30:00+09:00,J3,1323,1280,2603
2018-12-14T16:30:00+09:00,J4,970,984,1954
2018-12-14T16:30:00+09:00,J5,654,593,1247
2018-12-14T16:45:00+09:00,J1,1073,1343,2416
2018-12-14T16:45:00+09:00,J2,834,803,1637
2018-12-14T16:45:00+09:00,J3,1369,1194,2563
2018-12-14T16:45:00+09:00,J4,1043,937,1980
2018-12-14T16:45:00+09:00,J5,594,649,1243
2018-12-14T17:00:00+09:00,J1,1155,1334,2489
2018-12-14T17:00:00+09:00,J2,889,823,1712
2018-12-14T17:00:00+09:00,J3,1562,1357,2919
2018-12-14T17:00:00+09:00,J4,978,918,1896
2018-12-14T17:00:00+09:00,J5,567,616,1183
2018-12-14T17:15:00+09:00,J1,1120,1335,2455
2018-12-14T17:15:00+09:00,J2,1002,956,1958
2018-12-14T17:15:00+09:00,J3,1566,1461,3027
2018-12-14T17:15:00+09:00,J4,927,972,1899
2018-12-14T17:15:00+09:00,J5,686,776,1462
2018-12-14T17:30:00+09:00,J1,1135,1414,2549
2018-12-14T17:30:00+09:00,J2,1101,1084,2185
2018-12-14T17:30:00+09:00,J3,1576,1345,2921
2018-12-14T17:30:00+09:00,J4,1008,861,1869
2018-12-14T17:30:00+09:00,J5,782,855,1637
2018-12-14T17:45:00+09:00,J1,1262,1545,2807
2018-12-14T17:45:00+09:00,J2,1106,1011,2117
2018-12-14T17:45:00+09:00,J3,1726,1345,3071
2018-12-14T17:45:00+09:00,J4,1136,833,1969
2018-12-14T17:45:00+09:00,J5,810,889,1699
2018-12-14T18:00:00+09:00,J1,1162,1379,2541
2018-12-14T18:00:00+09:00,J2,1053,1058,2111
2018-12-14T18:00:00+09:00,J3,1712,1264,2976
2018-12-14T18:00:00+09:00,J4,1082,826,1908
2018-12-14T18:00:00+09:00,J5,816,830,1646
2018-12-14T18:15:00+09:00,J1,1129,1300,2429
2018-12-14T18:15:00+09:00,J2,1091,1019,2110
2018-12-14T18:15:00+09:00,J3,1753,1214,2967
2018-12-14T18:15:00+09:00,J4,1307,1002,2309
2018-12-14T18:15:00+09:00,J5,786,877,1663
2018-12-14T18:30:00+09:00,J1,1060,1237,2297
2018-12-14T18:30:00+09:00,J2,1125,901,2026
2018-12-14T18:30:00+09:00,J3,1549,1251,2800
2018-12-14T18:30:00+09:00,J4,1363,970,2333
2018-12-14T18:30:00+09:00,J5,691,820,1511
2018-12-14T18:45:00+09:00,J1,1305,1366,2671
2018-12-14T18:45:00+09:00,J2,959,818,1777
2018-12-14T18:45:00+09:00,J3,1459,1325,2784
2018-12-14T18:45:00+09:00,J4,1058,967,2025
2018-12-14T18:45:00+09:00,J5,732,783,1515
2018-12-14T19:00:00+09:00,J1,1187,1436,2623
2018-12-14T19:00:00+09:00,J2,734,732,1466
2018-12-14T19:00:00+09:00,J3,1448,1224,2672
2018-12-14T19:00:00+09:00,J4,1052,881,1933
2018-12-14T19:00:00+09:00,J5,723,808,1531
2018-12-14T19:15:00+09:00,J1,1203,1377,2580
2018-12-14T19:15:00+09:00,J2,763,740,1503
2018-12-14T19:15:00+09:00,J3,1444,1248,2692
2018-12-14T19:15:00+09:00,J4,936,798,1734
2018-12-14T19:15:00+09:00,J5,766,779,1545
2018-12-14T19:30:00+09:00,J1,1188,1415,2603
2018-12-14T19:30:00+09:00,J2,695,765,1460
2018-12-14T19:30:00+09:00,J3,1435,1184,2619
2018-12-14T19:30:00+09:00,J4,873,762,1635
2018-12-14T19:30:00+09:00,J5,653,709,1362
2018-12-14T19:45:00+09:00,J1,1189,1344,2533
2018-12-14T19:45:00+09:00,J2,683,646,1329
2018-12-14T19:45:00+09:00,J3,1261,1114,2375
2018-12-14T19:45:00+09:00,J4,845,700,1545
2018-12-14T19:45:00+09:00,J5,603,659,1262
2018-12-14T20:00:00+09:00,J1,1177,1409,2586
2018-12-14T20:00:00+09:00,J2,662,736,1398
2018-12-14T20:00:00+09:00,J3,1392,1248,2640
2018-12-14T20:00:00+09:00,J4,786,711,1497
2018-12-14T20:00:00+09:00,J5,597,651,1248
2018-12-14T20:15:00+09:00,J1,1171,1402,2573
2018-12-14T20:15:00+09:00,J2,770,714,1484
2018-12-14T20:15:00+09:00,J3,1461,1286,2747
2018-12-14T20:15:00+09:00,J4,822,774,1596
2018-12-14T20:15:00+09:00,J5,557,636,1193
2018-12-14T20:30:00+09:00,J1,1215,1443,2658
2018-12-14T20:30:00+09:00,J2,626,801,1427
2018-12-14T20:30:00+09:00,J3,1385,1216,2601
2018-12-14T20:30:00+09:00,J4,773,772,1545
2018-12-14T20:30:00+09:00,J5,635,632,1267
2018-12-14T20:45:00+09:00,J1,1146,1377,2523
2018-12-14T20:45:00+09:00,J2,623,674,1297
2018-12-14T20:45:00+09:00,J3,1319,1206,2525
2018-12-14T20:45:00+09:00,J4,806,756,1562
2018-12-14T20:45:00+09:00,J5,537,597,1134
2018-12-14T21:00:00+09:00,J1,1111,1430,2541
2018-12-14T21:00:00+09:00,J2,571,688,1259
2018-12-14T21:00:00+09:00,J3,1213,1050,2263
2018-12-14T21:00:00+09:00,J4,855,753,1608
2018-12-14T21:00:00+09:00,J5,583,574,1157
2018-12-14T21:15:00+09:00,J1,1147,1271,2418
2018-12-14T21:15:00+09:00,J2,657,718,1375
2018-12-14T21:15:00+09:00,J3,1176,1096,2272
2018-12-14T21:15:00+09:00,J4,824,695,1519
2018-12-14T21:15:00+09:00,J5,624,609,1233
2018-12-14T21:30:00+09:00,J1,1076,1356,2432
2018-12-14T21:30:00+09:00,J2,683,620,1303
2018-12-14T21:30:00+09:00,J3,1198,984,2182
2018-12-14T21:30:00+09:00,J4,827,678,1505
2018-12-14T21:30:00+09:00,J5,586,587,1173
2018-12-14T21:45:00+09:00,J1,1057,1275,2332
2018-12-14T21:45:00+09:00,J2,701,728,1429
2018-12-14T21:45:00+09:00,J3,1150,943,2093
2018-12-14T21:45:00+09:00,J4,762,741,1503
2018-12-14T21:45:00+09:00,J5,559,556,1115
2018-12-14T22:00:00+09:00,J1,1150,1228,2378
2018-12-14T22:00:00+09:00,J2,774,800,1574
2018-12-14T22:00:00+09:00,J3,1109,977,2086
2018-12-14T22:00:00+09:00,J4,825,796,1621
2018-12-14T22:00:00+09:00,J5,558,578,1136
2018-12-14T22:15:00+09:00,J1,1085,1302,2387
2018-12-14T22:15:00+09:00,J2,760,740,1500
2018-12-14T22:15:00+09:00,J3,1191,960,2151
2018-12-14T22:15:00+09:00,J4,798,829,1627
2018-12-14T22:15:00+09:00,J5,545,563,1108
2018-12-14T22:30:00+09:00,J1,1087,1260,2347
2018-12-14T22:30:00+09:00,J2,724,717,1441
2018-12-14T22:30:00+09:00,J3,1154,921,2075
2018-12-14T22:30:00+09:00,J4,765,806,1571
2018-12-14T22:30:00+09:00,J5,472,583,1055
2018-12-14T22:45:00+09:00,J1,1098,1297,2395
2018-12-14T22:45:00+09:00,J2,889,944,1833
2018-12-14T22:45:00+09:00,J3,1073,915,1988
2018-12-14T22:45:00+09:00,J4,825,840,1665
2018-12-14T22:45:00+09:00,J5,467,431,898
2018-12-14T23:00:00+09:00,J1,1087,1234,2321
2018-12-14T23:00:00+09:00,J2,642,730,1372
2018-12-14T23:00:00+09:00,J3,1212,994,2206
2018-12-14T23:00:00+09:00,J4,811,753,1564
2018-12-14T23:00:00+09:00,J5,441,439,880
2018-12-14T23:15:00+09:00,J1,1076,1239,2315
2018-12-14T23:15:00+09:00,J2,609,647,1256
2018-12-14T23:15:00+09:00,J3,1090,928,2018
2018-12-14T23:15:00+09:00,J4,765,790,1555
2018-12-14T23:15:00+09:00,J5,392,390,782
2018-12-14T23:30:00+09:00,J1,1137,1214,2351
2018-12-14T23:30:00+09:00,J2,638,723,1361
2018-12-14T23:30:00+09:00,J3,1121,940,2061
2018-12-14T23:30:00+09:00,J4,718,845,1563
2018-12-14T23:30:00+09:00,J5,452,446,898
2018-12-14T23:45:00+09:00,J1,1071,1235,2306
2018-12-14T23:45:00+09:00,J2,617,650,1267
2018-12-14T23:45:00+09:00,J3,1044,872,1916
2018-12-14T23:45:00+09:00,J4,683,630,1313
2018-12-14T23:45:00+09:00,J5,413,441,854
2018-12-15T00:00:00+09:00,J1,1069,1014,2083
2018-12-15T00:00:00+09:00,J2,454,560,1014
2018-12-15T00:00:00+09:00,J3,768,685,1453
2018-12-15T00:00:00+09:00,J4,623,588,1211
2018-12-15T00:00:00+09:00,J5,419,413,832
2018-12-15T00:15:00+09:00,J1,746,753,1499
2018-12-15T00:15:00+09:00,J2,440,522,962
2018-12-15T00:15:00+09:00,J3,533,497,1030
2018-12-15T00:15:00+09:00,J4,533,486,1019
2018-12-15T00:15:00+09:00,J5,518,531,1049
2018-12-15T00:30:00+09:00,J1,701,672,1373
2018-12-15T00:30:00+09:00,J2,420,384,804
2018-12-15T00:30:00+09:00,J3,636,646,1282
2018-12-15T00:30:00+09:00,J4,422,376,798
2018-12-15T00:30:00+09:00,J5,575,570,1145
2018-12-15T00:45:00+09:00,J1,591,654,1245
2018-12-15T00:45:00+09:00,J2,386,474,860
2018-12-15T00:45:00+09:00,J3,688,666,1354
2018-12-15T00:45:00+09:00,J4,396,376,772
2018-12-15T00:45:00+09:00,J5,586,588,1174
2018-12-15T05:45:00+09:00,J1,876,920,1796
2018-12-15T05:45:00+09:00,J2,411,488,899
2018-12-15T05:45:00+09:00,J3,685,695,1380
2018-12-15T05:45:00+09:00,J4,480,554,1034
2018-12-15T05:45:00+09:00,J5,452,452,904
2018-12-15T06:00:00+09:00,J1,901,942,1843
2018-12-15T06:00:00+09:00,J2,520,559,1079
2018-12-15T06:00:00+09:00,J3,585,625,1210
2018-12-15T06:00:00+09:00,J4,494,535,1029
2018-12-15T06:00:00+09:00,J5,388,346,734
2018-12-15T06:15:00+09:00,J1,990,972,1962
2018-12-15T06:15:00+09:00,J2,423,508,931
2018-12-15T06:15:00+09:00,J3,597,603,1200
2018-12-15T06:15:00+09:00,J4,503,512,1015
2018-12-15T06:15:00+09:00,J5,434,381,815
2018-12-15T06:30:00+09:00,J1,966,1013,1979
2018-12-15T06:30:00+09:00,J2,427,505,932
2018-12-15T06:30:00+09:00,J3,622,550,1172
2018-12-15T06:30:00+09:00,J4,587,606,1193
2018-12-15T06:30:00+09:00,J5,432,403,835
2018-12-15T06:45:00+09:00,J1,1015,1060,2075
2018-12-15T06:45:00+09:00,J2,513,476,989
2018-12-15T06:45:00+09:00,J3,647,566,1213
2018-12-15T06:45:00+09:00,J4,640,670,1310
2018-12-15T06:45:00+09:00,J5,395,402,797
2018-12-15T07:00:00+09:00,J1,1115,1103,2218
2018-12-15T07:00:00+09:00,J2,464,569,1033
2018-12-15T07:00:00+09:00,J3,633,610,1243
2018-12-15T07:00:00+09:00,J4,634,653,1287
2018-12-15T07:00:00+09:00,J5,432,405,837
2018-12-15T07:15:00+09:00,J1,1054,1155,2209
2018-12-15T07:15:00+09:00,J2,653,574,1227
2018-12-15T07:15:00+09:00,J3,694,736,1430
2018-12-15T07:15:00+09:00,J4,740,752,1492
2018-12-15T07:15:00+09:00,J5,517,443,960
2018-12-15T07:30:00+09:00,J1,1098,1130,2228
2018-12-15T07:30:00+09:00,J2,579,643,1222
2018-12-15T07:30:00+09:00,J3,683,704,1387
2018-12-15T07:30:00+09:00,J4,719,704,1423
2018-12-15T07:30:00+09:00,J5,501,463,964
2018-12-15T07:45:00+09:00,J1,1069,1101,2170
2018-12-15T07:45:00+09:00,J2,548,594,1142
2018-12-15T07:45:00+09:00,J3,725,725,1450
2018-12-15T07:45:00+09:00,J4,746,778,1524
2018-12-15T07:45:00+09:00,J5,424,440,864
2018-12-15T08:00:00+09:00,J1,1259,1425,2684
2018-12-15T08:00:00+09:00,J2,689,624,1313
2018-12-15T08:00:00+09:00,J3,1108,1120,2228
2018-12-15T08:00:00+09:00,J4,679,781,1460
2018-12-15T08:00:00+09:00,J5,505,540,1045
2018-12-15T08:15:00+09:00,J1,1266,1405,2671
2018-12-15T08:15:00+09:00,J2,795,679,1474
2018-12-15T08:15:00+09:00,J3,1263,1127,2390
2018-12-15T08:15:00+09:00,J4,664,839,1503
2018-12-15T08:15:00+09:00,J5,604,568,1172
2018-12-15T08:30:00+09:00,J1,1272,1222,2494
2018-12-15T08:30:00+09:00,J2,698,581,1279
2018-12-15T08:30:00+09:00,J3,1219,1048,2267
2018-12-15T08:30:00+09:00,J4,672,898,1570
2018-12-15T08:30:00+09:00,J5,643,685,1328
2018-12-15T08:45:00+09:00,J1,1161,1136,2297
2018-12-15T08:45:00+09:00,J2,730,671,1401
2018-12-15T08:45:00+09:00,J3,1237,1095,2332
2018-12-15T08:45:00+09:00,J4,669,806,1475
2018-12-15T08:45:00+09:00,J5,596,615,1211
2018-12-15T09:00:00+09:00,J1,995,1041,2036
2018-12-15T09:00:00+09:00,J2,778,736,1514
2018-12-15T09:00:00+09:00,J3,892,906,1798
2018-12-15T09:00:00+09:00,J4,632,746,1378
2018-12-15T09:00:00+09:00,J5,425,496,921
2018-12-15T09:15:00+09:00,J1,1182,1102,2284
2018-12-15T09:15:00+09:00,J2,808,681,1489
2018-12-15T09:15:00+09:00,J3,783,852,1635
2018-12-15T09:15:00+09:00,J4,616,683,1299
2018-12-15T09:15:00+09:00,J5,438,390,828
2018-12-15T09:30:00+09:00,J1,1211,1284,2495
2018-12-15T09:30:00+09:00,J2,772,622,1394
2018-12-15T09:30:00+09:00,J3,730,801,1531
2018-12-15T09:30:00+09:00,J4,642,720,1362
2018-12-15T09:30:00+09:00,J5,476,383,859
2018-12-15T09:45:00+09:00,J1,1164,1209,2373
2018-12-15T09:45:00+09:00,J2,759,745,1504
2018-12-15T09:45:00+09:00,J3,897,868,1765
2018-12-15T09:45:00+09:00,J4,616,661,1277
2018-12-15T09:45:00+09:00,J5,383,426,809
2018-12-15T10:00:00+09:00,J1,1237,1309,2546
2018-12-15T10:00:00+09:00,J2,703,610,1313
2018-12-15T10:00:00+09:00,J3,852,844,1696
2018-12-15T10:00:00+09:00,J4,555,763,1318
2018-12-15T10:00:00+09:00,J5,469,434,903
2018-12-15T10:15:00+09:00,J1,1146,1250,2396
2018-12-15T10:15:00+09:00,J2,787,701,1488
2018-12-15T10:15:00+09:00,J3,1030,873,1903
2018-12-15T10:15:00+09:00,J4,577,641,1218
2018-12-15T10:15:00+09:00,J5,466,406,872
2018-12-15T10:30:00+09:00,J1,1299,1265,2564
2018-12-15T10:30:00+09:00,J2,824,695,1519
2018-12-15T10:30:00+09:00,J3,967,845,1812
2018-12-15T10:30:00+09:00,J4,572,699,1271
2018-12-15T10:30:00+09:00,J5,485,439,924
2018-12-15T10:45:00+09:00,J1,1323,1394,2717
2018-12-15T10:45:00+09:00,J2,853,680,1533
2018-12-15T10:45:00+09:00,J3,1001,927,1928
2018-12-15T10:45:00+09:00,J4,611,684,1295
2018-12-15T10:45:00+09:00,J5,458,385,843
2018-12-15T11:00:00+09:00,J1,1193,1413,2606
2018-12-15T11:00:00+09:00,J2,811,606,1417
2018-12-15T11:00:00+09:00,J3,1181,1125,2306
2018-12-15T11:00:00+09:00,J4,672,684,1356
2018-12-15T11:00:00+09:00,J5,494,524,1018
2018-12-15T11:15:00+09:00,J1,1209,1333,2542
2018-12-15T11:15:00+09:00,J2,768,697,1465
2018-12-15T11:15:00+09:00,J3,1151,1195,2346
2018-12-15T11:15:00+09:00,J4,724,706,1430
2018-12-15T11:15:00+09:00,J5,696,636,1332
2018-12-15T11:30:00+09:00,J1,1160,1381,2541
2018-12-15T11:30:00+09:00,J2,757,649,1406
2018-12-15T11:30:00+09:00,J3,1062,1104,2166
2018-12-15T11:30:00+09:00,J4,770,818,1588
2018-12-15T11:30:00+09:00,J5,618,643,1261
2018-12-15T11:45:00+09:00,J1,1218,1397,2615
2018-12-15T11:45:00+09:00,J2,770,639,1409
2018-12-15T11:45:00+09:00,J3,1158,1193,2351
2018-12-15T11:45:00+09:00,J4,857,828,1685
2018-12-15T11:45:00+09:00,J5,603,627,1230
2018-12-15T12:00:00+09:00,J1,1157,1377,2534
2018-12-15T12:00:00+09:00,J2,703,630,1333
2018-12-15T12:00:00+09:00,J3,1023,1054,2077
2018-12-15T12:00:00+09:00,J4,1046,962,2008
2018-12-15T12:00:00+09:00,J5,656,691,1347
2018-12-15T12:15:00+09:00,J1,1217,1352,2569
2018-12-15T12:15:00+09:00,J2,808,699,1507
2018-12-15T12:15:00+09:00,J3,1133,1170,2303
2018-12-15T12:15:00+09:00,J4,890,944,1834
2018-12-15T12:15:00+09:00,J5,702,658,1360
2018-12-15T12:30:00+09:00,J1,1182,1410,2592
2018-12-15T12:30:00+09:00,J2,866,725,1591
2018-12-15T12:30:00+09:00,J3,1114,988,2102
2018-12-15T12:30:00+09:00,J4,913,949,1862
2018-12-15T12:30:00+09:00,J5,695,711,1406
2018-12-15T12:45:00+09:00,J1,1195,1390,2585
2018-12-15T12:45:00+09:00,J2,789,718,1507
2018-12-15T12:45:00+09:00,J3,1066,913,1979
2018-12-15T12:45:00+09:00,J4,983,936,1919
2018-12-15T12:45:00+09:00,J5,638,650,1288
2018-12-15T13:00:00+09:00,J1,1165,1408,2573
2018-12-15T13:00:00+09:00,J2,850,686,1536
2018-12-15T13:00:00+09:00,J3,1182,921,2103
2018-12-15T13:00:00+09:00,J4,993,1014,2007
2018-12-15T13:00:00+09:00,J5,622,613,1235
2018-12-15T13:15:00+09:00,J1,1201,1433,2634
2018-12-15T13:15:00+09:00,J2,808,730,1538
2018-12-15T13:15:00+09:00,J3,1096,1054,2150
2018-12-15T13:15:00+09:00,J4,937,1040,1977
2018-12-15T13:15:00+09:00,J5,573,609,1182
2018-12-15T13:30:00+09:00,J1,1134,1374,2508
2018-12-15T13:30:00+09:00,J2,852,680,1532
2018-12-15T13:30:00+09:00,J3,1186,949,2135
2018-12-15T13:30:00+09:00,J4,921,982,1903
2018-12-15T13:30:00+09:00,J5,578,603,1181
2018-12-15T13:45:00+09:00,J1,1149,1378,2527
2018-12-15T13:45:00+09:00,J2,798,760,1558
2018-12-15T13:45:00+09:00,J3,1180,935,2115
2018-12-15T13:45:00+09:00,J4,964,955,1919
2018-12-15T13:45:00+09:00,J5,519,605,1124
2018-12-15T14:00:00+09:00,J1,1165,1437,2602
2018-12-15T14:00:00+09:00,J2,854,774,1628
2018-12-15T14:00:00+09:00,J3,1170,982,2152
2018-12-15T14:00:00+09:00,J4,928,919,1847
2018-12-15T14:00:00+09:00,J5,606,633,1239
2018-12-15T14:15:00+09:00,J1,1177,1450,2627
2018-12-15T14:15:00+09:00,J2,911,785,1696
2018-12-15T14:15:00+09:00,J3,1182,1022,2204
2018-12-15T14:15:00+09:00,J4,966,888,1854
2018-12-15T14:15:00+09:00,J5,568,609,1177
2018-12-15T14:30:00+09:00,J1,1109,1494,2603
2018-12-15T14:30:00+09:00,J2,910,767,1677
2018-12-15T14:30:00+09:00,J3,1209,977,2186
2018-12-15T14:30:00+09:00,J4,1016,973,1989
2018-12-15T14:30:00+09:00,J5,611,614,1225
2018-12-15T14:45:00+09:00,J1,1084,1432,2516
2018-12-15T14:45:00+09:00,J2,938,766,1704
2018-12-15T14:45:00+09:00,J3,1178,982,2160
2018-12-15T14:45:00+09:00,J4,954,970,1924
2018-12-15T14:45:00+09:00,J5,548,575,1123
2018-12-15T15:00:00+09:00,J1,1215,1475,2690
2018-12-15T15:00:00+09:00,J2,956,844,1800
2018-12-15T15:00:00+09:00,J3,1259,1004,2263
2018-12-15T15:00:00+09:00,J4,897,935,1832
2018-12-15T15:00:00+09:00,J5,514,528,1042
2018-12-15T15:15:00+09:00,J1,1169,1450,2619
2018-12-15T15:15:00+09:00,J2,984,748,1732
2018-12-15T15:15:00+09:00,J3,1217,1033,2250
2018-12-15T15:15:00+09:00,J4,972,951,1923
2018-12-15T15:15:00+09:00,J5,517,539,1056
2018-12-15T15:30:00+09:00,J1,1109,1381,2490
2018-12-15T15:30:00+09:00,J2,979,795,1774
2018-12-15T15:30:00+09:00,J3,1314,1022,2336
2018-12-15T15:30:00+09:00,J4,942,960,1902
2018-12-15T15:30:00+09:00,J5,473,448,921
2018-12-15T15:45:00+09:00,J1,1158,1338,2496
2018-12-15T15:45:00+09:00,J2,903,796,1699
2018-12-15T15:45:00+09:00,J3,1280,996,2276
2018-12-15T15:45:00+09:00,J4,999,936,1935
2018-12-15T15:45:00+09:00,J5,443,406,849
2018-12-15T16:00:00+09:00,J1,1221,1368,2589
2018-12-15T16:00:00+09:00,J2,997,802,1799
2018-12-15T16:00:00+09:00,J3,1361,1177,2538
2018-12-15T16:00:00+09:00,J4,978,954,1932
2018-12-15T16:00:00+09:00,J5,427,437,864
2018-12-15T16:15:00+09:00,J1,1166,1443,2609
2018-12-15T16:15:00+09:00,J2,1037,788,1825
2018-12-15T16:15:00+09:00,J3,1460,1214,2674
2018-12-15T16:15:00+09:00,J4,983,962,1945
2018-12-15T16:15:00+09:00,J5,456,386,842
2018-12-15T16:30:00+09:00,J1,1193,1413,2606
2018-12-15T16:30:00+09:00,J2,1008,805,1813
2018-12-15T16:30:00+09:00,J3,1416,1314,2730
2018-12-15T16:30:00+09:00,J4,1035,962,1997
2018-12-15T16:30:00+09:00,J5,454,430,884
2018-12-15T16:45:00+09:00,J1,1181,1406,2587
2018-12-15T16:45:00+09:00,J2,1087,829,1916
2018-12-15T16:45:00+09:00,J3,1345,1385,2730
2018-12-15T16:45:00+09:00,J4,1018,962,1980
2018-12-15T16:45:00+09:00,J5,422,348,770
2018-12-15T17:00:00+09:00,J1,1170,1458,2628
2018-12-15T17:00:00+09:00,J2,1069,813,1882
2018-12-15T17:00:00+09:00,J3,1491,1238,2729
2018-12-15T17:00:00+09:00,J4,1003,953,1956
2018-12-15T17:00:00+09:00,J5,474,451,925
2018-12-15T17:15:00+09:00,J1,1288,1493,2781
2018-12-15T17:15:00+09:00,J2,1107,945,2052
2018-12-15T17:15:00+09:00,J3,1462,1229,2691
2018-12-15T17:15:00+09:00,J4,1015,932,1947
2018-12-15T17:15:00+09:00,J5,529,504,1033
2018-12-15T17:30:00+09:00,J1,1190,1540,2730
2018-12-15T17:30:00+09:00,J2,1151,924,2075
2018-12-15T17:30:00+09:00,J3,1425,1096,2521
2018-12-15T17:30:00+09:00,J4,1040,958,1998
2018-12-15T17:30:00+09:00,J5,558,440,998
2018-12-15T17:45:00+09:00,J1,1272,1460,2732
2018-12-15T17:45:00+09:00,J2,1131,753,1884
2018-12-15T17:45:00+09:00,J3,1442,1160,2602
2018-12-15T17:45:00+09:00,J4,1005,947,1952
2018-12-15T17:45:00+09:00,J5,502,451,953
2018-12-15T18:00:00+09:00,J1,1319,1453,2772
2018-12-15T18:00:00+09:00,J2,1116,971,2087
2018-12-15T18:00:00+09:00,J3,1432,1092,2524
2018-12-15T18:00:00+09:00,J4,986,894,1880
2018-12-15T18:00:00+09:00,J5,542,423,965
2018-12-15T18:15:00+09:00,J1,1258,1500,2758
2018-12-15T18:15:00+09:00,J2,1116,750,1866
2018-12-15T18:15:00+09:00,J3,1332,1112,2444
2018-12-15T18:15:00+09:00,J4,986,967,1953
2018-12-15T18:15:00+09:00,J5,584,472,1056
2018-12-15T18:30:00+09:00,J1,1338,1423,2761
2018-12-15T18:30:00+09:00,J2,1100,684,1784
2018-12-15T18:30:00+09:00,J3,1240,975,2215
2018-12-15T18:30:00+09:00,J4,1140,889,2029
2018-12-15T18:30:00+09:00,J5,541,476,1017
2018-12-15T18:45:00+09:00,J1,1233,1460,2693
2018-12-15T18:45:00+09:00,J2,978,710,1688
2018-12-15T18:45:00+09:00,J3,1081,906,1987
2018-12-15T18:45:00+09:00,J4,1080,975,2055
2018-12-15T18:45:00+09:00,J5,442,440,882
2018-12-15T19:00:00+09:00,J1,1175,1313,2488
2018-12-15T19:00:00+09:00,J2,807,761,1568
2018-12-15T19:00:00+09:00,J3,1047,861,1908
2018-12-15T19:00:00+09:00,J4,1078,921,1999
2018-12-15T19:00:00+09:00,J5,525,407,932
2018-12-15T19:15:00+09:00,J1,1170,1371,2541
2018-12-15T19:15:00+09:00,J2,901,780,1681
2018-12-15T19:15:00+09:00,J3,1092,942,2034
2018-12-15T19:15:00+09:00,J4,1098,956,2054
2018-12-15T19:15:00+09:00,J5,474,414,888
2018-12-15T19:30:00+09:00,J1,1141,1249,2390
2018-12-15T19:30:00+09:00,J2,836,702,1538
2018-12-15T19:30:00+09:00,J3,1047,961,2008
2018-12-15T19:30:00+09:00,J4,1007,893,1900
2018-12-15T19:30:00+09:00,J5,496,429,925
2018-12-15T19:45:00+09:00,J1,1112,1253,2365
2018-12-15T19:45:00+09:00,J2,780,705,1485
2018-12-15T19:45:00+09:00,J3,1017,831,1848
2018-12-15T19:45:00+09:00,J4,859,827,1686
2018-12-15T19:45:00+09:00,J5,444,395,839
2018-12-15T20:00:00+09:00,J1,1114,1269,2383
2018-12-15T20:00:00+09:00,J2,817,753,1570
2018-12-15T20:00:00+09:00,J3,937,900,1837
2018-12-15T20:00:00+09:00,J4,957,823,1780
2018-12-15T20:00:00+09:00,J5,415,390,805
2018-12-15T20:15:00+09:00,J1,1139,1239,2378
2018-12-15T20:15:00+09:00,J2,777,775,1552
2018-12-15T20:15:00+09:00,J3,1034,923,1957
2018-12-15T20:15:00+09:00,J4,1010,897,1907
2018-12-15T20:15:00+09:00,J5,440,384,824
2018-12-15T20:30:00+09:00,J1,1159,1266,2425
2018-12-15T20:30:00+09:00,J2,808,720,1528
2018-12-15T20:30:00+09:00,J3,932,922,1854
2018-12-15T20:30:00+09:00,J4,978,835,1813
2018-12-15T20:30:00+09:00,J5,385,319,704
2018-12-15T20:45:00+09:00,J1,1111,1382,2493
2018-12-15T20:45:00+09:00,J2,787,681,1468
2018-12-15T20:45:00+09:00,J3,923,861,1784
2018-12-15T20:45:00+09:00,J4,802,775,1577
2018-12-15T20:45:00+09:00,J5,409,393,802
2018-12-15T21:00:00+09:00,J1,1107,1187,2294
2018-12-15T21:00:00+09:00,J2,601,630,1231
2018-12-15T21:00:00+09:00,J3,1085,859,1944
2018-12-15T21:00:00+09:00,J4,1017,788,1805
2018-12-15T21:00:00+09:00,J5,480,411,891
2018-12-15T21:15:00+09:00,J1,1108,1299,2407
2018-12-15T21:15:00+09:00,J2,453,589,1042
2018-12-15T21:15:00+09:00,J3,976,886,1862
2018-12-15T21:15:00+09:00,J4,997,818,1815
2018-12-15T21:15:00+09:00,J5,553,490,1043
2018-12-15T21:30:00+09:00,J1,1068,1264,2332
2018-12-15T21:30:00+09:00,J2,508,656,1164
2018-12-15T21:30:00+09:00,J3,875,857,1732
2018-12-15T21:30:00+09:00,J4,969,769,1738
2018-12-15T21:30:00+09:00,J5,470,430,900
2018-12-15T21:45:00+09:00,J1,1060,1228,2288
2018-12-15T21:45:00+09:00,J2,540,606,1146
2018-12-15T21:45:00+09:00,J3,847,854,1701
2018-12-15T21:45:00+09:00,J4,871,779,1650
2018-12-15T21:45:00+09:00,J5,514,496,1010
2018-12-15T22:00:00+09:00,J1,1019,1245,2264
2018-12-15T22:00:00+09:00,J2,585,576,1161
2018-12-15T22:00:00+09:00,J3,833,873,1706
2018-12-15T22:00:00+09:00,J4,832,773,1605
2018-12-15T22:00:00+09:00,J5,465,497,962
2018-12-15T22:15:00+09:00,J1,963,1156,2119
2018-12-15T22:15:00+09:00,J2,609,582,1191
2018-12-15T22:15:00+09:00,J3,901,815,1716
2018-12-15T22:15:00+09:00,J4,948,825,1773
2018-12-15T22:15:00+09:00,J5,474,518,992
2018-12-15T22:30:00+09:00,J1,975,1227,2202
2018-12-15T22:30:00+09:00,J2,633,577,1210
2018-12-15T22:30:00+09:00,J3,946,929,1875
2018-12-15T22:30:00+09:00,J4,865,780,1645
2018-12-15T22:30:00+09:00,J5,505,520,1025
2018-12-15T22:45:00+09:00,J1,1053,1226,2279
2018-12-15T22:45:00+09:00,J2,719,670,1389
2018-12-15T22:45:00+09:00,J3,949,959,1908
2018-12-15T22:45:00+09:00,J4,812,736,1548
2018-12-15T22:45:00+09:00,J5,473,531,1004
2018-12-15T23:00:00+09:00,J1,1005,1161,2166
2018-12-15T23:00:00+09:00,J2,713,620,1333
2018-12-15T23:00:00+09:00,J3,927,903,1830
2018-12-15T23:00:00+09:00,J4,804,768,1572
2018-12-15T23:00:00+09:00,J5,499,543,1042
2018-12-15T23:15:00+09:00,J1,1016,1104,2120
2018-12-15T23:15:00+09:00,J2,663,637,1300
2018-12-15T23:15:00+09:00,J3,881,902,1783
2018-12-15T23:15:00+09:00,J4,791,783,1574
2018-12-15T23:15:00+09:00,J5,490,478,968
2018-12-15T23:30:00+09:00,J1,971,1143,2114
2018-12-15T23:30:00+09:00,J2,626,677,1303
2018-12-15T23:30:00+09:00,J3,856,917,1773
2018-12-15T23:30:00+09:00,J4,777,785,1562
2018-12-15T23:30:00+09:00,J5,447,484,931
2018-12-15T23:45:00+09:00,J1,970,1115,2085
2018-12-15T23:45:00+09:00,J2,619,592,1211
2018-12-15T23:45:00+09:00,J3,739,784,1523
2018-12-15T23:45:00+09:00,J4,798,705,1503
2018-12-15T23:45:00+09:00,J5,452,522,974
2018-12-16T00:00:00+09:00,J1,863,886,1749
2018-12-16T00:00:00+09:00,J2,632,594,1226
2018-12-16T00:00:00+09:00,J3,848,777,1625
2018-12-16T00:00:00+09:00,J4,781,682,1463
2018-12-16T00:00:00+09:00,J5,486,505,991
2018-12-16T00:15:00+09:00,J1,658,709,1367
2018-12-16T00:15:00+09:00,J2,562,467,1029
2018-12-16T00:15:00+09:00,J3,892,896,1788
2018-12-16T00:15:00+09:00,J4,722,663,1385
2018-12-16T00:15:00+09:00,J5,404,404,808
2018-12-16T00:30:00+09:00,J1,534,504,1038
2018-12-16T00:30:00+09:00,J2,454,431,885
2018-12-16T00:30:00+09:00,J3,769,662,1431
2018-12-16T00:30:00+09:00,J4,572,575,1147
2018-12-16T00:30:00+09:00,J5,402,370,772
2018-12-16T00:45:00+09:00,J1,543,478,1021
2018-12-16T00:45:00+09:00,J2,506,490,996
2018-12-16T00:45:00+09:00,J3,745,570,1315
2018-12-16T00:45:00+09:00,J4,626,577,1203
2018-12-16T00:45:00+09:00,J5,409,407,816
2018-12-16T05:45:00+09:00,J1,709,748,1457
2018-12-16T05:45:00+09:00,J2,416,516,932
2018-12-16T05:45:00+09:00,J3,647,595,1242
2018-12-16T05:45:00+09:00,J4,454,482,936
2018-12-16T05:45:00+09:00,J5,372,383,755
2018-12-16T06:00:00+09:00,J1,650,666,1316
2018-12-16T06:00:00+09:00,J2,492,459,951
2018-12-16T06:00:00+09:00,J3,741,731,1472
2018-12-16T06:00:00+09:00,J4,447,454,901
2018-12-16T06:00:00+09:00,J5,377,419,796
2018-12-16T06:15:00+09:00,J1,776,789,1565
2018-12-16T06:15:00+09:00,J2,559,532,1091
2018-12-16T06:15:00+09:00,J3,995,849,1844
2018-12-16T06:15:00+09:00,J4,508,561,1069
2018-12-16T06:15:00+09:00,J5,427,417,844
2018-12-16T06:30:00+09:00,J1,793,823,1616
2018-12-16T06:30:00+09:00,J2,504,469,973
2018-12-16T06:30:00+09:00,J3,843,738,1581
2018-12-16T06:30:00+09:00,J4,519,551,1070
2018-12-16T06:30:00+09:00,J5,437,442,879
2018-12-16T06:45:00+09:00,J1,795,874,1669
2018-12-16T06:45:00+09:00,J2,494,459,953
2018-12-16T06:45:00+09:00,J3,937,758,1695
2018-12-16T06:45:00+09:00,J4,482,516,998
2018-12-16T06:45:00+09:00,J5,374,377,751
2018-12-16T07:00:00+09:00,J1,874,941,1815
2018-12-16T07:00:00+09:00,J2,419,445,864
2018-12-16T07:00:00+09:00,J3,852,686,1538
2018-12-16T07:00:00+09:00,J4,526,560,1086
2018-12-16T07:00:00+09:00,J5,466,393,859
2018-12-16T07:15:00+09:00,J1,983,964,1947
2018-12-16T07:15:00+09:00,J2,464,539,1003
2018-12-16T07:15:00+09:00,J3,839,796,1635
2018-12-16T07:15:00+09:00,J4,646,630,1276
2018-12-16T07:15:00+09:00,J5,411,397,808
2018-12-16T07:30:00+09:00,J1,903,915,1818
2018-12-16T07:30:00+09:00,J2,468,432,900
2018-12-16T07:30:00+09:00,J3,1038,850,1888
2018-12-16T07:30:00+09:00,J4,629,752,1381
2018-12-16T07:30:00+09:00,J5,491,502,993
2018-12-16T07:45:00+09:00,J1,844,911,1755
2018-12-16T07:45:00+09:00,J2,473,457,930
2018-12-16T07:45:00+09:00,J3,1004,832,1836
2018-12-16T07:45:00+09:00,J4,633,742,1375
2018-12-16T07:45:00+09:00,J5,542,517,1059
2018-12-16T08:00:00+09:00,J1,1205,1211,2416
2018-12-16T08:00:00+09:00,J2,718,611,1329
2018-12-16T08:00:00+09:00,J3,1077,1013,2090
2018-12-16T08:00:00+09:00,J4,621,689,1310
2018-12-16T08:00:00+09:00,J5,524,486,1010
2018-12-16T08:15:00+09:00,J1,1280,1342,2622
2018-12-16T08:15:00+09:00,J2,610,607,1217
2018-12-16T08:15:00+09:00,J3,950,945,1895
2018-12-16T08:15:00+09:00,J4,610,742,1352
2018-12-16T08:15:00+09:00,J5,613,532,1145
2018-12-16T08:30:00+09:00,J1,1166,1259,2425
2018-12-16T08:30:00+09:00,J2,619,589,1208
2018-12-16T08:30:00+09:00,J3,1025,884,1909
2018-12-16T08:30:00+09:00,J4,610,766,1376
2018-12-16T08:30:00+09:00,J5,489,494,983
2018-12-16T08:45:00+09:00,J1,1014,1082,2096
2018-12-16T08:45:00+09:00,J2,620,594,1214
2018-12-16T08:45:00+09:00,J3,928,848,1776
2018-12-16T08:45:00+09:00,J4,653,746,1399
2018-12-16T08:45:00+09:00,J5,403,443,846
2018-12-16T09:00:00+09:00,J1,920,886,1806
2018-12-16T09:00:00+09:00,J2,748,665,1413
2018-12-16T09:00:00+09:00,J3,841,833,1674
2018-12-16T09:00:00+09:00,J4,645,754,1399
2018-12-16T09:00:00+09:00,J5,318,320,638
2018-12-16T09:15:00+09:00,J1,959,981,1940
2018-12-16T09:15:00+09:00,J2,714,688,1402
2018-12-16T09:15:00+09:00,J3,1009,947,1956
2018-12-16T09:15:00+09:00,J4,700,774,1474
2018-12-16T09:15:00+09:00,J5,378,309,687
2018-12-16T09:30:00+09:00,J1,1018,1062,2080
2018-12-16T09:30:00+09:00,J2,706,711,1417
2018-12-16T09:30:00+09:00,J3,1080,960,2040
2018-12-16T09:30:00+09:00,J4,726,810,1536
2018-12-16T09:30:00+09:00,J5,394,360,754
2018-12-16T09:45:00+09:00,J1,1105,1068,2173
2018-12-16T09:45:00+09:00,J2,731,686,1417
2018-12-16T09:45:00+09:00,J3,1025,980,2005
2018-12-16T09:45:00+09:00,J4,558,745,1303
2018-12-16T09:45:00+09:00,J5,425,387,812
2018-12-16T10:00:00+09:00,J1,1268,1218,2486
2018-12-16T10:00:00+09:00,J2,663,729,1392
2018-12-16T10:00:00+09:00,J3,1026,958,1984
2018-12-16T10:00:00+09:00,J4,560,655,1215
2018-12-16T10:00:00+09:00,J5,458,405,863
2018-12-16T10:15:00+09:00,J1,1252,1245,2497
2018-12-16T10:15:00+09:00,J2,782,704,1486
2018-12-16T10:15:00+09:00,J3,1039,910,1949
2018-12-16T10:15:00+09:00,J4,568,684,1252
2018-12-16T10:15:00+09:00,J5,439,407,846
2018-12-16T10:30:00+09:00,J1,1185,1158,2343
2018-12-16T10:30:00+09:00,J2,806,634,1440
2018-12-16T10:30:00+09:00,J3,970,961,1931
2018-12-16T10:30:00+09:00,J4,560,661,1221
2018-12-16T10:30:00+09:00,J5,377,352,729
2018-12-16T10:45:00+09:00,J1,1219,1265,2484
2018-12-16T10:45:00+09:00,J2,777,595,1372
2018-12-16T10:45:00+09:00,J3,1032,985,2017
2018-12-16T10:45:00+09:00,J4,699,751,1450
2018-12-16T10:45:00+09:00,J5,331,312,643
2018-12-16T11:00:00+09:00,J1,1272,1390,2662
2018-12-16T11:00:00+09:00,J2,719,645,1364
2018-12-16T11:00:00+09:00,J3,977,1041,2018
2018-12-16T11:00:00+09:00,J4,745,832,1577
2018-12-16T11:00:00+09:00,J5,462,473,935
2018-12-16T11:15:00+09:00,J1,1158,1296,2454
2018-12-16T11:15:00+09:00,J2,745,638,1383
2018-12-16T11:15:00+09:00,J3,985,883,1868
2018-12-16T11:15:00+09:00,J4,822,860,1682
2018-12-16T11:15:00+09:00,J5,431,470,901
2018-12-16T11:30:00+09:00,J1,1160,1219,2379
2018-12-16T11:30:00+09:00,J2,754,677,1431
2018-12-16T11:30:00+09:00,J3,899,932,1831
2018-12-16T11:30:00+09:00,J4,793,818,1611
2018-12-16T11:30:00+09:00,J5,474,565,1039
2018-12-16T11:45:00+09:00,J1,1193,1276,2469
2018-12-16T11:45:00+09:00,J2,781,682,1463
2018-12-16T11:45:00+09:00,J3,905,863,1768
2018-12-16T11:45:00+09:00,J4,1015,847,1862
2018-12-16T11:45:00+09:00,J5,565,565,1130
2018-12-16T12:00:00+09:00,J1,1285,1294,2579
2018-12-16T12:00:00+09:00,J2,743,713,1456
2018-12-16T12:00:00+09:00,J3,894,841,1735
2018-12-16T12:00:00+09:00,J4,859,937,1796
2018-12-16T12:00:00+09:00,J5,548,557,1105
2018-12-16T12:15:00+09:00,J1,1176,1298,2474
2018-12-16T12:15:00+09:00,J2,650,724,1374
2018-12-16T12:15:00+09:00,J3,854,845,1699
2018-12-16T12:15:00+09:00,J4,916,907,1823
2018-12-16T12:15:00+09:00,J5,481,442,923
2018-12-16T12:30:00+09:00,J1,1166,1295,2461
2018-12-16T12:30:00+09:00,J2,715,750,1465
2018-12-16T12:30:00+09:00,J3,758,804,1562
2018-12-16T12:30:00+09:00,J4,894,950,1844
2018-12-16T12:30:00+09:00,J5,406,434,840
2018-12-16T12:45:00+09:00,J1,1136,1254,2390
2018-12-16T12:45:00+09:00,J2,811,782,1593
2018-12-16T12:45:00+09:00,J3,960,885,1845
2018-12-16T12:45:00+09:00,J4,963,945,1908
2018-12-16T12:45:00+09:00,J5,407,392,799
2018-12-16T13:00:00+09:00,J1,1147,1319,2466
2018-12-16T13:00:00+09:00,J2,842,810,1652
2018-12-16T13:00:00+09:00,J3,963,981,1944
2018-12-16T13:00:00+09:00,J4,887,901,1788
2018-12-16T13:00:00+09:00,J5,396,405,801
2018-12-16T13:15:00+09:00,J1,1139,1358,2497
2018-12-16T13:15:00+09:00,J2,744,698,1442
2018-12-16T13:15:00+09:00,J3,1055,1031,2086
2018-12-16T13:15:00+09:00,J4,796,883,1679
2018-12-16T13:15:00+09:00,J5,393,408,801
2018-12-16T13:30:00+09:00,J1,1109,1342,2451
2018-12-16T13:30:00+09:00,J2,753,774,1527
2018-12-16T13:30:00+09:00,J3,1053,985,2038
2018-12-16T13:30:00+09:00,J4,891,903,1794
2018-12-16T13:30:00+09:00,J5,415,409,824
2018-12-16T13:45:00+09:00,J1,1044,1302,2346
2018-12-16T13:45:00+09:00,J2,759,782,1541
2018-12-16T13:45:00+09:00,J3,983,1064,2047
2018-12-16T13:45:00+09:00,J4,874,907,1781
2018-12-16T13:45:00+09:00,J5,405,413,818
2018-12-16T14:00:00+09:00,J1,842,1078,1920
2018-12-16T14:00:00+09:00,J2,731,746,1477
2018-12-16T14:00:00+09:00,J3,1040,1077,2117
2018-12-16T14:00:00+09:00,J4,875,921,1796
2018-12-16T14:00:00+09:00,J5,389,410,799
2018-12-16T14:15:00+09:00,J1,903,1119,2022
2018-12-16T14:15:00+09:00,J2,796,791,1587
2018-12-16T14:15:00+09:00,J3,1050,1082,2132
2018-12-16T14:15:00+09:00,J4,813,900,1713
2018-12-16T14:15:00+09:00,J5,473,411,884
2018-12-16T14:30:00+09:00,J1,1142,1349,2491
2018-12-16T14:30:00+09:00,J2,769,791,1560
2018-12-16T14:30:00+09:00,J3,1040,1011,2051
2018-12-16T14:30:00+09:00,J4,821,920,1741
2018-12-16T14:30:00+09:00,J5,418,460,878
2018-12-16T14:45:00+09:00,J1,972,1187,2159
2018-12-16T14:45:00+09:00,J2,776,839,1615
2018-12-16T14:45:00+09:00,J3,1019,1021,2040
2018-12-16T14:45:00+09:00,J4,813,940,1753
2018-12-16T14:45:00+09:00,J5,652,690,1342
2018-12-16T15:00:00+09:00,J1,780,1006,1786
2018-12-16T15:00:00+09:00,J2,761,787,1548
2018-12-16T15:00:00+09:00,J3,997,973,1970
2018-12-16T15:00:00+09:00,J4,803,916,1719
2018-12-16T15:00:00+09:00,J5,648,710,1358
2018-12-16T15:15:00+09:00,J1,825,1018,1843
2018-12-16T15:15:00+09:00,J2,766,807,1573
2018-12-16T15:15:00+09:00,J3,1014,1046,2060
2018-12-16T15:15:00+09:00,J4,827,881,1708
2018-12-16T15:15:00+09:00,J5,690,693,1383
2018-12-16T15:30:00+09:00,J1,935,1154,2089
2018-12-16T15:30:00+09:00,J2,944,799,1743
2018-12-16T15:30:00+09:00,J3,1058,1050,2108
2018-12-16T15:30:00+09:00,J4,799,857,1656
2018-12-16T15:30:00+09:00,J5,559,688,1247
2018-12-16T15:45:00+09:00,J1,1052,1302,2354
2018-12-16T15:45:00+09:00,J2,836,840,1676
2018-12-16T15:45:00+09:00,J3,995,1033,2028
2018-12-16T15:45:00+09:00,J4,785,920,1705
2018-12-16T15:45:00+09:00,J5,658,688,1346
2018-12-16T16:00:00+09:00,J1,1110,1301,2411
2018-12-16T16:00:00+09:00,J2,897,806,1703
2018-12-16T16:00:00+09:00,J3,1105,1147,2252
2018-12-16T16:00:00+09:00,J4,771,882,1653
2018-12-16T16:00:00+09:00,J5,562,655,1217
2018-12-16T16:15:00+09:00,J1,1124,1311,2435
2018-12-16T16:15:00+09:00,J2,858,779,1637
2018-12-16T16:15:00+09:00,J3,1283,1154,2437
2018-12-16T16:15:00+09:00,J4,768,790,1558
2018-12-16T16:15:00+09:00,J5,528,582,1110
2018-12-16T16:30:00+09:00,J1,1082,1254,2336
2018-12-16T16:30:00+09:00,J2,829,798,1627
2018-12-16T16:30:00+09:00,J3,1300,1113,2413
2018-12-16T16:30:00+09:00,J4,808,807,1615
2018-12-16T16:30:00+09:00,J5,527,536,1063
2018-12-16T16:45:00+09:00,J1,1147,1296,2443
2018-12-16T16:45:00+09:00,J2,810,818,1628
2018-12-16T16:45:00+09:00,J3,1270,1189,2459
2018-12-16T16:45:00+09:00,J4,744,840,1584
2018-12-16T16:45:00+09:00,J5,509,527,1036
2018-12-16T17:00:00+09:00,J1,1123,1385,2508
2018-12-16T17:00:00+09:00,J2,761,775,1536
2018-12-16T17:00:00+09:00,J3,1268,1203,2471
2018-12-16T17:00:00+09:00,J4,755,767,1522
2018-12-16T17:00:00+09:00,J5,540,564,1104
2018-12-16T17:15:00+09:00,J1,1183,1395,2578
2018-12-16T17:15:00+09:00,J2,955,763,1718
2018-12-16T17:15:00+09:00,J3,1283,1187,2470
2018-12-16T17:15:00+09:00,J4,751,687,1438
2018-12-16T17:15:00+09:00,J5,483,523,1006
2018-12-16T17:30:00+09:00,J1,1184,1369,2553
2018-12-16T17:30:00+09:00,J2,842,703,1545
2018-12-16T17:30:00+09:00,J3,1367,1210,2577
2018-12-16T17:30:00+09:00,J4,821,759,1580
2018-12-16T17:30:00+09:00,J5,487,530,1017
2018-12-16T17:45:00+09:00,J1,1080,1377,2457
2018-12-16T17:45:00+09:00,J2,868,742,1610
2018-12-16T17:45:00+09:00,J3,1332,1115,2447
2018-12-16T17:45:00+09:00,J4,857,835,1692
2018-12-16T17:45:00+09:00,J5,446,465,911
2018-12-16T18:00:00+09:00,J1,1168,1368,2536
2018-12-16T18:00:00+09:00,J2,740,725,1465
2018-12-16T18:00:00+09:00,J3,1321,1100,2421
2018-12-16T18:00:00+09:00,J4,806,776,1582
2018-12-16T18:00:00+09:00,J5,426,473,899
2018-12-16T18:15:00+09:00,J1,1129,1344,2473
2018-12-16T18:15:00+09:00,J2,698,707,1405
2018-12-16T18:15:00+09:00,J3,1179,1126,2305
2018-12-16T18:15:00+09:00,J4,766,752,1518
2018-12-16T18:15:00+09:00,J5,503,548,1051
2018-12-16T18:30:00+09:00,J1,1102,1321,2423
2018-12-16T18:30:00+09:00,J2,730,678,1408
2018-12-16T18:30:00+09:00,J3,930,979,1909
2018-12-16T18:30:00+09:00,J4,835,869,1704
2018-12-16T18:30:00+09:00,J5,399,435,834
2018-12-16T18:45:00+09:00,J1,1126,1266,2392
2018-12-16T18:45:00+09:00,J2,740,731,1471
2018-12-16T18:45:00+09:00,J3,858,906,1764
2018-12-16T18:45:00+09:00,J4,781,856,1637
2018-12-16T18:45:00+09:00,J5,354,372,726
2018-12-16T19:00:00+09:00,J1,1057,1222,2279
2018-12-16T19:00:00+09:00,J2,832,687,1519
2018-12-16T19:00:00+09:00,J3,890,915,1805
2018-12-16T19:00:00+09:00,J4,813,783,1596
2018-12-16T19:00:00+09:00,J5,386,399,785
2018-12-16T19:15:00+09:00,J1,1078,1226,2304
2018-12-16T19:15:00+09:00,J2,791,730,1521
2018-12-16T19:15:00+09:00,J3,998,962,1960
2018-12-16T19:15:00+09:00,J4,749,793,1542
2018-12-16T19:15:00+09:00,J5,326,321,647
2018-12-16T19:30:00+09:00,J1,1065,1164,2229
2018-12-16T19:30:00+09:00,J2,749,674,1423
2018-12-16T19:30:00+09:00,J3,989,908,1897
2018-12-16T19:30:00+09:00,J4,827,809,1636
2018-12-16T19:30:00+09:00,J5,361,334,695
2018-12-16T19:45:00+09:00,J1,1010,1143,2153
2018-12-16T19:45:00+09:00,J2,737,688,1425
2018-12-16T19:45:00+09:00,J3,872,793,1665
2018-12-16T19:45:00+09:00,J4,753,750,1503
2018-12-16T19:45:00+09:00,J5,304,365,669
2018-12-16T20:00:00+09:00,J1,1021,1123,2144
2018-12-16T20:00:00+09:00,J2,595,700,1295
2018-12-16T20:00:00+09:00,J3,855,831,1686
2018-12-16T20:00:00+09:00,J4,838,814,1652
2018-12-16T20:00:00+09:00,J5,348,340,688
2018-12-16T20:15:00+09:00,J1,1026,1182,2208
2018-12-16T20:15:00+09:00,J2,695,720,1415
2018-12-16T20:15:00+09:00,J3,923,857,1780
2018-12-16T20:15:00+09:00,J4,748,787,1535
2018-12-16T20:15:00+09:00,J5,369,371,740
2018-12-16T20:30:00+09:00,J1,1112,1194,2306
2018-12-16T20:30:00+09:00,J2,594,617,1211
2018-12-16T20:30:00+09:00,J3,913,846,1759
2018-12-16T20:30:00+09:00,J4,810,721,1531
2018-12-16T20:30:00+09:00,J5,354,318,672
2018-12-16T20:45:00+09:00,J1,1042,1227,2269
2018-12-16T20:45:00+09:00,J2,719,646,1365
2018-12-16T20:45:00+09:00,J3,797,821,1618
2018-12-16T20:45:00+09:00,J4,804,749,1553
2018-12-16T20:45:00+09:00,J5,344,287,631
2018-12-16T21:00:00+09:00,J1,956,1079,2035
2018-12-16T21:00:00+09:00,J2,653,617,1270
2018-12-16T21:00:00+09:00,J3,914,801,1715
2018-12-16T21:00:00+09:00,J4,853,772,1625
2018-12-16T21:00:00+09:00,J5,320,282,602
2018-12-16T21:15:00+09:00,J1,975,1091,2066
2018-12-16T21:15:00+09:00,J2,507,583,1090
2018-12-16T21:15:00+09:00,J3,983,792,1775
2018-12-16T21:15:00+09:00,J4,872,731,1603
2018-12-16T21:15:00+09:00,J5,380,346,726
2018-12-16T21:30:00+09:00,J1,957,1151,2108
2018-12-16T21:30:00+09:00,J2,418,493,911
2018-12-16T21:30:00+09:00,J3,896,707,1603
2018-12-16T21:30:00+09:00,J4,809,718,1527
2018-12-16T21:30:00+09:00,J5,355,309,664
2018-12-16T21:45:00+09:00,J1,1020,1033,2053
2018-12-16T21:45:00+09:00,J2,444,504,948
2018-12-16T21:45:00+09:00,J3,800,724,1524
2018-12-16T21:45:00+09:00,J4,867,755,1622
2018-12-16T21:45:00+09:00,J5,373,287,660
2018-12-16T22:00:00+09:00,J1,917,971,1888
2018-12-16T22:00:00+09:00,J2,421,562,983
2018-12-16T22:00:00+09:00,J3,736,624,1360
2018-12-16T22:00:00+09:00,J4,684,745,1429
2018-12-16T22:00:00+09:00,J5,282,263,545
2018-12-16T22:15:00+09:00,J1,960,1005,1965
2018-12-16T22:15:00+09:00,J2,692,665,1357
2018-12-16T22:15:00+09:00,J3,657,691,1348
2018-12-16T22:15:00+09:00,J4,740,753,1493
2018-12-16T22:15:00+09:00,J5,310,302,612
2018-12-16T22:30:00+09:00,J1,961,1041,2002
2018-12-16T22:30:00+09:00,J2,673,644,1317
2018-12-16T22:30:00+09:00,J3,591,659,1250
2018-12-16T22:30:00+09:00,J4,700,741,1441
2018-12-16T22:30:00+09:00,J5,416,420,836
2018-12-16T22:45:00+09:00,J1,939,960,1899
2018-12-16T22:45:00+09:00,J2,696,638,1334
2018-12-16T22:45:00+09:00,J3,563,629,1192
2018-12-16T22:45:00+09:00,J4,771,745,1516
2018-12-16T22:45:00+09:00,J5,455,565,1020
2018-12-16T23:00:00+09:00,J1,917,995,1912
2018-12-16T23:00:00+09:00,J2,719,634,1353
2018-12-16T23:00:00+09:00,J3,558,527,1085
2018-12-16T23:00:00+09:00,J4,772,733,1505
2018-12-16T23:00:00+09:00,J5,480,502,982
2018-12-16T23:15:00+09:00,J1,848,999,1847
2018-12-16T23:15:00+09:00,J2,688,615,1303
2018-12-16T23:15:00+09:00,J3,662,671,1333
2018-12-16T23:15:00+09:00,J4,719,725,1444
2018-12-16T23:15:00+09:00,J5,450,466,916
2018-12-16T23:30:00+09:00,J1,933,934,1867
2018-12-16T23:30:00+09:00,J2,672,632,1304
2018-12-16T23:30:00+09:00,J3,474,512,986
2018-12-16T23:30:00+09:00,J4,723,706,1429
2018-12-16T23:30:00+09:00,J5,490,541,1031
2018-12-16T23:45:00+09:00,J1,795,892,1687
2018-12-16T23:45:00+09:00,J2,629,557,1186
2018-12-16T23:45:00+09:00,J3,432,494,926
2018-12-16T23:45:00+09:00,J4,704,661,1365
2018-12-16T23:45:00+09:00,J5,499,571,1070
2018-12-17T00:00:00+09:00,J1,804,789,1593
2018-12-17T00:00:00+09:00,J2,676,613,1289
2018-12-17T00:00:00+09:00,J3,445,485,930
2018-12-17T00:00:00+09:00,J4,685,624,1309
2018-12-17T00:00:00+09:00,J5,505,605,1110
2018-12-17T00:15:00+09:00,J1,713,667,1380
2018-12-17T00:15:00+09:00,J2,655,635,1290
2018-12-17T00:15:00+09:00,J3,792,702,1494
2018-12-17T00:15:00+09:00,J4,711,612,1323
2018-12-17T00:15:00+09:00,J5,418,499,917
2018-12-17T00:30:00+09:00,J1,607,522,1129
2018-12-17T00:30:00+09:00,J2,653,568,1221
2018-12-17T00:30:00+09:00,J3,824,795,1619
2018-12-17T00:30:00+09:00,J4,644,641,1285
2018-12-17T00:30:00+09:00,J5,342,396,738
2018-12-17T00:45:00+09:00,J1,564,483,1047
2018-12-17T00:45:00+09:00,J2,634,558,1192
2018-12-17T00:45:00+09:00,J3,803,812,1615
2018-12-17T00:45:00+09:00,J4,555,594,1149
2018-12-17T00:45:00+09:00,J5,320,317,637
2018-12-17T05:45:00+09:00,J1,845,899,1744
2018-12-17T05:45:00+09:00,J2,581,543,1124
2018-12-17T05:45:00+09:00,J3,841,702,1543
2018-12-17T05:45:00+09:00,J4,375,412,787
2018-12-17T05:45:00+09:00,J5,371,276,647
2018-12-17T06:00:00+09:00,J1,931,907,1838
2018-12-17T06:00:00+09:00,J2,542,549,1091
2018-12-17T06:00:00+09:00,J3,1000,714,1714
2018-12-17T06:00:00+09:00,J4,345,418,763
2018-12-17T06:00:00+09:00,J5,262,278,540
2018-12-17T06:15:00+09:00,J1,1000,964,1964
2018-12-17T06:15:00+09:00,J2,565,564,1129
2018-12-17T06:15:00+09:00,J3,1000,846,1846
2018-12-17T06:15:00+09:00,J4,436,538,974
2018-12-17T06:15:00+09:00,J5,312,296,608
2018-12-17T06:30:00+09:00,J1,893,1034,1927
2018-12-17T06:30:00+09:00,J2,551,523,1074
2018-12-17T06:30:00+09:00,J3,974,830,1804
2018-12-17T06:30:00+09:00,J4,448,592,1040
2018-12-17T06:30:00+09:00,J5,386,319,705
2018-12-17T06:45:00+09:00,J1,990,1027,2017
2018-12-17T06:45:00+09:00,J2,557,520,1077
2018-12-17T06:45:00+09:00,J3,1008,873,1881
2018-12-17T06:45:00+09:00,J4,542,618,1160
2018-12-17T06:45:00+09:00,J5,427,419,846
2018-12-17T07:00:00+09:00,J1,977,1002,1979
2018-12-17T07:00:00+09:00,J2,520,486,1006
2018-12-17T07:00:00+09:00,J3,1068,891,1959
2018-12-17T07:00:00+09:00,J4,638,638,1276
2018-12-17T07:00:00+09:00,J5,500,497,997
2018-12-17T07:15:00+09:00,J1,1094,1084,2178
2018-12-17T07:15:00+09:00,J2,545,508,1053
2018-12-17T07:15:00+09:00,J3,996,1006,2002
2018-12-17T07:15:00+09:00,J4,675,782,1457
2018-12-17T07:15:00+09:00,J5,571,579,1150
2018-12-17T07:30:00+09:00,J1,1099,1226,2325
2018-12-17T07:30:00+09:00,J2,676,672,1348
2018-12-17T07:30:00+09:00,J3,1168,1084,2252
2018-12-17T07:30:00+09:00,J4,740,865,1605
2018-12-17T07:30:00+09:00,J5,577,532,1109
2018-12-17T07:45:00+09:00,J1,1249,1256,2505
2018-12-17T07:45:00+09:00,J2,968,683,1651
2018-12-17T07:45:00+09:00,J3,1249,1310,2559
2018-12-17T07:45:00+09:00,J4,863,1036,1899
2018-12-17T07:45:00+09:00,J5,503,449,952
2018-12-17T08:00:00+09:00,J1,1173,1140,2313
2018-12-17T08:00:00+09:00,J2,1019,647,1666
2018-12-17T08:00:00+09:00,J3,1323,1478,2801
2018-12-17T08:00:00+09:00,J4,980,1065,2045
2018-12-17T08:00:00+09:00,J5,498,521,1019
2018-12-17T08:15:00+09:00,J1,1362,1264,2626
2018-12-17T08:15:00+09:00,J2,1173,807,1980
2018-12-17T08:15:00+09:00,J3,1354,1421,2775
2018-12-17T08:15:00+09:00,J4,931,1113,2044
2018-12-17T08:15:00+09:00,J5,554,565,1119
2018-12-17T08:30:00+09:00,J1,1503,1290,2793
2018-12-17T08:30:00+09:00,J2,1125,776,1901
2018-12-17T08:30:00+09:00,J3,1182,1382,2564
2018-12-17T08:30:00+09:00,J4,988,1104,2092
2018-12-17T08:30:00+09:00,J5,585,552,1137
2018-12-17T08:45:00+09:00,J1,1292,1292,2584
2018-12-17T08:45:00+09:00,J2,998,806,1804
2018-12-17T08:45:00+09:00,J3,1247,1262,2509
2018-12-17T08:45:00+09:00,J4,913,921,1834
2018-12-17T08:45:00+09:00,J5,494,473,967
2018-12-17T09:00:00+09:00,J1,1233,1314,2547
2018-12-17T09:00:00+09:00,J2,885,716,1601
2018-12-17T09:00:00+09:00,J3,1100,1117,2217
2018-12-17T09:00:00+09:00,J4,790,966,1756
2018-12-17T09:00:00+09:00,J5,468,460,928
2018-12-17T09:15:00+09:00,J1,1279,1234,2513
2018-12-17T09:15:00+09:00,J2,896,725,1621
2018-12-17T09:15:00+09:00,J3,1023,931,1954
2018-12-17T09:15:00+09:00,J4,812,914,1726
2018-12-17T09:15:00+09:00,J5,521,528,1049
2018-12-17T09:30:00+09:00,J1,1278,1331,2609
2018-12-17T09:30:00+09:00,J2,816,714,1530
2018-12-17T09:30:00+09:00,J3,964,937,1901
2018-12-17T09:30:00+09:00,J4,819,996,1815
2018-12-17T09:30:00+09:00,J5,535,510,1045
2018-12-17T09:45:00+09:00,J1,1329,1272,2601
2018-12-17T09:45:00+09:00,J2,802,767,1569
2018-12-17T09:45:00+09:00,J3,991,977,1968
2018-12-17T09:45:00+09:00,J4,794,887,1681
2018-12-17T09:45:00+09:00,J5,572,572,1144
2018-12-17T10:00:00+09:00,J1,1363,1352,2715
2018-12-17T10:00:00+09:00,J2,746,796,1542
2018-12-17T10:00:00+09:00,J3,894,832,1726
2018-12-17T10:00:00+09:00,J4,733,829,1562
2018-12-17T10:00:00+09:00,J5,570,552,1122
2018-12-17T10:15:00+09:00,J1,1247,1385,2632
2018-12-17T10:15:00+09:00,J2,743,800,1543
2018-12-17T10:15:00+09:00,J3,931,812,1743
2018-12-17T10:15:00+09:00,J4,688,816,1504
2018-12-17T10:15:00+09:00,J5,540,539,1079
2018-12-17T10:30:00+09:00,J1,1197,1394,2591
2018-12-17T10:30:00+09:00,J2,762,781,1543
2018-12-17T10:30:00+09:00,J3,973,941,1914
2018-12-17T10:30:00+09:00,J4,747,833,1580
2018-12-17T10:30:00+09:00,J5,553,521,1074
2018-12-17T10:45:00+09:00,J1,1225,1265,2490
2018-12-17T10:45:00+09:00,J2,762,815,1577
2018-12-17T10:45:00+09:00,J3,930,890,1820
2018-12-17T10:45:00+09:00,J4,742,786,1528
2018-12-17T10:45:00+09:00,J5,517,416,933
2018-12-17T11:00:00+09:00,J1,1162,1276,2438
2018-12-17T11:00:00+09:00,J2,778,762,1540
2018-12-17T11:00:00+09:00,J3,974,884,1858
2018-12-17T11:00:00+09:00,J4,703,783,1486
2018-12-17T11:00:00+09:00,J5,526,471,997
2018-12-17T11:15:00+09:00,J1,1200,1282,2482
2018-12-17T11:15:00+09:00,J2,791,700,1491
2018-12-17T11:15:00+09:00,J3,1196,1111,2307
2018-12-17T11:15:00+09:00,J4,783,839,1622
2018-12-17T11:15:00+09:00,J5,515,448,963
2018-12-17T11:30:00+09:00,J1,1192,1323,2515
2018-12-17T11:30:00+09:00,J2,749,721,1470
2018-12-17T11:30:00+09:00,J3,1182,1171,2353
2018-12-17T11:30:00+09:00,J4,808,815,1623
2018-12-17T11:30:00+09:00,J5,482,449,931
2018-12-17T11:45:00+09:00,J1,1216,1244,2460
2018-12-17T11:45:00+09:00,J2,771,614,1385
2018-12-17T11:45:00+09:00,J3,1216,1101,2317
2018-12-17T11:45:00+09:00,J4,731,865,1596
2018-12-17T11:45:00+09:00,J5,452,398,850
2018-12-17T12:00:00+09:00,J1,1134,1256,2390
2018-12-17T12:00:00+09:00,J2,749,720,1469
2018-12-17T12:00:00+09:00,J3,1231,1021,2252
2018-12-17T12:00:00+09:00,J4,824,879,1703
2018-12-17T12:00:00+09:00,J5,498,494,992
2018-12-17T12:15:00+09:00,J1,1184,1348,2532
2018-12-17T12:15:00+09:00,J2,735,726,1461
2018-12-17T12:15:00+09:00,J3,1075,1124,2199
2018-12-17T12:15:00+09:00,J4,985,869,1854
2018-12-17T12:15:00+09:00,J5,510,431,941
2018-12-17T12:30:00+09:00,J1,1169,1339,2508
2018-12-17T12:30:00+09:00,J2,755,674,1429
2018-12-17T12:30:00+09:00,J3,1116,1182,2298
2018-12-17T12:30:00+09:00,J4,935,963,1898
2018-12-17T12:30:00+09:00,J5,508,429,937
2018-12-17T12:45:00+09:00,J1,1198,1436,2634
2018-12-17T12:45:00+09:00,J2,783,680,1463
2018-12-17T12:45:00+09:00,J3,1223,1111,2334
2018-12-17T12:45:00+09:00,J4,843,834,1677
2018-12-17T12:45:00+09:00,J5,422,362,784
2018-12-17T13:00:00+09:00,J1,1215,1319,2534
2018-12-17T13:00:00+09:00,J2,777,658,1435
2018-12-17T13:00:00+09:00,J3,1194,1021,2215
2018-12-17T13:00:00+09:00,J4,889,800,1689
2018-12-17T13:00:00+09:00,J5,411,331,742
2018-12-17T13:15:00+09:00,J1,1199,1347,2546
2018-12-17T13:15:00+09:00,J2,765,681,1446
2018-12-17T13:15:00+09:00,J3,1239,1076,2315
2018-12-17T13:15:00+09:00,J4,902,845,1747
2018-12-17T13:15:00+09:00,J5,441,372,813
2018-12-17T13:30:00+09:00,J1,1197,1363,2560
2018-12-17T13:30:00+09:00,J2,711,698,1409
2018-12-17T13:30:00+09:00,J3,1155,1082,2237
2018-12-17T13:30:00+09:00,J4,856,834,1690
2018-12-17T13:30:00+09:00,J5,411,358,769
2018-12-17T13:45:00+09:00,J1,1118,1404,2522
2018-12-17T13:45:00+09:00,J2,657,687,1344
2018-12-17T13:45:00+09:00,J3,1099,991,2090
2018-12-17T13:45:00+09:00,J4,885,861,1746
2018-12-17T13:45:00+09:00,J5,402,370,772
2018-12-17T14:00:00+09:00,J1,1066,1236,2302
2018-12-17T14:00:00+09:00,J2,747,622,1369
2018-12-17T14:00:00+09:00,J3,1269,1017,2286
2018-12-17T14:00:00+09:00,J4,868,814,1682
2018-12-17T14:00:00+09:00,J5,439,405,844
2018-12-17T14:15:00+09:00,J1,873,1093,1966
2018-12-17T14:15:00+09:00,J2,703,668,1371
2018-12-17T14:15:00+09:00,J3,1259,952,2211
2018-12-17T14:15:00+09:00,J4,867,834,1701
2018-12-17T14:15:00+09:00,J5,431,410,841
2018-12-17T14:30:00+09:00,J1,807,1114,1921
2018-12-17T14:30:00+09:00,J2,690,676,1366
2018-12-17T14:30:00+09:00,J3,1185,1000,2185
2018-12-17T14:30:00+09:00,J4,927,799,1726
2018-12-17T14:30:00+09:00,J5,445,374,819
2018-12-17T14:45:00+09:00,J1,881,1010,1891
2018-12-17T14:45:00+09:00,J2,671,662,1333
2018-12-17T14:45:00+09:00,J3,1074,944,2018
2018-12-17T14:45:00+09:00,J4,884,859,1743
2018-12-17T14:45:00+09:00,J5,407,366,773
2018-12-17T15:00:00+09:00,J1,913,1115,2028
2018-12-17T15:00:00+09:00,J2,737,717,1454
2018-12-17T15:00:00+09:00,J3,1016,929,1945
2018-12-17T15:00:00+09:00,J4,883,812,1695
2018-12-17T15:00:00+09:00,J5,412,369,781
2018-12-17T15:15:00+09:00,J1,966,1093,2059
2018-12-17T15:15:00+09:00,J2,706,742,1448
2018-12-17T15:15:00+09:00,J3,1217,1138,2355
2018-12-17T15:15:00+09:00,J4,921,860,1781
2018-12-17T15:15:00+09:00,J5,441,364,805
2018-12-17T15:30:00+09:00,J1,1038,1151,2189
2018-12-17T15:30:00+09:00,J2,784,664,1448
2018-12-17T15:30:00+09:00,J3,1222,1099,2321
2018-12-17T15:30:00+09:00,J4,870,912,1782
2018-12-17T15:30:00+09:00,J5,420,393,813
2018-12-17T15:45:00+09:00,J1,1080,1156,2236
2018-12-17T15:45:00+09:00,J2,746,704,1450
2018-12-17T15:45:00+09:00,J3,1170,1074,2244
2018-12-17T15:45:00+09:00,J4,943,870,1813
2018-12-17T15:45:00+09:00,J5,405,414,819
2018-12-17T16:00:00+09:00,J1,862,1087,1949
2018-12-17T16:00:00+09:00,J2,707,674,1381
2018-12-17T16:00:00+09:00,J3,1172,1132,2304
2018-12-17T16:00:00+09:00,J4,894,810,1704
2018-12-17T16:00:00+09:00,J5,421,383,804
2018-12-17T16:15:00+09:00,J1,1041,1217,2258
2018-12-17T16:15:00+09:00,J2,794,707,1501
2018-12-17T16:15:00+09:00,J3,1163,1153,2316
2018-12-17T16:15:00+09:00,J4,946,874,1820
2018-12-17T16:15:00+09:00,J5,473,414,887
2018-12-17T16:30:00+09:00,J1,850,1087,1937
2018-12-17T16:30:00+09:00,J2,824,717,1541
2018-12-17T16:30:00+09:00,J3,1191,1001,2192
2018-12-17T16:30:00+09:00,J4,882,832,1714
2018-12-17T16:30:00+09:00,J5,445,406,851
2018-12-17T16:45:00+09:00,J1,823,1043,1866
2018-12-17T16:45:00+09:00,J2,782,716,1498
2018-12-17T16:45:00+09:00,J3,1192,972,2164
2018-12-17T16:45:00+09:00,J4,864,815,1679
2018-12-17T16:45:00+09:00,J5,407,396,803
2018-12-17T17:00:00+09:00,J1,893,1060,1953
2018-12-17T17:00:00+09:00,J2,796,789,1585
2018-12-17T17:00:00+09:00,J3,1268,1111,2379
2018-12-17T17:00:00+09:00,J4,879,866,1745
2018-12-17T17:00:00+09:00,J5,455,404,859
2018-12-17T17:15:00+09:00,J1,979,1211,2190
2018-12-17T17:15:00+09:00,J2,903,849,1752
2018-12-17T17:15:00+09:00,J3,1351,1098,2449
2018-12-17T17:15:00+09:00,J4,811,862,1673
2018-12-17T17:15:00+09:00,J5,625,614,1239
2018-12-17T17:30:00+09:00,J1,989,1264,2253
2018-12-17T17:30:00+09:00,J2,905,937,1842
2018-12-17T17:30:00+09:00,J3,1366,1221,2587
2018-12-17T17:30:00+09:00,J4,888,860,1748
2018-12-17T17:30:00+09:00,J5,684,721,1405
2018-12-17T17:45:00+09:00,J1,1073,1316,2389
2018-12-17T17:45:00+09:00,J2,826,989,1815
2018-12-17T17:45:00+09:00,J3,1433,1159,2592
2018-12-17T17:45:00+09:00,J4,980,787,1767
2018-12-17T17:45:00+09:00,J5,702,690,1392
2018-12-17T18:00:00+09:00,J1,1030,1276,2306
2018-12-17T18:00:00+09:00,J2,846,882,1728
2018-12-17T18:00:00+09:00,J3,1470,1041,2511
2018-12-17T18:00:00+09:00,J4,1004,782,1786
2018-12-17T18:00:00+09:00,J5,677,797,1474
2018-12-17T18:15:00+09:00,J1,1082,1253,2335
2018-12-17T18:15:00+09:00,J2,920,885,1805
2018-12-17T18:15:00+09:00,J3,1370,1097,2467
2018-12-17T18:15:00+09:00,J4,994,894,1888
2018-12-17T18:15:00+09:00,J5,771,908,1679
2018-12-17T18:30:00+09:00,J1,1218,1437,2655
2018-12-17T18:30:00+09:00,J2,907,853,1760
2018-12-17T18:30:00+09:00,J3,1253,1025,2278
2018-12-17T18:30:00+09:00,J4,1076,906,1982
2018-12-17T18:30:00+09:00,J5,708,853,1561
2018-12-17T18:45:00+09:00,J1,1316,1395,2711
2018-12-17T18:45:00+09:00,J2,894,774,1668
2018-12-17T18:45:00+09:00,J3,1006,974,1980
2018-12-17T18:45:00+09:00,J4,1032,843,1875
2018-12-17T18:45:00+09:00,J5,741,809,1550
2018-12-17T19:00:00+09:00,J1,1134,1353,2487
2018-12-17T19:00:00+09:00,J2,815,844,1659
2018-12-17T19:00:00+09:00,J3,1100,922,2022
2018-12-17T19:00:00+09:00,J4,1080,864,1944
2018-12-17T19:00:00+09:00,J5,737,773,1510
2018-12-17T19:15:00+09:00,J1,968,1145,2113
2018-12-17T19:15:00+09:00,J2,877,852,1729
2018-12-17T19:15:00+09:00,J3,1061,963,2024
2018-12-17T19:15:00+09:00,J4,1058,839,1897
2018-12-17T19:15:00+09:00,J5,732,814,1546
2018-12-17T19:30:00+09:00,J1,1068,1186,2254
2018-12-17T19:30:00+09:00,J2,792,759,1551
2018-12-17T19:30:00+09:00,J3,998,878,1876
2018-12-17T19:30:00+09:00,J4,977,801,1778
2018-12-17T19:30:00+09:00,J5,740,774,1514
2018-12-17T19:45:00+09:00,J1,1188,1375,2563
2018-12-17T19:45:00+09:00,J2,759,749,1508
2018-12-17T19:45:00+09:00,J3,996,854,1850
2018-12-17T19:45:00+09:00,J4,992,761,1753
2018-12-17T19:45:00+09:00,J5,661,765,1426
2018-12-17T20:00:00+09:00,J1,1133,1345,2478
2018-12-17T20:00:00+09:00,J2,807,737,1544
2018-12-17T20:00:00+09:00,J3,882,944,1826
2018-12-17T20:00:00+09:00,J4,937,819,1756
2018-12-17T20:00:00+09:00,J5,605,708,1313
2018-12-17T20:15:00+09:00,J1,1095,1233,2328
2018-12-17T20:15:00+09:00,J2,777,821,1598
2018-12-17T20:15:00+09:00,J3,964,853,1817
2018-12-17T20:15:00+09:00,J4,971,821,1792
2018-12-17T20:15:00+09:00,J5,663,802,1465
2018-12-17T20:30:00+09:00,J1,1188,1351,2539
2018-12-17T20:30:00+09:00,J2,640,696,1336
2018-12-17T20:30:00+09:00,J3,933,785,1718
2018-12-17T20:30:00+09:00,J4,850,767,1617
2018-12-17T20:30:00+09:00,J5,662,764,1426
2018-12-17T20:45:00+09:00,J1,1271,1371,2642
2018-12-17T20:45:00+09:00,J2,673,636,1309
2018-12-17T20:45:00+09:00,J3,880,807,1687
2018-12-17T20:45:00+09:00,J4,646,664,1310
2018-12-17T20:45:00+09:00,J5,617,702,1319
2018-12-17T21:00:00+09:00,J1,1134,1258,2392
2018-12-17T21:00:00+09:00,J2,595,730,1325
2018-12-17T21:00:00+09:00,J3,957,773,1730
2018-12-17T21:00:00+09:00,J4,797,852,1649
2018-12-17T21:00:00+09:00,J5,618,649,1267
2018-12-17T21:15:00+09:00,J1,1096,1297,2393
2018-12-17T21:15:00+09:00,J2,618,716,1334
2018-12-17T21:15:00+09:00,J3,905,740,1645
2018-12-17T21:15:00+09:00,J4,903,815,1718
2018-12-17T21:15:00+09:00,J5,662,745,1407
2018-12-17T21:30:00+09:00,J1,1040,1233,2273
2018-12-17T21:30:00+09:00,J2,586,657,1243
2018-12-17T21:30:00+09:00,J3,768,743,1511
2018-12-17T21:30:00+09:00,J4,871,790,1661
2018-12-17T21:30:00+09:00,J5,623,743,1366
2018-12-17T21:45:00+09:00,J1,1067,1239,2306
2018-12-17T21:45:00+09:00,J2,497,586,1083
2018-12-17T21:45:00+09:00,J3,824,756,1580
2018-12-17T21:45:00+09:00,J4,721,681,1402
2018-12-17T21:45:00+09:00,J5,624,634,1258
2018-12-17T22:00:00+09:00,J1,1056,1225,2281
2018-12-17T22:00:00+09:00,J2,635,716,1351
2018-12-17T22:00:00+09:00,J3,728,692,1420
2018-12-17T22:00:00+09:00,J4,803,739,1542
2018-12-17T22:00:00+09:00,J5,608,710,1318
2018-12-17T22:15:00+09:00,J1,1026,1131,2157
2018-12-17T22:15:00+09:00,J2,700,677,1377
2018-12-17T22:15:00+09:00,J3,845,788,1633
2018-12-17T22:15:00+09:00,J4,771,718,1489
2018-12-17T22:15:00+09:00,J5,589,676,1265
2018-12-17T22:30:00+09:00,J1,998,1224,2222
2018-12-17T22:30:00+09:00,J2,727,713,1440
2018-12-17T22:30:00+09:00,J3,873,728,1601
2018-12-17T22:30:00+09:00,J4,819,719,1538
2018-12-17T22:30:00+09:00,J5,531,531,1062
2018-12-17T22:45:00+09:00,J1,1021,1231,2252
2018-12-17T22:45:00+09:00,J2,779,698,1477
2018-12-17T22:45:00+09:00,J3,853,842,1695
2018-12-17T22:45:00+09:00,J4,766,731,1497
2018-12-17T22:45:00+09:00,J5,409,504,913
2018-12-17T23:00:00+09:00,J1,964,1143,2107
2018-12-17T23:00:00+09:00,J2,681,759,1440
2018-12-17T23:00:00+09:00,J3,876,838,1714
2018-12-17T23:00:00+09:00,J4,782,705,1487
2018-12-17T23:00:00+09:00,J5,385,404,789
2018-12-17T23:15:00+09:00,J1,1004,1210,2214
2018-12-17T23:15:00+09:00,J2,630,690,1320
2018-12-17T23:15:00+09:00,J3,815,804,1619
2018-12-17T23:15:00+09:00,J4,759,697,1456
2018-12-17T23:15:00+09:00,J5,357,439,796
2018-12-17T23:30:00+09:00,J1,1020,1139,2159
2018-12-17T23:30:00+09:00,J2,680,728,1408
2018-12-17T23:30:00+09:00,J3,854,855,1709
2018-12-17T23:30:00+09:00,J4,683,711,1394
2018-12-17T23:30:00+09:00,J5,370,334,704
2018-12-17T23:45:00+09:00,J1,1054,1150,2204
2018-12-17T23:45:00+09:00,J2,685,659,1344
2018-12-17T23:45:00+09:00,J3,817,800,1617
2018-12-17T23:45:00+09:00,J4,689,661,1350
2018-12-17T23:45:00+09:00,J5,348,385,733
2018-12-18T00:00:00+09:00,J1,932,1029,1961
2018-12-18T00:00:00+09:00,J2,475,490,965
2018-12-18T00:00:00+09:00,J3,1022,952,1974
2018-12-18T00:00:00+09:00,J4,654,617,1271
2018-12-18T00:00:00+09:00,J5,321,298,619
2018-12-18T00:15:00+09:00,J1,677,660,1337
2018-12-18T00:15:00+09:00,J2,445,391,836
2018-12-18T00:15:00+09:00,J3,983,763,1746
2018-12-18T00:15:00+09:00,J4,567,583,1150
2018-12-18T00:15:00+09:00,J5,314,303,617
2018-12-18T00:30:00+09:00,J1,603,595,1198
2018-12-18T00:30:00+09:00,J2,465,489,954
2018-12-18T00:30:00+09:00,J3,1017,738,1755
2018-12-18T00:30:00+09:00,J4,431,461,892
2018-12-18T00:30:00+09:00,J5,363,281,644
2018-12-18T00:45:00+09:00,J1,661,620,1281
2018-12-18T00:45:00+09:00,J2,478,498,976
2018-12-18T00:45:00+09:00,J3,934,796,1730
2018-12-18T00:45:00+09:00,J4,419,449,868
2018-12-18T00:45:00+09:00,J5,381,329,710
2018-12-18T05:45:00+09:00,J1,727,698,1425
2018-12-18T05:45:00+09:00,J2,471,493,964
2018-12-18T05:45:00+09:00,J3,590,511,1101
2018-12-18T05:45:00+09:00,J4,422,432,854
2018-12-18T05:45:00+09:00,J5,420,378,798
2018-12-18T06:00:00+09:00,J1,583,563,1146
2018-12-18T06:00:00+09:00,J2,498,456,954
2018-12-18T06:00:00+09:00,J3,687,551,1238
2018-12-18T06:00:00+09:00,J4,394,506,900
2018-12-18T06:00:00+09:00,J5,327,271,598
2018-12-18T06:15:00+09:00,J1,673,679,1352
2018-12-18T06:15:00+09:00,J2,583,515,1098
2018-12-18T06:15:00+09:00,J3,807,648,1455
2018-12-18T06:15:00+09:00,J4,418,539,957
2018-12-18T06:15:00+09:00,J5,486,511,997
2018-12-18T06:30:00+09:00,J1,717,729,1446
2018-12-18T06:30:00+09:00,J2,483,476,959
2018-12-18T06:30:00+09:00,J3,757,676,1433
2018-12-18T06:30:00+09:00,J4,474,536,1010
2018-12-18T06:30:00+09:00,J5,390,371,761
2018-12-18T06:45:00+09:00,J1,774,770,1544
2018-12-18T06:45:00+09:00,J2,516,525,1041
2018-12-18T06:45:00+09:00,J3,810,713,1523
2018-12-18T06:45:00+09:00,J4,474,518,992
2018-12-18T06:45:00+09:00,J5,391,362,753
2018-12-18T07:00:00+09:00,J1,794,825,1619
2018-12-18T07:00:00+09:00,J2,486,489,975
2018-12-18T07:00:00+09:00,J3,955,732,1687
2018-12-18T07:00:00+09:00,J4,571,620,1191
2018-12-18T07:00:00+09:00,J5,433,416,849
2018-12-18T07:15:00+09:00,J1,944,916,1860
2018-12-18T07:15:00+09:00,J2,551,496,1047
2018-12-18T07:15:00+09:00,J3,1032,805,1837
2018-12-18T07:15:00+09:00,J4,607,675,1282
2018-12-18T07:15:00+09:00,J5,497,509,1006
2018-12-18T07:30:00+09:00,J1,936,1047,1983
2018-12-18T07:30:00+09:00,J2,621,608,1229
2018-12-18T07:30:00+09:00,J3,1070,980,2050
2018-12-18T07:30:00+09:00,J4,658,822,1480
2018-12-18T07:30:00+09:00,J5,625,617,1242
2018-12-18T07:45:00+09:00,J1,948,972,1920
2018-12-18T07:45:00+09:00,J2,778,616,1394
2018-12-18T07:45:00+09:00,J3,1049,1087,2136
2018-12-18T07:45:00+09:00,J4,636,885,1521
2018-12-18T07:45:00+09:00,J5,635,713,1348
2018-12-18T08:00:00+09:00,J1,1198,1150,2348
2018-12-18T08:00:00+09:00,J2,929,666,1595
2018-12-18T08:00:00+09:00,J3,1419,1351,2770
2018-12-18T08:00:00+09:00,J4,703,1035,1738
2018-12-18T08:00:00+09:00,J5,534,490,1024
2018-12-18T08:15:00+09:00,J1,1101,1014,2115
2018-12-18T08:15:00+09:00,J2,1182,692,1874
2018-12-18T08:15:00+09:00,J3,1422,1456,2878
2018-12-18T08:15:00+09:00,J4,855,1180,2035
2018-12-18T08:15:00+09:00,J5,710,666,1376
2018-12-18T08:30:00+09:00,J1,1246,1105,2351
2018-12-18T08:30:00+09:00,J2,1175,796,1971
2018-12-18T08:30:00+09:00,J3,1572,1457,3029
2018-12-18T08:30:00+09:00,J4,925,1105,2030
2018-12-18T08:30:00+09:00,J5,680,720,1400
2018-12-18T08:45:00+09:00,J1,957,1065,2022
2018-12-18T08:45:00+09:00,J2,889,756,1645
2018-12-18T08:45:00+09:00,J3,1363,1357,2720
2018-12-18T08:45:00+09:00,J4,849,1008,1857
2018-12-18T08:45:00+09:00,J5,614,604,1218
2018-12-18T09:00:00+09:00,J1,992,1040,2032
2018-12-18T09:00:00+09:00,J2,825,652,1477
2018-12-18T09:00:00+09:00,J3,1164,1037,2201
2018-12-18T09:00:00+09:00,J4,678,846,1524
2018-12-18T09:00:00+09:00,J5,534,497,1031
2018-12-18T09:15:00+09:00,J1,969,1023,1992
2018-12-18T09:15:00+09:00,J2,735,646,1381
2018-12-18T09:15:00+09:00,J3,1063,931,1994
2018-12-18T09:15:00+09:00,J4,627,765,1392
2018-12-18T09:15:00+09:00,J5,540,497,1037
2018-12-18T09:30:00+09:00,J1,958,1108,2066
2018-12-18T09:30:00+09:00,J2,712,587,1299
2018-12-18T09:30:00+09:00,J3,958,921,1879
2018-12-18T09:30:00+09:00,J4,630,776,1406
2018-12-18T09:30:00+09:00,J5,482,539,1021
2018-12-18T09:45:00+09:00,J1,1135,1104,2239
2018-12-18T09:45:00+09:00,J2,695,608,1303
2018-12-18T09:45:00+09:00,J3,1073,943,2016
2018-12-18T09:45:00+09:00,J4,570,687,1257
2018-12-18T09:45:00+09:00,J5,579,577,1156
2018-12-18T10:00:00+09:00,J1,1240,1245,2485
2018-12-18T10:00:00+09:00,J2,756,564,1320
2018-12-18T10:00:00+09:00,J3,868,873,1741
2018-12-18T10:00:00+09:00,J4,700,771,1471
2018-12-18T10:00:00+09:00,J5,620,722,1342
2018-12-18T10:15:00+09:00,J1,1260,1270,2530
2018-12-18T10:15:00+09:00,J2,716,563,1279
2018-12-18T10:15:00+09:00,J3,950,947,1897
2018-12-18T10:15:00+09:00,J4,608,700,1308
2018-12-18T10:15:00+09:00,J5,546,602,1148
2018-12-18T10:30:00+09:00,J1,1024,1119,2143
2018-12-18T10:30:00+09:00,J2,685,689,1374
2018-12-18T10:30:00+09:00,J3,849,951,1800
2018-12-18T10:30:00+09:00,J4,607,762,1369
2018-12-18T10:30:00+09:00,J5,564,626,1190
2018-12-18T10:45:00+09:00,J1,1175,1300,2475
2018-12-18T10:45:00+09:00,J2,793,690,1483
2018-12-18T10:45:00+09:00,J3,1077,974,2051
2018-12-18T10:45:00+09:00,J4,647,784,1431
2018-12-18T10:45:00+09:00,J5,568,655,1223
2018-12-18T11:00:00+09:00,J1,937,1067,2004
2018-12-18T11:00:00+09:00,J2,688,778,1466
2018-12-18T11:00:00+09:00,J3,1001,953,1954
2018-12-18T11:00:00+09:00,J4,625,821,1446
2018-12-18T11:00:00+09:00,J5,570,595,1165
2018-12-18T11:15:00+09:00,J1,885,1075,1960
2018-12-18T11:15:00+09:00,J2,694,657,1351
2018-12-18T11:15:00+09:00,J3,1232,1148,2380
2018-12-18T11:15:00+09:00,J4,651,736,1387
2018-12-18T11:15:00+09:00,J5,539,512,1051
2018-12-18T11:30:00+09:00,J1,947,1132,2079
2018-12-18T11:30:00+09:00,J2,706,554,1260
2018-12-18T11:30:00+09:00,J3,1156,1083,2239
2018-12-18T11:30:00+09:00,J4,663,706,1369
2018-12-18T11:30:00+09:00,J5,471,532,1003
2018-12-18T11:45:00+09:00,J1,1178,1410,2588
2018-12-18T11:45:00+09:00,J2,669,605,1274
2018-12-18T11:45:00+09:00,J3,1041,1015,2056
2018-12-18T11:45:00+09:00,J4,711,701,1412
2018-12-18T11:45:00+09:00,J5,501,547,1048
2018-12-18T12:00:00+09:00,J1,1332,1395,2727
2018-12-18T12:00:00+09:00,J2,685,561,1246
2018-12-18T12:00:00+09:00,J3,1103,1110,2213
2018-12-18T12:00:00+09:00,J4,787,843,1630
2018-12-18T12:00:00+09:00,J5,604,558,1162
2018-12-18T12:15:00+09:00,J1,1159,1307,2466
2018-12-18T12:15:00+09:00,J2,682,596,1278
2018-12-18T12:15:00+09:00,J3,1284,1111,2395
2018-12-18T12:15:00+09:00,J4,919,904,1823
2018-12-18T12:15:00+09:00,J5,601,510,1111
2018-12-18T12:30:00+09:00,J1,1163,1435,2598
2018-12-18T12:30:00+09:00,J2,714,606,1320
2018-12-18T12:30:00+09:00,J3,1174,1068,2242
2018-12-18T12:30:00+09:00,J4,994,885,1879
2018-12-18T12:30:00+09:00,J5,524,450,974
2018-12-18T12:45:00+09:00,J1,1174,1370,2544
2018-12-18T12:45:00+09:00,J2,757,662,1419
2018-12-18T12:45:00+09:00,J3,1158,986,2144
2018-12-18T12:45:00+09:00,J4,910,885,1795
2018-12-18T12:45:00+09:00,J5,534,460,994
2018-12-18T13:00:00+09:00,J1,1180,1424,2604
2018-12-18T13:00:00+09:00,J2,732,628,1360
2018-12-18T13:00:00+09:00,J3,1198,925,2123
2018-12-18T13:00:00+09:00,J4,844,935,1779
2018-12-18T13:00:00+09:00,J5,568,441,1009
2018-12-18T13:15:00+09:00,J1,1162,1408,2570
2018-12-18T13:15:00+09:00,J2,633,621,1254
2018-12-18T13:15:00+09:00,J3,1060,867,1927
2018-12-18T13:15:00+09:00,J4,922,911,1833
2018-12-18T13:15:00+09:00,J5,564,511,1075
2018-12-18T13:30:00+09:00,J1,1201,1413,2614
2018-12-18T13:30:00+09:00,J2,738,724,1462
2018-12-18T13:30:00+09:00,J3,1145,886,2031
2018-12-18T13:30:00+09:00,J4,888,881,1769
2018-12-18T13:30:00+09:00,J5,560,537,1097
2018-12-18T13:45:00+09:00,J1,1204,1344,2548
2018-12-18T13:45:00+09:00,J2,727,676,1403
2018-12-18T13:45:00+09:00,J3,1049,1028,2077
2018-12-18T13:45:00+09:00,J4,887,946,1833
2018-12-18T13:45:00+09:00,J5,584,481,1065
2018-12-18T14:00:00+09:00,J1,1184,1378,2562
2018-12-18T14:00:00+09:00,J2,696,642,1338
2018-12-18T14:00:00+09:00,J3,1099,994,2093
2018-12-18T14:00:00+09:00,J4,949,918,1867
2018-12-18T14:00:00+09:00,J5,549,456,1005
2018-12-18T14:15:00+09:00,J1,1234,1438,2672
2018-12-18T14:15:00+09:00,J2,814,674,1488
2018-12-18T14:15:00+09:00,J3,1180,983,2163
2018-12-18T14:15:00+09:00,J4,944,887,1831
2018-12-18T14:15:00+09:00,J5,549,500,1049
2018-12-18T14:30:00+09:00,J1,1269,1425,2694
2018-12-18T14:30:00+09:00,J2,756,671,1427
2018-12-18T14:30:00+09:00,J3,1152,945,2097
2018-12-18T14:30:00+09:00,J4,934,841,1775
2018-12-18T14:30:00+09:00,J5,520,502,1022
2018-12-18T14:45:00+09:00,J1,1242,1421,2663
2018-12-18T14:45:00+09:00,J2,828,751,1579
2018-12-18T14:45:00+09:00,J3,1051,919,1970
2018-12-18T14:45:00+09:00,J4,945,871,1816
2018-12-18T14:45:00+09:00,J5,462,438,900
2018-12-18T15:00:00+09:00,J1,1182,1436,2618
2018-12-18T15:00:00+09:00,J2,769,745,1514
2018-12-18T15:00:00+09:00,J3,1004,860,1864
2018-12-18T15:00:00+09:00,J4,911,858,1769
2018-12-18T15:00:00+09:00,J5,557,462,1019
2018-12-18T15:15:00+09:00,J1,1117,1398,2515
2018-12-18T15:15:00+09:00,J2,756,762,1518
2018-12-18T15:15:00+09:00,J3,1028,911,1939
2018-12-18T15:15:00+09:00,J4,942,909,1851
2018-12-18T15:15:00+09:00,J5,526,502,1028
2018-12-18T15:30:00+09:00,J1,1076,1348,2424
2018-12-18T15:30:00+09:00,J2,800,796,1596
2018-12-18T15:30:00+09:00,J3,1137,929,2066
2018-12-18T15:30:00+09:00,J4,938,923,1861
2018-12-18T15:30:00+09:00,J5,512,483,995
2018-12-18T15:45:00+09:00,J1,1064,1337,2401
2018-12-18T15:45:00+09:00,J2,782,800,1582
2018-12-18T15:45:00+09:00,J3,1080,954,2034
2018-12-18T15:45:00+09:00,J4,946,920,1866
2018-12-18T15:45:00+09:00,J5,586,530,1116
2018-12-18T16:00:00+09:00,J1,1012,1119,2131
2018-12-18T16:00:00+09:00,J2,845,763,1608
2018-12-18T16:00:00+09:00,J3,1110,902,2012
2018-12-18T16:00:00+09:00,J4,837,885,1722
2018-12-18T16:00:00+09:00,J5,522,483,1005
2018-12-18T16:15:00+09:00,J1,1108,1215,2323
2018-12-18T16:15:00+09:00,J2,823,814,1637
2018-12-18T16:15:00+09:00,J3,1079,850,1929
2018-12-18T16:15:00+09:00,J4,915,893,1808
2018-12-18T16:15:00+09:00,J5,585,530,1115
2018-12-18T16:30:00+09:00,J1,1089,1240,2329
2018-12-18T16:30:00+09:00,J2,850,767,1617
2018-12-18T16:30:00+09:00,J3,1194,1199,2393
2018-12-18T16:30:00+09:00,J4,943,867,1810
2018-12-18T16:30:00+09:00,J5,583,514,1097
2018-12-18T16:45:00+09:00,J1,994,1276,2270
2018-12-18T16:45:00+09:00,J2,867,677,1544
2018-12-18T16:45:00+09:00,J3,1233,1202,2435
2018-12-18T16:45:00+09:00,J4,974,928,1902
2018-12-18T16:45:00+09:00,J5,540,485,1025
2018-12-18T17:00:00+09:00,J1,1170,1349,2519
2018-12-18T17:00:00+09:00,J2,890,809,1699
2018-12-18T17:00:00+09:00,J3,1369,1268,2637
2018-12-18T17:00:00+09:00,J4,958,982,1940
2018-12-18T17:00:00+09:00,J5,669,638,1307
2018-12-18T17:15:00+09:00,J1,1114,1319,2433
2018-12-18T17:15:00+09:00,J2,1003,897,1900
2018-12-18T17:15:00+09:00,J3,1493,1352,2845
2018-12-18T17:15:00+09:00,J4,1002,1011,2013
2018-12-18T17:15:00+09:00,J5,711,733,1444
2018-12-18T17:30:00+09:00,J1,1284,1459,2743
2018-12-18T17:30:00+09:00,J2,1072,931,2003
2018-12-18T17:30:00+09:00,J3,1518,1261,2779
2018-12-18T17:30:00+09:00,J4,1003,943,1946
2018-12-18T17:30:00+09:00,J5,739,846,1585
2018-12-18T17:45:00+09:00,J1,1259,1483,2742
2018-12-18T17:45:00+09:00,J2,1062,994,2056
2018-12-18T17:45:00+09:00,J3,1512,1276,2788
2018-12-18T17:45:00+09:00,J4,1050,1052,2102
2018-12-18T17:45:00+09:00,J5,767,975,1742
2018-12-18T18:00:00+09:00,J1,1391,1476,2867
2018-12-18T18:00:00+09:00,J2,1066,964,2030
2018-12-18T18:00:00+09:00,J3,1434,1160,2594
2018-12-18T18:00:00+09:00,J4,1073,1014,2087
2018-12-18T18:00:00+09:00,J5,749,928,1677
2018-12-18T18:15:00+09:00,J1,1305,1470,2775
2018-12-18T18:15:00+09:00,J2,1061,900,1961
2018-12-18T18:15:00+09:00,J3,1563,1401,2964
2018-12-18T18:15:00+09:00,J4,1328,1051,2379
2018-12-18T18:15:00+09:00,J5,736,838,1574
2018-12-18T18:30:00+09:00,J1,1161,1454,2615
2018-12-18T18:30:00+09:00,J2,1097,911,2008
2018-12-18T18:30:00+09:00,J3,1489,1134,2623
2018-12-18T18:30:00+09:00,J4,1157,982,2139
2018-12-18T18:30:00+09:00,J5,774,809,1583
2018-12-18T18:45:00+09:00,J1,1243,1427,2670
2018-12-18T18:45:00+09:00,J2,994,930,1924
2018-12-18T18:45:00+09:00,J3,1384,1130,2514
2018-12-18T18:45:00+09:00,J4,990,854,1844
2018-12-18T18:45:00+09:00,J5,735,827,1562
2018-12-18T19:00:00+09:00,J1,1271,1443,2714
2018-12-18T19:00:00+09:00,J2,868,825,1693
2018-12-18T19:00:00+09:00,J3,1331,1044,2375
2018-12-18T19:00:00+09:00,J4,949,913,1862
2018-12-18T19:00:00+09:00,J5,727,730,1457
2018-12-18T19:15:00+09:00,J1,1173,1482,2655
2018-12-18T19:15:00+09:00,J2,778,823,1601
2018-12-18T19:15:00+09:00,J3,1394,1087,2481
2018-12-18T19:15:00+09:00,J4,926,898,1824
2018-12-18T19:15:00+09:00,J5,648,670,1318
2018-12-18T19:30:00+09:00,J1,1184,1341,2525
2018-12-18T19:30:00+09:00,J2,716,701,1417
2018-12-18T19:30:00+09:00,J3,1333,1140,2473
2018-12-18T19:30:00+09:00,J4,766,791,1557
2018-12-18T19:30:00+09:00,J5,625,628,1253
2018-12-18T19:45:00+09:00,J1,1186,1299,2485
2018-12-18T19:45:00+09:00,J2,602,695,1297
2018-12-18T19:45:00+09:00,J3,1110,1033,2143
2018-12-18T19:45:00+09:00,J4,832,756,1588
2018-12-18T19:45:00+09:00,J5,645,639,1284
2018-12-18T20:00:00+09:00,J1,1146,1408,2554
2018-12-18T20:00:00+09:00,J2,676,772,1448
2018-12-18T20:00:00+09:00,J3,1165,961,2126
2018-12-18T20:00:00+09:00,J4,783,799,1582
2018-12-18T20:00:00+09:00,J5,601,732,1333
2018-12-18T20:15:00+09:00,J1,1210,1344,2554
2018-12-18T20:15:00+09:00,J2,686,794,1480
2018-12-18T20:15:00+09:00,J3,1167,967,2134
2018-12-18T20:15:00+09:00,J4,819,764,1583
2018-12-18T20:15:00+09:00,J5,622,730,1352
2018-12-18T20:30:00+09:00,J1,1210,1401,2611
2018-12-18T20:30:00+09:00,J2,681,713,1394
2018-12-18T20:30:00+09:00,J3,1186,983,2169
2018-12-18T20:30:00+09:00,J4,792,718,1510
2018-12-18T20:30:00+09:00,J5,613,695,1308
2018-12-18T20:45:00+09:00,J1,1206,1327,2533
2018-12-18T20:45:00+09:00,J2,606,642,1248
2018-12-18T20:45:00+09:00,J3,913,839,1752
2018-12-18T20:45:00+09:00,J4,735,751,1486
2018-12-18T20:45:00+09:00,J5,628,618,1246
2018-12-18T21:00:00+09:00,J1,1119,1334,2453
2018-12-18T21:00:00+09:00,J2,566,646,1212
2018-12-18T21:00:00+09:00,J3,1024,1005,2029
2018-12-18T21:00:00+09:00,J4,671,732,1403
2018-12-18T21:00:00+09:00,J5,595,651,1246
2018-12-18T21:15:00+09:00,J1,1146,1292,2438
2018-12-18T21:15:00+09:00,J2,559,659,1218
2018-12-18T21:15:00+09:00,J3,1106,1006,2112
2018-12-18T21:15:00+09:00,J4,724,667,1391
2018-12-18T21:15:00+09:00,J5,553,644,1197
2018-12-18T21:30:00+09:00,J1,1123,1275,2398
2018-12-18T21:30:00+09:00,J2,573,608,1181
2018-12-18T21:30:00+09:00,J3,1033,986,2019
2018-12-18T21:30:00+09:00,J4,634,617,1251
2018-12-18T21:30:00+09:00,J5,551,578,1129
2018-12-18T21:45:00+09:00,J1,1044,1275,2319
2018-12-18T21:45:00+09:00,J2,680,563,1243
2018-12-18T21:45:00+09:00,J3,1030,997,2027
2018-12-18T21:45:00+09:00,J4,648,646,1294
2018-12-18T21:45:00+09:00,J5,465,550,1015
2018-12-18T22:00:00+09:00,J1,1018,1156,2174
2018-12-18T22:00:00+09:00,J2,699,645,1344
2018-12-18T22:00:00+09:00,J3,1101,933,2034
2018-12-18T22:00:00+09:00,J4,717,708,1425
2018-12-18T22:00:00+09:00,J5,488,543,1031
2018-12-18T22:15:00+09:00,J1,1067,1229,2296
2018-12-18T22:15:00+09:00,J2,715,706,1421
2018-12-18T22:15:00+09:00,J3,1066,945,2011
2018-12-18T22:15:00+09:00,J4,679,746,1425
2018-12-18T22:15:00+09:00,J5,421,536,957
2018-12-18T22:30:00+09:00,J1,977,1212,2189
2018-12-18T22:30:00+09:00,J2,747,687,1434
2018-12-18T22:30:00+09:00,J3,948,918,1866
2018-12-18T22:30:00+09:00,J4,712,692,1404
2018-12-18T22:30:00+09:00,J5,395,481,876
2018-12-18T22:45:00+09:00,J1,1019,1174,2193
2018-12-18T22:45:00+09:00,J2,792,628,1420
2018-12-18T22:45:00+09:00,J3,1029,785,1814
2018-12-18T22:45:00+09:00,J4,657,699,1356
2018-12-18T22:45:00+09:00,J5,378,391,769
2018-12-18T23:00:00+09:00,J1,1044,1209,2253
2018-12-18T23:00:00+09:00,J2,606,598,1204
2018-12-18T23:00:00+09:00,J3,981,836,1817
2018-12-18T23:00:00+09:00,J4,673,672,1345
2018-12-18T23:00:00+09:00,J5,375,390,765
2018-12-18T23:15:00+09:00,J1,1016,1163,2179
2018-12-18T23:15:00+09:00,J2,588,588,1176
2018-12-18T23:15:00+09:00,J3,1014,860,1874
2018-12-18T23:15:00+09:00,J4,741,703,1444
2018-12-18T23:15:00+09:00,J5,370,439,809
2018-12-18T23:30:00+09:00,J1,1028,1068,2096
2018-12-18T23:30:00+09:00,J2,554,528,1082
2018-12-18T23:30:00+09:00,J3,970,880,1850
2018-12-18T23:30:00+09:00,J4,587,643,1230
2018-12-18T23:30:00+09:00,J5,387,413,800
2018-12-18T23:45:00+09:00,J1,932,1095,2027
2018-12-18T23:45:00+09:00,J2,647,590,1237
2018-12-18T23:45:00+09:00,J3,1035,885,1920
2018-12-18T23:45:00+09:00,J4,642,669,1311
2018-12-18T23:45:00+09:00,J5,361,417,778
2018-12-19T00:00:00+09:00,J1,843,786,1629
2018-12-19T00:00:00+09:00,J2,457,418,875
2018-12-19T00:00:00+09:00,J3,1002,676,1678
2018-12-19T00:00:00+09:00,J4,644,612,1256
2018-12-19T00:00:00+09:00,J5,409,422,831
2018-12-19T00:15:00+09:00,J1,737,718,1455
2018-12-19T00:15:00+09:00,J2,352,406,758
2018-12-19T00:15:00+09:00,J3,609,521,1130
2018-12-19T00:15:00+09:00,J4,542,479,1021
2018-12-19T00:15:00+09:00,J5,452,421,873
2018-12-19T00:30:00+09:00,J1,482,460,942
2018-12-19T00:30:00+09:00,J2,411,482,893
2018-12-19T00:30:00+09:00,J3,461,418,879
2018-12-19T00:30:00+09:00,J4,354,391,745
2018-12-19T00:30:00+09:00,J5,470,397,867
2018-12-19T00:45:00+09:00,J1,583,506,1089
2018-12-19T00:45:00+09:00,J2,383,483,866
2018-12-19T00:45:00+09:00,J3,476,435,911
2018-12-19T00:45:00+09:00,J4,404,394,798
2018-12-19T00:45:00+09:00,J5,514,446,960
2018-12-19T05:45:00+09:00,J1,960,909,1869
2018-12-19T05:45:00+09:00,J2,399,434,833
2018-12-19T05:45:00+09:00,J3,472,461,933
2018-12-19T05:45:00+09:00,J4,432,505,937
2018-12-19T05:45:00+09:00,J5,479,452,931
2018-12-19T06:00:00+09:00,J1,792,935,1727
2018-12-19T06:00:00+09:00,J2,418,510,928
2018-12-19T06:00:00+09:00,J3,529,556,1085
2018-12-19T06:00:00+09:00,J4,447,508,955
2018-12-19T06:00:00+09:00,J5,424,357,781
2018-12-19T06:15:00+09:00,J1,978,974,1952
2018-12-19T06:15:00+09:00,J2,408,494,902
2018-12-19T06:15:00+09:00,J3,671,654,1325
2018-12-19T06:15:00+09:00,J4,480,556,1036
2018-12-19T06:15:00+09:00,J5,384,355,739
2018-12-19T06:30:00+09:00,J1,1023,1035,2058
2018-12-19T06:30:00+09:00,J2,443,480,923
2018-12-19T06:30:00+09:00,J3,632,669,1301
2018-12-19T06:30:00+09:00,J4,476,532,1008
2018-12-19T06:30:00+09:00,J5,405,350,755
2018-12-19T06:45:00+09:00,J1,1016,1031,2047
2018-12-19T06:45:00+09:00,J2,451,549,1000
2018-12-19T06:45:00+09:00,J3,801,695,1496
2018-12-19T06:45:00+09:00,J4,584,662,1246
2018-12-19T06:45:00+09:00,J5,407,411,818
2018-12-19T07:00:00+09:00,J1,1144,1125,2269
2018-12-19T07:00:00+09:00,J2,500,548,1048
2018-12-19T07:00:00+09:00,J3,789,706,1495
2018-12-19T07:00:00+09:00,J4,607,702,1309
2018-12-19T07:00:00+09:00,J5,431,412,843
2018-12-19T07:15:00+09:00,J1,1161,1140,2301
2018-12-19T07:15:00+09:00,J2,622,587,1209
2018-12-19T07:15:00+09:00,J3,984,824,1808
2018-12-19T07:15:00+09:00,J4,695,831,1526
2018-12-19T07:15:00+09:00,J5,490,460,950
2018-12-19T07:30:00+09:00,J1,1131,1206,2337
2018-12-19T07:30:00+09:00,J2,547,518,1065
2018-12-19T07:30:00+09:00,J3,1151,1045,2196
2018-12-19T07:30:00+09:00,J4,737,864,1601
2018-12-19T07:30:00+09:00,J5,632,576,1208
2018-12-19T07:45:00+09:00,J1,1151,1320,2471
2018-12-19T07:45:00+09:00,J2,796,679,1475
2018-12-19T07:45:00+09:00,J3,1242,1266,2508
2018-12-19T07:45:00+09:00,J4,696,922,1618
2018-12-19T07:45:00+09:00,J5,502,485,987
2018-12-19T08:00:00+09:00,J1,1428,1303,2731
2018-12-19T08:00:00+09:00,J2,927,800,1727
2018-12-19T08:00:00+09:00,J3,1258,1310,2568
2018-12-19T08:00:00+09:00,J4,715,995,1710
2018-12-19T08:00:00+09:00,J5,488,583,1071
2018-12-19T08:15:00+09:00,J1,1336,1186,2522
2018-12-19T08:15:00+09:00,J2,1072,837,1909
2018-12-19T08:15:00+09:00,J3,1435,1401,2836
2018-12-19T08:15:00+09:00,J4,802,1162,1964
2018-12-19T08:15:00+09:00,J5,478,547,1025
2018-12-19T08:30:00+09:00,J1,1128,1136,2264
2018-12-19T08:30:00+09:00,J2,1054,774,1828
2018-12-19T08:30:00+09:00,J3,1197,1492,2689
2018-12-19T08:30:00+09:00,J4,767,1132,1899
2018-12-19T08:30:00+09:00,J5,591,600,1191
2018-12-19T08:45:00+09:00,J1,1154,1046,2200
2018-12-19T08:45:00+09:00,J2,870,647,1517
2018-12-19T08:45:00+09:00,J3,1251,1223,2474
2018-12-19T08:45:00+09:00,J4,659,947,1606
2018-12-19T08:45:00+09:00,J5,609,587,1196
2018-12-19T09:00:00+09:00,J1,966,1017,1983
2018-12-19T09:00:00+09:00,J2,742,656,1398
2018-12-19T09:00:00+09:00,J3,1074,1150,2224
2018-12-19T09:00:00+09:00,J4,581,709,1290
2018-12-19T09:00:00+09:00,J5,545,513,1058
2018-12-19T09:15:00+09:00,J1,911,928,1839
2018-12-19T09:15:00+09:00,J2,777,632,1409
2018-12-19T09:15:00+09:00,J3,1057,948,2005
2018-12-19T09:15:00+09:00,J4,606,708,1314
2018-12-19T09:15:00+09:00,J5,516,513,1029
2018-12-19T09:30:00+09:00,J1,972,936,1908
2018-12-19T09:30:00+09:00,J2,695,623,1318
2018-12-19T09:30:00+09:00,J3,1101,978,2079
2018-12-19T09:30:00+09:00,J4,625,820,1445
2018-12-19T09:30:00+09:00,J5,621,672,1293
2018-12-19T09:45:00+09:00,J1,969,939,1908
2018-12-19T09:45:00+09:00,J2,744,641,1385
2018-12-19T09:45:00+09:00,J3,957,990,1947
2018-12-19T09:45:00+09:00,J4,603,711,1314
2018-12-19T09:45:00+09:00,J5,609,616,1225
2018-12-19T10:00:00+09:00,J1,903,945,1848
2018-12-19T10:00:00+09:00,J2,718,675,1393
2018-12-19T10:00:00+09:00,J3,958,913,1871
2018-12-19T10:00:00+09:00,J4,677,770,1447
2018-12-19T10:00:00+09:00,J5,605,622,1227
2018-12-19T10:15:00+09:00,J1,925,1036,1961
2018-12-19T10:15:00+09:00,J2,717,658,1375
2018-12-19T10:15:00+09:00,J3,988,1011,1999
2018-12-19T10:15:00+09:00,J4,618,724,1342
2018-12-19T10:15:00+09:00,J5,564,609,1173
2018-12-19T10:30:00+09:00,J1,1010,1010,2020
2018-12-19T10:30:00+09:00,J2,640,635,1275
2018-12-19T10:30:00+09:00,J3,1037,951,1988
2018-12-19T10:30:00+09:00,J4,634,729,1363
2018-12-19T10:30:00+09:00,J5,590,648,1238
2018-12-19T10:45:00+09:00,J1,997,1080,2077
2018-12-19T10:45:00+09:00,J2,621,630,1251
2018-12-19T10:45:00+09:00,J3,1108,957,2065
2018-12-19T10:45:00+09:00,J4,557,752,1309
2018-12-19T10:45:00+09:00,J5,578,573,1151
2018-12-19T11:00:00+09:00,J1,931,970,1901
2018-12-19T11:00:00+09:00,J2,665,597,1262
2018-12-19T11:00:00+09:00,J3,1159,978,2137
2018-12-19T11:00:00+09:00,J4,653,745,1398
2018-12-19T11:00:00+09:00,J5,576,633,1209
2018-12-19T11:15:00+09:00,J1,1023,1061,2084
2018-12-19T11:15:00+09:00,J2,665,632,1297
2018-12-19T11:15:00+09:00,J3,1206,1119,2325
2018-12-19T11:15:00+09:00,J4,728,768,1496
2018-12-19T11:15:00+09:00,J5,532,514,1046
2018-12-19T11:30:00+09:00,J1,1139,1227,2366
2018-12-19T11:30:00+09:00,J2,676,602,1278
2018-12-19T11:30:00+09:00,J3,1114,1037,2151
2018-12-19T11:30:00+09:00,J4,693,731,1424
2018-12-19T11:30:00+09:00,J5,477,507,984
2018-12-19T11:45:00+09:00,J1,1241,1306,2547
2018-12-19T11:45:00+09:00,J2,715,596,1311
2018-12-19T11:45:00+09:00,J3,1128,1021,2149
2018-12-19T11:45:00+09:00,J4,686,785,1471
2018-12-19T11:45:00+09:00,J5,442,463,905
2018-12-19T12:00:00+09:00,J1,1289,1467,2756
2018-12-19T12:00:00+09:00,J2,754,678,1432
2018-12-19T12:00:00+09:00,J3,1186,1028,2214
2018-12-19T12:00:00+09:00,J4,747,732,1479
2018-12-19T12:00:00+09:00,J5,538,509,1047
2018-12-19T12:15:00+09:00,J1,1181,1382,2563
2018-12-19T12:15:00+09:00,J2,775,664,1439
2018-12-19T12:15:00+09:00,J3,1348,1222,2570
2018-12-19T12:15:00+09:00,J4,1017,922,1939
2018-12-19T12:15:00+09:00,J5,544,455,999
2018-12-19T12:30:00+09:00,J1,1181,1319,2500
2018-12-19T12:30:00+09:00,J2,826,779,1605
2018-12-19T12:30:00+09:00,J3,1274,1089,2363
2018-12-19T12:30:00+09:00,J4,983,970,1953
2018-12-19T12:30:00+09:00,J5,510,405,915
2018-12-19T12:45:00+09:00,J1,1036,1264,2300
2018-12-19T12:45:00+09:00,J2,872,718,1590
2018-12-19T12:45:00+09:00,J3,1207,1075,2282
2018-12-19T12:45:00+09:00,J4,891,927,1818
2018-12-19T12:45:00+09:00,J5,500,432,932
2018-12-19T13:00:00+09:00,J1,1092,1280,2372
2018-12-19T13:00:00+09:00,J2,795,740,1535
2018-12-19T13:00:00+09:00,J3,1096,964,2060
2018-12-19T13:00:00+09:00,J4,975,904,1879
2018-12-19T13:00:00+09:00,J5,540,475,1015
2018-12-19T13:15:00+09:00,J1,1127,1305,2432
2018-12-19T13:15:00+09:00,J2,813,715,1528
2018-12-19T13:15:00+09:00,J3,1113,950,2063
2018-12-19T13:15:00+09:00,J4,1007,936,1943
2018-12-19T13:15:00+09:00,J5,589,594,1183
2018-12-19T13:30:00+09:00,J1,1152,1294,2446
2018-12-19T13:30:00+09:00,J2,772,721,1493
2018-12-19T13:30:00+09:00,J3,1075,938,2013
2018-12-19T13:30:00+09:00,J4,935,909,1844
2018-12-19T13:30:00+09:00,J5,565,608,1173
2018-12-19T13:45:00+09:00,J1,1213,1364,2577
2018-12-19T13:45:00+09:00,J2,777,713,1490
2018-12-19T13:45:00+09:00,J3,1040,818,1858
2018-12-19T13:45:00+09:00,J4,869,884,1753
2018-12-19T13:45:00+09:00,J5,583,563,1146
2018-12-19T14:00:00+09:00,J1,1178,1400,2578
2018-12-19T14:00:00+09:00,J2,754,766,1520
2018-12-19T14:00:00+09:00,J3,1054,774,1828
2018-12-19T14:00:00+09:00,J4,924,908,1832
2018-12-19T14:00:00+09:00,J5,560,559,1119
2018-12-19T14:15:00+09:00,J1,1201,1400,2601
2018-12-19T14:15:00+09:00,J2,768,758,1526
2018-12-19T14:15:00+09:00,J3,1053,909,1962
2018-12-19T14:15:00+09:00,J4,896,875,1771
2018-12-19T14:15:00+09:00,J5,510,542,1052
2018-12-19T14:30:00+09:00,J1,1265,1381,2646
2018-12-19T14:30:00+09:00,J2,711,758,1469
2018-12-19T14:30:00+09:00,J3,960,953,1913
2018-12-19T14:30:00+09:00,J4,904,994,1898
2018-12-19T14:30:00+09:00,J5,577,618,1195
2018-12-19T14:45:00+09:00,J1,1223,1338,2561
2018-12-19T14:45:00+09:00,J2,745,682,1427
2018-12-19T14:45:00+09:00,J3,1026,910,1936
2018-12-19T14:45:00+09:00,J4,856,892,1748
2018-12-19T14:45:00+09:00,J5,535,488,1023
2018-12-19T15:00:00+09:00,J1,1159,1365,2524
2018-12-19T15:00:00+09:00,J2,712,780,1492
2018-12-19T15:00:00+09:00,J3,1030,796,1826
2018-12-19T15:00:00+09:00,J4,880,868,1748
2018-12-19T15:00:00+09:00,J5,558,525,1083
2018-12-19T15:15:00+09:00,J1,1242,1454,2696
2018-12-19T15:15:00+09:00,J2,738,754,1492
2018-12-19T15:15:00+09:00,J3,1038,876,1914
2018-12-19T15:15:00+09:00,J4,931,909,1840
2018-12-19T15:15:00+09:00,J5,524,508,1032
2018-12-19T15:30:00+09:00,J1,1163,1418,2581
2018-12-19T15:30:00+09:00,J2,777,804,1581
2018-12-19T15:30:00+09:00,J3,1098,900,1998
2018-12-19T15:30:00+09:00,J4,880,852,1732
2018-12-19T15:30:00+09:00,J5,507,522,1029
2018-12-19T15:45:00+09:00,J1,1190,1424,2614
2018-12-19T15:45:00+09:00,J2,811,845,1656
2018-12-19T15:45:00+09:00,J3,1089,860,1949
2018-12-19T15:45:00+09:00,J4,925,850,1775
2018-12-19T15:45:00+09:00,J5,513,549,1062
2018-12-19T16:00:00+09:00,J1,1182,1428,2610
2018-12-19T16:00:00+09:00,J2,783,885,1668
2018-12-19T16:00:00+09:00,J3,1015,919,1934
2018-12-19T16:00:00+09:00,J4,888,910,1798
2018-12-19T16:00:00+09:00,J5,585,560,1145
2018-12-19T16:15:00+09:00,J1,1193,1301,2494
2018-12-19T16:15:00+09:00,J2,827,816,1643
2018-12-19T16:15:00+09:00,J3,1113,861,1974
2018-12-19T16:15:00+09:00,J4,939,956,1895
2018-12-19T16:15:00+09:00,J5,542,582,1124
2018-12-19T16:30:00+09:00,J1,1151,1408,2559
2018-12-19T16:30:00+09:00,J2,807,862,1669
2018-12-19T16:30:00+09:00,J3,1155,1124,2279
2018-12-19T16:30:00+09:00,J4,954,916,1870
2018-12-19T16:30:00+09:00,J5,594,570,1164
2018-12-19T16:45:00+09:00,J1,1157,1312,2469
2018-12-19T16:45:00+09:00,J2,761,864,1625
2018-12-19T16:45:00+09:00,J3,1154,1126,2280
2018-12-19T16:45:00+09:00,J4,951,955,1906
2018-12-19T16:45:00+09:00,J5,593,590,1183
2018-12-19T17:00:00+09:00,J1,1151,1423,2574
2018-12-19T17:00:00+09:00,J2,819,780,1599
2018-12-19T17:00:00+09:00,J3,1371,1240,2611
2018-12-19T17:00:00+09:00,J4,928,916,1844
2018-12-19T17:00:00+09:00,J5,616,611,1227
2018-12-19T17:15:00+09:00,J1,1255,1421,2676
2018-12-19T17:15:00+09:00,J2,985,894,1879
2018-12-19T17:15:00+09:00,J3,1393,1143,2536
2018-12-19T17:15:00+09:00,J4,966,1002,1968
2018-12-19T17:15:00+09:00,J5,758,931,1689
2018-12-19T17:30:00+09:00,J1,1255,1441,2696
2018-12-19T17:30:00+09:00,J2,1034,923,1957
2018-12-19T17:30:00+09:00,J3,1381,1219,2600
2018-12-19T17:30:00+09:00,J4,983,985,1968
2018-12-19T17:30:00+09:00,J5,747,963,1710
2018-12-19T17:45:00+09:00,J1,1311,1447,2758
2018-12-19T17:45:00+09:00,J2,1027,1080,2107
2018-12-19T17:45:00+09:00,J3,1544,1254,2798
2018-12-19T17:45:00+09:00,J4,1059,1007,2066
2018-12-19T17:45:00+09:00,J5,765,984,1749
2018-12-19T18:00:00+09:00,J1,1189,1274,2463
2018-12-19T18:00:00+09:00,J2,914,836,1750
2018-12-19T18:00:00+09:00,J3,1365,1007,2372
2018-12-19T18:00:00+09:00,J4,923,844,1767
2018-12-19T18:00:00+09:00,J5,654,852,1506
2018-12-19T18:15:00+09:00,J1,1524,1701,3225
2018-12-19T18:15:00+09:00,J2,1182,1185,2367
2018-12-19T18:15:00+09:00,J3,1741,1484,3225
2018-12-19T18:15:00+09:00,J4,1304,1243,2547
2018-12-19T18:15:00+09:00,J5,852,1117,1969
2018-12-19T18:30:00+09:00,J1,1337,1494,2831
2018-12-19T18:30:00+09:00,J2,948,929,1877
2018-12-19T18:30:00+09:00,J3,1367,1128,2495
2018-12-19T18:30:00+09:00,J4,1166,925,2091
2018-12-19T18:30:00+09:00,J5,729,879,1608
2018-12-19T18:45:00+09:00,J1,1331,1326,2657
2018-12-19T18:45:00+09:00,J2,873,844,1717
2018-12-19T18:45:00+09:00,J3,1382,993,2375
2018-12-19T18:45:00+09:00,J4,1098,957,2055
2018-12-19T18:45:00+09:00,J5,735,858,1593
2018-12-19T19:00:00+09:00,J1,1215,1373,2588
2018-12-19T19:00:00+09:00,J2,883,864,1747
2018-12-19T19:00:00+09:00,J3,1305,978,2283
2018-12-19T19:00:00+09:00,J4,1060,890,1950
2018-12-19T19:00:00+09:00,J5,732,807,1539
2018-12-19T19:15:00+09:00,J1,1230,1394,2624
2018-12-19T19:15:00+09:00,J2,786,824,1610
2018-12-19T19:15:00+09:00,J3,1307,923,2230
2018-12-19T19:15:00+09:00,J4,942,874,1816
2018-12-19T19:15:00+09:00,J5,713,757,1470
2018-12-19T19:30:00+09:00,J1,1230,1314,2544
2018-12-19T19:30:00+09:00,J2,667,887,1554
2018-12-19T19:30:00+09:00,J3,1183,1007,2190
2018-12-19T19:30:00+09:00,J4,930,868,1798
2018-12-19T19:30:00+09:00,J5,745,763,1508
2018-12-19T19:45:00+09:00,J1,1106,1356,2462
2018-12-19T19:45:00+09:00,J2,632,762,1394
2018-12-19T19:45:00+09:00,J3,1056,904,1960
2018-12-19T19:45:00+09:00,J4,940,828,1768
2018-12-19T19:45:00+09:00,J5,648,786,1434
2018-12-19T20:00:00+09:00,J1,1147,1313,2460
2018-12-19T20:00:00+09:00,J2,668,714,1382
2018-12-19T20:00:00+09:00,J3,1065,999,2064
2018-12-19T20:00:00+09:00,J4,932,852,1784
2018-12-19T20:00:00+09:00,J5,647,740,1387
2018-12-19T20:15:00+09:00,J1,1179,1368,2547
2018-12-19T20:15:00+09:00,J2,638,729,1367
2018-12-19T20:15:00+09:00,J3,1169,1004,2173
2018-12-19T20:15:00+09:00,J4,905,814,1719
2018-12-19T20:15:00+09:00,J5,672,704,1376
2018-12-19T20:30:00+09:00,J1,1094,1403,2497
2018-12-19T20:30:00+09:00,J2,642,738,1380
2018-12-19T20:30:00+09:00,J3,1043,962,2005
2018-12-19T20:30:00+09:00,J4,733,778,1511
2018-12-19T20:30:00+09:00,J5,626,636,1262
2018-12-19T20:45:00+09:00,J1,1167,1285,2452
2018-12-19T20:45:00+09:00,J2,596,657,1253
2018-12-19T20:45:00+09:00,J3,1178,1057,2235
2018-12-19T20:45:00+09:00,J4,806,829,1635
2018-12-19T20:45:00+09:00,J5,625,569,1194
2018-12-19T21:00:00+09:00,J1,1117,1293,2410
2018-12-19T21:00:00+09:00,J2,570,717,1287
2018-12-19T21:00:00+09:00,J3,1249,1080,2329
2018-12-19T21:00:00+09:00,J4,810,870,1680
2018-12-19T21:00:00+09:00,J5,553,512,1065
2018-12-19T21:15:00+09:00,J1,1085,1367,2452
2018-12-19T21:15:00+09:00,J2,619,709,1328
2018-12-19T21:15:00+09:00,J3,1239,1065,2304
2018-12-19T21:15:00+09:00,J4,840,903,1743
2018-12-19T21:15:00+09:00,J5,555,446,1001
2018-12-19T21:30:00+09:00,J1,1133,1263,2396
2018-12-19T21:30:00+09:00,J2,745,760,1505
2018-12-19T21:30:00+09:00,J3,1137,983,2120
2018-12-19T21:30:00+09:00,J4,731,767,1498
2018-12-19T21:30:00+09:00,J5,446,469,915
2018-12-19T21:45:00+09:00,J1,1115,1237,2352
2018-12-19T21:45:00+09:00,J2,737,689,1426
2018-12-19T21:45:00+09:00,J3,1120,924,2044
2018-12-19T21:45:00+09:00,J4,730,849,1579
2018-12-19T21:45:00+09:00,J5,478,470,948
2018-12-19T22:00:00+09:00,J1,1102,1275,2377
2018-12-19T22:00:00+09:00,J2,787,824,1611
2018-12-19T22:00:00+09:00,J3,1100,879,1979
2018-12-19T22:00:00+09:00,J4,767,863,1630
2018-12-19T22:00:00+09:00,J5,420,462,882
2018-12-19T22:15:00+09:00,J1,1082,1198,2280
2018-12-19T22:15:00+09:00,J2,747,766,1513
2018-12-19T22:15:00+09:00,J3,1130,830,1960
2018-12-19T22:15:00+09:00,J4,670,758,1428
2018-12-19T22:15:00+09:00,J5,371,420,791
2018-12-19T22:30:00+09:00,J1,1035,1229,2264
2018-12-19T22:30:00+09:00,J2,706,722,1428
2018-12-19T22:30:00+09:00,J3,1034,928,1962
2018-12-19T22:30:00+09:00,J4,728,725,1453
2018-12-19T22:30:00+09:00,J5,352,374,726
2018-12-19T22:45:00+09:00,J1,1091,1269,2360
2018-12-19T22:45:00+09:00,J2,664,639,1303
2018-12-19T22:45:00+09:00,J3,1033,880,1913
2018-12-19T22:45:00+09:00,J4,735,745,1480
2018-12-19T22:45:00+09:00,J5,356,390,746
2018-12-19T23:00:00+09:00,J1,1130,1176,2306
2018-12-19T23:00:00+09:00,J2,523,613,1136
2018-12-19T23:00:00+09:00,J3,900,805,1705
2018-12-19T23:00:00+09:00,J4,706,747,1453
2018-12-19T23:00:00+09:00,J5,384,399,783
2018-12-19T23:15:00+09:00,J1,987,1077,2064
2018-12-19T23:15:00+09:00,J2,535,602,1137
2018-12-19T23:15:00+09:00,J3,991,813,1804
2018-12-19T23:15:00+09:00,J4,610,657,1267
2018-12-19T23:15:00+09:00,J5,396,415,811
2018-12-19T23:30:00+09:00,J1,945,1126,2071
2018-12-19T23:30:00+09:00,J2,538,583,1121
2018-12-19T23:30:00+09:00,J3,1037,859,1896
2018-12-19T23:30:00+09:00,J4,604,660,1264
2018-12-19T23:30:00+09:00,J5,394,381,775
2018-12-19T23:45:00+09:00,J1,1055,1184,2239
2018-12-19T23:45:00+09:00,J2,546,554,1100
2018-12-19T23:45:00+09:00,J3,931,784,1715
2018-12-19T23:45:00+09:00,J4,529,601,1130
2018-12-19T23:45:00+09:00,J5,421,421,842
2018-12-20T00:00:00+09:00,J1,972,984,1956
2018-12-20T00:00:00+09:00,J2,408,527,935
2018-12-20T00:00:00+09:00,J3,736,594,1330
2018-12-20T00:00:00+09:00,J4,653,599,1252
2018-12-20T00:00:00+09:00,J5,456,406,862
2018-12-20T00:15:00+09:00,J1,783,764,1547
2018-12-20T00:15:00+09:00,J2,464,519,983
2018-12-20T00:15:00+09:00,J3,533,486,1019
2018-12-20T00:15:00+09:00,J4,478,534,1012
2018-12-20T00:15:00+09:00,J5,518,508,1026
2018-12-20T00:30:00+09:00,J1,669,724,1393
2018-12-20T00:30:00+09:00,J2,412,409,821
2018-12-20T00:30:00+09:00,J3,499,513,1012
2018-12-20T00:30:00+09:00,J4,491,512,1003
2018-12-20T00:30:00+09:00,J5,578,557,1135
2018-12-20T00:45:00+09:00,J1,661,713,1374
2018-12-20T00:45:00+09:00,J2,394,435,829
2018-12-20T00:45:00+09:00,J3,518,477,995
2018-12-20T00:45:00+09:00,J4,454,448,902
2018-12-20T00:45:00+09:00,J5,544,522,1066
2018-12-20T05:45:00+09:00,J1,869,857,1726
2018-12-20T05:45:00+09:00,J2,423,481,904
2018-12-20T05:45:00+09:00,J3,812,742,1554
2018-12-20T05:45:00+09:00,J4,599,660,1259
2018-12-20T05:45:00+09:00,J5,610,506,1116
2018-12-20T06:00:00+09:00,J1,759,850,1609
2018-12-20T06:00:00+09:00,J2,382,457,839
2018-12-20T06:00:00+09:00,J3,775,741,1516
2018-12-20T06:00:00+09:00,J4,545,669,1214
2018-12-20T06:00:00+09:00,J5,532,550,1082
2018-12-20T06:15:00+09:00,J1,969,977,1946
2018-12-20T06:15:00+09:00,J2,473,505,978
2018-12-20T06:15:00+09:00,J3,721,684,1405
2018-12-20T06:15:00+09:00,J4,534,650,1184
2018-12-20T06:15:00+09:00,J5,488,437,925
2018-12-20T06:30:00+09:00,J1,1075,1123,2198
2018-12-20T06:30:00+09:00,J2,508,536,1044
2018-12-20T06:30:00+09:00,J3,630,633,1263
2018-12-20T06:30:00+09:00,J4,559,614,1173
2018-12-20T06:30:00+09:00,J5,475,467,942
2018-12-20T06:45:00+09:00,J1,1099,1079,2178
2018-12-20T06:45:00+09:00,J2,546,464,1010
2018-12-20T06:45:00+09:00,J3,695,586,1281
2018-12-20T06:45:00+09:00,J4,539,698,1237
2018-12-20T06:45:00+09:00,J5,563,502,1065
2018-12-20T07:00:00+09:00,J1,1112,1220,2332
2018-12-20T07:00:00+09:00,J2,619,619,1238
2018-12-20T07:00:00+09:00,J3,735,697,1432
2018-12-20T07:00:00+09:00,J4,587,690,1277
2018-12-20T07:00:00+09:00,J5,524,533,1057
2018-12-20T07:15:00+09:00,J1,1213,1257,2470
2018-12-20T07:15:00+09:00,J2,841,790,1631
2018-12-20T07:15:00+09:00,J3,778,691,1469
2018-12-20T07:15:00+09:00,J4,678,803,1481
2018-12-20T07:15:00+09:00,J5,528,489,1017
2018-12-20T07:30:00+09:00,J1,1250,1335,2585
2018-12-20T07:30:00+09:00,J2,688,652,1340
2018-12-20T07:30:00+09:00,J3,1265,1095,2360
2018-12-20T07:30:00+09:00,J4,669,870,1539
2018-12-20T07:30:00+09:00,J5,663,614,1277
2018-12-20T07:45:00+09:00,J1,1213,1394,2607
2018-12-20T07:45:00+09:00,J2,713,680,1393
2018-12-20T07:45:00+09:00,J3,1417,1296,2713
2018-12-20T07:45:00+09:00,J4,652,1046,1698
2018-12-20T07:45:00+09:00,J5,587,541,1128
2018-12-20T08:00:00+09:00,J1,1399,1317,2716
2018-12-20T08:00:00+09:00,J2,990,710,1700
2018-12-20T08:00:00+09:00,J3,1542,1384,2926
2018-12-20T08:00:00+09:00,J4,762,1085,1847
2018-12-20T08:00:00+09:00,J5,678,687,1365
2018-12-20T08:15:00+09:00,J1,1511,1365,2876
2018-12-20T08:15:00+09:00,J2,1166,668,1834
2018-12-20T08:15:00+09:00,J3,1510,1511,3021
2018-12-20T08:15:00+09:00,J4,768,1253,2021
2018-12-20T08:15:00+09:00,J5,704,716,1420
2018-12-20T08:30:00+09:00,J1,1404,1351,2755
2018-12-20T08:30:00+09:00,J2,1108,774,1882
2018-12-20T08:30:00+09:00,J3,1347,1497,2844
2018-12-20T08:30:00+09:00,J4,754,1161,1915
2018-12-20T08:30:00+09:00,J5,695,645,1340
2018-12-20T08:45:00+09:00,J1,1134,1100,2234
2018-12-20T08:45:00+09:00,J2,983,613,1596
2018-12-20T08:45:00+09:00,J3,1003,1143,2146
2018-12-20T08:45:00+09:00,J4,642,895,1537
2018-12-20T08:45:00+09:00,J5,706,726,1432
2018-12-20T09:00:00+09:00,J1,1045,1064,2109
2018-12-20T09:00:00+09:00,J2,797,629,1426
2018-12-20T09:00:00+09:00,J3,1010,980,1990
2018-12-20T09:00:00+09:00,J4,624,848,1472
2018-12-20T09:00:00+09:00,J5,678,679,1357
2018-12-20T09:15:00+09:00,J1,1136,1033,2169
2018-12-20T09:15:00+09:00,J2,785,591,1376
2018-12-20T09:15:00+09:00,J3,1059,998,2057
2018-12-20T09:15:00+09:00,J4,654,852,1506
2018-12-20T09:15:00+09:00,J5,655,673,1328
2018-12-20T09:30:00+09:00,J1,1369,1257,2626
2018-12-20T09:30:00+09:00,J2,763,524,1287
2018-12-20T09:30:00+09:00,J3,1037,1004,2041
2018-12-20T09:30:00+09:00,J4,666,941,1607
2018-12-20T09:30:00+09:00,J5,676,656,1332
2018-12-20T09:45:00+09:00,J1,1303,1280,2583
2018-12-20T09:45:00+09:00,J2,769,545,1314
2018-12-20T09:45:00+09:00,J3,991,1007,1998
2018-12-20T09:45:00+09:00,J4,644,846,1490
2018-12-20T09:45:00+09:00,J5,645,676,1321
2018-12-20T10:00:00+09:00,J1,1336,1381,2717
2018-12-20T10:00:00+09:00,J2,664,570,1234
2018-12-20T10:00:00+09:00,J3,999,928,1927
2018-12-20T10:00:00+09:00,J4,696,876,1572
2018-12-20T10:00:00+09:00,J5,593,630,1223
2018-12-20T10:15:00+09:00,J1,1286,1258,2544
2018-12-20T10:15:00+09:00,J2,762,623,1385
2018-12-20T10:15:00+09:00,J3,989,980,1969
2018-12-20T10:15:00+09:00,J4,703,822,1525
2018-12-20T10:15:00+09:00,J5,586,630,1216
2018-12-20T10:30:00+09:00,J1,1269,1280,2549
2018-12-20T10:30:00+09:00,J2,782,580,1362
2018-12-20T10:30:00+09:00,J3,1035,958,1993
2018-12-20T10:30:00+09:00,J4,635,718,1353
2018-12-20T10:30:00+09:00,J5,668,631,1299
2018-12-20T10:45:00+09:00,J1,1244,1252,2496
2018-12-20T10:45:00+09:00,J2,737,672,1409
2018-12-20T10:45:00+09:00,J3,1131,1067,2198
2018-12-20T10:45:00+09:00,J4,711,787,1498
2018-12-20T10:45:00+09:00,J5,691,611,1302
2018-12-20T11:00:00+09:00,J1,1301,1300,2601
2018-12-20T11:00:00+09:00,J2,708,638,1346
2018-12-20T11:00:00+09:00,J3,1142,987,2129
2018-12-20T11:00:00+09:00,J4,747,711,1458
2018-12-20T11:00:00+09:00,J5,680,617,1297
2018-12-20T11:15:00+09:00,J1,1122,1371,2493
2018-12-20T11:15:00+09:00,J2,620,633,1253
2018-12-20T11:15:00+09:00,J3,1267,1214,2481
2018-12-20T11:15:00+09:00,J4,656,789,1445
2018-12-20T11:15:00+09:00,J5,614,577,1191
2018-12-20T11:30:00+09:00,J1,1267,1378,2645
2018-12-20T11:30:00+09:00,J2,628,594,1222
2018-12-20T11:30:00+09:00,J3,1233,1179,2412
2018-12-20T11:30:00+09:00,J4,676,792,1468
2018-12-20T11:30:00+09:00,J5,541,501,1042
2018-12-20T11:45:00+09:00,J1,1278,1418,2696
2018-12-20T11:45:00+09:00,J2,634,639,1273
2018-12-20T11:45:00+09:00,J3,1215,1165,2380
2018-12-20T11:45:00+09:00,J4,632,723,1355
2018-12-20T11:45:00+09:00,J5,532,487,1019
2018-12-20T12:00:00+09:00,J1,1160,1459,2619
2018-12-20T12:00:00+09:00,J2,727,622,1349
2018-12-20T12:00:00+09:00,J3,1245,1236,2481
2018-12-20T12:00:00+09:00,J4,958,873,1831
2018-12-20T12:00:00+09:00,J5,558,508,1066
2018-12-20T12:15:00+09:00,J1,1197,1367,2564
2018-12-20T12:15:00+09:00,J2,712,676,1388
2018-12-20T12:15:00+09:00,J3,1273,1056,2329
2018-12-20T12:15:00+09:00,J4,1063,971,2034
2018-12-20T12:15:00+09:00,J5,642,586,1228
2018-12-20T12:30:00+09:00,J1,1137,1440,2577
2018-12-20T12:30:00+09:00,J2,775,737,1512
2018-12-20T12:30:00+09:00,J3,1199,965,2164
2018-12-20T12:30:00+09:00,J4,976,974,1950
2018-12-20T12:30:00+09:00,J5,633,537,1170
2018-12-20T12:45:00+09:00,J1,1070,1423,2493
2018-12-20T12:45:00+09:00,J2,733,649,1382
2018-12-20T12:45:00+09:00,J3,1243,1095,2338
2018-12-20T12:45:00+09:00,J4,933,927,1860
2018-12-20T12:45:00+09:00,J5,596,564,1160
2018-12-20T13:00:00+09:00,J1,1124,1357,2481
2018-12-20T13:00:00+09:00,J2,720,694,1414
2018-12-20T13:00:00+09:00,J3,1227,1038,2265
2018-12-20T13:00:00+09:00,J4,948,958,1906
2018-12-20T13:00:00+09:00,J5,540,446,986
2018-12-20T13:15:00+09:00,J1,1198,1477,2675
2018-12-20T13:15:00+09:00,J2,715,683,1398
2018-12-20T13:15:00+09:00,J3,1180,1083,2263
2018-12-20T13:15:00+09:00,J4,963,979,1942
2018-12-20T13:15:00+09:00,J5,586,494,1080
2018-12-20T13:30:00+09:00,J1,1184,1416,2600
2018-12-20T13:30:00+09:00,J2,709,635,1344
2018-12-20T13:30:00+09:00,J3,1129,1085,2214
2018-12-20T13:30:00+09:00,J4,966,942,1908
2018-12-20T13:30:00+09:00,J5,609,495,1104
2018-12-20T13:45:00+09:00,J1,1130,1395,2525
2018-12-20T13:45:00+09:00,J2,683,702,1385
2018-12-20T13:45:00+09:00,J3,1084,1107,2191
2018-12-20T13:45:00+09:00,J4,923,878,1801
2018-12-20T13:45:00+09:00,J5,551,478,1029
2018-12-20T14:00:00+09:00,J1,1141,1354,2495
2018-12-20T14:00:00+09:00,J2,739,703,1442
2018-12-20T14:00:00+09:00,J3,1125,1043,2168
2018-12-20T14:00:00+09:00,J4,916,881,1797
2018-12-20T14:00:00+09:00,J5,618,569,1187
2018-12-20T14:15:00+09:00,J1,1151,1357,2508
2018-12-20T14:15:00+09:00,J2,795,718,1513
2018-12-20T14:15:00+09:00,J3,1127,1148,2275
2018-12-20T14:15:00+09:00,J4,1034,908,1942
2018-12-20T14:15:00+09:00,J5,640,604,1244
2018-12-20T14:30:00+09:00,J1,1078,1324,2402
2018-12-20T14:30:00+09:00,J2,723,718,1441
2018-12-20T14:30:00+09:00,J3,1095,1107,2202
2018-12-20T14:30:00+09:00,J4,974,964,1938
2018-12-20T14:30:00+09:00,J5,648,651,1299
2018-12-20T14:45:00+09:00,J1,1164,1357,2521
2018-12-20T14:45:00+09:00,J2,728,692,1420
2018-12-20T14:45:00+09:00,J3,1171,1117,2288
2018-12-20T14:45:00+09:00,J4,908,907,1815
2018-12-20T14:45:00+09:00,J5,647,601,1248
2018-12-20T15:00:00+09:00,J1,1188,1464,2652
2018-12-20T15:00:00+09:00,J2,719,689,1408
2018-12-20T15:00:00+09:00,J3,1096,1082,2178
2018-12-20T15:00:00+09:00,J4,921,883,1804
2018-12-20T15:00:00+09:00,J5,710,655,1365
2018-12-20T15:15:00+09:00,J1,1156,1362,2518
2018-12-20T15:15:00+09:00,J2,782,754,1536
2018-12-20T15:15:00+09:00,J3,1077,1061,2138
2018-12-20T15:15:00+09:00,J4,834,969,1803
2018-12-20T15:15:00+09:00,J5,722,680,1402
2018-12-20T15:30:00+09:00,J1,1182,1359,2541
2018-12-20T15:30:00+09:00,J2,808,761,1569
2018-12-20T15:30:00+09:00,J3,1162,1170,2332
2018-12-20T15:30:00+09:00,J4,960,975,1935
2018-12-20T15:30:00+09:00,J5,686,755,1441
2018-12-20T15:45:00+09:00,J1,1177,1378,2555
2018-12-20T15:45:00+09:00,J2,742,680,1422
2018-12-20T15:45:00+09:00,J3,1198,1130,2328
2018-12-20T15:45:00+09:00,J4,1034,888,1922
2018-12-20T15:45:00+09:00,J5,701,672,1373
2018-12-20T16:00:00+09:00,J1,1206,1420,2626
2018-12-20T16:00:00+09:00,J2,833,746,1579
2018-12-20T16:00:00+09:00,J3,1254,1203,2457
2018-12-20T16:00:00+09:00,J4,979,881,1860
2018-12-20T16:00:00+09:00,J5,628,605,1233
2018-12-20T16:15:00+09:00,J1,1163,1396,2559
2018-12-20T16:15:00+09:00,J2,827,796,1623
2018-12-20T16:15:00+09:00,J3,1189,1197,2386
2018-12-20T16:15:00+09:00,J4,959,974,1933
2018-12-20T16:15:00+09:00,J5,740,665,1405
2018-12-20T16:30:00+09:00,J1,1185,1421,2606
2018-12-20T16:30:00+09:00,J2,811,787,1598
2018-12-20T16:30:00+09:00,J3,1296,1135,2431
2018-12-20T16:30:00+09:00,J4,1029,956,1985
2018-12-20T16:30:00+09:00,J5,589,551,1140
2018-12-20T16:45:00+09:00,J1,1182,1323,2505
2018-12-20T16:45:00+09:00,J2,805,756,1561
2018-12-20T16:45:00+09:00,J3,1366,1139,2505
2018-12-20T16:45:00+09:00,J4,967,936,1903
2018-12-20T16:45:00+09:00,J5,679,700,1379
2018-12-20T17:00:00+09:00,J1,1241,1470,2711
2018-12-20T17:00:00+09:00,J2,886,736,1622
2018-12-20T17:00:00+09:00,J3,1528,1277,2805
2018-12-20T17:00:00+09:00,J4,943,878,1821
2018-12-20T17:00:00+09:00,J5,732,772,1504
2018-12-20T17:15:00+09:00,J1,1198,1501,2699
2018-12-20T17:15:00+09:00,J2,927,780,1707
2018-12-20T17:15:00+09:00,J3,1568,1287,2855
2018-12-20T17:15:00+09:00,J4,964,928,1892
2018-12-20T17:15:00+09:00,J5,785,875,1660
2018-12-20T17:30:00+09:00,J1,1229,1487,2716
2018-12-20T17:30:00+09:00,J2,1017,889,1906
2018-12-20T17:30:00+09:00,J3,1640,1282,2922
2018-12-20T17:30:00+09:00,J4,953,979,1932
2018-12-20T17:30:00+09:00,J5,798,868,1666
2018-12-20T17:45:00+09:00,J1,1239,1462,2701
2018-12-20T17:45:00+09:00,J2,998,843,1841
2018-12-20T17:45:00+09:00,J3,1611,1357,2968
2018-12-20T17:45:00+09:00,J4,1082,981,2063
2018-12-20T17:45:00+09:00,J5,754,748,1502
2018-12-20T18:00:00+09:00,J1,1261,1488,2749
2018-12-20T18:00:00+09:00,J2,1003,883,1886
2018-12-20T18:00:00+09:00,J3,1608,1225,2833
2018-12-20T18:00:00+09:00,J4,1179,1044,2223
2018-12-20T18:00:00+09:00,J5,683,634,1317
2018-12-20T18:15:00+09:00,J1,1243,1474,2717
2018-12-20T18:15:00+09:00,J2,959,884,1843
2018-12-20T18:15:00+09:00,J3,1649,1272,2921
2018-12-20T18:15:00+09:00,J4,1408,1042,2450
2018-12-20T18:15:00+09:00,J5,663,714,1377
2018-12-20T18:30:00+09:00,J1,1232,1495,2727
2018-12-20T18:30:00+09:00,J2,936,823,1759
2018-12-20T18:30:00+09:00,J3,1432,1183,2615
2018-12-20T18:30:00+09:00,J4,1278,985,2263
2018-12-20T18:30:00+09:00,J5,635,627,1262
2018-12-20T18:45:00+09:00,J1,1311,1326,2637
2018-12-20T18:45:00+09:00,J2,912,809,1721
2018-12-20T18:45:00+09:00,J3,1329,1245,2574
2018-12-20T18:45:00+09:00,J4,925,836,1761
2018-12-20T18:45:00+09:00,J5,653,556,1209
2018-12-20T19:00:00+09:00,J1,1176,1338,2514
2018-12-20T19:00:00+09:00,J2,777,756,1533
2018-12-20T19:00:00+09:00,J3,1384,1237,2621
2018-12-20T19:00:00+09:00,J4,916,794,1710
2018-12-20T19:00:00+09:00,J5,661,590,1251
2018-12-20T19:15:00+09:00,J1,1255,1440,2695
2018-12-20T19:15:00+09:00,J2,779,797,1576
2018-12-20T19:15:00+09:00,J3,1264,1201,2465
2018-12-20T19:15:00+09:00,J4,908,736,1644
2018-12-20T19:15:00+09:00,J5,671,675,1346
2018-12-20T19:30:00+09:00,J1,1202,1483,2685
2018-12-20T19:30:00+09:00,J2,726,807,1533
2018-12-20T19:30:00+09:00,J3,1246,1098,2344
2018-12-20T19:30:00+09:00,J4,797,626,1423
2018-12-20T19:30:00+09:00,J5,558,568,1126
2018-12-20T19:45:00+09:00,J1,1196,1392,2588
2018-12-20T19:45:00+09:00,J2,728,668,1396
2018-12-20T19:45:00+09:00,J3,1189,1099,2288
2018-12-20T19:45:00+09:00,J4,721,639,1360
2018-12-20T19:45:00+09:00,J5,617,532,1149
2018-12-20T20:00:00+09:00,J1,1114,1325,2439
2018-12-20T20:00:00+09:00,J2,680,770,1450
2018-12-20T20:00:00+09:00,J3,1147,1074,2221
2018-12-20T20:00:00+09:00,J4,800,715,1515
2018-12-20T20:00:00+09:00,J5,633,624,1257
2018-12-20T20:15:00+09:00,J1,1170,1387,2557
2018-12-20T20:15:00+09:00,J2,753,772,1525
2018-12-20T20:15:00+09:00,J3,1180,1021,2201
2018-12-20T20:15:00+09:00,J4,769,682,1451
2018-12-20T20:15:00+09:00,J5,626,599,1225
2018-12-20T20:30:00+09:00,J1,1243,1368,2611
2018-12-20T20:30:00+09:00,J2,698,707,1405
2018-12-20T20:30:00+09:00,J3,1235,1039,2274
2018-12-20T20:30:00+09:00,J4,713,699,1412
2018-12-20T20:30:00+09:00,J5,577,587,1164
2018-12-20T20:45:00+09:00,J1,1196,1449,2645
2018-12-20T20:45:00+09:00,J2,692,650,1342
2018-12-20T20:45:00+09:00,J3,962,913,1875
2018-12-20T20:45:00+09:00,J4,746,608,1354
2018-12-20T20:45:00+09:00,J5,543,625,1168
2018-12-20T21:00:00+09:00,J1,1089,1286,2375
2018-12-20T21:00:00+09:00,J2,605,683,1288
2018-12-20T21:00:00+09:00,J3,1033,920,1953
2018-12-20T21:00:00+09:00,J4,795,833,1628
2018-12-20T21:00:00+09:00,J5,563,605,1168
2018-12-20T21:15:00+09:00,J1,1107,1333,2440
2018-12-20T21:15:00+09:00,J2,525,657,1182
2018-12-20T21:15:00+09:00,J3,987,1056,2043
2018-12-20T21:15:00+09:00,J4,792,767,1559
2018-12-20T21:15:00+09:00,J5,523,597,1120
2018-12-20T21:30:00+09:00,J1,1004,1257,2261
2018-12-20T21:30:00+09:00,J2,554,599,1153
2018-12-20T21:30:00+09:00,J3,1019,936,1955
2018-12-20T21:30:00+09:00,J4,804,743,1547
2018-12-20T21:30:00+09:00,J5,500,508,1008
2018-12-20T21:45:00+09:00,J1,1059,1256,2315
2018-12-20T21:45:00+09:00,J2,597,618,1215
2018-12-20T21:45:00+09:00,J3,1021,942,1963
2018-12-20T21:45:00+09:00,J4,791,730,1521
2018-12-20T21:45:00+09:00,J5,497,538,1035
2018-12-20T22:00:00+09:00,J1,1057,1184,2241
2018-12-20T22:00:00+09:00,J2,663,690,1353
2018-12-20T22:00:00+09:00,J3,1053,888,1941
2018-12-20T22:00:00+09:00,J4,776,715,1491
2018-12-20T22:00:00+09:00,J5,482,541,1023
2018-12-20T22:15:00+09:00,J1,1041,1250,2291
2018-12-20T22:15:00+09:00,J2,737,722,1459
2018-12-20T22:15:00+09:00,J3,1074,914,1988
2018-12-20T22:15:00+09:00,J4,732,715,1447
2018-12-20T22:15:00+09:00,J5,482,496,978
2018-12-20T22:30:00+09:00,J1,1067,1182,2249
2018-12-20T22:30:00+09:00,J2,714,614,1328
2018-12-20T22:30:00+09:00,J3,1020,849,1869
2018-12-20T22:30:00+09:00,J4,695,734,1429
2018-12-20T22:30:00+09:00,J5,446,487,933
2018-12-20T22:45:00+09:00,J1,1093,1155,2248
2018-12-20T22:45:00+09:00,J2,670,658,1328
2018-12-20T22:45:00+09:00,J3,968,790,1758
2018-12-20T22:45:00+09:00,J4,752,731,1483
2018-12-20T22:45:00+09:00,J5,464,449,913
2018-12-20T23:00:00+09:00,J1,1028,1155,2183
2018-12-20T23:00:00+09:00,J2,667,677,1344
2018-12-20T23:00:00+09:00,J3,1037,811,1848
2018-12-20T23:00:00+09:00,J4,686,697,1383
2018-12-20T23:00:00+09:00,J5,469,513,982
2018-12-20T23:15:00+09:00,J1,993,1139,2132
2018-12-20T23:15:00+09:00,J2,613,676,1289
2018-12-20T23:15:00+09:00,J3,938,791,1729
2018-12-20T23:15:00+09:00,J4,598,663,1261
2018-12-20T23:15:00+09:00,J5,490,506,996
2018-12-20T23:30:00+09:00,J1,943,1037,1980
2018-12-20T23:30:00+09:00,J2,632,687,1319
2018-12-20T23:30:00+09:00,J3,909,794,1703
2018-12-20T23:30:00+09:00,J4,615,721,1336
2018-12-20T23:30:00+09:00,J5,434,464,898
2018-12-20T23:45:00+09:00,J1,995,1107,2102
2018-12-20T23:45:00+09:00,J2,607,595,1202
2018-12-20T23:45:00+09:00,J3,956,727,1683
2018-12-20T23:45:00+09:00,J4,600,562,1162
2018-12-20T23:45:00+09:00,J5,486,478,964
2018-12-21T00:00:00+09:00,J1,886,835,1721
2018-12-21T00:00:00+09:00,J2,436,457,893
2018-12-21T00:00:00+09:00,J3,786,622,1408
2018-12-21T00:00:00+09:00,J4,599,537,1136
2018-12-21T00:00:00+09:00,J5,472,451,923
2018-12-21T00:15:00+09:00,J1,667,697,1364
2018-12-21T00:15:00+09:00,J2,381,522,903
2018-12-21T00:15:00+09:00,J3,504,452,956
2018-12-21T00:15:00+09:00,J4,528,465,993
2018-12-21T00:15:00+09:00,J5,543,510,1053
2018-12-21T00:30:00+09:00,J1,454,496,950
2018-12-21T00:30:00+09:00,J2,405,458,863
2018-12-21T00:30:00+09:00,J3,490,399,889
2018-12-21T00:30:00+09:00,J4,318,285,603
2018-12-21T00:30:00+09:00,J5,564,582,1146
2018-12-21T00:45:00+09:00,J1,489,483,972
2018-12-21T00:45:00+09:00,J2,391,470,861
2018-12-21T00:45:00+09:00,J3,466,453,919
2018-12-21T00:45:00+09:00,J4,286,318,604
2018-12-21T00:45:00+09:00,J5,576,530,1106
2018-12-21T05:45:00+09:00,J1,827,818,1645
2018-12-21T05:45:00+09:00,J2,428,476,904
2018-12-21T05:45:00+09:00,J3,552,570,1122
2018-12-21T05:45:00+09:00,J4,511,583,1094
2018-12-21T05:45:00+09:00,J5,516,544,1060
2018-12-21T06:00:00+09:00,J1,752,781,1533
2018-12-21T06:00:00+09:00,J2,390,476,866
2018-12-21T06:00:00+09:00,J3,620,535,1155
2018-12-21T06:00:00+09:00,J4,516,622,1138
2018-12-21T06:00:00+09:00,J5,437,495,932
2018-12-21T06:15:00+09:00,J1,852,857,1709
2018-12-21T06:15:00+09:00,J2,398,510,908
2018-12-21T06:15:00+09:00,J3,598,575,1173
2018-12-21T06:15:00+09:00,J4,509,579,1088
2018-12-21T06:15:00+09:00,J5,495,434,929
2018-12-21T06:30:00+09:00,J1,879,919,1798
2018-12-21T06:30:00+09:00,J2,385,474,859
2018-12-21T06:30:00+09:00,J3,545,547,1092
2018-12-21T06:30:00+09:00,J4,583,599,1182
2018-12-21T06:30:00+09:00,J5,525,444,969
2018-12-21T06:45:00+09:00,J1,868,848,1716
2018-12-21T06:45:00+09:00,J2,497,461,958
2018-12-21T06:45:00+09:00,J3,632,572,1204
2018-12-21T06:45:00+09:00,J4,581,591,1172
2018-12-21T06:45:00+09:00,J5,510,476,986
2018-12-21T07:00:00+09:00,J1,854,966,1820
2018-12-21T07:00:00+09:00,J2,510,567,1077
2018-12-21T07:00:00+09:00,J3,668,673,1341
2018-12-21T07:00:00+09:00,J4,585,723,1308
2018-12-21T07:00:00+09:00,J5,534,460,994
2018-12-21T07:15:00+09:00,J1,1041,1058,2099
2018-12-21T07:15:00+09:00,J2,529,487,1016
2018-12-21T07:15:00+09:00,J3,832,742,1574
2018-12-21T07:15:00+09:00,J4,685,805,1490
2018-12-21T07:15:00+09:00,J5,491,555,1046
2018-12-21T07:30:00+09:00,J1,1149,1150,2299
2018-12-21T07:30:00+09:00,J2,599,524,1123
2018-12-21T07:30:00+09:00,J3,1134,1078,2212
2018-12-21T07:30:00+09:00,J4,656,891,1547
2018-12-21T07:30:00+09:00,J5,657,636,1293
2018-12-21T07:45:00+09:00,J1,1219,1252,2471
2018-12-21T07:45:00+09:00,J2,774,608,1382
2018-12-21T07:45:00+09:00,J3,1303,1314,2617
2018-12-21T07:45:00+09:00,J4,625,944,1569
2018-12-21T07:45:00+09:00,J5,593,553,1146
2018-12-21T08:00:00+09:00,J1,1263,1358,2621
2018-12-21T08:00:00+09:00,J2,911,616,1527
2018-12-21T08:00:00+09:00,J3,1472,1413,2885
2018-12-21T08:00:00+09:00,J4,687,1035,1722
2018-12-21T08:00:00+09:00,J5,584,547,1131
2018-12-21T08:15:00+09:00,J1,1348,1367,2715
2018-12-21T08:15:00+09:00,J2,921,714,1635
2018-12-21T08:15:00+09:00,J3,1496,1431,2927
2018-12-21T08:15:00+09:00,J4,744,1142,1886
2018-12-21T08:15:00+09:00,J5,653,653,1306
2018-12-21T08:30:00+09:00,J1,1448,1365,2813
2018-12-21T08:30:00+09:00,J2,1162,700,1862
2018-12-21T08:30:00+09:00,J3,1356,1393,2749
2018-12-21T08:30:00+09:00,J4,826,1117,1943
2018-12-21T08:30:00+09:00,J5,628,624,1252
2018-12-21T08:45:00+09:00,J1,1062,1046,2108
2018-12-21T08:45:00+09:00,J2,960,636,1596
2018-12-21T08:45:00+09:00,J3,1023,1250,2273
2018-12-21T08:45:00+09:00,J4,656,875,1531
2018-12-21T08:45:00+09:00,J5,580,503,1083
2018-12-21T09:00:00+09:00,J1,979,1002,1981
2018-12-21T09:00:00+09:00,J2,861,682,1543
2018-12-21T09:00:00+09:00,J3,954,961,1915
2018-12-21T09:00:00+09:00,J4,609,726,1335
2018-12-21T09:00:00+09:00,J5,663,652,1315
2018-12-21T09:15:00+09:00,J1,983,978,1961
2018-12-21T09:15:00+09:00,J2,750,524,1274
2018-12-21T09:15:00+09:00,J3,898,841,1739
2018-12-21T09:15:00+09:00,J4,635,726,1361
2018-12-21T09:15:00+09:00,J5,668,698,1366
2018-12-21T09:30:00+09:00,J1,1260,1266,2526
2018-12-21T09:30:00+09:00,J2,794,530,1324
2018-12-21T09:30:00+09:00,J3,886,873,1759
2018-12-21T09:30:00+09:00,J4,616,806,1422
2018-12-21T09:30:00+09:00,J5,645,683,1328
2018-12-21T09:45:00+09:00,J1,1148,1215,2363
2018-12-21T09:45:00+09:00,J2,795,550,1345
2018-12-21T09:45:00+09:00,J3,1025,904,1929
2018-12-21T09:45:00+09:00,J4,630,691,1321
2018-12-21T09:45:00+09:00,J5,597,652,1249
2018-12-21T10:00:00+09:00,J1,1194,1235,2429
2018-12-21T10:00:00+09:00,J2,677,552,1229
2018-12-21T10:00:00+09:00,J3,994,912,1906
2018-12-21T10:00:00+09:00,J4,603,683,1286
2018-12-21T10:00:00+09:00,J5,616,543,1159
2018-12-21T10:15:00+09:00,J1,1129,1141,2270
2018-12-21T10:15:00+09:00,J2,807,712,1519
2018-12-21T10:15:00+09:00,J3,1003,886,1889
2018-12-21T10:15:00+09:00,J4,639,722,1361
2018-12-21T10:15:00+09:00,J5,659,613,1272
2018-12-21T10:30:00+09:00,J1,1189,1176,2365
2018-12-21T10:30:00+09:00,J2,777,687,1464
2018-12-21T10:30:00+09:00,J3,1032,930,1962
2018-12-21T10:30:00+09:00,J4,622,688,1310
2018-12-21T10:30:00+09:00,J5,664,617,1281
2018-12-21T10:45:00+09:00,J1,1117,1130,2247
2018-12-21T10:45:00+09:00,J2,802,763,1565
2018-12-21T10:45:00+09:00,J3,1012,913,1925
2018-12-21T10:45:00+09:00,J4,706,743,1449
2018-12-21T10:45:00+09:00,J5,632,655,1287
2018-12-21T11:00:00+09:00,J1,1135,1181,2316
2018-12-21T11:00:00+09:00,J2,813,735,1548
2018-12-21T11:00:00+09:00,J3,997,924,1921
2018-12-21T11:00:00+09:00,J4,681,670,1351
2018-12-21T11:00:00+09:00,J5,631,606,1237
2018-12-21T11:15:00+09:00,J1,1192,1224,2416
2018-12-21T11:15:00+09:00,J2,771,685,1456
2018-12-21T11:15:00+09:00,J3,1060,1138,2198
2018-12-21T11:15:00+09:00,J4,750,753,1503
2018-12-21T11:15:00+09:00,J5,579,517,1096
2018-12-21T11:30:00+09:00,J1,1126,1316,2442
2018-12-21T11:30:00+09:00,J2,776,619,1395
2018-12-21T11:30:00+09:00,J3,950,997,1947
2018-12-21T11:30:00+09:00,J4,755,837,1592
2018-12-21T11:30:00+09:00,J5,495,487,982
2018-12-21T11:45:00+09:00,J1,1158,1325,2483
2018-12-21T11:45:00+09:00,J2,685,714,1399
2018-12-21T11:45:00+09:00,J3,910,855,1765
2018-12-21T11:45:00+09:00,J4,848,731,1579
2018-12-21T11:45:00+09:00,J5,503,495,998
2018-12-21T12:00:00+09:00,J1,1191,1349,2540
2018-12-21T12:00:00+09:00,J2,775,694,1469
2018-12-21T12:00:00+09:00,J3,1018,913,1931
2018-12-21T12:00:00+09:00,J4,918,900,1818
2018-12-21T12:00:00+09:00,J5,549,541,1090
2018-12-21T12:15:00+09:00,J1,1051,1358,2409
2018-12-21T12:15:00+09:00,J2,771,679,1450
2018-12-21T12:15:00+09:00,J3,1149,1093,2242
2018-12-21T12:15:00+09:00,J4,1028,905,1933
2018-12-21T12:15:00+09:00,J5,507,495,1002
2018-12-21T12:30:00+09:00,J1,1050,1323,2373
2018-12-21T12:30:00+09:00,J2,786,678,1464
2018-12-21T12:30:00+09:00,J3,1235,1071,2306
2018-12-21T12:30:00+09:00,J4,979,965,1944
2018-12-21T12:30:00+09:00,J5,544,464,1008
2018-12-21T12:45:00+09:00,J1,1112,1314,2426
2018-12-21T12:45:00+09:00,J2,853,688,1541
2018-12-21T12:45:00+09:00,J3,1195,1050,2245
2018-12-21T12:45:00+09:00,J4,1008,886,1894
2018-12-21T12:45:00+09:00,J5,551,471,1022
2018-12-21T13:00:00+09:00,J1,1057,1230,2287
2018-12-21T13:00:00+09:00,J2,891,734,1625
2018-12-21T13:00:00+09:00,J3,1195,1097,2292
2018-12-21T13:00:00+09:00,J4,946,943,1889
2018-12-21T13:00:00+09:00,J5,472,414,886
2018-12-21T13:15:00+09:00,J1,1050,1280,2330
2018-12-21T13:15:00+09:00,J2,738,658,1396
2018-12-21T13:15:00+09:00,J3,1254,1163,2417
2018-12-21T13:15:00+09:00,J4,1021,905,1926
2018-12-21T13:15:00+09:00,J5,546,451,997
2018-12-21T13:30:00+09:00,J1,1013,1291,2304
2018-12-21T13:30:00+09:00,J2,764,675,1439
2018-12-21T13:30:00+09:00,J3,1261,1030,2291
2018-12-21T13:30:00+09:00,J4,996,952,1948
2018-12-21T13:30:00+09:00,J5,519,456,975
2018-12-21T13:45:00+09:00,J1,1120,1330,2450
2018-12-21T13:45:00+09:00,J2,731,692,1423
2018-12-21T13:45:00+09:00,J3,1210,1089,2299
2018-12-21T13:45:00+09:00,J4,940,910,1850
2018-12-21T13:45:00+09:00,J5,525,439,964
2018-12-21T14:00:00+09:00,J1,1089,1234,2323
2018-12-21T14:00:00+09:00,J2,747,690,1437
2018-12-21T14:00:00+09:00,J3,1247,1037,2284
2018-12-21T14:00:00+09:00,J4,907,978,1885
2018-12-21T14:00:00+09:00,J5,490,415,905
2018-12-21T14:15:00+09:00,J1,1006,1237,2243
2018-12-21T14:15:00+09:00,J2,789,704,1493
2018-12-21T14:15:00+09:00,J3,1241,1027,2268
2018-12-21T14:15:00+09:00,J4,925,903,1828
2018-12-21T14:15:00+09:00,J5,593,468,1061
2018-12-21T14:30:00+09:00,J1,1107,1303,2410
2018-12-21T14:30:00+09:00,J2,794,699,1493
2018-12-21T14:30:00+09:00,J3,1243,1012,2255
2018-12-21T14:30:00+09:00,J4,896,968,1864
2018-12-21T14:30:00+09:00,J5,511,433,944
2018-12-21T14:45:00+09:00,J1,1014,1310,2324
2018-12-21T14:45:00+09:00,J2,763,696,1459
2018-12-21T14:45:00+09:00,J3,1181,1070,2251
2018-12-21T14:45:00+09:00,J4,914,972,1886
2018-12-21T14:45:00+09:00,J5,549,368,917
2018-12-21T15:00:00+09:00,J1,1088,1284,2372
2018-12-21T15:00:00+09:00,J2,760,706,1466
2018-12-21T15:00:00+09:00,J3,1176,989,2165
2018-12-21T15:00:00+09:00,J4,903,941,1844
2018-12-21T15:00:00+09:00,J5,493,391,884
2018-12-21T15:15:00+09:00,J1,1097,1258,2355
2018-12-21T15:15:00+09:00,J2,788,659,1447
2018-12-21T15:15:00+09:00,J3,1227,1158,2385
2018-12-21T15:15:00+09:00,J4,944,943,1887
2018-12-21T15:15:00+09:00,J5,546,477,1023
2018-12-21T15:30:00+09:00,J1,1060,1264,2324
2018-12-21T15:30:00+09:00,J2,840,765,1605
2018-12-21T15:30:00+09:00,J3,1313,1115,2428
2018-12-21T15:30:00+09:00,J4,885,889,1774
2018-12-21T15:30:00+09:00,J5,577,458,1035
2018-12-21T15:45:00+09:00,J1,1081,1276,2357
2018-12-21T15:45:00+09:00,J2,886,801,1687
2018-12-21T15:45:00+09:00,J3,1297,1049,2346
2018-12-21T15:45:00+09:00,J4,938,935,1873
2018-12-21T15:45:00+09:00,J5,517,390,907
2018-12-21T16:00:00+09:00,J1,1027,1237,2264
2018-12-21T16:00:00+09:00,J2,802,691,1493
2018-12-21T16:00:00+09:00,J3,1272,1103,2375
2018-12-21T16:00:00+09:00,J4,860,930,1790
2018-12-21T16:00:00+09:00,J5,507,450,957
2018-12-21T16:15:00+09:00,J1,1072,1267,2339
2018-12-21T16:15:00+09:00,J2,814,752,1566
2018-12-21T16:15:00+09:00,J3,1289,1122,2411
2018-12-21T16:15:00+09:00,J4,977,931,1908
2018-12-21T16:15:00+09:00,J5,605,462,1067
2018-12-21T16:30:00+09:00,J1,1080,1250,2330
2018-12-21T16:30:00+09:00,J2,877,766,1643
2018-12-21T16:30:00+09:00,J3,1258,1015,2273
2018-12-21T16:30:00+09:00,J4,937,877,1814
2018-12-21T16:30:00+09:00,J5,590,479,1069
2018-12-21T16:45:00+09:00,J1,1151,1235,2386
2018-12-21T16:45:00+09:00,J2,872,804,1676
2018-12-21T16:45:00+09:00,J3,1210,1058,2268
2018-12-21T16:45:00+09:00,J4,956,882,1838
2018-12-21T16:45:00+09:00,J5,629,520,1149
2018-12-21T17:00:00+09:00,J1,1145,1312,2457
2018-12-21T17:00:00+09:00,J2,915,787,1702
2018-12-21T17:00:00+09:00,J3,1284,1143,2427
2018-12-21T17:00:00+09:00,J4,916,992,1908
2018-12-21T17:00:00+09:00,J5,628,499,1127
2018-12-21T17:15:00+09:00,J1,1181,1372,2553
2018-12-21T17:15:00+09:00,J2,965,841,1806
2018-12-21T17:15:00+09:00,J3,1269,1081,2350
2018-12-21T17:15:00+09:00,J4,868,914,1782
2018-12-21T17:15:00+09:00,J5,768,702,1470
2018-12-21T17:30:00+09:00,J1,1165,1432,2597
2018-12-21T17:30:00+09:00,J2,1051,886,1937
2018-12-21T17:30:00+09:00,J3,1329,1183,2512
2018-12-21T17:30:00+09:00,J4,968,992,1960
2018-12-21T17:30:00+09:00,J5,762,708,1470
2018-12-21T17:45:00+09:00,J1,1167,1364,2531
2018-12-21T17:45:00+09:00,J2,1071,922,1993
2018-12-21T17:45:00+09:00,J3,1444,1182,2626
2018-12-21T17:45:00+09:00,J4,1084,986,2070
2018-12-21T17:45:00+09:00,J5,784,761,1545
2018-12-21T18:00:00+09:00,J1,1262,1439,2701
2018-12-21T18:00:00+09:00,J2,1096,887,1983
2018-12-21T18:00:00+09:00,J3,1433,1198,2631
2018-12-21T18:00:00+09:00,J4,1002,912,1914
2018-12-21T18:00:00+09:00,J5,750,728,1478
2018-12-21T18:15:00+09:00,J1,1281,1457,2738
2018-12-21T18:15:00+09:00,J2,1240,1026,2266
2018-12-21T18:15:00+09:00,J3,1413,1234,2647
2018-12-21T18:15:00+09:00,J4,1048,990,2038
2018-12-21T18:15:00+09:00,J5,749,840,1589
2018-12-21T18:30:00+09:00,J1,1199,1411,2610
2018-12-21T18:30:00+09:00,J2,1195,895,2090
2018-12-21T18:30:00+09:00,J3,1381,1161,2542
2018-12-21T18:30:00+09:00,J4,1148,1002,2150
2018-12-21T18:30:00+09:00,J5,776,711,1487
2018-12-21T18:45:00+09:00,J1,1186,1376,2562
2018-12-21T18:45:00+09:00,J2,1090,835,1925
2018-12-21T18:45:00+09:00,J3,1133,1052,2185
2018-12-21T18:45:00+09:00,J4,1048,960,2008
2018-12-21T18:45:00+09:00,J5,695,691,1386
2018-12-21T19:00:00+09:00,J1,1176,1237,2413
2018-12-21T19:00:00+09:00,J2,876,805,1681
2018-12-21T19:00:00+09:00,J3,1150,1097,2247
2018-12-21T19:00:00+09:00,J4,1016,976,1992
2018-12-21T19:00:00+09:00,J5,673,684,1357
2018-12-21T19:15:00+09:00,J1,1178,1286,2464
2018-12-21T19:15:00+09:00,J2,943,785,1728
2018-12-21T19:15:00+09:00,J3,1124,1040,2164
2018-12-21T19:15:00+09:00,J4,1081,917,1998
2018-12-21T19:15:00+09:00,J5,717,771,1488
2018-12-21T19:30:00+09:00,J1,1141,1253,2394
2018-12-21T19:30:00+09:00,J2,758,732,1490
2018-12-21T19:30:00+09:00,J3,1061,909,1970
2018-12-21T19:30:00+09:00,J4,1104,894,1998
2018-12-21T19:30:00+09:00,J5,698,768,1466
2018-12-21T19:45:00+09:00,J1,1112,1206,2318
2018-12-21T19:45:00+09:00,J2,737,789,1526
2018-12-21T19:45:00+09:00,J3,934,918,1852
2018-12-21T19:45:00+09:00,J4,1011,864,1875
2018-12-21T19:45:00+09:00,J5,671,625,1296
2018-12-21T20:00:00+09:00,J1,1097,1274,2371
2018-12-21T20:00:00+09:00,J2,765,730,1495
2018-12-21T20:00:00+09:00,J3,965,939,1904
2018-12-21T20:00:00+09:00,J4,1022,889,1911
2018-12-21T20:00:00+09:00,J5,614,640,1254
2018-12-21T20:15:00+09:00,J1,1086,1301,2387
2018-12-21T20:15:00+09:00,J2,751,692,1443
2018-12-21T20:15:00+09:00,J3,997,940,1937
2018-12-21T20:15:00+09:00,J4,997,923,1920
2018-12-21T20:15:00+09:00,J5,652,693,1345
2018-12-21T20:30:00+09:00,J1,1032,1252,2284
2018-12-21T20:30:00+09:00,J2,789,706,1495
2018-12-21T20:30:00+09:00,J3,934,908,1842
2018-12-21T20:30:00+09:00,J4,959,839,1798
2018-12-21T20:30:00+09:00,J5,638,693,1331
2018-12-21T20:45:00+09:00,J1,1030,1158,2188
2018-12-21T20:45:00+09:00,J2,730,664,1394
2018-12-21T20:45:00+09:00,J3,920,812,1732
2018-12-21T20:45:00+09:00,J4,858,858,1716
2018-12-21T20:45:00+09:00,J5,599,652,1251
2018-12-21T21:00:00+09:00,J1,1042,1186,2228
2018-12-21T21:00:00+09:00,J2,691,668,1359
2018-12-21T21:00:00+09:00,J3,1004,761,1765
2018-12-21T21:00:00+09:00,J4,1007,906,1913
2018-12-21T21:00:00+09:00,J5,645,645,1290
2018-12-21T21:15:00+09:00,J1,1011,1243,2254
2018-12-21T21:15:00+09:00,J2,642,715,1357
2018-12-21T21:15:00+09:00,J3,1043,779,1822
2018-12-21T21:15:00+09:00,J4,1030,862,1892
2018-12-21T21:15:00+09:00,J5,656,757,1413
2018-12-21T21:30:00+09:00,J1,1019,1222,2241
2018-12-21T21:30:00+09:00,J2,516,646,1162
2018-12-21T21:30:00+09:00,J3,956,739,1695
2018-12-21T21:30:00+09:00,J4,1032,920,1952
2018-12-21T21:30:00+09:00,J5,673,707,1380
2018-12-21T21:45:00+09:00,J1,1016,1164,2180
2018-12-21T21:45:00+09:00,J2,757,765,1522
2018-12-21T21:45:00+09:00,J3,829,852,1681
2018-12-21T21:45:00+09:00,J4,906,807,1713
2018-12-21T21:45:00+09:00,J5,635,669,1304
2018-12-21T22:00:00+09:00,J1,995,1114,2109
2018-12-21T22:00:00+09:00,J2,796,807,1603
2018-12-21T22:00:00+09:00,J3,666,765,1431
2018-12-21T22:00:00+09:00,J4,905,803,1708
2018-12-21T22:00:00+09:00,J5,623,640,1263
2018-12-21T22:15:00+09:00,J1,951,1120,2071
2018-12-21T22:15:00+09:00,J2,551,635,1186
2018-12-21T22:15:00+09:00,J3,766,766,1532
2018-12-21T22:15:00+09:00,J4,891,781,1672
2018-12-21T22:15:00+09:00,J5,535,615,1150
2018-12-21T22:30:00+09:00,J1,1051,1164,2215
2018-12-21T22:30:00+09:00,J2,513,635,1148
2018-12-21T22:30:00+09:00,J3,734,743,1477
2018-12-21T22:30:00+09:00,J4,864,707,1571
2018-12-21T22:30:00+09:00,J5,534,556,1090
2018-12-21T22:45:00+09:00,J1,975,1121,2096
2018-12-21T22:45:00+09:00,J2,611,591,1202
2018-12-21T22:45:00+09:00,J3,778,793,1571
2018-12-21T22:45:00+09:00,J4,874,778,1652
2018-12-21T22:45:00+09:00,J5,483,519,1002
2018-12-21T23:00:00+09:00,J1,942,1185,2127
2018-12-21T23:00:00+09:00,J2,681,666,1347
2018-12-21T23:00:00+09:00,J3,876,874,1750
2018-12-21T23:00:00+09:00,J4,849,709,1558
2018-12-21T23:00:00+09:00,J5,471,514,985
2018-12-21T23:15:00+09:00,J1,919,1036,1955
2018-12-21T23:15:00+09:00,J2,643,656,1299
2018-12-21T23:15:00+09:00,J3,702,777,1479
2018-12-21T23:15:00+09:00,J4,833,814,1647
2018-12-21T23:15:00+09:00,J5,522,500,1022
2018-12-21T23:30:00+09:00,J1,915,1040,1955
2018-12-21T23:30:00+09:00,J2,663,673,1336
2018-12-21T23:30:00+09:00,J3,780,805,1585
2018-12-21T23:30:00+09:00,J4,743,758,1501
2018-12-21T23:30:00+09:00,J5,497,548,1045
2018-12-21T23:45:00+09:00,J1,917,1016,1933
2018-12-21T23:45:00+09:00,J2,508,553,1061
2018-12-21T23:45:00+09:00,J3,762,720,1482
2018-12-21T23:45:00+09:00,J4,715,703,1418
2018-12-21T23:45:00+09:00,J5,440,540,980
2018-12-22T00:00:00+09:00,J1,732,819,1551
2018-12-22T00:00:00+09:00,J2,605,565,1170
2018-12-22T00:00:00+09:00,J3,576,556,1132
2018-12-22T00:00:00+09:00,J4,616,588,1204
2018-12-22T00:00:00+09:00,J5,371,386,757
2018-12-22T00:15:00+09:00,J1,650,623,1273
2018-12-22T00:15:00+09:00,J2,790,698,1488
2018-12-22T00:15:00+09:00,J3,1029,843,1872
2018-12-22T00:15:00+09:00,J4,720,690,1410
2018-12-22T00:15:00+09:00,J5,420,411,831
2018-12-22T00:30:00+09:00,J1,578,604,1182
2018-12-22T00:30:00+09:00,J2,718,609,1327
2018-12-22T00:30:00+09:00,J3,967,773,1740
2018-12-22T00:30:00+09:00,J4,605,553,1158
2018-12-22T00:30:00+09:00,J5,325,345,670
2018-12-22T00:45:00+09:00,J1,553,580,1133
2018-12-22T00:45:00+09:00,J2,633,593,1226
2018-12-22T00:45:00+09:00,J3,933,709,1642
2018-12-22T00:45:00+09:00,J4,486,463,949
2018-12-22T00:45:00+09:00,J5,354,343,697
2018-12-22T05:45:00+09:00,J1,849,849,1698
2018-12-22T05:45:00+09:00,J2,482,531,1013
2018-12-22T05:45:00+09:00,J3,771,703,1474
2018-12-22T05:45:00+09:00,J4,435,487,922
2018-12-22T05:45:00+09:00,J5,306,287,593
2018-12-22T06:00:00+09:00,J1,890,854,1744
2018-12-22T06:00:00+09:00,J2,531,546,1077
2018-12-22T06:00:00+09:00,J3,887,626,1513
2018-12-22T06:00:00+09:00,J4,408,496,904
2018-12-22T06:00:00+09:00,J5,273,231,504
2018-12-22T06:15:00+09:00,J1,862,926,1788
2018-12-22T06:15:00+09:00,J2,616,633,1249
2018-12-22T06:15:00+09:00,J3,991,850,1841
2018-12-22T06:15:00+09:00,J4,477,578,1055
2018-12-22T06:15:00+09:00,J5,300,256,556
2018-12-22T06:30:00+09:00,J1,903,905,1808
2018-12-22T06:30:00+09:00,J2,597,626,1223
2018-12-22T06:30:00+09:00,J3,899,784,1683
2018-12-22T06:30:00+09:00,J4,439,489,928
2018-12-22T06:30:00+09:00,J5,320,328,648
2018-12-22T06:45:00+09:00,J1,921,925,1846
2018-12-22T06:45:00+09:00,J2,526,531,1057
2018-12-22T06:45:00+09:00,J3,898,755,1653
2018-12-22T06:45:00+09:00,J4,445,598,1043
2018-12-22T06:45:00+09:00,J5,322,314,636
2018-12-22T07:00:00+09:00,J1,896,963,1859
2018-12-22T07:00:00+09:00,J2,444,459,903
2018-12-22T07:00:00+09:00,J3,867,743,1610
2018-12-22T07:00:00+09:00,J4,533,624,1157
2018-12-22T07:00:00+09:00,J5,315,298,613
2018-12-22T07:15:00+09:00,J1,985,967,1952
2018-12-22T07:15:00+09:00,J2,469,513,982
2018-12-22T07:15:00+09:00,J3,804,649,1453
2018-12-22T07:15:00+09:00,J4,570,664,1234
2018-12-22T07:15:00+09:00,J5,319,357,676
2018-12-22T07:30:00+09:00,J1,960,1037,1997
2018-12-22T07:30:00+09:00,J2,470,521,991
2018-12-22T07:30:00+09:00,J3,1015,824,1839
2018-12-22T07:30:00+09:00,J4,631,629,1260
2018-12-22T07:30:00+09:00,J5,371,333,704
2018-12-22T07:45:00+09:00,J1,998,958,1956
2018-12-22T07:45:00+09:00,J2,467,492,959
2018-12-22T07:45:00+09:00,J3,954,742,1696
2018-12-22T07:45:00+09:00,J4,608,709,1317
2018-12-22T07:45:00+09:00,J5,353,370,723
2018-12-22T08:00:00+09:00,J1,1185,1232,2417
2018-12-22T08:00:00+09:00,J2,782,744,1526
2018-12-22T08:00:00+09:00,J3,1132,1032,2164
2018-12-22T08:00:00+09:00,J4,580,707,1287
2018-12-22T08:00:00+09:00,J5,536,527,1063
2018-12-22T08:15:00+09:00,J1,1223,1286,2509
2018-12-22T08:15:00+09:00,J2,747,589,1336
2018-12-22T08:15:00+09:00,J3,1096,1078,2174
2018-12-22T08:15:00+09:00,J4,589,719,1308
2018-12-22T08:15:00+09:00,J5,538,425,963
2018-12-22T08:30:00+09:00,J1,1269,1331,2600
2018-12-22T08:30:00+09:00,J2,630,556,1186
2018-12-22T08:30:00+09:00,J3,1069,1075,2144
2018-12-22T08:30:00+09:00,J4,633,797,1430
2018-12-22T08:30:00+09:00,J5,501,445,946
2018-12-22T08:45:00+09:00,J1,1104,1155,2259
2018-12-22T08:45:00+09:00,J2,652,642,1294
2018-12-22T08:45:00+09:00,J3,1034,1018,2052
2018-12-22T08:45:00+09:00,J4,650,764,1414
2018-12-22T08:45:00+09:00,J5,406,369,775
2018-12-22T09:00:00+09:00,J1,952,1011,1963
2018-12-22T09:00:00+09:00,J2,816,750,1566
2018-12-22T09:00:00+09:00,J3,842,892,1734
2018-12-22T09:00:00+09:00,J4,657,782,1439
2018-12-22T09:00:00+09:00,J5,507,470,977
2018-12-22T09:15:00+09:00,J1,1052,1096,2148
2018-12-22T09:15:00+09:00,J2,728,611,1339
2018-12-22T09:15:00+09:00,J3,1003,948,1951
2018-12-22T09:15:00+09:00,J4,590,671,1261
2018-12-22T09:15:00+09:00,J5,573,591,1164
2018-12-22T09:30:00+09:00,J1,932,1018,1950
2018-12-22T09:30:00+09:00,J2,733,589,1322
2018-12-22T09:30:00+09:00,J3,1018,946,1964
2018-12-22T09:30:00+09:00,J4,588,734,1322
2018-12-22T09:30:00+09:00,J5,628,656,1284
2018-12-22T09:45:00+09:00,J1,1198,1261,2459
2018-12-22T09:45:00+09:00,J2,716,564,1280
2018-12-22T09:45:00+09:00,J3,903,877,1780
2018-12-22T09:45:00+09:00,J4,613,722,1335
2018-12-22T09:45:00+09:00,J5,586,616,1202
2018-12-22T10:00:00+09:00,J1,1180,1183,2363
2018-12-22T10:00:00+09:00,J2,669,671,1340
2018-12-22T10:00:00+09:00,J3,957,904,1861
2018-12-22T10:00:00+09:00,J4,620,744,1364
2018-12-22T10:00:00+09:00,J5,628,693,1321
2018-12-22T10:15:00+09:00,J1,1152,1251,2403
2018-12-22T10:15:00+09:00,J2,740,734,1474
2018-12-22T10:15:00+09:00,J3,1014,983,1997
2018-12-22T10:15:00+09:00,J4,552,693,1245
2018-12-22T10:15:00+09:00,J5,587,624,1211
2018-12-22T10:30:00+09:00,J1,1136,1251,2387
2018-12-22T10:30:00+09:00,J2,749,769,1518
2018-12-22T10:30:00+09:00,J3,1029,1022,2051
2018-12-22T10:30:00+09:00,J4,632,681,1313
2018-12-22T10:30:00+09:00,J5,673,698,1371
2018-12-22T10:45:00+09:00,J1,1172,1231,2403
2018-12-22T10:45:00+09:00,J2,882,737,1619
2018-12-22T10:45:00+09:00,J3,988,964,1952
2018-12-22T10:45:00+09:00,J4,652,779,1431
2018-12-22T10:45:00+09:00,J5,640,694,1334
2018-12-22T11:00:00+09:00,J1,1225,1283,2508
2018-12-22T11:00:00+09:00,J2,896,854,1750
2018-12-22T11:00:00+09:00,J3,1073,1007,2080
2018-12-22T11:00:00+09:00,J4,644,779,1423
2018-12-22T11:00:00+09:00,J5,504,479,983
2018-12-22T11:15:00+09:00,J1,1177,1292,2469
2018-12-22T11:15:00+09:00,J2,912,698,1610
2018-12-22T11:15:00+09:00,J3,1117,999,2116
2018-12-22T11:15:00+09:00,J4,753,815,1568
2018-12-22T11:15:00+09:00,J5,490,444,934
2018-12-22T11:30:00+09:00,J1,1170,1311,2481
2018-12-22T11:30:00+09:00,J2,828,646,1474
2018-12-22T11:30:00+09:00,J3,962,935,1897
2018-12-22T11:30:00+09:00,J4,734,843,1577
2018-12-22T11:30:00+09:00,J5,455,377,832
2018-12-22T11:45:00+09:00,J1,1200,1381,2581
2018-12-22T11:45:00+09:00,J2,852,635,1487
2018-12-22T11:45:00+09:00,J3,969,988,1957
2018-12-22T11:45:00+09:00,J4,927,903,1830
2018-12-22T11:45:00+09:00,J5,447,517,964
2018-12-22T12:00:00+09:00,J1,1153,1377,2530
2018-12-22T12:00:00+09:00,J2,856,687,1543
2018-12-22T12:00:00+09:00,J3,940,959,1899
2018-12-22T12:00:00+09:00,J4,1029,910,1939
2018-12-22T12:00:00+09:00,J5,506,450,956
2018-12-22T12:15:00+09:00,J1,1106,1354,2460
2018-12-22T12:15:00+09:00,J2,870,703,1573
2018-12-22T12:15:00+09:00,J3,912,911,1823
2018-12-22T12:15:00+09:00,J4,1062,881,1943
2018-12-22T12:15:00+09:00,J5,473,386,859
2018-12-22T12:30:00+09:00,J1,1141,1272,2413
2018-12-22T12:30:00+09:00,J2,887,687,1574
2018-12-22T12:30:00+09:00,J3,1003,1119,2122
2018-12-22T12:30:00+09:00,J4,962,965,1927
2018-12-22T12:30:00+09:00,J5,473,438,911
2018-12-22T12:45:00+09:00,J1,1156,1315,2471
2018-12-22T12:45:00+09:00,J2,860,762,1622
2018-12-22T12:45:00+09:00,J3,1131,1219,2350
2018-12-22T12:45:00+09:00,J4,931,869,1800
2018-12-22T12:45:00+09:00,J5,439,375,814
2018-12-22T13:00:00+09:00,J1,1054,1284,2338
2018-12-22T13:00:00+09:00,J2,866,713,1579
2018-12-22T13:00:00+09:00,J3,1315,1046,2361
2018-12-22T13:00:00+09:00,J4,915,855,1770
2018-12-22T13:00:00+09:00,J5,468,390,858
2018-12-22T13:15:00+09:00,J1,1175,1357,2532
2018-12-22T13:15:00+09:00,J2,879,696,1575
2018-12-22T13:15:00+09:00,J3,1328,1177,2505
2018-12-22T13:15:00+09:00,J4,1013,901,1914
2018-12-22T13:15:00+09:00,J5,513,440,953
2018-12-22T13:30:00+09:00,J1,1202,1412,2614
2018-12-22T13:30:00+09:00,J2,903,761,1664
2018-12-22T13:30:00+09:00,J3,1272,1062,2334
2018-12-22T13:30:00+09:00,J4,977,905,1882
2018-12-22T13:30:00+09:00,J5,536,469,1005
2018-12-22T13:45:00+09:00,J1,1170,1457,2627
2018-12-22T13:45:00+09:00,J2,895,852,1747
2018-12-22T13:45:00+09:00,J3,1307,1097,2404
2018-12-22T13:45:00+09:00,J4,928,915,1843
2018-12-22T13:45:00+09:00,J5,465,396,861
2018-12-22T14:00:00+09:00,J1,1160,1412,2572
2018-12-22T14:00:00+09:00,J2,1033,851,1884
2018-12-22T14:00:00+09:00,J3,1380,1056,2436
2018-12-22T14:00:00+09:00,J4,982,863,1845
2018-12-22T14:00:00+09:00,J5,451,405,856
2018-12-22T14:15:00+09:00,J1,1184,1362,2546
2018-12-22T14:15:00+09:00,J2,1022,787,1809
2018-12-22T14:15:00+09:00,J3,1295,1143,2438
2018-12-22T14:15:00+09:00,J4,965,872,1837
2018-12-22T14:15:00+09:00,J5,505,424,929
2018-12-22T14:30:00+09:00,J1,1170,1368,2538
2018-12-22T14:30:00+09:00,J2,969,799,1768
2018-12-22T14:30:00+09:00,J3,1329,1162,2491
2018-12-22T14:30:00+09:00,J4,984,987,1971
2018-12-22T14:30:00+09:00,J5,540,466,1006
2018-12-22T14:45:00+09:00,J1,1181,1409,2590
2018-12-22T14:45:00+09:00,J2,941,801,1742
2018-12-22T14:45:00+09:00,J3,1256,1091,2347
2018-12-22T14:45:00+09:00,J4,938,946,1884
2018-12-22T14:45:00+09:00,J5,475,392,867
2018-12-22T15:00:00+09:00,J1,1184,1347,2531
2018-12-22T15:00:00+09:00,J2,1013,766,1779
2018-12-22T15:00:00+09:00,J3,1250,1095,2345
2018-12-22T15:00:00+09:00,J4,946,960,1906
2018-12-22T15:00:00+09:00,J5,540,416,956
2018-12-22T15:15:00+09:00,J1,1122,1364,2486
2018-12-22T15:15:00+09:00,J2,1006,829,1835
2018-12-22T15:15:00+09:00,J3,1292,1111,2403
2018-12-22T15:15:00+09:00,J4,937,938,1875
2018-12-22T15:15:00+09:00,J5,557,466,1023
2018-12-22T15:30:00+09:00,J1,1151,1410,2561
2018-12-22T15:30:00+09:00,J2,1036,836,1872
2018-12-22T15:30:00+09:00,J3,1444,1194,2638
2018-12-22T15:30:00+09:00,J4,921,1006,1927
2018-12-22T15:30:00+09:00,J5,522,522,1044
2018-12-22T15:45:00+09:00,J1,1170,1451,2621
2018-12-22T15:45:00+09:00,J2,973,809,1782
2018-12-22T15:45:00+09:00,J3,1340,1234,2574
2018-12-22T15:45:00+09:00,J4,954,930,1884
2018-12-22T15:45:00+09:00,J5,535,491,1026
2018-12-22T16:00:00+09:00,J1,1241,1358,2599
2018-12-22T16:00:00+09:00,J2,1013,785,1798
2018-12-22T16:00:00+09:00,J3,1329,1155,2484
2018-12-22T16:00:00+09:00,J4,904,933,1837
2018-12-22T16:00:00+09:00,J5,454,405,859
2018-12-22T16:15:00+09:00,J1,1230,1400,2630
2018-12-22T16:15:00+09:00,J2,1114,798,1912
2018-12-22T16:15:00+09:00,J3,1356,1131,2487
2018-12-22T16:15:00+09:00,J4,939,968,1907
2018-12-22T16:15:00+09:00,J5,484,365,849
2018-12-22T16:30:00+09:00,J1,1181,1349,2530
2018-12-22T16:30:00+09:00,J2,1017,768,1785
2018-12-22T16:30:00+09:00,J3,1307,1023,2330
2018-12-22T16:30:00+09:00,J4,982,951,1933
2018-12-22T16:30:00+09:00,J5,462,411,873
2018-12-22T16:45:00+09:00,J1,1240,1329,2569
2018-12-22T16:45:00+09:00,J2,1018,873,1891
2018-12-22T16:45:00+09:00,J3,1354,1091,2445
2018-12-22T16:45:00+09:00,J4,976,959,1935
2018-12-22T16:45:00+09:00,J5,406,345,751
2018-12-22T17:00:00+09:00,J1,1169,1411,2580
2018-12-22T17:00:00+09:00,J2,1071,774,1845
2018-12-22T17:00:00+09:00,J3,1398,1092,2490
2018-12-22T17:00:00+09:00,J4,963,907,1870
2018-12-22T17:00:00+09:00,J5,418,418,836
2018-12-22T17:15:00+09:00,J1,1245,1466,2711
2018-12-22T17:15:00+09:00,J2,1071,790,1861
2018-12-22T17:15:00+09:00,J3,1457,1129,2586
2018-12-22T17:15:00+09:00,J4,882,892,1774
2018-12-22T17:15:00+09:00,J5,563,446,1009
2018-12-22T17:30:00+09:00,J1,1132,1419,2551
2018-12-22T17:30:00+09:00,J2,1111,754,1865
2018-12-22T17:30:00+09:00,J3,1395,1108,2503
2018-12-22T17:30:00+09:00,J4,948,846,1794
2018-12-22T17:30:00+09:00,J5,476,418,894
2018-12-22T17:45:00+09:00,J1,1149,1392,2541
2018-12-22T17:45:00+09:00,J2,1154,808,1962
2018-12-22T17:45:00+09:00,J3,1394,1143,2537
2018-12-22T17:45:00+09:00,J4,910,784,1694
2018-12-22T17:45:00+09:00,J5,502,432,934
2018-12-22T18:00:00+09:00,J1,1243,1400,2643
2018-12-22T18:00:00+09:00,J2,1004,756,1760
2018-12-22T18:00:00+09:00,J3,1364,1159,2523
2018-12-22T18:00:00+09:00,J4,830,818,1648
2018-12-22T18:00:00+09:00,J5,495,395,890
2018-12-22T18:15:00+09:00,J1,1163,1444,2607
2018-12-22T18:15:00+09:00,J2,1000,694,1694
2018-12-22T18:15:00+09:00,J3,1305,1143,2448
2018-12-22T18:15:00+09:00,J4,890,893,1783
2018-12-22T18:15:00+09:00,J5,501,502,1003
2018-12-22T18:30:00+09:00,J1,1251,1336,2587
2018-12-22T18:30:00+09:00,J2,1007,673,1680
2018-12-22T18:30:00+09:00,J3,1169,1123,2292
2018-12-22T18:30:00+09:00,J4,965,968,1933
2018-12-22T18:30:00+09:00,J5,551,422,973
2018-12-22T18:45:00+09:00,J1,1170,1403,2573
2018-12-22T18:45:00+09:00,J2,900,745,1645
2018-12-22T18:45:00+09:00,J3,1099,1060,2159
2018-12-22T18:45:00+09:00,J4,974,829,1803
2018-12-22T18:45:00+09:00,J5,441,421,862
2018-12-22T19:00:00+09:00,J1,1168,1286,2454
2018-12-22T19:00:00+09:00,J2,940,754,1694
2018-12-22T19:00:00+09:00,J3,1031,1052,2083
2018-12-22T19:00:00+09:00,J4,999,877,1876
2018-12-22T19:00:00+09:00,J5,430,376,806
2018-12-22T19:15:00+09:00,J1,1088,1349,2437
2018-12-22T19:15:00+09:00,J2,850,806,1656
2018-12-22T19:15:00+09:00,J3,1093,1005,2098
2018-12-22T19:15:00+09:00,J4,950,914,1864
2018-12-22T19:15:00+09:00,J5,543,463,1006
2018-12-22T19:30:00+09:00,J1,1146,1216,2362
2018-12-22T19:30:00+09:00,J2,809,760,1569
2018-12-22T19:30:00+09:00,J3,971,971,1942
2018-12-22T19:30:00+09:00,J4,970,873,1843
2018-12-22T19:30:00+09:00,J5,459,421,880
2018-12-22T19:45:00+09:00,J1,1093,1193,2286
2018-12-22T19:45:00+09:00,J2,780,656,1436
2018-12-22T19:45:00+09:00,J3,927,913,1840
2018-12-22T19:45:00+09:00,J4,874,820,1694
2018-12-22T19:45:00+09:00,J5,433,387,820
2018-12-22T20:00:00+09:00,J1,1122,1239,2361
2018-12-22T20:00:00+09:00,J2,875,732,1607
2018-12-22T20:00:00+09:00,J3,973,907,1880
2018-12-22T20:00:00+09:00,J4,975,896,1871
2018-12-22T20:00:00+09:00,J5,392,425,817
2018-12-22T20:15:00+09:00,J1,1088,1219,2307
2018-12-22T20:15:00+09:00,J2,734,679,1413
2018-12-22T20:15:00+09:00,J3,975,954,1929
2018-12-22T20:15:00+09:00,J4,978,868,1846
2018-12-22T20:15:00+09:00,J5,420,393,813
2018-12-22T20:30:00+09:00,J1,1064,1222,2286
2018-12-22T20:30:00+09:00,J2,750,723,1473
2018-12-22T20:30:00+09:00,J3,921,960,1881
2018-12-22T20:30:00+09:00,J4,904,818,1722
2018-12-22T20:30:00+09:00,J5,589,437,1026
2018-12-22T20:45:00+09:00,J1,1082,1236,2318
2018-12-22T20:45:00+09:00,J2,759,704,1463
2018-12-22T20:45:00+09:00,J3,938,909,1847
2018-12-22T20:45:00+09:00,J4,832,741,1573
2018-12-22T20:45:00+09:00,J5,472,404,876
2018-12-22T21:00:00+09:00,J1,1050,1206,2256
2018-12-22T21:00:00+09:00,J2,654,579,1233
2018-12-22T21:00:00+09:00,J3,982,915,1897
2018-12-22T21:00:00+09:00,J4,913,856,1769
2018-12-22T21:00:00+09:00,J5,489,437,926
2018-12-22T21:15:00+09:00,J1,1017,1286,2303
2018-12-22T21:15:00+09:00,J2,652,668,1320
2018-12-22T21:15:00+09:00,J3,1037,894,1931
2018-12-22T21:15:00+09:00,J4,944,860,1804
2018-12-22T21:15:00+09:00,J5,510,468,978
2018-12-22T21:30:00+09:00,J1,1111,1239,2350
2018-12-22T21:30:00+09:00,J2,617,683,1300
2018-12-22T21:30:00+09:00,J3,950,811,1761
2018-12-22T21:30:00+09:00,J4,846,798,1644
2018-12-22T21:30:00+09:00,J5,489,554,1043
2018-12-22T21:45:00+09:00,J1,1067,1180,2247
2018-12-22T21:45:00+09:00,J2,456,594,1050
2018-12-22T21:45:00+09:00,J3,842,766,1608
2018-12-22T21:45:00+09:00,J4,778,758,1536
2018-12-22T21:45:00+09:00,J5,518,627,1145
2018-12-22T22:00:00+09:00,J1,1091,1223,2314
2018-12-22T22:00:00+09:00,J2,577,637,1214
2018-12-22T22:00:00+09:00,J3,783,777,1560
2018-12-22T22:00:00+09:00,J4,799,719,1518
2018-12-22T22:00:00+09:00,J5,505,598,1103
2018-12-22T22:15:00+09:00,J1,1020,1205,2225
2018-12-22T22:15:00+09:00,J2,580,676,1256
2018-12-22T22:15:00+09:00,J3,660,791,1451
2018-12-22T22:15:00+09:00,J4,849,769,1618
2018-12-22T22:15:00+09:00,J5,552,621,1173
2018-12-22T22:30:00+09:00,J1,1025,1219,2244
2018-12-22T22:30:00+09:00,J2,561,682,1243
2018-12-22T22:30:00+09:00,J3,664,750,1414
2018-12-22T22:30:00+09:00,J4,847,835,1682
2018-12-22T22:30:00+09:00,J5,564,631,1195
2018-12-22T22:45:00+09:00,J1,1020,1124,2144
2018-12-22T22:45:00+09:00,J2,646,702,1348
2018-12-22T22:45:00+09:00,J3,709,773,1482
2018-12-22T22:45:00+09:00,J4,760,795,1555
2018-12-22T22:45:00+09:00,J5,603,646,1249
2018-12-22T23:00:00+09:00,J1,979,1201,2180
2018-12-22T23:00:00+09:00,J2,656,740,1396
2018-12-22T23:00:00+09:00,J3,865,873,1738
2018-12-22T23:00:00+09:00,J4,826,752,1578
2018-12-22T23:00:00+09:00,J5,518,626,1144
2018-12-22T23:15:00+09:00,J1,984,1180,2164
2018-12-22T23:15:00+09:00,J2,703,699,1402
2018-12-22T23:15:00+09:00,J3,795,898,1693
2018-12-22T23:15:00+09:00,J4,765,741,1506
2018-12-22T23:15:00+09:00,J5,543,587,1130
2018-12-22T23:30:00+09:00,J1,977,1151,2128
2018-12-22T23:30:00+09:00,J2,668,706,1374
2018-12-22T23:30:00+09:00,J3,624,708,1332
2018-12-22T23:30:00+09:00,J4,767,730,1497
2018-12-22T23:30:00+09:00,J5,546,671,1217
2018-12-22T23:45:00+09:00,J1,905,1070,1975
2018-12-22T23:45:00+09:00,J2,627,642,1269
2018-12-22T23:45:00+09:00,J3,655,656,1311
2018-12-22T23:45:00+09:00,J4,703,637,1340
2018-12-22T23:45:00+09:00,J5,467,528,995
2018-12-23T00:00:00+09:00,J1,851,862,1713
2018-12-23T00:00:00+09:00,J2,689,644,1333
2018-12-23T00:00:00+09:00,J3,804,756,1560
2018-12-23T00:00:00+09:00,J4,721,700,1421
2018-12-23T00:00:00+09:00,J5,415,484,899
2018-12-23T00:15:00+09:00,J1,616,651,1267
2018-12-23T00:15:00+09:00,J2,578,601,1179
2018-12-23T00:15:00+09:00,J3,919,844,1763
2018-12-23T00:15:00+09:00,J4,615,653,1268
2018-12-23T00:15:00+09:00,J5,289,359,648
2018-12-23T00:30:00+09:00,J1,589,562,1151
2018-12-23T00:30:00+09:00,J2,566,546,1112
2018-12-23T00:30:00+09:00,J3,927,829,1756
2018-12-23T00:30:00+09:00,J4,484,461,945
2018-12-23T00:30:00+09:00,J5,331,325,656
2018-12-23T00:45:00+09:00,J1,602,577,1179
2018-12-23T00:45:00+09:00,J2,588,542,1130
2018-12-23T00:45:00+09:00,J3,969,864,1833
2018-12-23T00:45:00+09:00,J4,387,411,798
2018-12-23T00:45:00+09:00,J5,312,300,612
2018-12-23T05:45:00+09:00,J1,677,654,1331
2018-12-23T05:45:00+09:00,J2,496,529,1025
2018-12-23T05:45:00+09:00,J3,740,674,1414
2018-12-23T05:45:00+09:00,J4,453,533,986
2018-12-23T05:45:00+09:00,J5,324,283,607
2018-12-23T06:00:00+09:00,J1,622,623,1245
2018-12-23T06:00:00+09:00,J2,565,601,1166
2018-12-23T06:00:00+09:00,J3,929,735,1664
2018-12-23T06:00:00+09:00,J4,434,499,933
2018-12-23T06:00:00+09:00,J5,281,270,551
2018-12-23T06:15:00+09:00,J1,736,770,1506
2018-12-23T06:15:00+09:00,J2,719,695,1414
2018-12-23T06:15:00+09:00,J3,1019,804,1823
2018-12-23T06:15:00+09:00,J4,460,564,1024
2018-12-23T06:15:00+09:00,J5,272,262,534
2018-12-23T06:30:00+09:00,J1,760,706,1466
2018-12-23T06:30:00+09:00,J2,622,663,1285
2018-12-23T06:30:00+09:00,J3,898,740,1638
2018-12-23T06:30:00+09:00,J4,450,475,925
2018-12-23T06:30:00+09:00,J5,265,246,511
2018-12-23T06:45:00+09:00,J1,731,728,1459
2018-12-23T06:45:00+09:00,J2,603,601,1204
2018-12-23T06:45:00+09:00,J3,884,824,1708
2018-12-23T06:45:00+09:00,J4,384,538,922
2018-12-23T06:45:00+09:00,J5,260,242,502
2018-12-23T07:00:00+09:00,J1,799,795,1594
2018-12-23T07:00:00+09:00,J2,502,487,989
2018-12-23T07:00:00+09:00,J3,796,664,1460
2018-12-23T07:00:00+09:00,J4,448,525,973
2018-12-23T07:00:00+09:00,J5,318,315,633
2018-12-23T07:15:00+09:00,J1,794,762,1556
2018-12-23T07:15:00+09:00,J2,492,536,1028
2018-12-23T07:15:00+09:00,J3,959,792,1751
2018-12-23T07:15:00+09:00,J4,490,525,1015
2018-12-23T07:15:00+09:00,J5,341,295,636
2018-12-23T07:30:00+09:00,J1,785,805,1590
2018-12-23T07:30:00+09:00,J2,554,503,1057
2018-12-23T07:30:00+09:00,J3,977,882,1859
2018-12-23T07:30:00+09:00,J4,532,578,1110
2018-12-23T07:30:00+09:00,J5,358,351,709
2018-12-23T07:45:00+09:00,J1,801,786,1587
2018-12-23T07:45:00+09:00,J2,542,541,1083
2018-12-23T07:45:00+09:00,J3,890,754,1644
2018-12-23T07:45:00+09:00,J4,538,649,1187
2018-12-23T07:45:00+09:00,J5,349,395,744
2018-12-23T08:00:00+09:00,J1,926,932,1858
2018-12-23T08:00:00+09:00,J2,720,680,1400
2018-12-23T08:00:00+09:00,J3,1128,1017,2145
2018-12-23T08:00:00+09:00,J4,582,691,1273
2018-12-23T08:00:00+09:00,J5,564,480,1044
2018-12-23T08:15:00+09:00,J1,921,941,1862
2018-12-23T08:15:00+09:00,J2,609,604,1213
2018-12-23T08:15:00+09:00,J3,986,986,1972
2018-12-23T08:15:00+09:00,J4,629,712,1341
2018-12-23T08:15:00+09:00,J5,477,432,909
2018-12-23T08:30:00+09:00,J1,873,1000,1873
2018-12-23T08:30:00+09:00,J2,613,610,1223
2018-12-23T08:30:00+09:00,J3,988,952,1940
2018-12-23T08:30:00+09:00,J4,589,695,1284
2018-12-23T08:30:00+09:00,J5,426,460,886
2018-12-23T08:45:00+09:00,J1,865,945,1810
2018-12-23T08:45:00+09:00,J2,547,671,1218
2018-12-23T08:45:00+09:00,J3,966,884,1850
2018-12-23T08:45:00+09:00,J4,631,673,1304
2018-12-23T08:45:00+09:00,J5,390,381,771
2018-12-23T09:00:00+09:00,J1,904,896,1800
2018-12-23T09:00:00+09:00,J2,753,684,1437
2018-12-23T09:00:00+09:00,J3,762,763,1525
2018-12-23T09:00:00+09:00,J4,601,655,1256
2018-12-23T09:00:00+09:00,J5,428,423,851
2018-12-23T09:15:00+09:00,J1,856,908,1764
2018-12-23T09:15:00+09:00,J2,768,734,1502
2018-12-23T09:15:00+09:00,J3,803,791,1594
2018-12-23T09:15:00+09:00,J4,594,593,1187
2018-12-23T09:15:00+09:00,J5,483,518,1001
2018-12-23T09:30:00+09:00,J1,869,940,1809
2018-12-23T09:30:00+09:00,J2,709,644,1353
2018-12-23T09:30:00+09:00,J3,778,821,1599
2018-12-23T09:30:00+09:00,J4,559,623,1182
2018-12-23T09:30:00+09:00,J5,583,650,1233
2018-12-23T09:45:00+09:00,J1,855,949,1804
2018-12-23T09:45:00+09:00,J2,691,740,1431
2018-12-23T09:45:00+09:00,J3,828,841,1669
2018-12-23T09:45:00+09:00,J4,529,655,1184
2018-12-23T09:45:00+09:00,J5,539,593,1132
2018-12-23T10:00:00+09:00,J1,946,936,1882
2018-12-23T10:00:00+09:00,J2,729,693,1422
2018-12-23T10:00:00+09:00,J3,829,795,1624
2018-12-23T10:00:00+09:00,J4,685,784,1469
2018-12-23T10:00:00+09:00,J5,568,565,1133
2018-12-23T10:15:00+09:00,J1,917,987,1904
2018-12-23T10:15:00+09:00,J2,766,738,1504
2018-12-23T10:15:00+09:00,J3,854,843,1697
2018-12-23T10:15:00+09:00,J4,587,681,1268
2018-12-23T10:15:00+09:00,J5,517,546,1063
2018-12-23T10:30:00+09:00,J1,806,1019,1825
2018-12-23T10:30:00+09:00,J2,737,751,1488
2018-12-23T10:30:00+09:00,J3,864,855,1719
2018-12-23T10:30:00+09:00,J4,527,684,1211
2018-12-23T10:30:00+09:00,J5,525,589,1114
2018-12-23T10:45:00+09:00,J1,854,973,1827
2018-12-23T10:45:00+09:00,J2,838,684,1522
2018-12-23T10:45:00+09:00,J3,842,902,1744
2018-12-23T10:45:00+09:00,J4,695,737,1432
2018-12-23T10:45:00+09:00,J5,511,538,1049
2018-12-23T11:00:00+09:00,J1,973,1117,2090
2018-12-23T11:00:00+09:00,J2,764,672,1436
2018-12-23T11:00:00+09:00,J3,970,1021,1991
2018-12-23T11:00:00+09:00,J4,671,694,1365
2018-12-23T11:00:00+09:00,J5,497,438,935
2018-12-23T11:15:00+09:00,J1,917,1012,1929
2018-12-23T11:15:00+09:00,J2,786,655,1441
2018-12-23T11:15:00+09:00,J3,857,900,1757
2018-12-23T11:15:00+09:00,J4,723,771,1494
2018-12-23T11:15:00+09:00,J5,452,443,895
2018-12-23T11:30:00+09:00,J1,962,1114,2076
2018-12-23T11:30:00+09:00,J2,749,592,1341
2018-12-23T11:30:00+09:00,J3,994,874,1868
2018-12-23T11:30:00+09:00,J4,733,841,1574
2018-12-23T11:30:00+09:00,J5,415,478,893
2018-12-23T11:45:00+09:00,J1,957,1111,2068
2018-12-23T11:45:00+09:00,J2,778,580,1358
2018-12-23T11:45:00+09:00,J3,1103,1059,2162
2018-12-23T11:45:00+09:00,J4,812,788,1600
2018-12-23T11:45:00+09:00,J5,446,433,879
2018-12-23T12:00:00+09:00,J1,834,972,1806
2018-12-23T12:00:00+09:00,J2,775,673,1448
2018-12-23T12:00:00+09:00,J3,1131,949,2080
2018-12-23T12:00:00+09:00,J4,965,888,1853
2018-12-23T12:00:00+09:00,J5,486,500,986
2018-12-23T12:15:00+09:00,J1,879,1009,1888
2018-12-23T12:15:00+09:00,J2,749,683,1432
2018-12-23T12:15:00+09:00,J3,995,821,1816
2018-12-23T12:15:00+09:00,J4,896,912,1808
2018-12-23T12:15:00+09:00,J5,402,402,804
2018-12-23T12:30:00+09:00,J1,805,1090,1895
2018-12-23T12:30:00+09:00,J2,812,705,1517
2018-12-23T12:30:00+09:00,J3,804,763,1567
2018-12-23T12:30:00+09:00,J4,1002,923,1925
2018-12-23T12:30:00+09:00,J5,395,432,827
2018-12-23T12:45:00+09:00,J1,824,950,1774
2018-12-23T12:45:00+09:00,J2,811,700,1511
2018-12-23T12:45:00+09:00,J3,801,847,1648
2018-12-23T12:45:00+09:00,J4,910,869,1779
2018-12-23T12:45:00+09:00,J5,422,347,769
2018-12-23T13:00:00+09:00,J1,776,1013,1789
2018-12-23T13:00:00+09:00,J2,839,829,1668
2018-12-23T13:00:00+09:00,J3,974,963,1937
2018-12-23T13:00:00+09:00,J4,991,886,1877
2018-12-23T13:00:00+09:00,J5,446,400,846
2018-12-23T13:15:00+09:00,J1,840,1114,1954
2018-12-23T13:15:00+09:00,J2,879,711,1590
2018-12-23T13:15:00+09:00,J3,983,1051,2034
2018-12-23T13:15:00+09:00,J4,906,803,1709
2018-12-23T13:15:00+09:00,J5,430,360,790
2018-12-23T13:30:00+09:00,J1,1012,1278,2290
2018-12-23T13:30:00+09:00,J2,783,776,1559
2018-12-23T13:30:00+09:00,J3,1023,1079,2102
2018-12-23T13:30:00+09:00,J4,886,926,1812
2018-12-23T13:30:00+09:00,J5,470,380,850
2018-12-23T13:45:00+09:00,J1,1088,1314,2402
2018-12-23T13:45:00+09:00,J2,797,815,1612
2018-12-23T13:45:00+09:00,J3,989,1032,2021
2018-12-23T13:45:00+09:00,J4,870,930,1800
2018-12-23T13:45:00+09:00,J5,463,392,855
2018-12-23T14:00:00+09:00,J1,1062,1426,2488
2018-12-23T14:00:00+09:00,J2,844,831,1675
2018-12-23T14:00:00+09:00,J3,1063,1048,2111
2018-12-23T14:00:00+09:00,J4,894,924,1818
2018-12-23T14:00:00+09:00,J5,452,423,875
2018-12-23T14:15:00+09:00,J1,1130,1290,2420
2018-12-23T14:15:00+09:00,J2,851,790,1641
2018-12-23T14:15:00+09:00,J3,1078,1150,2228
2018-12-23T14:15:00+09:00,J4,819,870,1689
2018-12-23T14:15:00+09:00,J5,401,410,811
2018-12-23T14:30:00+09:00,J1,1067,1329,2396
2018-12-23T14:30:00+09:00,J2,969,816,1785
2018-12-23T14:30:00+09:00,J3,1083,1042,2125
2018-12-23T14:30:00+09:00,J4,847,941,1788
2018-12-23T14:30:00+09:00,J5,433,364,797
2018-12-23T14:45:00+09:00,J1,1020,1339,2359
2018-12-23T14:45:00+09:00,J2,875,794,1669
2018-12-23T14:45:00+09:00,J3,1063,1052,2115
2018-12-23T14:45:00+09:00,J4,862,945,1807
2018-12-23T14:45:00+09:00,J5,417,391,808
2018-12-23T15:00:00+09:00,J1,1114,1228,2342
2018-12-23T15:00:00+09:00,J2,924,715,1639
2018-12-23T15:00:00+09:00,J3,1084,1130,2214
2018-12-23T15:00:00+09:00,J4,863,894,1757
2018-12-23T15:00:00+09:00,J5,417,400,817
2018-12-23T15:15:00+09:00,J1,1169,1270,2439
2018-12-23T15:15:00+09:00,J2,861,795,1656
2018-12-23T15:15:00+09:00,J3,1092,1083,2175
2018-12-23T15:15:00+09:00,J4,863,903,1766
2018-12-23T15:15:00+09:00,J5,453,419,872
2018-12-23T15:30:00+09:00,J1,1181,1278,2459
2018-12-23T15:30:00+09:00,J2,979,790,1769
2018-12-23T15:30:00+09:00,J3,1108,1003,2111
2018-12-23T15:30:00+09:00,J4,898,938,1836
2018-12-23T15:30:00+09:00,J5,443,437,880
2018-12-23T15:45:00+09:00,J1,1100,1392,2492
2018-12-23T15:45:00+09:00,J2,843,833,1676
2018-12-23T15:45:00+09:00,J3,1029,1094,2123
2018-12-23T15:45:00+09:00,J4,931,960,1891
2018-12-23T15:45:00+09:00,J5,447,406,853
2018-12-23T16:00:00+09:00,J1,1094,1351,2445
2018-12-23T16:00:00+09:00,J2,944,855,1799
2018-12-23T16:00:00+09:00,J3,1261,1174,2435
2018-12-23T16:00:00+09:00,J4,892,939,1831
2018-12-23T16:00:00+09:00,J5,463,408,871
2018-12-23T16:15:00+09:00,J1,1109,1322,2431
2018-12-23T16:15:00+09:00,J2,1082,873,1955
2018-12-23T16:15:00+09:00,J3,1419,1156,2575
2018-12-23T16:15:00+09:00,J4,914,953,1867
2018-12-23T16:15:00+09:00,J5,404,383,787
2018-12-23T16:30:00+09:00,J1,1143,1288,2431
2018-12-23T16:30:00+09:00,J2,983,728,1711
2018-12-23T16:30:00+09:00,J3,1451,1151,2602
2018-12-23T16:30:00+09:00,J4,964,920,1884
2018-12-23T16:30:00+09:00,J5,442,416,858
2018-12-23T16:45:00+09:00,J1,1075,1259,2334
2018-12-23T16:45:00+09:00,J2,1022,784,1806
2018-12-23T16:45:00+09:00,J3,1449,1079,2528
2018-12-23T16:45:00+09:00,J4,888,870,1758
2018-12-23T16:45:00+09:00,J5,380,413,793
2018-12-23T17:00:00+09:00,J1,1154,1321,2475
2018-12-23T17:00:00+09:00,J2,1018,738,1756
2018-12-23T17:00:00+09:00,J3,1380,1129,2509
2018-12-23T17:00:00+09:00,J4,888,904,1792
2018-12-23T17:00:00+09:00,J5,475,375,850
2018-12-23T17:15:00+09:00,J1,1251,1345,2596
2018-12-23T17:15:00+09:00,J2,999,790,1789
2018-12-23T17:15:00+09:00,J3,1302,1108,2410
2018-12-23T17:15:00+09:00,J4,896,881,1777
2018-12-23T17:15:00+09:00,J5,431,379,810
2018-12-23T17:30:00+09:00,J1,1111,1303,2414
2018-12-23T17:30:00+09:00,J2,969,760,1729
2018-12-23T17:30:00+09:00,J3,1325,1180,2505
2018-12-23T17:30:00+09:00,J4,860,863,1723
2018-12-23T17:30:00+09:00,J5,481,416,897
2018-12-23T17:45:00+09:00,J1,960,1135,2095
2018-12-23T17:45:00+09:00,J2,1043,742,1785
2018-12-23T17:45:00+09:00,J3,1350,1201,2551
2018-12-23T17:45:00+09:00,J4,879,771,1650
2018-12-23T17:45:00+09:00,J5,434,417,851
2018-12-23T18:00:00+09:00,J1,1011,1186,2197
2018-12-23T18:00:00+09:00,J2,927,733,1660
2018-12-23T18:00:00+09:00,J3,1291,1160,2451
2018-12-23T18:00:00+09:00,J4,857,807,1664
2018-12-23T18:00:00+09:00,J5,399,422,821
2018-12-23T18:15:00+09:00,J1,883,1122,2005
2018-12-23T18:15:00+09:00,J2,856,860,1716
2018-12-23T18:15:00+09:00,J3,1211,1155,2366
2018-12-23T18:15:00+09:00,J4,896,771,1667
2018-12-23T18:15:00+09:00,J5,431,362,793
2018-12-23T18:30:00+09:00,J1,1067,1259,2326
2018-12-23T18:30:00+09:00,J2,905,742,1647
2018-12-23T18:30:00+09:00,J3,1046,997,2043
2018-12-23T18:30:00+09:00,J4,980,916,1896
2018-12-23T18:30:00+09:00,J5,407,366,773
2018-12-23T18:45:00+09:00,J1,1006,1174,2180
2018-12-23T18:45:00+09:00,J2,931,721,1652
2018-12-23T18:45:00+09:00,J3,1030,998,2028
2018-12-23T18:45:00+09:00,J4,1035,884,1919
2018-12-23T18:45:00+09:00,J5,430,376,806
2018-12-23T19:00:00+09:00,J1,1022,1129,2151
2018-12-23T19:00:00+09:00,J2,876,782,1658
2018-12-23T19:00:00+09:00,J3,954,996,1950
2018-12-23T19:00:00+09:00,J4,1051,882,1933
2018-12-23T19:00:00+09:00,J5,441,376,817
2018-12-23T19:15:00+09:00,J1,911,1159,2070
2018-12-23T19:15:00+09:00,J2,985,864,1849
2018-12-23T19:15:00+09:00,J3,1044,986,2030
2018-12-23T19:15:00+09:00,J4,1018,942,1960
2018-12-23T19:15:00+09:00,J5,539,478,1017
2018-12-23T19:30:00+09:00,J1,956,1157,2113
2018-12-23T19:30:00+09:00,J2,848,748,1596
2018-12-23T19:30:00+09:00,J3,941,953,1894
2018-12-23T19:30:00+09:00,J4,1043,884,1927
2018-12-23T19:30:00+09:00,J5,468,381,849
2018-12-23T19:45:00+09:00,J1,794,967,1761
2018-12-23T19:45:00+09:00,J2,659,609,1268
2018-12-23T19:45:00+09:00,J3,736,863,1599
2018-12-23T19:45:00+09:00,J4,759,724,1483
2018-12-23T19:45:00+09:00,J5,369,384,753
2018-12-23T20:00:00+09:00,J1,1209,1362,2571
2018-12-23T20:00:00+09:00,J2,678,721,1399
2018-12-23T20:00:00+09:00,J3,1003,1045,2048
2018-12-23T20:00:00+09:00,J4,948,880,1828
2018-12-23T20:00:00+09:00,J5,499,451,950
2018-12-23T20:15:00+09:00,J1,1134,1248,2382
2018-12-23T20:15:00+09:00,J2,713,758,1471
2018-12-23T20:15:00+09:00,J3,833,940,1773
2018-12-23T20:15:00+09:00,J4,847,844,1691
2018-12-23T20:15:00+09:00,J5,468,460,928
2018-12-23T20:30:00+09:00,J1,1098,1354,2452
2018-12-23T20:30:00+09:00,J2,691,790,1481
2018-12-23T20:30:00+09:00,J3,931,900,1831
2018-12-23T20:30:00+09:00,J4,758,693,1451
2018-12-23T20:30:00+09:00,J5,415,433,848
2018-12-23T20:45:00+09:00,J1,1130,1254,2384
2018-12-23T20:45:00+09:00,J2,696,750,1446
2018-12-23T20:45:00+09:00,J3,844,896,1740
2018-12-23T20:45:00+09:00,J4,666,844,1510
2018-12-23T20:45:00+09:00,J5,529,463,992
2018-12-23T21:00:00+09:00,J1,1074,1274,2348
2018-12-23T21:00:00+09:00,J2,715,747,1462
2018-12-23T21:00:00+09:00,J3,1041,921,1962
2018-12-23T21:00:00+09:00,J4,743,809,1552
2018-12-23T21:00:00+09:00,J5,495,469,964
2018-12-23T21:15:00+09:00,J1,1115,1203,2318
2018-12-23T21:15:00+09:00,J2,622,658,1280
2018-12-23T21:15:00+09:00,J3,910,856,1766
2018-12-23T21:15:00+09:00,J4,815,796,1611
2018-12-23T21:15:00+09:00,J5,617,598,1215
2018-12-23T21:30:00+09:00,J1,1026,1232,2258
2018-12-23T21:30:00+09:00,J2,512,641,1153
2018-12-23T21:30:00+09:00,J3,844,940,1784
2018-12-23T21:30:00+09:00,J4,822,767,1589
2018-12-23T21:30:00+09:00,J5,580,639,1219
2018-12-23T21:45:00+09:00,J1,1065,1228,2293
2018-12-23T21:45:00+09:00,J2,597,654,1251
2018-12-23T21:45:00+09:00,J3,765,838,1603
2018-12-23T21:45:00+09:00,J4,730,748,1478
2018-12-23T21:45:00+09:00,J5,611,635,1246
2018-12-23T22:00:00+09:00,J1,970,1216,2186
2018-12-23T22:00:00+09:00,J2,770,675,1445
2018-12-23T22:00:00+09:00,J3,784,762,1546
2018-12-23T22:00:00+09:00,J4,742,745,1487
2018-12-23T22:00:00+09:00,J5,553,660,1213
2018-12-23T22:15:00+09:00,J1,1014,1185,2199
2018-12-23T22:15:00+09:00,J2,734,754,1488
2018-12-23T22:15:00+09:00,J3,744,779,1523
2018-12-23T22:15:00+09:00,J4,689,761,1450
2018-12-23T22:15:00+09:00,J5,596,596,1192
2018-12-23T22:30:00+09:00,J1,994,1196,2190
2018-12-23T22:30:00+09:00,J2,682,704,1386
2018-12-23T22:30:00+09:00,J3,890,899,1789
2018-12-23T22:30:00+09:00,J4,700,729,1429
2018-12-23T22:30:00+09:00,J5,510,612,1122
2018-12-23T22:45:00+09:00,J1,1025,1167,2192
2018-12-23T22:45:00+09:00,J2,629,709,1338
2018-12-23T22:45:00+09:00,J3,867,927,1794
2018-12-23T22:45:00+09:00,J4,657,748,1405
2018-12-23T22:45:00+09:00,J5,449,530,979
2018-12-23T23:00:00+09:00,J1,1065,1153,2218
2018-12-23T23:00:00+09:00,J2,617,734,1351
2018-12-23T23:00:00+09:00,J3,964,943,1907
2018-12-23T23:00:00+09:00,J4,625,694,1319
2018-12-23T23:00:00+09:00,J5,465,543,1008
2018-12-23T23:15:00+09:00,J1,913,1090,2003
2018-12-23T23:15:00+09:00,J2,571,645,1216
2018-12-23T23:15:00+09:00,J3,997,960,1957
2018-12-23T23:15:00+09:00,J4,592,660,1252
2018-12-23T23:15:00+09:00,J5,420,427,847
2018-12-23T23:30:00+09:00,J1,1034,1157,2191
2018-12-23T23:30:00+09:00,J2,600,725,1325
2018-12-23T23:30:00+09:00,J3,982,944,1926
2018-12-23T23:30:00+09:00,J4,604,739,1343
2018-12-23T23:30:00+09:00,J5,412,414,826
2018-12-23T23:45:00+09:00,J1,1082,1177,2259
2018-12-23T23:45:00+09:00,J2,590,705,1295
2018-12-23T23:45:00+09:00,J3,835,867,1702
2018-12-23T23:45:00+09:00,J4,602,652,1254
2018-12-23T23:45:00+09:00,J5,390,405,795
2018-12-24T00:00:00+09:00,J1,1011,1056,2067
2018-12-24T00:00:00+09:00,J2,441,425,866
2018-12-24T00:00:00+09:00,J3,950,884,1834
2018-12-24T00:00:00+09:00,J4,603,569,1172
2018-12-24T00:00:00+09:00,J5,351,341,692
2018-12-24T00:15:00+09:00,J1,703,742,1445
2018-12-24T00:15:00+09:00,J2,382,389,771
2018-12-24T00:15:00+09:00,J3,765,766,1531
2018-12-24T00:15:00+09:00,J4,479,486,965
2018-12-24T00:15:00+09:00,J5,341,378,719
2018-12-24T00:30:00+09:00,J1,612,560,1172
2018-12-24T00:30:00+09:00,J2,452,414,866
2018-12-24T00:30:00+09:00,J3,765,678,1443
2018-12-24T00:30:00+09:00,J4,368,477,845
2018-12-24T00:30:00+09:00,J5,382,376,758
2018-12-24T00:45:00+09:00,J1,573,472,1045
2018-12-24T00:45:00+09:00,J2,529,386,915
2018-12-24T00:45:00+09:00,J3,729,667,1396
2018-12-24T00:45:00+09:00,J4,412,502,914
2018-12-24T00:45:00+09:00,J5,339,374,713
2018-12-24T05:45:00+09:00,J1,906,929,1835
2018-12-24T05:45:00+09:00,J2,350,404,754
2018-12-24T05:45:00+09:00,J3,540,484,1024
2018-12-24T05:45:00+09:00,J4,555,657,1212
2018-12-24T05:45:00+09:00,J5,596,605,1201
2018-12-24T06:00:00+09:00,J1,889,866,1755
2018-12-24T06:00:00+09:00,J2,383,432,815
2018-12-24T06:00:00+09:00,J3,592,539,1131
2018-12-24T06:00:00+09:00,J4,469,600,1069
2018-12-24T06:00:00+09:00,J5,443,364,807
2018-12-24T06:15:00+09:00,J1,899,973,1872
2018-12-24T06:15:00+09:00,J2,453,542,995
2018-12-24T06:15:00+09:00,J3,735,623,1358
2018-12-24T06:15:00+09:00,J4,467,547,1014
2018-12-24T06:15:00+09:00,J5,354,403,757
2018-12-24T06:30:00+09:00,J1,925,1029,1954
2018-12-24T06:30:00+09:00,J2,444,520,964
2018-12-24T06:30:00+09:00,J3,607,513,1120
2018-12-24T06:30:00+09:00,J4,478,569,1047
2018-12-24T06:30:00+09:00,J5,405,415,820
2018-12-24T06:45:00+09:00,J1,880,965,1845
2018-12-24T06:45:00+09:00,J2,387,484,871
2018-12-24T06:45:00+09:00,J3,620,532,1152
2018-12-24T06:45:00+09:00,J4,540,553,1093
2018-12-24T06:45:00+09:00,J5,448,427,875
2018-12-24T07:00:00+09:00,J1,1036,1061,2097
2018-12-24T07:00:00+09:00,J2,511,545,1056
2018-12-24T07:00:00+09:00,J3,549,523,1072
2018-12-24T07:00:00+09:00,J4,544,642,1186
2018-12-24T07:00:00+09:00,J5,447,425,872
2018-12-24T07:15:00+09:00,J1,1069,1103,2172
2018-12-24T07:15:00+09:00,J2,585,598,1183
2018-12-24T07:15:00+09:00,J3,673,589,1262
2018-12-24T07:15:00+09:00,J4,678,708,1386
2018-12-24T07:15:00+09:00,J5,432,432,864
2018-12-24T07:30:00+09:00,J1,1069,1179,2248
2018-12-24T07:30:00+09:00,J2,564,534,1098
2018-12-24T07:30:00+09:00,J3,760,634,1394
2018-12-24T07:30:00+09:00,J4,683,742,1425
2018-12-24T07:30:00+09:00,J5,431,478,909
2018-12-24T07:45:00+09:00,J1,1050,1084,2134
2018-12-24T07:45:00+09:00,J2,506,544,1050
2018-12-24T07:45:00+09:00,J3,700,628,1328
2018-12-24T07:45:00+09:00,J4,628,717,1345
2018-12-24T07:45:00+09:00,J5,483,468,951
2018-12-24T08:00:00+09:00,J1,1299,1365,2664
2018-12-24T08:00:00+09:00,J2,750,710,1460
2018-12-24T08:00:00+09:00,J3,1083,1059,2142
2018-12-24T08:00:00+09:00,J4,596,741,1337
2018-12-24T08:00:00+09:00,J5,622,580,1202
2018-12-24T08:15:00+09:00,J1,1351,1358,2709
2018-12-24T08:15:00+09:00,J2,814,747,1561
2018-12-24T08:15:00+09:00,J3,1063,1047,2110
2018-12-24T08:15:00+09:00,J4,662,777,1439
2018-12-24T08:15:00+09:00,J5,626,545,1171
2018-12-24T08:30:00+09:00,J1,1344,1323,2667
2018-12-24T08:30:00+09:00,J2,615,574,1189
2018-12-24T08:30:00+09:00,J3,1165,959,2124
2018-12-24T08:30:00+09:00,J4,746,786,1532
2018-12-24T08:30:00+09:00,J5,600,611,1211
2018-12-24T08:45:00+09:00,J1,1026,1114,2140
2018-12-24T08:45:00+09:00,J2,591,611,1202
2018-12-24T08:45:00+09:00,J3,1204,1069,2273
2018-12-24T08:45:00+09:00,J4,664,775,1439
2018-12-24T08:45:00+09:00,J5,589,572,1161
2018-12-24T09:00:00+09:00,J1,1041,1062,2103
2018-12-24T09:00:00+09:00,J2,784,780,1564
2018-12-24T09:00:00+09:00,J3,866,834,1700
2018-12-24T09:00:00+09:00,J4,631,748,1379
2018-12-24T09:00:00+09:00,J5,594,524,1118
2018-12-24T09:15:00+09:00,J1,1168,1166,2334
2018-12-24T09:15:00+09:00,J2,801,768,1569
2018-12-24T09:15:00+09:00,J3,718,779,1497
2018-12-24T09:15:00+09:00,J4,579,727,1306
2018-12-24T09:15:00+09:00,J5,639,584,1223
2018-12-24T09:30:00+09:00,J1,1189,1258,2447
2018-12-24T09:30:00+09:00,J2,738,719,1457
2018-12-24T09:30:00+09:00,J3,870,811,1681
2018-12-24T09:30:00+09:00,J4,613,800,1413
2018-12-24T09:30:00+09:00,J5,673,560,1233
2018-12-24T09:45:00+09:00,J1,1271,1263,2534
2018-12-24T09:45:00+09:00,J2,778,709,1487
2018-12-24T09:45:00+09:00,J3,970,874,1844
2018-12-24T09:45:00+09:00,J4,663,827,1490
2018-12-24T09:45:00+09:00,J5,616,575,1191
2018-12-24T10:00:00+09:00,J1,1363,1429,2792
2018-12-24T10:00:00+09:00,J2,673,728,1401
2018-12-24T10:00:00+09:00,J3,906,828,1734
2018-12-24T10:00:00+09:00,J4,665,841,1506
2018-12-24T10:00:00+09:00,J5,638,552,1190
2018-12-24T10:15:00+09:00,J1,1299,1460,2759
2018-12-24T10:15:00+09:00,J2,650,809,1459
2018-12-24T10:15:00+09:00,J3,1007,852,1859
2018-12-24T10:15:00+09:00,J4,679,768,1447
2018-12-24T10:15:00+09:00,J5,611,602,1213
2018-12-24T10:30:00+09:00,J1,1201,1436,2637
2018-12-24T10:30:00+09:00,J2,763,825,1588
2018-12-24T10:30:00+09:00,J3,930,865,1795
2018-12-24T10:30:00+09:00,J4,616,733,1349
2018-12-24T10:30:00+09:00,J5,678,645,1323
2018-12-24T10:45:00+09:00,J1,1250,1390,2640
2018-12-24T10:45:00+09:00,J2,792,717,1509
2018-12-24T10:45:00+09:00,J3,1001,942,1943
2018-12-24T10:45:00+09:00,J4,696,789,1485
2018-12-24T10:45:00+09:00,J5,665,611,1276
2018-12-24T11:00:00+09:00,J1,1318,1438,2756
2018-12-24T11:00:00+09:00,J2,902,780,1682
2018-12-24T11:00:00+09:00,J3,1303,1181,2484
2018-12-24T11:00:00+09:00,J4,728,797,1525
2018-12-24T11:00:00+09:00,J5,549,582,1131
2018-12-24T11:15:00+09:00,J1,1279,1444,2723
2018-12-24T11:15:00+09:00,J2,840,752,1592
2018-12-24T11:15:00+09:00,J3,1215,1240,2455
2018-12-24T11:15:00+09:00,J4,756,793,1549
2018-12-24T11:15:00+09:00,J5,546,559,1105
2018-12-24T11:30:00+09:00,J1,1079,1266,2345
2018-12-24T11:30:00+09:00,J2,781,744,1525
2018-12-24T11:30:00+09:00,J3,1142,1169,2311
2018-12-24T11:30:00+09:00,J4,656,775,1431
2018-12-24T11:30:00+09:00,J5,558,566,1124
2018-12-24T11:45:00+09:00,J1,1301,1376,2677
2018-12-24T11:45:00+09:00,J2,857,743,1600
2018-12-24T11:45:00+09:00,J3,1064,1047,2111
2018-12-24T11:45:00+09:00,J4,749,776,1525
2018-12-24T11:45:00+09:00,J5,474,544,1018
2018-12-24T12:00:00+09:00,J1,1274,1461,2735
2018-12-24T12:00:00+09:00,J2,814,697,1511
2018-12-24T12:00:00+09:00,J3,966,1096,2062
2018-12-24T12:00:00+09:00,J4,918,818,1736
2018-12-24T12:00:00+09:00,J5,488,514,1002
2018-12-24T12:15:00+09:00,J1,1245,1414,2659
2018-12-24T12:15:00+09:00,J2,868,720,1588
2018-12-24T12:15:00+09:00,J3,946,1099,2045
2018-12-24T12:15:00+09:00,J4,920,926,1846
2018-12-24T12:15:00+09:00,J5,481,406,887
2018-12-24T12:30:00+09:00,J1,1224,1404,2628
2018-12-24T12:30:00+09:00,J2,842,713,1555
2018-12-24T12:30:00+09:00,J3,1206,987,2193
2018-12-24T12:30:00+09:00,J4,947,910,1857
2018-12-24T12:30:00+09:00,J5,601,526,1127
2018-12-24T12:45:00+09:00,J1,1219,1365,2584
2018-12-24T12:45:00+09:00,J2,911,722,1633
2018-12-24T12:45:00+09:00,J3,1172,914,2086
2018-12-24T12:45:00+09:00,J4,918,851,1769
2018-12-24T12:45:00+09:00,J5,571,565,1136
2018-12-24T13:00:00+09:00,J1,1171,1468,2639
2018-12-24T13:00:00+09:00,J2,865,694,1559
2018-12-24T13:00:00+09:00,J3,1179,955,2134
2018-12-24T13:00:00+09:00,J4,891,920,1811
2018-12-24T13:00:00+09:00,J5,636,628,1264
2018-12-24T13:15:00+09:00,J1,1188,1476,2664
2018-12-24T13:15:00+09:00,J2,925,781,1706
2018-12-24T13:15:00+09:00,J3,1268,1010,2278
2018-12-24T13:15:00+09:00,J4,974,945,1919
2018-12-24T13:15:00+09:00,J5,666,643,1309
2018-12-24T13:30:00+09:00,J1,1139,1468,2607
2018-12-24T13:30:00+09:00,J2,894,817,1711
2018-12-24T13:30:00+09:00,J3,1148,1090,2238
2018-12-24T13:30:00+09:00,J4,946,964,1910
2018-12-24T13:30:00+09:00,J5,695,662,1357
2018-12-24T13:45:00+09:00,J1,1146,1414,2560
2018-12-24T13:45:00+09:00,J2,817,732,1549
2018-12-24T13:45:00+09:00,J3,1196,1035,2231
2018-12-24T13:45:00+09:00,J4,951,964,1915
2018-12-24T13:45:00+09:00,J5,606,617,1223
2018-12-24T14:00:00+09:00,J1,1213,1441,2654
2018-12-24T14:00:00+09:00,J2,854,742,1596
2018-12-24T14:00:00+09:00,J3,1353,1036,2389
2018-12-24T14:00:00+09:00,J4,960,1001,1961
2018-12-24T14:00:00+09:00,J5,547,496,1043
2018-12-24T14:15:00+09:00,J1,1165,1350,2515
2018-12-24T14:15:00+09:00,J2,890,705,1595
2018-12-24T14:15:00+09:00,J3,1353,1024,2377
2018-12-24T14:15:00+09:00,J4,921,964,1885
2018-12-24T14:15:00+09:00,J5,576,497,1073
2018-12-24T14:30:00+09:00,J1,1196,1433,2629
2018-12-24T14:30:00+09:00,J2,916,771,1687
2018-12-24T14:30:00+09:00,J3,1324,1093,2417
2018-12-24T14:30:00+09:00,J4,957,977,1934
2018-12-24T14:30:00+09:00,J5,577,547,1124
2018-12-24T14:45:00+09:00,J1,1179,1413,2592
2018-12-24T14:45:00+09:00,J2,982,762,1744
2018-12-24T14:45:00+09:00,J3,1355,1005,2360
2018-12-24T14:45:00+09:00,J4,1066,1012,2078
2018-12-24T14:45:00+09:00,J5,588,489,1077
2018-12-24T15:00:00+09:00,J1,1135,1489,2624
2018-12-24T15:00:00+09:00,J2,1008,718,1726
2018-12-24T15:00:00+09:00,J3,1287,1112,2399
2018-12-24T15:00:00+09:00,J4,1036,975,2011
2018-12-24T15:00:00+09:00,J5,573,528,1101
2018-12-24T15:15:00+09:00,J1,1107,1476,2583
2018-12-24T15:15:00+09:00,J2,965,791,1756
2018-12-24T15:15:00+09:00,J3,1267,1095,2362
2018-12-24T15:15:00+09:00,J4,1031,977,2008
2018-12-24T15:15:00+09:00,J5,620,535,1155
2018-12-24T15:30:00+09:00,J1,1160,1455,2615
2018-12-24T15:30:00+09:00,J2,987,790,1777
2018-12-24T15:30:00+09:00,J3,1266,1100,2366
2018-12-24T15:30:00+09:00,J4,1054,930,1984
2018-12-24T15:30:00+09:00,J5,632,533,1165
2018-12-24T15:45:00+09:00,J1,1111,1396,2507
2018-12-24T15:45:00+09:00,J2,1021,827,1848
2018-12-24T15:45:00+09:00,J3,1342,1040,2382
2018-12-24T15:45:00+09:00,J4,1074,1028,2102
2018-12-24T15:45:00+09:00,J5,584,518,1102
2018-12-24T16:00:00+09:00,J1,1115,1479,2594
2018-12-24T16:00:00+09:00,J2,1020,784,1804
2018-12-24T16:00:00+09:00,J3,1290,1236,2526
2018-12-24T16:00:00+09:00,J4,1039,1029,2068
2018-12-24T16:00:00+09:00,J5,606,521,1127
2018-12-24T16:15:00+09:00,J1,1197,1368,2565
2018-12-24T16:15:00+09:00,J2,1096,839,1935
2018-12-24T16:15:00+09:00,J3,1353,1299,2652
2018-12-24T16:15:00+09:00,J4,1030,931,1961
2018-12-24T16:15:00+09:00,J5,604,489,1093
2018-12-24T16:30:00+09:00,J1,1168,1447,2615
2018-12-24T16:30:00+09:00,J2,1090,886,1976
2018-12-24T16:30:00+09:00,J3,1397,1223,2620
2018-12-24T16:30:00+09:00,J4,1106,942,2048
2018-12-24T16:30:00+09:00,J5,609,526,1135
2018-12-24T16:45:00+09:00,J1,1202,1423,2625
2018-12-24T16:45:00+09:00,J2,1049,987,2036
2018-12-24T16:45:00+09:00,J3,1440,1177,2617
2018-12-24T16:45:00+09:00,J4,1213,1012,2225
2018-12-24T16:45:00+09:00,J5,617,552,1169
2018-12-24T17:00:00+09:00,J1,1264,1436,2700
2018-12-24T17:00:00+09:00,J2,1080,946,2026
2018-12-24T17:00:00+09:00,J3,1544,1326,2870
2018-12-24T17:00:00+09:00,J4,1189,1044,2233
2018-12-24T17:00:00+09:00,J5,595,566,1161
2018-12-24T17:15:00+09:00,J1,1172,1392,2564
2018-12-24T17:15:00+09:00,J2,1069,999,2068
2018-12-24T17:15:00+09:00,J3,1555,1407,2962
2018-12-24T17:15:00+09:00,J4,1151,1039,2190
2018-12-24T17:15:00+09:00,J5,613,561,1174
2018-12-24T17:30:00+09:00,J1,1246,1409,2655
2018-12-24T17:30:00+09:00,J2,1010,951,1961
2018-12-24T17:30:00+09:00,J3,1418,1368,2786
2018-12-24T17:30:00+09:00,J4,1109,1059,2168
2018-12-24T17:30:00+09:00,J5,616,593,1209
2018-12-24T17:45:00+09:00,J1,1187,1423,2610
2018-12-24T17:45:00+09:00,J2,927,972,1899
2018-12-24T17:45:00+09:00,J3,1439,1353,2792
2018-12-24T17:45:00+09:00,J4,1192,1055,2247
2018-12-24T17:45:00+09:00,J5,580,550,1130
2018-12-24T18:00:00+09:00,J1,1305,1384,2689
2018-12-24T18:00:00+09:00,J2,882,1073,1955
2018-12-24T18:00:00+09:00,J3,1420,1300,2720
2018-12-24T18:00:00+09:00,J4,1030,1032,2062
2018-12-24T18:00:00+09:00,J5,617,598,1215
2018-12-24T18:15:00+09:00,J1,1259,1468,2727
2018-12-24T18:15:00+09:00,J2,982,1009,1991
2018-12-24T18:15:00+09:00,J3,1562,1256,2818
2018-12-24T18:15:00+09:00,J4,1131,955,2086
2018-12-24T18:15:00+09:00,J5,712,716,1428
2018-12-24T18:30:00+09:00,J1,1225,1439,2664
2018-12-24T18:30:00+09:00,J2,840,867,1707
2018-12-24T18:30:00+09:00,J3,1304,1180,2484
2018-12-24T18:30:00+09:00,J4,868,890,1758
2018-12-24T18:30:00+09:00,J5,700,694,1394
2018-12-24T18:45:00+09:00,J1,1269,1419,2688
2018-12-24T18:45:00+09:00,J2,831,769,1600
2018-12-24T18:45:00+09:00,J3,1184,1000,2184
2018-12-24T18:45:00+09:00,J4,852,962,1814
2018-12-24T18:45:00+09:00,J5,639,624,1263
2018-12-24T19:00:00+09:00,J1,1164,1314,2478
2018-12-24T19:00:00+09:00,J2,775,777,1552
2018-12-24T19:00:00+09:00,J3,1233,979,2212
2018-12-24T19:00:00+09:00,J4,955,962,1917
2018-12-24T19:00:00+09:00,J5,629,642,1271
2018-12-24T19:15:00+09:00,J1,1194,1364,2558
2018-12-24T19:15:00+09:00,J2,742,730,1472
2018-12-24T19:15:00+09:00,J3,1152,989,2141
2018-12-24T19:15:00+09:00,J4,876,913,1789
2018-12-24T19:15:00+09:00,J5,652,748,1400
2018-12-24T19:30:00+09:00,J1,1183,1417,2600
2018-12-24T19:30:00+09:00,J2,632,728,1360
2018-12-24T19:30:00+09:00,J3,1063,911,1974
2018-12-24T19:30:00+09:00,J4,820,899,1719
2018-12-24T19:30:00+09:00,J5,626,678,1304
2018-12-24T19:45:00+09:00,J1,1141,1362,2503
2018-12-24T19:45:00+09:00,J2,646,723,1369
2018-12-24T19:45:00+09:00,J3,990,875,1865
2018-12-24T19:45:00+09:00,J4,865,878,1743
2018-12-24T19:45:00+09:00,J5,641,607,1248
2018-12-24T20:00:00+09:00,J1,1245,1408,2653
2018-12-24T20:00:00+09:00,J2,491,769,1260
2018-12-24T20:00:00+09:00,J3,988,956,1944
2018-12-24T20:00:00+09:00,J4,825,883,1708
2018-12-24T20:00:00+09:00,J5,593,590,1183
2018-12-24T20:15:00+09:00,J1,1188,1401,2589
2018-12-24T20:15:00+09:00,J2,590,702,1292
2018-12-24T20:15:00+09:00,J3,1072,892,1964
2018-12-24T20:15:00+09:00,J4,754,832,1586
2018-12-24T20:15:00+09:00,J5,586,630,1216
2018-12-24T20:30:00+09:00,J1,1206,1367,2573
2018-12-24T20:30:00+09:00,J2,540,676,1216
2018-12-24T20:30:00+09:00,J3,984,923,1907
2018-12-24T20:30:00+09:00,J4,712,796,1508
2018-12-24T20:30:00+09:00,J5,645,648,1293
2018-12-24T20:45:00+09:00,J1,1180,1357,2537
2018-12-24T20:45:00+09:00,J2,443,610,1053
2018-12-24T20:45:00+09:00,J3,917,864,1781
2018-12-24T20:45:00+09:00,J4,720,822,1542
2018-12-24T20:45:00+09:00,J5,604,597,1201
2018-12-24T21:00:00+09:00,J1,1084,1297,2381
2018-12-24T21:00:00+09:00,J2,611,623,1234
2018-12-24T21:00:00+09:00,J3,941,861,1802
2018-12-24T21:00:00+09:00,J4,775,908,1683
2018-12-24T21:00:00+09:00,J5,620,607,1227
2018-12-24T21:15:00+09:00,J1,1147,1304,2451
2018-12-24T21:15:00+09:00,J2,596,662,1258
2018-12-24T21:15:00+09:00,J3,876,871,1747
2018-12-24T21:15:00+09:00,J4,811,835,1646
2018-12-24T21:15:00+09:00,J5,640,693,1333
2018-12-24T21:30:00+09:00,J1,1129,1293,2422
2018-12-24T21:30:00+09:00,J2,705,792,1497
2018-12-24T21:30:00+09:00,J3,919,936,1855
2018-12-24T21:30:00+09:00,J4,722,880,1602
2018-12-24T21:30:00+09:00,J5,550,595,1145
2018-12-24T21:45:00+09:00,J1,1152,1339,2491
2018-12-24T21:45:00+09:00,J2,672,787,1459
2018-12-24T21:45:00+09:00,J3,955,966,1921
2018-12-24T21:45:00+09:00,J4,798,873,1671
2018-12-24T21:45:00+09:00,J5,509,497,1006
2018-12-24T22:00:00+09:00,J1,1154,1336,2490
2018-12-24T22:00:00+09:00,J2,599,694,1293
2018-12-24T22:00:00+09:00,J3,931,932,1863
2018-12-24T22:00:00+09:00,J4,699,858,1557
2018-12-24T22:00:00+09:00,J5,487,488,975
2018-12-24T22:15:00+09:00,J1,1111,1277,2388
2018-12-24T22:15:00+09:00,J2,711,773,1484
2018-12-24T22:15:00+09:00,J3,1029,936,1965
2018-12-24T22:15:00+09:00,J4,721,930,1651
2018-12-24T22:15:00+09:00,J5,516,506,1022
2018-12-24T22:30:00+09:00,J1,1064,1377,2441
2018-12-24T22:30:00+09:00,J2,647,697,1344
2018-12-24T22:30:00+09:00,J3,1041,866,1907
2018-12-24T22:30:00+09:00,J4,734,861,1595
2018-12-24T22:30:00+09:00,J5,457,432,889
2018-12-24T22:45:00+09:00,J1,1108,1320,2428
2018-12-24T22:45:00+09:00,J2,480,651,1131
2018-12-24T22:45:00+09:00,J3,1083,881,1964
2018-12-24T22:45:00+09:00,J4,701,812,1513
2018-12-24T22:45:00+09:00,J5,409,412,821
2018-12-24T23:00:00+09:00,J1,1087,1286,2373
2018-12-24T23:00:00+09:00,J2,510,579,1089
2018-12-24T23:00:00+09:00,J3,1027,755,1782
2018-12-24T23:00:00+09:00,J4,674,741,1415
2018-12-24T23:00:00+09:00,J5,392,423,815
2018-12-24T23:15:00+09:00,J1,1076,1225,2301
2018-12-24T23:15:00+09:00,J2,529,598,1127
2018-12-24T23:15:00+09:00,J3,934,744,1678
2018-12-24T23:15:00+09:00,J4,625,646,1271
2018-12-24T23:15:00+09:00,J5,443,434,877
2018-12-24T23:30:00+09:00,J1,1053,1139,2192
2018-12-24T23:30:00+09:00,J2,514,626,1140
2018-12-24T23:30:00+09:00,J3,997,777,1774
2018-12-24T23:30:00+09:00,J4,586,686,1272
2018-12-24T23:30:00+09:00,J5,430,418,848
2018-12-24T23:45:00+09:00,J1,1031,1145,2176
2018-12-24T23:45:00+09:00,J2,435,562,997
2018-12-24T23:45:00+09:00,J3,1028,789,1817
2018-12-24T23:45:00+09:00,J4,588,627,1215
2018-12-24T23:45:00+09:00,J5,417,452,869
2018-12-25T00:00:00+09:00,J1,848,929,1777
2018-12-25T00:00:00+09:00,J2,392,475,867
2018-12-25T00:00:00+09:00,J3,835,651,1486
2018-12-25T00:00:00+09:00,J4,509,549,1058
2018-12-25T00:00:00+09:00,J5,435,403,838
2018-12-25T00:15:00+09:00,J1,727,681,1408
2018-12-25T00:15:00+09:00,J2,416,391,807
2018-12-25T00:15:00+09:00,J3,546,480,1026
2018-12-25T00:15:00+09:00,J4,398,427,825
2018-12-25T00:15:00+09:00,J5,475,494,969
2018-12-25T00:30:00+09:00,J1,648,642,1290
2018-12-25T00:30:00+09:00,J2,409,401,810
2018-12-25T00:30:00+09:00,J3,464,382,846
2018-12-25T00:30:00+09:00,J4,409,407,816
2018-12-25T00:30:00+09:00,J5,484,464,948
2018-12-25T00:45:00+09:00,J1,585,683,1268
2018-12-25T00:45:00+09:00,J2,414,431,845
2018-12-25T00:45:00+09:00,J3,437,391,828
2018-12-25T00:45:00+09:00,J4,374,438,812
2018-12-25T00:45:00+09:00,J5,502,490,992
2018-12-25T05:45:00+09:00,J1,797,927,1724
2018-12-25T05:45:00+09:00,J2,423,417,840
2018-12-25T05:45:00+09:00,J3,681,654,1335
2018-12-25T05:45:00+09:00,J4,526,706,1232
2018-12-25T05:45:00+09:00,J5,495,463,958
2018-12-25T06:00:00+09:00,J1,904,903,1807
2018-12-25T06:00:00+09:00,J2,483,448,931
2018-12-25T06:00:00+09:00,J3,533,559,1092
2018-12-25T06:00:00+09:00,J4,553,705,1258
2018-12-25T06:00:00+09:00,J5,444,425,869
2018-12-25T06:15:00+09:00,J1,1020,988,2008
2018-12-25T06:15:00+09:00,J2,462,498,960
2018-12-25T06:15:00+09:00,J3,551,591,1142
2018-12-25T06:15:00+09:00,J4,588,745,1333
2018-12-25T06:15:00+09:00,J5,440,388,828
2018-12-25T06:30:00+09:00,J1,1063,1036,2099
2018-12-25T06:30:00+09:00,J2,449,497,946
2018-12-25T06:30:00+09:00,J3,533,587,1120
2018-12-25T06:30:00+09:00,J4,541,672,1213
2018-12-25T06:30:00+09:00,J5,383,416,799
2018-12-25T06:45:00+09:00,J1,1059,1076,2135
2018-12-25T06:45:00+09:00,J2,511,480,991
2018-12-25T06:45:00+09:00,J3,664,618,1282
2018-12-25T06:45:00+09:00,J4,597,787,1384
2018-12-25T06:45:00+09:00,J5,408,416,824
2018-12-25T07:00:00+09:00,J1,1098,1190,2288
2018-12-25T07:00:00+09:00,J2,519,535,1054
2018-12-25T07:00:00+09:00,J3,704,676,1380
2018-12-25T07:00:00+09:00,J4,646,752,1398
2018-12-25T07:00:00+09:00,J5,407,433,840
2018-12-25T07:15:00+09:00,J1,1157,1168,2325
2018-12-25T07:15:00+09:00,J2,712,605,1317
2018-12-25T07:15:00+09:00,J3,894,774,1668
2018-12-25T07:15:00+09:00,J4,709,851,1560
2018-12-25T07:15:00+09:00,J5,498,528,1026
2018-12-25T07:30:00+09:00,J1,1150,1258,2408
2018-12-25T07:30:00+09:00,J2,597,571,1168
2018-12-25T07:30:00+09:00,J3,1197,1106,2303
2018-12-25T07:30:00+09:00,J4,863,968,1831
2018-12-25T07:30:00+09:00,J5,633,647,1280
2018-12-25T07:45:00+09:00,J1,1217,1361,2578
2018-12-25T07:45:00+09:00,J2,757,553,1310
2018-12-25T07:45:00+09:00,J3,1253,1316,2569
2018-12-25T07:45:00+09:00,J4,759,995,1754
2018-12-25T07:45:00+09:00,J5,564,558,1122
2018-12-25T08:00:00+09:00,J1,1361,1329,2690
2018-12-25T08:00:00+09:00,J2,1010,720,1730
2018-12-25T08:00:00+09:00,J3,1382,1367,2749
2018-12-25T08:00:00+09:00,J4,733,1112,1845
2018-12-25T08:00:00+09:00,J5,560,533,1093
2018-12-25T08:15:00+09:00,J1,1376,1353,2729
2018-12-25T08:15:00+09:00,J2,944,739,1683
2018-12-25T08:15:00+09:00,J3,1302,1416,2718
2018-12-25T08:15:00+09:00,J4,774,1145,1919
2018-12-25T08:15:00+09:00,J5,500,594,1094
2018-12-25T08:30:00+09:00,J1,1485,1388,2873
2018-12-25T08:30:00+09:00,J2,1047,755,1802
2018-12-25T08:30:00+09:00,J3,1290,1396,2686
2018-12-25T08:30:00+09:00,J4,693,1158,1851
2018-12-25T08:30:00+09:00,J5,554,657,1211
2018-12-25T08:45:00+09:00,J1,1247,1292,2539
2018-12-25T08:45:00+09:00,J2,778,682,1460
2018-12-25T08:45:00+09:00,J3,1113,1264,2377
2018-12-25T08:45:00+09:00,J4,655,926,1581
2018-12-25T08:45:00+09:00,J5,485,442,927
2018-12-25T09:00:00+09:00,J1,1295,1313,2608
2018-12-25T09:00:00+09:00,J2,836,677,1513
2018-12-25T09:00:00+09:00,J3,1040,910,1950
2018-12-25T09:00:00+09:00,J4,702,838,1540
2018-12-25T09:00:00+09:00,J5,452,441,893
2018-12-25T09:15:00+09:00,J1,1137,1174,2311
2018-12-25T09:15:00+09:00,J2,666,607,1273
2018-12-25T09:15:00+09:00,J3,825,876,1701
2018-12-25T09:15:00+09:00,J4,774,947,1721
2018-12-25T09:15:00+09:00,J5,531,590,1121
2018-12-25T09:30:00+09:00,J1,1298,1321,2619
2018-12-25T09:30:00+09:00,J2,629,638,1267
2018-12-25T09:30:00+09:00,J3,1016,959,1975
2018-12-25T09:30:00+09:00,J4,694,971,1665
2018-12-25T09:30:00+09:00,J5,657,656,1313
2018-12-25T09:45:00+09:00,J1,1230,1253,2483
2018-12-25T09:45:00+09:00,J2,717,637,1354
2018-12-25T09:45:00+09:00,J3,1034,925,1959
2018-12-25T09:45:00+09:00,J4,703,856,1559
2018-12-25T09:45:00+09:00,J5,647,641,1288
2018-12-25T10:00:00+09:00,J1,1283,1303,2586
2018-12-25T10:00:00+09:00,J2,642,543,1185
2018-12-25T10:00:00+09:00,J3,1005,931,1936
2018-12-25T10:00:00+09:00,J4,730,825,1555
2018-12-25T10:00:00+09:00,J5,592,641,1233
2018-12-25T10:15:00+09:00,J1,1160,1199,2359
2018-12-25T10:15:00+09:00,J2,714,590,1304
2018-12-25T10:15:00+09:00,J3,1008,911,1919
2018-12-25T10:15:00+09:00,J4,681,790,1471
2018-12-25T10:15:00+09:00,J5,586,574,1160
2018-12-25T10:30:00+09:00,J1,1155,1206,2361
2018-12-25T10:30:00+09:00,J2,702,591,1293
2018-12-25T10:30:00+09:00,J3,1008,919,1927
2018-12-25T10:30:00+09:00,J4,670,769,1439
2018-12-25T10:30:00+09:00,J5,614,579,1193
2018-12-25T10:45:00+09:00,J1,1288,1254,2542
2018-12-25T10:45:00+09:00,J2,737,639,1376
2018-12-25T10:45:00+09:00,J3,1094,949,2043
2018-12-25T10:45:00+09:00,J4,724,757,1481
2018-12-25T10:45:00+09:00,J5,609,603,1212
2018-12-25T11:00:00+09:00,J1,1249,1304,2553
2018-12-25T11:00:00+09:00,J2,766,623,1389
2018-12-25T11:00:00+09:00,J3,1046,923,1969
2018-12-25T11:00:00+09:00,J4,656,775,1431
2018-12-25T11:00:00+09:00,J5,597,609,1206
2018-12-25T11:15:00+09:00,J1,1126,1383,2509
2018-12-25T11:15:00+09:00,J2,718,723,1441
2018-12-25T11:15:00+09:00,J3,1188,1160,2348
2018-12-25T11:15:00+09:00,J4,676,747,1423
2018-12-25T11:15:00+09:00,J5,585,545,1130
2018-12-25T11:30:00+09:00,J1,1213,1354,2567
2018-12-25T11:30:00+09:00,J2,828,652,1480
2018-12-25T11:30:00+09:00,J3,1092,1062,2154
2018-12-25T11:30:00+09:00,J4,709,767,1476
2018-12-25T11:30:00+09:00,J5,549,482,1031
2018-12-25T11:45:00+09:00,J1,1239,1377,2616
2018-12-25T11:45:00+09:00,J2,724,622,1346
2018-12-25T11:45:00+09:00,J3,930,889,1819
2018-12-25T11:45:00+09:00,J4,722,723,1445
2018-12-25T11:45:00+09:00,J5,500,454,954
2018-12-25T12:00:00+09:00,J1,1214,1427,2641
2018-12-25T12:00:00+09:00,J2,771,636,1407
2018-12-25T12:00:00+09:00,J3,1042,925,1967
2018-12-25T12:00:00+09:00,J4,743,787,1530
2018-12-25T12:00:00+09:00,J5,565,523,1088
2018-12-25T12:15:00+09:00,J1,1089,1315,2404
2018-12-25T12:15:00+09:00,J2,754,641,1395
2018-12-25T12:15:00+09:00,J3,1105,1051,2156
2018-12-25T12:15:00+09:00,J4,941,922,1863
2018-12-25T12:15:00+09:00,J5,587,526,1113
2018-12-25T12:30:00+09:00,J1,1184,1373,2557
2018-12-25T12:30:00+09:00,J2,779,699,1478
2018-12-25T12:30:00+09:00,J3,1219,1152,2371
2018-12-25T12:30:00+09:00,J4,981,963,1944
2018-12-25T12:30:00+09:00,J5,643,502,1145
2018-12-25T12:45:00+09:00,J1,1126,1402,2528
2018-12-25T12:45:00+09:00,J2,813,662,1475
2018-12-25T12:45:00+09:00,J3,1179,1133,2312
2018-12-25T12:45:00+09:00,J4,953,881,1834
2018-12-25T12:45:00+09:00,J5,560,491,1051
2018-12-25T13:00:00+09:00,J1,1173,1301,2474
2018-12-25T13:00:00+09:00,J2,751,695,1446
2018-12-25T13:00:00+09:00,J3,1162,1056,2218
2018-12-25T13:00:00+09:00,J4,1010,931,1941
2018-12-25T13:00:00+09:00,J5,630,569,1199
2018-12-25T13:15:00+09:00,J1,1208,1413,2621
2018-12-25T13:15:00+09:00,J2,759,669,1428
2018-12-25T13:15:00+09:00,J3,1160,1089,2249
2018-12-25T13:15:00+09:00,J4,1013,955,1968
2018-12-25T13:15:00+09:00,J5,659,594,1253
2018-12-25T13:30:00+09:00,J1,1050,1429,2479
2018-12-25T13:30:00+09:00,J2,766,670,1436
2018-12-25T13:30:00+09:00,J3,1158,982,2140
2018-12-25T13:30:00+09:00,J4,1013,963,1976
2018-12-25T13:30:00+09:00,J5,670,613,1283
2018-12-25T13:45:00+09:00,J1,1110,1385,2495
2018-12-25T13:45:00+09:00,J2,728,718,1446
2018-12-25T13:45:00+09:00,J3,1191,993,2184
2018-12-25T13:45:00+09:00,J4,926,1007,1933
2018-12-25T13:45:00+09:00,J5,598,611,1209
2018-12-25T14:00:00+09:00,J1,1135,1371,2506
2018-12-25T14:00:00+09:00,J2,740,706,1446
2018-12-25T14:00:00+09:00,J3,1156,1057,2213
2018-12-25T14:00:00+09:00,J4,993,947,1940
2018-12-25T14:00:00+09:00,J5,573,462,1035
2018-12-25T14:15:00+09:00,J1,1157,1343,2500
2018-12-25T14:15:00+09:00,J2,830,679,1509
2018-12-25T14:15:00+09:00,J3,1210,934,2144
2018-12-25T14:15:00+09:00,J4,975,1048,2023
2018-12-25T14:15:00+09:00,J5,586,489,1075
2018-12-25T14:30:00+09:00,J1,1177,1304,2481
2018-12-25T14:30:00+09:00,J2,785,810,1595
2018-12-25T14:30:00+09:00,J3,1240,1020,2260
2018-12-25T14:30:00+09:00,J4,1026,953,1979
2018-12-25T14:30:00+09:00,J5,587,474,1061
2018-12-25T14:45:00+09:00,J1,1121,1297,2418
2018-12-25T14:45:00+09:00,J2,802,703,1505
2018-12-25T14:45:00+09:00,J3,1195,1055,2250
2018-12-25T14:45:00+09:00,J4,1061,947,2008
2018-12-25T14:45:00+09:00,J5,621,534,1155
2018-12-25T15:00:00+09:00,J1,1136,1298,2434
2018-12-25T15:00:00+09:00,J2,798,725,1523
2018-12-25T15:00:00+09:00,J3,1130,1024,2154
2018-12-25T15:00:00+09:00,J4,1023,888,1911
2018-12-25T15:00:00+09:00,J5,545,558,1103
2018-12-25T15:15:00+09:00,J1,1115,1386,2501
2018-12-25T15:15:00+09:00,J2,800,669,1469
2018-12-25T15:15:00+09:00,J3,1183,1011,2194
2018-12-25T15:15:00+09:00,J4,957,1011,1968
2018-12-25T15:15:00+09:00,J5,615,535,1150
2018-12-25T15:30:00+09:00,J1,1153,1353,2506
2018-12-25T15:30:00+09:00,J2,798,728,1526
2018-12-25T15:30:00+09:00,J3,1225,957,2182
2018-12-25T15:30:00+09:00,J4,1002,919,1921
2018-12-25T15:30:00+09:00,J5,574,533,1107
2018-12-25T15:45:00+09:00,J1,1155,1385,2540
2018-12-25T15:45:00+09:00,J2,768,691,1459
2018-12-25T15:45:00+09:00,J3,1176,947,2123
2018-12-25T15:45:00+09:00,J4,972,963,1935
2018-12-25T15:45:00+09:00,J5,649,532,1181
2018-12-25T16:00:00+09:00,J1,1196,1328,2524
2018-12-25T16:00:00+09:00,J2,831,700,1531
2018-12-25T16:00:00+09:00,J3,1241,974,2215
2018-12-25T16:00:00+09:00,J4,1033,922,1955
2018-12-25T16:00:00+09:00,J5,596,518,1114
2018-12-25T16:15:00+09:00,J1,1173,1299,2472
2018-12-25T16:15:00+09:00,J2,827,714,1541
2018-12-25T16:15:00+09:00,J3,1217,1130,2347
2018-12-25T16:15:00+09:00,J4,1021,952,1973
2018-12-25T16:15:00+09:00,J5,597,513,1110
2018-12-25T16:30:00+09:00,J1,1205,1357,2562
2018-12-25T16:30:00+09:00,J2,832,640,1472
2018-12-25T16:30:00+09:00,J3,1187,928,2115
2018-12-25T16:30:00+09:00,J4,1008,920,1928
2018-12-25T16:30:00+09:00,J5,662,536,1198
2018-12-25T16:45:00+09:00,J1,1229,1268,2497
2018-12-25T16:45:00+09:00,J2,899,668,1567
2018-12-25T16:45:00+09:00,J3,1205,1113,2318
2018-12-25T16:45:00+09:00,J4,1089,929,2018
2018-12-25T16:45:00+09:00,J5,591,570,1161
2018-12-25T17:00:00+09:00,J1,1122,1354,2476
2018-12-25T17:00:00+09:00,J2,907,751,1658
2018-12-25T17:00:00+09:00,J3,1345,1041,2386
2018-12-25T17:00:00+09:00,J4,1006,966,1972
2018-12-25T17:00:00+09:00,J5,699,608,1307
2018-12-25T17:15:00+09:00,J1,1157,1410,2567
2018-12-25T17:15:00+09:00,J2,954,807,1761
2018-12-25T17:15:00+09:00,J3,1307,1041,2348
2018-12-25T17:15:00+09:00,J4,899,994,1893
2018-12-25T17:15:00+09:00,J5,751,935,1686
2018-12-25T17:30:00+09:00,J1,1272,1398,2670
2018-12-25T17:30:00+09:00,J2,988,888,1876
2018-12-25T17:30:00+09:00,J3,1394,1122,2516
2018-12-25T17:30:00+09:00,J4,1006,969,1975
2018-12-25T17:30:00+09:00,J5,764,890,1654
2018-12-25T17:45:00+09:00,J1,1205,1497,2702
2018-12-25T17:45:00+09:00,J2,981,910,1891
2018-12-25T17:45:00+09:00,J3,1453,1152,2605
2018-12-25T17:45:00+09:00,J4,1026,953,1979
2018-12-25T17:45:00+09:00,J5,882,897,1779
2018-12-25T18:00:00+09:00,J1,1354,1507,2861
2018-12-25T18:00:00+09:00,J2,923,897,1820
2018-12-25T18:00:00+09:00,J3,1416,1151,2567
2018-12-25T18:00:00+09:00,J4,1057,978,2035
2018-12-25T18:00:00+09:00,J5,831,887,1718
2018-12-25T18:15:00+09:00,J1,1282,1589,2871
2018-12-25T18:15:00+09:00,J2,1007,859,1866
2018-12-25T18:15:00+09:00,J3,1434,1178,2612
2018-12-25T18:15:00+09:00,J4,1218,1054,2272
2018-12-25T18:15:00+09:00,J5,790,875,1665
2018-12-25T18:30:00+09:00,J1,1280,1454,2734
2018-12-25T18:30:00+09:00,J2,961,855,1816
2018-12-25T18:30:00+09:00,J3,1319,1067,2386
2018-12-25T18:30:00+09:00,J4,1297,938,2235
2018-12-25T18:30:00+09:00,J5,731,827,1558
2018-12-25T18:45:00+09:00,J1,1309,1439,2748
2018-12-25T18:45:00+09:00,J2,902,803,1705
2018-12-25T18:45:00+09:00,J3,1207,1074,2281
2018-12-25T18:45:00+09:00,J4,1053,943,1996
2018-12-25T18:45:00+09:00,J5,787,849,1636
2018-12-25T19:00:00+09:00,J1,1254,1356,2610
2018-12-25T19:00:00+09:00,J2,945,780,1725
2018-12-25T19:00:00+09:00,J3,1319,1052,2371
2018-12-25T19:00:00+09:00,J4,948,863,1811
2018-12-25T19:00:00+09:00,J5,736,864,1600
2018-12-25T19:15:00+09:00,J1,1282,1399,2681
2018-12-25T19:15:00+09:00,J2,963,798,1761
2018-12-25T19:15:00+09:00,J3,1337,991,2328
2018-12-25T19:15:00+09:00,J4,862,809,1671
2018-12-25T19:15:00+09:00,J5,724,787,1511
2018-12-25T19:30:00+09:00,J1,1234,1335,2569
2018-12-25T19:30:00+09:00,J2,844,807,1651
2018-12-25T19:30:00+09:00,J3,1278,941,2219
2018-12-25T19:30:00+09:00,J4,865,815,1680
2018-12-25T19:30:00+09:00,J5,652,719,1371
2018-12-25T19:45:00+09:00,J1,1207,1379,2586
2018-12-25T19:45:00+09:00,J2,875,944,1819
2018-12-25T19:45:00+09:00,J3,1157,968,2125
2018-12-25T19:45:00+09:00,J4,846,829,1675
2018-12-25T19:45:00+09:00,J5,726,742,1468
2018-12-25T20:00:00+09:00,J1,1210,1369,2579
2018-12-25T20:00:00+09:00,J2,906,849,1755
2018-12-25T20:00:00+09:00,J3,1201,934,2135
2018-12-25T20:00:00+09:00,J4,931,868,1799
2018-12-25T20:00:00+09:00,J5,692,771,1463
2018-12-25T20:15:00+09:00,J1,1201,1388,2589
2018-12-25T20:15:00+09:00,J2,820,807,1627
2018-12-25T20:15:00+09:00,J3,1168,961,2129
2018-12-25T20:15:00+09:00,J4,865,832,1697
2018-12-25T20:15:00+09:00,J5,661,769,1430
2018-12-25T20:30:00+09:00,J1,1116,1338,2454
2018-12-25T20:30:00+09:00,J2,718,784,1502
2018-12-25T20:30:00+09:00,J3,1156,943,2099
2018-12-25T20:30:00+09:00,J4,731,756,1487
2018-12-25T20:30:00+09:00,J5,684,751,1435
2018-12-25T20:45:00+09:00,J1,1156,1367,2523
2018-12-25T20:45:00+09:00,J2,657,635,1292
2018-12-25T20:45:00+09:00,J3,1150,916,2066
2018-12-25T20:45:00+09:00,J4,768,728,1496
2018-12-25T20:45:00+09:00,J5,627,686,1313
2018-12-25T21:00:00+09:00,J1,1058,1271,2329
2018-12-25T21:00:00+09:00,J2,639,656,1295
2018-12-25T21:00:00+09:00,J3,918,885,1803
2018-12-25T21:00:00+09:00,J4,778,819,1597
2018-12-25T21:00:00+09:00,J5,586,699,1285
2018-12-25T21:15:00+09:00,J1,1110,1353,2463
2018-12-25T21:15:00+09:00,J2,620,704,1324
2018-12-25T21:15:00+09:00,J3,917,931,1848
2018-12-25T21:15:00+09:00,J4,733,709,1442
2018-12-25T21:15:00+09:00,J5,602,680,1282
2018-12-25T21:30:00+09:00,J1,1040,1257,2297
2018-12-25T21:30:00+09:00,J2,544,603,1147
2018-12-25T21:30:00+09:00,J3,853,902,1755
2018-12-25T21:30:00+09:00,J4,725,665,1390
2018-12-25T21:30:00+09:00,J5,560,613,1173
2018-12-25T21:45:00+09:00,J1,1141,1208,2349
2018-12-25T21:45:00+09:00,J2,592,622,1214
2018-12-25T21:45:00+09:00,J3,895,884,1779
2018-12-25T21:45:00+09:00,J4,709,762,1471
2018-12-25T21:45:00+09:00,J5,479,592,1071
2018-12-25T22:00:00+09:00,J1,968,1233,2201
2018-12-25T22:00:00+09:00,J2,590,618,1208
2018-12-25T22:00:00+09:00,J3,945,921,1866
2018-12-25T22:00:00+09:00,J4,738,853,1591
2018-12-25T22:00:00+09:00,J5,466,483,949
2018-12-25T22:15:00+09:00,J1,961,1166,2127
2018-12-25T22:15:00+09:00,J2,703,679,1382
2018-12-25T22:15:00+09:00,J3,936,922,1858
2018-12-25T22:15:00+09:00,J4,694,738,1432
2018-12-25T22:15:00+09:00,J5,403,503,906
2018-12-25T22:30:00+09:00,J1,978,1221,2199
2018-12-25T22:30:00+09:00,J2,720,648,1368
2018-12-25T22:30:00+09:00,J3,983,955,1938
2018-12-25T22:30:00+09:00,J4,708,814,1522
2018-12-25T22:30:00+09:00,J5,385,422,807
2018-12-25T22:45:00+09:00,J1,1022,1086,2108
2018-12-25T22:45:00+09:00,J2,663,631,1294
2018-12-25T22:45:00+09:00,J3,1011,945,1956
2018-12-25T22:45:00+09:00,J4,666,729,1395
2018-12-25T22:45:00+09:00,J5,344,377,721
2018-12-25T23:00:00+09:00,J1,926,1144,2070
2018-12-25T23:00:00+09:00,J2,556,558,1114
2018-12-25T23:00:00+09:00,J3,1120,879,1999
2018-12-25T23:00:00+09:00,J4,659,731,1390
2018-12-25T23:00:00+09:00,J5,361,366,727
2018-12-25T23:15:00+09:00,J1,934,1168,2102
2018-12-25T23:15:00+09:00,J2,485,505,990
2018-12-25T23:15:00+09:00,J3,1012,823,1835
2018-12-25T23:15:00+09:00,J4,635,699,1334
2018-12-25T23:15:00+09:00,J5,329,381,710
2018-12-25T23:30:00+09:00,J1,1001,1118,2119
2018-12-25T23:30:00+09:00,J2,562,582,1144
2018-12-25T23:30:00+09:00,J3,994,876,1870
2018-12-25T23:30:00+09:00,J4,578,621,1199
2018-12-25T23:30:00+09:00,J5,364,303,667
2018-12-25T23:45:00+09:00,J1,942,1118,2060
2018-12-25T23:45:00+09:00,J2,603,545,1148
2018-12-25T23:45:00+09:00,J3,1013,906,1919
2018-12-25T23:45:00+09:00,J4,537,592,1129
2018-12-25T23:45:00+09:00,J5,355,393,748
2018-12-26T00:00:00+09:00,J1,950,886,1836
2018-12-26T00:00:00+09:00,J2,385,392,777
2018-12-26T00:00:00+09:00,J3,963,754,1717
2018-12-26T00:00:00+09:00,J4,500,510,1010
2018-12-26T00:00:00+09:00,J5,362,377,739
2018-12-26T00:15:00+09:00,J1,738,651,1389
2018-12-26T00:15:00+09:00,J2,372,396,768
2018-12-26T00:15:00+09:00,J3,686,506,1192
2018-12-26T00:15:00+09:00,J4,382,430,812
2018-12-26T00:15:00+09:00,J5,389,387,776
2018-12-26T00:30:00+09:00,J1,592,504,1096
2018-12-26T00:30:00+09:00,J2,305,417,722
2018-12-26T00:30:00+09:00,J3,560,512,1072
2018-12-26T00:30:00+09:00,J4,368,367,735
2018-12-26T00:30:00+09:00,J5,407,394,801
2018-12-26T00:45:00+09:00,J1,464,486,950
2018-12-26T00:45:00+09:00,J2,262,343,605
2018-12-26T00:45:00+09:00,J3,576,456,1032
2018-12-26T00:45:00+09:00,J4,367,398,765
2018-12-26T00:45:00+09:00,J5,386,333,719
2018-12-26T05:45:00+09:00,J1,895,879,1774
2018-12-26T05:45:00+09:00,J2,377,469,846
2018-12-26T05:45:00+09:00,J3,651,741,1392
2018-12-26T05:45:00+09:00,J4,607,655,1262
2018-12-26T05:45:00+09:00,J5,478,493,971
2018-12-26T06:00:00+09:00,J1,814,870,1684
2018-12-26T06:00:00+09:00,J2,384,472,856
2018-12-26T06:00:00+09:00,J3,576,562,1138
2018-12-26T06:00:00+09:00,J4,588,717,1305
2018-12-26T06:00:00+09:00,J5,382,385,767
2018-12-26T06:15:00+09:00,J1,808,956,1764
2018-12-26T06:15:00+09:00,J2,394,513,907
2018-12-26T06:15:00+09:00,J3,554,599,1153
2018-12-26T06:15:00+09:00,J4,563,684,1247
2018-12-26T06:15:00+09:00,J5,397,348,745
2018-12-26T06:30:00+09:00,J1,897,857,1754
2018-12-26T06:30:00+09:00,J2,378,445,823
2018-12-26T06:30:00+09:00,J3,659,633,1292
2018-12-26T06:30:00+09:00,J4,585,676,1261
2018-12-26T06:30:00+09:00,J5,360,371,731
2018-12-26T06:45:00+09:00,J1,965,971,1936
2018-12-26T06:45:00+09:00,J2,461,524,985
2018-12-26T06:45:00+09:00,J3,715,663,1378
2018-12-26T06:45:00+09:00,J4,683,755,1438
2018-12-26T06:45:00+09:00,J5,389,393,782
2018-12-26T07:00:00+09:00,J1,998,1067,2065
2018-12-26T07:00:00+09:00,J2,493,556,1049
2018-12-26T07:00:00+09:00,J3,701,750,1451
2018-12-26T07:00:00+09:00,J4,672,792,1464
2018-12-26T07:00:00+09:00,J5,390,395,785
2018-12-26T07:15:00+09:00,J1,1108,1178,2286
2018-12-26T07:15:00+09:00,J2,560,537,1097
2018-12-26T07:15:00+09:00,J3,936,763,1699
2018-12-26T07:15:00+09:00,J4,809,901,1710
2018-12-26T07:15:00+09:00,J5,446,426,872
2018-12-26T07:30:00+09:00,J1,1234,1198,2432
2018-12-26T07:30:00+09:00,J2,550,450,1000
2018-12-26T07:30:00+09:00,J3,1202,1116,2318
2018-12-26T07:30:00+09:00,J4,823,968,1791
2018-12-26T07:30:00+09:00,J5,641,621,1262
2018-12-26T07:45:00+09:00,J1,1184,1279,2463
2018-12-26T07:45:00+09:00,J2,806,678,1484
2018-12-26T07:45:00+09:00,J3,1270,1246,2516
2018-12-26T07:45:00+09:00,J4,708,1073,1781
2018-12-26T07:45:00+09:00,J5,620,583,1203
2018-12-26T08:00:00+09:00,J1,1351,1376,2727
2018-12-26T08:00:00+09:00,J2,882,651,1533
2018-12-26T08:00:00+09:00,J3,1284,1398,2682
2018-12-26T08:00:00+09:00,J4,767,1101,1868
2018-12-26T08:00:00+09:00,J5,588,553,1141
2018-12-26T08:15:00+09:00,J1,1468,1347,2815
2018-12-26T08:15:00+09:00,J2,896,669,1565
2018-12-26T08:15:00+09:00,J3,1326,1459,2785
2018-12-26T08:15:00+09:00,J4,711,1188,1899
2018-12-26T08:15:00+09:00,J5,529,604,1133
2018-12-26T08:30:00+09:00,J1,1311,1225,2536
2018-12-26T08:30:00+09:00,J2,1114,759,1873
2018-12-26T08:30:00+09:00,J3,1228,1488,2716
2018-12-26T08:30:00+09:00,J4,725,1136,1861
2018-12-26T08:30:00+09:00,J5,576,655,1231
2018-12-26T08:45:00+09:00,J1,1042,1002,2044
2018-12-26T08:45:00+09:00,J2,1088,669,1757
2018-12-26T08:45:00+09:00,J3,1044,1170,2214
2018-12-26T08:45:00+09:00,J4,655,878,1533
2018-12-26T08:45:00+09:00,J5,519,465,984
2018-12-26T09:00:00+09:00,J1,941,1017,1958
2018-12-26T09:00:00+09:00,J2,846,640,1486
2018-12-26T09:00:00+09:00,J3,877,920,1797
2018-12-26T09:00:00+09:00,J4,621,759,1380
2018-12-26T09:00:00+09:00,J5,457,491,948
2018-12-26T09:15:00+09:00,J1,977,975,1952
2018-12-26T09:15:00+09:00,J2,771,628,1399
2018-12-26T09:15:00+09:00,J3,746,898,1644
2018-12-26T09:15:00+09:00,J4,721,865,1586
2018-12-26T09:15:00+09:00,J5,534,560,1094
2018-12-26T09:30:00+09:00,J1,997,1125,2122
2018-12-26T09:30:00+09:00,J2,782,627,1409
2018-12-26T09:30:00+09:00,J3,892,935,1827
2018-12-26T09:30:00+09:00,J4,720,922,1642
2018-12-26T09:30:00+09:00,J5,678,715,1393
2018-12-26T09:45:00+09:00,J1,1251,1250,2501
2018-12-26T09:45:00+09:00,J2,702,636,1338
2018-12-26T09:45:00+09:00,J3,993,824,1817
2018-12-26T09:45:00+09:00,J4,701,854,1555
2018-12-26T09:45:00+09:00,J5,607,691,1298
2018-12-26T10:00:00+09:00,J1,1209,1199,2408
2018-12-26T10:00:00+09:00,J2,715,633,1348
2018-12-26T10:00:00+09:00,J3,969,884,1853
2018-12-26T10:00:00+09:00,J4,661,804,1465
2018-12-26T10:00:00+09:00,J5,595,606,1201
2018-12-26T10:15:00+09:00,J1,1206,1211,2417
2018-12-26T10:15:00+09:00,J2,687,681,1368
2018-12-26T10:15:00+09:00,J3,975,869,1844
2018-12-26T10:15:00+09:00,J4,679,767,1446
2018-12-26T10:15:00+09:00,J5,597,621,1218
2018-12-26T10:30:00+09:00,J1,1185,1267,2452
2018-12-26T10:30:00+09:00,J2,732,716,1448
2018-12-26T10:30:00+09:00,J3,1007,861,1868
2018-12-26T10:30:00+09:00,J4,702,752,1454
2018-12-26T10:30:00+09:00,J5,612,575,1187
2018-12-26T10:45:00+09:00,J1,1197,1315,2512
2018-12-26T10:45:00+09:00,J2,764,732,1496
2018-12-26T10:45:00+09:00,J3,987,894,1881
2018-12-26T10:45:00+09:00,J4,729,761,1490
2018-12-26T10:45:00+09:00,J5,674,610,1284
2018-12-26T11:00:00+09:00,J1,1091,1173,2264
2018-12-26T11:00:00+09:00,J2,735,685,1420
2018-12-26T11:00:00+09:00,J3,967,945,1912
2018-12-26T11:00:00+09:00,J4,814,800,1614
2018-12-26T11:00:00+09:00,J5,670,661,1331
2018-12-26T11:15:00+09:00,J1,1153,1250,2403
2018-12-26T11:15:00+09:00,J2,793,714,1507
2018-12-26T11:15:00+09:00,J3,1192,1114,2306
2018-12-26T11:15:00+09:00,J4,793,927,1720
2018-12-26T11:15:00+09:00,J5,621,556,1177
2018-12-26T11:30:00+09:00,J1,1127,1425,2552
2018-12-26T11:30:00+09:00,J2,742,701,1443
2018-12-26T11:30:00+09:00,J3,1179,1085,2264
2018-12-26T11:30:00+09:00,J4,893,913,1806
2018-12-26T11:30:00+09:00,J5,568,519,1087
2018-12-26T11:45:00+09:00,J1,1218,1404,2622
2018-12-26T11:45:00+09:00,J2,834,666,1500
2018-12-26T11:45:00+09:00,J3,1179,914,2093
2018-12-26T11:45:00+09:00,J4,845,840,1685
2018-12-26T11:45:00+09:00,J5,493,464,957
2018-12-26T12:00:00+09:00,J1,1228,1378,2606
2018-12-26T12:00:00+09:00,J2,755,695,1450
2018-12-26T12:00:00+09:00,J3,1205,1059,2264
2018-12-26T12:00:00+09:00,J4,867,842,1709
2018-12-26T12:00:00+09:00,J5,514,509,1023
2018-12-26T12:15:00+09:00,J1,1169,1360,2529
2018-12-26T12:15:00+09:00,J2,758,712,1470
2018-12-26T12:15:00+09:00,J3,1179,1096,2275
2018-12-26T12:15:00+09:00,J4,917,884,1801
2018-12-26T12:15:00+09:00,J5,603,502,1105
2018-12-26T12:30:00+09:00,J1,1174,1418,2592
2018-12-26T12:30:00+09:00,J2,780,688,1468
2018-12-26T12:30:00+09:00,J3,1199,1069,2268
2018-12-26T12:30:00+09:00,J4,956,874,1830
2018-12-26T12:30:00+09:00,J5,635,526,1161
2018-12-26T12:45:00+09:00,J1,1141,1398,2539
2018-12-26T12:45:00+09:00,J2,743,701,1444
2018-12-26T12:45:00+09:00,J3,1164,979,2143
2018-12-26T12:45:00+09:00,J4,942,895,1837
2018-12-26T12:45:00+09:00,J5,565,466,1031
2018-12-26T13:00:00+09:00,J1,1131,1361,2492
2018-12-26T13:00:00+09:00,J2,773,718,1491
2018-12-26T13:00:00+09:00,J3,1120,988,2108
2018-12-26T13:00:00+09:00,J4,926,868,1794
2018-12-26T13:00:00+09:00,J5,595,510,1105
2018-12-26T13:15:00+09:00,J1,1095,1385,2480
2018-12-26T13:15:00+09:00,J2,760,624,1384
2018-12-26T13:15:00+09:00,J3,1138,979,2117
2018-12-26T13:15:00+09:00,J4,901,993,1894
2018-12-26T13:15:00+09:00,J5,644,537,1181
2018-12-26T13:30:00+09:00,J1,1079,1258,2337
2018-12-26T13:30:00+09:00,J2,769,730,1499
2018-12-26T13:30:00+09:00,J3,1230,998,2228
2018-12-26T13:30:00+09:00,J4,982,834,1816
2018-12-26T13:30:00+09:00,J5,630,571,1201
2018-12-26T13:45:00+09:00,J1,1187,1275,2462
2018-12-26T13:45:00+09:00,J2,730,675,1405
2018-12-26T13:45:00+09:00,J3,1236,991,2227
2018-12-26T13:45:00+09:00,J4,964,989,1953
2018-12-26T13:45:00+09:00,J5,627,633,1260
2018-12-26T14:00:00+09:00,J1,1169,1323,2492
2018-12-26T14:00:00+09:00,J2,724,638,1362
2018-12-26T14:00:00+09:00,J3,1141,948,2089
2018-12-26T14:00:00+09:00,J4,972,909,1881
2018-12-26T14:00:00+09:00,J5,670,658,1328
2018-12-26T14:15:00+09:00,J1,1166,1419,2585
2018-12-26T14:15:00+09:00,J2,688,698,1386
2018-12-26T14:15:00+09:00,J3,1088,955,2043
2018-12-26T14:15:00+09:00,J4,985,913,1898
2018-12-26T14:15:00+09:00,J5,752,715,1467
2018-12-26T14:30:00+09:00,J1,1160,1363,2523
2018-12-26T14:30:00+09:00,J2,779,697,1476
2018-12-26T14:30:00+09:00,J3,1066,972,2038
2018-12-26T14:30:00+09:00,J4,1006,955,1961
2018-12-26T14:30:00+09:00,J5,722,740,1462
2018-12-26T14:45:00+09:00,J1,1112,1430,2542
2018-12-26T14:45:00+09:00,J2,814,742,1556
2018-12-26T14:45:00+09:00,J3,1040,953,1993
2018-12-26T14:45:00+09:00,J4,993,891,1884
2018-12-26T14:45:00+09:00,J5,680,621,1301
2018-12-26T15:00:00+09:00,J1,1214,1418,2632
2018-12-26T15:00:00+09:00,J2,815,739,1554
2018-12-26T15:00:00+09:00,J3,1012,888,1900
2018-12-26T15:00:00+09:00,J4,1023,883,1906
2018-12-26T15:00:00+09:00,J5,627,549,1176
2018-12-26T15:15:00+09:00,J1,1191,1442,2633
2018-12-26T15:15:00+09:00,J2,761,715,1476
2018-12-26T15:15:00+09:00,J3,1117,1018,2135
2018-12-26T15:15:00+09:00,J4,944,959,1903
2018-12-26T15:15:00+09:00,J5,520,477,997
2018-12-26T15:30:00+09:00,J1,1179,1465,2644
2018-12-26T15:30:00+09:00,J2,811,764,1575
2018-12-26T15:30:00+09:00,J3,1034,992,2026
2018-12-26T15:30:00+09:00,J4,994,969,1963
2018-12-26T15:30:00+09:00,J5,498,451,949
2018-12-26T15:45:00+09:00,J1,1171,1445,2616
2018-12-26T15:45:00+09:00,J2,869,789,1658
2018-12-26T15:45:00+09:00,J3,1058,908,1966
2018-12-26T15:45:00+09:00,J4,995,970,1965
2018-12-26T15:45:00+09:00,J5,518,433,951
2018-12-26T16:00:00+09:00,J1,1191,1353,2544
2018-12-26T16:00:00+09:00,J2,873,751,1624
2018-12-26T16:00:00+09:00,J3,1059,874,1933
2018-12-26T16:00:00+09:00,J4,1065,956,2021
2018-12-26T16:00:00+09:00,J5,529,463,992
2018-12-26T16:15:00+09:00,J1,1156,1372,2528
2018-12-26T16:15:00+09:00,J2,866,765,1631
2018-12-26T16:15:00+09:00,J3,1048,919,1967
2018-12-26T16:15:00+09:00,J4,1004,975,1979
2018-12-26T16:15:00+09:00,J5,493,455,948
2018-12-26T16:30:00+09:00,J1,1156,1407,2563
2018-12-26T16:30:00+09:00,J2,801,749,1550
2018-12-26T16:30:00+09:00,J3,1203,1223,2426
2018-12-26T16:30:00+09:00,J4,1048,908,1956
2018-12-26T16:30:00+09:00,J5,475,435,910
2018-12-26T16:45:00+09:00,J1,1168,1446,2614
2018-12-26T16:45:00+09:00,J2,894,756,1650
2018-12-26T16:45:00+09:00,J3,1308,1142,2450
2018-12-26T16:45:00+09:00,J4,961,972,1933
2018-12-26T16:45:00+09:00,J5,480,464,944
2018-12-26T17:00:00+09:00,J1,1182,1395,2577
2018-12-26T17:00:00+09:00,J2,860,817,1677
2018-12-26T17:00:00+09:00,J3,1549,1301,2850
2018-12-26T17:00:00+09:00,J4,1046,1010,2056
2018-12-26T17:00:00+09:00,J5,575,559,1134
2018-12-26T17:15:00+09:00,J1,1281,1461,2742
2018-12-26T17:15:00+09:00,J2,984,891,1875
2018-12-26T17:15:00+09:00,J3,1450,1413,2863
2018-12-26T17:15:00+09:00,J4,971,909,1880
2018-12-26T17:15:00+09:00,J5,653,640,1293
2018-12-26T17:30:00+09:00,J1,1225,1497,2722
2018-12-26T17:30:00+09:00,J2,1149,919,2068
2018-12-26T17:30:00+09:00,J3,1611,1369,2980
2018-12-26T17:30:00+09:00,J4,1069,1046,2115
2018-12-26T17:30:00+09:00,J5,704,804,1508
2018-12-26T17:45:00+09:00,J1,1271,1455,2726
2018-12-26T17:45:00+09:00,J2,1117,979,2096
2018-12-26T17:45:00+09:00,J3,1550,1370,2920
2018-12-26T17:45:00+09:00,J4,1119,1077,2196
2018-12-26T17:45:00+09:00,J5,768,934,1702
2018-12-26T18:00:00+09:00,J1,1321,1420,2741
2018-12-26T18:00:00+09:00,J2,1002,965,1967
2018-12-26T18:00:00+09:00,J3,1624,1279,2903
2018-12-26T18:00:00+09:00,J4,1191,1019,2210
2018-12-26T18:00:00+09:00,J5,727,949,1676
2018-12-26T18:15:00+09:00,J1,1292,1490,2782
2018-12-26T18:15:00+09:00,J2,1100,988,2088
2018-12-26T18:15:00+09:00,J3,1761,1329,3090
2018-12-26T18:15:00+09:00,J4,1337,950,2287
2018-12-26T18:15:00+09:00,J5,693,886,1579
2018-12-26T18:30:00+09:00,J1,1239,1491,2730
2018-12-26T18:30:00+09:00,J2,964,919,1883
2018-12-26T18:30:00+09:00,J3,1526,1323,2849
2018-12-26T18:30:00+09:00,J4,1074,867,1941
2018-12-26T18:30:00+09:00,J5,620,872,1492
2018-12-26T18:45:00+09:00,J1,1228,1443,2671
2018-12-26T18:45:00+09:00,J2,959,899,1858
2018-12-26T18:45:00+09:00,J3,1409,1146,2555
2018-12-26T18:45:00+09:00,J4,949,784,1733
2018-12-26T18:45:00+09:00,J5,560,737,1297
2018-12-26T19:00:00+09:00,J1,1223,1408,2631
2018-12-26T19:00:00+09:00,J2,788,785,1573
2018-12-26T19:00:00+09:00,J3,1460,1277,2737
2018-12-26T19:00:00+09:00,J4,837,737,1574
2018-12-26T19:00:00+09:00,J5,545,706,1251
2018-12-26T19:15:00+09:00,J1,1207,1361,2568
2018-12-26T19:15:00+09:00,J2,828,883,1711
2018-12-26T19:15:00+09:00,J3,1341,1293,2634
2018-12-26T19:15:00+09:00,J4,847,795,1642
2018-12-26T19:15:00+09:00,J5,541,710,1251
2018-12-26T19:30:00+09:00,J1,1208,1405,2613
2018-12-26T19:30:00+09:00,J2,651,725,1376
2018-12-26T19:30:00+09:00,J3,1244,1158,2402
2018-12-26T19:30:00+09:00,J4,824,876,1700
2018-12-26T19:30:00+09:00,J5,534,596,1130
2018-12-26T19:45:00+09:00,J1,1213,1417,2630
2018-12-26T19:45:00+09:00,J2,741,769,1510
2018-12-26T19:45:00+09:00,J3,1092,1033,2125
2018-12-26T19:45:00+09:00,J4,772,883,1655
2018-12-26T19:45:00+09:00,J5,508,643,1151
2018-12-26T20:00:00+09:00,J1,1216,1469,2685
2018-12-26T20:00:00+09:00,J2,607,674,1281
2018-12-26T20:00:00+09:00,J3,1065,1004,2069
2018-12-26T20:00:00+09:00,J4,772,811,1583
2018-12-26T20:00:00+09:00,J5,477,611,1088
2018-12-26T20:15:00+09:00,J1,1199,1430,2629
2018-12-26T20:15:00+09:00,J2,500,654,1154
2018-12-26T20:15:00+09:00,J3,1016,962,1978
2018-12-26T20:15:00+09:00,J4,742,683,1425
2018-12-26T20:15:00+09:00,J5,544,629,1173
2018-12-26T20:30:00+09:00,J1,1256,1432,2688
2018-12-26T20:30:00+09:00,J2,606,643,1249
2018-12-26T20:30:00+09:00,J3,1125,1076,2201
2018-12-26T20:30:00+09:00,J4,752,623,1375
2018-12-26T20:30:00+09:00,J5,506,654,1160
2018-12-26T20:45:00+09:00,J1,1220,1457,2677
2018-12-26T20:45:00+09:00,J2,553,603,1156
2018-12-26T20:45:00+09:00,J3,1111,965,2076
2018-12-26T20:45:00+09:00,J4,724,711,1435
2018-12-26T20:45:00+09:00,J5,488,568,1056
2018-12-26T21:00:00+09:00,J1,1180,1369,2549
2018-12-26T21:00:00+09:00,J2,650,623,1273
2018-12-26T21:00:00+09:00,J3,1204,935,2139
2018-12-26T21:00:00+09:00,J4,732,733,1465
2018-12-26T21:00:00+09:00,J5,456,524,980
2018-12-26T21:15:00+09:00,J1,1131,1357,2488
2018-12-26T21:15:00+09:00,J2,783,874,1657
2018-12-26T21:15:00+09:00,J3,1181,1002,2183
2018-12-26T21:15:00+09:00,J4,816,809,1625
2018-12-26T21:15:00+09:00,J5,449,529,978
2018-12-26T21:30:00+09:00,J1,1165,1350,2515
2018-12-26T21:30:00+09:00,J2,769,732,1501
2018-12-26T21:30:00+09:00,J3,1107,889,1996
2018-12-26T21:30:00+09:00,J4,758,802,1560
2018-12-26T21:30:00+09:00,J5,419,459,878
2018-12-26T21:45:00+09:00,J1,1194,1344,2538
2018-12-26T21:45:00+09:00,J2,759,663,1422
2018-12-26T21:45:00+09:00,J3,1081,868,1949
2018-12-26T21:45:00+09:00,J4,748,830,1578
2018-12-26T21:45:00+09:00,J5,433,464,897
2018-12-26T22:00:00+09:00,J1,1109,1314,2423
2018-12-26T22:00:00+09:00,J2,730,757,1487
2018-12-26T22:00:00+09:00,J3,1105,857,1962
2018-12-26T22:00:00+09:00,J4,750,876,1626
2018-12-26T22:00:00+09:00,J5,385,493,878
2018-12-26T22:15:00+09:00,J1,1116,1357,2473
2018-12-26T22:15:00+09:00,J2,639,699,1338
2018-12-26T22:15:00+09:00,J3,971,823,1794
2018-12-26T22:15:00+09:00,J4,725,842,1567
2018-12-26T22:15:00+09:00,J5,342,394,736
2018-12-26T22:30:00+09:00,J1,1181,1342,2523
2018-12-26T22:30:00+09:00,J2,583,674,1257
2018-12-26T22:30:00+09:00,J3,941,822,1763
2018-12-26T22:30:00+09:00,J4,707,863,1570
2018-12-26T22:30:00+09:00,J5,440,409,849
2018-12-26T22:45:00+09:00,J1,1148,1399,2547
2018-12-26T22:45:00+09:00,J2,552,695,1247
2018-12-26T22:45:00+09:00,J3,929,801,1730
2018-12-26T22:45:00+09:00,J4,729,889,1618
2018-12-26T22:45:00+09:00,J5,481,450,931
2018-12-26T23:00:00+09:00,J1,1183,1305,2488
2018-12-26T23:00:00+09:00,J2,618,707,1325
2018-12-26T23:00:00+09:00,J3,901,841,1742
2018-12-26T23:00:00+09:00,J4,775,757,1532
2018-12-26T23:00:00+09:00,J5,399,369,768
2018-12-26T23:15:00+09:00,J1,1176,1295,2471
2018-12-26T23:15:00+09:00,J2,609,714,1323
2018-12-26T23:15:00+09:00,J3,914,856,1770
2018-12-26T23:15:00+09:00,J4,644,673,1317
2018-12-26T23:15:00+09:00,J5,505,418,923
2018-12-26T23:30:00+09:00,J1,1160,1303,2463
2018-12-26T23:30:00+09:00,J2,564,732,1296
2018-12-26T23:30:00+09:00,J3,874,853,1727
2018-12-26T23:30:00+09:00,J4,680,730,1410
2018-12-26T23:30:00+09:00,J5,494,394,888
2018-12-26T23:45:00+09:00,J1,1187,1357,2544
2018-12-26T23:45:00+09:00,J2,499,654,1153
2018-12-26T23:45:00+09:00,J3,866,794,1660
2018-12-26T23:45:00+09:00,J4,684,757,1441
2018-12-26T23:45:00+09:00,J5,455,419,874
2018-12-27T00:00:00+09:00,J1,958,1053,2011
2018-12-27T00:00:00+09:00,J2,574,553,1127
2018-12-27T00:00:00+09:00,J3,729,634,1363
2018-12-27T00:00:00+09:00,J4,602,535,1137
2018-12-27T00:00:00+09:00,J5,523,421,944
2018-12-27T00:15:00+09:00,J1,847,850,1697
2018-12-27T00:15:00+09:00,J2,469,432,901
2018-12-27T00:15:00+09:00,J3,763,767,1530
2018-12-27T00:15:00+09:00,J4,478,496,974
2018-12-27T00:15:00+09:00,J5,630,615,1245
2018-12-27T00:30:00+09:00,J1,630,655,1285
2018-12-27T00:30:00+09:00,J2,490,430,920
2018-12-27T00:30:00+09:00,J3,832,799,1631
2018-12-27T00:30:00+09:00,J4,523,567,1090
2018-12-27T00:30:00+09:00,J5,603,619,1222
2018-12-27T00:45:00+09:00,J1,676,628,1304
2018-12-27T00:45:00+09:00,J2,437,442,879
2018-12-27T00:45:00+09:00,J3,845,760,1605
2018-12-27T00:45:00+09:00,J4,475,586,1061
2018-12-27T00:45:00+09:00,J5,577,554,1131
2018-12-27T05:45:00+09:00,J1,1133,1149,2282
2018-12-27T05:45:00+09:00,J2,604,658,1262
2018-12-27T05:45:00+09:00,J3,939,690,1629
2018-12-27T05:45:00+09:00,J4,837,811,1648
2018-12-27T05:45:00+09:00,J5,538,525,1063
2018-12-27T06:00:00+09:00,J1,1130,1174,2304
2018-12-27T06:00:00+09:00,J2,594,603,1197
2018-12-27T06:00:00+09:00,J3,954,833,1787
2018-12-27T06:00:00+09:00,J4,727,737,1464
2018-12-27T06:00:00+09:00,J5,571,467,1038
2018-12-27T06:15:00+09:00,J1,1084,1192,2276
2018-12-27T06:15:00+09:00,J2,659,663,1322
2018-12-27T06:15:00+09:00,J3,994,850,1844
2018-12-27T06:15:00+09:00,J4,748,778,1526
2018-12-27T06:15:00+09:00,J5,559,544,1103
2018-12-27T06:30:00+09:00,J1,1154,1264,2418
2018-12-27T06:30:00+09:00,J2,769,735,1504
2018-12-27T06:30:00+09:00,J3,939,835,1774
2018-12-27T06:30:00+09:00,J4,779,804,1583
2018-12-27T06:30:00+09:00,J5,584,543,1127
2018-12-27T06:45:00+09:00,J1,1208,1258,2466
2018-12-27T06:45:00+09:00,J2,842,835,1677
2018-12-27T06:45:00+09:00,J3,956,891,1847
2018-12-27T06:45:00+09:00,J4,737,828,1565
2018-12-27T06:45:00+09:00,J5,631,597,1228
2018-12-27T07:00:00+09:00,J1,1184,1340,2524
2018-12-27T07:00:00+09:00,J2,837,795,1632
2018-12-27T07:00:00+09:00,J3,1065,869,1934
2018-12-27T07:00:00+09:00,J4,830,786,1616
2018-12-27T07:00:00+09:00,J5,647,696,1343
2018-12-27T07:15:00+09:00,J1,1232,1332,2564
2018-12-27T07:15:00+09:00,J2,814,741,1555
2018-12-27T07:15:00+09:00,J3,1106,966,2072
2018-12-27T07:15:00+09:00,J4,905,932,1837
2018-12-27T07:15:00+09:00,J5,663,651,1314
2018-12-27T07:30:00+09:00,J1,1206,1303,2509
2018-12-27T07:30:00+09:00,J2,882,796,1678
2018-12-27T07:30:00+09:00,J3,1166,1171,2337
2018-12-27T07:30:00+09:00,J4,1014,1066,2080
2018-12-27T07:30:00+09:00,J5,649,587,1236
2018-12-27T07:45:00+09:00,J1,1233,1257,2490
2018-12-27T07:45:00+09:00,J2,987,769,1756
2018-12-27T07:45:00+09:00,J3,1303,1243,2546
2018-12-27T07:45:00+09:00,J4,949,1112,2061
2018-12-27T07:45:00+09:00,J5,594,576,1170
2018-12-27T08:00:00+09:00,J1,1377,1270,2647
2018-12-27T08:00:00+09:00,J2,989,886,1875
2018-12-27T08:00:00+09:00,J3,1506,1368,2874
2018-12-27T08:00:00+09:00,J4,952,1140,2092
2018-12-27T08:00:00+09:00,J5,593,619,1212
2018-12-27T08:15:00+09:00,J1,1343,1313,2656
2018-12-27T08:15:00+09:00,J2,1122,854,1976
2018-12-27T08:15:00+09:00,J3,1502,1445,2947
2018-12-27T08:15:00+09:00,J4,915,1230,2145
2018-12-27T08:15:00+09:00,J5,587,706,1293
2018-12-27T08:30:00+09:00,J1,1389,1353,2742
2018-12-27T08:30:00+09:00,J2,1144,747,1891
2018-12-27T08:30:00+09:00,J3,1354,1498,2852
2018-12-27T08:30:00+09:00,J4,788,1169,1957
2018-12-27T08:30:00+09:00,J5,624,610,1234
2018-12-27T08:45:00+09:00,J1,1340,1394,2734
2018-12-27T08:45:00+09:00,J2,807,679,1486
2018-12-27T08:45:00+09:00,J3,1098,1088,2186
2018-12-27T08:45:00+09:00,J4,870,988,1858
2018-12-27T08:45:00+09:00,J5,514,471,985
2018-12-27T09:00:00+09:00,J1,1455,1468,2923
2018-12-27T09:00:00+09:00,J2,869,702,1571
2018-12-27T09:00:00+09:00,J3,1153,985,2138
2018-12-27T09:00:00+09:00,J4,850,910,1760
2018-12-27T09:00:00+09:00,J5,439,476,915
2018-12-27T09:15:00+09:00,J1,1357,1357,2714
2018-12-27T09:15:00+09:00,J2,785,691,1476
2018-12-27T09:15:00+09:00,J3,928,1003,1931
2018-12-27T09:15:00+09:00,J4,904,993,1897
2018-12-27T09:15:00+09:00,J5,656,610,1266
2018-12-27T09:30:00+09:00,J1,1359,1447,2806
2018-12-27T09:30:00+09:00,J2,768,694,1462
2018-12-27T09:30:00+09:00,J3,999,1064,2063
2018-12-27T09:30:00+09:00,J4,830,944,1774
2018-12-27T09:30:00+09:00,J5,618,638,1256
2018-12-27T09:45:00+09:00,J1,1363,1419,2782
2018-12-27T09:45:00+09:00,J2,706,657,1363
2018-12-27T09:45:00+09:00,J3,1016,1031,2047
2018-12-27T09:45:00+09:00,J4,737,803,1540
2018-12-27T09:45:00+09:00,J5,578,590,1168
2018-12-27T10:00:00+09:00,J1,1392,1473,2865
2018-12-27T10:00:00+09:00,J2,591,529,1120
2018-12-27T10:00:00+09:00,J3,1102,996,2098
2018-12-27T10:00:00+09:00,J4,919,898,1817
2018-12-27T10:00:00+09:00,J5,550,537,1087
2018-12-27T10:15:00+09:00,J1,1370,1447,2817
2018-12-27T10:15:00+09:00,J2,563,548,1111
2018-12-27T10:15:00+09:00,J3,1173,1047,2220
2018-12-27T10:15:00+09:00,J4,892,933,1825
2018-12-27T10:15:00+09:00,J5,554,550,1104
2018-12-27T10:30:00+09:00,J1,1338,1412,2750
2018-12-27T10:30:00+09:00,J2,616,585,1201
2018-12-27T10:30:00+09:00,J3,1038,976,2014
2018-12-27T10:30:00+09:00,J4,866,905,1771
2018-12-27T10:30:00+09:00,J5,561,535,1096
2018-12-27T10:45:00+09:00,J1,1306,1374,2680
2018-12-27T10:45:00+09:00,J2,557,573,1130
2018-12-27T10:45:00+09:00,J3,996,1002,1998
2018-12-27T10:45:00+09:00,J4,900,969,1869
2018-12-27T10:45:00+09:00,J5,593,561,1154
2018-12-27T11:00:00+09:00,J1,1315,1440,2755
2018-12-27T11:00:00+09:00,J2,720,535,1255
2018-12-27T11:00:00+09:00,J3,992,962,1954
2018-12-27T11:00:00+09:00,J4,955,1031,1986
2018-12-27T11:00:00+09:00,J5,568,573,1141
2018-12-27T11:15:00+09:00,J1,1299,1388,2687
2018-12-27T11:15:00+09:00,J2,734,654,1388
2018-12-27T11:15:00+09:00,J3,1230,1106,2336
2018-12-27T11:15:00+09:00,J4,942,945,1887
2018-12-27T11:15:00+09:00,J5,574,525,1099
2018-12-27T11:30:00+09:00,J1,1330,1495,2825
2018-12-27T11:30:00+09:00,J2,737,684,1421
2018-12-27T11:30:00+09:00,J3,1012,1014,2026
2018-12-27T11:30:00+09:00,J4,884,1018,1902
2018-12-27T11:30:00+09:00,J5,565,521,1086
2018-12-27T11:45:00+09:00,J1,1368,1481,2849
2018-12-27T11:45:00+09:00,J2,751,725,1476
2018-12-27T11:45:00+09:00,J3,994,978,1972
2018-12-27T11:45:00+09:00,J4,919,960,1879
2018-12-27T11:45:00+09:00,J5,485,434,919
2018-12-27T12:00:00+09:00,J1,1342,1502,2844
2018-12-27T12:00:00+09:00,J2,886,809,1695
2018-12-27T12:00:00+09:00,J3,1080,1081,2161
2018-12-27T12:00:00+09:00,J4,859,856,1715
2018-12-27T12:00:00+09:00,J5,552,495,1047
2018-12-27T12:15:00+09:00,J1,1294,1485,2779
2018-12-27T12:15:00+09:00,J2,887,805,1692
2018-12-27T12:15:00+09:00,J3,1187,1031,2218
2018-12-27T12:15:00+09:00,J4,914,941,1855
2018-12-27T12:15:00+09:00,J5,608,499,1107
2018-12-27T12:30:00+09:00,J1,1311,1433,2744
2018-12-27T12:30:00+09:00,J2,821,790,1611
2018-12-27T12:30:00+09:00,J3,1233,1085,2318
2018-12-27T12:30:00+09:00,J4,852,922,1774
2018-12-27T12:30:00+09:00,J5,567,525,1092
2018-12-27T12:45:00+09:00,J1,1213,1413,2626
2018-12-27T12:45:00+09:00,J2,780,808,1588
2018-12-27T12:45:00+09:00,J3,1179,1066,2245
2018-12-27T12:45:00+09:00,J4,815,930,1745
2018-12-27T12:45:00+09:00,J5,484,484,968
2018-12-27T13:00:00+09:00,J1,1236,1419,2655
2018-12-27T13:00:00+09:00,J2,756,782,1538
2018-12-27T13:00:00+09:00,J3,1195,1012,2207
2018-12-27T13:00:00+09:00,J4,849,850,1699
2018-12-27T13:00:00+09:00,J5,483,477,960
2018-12-27T13:15:00+09:00,J1,1253,1524,2777
2018-12-27T13:15:00+09:00,J2,747,803,1550
2018-12-27T13:15:00+09:00,J3,1132,1119,2251
2018-12-27T13:15:00+09:00,J4,889,943,1832
2018-12-27T13:15:00+09:00,J5,474,492,966
2018-12-27T13:30:00+09:00,J1,1219,1437,2656
2018-12-27T13:30:00+09:00,J2,789,840,1629
2018-12-27T13:30:00+09:00,J3,1105,1085,2190
2018-12-27T13:30:00+09:00,J4,825,950,1775
2018-12-27T13:30:00+09:00,J5,474,466,940
2018-12-27T13:45:00+09:00,J1,1163,1417,2580
2018-12-27T13:45:00+09:00,J2,768,828,1596
2018-12-27T13:45:00+09:00,J3,991,980,1971
2018-12-27T13:45:00+09:00,J4,796,904,1700
2018-12-27T13:45:00+09:00,J5,479,461,940
2018-12-27T14:00:00+09:00,J1,1248,1476,2724
2018-12-27T14:00:00+09:00,J2,790,770,1560
2018-12-27T14:00:00+09:00,J3,1047,993,2040
2018-12-27T14:00:00+09:00,J4,885,914,1799
2018-12-27T14:00:00+09:00,J5,491,483,974
2018-12-27T14:15:00+09:00,J1,1308,1476,2784
2018-12-27T14:15:00+09:00,J2,803,734,1537
2018-12-27T14:15:00+09:00,J3,1143,1184,2327
2018-12-27T14:15:00+09:00,J4,817,898,1715
2018-12-27T14:15:00+09:00,J5,539,434,973
2018-12-27T14:30:00+09:00,J1,1199,1406,2605
2018-12-27T14:30:00+09:00,J2,818,771,1589
2018-12-27T14:30:00+09:00,J3,1064,992,2056
2018-12-27T14:30:00+09:00,J4,858,970,1828
2018-12-27T14:30:00+09:00,J5,507,490,997
2018-12-27T14:45:00+09:00,J1,1243,1457,2700
2018-12-27T14:45:00+09:00,J2,811,799,1610
2018-12-27T14:45:00+09:00,J3,1066,1113,2179
2018-12-27T14:45:00+09:00,J4,864,917,1781
2018-12-27T14:45:00+09:00,J5,435,462,897
2018-12-27T15:00:00+09:00,J1,1231,1435,2666
2018-12-27T15:00:00+09:00,J2,817,795,1612
2018-12-27T15:00:00+09:00,J3,1133,1108,2241
2018-12-27T15:00:00+09:00,J4,844,780,1624
2018-12-27T15:00:00+09:00,J5,491,456,947
2018-12-27T15:15:00+09:00,J1,1290,1435,2725
2018-12-27T15:15:00+09:00,J2,831,762,1593
2018-12-27T15:15:00+09:00,J3,990,1006,1996
2018-12-27T15:15:00+09:00,J4,850,899,1749
2018-12-27T15:15:00+09:00,J5,517,438,955
2018-12-27T15:30:00+09:00,J1,1209,1417,2626
2018-12-27T15:30:00+09:00,J2,851,786,1637
2018-12-27T15:30:00+09:00,J3,1154,1143,2297
2018-12-27T15:30:00+09:00,J4,805,860,1665
2018-12-27T15:30:00+09:00,J5,500,471,971
2018-12-27T15:45:00+09:00,J1,1171,1473,2644
2018-12-27T15:45:00+09:00,J2,775,806,1581
2018-12-27T15:45:00+09:00,J3,1109,1123,2232
2018-12-27T15:45:00+09:00,J4,866,853,1719
2018-12-27T15:45:00+09:00,J5,486,418,904
2018-12-27T16:00:00+09:00,J1,1229,1435,2664
2018-12-27T16:00:00+09:00,J2,808,818,1626
2018-12-27T16:00:00+09:00,J3,1073,1164,2237
2018-12-27T16:00:00+09:00,J4,841,851,1692
2018-12-27T16:00:00+09:00,J5,480,413,893
2018-12-27T16:15:00+09:00,J1,1264,1447,2711
2018-12-27T16:15:00+09:00,J2,885,839,1724
2018-12-27T16:15:00+09:00,J3,1208,1205,2413
2018-12-27T16:15:00+09:00,J4,854,894,1748
2018-12-27T16:15:00+09:00,J5,499,450,949
2018-12-27T16:30:00+09:00,J1,1253,1424,2677
2018-12-27T16:30:00+09:00,J2,802,754,1556
2018-12-27T16:30:00+09:00,J3,1238,1130,2368
2018-12-27T16:30:00+09:00,J4,870,909,1779
2018-12-27T16:30:00+09:00,J5,491,478,969
2018-12-27T16:45:00+09:00,J1,1215,1406,2621
2018-12-27T16:45:00+09:00,J2,781,695,1476
2018-12-27T16:45:00+09:00,J3,1306,1169,2475
2018-12-27T16:45:00+09:00,J4,887,871,1758
2018-12-27T16:45:00+09:00,J5,469,490,959
2018-12-27T17:00:00+09:00,J1,1255,1458,2713
2018-12-27T17:00:00+09:00,J2,760,873,1633
2018-12-27T17:00:00+09:00,J3,1417,1138,2555
2018-12-27T17:00:00+09:00,J4,971,918,1889
2018-12-27T17:00:00+09:00,J5,492,514,1006
2018-12-27T17:15:00+09:00,J1,1274,1516,2790
2018-12-27T17:15:00+09:00,J2,888,861,1749
2018-12-27T17:15:00+09:00,J3,1455,1131,2586
2018-12-27T17:15:00+09:00,J4,1100,1017,2117
2018-12-27T17:15:00+09:00,J5,633,548,1181
2018-12-27T17:30:00+09:00,J1,1329,1454,2783
2018-12-27T17:30:00+09:00,J2,873,946,1819
2018-12-27T17:30:00+09:00,J3,1502,1176,2678
2018-12-27T17:30:00+09:00,J4,1115,1026,2141
2018-12-27T17:30:00+09:00,J5,750,701,1451
2018-12-27T17:45:00+09:00,J1,1312,1520,2832
2018-12-27T17:45:00+09:00,J2,1013,913,1926
2018-12-27T17:45:00+09:00,J3,1583,1319,2902
2018-12-27T17:45:00+09:00,J4,1179,1070,2249
2018-12-27T17:45:00+09:00,J5,782,847,1629
2018-12-27T18:00:00+09:00,J1,1286,1526,2812
2018-12-27T18:00:00+09:00,J2,1006,962,1968
2018-12-27T18:00:00+09:00,J3,1538,1280,2818
2018-12-27T18:00:00+09:00,J4,1198,1048,2246
2018-12-27T18:00:00+09:00,J5,758,851,1609
2018-12-27T18:15:00+09:00,J1,1361,1498,2859
2018-12-27T18:15:00+09:00,J2,998,939,1937
2018-12-27T18:15:00+09:00,J3,1659,1462,3121
2018-12-27T18:15:00+09:00,J4,1225,841,2066
2018-12-27T18:15:00+09:00,J5,738,870,1608
2018-12-27T18:30:00+09:00,J1,1334,1446,2780
2018-12-27T18:30:00+09:00,J2,961,846,1807
2018-12-27T18:30:00+09:00,J3,1477,1251,2728
2018-12-27T18:30:00+09:00,J4,944,808,1752
2018-12-27T18:30:00+09:00,J5,660,725,1385
2018-12-27T18:45:00+09:00,J1,1344,1469,2813
2018-12-27T18:45:00+09:00,J2,903,823,1726
2018-12-27T18:45:00+09:00,J3,1412,1136,2548
2018-12-27T18:45:00+09:00,J4,926,831,1757
2018-12-27T18:45:00+09:00,J5,588,714,1302
2018-12-27T19:00:00+09:00,J1,1349,1484,2833
2018-12-27T19:00:00+09:00,J2,812,701,1513
2018-12-27T19:00:00+09:00,J3,1311,1021,2332
2018-12-27T19:00:00+09:00,J4,916,931,1847
2018-12-27T19:00:00+09:00,J5,597,689,1286
2018-12-27T19:15:00+09:00,J1,1303,1445,2748
2018-12-27T19:15:00+09:00,J2,886,816,1702
2018-12-27T19:15:00+09:00,J3,1338,1081,2419
2018-12-27T19:15:00+09:00,J4,970,917,1887
2018-12-27T19:15:00+09:00,J5,586,674,1260
2018-12-27T19:30:00+09:00,J1,1300,1496,2796
2018-12-27T19:30:00+09:00,J2,801,686,1487
2018-12-27T19:30:00+09:00,J3,1233,1107,2340
2018-12-27T19:30:00+09:00,J4,985,900,1885
2018-12-27T19:30:00+09:00,J5,419,554,973
2018-12-27T19:45:00+09:00,J1,1223,1370,2593
2018-12-27T19:45:00+09:00,J2,710,713,1423
2018-12-27T19:45:00+09:00,J3,1226,999,2225
2018-12-27T19:45:00+09:00,J4,802,826,1628
2018-12-27T19:45:00+09:00,J5,455,542,997
2018-12-27T20:00:00+09:00,J1,1190,1364,2554
2018-12-27T20:00:00+09:00,J2,694,614,1308
2018-12-27T20:00:00+09:00,J3,1177,1049,2226
2018-12-27T20:00:00+09:00,J4,770,829,1599
2018-12-27T20:00:00+09:00,J5,487,520,1007
2018-12-27T20:15:00+09:00,J1,1186,1412,2598
2018-12-27T20:15:00+09:00,J2,686,746,1432
2018-12-27T20:15:00+09:00,J3,1190,1050,2240
2018-12-27T20:15:00+09:00,J4,819,774,1593
2018-12-27T20:15:00+09:00,J5,540,580,1120
2018-12-27T20:30:00+09:00,J1,1232,1404,2636
2018-12-27T20:30:00+09:00,J2,887,896,1783
2018-12-27T20:30:00+09:00,J3,1208,1026,2234
2018-12-27T20:30:00+09:00,J4,780,803,1583
2018-12-27T20:30:00+09:00,J5,513,552,1065
2018-12-27T20:45:00+09:00,J1,1252,1385,2637
2018-12-27T20:45:00+09:00,J2,658,631,1289
2018-12-27T20:45:00+09:00,J3,1105,922,2027
2018-12-27T20:45:00+09:00,J4,766,760,1526
2018-12-27T20:45:00+09:00,J5,484,516,1000
2018-12-27T21:00:00+09:00,J1,1244,1397,2641
2018-12-27T21:00:00+09:00,J2,765,691,1456
2018-12-27T21:00:00+09:00,J3,1063,1018,2081
2018-12-27T21:00:00+09:00,J4,867,841,1708
2018-12-27T21:00:00+09:00,J5,433,510,943
2018-12-27T21:15:00+09:00,J1,1193,1357,2550
2018-12-27T21:15:00+09:00,J2,730,807,1537
2018-12-27T21:15:00+09:00,J3,1045,1099,2144
2018-12-27T21:15:00+09:00,J4,827,917,1744
2018-12-27T21:15:00+09:00,J5,428,490,918
2018-12-27T21:30:00+09:00,J1,1150,1321,2471
2018-12-27T21:30:00+09:00,J2,759,813,1572
2018-12-27T21:30:00+09:00,J3,1189,1014,2203
2018-12-27T21:30:00+09:00,J4,810,921,1731
2018-12-27T21:30:00+09:00,J5,435,479,914
2018-12-27T21:45:00+09:00,J1,1154,1364,2518
2018-12-27T21:45:00+09:00,J2,680,768,1448
2018-12-27T21:45:00+09:00,J3,1167,970,2137
2018-12-27T21:45:00+09:00,J4,820,897,1717
2018-12-27T21:45:00+09:00,J5,419,439,858
2018-12-27T22:00:00+09:00,J1,1218,1276,2494
2018-12-27T22:00:00+09:00,J2,667,708,1375
2018-12-27T22:00:00+09:00,J3,1149,872,2021
2018-12-27T22:00:00+09:00,J4,808,891,1699
2018-12-27T22:00:00+09:00,J5,379,406,785
2018-12-27T22:15:00+09:00,J1,1146,1332,2478
2018-12-27T22:15:00+09:00,J2,677,743,1420
2018-12-27T22:15:00+09:00,J3,953,775,1728
2018-12-27T22:15:00+09:00,J4,718,852,1570
2018-12-27T22:15:00+09:00,J5,407,409,816
2018-12-27T22:30:00+09:00,J1,1155,1260,2415
2018-12-27T22:30:00+09:00,J2,829,825,1654
2018-12-27T22:30:00+09:00,J3,983,789,1772
2018-12-27T22:30:00+09:00,J4,844,956,1800
2018-12-27T22:30:00+09:00,J5,458,443,901
2018-12-27T22:45:00+09:00,J1,1157,1322,2479
2018-12-27T22:45:00+09:00,J2,724,765,1489
2018-12-27T22:45:00+09:00,J3,904,767,1671
2018-12-27T22:45:00+09:00,J4,848,908,1756
2018-12-27T22:45:00+09:00,J5,514,444,958
2018-12-27T23:00:00+09:00,J1,1095,1276,2371
2018-12-27T23:00:00+09:00,J2,778,797,1575
2018-12-27T23:00:00+09:00,J3,882,779,1661
2018-12-27T23:00:00+09:00,J4,842,913,1755
2018-12-27T23:00:00+09:00,J5,549,482,1031
2018-12-27T23:15:00+09:00,J1,1152,1314,2466
2018-12-27T23:15:00+09:00,J2,796,772,1568
2018-12-27T23:15:00+09:00,J3,838,782,1620
2018-12-27T23:15:00+09:00,J4,768,818,1586
2018-12-27T23:15:00+09:00,J5,529,527,1056
2018-12-27T23:30:00+09:00,J1,1193,1327,2520
2018-12-27T23:30:00+09:00,J2,754,819,1573
2018-12-27T23:30:00+09:00,J3,826,810,1636
2018-12-27T23:30:00+09:00,J4,727,811,1538
2018-12-27T23:30:00+09:00,J5,524,491,1015
2018-12-27T23:45:00+09:00,J1,1152,1268,2420
2018-12-27T23:45:00+09:00,J2,621,703,1324
2018-12-27T23:45:00+09:00,J3,835,670,1505
2018-12-27T23:45:00+09:00,J4,725,727,1452
2018-12-27T23:45:00+09:00,J5,494,504,998
2018-12-28T00:00:00+09:00,J1,1001,1097,2098
2018-12-28T00:00:00+09:00,J2,738,698,1436
2018-12-28T00:00:00+09:00,J3,713,537,1250
2018-12-28T00:00:00+09:00,J4,650,748,1398
2018-12-28T00:00:00+09:00,J5,622,573,1195
2018-12-28T00:15:00+09:00,J1,799,850,1649
2018-12-28T00:15:00+09:00,J2,814,679,1493
2018-12-28T00:15:00+09:00,J3,781,740,1521
2018-12-28T00:15:00+09:00,J4,614,623,1237
2018-12-28T00:15:00+09:00,J5,538,569,1107
2018-12-28T00:30:00+09:00,J1,798,811,1609
2018-12-28T00:30:00+09:00,J2,771,746,1517
2018-12-28T00:30:00+09:00,J3,919,865,1784
2018-12-28T00:30:00+09:00,J4,796,780,1576
2018-12-28T00:30:00+09:00,J5,519,512,1031
2018-12-28T00:45:00+09:00,J1,799,749,1548
2018-12-28T00:45:00+09:00,J2,744,697,1441
2018-12-28T00:45:00+09:00,J3,853,824,1677
2018-12-28T00:45:00+09:00,J4,960,821,1781
2018-12-28T00:45:00+09:00,J5,532,532,1064
2018-12-28T05:45:00+09:00,J1,694,785,1479
2018-12-28T05:45:00+09:00,J2,713,818,1531
2018-12-28T05:45:00+09:00,J3,953,676,1629
2018-12-28T05:45:00+09:00,J4,810,831,1641
2018-12-28T05:45:00+09:00,J5,544,550,1094
2018-12-28T06:00:00+09:00,J1,867,892,1759
2018-12-28T06:00:00+09:00,J2,820,800,1620
2018-12-28T06:00:00+09:00,J3,1033,797,1830
2018-12-28T06:00:00+09:00,J4,788,767,1555
2018-12-28T06:00:00+09:00,J5,524,520,1044
2018-12-28T06:15:00+09:00,J1,871,994,1865
2018-12-28T06:15:00+09:00,J2,777,662,1439
2018-12-28T06:15:00+09:00,J3,1045,862,1907
2018-12-28T06:15:00+09:00,J4,802,801,1603
2018-12-28T06:15:00+09:00,J5,604,596,1200
2018-12-28T06:30:00+09:00,J1,1078,1084,2162
2018-12-28T06:30:00+09:00,J2,785,665,1450
2018-12-28T06:30:00+09:00,J3,1045,820,1865
2018-12-28T06:30:00+09:00,J4,820,781,1601
2018-12-28T06:30:00+09:00,J5,595,579,1174
2018-12-28T06:45:00+09:00,J1,1037,1078,2115
2018-12-28T06:45:00+09:00,J2,843,783,1626
2018-12-28T06:45:00+09:00,J3,1002,818,1820
2018-12-28T06:45:00+09:00,J4,860,822,1682
2018-12-28T06:45:00+09:00,J5,632,581,1213
2018-12-28T07:00:00+09:00,J1,1086,1169,2255
2018-12-28T07:00:00+09:00,J2,683,783,1466
2018-12-28T07:00:00+09:00,J3,937,778,1715
2018-12-28T07:00:00+09:00,J4,890,882,1772
2018-12-28T07:00:00+09:00,J5,711,677,1388
2018-12-28T07:15:00+09:00,J1,1216,1271,2487
2018-12-28T07:15:00+09:00,J2,724,724,1448
2018-12-28T07:15:00+09:00,J3,1144,836,1980
2018-12-28T07:15:00+09:00,J4,871,935,1806
2018-12-28T07:15:00+09:00,J5,753,696,1449
2018-12-28T07:30:00+09:00,J1,1169,1289,2458
2018-12-28T07:30:00+09:00,J2,798,690,1488
2018-12-28T07:30:00+09:00,J3,1302,1144,2446
2018-12-28T07:30:00+09:00,J4,892,982,1874
2018-12-28T07:30:00+09:00,J5,591,564,1155
2018-12-28T07:45:00+09:00,J1,1262,1352,2614
2018-12-28T07:45:00+09:00,J2,832,733,1565
2018-12-28T07:45:00+09:00,J3,1461,1243,2704
2018-12-28T07:45:00+09:00,J4,1072,1139,2211
2018-12-28T07:45:00+09:00,J5,632,633,1265
2018-12-28T08:00:00+09:00,J1,1382,1436,2818
2018-12-28T08:00:00+09:00,J2,845,788,1633
2018-12-28T08:00:00+09:00,J3,1445,1409,2854
2018-12-28T08:00:00+09:00,J4,1013,1181,2194
2018-12-28T08:00:00+09:00,J5,597,583,1180
2018-12-28T08:15:00+09:00,J1,1432,1369,2801
2018-12-28T08:15:00+09:00,J2,1221,833,2054
2018-12-28T08:15:00+09:00,J3,1551,1418,2969
2018-12-28T08:15:00+09:00,J4,964,1220,2184
2018-12-28T08:15:00+09:00,J5,614,610,1224
2018-12-28T08:30:00+09:00,J1,1441,1351,2792
2018-12-28T08:30:00+09:00,J2,1116,672,1788
2018-12-28T08:30:00+09:00,J3,1473,1456,2929
2018-12-28T08:30:00+09:00,J4,890,1204,2094
2018-12-28T08:30:00+09:00,J5,589,606,1195
2018-12-28T08:45:00+09:00,J1,1284,1319,2603
2018-12-28T08:45:00+09:00,J2,750,772,1522
2018-12-28T08:45:00+09:00,J3,1465,1298,2763
2018-12-28T08:45:00+09:00,J4,912,1076,1988
2018-12-28T08:45:00+09:00,J5,487,491,978
2018-12-28T09:00:00+09:00,J1,1322,1383,2705
2018-12-28T09:00:00+09:00,J2,913,678,1591
2018-12-28T09:00:00+09:00,J3,1378,1216,2594
2018-12-28T09:00:00+09:00,J4,812,923,1735
2018-12-28T09:00:00+09:00,J5,599,546,1145
2018-12-28T09:15:00+09:00,J1,1296,1329,2625
2018-12-28T09:15:00+09:00,J2,717,706,1423
2018-12-28T09:15:00+09:00,J3,1169,1113,2282
2018-12-28T09:15:00+09:00,J4,900,951,1851
2018-12-28T09:15:00+09:00,J5,674,617,1291
2018-12-28T09:30:00+09:00,J1,1311,1336,2647
2018-12-28T09:30:00+09:00,J2,697,615,1312
2018-12-28T09:30:00+09:00,J3,1182,1145,2327
2018-12-28T09:30:00+09:00,J4,938,928,1866
2018-12-28T09:30:00+09:00,J5,645,623,1268
2018-12-28T09:45:00+09:00,J1,1315,1330,2645
2018-12-28T09:45:00+09:00,J2,652,578,1230
2018-12-28T09:45:00+09:00,J3,1281,1175,2456
2018-12-28T09:45:00+09:00,J4,865,943,1808
2018-12-28T09:45:00+09:00,J5,561,538,1099
2018-12-28T10:00:00+09:00,J1,1361,1416,2777
2018-12-28T10:00:00+09:00,J2,715,622,1337
2018-12-28T10:00:00+09:00,J3,1308,1213,2521
2018-12-28T10:00:00+09:00,J4,928,924,1852
2018-12-28T10:00:00+09:00,J5,535,506,1041
2018-12-28T10:15:00+09:00,J1,1287,1360,2647
2018-12-28T10:15:00+09:00,J2,712,616,1328
2018-12-28T10:15:00+09:00,J3,1252,1129,2381
2018-12-28T10:15:00+09:00,J4,818,924,1742
2018-12-28T10:15:00+09:00,J5,520,497,1017
2018-12-28T10:30:00+09:00,J1,1258,1392,2650
2018-12-28T10:30:00+09:00,J2,702,648,1350
2018-12-28T10:30:00+09:00,J3,1208,1131,2339
2018-12-28T10:30:00+09:00,J4,789,946,1735
2018-12-28T10:30:00+09:00,J5,558,583,1141
2018-12-28T10:45:00+09:00,J1,1336,1419,2755
2018-12-28T10:45:00+09:00,J2,662,696,1358
2018-12-28T10:45:00+09:00,J3,1245,1045,2290
2018-12-28T10:45:00+09:00,J4,861,868,1729
2018-12-28T10:45:00+09:00,J5,581,614,1195
2018-12-28T11:00:00+09:00,J1,1378,1359,2737
2018-12-28T11:00:00+09:00,J2,689,695,1384
2018-12-28T11:00:00+09:00,J3,1076,1051,2127
2018-12-28T11:00:00+09:00,J4,821,890,1711
2018-12-28T11:00:00+09:00,J5,593,578,1171
2018-12-28T11:15:00+09:00,J1,1335,1489,2824
2018-12-28T11:15:00+09:00,J2,752,766,1518
2018-12-28T11:15:00+09:00,J3,1186,1160,2346
2018-12-28T11:15:00+09:00,J4,761,842,1603
2018-12-28T11:15:00+09:00,J5,540,500,1040
2018-12-28T11:30:00+09:00,J1,1324,1448,2772
2018-12-28T11:30:00+09:00,J2,755,666,1421
2018-12-28T11:30:00+09:00,J3,1143,1111,2254
2018-12-28T11:30:00+09:00,J4,780,895,1675
2018-12-28T11:30:00+09:00,J5,520,432,952
2018-12-28T11:45:00+09:00,J1,1224,1401,2625
2018-12-28T11:45:00+09:00,J2,750,734,1484
2018-12-28T11:45:00+09:00,J3,1288,1180,2468
2018-12-28T11:45:00+09:00,J4,901,878,1779
2018-12-28T11:45:00+09:00,J5,494,394,888
2018-12-28T12:00:00+09:00,J1,1292,1413,2705
2018-12-28T12:00:00+09:00,J2,748,860,1608
2018-12-28T12:00:00+09:00,J3,1401,1197,2598
2018-12-28T12:00:00+09:00,J4,831,945,1776
2018-12-28T12:00:00+09:00,J5,494,465,959
2018-12-28T12:15:00+09:00,J1,1270,1441,2711
2018-12-28T12:15:00+09:00,J2,882,821,1703
2018-12-28T12:15:00+09:00,J3,1363,1214,2577
2018-12-28T12:15:00+09:00,J4,850,879,1729
2018-12-28T12:15:00+09:00,J5,541,594,1135
2018-12-28T12:30:00+09:00,J1,1292,1448,2740
2018-12-28T12:30:00+09:00,J2,877,795,1672
2018-12-28T12:30:00+09:00,J3,1354,1241,2595
2018-12-28T12:30:00+09:00,J4,876,1016,1892
2018-12-28T12:30:00+09:00,J5,516,508,1024
2018-12-28T12:45:00+09:00,J1,1004,1189,2193
2018-12-28T12:45:00+09:00,J2,711,624,1335
2018-12-28T12:45:00+09:00,J3,1065,958,2023
2018-12-28T12:45:00+09:00,J4,690,778,1468
2018-12-28T12:45:00+09:00,J5,399,368,767
2018-12-28T13:00:00+09:00,J1,1515,1719,3234
2018-12-28T13:00:00+09:00,J2,952,924,1876
2018-12-28T13:00:00+09:00,J3,1511,1348,2859
2018-12-28T13:00:00+09:00,J4,1062,1124,2186
2018-12-28T13:00:00+09:00,J5,597,615,1212
2018-12-28T13:15:00+09:00,J1,1214,1508,2722
2018-12-28T13:15:00+09:00,J2,723,796,1519
2018-12-28T13:15:00+09:00,J3,1274,1050,2324
2018-12-28T13:15:00+09:00,J4,788,905,1693
2018-12-28T13:15:00+09:00,J5,510,515,1025
2018-12-28T13:30:00+09:00,J1,1276,1458,2734
2018-12-28T13:30:00+09:00,J2,728,847,1575
2018-12-28T13:30:00+09:00,J3,1242,1015,2257
2018-12-28T13:30:00+09:00,J4,866,963,1829
2018-12-28T13:30:00+09:00,J5,476,482,958
2018-12-28T13:45:00+09:00,J1,1268,1426,2694
2018-12-28T13:45:00+09:00,J2,746,850,1596
2018-12-28T13:45:00+09:00,J3,1274,1056,2330
2018-12-28T13:45:00+09:00,J4,850,993,1843
2018-12-28T13:45:00+09:00,J5,448,472,920
2018-12-28T14:00:00+09:00,J1,1203,1416,2619
2018-12-28T14:00:00+09:00,J2,810,846,1656
2018-12-28T14:00:00+09:00,J3,1312,1057,2369
2018-12-28T14:00:00+09:00,J4,830,905,1735
2018-12-28T14:00:00+09:00,J5,448,442,890
2018-12-28T14:15:00+09:00,J1,1253,1467,2720
2018-12-28T14:15:00+09:00,J2,789,830,1619
2018-12-28T14:15:00+09:00,J3,1228,1023,2251
2018-12-28T14:15:00+09:00,J4,835,843,1678
2018-12-28T14:15:00+09:00,J5,509,429,938
2018-12-28T14:30:00+09:00,J1,1242,1507,2749
2018-12-28T14:30:00+09:00,J2,768,863,1631
2018-12-28T14:30:00+09:00,J3,1279,1057,2336
2018-12-28T14:30:00+09:00,J4,789,849,1638
2018-12-28T14:30:00+09:00,J5,427,457,884
2018-12-28T14:45:00+09:00,J1,1224,1422,2646
2018-12-28T14:45:00+09:00,J2,781,803,1584
2018-12-28T14:45:00+09:00,J3,1241,988,2229
2018-12-28T14:45:00+09:00,J4,771,807,1578
2018-12-28T14:45:00+09:00,J5,449,413,862
2018-12-28T15:00:00+09:00,J1,1202,1499,2701
2018-12-28T15:00:00+09:00,J2,734,840,1574
2018-12-28T15:00:00+09:00,J3,1206,1078,2284
2018-12-28T15:00:00+09:00,J4,757,849,1606
2018-12-28T15:00:00+09:00,J5,455,467,922
2018-12-28T15:15:00+09:00,J1,1206,1457,2663
2018-12-28T15:15:00+09:00,J2,731,906,1637
2018-12-28T15:15:00+09:00,J3,1205,1076,2281
2018-12-28T15:15:00+09:00,J4,824,805,1629
2018-12-28T15:15:00+09:00,J5,441,451,892
2018-12-28T15:30:00+09:00,J1,1223,1412,2635
2018-12-28T15:30:00+09:00,J2,796,808,1604
2018-12-28T15:30:00+09:00,J3,1271,1037,2308
2018-12-28T15:30:00+09:00,J4,822,835,1657
2018-12-28T15:30:00+09:00,J5,475,486,961
2018-12-28T15:45:00+09:00,J1,1223,1475,2698
2018-12-28T15:45:00+09:00,J2,785,789,1574
2018-12-28T15:45:00+09:00,J3,1169,1047,2216
2018-12-28T15:45:00+09:00,J4,822,823,1645
2018-12-28T15:45:00+09:00,J5,457,380,837
2018-12-28T16:00:00+09:00,J1,1277,1384,2661
2018-12-28T16:00:00+09:00,J2,752,773,1525
2018-12-28T16:00:00+09:00,J3,1216,1055,2271
2018-12-28T16:00:00+09:00,J4,787,834,1621
2018-12-28T16:00:00+09:00,J5,526,439,965
2018-12-28T16:15:00+09:00,J1,1281,1453,2734
2018-12-28T16:15:00+09:00,J2,814,813,1627
2018-12-28T16:15:00+09:00,J3,1183,1083,2266
2018-12-28T16:15:00+09:00,J4,894,817,1711
2018-12-28T16:15:00+09:00,J5,483,460,943
2018-12-28T16:30:00+09:00,J1,1212,1399,2611
2018-12-28T16:30:00+09:00,J2,860,799,1659
2018-12-28T16:30:00+09:00,J3,1442,1157,2599
2018-12-28T16:30:00+09:00,J4,927,940,1867
2018-12-28T16:30:00+09:00,J5,520,459,979
2018-12-28T16:45:00+09:00,J1,1206,1423,2629
2018-12-28T16:45:00+09:00,J2,910,922,1832
2018-12-28T16:45:00+09:00,J3,1293,1276,2569
2018-12-28T16:45:00+09:00,J4,822,874,1696
2018-12-28T16:45:00+09:00,J5,506,456,962
2018-12-28T17:00:00+09:00,J1,1194,1473,2667
2018-12-28T17:00:00+09:00,J2,962,988,1950
2018-12-28T17:00:00+09:00,J3,1549,1193,2742
2018-12-28T17:00:00+09:00,J4,888,940,1828
2018-12-28T17:00:00+09:00,J5,598,524,1122
2018-12-28T17:15:00+09:00,J1,1268,1525,2793
2018-12-28T17:15:00+09:00,J2,1153,997,2150
2018-12-28T17:15:00+09:00,J3,1610,1207,2817
2018-12-28T17:15:00+09:00,J4,1195,931,2126
2018-12-28T17:15:00+09:00,J5,679,579,1258
2018-12-28T17:30:00+09:00,J1,1287,1502,2789
2018-12-28T17:30:00+09:00,J2,1101,870,1971
2018-12-28T17:30:00+09:00,J3,1599,1148,2747
2018-12-28T17:30:00+09:00,J4,1120,964,2084
2018-12-28T17:30:00+09:00,J5,752,731,1483
2018-12-28T17:45:00+09:00,J1,1307,1447,2754
2018-12-28T17:45:00+09:00,J2,1074,929,2003
2018-12-28T17:45:00+09:00,J3,1481,1224,2705
2018-12-28T17:45:00+09:00,J4,1211,879,2090
2018-12-28T17:45:00+09:00,J5,766,884,1650
2018-12-28T18:00:00+09:00,J1,1270,1502,2772
2018-12-28T18:00:00+09:00,J2,1003,1042,2045
2018-12-28T18:00:00+09:00,J3,1547,1384,2931
2018-12-28T18:00:00+09:00,J4,1199,880,2079
2018-12-28T18:00:00+09:00,J5,674,878,1552
2018-12-28T18:15:00+09:00,J1,1308,1477,2785
2018-12-28T18:15:00+09:00,J2,969,1029,1998
2018-12-28T18:15:00+09:00,J3,1559,1265,2824
2018-12-28T18:15:00+09:00,J4,1081,801,1882
2018-12-28T18:15:00+09:00,J5,650,843,1493
2018-12-28T18:30:00+09:00,J1,1289,1413,2702
2018-12-28T18:30:00+09:00,J2,1100,967,2067
2018-12-28T18:30:00+09:00,J3,1638,1208,2846
2018-12-28T18:30:00+09:00,J4,1049,780,1829
2018-12-28T18:30:00+09:00,J5,692,732,1424
2018-12-28T18:45:00+09:00,J1,1306,1528,2834
2018-12-28T18:45:00+09:00,J2,881,1032,1913
2018-12-28T18:45:00+09:00,J3,1539,1137,2676
2018-12-28T18:45:00+09:00,J4,877,805,1682
2018-12-28T18:45:00+09:00,J5,677,772,1449
2018-12-28T19:00:00+09:00,J1,1231,1348,2579
2018-12-28T19:00:00+09:00,J2,860,791,1651
2018-12-28T19:00:00+09:00,J3,1532,1205,2737
2018-12-28T19:00:00+09:00,J4,942,911,1853
2018-12-28T19:00:00+09:00,J5,613,673,1286
2018-12-28T19:15:00+09:00,J1,1221,1437,2658
2018-12-28T19:15:00+09:00,J2,784,745,1529
2018-12-28T19:15:00+09:00,J3,1507,1196,2703
2018-12-28T19:15:00+09:00,J4,902,962,1864
2018-12-28T19:15:00+09:00,J5,603,715,1318
2018-12-28T19:30:00+09:00,J1,1213,1420,2633
2018-12-28T19:30:00+09:00,J2,744,730,1474
2018-12-28T19:30:00+09:00,J3,1382,1255,2637
2018-12-28T19:30:00+09:00,J4,815,816,1631
2018-12-28T19:30:00+09:00,J5,599,615,1214
2018-12-28T19:45:00+09:00,J1,1198,1422,2620
2018-12-28T19:45:00+09:00,J2,807,733,1540
2018-12-28T19:45:00+09:00,J3,1423,1156,2579
2018-12-28T19:45:00+09:00,J4,738,724,1462
2018-12-28T19:45:00+09:00,J5,519,613,1132
2018-12-28T20:00:00+09:00,J1,1173,1366,2539
2018-12-28T20:00:00+09:00,J2,846,825,1671
2018-12-28T20:00:00+09:00,J3,1449,1180,2629
2018-12-28T20:00:00+09:00,J4,743,821,1564
2018-12-28T20:00:00+09:00,J5,562,593,1155
2018-12-28T20:15:00+09:00,J1,1177,1369,2546
2018-12-28T20:15:00+09:00,J2,780,695,1475
2018-12-28T20:15:00+09:00,J3,1462,1262,2724
2018-12-28T20:15:00+09:00,J4,820,774,1594
2018-12-28T20:15:00+09:00,J5,582,594,1176
2018-12-28T20:30:00+09:00,J1,1150,1403,2553
2018-12-28T20:30:00+09:00,J2,624,634,1258
2018-12-28T20:30:00+09:00,J3,1291,1208,2499
2018-12-28T20:30:00+09:00,J4,739,733,1472
2018-12-28T20:30:00+09:00,J5,529,569,1098
2018-12-28T20:45:00+09:00,J1,1233,1394,2627
2018-12-28T20:45:00+09:00,J2,664,509,1173
2018-12-28T20:45:00+09:00,J3,1345,1172,2517
2018-12-28T20:45:00+09:00,J4,740,697,1437
2018-12-28T20:45:00+09:00,J5,473,493,966
2018-12-28T21:00:00+09:00,J1,1189,1334,2523
2018-12-28T21:00:00+09:00,J2,823,726,1549
2018-12-28T21:00:00+09:00,J3,1298,1000,2298
2018-12-28T21:00:00+09:00,J4,836,845,1681
2018-12-28T21:00:00+09:00,J5,473,456,929
2018-12-28T21:15:00+09:00,J1,1131,1320,2451
2018-12-28T21:15:00+09:00,J2,769,748,1517
2018-12-28T21:15:00+09:00,J3,1188,876,2064
2018-12-28T21:15:00+09:00,J4,829,817,1646
2018-12-28T21:15:00+09:00,J5,490,478,968
2018-12-28T21:30:00+09:00,J1,1120,1360,2480
2018-12-28T21:30:00+09:00,J2,702,745,1447
2018-12-28T21:30:00+09:00,J3,1237,1085,2322
2018-12-28T21:30:00+09:00,J4,759,825,1584
2018-12-28T21:30:00+09:00,J5,391,487,878
2018-12-28T21:45:00+09:00,J1,1113,1360,2473
2018-12-28T21:45:00+09:00,J2,638,667,1305
2018-12-28T21:45:00+09:00,J3,1051,925,1976
2018-12-28T21:45:00+09:00,J4,795,890,1685
2018-12-28T21:45:00+09:00,J5,362,455,817
2018-12-28T22:00:00+09:00,J1,1163,1274,2437
2018-12-28T22:00:00+09:00,J2,621,674,1295
2018-12-28T22:00:00+09:00,J3,1072,941,2013
2018-12-28T22:00:00+09:00,J4,895,890,1785
2018-12-28T22:00:00+09:00,J5,408,417,825
2018-12-28T22:15:00+09:00,J1,1101,1323,2424
2018-12-28T22:15:00+09:00,J2,554,708,1262
2018-12-28T22:15:00+09:00,J3,1077,958,2035
2018-12-28T22:15:00+09:00,J4,857,860,1717
2018-12-28T22:15:00+09:00,J5,376,425,801
2018-12-28T22:30:00+09:00,J1,1083,1345,2428
2018-12-28T22:30:00+09:00,J2,594,786,1380
2018-12-28T22:30:00+09:00,J3,1046,906,1952
2018-12-28T22:30:00+09:00,J4,800,826,1626
2018-12-28T22:30:00+09:00,J5,394,381,775
2018-12-28T22:45:00+09:00,J1,1112,1305,2417
2018-12-28T22:45:00+09:00,J2,640,799,1439
2018-12-28T22:45:00+09:00,J3,1022,892,1914
2018-12-28T22:45:00+09:00,J4,780,834,1614
2018-12-28T22:45:00+09:00,J5,399,383,782
2018-12-28T23:00:00+09:00,J1,1103,1243,2346
2018-12-28T23:00:00+09:00,J2,629,806,1435
2018-12-28T23:00:00+09:00,J3,1108,953,2061
2018-12-28T23:00:00+09:00,J4,784,862,1646
2018-12-28T23:00:00+09:00,J5,408,383,791
2018-12-28T23:15:00+09:00,J1,1080,1306,2386
2018-12-28T23:15:00+09:00,J2,631,794,1425
2018-12-28T23:15:00+09:00,J3,998,842,1840
2018-12-28T23:15:00+09:00,J4,711,867,1578
2018-12-28T23:15:00+09:00,J5,439,360,799
2018-12-28T23:30:00+09:00,J1,1001,1327,2328
2018-12-28T23:30:00+09:00,J2,524,740,1264
2018-12-28T23:30:00+09:00,J3,1061,926,1987
2018-12-28T23:30:00+09:00,J4,865,920,1785
2018-12-28T23:30:00+09:00,J5,404,359,763
2018-12-28T23:45:00+09:00,J1,1075,1219,2294
2018-12-28T23:45:00+09:00,J2,498,643,1141
2018-12-28T23:45:00+09:00,J3,973,781,1754
2018-12-28T23:45:00+09:00,J4,763,828,1591
2018-12-28T23:45:00+09:00,J5,427,451,878
2018-12-29T00:00:00+09:00,J1,931,987,1918
2018-12-29T00:00:00+09:00,J2,517,550,1067
2018-12-29T00:00:00+09:00,J3,859,746,1605
2018-12-29T00:00:00+09:00,J4,629,684,1313
2018-12-29T00:00:00+09:00,J5,510,436,946
2018-12-29T00:15:00+09:00,J1,667,735,1402
2018-12-29T00:15:00+09:00,J2,504,515,1019
2018-12-29T00:15:00+09:00,J3,998,884,1882
2018-12-29T00:15:00+09:00,J4,570,720,1290
2018-12-29T00:15:00+09:00,J5,556,508,1064
2018-12-29T00:30:00+09:00,J1,675,662,1337
2018-12-29T00:30:00+09:00,J2,500,515,1015
2018-12-29T00:30:00+09:00,J3,971,800,1771
2018-12-29T00:30:00+09:00,J4,734,669,1403
2018-12-29T00:30:00+09:00,J5,570,518,1088
2018-12-29T00:45:00+09:00,J1,692,688,1380
2018-12-29T00:45:00+09:00,J2,432,472,904
2018-12-29T00:45:00+09:00,J3,947,864,1811
2018-12-29T00:45:00+09:00,J4,759,711,1470
2018-12-29T00:45:00+09:00,J5,506,498,1004
2018-12-29T05:45:00+09:00,J1,633,670,1303
2018-12-29T05:45:00+09:00,J2,721,658,1379
2018-12-29T05:45:00+09:00,J3,1059,846,1905
2018-12-29T05:45:00+09:00,J4,797,758,1555
2018-12-29T05:45:00+09:00,J5,567,494,1061
2018-12-29T06:00:00+09:00,J1,793,849,1642
2018-12-29T06:00:00+09:00,J2,586,605,1191
2018-12-29T06:00:00+09:00,J3,945,899,1844
2018-12-29T06:00:00+09:00,J4,833,759,1592
2018-12-29T06:00:00+09:00,J5,588,509,1097
2018-12-29T06:15:00+09:00,J1,914,989,1903
2018-12-29T06:15:00+09:00,J2,599,614,1213
2018-12-29T06:15:00+09:00,J3,900,884,1784
2018-12-29T06:15:00+09:00,J4,881,729,1610
2018-12-29T06:15:00+09:00,J5,511,480,991
2018-12-29T06:30:00+09:00,J1,904,1002,1906
2018-12-29T06:30:00+09:00,J2,528,581,1109
2018-12-29T06:30:00+09:00,J3,988,824,1812
2018-12-29T06:30:00+09:00,J4,881,730,1611
2018-12-29T06:30:00+09:00,J5,543,512,1055
2018-12-29T06:45:00+09:00,J1,1041,1069,2110
2018-12-29T06:45:00+09:00,J2,596,628,1224
2018-12-29T06:45:00+09:00,J3,974,833,1807
2018-12-29T06:45:00+09:00,J4,833,733,1566
2018-12-29T06:45:00+09:00,J5,535,569,1104
2018-12-29T07:00:00+09:00,J1,953,1035,1988
2018-12-29T07:00:00+09:00,J2,720,737,1457
2018-12-29T07:00:00+09:00,J3,971,887,1858
2018-12-29T07:00:00+09:00,J4,785,762,1547
2018-12-29T07:00:00+09:00,J5,613,574,1187
2018-12-29T07:15:00+09:00,J1,992,1073,2065
2018-12-29T07:15:00+09:00,J2,766,725,1491
2018-12-29T07:15:00+09:00,J3,927,948,1875
2018-12-29T07:15:00+09:00,J4,867,829,1696
2018-12-29T07:15:00+09:00,J5,586,579,1165
2018-12-29T07:30:00+09:00,J1,1052,1147,2199
2018-12-29T07:30:00+09:00,J2,725,659,1384
2018-12-29T07:30:00+09:00,J3,954,874,1828
2018-12-29T07:30:00+09:00,J4,844,891,1735
2018-12-29T07:30:00+09:00,J5,630,558,1188
2018-12-29T07:45:00+09:00,J1,985,1044,2029
2018-12-29T07:45:00+09:00,J2,746,703,1449
2018-12-29T07:45:00+09:00,J3,994,846,1840
2018-12-29T07:45:00+09:00,J4,872,839,1711
2018-12-29T07:45:00+09:00,J5,632,586,1218
2018-12-29T08:00:00+09:00,J1,1259,1328,2587
2018-12-29T08:00:00+09:00,J2,796,785,1581
2018-12-29T08:00:00+09:00,J3,1161,1070,2231
2018-12-29T08:00:00+09:00,J4,848,910,1758
2018-12-29T08:00:00+09:00,J5,530,486,1016
2018-12-29T08:15:00+09:00,J1,1327,1337,2664
2018-12-29T08:15:00+09:00,J2,757,768,1525
2018-12-29T08:15:00+09:00,J3,1222,1131,2353
2018-12-29T08:15:00+09:00,J4,816,910,1726
2018-12-29T08:15:00+09:00,J5,574,571,1145
2018-12-29T08:30:00+09:00,J1,1363,1376,2739
2018-12-29T08:30:00+09:00,J2,909,854,1763
2018-12-29T08:30:00+09:00,J3,1264,1147,2411
2018-12-29T08:30:00+09:00,J4,760,864,1624
2018-12-29T08:30:00+09:00,J5,524,527,1051
2018-12-29T08:45:00+09:00,J1,1275,1358,2633
2018-12-29T08:45:00+09:00,J2,878,722,1600
2018-12-29T08:45:00+09:00,J3,1281,1185,2466
2018-12-29T08:45:00+09:00,J4,734,792,1526
2018-12-29T08:45:00+09:00,J5,456,460,916
2018-12-29T09:00:00+09:00,J1,1252,1203,2455
2018-12-29T09:00:00+09:00,J2,763,751,1514
2018-12-29T09:00:00+09:00,J3,988,962,1950
2018-12-29T09:00:00+09:00,J4,664,804,1468
2018-12-29T09:00:00+09:00,J5,529,496,1025
2018-12-29T09:15:00+09:00,J1,1260,1266,2526
2018-12-29T09:15:00+09:00,J2,705,712,1417
2018-12-29T09:15:00+09:00,J3,887,806,1693
2018-12-29T09:15:00+09:00,J4,751,797,1548
2018-12-29T09:15:00+09:00,J5,560,570,1130
2018-12-29T09:30:00+09:00,J1,1210,1345,2555
2018-12-29T09:30:00+09:00,J2,662,730,1392
2018-12-29T09:30:00+09:00,J3,864,786,1650
2018-12-29T09:30:00+09:00,J4,728,842,1570
2018-12-29T09:30:00+09:00,J5,558,546,1104
2018-12-29T09:45:00+09:00,J1,1250,1280,2530
2018-12-29T09:45:00+09:00,J2,725,653,1378
2018-12-29T09:45:00+09:00,J3,1026,982,2008
2018-12-29T09:45:00+09:00,J4,816,796,1612
2018-12-29T09:45:00+09:00,J5,506,536,1042
2018-12-29T10:00:00+09:00,J1,1267,1294,2561
2018-12-29T10:00:00+09:00,J2,841,777,1618
2018-12-29T10:00:00+09:00,J3,1128,983,2111
2018-12-29T10:00:00+09:00,J4,758,811,1569
2018-12-29T10:00:00+09:00,J5,445,458,903
2018-12-29T10:15:00+09:00,J1,1327,1375,2702
2018-12-29T10:15:00+09:00,J2,795,758,1553
2018-12-29T10:15:00+09:00,J3,966,890,1856
2018-12-29T10:15:00+09:00,J4,830,849,1679
2018-12-29T10:15:00+09:00,J5,458,480,938
2018-12-29T10:30:00+09:00,J1,1256,1482,2738
2018-12-29T10:30:00+09:00,J2,889,742,1631
2018-12-29T10:30:00+09:00,J3,1096,1014,2110
2018-12-29T10:30:00+09:00,J4,805,839,1644
2018-12-29T10:30:00+09:00,J5,503,511,1014
2018-12-29T10:45:00+09:00,J1,1217,1397,2614
2018-12-29T10:45:00+09:00,J2,761,725,1486
2018-12-29T10:45:00+09:00,J3,991,970,1961
2018-12-29T10:45:00+09:00,J4,881,823,1704
2018-12-29T10:45:00+09:00,J5,508,525,1033
2018-12-29T11:00:00+09:00,J1,1223,1455,2678
2018-12-29T11:00:00+09:00,J2,734,779,1513
2018-12-29T11:00:00+09:00,J3,1278,1048,2326
2018-12-29T11:00:00+09:00,J4,936,905,1841
2018-12-29T11:00:00+09:00,J5,520,508,1028
2018-12-29T11:15:00+09:00,J1,1266,1467,2733
2018-12-29T11:15:00+09:00,J2,640,777,1417
2018-12-29T11:15:00+09:00,J3,1389,1148,2537
2018-12-29T11:15:00+09:00,J4,883,869,1752
2018-12-29T11:15:00+09:00,J5,458,420,878
2018-12-29T11:30:00+09:00,J1,1238,1462,2700
2018-12-29T11:30:00+09:00,J2,751,770,1521
2018-12-29T11:30:00+09:00,J3,1452,1159,2611
2018-12-29T11:30:00+09:00,J4,948,919,1867
2018-12-29T11:30:00+09:00,J5,424,422,846
2018-12-29T11:45:00+09:00,J1,1291,1504,2795
2018-12-29T11:45:00+09:00,J2,768,780,1548
2018-12-29T11:45:00+09:00,J3,1343,1185,2528
2018-12-29T11:45:00+09:00,J4,884,922,1806
2018-12-29T11:45:00+09:00,J5,463,443,906
2018-12-29T12:00:00+09:00,J1,1261,1316,2577
2018-12-29T12:00:00+09:00,J2,729,790,1519
2018-12-29T12:00:00+09:00,J3,1245,1100,2345
2018-12-29T12:00:00+09:00,J4,793,926,1719
2018-12-29T12:00:00+09:00,J5,441,412,853
2018-12-29T12:15:00+09:00,J1,1244,1385,2629
2018-12-29T12:15:00+09:00,J2,800,794,1594
2018-12-29T12:15:00+09:00,J3,1180,1134,2314
2018-12-29T12:15:00+09:00,J4,769,848,1617
2018-12-29T12:15:00+09:00,J5,420,412,832
2018-12-29T12:30:00+09:00,J1,1158,1368,2526
2018-12-29T12:30:00+09:00,J2,829,713,1542
2018-12-29T12:30:00+09:00,J3,1274,1142,2416
2018-12-29T12:30:00+09:00,J4,786,939,1725
2018-12-29T12:30:00+09:00,J5,424,476,900
2018-12-29T12:45:00+09:00,J1,1155,1376,2531
2018-12-29T12:45:00+09:00,J2,810,806,1616
2018-12-29T12:45:00+09:00,J3,1176,1218,2394
2018-12-29T12:45:00+09:00,J4,830,932,1762
2018-12-29T12:45:00+09:00,J5,449,491,940
2018-12-29T13:00:00+09:00,J1,1134,1463,2597
2018-12-29T13:00:00+09:00,J2,782,798,1580
2018-12-29T13:00:00+09:00,J3,1160,1181,2341
2018-12-29T13:00:00+09:00,J4,819,979,1798
2018-12-29T13:00:00+09:00,J5,478,512,990
2018-12-29T13:15:00+09:00,J1,1148,1447,2595
2018-12-29T13:15:00+09:00,J2,755,858,1613
2018-12-29T13:15:00+09:00,J3,1140,1113,2253
2018-12-29T13:15:00+09:00,J4,796,886,1682
2018-12-29T13:15:00+09:00,J5,453,493,946
2018-12-29T13:30:00+09:00,J1,1223,1420,2643
2018-12-29T13:30:00+09:00,J2,720,853,1573
2018-12-29T13:30:00+09:00,J3,1146,1101,2247
2018-12-29T13:30:00+09:00,J4,869,971,1840
2018-12-29T13:30:00+09:00,J5,506,570,1076
2018-12-29T13:45:00+09:00,J1,1203,1484,2687
2018-12-29T13:45:00+09:00,J2,710,832,1542
2018-12-29T13:45:00+09:00,J3,1193,1082,2275
2018-12-29T13:45:00+09:00,J4,949,909,1858
2018-12-29T13:45:00+09:00,J5,503,560,1063
2018-12-29T14:00:00+09:00,J1,1211,1426,2637
2018-12-29T14:00:00+09:00,J2,776,849,1625
2018-12-29T14:00:00+09:00,J3,1083,1136,2219
2018-12-29T14:00:00+09:00,J4,914,977,1891
2018-12-29T14:00:00+09:00,J5,573,588,1161
2018-12-29T14:15:00+09:00,J1,1174,1508,2682
2018-12-29T14:15:00+09:00,J2,781,795,1576
2018-12-29T14:15:00+09:00,J3,1201,1094,2295
2018-12-29T14:15:00+09:00,J4,856,963,1819
2018-12-29T14:15:00+09:00,J5,518,560,1078
2018-12-29T14:30:00+09:00,J1,1222,1430,2652
2018-12-29T14:30:00+09:00,J2,819,855,1674
2018-12-29T14:30:00+09:00,J3,1123,1088,2211
2018-12-29T14:30:00+09:00,J4,886,877,1763
2018-12-29T14:30:00+09:00,J5,513,566,1079
2018-12-29T14:45:00+09:00,J1,1095,1463,2558
2018-12-29T14:45:00+09:00,J2,812,731,1543
2018-12-29T14:45:00+09:00,J3,1165,989,2154
2018-12-29T14:45:00+09:00,J4,819,933,1752
2018-12-29T14:45:00+09:00,J5,492,569,1061
2018-12-29T15:00:00+09:00,J1,1212,1438,2650
2018-12-29T15:00:00+09:00,J2,869,861,1730
2018-12-29T15:00:00+09:00,J3,1164,1021,2185
2018-12-29T15:00:00+09:00,J4,826,820,1646
2018-12-29T15:00:00+09:00,J5,555,560,1115
2018-12-29T15:15:00+09:00,J1,1158,1386,2544
2018-12-29T15:15:00+09:00,J2,903,784,1687
2018-12-29T15:15:00+09:00,J3,1204,1057,2261
2018-12-29T15:15:00+09:00,J4,863,966,1829
2018-12-29T15:15:00+09:00,J5,530,561,1091
2018-12-29T15:30:00+09:00,J1,1211,1464,2675
2018-12-29T15:30:00+09:00,J2,952,838,1790
2018-12-29T15:30:00+09:00,J3,1243,1018,2261
2018-12-29T15:30:00+09:00,J4,759,886,1645
2018-12-29T15:30:00+09:00,J5,544,531,1075
2018-12-29T15:45:00+09:00,J1,1165,1380,2545
2018-12-29T15:45:00+09:00,J2,873,818,1691
2018-12-29T15:45:00+09:00,J3,1216,1097,2313
2018-12-29T15:45:00+09:00,J4,851,902,1753
2018-12-29T15:45:00+09:00,J5,516,550,1066
2018-12-29T16:00:00+09:00,J1,1145,1413,2558
2018-12-29T16:00:00+09:00,J2,880,694,1574
2018-12-29T16:00:00+09:00,J3,1426,1226,2652
2018-12-29T16:00:00+09:00,J4,799,842,1641
2018-12-29T16:00:00+09:00,J5,533,513,1046
2018-12-29T16:15:00+09:00,J1,1079,1451,2530
2018-12-29T16:15:00+09:00,J2,946,674,1620
2018-12-29T16:15:00+09:00,J3,1540,1263,2803
2018-12-29T16:15:00+09:00,J4,768,856,1624
2018-12-29T16:15:00+09:00,J5,511,535,1046
2018-12-29T16:30:00+09:00,J1,1153,1334,2487
2018-12-29T16:30:00+09:00,J2,998,788,1786
2018-12-29T16:30:00+09:00,J3,1566,1184,2750
2018-12-29T16:30:00+09:00,J4,807,814,1621
2018-12-29T16:30:00+09:00,J5,546,583,1129
2018-12-29T16:45:00+09:00,J1,1078,1268,2346
2018-12-29T16:45:00+09:00,J2,843,722,1565
2018-12-29T16:45:00+09:00,J3,1289,1057,2346
2018-12-29T16:45:00+09:00,J4,716,803,1519
2018-12-29T16:45:00+09:00,J5,491,518,1009
2018-12-29T17:00:00+09:00,J1,1451,1745,3196
2018-12-29T17:00:00+09:00,J2,1207,866,2073
2018-12-29T17:00:00+09:00,J3,1737,1386,3123
2018-12-29T17:00:00+09:00,J4,1020,988,2008
2018-12-29T17:00:00+09:00,J5,617,698,1315
2018-12-29T17:15:00+09:00,J1,1169,1455,2624
2018-12-29T17:15:00+09:00,J2,1114,752,1866
2018-12-29T17:15:00+09:00,J3,1656,1252,2908
2018-12-29T17:15:00+09:00,J4,1011,891,1902
2018-12-29T17:15:00+09:00,J5,580,621,1201
2018-12-29T17:30:00+09:00,J1,1308,1441,2749
2018-12-29T17:30:00+09:00,J2,1098,709,1807
2018-12-29T17:30:00+09:00,J3,1806,1169,2975
2018-12-29T17:30:00+09:00,J4,1125,864,1989
2018-12-29T17:30:00+09:00,J5,518,575,1093
2018-12-29T17:45:00+09:00,J1,1243,1422,2665
2018-12-29T17:45:00+09:00,J2,1073,784,1857
2018-12-29T17:45:00+09:00,J3,1698,1157,2855
2018-12-29T17:45:00+09:00,J4,1023,916,1939
2018-12-29T17:45:00+09:00,J5,532,562,1094
2018-12-29T18:00:00+09:00,J1,1237,1511,2748
2018-12-29T18:00:00+09:00,J2,998,780,1778
2018-12-29T18:00:00+09:00,J3,1410,1164,2574
2018-12-29T18:00:00+09:00,J4,982,882,1864
2018-12-29T18:00:00+09:00,J5,494,505,999
2018-12-29T18:15:00+09:00,J1,1245,1435,2680
2018-12-29T18:15:00+09:00,J2,886,696,1582
2018-12-29T18:15:00+09:00,J3,1433,1218,2651
2018-12-29T18:15:00+09:00,J4,827,710,1537
2018-12-29T18:15:00+09:00,J5,566,483,1049
2018-12-29T18:30:00+09:00,J1,1284,1456,2740
2018-12-29T18:30:00+09:00,J2,940,724,1664
2018-12-29T18:30:00+09:00,J3,1333,1179,2512
2018-12-29T18:30:00+09:00,J4,838,816,1654
2018-12-29T18:30:00+09:00,J5,536,505,1041
2018-12-29T18:45:00+09:00,J1,1310,1410,2720
2018-12-29T18:45:00+09:00,J2,935,758,1693
2018-12-29T18:45:00+09:00,J3,1368,1024,2392
2018-12-29T18:45:00+09:00,J4,860,905,1765
2018-12-29T18:45:00+09:00,J5,553,579,1132
2018-12-29T19:00:00+09:00,J1,1205,1369,2574
2018-12-29T19:00:00+09:00,J2,877,724,1601
2018-12-29T19:00:00+09:00,J3,1318,1062,2380
2018-12-29T19:00:00+09:00,J4,917,883,1800
2018-12-29T19:00:00+09:00,J5,528,482,1010
2018-12-29T19:15:00+09:00,J1,1182,1427,2609
2018-12-29T19:15:00+09:00,J2,839,796,1635
2018-12-29T19:15:00+09:00,J3,1355,1129,2484
2018-12-29T19:15:00+09:00,J4,772,887,1659
2018-12-29T19:15:00+09:00,J5,525,541,1066
2018-12-29T19:30:00+09:00,J1,1142,1270,2412
2018-12-29T19:30:00+09:00,J2,809,813,1622
2018-12-29T19:30:00+09:00,J3,1105,1006,2111
2018-12-29T19:30:00+09:00,J4,748,791,1539
2018-12-29T19:30:00+09:00,J5,457,482,939
2018-12-29T19:45:00+09:00,J1,1160,1293,2453
2018-12-29T19:45:00+09:00,J2,747,769,1516
2018-12-29T19:45:00+09:00,J3,1219,1005,2224
2018-12-29T19:45:00+09:00,J4,864,855,1719
2018-12-29T19:45:00+09:00,J5,481,490,971
2018-12-29T20:00:00+09:00,J1,1157,1364,2521
2018-12-29T20:00:00+09:00,J2,830,780,1610
2018-12-29T20:00:00+09:00,J3,1118,969,2087
2018-12-29T20:00:00+09:00,J4,739,816,1555
2018-12-29T20:00:00+09:00,J5,467,489,956
2018-12-29T20:15:00+09:00,J1,1145,1421,2566
2018-12-29T20:15:00+09:00,J2,804,792,1596
2018-12-29T20:15:00+09:00,J3,1223,1055,2278
2018-12-29T20:15:00+09:00,J4,695,773,1468
2018-12-29T20:15:00+09:00,J5,506,494,1000
2018-12-29T20:30:00+09:00,J1,1125,1368,2493
2018-12-29T20:30:00+09:00,J2,877,774,1651
2018-12-29T20:30:00+09:00,J3,1306,1154,2460
2018-12-29T20:30:00+09:00,J4,753,924,1677
2018-12-29T20:30:00+09:00,J5,450,475,925
2018-12-29T20:45:00+09:00,J1,1242,1249,2491
2018-12-29T20:45:00+09:00,J2,779,786,1565
2018-12-29T20:45:00+09:00,J3,1101,1025,2126
2018-12-29T20:45:00+09:00,J4,811,848,1659
2018-12-29T20:45:00+09:00,J5,474,476,950
2018-12-29T21:00:00+09:00,J1,1182,1289,2471
2018-12-29T21:00:00+09:00,J2,728,754,1482
2018-12-29T21:00:00+09:00,J3,1113,920,2033
2018-12-29T21:00:00+09:00,J4,830,833,1663
2018-12-29T21:00:00+09:00,J5,503,511,1014
2018-12-29T21:15:00+09:00,J1,1162,1299,2461
2018-12-29T21:15:00+09:00,J2,687,690,1377
2018-12-29T21:15:00+09:00,J3,1217,918,2135
2018-12-29T21:15:00+09:00,J4,862,889,1751
2018-12-29T21:15:00+09:00,J5,437,534,971
2018-12-29T21:30:00+09:00,J1,1097,1251,2348
2018-12-29T21:30:00+09:00,J2,635,663,1298
2018-12-29T21:30:00+09:00,J3,1049,957,2006
2018-12-29T21:30:00+09:00,J4,834,844,1678
2018-12-29T21:30:00+09:00,J5,425,453,878
2018-12-29T21:45:00+09:00,J1,1140,1280,2420
2018-12-29T21:45:00+09:00,J2,635,660,1295
2018-12-29T21:45:00+09:00,J3,1100,962,2062
2018-12-29T21:45:00+09:00,J4,774,853,1627
2018-12-29T21:45:00+09:00,J5,423,476,899
2018-12-29T22:00:00+09:00,J1,1158,1333,2491
2018-12-29T22:00:00+09:00,J2,742,768,1510
2018-12-29T22:00:00+09:00,J3,947,823,1770
2018-12-29T22:00:00+09:00,J4,788,872,1660
2018-12-29T22:00:00+09:00,J5,433,427,860
2018-12-29T22:15:00+09:00,J1,1136,1312,2448
2018-12-29T22:15:00+09:00,J2,643,756,1399
2018-12-29T22:15:00+09:00,J3,927,809,1736
2018-12-29T22:15:00+09:00,J4,858,930,1788
2018-12-29T22:15:00+09:00,J5,389,428,817
2018-12-29T22:30:00+09:00,J1,1124,1273,2397
2018-12-29T22:30:00+09:00,J2,646,737,1383
2018-12-29T22:30:00+09:00,J3,897,880,1777
2018-12-29T22:30:00+09:00,J4,904,888,1792
2018-12-29T22:30:00+09:00,J5,475,443,918
2018-12-29T22:45:00+09:00,J1,1142,1257,2399
2018-12-29T22:45:00+09:00,J2,687,774,1461
2018-12-29T22:45:00+09:00,J3,876,826,1702
2018-12-29T22:45:00+09:00,J4,955,811,1766
2018-12-29T22:45:00+09:00,J5,434,425,859
2018-12-29T23:00:00+09:00,J1,1122,1220,2342
2018-12-29T23:00:00+09:00,J2,687,791,1478
2018-12-29T23:00:00+09:00,J3,999,1008,2007
2018-12-29T23:00:00+09:00,J4,864,846,1710
2018-12-29T23:00:00+09:00,J5,474,450,924
2018-12-29T23:15:00+09:00,J1,1133,1224,2357
2018-12-29T23:15:00+09:00,J2,654,709,1363
2018-12-29T23:15:00+09:00,J3,961,801,1762
2018-12-29T23:15:00+09:00,J4,814,881,1695
2018-12-29T23:15:00+09:00,J5,471,472,943
2018-12-29T23:30:00+09:00,J1,1054,1205,2259
2018-12-29T23:30:00+09:00,J2,676,713,1389
2018-12-29T23:30:00+09:00,J3,992,892,1884
2018-12-29T23:30:00+09:00,J4,829,906,1735
2018-12-29T23:30:00+09:00,J5,424,469,893
2018-12-29T23:45:00+09:00,J1,1065,1213,2278
2018-12-29T23:45:00+09:00,J2,672,691,1363
2018-12-29T23:45:00+09:00,J3,886,743,1629
2018-12-29T23:45:00+09:00,J4,801,823,1624
2018-12-29T23:45:00+09:00,J5,518,434,952
2018-12-30T00:00:00+09:00,J1,937,966,1903
2018-12-30T00:00:00+09:00,J2,828,754,1582
2018-12-30T00:00:00+09:00,J3,709,673,1382
2018-12-30T00:00:00+09:00,J4,639,681,1320
2018-12-30T00:00:00+09:00,J5,542,448,990
2018-12-30T00:15:00+09:00,J1,689,716,1405
2018-12-30T00:15:00+09:00,J2,753,682,1435
2018-12-30T00:15:00+09:00,J3,908,794,1702
2018-12-30T00:15:00+09:00,J4,634,742,1376
2018-12-30T00:15:00+09:00,J5,545,505,1050
2018-12-30T00:30:00+09:00,J1,664,688,1352
2018-12-30T00:30:00+09:00,J2,800,756,1556
2018-12-30T00:30:00+09:00,J3,969,858,1827
2018-12-30T00:30:00+09:00,J4,650,634,1284
2018-12-30T00:30:00+09:00,J5,602,488,1090
2018-12-30T00:45:00+09:00,J1,668,690,1358
2018-12-30T00:45:00+09:00,J2,795,778,1573
2018-12-30T00:45:00+09:00,J3,931,817,1748
2018-12-30T00:45:00+09:00,J4,642,606,1248
2018-12-30T00:45:00+09:00,J5,577,524,1101
2018-12-30T05:45:00+09:00,J1,655,786,1441
2018-12-30T05:45:00+09:00,J2,776,701,1477
2018-12-30T05:45:00+09:00,J3,923,778,1701
2018-12-30T05:45:00+09:00,J4,827,823,1650
2018-12-30T05:45:00+09:00,J5,551,544,1095
2018-12-30T06:00:00+09:00,J1,712,812,1524
2018-12-30T06:00:00+09:00,J2,695,640,1335
2018-12-30T06:00:00+09:00,J3,899,888,1787
2018-12-30T06:00:00+09:00,J4,827,749,1576
2018-12-30T06:00:00+09:00,J5,567,535,1102
2018-12-30T06:15:00+09:00,J1,835,920,1755
2018-12-30T06:15:00+09:00,J2,646,695,1341
2018-12-30T06:15:00+09:00,J3,929,883,1812
2018-12-30T06:15:00+09:00,J4,829,734,1563
2018-12-30T06:15:00+09:00,J5,482,429,911
2018-12-30T06:30:00+09:00,J1,772,782,1554
2018-12-30T06:30:00+09:00,J2,526,518,1044
2018-12-30T06:30:00+09:00,J3,830,694,1524
2018-12-30T06:30:00+09:00,J4,630,606,1236
2018-12-30T06:30:00+09:00,J5,454,397,851
2018-12-30T06:45:00+09:00,J1,1175,1160,2335
2018-12-30T06:45:00+09:00,J2,842,762,1604
2018-12-30T06:45:00+09:00,J3,1164,1056,2220
2018-12-30T06:45:00+09:00,J4,991,955,1946
2018-12-30T06:45:00+09:00,J5,636,642,1278
2018-12-30T07:00:00+09:00,J1,1098,1025,2123
2018-12-30T07:00:00+09:00,J2,714,728,1442
2018-12-30T07:00:00+09:00,J3,1028,782,1810
2018-12-30T07:00:00+09:00,J4,816,752,1568
2018-12-30T07:00:00+09:00,J5,600,534,1134
2018-12-30T07:15:00+09:00,J1,961,1020,1981
2018-12-30T07:15:00+09:00,J2,610,642,1252
2018-12-30T07:15:00+09:00,J3,1058,878,1936
2018-12-30T07:15:00+09:00,J4,831,807,1638
2018-12-30T07:15:00+09:00,J5,608,522,1130
2018-12-30T07:30:00+09:00,J1,1042,1021,2063
2018-12-30T07:30:00+09:00,J2,699,648,1347
2018-12-30T07:30:00+09:00,J3,1056,846,1902
2018-12-30T07:30:00+09:00,J4,804,785,1589
2018-12-30T07:30:00+09:00,J5,659,557,1216
2018-12-30T07:45:00+09:00,J1,1028,1036,2064
2018-12-30T07:45:00+09:00,J2,684,648,1332
2018-12-30T07:45:00+09:00,J3,1004,813,1817
2018-12-30T07:45:00+09:00,J4,853,765,1618
2018-12-30T07:45:00+09:00,J5,569,594,1163
2018-12-30T08:00:00+09:00,J1,1305,1345,2650
2018-12-30T08:00:00+09:00,J2,915,860,1775
2018-12-30T08:00:00+09:00,J3,1175,1103,2278
2018-12-30T08:00:00+09:00,J4,810,876,1686
2018-12-30T08:00:00+09:00,J5,515,490,1005
2018-12-30T08:15:00+09:00,J1,1262,1359,2621
2018-12-30T08:15:00+09:00,J2,798,681,1479
2018-12-30T08:15:00+09:00,J3,1213,1128,2341
2018-12-30T08:15:00+09:00,J4,891,901,1792
2018-12-30T08:15:00+09:00,J5,568,561,1129
2018-12-30T08:30:00+09:00,J1,1193,1372,2565
2018-12-30T08:30:00+09:00,J2,863,801,1664
2018-12-30T08:30:00+09:00,J3,1148,1020,2168
2018-12-30T08:30:00+09:00,J4,892,938,1830
2018-12-30T08:30:00+09:00,J5,506,449,955
2018-12-30T08:45:00+09:00,J1,1241,1401,2642
2018-12-30T08:45:00+09:00,J2,935,812,1747
2018-12-30T08:45:00+09:00,J3,1175,1153,2328
2018-12-30T08:45:00+09:00,J4,849,902,1751
2018-12-30T08:45:00+09:00,J5,468,371,839
2018-12-30T09:00:00+09:00,J1,1128,1206,2334
2018-12-30T09:00:00+09:00,J2,743,753,1496
2018-12-30T09:00:00+09:00,J3,963,878,1841
2018-12-30T09:00:00+09:00,J4,817,816,1633
2018-12-30T09:00:00+09:00,J5,500,467,967
2018-12-30T09:15:00+09:00,J1,1245,1320,2565
2018-12-30T09:15:00+09:00,J2,657,706,1363
2018-12-30T09:15:00+09:00,J3,965,912,1877
2018-12-30T09:15:00+09:00,J4,808,840,1648
2018-12-30T09:15:00+09:00,J5,410,448,858
2018-12-30T09:30:00+09:00,J1,1334,1331,2665
2018-12-30T09:30:00+09:00,J2,607,552,1159
2018-12-30T09:30:00+09:00,J3,943,1000,1943
2018-12-30T09:30:00+09:00,J4,911,819,1730
2018-12-30T09:30:00+09:00,J5,447,503,950
2018-12-30T09:45:00+09:00,J1,1320,1340,2660
2018-12-30T09:45:00+09:00,J2,571,472,1043
2018-12-30T09:45:00+09:00,J3,990,931,1921
2018-12-30T09:45:00+09:00,J4,828,822,1650
2018-12-30T09:45:00+09:00,J5,403,393,796
2018-12-30T10:00:00+09:00,J1,1241,1324,2565
2018-12-30T10:00:00+09:00,J2,575,549,1124
2018-12-30T10:00:00+09:00,J3,933,861,1794
2018-12-30T10:00:00+09:00,J4,864,904,1768
2018-12-30T10:00:00+09:00,J5,446,420,866
2018-12-30T10:15:00+09:00,J1,1156,1260,2416
2018-12-30T10:15:00+09:00,J2,641,625,1266
2018-12-30T10:15:00+09:00,J3,985,987,1972
2018-12-30T10:15:00+09:00,J4,917,908,1825
2018-12-30T10:15:00+09:00,J5,360,412,772
2018-12-30T10:30:00+09:00,J1,1182,1298,2480
2018-12-30T10:30:00+09:00,J2,641,573,1214
2018-12-30T10:30:00+09:00,J3,1175,1139,2314
2018-12-30T10:30:00+09:00,J4,995,916,1911
2018-12-30T10:30:00+09:00,J5,425,444,869
2018-12-30T10:45:00+09:00,J1,1132,1247,2379
2018-12-30T10:45:00+09:00,J2,662,591,1253
2018-12-30T10:45:00+09:00,J3,1159,1126,2285
2018-12-30T10:45:00+09:00,J4,987,932,1919
2018-12-30T10:45:00+09:00,J5,413,447,860
2018-12-30T11:00:00+09:00,J1,1164,1356,2520
2018-12-30T11:00:00+09:00,J2,662,673,1335
2018-12-30T11:00:00+09:00,J3,1285,1142,2427
2018-12-30T11:00:00+09:00,J4,914,929,1843
2018-12-30T11:00:00+09:00,J5,490,496,986
2018-12-30T11:15:00+09:00,J1,1178,1427,2605
2018-12-30T11:15:00+09:00,J2,678,776,1454
2018-12-30T11:15:00+09:00,J3,1316,1230,2546
2018-12-30T11:15:00+09:00,J4,915,859,1774
2018-12-30T11:15:00+09:00,J5,480,418,898
2018-12-30T11:30:00+09:00,J1,1215,1477,2692
2018-12-30T11:30:00+09:00,J2,699,844,1543
2018-12-30T11:30:00+09:00,J3,1223,1204,2427
2018-12-30T11:30:00+09:00,J4,949,901,1850
2018-12-30T11:30:00+09:00,J5,478,459,937
2018-12-30T11:45:00+09:00,J1,1187,1430,2617
2018-12-30T11:45:00+09:00,J2,721,798,1519
2018-12-30T11:45:00+09:00,J3,1260,1217,2477
2018-12-30T11:45:00+09:00,J4,939,945,1884
2018-12-30T11:45:00+09:00,J5,470,420,890
2018-12-30T12:00:00+09:00,J1,1295,1447,2742
2018-12-30T12:00:00+09:00,J2,629,712,1341
2018-12-30T12:00:00+09:00,J3,1192,1214,2406
2018-12-30T12:00:00+09:00,J4,878,876,1754
2018-12-30T12:00:00+09:00,J5,399,387,786
2018-12-30T12:15:00+09:00,J1,1248,1386,2634
2018-12-30T12:15:00+09:00,J2,680,711,1391
2018-12-30T12:15:00+09:00,J3,1092,961,2053
2018-12-30T12:15:00+09:00,J4,871,805,1676
2018-12-30T12:15:00+09:00,J5,455,484,939
2018-12-30T12:30:00+09:00,J1,1218,1381,2599
2018-12-30T12:30:00+09:00,J2,651,730,1381
2018-12-30T12:30:00+09:00,J3,965,915,1880
2018-12-30T12:30:00+09:00,J4,858,821,1679
2018-12-30T12:30:00+09:00,J5,584,555,1139
2018-12-30T12:45:00+09:00,J1,1159,1395,2554
2018-12-30T12:45:00+09:00,J2,694,788,1482
2018-12-30T12:45:00+09:00,J3,933,937,1870
2018-12-30T12:45:00+09:00,J4,878,811,1689
2018-12-30T12:45:00+09:00,J5,598,586,1184
2018-12-30T13:00:00+09:00,J1,1194,1381,2575
2018-12-30T13:00:00+09:00,J2,644,731,1375
2018-12-30T13:00:00+09:00,J3,955,1050,2005
2018-12-30T13:00:00+09:00,J4,843,811,1654
2018-12-30T13:00:00+09:00,J5,568,566,1134
2018-12-30T13:15:00+09:00,J1,1140,1389,2529
2018-12-30T13:15:00+09:00,J2,599,751,1350
2018-12-30T13:15:00+09:00,J3,995,1050,2045
2018-12-30T13:15:00+09:00,J4,746,816,1562
2018-12-30T13:15:00+09:00,J5,565,596,1161
2018-12-30T13:30:00+09:00,J1,1246,1373,2619
2018-12-30T13:30:00+09:00,J2,722,741,1463
2018-12-30T13:30:00+09:00,J3,1024,1012,2036
2018-12-30T13:30:00+09:00,J4,745,866,1611
2018-12-30T13:30:00+09:00,J5,447,476,923
2018-12-30T13:45:00+09:00,J1,1196,1313,2509
2018-12-30T13:45:00+09:00,J2,704,753,1457
2018-12-30T13:45:00+09:00,J3,1040,1081,2121
2018-12-30T13:45:00+09:00,J4,757,921,1678
2018-12-30T13:45:00+09:00,J5,430,377,807
2018-12-30T14:00:00+09:00,J1,1118,1305,2423
2018-12-30T14:00:00+09:00,J2,725,743,1468
2018-12-30T14:00:00+09:00,J3,1094,1053,2147
2018-12-30T14:00:00+09:00,J4,725,855,1580
2018-12-30T14:00:00+09:00,J5,442,441,883
2018-12-30T14:15:00+09:00,J1,1122,1343,2465
2018-12-30T14:15:00+09:00,J2,769,687,1456
2018-12-30T14:15:00+09:00,J3,1107,1081,2188
2018-12-30T14:15:00+09:00,J4,807,864,1671
2018-12-30T14:15:00+09:00,J5,382,333,715
2018-12-30T14:30:00+09:00,J1,1138,1371,2509
2018-12-30T14:30:00+09:00,J2,812,769,1581
2018-12-30T14:30:00+09:00,J3,1058,1018,2076
2018-12-30T14:30:00+09:00,J4,821,888,1709
2018-12-30T14:30:00+09:00,J5,430,386,816
2018-12-30T14:45:00+09:00,J1,1184,1320,2504
2018-12-30T14:45:00+09:00,J2,637,791,1428
2018-12-30T14:45:00+09:00,J3,1024,1032,2056
2018-12-30T14:45:00+09:00,J4,843,877,1720
2018-12-30T14:45:00+09:00,J5,420,354,774
2018-12-30T15:00:00+09:00,J1,1177,1430,2607
2018-12-30T15:00:00+09:00,J2,724,827,1551
2018-12-30T15:00:00+09:00,J3,1039,1087,2126
2018-12-30T15:00:00+09:00,J4,818,856,1674
2018-12-30T15:00:00+09:00,J5,395,312,707
2018-12-30T15:15:00+09:00,J1,1152,1414,2566
2018-12-30T15:15:00+09:00,J2,742,802,1544
2018-12-30T15:15:00+09:00,J3,1013,954,1967
2018-12-30T15:15:00+09:00,J4,836,890,1726
2018-12-30T15:15:00+09:00,J5,411,386,797
2018-12-30T15:30:00+09:00,J1,1131,1364,2495
2018-12-30T15:30:00+09:00,J2,710,785,1495
2018-12-30T15:30:00+09:00,J3,1011,1035,2046
2018-12-30T15:30:00+09:00,J4,771,835,1606
2018-12-30T15:30:00+09:00,J5,452,486,938
2018-12-30T15:45:00+09:00,J1,1154,1369,2523
2018-12-30T15:45:00+09:00,J2,727,815,1542
2018-12-30T15:45:00+09:00,J3,982,921,1903
2018-12-30T15:45:00+09:00,J4,675,748,1423
2018-12-30T15:45:00+09:00,J5,469,505,974
2018-12-30T16:00:00+09:00,J1,1144,1405,2549
2018-12-30T16:00:00+09:00,J2,789,778,1567
2018-12-30T16:00:00+09:00,J3,1169,1039,2208
2018-12-30T16:00:00+09:00,J4,763,817,1580
2018-12-30T16:00:00+09:00,J5,491,555,1046
2018-12-30T16:15:00+09:00,J1,1136,1379,2515
2018-12-30T16:15:00+09:00,J2,827,763,1590
2018-12-30T16:15:00+09:00,J3,1283,1122,2405
2018-12-30T16:15:00+09:00,J4,675,812,1487
2018-12-30T16:15:00+09:00,J5,524,562,1086
2018-12-30T16:30:00+09:00,J1,1160,1351,2511
2018-12-30T16:30:00+09:00,J2,881,734,1615
2018-12-30T16:30:00+09:00,J3,1244,1140,2384
2018-12-30T16:30:00+09:00,J4,655,773,1428
2018-12-30T16:30:00+09:00,J5,581,592,1173
2018-12-30T16:45:00+09:00,J1,1219,1383,2602
2018-12-30T16:45:00+09:00,J2,890,704,1594
2018-12-30T16:45:00+09:00,J3,1390,1109,2499
2018-12-30T16:45:00+09:00,J4,655,715,1370
2018-12-30T16:45:00+09:00,J5,625,596,1221
2018-12-30T17:00:00+09:00,J1,1240,1428,2668
2018-12-30T17:00:00+09:00,J2,862,766,1628
2018-12-30T17:00:00+09:00,J3,1445,1177,2622
2018-12-30T17:00:00+09:00,J4,736,791,1527
2018-12-30T17:00:00+09:00,J5,573,596,1169
2018-12-30T17:15:00+09:00,J1,1302,1416,2718
2018-12-30T17:15:00+09:00,J2,861,697,1558
2018-12-30T17:15:00+09:00,J3,1558,1318,2876
2018-12-30T17:15:00+09:00,J4,910,887,1797
2018-12-30T17:15:00+09:00,J5,437,468,905
2018-12-30T17:30:00+09:00,J1,1260,1399,2659
2018-12-30T17:30:00+09:00,J2,931,665,1596
2018-12-30T17:30:00+09:00,J3,1513,1371,2884
2018-12-30T17:30:00+09:00,J4,1009,900,1909
2018-12-30T17:30:00+09:00,J5,406,415,821
2018-12-30T17:45:00+09:00,J1,1216,1326,2542
2018-12-30T17:45:00+09:00,J2,898,687,1585
2018-12-30T17:45:00+09:00,J3,1240,1070,2310
2018-12-30T17:45:00+09:00,J4,924,819,1743
2018-12-30T17:45:00+09:00,J5,395,383,778
2018-12-30T18:00:00+09:00,J1,1203,1406,2609
2018-12-30T18:00:00+09:00,J2,806,691,1497
2018-12-30T18:00:00+09:00,J3,1264,867,2131
2018-12-30T18:00:00+09:00,J4,949,825,1774
2018-12-30T18:00:00+09:00,J5,454,340,794
2018-12-30T18:15:00+09:00,J1,1209,1403,2612
2018-12-30T18:15:00+09:00,J2,716,754,1470
2018-12-30T18:15:00+09:00,J3,1152,876,2028
2018-12-30T18:15:00+09:00,J4,802,692,1494
2018-12-30T18:15:00+09:00,J5,444,397,841
2018-12-30T18:30:00+09:00,J1,1160,1343,2503
2018-12-30T18:30:00+09:00,J2,860,815,1675
2018-12-30T18:30:00+09:00,J3,1072,868,1940
2018-12-30T18:30:00+09:00,J4,715,767,1482
2018-12-30T18:30:00+09:00,J5,486,494,980
2018-12-30T18:45:00+09:00,J1,1129,1287,2416
2018-12-30T18:45:00+09:00,J2,881,674,1555
2018-12-30T18:45:00+09:00,J3,1028,884,1912
2018-12-30T18:45:00+09:00,J4,729,810,1539
2018-12-30T18:45:00+09:00,J5,534,586,1120
2018-12-30T19:00:00+09:00,J1,1061,1291,2352
2018-12-30T19:00:00+09:00,J2,871,743,1614
2018-12-30T19:00:00+09:00,J3,1050,904,1954
2018-12-30T19:00:00+09:00,J4,746,861,1607
2018-12-30T19:00:00+09:00,J5,553,623,1176
2018-12-30T19:15:00+09:00,J1,1048,1272,2320
2018-12-30T19:15:00+09:00,J2,848,732,1580
2018-12-30T19:15:00+09:00,J3,1099,897,1996
2018-12-30T19:15:00+09:00,J4,723,851,1574
2018-12-30T19:15:00+09:00,J5,633,599,1232
2018-12-30T19:30:00+09:00,J1,1087,1227,2314
2018-12-30T19:30:00+09:00,J2,685,638,1323
2018-12-30T19:30:00+09:00,J3,978,896,1874
2018-12-30T19:30:00+09:00,J4,725,819,1544
2018-12-30T19:30:00+09:00,J5,584,548,1132
2018-12-30T19:45:00+09:00,J1,1134,1311,2445
2018-12-30T19:45:00+09:00,J2,641,703,1344
2018-12-30T19:45:00+09:00,J3,919,773,1692
2018-12-30T19:45:00+09:00,J4,704,831,1535
2018-12-30T19:45:00+09:00,J5,486,580,1066
2018-12-30T20:00:00+09:00,J1,1131,1279,2410
2018-12-30T20:00:00+09:00,J2,642,684,1326
2018-12-30T20:00:00+09:00,J3,873,811,1684
2018-12-30T20:00:00+09:00,J4,782,835,1617
2018-12-30T20:00:00+09:00,J5,474,509,983
2018-12-30T20:15:00+09:00,J1,1235,1366,2601
2018-12-30T20:15:00+09:00,J2,628,534,1162
2018-12-30T20:15:00+09:00,J3,953,748,1701
2018-12-30T20:15:00+09:00,J4,741,845,1586
2018-12-30T20:15:00+09:00,J5,495,571,1066
2018-12-30T20:30:00+09:00,J1,1177,1357,2534
2018-12-30T20:30:00+09:00,J2,605,534,1139
2018-12-30T20:30:00+09:00,J3,934,802,1736
2018-12-30T20:30:00+09:00,J4,725,802,1527
2018-12-30T20:30:00+09:00,J5,529,610,1139
2018-12-30T20:45:00+09:00,J1,1183,1288,2471
2018-12-30T20:45:00+09:00,J2,563,509,1072
2018-12-30T20:45:00+09:00,J3,898,874,1772
2018-12-30T20:45:00+09:00,J4,769,862,1631
2018-12-30T20:45:00+09:00,J5,407,505,912
2018-12-30T21:00:00+09:00,J1,1107,1213,2320
2018-12-30T21:00:00+09:00,J2,690,667,1357
2018-12-30T21:00:00+09:00,J3,997,877,1874
2018-12-30T21:00:00+09:00,J4,748,888,1636
2018-12-30T21:00:00+09:00,J5,406,466,872
2018-12-30T21:15:00+09:00,J1,1100,1221,2321
2018-12-30T21:15:00+09:00,J2,718,742,1460
2018-12-30T21:15:00+09:00,J3,975,942,1917
2018-12-30T21:15:00+09:00,J4,739,847,1586
2018-12-30T21:15:00+09:00,J5,392,437,829
2018-12-30T21:30:00+09:00,J1,1033,1209,2242
2018-12-30T21:30:00+09:00,J2,597,637,1234
2018-12-30T21:30:00+09:00,J3,1000,1014,2014
2018-12-30T21:30:00+09:00,J4,775,908,1683
2018-12-30T21:30:00+09:00,J5,355,334,689
2018-12-30T21:45:00+09:00,J1,1005,1137,2142
2018-12-30T21:45:00+09:00,J2,583,562,1145
2018-12-30T21:45:00+09:00,J3,1046,982,2028
2018-12-30T21:45:00+09:00,J4,766,905,1671
2018-12-30T21:45:00+09:00,J5,333,313,646
2018-12-30T22:00:00+09:00,J1,1014,1192,2206
2018-12-30T22:00:00+09:00,J2,532,644,1176
2018-12-30T22:00:00+09:00,J3,1093,930,2023
2018-12-30T22:00:00+09:00,J4,764,779,1543
2018-12-30T22:00:00+09:00,J5,320,283,603
2018-12-30T22:15:00+09:00,J1,979,1218,2197
2018-12-30T22:15:00+09:00,J2,544,675,1219
2018-12-30T22:15:00+09:00,J3,1025,877,1902
2018-12-30T22:15:00+09:00,J4,696,770,1466
2018-12-30T22:15:00+09:00,J5,317,333,650
2018-12-30T22:30:00+09:00,J1,1052,1140,2192
2018-12-30T22:30:00+09:00,J2,608,679,1287
2018-12-30T22:30:00+09:00,J3,1093,861,1954
2018-12-30T22:30:00+09:00,J4,740,815,1555
2018-12-30T22:30:00+09:00,J5,316,307,623
2018-12-30T22:45:00+09:00,J1,1087,1253,2340
2018-12-30T22:45:00+09:00,J2,589,667,1256
2018-12-30T22:45:00+09:00,J3,1072,869,1941
2018-12-30T22:45:00+09:00,J4,794,814,1608
2018-12-30T22:45:00+09:00,J5,300,328,628
2018-12-30T23:00:00+09:00,J1,1072,1225,2297
2018-12-30T23:00:00+09:00,J2,624,654,1278
2018-12-30T23:00:00+09:00,J3,1056,899,1955
2018-12-30T23:00:00+09:00,J4,726,815,1541
2018-12-30T23:00:00+09:00,J5,296,296,592
2018-12-30T23:15:00+09:00,J1,1039,1256,2295
2018-12-30T23:15:00+09:00,J2,637,708,1345
2018-12-30T23:15:00+09:00,J3,1061,877,1938
2018-12-30T23:15:00+09:00,J4,673,823,1496
2018-12-30T23:15:00+09:00,J5,302,312,614
2018-12-30T23:30:00+09:00,J1,987,1231,2218
2018-12-30T23:30:00+09:00,J2,557,707,1264
2018-12-30T23:30:00+09:00,J3,1024,902,1926
2018-12-30T23:30:00+09:00,J4,710,753,1463
2018-12-30T23:30:00+09:00,J5,276,303,579
2018-12-30T23:45:00+09:00,J1,1073,1118,2191
2018-12-30T23:45:00+09:00,J2,495,612,1107
2018-12-30T23:45:00+09:00,J3,1024,850,1874
2018-12-30T23:45:00+09:00,J4,608,743,1351
2018-12-30T23:45:00+09:00,J5,321,303,624
2018-12-31T00:00:00+09:00,J1,899,1059,1958
2018-12-31T00:00:00+09:00,J2,602,606,1208
2018-12-31T00:00:00+09:00,J3,872,651,1523
2018-12-31T00:00:00+09:00,J4,585,757,1342
2018-12-31T00:00:00+09:00,J5,329,321,650
2018-12-31T00:15:00+09:00,J1,690,723,1413
2018-12-31T00:15:00+09:00,J2,504,503,1007
2018-12-31T00:15:00+09:00,J3,480,477,957
2018-12-31T00:15:00+09:00,J4,488,564,1052
2018-12-31T00:15:00+09:00,J5,418,358,776
2018-12-31T00:30:00+09:00,J1,648,589,1237
2018-12-31T00:30:00+09:00,J2,498,531,1029
2018-12-31T00:30:00+09:00,J3,477,416,893
2018-12-31T00:30:00+09:00,J4,555,631,1186
2018-12-31T00:30:00+09:00,J5,398,367,765
2018-12-31T00:45:00+09:00,J1,616,616,1232
2018-12-31T00:45:00+09:00,J2,496,484,980
2018-12-31T00:45:00+09:00,J3,401,422,823
2018-12-31T00:45:00+09:00,J4,615,686,1301
2018-12-31T00:45:00+09:00,J5,439,407,846
2018-12-31T05:45:00+09:00,J1,878,1007,1885
2018-12-31T05:45:00+09:00,J2,696,674,1370
2018-12-31T05:45:00+09:00,J3,854,774,1628
2018-12-31T05:45:00+09:00,J4,770,671,1441
2018-12-31T05:45:00+09:00,J5,466,444,910
2018-12-31T06:00:00+09:00,J1,966,972,1938
2018-12-31T06:00:00+09:00,J2,659,638,1297
2018-12-31T06:00:00+09:00,J3,727,760,1487
2018-12-31T06:00:00+09:00,J4,747,743,1490
2018-12-31T06:00:00+09:00,J5,445,450,895
2018-12-31T06:15:00+09:00,J1,933,997,1930
2018-12-31T06:15:00+09:00,J2,663,604,1267
2018-12-31T06:15:00+09:00,J3,623,635,1258
2018-12-31T06:15:00+09:00,J4,738,727,1465
2018-12-31T06:15:00+09:00,J5,356,357,713
2018-12-31T06:30:00+09:00,J1,917,967,1884
2018-12-31T06:30:00+09:00,J2,618,565,1183
2018-12-31T06:30:00+09:00,J3,645,675,1320
2018-12-31T06:30:00+09:00,J4,709,699,1408
2018-12-31T06:30:00+09:00,J5,394,421,815
2018-12-31T06:45:00+09:00,J1,973,1004,1977
2018-12-31T06:45:00+09:00,J2,656,575,1231
2018-12-31T06:45:00+09:00,J3,672,705,1377
2018-12-31T06:45:00+09:00,J4,787,712,1499
2018-12-31T06:45:00+09:00,J5,485,476,961
2018-12-31T07:00:00+09:00,J1,941,1090,2031
2018-12-31T07:00:00+09:00,J2,758,759,1517
2018-12-31T07:00:00+09:00,J3,813,828,1641
2018-12-31T07:00:00+09:00,J4,766,719,1485
2018-12-31T07:00:00+09:00,J5,516,453,969
2018-12-31T07:15:00+09:00,J1,1095,1153,2248
2018-12-31T07:15:00+09:00,J2,626,745,1371
2018-12-31T07:15:00+09:00,J3,851,821,1672
2018-12-31T07:15:00+09:00,J4,818,723,1541
2018-12-31T07:15:00+09:00,J5,469,479,948
2018-12-31T07:30:00+09:00,J1,1059,1141,2200
2018-12-31T07:30:00+09:00,J2,750,785,1535
2018-12-31T07:30:00+09:00,J3,766,760,1526
2018-12-31T07:30:00+09:00,J4,853,811,1664
2018-12-31T07:30:00+09:00,J5,489,448,937
2018-12-31T07:45:00+09:00,J1,954,1106,2060
2018-12-31T07:45:00+09:00,J2,715,749,1464
2018-12-31T07:45:00+09:00,J3,812,800,1612
2018-12-31T07:45:00+09:00,J4,826,781,1607
2018-12-31T07:45:00+09:00,J5,495,469,964
2018-12-31T08:00:00+09:00,J1,1179,1332,2511
2018-12-31T08:00:00+09:00,J2,912,828,1740
2018-12-31T08:00:00+09:00,J3,1233,1085,2318
2018-12-31T08:00:00+09:00,J4,781,815,1596
2018-12-31T08:00:00+09:00,J5,462,488,950
2018-12-31T08:15:00+09:00,J1,1271,1340,2611
2018-12-31T08:15:00+09:00,J2,804,742,1546
2018-12-31T08:15:00+09:00,J3,1367,1244,2611
2018-12-31T08:15:00+09:00,J4,766,853,1619
2018-12-31T08:15:00+09:00,J5,539,551,1090
2018-12-31T08:30:00+09:00,J1,1287,1360,2647
2018-12-31T08:30:00+09:00,J2,715,751,1466
2018-12-31T08:30:00+09:00,J3,1361,1262,2623
2018-12-31T08:30:00+09:00,J4,798,856,1654
2018-12-31T08:30:00+09:00,J5,563,562,1125
2018-12-31T08:45:00+09:00,J1,1234,1377,2611
2018-12-31T08:45:00+09:00,J2,867,810,1677
2018-12-31T08:45:00+09:00,J3,1336,1217,2553
2018-12-31T08:45:00+09:00,J4,828,902,1730
2018-12-31T08:45:00+09:00,J5,477,510,987
2018-12-31T09:00:00+09:00,J1,1334,1428,2762
2018-12-31T09:00:00+09:00,J2,712,714,1426
2018-12-31T09:00:00+09:00,J3,1205,1131,2336
2018-12-31T09:00:00+09:00,J4,771,799,1570
2018-12-31T09:00:00+09:00,J5,433,390,823
2018-12-31T09:15:00+09:00,J1,1251,1230,2481
2018-12-31T09:15:00+09:00,J2,632,619,1251
2018-12-31T09:15:00+09:00,J3,763,772,1535
2018-12-31T09:15:00+09:00,J4,792,866,1658
2018-12-31T09:15:00+09:00,J5,470,464,934
2018-12-31T09:30:00+09:00,J1,1230,1275,2505
2018-12-31T09:30:00+09:00,J2,715,584,1299
2018-12-31T09:30:00+09:00,J3,945,801,1746
2018-12-31T09:30:00+09:00,J4,829,803,1632
2018-12-31T09:30:00+09:00,J5,542,554,1096
2018-12-31T09:45:00+09:00,J1,1190,1238,2428
2018-12-31T09:45:00+09:00,J2,674,678,1352
2018-12-31T09:45:00+09:00,J3,968,887,1855
2018-12-31T09:45:00+09:00,J4,871,802,1673
2018-12-31T09:45:00+09:00,J5,399,439,838
2018-12-31T10:00:00+09:00,J1,1182,1271,2453
2018-12-31T10:00:00+09:00,J2,627,581,1208
2018-12-31T10:00:00+09:00,J3,912,903,1815
2018-12-31T10:00:00+09:00,J4,821,851,1672
2018-12-31T10:00:00+09:00,J5,434,440,874
2018-12-31T10:15:00+09:00,J1,1263,1291,2554
2018-12-31T10:15:00+09:00,J2,515,637,1152
2018-12-31T10:15:00+09:00,J3,731,820,1551
2018-12-31T10:15:00+09:00,J4,857,852,1709
2018-12-31T10:15:00+09:00,J5,384,412,796
2018-12-31T10:30:00+09:00,J1,1257,1323,2580
2018-12-31T10:30:00+09:00,J2,555,616,1171
2018-12-31T10:30:00+09:00,J3,747,794,1541
2018-12-31T10:30:00+09:00,J4,794,825,1619
2018-12-31T10:30:00+09:00,J5,395,411,806
2018-12-31T10:45:00+09:00,J1,1283,1334,2617
2018-12-31T10:45:00+09:00,J2,611,685,1296
2018-12-31T10:45:00+09:00,J3,798,831,1629
2018-12-31T10:45:00+09:00,J4,836,864,1700
2018-12-31T10:45:00+09:00,J5,410,378,788
2018-12-31T11:00:00+09:00,J1,1235,1255,2490
2018-12-31T11:00:00+09:00,J2,662,794,1456
2018-12-31T11:00:00+09:00,J3,850,815,1665
2018-12-31T11:00:00+09:00,J4,751,800,1551
2018-12-31T11:00:00+09:00,J5,424,466,890
2018-12-31T11:15:00+09:00,J1,1193,1409,2602
2018-12-31T11:15:00+09:00,J2,584,793,1377
2018-12-31T11:15:00+09:00,J3,1034,981,2015
2018-12-31T11:15:00+09:00,J4,741,844,1585
2018-12-31T11:15:00+09:00,J5,503,531,1034
2018-12-31T11:30:00+09:00,J1,1221,1370,2591
2018-12-31T11:30:00+09:00,J2,652,808,1460
2018-12-31T11:30:00+09:00,J3,1173,1098,2271
2018-12-31T11:30:00+09:00,J4,790,876,1666
2018-12-31T11:30:00+09:00,J5,439,369,808
2018-12-31T11:45:00+09:00,J1,1203,1354,2557
2018-12-31T11:45:00+09:00,J2,702,714,1416
2018-12-31T11:45:00+09:00,J3,1182,1116,2298
2018-12-31T11:45:00+09:00,J4,775,851,1626
2018-12-31T11:45:00+09:00,J5,396,344,740
2018-12-31T12:00:00+09:00,J1,1235,1367,2602
2018-12-31T12:00:00+09:00,J2,560,692,1252
2018-12-31T12:00:00+09:00,J3,1304,1145,2449
2018-12-31T12:00:00+09:00,J4,711,811,1522
2018-12-31T12:00:00+09:00,J5,358,372,730
2018-12-31T12:15:00+09:00,J1,1221,1346,2567
2018-12-31T12:15:00+09:00,J2,523,763,1286
2018-12-31T12:15:00+09:00,J3,1089,1016,2105
2018-12-31T12:15:00+09:00,J4,713,845,1558
2018-12-31T12:15:00+09:00,J5,393,449,842
2018-12-31T12:30:00+09:00,J1,1193,1393,2586
2018-12-31T12:30:00+09:00,J2,612,771,1383
2018-12-31T12:30:00+09:00,J3,912,836,1748
2018-12-31T12:30:00+09:00,J4,642,898,1540
2018-12-31T12:30:00+09:00,J5,495,584,1079
2018-12-31T12:45:00+09:00,J1,1186,1344,2530
2018-12-31T12:45:00+09:00,J2,633,759,1392
2018-12-31T12:45:00+09:00,J3,786,797,1583
2018-12-31T12:45:00+09:00,J4,701,804,1505
2018-12-31T12:45:00+09:00,J5,554,597,1151
2018-12-31T13:00:00+09:00,J1,1197,1351,2548
2018-12-31T13:00:00+09:00,J2,668,688,1356
2018-12-31T13:00:00+09:00,J3,838,863,1701
2018-12-31T13:00:00+09:00,J4,781,843,1624
2018-12-31T13:00:00+09:00,J5,557,535,1092
2018-12-31T13:15:00+09:00,J1,1165,1285,2450
2018-12-31T13:15:00+09:00,J2,713,681,1394
2018-12-31T13:15:00+09:00,J3,898,963,1861
2018-12-31T13:15:00+09:00,J4,688,800,1488
2018-12-31T13:15:00+09:00,J5,562,576,1138
2018-12-31T13:30:00+09:00,J1,1173,1310,2483
2018-12-31T13:30:00+09:00,J2,656,713,1369
2018-12-31T13:30:00+09:00,J3,962,912,1874
2018-12-31T13:30:00+09:00,J4,680,821,1501
2018-12-31T13:30:00+09:00,J5,481,505,986
2018-12-31T13:45:00+09:00,J1,1145,1393,2538
2018-12-31T13:45:00+09:00,J2,601,724,1325
2018-12-31T13:45:00+09:00,J3,901,959,1860
2018-12-31T13:45:00+09:00,J4,680,778,1458
2018-12-31T13:45:00+09:00,J5,428,410,838
2018-12-31T14:00:00+09:00,J1,1234,1368,2602
2018-12-31T14:00:00+09:00,J2,668,722,1390
2018-12-31T14:00:00+09:00,J3,860,889,1749
2018-12-31T14:00:00+09:00,J4,719,796,1515
2018-12-31T14:00:00+09:00,J5,397,349,746
2018-12-31T14:15:00+09:00,J1,1169,1287,2456
2018-12-31T14:15:00+09:00,J2,703,663,1366
2018-12-31T14:15:00+09:00,J3,855,910,1765
2018-12-31T14:15:00+09:00,J4,747,783,1530
2018-12-31T14:15:00+09:00,J5,421,384,805
2018-12-31T14:30:00+09:00,J1,1276,1335,2611
2018-12-31T14:30:00+09:00,J2,748,751,1499
2018-12-31T14:30:00+09:00,J3,932,993,1925
2018-12-31T14:30:00+09:00,J4,703,805,1508
2018-12-31T14:30:00+09:00,J5,388,384,772
2018-12-31T14:45:00+09:00,J1,1189,1390,2579
2018-12-31T14:45:00+09:00,J2,724,588,1312
2018-12-31T14:45:00+09:00,J3,869,936,1805
2018-12-31T14:45:00+09:00,J4,673,829,1502
2018-12-31T14:45:00+09:00,J5,356,393,749
2018-12-31T15:00:00+09:00,J1,1158,1375,2533
2018-12-31T15:00:00+09:00,J2,769,665,1434
2018-12-31T15:00:00+09:00,J3,948,883,1831
2018-12-31T15:00:00+09:00,J4,745,753,1498
2018-12-31T15:00:00+09:00,J5,378,354,732
2018-12-31T15:15:00+09:00,J1,1217,1335,2552
2018-12-31T15:15:00+09:00,J2,737,608,1345
2018-12-31T15:15:00+09:00,J3,899,877,1776
2018-12-31T15:15:00+09:00,J4,642,816,1458
2018-12-31T15:15:00+09:00,J5,443,462,905
2018-12-31T15:30:00+09:00,J1,1258,1323,2581
2018-12-31T15:30:00+09:00,J2,670,609,1279
2018-12-31T15:30:00+09:00,J3,866,866,1732
2018-12-31T15:30:00+09:00,J4,772,804,1576
2018-12-31T15:30:00+09:00,J5,392,437,829
2018-12-31T15:45:00+09:00,J1,1195,1361,2556
2018-12-31T15:45:00+09:00,J2,693,615,1308
2018-12-31T15:45:00+09:00,J3,865,930,1795
2018-12-31T15:45:00+09:00,J4,683,755,1438
2018-12-31T15:45:00+09:00,J5,402,423,825
2018-12-31T16:00:00+09:00,J1,1171,1339,2510
2018-12-31T16:00:00+09:00,J2,693,576,1269
2018-12-31T16:00:00+09:00,J3,922,994,1916
2018-12-31T16:00:00+09:00,J4,618,780,1398
2018-12-31T16:00:00+09:00,J5,418,434,852
2018-12-31T16:15:00+09:00,J1,1185,1372,2557
2018-12-31T16:15:00+09:00,J2,652,596,1248
2018-12-31T16:15:00+09:00,J3,887,957,1844
2018-12-31T16:15:00+09:00,J4,706,819,1525
2018-12-31T16:15:00+09:00,J5,332,339,671
2018-12-31T16:30:00+09:00,J1,1180,1316,2496
2018-12-31T16:30:00+09:00,J2,677,582,1259
2018-12-31T16:30:00+09:00,J3,1146,967,2113
2018-12-31T16:30:00+09:00,J4,742,824,1566
2018-12-31T16:30:00+09:00,J5,380,416,796
2018-12-31T16:45:00+09:00,J1,1158,1368,2526
2018-12-31T16:45:00+09:00,J2,722,639,1361
2018-12-31T16:45:00+09:00,J3,1271,1006,2277
2018-12-31T16:45:00+09:00,J4,704,816,1520
2018-12-31T16:45:00+09:00,J5,506,529,1035
2018-12-31T17:00:00+09:00,J1,1233,1401,2634
2018-12-31T17:00:00+09:00,J2,821,787,1608
2018-12-31T17:00:00+09:00,J3,1204,1105,2309
2018-12-31T17:00:00+09:00,J4,699,788,1487
2018-12-31T17:00:00+09:00,J5,474,499,973
2018-12-31T17:15:00+09:00,J1,1248,1415,2663
2018-12-31T17:15:00+09:00,J2,706,649,1355
2018-12-31T17:15:00+09:00,J3,1236,1206,2442
2018-12-31T17:15:00+09:00,J4,717,784,1501
2018-12-31T17:15:00+09:00,J5,465,455,920
2018-12-31T17:30:00+09:00,J1,1259,1382,2641
2018-12-31T17:30:00+09:00,J2,649,582,1231
2018-12-31T17:30:00+09:00,J3,1181,1139,2320
2018-12-31T17:30:00+09:00,J4,699,745,1444
2018-12-31T17:30:00+09:00,J5,470,505,975
2018-12-31T17:45:00+09:00,J1,1225,1321,2546
2018-12-31T17:45:00+09:00,J2,835,808,1643
2018-12-31T17:45:00+09:00,J3,1111,1069,2180
2018-12-31T17:45:00+09:00,J4,664,717,1381
2018-12-31T17:45:00+09:00,J5,556,561,1117
2018-12-31T18:00:00+09:00,J1,1202,1355,2557
2018-12-31T18:00:00+09:00,J2,796,636,1432
2018-12-31T18:00:00+09:00,J3,1248,1141,2389
2018-12-31T18:00:00+09:00,J4,637,690,1327
2018-12-31T18:00:00+09:00,J5,553,565,1118
2018-12-31T18:15:00+09:00,J1,1183,1268,2451
2018-12-31T18:15:00+09:00,J2,830,787,1617
2018-12-31T18:15:00+09:00,J3,1232,1079,2311
2018-12-31T18:15:00+09:00,J4,677,746,1423
2018-12-31T18:15:00+09:00,J5,506,526,1032
2018-12-31T18:30:00+09:00,J1,1102,1224,2326
2018-12-31T18:30:00+09:00,J2,818,819,1637
2018-12-31T18:30:00+09:00,J3,1001,1008,2009
2018-12-31T18:30:00+09:00,J4,762,723,1485
2018-12-31T18:30:00+09:00,J5,385,400,785
2018-12-31T18:45:00+09:00,J1,1195,1117,2312
2018-12-31T18:45:00+09:00,J2,761,757,1518
2018-12-31T18:45:00+09:00,J3,888,873,1761
2018-12-31T18:45:00+09:00,J4,784,694,1478
2018-12-31T18:45:00+09:00,J5,397,417,814
2018-12-31T19:00:00+09:00,J1,1091,1115,2206
2018-12-31T19:00:00+09:00,J2,639,660,1299
2018-12-31T19:00:00+09:00,J3,789,759,1548
2018-12-31T19:00:00+09:00,J4,800,800,1600
2018-12-31T19:00:00+09:00,J5,393,391,784
2018-12-31T19:15:00+09:00,J1,1132,1203,2335
2018-12-31T19:15:00+09:00,J2,575,571,1146
2018-12-31T19:15:00+09:00,J3,752,756,1508
2018-12-31T19:15:00+09:00,J4,848,767,1615
2018-12-31T19:15:00+09:00,J5,391,419,810
2018-12-31T19:30:00+09:00,J1,1172,1186,2358
2018-12-31T19:30:00+09:00,J2,583,539,1122
2018-12-31T19:30:00+09:00,J3,784,747,1531
2018-12-31T19:30:00+09:00,J4,828,797,1625
2018-12-31T19:30:00+09:00,J5,368,345,713
2018-12-31T19:45:00+09:00,J1,1063,1189,2252
2018-12-31T19:45:00+09:00,J2,588,632,1220
2018-12-31T19:45:00+09:00,J3,794,747,1541
2018-12-31T19:45:00+09:00,J4,837,831,1668
2018-12-31T19:45:00+09:00,J5,329,323,652
2018-12-31T20:00:00+09:00,J1,1059,1115,2174
2018-12-31T20:00:00+09:00,J2,540,610,1150
2018-12-31T20:00:00+09:00,J3,782,740,1522
2018-12-31T20:00:00+09:00,J4,844,876,1720
2018-12-31T20:00:00+09:00,J5,298,342,640
2018-12-31T20:15:00+09:00,J1,1047,1092,2139
2018-12-31T20:15:00+09:00,J2,574,639,1213
2018-12-31T20:15:00+09:00,J3,818,725,1543
2018-12-31T20:15:00+09:00,J4,813,772,1585
2018-12-31T20:15:00+09:00,J5,310,366,676
2018-12-31T20:30:00+09:00,J1,1011,1090,2101
2018-12-31T20:30:00+09:00,J2,568,594,1162
2018-12-31T20:30:00+09:00,J3,841,753,1594
2018-12-31T20:30:00+09:00,J4,775,754,1529
2018-12-31T20:30:00+09:00,J5,352,362,714
2018-12-31T20:45:00+09:00,J1,1080,1100,2180
2018-12-31T20:45:00+09:00,J2,534,631,1165
2018-12-31T20:45:00+09:00,J3,761,752,1513
2018-12-31T20:45:00+09:00,J4,746,827,1573
2018-12-31T20:45:00+09:00,J5,347,337,684
2018-12-31T21:00:00+09:00,J1,1042,1083,2125
2018-12-31T21:00:00+09:00,J2,510,515,1025
2018-12-31T21:00:00+09:00,J3,870,697,1567
2018-12-31T21:00:00+09:00,J4,815,759,1574
2018-12-31T21:00:00+09:00,J5,333,337,670
2018-12-31T21:15:00+09:00,J1,979,1085,2064
2018-12-31T21:15:00+09:00,J2,458,525,983
2018-12-31T21:15:00+09:00,J3,872,696,1568
2018-12-31T21:15:00+09:00,J4,738,715,1453
2018-12-31T21:15:00+09:00,J5,428,367,795
2018-12-31T21:30:00+09:00,J1,947,1065,2012
2018-12-31T21:30:00+09:00,J2,594,662,1256
2018-12-31T21:30:00+09:00,J3,801,625,1426
2018-12-31T21:30:00+09:00,J4,900,745,1645
2018-12-31T21:30:00+09:00,J5,389,420,809
2018-12-31T21:45:00+09:00,J1,933,1157,2090
2018-12-31T21:45:00+09:00,J2,605,680,1285
2018-12-31T21:45:00+09:00,J3,691,583,1274
2018-12-31T21:45:00+09:00,J4,809,728,1537
2018-12-31T21:45:00+09:00,J5,480,458,938
2018-12-31T22:00:00+09:00,J1,962,1024,1986
2018-12-31T22:00:00+09:00,J2,637,634,1271
2018-12-31T22:00:00+09:00,J3,705,573,1278
2018-12-31T22:00:00+09:00,J4,826,730,1556
2018-12-31T22:00:00+09:00,J5,450,389,839
2018-12-31T22:15:00+09:00,J1,1062,1090,2152
2018-12-31T22:15:00+09:00,J2,601,571,1172
2018-12-31T22:15:00+09:00,J3,789,658,1447
2018-12-31T22:15:00+09:00,J4,697,738,1435
2018-12-31T22:15:00+09:00,J5,381,354,735
2018-12-31T22:30:00+09:00,J1,899,1061,1960
2018-12-31T22:30:00+09:00,J2,667,596,1263
2018-12-31T22:30:00+09:00,J3,799,645,1444
2018-12-31T22:30:00+09:00,J4,819,722,1541
2018-12-31T22:30:00+09:00,J5,357,339,696
2018-12-31T22:45:00+09:00,J1,881,987,1868
2018-12-31T22:45:00+09:00,J2,645,611,1256
2018-12-31T22:45:00+09:00,J3,721,592,1313
2018-12-31T22:45:00+09:00,J4,778,722,1500
2018-12-31T22:45:00+09:00,J5,433,360,793
2018-12-31T23:00:00+09:00,J1,909,1019,1928
2018-12-31T23:00:00+09:00,J2,585,591,1176
2018-12-31T23:00:00+09:00,J3,794,628,1422
2018-12-31T23:00:00+09:00,J4,775,713,1488
2018-12-31T23:00:00+09:00,J5,463,420,883
2018-12-31T23:15:00+09:00,J1,919,1086,2005
2018-12-31T23:15:00+09:00,J2,524,548,1072
2018-12-31T23:15:00+09:00,J3,707,636,1343
2018-12-31T23:15:00+09:00,J4,800,711,1511
2018-12-31T23:15:00+09:00,J5,410,373,783
2018-12-31T23:30:00+09:00,J1,886,963,1849
2018-12-31T23:30:00+09:00,J2,635,595,1230
2018-12-31T23:30:00+09:00,J3,647,521,1168
2018-12-31T23:30:00+09:00,J4,759,699,1458
2018-12-31T23:30:00+09:00,J5,459,353,812
2018-12-31T23:45:00+09:00,J1,890,918,1808
2018-12-31T23:45:00+09:00,J2,696,564,1260
2018-12-31T23:45:00+09:00,J3,602,503,1105
2018-12-31T23:45:00+09:00,J4,766,730,1496
2018-12-31T23:45:00+09:00,J5,460,357,817
2019-01-01T00:00:00+09:00,J1,951,935,1886
2019-01-01T00:00:00+09:00,J2,773,709,1482
2019-01-01T00:00:00+09:00,J3,528,476,1004
2019-01-01T00:00:00+09:00,J4,737,705,1442
2019-01-01T00:00:00+09:00,J5,461,373,834
2019-01-01T00:15:00+09:00,J1,839,871,1710
2019-01-01T00:15:00+09:00,J2,669,533,1202
2019-01-01T00:15:00+09:00,J3,582,586,1168
2019-01-01T00:15:00+09:00,J4,679,706,1385
2019-01-01T00:15:00+09:00,J5,489,440,929
2019-01-01T00:30:00+09:00,J1,735,700,1435
2019-01-01T00:30:00+09:00,J2,535,521,1056
2019-01-01T00:30:00+09:00,J3,553,564,1117
2019-01-01T00:30:00+09:00,J4,756,729,1485
2019-01-01T00:30:00+09:00,J5,509,476,985
2019-01-01T00:45:00+09:00,J1,659,744,1403
2019-01-01T00:45:00+09:00,J2,616,515,1131
2019-01-01T00:45:00+09:00,J3,575,571,1146
2019-01-01T00:45:00+09:00,J4,808,790,1598
2019-01-01T00:45:00+09:00,J5,491,449,940
