日時,アレイ,札幌→大通り,大通り→札幌,合計
2019-02-01T05:45:00+09:00,J1,1003,1163,2166
2019-02-01T05:45:00+09:00,J2,441,497,938
2019-02-01T05:45:00+09:00,J3,840,781,1621
2019-02-01T05:45:00+09:00,J4,811,758,1569
2019-02-01T05:45:00+09:00,J5,514,466,980
2019-02-01T06:00:00+09:00,J1,965,1006,1971
2019-02-01T06:00:00+09:00,J2,430,452,882
2019-02-01T06:00:00+09:00,J3,751,769,1520
2019-02-01T06:00:00+09:00,J4,754,801,1555
2019-02-01T06:00:00+09:00,J5,588,541,1129
2019-02-01T06:15:00+09:00,J1,1120,1137,2257
2019-02-01T06:15:00+09:00,J2,522,574,1096
2019-02-01T06:15:00+09:00,J3,793,791,1584
2019-02-01T06:15:00+09:00,J4,799,813,1612
2019-02-01T06:15:00+09:00,J5,537,518,1055
2019-02-01T06:30:00+09:00,J1,1118,1186,2304
2019-02-01T06:30:00+09:00,J2,545,535,1080
2019-02-01T06:30:00+09:00,J3,797,797,1594
2019-02-01T06:30:00+09:00,J4,778,763,1541
2019-02-01T06:30:00+09:00,J5,599,569,1168
2019-02-01T06:45:00+09:00,J1,1187,1154,2341
2019-02-01T06:45:00+09:00,J2,772,727,1499
2019-02-01T06:45:00+09:00,J3,856,836,1692
2019-02-01T06:45:00+09:00,J4,810,922,1732
2019-02-01T06:45:00+09:00,J5,563,556,1119
2019-02-01T07:00:00+09:00,J1,1151,1269,2420
2019-02-01T07:00:00+09:00,J2,818,744,1562
2019-02-01T07:00:00+09:00,J3,869,844,1713
2019-02-01T07:00:00+09:00,J4,878,953,1831
2019-02-01T07:00:00+09:00,J5,601,566,1167
2019-02-01T07:15:00+09:00,J1,1179,1244,2423
2019-02-01T07:15:00+09:00,J2,817,795,1612
2019-02-01T07:15:00+09:00,J3,1046,1001,2047
2019-02-01T07:15:00+09:00,J4,993,1016,2009
2019-02-01T07:15:00+09:00,J5,567,595,1162
2019-02-01T07:30:00+09:00,J1,1265,1332,2597
2019-02-01T07:30:00+09:00,J2,883,720,1603
2019-02-01T07:30:00+09:00,J3,1320,1163,2483
2019-02-01T07:30:00+09:00,J4,1068,1123,2191
2019-02-01T07:30:00+09:00,J5,720,626,1346
2019-02-01T07:45:00+09:00,J1,1368,1399,2767
2019-02-01T07:45:00+09:00,J2,856,728,1584
2019-02-01T07:45:00+09:00,J3,1497,1332,2829
2019-02-01T07:45:00+09:00,J4,1015,1237,2252
2019-02-01T07:45:00+09:00,J5,667,629,1296
2019-02-01T08:00:00+09:00,J1,1408,1333,2741
2019-02-01T08:00:00+09:00,J2,1015,885,1900
2019-02-01T08:00:00+09:00,J3,1574,1421,2995
2019-02-01T08:00:00+09:00,J4,974,1214,2188
2019-02-01T08:00:00+09:00,J5,625,713,1338
2019-02-01T08:15:00+09:00,J1,1416,1353,2769
2019-02-01T08:15:00+09:00,J2,1251,857,2108
2019-02-01T08:15:00+09:00,J3,1645,1440,3085
2019-02-01T08:15:00+09:00,J4,992,1337,2329
2019-02-01T08:15:00+09:00,J5,743,752,1495
2019-02-01T08:30:00+09:00,J1,1422,1311,2733
2019-02-01T08:30:00+09:00,J2,1208,912,2120
2019-02-01T08:30:00+09:00,J3,1558,1444,3002
2019-02-01T08:30:00+09:00,J4,990,1254,2244
2019-02-01T08:30:00+09:00,J5,713,744,1457
2019-02-01T08:45:00+09:00,J1,1406,1366,2772
2019-02-01T08:45:00+09:00,J2,984,806,1790
2019-02-01T08:45:00+09:00,J3,1562,1469,3031
2019-02-01T08:45:00+09:00,J4,953,1175,2128
2019-02-01T08:45:00+09:00,J5,697,756,1453
2019-02-01T09:00:00+09:00,J1,1344,1423,2767
2019-02-01T09:00:00+09:00,J2,1097,947,2044
2019-02-01T09:00:00+09:00,J3,1464,1251,2715
2019-02-01T09:00:00+09:00,J4,815,1060,1875
2019-02-01T09:00:00+09:00,J5,735,743,1478
2019-02-01T09:15:00+09:00,J1,1348,1390,2738
2019-02-01T09:15:00+09:00,J2,1055,943,1998
2019-02-01T09:15:00+09:00,J3,1303,1226,2529
2019-02-01T09:15:00+09:00,J4,923,1101,2024
2019-02-01T09:15:00+09:00,J5,573,546,1119
2019-02-01T09:30:00+09:00,J1,1396,1307,2703
2019-02-01T09:30:00+09:00,J2,1166,1012,2178
2019-02-01T09:30:00+09:00,J3,1385,1257,2642
2019-02-01T09:30:00+09:00,J4,885,1132,2017
2019-02-01T09:30:00+09:00,J5,634,636,1270
2019-02-01T09:45:00+09:00,J1,1352,1359,2711
2019-02-01T09:45:00+09:00,J2,1046,885,1931
2019-02-01T09:45:00+09:00,J3,1306,1194,2500
2019-02-01T09:45:00+09:00,J4,857,1014,1871
2019-02-01T09:45:00+09:00,J5,601,647,1248
2019-02-01T10:00:00+09:00,J1,1319,1358,2677
2019-02-01T10:00:00+09:00,J2,882,744,1626
2019-02-01T10:00:00+09:00,J3,1290,1176,2466
2019-02-01T10:00:00+09:00,J4,847,1063,1910
2019-02-01T10:00:00+09:00,J5,637,613,1250
2019-02-01T10:15:00+09:00,J1,1364,1372,2736
2019-02-01T10:15:00+09:00,J2,1006,782,1788
2019-02-01T10:15:00+09:00,J3,1282,1101,2383
2019-02-01T10:15:00+09:00,J4,1038,989,2027
2019-02-01T10:15:00+09:00,J5,625,565,1190
2019-02-01T10:30:00+09:00,J1,1374,1393,2767
2019-02-01T10:30:00+09:00,J2,895,806,1701
2019-02-01T10:30:00+09:00,J3,1329,1147,2476
2019-02-01T10:30:00+09:00,J4,867,1009,1876
2019-02-01T10:30:00+09:00,J5,656,542,1198
2019-02-01T10:45:00+09:00,J1,1331,1396,2727
2019-02-01T10:45:00+09:00,J2,852,893,1745
2019-02-01T10:45:00+09:00,J3,1263,1160,2423
2019-02-01T10:45:00+09:00,J4,932,997,1929
2019-02-01T10:45:00+09:00,J5,612,631,1243
2019-02-01T11:00:00+09:00,J1,1282,1420,2702
2019-02-01T11:00:00+09:00,J2,847,766,1613
2019-02-01T11:00:00+09:00,J3,1246,1133,2379
2019-02-01T11:00:00+09:00,J4,912,1073,1985
2019-02-01T11:00:00+09:00,J5,604,651,1255
2019-02-01T11:15:00+09:00,J1,1327,1427,2754
2019-02-01T11:15:00+09:00,J2,836,839,1675
2019-02-01T11:15:00+09:00,J3,1350,1204,2554
2019-02-01T11:15:00+09:00,J4,929,1062,1991
2019-02-01T11:15:00+09:00,J5,571,567,1138
2019-02-01T11:30:00+09:00,J1,1357,1492,2849
2019-02-01T11:30:00+09:00,J2,852,740,1592
2019-02-01T11:30:00+09:00,J3,1426,1218,2644
2019-02-01T11:30:00+09:00,J4,953,1113,2066
2019-02-01T11:30:00+09:00,J5,637,678,1315
2019-02-01T11:45:00+09:00,J1,1322,1464,2786
2019-02-01T11:45:00+09:00,J2,805,693,1498
2019-02-01T11:45:00+09:00,J3,1486,1159,2645
2019-02-01T11:45:00+09:00,J4,956,1007,1963
2019-02-01T11:45:00+09:00,J5,669,690,1359
2019-02-01T12:00:00+09:00,J1,1259,1520,2779
2019-02-01T12:00:00+09:00,J2,820,759,1579
2019-02-01T12:00:00+09:00,J3,1465,1290,2755
2019-02-01T12:00:00+09:00,J4,983,990,1973
2019-02-01T12:00:00+09:00,J5,740,774,1514
2019-02-01T12:15:00+09:00,J1,1231,1524,2755
2019-02-01T12:15:00+09:00,J2,783,769,1552
2019-02-01T12:15:00+09:00,J3,1562,1189,2751
2019-02-01T12:15:00+09:00,J4,1041,1131,2172
2019-02-01T12:15:00+09:00,J5,840,801,1641
2019-02-01T12:30:00+09:00,J1,1269,1416,2685
2019-02-01T12:30:00+09:00,J2,862,709,1571
2019-02-01T12:30:00+09:00,J3,1501,1196,2697
2019-02-01T12:30:00+09:00,J4,1030,1069,2099
2019-02-01T12:30:00+09:00,J5,808,806,1614
2019-02-01T12:45:00+09:00,J1,1243,1449,2692
2019-02-01T12:45:00+09:00,J2,759,760,1519
2019-02-01T12:45:00+09:00,J3,1481,1299,2780
2019-02-01T12:45:00+09:00,J4,950,1081,2031
2019-02-01T12:45:00+09:00,J5,820,789,1609
2019-02-01T13:00:00+09:00,J1,1267,1454,2721
2019-02-01T13:00:00+09:00,J2,802,731,1533
2019-02-01T13:00:00+09:00,J3,1566,1230,2796
2019-02-01T13:00:00+09:00,J4,1019,1001,2020
2019-02-01T13:00:00+09:00,J5,811,878,1689
2019-02-01T13:15:00+09:00,J1,1216,1399,2615
2019-02-01T13:15:00+09:00,J2,806,749,1555
2019-02-01T13:15:00+09:00,J3,1432,1114,2546
2019-02-01T13:15:00+09:00,J4,1011,1015,2026
2019-02-01T13:15:00+09:00,J5,843,811,1654
2019-02-01T13:30:00+09:00,J1,1217,1432,2649
2019-02-01T13:30:00+09:00,J2,922,884,1806
2019-02-01T13:30:00+09:00,J3,1425,1120,2545
2019-02-01T13:30:00+09:00,J4,951,1018,1969
2019-02-01T13:30:00+09:00,J5,833,767,1600
2019-02-01T13:45:00+09:00,J1,1246,1378,2624
2019-02-01T13:45:00+09:00,J2,827,755,1582
2019-02-01T13:45:00+09:00,J3,1445,1125,2570
2019-02-01T13:45:00+09:00,J4,971,970,1941
2019-02-01T13:45:00+09:00,J5,774,744,1518
2019-02-01T14:00:00+09:00,J1,1249,1403,2652
2019-02-01T14:00:00+09:00,J2,831,761,1592
2019-02-01T14:00:00+09:00,J3,1442,1154,2596
2019-02-01T14:00:00+09:00,J4,881,988,1869
2019-02-01T14:00:00+09:00,J5,785,794,1579
2019-02-01T14:15:00+09:00,J1,1191,1441,2632
2019-02-01T14:15:00+09:00,J2,814,781,1595
2019-02-01T14:15:00+09:00,J3,1439,1096,2535
2019-02-01T14:15:00+09:00,J4,978,1044,2022
2019-02-01T14:15:00+09:00,J5,782,829,1611
2019-02-01T14:30:00+09:00,J1,1304,1471,2775
2019-02-01T14:30:00+09:00,J2,912,740,1652
2019-02-01T14:30:00+09:00,J3,1455,1168,2623
2019-02-01T14:30:00+09:00,J4,950,1070,2020
2019-02-01T14:30:00+09:00,J5,746,848,1594
2019-02-01T14:45:00+09:00,J1,1272,1395,2667
2019-02-01T14:45:00+09:00,J2,805,749,1554
2019-02-01T14:45:00+09:00,J3,1393,1089,2482
2019-02-01T14:45:00+09:00,J4,1023,1054,2077
2019-02-01T14:45:00+09:00,J5,768,759,1527
2019-02-01T15:00:00+09:00,J1,1272,1428,2700
2019-02-01T15:00:00+09:00,J2,827,787,1614
2019-02-01T15:00:00+09:00,J3,1420,1060,2480
2019-02-01T15:00:00+09:00,J4,945,1012,1957
2019-02-01T15:00:00+09:00,J5,784,784,1568
2019-02-01T15:15:00+09:00,J1,1255,1444,2699
2019-02-01T15:15:00+09:00,J2,847,721,1568
2019-02-01T15:15:00+09:00,J3,1437,1127,2564
2019-02-01T15:15:00+09:00,J4,1010,1043,2053
2019-02-01T15:15:00+09:00,J5,772,825,1597
2019-02-01T15:30:00+09:00,J1,1260,1440,2700
2019-02-01T15:30:00+09:00,J2,857,767,1624
2019-02-01T15:30:00+09:00,J3,1377,1034,2411
2019-02-01T15:30:00+09:00,J4,972,962,1934
2019-02-01T15:30:00+09:00,J5,772,854,1626
2019-02-01T15:45:00+09:00,J1,1237,1434,2671
2019-02-01T15:45:00+09:00,J2,859,798,1657
2019-02-01T15:45:00+09:00,J3,1354,1137,2491
2019-02-01T15:45:00+09:00,J4,946,995,1941
2019-02-01T15:45:00+09:00,J5,825,797,1622
2019-02-01T16:00:00+09:00,J1,1261,1380,2641
2019-02-01T16:00:00+09:00,J2,842,720,1562
2019-02-01T16:00:00+09:00,J3,1411,1074,2485
2019-02-01T16:00:00+09:00,J4,965,987,1952
2019-02-01T16:00:00+09:00,J5,771,766,1537
2019-02-01T16:15:00+09:00,J1,1276,1415,2691
2019-02-01T16:15:00+09:00,J2,914,886,1800
2019-02-01T16:15:00+09:00,J3,1530,1145,2675
2019-02-01T16:15:00+09:00,J4,1036,1011,2047
2019-02-01T16:15:00+09:00,J5,797,802,1599
2019-02-01T16:30:00+09:00,J1,1205,1379,2584
2019-02-01T16:30:00+09:00,J2,897,768,1665
2019-02-01T16:30:00+09:00,J3,1555,1125,2680
2019-02-01T16:30:00+09:00,J4,1033,975,2008
2019-02-01T16:30:00+09:00,J5,797,765,1562
2019-02-01T16:45:00+09:00,J1,1295,1428,2723
2019-02-01T16:45:00+09:00,J2,887,784,1671
2019-02-01T16:45:00+09:00,J3,1510,1122,2632
2019-02-01T16:45:00+09:00,J4,1063,994,2057
2019-02-01T16:45:00+09:00,J5,786,751,1537
2019-02-01T17:00:00+09:00,J1,1292,1402,2694
2019-02-01T17:00:00+09:00,J2,1027,909,1936
2019-02-01T17:00:00+09:00,J3,1635,1281,2916
2019-02-01T17:00:00+09:00,J4,1053,1000,2053
2019-02-01T17:00:00+09:00,J5,761,779,1540
2019-02-01T17:15:00+09:00,J1,1308,1434,2742
2019-02-01T17:15:00+09:00,J2,1041,834,1875
2019-02-01T17:15:00+09:00,J3,1735,1270,3005
2019-02-01T17:15:00+09:00,J4,946,1003,1949
2019-02-01T17:15:00+09:00,J5,856,855,1711
2019-02-01T17:30:00+09:00,J1,1275,1510,2785
2019-02-01T17:30:00+09:00,J2,1108,987,2095
2019-02-01T17:30:00+09:00,J3,1806,1288,3094
2019-02-01T17:30:00+09:00,J4,1037,989,2026
2019-02-01T17:30:00+09:00,J5,808,813,1621
2019-02-01T17:45:00+09:00,J1,1274,1512,2786
2019-02-01T17:45:00+09:00,J2,1065,1050,2115
2019-02-01T17:45:00+09:00,J3,1660,1382,3042
2019-02-01T17:45:00+09:00,J4,1134,1040,2174
2019-02-01T17:45:00+09:00,J5,754,792,1546
2019-02-01T18:00:00+09:00,J1,1246,1494,2740
2019-02-01T18:00:00+09:00,J2,1109,1000,2109
2019-02-01T18:00:00+09:00,J3,1744,1364,3108
2019-02-01T18:00:00+09:00,J4,1119,963,2082
2019-02-01T18:00:00+09:00,J5,724,796,1520
2019-02-01T18:15:00+09:00,J1,1282,1526,2808
2019-02-01T18:15:00+09:00,J2,1108,1126,2234
2019-02-01T18:15:00+09:00,J3,1754,1356,3110
2019-02-01T18:15:00+09:00,J4,1384,1077,2461
2019-02-01T18:15:00+09:00,J5,839,845,1684
2019-02-01T18:30:00+09:00,J1,1341,1503,2844
2019-02-01T18:30:00+09:00,J2,1075,1027,2102
2019-02-01T18:30:00+09:00,J3,1683,1378,3061
2019-02-01T18:30:00+09:00,J4,1180,1054,2234
2019-02-01T18:30:00+09:00,J5,749,841,1590
2019-02-01T18:45:00+09:00,J1,1306,1417,2723
2019-02-01T18:45:00+09:00,J2,969,946,1915
2019-02-01T18:45:00+09:00,J3,1519,1422,2941
2019-02-01T18:45:00+09:00,J4,1090,967,2057
2019-02-01T18:45:00+09:00,J5,771,797,1568
2019-02-01T19:00:00+09:00,J1,1178,1430,2608
2019-02-01T19:00:00+09:00,J2,917,895,1812
2019-02-01T19:00:00+09:00,J3,1590,1359,2949
2019-02-01T19:00:00+09:00,J4,961,982,1943
2019-02-01T19:00:00+09:00,J5,716,846,1562
2019-02-01T19:15:00+09:00,J1,1291,1375,2666
2019-02-01T19:15:00+09:00,J2,828,866,1694
2019-02-01T19:15:00+09:00,J3,1628,1314,2942
2019-02-01T19:15:00+09:00,J4,1145,1034,2179
2019-02-01T19:15:00+09:00,J5,700,815,1515
2019-02-01T19:30:00+09:00,J1,1211,1414,2625
2019-02-01T19:30:00+09:00,J2,826,852,1678
2019-02-01T19:30:00+09:00,J3,1523,1335,2858
2019-02-01T19:30:00+09:00,J4,1134,1024,2158
2019-02-01T19:30:00+09:00,J5,704,819,1523
2019-02-01T19:45:00+09:00,J1,1147,1410,2557
2019-02-01T19:45:00+09:00,J2,765,843,1608
2019-02-01T19:45:00+09:00,J3,1457,1300,2757
2019-02-01T19:45:00+09:00,J4,1046,1021,2067
2019-02-01T19:45:00+09:00,J5,648,708,1356
2019-02-01T20:00:00+09:00,J1,1250,1446,2696
2019-02-01T20:00:00+09:00,J2,804,940,1744
2019-02-01T20:00:00+09:00,J3,1422,1165,2587
2019-02-01T20:00:00+09:00,J4,1048,1033,2081
2019-02-01T20:00:00+09:00,J5,613,718,1331
2019-02-01T20:15:00+09:00,J1,1117,1337,2454
2019-02-01T20:15:00+09:00,J2,927,825,1752
2019-02-01T20:15:00+09:00,J3,1455,1209,2664
2019-02-01T20:15:00+09:00,J4,921,1020,1941
2019-02-01T20:15:00+09:00,J5,678,771,1449
2019-02-01T20:30:00+09:00,J1,1185,1381,2566
2019-02-01T20:30:00+09:00,J2,852,825,1677
2019-02-01T20:30:00+09:00,J3,1389,1208,2597
2019-02-01T20:30:00+09:00,J4,974,1006,1980
2019-02-01T20:30:00+09:00,J5,671,686,1357
2019-02-01T20:45:00+09:00,J1,1164,1376,2540
2019-02-01T20:45:00+09:00,J2,801,779,1580
2019-02-01T20:45:00+09:00,J3,1389,1053,2442
2019-02-01T20:45:00+09:00,J4,954,998,1952
2019-02-01T20:45:00+09:00,J5,613,705,1318
2019-02-01T21:00:00+09:00,J1,1093,1357,2450
2019-02-01T21:00:00+09:00,J2,876,812,1688
2019-02-01T21:00:00+09:00,J3,1366,1103,2469
2019-02-01T21:00:00+09:00,J4,910,844,1754
2019-02-01T21:00:00+09:00,J5,627,666,1293
2019-02-01T21:15:00+09:00,J1,1153,1352,2505
2019-02-01T21:15:00+09:00,J2,860,880,1740
2019-02-01T21:15:00+09:00,J3,1339,1095,2434
2019-02-01T21:15:00+09:00,J4,981,949,1930
2019-02-01T21:15:00+09:00,J5,611,651,1262
2019-02-01T21:30:00+09:00,J1,1166,1344,2510
2019-02-01T21:30:00+09:00,J2,848,778,1626
2019-02-01T21:30:00+09:00,J3,1275,1019,2294
2019-02-01T21:30:00+09:00,J4,946,1047,1993
2019-02-01T21:30:00+09:00,J5,669,624,1293
2019-02-01T21:45:00+09:00,J1,1142,1282,2424
2019-02-01T21:45:00+09:00,J2,803,811,1614
2019-02-01T21:45:00+09:00,J3,1264,982,2246
2019-02-01T21:45:00+09:00,J4,1028,1061,2089
2019-02-01T21:45:00+09:00,J5,578,593,1171
2019-02-01T22:00:00+09:00,J1,1204,1251,2455
2019-02-01T22:00:00+09:00,J2,735,729,1464
2019-02-01T22:00:00+09:00,J3,1260,947,2207
2019-02-01T22:00:00+09:00,J4,931,1059,1990
2019-02-01T22:00:00+09:00,J5,571,563,1134
2019-02-01T22:15:00+09:00,J1,1075,1189,2264
2019-02-01T22:15:00+09:00,J2,705,784,1489
2019-02-01T22:15:00+09:00,J3,1261,899,2160
2019-02-01T22:15:00+09:00,J4,946,1011,1957
2019-02-01T22:15:00+09:00,J5,573,552,1125
2019-02-01T22:30:00+09:00,J1,1137,1292,2429
2019-02-01T22:30:00+09:00,J2,777,797,1574
2019-02-01T22:30:00+09:00,J3,1141,870,2011
2019-02-01T22:30:00+09:00,J4,938,1086,2024
2019-02-01T22:30:00+09:00,J5,607,530,1137
2019-02-01T22:45:00+09:00,J1,1052,1213,2265
2019-02-01T22:45:00+09:00,J2,679,702,1381
2019-02-01T22:45:00+09:00,J3,1168,807,1975
2019-02-01T22:45:00+09:00,J4,941,1086,2027
2019-02-01T22:45:00+09:00,J5,553,538,1091
2019-02-01T23:00:00+09:00,J1,1053,1136,2189
2019-02-01T23:00:00+09:00,J2,675,723,1398
2019-02-01T23:00:00+09:00,J3,1018,718,1736
2019-02-01T23:00:00+09:00,J4,901,990,1891
2019-02-01T23:00:00+09:00,J5,599,571,1170
2019-02-01T23:15:00+09:00,J1,991,1238,2229
2019-02-01T23:15:00+09:00,J2,686,765,1451
2019-02-01T23:15:00+09:00,J3,1060,793,1853
2019-02-01T23:15:00+09:00,J4,836,914,1750
2019-02-01T23:15:00+09:00,J5,543,571,1114
2019-02-01T23:30:00+09:00,J1,1013,1151,2164
2019-02-01T23:30:00+09:00,J2,685,756,1441
2019-02-01T23:30:00+09:00,J3,1093,860,1953
2019-02-01T23:30:00+09:00,J4,892,935,1827
2019-02-01T23:30:00+09:00,J5,532,570,1102
2019-02-01T23:45:00+09:00,J1,1117,1184,2301
2019-02-01T23:45:00+09:00,J2,697,656,1353
2019-02-01T23:45:00+09:00,J3,1075,761,1836
2019-02-01T23:45:00+09:00,J4,831,934,1765
2019-02-01T23:45:00+09:00,J5,599,593,1192
2019-02-02T00:00:00+09:00,J1,893,998,1891
2019-02-02T00:00:00+09:00,J2,533,569,1102
2019-02-02T00:00:00+09:00,J3,922,731,1653
2019-02-02T00:00:00+09:00,J4,773,887,1660
2019-02-02T00:00:00+09:00,J5,610,612,1222
2019-02-02T00:15:00+09:00,J1,693,771,1464
2019-02-02T00:15:00+09:00,J2,494,524,1018
2019-02-02T00:15:00+09:00,J3,666,631,1297
2019-02-02T00:15:00+09:00,J4,523,588,1111
2019-02-02T00:15:00+09:00,J5,602,596,1198
2019-02-02T00:30:00+09:00,J1,652,595,1247
2019-02-02T00:30:00+09:00,J2,467,486,953
2019-02-02T00:30:00+09:00,J3,710,654,1364
2019-02-02T00:30:00+09:00,J4,455,530,985
2019-02-02T00:30:00+09:00,J5,557,543,1100
2019-02-02T00:45:00+09:00,J1,558,511,1069
2019-02-02T00:45:00+09:00,J2,481,478,959
2019-02-02T00:45:00+09:00,J3,725,640,1365
2019-02-02T00:45:00+09:00,J4,483,530,1013
2019-02-02T00:45:00+09:00,J5,520,495,1015
2019-02-02T05:45:00+09:00,J1,682,657,1339
2019-02-02T05:45:00+09:00,J2,467,482,949
2019-02-02T05:45:00+09:00,J3,928,891,1819
2019-02-02T05:45:00+09:00,J4,813,823,1636
2019-02-02T05:45:00+09:00,J5,542,478,1020
2019-02-02T06:00:00+09:00,J1,756,731,1487
2019-02-02T06:00:00+09:00,J2,486,444,930
2019-02-02T06:00:00+09:00,J3,940,861,1801
2019-02-02T06:00:00+09:00,J4,835,807,1642
2019-02-02T06:00:00+09:00,J5,568,499,1067
2019-02-02T06:15:00+09:00,J1,749,837,1586
2019-02-02T06:15:00+09:00,J2,522,544,1066
2019-02-02T06:15:00+09:00,J3,806,807,1613
2019-02-02T06:15:00+09:00,J4,855,871,1726
2019-02-02T06:15:00+09:00,J5,531,519,1050
2019-02-02T06:30:00+09:00,J1,964,1005,1969
2019-02-02T06:30:00+09:00,J2,568,575,1143
2019-02-02T06:30:00+09:00,J3,961,875,1836
2019-02-02T06:30:00+09:00,J4,837,814,1651
2019-02-02T06:30:00+09:00,J5,584,516,1100
2019-02-02T06:45:00+09:00,J1,939,926,1865
2019-02-02T06:45:00+09:00,J2,573,507,1080
2019-02-02T06:45:00+09:00,J3,940,796,1736
2019-02-02T06:45:00+09:00,J4,760,936,1696
2019-02-02T06:45:00+09:00,J5,574,518,1092
2019-02-02T07:00:00+09:00,J1,1018,1131,2149
2019-02-02T07:00:00+09:00,J2,727,660,1387
2019-02-02T07:00:00+09:00,J3,911,811,1722
2019-02-02T07:00:00+09:00,J4,942,825,1767
2019-02-02T07:00:00+09:00,J5,582,559,1141
2019-02-02T07:15:00+09:00,J1,1107,1168,2275
2019-02-02T07:15:00+09:00,J2,731,756,1487
2019-02-02T07:15:00+09:00,J3,1079,953,2032
2019-02-02T07:15:00+09:00,J4,947,915,1862
2019-02-02T07:15:00+09:00,J5,626,573,1199
2019-02-02T07:30:00+09:00,J1,1147,1199,2346
2019-02-02T07:30:00+09:00,J2,732,746,1478
2019-02-02T07:30:00+09:00,J3,942,917,1859
2019-02-02T07:30:00+09:00,J4,999,930,1929
2019-02-02T07:30:00+09:00,J5,610,560,1170
2019-02-02T07:45:00+09:00,J1,1149,1110,2259
2019-02-02T07:45:00+09:00,J2,759,689,1448
2019-02-02T07:45:00+09:00,J3,979,877,1856
2019-02-02T07:45:00+09:00,J4,955,1050,2005
2019-02-02T07:45:00+09:00,J5,553,557,1110
2019-02-02T08:00:00+09:00,J1,1280,1387,2667
2019-02-02T08:00:00+09:00,J2,962,872,1834
2019-02-02T08:00:00+09:00,J3,1240,1042,2282
2019-02-02T08:00:00+09:00,J4,1020,1077,2097
2019-02-02T08:00:00+09:00,J5,691,643,1334
2019-02-02T08:15:00+09:00,J1,1288,1413,2701
2019-02-02T08:15:00+09:00,J2,898,815,1713
2019-02-02T08:15:00+09:00,J3,1381,1240,2621
2019-02-02T08:15:00+09:00,J4,1089,1101,2190
2019-02-02T08:15:00+09:00,J5,648,664,1312
2019-02-02T08:30:00+09:00,J1,1259,1393,2652
2019-02-02T08:30:00+09:00,J2,958,779,1737
2019-02-02T08:30:00+09:00,J3,1324,1222,2546
2019-02-02T08:30:00+09:00,J4,1090,1190,2280
2019-02-02T08:30:00+09:00,J5,741,730,1471
2019-02-02T08:45:00+09:00,J1,1202,1382,2584
2019-02-02T08:45:00+09:00,J2,853,739,1592
2019-02-02T08:45:00+09:00,J3,1418,1219,2637
2019-02-02T08:45:00+09:00,J4,977,1070,2047
2019-02-02T08:45:00+09:00,J5,695,676,1371
2019-02-02T09:00:00+09:00,J1,1280,1392,2672
2019-02-02T09:00:00+09:00,J2,1136,1000,2136
2019-02-02T09:00:00+09:00,J3,1098,1070,2168
2019-02-02T09:00:00+09:00,J4,1031,1076,2107
2019-02-02T09:00:00+09:00,J5,540,480,1020
2019-02-02T09:15:00+09:00,J1,1344,1334,2678
2019-02-02T09:15:00+09:00,J2,1118,1032,2150
2019-02-02T09:15:00+09:00,J3,963,965,1928
2019-02-02T09:15:00+09:00,J4,936,972,1908
2019-02-02T09:15:00+09:00,J5,518,509,1027
2019-02-02T09:30:00+09:00,J1,1373,1392,2765
2019-02-02T09:30:00+09:00,J2,1198,1013,2211
2019-02-02T09:30:00+09:00,J3,1150,1139,2289
2019-02-02T09:30:00+09:00,J4,898,992,1890
2019-02-02T09:30:00+09:00,J5,528,551,1079
2019-02-02T09:45:00+09:00,J1,1341,1411,2752
2019-02-02T09:45:00+09:00,J2,932,834,1766
2019-02-02T09:45:00+09:00,J3,1256,1039,2295
2019-02-02T09:45:00+09:00,J4,960,1006,1966
2019-02-02T09:45:00+09:00,J5,572,535,1107
2019-02-02T10:00:00+09:00,J1,1326,1392,2718
2019-02-02T10:00:00+09:00,J2,997,918,1915
2019-02-02T10:00:00+09:00,J3,1252,1024,2276
2019-02-02T10:00:00+09:00,J4,947,973,1920
2019-02-02T10:00:00+09:00,J5,548,560,1108
2019-02-02T10:15:00+09:00,J1,1314,1453,2767
2019-02-02T10:15:00+09:00,J2,1051,990,2041
2019-02-02T10:15:00+09:00,J3,1221,1084,2305
2019-02-02T10:15:00+09:00,J4,907,1121,2028
2019-02-02T10:15:00+09:00,J5,624,529,1153
2019-02-02T10:30:00+09:00,J1,1335,1468,2803
2019-02-02T10:30:00+09:00,J2,929,954,1883
2019-02-02T10:30:00+09:00,J3,1195,1078,2273
2019-02-02T10:30:00+09:00,J4,967,1074,2041
2019-02-02T10:30:00+09:00,J5,613,544,1157
2019-02-02T10:45:00+09:00,J1,1269,1413,2682
2019-02-02T10:45:00+09:00,J2,891,821,1712
2019-02-02T10:45:00+09:00,J3,1072,938,2010
2019-02-02T10:45:00+09:00,J4,904,1076,1980
2019-02-02T10:45:00+09:00,J5,557,573,1130
2019-02-02T11:00:00+09:00,J1,1151,1324,2475
2019-02-02T11:00:00+09:00,J2,986,925,1911
2019-02-02T11:00:00+09:00,J3,1141,1115,2256
2019-02-02T11:00:00+09:00,J4,979,1057,2036
2019-02-02T11:00:00+09:00,J5,566,540,1106
2019-02-02T11:15:00+09:00,J1,1253,1386,2639
2019-02-02T11:15:00+09:00,J2,813,891,1704
2019-02-02T11:15:00+09:00,J3,1209,1167,2376
2019-02-02T11:15:00+09:00,J4,1055,1103,2158
2019-02-02T11:15:00+09:00,J5,696,651,1347
2019-02-02T11:30:00+09:00,J1,1282,1451,2733
2019-02-02T11:30:00+09:00,J2,766,811,1577
2019-02-02T11:30:00+09:00,J3,1170,1076,2246
2019-02-02T11:30:00+09:00,J4,1067,1164,2231
2019-02-02T11:30:00+09:00,J5,655,692,1347
2019-02-02T11:45:00+09:00,J1,1237,1439,2676
2019-02-02T11:45:00+09:00,J2,783,745,1528
2019-02-02T11:45:00+09:00,J3,1134,985,2119
2019-02-02T11:45:00+09:00,J4,1044,1119,2163
2019-02-02T11:45:00+09:00,J5,673,665,1338
2019-02-02T12:00:00+09:00,J1,1224,1446,2670
2019-02-02T12:00:00+09:00,J2,833,708,1541
2019-02-02T12:00:00+09:00,J3,1258,1007,2265
2019-02-02T12:00:00+09:00,J4,1035,1121,2156
2019-02-02T12:00:00+09:00,J5,739,617,1356
2019-02-02T12:15:00+09:00,J1,1210,1438,2648
2019-02-02T12:15:00+09:00,J2,845,707,1552
2019-02-02T12:15:00+09:00,J3,1356,1028,2384
2019-02-02T12:15:00+09:00,J4,1008,1088,2096
2019-02-02T12:15:00+09:00,J5,725,639,1364
2019-02-02T12:30:00+09:00,J1,1133,1427,2560
2019-02-02T12:30:00+09:00,J2,970,672,1642
2019-02-02T12:30:00+09:00,J3,1289,1070,2359
2019-02-02T12:30:00+09:00,J4,1015,1183,2198
2019-02-02T12:30:00+09:00,J5,710,679,1389
2019-02-02T12:45:00+09:00,J1,1142,1423,2565
2019-02-02T12:45:00+09:00,J2,829,779,1608
2019-02-02T12:45:00+09:00,J3,1243,929,2172
2019-02-02T12:45:00+09:00,J4,958,1099,2057
2019-02-02T12:45:00+09:00,J5,714,723,1437
2019-02-02T13:00:00+09:00,J1,1190,1431,2621
2019-02-02T13:00:00+09:00,J2,975,814,1789
2019-02-02T13:00:00+09:00,J3,1335,1099,2434
2019-02-02T13:00:00+09:00,J4,1005,1092,2097
2019-02-02T13:00:00+09:00,J5,747,734,1481
2019-02-02T13:15:00+09:00,J1,1246,1513,2759
2019-02-02T13:15:00+09:00,J2,965,747,1712
2019-02-02T13:15:00+09:00,J3,1336,1133,2469
2019-02-02T13:15:00+09:00,J4,1143,1054,2197
2019-02-02T13:15:00+09:00,J5,745,724,1469
2019-02-02T13:30:00+09:00,J1,1216,1413,2629
2019-02-02T13:30:00+09:00,J2,864,795,1659
2019-02-02T13:30:00+09:00,J3,1419,1156,2575
2019-02-02T13:30:00+09:00,J4,991,1000,1991
2019-02-02T13:30:00+09:00,J5,714,669,1383
2019-02-02T13:45:00+09:00,J1,1244,1417,2661
2019-02-02T13:45:00+09:00,J2,841,801,1642
2019-02-02T13:45:00+09:00,J3,1332,1112,2444
2019-02-02T13:45:00+09:00,J4,1053,1015,2068
2019-02-02T13:45:00+09:00,J5,707,695,1402
2019-02-02T14:00:00+09:00,J1,1222,1353,2575
2019-02-02T14:00:00+09:00,J2,946,787,1733
2019-02-02T14:00:00+09:00,J3,1334,1004,2338
2019-02-02T14:00:00+09:00,J4,1023,1091,2114
2019-02-02T14:00:00+09:00,J5,654,710,1364
2019-02-02T14:15:00+09:00,J1,1194,1463,2657
2019-02-02T14:15:00+09:00,J2,975,768,1743
2019-02-02T14:15:00+09:00,J3,1211,970,2181
2019-02-02T14:15:00+09:00,J4,1072,1131,2203
2019-02-02T14:15:00+09:00,J5,646,714,1360
2019-02-02T14:30:00+09:00,J1,1214,1393,2607
2019-02-02T14:30:00+09:00,J2,994,788,1782
2019-02-02T14:30:00+09:00,J3,1258,941,2199
2019-02-02T14:30:00+09:00,J4,1076,1049,2125
2019-02-02T14:30:00+09:00,J5,687,648,1335
2019-02-02T14:45:00+09:00,J1,1138,1421,2559
2019-02-02T14:45:00+09:00,J2,967,777,1744
2019-02-02T14:45:00+09:00,J3,1327,1045,2372
2019-02-02T14:45:00+09:00,J4,1077,1040,2117
2019-02-02T14:45:00+09:00,J5,690,614,1304
2019-02-02T15:00:00+09:00,J1,1179,1485,2664
2019-02-02T15:00:00+09:00,J2,1010,790,1800
2019-02-02T15:00:00+09:00,J3,1370,1102,2472
2019-02-02T15:00:00+09:00,J4,1014,1114,2128
2019-02-02T15:00:00+09:00,J5,657,628,1285
2019-02-02T15:15:00+09:00,J1,1081,1477,2558
2019-02-02T15:15:00+09:00,J2,1064,818,1882
2019-02-02T15:15:00+09:00,J3,1367,1069,2436
2019-02-02T15:15:00+09:00,J4,1103,1108,2211
2019-02-02T15:15:00+09:00,J5,697,671,1368
2019-02-02T15:30:00+09:00,J1,1151,1451,2602
2019-02-02T15:30:00+09:00,J2,938,787,1725
2019-02-02T15:30:00+09:00,J3,1336,1166,2502
2019-02-02T15:30:00+09:00,J4,1130,1044,2174
2019-02-02T15:30:00+09:00,J5,680,726,1406
2019-02-02T15:45:00+09:00,J1,1112,1412,2524
2019-02-02T15:45:00+09:00,J2,1066,1048,2114
2019-02-02T15:45:00+09:00,J3,1399,1181,2580
2019-02-02T15:45:00+09:00,J4,1058,1076,2134
2019-02-02T15:45:00+09:00,J5,710,741,1451
2019-02-02T16:00:00+09:00,J1,1060,1461,2521
2019-02-02T16:00:00+09:00,J2,1072,907,1979
2019-02-02T16:00:00+09:00,J3,1505,1252,2757
2019-02-02T16:00:00+09:00,J4,1077,1100,2177
2019-02-02T16:00:00+09:00,J5,594,628,1222
2019-02-02T16:15:00+09:00,J1,1183,1479,2662
2019-02-02T16:15:00+09:00,J2,990,844,1834
2019-02-02T16:15:00+09:00,J3,1460,1215,2675
2019-02-02T16:15:00+09:00,J4,1153,1021,2174
2019-02-02T16:15:00+09:00,J5,498,559,1057
2019-02-02T16:30:00+09:00,J1,1217,1453,2670
2019-02-02T16:30:00+09:00,J2,1082,752,1834
2019-02-02T16:30:00+09:00,J3,1387,1260,2647
2019-02-02T16:30:00+09:00,J4,1079,1081,2160
2019-02-02T16:30:00+09:00,J5,659,606,1265
2019-02-02T16:45:00+09:00,J1,1120,1445,2565
2019-02-02T16:45:00+09:00,J2,985,868,1853
2019-02-02T16:45:00+09:00,J3,1521,1239,2760
2019-02-02T16:45:00+09:00,J4,1189,1057,2246
2019-02-02T16:45:00+09:00,J5,646,658,1304
2019-02-02T17:00:00+09:00,J1,1140,1465,2605
2019-02-02T17:00:00+09:00,J2,909,915,1824
2019-02-02T17:00:00+09:00,J3,1533,1261,2794
2019-02-02T17:00:00+09:00,J4,1151,1043,2194
2019-02-02T17:00:00+09:00,J5,615,636,1251
2019-02-02T17:15:00+09:00,J1,1228,1432,2660
2019-02-02T17:15:00+09:00,J2,985,929,1914
2019-02-02T17:15:00+09:00,J3,1707,1283,2990
2019-02-02T17:15:00+09:00,J4,1043,996,2039
2019-02-02T17:15:00+09:00,J5,603,611,1214
2019-02-02T17:30:00+09:00,J1,1223,1436,2659
2019-02-02T17:30:00+09:00,J2,1205,908,2113
2019-02-02T17:30:00+09:00,J3,1729,1218,2947
2019-02-02T17:30:00+09:00,J4,1092,982,2074
2019-02-02T17:30:00+09:00,J5,637,656,1293
2019-02-02T17:45:00+09:00,J1,1195,1395,2590
2019-02-02T17:45:00+09:00,J2,1163,978,2141
2019-02-02T17:45:00+09:00,J3,1684,1295,2979
2019-02-02T17:45:00+09:00,J4,1006,980,1986
2019-02-02T17:45:00+09:00,J5,588,653,1241
2019-02-02T18:00:00+09:00,J1,1244,1457,2701
2019-02-02T18:00:00+09:00,J2,931,904,1835
2019-02-02T18:00:00+09:00,J3,1690,1280,2970
2019-02-02T18:00:00+09:00,J4,976,977,1953
2019-02-02T18:00:00+09:00,J5,580,593,1173
2019-02-02T18:15:00+09:00,J1,1143,1424,2567
2019-02-02T18:15:00+09:00,J2,946,821,1767
2019-02-02T18:15:00+09:00,J3,1667,1187,2854
2019-02-02T18:15:00+09:00,J4,1045,948,1993
2019-02-02T18:15:00+09:00,J5,672,642,1314
2019-02-02T18:30:00+09:00,J1,1256,1408,2664
2019-02-02T18:30:00+09:00,J2,1079,798,1877
2019-02-02T18:30:00+09:00,J3,1299,1031,2330
2019-02-02T18:30:00+09:00,J4,1183,996,2179
2019-02-02T18:30:00+09:00,J5,517,517,1034
2019-02-02T18:45:00+09:00,J1,1205,1455,2660
2019-02-02T18:45:00+09:00,J2,901,716,1617
2019-02-02T18:45:00+09:00,J3,1108,904,2012
2019-02-02T18:45:00+09:00,J4,931,973,1904
2019-02-02T18:45:00+09:00,J5,494,480,974
2019-02-02T19:00:00+09:00,J1,1245,1338,2583
2019-02-02T19:00:00+09:00,J2,826,625,1451
2019-02-02T19:00:00+09:00,J3,997,859,1856
2019-02-02T19:00:00+09:00,J4,847,877,1724
2019-02-02T19:00:00+09:00,J5,467,462,929
2019-02-02T19:15:00+09:00,J1,1195,1415,2610
2019-02-02T19:15:00+09:00,J2,941,742,1683
2019-02-02T19:15:00+09:00,J3,1062,838,1900
2019-02-02T19:15:00+09:00,J4,898,960,1858
2019-02-02T19:15:00+09:00,J5,515,538,1053
2019-02-02T19:30:00+09:00,J1,1193,1343,2536
2019-02-02T19:30:00+09:00,J2,776,804,1580
2019-02-02T19:30:00+09:00,J3,1108,857,1965
2019-02-02T19:30:00+09:00,J4,986,1005,1991
2019-02-02T19:30:00+09:00,J5,503,501,1004
2019-02-02T19:45:00+09:00,J1,1172,1395,2567
2019-02-02T19:45:00+09:00,J2,728,717,1445
2019-02-02T19:45:00+09:00,J3,1155,1044,2199
2019-02-02T19:45:00+09:00,J4,1076,1047,2123
2019-02-02T19:45:00+09:00,J5,493,455,948
2019-02-02T20:00:00+09:00,J1,1186,1341,2527
2019-02-02T20:00:00+09:00,J2,744,731,1475
2019-02-02T20:00:00+09:00,J3,1240,1055,2295
2019-02-02T20:00:00+09:00,J4,1021,1029,2050
2019-02-02T20:00:00+09:00,J5,528,440,968
2019-02-02T20:15:00+09:00,J1,1198,1386,2584
2019-02-02T20:15:00+09:00,J2,804,764,1568
2019-02-02T20:15:00+09:00,J3,1259,1106,2365
2019-02-02T20:15:00+09:00,J4,1097,1000,2097
2019-02-02T20:15:00+09:00,J5,583,562,1145
2019-02-02T20:30:00+09:00,J1,1200,1406,2606
2019-02-02T20:30:00+09:00,J2,709,761,1470
2019-02-02T20:30:00+09:00,J3,1144,1034,2178
2019-02-02T20:30:00+09:00,J4,996,1042,2038
2019-02-02T20:30:00+09:00,J5,560,477,1037
2019-02-02T20:45:00+09:00,J1,1226,1263,2489
2019-02-02T20:45:00+09:00,J2,724,808,1532
2019-02-02T20:45:00+09:00,J3,1059,936,1995
2019-02-02T20:45:00+09:00,J4,821,866,1687
2019-02-02T20:45:00+09:00,J5,510,462,972
2019-02-02T21:00:00+09:00,J1,1187,1272,2459
2019-02-02T21:00:00+09:00,J2,910,849,1759
2019-02-02T21:00:00+09:00,J3,1139,877,2016
2019-02-02T21:00:00+09:00,J4,888,898,1786
2019-02-02T21:00:00+09:00,J5,523,491,1014
2019-02-02T21:15:00+09:00,J1,1202,1336,2538
2019-02-02T21:15:00+09:00,J2,916,782,1698
2019-02-02T21:15:00+09:00,J3,1136,857,1993
2019-02-02T21:15:00+09:00,J4,906,903,1809
2019-02-02T21:15:00+09:00,J5,512,516,1028
2019-02-02T21:30:00+09:00,J1,1109,1273,2382
2019-02-02T21:30:00+09:00,J2,788,768,1556
2019-02-02T21:30:00+09:00,J3,958,936,1894
2019-02-02T21:30:00+09:00,J4,913,917,1830
2019-02-02T21:30:00+09:00,J5,460,495,955
2019-02-02T21:45:00+09:00,J1,1114,1239,2353
2019-02-02T21:45:00+09:00,J2,865,899,1764
2019-02-02T21:45:00+09:00,J3,957,935,1892
2019-02-02T21:45:00+09:00,J4,901,1003,1904
2019-02-02T21:45:00+09:00,J5,497,524,1021
2019-02-02T22:00:00+09:00,J1,1090,1321,2411
2019-02-02T22:00:00+09:00,J2,897,896,1793
2019-02-02T22:00:00+09:00,J3,1025,903,1928
2019-02-02T22:00:00+09:00,J4,887,984,1871
2019-02-02T22:00:00+09:00,J5,539,512,1051
2019-02-02T22:15:00+09:00,J1,1128,1274,2402
2019-02-02T22:15:00+09:00,J2,782,748,1530
2019-02-02T22:15:00+09:00,J3,1071,1001,2072
2019-02-02T22:15:00+09:00,J4,902,999,1901
2019-02-02T22:15:00+09:00,J5,586,537,1123
2019-02-02T22:30:00+09:00,J1,1116,1265,2381
2019-02-02T22:30:00+09:00,J2,813,734,1547
2019-02-02T22:30:00+09:00,J3,959,1000,1959
2019-02-02T22:30:00+09:00,J4,857,939,1796
2019-02-02T22:30:00+09:00,J5,529,506,1035
2019-02-02T22:45:00+09:00,J1,1018,1241,2259
2019-02-02T22:45:00+09:00,J2,772,816,1588
2019-02-02T22:45:00+09:00,J3,1038,949,1987
2019-02-02T22:45:00+09:00,J4,867,1021,1888
2019-02-02T22:45:00+09:00,J5,547,484,1031
2019-02-02T23:00:00+09:00,J1,1074,1187,2261
2019-02-02T23:00:00+09:00,J2,742,774,1516
2019-02-02T23:00:00+09:00,J3,1028,817,1845
2019-02-02T23:00:00+09:00,J4,846,910,1756
2019-02-02T23:00:00+09:00,J5,546,492,1038
2019-02-02T23:15:00+09:00,J1,1046,1171,2217
2019-02-02T23:15:00+09:00,J2,692,754,1446
2019-02-02T23:15:00+09:00,J3,1078,775,1853
2019-02-02T23:15:00+09:00,J4,825,917,1742
2019-02-02T23:15:00+09:00,J5,510,451,961
2019-02-02T23:30:00+09:00,J1,970,1134,2104
2019-02-02T23:30:00+09:00,J2,736,720,1456
2019-02-02T23:30:00+09:00,J3,968,939,1907
2019-02-02T23:30:00+09:00,J4,789,884,1673
2019-02-02T23:30:00+09:00,J5,487,462,949
2019-02-02T23:45:00+09:00,J1,980,1068,2048
2019-02-02T23:45:00+09:00,J2,731,667,1398
2019-02-02T23:45:00+09:00,J3,1064,970,2034
2019-02-02T23:45:00+09:00,J4,762,738,1500
2019-02-02T23:45:00+09:00,J5,478,500,978
2019-02-03T00:00:00+09:00,J1,863,884,1747
2019-02-03T00:00:00+09:00,J2,547,584,1131
2019-02-03T00:00:00+09:00,J3,991,822,1813
2019-02-03T00:00:00+09:00,J4,707,707,1414
2019-02-03T00:00:00+09:00,J5,511,436,947
2019-02-03T00:15:00+09:00,J1,656,740,1396
2019-02-03T00:15:00+09:00,J2,544,488,1032
2019-02-03T00:15:00+09:00,J3,810,602,1412
2019-02-03T00:15:00+09:00,J4,586,583,1169
2019-02-03T00:15:00+09:00,J5,546,530,1076
2019-02-03T00:30:00+09:00,J1,502,486,988
2019-02-03T00:30:00+09:00,J2,475,444,919
2019-02-03T00:30:00+09:00,J3,751,523,1274
2019-02-03T00:30:00+09:00,J4,435,424,859
2019-02-03T00:30:00+09:00,J5,560,583,1143
2019-02-03T00:45:00+09:00,J1,397,425,822
2019-02-03T00:45:00+09:00,J2,460,451,911
2019-02-03T00:45:00+09:00,J3,747,532,1279
2019-02-03T00:45:00+09:00,J4,431,430,861
2019-02-03T00:45:00+09:00,J5,544,584,1128
2019-02-03T05:45:00+09:00,J1,809,769,1578
2019-02-03T05:45:00+09:00,J2,512,490,1002
2019-02-03T05:45:00+09:00,J3,552,536,1088
2019-02-03T05:45:00+09:00,J4,693,743,1436
2019-02-03T05:45:00+09:00,J5,468,534,1002
2019-02-03T06:00:00+09:00,J1,778,814,1592
2019-02-03T06:00:00+09:00,J2,557,558,1115
2019-02-03T06:00:00+09:00,J3,693,675,1368
2019-02-03T06:00:00+09:00,J4,695,815,1510
2019-02-03T06:00:00+09:00,J5,484,546,1030
2019-02-03T06:15:00+09:00,J1,797,846,1643
2019-02-03T06:15:00+09:00,J2,513,617,1130
2019-02-03T06:15:00+09:00,J3,786,743,1529
2019-02-03T06:15:00+09:00,J4,691,743,1434
2019-02-03T06:15:00+09:00,J5,508,534,1042
2019-02-03T06:30:00+09:00,J1,746,846,1592
2019-02-03T06:30:00+09:00,J2,508,557,1065
2019-02-03T06:30:00+09:00,J3,737,610,1347
2019-02-03T06:30:00+09:00,J4,704,696,1400
2019-02-03T06:30:00+09:00,J5,503,606,1109
2019-02-03T06:45:00+09:00,J1,731,820,1551
2019-02-03T06:45:00+09:00,J2,534,524,1058
2019-02-03T06:45:00+09:00,J3,632,554,1186
2019-02-03T06:45:00+09:00,J4,700,728,1428
2019-02-03T06:45:00+09:00,J5,550,608,1158
2019-02-03T07:00:00+09:00,J1,835,860,1695
2019-02-03T07:00:00+09:00,J2,549,553,1102
2019-02-03T07:00:00+09:00,J3,611,573,1184
2019-02-03T07:00:00+09:00,J4,791,853,1644
2019-02-03T07:00:00+09:00,J5,504,593,1097
2019-02-03T07:15:00+09:00,J1,861,869,1730
2019-02-03T07:15:00+09:00,J2,575,579,1154
2019-02-03T07:15:00+09:00,J3,668,576,1244
2019-02-03T07:15:00+09:00,J4,790,880,1670
2019-02-03T07:15:00+09:00,J5,535,621,1156
2019-02-03T07:30:00+09:00,J1,939,972,1911
2019-02-03T07:30:00+09:00,J2,596,565,1161
2019-02-03T07:30:00+09:00,J3,775,638,1413
2019-02-03T07:30:00+09:00,J4,920,983,1903
2019-02-03T07:30:00+09:00,J5,562,622,1184
2019-02-03T07:45:00+09:00,J1,871,912,1783
2019-02-03T07:45:00+09:00,J2,610,593,1203
2019-02-03T07:45:00+09:00,J3,853,645,1498
2019-02-03T07:45:00+09:00,J4,852,975,1827
2019-02-03T07:45:00+09:00,J5,530,541,1071
2019-02-03T08:00:00+09:00,J1,1203,1233,2436
2019-02-03T08:00:00+09:00,J2,808,825,1633
2019-02-03T08:00:00+09:00,J3,1191,1105,2296
2019-02-03T08:00:00+09:00,J4,864,971,1835
2019-02-03T08:00:00+09:00,J5,635,545,1180
2019-02-03T08:15:00+09:00,J1,1305,1280,2585
2019-02-03T08:15:00+09:00,J2,819,689,1508
2019-02-03T08:15:00+09:00,J3,1214,1081,2295
2019-02-03T08:15:00+09:00,J4,1020,1063,2083
2019-02-03T08:15:00+09:00,J5,741,672,1413
2019-02-03T08:30:00+09:00,J1,1239,1248,2487
2019-02-03T08:30:00+09:00,J2,710,733,1443
2019-02-03T08:30:00+09:00,J3,1297,1099,2396
2019-02-03T08:30:00+09:00,J4,955,1002,1957
2019-02-03T08:30:00+09:00,J5,714,689,1403
2019-02-03T08:45:00+09:00,J1,1199,1299,2498
2019-02-03T08:45:00+09:00,J2,831,760,1591
2019-02-03T08:45:00+09:00,J3,1273,1168,2441
2019-02-03T08:45:00+09:00,J4,976,957,1933
2019-02-03T08:45:00+09:00,J5,701,658,1359
2019-02-03T09:00:00+09:00,J1,1171,1209,2380
2019-02-03T09:00:00+09:00,J2,940,892,1832
2019-02-03T09:00:00+09:00,J3,779,763,1542
2019-02-03T09:00:00+09:00,J4,906,1021,1927
2019-02-03T09:00:00+09:00,J5,520,545,1065
2019-02-03T09:15:00+09:00,J1,1042,1091,2133
2019-02-03T09:15:00+09:00,J2,917,877,1794
2019-02-03T09:15:00+09:00,J3,883,868,1751
2019-02-03T09:15:00+09:00,J4,844,915,1759
2019-02-03T09:15:00+09:00,J5,485,431,916
2019-02-03T09:30:00+09:00,J1,1005,1054,2059
2019-02-03T09:30:00+09:00,J2,886,849,1735
2019-02-03T09:30:00+09:00,J3,935,848,1783
2019-02-03T09:30:00+09:00,J4,822,955,1777
2019-02-03T09:30:00+09:00,J5,485,418,903
2019-02-03T09:45:00+09:00,J1,1108,1104,2212
2019-02-03T09:45:00+09:00,J2,895,780,1675
2019-02-03T09:45:00+09:00,J3,1060,939,1999
2019-02-03T09:45:00+09:00,J4,844,925,1769
2019-02-03T09:45:00+09:00,J5,509,429,938
2019-02-03T10:00:00+09:00,J1,1134,1174,2308
2019-02-03T10:00:00+09:00,J2,767,727,1494
2019-02-03T10:00:00+09:00,J3,1091,970,2061
2019-02-03T10:00:00+09:00,J4,795,947,1742
2019-02-03T10:00:00+09:00,J5,450,439,889
2019-02-03T10:15:00+09:00,J1,1090,1198,2288
2019-02-03T10:15:00+09:00,J2,847,717,1564
2019-02-03T10:15:00+09:00,J3,1079,1014,2093
2019-02-03T10:15:00+09:00,J4,837,911,1748
2019-02-03T10:15:00+09:00,J5,483,465,948
2019-02-03T10:30:00+09:00,J1,1172,1049,2221
2019-02-03T10:30:00+09:00,J2,769,738,1507
2019-02-03T10:30:00+09:00,J3,1106,937,2043
2019-02-03T10:30:00+09:00,J4,871,914,1785
2019-02-03T10:30:00+09:00,J5,512,476,988
2019-02-03T10:45:00+09:00,J1,1177,1162,2339
2019-02-03T10:45:00+09:00,J2,801,711,1512
2019-02-03T10:45:00+09:00,J3,963,952,1915
2019-02-03T10:45:00+09:00,J4,925,900,1825
2019-02-03T10:45:00+09:00,J5,483,522,1005
2019-02-03T11:00:00+09:00,J1,1028,1267,2295
2019-02-03T11:00:00+09:00,J2,694,773,1467
2019-02-03T11:00:00+09:00,J3,1338,1025,2363
2019-02-03T11:00:00+09:00,J4,910,951,1861
2019-02-03T11:00:00+09:00,J5,639,585,1224
2019-02-03T11:15:00+09:00,J1,1115,1296,2411
2019-02-03T11:15:00+09:00,J2,740,731,1471
2019-02-03T11:15:00+09:00,J3,1305,1069,2374
2019-02-03T11:15:00+09:00,J4,916,930,1846
2019-02-03T11:15:00+09:00,J5,682,624,1306
2019-02-03T11:30:00+09:00,J1,1109,1346,2455
2019-02-03T11:30:00+09:00,J2,779,880,1659
2019-02-03T11:30:00+09:00,J3,1334,1225,2559
2019-02-03T11:30:00+09:00,J4,983,958,1941
2019-02-03T11:30:00+09:00,J5,655,641,1296
2019-02-03T11:45:00+09:00,J1,1147,1298,2445
2019-02-03T11:45:00+09:00,J2,772,828,1600
2019-02-03T11:45:00+09:00,J3,1384,1183,2567
2019-02-03T11:45:00+09:00,J4,978,950,1928
2019-02-03T11:45:00+09:00,J5,614,634,1248
2019-02-03T12:00:00+09:00,J1,1149,1286,2435
2019-02-03T12:00:00+09:00,J2,905,852,1757
2019-02-03T12:00:00+09:00,J3,1226,1075,2301
2019-02-03T12:00:00+09:00,J4,1011,920,1931
2019-02-03T12:00:00+09:00,J5,629,647,1276
2019-02-03T12:15:00+09:00,J1,1149,1312,2461
2019-02-03T12:15:00+09:00,J2,926,880,1806
2019-02-03T12:15:00+09:00,J3,1013,1156,2169
2019-02-03T12:15:00+09:00,J4,1023,873,1896
2019-02-03T12:15:00+09:00,J5,614,582,1196
2019-02-03T12:30:00+09:00,J1,1035,1226,2261
2019-02-03T12:30:00+09:00,J2,781,835,1616
2019-02-03T12:30:00+09:00,J3,1152,957,2109
2019-02-03T12:30:00+09:00,J4,907,923,1830
2019-02-03T12:30:00+09:00,J5,698,656,1354
2019-02-03T12:45:00+09:00,J1,1017,1301,2318
2019-02-03T12:45:00+09:00,J2,832,917,1749
2019-02-03T12:45:00+09:00,J3,1066,828,1894
2019-02-03T12:45:00+09:00,J4,917,890,1807
2019-02-03T12:45:00+09:00,J5,649,604,1253
2019-02-03T13:00:00+09:00,J1,1079,1198,2277
2019-02-03T13:00:00+09:00,J2,870,942,1812
2019-02-03T13:00:00+09:00,J3,1036,852,1888
2019-02-03T13:00:00+09:00,J4,936,957,1893
2019-02-03T13:00:00+09:00,J5,664,619,1283
2019-02-03T13:15:00+09:00,J1,1040,1240,2280
2019-02-03T13:15:00+09:00,J2,822,860,1682
2019-02-03T13:15:00+09:00,J3,1065,865,1930
2019-02-03T13:15:00+09:00,J4,903,994,1897
2019-02-03T13:15:00+09:00,J5,690,641,1331
2019-02-03T13:30:00+09:00,J1,1000,1300,2300
2019-02-03T13:30:00+09:00,J2,826,868,1694
2019-02-03T13:30:00+09:00,J3,1051,867,1918
2019-02-03T13:30:00+09:00,J4,923,955,1878
2019-02-03T13:30:00+09:00,J5,657,602,1259
2019-02-03T13:45:00+09:00,J1,1101,1303,2404
2019-02-03T13:45:00+09:00,J2,821,912,1733
2019-02-03T13:45:00+09:00,J3,1039,872,1911
2019-02-03T13:45:00+09:00,J4,883,924,1807
2019-02-03T13:45:00+09:00,J5,669,651,1320
2019-02-03T14:00:00+09:00,J1,1067,1299,2366
2019-02-03T14:00:00+09:00,J2,817,907,1724
2019-02-03T14:00:00+09:00,J3,989,856,1845
2019-02-03T14:00:00+09:00,J4,930,921,1851
2019-02-03T14:00:00+09:00,J5,679,599,1278
2019-02-03T14:15:00+09:00,J1,1096,1242,2338
2019-02-03T14:15:00+09:00,J2,815,867,1682
2019-02-03T14:15:00+09:00,J3,1039,920,1959
2019-02-03T14:15:00+09:00,J4,888,987,1875
2019-02-03T14:15:00+09:00,J5,667,634,1301
2019-02-03T14:30:00+09:00,J1,1179,1288,2467
2019-02-03T14:30:00+09:00,J2,776,841,1617
2019-02-03T14:30:00+09:00,J3,1046,852,1898
2019-02-03T14:30:00+09:00,J4,925,930,1855
2019-02-03T14:30:00+09:00,J5,687,689,1376
2019-02-03T14:45:00+09:00,J1,1102,1356,2458
2019-02-03T14:45:00+09:00,J2,787,915,1702
2019-02-03T14:45:00+09:00,J3,994,867,1861
2019-02-03T14:45:00+09:00,J4,949,882,1831
2019-02-03T14:45:00+09:00,J5,659,633,1292
2019-02-03T15:00:00+09:00,J1,1146,1298,2444
2019-02-03T15:00:00+09:00,J2,791,917,1708
2019-02-03T15:00:00+09:00,J3,969,846,1815
2019-02-03T15:00:00+09:00,J4,910,897,1807
2019-02-03T15:00:00+09:00,J5,675,640,1315
2019-02-03T15:15:00+09:00,J1,1013,1324,2337
2019-02-03T15:15:00+09:00,J2,778,927,1705
2019-02-03T15:15:00+09:00,J3,1029,897,1926
2019-02-03T15:15:00+09:00,J4,983,890,1873
2019-02-03T15:15:00+09:00,J5,643,654,1297
2019-02-03T15:30:00+09:00,J1,1118,1358,2476
2019-02-03T15:30:00+09:00,J2,800,903,1703
2019-02-03T15:30:00+09:00,J3,948,892,1840
2019-02-03T15:30:00+09:00,J4,874,875,1749
2019-02-03T15:30:00+09:00,J5,694,634,1328
2019-02-03T15:45:00+09:00,J1,1114,1296,2410
2019-02-03T15:45:00+09:00,J2,815,891,1706
2019-02-03T15:45:00+09:00,J3,1021,837,1858
2019-02-03T15:45:00+09:00,J4,918,936,1854
2019-02-03T15:45:00+09:00,J5,670,625,1295
2019-02-03T16:00:00+09:00,J1,1144,1373,2517
2019-02-03T16:00:00+09:00,J2,850,925,1775
2019-02-03T16:00:00+09:00,J3,1027,1052,2079
2019-02-03T16:00:00+09:00,J4,835,895,1730
2019-02-03T16:00:00+09:00,J5,646,608,1254
2019-02-03T16:15:00+09:00,J1,1110,1312,2422
2019-02-03T16:15:00+09:00,J2,852,868,1720
2019-02-03T16:15:00+09:00,J3,1102,1088,2190
2019-02-03T16:15:00+09:00,J4,822,881,1703
2019-02-03T16:15:00+09:00,J5,637,622,1259
2019-02-03T16:30:00+09:00,J1,1094,1343,2437
2019-02-03T16:30:00+09:00,J2,761,890,1651
2019-02-03T16:30:00+09:00,J3,1090,1059,2149
2019-02-03T16:30:00+09:00,J4,879,918,1797
2019-02-03T16:30:00+09:00,J5,635,565,1200
2019-02-03T16:45:00+09:00,J1,1051,1293,2344
2019-02-03T16:45:00+09:00,J2,812,826,1638
2019-02-03T16:45:00+09:00,J3,982,1046,2028
2019-02-03T16:45:00+09:00,J4,844,867,1711
2019-02-03T16:45:00+09:00,J5,628,615,1243
2019-02-03T17:00:00+09:00,J1,1092,1374,2466
2019-02-03T17:00:00+09:00,J2,750,845,1595
2019-02-03T17:00:00+09:00,J3,1204,1122,2326
2019-02-03T17:00:00+09:00,J4,847,851,1698
2019-02-03T17:00:00+09:00,J5,619,680,1299
2019-02-03T17:15:00+09:00,J1,1126,1391,2517
2019-02-03T17:15:00+09:00,J2,715,826,1541
2019-02-03T17:15:00+09:00,J3,1283,1122,2405
2019-02-03T17:15:00+09:00,J4,796,872,1668
2019-02-03T17:15:00+09:00,J5,619,707,1326
2019-02-03T17:30:00+09:00,J1,1080,1360,2440
2019-02-03T17:30:00+09:00,J2,726,769,1495
2019-02-03T17:30:00+09:00,J3,1203,1053,2256
2019-02-03T17:30:00+09:00,J4,791,871,1662
2019-02-03T17:30:00+09:00,J5,669,666,1335
2019-02-03T17:45:00+09:00,J1,1075,1289,2364
2019-02-03T17:45:00+09:00,J2,818,827,1645
2019-02-03T17:45:00+09:00,J3,1298,993,2291
2019-02-03T17:45:00+09:00,J4,866,842,1708
2019-02-03T17:45:00+09:00,J5,632,652,1284
2019-02-03T18:00:00+09:00,J1,1155,1391,2546
2019-02-03T18:00:00+09:00,J2,758,820,1578
2019-02-03T18:00:00+09:00,J3,1137,943,2080
2019-02-03T18:00:00+09:00,J4,764,810,1574
2019-02-03T18:00:00+09:00,J5,653,685,1338
2019-02-03T18:15:00+09:00,J1,1076,1319,2395
2019-02-03T18:15:00+09:00,J2,797,824,1621
2019-02-03T18:15:00+09:00,J3,1164,1024,2188
2019-02-03T18:15:00+09:00,J4,801,780,1581
2019-02-03T18:15:00+09:00,J5,725,702,1427
2019-02-03T18:30:00+09:00,J1,1179,1286,2465
2019-02-03T18:30:00+09:00,J2,764,802,1566
2019-02-03T18:30:00+09:00,J3,947,843,1790
2019-02-03T18:30:00+09:00,J4,800,840,1640
2019-02-03T18:30:00+09:00,J5,565,573,1138
2019-02-03T18:45:00+09:00,J1,1165,1244,2409
2019-02-03T18:45:00+09:00,J2,748,839,1587
2019-02-03T18:45:00+09:00,J3,997,848,1845
2019-02-03T18:45:00+09:00,J4,875,823,1698
2019-02-03T18:45:00+09:00,J5,457,461,918
2019-02-03T19:00:00+09:00,J1,1179,1291,2470
2019-02-03T19:00:00+09:00,J2,566,559,1125
2019-02-03T19:00:00+09:00,J3,976,912,1888
2019-02-03T19:00:00+09:00,J4,931,790,1721
2019-02-03T19:00:00+09:00,J5,393,490,883
2019-02-03T19:15:00+09:00,J1,1123,1239,2362
2019-02-03T19:15:00+09:00,J2,591,492,1083
2019-02-03T19:15:00+09:00,J3,982,878,1860
2019-02-03T19:15:00+09:00,J4,944,840,1784
2019-02-03T19:15:00+09:00,J5,419,452,871
2019-02-03T19:30:00+09:00,J1,1132,1193,2325
2019-02-03T19:30:00+09:00,J2,537,463,1000
2019-02-03T19:30:00+09:00,J3,935,781,1716
2019-02-03T19:30:00+09:00,J4,977,816,1793
2019-02-03T19:30:00+09:00,J5,413,467,880
2019-02-03T19:45:00+09:00,J1,1118,1172,2290
2019-02-03T19:45:00+09:00,J2,479,465,944
2019-02-03T19:45:00+09:00,J3,837,749,1586
2019-02-03T19:45:00+09:00,J4,882,837,1719
2019-02-03T19:45:00+09:00,J5,385,418,803
2019-02-03T20:00:00+09:00,J1,1137,1172,2309
2019-02-03T20:00:00+09:00,J2,539,477,1016
2019-02-03T20:00:00+09:00,J3,907,788,1695
2019-02-03T20:00:00+09:00,J4,941,957,1898
2019-02-03T20:00:00+09:00,J5,416,452,868
2019-02-03T20:15:00+09:00,J1,1010,1215,2225
2019-02-03T20:15:00+09:00,J2,586,506,1092
2019-02-03T20:15:00+09:00,J3,824,820,1644
2019-02-03T20:15:00+09:00,J4,995,813,1808
2019-02-03T20:15:00+09:00,J5,400,437,837
2019-02-03T20:30:00+09:00,J1,1099,1225,2324
2019-02-03T20:30:00+09:00,J2,597,497,1094
2019-02-03T20:30:00+09:00,J3,895,909,1804
2019-02-03T20:30:00+09:00,J4,945,775,1720
2019-02-03T20:30:00+09:00,J5,387,409,796
2019-02-03T20:45:00+09:00,J1,1119,1228,2347
2019-02-03T20:45:00+09:00,J2,596,557,1153
2019-02-03T20:45:00+09:00,J3,829,811,1640
2019-02-03T20:45:00+09:00,J4,879,818,1697
2019-02-03T20:45:00+09:00,J5,377,368,745
2019-02-03T21:00:00+09:00,J1,1006,1186,2192
2019-02-03T21:00:00+09:00,J2,634,601,1235
2019-02-03T21:00:00+09:00,J3,960,879,1839
2019-02-03T21:00:00+09:00,J4,882,794,1676
2019-02-03T21:00:00+09:00,J5,371,383,754
2019-02-03T21:15:00+09:00,J1,1043,1126,2169
2019-02-03T21:15:00+09:00,J2,685,666,1351
2019-02-03T21:15:00+09:00,J3,1027,767,1794
2019-02-03T21:15:00+09:00,J4,882,830,1712
2019-02-03T21:15:00+09:00,J5,448,401,849
2019-02-03T21:30:00+09:00,J1,1000,1093,2093
2019-02-03T21:30:00+09:00,J2,586,560,1146
2019-02-03T21:30:00+09:00,J3,1086,728,1814
2019-02-03T21:30:00+09:00,J4,777,842,1619
2019-02-03T21:30:00+09:00,J5,420,383,803
2019-02-03T21:45:00+09:00,J1,1020,1074,2094
2019-02-03T21:45:00+09:00,J2,610,541,1151
2019-02-03T21:45:00+09:00,J3,951,636,1587
2019-02-03T21:45:00+09:00,J4,740,785,1525
2019-02-03T21:45:00+09:00,J5,364,383,747
2019-02-03T22:00:00+09:00,J1,994,1118,2112
2019-02-03T22:00:00+09:00,J2,705,715,1420
2019-02-03T22:00:00+09:00,J3,802,671,1473
2019-02-03T22:00:00+09:00,J4,857,823,1680
2019-02-03T22:00:00+09:00,J5,330,390,720
2019-02-03T22:15:00+09:00,J1,990,1074,2064
2019-02-03T22:15:00+09:00,J2,816,720,1536
2019-02-03T22:15:00+09:00,J3,705,577,1282
2019-02-03T22:15:00+09:00,J4,732,829,1561
2019-02-03T22:15:00+09:00,J5,439,431,870
2019-02-03T22:30:00+09:00,J1,1021,1100,2121
2019-02-03T22:30:00+09:00,J2,726,729,1455
2019-02-03T22:30:00+09:00,J3,687,609,1296
2019-02-03T22:30:00+09:00,J4,759,820,1579
2019-02-03T22:30:00+09:00,J5,474,461,935
2019-02-03T22:45:00+09:00,J1,991,1081,2072
2019-02-03T22:45:00+09:00,J2,802,764,1566
2019-02-03T22:45:00+09:00,J3,587,563,1150
2019-02-03T22:45:00+09:00,J4,738,787,1525
2019-02-03T22:45:00+09:00,J5,438,514,952
2019-02-03T23:00:00+09:00,J1,1035,1104,2139
2019-02-03T23:00:00+09:00,J2,819,790,1609
2019-02-03T23:00:00+09:00,J3,641,679,1320
2019-02-03T23:00:00+09:00,J4,733,843,1576
2019-02-03T23:00:00+09:00,J5,524,484,1008
2019-02-03T23:15:00+09:00,J1,1015,1135,2150
2019-02-03T23:15:00+09:00,J2,756,691,1447
2019-02-03T23:15:00+09:00,J3,661,690,1351
2019-02-03T23:15:00+09:00,J4,762,882,1644
2019-02-03T23:15:00+09:00,J5,488,494,982
2019-02-03T23:30:00+09:00,J1,980,1125,2105
2019-02-03T23:30:00+09:00,J2,740,734,1474
2019-02-03T23:30:00+09:00,J3,623,650,1273
2019-02-03T23:30:00+09:00,J4,682,835,1517
2019-02-03T23:30:00+09:00,J5,528,454,982
2019-02-03T23:45:00+09:00,J1,885,1075,1960
2019-02-03T23:45:00+09:00,J2,720,674,1394
2019-02-03T23:45:00+09:00,J3,559,580,1139
2019-02-03T23:45:00+09:00,J4,810,872,1682
2019-02-03T23:45:00+09:00,J5,477,493,970
2019-02-04T00:00:00+09:00,J1,772,878,1650
2019-02-04T00:00:00+09:00,J2,622,664,1286
2019-02-04T00:00:00+09:00,J3,773,786,1559
2019-02-04T00:00:00+09:00,J4,767,718,1485
2019-02-04T00:00:00+09:00,J5,553,471,1024
2019-02-04T00:15:00+09:00,J1,659,685,1344
2019-02-04T00:15:00+09:00,J2,611,650,1261
2019-02-04T00:15:00+09:00,J3,982,925,1907
2019-02-04T00:15:00+09:00,J4,643,717,1360
2019-02-04T00:15:00+09:00,J5,503,481,984
2019-02-04T00:30:00+09:00,J1,485,553,1038
2019-02-04T00:30:00+09:00,J2,615,589,1204
2019-02-04T00:30:00+09:00,J3,914,769,1683
2019-02-04T00:30:00+09:00,J4,442,562,1004
2019-02-04T00:30:00+09:00,J5,432,463,895
2019-02-04T00:45:00+09:00,J1,575,632,1207
2019-02-04T00:45:00+09:00,J2,646,615,1261
2019-02-04T00:45:00+09:00,J3,988,700,1688
2019-02-04T00:45:00+09:00,J4,417,513,930
2019-02-04T00:45:00+09:00,J5,456,434,890
2019-02-04T05:45:00+09:00,J1,811,889,1700
2019-02-04T05:45:00+09:00,J2,518,581,1099
2019-02-04T05:45:00+09:00,J3,827,621,1448
2019-02-04T05:45:00+09:00,J4,587,669,1256
2019-02-04T05:45:00+09:00,J5,364,372,736
2019-02-04T06:00:00+09:00,J1,858,902,1760
2019-02-04T06:00:00+09:00,J2,613,689,1302
2019-02-04T06:00:00+09:00,J3,924,641,1565
2019-02-04T06:00:00+09:00,J4,600,646,1246
2019-02-04T06:00:00+09:00,J5,351,357,708
2019-02-04T06:15:00+09:00,J1,893,1028,1921
2019-02-04T06:15:00+09:00,J2,652,716,1368
2019-02-04T06:15:00+09:00,J3,1035,785,1820
2019-02-04T06:15:00+09:00,J4,689,712,1401
2019-02-04T06:15:00+09:00,J5,469,457,926
2019-02-04T06:30:00+09:00,J1,860,934,1794
2019-02-04T06:30:00+09:00,J2,596,764,1360
2019-02-04T06:30:00+09:00,J3,960,790,1750
2019-02-04T06:30:00+09:00,J4,623,685,1308
2019-02-04T06:30:00+09:00,J5,456,397,853
2019-02-04T06:45:00+09:00,J1,905,977,1882
2019-02-04T06:45:00+09:00,J2,619,742,1361
2019-02-04T06:45:00+09:00,J3,1039,780,1819
2019-02-04T06:45:00+09:00,J4,704,824,1528
2019-02-04T06:45:00+09:00,J5,506,488,994
2019-02-04T07:00:00+09:00,J1,884,998,1882
2019-02-04T07:00:00+09:00,J2,595,601,1196
2019-02-04T07:00:00+09:00,J3,1066,835,1901
2019-02-04T07:00:00+09:00,J4,764,842,1606
2019-02-04T07:00:00+09:00,J5,507,495,1002
2019-02-04T07:15:00+09:00,J1,944,1024,1968
2019-02-04T07:15:00+09:00,J2,674,619,1293
2019-02-04T07:15:00+09:00,J3,1106,973,2079
2019-02-04T07:15:00+09:00,J4,810,891,1701
2019-02-04T07:15:00+09:00,J5,610,591,1201
2019-02-04T07:30:00+09:00,J1,1074,1092,2166
2019-02-04T07:30:00+09:00,J2,875,781,1656
2019-02-04T07:30:00+09:00,J3,1264,1106,2370
2019-02-04T07:30:00+09:00,J4,850,1000,1850
2019-02-04T07:30:00+09:00,J5,775,595,1370
2019-02-04T07:45:00+09:00,J1,1132,1219,2351
2019-02-04T07:45:00+09:00,J2,1130,822,1952
2019-02-04T07:45:00+09:00,J3,1221,1201,2422
2019-02-04T07:45:00+09:00,J4,878,1110,1988
2019-02-04T07:45:00+09:00,J5,700,564,1264
2019-02-04T08:00:00+09:00,J1,1310,1271,2581
2019-02-04T08:00:00+09:00,J2,1156,797,1953
2019-02-04T08:00:00+09:00,J3,1362,1292,2654
2019-02-04T08:00:00+09:00,J4,1061,1169,2230
2019-02-04T08:00:00+09:00,J5,813,662,1475
2019-02-04T08:15:00+09:00,J1,1368,1306,2674
2019-02-04T08:15:00+09:00,J2,1204,858,2062
2019-02-04T08:15:00+09:00,J3,1454,1472,2926
2019-02-04T08:15:00+09:00,J4,993,1174,2167
2019-02-04T08:15:00+09:00,J5,830,648,1478
2019-02-04T08:30:00+09:00,J1,1472,1340,2812
2019-02-04T08:30:00+09:00,J2,1282,854,2136
2019-02-04T08:30:00+09:00,J3,1462,1521,2983
2019-02-04T08:30:00+09:00,J4,993,1182,2175
2019-02-04T08:30:00+09:00,J5,864,656,1520
2019-02-04T08:45:00+09:00,J1,1360,1316,2676
2019-02-04T08:45:00+09:00,J2,1016,708,1724
2019-02-04T08:45:00+09:00,J3,1252,1320,2572
2019-02-04T08:45:00+09:00,J4,984,1030,2014
2019-02-04T08:45:00+09:00,J5,731,564,1295
2019-02-04T09:00:00+09:00,J1,1322,1411,2733
2019-02-04T09:00:00+09:00,J2,966,778,1744
2019-02-04T09:00:00+09:00,J3,1203,1075,2278
2019-02-04T09:00:00+09:00,J4,894,957,1851
2019-02-04T09:00:00+09:00,J5,665,649,1314
2019-02-04T09:15:00+09:00,J1,1282,1271,2553
2019-02-04T09:15:00+09:00,J2,910,790,1700
2019-02-04T09:15:00+09:00,J3,1103,1136,2239
2019-02-04T09:15:00+09:00,J4,909,984,1893
2019-02-04T09:15:00+09:00,J5,453,366,819
2019-02-04T09:30:00+09:00,J1,1226,1284,2510
2019-02-04T09:30:00+09:00,J2,883,853,1736
2019-02-04T09:30:00+09:00,J3,1182,1097,2279
2019-02-04T09:30:00+09:00,J4,966,1087,2053
2019-02-04T09:30:00+09:00,J5,577,382,959
2019-02-04T09:45:00+09:00,J1,1108,1109,2217
2019-02-04T09:45:00+09:00,J2,860,788,1648
2019-02-04T09:45:00+09:00,J3,1237,1110,2347
2019-02-04T09:45:00+09:00,J4,928,909,1837
2019-02-04T09:45:00+09:00,J5,615,601,1216
2019-02-04T10:00:00+09:00,J1,1142,1233,2375
2019-02-04T10:00:00+09:00,J2,872,793,1665
2019-02-04T10:00:00+09:00,J3,1159,1032,2191
2019-02-04T10:00:00+09:00,J4,988,920,1908
2019-02-04T10:00:00+09:00,J5,582,599,1181
2019-02-04T10:15:00+09:00,J1,1190,1254,2444
2019-02-04T10:15:00+09:00,J2,951,831,1782
2019-02-04T10:15:00+09:00,J3,1198,1023,2221
2019-02-04T10:15:00+09:00,J4,950,943,1893
2019-02-04T10:15:00+09:00,J5,662,687,1349
2019-02-04T10:30:00+09:00,J1,1154,1278,2432
2019-02-04T10:30:00+09:00,J2,926,856,1782
2019-02-04T10:30:00+09:00,J3,1109,1080,2189
2019-02-04T10:30:00+09:00,J4,954,1006,1960
2019-02-04T10:30:00+09:00,J5,623,688,1311
2019-02-04T10:45:00+09:00,J1,1253,1319,2572
2019-02-04T10:45:00+09:00,J2,948,864,1812
2019-02-04T10:45:00+09:00,J3,1233,1107,2340
2019-02-04T10:45:00+09:00,J4,915,1042,1957
2019-02-04T10:45:00+09:00,J5,605,639,1244
2019-02-04T11:00:00+09:00,J1,1157,1389,2546
2019-02-04T11:00:00+09:00,J2,819,879,1698
2019-02-04T11:00:00+09:00,J3,1118,1059,2177
2019-02-04T11:00:00+09:00,J4,954,1095,2049
2019-02-04T11:00:00+09:00,J5,513,584,1097
2019-02-04T11:15:00+09:00,J1,1232,1303,2535
2019-02-04T11:15:00+09:00,J2,829,874,1703
2019-02-04T11:15:00+09:00,J3,1311,1225,2536
2019-02-04T11:15:00+09:00,J4,944,1069,2013
2019-02-04T11:15:00+09:00,J5,489,455,944
2019-02-04T11:30:00+09:00,J1,1175,1299,2474
2019-02-04T11:30:00+09:00,J2,783,883,1666
2019-02-04T11:30:00+09:00,J3,1323,1251,2574
2019-02-04T11:30:00+09:00,J4,873,994,1867
2019-02-04T11:30:00+09:00,J5,561,574,1135
2019-02-04T11:45:00+09:00,J1,1143,1319,2462
2019-02-04T11:45:00+09:00,J2,907,842,1749
2019-02-04T11:45:00+09:00,J3,1363,1167,2530
2019-02-04T11:45:00+09:00,J4,1023,1019,2042
2019-02-04T11:45:00+09:00,J5,683,662,1345
2019-02-04T12:00:00+09:00,J1,1109,1381,2490
2019-02-04T12:00:00+09:00,J2,879,995,1874
2019-02-04T12:00:00+09:00,J3,1496,1317,2813
2019-02-04T12:00:00+09:00,J4,955,1040,1995
2019-02-04T12:00:00+09:00,J5,730,745,1475
2019-02-04T12:15:00+09:00,J1,1078,1395,2473
2019-02-04T12:15:00+09:00,J2,867,854,1721
2019-02-04T12:15:00+09:00,J3,1321,1260,2581
2019-02-04T12:15:00+09:00,J4,1069,1154,2223
2019-02-04T12:15:00+09:00,J5,690,716,1406
2019-02-04T12:30:00+09:00,J1,1076,1264,2340
2019-02-04T12:30:00+09:00,J2,908,873,1781
2019-02-04T12:30:00+09:00,J3,1340,1241,2581
2019-02-04T12:30:00+09:00,J4,1032,1135,2167
2019-02-04T12:30:00+09:00,J5,631,593,1224
2019-02-04T12:45:00+09:00,J1,1127,1339,2466
2019-02-04T12:45:00+09:00,J2,898,947,1845
2019-02-04T12:45:00+09:00,J3,1337,1196,2533
2019-02-04T12:45:00+09:00,J4,1066,1064,2130
2019-02-04T12:45:00+09:00,J5,645,646,1291
2019-02-04T13:00:00+09:00,J1,1088,1447,2535
2019-02-04T13:00:00+09:00,J2,857,939,1796
2019-02-04T13:00:00+09:00,J3,1319,1195,2514
2019-02-04T13:00:00+09:00,J4,1024,1059,2083
2019-02-04T13:00:00+09:00,J5,697,716,1413
2019-02-04T13:15:00+09:00,J1,1083,1424,2507
2019-02-04T13:15:00+09:00,J2,840,948,1788
2019-02-04T13:15:00+09:00,J3,1325,1188,2513
2019-02-04T13:15:00+09:00,J4,1046,1022,2068
2019-02-04T13:15:00+09:00,J5,704,784,1488
2019-02-04T13:30:00+09:00,J1,1084,1421,2505
2019-02-04T13:30:00+09:00,J2,883,857,1740
2019-02-04T13:30:00+09:00,J3,1299,1117,2416
2019-02-04T13:30:00+09:00,J4,1061,992,2053
2019-02-04T13:30:00+09:00,J5,645,650,1295
2019-02-04T13:45:00+09:00,J1,1177,1273,2450
2019-02-04T13:45:00+09:00,J2,803,823,1626
2019-02-04T13:45:00+09:00,J3,1448,1069,2517
2019-02-04T13:45:00+09:00,J4,1010,988,1998
2019-02-04T13:45:00+09:00,J5,699,692,1391
2019-02-04T14:00:00+09:00,J1,1170,1381,2551
2019-02-04T14:00:00+09:00,J2,956,871,1827
2019-02-04T14:00:00+09:00,J3,1357,1117,2474
2019-02-04T14:00:00+09:00,J4,1003,988,1991
2019-02-04T14:00:00+09:00,J5,664,724,1388
2019-02-04T14:15:00+09:00,J1,1127,1345,2472
2019-02-04T14:15:00+09:00,J2,858,775,1633
2019-02-04T14:15:00+09:00,J3,1263,1088,2351
2019-02-04T14:15:00+09:00,J4,986,1100,2086
2019-02-04T14:15:00+09:00,J5,720,639,1359
2019-02-04T14:30:00+09:00,J1,1123,1405,2528
2019-02-04T14:30:00+09:00,J2,863,681,1544
2019-02-04T14:30:00+09:00,J3,1187,1048,2235
2019-02-04T14:30:00+09:00,J4,1106,1082,2188
2019-02-04T14:30:00+09:00,J5,661,640,1301
2019-02-04T14:45:00+09:00,J1,1144,1362,2506
2019-02-04T14:45:00+09:00,J2,801,777,1578
2019-02-04T14:45:00+09:00,J3,1235,1056,2291
2019-02-04T14:45:00+09:00,J4,973,1062,2035
2019-02-04T14:45:00+09:00,J5,697,685,1382
2019-02-04T15:00:00+09:00,J1,1188,1332,2520
2019-02-04T15:00:00+09:00,J2,802,854,1656
2019-02-04T15:00:00+09:00,J3,1286,1134,2420
2019-02-04T15:00:00+09:00,J4,940,1061,2001
2019-02-04T15:00:00+09:00,J5,696,707,1403
2019-02-04T15:15:00+09:00,J1,1156,1473,2629
2019-02-04T15:15:00+09:00,J2,786,878,1664
2019-02-04T15:15:00+09:00,J3,1334,1201,2535
2019-02-04T15:15:00+09:00,J4,1033,1151,2184
2019-02-04T15:15:00+09:00,J5,749,722,1471
2019-02-04T15:30:00+09:00,J1,1210,1341,2551
2019-02-04T15:30:00+09:00,J2,801,902,1703
2019-02-04T15:30:00+09:00,J3,1346,1137,2483
2019-02-04T15:30:00+09:00,J4,988,998,1986
2019-02-04T15:30:00+09:00,J5,798,728,1526
2019-02-04T15:45:00+09:00,J1,1208,1405,2613
2019-02-04T15:45:00+09:00,J2,829,907,1736
2019-02-04T15:45:00+09:00,J3,1406,1150,2556
2019-02-04T15:45:00+09:00,J4,1004,1103,2107
2019-02-04T15:45:00+09:00,J5,746,823,1569
2019-02-04T16:00:00+09:00,J1,1153,1336,2489
2019-02-04T16:00:00+09:00,J2,894,837,1731
2019-02-04T16:00:00+09:00,J3,1430,1119,2549
2019-02-04T16:00:00+09:00,J4,1068,1078,2146
2019-02-04T16:00:00+09:00,J5,725,716,1441
2019-02-04T16:15:00+09:00,J1,1157,1308,2465
2019-02-04T16:15:00+09:00,J2,996,811,1807
2019-02-04T16:15:00+09:00,J3,1391,1149,2540
2019-02-04T16:15:00+09:00,J4,1104,1018,2122
2019-02-04T16:15:00+09:00,J5,713,747,1460
2019-02-04T16:30:00+09:00,J1,1198,1370,2568
2019-02-04T16:30:00+09:00,J2,1010,829,1839
2019-02-04T16:30:00+09:00,J3,1405,1162,2567
2019-02-04T16:30:00+09:00,J4,1014,1127,2141
2019-02-04T16:30:00+09:00,J5,707,718,1425
2019-02-04T16:45:00+09:00,J1,1152,1410,2562
2019-02-04T16:45:00+09:00,J2,956,844,1800
2019-02-04T16:45:00+09:00,J3,1477,1116,2593
2019-02-04T16:45:00+09:00,J4,949,1052,2001
2019-02-04T16:45:00+09:00,J5,688,706,1394
2019-02-04T17:00:00+09:00,J1,1178,1422,2600
2019-02-04T17:00:00+09:00,J2,939,880,1819
2019-02-04T17:00:00+09:00,J3,1488,1201,2689
2019-02-04T17:00:00+09:00,J4,1100,1138,2238
2019-02-04T17:00:00+09:00,J5,744,768,1512
2019-02-04T17:15:00+09:00,J1,1155,1391,2546
2019-02-04T17:15:00+09:00,J2,1039,938,1977
2019-02-04T17:15:00+09:00,J3,1540,1352,2892
2019-02-04T17:15:00+09:00,J4,1172,1102,2274
2019-02-04T17:15:00+09:00,J5,791,818,1609
2019-02-04T17:30:00+09:00,J1,1182,1501,2683
2019-02-04T17:30:00+09:00,J2,1012,993,2005
2019-02-04T17:30:00+09:00,J3,1550,1331,2881
2019-02-04T17:30:00+09:00,J4,1169,1084,2253
2019-02-04T17:30:00+09:00,J5,830,772,1602
2019-02-04T17:45:00+09:00,J1,1188,1409,2597
2019-02-04T17:45:00+09:00,J2,930,976,1906
2019-02-04T17:45:00+09:00,J3,1649,1346,2995
2019-02-04T17:45:00+09:00,J4,1169,1028,2197
2019-02-04T17:45:00+09:00,J5,816,863,1679
2019-02-04T18:00:00+09:00,J1,1243,1478,2721
2019-02-04T18:00:00+09:00,J2,1019,1053,2072
2019-02-04T18:00:00+09:00,J3,1576,1255,2831
2019-02-04T18:00:00+09:00,J4,1207,1081,2288
2019-02-04T18:00:00+09:00,J5,762,813,1575
2019-02-04T18:15:00+09:00,J1,1281,1465,2746
2019-02-04T18:15:00+09:00,J2,974,972,1946
2019-02-04T18:15:00+09:00,J3,1470,1305,2775
2019-02-04T18:15:00+09:00,J4,1360,1114,2474
2019-02-04T18:15:00+09:00,J5,730,759,1489
2019-02-04T18:30:00+09:00,J1,1224,1472,2696
2019-02-04T18:30:00+09:00,J2,966,831,1797
2019-02-04T18:30:00+09:00,J3,1302,1209,2511
2019-02-04T18:30:00+09:00,J4,1088,1127,2215
2019-02-04T18:30:00+09:00,J5,716,753,1469
2019-02-04T18:45:00+09:00,J1,1196,1405,2601
2019-02-04T18:45:00+09:00,J2,901,842,1743
2019-02-04T18:45:00+09:00,J3,1327,1156,2483
2019-02-04T18:45:00+09:00,J4,1080,955,2035
2019-02-04T18:45:00+09:00,J5,747,774,1521
2019-02-04T19:00:00+09:00,J1,1208,1451,2659
2019-02-04T19:00:00+09:00,J2,811,764,1575
2019-02-04T19:00:00+09:00,J3,1310,1151,2461
2019-02-04T19:00:00+09:00,J4,976,1062,2038
2019-02-04T19:00:00+09:00,J5,704,770,1474
2019-02-04T19:15:00+09:00,J1,1084,1384,2468
2019-02-04T19:15:00+09:00,J2,841,778,1619
2019-02-04T19:15:00+09:00,J3,1218,1092,2310
2019-02-04T19:15:00+09:00,J4,1072,1130,2202
2019-02-04T19:15:00+09:00,J5,762,845,1607
2019-02-04T19:30:00+09:00,J1,1201,1443,2644
2019-02-04T19:30:00+09:00,J2,838,806,1644
2019-02-04T19:30:00+09:00,J3,1211,1086,2297
2019-02-04T19:30:00+09:00,J4,1009,973,1982
2019-02-04T19:30:00+09:00,J5,667,757,1424
2019-02-04T19:45:00+09:00,J1,1122,1414,2536
2019-02-04T19:45:00+09:00,J2,839,806,1645
2019-02-04T19:45:00+09:00,J3,1244,1156,2400
2019-02-04T19:45:00+09:00,J4,1058,1138,2196
2019-02-04T19:45:00+09:00,J5,688,675,1363
2019-02-04T20:00:00+09:00,J1,1219,1380,2599
2019-02-04T20:00:00+09:00,J2,887,814,1701
2019-02-04T20:00:00+09:00,J3,1258,1115,2373
2019-02-04T20:00:00+09:00,J4,1032,1030,2062
2019-02-04T20:00:00+09:00,J5,667,691,1358
2019-02-04T20:15:00+09:00,J1,1202,1342,2544
2019-02-04T20:15:00+09:00,J2,860,707,1567
2019-02-04T20:15:00+09:00,J3,1168,1057,2225
2019-02-04T20:15:00+09:00,J4,1041,1135,2176
2019-02-04T20:15:00+09:00,J5,685,708,1393
2019-02-04T20:30:00+09:00,J1,1232,1389,2621
2019-02-04T20:30:00+09:00,J2,863,811,1674
2019-02-04T20:30:00+09:00,J3,1206,1097,2303
2019-02-04T20:30:00+09:00,J4,971,1086,2057
2019-02-04T20:30:00+09:00,J5,658,741,1399
2019-02-04T20:45:00+09:00,J1,1187,1351,2538
2019-02-04T20:45:00+09:00,J2,804,901,1705
2019-02-04T20:45:00+09:00,J3,1098,932,2030
2019-02-04T20:45:00+09:00,J4,985,959,1944
2019-02-04T20:45:00+09:00,J5,617,641,1258
2019-02-04T21:00:00+09:00,J1,1165,1282,2447
2019-02-04T21:00:00+09:00,J2,786,806,1592
2019-02-04T21:00:00+09:00,J3,1111,903,2014
2019-02-04T21:00:00+09:00,J4,1117,1142,2259
2019-02-04T21:00:00+09:00,J5,627,668,1295
2019-02-04T21:15:00+09:00,J1,1145,1301,2446
2019-02-04T21:15:00+09:00,J2,697,743,1440
2019-02-04T21:15:00+09:00,J3,1156,959,2115
2019-02-04T21:15:00+09:00,J4,1107,1126,2233
2019-02-04T21:15:00+09:00,J5,528,603,1131
2019-02-04T21:30:00+09:00,J1,1179,1327,2506
2019-02-04T21:30:00+09:00,J2,871,883,1754
2019-02-04T21:30:00+09:00,J3,1057,959,2016
2019-02-04T21:30:00+09:00,J4,995,1070,2065
2019-02-04T21:30:00+09:00,J5,541,572,1113
2019-02-04T21:45:00+09:00,J1,1061,1346,2407
2019-02-04T21:45:00+09:00,J2,857,801,1658
2019-02-04T21:45:00+09:00,J3,1095,869,1964
2019-02-04T21:45:00+09:00,J4,1052,1095,2147
2019-02-04T21:45:00+09:00,J5,531,583,1114
2019-02-04T22:00:00+09:00,J1,1118,1271,2389
2019-02-04T22:00:00+09:00,J2,826,876,1702
2019-02-04T22:00:00+09:00,J3,1150,926,2076
2019-02-04T22:00:00+09:00,J4,1102,1027,2129
2019-02-04T22:00:00+09:00,J5,539,592,1131
2019-02-04T22:15:00+09:00,J1,1134,1337,2471
2019-02-04T22:15:00+09:00,J2,720,736,1456
2019-02-04T22:15:00+09:00,J3,1014,855,1869
2019-02-04T22:15:00+09:00,J4,1083,1021,2104
2019-02-04T22:15:00+09:00,J5,597,589,1186
2019-02-04T22:30:00+09:00,J1,1182,1393,2575
2019-02-04T22:30:00+09:00,J2,763,746,1509
2019-02-04T22:30:00+09:00,J3,899,814,1713
2019-02-04T22:30:00+09:00,J4,1017,1001,2018
2019-02-04T22:30:00+09:00,J5,585,543,1128
2019-02-04T22:45:00+09:00,J1,1114,1203,2317
2019-02-04T22:45:00+09:00,J2,650,688,1338
2019-02-04T22:45:00+09:00,J3,929,843,1772
2019-02-04T22:45:00+09:00,J4,961,924,1885
2019-02-04T22:45:00+09:00,J5,575,610,1185
2019-02-04T23:00:00+09:00,J1,1101,1269,2370
2019-02-04T23:00:00+09:00,J2,655,701,1356
2019-02-04T23:00:00+09:00,J3,827,755,1582
2019-02-04T23:00:00+09:00,J4,850,967,1817
2019-02-04T23:00:00+09:00,J5,639,652,1291
2019-02-04T23:15:00+09:00,J1,1130,1159,2289
2019-02-04T23:15:00+09:00,J2,633,630,1263
2019-02-04T23:15:00+09:00,J3,855,762,1617
2019-02-04T23:15:00+09:00,J4,893,949,1842
2019-02-04T23:15:00+09:00,J5,553,562,1115
2019-02-04T23:30:00+09:00,J1,958,1001,1959
2019-02-04T23:30:00+09:00,J2,675,714,1389
2019-02-04T23:30:00+09:00,J3,841,691,1532
2019-02-04T23:30:00+09:00,J4,935,944,1879
2019-02-04T23:30:00+09:00,J5,563,528,1091
2019-02-04T23:45:00+09:00,J1,1011,1205,2216
2019-02-04T23:45:00+09:00,J2,711,693,1404
2019-02-04T23:45:00+09:00,J3,887,642,1529
2019-02-04T23:45:00+09:00,J4,828,851,1679
2019-02-04T23:45:00+09:00,J5,593,542,1135
2019-02-05T00:00:00+09:00,J1,918,954,1872
2019-02-05T00:00:00+09:00,J2,519,460,979
2019-02-05T00:00:00+09:00,J3,654,622,1276
2019-02-05T00:00:00+09:00,J4,709,727,1436
2019-02-05T00:00:00+09:00,J5,639,551,1190
2019-02-05T00:15:00+09:00,J1,797,836,1633
2019-02-05T00:15:00+09:00,J2,484,528,1012
2019-02-05T00:15:00+09:00,J3,636,602,1238
2019-02-05T00:15:00+09:00,J4,553,575,1128
2019-02-05T00:15:00+09:00,J5,645,576,1221
2019-02-05T00:30:00+09:00,J1,690,733,1423
2019-02-05T00:30:00+09:00,J2,493,472,965
2019-02-05T00:30:00+09:00,J3,611,646,1257
2019-02-05T00:30:00+09:00,J4,530,639,1169
2019-02-05T00:30:00+09:00,J5,587,624,1211
2019-02-05T00:45:00+09:00,J1,472,567,1039
2019-02-05T00:45:00+09:00,J2,480,491,971
2019-02-05T00:45:00+09:00,J3,592,609,1201
2019-02-05T00:45:00+09:00,J4,614,655,1269
2019-02-05T00:45:00+09:00,J5,586,556,1142
2019-02-05T05:45:00+09:00,J1,986,986,1972
2019-02-05T05:45:00+09:00,J2,489,446,935
2019-02-05T05:45:00+09:00,J3,673,580,1253
2019-02-05T05:45:00+09:00,J4,912,885,1797
2019-02-05T05:45:00+09:00,J5,532,516,1048
2019-02-05T06:00:00+09:00,J1,950,1033,1983
2019-02-05T06:00:00+09:00,J2,480,498,978
2019-02-05T06:00:00+09:00,J3,639,592,1231
2019-02-05T06:00:00+09:00,J4,788,846,1634
2019-02-05T06:00:00+09:00,J5,496,469,965
2019-02-05T06:15:00+09:00,J1,912,1031,1943
2019-02-05T06:15:00+09:00,J2,552,477,1029
2019-02-05T06:15:00+09:00,J3,531,530,1061
2019-02-05T06:15:00+09:00,J4,917,867,1784
2019-02-05T06:15:00+09:00,J5,566,540,1106
2019-02-05T06:30:00+09:00,J1,1147,1071,2218
2019-02-05T06:30:00+09:00,J2,542,491,1033
2019-02-05T06:30:00+09:00,J3,467,451,918
2019-02-05T06:30:00+09:00,J4,823,821,1644
2019-02-05T06:30:00+09:00,J5,553,551,1104
2019-02-05T06:45:00+09:00,J1,1048,1099,2147
2019-02-05T06:45:00+09:00,J2,578,495,1073
2019-02-05T06:45:00+09:00,J3,564,548,1112
2019-02-05T06:45:00+09:00,J4,903,883,1786
2019-02-05T06:45:00+09:00,J5,559,555,1114
2019-02-05T07:00:00+09:00,J1,1233,1335,2568
2019-02-05T07:00:00+09:00,J2,697,651,1348
2019-02-05T07:00:00+09:00,J3,603,603,1206
2019-02-05T07:00:00+09:00,J4,965,957,1922
2019-02-05T07:00:00+09:00,J5,561,595,1156
2019-02-05T07:15:00+09:00,J1,1237,1321,2558
2019-02-05T07:15:00+09:00,J2,880,766,1646
2019-02-05T07:15:00+09:00,J3,665,616,1281
2019-02-05T07:15:00+09:00,J4,982,984,1966
2019-02-05T07:15:00+09:00,J5,580,589,1169
2019-02-05T07:30:00+09:00,J1,1269,1309,2578
2019-02-05T07:30:00+09:00,J2,829,727,1556
2019-02-05T07:30:00+09:00,J3,984,862,1846
2019-02-05T07:30:00+09:00,J4,1019,1108,2127
2019-02-05T07:30:00+09:00,J5,689,604,1293
2019-02-05T07:45:00+09:00,J1,1241,1368,2609
2019-02-05T07:45:00+09:00,J2,950,735,1685
2019-02-05T07:45:00+09:00,J3,1026,923,1949
2019-02-05T07:45:00+09:00,J4,986,1230,2216
2019-02-05T07:45:00+09:00,J5,628,536,1164
2019-02-05T08:00:00+09:00,J1,1377,1334,2711
2019-02-05T08:00:00+09:00,J2,1182,875,2057
2019-02-05T08:00:00+09:00,J3,1172,996,2168
2019-02-05T08:00:00+09:00,J4,1031,1240,2271
2019-02-05T08:00:00+09:00,J5,692,587,1279
2019-02-05T08:15:00+09:00,J1,1482,1357,2839
2019-02-05T08:15:00+09:00,J2,1192,801,1993
2019-02-05T08:15:00+09:00,J3,1137,1070,2207
2019-02-05T08:15:00+09:00,J4,1062,1304,2366
2019-02-05T08:15:00+09:00,J5,847,690,1537
2019-02-05T08:30:00+09:00,J1,1399,1363,2762
2019-02-05T08:30:00+09:00,J2,1161,925,2086
2019-02-05T08:30:00+09:00,J3,1115,1130,2245
2019-02-05T08:30:00+09:00,J4,1015,1410,2425
2019-02-05T08:30:00+09:00,J5,838,693,1531
2019-02-05T08:45:00+09:00,J1,1370,1346,2716
2019-02-05T08:45:00+09:00,J2,1110,846,1956
2019-02-05T08:45:00+09:00,J3,1078,1120,2198
2019-02-05T08:45:00+09:00,J4,970,1176,2146
2019-02-05T08:45:00+09:00,J5,683,673,1356
2019-02-05T09:00:00+09:00,J1,1321,1455,2776
2019-02-05T09:00:00+09:00,J2,1051,812,1863
2019-02-05T09:00:00+09:00,J3,1075,937,2012
2019-02-05T09:00:00+09:00,J4,925,1001,1926
2019-02-05T09:00:00+09:00,J5,610,564,1174
2019-02-05T09:15:00+09:00,J1,1295,1379,2674
2019-02-05T09:15:00+09:00,J2,968,935,1903
2019-02-05T09:15:00+09:00,J3,952,935,1887
2019-02-05T09:15:00+09:00,J4,938,999,1937
2019-02-05T09:15:00+09:00,J5,591,495,1086
2019-02-05T09:30:00+09:00,J1,1287,1342,2629
2019-02-05T09:30:00+09:00,J2,950,845,1795
2019-02-05T09:30:00+09:00,J3,855,808,1663
2019-02-05T09:30:00+09:00,J4,952,1061,2013
2019-02-05T09:30:00+09:00,J5,690,533,1223
2019-02-05T09:45:00+09:00,J1,1305,1472,2777
2019-02-05T09:45:00+09:00,J2,809,755,1564
2019-02-05T09:45:00+09:00,J3,852,794,1646
2019-02-05T09:45:00+09:00,J4,863,977,1840
2019-02-05T09:45:00+09:00,J5,590,522,1112
2019-02-05T10:00:00+09:00,J1,1346,1379,2725
2019-02-05T10:00:00+09:00,J2,769,798,1567
2019-02-05T10:00:00+09:00,J3,922,810,1732
2019-02-05T10:00:00+09:00,J4,883,892,1775
2019-02-05T10:00:00+09:00,J5,559,537,1096
2019-02-05T10:15:00+09:00,J1,1339,1434,2773
2019-02-05T10:15:00+09:00,J2,795,696,1491
2019-02-05T10:15:00+09:00,J3,957,798,1755
2019-02-05T10:15:00+09:00,J4,965,945,1910
2019-02-05T10:15:00+09:00,J5,527,533,1060
2019-02-05T10:30:00+09:00,J1,1247,1332,2579
2019-02-05T10:30:00+09:00,J2,805,779,1584
2019-02-05T10:30:00+09:00,J3,812,676,1488
2019-02-05T10:30:00+09:00,J4,945,977,1922
2019-02-05T10:30:00+09:00,J5,549,520,1069
2019-02-05T10:45:00+09:00,J1,1336,1316,2652
2019-02-05T10:45:00+09:00,J2,920,759,1679
2019-02-05T10:45:00+09:00,J3,700,654,1354
2019-02-05T10:45:00+09:00,J4,938,947,1885
2019-02-05T10:45:00+09:00,J5,526,544,1070
2019-02-05T11:00:00+09:00,J1,1246,1350,2596
2019-02-05T11:00:00+09:00,J2,792,724,1516
2019-02-05T11:00:00+09:00,J3,696,713,1409
2019-02-05T11:00:00+09:00,J4,938,996,1934
2019-02-05T11:00:00+09:00,J5,477,475,952
2019-02-05T11:15:00+09:00,J1,1245,1363,2608
2019-02-05T11:15:00+09:00,J2,776,741,1517
2019-02-05T11:15:00+09:00,J3,936,835,1771
2019-02-05T11:15:00+09:00,J4,899,1030,1929
2019-02-05T11:15:00+09:00,J5,457,485,942
2019-02-05T11:30:00+09:00,J1,1226,1360,2586
2019-02-05T11:30:00+09:00,J2,752,704,1456
2019-02-05T11:30:00+09:00,J3,974,907,1881
2019-02-05T11:30:00+09:00,J4,865,931,1796
2019-02-05T11:30:00+09:00,J5,640,638,1278
2019-02-05T11:45:00+09:00,J1,1204,1375,2579
2019-02-05T11:45:00+09:00,J2,841,769,1610
2019-02-05T11:45:00+09:00,J3,1021,864,1885
2019-02-05T11:45:00+09:00,J4,885,961,1846
2019-02-05T11:45:00+09:00,J5,690,659,1349
2019-02-05T12:00:00+09:00,J1,1181,1345,2526
2019-02-05T12:00:00+09:00,J2,848,896,1744
2019-02-05T12:00:00+09:00,J3,1080,916,1996
2019-02-05T12:00:00+09:00,J4,911,978,1889
2019-02-05T12:00:00+09:00,J5,721,678,1399
2019-02-05T12:15:00+09:00,J1,1187,1445,2632
2019-02-05T12:15:00+09:00,J2,914,780,1694
2019-02-05T12:15:00+09:00,J3,938,874,1812
2019-02-05T12:15:00+09:00,J4,1059,1017,2076
2019-02-05T12:15:00+09:00,J5,732,692,1424
2019-02-05T12:30:00+09:00,J1,1192,1399,2591
2019-02-05T12:30:00+09:00,J2,845,916,1761
2019-02-05T12:30:00+09:00,J3,970,835,1805
2019-02-05T12:30:00+09:00,J4,1008,1083,2091
2019-02-05T12:30:00+09:00,J5,747,722,1469
2019-02-05T12:45:00+09:00,J1,1186,1445,2631
2019-02-05T12:45:00+09:00,J2,801,839,1640
2019-02-05T12:45:00+09:00,J3,950,854,1804
2019-02-05T12:45:00+09:00,J4,1015,1065,2080
2019-02-05T12:45:00+09:00,J5,722,737,1459
2019-02-05T13:00:00+09:00,J1,1150,1450,2600
2019-02-05T13:00:00+09:00,J2,797,848,1645
2019-02-05T13:00:00+09:00,J3,941,803,1744
2019-02-05T13:00:00+09:00,J4,1002,989,1991
2019-02-05T13:00:00+09:00,J5,711,743,1454
2019-02-05T13:15:00+09:00,J1,1182,1408,2590
2019-02-05T13:15:00+09:00,J2,889,923,1812
2019-02-05T13:15:00+09:00,J3,892,769,1661
2019-02-05T13:15:00+09:00,J4,1042,1060,2102
2019-02-05T13:15:00+09:00,J5,731,756,1487
2019-02-05T13:30:00+09:00,J1,1128,1407,2535
2019-02-05T13:30:00+09:00,J2,887,786,1673
2019-02-05T13:30:00+09:00,J3,836,820,1656
2019-02-05T13:30:00+09:00,J4,985,1024,2009
2019-02-05T13:30:00+09:00,J5,697,761,1458
2019-02-05T13:45:00+09:00,J1,1029,1344,2373
2019-02-05T13:45:00+09:00,J2,822,774,1596
2019-02-05T13:45:00+09:00,J3,832,682,1514
2019-02-05T13:45:00+09:00,J4,877,991,1868
2019-02-05T13:45:00+09:00,J5,671,723,1394
2019-02-05T14:00:00+09:00,J1,1243,1528,2771
2019-02-05T14:00:00+09:00,J2,969,874,1843
2019-02-05T14:00:00+09:00,J3,953,834,1787
2019-02-05T14:00:00+09:00,J4,993,1009,2002
2019-02-05T14:00:00+09:00,J5,747,785,1532
2019-02-05T14:15:00+09:00,J1,1194,1407,2601
2019-02-05T14:15:00+09:00,J2,900,811,1711
2019-02-05T14:15:00+09:00,J3,870,767,1637
2019-02-05T14:15:00+09:00,J4,963,959,1922
2019-02-05T14:15:00+09:00,J5,684,677,1361
2019-02-05T14:30:00+09:00,J1,1105,1466,2571
2019-02-05T14:30:00+09:00,J2,849,809,1658
2019-02-05T14:30:00+09:00,J3,790,778,1568
2019-02-05T14:30:00+09:00,J4,1023,915,1938
2019-02-05T14:30:00+09:00,J5,675,715,1390
2019-02-05T14:45:00+09:00,J1,1165,1335,2500
2019-02-05T14:45:00+09:00,J2,940,827,1767
2019-02-05T14:45:00+09:00,J3,787,769,1556
2019-02-05T14:45:00+09:00,J4,968,946,1914
2019-02-05T14:45:00+09:00,J5,676,735,1411
2019-02-05T15:00:00+09:00,J1,1108,1443,2551
2019-02-05T15:00:00+09:00,J2,925,819,1744
2019-02-05T15:00:00+09:00,J3,766,737,1503
2019-02-05T15:00:00+09:00,J4,948,954,1902
2019-02-05T15:00:00+09:00,J5,711,650,1361
2019-02-05T15:15:00+09:00,J1,1148,1417,2565
2019-02-05T15:15:00+09:00,J2,822,797,1619
2019-02-05T15:15:00+09:00,J3,786,718,1504
2019-02-05T15:15:00+09:00,J4,1010,1045,2055
2019-02-05T15:15:00+09:00,J5,696,738,1434
2019-02-05T15:30:00+09:00,J1,1183,1394,2577
2019-02-05T15:30:00+09:00,J2,866,813,1679
2019-02-05T15:30:00+09:00,J3,820,755,1575
2019-02-05T15:30:00+09:00,J4,973,920,1893
2019-02-05T15:30:00+09:00,J5,751,713,1464
2019-02-05T15:45:00+09:00,J1,1230,1402,2632
2019-02-05T15:45:00+09:00,J2,875,782,1657
2019-02-05T15:45:00+09:00,J3,775,720,1495
2019-02-05T15:45:00+09:00,J4,995,990,1985
2019-02-05T15:45:00+09:00,J5,682,703,1385
2019-02-05T16:00:00+09:00,J1,1098,1385,2483
2019-02-05T16:00:00+09:00,J2,877,857,1734
2019-02-05T16:00:00+09:00,J3,751,739,1490
2019-02-05T16:00:00+09:00,J4,989,1008,1997
2019-02-05T16:00:00+09:00,J5,651,674,1325
2019-02-05T16:15:00+09:00,J1,1178,1437,2615
2019-02-05T16:15:00+09:00,J2,869,811,1680
2019-02-05T16:15:00+09:00,J3,875,772,1647
2019-02-05T16:15:00+09:00,J4,1015,957,1972
2019-02-05T16:15:00+09:00,J5,691,758,1449
2019-02-05T16:30:00+09:00,J1,1168,1392,2560
2019-02-05T16:30:00+09:00,J2,992,844,1836
2019-02-05T16:30:00+09:00,J3,1003,812,1815
2019-02-05T16:30:00+09:00,J4,1103,1051,2154
2019-02-05T16:30:00+09:00,J5,722,703,1425
2019-02-05T16:45:00+09:00,J1,1160,1399,2559
2019-02-05T16:45:00+09:00,J2,902,824,1726
2019-02-05T16:45:00+09:00,J3,1089,947,2036
2019-02-05T16:45:00+09:00,J4,1153,1058,2211
2019-02-05T16:45:00+09:00,J5,712,724,1436
2019-02-05T17:00:00+09:00,J1,1202,1446,2648
2019-02-05T17:00:00+09:00,J2,984,933,1917
2019-02-05T17:00:00+09:00,J3,1003,1000,2003
2019-02-05T17:00:00+09:00,J4,1092,1063,2155
2019-02-05T17:00:00+09:00,J5,692,711,1403
2019-02-05T17:15:00+09:00,J1,1142,1442,2584
2019-02-05T17:15:00+09:00,J2,1034,929,1963
2019-02-05T17:15:00+09:00,J3,1138,966,2104
2019-02-05T17:15:00+09:00,J4,994,896,1890
2019-02-05T17:15:00+09:00,J5,694,712,1406
2019-02-05T17:30:00+09:00,J1,1187,1394,2581
2019-02-05T17:30:00+09:00,J2,1086,1069,2155
2019-02-05T17:30:00+09:00,J3,1194,945,2139
2019-02-05T17:30:00+09:00,J4,1142,1034,2176
2019-02-05T17:30:00+09:00,J5,705,821,1526
2019-02-05T17:45:00+09:00,J1,1131,1492,2623
2019-02-05T17:45:00+09:00,J2,1058,1102,2160
2019-02-05T17:45:00+09:00,J3,1113,983,2096
2019-02-05T17:45:00+09:00,J4,1175,1167,2342
2019-02-05T17:45:00+09:00,J5,663,793,1456
2019-02-05T18:00:00+09:00,J1,1229,1455,2684
2019-02-05T18:00:00+09:00,J2,1099,1070,2169
2019-02-05T18:00:00+09:00,J3,950,936,1886
2019-02-05T18:00:00+09:00,J4,1108,998,2106
2019-02-05T18:00:00+09:00,J5,621,756,1377
2019-02-05T18:15:00+09:00,J1,1209,1501,2710
2019-02-05T18:15:00+09:00,J2,1090,1038,2128
2019-02-05T18:15:00+09:00,J3,996,988,1984
2019-02-05T18:15:00+09:00,J4,1088,1139,2227
2019-02-05T18:15:00+09:00,J5,628,668,1296
2019-02-05T18:30:00+09:00,J1,1280,1429,2709
2019-02-05T18:30:00+09:00,J2,1025,1005,2030
2019-02-05T18:30:00+09:00,J3,978,829,1807
2019-02-05T18:30:00+09:00,J4,1241,1013,2254
2019-02-05T18:30:00+09:00,J5,709,666,1375
2019-02-05T18:45:00+09:00,J1,1257,1402,2659
2019-02-05T18:45:00+09:00,J2,983,882,1865
2019-02-05T18:45:00+09:00,J3,840,804,1644
2019-02-05T18:45:00+09:00,J4,1123,1114,2237
2019-02-05T18:45:00+09:00,J5,662,632,1294
2019-02-05T19:00:00+09:00,J1,1161,1354,2515
2019-02-05T19:00:00+09:00,J2,993,895,1888
2019-02-05T19:00:00+09:00,J3,752,748,1500
2019-02-05T19:00:00+09:00,J4,1072,979,2051
2019-02-05T19:00:00+09:00,J5,727,643,1370
2019-02-05T19:15:00+09:00,J1,1189,1387,2576
2019-02-05T19:15:00+09:00,J2,933,852,1785
2019-02-05T19:15:00+09:00,J3,708,704,1412
2019-02-05T19:15:00+09:00,J4,998,967,1965
2019-02-05T19:15:00+09:00,J5,728,680,1408
2019-02-05T19:30:00+09:00,J1,1167,1372,2539
2019-02-05T19:30:00+09:00,J2,817,954,1771
2019-02-05T19:30:00+09:00,J3,703,757,1460
2019-02-05T19:30:00+09:00,J4,923,954,1877
2019-02-05T19:30:00+09:00,J5,661,628,1289
2019-02-05T19:45:00+09:00,J1,1165,1373,2538
2019-02-05T19:45:00+09:00,J2,840,839,1679
2019-02-05T19:45:00+09:00,J3,770,761,1531
2019-02-05T19:45:00+09:00,J4,1026,1017,2043
2019-02-05T19:45:00+09:00,J5,657,615,1272
2019-02-05T20:00:00+09:00,J1,1124,1368,2492
2019-02-05T20:00:00+09:00,J2,851,963,1814
2019-02-05T20:00:00+09:00,J3,708,758,1466
2019-02-05T20:00:00+09:00,J4,1022,1005,2027
2019-02-05T20:00:00+09:00,J5,616,638,1254
2019-02-05T20:15:00+09:00,J1,1173,1444,2617
2019-02-05T20:15:00+09:00,J2,800,898,1698
2019-02-05T20:15:00+09:00,J3,726,729,1455
2019-02-05T20:15:00+09:00,J4,1025,1041,2066
2019-02-05T20:15:00+09:00,J5,626,591,1217
2019-02-05T20:30:00+09:00,J1,1104,1374,2478
2019-02-05T20:30:00+09:00,J2,911,863,1774
2019-02-05T20:30:00+09:00,J3,746,688,1434
2019-02-05T20:30:00+09:00,J4,1020,1074,2094
2019-02-05T20:30:00+09:00,J5,593,625,1218
2019-02-05T20:45:00+09:00,J1,1133,1299,2432
2019-02-05T20:45:00+09:00,J2,802,871,1673
2019-02-05T20:45:00+09:00,J3,880,786,1666
2019-02-05T20:45:00+09:00,J4,931,980,1911
2019-02-05T20:45:00+09:00,J5,643,676,1319
2019-02-05T21:00:00+09:00,J1,1059,1312,2371
2019-02-05T21:00:00+09:00,J2,810,790,1600
2019-02-05T21:00:00+09:00,J3,739,675,1414
2019-02-05T21:00:00+09:00,J4,924,953,1877
2019-02-05T21:00:00+09:00,J5,619,649,1268
2019-02-05T21:15:00+09:00,J1,1062,1306,2368
2019-02-05T21:15:00+09:00,J2,779,706,1485
2019-02-05T21:15:00+09:00,J3,808,659,1467
2019-02-05T21:15:00+09:00,J4,957,980,1937
2019-02-05T21:15:00+09:00,J5,672,679,1351
2019-02-05T21:30:00+09:00,J1,1040,1350,2390
2019-02-05T21:30:00+09:00,J2,882,870,1752
2019-02-05T21:30:00+09:00,J3,693,682,1375
2019-02-05T21:30:00+09:00,J4,936,972,1908
2019-02-05T21:30:00+09:00,J5,662,713,1375
2019-02-05T21:45:00+09:00,J1,1070,1287,2357
2019-02-05T21:45:00+09:00,J2,873,843,1716
2019-02-05T21:45:00+09:00,J3,676,675,1351
2019-02-05T21:45:00+09:00,J4,915,1005,1920
2019-02-05T21:45:00+09:00,J5,607,657,1264
2019-02-05T22:00:00+09:00,J1,1103,1283,2386
2019-02-05T22:00:00+09:00,J2,839,903,1742
2019-02-05T22:00:00+09:00,J3,716,629,1345
2019-02-05T22:00:00+09:00,J4,956,1012,1968
2019-02-05T22:00:00+09:00,J5,631,568,1199
2019-02-05T22:15:00+09:00,J1,1073,1196,2269
2019-02-05T22:15:00+09:00,J2,847,787,1634
2019-02-05T22:15:00+09:00,J3,679,621,1300
2019-02-05T22:15:00+09:00,J4,978,973,1951
2019-02-05T22:15:00+09:00,J5,569,613,1182
2019-02-05T22:30:00+09:00,J1,1070,1259,2329
2019-02-05T22:30:00+09:00,J2,812,784,1596
2019-02-05T22:30:00+09:00,J3,672,675,1347
2019-02-05T22:30:00+09:00,J4,877,948,1825
2019-02-05T22:30:00+09:00,J5,559,550,1109
2019-02-05T22:45:00+09:00,J1,1004,1200,2204
2019-02-05T22:45:00+09:00,J2,790,813,1603
2019-02-05T22:45:00+09:00,J3,758,701,1459
2019-02-05T22:45:00+09:00,J4,830,933,1763
2019-02-05T22:45:00+09:00,J5,559,512,1071
2019-02-05T23:00:00+09:00,J1,1052,1197,2249
2019-02-05T23:00:00+09:00,J2,678,736,1414
2019-02-05T23:00:00+09:00,J3,748,646,1394
2019-02-05T23:00:00+09:00,J4,788,887,1675
2019-02-05T23:00:00+09:00,J5,532,552,1084
2019-02-05T23:15:00+09:00,J1,997,1108,2105
2019-02-05T23:15:00+09:00,J2,710,793,1503
2019-02-05T23:15:00+09:00,J3,653,616,1269
2019-02-05T23:15:00+09:00,J4,783,869,1652
2019-02-05T23:15:00+09:00,J5,538,520,1058
2019-02-05T23:30:00+09:00,J1,1070,1088,2158
2019-02-05T23:30:00+09:00,J2,612,744,1356
2019-02-05T23:30:00+09:00,J3,703,661,1364
2019-02-05T23:30:00+09:00,J4,737,811,1548
2019-02-05T23:30:00+09:00,J5,565,487,1052
2019-02-05T23:45:00+09:00,J1,1080,1103,2183
2019-02-05T23:45:00+09:00,J2,610,660,1270
2019-02-05T23:45:00+09:00,J3,683,632,1315
2019-02-05T23:45:00+09:00,J4,685,813,1498
2019-02-05T23:45:00+09:00,J5,474,483,957
2019-02-06T00:00:00+09:00,J1,1015,1055,2070
2019-02-06T00:00:00+09:00,J2,578,584,1162
2019-02-06T00:00:00+09:00,J3,664,585,1249
2019-02-06T00:00:00+09:00,J4,715,760,1475
2019-02-06T00:00:00+09:00,J5,484,503,987
2019-02-06T00:15:00+09:00,J1,756,736,1492
2019-02-06T00:15:00+09:00,J2,492,480,972
2019-02-06T00:15:00+09:00,J3,533,450,983
2019-02-06T00:15:00+09:00,J4,619,653,1272
2019-02-06T00:15:00+09:00,J5,472,505,977
2019-02-06T00:30:00+09:00,J1,717,750,1467
2019-02-06T00:30:00+09:00,J2,458,490,948
2019-02-06T00:30:00+09:00,J3,552,422,974
2019-02-06T00:30:00+09:00,J4,468,538,1006
2019-02-06T00:30:00+09:00,J5,400,476,876
2019-02-06T00:45:00+09:00,J1,633,586,1219
2019-02-06T00:45:00+09:00,J2,504,566,1070
2019-02-06T00:45:00+09:00,J3,631,479,1110
2019-02-06T00:45:00+09:00,J4,455,472,927
2019-02-06T00:45:00+09:00,J5,425,472,897
2019-02-06T05:45:00+09:00,J1,1041,1093,2134
2019-02-06T05:45:00+09:00,J2,532,537,1069
2019-02-06T05:45:00+09:00,J3,511,524,1035
2019-02-06T05:45:00+09:00,J4,725,782,1507
2019-02-06T05:45:00+09:00,J5,475,393,868
2019-02-06T06:00:00+09:00,J1,972,1017,1989
2019-02-06T06:00:00+09:00,J2,534,535,1069
2019-02-06T06:00:00+09:00,J3,623,637,1260
2019-02-06T06:00:00+09:00,J4,781,837,1618
2019-02-06T06:00:00+09:00,J5,442,396,838
2019-02-06T06:15:00+09:00,J1,1027,1095,2122
2019-02-06T06:15:00+09:00,J2,603,612,1215
2019-02-06T06:15:00+09:00,J3,755,703,1458
2019-02-06T06:15:00+09:00,J4,768,871,1639
2019-02-06T06:15:00+09:00,J5,450,447,897
2019-02-06T06:30:00+09:00,J1,1100,1184,2284
2019-02-06T06:30:00+09:00,J2,579,568,1147
2019-02-06T06:30:00+09:00,J3,663,634,1297
2019-02-06T06:30:00+09:00,J4,763,803,1566
2019-02-06T06:30:00+09:00,J5,419,450,869
2019-02-06T06:45:00+09:00,J1,1072,1132,2204
2019-02-06T06:45:00+09:00,J2,665,551,1216
2019-02-06T06:45:00+09:00,J3,714,677,1391
2019-02-06T06:45:00+09:00,J4,745,919,1664
2019-02-06T06:45:00+09:00,J5,441,489,930
2019-02-06T07:00:00+09:00,J1,1179,1244,2423
2019-02-06T07:00:00+09:00,J2,713,734,1447
2019-02-06T07:00:00+09:00,J3,775,733,1508
2019-02-06T07:00:00+09:00,J4,818,946,1764
2019-02-06T07:00:00+09:00,J5,421,429,850
2019-02-06T07:15:00+09:00,J1,1168,1242,2410
2019-02-06T07:15:00+09:00,J2,824,805,1629
2019-02-06T07:15:00+09:00,J3,881,801,1682
2019-02-06T07:15:00+09:00,J4,958,961,1919
2019-02-06T07:15:00+09:00,J5,488,506,994
2019-02-06T07:30:00+09:00,J1,1074,1238,2312
2019-02-06T07:30:00+09:00,J2,838,816,1654
2019-02-06T07:30:00+09:00,J3,1194,1181,2375
2019-02-06T07:30:00+09:00,J4,1024,997,2021
2019-02-06T07:30:00+09:00,J5,689,608,1297
2019-02-06T07:45:00+09:00,J1,1245,1357,2602
2019-02-06T07:45:00+09:00,J2,934,761,1695
2019-02-06T07:45:00+09:00,J3,1281,1291,2572
2019-02-06T07:45:00+09:00,J4,975,1115,2090
2019-02-06T07:45:00+09:00,J5,699,520,1219
2019-02-06T08:00:00+09:00,J1,1252,1346,2598
2019-02-06T08:00:00+09:00,J2,1204,888,2092
2019-02-06T08:00:00+09:00,J3,1431,1337,2768
2019-02-06T08:00:00+09:00,J4,862,1209,2071
2019-02-06T08:00:00+09:00,J5,733,638,1371
2019-02-06T08:15:00+09:00,J1,1342,1343,2685
2019-02-06T08:15:00+09:00,J2,1300,922,2222
2019-02-06T08:15:00+09:00,J3,1504,1497,3001
2019-02-06T08:15:00+09:00,J4,963,1345,2308
2019-02-06T08:15:00+09:00,J5,861,685,1546
2019-02-06T08:30:00+09:00,J1,1394,1302,2696
2019-02-06T08:30:00+09:00,J2,1260,933,2193
2019-02-06T08:30:00+09:00,J3,1402,1422,2824
2019-02-06T08:30:00+09:00,J4,1046,1317,2363
2019-02-06T08:30:00+09:00,J5,908,680,1588
2019-02-06T08:45:00+09:00,J1,1358,1317,2675
2019-02-06T08:45:00+09:00,J2,1063,824,1887
2019-02-06T08:45:00+09:00,J3,1289,1452,2741
2019-02-06T08:45:00+09:00,J4,899,1071,1970
2019-02-06T08:45:00+09:00,J5,734,571,1305
2019-02-06T09:00:00+09:00,J1,1286,1355,2641
2019-02-06T09:00:00+09:00,J2,952,672,1624
2019-02-06T09:00:00+09:00,J3,1266,1187,2453
2019-02-06T09:00:00+09:00,J4,815,980,1795
2019-02-06T09:00:00+09:00,J5,632,581,1213
2019-02-06T09:15:00+09:00,J1,1273,1286,2559
2019-02-06T09:15:00+09:00,J2,940,736,1676
2019-02-06T09:15:00+09:00,J3,885,921,1806
2019-02-06T09:15:00+09:00,J4,965,1077,2042
2019-02-06T09:15:00+09:00,J5,502,474,976
2019-02-06T09:30:00+09:00,J1,1253,1287,2540
2019-02-06T09:30:00+09:00,J2,949,879,1828
2019-02-06T09:30:00+09:00,J3,1096,1002,2098
2019-02-06T09:30:00+09:00,J4,1027,1080,2107
2019-02-06T09:30:00+09:00,J5,592,409,1001
2019-02-06T09:45:00+09:00,J1,1234,1305,2539
2019-02-06T09:45:00+09:00,J2,900,809,1709
2019-02-06T09:45:00+09:00,J3,1218,1095,2313
2019-02-06T09:45:00+09:00,J4,953,1013,1966
2019-02-06T09:45:00+09:00,J5,609,490,1099
2019-02-06T10:00:00+09:00,J1,1247,1367,2614
2019-02-06T10:00:00+09:00,J2,825,838,1663
2019-02-06T10:00:00+09:00,J3,1151,1035,2186
2019-02-06T10:00:00+09:00,J4,960,990,1950
2019-02-06T10:00:00+09:00,J5,510,481,991
2019-02-06T10:15:00+09:00,J1,1211,1336,2547
2019-02-06T10:15:00+09:00,J2,807,799,1606
2019-02-06T10:15:00+09:00,J3,1125,1035,2160
2019-02-06T10:15:00+09:00,J4,902,1041,1943
2019-02-06T10:15:00+09:00,J5,479,489,968
2019-02-06T10:30:00+09:00,J1,1257,1334,2591
2019-02-06T10:30:00+09:00,J2,852,742,1594
2019-02-06T10:30:00+09:00,J3,1197,1050,2247
2019-02-06T10:30:00+09:00,J4,957,1034,1991
2019-02-06T10:30:00+09:00,J5,515,514,1029
2019-02-06T10:45:00+09:00,J1,1214,1360,2574
2019-02-06T10:45:00+09:00,J2,878,845,1723
2019-02-06T10:45:00+09:00,J3,1124,1105,2229
2019-02-06T10:45:00+09:00,J4,952,998,1950
2019-02-06T10:45:00+09:00,J5,494,432,926
2019-02-06T11:00:00+09:00,J1,1206,1353,2559
2019-02-06T11:00:00+09:00,J2,860,882,1742
2019-02-06T11:00:00+09:00,J3,1243,1067,2310
2019-02-06T11:00:00+09:00,J4,929,937,1866
2019-02-06T11:00:00+09:00,J5,457,440,897
2019-02-06T11:15:00+09:00,J1,1184,1344,2528
2019-02-06T11:15:00+09:00,J2,946,897,1843
2019-02-06T11:15:00+09:00,J3,1358,1198,2556
2019-02-06T11:15:00+09:00,J4,969,942,1911
2019-02-06T11:15:00+09:00,J5,571,561,1132
2019-02-06T11:30:00+09:00,J1,1170,1441,2611
2019-02-06T11:30:00+09:00,J2,858,774,1632
2019-02-06T11:30:00+09:00,J3,1180,1107,2287
2019-02-06T11:30:00+09:00,J4,920,1047,1967
2019-02-06T11:30:00+09:00,J5,706,700,1406
2019-02-06T11:45:00+09:00,J1,1204,1339,2543
2019-02-06T11:45:00+09:00,J2,879,720,1599
2019-02-06T11:45:00+09:00,J3,1117,1033,2150
2019-02-06T11:45:00+09:00,J4,899,939,1838
2019-02-06T11:45:00+09:00,J5,673,736,1409
2019-02-06T12:00:00+09:00,J1,1125,1328,2453
2019-02-06T12:00:00+09:00,J2,932,721,1653
2019-02-06T12:00:00+09:00,J3,1182,1078,2260
2019-02-06T12:00:00+09:00,J4,870,959,1829
2019-02-06T12:00:00+09:00,J5,706,743,1449
2019-02-06T12:15:00+09:00,J1,1130,1371,2501
2019-02-06T12:15:00+09:00,J2,933,780,1713
2019-02-06T12:15:00+09:00,J3,1274,1069,2343
2019-02-06T12:15:00+09:00,J4,914,1012,1926
2019-02-06T12:15:00+09:00,J5,654,696,1350
2019-02-06T12:30:00+09:00,J1,1155,1334,2489
2019-02-06T12:30:00+09:00,J2,1010,796,1806
2019-02-06T12:30:00+09:00,J3,1225,1199,2424
2019-02-06T12:30:00+09:00,J4,986,990,1976
2019-02-06T12:30:00+09:00,J5,713,667,1380
2019-02-06T12:45:00+09:00,J1,1056,1270,2326
2019-02-06T12:45:00+09:00,J2,928,808,1736
2019-02-06T12:45:00+09:00,J3,1112,1062,2174
2019-02-06T12:45:00+09:00,J4,904,972,1876
2019-02-06T12:45:00+09:00,J5,589,608,1197
2019-02-06T13:00:00+09:00,J1,1090,1353,2443
2019-02-06T13:00:00+09:00,J2,975,783,1758
2019-02-06T13:00:00+09:00,J3,1226,1049,2275
2019-02-06T13:00:00+09:00,J4,945,947,1892
2019-02-06T13:00:00+09:00,J5,661,755,1416
2019-02-06T13:15:00+09:00,J1,1174,1379,2553
2019-02-06T13:15:00+09:00,J2,1013,788,1801
2019-02-06T13:15:00+09:00,J3,1216,1083,2299
2019-02-06T13:15:00+09:00,J4,886,971,1857
2019-02-06T13:15:00+09:00,J5,700,766,1466
2019-02-06T13:30:00+09:00,J1,1121,1361,2482
2019-02-06T13:30:00+09:00,J2,1013,880,1893
2019-02-06T13:30:00+09:00,J3,1268,1033,2301
2019-02-06T13:30:00+09:00,J4,960,989,1949
2019-02-06T13:30:00+09:00,J5,715,649,1364
2019-02-06T13:45:00+09:00,J1,1153,1381,2534
2019-02-06T13:45:00+09:00,J2,971,795,1766
2019-02-06T13:45:00+09:00,J3,1224,1057,2281
2019-02-06T13:45:00+09:00,J4,956,999,1955
2019-02-06T13:45:00+09:00,J5,639,755,1394
2019-02-06T14:00:00+09:00,J1,1077,1372,2449
2019-02-06T14:00:00+09:00,J2,899,809,1708
2019-02-06T14:00:00+09:00,J3,1225,1039,2264
2019-02-06T14:00:00+09:00,J4,938,926,1864
2019-02-06T14:00:00+09:00,J5,679,712,1391
2019-02-06T14:15:00+09:00,J1,1129,1367,2496
2019-02-06T14:15:00+09:00,J2,980,814,1794
2019-02-06T14:15:00+09:00,J3,1296,1042,2338
2019-02-06T14:15:00+09:00,J4,948,1009,1957
2019-02-06T14:15:00+09:00,J5,698,708,1406
2019-02-06T14:30:00+09:00,J1,1083,1295,2378
2019-02-06T14:30:00+09:00,J2,955,834,1789
2019-02-06T14:30:00+09:00,J3,1338,1113,2451
2019-02-06T14:30:00+09:00,J4,968,1040,2008
2019-02-06T14:30:00+09:00,J5,711,701,1412
2019-02-06T14:45:00+09:00,J1,1090,1358,2448
2019-02-06T14:45:00+09:00,J2,995,818,1813
2019-02-06T14:45:00+09:00,J3,1282,1070,2352
2019-02-06T14:45:00+09:00,J4,956,1011,1967
2019-02-06T14:45:00+09:00,J5,689,706,1395
2019-02-06T15:00:00+09:00,J1,1027,1311,2338
2019-02-06T15:00:00+09:00,J2,891,860,1751
2019-02-06T15:00:00+09:00,J3,1299,1094,2393
2019-02-06T15:00:00+09:00,J4,868,993,1861
2019-02-06T15:00:00+09:00,J5,691,753,1444
2019-02-06T15:15:00+09:00,J1,1098,1272,2370
2019-02-06T15:15:00+09:00,J2,974,849,1823
2019-02-06T15:15:00+09:00,J3,1367,1134,2501
2019-02-06T15:15:00+09:00,J4,994,1120,2114
2019-02-06T15:15:00+09:00,J5,664,715,1379
2019-02-06T15:30:00+09:00,J1,1009,1233,2242
2019-02-06T15:30:00+09:00,J2,986,863,1849
2019-02-06T15:30:00+09:00,J3,1478,1195,2673
2019-02-06T15:30:00+09:00,J4,973,1097,2070
2019-02-06T15:30:00+09:00,J5,711,724,1435
2019-02-06T15:45:00+09:00,J1,1044,1275,2319
2019-02-06T15:45:00+09:00,J2,976,900,1876
2019-02-06T15:45:00+09:00,J3,1405,1248,2653
2019-02-06T15:45:00+09:00,J4,1034,1043,2077
2019-02-06T15:45:00+09:00,J5,665,746,1411
2019-02-06T16:00:00+09:00,J1,1072,1354,2426
2019-02-06T16:00:00+09:00,J2,937,869,1806
2019-02-06T16:00:00+09:00,J3,1416,1222,2638
2019-02-06T16:00:00+09:00,J4,960,1033,1993
2019-02-06T16:00:00+09:00,J5,655,663,1318
2019-02-06T16:15:00+09:00,J1,1044,1309,2353
2019-02-06T16:15:00+09:00,J2,988,929,1917
2019-02-06T16:15:00+09:00,J3,1405,1184,2589
2019-02-06T16:15:00+09:00,J4,999,1123,2122
2019-02-06T16:15:00+09:00,J5,638,728,1366
2019-02-06T16:30:00+09:00,J1,1021,1318,2339
2019-02-06T16:30:00+09:00,J2,986,903,1889
2019-02-06T16:30:00+09:00,J3,1405,1334,2739
2019-02-06T16:30:00+09:00,J4,970,965,1935
2019-02-06T16:30:00+09:00,J5,541,587,1128
2019-02-06T16:45:00+09:00,J1,1125,1303,2428
2019-02-06T16:45:00+09:00,J2,980,933,1913
2019-02-06T16:45:00+09:00,J3,1418,1248,2666
2019-02-06T16:45:00+09:00,J4,963,970,1933
2019-02-06T16:45:00+09:00,J5,459,465,924
2019-02-06T17:00:00+09:00,J1,1087,1316,2403
2019-02-06T17:00:00+09:00,J2,1020,945,1965
2019-02-06T17:00:00+09:00,J3,1323,1224,2547
2019-02-06T17:00:00+09:00,J4,1045,1075,2120
2019-02-06T17:00:00+09:00,J5,577,571,1148
2019-02-06T17:15:00+09:00,J1,1077,1370,2447
2019-02-06T17:15:00+09:00,J2,1000,956,1956
2019-02-06T17:15:00+09:00,J3,1493,1253,2746
2019-02-06T17:15:00+09:00,J4,1089,1040,2129
2019-02-06T17:15:00+09:00,J5,692,744,1436
2019-02-06T17:30:00+09:00,J1,1140,1327,2467
2019-02-06T17:30:00+09:00,J2,1069,937,2006
2019-02-06T17:30:00+09:00,J3,1649,1269,2918
2019-02-06T17:30:00+09:00,J4,1113,1064,2177
2019-02-06T17:30:00+09:00,J5,707,781,1488
2019-02-06T17:45:00+09:00,J1,1013,1323,2336
2019-02-06T17:45:00+09:00,J2,1115,1032,2147
2019-02-06T17:45:00+09:00,J3,1641,1267,2908
2019-02-06T17:45:00+09:00,J4,1054,998,2052
2019-02-06T17:45:00+09:00,J5,698,863,1561
2019-02-06T18:00:00+09:00,J1,1101,1387,2488
2019-02-06T18:00:00+09:00,J2,1003,1020,2023
2019-02-06T18:00:00+09:00,J3,1658,1314,2972
2019-02-06T18:00:00+09:00,J4,1092,908,2000
2019-02-06T18:00:00+09:00,J5,719,815,1534
2019-02-06T18:15:00+09:00,J1,1243,1441,2684
2019-02-06T18:15:00+09:00,J2,1080,1019,2099
2019-02-06T18:15:00+09:00,J3,1510,1313,2823
2019-02-06T18:15:00+09:00,J4,1223,1083,2306
2019-02-06T18:15:00+09:00,J5,656,758,1414
2019-02-06T18:30:00+09:00,J1,1211,1349,2560
2019-02-06T18:30:00+09:00,J2,951,1017,1968
2019-02-06T18:30:00+09:00,J3,1363,1260,2623
2019-02-06T18:30:00+09:00,J4,1166,1071,2237
2019-02-06T18:30:00+09:00,J5,718,671,1389
2019-02-06T18:45:00+09:00,J1,1135,1376,2511
2019-02-06T18:45:00+09:00,J2,962,911,1873
2019-02-06T18:45:00+09:00,J3,1198,1153,2351
2019-02-06T18:45:00+09:00,J4,994,944,1938
2019-02-06T18:45:00+09:00,J5,660,674,1334
2019-02-06T19:00:00+09:00,J1,1117,1372,2489
2019-02-06T19:00:00+09:00,J2,852,932,1784
2019-02-06T19:00:00+09:00,J3,1241,1206,2447
2019-02-06T19:00:00+09:00,J4,976,1029,2005
2019-02-06T19:00:00+09:00,J5,691,742,1433
2019-02-06T19:15:00+09:00,J1,1123,1351,2474
2019-02-06T19:15:00+09:00,J2,935,1021,1956
2019-02-06T19:15:00+09:00,J3,1256,1194,2450
2019-02-06T19:15:00+09:00,J4,982,990,1972
2019-02-06T19:15:00+09:00,J5,681,764,1445
2019-02-06T19:30:00+09:00,J1,1108,1317,2425
2019-02-06T19:30:00+09:00,J2,761,920,1681
2019-02-06T19:30:00+09:00,J3,1172,1152,2324
2019-02-06T19:30:00+09:00,J4,914,957,1871
2019-02-06T19:30:00+09:00,J5,675,629,1304
2019-02-06T19:45:00+09:00,J1,1161,1318,2479
2019-02-06T19:45:00+09:00,J2,780,922,1702
2019-02-06T19:45:00+09:00,J3,1143,1048,2191
2019-02-06T19:45:00+09:00,J4,895,972,1867
2019-02-06T19:45:00+09:00,J5,616,619,1235
2019-02-06T20:00:00+09:00,J1,1128,1272,2400
2019-02-06T20:00:00+09:00,J2,752,851,1603
2019-02-06T20:00:00+09:00,J3,1057,1037,2094
2019-02-06T20:00:00+09:00,J4,893,1008,1901
2019-02-06T20:00:00+09:00,J5,607,584,1191
2019-02-06T20:15:00+09:00,J1,1157,1299,2456
2019-02-06T20:15:00+09:00,J2,775,766,1541
2019-02-06T20:15:00+09:00,J3,1131,1078,2209
2019-02-06T20:15:00+09:00,J4,978,1162,2140
2019-02-06T20:15:00+09:00,J5,635,648,1283
2019-02-06T20:30:00+09:00,J1,1060,1317,2377
2019-02-06T20:30:00+09:00,J2,1043,994,2037
2019-02-06T20:30:00+09:00,J3,1315,991,2306
2019-02-06T20:30:00+09:00,J4,1061,990,2051
2019-02-06T20:30:00+09:00,J5,637,615,1252
2019-02-06T20:45:00+09:00,J1,1054,1275,2329
2019-02-06T20:45:00+09:00,J2,781,788,1569
2019-02-06T20:45:00+09:00,J3,1215,1060,2275
2019-02-06T20:45:00+09:00,J4,1103,1062,2165
2019-02-06T20:45:00+09:00,J5,584,600,1184
2019-02-06T21:00:00+09:00,J1,1104,1237,2341
2019-02-06T21:00:00+09:00,J2,881,859,1740
2019-02-06T21:00:00+09:00,J3,1082,1007,2089
2019-02-06T21:00:00+09:00,J4,1065,1109,2174
2019-02-06T21:00:00+09:00,J5,623,610,1233
2019-02-06T21:15:00+09:00,J1,1057,1160,2217
2019-02-06T21:15:00+09:00,J2,977,816,1793
2019-02-06T21:15:00+09:00,J3,1182,1087,2269
2019-02-06T21:15:00+09:00,J4,1075,1108,2183
2019-02-06T21:15:00+09:00,J5,583,640,1223
2019-02-06T21:30:00+09:00,J1,1006,1182,2188
2019-02-06T21:30:00+09:00,J2,912,832,1744
2019-02-06T21:30:00+09:00,J3,1074,1077,2151
2019-02-06T21:30:00+09:00,J4,1092,1071,2163
2019-02-06T21:30:00+09:00,J5,631,650,1281
2019-02-06T21:45:00+09:00,J1,1022,1224,2246
2019-02-06T21:45:00+09:00,J2,842,878,1720
2019-02-06T21:45:00+09:00,J3,1113,1056,2169
2019-02-06T21:45:00+09:00,J4,1052,1124,2176
2019-02-06T21:45:00+09:00,J5,636,620,1256
2019-02-06T22:00:00+09:00,J1,1127,1234,2361
2019-02-06T22:00:00+09:00,J2,851,891,1742
2019-02-06T22:00:00+09:00,J3,1180,942,2122
2019-02-06T22:00:00+09:00,J4,1025,993,2018
2019-02-06T22:00:00+09:00,J5,639,578,1217
2019-02-06T22:15:00+09:00,J1,1048,1248,2296
2019-02-06T22:15:00+09:00,J2,640,858,1498
2019-02-06T22:15:00+09:00,J3,1125,886,2011
2019-02-06T22:15:00+09:00,J4,1045,948,1993
2019-02-06T22:15:00+09:00,J5,639,675,1314
2019-02-06T22:30:00+09:00,J1,1076,1211,2287
2019-02-06T22:30:00+09:00,J2,663,824,1487
2019-02-06T22:30:00+09:00,J3,1071,843,1914
2019-02-06T22:30:00+09:00,J4,1062,998,2060
2019-02-06T22:30:00+09:00,J5,577,573,1150
2019-02-06T22:45:00+09:00,J1,1072,1210,2282
2019-02-06T22:45:00+09:00,J2,610,800,1410
2019-02-06T22:45:00+09:00,J3,962,794,1756
2019-02-06T22:45:00+09:00,J4,941,1036,1977
2019-02-06T22:45:00+09:00,J5,503,513,1016
2019-02-06T23:00:00+09:00,J1,1088,1221,2309
2019-02-06T23:00:00+09:00,J2,836,856,1692
2019-02-06T23:00:00+09:00,J3,1024,743,1767
2019-02-06T23:00:00+09:00,J4,963,996,1959
2019-02-06T23:00:00+09:00,J5,463,519,982
2019-02-06T23:15:00+09:00,J1,1049,1254,2303
2019-02-06T23:15:00+09:00,J2,762,802,1564
2019-02-06T23:15:00+09:00,J3,916,807,1723
2019-02-06T23:15:00+09:00,J4,918,1031,1949
2019-02-06T23:15:00+09:00,J5,475,483,958
2019-02-06T23:30:00+09:00,J1,1011,1181,2192
2019-02-06T23:30:00+09:00,J2,747,835,1582
2019-02-06T23:30:00+09:00,J3,864,784,1648
2019-02-06T23:30:00+09:00,J4,891,1025,1916
2019-02-06T23:30:00+09:00,J5,432,471,903
2019-02-06T23:45:00+09:00,J1,1022,1206,2228
2019-02-06T23:45:00+09:00,J2,662,795,1457
2019-02-06T23:45:00+09:00,J3,879,680,1559
2019-02-06T23:45:00+09:00,J4,833,839,1672
2019-02-06T23:45:00+09:00,J5,429,499,928
2019-02-07T00:00:00+09:00,J1,964,1030,1994
2019-02-07T00:00:00+09:00,J2,775,779,1554
2019-02-07T00:00:00+09:00,J3,574,571,1145
2019-02-07T00:00:00+09:00,J4,783,824,1607
2019-02-07T00:00:00+09:00,J5,446,484,930
2019-02-07T00:15:00+09:00,J1,921,901,1822
2019-02-07T00:15:00+09:00,J2,574,668,1242
2019-02-07T00:15:00+09:00,J3,533,517,1050
2019-02-07T00:15:00+09:00,J4,793,823,1616
2019-02-07T00:15:00+09:00,J5,440,489,929
2019-02-07T00:30:00+09:00,J1,861,860,1721
2019-02-07T00:30:00+09:00,J2,502,566,1068
2019-02-07T00:30:00+09:00,J3,422,411,833
2019-02-07T00:30:00+09:00,J4,780,728,1508
2019-02-07T00:30:00+09:00,J5,507,515,1022
2019-02-07T00:45:00+09:00,J1,704,694,1398
2019-02-07T00:45:00+09:00,J2,447,520,967
2019-02-07T00:45:00+09:00,J3,520,434,954
2019-02-07T00:45:00+09:00,J4,722,772,1494
2019-02-07T00:45:00+09:00,J5,568,520,1088
2019-02-07T05:45:00+09:00,J1,1005,1004,2009
2019-02-07T05:45:00+09:00,J2,519,479,998
2019-02-07T05:45:00+09:00,J3,716,685,1401
2019-02-07T05:45:00+09:00,J4,779,867,1646
2019-02-07T05:45:00+09:00,J5,489,449,938
2019-02-07T06:00:00+09:00,J1,984,1044,2028
2019-02-07T06:00:00+09:00,J2,566,568,1134
2019-02-07T06:00:00+09:00,J3,649,684,1333
2019-02-07T06:00:00+09:00,J4,831,857,1688
2019-02-07T06:00:00+09:00,J5,398,416,814
2019-02-07T06:15:00+09:00,J1,1058,1064,2122
2019-02-07T06:15:00+09:00,J2,580,544,1124
2019-02-07T06:15:00+09:00,J3,615,652,1267
2019-02-07T06:15:00+09:00,J4,887,872,1759
2019-02-07T06:15:00+09:00,J5,450,442,892
2019-02-07T06:30:00+09:00,J1,1039,1146,2185
2019-02-07T06:30:00+09:00,J2,567,515,1082
2019-02-07T06:30:00+09:00,J3,590,678,1268
2019-02-07T06:30:00+09:00,J4,837,877,1714
2019-02-07T06:30:00+09:00,J5,441,464,905
2019-02-07T06:45:00+09:00,J1,1129,1132,2261
2019-02-07T06:45:00+09:00,J2,580,553,1133
2019-02-07T06:45:00+09:00,J3,712,692,1404
2019-02-07T06:45:00+09:00,J4,961,1019,1980
2019-02-07T06:45:00+09:00,J5,445,419,864
2019-02-07T07:00:00+09:00,J1,1097,1203,2300
2019-02-07T07:00:00+09:00,J2,746,645,1391
2019-02-07T07:00:00+09:00,J3,669,766,1435
2019-02-07T07:00:00+09:00,J4,870,973,1843
2019-02-07T07:00:00+09:00,J5,471,464,935
2019-02-07T07:15:00+09:00,J1,1176,1207,2383
2019-02-07T07:15:00+09:00,J2,891,783,1674
2019-02-07T07:15:00+09:00,J3,844,832,1676
2019-02-07T07:15:00+09:00,J4,998,1072,2070
2019-02-07T07:15:00+09:00,J5,493,480,973
2019-02-07T07:30:00+09:00,J1,1204,1213,2417
2019-02-07T07:30:00+09:00,J2,855,753,1608
2019-02-07T07:30:00+09:00,J3,1211,1103,2314
2019-02-07T07:30:00+09:00,J4,1052,1185,2237
2019-02-07T07:30:00+09:00,J5,734,580,1314
2019-02-07T07:45:00+09:00,J1,1173,1262,2435
2019-02-07T07:45:00+09:00,J2,886,746,1632
2019-02-07T07:45:00+09:00,J3,1350,1293,2643
2019-02-07T07:45:00+09:00,J4,1153,1316,2469
2019-02-07T07:45:00+09:00,J5,709,540,1249
2019-02-07T08:00:00+09:00,J1,1265,1338,2603
2019-02-07T08:00:00+09:00,J2,1133,829,1962
2019-02-07T08:00:00+09:00,J3,1486,1331,2817
2019-02-07T08:00:00+09:00,J4,1198,1365,2563
2019-02-07T08:00:00+09:00,J5,740,617,1357
2019-02-07T08:15:00+09:00,J1,1358,1318,2676
2019-02-07T08:15:00+09:00,J2,1365,823,2188
2019-02-07T08:15:00+09:00,J3,1520,1462,2982
2019-02-07T08:15:00+09:00,J4,1134,1387,2521
2019-02-07T08:15:00+09:00,J5,846,763,1609
2019-02-07T08:30:00+09:00,J1,1396,1323,2719
2019-02-07T08:30:00+09:00,J2,1237,918,2155
2019-02-07T08:30:00+09:00,J3,1553,1479,3032
2019-02-07T08:30:00+09:00,J4,982,1319,2301
2019-02-07T08:30:00+09:00,J5,877,695,1572
2019-02-07T08:45:00+09:00,J1,1304,1364,2668
2019-02-07T08:45:00+09:00,J2,1117,821,1938
2019-02-07T08:45:00+09:00,J3,1449,1383,2832
2019-02-07T08:45:00+09:00,J4,990,1202,2192
2019-02-07T08:45:00+09:00,J5,656,648,1304
2019-02-07T09:00:00+09:00,J1,1348,1385,2733
2019-02-07T09:00:00+09:00,J2,1006,783,1789
2019-02-07T09:00:00+09:00,J3,1287,1230,2517
2019-02-07T09:00:00+09:00,J4,855,976,1831
2019-02-07T09:00:00+09:00,J5,545,531,1076
2019-02-07T09:15:00+09:00,J1,1316,1313,2629
2019-02-07T09:15:00+09:00,J2,1002,792,1794
2019-02-07T09:15:00+09:00,J3,1100,1082,2182
2019-02-07T09:15:00+09:00,J4,1002,1090,2092
2019-02-07T09:15:00+09:00,J5,587,503,1090
2019-02-07T09:30:00+09:00,J1,1307,1337,2644
2019-02-07T09:30:00+09:00,J2,941,798,1739
2019-02-07T09:30:00+09:00,J3,1036,1011,2047
2019-02-07T09:30:00+09:00,J4,940,1070,2010
2019-02-07T09:30:00+09:00,J5,690,588,1278
2019-02-07T09:45:00+09:00,J1,1295,1387,2682
2019-02-07T09:45:00+09:00,J2,878,816,1694
2019-02-07T09:45:00+09:00,J3,1066,1055,2121
2019-02-07T09:45:00+09:00,J4,925,914,1839
2019-02-07T09:45:00+09:00,J5,704,593,1297
2019-02-07T10:00:00+09:00,J1,1252,1428,2680
2019-02-07T10:00:00+09:00,J2,847,781,1628
2019-02-07T10:00:00+09:00,J3,1049,1067,2116
2019-02-07T10:00:00+09:00,J4,788,860,1648
2019-02-07T10:00:00+09:00,J5,643,666,1309
2019-02-07T10:15:00+09:00,J1,1226,1296,2522
2019-02-07T10:15:00+09:00,J2,872,851,1723
2019-02-07T10:15:00+09:00,J3,1081,1033,2114
2019-02-07T10:15:00+09:00,J4,892,975,1867
2019-02-07T10:15:00+09:00,J5,564,598,1162
2019-02-07T10:30:00+09:00,J1,1185,1278,2463
2019-02-07T10:30:00+09:00,J2,909,842,1751
2019-02-07T10:30:00+09:00,J3,1085,1055,2140
2019-02-07T10:30:00+09:00,J4,875,975,1850
2019-02-07T10:30:00+09:00,J5,680,643,1323
2019-02-07T10:45:00+09:00,J1,1117,1344,2461
2019-02-07T10:45:00+09:00,J2,926,886,1812
2019-02-07T10:45:00+09:00,J3,1130,1116,2246
2019-02-07T10:45:00+09:00,J4,879,955,1834
2019-02-07T10:45:00+09:00,J5,649,601,1250
2019-02-07T11:00:00+09:00,J1,1160,1315,2475
2019-02-07T11:00:00+09:00,J2,852,832,1684
2019-02-07T11:00:00+09:00,J3,1117,1119,2236
2019-02-07T11:00:00+09:00,J4,972,987,1959
2019-02-07T11:00:00+09:00,J5,651,643,1294
2019-02-07T11:15:00+09:00,J1,1172,1293,2465
2019-02-07T11:15:00+09:00,J2,944,954,1898
2019-02-07T11:15:00+09:00,J3,1399,1298,2697
2019-02-07T11:15:00+09:00,J4,1023,1041,2064
2019-02-07T11:15:00+09:00,J5,551,537,1088
2019-02-07T11:30:00+09:00,J1,1107,1353,2460
2019-02-07T11:30:00+09:00,J2,1017,939,1956
2019-02-07T11:30:00+09:00,J3,1267,1210,2477
2019-02-07T11:30:00+09:00,J4,953,1023,1976
2019-02-07T11:30:00+09:00,J5,659,620,1279
2019-02-07T11:45:00+09:00,J1,1111,1279,2390
2019-02-07T11:45:00+09:00,J2,927,860,1787
2019-02-07T11:45:00+09:00,J3,1315,1242,2557
2019-02-07T11:45:00+09:00,J4,941,975,1916
2019-02-07T11:45:00+09:00,J5,584,652,1236
2019-02-07T12:00:00+09:00,J1,1099,1282,2381
2019-02-07T12:00:00+09:00,J2,985,795,1780
2019-02-07T12:00:00+09:00,J3,1196,1104,2300
2019-02-07T12:00:00+09:00,J4,984,1072,2056
2019-02-07T12:00:00+09:00,J5,684,718,1402
2019-02-07T12:15:00+09:00,J1,1121,1333,2454
2019-02-07T12:15:00+09:00,J2,935,844,1779
2019-02-07T12:15:00+09:00,J3,1345,1145,2490
2019-02-07T12:15:00+09:00,J4,1079,1061,2140
2019-02-07T12:15:00+09:00,J5,777,723,1500
2019-02-07T12:30:00+09:00,J1,1134,1332,2466
2019-02-07T12:30:00+09:00,J2,971,843,1814
2019-02-07T12:30:00+09:00,J3,1339,1310,2649
2019-02-07T12:30:00+09:00,J4,1059,1112,2171
2019-02-07T12:30:00+09:00,J5,764,733,1497
2019-02-07T12:45:00+09:00,J1,1119,1318,2437
2019-02-07T12:45:00+09:00,J2,1016,795,1811
2019-02-07T12:45:00+09:00,J3,1411,1241,2652
2019-02-07T12:45:00+09:00,J4,1009,1051,2060
2019-02-07T12:45:00+09:00,J5,711,772,1483
2019-02-07T13:00:00+09:00,J1,1112,1297,2409
2019-02-07T13:00:00+09:00,J2,985,857,1842
2019-02-07T13:00:00+09:00,J3,1401,1165,2566
2019-02-07T13:00:00+09:00,J4,1029,1000,2029
2019-02-07T13:00:00+09:00,J5,735,798,1533
2019-02-07T13:15:00+09:00,J1,1138,1314,2452
2019-02-07T13:15:00+09:00,J2,1025,777,1802
2019-02-07T13:15:00+09:00,J3,1375,1083,2458
2019-02-07T13:15:00+09:00,J4,1000,1001,2001
2019-02-07T13:15:00+09:00,J5,782,739,1521
2019-02-07T13:30:00+09:00,J1,1131,1321,2452
2019-02-07T13:30:00+09:00,J2,952,756,1708
2019-02-07T13:30:00+09:00,J3,1308,1057,2365
2019-02-07T13:30:00+09:00,J4,1087,1056,2143
2019-02-07T13:30:00+09:00,J5,737,730,1467
2019-02-07T13:45:00+09:00,J1,1070,1310,2380
2019-02-07T13:45:00+09:00,J2,956,835,1791
2019-02-07T13:45:00+09:00,J3,1338,1144,2482
2019-02-07T13:45:00+09:00,J4,1016,1035,2051
2019-02-07T13:45:00+09:00,J5,743,753,1496
2019-02-07T14:00:00+09:00,J1,1090,1219,2309
2019-02-07T14:00:00+09:00,J2,942,776,1718
2019-02-07T14:00:00+09:00,J3,1347,1064,2411
2019-02-07T14:00:00+09:00,J4,967,1023,1990
2019-02-07T14:00:00+09:00,J5,728,750,1478
2019-02-07T14:15:00+09:00,J1,1080,1287,2367
2019-02-07T14:15:00+09:00,J2,954,759,1713
2019-02-07T14:15:00+09:00,J3,1298,1156,2454
2019-02-07T14:15:00+09:00,J4,1062,1013,2075
2019-02-07T14:15:00+09:00,J5,747,698,1445
2019-02-07T14:30:00+09:00,J1,1074,1358,2432
2019-02-07T14:30:00+09:00,J2,965,825,1790
2019-02-07T14:30:00+09:00,J3,1364,1148,2512
2019-02-07T14:30:00+09:00,J4,1114,1131,2245
2019-02-07T14:30:00+09:00,J5,741,816,1557
2019-02-07T14:45:00+09:00,J1,1158,1255,2413
2019-02-07T14:45:00+09:00,J2,887,818,1705
2019-02-07T14:45:00+09:00,J3,1287,1117,2404
2019-02-07T14:45:00+09:00,J4,1147,1100,2247
2019-02-07T14:45:00+09:00,J5,666,690,1356
2019-02-07T15:00:00+09:00,J1,1055,1310,2365
2019-02-07T15:00:00+09:00,J2,967,954,1921
2019-02-07T15:00:00+09:00,J3,1427,1189,2616
2019-02-07T15:00:00+09:00,J4,1047,1025,2072
2019-02-07T15:00:00+09:00,J5,696,673,1369
2019-02-07T15:15:00+09:00,J1,1137,1219,2356
2019-02-07T15:15:00+09:00,J2,871,820,1691
2019-02-07T15:15:00+09:00,J3,1447,1209,2656
2019-02-07T15:15:00+09:00,J4,1054,1038,2092
2019-02-07T15:15:00+09:00,J5,731,757,1488
2019-02-07T15:30:00+09:00,J1,1060,1257,2317
2019-02-07T15:30:00+09:00,J2,956,914,1870
2019-02-07T15:30:00+09:00,J3,1428,1171,2599
2019-02-07T15:30:00+09:00,J4,1064,1094,2158
2019-02-07T15:30:00+09:00,J5,696,717,1413
2019-02-07T15:45:00+09:00,J1,1170,1239,2409
2019-02-07T15:45:00+09:00,J2,1041,972,2013
2019-02-07T15:45:00+09:00,J3,1415,1232,2647
2019-02-07T15:45:00+09:00,J4,1076,1172,2248
2019-02-07T15:45:00+09:00,J5,686,679,1365
2019-02-07T16:00:00+09:00,J1,1077,1363,2440
2019-02-07T16:00:00+09:00,J2,990,888,1878
2019-02-07T16:00:00+09:00,J3,1359,1155,2514
2019-02-07T16:00:00+09:00,J4,958,1036,1994
2019-02-07T16:00:00+09:00,J5,658,724,1382
2019-02-07T16:15:00+09:00,J1,1092,1299,2391
2019-02-07T16:15:00+09:00,J2,972,864,1836
2019-02-07T16:15:00+09:00,J3,1353,1103,2456
2019-02-07T16:15:00+09:00,J4,1005,1025,2030
2019-02-07T16:15:00+09:00,J5,726,784,1510
2019-02-07T16:30:00+09:00,J1,1081,1370,2451
2019-02-07T16:30:00+09:00,J2,961,898,1859
2019-02-07T16:30:00+09:00,J3,1398,1282,2680
2019-02-07T16:30:00+09:00,J4,1005,1106,2111
2019-02-07T16:30:00+09:00,J5,703,701,1404
2019-02-07T16:45:00+09:00,J1,1131,1374,2505
2019-02-07T16:45:00+09:00,J2,979,835,1814
2019-02-07T16:45:00+09:00,J3,1390,1233,2623
2019-02-07T16:45:00+09:00,J4,985,1015,2000
2019-02-07T16:45:00+09:00,J5,673,713,1386
2019-02-07T17:00:00+09:00,J1,1159,1345,2504
2019-02-07T17:00:00+09:00,J2,991,867,1858
2019-02-07T17:00:00+09:00,J3,1426,1226,2652
2019-02-07T17:00:00+09:00,J4,1074,1127,2201
2019-02-07T17:00:00+09:00,J5,705,730,1435
2019-02-07T17:15:00+09:00,J1,1147,1408,2555
2019-02-07T17:15:00+09:00,J2,1125,1010,2135
2019-02-07T17:15:00+09:00,J3,1628,1248,2876
2019-02-07T17:15:00+09:00,J4,1097,1145,2242
2019-02-07T17:15:00+09:00,J5,734,754,1488
2019-02-07T17:30:00+09:00,J1,1043,1278,2321
2019-02-07T17:30:00+09:00,J2,1140,993,2133
2019-02-07T17:30:00+09:00,J3,1755,1330,3085
2019-02-07T17:30:00+09:00,J4,1189,1069,2258
2019-02-07T17:30:00+09:00,J5,689,708,1397
2019-02-07T17:45:00+09:00,J1,1111,1368,2479
2019-02-07T17:45:00+09:00,J2,1135,992,2127
2019-02-07T17:45:00+09:00,J3,1742,1380,3122
2019-02-07T17:45:00+09:00,J4,1200,1147,2347
2019-02-07T17:45:00+09:00,J5,718,725,1443
2019-02-07T18:00:00+09:00,J1,1170,1359,2529
2019-02-07T18:00:00+09:00,J2,1076,1093,2169
2019-02-07T18:00:00+09:00,J3,1720,1337,3057
2019-02-07T18:00:00+09:00,J4,1191,1139,2330
2019-02-07T18:00:00+09:00,J5,690,761,1451
2019-02-07T18:15:00+09:00,J1,1260,1414,2674
2019-02-07T18:15:00+09:00,J2,1129,1096,2225
2019-02-07T18:15:00+09:00,J3,1455,1368,2823
2019-02-07T18:15:00+09:00,J4,1241,1065,2306
2019-02-07T18:15:00+09:00,J5,756,817,1573
2019-02-07T18:30:00+09:00,J1,1204,1403,2607
2019-02-07T18:30:00+09:00,J2,1085,954,2039
2019-02-07T18:30:00+09:00,J3,1419,1287,2706
2019-02-07T18:30:00+09:00,J4,1028,1028,2056
2019-02-07T18:30:00+09:00,J5,745,713,1458
2019-02-07T18:45:00+09:00,J1,1186,1452,2638
2019-02-07T18:45:00+09:00,J2,975,883,1858
2019-02-07T18:45:00+09:00,J3,1357,1263,2620
2019-02-07T18:45:00+09:00,J4,1069,975,2044
2019-02-07T18:45:00+09:00,J5,712,708,1420
2019-02-07T19:00:00+09:00,J1,1117,1325,2442
2019-02-07T19:00:00+09:00,J2,826,1007,1833
2019-02-07T19:00:00+09:00,J3,1231,1153,2384
2019-02-07T19:00:00+09:00,J4,1015,1049,2064
2019-02-07T19:00:00+09:00,J5,725,792,1517
2019-02-07T19:15:00+09:00,J1,1159,1438,2597
2019-02-07T19:15:00+09:00,J2,858,932,1790
2019-02-07T19:15:00+09:00,J3,1383,1236,2619
2019-02-07T19:15:00+09:00,J4,1191,1106,2297
2019-02-07T19:15:00+09:00,J5,768,760,1528
2019-02-07T19:30:00+09:00,J1,1162,1314,2476
2019-02-07T19:30:00+09:00,J2,766,941,1707
2019-02-07T19:30:00+09:00,J3,1298,1264,2562
2019-02-07T19:30:00+09:00,J4,1243,1222,2465
2019-02-07T19:30:00+09:00,J5,689,724,1413
2019-02-07T19:45:00+09:00,J1,1125,1379,2504
2019-02-07T19:45:00+09:00,J2,727,830,1557
2019-02-07T19:45:00+09:00,J3,1242,1251,2493
2019-02-07T19:45:00+09:00,J4,1043,1028,2071
2019-02-07T19:45:00+09:00,J5,659,715,1374
2019-02-07T20:00:00+09:00,J1,1118,1351,2469
2019-02-07T20:00:00+09:00,J2,703,808,1511
2019-02-07T20:00:00+09:00,J3,1316,1267,2583
2019-02-07T20:00:00+09:00,J4,1177,1151,2328
2019-02-07T20:00:00+09:00,J5,685,712,1397
2019-02-07T20:15:00+09:00,J1,1124,1360,2484
2019-02-07T20:15:00+09:00,J2,728,861,1589
2019-02-07T20:15:00+09:00,J3,1330,1217,2547
2019-02-07T20:15:00+09:00,J4,1146,1190,2336
2019-02-07T20:15:00+09:00,J5,664,717,1381
2019-02-07T20:30:00+09:00,J1,1040,1281,2321
2019-02-07T20:30:00+09:00,J2,726,851,1577
2019-02-07T20:30:00+09:00,J3,1318,1247,2565
2019-02-07T20:30:00+09:00,J4,1294,1245,2539
2019-02-07T20:30:00+09:00,J5,693,773,1466
2019-02-07T20:45:00+09:00,J1,1087,1256,2343
2019-02-07T20:45:00+09:00,J2,740,777,1517
2019-02-07T20:45:00+09:00,J3,1383,1274,2657
2019-02-07T20:45:00+09:00,J4,1175,1113,2288
2019-02-07T20:45:00+09:00,J5,683,699,1382
2019-02-07T21:00:00+09:00,J1,1004,1101,2105
2019-02-07T21:00:00+09:00,J2,900,818,1718
2019-02-07T21:00:00+09:00,J3,1246,1113,2359
2019-02-07T21:00:00+09:00,J4,1156,1242,2398
2019-02-07T21:00:00+09:00,J5,655,697,1352
2019-02-07T21:15:00+09:00,J1,1001,1199,2200
2019-02-07T21:15:00+09:00,J2,932,978,1910
2019-02-07T21:15:00+09:00,J3,1222,1042,2264
2019-02-07T21:15:00+09:00,J4,1036,1135,2171
2019-02-07T21:15:00+09:00,J5,560,646,1206
2019-02-07T21:30:00+09:00,J1,1031,1149,2180
2019-02-07T21:30:00+09:00,J2,905,861,1766
2019-02-07T21:30:00+09:00,J3,1215,973,2188
2019-02-07T21:30:00+09:00,J4,1099,1101,2200
2019-02-07T21:30:00+09:00,J5,510,532,1042
2019-02-07T21:45:00+09:00,J1,1007,1161,2168
2019-02-07T21:45:00+09:00,J2,759,826,1585
2019-02-07T21:45:00+09:00,J3,1184,987,2171
2019-02-07T21:45:00+09:00,J4,1081,1107,2188
2019-02-07T21:45:00+09:00,J5,501,526,1027
2019-02-07T22:00:00+09:00,J1,1040,1195,2235
2019-02-07T22:00:00+09:00,J2,801,854,1655
2019-02-07T22:00:00+09:00,J3,1215,1106,2321
2019-02-07T22:00:00+09:00,J4,1150,1156,2306
2019-02-07T22:00:00+09:00,J5,420,495,915
2019-02-07T22:15:00+09:00,J1,1108,1179,2287
2019-02-07T22:15:00+09:00,J2,784,883,1667
2019-02-07T22:15:00+09:00,J3,1160,1029,2189
2019-02-07T22:15:00+09:00,J4,1114,1249,2363
2019-02-07T22:15:00+09:00,J5,439,486,925
2019-02-07T22:30:00+09:00,J1,1048,1261,2309
2019-02-07T22:30:00+09:00,J2,825,895,1720
2019-02-07T22:30:00+09:00,J3,1119,983,2102
2019-02-07T22:30:00+09:00,J4,1095,1142,2237
2019-02-07T22:30:00+09:00,J5,455,456,911
2019-02-07T22:45:00+09:00,J1,1066,1270,2336
2019-02-07T22:45:00+09:00,J2,835,865,1700
2019-02-07T22:45:00+09:00,J3,1162,1033,2195
2019-02-07T22:45:00+09:00,J4,993,1031,2024
2019-02-07T22:45:00+09:00,J5,534,492,1026
2019-02-07T23:00:00+09:00,J1,1052,1224,2276
2019-02-07T23:00:00+09:00,J2,797,753,1550
2019-02-07T23:00:00+09:00,J3,1275,1049,2324
2019-02-07T23:00:00+09:00,J4,964,1105,2069
2019-02-07T23:00:00+09:00,J5,536,453,989
2019-02-07T23:15:00+09:00,J1,1093,1260,2353
2019-02-07T23:15:00+09:00,J2,766,852,1618
2019-02-07T23:15:00+09:00,J3,1117,1043,2160
2019-02-07T23:15:00+09:00,J4,908,1135,2043
2019-02-07T23:15:00+09:00,J5,519,449,968
2019-02-07T23:30:00+09:00,J1,1105,1242,2347
2019-02-07T23:30:00+09:00,J2,711,818,1529
2019-02-07T23:30:00+09:00,J3,1085,1014,2099
2019-02-07T23:30:00+09:00,J4,919,1007,1926
2019-02-07T23:30:00+09:00,J5,487,517,1004
2019-02-07T23:45:00+09:00,J1,1050,1278,2328
2019-02-07T23:45:00+09:00,J2,733,777,1510
2019-02-07T23:45:00+09:00,J3,1017,911,1928
2019-02-07T23:45:00+09:00,J4,916,1003,1919
2019-02-07T23:45:00+09:00,J5,572,503,1075
2019-02-08T00:00:00+09:00,J1,1013,1116,2129
2019-02-08T00:00:00+09:00,J2,808,749,1557
2019-02-08T00:00:00+09:00,J3,928,888,1816
2019-02-08T00:00:00+09:00,J4,937,1063,2000
2019-02-08T00:00:00+09:00,J5,582,517,1099
2019-02-08T00:15:00+09:00,J1,759,892,1651
2019-02-08T00:15:00+09:00,J2,570,610,1180
2019-02-08T00:15:00+09:00,J3,1046,1034,2080
2019-02-08T00:15:00+09:00,J4,862,910,1772
2019-02-08T00:15:00+09:00,J5,559,533,1092
2019-02-08T00:30:00+09:00,J1,547,567,1114
2019-02-08T00:30:00+09:00,J2,530,466,996
2019-02-08T00:30:00+09:00,J3,1068,996,2064
2019-02-08T00:30:00+09:00,J4,644,651,1295
2019-02-08T00:30:00+09:00,J5,602,542,1144
2019-02-08T00:45:00+09:00,J1,665,658,1323
2019-02-08T00:45:00+09:00,J2,486,492,978
2019-02-08T00:45:00+09:00,J3,810,776,1586
2019-02-08T00:45:00+09:00,J4,670,749,1419
2019-02-08T00:45:00+09:00,J5,538,518,1056
2019-02-08T05:45:00+09:00,J1,1033,1090,2123
2019-02-08T05:45:00+09:00,J2,733,737,1470
2019-02-08T05:45:00+09:00,J3,869,692,1561
2019-02-08T05:45:00+09:00,J4,780,884,1664
2019-02-08T05:45:00+09:00,J5,600,529,1129
2019-02-08T06:00:00+09:00,J1,1064,1128,2192
2019-02-08T06:00:00+09:00,J2,669,752,1421
2019-02-08T06:00:00+09:00,J3,963,717,1680
2019-02-08T06:00:00+09:00,J4,875,1079,1954
2019-02-08T06:00:00+09:00,J5,546,499,1045
2019-02-08T06:15:00+09:00,J1,1197,1303,2500
2019-02-08T06:15:00+09:00,J2,809,712,1521
2019-02-08T06:15:00+09:00,J3,966,692,1658
2019-02-08T06:15:00+09:00,J4,926,1106,2032
2019-02-08T06:15:00+09:00,J5,586,518,1104
2019-02-08T06:30:00+09:00,J1,1173,1271,2444
2019-02-08T06:30:00+09:00,J2,879,748,1627
2019-02-08T06:30:00+09:00,J3,939,701,1640
2019-02-08T06:30:00+09:00,J4,923,1061,1984
2019-02-08T06:30:00+09:00,J5,643,529,1172
2019-02-08T06:45:00+09:00,J1,1221,1309,2530
2019-02-08T06:45:00+09:00,J2,782,746,1528
2019-02-08T06:45:00+09:00,J3,980,735,1715
2019-02-08T06:45:00+09:00,J4,951,1115,2066
2019-02-08T06:45:00+09:00,J5,608,554,1162
2019-02-08T07:00:00+09:00,J1,1171,1365,2536
2019-02-08T07:00:00+09:00,J2,708,726,1434
2019-02-08T07:00:00+09:00,J3,1054,834,1888
2019-02-08T07:00:00+09:00,J4,1013,1058,2071
2019-02-08T07:00:00+09:00,J5,662,608,1270
2019-02-08T07:15:00+09:00,J1,1205,1339,2544
2019-02-08T07:15:00+09:00,J2,866,767,1633
2019-02-08T07:15:00+09:00,J3,1046,893,1939
2019-02-08T07:15:00+09:00,J4,1076,1114,2190
2019-02-08T07:15:00+09:00,J5,688,605,1293
2019-02-08T07:30:00+09:00,J1,1155,1326,2481
2019-02-08T07:30:00+09:00,J2,870,755,1625
2019-02-08T07:30:00+09:00,J3,1332,1115,2447
2019-02-08T07:30:00+09:00,J4,1174,1241,2415
2019-02-08T07:30:00+09:00,J5,743,665,1408
2019-02-08T07:45:00+09:00,J1,1174,1369,2543
2019-02-08T07:45:00+09:00,J2,1012,805,1817
2019-02-08T07:45:00+09:00,J3,1361,1211,2572
2019-02-08T07:45:00+09:00,J4,1233,1338,2571
2019-02-08T07:45:00+09:00,J5,738,648,1386
2019-02-08T08:00:00+09:00,J1,1280,1269,2549
2019-02-08T08:00:00+09:00,J2,1104,862,1966
2019-02-08T08:00:00+09:00,J3,1517,1367,2884
2019-02-08T08:00:00+09:00,J4,1295,1428,2723
2019-02-08T08:00:00+09:00,J5,896,652,1548
2019-02-08T08:15:00+09:00,J1,1248,1278,2526
2019-02-08T08:15:00+09:00,J2,1271,1012,2283
2019-02-08T08:15:00+09:00,J3,1557,1436,2993
2019-02-08T08:15:00+09:00,J4,1304,1543,2847
2019-02-08T08:15:00+09:00,J5,873,695,1568
2019-02-08T08:30:00+09:00,J1,1320,1229,2549
2019-02-08T08:30:00+09:00,J2,1451,796,2247
2019-02-08T08:30:00+09:00,J3,1633,1541,3174
2019-02-08T08:30:00+09:00,J4,1290,1440,2730
2019-02-08T08:30:00+09:00,J5,892,684,1576
2019-02-08T08:45:00+09:00,J1,1347,1376,2723
2019-02-08T08:45:00+09:00,J2,1114,962,2076
2019-02-08T08:45:00+09:00,J3,1551,1405,2956
2019-02-08T08:45:00+09:00,J4,1228,1367,2595
2019-02-08T08:45:00+09:00,J5,738,635,1373
2019-02-08T09:00:00+09:00,J1,1301,1457,2758
2019-02-08T09:00:00+09:00,J2,898,928,1826
2019-02-08T09:00:00+09:00,J3,1550,1295,2845
2019-02-08T09:00:00+09:00,J4,1188,1263,2451
2019-02-08T09:00:00+09:00,J5,771,660,1431
2019-02-08T09:15:00+09:00,J1,1283,1392,2675
2019-02-08T09:15:00+09:00,J2,1112,942,2054
2019-02-08T09:15:00+09:00,J3,1406,1383,2789
2019-02-08T09:15:00+09:00,J4,1154,1263,2417
2019-02-08T09:15:00+09:00,J5,700,585,1285
2019-02-08T09:30:00+09:00,J1,1223,1373,2596
2019-02-08T09:30:00+09:00,J2,1295,1095,2390
2019-02-08T09:30:00+09:00,J3,1550,1388,2938
2019-02-08T09:30:00+09:00,J4,1225,1293,2518
2019-02-08T09:30:00+09:00,J5,793,645,1438
2019-02-08T09:45:00+09:00,J1,1308,1403,2711
2019-02-08T09:45:00+09:00,J2,1195,1044,2239
2019-02-08T09:45:00+09:00,J3,1473,1264,2737
2019-02-08T09:45:00+09:00,J4,1237,1246,2483
2019-02-08T09:45:00+09:00,J5,711,677,1388
2019-02-08T10:00:00+09:00,J1,1213,1372,2585
2019-02-08T10:00:00+09:00,J2,1061,980,2041
2019-02-08T10:00:00+09:00,J3,1401,1284,2685
2019-02-08T10:00:00+09:00,J4,1244,1236,2480
2019-02-08T10:00:00+09:00,J5,665,604,1269
2019-02-08T10:15:00+09:00,J1,1202,1380,2582
2019-02-08T10:15:00+09:00,J2,1120,942,2062
2019-02-08T10:15:00+09:00,J3,1454,1182,2636
2019-02-08T10:15:00+09:00,J4,1187,1231,2418
2019-02-08T10:15:00+09:00,J5,648,550,1198
2019-02-08T10:30:00+09:00,J1,1265,1334,2599
2019-02-08T10:30:00+09:00,J2,1241,887,2128
2019-02-08T10:30:00+09:00,J3,1384,1191,2575
2019-02-08T10:30:00+09:00,J4,1229,1233,2462
2019-02-08T10:30:00+09:00,J5,676,596,1272
2019-02-08T10:45:00+09:00,J1,1289,1370,2659
2019-02-08T10:45:00+09:00,J2,1190,963,2153
2019-02-08T10:45:00+09:00,J3,1322,1167,2489
2019-02-08T10:45:00+09:00,J4,1258,1239,2497
2019-02-08T10:45:00+09:00,J5,703,657,1360
2019-02-08T11:00:00+09:00,J1,1325,1365,2690
2019-02-08T11:00:00+09:00,J2,1043,877,1920
2019-02-08T11:00:00+09:00,J3,1323,1094,2417
2019-02-08T11:00:00+09:00,J4,1311,1253,2564
2019-02-08T11:00:00+09:00,J5,638,598,1236
2019-02-08T11:15:00+09:00,J1,1165,1429,2594
2019-02-08T11:15:00+09:00,J2,885,908,1793
2019-02-08T11:15:00+09:00,J3,1466,1152,2618
2019-02-08T11:15:00+09:00,J4,1201,1276,2477
2019-02-08T11:15:00+09:00,J5,658,587,1245
2019-02-08T11:30:00+09:00,J1,1170,1456,2626
2019-02-08T11:30:00+09:00,J2,943,856,1799
2019-02-08T11:30:00+09:00,J3,1450,1233,2683
2019-02-08T11:30:00+09:00,J4,1257,1286,2543
2019-02-08T11:30:00+09:00,J5,646,598,1244
2019-02-08T11:45:00+09:00,J1,1251,1400,2651
2019-02-08T11:45:00+09:00,J2,945,735,1680
2019-02-08T11:45:00+09:00,J3,1491,1099,2590
2019-02-08T11:45:00+09:00,J4,1172,1211,2383
2019-02-08T11:45:00+09:00,J5,701,704,1405
2019-02-08T12:00:00+09:00,J1,1271,1455,2726
2019-02-08T12:00:00+09:00,J2,906,805,1711
2019-02-08T12:00:00+09:00,J3,1349,1181,2530
2019-02-08T12:00:00+09:00,J4,1303,1239,2542
2019-02-08T12:00:00+09:00,J5,666,707,1373
2019-02-08T12:15:00+09:00,J1,1162,1367,2529
2019-02-08T12:15:00+09:00,J2,978,826,1804
2019-02-08T12:15:00+09:00,J3,1481,1127,2608
2019-02-08T12:15:00+09:00,J4,1286,1306,2592
2019-02-08T12:15:00+09:00,J5,821,809,1630
2019-02-08T12:30:00+09:00,J1,1222,1373,2595
2019-02-08T12:30:00+09:00,J2,999,823,1822
2019-02-08T12:30:00+09:00,J3,1526,1196,2722
2019-02-08T12:30:00+09:00,J4,1257,1242,2499
2019-02-08T12:30:00+09:00,J5,833,794,1627
2019-02-08T12:45:00+09:00,J1,1169,1376,2545
2019-02-08T12:45:00+09:00,J2,1036,803,1839
2019-02-08T12:45:00+09:00,J3,1576,1229,2805
2019-02-08T12:45:00+09:00,J4,1280,1354,2634
2019-02-08T12:45:00+09:00,J5,740,752,1492
2019-02-08T13:00:00+09:00,J1,1176,1420,2596
2019-02-08T13:00:00+09:00,J2,1027,897,1924
2019-02-08T13:00:00+09:00,J3,1505,1153,2658
2019-02-08T13:00:00+09:00,J4,1248,1308,2556
2019-02-08T13:00:00+09:00,J5,816,845,1661
2019-02-08T13:15:00+09:00,J1,1132,1383,2515
2019-02-08T13:15:00+09:00,J2,912,892,1804
2019-02-08T13:15:00+09:00,J3,1530,1252,2782
2019-02-08T13:15:00+09:00,J4,1274,1317,2591
2019-02-08T13:15:00+09:00,J5,870,843,1713
2019-02-08T13:30:00+09:00,J1,1140,1258,2398
2019-02-08T13:30:00+09:00,J2,997,852,1849
2019-02-08T13:30:00+09:00,J3,1541,1225,2766
2019-02-08T13:30:00+09:00,J4,1230,1220,2450
2019-02-08T13:30:00+09:00,J5,818,820,1638
2019-02-08T13:45:00+09:00,J1,1156,1338,2494
2019-02-08T13:45:00+09:00,J2,1059,884,1943
2019-02-08T13:45:00+09:00,J3,1450,1220,2670
2019-02-08T13:45:00+09:00,J4,1189,1318,2507
2019-02-08T13:45:00+09:00,J5,798,847,1645
2019-02-08T14:00:00+09:00,J1,1129,1396,2525
2019-02-08T14:00:00+09:00,J2,993,845,1838
2019-02-08T14:00:00+09:00,J3,1484,1168,2652
2019-02-08T14:00:00+09:00,J4,1250,1316,2566
2019-02-08T14:00:00+09:00,J5,830,826,1656
2019-02-08T14:15:00+09:00,J1,1174,1326,2500
2019-02-08T14:15:00+09:00,J2,1105,927,2032
2019-02-08T14:15:00+09:00,J3,1555,1187,2742
2019-02-08T14:15:00+09:00,J4,1160,1238,2398
2019-02-08T14:15:00+09:00,J5,824,778,1602
2019-02-08T14:30:00+09:00,J1,1140,1368,2508
2019-02-08T14:30:00+09:00,J2,1140,914,2054
2019-02-08T14:30:00+09:00,J3,1544,1238,2782
2019-02-08T14:30:00+09:00,J4,1161,1311,2472
2019-02-08T14:30:00+09:00,J5,795,804,1599
2019-02-08T14:45:00+09:00,J1,1147,1352,2499
2019-02-08T14:45:00+09:00,J2,1082,1019,2101
2019-02-08T14:45:00+09:00,J3,1553,1272,2825
2019-02-08T14:45:00+09:00,J4,1154,1214,2368
2019-02-08T14:45:00+09:00,J5,796,811,1607
2019-02-08T15:00:00+09:00,J1,1069,1316,2385
2019-02-08T15:00:00+09:00,J2,1024,1056,2080
2019-02-08T15:00:00+09:00,J3,1511,1234,2745
2019-02-08T15:00:00+09:00,J4,1174,1193,2367
2019-02-08T15:00:00+09:00,J5,844,845,1689
2019-02-08T15:15:00+09:00,J1,1053,1317,2370
2019-02-08T15:15:00+09:00,J2,1055,996,2051
2019-02-08T15:15:00+09:00,J3,1483,1208,2691
2019-02-08T15:15:00+09:00,J4,1189,1274,2463
2019-02-08T15:15:00+09:00,J5,775,802,1577
2019-02-08T15:30:00+09:00,J1,1105,1359,2464
2019-02-08T15:30:00+09:00,J2,1027,1020,2047
2019-02-08T15:30:00+09:00,J3,1555,1203,2758
2019-02-08T15:30:00+09:00,J4,1174,1269,2443
2019-02-08T15:30:00+09:00,J5,805,829,1634
2019-02-08T15:45:00+09:00,J1,1148,1365,2513
2019-02-08T15:45:00+09:00,J2,1014,1028,2042
2019-02-08T15:45:00+09:00,J3,1360,1054,2414
2019-02-08T15:45:00+09:00,J4,1190,1301,2491
2019-02-08T15:45:00+09:00,J5,738,808,1546
2019-02-08T16:00:00+09:00,J1,1155,1283,2438
2019-02-08T16:00:00+09:00,J2,1072,921,1993
2019-02-08T16:00:00+09:00,J3,1436,1099,2535
2019-02-08T16:00:00+09:00,J4,1180,1193,2373
2019-02-08T16:00:00+09:00,J5,803,832,1635
2019-02-08T16:15:00+09:00,J1,1082,1308,2390
2019-02-08T16:15:00+09:00,J2,1059,937,1996
2019-02-08T16:15:00+09:00,J3,1437,1166,2603
2019-02-08T16:15:00+09:00,J4,1183,1222,2405
2019-02-08T16:15:00+09:00,J5,839,904,1743
2019-02-08T16:30:00+09:00,J1,1136,1366,2502
2019-02-08T16:30:00+09:00,J2,1048,937,1985
2019-02-08T16:30:00+09:00,J3,1424,1125,2549
2019-02-08T16:30:00+09:00,J4,1182,1313,2495
2019-02-08T16:30:00+09:00,J5,803,784,1587
2019-02-08T16:45:00+09:00,J1,1185,1350,2535
2019-02-08T16:45:00+09:00,J2,1097,935,2032
2019-02-08T16:45:00+09:00,J3,1585,1179,2764
2019-02-08T16:45:00+09:00,J4,1140,1228,2368
2019-02-08T16:45:00+09:00,J5,759,767,1526
2019-02-08T17:00:00+09:00,J1,1121,1301,2422
2019-02-08T17:00:00+09:00,J2,1224,1036,2260
2019-02-08T17:00:00+09:00,J3,1562,1199,2761
2019-02-08T17:00:00+09:00,J4,1310,1299,2609
2019-02-08T17:00:00+09:00,J5,839,867,1706
2019-02-08T17:15:00+09:00,J1,1122,1300,2422
2019-02-08T17:15:00+09:00,J2,1281,1141,2422
2019-02-08T17:15:00+09:00,J3,1730,1269,2999
2019-02-08T17:15:00+09:00,J4,1311,1294,2605
2019-02-08T17:15:00+09:00,J5,856,912,1768
2019-02-08T17:30:00+09:00,J1,1073,1363,2436
2019-02-08T17:30:00+09:00,J2,1095,1181,2276
2019-02-08T17:30:00+09:00,J3,1804,1279,3083
2019-02-08T17:30:00+09:00,J4,1362,1288,2650
2019-02-08T17:30:00+09:00,J5,887,913,1800
2019-02-08T17:45:00+09:00,J1,1159,1321,2480
2019-02-08T17:45:00+09:00,J2,1082,1220,2302
2019-02-08T17:45:00+09:00,J3,1731,1297,3028
2019-02-08T17:45:00+09:00,J4,1341,1187,2528
2019-02-08T17:45:00+09:00,J5,918,928,1846
2019-02-08T18:00:00+09:00,J1,1140,1375,2515
2019-02-08T18:00:00+09:00,J2,1209,1206,2415
2019-02-08T18:00:00+09:00,J3,1768,1355,3123
2019-02-08T18:00:00+09:00,J4,1290,1142,2432
2019-02-08T18:00:00+09:00,J5,875,965,1840
2019-02-08T18:15:00+09:00,J1,1147,1378,2525
2019-02-08T18:15:00+09:00,J2,1246,1075,2321
2019-02-08T18:15:00+09:00,J3,1709,1372,3081
2019-02-08T18:15:00+09:00,J4,1350,1161,2511
2019-02-08T18:15:00+09:00,J5,768,837,1605
2019-02-08T18:30:00+09:00,J1,1050,1295,2345
2019-02-08T18:30:00+09:00,J2,1210,1101,2311
2019-02-08T18:30:00+09:00,J3,1566,1298,2864
2019-02-08T18:30:00+09:00,J4,1232,1183,2415
2019-02-08T18:30:00+09:00,J5,824,917,1741
2019-02-08T18:45:00+09:00,J1,1115,1306,2421
2019-02-08T18:45:00+09:00,J2,1163,1120,2283
2019-02-08T18:45:00+09:00,J3,1496,1205,2701
2019-02-08T18:45:00+09:00,J4,1257,1211,2468
2019-02-08T18:45:00+09:00,J5,774,884,1658
2019-02-08T19:00:00+09:00,J1,1225,1376,2601
2019-02-08T19:00:00+09:00,J2,1248,1076,2324
2019-02-08T19:00:00+09:00,J3,1437,1213,2650
2019-02-08T19:00:00+09:00,J4,1252,1194,2446
2019-02-08T19:00:00+09:00,J5,784,900,1684
2019-02-08T19:15:00+09:00,J1,1126,1387,2513
2019-02-08T19:15:00+09:00,J2,1109,1071,2180
2019-02-08T19:15:00+09:00,J3,1475,1206,2681
2019-02-08T19:15:00+09:00,J4,1203,1184,2387
2019-02-08T19:15:00+09:00,J5,791,834,1625
2019-02-08T19:30:00+09:00,J1,904,1134,2038
2019-02-08T19:30:00+09:00,J2,1143,1045,2188
2019-02-08T19:30:00+09:00,J3,1414,1120,2534
2019-02-08T19:30:00+09:00,J4,1210,1158,2368
2019-02-08T19:30:00+09:00,J5,773,820,1593
2019-02-08T19:45:00+09:00,J1,924,1112,2036
2019-02-08T19:45:00+09:00,J2,1069,1077,2146
2019-02-08T19:45:00+09:00,J3,1157,1014,2171
2019-02-08T19:45:00+09:00,J4,1234,1141,2375
2019-02-08T19:45:00+09:00,J5,729,780,1509
2019-02-08T20:00:00+09:00,J1,883,1120,2003
2019-02-08T20:00:00+09:00,J2,947,924,1871
2019-02-08T20:00:00+09:00,J3,1133,1018,2151
2019-02-08T20:00:00+09:00,J4,1147,1217,2364
2019-02-08T20:00:00+09:00,J5,725,771,1496
2019-02-08T20:15:00+09:00,J1,876,1098,1974
2019-02-08T20:15:00+09:00,J2,883,928,1811
2019-02-08T20:15:00+09:00,J3,1140,1084,2224
2019-02-08T20:15:00+09:00,J4,1221,1195,2416
2019-02-08T20:15:00+09:00,J5,732,816,1548
2019-02-08T20:30:00+09:00,J1,998,1139,2137
2019-02-08T20:30:00+09:00,J2,945,969,1914
2019-02-08T20:30:00+09:00,J3,1127,1043,2170
2019-02-08T20:30:00+09:00,J4,1214,1203,2417
2019-02-08T20:30:00+09:00,J5,692,755,1447
2019-02-08T20:45:00+09:00,J1,876,1027,1903
2019-02-08T20:45:00+09:00,J2,1059,1015,2074
2019-02-08T20:45:00+09:00,J3,1255,1109,2364
2019-02-08T20:45:00+09:00,J4,1407,1320,2727
2019-02-08T20:45:00+09:00,J5,655,649,1304
2019-02-08T21:00:00+09:00,J1,918,1062,1980
2019-02-08T21:00:00+09:00,J2,1058,982,2040
2019-02-08T21:00:00+09:00,J3,1266,922,2188
2019-02-08T21:00:00+09:00,J4,1264,1239,2503
2019-02-08T21:00:00+09:00,J5,631,606,1237
2019-02-08T21:15:00+09:00,J1,827,938,1765
2019-02-08T21:15:00+09:00,J2,1016,980,1996
2019-02-08T21:15:00+09:00,J3,1311,1004,2315
2019-02-08T21:15:00+09:00,J4,1210,1282,2492
2019-02-08T21:15:00+09:00,J5,571,688,1259
2019-02-08T21:30:00+09:00,J1,745,868,1613
2019-02-08T21:30:00+09:00,J2,928,843,1771
2019-02-08T21:30:00+09:00,J3,1315,1063,2378
2019-02-08T21:30:00+09:00,J4,1163,1158,2321
2019-02-08T21:30:00+09:00,J5,591,549,1140
2019-02-08T21:45:00+09:00,J1,698,841,1539
2019-02-08T21:45:00+09:00,J2,860,922,1782
2019-02-08T21:45:00+09:00,J3,1200,1033,2233
2019-02-08T21:45:00+09:00,J4,1130,1187,2317
2019-02-08T21:45:00+09:00,J5,542,501,1043
2019-02-08T22:00:00+09:00,J1,747,919,1666
2019-02-08T22:00:00+09:00,J2,952,990,1942
2019-02-08T22:00:00+09:00,J3,1179,988,2167
2019-02-08T22:00:00+09:00,J4,1119,1164,2283
2019-02-08T22:00:00+09:00,J5,522,544,1066
2019-02-08T22:15:00+09:00,J1,792,915,1707
2019-02-08T22:15:00+09:00,J2,835,864,1699
2019-02-08T22:15:00+09:00,J3,1237,1028,2265
2019-02-08T22:15:00+09:00,J4,1154,1162,2316
2019-02-08T22:15:00+09:00,J5,482,464,946
2019-02-08T22:30:00+09:00,J1,737,879,1616
2019-02-08T22:30:00+09:00,J2,950,918,1868
2019-02-08T22:30:00+09:00,J3,1213,993,2206
2019-02-08T22:30:00+09:00,J4,1008,1066,2074
2019-02-08T22:30:00+09:00,J5,546,500,1046
2019-02-08T22:45:00+09:00,J1,736,845,1581
2019-02-08T22:45:00+09:00,J2,886,870,1756
2019-02-08T22:45:00+09:00,J3,1164,950,2114
2019-02-08T22:45:00+09:00,J4,1076,1108,2184
2019-02-08T22:45:00+09:00,J5,600,529,1129
2019-02-08T23:00:00+09:00,J1,791,937,1728
2019-02-08T23:00:00+09:00,J2,928,892,1820
2019-02-08T23:00:00+09:00,J3,1259,1012,2271
2019-02-08T23:00:00+09:00,J4,979,1034,2013
2019-02-08T23:00:00+09:00,J5,595,568,1163
2019-02-08T23:15:00+09:00,J1,758,912,1670
2019-02-08T23:15:00+09:00,J2,910,914,1824
2019-02-08T23:15:00+09:00,J3,1212,973,2185
2019-02-08T23:15:00+09:00,J4,985,1156,2141
2019-02-08T23:15:00+09:00,J5,601,557,1158
2019-02-08T23:30:00+09:00,J1,777,991,1768
2019-02-08T23:30:00+09:00,J2,920,924,1844
2019-02-08T23:30:00+09:00,J3,1167,999,2166
2019-02-08T23:30:00+09:00,J4,946,1077,2023
2019-02-08T23:30:00+09:00,J5,533,584,1117
2019-02-08T23:45:00+09:00,J1,849,1069,1918
2019-02-08T23:45:00+09:00,J2,806,828,1634
2019-02-08T23:45:00+09:00,J3,1049,940,1989
2019-02-08T23:45:00+09:00,J4,954,1014,1968
2019-02-08T23:45:00+09:00,J5,606,616,1222
2019-02-09T00:00:00+09:00,J1,907,1020,1927
2019-02-09T00:00:00+09:00,J2,832,838,1670
2019-02-09T00:00:00+09:00,J3,1036,947,1983
2019-02-09T00:00:00+09:00,J4,1005,1006,2011
2019-02-09T00:00:00+09:00,J5,617,590,1207
2019-02-09T00:15:00+09:00,J1,773,887,1660
2019-02-09T00:15:00+09:00,J2,802,711,1513
2019-02-09T00:15:00+09:00,J3,977,819,1796
2019-02-09T00:15:00+09:00,J4,849,1050,1899
2019-02-09T00:15:00+09:00,J5,540,520,1060
2019-02-09T00:30:00+09:00,J1,660,672,1332
2019-02-09T00:30:00+09:00,J2,791,697,1488
2019-02-09T00:30:00+09:00,J3,891,667,1558
2019-02-09T00:30:00+09:00,J4,691,811,1502
2019-02-09T00:30:00+09:00,J5,487,499,986
2019-02-09T00:45:00+09:00,J1,653,628,1281
2019-02-09T00:45:00+09:00,J2,816,794,1610
2019-02-09T00:45:00+09:00,J3,839,679,1518
2019-02-09T00:45:00+09:00,J4,742,891,1633
2019-02-09T00:45:00+09:00,J5,514,486,1000
2019-02-09T05:45:00+09:00,J1,1153,1142,2295
2019-02-09T05:45:00+09:00,J2,710,672,1382
2019-02-09T05:45:00+09:00,J3,1012,693,1705
2019-02-09T05:45:00+09:00,J4,861,869,1730
2019-02-09T05:45:00+09:00,J5,546,485,1031
2019-02-09T06:00:00+09:00,J1,1070,1163,2233
2019-02-09T06:00:00+09:00,J2,733,801,1534
2019-02-09T06:00:00+09:00,J3,992,786,1778
2019-02-09T06:00:00+09:00,J4,865,943,1808
2019-02-09T06:00:00+09:00,J5,525,539,1064
2019-02-09T06:15:00+09:00,J1,1160,1214,2374
2019-02-09T06:15:00+09:00,J2,571,596,1167
2019-02-09T06:15:00+09:00,J3,1073,886,1959
2019-02-09T06:15:00+09:00,J4,886,1033,1919
2019-02-09T06:15:00+09:00,J5,573,521,1094
2019-02-09T06:30:00+09:00,J1,1128,1277,2405
2019-02-09T06:30:00+09:00,J2,663,726,1389
2019-02-09T06:30:00+09:00,J3,1019,775,1794
2019-02-09T06:30:00+09:00,J4,909,1044,1953
2019-02-09T06:30:00+09:00,J5,594,527,1121
2019-02-09T06:45:00+09:00,J1,1071,1052,2123
2019-02-09T06:45:00+09:00,J2,779,768,1547
2019-02-09T06:45:00+09:00,J3,1038,762,1800
2019-02-09T06:45:00+09:00,J4,952,974,1926
2019-02-09T06:45:00+09:00,J5,562,531,1093
2019-02-09T07:00:00+09:00,J1,1167,1135,2302
2019-02-09T07:00:00+09:00,J2,744,685,1429
2019-02-09T07:00:00+09:00,J3,1080,826,1906
2019-02-09T07:00:00+09:00,J4,900,1055,1955
2019-02-09T07:00:00+09:00,J5,608,524,1132
2019-02-09T07:15:00+09:00,J1,1191,1226,2417
2019-02-09T07:15:00+09:00,J2,749,652,1401
2019-02-09T07:15:00+09:00,J3,1001,844,1845
2019-02-09T07:15:00+09:00,J4,965,993,1958
2019-02-09T07:15:00+09:00,J5,621,552,1173
2019-02-09T07:30:00+09:00,J1,1171,1265,2436
2019-02-09T07:30:00+09:00,J2,769,731,1500
2019-02-09T07:30:00+09:00,J3,1078,916,1994
2019-02-09T07:30:00+09:00,J4,1013,1092,2105
2019-02-09T07:30:00+09:00,J5,645,543,1188
2019-02-09T07:45:00+09:00,J1,1131,1271,2402
2019-02-09T07:45:00+09:00,J2,710,694,1404
2019-02-09T07:45:00+09:00,J3,1035,937,1972
2019-02-09T07:45:00+09:00,J4,1049,1018,2067
2019-02-09T07:45:00+09:00,J5,640,572,1212
2019-02-09T08:00:00+09:00,J1,1193,1283,2476
2019-02-09T08:00:00+09:00,J2,1027,934,1961
2019-02-09T08:00:00+09:00,J3,1209,1045,2254
2019-02-09T08:00:00+09:00,J4,1136,1176,2312
2019-02-09T08:00:00+09:00,J5,689,618,1307
2019-02-09T08:15:00+09:00,J1,1024,1092,2116
2019-02-09T08:15:00+09:00,J2,1000,836,1836
2019-02-09T08:15:00+09:00,J3,1270,1087,2357
2019-02-09T08:15:00+09:00,J4,1231,1344,2575
2019-02-09T08:15:00+09:00,J5,706,655,1361
2019-02-09T08:30:00+09:00,J1,956,1149,2105
2019-02-09T08:30:00+09:00,J2,1076,980,2056
2019-02-09T08:30:00+09:00,J3,1303,1059,2362
2019-02-09T08:30:00+09:00,J4,1317,1273,2590
2019-02-09T08:30:00+09:00,J5,751,646,1397
2019-02-09T08:45:00+09:00,J1,1265,1438,2703
2019-02-09T08:45:00+09:00,J2,1106,914,2020
2019-02-09T08:45:00+09:00,J3,1391,1191,2582
2019-02-09T08:45:00+09:00,J4,1221,1278,2499
2019-02-09T08:45:00+09:00,J5,678,680,1358
2019-02-09T09:00:00+09:00,J1,1176,1222,2398
2019-02-09T09:00:00+09:00,J2,1040,1039,2079
2019-02-09T09:00:00+09:00,J3,911,840,1751
2019-02-09T09:00:00+09:00,J4,1078,1132,2210
2019-02-09T09:00:00+09:00,J5,481,456,937
2019-02-09T09:15:00+09:00,J1,1566,1594,3160
2019-02-09T09:15:00+09:00,J2,1442,1321,2763
2019-02-09T09:15:00+09:00,J3,1385,1189,2574
2019-02-09T09:15:00+09:00,J4,1287,1385,2672
2019-02-09T09:15:00+09:00,J5,722,646,1368
2019-02-09T09:30:00+09:00,J1,1355,1345,2700
2019-02-09T09:30:00+09:00,J2,1335,1172,2507
2019-02-09T09:30:00+09:00,J3,1222,1099,2321
2019-02-09T09:30:00+09:00,J4,1219,1233,2452
2019-02-09T09:30:00+09:00,J5,672,595,1267
2019-02-09T09:45:00+09:00,J1,1383,1457,2840
2019-02-09T09:45:00+09:00,J2,1268,1193,2461
2019-02-09T09:45:00+09:00,J3,1077,939,2016
2019-02-09T09:45:00+09:00,J4,1115,1179,2294
2019-02-09T09:45:00+09:00,J5,633,554,1187
2019-02-09T10:00:00+09:00,J1,1375,1387,2762
2019-02-09T10:00:00+09:00,J2,1102,956,2058
2019-02-09T10:00:00+09:00,J3,1048,985,2033
2019-02-09T10:00:00+09:00,J4,1122,1178,2300
2019-02-09T10:00:00+09:00,J5,592,545,1137
2019-02-09T10:15:00+09:00,J1,1316,1373,2689
2019-02-09T10:15:00+09:00,J2,1189,908,2097
2019-02-09T10:15:00+09:00,J3,1223,967,2190
2019-02-09T10:15:00+09:00,J4,1065,1073,2138
2019-02-09T10:15:00+09:00,J5,605,529,1134
2019-02-09T10:30:00+09:00,J1,1327,1403,2730
2019-02-09T10:30:00+09:00,J2,1220,1010,2230
2019-02-09T10:30:00+09:00,J3,1036,862,1898
2019-02-09T10:30:00+09:00,J4,1066,1096,2162
2019-02-09T10:30:00+09:00,J5,634,546,1180
2019-02-09T10:45:00+09:00,J1,1317,1381,2698
2019-02-09T10:45:00+09:00,J2,1225,907,2132
2019-02-09T10:45:00+09:00,J3,1170,948,2118
2019-02-09T10:45:00+09:00,J4,1068,1079,2147
2019-02-09T10:45:00+09:00,J5,630,576,1206
2019-02-09T11:00:00+09:00,J1,1153,1390,2543
2019-02-09T11:00:00+09:00,J2,1087,901,1988
2019-02-09T11:00:00+09:00,J3,1360,1105,2465
2019-02-09T11:00:00+09:00,J4,1046,1105,2151
2019-02-09T11:00:00+09:00,J5,596,523,1119
2019-02-09T11:15:00+09:00,J1,1174,1368,2542
2019-02-09T11:15:00+09:00,J2,1065,761,1826
2019-02-09T11:15:00+09:00,J3,1351,1161,2512
2019-02-09T11:15:00+09:00,J4,1166,1163,2329
2019-02-09T11:15:00+09:00,J5,677,622,1299
2019-02-09T11:30:00+09:00,J1,1248,1428,2676
2019-02-09T11:30:00+09:00,J2,914,827,1741
2019-02-09T11:30:00+09:00,J3,1284,1127,2411
2019-02-09T11:30:00+09:00,J4,1182,1108,2290
2019-02-09T11:30:00+09:00,J5,729,717,1446
2019-02-09T11:45:00+09:00,J1,1220,1509,2729
2019-02-09T11:45:00+09:00,J2,1107,878,1985
2019-02-09T11:45:00+09:00,J3,1291,1182,2473
2019-02-09T11:45:00+09:00,J4,1071,1047,2118
2019-02-09T11:45:00+09:00,J5,687,698,1385
2019-02-09T12:00:00+09:00,J1,1201,1403,2604
2019-02-09T12:00:00+09:00,J2,965,839,1804
2019-02-09T12:00:00+09:00,J3,1369,1080,2449
2019-02-09T12:00:00+09:00,J4,1048,1028,2076
2019-02-09T12:00:00+09:00,J5,703,682,1385
2019-02-09T12:15:00+09:00,J1,1221,1481,2702
2019-02-09T12:15:00+09:00,J2,977,810,1787
2019-02-09T12:15:00+09:00,J3,1458,1263,2721
2019-02-09T12:15:00+09:00,J4,1054,1188,2242
2019-02-09T12:15:00+09:00,J5,734,686,1420
2019-02-09T12:30:00+09:00,J1,1156,1435,2591
2019-02-09T12:30:00+09:00,J2,1116,845,1961
2019-02-09T12:30:00+09:00,J3,1312,1298,2610
2019-02-09T12:30:00+09:00,J4,1154,1176,2330
2019-02-09T12:30:00+09:00,J5,668,687,1355
2019-02-09T12:45:00+09:00,J1,1138,1461,2599
2019-02-09T12:45:00+09:00,J2,1124,909,2033
2019-02-09T12:45:00+09:00,J3,1312,1055,2367
2019-02-09T12:45:00+09:00,J4,1183,1146,2329
2019-02-09T12:45:00+09:00,J5,762,691,1453
2019-02-09T13:00:00+09:00,J1,1209,1472,2681
2019-02-09T13:00:00+09:00,J2,1112,941,2053
2019-02-09T13:00:00+09:00,J3,1307,1150,2457
2019-02-09T13:00:00+09:00,J4,1199,1198,2397
2019-02-09T13:00:00+09:00,J5,708,744,1452
2019-02-09T13:15:00+09:00,J1,1122,1423,2545
2019-02-09T13:15:00+09:00,J2,1020,964,1984
2019-02-09T13:15:00+09:00,J3,1473,1073,2546
2019-02-09T13:15:00+09:00,J4,1081,1158,2239
2019-02-09T13:15:00+09:00,J5,728,751,1479
2019-02-09T13:30:00+09:00,J1,1223,1303,2526
2019-02-09T13:30:00+09:00,J2,1114,893,2007
2019-02-09T13:30:00+09:00,J3,1420,1041,2461
2019-02-09T13:30:00+09:00,J4,1195,1210,2405
2019-02-09T13:30:00+09:00,J5,682,708,1390
2019-02-09T13:45:00+09:00,J1,1148,1463,2611
2019-02-09T13:45:00+09:00,J2,1126,886,2012
2019-02-09T13:45:00+09:00,J3,1407,1109,2516
2019-02-09T13:45:00+09:00,J4,1140,1185,2325
2019-02-09T13:45:00+09:00,J5,737,723,1460
2019-02-09T14:00:00+09:00,J1,1232,1444,2676
2019-02-09T14:00:00+09:00,J2,1123,956,2079
2019-02-09T14:00:00+09:00,J3,1397,1114,2511
2019-02-09T14:00:00+09:00,J4,1177,1066,2243
2019-02-09T14:00:00+09:00,J5,691,721,1412
2019-02-09T14:15:00+09:00,J1,1157,1490,2647
2019-02-09T14:15:00+09:00,J2,1132,945,2077
2019-02-09T14:15:00+09:00,J3,1364,1058,2422
2019-02-09T14:15:00+09:00,J4,1074,1130,2204
2019-02-09T14:15:00+09:00,J5,708,741,1449
2019-02-09T14:30:00+09:00,J1,1160,1436,2596
2019-02-09T14:30:00+09:00,J2,1157,988,2145
2019-02-09T14:30:00+09:00,J3,1412,1093,2505
2019-02-09T14:30:00+09:00,J4,1191,1229,2420
2019-02-09T14:30:00+09:00,J5,562,543,1105
2019-02-09T14:45:00+09:00,J1,1173,1352,2525
2019-02-09T14:45:00+09:00,J2,1086,1068,2154
2019-02-09T14:45:00+09:00,J3,1354,1148,2502
2019-02-09T14:45:00+09:00,J4,1258,1175,2433
2019-02-09T14:45:00+09:00,J5,479,466,945
2019-02-09T15:00:00+09:00,J1,1175,1368,2543
2019-02-09T15:00:00+09:00,J2,1215,987,2202
2019-02-09T15:00:00+09:00,J3,1529,1154,2683
2019-02-09T15:00:00+09:00,J4,1207,1275,2482
2019-02-09T15:00:00+09:00,J5,613,609,1222
2019-02-09T15:15:00+09:00,J1,1115,1431,2546
2019-02-09T15:15:00+09:00,J2,1138,1045,2183
2019-02-09T15:15:00+09:00,J3,1524,1154,2678
2019-02-09T15:15:00+09:00,J4,1204,1243,2447
2019-02-09T15:15:00+09:00,J5,716,692,1408
2019-02-09T15:30:00+09:00,J1,1111,1432,2543
2019-02-09T15:30:00+09:00,J2,1254,1006,2260
2019-02-09T15:30:00+09:00,J3,1399,1257,2656
2019-02-09T15:30:00+09:00,J4,1178,1206,2384
2019-02-09T15:30:00+09:00,J5,705,667,1372
2019-02-09T15:45:00+09:00,J1,1148,1468,2616
2019-02-09T15:45:00+09:00,J2,1116,1030,2146
2019-02-09T15:45:00+09:00,J3,1436,1080,2516
2019-02-09T15:45:00+09:00,J4,1144,1224,2368
2019-02-09T15:45:00+09:00,J5,695,678,1373
2019-02-09T16:00:00+09:00,J1,1126,1380,2506
2019-02-09T16:00:00+09:00,J2,1157,1030,2187
2019-02-09T16:00:00+09:00,J3,1381,1207,2588
2019-02-09T16:00:00+09:00,J4,1150,1170,2320
2019-02-09T16:00:00+09:00,J5,717,673,1390
2019-02-09T16:15:00+09:00,J1,1191,1419,2610
2019-02-09T16:15:00+09:00,J2,1132,976,2108
2019-02-09T16:15:00+09:00,J3,1412,1177,2589
2019-02-09T16:15:00+09:00,J4,1227,1133,2360
2019-02-09T16:15:00+09:00,J5,711,719,1430
2019-02-09T16:30:00+09:00,J1,1088,1411,2499
2019-02-09T16:30:00+09:00,J2,1046,988,2034
2019-02-09T16:30:00+09:00,J3,1432,1240,2672
2019-02-09T16:30:00+09:00,J4,1204,1133,2337
2019-02-09T16:30:00+09:00,J5,776,693,1469
2019-02-09T16:45:00+09:00,J1,1198,1451,2649
2019-02-09T16:45:00+09:00,J2,992,1030,2022
2019-02-09T16:45:00+09:00,J3,1465,1028,2493
2019-02-09T16:45:00+09:00,J4,1058,1068,2126
2019-02-09T16:45:00+09:00,J5,740,719,1459
2019-02-09T17:00:00+09:00,J1,1219,1374,2593
2019-02-09T17:00:00+09:00,J2,1108,1064,2172
2019-02-09T17:00:00+09:00,J3,1538,1209,2747
2019-02-09T17:00:00+09:00,J4,1121,1102,2223
2019-02-09T17:00:00+09:00,J5,738,796,1534
2019-02-09T17:15:00+09:00,J1,1182,1437,2619
2019-02-09T17:15:00+09:00,J2,1099,1068,2167
2019-02-09T17:15:00+09:00,J3,1664,1259,2923
2019-02-09T17:15:00+09:00,J4,1205,1218,2423
2019-02-09T17:15:00+09:00,J5,770,738,1508
2019-02-09T17:30:00+09:00,J1,1214,1439,2653
2019-02-09T17:30:00+09:00,J2,1190,1110,2300
2019-02-09T17:30:00+09:00,J3,1644,1279,2923
2019-02-09T17:30:00+09:00,J4,1134,1129,2263
2019-02-09T17:30:00+09:00,J5,801,717,1518
2019-02-09T17:45:00+09:00,J1,1227,1389,2616
2019-02-09T17:45:00+09:00,J2,1121,1004,2125
2019-02-09T17:45:00+09:00,J3,1572,1259,2831
2019-02-09T17:45:00+09:00,J4,1193,1082,2275
2019-02-09T17:45:00+09:00,J5,777,684,1461
2019-02-09T18:00:00+09:00,J1,1257,1384,2641
2019-02-09T18:00:00+09:00,J2,956,1121,2077
2019-02-09T18:00:00+09:00,J3,1513,1230,2743
2019-02-09T18:00:00+09:00,J4,1141,1053,2194
2019-02-09T18:00:00+09:00,J5,742,658,1400
2019-02-09T18:15:00+09:00,J1,1260,1465,2725
2019-02-09T18:15:00+09:00,J2,1179,988,2167
2019-02-09T18:15:00+09:00,J3,1373,1228,2601
2019-02-09T18:15:00+09:00,J4,1090,1043,2133
2019-02-09T18:15:00+09:00,J5,744,668,1412
2019-02-09T18:30:00+09:00,J1,1196,1476,2672
2019-02-09T18:30:00+09:00,J2,1039,1001,2040
2019-02-09T18:30:00+09:00,J3,1368,1234,2602
2019-02-09T18:30:00+09:00,J4,1025,999,2024
2019-02-09T18:30:00+09:00,J5,644,543,1187
2019-02-09T18:45:00+09:00,J1,1220,1393,2613
2019-02-09T18:45:00+09:00,J2,973,1009,1982
2019-02-09T18:45:00+09:00,J3,1318,1212,2530
2019-02-09T18:45:00+09:00,J4,1258,1178,2436
2019-02-09T18:45:00+09:00,J5,596,505,1101
2019-02-09T19:00:00+09:00,J1,1197,1463,2660
2019-02-09T19:00:00+09:00,J2,991,905,1896
2019-02-09T19:00:00+09:00,J3,1333,1115,2448
2019-02-09T19:00:00+09:00,J4,1220,1248,2468
2019-02-09T19:00:00+09:00,J5,635,579,1214
2019-02-09T19:15:00+09:00,J1,1044,1325,2369
2019-02-09T19:15:00+09:00,J2,995,906,1901
2019-02-09T19:15:00+09:00,J3,1446,1105,2551
2019-02-09T19:15:00+09:00,J4,1170,1234,2404
2019-02-09T19:15:00+09:00,J5,643,634,1277
2019-02-09T19:30:00+09:00,J1,1062,1231,2293
2019-02-09T19:30:00+09:00,J2,923,862,1785
2019-02-09T19:30:00+09:00,J3,1310,1067,2377
2019-02-09T19:30:00+09:00,J4,1291,1276,2567
2019-02-09T19:30:00+09:00,J5,602,633,1235
2019-02-09T19:45:00+09:00,J1,934,1150,2084
2019-02-09T19:45:00+09:00,J2,878,844,1722
2019-02-09T19:45:00+09:00,J3,1290,1064,2354
2019-02-09T19:45:00+09:00,J4,1211,1188,2399
2019-02-09T19:45:00+09:00,J5,580,524,1104
2019-02-09T20:00:00+09:00,J1,1152,1314,2466
2019-02-09T20:00:00+09:00,J2,798,776,1574
2019-02-09T20:00:00+09:00,J3,1006,988,1994
2019-02-09T20:00:00+09:00,J4,1191,1199,2390
2019-02-09T20:00:00+09:00,J5,564,590,1154
2019-02-09T20:15:00+09:00,J1,1004,1175,2179
2019-02-09T20:15:00+09:00,J2,758,885,1643
2019-02-09T20:15:00+09:00,J3,1217,1097,2314
2019-02-09T20:15:00+09:00,J4,1113,1083,2196
2019-02-09T20:15:00+09:00,J5,614,535,1149
2019-02-09T20:30:00+09:00,J1,922,1146,2068
2019-02-09T20:30:00+09:00,J2,792,808,1600
2019-02-09T20:30:00+09:00,J3,1231,1114,2345
2019-02-09T20:30:00+09:00,J4,1206,1187,2393
2019-02-09T20:30:00+09:00,J5,571,571,1142
2019-02-09T20:45:00+09:00,J1,971,1219,2190
2019-02-09T20:45:00+09:00,J2,807,885,1692
2019-02-09T20:45:00+09:00,J3,1229,1035,2264
2019-02-09T20:45:00+09:00,J4,1161,1165,2326
2019-02-09T20:45:00+09:00,J5,619,574,1193
2019-02-09T21:00:00+09:00,J1,1046,1196,2242
2019-02-09T21:00:00+09:00,J2,1033,959,1992
2019-02-09T21:00:00+09:00,J3,1201,972,2173
2019-02-09T21:00:00+09:00,J4,1161,1240,2401
2019-02-09T21:00:00+09:00,J5,600,597,1197
2019-02-09T21:15:00+09:00,J1,953,1180,2133
2019-02-09T21:15:00+09:00,J2,948,1017,1965
2019-02-09T21:15:00+09:00,J3,1215,972,2187
2019-02-09T21:15:00+09:00,J4,1255,1248,2503
2019-02-09T21:15:00+09:00,J5,598,603,1201
2019-02-09T21:30:00+09:00,J1,958,1139,2097
2019-02-09T21:30:00+09:00,J2,811,915,1726
2019-02-09T21:30:00+09:00,J3,1131,914,2045
2019-02-09T21:30:00+09:00,J4,1135,1206,2341
2019-02-09T21:30:00+09:00,J5,599,544,1143
2019-02-09T21:45:00+09:00,J1,1166,1297,2463
2019-02-09T21:45:00+09:00,J2,870,960,1830
2019-02-09T21:45:00+09:00,J3,1025,746,1771
2019-02-09T21:45:00+09:00,J4,1052,1177,2229
2019-02-09T21:45:00+09:00,J5,586,555,1141
2019-02-09T22:00:00+09:00,J1,1136,1378,2514
2019-02-09T22:00:00+09:00,J2,703,828,1531
2019-02-09T22:00:00+09:00,J3,1050,805,1855
2019-02-09T22:00:00+09:00,J4,1025,1164,2189
2019-02-09T22:00:00+09:00,J5,540,563,1103
2019-02-09T22:15:00+09:00,J1,1047,1226,2273
2019-02-09T22:15:00+09:00,J2,760,899,1659
2019-02-09T22:15:00+09:00,J3,993,843,1836
2019-02-09T22:15:00+09:00,J4,939,1021,1960
2019-02-09T22:15:00+09:00,J5,518,524,1042
2019-02-09T22:30:00+09:00,J1,969,1182,2151
2019-02-09T22:30:00+09:00,J2,786,855,1641
2019-02-09T22:30:00+09:00,J3,1018,795,1813
2019-02-09T22:30:00+09:00,J4,962,1104,2066
2019-02-09T22:30:00+09:00,J5,553,538,1091
2019-02-09T22:45:00+09:00,J1,1002,1105,2107
2019-02-09T22:45:00+09:00,J2,825,871,1696
2019-02-09T22:45:00+09:00,J3,953,806,1759
2019-02-09T22:45:00+09:00,J4,989,1066,2055
2019-02-09T22:45:00+09:00,J5,557,527,1084
2019-02-09T23:00:00+09:00,J1,906,1039,1945
2019-02-09T23:00:00+09:00,J2,864,870,1734
2019-02-09T23:00:00+09:00,J3,932,876,1808
2019-02-09T23:00:00+09:00,J4,1033,1108,2141
2019-02-09T23:00:00+09:00,J5,649,608,1257
2019-02-09T23:15:00+09:00,J1,964,1098,2062
2019-02-09T23:15:00+09:00,J2,736,769,1505
2019-02-09T23:15:00+09:00,J3,858,717,1575
2019-02-09T23:15:00+09:00,J4,903,931,1834
2019-02-09T23:15:00+09:00,J5,481,506,987
2019-02-09T23:30:00+09:00,J1,1159,1350,2509
2019-02-09T23:30:00+09:00,J2,907,1044,1951
2019-02-09T23:30:00+09:00,J3,1092,932,2024
2019-02-09T23:30:00+09:00,J4,1138,1175,2313
2019-02-09T23:30:00+09:00,J5,691,619,1310
2019-02-09T23:45:00+09:00,J1,1007,1187,2194
2019-02-09T23:45:00+09:00,J2,747,837,1584
2019-02-09T23:45:00+09:00,J3,922,656,1578
2019-02-09T23:45:00+09:00,J4,867,988,1855
2019-02-09T23:45:00+09:00,J5,621,598,1219
2019-02-10T00:00:00+09:00,J1,1038,1131,2169
2019-02-10T00:00:00+09:00,J2,831,813,1644
2019-02-10T00:00:00+09:00,J3,800,722,1522
2019-02-10T00:00:00+09:00,J4,986,1045,2031
2019-02-10T00:00:00+09:00,J5,679,629,1308
2019-02-10T00:15:00+09:00,J1,962,1036,1998
2019-02-10T00:15:00+09:00,J2,731,745,1476
2019-02-10T00:15:00+09:00,J3,821,761,1582
2019-02-10T00:15:00+09:00,J4,948,978,1926
2019-02-10T00:15:00+09:00,J5,606,572,1178
2019-02-10T00:30:00+09:00,J1,648,575,1223
2019-02-10T00:30:00+09:00,J2,772,735,1507
2019-02-10T00:30:00+09:00,J3,874,902,1776
2019-02-10T00:30:00+09:00,J4,887,972,1859
2019-02-10T00:30:00+09:00,J5,653,554,1207
2019-02-10T00:45:00+09:00,J1,507,529,1036
2019-02-10T00:45:00+09:00,J2,703,755,1458
2019-02-10T00:45:00+09:00,J3,923,867,1790
2019-02-10T00:45:00+09:00,J4,913,868,1781
2019-02-10T00:45:00+09:00,J5,581,548,1129
2019-02-10T05:45:00+09:00,J1,1093,1138,2231
2019-02-10T05:45:00+09:00,J2,761,794,1555
2019-02-10T05:45:00+09:00,J3,995,774,1769
2019-02-10T05:45:00+09:00,J4,882,949,1831
2019-02-10T05:45:00+09:00,J5,527,517,1044
2019-02-10T06:00:00+09:00,J1,1088,1177,2265
2019-02-10T06:00:00+09:00,J2,673,718,1391
2019-02-10T06:00:00+09:00,J3,1046,922,1968
2019-02-10T06:00:00+09:00,J4,838,955,1793
2019-02-10T06:00:00+09:00,J5,502,430,932
2019-02-10T06:15:00+09:00,J1,1084,1178,2262
2019-02-10T06:15:00+09:00,J2,685,677,1362
2019-02-10T06:15:00+09:00,J3,1084,933,2017
2019-02-10T06:15:00+09:00,J4,883,1023,1906
2019-02-10T06:15:00+09:00,J5,461,457,918
2019-02-10T06:30:00+09:00,J1,1113,1257,2370
2019-02-10T06:30:00+09:00,J2,642,723,1365
2019-02-10T06:30:00+09:00,J3,1003,863,1866
2019-02-10T06:30:00+09:00,J4,887,1013,1900
2019-02-10T06:30:00+09:00,J5,492,432,924
2019-02-10T06:45:00+09:00,J1,1061,1161,2222
2019-02-10T06:45:00+09:00,J2,777,814,1591
2019-02-10T06:45:00+09:00,J3,1098,901,1999
2019-02-10T06:45:00+09:00,J4,908,1056,1964
2019-02-10T06:45:00+09:00,J5,465,475,940
2019-02-10T07:00:00+09:00,J1,1135,1316,2451
2019-02-10T07:00:00+09:00,J2,734,681,1415
2019-02-10T07:00:00+09:00,J3,1127,907,2034
2019-02-10T07:00:00+09:00,J4,963,1116,2079
2019-02-10T07:00:00+09:00,J5,545,483,1028
2019-02-10T07:15:00+09:00,J1,1185,1265,2450
2019-02-10T07:15:00+09:00,J2,717,657,1374
2019-02-10T07:15:00+09:00,J3,1055,915,1970
2019-02-10T07:15:00+09:00,J4,905,990,1895
2019-02-10T07:15:00+09:00,J5,556,485,1041
2019-02-10T07:30:00+09:00,J1,1150,1276,2426
2019-02-10T07:30:00+09:00,J2,716,736,1452
2019-02-10T07:30:00+09:00,J3,1063,948,2011
2019-02-10T07:30:00+09:00,J4,947,1023,1970
2019-02-10T07:30:00+09:00,J5,561,492,1053
2019-02-10T07:45:00+09:00,J1,1149,1226,2375
2019-02-10T07:45:00+09:00,J2,769,681,1450
2019-02-10T07:45:00+09:00,J3,1003,901,1904
2019-02-10T07:45:00+09:00,J4,1010,1036,2046
2019-02-10T07:45:00+09:00,J5,591,502,1093
2019-02-10T08:00:00+09:00,J1,1158,1318,2476
2019-02-10T08:00:00+09:00,J2,922,956,1878
2019-02-10T08:00:00+09:00,J3,1167,1056,2223
2019-02-10T08:00:00+09:00,J4,1105,1139,2244
2019-02-10T08:00:00+09:00,J5,647,623,1270
2019-02-10T08:15:00+09:00,J1,1287,1383,2670
2019-02-10T08:15:00+09:00,J2,946,850,1796
2019-02-10T08:15:00+09:00,J3,1308,1156,2464
2019-02-10T08:15:00+09:00,J4,1294,1334,2628
2019-02-10T08:15:00+09:00,J5,713,613,1326
2019-02-10T08:30:00+09:00,J1,1266,1360,2626
2019-02-10T08:30:00+09:00,J2,966,903,1869
2019-02-10T08:30:00+09:00,J3,1274,1111,2385
2019-02-10T08:30:00+09:00,J4,1157,1301,2458
2019-02-10T08:30:00+09:00,J5,621,576,1197
2019-02-10T08:45:00+09:00,J1,1312,1392,2704
2019-02-10T08:45:00+09:00,J2,975,982,1957
2019-02-10T08:45:00+09:00,J3,1357,1182,2539
2019-02-10T08:45:00+09:00,J4,1145,1243,2388
2019-02-10T08:45:00+09:00,J5,618,584,1202
2019-02-10T09:00:00+09:00,J1,1316,1436,2752
2019-02-10T09:00:00+09:00,J2,1278,1215,2493
2019-02-10T09:00:00+09:00,J3,1057,1073,2130
2019-02-10T09:00:00+09:00,J4,1111,1199,2310
2019-02-10T09:00:00+09:00,J5,515,488,1003
2019-02-10T09:15:00+09:00,J1,1312,1424,2736
2019-02-10T09:15:00+09:00,J2,1257,1165,2422
2019-02-10T09:15:00+09:00,J3,1181,1094,2275
2019-02-10T09:15:00+09:00,J4,1062,1164,2226
2019-02-10T09:15:00+09:00,J5,548,533,1081
2019-02-10T09:30:00+09:00,J1,1273,1355,2628
2019-02-10T09:30:00+09:00,J2,1024,974,1998
2019-02-10T09:30:00+09:00,J3,1152,1058,2210
2019-02-10T09:30:00+09:00,J4,1062,1173,2235
2019-02-10T09:30:00+09:00,J5,652,602,1254
2019-02-10T09:45:00+09:00,J1,1212,1307,2519
2019-02-10T09:45:00+09:00,J2,1110,947,2057
2019-02-10T09:45:00+09:00,J3,1266,1116,2382
2019-02-10T09:45:00+09:00,J4,1025,1102,2127
2019-02-10T09:45:00+09:00,J5,647,537,1184
2019-02-10T10:00:00+09:00,J1,1224,1345,2569
2019-02-10T10:00:00+09:00,J2,1221,925,2146
2019-02-10T10:00:00+09:00,J3,1245,1165,2410
2019-02-10T10:00:00+09:00,J4,1034,986,2020
2019-02-10T10:00:00+09:00,J5,619,574,1193
2019-02-10T10:15:00+09:00,J1,1217,1335,2552
2019-02-10T10:15:00+09:00,J2,1217,974,2191
2019-02-10T10:15:00+09:00,J3,1264,1070,2334
2019-02-10T10:15:00+09:00,J4,1052,1068,2120
2019-02-10T10:15:00+09:00,J5,613,547,1160
2019-02-10T10:30:00+09:00,J1,1235,1427,2662
2019-02-10T10:30:00+09:00,J2,1123,1038,2161
2019-02-10T10:30:00+09:00,J3,1194,1135,2329
2019-02-10T10:30:00+09:00,J4,1062,1129,2191
2019-02-10T10:30:00+09:00,J5,549,575,1124
2019-02-10T10:45:00+09:00,J1,1235,1344,2579
2019-02-10T10:45:00+09:00,J2,1115,1020,2135
2019-02-10T10:45:00+09:00,J3,1113,885,1998
2019-02-10T10:45:00+09:00,J4,1078,1045,2123
2019-02-10T10:45:00+09:00,J5,607,593,1200
2019-02-10T11:00:00+09:00,J1,1252,1383,2635
2019-02-10T11:00:00+09:00,J2,1157,923,2080
2019-02-10T11:00:00+09:00,J3,1379,1093,2472
2019-02-10T11:00:00+09:00,J4,1013,1107,2120
2019-02-10T11:00:00+09:00,J5,585,583,1168
2019-02-10T11:15:00+09:00,J1,1203,1325,2528
2019-02-10T11:15:00+09:00,J2,943,780,1723
2019-02-10T11:15:00+09:00,J3,1186,1159,2345
2019-02-10T11:15:00+09:00,J4,1056,1123,2179
2019-02-10T11:15:00+09:00,J5,707,653,1360
2019-02-10T11:30:00+09:00,J1,1156,1386,2542
2019-02-10T11:30:00+09:00,J2,903,820,1723
2019-02-10T11:30:00+09:00,J3,1401,1133,2534
2019-02-10T11:30:00+09:00,J4,1094,1114,2208
2019-02-10T11:30:00+09:00,J5,743,664,1407
2019-02-10T11:45:00+09:00,J1,1154,1459,2613
2019-02-10T11:45:00+09:00,J2,714,742,1456
2019-02-10T11:45:00+09:00,J3,1351,1242,2593
2019-02-10T11:45:00+09:00,J4,1107,1090,2197
2019-02-10T11:45:00+09:00,J5,719,698,1417
2019-02-10T12:00:00+09:00,J1,1231,1467,2698
2019-02-10T12:00:00+09:00,J2,1011,889,1900
2019-02-10T12:00:00+09:00,J3,1285,1160,2445
2019-02-10T12:00:00+09:00,J4,1069,1085,2154
2019-02-10T12:00:00+09:00,J5,704,658,1362
2019-02-10T12:15:00+09:00,J1,1154,1509,2663
2019-02-10T12:15:00+09:00,J2,987,875,1862
2019-02-10T12:15:00+09:00,J3,1328,1069,2397
2019-02-10T12:15:00+09:00,J4,1095,1030,2125
2019-02-10T12:15:00+09:00,J5,577,635,1212
2019-02-10T12:30:00+09:00,J1,1106,1445,2551
2019-02-10T12:30:00+09:00,J2,802,863,1665
2019-02-10T12:30:00+09:00,J3,1140,1139,2279
2019-02-10T12:30:00+09:00,J4,1044,1093,2137
2019-02-10T12:30:00+09:00,J5,731,645,1376
2019-02-10T12:45:00+09:00,J1,1123,1309,2432
2019-02-10T12:45:00+09:00,J2,918,897,1815
2019-02-10T12:45:00+09:00,J3,1263,1188,2451
2019-02-10T12:45:00+09:00,J4,1035,1032,2067
2019-02-10T12:45:00+09:00,J5,677,691,1368
2019-02-10T13:00:00+09:00,J1,1145,1379,2524
2019-02-10T13:00:00+09:00,J2,959,909,1868
2019-02-10T13:00:00+09:00,J3,1287,1063,2350
2019-02-10T13:00:00+09:00,J4,1067,1031,2098
2019-02-10T13:00:00+09:00,J5,707,711,1418
2019-02-10T13:15:00+09:00,J1,1150,1482,2632
2019-02-10T13:15:00+09:00,J2,889,901,1790
2019-02-10T13:15:00+09:00,J3,1191,1039,2230
2019-02-10T13:15:00+09:00,J4,1012,1034,2046
2019-02-10T13:15:00+09:00,J5,762,706,1468
2019-02-10T13:30:00+09:00,J1,1212,1434,2646
2019-02-10T13:30:00+09:00,J2,1016,964,1980
2019-02-10T13:30:00+09:00,J3,1235,1125,2360
2019-02-10T13:30:00+09:00,J4,1130,1097,2227
2019-02-10T13:30:00+09:00,J5,789,748,1537
2019-02-10T13:45:00+09:00,J1,1258,1404,2662
2019-02-10T13:45:00+09:00,J2,1085,993,2078
2019-02-10T13:45:00+09:00,J3,1268,1095,2363
2019-02-10T13:45:00+09:00,J4,978,1091,2069
2019-02-10T13:45:00+09:00,J5,759,694,1453
2019-02-10T14:00:00+09:00,J1,1164,1389,2553
2019-02-10T14:00:00+09:00,J2,1214,909,2123
2019-02-10T14:00:00+09:00,J3,1227,1050,2277
2019-02-10T14:00:00+09:00,J4,1036,985,2021
2019-02-10T14:00:00+09:00,J5,692,752,1444
2019-02-10T14:15:00+09:00,J1,1176,1369,2545
2019-02-10T14:15:00+09:00,J2,1084,936,2020
2019-02-10T14:15:00+09:00,J3,1278,1114,2392
2019-02-10T14:15:00+09:00,J4,962,1069,2031
2019-02-10T14:15:00+09:00,J5,755,782,1537
2019-02-10T14:30:00+09:00,J1,1166,1374,2540
2019-02-10T14:30:00+09:00,J2,1098,941,2039
2019-02-10T14:30:00+09:00,J3,1202,1093,2295
2019-02-10T14:30:00+09:00,J4,972,1071,2043
2019-02-10T14:30:00+09:00,J5,733,723,1456
2019-02-10T14:45:00+09:00,J1,1163,1457,2620
2019-02-10T14:45:00+09:00,J2,1089,969,2058
2019-02-10T14:45:00+09:00,J3,1199,1169,2368
2019-02-10T14:45:00+09:00,J4,960,1123,2083
2019-02-10T14:45:00+09:00,J5,697,755,1452
2019-02-10T15:00:00+09:00,J1,1149,1438,2587
2019-02-10T15:00:00+09:00,J2,1002,911,1913
2019-02-10T15:00:00+09:00,J3,1127,1158,2285
2019-02-10T15:00:00+09:00,J4,1045,1146,2191
2019-02-10T15:00:00+09:00,J5,709,708,1417
2019-02-10T15:15:00+09:00,J1,1158,1357,2515
2019-02-10T15:15:00+09:00,J2,950,937,1887
2019-02-10T15:15:00+09:00,J3,1312,1108,2420
2019-02-10T15:15:00+09:00,J4,1016,1096,2112
2019-02-10T15:15:00+09:00,J5,726,733,1459
2019-02-10T15:30:00+09:00,J1,1094,1368,2462
2019-02-10T15:30:00+09:00,J2,1005,898,1903
2019-02-10T15:30:00+09:00,J3,1248,1093,2341
2019-02-10T15:30:00+09:00,J4,942,1074,2016
2019-02-10T15:30:00+09:00,J5,750,706,1456
2019-02-10T15:45:00+09:00,J1,1161,1474,2635
2019-02-10T15:45:00+09:00,J2,1002,903,1905
2019-02-10T15:45:00+09:00,J3,1309,1100,2409
2019-02-10T15:45:00+09:00,J4,1037,1101,2138
2019-02-10T15:45:00+09:00,J5,717,715,1432
2019-02-10T16:00:00+09:00,J1,1183,1477,2660
2019-02-10T16:00:00+09:00,J2,993,821,1814
2019-02-10T16:00:00+09:00,J3,1248,1103,2351
2019-02-10T16:00:00+09:00,J4,1093,1117,2210
2019-02-10T16:00:00+09:00,J5,729,722,1451
2019-02-10T16:15:00+09:00,J1,1149,1514,2663
2019-02-10T16:15:00+09:00,J2,1010,889,1899
2019-02-10T16:15:00+09:00,J3,1337,1145,2482
2019-02-10T16:15:00+09:00,J4,1035,1101,2136
2019-02-10T16:15:00+09:00,J5,628,588,1216
2019-02-10T16:30:00+09:00,J1,1167,1434,2601
2019-02-10T16:30:00+09:00,J2,1014,811,1825
2019-02-10T16:30:00+09:00,J3,1392,1336,2728
2019-02-10T16:30:00+09:00,J4,948,1137,2085
2019-02-10T16:30:00+09:00,J5,519,520,1039
2019-02-10T16:45:00+09:00,J1,1129,1526,2655
2019-02-10T16:45:00+09:00,J2,1076,837,1913
2019-02-10T16:45:00+09:00,J3,1321,1294,2615
2019-02-10T16:45:00+09:00,J4,1012,1111,2123
2019-02-10T16:45:00+09:00,J5,489,512,1001
2019-02-10T17:00:00+09:00,J1,1215,1363,2578
2019-02-10T17:00:00+09:00,J2,1084,830,1914
2019-02-10T17:00:00+09:00,J3,1458,1314,2772
2019-02-10T17:00:00+09:00,J4,1127,1163,2290
2019-02-10T17:00:00+09:00,J5,554,556,1110
2019-02-10T17:15:00+09:00,J1,1198,1434,2632
2019-02-10T17:15:00+09:00,J2,1126,858,1984
2019-02-10T17:15:00+09:00,J3,1477,1350,2827
2019-02-10T17:15:00+09:00,J4,1191,1152,2343
2019-02-10T17:15:00+09:00,J5,676,665,1341
2019-02-10T17:30:00+09:00,J1,1186,1430,2616
2019-02-10T17:30:00+09:00,J2,1121,854,1975
2019-02-10T17:30:00+09:00,J3,1474,1282,2756
2019-02-10T17:30:00+09:00,J4,1125,1161,2286
2019-02-10T17:30:00+09:00,J5,680,654,1334
2019-02-10T17:45:00+09:00,J1,1244,1396,2640
2019-02-10T17:45:00+09:00,J2,1106,943,2049
2019-02-10T17:45:00+09:00,J3,1583,1222,2805
2019-02-10T17:45:00+09:00,J4,1146,1209,2355
2019-02-10T17:45:00+09:00,J5,713,687,1400
2019-02-10T18:00:00+09:00,J1,1244,1367,2611
2019-02-10T18:00:00+09:00,J2,1050,817,1867
2019-02-10T18:00:00+09:00,J3,1571,1154,2725
2019-02-10T18:00:00+09:00,J4,1125,1192,2317
2019-02-10T18:00:00+09:00,J5,727,730,1457
2019-02-10T18:15:00+09:00,J1,1207,1465,2672
2019-02-10T18:15:00+09:00,J2,1151,809,1960
2019-02-10T18:15:00+09:00,J3,1430,1147,2577
2019-02-10T18:15:00+09:00,J4,1114,1009,2123
2019-02-10T18:15:00+09:00,J5,748,758,1506
2019-02-10T18:30:00+09:00,J1,1229,1398,2627
2019-02-10T18:30:00+09:00,J2,1119,855,1974
2019-02-10T18:30:00+09:00,J3,1246,1080,2326
2019-02-10T18:30:00+09:00,J4,893,1013,1906
2019-02-10T18:30:00+09:00,J5,552,573,1125
2019-02-10T18:45:00+09:00,J1,1269,1402,2671
2019-02-10T18:45:00+09:00,J2,1016,879,1895
2019-02-10T18:45:00+09:00,J3,1115,1102,2217
2019-02-10T18:45:00+09:00,J4,972,1083,2055
2019-02-10T18:45:00+09:00,J5,442,505,947
2019-02-10T19:00:00+09:00,J1,1135,1440,2575
2019-02-10T19:00:00+09:00,J2,867,961,1828
2019-02-10T19:00:00+09:00,J3,1130,968,2098
2019-02-10T19:00:00+09:00,J4,993,1054,2047
2019-02-10T19:00:00+09:00,J5,428,515,943
2019-02-10T19:15:00+09:00,J1,1232,1434,2666
2019-02-10T19:15:00+09:00,J2,810,941,1751
2019-02-10T19:15:00+09:00,J3,1137,942,2079
2019-02-10T19:15:00+09:00,J4,1068,1115,2183
2019-02-10T19:15:00+09:00,J5,528,520,1048
2019-02-10T19:30:00+09:00,J1,1311,1433,2744
2019-02-10T19:30:00+09:00,J2,649,931,1580
2019-02-10T19:30:00+09:00,J3,1116,1059,2175
2019-02-10T19:30:00+09:00,J4,1062,1143,2205
2019-02-10T19:30:00+09:00,J5,532,428,960
2019-02-10T19:45:00+09:00,J1,1177,1459,2636
2019-02-10T19:45:00+09:00,J2,635,838,1473
2019-02-10T19:45:00+09:00,J3,1117,1005,2122
2019-02-10T19:45:00+09:00,J4,1051,1091,2142
2019-02-10T19:45:00+09:00,J5,507,473,980
2019-02-10T20:00:00+09:00,J1,1183,1447,2630
2019-02-10T20:00:00+09:00,J2,694,859,1553
2019-02-10T20:00:00+09:00,J3,1153,1090,2243
2019-02-10T20:00:00+09:00,J4,1163,1114,2277
2019-02-10T20:00:00+09:00,J5,496,401,897
2019-02-10T20:15:00+09:00,J1,1205,1444,2649
2019-02-10T20:15:00+09:00,J2,729,848,1577
2019-02-10T20:15:00+09:00,J3,1114,920,2034
2019-02-10T20:15:00+09:00,J4,1064,1009,2073
2019-02-10T20:15:00+09:00,J5,530,419,949
2019-02-10T20:30:00+09:00,J1,1190,1439,2629
2019-02-10T20:30:00+09:00,J2,652,755,1407
2019-02-10T20:30:00+09:00,J3,1108,932,2040
2019-02-10T20:30:00+09:00,J4,1125,1107,2232
2019-02-10T20:30:00+09:00,J5,527,478,1005
2019-02-10T20:45:00+09:00,J1,1259,1362,2621
2019-02-10T20:45:00+09:00,J2,605,729,1334
2019-02-10T20:45:00+09:00,J3,1058,949,2007
2019-02-10T20:45:00+09:00,J4,1066,1105,2171
2019-02-10T20:45:00+09:00,J5,526,479,1005
2019-02-10T21:00:00+09:00,J1,1070,1447,2517
2019-02-10T21:00:00+09:00,J2,770,738,1508
2019-02-10T21:00:00+09:00,J3,1128,909,2037
2019-02-10T21:00:00+09:00,J4,1096,1060,2156
2019-02-10T21:00:00+09:00,J5,522,515,1037
2019-02-10T21:15:00+09:00,J1,1178,1375,2553
2019-02-10T21:15:00+09:00,J2,837,882,1719
2019-02-10T21:15:00+09:00,J3,1049,1077,2126
2019-02-10T21:15:00+09:00,J4,1148,1138,2286
2019-02-10T21:15:00+09:00,J5,591,605,1196
2019-02-10T21:30:00+09:00,J1,1139,1325,2464
2019-02-10T21:30:00+09:00,J2,820,871,1691
2019-02-10T21:30:00+09:00,J3,1083,1025,2108
2019-02-10T21:30:00+09:00,J4,1145,1206,2351
2019-02-10T21:30:00+09:00,J5,634,590,1224
2019-02-10T21:45:00+09:00,J1,1139,1367,2506
2019-02-10T21:45:00+09:00,J2,765,827,1592
2019-02-10T21:45:00+09:00,J3,1060,1026,2086
2019-02-10T21:45:00+09:00,J4,1002,1202,2204
2019-02-10T21:45:00+09:00,J5,602,532,1134
2019-02-10T22:00:00+09:00,J1,1097,1340,2437
2019-02-10T22:00:00+09:00,J2,680,795,1475
2019-02-10T22:00:00+09:00,J3,1077,974,2051
2019-02-10T22:00:00+09:00,J4,1067,1119,2186
2019-02-10T22:00:00+09:00,J5,534,525,1059
2019-02-10T22:15:00+09:00,J1,1120,1303,2423
2019-02-10T22:15:00+09:00,J2,703,804,1507
2019-02-10T22:15:00+09:00,J3,1087,933,2020
2019-02-10T22:15:00+09:00,J4,964,1077,2041
2019-02-10T22:15:00+09:00,J5,590,549,1139
2019-02-10T22:30:00+09:00,J1,1132,1380,2512
2019-02-10T22:30:00+09:00,J2,691,736,1427
2019-02-10T22:30:00+09:00,J3,1102,786,1888
2019-02-10T22:30:00+09:00,J4,968,1072,2040
2019-02-10T22:30:00+09:00,J5,572,450,1022
2019-02-10T22:45:00+09:00,J1,1156,1313,2469
2019-02-10T22:45:00+09:00,J2,664,725,1389
2019-02-10T22:45:00+09:00,J3,1050,774,1824
2019-02-10T22:45:00+09:00,J4,872,1087,1959
2019-02-10T22:45:00+09:00,J5,560,478,1038
2019-02-10T23:00:00+09:00,J1,1108,1285,2393
2019-02-10T23:00:00+09:00,J2,867,935,1802
2019-02-10T23:00:00+09:00,J3,1061,756,1817
2019-02-10T23:00:00+09:00,J4,881,1038,1919
2019-02-10T23:00:00+09:00,J5,548,431,979
2019-02-10T23:15:00+09:00,J1,1087,1344,2431
2019-02-10T23:15:00+09:00,J2,609,760,1369
2019-02-10T23:15:00+09:00,J3,1049,768,1817
2019-02-10T23:15:00+09:00,J4,967,1018,1985
2019-02-10T23:15:00+09:00,J5,551,457,1008
2019-02-10T23:30:00+09:00,J1,1212,1294,2506
2019-02-10T23:30:00+09:00,J2,643,727,1370
2019-02-10T23:30:00+09:00,J3,1041,785,1826
2019-02-10T23:30:00+09:00,J4,998,1083,2081
2019-02-10T23:30:00+09:00,J5,540,549,1089
2019-02-10T23:45:00+09:00,J1,1119,1275,2394
2019-02-10T23:45:00+09:00,J2,583,673,1256
2019-02-10T23:45:00+09:00,J3,1029,753,1782
2019-02-10T23:45:00+09:00,J4,981,1020,2001
2019-02-10T23:45:00+09:00,J5,561,503,1064
2019-02-11T00:00:00+09:00,J1,1053,1181,2234
2019-02-11T00:00:00+09:00,J2,695,723,1418
2019-02-11T00:00:00+09:00,J3,855,661,1516
2019-02-11T00:00:00+09:00,J4,909,1040,1949
2019-02-11T00:00:00+09:00,J5,585,504,1089
2019-02-11T00:15:00+09:00,J1,861,870,1731
2019-02-11T00:15:00+09:00,J2,613,737,1350
2019-02-11T00:15:00+09:00,J3,568,478,1046
2019-02-11T00:15:00+09:00,J4,1001,973,1974
2019-02-11T00:15:00+09:00,J5,663,600,1263
2019-02-11T00:30:00+09:00,J1,616,610,1226
2019-02-11T00:30:00+09:00,J2,554,630,1184
2019-02-11T00:30:00+09:00,J3,549,463,1012
2019-02-11T00:30:00+09:00,J4,900,832,1732
2019-02-11T00:30:00+09:00,J5,634,597,1231
2019-02-11T00:45:00+09:00,J1,548,611,1159
2019-02-11T00:45:00+09:00,J2,544,605,1149
2019-02-11T00:45:00+09:00,J3,596,471,1067
2019-02-11T00:45:00+09:00,J4,928,814,1742
2019-02-11T00:45:00+09:00,J5,635,602,1237
2019-02-11T05:45:00+09:00,J1,953,1060,2013
2019-02-11T05:45:00+09:00,J2,653,631,1284
2019-02-11T05:45:00+09:00,J3,862,743,1605
2019-02-11T05:45:00+09:00,J4,865,956,1821
2019-02-11T05:45:00+09:00,J5,449,434,883
2019-02-11T06:00:00+09:00,J1,964,1025,1989
2019-02-11T06:00:00+09:00,J2,506,507,1013
2019-02-11T06:00:00+09:00,J3,818,752,1570
2019-02-11T06:00:00+09:00,J4,896,1079,1975
2019-02-11T06:00:00+09:00,J5,466,442,908
2019-02-11T06:15:00+09:00,J1,1057,1177,2234
2019-02-11T06:15:00+09:00,J2,521,531,1052
2019-02-11T06:15:00+09:00,J3,750,754,1504
2019-02-11T06:15:00+09:00,J4,891,1141,2032
2019-02-11T06:15:00+09:00,J5,464,446,910
2019-02-11T06:30:00+09:00,J1,1050,1129,2179
2019-02-11T06:30:00+09:00,J2,526,560,1086
2019-02-11T06:30:00+09:00,J3,723,720,1443
2019-02-11T06:30:00+09:00,J4,936,1013,1949
2019-02-11T06:30:00+09:00,J5,454,387,841
2019-02-11T06:45:00+09:00,J1,999,1054,2053
2019-02-11T06:45:00+09:00,J2,604,698,1302
2019-02-11T06:45:00+09:00,J3,750,738,1488
2019-02-11T06:45:00+09:00,J4,935,952,1887
2019-02-11T06:45:00+09:00,J5,521,436,957
2019-02-11T07:00:00+09:00,J1,1106,1149,2255
2019-02-11T07:00:00+09:00,J2,791,807,1598
2019-02-11T07:00:00+09:00,J3,810,758,1568
2019-02-11T07:00:00+09:00,J4,951,1103,2054
2019-02-11T07:00:00+09:00,J5,526,468,994
2019-02-11T07:15:00+09:00,J1,1169,1249,2418
2019-02-11T07:15:00+09:00,J2,848,788,1636
2019-02-11T07:15:00+09:00,J3,861,862,1723
2019-02-11T07:15:00+09:00,J4,961,1062,2023
2019-02-11T07:15:00+09:00,J5,562,463,1025
2019-02-11T07:30:00+09:00,J1,1211,1220,2431
2019-02-11T07:30:00+09:00,J2,831,780,1611
2019-02-11T07:30:00+09:00,J3,771,748,1519
2019-02-11T07:30:00+09:00,J4,970,1069,2039
2019-02-11T07:30:00+09:00,J5,608,514,1122
2019-02-11T07:45:00+09:00,J1,1104,1192,2296
2019-02-11T07:45:00+09:00,J2,761,767,1528
2019-02-11T07:45:00+09:00,J3,842,784,1626
2019-02-11T07:45:00+09:00,J4,978,1084,2062
2019-02-11T07:45:00+09:00,J5,563,484,1047
2019-02-11T08:00:00+09:00,J1,1277,1313,2590
2019-02-11T08:00:00+09:00,J2,953,882,1835
2019-02-11T08:00:00+09:00,J3,1231,1090,2321
2019-02-11T08:00:00+09:00,J4,1159,1171,2330
2019-02-11T08:00:00+09:00,J5,610,611,1221
2019-02-11T08:15:00+09:00,J1,1348,1399,2747
2019-02-11T08:15:00+09:00,J2,1074,1047,2121
2019-02-11T08:15:00+09:00,J3,1318,1082,2400
2019-02-11T08:15:00+09:00,J4,1175,1213,2388
2019-02-11T08:15:00+09:00,J5,696,580,1276
2019-02-11T08:30:00+09:00,J1,1332,1381,2713
2019-02-11T08:30:00+09:00,J2,1015,940,1955
2019-02-11T08:30:00+09:00,J3,1262,1124,2386
2019-02-11T08:30:00+09:00,J4,1186,1325,2511
2019-02-11T08:30:00+09:00,J5,642,666,1308
2019-02-11T08:45:00+09:00,J1,1284,1388,2672
2019-02-11T08:45:00+09:00,J2,1080,852,1932
2019-02-11T08:45:00+09:00,J3,1310,1194,2504
2019-02-11T08:45:00+09:00,J4,1120,1253,2373
2019-02-11T08:45:00+09:00,J5,628,652,1280
2019-02-11T09:00:00+09:00,J1,1038,1149,2187
2019-02-11T09:00:00+09:00,J2,938,866,1804
2019-02-11T09:00:00+09:00,J3,865,797,1662
2019-02-11T09:00:00+09:00,J4,928,994,1922
2019-02-11T09:00:00+09:00,J5,454,421,875
2019-02-11T09:15:00+09:00,J1,1487,1606,3093
2019-02-11T09:15:00+09:00,J2,1226,1108,2334
2019-02-11T09:15:00+09:00,J3,1357,1274,2631
2019-02-11T09:15:00+09:00,J4,1347,1447,2794
2019-02-11T09:15:00+09:00,J5,711,663,1374
2019-02-11T09:30:00+09:00,J1,1262,1321,2583
2019-02-11T09:30:00+09:00,J2,1095,1007,2102
2019-02-11T09:30:00+09:00,J3,1211,1061,2272
2019-02-11T09:30:00+09:00,J4,1082,1167,2249
2019-02-11T09:30:00+09:00,J5,632,595,1227
2019-02-11T09:45:00+09:00,J1,1251,1385,2636
2019-02-11T09:45:00+09:00,J2,1106,910,2016
2019-02-11T09:45:00+09:00,J3,1273,1153,2426
2019-02-11T09:45:00+09:00,J4,1147,1153,2300
2019-02-11T09:45:00+09:00,J5,599,605,1204
2019-02-11T10:00:00+09:00,J1,1269,1346,2615
2019-02-11T10:00:00+09:00,J2,1124,928,2052
2019-02-11T10:00:00+09:00,J3,1156,975,2131
2019-02-11T10:00:00+09:00,J4,1171,1200,2371
2019-02-11T10:00:00+09:00,J5,602,552,1154
2019-02-11T10:15:00+09:00,J1,1284,1386,2670
2019-02-11T10:15:00+09:00,J2,1131,939,2070
2019-02-11T10:15:00+09:00,J3,1279,1133,2412
2019-02-11T10:15:00+09:00,J4,1059,1090,2149
2019-02-11T10:15:00+09:00,J5,550,541,1091
2019-02-11T10:30:00+09:00,J1,1294,1381,2675
2019-02-11T10:30:00+09:00,J2,1089,935,2024
2019-02-11T10:30:00+09:00,J3,1260,1186,2446
2019-02-11T10:30:00+09:00,J4,1065,1063,2128
2019-02-11T10:30:00+09:00,J5,614,616,1230
2019-02-11T10:45:00+09:00,J1,1225,1365,2590
2019-02-11T10:45:00+09:00,J2,1099,962,2061
2019-02-11T10:45:00+09:00,J3,1365,1145,2510
2019-02-11T10:45:00+09:00,J4,1060,1165,2225
2019-02-11T10:45:00+09:00,J5,602,539,1141
2019-02-11T11:00:00+09:00,J1,1189,1400,2589
2019-02-11T11:00:00+09:00,J2,935,967,1902
2019-02-11T11:00:00+09:00,J3,1349,1084,2433
2019-02-11T11:00:00+09:00,J4,1079,1085,2164
2019-02-11T11:00:00+09:00,J5,691,644,1335
2019-02-11T11:15:00+09:00,J1,1220,1410,2630
2019-02-11T11:15:00+09:00,J2,1054,1019,2073
2019-02-11T11:15:00+09:00,J3,1324,1128,2452
2019-02-11T11:15:00+09:00,J4,1058,1044,2102
2019-02-11T11:15:00+09:00,J5,713,649,1362
2019-02-11T11:30:00+09:00,J1,1267,1362,2629
2019-02-11T11:30:00+09:00,J2,1078,875,1953
2019-02-11T11:30:00+09:00,J3,1275,1141,2416
2019-02-11T11:30:00+09:00,J4,1049,1059,2108
2019-02-11T11:30:00+09:00,J5,714,677,1391
2019-02-11T11:45:00+09:00,J1,1214,1465,2679
2019-02-11T11:45:00+09:00,J2,1104,956,2060
2019-02-11T11:45:00+09:00,J3,1352,1068,2420
2019-02-11T11:45:00+09:00,J4,976,1099,2075
2019-02-11T11:45:00+09:00,J5,657,662,1319
2019-02-11T12:00:00+09:00,J1,1213,1384,2597
2019-02-11T12:00:00+09:00,J2,1016,830,1846
2019-02-11T12:00:00+09:00,J3,1233,1051,2284
2019-02-11T12:00:00+09:00,J4,1028,1094,2122
2019-02-11T12:00:00+09:00,J5,679,729,1408
2019-02-11T12:15:00+09:00,J1,1217,1428,2645
2019-02-11T12:15:00+09:00,J2,901,842,1743
2019-02-11T12:15:00+09:00,J3,1070,941,2011
2019-02-11T12:15:00+09:00,J4,987,1014,2001
2019-02-11T12:15:00+09:00,J5,683,605,1288
2019-02-11T12:30:00+09:00,J1,1150,1364,2514
2019-02-11T12:30:00+09:00,J2,923,795,1718
2019-02-11T12:30:00+09:00,J3,1139,986,2125
2019-02-11T12:30:00+09:00,J4,1040,963,2003
2019-02-11T12:30:00+09:00,J5,685,652,1337
2019-02-11T12:45:00+09:00,J1,1193,1387,2580
2019-02-11T12:45:00+09:00,J2,1015,809,1824
2019-02-11T12:45:00+09:00,J3,1140,1150,2290
2019-02-11T12:45:00+09:00,J4,971,1011,1982
2019-02-11T12:45:00+09:00,J5,729,690,1419
2019-02-11T13:00:00+09:00,J1,1191,1419,2610
2019-02-11T13:00:00+09:00,J2,976,897,1873
2019-02-11T13:00:00+09:00,J3,1105,1091,2196
2019-02-11T13:00:00+09:00,J4,974,1096,2070
2019-02-11T13:00:00+09:00,J5,697,731,1428
2019-02-11T13:15:00+09:00,J1,1115,1398,2513
2019-02-11T13:15:00+09:00,J2,966,793,1759
2019-02-11T13:15:00+09:00,J3,1140,1126,2266
2019-02-11T13:15:00+09:00,J4,1015,1070,2085
2019-02-11T13:15:00+09:00,J5,720,702,1422
2019-02-11T13:30:00+09:00,J1,1168,1479,2647
2019-02-11T13:30:00+09:00,J2,988,791,1779
2019-02-11T13:30:00+09:00,J3,1035,1217,2252
2019-02-11T13:30:00+09:00,J4,1061,1095,2156
2019-02-11T13:30:00+09:00,J5,737,777,1514
2019-02-11T13:45:00+09:00,J1,1139,1383,2522
2019-02-11T13:45:00+09:00,J2,1024,851,1875
2019-02-11T13:45:00+09:00,J3,1129,1176,2305
2019-02-11T13:45:00+09:00,J4,1015,1017,2032
2019-02-11T13:45:00+09:00,J5,759,706,1465
2019-02-11T14:00:00+09:00,J1,1129,1445,2574
2019-02-11T14:00:00+09:00,J2,1032,832,1864
2019-02-11T14:00:00+09:00,J3,1092,995,2087
2019-02-11T14:00:00+09:00,J4,1038,1096,2134
2019-02-11T14:00:00+09:00,J5,706,750,1456
2019-02-11T14:15:00+09:00,J1,1157,1427,2584
2019-02-11T14:15:00+09:00,J2,1006,840,1846
2019-02-11T14:15:00+09:00,J3,1166,1143,2309
2019-02-11T14:15:00+09:00,J4,921,1046,1967
2019-02-11T14:15:00+09:00,J5,649,742,1391
2019-02-11T14:30:00+09:00,J1,1205,1374,2579
2019-02-11T14:30:00+09:00,J2,961,777,1738
2019-02-11T14:30:00+09:00,J3,1121,1119,2240
2019-02-11T14:30:00+09:00,J4,1095,1043,2138
2019-02-11T14:30:00+09:00,J5,684,738,1422
2019-02-11T14:45:00+09:00,J1,1144,1430,2574
2019-02-11T14:45:00+09:00,J2,984,809,1793
2019-02-11T14:45:00+09:00,J3,1171,1016,2187
2019-02-11T14:45:00+09:00,J4,1017,1110,2127
2019-02-11T14:45:00+09:00,J5,698,672,1370
2019-02-11T15:00:00+09:00,J1,1116,1450,2566
2019-02-11T15:00:00+09:00,J2,941,953,1894
2019-02-11T15:00:00+09:00,J3,1140,1171,2311
2019-02-11T15:00:00+09:00,J4,984,1022,2006
2019-02-11T15:00:00+09:00,J5,715,697,1412
2019-02-11T15:15:00+09:00,J1,1157,1421,2578
2019-02-11T15:15:00+09:00,J2,1086,903,1989
2019-02-11T15:15:00+09:00,J3,1214,1197,2411
2019-02-11T15:15:00+09:00,J4,1002,1106,2108
2019-02-11T15:15:00+09:00,J5,728,783,1511
2019-02-11T15:30:00+09:00,J1,1166,1475,2641
2019-02-11T15:30:00+09:00,J2,888,787,1675
2019-02-11T15:30:00+09:00,J3,1242,1300,2542
2019-02-11T15:30:00+09:00,J4,969,1151,2120
2019-02-11T15:30:00+09:00,J5,673,723,1396
2019-02-11T15:45:00+09:00,J1,1168,1427,2595
2019-02-11T15:45:00+09:00,J2,932,796,1728
2019-02-11T15:45:00+09:00,J3,1249,1276,2525
2019-02-11T15:45:00+09:00,J4,915,1108,2023
2019-02-11T15:45:00+09:00,J5,671,688,1359
2019-02-11T16:00:00+09:00,J1,1152,1394,2546
2019-02-11T16:00:00+09:00,J2,897,802,1699
2019-02-11T16:00:00+09:00,J3,1056,1132,2188
2019-02-11T16:00:00+09:00,J4,992,1062,2054
2019-02-11T16:00:00+09:00,J5,715,678,1393
2019-02-11T16:15:00+09:00,J1,1195,1422,2617
2019-02-11T16:15:00+09:00,J2,995,781,1776
2019-02-11T16:15:00+09:00,J3,1139,1127,2266
2019-02-11T16:15:00+09:00,J4,984,1101,2085
2019-02-11T16:15:00+09:00,J5,718,676,1394
2019-02-11T16:30:00+09:00,J1,1162,1440,2602
2019-02-11T16:30:00+09:00,J2,1033,860,1893
2019-02-11T16:30:00+09:00,J3,1085,1141,2226
2019-02-11T16:30:00+09:00,J4,942,1153,2095
2019-02-11T16:30:00+09:00,J5,651,695,1346
2019-02-11T16:45:00+09:00,J1,1172,1422,2594
2019-02-11T16:45:00+09:00,J2,1025,917,1942
2019-02-11T16:45:00+09:00,J3,1128,1055,2183
2019-02-11T16:45:00+09:00,J4,910,951,1861
2019-02-11T16:45:00+09:00,J5,578,626,1204
2019-02-11T17:00:00+09:00,J1,1172,1423,2595
2019-02-11T17:00:00+09:00,J2,1032,940,1972
2019-02-11T17:00:00+09:00,J3,1261,1137,2398
2019-02-11T17:00:00+09:00,J4,939,1082,2021
2019-02-11T17:00:00+09:00,J5,561,593,1154
2019-02-11T17:15:00+09:00,J1,1198,1419,2617
2019-02-11T17:15:00+09:00,J2,1018,950,1968
2019-02-11T17:15:00+09:00,J3,1274,1259,2533
2019-02-11T17:15:00+09:00,J4,1070,1108,2178
2019-02-11T17:15:00+09:00,J5,640,581,1221
2019-02-11T17:30:00+09:00,J1,1234,1374,2608
2019-02-11T17:30:00+09:00,J2,979,932,1911
2019-02-11T17:30:00+09:00,J3,1330,1269,2599
2019-02-11T17:30:00+09:00,J4,980,1100,2080
2019-02-11T17:30:00+09:00,J5,719,666,1385
2019-02-11T17:45:00+09:00,J1,1223,1424,2647
2019-02-11T17:45:00+09:00,J2,983,888,1871
2019-02-11T17:45:00+09:00,J3,1271,991,2262
2019-02-11T17:45:00+09:00,J4,1028,1106,2134
2019-02-11T17:45:00+09:00,J5,548,626,1174
2019-02-11T18:00:00+09:00,J1,1257,1434,2691
2019-02-11T18:00:00+09:00,J2,964,915,1879
2019-02-11T18:00:00+09:00,J3,1169,1016,2185
2019-02-11T18:00:00+09:00,J4,947,1056,2003
2019-02-11T18:00:00+09:00,J5,661,664,1325
2019-02-11T18:15:00+09:00,J1,1209,1403,2612
2019-02-11T18:15:00+09:00,J2,995,919,1914
2019-02-11T18:15:00+09:00,J3,1194,1052,2246
2019-02-11T18:15:00+09:00,J4,903,988,1891
2019-02-11T18:15:00+09:00,J5,650,674,1324
2019-02-11T18:30:00+09:00,J1,1362,1480,2842
2019-02-11T18:30:00+09:00,J2,906,780,1686
2019-02-11T18:30:00+09:00,J3,1073,927,2000
2019-02-11T18:30:00+09:00,J4,855,871,1726
2019-02-11T18:30:00+09:00,J5,485,554,1039
2019-02-11T18:45:00+09:00,J1,1264,1437,2701
2019-02-11T18:45:00+09:00,J2,917,836,1753
2019-02-11T18:45:00+09:00,J3,1073,998,2071
2019-02-11T18:45:00+09:00,J4,827,945,1772
2019-02-11T18:45:00+09:00,J5,492,517,1009
2019-02-11T19:00:00+09:00,J1,1202,1345,2547
2019-02-11T19:00:00+09:00,J2,810,936,1746
2019-02-11T19:00:00+09:00,J3,1168,1081,2249
2019-02-11T19:00:00+09:00,J4,974,1014,1988
2019-02-11T19:00:00+09:00,J5,613,594,1207
2019-02-11T19:15:00+09:00,J1,1196,1394,2590
2019-02-11T19:15:00+09:00,J2,755,842,1597
2019-02-11T19:15:00+09:00,J3,1090,1046,2136
2019-02-11T19:15:00+09:00,J4,955,1059,2014
2019-02-11T19:15:00+09:00,J5,655,576,1231
2019-02-11T19:30:00+09:00,J1,1203,1429,2632
2019-02-11T19:30:00+09:00,J2,788,822,1610
2019-02-11T19:30:00+09:00,J3,1054,972,2026
2019-02-11T19:30:00+09:00,J4,922,995,1917
2019-02-11T19:30:00+09:00,J5,589,531,1120
2019-02-11T19:45:00+09:00,J1,1282,1402,2684
2019-02-11T19:45:00+09:00,J2,666,808,1474
2019-02-11T19:45:00+09:00,J3,928,970,1898
2019-02-11T19:45:00+09:00,J4,959,1056,2015
2019-02-11T19:45:00+09:00,J5,583,525,1108
2019-02-11T20:00:00+09:00,J1,1309,1392,2701
2019-02-11T20:00:00+09:00,J2,765,817,1582
2019-02-11T20:00:00+09:00,J3,971,1018,1989
2019-02-11T20:00:00+09:00,J4,1001,1041,2042
2019-02-11T20:00:00+09:00,J5,552,547,1099
2019-02-11T20:15:00+09:00,J1,1224,1473,2697
2019-02-11T20:15:00+09:00,J2,640,817,1457
2019-02-11T20:15:00+09:00,J3,1022,882,1904
2019-02-11T20:15:00+09:00,J4,933,978,1911
2019-02-11T20:15:00+09:00,J5,593,534,1127
2019-02-11T20:30:00+09:00,J1,1222,1348,2570
2019-02-11T20:30:00+09:00,J2,783,729,1512
2019-02-11T20:30:00+09:00,J3,929,947,1876
2019-02-11T20:30:00+09:00,J4,945,998,1943
2019-02-11T20:30:00+09:00,J5,582,541,1123
2019-02-11T20:45:00+09:00,J1,1234,1349,2583
2019-02-11T20:45:00+09:00,J2,631,691,1322
2019-02-11T20:45:00+09:00,J3,984,871,1855
2019-02-11T20:45:00+09:00,J4,978,1036,2014
2019-02-11T20:45:00+09:00,J5,504,492,996
2019-02-11T21:00:00+09:00,J1,1081,1352,2433
2019-02-11T21:00:00+09:00,J2,710,722,1432
2019-02-11T21:00:00+09:00,J3,984,767,1751
2019-02-11T21:00:00+09:00,J4,1093,1081,2174
2019-02-11T21:00:00+09:00,J5,561,556,1117
2019-02-11T21:15:00+09:00,J1,1156,1309,2465
2019-02-11T21:15:00+09:00,J2,868,778,1646
2019-02-11T21:15:00+09:00,J3,976,868,1844
2019-02-11T21:15:00+09:00,J4,1116,1127,2243
2019-02-11T21:15:00+09:00,J5,620,546,1166
2019-02-11T21:30:00+09:00,J1,1176,1316,2492
2019-02-11T21:30:00+09:00,J2,746,726,1472
2019-02-11T21:30:00+09:00,J3,973,935,1908
2019-02-11T21:30:00+09:00,J4,1041,1161,2202
2019-02-11T21:30:00+09:00,J5,585,580,1165
2019-02-11T21:45:00+09:00,J1,1188,1258,2446
2019-02-11T21:45:00+09:00,J2,633,700,1333
2019-02-11T21:45:00+09:00,J3,981,824,1805
2019-02-11T21:45:00+09:00,J4,923,1114,2037
2019-02-11T21:45:00+09:00,J5,603,487,1090
2019-02-11T22:00:00+09:00,J1,1127,1266,2393
2019-02-11T22:00:00+09:00,J2,689,772,1461
2019-02-11T22:00:00+09:00,J3,960,822,1782
2019-02-11T22:00:00+09:00,J4,1004,1110,2114
2019-02-11T22:00:00+09:00,J5,573,564,1137
2019-02-11T22:15:00+09:00,J1,1094,1322,2416
2019-02-11T22:15:00+09:00,J2,632,748,1380
2019-02-11T22:15:00+09:00,J3,1072,999,2071
2019-02-11T22:15:00+09:00,J4,988,1068,2056
2019-02-11T22:15:00+09:00,J5,567,539,1106
2019-02-11T22:30:00+09:00,J1,1158,1308,2466
2019-02-11T22:30:00+09:00,J2,733,737,1470
2019-02-11T22:30:00+09:00,J3,1172,872,2044
2019-02-11T22:30:00+09:00,J4,969,1075,2044
2019-02-11T22:30:00+09:00,J5,577,497,1074
2019-02-11T22:45:00+09:00,J1,1170,1310,2480
2019-02-11T22:45:00+09:00,J2,719,717,1436
2019-02-11T22:45:00+09:00,J3,1041,765,1806
2019-02-11T22:45:00+09:00,J4,983,1127,2110
2019-02-11T22:45:00+09:00,J5,581,505,1086
2019-02-11T23:00:00+09:00,J1,1152,1268,2420
2019-02-11T23:00:00+09:00,J2,758,785,1543
2019-02-11T23:00:00+09:00,J3,1097,832,1929
2019-02-11T23:00:00+09:00,J4,1004,1076,2080
2019-02-11T23:00:00+09:00,J5,573,481,1054
2019-02-11T23:15:00+09:00,J1,1137,1224,2361
2019-02-11T23:15:00+09:00,J2,761,735,1496
2019-02-11T23:15:00+09:00,J3,982,822,1804
2019-02-11T23:15:00+09:00,J4,1050,1089,2139
2019-02-11T23:15:00+09:00,J5,511,527,1038
2019-02-11T23:30:00+09:00,J1,1085,1272,2357
2019-02-11T23:30:00+09:00,J2,745,740,1485
2019-02-11T23:30:00+09:00,J3,996,749,1745
2019-02-11T23:30:00+09:00,J4,1024,1117,2141
2019-02-11T23:30:00+09:00,J5,598,517,1115
2019-02-11T23:45:00+09:00,J1,1117,1249,2366
2019-02-11T23:45:00+09:00,J2,683,726,1409
2019-02-11T23:45:00+09:00,J3,1001,811,1812
2019-02-11T23:45:00+09:00,J4,955,1029,1984
2019-02-11T23:45:00+09:00,J5,575,590,1165
2019-02-12T00:00:00+09:00,J1,1100,1061,2161
2019-02-12T00:00:00+09:00,J2,851,796,1647
2019-02-12T00:00:00+09:00,J3,957,711,1668
2019-02-12T00:00:00+09:00,J4,947,972,1919
2019-02-12T00:00:00+09:00,J5,608,565,1173
2019-02-12T00:15:00+09:00,J1,874,965,1839
2019-02-12T00:15:00+09:00,J2,700,665,1365
2019-02-12T00:15:00+09:00,J3,732,578,1310
2019-02-12T00:15:00+09:00,J4,1025,921,1946
2019-02-12T00:15:00+09:00,J5,547,607,1154
2019-02-12T00:30:00+09:00,J1,990,1016,2006
2019-02-12T00:30:00+09:00,J2,646,634,1280
2019-02-12T00:30:00+09:00,J3,578,488,1066
2019-02-12T00:30:00+09:00,J4,938,863,1801
2019-02-12T00:30:00+09:00,J5,546,548,1094
2019-02-12T00:45:00+09:00,J1,1039,1073,2112
2019-02-12T00:45:00+09:00,J2,642,697,1339
2019-02-12T00:45:00+09:00,J3,600,473,1073
2019-02-12T00:45:00+09:00,J4,898,848,1746
2019-02-12T00:45:00+09:00,J5,585,502,1087
2019-02-12T05:45:00+09:00,J1,1022,1046,2068
2019-02-12T05:45:00+09:00,J2,702,666,1368
2019-02-12T05:45:00+09:00,J3,837,701,1538
2019-02-12T05:45:00+09:00,J4,882,999,1881
2019-02-12T05:45:00+09:00,J5,544,453,997
2019-02-12T06:00:00+09:00,J1,1029,1014,2043
2019-02-12T06:00:00+09:00,J2,592,656,1248
2019-02-12T06:00:00+09:00,J3,842,786,1628
2019-02-12T06:00:00+09:00,J4,880,997,1877
2019-02-12T06:00:00+09:00,J5,482,429,911
2019-02-12T06:15:00+09:00,J1,1013,1066,2079
2019-02-12T06:15:00+09:00,J2,681,656,1337
2019-02-12T06:15:00+09:00,J3,736,715,1451
2019-02-12T06:15:00+09:00,J4,919,1001,1920
2019-02-12T06:15:00+09:00,J5,491,438,929
2019-02-12T06:30:00+09:00,J1,1132,1186,2318
2019-02-12T06:30:00+09:00,J2,646,630,1276
2019-02-12T06:30:00+09:00,J3,734,702,1436
2019-02-12T06:30:00+09:00,J4,871,1082,1953
2019-02-12T06:30:00+09:00,J5,485,468,953
2019-02-12T06:45:00+09:00,J1,1091,1163,2254
2019-02-12T06:45:00+09:00,J2,775,763,1538
2019-02-12T06:45:00+09:00,J3,764,713,1477
2019-02-12T06:45:00+09:00,J4,948,996,1944
2019-02-12T06:45:00+09:00,J5,534,428,962
2019-02-12T07:00:00+09:00,J1,1093,1210,2303
2019-02-12T07:00:00+09:00,J2,766,761,1527
2019-02-12T07:00:00+09:00,J3,804,722,1526
2019-02-12T07:00:00+09:00,J4,933,1107,2040
2019-02-12T07:00:00+09:00,J5,491,467,958
2019-02-12T07:15:00+09:00,J1,1160,1185,2345
2019-02-12T07:15:00+09:00,J2,932,830,1762
2019-02-12T07:15:00+09:00,J3,845,887,1732
2019-02-12T07:15:00+09:00,J4,1112,1165,2277
2019-02-12T07:15:00+09:00,J5,539,510,1049
2019-02-12T07:30:00+09:00,J1,1182,1298,2480
2019-02-12T07:30:00+09:00,J2,792,731,1523
2019-02-12T07:30:00+09:00,J3,1222,1097,2319
2019-02-12T07:30:00+09:00,J4,1088,1229,2317
2019-02-12T07:30:00+09:00,J5,663,641,1304
2019-02-12T07:45:00+09:00,J1,1181,1363,2544
2019-02-12T07:45:00+09:00,J2,907,709,1616
2019-02-12T07:45:00+09:00,J3,1389,1195,2584
2019-02-12T07:45:00+09:00,J4,1089,1242,2331
2019-02-12T07:45:00+09:00,J5,776,745,1521
2019-02-12T08:00:00+09:00,J1,1356,1296,2652
2019-02-12T08:00:00+09:00,J2,1109,919,2028
2019-02-12T08:00:00+09:00,J3,1463,1362,2825
2019-02-12T08:00:00+09:00,J4,1027,1273,2300
2019-02-12T08:00:00+09:00,J5,799,688,1487
2019-02-12T08:15:00+09:00,J1,1349,1340,2689
2019-02-12T08:15:00+09:00,J2,1343,792,2135
2019-02-12T08:15:00+09:00,J3,1548,1367,2915
2019-02-12T08:15:00+09:00,J4,1057,1353,2410
2019-02-12T08:15:00+09:00,J5,694,736,1430
2019-02-12T08:30:00+09:00,J1,1407,1319,2726
2019-02-12T08:30:00+09:00,J2,1231,819,2050
2019-02-12T08:30:00+09:00,J3,1402,1535,2937
2019-02-12T08:30:00+09:00,J4,1142,1369,2511
2019-02-12T08:30:00+09:00,J5,670,728,1398
2019-02-12T08:45:00+09:00,J1,1310,1414,2724
2019-02-12T08:45:00+09:00,J2,944,766,1710
2019-02-12T08:45:00+09:00,J3,1348,1356,2704
2019-02-12T08:45:00+09:00,J4,1247,1347,2594
2019-02-12T08:45:00+09:00,J5,599,600,1199
2019-02-12T09:00:00+09:00,J1,1311,1481,2792
2019-02-12T09:00:00+09:00,J2,844,851,1695
2019-02-12T09:00:00+09:00,J3,1360,1234,2594
2019-02-12T09:00:00+09:00,J4,1177,1224,2401
2019-02-12T09:00:00+09:00,J5,657,607,1264
2019-02-12T09:15:00+09:00,J1,1373,1417,2790
2019-02-12T09:15:00+09:00,J2,985,882,1867
2019-02-12T09:15:00+09:00,J3,1378,1225,2603
2019-02-12T09:15:00+09:00,J4,1085,1274,2359
2019-02-12T09:15:00+09:00,J5,622,608,1230
2019-02-12T09:30:00+09:00,J1,1390,1392,2782
2019-02-12T09:30:00+09:00,J2,1029,911,1940
2019-02-12T09:30:00+09:00,J3,1353,1209,2562
2019-02-12T09:30:00+09:00,J4,1154,1189,2343
2019-02-12T09:30:00+09:00,J5,668,611,1279
2019-02-12T09:45:00+09:00,J1,1425,1443,2868
2019-02-12T09:45:00+09:00,J2,1149,999,2148
2019-02-12T09:45:00+09:00,J3,1422,1311,2733
2019-02-12T09:45:00+09:00,J4,1072,1091,2163
2019-02-12T09:45:00+09:00,J5,655,642,1297
2019-02-12T10:00:00+09:00,J1,1328,1441,2769
2019-02-12T10:00:00+09:00,J2,1172,1083,2255
2019-02-12T10:00:00+09:00,J3,1178,1144,2322
2019-02-12T10:00:00+09:00,J4,1085,1157,2242
2019-02-12T10:00:00+09:00,J5,682,575,1257
2019-02-12T10:15:00+09:00,J1,1355,1384,2739
2019-02-12T10:15:00+09:00,J2,1042,1029,2071
2019-02-12T10:15:00+09:00,J3,1236,1156,2392
2019-02-12T10:15:00+09:00,J4,1056,1094,2150
2019-02-12T10:15:00+09:00,J5,605,657,1262
2019-02-12T10:30:00+09:00,J1,1398,1408,2806
2019-02-12T10:30:00+09:00,J2,894,870,1764
2019-02-12T10:30:00+09:00,J3,1283,1130,2413
2019-02-12T10:30:00+09:00,J4,1031,1063,2094
2019-02-12T10:30:00+09:00,J5,690,671,1361
2019-02-12T10:45:00+09:00,J1,1333,1461,2794
2019-02-12T10:45:00+09:00,J2,1035,883,1918
2019-02-12T10:45:00+09:00,J3,1140,1045,2185
2019-02-12T10:45:00+09:00,J4,1091,1074,2165
2019-02-12T10:45:00+09:00,J5,628,603,1231
2019-02-12T11:00:00+09:00,J1,1323,1415,2738
2019-02-12T11:00:00+09:00,J2,1028,967,1995
2019-02-12T11:00:00+09:00,J3,1149,1049,2198
2019-02-12T11:00:00+09:00,J4,979,1061,2040
2019-02-12T11:00:00+09:00,J5,643,588,1231
2019-02-12T11:15:00+09:00,J1,1224,1370,2594
2019-02-12T11:15:00+09:00,J2,910,821,1731
2019-02-12T11:15:00+09:00,J3,1296,1095,2391
2019-02-12T11:15:00+09:00,J4,1001,1035,2036
2019-02-12T11:15:00+09:00,J5,662,578,1240
2019-02-12T11:30:00+09:00,J1,1154,1254,2408
2019-02-12T11:30:00+09:00,J2,958,784,1742
2019-02-12T11:30:00+09:00,J3,1229,1171,2400
2019-02-12T11:30:00+09:00,J4,1018,1069,2087
2019-02-12T11:30:00+09:00,J5,564,640,1204
2019-02-12T11:45:00+09:00,J1,1190,1341,2531
2019-02-12T11:45:00+09:00,J2,932,794,1726
2019-02-12T11:45:00+09:00,J3,1251,1144,2395
2019-02-12T11:45:00+09:00,J4,973,1078,2051
2019-02-12T11:45:00+09:00,J5,680,575,1255
2019-02-12T12:00:00+09:00,J1,1231,1429,2660
2019-02-12T12:00:00+09:00,J2,924,737,1661
2019-02-12T12:00:00+09:00,J3,1248,1277,2525
2019-02-12T12:00:00+09:00,J4,1076,1045,2121
2019-02-12T12:00:00+09:00,J5,754,667,1421
2019-02-12T12:15:00+09:00,J1,1110,1435,2545
2019-02-12T12:15:00+09:00,J2,887,793,1680
2019-02-12T12:15:00+09:00,J3,1357,1084,2441
2019-02-12T12:15:00+09:00,J4,1061,1130,2191
2019-02-12T12:15:00+09:00,J5,746,727,1473
2019-02-12T12:30:00+09:00,J1,1182,1322,2504
2019-02-12T12:30:00+09:00,J2,1002,806,1808
2019-02-12T12:30:00+09:00,J3,1271,1159,2430
2019-02-12T12:30:00+09:00,J4,1033,1077,2110
2019-02-12T12:30:00+09:00,J5,790,768,1558
2019-02-12T12:45:00+09:00,J1,1180,1315,2495
2019-02-12T12:45:00+09:00,J2,905,881,1786
2019-02-12T12:45:00+09:00,J3,1432,1146,2578
2019-02-12T12:45:00+09:00,J4,1119,1065,2184
2019-02-12T12:45:00+09:00,J5,786,817,1603
2019-02-12T13:00:00+09:00,J1,1159,1397,2556
2019-02-12T13:00:00+09:00,J2,961,867,1828
2019-02-12T13:00:00+09:00,J3,1432,1143,2575
2019-02-12T13:00:00+09:00,J4,1188,1184,2372
2019-02-12T13:00:00+09:00,J5,811,769,1580
2019-02-12T13:15:00+09:00,J1,1175,1248,2423
2019-02-12T13:15:00+09:00,J2,930,813,1743
2019-02-12T13:15:00+09:00,J3,1430,1097,2527
2019-02-12T13:15:00+09:00,J4,1172,1150,2322
2019-02-12T13:15:00+09:00,J5,799,831,1630
2019-02-12T13:30:00+09:00,J1,1171,1359,2530
2019-02-12T13:30:00+09:00,J2,973,775,1748
2019-02-12T13:30:00+09:00,J3,1486,1134,2620
2019-02-12T13:30:00+09:00,J4,1269,1173,2442
2019-02-12T13:30:00+09:00,J5,797,785,1582
2019-02-12T13:45:00+09:00,J1,1243,1342,2585
2019-02-12T13:45:00+09:00,J2,810,883,1693
2019-02-12T13:45:00+09:00,J3,1357,1044,2401
2019-02-12T13:45:00+09:00,J4,1226,1199,2425
2019-02-12T13:45:00+09:00,J5,778,776,1554
2019-02-12T14:00:00+09:00,J1,1199,1470,2669
2019-02-12T14:00:00+09:00,J2,898,853,1751
2019-02-12T14:00:00+09:00,J3,1336,1015,2351
2019-02-12T14:00:00+09:00,J4,1191,1205,2396
2019-02-12T14:00:00+09:00,J5,793,787,1580
2019-02-12T14:15:00+09:00,J1,1207,1455,2662
2019-02-12T14:15:00+09:00,J2,953,816,1769
2019-02-12T14:15:00+09:00,J3,1330,1081,2411
2019-02-12T14:15:00+09:00,J4,1059,1107,2166
2019-02-12T14:15:00+09:00,J5,757,820,1577
2019-02-12T14:30:00+09:00,J1,1207,1501,2708
2019-02-12T14:30:00+09:00,J2,971,731,1702
2019-02-12T14:30:00+09:00,J3,1266,975,2241
2019-02-12T14:30:00+09:00,J4,1108,1095,2203
2019-02-12T14:30:00+09:00,J5,777,800,1577
2019-02-12T14:45:00+09:00,J1,1260,1514,2774
2019-02-12T14:45:00+09:00,J2,901,821,1722
2019-02-12T14:45:00+09:00,J3,1343,1029,2372
2019-02-12T14:45:00+09:00,J4,1069,1096,2165
2019-02-12T14:45:00+09:00,J5,810,804,1614
2019-02-12T15:00:00+09:00,J1,1197,1365,2562
2019-02-12T15:00:00+09:00,J2,922,920,1842
2019-02-12T15:00:00+09:00,J3,1249,980,2229
2019-02-12T15:00:00+09:00,J4,1006,996,2002
2019-02-12T15:00:00+09:00,J5,837,775,1612
2019-02-12T15:15:00+09:00,J1,1202,1388,2590
2019-02-12T15:15:00+09:00,J2,945,845,1790
2019-02-12T15:15:00+09:00,J3,1260,1034,2294
2019-02-12T15:15:00+09:00,J4,1052,1010,2062
2019-02-12T15:15:00+09:00,J5,795,782,1577
2019-02-12T15:30:00+09:00,J1,1227,1442,2669
2019-02-12T15:30:00+09:00,J2,966,873,1839
2019-02-12T15:30:00+09:00,J3,1166,970,2136
2019-02-12T15:30:00+09:00,J4,987,1009,1996
2019-02-12T15:30:00+09:00,J5,778,802,1580
2019-02-12T15:45:00+09:00,J1,1299,1425,2724
2019-02-12T15:45:00+09:00,J2,1035,894,1929
2019-02-12T15:45:00+09:00,J3,1141,976,2117
2019-02-12T15:45:00+09:00,J4,1060,1084,2144
2019-02-12T15:45:00+09:00,J5,816,813,1629
2019-02-12T16:00:00+09:00,J1,1250,1471,2721
2019-02-12T16:00:00+09:00,J2,958,776,1734
2019-02-12T16:00:00+09:00,J3,1284,990,2274
2019-02-12T16:00:00+09:00,J4,1040,1046,2086
2019-02-12T16:00:00+09:00,J5,792,777,1569
2019-02-12T16:15:00+09:00,J1,1190,1442,2632
2019-02-12T16:15:00+09:00,J2,917,858,1775
2019-02-12T16:15:00+09:00,J3,1252,995,2247
2019-02-12T16:15:00+09:00,J4,1073,1072,2145
2019-02-12T16:15:00+09:00,J5,793,835,1628
2019-02-12T16:30:00+09:00,J1,1300,1409,2709
2019-02-12T16:30:00+09:00,J2,953,752,1705
2019-02-12T16:30:00+09:00,J3,1349,1090,2439
2019-02-12T16:30:00+09:00,J4,1090,1047,2137
2019-02-12T16:30:00+09:00,J5,797,841,1638
2019-02-12T16:45:00+09:00,J1,1260,1425,2685
2019-02-12T16:45:00+09:00,J2,908,854,1762
2019-02-12T16:45:00+09:00,J3,1379,1150,2529
2019-02-12T16:45:00+09:00,J4,1011,1079,2090
2019-02-12T16:45:00+09:00,J5,792,781,1573
2019-02-12T17:00:00+09:00,J1,1239,1447,2686
2019-02-12T17:00:00+09:00,J2,937,798,1735
2019-02-12T17:00:00+09:00,J3,1384,1086,2470
2019-02-12T17:00:00+09:00,J4,1164,1122,2286
2019-02-12T17:00:00+09:00,J5,918,795,1713
2019-02-12T17:15:00+09:00,J1,1237,1484,2721
2019-02-12T17:15:00+09:00,J2,988,913,1901
2019-02-12T17:15:00+09:00,J3,1469,1144,2613
2019-02-12T17:15:00+09:00,J4,1067,1128,2195
2019-02-12T17:15:00+09:00,J5,828,835,1663
2019-02-12T17:30:00+09:00,J1,1249,1489,2738
2019-02-12T17:30:00+09:00,J2,995,971,1966
2019-02-12T17:30:00+09:00,J3,1570,1182,2752
2019-02-12T17:30:00+09:00,J4,1140,1070,2210
2019-02-12T17:30:00+09:00,J5,788,809,1597
2019-02-12T17:45:00+09:00,J1,1245,1490,2735
2019-02-12T17:45:00+09:00,J2,1078,1028,2106
2019-02-12T17:45:00+09:00,J3,1546,1226,2772
2019-02-12T17:45:00+09:00,J4,1147,1057,2204
2019-02-12T17:45:00+09:00,J5,805,795,1600
2019-02-12T18:00:00+09:00,J1,1347,1510,2857
2019-02-12T18:00:00+09:00,J2,1091,1017,2108
2019-02-12T18:00:00+09:00,J3,1555,1196,2751
2019-02-12T18:00:00+09:00,J4,1086,993,2079
2019-02-12T18:00:00+09:00,J5,757,817,1574
2019-02-12T18:15:00+09:00,J1,1371,1503,2874
2019-02-12T18:15:00+09:00,J2,1168,981,2149
2019-02-12T18:15:00+09:00,J3,1670,1362,3032
2019-02-12T18:15:00+09:00,J4,1181,1040,2221
2019-02-12T18:15:00+09:00,J5,813,879,1692
2019-02-12T18:30:00+09:00,J1,1330,1501,2831
2019-02-12T18:30:00+09:00,J2,1065,1036,2101
2019-02-12T18:30:00+09:00,J3,1533,1265,2798
2019-02-12T18:30:00+09:00,J4,1079,930,2009
2019-02-12T18:30:00+09:00,J5,836,830,1666
2019-02-12T18:45:00+09:00,J1,1355,1426,2781
2019-02-12T18:45:00+09:00,J2,921,950,1871
2019-02-12T18:45:00+09:00,J3,1398,1146,2544
2019-02-12T18:45:00+09:00,J4,1145,926,2071
2019-02-12T18:45:00+09:00,J5,769,868,1637
2019-02-12T19:00:00+09:00,J1,1303,1452,2755
2019-02-12T19:00:00+09:00,J2,869,933,1802
2019-02-12T19:00:00+09:00,J3,1361,1182,2543
2019-02-12T19:00:00+09:00,J4,1126,1033,2159
2019-02-12T19:00:00+09:00,J5,789,813,1602
2019-02-12T19:15:00+09:00,J1,1267,1434,2701
2019-02-12T19:15:00+09:00,J2,986,984,1970
2019-02-12T19:15:00+09:00,J3,1347,1140,2487
2019-02-12T19:15:00+09:00,J4,1078,1053,2131
2019-02-12T19:15:00+09:00,J5,814,855,1669
2019-02-12T19:30:00+09:00,J1,1302,1430,2732
2019-02-12T19:30:00+09:00,J2,842,828,1670
2019-02-12T19:30:00+09:00,J3,1360,1132,2492
2019-02-12T19:30:00+09:00,J4,1000,973,1973
2019-02-12T19:30:00+09:00,J5,746,789,1535
2019-02-12T19:45:00+09:00,J1,1385,1388,2773
2019-02-12T19:45:00+09:00,J2,1006,982,1988
2019-02-12T19:45:00+09:00,J3,1355,1129,2484
2019-02-12T19:45:00+09:00,J4,963,1000,1963
2019-02-12T19:45:00+09:00,J5,735,732,1467
2019-02-12T20:00:00+09:00,J1,1279,1406,2685
2019-02-12T20:00:00+09:00,J2,864,889,1753
2019-02-12T20:00:00+09:00,J3,1131,961,2092
2019-02-12T20:00:00+09:00,J4,1028,1002,2030
2019-02-12T20:00:00+09:00,J5,674,698,1372
2019-02-12T20:15:00+09:00,J1,1409,1471,2880
2019-02-12T20:15:00+09:00,J2,972,935,1907
2019-02-12T20:15:00+09:00,J3,1230,947,2177
2019-02-12T20:15:00+09:00,J4,1006,971,1977
2019-02-12T20:15:00+09:00,J5,748,777,1525
2019-02-12T20:30:00+09:00,J1,1304,1399,2703
2019-02-12T20:30:00+09:00,J2,947,871,1818
2019-02-12T20:30:00+09:00,J3,1155,905,2060
2019-02-12T20:30:00+09:00,J4,1022,1032,2054
2019-02-12T20:30:00+09:00,J5,724,719,1443
2019-02-12T20:45:00+09:00,J1,1231,1408,2639
2019-02-12T20:45:00+09:00,J2,889,835,1724
2019-02-12T20:45:00+09:00,J3,1217,961,2178
2019-02-12T20:45:00+09:00,J4,1083,1019,2102
2019-02-12T20:45:00+09:00,J5,668,711,1379
2019-02-12T21:00:00+09:00,J1,1135,1275,2410
2019-02-12T21:00:00+09:00,J2,868,875,1743
2019-02-12T21:00:00+09:00,J3,1116,821,1937
2019-02-12T21:00:00+09:00,J4,1175,1043,2218
2019-02-12T21:00:00+09:00,J5,659,657,1316
2019-02-12T21:15:00+09:00,J1,1093,1199,2292
2019-02-12T21:15:00+09:00,J2,901,841,1742
2019-02-12T21:15:00+09:00,J3,1114,960,2074
2019-02-12T21:15:00+09:00,J4,1204,1085,2289
2019-02-12T21:15:00+09:00,J5,655,664,1319
2019-02-12T21:30:00+09:00,J1,870,998,1868
2019-02-12T21:30:00+09:00,J2,938,881,1819
2019-02-12T21:30:00+09:00,J3,1134,1006,2140
2019-02-12T21:30:00+09:00,J4,1053,1083,2136
2019-02-12T21:30:00+09:00,J5,555,652,1207
2019-02-12T21:45:00+09:00,J1,882,1078,1960
2019-02-12T21:45:00+09:00,J2,944,934,1878
2019-02-12T21:45:00+09:00,J3,1226,1058,2284
2019-02-12T21:45:00+09:00,J4,1023,1112,2135
2019-02-12T21:45:00+09:00,J5,548,567,1115
2019-02-12T22:00:00+09:00,J1,865,1013,1878
2019-02-12T22:00:00+09:00,J2,840,869,1709
2019-02-12T22:00:00+09:00,J3,1175,889,2064
2019-02-12T22:00:00+09:00,J4,1020,1095,2115
2019-02-12T22:00:00+09:00,J5,467,544,1011
2019-02-12T22:15:00+09:00,J1,880,1089,1969
2019-02-12T22:15:00+09:00,J2,787,905,1692
2019-02-12T22:15:00+09:00,J3,1153,853,2006
2019-02-12T22:15:00+09:00,J4,1061,1103,2164
2019-02-12T22:15:00+09:00,J5,552,542,1094
2019-02-12T22:30:00+09:00,J1,1109,1264,2373
2019-02-12T22:30:00+09:00,J2,891,927,1818
2019-02-12T22:30:00+09:00,J3,1149,869,2018
2019-02-12T22:30:00+09:00,J4,1045,1102,2147
2019-02-12T22:30:00+09:00,J5,592,512,1104
2019-02-12T22:45:00+09:00,J1,1199,1299,2498
2019-02-12T22:45:00+09:00,J2,788,825,1613
2019-02-12T22:45:00+09:00,J3,939,756,1695
2019-02-12T22:45:00+09:00,J4,986,1083,2069
2019-02-12T22:45:00+09:00,J5,598,577,1175
2019-02-12T23:00:00+09:00,J1,1097,1264,2361
2019-02-12T23:00:00+09:00,J2,833,788,1621
2019-02-12T23:00:00+09:00,J3,938,749,1687
2019-02-12T23:00:00+09:00,J4,997,1081,2078
2019-02-12T23:00:00+09:00,J5,604,579,1183
2019-02-12T23:15:00+09:00,J1,1187,1292,2479
2019-02-12T23:15:00+09:00,J2,811,832,1643
2019-02-12T23:15:00+09:00,J3,884,711,1595
2019-02-12T23:15:00+09:00,J4,966,1020,1986
2019-02-12T23:15:00+09:00,J5,604,560,1164
2019-02-12T23:30:00+09:00,J1,1168,1211,2379
2019-02-12T23:30:00+09:00,J2,768,814,1582
2019-02-12T23:30:00+09:00,J3,887,678,1565
2019-02-12T23:30:00+09:00,J4,931,1007,1938
2019-02-12T23:30:00+09:00,J5,595,532,1127
2019-02-12T23:45:00+09:00,J1,1142,1299,2441
2019-02-12T23:45:00+09:00,J2,750,862,1612
2019-02-12T23:45:00+09:00,J3,885,592,1477
2019-02-12T23:45:00+09:00,J4,955,1027,1982
2019-02-12T23:45:00+09:00,J5,589,526,1115
2019-02-13T00:00:00+09:00,J1,995,1118,2113
2019-02-13T00:00:00+09:00,J2,751,762,1513
2019-02-13T00:00:00+09:00,J3,761,613,1374
2019-02-13T00:00:00+09:00,J4,969,1046,2015
2019-02-13T00:00:00+09:00,J5,602,542,1144
2019-02-13T00:15:00+09:00,J1,689,722,1411
2019-02-13T00:15:00+09:00,J2,594,687,1281
2019-02-13T00:15:00+09:00,J3,527,484,1011
2019-02-13T00:15:00+09:00,J4,1043,955,1998
2019-02-13T00:15:00+09:00,J5,604,500,1104
2019-02-13T00:30:00+09:00,J1,684,658,1342
2019-02-13T00:30:00+09:00,J2,615,659,1274
2019-02-13T00:30:00+09:00,J3,614,497,1111
2019-02-13T00:30:00+09:00,J4,928,827,1755
2019-02-13T00:30:00+09:00,J5,594,520,1114
2019-02-13T00:45:00+09:00,J1,493,525,1018
2019-02-13T00:45:00+09:00,J2,611,627,1238
2019-02-13T00:45:00+09:00,J3,591,491,1082
2019-02-13T00:45:00+09:00,J4,937,840,1777
2019-02-13T00:45:00+09:00,J5,541,552,1093
2019-02-13T05:45:00+09:00,J1,1030,1063,2093
2019-02-13T05:45:00+09:00,J2,712,716,1428
2019-02-13T05:45:00+09:00,J3,998,838,1836
2019-02-13T05:45:00+09:00,J4,835,857,1692
2019-02-13T05:45:00+09:00,J5,526,515,1041
2019-02-13T06:00:00+09:00,J1,1001,1011,2012
2019-02-13T06:00:00+09:00,J2,650,696,1346
2019-02-13T06:00:00+09:00,J3,942,825,1767
2019-02-13T06:00:00+09:00,J4,810,924,1734
2019-02-13T06:00:00+09:00,J5,520,456,976
2019-02-13T06:15:00+09:00,J1,1052,1141,2193
2019-02-13T06:15:00+09:00,J2,631,682,1313
2019-02-13T06:15:00+09:00,J3,885,831,1716
2019-02-13T06:15:00+09:00,J4,908,1103,2011
2019-02-13T06:15:00+09:00,J5,556,487,1043
2019-02-13T06:30:00+09:00,J1,1140,1168,2308
2019-02-13T06:30:00+09:00,J2,734,749,1483
2019-02-13T06:30:00+09:00,J3,853,811,1664
2019-02-13T06:30:00+09:00,J4,885,1063,1948
2019-02-13T06:30:00+09:00,J5,539,453,992
2019-02-13T06:45:00+09:00,J1,1193,1222,2415
2019-02-13T06:45:00+09:00,J2,812,753,1565
2019-02-13T06:45:00+09:00,J3,971,918,1889
2019-02-13T06:45:00+09:00,J4,980,1108,2088
2019-02-13T06:45:00+09:00,J5,544,489,1033
2019-02-13T07:00:00+09:00,J1,1182,1333,2515
2019-02-13T07:00:00+09:00,J2,807,677,1484
2019-02-13T07:00:00+09:00,J3,1090,1037,2127
2019-02-13T07:00:00+09:00,J4,994,1135,2129
2019-02-13T07:00:00+09:00,J5,559,533,1092
2019-02-13T07:15:00+09:00,J1,1146,1330,2476
2019-02-13T07:15:00+09:00,J2,851,736,1587
2019-02-13T07:15:00+09:00,J3,1486,1234,2720
2019-02-13T07:15:00+09:00,J4,959,1094,2053
2019-02-13T07:15:00+09:00,J5,642,546,1188
2019-02-13T07:30:00+09:00,J1,1188,1278,2466
2019-02-13T07:30:00+09:00,J2,850,723,1573
2019-02-13T07:30:00+09:00,J3,1413,1202,2615
2019-02-13T07:30:00+09:00,J4,1080,1225,2305
2019-02-13T07:30:00+09:00,J5,726,665,1391
2019-02-13T07:45:00+09:00,J1,1140,1195,2335
2019-02-13T07:45:00+09:00,J2,919,780,1699
2019-02-13T07:45:00+09:00,J3,1410,1226,2636
2019-02-13T07:45:00+09:00,J4,1261,1395,2656
2019-02-13T07:45:00+09:00,J5,790,746,1536
2019-02-13T08:00:00+09:00,J1,1252,1216,2468
2019-02-13T08:00:00+09:00,J2,1161,923,2084
2019-02-13T08:00:00+09:00,J3,1531,1435,2966
2019-02-13T08:00:00+09:00,J4,1234,1444,2678
2019-02-13T08:00:00+09:00,J5,738,801,1539
2019-02-13T08:15:00+09:00,J1,1296,1310,2606
2019-02-13T08:15:00+09:00,J2,1258,866,2124
2019-02-13T08:15:00+09:00,J3,1550,1433,2983
2019-02-13T08:15:00+09:00,J4,1172,1467,2639
2019-02-13T08:15:00+09:00,J5,724,827,1551
2019-02-13T08:30:00+09:00,J1,1390,1243,2633
2019-02-13T08:30:00+09:00,J2,1271,985,2256
2019-02-13T08:30:00+09:00,J3,1559,1399,2958
2019-02-13T08:30:00+09:00,J4,1142,1343,2485
2019-02-13T08:30:00+09:00,J5,705,799,1504
2019-02-13T08:45:00+09:00,J1,1441,1383,2824
2019-02-13T08:45:00+09:00,J2,1028,841,1869
2019-02-13T08:45:00+09:00,J3,1459,1396,2855
2019-02-13T08:45:00+09:00,J4,1106,1218,2324
2019-02-13T08:45:00+09:00,J5,687,752,1439
2019-02-13T09:00:00+09:00,J1,1355,1430,2785
2019-02-13T09:00:00+09:00,J2,1059,993,2052
2019-02-13T09:00:00+09:00,J3,1416,1226,2642
2019-02-13T09:00:00+09:00,J4,1062,1168,2230
2019-02-13T09:00:00+09:00,J5,728,706,1434
2019-02-13T09:15:00+09:00,J1,1369,1405,2774
2019-02-13T09:15:00+09:00,J2,1004,843,1847
2019-02-13T09:15:00+09:00,J3,1148,1135,2283
2019-02-13T09:15:00+09:00,J4,1103,1211,2314
2019-02-13T09:15:00+09:00,J5,642,622,1264
2019-02-13T09:30:00+09:00,J1,1395,1429,2824
2019-02-13T09:30:00+09:00,J2,931,816,1747
2019-02-13T09:30:00+09:00,J3,1231,1114,2345
2019-02-13T09:30:00+09:00,J4,1142,1212,2354
2019-02-13T09:30:00+09:00,J5,676,664,1340
2019-02-13T09:45:00+09:00,J1,1404,1450,2854
2019-02-13T09:45:00+09:00,J2,845,871,1716
2019-02-13T09:45:00+09:00,J3,1293,1058,2351
2019-02-13T09:45:00+09:00,J4,1055,1151,2206
2019-02-13T09:45:00+09:00,J5,686,626,1312
2019-02-13T10:00:00+09:00,J1,1327,1492,2819
2019-02-13T10:00:00+09:00,J2,891,846,1737
2019-02-13T10:00:00+09:00,J3,1083,870,1953
2019-02-13T10:00:00+09:00,J4,1069,1129,2198
2019-02-13T10:00:00+09:00,J5,617,624,1241
2019-02-13T10:15:00+09:00,J1,1463,1501,2964
2019-02-13T10:15:00+09:00,J2,808,833,1641
2019-02-13T10:15:00+09:00,J3,1068,901,1969
2019-02-13T10:15:00+09:00,J4,990,1120,2110
2019-02-13T10:15:00+09:00,J5,685,608,1293
2019-02-13T10:30:00+09:00,J1,1480,1498,2978
2019-02-13T10:30:00+09:00,J2,824,721,1545
2019-02-13T10:30:00+09:00,J3,1090,988,2078
2019-02-13T10:30:00+09:00,J4,1031,1047,2078
2019-02-13T10:30:00+09:00,J5,640,602,1242
2019-02-13T10:45:00+09:00,J1,1371,1420,2791
2019-02-13T10:45:00+09:00,J2,831,787,1618
2019-02-13T10:45:00+09:00,J3,1232,968,2200
2019-02-13T10:45:00+09:00,J4,1092,1167,2259
2019-02-13T10:45:00+09:00,J5,646,665,1311
2019-02-13T11:00:00+09:00,J1,1392,1422,2814
2019-02-13T11:00:00+09:00,J2,792,764,1556
2019-02-13T11:00:00+09:00,J3,1133,1072,2205
2019-02-13T11:00:00+09:00,J4,1051,1181,2232
2019-02-13T11:00:00+09:00,J5,658,627,1285
2019-02-13T11:15:00+09:00,J1,1360,1420,2780
2019-02-13T11:15:00+09:00,J2,795,704,1499
2019-02-13T11:15:00+09:00,J3,1255,1063,2318
2019-02-13T11:15:00+09:00,J4,1076,1124,2200
2019-02-13T11:15:00+09:00,J5,652,671,1323
2019-02-13T11:30:00+09:00,J1,1296,1301,2597
2019-02-13T11:30:00+09:00,J2,804,718,1522
2019-02-13T11:30:00+09:00,J3,1060,929,1989
2019-02-13T11:30:00+09:00,J4,1050,1176,2226
2019-02-13T11:30:00+09:00,J5,685,712,1397
2019-02-13T11:45:00+09:00,J1,1311,1446,2757
2019-02-13T11:45:00+09:00,J2,623,594,1217
2019-02-13T11:45:00+09:00,J3,1026,855,1881
2019-02-13T11:45:00+09:00,J4,997,1089,2086
2019-02-13T11:45:00+09:00,J5,789,696,1485
2019-02-13T12:00:00+09:00,J1,1245,1437,2682
2019-02-13T12:00:00+09:00,J2,728,746,1474
2019-02-13T12:00:00+09:00,J3,1192,962,2154
2019-02-13T12:00:00+09:00,J4,1166,1201,2367
2019-02-13T12:00:00+09:00,J5,769,722,1491
2019-02-13T12:15:00+09:00,J1,1154,1444,2598
2019-02-13T12:15:00+09:00,J2,782,742,1524
2019-02-13T12:15:00+09:00,J3,1332,1074,2406
2019-02-13T12:15:00+09:00,J4,1083,992,2075
2019-02-13T12:15:00+09:00,J5,809,805,1614
2019-02-13T12:30:00+09:00,J1,1194,1413,2607
2019-02-13T12:30:00+09:00,J2,837,786,1623
2019-02-13T12:30:00+09:00,J3,1310,1138,2448
2019-02-13T12:30:00+09:00,J4,1092,1099,2191
2019-02-13T12:30:00+09:00,J5,775,813,1588
2019-02-13T12:45:00+09:00,J1,1218,1378,2596
2019-02-13T12:45:00+09:00,J2,821,747,1568
2019-02-13T12:45:00+09:00,J3,1319,1166,2485
2019-02-13T12:45:00+09:00,J4,1017,1057,2074
2019-02-13T12:45:00+09:00,J5,744,736,1480
2019-02-13T13:00:00+09:00,J1,1236,1476,2712
2019-02-13T13:00:00+09:00,J2,775,748,1523
2019-02-13T13:00:00+09:00,J3,1394,1145,2539
2019-02-13T13:00:00+09:00,J4,1101,1141,2242
2019-02-13T13:00:00+09:00,J5,759,795,1554
2019-02-13T13:15:00+09:00,J1,1183,1420,2603
2019-02-13T13:15:00+09:00,J2,759,751,1510
2019-02-13T13:15:00+09:00,J3,1370,1096,2466
2019-02-13T13:15:00+09:00,J4,1061,1073,2134
2019-02-13T13:15:00+09:00,J5,821,843,1664
2019-02-13T13:30:00+09:00,J1,1215,1364,2579
2019-02-13T13:30:00+09:00,J2,786,750,1536
2019-02-13T13:30:00+09:00,J3,1380,1071,2451
2019-02-13T13:30:00+09:00,J4,1099,1105,2204
2019-02-13T13:30:00+09:00,J5,866,822,1688
2019-02-13T13:45:00+09:00,J1,1190,1335,2525
2019-02-13T13:45:00+09:00,J2,846,760,1606
2019-02-13T13:45:00+09:00,J3,1426,1035,2461
2019-02-13T13:45:00+09:00,J4,1009,994,2003
2019-02-13T13:45:00+09:00,J5,817,773,1590
2019-02-13T14:00:00+09:00,J1,1190,1450,2640
2019-02-13T14:00:00+09:00,J2,853,787,1640
2019-02-13T14:00:00+09:00,J3,1377,960,2337
2019-02-13T14:00:00+09:00,J4,965,1083,2048
2019-02-13T14:00:00+09:00,J5,798,796,1594
2019-02-13T14:15:00+09:00,J1,1242,1462,2704
2019-02-13T14:15:00+09:00,J2,809,730,1539
2019-02-13T14:15:00+09:00,J3,1297,987,2284
2019-02-13T14:15:00+09:00,J4,1027,1019,2046
2019-02-13T14:15:00+09:00,J5,854,796,1650
2019-02-13T14:30:00+09:00,J1,1202,1423,2625
2019-02-13T14:30:00+09:00,J2,1030,838,1868
2019-02-13T14:30:00+09:00,J3,1346,1003,2349
2019-02-13T14:30:00+09:00,J4,1083,1064,2147
2019-02-13T14:30:00+09:00,J5,797,751,1548
2019-02-13T14:45:00+09:00,J1,1245,1402,2647
2019-02-13T14:45:00+09:00,J2,905,753,1658
2019-02-13T14:45:00+09:00,J3,1301,1005,2306
2019-02-13T14:45:00+09:00,J4,1007,1034,2041
2019-02-13T14:45:00+09:00,J5,760,726,1486
2019-02-13T15:00:00+09:00,J1,1245,1320,2565
2019-02-13T15:00:00+09:00,J2,807,719,1526
2019-02-13T15:00:00+09:00,J3,1350,980,2330
2019-02-13T15:00:00+09:00,J4,926,987,1913
2019-02-13T15:00:00+09:00,J5,758,744,1502
2019-02-13T15:15:00+09:00,J1,1216,1327,2543
2019-02-13T15:15:00+09:00,J2,810,755,1565
2019-02-13T15:15:00+09:00,J3,1324,942,2266
2019-02-13T15:15:00+09:00,J4,992,958,1950
2019-02-13T15:15:00+09:00,J5,818,717,1535
2019-02-13T15:30:00+09:00,J1,1116,1376,2492
2019-02-13T15:30:00+09:00,J2,862,750,1612
2019-02-13T15:30:00+09:00,J3,1309,993,2302
2019-02-13T15:30:00+09:00,J4,1036,1090,2126
2019-02-13T15:30:00+09:00,J5,769,744,1513
2019-02-13T15:45:00+09:00,J1,1197,1447,2644
2019-02-13T15:45:00+09:00,J2,802,711,1513
2019-02-13T15:45:00+09:00,J3,1227,977,2204
2019-02-13T15:45:00+09:00,J4,1108,1051,2159
2019-02-13T15:45:00+09:00,J5,876,811,1687
2019-02-13T16:00:00+09:00,J1,1247,1358,2605
2019-02-13T16:00:00+09:00,J2,813,689,1502
2019-02-13T16:00:00+09:00,J3,1283,948,2231
2019-02-13T16:00:00+09:00,J4,1051,1024,2075
2019-02-13T16:00:00+09:00,J5,782,729,1511
2019-02-13T16:15:00+09:00,J1,1235,1353,2588
2019-02-13T16:15:00+09:00,J2,896,782,1678
2019-02-13T16:15:00+09:00,J3,1251,929,2180
2019-02-13T16:15:00+09:00,J4,1045,1061,2106
2019-02-13T16:15:00+09:00,J5,765,842,1607
2019-02-13T16:30:00+09:00,J1,1227,1376,2603
2019-02-13T16:30:00+09:00,J2,769,788,1557
2019-02-13T16:30:00+09:00,J3,1339,1081,2420
2019-02-13T16:30:00+09:00,J4,1034,1055,2089
2019-02-13T16:30:00+09:00,J5,804,740,1544
2019-02-13T16:45:00+09:00,J1,1223,1463,2686
2019-02-13T16:45:00+09:00,J2,865,804,1669
2019-02-13T16:45:00+09:00,J3,1324,1118,2442
2019-02-13T16:45:00+09:00,J4,964,1055,2019
2019-02-13T16:45:00+09:00,J5,773,810,1583
2019-02-13T17:00:00+09:00,J1,1293,1423,2716
2019-02-13T17:00:00+09:00,J2,869,761,1630
2019-02-13T17:00:00+09:00,J3,1582,1131,2713
2019-02-13T17:00:00+09:00,J4,1114,1107,2221
2019-02-13T17:00:00+09:00,J5,799,788,1587
2019-02-13T17:15:00+09:00,J1,1279,1501,2780
2019-02-13T17:15:00+09:00,J2,963,830,1793
2019-02-13T17:15:00+09:00,J3,1716,1200,2916
2019-02-13T17:15:00+09:00,J4,1083,1053,2136
2019-02-13T17:15:00+09:00,J5,833,840,1673
2019-02-13T17:30:00+09:00,J1,1246,1450,2696
2019-02-13T17:30:00+09:00,J2,1066,890,1956
2019-02-13T17:30:00+09:00,J3,1748,1254,3002
2019-02-13T17:30:00+09:00,J4,1063,1092,2155
2019-02-13T17:30:00+09:00,J5,805,868,1673
2019-02-13T17:45:00+09:00,J1,1267,1487,2754
2019-02-13T17:45:00+09:00,J2,1040,918,1958
2019-02-13T17:45:00+09:00,J3,1738,1236,2974
2019-02-13T17:45:00+09:00,J4,1180,972,2152
2019-02-13T17:45:00+09:00,J5,748,896,1644
2019-02-13T18:00:00+09:00,J1,1264,1417,2681
2019-02-13T18:00:00+09:00,J2,935,1026,1961
2019-02-13T18:00:00+09:00,J3,1663,1321,2984
2019-02-13T18:00:00+09:00,J4,1177,1085,2262
2019-02-13T18:00:00+09:00,J5,743,852,1595
2019-02-13T18:15:00+09:00,J1,1403,1540,2943
2019-02-13T18:15:00+09:00,J2,1031,944,1975
2019-02-13T18:15:00+09:00,J3,1674,1386,3060
2019-02-13T18:15:00+09:00,J4,1230,1078,2308
2019-02-13T18:15:00+09:00,J5,788,895,1683
2019-02-13T18:30:00+09:00,J1,1255,1402,2657
2019-02-13T18:30:00+09:00,J2,1006,854,1860
2019-02-13T18:30:00+09:00,J3,1507,1242,2749
2019-02-13T18:30:00+09:00,J4,1145,1011,2156
2019-02-13T18:30:00+09:00,J5,816,895,1711
2019-02-13T18:45:00+09:00,J1,1217,1381,2598
2019-02-13T18:45:00+09:00,J2,920,853,1773
2019-02-13T18:45:00+09:00,J3,1353,1126,2479
2019-02-13T18:45:00+09:00,J4,1071,1039,2110
2019-02-13T18:45:00+09:00,J5,800,868,1668
2019-02-13T19:00:00+09:00,J1,1291,1411,2702
2019-02-13T19:00:00+09:00,J2,911,821,1732
2019-02-13T19:00:00+09:00,J3,1302,1112,2414
2019-02-13T19:00:00+09:00,J4,1170,1129,2299
2019-02-13T19:00:00+09:00,J5,775,856,1631
2019-02-13T19:15:00+09:00,J1,1251,1426,2677
2019-02-13T19:15:00+09:00,J2,841,920,1761
2019-02-13T19:15:00+09:00,J3,1470,1111,2581
2019-02-13T19:15:00+09:00,J4,1120,1110,2230
2019-02-13T19:15:00+09:00,J5,803,805,1608
2019-02-13T19:30:00+09:00,J1,1089,1362,2451
2019-02-13T19:30:00+09:00,J2,813,791,1604
2019-02-13T19:30:00+09:00,J3,1389,1171,2560
2019-02-13T19:30:00+09:00,J4,1095,1048,2143
2019-02-13T19:30:00+09:00,J5,765,810,1575
2019-02-13T19:45:00+09:00,J1,1103,1229,2332
2019-02-13T19:45:00+09:00,J2,879,877,1756
2019-02-13T19:45:00+09:00,J3,1381,1164,2545
2019-02-13T19:45:00+09:00,J4,1018,1040,2058
2019-02-13T19:45:00+09:00,J5,718,727,1445
2019-02-13T20:00:00+09:00,J1,1007,1199,2206
2019-02-13T20:00:00+09:00,J2,979,986,1965
2019-02-13T20:00:00+09:00,J3,1199,1048,2247
2019-02-13T20:00:00+09:00,J4,1073,1091,2164
2019-02-13T20:00:00+09:00,J5,673,721,1394
2019-02-13T20:15:00+09:00,J1,1025,1195,2220
2019-02-13T20:15:00+09:00,J2,845,778,1623
2019-02-13T20:15:00+09:00,J3,1270,1077,2347
2019-02-13T20:15:00+09:00,J4,1078,1131,2209
2019-02-13T20:15:00+09:00,J5,710,751,1461
2019-02-13T20:30:00+09:00,J1,973,1196,2169
2019-02-13T20:30:00+09:00,J2,933,949,1882
2019-02-13T20:30:00+09:00,J3,1283,1136,2419
2019-02-13T20:30:00+09:00,J4,1097,1030,2127
2019-02-13T20:30:00+09:00,J5,694,738,1432
2019-02-13T20:45:00+09:00,J1,970,1067,2037
2019-02-13T20:45:00+09:00,J2,922,984,1906
2019-02-13T20:45:00+09:00,J3,1210,1091,2301
2019-02-13T20:45:00+09:00,J4,1106,1128,2234
2019-02-13T20:45:00+09:00,J5,658,637,1295
2019-02-13T21:00:00+09:00,J1,1112,1195,2307
2019-02-13T21:00:00+09:00,J2,921,908,1829
2019-02-13T21:00:00+09:00,J3,1169,969,2138
2019-02-13T21:00:00+09:00,J4,1132,1078,2210
2019-02-13T21:00:00+09:00,J5,657,687,1344
2019-02-13T21:15:00+09:00,J1,1048,1242,2290
2019-02-13T21:15:00+09:00,J2,820,844,1664
2019-02-13T21:15:00+09:00,J3,1151,999,2150
2019-02-13T21:15:00+09:00,J4,1103,1108,2211
2019-02-13T21:15:00+09:00,J5,592,624,1216
2019-02-13T21:30:00+09:00,J1,1150,1307,2457
2019-02-13T21:30:00+09:00,J2,780,818,1598
2019-02-13T21:30:00+09:00,J3,1171,919,2090
2019-02-13T21:30:00+09:00,J4,1041,1135,2176
2019-02-13T21:30:00+09:00,J5,562,552,1114
2019-02-13T21:45:00+09:00,J1,1058,1143,2201
2019-02-13T21:45:00+09:00,J2,775,829,1604
2019-02-13T21:45:00+09:00,J3,1186,912,2098
2019-02-13T21:45:00+09:00,J4,1070,1191,2261
2019-02-13T21:45:00+09:00,J5,539,576,1115
2019-02-13T22:00:00+09:00,J1,1066,1204,2270
2019-02-13T22:00:00+09:00,J2,753,801,1554
2019-02-13T22:00:00+09:00,J3,1182,857,2039
2019-02-13T22:00:00+09:00,J4,1035,1079,2114
2019-02-13T22:00:00+09:00,J5,554,497,1051
2019-02-13T22:15:00+09:00,J1,1078,1229,2307
2019-02-13T22:15:00+09:00,J2,800,803,1603
2019-02-13T22:15:00+09:00,J3,1064,740,1804
2019-02-13T22:15:00+09:00,J4,941,1117,2058
2019-02-13T22:15:00+09:00,J5,486,489,975
2019-02-13T22:30:00+09:00,J1,1078,1249,2327
2019-02-13T22:30:00+09:00,J2,800,837,1637
2019-02-13T22:30:00+09:00,J3,1040,794,1834
2019-02-13T22:30:00+09:00,J4,893,977,1870
2019-02-13T22:30:00+09:00,J5,507,449,956
2019-02-13T22:45:00+09:00,J1,1165,1293,2458
2019-02-13T22:45:00+09:00,J2,806,900,1706
2019-02-13T22:45:00+09:00,J3,978,814,1792
2019-02-13T22:45:00+09:00,J4,1012,1051,2063
2019-02-13T22:45:00+09:00,J5,571,480,1051
2019-02-13T23:00:00+09:00,J1,1116,1222,2338
2019-02-13T23:00:00+09:00,J2,833,873,1706
2019-02-13T23:00:00+09:00,J3,955,647,1602
2019-02-13T23:00:00+09:00,J4,935,993,1928
2019-02-13T23:00:00+09:00,J5,550,520,1070
2019-02-13T23:15:00+09:00,J1,1076,1168,2244
2019-02-13T23:15:00+09:00,J2,777,781,1558
2019-02-13T23:15:00+09:00,J3,864,739,1603
2019-02-13T23:15:00+09:00,J4,934,1044,1978
2019-02-13T23:15:00+09:00,J5,517,509,1026
2019-02-13T23:30:00+09:00,J1,1055,1202,2257
2019-02-13T23:30:00+09:00,J2,731,826,1557
2019-02-13T23:30:00+09:00,J3,882,780,1662
2019-02-13T23:30:00+09:00,J4,846,959,1805
2019-02-13T23:30:00+09:00,J5,522,515,1037
2019-02-13T23:45:00+09:00,J1,1064,1255,2319
2019-02-13T23:45:00+09:00,J2,726,732,1458
2019-02-13T23:45:00+09:00,J3,869,690,1559
2019-02-13T23:45:00+09:00,J4,808,925,1733
2019-02-13T23:45:00+09:00,J5,515,489,1004
2019-02-14T00:00:00+09:00,J1,1028,1044,2072
2019-02-14T00:00:00+09:00,J2,726,755,1481
2019-02-14T00:00:00+09:00,J3,731,631,1362
2019-02-14T00:00:00+09:00,J4,888,1034,1922
2019-02-14T00:00:00+09:00,J5,502,480,982
2019-02-14T00:15:00+09:00,J1,776,824,1600
2019-02-14T00:15:00+09:00,J2,637,686,1323
2019-02-14T00:15:00+09:00,J3,736,629,1365
2019-02-14T00:15:00+09:00,J4,853,1028,1881
2019-02-14T00:15:00+09:00,J5,543,518,1061
2019-02-14T00:30:00+09:00,J1,831,780,1611
2019-02-14T00:30:00+09:00,J2,674,681,1355
2019-02-14T00:30:00+09:00,J3,814,718,1532
2019-02-14T00:30:00+09:00,J4,843,990,1833
2019-02-14T00:30:00+09:00,J5,535,530,1065
2019-02-14T00:45:00+09:00,J1,639,609,1248
2019-02-14T00:45:00+09:00,J2,645,647,1292
2019-02-14T00:45:00+09:00,J3,827,775,1602
2019-02-14T00:45:00+09:00,J4,891,1056,1947
2019-02-14T00:45:00+09:00,J5,555,470,1025
2019-02-14T05:45:00+09:00,J1,932,992,1924
2019-02-14T05:45:00+09:00,J2,676,671,1347
2019-02-14T05:45:00+09:00,J3,992,785,1777
2019-02-14T05:45:00+09:00,J4,800,897,1697
2019-02-14T05:45:00+09:00,J5,678,700,1378
2019-02-14T06:00:00+09:00,J1,1041,1026,2067
2019-02-14T06:00:00+09:00,J2,636,599,1235
2019-02-14T06:00:00+09:00,J3,1024,801,1825
2019-02-14T06:00:00+09:00,J4,779,859,1638
2019-02-14T06:00:00+09:00,J5,749,773,1522
2019-02-14T06:15:00+09:00,J1,1072,1046,2118
2019-02-14T06:15:00+09:00,J2,619,580,1199
2019-02-14T06:15:00+09:00,J3,994,794,1788
2019-02-14T06:15:00+09:00,J4,806,971,1777
2019-02-14T06:15:00+09:00,J5,796,771,1567
2019-02-14T06:30:00+09:00,J1,1033,1067,2100
2019-02-14T06:30:00+09:00,J2,539,560,1099
2019-02-14T06:30:00+09:00,J3,1025,834,1859
2019-02-14T06:30:00+09:00,J4,871,908,1779
2019-02-14T06:30:00+09:00,J5,818,818,1636
2019-02-14T06:45:00+09:00,J1,1080,1151,2231
2019-02-14T06:45:00+09:00,J2,801,736,1537
2019-02-14T06:45:00+09:00,J3,934,886,1820
2019-02-14T06:45:00+09:00,J4,964,977,1941
2019-02-14T06:45:00+09:00,J5,684,586,1270
2019-02-14T07:00:00+09:00,J1,1205,1333,2538
2019-02-14T07:00:00+09:00,J2,757,789,1546
2019-02-14T07:00:00+09:00,J3,936,885,1821
2019-02-14T07:00:00+09:00,J4,1008,1129,2137
2019-02-14T07:00:00+09:00,J5,636,548,1184
2019-02-14T07:15:00+09:00,J1,1187,1281,2468
2019-02-14T07:15:00+09:00,J2,863,792,1655
2019-02-14T07:15:00+09:00,J3,913,931,1844
2019-02-14T07:15:00+09:00,J4,928,1071,1999
2019-02-14T07:15:00+09:00,J5,669,603,1272
2019-02-14T07:30:00+09:00,J1,1207,1303,2510
2019-02-14T07:30:00+09:00,J2,914,773,1687
2019-02-14T07:30:00+09:00,J3,1266,1161,2427
2019-02-14T07:30:00+09:00,J4,1053,1215,2268
2019-02-14T07:30:00+09:00,J5,692,651,1343
2019-02-14T07:45:00+09:00,J1,1173,1274,2447
2019-02-14T07:45:00+09:00,J2,853,736,1589
2019-02-14T07:45:00+09:00,J3,1384,1181,2565
2019-02-14T07:45:00+09:00,J4,1162,1382,2544
2019-02-14T07:45:00+09:00,J5,814,758,1572
2019-02-14T08:00:00+09:00,J1,1332,1360,2692
2019-02-14T08:00:00+09:00,J2,1125,974,2099
2019-02-14T08:00:00+09:00,J3,1609,1308,2917
2019-02-14T08:00:00+09:00,J4,1310,1380,2690
2019-02-14T08:00:00+09:00,J5,781,735,1516
2019-02-14T08:15:00+09:00,J1,1378,1302,2680
2019-02-14T08:15:00+09:00,J2,1307,911,2218
2019-02-14T08:15:00+09:00,J3,1573,1433,3006
2019-02-14T08:15:00+09:00,J4,1257,1419,2676
2019-02-14T08:15:00+09:00,J5,812,810,1622
2019-02-14T08:30:00+09:00,J1,1460,1305,2765
2019-02-14T08:30:00+09:00,J2,1269,997,2266
2019-02-14T08:30:00+09:00,J3,1501,1434,2935
2019-02-14T08:30:00+09:00,J4,1121,1331,2452
2019-02-14T08:30:00+09:00,J5,818,847,1665
2019-02-14T08:45:00+09:00,J1,1410,1416,2826
2019-02-14T08:45:00+09:00,J2,1051,916,1967
2019-02-14T08:45:00+09:00,J3,1358,1323,2681
2019-02-14T08:45:00+09:00,J4,1126,1258,2384
2019-02-14T08:45:00+09:00,J5,715,711,1426
2019-02-14T09:00:00+09:00,J1,1338,1459,2797
2019-02-14T09:00:00+09:00,J2,1124,931,2055
2019-02-14T09:00:00+09:00,J3,1287,1142,2429
2019-02-14T09:00:00+09:00,J4,974,1130,2104
2019-02-14T09:00:00+09:00,J5,777,652,1429
2019-02-14T09:15:00+09:00,J1,1335,1446,2781
2019-02-14T09:15:00+09:00,J2,1038,715,1753
2019-02-14T09:15:00+09:00,J3,1144,1087,2231
2019-02-14T09:15:00+09:00,J4,1097,1278,2375
2019-02-14T09:15:00+09:00,J5,623,665,1288
2019-02-14T09:30:00+09:00,J1,1339,1405,2744
2019-02-14T09:30:00+09:00,J2,1059,834,1893
2019-02-14T09:30:00+09:00,J3,1070,1031,2101
2019-02-14T09:30:00+09:00,J4,1094,1122,2216
2019-02-14T09:30:00+09:00,J5,672,621,1293
2019-02-14T09:45:00+09:00,J1,1324,1381,2705
2019-02-14T09:45:00+09:00,J2,1001,957,1958
2019-02-14T09:45:00+09:00,J3,1101,1058,2159
2019-02-14T09:45:00+09:00,J4,1073,1113,2186
2019-02-14T09:45:00+09:00,J5,711,643,1354
2019-02-14T10:00:00+09:00,J1,1344,1394,2738
2019-02-14T10:00:00+09:00,J2,885,891,1776
2019-02-14T10:00:00+09:00,J3,1118,1017,2135
2019-02-14T10:00:00+09:00,J4,1025,1105,2130
2019-02-14T10:00:00+09:00,J5,635,660,1295
2019-02-14T10:15:00+09:00,J1,1329,1510,2839
2019-02-14T10:15:00+09:00,J2,884,847,1731
2019-02-14T10:15:00+09:00,J3,1138,986,2124
2019-02-14T10:15:00+09:00,J4,1052,1088,2140
2019-02-14T10:15:00+09:00,J5,577,622,1199
2019-02-14T10:30:00+09:00,J1,1350,1437,2787
2019-02-14T10:30:00+09:00,J2,888,840,1728
2019-02-14T10:30:00+09:00,J3,1122,1036,2158
2019-02-14T10:30:00+09:00,J4,1076,1099,2175
2019-02-14T10:30:00+09:00,J5,684,699,1383
2019-02-14T10:45:00+09:00,J1,1341,1430,2771
2019-02-14T10:45:00+09:00,J2,933,865,1798
2019-02-14T10:45:00+09:00,J3,1187,1076,2263
2019-02-14T10:45:00+09:00,J4,1079,1081,2160
2019-02-14T10:45:00+09:00,J5,689,647,1336
2019-02-14T11:00:00+09:00,J1,1403,1450,2853
2019-02-14T11:00:00+09:00,J2,907,741,1648
2019-02-14T11:00:00+09:00,J3,1156,1138,2294
2019-02-14T11:00:00+09:00,J4,1065,1157,2222
2019-02-14T11:00:00+09:00,J5,705,641,1346
2019-02-14T11:15:00+09:00,J1,1324,1345,2669
2019-02-14T11:15:00+09:00,J2,854,683,1537
2019-02-14T11:15:00+09:00,J3,1221,1112,2333
2019-02-14T11:15:00+09:00,J4,1106,1125,2231
2019-02-14T11:15:00+09:00,J5,606,683,1289
2019-02-14T11:30:00+09:00,J1,1242,1465,2707
2019-02-14T11:30:00+09:00,J2,741,677,1418
2019-02-14T11:30:00+09:00,J3,1129,1007,2136
2019-02-14T11:30:00+09:00,J4,1047,1171,2218
2019-02-14T11:30:00+09:00,J5,721,740,1461
2019-02-14T11:45:00+09:00,J1,1294,1402,2696
2019-02-14T11:45:00+09:00,J2,693,590,1283
2019-02-14T11:45:00+09:00,J3,1100,1040,2140
2019-02-14T11:45:00+09:00,J4,1052,1108,2160
2019-02-14T11:45:00+09:00,J5,720,685,1405
2019-02-14T12:00:00+09:00,J1,1280,1426,2706
2019-02-14T12:00:00+09:00,J2,765,694,1459
2019-02-14T12:00:00+09:00,J3,1236,1013,2249
2019-02-14T12:00:00+09:00,J4,1114,1171,2285
2019-02-14T12:00:00+09:00,J5,676,684,1360
2019-02-14T12:15:00+09:00,J1,1198,1440,2638
2019-02-14T12:15:00+09:00,J2,942,818,1760
2019-02-14T12:15:00+09:00,J3,1350,1057,2407
2019-02-14T12:15:00+09:00,J4,1079,1083,2162
2019-02-14T12:15:00+09:00,J5,752,755,1507
2019-02-14T12:30:00+09:00,J1,1210,1450,2660
2019-02-14T12:30:00+09:00,J2,960,807,1767
2019-02-14T12:30:00+09:00,J3,1280,1213,2493
2019-02-14T12:30:00+09:00,J4,1043,1034,2077
2019-02-14T12:30:00+09:00,J5,835,777,1612
2019-02-14T12:45:00+09:00,J1,1126,1416,2542
2019-02-14T12:45:00+09:00,J2,969,741,1710
2019-02-14T12:45:00+09:00,J3,1307,1207,2514
2019-02-14T12:45:00+09:00,J4,1022,1071,2093
2019-02-14T12:45:00+09:00,J5,800,829,1629
2019-02-14T13:00:00+09:00,J1,1220,1444,2664
2019-02-14T13:00:00+09:00,J2,890,773,1663
2019-02-14T13:00:00+09:00,J3,1336,1189,2525
2019-02-14T13:00:00+09:00,J4,1039,1025,2064
2019-02-14T13:00:00+09:00,J5,781,790,1571
2019-02-14T13:15:00+09:00,J1,1215,1371,2586
2019-02-14T13:15:00+09:00,J2,893,727,1620
2019-02-14T13:15:00+09:00,J3,1221,1010,2231
2019-02-14T13:15:00+09:00,J4,960,925,1885
2019-02-14T13:15:00+09:00,J5,765,770,1535
2019-02-14T13:30:00+09:00,J1,1167,1406,2573
2019-02-14T13:30:00+09:00,J2,823,786,1609
2019-02-14T13:30:00+09:00,J3,1356,1037,2393
2019-02-14T13:30:00+09:00,J4,1024,1004,2028
2019-02-14T13:30:00+09:00,J5,780,793,1573
2019-02-14T13:45:00+09:00,J1,1154,1387,2541
2019-02-14T13:45:00+09:00,J2,847,710,1557
2019-02-14T13:45:00+09:00,J3,1332,1064,2396
2019-02-14T13:45:00+09:00,J4,955,1035,1990
2019-02-14T13:45:00+09:00,J5,818,756,1574
2019-02-14T14:00:00+09:00,J1,1143,1444,2587
2019-02-14T14:00:00+09:00,J2,773,713,1486
2019-02-14T14:00:00+09:00,J3,1301,982,2283
2019-02-14T14:00:00+09:00,J4,1006,1000,2006
2019-02-14T14:00:00+09:00,J5,794,714,1508
2019-02-14T14:15:00+09:00,J1,1223,1450,2673
2019-02-14T14:15:00+09:00,J2,784,685,1469
2019-02-14T14:15:00+09:00,J3,1314,978,2292
2019-02-14T14:15:00+09:00,J4,1013,1080,2093
2019-02-14T14:15:00+09:00,J5,774,773,1547
2019-02-14T14:30:00+09:00,J1,1188,1417,2605
2019-02-14T14:30:00+09:00,J2,865,706,1571
2019-02-14T14:30:00+09:00,J3,1315,1000,2315
2019-02-14T14:30:00+09:00,J4,994,1038,2032
2019-02-14T14:30:00+09:00,J5,782,814,1596
2019-02-14T14:45:00+09:00,J1,1175,1453,2628
2019-02-14T14:45:00+09:00,J2,862,758,1620
2019-02-14T14:45:00+09:00,J3,1358,929,2287
2019-02-14T14:45:00+09:00,J4,924,1081,2005
2019-02-14T14:45:00+09:00,J5,740,764,1504
2019-02-14T15:00:00+09:00,J1,1205,1390,2595
2019-02-14T15:00:00+09:00,J2,871,732,1603
2019-02-14T15:00:00+09:00,J3,1336,958,2294
2019-02-14T15:00:00+09:00,J4,1013,1052,2065
2019-02-14T15:00:00+09:00,J5,750,746,1496
2019-02-14T15:15:00+09:00,J1,1219,1412,2631
2019-02-14T15:15:00+09:00,J2,855,769,1624
2019-02-14T15:15:00+09:00,J3,1250,1041,2291
2019-02-14T15:15:00+09:00,J4,1085,1053,2138
2019-02-14T15:15:00+09:00,J5,760,725,1485
2019-02-14T15:30:00+09:00,J1,1215,1424,2639
2019-02-14T15:30:00+09:00,J2,815,771,1586
2019-02-14T15:30:00+09:00,J3,1219,1035,2254
2019-02-14T15:30:00+09:00,J4,1057,1032,2089
2019-02-14T15:30:00+09:00,J5,746,717,1463
2019-02-14T15:45:00+09:00,J1,1169,1440,2609
2019-02-14T15:45:00+09:00,J2,756,736,1492
2019-02-14T15:45:00+09:00,J3,1229,973,2202
2019-02-14T15:45:00+09:00,J4,994,981,1975
2019-02-14T15:45:00+09:00,J5,798,718,1516
2019-02-14T16:00:00+09:00,J1,1147,1381,2528
2019-02-14T16:00:00+09:00,J2,781,692,1473
2019-02-14T16:00:00+09:00,J3,1327,918,2245
2019-02-14T16:00:00+09:00,J4,984,1009,1993
2019-02-14T16:00:00+09:00,J5,769,716,1485
2019-02-14T16:15:00+09:00,J1,1155,1410,2565
2019-02-14T16:15:00+09:00,J2,795,709,1504
2019-02-14T16:15:00+09:00,J3,1308,946,2254
2019-02-14T16:15:00+09:00,J4,1070,1072,2142
2019-02-14T16:15:00+09:00,J5,748,687,1435
2019-02-14T16:30:00+09:00,J1,1232,1434,2666
2019-02-14T16:30:00+09:00,J2,793,785,1578
2019-02-14T16:30:00+09:00,J3,1329,1039,2368
2019-02-14T16:30:00+09:00,J4,993,1054,2047
2019-02-14T16:30:00+09:00,J5,720,740,1460
2019-02-14T16:45:00+09:00,J1,1199,1389,2588
2019-02-14T16:45:00+09:00,J2,837,728,1565
2019-02-14T16:45:00+09:00,J3,1498,1096,2594
2019-02-14T16:45:00+09:00,J4,1051,1053,2104
2019-02-14T16:45:00+09:00,J5,756,764,1520
2019-02-14T17:00:00+09:00,J1,1253,1445,2698
2019-02-14T17:00:00+09:00,J2,915,800,1715
2019-02-14T17:00:00+09:00,J3,1462,1184,2646
2019-02-14T17:00:00+09:00,J4,1159,1116,2275
2019-02-14T17:00:00+09:00,J5,696,735,1431
2019-02-14T17:15:00+09:00,J1,1243,1448,2691
2019-02-14T17:15:00+09:00,J2,1006,913,1919
2019-02-14T17:15:00+09:00,J3,1586,1324,2910
2019-02-14T17:15:00+09:00,J4,1136,1109,2245
2019-02-14T17:15:00+09:00,J5,795,786,1581
2019-02-14T17:30:00+09:00,J1,1259,1528,2787
2019-02-14T17:30:00+09:00,J2,989,947,1936
2019-02-14T17:30:00+09:00,J3,1643,1326,2969
2019-02-14T17:30:00+09:00,J4,1099,1051,2150
2019-02-14T17:30:00+09:00,J5,718,768,1486
2019-02-14T17:45:00+09:00,J1,1227,1458,2685
2019-02-14T17:45:00+09:00,J2,1100,985,2085
2019-02-14T17:45:00+09:00,J3,1703,1273,2976
2019-02-14T17:45:00+09:00,J4,1119,1075,2194
2019-02-14T17:45:00+09:00,J5,763,845,1608
2019-02-14T18:00:00+09:00,J1,1285,1467,2752
2019-02-14T18:00:00+09:00,J2,1044,993,2037
2019-02-14T18:00:00+09:00,J3,1660,1337,2997
2019-02-14T18:00:00+09:00,J4,1234,1004,2238
2019-02-14T18:00:00+09:00,J5,755,872,1627
2019-02-14T18:15:00+09:00,J1,1228,1579,2807
2019-02-14T18:15:00+09:00,J2,1095,975,2070
2019-02-14T18:15:00+09:00,J3,1704,1378,3082
2019-02-14T18:15:00+09:00,J4,1252,1086,2338
2019-02-14T18:15:00+09:00,J5,784,920,1704
2019-02-14T18:30:00+09:00,J1,1246,1470,2716
2019-02-14T18:30:00+09:00,J2,1022,849,1871
2019-02-14T18:30:00+09:00,J3,1585,1358,2943
2019-02-14T18:30:00+09:00,J4,1086,1052,2138
2019-02-14T18:30:00+09:00,J5,727,892,1619
2019-02-14T18:45:00+09:00,J1,1280,1415,2695
2019-02-14T18:45:00+09:00,J2,946,909,1855
2019-02-14T18:45:00+09:00,J3,1468,1283,2751
2019-02-14T18:45:00+09:00,J4,1066,1137,2203
2019-02-14T18:45:00+09:00,J5,759,765,1524
2019-02-14T19:00:00+09:00,J1,1228,1472,2700
2019-02-14T19:00:00+09:00,J2,935,916,1851
2019-02-14T19:00:00+09:00,J3,1454,1319,2773
2019-02-14T19:00:00+09:00,J4,1121,1114,2235
2019-02-14T19:00:00+09:00,J5,744,847,1591
2019-02-14T19:15:00+09:00,J1,1242,1446,2688
2019-02-14T19:15:00+09:00,J2,860,929,1789
2019-02-14T19:15:00+09:00,J3,1452,1252,2704
2019-02-14T19:15:00+09:00,J4,1164,1106,2270
2019-02-14T19:15:00+09:00,J5,775,793,1568
2019-02-14T19:30:00+09:00,J1,1243,1453,2696
2019-02-14T19:30:00+09:00,J2,820,877,1697
2019-02-14T19:30:00+09:00,J3,1398,1170,2568
2019-02-14T19:30:00+09:00,J4,1147,1085,2232
2019-02-14T19:30:00+09:00,J5,747,809,1556
2019-02-14T19:45:00+09:00,J1,1259,1410,2669
2019-02-14T19:45:00+09:00,J2,809,832,1641
2019-02-14T19:45:00+09:00,J3,1174,1063,2237
2019-02-14T19:45:00+09:00,J4,1118,1144,2262
2019-02-14T19:45:00+09:00,J5,676,731,1407
2019-02-14T20:00:00+09:00,J1,1151,1378,2529
2019-02-14T20:00:00+09:00,J2,788,854,1642
2019-02-14T20:00:00+09:00,J3,1184,1062,2246
2019-02-14T20:00:00+09:00,J4,1163,1073,2236
2019-02-14T20:00:00+09:00,J5,685,698,1383
2019-02-14T20:15:00+09:00,J1,1210,1403,2613
2019-02-14T20:15:00+09:00,J2,833,812,1645
2019-02-14T20:15:00+09:00,J3,1335,1068,2403
2019-02-14T20:15:00+09:00,J4,1145,1075,2220
2019-02-14T20:15:00+09:00,J5,751,747,1498
2019-02-14T20:30:00+09:00,J1,1202,1404,2606
2019-02-14T20:30:00+09:00,J2,823,793,1616
2019-02-14T20:30:00+09:00,J3,1292,1036,2328
2019-02-14T20:30:00+09:00,J4,1153,1149,2302
2019-02-14T20:30:00+09:00,J5,671,725,1396
2019-02-14T20:45:00+09:00,J1,1233,1438,2671
2019-02-14T20:45:00+09:00,J2,834,820,1654
2019-02-14T20:45:00+09:00,J3,1279,954,2233
2019-02-14T20:45:00+09:00,J4,1163,1111,2274
2019-02-14T20:45:00+09:00,J5,682,733,1415
2019-02-14T21:00:00+09:00,J1,1122,1332,2454
2019-02-14T21:00:00+09:00,J2,934,834,1768
2019-02-14T21:00:00+09:00,J3,1080,827,1907
2019-02-14T21:00:00+09:00,J4,1219,1130,2349
2019-02-14T21:00:00+09:00,J5,646,645,1291
2019-02-14T21:15:00+09:00,J1,1091,1330,2421
2019-02-14T21:15:00+09:00,J2,897,799,1696
2019-02-14T21:15:00+09:00,J3,1126,996,2122
2019-02-14T21:15:00+09:00,J4,1113,1192,2305
2019-02-14T21:15:00+09:00,J5,617,690,1307
2019-02-14T21:30:00+09:00,J1,1083,1209,2292
2019-02-14T21:30:00+09:00,J2,917,889,1806
2019-02-14T21:30:00+09:00,J3,1117,966,2083
2019-02-14T21:30:00+09:00,J4,1039,1089,2128
2019-02-14T21:30:00+09:00,J5,587,615,1202
2019-02-14T21:45:00+09:00,J1,1052,1261,2313
2019-02-14T21:45:00+09:00,J2,682,792,1474
2019-02-14T21:45:00+09:00,J3,1140,1005,2145
2019-02-14T21:45:00+09:00,J4,1021,1151,2172
2019-02-14T21:45:00+09:00,J5,560,539,1099
2019-02-14T22:00:00+09:00,J1,1031,1301,2332
2019-02-14T22:00:00+09:00,J2,946,929,1875
2019-02-14T22:00:00+09:00,J3,1133,769,1902
2019-02-14T22:00:00+09:00,J4,960,1076,2036
2019-02-14T22:00:00+09:00,J5,506,495,1001
2019-02-14T22:15:00+09:00,J1,1036,1234,2270
2019-02-14T22:15:00+09:00,J2,799,819,1618
2019-02-14T22:15:00+09:00,J3,1061,773,1834
2019-02-14T22:15:00+09:00,J4,1077,1136,2213
2019-02-14T22:15:00+09:00,J5,521,513,1034
2019-02-14T22:30:00+09:00,J1,1080,1221,2301
2019-02-14T22:30:00+09:00,J2,831,799,1630
2019-02-14T22:30:00+09:00,J3,1075,766,1841
2019-02-14T22:30:00+09:00,J4,1026,1093,2119
2019-02-14T22:30:00+09:00,J5,503,481,984
2019-02-14T22:45:00+09:00,J1,1124,1236,2360
2019-02-14T22:45:00+09:00,J2,772,774,1546
2019-02-14T22:45:00+09:00,J3,1077,728,1805
2019-02-14T22:45:00+09:00,J4,1020,1050,2070
2019-02-14T22:45:00+09:00,J5,545,492,1037
2019-02-14T23:00:00+09:00,J1,1118,1211,2329
2019-02-14T23:00:00+09:00,J2,797,792,1589
2019-02-14T23:00:00+09:00,J3,1043,702,1745
2019-02-14T23:00:00+09:00,J4,970,1072,2042
2019-02-14T23:00:00+09:00,J5,500,509,1009
2019-02-14T23:15:00+09:00,J1,1070,1240,2310
2019-02-14T23:15:00+09:00,J2,832,703,1535
2019-02-14T23:15:00+09:00,J3,1009,679,1688
2019-02-14T23:15:00+09:00,J4,902,1036,1938
2019-02-14T23:15:00+09:00,J5,539,504,1043
2019-02-14T23:30:00+09:00,J1,1051,1226,2277
2019-02-14T23:30:00+09:00,J2,770,788,1558
2019-02-14T23:30:00+09:00,J3,918,623,1541
2019-02-14T23:30:00+09:00,J4,874,1000,1874
2019-02-14T23:30:00+09:00,J5,554,563,1117
2019-02-14T23:45:00+09:00,J1,1089,1218,2307
2019-02-14T23:45:00+09:00,J2,658,691,1349
2019-02-14T23:45:00+09:00,J3,966,648,1614
2019-02-14T23:45:00+09:00,J4,927,993,1920
2019-02-14T23:45:00+09:00,J5,582,590,1172
2019-02-15T00:00:00+09:00,J1,956,1046,2002
2019-02-15T00:00:00+09:00,J2,711,716,1427
2019-02-15T00:00:00+09:00,J3,881,542,1423
2019-02-15T00:00:00+09:00,J4,985,1047,2032
2019-02-15T00:00:00+09:00,J5,578,515,1093
2019-02-15T00:15:00+09:00,J1,756,817,1573
2019-02-15T00:15:00+09:00,J2,582,562,1144
2019-02-15T00:15:00+09:00,J3,590,495,1085
2019-02-15T00:15:00+09:00,J4,971,1022,1993
2019-02-15T00:15:00+09:00,J5,550,488,1038
2019-02-15T00:30:00+09:00,J1,530,597,1127
2019-02-15T00:30:00+09:00,J2,525,537,1062
2019-02-15T00:30:00+09:00,J3,523,455,978
2019-02-15T00:30:00+09:00,J4,896,923,1819
2019-02-15T00:30:00+09:00,J5,519,516,1035
2019-02-15T00:45:00+09:00,J1,645,655,1300
2019-02-15T00:45:00+09:00,J2,498,450,948
2019-02-15T00:45:00+09:00,J3,462,438,900
2019-02-15T00:45:00+09:00,J4,954,868,1822
2019-02-15T00:45:00+09:00,J5,552,506,1058
2019-02-15T05:45:00+09:00,J1,958,1015,1973
2019-02-15T05:45:00+09:00,J2,362,356,718
2019-02-15T05:45:00+09:00,J3,731,671,1402
2019-02-15T05:45:00+09:00,J4,768,957,1725
2019-02-15T05:45:00+09:00,J5,505,458,963
2019-02-15T06:00:00+09:00,J1,966,997,1963
2019-02-15T06:00:00+09:00,J2,401,364,765
2019-02-15T06:00:00+09:00,J3,634,671,1305
2019-02-15T06:00:00+09:00,J4,931,1081,2012
2019-02-15T06:00:00+09:00,J5,420,422,842
2019-02-15T06:15:00+09:00,J1,983,1141,2124
2019-02-15T06:15:00+09:00,J2,410,366,776
2019-02-15T06:15:00+09:00,J3,638,664,1302
2019-02-15T06:15:00+09:00,J4,841,1086,1927
2019-02-15T06:15:00+09:00,J5,509,464,973
2019-02-15T06:30:00+09:00,J1,1074,1033,2107
2019-02-15T06:30:00+09:00,J2,395,458,853
2019-02-15T06:30:00+09:00,J3,684,636,1320
2019-02-15T06:30:00+09:00,J4,945,997,1942
2019-02-15T06:30:00+09:00,J5,498,408,906
2019-02-15T06:45:00+09:00,J1,1000,1022,2022
2019-02-15T06:45:00+09:00,J2,448,489,937
2019-02-15T06:45:00+09:00,J3,785,675,1460
2019-02-15T06:45:00+09:00,J4,898,1103,2001
2019-02-15T06:45:00+09:00,J5,524,488,1012
2019-02-15T07:00:00+09:00,J1,1113,1172,2285
2019-02-15T07:00:00+09:00,J2,551,488,1039
2019-02-15T07:00:00+09:00,J3,787,645,1432
2019-02-15T07:00:00+09:00,J4,1053,1152,2205
2019-02-15T07:00:00+09:00,J5,534,450,984
2019-02-15T07:15:00+09:00,J1,1147,1153,2300
2019-02-15T07:15:00+09:00,J2,571,554,1125
2019-02-15T07:15:00+09:00,J3,961,728,1689
2019-02-15T07:15:00+09:00,J4,984,1120,2104
2019-02-15T07:15:00+09:00,J5,525,499,1024
2019-02-15T07:30:00+09:00,J1,1249,1202,2451
2019-02-15T07:30:00+09:00,J2,606,562,1168
2019-02-15T07:30:00+09:00,J3,1219,1057,2276
2019-02-15T07:30:00+09:00,J4,1161,1296,2457
2019-02-15T07:30:00+09:00,J5,665,667,1332
2019-02-15T07:45:00+09:00,J1,1269,1313,2582
2019-02-15T07:45:00+09:00,J2,591,557,1148
2019-02-15T07:45:00+09:00,J3,1334,1193,2527
2019-02-15T07:45:00+09:00,J4,1160,1353,2513
2019-02-15T07:45:00+09:00,J5,751,777,1528
2019-02-15T08:00:00+09:00,J1,1332,1372,2704
2019-02-15T08:00:00+09:00,J2,770,576,1346
2019-02-15T08:00:00+09:00,J3,1507,1263,2770
2019-02-15T08:00:00+09:00,J4,1164,1454,2618
2019-02-15T08:00:00+09:00,J5,788,862,1650
2019-02-15T08:15:00+09:00,J1,1434,1402,2836
2019-02-15T08:15:00+09:00,J2,785,617,1402
2019-02-15T08:15:00+09:00,J3,1513,1396,2909
2019-02-15T08:15:00+09:00,J4,1185,1436,2621
2019-02-15T08:15:00+09:00,J5,721,818,1539
2019-02-15T08:30:00+09:00,J1,1521,1402,2923
2019-02-15T08:30:00+09:00,J2,825,668,1493
2019-02-15T08:30:00+09:00,J3,1310,1448,2758
2019-02-15T08:30:00+09:00,J4,1167,1340,2507
2019-02-15T08:30:00+09:00,J5,721,703,1424
2019-02-15T08:45:00+09:00,J1,1463,1374,2837
2019-02-15T08:45:00+09:00,J2,739,534,1273
2019-02-15T08:45:00+09:00,J3,1229,1215,2444
2019-02-15T08:45:00+09:00,J4,1061,1287,2348
2019-02-15T08:45:00+09:00,J5,680,693,1373
2019-02-15T09:00:00+09:00,J1,1418,1381,2799
2019-02-15T09:00:00+09:00,J2,610,504,1114
2019-02-15T09:00:00+09:00,J3,1286,1114,2400
2019-02-15T09:00:00+09:00,J4,966,1144,2110
2019-02-15T09:00:00+09:00,J5,588,604,1192
2019-02-15T09:15:00+09:00,J1,1350,1399,2749
2019-02-15T09:15:00+09:00,J2,636,599,1235
2019-02-15T09:15:00+09:00,J3,984,954,1938
2019-02-15T09:15:00+09:00,J4,1004,1159,2163
2019-02-15T09:15:00+09:00,J5,608,565,1173
2019-02-15T09:30:00+09:00,J1,1339,1415,2754
2019-02-15T09:30:00+09:00,J2,762,624,1386
2019-02-15T09:30:00+09:00,J3,877,940,1817
2019-02-15T09:30:00+09:00,J4,1082,1156,2238
2019-02-15T09:30:00+09:00,J5,661,631,1292
2019-02-15T09:45:00+09:00,J1,1265,1383,2648
2019-02-15T09:45:00+09:00,J2,693,596,1289
2019-02-15T09:45:00+09:00,J3,974,928,1902
2019-02-15T09:45:00+09:00,J4,925,1071,1996
2019-02-15T09:45:00+09:00,J5,678,590,1268
2019-02-15T10:00:00+09:00,J1,1295,1302,2597
2019-02-15T10:00:00+09:00,J2,703,601,1304
2019-02-15T10:00:00+09:00,J3,945,967,1912
2019-02-15T10:00:00+09:00,J4,992,1073,2065
2019-02-15T10:00:00+09:00,J5,652,649,1301
2019-02-15T10:15:00+09:00,J1,1260,1260,2520
2019-02-15T10:15:00+09:00,J2,665,635,1300
2019-02-15T10:15:00+09:00,J3,948,890,1838
2019-02-15T10:15:00+09:00,J4,971,1096,2067
2019-02-15T10:15:00+09:00,J5,682,632,1314
2019-02-15T10:30:00+09:00,J1,1251,1260,2511
2019-02-15T10:30:00+09:00,J2,549,481,1030
2019-02-15T10:30:00+09:00,J3,1024,896,1920
2019-02-15T10:30:00+09:00,J4,1065,1055,2120
2019-02-15T10:30:00+09:00,J5,679,602,1281
2019-02-15T10:45:00+09:00,J1,1159,1272,2431
2019-02-15T10:45:00+09:00,J2,714,576,1290
2019-02-15T10:45:00+09:00,J3,1058,942,2000
2019-02-15T10:45:00+09:00,J4,1057,1196,2253
2019-02-15T10:45:00+09:00,J5,678,629,1307
2019-02-15T11:00:00+09:00,J1,1276,1355,2631
2019-02-15T11:00:00+09:00,J2,673,592,1265
2019-02-15T11:00:00+09:00,J3,1205,967,2172
2019-02-15T11:00:00+09:00,J4,1177,1201,2378
2019-02-15T11:00:00+09:00,J5,696,647,1343
2019-02-15T11:15:00+09:00,J1,1240,1299,2539
2019-02-15T11:15:00+09:00,J2,618,555,1173
2019-02-15T11:15:00+09:00,J3,1317,1113,2430
2019-02-15T11:15:00+09:00,J4,1057,1116,2173
2019-02-15T11:15:00+09:00,J5,693,660,1353
2019-02-15T11:30:00+09:00,J1,1248,1470,2718
2019-02-15T11:30:00+09:00,J2,732,539,1271
2019-02-15T11:30:00+09:00,J3,1355,1203,2558
2019-02-15T11:30:00+09:00,J4,1220,1161,2381
2019-02-15T11:30:00+09:00,J5,714,753,1467
2019-02-15T11:45:00+09:00,J1,1258,1375,2633
2019-02-15T11:45:00+09:00,J2,726,541,1267
2019-02-15T11:45:00+09:00,J3,1317,1204,2521
2019-02-15T11:45:00+09:00,J4,1076,1134,2210
2019-02-15T11:45:00+09:00,J5,648,693,1341
2019-02-15T12:00:00+09:00,J1,1223,1445,2668
2019-02-15T12:00:00+09:00,J2,606,545,1151
2019-02-15T12:00:00+09:00,J3,1362,1307,2669
2019-02-15T12:00:00+09:00,J4,1094,1125,2219
2019-02-15T12:00:00+09:00,J5,728,740,1468
2019-02-15T12:15:00+09:00,J1,1184,1311,2495
2019-02-15T12:15:00+09:00,J2,652,546,1198
2019-02-15T12:15:00+09:00,J3,1310,1082,2392
2019-02-15T12:15:00+09:00,J4,1191,1227,2418
2019-02-15T12:15:00+09:00,J5,712,675,1387
2019-02-15T12:30:00+09:00,J1,1206,1397,2603
2019-02-15T12:30:00+09:00,J2,607,583,1190
2019-02-15T12:30:00+09:00,J3,1110,973,2083
2019-02-15T12:30:00+09:00,J4,1115,1200,2315
2019-02-15T12:30:00+09:00,J5,686,670,1356
2019-02-15T12:45:00+09:00,J1,1198,1347,2545
2019-02-15T12:45:00+09:00,J2,624,584,1208
2019-02-15T12:45:00+09:00,J3,1074,904,1978
2019-02-15T12:45:00+09:00,J4,974,1003,1977
2019-02-15T12:45:00+09:00,J5,758,763,1521
2019-02-15T13:00:00+09:00,J1,1142,1428,2570
2019-02-15T13:00:00+09:00,J2,667,579,1246
2019-02-15T13:00:00+09:00,J3,987,926,1913
2019-02-15T13:00:00+09:00,J4,986,1043,2029
2019-02-15T13:00:00+09:00,J5,763,750,1513
2019-02-15T13:15:00+09:00,J1,1177,1438,2615
2019-02-15T13:15:00+09:00,J2,595,521,1116
2019-02-15T13:15:00+09:00,J3,913,1034,1947
2019-02-15T13:15:00+09:00,J4,988,1077,2065
2019-02-15T13:15:00+09:00,J5,753,788,1541
2019-02-15T13:30:00+09:00,J1,1109,1384,2493
2019-02-15T13:30:00+09:00,J2,660,506,1166
2019-02-15T13:30:00+09:00,J3,930,969,1899
2019-02-15T13:30:00+09:00,J4,964,990,1954
2019-02-15T13:30:00+09:00,J5,757,829,1586
2019-02-15T13:45:00+09:00,J1,1130,1371,2501
2019-02-15T13:45:00+09:00,J2,573,513,1086
2019-02-15T13:45:00+09:00,J3,1063,1066,2129
2019-02-15T13:45:00+09:00,J4,917,946,1863
2019-02-15T13:45:00+09:00,J5,715,749,1464
2019-02-15T14:00:00+09:00,J1,1151,1376,2527
2019-02-15T14:00:00+09:00,J2,655,534,1189
2019-02-15T14:00:00+09:00,J3,960,1053,2013
2019-02-15T14:00:00+09:00,J4,994,950,1944
2019-02-15T14:00:00+09:00,J5,770,726,1496
2019-02-15T14:15:00+09:00,J1,1181,1388,2569
2019-02-15T14:15:00+09:00,J2,667,557,1224
2019-02-15T14:15:00+09:00,J3,1069,1073,2142
2019-02-15T14:15:00+09:00,J4,1004,1065,2069
2019-02-15T14:15:00+09:00,J5,758,743,1501
2019-02-15T14:30:00+09:00,J1,1195,1396,2591
2019-02-15T14:30:00+09:00,J2,698,564,1262
2019-02-15T14:30:00+09:00,J3,1096,1055,2151
2019-02-15T14:30:00+09:00,J4,945,1054,1999
2019-02-15T14:30:00+09:00,J5,748,710,1458
2019-02-15T14:45:00+09:00,J1,1110,1366,2476
2019-02-15T14:45:00+09:00,J2,525,589,1114
2019-02-15T14:45:00+09:00,J3,1056,976,2032
2019-02-15T14:45:00+09:00,J4,976,987,1963
2019-02-15T14:45:00+09:00,J5,778,775,1553
2019-02-15T15:00:00+09:00,J1,1178,1357,2535
2019-02-15T15:00:00+09:00,J2,571,599,1170
2019-02-15T15:00:00+09:00,J3,1044,916,1960
2019-02-15T15:00:00+09:00,J4,1052,997,2049
2019-02-15T15:00:00+09:00,J5,744,779,1523
2019-02-15T15:15:00+09:00,J1,1145,1434,2579
2019-02-15T15:15:00+09:00,J2,577,570,1147
2019-02-15T15:15:00+09:00,J3,973,867,1840
2019-02-15T15:15:00+09:00,J4,1015,1016,2031
2019-02-15T15:15:00+09:00,J5,800,726,1526
2019-02-15T15:30:00+09:00,J1,1150,1413,2563
2019-02-15T15:30:00+09:00,J2,608,616,1224
2019-02-15T15:30:00+09:00,J3,865,884,1749
2019-02-15T15:30:00+09:00,J4,1001,1029,2030
2019-02-15T15:30:00+09:00,J5,802,748,1550
2019-02-15T15:45:00+09:00,J1,1181,1451,2632
2019-02-15T15:45:00+09:00,J2,662,507,1169
2019-02-15T15:45:00+09:00,J3,1042,1057,2099
2019-02-15T15:45:00+09:00,J4,1090,981,2071
2019-02-15T15:45:00+09:00,J5,723,703,1426
2019-02-15T16:00:00+09:00,J1,1148,1376,2524
2019-02-15T16:00:00+09:00,J2,596,500,1096
2019-02-15T16:00:00+09:00,J3,1091,1099,2190
2019-02-15T16:00:00+09:00,J4,1018,1048,2066
2019-02-15T16:00:00+09:00,J5,765,734,1499
2019-02-15T16:15:00+09:00,J1,1213,1375,2588
2019-02-15T16:15:00+09:00,J2,644,548,1192
2019-02-15T16:15:00+09:00,J3,1086,1011,2097
2019-02-15T16:15:00+09:00,J4,1062,1018,2080
2019-02-15T16:15:00+09:00,J5,787,743,1530
2019-02-15T16:30:00+09:00,J1,1190,1366,2556
2019-02-15T16:30:00+09:00,J2,614,577,1191
2019-02-15T16:30:00+09:00,J3,1237,1083,2320
2019-02-15T16:30:00+09:00,J4,1097,1040,2137
2019-02-15T16:30:00+09:00,J5,750,698,1448
2019-02-15T16:45:00+09:00,J1,1135,1389,2524
2019-02-15T16:45:00+09:00,J2,652,554,1206
2019-02-15T16:45:00+09:00,J3,1318,1010,2328
2019-02-15T16:45:00+09:00,J4,1026,1031,2057
2019-02-15T16:45:00+09:00,J5,741,674,1415
2019-02-15T17:00:00+09:00,J1,1201,1398,2599
2019-02-15T17:00:00+09:00,J2,773,619,1392
2019-02-15T17:00:00+09:00,J3,1381,1223,2604
2019-02-15T17:00:00+09:00,J4,1033,1014,2047
2019-02-15T17:00:00+09:00,J5,730,672,1402
2019-02-15T17:15:00+09:00,J1,1276,1503,2779
2019-02-15T17:15:00+09:00,J2,847,634,1481
2019-02-15T17:15:00+09:00,J3,1527,1282,2809
2019-02-15T17:15:00+09:00,J4,1033,992,2025
2019-02-15T17:15:00+09:00,J5,747,787,1534
2019-02-15T17:30:00+09:00,J1,1262,1486,2748
2019-02-15T17:30:00+09:00,J2,795,663,1458
2019-02-15T17:30:00+09:00,J3,1572,1286,2858
2019-02-15T17:30:00+09:00,J4,1032,984,2016
2019-02-15T17:30:00+09:00,J5,745,752,1497
2019-02-15T17:45:00+09:00,J1,1302,1504,2806
2019-02-15T17:45:00+09:00,J2,760,687,1447
2019-02-15T17:45:00+09:00,J3,1605,1369,2974
2019-02-15T17:45:00+09:00,J4,1108,911,2019
2019-02-15T17:45:00+09:00,J5,690,803,1493
2019-02-15T18:00:00+09:00,J1,1351,1561,2912
2019-02-15T18:00:00+09:00,J2,721,696,1417
2019-02-15T18:00:00+09:00,J3,1525,1289,2814
2019-02-15T18:00:00+09:00,J4,1055,834,1889
2019-02-15T18:00:00+09:00,J5,844,773,1617
2019-02-15T18:15:00+09:00,J1,1346,1530,2876
2019-02-15T18:15:00+09:00,J2,709,643,1352
2019-02-15T18:15:00+09:00,J3,1508,1205,2713
2019-02-15T18:15:00+09:00,J4,1046,890,1936
2019-02-15T18:15:00+09:00,J5,811,790,1601
2019-02-15T18:30:00+09:00,J1,1294,1442,2736
2019-02-15T18:30:00+09:00,J2,832,648,1480
2019-02-15T18:30:00+09:00,J3,1420,1054,2474
2019-02-15T18:30:00+09:00,J4,1119,1034,2153
2019-02-15T18:30:00+09:00,J5,844,759,1603
2019-02-15T18:45:00+09:00,J1,1184,1464,2648
2019-02-15T18:45:00+09:00,J2,881,661,1542
2019-02-15T18:45:00+09:00,J3,1421,1142,2563
2019-02-15T18:45:00+09:00,J4,1114,984,2098
2019-02-15T18:45:00+09:00,J5,731,730,1461
2019-02-15T19:00:00+09:00,J1,1228,1276,2504
2019-02-15T19:00:00+09:00,J2,662,686,1348
2019-02-15T19:00:00+09:00,J3,1396,1140,2536
2019-02-15T19:00:00+09:00,J4,1168,986,2154
2019-02-15T19:00:00+09:00,J5,754,820,1574
2019-02-15T19:15:00+09:00,J1,1178,1447,2625
2019-02-15T19:15:00+09:00,J2,634,548,1182
2019-02-15T19:15:00+09:00,J3,1256,1103,2359
2019-02-15T19:15:00+09:00,J4,1125,1008,2133
2019-02-15T19:15:00+09:00,J5,825,819,1644
2019-02-15T19:30:00+09:00,J1,1180,1385,2565
2019-02-15T19:30:00+09:00,J2,631,515,1146
2019-02-15T19:30:00+09:00,J3,1289,1071,2360
2019-02-15T19:30:00+09:00,J4,947,927,1874
2019-02-15T19:30:00+09:00,J5,774,803,1577
2019-02-15T19:45:00+09:00,J1,1134,1399,2533
2019-02-15T19:45:00+09:00,J2,675,501,1176
2019-02-15T19:45:00+09:00,J3,1177,979,2156
2019-02-15T19:45:00+09:00,J4,1024,911,1935
2019-02-15T19:45:00+09:00,J5,747,722,1469
2019-02-15T20:00:00+09:00,J1,1130,1377,2507
2019-02-15T20:00:00+09:00,J2,705,530,1235
2019-02-15T20:00:00+09:00,J3,1099,985,2084
2019-02-15T20:00:00+09:00,J4,923,907,1830
2019-02-15T20:00:00+09:00,J5,720,715,1435
2019-02-15T20:15:00+09:00,J1,1188,1336,2524
2019-02-15T20:15:00+09:00,J2,678,455,1133
2019-02-15T20:15:00+09:00,J3,1138,922,2060
2019-02-15T20:15:00+09:00,J4,969,906,1875
2019-02-15T20:15:00+09:00,J5,724,743,1467
2019-02-15T20:30:00+09:00,J1,1045,1289,2334
2019-02-15T20:30:00+09:00,J2,564,548,1112
2019-02-15T20:30:00+09:00,J3,1156,915,2071
2019-02-15T20:30:00+09:00,J4,952,908,1860
2019-02-15T20:30:00+09:00,J5,684,675,1359
2019-02-15T20:45:00+09:00,J1,1097,1275,2372
2019-02-15T20:45:00+09:00,J2,569,657,1226
2019-02-15T20:45:00+09:00,J3,1299,1029,2328
2019-02-15T20:45:00+09:00,J4,992,953,1945
2019-02-15T20:45:00+09:00,J5,717,695,1412
2019-02-15T21:00:00+09:00,J1,1089,1356,2445
2019-02-15T21:00:00+09:00,J2,634,639,1273
2019-02-15T21:00:00+09:00,J3,1163,890,2053
2019-02-15T21:00:00+09:00,J4,929,922,1851
2019-02-15T21:00:00+09:00,J5,690,703,1393
2019-02-15T21:15:00+09:00,J1,1056,1318,2374
2019-02-15T21:15:00+09:00,J2,789,627,1416
2019-02-15T21:15:00+09:00,J3,1126,800,1926
2019-02-15T21:15:00+09:00,J4,872,906,1778
2019-02-15T21:15:00+09:00,J5,692,709,1401
2019-02-15T21:30:00+09:00,J1,1059,1295,2354
2019-02-15T21:30:00+09:00,J2,761,609,1370
2019-02-15T21:30:00+09:00,J3,999,802,1801
2019-02-15T21:30:00+09:00,J4,892,818,1710
2019-02-15T21:30:00+09:00,J5,656,635,1291
2019-02-15T21:45:00+09:00,J1,1029,1195,2224
2019-02-15T21:45:00+09:00,J2,632,590,1222
2019-02-15T21:45:00+09:00,J3,946,794,1740
2019-02-15T21:45:00+09:00,J4,786,877,1663
2019-02-15T21:45:00+09:00,J5,633,639,1272
2019-02-15T22:00:00+09:00,J1,1038,1286,2324
2019-02-15T22:00:00+09:00,J2,616,541,1157
2019-02-15T22:00:00+09:00,J3,977,811,1788
2019-02-15T22:00:00+09:00,J4,870,958,1828
2019-02-15T22:00:00+09:00,J5,664,542,1206
2019-02-15T22:15:00+09:00,J1,1077,1258,2335
2019-02-15T22:15:00+09:00,J2,606,537,1143
2019-02-15T22:15:00+09:00,J3,991,905,1896
2019-02-15T22:15:00+09:00,J4,768,982,1750
2019-02-15T22:15:00+09:00,J5,622,580,1202
2019-02-15T22:30:00+09:00,J1,1075,1270,2345
2019-02-15T22:30:00+09:00,J2,572,587,1159
2019-02-15T22:30:00+09:00,J3,1024,939,1963
2019-02-15T22:30:00+09:00,J4,882,920,1802
2019-02-15T22:30:00+09:00,J5,643,583,1226
2019-02-15T22:45:00+09:00,J1,944,1180,2124
2019-02-15T22:45:00+09:00,J2,586,593,1179
2019-02-15T22:45:00+09:00,J3,1105,955,2060
2019-02-15T22:45:00+09:00,J4,899,913,1812
2019-02-15T22:45:00+09:00,J5,561,542,1103
2019-02-15T23:00:00+09:00,J1,1052,1194,2246
2019-02-15T23:00:00+09:00,J2,590,616,1206
2019-02-15T23:00:00+09:00,J3,1107,1006,2113
2019-02-15T23:00:00+09:00,J4,915,903,1818
2019-02-15T23:00:00+09:00,J5,596,522,1118
2019-02-15T23:15:00+09:00,J1,1026,1159,2185
2019-02-15T23:15:00+09:00,J2,524,598,1122
2019-02-15T23:15:00+09:00,J3,1053,954,2007
2019-02-15T23:15:00+09:00,J4,810,849,1659
2019-02-15T23:15:00+09:00,J5,596,546,1142
2019-02-15T23:30:00+09:00,J1,1005,1126,2131
2019-02-15T23:30:00+09:00,J2,543,584,1127
2019-02-15T23:30:00+09:00,J3,1115,1119,2234
2019-02-15T23:30:00+09:00,J4,816,912,1728
2019-02-15T23:30:00+09:00,J5,590,529,1119
2019-02-15T23:45:00+09:00,J1,943,1185,2128
2019-02-15T23:45:00+09:00,J2,554,620,1174
2019-02-15T23:45:00+09:00,J3,1060,938,1998
2019-02-15T23:45:00+09:00,J4,692,867,1559
2019-02-15T23:45:00+09:00,J5,552,541,1093
2019-02-16T00:00:00+09:00,J1,929,971,1900
2019-02-16T00:00:00+09:00,J2,488,565,1053
2019-02-16T00:00:00+09:00,J3,1066,798,1864
2019-02-16T00:00:00+09:00,J4,720,796,1516
2019-02-16T00:00:00+09:00,J5,604,539,1143
2019-02-16T00:15:00+09:00,J1,740,733,1473
2019-02-16T00:15:00+09:00,J2,389,444,833
2019-02-16T00:15:00+09:00,J3,887,634,1521
2019-02-16T00:15:00+09:00,J4,494,572,1066
2019-02-16T00:15:00+09:00,J5,460,501,961
2019-02-16T00:30:00+09:00,J1,730,729,1459
2019-02-16T00:30:00+09:00,J2,456,464,920
2019-02-16T00:30:00+09:00,J3,762,549,1311
2019-02-16T00:30:00+09:00,J4,480,536,1016
2019-02-16T00:30:00+09:00,J5,452,451,903
2019-02-16T00:45:00+09:00,J1,665,714,1379
2019-02-16T00:45:00+09:00,J2,386,438,824
2019-02-16T00:45:00+09:00,J3,867,598,1465
2019-02-16T00:45:00+09:00,J4,533,630,1163
2019-02-16T00:45:00+09:00,J5,425,418,843
2019-02-16T05:45:00+09:00,J1,947,975,1922
2019-02-16T05:45:00+09:00,J2,345,388,733
2019-02-16T05:45:00+09:00,J3,594,638,1232
2019-02-16T05:45:00+09:00,J4,795,790,1585
2019-02-16T05:45:00+09:00,J5,415,442,857
2019-02-16T06:00:00+09:00,J1,857,865,1722
2019-02-16T06:00:00+09:00,J2,439,441,880
2019-02-16T06:00:00+09:00,J3,651,711,1362
2019-02-16T06:00:00+09:00,J4,821,896,1717
2019-02-16T06:00:00+09:00,J5,406,403,809
2019-02-16T06:15:00+09:00,J1,902,969,1871
2019-02-16T06:15:00+09:00,J2,434,452,886
2019-02-16T06:15:00+09:00,J3,723,740,1463
2019-02-16T06:15:00+09:00,J4,800,806,1606
2019-02-16T06:15:00+09:00,J5,472,401,873
2019-02-16T06:30:00+09:00,J1,986,1016,2002
2019-02-16T06:30:00+09:00,J2,438,474,912
2019-02-16T06:30:00+09:00,J3,1073,825,1898
2019-02-16T06:30:00+09:00,J4,833,894,1727
2019-02-16T06:30:00+09:00,J5,431,456,887
2019-02-16T06:45:00+09:00,J1,1008,1062,2070
2019-02-16T06:45:00+09:00,J2,438,425,863
2019-02-16T06:45:00+09:00,J3,1029,816,1845
2019-02-16T06:45:00+09:00,J4,825,851,1676
2019-02-16T06:45:00+09:00,J5,453,430,883
2019-02-16T07:00:00+09:00,J1,1107,1141,2248
2019-02-16T07:00:00+09:00,J2,614,564,1178
2019-02-16T07:00:00+09:00,J3,852,673,1525
2019-02-16T07:00:00+09:00,J4,904,879,1783
2019-02-16T07:00:00+09:00,J5,506,427,933
2019-02-16T07:15:00+09:00,J1,1085,1181,2266
2019-02-16T07:15:00+09:00,J2,559,568,1127
2019-02-16T07:15:00+09:00,J3,946,785,1731
2019-02-16T07:15:00+09:00,J4,938,949,1887
2019-02-16T07:15:00+09:00,J5,513,490,1003
2019-02-16T07:30:00+09:00,J1,1086,1129,2215
2019-02-16T07:30:00+09:00,J2,472,503,975
2019-02-16T07:30:00+09:00,J3,734,804,1538
2019-02-16T07:30:00+09:00,J4,946,963,1909
2019-02-16T07:30:00+09:00,J5,497,429,926
2019-02-16T07:45:00+09:00,J1,1087,1101,2188
2019-02-16T07:45:00+09:00,J2,477,529,1006
2019-02-16T07:45:00+09:00,J3,811,824,1635
2019-02-16T07:45:00+09:00,J4,796,941,1737
2019-02-16T07:45:00+09:00,J5,503,450,953
2019-02-16T08:00:00+09:00,J1,1163,1290,2453
2019-02-16T08:00:00+09:00,J2,562,599,1161
2019-02-16T08:00:00+09:00,J3,1217,1024,2241
2019-02-16T08:00:00+09:00,J4,955,1021,1976
2019-02-16T08:00:00+09:00,J5,618,625,1243
2019-02-16T08:15:00+09:00,J1,1234,1367,2601
2019-02-16T08:15:00+09:00,J2,606,616,1222
2019-02-16T08:15:00+09:00,J3,1270,1134,2404
2019-02-16T08:15:00+09:00,J4,1047,1077,2124
2019-02-16T08:15:00+09:00,J5,735,689,1424
2019-02-16T08:30:00+09:00,J1,1294,1327,2621
2019-02-16T08:30:00+09:00,J2,695,578,1273
2019-02-16T08:30:00+09:00,J3,1256,1168,2424
2019-02-16T08:30:00+09:00,J4,1125,1137,2262
2019-02-16T08:30:00+09:00,J5,764,729,1493
2019-02-16T08:45:00+09:00,J1,1168,1365,2533
2019-02-16T08:45:00+09:00,J2,654,590,1244
2019-02-16T08:45:00+09:00,J3,1294,1172,2466
2019-02-16T08:45:00+09:00,J4,1092,1076,2168
2019-02-16T08:45:00+09:00,J5,716,723,1439
2019-02-16T09:00:00+09:00,J1,1263,1281,2544
2019-02-16T09:00:00+09:00,J2,798,719,1517
2019-02-16T09:00:00+09:00,J3,876,875,1751
2019-02-16T09:00:00+09:00,J4,967,1009,1976
2019-02-16T09:00:00+09:00,J5,577,589,1166
2019-02-16T09:15:00+09:00,J1,1231,1255,2486
2019-02-16T09:15:00+09:00,J2,679,641,1320
2019-02-16T09:15:00+09:00,J3,1043,1042,2085
2019-02-16T09:15:00+09:00,J4,946,952,1898
2019-02-16T09:15:00+09:00,J5,606,623,1229
2019-02-16T09:30:00+09:00,J1,1226,1263,2489
2019-02-16T09:30:00+09:00,J2,627,717,1344
2019-02-16T09:30:00+09:00,J3,1255,1141,2396
2019-02-16T09:30:00+09:00,J4,972,985,1957
2019-02-16T09:30:00+09:00,J5,712,620,1332
2019-02-16T09:45:00+09:00,J1,1211,1316,2527
2019-02-16T09:45:00+09:00,J2,741,668,1409
2019-02-16T09:45:00+09:00,J3,1215,1127,2342
2019-02-16T09:45:00+09:00,J4,949,957,1906
2019-02-16T09:45:00+09:00,J5,674,668,1342
2019-02-16T10:00:00+09:00,J1,1224,1363,2587
2019-02-16T10:00:00+09:00,J2,747,658,1405
2019-02-16T10:00:00+09:00,J3,1204,1164,2368
2019-02-16T10:00:00+09:00,J4,967,1007,1974
2019-02-16T10:00:00+09:00,J5,649,655,1304
2019-02-16T10:15:00+09:00,J1,1155,1341,2496
2019-02-16T10:15:00+09:00,J2,789,685,1474
2019-02-16T10:15:00+09:00,J3,1127,1114,2241
2019-02-16T10:15:00+09:00,J4,982,1014,1996
2019-02-16T10:15:00+09:00,J5,674,709,1383
2019-02-16T10:30:00+09:00,J1,1206,1268,2474
2019-02-16T10:30:00+09:00,J2,672,802,1474
2019-02-16T10:30:00+09:00,J3,1163,1121,2284
2019-02-16T10:30:00+09:00,J4,980,986,1966
2019-02-16T10:30:00+09:00,J5,677,629,1306
2019-02-16T10:45:00+09:00,J1,1171,1331,2502
2019-02-16T10:45:00+09:00,J2,712,823,1535
2019-02-16T10:45:00+09:00,J3,1182,1178,2360
2019-02-16T10:45:00+09:00,J4,974,997,1971
2019-02-16T10:45:00+09:00,J5,758,712,1470
2019-02-16T11:00:00+09:00,J1,1121,1305,2426
2019-02-16T11:00:00+09:00,J2,766,681,1447
2019-02-16T11:00:00+09:00,J3,1269,1134,2403
2019-02-16T11:00:00+09:00,J4,971,1004,1975
2019-02-16T11:00:00+09:00,J5,653,669,1322
2019-02-16T11:15:00+09:00,J1,1237,1431,2668
2019-02-16T11:15:00+09:00,J2,631,539,1170
2019-02-16T11:15:00+09:00,J3,1316,1188,2504
2019-02-16T11:15:00+09:00,J4,964,970,1934
2019-02-16T11:15:00+09:00,J5,734,758,1492
2019-02-16T11:30:00+09:00,J1,1315,1491,2806
2019-02-16T11:30:00+09:00,J2,557,556,1113
2019-02-16T11:30:00+09:00,J3,1272,1199,2471
2019-02-16T11:30:00+09:00,J4,934,882,1816
2019-02-16T11:30:00+09:00,J5,725,716,1441
2019-02-16T11:45:00+09:00,J1,1181,1387,2568
2019-02-16T11:45:00+09:00,J2,709,625,1334
2019-02-16T11:45:00+09:00,J3,1358,1167,2525
2019-02-16T11:45:00+09:00,J4,906,936,1842
2019-02-16T11:45:00+09:00,J5,739,665,1404
2019-02-16T12:00:00+09:00,J1,1184,1490,2674
2019-02-16T12:00:00+09:00,J2,833,698,1531
2019-02-16T12:00:00+09:00,J3,1387,1198,2585
2019-02-16T12:00:00+09:00,J4,1075,1108,2183
2019-02-16T12:00:00+09:00,J5,725,698,1423
2019-02-16T12:15:00+09:00,J1,1221,1426,2647
2019-02-16T12:15:00+09:00,J2,749,639,1388
2019-02-16T12:15:00+09:00,J3,1266,1099,2365
2019-02-16T12:15:00+09:00,J4,1082,1056,2138
2019-02-16T12:15:00+09:00,J5,675,720,1395
2019-02-16T12:30:00+09:00,J1,1166,1365,2531
2019-02-16T12:30:00+09:00,J2,736,595,1331
2019-02-16T12:30:00+09:00,J3,1113,1000,2113
2019-02-16T12:30:00+09:00,J4,1039,1011,2050
2019-02-16T12:30:00+09:00,J5,611,658,1269
2019-02-16T12:45:00+09:00,J1,1185,1420,2605
2019-02-16T12:45:00+09:00,J2,731,589,1320
2019-02-16T12:45:00+09:00,J3,1187,1159,2346
2019-02-16T12:45:00+09:00,J4,1009,987,1996
2019-02-16T12:45:00+09:00,J5,524,593,1117
2019-02-16T13:00:00+09:00,J1,1127,1451,2578
2019-02-16T13:00:00+09:00,J2,777,578,1355
2019-02-16T13:00:00+09:00,J3,1200,1108,2308
2019-02-16T13:00:00+09:00,J4,1023,1009,2032
2019-02-16T13:00:00+09:00,J5,612,598,1210
2019-02-16T13:15:00+09:00,J1,1148,1428,2576
2019-02-16T13:15:00+09:00,J2,880,594,1474
2019-02-16T13:15:00+09:00,J3,1326,1095,2421
2019-02-16T13:15:00+09:00,J4,970,1035,2005
2019-02-16T13:15:00+09:00,J5,613,609,1222
2019-02-16T13:30:00+09:00,J1,1110,1423,2533
2019-02-16T13:30:00+09:00,J2,861,593,1454
2019-02-16T13:30:00+09:00,J3,1307,1132,2439
2019-02-16T13:30:00+09:00,J4,956,1002,1958
2019-02-16T13:30:00+09:00,J5,616,619,1235
2019-02-16T13:45:00+09:00,J1,1135,1359,2494
2019-02-16T13:45:00+09:00,J2,756,613,1369
2019-02-16T13:45:00+09:00,J3,1322,1071,2393
2019-02-16T13:45:00+09:00,J4,917,954,1871
2019-02-16T13:45:00+09:00,J5,648,697,1345
2019-02-16T14:00:00+09:00,J1,1232,1344,2576
2019-02-16T14:00:00+09:00,J2,848,739,1587
2019-02-16T14:00:00+09:00,J3,1275,1146,2421
2019-02-16T14:00:00+09:00,J4,995,1054,2049
2019-02-16T14:00:00+09:00,J5,741,680,1421
2019-02-16T14:15:00+09:00,J1,1167,1482,2649
2019-02-16T14:15:00+09:00,J2,846,587,1433
2019-02-16T14:15:00+09:00,J3,1238,1116,2354
2019-02-16T14:15:00+09:00,J4,1059,1029,2088
2019-02-16T14:15:00+09:00,J5,750,779,1529
2019-02-16T14:30:00+09:00,J1,1197,1350,2547
2019-02-16T14:30:00+09:00,J2,847,669,1516
2019-02-16T14:30:00+09:00,J3,1177,1117,2294
2019-02-16T14:30:00+09:00,J4,1041,1045,2086
2019-02-16T14:30:00+09:00,J5,723,715,1438
2019-02-16T14:45:00+09:00,J1,1201,1444,2645
2019-02-16T14:45:00+09:00,J2,828,595,1423
2019-02-16T14:45:00+09:00,J3,1244,1214,2458
2019-02-16T14:45:00+09:00,J4,1010,1022,2032
2019-02-16T14:45:00+09:00,J5,696,707,1403
2019-02-16T15:00:00+09:00,J1,1094,1435,2529
2019-02-16T15:00:00+09:00,J2,762,649,1411
2019-02-16T15:00:00+09:00,J3,1240,1089,2329
2019-02-16T15:00:00+09:00,J4,997,1021,2018
2019-02-16T15:00:00+09:00,J5,630,710,1340
2019-02-16T15:15:00+09:00,J1,1215,1457,2672
2019-02-16T15:15:00+09:00,J2,825,585,1410
2019-02-16T15:15:00+09:00,J3,1348,1049,2397
2019-02-16T15:15:00+09:00,J4,968,1023,1991
2019-02-16T15:15:00+09:00,J5,661,718,1379
2019-02-16T15:30:00+09:00,J1,1187,1470,2657
2019-02-16T15:30:00+09:00,J2,847,624,1471
2019-02-16T15:30:00+09:00,J3,1304,1137,2441
2019-02-16T15:30:00+09:00,J4,1011,1073,2084
2019-02-16T15:30:00+09:00,J5,625,650,1275
2019-02-16T15:45:00+09:00,J1,1195,1432,2627
2019-02-16T15:45:00+09:00,J2,756,608,1364
2019-02-16T15:45:00+09:00,J3,1312,1084,2396
2019-02-16T15:45:00+09:00,J4,1134,1065,2199
2019-02-16T15:45:00+09:00,J5,599,616,1215
2019-02-16T16:00:00+09:00,J1,1188,1408,2596
2019-02-16T16:00:00+09:00,J2,853,643,1496
2019-02-16T16:00:00+09:00,J3,1383,1174,2557
2019-02-16T16:00:00+09:00,J4,1060,975,2035
2019-02-16T16:00:00+09:00,J5,588,627,1215
2019-02-16T16:15:00+09:00,J1,1217,1413,2630
2019-02-16T16:15:00+09:00,J2,879,616,1495
2019-02-16T16:15:00+09:00,J3,1444,1101,2545
2019-02-16T16:15:00+09:00,J4,958,989,1947
2019-02-16T16:15:00+09:00,J5,645,659,1304
2019-02-16T16:30:00+09:00,J1,1179,1454,2633
2019-02-16T16:30:00+09:00,J2,850,616,1466
2019-02-16T16:30:00+09:00,J3,1417,1144,2561
2019-02-16T16:30:00+09:00,J4,1098,1000,2098
2019-02-16T16:30:00+09:00,J5,650,610,1260
2019-02-16T16:45:00+09:00,J1,1247,1367,2614
2019-02-16T16:45:00+09:00,J2,896,645,1541
2019-02-16T16:45:00+09:00,J3,1487,1235,2722
2019-02-16T16:45:00+09:00,J4,1082,1023,2105
2019-02-16T16:45:00+09:00,J5,649,645,1294
2019-02-16T17:00:00+09:00,J1,1208,1409,2617
2019-02-16T17:00:00+09:00,J2,930,625,1555
2019-02-16T17:00:00+09:00,J3,1410,1110,2520
2019-02-16T17:00:00+09:00,J4,938,915,1853
2019-02-16T17:00:00+09:00,J5,656,682,1338
2019-02-16T17:15:00+09:00,J1,1212,1524,2736
2019-02-16T17:15:00+09:00,J2,1030,575,1605
2019-02-16T17:15:00+09:00,J3,1585,1141,2726
2019-02-16T17:15:00+09:00,J4,965,913,1878
2019-02-16T17:15:00+09:00,J5,688,662,1350
2019-02-16T17:30:00+09:00,J1,1290,1447,2737
2019-02-16T17:30:00+09:00,J2,973,561,1534
2019-02-16T17:30:00+09:00,J3,1584,1193,2777
2019-02-16T17:30:00+09:00,J4,896,876,1772
2019-02-16T17:30:00+09:00,J5,637,627,1264
2019-02-16T17:45:00+09:00,J1,1301,1401,2702
2019-02-16T17:45:00+09:00,J2,903,589,1492
2019-02-16T17:45:00+09:00,J3,1541,1266,2807
2019-02-16T17:45:00+09:00,J4,915,855,1770
2019-02-16T17:45:00+09:00,J5,620,564,1184
2019-02-16T18:00:00+09:00,J1,1330,1416,2746
2019-02-16T18:00:00+09:00,J2,755,583,1338
2019-02-16T18:00:00+09:00,J3,1368,1196,2564
2019-02-16T18:00:00+09:00,J4,802,825,1627
2019-02-16T18:00:00+09:00,J5,572,619,1191
2019-02-16T18:15:00+09:00,J1,1252,1515,2767
2019-02-16T18:15:00+09:00,J2,819,580,1399
2019-02-16T18:15:00+09:00,J3,1511,1279,2790
2019-02-16T18:15:00+09:00,J4,910,861,1771
2019-02-16T18:15:00+09:00,J5,660,657,1317
2019-02-16T18:30:00+09:00,J1,1336,1376,2712
2019-02-16T18:30:00+09:00,J2,844,680,1524
2019-02-16T18:30:00+09:00,J3,1459,1233,2692
2019-02-16T18:30:00+09:00,J4,1063,1020,2083
2019-02-16T18:30:00+09:00,J5,593,636,1229
2019-02-16T18:45:00+09:00,J1,1301,1373,2674
2019-02-16T18:45:00+09:00,J2,803,632,1435
2019-02-16T18:45:00+09:00,J3,1301,1157,2458
2019-02-16T18:45:00+09:00,J4,1136,932,2068
2019-02-16T18:45:00+09:00,J5,623,554,1177
2019-02-16T19:00:00+09:00,J1,1159,1331,2490
2019-02-16T19:00:00+09:00,J2,724,587,1311
2019-02-16T19:00:00+09:00,J3,1212,1136,2348
2019-02-16T19:00:00+09:00,J4,998,969,1967
2019-02-16T19:00:00+09:00,J5,596,597,1193
2019-02-16T19:15:00+09:00,J1,1196,1351,2547
2019-02-16T19:15:00+09:00,J2,778,486,1264
2019-02-16T19:15:00+09:00,J3,1273,1080,2353
2019-02-16T19:15:00+09:00,J4,927,947,1874
2019-02-16T19:15:00+09:00,J5,652,605,1257
2019-02-16T19:30:00+09:00,J1,1189,1354,2543
2019-02-16T19:30:00+09:00,J2,662,569,1231
2019-02-16T19:30:00+09:00,J3,1021,1092,2113
2019-02-16T19:30:00+09:00,J4,859,896,1755
2019-02-16T19:30:00+09:00,J5,625,539,1164
2019-02-16T19:45:00+09:00,J1,1166,1383,2549
2019-02-16T19:45:00+09:00,J2,587,604,1191
2019-02-16T19:45:00+09:00,J3,1040,958,1998
2019-02-16T19:45:00+09:00,J4,868,964,1832
2019-02-16T19:45:00+09:00,J5,611,537,1148
2019-02-16T20:00:00+09:00,J1,1129,1339,2468
2019-02-16T20:00:00+09:00,J2,545,542,1087
2019-02-16T20:00:00+09:00,J3,1022,902,1924
2019-02-16T20:00:00+09:00,J4,864,957,1821
2019-02-16T20:00:00+09:00,J5,539,507,1046
2019-02-16T20:15:00+09:00,J1,1205,1392,2597
2019-02-16T20:15:00+09:00,J2,644,583,1227
2019-02-16T20:15:00+09:00,J3,989,1017,2006
2019-02-16T20:15:00+09:00,J4,994,938,1932
2019-02-16T20:15:00+09:00,J5,578,585,1163
2019-02-16T20:30:00+09:00,J1,1219,1364,2583
2019-02-16T20:30:00+09:00,J2,647,562,1209
2019-02-16T20:30:00+09:00,J3,1121,1091,2212
2019-02-16T20:30:00+09:00,J4,970,922,1892
2019-02-16T20:30:00+09:00,J5,590,531,1121
2019-02-16T20:45:00+09:00,J1,1216,1275,2491
2019-02-16T20:45:00+09:00,J2,548,529,1077
2019-02-16T20:45:00+09:00,J3,993,1004,1997
2019-02-16T20:45:00+09:00,J4,877,928,1805
2019-02-16T20:45:00+09:00,J5,512,548,1060
2019-02-16T21:00:00+09:00,J1,1183,1252,2435
2019-02-16T21:00:00+09:00,J2,602,519,1121
2019-02-16T21:00:00+09:00,J3,1030,822,1852
2019-02-16T21:00:00+09:00,J4,859,941,1800
2019-02-16T21:00:00+09:00,J5,532,531,1063
2019-02-16T21:15:00+09:00,J1,1158,1295,2453
2019-02-16T21:15:00+09:00,J2,686,550,1236
2019-02-16T21:15:00+09:00,J3,1048,700,1748
2019-02-16T21:15:00+09:00,J4,876,856,1732
2019-02-16T21:15:00+09:00,J5,618,625,1243
2019-02-16T21:30:00+09:00,J1,1106,1261,2367
2019-02-16T21:30:00+09:00,J2,675,582,1257
2019-02-16T21:30:00+09:00,J3,928,838,1766
2019-02-16T21:30:00+09:00,J4,910,962,1872
2019-02-16T21:30:00+09:00,J5,619,607,1226
2019-02-16T21:45:00+09:00,J1,1104,1267,2371
2019-02-16T21:45:00+09:00,J2,673,599,1272
2019-02-16T21:45:00+09:00,J3,891,751,1642
2019-02-16T21:45:00+09:00,J4,950,923,1873
2019-02-16T21:45:00+09:00,J5,571,533,1104
2019-02-16T22:00:00+09:00,J1,1068,1238,2306
2019-02-16T22:00:00+09:00,J2,627,613,1240
2019-02-16T22:00:00+09:00,J3,1000,810,1810
2019-02-16T22:00:00+09:00,J4,910,963,1873
2019-02-16T22:00:00+09:00,J5,614,536,1150
2019-02-16T22:15:00+09:00,J1,1038,1222,2260
2019-02-16T22:15:00+09:00,J2,587,621,1208
2019-02-16T22:15:00+09:00,J3,891,845,1736
2019-02-16T22:15:00+09:00,J4,834,997,1831
2019-02-16T22:15:00+09:00,J5,590,578,1168
2019-02-16T22:30:00+09:00,J1,1127,1270,2397
2019-02-16T22:30:00+09:00,J2,525,525,1050
2019-02-16T22:30:00+09:00,J3,914,947,1861
2019-02-16T22:30:00+09:00,J4,905,955,1860
2019-02-16T22:30:00+09:00,J5,568,508,1076
2019-02-16T22:45:00+09:00,J1,1067,1268,2335
2019-02-16T22:45:00+09:00,J2,549,554,1103
2019-02-16T22:45:00+09:00,J3,899,946,1845
2019-02-16T22:45:00+09:00,J4,838,946,1784
2019-02-16T22:45:00+09:00,J5,568,495,1063
2019-02-16T23:00:00+09:00,J1,1116,1177,2293
2019-02-16T23:00:00+09:00,J2,543,550,1093
2019-02-16T23:00:00+09:00,J3,1108,937,2045
2019-02-16T23:00:00+09:00,J4,906,947,1853
2019-02-16T23:00:00+09:00,J5,561,490,1051
2019-02-16T23:15:00+09:00,J1,1064,1204,2268
2019-02-16T23:15:00+09:00,J2,466,584,1050
2019-02-16T23:15:00+09:00,J3,936,925,1861
2019-02-16T23:15:00+09:00,J4,854,1002,1856
2019-02-16T23:15:00+09:00,J5,560,476,1036
2019-02-16T23:30:00+09:00,J1,1018,1122,2140
2019-02-16T23:30:00+09:00,J2,529,553,1082
2019-02-16T23:30:00+09:00,J3,1018,907,1925
2019-02-16T23:30:00+09:00,J4,815,935,1750
2019-02-16T23:30:00+09:00,J5,533,520,1053
2019-02-16T23:45:00+09:00,J1,986,1099,2085
2019-02-16T23:45:00+09:00,J2,566,536,1102
2019-02-16T23:45:00+09:00,J3,956,943,1899
2019-02-16T23:45:00+09:00,J4,866,916,1782
2019-02-16T23:45:00+09:00,J5,576,536,1112
2019-02-17T00:00:00+09:00,J1,920,932,1852
2019-02-17T00:00:00+09:00,J2,469,521,990
2019-02-17T00:00:00+09:00,J3,984,811,1795
2019-02-17T00:00:00+09:00,J4,726,859,1585
2019-02-17T00:00:00+09:00,J5,566,514,1080
2019-02-17T00:15:00+09:00,J1,731,730,1461
2019-02-17T00:15:00+09:00,J2,430,429,859
2019-02-17T00:15:00+09:00,J3,865,640,1505
2019-02-17T00:15:00+09:00,J4,576,585,1161
2019-02-17T00:15:00+09:00,J5,503,484,987
2019-02-17T00:30:00+09:00,J1,786,766,1552
2019-02-17T00:30:00+09:00,J2,397,385,782
2019-02-17T00:30:00+09:00,J3,811,591,1402
2019-02-17T00:30:00+09:00,J4,513,514,1027
2019-02-17T00:30:00+09:00,J5,433,498,931
2019-02-17T00:45:00+09:00,J1,739,808,1547
2019-02-17T00:45:00+09:00,J2,383,380,763
2019-02-17T00:45:00+09:00,J3,790,565,1355
2019-02-17T00:45:00+09:00,J4,475,464,939
2019-02-17T00:45:00+09:00,J5,444,510,954
2019-02-17T05:45:00+09:00,J1,979,967,1946
2019-02-17T05:45:00+09:00,J2,437,438,875
2019-02-17T05:45:00+09:00,J3,610,629,1239
2019-02-17T05:45:00+09:00,J4,881,856,1737
2019-02-17T05:45:00+09:00,J5,443,377,820
2019-02-17T06:00:00+09:00,J1,963,1018,1981
2019-02-17T06:00:00+09:00,J2,457,538,995
2019-02-17T06:00:00+09:00,J3,721,708,1429
2019-02-17T06:00:00+09:00,J4,822,870,1692
2019-02-17T06:00:00+09:00,J5,470,424,894
2019-02-17T06:15:00+09:00,J1,1017,1019,2036
2019-02-17T06:15:00+09:00,J2,480,543,1023
2019-02-17T06:15:00+09:00,J3,909,751,1660
2019-02-17T06:15:00+09:00,J4,796,837,1633
2019-02-17T06:15:00+09:00,J5,469,464,933
2019-02-17T06:30:00+09:00,J1,927,1055,1982
2019-02-17T06:30:00+09:00,J2,491,519,1010
2019-02-17T06:30:00+09:00,J3,686,705,1391
2019-02-17T06:30:00+09:00,J4,794,867,1661
2019-02-17T06:30:00+09:00,J5,463,433,896
2019-02-17T06:45:00+09:00,J1,969,1020,1989
2019-02-17T06:45:00+09:00,J2,461,538,999
2019-02-17T06:45:00+09:00,J3,743,696,1439
2019-02-17T06:45:00+09:00,J4,818,836,1654
2019-02-17T06:45:00+09:00,J5,477,482,959
2019-02-17T07:00:00+09:00,J1,1080,1201,2281
2019-02-17T07:00:00+09:00,J2,468,530,998
2019-02-17T07:00:00+09:00,J3,690,634,1324
2019-02-17T07:00:00+09:00,J4,800,789,1589
2019-02-17T07:00:00+09:00,J5,486,441,927
2019-02-17T07:15:00+09:00,J1,1016,1132,2148
2019-02-17T07:15:00+09:00,J2,553,545,1098
2019-02-17T07:15:00+09:00,J3,849,726,1575
2019-02-17T07:15:00+09:00,J4,833,909,1742
2019-02-17T07:15:00+09:00,J5,466,461,927
2019-02-17T07:30:00+09:00,J1,1046,1147,2193
2019-02-17T07:30:00+09:00,J2,564,524,1088
2019-02-17T07:30:00+09:00,J3,914,742,1656
2019-02-17T07:30:00+09:00,J4,870,915,1785
2019-02-17T07:30:00+09:00,J5,463,420,883
2019-02-17T07:45:00+09:00,J1,1006,1148,2154
2019-02-17T07:45:00+09:00,J2,564,554,1118
2019-02-17T07:45:00+09:00,J3,831,694,1525
2019-02-17T07:45:00+09:00,J4,838,858,1696
2019-02-17T07:45:00+09:00,J5,493,465,958
2019-02-17T08:00:00+09:00,J1,1201,1309,2510
2019-02-17T08:00:00+09:00,J2,623,668,1291
2019-02-17T08:00:00+09:00,J3,1208,1015,2223
2019-02-17T08:00:00+09:00,J4,858,879,1737
2019-02-17T08:00:00+09:00,J5,660,617,1277
2019-02-17T08:15:00+09:00,J1,1222,1281,2503
2019-02-17T08:15:00+09:00,J2,607,620,1227
2019-02-17T08:15:00+09:00,J3,1327,1140,2467
2019-02-17T08:15:00+09:00,J4,981,1020,2001
2019-02-17T08:15:00+09:00,J5,722,658,1380
2019-02-17T08:30:00+09:00,J1,1282,1331,2613
2019-02-17T08:30:00+09:00,J2,686,566,1252
2019-02-17T08:30:00+09:00,J3,1280,1089,2369
2019-02-17T08:30:00+09:00,J4,999,1046,2045
2019-02-17T08:30:00+09:00,J5,684,698,1382
2019-02-17T08:45:00+09:00,J1,1201,1318,2519
2019-02-17T08:45:00+09:00,J2,550,570,1120
2019-02-17T08:45:00+09:00,J3,1293,1149,2442
2019-02-17T08:45:00+09:00,J4,931,1027,1958
2019-02-17T08:45:00+09:00,J5,669,706,1375
2019-02-17T09:00:00+09:00,J1,1289,1333,2622
2019-02-17T09:00:00+09:00,J2,817,812,1629
2019-02-17T09:00:00+09:00,J3,967,905,1872
2019-02-17T09:00:00+09:00,J4,863,975,1838
2019-02-17T09:00:00+09:00,J5,503,555,1058
2019-02-17T09:15:00+09:00,J1,1281,1376,2657
2019-02-17T09:15:00+09:00,J2,753,662,1415
2019-02-17T09:15:00+09:00,J3,926,921,1847
2019-02-17T09:15:00+09:00,J4,836,890,1726
2019-02-17T09:15:00+09:00,J5,639,580,1219
2019-02-17T09:30:00+09:00,J1,1293,1304,2597
2019-02-17T09:30:00+09:00,J2,769,760,1529
2019-02-17T09:30:00+09:00,J3,873,931,1804
2019-02-17T09:30:00+09:00,J4,832,925,1757
2019-02-17T09:30:00+09:00,J5,692,656,1348
2019-02-17T09:45:00+09:00,J1,1102,1283,2385
2019-02-17T09:45:00+09:00,J2,688,642,1330
2019-02-17T09:45:00+09:00,J3,1082,948,2030
2019-02-17T09:45:00+09:00,J4,959,937,1896
2019-02-17T09:45:00+09:00,J5,575,607,1182
2019-02-17T10:00:00+09:00,J1,1063,1261,2324
2019-02-17T10:00:00+09:00,J2,642,625,1267
2019-02-17T10:00:00+09:00,J3,1096,1145,2241
2019-02-17T10:00:00+09:00,J4,930,997,1927
2019-02-17T10:00:00+09:00,J5,623,594,1217
2019-02-17T10:15:00+09:00,J1,1156,1267,2423
2019-02-17T10:15:00+09:00,J2,763,685,1448
2019-02-17T10:15:00+09:00,J3,1177,1158,2335
2019-02-17T10:15:00+09:00,J4,871,994,1865
2019-02-17T10:15:00+09:00,J5,612,628,1240
2019-02-17T10:30:00+09:00,J1,1125,1260,2385
2019-02-17T10:30:00+09:00,J2,744,680,1424
2019-02-17T10:30:00+09:00,J3,1121,1070,2191
2019-02-17T10:30:00+09:00,J4,894,952,1846
2019-02-17T10:30:00+09:00,J5,658,616,1274
2019-02-17T10:45:00+09:00,J1,1168,1262,2430
2019-02-17T10:45:00+09:00,J2,706,617,1323
2019-02-17T10:45:00+09:00,J3,1086,1102,2188
2019-02-17T10:45:00+09:00,J4,796,979,1775
2019-02-17T10:45:00+09:00,J5,654,672,1326
2019-02-17T11:00:00+09:00,J1,1144,1336,2480
2019-02-17T11:00:00+09:00,J2,598,631,1229
2019-02-17T11:00:00+09:00,J3,1216,1072,2288
2019-02-17T11:00:00+09:00,J4,858,978,1836
2019-02-17T11:00:00+09:00,J5,685,701,1386
2019-02-17T11:15:00+09:00,J1,1117,1304,2421
2019-02-17T11:15:00+09:00,J2,723,605,1328
2019-02-17T11:15:00+09:00,J3,1005,1006,2011
2019-02-17T11:15:00+09:00,J4,816,887,1703
2019-02-17T11:15:00+09:00,J5,701,753,1454
2019-02-17T11:30:00+09:00,J1,1161,1332,2493
2019-02-17T11:30:00+09:00,J2,683,566,1249
2019-02-17T11:30:00+09:00,J3,1064,989,2053
2019-02-17T11:30:00+09:00,J4,905,960,1865
2019-02-17T11:30:00+09:00,J5,721,752,1473
2019-02-17T11:45:00+09:00,J1,1144,1336,2480
2019-02-17T11:45:00+09:00,J2,730,577,1307
2019-02-17T11:45:00+09:00,J3,1380,1151,2531
2019-02-17T11:45:00+09:00,J4,1010,1081,2091
2019-02-17T11:45:00+09:00,J5,733,689,1422
2019-02-17T12:00:00+09:00,J1,1091,1353,2444
2019-02-17T12:00:00+09:00,J2,734,496,1230
2019-02-17T12:00:00+09:00,J3,1216,1114,2330
2019-02-17T12:00:00+09:00,J4,950,1009,1959
2019-02-17T12:00:00+09:00,J5,785,785,1570
2019-02-17T12:15:00+09:00,J1,1106,1320,2426
2019-02-17T12:15:00+09:00,J2,855,554,1409
2019-02-17T12:15:00+09:00,J3,1251,1125,2376
2019-02-17T12:15:00+09:00,J4,1010,1036,2046
2019-02-17T12:15:00+09:00,J5,712,695,1407
2019-02-17T12:30:00+09:00,J1,1105,1305,2410
2019-02-17T12:30:00+09:00,J2,781,612,1393
2019-02-17T12:30:00+09:00,J3,894,859,1753
2019-02-17T12:30:00+09:00,J4,1030,1018,2048
2019-02-17T12:30:00+09:00,J5,616,641,1257
2019-02-17T12:45:00+09:00,J1,1138,1367,2505
2019-02-17T12:45:00+09:00,J2,783,593,1376
2019-02-17T12:45:00+09:00,J3,965,953,1918
2019-02-17T12:45:00+09:00,J4,1039,1045,2084
2019-02-17T12:45:00+09:00,J5,577,592,1169
2019-02-17T13:00:00+09:00,J1,1083,1401,2484
2019-02-17T13:00:00+09:00,J2,814,612,1426
2019-02-17T13:00:00+09:00,J3,1088,1133,2221
2019-02-17T13:00:00+09:00,J4,999,1044,2043
2019-02-17T13:00:00+09:00,J5,573,558,1131
2019-02-17T13:15:00+09:00,J1,1098,1471,2569
2019-02-17T13:15:00+09:00,J2,814,626,1440
2019-02-17T13:15:00+09:00,J3,1249,1222,2471
2019-02-17T13:15:00+09:00,J4,998,1022,2020
2019-02-17T13:15:00+09:00,J5,610,565,1175
2019-02-17T13:30:00+09:00,J1,1070,1462,2532
2019-02-17T13:30:00+09:00,J2,810,657,1467
2019-02-17T13:30:00+09:00,J3,1210,1242,2452
2019-02-17T13:30:00+09:00,J4,1017,1041,2058
2019-02-17T13:30:00+09:00,J5,646,665,1311
2019-02-17T13:45:00+09:00,J1,1120,1393,2513
2019-02-17T13:45:00+09:00,J2,835,612,1447
2019-02-17T13:45:00+09:00,J3,1211,1264,2475
2019-02-17T13:45:00+09:00,J4,991,1018,2009
2019-02-17T13:45:00+09:00,J5,671,636,1307
2019-02-17T14:00:00+09:00,J1,1128,1387,2515
2019-02-17T14:00:00+09:00,J2,847,650,1497
2019-02-17T14:00:00+09:00,J3,1198,1244,2442
2019-02-17T14:00:00+09:00,J4,958,1039,1997
2019-02-17T14:00:00+09:00,J5,698,700,1398
2019-02-17T14:15:00+09:00,J1,1085,1413,2498
2019-02-17T14:15:00+09:00,J2,803,608,1411
2019-02-17T14:15:00+09:00,J3,1173,1285,2458
2019-02-17T14:15:00+09:00,J4,1024,989,2013
2019-02-17T14:15:00+09:00,J5,719,690,1409
2019-02-17T14:30:00+09:00,J1,1087,1400,2487
2019-02-17T14:30:00+09:00,J2,816,625,1441
2019-02-17T14:30:00+09:00,J3,1290,1182,2472
2019-02-17T14:30:00+09:00,J4,967,910,1877
2019-02-17T14:30:00+09:00,J5,530,548,1078
2019-02-17T14:45:00+09:00,J1,1084,1364,2448
2019-02-17T14:45:00+09:00,J2,830,597,1427
2019-02-17T14:45:00+09:00,J3,1475,1193,2668
2019-02-17T14:45:00+09:00,J4,965,973,1938
2019-02-17T14:45:00+09:00,J5,528,497,1025
2019-02-17T15:00:00+09:00,J1,1108,1379,2487
2019-02-17T15:00:00+09:00,J2,813,622,1435
2019-02-17T15:00:00+09:00,J3,1434,1159,2593
2019-02-17T15:00:00+09:00,J4,928,1009,1937
2019-02-17T15:00:00+09:00,J5,592,630,1222
2019-02-17T15:15:00+09:00,J1,1114,1400,2514
2019-02-17T15:15:00+09:00,J2,808,618,1426
2019-02-17T15:15:00+09:00,J3,1367,1221,2588
2019-02-17T15:15:00+09:00,J4,1061,970,2031
2019-02-17T15:15:00+09:00,J5,727,764,1491
2019-02-17T15:30:00+09:00,J1,1150,1378,2528
2019-02-17T15:30:00+09:00,J2,817,599,1416
2019-02-17T15:30:00+09:00,J3,1461,1213,2674
2019-02-17T15:30:00+09:00,J4,954,976,1930
2019-02-17T15:30:00+09:00,J5,726,721,1447
2019-02-17T15:45:00+09:00,J1,1051,1390,2441
2019-02-17T15:45:00+09:00,J2,745,686,1431
2019-02-17T15:45:00+09:00,J3,1400,1181,2581
2019-02-17T15:45:00+09:00,J4,1023,1009,2032
2019-02-17T15:45:00+09:00,J5,705,759,1464
2019-02-17T16:00:00+09:00,J1,1095,1414,2509
2019-02-17T16:00:00+09:00,J2,763,546,1309
2019-02-17T16:00:00+09:00,J3,1365,1185,2550
2019-02-17T16:00:00+09:00,J4,981,957,1938
2019-02-17T16:00:00+09:00,J5,659,666,1325
2019-02-17T16:15:00+09:00,J1,1071,1348,2419
2019-02-17T16:15:00+09:00,J2,793,489,1282
2019-02-17T16:15:00+09:00,J3,1408,1178,2586
2019-02-17T16:15:00+09:00,J4,965,944,1909
2019-02-17T16:15:00+09:00,J5,522,588,1110
2019-02-17T16:30:00+09:00,J1,1071,1378,2449
2019-02-17T16:30:00+09:00,J2,736,473,1209
2019-02-17T16:30:00+09:00,J3,1374,1210,2584
2019-02-17T16:30:00+09:00,J4,947,906,1853
2019-02-17T16:30:00+09:00,J5,493,520,1013
2019-02-17T16:45:00+09:00,J1,1074,1414,2488
2019-02-17T16:45:00+09:00,J2,789,607,1396
2019-02-17T16:45:00+09:00,J3,1459,1229,2688
2019-02-17T16:45:00+09:00,J4,897,952,1849
2019-02-17T16:45:00+09:00,J5,718,698,1416
2019-02-17T17:00:00+09:00,J1,1131,1391,2522
2019-02-17T17:00:00+09:00,J2,785,583,1368
2019-02-17T17:00:00+09:00,J3,1469,1339,2808
2019-02-17T17:00:00+09:00,J4,1005,1002,2007
2019-02-17T17:00:00+09:00,J5,640,649,1289
2019-02-17T17:15:00+09:00,J1,1102,1402,2504
2019-02-17T17:15:00+09:00,J2,749,576,1325
2019-02-17T17:15:00+09:00,J3,1538,1393,2931
2019-02-17T17:15:00+09:00,J4,1023,953,1976
2019-02-17T17:15:00+09:00,J5,654,648,1302
2019-02-17T17:30:00+09:00,J1,1084,1372,2456
2019-02-17T17:30:00+09:00,J2,853,516,1369
2019-02-17T17:30:00+09:00,J3,1407,1213,2620
2019-02-17T17:30:00+09:00,J4,1091,951,2042
2019-02-17T17:30:00+09:00,J5,657,675,1332
2019-02-17T17:45:00+09:00,J1,1109,1365,2474
2019-02-17T17:45:00+09:00,J2,792,487,1279
2019-02-17T17:45:00+09:00,J3,1390,1221,2611
2019-02-17T17:45:00+09:00,J4,913,905,1818
2019-02-17T17:45:00+09:00,J5,573,576,1149
2019-02-17T18:00:00+09:00,J1,1240,1392,2632
2019-02-17T18:00:00+09:00,J2,696,508,1204
2019-02-17T18:00:00+09:00,J3,1326,1196,2522
2019-02-17T18:00:00+09:00,J4,839,894,1733
2019-02-17T18:00:00+09:00,J5,548,575,1123
2019-02-17T18:15:00+09:00,J1,1275,1430,2705
2019-02-17T18:15:00+09:00,J2,654,518,1172
2019-02-17T18:15:00+09:00,J3,1418,1158,2576
2019-02-17T18:15:00+09:00,J4,922,893,1815
2019-02-17T18:15:00+09:00,J5,608,637,1245
2019-02-17T18:30:00+09:00,J1,1219,1461,2680
2019-02-17T18:30:00+09:00,J2,650,521,1171
2019-02-17T18:30:00+09:00,J3,1173,1137,2310
2019-02-17T18:30:00+09:00,J4,972,866,1838
2019-02-17T18:30:00+09:00,J5,590,558,1148
2019-02-17T18:45:00+09:00,J1,1149,1359,2508
2019-02-17T18:45:00+09:00,J2,668,550,1218
2019-02-17T18:45:00+09:00,J3,1151,1061,2212
2019-02-17T18:45:00+09:00,J4,933,910,1843
2019-02-17T18:45:00+09:00,J5,585,526,1111
2019-02-17T19:00:00+09:00,J1,1114,1251,2365
2019-02-17T19:00:00+09:00,J2,542,580,1122
2019-02-17T19:00:00+09:00,J3,1087,1061,2148
2019-02-17T19:00:00+09:00,J4,937,922,1859
2019-02-17T19:00:00+09:00,J5,537,483,1020
2019-02-17T19:15:00+09:00,J1,1122,1240,2362
2019-02-17T19:15:00+09:00,J2,628,553,1181
2019-02-17T19:15:00+09:00,J3,890,1011,1901
2019-02-17T19:15:00+09:00,J4,974,881,1855
2019-02-17T19:15:00+09:00,J5,647,645,1292
2019-02-17T19:30:00+09:00,J1,1121,1211,2332
2019-02-17T19:30:00+09:00,J2,541,534,1075
2019-02-17T19:30:00+09:00,J3,1008,1032,2040
2019-02-17T19:30:00+09:00,J4,989,937,1926
2019-02-17T19:30:00+09:00,J5,578,547,1125
2019-02-17T19:45:00+09:00,J1,1103,1289,2392
2019-02-17T19:45:00+09:00,J2,582,539,1121
2019-02-17T19:45:00+09:00,J3,1175,1017,2192
2019-02-17T19:45:00+09:00,J4,1001,945,1946
2019-02-17T19:45:00+09:00,J5,603,522,1125
2019-02-17T20:00:00+09:00,J1,1069,1257,2326
2019-02-17T20:00:00+09:00,J2,707,588,1295
2019-02-17T20:00:00+09:00,J3,1159,1019,2178
2019-02-17T20:00:00+09:00,J4,956,903,1859
2019-02-17T20:00:00+09:00,J5,539,529,1068
2019-02-17T20:15:00+09:00,J1,1140,1273,2413
2019-02-17T20:15:00+09:00,J2,579,547,1126
2019-02-17T20:15:00+09:00,J3,1150,982,2132
2019-02-17T20:15:00+09:00,J4,997,928,1925
2019-02-17T20:15:00+09:00,J5,607,611,1218
2019-02-17T20:30:00+09:00,J1,1065,1286,2351
2019-02-17T20:30:00+09:00,J2,633,578,1211
2019-02-17T20:30:00+09:00,J3,1063,965,2028
2019-02-17T20:30:00+09:00,J4,934,897,1831
2019-02-17T20:30:00+09:00,J5,516,529,1045
2019-02-17T20:45:00+09:00,J1,1124,1298,2422
2019-02-17T20:45:00+09:00,J2,478,497,975
2019-02-17T20:45:00+09:00,J3,982,909,1891
2019-02-17T20:45:00+09:00,J4,755,877,1632
2019-02-17T20:45:00+09:00,J5,598,524,1122
2019-02-17T21:00:00+09:00,J1,1121,1200,2321
2019-02-17T21:00:00+09:00,J2,509,508,1017
2019-02-17T21:00:00+09:00,J3,955,757,1712
2019-02-17T21:00:00+09:00,J4,879,896,1775
2019-02-17T21:00:00+09:00,J5,605,577,1182
2019-02-17T21:15:00+09:00,J1,1028,1269,2297
2019-02-17T21:15:00+09:00,J2,593,564,1157
2019-02-17T21:15:00+09:00,J3,870,737,1607
2019-02-17T21:15:00+09:00,J4,862,915,1777
2019-02-17T21:15:00+09:00,J5,626,579,1205
2019-02-17T21:30:00+09:00,J1,1066,1211,2277
2019-02-17T21:30:00+09:00,J2,613,528,1141
2019-02-17T21:30:00+09:00,J3,758,755,1513
2019-02-17T21:30:00+09:00,J4,904,991,1895
2019-02-17T21:30:00+09:00,J5,598,653,1251
2019-02-17T21:45:00+09:00,J1,1053,1218,2271
2019-02-17T21:45:00+09:00,J2,512,506,1018
2019-02-17T21:45:00+09:00,J3,825,747,1572
2019-02-17T21:45:00+09:00,J4,830,873,1703
2019-02-17T21:45:00+09:00,J5,604,565,1169
2019-02-17T22:00:00+09:00,J1,1023,1148,2171
2019-02-17T22:00:00+09:00,J2,511,491,1002
2019-02-17T22:00:00+09:00,J3,795,730,1525
2019-02-17T22:00:00+09:00,J4,864,950,1814
2019-02-17T22:00:00+09:00,J5,603,524,1127
2019-02-17T22:15:00+09:00,J1,987,1197,2184
2019-02-17T22:15:00+09:00,J2,469,490,959
2019-02-17T22:15:00+09:00,J3,843,843,1686
2019-02-17T22:15:00+09:00,J4,834,979,1813
2019-02-17T22:15:00+09:00,J5,574,545,1119
2019-02-17T22:30:00+09:00,J1,1010,1150,2160
2019-02-17T22:30:00+09:00,J2,464,511,975
2019-02-17T22:30:00+09:00,J3,875,826,1701
2019-02-17T22:30:00+09:00,J4,815,934,1749
2019-02-17T22:30:00+09:00,J5,540,608,1148
2019-02-17T22:45:00+09:00,J1,1114,1173,2287
2019-02-17T22:45:00+09:00,J2,410,485,895
2019-02-17T22:45:00+09:00,J3,960,977,1937
2019-02-17T22:45:00+09:00,J4,715,931,1646
2019-02-17T22:45:00+09:00,J5,562,560,1122
2019-02-17T23:00:00+09:00,J1,1111,1119,2230
2019-02-17T23:00:00+09:00,J2,418,430,848
2019-02-17T23:00:00+09:00,J3,999,945,1944
2019-02-17T23:00:00+09:00,J4,803,907,1710
2019-02-17T23:00:00+09:00,J5,575,575,1150
2019-02-17T23:15:00+09:00,J1,1031,1131,2162
2019-02-17T23:15:00+09:00,J2,369,456,825
2019-02-17T23:15:00+09:00,J3,933,904,1837
2019-02-17T23:15:00+09:00,J4,756,888,1644
2019-02-17T23:15:00+09:00,J5,500,506,1006
2019-02-17T23:30:00+09:00,J1,1030,1158,2188
2019-02-17T23:30:00+09:00,J2,437,485,922
2019-02-17T23:30:00+09:00,J3,940,855,1795
2019-02-17T23:30:00+09:00,J4,685,832,1517
2019-02-17T23:30:00+09:00,J5,500,546,1046
2019-02-17T23:45:00+09:00,J1,1047,1081,2128
2019-02-17T23:45:00+09:00,J2,427,445,872
2019-02-17T23:45:00+09:00,J3,916,839,1755
2019-02-17T23:45:00+09:00,J4,625,739,1364
2019-02-17T23:45:00+09:00,J5,546,525,1071
2019-02-18T00:00:00+09:00,J1,878,917,1795
2019-02-18T00:00:00+09:00,J2,443,464,907
2019-02-18T00:00:00+09:00,J3,963,844,1807
2019-02-18T00:00:00+09:00,J4,576,706,1282
2019-02-18T00:00:00+09:00,J5,453,484,937
2019-02-18T00:15:00+09:00,J1,683,740,1423
2019-02-18T00:15:00+09:00,J2,334,420,754
2019-02-18T00:15:00+09:00,J3,935,642,1577
2019-02-18T00:15:00+09:00,J4,549,521,1070
2019-02-18T00:15:00+09:00,J5,395,477,872
2019-02-18T00:30:00+09:00,J1,619,581,1200
2019-02-18T00:30:00+09:00,J2,369,444,813
2019-02-18T00:30:00+09:00,J3,868,666,1534
2019-02-18T00:30:00+09:00,J4,419,492,911
2019-02-18T00:30:00+09:00,J5,392,441,833
2019-02-18T00:45:00+09:00,J1,613,571,1184
2019-02-18T00:45:00+09:00,J2,345,445,790
2019-02-18T00:45:00+09:00,J3,874,664,1538
2019-02-18T00:45:00+09:00,J4,431,478,909
2019-02-18T00:45:00+09:00,J5,422,454,876
2019-02-18T05:45:00+09:00,J1,714,825,1539
2019-02-18T05:45:00+09:00,J2,456,411,867
2019-02-18T05:45:00+09:00,J3,548,561,1109
2019-02-18T05:45:00+09:00,J4,873,843,1716
2019-02-18T05:45:00+09:00,J5,426,413,839
2019-02-18T06:00:00+09:00,J1,653,655,1308
2019-02-18T06:00:00+09:00,J2,536,448,984
2019-02-18T06:00:00+09:00,J3,676,632,1308
2019-02-18T06:00:00+09:00,J4,844,875,1719
2019-02-18T06:00:00+09:00,J5,452,456,908
2019-02-18T06:15:00+09:00,J1,764,739,1503
2019-02-18T06:15:00+09:00,J2,465,512,977
2019-02-18T06:15:00+09:00,J3,799,696,1495
2019-02-18T06:15:00+09:00,J4,811,901,1712
2019-02-18T06:15:00+09:00,J5,491,454,945
2019-02-18T06:30:00+09:00,J1,767,801,1568
2019-02-18T06:30:00+09:00,J2,460,506,966
2019-02-18T06:30:00+09:00,J3,885,755,1640
2019-02-18T06:30:00+09:00,J4,827,827,1654
2019-02-18T06:30:00+09:00,J5,445,466,911
2019-02-18T06:45:00+09:00,J1,801,871,1672
2019-02-18T06:45:00+09:00,J2,523,531,1054
2019-02-18T06:45:00+09:00,J3,1019,752,1771
2019-02-18T06:45:00+09:00,J4,876,967,1843
2019-02-18T06:45:00+09:00,J5,487,476,963
2019-02-18T07:00:00+09:00,J1,973,1080,2053
2019-02-18T07:00:00+09:00,J2,428,470,898
2019-02-18T07:00:00+09:00,J3,1115,734,1849
2019-02-18T07:00:00+09:00,J4,940,942,1882
2019-02-18T07:00:00+09:00,J5,464,451,915
2019-02-18T07:15:00+09:00,J1,1022,1081,2103
2019-02-18T07:15:00+09:00,J2,447,489,936
2019-02-18T07:15:00+09:00,J3,1068,870,1938
2019-02-18T07:15:00+09:00,J4,1009,967,1976
2019-02-18T07:15:00+09:00,J5,475,462,937
2019-02-18T07:30:00+09:00,J1,1168,1197,2365
2019-02-18T07:30:00+09:00,J2,505,526,1031
2019-02-18T07:30:00+09:00,J3,1177,1126,2303
2019-02-18T07:30:00+09:00,J4,996,1003,1999
2019-02-18T07:30:00+09:00,J5,650,720,1370
2019-02-18T07:45:00+09:00,J1,1209,1280,2489
2019-02-18T07:45:00+09:00,J2,671,548,1219
2019-02-18T07:45:00+09:00,J3,1317,1239,2556
2019-02-18T07:45:00+09:00,J4,935,1148,2083
2019-02-18T07:45:00+09:00,J5,737,800,1537
2019-02-18T08:00:00+09:00,J1,1295,1358,2653
2019-02-18T08:00:00+09:00,J2,668,612,1280
2019-02-18T08:00:00+09:00,J3,1423,1295,2718
2019-02-18T08:00:00+09:00,J4,984,1270,2254
2019-02-18T08:00:00+09:00,J5,748,787,1535
2019-02-18T08:15:00+09:00,J1,1397,1355,2752
2019-02-18T08:15:00+09:00,J2,739,638,1377
2019-02-18T08:15:00+09:00,J3,1442,1477,2919
2019-02-18T08:15:00+09:00,J4,916,1383,2299
2019-02-18T08:15:00+09:00,J5,724,821,1545
2019-02-18T08:30:00+09:00,J1,1398,1353,2751
2019-02-18T08:30:00+09:00,J2,776,604,1380
2019-02-18T08:30:00+09:00,J3,1318,1424,2742
2019-02-18T08:30:00+09:00,J4,1017,1411,2428
2019-02-18T08:30:00+09:00,J5,706,795,1501
2019-02-18T08:45:00+09:00,J1,1322,1327,2649
2019-02-18T08:45:00+09:00,J2,749,545,1294
2019-02-18T08:45:00+09:00,J3,1337,1333,2670
2019-02-18T08:45:00+09:00,J4,837,1065,1902
2019-02-18T08:45:00+09:00,J5,639,619,1258
2019-02-18T09:00:00+09:00,J1,1220,1278,2498
2019-02-18T09:00:00+09:00,J2,572,548,1120
2019-02-18T09:00:00+09:00,J3,1261,1229,2490
2019-02-18T09:00:00+09:00,J4,812,1017,1829
2019-02-18T09:00:00+09:00,J5,620,586,1206
2019-02-18T09:15:00+09:00,J1,1157,1099,2256
2019-02-18T09:15:00+09:00,J2,588,537,1125
2019-02-18T09:15:00+09:00,J3,1041,1073,2114
2019-02-18T09:15:00+09:00,J4,803,1036,1839
2019-02-18T09:15:00+09:00,J5,570,557,1127
2019-02-18T09:30:00+09:00,J1,1248,1188,2436
2019-02-18T09:30:00+09:00,J2,620,564,1184
2019-02-18T09:30:00+09:00,J3,1080,1063,2143
2019-02-18T09:30:00+09:00,J4,777,1094,1871
2019-02-18T09:30:00+09:00,J5,627,686,1313
2019-02-18T09:45:00+09:00,J1,1278,1334,2612
2019-02-18T09:45:00+09:00,J2,561,502,1063
2019-02-18T09:45:00+09:00,J3,1135,1093,2228
2019-02-18T09:45:00+09:00,J4,852,985,1837
2019-02-18T09:45:00+09:00,J5,623,639,1262
2019-02-18T10:00:00+09:00,J1,1251,1207,2458
2019-02-18T10:00:00+09:00,J2,513,507,1020
2019-02-18T10:00:00+09:00,J3,966,1006,1972
2019-02-18T10:00:00+09:00,J4,759,969,1728
2019-02-18T10:00:00+09:00,J5,614,602,1216
2019-02-18T10:15:00+09:00,J1,1178,1278,2456
2019-02-18T10:15:00+09:00,J2,534,486,1020
2019-02-18T10:15:00+09:00,J3,914,1022,1936
2019-02-18T10:15:00+09:00,J4,831,1030,1861
2019-02-18T10:15:00+09:00,J5,611,613,1224
2019-02-18T10:30:00+09:00,J1,1229,1235,2464
2019-02-18T10:30:00+09:00,J2,581,516,1097
2019-02-18T10:30:00+09:00,J3,960,1032,1992
2019-02-18T10:30:00+09:00,J4,939,1011,1950
2019-02-18T10:30:00+09:00,J5,674,628,1302
2019-02-18T10:45:00+09:00,J1,1262,1293,2555
2019-02-18T10:45:00+09:00,J2,546,615,1161
2019-02-18T10:45:00+09:00,J3,973,972,1945
2019-02-18T10:45:00+09:00,J4,933,961,1894
2019-02-18T10:45:00+09:00,J5,607,625,1232
2019-02-18T11:00:00+09:00,J1,1196,1276,2472
2019-02-18T11:00:00+09:00,J2,516,553,1069
2019-02-18T11:00:00+09:00,J3,1060,1111,2171
2019-02-18T11:00:00+09:00,J4,855,956,1811
2019-02-18T11:00:00+09:00,J5,592,571,1163
2019-02-18T11:15:00+09:00,J1,1193,1413,2606
2019-02-18T11:15:00+09:00,J2,490,488,978
2019-02-18T11:15:00+09:00,J3,1191,1088,2279
2019-02-18T11:15:00+09:00,J4,947,965,1912
2019-02-18T11:15:00+09:00,J5,561,585,1146
2019-02-18T11:30:00+09:00,J1,1267,1389,2656
2019-02-18T11:30:00+09:00,J2,477,516,993
2019-02-18T11:30:00+09:00,J3,1388,1148,2536
2019-02-18T11:30:00+09:00,J4,939,1048,1987
2019-02-18T11:30:00+09:00,J5,676,684,1360
2019-02-18T11:45:00+09:00,J1,1205,1465,2670
2019-02-18T11:45:00+09:00,J2,470,500,970
2019-02-18T11:45:00+09:00,J3,1274,1168,2442
2019-02-18T11:45:00+09:00,J4,991,1020,2011
2019-02-18T11:45:00+09:00,J5,729,706,1435
2019-02-18T12:00:00+09:00,J1,1312,1447,2759
2019-02-18T12:00:00+09:00,J2,622,576,1198
2019-02-18T12:00:00+09:00,J3,1337,1203,2540
2019-02-18T12:00:00+09:00,J4,1049,1001,2050
2019-02-18T12:00:00+09:00,J5,698,713,1411
2019-02-18T12:15:00+09:00,J1,1140,1389,2529
2019-02-18T12:15:00+09:00,J2,570,602,1172
2019-02-18T12:15:00+09:00,J3,1184,1130,2314
2019-02-18T12:15:00+09:00,J4,1142,1092,2234
2019-02-18T12:15:00+09:00,J5,737,742,1479
2019-02-18T12:30:00+09:00,J1,1218,1404,2622
2019-02-18T12:30:00+09:00,J2,531,573,1104
2019-02-18T12:30:00+09:00,J3,1107,1148,2255
2019-02-18T12:30:00+09:00,J4,1034,1086,2120
2019-02-18T12:30:00+09:00,J5,792,739,1531
2019-02-18T12:45:00+09:00,J1,1133,1409,2542
2019-02-18T12:45:00+09:00,J2,542,566,1108
2019-02-18T12:45:00+09:00,J3,1172,1171,2343
2019-02-18T12:45:00+09:00,J4,909,1068,1977
2019-02-18T12:45:00+09:00,J5,738,718,1456
2019-02-18T13:00:00+09:00,J1,1116,1379,2495
2019-02-18T13:00:00+09:00,J2,589,617,1206
2019-02-18T13:00:00+09:00,J3,1089,1162,2251
2019-02-18T13:00:00+09:00,J4,944,948,1892
2019-02-18T13:00:00+09:00,J5,725,731,1456
2019-02-18T13:15:00+09:00,J1,1148,1454,2602
2019-02-18T13:15:00+09:00,J2,560,586,1146
2019-02-18T13:15:00+09:00,J3,1131,1161,2292
2019-02-18T13:15:00+09:00,J4,999,978,1977
2019-02-18T13:15:00+09:00,J5,704,728,1432
2019-02-18T13:30:00+09:00,J1,1152,1339,2491
2019-02-18T13:30:00+09:00,J2,511,554,1065
2019-02-18T13:30:00+09:00,J3,1215,1092,2307
2019-02-18T13:30:00+09:00,J4,974,959,1933
2019-02-18T13:30:00+09:00,J5,674,593,1267
2019-02-18T13:45:00+09:00,J1,1206,1387,2593
2019-02-18T13:45:00+09:00,J2,595,590,1185
2019-02-18T13:45:00+09:00,J3,1132,1106,2238
2019-02-18T13:45:00+09:00,J4,942,919,1861
2019-02-18T13:45:00+09:00,J5,707,636,1343
2019-02-18T14:00:00+09:00,J1,1072,1343,2415
2019-02-18T14:00:00+09:00,J2,471,554,1025
2019-02-18T14:00:00+09:00,J3,1159,1055,2214
2019-02-18T14:00:00+09:00,J4,859,945,1804
2019-02-18T14:00:00+09:00,J5,706,689,1395
2019-02-18T14:15:00+09:00,J1,1132,1360,2492
2019-02-18T14:15:00+09:00,J2,556,647,1203
2019-02-18T14:15:00+09:00,J3,1183,1057,2240
2019-02-18T14:15:00+09:00,J4,1066,917,1983
2019-02-18T14:15:00+09:00,J5,661,698,1359
2019-02-18T14:30:00+09:00,J1,1104,1353,2457
2019-02-18T14:30:00+09:00,J2,542,617,1159
2019-02-18T14:30:00+09:00,J3,1206,1174,2380
2019-02-18T14:30:00+09:00,J4,977,904,1881
2019-02-18T14:30:00+09:00,J5,672,630,1302
2019-02-18T14:45:00+09:00,J1,1132,1429,2561
2019-02-18T14:45:00+09:00,J2,488,508,996
2019-02-18T14:45:00+09:00,J3,1143,1199,2342
2019-02-18T14:45:00+09:00,J4,944,972,1916
2019-02-18T14:45:00+09:00,J5,694,701,1395
2019-02-18T15:00:00+09:00,J1,1116,1328,2444
2019-02-18T15:00:00+09:00,J2,478,572,1050
2019-02-18T15:00:00+09:00,J3,1179,1139,2318
2019-02-18T15:00:00+09:00,J4,908,943,1851
2019-02-18T15:00:00+09:00,J5,680,685,1365
2019-02-18T15:15:00+09:00,J1,1097,1373,2470
2019-02-18T15:15:00+09:00,J2,517,539,1056
2019-02-18T15:15:00+09:00,J3,1130,1160,2290
2019-02-18T15:15:00+09:00,J4,962,946,1908
2019-02-18T15:15:00+09:00,J5,710,636,1346
2019-02-18T15:30:00+09:00,J1,1120,1404,2524
2019-02-18T15:30:00+09:00,J2,532,612,1144
2019-02-18T15:30:00+09:00,J3,1156,1070,2226
2019-02-18T15:30:00+09:00,J4,970,929,1899
2019-02-18T15:30:00+09:00,J5,673,694,1367
2019-02-18T15:45:00+09:00,J1,1113,1431,2544
2019-02-18T15:45:00+09:00,J2,557,540,1097
2019-02-18T15:45:00+09:00,J3,950,914,1864
2019-02-18T15:45:00+09:00,J4,955,931,1886
2019-02-18T15:45:00+09:00,J5,672,652,1324
2019-02-18T16:00:00+09:00,J1,1047,1401,2448
2019-02-18T16:00:00+09:00,J2,537,578,1115
2019-02-18T16:00:00+09:00,J3,959,1019,1978
2019-02-18T16:00:00+09:00,J4,937,964,1901
2019-02-18T16:00:00+09:00,J5,651,642,1293
2019-02-18T16:15:00+09:00,J1,1079,1370,2449
2019-02-18T16:15:00+09:00,J2,516,595,1111
2019-02-18T16:15:00+09:00,J3,1088,1029,2117
2019-02-18T16:15:00+09:00,J4,871,995,1866
2019-02-18T16:15:00+09:00,J5,670,655,1325
2019-02-18T16:30:00+09:00,J1,1125,1309,2434
2019-02-18T16:30:00+09:00,J2,601,555,1156
2019-02-18T16:30:00+09:00,J3,1242,967,2209
2019-02-18T16:30:00+09:00,J4,865,947,1812
2019-02-18T16:30:00+09:00,J5,656,647,1303
2019-02-18T16:45:00+09:00,J1,1122,1191,2313
2019-02-18T16:45:00+09:00,J2,586,626,1212
2019-02-18T16:45:00+09:00,J3,1186,941,2127
2019-02-18T16:45:00+09:00,J4,868,845,1713
2019-02-18T16:45:00+09:00,J5,659,619,1278
2019-02-18T17:00:00+09:00,J1,1126,1374,2500
2019-02-18T17:00:00+09:00,J2,633,586,1219
2019-02-18T17:00:00+09:00,J3,1352,1188,2540
2019-02-18T17:00:00+09:00,J4,918,892,1810
2019-02-18T17:00:00+09:00,J5,705,684,1389
2019-02-18T17:15:00+09:00,J1,1178,1437,2615
2019-02-18T17:15:00+09:00,J2,623,572,1195
2019-02-18T17:15:00+09:00,J3,1474,1236,2710
2019-02-18T17:15:00+09:00,J4,910,928,1838
2019-02-18T17:15:00+09:00,J5,681,733,1414
2019-02-18T17:30:00+09:00,J1,1240,1480,2720
2019-02-18T17:30:00+09:00,J2,661,620,1281
2019-02-18T17:30:00+09:00,J3,1474,1285,2759
2019-02-18T17:30:00+09:00,J4,975,927,1902
2019-02-18T17:30:00+09:00,J5,734,712,1446
2019-02-18T17:45:00+09:00,J1,1211,1415,2626
2019-02-18T17:45:00+09:00,J2,684,576,1260
2019-02-18T17:45:00+09:00,J3,1474,1249,2723
2019-02-18T17:45:00+09:00,J4,1064,887,1951
2019-02-18T17:45:00+09:00,J5,673,676,1349
2019-02-18T18:00:00+09:00,J1,1361,1527,2888
2019-02-18T18:00:00+09:00,J2,833,671,1504
2019-02-18T18:00:00+09:00,J3,1482,1098,2580
2019-02-18T18:00:00+09:00,J4,1011,867,1878
2019-02-18T18:00:00+09:00,J5,727,699,1426
2019-02-18T18:15:00+09:00,J1,1363,1491,2854
2019-02-18T18:15:00+09:00,J2,750,679,1429
2019-02-18T18:15:00+09:00,J3,1567,1350,2917
2019-02-18T18:15:00+09:00,J4,1055,804,1859
2019-02-18T18:15:00+09:00,J5,737,743,1480
2019-02-18T18:30:00+09:00,J1,1231,1411,2642
2019-02-18T18:30:00+09:00,J2,692,582,1274
2019-02-18T18:30:00+09:00,J3,1469,1098,2567
2019-02-18T18:30:00+09:00,J4,945,937,1882
2019-02-18T18:30:00+09:00,J5,731,664,1395
2019-02-18T18:45:00+09:00,J1,1251,1337,2588
2019-02-18T18:45:00+09:00,J2,630,609,1239
2019-02-18T18:45:00+09:00,J3,1189,997,2186
2019-02-18T18:45:00+09:00,J4,1069,887,1956
2019-02-18T18:45:00+09:00,J5,791,741,1532
2019-02-18T19:00:00+09:00,J1,1169,1257,2426
2019-02-18T19:00:00+09:00,J2,664,532,1196
2019-02-18T19:00:00+09:00,J3,1166,983,2149
2019-02-18T19:00:00+09:00,J4,1058,865,1923
2019-02-18T19:00:00+09:00,J5,781,787,1568
2019-02-18T19:15:00+09:00,J1,1151,1394,2545
2019-02-18T19:15:00+09:00,J2,657,534,1191
2019-02-18T19:15:00+09:00,J3,1232,1015,2247
2019-02-18T19:15:00+09:00,J4,1106,912,2018
2019-02-18T19:15:00+09:00,J5,800,760,1560
2019-02-18T19:30:00+09:00,J1,1145,1308,2453
2019-02-18T19:30:00+09:00,J2,560,378,938
2019-02-18T19:30:00+09:00,J3,1134,864,1998
2019-02-18T19:30:00+09:00,J4,1100,883,1983
2019-02-18T19:30:00+09:00,J5,732,716,1448
2019-02-18T19:45:00+09:00,J1,1128,1300,2428
2019-02-18T19:45:00+09:00,J2,488,393,881
2019-02-18T19:45:00+09:00,J3,1099,850,1949
2019-02-18T19:45:00+09:00,J4,922,963,1885
2019-02-18T19:45:00+09:00,J5,673,715,1388
2019-02-18T20:00:00+09:00,J1,1116,1404,2520
2019-02-18T20:00:00+09:00,J2,526,377,903
2019-02-18T20:00:00+09:00,J3,1050,829,1879
2019-02-18T20:00:00+09:00,J4,1021,974,1995
2019-02-18T20:00:00+09:00,J5,736,712,1448
2019-02-18T20:15:00+09:00,J1,1109,1219,2328
2019-02-18T20:15:00+09:00,J2,629,473,1102
2019-02-18T20:15:00+09:00,J3,1098,920,2018
2019-02-18T20:15:00+09:00,J4,1010,967,1977
2019-02-18T20:15:00+09:00,J5,689,788,1477
2019-02-18T20:30:00+09:00,J1,1135,1328,2463
2019-02-18T20:30:00+09:00,J2,638,516,1154
2019-02-18T20:30:00+09:00,J3,1115,821,1936
2019-02-18T20:30:00+09:00,J4,1009,970,1979
2019-02-18T20:30:00+09:00,J5,733,732,1465
2019-02-18T20:45:00+09:00,J1,1169,1274,2443
2019-02-18T20:45:00+09:00,J2,482,390,872
2019-02-18T20:45:00+09:00,J3,993,842,1835
2019-02-18T20:45:00+09:00,J4,921,968,1889
2019-02-18T20:45:00+09:00,J5,701,678,1379
2019-02-18T21:00:00+09:00,J1,1053,1234,2287
2019-02-18T21:00:00+09:00,J2,548,438,986
2019-02-18T21:00:00+09:00,J3,1101,853,1954
2019-02-18T21:00:00+09:00,J4,927,864,1791
2019-02-18T21:00:00+09:00,J5,732,713,1445
2019-02-18T21:15:00+09:00,J1,1148,1281,2429
2019-02-18T21:15:00+09:00,J2,453,520,973
2019-02-18T21:15:00+09:00,J3,1064,777,1841
2019-02-18T21:15:00+09:00,J4,919,854,1773
2019-02-18T21:15:00+09:00,J5,693,707,1400
2019-02-18T21:30:00+09:00,J1,1155,1202,2357
2019-02-18T21:30:00+09:00,J2,534,530,1064
2019-02-18T21:30:00+09:00,J3,892,705,1597
2019-02-18T21:30:00+09:00,J4,783,770,1553
2019-02-18T21:30:00+09:00,J5,609,591,1200
2019-02-18T21:45:00+09:00,J1,1100,1274,2374
2019-02-18T21:45:00+09:00,J2,590,604,1194
2019-02-18T21:45:00+09:00,J3,866,702,1568
2019-02-18T21:45:00+09:00,J4,846,860,1706
2019-02-18T21:45:00+09:00,J5,596,544,1140
2019-02-18T22:00:00+09:00,J1,1098,1234,2332
2019-02-18T22:00:00+09:00,J2,551,483,1034
2019-02-18T22:00:00+09:00,J3,868,820,1688
2019-02-18T22:00:00+09:00,J4,890,835,1725
2019-02-18T22:00:00+09:00,J5,594,586,1180
2019-02-18T22:15:00+09:00,J1,1024,1215,2239
2019-02-18T22:15:00+09:00,J2,600,549,1149
2019-02-18T22:15:00+09:00,J3,846,732,1578
2019-02-18T22:15:00+09:00,J4,896,896,1792
2019-02-18T22:15:00+09:00,J5,609,558,1167
2019-02-18T22:30:00+09:00,J1,1073,1177,2250
2019-02-18T22:30:00+09:00,J2,566,557,1123
2019-02-18T22:30:00+09:00,J3,898,771,1669
2019-02-18T22:30:00+09:00,J4,913,866,1779
2019-02-18T22:30:00+09:00,J5,588,513,1101
2019-02-18T22:45:00+09:00,J1,1008,1148,2156
2019-02-18T22:45:00+09:00,J2,561,503,1064
2019-02-18T22:45:00+09:00,J3,930,814,1744
2019-02-18T22:45:00+09:00,J4,882,848,1730
2019-02-18T22:45:00+09:00,J5,561,506,1067
2019-02-18T23:00:00+09:00,J1,1012,1190,2202
2019-02-18T23:00:00+09:00,J2,632,576,1208
2019-02-18T23:00:00+09:00,J3,956,938,1894
2019-02-18T23:00:00+09:00,J4,864,846,1710
2019-02-18T23:00:00+09:00,J5,523,468,991
2019-02-18T23:15:00+09:00,J1,1027,1222,2249
2019-02-18T23:15:00+09:00,J2,582,490,1072
2019-02-18T23:15:00+09:00,J3,960,788,1748
2019-02-18T23:15:00+09:00,J4,893,954,1847
2019-02-18T23:15:00+09:00,J5,560,478,1038
2019-02-18T23:30:00+09:00,J1,1028,1112,2140
2019-02-18T23:30:00+09:00,J2,526,509,1035
2019-02-18T23:30:00+09:00,J3,923,931,1854
2019-02-18T23:30:00+09:00,J4,802,854,1656
2019-02-18T23:30:00+09:00,J5,565,491,1056
2019-02-18T23:45:00+09:00,J1,939,1031,1970
2019-02-18T23:45:00+09:00,J2,502,544,1046
2019-02-18T23:45:00+09:00,J3,990,894,1884
2019-02-18T23:45:00+09:00,J4,734,764,1498
2019-02-18T23:45:00+09:00,J5,545,505,1050
2019-02-19T00:00:00+09:00,J1,889,902,1791
2019-02-19T00:00:00+09:00,J2,567,539,1106
2019-02-19T00:00:00+09:00,J3,915,864,1779
2019-02-19T00:00:00+09:00,J4,742,716,1458
2019-02-19T00:00:00+09:00,J5,588,504,1092
2019-02-19T00:15:00+09:00,J1,688,750,1438
2019-02-19T00:15:00+09:00,J2,494,514,1008
2019-02-19T00:15:00+09:00,J3,880,702,1582
2019-02-19T00:15:00+09:00,J4,579,605,1184
2019-02-19T00:15:00+09:00,J5,507,584,1091
2019-02-19T00:30:00+09:00,J1,579,653,1232
2019-02-19T00:30:00+09:00,J2,485,524,1009
2019-02-19T00:30:00+09:00,J3,756,509,1265
2019-02-19T00:30:00+09:00,J4,458,417,875
2019-02-19T00:30:00+09:00,J5,561,557,1118
2019-02-19T00:45:00+09:00,J1,456,486,942
2019-02-19T00:45:00+09:00,J2,531,584,1115
2019-02-19T00:45:00+09:00,J3,756,493,1249
2019-02-19T00:45:00+09:00,J4,425,445,870
2019-02-19T00:45:00+09:00,J5,535,503,1038
2019-02-19T05:45:00+09:00,J1,568,520,1088
2019-02-19T05:45:00+09:00,J2,538,483,1021
2019-02-19T05:45:00+09:00,J3,511,538,1049
2019-02-19T05:45:00+09:00,J4,890,857,1747
2019-02-19T05:45:00+09:00,J5,407,467,874
2019-02-19T06:00:00+09:00,J1,640,687,1327
2019-02-19T06:00:00+09:00,J2,484,463,947
2019-02-19T06:00:00+09:00,J3,605,603,1208
2019-02-19T06:00:00+09:00,J4,833,890,1723
2019-02-19T06:00:00+09:00,J5,410,424,834
2019-02-19T06:15:00+09:00,J1,914,990,1904
2019-02-19T06:15:00+09:00,J2,471,498,969
2019-02-19T06:15:00+09:00,J3,710,664,1374
2019-02-19T06:15:00+09:00,J4,834,849,1683
2019-02-19T06:15:00+09:00,J5,462,476,938
2019-02-19T06:30:00+09:00,J1,873,947,1820
2019-02-19T06:30:00+09:00,J2,484,493,977
2019-02-19T06:30:00+09:00,J3,646,661,1307
2019-02-19T06:30:00+09:00,J4,832,819,1651
2019-02-19T06:30:00+09:00,J5,530,454,984
2019-02-19T06:45:00+09:00,J1,937,860,1797
2019-02-19T06:45:00+09:00,J2,551,479,1030
2019-02-19T06:45:00+09:00,J3,825,679,1504
2019-02-19T06:45:00+09:00,J4,833,846,1679
2019-02-19T06:45:00+09:00,J5,459,497,956
2019-02-19T07:00:00+09:00,J1,871,1009,1880
2019-02-19T07:00:00+09:00,J2,500,579,1079
2019-02-19T07:00:00+09:00,J3,900,746,1646
2019-02-19T07:00:00+09:00,J4,917,867,1784
2019-02-19T07:00:00+09:00,J5,511,491,1002
2019-02-19T07:15:00+09:00,J1,1001,1082,2083
2019-02-19T07:15:00+09:00,J2,574,515,1089
2019-02-19T07:15:00+09:00,J3,983,782,1765
2019-02-19T07:15:00+09:00,J4,994,944,1938
2019-02-19T07:15:00+09:00,J5,494,475,969
2019-02-19T07:30:00+09:00,J1,1125,1300,2425
2019-02-19T07:30:00+09:00,J2,516,497,1013
2019-02-19T07:30:00+09:00,J3,1328,1137,2465
2019-02-19T07:30:00+09:00,J4,996,1026,2022
2019-02-19T07:30:00+09:00,J5,665,683,1348
2019-02-19T07:45:00+09:00,J1,1267,1222,2489
2019-02-19T07:45:00+09:00,J2,651,506,1157
2019-02-19T07:45:00+09:00,J3,1369,1296,2665
2019-02-19T07:45:00+09:00,J4,1006,1100,2106
2019-02-19T07:45:00+09:00,J5,767,748,1515
2019-02-19T08:00:00+09:00,J1,1381,1385,2766
2019-02-19T08:00:00+09:00,J2,681,633,1314
2019-02-19T08:00:00+09:00,J3,1463,1303,2766
2019-02-19T08:00:00+09:00,J4,945,1204,2149
2019-02-19T08:00:00+09:00,J5,749,792,1541
2019-02-19T08:15:00+09:00,J1,1377,1384,2761
2019-02-19T08:15:00+09:00,J2,693,541,1234
2019-02-19T08:15:00+09:00,J3,1415,1367,2782
2019-02-19T08:15:00+09:00,J4,984,1277,2261
2019-02-19T08:15:00+09:00,J5,713,788,1501
2019-02-19T08:30:00+09:00,J1,1513,1388,2901
2019-02-19T08:30:00+09:00,J2,825,613,1438
2019-02-19T08:30:00+09:00,J3,1293,1463,2756
2019-02-19T08:30:00+09:00,J4,1016,1216,2232
2019-02-19T08:30:00+09:00,J5,728,797,1525
2019-02-19T08:45:00+09:00,J1,1407,1261,2668
2019-02-19T08:45:00+09:00,J2,695,544,1239
2019-02-19T08:45:00+09:00,J3,1233,1225,2458
2019-02-19T08:45:00+09:00,J4,862,1049,1911
2019-02-19T08:45:00+09:00,J5,667,661,1328
2019-02-19T09:00:00+09:00,J1,1328,1335,2663
2019-02-19T09:00:00+09:00,J2,570,615,1185
2019-02-19T09:00:00+09:00,J3,1195,1149,2344
2019-02-19T09:00:00+09:00,J4,814,949,1763
2019-02-19T09:00:00+09:00,J5,703,661,1364
2019-02-19T09:15:00+09:00,J1,1213,1190,2403
2019-02-19T09:15:00+09:00,J2,547,522,1069
2019-02-19T09:15:00+09:00,J3,1024,955,1979
2019-02-19T09:15:00+09:00,J4,769,961,1730
2019-02-19T09:15:00+09:00,J5,507,525,1032
2019-02-19T09:30:00+09:00,J1,1182,1152,2334
2019-02-19T09:30:00+09:00,J2,578,591,1169
2019-02-19T09:30:00+09:00,J3,845,835,1680
2019-02-19T09:30:00+09:00,J4,789,932,1721
2019-02-19T09:30:00+09:00,J5,575,516,1091
2019-02-19T09:45:00+09:00,J1,1225,1175,2400
2019-02-19T09:45:00+09:00,J2,560,570,1130
2019-02-19T09:45:00+09:00,J3,996,938,1934
2019-02-19T09:45:00+09:00,J4,848,884,1732
2019-02-19T09:45:00+09:00,J5,506,460,966
2019-02-19T10:00:00+09:00,J1,1182,1234,2416
2019-02-19T10:00:00+09:00,J2,523,538,1061
2019-02-19T10:00:00+09:00,J3,965,944,1909
2019-02-19T10:00:00+09:00,J4,811,862,1673
2019-02-19T10:00:00+09:00,J5,567,514,1081
2019-02-19T10:15:00+09:00,J1,1046,1088,2134
2019-02-19T10:15:00+09:00,J2,515,443,958
2019-02-19T10:15:00+09:00,J3,986,989,1975
2019-02-19T10:15:00+09:00,J4,802,900,1702
2019-02-19T10:15:00+09:00,J5,562,525,1087
2019-02-19T10:30:00+09:00,J1,1060,1109,2169
2019-02-19T10:30:00+09:00,J2,552,545,1097
2019-02-19T10:30:00+09:00,J3,1003,982,1985
2019-02-19T10:30:00+09:00,J4,931,974,1905
2019-02-19T10:30:00+09:00,J5,577,513,1090
2019-02-19T10:45:00+09:00,J1,1142,1163,2305
2019-02-19T10:45:00+09:00,J2,594,562,1156
2019-02-19T10:45:00+09:00,J3,1136,1030,2166
2019-02-19T10:45:00+09:00,J4,850,908,1758
2019-02-19T10:45:00+09:00,J5,536,481,1017
2019-02-19T11:00:00+09:00,J1,1172,1252,2424
2019-02-19T11:00:00+09:00,J2,548,541,1089
2019-02-19T11:00:00+09:00,J3,1101,1084,2185
2019-02-19T11:00:00+09:00,J4,963,924,1887
2019-02-19T11:00:00+09:00,J5,515,510,1025
2019-02-19T11:15:00+09:00,J1,1176,1393,2569
2019-02-19T11:15:00+09:00,J2,491,459,950
2019-02-19T11:15:00+09:00,J3,1163,1058,2221
2019-02-19T11:15:00+09:00,J4,884,934,1818
2019-02-19T11:15:00+09:00,J5,716,656,1372
2019-02-19T11:30:00+09:00,J1,1163,1338,2501
2019-02-19T11:30:00+09:00,J2,608,562,1170
2019-02-19T11:30:00+09:00,J3,1311,1216,2527
2019-02-19T11:30:00+09:00,J4,916,925,1841
2019-02-19T11:30:00+09:00,J5,721,747,1468
2019-02-19T11:45:00+09:00,J1,1197,1369,2566
2019-02-19T11:45:00+09:00,J2,635,550,1185
2019-02-19T11:45:00+09:00,J3,1429,1200,2629
2019-02-19T11:45:00+09:00,J4,1006,827,1833
2019-02-19T11:45:00+09:00,J5,715,712,1427
2019-02-19T12:00:00+09:00,J1,1134,1292,2426
2019-02-19T12:00:00+09:00,J2,652,612,1264
2019-02-19T12:00:00+09:00,J3,1410,1261,2671
2019-02-19T12:00:00+09:00,J4,964,962,1926
2019-02-19T12:00:00+09:00,J5,756,734,1490
2019-02-19T12:15:00+09:00,J1,1061,1379,2440
2019-02-19T12:15:00+09:00,J2,607,538,1145
2019-02-19T12:15:00+09:00,J3,1147,1002,2149
2019-02-19T12:15:00+09:00,J4,1018,887,1905
2019-02-19T12:15:00+09:00,J5,716,665,1381
2019-02-19T12:30:00+09:00,J1,1056,1236,2292
2019-02-19T12:30:00+09:00,J2,636,610,1246
2019-02-19T12:30:00+09:00,J3,961,910,1871
2019-02-19T12:30:00+09:00,J4,899,910,1809
2019-02-19T12:30:00+09:00,J5,600,679,1279
2019-02-19T12:45:00+09:00,J1,1054,1292,2346
2019-02-19T12:45:00+09:00,J2,681,636,1317
2019-02-19T12:45:00+09:00,J3,896,808,1704
2019-02-19T12:45:00+09:00,J4,917,851,1768
2019-02-19T12:45:00+09:00,J5,545,535,1080
2019-02-19T13:00:00+09:00,J1,1050,1257,2307
2019-02-19T13:00:00+09:00,J2,694,523,1217
2019-02-19T13:00:00+09:00,J3,900,810,1710
2019-02-19T13:00:00+09:00,J4,932,887,1819
2019-02-19T13:00:00+09:00,J5,497,540,1037
2019-02-19T13:15:00+09:00,J1,1051,1239,2290
2019-02-19T13:15:00+09:00,J2,712,585,1297
2019-02-19T13:15:00+09:00,J3,920,814,1734
2019-02-19T13:15:00+09:00,J4,1009,829,1838
2019-02-19T13:15:00+09:00,J5,489,511,1000
2019-02-19T13:30:00+09:00,J1,1036,1197,2233
2019-02-19T13:30:00+09:00,J2,611,557,1168
2019-02-19T13:30:00+09:00,J3,854,802,1656
2019-02-19T13:30:00+09:00,J4,917,843,1760
2019-02-19T13:30:00+09:00,J5,573,631,1204
2019-02-19T13:45:00+09:00,J1,1036,1300,2336
2019-02-19T13:45:00+09:00,J2,621,554,1175
2019-02-19T13:45:00+09:00,J3,855,780,1635
2019-02-19T13:45:00+09:00,J4,916,839,1755
2019-02-19T13:45:00+09:00,J5,692,715,1407
2019-02-19T14:00:00+09:00,J1,1071,1283,2354
2019-02-19T14:00:00+09:00,J2,612,545,1157
2019-02-19T14:00:00+09:00,J3,859,769,1628
2019-02-19T14:00:00+09:00,J4,839,775,1614
2019-02-19T14:00:00+09:00,J5,707,740,1447
2019-02-19T14:15:00+09:00,J1,1071,1238,2309
2019-02-19T14:15:00+09:00,J2,634,526,1160
2019-02-19T14:15:00+09:00,J3,835,760,1595
2019-02-19T14:15:00+09:00,J4,889,839,1728
2019-02-19T14:15:00+09:00,J5,693,710,1403
2019-02-19T14:30:00+09:00,J1,1054,1264,2318
2019-02-19T14:30:00+09:00,J2,611,549,1160
2019-02-19T14:30:00+09:00,J3,815,728,1543
2019-02-19T14:30:00+09:00,J4,898,881,1779
2019-02-19T14:30:00+09:00,J5,657,697,1354
2019-02-19T14:45:00+09:00,J1,1040,1292,2332
2019-02-19T14:45:00+09:00,J2,632,631,1263
2019-02-19T14:45:00+09:00,J3,839,792,1631
2019-02-19T14:45:00+09:00,J4,857,850,1707
2019-02-19T14:45:00+09:00,J5,609,597,1206
2019-02-19T15:00:00+09:00,J1,1078,1265,2343
2019-02-19T15:00:00+09:00,J2,615,563,1178
2019-02-19T15:00:00+09:00,J3,896,754,1650
2019-02-19T15:00:00+09:00,J4,931,824,1755
2019-02-19T15:00:00+09:00,J5,549,662,1211
2019-02-19T15:15:00+09:00,J1,1053,1349,2402
2019-02-19T15:15:00+09:00,J2,600,551,1151
2019-02-19T15:15:00+09:00,J3,841,744,1585
2019-02-19T15:15:00+09:00,J4,830,834,1664
2019-02-19T15:15:00+09:00,J5,612,677,1289
2019-02-19T15:30:00+09:00,J1,1018,1286,2304
2019-02-19T15:30:00+09:00,J2,616,500,1116
2019-02-19T15:30:00+09:00,J3,826,727,1553
2019-02-19T15:30:00+09:00,J4,834,825,1659
2019-02-19T15:30:00+09:00,J5,620,648,1268
2019-02-19T15:45:00+09:00,J1,1019,1238,2257
2019-02-19T15:45:00+09:00,J2,591,491,1082
2019-02-19T15:45:00+09:00,J3,805,744,1549
2019-02-19T15:45:00+09:00,J4,829,855,1684
2019-02-19T15:45:00+09:00,J5,592,638,1230
2019-02-19T16:00:00+09:00,J1,1130,1255,2385
2019-02-19T16:00:00+09:00,J2,591,497,1088
2019-02-19T16:00:00+09:00,J3,839,728,1567
2019-02-19T16:00:00+09:00,J4,804,825,1629
2019-02-19T16:00:00+09:00,J5,626,662,1288
2019-02-19T16:15:00+09:00,J1,1097,1265,2362
2019-02-19T16:15:00+09:00,J2,618,545,1163
2019-02-19T16:15:00+09:00,J3,877,749,1626
2019-02-19T16:15:00+09:00,J4,793,795,1588
2019-02-19T16:15:00+09:00,J5,616,681,1297
2019-02-19T16:30:00+09:00,J1,1080,1295,2375
2019-02-19T16:30:00+09:00,J2,520,481,1001
2019-02-19T16:30:00+09:00,J3,973,939,1912
2019-02-19T16:30:00+09:00,J4,808,807,1615
2019-02-19T16:30:00+09:00,J5,610,639,1249
2019-02-19T16:45:00+09:00,J1,1126,1257,2383
2019-02-19T16:45:00+09:00,J2,591,459,1050
2019-02-19T16:45:00+09:00,J3,1070,957,2027
2019-02-19T16:45:00+09:00,J4,848,793,1641
2019-02-19T16:45:00+09:00,J5,595,631,1226
2019-02-19T17:00:00+09:00,J1,1102,1355,2457
2019-02-19T17:00:00+09:00,J2,609,542,1151
2019-02-19T17:00:00+09:00,J3,1170,1003,2173
2019-02-19T17:00:00+09:00,J4,848,842,1690
2019-02-19T17:00:00+09:00,J5,639,636,1275
2019-02-19T17:15:00+09:00,J1,1156,1321,2477
2019-02-19T17:15:00+09:00,J2,665,551,1216
2019-02-19T17:15:00+09:00,J3,1324,1070,2394
2019-02-19T17:15:00+09:00,J4,850,882,1732
2019-02-19T17:15:00+09:00,J5,621,652,1273
2019-02-19T17:30:00+09:00,J1,1180,1396,2576
2019-02-19T17:30:00+09:00,J2,712,593,1305
2019-02-19T17:30:00+09:00,J3,1343,1110,2453
2019-02-19T17:30:00+09:00,J4,927,921,1848
2019-02-19T17:30:00+09:00,J5,689,677,1366
2019-02-19T17:45:00+09:00,J1,1218,1404,2622
2019-02-19T17:45:00+09:00,J2,669,630,1299
2019-02-19T17:45:00+09:00,J3,1305,1140,2445
2019-02-19T17:45:00+09:00,J4,1058,901,1959
2019-02-19T17:45:00+09:00,J5,659,710,1369
2019-02-19T18:00:00+09:00,J1,1182,1448,2630
2019-02-19T18:00:00+09:00,J2,832,677,1509
2019-02-19T18:00:00+09:00,J3,1351,1098,2449
2019-02-19T18:00:00+09:00,J4,976,878,1854
2019-02-19T18:00:00+09:00,J5,685,701,1386
2019-02-19T18:15:00+09:00,J1,1248,1357,2605
2019-02-19T18:15:00+09:00,J2,829,639,1468
2019-02-19T18:15:00+09:00,J3,1405,1025,2430
2019-02-19T18:15:00+09:00,J4,972,793,1765
2019-02-19T18:15:00+09:00,J5,656,675,1331
2019-02-19T18:30:00+09:00,J1,1231,1291,2522
2019-02-19T18:30:00+09:00,J2,694,542,1236
2019-02-19T18:30:00+09:00,J3,1254,1001,2255
2019-02-19T18:30:00+09:00,J4,832,700,1532
2019-02-19T18:30:00+09:00,J5,685,634,1319
2019-02-19T18:45:00+09:00,J1,1184,1405,2589
2019-02-19T18:45:00+09:00,J2,607,472,1079
2019-02-19T18:45:00+09:00,J3,1164,939,2103
2019-02-19T18:45:00+09:00,J4,839,878,1717
2019-02-19T18:45:00+09:00,J5,712,672,1384
2019-02-19T19:00:00+09:00,J1,1166,1338,2504
2019-02-19T19:00:00+09:00,J2,689,539,1228
2019-02-19T19:00:00+09:00,J3,1217,922,2139
2019-02-19T19:00:00+09:00,J4,878,892,1770
2019-02-19T19:00:00+09:00,J5,677,669,1346
2019-02-19T19:15:00+09:00,J1,1190,1381,2571
2019-02-19T19:15:00+09:00,J2,578,488,1066
2019-02-19T19:15:00+09:00,J3,1201,1050,2251
2019-02-19T19:15:00+09:00,J4,835,909,1744
2019-02-19T19:15:00+09:00,J5,724,682,1406
2019-02-19T19:30:00+09:00,J1,1173,1334,2507
2019-02-19T19:30:00+09:00,J2,546,495,1041
2019-02-19T19:30:00+09:00,J3,1092,898,1990
2019-02-19T19:30:00+09:00,J4,908,843,1751
2019-02-19T19:30:00+09:00,J5,690,670,1360
2019-02-19T19:45:00+09:00,J1,1075,1290,2365
2019-02-19T19:45:00+09:00,J2,631,527,1158
2019-02-19T19:45:00+09:00,J3,972,869,1841
2019-02-19T19:45:00+09:00,J4,927,810,1737
2019-02-19T19:45:00+09:00,J5,672,588,1260
2019-02-19T20:00:00+09:00,J1,1166,1208,2374
2019-02-19T20:00:00+09:00,J2,650,558,1208
2019-02-19T20:00:00+09:00,J3,995,944,1939
2019-02-19T20:00:00+09:00,J4,921,819,1740
2019-02-19T20:00:00+09:00,J5,661,649,1310
2019-02-19T20:15:00+09:00,J1,1100,1302,2402
2019-02-19T20:15:00+09:00,J2,588,401,989
2019-02-19T20:15:00+09:00,J3,918,916,1834
2019-02-19T20:15:00+09:00,J4,960,901,1861
2019-02-19T20:15:00+09:00,J5,736,653,1389
2019-02-19T20:30:00+09:00,J1,1109,1221,2330
2019-02-19T20:30:00+09:00,J2,679,393,1072
2019-02-19T20:30:00+09:00,J3,1032,944,1976
2019-02-19T20:30:00+09:00,J4,972,837,1809
2019-02-19T20:30:00+09:00,J5,679,631,1310
2019-02-19T20:45:00+09:00,J1,1050,1232,2282
2019-02-19T20:45:00+09:00,J2,611,403,1014
2019-02-19T20:45:00+09:00,J3,913,823,1736
2019-02-19T20:45:00+09:00,J4,1022,807,1829
2019-02-19T20:45:00+09:00,J5,623,650,1273
2019-02-19T21:00:00+09:00,J1,1052,1236,2288
2019-02-19T21:00:00+09:00,J2,538,445,983
2019-02-19T21:00:00+09:00,J3,1015,809,1824
2019-02-19T21:00:00+09:00,J4,891,904,1795
2019-02-19T21:00:00+09:00,J5,677,631,1308
2019-02-19T21:15:00+09:00,J1,1021,1243,2264
2019-02-19T21:15:00+09:00,J2,417,465,882
2019-02-19T21:15:00+09:00,J3,996,800,1796
2019-02-19T21:15:00+09:00,J4,896,790,1686
2019-02-19T21:15:00+09:00,J5,656,672,1328
2019-02-19T21:30:00+09:00,J1,922,1115,2037
2019-02-19T21:30:00+09:00,J2,430,470,900
2019-02-19T21:30:00+09:00,J3,862,738,1600
2019-02-19T21:30:00+09:00,J4,847,757,1604
2019-02-19T21:30:00+09:00,J5,633,670,1303
2019-02-19T21:45:00+09:00,J1,903,1058,1961
2019-02-19T21:45:00+09:00,J2,554,533,1087
2019-02-19T21:45:00+09:00,J3,942,774,1716
2019-02-19T21:45:00+09:00,J4,776,780,1556
2019-02-19T21:45:00+09:00,J5,637,649,1286
2019-02-19T22:00:00+09:00,J1,894,1086,1980
2019-02-19T22:00:00+09:00,J2,589,477,1066
2019-02-19T22:00:00+09:00,J3,856,867,1723
2019-02-19T22:00:00+09:00,J4,786,808,1594
2019-02-19T22:00:00+09:00,J5,634,624,1258
2019-02-19T22:15:00+09:00,J1,886,1064,1950
2019-02-19T22:15:00+09:00,J2,585,643,1228
2019-02-19T22:15:00+09:00,J3,1047,907,1954
2019-02-19T22:15:00+09:00,J4,735,814,1549
2019-02-19T22:15:00+09:00,J5,648,614,1262
2019-02-19T22:30:00+09:00,J1,891,1045,1936
2019-02-19T22:30:00+09:00,J2,572,564,1136
2019-02-19T22:30:00+09:00,J3,1067,976,2043
2019-02-19T22:30:00+09:00,J4,787,841,1628
2019-02-19T22:30:00+09:00,J5,695,672,1367
2019-02-19T22:45:00+09:00,J1,926,986,1912
2019-02-19T22:45:00+09:00,J2,564,491,1055
2019-02-19T22:45:00+09:00,J3,663,731,1394
2019-02-19T22:45:00+09:00,J4,864,909,1773
2019-02-19T22:45:00+09:00,J5,607,561,1168
2019-02-19T23:00:00+09:00,J1,904,983,1887
2019-02-19T23:00:00+09:00,J2,602,602,1204
2019-02-19T23:00:00+09:00,J3,765,711,1476
2019-02-19T23:00:00+09:00,J4,912,878,1790
2019-02-19T23:00:00+09:00,J5,616,619,1235
2019-02-19T23:15:00+09:00,J1,902,1097,1999
2019-02-19T23:15:00+09:00,J2,577,542,1119
2019-02-19T23:15:00+09:00,J3,806,774,1580
2019-02-19T23:15:00+09:00,J4,847,868,1715
2019-02-19T23:15:00+09:00,J5,580,570,1150
2019-02-19T23:30:00+09:00,J1,871,961,1832
2019-02-19T23:30:00+09:00,J2,572,492,1064
2019-02-19T23:30:00+09:00,J3,717,775,1492
2019-02-19T23:30:00+09:00,J4,801,849,1650
2019-02-19T23:30:00+09:00,J5,596,554,1150
2019-02-19T23:45:00+09:00,J1,832,940,1772
2019-02-19T23:45:00+09:00,J2,615,478,1093
2019-02-19T23:45:00+09:00,J3,727,690,1417
2019-02-19T23:45:00+09:00,J4,783,813,1596
2019-02-19T23:45:00+09:00,J5,523,620,1143
2019-02-20T00:00:00+09:00,J1,714,832,1546
2019-02-20T00:00:00+09:00,J2,585,525,1110
2019-02-20T00:00:00+09:00,J3,748,765,1513
2019-02-20T00:00:00+09:00,J4,742,738,1480
2019-02-20T00:00:00+09:00,J5,567,576,1143
2019-02-20T00:15:00+09:00,J1,693,720,1413
2019-02-20T00:15:00+09:00,J2,526,549,1075
2019-02-20T00:15:00+09:00,J3,980,856,1836
2019-02-20T00:15:00+09:00,J4,634,668,1302
2019-02-20T00:15:00+09:00,J5,489,480,969
2019-02-20T00:30:00+09:00,J1,691,664,1355
2019-02-20T00:30:00+09:00,J2,472,571,1043
2019-02-20T00:30:00+09:00,J3,916,828,1744
2019-02-20T00:30:00+09:00,J4,496,536,1032
2019-02-20T00:30:00+09:00,J5,398,413,811
2019-02-20T00:45:00+09:00,J1,726,617,1343
2019-02-20T00:45:00+09:00,J2,499,540,1039
2019-02-20T00:45:00+09:00,J3,914,714,1628
2019-02-20T00:45:00+09:00,J4,436,562,998
2019-02-20T00:45:00+09:00,J5,315,368,683
2019-02-20T05:45:00+09:00,J1,972,934,1906
2019-02-20T05:45:00+09:00,J2,438,500,938
2019-02-20T05:45:00+09:00,J3,715,596,1311
2019-02-20T05:45:00+09:00,J4,656,639,1295
2019-02-20T05:45:00+09:00,J5,415,319,734
2019-02-20T06:00:00+09:00,J1,899,948,1847
2019-02-20T06:00:00+09:00,J2,460,603,1063
2019-02-20T06:00:00+09:00,J3,868,689,1557
2019-02-20T06:00:00+09:00,J4,719,657,1376
2019-02-20T06:00:00+09:00,J5,367,268,635
2019-02-20T06:15:00+09:00,J1,891,995,1886
2019-02-20T06:15:00+09:00,J2,509,525,1034
2019-02-20T06:15:00+09:00,J3,992,768,1760
2019-02-20T06:15:00+09:00,J4,684,674,1358
2019-02-20T06:15:00+09:00,J5,336,341,677
2019-02-20T06:30:00+09:00,J1,906,935,1841
2019-02-20T06:30:00+09:00,J2,490,547,1037
2019-02-20T06:30:00+09:00,J3,920,755,1675
2019-02-20T06:30:00+09:00,J4,720,694,1414
2019-02-20T06:30:00+09:00,J5,357,350,707
2019-02-20T06:45:00+09:00,J1,864,941,1805
2019-02-20T06:45:00+09:00,J2,482,541,1023
2019-02-20T06:45:00+09:00,J3,946,786,1732
2019-02-20T06:45:00+09:00,J4,739,737,1476
2019-02-20T06:45:00+09:00,J5,344,358,702
2019-02-20T07:00:00+09:00,J1,863,986,1849
2019-02-20T07:00:00+09:00,J2,490,503,993
2019-02-20T07:00:00+09:00,J3,1071,789,1860
2019-02-20T07:00:00+09:00,J4,825,810,1635
2019-02-20T07:00:00+09:00,J5,394,336,730
2019-02-20T07:15:00+09:00,J1,994,996,1990
2019-02-20T07:15:00+09:00,J2,538,533,1071
2019-02-20T07:15:00+09:00,J3,1172,852,2024
2019-02-20T07:15:00+09:00,J4,870,931,1801
2019-02-20T07:15:00+09:00,J5,381,359,740
2019-02-20T07:30:00+09:00,J1,1081,1130,2211
2019-02-20T07:30:00+09:00,J2,599,499,1098
2019-02-20T07:30:00+09:00,J3,1251,1117,2368
2019-02-20T07:30:00+09:00,J4,969,1056,2025
2019-02-20T07:30:00+09:00,J5,746,681,1427
2019-02-20T07:45:00+09:00,J1,1128,1203,2331
2019-02-20T07:45:00+09:00,J2,715,610,1325
2019-02-20T07:45:00+09:00,J3,1295,1146,2441
2019-02-20T07:45:00+09:00,J4,981,1207,2188
2019-02-20T07:45:00+09:00,J5,702,765,1467
2019-02-20T08:00:00+09:00,J1,1290,1316,2606
2019-02-20T08:00:00+09:00,J2,734,678,1412
2019-02-20T08:00:00+09:00,J3,1444,1242,2686
2019-02-20T08:00:00+09:00,J4,986,1190,2176
2019-02-20T08:00:00+09:00,J5,741,796,1537
2019-02-20T08:15:00+09:00,J1,1369,1307,2676
2019-02-20T08:15:00+09:00,J2,746,639,1385
2019-02-20T08:15:00+09:00,J3,1475,1434,2909
2019-02-20T08:15:00+09:00,J4,1102,1272,2374
2019-02-20T08:15:00+09:00,J5,710,873,1583
2019-02-20T08:30:00+09:00,J1,1453,1362,2815
2019-02-20T08:30:00+09:00,J2,903,561,1464
2019-02-20T08:30:00+09:00,J3,1415,1459,2874
2019-02-20T08:30:00+09:00,J4,987,1186,2173
2019-02-20T08:30:00+09:00,J5,676,787,1463
2019-02-20T08:45:00+09:00,J1,1303,1337,2640
2019-02-20T08:45:00+09:00,J2,708,500,1208
2019-02-20T08:45:00+09:00,J3,1291,1317,2608
2019-02-20T08:45:00+09:00,J4,927,996,1923
2019-02-20T08:45:00+09:00,J5,520,625,1145
2019-02-20T09:00:00+09:00,J1,1355,1275,2630
2019-02-20T09:00:00+09:00,J2,526,514,1040
2019-02-20T09:00:00+09:00,J3,1188,1047,2235
2019-02-20T09:00:00+09:00,J4,844,954,1798
2019-02-20T09:00:00+09:00,J5,515,520,1035
2019-02-20T09:15:00+09:00,J1,1209,1213,2422
2019-02-20T09:15:00+09:00,J2,520,534,1054
2019-02-20T09:15:00+09:00,J3,1018,987,2005
2019-02-20T09:15:00+09:00,J4,762,996,1758
2019-02-20T09:15:00+09:00,J5,575,487,1062
2019-02-20T09:30:00+09:00,J1,1276,1184,2460
2019-02-20T09:30:00+09:00,J2,617,509,1126
2019-02-20T09:30:00+09:00,J3,1019,984,2003
2019-02-20T09:30:00+09:00,J4,838,925,1763
2019-02-20T09:30:00+09:00,J5,614,533,1147
2019-02-20T09:45:00+09:00,J1,1173,1335,2508
2019-02-20T09:45:00+09:00,J2,586,559,1145
2019-02-20T09:45:00+09:00,J3,1082,1094,2176
2019-02-20T09:45:00+09:00,J4,852,959,1811
2019-02-20T09:45:00+09:00,J5,591,604,1195
2019-02-20T10:00:00+09:00,J1,1182,1235,2417
2019-02-20T10:00:00+09:00,J2,519,459,978
2019-02-20T10:00:00+09:00,J3,984,1010,1994
2019-02-20T10:00:00+09:00,J4,876,870,1746
2019-02-20T10:00:00+09:00,J5,626,692,1318
2019-02-20T10:15:00+09:00,J1,1207,1247,2454
2019-02-20T10:15:00+09:00,J2,520,580,1100
2019-02-20T10:15:00+09:00,J3,1060,1060,2120
2019-02-20T10:15:00+09:00,J4,943,884,1827
2019-02-20T10:15:00+09:00,J5,644,663,1307
2019-02-20T10:30:00+09:00,J1,1166,1295,2461
2019-02-20T10:30:00+09:00,J2,494,503,997
2019-02-20T10:30:00+09:00,J3,994,1084,2078
2019-02-20T10:30:00+09:00,J4,856,915,1771
2019-02-20T10:30:00+09:00,J5,688,677,1365
2019-02-20T10:45:00+09:00,J1,1164,1202,2366
2019-02-20T10:45:00+09:00,J2,539,574,1113
2019-02-20T10:45:00+09:00,J3,1076,1059,2135
2019-02-20T10:45:00+09:00,J4,934,897,1831
2019-02-20T10:45:00+09:00,J5,631,699,1330
2019-02-20T11:00:00+09:00,J1,1186,1227,2413
2019-02-20T11:00:00+09:00,J2,513,592,1105
2019-02-20T11:00:00+09:00,J3,1124,1167,2291
2019-02-20T11:00:00+09:00,J4,902,936,1838
2019-02-20T11:00:00+09:00,J5,622,621,1243
2019-02-20T11:15:00+09:00,J1,1227,1338,2565
2019-02-20T11:15:00+09:00,J2,551,544,1095
2019-02-20T11:15:00+09:00,J3,1121,1017,2138
2019-02-20T11:15:00+09:00,J4,895,945,1840
2019-02-20T11:15:00+09:00,J5,629,653,1282
2019-02-20T11:30:00+09:00,J1,1176,1352,2528
2019-02-20T11:30:00+09:00,J2,525,616,1141
2019-02-20T11:30:00+09:00,J3,1281,1205,2486
2019-02-20T11:30:00+09:00,J4,963,948,1911
2019-02-20T11:30:00+09:00,J5,704,714,1418
2019-02-20T11:45:00+09:00,J1,1169,1268,2437
2019-02-20T11:45:00+09:00,J2,575,598,1173
2019-02-20T11:45:00+09:00,J3,1368,1233,2601
2019-02-20T11:45:00+09:00,J4,979,894,1873
2019-02-20T11:45:00+09:00,J5,673,740,1413
2019-02-20T12:00:00+09:00,J1,1094,1411,2505
2019-02-20T12:00:00+09:00,J2,694,625,1319
2019-02-20T12:00:00+09:00,J3,1444,1251,2695
2019-02-20T12:00:00+09:00,J4,950,978,1928
2019-02-20T12:00:00+09:00,J5,721,751,1472
2019-02-20T12:15:00+09:00,J1,1028,1298,2326
2019-02-20T12:15:00+09:00,J2,682,621,1303
2019-02-20T12:15:00+09:00,J3,1164,1015,2179
2019-02-20T12:15:00+09:00,J4,1019,950,1969
2019-02-20T12:15:00+09:00,J5,683,706,1389
2019-02-20T12:30:00+09:00,J1,1047,1446,2493
2019-02-20T12:30:00+09:00,J2,674,639,1313
2019-02-20T12:30:00+09:00,J3,1073,948,2021
2019-02-20T12:30:00+09:00,J4,944,966,1910
2019-02-20T12:30:00+09:00,J5,577,617,1194
2019-02-20T12:45:00+09:00,J1,1124,1283,2407
2019-02-20T12:45:00+09:00,J2,684,661,1345
2019-02-20T12:45:00+09:00,J3,1092,1026,2118
2019-02-20T12:45:00+09:00,J4,910,902,1812
2019-02-20T12:45:00+09:00,J5,551,568,1119
2019-02-20T13:00:00+09:00,J1,1086,1316,2402
2019-02-20T13:00:00+09:00,J2,620,653,1273
2019-02-20T13:00:00+09:00,J3,951,876,1827
2019-02-20T13:00:00+09:00,J4,957,895,1852
2019-02-20T13:00:00+09:00,J5,548,511,1059
2019-02-20T13:15:00+09:00,J1,1139,1346,2485
2019-02-20T13:15:00+09:00,J2,612,623,1235
2019-02-20T13:15:00+09:00,J3,1027,954,1981
2019-02-20T13:15:00+09:00,J4,961,845,1806
2019-02-20T13:15:00+09:00,J5,507,531,1038
2019-02-20T13:30:00+09:00,J1,1091,1239,2330
2019-02-20T13:30:00+09:00,J2,567,615,1182
2019-02-20T13:30:00+09:00,J3,1027,1014,2041
2019-02-20T13:30:00+09:00,J4,922,877,1799
2019-02-20T13:30:00+09:00,J5,523,484,1007
2019-02-20T13:45:00+09:00,J1,1098,1306,2404
2019-02-20T13:45:00+09:00,J2,638,596,1234
2019-02-20T13:45:00+09:00,J3,989,951,1940
2019-02-20T13:45:00+09:00,J4,914,836,1750
2019-02-20T13:45:00+09:00,J5,517,495,1012
2019-02-20T14:00:00+09:00,J1,978,1300,2278
2019-02-20T14:00:00+09:00,J2,637,604,1241
2019-02-20T14:00:00+09:00,J3,1016,994,2010
2019-02-20T14:00:00+09:00,J4,954,959,1913
2019-02-20T14:00:00+09:00,J5,565,481,1046
2019-02-20T14:15:00+09:00,J1,1051,1275,2326
2019-02-20T14:15:00+09:00,J2,582,646,1228
2019-02-20T14:15:00+09:00,J3,1004,1056,2060
2019-02-20T14:15:00+09:00,J4,976,901,1877
2019-02-20T14:15:00+09:00,J5,502,515,1017
2019-02-20T14:30:00+09:00,J1,1015,1253,2268
2019-02-20T14:30:00+09:00,J2,677,618,1295
2019-02-20T14:30:00+09:00,J3,1087,974,2061
2019-02-20T14:30:00+09:00,J4,887,900,1787
2019-02-20T14:30:00+09:00,J5,575,523,1098
2019-02-20T14:45:00+09:00,J1,1059,1234,2293
2019-02-20T14:45:00+09:00,J2,678,704,1382
2019-02-20T14:45:00+09:00,J3,1055,954,2009
2019-02-20T14:45:00+09:00,J4,914,866,1780
2019-02-20T14:45:00+09:00,J5,595,630,1225
2019-02-20T15:00:00+09:00,J1,1040,1350,2390
2019-02-20T15:00:00+09:00,J2,591,622,1213
2019-02-20T15:00:00+09:00,J3,976,908,1884
2019-02-20T15:00:00+09:00,J4,923,854,1777
2019-02-20T15:00:00+09:00,J5,667,688,1355
2019-02-20T15:15:00+09:00,J1,1088,1358,2446
2019-02-20T15:15:00+09:00,J2,576,621,1197
2019-02-20T15:15:00+09:00,J3,921,866,1787
2019-02-20T15:15:00+09:00,J4,985,862,1847
2019-02-20T15:15:00+09:00,J5,637,654,1291
2019-02-20T15:30:00+09:00,J1,1081,1408,2489
2019-02-20T15:30:00+09:00,J2,571,644,1215
2019-02-20T15:30:00+09:00,J3,962,899,1861
2019-02-20T15:30:00+09:00,J4,892,833,1725
2019-02-20T15:30:00+09:00,J5,624,586,1210
2019-02-20T15:45:00+09:00,J1,1067,1406,2473
2019-02-20T15:45:00+09:00,J2,652,680,1332
2019-02-20T15:45:00+09:00,J3,1035,1058,2093
2019-02-20T15:45:00+09:00,J4,876,823,1699
2019-02-20T15:45:00+09:00,J5,508,541,1049
2019-02-20T16:00:00+09:00,J1,1074,1355,2429
2019-02-20T16:00:00+09:00,J2,555,649,1204
2019-02-20T16:00:00+09:00,J3,1003,944,1947
2019-02-20T16:00:00+09:00,J4,870,842,1712
2019-02-20T16:00:00+09:00,J5,547,606,1153
2019-02-20T16:15:00+09:00,J1,1084,1312,2396
2019-02-20T16:15:00+09:00,J2,581,609,1190
2019-02-20T16:15:00+09:00,J3,974,1035,2009
2019-02-20T16:15:00+09:00,J4,847,820,1667
2019-02-20T16:15:00+09:00,J5,571,579,1150
2019-02-20T16:30:00+09:00,J1,1067,1362,2429
2019-02-20T16:30:00+09:00,J2,633,589,1222
2019-02-20T16:30:00+09:00,J3,1160,1076,2236
2019-02-20T16:30:00+09:00,J4,945,840,1785
2019-02-20T16:30:00+09:00,J5,520,565,1085
2019-02-20T16:45:00+09:00,J1,1120,1317,2437
2019-02-20T16:45:00+09:00,J2,601,600,1201
2019-02-20T16:45:00+09:00,J3,1282,1117,2399
2019-02-20T16:45:00+09:00,J4,906,855,1761
2019-02-20T16:45:00+09:00,J5,523,497,1020
2019-02-20T17:00:00+09:00,J1,1159,1384,2543
2019-02-20T17:00:00+09:00,J2,647,654,1301
2019-02-20T17:00:00+09:00,J3,1336,1207,2543
2019-02-20T17:00:00+09:00,J4,929,865,1794
2019-02-20T17:00:00+09:00,J5,593,576,1169
2019-02-20T17:15:00+09:00,J1,1160,1481,2641
2019-02-20T17:15:00+09:00,J2,667,678,1345
2019-02-20T17:15:00+09:00,J3,1424,1300,2724
2019-02-20T17:15:00+09:00,J4,774,801,1575
2019-02-20T17:15:00+09:00,J5,621,559,1180
2019-02-20T17:30:00+09:00,J1,1224,1474,2698
2019-02-20T17:30:00+09:00,J2,706,675,1381
2019-02-20T17:30:00+09:00,J3,1460,1289,2749
2019-02-20T17:30:00+09:00,J4,950,790,1740
2019-02-20T17:30:00+09:00,J5,647,644,1291
2019-02-20T17:45:00+09:00,J1,1242,1444,2686
2019-02-20T17:45:00+09:00,J2,691,670,1361
2019-02-20T17:45:00+09:00,J3,1438,1306,2744
2019-02-20T17:45:00+09:00,J4,910,766,1676
2019-02-20T17:45:00+09:00,J5,682,674,1356
2019-02-20T18:00:00+09:00,J1,1337,1450,2787
2019-02-20T18:00:00+09:00,J2,746,758,1504
2019-02-20T18:00:00+09:00,J3,1603,1275,2878
2019-02-20T18:00:00+09:00,J4,889,798,1687
2019-02-20T18:00:00+09:00,J5,731,687,1418
2019-02-20T18:15:00+09:00,J1,1258,1561,2819
2019-02-20T18:15:00+09:00,J2,762,766,1528
2019-02-20T18:15:00+09:00,J3,1578,1324,2902
2019-02-20T18:15:00+09:00,J4,972,866,1838
2019-02-20T18:15:00+09:00,J5,734,737,1471
2019-02-20T18:30:00+09:00,J1,1313,1343,2656
2019-02-20T18:30:00+09:00,J2,666,641,1307
2019-02-20T18:30:00+09:00,J3,1466,1251,2717
2019-02-20T18:30:00+09:00,J4,1016,931,1947
2019-02-20T18:30:00+09:00,J5,681,666,1347
2019-02-20T18:45:00+09:00,J1,1166,1348,2514
2019-02-20T18:45:00+09:00,J2,605,656,1261
2019-02-20T18:45:00+09:00,J3,1349,1100,2449
2019-02-20T18:45:00+09:00,J4,1046,836,1882
2019-02-20T18:45:00+09:00,J5,731,659,1390
2019-02-20T19:00:00+09:00,J1,1137,1333,2470
2019-02-20T19:00:00+09:00,J2,736,551,1287
2019-02-20T19:00:00+09:00,J3,1425,1166,2591
2019-02-20T19:00:00+09:00,J4,998,788,1786
2019-02-20T19:00:00+09:00,J5,752,641,1393
2019-02-20T19:15:00+09:00,J1,1105,1304,2409
2019-02-20T19:15:00+09:00,J2,606,408,1014
2019-02-20T19:15:00+09:00,J3,1294,1076,2370
2019-02-20T19:15:00+09:00,J4,968,863,1831
2019-02-20T19:15:00+09:00,J5,759,703,1462
2019-02-20T19:30:00+09:00,J1,1070,1277,2347
2019-02-20T19:30:00+09:00,J2,636,454,1090
2019-02-20T19:30:00+09:00,J3,1237,1057,2294
2019-02-20T19:30:00+09:00,J4,962,892,1854
2019-02-20T19:30:00+09:00,J5,689,693,1382
2019-02-20T19:45:00+09:00,J1,1100,1333,2433
2019-02-20T19:45:00+09:00,J2,600,442,1042
2019-02-20T19:45:00+09:00,J3,1157,1017,2174
2019-02-20T19:45:00+09:00,J4,949,864,1813
2019-02-20T19:45:00+09:00,J5,664,593,1257
2019-02-20T20:00:00+09:00,J1,1048,1245,2293
2019-02-20T20:00:00+09:00,J2,550,417,967
2019-02-20T20:00:00+09:00,J3,1048,952,2000
2019-02-20T20:00:00+09:00,J4,933,917,1850
2019-02-20T20:00:00+09:00,J5,628,639,1267
2019-02-20T20:15:00+09:00,J1,1097,1281,2378
2019-02-20T20:15:00+09:00,J2,577,411,988
2019-02-20T20:15:00+09:00,J3,1038,969,2007
2019-02-20T20:15:00+09:00,J4,1007,835,1842
2019-02-20T20:15:00+09:00,J5,702,635,1337
2019-02-20T20:30:00+09:00,J1,1091,1233,2324
2019-02-20T20:30:00+09:00,J2,605,441,1046
2019-02-20T20:30:00+09:00,J3,1051,996,2047
2019-02-20T20:30:00+09:00,J4,959,866,1825
2019-02-20T20:30:00+09:00,J5,650,618,1268
2019-02-20T20:45:00+09:00,J1,1072,1293,2365
2019-02-20T20:45:00+09:00,J2,609,496,1105
2019-02-20T20:45:00+09:00,J3,969,912,1881
2019-02-20T20:45:00+09:00,J4,934,839,1773
2019-02-20T20:45:00+09:00,J5,602,583,1185
2019-02-20T21:00:00+09:00,J1,1020,1208,2228
2019-02-20T21:00:00+09:00,J2,557,541,1098
2019-02-20T21:00:00+09:00,J3,1131,862,1993
2019-02-20T21:00:00+09:00,J4,902,869,1771
2019-02-20T21:00:00+09:00,J5,646,634,1280
2019-02-20T21:15:00+09:00,J1,919,1166,2085
2019-02-20T21:15:00+09:00,J2,492,549,1041
2019-02-20T21:15:00+09:00,J3,1064,857,1921
2019-02-20T21:15:00+09:00,J4,923,918,1841
2019-02-20T21:15:00+09:00,J5,683,719,1402
2019-02-20T21:30:00+09:00,J1,959,1097,2056
2019-02-20T21:30:00+09:00,J2,512,528,1040
2019-02-20T21:30:00+09:00,J3,975,786,1761
2019-02-20T21:30:00+09:00,J4,861,855,1716
2019-02-20T21:30:00+09:00,J5,632,658,1290
2019-02-20T21:45:00+09:00,J1,1008,1162,2170
2019-02-20T21:45:00+09:00,J2,714,558,1272
2019-02-20T21:45:00+09:00,J3,783,688,1471
2019-02-20T21:45:00+09:00,J4,859,795,1654
2019-02-20T21:45:00+09:00,J5,627,641,1268
2019-02-20T22:00:00+09:00,J1,956,1096,2052
2019-02-20T22:00:00+09:00,J2,665,576,1241
2019-02-20T22:00:00+09:00,J3,789,730,1519
2019-02-20T22:00:00+09:00,J4,810,829,1639
2019-02-20T22:00:00+09:00,J5,612,622,1234
2019-02-20T22:15:00+09:00,J1,962,1153,2115
2019-02-20T22:15:00+09:00,J2,593,552,1145
2019-02-20T22:15:00+09:00,J3,789,745,1534
2019-02-20T22:15:00+09:00,J4,845,836,1681
2019-02-20T22:15:00+09:00,J5,601,592,1193
2019-02-20T22:30:00+09:00,J1,996,1079,2075
2019-02-20T22:30:00+09:00,J2,685,513,1198
2019-02-20T22:30:00+09:00,J3,717,753,1470
2019-02-20T22:30:00+09:00,J4,826,919,1745
2019-02-20T22:30:00+09:00,J5,618,687,1305
2019-02-20T22:45:00+09:00,J1,962,1011,1973
2019-02-20T22:45:00+09:00,J2,675,455,1130
2019-02-20T22:45:00+09:00,J3,787,761,1548
2019-02-20T22:45:00+09:00,J4,870,901,1771
2019-02-20T22:45:00+09:00,J5,588,617,1205
2019-02-20T23:00:00+09:00,J1,940,1085,2025
2019-02-20T23:00:00+09:00,J2,668,489,1157
2019-02-20T23:00:00+09:00,J3,778,760,1538
2019-02-20T23:00:00+09:00,J4,796,825,1621
2019-02-20T23:00:00+09:00,J5,564,616,1180
2019-02-20T23:15:00+09:00,J1,905,1016,1921
2019-02-20T23:15:00+09:00,J2,602,552,1154
2019-02-20T23:15:00+09:00,J3,633,695,1328
2019-02-20T23:15:00+09:00,J4,761,804,1565
2019-02-20T23:15:00+09:00,J5,575,549,1124
2019-02-20T23:30:00+09:00,J1,881,944,1825
2019-02-20T23:30:00+09:00,J2,661,573,1234
2019-02-20T23:30:00+09:00,J3,757,847,1604
2019-02-20T23:30:00+09:00,J4,746,829,1575
2019-02-20T23:30:00+09:00,J5,591,551,1142
2019-02-20T23:45:00+09:00,J1,936,975,1911
2019-02-20T23:45:00+09:00,J2,675,531,1206
2019-02-20T23:45:00+09:00,J3,773,819,1592
2019-02-20T23:45:00+09:00,J4,722,692,1414
2019-02-20T23:45:00+09:00,J5,583,604,1187
2019-02-21T00:00:00+09:00,J1,864,869,1733
2019-02-21T00:00:00+09:00,J2,601,561,1162
2019-02-21T00:00:00+09:00,J3,823,787,1610
2019-02-21T00:00:00+09:00,J4,767,745,1512
2019-02-21T00:00:00+09:00,J5,544,602,1146
2019-02-21T00:15:00+09:00,J1,726,671,1397
2019-02-21T00:15:00+09:00,J2,643,518,1161
2019-02-21T00:15:00+09:00,J3,1019,823,1842
2019-02-21T00:15:00+09:00,J4,584,652,1236
2019-02-21T00:15:00+09:00,J5,407,403,810
2019-02-21T00:30:00+09:00,J1,706,598,1304
2019-02-21T00:30:00+09:00,J2,507,548,1055
2019-02-21T00:30:00+09:00,J3,910,713,1623
2019-02-21T00:30:00+09:00,J4,471,527,998
2019-02-21T00:30:00+09:00,J5,329,338,667
2019-02-21T00:45:00+09:00,J1,783,685,1468
2019-02-21T00:45:00+09:00,J2,560,566,1126
2019-02-21T00:45:00+09:00,J3,890,718,1608
2019-02-21T00:45:00+09:00,J4,433,547,980
2019-02-21T00:45:00+09:00,J5,267,334,601
2019-02-21T05:45:00+09:00,J1,973,891,1864
2019-02-21T05:45:00+09:00,J2,442,542,984
2019-02-21T05:45:00+09:00,J3,798,667,1465
2019-02-21T05:45:00+09:00,J4,644,690,1334
2019-02-21T05:45:00+09:00,J5,380,331,711
2019-02-21T06:00:00+09:00,J1,900,899,1799
2019-02-21T06:00:00+09:00,J2,527,572,1099
2019-02-21T06:00:00+09:00,J3,890,701,1591
2019-02-21T06:00:00+09:00,J4,672,616,1288
2019-02-21T06:00:00+09:00,J5,364,284,648
2019-02-21T06:15:00+09:00,J1,1074,1131,2205
2019-02-21T06:15:00+09:00,J2,632,666,1298
2019-02-21T06:15:00+09:00,J3,1010,738,1748
2019-02-21T06:15:00+09:00,J4,716,726,1442
2019-02-21T06:15:00+09:00,J5,388,339,727
2019-02-21T06:30:00+09:00,J1,870,967,1837
2019-02-21T06:30:00+09:00,J2,564,550,1114
2019-02-21T06:30:00+09:00,J3,946,709,1655
2019-02-21T06:30:00+09:00,J4,647,753,1400
2019-02-21T06:30:00+09:00,J5,376,356,732
2019-02-21T06:45:00+09:00,J1,946,1029,1975
2019-02-21T06:45:00+09:00,J2,486,588,1074
2019-02-21T06:45:00+09:00,J3,1021,724,1745
2019-02-21T06:45:00+09:00,J4,697,788,1485
2019-02-21T06:45:00+09:00,J5,330,367,697
2019-02-21T07:00:00+09:00,J1,925,991,1916
2019-02-21T07:00:00+09:00,J2,622,614,1236
2019-02-21T07:00:00+09:00,J3,1061,810,1871
2019-02-21T07:00:00+09:00,J4,808,893,1701
2019-02-21T07:00:00+09:00,J5,357,345,702
2019-02-21T07:15:00+09:00,J1,1087,1054,2141
2019-02-21T07:15:00+09:00,J2,671,593,1264
2019-02-21T07:15:00+09:00,J3,1054,986,2040
2019-02-21T07:15:00+09:00,J4,912,934,1846
2019-02-21T07:15:00+09:00,J5,383,376,759
2019-02-21T07:30:00+09:00,J1,1084,1264,2348
2019-02-21T07:30:00+09:00,J2,794,734,1528
2019-02-21T07:30:00+09:00,J3,1310,1184,2494
2019-02-21T07:30:00+09:00,J4,945,1040,1985
2019-02-21T07:30:00+09:00,J5,694,680,1374
2019-02-21T07:45:00+09:00,J1,1115,1281,2396
2019-02-21T07:45:00+09:00,J2,1069,824,1893
2019-02-21T07:45:00+09:00,J3,1246,1207,2453
2019-02-21T07:45:00+09:00,J4,950,1171,2121
2019-02-21T07:45:00+09:00,J5,695,687,1382
2019-02-21T08:00:00+09:00,J1,1365,1324,2689
2019-02-21T08:00:00+09:00,J2,1028,775,1803
2019-02-21T08:00:00+09:00,J3,1437,1334,2771
2019-02-21T08:00:00+09:00,J4,954,1194,2148
2019-02-21T08:00:00+09:00,J5,680,746,1426
2019-02-21T08:15:00+09:00,J1,1429,1327,2756
2019-02-21T08:15:00+09:00,J2,1151,844,1995
2019-02-21T08:15:00+09:00,J3,1481,1381,2862
2019-02-21T08:15:00+09:00,J4,1023,1236,2259
2019-02-21T08:15:00+09:00,J5,712,774,1486
2019-02-21T08:30:00+09:00,J1,1455,1351,2806
2019-02-21T08:30:00+09:00,J2,1222,618,1840
2019-02-21T08:30:00+09:00,J3,1470,1438,2908
2019-02-21T08:30:00+09:00,J4,1036,1221,2257
2019-02-21T08:30:00+09:00,J5,691,690,1381
2019-02-21T08:45:00+09:00,J1,1375,1316,2691
2019-02-21T08:45:00+09:00,J2,967,579,1546
2019-02-21T08:45:00+09:00,J3,1251,1309,2560
2019-02-21T08:45:00+09:00,J4,873,1040,1913
2019-02-21T08:45:00+09:00,J5,568,634,1202
2019-02-21T09:00:00+09:00,J1,1297,1314,2611
2019-02-21T09:00:00+09:00,J2,707,703,1410
2019-02-21T09:00:00+09:00,J3,1238,1113,2351
2019-02-21T09:00:00+09:00,J4,797,947,1744
2019-02-21T09:00:00+09:00,J5,530,580,1110
2019-02-21T09:15:00+09:00,J1,1303,1307,2610
2019-02-21T09:15:00+09:00,J2,816,622,1438
2019-02-21T09:15:00+09:00,J3,1047,1062,2109
2019-02-21T09:15:00+09:00,J4,835,947,1782
2019-02-21T09:15:00+09:00,J5,509,492,1001
2019-02-21T09:30:00+09:00,J1,1378,1290,2668
2019-02-21T09:30:00+09:00,J2,753,595,1348
2019-02-21T09:30:00+09:00,J3,1022,1030,2052
2019-02-21T09:30:00+09:00,J4,820,940,1760
2019-02-21T09:30:00+09:00,J5,578,550,1128
2019-02-21T09:45:00+09:00,J1,1272,1330,2602
2019-02-21T09:45:00+09:00,J2,755,616,1371
2019-02-21T09:45:00+09:00,J3,1064,1040,2104
2019-02-21T09:45:00+09:00,J4,855,901,1756
2019-02-21T09:45:00+09:00,J5,580,582,1162
2019-02-21T10:00:00+09:00,J1,1196,1316,2512
2019-02-21T10:00:00+09:00,J2,660,613,1273
2019-02-21T10:00:00+09:00,J3,961,997,1958
2019-02-21T10:00:00+09:00,J4,806,864,1670
2019-02-21T10:00:00+09:00,J5,587,561,1148
2019-02-21T10:15:00+09:00,J1,1265,1296,2561
2019-02-21T10:15:00+09:00,J2,696,612,1308
2019-02-21T10:15:00+09:00,J3,1021,990,2011
2019-02-21T10:15:00+09:00,J4,870,883,1753
2019-02-21T10:15:00+09:00,J5,606,635,1241
2019-02-21T10:30:00+09:00,J1,1225,1329,2554
2019-02-21T10:30:00+09:00,J2,666,598,1264
2019-02-21T10:30:00+09:00,J3,1020,1055,2075
2019-02-21T10:30:00+09:00,J4,941,898,1839
2019-02-21T10:30:00+09:00,J5,606,637,1243
2019-02-21T10:45:00+09:00,J1,1220,1349,2569
2019-02-21T10:45:00+09:00,J2,675,573,1248
2019-02-21T10:45:00+09:00,J3,1009,1005,2014
2019-02-21T10:45:00+09:00,J4,919,915,1834
2019-02-21T10:45:00+09:00,J5,568,603,1171
2019-02-21T11:00:00+09:00,J1,1216,1257,2473
2019-02-21T11:00:00+09:00,J2,674,697,1371
2019-02-21T11:00:00+09:00,J3,998,1057,2055
2019-02-21T11:00:00+09:00,J4,939,843,1782
2019-02-21T11:00:00+09:00,J5,543,588,1131
2019-02-21T11:15:00+09:00,J1,1209,1430,2639
2019-02-21T11:15:00+09:00,J2,715,771,1486
2019-02-21T11:15:00+09:00,J3,1070,1006,2076
2019-02-21T11:15:00+09:00,J4,931,902,1833
2019-02-21T11:15:00+09:00,J5,550,574,1124
2019-02-21T11:30:00+09:00,J1,1236,1412,2648
2019-02-21T11:30:00+09:00,J2,724,775,1499
2019-02-21T11:30:00+09:00,J3,1315,1155,2470
2019-02-21T11:30:00+09:00,J4,959,980,1939
2019-02-21T11:30:00+09:00,J5,645,636,1281
2019-02-21T11:45:00+09:00,J1,1213,1431,2644
2019-02-21T11:45:00+09:00,J2,687,788,1475
2019-02-21T11:45:00+09:00,J3,1287,1138,2425
2019-02-21T11:45:00+09:00,J4,943,898,1841
2019-02-21T11:45:00+09:00,J5,599,665,1264
2019-02-21T12:00:00+09:00,J1,1324,1455,2779
2019-02-21T12:00:00+09:00,J2,825,847,1672
2019-02-21T12:00:00+09:00,J3,1361,1290,2651
2019-02-21T12:00:00+09:00,J4,1003,924,1927
2019-02-21T12:00:00+09:00,J5,730,755,1485
2019-02-21T12:15:00+09:00,J1,1164,1318,2482
2019-02-21T12:15:00+09:00,J2,801,765,1566
2019-02-21T12:15:00+09:00,J3,1169,1052,2221
2019-02-21T12:15:00+09:00,J4,983,839,1822
2019-02-21T12:15:00+09:00,J5,660,729,1389
2019-02-21T12:30:00+09:00,J1,1149,1361,2510
2019-02-21T12:30:00+09:00,J2,763,753,1516
2019-02-21T12:30:00+09:00,J3,973,916,1889
2019-02-21T12:30:00+09:00,J4,956,952,1908
2019-02-21T12:30:00+09:00,J5,582,599,1181
2019-02-21T12:45:00+09:00,J1,1094,1353,2447
2019-02-21T12:45:00+09:00,J2,695,805,1500
2019-02-21T12:45:00+09:00,J3,920,854,1774
2019-02-21T12:45:00+09:00,J4,929,912,1841
2019-02-21T12:45:00+09:00,J5,557,551,1108
2019-02-21T13:00:00+09:00,J1,1118,1371,2489
2019-02-21T13:00:00+09:00,J2,725,827,1552
2019-02-21T13:00:00+09:00,J3,925,951,1876
2019-02-21T13:00:00+09:00,J4,969,899,1868
2019-02-21T13:00:00+09:00,J5,467,489,956
2019-02-21T13:15:00+09:00,J1,1096,1478,2574
2019-02-21T13:15:00+09:00,J2,739,824,1563
2019-02-21T13:15:00+09:00,J3,972,903,1875
2019-02-21T13:15:00+09:00,J4,941,844,1785
2019-02-21T13:15:00+09:00,J5,558,541,1099
2019-02-21T13:30:00+09:00,J1,1086,1392,2478
2019-02-21T13:30:00+09:00,J2,671,810,1481
2019-02-21T13:30:00+09:00,J3,1010,1002,2012
2019-02-21T13:30:00+09:00,J4,906,955,1861
2019-02-21T13:30:00+09:00,J5,591,605,1196
2019-02-21T13:45:00+09:00,J1,1128,1398,2526
2019-02-21T13:45:00+09:00,J2,738,785,1523
2019-02-21T13:45:00+09:00,J3,906,896,1802
2019-02-21T13:45:00+09:00,J4,900,858,1758
2019-02-21T13:45:00+09:00,J5,696,675,1371
2019-02-21T14:00:00+09:00,J1,1049,1310,2359
2019-02-21T14:00:00+09:00,J2,730,824,1554
2019-02-21T14:00:00+09:00,J3,780,840,1620
2019-02-21T14:00:00+09:00,J4,899,816,1715
2019-02-21T14:00:00+09:00,J5,704,720,1424
2019-02-21T14:15:00+09:00,J1,1088,1364,2452
2019-02-21T14:15:00+09:00,J2,694,874,1568
2019-02-21T14:15:00+09:00,J3,895,819,1714
2019-02-21T14:15:00+09:00,J4,943,914,1857
2019-02-21T14:15:00+09:00,J5,682,677,1359
2019-02-21T14:30:00+09:00,J1,1084,1333,2417
2019-02-21T14:30:00+09:00,J2,745,795,1540
2019-02-21T14:30:00+09:00,J3,825,799,1624
2019-02-21T14:30:00+09:00,J4,936,876,1812
2019-02-21T14:30:00+09:00,J5,681,713,1394
2019-02-21T14:45:00+09:00,J1,1048,1319,2367
2019-02-21T14:45:00+09:00,J2,676,863,1539
2019-02-21T14:45:00+09:00,J3,862,841,1703
2019-02-21T14:45:00+09:00,J4,890,848,1738
2019-02-21T14:45:00+09:00,J5,634,635,1269
2019-02-21T15:00:00+09:00,J1,1065,1198,2263
2019-02-21T15:00:00+09:00,J2,688,736,1424
2019-02-21T15:00:00+09:00,J3,916,886,1802
2019-02-21T15:00:00+09:00,J4,824,822,1646
2019-02-21T15:00:00+09:00,J5,655,660,1315
2019-02-21T15:15:00+09:00,J1,1063,1333,2396
2019-02-21T15:15:00+09:00,J2,739,806,1545
2019-02-21T15:15:00+09:00,J3,823,836,1659
2019-02-21T15:15:00+09:00,J4,857,857,1714
2019-02-21T15:15:00+09:00,J5,585,618,1203
2019-02-21T15:30:00+09:00,J1,1057,1293,2350
2019-02-21T15:30:00+09:00,J2,757,820,1577
2019-02-21T15:30:00+09:00,J3,854,851,1705
2019-02-21T15:30:00+09:00,J4,826,871,1697
2019-02-21T15:30:00+09:00,J5,614,651,1265
2019-02-21T15:45:00+09:00,J1,1048,1361,2409
2019-02-21T15:45:00+09:00,J2,800,837,1637
2019-02-21T15:45:00+09:00,J3,834,838,1672
2019-02-21T15:45:00+09:00,J4,878,789,1667
2019-02-21T15:45:00+09:00,J5,615,610,1225
2019-02-21T16:00:00+09:00,J1,1076,1199,2275
2019-02-21T16:00:00+09:00,J2,739,811,1550
2019-02-21T16:00:00+09:00,J3,876,808,1684
2019-02-21T16:00:00+09:00,J4,765,813,1578
2019-02-21T16:00:00+09:00,J5,589,675,1264
2019-02-21T16:15:00+09:00,J1,1085,1275,2360
2019-02-21T16:15:00+09:00,J2,703,862,1565
2019-02-21T16:15:00+09:00,J3,839,778,1617
2019-02-21T16:15:00+09:00,J4,846,835,1681
2019-02-21T16:15:00+09:00,J5,643,646,1289
2019-02-21T16:30:00+09:00,J1,1081,1246,2327
2019-02-21T16:30:00+09:00,J2,701,821,1522
2019-02-21T16:30:00+09:00,J3,994,989,1983
2019-02-21T16:30:00+09:00,J4,815,858,1673
2019-02-21T16:30:00+09:00,J5,604,602,1206
2019-02-21T16:45:00+09:00,J1,1108,1247,2355
2019-02-21T16:45:00+09:00,J2,777,846,1623
2019-02-21T16:45:00+09:00,J3,1167,1073,2240
2019-02-21T16:45:00+09:00,J4,802,888,1690
2019-02-21T16:45:00+09:00,J5,576,618,1194
2019-02-21T17:00:00+09:00,J1,1134,1373,2507
2019-02-21T17:00:00+09:00,J2,727,818,1545
2019-02-21T17:00:00+09:00,J3,1221,1196,2417
2019-02-21T17:00:00+09:00,J4,821,876,1697
2019-02-21T17:00:00+09:00,J5,682,705,1387
2019-02-21T17:15:00+09:00,J1,1163,1352,2515
2019-02-21T17:15:00+09:00,J2,806,953,1759
2019-02-21T17:15:00+09:00,J3,1494,1205,2699
2019-02-21T17:15:00+09:00,J4,871,891,1762
2019-02-21T17:15:00+09:00,J5,754,766,1520
2019-02-21T17:30:00+09:00,J1,1189,1430,2619
2019-02-21T17:30:00+09:00,J2,813,1073,1886
2019-02-21T17:30:00+09:00,J3,1528,1285,2813
2019-02-21T17:30:00+09:00,J4,912,913,1825
2019-02-21T17:30:00+09:00,J5,814,756,1570
2019-02-21T17:45:00+09:00,J1,1233,1422,2655
2019-02-21T17:45:00+09:00,J2,821,1012,1833
2019-02-21T17:45:00+09:00,J3,1599,1294,2893
2019-02-21T17:45:00+09:00,J4,960,955,1915
2019-02-21T17:45:00+09:00,J5,820,790,1610
2019-02-21T18:00:00+09:00,J1,1294,1409,2703
2019-02-21T18:00:00+09:00,J2,897,1038,1935
2019-02-21T18:00:00+09:00,J3,1569,1390,2959
2019-02-21T18:00:00+09:00,J4,1039,748,1787
2019-02-21T18:00:00+09:00,J5,791,798,1589
2019-02-21T18:15:00+09:00,J1,1273,1459,2732
2019-02-21T18:15:00+09:00,J2,819,968,1787
2019-02-21T18:15:00+09:00,J3,1528,1349,2877
2019-02-21T18:15:00+09:00,J4,905,764,1669
2019-02-21T18:15:00+09:00,J5,661,726,1387
2019-02-21T18:30:00+09:00,J1,1289,1385,2674
2019-02-21T18:30:00+09:00,J2,784,934,1718
2019-02-21T18:30:00+09:00,J3,1326,1095,2421
2019-02-21T18:30:00+09:00,J4,869,896,1765
2019-02-21T18:30:00+09:00,J5,621,664,1285
2019-02-21T18:45:00+09:00,J1,1266,1361,2627
2019-02-21T18:45:00+09:00,J2,824,896,1720
2019-02-21T18:45:00+09:00,J3,1274,1106,2380
2019-02-21T18:45:00+09:00,J4,930,908,1838
2019-02-21T18:45:00+09:00,J5,585,624,1209
2019-02-21T19:00:00+09:00,J1,1142,1364,2506
2019-02-21T19:00:00+09:00,J2,606,761,1367
2019-02-21T19:00:00+09:00,J3,1277,1118,2395
2019-02-21T19:00:00+09:00,J4,918,829,1747
2019-02-21T19:00:00+09:00,J5,704,677,1381
2019-02-21T19:15:00+09:00,J1,1192,1342,2534
2019-02-21T19:15:00+09:00,J2,733,703,1436
2019-02-21T19:15:00+09:00,J3,1309,1168,2477
2019-02-21T19:15:00+09:00,J4,975,876,1851
2019-02-21T19:15:00+09:00,J5,678,641,1319
2019-02-21T19:30:00+09:00,J1,1153,1327,2480
2019-02-21T19:30:00+09:00,J2,712,717,1429
2019-02-21T19:30:00+09:00,J3,1269,1056,2325
2019-02-21T19:30:00+09:00,J4,978,815,1793
2019-02-21T19:30:00+09:00,J5,634,599,1233
2019-02-21T19:45:00+09:00,J1,1113,1304,2417
2019-02-21T19:45:00+09:00,J2,601,577,1178
2019-02-21T19:45:00+09:00,J3,1125,922,2047
2019-02-21T19:45:00+09:00,J4,970,860,1830
2019-02-21T19:45:00+09:00,J5,609,569,1178
2019-02-21T20:00:00+09:00,J1,1101,1331,2432
2019-02-21T20:00:00+09:00,J2,722,709,1431
2019-02-21T20:00:00+09:00,J3,1141,1055,2196
2019-02-21T20:00:00+09:00,J4,862,810,1672
2019-02-21T20:00:00+09:00,J5,705,594,1299
2019-02-21T20:15:00+09:00,J1,1093,1238,2331
2019-02-21T20:15:00+09:00,J2,814,767,1581
2019-02-21T20:15:00+09:00,J3,1160,1080,2240
2019-02-21T20:15:00+09:00,J4,926,849,1775
2019-02-21T20:15:00+09:00,J5,692,637,1329
2019-02-21T20:30:00+09:00,J1,1104,1214,2318
2019-02-21T20:30:00+09:00,J2,791,766,1557
2019-02-21T20:30:00+09:00,J3,1201,1166,2367
2019-02-21T20:30:00+09:00,J4,945,842,1787
2019-02-21T20:30:00+09:00,J5,637,616,1253
2019-02-21T20:45:00+09:00,J1,1109,1239,2348
2019-02-21T20:45:00+09:00,J2,724,791,1515
2019-02-21T20:45:00+09:00,J3,1081,1024,2105
2019-02-21T20:45:00+09:00,J4,1014,871,1885
2019-02-21T20:45:00+09:00,J5,622,632,1254
2019-02-21T21:00:00+09:00,J1,1134,1279,2413
2019-02-21T21:00:00+09:00,J2,734,791,1525
2019-02-21T21:00:00+09:00,J3,1062,851,1913
2019-02-21T21:00:00+09:00,J4,973,884,1857
2019-02-21T21:00:00+09:00,J5,647,642,1289
2019-02-21T21:15:00+09:00,J1,1080,1294,2374
2019-02-21T21:15:00+09:00,J2,744,784,1528
2019-02-21T21:15:00+09:00,J3,1139,835,1974
2019-02-21T21:15:00+09:00,J4,993,941,1934
2019-02-21T21:15:00+09:00,J5,663,593,1256
2019-02-21T21:30:00+09:00,J1,1035,1236,2271
2019-02-21T21:30:00+09:00,J2,970,863,1833
2019-02-21T21:30:00+09:00,J3,1225,886,2111
2019-02-21T21:30:00+09:00,J4,971,972,1943
2019-02-21T21:30:00+09:00,J5,616,600,1216
2019-02-21T21:45:00+09:00,J1,1059,1372,2431
2019-02-21T21:45:00+09:00,J2,896,965,1861
2019-02-21T21:45:00+09:00,J3,1110,1028,2138
2019-02-21T21:45:00+09:00,J4,991,1008,1999
2019-02-21T21:45:00+09:00,J5,615,587,1202
2019-02-21T22:00:00+09:00,J1,906,1276,2182
2019-02-21T22:00:00+09:00,J2,835,949,1784
2019-02-21T22:00:00+09:00,J3,1072,981,2053
2019-02-21T22:00:00+09:00,J4,857,965,1822
2019-02-21T22:00:00+09:00,J5,504,486,990
2019-02-21T22:15:00+09:00,J1,1000,1222,2222
2019-02-21T22:15:00+09:00,J2,635,757,1392
2019-02-21T22:15:00+09:00,J3,1037,880,1917
2019-02-21T22:15:00+09:00,J4,900,1003,1903
2019-02-21T22:15:00+09:00,J5,530,447,977
2019-02-21T22:30:00+09:00,J1,1098,1334,2432
2019-02-21T22:30:00+09:00,J2,678,787,1465
2019-02-21T22:30:00+09:00,J3,1124,830,1954
2019-02-21T22:30:00+09:00,J4,933,1041,1974
2019-02-21T22:30:00+09:00,J5,501,461,962
2019-02-21T22:45:00+09:00,J1,1041,1373,2414
2019-02-21T22:45:00+09:00,J2,617,732,1349
2019-02-21T22:45:00+09:00,J3,1035,880,1915
2019-02-21T22:45:00+09:00,J4,873,1074,1947
2019-02-21T22:45:00+09:00,J5,388,392,780
2019-02-21T23:00:00+09:00,J1,1190,1340,2530
2019-02-21T23:00:00+09:00,J2,644,759,1403
2019-02-21T23:00:00+09:00,J3,1078,943,2021
2019-02-21T23:00:00+09:00,J4,904,1054,1958
2019-02-21T23:00:00+09:00,J5,465,450,915
2019-02-21T23:15:00+09:00,J1,1217,1425,2642
2019-02-21T23:15:00+09:00,J2,823,789,1612
2019-02-21T23:15:00+09:00,J3,1201,1055,2256
2019-02-21T23:15:00+09:00,J4,853,1065,1918
2019-02-21T23:15:00+09:00,J5,661,651,1312
2019-02-21T23:30:00+09:00,J1,1181,1366,2547
2019-02-21T23:30:00+09:00,J2,845,748,1593
2019-02-21T23:30:00+09:00,J3,1149,1133,2282
2019-02-21T23:30:00+09:00,J4,854,911,1765
2019-02-21T23:30:00+09:00,J5,650,661,1311
2019-02-21T23:45:00+09:00,J1,1192,1419,2611
2019-02-21T23:45:00+09:00,J2,626,674,1300
2019-02-21T23:45:00+09:00,J3,1058,1046,2104
2019-02-21T23:45:00+09:00,J4,782,884,1666
2019-02-21T23:45:00+09:00,J5,654,619,1273
2019-02-22T00:00:00+09:00,J1,1009,1146,2155
2019-02-22T00:00:00+09:00,J2,659,581,1240
2019-02-22T00:00:00+09:00,J3,813,744,1557
2019-02-22T00:00:00+09:00,J4,753,871,1624
2019-02-22T00:00:00+09:00,J5,569,589,1158
2019-02-22T00:15:00+09:00,J1,992,1133,2125
2019-02-22T00:15:00+09:00,J2,448,463,911
2019-02-22T00:15:00+09:00,J3,1119,1049,2168
2019-02-22T00:15:00+09:00,J4,873,856,1729
2019-02-22T00:15:00+09:00,J5,522,567,1089
2019-02-22T00:30:00+09:00,J1,1063,1133,2196
2019-02-22T00:30:00+09:00,J2,411,410,821
2019-02-22T00:30:00+09:00,J3,990,877,1867
2019-02-22T00:30:00+09:00,J4,854,878,1732
2019-02-22T00:30:00+09:00,J5,553,502,1055
2019-02-22T00:45:00+09:00,J1,1211,1152,2363
2019-02-22T00:45:00+09:00,J2,420,402,822
2019-02-22T00:45:00+09:00,J3,995,885,1880
2019-02-22T00:45:00+09:00,J4,812,828,1640
2019-02-22T00:45:00+09:00,J5,599,547,1146
2019-02-22T05:45:00+09:00,J1,1038,1028,2066
2019-02-22T05:45:00+09:00,J2,412,467,879
2019-02-22T05:45:00+09:00,J3,1042,840,1882
2019-02-22T05:45:00+09:00,J4,822,786,1608
2019-02-22T05:45:00+09:00,J5,603,541,1144
2019-02-22T06:00:00+09:00,J1,972,1057,2029
2019-02-22T06:00:00+09:00,J2,485,523,1008
2019-02-22T06:00:00+09:00,J3,891,883,1774
2019-02-22T06:00:00+09:00,J4,894,789,1683
2019-02-22T06:00:00+09:00,J5,523,535,1058
2019-02-22T06:15:00+09:00,J1,882,920,1802
2019-02-22T06:15:00+09:00,J2,628,615,1243
2019-02-22T06:15:00+09:00,J3,757,742,1499
2019-02-22T06:15:00+09:00,J4,830,827,1657
2019-02-22T06:15:00+09:00,J5,591,555,1146
2019-02-22T06:30:00+09:00,J1,1006,944,1950
2019-02-22T06:30:00+09:00,J2,616,564,1180
2019-02-22T06:30:00+09:00,J3,714,747,1461
2019-02-22T06:30:00+09:00,J4,819,794,1613
2019-02-22T06:30:00+09:00,J5,575,579,1154
2019-02-22T06:45:00+09:00,J1,1134,1159,2293
2019-02-22T06:45:00+09:00,J2,482,579,1061
2019-02-22T06:45:00+09:00,J3,849,783,1632
2019-02-22T06:45:00+09:00,J4,812,876,1688
2019-02-22T06:45:00+09:00,J5,683,645,1328
2019-02-22T07:00:00+09:00,J1,1184,1227,2411
2019-02-22T07:00:00+09:00,J2,528,560,1088
2019-02-22T07:00:00+09:00,J3,938,879,1817
2019-02-22T07:00:00+09:00,J4,823,774,1597
2019-02-22T07:00:00+09:00,J5,731,682,1413
2019-02-22T07:15:00+09:00,J1,1216,1296,2512
2019-02-22T07:15:00+09:00,J2,592,589,1181
2019-02-22T07:15:00+09:00,J3,1037,953,1990
2019-02-22T07:15:00+09:00,J4,783,961,1744
2019-02-22T07:15:00+09:00,J5,704,751,1455
2019-02-22T07:30:00+09:00,J1,1264,1344,2608
2019-02-22T07:30:00+09:00,J2,707,664,1371
2019-02-22T07:30:00+09:00,J3,1037,1013,2050
2019-02-22T07:30:00+09:00,J4,831,981,1812
2019-02-22T07:30:00+09:00,J5,709,724,1433
2019-02-22T07:45:00+09:00,J1,1377,1270,2647
2019-02-22T07:45:00+09:00,J2,832,676,1508
2019-02-22T07:45:00+09:00,J3,1008,973,1981
2019-02-22T07:45:00+09:00,J4,854,1026,1880
2019-02-22T07:45:00+09:00,J5,723,800,1523
2019-02-22T08:00:00+09:00,J1,1435,1368,2803
2019-02-22T08:00:00+09:00,J2,731,698,1429
2019-02-22T08:00:00+09:00,J3,976,1032,2008
2019-02-22T08:00:00+09:00,J4,888,1089,1977
2019-02-22T08:00:00+09:00,J5,773,726,1499
2019-02-22T08:15:00+09:00,J1,1438,1374,2812
2019-02-22T08:15:00+09:00,J2,878,686,1564
2019-02-22T08:15:00+09:00,J3,1177,1152,2329
2019-02-22T08:15:00+09:00,J4,967,1170,2137
2019-02-22T08:15:00+09:00,J5,638,666,1304
2019-02-22T08:30:00+09:00,J1,1418,1367,2785
2019-02-22T08:30:00+09:00,J2,949,751,1700
2019-02-22T08:30:00+09:00,J3,1157,1265,2422
2019-02-22T08:30:00+09:00,J4,1072,1177,2249
2019-02-22T08:30:00+09:00,J5,614,642,1256
2019-02-22T08:45:00+09:00,J1,1379,1300,2679
2019-02-22T08:45:00+09:00,J2,769,642,1411
2019-02-22T08:45:00+09:00,J3,1153,1150,2303
2019-02-22T08:45:00+09:00,J4,941,1036,1977
2019-02-22T08:45:00+09:00,J5,654,649,1303
2019-02-22T09:00:00+09:00,J1,1291,1354,2645
2019-02-22T09:00:00+09:00,J2,701,634,1335
2019-02-22T09:00:00+09:00,J3,1037,912,1949
2019-02-22T09:00:00+09:00,J4,879,985,1864
2019-02-22T09:00:00+09:00,J5,685,615,1300
2019-02-22T09:15:00+09:00,J1,1151,1167,2318
2019-02-22T09:15:00+09:00,J2,743,550,1293
2019-02-22T09:15:00+09:00,J3,935,798,1733
2019-02-22T09:15:00+09:00,J4,985,1096,2081
2019-02-22T09:15:00+09:00,J5,545,570,1115
2019-02-22T09:30:00+09:00,J1,1193,1162,2355
2019-02-22T09:30:00+09:00,J2,671,624,1295
2019-02-22T09:30:00+09:00,J3,868,807,1675
2019-02-22T09:30:00+09:00,J4,958,978,1936
2019-02-22T09:30:00+09:00,J5,456,470,926
2019-02-22T09:45:00+09:00,J1,1135,1117,2252
2019-02-22T09:45:00+09:00,J2,638,587,1225
2019-02-22T09:45:00+09:00,J3,962,880,1842
2019-02-22T09:45:00+09:00,J4,996,968,1964
2019-02-22T09:45:00+09:00,J5,416,460,876
2019-02-22T10:00:00+09:00,J1,1145,1127,2272
2019-02-22T10:00:00+09:00,J2,712,614,1326
2019-02-22T10:00:00+09:00,J3,953,829,1782
2019-02-22T10:00:00+09:00,J4,935,861,1796
2019-02-22T10:00:00+09:00,J5,306,391,697
2019-02-22T10:15:00+09:00,J1,1117,1136,2253
2019-02-22T10:15:00+09:00,J2,699,710,1409
2019-02-22T10:15:00+09:00,J3,927,942,1869
2019-02-22T10:15:00+09:00,J4,960,882,1842
2019-02-22T10:15:00+09:00,J5,410,455,865
2019-02-22T10:30:00+09:00,J1,1205,1228,2433
2019-02-22T10:30:00+09:00,J2,715,777,1492
2019-02-22T10:30:00+09:00,J3,1031,935,1966
2019-02-22T10:30:00+09:00,J4,908,899,1807
2019-02-22T10:30:00+09:00,J5,384,399,783
2019-02-22T10:45:00+09:00,J1,1124,1263,2387
2019-02-22T10:45:00+09:00,J2,770,749,1519
2019-02-22T10:45:00+09:00,J3,1011,859,1870
2019-02-22T10:45:00+09:00,J4,922,853,1775
2019-02-22T10:45:00+09:00,J5,426,456,882
2019-02-22T11:00:00+09:00,J1,1112,1281,2393
2019-02-22T11:00:00+09:00,J2,719,831,1550
2019-02-22T11:00:00+09:00,J3,970,858,1828
2019-02-22T11:00:00+09:00,J4,885,926,1811
2019-02-22T11:00:00+09:00,J5,396,439,835
2019-02-22T11:15:00+09:00,J1,1180,1277,2457
2019-02-22T11:15:00+09:00,J2,718,692,1410
2019-02-22T11:15:00+09:00,J3,1164,1134,2298
2019-02-22T11:15:00+09:00,J4,859,885,1744
2019-02-22T11:15:00+09:00,J5,627,681,1308
2019-02-22T11:30:00+09:00,J1,1164,1349,2513
2019-02-22T11:30:00+09:00,J2,780,802,1582
2019-02-22T11:30:00+09:00,J3,1161,1134,2295
2019-02-22T11:30:00+09:00,J4,880,935,1815
2019-02-22T11:30:00+09:00,J5,729,727,1456
2019-02-22T11:45:00+09:00,J1,1143,1261,2404
2019-02-22T11:45:00+09:00,J2,776,744,1520
2019-02-22T11:45:00+09:00,J3,1201,1156,2357
2019-02-22T11:45:00+09:00,J4,804,930,1734
2019-02-22T11:45:00+09:00,J5,625,668,1293
2019-02-22T12:00:00+09:00,J1,1212,1323,2535
2019-02-22T12:00:00+09:00,J2,795,709,1504
2019-02-22T12:00:00+09:00,J3,1067,1087,2154
2019-02-22T12:00:00+09:00,J4,795,824,1619
2019-02-22T12:00:00+09:00,J5,669,739,1408
2019-02-22T12:15:00+09:00,J1,1140,1268,2408
2019-02-22T12:15:00+09:00,J2,873,805,1678
2019-02-22T12:15:00+09:00,J3,1113,1102,2215
2019-02-22T12:15:00+09:00,J4,758,884,1642
2019-02-22T12:15:00+09:00,J5,736,714,1450
2019-02-22T12:30:00+09:00,J1,1106,1283,2389
2019-02-22T12:30:00+09:00,J2,826,809,1635
2019-02-22T12:30:00+09:00,J3,1227,1100,2327
2019-02-22T12:30:00+09:00,J4,751,831,1582
2019-02-22T12:30:00+09:00,J5,723,764,1487
2019-02-22T12:45:00+09:00,J1,1146,1293,2439
2019-02-22T12:45:00+09:00,J2,795,814,1609
2019-02-22T12:45:00+09:00,J3,1218,976,2194
2019-02-22T12:45:00+09:00,J4,849,973,1822
2019-02-22T12:45:00+09:00,J5,697,713,1410
2019-02-22T13:00:00+09:00,J1,1097,1267,2364
2019-02-22T13:00:00+09:00,J2,830,751,1581
2019-02-22T13:00:00+09:00,J3,1164,1061,2225
2019-02-22T13:00:00+09:00,J4,815,914,1729
2019-02-22T13:00:00+09:00,J5,713,735,1448
2019-02-22T13:15:00+09:00,J1,1173,1284,2457
2019-02-22T13:15:00+09:00,J2,868,774,1642
2019-02-22T13:15:00+09:00,J3,1109,908,2017
2019-02-22T13:15:00+09:00,J4,746,871,1617
2019-02-22T13:15:00+09:00,J5,658,667,1325
2019-02-22T13:30:00+09:00,J1,1131,1365,2496
2019-02-22T13:30:00+09:00,J2,826,806,1632
2019-02-22T13:30:00+09:00,J3,1088,995,2083
2019-02-22T13:30:00+09:00,J4,842,904,1746
2019-02-22T13:30:00+09:00,J5,672,716,1388
2019-02-22T13:45:00+09:00,J1,1101,1227,2328
2019-02-22T13:45:00+09:00,J2,769,809,1578
2019-02-22T13:45:00+09:00,J3,1052,919,1971
2019-02-22T13:45:00+09:00,J4,777,892,1669
2019-02-22T13:45:00+09:00,J5,680,683,1363
2019-02-22T14:00:00+09:00,J1,1055,1301,2356
2019-02-22T14:00:00+09:00,J2,784,812,1596
2019-02-22T14:00:00+09:00,J3,1078,921,1999
2019-02-22T14:00:00+09:00,J4,760,822,1582
2019-02-22T14:00:00+09:00,J5,712,664,1376
2019-02-22T14:15:00+09:00,J1,1149,1250,2399
2019-02-22T14:15:00+09:00,J2,782,833,1615
2019-02-22T14:15:00+09:00,J3,1040,986,2026
2019-02-22T14:15:00+09:00,J4,864,827,1691
2019-02-22T14:15:00+09:00,J5,663,652,1315
2019-02-22T14:30:00+09:00,J1,1033,1291,2324
2019-02-22T14:30:00+09:00,J2,783,783,1566
2019-02-22T14:30:00+09:00,J3,1123,943,2066
2019-02-22T14:30:00+09:00,J4,796,897,1693
2019-02-22T14:30:00+09:00,J5,702,717,1419
2019-02-22T14:45:00+09:00,J1,1021,1242,2263
2019-02-22T14:45:00+09:00,J2,806,745,1551
2019-02-22T14:45:00+09:00,J3,1070,960,2030
2019-02-22T14:45:00+09:00,J4,755,881,1636
2019-02-22T14:45:00+09:00,J5,685,664,1349
2019-02-22T15:00:00+09:00,J1,1075,1263,2338
2019-02-22T15:00:00+09:00,J2,720,801,1521
2019-02-22T15:00:00+09:00,J3,1118,989,2107
2019-02-22T15:00:00+09:00,J4,746,797,1543
2019-02-22T15:00:00+09:00,J5,721,691,1412
2019-02-22T15:15:00+09:00,J1,1068,1262,2330
2019-02-22T15:15:00+09:00,J2,758,768,1526
2019-02-22T15:15:00+09:00,J3,1135,984,2119
2019-02-22T15:15:00+09:00,J4,709,789,1498
2019-02-22T15:15:00+09:00,J5,723,713,1436
2019-02-22T15:30:00+09:00,J1,1058,1255,2313
2019-02-22T15:30:00+09:00,J2,819,749,1568
2019-02-22T15:30:00+09:00,J3,1150,1013,2163
2019-02-22T15:30:00+09:00,J4,727,801,1528
2019-02-22T15:30:00+09:00,J5,697,686,1383
2019-02-22T15:45:00+09:00,J1,1043,1234,2277
2019-02-22T15:45:00+09:00,J2,780,814,1594
2019-02-22T15:45:00+09:00,J3,1159,1065,2224
2019-02-22T15:45:00+09:00,J4,681,796,1477
2019-02-22T15:45:00+09:00,J5,696,713,1409
2019-02-22T16:00:00+09:00,J1,1076,1302,2378
2019-02-22T16:00:00+09:00,J2,749,734,1483
2019-02-22T16:00:00+09:00,J3,1125,1026,2151
2019-02-22T16:00:00+09:00,J4,762,791,1553
2019-02-22T16:00:00+09:00,J5,699,698,1397
2019-02-22T16:15:00+09:00,J1,1086,1219,2305
2019-02-22T16:15:00+09:00,J2,750,757,1507
2019-02-22T16:15:00+09:00,J3,1147,1104,2251
2019-02-22T16:15:00+09:00,J4,872,789,1661
2019-02-22T16:15:00+09:00,J5,684,749,1433
2019-02-22T16:30:00+09:00,J1,1003,1236,2239
2019-02-22T16:30:00+09:00,J2,790,751,1541
2019-02-22T16:30:00+09:00,J3,1208,953,2161
2019-02-22T16:30:00+09:00,J4,751,788,1539
2019-02-22T16:30:00+09:00,J5,693,723,1416
2019-02-22T16:45:00+09:00,J1,969,1217,2186
2019-02-22T16:45:00+09:00,J2,768,711,1479
2019-02-22T16:45:00+09:00,J3,1059,899,1958
2019-02-22T16:45:00+09:00,J4,730,824,1554
2019-02-22T16:45:00+09:00,J5,679,712,1391
2019-02-22T17:00:00+09:00,J1,1129,1334,2463
2019-02-22T17:00:00+09:00,J2,811,758,1569
2019-02-22T17:00:00+09:00,J3,1242,1083,2325
2019-02-22T17:00:00+09:00,J4,845,905,1750
2019-02-22T17:00:00+09:00,J5,690,675,1365
2019-02-22T17:15:00+09:00,J1,1208,1350,2558
2019-02-22T17:15:00+09:00,J2,918,810,1728
2019-02-22T17:15:00+09:00,J3,1380,1110,2490
2019-02-22T17:15:00+09:00,J4,1040,1010,2050
2019-02-22T17:15:00+09:00,J5,697,781,1478
2019-02-22T17:30:00+09:00,J1,1205,1449,2654
2019-02-22T17:30:00+09:00,J2,953,921,1874
2019-02-22T17:30:00+09:00,J3,1363,1153,2516
2019-02-22T17:30:00+09:00,J4,1165,1065,2230
2019-02-22T17:30:00+09:00,J5,756,776,1532
2019-02-22T17:45:00+09:00,J1,1203,1457,2660
2019-02-22T17:45:00+09:00,J2,991,889,1880
2019-02-22T17:45:00+09:00,J3,1422,1070,2492
2019-02-22T17:45:00+09:00,J4,1260,997,2257
2019-02-22T17:45:00+09:00,J5,695,765,1460
2019-02-22T18:00:00+09:00,J1,1328,1494,2822
2019-02-22T18:00:00+09:00,J2,1040,860,1900
2019-02-22T18:00:00+09:00,J3,1436,1026,2462
2019-02-22T18:00:00+09:00,J4,1235,1007,2242
2019-02-22T18:00:00+09:00,J5,774,724,1498
2019-02-22T18:15:00+09:00,J1,1210,1339,2549
2019-02-22T18:15:00+09:00,J2,1047,866,1913
2019-02-22T18:15:00+09:00,J3,1443,1105,2548
2019-02-22T18:15:00+09:00,J4,1266,942,2208
2019-02-22T18:15:00+09:00,J5,698,751,1449
2019-02-22T18:30:00+09:00,J1,1152,1317,2469
2019-02-22T18:30:00+09:00,J2,979,858,1837
2019-02-22T18:30:00+09:00,J3,1390,1058,2448
2019-02-22T18:30:00+09:00,J4,956,739,1695
2019-02-22T18:30:00+09:00,J5,685,642,1327
2019-02-22T18:45:00+09:00,J1,1236,1262,2498
2019-02-22T18:45:00+09:00,J2,890,771,1661
2019-02-22T18:45:00+09:00,J3,1157,954,2111
2019-02-22T18:45:00+09:00,J4,851,690,1541
2019-02-22T18:45:00+09:00,J5,644,639,1283
2019-02-22T19:00:00+09:00,J1,1025,1214,2239
2019-02-22T19:00:00+09:00,J2,782,801,1583
2019-02-22T19:00:00+09:00,J3,1197,911,2108
2019-02-22T19:00:00+09:00,J4,799,702,1501
2019-02-22T19:00:00+09:00,J5,577,618,1195
2019-02-22T19:15:00+09:00,J1,1136,1391,2527
2019-02-22T19:15:00+09:00,J2,661,754,1415
2019-02-22T19:15:00+09:00,J3,1184,946,2130
2019-02-22T19:15:00+09:00,J4,900,810,1710
2019-02-22T19:15:00+09:00,J5,586,550,1136
2019-02-22T19:30:00+09:00,J1,1205,1356,2561
2019-02-22T19:30:00+09:00,J2,710,687,1397
2019-02-22T19:30:00+09:00,J3,1086,900,1986
2019-02-22T19:30:00+09:00,J4,842,887,1729
2019-02-22T19:30:00+09:00,J5,569,532,1101
2019-02-22T19:45:00+09:00,J1,1180,1275,2455
2019-02-22T19:45:00+09:00,J2,636,666,1302
2019-02-22T19:45:00+09:00,J3,1065,938,2003
2019-02-22T19:45:00+09:00,J4,810,896,1706
2019-02-22T19:45:00+09:00,J5,552,532,1084
2019-02-22T20:00:00+09:00,J1,1095,1317,2412
2019-02-22T20:00:00+09:00,J2,627,649,1276
2019-02-22T20:00:00+09:00,J3,1185,978,2163
2019-02-22T20:00:00+09:00,J4,802,927,1729
2019-02-22T20:00:00+09:00,J5,550,587,1137
2019-02-22T20:15:00+09:00,J1,1120,1258,2378
2019-02-22T20:15:00+09:00,J2,609,652,1261
2019-02-22T20:15:00+09:00,J3,1143,977,2120
2019-02-22T20:15:00+09:00,J4,879,826,1705
2019-02-22T20:15:00+09:00,J5,586,517,1103
2019-02-22T20:30:00+09:00,J1,1167,1222,2389
2019-02-22T20:30:00+09:00,J2,551,569,1120
2019-02-22T20:30:00+09:00,J3,1179,923,2102
2019-02-22T20:30:00+09:00,J4,921,883,1804
2019-02-22T20:30:00+09:00,J5,566,492,1058
2019-02-22T20:45:00+09:00,J1,1067,1217,2284
2019-02-22T20:45:00+09:00,J2,580,608,1188
2019-02-22T20:45:00+09:00,J3,987,787,1774
2019-02-22T20:45:00+09:00,J4,908,824,1732
2019-02-22T20:45:00+09:00,J5,526,475,1001
2019-02-22T21:00:00+09:00,J1,1071,1217,2288
2019-02-22T21:00:00+09:00,J2,696,642,1338
2019-02-22T21:00:00+09:00,J3,891,805,1696
2019-02-22T21:00:00+09:00,J4,942,939,1881
2019-02-22T21:00:00+09:00,J5,586,501,1087
2019-02-22T21:15:00+09:00,J1,1073,1269,2342
2019-02-22T21:15:00+09:00,J2,835,699,1534
2019-02-22T21:15:00+09:00,J3,1004,909,1913
2019-02-22T21:15:00+09:00,J4,984,798,1782
2019-02-22T21:15:00+09:00,J5,572,540,1112
2019-02-22T21:30:00+09:00,J1,1018,1183,2201
2019-02-22T21:30:00+09:00,J2,729,686,1415
2019-02-22T21:30:00+09:00,J3,1002,950,1952
2019-02-22T21:30:00+09:00,J4,959,820,1779
2019-02-22T21:30:00+09:00,J5,494,467,961
2019-02-22T21:45:00+09:00,J1,1069,1205,2274
2019-02-22T21:45:00+09:00,J2,685,665,1350
2019-02-22T21:45:00+09:00,J3,1041,887,1928
2019-02-22T21:45:00+09:00,J4,931,830,1761
2019-02-22T21:45:00+09:00,J5,504,495,999
2019-02-22T22:00:00+09:00,J1,1070,1242,2312
2019-02-22T22:00:00+09:00,J2,642,765,1407
2019-02-22T22:00:00+09:00,J3,1066,852,1918
2019-02-22T22:00:00+09:00,J4,896,806,1702
2019-02-22T22:00:00+09:00,J5,518,471,989
2019-02-22T22:15:00+09:00,J1,962,1272,2234
2019-02-22T22:15:00+09:00,J2,557,691,1248
2019-02-22T22:15:00+09:00,J3,1035,780,1815
2019-02-22T22:15:00+09:00,J4,868,882,1750
2019-02-22T22:15:00+09:00,J5,534,480,1014
2019-02-22T22:30:00+09:00,J1,1019,1197,2216
2019-02-22T22:30:00+09:00,J2,537,671,1208
2019-02-22T22:30:00+09:00,J3,1091,817,1908
2019-02-22T22:30:00+09:00,J4,849,800,1649
2019-02-22T22:30:00+09:00,J5,477,485,962
2019-02-22T22:45:00+09:00,J1,1019,1104,2123
2019-02-22T22:45:00+09:00,J2,559,658,1217
2019-02-22T22:45:00+09:00,J3,1073,790,1863
2019-02-22T22:45:00+09:00,J4,790,820,1610
2019-02-22T22:45:00+09:00,J5,407,401,808
2019-02-22T23:00:00+09:00,J1,957,1101,2058
2019-02-22T23:00:00+09:00,J2,598,693,1291
2019-02-22T23:00:00+09:00,J3,1048,804,1852
2019-02-22T23:00:00+09:00,J4,799,802,1601
2019-02-22T23:00:00+09:00,J5,451,392,843
2019-02-22T23:15:00+09:00,J1,949,1065,2014
2019-02-22T23:15:00+09:00,J2,552,698,1250
2019-02-22T23:15:00+09:00,J3,927,711,1638
2019-02-22T23:15:00+09:00,J4,845,903,1748
2019-02-22T23:15:00+09:00,J5,435,420,855
2019-02-22T23:30:00+09:00,J1,904,1065,1969
2019-02-22T23:30:00+09:00,J2,548,689,1237
2019-02-22T23:30:00+09:00,J3,944,747,1691
2019-02-22T23:30:00+09:00,J4,816,835,1651
2019-02-22T23:30:00+09:00,J5,472,460,932
2019-02-22T23:45:00+09:00,J1,904,1008,1912
2019-02-22T23:45:00+09:00,J2,500,666,1166
2019-02-22T23:45:00+09:00,J3,870,722,1592
2019-02-22T23:45:00+09:00,J4,817,760,1577
2019-02-22T23:45:00+09:00,J5,413,493,906
2019-02-23T00:00:00+09:00,J1,845,852,1697
2019-02-23T00:00:00+09:00,J2,441,557,998
2019-02-23T00:00:00+09:00,J3,720,565,1285
2019-02-23T00:00:00+09:00,J4,745,683,1428
2019-02-23T00:00:00+09:00,J5,493,514,1007
2019-02-23T00:15:00+09:00,J1,643,670,1313
2019-02-23T00:15:00+09:00,J2,450,475,925
2019-02-23T00:15:00+09:00,J3,467,431,898
2019-02-23T00:15:00+09:00,J4,733,757,1490
2019-02-23T00:15:00+09:00,J5,602,510,1112
2019-02-23T00:30:00+09:00,J1,494,509,1003
2019-02-23T00:30:00+09:00,J2,416,439,855
2019-02-23T00:30:00+09:00,J3,525,474,999
2019-02-23T00:30:00+09:00,J4,728,751,1479
2019-02-23T00:30:00+09:00,J5,606,549,1155
2019-02-23T00:45:00+09:00,J1,474,446,920
2019-02-23T00:45:00+09:00,J2,387,407,794
2019-02-23T00:45:00+09:00,J3,553,468,1021
2019-02-23T00:45:00+09:00,J4,640,693,1333
2019-02-23T00:45:00+09:00,J5,517,533,1050
2019-02-23T05:45:00+09:00,J1,826,931,1757
2019-02-23T05:45:00+09:00,J2,710,655,1365
2019-02-23T05:45:00+09:00,J3,919,737,1656
2019-02-23T05:45:00+09:00,J4,566,646,1212
2019-02-23T05:45:00+09:00,J5,410,449,859
2019-02-23T06:00:00+09:00,J1,884,909,1793
2019-02-23T06:00:00+09:00,J2,717,558,1275
2019-02-23T06:00:00+09:00,J3,975,789,1764
2019-02-23T06:00:00+09:00,J4,696,727,1423
2019-02-23T06:00:00+09:00,J5,410,468,878
2019-02-23T06:15:00+09:00,J1,830,921,1751
2019-02-23T06:15:00+09:00,J2,668,546,1214
2019-02-23T06:15:00+09:00,J3,1042,861,1903
2019-02-23T06:15:00+09:00,J4,593,714,1307
2019-02-23T06:15:00+09:00,J5,448,505,953
2019-02-23T06:30:00+09:00,J1,940,900,1840
2019-02-23T06:30:00+09:00,J2,629,537,1166
2019-02-23T06:30:00+09:00,J3,912,814,1726
2019-02-23T06:30:00+09:00,J4,707,737,1444
2019-02-23T06:30:00+09:00,J5,391,477,868
2019-02-23T06:45:00+09:00,J1,786,862,1648
2019-02-23T06:45:00+09:00,J2,668,657,1325
2019-02-23T06:45:00+09:00,J3,910,820,1730
2019-02-23T06:45:00+09:00,J4,648,789,1437
2019-02-23T06:45:00+09:00,J5,458,529,987
2019-02-23T07:00:00+09:00,J1,1049,1120,2169
2019-02-23T07:00:00+09:00,J2,557,639,1196
2019-02-23T07:00:00+09:00,J3,968,787,1755
2019-02-23T07:00:00+09:00,J4,708,849,1557
2019-02-23T07:00:00+09:00,J5,407,475,882
2019-02-23T07:15:00+09:00,J1,1096,1069,2165
2019-02-23T07:15:00+09:00,J2,581,560,1141
2019-02-23T07:15:00+09:00,J3,994,894,1888
2019-02-23T07:15:00+09:00,J4,716,923,1639
2019-02-23T07:15:00+09:00,J5,451,464,915
2019-02-23T07:30:00+09:00,J1,1100,1187,2287
2019-02-23T07:30:00+09:00,J2,532,637,1169
2019-02-23T07:30:00+09:00,J3,978,853,1831
2019-02-23T07:30:00+09:00,J4,753,939,1692
2019-02-23T07:30:00+09:00,J5,440,453,893
2019-02-23T07:45:00+09:00,J1,1083,1187,2270
2019-02-23T07:45:00+09:00,J2,653,658,1311
2019-02-23T07:45:00+09:00,J3,927,715,1642
2019-02-23T07:45:00+09:00,J4,766,916,1682
2019-02-23T07:45:00+09:00,J5,424,508,932
2019-02-23T08:00:00+09:00,J1,1156,1258,2414
2019-02-23T08:00:00+09:00,J2,844,732,1576
2019-02-23T08:00:00+09:00,J3,1138,1054,2192
2019-02-23T08:00:00+09:00,J4,827,1022,1849
2019-02-23T08:00:00+09:00,J5,630,582,1212
2019-02-23T08:15:00+09:00,J1,1229,1375,2604
2019-02-23T08:15:00+09:00,J2,805,680,1485
2019-02-23T08:15:00+09:00,J3,1310,1182,2492
2019-02-23T08:15:00+09:00,J4,923,1085,2008
2019-02-23T08:15:00+09:00,J5,654,587,1241
2019-02-23T08:30:00+09:00,J1,1175,1325,2500
2019-02-23T08:30:00+09:00,J2,843,782,1625
2019-02-23T08:30:00+09:00,J3,1236,1125,2361
2019-02-23T08:30:00+09:00,J4,826,1064,1890
2019-02-23T08:30:00+09:00,J5,748,721,1469
2019-02-23T08:45:00+09:00,J1,1214,1359,2573
2019-02-23T08:45:00+09:00,J2,817,760,1577
2019-02-23T08:45:00+09:00,J3,1304,1202,2506
2019-02-23T08:45:00+09:00,J4,885,922,1807
2019-02-23T08:45:00+09:00,J5,695,670,1365
2019-02-23T09:00:00+09:00,J1,1249,1338,2587
2019-02-23T09:00:00+09:00,J2,934,864,1798
2019-02-23T09:00:00+09:00,J3,1019,952,1971
2019-02-23T09:00:00+09:00,J4,860,935,1795
2019-02-23T09:00:00+09:00,J5,511,530,1041
2019-02-23T09:15:00+09:00,J1,1202,1250,2452
2019-02-23T09:15:00+09:00,J2,838,677,1515
2019-02-23T09:15:00+09:00,J3,910,897,1807
2019-02-23T09:15:00+09:00,J4,791,923,1714
2019-02-23T09:15:00+09:00,J5,509,538,1047
2019-02-23T09:30:00+09:00,J1,740,827,1567
2019-02-23T09:30:00+09:00,J2,581,471,1052
2019-02-23T09:30:00+09:00,J3,673,698,1371
2019-02-23T09:30:00+09:00,J4,598,717,1315
2019-02-23T09:30:00+09:00,J5,441,516,957
2019-02-23T09:45:00+09:00,J1,1520,1640,3160
2019-02-23T09:45:00+09:00,J2,1220,1030,2250
2019-02-23T09:45:00+09:00,J3,1460,1524,2984
2019-02-23T09:45:00+09:00,J4,1205,1360,2565
2019-02-23T09:45:00+09:00,J5,920,928,1848
2019-02-23T10:00:00+09:00,J1,1112,1190,2302
2019-02-23T10:00:00+09:00,J2,848,785,1633
2019-02-23T10:00:00+09:00,J3,1206,1087,2293
2019-02-23T10:00:00+09:00,J4,989,1098,2087
2019-02-23T10:00:00+09:00,J5,677,685,1362
2019-02-23T10:15:00+09:00,J1,1106,1261,2367
2019-02-23T10:15:00+09:00,J2,908,756,1664
2019-02-23T10:15:00+09:00,J3,1168,1084,2252
2019-02-23T10:15:00+09:00,J4,1081,1063,2144
2019-02-23T10:15:00+09:00,J5,686,695,1381
2019-02-23T10:30:00+09:00,J1,1181,1257,2438
2019-02-23T10:30:00+09:00,J2,842,710,1552
2019-02-23T10:30:00+09:00,J3,1035,1070,2105
2019-02-23T10:30:00+09:00,J4,1137,1007,2144
2019-02-23T10:30:00+09:00,J5,661,657,1318
2019-02-23T10:45:00+09:00,J1,1170,1303,2473
2019-02-23T10:45:00+09:00,J2,712,673,1385
2019-02-23T10:45:00+09:00,J3,1110,1112,2222
2019-02-23T10:45:00+09:00,J4,1068,1017,2085
2019-02-23T10:45:00+09:00,J5,605,640,1245
2019-02-23T11:00:00+09:00,J1,1260,1432,2692
2019-02-23T11:00:00+09:00,J2,848,724,1572
2019-02-23T11:00:00+09:00,J3,1129,915,2044
2019-02-23T11:00:00+09:00,J4,1046,1033,2079
2019-02-23T11:00:00+09:00,J5,649,645,1294
2019-02-23T11:15:00+09:00,J1,1242,1375,2617
2019-02-23T11:15:00+09:00,J2,774,764,1538
2019-02-23T11:15:00+09:00,J3,1294,1164,2458
2019-02-23T11:15:00+09:00,J4,975,1020,1995
2019-02-23T11:15:00+09:00,J5,655,717,1372
2019-02-23T11:30:00+09:00,J1,1068,1227,2295
2019-02-23T11:30:00+09:00,J2,712,570,1282
2019-02-23T11:30:00+09:00,J3,1072,1016,2088
2019-02-23T11:30:00+09:00,J4,907,873,1780
2019-02-23T11:30:00+09:00,J5,608,631,1239
2019-02-23T11:45:00+09:00,J1,1366,1576,2942
2019-02-23T11:45:00+09:00,J2,936,789,1725
2019-02-23T11:45:00+09:00,J3,1481,1314,2795
2019-02-23T11:45:00+09:00,J4,1229,1120,2349
2019-02-23T11:45:00+09:00,J5,789,822,1611
2019-02-23T12:00:00+09:00,J1,1254,1396,2650
2019-02-23T12:00:00+09:00,J2,813,775,1588
2019-02-23T12:00:00+09:00,J3,1172,1115,2287
2019-02-23T12:00:00+09:00,J4,1067,925,1992
2019-02-23T12:00:00+09:00,J5,656,644,1300
2019-02-23T12:15:00+09:00,J1,1231,1506,2737
2019-02-23T12:15:00+09:00,J2,820,845,1665
2019-02-23T12:15:00+09:00,J3,1094,1011,2105
2019-02-23T12:15:00+09:00,J4,1096,1047,2143
2019-02-23T12:15:00+09:00,J5,530,576,1106
2019-02-23T12:30:00+09:00,J1,1171,1456,2627
2019-02-23T12:30:00+09:00,J2,897,885,1782
2019-02-23T12:30:00+09:00,J3,1119,1025,2144
2019-02-23T12:30:00+09:00,J4,1061,946,2007
2019-02-23T12:30:00+09:00,J5,572,614,1186
2019-02-23T12:45:00+09:00,J1,1213,1411,2624
2019-02-23T12:45:00+09:00,J2,842,863,1705
2019-02-23T12:45:00+09:00,J3,1032,1094,2126
2019-02-23T12:45:00+09:00,J4,991,1076,2067
2019-02-23T12:45:00+09:00,J5,644,684,1328
2019-02-23T13:00:00+09:00,J1,1213,1423,2636
2019-02-23T13:00:00+09:00,J2,867,963,1830
2019-02-23T13:00:00+09:00,J3,988,1076,2064
2019-02-23T13:00:00+09:00,J4,996,982,1978
2019-02-23T13:00:00+09:00,J5,652,731,1383
2019-02-23T13:15:00+09:00,J1,1189,1457,2646
2019-02-23T13:15:00+09:00,J2,869,871,1740
2019-02-23T13:15:00+09:00,J3,1076,1077,2153
2019-02-23T13:15:00+09:00,J4,1042,997,2039
2019-02-23T13:15:00+09:00,J5,678,729,1407
2019-02-23T13:30:00+09:00,J1,1138,1501,2639
2019-02-23T13:30:00+09:00,J2,856,942,1798
2019-02-23T13:30:00+09:00,J3,1118,1169,2287
2019-02-23T13:30:00+09:00,J4,862,1041,1903
2019-02-23T13:30:00+09:00,J5,631,674,1305
2019-02-23T13:45:00+09:00,J1,1136,1432,2568
2019-02-23T13:45:00+09:00,J2,794,823,1617
2019-02-23T13:45:00+09:00,J3,1086,1121,2207
2019-02-23T13:45:00+09:00,J4,862,974,1836
2019-02-23T13:45:00+09:00,J5,562,583,1145
2019-02-23T14:00:00+09:00,J1,1169,1395,2564
2019-02-23T14:00:00+09:00,J2,785,858,1643
2019-02-23T14:00:00+09:00,J3,968,1166,2134
2019-02-23T14:00:00+09:00,J4,919,947,1866
2019-02-23T14:00:00+09:00,J5,601,601,1202
2019-02-23T14:15:00+09:00,J1,1156,1477,2633
2019-02-23T14:15:00+09:00,J2,836,876,1712
2019-02-23T14:15:00+09:00,J3,1018,1156,2174
2019-02-23T14:15:00+09:00,J4,885,1012,1897
2019-02-23T14:15:00+09:00,J5,566,662,1228
2019-02-23T14:30:00+09:00,J1,1218,1416,2634
2019-02-23T14:30:00+09:00,J2,849,875,1724
2019-02-23T14:30:00+09:00,J3,1096,1151,2247
2019-02-23T14:30:00+09:00,J4,1008,1056,2064
2019-02-23T14:30:00+09:00,J5,661,648,1309
2019-02-23T14:45:00+09:00,J1,1212,1407,2619
2019-02-23T14:45:00+09:00,J2,879,840,1719
2019-02-23T14:45:00+09:00,J3,1086,1139,2225
2019-02-23T14:45:00+09:00,J4,976,948,1924
2019-02-23T14:45:00+09:00,J5,654,677,1331
2019-02-23T15:00:00+09:00,J1,1170,1430,2600
2019-02-23T15:00:00+09:00,J2,798,943,1741
2019-02-23T15:00:00+09:00,J3,1082,1178,2260
2019-02-23T15:00:00+09:00,J4,915,997,1912
2019-02-23T15:00:00+09:00,J5,603,653,1256
2019-02-23T15:15:00+09:00,J1,1110,1463,2573
2019-02-23T15:15:00+09:00,J2,857,914,1771
2019-02-23T15:15:00+09:00,J3,1051,1176,2227
2019-02-23T15:15:00+09:00,J4,941,985,1926
2019-02-23T15:15:00+09:00,J5,572,693,1265
2019-02-23T15:30:00+09:00,J1,1166,1379,2545
2019-02-23T15:30:00+09:00,J2,902,923,1825
2019-02-23T15:30:00+09:00,J3,1128,1154,2282
2019-02-23T15:30:00+09:00,J4,869,1005,1874
2019-02-23T15:30:00+09:00,J5,566,683,1249
2019-02-23T15:45:00+09:00,J1,1150,1412,2562
2019-02-23T15:45:00+09:00,J2,952,827,1779
2019-02-23T15:45:00+09:00,J3,1125,1166,2291
2019-02-23T15:45:00+09:00,J4,897,1082,1979
2019-02-23T15:45:00+09:00,J5,564,621,1185
2019-02-23T16:00:00+09:00,J1,1185,1461,2646
2019-02-23T16:00:00+09:00,J2,858,821,1679
2019-02-23T16:00:00+09:00,J3,1223,1081,2304
2019-02-23T16:00:00+09:00,J4,832,901,1733
2019-02-23T16:00:00+09:00,J5,526,555,1081
2019-02-23T16:15:00+09:00,J1,1177,1400,2577
2019-02-23T16:15:00+09:00,J2,961,827,1788
2019-02-23T16:15:00+09:00,J3,1329,1115,2444
2019-02-23T16:15:00+09:00,J4,877,903,1780
2019-02-23T16:15:00+09:00,J5,540,589,1129
2019-02-23T16:30:00+09:00,J1,1188,1424,2612
2019-02-23T16:30:00+09:00,J2,1025,764,1789
2019-02-23T16:30:00+09:00,J3,1415,1132,2547
2019-02-23T16:30:00+09:00,J4,898,943,1841
2019-02-23T16:30:00+09:00,J5,541,581,1122
2019-02-23T16:45:00+09:00,J1,1170,1398,2568
2019-02-23T16:45:00+09:00,J2,981,785,1766
2019-02-23T16:45:00+09:00,J3,1467,1207,2674
2019-02-23T16:45:00+09:00,J4,838,952,1790
2019-02-23T16:45:00+09:00,J5,661,667,1328
2019-02-23T17:00:00+09:00,J1,1157,1477,2634
2019-02-23T17:00:00+09:00,J2,967,804,1771
2019-02-23T17:00:00+09:00,J3,1465,1221,2686
2019-02-23T17:00:00+09:00,J4,791,973,1764
2019-02-23T17:00:00+09:00,J5,733,676,1409
2019-02-23T17:15:00+09:00,J1,1134,1516,2650
2019-02-23T17:15:00+09:00,J2,1008,793,1801
2019-02-23T17:15:00+09:00,J3,1530,1122,2652
2019-02-23T17:15:00+09:00,J4,910,966,1876
2019-02-23T17:15:00+09:00,J5,698,748,1446
2019-02-23T17:30:00+09:00,J1,1191,1425,2616
2019-02-23T17:30:00+09:00,J2,980,829,1809
2019-02-23T17:30:00+09:00,J3,1515,1145,2660
2019-02-23T17:30:00+09:00,J4,907,1010,1917
2019-02-23T17:30:00+09:00,J5,699,682,1381
2019-02-23T17:45:00+09:00,J1,1154,1459,2613
2019-02-23T17:45:00+09:00,J2,1000,817,1817
2019-02-23T17:45:00+09:00,J3,1605,1126,2731
2019-02-23T17:45:00+09:00,J4,984,890,1874
2019-02-23T17:45:00+09:00,J5,582,660,1242
2019-02-23T18:00:00+09:00,J1,1306,1481,2787
2019-02-23T18:00:00+09:00,J2,913,751,1664
2019-02-23T18:00:00+09:00,J3,1352,1190,2542
2019-02-23T18:00:00+09:00,J4,826,726,1552
2019-02-23T18:00:00+09:00,J5,525,540,1065
2019-02-23T18:15:00+09:00,J1,1197,1512,2709
2019-02-23T18:15:00+09:00,J2,895,788,1683
2019-02-23T18:15:00+09:00,J3,1299,983,2282
2019-02-23T18:15:00+09:00,J4,778,859,1637
2019-02-23T18:15:00+09:00,J5,513,564,1077
2019-02-23T18:30:00+09:00,J1,1255,1434,2689
2019-02-23T18:30:00+09:00,J2,903,789,1692
2019-02-23T18:30:00+09:00,J3,1206,994,2200
2019-02-23T18:30:00+09:00,J4,969,897,1866
2019-02-23T18:30:00+09:00,J5,634,524,1158
2019-02-23T18:45:00+09:00,J1,1195,1370,2565
2019-02-23T18:45:00+09:00,J2,780,750,1530
2019-02-23T18:45:00+09:00,J3,1154,996,2150
2019-02-23T18:45:00+09:00,J4,1025,902,1927
2019-02-23T18:45:00+09:00,J5,562,477,1039
2019-02-23T19:00:00+09:00,J1,1204,1328,2532
2019-02-23T19:00:00+09:00,J2,773,630,1403
2019-02-23T19:00:00+09:00,J3,1061,922,1983
2019-02-23T19:00:00+09:00,J4,945,863,1808
2019-02-23T19:00:00+09:00,J5,574,527,1101
2019-02-23T19:15:00+09:00,J1,1187,1362,2549
2019-02-23T19:15:00+09:00,J2,788,676,1464
2019-02-23T19:15:00+09:00,J3,1073,1023,2096
2019-02-23T19:15:00+09:00,J4,989,932,1921
2019-02-23T19:15:00+09:00,J5,603,585,1188
2019-02-23T19:30:00+09:00,J1,1128,1319,2447
2019-02-23T19:30:00+09:00,J2,793,609,1402
2019-02-23T19:30:00+09:00,J3,1179,1090,2269
2019-02-23T19:30:00+09:00,J4,1006,855,1861
2019-02-23T19:30:00+09:00,J5,560,446,1006
2019-02-23T19:45:00+09:00,J1,1148,1256,2404
2019-02-23T19:45:00+09:00,J2,733,712,1445
2019-02-23T19:45:00+09:00,J3,1053,964,2017
2019-02-23T19:45:00+09:00,J4,962,852,1814
2019-02-23T19:45:00+09:00,J5,524,506,1030
2019-02-23T20:00:00+09:00,J1,1081,1347,2428
2019-02-23T20:00:00+09:00,J2,706,661,1367
2019-02-23T20:00:00+09:00,J3,1092,1035,2127
2019-02-23T20:00:00+09:00,J4,948,840,1788
2019-02-23T20:00:00+09:00,J5,523,482,1005
2019-02-23T20:15:00+09:00,J1,1150,1342,2492
2019-02-23T20:15:00+09:00,J2,758,781,1539
2019-02-23T20:15:00+09:00,J3,1140,968,2108
2019-02-23T20:15:00+09:00,J4,866,847,1713
2019-02-23T20:15:00+09:00,J5,552,498,1050
2019-02-23T20:30:00+09:00,J1,1139,1309,2448
2019-02-23T20:30:00+09:00,J2,776,713,1489
2019-02-23T20:30:00+09:00,J3,1018,921,1939
2019-02-23T20:30:00+09:00,J4,846,808,1654
2019-02-23T20:30:00+09:00,J5,502,477,979
2019-02-23T20:45:00+09:00,J1,1128,1343,2471
2019-02-23T20:45:00+09:00,J2,781,690,1471
2019-02-23T20:45:00+09:00,J3,994,904,1898
2019-02-23T20:45:00+09:00,J4,853,784,1637
2019-02-23T20:45:00+09:00,J5,498,496,994
2019-02-23T21:00:00+09:00,J1,1187,1315,2502
2019-02-23T21:00:00+09:00,J2,757,798,1555
2019-02-23T21:00:00+09:00,J3,1035,865,1900
2019-02-23T21:00:00+09:00,J4,928,864,1792
2019-02-23T21:00:00+09:00,J5,487,432,919
2019-02-23T21:15:00+09:00,J1,1072,1301,2373
2019-02-23T21:15:00+09:00,J2,909,830,1739
2019-02-23T21:15:00+09:00,J3,1078,834,1912
2019-02-23T21:15:00+09:00,J4,953,914,1867
2019-02-23T21:15:00+09:00,J5,573,562,1135
2019-02-23T21:30:00+09:00,J1,1084,1288,2372
2019-02-23T21:30:00+09:00,J2,892,822,1714
2019-02-23T21:30:00+09:00,J3,1019,811,1830
2019-02-23T21:30:00+09:00,J4,830,860,1690
2019-02-23T21:30:00+09:00,J5,510,560,1070
2019-02-23T21:45:00+09:00,J1,1033,1166,2199
2019-02-23T21:45:00+09:00,J2,806,749,1555
2019-02-23T21:45:00+09:00,J3,958,735,1693
2019-02-23T21:45:00+09:00,J4,823,900,1723
2019-02-23T21:45:00+09:00,J5,504,557,1061
2019-02-23T22:00:00+09:00,J1,1094,1238,2332
2019-02-23T22:00:00+09:00,J2,792,748,1540
2019-02-23T22:00:00+09:00,J3,965,755,1720
2019-02-23T22:00:00+09:00,J4,724,793,1517
2019-02-23T22:00:00+09:00,J5,599,539,1138
2019-02-23T22:15:00+09:00,J1,1022,1260,2282
2019-02-23T22:15:00+09:00,J2,830,754,1584
2019-02-23T22:15:00+09:00,J3,867,787,1654
2019-02-23T22:15:00+09:00,J4,785,843,1628
2019-02-23T22:15:00+09:00,J5,584,525,1109
2019-02-23T22:30:00+09:00,J1,1078,1247,2325
2019-02-23T22:30:00+09:00,J2,850,728,1578
2019-02-23T22:30:00+09:00,J3,834,729,1563
2019-02-23T22:30:00+09:00,J4,718,873,1591
2019-02-23T22:30:00+09:00,J5,556,543,1099
2019-02-23T22:45:00+09:00,J1,1116,1211,2327
2019-02-23T22:45:00+09:00,J2,827,733,1560
2019-02-23T22:45:00+09:00,J3,778,773,1551
2019-02-23T22:45:00+09:00,J4,705,816,1521
2019-02-23T22:45:00+09:00,J5,582,580,1162
2019-02-23T23:00:00+09:00,J1,1093,1149,2242
2019-02-23T23:00:00+09:00,J2,836,681,1517
2019-02-23T23:00:00+09:00,J3,799,802,1601
2019-02-23T23:00:00+09:00,J4,765,840,1605
2019-02-23T23:00:00+09:00,J5,605,534,1139
2019-02-23T23:15:00+09:00,J1,1110,1221,2331
2019-02-23T23:15:00+09:00,J2,781,717,1498
2019-02-23T23:15:00+09:00,J3,840,779,1619
2019-02-23T23:15:00+09:00,J4,772,836,1608
2019-02-23T23:15:00+09:00,J5,533,510,1043
2019-02-23T23:30:00+09:00,J1,1033,1251,2284
2019-02-23T23:30:00+09:00,J2,760,769,1529
2019-02-23T23:30:00+09:00,J3,786,781,1567
2019-02-23T23:30:00+09:00,J4,761,799,1560
2019-02-23T23:30:00+09:00,J5,626,526,1152
2019-02-23T23:45:00+09:00,J1,1079,1177,2256
2019-02-23T23:45:00+09:00,J2,782,706,1488
2019-02-23T23:45:00+09:00,J3,779,752,1531
2019-02-23T23:45:00+09:00,J4,697,766,1463
2019-02-23T23:45:00+09:00,J5,579,572,1151
2019-02-24T00:00:00+09:00,J1,872,962,1834
2019-02-24T00:00:00+09:00,J2,712,669,1381
2019-02-24T00:00:00+09:00,J3,758,744,1502
2019-02-24T00:00:00+09:00,J4,692,798,1490
2019-02-24T00:00:00+09:00,J5,604,588,1192
2019-02-24T00:15:00+09:00,J1,764,729,1493
2019-02-24T00:15:00+09:00,J2,714,625,1339
2019-02-24T00:15:00+09:00,J3,1029,780,1809
2019-02-24T00:15:00+09:00,J4,672,734,1406
2019-02-24T00:15:00+09:00,J5,488,481,969
2019-02-24T00:30:00+09:00,J1,550,606,1156
2019-02-24T00:30:00+09:00,J2,660,685,1345
2019-02-24T00:30:00+09:00,J3,975,772,1747
2019-02-24T00:30:00+09:00,J4,611,688,1299
2019-02-24T00:30:00+09:00,J5,400,466,866
2019-02-24T00:45:00+09:00,J1,644,660,1304
2019-02-24T00:45:00+09:00,J2,697,653,1350
2019-02-24T00:45:00+09:00,J3,962,749,1711
2019-02-24T00:45:00+09:00,J4,487,585,1072
2019-02-24T00:45:00+09:00,J5,402,479,881
2019-02-24T05:45:00+09:00,J1,973,934,1907
2019-02-24T05:45:00+09:00,J2,387,443,830
2019-02-24T05:45:00+09:00,J3,676,633,1309
2019-02-24T05:45:00+09:00,J4,612,668,1280
2019-02-24T05:45:00+09:00,J5,454,474,928
2019-02-24T06:00:00+09:00,J1,910,973,1883
2019-02-24T06:00:00+09:00,J2,424,539,963
2019-02-24T06:00:00+09:00,J3,915,677,1592
2019-02-24T06:00:00+09:00,J4,600,677,1277
2019-02-24T06:00:00+09:00,J5,433,460,893
2019-02-24T06:15:00+09:00,J1,913,989,1902
2019-02-24T06:15:00+09:00,J2,551,547,1098
2019-02-24T06:15:00+09:00,J3,966,705,1671
2019-02-24T06:15:00+09:00,J4,602,666,1268
2019-02-24T06:15:00+09:00,J5,399,444,843
2019-02-24T06:30:00+09:00,J1,921,958,1879
2019-02-24T06:30:00+09:00,J2,520,539,1059
2019-02-24T06:30:00+09:00,J3,809,631,1440
2019-02-24T06:30:00+09:00,J4,655,729,1384
2019-02-24T06:30:00+09:00,J5,367,408,775
2019-02-24T06:45:00+09:00,J1,849,968,1817
2019-02-24T06:45:00+09:00,J2,391,477,868
2019-02-24T06:45:00+09:00,J3,833,619,1452
2019-02-24T06:45:00+09:00,J4,649,781,1430
2019-02-24T06:45:00+09:00,J5,398,434,832
2019-02-24T07:00:00+09:00,J1,1013,1110,2123
2019-02-24T07:00:00+09:00,J2,436,456,892
2019-02-24T07:00:00+09:00,J3,907,689,1596
2019-02-24T07:00:00+09:00,J4,809,828,1637
2019-02-24T07:00:00+09:00,J5,453,422,875
2019-02-24T07:15:00+09:00,J1,1055,1061,2116
2019-02-24T07:15:00+09:00,J2,430,522,952
2019-02-24T07:15:00+09:00,J3,947,674,1621
2019-02-24T07:15:00+09:00,J4,891,822,1713
2019-02-24T07:15:00+09:00,J5,453,469,922
2019-02-24T07:30:00+09:00,J1,1123,1246,2369
2019-02-24T07:30:00+09:00,J2,463,515,978
2019-02-24T07:30:00+09:00,J3,896,690,1586
2019-02-24T07:30:00+09:00,J4,841,913,1754
2019-02-24T07:30:00+09:00,J5,427,457,884
2019-02-24T07:45:00+09:00,J1,1133,1214,2347
2019-02-24T07:45:00+09:00,J2,486,502,988
2019-02-24T07:45:00+09:00,J3,853,621,1474
2019-02-24T07:45:00+09:00,J4,820,895,1715
2019-02-24T07:45:00+09:00,J5,443,452,895
2019-02-24T08:00:00+09:00,J1,1297,1352,2649
2019-02-24T08:00:00+09:00,J2,593,485,1078
2019-02-24T08:00:00+09:00,J3,1099,981,2080
2019-02-24T08:00:00+09:00,J4,829,918,1747
2019-02-24T08:00:00+09:00,J5,598,612,1210
2019-02-24T08:15:00+09:00,J1,1318,1396,2714
2019-02-24T08:15:00+09:00,J2,579,521,1100
2019-02-24T08:15:00+09:00,J3,1185,1067,2252
2019-02-24T08:15:00+09:00,J4,911,972,1883
2019-02-24T08:15:00+09:00,J5,672,677,1349
2019-02-24T08:30:00+09:00,J1,1319,1328,2647
2019-02-24T08:30:00+09:00,J2,623,594,1217
2019-02-24T08:30:00+09:00,J3,1240,1143,2383
2019-02-24T08:30:00+09:00,J4,991,1039,2030
2019-02-24T08:30:00+09:00,J5,691,726,1417
2019-02-24T08:45:00+09:00,J1,1251,1433,2684
2019-02-24T08:45:00+09:00,J2,606,673,1279
2019-02-24T08:45:00+09:00,J3,1197,1126,2323
2019-02-24T08:45:00+09:00,J4,883,928,1811
2019-02-24T08:45:00+09:00,J5,654,712,1366
2019-02-24T09:00:00+09:00,J1,1242,1207,2449
2019-02-24T09:00:00+09:00,J2,749,679,1428
2019-02-24T09:00:00+09:00,J3,802,832,1634
2019-02-24T09:00:00+09:00,J4,867,941,1808
2019-02-24T09:00:00+09:00,J5,520,552,1072
2019-02-24T09:15:00+09:00,J1,1313,1256,2569
2019-02-24T09:15:00+09:00,J2,527,572,1099
2019-02-24T09:15:00+09:00,J3,843,842,1685
2019-02-24T09:15:00+09:00,J4,904,816,1720
2019-02-24T09:15:00+09:00,J5,467,434,901
2019-02-24T09:30:00+09:00,J1,1329,1261,2590
2019-02-24T09:30:00+09:00,J2,476,520,996
2019-02-24T09:30:00+09:00,J3,793,813,1606
2019-02-24T09:30:00+09:00,J4,975,885,1860
2019-02-24T09:30:00+09:00,J5,524,502,1026
2019-02-24T09:45:00+09:00,J1,1173,1245,2418
2019-02-24T09:45:00+09:00,J2,440,581,1021
2019-02-24T09:45:00+09:00,J3,840,924,1764
2019-02-24T09:45:00+09:00,J4,883,942,1825
2019-02-24T09:45:00+09:00,J5,471,419,890
2019-02-24T10:00:00+09:00,J1,1231,1172,2403
2019-02-24T10:00:00+09:00,J2,464,528,992
2019-02-24T10:00:00+09:00,J3,824,893,1717
2019-02-24T10:00:00+09:00,J4,950,986,1936
2019-02-24T10:00:00+09:00,J5,476,503,979
2019-02-24T10:15:00+09:00,J1,1217,1270,2487
2019-02-24T10:15:00+09:00,J2,468,464,932
2019-02-24T10:15:00+09:00,J3,792,916,1708
2019-02-24T10:15:00+09:00,J4,935,910,1845
2019-02-24T10:15:00+09:00,J5,540,492,1032
2019-02-24T10:30:00+09:00,J1,1289,1266,2555
2019-02-24T10:30:00+09:00,J2,498,522,1020
2019-02-24T10:30:00+09:00,J3,778,956,1734
2019-02-24T10:30:00+09:00,J4,949,1020,1969
2019-02-24T10:30:00+09:00,J5,500,524,1024
2019-02-24T10:45:00+09:00,J1,1218,1218,2436
2019-02-24T10:45:00+09:00,J2,468,499,967
2019-02-24T10:45:00+09:00,J3,865,885,1750
2019-02-24T10:45:00+09:00,J4,976,949,1925
2019-02-24T10:45:00+09:00,J5,517,442,959
2019-02-24T11:00:00+09:00,J1,1158,1252,2410
2019-02-24T11:00:00+09:00,J2,462,592,1054
2019-02-24T11:00:00+09:00,J3,1102,1070,2172
2019-02-24T11:00:00+09:00,J4,974,1040,2014
2019-02-24T11:00:00+09:00,J5,703,685,1388
2019-02-24T11:15:00+09:00,J1,1157,1254,2411
2019-02-24T11:15:00+09:00,J2,496,535,1031
2019-02-24T11:15:00+09:00,J3,1175,1141,2316
2019-02-24T11:15:00+09:00,J4,1013,937,1950
2019-02-24T11:15:00+09:00,J5,635,678,1313
2019-02-24T11:30:00+09:00,J1,1162,1223,2385
2019-02-24T11:30:00+09:00,J2,603,567,1170
2019-02-24T11:30:00+09:00,J3,1113,1222,2335
2019-02-24T11:30:00+09:00,J4,871,957,1828
2019-02-24T11:30:00+09:00,J5,680,678,1358
2019-02-24T11:45:00+09:00,J1,1159,1301,2460
2019-02-24T11:45:00+09:00,J2,701,545,1246
2019-02-24T11:45:00+09:00,J3,1169,1171,2340
2019-02-24T11:45:00+09:00,J4,950,995,1945
2019-02-24T11:45:00+09:00,J5,634,672,1306
2019-02-24T12:00:00+09:00,J1,1188,1368,2556
2019-02-24T12:00:00+09:00,J2,704,550,1254
2019-02-24T12:00:00+09:00,J3,1181,1109,2290
2019-02-24T12:00:00+09:00,J4,865,887,1752
2019-02-24T12:00:00+09:00,J5,641,667,1308
2019-02-24T12:15:00+09:00,J1,1092,1338,2430
2019-02-24T12:15:00+09:00,J2,768,583,1351
2019-02-24T12:15:00+09:00,J3,1110,1170,2280
2019-02-24T12:15:00+09:00,J4,749,987,1736
2019-02-24T12:15:00+09:00,J5,700,640,1340
2019-02-24T12:30:00+09:00,J1,1077,1321,2398
2019-02-24T12:30:00+09:00,J2,672,605,1277
2019-02-24T12:30:00+09:00,J3,1143,1054,2197
2019-02-24T12:30:00+09:00,J4,826,943,1769
2019-02-24T12:30:00+09:00,J5,695,672,1367
2019-02-24T12:45:00+09:00,J1,1100,1220,2320
2019-02-24T12:45:00+09:00,J2,662,594,1256
2019-02-24T12:45:00+09:00,J3,1033,941,1974
2019-02-24T12:45:00+09:00,J4,928,937,1865
2019-02-24T12:45:00+09:00,J5,616,656,1272
2019-02-24T13:00:00+09:00,J1,1055,1254,2309
2019-02-24T13:00:00+09:00,J2,793,550,1343
2019-02-24T13:00:00+09:00,J3,1114,845,1959
2019-02-24T13:00:00+09:00,J4,863,911,1774
2019-02-24T13:00:00+09:00,J5,688,654,1342
2019-02-24T13:15:00+09:00,J1,970,1273,2243
2019-02-24T13:15:00+09:00,J2,784,606,1390
2019-02-24T13:15:00+09:00,J3,1138,932,2070
2019-02-24T13:15:00+09:00,J4,811,942,1753
2019-02-24T13:15:00+09:00,J5,699,703,1402
2019-02-24T13:30:00+09:00,J1,979,1208,2187
2019-02-24T13:30:00+09:00,J2,771,568,1339
2019-02-24T13:30:00+09:00,J3,1075,888,1963
2019-02-24T13:30:00+09:00,J4,754,908,1662
2019-02-24T13:30:00+09:00,J5,745,733,1478
2019-02-24T13:45:00+09:00,J1,1090,1150,2240
2019-02-24T13:45:00+09:00,J2,822,580,1402
2019-02-24T13:45:00+09:00,J3,1037,910,1947
2019-02-24T13:45:00+09:00,J4,860,860,1720
2019-02-24T13:45:00+09:00,J5,631,695,1326
2019-02-24T14:00:00+09:00,J1,959,1247,2206
2019-02-24T14:00:00+09:00,J2,768,573,1341
2019-02-24T14:00:00+09:00,J3,1113,918,2031
2019-02-24T14:00:00+09:00,J4,817,835,1652
2019-02-24T14:00:00+09:00,J5,665,683,1348
2019-02-24T14:15:00+09:00,J1,978,1165,2143
2019-02-24T14:15:00+09:00,J2,738,560,1298
2019-02-24T14:15:00+09:00,J3,1119,979,2098
2019-02-24T14:15:00+09:00,J4,768,809,1577
2019-02-24T14:15:00+09:00,J5,658,663,1321
2019-02-24T14:30:00+09:00,J1,967,1255,2222
2019-02-24T14:30:00+09:00,J2,744,526,1270
2019-02-24T14:30:00+09:00,J3,1144,942,2086
2019-02-24T14:30:00+09:00,J4,835,947,1782
2019-02-24T14:30:00+09:00,J5,669,660,1329
2019-02-24T14:45:00+09:00,J1,969,1155,2124
2019-02-24T14:45:00+09:00,J2,764,538,1302
2019-02-24T14:45:00+09:00,J3,1074,895,1969
2019-02-24T14:45:00+09:00,J4,849,888,1737
2019-02-24T14:45:00+09:00,J5,689,724,1413
2019-02-24T15:00:00+09:00,J1,973,1216,2189
2019-02-24T15:00:00+09:00,J2,743,599,1342
2019-02-24T15:00:00+09:00,J3,1110,1020,2130
2019-02-24T15:00:00+09:00,J4,780,891,1671
2019-02-24T15:00:00+09:00,J5,648,742,1390
2019-02-24T15:15:00+09:00,J1,1011,1323,2334
2019-02-24T15:15:00+09:00,J2,731,582,1313
2019-02-24T15:15:00+09:00,J3,1096,1058,2154
2019-02-24T15:15:00+09:00,J4,805,937,1742
2019-02-24T15:15:00+09:00,J5,691,732,1423
2019-02-24T15:30:00+09:00,J1,1012,1219,2231
2019-02-24T15:30:00+09:00,J2,739,593,1332
2019-02-24T15:30:00+09:00,J3,1056,1023,2079
2019-02-24T15:30:00+09:00,J4,772,908,1680
2019-02-24T15:30:00+09:00,J5,647,696,1343
2019-02-24T15:45:00+09:00,J1,996,1225,2221
2019-02-24T15:45:00+09:00,J2,689,590,1279
2019-02-24T15:45:00+09:00,J3,1131,964,2095
2019-02-24T15:45:00+09:00,J4,832,917,1749
2019-02-24T15:45:00+09:00,J5,694,693,1387
2019-02-24T16:00:00+09:00,J1,956,1241,2197
2019-02-24T16:00:00+09:00,J2,700,548,1248
2019-02-24T16:00:00+09:00,J3,1056,1025,2081
2019-02-24T16:00:00+09:00,J4,857,902,1759
2019-02-24T16:00:00+09:00,J5,605,628,1233
2019-02-24T16:15:00+09:00,J1,969,1214,2183
2019-02-24T16:15:00+09:00,J2,737,508,1245
2019-02-24T16:15:00+09:00,J3,1046,900,1946
2019-02-24T16:15:00+09:00,J4,921,871,1792
2019-02-24T16:15:00+09:00,J5,595,623,1218
2019-02-24T16:30:00+09:00,J1,996,1182,2178
2019-02-24T16:30:00+09:00,J2,732,510,1242
2019-02-24T16:30:00+09:00,J3,1025,951,1976
2019-02-24T16:30:00+09:00,J4,818,914,1732
2019-02-24T16:30:00+09:00,J5,558,614,1172
2019-02-24T16:45:00+09:00,J1,1000,1201,2201
2019-02-24T16:45:00+09:00,J2,725,531,1256
2019-02-24T16:45:00+09:00,J3,1063,910,1973
2019-02-24T16:45:00+09:00,J4,949,891,1840
2019-02-24T16:45:00+09:00,J5,579,603,1182
2019-02-24T17:00:00+09:00,J1,1039,1246,2285
2019-02-24T17:00:00+09:00,J2,649,481,1130
2019-02-24T17:00:00+09:00,J3,1120,1094,2214
2019-02-24T17:00:00+09:00,J4,940,899,1839
2019-02-24T17:00:00+09:00,J5,606,651,1257
2019-02-24T17:15:00+09:00,J1,1093,1198,2291
2019-02-24T17:15:00+09:00,J2,728,529,1257
2019-02-24T17:15:00+09:00,J3,1163,1112,2275
2019-02-24T17:15:00+09:00,J4,961,934,1895
2019-02-24T17:15:00+09:00,J5,654,706,1360
2019-02-24T17:30:00+09:00,J1,1120,1254,2374
2019-02-24T17:30:00+09:00,J2,639,520,1159
2019-02-24T17:30:00+09:00,J3,1136,994,2130
2019-02-24T17:30:00+09:00,J4,925,955,1880
2019-02-24T17:30:00+09:00,J5,701,721,1422
2019-02-24T17:45:00+09:00,J1,1071,1212,2283
2019-02-24T17:45:00+09:00,J2,709,512,1221
2019-02-24T17:45:00+09:00,J3,1072,1029,2101
2019-02-24T17:45:00+09:00,J4,890,846,1736
2019-02-24T17:45:00+09:00,J5,654,669,1323
2019-02-24T18:00:00+09:00,J1,1189,1218,2407
2019-02-24T18:00:00+09:00,J2,674,514,1188
2019-02-24T18:00:00+09:00,J3,1051,967,2018
2019-02-24T18:00:00+09:00,J4,799,857,1656
2019-02-24T18:00:00+09:00,J5,659,721,1380
2019-02-24T18:15:00+09:00,J1,1081,1215,2296
2019-02-24T18:15:00+09:00,J2,652,513,1165
2019-02-24T18:15:00+09:00,J3,1119,950,2069
2019-02-24T18:15:00+09:00,J4,844,794,1638
2019-02-24T18:15:00+09:00,J5,707,783,1490
2019-02-24T18:30:00+09:00,J1,1063,1123,2186
2019-02-24T18:30:00+09:00,J2,672,495,1167
2019-02-24T18:30:00+09:00,J3,943,1003,1946
2019-02-24T18:30:00+09:00,J4,755,750,1505
2019-02-24T18:30:00+09:00,J5,669,632,1301
2019-02-24T18:45:00+09:00,J1,1019,1027,2046
2019-02-24T18:45:00+09:00,J2,692,485,1177
2019-02-24T18:45:00+09:00,J3,987,866,1853
2019-02-24T18:45:00+09:00,J4,687,707,1394
2019-02-24T18:45:00+09:00,J5,568,591,1159
2019-02-24T19:00:00+09:00,J1,984,1028,2012
2019-02-24T19:00:00+09:00,J2,407,385,792
2019-02-24T19:00:00+09:00,J3,1007,866,1873
2019-02-24T19:00:00+09:00,J4,635,757,1392
2019-02-24T19:00:00+09:00,J5,600,591,1191
2019-02-24T19:15:00+09:00,J1,924,1023,1947
2019-02-24T19:15:00+09:00,J2,415,392,807
2019-02-24T19:15:00+09:00,J3,983,838,1821
2019-02-24T19:15:00+09:00,J4,754,825,1579
2019-02-24T19:15:00+09:00,J5,535,586,1121
2019-02-24T19:30:00+09:00,J1,944,1004,1948
2019-02-24T19:30:00+09:00,J2,490,426,916
2019-02-24T19:30:00+09:00,J3,904,821,1725
2019-02-24T19:30:00+09:00,J4,689,675,1364
2019-02-24T19:30:00+09:00,J5,454,487,941
2019-02-24T19:45:00+09:00,J1,973,981,1954
2019-02-24T19:45:00+09:00,J2,485,429,914
2019-02-24T19:45:00+09:00,J3,804,785,1589
2019-02-24T19:45:00+09:00,J4,708,722,1430
2019-02-24T19:45:00+09:00,J5,435,460,895
2019-02-24T20:00:00+09:00,J1,973,1044,2017
2019-02-24T20:00:00+09:00,J2,383,422,805
2019-02-24T20:00:00+09:00,J3,887,775,1662
2019-02-24T20:00:00+09:00,J4,640,650,1290
2019-02-24T20:00:00+09:00,J5,459,483,942
2019-02-24T20:15:00+09:00,J1,917,1000,1917
2019-02-24T20:15:00+09:00,J2,452,455,907
2019-02-24T20:15:00+09:00,J3,839,804,1643
2019-02-24T20:15:00+09:00,J4,746,711,1457
2019-02-24T20:15:00+09:00,J5,426,524,950
2019-02-24T20:30:00+09:00,J1,1006,1018,2024
2019-02-24T20:30:00+09:00,J2,440,394,834
2019-02-24T20:30:00+09:00,J3,843,777,1620
2019-02-24T20:30:00+09:00,J4,721,693,1414
2019-02-24T20:30:00+09:00,J5,455,460,915
2019-02-24T20:45:00+09:00,J1,1034,1060,2094
2019-02-24T20:45:00+09:00,J2,411,329,740
2019-02-24T20:45:00+09:00,J3,800,769,1569
2019-02-24T20:45:00+09:00,J4,757,706,1463
2019-02-24T20:45:00+09:00,J5,394,495,889
2019-02-24T21:00:00+09:00,J1,924,1006,1930
2019-02-24T21:00:00+09:00,J2,500,418,918
2019-02-24T21:00:00+09:00,J3,809,681,1490
2019-02-24T21:00:00+09:00,J4,869,843,1712
2019-02-24T21:00:00+09:00,J5,435,457,892
2019-02-24T21:15:00+09:00,J1,961,1024,1985
2019-02-24T21:15:00+09:00,J2,501,426,927
2019-02-24T21:15:00+09:00,J3,910,847,1757
2019-02-24T21:15:00+09:00,J4,809,738,1547
2019-02-24T21:15:00+09:00,J5,485,443,928
2019-02-24T21:30:00+09:00,J1,971,1035,2006
2019-02-24T21:30:00+09:00,J2,396,403,799
2019-02-24T21:30:00+09:00,J3,926,857,1783
2019-02-24T21:30:00+09:00,J4,836,732,1568
2019-02-24T21:30:00+09:00,J5,467,399,866
2019-02-24T21:45:00+09:00,J1,936,1019,1955
2019-02-24T21:45:00+09:00,J2,426,418,844
2019-02-24T21:45:00+09:00,J3,912,877,1789
2019-02-24T21:45:00+09:00,J4,796,716,1512
2019-02-24T21:45:00+09:00,J5,462,462,924
2019-02-24T22:00:00+09:00,J1,978,1065,2043
2019-02-24T22:00:00+09:00,J2,360,413,773
2019-02-24T22:00:00+09:00,J3,962,867,1829
2019-02-24T22:00:00+09:00,J4,902,766,1668
2019-02-24T22:00:00+09:00,J5,431,433,864
2019-02-24T22:15:00+09:00,J1,1027,1003,2030
2019-02-24T22:15:00+09:00,J2,342,401,743
2019-02-24T22:15:00+09:00,J3,969,805,1774
2019-02-24T22:15:00+09:00,J4,801,864,1665
2019-02-24T22:15:00+09:00,J5,405,409,814
2019-02-24T22:30:00+09:00,J1,894,965,1859
2019-02-24T22:30:00+09:00,J2,356,451,807
2019-02-24T22:30:00+09:00,J3,1015,866,1881
2019-02-24T22:30:00+09:00,J4,875,837,1712
2019-02-24T22:30:00+09:00,J5,420,455,875
2019-02-24T22:45:00+09:00,J1,907,1028,1935
2019-02-24T22:45:00+09:00,J2,381,411,792
2019-02-24T22:45:00+09:00,J3,961,799,1760
2019-02-24T22:45:00+09:00,J4,841,754,1595
2019-02-24T22:45:00+09:00,J5,409,466,875
2019-02-24T23:00:00+09:00,J1,855,854,1709
2019-02-24T23:00:00+09:00,J2,417,414,831
2019-02-24T23:00:00+09:00,J3,1007,774,1781
2019-02-24T23:00:00+09:00,J4,807,837,1644
2019-02-24T23:00:00+09:00,J5,407,470,877
2019-02-24T23:15:00+09:00,J1,905,977,1882
2019-02-24T23:15:00+09:00,J2,405,479,884
2019-02-24T23:15:00+09:00,J3,828,700,1528
2019-02-24T23:15:00+09:00,J4,839,821,1660
2019-02-24T23:15:00+09:00,J5,418,449,867
2019-02-24T23:30:00+09:00,J1,822,909,1731
2019-02-24T23:30:00+09:00,J2,345,455,800
2019-02-24T23:30:00+09:00,J3,779,661,1440
2019-02-24T23:30:00+09:00,J4,792,786,1578
2019-02-24T23:30:00+09:00,J5,416,436,852
2019-02-24T23:45:00+09:00,J1,838,900,1738
2019-02-24T23:45:00+09:00,J2,361,435,796
2019-02-24T23:45:00+09:00,J3,774,588,1362
2019-02-24T23:45:00+09:00,J4,779,814,1593
2019-02-24T23:45:00+09:00,J5,475,494,969
2019-02-25T00:00:00+09:00,J1,706,701,1407
2019-02-25T00:00:00+09:00,J2,404,398,802
2019-02-25T00:00:00+09:00,J3,761,627,1388
2019-02-25T00:00:00+09:00,J4,817,806,1623
2019-02-25T00:00:00+09:00,J5,496,477,973
2019-02-25T00:15:00+09:00,J1,608,581,1189
2019-02-25T00:15:00+09:00,J2,368,375,743
2019-02-25T00:15:00+09:00,J3,476,450,926
2019-02-25T00:15:00+09:00,J4,733,756,1489
2019-02-25T00:15:00+09:00,J5,555,520,1075
2019-02-25T00:30:00+09:00,J1,551,504,1055
2019-02-25T00:30:00+09:00,J2,352,318,670
2019-02-25T00:30:00+09:00,J3,395,394,789
2019-02-25T00:30:00+09:00,J4,768,702,1470
2019-02-25T00:30:00+09:00,J5,573,537,1110
2019-02-25T00:45:00+09:00,J1,434,408,842
2019-02-25T00:45:00+09:00,J2,365,358,723
2019-02-25T00:45:00+09:00,J3,390,335,725
2019-02-25T00:45:00+09:00,J4,808,673,1481
2019-02-25T00:45:00+09:00,J5,588,496,1084
2019-02-25T05:45:00+09:00,J1,779,730,1509
2019-02-25T05:45:00+09:00,J2,720,696,1416
2019-02-25T05:45:00+09:00,J3,894,831,1725
2019-02-25T05:45:00+09:00,J4,549,581,1130
2019-02-25T05:45:00+09:00,J5,327,364,691
2019-02-25T06:00:00+09:00,J1,691,718,1409
2019-02-25T06:00:00+09:00,J2,787,674,1461
2019-02-25T06:00:00+09:00,J3,920,857,1777
2019-02-25T06:00:00+09:00,J4,641,693,1334
2019-02-25T06:00:00+09:00,J5,425,444,869
2019-02-25T06:15:00+09:00,J1,804,889,1693
2019-02-25T06:15:00+09:00,J2,762,668,1430
2019-02-25T06:15:00+09:00,J3,757,821,1578
2019-02-25T06:15:00+09:00,J4,706,749,1455
2019-02-25T06:15:00+09:00,J5,563,477,1040
2019-02-25T06:30:00+09:00,J1,869,875,1744
2019-02-25T06:30:00+09:00,J2,775,597,1372
2019-02-25T06:30:00+09:00,J3,810,795,1605
2019-02-25T06:30:00+09:00,J4,678,712,1390
2019-02-25T06:30:00+09:00,J5,476,498,974
2019-02-25T06:45:00+09:00,J1,794,853,1647
2019-02-25T06:45:00+09:00,J2,787,740,1527
2019-02-25T06:45:00+09:00,J3,635,656,1291
2019-02-25T06:45:00+09:00,J4,654,739,1393
2019-02-25T06:45:00+09:00,J5,562,468,1030
2019-02-25T07:00:00+09:00,J1,863,882,1745
2019-02-25T07:00:00+09:00,J2,877,753,1630
2019-02-25T07:00:00+09:00,J3,663,686,1349
2019-02-25T07:00:00+09:00,J4,666,720,1386
2019-02-25T07:00:00+09:00,J5,584,583,1167
2019-02-25T07:15:00+09:00,J1,1118,1083,2201
2019-02-25T07:15:00+09:00,J2,907,773,1680
2019-02-25T07:15:00+09:00,J3,698,779,1477
2019-02-25T07:15:00+09:00,J4,841,807,1648
2019-02-25T07:15:00+09:00,J5,646,588,1234
2019-02-25T07:30:00+09:00,J1,1162,1136,2298
2019-02-25T07:30:00+09:00,J2,797,694,1491
2019-02-25T07:30:00+09:00,J3,1165,1079,2244
2019-02-25T07:30:00+09:00,J4,794,988,1782
2019-02-25T07:30:00+09:00,J5,754,646,1400
2019-02-25T07:45:00+09:00,J1,1166,1270,2436
2019-02-25T07:45:00+09:00,J2,764,593,1357
2019-02-25T07:45:00+09:00,J3,1219,1160,2379
2019-02-25T07:45:00+09:00,J4,930,1116,2046
2019-02-25T07:45:00+09:00,J5,723,739,1462
2019-02-25T08:00:00+09:00,J1,1342,1275,2617
2019-02-25T08:00:00+09:00,J2,1012,806,1818
2019-02-25T08:00:00+09:00,J3,1377,1255,2632
2019-02-25T08:00:00+09:00,J4,934,1089,2023
2019-02-25T08:00:00+09:00,J5,722,788,1510
2019-02-25T08:15:00+09:00,J1,1435,1296,2731
2019-02-25T08:15:00+09:00,J2,1282,771,2053
2019-02-25T08:15:00+09:00,J3,1453,1404,2857
2019-02-25T08:15:00+09:00,J4,926,1076,2002
2019-02-25T08:15:00+09:00,J5,689,763,1452
2019-02-25T08:30:00+09:00,J1,1489,1362,2851
2019-02-25T08:30:00+09:00,J2,1130,712,1842
2019-02-25T08:30:00+09:00,J3,1292,1442,2734
2019-02-25T08:30:00+09:00,J4,888,1118,2006
2019-02-25T08:30:00+09:00,J5,685,737,1422
2019-02-25T08:45:00+09:00,J1,1309,1202,2511
2019-02-25T08:45:00+09:00,J2,848,627,1475
2019-02-25T08:45:00+09:00,J3,1163,1272,2435
2019-02-25T08:45:00+09:00,J4,842,981,1823
2019-02-25T08:45:00+09:00,J5,626,673,1299
2019-02-25T09:00:00+09:00,J1,1246,1309,2555
2019-02-25T09:00:00+09:00,J2,771,699,1470
2019-02-25T09:00:00+09:00,J3,1125,1078,2203
2019-02-25T09:00:00+09:00,J4,828,885,1713
2019-02-25T09:00:00+09:00,J5,563,578,1141
2019-02-25T09:15:00+09:00,J1,1220,1106,2326
2019-02-25T09:15:00+09:00,J2,756,694,1450
2019-02-25T09:15:00+09:00,J3,962,1047,2009
2019-02-25T09:15:00+09:00,J4,891,893,1784
2019-02-25T09:15:00+09:00,J5,455,465,920
2019-02-25T09:30:00+09:00,J1,1284,1149,2433
2019-02-25T09:30:00+09:00,J2,771,656,1427
2019-02-25T09:30:00+09:00,J3,974,994,1968
2019-02-25T09:30:00+09:00,J4,994,909,1903
2019-02-25T09:30:00+09:00,J5,566,482,1048
2019-02-25T09:45:00+09:00,J1,1185,1188,2373
2019-02-25T09:45:00+09:00,J2,686,705,1391
2019-02-25T09:45:00+09:00,J3,1168,1123,2291
2019-02-25T09:45:00+09:00,J4,895,871,1766
2019-02-25T09:45:00+09:00,J5,494,443,937
2019-02-25T10:00:00+09:00,J1,1246,1194,2440
2019-02-25T10:00:00+09:00,J2,660,702,1362
2019-02-25T10:00:00+09:00,J3,974,1011,1985
2019-02-25T10:00:00+09:00,J4,924,823,1747
2019-02-25T10:00:00+09:00,J5,521,544,1065
2019-02-25T10:15:00+09:00,J1,1136,1240,2376
2019-02-25T10:15:00+09:00,J2,716,762,1478
2019-02-25T10:15:00+09:00,J3,976,1067,2043
2019-02-25T10:15:00+09:00,J4,934,930,1864
2019-02-25T10:15:00+09:00,J5,533,494,1027
2019-02-25T10:30:00+09:00,J1,1156,1233,2389
2019-02-25T10:30:00+09:00,J2,772,762,1534
2019-02-25T10:30:00+09:00,J3,967,1023,1990
2019-02-25T10:30:00+09:00,J4,949,894,1843
2019-02-25T10:30:00+09:00,J5,555,513,1068
2019-02-25T10:45:00+09:00,J1,1199,1181,2380
2019-02-25T10:45:00+09:00,J2,726,786,1512
2019-02-25T10:45:00+09:00,J3,1017,1072,2089
2019-02-25T10:45:00+09:00,J4,1018,917,1935
2019-02-25T10:45:00+09:00,J5,533,501,1034
2019-02-25T11:00:00+09:00,J1,1120,1153,2273
2019-02-25T11:00:00+09:00,J2,792,743,1535
2019-02-25T11:00:00+09:00,J3,1050,1017,2067
2019-02-25T11:00:00+09:00,J4,972,877,1849
2019-02-25T11:00:00+09:00,J5,540,541,1081
2019-02-25T11:15:00+09:00,J1,1065,1191,2256
2019-02-25T11:15:00+09:00,J2,808,720,1528
2019-02-25T11:15:00+09:00,J3,1205,1124,2329
2019-02-25T11:15:00+09:00,J4,927,861,1788
2019-02-25T11:15:00+09:00,J5,646,639,1285
2019-02-25T11:30:00+09:00,J1,1128,1293,2421
2019-02-25T11:30:00+09:00,J2,781,664,1445
2019-02-25T11:30:00+09:00,J3,1173,1239,2412
2019-02-25T11:30:00+09:00,J4,994,881,1875
2019-02-25T11:30:00+09:00,J5,751,688,1439
2019-02-25T11:45:00+09:00,J1,1165,1361,2526
2019-02-25T11:45:00+09:00,J2,824,733,1557
2019-02-25T11:45:00+09:00,J3,1305,1229,2534
2019-02-25T11:45:00+09:00,J4,940,929,1869
2019-02-25T11:45:00+09:00,J5,677,734,1411
2019-02-25T12:00:00+09:00,J1,1179,1318,2497
2019-02-25T12:00:00+09:00,J2,825,782,1607
2019-02-25T12:00:00+09:00,J3,1270,1221,2491
2019-02-25T12:00:00+09:00,J4,974,938,1912
2019-02-25T12:00:00+09:00,J5,706,677,1383
2019-02-25T12:15:00+09:00,J1,1180,1283,2463
2019-02-25T12:15:00+09:00,J2,808,795,1603
2019-02-25T12:15:00+09:00,J3,1286,1067,2353
2019-02-25T12:15:00+09:00,J4,936,934,1870
2019-02-25T12:15:00+09:00,J5,680,673,1353
2019-02-25T12:30:00+09:00,J1,1182,1344,2526
2019-02-25T12:30:00+09:00,J2,831,816,1647
2019-02-25T12:30:00+09:00,J3,1088,918,2006
2019-02-25T12:30:00+09:00,J4,922,906,1828
2019-02-25T12:30:00+09:00,J5,610,616,1226
2019-02-25T12:45:00+09:00,J1,1075,1332,2407
2019-02-25T12:45:00+09:00,J2,824,790,1614
2019-02-25T12:45:00+09:00,J3,977,898,1875
2019-02-25T12:45:00+09:00,J4,921,936,1857
2019-02-25T12:45:00+09:00,J5,509,572,1081
2019-02-25T13:00:00+09:00,J1,1074,1303,2377
2019-02-25T13:00:00+09:00,J2,758,788,1546
2019-02-25T13:00:00+09:00,J3,940,814,1754
2019-02-25T13:00:00+09:00,J4,937,890,1827
2019-02-25T13:00:00+09:00,J5,530,548,1078
2019-02-25T13:15:00+09:00,J1,1147,1325,2472
2019-02-25T13:15:00+09:00,J2,815,743,1558
2019-02-25T13:15:00+09:00,J3,974,822,1796
2019-02-25T13:15:00+09:00,J4,790,991,1781
2019-02-25T13:15:00+09:00,J5,455,544,999
2019-02-25T13:30:00+09:00,J1,1092,1346,2438
2019-02-25T13:30:00+09:00,J2,809,718,1527
2019-02-25T13:30:00+09:00,J3,890,856,1746
2019-02-25T13:30:00+09:00,J4,935,951,1886
2019-02-25T13:30:00+09:00,J5,454,493,947
2019-02-25T13:45:00+09:00,J1,1109,1362,2471
2019-02-25T13:45:00+09:00,J2,812,767,1579
2019-02-25T13:45:00+09:00,J3,822,755,1577
2019-02-25T13:45:00+09:00,J4,887,871,1758
2019-02-25T13:45:00+09:00,J5,423,469,892
2019-02-25T14:00:00+09:00,J1,1075,1340,2415
2019-02-25T14:00:00+09:00,J2,784,759,1543
2019-02-25T14:00:00+09:00,J3,897,727,1624
2019-02-25T14:00:00+09:00,J4,879,924,1803
2019-02-25T14:00:00+09:00,J5,483,570,1053
2019-02-25T14:15:00+09:00,J1,1111,1317,2428
2019-02-25T14:15:00+09:00,J2,843,765,1608
2019-02-25T14:15:00+09:00,J3,827,791,1618
2019-02-25T14:15:00+09:00,J4,831,946,1777
2019-02-25T14:15:00+09:00,J5,685,675,1360
2019-02-25T14:30:00+09:00,J1,1147,1355,2502
2019-02-25T14:30:00+09:00,J2,834,746,1580
2019-02-25T14:30:00+09:00,J3,949,950,1899
2019-02-25T14:30:00+09:00,J4,842,932,1774
2019-02-25T14:30:00+09:00,J5,680,720,1400
2019-02-25T14:45:00+09:00,J1,1113,1259,2372
2019-02-25T14:45:00+09:00,J2,830,748,1578
2019-02-25T14:45:00+09:00,J3,908,833,1741
2019-02-25T14:45:00+09:00,J4,884,882,1766
2019-02-25T14:45:00+09:00,J5,719,658,1377
2019-02-25T15:00:00+09:00,J1,1115,1292,2407
2019-02-25T15:00:00+09:00,J2,793,739,1532
2019-02-25T15:00:00+09:00,J3,861,803,1664
2019-02-25T15:00:00+09:00,J4,784,898,1682
2019-02-25T15:00:00+09:00,J5,613,620,1233
2019-02-25T15:15:00+09:00,J1,1103,1404,2507
2019-02-25T15:15:00+09:00,J2,782,773,1555
2019-02-25T15:15:00+09:00,J3,844,772,1616
2019-02-25T15:15:00+09:00,J4,784,938,1722
2019-02-25T15:15:00+09:00,J5,553,598,1151
2019-02-25T15:30:00+09:00,J1,1112,1318,2430
2019-02-25T15:30:00+09:00,J2,751,766,1517
2019-02-25T15:30:00+09:00,J3,930,780,1710
2019-02-25T15:30:00+09:00,J4,809,822,1631
2019-02-25T15:30:00+09:00,J5,548,604,1152
2019-02-25T15:45:00+09:00,J1,1112,1327,2439
2019-02-25T15:45:00+09:00,J2,769,749,1518
2019-02-25T15:45:00+09:00,J3,899,860,1759
2019-02-25T15:45:00+09:00,J4,772,854,1626
2019-02-25T15:45:00+09:00,J5,531,592,1123
2019-02-25T16:00:00+09:00,J1,1143,1282,2425
2019-02-25T16:00:00+09:00,J2,772,731,1503
2019-02-25T16:00:00+09:00,J3,868,892,1760
2019-02-25T16:00:00+09:00,J4,753,888,1641
2019-02-25T16:00:00+09:00,J5,520,570,1090
2019-02-25T16:15:00+09:00,J1,1126,1274,2400
2019-02-25T16:15:00+09:00,J2,780,743,1523
2019-02-25T16:15:00+09:00,J3,890,920,1810
2019-02-25T16:15:00+09:00,J4,792,862,1654
2019-02-25T16:15:00+09:00,J5,558,601,1159
2019-02-25T16:30:00+09:00,J1,1199,1255,2454
2019-02-25T16:30:00+09:00,J2,692,746,1438
2019-02-25T16:30:00+09:00,J3,1018,1031,2049
2019-02-25T16:30:00+09:00,J4,827,846,1673
2019-02-25T16:30:00+09:00,J5,492,540,1032
2019-02-25T16:45:00+09:00,J1,1146,1331,2477
2019-02-25T16:45:00+09:00,J2,729,766,1495
2019-02-25T16:45:00+09:00,J3,1289,1103,2392
2019-02-25T16:45:00+09:00,J4,760,759,1519
2019-02-25T16:45:00+09:00,J5,501,543,1044
2019-02-25T17:00:00+09:00,J1,1091,1345,2436
2019-02-25T17:00:00+09:00,J2,781,842,1623
2019-02-25T17:00:00+09:00,J3,1389,1240,2629
2019-02-25T17:00:00+09:00,J4,785,830,1615
2019-02-25T17:00:00+09:00,J5,574,642,1216
2019-02-25T17:15:00+09:00,J1,1179,1416,2595
2019-02-25T17:15:00+09:00,J2,853,925,1778
2019-02-25T17:15:00+09:00,J3,1293,1133,2426
2019-02-25T17:15:00+09:00,J4,916,863,1779
2019-02-25T17:15:00+09:00,J5,583,660,1243
2019-02-25T17:30:00+09:00,J1,1136,1473,2609
2019-02-25T17:30:00+09:00,J2,868,914,1782
2019-02-25T17:30:00+09:00,J3,1367,1082,2449
2019-02-25T17:30:00+09:00,J4,1027,972,1999
2019-02-25T17:30:00+09:00,J5,605,662,1267
2019-02-25T17:45:00+09:00,J1,1123,1529,2652
2019-02-25T17:45:00+09:00,J2,927,925,1852
2019-02-25T17:45:00+09:00,J3,1432,1257,2689
2019-02-25T17:45:00+09:00,J4,1186,954,2140
2019-02-25T17:45:00+09:00,J5,622,642,1264
2019-02-25T18:00:00+09:00,J1,1262,1495,2757
2019-02-25T18:00:00+09:00,J2,988,920,1908
2019-02-25T18:00:00+09:00,J3,1525,1339,2864
2019-02-25T18:00:00+09:00,J4,1098,911,2009
2019-02-25T18:00:00+09:00,J5,585,630,1215
2019-02-25T18:15:00+09:00,J1,1311,1433,2744
2019-02-25T18:15:00+09:00,J2,982,997,1979
2019-02-25T18:15:00+09:00,J3,1635,1301,2936
2019-02-25T18:15:00+09:00,J4,988,775,1763
2019-02-25T18:15:00+09:00,J5,658,677,1335
2019-02-25T18:30:00+09:00,J1,1207,1434,2641
2019-02-25T18:30:00+09:00,J2,932,944,1876
2019-02-25T18:30:00+09:00,J3,1551,1217,2768
2019-02-25T18:30:00+09:00,J4,884,810,1694
2019-02-25T18:30:00+09:00,J5,724,721,1445
2019-02-25T18:45:00+09:00,J1,1189,1407,2596
2019-02-25T18:45:00+09:00,J2,855,936,1791
2019-02-25T18:45:00+09:00,J3,1440,1226,2666
2019-02-25T18:45:00+09:00,J4,997,953,1950
2019-02-25T18:45:00+09:00,J5,751,729,1480
2019-02-25T19:00:00+09:00,J1,1152,1443,2595
2019-02-25T19:00:00+09:00,J2,800,782,1582
2019-02-25T19:00:00+09:00,J3,1376,1187,2563
2019-02-25T19:00:00+09:00,J4,971,888,1859
2019-02-25T19:00:00+09:00,J5,771,793,1564
2019-02-25T19:15:00+09:00,J1,1089,1406,2495
2019-02-25T19:15:00+09:00,J2,794,680,1474
2019-02-25T19:15:00+09:00,J3,1345,1160,2505
2019-02-25T19:15:00+09:00,J4,1009,924,1933
2019-02-25T19:15:00+09:00,J5,752,773,1525
2019-02-25T19:30:00+09:00,J1,1179,1394,2573
2019-02-25T19:30:00+09:00,J2,766,629,1395
2019-02-25T19:30:00+09:00,J3,1281,1125,2406
2019-02-25T19:30:00+09:00,J4,933,804,1737
2019-02-25T19:30:00+09:00,J5,732,716,1448
2019-02-25T19:45:00+09:00,J1,1132,1307,2439
2019-02-25T19:45:00+09:00,J2,626,652,1278
2019-02-25T19:45:00+09:00,J3,1092,961,2053
2019-02-25T19:45:00+09:00,J4,935,786,1721
2019-02-25T19:45:00+09:00,J5,655,646,1301
2019-02-25T20:00:00+09:00,J1,1085,1393,2478
2019-02-25T20:00:00+09:00,J2,636,564,1200
2019-02-25T20:00:00+09:00,J3,941,924,1865
2019-02-25T20:00:00+09:00,J4,979,959,1938
2019-02-25T20:00:00+09:00,J5,691,690,1381
2019-02-25T20:15:00+09:00,J1,1209,1287,2496
2019-02-25T20:15:00+09:00,J2,582,627,1209
2019-02-25T20:15:00+09:00,J3,1030,1041,2071
2019-02-25T20:15:00+09:00,J4,1026,857,1883
2019-02-25T20:15:00+09:00,J5,753,730,1483
2019-02-25T20:30:00+09:00,J1,1144,1319,2463
2019-02-25T20:30:00+09:00,J2,662,578,1240
2019-02-25T20:30:00+09:00,J3,1010,937,1947
2019-02-25T20:30:00+09:00,J4,961,771,1732
2019-02-25T20:30:00+09:00,J5,692,776,1468
2019-02-25T20:45:00+09:00,J1,1087,1372,2459
2019-02-25T20:45:00+09:00,J2,688,623,1311
2019-02-25T20:45:00+09:00,J3,981,877,1858
2019-02-25T20:45:00+09:00,J4,897,827,1724
2019-02-25T20:45:00+09:00,J5,622,734,1356
2019-02-25T21:00:00+09:00,J1,1095,1271,2366
2019-02-25T21:00:00+09:00,J2,739,685,1424
2019-02-25T21:00:00+09:00,J3,1042,812,1854
2019-02-25T21:00:00+09:00,J4,931,837,1768
2019-02-25T21:00:00+09:00,J5,662,676,1338
2019-02-25T21:15:00+09:00,J1,1074,1248,2322
2019-02-25T21:15:00+09:00,J2,595,723,1318
2019-02-25T21:15:00+09:00,J3,1021,803,1824
2019-02-25T21:15:00+09:00,J4,957,843,1800
2019-02-25T21:15:00+09:00,J5,662,639,1301
2019-02-25T21:30:00+09:00,J1,981,1150,2131
2019-02-25T21:30:00+09:00,J2,618,676,1294
2019-02-25T21:30:00+09:00,J3,951,743,1694
2019-02-25T21:30:00+09:00,J4,938,827,1765
2019-02-25T21:30:00+09:00,J5,683,624,1307
2019-02-25T21:45:00+09:00,J1,1010,1181,2191
2019-02-25T21:45:00+09:00,J2,555,658,1213
2019-02-25T21:45:00+09:00,J3,814,808,1622
2019-02-25T21:45:00+09:00,J4,864,804,1668
2019-02-25T21:45:00+09:00,J5,652,656,1308
2019-02-25T22:00:00+09:00,J1,984,1159,2143
2019-02-25T22:00:00+09:00,J2,654,624,1278
2019-02-25T22:00:00+09:00,J3,885,783,1668
2019-02-25T22:00:00+09:00,J4,878,799,1677
2019-02-25T22:00:00+09:00,J5,646,656,1302
2019-02-25T22:15:00+09:00,J1,1010,1173,2183
2019-02-25T22:15:00+09:00,J2,635,690,1325
2019-02-25T22:15:00+09:00,J3,791,784,1575
2019-02-25T22:15:00+09:00,J4,874,861,1735
2019-02-25T22:15:00+09:00,J5,651,631,1282
2019-02-25T22:30:00+09:00,J1,1045,1189,2234
2019-02-25T22:30:00+09:00,J2,780,793,1573
2019-02-25T22:30:00+09:00,J3,772,766,1538
2019-02-25T22:30:00+09:00,J4,851,796,1647
2019-02-25T22:30:00+09:00,J5,633,603,1236
2019-02-25T22:45:00+09:00,J1,1047,1161,2208
2019-02-25T22:45:00+09:00,J2,631,723,1354
2019-02-25T22:45:00+09:00,J3,824,755,1579
2019-02-25T22:45:00+09:00,J4,819,768,1587
2019-02-25T22:45:00+09:00,J5,631,532,1163
2019-02-25T23:00:00+09:00,J1,985,1155,2140
2019-02-25T23:00:00+09:00,J2,785,695,1480
2019-02-25T23:00:00+09:00,J3,818,799,1617
2019-02-25T23:00:00+09:00,J4,752,794,1546
2019-02-25T23:00:00+09:00,J5,647,519,1166
2019-02-25T23:15:00+09:00,J1,1027,1159,2186
2019-02-25T23:15:00+09:00,J2,759,674,1433
2019-02-25T23:15:00+09:00,J3,854,841,1695
2019-02-25T23:15:00+09:00,J4,765,790,1555
2019-02-25T23:15:00+09:00,J5,582,528,1110
2019-02-25T23:30:00+09:00,J1,1040,1100,2140
2019-02-25T23:30:00+09:00,J2,694,726,1420
2019-02-25T23:30:00+09:00,J3,752,727,1479
2019-02-25T23:30:00+09:00,J4,797,841,1638
2019-02-25T23:30:00+09:00,J5,553,504,1057
2019-02-25T23:45:00+09:00,J1,1019,1090,2109
2019-02-25T23:45:00+09:00,J2,753,653,1406
2019-02-25T23:45:00+09:00,J3,845,792,1637
2019-02-25T23:45:00+09:00,J4,753,717,1470
2019-02-25T23:45:00+09:00,J5,611,522,1133
2019-02-26T00:00:00+09:00,J1,806,812,1618
2019-02-26T00:00:00+09:00,J2,775,696,1471
2019-02-26T00:00:00+09:00,J3,905,811,1716
2019-02-26T00:00:00+09:00,J4,723,738,1461
2019-02-26T00:00:00+09:00,J5,609,522,1131
2019-02-26T00:15:00+09:00,J1,693,678,1371
2019-02-26T00:15:00+09:00,J2,781,698,1479
2019-02-26T00:15:00+09:00,J3,891,766,1657
2019-02-26T00:15:00+09:00,J4,664,769,1433
2019-02-26T00:15:00+09:00,J5,464,448,912
2019-02-26T00:30:00+09:00,J1,654,685,1339
2019-02-26T00:30:00+09:00,J2,676,681,1357
2019-02-26T00:30:00+09:00,J3,933,757,1690
2019-02-26T00:30:00+09:00,J4,633,687,1320
2019-02-26T00:30:00+09:00,J5,447,463,910
2019-02-26T00:45:00+09:00,J1,620,694,1314
2019-02-26T00:45:00+09:00,J2,710,653,1363
2019-02-26T00:45:00+09:00,J3,960,690,1650
2019-02-26T00:45:00+09:00,J4,591,593,1184
2019-02-26T00:45:00+09:00,J5,325,374,699
2019-02-26T05:45:00+09:00,J1,864,993,1857
2019-02-26T05:45:00+09:00,J2,507,622,1129
2019-02-26T05:45:00+09:00,J3,783,662,1445
2019-02-26T05:45:00+09:00,J4,590,642,1232
2019-02-26T05:45:00+09:00,J5,418,353,771
2019-02-26T06:00:00+09:00,J1,944,901,1845
2019-02-26T06:00:00+09:00,J2,652,735,1387
2019-02-26T06:00:00+09:00,J3,885,729,1614
2019-02-26T06:00:00+09:00,J4,569,678,1247
2019-02-26T06:00:00+09:00,J5,355,312,667
2019-02-26T06:15:00+09:00,J1,954,961,1915
2019-02-26T06:15:00+09:00,J2,731,769,1500
2019-02-26T06:15:00+09:00,J3,1052,724,1776
2019-02-26T06:15:00+09:00,J4,631,810,1441
2019-02-26T06:15:00+09:00,J5,312,374,686
2019-02-26T06:30:00+09:00,J1,1015,1016,2031
2019-02-26T06:30:00+09:00,J2,661,699,1360
2019-02-26T06:30:00+09:00,J3,897,691,1588
2019-02-26T06:30:00+09:00,J4,609,665,1274
2019-02-26T06:30:00+09:00,J5,340,382,722
2019-02-26T06:45:00+09:00,J1,1029,976,2005
2019-02-26T06:45:00+09:00,J2,741,698,1439
2019-02-26T06:45:00+09:00,J3,1029,805,1834
2019-02-26T06:45:00+09:00,J4,705,784,1489
2019-02-26T06:45:00+09:00,J5,355,371,726
2019-02-26T07:00:00+09:00,J1,974,1050,2024
2019-02-26T07:00:00+09:00,J2,676,698,1374
2019-02-26T07:00:00+09:00,J3,1029,834,1863
2019-02-26T07:00:00+09:00,J4,821,878,1699
2019-02-26T07:00:00+09:00,J5,381,410,791
2019-02-26T07:15:00+09:00,J1,1066,1053,2119
2019-02-26T07:15:00+09:00,J2,674,623,1297
2019-02-26T07:15:00+09:00,J3,1062,904,1966
2019-02-26T07:15:00+09:00,J4,823,997,1820
2019-02-26T07:15:00+09:00,J5,405,458,863
2019-02-26T07:30:00+09:00,J1,1164,1232,2396
2019-02-26T07:30:00+09:00,J2,888,704,1592
2019-02-26T07:30:00+09:00,J3,1202,1108,2310
2019-02-26T07:30:00+09:00,J4,887,1036,1923
2019-02-26T07:30:00+09:00,J5,625,690,1315
2019-02-26T07:45:00+09:00,J1,1235,1300,2535
2019-02-26T07:45:00+09:00,J2,770,669,1439
2019-02-26T07:45:00+09:00,J3,1156,1155,2311
2019-02-26T07:45:00+09:00,J4,918,1174,2092
2019-02-26T07:45:00+09:00,J5,675,675,1350
2019-02-26T08:00:00+09:00,J1,1326,1338,2664
2019-02-26T08:00:00+09:00,J2,897,742,1639
2019-02-26T08:00:00+09:00,J3,1344,1267,2611
2019-02-26T08:00:00+09:00,J4,988,1228,2216
2019-02-26T08:00:00+09:00,J5,698,788,1486
2019-02-26T08:15:00+09:00,J1,1444,1362,2806
2019-02-26T08:15:00+09:00,J2,1146,896,2042
2019-02-26T08:15:00+09:00,J3,1368,1392,2760
2019-02-26T08:15:00+09:00,J4,1013,1267,2280
2019-02-26T08:15:00+09:00,J5,741,788,1529
2019-02-26T08:30:00+09:00,J1,1476,1395,2871
2019-02-26T08:30:00+09:00,J2,943,673,1616
2019-02-26T08:30:00+09:00,J3,1217,1381,2598
2019-02-26T08:30:00+09:00,J4,994,1142,2136
2019-02-26T08:30:00+09:00,J5,675,752,1427
2019-02-26T08:45:00+09:00,J1,1453,1350,2803
2019-02-26T08:45:00+09:00,J2,842,616,1458
2019-02-26T08:45:00+09:00,J3,1161,1224,2385
2019-02-26T08:45:00+09:00,J4,893,1102,1995
2019-02-26T08:45:00+09:00,J5,563,570,1133
2019-02-26T09:00:00+09:00,J1,1361,1342,2703
2019-02-26T09:00:00+09:00,J2,737,782,1519
2019-02-26T09:00:00+09:00,J3,1098,1163,2261
2019-02-26T09:00:00+09:00,J4,861,933,1794
2019-02-26T09:00:00+09:00,J5,557,588,1145
2019-02-26T09:15:00+09:00,J1,1320,1228,2548
2019-02-26T09:15:00+09:00,J2,763,721,1484
2019-02-26T09:15:00+09:00,J3,978,1001,1979
2019-02-26T09:15:00+09:00,J4,951,986,1937
2019-02-26T09:15:00+09:00,J5,496,482,978
2019-02-26T09:30:00+09:00,J1,1230,1204,2434
2019-02-26T09:30:00+09:00,J2,573,594,1167
2019-02-26T09:30:00+09:00,J3,760,874,1634
2019-02-26T09:30:00+09:00,J4,963,1022,1985
2019-02-26T09:30:00+09:00,J5,526,477,1003
2019-02-26T09:45:00+09:00,J1,1210,1195,2405
2019-02-26T09:45:00+09:00,J2,767,611,1378
2019-02-26T09:45:00+09:00,J3,1031,1079,2110
2019-02-26T09:45:00+09:00,J4,904,902,1806
2019-02-26T09:45:00+09:00,J5,530,556,1086
2019-02-26T10:00:00+09:00,J1,1179,1253,2432
2019-02-26T10:00:00+09:00,J2,669,629,1298
2019-02-26T10:00:00+09:00,J3,883,1030,1913
2019-02-26T10:00:00+09:00,J4,837,916,1753
2019-02-26T10:00:00+09:00,J5,547,532,1079
2019-02-26T10:15:00+09:00,J1,1143,1308,2451
2019-02-26T10:15:00+09:00,J2,640,625,1265
2019-02-26T10:15:00+09:00,J3,768,914,1682
2019-02-26T10:15:00+09:00,J4,907,924,1831
2019-02-26T10:15:00+09:00,J5,509,507,1016
2019-02-26T10:30:00+09:00,J1,1101,1083,2184
2019-02-26T10:30:00+09:00,J2,668,687,1355
2019-02-26T10:30:00+09:00,J3,862,964,1826
2019-02-26T10:30:00+09:00,J4,920,947,1867
2019-02-26T10:30:00+09:00,J5,537,534,1071
2019-02-26T10:45:00+09:00,J1,1130,1219,2349
2019-02-26T10:45:00+09:00,J2,581,754,1335
2019-02-26T10:45:00+09:00,J3,970,1029,1999
2019-02-26T10:45:00+09:00,J4,935,971,1906
2019-02-26T10:45:00+09:00,J5,514,497,1011
2019-02-26T11:00:00+09:00,J1,1104,1222,2326
2019-02-26T11:00:00+09:00,J2,661,777,1438
2019-02-26T11:00:00+09:00,J3,1041,1095,2136
2019-02-26T11:00:00+09:00,J4,943,984,1927
2019-02-26T11:00:00+09:00,J5,494,511,1005
2019-02-26T11:15:00+09:00,J1,1156,1246,2402
2019-02-26T11:15:00+09:00,J2,710,807,1517
2019-02-26T11:15:00+09:00,J3,1073,1048,2121
2019-02-26T11:15:00+09:00,J4,916,950,1866
2019-02-26T11:15:00+09:00,J5,580,606,1186
2019-02-26T11:30:00+09:00,J1,1181,1285,2466
2019-02-26T11:30:00+09:00,J2,708,798,1506
2019-02-26T11:30:00+09:00,J3,1168,1173,2341
2019-02-26T11:30:00+09:00,J4,972,944,1916
2019-02-26T11:30:00+09:00,J5,676,666,1342
2019-02-26T11:45:00+09:00,J1,1180,1382,2562
2019-02-26T11:45:00+09:00,J2,830,787,1617
2019-02-26T11:45:00+09:00,J3,1263,1236,2499
2019-02-26T11:45:00+09:00,J4,993,888,1881
2019-02-26T11:45:00+09:00,J5,691,677,1368
2019-02-26T12:00:00+09:00,J1,1138,1357,2495
2019-02-26T12:00:00+09:00,J2,809,729,1538
2019-02-26T12:00:00+09:00,J3,1382,1258,2640
2019-02-26T12:00:00+09:00,J4,938,1019,1957
2019-02-26T12:00:00+09:00,J5,690,660,1350
2019-02-26T12:15:00+09:00,J1,1120,1356,2476
2019-02-26T12:15:00+09:00,J2,769,722,1491
2019-02-26T12:15:00+09:00,J3,1177,1036,2213
2019-02-26T12:15:00+09:00,J4,911,924,1835
2019-02-26T12:15:00+09:00,J5,657,658,1315
2019-02-26T12:30:00+09:00,J1,1156,1295,2451
2019-02-26T12:30:00+09:00,J2,816,662,1478
2019-02-26T12:30:00+09:00,J3,938,920,1858
2019-02-26T12:30:00+09:00,J4,868,997,1865
2019-02-26T12:30:00+09:00,J5,553,624,1177
2019-02-26T12:45:00+09:00,J1,1112,1359,2471
2019-02-26T12:45:00+09:00,J2,777,690,1467
2019-02-26T12:45:00+09:00,J3,1039,1033,2072
2019-02-26T12:45:00+09:00,J4,889,913,1802
2019-02-26T12:45:00+09:00,J5,517,488,1005
2019-02-26T13:00:00+09:00,J1,1060,1337,2397
2019-02-26T13:00:00+09:00,J2,728,737,1465
2019-02-26T13:00:00+09:00,J3,1105,1125,2230
2019-02-26T13:00:00+09:00,J4,804,930,1734
2019-02-26T13:00:00+09:00,J5,522,527,1049
2019-02-26T13:15:00+09:00,J1,1071,1409,2480
2019-02-26T13:15:00+09:00,J2,767,776,1543
2019-02-26T13:15:00+09:00,J3,1134,1195,2329
2019-02-26T13:15:00+09:00,J4,800,983,1783
2019-02-26T13:15:00+09:00,J5,643,694,1337
2019-02-26T13:30:00+09:00,J1,1092,1324,2416
2019-02-26T13:30:00+09:00,J2,739,821,1560
2019-02-26T13:30:00+09:00,J3,1049,1066,2115
2019-02-26T13:30:00+09:00,J4,810,997,1807
2019-02-26T13:30:00+09:00,J5,715,682,1397
2019-02-26T13:45:00+09:00,J1,1162,1377,2539
2019-02-26T13:45:00+09:00,J2,745,803,1548
2019-02-26T13:45:00+09:00,J3,1162,1162,2324
2019-02-26T13:45:00+09:00,J4,861,916,1777
2019-02-26T13:45:00+09:00,J5,698,645,1343
2019-02-26T14:00:00+09:00,J1,1118,1344,2462
2019-02-26T14:00:00+09:00,J2,707,712,1419
2019-02-26T14:00:00+09:00,J3,1157,1133,2290
2019-02-26T14:00:00+09:00,J4,829,939,1768
2019-02-26T14:00:00+09:00,J5,699,653,1352
2019-02-26T14:15:00+09:00,J1,1061,1386,2447
2019-02-26T14:15:00+09:00,J2,676,833,1509
2019-02-26T14:15:00+09:00,J3,1135,1163,2298
2019-02-26T14:15:00+09:00,J4,791,953,1744
2019-02-26T14:15:00+09:00,J5,699,679,1378
2019-02-26T14:30:00+09:00,J1,1181,1418,2599
2019-02-26T14:30:00+09:00,J2,714,808,1522
2019-02-26T14:30:00+09:00,J3,1158,1143,2301
2019-02-26T14:30:00+09:00,J4,820,945,1765
2019-02-26T14:30:00+09:00,J5,677,611,1288
2019-02-26T14:45:00+09:00,J1,1124,1422,2546
2019-02-26T14:45:00+09:00,J2,711,833,1544
2019-02-26T14:45:00+09:00,J3,1282,1060,2342
2019-02-26T14:45:00+09:00,J4,738,927,1665
2019-02-26T14:45:00+09:00,J5,607,647,1254
2019-02-26T15:00:00+09:00,J1,1120,1334,2454
2019-02-26T15:00:00+09:00,J2,752,757,1509
2019-02-26T15:00:00+09:00,J3,1319,1076,2395
2019-02-26T15:00:00+09:00,J4,827,948,1775
2019-02-26T15:00:00+09:00,J5,553,618,1171
2019-02-26T15:15:00+09:00,J1,1158,1346,2504
2019-02-26T15:15:00+09:00,J2,789,868,1657
2019-02-26T15:15:00+09:00,J3,1132,1090,2222
2019-02-26T15:15:00+09:00,J4,835,980,1815
2019-02-26T15:15:00+09:00,J5,620,654,1274
2019-02-26T15:30:00+09:00,J1,1054,1378,2432
2019-02-26T15:30:00+09:00,J2,802,774,1576
2019-02-26T15:30:00+09:00,J3,1207,1090,2297
2019-02-26T15:30:00+09:00,J4,868,961,1829
2019-02-26T15:30:00+09:00,J5,679,661,1340
2019-02-26T15:45:00+09:00,J1,1090,1402,2492
2019-02-26T15:45:00+09:00,J2,718,692,1410
2019-02-26T15:45:00+09:00,J3,1138,1138,2276
2019-02-26T15:45:00+09:00,J4,797,876,1673
2019-02-26T15:45:00+09:00,J5,630,672,1302
2019-02-26T16:00:00+09:00,J1,1127,1382,2509
2019-02-26T16:00:00+09:00,J2,757,828,1585
2019-02-26T16:00:00+09:00,J3,1071,1065,2136
2019-02-26T16:00:00+09:00,J4,978,974,1952
2019-02-26T16:00:00+09:00,J5,649,676,1325
2019-02-26T16:15:00+09:00,J1,1118,1420,2538
2019-02-26T16:15:00+09:00,J2,842,779,1621
2019-02-26T16:15:00+09:00,J3,1108,1106,2214
2019-02-26T16:15:00+09:00,J4,783,902,1685
2019-02-26T16:15:00+09:00,J5,557,592,1149
2019-02-26T16:30:00+09:00,J1,1040,1391,2431
2019-02-26T16:30:00+09:00,J2,825,746,1571
2019-02-26T16:30:00+09:00,J3,1240,1070,2310
2019-02-26T16:30:00+09:00,J4,905,896,1801
2019-02-26T16:30:00+09:00,J5,494,582,1076
2019-02-26T16:45:00+09:00,J1,1170,1335,2505
2019-02-26T16:45:00+09:00,J2,699,744,1443
2019-02-26T16:45:00+09:00,J3,1412,1114,2526
2019-02-26T16:45:00+09:00,J4,812,914,1726
2019-02-26T16:45:00+09:00,J5,517,629,1146
2019-02-26T17:00:00+09:00,J1,1239,1341,2580
2019-02-26T17:00:00+09:00,J2,792,749,1541
2019-02-26T17:00:00+09:00,J3,1326,1139,2465
2019-02-26T17:00:00+09:00,J4,810,878,1688
2019-02-26T17:00:00+09:00,J5,691,682,1373
2019-02-26T17:15:00+09:00,J1,1176,1413,2589
2019-02-26T17:15:00+09:00,J2,719,848,1567
2019-02-26T17:15:00+09:00,J3,1437,1292,2729
2019-02-26T17:15:00+09:00,J4,903,825,1728
2019-02-26T17:15:00+09:00,J5,660,737,1397
2019-02-26T17:30:00+09:00,J1,1219,1471,2690
2019-02-26T17:30:00+09:00,J2,826,913,1739
2019-02-26T17:30:00+09:00,J3,1548,1219,2767
2019-02-26T17:30:00+09:00,J4,902,874,1776
2019-02-26T17:30:00+09:00,J5,636,687,1323
2019-02-26T17:45:00+09:00,J1,1162,1419,2581
2019-02-26T17:45:00+09:00,J2,825,882,1707
2019-02-26T17:45:00+09:00,J3,1436,1245,2681
2019-02-26T17:45:00+09:00,J4,1017,906,1923
2019-02-26T17:45:00+09:00,J5,643,667,1310
2019-02-26T18:00:00+09:00,J1,1249,1475,2724
2019-02-26T18:00:00+09:00,J2,930,993,1923
2019-02-26T18:00:00+09:00,J3,1456,1182,2638
2019-02-26T18:00:00+09:00,J4,1034,866,1900
2019-02-26T18:00:00+09:00,J5,696,642,1338
2019-02-26T18:15:00+09:00,J1,1287,1450,2737
2019-02-26T18:15:00+09:00,J2,890,1029,1919
2019-02-26T18:15:00+09:00,J3,1483,1381,2864
2019-02-26T18:15:00+09:00,J4,949,759,1708
2019-02-26T18:15:00+09:00,J5,625,556,1181
2019-02-26T18:30:00+09:00,J1,1275,1373,2648
2019-02-26T18:30:00+09:00,J2,882,950,1832
2019-02-26T18:30:00+09:00,J3,1442,1263,2705
2019-02-26T18:30:00+09:00,J4,955,879,1834
2019-02-26T18:30:00+09:00,J5,636,617,1253
2019-02-26T18:45:00+09:00,J1,1234,1457,2691
2019-02-26T18:45:00+09:00,J2,806,867,1673
2019-02-26T18:45:00+09:00,J3,1367,1225,2592
2019-02-26T18:45:00+09:00,J4,923,958,1881
2019-02-26T18:45:00+09:00,J5,728,610,1338
2019-02-26T19:00:00+09:00,J1,1093,1353,2446
2019-02-26T19:00:00+09:00,J2,694,683,1377
2019-02-26T19:00:00+09:00,J3,1231,1129,2360
2019-02-26T19:00:00+09:00,J4,959,915,1874
2019-02-26T19:00:00+09:00,J5,760,661,1421
2019-02-26T19:15:00+09:00,J1,1150,1379,2529
2019-02-26T19:15:00+09:00,J2,685,646,1331
2019-02-26T19:15:00+09:00,J3,1175,1160,2335
2019-02-26T19:15:00+09:00,J4,994,881,1875
2019-02-26T19:15:00+09:00,J5,724,759,1483
2019-02-26T19:30:00+09:00,J1,1166,1389,2555
2019-02-26T19:30:00+09:00,J2,583,599,1182
2019-02-26T19:30:00+09:00,J3,1147,1091,2238
2019-02-26T19:30:00+09:00,J4,1002,811,1813
2019-02-26T19:30:00+09:00,J5,688,737,1425
2019-02-26T19:45:00+09:00,J1,1181,1349,2530
2019-02-26T19:45:00+09:00,J2,569,558,1127
2019-02-26T19:45:00+09:00,J3,1038,894,1932
2019-02-26T19:45:00+09:00,J4,957,861,1818
2019-02-26T19:45:00+09:00,J5,642,651,1293
2019-02-26T20:00:00+09:00,J1,1124,1291,2415
2019-02-26T20:00:00+09:00,J2,769,662,1431
2019-02-26T20:00:00+09:00,J3,960,930,1890
2019-02-26T20:00:00+09:00,J4,882,828,1710
2019-02-26T20:00:00+09:00,J5,685,684,1369
2019-02-26T20:15:00+09:00,J1,1141,1369,2510
2019-02-26T20:15:00+09:00,J2,881,809,1690
2019-02-26T20:15:00+09:00,J3,994,922,1916
2019-02-26T20:15:00+09:00,J4,888,898,1786
2019-02-26T20:15:00+09:00,J5,665,618,1283
2019-02-26T20:30:00+09:00,J1,1181,1291,2472
2019-02-26T20:30:00+09:00,J2,689,617,1306
2019-02-26T20:30:00+09:00,J3,1117,983,2100
2019-02-26T20:30:00+09:00,J4,844,843,1687
2019-02-26T20:30:00+09:00,J5,647,623,1270
2019-02-26T20:45:00+09:00,J1,1177,1273,2450
2019-02-26T20:45:00+09:00,J2,614,563,1177
2019-02-26T20:45:00+09:00,J3,1119,990,2109
2019-02-26T20:45:00+09:00,J4,826,839,1665
2019-02-26T20:45:00+09:00,J5,580,563,1143
2019-02-26T21:00:00+09:00,J1,1091,1238,2329
2019-02-26T21:00:00+09:00,J2,786,726,1512
2019-02-26T21:00:00+09:00,J3,1106,881,1987
2019-02-26T21:00:00+09:00,J4,905,777,1682
2019-02-26T21:00:00+09:00,J5,576,550,1126
2019-02-26T21:15:00+09:00,J1,1080,1242,2322
2019-02-26T21:15:00+09:00,J2,693,779,1472
2019-02-26T21:15:00+09:00,J3,1109,930,2039
2019-02-26T21:15:00+09:00,J4,909,861,1770
2019-02-26T21:15:00+09:00,J5,623,631,1254
2019-02-26T21:30:00+09:00,J1,1091,1255,2346
2019-02-26T21:30:00+09:00,J2,787,832,1619
2019-02-26T21:30:00+09:00,J3,1020,820,1840
2019-02-26T21:30:00+09:00,J4,1036,862,1898
2019-02-26T21:30:00+09:00,J5,650,619,1269
2019-02-26T21:45:00+09:00,J1,1049,1189,2238
2019-02-26T21:45:00+09:00,J2,588,661,1249
2019-02-26T21:45:00+09:00,J3,842,679,1521
2019-02-26T21:45:00+09:00,J4,884,892,1776
2019-02-26T21:45:00+09:00,J5,659,580,1239
2019-02-26T22:00:00+09:00,J1,980,1198,2178
2019-02-26T22:00:00+09:00,J2,657,713,1370
2019-02-26T22:00:00+09:00,J3,892,821,1713
2019-02-26T22:00:00+09:00,J4,1018,889,1907
2019-02-26T22:00:00+09:00,J5,623,582,1205
2019-02-26T22:15:00+09:00,J1,1041,1133,2174
2019-02-26T22:15:00+09:00,J2,632,639,1271
2019-02-26T22:15:00+09:00,J3,920,743,1663
2019-02-26T22:15:00+09:00,J4,841,826,1667
2019-02-26T22:15:00+09:00,J5,611,553,1164
2019-02-26T22:30:00+09:00,J1,1079,1152,2231
2019-02-26T22:30:00+09:00,J2,756,640,1396
2019-02-26T22:30:00+09:00,J3,846,766,1612
2019-02-26T22:30:00+09:00,J4,774,834,1608
2019-02-26T22:30:00+09:00,J5,618,536,1154
2019-02-26T22:45:00+09:00,J1,1005,1164,2169
2019-02-26T22:45:00+09:00,J2,800,732,1532
2019-02-26T22:45:00+09:00,J3,919,789,1708
2019-02-26T22:45:00+09:00,J4,760,835,1595
2019-02-26T22:45:00+09:00,J5,587,507,1094
2019-02-26T23:00:00+09:00,J1,1035,1180,2215
2019-02-26T23:00:00+09:00,J2,705,693,1398
2019-02-26T23:00:00+09:00,J3,798,782,1580
2019-02-26T23:00:00+09:00,J4,795,804,1599
2019-02-26T23:00:00+09:00,J5,559,488,1047
2019-02-26T23:15:00+09:00,J1,1020,1097,2117
2019-02-26T23:15:00+09:00,J2,711,666,1377
2019-02-26T23:15:00+09:00,J3,851,869,1720
2019-02-26T23:15:00+09:00,J4,868,812,1680
2019-02-26T23:15:00+09:00,J5,612,517,1129
2019-02-26T23:30:00+09:00,J1,970,1066,2036
2019-02-26T23:30:00+09:00,J2,675,642,1317
2019-02-26T23:30:00+09:00,J3,817,773,1590
2019-02-26T23:30:00+09:00,J4,752,766,1518
2019-02-26T23:30:00+09:00,J5,500,520,1020
2019-02-26T23:45:00+09:00,J1,980,1148,2128
2019-02-26T23:45:00+09:00,J2,667,634,1301
2019-02-26T23:45:00+09:00,J3,809,788,1597
2019-02-26T23:45:00+09:00,J4,719,657,1376
2019-02-26T23:45:00+09:00,J5,556,502,1058
2019-02-27T00:00:00+09:00,J1,797,909,1706
2019-02-27T00:00:00+09:00,J2,741,637,1378
2019-02-27T00:00:00+09:00,J3,854,804,1658
2019-02-27T00:00:00+09:00,J4,825,802,1627
2019-02-27T00:00:00+09:00,J5,583,544,1127
2019-02-27T00:15:00+09:00,J1,579,607,1186
2019-02-27T00:15:00+09:00,J2,733,741,1474
2019-02-27T00:15:00+09:00,J3,967,765,1732
2019-02-27T00:15:00+09:00,J4,799,827,1626
2019-02-27T00:15:00+09:00,J5,476,511,987
2019-02-27T00:30:00+09:00,J1,600,625,1225
2019-02-27T00:30:00+09:00,J2,675,655,1330
2019-02-27T00:30:00+09:00,J3,810,745,1555
2019-02-27T00:30:00+09:00,J4,688,707,1395
2019-02-27T00:30:00+09:00,J5,480,544,1024
2019-02-27T00:45:00+09:00,J1,568,575,1143
2019-02-27T00:45:00+09:00,J2,656,627,1283
2019-02-27T00:45:00+09:00,J3,859,713,1572
2019-02-27T00:45:00+09:00,J4,591,623,1214
2019-02-27T00:45:00+09:00,J5,470,500,970
2019-02-27T05:45:00+09:00,J1,733,860,1593
2019-02-27T05:45:00+09:00,J2,573,621,1194
2019-02-27T05:45:00+09:00,J3,766,612,1378
2019-02-27T05:45:00+09:00,J4,527,593,1120
2019-02-27T05:45:00+09:00,J5,465,401,866
2019-02-27T06:00:00+09:00,J1,709,795,1504
2019-02-27T06:00:00+09:00,J2,649,738,1387
2019-02-27T06:00:00+09:00,J3,879,635,1514
2019-02-27T06:00:00+09:00,J4,627,690,1317
2019-02-27T06:00:00+09:00,J5,405,389,794
2019-02-27T06:15:00+09:00,J1,797,879,1676
2019-02-27T06:15:00+09:00,J2,796,741,1537
2019-02-27T06:15:00+09:00,J3,957,763,1720
2019-02-27T06:15:00+09:00,J4,584,721,1305
2019-02-27T06:15:00+09:00,J5,413,388,801
2019-02-27T06:30:00+09:00,J1,934,951,1885
2019-02-27T06:30:00+09:00,J2,754,706,1460
2019-02-27T06:30:00+09:00,J3,943,721,1664
2019-02-27T06:30:00+09:00,J4,637,708,1345
2019-02-27T06:30:00+09:00,J5,401,444,845
2019-02-27T06:45:00+09:00,J1,882,911,1793
2019-02-27T06:45:00+09:00,J2,761,731,1492
2019-02-27T06:45:00+09:00,J3,889,701,1590
2019-02-27T06:45:00+09:00,J4,708,843,1551
2019-02-27T06:45:00+09:00,J5,467,470,937
2019-02-27T07:00:00+09:00,J1,1074,1082,2156
2019-02-27T07:00:00+09:00,J2,807,695,1502
2019-02-27T07:00:00+09:00,J3,1022,833,1855
2019-02-27T07:00:00+09:00,J4,759,879,1638
2019-02-27T07:00:00+09:00,J5,388,482,870
2019-02-27T07:15:00+09:00,J1,1102,1126,2228
2019-02-27T07:15:00+09:00,J2,777,663,1440
2019-02-27T07:15:00+09:00,J3,1076,872,1948
2019-02-27T07:15:00+09:00,J4,860,1065,1925
2019-02-27T07:15:00+09:00,J5,439,439,878
2019-02-27T07:30:00+09:00,J1,1100,1140,2240
2019-02-27T07:30:00+09:00,J2,796,661,1457
2019-02-27T07:30:00+09:00,J3,1156,1084,2240
2019-02-27T07:30:00+09:00,J4,801,1146,1947
2019-02-27T07:30:00+09:00,J5,675,686,1361
2019-02-27T07:45:00+09:00,J1,1212,1244,2456
2019-02-27T07:45:00+09:00,J2,809,702,1511
2019-02-27T07:45:00+09:00,J3,1293,1141,2434
2019-02-27T07:45:00+09:00,J4,921,1192,2113
2019-02-27T07:45:00+09:00,J5,647,745,1392
2019-02-27T08:00:00+09:00,J1,1321,1369,2690
2019-02-27T08:00:00+09:00,J2,1062,740,1802
2019-02-27T08:00:00+09:00,J3,1367,1163,2530
2019-02-27T08:00:00+09:00,J4,931,1176,2107
2019-02-27T08:00:00+09:00,J5,739,798,1537
2019-02-27T08:15:00+09:00,J1,1395,1359,2754
2019-02-27T08:15:00+09:00,J2,1218,821,2039
2019-02-27T08:15:00+09:00,J3,1414,1381,2795
2019-02-27T08:15:00+09:00,J4,1021,1154,2175
2019-02-27T08:15:00+09:00,J5,686,744,1430
2019-02-27T08:30:00+09:00,J1,1483,1331,2814
2019-02-27T08:30:00+09:00,J2,1171,721,1892
2019-02-27T08:30:00+09:00,J3,1322,1456,2778
2019-02-27T08:30:00+09:00,J4,951,1160,2111
2019-02-27T08:30:00+09:00,J5,702,726,1428
2019-02-27T08:45:00+09:00,J1,1345,1382,2727
2019-02-27T08:45:00+09:00,J2,943,640,1583
2019-02-27T08:45:00+09:00,J3,1289,1225,2514
2019-02-27T08:45:00+09:00,J4,919,990,1909
2019-02-27T08:45:00+09:00,J5,566,529,1095
2019-02-27T09:00:00+09:00,J1,1362,1317,2679
2019-02-27T09:00:00+09:00,J2,724,731,1455
2019-02-27T09:00:00+09:00,J3,1103,1019,2122
2019-02-27T09:00:00+09:00,J4,952,941,1893
2019-02-27T09:00:00+09:00,J5,448,490,938
2019-02-27T09:15:00+09:00,J1,1224,1105,2329
2019-02-27T09:15:00+09:00,J2,658,721,1379
2019-02-27T09:15:00+09:00,J3,1003,964,1967
2019-02-27T09:15:00+09:00,J4,927,945,1872
2019-02-27T09:15:00+09:00,J5,523,497,1020
2019-02-27T09:30:00+09:00,J1,1179,1200,2379
2019-02-27T09:30:00+09:00,J2,676,707,1383
2019-02-27T09:30:00+09:00,J3,1036,908,1944
2019-02-27T09:30:00+09:00,J4,950,975,1925
2019-02-27T09:30:00+09:00,J5,517,533,1050
2019-02-27T09:45:00+09:00,J1,1096,1098,2194
2019-02-27T09:45:00+09:00,J2,665,655,1320
2019-02-27T09:45:00+09:00,J3,923,869,1792
2019-02-27T09:45:00+09:00,J4,993,1014,2007
2019-02-27T09:45:00+09:00,J5,499,523,1022
2019-02-27T10:00:00+09:00,J1,1176,1253,2429
2019-02-27T10:00:00+09:00,J2,666,690,1356
2019-02-27T10:00:00+09:00,J3,858,966,1824
2019-02-27T10:00:00+09:00,J4,833,944,1777
2019-02-27T10:00:00+09:00,J5,454,529,983
2019-02-27T10:15:00+09:00,J1,1233,1249,2482
2019-02-27T10:15:00+09:00,J2,735,751,1486
2019-02-27T10:15:00+09:00,J3,942,966,1908
2019-02-27T10:15:00+09:00,J4,959,991,1950
2019-02-27T10:15:00+09:00,J5,499,482,981
2019-02-27T10:30:00+09:00,J1,1255,1252,2507
2019-02-27T10:30:00+09:00,J2,730,746,1476
2019-02-27T10:30:00+09:00,J3,887,987,1874
2019-02-27T10:30:00+09:00,J4,1026,980,2006
2019-02-27T10:30:00+09:00,J5,479,516,995
2019-02-27T10:45:00+09:00,J1,1109,1265,2374
2019-02-27T10:45:00+09:00,J2,815,734,1549
2019-02-27T10:45:00+09:00,J3,1026,972,1998
2019-02-27T10:45:00+09:00,J4,1046,983,2029
2019-02-27T10:45:00+09:00,J5,466,490,956
2019-02-27T11:00:00+09:00,J1,1170,1156,2326
2019-02-27T11:00:00+09:00,J2,703,728,1431
2019-02-27T11:00:00+09:00,J3,912,823,1735
2019-02-27T11:00:00+09:00,J4,1021,984,2005
2019-02-27T11:00:00+09:00,J5,521,507,1028
2019-02-27T11:15:00+09:00,J1,1123,1209,2332
2019-02-27T11:15:00+09:00,J2,725,799,1524
2019-02-27T11:15:00+09:00,J3,1058,940,1998
2019-02-27T11:15:00+09:00,J4,976,879,1855
2019-02-27T11:15:00+09:00,J5,629,594,1223
2019-02-27T11:30:00+09:00,J1,1186,1236,2422
2019-02-27T11:30:00+09:00,J2,878,739,1617
2019-02-27T11:30:00+09:00,J3,1178,1019,2197
2019-02-27T11:30:00+09:00,J4,909,941,1850
2019-02-27T11:30:00+09:00,J5,679,670,1349
2019-02-27T11:45:00+09:00,J1,1134,1272,2406
2019-02-27T11:45:00+09:00,J2,841,786,1627
2019-02-27T11:45:00+09:00,J3,1309,1132,2441
2019-02-27T11:45:00+09:00,J4,953,880,1833
2019-02-27T11:45:00+09:00,J5,706,696,1402
2019-02-27T12:00:00+09:00,J1,1137,1279,2416
2019-02-27T12:00:00+09:00,J2,877,793,1670
2019-02-27T12:00:00+09:00,J3,1402,1104,2506
2019-02-27T12:00:00+09:00,J4,954,980,1934
2019-02-27T12:00:00+09:00,J5,716,813,1529
2019-02-27T12:15:00+09:00,J1,1132,1267,2399
2019-02-27T12:15:00+09:00,J2,889,799,1688
2019-02-27T12:15:00+09:00,J3,1125,1013,2138
2019-02-27T12:15:00+09:00,J4,853,1009,1862
2019-02-27T12:15:00+09:00,J5,767,699,1466
2019-02-27T12:30:00+09:00,J1,1068,1302,2370
2019-02-27T12:30:00+09:00,J2,835,807,1642
2019-02-27T12:30:00+09:00,J3,986,857,1843
2019-02-27T12:30:00+09:00,J4,810,965,1775
2019-02-27T12:30:00+09:00,J5,706,705,1411
2019-02-27T12:45:00+09:00,J1,1129,1217,2346
2019-02-27T12:45:00+09:00,J2,890,807,1697
2019-02-27T12:45:00+09:00,J3,902,824,1726
2019-02-27T12:45:00+09:00,J4,846,964,1810
2019-02-27T12:45:00+09:00,J5,676,642,1318
2019-02-27T13:00:00+09:00,J1,1009,1297,2306
2019-02-27T13:00:00+09:00,J2,835,768,1603
2019-02-27T13:00:00+09:00,J3,895,850,1745
2019-02-27T13:00:00+09:00,J4,880,987,1867
2019-02-27T13:00:00+09:00,J5,717,646,1363
2019-02-27T13:15:00+09:00,J1,1049,1236,2285
2019-02-27T13:15:00+09:00,J2,821,758,1579
2019-02-27T13:15:00+09:00,J3,856,844,1700
2019-02-27T13:15:00+09:00,J4,898,951,1849
2019-02-27T13:15:00+09:00,J5,698,599,1297
2019-02-27T13:30:00+09:00,J1,1060,1271,2331
2019-02-27T13:30:00+09:00,J2,755,729,1484
2019-02-27T13:30:00+09:00,J3,813,726,1539
2019-02-27T13:30:00+09:00,J4,831,931,1762
2019-02-27T13:30:00+09:00,J5,626,622,1248
2019-02-27T13:45:00+09:00,J1,1089,1263,2352
2019-02-27T13:45:00+09:00,J2,786,783,1569
2019-02-27T13:45:00+09:00,J3,761,739,1500
2019-02-27T13:45:00+09:00,J4,797,833,1630
2019-02-27T13:45:00+09:00,J5,607,624,1231
2019-02-27T14:00:00+09:00,J1,1074,1253,2327
2019-02-27T14:00:00+09:00,J2,799,812,1611
2019-02-27T14:00:00+09:00,J3,745,778,1523
2019-02-27T14:00:00+09:00,J4,818,916,1734
2019-02-27T14:00:00+09:00,J5,565,632,1197
2019-02-27T14:15:00+09:00,J1,1056,1204,2260
2019-02-27T14:15:00+09:00,J2,816,808,1624
2019-02-27T14:15:00+09:00,J3,790,747,1537
2019-02-27T14:15:00+09:00,J4,820,882,1702
2019-02-27T14:15:00+09:00,J5,630,659,1289
2019-02-27T14:30:00+09:00,J1,1076,1236,2312
2019-02-27T14:30:00+09:00,J2,846,781,1627
2019-02-27T14:30:00+09:00,J3,770,781,1551
2019-02-27T14:30:00+09:00,J4,915,900,1815
2019-02-27T14:30:00+09:00,J5,625,628,1253
2019-02-27T14:45:00+09:00,J1,1041,1252,2293
2019-02-27T14:45:00+09:00,J2,875,735,1610
2019-02-27T14:45:00+09:00,J3,760,760,1520
2019-02-27T14:45:00+09:00,J4,902,929,1831
2019-02-27T14:45:00+09:00,J5,625,628,1253
2019-02-27T15:00:00+09:00,J1,982,1289,2271
2019-02-27T15:00:00+09:00,J2,759,720,1479
2019-02-27T15:00:00+09:00,J3,759,752,1511
2019-02-27T15:00:00+09:00,J4,839,876,1715
2019-02-27T15:00:00+09:00,J5,615,620,1235
2019-02-27T15:15:00+09:00,J1,1131,1283,2414
2019-02-27T15:15:00+09:00,J2,804,748,1552
2019-02-27T15:15:00+09:00,J3,760,707,1467
2019-02-27T15:15:00+09:00,J4,727,847,1574
2019-02-27T15:15:00+09:00,J5,653,632,1285
2019-02-27T15:30:00+09:00,J1,1118,1288,2406
2019-02-27T15:30:00+09:00,J2,828,701,1529
2019-02-27T15:30:00+09:00,J3,780,705,1485
2019-02-27T15:30:00+09:00,J4,823,882,1705
2019-02-27T15:30:00+09:00,J5,632,607,1239
2019-02-27T15:45:00+09:00,J1,1084,1272,2356
2019-02-27T15:45:00+09:00,J2,793,767,1560
2019-02-27T15:45:00+09:00,J3,734,723,1457
2019-02-27T15:45:00+09:00,J4,706,847,1553
2019-02-27T15:45:00+09:00,J5,643,593,1236
2019-02-27T16:00:00+09:00,J1,1090,1239,2329
2019-02-27T16:00:00+09:00,J2,805,796,1601
2019-02-27T16:00:00+09:00,J3,732,708,1440
2019-02-27T16:00:00+09:00,J4,679,745,1424
2019-02-27T16:00:00+09:00,J5,641,554,1195
2019-02-27T16:15:00+09:00,J1,1063,1249,2312
2019-02-27T16:15:00+09:00,J2,810,882,1692
2019-02-27T16:15:00+09:00,J3,792,789,1581
2019-02-27T16:15:00+09:00,J4,750,809,1559
2019-02-27T16:15:00+09:00,J5,620,621,1241
2019-02-27T16:30:00+09:00,J1,1029,1232,2261
2019-02-27T16:30:00+09:00,J2,746,786,1532
2019-02-27T16:30:00+09:00,J3,977,1025,2002
2019-02-27T16:30:00+09:00,J4,747,823,1570
2019-02-27T16:30:00+09:00,J5,680,641,1321
2019-02-27T16:45:00+09:00,J1,1053,1332,2385
2019-02-27T16:45:00+09:00,J2,715,709,1424
2019-02-27T16:45:00+09:00,J3,1091,1125,2216
2019-02-27T16:45:00+09:00,J4,671,704,1375
2019-02-27T16:45:00+09:00,J5,638,641,1279
2019-02-27T17:00:00+09:00,J1,1124,1257,2381
2019-02-27T17:00:00+09:00,J2,782,924,1706
2019-02-27T17:00:00+09:00,J3,1132,1050,2182
2019-02-27T17:00:00+09:00,J4,893,877,1770
2019-02-27T17:00:00+09:00,J5,607,670,1277
2019-02-27T17:15:00+09:00,J1,1151,1355,2506
2019-02-27T17:15:00+09:00,J2,855,972,1827
2019-02-27T17:15:00+09:00,J3,1332,1176,2508
2019-02-27T17:15:00+09:00,J4,1067,969,2036
2019-02-27T17:15:00+09:00,J5,617,678,1295
2019-02-27T17:30:00+09:00,J1,1175,1356,2531
2019-02-27T17:30:00+09:00,J2,903,1013,1916
2019-02-27T17:30:00+09:00,J3,1389,1076,2465
2019-02-27T17:30:00+09:00,J4,1190,999,2189
2019-02-27T17:30:00+09:00,J5,604,729,1333
2019-02-27T17:45:00+09:00,J1,1155,1375,2530
2019-02-27T17:45:00+09:00,J2,947,907,1854
2019-02-27T17:45:00+09:00,J3,1410,1048,2458
2019-02-27T17:45:00+09:00,J4,1279,967,2246
2019-02-27T17:45:00+09:00,J5,614,658,1272
2019-02-27T18:00:00+09:00,J1,1192,1433,2625
2019-02-27T18:00:00+09:00,J2,1053,903,1956
2019-02-27T18:00:00+09:00,J3,1420,955,2375
2019-02-27T18:00:00+09:00,J4,1222,979,2201
2019-02-27T18:00:00+09:00,J5,630,713,1343
2019-02-27T18:15:00+09:00,J1,1144,1394,2538
2019-02-27T18:15:00+09:00,J2,999,969,1968
2019-02-27T18:15:00+09:00,J3,1477,1186,2663
2019-02-27T18:15:00+09:00,J4,1091,831,1922
2019-02-27T18:15:00+09:00,J5,619,699,1318
2019-02-27T18:30:00+09:00,J1,1236,1308,2544
2019-02-27T18:30:00+09:00,J2,975,896,1871
2019-02-27T18:30:00+09:00,J3,1321,915,2236
2019-02-27T18:30:00+09:00,J4,824,685,1509
2019-02-27T18:30:00+09:00,J5,556,590,1146
2019-02-27T18:45:00+09:00,J1,1123,1233,2356
2019-02-27T18:45:00+09:00,J2,960,900,1860
2019-02-27T18:45:00+09:00,J3,1324,975,2299
2019-02-27T18:45:00+09:00,J4,846,731,1577
2019-02-27T18:45:00+09:00,J5,536,573,1109
2019-02-27T19:00:00+09:00,J1,1137,1182,2319
2019-02-27T19:00:00+09:00,J2,710,761,1471
2019-02-27T19:00:00+09:00,J3,1276,933,2209
2019-02-27T19:00:00+09:00,J4,770,784,1554
2019-02-27T19:00:00+09:00,J5,531,580,1111
2019-02-27T19:15:00+09:00,J1,1124,1255,2379
2019-02-27T19:15:00+09:00,J2,649,774,1423
2019-02-27T19:15:00+09:00,J3,1263,874,2137
2019-02-27T19:15:00+09:00,J4,805,868,1673
2019-02-27T19:15:00+09:00,J5,577,635,1212
2019-02-27T19:30:00+09:00,J1,1129,1252,2381
2019-02-27T19:30:00+09:00,J2,596,693,1289
2019-02-27T19:30:00+09:00,J3,1157,891,2048
2019-02-27T19:30:00+09:00,J4,808,781,1589
2019-02-27T19:30:00+09:00,J5,547,573,1120
2019-02-27T19:45:00+09:00,J1,1122,1248,2370
2019-02-27T19:45:00+09:00,J2,517,634,1151
2019-02-27T19:45:00+09:00,J3,1017,877,1894
2019-02-27T19:45:00+09:00,J4,813,828,1641
2019-02-27T19:45:00+09:00,J5,553,582,1135
2019-02-27T20:00:00+09:00,J1,1166,1270,2436
2019-02-27T20:00:00+09:00,J2,509,699,1208
2019-02-27T20:00:00+09:00,J3,1070,840,1910
2019-02-27T20:00:00+09:00,J4,791,840,1631
2019-02-27T20:00:00+09:00,J5,652,567,1219
2019-02-27T20:15:00+09:00,J1,1111,1272,2383
2019-02-27T20:15:00+09:00,J2,561,621,1182
2019-02-27T20:15:00+09:00,J3,986,874,1860
2019-02-27T20:15:00+09:00,J4,834,879,1713
2019-02-27T20:15:00+09:00,J5,618,601,1219
2019-02-27T20:30:00+09:00,J1,1153,1254,2407
2019-02-27T20:30:00+09:00,J2,636,626,1262
2019-02-27T20:30:00+09:00,J3,1008,852,1860
2019-02-27T20:30:00+09:00,J4,835,847,1682
2019-02-27T20:30:00+09:00,J5,599,583,1182
2019-02-27T20:45:00+09:00,J1,1088,1170,2258
2019-02-27T20:45:00+09:00,J2,636,583,1219
2019-02-27T20:45:00+09:00,J3,1080,843,1923
2019-02-27T20:45:00+09:00,J4,850,751,1601
2019-02-27T20:45:00+09:00,J5,564,512,1076
2019-02-27T21:00:00+09:00,J1,1095,1285,2380
2019-02-27T21:00:00+09:00,J2,806,700,1506
2019-02-27T21:00:00+09:00,J3,946,914,1860
2019-02-27T21:00:00+09:00,J4,899,831,1730
2019-02-27T21:00:00+09:00,J5,560,502,1062
2019-02-27T21:15:00+09:00,J1,1074,1267,2341
2019-02-27T21:15:00+09:00,J2,751,728,1479
2019-02-27T21:15:00+09:00,J3,1075,869,1944
2019-02-27T21:15:00+09:00,J4,900,848,1748
2019-02-27T21:15:00+09:00,J5,609,570,1179
2019-02-27T21:30:00+09:00,J1,1025,1216,2241
2019-02-27T21:30:00+09:00,J2,714,675,1389
2019-02-27T21:30:00+09:00,J3,1074,819,1893
2019-02-27T21:30:00+09:00,J4,937,825,1762
2019-02-27T21:30:00+09:00,J5,551,492,1043
2019-02-27T21:45:00+09:00,J1,987,1167,2154
2019-02-27T21:45:00+09:00,J2,775,785,1560
2019-02-27T21:45:00+09:00,J3,1078,838,1916
2019-02-27T21:45:00+09:00,J4,968,861,1829
2019-02-27T21:45:00+09:00,J5,535,536,1071
2019-02-27T22:00:00+09:00,J1,1021,1068,2089
2019-02-27T22:00:00+09:00,J2,707,653,1360
2019-02-27T22:00:00+09:00,J3,986,725,1711
2019-02-27T22:00:00+09:00,J4,918,919,1837
2019-02-27T22:00:00+09:00,J5,499,536,1035
2019-02-27T22:15:00+09:00,J1,942,1123,2065
2019-02-27T22:15:00+09:00,J2,463,658,1121
2019-02-27T22:15:00+09:00,J3,791,718,1509
2019-02-27T22:15:00+09:00,J4,910,904,1814
2019-02-27T22:15:00+09:00,J5,547,513,1060
2019-02-27T22:30:00+09:00,J1,978,1133,2111
2019-02-27T22:30:00+09:00,J2,616,643,1259
2019-02-27T22:30:00+09:00,J3,832,634,1466
2019-02-27T22:30:00+09:00,J4,874,915,1789
2019-02-27T22:30:00+09:00,J5,511,530,1041
2019-02-27T22:45:00+09:00,J1,897,1031,1928
2019-02-27T22:45:00+09:00,J2,556,701,1257
2019-02-27T22:45:00+09:00,J3,788,578,1366
2019-02-27T22:45:00+09:00,J4,920,883,1803
2019-02-27T22:45:00+09:00,J5,570,561,1131
2019-02-27T23:00:00+09:00,J1,961,1128,2089
2019-02-27T23:00:00+09:00,J2,571,650,1221
2019-02-27T23:00:00+09:00,J3,818,686,1504
2019-02-27T23:00:00+09:00,J4,934,885,1819
2019-02-27T23:00:00+09:00,J5,569,517,1086
2019-02-27T23:15:00+09:00,J1,952,998,1950
2019-02-27T23:15:00+09:00,J2,606,648,1254
2019-02-27T23:15:00+09:00,J3,781,727,1508
2019-02-27T23:15:00+09:00,J4,854,842,1696
2019-02-27T23:15:00+09:00,J5,536,480,1016
2019-02-27T23:30:00+09:00,J1,888,946,1834
2019-02-27T23:30:00+09:00,J2,592,608,1200
2019-02-27T23:30:00+09:00,J3,686,648,1334
2019-02-27T23:30:00+09:00,J4,805,865,1670
2019-02-27T23:30:00+09:00,J5,508,483,991
2019-02-27T23:45:00+09:00,J1,922,990,1912
2019-02-27T23:45:00+09:00,J2,554,678,1232
2019-02-27T23:45:00+09:00,J3,578,587,1165
2019-02-27T23:45:00+09:00,J4,825,760,1585
2019-02-27T23:45:00+09:00,J5,519,495,1014
2019-02-28T00:00:00+09:00,J1,795,794,1589
2019-02-28T00:00:00+09:00,J2,582,534,1116
2019-02-28T00:00:00+09:00,J3,556,575,1131
2019-02-28T00:00:00+09:00,J4,879,757,1636
2019-02-28T00:00:00+09:00,J5,562,466,1028
2019-02-28T00:15:00+09:00,J1,617,588,1205
2019-02-28T00:15:00+09:00,J2,547,470,1017
2019-02-28T00:15:00+09:00,J3,731,696,1427
2019-02-28T00:15:00+09:00,J4,869,763,1632
2019-02-28T00:15:00+09:00,J5,521,465,986
2019-02-28T00:30:00+09:00,J1,563,565,1128
2019-02-28T00:30:00+09:00,J2,513,507,1020
2019-02-28T00:30:00+09:00,J3,757,709,1466
2019-02-28T00:30:00+09:00,J4,931,803,1734
2019-02-28T00:30:00+09:00,J5,587,521,1108
2019-02-28T00:45:00+09:00,J1,452,447,899
2019-02-28T00:45:00+09:00,J2,617,516,1133
2019-02-28T00:45:00+09:00,J3,824,737,1561
2019-02-28T00:45:00+09:00,J4,808,812,1620
2019-02-28T00:45:00+09:00,J5,562,542,1104
2019-02-28T05:45:00+09:00,J1,916,907,1823
2019-02-28T05:45:00+09:00,J2,656,686,1342
2019-02-28T05:45:00+09:00,J3,880,585,1465
2019-02-28T05:45:00+09:00,J4,533,628,1161
2019-02-28T05:45:00+09:00,J5,404,441,845
2019-02-28T06:00:00+09:00,J1,867,902,1769
2019-02-28T06:00:00+09:00,J2,785,725,1510
2019-02-28T06:00:00+09:00,J3,965,707,1672
2019-02-28T06:00:00+09:00,J4,702,774,1476
2019-02-28T06:00:00+09:00,J5,384,407,791
2019-02-28T06:15:00+09:00,J1,869,953,1822
2019-02-28T06:15:00+09:00,J2,720,656,1376
2019-02-28T06:15:00+09:00,J3,987,795,1782
2019-02-28T06:15:00+09:00,J4,679,817,1496
2019-02-28T06:15:00+09:00,J5,450,465,915
2019-02-28T06:30:00+09:00,J1,889,898,1787
2019-02-28T06:30:00+09:00,J2,629,518,1147
2019-02-28T06:30:00+09:00,J3,944,748,1692
2019-02-28T06:30:00+09:00,J4,678,767,1445
2019-02-28T06:30:00+09:00,J5,404,439,843
2019-02-28T06:45:00+09:00,J1,990,1010,2000
2019-02-28T06:45:00+09:00,J2,816,692,1508
2019-02-28T06:45:00+09:00,J3,1027,746,1773
2019-02-28T06:45:00+09:00,J4,710,911,1621
2019-02-28T06:45:00+09:00,J5,448,411,859
2019-02-28T07:00:00+09:00,J1,971,1066,2037
2019-02-28T07:00:00+09:00,J2,805,723,1528
2019-02-28T07:00:00+09:00,J3,957,847,1804
2019-02-28T07:00:00+09:00,J4,804,814,1618
2019-02-28T07:00:00+09:00,J5,451,484,935
2019-02-28T07:15:00+09:00,J1,1038,1070,2108
2019-02-28T07:15:00+09:00,J2,822,728,1550
2019-02-28T07:15:00+09:00,J3,965,931,1896
2019-02-28T07:15:00+09:00,J4,853,925,1778
2019-02-28T07:15:00+09:00,J5,506,517,1023
2019-02-28T07:30:00+09:00,J1,1051,1147,2198
2019-02-28T07:30:00+09:00,J2,779,669,1448
2019-02-28T07:30:00+09:00,J3,1231,1110,2341
2019-02-28T07:30:00+09:00,J4,822,1086,1908
2019-02-28T07:30:00+09:00,J5,710,683,1393
2019-02-28T07:45:00+09:00,J1,1205,1230,2435
2019-02-28T07:45:00+09:00,J2,780,576,1356
2019-02-28T07:45:00+09:00,J3,1187,1107,2294
2019-02-28T07:45:00+09:00,J4,860,1123,1983
2019-02-28T07:45:00+09:00,J5,681,759,1440
2019-02-28T08:00:00+09:00,J1,1353,1278,2631
2019-02-28T08:00:00+09:00,J2,962,794,1756
2019-02-28T08:00:00+09:00,J3,1302,1236,2538
2019-02-28T08:00:00+09:00,J4,1018,1182,2200
2019-02-28T08:00:00+09:00,J5,711,821,1532
2019-02-28T08:15:00+09:00,J1,1423,1346,2769
2019-02-28T08:15:00+09:00,J2,1171,829,2000
2019-02-28T08:15:00+09:00,J3,1448,1431,2879
2019-02-28T08:15:00+09:00,J4,1115,1188,2303
2019-02-28T08:15:00+09:00,J5,740,786,1526
2019-02-28T08:30:00+09:00,J1,1436,1339,2775
2019-02-28T08:30:00+09:00,J2,1184,711,1895
2019-02-28T08:30:00+09:00,J3,1258,1377,2635
2019-02-28T08:30:00+09:00,J4,1042,1180,2222
2019-02-28T08:30:00+09:00,J5,659,690,1349
2019-02-28T08:45:00+09:00,J1,1207,1210,2417
2019-02-28T08:45:00+09:00,J2,821,642,1463
2019-02-28T08:45:00+09:00,J3,1217,1217,2434
2019-02-28T08:45:00+09:00,J4,943,1100,2043
2019-02-28T08:45:00+09:00,J5,481,535,1016
2019-02-28T09:00:00+09:00,J1,1235,1212,2447
2019-02-28T09:00:00+09:00,J2,709,714,1423
2019-02-28T09:00:00+09:00,J3,1202,1215,2417
2019-02-28T09:00:00+09:00,J4,882,945,1827
2019-02-28T09:00:00+09:00,J5,417,496,913
2019-02-28T09:15:00+09:00,J1,1150,1121,2271
2019-02-28T09:15:00+09:00,J2,663,679,1342
2019-02-28T09:15:00+09:00,J3,817,871,1688
2019-02-28T09:15:00+09:00,J4,964,956,1920
2019-02-28T09:15:00+09:00,J5,494,454,948
2019-02-28T09:30:00+09:00,J1,1160,1145,2305
2019-02-28T09:30:00+09:00,J2,739,660,1399
2019-02-28T09:30:00+09:00,J3,792,822,1614
2019-02-28T09:30:00+09:00,J4,912,968,1880
2019-02-28T09:30:00+09:00,J5,565,505,1070
2019-02-28T09:45:00+09:00,J1,1054,1108,2162
2019-02-28T09:45:00+09:00,J2,687,636,1323
2019-02-28T09:45:00+09:00,J3,774,797,1571
2019-02-28T09:45:00+09:00,J4,932,958,1890
2019-02-28T09:45:00+09:00,J5,457,516,973
2019-02-28T10:00:00+09:00,J1,1092,1107,2199
2019-02-28T10:00:00+09:00,J2,650,654,1304
2019-02-28T10:00:00+09:00,J3,705,800,1505
2019-02-28T10:00:00+09:00,J4,914,871,1785
2019-02-28T10:00:00+09:00,J5,510,553,1063
2019-02-28T10:15:00+09:00,J1,928,1039,1967
2019-02-28T10:15:00+09:00,J2,650,693,1343
2019-02-28T10:15:00+09:00,J3,955,960,1915
2019-02-28T10:15:00+09:00,J4,916,951,1867
2019-02-28T10:15:00+09:00,J5,530,530,1060
2019-02-28T10:30:00+09:00,J1,1113,1112,2225
2019-02-28T10:30:00+09:00,J2,769,715,1484
2019-02-28T10:30:00+09:00,J3,1070,970,2040
2019-02-28T10:30:00+09:00,J4,939,1050,1989
2019-02-28T10:30:00+09:00,J5,607,541,1148
2019-02-28T10:45:00+09:00,J1,1059,1040,2099
2019-02-28T10:45:00+09:00,J2,750,713,1463
2019-02-28T10:45:00+09:00,J3,1115,1028,2143
2019-02-28T10:45:00+09:00,J4,856,945,1801
2019-02-28T10:45:00+09:00,J5,554,514,1068
2019-02-28T11:00:00+09:00,J1,960,1022,1982
2019-02-28T11:00:00+09:00,J2,649,784,1433
2019-02-28T11:00:00+09:00,J3,1023,965,1988
2019-02-28T11:00:00+09:00,J4,827,974,1801
2019-02-28T11:00:00+09:00,J5,560,532,1092
2019-02-28T11:15:00+09:00,J1,965,978,1943
2019-02-28T11:15:00+09:00,J2,611,678,1289
2019-02-28T11:15:00+09:00,J3,1036,922,1958
2019-02-28T11:15:00+09:00,J4,656,765,1421
2019-02-28T11:15:00+09:00,J5,563,519,1082
2019-02-28T11:30:00+09:00,J1,1269,1413,2682
2019-02-28T11:30:00+09:00,J2,851,682,1533
2019-02-28T11:30:00+09:00,J3,1455,1367,2822
2019-02-28T11:30:00+09:00,J4,862,988,1850
2019-02-28T11:30:00+09:00,J5,778,830,1608
2019-02-28T11:45:00+09:00,J1,1115,1286,2401
2019-02-28T11:45:00+09:00,J2,850,726,1576
2019-02-28T11:45:00+09:00,J3,1314,1201,2515
2019-02-28T11:45:00+09:00,J4,787,967,1754
2019-02-28T11:45:00+09:00,J5,707,748,1455
2019-02-28T12:00:00+09:00,J1,1129,1252,2381
2019-02-28T12:00:00+09:00,J2,826,711,1537
2019-02-28T12:00:00+09:00,J3,1318,1169,2487
2019-02-28T12:00:00+09:00,J4,780,866,1646
2019-02-28T12:00:00+09:00,J5,748,729,1477
2019-02-28T12:15:00+09:00,J1,1078,1301,2379
2019-02-28T12:15:00+09:00,J2,794,750,1544
2019-02-28T12:15:00+09:00,J3,1199,1095,2294
2019-02-28T12:15:00+09:00,J4,780,858,1638
2019-02-28T12:15:00+09:00,J5,747,735,1482
2019-02-28T12:30:00+09:00,J1,1072,1296,2368
2019-02-28T12:30:00+09:00,J2,807,705,1512
2019-02-28T12:30:00+09:00,J3,1114,966,2080
2019-02-28T12:30:00+09:00,J4,751,941,1692
2019-02-28T12:30:00+09:00,J5,698,672,1370
2019-02-28T12:45:00+09:00,J1,962,1080,2042
2019-02-28T12:45:00+09:00,J2,705,591,1296
2019-02-28T12:45:00+09:00,J3,895,834,1729
2019-02-28T12:45:00+09:00,J4,651,763,1414
2019-02-28T12:45:00+09:00,J5,620,588,1208
2019-02-28T13:00:00+09:00,J1,1217,1359,2576
2019-02-28T13:00:00+09:00,J2,878,883,1761
2019-02-28T13:00:00+09:00,J3,1060,1013,2073
2019-02-28T13:00:00+09:00,J4,834,1024,1858
2019-02-28T13:00:00+09:00,J5,796,673,1469
2019-02-28T13:15:00+09:00,J1,1070,1276,2346
2019-02-28T13:15:00+09:00,J2,745,712,1457
2019-02-28T13:15:00+09:00,J3,940,818,1758
2019-02-28T13:15:00+09:00,J4,784,869,1653
2019-02-28T13:15:00+09:00,J5,672,727,1399
2019-02-28T13:30:00+09:00,J1,1025,1280,2305
2019-02-28T13:30:00+09:00,J2,822,758,1580
2019-02-28T13:30:00+09:00,J3,984,822,1806
2019-02-28T13:30:00+09:00,J4,721,903,1624
2019-02-28T13:30:00+09:00,J5,686,699,1385
2019-02-28T13:45:00+09:00,J1,1014,1264,2278
2019-02-28T13:45:00+09:00,J2,815,777,1592
2019-02-28T13:45:00+09:00,J3,913,784,1697
2019-02-28T13:45:00+09:00,J4,778,866,1644
2019-02-28T13:45:00+09:00,J5,673,697,1370
2019-02-28T14:00:00+09:00,J1,1008,1251,2259
2019-02-28T14:00:00+09:00,J2,764,728,1492
2019-02-28T14:00:00+09:00,J3,931,800,1731
2019-02-28T14:00:00+09:00,J4,794,802,1596
2019-02-28T14:00:00+09:00,J5,727,662,1389
2019-02-28T14:15:00+09:00,J1,1035,1266,2301
2019-02-28T14:15:00+09:00,J2,846,701,1547
2019-02-28T14:15:00+09:00,J3,904,781,1685
2019-02-28T14:15:00+09:00,J4,794,874,1668
2019-02-28T14:15:00+09:00,J5,741,651,1392
2019-02-28T14:30:00+09:00,J1,1107,1190,2297
2019-02-28T14:30:00+09:00,J2,778,634,1412
2019-02-28T14:30:00+09:00,J3,961,751,1712
2019-02-28T14:30:00+09:00,J4,769,909,1678
2019-02-28T14:30:00+09:00,J5,720,730,1450
2019-02-28T14:45:00+09:00,J1,1021,1175,2196
2019-02-28T14:45:00+09:00,J2,755,676,1431
2019-02-28T14:45:00+09:00,J3,979,817,1796
2019-02-28T14:45:00+09:00,J4,783,935,1718
2019-02-28T14:45:00+09:00,J5,666,691,1357
2019-02-28T15:00:00+09:00,J1,1035,1208,2243
2019-02-28T15:00:00+09:00,J2,813,755,1568
2019-02-28T15:00:00+09:00,J3,900,853,1753
2019-02-28T15:00:00+09:00,J4,779,821,1600
2019-02-28T15:00:00+09:00,J5,717,683,1400
2019-02-28T15:15:00+09:00,J1,1033,1289,2322
2019-02-28T15:15:00+09:00,J2,723,696,1419
2019-02-28T15:15:00+09:00,J3,898,812,1710
2019-02-28T15:15:00+09:00,J4,751,802,1553
2019-02-28T15:15:00+09:00,J5,751,696,1447
2019-02-28T15:30:00+09:00,J1,997,1254,2251
2019-02-28T15:30:00+09:00,J2,766,704,1470
2019-02-28T15:30:00+09:00,J3,924,923,1847
2019-02-28T15:30:00+09:00,J4,831,961,1792
2019-02-28T15:30:00+09:00,J5,725,655,1380
2019-02-28T15:45:00+09:00,J1,1008,1246,2254
2019-02-28T15:45:00+09:00,J2,712,698,1410
2019-02-28T15:45:00+09:00,J3,953,850,1803
2019-02-28T15:45:00+09:00,J4,803,838,1641
2019-02-28T15:45:00+09:00,J5,699,738,1437
2019-02-28T16:00:00+09:00,J1,1001,1205,2206
2019-02-28T16:00:00+09:00,J2,698,703,1401
2019-02-28T16:00:00+09:00,J3,861,818,1679
2019-02-28T16:00:00+09:00,J4,786,794,1580
2019-02-28T16:00:00+09:00,J5,689,711,1400
2019-02-28T16:15:00+09:00,J1,972,1150,2122
2019-02-28T16:15:00+09:00,J2,784,737,1521
2019-02-28T16:15:00+09:00,J3,990,774,1764
2019-02-28T16:15:00+09:00,J4,795,827,1622
2019-02-28T16:15:00+09:00,J5,704,683,1387
2019-02-28T16:30:00+09:00,J1,1055,1217,2272
2019-02-28T16:30:00+09:00,J2,813,732,1545
2019-02-28T16:30:00+09:00,J3,996,892,1888
2019-02-28T16:30:00+09:00,J4,785,874,1659
2019-02-28T16:30:00+09:00,J5,730,703,1433
2019-02-28T16:45:00+09:00,J1,989,1174,2163
2019-02-28T16:45:00+09:00,J2,768,743,1511
2019-02-28T16:45:00+09:00,J3,930,927,1857
2019-02-28T16:45:00+09:00,J4,799,736,1535
2019-02-28T16:45:00+09:00,J5,707,676,1383
2019-02-28T17:00:00+09:00,J1,1143,1202,2345
2019-02-28T17:00:00+09:00,J2,885,817,1702
2019-02-28T17:00:00+09:00,J3,1183,953,2136
2019-02-28T17:00:00+09:00,J4,922,811,1733
2019-02-28T17:00:00+09:00,J5,715,668,1383
2019-02-28T17:15:00+09:00,J1,1135,1315,2450
2019-02-28T17:15:00+09:00,J2,857,899,1756
2019-02-28T17:15:00+09:00,J3,1351,1058,2409
2019-02-28T17:15:00+09:00,J4,1071,926,1997
2019-02-28T17:15:00+09:00,J5,702,765,1467
2019-02-28T17:30:00+09:00,J1,1145,1410,2555
2019-02-28T17:30:00+09:00,J2,957,845,1802
2019-02-28T17:30:00+09:00,J3,1311,1016,2327
2019-02-28T17:30:00+09:00,J4,1132,979,2111
2019-02-28T17:30:00+09:00,J5,768,739,1507
2019-02-28T17:45:00+09:00,J1,1181,1366,2547
2019-02-28T17:45:00+09:00,J2,930,854,1784
2019-02-28T17:45:00+09:00,J3,1294,1034,2328
2019-02-28T17:45:00+09:00,J4,1125,961,2086
2019-02-28T17:45:00+09:00,J5,752,786,1538
2019-02-28T18:00:00+09:00,J1,1241,1477,2718
2019-02-28T18:00:00+09:00,J2,976,953,1929
2019-02-28T18:00:00+09:00,J3,1335,1068,2403
2019-02-28T18:00:00+09:00,J4,1177,982,2159
2019-02-28T18:00:00+09:00,J5,753,864,1617
2019-02-28T18:15:00+09:00,J1,1199,1325,2524
2019-02-28T18:15:00+09:00,J2,1018,904,1922
2019-02-28T18:15:00+09:00,J3,1409,1005,2414
2019-02-28T18:15:00+09:00,J4,1141,989,2130
2019-02-28T18:15:00+09:00,J5,706,702,1408
2019-02-28T18:30:00+09:00,J1,1166,1294,2460
2019-02-28T18:30:00+09:00,J2,935,864,1799
2019-02-28T18:30:00+09:00,J3,1241,926,2167
2019-02-28T18:30:00+09:00,J4,853,764,1617
2019-02-28T18:30:00+09:00,J5,582,656,1238
2019-02-28T18:45:00+09:00,J1,1124,1256,2380
2019-02-28T18:45:00+09:00,J2,790,758,1548
2019-02-28T18:45:00+09:00,J3,1196,885,2081
2019-02-28T18:45:00+09:00,J4,834,725,1559
2019-02-28T18:45:00+09:00,J5,563,632,1195
2019-02-28T19:00:00+09:00,J1,1100,1186,2286
2019-02-28T19:00:00+09:00,J2,679,732,1411
2019-02-28T19:00:00+09:00,J3,1216,897,2113
2019-02-28T19:00:00+09:00,J4,723,683,1406
2019-02-28T19:00:00+09:00,J5,513,571,1084
2019-02-28T19:15:00+09:00,J1,1084,1275,2359
2019-02-28T19:15:00+09:00,J2,601,756,1357
2019-02-28T19:15:00+09:00,J3,1200,929,2129
2019-02-28T19:15:00+09:00,J4,730,743,1473
2019-02-28T19:15:00+09:00,J5,591,627,1218
2019-02-28T19:30:00+09:00,J1,1100,1246,2346
2019-02-28T19:30:00+09:00,J2,562,675,1237
2019-02-28T19:30:00+09:00,J3,1139,889,2028
2019-02-28T19:30:00+09:00,J4,723,742,1465
2019-02-28T19:30:00+09:00,J5,555,604,1159
2019-02-28T19:45:00+09:00,J1,1042,1185,2227
2019-02-28T19:45:00+09:00,J2,510,667,1177
2019-02-28T19:45:00+09:00,J3,1089,925,2014
2019-02-28T19:45:00+09:00,J4,718,822,1540
2019-02-28T19:45:00+09:00,J5,518,545,1063
2019-02-28T20:00:00+09:00,J1,1052,1271,2323
2019-02-28T20:00:00+09:00,J2,608,629,1237
2019-02-28T20:00:00+09:00,J3,1071,910,1981
2019-02-28T20:00:00+09:00,J4,834,897,1731
2019-02-28T20:00:00+09:00,J5,499,583,1082
2019-02-28T20:15:00+09:00,J1,1092,1222,2314
2019-02-28T20:15:00+09:00,J2,634,677,1311
2019-02-28T20:15:00+09:00,J3,1107,875,1982
2019-02-28T20:15:00+09:00,J4,749,861,1610
2019-02-28T20:15:00+09:00,J5,542,565,1107
2019-02-28T20:30:00+09:00,J1,1062,1297,2359
2019-02-28T20:30:00+09:00,J2,550,588,1138
2019-02-28T20:30:00+09:00,J3,1032,872,1904
2019-02-28T20:30:00+09:00,J4,725,856,1581
2019-02-28T20:30:00+09:00,J5,569,532,1101
2019-02-28T20:45:00+09:00,J1,1133,1201,2334
2019-02-28T20:45:00+09:00,J2,584,643,1227
2019-02-28T20:45:00+09:00,J3,1014,793,1807
2019-02-28T20:45:00+09:00,J4,815,811,1626
2019-02-28T20:45:00+09:00,J5,540,503,1043
2019-02-28T21:00:00+09:00,J1,1074,1208,2282
2019-02-28T21:00:00+09:00,J2,786,662,1448
2019-02-28T21:00:00+09:00,J3,985,888,1873
2019-02-28T21:00:00+09:00,J4,870,812,1682
2019-02-28T21:00:00+09:00,J5,553,506,1059
2019-02-28T21:15:00+09:00,J1,1047,1198,2245
2019-02-28T21:15:00+09:00,J2,801,730,1531
2019-02-28T21:15:00+09:00,J3,1036,1026,2062
2019-02-28T21:15:00+09:00,J4,900,831,1731
2019-02-28T21:15:00+09:00,J5,540,483,1023
2019-02-28T21:30:00+09:00,J1,1014,1241,2255
2019-02-28T21:30:00+09:00,J2,635,712,1347
2019-02-28T21:30:00+09:00,J3,1109,961,2070
2019-02-28T21:30:00+09:00,J4,874,763,1637
2019-02-28T21:30:00+09:00,J5,530,512,1042
2019-02-28T21:45:00+09:00,J1,1011,1127,2138
2019-02-28T21:45:00+09:00,J2,588,640,1228
2019-02-28T21:45:00+09:00,J3,1204,909,2113
2019-02-28T21:45:00+09:00,J4,848,857,1705
2019-02-28T21:45:00+09:00,J5,504,484,988
2019-02-28T22:00:00+09:00,J1,967,1125,2092
2019-02-28T22:00:00+09:00,J2,457,556,1013
2019-02-28T22:00:00+09:00,J3,1046,819,1865
2019-02-28T22:00:00+09:00,J4,858,794,1652
2019-02-28T22:00:00+09:00,J5,490,475,965
2019-02-28T22:15:00+09:00,J1,971,1175,2146
2019-02-28T22:15:00+09:00,J2,503,583,1086
2019-02-28T22:15:00+09:00,J3,966,735,1701
2019-02-28T22:15:00+09:00,J4,864,872,1736
2019-02-28T22:15:00+09:00,J5,470,512,982
2019-02-28T22:30:00+09:00,J1,1034,1155,2189
2019-02-28T22:30:00+09:00,J2,494,668,1162
2019-02-28T22:30:00+09:00,J3,963,741,1704
2019-02-28T22:30:00+09:00,J4,888,820,1708
2019-02-28T22:30:00+09:00,J5,502,509,1011
2019-02-28T22:45:00+09:00,J1,1023,1186,2209
2019-02-28T22:45:00+09:00,J2,577,697,1274
2019-02-28T22:45:00+09:00,J3,891,647,1538
2019-02-28T22:45:00+09:00,J4,946,883,1829
2019-02-28T22:45:00+09:00,J5,463,451,914
2019-02-28T23:00:00+09:00,J1,1063,1066,2129
2019-02-28T23:00:00+09:00,J2,563,622,1185
2019-02-28T23:00:00+09:00,J3,813,682,1495
2019-02-28T23:00:00+09:00,J4,907,843,1750
2019-02-28T23:00:00+09:00,J5,489,501,990
2019-02-28T23:15:00+09:00,J1,985,1082,2067
2019-02-28T23:15:00+09:00,J2,591,611,1202
2019-02-28T23:15:00+09:00,J3,828,691,1519
2019-02-28T23:15:00+09:00,J4,926,823,1749
2019-02-28T23:15:00+09:00,J5,499,496,995
2019-02-28T23:30:00+09:00,J1,874,940,1814
2019-02-28T23:30:00+09:00,J2,555,625,1180
2019-02-28T23:30:00+09:00,J3,762,691,1453
2019-02-28T23:30:00+09:00,J4,960,792,1752
2019-02-28T23:30:00+09:00,J5,504,421,925
2019-02-28T23:45:00+09:00,J1,932,1006,1938
2019-02-28T23:45:00+09:00,J2,512,522,1034
2019-02-28T23:45:00+09:00,J3,729,640,1369
2019-02-28T23:45:00+09:00,J4,869,843,1712
2019-02-28T23:45:00+09:00,J5,469,441,910
2019-03-01T00:00:00+09:00,J1,767,809,1576
2019-03-01T00:00:00+09:00,J2,582,545,1127
2019-03-01T00:00:00+09:00,J3,611,587,1198
2019-03-01T00:00:00+09:00,J4,859,753,1612
2019-03-01T00:00:00+09:00,J5,504,516,1020
2019-03-01T00:15:00+09:00,J1,675,632,1307
2019-03-01T00:15:00+09:00,J2,491,487,978
2019-03-01T00:15:00+09:00,J3,586,576,1162
2019-03-01T00:15:00+09:00,J4,819,700,1519
2019-03-01T00:15:00+09:00,J5,562,516,1078
2019-03-01T00:30:00+09:00,J1,580,513,1093
2019-03-01T00:30:00+09:00,J2,502,451,953
2019-03-01T00:30:00+09:00,J3,690,672,1362
2019-03-01T00:30:00+09:00,J4,812,701,1513
2019-03-01T00:30:00+09:00,J5,539,467,1006
2019-03-01T00:45:00+09:00,J1,502,459,961
2019-03-01T00:45:00+09:00,J2,524,520,1044
2019-03-01T00:45:00+09:00,J3,690,764,1454
2019-03-01T00:45:00+09:00,J4,878,762,1640
2019-03-01T00:45:00+09:00,J5,486,478,964
