日時,アレイ,札幌→大通り,大通り→札幌,合計
2019-10-01T05:45:00+09:00,J1,231,181,412
2019-10-01T05:45:00+09:00,J2,224,204,428
2019-10-01T05:45:00+09:00,J3,351,293,644
2019-10-01T05:45:00+09:00,J4,892,829,1721
2019-10-01T06:00:00+09:00,J1,209,190,399
2019-10-01T06:00:00+09:00,J2,166,146,312
2019-10-01T06:00:00+09:00,J3,307,220,527
2019-10-01T06:00:00+09:00,J4,826,861,1687
2019-10-01T06:15:00+09:00,J1,259,255,514
2019-10-01T06:15:00+09:00,J2,216,212,428
2019-10-01T06:15:00+09:00,J3,391,322,713
2019-10-01T06:15:00+09:00,J4,769,800,1569
2019-10-01T06:30:00+09:00,J1,279,240,519
2019-10-01T06:30:00+09:00,J2,181,196,377
2019-10-01T06:30:00+09:00,J3,395,339,734
2019-10-01T06:30:00+09:00,J4,906,965,1871
2019-10-01T06:45:00+09:00,J1,444,402,846
2019-10-01T06:45:00+09:00,J2,205,223,428
2019-10-01T06:45:00+09:00,J3,393,326,719
2019-10-01T06:45:00+09:00,J4,679,741,1420
2019-10-01T07:00:00+09:00,J1,443,404,847
2019-10-01T07:00:00+09:00,J2,244,214,458
2019-10-01T07:00:00+09:00,J3,393,318,711
2019-10-01T07:00:00+09:00,J4,790,846,1636
2019-10-01T07:15:00+09:00,J1,464,399,863
2019-10-01T07:15:00+09:00,J2,210,185,395
2019-10-01T07:15:00+09:00,J3,407,358,765
2019-10-01T07:15:00+09:00,J4,679,783,1462
2019-10-01T07:30:00+09:00,J1,460,423,883
2019-10-01T07:30:00+09:00,J2,243,237,480
2019-10-01T07:30:00+09:00,J3,610,614,1224
2019-10-01T07:30:00+09:00,J4,694,755,1449
2019-10-01T07:45:00+09:00,J1,553,501,1054
2019-10-01T07:45:00+09:00,J2,311,245,556
2019-10-01T07:45:00+09:00,J3,711,706,1417
2019-10-01T07:45:00+09:00,J4,590,789,1379
2019-10-01T08:00:00+09:00,J1,701,578,1279
2019-10-01T08:00:00+09:00,J2,346,288,634
2019-10-01T08:00:00+09:00,J3,783,736,1519
2019-10-01T08:00:00+09:00,J4,640,940,1580
2019-10-01T08:15:00+09:00,J1,748,547,1295
2019-10-01T08:15:00+09:00,J2,409,333,742
2019-10-01T08:15:00+09:00,J3,832,880,1712
2019-10-01T08:15:00+09:00,J4,684,1062,1746
2019-10-01T08:30:00+09:00,J1,780,589,1369
2019-10-01T08:30:00+09:00,J2,426,334,760
2019-10-01T08:30:00+09:00,J3,879,983,1862
2019-10-01T08:30:00+09:00,J4,709,1131,1840
2019-10-01T08:45:00+09:00,J1,575,428,1003
2019-10-01T08:45:00+09:00,J2,329,302,631
2019-10-01T08:45:00+09:00,J3,791,908,1699
2019-10-01T08:45:00+09:00,J4,647,810,1457
2019-10-01T09:00:00+09:00,J1,579,456,1035
2019-10-01T09:00:00+09:00,J2,299,247,546
2019-10-01T09:00:00+09:00,J3,717,691,1408
2019-10-01T09:00:00+09:00,J4,561,768,1329
2019-10-01T09:15:00+09:00,J1,542,349,891
2019-10-01T09:15:00+09:00,J2,325,296,621
2019-10-01T09:15:00+09:00,J3,731,629,1360
2019-10-01T09:15:00+09:00,J4,581,690,1271
2019-10-01T09:30:00+09:00,J1,484,436,920
2019-10-01T09:30:00+09:00,J2,304,290,594
2019-10-01T09:30:00+09:00,J3,716,619,1335
2019-10-01T09:30:00+09:00,J4,563,668,1231
2019-10-01T09:45:00+09:00,J1,393,333,726
2019-10-01T09:45:00+09:00,J2,284,283,567
2019-10-01T09:45:00+09:00,J3,663,647,1310
2019-10-01T09:45:00+09:00,J4,583,627,1210
2019-10-01T10:00:00+09:00,J1,344,323,667
2019-10-01T10:00:00+09:00,J2,245,265,510
2019-10-01T10:00:00+09:00,J3,590,582,1172
2019-10-01T10:00:00+09:00,J4,587,508,1095
2019-10-01T10:15:00+09:00,J1,389,372,761
2019-10-01T10:15:00+09:00,J2,275,253,528
2019-10-01T10:15:00+09:00,J3,537,526,1063
2019-10-01T10:15:00+09:00,J4,487,518,1005
2019-10-01T10:30:00+09:00,J1,357,313,670
2019-10-01T10:30:00+09:00,J2,314,286,600
2019-10-01T10:30:00+09:00,J3,585,634,1219
2019-10-01T10:30:00+09:00,J4,523,560,1083
2019-10-01T10:45:00+09:00,J1,384,344,728
2019-10-01T10:45:00+09:00,J2,329,222,551
2019-10-01T10:45:00+09:00,J3,607,654,1261
2019-10-01T10:45:00+09:00,J4,563,467,1030
2019-10-01T11:00:00+09:00,J1,384,327,711
2019-10-01T11:00:00+09:00,J2,298,224,522
2019-10-01T11:00:00+09:00,J3,559,610,1169
2019-10-01T11:00:00+09:00,J4,497,476,973
2019-10-01T11:15:00+09:00,J1,522,485,1007
2019-10-01T11:15:00+09:00,J2,376,199,575
2019-10-01T11:15:00+09:00,J3,555,596,1151
2019-10-01T11:15:00+09:00,J4,442,447,889
2019-10-01T11:30:00+09:00,J1,579,446,1025
2019-10-01T11:30:00+09:00,J2,311,198,509
2019-10-01T11:30:00+09:00,J3,627,616,1243
2019-10-01T11:30:00+09:00,J4,409,406,815
2019-10-01T11:45:00+09:00,J1,456,528,984
2019-10-01T11:45:00+09:00,J2,343,165,508
2019-10-01T11:45:00+09:00,J3,616,590,1206
2019-10-01T11:45:00+09:00,J4,402,401,803
2019-10-01T12:00:00+09:00,J1,539,425,964
2019-10-01T12:00:00+09:00,J2,406,237,643
2019-10-01T12:00:00+09:00,J3,582,673,1255
2019-10-01T12:00:00+09:00,J4,367,416,783
2019-10-01T12:15:00+09:00,J1,452,406,858
2019-10-01T12:15:00+09:00,J2,383,268,651
2019-10-01T12:15:00+09:00,J3,520,570,1090
2019-10-01T12:15:00+09:00,J4,347,335,682
2019-10-01T12:30:00+09:00,J1,477,388,865
2019-10-01T12:30:00+09:00,J2,400,344,744
2019-10-01T12:30:00+09:00,J3,568,528,1096
2019-10-01T12:30:00+09:00,J4,381,389,770
2019-10-01T12:45:00+09:00,J1,458,393,851
2019-10-01T12:45:00+09:00,J2,307,327,634
2019-10-01T12:45:00+09:00,J3,519,569,1088
2019-10-01T12:45:00+09:00,J4,331,384,715
2019-10-01T13:00:00+09:00,J1,420,412,832
2019-10-01T13:00:00+09:00,J2,343,276,619
2019-10-01T13:00:00+09:00,J3,524,516,1040
2019-10-01T13:00:00+09:00,J4,380,388,768
2019-10-01T13:15:00+09:00,J1,443,390,833
2019-10-01T13:15:00+09:00,J2,319,295,614
2019-10-01T13:15:00+09:00,J3,507,510,1017
2019-10-01T13:15:00+09:00,J4,361,376,737
2019-10-01T13:30:00+09:00,J1,427,404,831
2019-10-01T13:30:00+09:00,J2,295,312,607
2019-10-01T13:30:00+09:00,J3,446,487,933
2019-10-01T13:30:00+09:00,J4,345,344,689
2019-10-01T13:45:00+09:00,J1,422,394,816
2019-10-01T13:45:00+09:00,J2,287,302,589
2019-10-01T13:45:00+09:00,J3,448,463,911
2019-10-01T13:45:00+09:00,J4,340,295,635
2019-10-01T14:00:00+09:00,J1,372,413,785
2019-10-01T14:00:00+09:00,J2,280,315,595
2019-10-01T14:00:00+09:00,J3,509,447,956
2019-10-01T14:00:00+09:00,J4,348,323,671
2019-10-01T14:15:00+09:00,J1,412,384,796
2019-10-01T14:15:00+09:00,J2,274,318,592
2019-10-01T14:15:00+09:00,J3,487,401,888
2019-10-01T14:15:00+09:00,J4,346,330,676
2019-10-01T14:30:00+09:00,J1,426,379,805
2019-10-01T14:30:00+09:00,J2,304,308,612
2019-10-01T14:30:00+09:00,J3,479,449,928
2019-10-01T14:30:00+09:00,J4,342,319,661
2019-10-01T14:45:00+09:00,J1,405,398,803
2019-10-01T14:45:00+09:00,J2,366,321,687
2019-10-01T14:45:00+09:00,J3,457,413,870
2019-10-01T14:45:00+09:00,J4,368,267,635
2019-10-01T15:00:00+09:00,J1,396,366,762
2019-10-01T15:00:00+09:00,J2,361,372,733
2019-10-01T15:00:00+09:00,J3,436,404,840
2019-10-01T15:00:00+09:00,J4,344,270,614
2019-10-01T15:15:00+09:00,J1,395,385,780
2019-10-01T15:15:00+09:00,J2,372,319,691
2019-10-01T15:15:00+09:00,J3,435,450,885
2019-10-01T15:15:00+09:00,J4,348,294,642
2019-10-01T15:30:00+09:00,J1,415,362,777
2019-10-01T15:30:00+09:00,J2,385,329,714
2019-10-01T15:30:00+09:00,J3,467,470,937
2019-10-01T15:30:00+09:00,J4,369,300,669
2019-10-01T15:45:00+09:00,J1,366,396,762
2019-10-01T15:45:00+09:00,J2,336,348,684
2019-10-01T15:45:00+09:00,J3,450,447,897
2019-10-01T15:45:00+09:00,J4,366,295,661
2019-10-01T16:00:00+09:00,J1,411,402,813
2019-10-01T16:00:00+09:00,J2,359,343,702
2019-10-01T16:00:00+09:00,J3,468,400,868
2019-10-01T16:00:00+09:00,J4,364,340,704
2019-10-01T16:15:00+09:00,J1,442,391,833
2019-10-01T16:15:00+09:00,J2,368,319,687
2019-10-01T16:15:00+09:00,J3,456,450,906
2019-10-01T16:15:00+09:00,J4,379,302,681
2019-10-01T16:30:00+09:00,J1,443,373,816
2019-10-01T16:30:00+09:00,J2,356,267,623
2019-10-01T16:30:00+09:00,J3,465,434,899
2019-10-01T16:30:00+09:00,J4,364,315,679
2019-10-01T16:45:00+09:00,J1,421,369,790
2019-10-01T16:45:00+09:00,J2,364,322,686
2019-10-01T16:45:00+09:00,J3,509,441,950
2019-10-01T16:45:00+09:00,J4,333,318,651
2019-10-01T17:00:00+09:00,J1,464,495,959
2019-10-01T17:00:00+09:00,J2,361,298,659
2019-10-01T17:00:00+09:00,J3,556,512,1068
2019-10-01T17:00:00+09:00,J4,447,286,733
2019-10-01T17:15:00+09:00,J1,515,454,969
2019-10-01T17:15:00+09:00,J2,377,326,703
2019-10-01T17:15:00+09:00,J3,600,499,1099
2019-10-01T17:15:00+09:00,J4,457,329,786
2019-10-01T17:30:00+09:00,J1,573,563,1136
2019-10-01T17:30:00+09:00,J2,353,393,746
2019-10-01T17:30:00+09:00,J3,712,550,1262
2019-10-01T17:30:00+09:00,J4,531,339,870
2019-10-01T17:45:00+09:00,J1,579,582,1161
2019-10-01T17:45:00+09:00,J2,414,392,806
2019-10-01T17:45:00+09:00,J3,689,625,1314
2019-10-01T17:45:00+09:00,J4,616,348,964
2019-10-01T18:00:00+09:00,J1,601,597,1198
2019-10-01T18:00:00+09:00,J2,466,397,863
2019-10-01T18:00:00+09:00,J3,792,565,1357
2019-10-01T18:00:00+09:00,J4,593,361,954
2019-10-01T18:15:00+09:00,J1,560,523,1083
2019-10-01T18:15:00+09:00,J2,437,324,761
2019-10-01T18:15:00+09:00,J3,678,561,1239
2019-10-01T18:15:00+09:00,J4,648,322,970
2019-10-01T18:30:00+09:00,J1,459,505,964
2019-10-01T18:30:00+09:00,J2,425,356,781
2019-10-01T18:30:00+09:00,J3,615,494,1109
2019-10-01T18:30:00+09:00,J4,515,355,870
2019-10-01T18:45:00+09:00,J1,444,419,863
2019-10-01T18:45:00+09:00,J2,377,353,730
2019-10-01T18:45:00+09:00,J3,535,462,997
2019-10-01T18:45:00+09:00,J4,482,331,813
2019-10-01T19:00:00+09:00,J1,395,439,834
2019-10-01T19:00:00+09:00,J2,309,275,584
2019-10-01T19:00:00+09:00,J3,498,462,960
2019-10-01T19:00:00+09:00,J4,452,352,804
2019-10-01T19:15:00+09:00,J1,440,430,870
2019-10-01T19:15:00+09:00,J2,304,290,594
2019-10-01T19:15:00+09:00,J3,513,455,968
2019-10-01T19:15:00+09:00,J4,437,345,782
2019-10-01T19:30:00+09:00,J1,358,360,718
2019-10-01T19:30:00+09:00,J2,255,273,528
2019-10-01T19:30:00+09:00,J3,433,442,875
2019-10-01T19:30:00+09:00,J4,398,348,746
2019-10-01T19:45:00+09:00,J1,334,352,686
2019-10-01T19:45:00+09:00,J2,228,228,456
2019-10-01T19:45:00+09:00,J3,446,375,821
2019-10-01T19:45:00+09:00,J4,354,274,628
2019-10-01T20:00:00+09:00,J1,390,357,747
2019-10-01T20:00:00+09:00,J2,219,232,451
2019-10-01T20:00:00+09:00,J3,488,380,868
2019-10-01T20:00:00+09:00,J4,493,429,922
2019-10-01T20:15:00+09:00,J1,354,363,717
2019-10-01T20:15:00+09:00,J2,223,225,448
2019-10-01T20:15:00+09:00,J3,428,390,818
2019-10-01T20:15:00+09:00,J4,529,439,968
2019-10-01T20:30:00+09:00,J1,328,344,672
2019-10-01T20:30:00+09:00,J2,224,276,500
2019-10-01T20:30:00+09:00,J3,451,343,794
2019-10-01T20:30:00+09:00,J4,632,558,1190
2019-10-01T20:45:00+09:00,J1,396,361,757
2019-10-01T20:45:00+09:00,J2,222,261,483
2019-10-01T20:45:00+09:00,J3,495,389,884
2019-10-01T20:45:00+09:00,J4,649,615,1264
2019-10-01T21:00:00+09:00,J1,513,510,1023
2019-10-01T21:00:00+09:00,J2,226,236,462
2019-10-01T21:00:00+09:00,J3,450,386,836
2019-10-01T21:00:00+09:00,J4,568,496,1064
2019-10-01T21:15:00+09:00,J1,453,487,940
2019-10-01T21:15:00+09:00,J2,274,298,572
2019-10-01T21:15:00+09:00,J3,422,371,793
2019-10-01T21:15:00+09:00,J4,649,533,1182
2019-10-01T21:30:00+09:00,J1,451,402,853
2019-10-01T21:30:00+09:00,J2,212,225,437
2019-10-01T21:30:00+09:00,J3,386,344,730
2019-10-01T21:30:00+09:00,J4,643,581,1224
2019-10-01T21:45:00+09:00,J1,384,372,756
2019-10-01T21:45:00+09:00,J2,185,244,429
2019-10-01T21:45:00+09:00,J3,412,386,798
2019-10-01T21:45:00+09:00,J4,690,639,1329
2019-10-01T22:00:00+09:00,J1,392,394,786
2019-10-01T22:00:00+09:00,J2,245,217,462
2019-10-01T22:00:00+09:00,J3,420,351,771
2019-10-01T22:00:00+09:00,J4,688,638,1326
2019-10-01T22:15:00+09:00,J1,354,371,725
2019-10-01T22:15:00+09:00,J2,161,198,359
2019-10-01T22:15:00+09:00,J3,326,356,682
2019-10-01T22:15:00+09:00,J4,675,601,1276
2019-10-01T22:30:00+09:00,J1,370,464,834
2019-10-01T22:30:00+09:00,J2,177,210,387
2019-10-01T22:30:00+09:00,J3,425,361,786
2019-10-01T22:30:00+09:00,J4,709,658,1367
2019-10-01T22:45:00+09:00,J1,401,381,782
2019-10-01T22:45:00+09:00,J2,242,202,444
2019-10-01T22:45:00+09:00,J3,469,396,865
2019-10-01T22:45:00+09:00,J4,665,707,1372
2019-10-01T23:00:00+09:00,J1,330,355,685
2019-10-01T23:00:00+09:00,J2,255,135,390
2019-10-01T23:00:00+09:00,J3,409,354,763
2019-10-01T23:00:00+09:00,J4,602,596,1198
2019-10-01T23:15:00+09:00,J1,401,457,858
2019-10-01T23:15:00+09:00,J2,179,143,322
2019-10-01T23:15:00+09:00,J3,341,326,667
2019-10-01T23:15:00+09:00,J4,537,512,1049
2019-10-01T23:30:00+09:00,J1,393,437,830
2019-10-01T23:30:00+09:00,J2,194,151,345
2019-10-01T23:30:00+09:00,J3,315,316,631
2019-10-01T23:30:00+09:00,J4,428,382,810
2019-10-01T23:45:00+09:00,J1,393,336,729
2019-10-01T23:45:00+09:00,J2,184,102,286
2019-10-01T23:45:00+09:00,J3,328,322,650
2019-10-01T23:45:00+09:00,J4,608,544,1152
2019-10-02T00:00:00+09:00,J1,186,181,367
2019-10-02T00:00:00+09:00,J2,167,98,265
2019-10-02T00:00:00+09:00,J3,365,327,692
2019-10-02T00:00:00+09:00,J4,701,721,1422
2019-10-02T00:15:00+09:00,J1,156,130,286
2019-10-02T00:15:00+09:00,J2,173,99,272
2019-10-02T00:15:00+09:00,J3,310,268,578
2019-10-02T00:15:00+09:00,J4,386,367,753
2019-10-02T00:30:00+09:00,J1,192,175,367
2019-10-02T00:30:00+09:00,J2,134,117,251
2019-10-02T00:30:00+09:00,J3,314,320,634
2019-10-02T00:30:00+09:00,J4,339,359,698
2019-10-02T00:45:00+09:00,J1,235,180,415
2019-10-02T00:45:00+09:00,J2,161,90,251
2019-10-02T00:45:00+09:00,J3,326,313,639
2019-10-02T00:45:00+09:00,J4,342,281,623
2019-10-02T05:45:00+09:00,J1,259,219,478
2019-10-02T05:45:00+09:00,J2,184,166,350
2019-10-02T05:45:00+09:00,J3,337,302,639
2019-10-02T05:45:00+09:00,J4,515,504,1019
2019-10-02T06:00:00+09:00,J1,314,305,619
2019-10-02T06:00:00+09:00,J2,173,177,350
2019-10-02T06:00:00+09:00,J3,301,224,525
2019-10-02T06:00:00+09:00,J4,456,465,921
2019-10-02T06:15:00+09:00,J1,379,358,737
2019-10-02T06:15:00+09:00,J2,173,199,372
2019-10-02T06:15:00+09:00,J3,334,268,602
2019-10-02T06:15:00+09:00,J4,532,613,1145
2019-10-02T06:30:00+09:00,J1,435,415,850
2019-10-02T06:30:00+09:00,J2,201,240,441
2019-10-02T06:30:00+09:00,J3,362,270,632
2019-10-02T06:30:00+09:00,J4,540,602,1142
2019-10-02T06:45:00+09:00,J1,395,371,766
2019-10-02T06:45:00+09:00,J2,242,230,472
2019-10-02T06:45:00+09:00,J3,410,347,757
2019-10-02T06:45:00+09:00,J4,572,589,1161
2019-10-02T07:00:00+09:00,J1,403,399,802
2019-10-02T07:00:00+09:00,J2,239,291,530
2019-10-02T07:00:00+09:00,J3,434,422,856
2019-10-02T07:00:00+09:00,J4,590,624,1214
2019-10-02T07:15:00+09:00,J1,414,376,790
2019-10-02T07:15:00+09:00,J2,237,204,441
2019-10-02T07:15:00+09:00,J3,521,462,983
2019-10-02T07:15:00+09:00,J4,556,648,1204
2019-10-02T07:30:00+09:00,J1,401,344,745
2019-10-02T07:30:00+09:00,J2,261,294,555
2019-10-02T07:30:00+09:00,J3,632,725,1357
2019-10-02T07:30:00+09:00,J4,672,694,1366
2019-10-02T07:45:00+09:00,J1,481,391,872
2019-10-02T07:45:00+09:00,J2,363,318,681
2019-10-02T07:45:00+09:00,J3,716,726,1442
2019-10-02T07:45:00+09:00,J4,652,827,1479
2019-10-02T08:00:00+09:00,J1,678,565,1243
2019-10-02T08:00:00+09:00,J2,393,305,698
2019-10-02T08:00:00+09:00,J3,688,740,1428
2019-10-02T08:00:00+09:00,J4,633,977,1610
2019-10-02T08:15:00+09:00,J1,807,501,1308
2019-10-02T08:15:00+09:00,J2,469,336,805
2019-10-02T08:15:00+09:00,J3,763,1027,1790
2019-10-02T08:15:00+09:00,J4,639,1017,1656
2019-10-02T08:30:00+09:00,J1,779,555,1334
2019-10-02T08:30:00+09:00,J2,485,340,825
2019-10-02T08:30:00+09:00,J3,801,1039,1840
2019-10-02T08:30:00+09:00,J4,596,883,1479
2019-10-02T08:45:00+09:00,J1,613,423,1036
2019-10-02T08:45:00+09:00,J2,336,271,607
2019-10-02T08:45:00+09:00,J3,675,917,1592
2019-10-02T08:45:00+09:00,J4,549,776,1325
2019-10-02T09:00:00+09:00,J1,525,478,1003
2019-10-02T09:00:00+09:00,J2,313,252,565
2019-10-02T09:00:00+09:00,J3,621,695,1316
2019-10-02T09:00:00+09:00,J4,420,570,990
2019-10-02T09:15:00+09:00,J1,475,371,846
2019-10-02T09:15:00+09:00,J2,370,247,617
2019-10-02T09:15:00+09:00,J3,625,548,1173
2019-10-02T09:15:00+09:00,J4,386,533,919
2019-10-02T09:30:00+09:00,J1,473,355,828
2019-10-02T09:30:00+09:00,J2,351,167,518
2019-10-02T09:30:00+09:00,J3,601,636,1237
2019-10-02T09:30:00+09:00,J4,351,498,849
2019-10-02T09:45:00+09:00,J1,409,310,719
2019-10-02T09:45:00+09:00,J2,338,191,529
2019-10-02T09:45:00+09:00,J3,578,634,1212
2019-10-02T09:45:00+09:00,J4,321,416,737
2019-10-02T10:00:00+09:00,J1,388,301,689
2019-10-02T10:00:00+09:00,J2,292,185,477
2019-10-02T10:00:00+09:00,J3,509,528,1037
2019-10-02T10:00:00+09:00,J4,351,380,731
2019-10-02T10:15:00+09:00,J1,380,262,642
2019-10-02T10:15:00+09:00,J2,309,296,605
2019-10-02T10:15:00+09:00,J3,645,592,1237
2019-10-02T10:15:00+09:00,J4,324,351,675
2019-10-02T10:30:00+09:00,J1,418,322,740
2019-10-02T10:30:00+09:00,J2,294,312,606
2019-10-02T10:30:00+09:00,J3,510,523,1033
2019-10-02T10:30:00+09:00,J4,339,310,649
2019-10-02T10:45:00+09:00,J1,450,331,781
2019-10-02T10:45:00+09:00,J2,341,300,641
2019-10-02T10:45:00+09:00,J3,420,516,936
2019-10-02T10:45:00+09:00,J4,347,328,675
2019-10-02T11:00:00+09:00,J1,424,314,738
2019-10-02T11:00:00+09:00,J2,290,266,556
2019-10-02T11:00:00+09:00,J3,430,506,936
2019-10-02T11:00:00+09:00,J4,380,327,707
2019-10-02T11:15:00+09:00,J1,483,411,894
2019-10-02T11:15:00+09:00,J2,325,234,559
2019-10-02T11:15:00+09:00,J3,432,456,888
2019-10-02T11:15:00+09:00,J4,479,477,956
2019-10-02T11:30:00+09:00,J1,408,310,718
2019-10-02T11:30:00+09:00,J2,334,261,595
2019-10-02T11:30:00+09:00,J3,289,372,661
2019-10-02T11:30:00+09:00,J4,544,428,972
2019-10-02T11:45:00+09:00,J1,405,294,699
2019-10-02T11:45:00+09:00,J2,317,245,562
2019-10-02T11:45:00+09:00,J3,370,389,759
2019-10-02T11:45:00+09:00,J4,573,507,1080
2019-10-02T12:00:00+09:00,J1,393,291,684
2019-10-02T12:00:00+09:00,J2,325,243,568
2019-10-02T12:00:00+09:00,J3,427,447,874
2019-10-02T12:00:00+09:00,J4,605,546,1151
2019-10-02T12:15:00+09:00,J1,384,264,648
2019-10-02T12:15:00+09:00,J2,259,228,487
2019-10-02T12:15:00+09:00,J3,432,524,956
2019-10-02T12:15:00+09:00,J4,604,607,1211
2019-10-02T12:30:00+09:00,J1,393,241,634
2019-10-02T12:30:00+09:00,J2,326,274,600
2019-10-02T12:30:00+09:00,J3,526,470,996
2019-10-02T12:30:00+09:00,J4,630,608,1238
2019-10-02T12:45:00+09:00,J1,364,268,632
2019-10-02T12:45:00+09:00,J2,256,263,519
2019-10-02T12:45:00+09:00,J3,503,464,967
2019-10-02T12:45:00+09:00,J4,624,587,1211
2019-10-02T13:00:00+09:00,J1,329,268,597
2019-10-02T13:00:00+09:00,J2,283,274,557
2019-10-02T13:00:00+09:00,J3,494,483,977
2019-10-02T13:00:00+09:00,J4,640,536,1176
2019-10-02T13:15:00+09:00,J1,291,258,549
2019-10-02T13:15:00+09:00,J2,241,283,524
2019-10-02T13:15:00+09:00,J3,451,428,879
2019-10-02T13:15:00+09:00,J4,618,607,1225
2019-10-02T13:30:00+09:00,J1,322,237,559
2019-10-02T13:30:00+09:00,J2,258,253,511
2019-10-02T13:30:00+09:00,J3,496,433,929
2019-10-02T13:30:00+09:00,J4,632,608,1240
2019-10-02T13:45:00+09:00,J1,296,232,528
2019-10-02T13:45:00+09:00,J2,256,285,541
2019-10-02T13:45:00+09:00,J3,468,432,900
2019-10-02T13:45:00+09:00,J4,550,494,1044
2019-10-02T14:00:00+09:00,J1,297,233,530
2019-10-02T14:00:00+09:00,J2,252,266,518
2019-10-02T14:00:00+09:00,J3,447,393,840
2019-10-02T14:00:00+09:00,J4,527,484,1011
2019-10-02T14:15:00+09:00,J1,319,251,570
2019-10-02T14:15:00+09:00,J2,340,312,652
2019-10-02T14:15:00+09:00,J3,458,410,868
2019-10-02T14:15:00+09:00,J4,591,474,1065
2019-10-02T14:30:00+09:00,J1,348,256,604
2019-10-02T14:30:00+09:00,J2,305,284,589
2019-10-02T14:30:00+09:00,J3,475,420,895
2019-10-02T14:30:00+09:00,J4,627,508,1135
2019-10-02T14:45:00+09:00,J1,342,263,605
2019-10-02T14:45:00+09:00,J2,298,276,574
2019-10-02T14:45:00+09:00,J3,481,373,854
2019-10-02T14:45:00+09:00,J4,590,588,1178
2019-10-02T15:00:00+09:00,J1,413,349,762
2019-10-02T15:00:00+09:00,J2,261,279,540
2019-10-02T15:00:00+09:00,J3,510,437,947
2019-10-02T15:00:00+09:00,J4,556,529,1085
2019-10-02T15:15:00+09:00,J1,384,406,790
2019-10-02T15:15:00+09:00,J2,288,243,531
2019-10-02T15:15:00+09:00,J3,558,466,1024
2019-10-02T15:15:00+09:00,J4,568,589,1157
2019-10-02T15:30:00+09:00,J1,429,356,785
2019-10-02T15:30:00+09:00,J2,248,218,466
2019-10-02T15:30:00+09:00,J3,455,468,923
2019-10-02T15:30:00+09:00,J4,625,563,1188
2019-10-02T15:45:00+09:00,J1,388,350,738
2019-10-02T15:45:00+09:00,J2,278,260,538
2019-10-02T15:45:00+09:00,J3,432,403,835
2019-10-02T15:45:00+09:00,J4,643,581,1224
2019-10-02T16:00:00+09:00,J1,325,273,598
2019-10-02T16:00:00+09:00,J2,246,233,479
2019-10-02T16:00:00+09:00,J3,409,426,835
2019-10-02T16:00:00+09:00,J4,591,540,1131
2019-10-02T16:15:00+09:00,J1,314,274,588
2019-10-02T16:15:00+09:00,J2,260,242,502
2019-10-02T16:15:00+09:00,J3,442,396,838
2019-10-02T16:15:00+09:00,J4,599,474,1073
2019-10-02T16:30:00+09:00,J1,355,300,655
2019-10-02T16:30:00+09:00,J2,271,265,536
2019-10-02T16:30:00+09:00,J3,374,462,836
2019-10-02T16:30:00+09:00,J4,608,521,1129
2019-10-02T16:45:00+09:00,J1,349,284,633
2019-10-02T16:45:00+09:00,J2,293,242,535
2019-10-02T16:45:00+09:00,J3,404,468,872
2019-10-02T16:45:00+09:00,J4,571,561,1132
2019-10-02T17:00:00+09:00,J1,436,412,848
2019-10-02T17:00:00+09:00,J2,305,273,578
2019-10-02T17:00:00+09:00,J3,523,544,1067
2019-10-02T17:00:00+09:00,J4,653,544,1197
2019-10-02T17:15:00+09:00,J1,482,399,881
2019-10-02T17:15:00+09:00,J2,311,316,627
2019-10-02T17:15:00+09:00,J3,615,564,1179
2019-10-02T17:15:00+09:00,J4,706,585,1291
2019-10-02T17:30:00+09:00,J1,498,418,916
2019-10-02T17:30:00+09:00,J2,307,360,667
2019-10-02T17:30:00+09:00,J3,681,630,1311
2019-10-02T17:30:00+09:00,J4,820,607,1427
2019-10-02T17:45:00+09:00,J1,550,480,1030
2019-10-02T17:45:00+09:00,J2,337,338,675
2019-10-02T17:45:00+09:00,J3,718,556,1274
2019-10-02T17:45:00+09:00,J4,824,665,1489
2019-10-02T18:00:00+09:00,J1,546,526,1072
2019-10-02T18:00:00+09:00,J2,378,339,717
2019-10-02T18:00:00+09:00,J3,775,587,1362
2019-10-02T18:00:00+09:00,J4,842,585,1427
2019-10-02T18:15:00+09:00,J1,602,450,1052
2019-10-02T18:15:00+09:00,J2,398,349,747
2019-10-02T18:15:00+09:00,J3,728,570,1298
2019-10-02T18:15:00+09:00,J4,896,578,1474
2019-10-02T18:30:00+09:00,J1,501,405,906
2019-10-02T18:30:00+09:00,J2,359,328,687
2019-10-02T18:30:00+09:00,J3,646,492,1138
2019-10-02T18:30:00+09:00,J4,801,567,1368
2019-10-02T18:45:00+09:00,J1,432,357,789
2019-10-02T18:45:00+09:00,J2,278,285,563
2019-10-02T18:45:00+09:00,J3,520,452,972
2019-10-02T18:45:00+09:00,J4,662,584,1246
2019-10-02T19:00:00+09:00,J1,410,313,723
2019-10-02T19:00:00+09:00,J2,262,227,489
2019-10-02T19:00:00+09:00,J3,482,456,938
2019-10-02T19:00:00+09:00,J4,639,511,1150
2019-10-02T19:15:00+09:00,J1,416,296,712
2019-10-02T19:15:00+09:00,J2,247,259,506
2019-10-02T19:15:00+09:00,J3,529,422,951
2019-10-02T19:15:00+09:00,J4,665,566,1231
2019-10-02T19:30:00+09:00,J1,342,299,641
2019-10-02T19:30:00+09:00,J2,209,189,398
2019-10-02T19:30:00+09:00,J3,423,358,781
2019-10-02T19:30:00+09:00,J4,599,466,1065
2019-10-02T19:45:00+09:00,J1,352,335,687
2019-10-02T19:45:00+09:00,J2,234,198,432
2019-10-02T19:45:00+09:00,J3,428,376,804
2019-10-02T19:45:00+09:00,J4,597,409,1006
2019-10-02T20:00:00+09:00,J1,365,342,707
2019-10-02T20:00:00+09:00,J2,200,209,409
2019-10-02T20:00:00+09:00,J3,401,322,723
2019-10-02T20:00:00+09:00,J4,590,437,1027
2019-10-02T20:15:00+09:00,J1,387,340,727
2019-10-02T20:15:00+09:00,J2,199,151,350
2019-10-02T20:15:00+09:00,J3,388,332,720
2019-10-02T20:15:00+09:00,J4,534,385,919
2019-10-02T20:30:00+09:00,J1,408,350,758
2019-10-02T20:30:00+09:00,J2,245,213,458
2019-10-02T20:30:00+09:00,J3,397,307,704
2019-10-02T20:30:00+09:00,J4,552,383,935
2019-10-02T20:45:00+09:00,J1,332,339,671
2019-10-02T20:45:00+09:00,J2,241,172,413
2019-10-02T20:45:00+09:00,J3,380,335,715
2019-10-02T20:45:00+09:00,J4,487,410,897
2019-10-02T21:00:00+09:00,J1,383,345,728
2019-10-02T21:00:00+09:00,J2,281,199,480
2019-10-02T21:00:00+09:00,J3,464,411,875
2019-10-02T21:00:00+09:00,J4,385,359,744
2019-10-02T21:15:00+09:00,J1,379,357,736
2019-10-02T21:15:00+09:00,J2,258,229,487
2019-10-02T21:15:00+09:00,J3,497,451,948
2019-10-02T21:15:00+09:00,J4,466,364,830
2019-10-02T21:30:00+09:00,J1,349,311,660
2019-10-02T21:30:00+09:00,J2,263,200,463
2019-10-02T21:30:00+09:00,J3,438,372,810
2019-10-02T21:30:00+09:00,J4,505,437,942
2019-10-02T21:45:00+09:00,J1,384,355,739
2019-10-02T21:45:00+09:00,J2,219,199,418
2019-10-02T21:45:00+09:00,J3,481,463,944
2019-10-02T21:45:00+09:00,J4,422,382,804
2019-10-02T22:00:00+09:00,J1,305,354,659
2019-10-02T22:00:00+09:00,J2,219,252,471
2019-10-02T22:00:00+09:00,J3,539,517,1056
2019-10-02T22:00:00+09:00,J4,527,435,962
2019-10-02T22:15:00+09:00,J1,344,290,634
2019-10-02T22:15:00+09:00,J2,196,227,423
2019-10-02T22:15:00+09:00,J3,481,466,947
2019-10-02T22:15:00+09:00,J4,579,584,1163
2019-10-02T22:30:00+09:00,J1,315,299,614
2019-10-02T22:30:00+09:00,J2,195,225,420
2019-10-02T22:30:00+09:00,J3,437,420,857
2019-10-02T22:30:00+09:00,J4,624,564,1188
2019-10-02T22:45:00+09:00,J1,323,308,631
2019-10-02T22:45:00+09:00,J2,218,218,436
2019-10-02T22:45:00+09:00,J3,482,415,897
2019-10-02T22:45:00+09:00,J4,645,692,1337
2019-10-02T23:00:00+09:00,J1,282,248,530
2019-10-02T23:00:00+09:00,J2,252,193,445
2019-10-02T23:00:00+09:00,J3,466,405,871
2019-10-02T23:00:00+09:00,J4,607,580,1187
2019-10-02T23:15:00+09:00,J1,307,271,578
2019-10-02T23:15:00+09:00,J2,204,161,365
2019-10-02T23:15:00+09:00,J3,506,458,964
2019-10-02T23:15:00+09:00,J4,466,480,946
2019-10-02T23:30:00+09:00,J1,283,311,594
2019-10-02T23:30:00+09:00,J2,204,177,381
2019-10-02T23:30:00+09:00,J3,398,410,808
2019-10-02T23:30:00+09:00,J4,408,418,826
2019-10-02T23:45:00+09:00,J1,276,270,546
2019-10-02T23:45:00+09:00,J2,190,161,351
2019-10-02T23:45:00+09:00,J3,359,336,695
2019-10-02T23:45:00+09:00,J4,352,405,757
2019-10-03T00:00:00+09:00,J1,250,292,542
2019-10-03T00:00:00+09:00,J2,194,154,348
2019-10-03T00:00:00+09:00,J3,347,297,644
2019-10-03T00:00:00+09:00,J4,470,546,1016
2019-10-03T00:15:00+09:00,J1,188,195,383
2019-10-03T00:15:00+09:00,J2,214,149,363
2019-10-03T00:15:00+09:00,J3,316,312,628
2019-10-03T00:15:00+09:00,J4,193,203,396
2019-10-03T00:30:00+09:00,J1,199,138,337
2019-10-03T00:30:00+09:00,J2,137,120,257
2019-10-03T00:30:00+09:00,J3,284,202,486
2019-10-03T00:30:00+09:00,J4,148,174,322
2019-10-03T00:45:00+09:00,J1,179,144,323
2019-10-03T00:45:00+09:00,J2,202,138,340
2019-10-03T00:45:00+09:00,J3,308,261,569
2019-10-03T00:45:00+09:00,J4,143,146,289
2019-10-03T05:45:00+09:00,J1,216,179,395
2019-10-03T05:45:00+09:00,J2,176,185,361
2019-10-03T05:45:00+09:00,J3,312,265,577
2019-10-03T05:45:00+09:00,J4,319,293,612
2019-10-03T06:00:00+09:00,J1,242,263,505
2019-10-03T06:00:00+09:00,J2,176,206,382
2019-10-03T06:00:00+09:00,J3,355,280,635
2019-10-03T06:00:00+09:00,J4,323,350,673
2019-10-03T06:15:00+09:00,J1,277,244,521
2019-10-03T06:15:00+09:00,J2,161,196,357
2019-10-03T06:15:00+09:00,J3,425,372,797
2019-10-03T06:15:00+09:00,J4,284,316,600
2019-10-03T06:30:00+09:00,J1,323,251,574
2019-10-03T06:30:00+09:00,J2,206,218,424
2019-10-03T06:30:00+09:00,J3,514,350,864
2019-10-03T06:30:00+09:00,J4,315,292,607
2019-10-03T06:45:00+09:00,J1,333,305,638
2019-10-03T06:45:00+09:00,J2,191,183,374
2019-10-03T06:45:00+09:00,J3,463,424,887
2019-10-03T06:45:00+09:00,J4,361,400,761
2019-10-03T07:00:00+09:00,J1,345,308,653
2019-10-03T07:00:00+09:00,J2,188,261,449
2019-10-03T07:00:00+09:00,J3,433,382,815
2019-10-03T07:00:00+09:00,J4,428,452,880
2019-10-03T07:15:00+09:00,J1,347,269,616
2019-10-03T07:15:00+09:00,J2,254,231,485
2019-10-03T07:15:00+09:00,J3,528,549,1077
2019-10-03T07:15:00+09:00,J4,549,560,1109
2019-10-03T07:30:00+09:00,J1,382,324,706
2019-10-03T07:30:00+09:00,J2,294,201,495
2019-10-03T07:30:00+09:00,J3,541,679,1220
2019-10-03T07:30:00+09:00,J4,465,607,1072
2019-10-03T07:45:00+09:00,J1,521,345,866
2019-10-03T07:45:00+09:00,J2,372,182,554
2019-10-03T07:45:00+09:00,J3,671,680,1351
2019-10-03T07:45:00+09:00,J4,384,615,999
2019-10-03T08:00:00+09:00,J1,724,575,1299
2019-10-03T08:00:00+09:00,J2,401,267,668
2019-10-03T08:00:00+09:00,J3,761,758,1519
2019-10-03T08:00:00+09:00,J4,490,791,1281
2019-10-03T08:15:00+09:00,J1,780,577,1357
2019-10-03T08:15:00+09:00,J2,445,361,806
2019-10-03T08:15:00+09:00,J3,745,908,1653
2019-10-03T08:15:00+09:00,J4,521,855,1376
2019-10-03T08:30:00+09:00,J1,783,551,1334
2019-10-03T08:30:00+09:00,J2,420,327,747
2019-10-03T08:30:00+09:00,J3,611,993,1604
2019-10-03T08:30:00+09:00,J4,490,823,1313
2019-10-03T08:45:00+09:00,J1,598,455,1053
2019-10-03T08:45:00+09:00,J2,389,359,748
2019-10-03T08:45:00+09:00,J3,534,721,1255
2019-10-03T08:45:00+09:00,J4,430,702,1132
2019-10-03T09:00:00+09:00,J1,501,381,882
2019-10-03T09:00:00+09:00,J2,324,312,636
2019-10-03T09:00:00+09:00,J3,458,501,959
2019-10-03T09:00:00+09:00,J4,412,514,926
2019-10-03T09:15:00+09:00,J1,454,324,778
2019-10-03T09:15:00+09:00,J2,317,315,632
2019-10-03T09:15:00+09:00,J3,401,448,849
2019-10-03T09:15:00+09:00,J4,404,534,938
2019-10-03T09:30:00+09:00,J1,438,349,787
2019-10-03T09:30:00+09:00,J2,260,244,504
2019-10-03T09:30:00+09:00,J3,339,469,808
2019-10-03T09:30:00+09:00,J4,392,492,884
2019-10-03T09:45:00+09:00,J1,367,303,670
2019-10-03T09:45:00+09:00,J2,285,244,529
2019-10-03T09:45:00+09:00,J3,351,356,707
2019-10-03T09:45:00+09:00,J4,320,350,670
2019-10-03T10:00:00+09:00,J1,282,225,507
2019-10-03T10:00:00+09:00,J2,239,207,446
2019-10-03T10:00:00+09:00,J3,263,314,577
2019-10-03T10:00:00+09:00,J4,325,349,674
2019-10-03T10:15:00+09:00,J1,344,266,610
2019-10-03T10:15:00+09:00,J2,279,217,496
2019-10-03T10:15:00+09:00,J3,325,368,693
2019-10-03T10:15:00+09:00,J4,316,369,685
2019-10-03T10:30:00+09:00,J1,357,232,589
2019-10-03T10:30:00+09:00,J2,323,282,605
2019-10-03T10:30:00+09:00,J3,430,402,832
2019-10-03T10:30:00+09:00,J4,322,360,682
2019-10-03T10:45:00+09:00,J1,308,231,539
2019-10-03T10:45:00+09:00,J2,313,211,524
2019-10-03T10:45:00+09:00,J3,382,419,801
2019-10-03T10:45:00+09:00,J4,348,323,671
2019-10-03T11:00:00+09:00,J1,286,201,487
2019-10-03T11:00:00+09:00,J2,267,223,490
2019-10-03T11:00:00+09:00,J3,368,362,730
2019-10-03T11:00:00+09:00,J4,391,304,695
2019-10-03T11:15:00+09:00,J1,381,298,679
2019-10-03T11:15:00+09:00,J2,262,215,477
2019-10-03T11:15:00+09:00,J3,394,382,776
2019-10-03T11:15:00+09:00,J4,367,344,711
2019-10-03T11:30:00+09:00,J1,392,312,704
2019-10-03T11:30:00+09:00,J2,265,195,460
2019-10-03T11:30:00+09:00,J3,387,373,760
2019-10-03T11:30:00+09:00,J4,460,445,905
2019-10-03T11:45:00+09:00,J1,409,336,745
2019-10-03T11:45:00+09:00,J2,248,190,438
2019-10-03T11:45:00+09:00,J3,401,460,861
2019-10-03T11:45:00+09:00,J4,399,343,742
2019-10-03T12:00:00+09:00,J1,421,391,812
2019-10-03T12:00:00+09:00,J2,232,232,464
2019-10-03T12:00:00+09:00,J3,469,487,956
2019-10-03T12:00:00+09:00,J4,378,363,741
2019-10-03T12:15:00+09:00,J1,382,303,685
2019-10-03T12:15:00+09:00,J2,246,224,470
2019-10-03T12:15:00+09:00,J3,421,485,906
2019-10-03T12:15:00+09:00,J4,415,357,772
2019-10-03T12:30:00+09:00,J1,422,330,752
2019-10-03T12:30:00+09:00,J2,240,237,477
2019-10-03T12:30:00+09:00,J3,475,500,975
2019-10-03T12:30:00+09:00,J4,494,443,937
2019-10-03T12:45:00+09:00,J1,426,349,775
2019-10-03T12:45:00+09:00,J2,229,252,481
2019-10-03T12:45:00+09:00,J3,453,526,979
2019-10-03T12:45:00+09:00,J4,359,366,725
2019-10-03T13:00:00+09:00,J1,472,342,814
2019-10-03T13:00:00+09:00,J2,245,275,520
2019-10-03T13:00:00+09:00,J3,434,485,919
2019-10-03T13:00:00+09:00,J4,404,317,721
2019-10-03T13:15:00+09:00,J1,412,370,782
2019-10-03T13:15:00+09:00,J2,257,254,511
2019-10-03T13:15:00+09:00,J3,402,507,909
2019-10-03T13:15:00+09:00,J4,418,350,768
2019-10-03T13:30:00+09:00,J1,399,323,722
2019-10-03T13:30:00+09:00,J2,274,258,532
2019-10-03T13:30:00+09:00,J3,411,441,852
2019-10-03T13:30:00+09:00,J4,378,332,710
2019-10-03T13:45:00+09:00,J1,391,300,691
2019-10-03T13:45:00+09:00,J2,221,239,460
2019-10-03T13:45:00+09:00,J3,391,430,821
2019-10-03T13:45:00+09:00,J4,390,374,764
2019-10-03T14:00:00+09:00,J1,380,287,667
2019-10-03T14:00:00+09:00,J2,256,274,530
2019-10-03T14:00:00+09:00,J3,427,432,859
2019-10-03T14:00:00+09:00,J4,360,339,699
2019-10-03T14:15:00+09:00,J1,318,282,600
2019-10-03T14:15:00+09:00,J2,221,251,472
2019-10-03T14:15:00+09:00,J3,396,379,775
2019-10-03T14:15:00+09:00,J4,404,335,739
2019-10-03T14:30:00+09:00,J1,384,339,723
2019-10-03T14:30:00+09:00,J2,271,229,500
2019-10-03T14:30:00+09:00,J3,433,447,880
2019-10-03T14:30:00+09:00,J4,359,307,666
2019-10-03T14:45:00+09:00,J1,415,328,743
2019-10-03T14:45:00+09:00,J2,280,238,518
2019-10-03T14:45:00+09:00,J3,411,411,822
2019-10-03T14:45:00+09:00,J4,409,334,743
2019-10-03T15:00:00+09:00,J1,408,342,750
2019-10-03T15:00:00+09:00,J2,259,248,507
2019-10-03T15:00:00+09:00,J3,436,476,912
2019-10-03T15:00:00+09:00,J4,415,346,761
2019-10-03T15:15:00+09:00,J1,380,284,664
2019-10-03T15:15:00+09:00,J2,231,247,478
2019-10-03T15:15:00+09:00,J3,443,449,892
2019-10-03T15:15:00+09:00,J4,394,305,699
2019-10-03T15:30:00+09:00,J1,422,370,792
2019-10-03T15:30:00+09:00,J2,243,222,465
2019-10-03T15:30:00+09:00,J3,485,476,961
2019-10-03T15:30:00+09:00,J4,403,337,740
2019-10-03T15:45:00+09:00,J1,361,311,672
2019-10-03T15:45:00+09:00,J2,241,241,482
2019-10-03T15:45:00+09:00,J3,402,504,906
2019-10-03T15:45:00+09:00,J4,424,326,750
2019-10-03T16:00:00+09:00,J1,357,335,692
2019-10-03T16:00:00+09:00,J2,247,247,494
2019-10-03T16:00:00+09:00,J3,475,514,989
2019-10-03T16:00:00+09:00,J4,456,338,794
2019-10-03T16:15:00+09:00,J1,408,311,719
2019-10-03T16:15:00+09:00,J2,287,285,572
2019-10-03T16:15:00+09:00,J3,498,483,981
2019-10-03T16:15:00+09:00,J4,482,404,886
2019-10-03T16:30:00+09:00,J1,352,294,646
2019-10-03T16:30:00+09:00,J2,325,291,616
2019-10-03T16:30:00+09:00,J3,440,469,909
2019-10-03T16:30:00+09:00,J4,528,408,936
2019-10-03T16:45:00+09:00,J1,378,307,685
2019-10-03T16:45:00+09:00,J2,270,265,535
2019-10-03T16:45:00+09:00,J3,466,490,956
2019-10-03T16:45:00+09:00,J4,514,406,920
2019-10-03T17:00:00+09:00,J1,468,395,863
2019-10-03T17:00:00+09:00,J2,261,285,546
2019-10-03T17:00:00+09:00,J3,607,577,1184
2019-10-03T17:00:00+09:00,J4,625,594,1219
2019-10-03T17:15:00+09:00,J1,492,356,848
2019-10-03T17:15:00+09:00,J2,310,312,622
2019-10-03T17:15:00+09:00,J3,612,575,1187
2019-10-03T17:15:00+09:00,J4,674,546,1220
2019-10-03T17:30:00+09:00,J1,579,454,1033
2019-10-03T17:30:00+09:00,J2,371,347,718
2019-10-03T17:30:00+09:00,J3,725,544,1269
2019-10-03T17:30:00+09:00,J4,782,522,1304
2019-10-03T17:45:00+09:00,J1,524,506,1030
2019-10-03T17:45:00+09:00,J2,354,319,673
2019-10-03T17:45:00+09:00,J3,738,547,1285
2019-10-03T17:45:00+09:00,J4,817,569,1386
2019-10-03T18:00:00+09:00,J1,544,508,1052
2019-10-03T18:00:00+09:00,J2,346,315,661
2019-10-03T18:00:00+09:00,J3,832,599,1431
2019-10-03T18:00:00+09:00,J4,847,547,1394
2019-10-03T18:15:00+09:00,J1,549,415,964
2019-10-03T18:15:00+09:00,J2,380,326,706
2019-10-03T18:15:00+09:00,J3,748,521,1269
2019-10-03T18:15:00+09:00,J4,870,636,1506
2019-10-03T18:30:00+09:00,J1,415,339,754
2019-10-03T18:30:00+09:00,J2,301,286,587
2019-10-03T18:30:00+09:00,J3,704,501,1205
2019-10-03T18:30:00+09:00,J4,719,602,1321
2019-10-03T18:45:00+09:00,J1,394,343,737
2019-10-03T18:45:00+09:00,J2,314,250,564
2019-10-03T18:45:00+09:00,J3,619,514,1133
2019-10-03T18:45:00+09:00,J4,704,468,1172
2019-10-03T19:00:00+09:00,J1,343,325,668
2019-10-03T19:00:00+09:00,J2,281,220,501
2019-10-03T19:00:00+09:00,J3,496,414,910
2019-10-03T19:00:00+09:00,J4,735,537,1272
2019-10-03T19:15:00+09:00,J1,396,353,749
2019-10-03T19:15:00+09:00,J2,267,241,508
2019-10-03T19:15:00+09:00,J3,443,416,859
2019-10-03T19:15:00+09:00,J4,754,480,1234
2019-10-03T19:30:00+09:00,J1,350,340,690
2019-10-03T19:30:00+09:00,J2,212,217,429
2019-10-03T19:30:00+09:00,J3,417,384,801
2019-10-03T19:30:00+09:00,J4,725,597,1322
2019-10-03T19:45:00+09:00,J1,366,352,718
2019-10-03T19:45:00+09:00,J2,236,205,441
2019-10-03T19:45:00+09:00,J3,421,378,799
2019-10-03T19:45:00+09:00,J4,554,372,926
2019-10-03T20:00:00+09:00,J1,334,264,598
2019-10-03T20:00:00+09:00,J2,235,163,398
2019-10-03T20:00:00+09:00,J3,420,329,749
2019-10-03T20:00:00+09:00,J4,427,326,753
2019-10-03T20:15:00+09:00,J1,333,322,655
2019-10-03T20:15:00+09:00,J2,234,228,462
2019-10-03T20:15:00+09:00,J3,384,310,694
2019-10-03T20:15:00+09:00,J4,495,338,833
2019-10-03T20:30:00+09:00,J1,315,337,652
2019-10-03T20:30:00+09:00,J2,226,212,438
2019-10-03T20:30:00+09:00,J3,366,317,683
2019-10-03T20:30:00+09:00,J4,568,393,961
2019-10-03T20:45:00+09:00,J1,354,326,680
2019-10-03T20:45:00+09:00,J2,236,240,476
2019-10-03T20:45:00+09:00,J3,390,331,721
2019-10-03T20:45:00+09:00,J4,580,383,963
2019-10-03T21:00:00+09:00,J1,332,351,683
2019-10-03T21:00:00+09:00,J2,203,245,448
2019-10-03T21:00:00+09:00,J3,380,325,705
2019-10-03T21:00:00+09:00,J4,677,440,1117
2019-10-03T21:15:00+09:00,J1,310,367,677
2019-10-03T21:15:00+09:00,J2,236,237,473
2019-10-03T21:15:00+09:00,J3,331,274,605
2019-10-03T21:15:00+09:00,J4,639,521,1160
2019-10-03T21:30:00+09:00,J1,302,279,581
2019-10-03T21:30:00+09:00,J2,258,267,525
2019-10-03T21:30:00+09:00,J3,310,343,653
2019-10-03T21:30:00+09:00,J4,640,561,1201
2019-10-03T21:45:00+09:00,J1,299,270,569
2019-10-03T21:45:00+09:00,J2,254,232,486
2019-10-03T21:45:00+09:00,J3,308,271,579
2019-10-03T21:45:00+09:00,J4,639,578,1217
2019-10-03T22:00:00+09:00,J1,290,278,568
2019-10-03T22:00:00+09:00,J2,269,224,493
2019-10-03T22:00:00+09:00,J3,350,298,648
2019-10-03T22:00:00+09:00,J4,564,422,986
2019-10-03T22:15:00+09:00,J1,252,263,515
2019-10-03T22:15:00+09:00,J2,240,244,484
2019-10-03T22:15:00+09:00,J3,327,284,611
2019-10-03T22:15:00+09:00,J4,528,357,885
2019-10-03T22:30:00+09:00,J1,202,210,412
2019-10-03T22:30:00+09:00,J2,253,263,516
2019-10-03T22:30:00+09:00,J3,286,271,557
2019-10-03T22:30:00+09:00,J4,476,363,839
2019-10-03T22:45:00+09:00,J1,207,227,434
2019-10-03T22:45:00+09:00,J2,214,185,399
2019-10-03T22:45:00+09:00,J3,305,261,566
2019-10-03T22:45:00+09:00,J4,362,371,733
2019-10-03T23:00:00+09:00,J1,183,250,433
2019-10-03T23:00:00+09:00,J2,220,269,489
2019-10-03T23:00:00+09:00,J3,284,280,564
2019-10-03T23:00:00+09:00,J4,344,308,652
2019-10-03T23:15:00+09:00,J1,193,216,409
2019-10-03T23:15:00+09:00,J2,202,227,429
2019-10-03T23:15:00+09:00,J3,328,309,637
2019-10-03T23:15:00+09:00,J4,404,287,691
2019-10-03T23:30:00+09:00,J1,231,229,460
2019-10-03T23:30:00+09:00,J2,215,239,454
2019-10-03T23:30:00+09:00,J3,295,276,571
2019-10-03T23:30:00+09:00,J4,416,326,742
2019-10-03T23:45:00+09:00,J1,219,222,441
2019-10-03T23:45:00+09:00,J2,238,231,469
2019-10-03T23:45:00+09:00,J3,271,261,532
2019-10-03T23:45:00+09:00,J4,361,303,664
2019-10-04T00:00:00+09:00,J1,168,164,332
2019-10-04T00:00:00+09:00,J2,187,204,391
2019-10-04T00:00:00+09:00,J3,243,241,484
2019-10-04T00:00:00+09:00,J4,430,346,776
2019-10-04T00:15:00+09:00,J1,125,138,263
2019-10-04T00:15:00+09:00,J2,166,220,386
2019-10-04T00:15:00+09:00,J3,311,292,603
2019-10-04T00:15:00+09:00,J4,261,216,477
2019-10-04T00:30:00+09:00,J1,133,132,265
2019-10-04T00:30:00+09:00,J2,221,213,434
2019-10-04T00:30:00+09:00,J3,277,260,537
2019-10-04T00:30:00+09:00,J4,145,162,307
2019-10-04T00:45:00+09:00,J1,120,150,270
2019-10-04T00:45:00+09:00,J2,222,186,408
2019-10-04T00:45:00+09:00,J3,273,288,561
2019-10-04T00:45:00+09:00,J4,179,204,383
2019-10-04T05:45:00+09:00,J1,182,144,326
2019-10-04T05:45:00+09:00,J2,152,161,313
2019-10-04T05:45:00+09:00,J3,361,314,675
2019-10-04T05:45:00+09:00,J4,211,207,418
2019-10-04T06:00:00+09:00,J1,248,232,480
2019-10-04T06:00:00+09:00,J2,154,135,289
2019-10-04T06:00:00+09:00,J3,400,333,733
2019-10-04T06:00:00+09:00,J4,204,227,431
2019-10-04T06:15:00+09:00,J1,349,283,632
2019-10-04T06:15:00+09:00,J2,160,149,309
2019-10-04T06:15:00+09:00,J3,401,404,805
2019-10-04T06:15:00+09:00,J4,308,300,608
2019-10-04T06:30:00+09:00,J1,321,291,612
2019-10-04T06:30:00+09:00,J2,170,177,347
2019-10-04T06:30:00+09:00,J3,417,370,787
2019-10-04T06:30:00+09:00,J4,303,355,658
2019-10-04T06:45:00+09:00,J1,384,355,739
2019-10-04T06:45:00+09:00,J2,231,172,403
2019-10-04T06:45:00+09:00,J3,460,400,860
2019-10-04T06:45:00+09:00,J4,231,342,573
2019-10-04T07:00:00+09:00,J1,412,407,819
2019-10-04T07:00:00+09:00,J2,241,201,442
2019-10-04T07:00:00+09:00,J3,508,453,961
2019-10-04T07:00:00+09:00,J4,505,578,1083
2019-10-04T07:15:00+09:00,J1,510,369,879
2019-10-04T07:15:00+09:00,J2,312,189,501
2019-10-04T07:15:00+09:00,J3,558,475,1033
2019-10-04T07:15:00+09:00,J4,510,576,1086
2019-10-04T07:30:00+09:00,J1,483,456,939
2019-10-04T07:30:00+09:00,J2,298,237,535
2019-10-04T07:30:00+09:00,J3,714,751,1465
2019-10-04T07:30:00+09:00,J4,477,632,1109
2019-10-04T07:45:00+09:00,J1,621,449,1070
2019-10-04T07:45:00+09:00,J2,372,284,656
2019-10-04T07:45:00+09:00,J3,815,803,1618
2019-10-04T07:45:00+09:00,J4,377,615,992
2019-10-04T08:00:00+09:00,J1,817,665,1482
2019-10-04T08:00:00+09:00,J2,448,374,822
2019-10-04T08:00:00+09:00,J3,736,950,1686
2019-10-04T08:00:00+09:00,J4,517,802,1319
2019-10-04T08:15:00+09:00,J1,816,636,1452
2019-10-04T08:15:00+09:00,J2,522,447,969
2019-10-04T08:15:00+09:00,J3,850,1031,1881
2019-10-04T08:15:00+09:00,J4,617,1023,1640
2019-10-04T08:30:00+09:00,J1,828,634,1462
2019-10-04T08:30:00+09:00,J2,589,407,996
2019-10-04T08:30:00+09:00,J3,813,1096,1909
2019-10-04T08:30:00+09:00,J4,672,1074,1746
2019-10-04T08:45:00+09:00,J1,703,602,1305
2019-10-04T08:45:00+09:00,J2,513,399,912
2019-10-04T08:45:00+09:00,J3,687,928,1615
2019-10-04T08:45:00+09:00,J4,685,920,1605
2019-10-04T09:00:00+09:00,J1,690,574,1264
2019-10-04T09:00:00+09:00,J2,357,292,649
2019-10-04T09:00:00+09:00,J3,708,642,1350
2019-10-04T09:00:00+09:00,J4,573,733,1306
2019-10-04T09:15:00+09:00,J1,575,449,1024
2019-10-04T09:15:00+09:00,J2,443,315,758
2019-10-04T09:15:00+09:00,J3,684,748,1432
2019-10-04T09:15:00+09:00,J4,494,666,1160
2019-10-04T09:30:00+09:00,J1,630,539,1169
2019-10-04T09:30:00+09:00,J2,441,263,704
2019-10-04T09:30:00+09:00,J3,700,674,1374
2019-10-04T09:30:00+09:00,J4,450,555,1005
2019-10-04T09:45:00+09:00,J1,584,583,1167
2019-10-04T09:45:00+09:00,J2,395,172,567
2019-10-04T09:45:00+09:00,J3,630,613,1243
2019-10-04T09:45:00+09:00,J4,554,610,1164
2019-10-04T10:00:00+09:00,J1,607,564,1171
2019-10-04T10:00:00+09:00,J2,346,183,529
2019-10-04T10:00:00+09:00,J3,582,594,1176
2019-10-04T10:00:00+09:00,J4,538,571,1109
2019-10-04T10:15:00+09:00,J1,627,577,1204
2019-10-04T10:15:00+09:00,J2,408,219,627
2019-10-04T10:15:00+09:00,J3,610,615,1225
2019-10-04T10:15:00+09:00,J4,443,483,926
2019-10-04T10:30:00+09:00,J1,623,524,1147
2019-10-04T10:30:00+09:00,J2,421,219,640
2019-10-04T10:30:00+09:00,J3,570,544,1114
2019-10-04T10:30:00+09:00,J4,418,466,884
2019-10-04T10:45:00+09:00,J1,572,561,1133
2019-10-04T10:45:00+09:00,J2,393,258,651
2019-10-04T10:45:00+09:00,J3,586,630,1216
2019-10-04T10:45:00+09:00,J4,449,427,876
2019-10-04T11:00:00+09:00,J1,472,407,879
2019-10-04T11:00:00+09:00,J2,390,282,672
2019-10-04T11:00:00+09:00,J3,614,639,1253
2019-10-04T11:00:00+09:00,J4,508,433,941
2019-10-04T11:15:00+09:00,J1,636,619,1255
2019-10-04T11:15:00+09:00,J2,373,308,681
2019-10-04T11:15:00+09:00,J3,569,591,1160
2019-10-04T11:15:00+09:00,J4,416,435,851
2019-10-04T11:30:00+09:00,J1,611,542,1153
2019-10-04T11:30:00+09:00,J2,425,289,714
2019-10-04T11:30:00+09:00,J3,663,623,1286
2019-10-04T11:30:00+09:00,J4,470,477,947
2019-10-04T11:45:00+09:00,J1,704,569,1273
2019-10-04T11:45:00+09:00,J2,435,390,825
2019-10-04T11:45:00+09:00,J3,655,579,1234
2019-10-04T11:45:00+09:00,J4,474,451,925
2019-10-04T12:00:00+09:00,J1,618,575,1193
2019-10-04T12:00:00+09:00,J2,443,395,838
2019-10-04T12:00:00+09:00,J3,660,665,1325
2019-10-04T12:00:00+09:00,J4,486,407,893
2019-10-04T12:15:00+09:00,J1,618,567,1185
2019-10-04T12:15:00+09:00,J2,455,361,816
2019-10-04T12:15:00+09:00,J3,688,619,1307
2019-10-04T12:15:00+09:00,J4,498,458,956
2019-10-04T12:30:00+09:00,J1,573,551,1124
2019-10-04T12:30:00+09:00,J2,408,385,793
2019-10-04T12:30:00+09:00,J3,655,598,1253
2019-10-04T12:30:00+09:00,J4,546,516,1062
2019-10-04T12:45:00+09:00,J1,629,564,1193
2019-10-04T12:45:00+09:00,J2,418,397,815
2019-10-04T12:45:00+09:00,J3,607,643,1250
2019-10-04T12:45:00+09:00,J4,531,477,1008
2019-10-04T13:00:00+09:00,J1,515,492,1007
2019-10-04T13:00:00+09:00,J2,396,306,702
2019-10-04T13:00:00+09:00,J3,575,593,1168
2019-10-04T13:00:00+09:00,J4,513,516,1029
2019-10-04T13:15:00+09:00,J1,537,471,1008
2019-10-04T13:15:00+09:00,J2,395,359,754
2019-10-04T13:15:00+09:00,J3,560,562,1122
2019-10-04T13:15:00+09:00,J4,622,611,1233
2019-10-04T13:30:00+09:00,J1,623,613,1236
2019-10-04T13:30:00+09:00,J2,396,338,734
2019-10-04T13:30:00+09:00,J3,541,488,1029
2019-10-04T13:30:00+09:00,J4,540,501,1041
2019-10-04T13:45:00+09:00,J1,608,593,1201
2019-10-04T13:45:00+09:00,J2,407,354,761
2019-10-04T13:45:00+09:00,J3,571,512,1083
2019-10-04T13:45:00+09:00,J4,473,445,918
2019-10-04T14:00:00+09:00,J1,614,538,1152
2019-10-04T14:00:00+09:00,J2,402,377,779
2019-10-04T14:00:00+09:00,J3,541,501,1042
2019-10-04T14:00:00+09:00,J4,541,514,1055
2019-10-04T14:15:00+09:00,J1,598,539,1137
2019-10-04T14:15:00+09:00,J2,413,334,747
2019-10-04T14:15:00+09:00,J3,578,560,1138
2019-10-04T14:15:00+09:00,J4,523,462,985
2019-10-04T14:30:00+09:00,J1,628,707,1335
2019-10-04T14:30:00+09:00,J2,452,381,833
2019-10-04T14:30:00+09:00,J3,624,579,1203
2019-10-04T14:30:00+09:00,J4,504,441,945
2019-10-04T14:45:00+09:00,J1,654,614,1268
2019-10-04T14:45:00+09:00,J2,394,370,764
2019-10-04T14:45:00+09:00,J3,605,564,1169
2019-10-04T14:45:00+09:00,J4,521,476,997
2019-10-04T15:00:00+09:00,J1,603,554,1157
2019-10-04T15:00:00+09:00,J2,411,377,788
2019-10-04T15:00:00+09:00,J3,594,533,1127
2019-10-04T15:00:00+09:00,J4,555,437,992
2019-10-04T15:15:00+09:00,J1,572,572,1144
2019-10-04T15:15:00+09:00,J2,416,387,803
2019-10-04T15:15:00+09:00,J3,569,500,1069
2019-10-04T15:15:00+09:00,J4,571,426,997
2019-10-04T15:30:00+09:00,J1,610,527,1137
2019-10-04T15:30:00+09:00,J2,398,382,780
2019-10-04T15:30:00+09:00,J3,638,541,1179
2019-10-04T15:30:00+09:00,J4,622,483,1105
2019-10-04T15:45:00+09:00,J1,547,557,1104
2019-10-04T15:45:00+09:00,J2,438,375,813
2019-10-04T15:45:00+09:00,J3,598,633,1231
2019-10-04T15:45:00+09:00,J4,606,487,1093
2019-10-04T16:00:00+09:00,J1,600,539,1139
2019-10-04T16:00:00+09:00,J2,348,356,704
2019-10-04T16:00:00+09:00,J3,568,544,1112
2019-10-04T16:00:00+09:00,J4,625,534,1159
2019-10-04T16:15:00+09:00,J1,631,613,1244
2019-10-04T16:15:00+09:00,J2,410,336,746
2019-10-04T16:15:00+09:00,J3,581,572,1153
2019-10-04T16:15:00+09:00,J4,606,535,1141
2019-10-04T16:30:00+09:00,J1,601,599,1200
2019-10-04T16:30:00+09:00,J2,418,365,783
2019-10-04T16:30:00+09:00,J3,598,520,1118
2019-10-04T16:30:00+09:00,J4,637,521,1158
2019-10-04T16:45:00+09:00,J1,673,630,1303
2019-10-04T16:45:00+09:00,J2,381,339,720
2019-10-04T16:45:00+09:00,J3,571,555,1126
2019-10-04T16:45:00+09:00,J4,546,445,991
2019-10-04T17:00:00+09:00,J1,686,602,1288
2019-10-04T17:00:00+09:00,J2,434,378,812
2019-10-04T17:00:00+09:00,J3,652,641,1293
2019-10-04T17:00:00+09:00,J4,748,524,1272
2019-10-04T17:15:00+09:00,J1,719,674,1393
2019-10-04T17:15:00+09:00,J2,480,437,917
2019-10-04T17:15:00+09:00,J3,669,709,1378
2019-10-04T17:15:00+09:00,J4,892,741,1633
2019-10-04T17:30:00+09:00,J1,752,694,1446
2019-10-04T17:30:00+09:00,J2,539,439,978
2019-10-04T17:30:00+09:00,J3,748,741,1489
2019-10-04T17:30:00+09:00,J4,889,769,1658
2019-10-04T17:45:00+09:00,J1,756,700,1456
2019-10-04T17:45:00+09:00,J2,490,393,883
2019-10-04T17:45:00+09:00,J3,819,783,1602
2019-10-04T17:45:00+09:00,J4,924,812,1736
2019-10-04T18:00:00+09:00,J1,765,753,1518
2019-10-04T18:00:00+09:00,J2,572,479,1051
2019-10-04T18:00:00+09:00,J3,982,763,1745
2019-10-04T18:00:00+09:00,J4,916,770,1686
2019-10-04T18:15:00+09:00,J1,839,731,1570
2019-10-04T18:15:00+09:00,J2,656,443,1099
2019-10-04T18:15:00+09:00,J3,1023,818,1841
2019-10-04T18:15:00+09:00,J4,995,761,1756
2019-10-04T18:30:00+09:00,J1,832,686,1518
2019-10-04T18:30:00+09:00,J2,561,379,940
2019-10-04T18:30:00+09:00,J3,964,820,1784
2019-10-04T18:30:00+09:00,J4,831,710,1541
2019-10-04T18:45:00+09:00,J1,718,642,1360
2019-10-04T18:45:00+09:00,J2,489,451,940
2019-10-04T18:45:00+09:00,J3,891,664,1555
2019-10-04T18:45:00+09:00,J4,905,584,1489
2019-10-04T19:00:00+09:00,J1,731,609,1340
2019-10-04T19:00:00+09:00,J2,458,318,776
2019-10-04T19:00:00+09:00,J3,845,596,1441
2019-10-04T19:00:00+09:00,J4,767,534,1301
2019-10-04T19:15:00+09:00,J1,605,580,1185
2019-10-04T19:15:00+09:00,J2,428,312,740
2019-10-04T19:15:00+09:00,J3,763,616,1379
2019-10-04T19:15:00+09:00,J4,772,545,1317
2019-10-04T19:30:00+09:00,J1,629,580,1209
2019-10-04T19:30:00+09:00,J2,328,285,613
2019-10-04T19:30:00+09:00,J3,658,546,1204
2019-10-04T19:30:00+09:00,J4,636,427,1063
2019-10-04T19:45:00+09:00,J1,568,544,1112
2019-10-04T19:45:00+09:00,J2,302,244,546
2019-10-04T19:45:00+09:00,J3,615,523,1138
2019-10-04T19:45:00+09:00,J4,516,389,905
2019-10-04T20:00:00+09:00,J1,553,550,1103
2019-10-04T20:00:00+09:00,J2,358,287,645
2019-10-04T20:00:00+09:00,J3,621,498,1119
2019-10-04T20:00:00+09:00,J4,521,412,933
2019-10-04T20:15:00+09:00,J1,539,505,1044
2019-10-04T20:15:00+09:00,J2,317,289,606
2019-10-04T20:15:00+09:00,J3,544,527,1071
2019-10-04T20:15:00+09:00,J4,503,353,856
2019-10-04T20:30:00+09:00,J1,663,736,1399
2019-10-04T20:30:00+09:00,J2,403,331,734
2019-10-04T20:30:00+09:00,J3,797,630,1427
2019-10-04T20:30:00+09:00,J4,603,504,1107
2019-10-04T20:45:00+09:00,J1,623,620,1243
2019-10-04T20:45:00+09:00,J2,353,267,620
2019-10-04T20:45:00+09:00,J3,625,537,1162
2019-10-04T20:45:00+09:00,J4,556,445,1001
2019-10-04T21:00:00+09:00,J1,584,595,1179
2019-10-04T21:00:00+09:00,J2,290,218,508
2019-10-04T21:00:00+09:00,J3,730,592,1322
2019-10-04T21:00:00+09:00,J4,577,437,1014
2019-10-04T21:15:00+09:00,J1,596,642,1238
2019-10-04T21:15:00+09:00,J2,336,264,600
2019-10-04T21:15:00+09:00,J3,685,609,1294
2019-10-04T21:15:00+09:00,J4,612,470,1082
2019-10-04T21:30:00+09:00,J1,644,602,1246
2019-10-04T21:30:00+09:00,J2,400,266,666
2019-10-04T21:30:00+09:00,J3,653,550,1203
2019-10-04T21:30:00+09:00,J4,564,446,1010
2019-10-04T21:45:00+09:00,J1,491,495,986
2019-10-04T21:45:00+09:00,J2,343,285,628
2019-10-04T21:45:00+09:00,J3,652,519,1171
2019-10-04T21:45:00+09:00,J4,563,436,999
2019-10-04T22:00:00+09:00,J1,517,520,1037
2019-10-04T22:00:00+09:00,J2,248,243,491
2019-10-04T22:00:00+09:00,J3,617,505,1122
2019-10-04T22:00:00+09:00,J4,517,485,1002
2019-10-04T22:15:00+09:00,J1,531,497,1028
2019-10-04T22:15:00+09:00,J2,260,245,505
2019-10-04T22:15:00+09:00,J3,573,503,1076
2019-10-04T22:15:00+09:00,J4,611,576,1187
2019-10-04T22:30:00+09:00,J1,468,447,915
2019-10-04T22:30:00+09:00,J2,269,230,499
2019-10-04T22:30:00+09:00,J3,502,490,992
2019-10-04T22:30:00+09:00,J4,692,702,1394
2019-10-04T22:45:00+09:00,J1,438,455,893
2019-10-04T22:45:00+09:00,J2,249,280,529
2019-10-04T22:45:00+09:00,J3,498,488,986
2019-10-04T22:45:00+09:00,J4,674,655,1329
2019-10-04T23:00:00+09:00,J1,428,363,791
2019-10-04T23:00:00+09:00,J2,242,261,503
2019-10-04T23:00:00+09:00,J3,510,454,964
2019-10-04T23:00:00+09:00,J4,693,583,1276
2019-10-04T23:15:00+09:00,J1,397,433,830
2019-10-04T23:15:00+09:00,J2,277,227,504
2019-10-04T23:15:00+09:00,J3,513,469,982
2019-10-04T23:15:00+09:00,J4,712,693,1405
2019-10-04T23:30:00+09:00,J1,412,443,855
2019-10-04T23:30:00+09:00,J2,230,219,449
2019-10-04T23:30:00+09:00,J3,487,440,927
2019-10-04T23:30:00+09:00,J4,599,591,1190
2019-10-04T23:45:00+09:00,J1,403,427,830
2019-10-04T23:45:00+09:00,J2,182,198,380
2019-10-04T23:45:00+09:00,J3,470,341,811
2019-10-04T23:45:00+09:00,J4,573,597,1170
2019-10-05T00:00:00+09:00,J1,423,396,819
2019-10-05T00:00:00+09:00,J2,200,228,428
2019-10-05T00:00:00+09:00,J3,347,309,656
2019-10-05T00:00:00+09:00,J4,511,506,1017
2019-10-05T00:15:00+09:00,J1,153,178,331
2019-10-05T00:15:00+09:00,J2,256,233,489
2019-10-05T00:15:00+09:00,J3,289,287,576
2019-10-05T00:15:00+09:00,J4,416,379,795
2019-10-05T00:30:00+09:00,J1,175,146,321
2019-10-05T00:30:00+09:00,J2,230,209,439
2019-10-05T00:30:00+09:00,J3,413,408,821
2019-10-05T00:30:00+09:00,J4,508,448,956
2019-10-05T00:45:00+09:00,J1,192,119,311
2019-10-05T00:45:00+09:00,J2,251,261,512
2019-10-05T00:45:00+09:00,J3,401,395,796
2019-10-05T00:45:00+09:00,J4,567,469,1036
2019-10-05T05:45:00+09:00,J1,321,328,649
2019-10-05T05:45:00+09:00,J2,275,268,543
2019-10-05T05:45:00+09:00,J3,388,339,727
2019-10-05T05:45:00+09:00,J4,623,743,1366
2019-10-05T05:45:00+09:00,J5,253,260,513
2019-10-05T06:00:00+09:00,J1,451,433,884
2019-10-05T06:00:00+09:00,J2,209,216,425
2019-10-05T06:00:00+09:00,J3,235,292,527
2019-10-05T06:00:00+09:00,J4,610,608,1218
2019-10-05T06:00:00+09:00,J5,174,174,348
2019-10-05T06:15:00+09:00,J1,427,456,883
2019-10-05T06:15:00+09:00,J2,182,226,408
2019-10-05T06:15:00+09:00,J3,291,260,551
2019-10-05T06:15:00+09:00,J4,504,464,968
2019-10-05T06:15:00+09:00,J5,233,206,439
2019-10-05T06:30:00+09:00,J1,522,528,1050
2019-10-05T06:30:00+09:00,J2,188,213,401
2019-10-05T06:30:00+09:00,J3,337,334,671
2019-10-05T06:30:00+09:00,J4,528,543,1071
2019-10-05T06:30:00+09:00,J5,323,317,640
2019-10-05T06:45:00+09:00,J1,484,500,984
2019-10-05T06:45:00+09:00,J2,215,179,394
2019-10-05T06:45:00+09:00,J3,287,249,536
2019-10-05T06:45:00+09:00,J4,483,575,1058
2019-10-05T06:45:00+09:00,J5,290,305,595
2019-10-05T07:00:00+09:00,J1,601,618,1219
2019-10-05T07:00:00+09:00,J2,226,202,428
2019-10-05T07:00:00+09:00,J3,337,314,651
2019-10-05T07:00:00+09:00,J4,577,620,1197
2019-10-05T07:00:00+09:00,J5,259,178,437
2019-10-05T07:15:00+09:00,J1,619,646,1265
2019-10-05T07:15:00+09:00,J2,296,264,560
2019-10-05T07:15:00+09:00,J3,369,350,719
2019-10-05T07:15:00+09:00,J4,701,738,1439
2019-10-05T07:15:00+09:00,J5,230,201,431
2019-10-05T07:30:00+09:00,J1,583,607,1190
2019-10-05T07:30:00+09:00,J2,254,266,520
2019-10-05T07:30:00+09:00,J3,423,348,771
2019-10-05T07:30:00+09:00,J4,712,736,1448
2019-10-05T07:30:00+09:00,J5,294,258,552
2019-10-05T07:45:00+09:00,J1,504,534,1038
2019-10-05T07:45:00+09:00,J2,292,222,514
2019-10-05T07:45:00+09:00,J3,400,365,765
2019-10-05T07:45:00+09:00,J4,639,709,1348
2019-10-05T07:45:00+09:00,J5,285,271,556
2019-10-05T08:00:00+09:00,J1,798,751,1549
2019-10-05T08:00:00+09:00,J2,369,291,660
2019-10-05T08:00:00+09:00,J3,578,535,1113
2019-10-05T08:00:00+09:00,J4,676,692,1368
2019-10-05T08:00:00+09:00,J5,210,197,407
2019-10-05T08:15:00+09:00,J1,839,776,1615
2019-10-05T08:15:00+09:00,J2,407,336,743
2019-10-05T08:15:00+09:00,J3,548,458,1006
2019-10-05T08:15:00+09:00,J4,668,810,1478
2019-10-05T08:15:00+09:00,J5,257,243,500
2019-10-05T08:30:00+09:00,J1,846,734,1580
2019-10-05T08:30:00+09:00,J2,468,378,846
2019-10-05T08:30:00+09:00,J3,524,514,1038
2019-10-05T08:30:00+09:00,J4,752,842,1594
2019-10-05T08:30:00+09:00,J5,250,218,468
2019-10-05T08:45:00+09:00,J1,880,855,1735
2019-10-05T08:45:00+09:00,J2,490,415,905
2019-10-05T08:45:00+09:00,J3,468,482,950
2019-10-05T08:45:00+09:00,J4,639,699,1338
2019-10-05T08:45:00+09:00,J5,233,212,445
2019-10-05T09:00:00+09:00,J1,733,706,1439
2019-10-05T09:00:00+09:00,J2,505,380,885
2019-10-05T09:00:00+09:00,J3,486,465,951
2019-10-05T09:00:00+09:00,J4,650,717,1367
2019-10-05T09:00:00+09:00,J5,228,181,409
2019-10-05T09:15:00+09:00,J1,806,762,1568
2019-10-05T09:15:00+09:00,J2,509,403,912
2019-10-05T09:15:00+09:00,J3,486,487,973
2019-10-05T09:15:00+09:00,J4,750,907,1657
2019-10-05T09:15:00+09:00,J5,214,264,478
2019-10-05T09:30:00+09:00,J1,877,872,1749
2019-10-05T09:30:00+09:00,J2,523,479,1002
2019-10-05T09:30:00+09:00,J3,495,493,988
2019-10-05T09:30:00+09:00,J4,824,751,1575
2019-10-05T09:30:00+09:00,J5,221,244,465
2019-10-05T09:45:00+09:00,J1,868,838,1706
2019-10-05T09:45:00+09:00,J2,578,403,981
2019-10-05T09:45:00+09:00,J3,538,510,1048
2019-10-05T09:45:00+09:00,J4,699,741,1440
2019-10-05T09:45:00+09:00,J5,240,266,506
2019-10-05T10:00:00+09:00,J1,764,790,1554
2019-10-05T10:00:00+09:00,J2,480,464,944
2019-10-05T10:00:00+09:00,J3,576,517,1093
2019-10-05T10:00:00+09:00,J4,763,766,1529
2019-10-05T10:00:00+09:00,J5,214,274,488
2019-10-05T10:15:00+09:00,J1,761,768,1529
2019-10-05T10:15:00+09:00,J2,569,469,1038
2019-10-05T10:15:00+09:00,J3,645,578,1223
2019-10-05T10:15:00+09:00,J4,753,849,1602
2019-10-05T10:15:00+09:00,J5,227,235,462
2019-10-05T10:30:00+09:00,J1,743,709,1452
2019-10-05T10:30:00+09:00,J2,565,471,1036
2019-10-05T10:30:00+09:00,J3,637,612,1249
2019-10-05T10:30:00+09:00,J4,881,898,1779
2019-10-05T10:30:00+09:00,J5,214,176,390
2019-10-05T10:45:00+09:00,J1,877,797,1674
2019-10-05T10:45:00+09:00,J2,564,424,988
2019-10-05T10:45:00+09:00,J3,680,666,1346
2019-10-05T10:45:00+09:00,J4,775,826,1601
2019-10-05T10:45:00+09:00,J5,242,213,455
2019-10-05T11:00:00+09:00,J1,955,904,1859
2019-10-05T11:00:00+09:00,J2,586,462,1048
2019-10-05T11:00:00+09:00,J3,771,659,1430
2019-10-05T11:00:00+09:00,J4,833,833,1666
2019-10-05T11:00:00+09:00,J5,218,265,483
2019-10-05T11:15:00+09:00,J1,829,841,1670
2019-10-05T11:15:00+09:00,J2,503,397,900
2019-10-05T11:15:00+09:00,J3,742,688,1430
2019-10-05T11:15:00+09:00,J4,775,802,1577
2019-10-05T11:15:00+09:00,J5,207,227,434
2019-10-05T11:30:00+09:00,J1,966,895,1861
2019-10-05T11:30:00+09:00,J2,586,429,1015
2019-10-05T11:30:00+09:00,J3,736,707,1443
2019-10-05T11:30:00+09:00,J4,784,820,1604
2019-10-05T11:30:00+09:00,J5,244,251,495
2019-10-05T11:45:00+09:00,J1,710,643,1353
2019-10-05T11:45:00+09:00,J2,522,407,929
2019-10-05T11:45:00+09:00,J3,737,659,1396
2019-10-05T11:45:00+09:00,J4,740,847,1587
2019-10-05T11:45:00+09:00,J5,251,241,492
2019-10-05T12:00:00+09:00,J1,754,692,1446
2019-10-05T12:00:00+09:00,J2,532,400,932
2019-10-05T12:00:00+09:00,J3,775,644,1419
2019-10-05T12:00:00+09:00,J4,758,770,1528
2019-10-05T12:00:00+09:00,J5,253,204,457
2019-10-05T12:15:00+09:00,J1,809,660,1469
2019-10-05T12:15:00+09:00,J2,499,475,974
2019-10-05T12:15:00+09:00,J3,752,685,1437
2019-10-05T12:15:00+09:00,J4,751,700,1451
2019-10-05T12:15:00+09:00,J5,256,223,479
2019-10-05T12:30:00+09:00,J1,767,712,1479
2019-10-05T12:30:00+09:00,J2,532,436,968
2019-10-05T12:30:00+09:00,J3,713,728,1441
2019-10-05T12:30:00+09:00,J4,732,679,1411
2019-10-05T12:30:00+09:00,J5,292,220,512
2019-10-05T12:45:00+09:00,J1,716,724,1440
2019-10-05T12:45:00+09:00,J2,474,455,929
2019-10-05T12:45:00+09:00,J3,771,735,1506
2019-10-05T12:45:00+09:00,J4,759,796,1555
2019-10-05T12:45:00+09:00,J5,263,193,456
2019-10-05T13:00:00+09:00,J1,832,827,1659
2019-10-05T13:00:00+09:00,J2,493,387,880
2019-10-05T13:00:00+09:00,J3,693,758,1451
2019-10-05T13:00:00+09:00,J4,711,810,1521
2019-10-05T13:00:00+09:00,J5,238,180,418
2019-10-05T13:15:00+09:00,J1,695,710,1405
2019-10-05T13:15:00+09:00,J2,453,452,905
2019-10-05T13:15:00+09:00,J3,749,820,1569
2019-10-05T13:15:00+09:00,J4,644,684,1328
2019-10-05T13:15:00+09:00,J5,266,199,465
2019-10-05T13:30:00+09:00,J1,730,753,1483
2019-10-05T13:30:00+09:00,J2,517,484,1001
2019-10-05T13:30:00+09:00,J3,744,774,1518
2019-10-05T13:30:00+09:00,J4,829,821,1650
2019-10-05T13:30:00+09:00,J5,281,254,535
2019-10-05T13:45:00+09:00,J1,829,830,1659
2019-10-05T13:45:00+09:00,J2,534,572,1106
2019-10-05T13:45:00+09:00,J3,815,739,1554
2019-10-05T13:45:00+09:00,J4,746,754,1500
2019-10-05T13:45:00+09:00,J5,261,234,495
2019-10-05T14:00:00+09:00,J1,782,835,1617
2019-10-05T14:00:00+09:00,J2,560,499,1059
2019-10-05T14:00:00+09:00,J3,763,720,1483
2019-10-05T14:00:00+09:00,J4,766,836,1602
2019-10-05T14:00:00+09:00,J5,337,263,600
2019-10-05T14:15:00+09:00,J1,814,917,1731
2019-10-05T14:15:00+09:00,J2,523,512,1035
2019-10-05T14:15:00+09:00,J3,796,695,1491
2019-10-05T14:15:00+09:00,J4,732,683,1415
2019-10-05T14:15:00+09:00,J5,311,304,615
2019-10-05T14:30:00+09:00,J1,772,936,1708
2019-10-05T14:30:00+09:00,J2,482,408,890
2019-10-05T14:30:00+09:00,J3,780,700,1480
2019-10-05T14:30:00+09:00,J4,686,801,1487
2019-10-05T14:30:00+09:00,J5,402,354,756
2019-10-05T14:45:00+09:00,J1,750,764,1514
2019-10-05T14:45:00+09:00,J2,415,440,855
2019-10-05T14:45:00+09:00,J3,701,725,1426
2019-10-05T14:45:00+09:00,J4,673,738,1411
2019-10-05T14:45:00+09:00,J5,384,378,762
2019-10-05T15:00:00+09:00,J1,765,821,1586
2019-10-05T15:00:00+09:00,J2,461,463,924
2019-10-05T15:00:00+09:00,J3,662,668,1330
2019-10-05T15:00:00+09:00,J4,776,734,1510
2019-10-05T15:00:00+09:00,J5,434,467,901
2019-10-05T15:15:00+09:00,J1,822,810,1632
2019-10-05T15:15:00+09:00,J2,401,528,929
2019-10-05T15:15:00+09:00,J3,785,751,1536
2019-10-05T15:15:00+09:00,J4,854,914,1768
2019-10-05T15:15:00+09:00,J5,425,436,861
2019-10-05T15:30:00+09:00,J1,811,864,1675
2019-10-05T15:30:00+09:00,J2,461,466,927
2019-10-05T15:30:00+09:00,J3,733,745,1478
2019-10-05T15:30:00+09:00,J4,844,875,1719
2019-10-05T15:30:00+09:00,J5,429,455,884
2019-10-05T15:45:00+09:00,J1,802,837,1639
2019-10-05T15:45:00+09:00,J2,484,441,925
2019-10-05T15:45:00+09:00,J3,698,720,1418
2019-10-05T15:45:00+09:00,J4,798,856,1654
2019-10-05T15:45:00+09:00,J5,399,447,846
2019-10-05T16:00:00+09:00,J1,802,875,1677
2019-10-05T16:00:00+09:00,J2,484,526,1010
2019-10-05T16:00:00+09:00,J3,774,746,1520
2019-10-05T16:00:00+09:00,J4,765,733,1498
2019-10-05T16:00:00+09:00,J5,430,447,877
2019-10-05T16:15:00+09:00,J1,835,860,1695
2019-10-05T16:15:00+09:00,J2,482,587,1069
2019-10-05T16:15:00+09:00,J3,790,717,1507
2019-10-05T16:15:00+09:00,J4,825,815,1640
2019-10-05T16:15:00+09:00,J5,404,431,835
2019-10-05T16:30:00+09:00,J1,884,915,1799
2019-10-05T16:30:00+09:00,J2,497,568,1065
2019-10-05T16:30:00+09:00,J3,786,723,1509
2019-10-05T16:30:00+09:00,J4,779,875,1654
2019-10-05T16:30:00+09:00,J5,439,450,889
2019-10-05T16:45:00+09:00,J1,892,871,1763
2019-10-05T16:45:00+09:00,J2,502,464,966
2019-10-05T16:45:00+09:00,J3,867,723,1590
2019-10-05T16:45:00+09:00,J4,834,821,1655
2019-10-05T16:45:00+09:00,J5,427,506,933
2019-10-05T17:00:00+09:00,J1,893,897,1790
2019-10-05T17:00:00+09:00,J2,552,511,1063
2019-10-05T17:00:00+09:00,J3,841,894,1735
2019-10-05T17:00:00+09:00,J4,717,761,1478
2019-10-05T17:00:00+09:00,J5,490,563,1053
2019-10-05T17:15:00+09:00,J1,941,910,1851
2019-10-05T17:15:00+09:00,J2,549,438,987
2019-10-05T17:15:00+09:00,J3,792,762,1554
2019-10-05T17:15:00+09:00,J4,745,686,1431
2019-10-05T17:15:00+09:00,J5,416,498,914
2019-10-05T17:30:00+09:00,J1,904,939,1843
2019-10-05T17:30:00+09:00,J2,612,498,1110
2019-10-05T17:30:00+09:00,J3,814,797,1611
2019-10-05T17:30:00+09:00,J4,733,664,1397
2019-10-05T17:30:00+09:00,J5,502,557,1059
2019-10-05T17:45:00+09:00,J1,932,922,1854
2019-10-05T17:45:00+09:00,J2,576,494,1070
2019-10-05T17:45:00+09:00,J3,824,667,1491
2019-10-05T17:45:00+09:00,J4,764,797,1561
2019-10-05T17:45:00+09:00,J5,467,601,1068
2019-10-05T18:00:00+09:00,J1,945,946,1891
2019-10-05T18:00:00+09:00,J2,552,432,984
2019-10-05T18:00:00+09:00,J3,735,695,1430
2019-10-05T18:00:00+09:00,J4,764,735,1499
2019-10-05T18:00:00+09:00,J5,452,548,1000
2019-10-05T18:15:00+09:00,J1,941,956,1897
2019-10-05T18:15:00+09:00,J2,603,508,1111
2019-10-05T18:15:00+09:00,J3,868,620,1488
2019-10-05T18:15:00+09:00,J4,837,690,1527
2019-10-05T18:15:00+09:00,J5,473,628,1101
2019-10-05T18:30:00+09:00,J1,897,891,1788
2019-10-05T18:30:00+09:00,J2,573,459,1032
2019-10-05T18:30:00+09:00,J3,782,674,1456
2019-10-05T18:30:00+09:00,J4,783,819,1602
2019-10-05T18:30:00+09:00,J5,496,626,1122
2019-10-05T18:45:00+09:00,J1,886,870,1756
2019-10-05T18:45:00+09:00,J2,522,475,997
2019-10-05T18:45:00+09:00,J3,734,611,1345
2019-10-05T18:45:00+09:00,J4,773,740,1513
2019-10-05T18:45:00+09:00,J5,424,407,831
2019-10-05T19:00:00+09:00,J1,842,793,1635
2019-10-05T19:00:00+09:00,J2,488,435,923
2019-10-05T19:00:00+09:00,J3,740,664,1404
2019-10-05T19:00:00+09:00,J4,692,612,1304
2019-10-05T19:00:00+09:00,J5,244,179,423
2019-10-05T19:15:00+09:00,J1,878,889,1767
2019-10-05T19:15:00+09:00,J2,424,594,1018
2019-10-05T19:15:00+09:00,J3,751,674,1425
2019-10-05T19:15:00+09:00,J4,674,624,1298
2019-10-05T19:15:00+09:00,J5,213,189,402
2019-10-05T19:30:00+09:00,J1,743,797,1540
2019-10-05T19:30:00+09:00,J2,426,576,1002
2019-10-05T19:30:00+09:00,J3,635,550,1185
2019-10-05T19:30:00+09:00,J4,784,764,1548
2019-10-05T19:30:00+09:00,J5,262,224,486
2019-10-05T19:45:00+09:00,J1,857,800,1657
2019-10-05T19:45:00+09:00,J2,396,529,925
2019-10-05T19:45:00+09:00,J3,601,557,1158
2019-10-05T19:45:00+09:00,J4,786,805,1591
2019-10-05T19:45:00+09:00,J5,333,294,627
2019-10-05T20:00:00+09:00,J1,768,843,1611
2019-10-05T20:00:00+09:00,J2,420,547,967
2019-10-05T20:00:00+09:00,J3,612,592,1204
2019-10-05T20:00:00+09:00,J4,869,826,1695
2019-10-05T20:00:00+09:00,J5,454,448,902
2019-10-05T20:15:00+09:00,J1,852,883,1735
2019-10-05T20:15:00+09:00,J2,403,514,917
2019-10-05T20:15:00+09:00,J3,620,603,1223
2019-10-05T20:15:00+09:00,J4,843,761,1604
2019-10-05T20:15:00+09:00,J5,465,484,949
2019-10-05T20:30:00+09:00,J1,901,959,1860
2019-10-05T20:30:00+09:00,J2,387,526,913
2019-10-05T20:30:00+09:00,J3,597,663,1260
2019-10-05T20:30:00+09:00,J4,835,880,1715
2019-10-05T20:30:00+09:00,J5,476,607,1083
2019-10-05T20:45:00+09:00,J1,825,876,1701
2019-10-05T20:45:00+09:00,J2,435,509,944
2019-10-05T20:45:00+09:00,J3,541,571,1112
2019-10-05T20:45:00+09:00,J4,774,722,1496
2019-10-05T20:45:00+09:00,J5,496,594,1090
2019-10-05T21:00:00+09:00,J1,843,960,1803
2019-10-05T21:00:00+09:00,J2,459,567,1026
2019-10-05T21:00:00+09:00,J3,646,566,1212
2019-10-05T21:00:00+09:00,J4,838,822,1660
2019-10-05T21:00:00+09:00,J5,530,616,1146
2019-10-05T21:15:00+09:00,J1,810,951,1761
2019-10-05T21:15:00+09:00,J2,563,628,1191
2019-10-05T21:15:00+09:00,J3,759,770,1529
2019-10-05T21:15:00+09:00,J4,890,821,1711
2019-10-05T21:15:00+09:00,J5,461,552,1013
2019-10-05T21:30:00+09:00,J1,829,880,1709
2019-10-05T21:30:00+09:00,J2,500,476,976
2019-10-05T21:30:00+09:00,J3,876,742,1618
2019-10-05T21:30:00+09:00,J4,802,722,1524
2019-10-05T21:30:00+09:00,J5,412,449,861
2019-10-05T21:45:00+09:00,J1,796,837,1633
2019-10-05T21:45:00+09:00,J2,373,432,805
2019-10-05T21:45:00+09:00,J3,543,561,1104
2019-10-05T21:45:00+09:00,J4,780,735,1515
2019-10-05T21:45:00+09:00,J5,425,409,834
2019-10-05T22:00:00+09:00,J1,778,871,1649
2019-10-05T22:00:00+09:00,J2,350,389,739
2019-10-05T22:00:00+09:00,J3,492,480,972
2019-10-05T22:00:00+09:00,J4,968,925,1893
2019-10-05T22:00:00+09:00,J5,360,384,744
2019-10-05T22:15:00+09:00,J1,706,877,1583
2019-10-05T22:15:00+09:00,J2,284,286,570
2019-10-05T22:15:00+09:00,J3,502,491,993
2019-10-05T22:15:00+09:00,J4,1070,1106,2176
2019-10-05T22:15:00+09:00,J5,347,338,685
2019-10-05T22:30:00+09:00,J1,776,810,1586
2019-10-05T22:30:00+09:00,J2,358,435,793
2019-10-05T22:30:00+09:00,J3,558,555,1113
2019-10-05T22:30:00+09:00,J4,921,937,1858
2019-10-05T22:30:00+09:00,J5,327,345,672
2019-10-05T22:45:00+09:00,J1,788,881,1669
2019-10-05T22:45:00+09:00,J2,309,403,712
2019-10-05T22:45:00+09:00,J3,628,612,1240
2019-10-05T22:45:00+09:00,J4,1086,1117,2203
2019-10-05T22:45:00+09:00,J5,303,347,650
2019-10-05T23:00:00+09:00,J1,759,802,1561
2019-10-05T23:00:00+09:00,J2,371,373,744
2019-10-05T23:00:00+09:00,J3,595,577,1172
2019-10-05T23:00:00+09:00,J4,958,975,1933
2019-10-05T23:00:00+09:00,J5,221,296,517
2019-10-05T23:15:00+09:00,J1,719,813,1532
2019-10-05T23:15:00+09:00,J2,397,424,821
2019-10-05T23:15:00+09:00,J3,476,479,955
2019-10-05T23:15:00+09:00,J4,1023,1002,2025
2019-10-05T23:15:00+09:00,J5,264,252,516
2019-10-05T23:30:00+09:00,J1,793,876,1669
2019-10-05T23:30:00+09:00,J2,390,426,816
2019-10-05T23:30:00+09:00,J3,504,550,1054
2019-10-05T23:30:00+09:00,J4,859,809,1668
2019-10-05T23:30:00+09:00,J5,255,342,597
2019-10-05T23:45:00+09:00,J1,608,657,1265
2019-10-05T23:45:00+09:00,J2,342,369,711
2019-10-05T23:45:00+09:00,J3,341,354,695
2019-10-05T23:45:00+09:00,J4,751,752,1503
2019-10-05T23:45:00+09:00,J5,226,253,479
2019-10-06T00:00:00+09:00,J1,650,615,1265
2019-10-06T00:00:00+09:00,J2,323,338,661
2019-10-06T00:00:00+09:00,J3,364,318,682
2019-10-06T00:00:00+09:00,J4,732,727,1459
2019-10-06T00:00:00+09:00,J5,261,286,547
2019-10-06T00:15:00+09:00,J1,235,300,535
2019-10-06T00:15:00+09:00,J2,330,419,749
2019-10-06T00:15:00+09:00,J3,453,440,893
2019-10-06T00:15:00+09:00,J4,283,315,598
2019-10-06T00:15:00+09:00,J5,272,316,588
2019-10-06T00:30:00+09:00,J1,270,252,522
2019-10-06T00:30:00+09:00,J2,338,415,753
2019-10-06T00:30:00+09:00,J3,428,372,800
2019-10-06T00:30:00+09:00,J4,184,150,334
2019-10-06T00:30:00+09:00,J5,201,207,408
2019-10-06T00:45:00+09:00,J1,257,272,529
2019-10-06T00:45:00+09:00,J2,348,360,708
2019-10-06T00:45:00+09:00,J3,319,316,635
2019-10-06T00:45:00+09:00,J4,178,162,340
2019-10-06T00:45:00+09:00,J5,213,256,469
2019-10-06T05:45:00+09:00,J1,170,210,380
2019-10-06T05:45:00+09:00,J2,206,162,368
2019-10-06T05:45:00+09:00,J3,472,405,877
2019-10-06T05:45:00+09:00,J4,945,909,1854
2019-10-06T05:45:00+09:00,J5,187,168,355
2019-10-06T06:00:00+09:00,J1,358,384,742
2019-10-06T06:00:00+09:00,J2,301,202,503
2019-10-06T06:00:00+09:00,J3,536,517,1053
2019-10-06T06:00:00+09:00,J4,711,653,1364
2019-10-06T06:00:00+09:00,J5,240,242,482
2019-10-06T06:15:00+09:00,J1,629,626,1255
2019-10-06T06:15:00+09:00,J2,302,345,647
2019-10-06T06:15:00+09:00,J3,562,516,1078
2019-10-06T06:15:00+09:00,J4,794,700,1494
2019-10-06T06:15:00+09:00,J5,290,306,596
2019-10-06T06:30:00+09:00,J1,640,646,1286
2019-10-06T06:30:00+09:00,J2,301,348,649
2019-10-06T06:30:00+09:00,J3,554,465,1019
2019-10-06T06:30:00+09:00,J4,831,834,1665
2019-10-06T06:30:00+09:00,J5,276,309,585
2019-10-06T06:45:00+09:00,J1,646,577,1223
2019-10-06T06:45:00+09:00,J2,267,270,537
2019-10-06T06:45:00+09:00,J3,531,489,1020
2019-10-06T06:45:00+09:00,J4,521,512,1033
2019-10-06T06:45:00+09:00,J5,295,339,634
2019-10-06T07:00:00+09:00,J1,689,654,1343
2019-10-06T07:00:00+09:00,J2,232,188,420
2019-10-06T07:00:00+09:00,J3,602,455,1057
2019-10-06T07:00:00+09:00,J4,1024,1044,2068
2019-10-06T07:00:00+09:00,J5,296,329,625
2019-10-06T07:15:00+09:00,J1,430,399,829
2019-10-06T07:15:00+09:00,J2,187,122,309
2019-10-06T07:15:00+09:00,J3,438,418,856
2019-10-06T07:15:00+09:00,J4,831,805,1636
2019-10-06T07:15:00+09:00,J5,201,248,449
2019-10-06T07:30:00+09:00,J1,701,656,1357
2019-10-06T07:30:00+09:00,J2,376,289,665
2019-10-06T07:30:00+09:00,J3,711,628,1339
2019-10-06T07:30:00+09:00,J4,1146,1138,2284
2019-10-06T07:30:00+09:00,J5,341,324,665
2019-10-06T07:45:00+09:00,J1,560,519,1079
2019-10-06T07:45:00+09:00,J2,280,256,536
2019-10-06T07:45:00+09:00,J3,605,535,1140
2019-10-06T07:45:00+09:00,J4,961,1009,1970
2019-10-06T07:45:00+09:00,J5,287,286,573
2019-10-06T08:00:00+09:00,J1,763,798,1561
2019-10-06T08:00:00+09:00,J2,334,263,597
2019-10-06T08:00:00+09:00,J3,575,564,1139
2019-10-06T08:00:00+09:00,J4,977,963,1940
2019-10-06T08:00:00+09:00,J5,367,334,701
2019-10-06T08:15:00+09:00,J1,851,782,1633
2019-10-06T08:15:00+09:00,J2,298,217,515
2019-10-06T08:15:00+09:00,J3,611,640,1251
2019-10-06T08:15:00+09:00,J4,890,956,1846
2019-10-06T08:15:00+09:00,J5,306,310,616
2019-10-06T08:30:00+09:00,J1,707,730,1437
2019-10-06T08:30:00+09:00,J2,314,265,579
2019-10-06T08:30:00+09:00,J3,648,654,1302
2019-10-06T08:30:00+09:00,J4,929,931,1860
2019-10-06T08:30:00+09:00,J5,324,411,735
2019-10-06T08:45:00+09:00,J1,666,612,1278
2019-10-06T08:45:00+09:00,J2,326,354,680
2019-10-06T08:45:00+09:00,J3,669,627,1296
2019-10-06T08:45:00+09:00,J4,892,802,1694
2019-10-06T08:45:00+09:00,J5,264,310,574
2019-10-06T09:00:00+09:00,J1,777,642,1419
2019-10-06T09:00:00+09:00,J2,345,291,636
2019-10-06T09:00:00+09:00,J3,729,694,1423
2019-10-06T09:00:00+09:00,J4,699,755,1454
2019-10-06T09:00:00+09:00,J5,292,359,651
2019-10-06T09:15:00+09:00,J1,658,616,1274
2019-10-06T09:15:00+09:00,J2,334,331,665
2019-10-06T09:15:00+09:00,J3,637,651,1288
2019-10-06T09:15:00+09:00,J4,554,621,1175
2019-10-06T09:15:00+09:00,J5,319,382,701
2019-10-06T09:30:00+09:00,J1,865,734,1599
2019-10-06T09:30:00+09:00,J2,326,326,652
2019-10-06T09:30:00+09:00,J3,680,685,1365
2019-10-06T09:30:00+09:00,J4,361,448,809
2019-10-06T09:30:00+09:00,J5,342,348,690
2019-10-06T09:45:00+09:00,J1,741,763,1504
2019-10-06T09:45:00+09:00,J2,399,381,780
2019-10-06T09:45:00+09:00,J3,677,701,1378
2019-10-06T09:45:00+09:00,J4,632,680,1312
2019-10-06T09:45:00+09:00,J5,351,374,725
2019-10-06T10:00:00+09:00,J1,752,740,1492
2019-10-06T10:00:00+09:00,J2,273,272,545
2019-10-06T10:00:00+09:00,J3,691,728,1419
2019-10-06T10:00:00+09:00,J4,456,529,985
2019-10-06T10:00:00+09:00,J5,323,331,654
2019-10-06T10:15:00+09:00,J1,641,535,1176
2019-10-06T10:15:00+09:00,J2,290,227,517
2019-10-06T10:15:00+09:00,J3,688,706,1394
2019-10-06T10:15:00+09:00,J4,401,488,889
2019-10-06T10:15:00+09:00,J5,362,357,719
2019-10-06T10:30:00+09:00,J1,638,651,1289
2019-10-06T10:30:00+09:00,J2,307,257,564
2019-10-06T10:30:00+09:00,J3,621,646,1267
2019-10-06T10:30:00+09:00,J4,447,448,895
2019-10-06T10:30:00+09:00,J5,379,328,707
2019-10-06T10:45:00+09:00,J1,665,632,1297
2019-10-06T10:45:00+09:00,J2,341,265,606
2019-10-06T10:45:00+09:00,J3,599,626,1225
2019-10-06T10:45:00+09:00,J4,510,520,1030
2019-10-06T10:45:00+09:00,J5,281,268,549
2019-10-06T11:00:00+09:00,J1,817,745,1562
2019-10-06T11:00:00+09:00,J2,419,263,682
2019-10-06T11:00:00+09:00,J3,530,522,1052
2019-10-06T11:00:00+09:00,J4,478,556,1034
2019-10-06T11:00:00+09:00,J5,277,240,517
2019-10-06T11:15:00+09:00,J1,910,836,1746
2019-10-06T11:15:00+09:00,J2,424,259,683
2019-10-06T11:15:00+09:00,J3,647,602,1249
2019-10-06T11:15:00+09:00,J4,545,572,1117
2019-10-06T11:15:00+09:00,J5,303,305,608
2019-10-06T11:30:00+09:00,J1,866,774,1640
2019-10-06T11:30:00+09:00,J2,401,232,633
2019-10-06T11:30:00+09:00,J3,661,555,1216
2019-10-06T11:30:00+09:00,J4,522,497,1019
2019-10-06T11:30:00+09:00,J5,349,325,674
2019-10-06T11:45:00+09:00,J1,870,873,1743
2019-10-06T11:45:00+09:00,J2,430,240,670
2019-10-06T11:45:00+09:00,J3,594,601,1195
2019-10-06T11:45:00+09:00,J4,485,550,1035
2019-10-06T11:45:00+09:00,J5,367,376,743
2019-10-06T12:00:00+09:00,J1,889,824,1713
2019-10-06T12:00:00+09:00,J2,455,257,712
2019-10-06T12:00:00+09:00,J3,652,659,1311
2019-10-06T12:00:00+09:00,J4,485,501,986
2019-10-06T12:00:00+09:00,J5,350,364,714
2019-10-06T12:15:00+09:00,J1,848,893,1741
2019-10-06T12:15:00+09:00,J2,429,291,720
2019-10-06T12:15:00+09:00,J3,666,637,1303
2019-10-06T12:15:00+09:00,J4,552,533,1085
2019-10-06T12:15:00+09:00,J5,365,340,705
2019-10-06T12:30:00+09:00,J1,728,766,1494
2019-10-06T12:30:00+09:00,J2,513,263,776
2019-10-06T12:30:00+09:00,J3,549,574,1123
2019-10-06T12:30:00+09:00,J4,730,730,1460
2019-10-06T12:30:00+09:00,J5,370,377,747
2019-10-06T12:45:00+09:00,J1,756,798,1554
2019-10-06T12:45:00+09:00,J2,440,268,708
2019-10-06T12:45:00+09:00,J3,548,598,1146
2019-10-06T12:45:00+09:00,J4,692,672,1364
2019-10-06T12:45:00+09:00,J5,315,325,640
2019-10-06T13:00:00+09:00,J1,834,831,1665
2019-10-06T13:00:00+09:00,J2,484,294,778
2019-10-06T13:00:00+09:00,J3,665,612,1277
2019-10-06T13:00:00+09:00,J4,749,755,1504
2019-10-06T13:00:00+09:00,J5,318,338,656
2019-10-06T13:15:00+09:00,J1,758,713,1471
2019-10-06T13:15:00+09:00,J2,486,257,743
2019-10-06T13:15:00+09:00,J3,579,616,1195
2019-10-06T13:15:00+09:00,J4,789,793,1582
2019-10-06T13:15:00+09:00,J5,340,364,704
2019-10-06T13:30:00+09:00,J1,830,822,1652
2019-10-06T13:30:00+09:00,J2,508,373,881
2019-10-06T13:30:00+09:00,J3,539,581,1120
2019-10-06T13:30:00+09:00,J4,757,725,1482
2019-10-06T13:30:00+09:00,J5,318,327,645
2019-10-06T13:45:00+09:00,J1,833,858,1691
2019-10-06T13:45:00+09:00,J2,461,241,702
2019-10-06T13:45:00+09:00,J3,629,578,1207
2019-10-06T13:45:00+09:00,J4,706,749,1455
2019-10-06T13:45:00+09:00,J5,326,315,641
2019-10-06T14:00:00+09:00,J1,881,902,1783
2019-10-06T14:00:00+09:00,J2,467,276,743
2019-10-06T14:00:00+09:00,J3,599,677,1276
2019-10-06T14:00:00+09:00,J4,726,643,1369
2019-10-06T14:00:00+09:00,J5,333,305,638
2019-10-06T14:15:00+09:00,J1,692,758,1450
2019-10-06T14:15:00+09:00,J2,534,310,844
2019-10-06T14:15:00+09:00,J3,555,639,1194
2019-10-06T14:15:00+09:00,J4,786,727,1513
2019-10-06T14:15:00+09:00,J5,348,384,732
2019-10-06T14:30:00+09:00,J1,845,872,1717
2019-10-06T14:30:00+09:00,J2,462,349,811
2019-10-06T14:30:00+09:00,J3,641,620,1261
2019-10-06T14:30:00+09:00,J4,709,701,1410
2019-10-06T14:30:00+09:00,J5,380,362,742
2019-10-06T14:45:00+09:00,J1,871,826,1697
2019-10-06T14:45:00+09:00,J2,443,254,697
2019-10-06T14:45:00+09:00,J3,598,607,1205
2019-10-06T14:45:00+09:00,J4,678,674,1352
2019-10-06T14:45:00+09:00,J5,354,298,652
2019-10-06T15:00:00+09:00,J1,734,789,1523
2019-10-06T15:00:00+09:00,J2,461,342,803
2019-10-06T15:00:00+09:00,J3,547,641,1188
2019-10-06T15:00:00+09:00,J4,749,678,1427
2019-10-06T15:00:00+09:00,J5,420,330,750
2019-10-06T15:15:00+09:00,J1,664,743,1407
2019-10-06T15:15:00+09:00,J2,476,337,813
2019-10-06T15:15:00+09:00,J3,612,661,1273
2019-10-06T15:15:00+09:00,J4,680,733,1413
2019-10-06T15:15:00+09:00,J5,319,418,737
2019-10-06T15:30:00+09:00,J1,854,900,1754
2019-10-06T15:30:00+09:00,J2,479,313,792
2019-10-06T15:30:00+09:00,J3,605,642,1247
2019-10-06T15:30:00+09:00,J4,669,684,1353
2019-10-06T15:30:00+09:00,J5,358,432,790
2019-10-06T15:45:00+09:00,J1,830,823,1653
2019-10-06T15:45:00+09:00,J2,571,303,874
2019-10-06T15:45:00+09:00,J3,653,628,1281
2019-10-06T15:45:00+09:00,J4,769,716,1485
2019-10-06T15:45:00+09:00,J5,382,392,774
2019-10-06T16:00:00+09:00,J1,742,777,1519
2019-10-06T16:00:00+09:00,J2,494,293,787
2019-10-06T16:00:00+09:00,J3,630,611,1241
2019-10-06T16:00:00+09:00,J4,792,749,1541
2019-10-06T16:00:00+09:00,J5,383,414,797
2019-10-06T16:15:00+09:00,J1,782,817,1599
2019-10-06T16:15:00+09:00,J2,510,375,885
2019-10-06T16:15:00+09:00,J3,604,677,1281
2019-10-06T16:15:00+09:00,J4,716,754,1470
2019-10-06T16:15:00+09:00,J5,326,400,726
2019-10-06T16:30:00+09:00,J1,801,781,1582
2019-10-06T16:30:00+09:00,J2,578,480,1058
2019-10-06T16:30:00+09:00,J3,659,652,1311
2019-10-06T16:30:00+09:00,J4,760,761,1521
2019-10-06T16:30:00+09:00,J5,373,412,785
2019-10-06T16:45:00+09:00,J1,814,832,1646
2019-10-06T16:45:00+09:00,J2,588,461,1049
2019-10-06T16:45:00+09:00,J3,675,628,1303
2019-10-06T16:45:00+09:00,J4,803,728,1531
2019-10-06T16:45:00+09:00,J5,332,399,731
2019-10-06T17:00:00+09:00,J1,823,801,1624
2019-10-06T17:00:00+09:00,J2,600,491,1091
2019-10-06T17:00:00+09:00,J3,691,619,1310
2019-10-06T17:00:00+09:00,J4,781,690,1471
2019-10-06T17:00:00+09:00,J5,347,357,704
2019-10-06T17:15:00+09:00,J1,824,801,1625
2019-10-06T17:15:00+09:00,J2,622,426,1048
2019-10-06T17:15:00+09:00,J3,638,646,1284
2019-10-06T17:15:00+09:00,J4,821,735,1556
2019-10-06T17:15:00+09:00,J5,311,397,708
2019-10-06T17:30:00+09:00,J1,824,802,1626
2019-10-06T17:30:00+09:00,J2,642,473,1115
2019-10-06T17:30:00+09:00,J3,631,613,1244
2019-10-06T17:30:00+09:00,J4,807,781,1588
2019-10-06T17:30:00+09:00,J5,340,435,775
2019-10-06T17:45:00+09:00,J1,800,804,1604
2019-10-06T17:45:00+09:00,J2,555,394,949
2019-10-06T17:45:00+09:00,J3,658,574,1232
2019-10-06T17:45:00+09:00,J4,651,601,1252
2019-10-06T17:45:00+09:00,J5,323,384,707
2019-10-06T18:00:00+09:00,J1,876,806,1682
2019-10-06T18:00:00+09:00,J2,474,397,871
2019-10-06T18:00:00+09:00,J3,676,630,1306
2019-10-06T18:00:00+09:00,J4,536,469,1005
2019-10-06T18:00:00+09:00,J5,286,340,626
2019-10-06T18:15:00+09:00,J1,914,847,1761
2019-10-06T18:15:00+09:00,J2,518,408,926
2019-10-06T18:15:00+09:00,J3,695,651,1346
2019-10-06T18:15:00+09:00,J4,514,492,1006
2019-10-06T18:15:00+09:00,J5,293,309,602
2019-10-06T18:30:00+09:00,J1,871,856,1727
2019-10-06T18:30:00+09:00,J2,455,327,782
2019-10-06T18:30:00+09:00,J3,673,538,1211
2019-10-06T18:30:00+09:00,J4,589,572,1161
2019-10-06T18:30:00+09:00,J5,284,328,612
2019-10-06T18:45:00+09:00,J1,862,782,1644
2019-10-06T18:45:00+09:00,J2,415,344,759
2019-10-06T18:45:00+09:00,J3,652,576,1228
2019-10-06T18:45:00+09:00,J4,595,674,1269
2019-10-06T18:45:00+09:00,J5,384,391,775
2019-10-06T19:00:00+09:00,J1,779,824,1603
2019-10-06T19:00:00+09:00,J2,505,512,1017
2019-10-06T19:00:00+09:00,J3,640,604,1244
2019-10-06T19:00:00+09:00,J4,671,695,1366
2019-10-06T19:00:00+09:00,J5,342,437,779
2019-10-06T19:15:00+09:00,J1,638,664,1302
2019-10-06T19:15:00+09:00,J2,515,581,1096
2019-10-06T19:15:00+09:00,J3,526,467,993
2019-10-06T19:15:00+09:00,J4,811,793,1604
2019-10-06T19:15:00+09:00,J5,360,387,747
2019-10-06T19:30:00+09:00,J1,626,633,1259
2019-10-06T19:30:00+09:00,J2,461,474,935
2019-10-06T19:30:00+09:00,J3,505,417,922
2019-10-06T19:30:00+09:00,J4,827,788,1615
2019-10-06T19:30:00+09:00,J5,360,371,731
2019-10-06T19:45:00+09:00,J1,659,644,1303
2019-10-06T19:45:00+09:00,J2,523,546,1069
2019-10-06T19:45:00+09:00,J3,421,432,853
2019-10-06T19:45:00+09:00,J4,837,802,1639
2019-10-06T19:45:00+09:00,J5,350,441,791
2019-10-06T20:00:00+09:00,J1,576,587,1163
2019-10-06T20:00:00+09:00,J2,494,545,1039
2019-10-06T20:00:00+09:00,J3,426,468,894
2019-10-06T20:00:00+09:00,J4,955,932,1887
2019-10-06T20:00:00+09:00,J5,353,370,723
2019-10-06T20:15:00+09:00,J1,653,680,1333
2019-10-06T20:15:00+09:00,J2,535,580,1115
2019-10-06T20:15:00+09:00,J3,528,531,1059
2019-10-06T20:15:00+09:00,J4,992,959,1951
2019-10-06T20:15:00+09:00,J5,376,353,729
2019-10-06T20:30:00+09:00,J1,616,724,1340
2019-10-06T20:30:00+09:00,J2,531,574,1105
2019-10-06T20:30:00+09:00,J3,454,575,1029
2019-10-06T20:30:00+09:00,J4,976,904,1880
2019-10-06T20:30:00+09:00,J5,413,352,765
2019-10-06T20:45:00+09:00,J1,605,637,1242
2019-10-06T20:45:00+09:00,J2,441,460,901
2019-10-06T20:45:00+09:00,J3,489,562,1051
2019-10-06T20:45:00+09:00,J4,922,892,1814
2019-10-06T20:45:00+09:00,J5,330,350,680
2019-10-06T21:00:00+09:00,J1,682,644,1326
2019-10-06T21:00:00+09:00,J2,455,495,950
2019-10-06T21:00:00+09:00,J3,511,538,1049
2019-10-06T21:00:00+09:00,J4,1053,918,1971
2019-10-06T21:00:00+09:00,J5,383,316,699
2019-10-06T21:15:00+09:00,J1,620,700,1320
2019-10-06T21:15:00+09:00,J2,477,522,999
2019-10-06T21:15:00+09:00,J3,443,425,868
2019-10-06T21:15:00+09:00,J4,1104,933,2037
2019-10-06T21:15:00+09:00,J5,400,331,731
2019-10-06T21:30:00+09:00,J1,579,609,1188
2019-10-06T21:30:00+09:00,J2,497,470,967
2019-10-06T21:30:00+09:00,J3,482,492,974
2019-10-06T21:30:00+09:00,J4,1049,966,2015
2019-10-06T21:30:00+09:00,J5,388,304,692
2019-10-06T21:45:00+09:00,J1,548,566,1114
2019-10-06T21:45:00+09:00,J2,483,475,958
2019-10-06T21:45:00+09:00,J3,410,397,807
2019-10-06T21:45:00+09:00,J4,1157,1096,2253
2019-10-06T21:45:00+09:00,J5,390,318,708
2019-10-06T22:00:00+09:00,J1,530,593,1123
2019-10-06T22:00:00+09:00,J2,408,435,843
2019-10-06T22:00:00+09:00,J3,482,509,991
2019-10-06T22:00:00+09:00,J4,1266,1169,2435
2019-10-06T22:00:00+09:00,J5,401,361,762
2019-10-06T22:15:00+09:00,J1,623,634,1257
2019-10-06T22:15:00+09:00,J2,388,400,788
2019-10-06T22:15:00+09:00,J3,492,474,966
2019-10-06T22:15:00+09:00,J4,1176,1053,2229
2019-10-06T22:15:00+09:00,J5,446,376,822
2019-10-06T22:30:00+09:00,J1,542,595,1137
2019-10-06T22:30:00+09:00,J2,429,422,851
2019-10-06T22:30:00+09:00,J3,416,450,866
2019-10-06T22:30:00+09:00,J4,1216,1182,2398
2019-10-06T22:30:00+09:00,J5,331,316,647
2019-10-06T22:45:00+09:00,J1,608,698,1306
2019-10-06T22:45:00+09:00,J2,370,386,756
2019-10-06T22:45:00+09:00,J3,505,459,964
2019-10-06T22:45:00+09:00,J4,1199,1162,2361
2019-10-06T22:45:00+09:00,J5,228,245,473
2019-10-06T23:00:00+09:00,J1,484,517,1001
2019-10-06T23:00:00+09:00,J2,420,409,829
2019-10-06T23:00:00+09:00,J3,413,402,815
2019-10-06T23:00:00+09:00,J4,1304,1243,2547
2019-10-06T23:00:00+09:00,J5,214,243,457
2019-10-06T23:15:00+09:00,J1,530,583,1113
2019-10-06T23:15:00+09:00,J2,377,433,810
2019-10-06T23:15:00+09:00,J3,418,452,870
2019-10-06T23:15:00+09:00,J4,1141,1173,2314
2019-10-06T23:15:00+09:00,J5,232,249,481
2019-10-06T23:30:00+09:00,J1,609,609,1218
2019-10-06T23:30:00+09:00,J2,407,453,860
2019-10-06T23:30:00+09:00,J3,467,408,875
2019-10-06T23:30:00+09:00,J4,855,885,1740
2019-10-06T23:30:00+09:00,J5,217,209,426
2019-10-06T23:45:00+09:00,J1,478,498,976
2019-10-06T23:45:00+09:00,J2,362,397,759
2019-10-06T23:45:00+09:00,J3,361,326,687
2019-10-06T23:45:00+09:00,J4,789,773,1562
2019-10-06T23:45:00+09:00,J5,256,286,542
2019-10-07T00:00:00+09:00,J1,488,486,974
2019-10-07T00:00:00+09:00,J2,371,350,721
2019-10-07T00:00:00+09:00,J3,316,282,598
2019-10-07T00:00:00+09:00,J4,623,613,1236
2019-10-07T00:00:00+09:00,J5,244,311,555
2019-10-07T00:15:00+09:00,J1,210,255,465
2019-10-07T00:15:00+09:00,J2,304,236,540
2019-10-07T00:15:00+09:00,J3,403,399,802
2019-10-07T00:15:00+09:00,J4,333,392,725
2019-10-07T00:15:00+09:00,J5,206,225,431
2019-10-07T00:30:00+09:00,J1,229,183,412
2019-10-07T00:30:00+09:00,J2,287,216,503
2019-10-07T00:30:00+09:00,J3,279,276,555
2019-10-07T00:30:00+09:00,J4,270,273,543
2019-10-07T00:30:00+09:00,J5,184,247,431
2019-10-07T00:45:00+09:00,J1,247,232,479
2019-10-07T00:45:00+09:00,J2,231,161,392
2019-10-07T00:45:00+09:00,J3,254,259,513
2019-10-07T00:45:00+09:00,J4,250,268,518
2019-10-07T00:45:00+09:00,J5,239,204,443
2019-10-07T05:45:00+09:00,J1,263,265,528
2019-10-07T05:45:00+09:00,J2,264,323,587
2019-10-07T05:45:00+09:00,J3,469,449,918
2019-10-07T05:45:00+09:00,J4,919,896,1815
2019-10-07T05:45:00+09:00,J5,248,242,490
2019-10-07T06:00:00+09:00,J1,305,368,673
2019-10-07T06:00:00+09:00,J2,262,181,443
2019-10-07T06:00:00+09:00,J3,436,369,805
2019-10-07T06:00:00+09:00,J4,654,647,1301
2019-10-07T06:00:00+09:00,J5,163,174,337
2019-10-07T06:15:00+09:00,J1,495,524,1019
2019-10-07T06:15:00+09:00,J2,292,234,526
2019-10-07T06:15:00+09:00,J3,457,481,938
2019-10-07T06:15:00+09:00,J4,651,609,1260
2019-10-07T06:15:00+09:00,J5,197,192,389
2019-10-07T06:30:00+09:00,J1,630,640,1270
2019-10-07T06:30:00+09:00,J2,298,209,507
2019-10-07T06:30:00+09:00,J3,456,465,921
2019-10-07T06:30:00+09:00,J4,489,531,1020
2019-10-07T06:30:00+09:00,J5,262,265,527
2019-10-07T06:45:00+09:00,J1,563,625,1188
2019-10-07T06:45:00+09:00,J2,270,236,506
2019-10-07T06:45:00+09:00,J3,522,492,1014
2019-10-07T06:45:00+09:00,J4,566,667,1233
2019-10-07T06:45:00+09:00,J5,295,335,630
2019-10-07T07:00:00+09:00,J1,676,604,1280
2019-10-07T07:00:00+09:00,J2,312,274,586
2019-10-07T07:00:00+09:00,J3,613,589,1202
2019-10-07T07:00:00+09:00,J4,943,1017,1960
2019-10-07T07:00:00+09:00,J5,280,301,581
2019-10-07T07:15:00+09:00,J1,795,767,1562
2019-10-07T07:15:00+09:00,J2,358,268,626
2019-10-07T07:15:00+09:00,J3,655,569,1224
2019-10-07T07:15:00+09:00,J4,946,1064,2010
2019-10-07T07:15:00+09:00,J5,250,258,508
2019-10-07T07:30:00+09:00,J1,772,658,1430
2019-10-07T07:30:00+09:00,J2,446,266,712
2019-10-07T07:30:00+09:00,J3,683,718,1401
2019-10-07T07:30:00+09:00,J4,1037,1061,2098
2019-10-07T07:30:00+09:00,J5,279,330,609
2019-10-07T07:45:00+09:00,J1,885,806,1691
2019-10-07T07:45:00+09:00,J2,594,313,907
2019-10-07T07:45:00+09:00,J3,851,887,1738
2019-10-07T07:45:00+09:00,J4,1183,1225,2408
2019-10-07T07:45:00+09:00,J5,292,300,592
2019-10-07T08:00:00+09:00,J1,1130,982,2112
2019-10-07T08:00:00+09:00,J2,724,402,1126
2019-10-07T08:00:00+09:00,J3,800,977,1777
2019-10-07T08:00:00+09:00,J4,1087,1281,2368
2019-10-07T08:00:00+09:00,J5,330,336,666
2019-10-07T08:15:00+09:00,J1,1081,861,1942
2019-10-07T08:15:00+09:00,J2,772,354,1126
2019-10-07T08:15:00+09:00,J3,927,1057,1984
2019-10-07T08:15:00+09:00,J4,1051,1251,2302
2019-10-07T08:15:00+09:00,J5,337,362,699
2019-10-07T08:30:00+09:00,J1,1084,777,1861
2019-10-07T08:30:00+09:00,J2,732,352,1084
2019-10-07T08:30:00+09:00,J3,966,1117,2083
2019-10-07T08:30:00+09:00,J4,1047,1269,2316
2019-10-07T08:30:00+09:00,J5,346,392,738
2019-10-07T08:45:00+09:00,J1,876,659,1535
2019-10-07T08:45:00+09:00,J2,567,372,939
2019-10-07T08:45:00+09:00,J3,825,957,1782
2019-10-07T08:45:00+09:00,J4,929,1097,2026
2019-10-07T08:45:00+09:00,J5,278,280,558
2019-10-07T09:00:00+09:00,J1,807,723,1530
2019-10-07T09:00:00+09:00,J2,580,421,1001
2019-10-07T09:00:00+09:00,J3,753,719,1472
2019-10-07T09:00:00+09:00,J4,734,884,1618
2019-10-07T09:00:00+09:00,J5,274,291,565
2019-10-07T09:15:00+09:00,J1,770,602,1372
2019-10-07T09:15:00+09:00,J2,491,376,867
2019-10-07T09:15:00+09:00,J3,671,735,1406
2019-10-07T09:15:00+09:00,J4,650,784,1434
2019-10-07T09:15:00+09:00,J5,234,251,485
2019-10-07T09:30:00+09:00,J1,662,576,1238
2019-10-07T09:30:00+09:00,J2,475,378,853
2019-10-07T09:30:00+09:00,J3,774,748,1522
2019-10-07T09:30:00+09:00,J4,603,719,1322
2019-10-07T09:30:00+09:00,J5,331,343,674
2019-10-07T09:45:00+09:00,J1,649,530,1179
2019-10-07T09:45:00+09:00,J2,414,308,722
2019-10-07T09:45:00+09:00,J3,710,774,1484
2019-10-07T09:45:00+09:00,J4,474,587,1061
2019-10-07T09:45:00+09:00,J5,322,407,729
2019-10-07T10:00:00+09:00,J1,537,557,1094
2019-10-07T10:00:00+09:00,J2,355,307,662
2019-10-07T10:00:00+09:00,J3,708,703,1411
2019-10-07T10:00:00+09:00,J4,394,434,828
2019-10-07T10:00:00+09:00,J5,272,391,663
2019-10-07T10:15:00+09:00,J1,548,553,1101
2019-10-07T10:15:00+09:00,J2,421,301,722
2019-10-07T10:15:00+09:00,J3,639,710,1349
2019-10-07T10:15:00+09:00,J4,388,408,796
2019-10-07T10:15:00+09:00,J5,361,478,839
2019-10-07T10:30:00+09:00,J1,606,511,1117
2019-10-07T10:30:00+09:00,J2,494,331,825
2019-10-07T10:30:00+09:00,J3,649,633,1282
2019-10-07T10:30:00+09:00,J4,391,506,897
2019-10-07T10:30:00+09:00,J5,385,448,833
2019-10-07T10:45:00+09:00,J1,565,530,1095
2019-10-07T10:45:00+09:00,J2,513,386,899
2019-10-07T10:45:00+09:00,J3,572,547,1119
2019-10-07T10:45:00+09:00,J4,516,577,1093
2019-10-07T10:45:00+09:00,J5,407,410,817
2019-10-07T11:00:00+09:00,J1,537,483,1020
2019-10-07T11:00:00+09:00,J2,500,404,904
2019-10-07T11:00:00+09:00,J3,600,557,1157
2019-10-07T11:00:00+09:00,J4,412,475,887
2019-10-07T11:00:00+09:00,J5,341,356,697
2019-10-07T11:15:00+09:00,J1,682,628,1310
2019-10-07T11:15:00+09:00,J2,627,396,1023
2019-10-07T11:15:00+09:00,J3,562,549,1111
2019-10-07T11:15:00+09:00,J4,462,539,1001
2019-10-07T11:15:00+09:00,J5,368,384,752
2019-10-07T11:30:00+09:00,J1,733,638,1371
2019-10-07T11:30:00+09:00,J2,636,407,1043
2019-10-07T11:30:00+09:00,J3,620,634,1254
2019-10-07T11:30:00+09:00,J4,435,453,888
2019-10-07T11:30:00+09:00,J5,399,434,833
2019-10-07T11:45:00+09:00,J1,654,735,1389
2019-10-07T11:45:00+09:00,J2,614,464,1078
2019-10-07T11:45:00+09:00,J3,682,674,1356
2019-10-07T11:45:00+09:00,J4,469,458,927
2019-10-07T11:45:00+09:00,J5,390,441,831
2019-10-07T12:00:00+09:00,J1,735,710,1445
2019-10-07T12:00:00+09:00,J2,609,519,1128
2019-10-07T12:00:00+09:00,J3,732,726,1458
2019-10-07T12:00:00+09:00,J4,487,493,980
2019-10-07T12:00:00+09:00,J5,367,439,806
2019-10-07T12:15:00+09:00,J1,728,656,1384
2019-10-07T12:15:00+09:00,J2,637,567,1204
2019-10-07T12:15:00+09:00,J3,624,615,1239
2019-10-07T12:15:00+09:00,J4,741,731,1472
2019-10-07T12:15:00+09:00,J5,350,411,761
2019-10-07T12:30:00+09:00,J1,630,680,1310
2019-10-07T12:30:00+09:00,J2,606,653,1259
2019-10-07T12:30:00+09:00,J3,682,661,1343
2019-10-07T12:30:00+09:00,J4,803,874,1677
2019-10-07T12:30:00+09:00,J5,358,427,785
2019-10-07T12:45:00+09:00,J1,600,587,1187
2019-10-07T12:45:00+09:00,J2,605,546,1151
2019-10-07T12:45:00+09:00,J3,571,574,1145
2019-10-07T12:45:00+09:00,J4,747,783,1530
2019-10-07T12:45:00+09:00,J5,365,412,777
2019-10-07T13:00:00+09:00,J1,605,588,1193
2019-10-07T13:00:00+09:00,J2,577,560,1137
2019-10-07T13:00:00+09:00,J3,556,570,1126
2019-10-07T13:00:00+09:00,J4,758,813,1571
2019-10-07T13:00:00+09:00,J5,372,461,833
2019-10-07T13:15:00+09:00,J1,623,718,1341
2019-10-07T13:15:00+09:00,J2,586,582,1168
2019-10-07T13:15:00+09:00,J3,563,527,1090
2019-10-07T13:15:00+09:00,J4,740,764,1504
2019-10-07T13:15:00+09:00,J5,378,454,832
2019-10-07T13:30:00+09:00,J1,693,647,1340
2019-10-07T13:30:00+09:00,J2,608,556,1164
2019-10-07T13:30:00+09:00,J3,608,566,1174
2019-10-07T13:30:00+09:00,J4,750,724,1474
2019-10-07T13:30:00+09:00,J5,374,354,728
2019-10-07T13:45:00+09:00,J1,664,667,1331
2019-10-07T13:45:00+09:00,J2,577,541,1118
2019-10-07T13:45:00+09:00,J3,521,568,1089
2019-10-07T13:45:00+09:00,J4,796,789,1585
2019-10-07T13:45:00+09:00,J5,352,425,777
2019-10-07T14:00:00+09:00,J1,578,588,1166
2019-10-07T14:00:00+09:00,J2,614,653,1267
2019-10-07T14:00:00+09:00,J3,557,529,1086
2019-10-07T14:00:00+09:00,J4,762,843,1605
2019-10-07T14:00:00+09:00,J5,358,427,785
2019-10-07T14:15:00+09:00,J1,567,581,1148
2019-10-07T14:15:00+09:00,J2,663,675,1338
2019-10-07T14:15:00+09:00,J3,618,590,1208
2019-10-07T14:15:00+09:00,J4,803,776,1579
2019-10-07T14:15:00+09:00,J5,408,486,894
2019-10-07T14:30:00+09:00,J1,599,601,1200
2019-10-07T14:30:00+09:00,J2,664,668,1332
2019-10-07T14:30:00+09:00,J3,618,589,1207
2019-10-07T14:30:00+09:00,J4,817,768,1585
2019-10-07T14:30:00+09:00,J5,438,497,935
2019-10-07T14:45:00+09:00,J1,655,613,1268
2019-10-07T14:45:00+09:00,J2,666,562,1228
2019-10-07T14:45:00+09:00,J3,693,697,1390
2019-10-07T14:45:00+09:00,J4,876,797,1673
2019-10-07T14:45:00+09:00,J5,378,381,759
2019-10-07T15:00:00+09:00,J1,662,724,1386
2019-10-07T15:00:00+09:00,J2,596,612,1208
2019-10-07T15:00:00+09:00,J3,707,668,1375
2019-10-07T15:00:00+09:00,J4,782,766,1548
2019-10-07T15:00:00+09:00,J5,217,225,442
2019-10-07T15:15:00+09:00,J1,668,695,1363
2019-10-07T15:15:00+09:00,J2,639,615,1254
2019-10-07T15:15:00+09:00,J3,808,679,1487
2019-10-07T15:15:00+09:00,J4,869,863,1732
2019-10-07T15:15:00+09:00,J5,261,281,542
2019-10-07T15:30:00+09:00,J1,689,671,1360
2019-10-07T15:30:00+09:00,J2,680,647,1327
2019-10-07T15:30:00+09:00,J3,823,753,1576
2019-10-07T15:30:00+09:00,J4,927,814,1741
2019-10-07T15:30:00+09:00,J5,280,285,565
2019-10-07T15:45:00+09:00,J1,627,734,1361
2019-10-07T15:45:00+09:00,J2,643,626,1269
2019-10-07T15:45:00+09:00,J3,805,795,1600
2019-10-07T15:45:00+09:00,J4,837,750,1587
2019-10-07T15:45:00+09:00,J5,268,272,540
2019-10-07T16:00:00+09:00,J1,715,726,1441
2019-10-07T16:00:00+09:00,J2,653,682,1335
2019-10-07T16:00:00+09:00,J3,797,781,1578
2019-10-07T16:00:00+09:00,J4,852,823,1675
2019-10-07T16:00:00+09:00,J5,287,231,518
2019-10-07T16:15:00+09:00,J1,684,773,1457
2019-10-07T16:15:00+09:00,J2,648,587,1235
2019-10-07T16:15:00+09:00,J3,822,731,1553
2019-10-07T16:15:00+09:00,J4,784,735,1519
2019-10-07T16:15:00+09:00,J5,245,292,537
2019-10-07T16:30:00+09:00,J1,634,669,1303
2019-10-07T16:30:00+09:00,J2,614,580,1194
2019-10-07T16:30:00+09:00,J3,752,729,1481
2019-10-07T16:30:00+09:00,J4,806,796,1602
2019-10-07T16:30:00+09:00,J5,293,313,606
2019-10-07T16:45:00+09:00,J1,653,620,1273
2019-10-07T16:45:00+09:00,J2,651,587,1238
2019-10-07T16:45:00+09:00,J3,744,702,1446
2019-10-07T16:45:00+09:00,J4,799,808,1607
2019-10-07T16:45:00+09:00,J5,326,320,646
2019-10-07T17:00:00+09:00,J1,731,674,1405
2019-10-07T17:00:00+09:00,J2,630,631,1261
2019-10-07T17:00:00+09:00,J3,845,821,1666
2019-10-07T17:00:00+09:00,J4,730,681,1411
2019-10-07T17:00:00+09:00,J5,380,431,811
2019-10-07T17:15:00+09:00,J1,740,853,1593
2019-10-07T17:15:00+09:00,J2,651,634,1285
2019-10-07T17:15:00+09:00,J3,856,704,1560
2019-10-07T17:15:00+09:00,J4,874,769,1643
2019-10-07T17:15:00+09:00,J5,426,447,873
2019-10-07T17:30:00+09:00,J1,789,905,1694
2019-10-07T17:30:00+09:00,J2,665,632,1297
2019-10-07T17:30:00+09:00,J3,836,817,1653
2019-10-07T17:30:00+09:00,J4,957,759,1716
2019-10-07T17:30:00+09:00,J5,465,585,1050
2019-10-07T17:45:00+09:00,J1,749,981,1730
2019-10-07T17:45:00+09:00,J2,704,703,1407
2019-10-07T17:45:00+09:00,J3,878,784,1662
2019-10-07T17:45:00+09:00,J4,999,795,1794
2019-10-07T17:45:00+09:00,J5,479,627,1106
2019-10-07T18:00:00+09:00,J1,775,934,1709
2019-10-07T18:00:00+09:00,J2,735,681,1416
2019-10-07T18:00:00+09:00,J3,907,727,1634
2019-10-07T18:00:00+09:00,J4,1025,865,1890
2019-10-07T18:00:00+09:00,J5,413,712,1125
2019-10-07T18:15:00+09:00,J1,816,805,1621
2019-10-07T18:15:00+09:00,J2,723,722,1445
2019-10-07T18:15:00+09:00,J3,880,680,1560
2019-10-07T18:15:00+09:00,J4,1107,822,1929
2019-10-07T18:15:00+09:00,J5,427,637,1064
2019-10-07T18:30:00+09:00,J1,808,863,1671
2019-10-07T18:30:00+09:00,J2,713,599,1312
2019-10-07T18:30:00+09:00,J3,805,571,1376
2019-10-07T18:30:00+09:00,J4,989,834,1823
2019-10-07T18:30:00+09:00,J5,410,458,868
2019-10-07T18:45:00+09:00,J1,754,744,1498
2019-10-07T18:45:00+09:00,J2,685,554,1239
2019-10-07T18:45:00+09:00,J3,660,555,1215
2019-10-07T18:45:00+09:00,J4,937,762,1699
2019-10-07T18:45:00+09:00,J5,396,559,955
2019-10-07T19:00:00+09:00,J1,679,636,1315
2019-10-07T19:00:00+09:00,J2,499,452,951
2019-10-07T19:00:00+09:00,J3,667,503,1170
2019-10-07T19:00:00+09:00,J4,932,700,1632
2019-10-07T19:00:00+09:00,J5,432,593,1025
2019-10-07T19:15:00+09:00,J1,716,786,1502
2019-10-07T19:15:00+09:00,J2,432,454,886
2019-10-07T19:15:00+09:00,J3,607,558,1165
2019-10-07T19:15:00+09:00,J4,868,655,1523
2019-10-07T19:15:00+09:00,J5,442,616,1058
2019-10-07T19:30:00+09:00,J1,632,787,1419
2019-10-07T19:30:00+09:00,J2,411,380,791
2019-10-07T19:30:00+09:00,J3,591,521,1112
2019-10-07T19:30:00+09:00,J4,639,525,1164
2019-10-07T19:30:00+09:00,J5,423,552,975
2019-10-07T19:45:00+09:00,J1,643,707,1350
2019-10-07T19:45:00+09:00,J2,343,373,716
2019-10-07T19:45:00+09:00,J3,512,490,1002
2019-10-07T19:45:00+09:00,J4,606,527,1133
2019-10-07T19:45:00+09:00,J5,437,500,937
2019-10-07T20:00:00+09:00,J1,576,676,1252
2019-10-07T20:00:00+09:00,J2,376,360,736
2019-10-07T20:00:00+09:00,J3,482,485,967
2019-10-07T20:00:00+09:00,J4,607,481,1088
2019-10-07T20:00:00+09:00,J5,458,519,977
2019-10-07T20:15:00+09:00,J1,523,598,1121
2019-10-07T20:15:00+09:00,J2,491,449,940
2019-10-07T20:15:00+09:00,J3,516,441,957
2019-10-07T20:15:00+09:00,J4,612,514,1126
2019-10-07T20:15:00+09:00,J5,419,514,933
2019-10-07T20:30:00+09:00,J1,614,656,1270
2019-10-07T20:30:00+09:00,J2,489,368,857
2019-10-07T20:30:00+09:00,J3,581,486,1067
2019-10-07T20:30:00+09:00,J4,504,416,920
2019-10-07T20:30:00+09:00,J5,430,440,870
2019-10-07T20:45:00+09:00,J1,643,758,1401
2019-10-07T20:45:00+09:00,J2,423,396,819
2019-10-07T20:45:00+09:00,J3,542,463,1005
2019-10-07T20:45:00+09:00,J4,537,504,1041
2019-10-07T20:45:00+09:00,J5,363,433,796
2019-10-07T21:00:00+09:00,J1,734,716,1450
2019-10-07T21:00:00+09:00,J2,420,415,835
2019-10-07T21:00:00+09:00,J3,523,457,980
2019-10-07T21:00:00+09:00,J4,590,487,1077
2019-10-07T21:00:00+09:00,J5,356,350,706
2019-10-07T21:15:00+09:00,J1,698,734,1432
2019-10-07T21:15:00+09:00,J2,427,420,847
2019-10-07T21:15:00+09:00,J3,497,517,1014
2019-10-07T21:15:00+09:00,J4,683,517,1200
2019-10-07T21:15:00+09:00,J5,343,419,762
2019-10-07T21:30:00+09:00,J1,683,751,1434
2019-10-07T21:30:00+09:00,J2,505,451,956
2019-10-07T21:30:00+09:00,J3,531,466,997
2019-10-07T21:30:00+09:00,J4,607,449,1056
2019-10-07T21:30:00+09:00,J5,346,393,739
2019-10-07T21:45:00+09:00,J1,617,634,1251
2019-10-07T21:45:00+09:00,J2,417,453,870
2019-10-07T21:45:00+09:00,J3,483,425,908
2019-10-07T21:45:00+09:00,J4,565,497,1062
2019-10-07T21:45:00+09:00,J5,286,320,606
2019-10-07T22:00:00+09:00,J1,620,627,1247
2019-10-07T22:00:00+09:00,J2,424,476,900
2019-10-07T22:00:00+09:00,J3,518,434,952
2019-10-07T22:00:00+09:00,J4,583,532,1115
2019-10-07T22:00:00+09:00,J5,282,329,611
2019-10-07T22:15:00+09:00,J1,555,557,1112
2019-10-07T22:15:00+09:00,J2,432,448,880
2019-10-07T22:15:00+09:00,J3,425,377,802
2019-10-07T22:15:00+09:00,J4,568,520,1088
2019-10-07T22:15:00+09:00,J5,307,329,636
2019-10-07T22:30:00+09:00,J1,559,585,1144
2019-10-07T22:30:00+09:00,J2,402,420,822
2019-10-07T22:30:00+09:00,J3,414,366,780
2019-10-07T22:30:00+09:00,J4,573,594,1167
2019-10-07T22:30:00+09:00,J5,332,383,715
2019-10-07T22:45:00+09:00,J1,510,552,1062
2019-10-07T22:45:00+09:00,J2,398,391,789
2019-10-07T22:45:00+09:00,J3,432,399,831
2019-10-07T22:45:00+09:00,J4,623,552,1175
2019-10-07T22:45:00+09:00,J5,314,317,631
2019-10-07T23:00:00+09:00,J1,469,474,943
2019-10-07T23:00:00+09:00,J2,500,473,973
2019-10-07T23:00:00+09:00,J3,366,319,685
2019-10-07T23:00:00+09:00,J4,653,474,1127
2019-10-07T23:00:00+09:00,J5,276,276,552
2019-10-07T23:15:00+09:00,J1,508,507,1015
2019-10-07T23:15:00+09:00,J2,441,432,873
2019-10-07T23:15:00+09:00,J3,379,374,753
2019-10-07T23:15:00+09:00,J4,553,534,1087
2019-10-07T23:15:00+09:00,J5,259,280,539
2019-10-07T23:30:00+09:00,J1,441,500,941
2019-10-07T23:30:00+09:00,J2,384,399,783
2019-10-07T23:30:00+09:00,J3,360,365,725
2019-10-07T23:30:00+09:00,J4,569,581,1150
2019-10-07T23:30:00+09:00,J5,294,297,591
2019-10-07T23:45:00+09:00,J1,336,378,714
2019-10-07T23:45:00+09:00,J2,377,344,721
2019-10-07T23:45:00+09:00,J3,243,220,463
2019-10-07T23:45:00+09:00,J4,534,455,989
2019-10-07T23:45:00+09:00,J5,224,225,449
2019-10-08T00:00:00+09:00,J1,223,253,476
2019-10-08T00:00:00+09:00,J2,358,343,701
2019-10-08T00:00:00+09:00,J3,194,178,372
2019-10-08T00:00:00+09:00,J4,503,425,928
2019-10-08T00:00:00+09:00,J5,196,237,433
2019-10-08T00:15:00+09:00,J1,197,220,417
2019-10-08T00:15:00+09:00,J2,382,358,740
2019-10-08T00:15:00+09:00,J3,486,431,917
2019-10-08T00:15:00+09:00,J4,479,471,950
2019-10-08T00:15:00+09:00,J5,291,275,566
2019-10-08T00:30:00+09:00,J1,173,179,352
2019-10-08T00:30:00+09:00,J2,315,406,721
2019-10-08T00:30:00+09:00,J3,446,429,875
2019-10-08T00:30:00+09:00,J4,217,201,418
2019-10-08T00:30:00+09:00,J5,193,168,361
2019-10-08T00:45:00+09:00,J1,179,192,371
2019-10-08T00:45:00+09:00,J2,361,378,739
2019-10-08T00:45:00+09:00,J3,407,409,816
2019-10-08T00:45:00+09:00,J4,201,164,365
2019-10-08T00:45:00+09:00,J5,173,162,335
2019-10-08T05:45:00+09:00,J1,336,321,657
2019-10-08T05:45:00+09:00,J2,288,219,507
2019-10-08T05:45:00+09:00,J3,477,469,946
2019-10-08T05:45:00+09:00,J4,680,764,1444
2019-10-08T05:45:00+09:00,J5,175,169,344
2019-10-08T06:00:00+09:00,J1,508,508,1016
2019-10-08T06:00:00+09:00,J2,371,286,657
2019-10-08T06:00:00+09:00,J3,538,517,1055
2019-10-08T06:00:00+09:00,J4,342,404,746
2019-10-08T06:00:00+09:00,J5,215,216,431
2019-10-08T06:15:00+09:00,J1,514,542,1056
2019-10-08T06:15:00+09:00,J2,465,401,866
2019-10-08T06:15:00+09:00,J3,652,583,1235
2019-10-08T06:15:00+09:00,J4,367,371,738
2019-10-08T06:15:00+09:00,J5,291,267,558
2019-10-08T06:30:00+09:00,J1,601,617,1218
2019-10-08T06:30:00+09:00,J2,434,396,830
2019-10-08T06:30:00+09:00,J3,596,511,1107
2019-10-08T06:30:00+09:00,J4,381,400,781
2019-10-08T06:30:00+09:00,J5,341,337,678
2019-10-08T06:45:00+09:00,J1,611,563,1174
2019-10-08T06:45:00+09:00,J2,402,321,723
2019-10-08T06:45:00+09:00,J3,650,610,1260
2019-10-08T06:45:00+09:00,J4,413,423,836
2019-10-08T06:45:00+09:00,J5,275,361,636
2019-10-08T07:00:00+09:00,J1,621,582,1203
2019-10-08T07:00:00+09:00,J2,483,364,847
2019-10-08T07:00:00+09:00,J3,645,574,1219
2019-10-08T07:00:00+09:00,J4,613,625,1238
2019-10-08T07:00:00+09:00,J5,296,356,652
2019-10-08T07:15:00+09:00,J1,669,596,1265
2019-10-08T07:15:00+09:00,J2,533,358,891
2019-10-08T07:15:00+09:00,J3,660,630,1290
2019-10-08T07:15:00+09:00,J4,615,775,1390
2019-10-08T07:15:00+09:00,J5,345,414,759
2019-10-08T07:30:00+09:00,J1,759,613,1372
2019-10-08T07:30:00+09:00,J2,559,460,1019
2019-10-08T07:30:00+09:00,J3,593,641,1234
2019-10-08T07:30:00+09:00,J4,658,844,1502
2019-10-08T07:30:00+09:00,J5,395,359,754
2019-10-08T07:45:00+09:00,J1,884,699,1583
2019-10-08T07:45:00+09:00,J2,633,400,1033
2019-10-08T07:45:00+09:00,J3,715,731,1446
2019-10-08T07:45:00+09:00,J4,865,1130,1995
2019-10-08T07:45:00+09:00,J5,438,474,912
2019-10-08T08:00:00+09:00,J1,992,881,1873
2019-10-08T08:00:00+09:00,J2,761,402,1163
2019-10-08T08:00:00+09:00,J3,758,823,1581
2019-10-08T08:00:00+09:00,J4,813,1160,1973
2019-10-08T08:00:00+09:00,J5,510,533,1043
2019-10-08T08:15:00+09:00,J1,1085,753,1838
2019-10-08T08:15:00+09:00,J2,994,532,1526
2019-10-08T08:15:00+09:00,J3,856,966,1822
2019-10-08T08:15:00+09:00,J4,787,1224,2011
2019-10-08T08:15:00+09:00,J5,514,453,967
2019-10-08T08:30:00+09:00,J1,1068,768,1836
2019-10-08T08:30:00+09:00,J2,941,549,1490
2019-10-08T08:30:00+09:00,J3,843,1028,1871
2019-10-08T08:30:00+09:00,J4,830,1237,2067
2019-10-08T08:30:00+09:00,J5,406,423,829
2019-10-08T08:45:00+09:00,J1,752,571,1323
2019-10-08T08:45:00+09:00,J2,747,473,1220
2019-10-08T08:45:00+09:00,J3,587,787,1374
2019-10-08T08:45:00+09:00,J4,803,1125,1928
2019-10-08T08:45:00+09:00,J5,386,386,772
2019-10-08T09:00:00+09:00,J1,757,555,1312
2019-10-08T09:00:00+09:00,J2,715,539,1254
2019-10-08T09:00:00+09:00,J3,608,566,1174
2019-10-08T09:00:00+09:00,J4,663,753,1416
2019-10-08T09:00:00+09:00,J5,404,394,798
2019-10-08T09:15:00+09:00,J1,649,470,1119
2019-10-08T09:15:00+09:00,J2,653,493,1146
2019-10-08T09:15:00+09:00,J3,488,487,975
2019-10-08T09:15:00+09:00,J4,610,728,1338
2019-10-08T09:15:00+09:00,J5,297,279,576
2019-10-08T09:30:00+09:00,J1,670,565,1235
2019-10-08T09:30:00+09:00,J2,644,514,1158
2019-10-08T09:30:00+09:00,J3,573,555,1128
2019-10-08T09:30:00+09:00,J4,560,661,1221
2019-10-08T09:30:00+09:00,J5,243,154,397
2019-10-08T09:45:00+09:00,J1,638,542,1180
2019-10-08T09:45:00+09:00,J2,623,521,1144
2019-10-08T09:45:00+09:00,J3,672,620,1292
2019-10-08T09:45:00+09:00,J4,679,742,1421
2019-10-08T09:45:00+09:00,J5,274,184,458
2019-10-08T10:00:00+09:00,J1,499,435,934
2019-10-08T10:00:00+09:00,J2,588,507,1095
2019-10-08T10:00:00+09:00,J3,512,461,973
2019-10-08T10:00:00+09:00,J4,639,603,1242
2019-10-08T10:00:00+09:00,J5,175,128,303
2019-10-08T10:15:00+09:00,J1,504,418,922
2019-10-08T10:15:00+09:00,J2,545,484,1029
2019-10-08T10:15:00+09:00,J3,454,416,870
2019-10-08T10:15:00+09:00,J4,576,695,1271
2019-10-08T10:15:00+09:00,J5,199,125,324
2019-10-08T10:30:00+09:00,J1,533,416,949
2019-10-08T10:30:00+09:00,J2,545,521,1066
2019-10-08T10:30:00+09:00,J3,512,425,937
2019-10-08T10:30:00+09:00,J4,632,633,1265
2019-10-08T10:30:00+09:00,J5,236,156,392
2019-10-08T10:45:00+09:00,J1,530,482,1012
2019-10-08T10:45:00+09:00,J2,590,436,1026
2019-10-08T10:45:00+09:00,J3,557,464,1021
2019-10-08T10:45:00+09:00,J4,637,625,1262
2019-10-08T10:45:00+09:00,J5,169,140,309
2019-10-08T11:00:00+09:00,J1,499,456,955
2019-10-08T11:00:00+09:00,J2,494,406,900
2019-10-08T11:00:00+09:00,J3,554,554,1108
2019-10-08T11:00:00+09:00,J4,699,671,1370
2019-10-08T11:00:00+09:00,J5,212,140,352
2019-10-08T11:15:00+09:00,J1,548,527,1075
2019-10-08T11:15:00+09:00,J2,481,401,882
2019-10-08T11:15:00+09:00,J3,605,571,1176
2019-10-08T11:15:00+09:00,J4,713,750,1463
2019-10-08T11:15:00+09:00,J5,199,160,359
2019-10-08T11:30:00+09:00,J1,590,519,1109
2019-10-08T11:30:00+09:00,J2,502,413,915
2019-10-08T11:30:00+09:00,J3,636,609,1245
2019-10-08T11:30:00+09:00,J4,659,722,1381
2019-10-08T11:30:00+09:00,J5,231,175,406
2019-10-08T11:45:00+09:00,J1,617,580,1197
2019-10-08T11:45:00+09:00,J2,486,456,942
2019-10-08T11:45:00+09:00,J3,678,634,1312
2019-10-08T11:45:00+09:00,J4,742,681,1423
2019-10-08T11:45:00+09:00,J5,222,206,428
2019-10-08T12:00:00+09:00,J1,655,644,1299
2019-10-08T12:00:00+09:00,J2,511,489,1000
2019-10-08T12:00:00+09:00,J3,824,735,1559
2019-10-08T12:00:00+09:00,J4,753,767,1520
2019-10-08T12:00:00+09:00,J5,278,247,525
2019-10-08T12:15:00+09:00,J1,671,561,1232
2019-10-08T12:15:00+09:00,J2,554,431,985
2019-10-08T12:15:00+09:00,J3,811,706,1517
2019-10-08T12:15:00+09:00,J4,708,748,1456
2019-10-08T12:15:00+09:00,J5,239,208,447
2019-10-08T12:30:00+09:00,J1,602,643,1245
2019-10-08T12:30:00+09:00,J2,472,452,924
2019-10-08T12:30:00+09:00,J3,871,843,1714
2019-10-08T12:30:00+09:00,J4,745,807,1552
2019-10-08T12:30:00+09:00,J5,234,207,441
2019-10-08T12:45:00+09:00,J1,577,578,1155
2019-10-08T12:45:00+09:00,J2,460,428,888
2019-10-08T12:45:00+09:00,J3,861,777,1638
2019-10-08T12:45:00+09:00,J4,679,741,1420
2019-10-08T12:45:00+09:00,J5,272,198,470
2019-10-08T13:00:00+09:00,J1,513,583,1096
2019-10-08T13:00:00+09:00,J2,484,492,976
2019-10-08T13:00:00+09:00,J3,740,747,1487
2019-10-08T13:00:00+09:00,J4,696,666,1362
2019-10-08T13:00:00+09:00,J5,230,190,420
2019-10-08T13:15:00+09:00,J1,597,580,1177
2019-10-08T13:15:00+09:00,J2,496,424,920
2019-10-08T13:15:00+09:00,J3,791,713,1504
2019-10-08T13:15:00+09:00,J4,649,634,1283
2019-10-08T13:15:00+09:00,J5,258,239,497
2019-10-08T13:30:00+09:00,J1,593,554,1147
2019-10-08T13:30:00+09:00,J2,467,429,896
2019-10-08T13:30:00+09:00,J3,752,678,1430
2019-10-08T13:30:00+09:00,J4,627,607,1234
2019-10-08T13:30:00+09:00,J5,301,280,581
2019-10-08T13:45:00+09:00,J1,560,597,1157
2019-10-08T13:45:00+09:00,J2,442,469,911
2019-10-08T13:45:00+09:00,J3,719,667,1386
2019-10-08T13:45:00+09:00,J4,479,481,960
2019-10-08T13:45:00+09:00,J5,284,269,553
2019-10-08T14:00:00+09:00,J1,513,510,1023
2019-10-08T14:00:00+09:00,J2,394,426,820
2019-10-08T14:00:00+09:00,J3,691,713,1404
2019-10-08T14:00:00+09:00,J4,527,525,1052
2019-10-08T14:00:00+09:00,J5,248,274,522
2019-10-08T14:15:00+09:00,J1,531,570,1101
2019-10-08T14:15:00+09:00,J2,424,523,947
2019-10-08T14:15:00+09:00,J3,690,690,1380
2019-10-08T14:15:00+09:00,J4,609,514,1123
2019-10-08T14:15:00+09:00,J5,307,244,551
2019-10-08T14:30:00+09:00,J1,514,518,1032
2019-10-08T14:30:00+09:00,J2,425,484,909
2019-10-08T14:30:00+09:00,J3,696,687,1383
2019-10-08T14:30:00+09:00,J4,525,580,1105
2019-10-08T14:30:00+09:00,J5,281,298,579
2019-10-08T14:45:00+09:00,J1,479,477,956
2019-10-08T14:45:00+09:00,J2,418,448,866
2019-10-08T14:45:00+09:00,J3,606,570,1176
2019-10-08T14:45:00+09:00,J4,455,454,909
2019-10-08T14:45:00+09:00,J5,271,267,538
2019-10-08T15:00:00+09:00,J1,504,529,1033
2019-10-08T15:00:00+09:00,J2,341,440,781
2019-10-08T15:00:00+09:00,J3,555,649,1204
2019-10-08T15:00:00+09:00,J4,458,451,909
2019-10-08T15:00:00+09:00,J5,228,213,441
2019-10-08T15:15:00+09:00,J1,531,556,1087
2019-10-08T15:15:00+09:00,J2,423,449,872
2019-10-08T15:15:00+09:00,J3,558,605,1163
2019-10-08T15:15:00+09:00,J4,497,477,974
2019-10-08T15:15:00+09:00,J5,263,237,500
2019-10-08T15:30:00+09:00,J1,518,529,1047
2019-10-08T15:30:00+09:00,J2,351,477,828
2019-10-08T15:30:00+09:00,J3,632,662,1294
2019-10-08T15:30:00+09:00,J4,471,514,985
2019-10-08T15:30:00+09:00,J5,263,185,448
2019-10-08T15:45:00+09:00,J1,563,579,1142
2019-10-08T15:45:00+09:00,J2,381,387,768
2019-10-08T15:45:00+09:00,J3,637,589,1226
2019-10-08T15:45:00+09:00,J4,395,400,795
2019-10-08T15:45:00+09:00,J5,280,284,564
2019-10-08T16:00:00+09:00,J1,545,567,1112
2019-10-08T16:00:00+09:00,J2,386,460,846
2019-10-08T16:00:00+09:00,J3,586,588,1174
2019-10-08T16:00:00+09:00,J4,354,383,737
2019-10-08T16:00:00+09:00,J5,271,270,541
2019-10-08T16:15:00+09:00,J1,551,619,1170
2019-10-08T16:15:00+09:00,J2,430,415,845
2019-10-08T16:15:00+09:00,J3,652,607,1259
2019-10-08T16:15:00+09:00,J4,405,465,870
2019-10-08T16:15:00+09:00,J5,253,293,546
2019-10-08T16:30:00+09:00,J1,615,617,1232
2019-10-08T16:30:00+09:00,J2,436,483,919
2019-10-08T16:30:00+09:00,J3,691,734,1425
2019-10-08T16:30:00+09:00,J4,554,532,1086
2019-10-08T16:30:00+09:00,J5,198,281,479
2019-10-08T16:45:00+09:00,J1,667,660,1327
2019-10-08T16:45:00+09:00,J2,461,472,933
2019-10-08T16:45:00+09:00,J3,723,725,1448
2019-10-08T16:45:00+09:00,J4,495,505,1000
2019-10-08T16:45:00+09:00,J5,178,291,469
2019-10-08T17:00:00+09:00,J1,706,683,1389
2019-10-08T17:00:00+09:00,J2,492,454,946
2019-10-08T17:00:00+09:00,J3,749,695,1444
2019-10-08T17:00:00+09:00,J4,539,451,990
2019-10-08T17:00:00+09:00,J5,187,328,515
2019-10-08T17:15:00+09:00,J1,653,722,1375
2019-10-08T17:15:00+09:00,J2,504,460,964
2019-10-08T17:15:00+09:00,J3,801,678,1479
2019-10-08T17:15:00+09:00,J4,557,439,996
2019-10-08T17:15:00+09:00,J5,212,385,597
2019-10-08T17:30:00+09:00,J1,763,743,1506
2019-10-08T17:30:00+09:00,J2,533,471,1004
2019-10-08T17:30:00+09:00,J3,886,706,1592
2019-10-08T17:30:00+09:00,J4,651,524,1175
2019-10-08T17:30:00+09:00,J5,275,357,632
2019-10-08T17:45:00+09:00,J1,751,792,1543
2019-10-08T17:45:00+09:00,J2,522,487,1009
2019-10-08T17:45:00+09:00,J3,906,707,1613
2019-10-08T17:45:00+09:00,J4,640,502,1142
2019-10-08T17:45:00+09:00,J5,248,278,526
2019-10-08T18:00:00+09:00,J1,708,856,1564
2019-10-08T18:00:00+09:00,J2,499,463,962
2019-10-08T18:00:00+09:00,J3,826,724,1550
2019-10-08T18:00:00+09:00,J4,679,515,1194
2019-10-08T18:00:00+09:00,J5,317,388,705
2019-10-08T18:15:00+09:00,J1,715,729,1444
2019-10-08T18:15:00+09:00,J2,492,458,950
2019-10-08T18:15:00+09:00,J3,789,657,1446
2019-10-08T18:15:00+09:00,J4,712,444,1156
2019-10-08T18:15:00+09:00,J5,251,362,613
2019-10-08T18:30:00+09:00,J1,632,677,1309
2019-10-08T18:30:00+09:00,J2,491,380,871
2019-10-08T18:30:00+09:00,J3,771,614,1385
2019-10-08T18:30:00+09:00,J4,654,452,1106
2019-10-08T18:30:00+09:00,J5,263,296,559
2019-10-08T18:45:00+09:00,J1,628,651,1279
2019-10-08T18:45:00+09:00,J2,439,407,846
2019-10-08T18:45:00+09:00,J3,800,646,1446
2019-10-08T18:45:00+09:00,J4,576,447,1023
2019-10-08T18:45:00+09:00,J5,223,280,503
2019-10-08T19:00:00+09:00,J1,492,592,1084
2019-10-08T19:00:00+09:00,J2,501,368,869
2019-10-08T19:00:00+09:00,J3,656,617,1273
2019-10-08T19:00:00+09:00,J4,648,517,1165
2019-10-08T19:00:00+09:00,J5,253,313,566
2019-10-08T19:15:00+09:00,J1,599,613,1212
2019-10-08T19:15:00+09:00,J2,541,395,936
2019-10-08T19:15:00+09:00,J3,688,591,1279
2019-10-08T19:15:00+09:00,J4,698,518,1216
2019-10-08T19:15:00+09:00,J5,239,325,564
2019-10-08T19:30:00+09:00,J1,510,554,1064
2019-10-08T19:30:00+09:00,J2,495,324,819
2019-10-08T19:30:00+09:00,J3,684,625,1309
2019-10-08T19:30:00+09:00,J4,707,591,1298
2019-10-08T19:30:00+09:00,J5,222,243,465
2019-10-08T19:45:00+09:00,J1,467,519,986
2019-10-08T19:45:00+09:00,J2,415,311,726
2019-10-08T19:45:00+09:00,J3,628,595,1223
2019-10-08T19:45:00+09:00,J4,637,654,1291
2019-10-08T19:45:00+09:00,J5,244,231,475
2019-10-08T20:00:00+09:00,J1,457,542,999
2019-10-08T20:00:00+09:00,J2,434,330,764
2019-10-08T20:00:00+09:00,J3,640,671,1311
2019-10-08T20:00:00+09:00,J4,763,612,1375
2019-10-08T20:00:00+09:00,J5,264,253,517
2019-10-08T20:15:00+09:00,J1,465,559,1024
2019-10-08T20:15:00+09:00,J2,313,314,627
2019-10-08T20:15:00+09:00,J3,625,545,1170
2019-10-08T20:15:00+09:00,J4,730,590,1320
2019-10-08T20:15:00+09:00,J5,316,278,594
2019-10-08T20:30:00+09:00,J1,456,492,948
2019-10-08T20:30:00+09:00,J2,304,292,596
2019-10-08T20:30:00+09:00,J3,623,563,1186
2019-10-08T20:30:00+09:00,J4,706,589,1295
2019-10-08T20:30:00+09:00,J5,411,369,780
2019-10-08T20:45:00+09:00,J1,508,555,1063
2019-10-08T20:45:00+09:00,J2,308,329,637
2019-10-08T20:45:00+09:00,J3,600,528,1128
2019-10-08T20:45:00+09:00,J4,704,540,1244
2019-10-08T20:45:00+09:00,J5,475,487,962
2019-10-08T21:00:00+09:00,J1,557,573,1130
2019-10-08T21:00:00+09:00,J2,329,350,679
2019-10-08T21:00:00+09:00,J3,642,545,1187
2019-10-08T21:00:00+09:00,J4,671,577,1248
2019-10-08T21:00:00+09:00,J5,421,509,930
2019-10-08T21:15:00+09:00,J1,539,537,1076
2019-10-08T21:15:00+09:00,J2,306,349,655
2019-10-08T21:15:00+09:00,J3,601,502,1103
2019-10-08T21:15:00+09:00,J4,673,528,1201
2019-10-08T21:15:00+09:00,J5,448,494,942
2019-10-08T21:30:00+09:00,J1,456,468,924
2019-10-08T21:30:00+09:00,J2,253,288,541
2019-10-08T21:30:00+09:00,J3,557,449,1006
2019-10-08T21:30:00+09:00,J4,676,662,1338
2019-10-08T21:30:00+09:00,J5,521,601,1122
2019-10-08T21:45:00+09:00,J1,354,406,760
2019-10-08T21:45:00+09:00,J2,272,324,596
2019-10-08T21:45:00+09:00,J3,559,446,1005
2019-10-08T21:45:00+09:00,J4,723,623,1346
2019-10-08T21:45:00+09:00,J5,529,556,1085
2019-10-08T22:00:00+09:00,J1,374,453,827
2019-10-08T22:00:00+09:00,J2,233,306,539
2019-10-08T22:00:00+09:00,J3,439,341,780
2019-10-08T22:00:00+09:00,J4,663,599,1262
2019-10-08T22:00:00+09:00,J5,405,484,889
2019-10-08T22:15:00+09:00,J1,374,464,838
2019-10-08T22:15:00+09:00,J2,211,302,513
2019-10-08T22:15:00+09:00,J3,343,322,665
2019-10-08T22:15:00+09:00,J4,647,621,1268
2019-10-08T22:15:00+09:00,J5,429,358,787
2019-10-08T22:30:00+09:00,J1,624,735,1359
2019-10-08T22:30:00+09:00,J2,259,289,548
2019-10-08T22:30:00+09:00,J3,423,379,802
2019-10-08T22:30:00+09:00,J4,645,581,1226
2019-10-08T22:30:00+09:00,J5,301,245,546
2019-10-08T22:45:00+09:00,J1,560,622,1182
2019-10-08T22:45:00+09:00,J2,354,388,742
2019-10-08T22:45:00+09:00,J3,356,335,691
2019-10-08T22:45:00+09:00,J4,633,549,1182
2019-10-08T22:45:00+09:00,J5,285,309,594
2019-10-08T23:00:00+09:00,J1,434,500,934
2019-10-08T23:00:00+09:00,J2,316,247,563
2019-10-08T23:00:00+09:00,J3,349,267,616
2019-10-08T23:00:00+09:00,J4,838,785,1623
2019-10-08T23:00:00+09:00,J5,309,390,699
2019-10-08T23:15:00+09:00,J1,331,340,671
2019-10-08T23:15:00+09:00,J2,229,266,495
2019-10-08T23:15:00+09:00,J3,283,290,573
2019-10-08T23:15:00+09:00,J4,820,911,1731
2019-10-08T23:15:00+09:00,J5,301,379,680
2019-10-08T23:30:00+09:00,J1,391,358,749
2019-10-08T23:30:00+09:00,J2,275,274,549
2019-10-08T23:30:00+09:00,J3,288,264,552
2019-10-08T23:30:00+09:00,J4,477,421,898
2019-10-08T23:30:00+09:00,J5,319,393,712
2019-10-08T23:45:00+09:00,J1,321,383,704
2019-10-08T23:45:00+09:00,J2,303,290,593
2019-10-08T23:45:00+09:00,J3,239,237,476
2019-10-08T23:45:00+09:00,J4,811,764,1575
2019-10-08T23:45:00+09:00,J5,334,464,798
2019-10-09T00:00:00+09:00,J1,170,196,366
2019-10-09T00:00:00+09:00,J2,306,317,623
2019-10-09T00:00:00+09:00,J3,282,261,543
2019-10-09T00:00:00+09:00,J4,988,938,1926
2019-10-09T00:00:00+09:00,J5,262,339,601
2019-10-09T00:15:00+09:00,J1,181,189,370
2019-10-09T00:15:00+09:00,J2,318,290,608
2019-10-09T00:15:00+09:00,J3,487,448,935
2019-10-09T00:15:00+09:00,J4,392,394,786
2019-10-09T00:15:00+09:00,J5,189,211,400
2019-10-09T00:30:00+09:00,J1,182,137,319
2019-10-09T00:30:00+09:00,J2,269,295,564
2019-10-09T00:30:00+09:00,J3,455,479,934
2019-10-09T00:30:00+09:00,J4,246,246,492
2019-10-09T00:30:00+09:00,J5,199,177,376
2019-10-09T00:45:00+09:00,J1,162,141,303
2019-10-09T00:45:00+09:00,J2,279,220,499
2019-10-09T00:45:00+09:00,J3,448,404,852
2019-10-09T00:45:00+09:00,J4,206,178,384
2019-10-09T00:45:00+09:00,J5,197,214,411
2019-10-09T05:45:00+09:00,J1,260,270,530
2019-10-09T05:45:00+09:00,J2,211,267,478
2019-10-09T05:45:00+09:00,J3,509,416,925
2019-10-09T05:45:00+09:00,J4,1148,1175,2323
2019-10-09T05:45:00+09:00,J5,235,218,453
2019-10-09T06:00:00+09:00,J1,537,528,1065
2019-10-09T06:00:00+09:00,J2,250,215,465
2019-10-09T06:00:00+09:00,J3,546,523,1069
2019-10-09T06:00:00+09:00,J4,538,524,1062
2019-10-09T06:00:00+09:00,J5,189,155,344
2019-10-09T06:15:00+09:00,J1,416,439,855
2019-10-09T06:15:00+09:00,J2,289,244,533
2019-10-09T06:15:00+09:00,J3,641,505,1146
2019-10-09T06:15:00+09:00,J4,943,946,1889
2019-10-09T06:15:00+09:00,J5,169,178,347
2019-10-09T06:30:00+09:00,J1,563,570,1133
2019-10-09T06:30:00+09:00,J2,278,245,523
2019-10-09T06:30:00+09:00,J3,621,553,1174
2019-10-09T06:30:00+09:00,J4,894,932,1826
2019-10-09T06:30:00+09:00,J5,207,223,430
2019-10-09T06:45:00+09:00,J1,592,569,1161
2019-10-09T06:45:00+09:00,J2,414,278,692
2019-10-09T06:45:00+09:00,J3,601,530,1131
2019-10-09T06:45:00+09:00,J4,977,953,1930
2019-10-09T06:45:00+09:00,J5,224,255,479
2019-10-09T07:00:00+09:00,J1,888,896,1784
2019-10-09T07:00:00+09:00,J2,350,253,603
2019-10-09T07:00:00+09:00,J3,585,558,1143
2019-10-09T07:00:00+09:00,J4,884,938,1822
2019-10-09T07:00:00+09:00,J5,345,325,670
2019-10-09T07:15:00+09:00,J1,806,819,1625
2019-10-09T07:15:00+09:00,J2,415,240,655
2019-10-09T07:15:00+09:00,J3,693,634,1327
2019-10-09T07:15:00+09:00,J4,1116,1129,2245
2019-10-09T07:15:00+09:00,J5,318,411,729
2019-10-09T07:30:00+09:00,J1,743,648,1391
2019-10-09T07:30:00+09:00,J2,509,340,849
2019-10-09T07:30:00+09:00,J3,705,739,1444
2019-10-09T07:30:00+09:00,J4,1218,1205,2423
2019-10-09T07:30:00+09:00,J5,392,457,849
2019-10-09T07:45:00+09:00,J1,866,689,1555
2019-10-09T07:45:00+09:00,J2,698,481,1179
2019-10-09T07:45:00+09:00,J3,827,909,1736
2019-10-09T07:45:00+09:00,J4,1169,1300,2469
2019-10-09T07:45:00+09:00,J5,345,375,720
2019-10-09T08:00:00+09:00,J1,1039,804,1843
2019-10-09T08:00:00+09:00,J2,704,490,1194
2019-10-09T08:00:00+09:00,J3,918,999,1917
2019-10-09T08:00:00+09:00,J4,1061,1242,2303
2019-10-09T08:00:00+09:00,J5,347,387,734
2019-10-09T08:15:00+09:00,J1,1169,837,2006
2019-10-09T08:15:00+09:00,J2,941,429,1370
2019-10-09T08:15:00+09:00,J3,971,1107,2078
2019-10-09T08:15:00+09:00,J4,969,1293,2262
2019-10-09T08:15:00+09:00,J5,384,406,790
2019-10-09T08:30:00+09:00,J1,1214,812,2026
2019-10-09T08:30:00+09:00,J2,931,371,1302
2019-10-09T08:30:00+09:00,J3,950,1174,2124
2019-10-09T08:30:00+09:00,J4,1008,1277,2285
2019-10-09T08:30:00+09:00,J5,428,444,872
2019-10-09T08:45:00+09:00,J1,1009,798,1807
2019-10-09T08:45:00+09:00,J2,661,352,1013
2019-10-09T08:45:00+09:00,J3,849,1020,1869
2019-10-09T08:45:00+09:00,J4,878,1074,1952
2019-10-09T08:45:00+09:00,J5,359,340,699
2019-10-09T09:00:00+09:00,J1,796,698,1494
2019-10-09T09:00:00+09:00,J2,514,363,877
2019-10-09T09:00:00+09:00,J3,822,796,1618
2019-10-09T09:00:00+09:00,J4,665,813,1478
2019-10-09T09:00:00+09:00,J5,343,359,702
2019-10-09T09:15:00+09:00,J1,681,551,1232
2019-10-09T09:15:00+09:00,J2,522,331,853
2019-10-09T09:15:00+09:00,J3,796,862,1658
2019-10-09T09:15:00+09:00,J4,801,898,1699
2019-10-09T09:15:00+09:00,J5,423,436,859
2019-10-09T09:30:00+09:00,J1,785,677,1462
2019-10-09T09:30:00+09:00,J2,517,384,901
2019-10-09T09:30:00+09:00,J3,785,805,1590
2019-10-09T09:30:00+09:00,J4,872,897,1769
2019-10-09T09:30:00+09:00,J5,445,478,923
2019-10-09T09:45:00+09:00,J1,669,722,1391
2019-10-09T09:45:00+09:00,J2,461,352,813
2019-10-09T09:45:00+09:00,J3,665,811,1476
2019-10-09T09:45:00+09:00,J4,785,831,1616
2019-10-09T09:45:00+09:00,J5,402,446,848
2019-10-09T10:00:00+09:00,J1,617,598,1215
2019-10-09T10:00:00+09:00,J2,400,323,723
2019-10-09T10:00:00+09:00,J3,714,786,1500
2019-10-09T10:00:00+09:00,J4,665,668,1333
2019-10-09T10:00:00+09:00,J5,375,430,805
2019-10-09T10:15:00+09:00,J1,633,557,1190
2019-10-09T10:15:00+09:00,J2,411,312,723
2019-10-09T10:15:00+09:00,J3,728,715,1443
2019-10-09T10:15:00+09:00,J4,590,654,1244
2019-10-09T10:15:00+09:00,J5,408,415,823
2019-10-09T10:30:00+09:00,J1,591,601,1192
2019-10-09T10:30:00+09:00,J2,479,331,810
2019-10-09T10:30:00+09:00,J3,639,734,1373
2019-10-09T10:30:00+09:00,J4,501,603,1104
2019-10-09T10:30:00+09:00,J5,442,464,906
2019-10-09T10:45:00+09:00,J1,693,683,1376
2019-10-09T10:45:00+09:00,J2,430,401,831
2019-10-09T10:45:00+09:00,J3,602,603,1205
2019-10-09T10:45:00+09:00,J4,476,498,974
2019-10-09T10:45:00+09:00,J5,446,446,892
2019-10-09T11:00:00+09:00,J1,686,611,1297
2019-10-09T11:00:00+09:00,J2,474,393,867
2019-10-09T11:00:00+09:00,J3,603,607,1210
2019-10-09T11:00:00+09:00,J4,360,495,855
2019-10-09T11:00:00+09:00,J5,477,449,926
2019-10-09T11:15:00+09:00,J1,754,722,1476
2019-10-09T11:15:00+09:00,J2,472,350,822
2019-10-09T11:15:00+09:00,J3,654,715,1369
2019-10-09T11:15:00+09:00,J4,464,515,979
2019-10-09T11:15:00+09:00,J5,440,506,946
2019-10-09T11:30:00+09:00,J1,775,719,1494
2019-10-09T11:30:00+09:00,J2,509,419,928
2019-10-09T11:30:00+09:00,J3,680,717,1397
2019-10-09T11:30:00+09:00,J4,392,418,810
2019-10-09T11:30:00+09:00,J5,336,492,828
2019-10-09T11:45:00+09:00,J1,746,740,1486
2019-10-09T11:45:00+09:00,J2,490,383,873
2019-10-09T11:45:00+09:00,J3,702,791,1493
2019-10-09T11:45:00+09:00,J4,393,436,829
2019-10-09T11:45:00+09:00,J5,362,448,810
2019-10-09T12:00:00+09:00,J1,743,745,1488
2019-10-09T12:00:00+09:00,J2,544,447,991
2019-10-09T12:00:00+09:00,J3,756,759,1515
2019-10-09T12:00:00+09:00,J4,475,483,958
2019-10-09T12:00:00+09:00,J5,351,390,741
2019-10-09T12:15:00+09:00,J1,692,710,1402
2019-10-09T12:15:00+09:00,J2,567,461,1028
2019-10-09T12:15:00+09:00,J3,682,702,1384
2019-10-09T12:15:00+09:00,J4,595,606,1201
2019-10-09T12:15:00+09:00,J5,311,378,689
2019-10-09T12:30:00+09:00,J1,697,699,1396
2019-10-09T12:30:00+09:00,J2,581,463,1044
2019-10-09T12:30:00+09:00,J3,669,653,1322
2019-10-09T12:30:00+09:00,J4,617,620,1237
2019-10-09T12:30:00+09:00,J5,348,353,701
2019-10-09T12:45:00+09:00,J1,604,701,1305
2019-10-09T12:45:00+09:00,J2,534,406,940
2019-10-09T12:45:00+09:00,J3,556,629,1185
2019-10-09T12:45:00+09:00,J4,627,605,1232
2019-10-09T12:45:00+09:00,J5,351,346,697
2019-10-09T13:00:00+09:00,J1,712,649,1361
2019-10-09T13:00:00+09:00,J2,563,413,976
2019-10-09T13:00:00+09:00,J3,601,566,1167
2019-10-09T13:00:00+09:00,J4,612,597,1209
2019-10-09T13:00:00+09:00,J5,378,400,778
2019-10-09T13:15:00+09:00,J1,638,683,1321
2019-10-09T13:15:00+09:00,J2,598,500,1098
2019-10-09T13:15:00+09:00,J3,560,526,1086
2019-10-09T13:15:00+09:00,J4,628,553,1181
2019-10-09T13:15:00+09:00,J5,360,417,777
2019-10-09T13:30:00+09:00,J1,669,672,1341
2019-10-09T13:30:00+09:00,J2,525,453,978
2019-10-09T13:30:00+09:00,J3,580,523,1103
2019-10-09T13:30:00+09:00,J4,783,790,1573
2019-10-09T13:30:00+09:00,J5,328,391,719
2019-10-09T13:45:00+09:00,J1,733,687,1420
2019-10-09T13:45:00+09:00,J2,511,463,974
2019-10-09T13:45:00+09:00,J3,573,556,1129
2019-10-09T13:45:00+09:00,J4,764,776,1540
2019-10-09T13:45:00+09:00,J5,319,350,669
2019-10-09T14:00:00+09:00,J1,749,689,1438
2019-10-09T14:00:00+09:00,J2,508,479,987
2019-10-09T14:00:00+09:00,J3,593,526,1119
2019-10-09T14:00:00+09:00,J4,734,766,1500
2019-10-09T14:00:00+09:00,J5,303,404,707
2019-10-09T14:15:00+09:00,J1,643,572,1215
2019-10-09T14:15:00+09:00,J2,540,458,998
2019-10-09T14:15:00+09:00,J3,596,545,1141
2019-10-09T14:15:00+09:00,J4,719,605,1324
2019-10-09T14:15:00+09:00,J5,330,392,722
2019-10-09T14:30:00+09:00,J1,668,631,1299
2019-10-09T14:30:00+09:00,J2,547,459,1006
2019-10-09T14:30:00+09:00,J3,550,578,1128
2019-10-09T14:30:00+09:00,J4,689,642,1331
2019-10-09T14:30:00+09:00,J5,321,373,694
2019-10-09T14:45:00+09:00,J1,674,743,1417
2019-10-09T14:45:00+09:00,J2,525,452,977
2019-10-09T14:45:00+09:00,J3,525,559,1084
2019-10-09T14:45:00+09:00,J4,647,668,1315
2019-10-09T14:45:00+09:00,J5,293,380,673
2019-10-09T15:00:00+09:00,J1,688,762,1450
2019-10-09T15:00:00+09:00,J2,548,475,1023
2019-10-09T15:00:00+09:00,J3,536,542,1078
2019-10-09T15:00:00+09:00,J4,665,734,1399
2019-10-09T15:00:00+09:00,J5,302,378,680
2019-10-09T15:15:00+09:00,J1,679,688,1367
2019-10-09T15:15:00+09:00,J2,517,463,980
2019-10-09T15:15:00+09:00,J3,547,550,1097
2019-10-09T15:15:00+09:00,J4,762,715,1477
2019-10-09T15:15:00+09:00,J5,266,294,560
2019-10-09T15:30:00+09:00,J1,611,563,1174
2019-10-09T15:30:00+09:00,J2,572,479,1051
2019-10-09T15:30:00+09:00,J3,541,554,1095
2019-10-09T15:30:00+09:00,J4,636,668,1304
2019-10-09T15:30:00+09:00,J5,254,309,563
2019-10-09T15:45:00+09:00,J1,633,622,1255
2019-10-09T15:45:00+09:00,J2,567,470,1037
2019-10-09T15:45:00+09:00,J3,492,530,1022
2019-10-09T15:45:00+09:00,J4,698,733,1431
2019-10-09T15:45:00+09:00,J5,282,349,631
2019-10-09T16:00:00+09:00,J1,695,697,1392
2019-10-09T16:00:00+09:00,J2,546,472,1018
2019-10-09T16:00:00+09:00,J3,501,569,1070
2019-10-09T16:00:00+09:00,J4,646,601,1247
2019-10-09T16:00:00+09:00,J5,242,322,564
2019-10-09T16:15:00+09:00,J1,632,633,1265
2019-10-09T16:15:00+09:00,J2,589,511,1100
2019-10-09T16:15:00+09:00,J3,570,541,1111
2019-10-09T16:15:00+09:00,J4,650,557,1207
2019-10-09T16:15:00+09:00,J5,342,332,674
2019-10-09T16:30:00+09:00,J1,678,694,1372
2019-10-09T16:30:00+09:00,J2,553,515,1068
2019-10-09T16:30:00+09:00,J3,588,571,1159
2019-10-09T16:30:00+09:00,J4,623,636,1259
2019-10-09T16:30:00+09:00,J5,268,312,580
2019-10-09T16:45:00+09:00,J1,712,635,1347
2019-10-09T16:45:00+09:00,J2,604,512,1116
2019-10-09T16:45:00+09:00,J3,595,550,1145
2019-10-09T16:45:00+09:00,J4,695,591,1286
2019-10-09T16:45:00+09:00,J5,225,303,528
2019-10-09T17:00:00+09:00,J1,706,738,1444
2019-10-09T17:00:00+09:00,J2,591,521,1112
2019-10-09T17:00:00+09:00,J3,719,584,1303
2019-10-09T17:00:00+09:00,J4,787,661,1448
2019-10-09T17:00:00+09:00,J5,254,290,544
2019-10-09T17:15:00+09:00,J1,758,804,1562
2019-10-09T17:15:00+09:00,J2,622,628,1250
2019-10-09T17:15:00+09:00,J3,739,697,1436
2019-10-09T17:15:00+09:00,J4,818,625,1443
2019-10-09T17:15:00+09:00,J5,327,329,656
2019-10-09T17:30:00+09:00,J1,825,864,1689
2019-10-09T17:30:00+09:00,J2,728,624,1352
2019-10-09T17:30:00+09:00,J3,854,747,1601
2019-10-09T17:30:00+09:00,J4,805,613,1418
2019-10-09T17:30:00+09:00,J5,331,387,718
2019-10-09T17:45:00+09:00,J1,901,959,1860
2019-10-09T17:45:00+09:00,J2,732,696,1428
2019-10-09T17:45:00+09:00,J3,908,767,1675
2019-10-09T17:45:00+09:00,J4,761,494,1255
2019-10-09T17:45:00+09:00,J5,327,459,786
2019-10-09T18:00:00+09:00,J1,903,964,1867
2019-10-09T18:00:00+09:00,J2,708,699,1407
2019-10-09T18:00:00+09:00,J3,925,743,1668
2019-10-09T18:00:00+09:00,J4,810,486,1296
2019-10-09T18:00:00+09:00,J5,341,425,766
2019-10-09T18:15:00+09:00,J1,898,900,1798
2019-10-09T18:15:00+09:00,J2,752,653,1405
2019-10-09T18:15:00+09:00,J3,915,700,1615
2019-10-09T18:15:00+09:00,J4,831,636,1467
2019-10-09T18:15:00+09:00,J5,295,471,766
2019-10-09T18:30:00+09:00,J1,799,764,1563
2019-10-09T18:30:00+09:00,J2,683,505,1188
2019-10-09T18:30:00+09:00,J3,855,630,1485
2019-10-09T18:30:00+09:00,J4,757,597,1354
2019-10-09T18:30:00+09:00,J5,338,419,757
2019-10-09T18:45:00+09:00,J1,726,753,1479
2019-10-09T18:45:00+09:00,J2,592,417,1009
2019-10-09T18:45:00+09:00,J3,704,582,1286
2019-10-09T18:45:00+09:00,J4,689,631,1320
2019-10-09T18:45:00+09:00,J5,300,364,664
2019-10-09T19:00:00+09:00,J1,704,726,1430
2019-10-09T19:00:00+09:00,J2,585,560,1145
2019-10-09T19:00:00+09:00,J3,706,585,1291
2019-10-09T19:00:00+09:00,J4,743,721,1464
2019-10-09T19:00:00+09:00,J5,293,421,714
2019-10-09T19:15:00+09:00,J1,687,766,1453
2019-10-09T19:15:00+09:00,J2,494,587,1081
2019-10-09T19:15:00+09:00,J3,729,656,1385
2019-10-09T19:15:00+09:00,J4,804,672,1476
2019-10-09T19:15:00+09:00,J5,294,389,683
2019-10-09T19:30:00+09:00,J1,660,731,1391
2019-10-09T19:30:00+09:00,J2,439,546,985
2019-10-09T19:30:00+09:00,J3,628,591,1219
2019-10-09T19:30:00+09:00,J4,872,772,1644
2019-10-09T19:30:00+09:00,J5,318,305,623
2019-10-09T19:45:00+09:00,J1,603,659,1262
2019-10-09T19:45:00+09:00,J2,425,536,961
2019-10-09T19:45:00+09:00,J3,609,516,1125
2019-10-09T19:45:00+09:00,J4,972,847,1819
2019-10-09T19:45:00+09:00,J5,291,335,626
2019-10-09T20:00:00+09:00,J1,655,673,1328
2019-10-09T20:00:00+09:00,J2,431,549,980
2019-10-09T20:00:00+09:00,J3,597,543,1140
2019-10-09T20:00:00+09:00,J4,962,851,1813
2019-10-09T20:00:00+09:00,J5,324,282,606
2019-10-09T20:15:00+09:00,J1,598,602,1200
2019-10-09T20:15:00+09:00,J2,430,524,954
2019-10-09T20:15:00+09:00,J3,564,465,1029
2019-10-09T20:15:00+09:00,J4,836,720,1556
2019-10-09T20:15:00+09:00,J5,301,306,607
2019-10-09T20:30:00+09:00,J1,569,528,1097
2019-10-09T20:30:00+09:00,J2,475,482,957
2019-10-09T20:30:00+09:00,J3,583,533,1116
2019-10-09T20:30:00+09:00,J4,872,818,1690
2019-10-09T20:30:00+09:00,J5,366,312,678
2019-10-09T20:45:00+09:00,J1,592,684,1276
2019-10-09T20:45:00+09:00,J2,420,464,884
2019-10-09T20:45:00+09:00,J3,648,579,1227
2019-10-09T20:45:00+09:00,J4,873,730,1603
2019-10-09T20:45:00+09:00,J5,372,289,661
2019-10-09T21:00:00+09:00,J1,808,783,1591
2019-10-09T21:00:00+09:00,J2,423,516,939
2019-10-09T21:00:00+09:00,J3,648,556,1204
2019-10-09T21:00:00+09:00,J4,728,730,1458
2019-10-09T21:00:00+09:00,J5,311,278,589
2019-10-09T21:15:00+09:00,J1,698,740,1438
2019-10-09T21:15:00+09:00,J2,458,478,936
2019-10-09T21:15:00+09:00,J3,573,478,1051
2019-10-09T21:15:00+09:00,J4,951,854,1805
2019-10-09T21:15:00+09:00,J5,273,291,564
2019-10-09T21:30:00+09:00,J1,610,672,1282
2019-10-09T21:30:00+09:00,J2,401,460,861
2019-10-09T21:30:00+09:00,J3,542,479,1021
2019-10-09T21:30:00+09:00,J4,983,910,1893
2019-10-09T21:30:00+09:00,J5,305,281,586
2019-10-09T21:45:00+09:00,J1,665,734,1399
2019-10-09T21:45:00+09:00,J2,384,404,788
2019-10-09T21:45:00+09:00,J3,520,441,961
2019-10-09T21:45:00+09:00,J4,1061,876,1937
2019-10-09T21:45:00+09:00,J5,432,349,781
2019-10-09T22:00:00+09:00,J1,656,650,1306
2019-10-09T22:00:00+09:00,J2,383,429,812
2019-10-09T22:00:00+09:00,J3,538,512,1050
2019-10-09T22:00:00+09:00,J4,1036,997,2033
2019-10-09T22:00:00+09:00,J5,521,484,1005
2019-10-09T22:15:00+09:00,J1,536,539,1075
2019-10-09T22:15:00+09:00,J2,326,466,792
2019-10-09T22:15:00+09:00,J3,518,545,1063
2019-10-09T22:15:00+09:00,J4,1167,1137,2304
2019-10-09T22:15:00+09:00,J5,581,572,1153
2019-10-09T22:30:00+09:00,J1,561,555,1116
2019-10-09T22:30:00+09:00,J2,369,419,788
2019-10-09T22:30:00+09:00,J3,541,525,1066
2019-10-09T22:30:00+09:00,J4,1205,1148,2353
2019-10-09T22:30:00+09:00,J5,396,342,738
2019-10-09T22:45:00+09:00,J1,552,599,1151
2019-10-09T22:45:00+09:00,J2,397,461,858
2019-10-09T22:45:00+09:00,J3,582,500,1082
2019-10-09T22:45:00+09:00,J4,1146,1063,2209
2019-10-09T22:45:00+09:00,J5,187,205,392
2019-10-09T23:00:00+09:00,J1,545,612,1157
2019-10-09T23:00:00+09:00,J2,371,423,794
2019-10-09T23:00:00+09:00,J3,484,441,925
2019-10-09T23:00:00+09:00,J4,1003,1070,2073
2019-10-09T23:00:00+09:00,J5,193,199,392
2019-10-09T23:15:00+09:00,J1,580,572,1152
2019-10-09T23:15:00+09:00,J2,337,412,749
2019-10-09T23:15:00+09:00,J3,476,505,981
2019-10-09T23:15:00+09:00,J4,1128,1108,2236
2019-10-09T23:15:00+09:00,J5,215,217,432
2019-10-09T23:30:00+09:00,J1,492,618,1110
2019-10-09T23:30:00+09:00,J2,327,364,691
2019-10-09T23:30:00+09:00,J3,483,438,921
2019-10-09T23:30:00+09:00,J4,934,888,1822
2019-10-09T23:30:00+09:00,J5,201,196,397
2019-10-09T23:45:00+09:00,J1,495,474,969
2019-10-09T23:45:00+09:00,J2,364,398,762
2019-10-09T23:45:00+09:00,J3,439,401,840
2019-10-09T23:45:00+09:00,J4,1013,1029,2042
2019-10-09T23:45:00+09:00,J5,174,222,396
2019-10-10T00:00:00+09:00,J1,369,385,754
2019-10-10T00:00:00+09:00,J2,282,303,585
2019-10-10T00:00:00+09:00,J3,385,345,730
2019-10-10T00:00:00+09:00,J4,1049,1014,2063
2019-10-10T00:00:00+09:00,J5,187,209,396
2019-10-10T00:15:00+09:00,J1,216,209,425
2019-10-10T00:15:00+09:00,J2,277,191,468
2019-10-10T00:15:00+09:00,J3,385,369,754
2019-10-10T00:15:00+09:00,J4,437,433,870
2019-10-10T00:15:00+09:00,J5,212,194,406
2019-10-10T00:30:00+09:00,J1,353,272,625
2019-10-10T00:30:00+09:00,J2,271,183,454
2019-10-10T00:30:00+09:00,J3,294,281,575
2019-10-10T00:30:00+09:00,J4,323,366,689
2019-10-10T00:30:00+09:00,J5,221,188,409
2019-10-10T00:45:00+09:00,J1,276,265,541
2019-10-10T00:45:00+09:00,J2,251,163,414
2019-10-10T00:45:00+09:00,J3,295,256,551
2019-10-10T00:45:00+09:00,J4,331,328,659
2019-10-10T00:45:00+09:00,J5,224,165,389
2019-10-10T05:45:00+09:00,J1,389,433,822
2019-10-10T05:45:00+09:00,J2,224,272,496
2019-10-10T05:45:00+09:00,J3,519,499,1018
2019-10-10T05:45:00+09:00,J4,896,846,1742
2019-10-10T05:45:00+09:00,J5,285,261,546
2019-10-10T06:00:00+09:00,J1,495,484,979
2019-10-10T06:00:00+09:00,J2,245,268,513
2019-10-10T06:00:00+09:00,J3,420,353,773
2019-10-10T06:00:00+09:00,J4,902,892,1794
2019-10-10T06:00:00+09:00,J5,198,175,373
2019-10-10T06:15:00+09:00,J1,588,604,1192
2019-10-10T06:15:00+09:00,J2,177,132,309
2019-10-10T06:15:00+09:00,J3,444,428,872
2019-10-10T06:15:00+09:00,J4,920,857,1777
2019-10-10T06:15:00+09:00,J5,266,228,494
2019-10-10T06:30:00+09:00,J1,491,508,999
2019-10-10T06:30:00+09:00,J2,160,122,282
2019-10-10T06:30:00+09:00,J3,429,427,856
2019-10-10T06:30:00+09:00,J4,996,992,1988
2019-10-10T06:30:00+09:00,J5,264,276,540
2019-10-10T06:45:00+09:00,J1,713,690,1403
2019-10-10T06:45:00+09:00,J2,240,161,401
2019-10-10T06:45:00+09:00,J3,560,493,1053
2019-10-10T06:45:00+09:00,J4,816,853,1669
2019-10-10T06:45:00+09:00,J5,279,268,547
2019-10-10T07:00:00+09:00,J1,809,816,1625
2019-10-10T07:00:00+09:00,J2,213,160,373
2019-10-10T07:00:00+09:00,J3,510,484,994
2019-10-10T07:00:00+09:00,J4,908,944,1852
2019-10-10T07:00:00+09:00,J5,250,246,496
2019-10-10T07:15:00+09:00,J1,838,778,1616
2019-10-10T07:15:00+09:00,J2,260,185,445
2019-10-10T07:15:00+09:00,J3,612,620,1232
2019-10-10T07:15:00+09:00,J4,942,991,1933
2019-10-10T07:15:00+09:00,J5,276,270,546
2019-10-10T07:30:00+09:00,J1,649,637,1286
2019-10-10T07:30:00+09:00,J2,280,191,471
2019-10-10T07:30:00+09:00,J3,800,777,1577
2019-10-10T07:30:00+09:00,J4,924,956,1880
2019-10-10T07:30:00+09:00,J5,260,251,511
2019-10-10T07:45:00+09:00,J1,848,769,1617
2019-10-10T07:45:00+09:00,J2,374,201,575
2019-10-10T07:45:00+09:00,J3,816,852,1668
2019-10-10T07:45:00+09:00,J4,936,1073,2009
2019-10-10T07:45:00+09:00,J5,290,307,597
2019-10-10T08:00:00+09:00,J1,1086,960,2046
2019-10-10T08:00:00+09:00,J2,447,274,721
2019-10-10T08:00:00+09:00,J3,897,903,1800
2019-10-10T08:00:00+09:00,J4,992,1169,2161
2019-10-10T08:00:00+09:00,J5,338,389,727
2019-10-10T08:15:00+09:00,J1,994,700,1694
2019-10-10T08:15:00+09:00,J2,517,235,752
2019-10-10T08:15:00+09:00,J3,923,1030,1953
2019-10-10T08:15:00+09:00,J4,919,1180,2099
2019-10-10T08:15:00+09:00,J5,325,310,635
2019-10-10T08:30:00+09:00,J1,1065,816,1881
2019-10-10T08:30:00+09:00,J2,480,269,749
2019-10-10T08:30:00+09:00,J3,844,1076,1920
2019-10-10T08:30:00+09:00,J4,921,1190,2111
2019-10-10T08:30:00+09:00,J5,373,398,771
2019-10-10T08:45:00+09:00,J1,857,687,1544
2019-10-10T08:45:00+09:00,J2,347,195,542
2019-10-10T08:45:00+09:00,J3,839,995,1834
2019-10-10T08:45:00+09:00,J4,797,1116,1913
2019-10-10T08:45:00+09:00,J5,273,347,620
2019-10-10T09:00:00+09:00,J1,773,643,1416
2019-10-10T09:00:00+09:00,J2,371,277,648
2019-10-10T09:00:00+09:00,J3,751,813,1564
2019-10-10T09:00:00+09:00,J4,548,725,1273
2019-10-10T09:00:00+09:00,J5,304,303,607
2019-10-10T09:15:00+09:00,J1,678,554,1232
2019-10-10T09:15:00+09:00,J2,337,234,571
2019-10-10T09:15:00+09:00,J3,752,802,1554
2019-10-10T09:15:00+09:00,J4,493,581,1074
2019-10-10T09:15:00+09:00,J5,258,293,551
2019-10-10T09:30:00+09:00,J1,651,587,1238
2019-10-10T09:30:00+09:00,J2,368,256,624
2019-10-10T09:30:00+09:00,J3,762,788,1550
2019-10-10T09:30:00+09:00,J4,549,672,1221
2019-10-10T09:30:00+09:00,J5,315,362,677
2019-10-10T09:45:00+09:00,J1,590,583,1173
2019-10-10T09:45:00+09:00,J2,350,223,573
2019-10-10T09:45:00+09:00,J3,749,805,1554
2019-10-10T09:45:00+09:00,J4,419,517,936
2019-10-10T09:45:00+09:00,J5,334,358,692
2019-10-10T10:00:00+09:00,J1,529,499,1028
2019-10-10T10:00:00+09:00,J2,298,262,560
2019-10-10T10:00:00+09:00,J3,689,687,1376
2019-10-10T10:00:00+09:00,J4,416,381,797
2019-10-10T10:00:00+09:00,J5,289,384,673
2019-10-10T10:15:00+09:00,J1,535,503,1038
2019-10-10T10:15:00+09:00,J2,347,205,552
2019-10-10T10:15:00+09:00,J3,684,685,1369
2019-10-10T10:15:00+09:00,J4,383,439,822
2019-10-10T10:15:00+09:00,J5,311,350,661
2019-10-10T10:30:00+09:00,J1,561,566,1127
2019-10-10T10:30:00+09:00,J2,409,245,654
2019-10-10T10:30:00+09:00,J3,684,657,1341
2019-10-10T10:30:00+09:00,J4,472,404,876
2019-10-10T10:30:00+09:00,J5,350,431,781
2019-10-10T10:45:00+09:00,J1,547,427,974
2019-10-10T10:45:00+09:00,J2,433,272,705
2019-10-10T10:45:00+09:00,J3,545,579,1124
2019-10-10T10:45:00+09:00,J4,485,482,967
2019-10-10T10:45:00+09:00,J5,383,436,819
2019-10-10T11:00:00+09:00,J1,522,497,1019
2019-10-10T11:00:00+09:00,J2,430,383,813
2019-10-10T11:00:00+09:00,J3,552,530,1082
2019-10-10T11:00:00+09:00,J4,517,503,1020
2019-10-10T11:00:00+09:00,J5,411,473,884
2019-10-10T11:15:00+09:00,J1,595,551,1146
2019-10-10T11:15:00+09:00,J2,388,423,811
2019-10-10T11:15:00+09:00,J3,460,501,961
2019-10-10T11:15:00+09:00,J4,640,595,1235
2019-10-10T11:15:00+09:00,J5,401,426,827
2019-10-10T11:30:00+09:00,J1,598,539,1137
2019-10-10T11:30:00+09:00,J2,371,374,745
2019-10-10T11:30:00+09:00,J3,482,464,946
2019-10-10T11:30:00+09:00,J4,750,795,1545
2019-10-10T11:30:00+09:00,J5,395,449,844
2019-10-10T11:45:00+09:00,J1,525,554,1079
2019-10-10T11:45:00+09:00,J2,398,391,789
2019-10-10T11:45:00+09:00,J3,452,470,922
2019-10-10T11:45:00+09:00,J4,814,893,1707
2019-10-10T11:45:00+09:00,J5,377,455,832
2019-10-10T12:00:00+09:00,J1,560,593,1153
2019-10-10T12:00:00+09:00,J2,380,348,728
2019-10-10T12:00:00+09:00,J3,496,505,1001
2019-10-10T12:00:00+09:00,J4,829,895,1724
2019-10-10T12:00:00+09:00,J5,415,460,875
2019-10-10T12:15:00+09:00,J1,542,499,1041
2019-10-10T12:15:00+09:00,J2,408,329,737
2019-10-10T12:15:00+09:00,J3,522,484,1006
2019-10-10T12:15:00+09:00,J4,857,845,1702
2019-10-10T12:15:00+09:00,J5,404,439,843
2019-10-10T12:30:00+09:00,J1,514,548,1062
2019-10-10T12:30:00+09:00,J2,392,314,706
2019-10-10T12:30:00+09:00,J3,445,489,934
2019-10-10T12:30:00+09:00,J4,749,770,1519
2019-10-10T12:30:00+09:00,J5,390,479,869
2019-10-10T12:45:00+09:00,J1,520,474,994
2019-10-10T12:45:00+09:00,J2,377,298,675
2019-10-10T12:45:00+09:00,J3,497,501,998
2019-10-10T12:45:00+09:00,J4,773,798,1571
2019-10-10T12:45:00+09:00,J5,397,385,782
2019-10-10T13:00:00+09:00,J1,474,454,928
2019-10-10T13:00:00+09:00,J2,422,284,706
2019-10-10T13:00:00+09:00,J3,502,496,998
2019-10-10T13:00:00+09:00,J4,706,657,1363
2019-10-10T13:00:00+09:00,J5,362,405,767
2019-10-10T13:15:00+09:00,J1,460,421,881
2019-10-10T13:15:00+09:00,J2,423,324,747
2019-10-10T13:15:00+09:00,J3,523,546,1069
2019-10-10T13:15:00+09:00,J4,695,633,1328
2019-10-10T13:15:00+09:00,J5,411,431,842
2019-10-10T13:30:00+09:00,J1,486,466,952
2019-10-10T13:30:00+09:00,J2,413,297,710
2019-10-10T13:30:00+09:00,J3,499,554,1053
2019-10-10T13:30:00+09:00,J4,607,639,1246
2019-10-10T13:30:00+09:00,J5,402,478,880
2019-10-10T13:45:00+09:00,J1,484,458,942
2019-10-10T13:45:00+09:00,J2,365,243,608
2019-10-10T13:45:00+09:00,J3,525,474,999
2019-10-10T13:45:00+09:00,J4,690,634,1324
2019-10-10T13:45:00+09:00,J5,408,479,887
2019-10-10T14:00:00+09:00,J1,476,487,963
2019-10-10T14:00:00+09:00,J2,353,238,591
2019-10-10T14:00:00+09:00,J3,585,496,1081
2019-10-10T14:00:00+09:00,J4,681,611,1292
2019-10-10T14:00:00+09:00,J5,362,408,770
2019-10-10T14:15:00+09:00,J1,452,518,970
2019-10-10T14:15:00+09:00,J2,361,262,623
2019-10-10T14:15:00+09:00,J3,571,495,1066
2019-10-10T14:15:00+09:00,J4,726,661,1387
2019-10-10T14:15:00+09:00,J5,357,403,760
2019-10-10T14:30:00+09:00,J1,439,447,886
2019-10-10T14:30:00+09:00,J2,366,276,642
2019-10-10T14:30:00+09:00,J3,587,507,1094
2019-10-10T14:30:00+09:00,J4,657,691,1348
2019-10-10T14:30:00+09:00,J5,403,468,871
2019-10-10T14:45:00+09:00,J1,493,479,972
2019-10-10T14:45:00+09:00,J2,382,263,645
2019-10-10T14:45:00+09:00,J3,542,556,1098
2019-10-10T14:45:00+09:00,J4,737,627,1364
2019-10-10T14:45:00+09:00,J5,401,431,832
2019-10-10T15:00:00+09:00,J1,422,476,898
2019-10-10T15:00:00+09:00,J2,309,257,566
2019-10-10T15:00:00+09:00,J3,550,473,1023
2019-10-10T15:00:00+09:00,J4,610,621,1231
2019-10-10T15:00:00+09:00,J5,325,343,668
2019-10-10T15:15:00+09:00,J1,452,560,1012
2019-10-10T15:15:00+09:00,J2,338,261,599
2019-10-10T15:15:00+09:00,J3,599,565,1164
2019-10-10T15:15:00+09:00,J4,602,684,1286
2019-10-10T15:15:00+09:00,J5,304,364,668
2019-10-10T15:30:00+09:00,J1,508,448,956
2019-10-10T15:30:00+09:00,J2,388,317,705
2019-10-10T15:30:00+09:00,J3,573,583,1156
2019-10-10T15:30:00+09:00,J4,689,640,1329
2019-10-10T15:30:00+09:00,J5,249,321,570
2019-10-10T15:45:00+09:00,J1,467,516,983
2019-10-10T15:45:00+09:00,J2,340,254,594
2019-10-10T15:45:00+09:00,J3,570,538,1108
2019-10-10T15:45:00+09:00,J4,670,618,1288
2019-10-10T15:45:00+09:00,J5,277,288,565
2019-10-10T16:00:00+09:00,J1,526,547,1073
2019-10-10T16:00:00+09:00,J2,380,310,690
2019-10-10T16:00:00+09:00,J3,561,543,1104
2019-10-10T16:00:00+09:00,J4,618,586,1204
2019-10-10T16:00:00+09:00,J5,291,304,595
2019-10-10T16:15:00+09:00,J1,538,567,1105
2019-10-10T16:15:00+09:00,J2,389,297,686
2019-10-10T16:15:00+09:00,J3,560,589,1149
2019-10-10T16:15:00+09:00,J4,597,570,1167
2019-10-10T16:15:00+09:00,J5,290,320,610
2019-10-10T16:30:00+09:00,J1,462,511,973
2019-10-10T16:30:00+09:00,J2,351,300,651
2019-10-10T16:30:00+09:00,J3,589,584,1173
2019-10-10T16:30:00+09:00,J4,675,655,1330
2019-10-10T16:30:00+09:00,J5,335,345,680
2019-10-10T16:45:00+09:00,J1,509,569,1078
2019-10-10T16:45:00+09:00,J2,391,307,698
2019-10-10T16:45:00+09:00,J3,611,608,1219
2019-10-10T16:45:00+09:00,J4,716,631,1347
2019-10-10T16:45:00+09:00,J5,376,493,869
2019-10-10T17:00:00+09:00,J1,631,641,1272
2019-10-10T17:00:00+09:00,J2,401,424,825
2019-10-10T17:00:00+09:00,J3,772,665,1437
2019-10-10T17:00:00+09:00,J4,740,663,1403
2019-10-10T17:00:00+09:00,J5,397,412,809
2019-10-10T17:15:00+09:00,J1,662,677,1339
2019-10-10T17:15:00+09:00,J2,492,381,873
2019-10-10T17:15:00+09:00,J3,817,749,1566
2019-10-10T17:15:00+09:00,J4,756,593,1349
2019-10-10T17:15:00+09:00,J5,431,508,939
2019-10-10T17:30:00+09:00,J1,728,728,1456
2019-10-10T17:30:00+09:00,J2,504,315,819
2019-10-10T17:30:00+09:00,J3,877,748,1625
2019-10-10T17:30:00+09:00,J4,789,686,1475
2019-10-10T17:30:00+09:00,J5,442,539,981
2019-10-10T17:45:00+09:00,J1,727,750,1477
2019-10-10T17:45:00+09:00,J2,435,312,747
2019-10-10T17:45:00+09:00,J3,784,673,1457
2019-10-10T17:45:00+09:00,J4,857,702,1559
2019-10-10T17:45:00+09:00,J5,410,584,994
2019-10-10T18:00:00+09:00,J1,768,795,1563
2019-10-10T18:00:00+09:00,J2,472,307,779
2019-10-10T18:00:00+09:00,J3,836,577,1413
2019-10-10T18:00:00+09:00,J4,835,680,1515
2019-10-10T18:00:00+09:00,J5,429,563,992
2019-10-10T18:15:00+09:00,J1,673,729,1402
2019-10-10T18:15:00+09:00,J2,520,328,848
2019-10-10T18:15:00+09:00,J3,779,649,1428
2019-10-10T18:15:00+09:00,J4,846,690,1536
2019-10-10T18:15:00+09:00,J5,498,631,1129
2019-10-10T18:30:00+09:00,J1,654,705,1359
2019-10-10T18:30:00+09:00,J2,485,287,772
2019-10-10T18:30:00+09:00,J3,675,545,1220
2019-10-10T18:30:00+09:00,J4,797,636,1433
2019-10-10T18:30:00+09:00,J5,441,509,950
2019-10-10T18:45:00+09:00,J1,649,717,1366
2019-10-10T18:45:00+09:00,J2,433,268,701
2019-10-10T18:45:00+09:00,J3,634,545,1179
2019-10-10T18:45:00+09:00,J4,803,628,1431
2019-10-10T18:45:00+09:00,J5,385,507,892
2019-10-10T19:00:00+09:00,J1,595,636,1231
2019-10-10T19:00:00+09:00,J2,342,314,656
2019-10-10T19:00:00+09:00,J3,577,483,1060
2019-10-10T19:00:00+09:00,J4,915,774,1689
2019-10-10T19:00:00+09:00,J5,394,564,958
2019-10-10T19:15:00+09:00,J1,608,590,1198
2019-10-10T19:15:00+09:00,J2,365,373,738
2019-10-10T19:15:00+09:00,J3,549,465,1014
2019-10-10T19:15:00+09:00,J4,896,790,1686
2019-10-10T19:15:00+09:00,J5,389,555,944
2019-10-10T19:30:00+09:00,J1,641,695,1336
2019-10-10T19:30:00+09:00,J2,319,260,579
2019-10-10T19:30:00+09:00,J3,505,425,930
2019-10-10T19:30:00+09:00,J4,756,623,1379
2019-10-10T19:30:00+09:00,J5,410,543,953
2019-10-10T19:45:00+09:00,J1,580,667,1247
2019-10-10T19:45:00+09:00,J2,303,225,528
2019-10-10T19:45:00+09:00,J3,478,448,926
2019-10-10T19:45:00+09:00,J4,589,435,1024
2019-10-10T19:45:00+09:00,J5,413,454,867
2019-10-10T20:00:00+09:00,J1,536,647,1183
2019-10-10T20:00:00+09:00,J2,274,212,486
2019-10-10T20:00:00+09:00,J3,458,409,867
2019-10-10T20:00:00+09:00,J4,585,511,1096
2019-10-10T20:00:00+09:00,J5,399,428,827
2019-10-10T20:15:00+09:00,J1,633,642,1275
2019-10-10T20:15:00+09:00,J2,299,229,528
2019-10-10T20:15:00+09:00,J3,509,466,975
2019-10-10T20:15:00+09:00,J4,545,418,963
2019-10-10T20:15:00+09:00,J5,406,492,898
2019-10-10T20:30:00+09:00,J1,585,619,1204
2019-10-10T20:30:00+09:00,J2,298,241,539
2019-10-10T20:30:00+09:00,J3,596,498,1094
2019-10-10T20:30:00+09:00,J4,498,378,876
2019-10-10T20:30:00+09:00,J5,366,398,764
2019-10-10T20:45:00+09:00,J1,628,695,1323
2019-10-10T20:45:00+09:00,J2,309,258,567
2019-10-10T20:45:00+09:00,J3,531,483,1014
2019-10-10T20:45:00+09:00,J4,495,486,981
2019-10-10T20:45:00+09:00,J5,341,371,712
2019-10-10T21:00:00+09:00,J1,617,655,1272
2019-10-10T21:00:00+09:00,J2,383,344,727
2019-10-10T21:00:00+09:00,J3,479,449,928
2019-10-10T21:00:00+09:00,J4,525,449,974
2019-10-10T21:00:00+09:00,J5,327,333,660
2019-10-10T21:15:00+09:00,J1,571,551,1122
2019-10-10T21:15:00+09:00,J2,340,331,671
2019-10-10T21:15:00+09:00,J3,455,383,838
2019-10-10T21:15:00+09:00,J4,641,600,1241
2019-10-10T21:15:00+09:00,J5,316,392,708
2019-10-10T21:30:00+09:00,J1,575,575,1150
2019-10-10T21:30:00+09:00,J2,313,308,621
2019-10-10T21:30:00+09:00,J3,483,357,840
2019-10-10T21:30:00+09:00,J4,670,563,1233
2019-10-10T21:30:00+09:00,J5,351,352,703
2019-10-10T21:45:00+09:00,J1,470,550,1020
2019-10-10T21:45:00+09:00,J2,325,328,653
2019-10-10T21:45:00+09:00,J3,406,343,749
2019-10-10T21:45:00+09:00,J4,659,594,1253
2019-10-10T21:45:00+09:00,J5,354,355,709
2019-10-10T22:00:00+09:00,J1,553,579,1132
2019-10-10T22:00:00+09:00,J2,276,313,589
2019-10-10T22:00:00+09:00,J3,347,306,653
2019-10-10T22:00:00+09:00,J4,741,685,1426
2019-10-10T22:00:00+09:00,J5,329,390,719
2019-10-10T22:15:00+09:00,J1,488,500,988
2019-10-10T22:15:00+09:00,J2,296,314,610
2019-10-10T22:15:00+09:00,J3,384,335,719
2019-10-10T22:15:00+09:00,J4,643,624,1267
2019-10-10T22:15:00+09:00,J5,333,339,672
2019-10-10T22:30:00+09:00,J1,558,557,1115
2019-10-10T22:30:00+09:00,J2,340,287,627
2019-10-10T22:30:00+09:00,J3,422,390,812
2019-10-10T22:30:00+09:00,J4,710,654,1364
2019-10-10T22:30:00+09:00,J5,286,343,629
2019-10-10T22:45:00+09:00,J1,459,497,956
2019-10-10T22:45:00+09:00,J2,302,319,621
2019-10-10T22:45:00+09:00,J3,402,378,780
2019-10-10T22:45:00+09:00,J4,717,676,1393
2019-10-10T22:45:00+09:00,J5,291,406,697
2019-10-10T23:00:00+09:00,J1,454,491,945
2019-10-10T23:00:00+09:00,J2,311,308,619
2019-10-10T23:00:00+09:00,J3,363,349,712
2019-10-10T23:00:00+09:00,J4,754,738,1492
2019-10-10T23:00:00+09:00,J5,331,391,722
2019-10-10T23:15:00+09:00,J1,518,465,983
2019-10-10T23:15:00+09:00,J2,349,349,698
2019-10-10T23:15:00+09:00,J3,405,358,763
2019-10-10T23:15:00+09:00,J4,615,582,1197
2019-10-10T23:15:00+09:00,J5,283,394,677
2019-10-10T23:30:00+09:00,J1,447,516,963
2019-10-10T23:30:00+09:00,J2,383,398,781
2019-10-10T23:30:00+09:00,J3,433,381,814
2019-10-10T23:30:00+09:00,J4,479,482,961
2019-10-10T23:30:00+09:00,J5,276,342,618
2019-10-10T23:45:00+09:00,J1,462,503,965
2019-10-10T23:45:00+09:00,J2,422,437,859
2019-10-10T23:45:00+09:00,J3,380,338,718
2019-10-10T23:45:00+09:00,J4,418,402,820
2019-10-10T23:45:00+09:00,J5,301,345,646
2019-10-11T00:00:00+09:00,J1,432,455,887
2019-10-11T00:00:00+09:00,J2,402,359,761
2019-10-11T00:00:00+09:00,J3,423,355,778
2019-10-11T00:00:00+09:00,J4,366,331,697
2019-10-11T00:00:00+09:00,J5,238,294,532
2019-10-11T00:15:00+09:00,J1,274,248,522
2019-10-11T00:15:00+09:00,J2,343,342,685
2019-10-11T00:15:00+09:00,J3,496,442,938
2019-10-11T00:15:00+09:00,J4,251,243,494
2019-10-11T00:15:00+09:00,J5,198,240,438
2019-10-11T00:30:00+09:00,J1,229,214,443
2019-10-11T00:30:00+09:00,J2,306,345,651
2019-10-11T00:30:00+09:00,J3,472,396,868
2019-10-11T00:30:00+09:00,J4,208,207,415
2019-10-11T00:30:00+09:00,J5,173,172,345
2019-10-11T00:45:00+09:00,J1,164,234,398
2019-10-11T00:45:00+09:00,J2,323,367,690
2019-10-11T00:45:00+09:00,J3,448,433,881
2019-10-11T00:45:00+09:00,J4,182,207,389
2019-10-11T00:45:00+09:00,J5,147,159,306
2019-10-11T05:45:00+09:00,J1,314,323,637
2019-10-11T05:45:00+09:00,J2,225,164,389
2019-10-11T05:45:00+09:00,J3,406,354,760
2019-10-11T05:45:00+09:00,J4,217,196,413
2019-10-11T05:45:00+09:00,J5,199,149,348
2019-10-11T06:00:00+09:00,J1,356,349,705
2019-10-11T06:00:00+09:00,J2,258,194,452
2019-10-11T06:00:00+09:00,J3,532,418,950
2019-10-11T06:00:00+09:00,J4,352,294,646
2019-10-11T06:00:00+09:00,J5,176,179,355
2019-10-11T06:15:00+09:00,J1,289,269,558
2019-10-11T06:15:00+09:00,J2,323,226,549
2019-10-11T06:15:00+09:00,J3,512,504,1016
2019-10-11T06:15:00+09:00,J4,398,475,873
2019-10-11T06:15:00+09:00,J5,261,325,586
2019-10-11T06:30:00+09:00,J1,348,343,691
2019-10-11T06:30:00+09:00,J2,331,237,568
2019-10-11T06:30:00+09:00,J3,428,376,804
2019-10-11T06:30:00+09:00,J4,400,434,834
2019-10-11T06:30:00+09:00,J5,263,281,544
2019-10-11T06:45:00+09:00,J1,421,362,783
2019-10-11T06:45:00+09:00,J2,358,330,688
2019-10-11T06:45:00+09:00,J3,476,462,938
2019-10-11T06:45:00+09:00,J4,396,438,834
2019-10-11T06:45:00+09:00,J5,276,283,559
2019-10-11T07:00:00+09:00,J1,493,501,994
2019-10-11T07:00:00+09:00,J2,367,300,667
2019-10-11T07:00:00+09:00,J3,494,465,959
2019-10-11T07:00:00+09:00,J4,496,506,1002
2019-10-11T07:00:00+09:00,J5,252,348,600
2019-10-11T07:15:00+09:00,J1,422,418,840
2019-10-11T07:15:00+09:00,J2,406,372,778
2019-10-11T07:15:00+09:00,J3,449,384,833
2019-10-11T07:15:00+09:00,J4,712,789,1501
2019-10-11T07:15:00+09:00,J5,317,428,745
2019-10-11T07:30:00+09:00,J1,516,374,890
2019-10-11T07:30:00+09:00,J2,384,327,711
2019-10-11T07:30:00+09:00,J3,382,409,791
2019-10-11T07:30:00+09:00,J4,444,611,1055
2019-10-11T07:30:00+09:00,J5,391,409,800
2019-10-11T07:45:00+09:00,J1,655,411,1066
2019-10-11T07:45:00+09:00,J2,381,287,668
2019-10-11T07:45:00+09:00,J3,478,550,1028
2019-10-11T07:45:00+09:00,J4,580,815,1395
2019-10-11T07:45:00+09:00,J5,412,387,799
2019-10-11T08:00:00+09:00,J1,886,665,1551
2019-10-11T08:00:00+09:00,J2,433,321,754
2019-10-11T08:00:00+09:00,J3,698,798,1496
2019-10-11T08:00:00+09:00,J4,678,978,1656
2019-10-11T08:00:00+09:00,J5,426,421,847
2019-10-11T08:15:00+09:00,J1,938,672,1610
2019-10-11T08:15:00+09:00,J2,509,278,787
2019-10-11T08:15:00+09:00,J3,667,857,1524
2019-10-11T08:15:00+09:00,J4,812,1102,1914
2019-10-11T08:15:00+09:00,J5,394,381,775
2019-10-11T08:30:00+09:00,J1,868,689,1557
2019-10-11T08:30:00+09:00,J2,474,293,767
2019-10-11T08:30:00+09:00,J3,634,927,1561
2019-10-11T08:30:00+09:00,J4,773,1091,1864
2019-10-11T08:30:00+09:00,J5,396,311,707
2019-10-11T08:45:00+09:00,J1,775,531,1306
2019-10-11T08:45:00+09:00,J2,491,256,747
2019-10-11T08:45:00+09:00,J3,546,749,1295
2019-10-11T08:45:00+09:00,J4,762,987,1749
2019-10-11T08:45:00+09:00,J5,365,323,688
2019-10-11T09:00:00+09:00,J1,681,448,1129
2019-10-11T09:00:00+09:00,J2,439,353,792
2019-10-11T09:00:00+09:00,J3,517,534,1051
2019-10-11T09:00:00+09:00,J4,718,893,1611
2019-10-11T09:00:00+09:00,J5,398,359,757
2019-10-11T09:15:00+09:00,J1,606,429,1035
2019-10-11T09:15:00+09:00,J2,429,320,749
2019-10-11T09:15:00+09:00,J3,458,458,916
2019-10-11T09:15:00+09:00,J4,689,884,1573
2019-10-11T09:15:00+09:00,J5,276,228,504
2019-10-11T09:30:00+09:00,J1,619,505,1124
2019-10-11T09:30:00+09:00,J2,392,318,710
2019-10-11T09:30:00+09:00,J3,477,481,958
2019-10-11T09:30:00+09:00,J4,724,879,1603
2019-10-11T09:30:00+09:00,J5,251,174,425
2019-10-11T09:45:00+09:00,J1,496,390,886
2019-10-11T09:45:00+09:00,J2,410,277,687
2019-10-11T09:45:00+09:00,J3,479,384,863
2019-10-11T09:45:00+09:00,J4,724,751,1475
2019-10-11T09:45:00+09:00,J5,199,158,357
2019-10-11T10:00:00+09:00,J1,455,390,845
2019-10-11T10:00:00+09:00,J2,349,277,626
2019-10-11T10:00:00+09:00,J3,447,383,830
2019-10-11T10:00:00+09:00,J4,604,688,1292
2019-10-11T10:00:00+09:00,J5,204,143,347
2019-10-11T10:15:00+09:00,J1,386,376,762
2019-10-11T10:15:00+09:00,J2,357,289,646
2019-10-11T10:15:00+09:00,J3,407,402,809
2019-10-11T10:15:00+09:00,J4,687,826,1513
2019-10-11T10:15:00+09:00,J5,194,156,350
2019-10-11T10:30:00+09:00,J1,370,313,683
2019-10-11T10:30:00+09:00,J2,401,325,726
2019-10-11T10:30:00+09:00,J3,452,478,930
2019-10-11T10:30:00+09:00,J4,685,738,1423
2019-10-11T10:30:00+09:00,J5,211,168,379
2019-10-11T10:45:00+09:00,J1,419,344,763
2019-10-11T10:45:00+09:00,J2,379,332,711
2019-10-11T10:45:00+09:00,J3,504,480,984
2019-10-11T10:45:00+09:00,J4,660,693,1353
2019-10-11T10:45:00+09:00,J5,214,161,375
2019-10-11T11:00:00+09:00,J1,399,341,740
2019-10-11T11:00:00+09:00,J2,376,359,735
2019-10-11T11:00:00+09:00,J3,541,530,1071
2019-10-11T11:00:00+09:00,J4,648,667,1315
2019-10-11T11:00:00+09:00,J5,230,185,415
2019-10-11T11:15:00+09:00,J1,503,425,928
2019-10-11T11:15:00+09:00,J2,363,416,779
2019-10-11T11:15:00+09:00,J3,644,582,1226
2019-10-11T11:15:00+09:00,J4,669,623,1292
2019-10-11T11:15:00+09:00,J5,251,220,471
2019-10-11T11:30:00+09:00,J1,521,449,970
2019-10-11T11:30:00+09:00,J2,383,422,805
2019-10-11T11:30:00+09:00,J3,673,620,1293
2019-10-11T11:30:00+09:00,J4,641,672,1313
2019-10-11T11:30:00+09:00,J5,258,239,497
2019-10-11T11:45:00+09:00,J1,499,457,956
2019-10-11T11:45:00+09:00,J2,409,392,801
2019-10-11T11:45:00+09:00,J3,666,549,1215
2019-10-11T11:45:00+09:00,J4,640,595,1235
2019-10-11T11:45:00+09:00,J5,214,172,386
2019-10-11T12:00:00+09:00,J1,506,494,1000
2019-10-11T12:00:00+09:00,J2,392,459,851
2019-10-11T12:00:00+09:00,J3,709,631,1340
2019-10-11T12:00:00+09:00,J4,637,650,1287
2019-10-11T12:00:00+09:00,J5,214,191,405
2019-10-11T12:15:00+09:00,J1,534,475,1009
2019-10-11T12:15:00+09:00,J2,457,431,888
2019-10-11T12:15:00+09:00,J3,730,659,1389
2019-10-11T12:15:00+09:00,J4,574,610,1184
2019-10-11T12:15:00+09:00,J5,252,163,415
2019-10-11T12:30:00+09:00,J1,521,487,1008
2019-10-11T12:30:00+09:00,J2,437,363,800
2019-10-11T12:30:00+09:00,J3,762,737,1499
2019-10-11T12:30:00+09:00,J4,563,571,1134
2019-10-11T12:30:00+09:00,J5,265,201,466
2019-10-11T12:45:00+09:00,J1,527,478,1005
2019-10-11T12:45:00+09:00,J2,383,375,758
2019-10-11T12:45:00+09:00,J3,678,713,1391
2019-10-11T12:45:00+09:00,J4,501,542,1043
2019-10-11T12:45:00+09:00,J5,269,188,457
2019-10-11T13:00:00+09:00,J1,497,494,991
2019-10-11T13:00:00+09:00,J2,465,405,870
2019-10-11T13:00:00+09:00,J3,727,681,1408
2019-10-11T13:00:00+09:00,J4,459,457,916
2019-10-11T13:00:00+09:00,J5,224,191,415
2019-10-11T13:15:00+09:00,J1,434,460,894
2019-10-11T13:15:00+09:00,J2,358,343,701
2019-10-11T13:15:00+09:00,J3,672,680,1352
2019-10-11T13:15:00+09:00,J4,546,506,1052
2019-10-11T13:15:00+09:00,J5,244,213,457
2019-10-11T13:30:00+09:00,J1,481,473,954
2019-10-11T13:30:00+09:00,J2,424,312,736
2019-10-11T13:30:00+09:00,J3,666,685,1351
2019-10-11T13:30:00+09:00,J4,425,563,988
2019-10-11T13:30:00+09:00,J5,251,200,451
2019-10-11T13:45:00+09:00,J1,483,499,982
2019-10-11T13:45:00+09:00,J2,369,344,713
2019-10-11T13:45:00+09:00,J3,617,670,1287
2019-10-11T13:45:00+09:00,J4,461,500,961
2019-10-11T13:45:00+09:00,J5,239,240,479
2019-10-11T14:00:00+09:00,J1,497,564,1061
2019-10-11T14:00:00+09:00,J2,334,331,665
2019-10-11T14:00:00+09:00,J3,616,629,1245
2019-10-11T14:00:00+09:00,J4,509,512,1021
2019-10-11T14:00:00+09:00,J5,221,179,400
2019-10-11T14:15:00+09:00,J1,556,503,1059
2019-10-11T14:15:00+09:00,J2,375,309,684
2019-10-11T14:15:00+09:00,J3,642,633,1275
2019-10-11T14:15:00+09:00,J4,502,407,909
2019-10-11T14:15:00+09:00,J5,273,170,443
2019-10-11T14:30:00+09:00,J1,551,557,1108
2019-10-11T14:30:00+09:00,J2,392,400,792
2019-10-11T14:30:00+09:00,J3,680,649,1329
2019-10-11T14:30:00+09:00,J4,452,475,927
2019-10-11T14:30:00+09:00,J5,217,174,391
2019-10-11T14:45:00+09:00,J1,452,512,964
2019-10-11T14:45:00+09:00,J2,408,401,809
2019-10-11T14:45:00+09:00,J3,629,674,1303
2019-10-11T14:45:00+09:00,J4,452,509,961
2019-10-11T14:45:00+09:00,J5,212,179,391
2019-10-11T15:00:00+09:00,J1,502,586,1088
2019-10-11T15:00:00+09:00,J2,387,382,769
2019-10-11T15:00:00+09:00,J3,611,695,1306
2019-10-11T15:00:00+09:00,J4,565,576,1141
2019-10-11T15:00:00+09:00,J5,242,205,447
2019-10-11T15:15:00+09:00,J1,514,552,1066
2019-10-11T15:15:00+09:00,J2,387,459,846
2019-10-11T15:15:00+09:00,J3,631,621,1252
2019-10-11T15:15:00+09:00,J4,502,460,962
2019-10-11T15:15:00+09:00,J5,241,198,439
2019-10-11T15:30:00+09:00,J1,539,514,1053
2019-10-11T15:30:00+09:00,J2,380,383,763
2019-10-11T15:30:00+09:00,J3,624,655,1279
2019-10-11T15:30:00+09:00,J4,464,504,968
2019-10-11T15:30:00+09:00,J5,214,196,410
2019-10-11T15:45:00+09:00,J1,626,594,1220
2019-10-11T15:45:00+09:00,J2,397,359,756
2019-10-11T15:45:00+09:00,J3,656,639,1295
2019-10-11T15:45:00+09:00,J4,439,520,959
2019-10-11T15:45:00+09:00,J5,244,189,433
2019-10-11T16:00:00+09:00,J1,562,603,1165
2019-10-11T16:00:00+09:00,J2,373,380,753
2019-10-11T16:00:00+09:00,J3,670,630,1300
2019-10-11T16:00:00+09:00,J4,425,510,935
2019-10-11T16:00:00+09:00,J5,249,202,451
2019-10-11T16:15:00+09:00,J1,607,581,1188
2019-10-11T16:15:00+09:00,J2,420,448,868
2019-10-11T16:15:00+09:00,J3,650,649,1299
2019-10-11T16:15:00+09:00,J4,465,521,986
2019-10-11T16:15:00+09:00,J5,235,219,454
2019-10-11T16:30:00+09:00,J1,596,640,1236
2019-10-11T16:30:00+09:00,J2,420,473,893
2019-10-11T16:30:00+09:00,J3,654,669,1323
2019-10-11T16:30:00+09:00,J4,466,516,982
2019-10-11T16:30:00+09:00,J5,235,239,474
2019-10-11T16:45:00+09:00,J1,543,591,1134
2019-10-11T16:45:00+09:00,J2,416,447,863
2019-10-11T16:45:00+09:00,J3,652,660,1312
2019-10-11T16:45:00+09:00,J4,417,457,874
2019-10-11T16:45:00+09:00,J5,261,283,544
2019-10-11T17:00:00+09:00,J1,622,713,1335
2019-10-11T17:00:00+09:00,J2,429,522,951
2019-10-11T17:00:00+09:00,J3,782,739,1521
2019-10-11T17:00:00+09:00,J4,488,470,958
2019-10-11T17:00:00+09:00,J5,272,264,536
2019-10-11T17:15:00+09:00,J1,730,727,1457
2019-10-11T17:15:00+09:00,J2,445,459,904
2019-10-11T17:15:00+09:00,J3,826,769,1595
2019-10-11T17:15:00+09:00,J4,641,499,1140
2019-10-11T17:15:00+09:00,J5,286,295,581
2019-10-11T17:30:00+09:00,J1,766,757,1523
2019-10-11T17:30:00+09:00,J2,547,466,1013
2019-10-11T17:30:00+09:00,J3,848,776,1624
2019-10-11T17:30:00+09:00,J4,731,567,1298
2019-10-11T17:30:00+09:00,J5,335,371,706
2019-10-11T17:45:00+09:00,J1,753,763,1516
2019-10-11T17:45:00+09:00,J2,519,511,1030
2019-10-11T17:45:00+09:00,J3,866,813,1679
2019-10-11T17:45:00+09:00,J4,666,540,1206
2019-10-11T17:45:00+09:00,J5,350,317,667
2019-10-11T18:00:00+09:00,J1,708,772,1480
2019-10-11T18:00:00+09:00,J2,574,552,1126
2019-10-11T18:00:00+09:00,J3,943,750,1693
2019-10-11T18:00:00+09:00,J4,709,507,1216
2019-10-11T18:00:00+09:00,J5,388,415,803
2019-10-11T18:15:00+09:00,J1,709,810,1519
2019-10-11T18:15:00+09:00,J2,585,529,1114
2019-10-11T18:15:00+09:00,J3,884,767,1651
2019-10-11T18:15:00+09:00,J4,670,515,1185
2019-10-11T18:15:00+09:00,J5,349,361,710
2019-10-11T18:30:00+09:00,J1,673,780,1453
2019-10-11T18:30:00+09:00,J2,544,481,1025
2019-10-11T18:30:00+09:00,J3,816,702,1518
2019-10-11T18:30:00+09:00,J4,677,543,1220
2019-10-11T18:30:00+09:00,J5,354,330,684
2019-10-11T18:45:00+09:00,J1,667,621,1288
2019-10-11T18:45:00+09:00,J2,444,433,877
2019-10-11T18:45:00+09:00,J3,729,643,1372
2019-10-11T18:45:00+09:00,J4,589,447,1036
2019-10-11T18:45:00+09:00,J5,330,332,662
2019-10-11T19:00:00+09:00,J1,529,631,1160
2019-10-11T19:00:00+09:00,J2,445,439,884
2019-10-11T19:00:00+09:00,J3,808,617,1425
2019-10-11T19:00:00+09:00,J4,658,513,1171
2019-10-11T19:00:00+09:00,J5,459,418,877
2019-10-11T19:15:00+09:00,J1,566,617,1183
2019-10-11T19:15:00+09:00,J2,515,424,939
2019-10-11T19:15:00+09:00,J3,781,600,1381
2019-10-11T19:15:00+09:00,J4,655,584,1239
2019-10-11T19:15:00+09:00,J5,461,446,907
2019-10-11T19:30:00+09:00,J1,512,606,1118
2019-10-11T19:30:00+09:00,J2,380,384,764
2019-10-11T19:30:00+09:00,J3,686,584,1270
2019-10-11T19:30:00+09:00,J4,630,569,1199
2019-10-11T19:30:00+09:00,J5,490,451,941
2019-10-11T19:45:00+09:00,J1,542,540,1082
2019-10-11T19:45:00+09:00,J2,355,329,684
2019-10-11T19:45:00+09:00,J3,680,565,1245
2019-10-11T19:45:00+09:00,J4,686,590,1276
2019-10-11T19:45:00+09:00,J5,459,509,968
2019-10-11T20:00:00+09:00,J1,521,565,1086
2019-10-11T20:00:00+09:00,J2,379,346,725
2019-10-11T20:00:00+09:00,J3,656,530,1186
2019-10-11T20:00:00+09:00,J4,697,605,1302
2019-10-11T20:00:00+09:00,J5,479,520,999
2019-10-11T20:15:00+09:00,J1,519,561,1080
2019-10-11T20:15:00+09:00,J2,336,325,661
2019-10-11T20:15:00+09:00,J3,629,520,1149
2019-10-11T20:15:00+09:00,J4,666,616,1282
2019-10-11T20:15:00+09:00,J5,481,553,1034
2019-10-11T20:30:00+09:00,J1,509,534,1043
2019-10-11T20:30:00+09:00,J2,320,286,606
2019-10-11T20:30:00+09:00,J3,583,487,1070
2019-10-11T20:30:00+09:00,J4,709,596,1305
2019-10-11T20:30:00+09:00,J5,433,558,991
2019-10-11T20:45:00+09:00,J1,493,523,1016
2019-10-11T20:45:00+09:00,J2,309,329,638
2019-10-11T20:45:00+09:00,J3,590,426,1016
2019-10-11T20:45:00+09:00,J4,734,639,1373
2019-10-11T20:45:00+09:00,J5,485,573,1058
2019-10-11T21:00:00+09:00,J1,541,525,1066
2019-10-11T21:00:00+09:00,J2,319,332,651
2019-10-11T21:00:00+09:00,J3,582,477,1059
2019-10-11T21:00:00+09:00,J4,692,574,1266
2019-10-11T21:00:00+09:00,J5,442,561,1003
2019-10-11T21:15:00+09:00,J1,527,526,1053
2019-10-11T21:15:00+09:00,J2,327,337,664
2019-10-11T21:15:00+09:00,J3,644,486,1130
2019-10-11T21:15:00+09:00,J4,651,558,1209
2019-10-11T21:15:00+09:00,J5,507,545,1052
2019-10-11T21:30:00+09:00,J1,540,508,1048
2019-10-11T21:30:00+09:00,J2,273,349,622
2019-10-11T21:30:00+09:00,J3,560,439,999
2019-10-11T21:30:00+09:00,J4,632,545,1177
2019-10-11T21:30:00+09:00,J5,483,585,1068
2019-10-11T21:45:00+09:00,J1,603,570,1173
2019-10-11T21:45:00+09:00,J2,261,349,610
2019-10-11T21:45:00+09:00,J3,588,396,984
2019-10-11T21:45:00+09:00,J4,703,604,1307
2019-10-11T21:45:00+09:00,J5,480,569,1049
2019-10-11T22:00:00+09:00,J1,551,574,1125
2019-10-11T22:00:00+09:00,J2,249,277,526
2019-10-11T22:00:00+09:00,J3,510,374,884
2019-10-11T22:00:00+09:00,J4,689,652,1341
2019-10-11T22:00:00+09:00,J5,481,514,995
2019-10-11T22:15:00+09:00,J1,499,544,1043
2019-10-11T22:15:00+09:00,J2,249,312,561
2019-10-11T22:15:00+09:00,J3,491,415,906
2019-10-11T22:15:00+09:00,J4,680,627,1307
2019-10-11T22:15:00+09:00,J5,438,523,961
2019-10-11T22:30:00+09:00,J1,506,559,1065
2019-10-11T22:30:00+09:00,J2,215,371,586
2019-10-11T22:30:00+09:00,J3,526,396,922
2019-10-11T22:30:00+09:00,J4,735,665,1400
2019-10-11T22:30:00+09:00,J5,365,437,802
2019-10-11T22:45:00+09:00,J1,566,556,1122
2019-10-11T22:45:00+09:00,J2,216,276,492
2019-10-11T22:45:00+09:00,J3,469,357,826
2019-10-11T22:45:00+09:00,J4,674,664,1338
2019-10-11T22:45:00+09:00,J5,217,206,423
2019-10-11T23:00:00+09:00,J1,449,480,929
2019-10-11T23:00:00+09:00,J2,239,289,528
2019-10-11T23:00:00+09:00,J3,451,348,799
2019-10-11T23:00:00+09:00,J4,652,602,1254
2019-10-11T23:00:00+09:00,J5,165,167,332
2019-10-11T23:15:00+09:00,J1,484,528,1012
2019-10-11T23:15:00+09:00,J2,217,285,502
2019-10-11T23:15:00+09:00,J3,486,364,850
2019-10-11T23:15:00+09:00,J4,664,645,1309
2019-10-11T23:15:00+09:00,J5,184,187,371
2019-10-11T23:30:00+09:00,J1,496,514,1010
2019-10-11T23:30:00+09:00,J2,208,266,474
2019-10-11T23:30:00+09:00,J3,464,402,866
2019-10-11T23:30:00+09:00,J4,604,601,1205
2019-10-11T23:30:00+09:00,J5,236,184,420
2019-10-11T23:45:00+09:00,J1,471,484,955
2019-10-11T23:45:00+09:00,J2,219,243,462
2019-10-11T23:45:00+09:00,J3,438,340,778
2019-10-11T23:45:00+09:00,J4,654,604,1258
2019-10-11T23:45:00+09:00,J5,191,172,363
2019-10-12T00:00:00+09:00,J1,495,511,1006
2019-10-12T00:00:00+09:00,J2,333,317,650
2019-10-12T00:00:00+09:00,J3,365,313,678
2019-10-12T00:00:00+09:00,J4,578,624,1202
2019-10-12T00:00:00+09:00,J5,246,222,468
2019-10-12T00:15:00+09:00,J1,245,275,520
2019-10-12T00:15:00+09:00,J2,241,223,464
2019-10-12T00:15:00+09:00,J3,352,283,635
2019-10-12T00:15:00+09:00,J4,632,692,1324
2019-10-12T00:15:00+09:00,J5,276,297,573
2019-10-12T00:30:00+09:00,J1,203,175,378
2019-10-12T00:30:00+09:00,J2,246,203,449
2019-10-12T00:30:00+09:00,J3,383,352,735
2019-10-12T00:30:00+09:00,J4,581,520,1101
2019-10-12T00:30:00+09:00,J5,264,339,603
2019-10-12T00:45:00+09:00,J1,145,140,285
2019-10-12T00:45:00+09:00,J2,220,200,420
2019-10-12T00:45:00+09:00,J3,363,328,691
2019-10-12T00:45:00+09:00,J4,607,698,1305
2019-10-12T00:45:00+09:00,J5,250,298,548
2019-10-12T05:45:00+09:00,J1,264,237,501
2019-10-12T05:45:00+09:00,J2,360,356,716
2019-10-12T05:45:00+09:00,J3,404,420,824
2019-10-12T05:45:00+09:00,J4,281,323,604
2019-10-12T05:45:00+09:00,J5,141,158,299
2019-10-12T06:00:00+09:00,J1,332,356,688
2019-10-12T06:00:00+09:00,J2,309,315,624
2019-10-12T06:00:00+09:00,J3,517,433,950
2019-10-12T06:00:00+09:00,J4,293,273,566
2019-10-12T06:00:00+09:00,J5,202,153,355
2019-10-12T06:15:00+09:00,J1,356,364,720
2019-10-12T06:15:00+09:00,J2,364,354,718
2019-10-12T06:15:00+09:00,J3,534,455,989
2019-10-12T06:15:00+09:00,J4,296,288,584
2019-10-12T06:15:00+09:00,J5,281,294,575
2019-10-12T06:30:00+09:00,J1,545,552,1097
2019-10-12T06:30:00+09:00,J2,296,310,606
2019-10-12T06:30:00+09:00,J3,418,388,806
2019-10-12T06:30:00+09:00,J4,230,259,489
2019-10-12T06:30:00+09:00,J5,300,355,655
2019-10-12T06:45:00+09:00,J1,515,478,993
2019-10-12T06:45:00+09:00,J2,347,324,671
2019-10-12T06:45:00+09:00,J3,469,439,908
2019-10-12T06:45:00+09:00,J4,289,298,587
2019-10-12T06:45:00+09:00,J5,240,289,529
2019-10-12T07:00:00+09:00,J1,559,580,1139
2019-10-12T07:00:00+09:00,J2,395,329,724
2019-10-12T07:00:00+09:00,J3,500,424,924
2019-10-12T07:00:00+09:00,J4,349,399,748
2019-10-12T07:00:00+09:00,J5,273,261,534
2019-10-12T07:15:00+09:00,J1,562,610,1172
2019-10-12T07:15:00+09:00,J2,340,308,648
2019-10-12T07:15:00+09:00,J3,470,437,907
2019-10-12T07:15:00+09:00,J4,421,435,856
2019-10-12T07:15:00+09:00,J5,288,235,523
2019-10-12T07:30:00+09:00,J1,541,548,1089
2019-10-12T07:30:00+09:00,J2,370,302,672
2019-10-12T07:30:00+09:00,J3,450,480,930
2019-10-12T07:30:00+09:00,J4,365,453,818
2019-10-12T07:30:00+09:00,J5,295,238,533
2019-10-12T07:45:00+09:00,J1,546,579,1125
2019-10-12T07:45:00+09:00,J2,306,272,578
2019-10-12T07:45:00+09:00,J3,448,418,866
2019-10-12T07:45:00+09:00,J4,330,356,686
2019-10-12T07:45:00+09:00,J5,263,262,525
2019-10-12T08:00:00+09:00,J1,643,616,1259
2019-10-12T08:00:00+09:00,J2,359,307,666
2019-10-12T08:00:00+09:00,J3,374,386,760
2019-10-12T08:00:00+09:00,J4,462,503,965
2019-10-12T08:00:00+09:00,J5,306,355,661
2019-10-12T08:15:00+09:00,J1,755,769,1524
2019-10-12T08:15:00+09:00,J2,467,442,909
2019-10-12T08:15:00+09:00,J3,558,523,1081
2019-10-12T08:15:00+09:00,J4,457,511,968
2019-10-12T08:15:00+09:00,J5,329,386,715
2019-10-12T08:30:00+09:00,J1,744,680,1424
2019-10-12T08:30:00+09:00,J2,437,397,834
2019-10-12T08:30:00+09:00,J3,509,544,1053
2019-10-12T08:30:00+09:00,J4,351,436,787
2019-10-12T08:30:00+09:00,J5,365,466,831
2019-10-12T08:45:00+09:00,J1,666,575,1241
2019-10-12T08:45:00+09:00,J2,376,319,695
2019-10-12T08:45:00+09:00,J3,505,528,1033
2019-10-12T08:45:00+09:00,J4,347,382,729
2019-10-12T08:45:00+09:00,J5,377,385,762
2019-10-12T09:00:00+09:00,J1,667,629,1296
2019-10-12T09:00:00+09:00,J2,431,399,830
2019-10-12T09:00:00+09:00,J3,549,524,1073
2019-10-12T09:00:00+09:00,J4,341,421,762
2019-10-12T09:00:00+09:00,J5,345,357,702
2019-10-12T09:15:00+09:00,J1,632,585,1217
2019-10-12T09:15:00+09:00,J2,435,321,756
2019-10-12T09:15:00+09:00,J3,509,488,997
2019-10-12T09:15:00+09:00,J4,405,456,861
2019-10-12T09:15:00+09:00,J5,292,339,631
2019-10-12T09:30:00+09:00,J1,696,651,1347
2019-10-12T09:30:00+09:00,J2,447,280,727
2019-10-12T09:30:00+09:00,J3,548,511,1059
2019-10-12T09:30:00+09:00,J4,464,466,930
2019-10-12T09:30:00+09:00,J5,332,374,706
2019-10-12T09:45:00+09:00,J1,645,572,1217
2019-10-12T09:45:00+09:00,J2,498,304,802
2019-10-12T09:45:00+09:00,J3,563,525,1088
2019-10-12T09:45:00+09:00,J4,490,518,1008
2019-10-12T09:45:00+09:00,J5,314,387,701
2019-10-12T10:00:00+09:00,J1,642,628,1270
2019-10-12T10:00:00+09:00,J2,508,306,814
2019-10-12T10:00:00+09:00,J3,509,485,994
2019-10-12T10:00:00+09:00,J4,396,456,852
2019-10-12T10:00:00+09:00,J5,313,337,650
2019-10-12T10:15:00+09:00,J1,679,591,1270
2019-10-12T10:15:00+09:00,J2,504,355,859
2019-10-12T10:15:00+09:00,J3,507,510,1017
2019-10-12T10:15:00+09:00,J4,387,414,801
2019-10-12T10:15:00+09:00,J5,354,390,744
2019-10-12T10:30:00+09:00,J1,634,638,1272
2019-10-12T10:30:00+09:00,J2,535,383,918
2019-10-12T10:30:00+09:00,J3,512,517,1029
2019-10-12T10:30:00+09:00,J4,442,478,920
2019-10-12T10:30:00+09:00,J5,375,383,758
2019-10-12T10:45:00+09:00,J1,683,596,1279
2019-10-12T10:45:00+09:00,J2,531,476,1007
2019-10-12T10:45:00+09:00,J3,539,497,1036
2019-10-12T10:45:00+09:00,J4,437,440,877
2019-10-12T10:45:00+09:00,J5,352,356,708
2019-10-12T11:00:00+09:00,J1,736,697,1433
2019-10-12T11:00:00+09:00,J2,486,426,912
2019-10-12T11:00:00+09:00,J3,527,490,1017
2019-10-12T11:00:00+09:00,J4,458,491,949
2019-10-12T11:00:00+09:00,J5,333,378,711
2019-10-12T11:15:00+09:00,J1,737,677,1414
2019-10-12T11:15:00+09:00,J2,511,383,894
2019-10-12T11:15:00+09:00,J3,566,577,1143
2019-10-12T11:15:00+09:00,J4,504,483,987
2019-10-12T11:15:00+09:00,J5,318,322,640
2019-10-12T11:30:00+09:00,J1,804,708,1512
2019-10-12T11:30:00+09:00,J2,508,378,886
2019-10-12T11:30:00+09:00,J3,565,600,1165
2019-10-12T11:30:00+09:00,J4,453,535,988
2019-10-12T11:30:00+09:00,J5,290,308,598
2019-10-12T11:45:00+09:00,J1,686,653,1339
2019-10-12T11:45:00+09:00,J2,496,387,883
2019-10-12T11:45:00+09:00,J3,612,586,1198
2019-10-12T11:45:00+09:00,J4,529,540,1069
2019-10-12T11:45:00+09:00,J5,279,307,586
2019-10-12T12:00:00+09:00,J1,674,693,1367
2019-10-12T12:00:00+09:00,J2,545,419,964
2019-10-12T12:00:00+09:00,J3,673,643,1316
2019-10-12T12:00:00+09:00,J4,504,466,970
2019-10-12T12:00:00+09:00,J5,290,316,606
2019-10-12T12:15:00+09:00,J1,778,788,1566
2019-10-12T12:15:00+09:00,J2,518,454,972
2019-10-12T12:15:00+09:00,J3,754,701,1455
2019-10-12T12:15:00+09:00,J4,466,428,894
2019-10-12T12:15:00+09:00,J5,304,304,608
2019-10-12T12:30:00+09:00,J1,699,683,1382
2019-10-12T12:30:00+09:00,J2,510,469,979
2019-10-12T12:30:00+09:00,J3,647,633,1280
2019-10-12T12:30:00+09:00,J4,684,672,1356
2019-10-12T12:30:00+09:00,J5,279,281,560
2019-10-12T12:45:00+09:00,J1,701,686,1387
2019-10-12T12:45:00+09:00,J2,484,496,980
2019-10-12T12:45:00+09:00,J3,571,664,1235
2019-10-12T12:45:00+09:00,J4,728,741,1469
2019-10-12T12:45:00+09:00,J5,263,315,578
2019-10-12T13:00:00+09:00,J1,786,814,1600
2019-10-12T13:00:00+09:00,J2,572,522,1094
2019-10-12T13:00:00+09:00,J3,685,654,1339
2019-10-12T13:00:00+09:00,J4,692,721,1413
2019-10-12T13:00:00+09:00,J5,307,326,633
2019-10-12T13:15:00+09:00,J1,793,859,1652
2019-10-12T13:15:00+09:00,J2,510,511,1021
2019-10-12T13:15:00+09:00,J3,703,675,1378
2019-10-12T13:15:00+09:00,J4,775,803,1578
2019-10-12T13:15:00+09:00,J5,312,321,633
2019-10-12T13:30:00+09:00,J1,777,834,1611
2019-10-12T13:30:00+09:00,J2,523,478,1001
2019-10-12T13:30:00+09:00,J3,680,617,1297
2019-10-12T13:30:00+09:00,J4,678,645,1323
2019-10-12T13:30:00+09:00,J5,239,261,500
2019-10-12T13:45:00+09:00,J1,708,841,1549
2019-10-12T13:45:00+09:00,J2,491,494,985
2019-10-12T13:45:00+09:00,J3,703,698,1401
2019-10-12T13:45:00+09:00,J4,767,695,1462
2019-10-12T13:45:00+09:00,J5,366,296,662
2019-10-12T14:00:00+09:00,J1,779,769,1548
2019-10-12T14:00:00+09:00,J2,509,475,984
2019-10-12T14:00:00+09:00,J3,600,642,1242
2019-10-12T14:00:00+09:00,J4,700,706,1406
2019-10-12T14:00:00+09:00,J5,235,256,491
2019-10-12T14:15:00+09:00,J1,790,799,1589
2019-10-12T14:15:00+09:00,J2,578,450,1028
2019-10-12T14:15:00+09:00,J3,671,701,1372
2019-10-12T14:15:00+09:00,J4,763,728,1491
2019-10-12T14:15:00+09:00,J5,312,349,661
2019-10-12T14:30:00+09:00,J1,742,717,1459
2019-10-12T14:30:00+09:00,J2,609,460,1069
2019-10-12T14:30:00+09:00,J3,663,656,1319
2019-10-12T14:30:00+09:00,J4,747,787,1534
2019-10-12T14:30:00+09:00,J5,282,256,538
2019-10-12T14:45:00+09:00,J1,735,815,1550
2019-10-12T14:45:00+09:00,J2,519,500,1019
2019-10-12T14:45:00+09:00,J3,615,700,1315
2019-10-12T14:45:00+09:00,J4,797,774,1571
2019-10-12T14:45:00+09:00,J5,259,258,517
2019-10-12T15:00:00+09:00,J1,743,873,1616
2019-10-12T15:00:00+09:00,J2,543,493,1036
2019-10-12T15:00:00+09:00,J3,619,661,1280
2019-10-12T15:00:00+09:00,J4,687,821,1508
2019-10-12T15:00:00+09:00,J5,297,323,620
2019-10-12T15:15:00+09:00,J1,813,884,1697
2019-10-12T15:15:00+09:00,J2,578,492,1070
2019-10-12T15:15:00+09:00,J3,718,628,1346
2019-10-12T15:15:00+09:00,J4,823,771,1594
2019-10-12T15:15:00+09:00,J5,315,285,600
2019-10-12T15:30:00+09:00,J1,794,784,1578
2019-10-12T15:30:00+09:00,J2,567,531,1098
2019-10-12T15:30:00+09:00,J3,673,607,1280
2019-10-12T15:30:00+09:00,J4,832,870,1702
2019-10-12T15:30:00+09:00,J5,280,318,598
2019-10-12T15:45:00+09:00,J1,778,795,1573
2019-10-12T15:45:00+09:00,J2,577,504,1081
2019-10-12T15:45:00+09:00,J3,615,652,1267
2019-10-12T15:45:00+09:00,J4,830,919,1749
2019-10-12T15:45:00+09:00,J5,253,324,577
2019-10-12T16:00:00+09:00,J1,785,793,1578
2019-10-12T16:00:00+09:00,J2,586,517,1103
2019-10-12T16:00:00+09:00,J3,684,632,1316
2019-10-12T16:00:00+09:00,J4,818,781,1599
2019-10-12T16:00:00+09:00,J5,282,273,555
2019-10-12T16:15:00+09:00,J1,688,795,1483
2019-10-12T16:15:00+09:00,J2,583,539,1122
2019-10-12T16:15:00+09:00,J3,672,682,1354
2019-10-12T16:15:00+09:00,J4,843,820,1663
2019-10-12T16:15:00+09:00,J5,301,254,555
2019-10-12T16:30:00+09:00,J1,766,826,1592
2019-10-12T16:30:00+09:00,J2,553,479,1032
2019-10-12T16:30:00+09:00,J3,677,641,1318
2019-10-12T16:30:00+09:00,J4,808,822,1630
2019-10-12T16:30:00+09:00,J5,291,255,546
2019-10-12T16:45:00+09:00,J1,753,839,1592
2019-10-12T16:45:00+09:00,J2,595,586,1181
2019-10-12T16:45:00+09:00,J3,650,663,1313
2019-10-12T16:45:00+09:00,J4,892,852,1744
2019-10-12T16:45:00+09:00,J5,274,276,550
2019-10-12T17:00:00+09:00,J1,866,828,1694
2019-10-12T17:00:00+09:00,J2,577,422,999
2019-10-12T17:00:00+09:00,J3,681,642,1323
2019-10-12T17:00:00+09:00,J4,823,796,1619
2019-10-12T17:00:00+09:00,J5,254,288,542
2019-10-12T17:15:00+09:00,J1,810,890,1700
2019-10-12T17:15:00+09:00,J2,647,423,1070
2019-10-12T17:15:00+09:00,J3,815,664,1479
2019-10-12T17:15:00+09:00,J4,834,740,1574
2019-10-12T17:15:00+09:00,J5,241,317,558
2019-10-12T17:30:00+09:00,J1,950,837,1787
2019-10-12T17:30:00+09:00,J2,647,370,1017
2019-10-12T17:30:00+09:00,J3,824,712,1536
2019-10-12T17:30:00+09:00,J4,762,562,1324
2019-10-12T17:30:00+09:00,J5,289,293,582
2019-10-12T17:45:00+09:00,J1,766,828,1594
2019-10-12T17:45:00+09:00,J2,531,418,949
2019-10-12T17:45:00+09:00,J3,809,735,1544
2019-10-12T17:45:00+09:00,J4,658,558,1216
2019-10-12T17:45:00+09:00,J5,242,260,502
2019-10-12T18:00:00+09:00,J1,821,890,1711
2019-10-12T18:00:00+09:00,J2,667,426,1093
2019-10-12T18:00:00+09:00,J3,761,594,1355
2019-10-12T18:00:00+09:00,J4,595,501,1096
2019-10-12T18:00:00+09:00,J5,248,255,503
2019-10-12T18:15:00+09:00,J1,802,848,1650
2019-10-12T18:15:00+09:00,J2,658,406,1064
2019-10-12T18:15:00+09:00,J3,807,697,1504
2019-10-12T18:15:00+09:00,J4,589,474,1063
2019-10-12T18:15:00+09:00,J5,239,247,486
2019-10-12T18:30:00+09:00,J1,807,756,1563
2019-10-12T18:30:00+09:00,J2,558,406,964
2019-10-12T18:30:00+09:00,J3,845,630,1475
2019-10-12T18:30:00+09:00,J4,529,413,942
2019-10-12T18:30:00+09:00,J5,294,257,551
2019-10-12T18:45:00+09:00,J1,792,799,1591
2019-10-12T18:45:00+09:00,J2,489,345,834
2019-10-12T18:45:00+09:00,J3,752,590,1342
2019-10-12T18:45:00+09:00,J4,544,505,1049
2019-10-12T18:45:00+09:00,J5,289,253,542
2019-10-12T19:00:00+09:00,J1,743,779,1522
2019-10-12T19:00:00+09:00,J2,442,347,789
2019-10-12T19:00:00+09:00,J3,766,635,1401
2019-10-12T19:00:00+09:00,J4,456,402,858
2019-10-12T19:00:00+09:00,J5,354,305,659
2019-10-12T19:15:00+09:00,J1,746,781,1527
2019-10-12T19:15:00+09:00,J2,482,356,838
2019-10-12T19:15:00+09:00,J3,782,716,1498
2019-10-12T19:15:00+09:00,J4,665,595,1260
2019-10-12T19:15:00+09:00,J5,308,276,584
2019-10-12T19:30:00+09:00,J1,633,608,1241
2019-10-12T19:30:00+09:00,J2,429,355,784
2019-10-12T19:30:00+09:00,J3,678,684,1362
2019-10-12T19:30:00+09:00,J4,557,536,1093
2019-10-12T19:30:00+09:00,J5,281,298,579
2019-10-12T19:45:00+09:00,J1,573,598,1171
2019-10-12T19:45:00+09:00,J2,389,420,809
2019-10-12T19:45:00+09:00,J3,645,576,1221
2019-10-12T19:45:00+09:00,J4,672,653,1325
2019-10-12T19:45:00+09:00,J5,278,287,565
2019-10-12T20:00:00+09:00,J1,571,617,1188
2019-10-12T20:00:00+09:00,J2,367,388,755
2019-10-12T20:00:00+09:00,J3,609,593,1202
2019-10-12T20:00:00+09:00,J4,647,657,1304
2019-10-12T20:00:00+09:00,J5,302,335,637
2019-10-12T20:15:00+09:00,J1,666,686,1352
2019-10-12T20:15:00+09:00,J2,375,349,724
2019-10-12T20:15:00+09:00,J3,692,677,1369
2019-10-12T20:15:00+09:00,J4,593,563,1156
2019-10-12T20:15:00+09:00,J5,305,318,623
2019-10-12T20:30:00+09:00,J1,615,664,1279
2019-10-12T20:30:00+09:00,J2,400,333,733
2019-10-12T20:30:00+09:00,J3,695,631,1326
2019-10-12T20:30:00+09:00,J4,718,679,1397
2019-10-12T20:30:00+09:00,J5,282,300,582
2019-10-12T20:45:00+09:00,J1,614,664,1278
2019-10-12T20:45:00+09:00,J2,327,242,569
2019-10-12T20:45:00+09:00,J3,602,659,1261
2019-10-12T20:45:00+09:00,J4,623,579,1202
2019-10-12T20:45:00+09:00,J5,266,298,564
2019-10-12T21:00:00+09:00,J1,688,668,1356
2019-10-12T21:00:00+09:00,J2,258,163,421
2019-10-12T21:00:00+09:00,J3,609,579,1188
2019-10-12T21:00:00+09:00,J4,567,530,1097
2019-10-12T21:00:00+09:00,J5,282,267,549
2019-10-12T21:15:00+09:00,J1,745,728,1473
2019-10-12T21:15:00+09:00,J2,315,182,497
2019-10-12T21:15:00+09:00,J3,632,635,1267
2019-10-12T21:15:00+09:00,J4,616,582,1198
2019-10-12T21:15:00+09:00,J5,341,338,679
2019-10-12T21:30:00+09:00,J1,644,644,1288
2019-10-12T21:30:00+09:00,J2,340,196,536
2019-10-12T21:30:00+09:00,J3,599,528,1127
2019-10-12T21:30:00+09:00,J4,627,593,1220
2019-10-12T21:30:00+09:00,J5,299,282,581
2019-10-12T21:45:00+09:00,J1,809,808,1617
2019-10-12T21:45:00+09:00,J2,392,245,637
2019-10-12T21:45:00+09:00,J3,666,589,1255
2019-10-12T21:45:00+09:00,J4,652,659,1311
2019-10-12T21:45:00+09:00,J5,355,299,654
2019-10-12T22:00:00+09:00,J1,746,812,1558
2019-10-12T22:00:00+09:00,J2,299,303,602
2019-10-12T22:00:00+09:00,J3,633,619,1252
2019-10-12T22:00:00+09:00,J4,838,845,1683
2019-10-12T22:00:00+09:00,J5,361,364,725
2019-10-12T22:15:00+09:00,J1,828,845,1673
2019-10-12T22:15:00+09:00,J2,209,194,403
2019-10-12T22:15:00+09:00,J3,641,585,1226
2019-10-12T22:15:00+09:00,J4,834,797,1631
2019-10-12T22:15:00+09:00,J5,395,374,769
2019-10-12T22:30:00+09:00,J1,742,806,1548
2019-10-12T22:30:00+09:00,J2,283,265,548
2019-10-12T22:30:00+09:00,J3,630,647,1277
2019-10-12T22:30:00+09:00,J4,758,779,1537
2019-10-12T22:30:00+09:00,J5,272,293,565
2019-10-12T22:45:00+09:00,J1,752,790,1542
2019-10-12T22:45:00+09:00,J2,242,272,514
2019-10-12T22:45:00+09:00,J3,578,543,1121
2019-10-12T22:45:00+09:00,J4,805,750,1555
2019-10-12T22:45:00+09:00,J5,167,172,339
2019-10-12T23:00:00+09:00,J1,740,776,1516
2019-10-12T23:00:00+09:00,J2,248,207,455
2019-10-12T23:00:00+09:00,J3,622,556,1178
2019-10-12T23:00:00+09:00,J4,893,917,1810
2019-10-12T23:00:00+09:00,J5,129,141,270
2019-10-12T23:15:00+09:00,J1,692,795,1487
2019-10-12T23:15:00+09:00,J2,259,220,479
2019-10-12T23:15:00+09:00,J3,629,581,1210
2019-10-12T23:15:00+09:00,J4,868,887,1755
2019-10-12T23:15:00+09:00,J5,148,136,284
2019-10-12T23:30:00+09:00,J1,702,712,1414
2019-10-12T23:30:00+09:00,J2,217,207,424
2019-10-12T23:30:00+09:00,J3,663,571,1234
2019-10-12T23:30:00+09:00,J4,671,697,1368
2019-10-12T23:30:00+09:00,J5,142,169,311
2019-10-12T23:45:00+09:00,J1,693,674,1367
2019-10-12T23:45:00+09:00,J2,233,162,395
2019-10-12T23:45:00+09:00,J3,558,548,1106
2019-10-12T23:45:00+09:00,J4,778,809,1587
2019-10-12T23:45:00+09:00,J5,199,213,412
2019-10-13T00:00:00+09:00,J1,690,688,1378
2019-10-13T00:00:00+09:00,J2,290,305,595
2019-10-13T00:00:00+09:00,J3,566,445,1011
2019-10-13T00:00:00+09:00,J4,719,665,1384
2019-10-13T00:00:00+09:00,J5,170,153,323
2019-10-13T00:15:00+09:00,J1,277,264,541
2019-10-13T00:15:00+09:00,J2,262,268,530
2019-10-13T00:15:00+09:00,J3,340,333,673
2019-10-13T00:15:00+09:00,J4,314,341,655
2019-10-13T00:15:00+09:00,J5,188,179,367
2019-10-13T00:30:00+09:00,J1,177,135,312
2019-10-13T00:30:00+09:00,J2,171,126,297
2019-10-13T00:30:00+09:00,J3,327,317,644
2019-10-13T00:30:00+09:00,J4,338,369,707
2019-10-13T00:30:00+09:00,J5,215,192,407
2019-10-13T00:45:00+09:00,J1,223,236,459
2019-10-13T00:45:00+09:00,J2,168,129,297
2019-10-13T00:45:00+09:00,J3,316,286,602
2019-10-13T00:45:00+09:00,J4,284,286,570
2019-10-13T00:45:00+09:00,J5,179,145,324
2019-10-13T05:45:00+09:00,J1,558,572,1130
2019-10-13T05:45:00+09:00,J2,204,222,426
2019-10-13T05:45:00+09:00,J3,581,559,1140
2019-10-13T05:45:00+09:00,J4,707,707,1414
2019-10-13T05:45:00+09:00,J5,322,362,684
2019-10-13T06:00:00+09:00,J1,874,971,1845
2019-10-13T06:00:00+09:00,J2,424,397,821
2019-10-13T06:00:00+09:00,J3,643,567,1210
2019-10-13T06:00:00+09:00,J4,658,604,1262
2019-10-13T06:00:00+09:00,J5,357,436,793
2019-10-13T06:15:00+09:00,J1,862,890,1752
2019-10-13T06:15:00+09:00,J2,493,461,954
2019-10-13T06:15:00+09:00,J3,558,555,1113
2019-10-13T06:15:00+09:00,J4,683,691,1374
2019-10-13T06:15:00+09:00,J5,371,383,754
2019-10-13T06:30:00+09:00,J1,826,824,1650
2019-10-13T06:30:00+09:00,J2,440,417,857
2019-10-13T06:30:00+09:00,J3,511,466,977
2019-10-13T06:30:00+09:00,J4,606,665,1271
2019-10-13T06:30:00+09:00,J5,370,375,745
2019-10-13T06:45:00+09:00,J1,849,898,1747
2019-10-13T06:45:00+09:00,J2,451,405,856
2019-10-13T06:45:00+09:00,J3,542,495,1037
2019-10-13T06:45:00+09:00,J4,687,709,1396
2019-10-13T06:45:00+09:00,J5,392,390,782
2019-10-13T07:00:00+09:00,J1,923,913,1836
2019-10-13T07:00:00+09:00,J2,432,400,832
2019-10-13T07:00:00+09:00,J3,526,480,1006
2019-10-13T07:00:00+09:00,J4,607,635,1242
2019-10-13T07:00:00+09:00,J5,332,391,723
2019-10-13T07:15:00+09:00,J1,816,869,1685
2019-10-13T07:15:00+09:00,J2,462,346,808
2019-10-13T07:15:00+09:00,J3,568,564,1132
2019-10-13T07:15:00+09:00,J4,705,701,1406
2019-10-13T07:15:00+09:00,J5,292,350,642
2019-10-13T07:30:00+09:00,J1,728,835,1563
2019-10-13T07:30:00+09:00,J2,509,394,903
2019-10-13T07:30:00+09:00,J3,646,565,1211
2019-10-13T07:30:00+09:00,J4,543,623,1166
2019-10-13T07:30:00+09:00,J5,315,226,541
2019-10-13T07:45:00+09:00,J1,751,788,1539
2019-10-13T07:45:00+09:00,J2,514,409,923
2019-10-13T07:45:00+09:00,J3,619,614,1233
2019-10-13T07:45:00+09:00,J4,529,529,1058
2019-10-13T07:45:00+09:00,J5,313,257,570
2019-10-13T08:00:00+09:00,J1,1032,876,1908
2019-10-13T08:00:00+09:00,J2,359,356,715
2019-10-13T08:00:00+09:00,J3,761,646,1407
2019-10-13T08:00:00+09:00,J4,551,611,1162
2019-10-13T08:00:00+09:00,J5,291,249,540
2019-10-13T08:15:00+09:00,J1,960,924,1884
2019-10-13T08:15:00+09:00,J2,449,354,803
2019-10-13T08:15:00+09:00,J3,680,654,1334
2019-10-13T08:15:00+09:00,J4,702,792,1494
2019-10-13T08:15:00+09:00,J5,275,314,589
2019-10-13T08:30:00+09:00,J1,996,929,1925
2019-10-13T08:30:00+09:00,J2,592,508,1100
2019-10-13T08:30:00+09:00,J3,621,656,1277
2019-10-13T08:30:00+09:00,J4,737,816,1553
2019-10-13T08:30:00+09:00,J5,293,227,520
2019-10-13T08:45:00+09:00,J1,1014,1001,2015
2019-10-13T08:45:00+09:00,J2,580,574,1154
2019-10-13T08:45:00+09:00,J3,690,617,1307
2019-10-13T08:45:00+09:00,J4,688,751,1439
2019-10-13T08:45:00+09:00,J5,324,336,660
2019-10-13T09:00:00+09:00,J1,896,852,1748
2019-10-13T09:00:00+09:00,J2,641,533,1174
2019-10-13T09:00:00+09:00,J3,626,519,1145
2019-10-13T09:00:00+09:00,J4,679,748,1427
2019-10-13T09:00:00+09:00,J5,279,294,573
2019-10-13T09:15:00+09:00,J1,811,781,1592
2019-10-13T09:15:00+09:00,J2,590,547,1137
2019-10-13T09:15:00+09:00,J3,652,600,1252
2019-10-13T09:15:00+09:00,J4,702,731,1433
2019-10-13T09:15:00+09:00,J5,246,270,516
2019-10-13T09:30:00+09:00,J1,859,871,1730
2019-10-13T09:30:00+09:00,J2,730,542,1272
2019-10-13T09:30:00+09:00,J3,648,584,1232
2019-10-13T09:30:00+09:00,J4,713,772,1485
2019-10-13T09:30:00+09:00,J5,243,294,537
2019-10-13T09:45:00+09:00,J1,943,936,1879
2019-10-13T09:45:00+09:00,J2,694,512,1206
2019-10-13T09:45:00+09:00,J3,651,567,1218
2019-10-13T09:45:00+09:00,J4,729,788,1517
2019-10-13T09:45:00+09:00,J5,263,272,535
2019-10-13T10:00:00+09:00,J1,783,823,1606
2019-10-13T10:00:00+09:00,J2,639,505,1144
2019-10-13T10:00:00+09:00,J3,627,567,1194
2019-10-13T10:00:00+09:00,J4,701,735,1436
2019-10-13T10:00:00+09:00,J5,288,235,523
2019-10-13T10:15:00+09:00,J1,868,842,1710
2019-10-13T10:15:00+09:00,J2,642,551,1193
2019-10-13T10:15:00+09:00,J3,626,616,1242
2019-10-13T10:15:00+09:00,J4,792,715,1507
2019-10-13T10:15:00+09:00,J5,301,270,571
2019-10-13T10:30:00+09:00,J1,827,845,1672
2019-10-13T10:30:00+09:00,J2,665,523,1188
2019-10-13T10:30:00+09:00,J3,623,639,1262
2019-10-13T10:30:00+09:00,J4,699,773,1472
2019-10-13T10:30:00+09:00,J5,253,238,491
2019-10-13T10:45:00+09:00,J1,864,818,1682
2019-10-13T10:45:00+09:00,J2,578,474,1052
2019-10-13T10:45:00+09:00,J3,719,687,1406
2019-10-13T10:45:00+09:00,J4,720,739,1459
2019-10-13T10:45:00+09:00,J5,281,302,583
2019-10-13T11:00:00+09:00,J1,802,755,1557
2019-10-13T11:00:00+09:00,J2,567,484,1051
2019-10-13T11:00:00+09:00,J3,873,857,1730
2019-10-13T11:00:00+09:00,J4,779,775,1554
2019-10-13T11:00:00+09:00,J5,287,297,584
2019-10-13T11:15:00+09:00,J1,820,738,1558
2019-10-13T11:15:00+09:00,J2,550,566,1116
2019-10-13T11:15:00+09:00,J3,874,842,1716
2019-10-13T11:15:00+09:00,J4,778,764,1542
2019-10-13T11:15:00+09:00,J5,261,239,500
2019-10-13T11:30:00+09:00,J1,915,895,1810
2019-10-13T11:30:00+09:00,J2,549,548,1097
2019-10-13T11:30:00+09:00,J3,875,905,1780
2019-10-13T11:30:00+09:00,J4,669,775,1444
2019-10-13T11:30:00+09:00,J5,327,273,600
2019-10-13T11:45:00+09:00,J1,820,813,1633
2019-10-13T11:45:00+09:00,J2,594,568,1162
2019-10-13T11:45:00+09:00,J3,839,892,1731
2019-10-13T11:45:00+09:00,J4,673,743,1416
2019-10-13T11:45:00+09:00,J5,281,220,501
2019-10-13T12:00:00+09:00,J1,885,871,1756
2019-10-13T12:00:00+09:00,J2,624,620,1244
2019-10-13T12:00:00+09:00,J3,859,780,1639
2019-10-13T12:00:00+09:00,J4,685,678,1363
2019-10-13T12:00:00+09:00,J5,320,276,596
2019-10-13T12:15:00+09:00,J1,944,941,1885
2019-10-13T12:15:00+09:00,J2,632,555,1187
2019-10-13T12:15:00+09:00,J3,696,783,1479
2019-10-13T12:15:00+09:00,J4,657,682,1339
2019-10-13T12:15:00+09:00,J5,391,339,730
2019-10-13T12:30:00+09:00,J1,875,866,1741
2019-10-13T12:30:00+09:00,J2,609,586,1195
2019-10-13T12:30:00+09:00,J3,741,809,1550
2019-10-13T12:30:00+09:00,J4,703,766,1469
2019-10-13T12:30:00+09:00,J5,342,284,626
2019-10-13T12:45:00+09:00,J1,863,886,1749
2019-10-13T12:45:00+09:00,J2,617,612,1229
2019-10-13T12:45:00+09:00,J3,742,761,1503
2019-10-13T12:45:00+09:00,J4,604,693,1297
2019-10-13T12:45:00+09:00,J5,324,293,617
2019-10-13T13:00:00+09:00,J1,857,889,1746
2019-10-13T13:00:00+09:00,J2,597,594,1191
2019-10-13T13:00:00+09:00,J3,774,801,1575
2019-10-13T13:00:00+09:00,J4,678,761,1439
2019-10-13T13:00:00+09:00,J5,328,253,581
2019-10-13T13:15:00+09:00,J1,853,869,1722
2019-10-13T13:15:00+09:00,J2,632,669,1301
2019-10-13T13:15:00+09:00,J3,779,756,1535
2019-10-13T13:15:00+09:00,J4,671,755,1426
2019-10-13T13:15:00+09:00,J5,267,235,502
2019-10-13T13:30:00+09:00,J1,890,952,1842
2019-10-13T13:30:00+09:00,J2,585,605,1190
2019-10-13T13:30:00+09:00,J3,734,775,1509
2019-10-13T13:30:00+09:00,J4,655,715,1370
2019-10-13T13:30:00+09:00,J5,296,267,563
2019-10-13T13:45:00+09:00,J1,810,887,1697
2019-10-13T13:45:00+09:00,J2,624,615,1239
2019-10-13T13:45:00+09:00,J3,737,793,1530
2019-10-13T13:45:00+09:00,J4,842,917,1759
2019-10-13T13:45:00+09:00,J5,300,260,560
2019-10-13T14:00:00+09:00,J1,854,973,1827
2019-10-13T14:00:00+09:00,J2,665,669,1334
2019-10-13T14:00:00+09:00,J3,799,780,1579
2019-10-13T14:00:00+09:00,J4,659,729,1388
2019-10-13T14:00:00+09:00,J5,327,267,594
2019-10-13T14:15:00+09:00,J1,878,956,1834
2019-10-13T14:15:00+09:00,J2,640,653,1293
2019-10-13T14:15:00+09:00,J3,798,829,1627
2019-10-13T14:15:00+09:00,J4,645,632,1277
2019-10-13T14:15:00+09:00,J5,278,234,512
2019-10-13T14:30:00+09:00,J1,871,861,1732
2019-10-13T14:30:00+09:00,J2,636,698,1334
2019-10-13T14:30:00+09:00,J3,770,816,1586
2019-10-13T14:30:00+09:00,J4,690,763,1453
2019-10-13T14:30:00+09:00,J5,296,226,522
2019-10-13T14:45:00+09:00,J1,806,835,1641
2019-10-13T14:45:00+09:00,J2,654,674,1328
2019-10-13T14:45:00+09:00,J3,749,714,1463
2019-10-13T14:45:00+09:00,J4,701,833,1534
2019-10-13T14:45:00+09:00,J5,349,349,698
2019-10-13T15:00:00+09:00,J1,816,900,1716
2019-10-13T15:00:00+09:00,J2,622,719,1341
2019-10-13T15:00:00+09:00,J3,818,797,1615
2019-10-13T15:00:00+09:00,J4,653,679,1332
2019-10-13T15:00:00+09:00,J5,514,442,956
2019-10-13T15:15:00+09:00,J1,849,867,1716
2019-10-13T15:15:00+09:00,J2,636,693,1329
2019-10-13T15:15:00+09:00,J3,800,772,1572
2019-10-13T15:15:00+09:00,J4,632,737,1369
2019-10-13T15:15:00+09:00,J5,400,389,789
2019-10-13T15:30:00+09:00,J1,836,902,1738
2019-10-13T15:30:00+09:00,J2,668,646,1314
2019-10-13T15:30:00+09:00,J3,768,845,1613
2019-10-13T15:30:00+09:00,J4,687,760,1447
2019-10-13T15:30:00+09:00,J5,332,243,575
2019-10-13T15:45:00+09:00,J1,882,897,1779
2019-10-13T15:45:00+09:00,J2,674,644,1318
2019-10-13T15:45:00+09:00,J3,796,788,1584
2019-10-13T15:45:00+09:00,J4,689,700,1389
2019-10-13T15:45:00+09:00,J5,302,254,556
2019-10-13T16:00:00+09:00,J1,908,930,1838
2019-10-13T16:00:00+09:00,J2,629,706,1335
2019-10-13T16:00:00+09:00,J3,749,816,1565
2019-10-13T16:00:00+09:00,J4,707,785,1492
2019-10-13T16:00:00+09:00,J5,305,259,564
2019-10-13T16:15:00+09:00,J1,928,977,1905
2019-10-13T16:15:00+09:00,J2,665,686,1351
2019-10-13T16:15:00+09:00,J3,789,808,1597
2019-10-13T16:15:00+09:00,J4,696,743,1439
2019-10-13T16:15:00+09:00,J5,404,351,755
2019-10-13T16:30:00+09:00,J1,959,971,1930
2019-10-13T16:30:00+09:00,J2,702,816,1518
2019-10-13T16:30:00+09:00,J3,898,792,1690
2019-10-13T16:30:00+09:00,J4,660,728,1388
2019-10-13T16:30:00+09:00,J5,300,264,564
2019-10-13T16:45:00+09:00,J1,950,936,1886
2019-10-13T16:45:00+09:00,J2,635,661,1296
2019-10-13T16:45:00+09:00,J3,743,832,1575
2019-10-13T16:45:00+09:00,J4,891,846,1737
2019-10-13T16:45:00+09:00,J5,347,296,643
2019-10-13T17:00:00+09:00,J1,994,957,1951
2019-10-13T17:00:00+09:00,J2,679,684,1363
2019-10-13T17:00:00+09:00,J3,850,815,1665
2019-10-13T17:00:00+09:00,J4,653,720,1373
2019-10-13T17:00:00+09:00,J5,339,315,654
2019-10-13T17:15:00+09:00,J1,1031,1002,2033
2019-10-13T17:15:00+09:00,J2,670,644,1314
2019-10-13T17:15:00+09:00,J3,878,802,1680
2019-10-13T17:15:00+09:00,J4,591,632,1223
2019-10-13T17:15:00+09:00,J5,335,321,656
2019-10-13T17:30:00+09:00,J1,1086,1019,2105
2019-10-13T17:30:00+09:00,J2,663,591,1254
2019-10-13T17:30:00+09:00,J3,736,816,1552
2019-10-13T17:30:00+09:00,J4,607,653,1260
2019-10-13T17:30:00+09:00,J5,273,241,514
2019-10-13T17:45:00+09:00,J1,1111,1022,2133
2019-10-13T17:45:00+09:00,J2,617,620,1237
2019-10-13T17:45:00+09:00,J3,733,749,1482
2019-10-13T17:45:00+09:00,J4,656,642,1298
2019-10-13T17:45:00+09:00,J5,266,236,502
2019-10-13T18:00:00+09:00,J1,1064,978,2042
2019-10-13T18:00:00+09:00,J2,649,574,1223
2019-10-13T18:00:00+09:00,J3,818,723,1541
2019-10-13T18:00:00+09:00,J4,725,689,1414
2019-10-13T18:00:00+09:00,J5,277,235,512
2019-10-13T18:15:00+09:00,J1,1062,1031,2093
2019-10-13T18:15:00+09:00,J2,628,646,1274
2019-10-13T18:15:00+09:00,J3,790,688,1478
2019-10-13T18:15:00+09:00,J4,700,690,1390
2019-10-13T18:15:00+09:00,J5,285,286,571
2019-10-13T18:30:00+09:00,J1,704,747,1451
2019-10-13T18:30:00+09:00,J2,679,543,1222
2019-10-13T18:30:00+09:00,J3,892,623,1515
2019-10-13T18:30:00+09:00,J4,720,720,1440
2019-10-13T18:30:00+09:00,J5,287,262,549
2019-10-13T18:45:00+09:00,J1,578,627,1205
2019-10-13T18:45:00+09:00,J2,539,577,1116
2019-10-13T18:45:00+09:00,J3,747,608,1355
2019-10-13T18:45:00+09:00,J4,757,711,1468
2019-10-13T18:45:00+09:00,J5,307,279,586
2019-10-13T19:00:00+09:00,J1,677,681,1358
2019-10-13T19:00:00+09:00,J2,513,574,1087
2019-10-13T19:00:00+09:00,J3,743,631,1374
2019-10-13T19:00:00+09:00,J4,809,762,1571
2019-10-13T19:00:00+09:00,J5,406,379,785
2019-10-13T19:15:00+09:00,J1,664,631,1295
2019-10-13T19:15:00+09:00,J2,476,493,969
2019-10-13T19:15:00+09:00,J3,745,603,1348
2019-10-13T19:15:00+09:00,J4,931,769,1700
2019-10-13T19:15:00+09:00,J5,528,470,998
2019-10-13T19:30:00+09:00,J1,628,633,1261
2019-10-13T19:30:00+09:00,J2,502,558,1060
2019-10-13T19:30:00+09:00,J3,738,624,1362
2019-10-13T19:30:00+09:00,J4,893,823,1716
2019-10-13T19:30:00+09:00,J5,604,540,1144
2019-10-13T19:45:00+09:00,J1,601,638,1239
2019-10-13T19:45:00+09:00,J2,539,523,1062
2019-10-13T19:45:00+09:00,J3,700,646,1346
2019-10-13T19:45:00+09:00,J4,813,739,1552
2019-10-13T19:45:00+09:00,J5,709,602,1311
2019-10-13T20:00:00+09:00,J1,629,676,1305
2019-10-13T20:00:00+09:00,J2,445,508,953
2019-10-13T20:00:00+09:00,J3,749,586,1335
2019-10-13T20:00:00+09:00,J4,859,787,1646
2019-10-13T20:00:00+09:00,J5,647,578,1225
2019-10-13T20:15:00+09:00,J1,780,787,1567
2019-10-13T20:15:00+09:00,J2,484,533,1017
2019-10-13T20:15:00+09:00,J3,764,659,1423
2019-10-13T20:15:00+09:00,J4,973,766,1739
2019-10-13T20:15:00+09:00,J5,671,636,1307
2019-10-13T20:30:00+09:00,J1,945,832,1777
2019-10-13T20:30:00+09:00,J2,503,454,957
2019-10-13T20:30:00+09:00,J3,731,663,1394
2019-10-13T20:30:00+09:00,J4,824,806,1630
2019-10-13T20:30:00+09:00,J5,709,639,1348
2019-10-13T20:45:00+09:00,J1,812,787,1599
2019-10-13T20:45:00+09:00,J2,455,474,929
2019-10-13T20:45:00+09:00,J3,665,587,1252
2019-10-13T20:45:00+09:00,J4,886,778,1664
2019-10-13T20:45:00+09:00,J5,718,668,1386
2019-10-13T21:00:00+09:00,J1,846,800,1646
2019-10-13T21:00:00+09:00,J2,457,443,900
2019-10-13T21:00:00+09:00,J3,640,564,1204
2019-10-13T21:00:00+09:00,J4,867,795,1662
2019-10-13T21:00:00+09:00,J5,677,674,1351
2019-10-13T21:15:00+09:00,J1,870,815,1685
2019-10-13T21:15:00+09:00,J2,452,451,903
2019-10-13T21:15:00+09:00,J3,602,559,1161
2019-10-13T21:15:00+09:00,J4,959,881,1840
2019-10-13T21:15:00+09:00,J5,592,538,1130
2019-10-13T21:30:00+09:00,J1,666,743,1409
2019-10-13T21:30:00+09:00,J2,465,504,969
2019-10-13T21:30:00+09:00,J3,567,589,1156
2019-10-13T21:30:00+09:00,J4,958,830,1788
2019-10-13T21:30:00+09:00,J5,414,332,746
2019-10-13T21:45:00+09:00,J1,772,819,1591
2019-10-13T21:45:00+09:00,J2,532,404,936
2019-10-13T21:45:00+09:00,J3,679,551,1230
2019-10-13T21:45:00+09:00,J4,959,809,1768
2019-10-13T21:45:00+09:00,J5,559,502,1061
2019-10-13T22:00:00+09:00,J1,756,775,1531
2019-10-13T22:00:00+09:00,J2,404,405,809
2019-10-13T22:00:00+09:00,J3,589,548,1137
2019-10-13T22:00:00+09:00,J4,925,946,1871
2019-10-13T22:00:00+09:00,J5,643,539,1182
2019-10-13T22:15:00+09:00,J1,607,683,1290
2019-10-13T22:15:00+09:00,J2,341,368,709
2019-10-13T22:15:00+09:00,J3,564,527,1091
2019-10-13T22:15:00+09:00,J4,986,1020,2006
2019-10-13T22:15:00+09:00,J5,639,683,1322
2019-10-13T22:30:00+09:00,J1,628,685,1313
2019-10-13T22:30:00+09:00,J2,289,343,632
2019-10-13T22:30:00+09:00,J3,623,527,1150
2019-10-13T22:30:00+09:00,J4,1083,1035,2118
2019-10-13T22:30:00+09:00,J5,318,326,644
2019-10-13T22:45:00+09:00,J1,687,713,1400
2019-10-13T22:45:00+09:00,J2,268,379,647
2019-10-13T22:45:00+09:00,J3,590,540,1130
2019-10-13T22:45:00+09:00,J4,1081,1126,2207
2019-10-13T22:45:00+09:00,J5,219,208,427
2019-10-13T23:00:00+09:00,J1,672,737,1409
2019-10-13T23:00:00+09:00,J2,245,362,607
2019-10-13T23:00:00+09:00,J3,558,520,1078
2019-10-13T23:00:00+09:00,J4,1102,980,2082
2019-10-13T23:00:00+09:00,J5,226,222,448
2019-10-13T23:15:00+09:00,J1,636,673,1309
2019-10-13T23:15:00+09:00,J2,269,367,636
2019-10-13T23:15:00+09:00,J3,590,543,1133
2019-10-13T23:15:00+09:00,J4,996,955,1951
2019-10-13T23:15:00+09:00,J5,183,205,388
2019-10-13T23:30:00+09:00,J1,607,637,1244
2019-10-13T23:30:00+09:00,J2,301,356,657
2019-10-13T23:30:00+09:00,J3,573,542,1115
2019-10-13T23:30:00+09:00,J4,768,811,1579
2019-10-13T23:30:00+09:00,J5,158,176,334
2019-10-13T23:45:00+09:00,J1,679,706,1385
2019-10-13T23:45:00+09:00,J2,255,280,535
2019-10-13T23:45:00+09:00,J3,609,487,1096
2019-10-13T23:45:00+09:00,J4,970,910,1880
2019-10-13T23:45:00+09:00,J5,198,183,381
2019-10-14T00:00:00+09:00,J1,686,709,1395
2019-10-14T00:00:00+09:00,J2,298,251,549
2019-10-14T00:00:00+09:00,J3,478,434,912
2019-10-14T00:00:00+09:00,J4,805,759,1564
2019-10-14T00:00:00+09:00,J5,224,181,405
2019-10-14T00:15:00+09:00,J1,302,261,563
2019-10-14T00:15:00+09:00,J2,230,223,453
2019-10-14T00:15:00+09:00,J3,396,507,903
2019-10-14T00:15:00+09:00,J4,613,567,1180
2019-10-14T00:15:00+09:00,J5,276,223,499
2019-10-14T00:30:00+09:00,J1,299,272,571
2019-10-14T00:30:00+09:00,J2,173,206,379
2019-10-14T00:30:00+09:00,J3,576,465,1041
2019-10-14T00:30:00+09:00,J4,432,429,861
2019-10-14T00:30:00+09:00,J5,377,405,782
2019-10-14T00:45:00+09:00,J1,189,204,393
2019-10-14T00:45:00+09:00,J2,194,201,395
2019-10-14T00:45:00+09:00,J3,508,495,1003
2019-10-14T00:45:00+09:00,J4,515,454,969
2019-10-14T00:45:00+09:00,J5,319,306,625
2019-10-14T05:45:00+09:00,J1,408,395,803
2019-10-14T05:45:00+09:00,J2,583,466,1049
2019-10-14T05:45:00+09:00,J3,479,390,869
2019-10-14T05:45:00+09:00,J4,881,911,1792
2019-10-14T05:45:00+09:00,J5,224,266,490
2019-10-14T06:00:00+09:00,J1,528,529,1057
2019-10-14T06:00:00+09:00,J2,447,396,843
2019-10-14T06:00:00+09:00,J3,438,463,901
2019-10-14T06:00:00+09:00,J4,836,865,1701
2019-10-14T06:00:00+09:00,J5,267,270,537
2019-10-14T06:15:00+09:00,J1,546,631,1177
2019-10-14T06:15:00+09:00,J2,224,235,459
2019-10-14T06:15:00+09:00,J3,564,522,1086
2019-10-14T06:15:00+09:00,J4,855,842,1697
2019-10-14T06:15:00+09:00,J5,275,263,538
2019-10-14T06:30:00+09:00,J1,727,777,1504
2019-10-14T06:30:00+09:00,J2,256,277,533
2019-10-14T06:30:00+09:00,J3,559,545,1104
2019-10-14T06:30:00+09:00,J4,751,743,1494
2019-10-14T06:30:00+09:00,J5,265,274,539
2019-10-14T06:45:00+09:00,J1,663,662,1325
2019-10-14T06:45:00+09:00,J2,308,338,646
2019-10-14T06:45:00+09:00,J3,540,538,1078
2019-10-14T06:45:00+09:00,J4,809,824,1633
2019-10-14T06:45:00+09:00,J5,301,238,539
2019-10-14T07:00:00+09:00,J1,679,664,1343
2019-10-14T07:00:00+09:00,J2,305,341,646
2019-10-14T07:00:00+09:00,J3,553,536,1089
2019-10-14T07:00:00+09:00,J4,1099,1081,2180
2019-10-14T07:00:00+09:00,J5,381,397,778
2019-10-14T07:15:00+09:00,J1,660,618,1278
2019-10-14T07:15:00+09:00,J2,362,369,731
2019-10-14T07:15:00+09:00,J3,566,517,1083
2019-10-14T07:15:00+09:00,J4,924,963,1887
2019-10-14T07:15:00+09:00,J5,462,422,884
2019-10-14T07:30:00+09:00,J1,633,596,1229
2019-10-14T07:30:00+09:00,J2,403,355,758
2019-10-14T07:30:00+09:00,J3,554,498,1052
2019-10-14T07:30:00+09:00,J4,1000,1013,2013
2019-10-14T07:30:00+09:00,J5,371,323,694
2019-10-14T07:45:00+09:00,J1,586,581,1167
2019-10-14T07:45:00+09:00,J2,435,394,829
2019-10-14T07:45:00+09:00,J3,654,573,1227
2019-10-14T07:45:00+09:00,J4,859,922,1781
2019-10-14T07:45:00+09:00,J5,418,432,850
2019-10-14T08:00:00+09:00,J1,956,924,1880
2019-10-14T08:00:00+09:00,J2,466,404,870
2019-10-14T08:00:00+09:00,J3,743,707,1450
2019-10-14T08:00:00+09:00,J4,803,844,1647
2019-10-14T08:00:00+09:00,J5,297,287,584
2019-10-14T08:15:00+09:00,J1,958,915,1873
2019-10-14T08:15:00+09:00,J2,653,540,1193
2019-10-14T08:15:00+09:00,J3,645,706,1351
2019-10-14T08:15:00+09:00,J4,829,878,1707
2019-10-14T08:15:00+09:00,J5,347,304,651
2019-10-14T08:30:00+09:00,J1,909,902,1811
2019-10-14T08:30:00+09:00,J2,471,390,861
2019-10-14T08:30:00+09:00,J3,719,711,1430
2019-10-14T08:30:00+09:00,J4,702,852,1554
2019-10-14T08:30:00+09:00,J5,390,401,791
2019-10-14T08:45:00+09:00,J1,931,921,1852
2019-10-14T08:45:00+09:00,J2,346,285,631
2019-10-14T08:45:00+09:00,J3,683,635,1318
2019-10-14T08:45:00+09:00,J4,562,594,1156
2019-10-14T08:45:00+09:00,J5,357,377,734
2019-10-14T09:00:00+09:00,J1,942,722,1664
2019-10-14T09:00:00+09:00,J2,376,329,705
2019-10-14T09:00:00+09:00,J3,667,581,1248
2019-10-14T09:00:00+09:00,J4,703,684,1387
2019-10-14T09:00:00+09:00,J5,347,316,663
2019-10-14T09:15:00+09:00,J1,825,720,1545
2019-10-14T09:15:00+09:00,J2,395,350,745
2019-10-14T09:15:00+09:00,J3,596,647,1243
2019-10-14T09:15:00+09:00,J4,608,611,1219
2019-10-14T09:15:00+09:00,J5,250,185,435
2019-10-14T09:30:00+09:00,J1,880,785,1665
2019-10-14T09:30:00+09:00,J2,504,445,949
2019-10-14T09:30:00+09:00,J3,753,779,1532
2019-10-14T09:30:00+09:00,J4,756,786,1542
2019-10-14T09:30:00+09:00,J5,294,227,521
2019-10-14T09:45:00+09:00,J1,870,791,1661
2019-10-14T09:45:00+09:00,J2,479,495,974
2019-10-14T09:45:00+09:00,J3,627,703,1330
2019-10-14T09:45:00+09:00,J4,628,610,1238
2019-10-14T09:45:00+09:00,J5,214,180,394
2019-10-14T10:00:00+09:00,J1,794,764,1558
2019-10-14T10:00:00+09:00,J2,638,527,1165
2019-10-14T10:00:00+09:00,J3,706,644,1350
2019-10-14T10:00:00+09:00,J4,739,681,1420
2019-10-14T10:00:00+09:00,J5,277,240,517
2019-10-14T10:15:00+09:00,J1,831,760,1591
2019-10-14T10:15:00+09:00,J2,728,618,1346
2019-10-14T10:15:00+09:00,J3,707,646,1353
2019-10-14T10:15:00+09:00,J4,778,711,1489
2019-10-14T10:15:00+09:00,J5,262,253,515
2019-10-14T10:30:00+09:00,J1,870,759,1629
2019-10-14T10:30:00+09:00,J2,716,609,1325
2019-10-14T10:30:00+09:00,J3,676,634,1310
2019-10-14T10:30:00+09:00,J4,747,736,1483
2019-10-14T10:30:00+09:00,J5,255,257,512
2019-10-14T10:45:00+09:00,J1,711,670,1381
2019-10-14T10:45:00+09:00,J2,696,531,1227
2019-10-14T10:45:00+09:00,J3,674,633,1307
2019-10-14T10:45:00+09:00,J4,748,773,1521
2019-10-14T10:45:00+09:00,J5,207,312,519
2019-10-14T11:00:00+09:00,J1,790,759,1549
2019-10-14T11:00:00+09:00,J2,670,538,1208
2019-10-14T11:00:00+09:00,J3,739,686,1425
2019-10-14T11:00:00+09:00,J4,800,778,1578
2019-10-14T11:00:00+09:00,J5,251,281,532
2019-10-14T11:15:00+09:00,J1,697,605,1302
2019-10-14T11:15:00+09:00,J2,580,465,1045
2019-10-14T11:15:00+09:00,J3,777,642,1419
2019-10-14T11:15:00+09:00,J4,695,629,1324
2019-10-14T11:15:00+09:00,J5,269,268,537
2019-10-14T11:30:00+09:00,J1,645,606,1251
2019-10-14T11:30:00+09:00,J2,572,461,1033
2019-10-14T11:30:00+09:00,J3,752,669,1421
2019-10-14T11:30:00+09:00,J4,650,673,1323
2019-10-14T11:30:00+09:00,J5,252,233,485
2019-10-14T11:45:00+09:00,J1,582,559,1141
2019-10-14T11:45:00+09:00,J2,466,469,935
2019-10-14T11:45:00+09:00,J3,750,711,1461
2019-10-14T11:45:00+09:00,J4,626,682,1308
2019-10-14T11:45:00+09:00,J5,280,260,540
2019-10-14T12:00:00+09:00,J1,500,487,987
2019-10-14T12:00:00+09:00,J2,486,490,976
2019-10-14T12:00:00+09:00,J3,728,712,1440
2019-10-14T12:00:00+09:00,J4,628,629,1257
2019-10-14T12:00:00+09:00,J5,285,285,570
2019-10-14T12:15:00+09:00,J1,544,532,1076
2019-10-14T12:15:00+09:00,J2,487,573,1060
2019-10-14T12:15:00+09:00,J3,784,832,1616
2019-10-14T12:15:00+09:00,J4,566,606,1172
2019-10-14T12:15:00+09:00,J5,283,282,565
2019-10-14T12:30:00+09:00,J1,640,599,1239
2019-10-14T12:30:00+09:00,J2,521,581,1102
2019-10-14T12:30:00+09:00,J3,743,809,1552
2019-10-14T12:30:00+09:00,J4,471,497,968
2019-10-14T12:30:00+09:00,J5,269,296,565
2019-10-14T12:45:00+09:00,J1,616,608,1224
2019-10-14T12:45:00+09:00,J2,478,553,1031
2019-10-14T12:45:00+09:00,J3,733,799,1532
2019-10-14T12:45:00+09:00,J4,532,517,1049
2019-10-14T12:45:00+09:00,J5,230,270,500
2019-10-14T13:00:00+09:00,J1,589,629,1218
2019-10-14T13:00:00+09:00,J2,502,578,1080
2019-10-14T13:00:00+09:00,J3,819,753,1572
2019-10-14T13:00:00+09:00,J4,444,492,936
2019-10-14T13:00:00+09:00,J5,275,286,561
2019-10-14T13:15:00+09:00,J1,720,705,1425
2019-10-14T13:15:00+09:00,J2,505,564,1069
2019-10-14T13:15:00+09:00,J3,813,674,1487
2019-10-14T13:15:00+09:00,J4,462,416,878
2019-10-14T13:15:00+09:00,J5,301,241,542
2019-10-14T13:30:00+09:00,J1,858,831,1689
2019-10-14T13:30:00+09:00,J2,493,552,1045
2019-10-14T13:30:00+09:00,J3,776,736,1512
2019-10-14T13:30:00+09:00,J4,490,441,931
2019-10-14T13:30:00+09:00,J5,284,286,570
2019-10-14T13:45:00+09:00,J1,751,739,1490
2019-10-14T13:45:00+09:00,J2,503,593,1096
2019-10-14T13:45:00+09:00,J3,811,688,1499
2019-10-14T13:45:00+09:00,J4,671,676,1347
2019-10-14T13:45:00+09:00,J5,277,232,509
2019-10-14T14:00:00+09:00,J1,627,600,1227
2019-10-14T14:00:00+09:00,J2,523,597,1120
2019-10-14T14:00:00+09:00,J3,763,698,1461
2019-10-14T14:00:00+09:00,J4,570,589,1159
2019-10-14T14:00:00+09:00,J5,287,247,534
2019-10-14T14:15:00+09:00,J1,682,712,1394
2019-10-14T14:15:00+09:00,J2,549,598,1147
2019-10-14T14:15:00+09:00,J3,761,743,1504
2019-10-14T14:15:00+09:00,J4,628,617,1245
2019-10-14T14:15:00+09:00,J5,305,231,536
2019-10-14T14:30:00+09:00,J1,789,839,1628
2019-10-14T14:30:00+09:00,J2,501,660,1161
2019-10-14T14:30:00+09:00,J3,796,723,1519
2019-10-14T14:30:00+09:00,J4,525,579,1104
2019-10-14T14:30:00+09:00,J5,255,223,478
2019-10-14T14:45:00+09:00,J1,908,825,1733
2019-10-14T14:45:00+09:00,J2,527,604,1131
2019-10-14T14:45:00+09:00,J3,800,861,1661
2019-10-14T14:45:00+09:00,J4,545,531,1076
2019-10-14T14:45:00+09:00,J5,271,202,473
2019-10-14T15:00:00+09:00,J1,774,797,1571
2019-10-14T15:00:00+09:00,J2,556,567,1123
2019-10-14T15:00:00+09:00,J3,717,762,1479
2019-10-14T15:00:00+09:00,J4,593,654,1247
2019-10-14T15:00:00+09:00,J5,259,217,476
2019-10-14T15:15:00+09:00,J1,675,735,1410
2019-10-14T15:15:00+09:00,J2,486,637,1123
2019-10-14T15:15:00+09:00,J3,724,771,1495
2019-10-14T15:15:00+09:00,J4,598,597,1195
2019-10-14T15:15:00+09:00,J5,263,223,486
2019-10-14T15:30:00+09:00,J1,731,733,1464
2019-10-14T15:30:00+09:00,J2,557,601,1158
2019-10-14T15:30:00+09:00,J3,779,749,1528
2019-10-14T15:30:00+09:00,J4,523,569,1092
2019-10-14T15:30:00+09:00,J5,306,269,575
2019-10-14T15:45:00+09:00,J1,765,810,1575
2019-10-14T15:45:00+09:00,J2,470,561,1031
2019-10-14T15:45:00+09:00,J3,781,749,1530
2019-10-14T15:45:00+09:00,J4,592,603,1195
2019-10-14T15:45:00+09:00,J5,330,249,579
2019-10-14T16:00:00+09:00,J1,947,951,1898
2019-10-14T16:00:00+09:00,J2,531,605,1136
2019-10-14T16:00:00+09:00,J3,778,809,1587
2019-10-14T16:00:00+09:00,J4,653,597,1250
2019-10-14T16:00:00+09:00,J5,381,320,701
2019-10-14T16:15:00+09:00,J1,913,962,1875
2019-10-14T16:15:00+09:00,J2,585,631,1216
2019-10-14T16:15:00+09:00,J3,773,693,1466
2019-10-14T16:15:00+09:00,J4,624,624,1248
2019-10-14T16:15:00+09:00,J5,321,349,670
2019-10-14T16:30:00+09:00,J1,1001,997,1998
2019-10-14T16:30:00+09:00,J2,555,622,1177
2019-10-14T16:30:00+09:00,J3,724,773,1497
2019-10-14T16:30:00+09:00,J4,590,693,1283
2019-10-14T16:30:00+09:00,J5,360,309,669
2019-10-14T16:45:00+09:00,J1,957,994,1951
2019-10-14T16:45:00+09:00,J2,536,534,1070
2019-10-14T16:45:00+09:00,J3,742,757,1499
2019-10-14T16:45:00+09:00,J4,686,686,1372
2019-10-14T16:45:00+09:00,J5,317,306,623
2019-10-14T17:00:00+09:00,J1,983,961,1944
2019-10-14T17:00:00+09:00,J2,543,547,1090
2019-10-14T17:00:00+09:00,J3,779,736,1515
2019-10-14T17:00:00+09:00,J4,594,660,1254
2019-10-14T17:00:00+09:00,J5,382,313,695
2019-10-14T17:15:00+09:00,J1,948,964,1912
2019-10-14T17:15:00+09:00,J2,570,548,1118
2019-10-14T17:15:00+09:00,J3,795,715,1510
2019-10-14T17:15:00+09:00,J4,669,625,1294
2019-10-14T17:15:00+09:00,J5,288,283,571
2019-10-14T17:30:00+09:00,J1,1051,983,2034
2019-10-14T17:30:00+09:00,J2,574,528,1102
2019-10-14T17:30:00+09:00,J3,814,767,1581
2019-10-14T17:30:00+09:00,J4,581,631,1212
2019-10-14T17:30:00+09:00,J5,290,278,568
2019-10-14T17:45:00+09:00,J1,921,969,1890
2019-10-14T17:45:00+09:00,J2,520,542,1062
2019-10-14T17:45:00+09:00,J3,773,693,1466
2019-10-14T17:45:00+09:00,J4,597,604,1201
2019-10-14T17:45:00+09:00,J5,371,341,712
2019-10-14T18:00:00+09:00,J1,983,1000,1983
2019-10-14T18:00:00+09:00,J2,583,504,1087
2019-10-14T18:00:00+09:00,J3,692,695,1387
2019-10-14T18:00:00+09:00,J4,699,730,1429
2019-10-14T18:00:00+09:00,J5,444,448,892
2019-10-14T18:15:00+09:00,J1,991,971,1962
2019-10-14T18:15:00+09:00,J2,588,530,1118
2019-10-14T18:15:00+09:00,J3,776,673,1449
2019-10-14T18:15:00+09:00,J4,774,769,1543
2019-10-14T18:15:00+09:00,J5,481,450,931
2019-10-14T18:30:00+09:00,J1,931,959,1890
2019-10-14T18:30:00+09:00,J2,641,498,1139
2019-10-14T18:30:00+09:00,J3,742,588,1330
2019-10-14T18:30:00+09:00,J4,695,730,1425
2019-10-14T18:30:00+09:00,J5,399,321,720
2019-10-14T18:45:00+09:00,J1,821,892,1713
2019-10-14T18:45:00+09:00,J2,597,462,1059
2019-10-14T18:45:00+09:00,J3,724,618,1342
2019-10-14T18:45:00+09:00,J4,768,705,1473
2019-10-14T18:45:00+09:00,J5,485,432,917
2019-10-14T19:00:00+09:00,J1,860,914,1774
2019-10-14T19:00:00+09:00,J2,685,567,1252
2019-10-14T19:00:00+09:00,J3,799,651,1450
2019-10-14T19:00:00+09:00,J4,806,769,1575
2019-10-14T19:00:00+09:00,J5,616,615,1231
2019-10-14T19:15:00+09:00,J1,923,875,1798
2019-10-14T19:15:00+09:00,J2,499,512,1011
2019-10-14T19:15:00+09:00,J3,875,704,1579
2019-10-14T19:15:00+09:00,J4,854,828,1682
2019-10-14T19:15:00+09:00,J5,712,718,1430
2019-10-14T19:30:00+09:00,J1,885,915,1800
2019-10-14T19:30:00+09:00,J2,400,432,832
2019-10-14T19:30:00+09:00,J3,802,739,1541
2019-10-14T19:30:00+09:00,J4,916,796,1712
2019-10-14T19:30:00+09:00,J5,622,685,1307
2019-10-14T19:45:00+09:00,J1,795,891,1686
2019-10-14T19:45:00+09:00,J2,504,526,1030
2019-10-14T19:45:00+09:00,J3,781,681,1462
2019-10-14T19:45:00+09:00,J4,897,809,1706
2019-10-14T19:45:00+09:00,J5,685,787,1472
2019-10-14T20:00:00+09:00,J1,851,920,1771
2019-10-14T20:00:00+09:00,J2,647,508,1155
2019-10-14T20:00:00+09:00,J3,769,674,1443
2019-10-14T20:00:00+09:00,J4,866,794,1660
2019-10-14T20:00:00+09:00,J5,639,728,1367
2019-10-14T20:15:00+09:00,J1,872,915,1787
2019-10-14T20:15:00+09:00,J2,457,467,924
2019-10-14T20:15:00+09:00,J3,840,644,1484
2019-10-14T20:15:00+09:00,J4,868,782,1650
2019-10-14T20:15:00+09:00,J5,655,724,1379
2019-10-14T20:30:00+09:00,J1,989,963,1952
2019-10-14T20:30:00+09:00,J2,446,462,908
2019-10-14T20:30:00+09:00,J3,751,742,1493
2019-10-14T20:30:00+09:00,J4,822,808,1630
2019-10-14T20:30:00+09:00,J5,660,766,1426
2019-10-14T20:45:00+09:00,J1,871,927,1798
2019-10-14T20:45:00+09:00,J2,475,554,1029
2019-10-14T20:45:00+09:00,J3,729,736,1465
2019-10-14T20:45:00+09:00,J4,858,755,1613
2019-10-14T20:45:00+09:00,J5,651,750,1401
2019-10-14T21:00:00+09:00,J1,885,891,1776
2019-10-14T21:00:00+09:00,J2,403,442,845
2019-10-14T21:00:00+09:00,J3,687,655,1342
2019-10-14T21:00:00+09:00,J4,891,854,1745
2019-10-14T21:00:00+09:00,J5,614,729,1343
2019-10-14T21:15:00+09:00,J1,820,966,1786
2019-10-14T21:15:00+09:00,J2,527,499,1026
2019-10-14T21:15:00+09:00,J3,776,664,1440
2019-10-14T21:15:00+09:00,J4,1000,929,1929
2019-10-14T21:15:00+09:00,J5,593,721,1314
2019-10-14T21:30:00+09:00,J1,800,913,1713
2019-10-14T21:30:00+09:00,J2,604,510,1114
2019-10-14T21:30:00+09:00,J3,726,648,1374
2019-10-14T21:30:00+09:00,J4,969,905,1874
2019-10-14T21:30:00+09:00,J5,619,649,1268
2019-10-14T21:45:00+09:00,J1,858,914,1772
2019-10-14T21:45:00+09:00,J2,491,479,970
2019-10-14T21:45:00+09:00,J3,595,585,1180
2019-10-14T21:45:00+09:00,J4,900,876,1776
2019-10-14T21:45:00+09:00,J5,584,583,1167
2019-10-14T22:00:00+09:00,J1,855,878,1733
2019-10-14T22:00:00+09:00,J2,554,558,1112
2019-10-14T22:00:00+09:00,J3,638,584,1222
2019-10-14T22:00:00+09:00,J4,857,876,1733
2019-10-14T22:00:00+09:00,J5,553,568,1121
2019-10-14T22:15:00+09:00,J1,745,806,1551
2019-10-14T22:15:00+09:00,J2,512,506,1018
2019-10-14T22:15:00+09:00,J3,620,586,1206
2019-10-14T22:15:00+09:00,J4,862,872,1734
2019-10-14T22:15:00+09:00,J5,500,455,955
2019-10-14T22:30:00+09:00,J1,837,789,1626
2019-10-14T22:30:00+09:00,J2,387,432,819
2019-10-14T22:30:00+09:00,J3,624,566,1190
2019-10-14T22:30:00+09:00,J4,888,952,1840
2019-10-14T22:30:00+09:00,J5,387,419,806
2019-10-14T22:45:00+09:00,J1,876,939,1815
2019-10-14T22:45:00+09:00,J2,499,418,917
2019-10-14T22:45:00+09:00,J3,689,626,1315
2019-10-14T22:45:00+09:00,J4,840,830,1670
2019-10-14T22:45:00+09:00,J5,372,412,784
2019-10-14T23:00:00+09:00,J1,884,927,1811
2019-10-14T23:00:00+09:00,J2,332,326,658
2019-10-14T23:00:00+09:00,J3,661,619,1280
2019-10-14T23:00:00+09:00,J4,774,733,1507
2019-10-14T23:00:00+09:00,J5,362,381,743
2019-10-14T23:15:00+09:00,J1,804,886,1690
2019-10-14T23:15:00+09:00,J2,471,407,878
2019-10-14T23:15:00+09:00,J3,623,653,1276
2019-10-14T23:15:00+09:00,J4,847,880,1727
2019-10-14T23:15:00+09:00,J5,289,297,586
2019-10-14T23:30:00+09:00,J1,840,863,1703
2019-10-14T23:30:00+09:00,J2,409,400,809
2019-10-14T23:30:00+09:00,J3,698,636,1334
2019-10-14T23:30:00+09:00,J4,807,783,1590
2019-10-14T23:30:00+09:00,J5,354,375,729
2019-10-14T23:45:00+09:00,J1,572,658,1230
2019-10-14T23:45:00+09:00,J2,500,456,956
2019-10-14T23:45:00+09:00,J3,542,483,1025
2019-10-14T23:45:00+09:00,J4,830,819,1649
2019-10-14T23:45:00+09:00,J5,185,222,407
2019-10-15T00:00:00+09:00,J1,478,550,1028
2019-10-15T00:00:00+09:00,J2,327,325,652
2019-10-15T00:00:00+09:00,J3,432,433,865
2019-10-15T00:00:00+09:00,J4,551,497,1048
2019-10-15T00:00:00+09:00,J5,225,327,552
2019-10-15T00:15:00+09:00,J1,297,302,599
2019-10-15T00:15:00+09:00,J2,622,593,1215
2019-10-15T00:15:00+09:00,J3,664,573,1237
2019-10-15T00:15:00+09:00,J4,734,748,1482
2019-10-15T00:15:00+09:00,J5,369,379,748
2019-10-15T00:30:00+09:00,J1,359,275,634
2019-10-15T00:30:00+09:00,J2,542,546,1088
2019-10-15T00:30:00+09:00,J3,395,372,767
2019-10-15T00:30:00+09:00,J4,526,470,996
2019-10-15T00:30:00+09:00,J5,275,281,556
2019-10-15T00:45:00+09:00,J1,217,271,488
2019-10-15T00:45:00+09:00,J2,626,561,1187
2019-10-15T00:45:00+09:00,J3,347,322,669
2019-10-15T00:45:00+09:00,J4,484,356,840
2019-10-15T00:45:00+09:00,J5,256,274,530
2019-10-15T05:45:00+09:00,J1,628,606,1234
2019-10-15T05:45:00+09:00,J2,519,487,1006
2019-10-15T05:45:00+09:00,J3,423,378,801
2019-10-15T05:45:00+09:00,J4,628,594,1222
2019-10-15T05:45:00+09:00,J5,236,311,547
2019-10-15T06:00:00+09:00,J1,756,779,1535
2019-10-15T06:00:00+09:00,J2,341,355,696
2019-10-15T06:00:00+09:00,J3,547,454,1001
2019-10-15T06:00:00+09:00,J4,489,478,967
2019-10-15T06:00:00+09:00,J5,249,285,534
2019-10-15T06:15:00+09:00,J1,716,699,1415
2019-10-15T06:15:00+09:00,J2,427,330,757
2019-10-15T06:15:00+09:00,J3,577,522,1099
2019-10-15T06:15:00+09:00,J4,670,727,1397
2019-10-15T06:15:00+09:00,J5,366,352,718
2019-10-15T06:30:00+09:00,J1,681,688,1369
2019-10-15T06:30:00+09:00,J2,525,369,894
2019-10-15T06:30:00+09:00,J3,523,514,1037
2019-10-15T06:30:00+09:00,J4,624,600,1224
2019-10-15T06:30:00+09:00,J5,321,353,674
2019-10-15T06:45:00+09:00,J1,834,780,1614
2019-10-15T06:45:00+09:00,J2,478,380,858
2019-10-15T06:45:00+09:00,J3,606,548,1154
2019-10-15T06:45:00+09:00,J4,676,711,1387
2019-10-15T06:45:00+09:00,J5,391,375,766
2019-10-15T07:00:00+09:00,J1,859,900,1759
2019-10-15T07:00:00+09:00,J2,496,362,858
2019-10-15T07:00:00+09:00,J3,636,616,1252
2019-10-15T07:00:00+09:00,J4,795,904,1699
2019-10-15T07:00:00+09:00,J5,421,418,839
2019-10-15T07:15:00+09:00,J1,834,859,1693
2019-10-15T07:15:00+09:00,J2,490,370,860
2019-10-15T07:15:00+09:00,J3,599,655,1254
2019-10-15T07:15:00+09:00,J4,871,940,1811
2019-10-15T07:15:00+09:00,J5,336,276,612
2019-10-15T07:30:00+09:00,J1,972,882,1854
2019-10-15T07:30:00+09:00,J2,591,470,1061
2019-10-15T07:30:00+09:00,J3,672,748,1420
2019-10-15T07:30:00+09:00,J4,897,923,1820
2019-10-15T07:30:00+09:00,J5,319,252,571
2019-10-15T07:45:00+09:00,J1,881,807,1688
2019-10-15T07:45:00+09:00,J2,728,504,1232
2019-10-15T07:45:00+09:00,J3,784,846,1630
2019-10-15T07:45:00+09:00,J4,832,1044,1876
2019-10-15T07:45:00+09:00,J5,371,298,669
2019-10-15T08:00:00+09:00,J1,1126,986,2112
2019-10-15T08:00:00+09:00,J2,867,591,1458
2019-10-15T08:00:00+09:00,J3,811,938,1749
2019-10-15T08:00:00+09:00,J4,878,1211,2089
2019-10-15T08:00:00+09:00,J5,498,424,922
2019-10-15T08:15:00+09:00,J1,1163,1031,2194
2019-10-15T08:15:00+09:00,J2,1117,664,1781
2019-10-15T08:15:00+09:00,J3,906,1061,1967
2019-10-15T08:15:00+09:00,J4,926,1201,2127
2019-10-15T08:15:00+09:00,J5,536,495,1031
2019-10-15T08:30:00+09:00,J1,1190,1008,2198
2019-10-15T08:30:00+09:00,J2,1076,660,1736
2019-10-15T08:30:00+09:00,J3,902,1140,2042
2019-10-15T08:30:00+09:00,J4,966,1266,2232
2019-10-15T08:30:00+09:00,J5,525,558,1083
2019-10-15T08:45:00+09:00,J1,1143,1034,2177
2019-10-15T08:45:00+09:00,J2,778,501,1279
2019-10-15T08:45:00+09:00,J3,780,957,1737
2019-10-15T08:45:00+09:00,J4,938,1161,2099
2019-10-15T08:45:00+09:00,J5,462,456,918
2019-10-15T09:00:00+09:00,J1,960,851,1811
2019-10-15T09:00:00+09:00,J2,600,473,1073
2019-10-15T09:00:00+09:00,J3,762,839,1601
2019-10-15T09:00:00+09:00,J4,751,834,1585
2019-10-15T09:00:00+09:00,J5,386,373,759
2019-10-15T09:15:00+09:00,J1,845,813,1658
2019-10-15T09:15:00+09:00,J2,587,393,980
2019-10-15T09:15:00+09:00,J3,724,771,1495
2019-10-15T09:15:00+09:00,J4,790,894,1684
2019-10-15T09:15:00+09:00,J5,392,404,796
2019-10-15T09:30:00+09:00,J1,897,893,1790
2019-10-15T09:30:00+09:00,J2,595,462,1057
2019-10-15T09:30:00+09:00,J3,752,793,1545
2019-10-15T09:30:00+09:00,J4,829,906,1735
2019-10-15T09:30:00+09:00,J5,422,310,732
2019-10-15T09:45:00+09:00,J1,872,842,1714
2019-10-15T09:45:00+09:00,J2,499,335,834
2019-10-15T09:45:00+09:00,J3,732,773,1505
2019-10-15T09:45:00+09:00,J4,739,761,1500
2019-10-15T09:45:00+09:00,J5,391,356,747
2019-10-15T10:00:00+09:00,J1,916,905,1821
2019-10-15T10:00:00+09:00,J2,399,409,808
2019-10-15T10:00:00+09:00,J3,782,827,1609
2019-10-15T10:00:00+09:00,J4,581,671,1252
2019-10-15T10:00:00+09:00,J5,369,266,635
2019-10-15T10:15:00+09:00,J1,847,831,1678
2019-10-15T10:15:00+09:00,J2,393,356,749
2019-10-15T10:15:00+09:00,J3,682,730,1412
2019-10-15T10:15:00+09:00,J4,768,747,1515
2019-10-15T10:15:00+09:00,J5,359,255,614
2019-10-15T10:30:00+09:00,J1,834,771,1605
2019-10-15T10:30:00+09:00,J2,447,376,823
2019-10-15T10:30:00+09:00,J3,735,710,1445
2019-10-15T10:30:00+09:00,J4,734,676,1410
2019-10-15T10:30:00+09:00,J5,393,313,706
2019-10-15T10:45:00+09:00,J1,943,908,1851
2019-10-15T10:45:00+09:00,J2,507,406,913
2019-10-15T10:45:00+09:00,J3,732,770,1502
2019-10-15T10:45:00+09:00,J4,786,726,1512
2019-10-15T10:45:00+09:00,J5,338,257,595
2019-10-15T11:00:00+09:00,J1,907,860,1767
2019-10-15T11:00:00+09:00,J2,466,422,888
2019-10-15T11:00:00+09:00,J3,741,790,1531
2019-10-15T11:00:00+09:00,J4,650,632,1282
2019-10-15T11:00:00+09:00,J5,348,245,593
2019-10-15T11:15:00+09:00,J1,918,839,1757
2019-10-15T11:15:00+09:00,J2,547,420,967
2019-10-15T11:15:00+09:00,J3,713,703,1416
2019-10-15T11:15:00+09:00,J4,823,791,1614
2019-10-15T11:15:00+09:00,J5,340,239,579
2019-10-15T11:30:00+09:00,J1,974,880,1854
2019-10-15T11:30:00+09:00,J2,578,486,1064
2019-10-15T11:30:00+09:00,J3,760,823,1583
2019-10-15T11:30:00+09:00,J4,692,690,1382
2019-10-15T11:30:00+09:00,J5,327,250,577
2019-10-15T11:45:00+09:00,J1,721,684,1405
2019-10-15T11:45:00+09:00,J2,496,453,949
2019-10-15T11:45:00+09:00,J3,743,739,1482
2019-10-15T11:45:00+09:00,J4,756,762,1518
2019-10-15T11:45:00+09:00,J5,354,295,649
2019-10-15T12:00:00+09:00,J1,536,615,1151
2019-10-15T12:00:00+09:00,J2,616,546,1162
2019-10-15T12:00:00+09:00,J3,808,827,1635
2019-10-15T12:00:00+09:00,J4,831,795,1626
2019-10-15T12:00:00+09:00,J5,309,338,647
2019-10-15T12:15:00+09:00,J1,540,643,1183
2019-10-15T12:15:00+09:00,J2,602,539,1141
2019-10-15T12:15:00+09:00,J3,911,805,1716
2019-10-15T12:15:00+09:00,J4,857,807,1664
2019-10-15T12:15:00+09:00,J5,332,254,586
2019-10-15T12:30:00+09:00,J1,585,682,1267
2019-10-15T12:30:00+09:00,J2,596,490,1086
2019-10-15T12:30:00+09:00,J3,825,875,1700
2019-10-15T12:30:00+09:00,J4,883,915,1798
2019-10-15T12:30:00+09:00,J5,380,305,685
2019-10-15T12:45:00+09:00,J1,629,575,1204
2019-10-15T12:45:00+09:00,J2,586,515,1101
2019-10-15T12:45:00+09:00,J3,817,885,1702
2019-10-15T12:45:00+09:00,J4,861,879,1740
2019-10-15T12:45:00+09:00,J5,362,304,666
2019-10-15T13:00:00+09:00,J1,572,592,1164
2019-10-15T13:00:00+09:00,J2,530,441,971
2019-10-15T13:00:00+09:00,J3,819,786,1605
2019-10-15T13:00:00+09:00,J4,757,748,1505
2019-10-15T13:00:00+09:00,J5,356,317,673
2019-10-15T13:15:00+09:00,J1,626,681,1307
2019-10-15T13:15:00+09:00,J2,560,511,1071
2019-10-15T13:15:00+09:00,J3,795,842,1637
2019-10-15T13:15:00+09:00,J4,798,816,1614
2019-10-15T13:15:00+09:00,J5,355,323,678
2019-10-15T13:30:00+09:00,J1,710,696,1406
2019-10-15T13:30:00+09:00,J2,497,469,966
2019-10-15T13:30:00+09:00,J3,727,772,1499
2019-10-15T13:30:00+09:00,J4,765,772,1537
2019-10-15T13:30:00+09:00,J5,388,296,684
2019-10-15T13:45:00+09:00,J1,743,687,1430
2019-10-15T13:45:00+09:00,J2,489,490,979
2019-10-15T13:45:00+09:00,J3,802,786,1588
2019-10-15T13:45:00+09:00,J4,759,766,1525
2019-10-15T13:45:00+09:00,J5,390,368,758
2019-10-15T14:00:00+09:00,J1,717,763,1480
2019-10-15T14:00:00+09:00,J2,530,469,999
2019-10-15T14:00:00+09:00,J3,827,788,1615
2019-10-15T14:00:00+09:00,J4,769,778,1547
2019-10-15T14:00:00+09:00,J5,344,286,630
2019-10-15T14:15:00+09:00,J1,855,898,1753
2019-10-15T14:15:00+09:00,J2,575,552,1127
2019-10-15T14:15:00+09:00,J3,784,766,1550
2019-10-15T14:15:00+09:00,J4,818,774,1592
2019-10-15T14:15:00+09:00,J5,348,301,649
2019-10-15T14:30:00+09:00,J1,973,817,1790
2019-10-15T14:30:00+09:00,J2,553,588,1141
2019-10-15T14:30:00+09:00,J3,788,822,1610
2019-10-15T14:30:00+09:00,J4,824,858,1682
2019-10-15T14:30:00+09:00,J5,379,351,730
2019-10-15T14:45:00+09:00,J1,841,832,1673
2019-10-15T14:45:00+09:00,J2,553,559,1112
2019-10-15T14:45:00+09:00,J3,721,810,1531
2019-10-15T14:45:00+09:00,J4,793,749,1542
2019-10-15T14:45:00+09:00,J5,386,334,720
2019-10-15T15:00:00+09:00,J1,934,961,1895
2019-10-15T15:00:00+09:00,J2,517,529,1046
2019-10-15T15:00:00+09:00,J3,744,799,1543
2019-10-15T15:00:00+09:00,J4,831,912,1743
2019-10-15T15:00:00+09:00,J5,317,271,588
2019-10-15T15:15:00+09:00,J1,941,950,1891
2019-10-15T15:15:00+09:00,J2,574,484,1058
2019-10-15T15:15:00+09:00,J3,745,756,1501
2019-10-15T15:15:00+09:00,J4,850,865,1715
2019-10-15T15:15:00+09:00,J5,269,270,539
2019-10-15T15:30:00+09:00,J1,933,874,1807
2019-10-15T15:30:00+09:00,J2,620,522,1142
2019-10-15T15:30:00+09:00,J3,766,757,1523
2019-10-15T15:30:00+09:00,J4,829,833,1662
2019-10-15T15:30:00+09:00,J5,359,326,685
2019-10-15T15:45:00+09:00,J1,914,911,1825
2019-10-15T15:45:00+09:00,J2,552,524,1076
2019-10-15T15:45:00+09:00,J3,731,767,1498
2019-10-15T15:45:00+09:00,J4,829,828,1657
2019-10-15T15:45:00+09:00,J5,378,286,664
2019-10-15T16:00:00+09:00,J1,869,904,1773
2019-10-15T16:00:00+09:00,J2,518,536,1054
2019-10-15T16:00:00+09:00,J3,836,763,1599
2019-10-15T16:00:00+09:00,J4,783,753,1536
2019-10-15T16:00:00+09:00,J5,318,228,546
2019-10-15T16:15:00+09:00,J1,936,944,1880
2019-10-15T16:15:00+09:00,J2,613,630,1243
2019-10-15T16:15:00+09:00,J3,835,838,1673
2019-10-15T16:15:00+09:00,J4,844,809,1653
2019-10-15T16:15:00+09:00,J5,310,257,567
2019-10-15T16:30:00+09:00,J1,910,960,1870
2019-10-15T16:30:00+09:00,J2,547,622,1169
2019-10-15T16:30:00+09:00,J3,872,885,1757
2019-10-15T16:30:00+09:00,J4,957,884,1841
2019-10-15T16:30:00+09:00,J5,292,240,532
2019-10-15T16:45:00+09:00,J1,949,1004,1953
2019-10-15T16:45:00+09:00,J2,568,571,1139
2019-10-15T16:45:00+09:00,J3,807,835,1642
2019-10-15T16:45:00+09:00,J4,927,869,1796
2019-10-15T16:45:00+09:00,J5,396,346,742
2019-10-15T17:00:00+09:00,J1,862,987,1849
2019-10-15T17:00:00+09:00,J2,569,604,1173
2019-10-15T17:00:00+09:00,J3,992,899,1891
2019-10-15T17:00:00+09:00,J4,841,836,1677
2019-10-15T17:00:00+09:00,J5,517,486,1003
2019-10-15T17:15:00+09:00,J1,978,1005,1983
2019-10-15T17:15:00+09:00,J2,825,761,1586
2019-10-15T17:15:00+09:00,J3,1041,841,1882
2019-10-15T17:15:00+09:00,J4,994,926,1920
2019-10-15T17:15:00+09:00,J5,525,608,1133
2019-10-15T17:30:00+09:00,J1,980,964,1944
2019-10-15T17:30:00+09:00,J2,912,769,1681
2019-10-15T17:30:00+09:00,J3,1028,936,1964
2019-10-15T17:30:00+09:00,J4,1080,861,1941
2019-10-15T17:30:00+09:00,J5,572,672,1244
2019-10-15T17:45:00+09:00,J1,951,963,1914
2019-10-15T17:45:00+09:00,J2,926,724,1650
2019-10-15T17:45:00+09:00,J3,1069,870,1939
2019-10-15T17:45:00+09:00,J4,1204,987,2191
2019-10-15T17:45:00+09:00,J5,505,607,1112
2019-10-15T18:00:00+09:00,J1,874,990,1864
2019-10-15T18:00:00+09:00,J2,781,730,1511
2019-10-15T18:00:00+09:00,J3,991,956,1947
2019-10-15T18:00:00+09:00,J4,1200,894,2094
2019-10-15T18:00:00+09:00,J5,487,588,1075
2019-10-15T18:15:00+09:00,J1,968,1069,2037
2019-10-15T18:15:00+09:00,J2,751,732,1483
2019-10-15T18:15:00+09:00,J3,1030,981,2011
2019-10-15T18:15:00+09:00,J4,1238,914,2152
2019-10-15T18:15:00+09:00,J5,578,669,1247
2019-10-15T18:30:00+09:00,J1,951,998,1949
2019-10-15T18:30:00+09:00,J2,681,698,1379
2019-10-15T18:30:00+09:00,J3,1053,970,2023
2019-10-15T18:30:00+09:00,J4,1069,870,1939
2019-10-15T18:30:00+09:00,J5,529,673,1202
2019-10-15T18:45:00+09:00,J1,892,831,1723
2019-10-15T18:45:00+09:00,J2,635,633,1268
2019-10-15T18:45:00+09:00,J3,898,852,1750
2019-10-15T18:45:00+09:00,J4,959,739,1698
2019-10-15T18:45:00+09:00,J5,569,627,1196
2019-10-15T19:00:00+09:00,J1,853,870,1723
2019-10-15T19:00:00+09:00,J2,694,605,1299
2019-10-15T19:00:00+09:00,J3,768,741,1509
2019-10-15T19:00:00+09:00,J4,948,883,1831
2019-10-15T19:00:00+09:00,J5,472,613,1085
2019-10-15T19:15:00+09:00,J1,812,887,1699
2019-10-15T19:15:00+09:00,J2,602,552,1154
2019-10-15T19:15:00+09:00,J3,903,787,1690
2019-10-15T19:15:00+09:00,J4,964,891,1855
2019-10-15T19:15:00+09:00,J5,403,591,994
2019-10-15T19:30:00+09:00,J1,812,814,1626
2019-10-15T19:30:00+09:00,J2,569,522,1091
2019-10-15T19:30:00+09:00,J3,738,681,1419
2019-10-15T19:30:00+09:00,J4,1065,921,1986
2019-10-15T19:30:00+09:00,J5,412,589,1001
2019-10-15T19:45:00+09:00,J1,731,851,1582
2019-10-15T19:45:00+09:00,J2,610,523,1133
2019-10-15T19:45:00+09:00,J3,688,701,1389
2019-10-15T19:45:00+09:00,J4,1069,1006,2075
2019-10-15T19:45:00+09:00,J5,395,498,893
2019-10-15T20:00:00+09:00,J1,752,866,1618
2019-10-15T20:00:00+09:00,J2,545,537,1082
2019-10-15T20:00:00+09:00,J3,606,668,1274
2019-10-15T20:00:00+09:00,J4,1155,1067,2222
2019-10-15T20:00:00+09:00,J5,329,390,719
2019-10-15T20:15:00+09:00,J1,656,752,1408
2019-10-15T20:15:00+09:00,J2,556,500,1056
2019-10-15T20:15:00+09:00,J3,627,659,1286
2019-10-15T20:15:00+09:00,J4,1138,1010,2148
2019-10-15T20:15:00+09:00,J5,417,473,890
2019-10-15T20:30:00+09:00,J1,743,824,1567
2019-10-15T20:30:00+09:00,J2,643,521,1164
2019-10-15T20:30:00+09:00,J3,633,656,1289
2019-10-15T20:30:00+09:00,J4,1094,1068,2162
2019-10-15T20:30:00+09:00,J5,397,450,847
2019-10-15T20:45:00+09:00,J1,766,856,1622
2019-10-15T20:45:00+09:00,J2,585,567,1152
2019-10-15T20:45:00+09:00,J3,547,618,1165
2019-10-15T20:45:00+09:00,J4,1152,1079,2231
2019-10-15T20:45:00+09:00,J5,386,420,806
2019-10-15T21:00:00+09:00,J1,877,966,1843
2019-10-15T21:00:00+09:00,J2,439,414,853
2019-10-15T21:00:00+09:00,J3,602,597,1199
2019-10-15T21:00:00+09:00,J4,1208,1137,2345
2019-10-15T21:00:00+09:00,J5,391,453,844
2019-10-15T21:15:00+09:00,J1,832,915,1747
2019-10-15T21:15:00+09:00,J2,460,413,873
2019-10-15T21:15:00+09:00,J3,650,645,1295
2019-10-15T21:15:00+09:00,J4,1249,1229,2478
2019-10-15T21:15:00+09:00,J5,433,439,872
2019-10-15T21:30:00+09:00,J1,793,900,1693
2019-10-15T21:30:00+09:00,J2,359,403,762
2019-10-15T21:30:00+09:00,J3,596,622,1218
2019-10-15T21:30:00+09:00,J4,1242,1195,2437
2019-10-15T21:30:00+09:00,J5,468,463,931
2019-10-15T21:45:00+09:00,J1,703,766,1469
2019-10-15T21:45:00+09:00,J2,468,460,928
2019-10-15T21:45:00+09:00,J3,545,545,1090
2019-10-15T21:45:00+09:00,J4,1153,1147,2300
2019-10-15T21:45:00+09:00,J5,530,448,978
2019-10-15T22:00:00+09:00,J1,781,814,1595
2019-10-15T22:00:00+09:00,J2,473,479,952
2019-10-15T22:00:00+09:00,J3,552,580,1132
2019-10-15T22:00:00+09:00,J4,1083,1091,2174
2019-10-15T22:00:00+09:00,J5,480,371,851
2019-10-15T22:15:00+09:00,J1,804,834,1638
2019-10-15T22:15:00+09:00,J2,504,516,1020
2019-10-15T22:15:00+09:00,J3,544,556,1100
2019-10-15T22:15:00+09:00,J4,1225,1246,2471
2019-10-15T22:15:00+09:00,J5,445,414,859
2019-10-15T22:30:00+09:00,J1,712,770,1482
2019-10-15T22:30:00+09:00,J2,381,436,817
2019-10-15T22:30:00+09:00,J3,540,500,1040
2019-10-15T22:30:00+09:00,J4,1404,1349,2753
2019-10-15T22:30:00+09:00,J5,497,482,979
2019-10-15T22:45:00+09:00,J1,742,702,1444
2019-10-15T22:45:00+09:00,J2,510,404,914
2019-10-15T22:45:00+09:00,J3,538,503,1041
2019-10-15T22:45:00+09:00,J4,1357,1350,2707
2019-10-15T22:45:00+09:00,J5,402,412,814
2019-10-15T23:00:00+09:00,J1,658,734,1392
2019-10-15T23:00:00+09:00,J2,460,470,930
2019-10-15T23:00:00+09:00,J3,507,492,999
2019-10-15T23:00:00+09:00,J4,1377,1323,2700
2019-10-15T23:00:00+09:00,J5,340,334,674
2019-10-15T23:15:00+09:00,J1,706,758,1464
2019-10-15T23:15:00+09:00,J2,487,438,925
2019-10-15T23:15:00+09:00,J3,548,518,1066
2019-10-15T23:15:00+09:00,J4,1239,1264,2503
2019-10-15T23:15:00+09:00,J5,338,318,656
2019-10-15T23:30:00+09:00,J1,745,797,1542
2019-10-15T23:30:00+09:00,J2,451,464,915
2019-10-15T23:30:00+09:00,J3,555,560,1115
2019-10-15T23:30:00+09:00,J4,1100,1097,2197
2019-10-15T23:30:00+09:00,J5,273,252,525
2019-10-15T23:45:00+09:00,J1,681,653,1334
2019-10-15T23:45:00+09:00,J2,433,452,885
2019-10-15T23:45:00+09:00,J3,471,402,873
2019-10-15T23:45:00+09:00,J4,1174,1159,2333
2019-10-15T23:45:00+09:00,J5,254,260,514
2019-10-16T00:00:00+09:00,J1,589,618,1207
2019-10-16T00:00:00+09:00,J2,505,502,1007
2019-10-16T00:00:00+09:00,J3,458,396,854
2019-10-16T00:00:00+09:00,J4,1077,1050,2127
2019-10-16T00:00:00+09:00,J5,289,309,598
2019-10-16T00:15:00+09:00,J1,329,295,624
2019-10-16T00:15:00+09:00,J2,504,388,892
2019-10-16T00:15:00+09:00,J3,468,453,921
2019-10-16T00:15:00+09:00,J4,423,370,793
2019-10-16T00:15:00+09:00,J5,273,302,575
2019-10-16T00:30:00+09:00,J1,238,245,483
2019-10-16T00:30:00+09:00,J2,410,360,770
2019-10-16T00:30:00+09:00,J3,394,401,795
2019-10-16T00:30:00+09:00,J4,250,203,453
2019-10-16T00:30:00+09:00,J5,231,278,509
2019-10-16T00:45:00+09:00,J1,322,229,551
2019-10-16T00:45:00+09:00,J2,431,326,757
2019-10-16T00:45:00+09:00,J3,419,432,851
2019-10-16T00:45:00+09:00,J4,357,299,656
2019-10-16T00:45:00+09:00,J5,299,297,596
2019-10-16T05:45:00+09:00,J1,177,263,440
2019-10-16T05:45:00+09:00,J2,217,236,453
2019-10-16T05:45:00+09:00,J3,548,505,1053
2019-10-16T05:45:00+09:00,J4,1327,1321,2648
2019-10-16T05:45:00+09:00,J5,270,301,571
2019-10-16T06:00:00+09:00,J1,202,179,381
2019-10-16T06:00:00+09:00,J2,209,166,375
2019-10-16T06:00:00+09:00,J3,524,532,1056
2019-10-16T06:00:00+09:00,J4,1336,1369,2705
2019-10-16T06:00:00+09:00,J5,317,331,648
2019-10-16T06:15:00+09:00,J1,354,379,733
2019-10-16T06:15:00+09:00,J2,331,257,588
2019-10-16T06:15:00+09:00,J3,474,448,922
2019-10-16T06:15:00+09:00,J4,1145,1228,2373
2019-10-16T06:15:00+09:00,J5,363,388,751
2019-10-16T06:30:00+09:00,J1,478,462,940
2019-10-16T06:30:00+09:00,J2,307,246,553
2019-10-16T06:30:00+09:00,J3,475,426,901
2019-10-16T06:30:00+09:00,J4,982,948,1930
2019-10-16T06:30:00+09:00,J5,376,386,762
2019-10-16T06:45:00+09:00,J1,569,558,1127
2019-10-16T06:45:00+09:00,J2,549,433,982
2019-10-16T06:45:00+09:00,J3,579,549,1128
2019-10-16T06:45:00+09:00,J4,870,901,1771
2019-10-16T06:45:00+09:00,J5,340,370,710
2019-10-16T07:00:00+09:00,J1,700,633,1333
2019-10-16T07:00:00+09:00,J2,465,401,866
2019-10-16T07:00:00+09:00,J3,563,565,1128
2019-10-16T07:00:00+09:00,J4,921,972,1893
2019-10-16T07:00:00+09:00,J5,369,399,768
2019-10-16T07:15:00+09:00,J1,710,669,1379
2019-10-16T07:15:00+09:00,J2,450,395,845
2019-10-16T07:15:00+09:00,J3,637,599,1236
2019-10-16T07:15:00+09:00,J4,1117,1201,2318
2019-10-16T07:15:00+09:00,J5,391,302,693
2019-10-16T07:30:00+09:00,J1,815,716,1531
2019-10-16T07:30:00+09:00,J2,502,459,961
2019-10-16T07:30:00+09:00,J3,582,601,1183
2019-10-16T07:30:00+09:00,J4,1047,1156,2203
2019-10-16T07:30:00+09:00,J5,342,278,620
2019-10-16T07:45:00+09:00,J1,884,777,1661
2019-10-16T07:45:00+09:00,J2,445,327,772
2019-10-16T07:45:00+09:00,J3,694,751,1445
2019-10-16T07:45:00+09:00,J4,1030,1204,2234
2019-10-16T07:45:00+09:00,J5,475,380,855
2019-10-16T08:00:00+09:00,J1,1140,923,2063
2019-10-16T08:00:00+09:00,J2,532,414,946
2019-10-16T08:00:00+09:00,J3,821,961,1782
2019-10-16T08:00:00+09:00,J4,1026,1356,2382
2019-10-16T08:00:00+09:00,J5,542,511,1053
2019-10-16T08:15:00+09:00,J1,1174,928,2102
2019-10-16T08:15:00+09:00,J2,661,560,1221
2019-10-16T08:15:00+09:00,J3,870,1112,1982
2019-10-16T08:15:00+09:00,J4,1092,1300,2392
2019-10-16T08:15:00+09:00,J5,552,518,1070
2019-10-16T08:30:00+09:00,J1,1230,817,2047
2019-10-16T08:30:00+09:00,J2,597,432,1029
2019-10-16T08:30:00+09:00,J3,944,1155,2099
2019-10-16T08:30:00+09:00,J4,1136,1401,2537
2019-10-16T08:30:00+09:00,J5,500,510,1010
2019-10-16T08:45:00+09:00,J1,1006,877,1883
2019-10-16T08:45:00+09:00,J2,488,343,831
2019-10-16T08:45:00+09:00,J3,870,1031,1901
2019-10-16T08:45:00+09:00,J4,1038,1203,2241
2019-10-16T08:45:00+09:00,J5,399,398,797
2019-10-16T09:00:00+09:00,J1,860,828,1688
2019-10-16T09:00:00+09:00,J2,392,346,738
2019-10-16T09:00:00+09:00,J3,832,776,1608
2019-10-16T09:00:00+09:00,J4,1077,1159,2236
2019-10-16T09:00:00+09:00,J5,440,456,896
2019-10-16T09:15:00+09:00,J1,729,685,1414
2019-10-16T09:15:00+09:00,J2,343,237,580
2019-10-16T09:15:00+09:00,J3,674,651,1325
2019-10-16T09:15:00+09:00,J4,786,846,1632
2019-10-16T09:15:00+09:00,J5,429,387,816
2019-10-16T09:30:00+09:00,J1,929,811,1740
2019-10-16T09:30:00+09:00,J2,456,350,806
2019-10-16T09:30:00+09:00,J3,950,856,1806
2019-10-16T09:30:00+09:00,J4,1081,1222,2303
2019-10-16T09:30:00+09:00,J5,474,451,925
2019-10-16T09:45:00+09:00,J1,800,650,1450
2019-10-16T09:45:00+09:00,J2,411,274,685
2019-10-16T09:45:00+09:00,J3,797,692,1489
2019-10-16T09:45:00+09:00,J4,929,937,1866
2019-10-16T09:45:00+09:00,J5,318,291,609
2019-10-16T10:00:00+09:00,J1,619,598,1217
2019-10-16T10:00:00+09:00,J2,345,307,652
2019-10-16T10:00:00+09:00,J3,615,674,1289
2019-10-16T10:00:00+09:00,J4,705,737,1442
2019-10-16T10:00:00+09:00,J5,326,328,654
2019-10-16T10:15:00+09:00,J1,648,594,1242
2019-10-16T10:15:00+09:00,J2,454,309,763
2019-10-16T10:15:00+09:00,J3,634,627,1261
2019-10-16T10:15:00+09:00,J4,621,697,1318
2019-10-16T10:15:00+09:00,J5,240,228,468
2019-10-16T10:30:00+09:00,J1,702,569,1271
2019-10-16T10:30:00+09:00,J2,484,372,856
2019-10-16T10:30:00+09:00,J3,605,626,1231
2019-10-16T10:30:00+09:00,J4,745,821,1566
2019-10-16T10:30:00+09:00,J5,272,200,472
2019-10-16T10:45:00+09:00,J1,672,643,1315
2019-10-16T10:45:00+09:00,J2,452,425,877
2019-10-16T10:45:00+09:00,J3,683,689,1372
2019-10-16T10:45:00+09:00,J4,737,652,1389
2019-10-16T10:45:00+09:00,J5,233,206,439
2019-10-16T11:00:00+09:00,J1,687,581,1268
2019-10-16T11:00:00+09:00,J2,432,404,836
2019-10-16T11:00:00+09:00,J3,662,666,1328
2019-10-16T11:00:00+09:00,J4,678,640,1318
2019-10-16T11:00:00+09:00,J5,271,174,445
2019-10-16T11:15:00+09:00,J1,670,679,1349
2019-10-16T11:15:00+09:00,J2,429,453,882
2019-10-16T11:15:00+09:00,J3,691,632,1323
2019-10-16T11:15:00+09:00,J4,559,601,1160
2019-10-16T11:15:00+09:00,J5,255,162,417
2019-10-16T11:30:00+09:00,J1,664,679,1343
2019-10-16T11:30:00+09:00,J2,465,424,889
2019-10-16T11:30:00+09:00,J3,689,634,1323
2019-10-16T11:30:00+09:00,J4,575,567,1142
2019-10-16T11:30:00+09:00,J5,254,243,497
2019-10-16T11:45:00+09:00,J1,714,758,1472
2019-10-16T11:45:00+09:00,J2,486,455,941
2019-10-16T11:45:00+09:00,J3,737,695,1432
2019-10-16T11:45:00+09:00,J4,621,686,1307
2019-10-16T11:45:00+09:00,J5,270,185,455
2019-10-16T12:00:00+09:00,J1,636,664,1300
2019-10-16T12:00:00+09:00,J2,597,518,1115
2019-10-16T12:00:00+09:00,J3,719,669,1388
2019-10-16T12:00:00+09:00,J4,804,736,1540
2019-10-16T12:00:00+09:00,J5,260,233,493
2019-10-16T12:15:00+09:00,J1,607,551,1158
2019-10-16T12:15:00+09:00,J2,550,420,970
2019-10-16T12:15:00+09:00,J3,701,636,1337
2019-10-16T12:15:00+09:00,J4,875,824,1699
2019-10-16T12:15:00+09:00,J5,276,244,520
2019-10-16T12:30:00+09:00,J1,657,617,1274
2019-10-16T12:30:00+09:00,J2,495,421,916
2019-10-16T12:30:00+09:00,J3,760,717,1477
2019-10-16T12:30:00+09:00,J4,834,784,1618
2019-10-16T12:30:00+09:00,J5,273,192,465
2019-10-16T12:45:00+09:00,J1,712,711,1423
2019-10-16T12:45:00+09:00,J2,356,348,704
2019-10-16T12:45:00+09:00,J3,782,658,1440
2019-10-16T12:45:00+09:00,J4,716,779,1495
2019-10-16T12:45:00+09:00,J5,309,219,528
2019-10-16T13:00:00+09:00,J1,572,580,1152
2019-10-16T13:00:00+09:00,J2,358,322,680
2019-10-16T13:00:00+09:00,J3,748,774,1522
2019-10-16T13:00:00+09:00,J4,791,826,1617
2019-10-16T13:00:00+09:00,J5,315,277,592
2019-10-16T13:15:00+09:00,J1,553,510,1063
2019-10-16T13:15:00+09:00,J2,383,316,699
2019-10-16T13:15:00+09:00,J3,725,754,1479
2019-10-16T13:15:00+09:00,J4,739,758,1497
2019-10-16T13:15:00+09:00,J5,473,447,920
2019-10-16T13:30:00+09:00,J1,681,610,1291
2019-10-16T13:30:00+09:00,J2,374,332,706
2019-10-16T13:30:00+09:00,J3,670,746,1416
2019-10-16T13:30:00+09:00,J4,853,874,1727
2019-10-16T13:30:00+09:00,J5,551,581,1132
2019-10-16T13:45:00+09:00,J1,772,723,1495
2019-10-16T13:45:00+09:00,J2,324,350,674
2019-10-16T13:45:00+09:00,J3,739,725,1464
2019-10-16T13:45:00+09:00,J4,811,853,1664
2019-10-16T13:45:00+09:00,J5,402,342,744
2019-10-16T14:00:00+09:00,J1,684,707,1391
2019-10-16T14:00:00+09:00,J2,463,369,832
2019-10-16T14:00:00+09:00,J3,793,647,1440
2019-10-16T14:00:00+09:00,J4,708,773,1481
2019-10-16T14:00:00+09:00,J5,513,460,973
2019-10-16T14:15:00+09:00,J1,662,732,1394
2019-10-16T14:15:00+09:00,J2,429,342,771
2019-10-16T14:15:00+09:00,J3,805,706,1511
2019-10-16T14:15:00+09:00,J4,772,804,1576
2019-10-16T14:15:00+09:00,J5,471,495,966
2019-10-16T14:30:00+09:00,J1,727,678,1405
2019-10-16T14:30:00+09:00,J2,492,405,897
2019-10-16T14:30:00+09:00,J3,794,815,1609
2019-10-16T14:30:00+09:00,J4,811,830,1641
2019-10-16T14:30:00+09:00,J5,633,662,1295
2019-10-16T14:45:00+09:00,J1,607,676,1283
2019-10-16T14:45:00+09:00,J2,507,425,932
2019-10-16T14:45:00+09:00,J3,726,743,1469
2019-10-16T14:45:00+09:00,J4,982,949,1931
2019-10-16T14:45:00+09:00,J5,402,413,815
2019-10-16T15:00:00+09:00,J1,779,857,1636
2019-10-16T15:00:00+09:00,J2,525,453,978
2019-10-16T15:00:00+09:00,J3,798,735,1533
2019-10-16T15:00:00+09:00,J4,892,872,1764
2019-10-16T15:00:00+09:00,J5,452,425,877
2019-10-16T15:15:00+09:00,J1,649,579,1228
2019-10-16T15:15:00+09:00,J2,549,441,990
2019-10-16T15:15:00+09:00,J3,686,674,1360
2019-10-16T15:15:00+09:00,J4,922,889,1811
2019-10-16T15:15:00+09:00,J5,504,542,1046
2019-10-16T15:30:00+09:00,J1,594,669,1263
2019-10-16T15:30:00+09:00,J2,558,410,968
2019-10-16T15:30:00+09:00,J3,793,707,1500
2019-10-16T15:30:00+09:00,J4,871,849,1720
2019-10-16T15:30:00+09:00,J5,514,509,1023
2019-10-16T15:45:00+09:00,J1,585,686,1271
2019-10-16T15:45:00+09:00,J2,475,435,910
2019-10-16T15:45:00+09:00,J3,765,705,1470
2019-10-16T15:45:00+09:00,J4,870,915,1785
2019-10-16T15:45:00+09:00,J5,458,559,1017
2019-10-16T16:00:00+09:00,J1,660,731,1391
2019-10-16T16:00:00+09:00,J2,587,466,1053
2019-10-16T16:00:00+09:00,J3,801,768,1569
2019-10-16T16:00:00+09:00,J4,1052,1009,2061
2019-10-16T16:00:00+09:00,J5,432,518,950
2019-10-16T16:15:00+09:00,J1,693,752,1445
2019-10-16T16:15:00+09:00,J2,494,383,877
2019-10-16T16:15:00+09:00,J3,784,758,1542
2019-10-16T16:15:00+09:00,J4,1023,911,1934
2019-10-16T16:15:00+09:00,J5,428,554,982
2019-10-16T16:30:00+09:00,J1,743,770,1513
2019-10-16T16:30:00+09:00,J2,515,417,932
2019-10-16T16:30:00+09:00,J3,730,713,1443
2019-10-16T16:30:00+09:00,J4,981,908,1889
2019-10-16T16:30:00+09:00,J5,425,490,915
2019-10-16T16:45:00+09:00,J1,617,636,1253
2019-10-16T16:45:00+09:00,J2,522,368,890
2019-10-16T16:45:00+09:00,J3,773,744,1517
2019-10-16T16:45:00+09:00,J4,1040,967,2007
2019-10-16T16:45:00+09:00,J5,392,456,848
2019-10-16T17:00:00+09:00,J1,676,750,1426
2019-10-16T17:00:00+09:00,J2,594,439,1033
2019-10-16T17:00:00+09:00,J3,904,880,1784
2019-10-16T17:00:00+09:00,J4,856,798,1654
2019-10-16T17:00:00+09:00,J5,411,520,931
2019-10-16T17:15:00+09:00,J1,736,857,1593
2019-10-16T17:15:00+09:00,J2,543,398,941
2019-10-16T17:15:00+09:00,J3,956,823,1779
2019-10-16T17:15:00+09:00,J4,910,835,1745
2019-10-16T17:15:00+09:00,J5,449,571,1020
2019-10-16T17:30:00+09:00,J1,802,880,1682
2019-10-16T17:30:00+09:00,J2,639,397,1036
2019-10-16T17:30:00+09:00,J3,1004,793,1797
2019-10-16T17:30:00+09:00,J4,1005,888,1893
2019-10-16T17:30:00+09:00,J5,505,571,1076
2019-10-16T17:45:00+09:00,J1,791,887,1678
2019-10-16T17:45:00+09:00,J2,594,380,974
2019-10-16T17:45:00+09:00,J3,997,757,1754
2019-10-16T17:45:00+09:00,J4,1030,803,1833
2019-10-16T17:45:00+09:00,J5,517,661,1178
2019-10-16T18:00:00+09:00,J1,818,849,1667
2019-10-16T18:00:00+09:00,J2,623,410,1033
2019-10-16T18:00:00+09:00,J3,1084,723,1807
2019-10-16T18:00:00+09:00,J4,1096,856,1952
2019-10-16T18:00:00+09:00,J5,430,625,1055
2019-10-16T18:15:00+09:00,J1,826,941,1767
2019-10-16T18:15:00+09:00,J2,586,359,945
2019-10-16T18:15:00+09:00,J3,1114,687,1801
2019-10-16T18:15:00+09:00,J4,1155,824,1979
2019-10-16T18:15:00+09:00,J5,502,713,1215
2019-10-16T18:30:00+09:00,J1,724,800,1524
2019-10-16T18:30:00+09:00,J2,566,343,909
2019-10-16T18:30:00+09:00,J3,919,696,1615
2019-10-16T18:30:00+09:00,J4,1093,836,1929
2019-10-16T18:30:00+09:00,J5,482,602,1084
2019-10-16T18:45:00+09:00,J1,690,686,1376
2019-10-16T18:45:00+09:00,J2,532,351,883
2019-10-16T18:45:00+09:00,J3,820,640,1460
2019-10-16T18:45:00+09:00,J4,1001,818,1819
2019-10-16T18:45:00+09:00,J5,470,572,1042
2019-10-16T19:00:00+09:00,J1,649,715,1364
2019-10-16T19:00:00+09:00,J2,461,426,887
2019-10-16T19:00:00+09:00,J3,743,620,1363
2019-10-16T19:00:00+09:00,J4,946,823,1769
2019-10-16T19:00:00+09:00,J5,405,526,931
2019-10-16T19:15:00+09:00,J1,736,798,1534
2019-10-16T19:15:00+09:00,J2,475,459,934
2019-10-16T19:15:00+09:00,J3,755,592,1347
2019-10-16T19:15:00+09:00,J4,894,830,1724
2019-10-16T19:15:00+09:00,J5,422,584,1006
2019-10-16T19:30:00+09:00,J1,697,729,1426
2019-10-16T19:30:00+09:00,J2,393,434,827
2019-10-16T19:30:00+09:00,J3,646,543,1189
2019-10-16T19:30:00+09:00,J4,853,655,1508
2019-10-16T19:30:00+09:00,J5,417,477,894
2019-10-16T19:45:00+09:00,J1,634,636,1270
2019-10-16T19:45:00+09:00,J2,410,399,809
2019-10-16T19:45:00+09:00,J3,653,506,1159
2019-10-16T19:45:00+09:00,J4,917,903,1820
2019-10-16T19:45:00+09:00,J5,404,469,873
2019-10-16T20:00:00+09:00,J1,570,641,1211
2019-10-16T20:00:00+09:00,J2,357,386,743
2019-10-16T20:00:00+09:00,J3,659,570,1229
2019-10-16T20:00:00+09:00,J4,861,828,1689
2019-10-16T20:00:00+09:00,J5,467,566,1033
2019-10-16T20:15:00+09:00,J1,618,672,1290
2019-10-16T20:15:00+09:00,J2,392,380,772
2019-10-16T20:15:00+09:00,J3,677,567,1244
2019-10-16T20:15:00+09:00,J4,846,710,1556
2019-10-16T20:15:00+09:00,J5,467,573,1040
2019-10-16T20:30:00+09:00,J1,754,840,1594
2019-10-16T20:30:00+09:00,J2,349,325,674
2019-10-16T20:30:00+09:00,J3,652,650,1302
2019-10-16T20:30:00+09:00,J4,851,837,1688
2019-10-16T20:30:00+09:00,J5,517,545,1062
2019-10-16T20:45:00+09:00,J1,826,860,1686
2019-10-16T20:45:00+09:00,J2,357,337,694
2019-10-16T20:45:00+09:00,J3,680,692,1372
2019-10-16T20:45:00+09:00,J4,746,756,1502
2019-10-16T20:45:00+09:00,J5,428,574,1002
2019-10-16T21:00:00+09:00,J1,773,865,1638
2019-10-16T21:00:00+09:00,J2,361,333,694
2019-10-16T21:00:00+09:00,J3,599,592,1191
2019-10-16T21:00:00+09:00,J4,955,866,1821
2019-10-16T21:00:00+09:00,J5,415,441,856
2019-10-16T21:15:00+09:00,J1,788,879,1667
2019-10-16T21:15:00+09:00,J2,358,325,683
2019-10-16T21:15:00+09:00,J3,613,550,1163
2019-10-16T21:15:00+09:00,J4,885,833,1718
2019-10-16T21:15:00+09:00,J5,437,383,820
2019-10-16T21:30:00+09:00,J1,776,791,1567
2019-10-16T21:30:00+09:00,J2,365,319,684
2019-10-16T21:30:00+09:00,J3,605,611,1216
2019-10-16T21:30:00+09:00,J4,737,737,1474
2019-10-16T21:30:00+09:00,J5,368,344,712
2019-10-16T21:45:00+09:00,J1,688,746,1434
2019-10-16T21:45:00+09:00,J2,337,262,599
2019-10-16T21:45:00+09:00,J3,560,551,1111
2019-10-16T21:45:00+09:00,J4,796,745,1541
2019-10-16T21:45:00+09:00,J5,359,325,684
2019-10-16T22:00:00+09:00,J1,671,745,1416
2019-10-16T22:00:00+09:00,J2,322,264,586
2019-10-16T22:00:00+09:00,J3,561,529,1090
2019-10-16T22:00:00+09:00,J4,785,810,1595
2019-10-16T22:00:00+09:00,J5,417,300,717
2019-10-16T22:15:00+09:00,J1,695,741,1436
2019-10-16T22:15:00+09:00,J2,354,301,655
2019-10-16T22:15:00+09:00,J3,603,548,1151
2019-10-16T22:15:00+09:00,J4,967,924,1891
2019-10-16T22:15:00+09:00,J5,390,324,714
2019-10-16T22:30:00+09:00,J1,642,659,1301
2019-10-16T22:30:00+09:00,J2,309,339,648
2019-10-16T22:30:00+09:00,J3,594,631,1225
2019-10-16T22:30:00+09:00,J4,1023,1006,2029
2019-10-16T22:30:00+09:00,J5,364,385,749
2019-10-16T22:45:00+09:00,J1,641,659,1300
2019-10-16T22:45:00+09:00,J2,330,303,633
2019-10-16T22:45:00+09:00,J3,532,524,1056
2019-10-16T22:45:00+09:00,J4,963,966,1929
2019-10-16T22:45:00+09:00,J5,401,431,832
2019-10-16T23:00:00+09:00,J1,610,651,1261
2019-10-16T23:00:00+09:00,J2,354,273,627
2019-10-16T23:00:00+09:00,J3,503,505,1008
2019-10-16T23:00:00+09:00,J4,887,826,1713
2019-10-16T23:00:00+09:00,J5,294,350,644
2019-10-16T23:15:00+09:00,J1,533,610,1143
2019-10-16T23:15:00+09:00,J2,283,255,538
2019-10-16T23:15:00+09:00,J3,477,441,918
2019-10-16T23:15:00+09:00,J4,980,906,1886
2019-10-16T23:15:00+09:00,J5,228,273,501
2019-10-16T23:30:00+09:00,J1,452,497,949
2019-10-16T23:30:00+09:00,J2,222,224,446
2019-10-16T23:30:00+09:00,J3,482,403,885
2019-10-16T23:30:00+09:00,J4,843,826,1669
2019-10-16T23:30:00+09:00,J5,176,164,340
2019-10-16T23:45:00+09:00,J1,508,475,983
2019-10-16T23:45:00+09:00,J2,220,242,462
2019-10-16T23:45:00+09:00,J3,452,377,829
2019-10-16T23:45:00+09:00,J4,908,818,1726
2019-10-16T23:45:00+09:00,J5,201,227,428
2019-10-17T00:00:00+09:00,J1,549,598,1147
2019-10-17T00:00:00+09:00,J2,282,304,586
2019-10-17T00:00:00+09:00,J3,465,376,841
2019-10-17T00:00:00+09:00,J4,717,788,1505
2019-10-17T00:00:00+09:00,J5,218,235,453
2019-10-17T00:15:00+09:00,J1,238,251,489
2019-10-17T00:15:00+09:00,J2,282,259,541
2019-10-17T00:15:00+09:00,J3,549,502,1051
2019-10-17T00:15:00+09:00,J4,410,359,769
2019-10-17T00:15:00+09:00,J5,290,331,621
2019-10-17T00:30:00+09:00,J1,263,268,531
2019-10-17T00:30:00+09:00,J2,273,258,531
2019-10-17T00:30:00+09:00,J3,472,477,949
2019-10-17T00:30:00+09:00,J4,555,466,1021
2019-10-17T00:30:00+09:00,J5,213,208,421
2019-10-17T00:45:00+09:00,J1,223,240,463
2019-10-17T00:45:00+09:00,J2,313,308,621
2019-10-17T00:45:00+09:00,J3,472,460,932
2019-10-17T00:45:00+09:00,J4,622,508,1130
2019-10-17T00:45:00+09:00,J5,213,218,431
2019-10-17T05:45:00+09:00,J1,189,166,355
2019-10-17T05:45:00+09:00,J2,431,437,868
2019-10-17T05:45:00+09:00,J3,391,315,706
2019-10-17T05:45:00+09:00,J4,628,672,1300
2019-10-17T05:45:00+09:00,J5,222,203,425
2019-10-17T06:00:00+09:00,J1,368,361,729
2019-10-17T06:00:00+09:00,J2,464,404,868
2019-10-17T06:00:00+09:00,J3,498,443,941
2019-10-17T06:00:00+09:00,J4,678,682,1360
2019-10-17T06:00:00+09:00,J5,234,211,445
2019-10-17T06:15:00+09:00,J1,411,369,780
2019-10-17T06:15:00+09:00,J2,346,360,706
2019-10-17T06:15:00+09:00,J3,414,475,889
2019-10-17T06:15:00+09:00,J4,711,716,1427
2019-10-17T06:15:00+09:00,J5,350,318,668
2019-10-17T06:30:00+09:00,J1,531,541,1072
2019-10-17T06:30:00+09:00,J2,322,321,643
2019-10-17T06:30:00+09:00,J3,413,453,866
2019-10-17T06:30:00+09:00,J4,695,734,1429
2019-10-17T06:30:00+09:00,J5,396,338,734
2019-10-17T06:45:00+09:00,J1,548,577,1125
2019-10-17T06:45:00+09:00,J2,344,273,617
2019-10-17T06:45:00+09:00,J3,533,506,1039
2019-10-17T06:45:00+09:00,J4,700,715,1415
2019-10-17T06:45:00+09:00,J5,431,413,844
2019-10-17T07:00:00+09:00,J1,701,667,1368
2019-10-17T07:00:00+09:00,J2,346,303,649
2019-10-17T07:00:00+09:00,J3,552,558,1110
2019-10-17T07:00:00+09:00,J4,1071,1136,2207
2019-10-17T07:00:00+09:00,J5,423,502,925
2019-10-17T07:15:00+09:00,J1,803,714,1517
2019-10-17T07:15:00+09:00,J2,468,367,835
2019-10-17T07:15:00+09:00,J3,501,551,1052
2019-10-17T07:15:00+09:00,J4,959,1057,2016
2019-10-17T07:15:00+09:00,J5,504,514,1018
2019-10-17T07:30:00+09:00,J1,844,745,1589
2019-10-17T07:30:00+09:00,J2,427,334,761
2019-10-17T07:30:00+09:00,J3,567,577,1144
2019-10-17T07:30:00+09:00,J4,970,1101,2071
2019-10-17T07:30:00+09:00,J5,431,391,822
2019-10-17T07:45:00+09:00,J1,955,877,1832
2019-10-17T07:45:00+09:00,J2,421,316,737
2019-10-17T07:45:00+09:00,J3,742,748,1490
2019-10-17T07:45:00+09:00,J4,1113,1297,2410
2019-10-17T07:45:00+09:00,J5,482,355,837
2019-10-17T08:00:00+09:00,J1,1208,1007,2215
2019-10-17T08:00:00+09:00,J2,563,455,1018
2019-10-17T08:00:00+09:00,J3,900,1040,1940
2019-10-17T08:00:00+09:00,J4,1183,1346,2529
2019-10-17T08:00:00+09:00,J5,678,494,1172
2019-10-17T08:15:00+09:00,J1,1229,994,2223
2019-10-17T08:15:00+09:00,J2,717,661,1378
2019-10-17T08:15:00+09:00,J3,982,1195,2177
2019-10-17T08:15:00+09:00,J4,1064,1430,2494
2019-10-17T08:15:00+09:00,J5,723,614,1337
2019-10-17T08:30:00+09:00,J1,1264,936,2200
2019-10-17T08:30:00+09:00,J2,708,574,1282
2019-10-17T08:30:00+09:00,J3,963,1259,2222
2019-10-17T08:30:00+09:00,J4,1212,1479,2691
2019-10-17T08:30:00+09:00,J5,765,637,1402
2019-10-17T08:45:00+09:00,J1,1104,1006,2110
2019-10-17T08:45:00+09:00,J2,614,355,969
2019-10-17T08:45:00+09:00,J3,847,1057,1904
2019-10-17T08:45:00+09:00,J4,1188,1490,2678
2019-10-17T08:45:00+09:00,J5,576,550,1126
2019-10-17T09:00:00+09:00,J1,962,837,1799
2019-10-17T09:00:00+09:00,J2,438,329,767
2019-10-17T09:00:00+09:00,J3,835,844,1679
2019-10-17T09:00:00+09:00,J4,1060,1190,2250
2019-10-17T09:00:00+09:00,J5,536,551,1087
2019-10-17T09:15:00+09:00,J1,894,788,1682
2019-10-17T09:15:00+09:00,J2,377,269,646
2019-10-17T09:15:00+09:00,J3,737,847,1584
2019-10-17T09:15:00+09:00,J4,1160,1215,2375
2019-10-17T09:15:00+09:00,J5,522,370,892
2019-10-17T09:30:00+09:00,J1,890,822,1712
2019-10-17T09:30:00+09:00,J2,376,330,706
2019-10-17T09:30:00+09:00,J3,803,812,1615
2019-10-17T09:30:00+09:00,J4,993,1140,2133
2019-10-17T09:30:00+09:00,J5,396,342,738
2019-10-17T09:45:00+09:00,J1,919,837,1756
2019-10-17T09:45:00+09:00,J2,369,271,640
2019-10-17T09:45:00+09:00,J3,802,844,1646
2019-10-17T09:45:00+09:00,J4,930,1045,1975
2019-10-17T09:45:00+09:00,J5,332,279,611
2019-10-17T10:00:00+09:00,J1,828,833,1661
2019-10-17T10:00:00+09:00,J2,316,295,611
2019-10-17T10:00:00+09:00,J3,749,793,1542
2019-10-17T10:00:00+09:00,J4,968,1001,1969
2019-10-17T10:00:00+09:00,J5,454,441,895
2019-10-17T10:15:00+09:00,J1,744,703,1447
2019-10-17T10:15:00+09:00,J2,349,285,634
2019-10-17T10:15:00+09:00,J3,765,781,1546
2019-10-17T10:15:00+09:00,J4,845,843,1688
2019-10-17T10:15:00+09:00,J5,456,449,905
2019-10-17T10:30:00+09:00,J1,750,728,1478
2019-10-17T10:30:00+09:00,J2,368,294,662
2019-10-17T10:30:00+09:00,J3,802,788,1590
2019-10-17T10:30:00+09:00,J4,822,881,1703
2019-10-17T10:30:00+09:00,J5,312,301,613
2019-10-17T10:45:00+09:00,J1,724,719,1443
2019-10-17T10:45:00+09:00,J2,364,320,684
2019-10-17T10:45:00+09:00,J3,732,785,1517
2019-10-17T10:45:00+09:00,J4,812,931,1743
2019-10-17T10:45:00+09:00,J5,328,245,573
2019-10-17T11:00:00+09:00,J1,791,688,1479
2019-10-17T11:00:00+09:00,J2,469,292,761
2019-10-17T11:00:00+09:00,J3,772,742,1514
2019-10-17T11:00:00+09:00,J4,707,804,1511
2019-10-17T11:00:00+09:00,J5,522,500,1022
2019-10-17T11:15:00+09:00,J1,784,722,1506
2019-10-17T11:15:00+09:00,J2,404,332,736
2019-10-17T11:15:00+09:00,J3,678,760,1438
2019-10-17T11:15:00+09:00,J4,509,653,1162
2019-10-17T11:15:00+09:00,J5,603,573,1176
2019-10-17T11:30:00+09:00,J1,799,788,1587
2019-10-17T11:30:00+09:00,J2,437,360,797
2019-10-17T11:30:00+09:00,J3,750,780,1530
2019-10-17T11:30:00+09:00,J4,615,645,1260
2019-10-17T11:30:00+09:00,J5,562,486,1048
2019-10-17T11:45:00+09:00,J1,768,811,1579
2019-10-17T11:45:00+09:00,J2,502,363,865
2019-10-17T11:45:00+09:00,J3,867,836,1703
2019-10-17T11:45:00+09:00,J4,586,629,1215
2019-10-17T11:45:00+09:00,J5,436,387,823
2019-10-17T12:00:00+09:00,J1,787,765,1552
2019-10-17T12:00:00+09:00,J2,507,432,939
2019-10-17T12:00:00+09:00,J3,816,820,1636
2019-10-17T12:00:00+09:00,J4,638,577,1215
2019-10-17T12:00:00+09:00,J5,440,383,823
2019-10-17T12:15:00+09:00,J1,775,807,1582
2019-10-17T12:15:00+09:00,J2,543,398,941
2019-10-17T12:15:00+09:00,J3,768,769,1537
2019-10-17T12:15:00+09:00,J4,716,657,1373
2019-10-17T12:15:00+09:00,J5,528,462,990
2019-10-17T12:30:00+09:00,J1,876,774,1650
2019-10-17T12:30:00+09:00,J2,499,419,918
2019-10-17T12:30:00+09:00,J3,785,748,1533
2019-10-17T12:30:00+09:00,J4,843,860,1703
2019-10-17T12:30:00+09:00,J5,560,467,1027
2019-10-17T12:45:00+09:00,J1,784,846,1630
2019-10-17T12:45:00+09:00,J2,460,401,861
2019-10-17T12:45:00+09:00,J3,799,776,1575
2019-10-17T12:45:00+09:00,J4,828,795,1623
2019-10-17T12:45:00+09:00,J5,475,398,873
2019-10-17T13:00:00+09:00,J1,811,889,1700
2019-10-17T13:00:00+09:00,J2,512,397,909
2019-10-17T13:00:00+09:00,J3,750,728,1478
2019-10-17T13:00:00+09:00,J4,786,755,1541
2019-10-17T13:00:00+09:00,J5,475,361,836
2019-10-17T13:15:00+09:00,J1,837,888,1725
2019-10-17T13:15:00+09:00,J2,509,371,880
2019-10-17T13:15:00+09:00,J3,772,752,1524
2019-10-17T13:15:00+09:00,J4,782,785,1567
2019-10-17T13:15:00+09:00,J5,513,458,971
2019-10-17T13:30:00+09:00,J1,874,836,1710
2019-10-17T13:30:00+09:00,J2,532,426,958
2019-10-17T13:30:00+09:00,J3,766,761,1527
2019-10-17T13:30:00+09:00,J4,761,812,1573
2019-10-17T13:30:00+09:00,J5,503,454,957
2019-10-17T13:45:00+09:00,J1,815,864,1679
2019-10-17T13:45:00+09:00,J2,483,412,895
2019-10-17T13:45:00+09:00,J3,702,721,1423
2019-10-17T13:45:00+09:00,J4,825,835,1660
2019-10-17T13:45:00+09:00,J5,541,454,995
2019-10-17T14:00:00+09:00,J1,876,860,1736
2019-10-17T14:00:00+09:00,J2,518,427,945
2019-10-17T14:00:00+09:00,J3,848,766,1614
2019-10-17T14:00:00+09:00,J4,835,796,1631
2019-10-17T14:00:00+09:00,J5,502,462,964
2019-10-17T14:15:00+09:00,J1,722,707,1429
2019-10-17T14:15:00+09:00,J2,462,344,806
2019-10-17T14:15:00+09:00,J3,856,770,1626
2019-10-17T14:15:00+09:00,J4,884,838,1722
2019-10-17T14:15:00+09:00,J5,457,496,953
2019-10-17T14:30:00+09:00,J1,715,788,1503
2019-10-17T14:30:00+09:00,J2,534,414,948
2019-10-17T14:30:00+09:00,J3,863,740,1603
2019-10-17T14:30:00+09:00,J4,902,766,1668
2019-10-17T14:30:00+09:00,J5,468,493,961
2019-10-17T14:45:00+09:00,J1,773,795,1568
2019-10-17T14:45:00+09:00,J2,610,545,1155
2019-10-17T14:45:00+09:00,J3,797,705,1502
2019-10-17T14:45:00+09:00,J4,806,776,1582
2019-10-17T14:45:00+09:00,J5,431,439,870
2019-10-17T15:00:00+09:00,J1,764,844,1608
2019-10-17T15:00:00+09:00,J2,573,526,1099
2019-10-17T15:00:00+09:00,J3,810,751,1561
2019-10-17T15:00:00+09:00,J4,803,859,1662
2019-10-17T15:00:00+09:00,J5,480,403,883
2019-10-17T15:15:00+09:00,J1,832,813,1645
2019-10-17T15:15:00+09:00,J2,576,570,1146
2019-10-17T15:15:00+09:00,J3,750,728,1478
2019-10-17T15:15:00+09:00,J4,829,752,1581
2019-10-17T15:15:00+09:00,J5,478,480,958
2019-10-17T15:30:00+09:00,J1,768,741,1509
2019-10-17T15:30:00+09:00,J2,661,506,1167
2019-10-17T15:30:00+09:00,J3,863,688,1551
2019-10-17T15:30:00+09:00,J4,874,788,1662
2019-10-17T15:30:00+09:00,J5,454,473,927
2019-10-17T15:45:00+09:00,J1,759,781,1540
2019-10-17T15:45:00+09:00,J2,585,476,1061
2019-10-17T15:45:00+09:00,J3,844,738,1582
2019-10-17T15:45:00+09:00,J4,910,774,1684
2019-10-17T15:45:00+09:00,J5,482,554,1036
2019-10-17T16:00:00+09:00,J1,783,793,1576
2019-10-17T16:00:00+09:00,J2,548,516,1064
2019-10-17T16:00:00+09:00,J3,806,743,1549
2019-10-17T16:00:00+09:00,J4,874,829,1703
2019-10-17T16:00:00+09:00,J5,486,505,991
2019-10-17T16:15:00+09:00,J1,844,860,1704
2019-10-17T16:15:00+09:00,J2,682,560,1242
2019-10-17T16:15:00+09:00,J3,849,791,1640
2019-10-17T16:15:00+09:00,J4,925,838,1763
2019-10-17T16:15:00+09:00,J5,446,437,883
2019-10-17T16:30:00+09:00,J1,798,811,1609
2019-10-17T16:30:00+09:00,J2,645,520,1165
2019-10-17T16:30:00+09:00,J3,853,781,1634
2019-10-17T16:30:00+09:00,J4,945,831,1776
2019-10-17T16:30:00+09:00,J5,449,462,911
2019-10-17T16:45:00+09:00,J1,763,751,1514
2019-10-17T16:45:00+09:00,J2,502,368,870
2019-10-17T16:45:00+09:00,J3,810,744,1554
2019-10-17T16:45:00+09:00,J4,917,882,1799
2019-10-17T16:45:00+09:00,J5,402,504,906
2019-10-17T17:00:00+09:00,J1,756,830,1586
2019-10-17T17:00:00+09:00,J2,597,536,1133
2019-10-17T17:00:00+09:00,J3,943,758,1701
2019-10-17T17:00:00+09:00,J4,1030,765,1795
2019-10-17T17:00:00+09:00,J5,384,481,865
2019-10-17T17:15:00+09:00,J1,785,882,1667
2019-10-17T17:15:00+09:00,J2,681,559,1240
2019-10-17T17:15:00+09:00,J3,936,765,1701
2019-10-17T17:15:00+09:00,J4,1027,958,1985
2019-10-17T17:15:00+09:00,J5,365,492,857
2019-10-17T17:30:00+09:00,J1,848,935,1783
2019-10-17T17:30:00+09:00,J2,737,569,1306
2019-10-17T17:30:00+09:00,J3,962,871,1833
2019-10-17T17:30:00+09:00,J4,1108,874,1982
2019-10-17T17:30:00+09:00,J5,303,527,830
2019-10-17T17:45:00+09:00,J1,899,926,1825
2019-10-17T17:45:00+09:00,J2,707,543,1250
2019-10-17T17:45:00+09:00,J3,1028,887,1915
2019-10-17T17:45:00+09:00,J4,1064,773,1837
2019-10-17T17:45:00+09:00,J5,373,550,923
2019-10-17T18:00:00+09:00,J1,819,980,1799
2019-10-17T18:00:00+09:00,J2,712,525,1237
2019-10-17T18:00:00+09:00,J3,1039,904,1943
2019-10-17T18:00:00+09:00,J4,1051,674,1725
2019-10-17T18:00:00+09:00,J5,315,506,821
2019-10-17T18:15:00+09:00,J1,957,987,1944
2019-10-17T18:15:00+09:00,J2,848,523,1371
2019-10-17T18:15:00+09:00,J3,1060,985,2045
2019-10-17T18:15:00+09:00,J4,1036,803,1839
2019-10-17T18:15:00+09:00,J5,353,595,948
2019-10-17T18:30:00+09:00,J1,928,926,1854
2019-10-17T18:30:00+09:00,J2,761,544,1305
2019-10-17T18:30:00+09:00,J3,992,955,1947
2019-10-17T18:30:00+09:00,J4,986,743,1729
2019-10-17T18:30:00+09:00,J5,381,524,905
2019-10-17T18:45:00+09:00,J1,965,862,1827
2019-10-17T18:45:00+09:00,J2,648,519,1167
2019-10-17T18:45:00+09:00,J3,886,805,1691
2019-10-17T18:45:00+09:00,J4,847,735,1582
2019-10-17T18:45:00+09:00,J5,393,449,842
2019-10-17T19:00:00+09:00,J1,857,928,1785
2019-10-17T19:00:00+09:00,J2,517,421,938
2019-10-17T19:00:00+09:00,J3,882,832,1714
2019-10-17T19:00:00+09:00,J4,864,845,1709
2019-10-17T19:00:00+09:00,J5,372,487,859
2019-10-17T19:15:00+09:00,J1,819,906,1725
2019-10-17T19:15:00+09:00,J2,455,323,778
2019-10-17T19:15:00+09:00,J3,905,824,1729
2019-10-17T19:15:00+09:00,J4,856,756,1612
2019-10-17T19:15:00+09:00,J5,412,484,896
2019-10-17T19:30:00+09:00,J1,879,893,1772
2019-10-17T19:30:00+09:00,J2,420,323,743
2019-10-17T19:30:00+09:00,J3,797,760,1557
2019-10-17T19:30:00+09:00,J4,893,895,1788
2019-10-17T19:30:00+09:00,J5,436,498,934
2019-10-17T19:45:00+09:00,J1,869,889,1758
2019-10-17T19:45:00+09:00,J2,387,309,696
2019-10-17T19:45:00+09:00,J3,778,726,1504
2019-10-17T19:45:00+09:00,J4,925,906,1831
2019-10-17T19:45:00+09:00,J5,399,450,849
2019-10-17T20:00:00+09:00,J1,816,872,1688
2019-10-17T20:00:00+09:00,J2,391,307,698
2019-10-17T20:00:00+09:00,J3,774,767,1541
2019-10-17T20:00:00+09:00,J4,928,905,1833
2019-10-17T20:00:00+09:00,J5,428,427,855
2019-10-17T20:15:00+09:00,J1,742,796,1538
2019-10-17T20:15:00+09:00,J2,421,347,768
2019-10-17T20:15:00+09:00,J3,716,750,1466
2019-10-17T20:15:00+09:00,J4,915,859,1774
2019-10-17T20:15:00+09:00,J5,493,459,952
2019-10-17T20:30:00+09:00,J1,781,830,1611
2019-10-17T20:30:00+09:00,J2,432,357,789
2019-10-17T20:30:00+09:00,J3,767,739,1506
2019-10-17T20:30:00+09:00,J4,959,882,1841
2019-10-17T20:30:00+09:00,J5,484,492,976
2019-10-17T20:45:00+09:00,J1,838,886,1724
2019-10-17T20:45:00+09:00,J2,435,344,779
2019-10-17T20:45:00+09:00,J3,728,712,1440
2019-10-17T20:45:00+09:00,J4,801,718,1519
2019-10-17T20:45:00+09:00,J5,490,466,956
2019-10-17T21:00:00+09:00,J1,840,936,1776
2019-10-17T21:00:00+09:00,J2,414,344,758
2019-10-17T21:00:00+09:00,J3,656,588,1244
2019-10-17T21:00:00+09:00,J4,794,755,1549
2019-10-17T21:00:00+09:00,J5,484,484,968
2019-10-17T21:15:00+09:00,J1,789,964,1753
2019-10-17T21:15:00+09:00,J2,436,354,790
2019-10-17T21:15:00+09:00,J3,628,613,1241
2019-10-17T21:15:00+09:00,J4,830,784,1614
2019-10-17T21:15:00+09:00,J5,518,488,1006
2019-10-17T21:30:00+09:00,J1,716,912,1628
2019-10-17T21:30:00+09:00,J2,493,339,832
2019-10-17T21:30:00+09:00,J3,619,611,1230
2019-10-17T21:30:00+09:00,J4,811,849,1660
2019-10-17T21:30:00+09:00,J5,485,431,916
2019-10-17T21:45:00+09:00,J1,807,875,1682
2019-10-17T21:45:00+09:00,J2,454,315,769
2019-10-17T21:45:00+09:00,J3,613,588,1201
2019-10-17T21:45:00+09:00,J4,874,824,1698
2019-10-17T21:45:00+09:00,J5,563,467,1030
2019-10-17T22:00:00+09:00,J1,764,942,1706
2019-10-17T22:00:00+09:00,J2,359,263,622
2019-10-17T22:00:00+09:00,J3,629,584,1213
2019-10-17T22:00:00+09:00,J4,832,843,1675
2019-10-17T22:00:00+09:00,J5,455,428,883
2019-10-17T22:15:00+09:00,J1,823,834,1657
2019-10-17T22:15:00+09:00,J2,342,283,625
2019-10-17T22:15:00+09:00,J3,619,645,1264
2019-10-17T22:15:00+09:00,J4,905,935,1840
2019-10-17T22:15:00+09:00,J5,423,381,804
2019-10-17T22:30:00+09:00,J1,796,864,1660
2019-10-17T22:30:00+09:00,J2,404,334,738
2019-10-17T22:30:00+09:00,J3,547,613,1160
2019-10-17T22:30:00+09:00,J4,970,980,1950
2019-10-17T22:30:00+09:00,J5,314,343,657
2019-10-17T22:45:00+09:00,J1,687,821,1508
2019-10-17T22:45:00+09:00,J2,338,290,628
2019-10-17T22:45:00+09:00,J3,510,552,1062
2019-10-17T22:45:00+09:00,J4,921,965,1886
2019-10-17T22:45:00+09:00,J5,322,319,641
2019-10-17T23:00:00+09:00,J1,825,771,1596
2019-10-17T23:00:00+09:00,J2,328,260,588
2019-10-17T23:00:00+09:00,J3,574,637,1211
2019-10-17T23:00:00+09:00,J4,854,939,1793
2019-10-17T23:00:00+09:00,J5,300,290,590
2019-10-17T23:15:00+09:00,J1,705,767,1472
2019-10-17T23:15:00+09:00,J2,321,272,593
2019-10-17T23:15:00+09:00,J3,535,575,1110
2019-10-17T23:15:00+09:00,J4,925,960,1885
2019-10-17T23:15:00+09:00,J5,310,347,657
2019-10-17T23:30:00+09:00,J1,731,791,1522
2019-10-17T23:30:00+09:00,J2,344,323,667
2019-10-17T23:30:00+09:00,J3,515,575,1090
2019-10-17T23:30:00+09:00,J4,843,853,1696
2019-10-17T23:30:00+09:00,J5,358,389,747
2019-10-17T23:45:00+09:00,J1,640,661,1301
2019-10-17T23:45:00+09:00,J2,364,314,678
2019-10-17T23:45:00+09:00,J3,487,475,962
2019-10-17T23:45:00+09:00,J4,702,737,1439
2019-10-17T23:45:00+09:00,J5,359,404,763
2019-10-18T00:00:00+09:00,J1,672,672,1344
2019-10-18T00:00:00+09:00,J2,243,201,444
2019-10-18T00:00:00+09:00,J3,429,448,877
2019-10-18T00:00:00+09:00,J4,720,725,1445
2019-10-18T00:00:00+09:00,J5,413,381,794
2019-10-18T00:15:00+09:00,J1,356,325,681
2019-10-18T00:15:00+09:00,J2,279,184,463
2019-10-18T00:15:00+09:00,J3,537,506,1043
2019-10-18T00:15:00+09:00,J4,361,279,640
2019-10-18T00:15:00+09:00,J5,300,268,568
2019-10-18T00:30:00+09:00,J1,221,189,410
2019-10-18T00:30:00+09:00,J2,371,271,642
2019-10-18T00:30:00+09:00,J3,434,411,845
2019-10-18T00:30:00+09:00,J4,394,319,713
2019-10-18T00:30:00+09:00,J5,213,255,468
2019-10-18T00:45:00+09:00,J1,325,292,617
2019-10-18T00:45:00+09:00,J2,396,311,707
2019-10-18T00:45:00+09:00,J3,331,343,674
2019-10-18T00:45:00+09:00,J4,615,536,1151
2019-10-18T00:45:00+09:00,J5,236,235,471
2019-10-18T05:45:00+09:00,J1,476,507,983
2019-10-18T05:45:00+09:00,J2,209,215,424
2019-10-18T05:45:00+09:00,J3,484,432,916
2019-10-18T05:45:00+09:00,J4,1190,1132,2322
2019-10-18T05:45:00+09:00,J5,196,197,393
2019-10-18T06:00:00+09:00,J1,559,542,1101
2019-10-18T06:00:00+09:00,J2,232,145,377
2019-10-18T06:00:00+09:00,J3,551,489,1040
2019-10-18T06:00:00+09:00,J4,1082,1051,2133
2019-10-18T06:00:00+09:00,J5,188,231,419
2019-10-18T06:15:00+09:00,J1,656,663,1319
2019-10-18T06:15:00+09:00,J2,374,258,632
2019-10-18T06:15:00+09:00,J3,531,490,1021
2019-10-18T06:15:00+09:00,J4,1106,1149,2255
2019-10-18T06:15:00+09:00,J5,260,288,548
2019-10-18T06:30:00+09:00,J1,572,586,1158
2019-10-18T06:30:00+09:00,J2,333,269,602
2019-10-18T06:30:00+09:00,J3,569,475,1044
2019-10-18T06:30:00+09:00,J4,1052,1074,2126
2019-10-18T06:30:00+09:00,J5,364,417,781
2019-10-18T06:45:00+09:00,J1,696,618,1314
2019-10-18T06:45:00+09:00,J2,373,303,676
2019-10-18T06:45:00+09:00,J3,567,496,1063
2019-10-18T06:45:00+09:00,J4,1080,1050,2130
2019-10-18T06:45:00+09:00,J5,352,320,672
2019-10-18T07:00:00+09:00,J1,735,801,1536
2019-10-18T07:00:00+09:00,J2,315,263,578
2019-10-18T07:00:00+09:00,J3,580,545,1125
2019-10-18T07:00:00+09:00,J4,1191,1328,2519
2019-10-18T07:00:00+09:00,J5,322,364,686
2019-10-18T07:15:00+09:00,J1,936,793,1729
2019-10-18T07:15:00+09:00,J2,287,267,554
2019-10-18T07:15:00+09:00,J3,647,510,1157
2019-10-18T07:15:00+09:00,J4,1280,1300,2580
2019-10-18T07:15:00+09:00,J5,343,343,686
2019-10-18T07:30:00+09:00,J1,801,747,1548
2019-10-18T07:30:00+09:00,J2,422,342,764
2019-10-18T07:30:00+09:00,J3,659,707,1366
2019-10-18T07:30:00+09:00,J4,1199,1380,2579
2019-10-18T07:30:00+09:00,J5,515,431,946
2019-10-18T07:45:00+09:00,J1,933,825,1758
2019-10-18T07:45:00+09:00,J2,472,357,829
2019-10-18T07:45:00+09:00,J3,796,860,1656
2019-10-18T07:45:00+09:00,J4,1207,1261,2468
2019-10-18T07:45:00+09:00,J5,530,455,985
2019-10-18T08:00:00+09:00,J1,1109,1046,2155
2019-10-18T08:00:00+09:00,J2,540,372,912
2019-10-18T08:00:00+09:00,J3,847,828,1675
2019-10-18T08:00:00+09:00,J4,1142,1346,2488
2019-10-18T08:00:00+09:00,J5,516,493,1009
2019-10-18T08:15:00+09:00,J1,1161,912,2073
2019-10-18T08:15:00+09:00,J2,516,351,867
2019-10-18T08:15:00+09:00,J3,898,985,1883
2019-10-18T08:15:00+09:00,J4,1103,1428,2531
2019-10-18T08:15:00+09:00,J5,492,439,931
2019-10-18T08:30:00+09:00,J1,1142,903,2045
2019-10-18T08:30:00+09:00,J2,410,283,693
2019-10-18T08:30:00+09:00,J3,945,987,1932
2019-10-18T08:30:00+09:00,J4,1120,1343,2463
2019-10-18T08:30:00+09:00,J5,535,467,1002
2019-10-18T08:45:00+09:00,J1,1009,819,1828
2019-10-18T08:45:00+09:00,J2,463,323,786
2019-10-18T08:45:00+09:00,J3,854,843,1697
2019-10-18T08:45:00+09:00,J4,957,1145,2102
2019-10-18T08:45:00+09:00,J5,439,453,892
2019-10-18T09:00:00+09:00,J1,830,794,1624
2019-10-18T09:00:00+09:00,J2,372,378,750
2019-10-18T09:00:00+09:00,J3,712,676,1388
2019-10-18T09:00:00+09:00,J4,740,854,1594
2019-10-18T09:00:00+09:00,J5,391,469,860
2019-10-18T09:15:00+09:00,J1,768,712,1480
2019-10-18T09:15:00+09:00,J2,421,357,778
2019-10-18T09:15:00+09:00,J3,696,667,1363
2019-10-18T09:15:00+09:00,J4,655,869,1524
2019-10-18T09:15:00+09:00,J5,473,463,936
2019-10-18T09:30:00+09:00,J1,843,663,1506
2019-10-18T09:30:00+09:00,J2,407,356,763
2019-10-18T09:30:00+09:00,J3,731,692,1423
2019-10-18T09:30:00+09:00,J4,718,847,1565
2019-10-18T09:30:00+09:00,J5,492,499,991
2019-10-18T09:45:00+09:00,J1,742,628,1370
2019-10-18T09:45:00+09:00,J2,353,323,676
2019-10-18T09:45:00+09:00,J3,744,724,1468
2019-10-18T09:45:00+09:00,J4,636,780,1416
2019-10-18T09:45:00+09:00,J5,410,418,828
2019-10-18T10:00:00+09:00,J1,700,652,1352
2019-10-18T10:00:00+09:00,J2,328,310,638
2019-10-18T10:00:00+09:00,J3,733,716,1449
2019-10-18T10:00:00+09:00,J4,705,813,1518
2019-10-18T10:00:00+09:00,J5,343,314,657
2019-10-18T10:15:00+09:00,J1,645,578,1223
2019-10-18T10:15:00+09:00,J2,339,308,647
2019-10-18T10:15:00+09:00,J3,725,765,1490
2019-10-18T10:15:00+09:00,J4,626,734,1360
2019-10-18T10:15:00+09:00,J5,290,310,600
2019-10-18T10:30:00+09:00,J1,680,630,1310
2019-10-18T10:30:00+09:00,J2,345,239,584
2019-10-18T10:30:00+09:00,J3,716,742,1458
2019-10-18T10:30:00+09:00,J4,646,753,1399
2019-10-18T10:30:00+09:00,J5,268,270,538
2019-10-18T10:45:00+09:00,J1,707,585,1292
2019-10-18T10:45:00+09:00,J2,393,274,667
2019-10-18T10:45:00+09:00,J3,728,782,1510
2019-10-18T10:45:00+09:00,J4,676,693,1369
2019-10-18T10:45:00+09:00,J5,235,248,483
2019-10-18T11:00:00+09:00,J1,634,517,1151
2019-10-18T11:00:00+09:00,J2,463,321,784
2019-10-18T11:00:00+09:00,J3,766,749,1515
2019-10-18T11:00:00+09:00,J4,650,704,1354
2019-10-18T11:00:00+09:00,J5,211,187,398
2019-10-18T11:15:00+09:00,J1,639,647,1286
2019-10-18T11:15:00+09:00,J2,519,393,912
2019-10-18T11:15:00+09:00,J3,730,725,1455
2019-10-18T11:15:00+09:00,J4,560,598,1158
2019-10-18T11:15:00+09:00,J5,310,306,616
2019-10-18T11:30:00+09:00,J1,586,527,1113
2019-10-18T11:30:00+09:00,J2,523,378,901
2019-10-18T11:30:00+09:00,J3,641,691,1332
2019-10-18T11:30:00+09:00,J4,640,609,1249
2019-10-18T11:30:00+09:00,J5,334,277,611
2019-10-18T11:45:00+09:00,J1,576,515,1091
2019-10-18T11:45:00+09:00,J2,563,467,1030
2019-10-18T11:45:00+09:00,J3,697,677,1374
2019-10-18T11:45:00+09:00,J4,614,536,1150
2019-10-18T11:45:00+09:00,J5,277,269,546
2019-10-18T12:00:00+09:00,J1,714,629,1343
2019-10-18T12:00:00+09:00,J2,650,487,1137
2019-10-18T12:00:00+09:00,J3,782,677,1459
2019-10-18T12:00:00+09:00,J4,845,805,1650
2019-10-18T12:00:00+09:00,J5,263,304,567
2019-10-18T12:15:00+09:00,J1,671,718,1389
2019-10-18T12:15:00+09:00,J2,586,463,1049
2019-10-18T12:15:00+09:00,J3,780,752,1532
2019-10-18T12:15:00+09:00,J4,869,802,1671
2019-10-18T12:15:00+09:00,J5,265,255,520
2019-10-18T12:30:00+09:00,J1,716,769,1485
2019-10-18T12:30:00+09:00,J2,606,435,1041
2019-10-18T12:30:00+09:00,J3,875,765,1640
2019-10-18T12:30:00+09:00,J4,835,922,1757
2019-10-18T12:30:00+09:00,J5,301,227,528
2019-10-18T12:45:00+09:00,J1,665,664,1329
2019-10-18T12:45:00+09:00,J2,567,436,1003
2019-10-18T12:45:00+09:00,J3,774,714,1488
2019-10-18T12:45:00+09:00,J4,828,794,1622
2019-10-18T12:45:00+09:00,J5,287,267,554
2019-10-18T13:00:00+09:00,J1,657,615,1272
2019-10-18T13:00:00+09:00,J2,584,426,1010
2019-10-18T13:00:00+09:00,J3,839,675,1514
2019-10-18T13:00:00+09:00,J4,772,813,1585
2019-10-18T13:00:00+09:00,J5,284,266,550
2019-10-18T13:15:00+09:00,J1,633,588,1221
2019-10-18T13:15:00+09:00,J2,532,421,953
2019-10-18T13:15:00+09:00,J3,863,683,1546
2019-10-18T13:15:00+09:00,J4,892,879,1771
2019-10-18T13:15:00+09:00,J5,347,337,684
2019-10-18T13:30:00+09:00,J1,688,722,1410
2019-10-18T13:30:00+09:00,J2,570,429,999
2019-10-18T13:30:00+09:00,J3,893,720,1613
2019-10-18T13:30:00+09:00,J4,764,821,1585
2019-10-18T13:30:00+09:00,J5,329,282,611
2019-10-18T13:45:00+09:00,J1,636,615,1251
2019-10-18T13:45:00+09:00,J2,491,381,872
2019-10-18T13:45:00+09:00,J3,874,747,1621
2019-10-18T13:45:00+09:00,J4,887,787,1674
2019-10-18T13:45:00+09:00,J5,302,282,584
2019-10-18T14:00:00+09:00,J1,619,579,1198
2019-10-18T14:00:00+09:00,J2,541,395,936
2019-10-18T14:00:00+09:00,J3,859,747,1606
2019-10-18T14:00:00+09:00,J4,851,807,1658
2019-10-18T14:00:00+09:00,J5,445,379,824
2019-10-18T14:15:00+09:00,J1,634,541,1175
2019-10-18T14:15:00+09:00,J2,541,401,942
2019-10-18T14:15:00+09:00,J3,833,789,1622
2019-10-18T14:15:00+09:00,J4,729,789,1518
2019-10-18T14:15:00+09:00,J5,313,276,589
2019-10-18T14:30:00+09:00,J1,662,621,1283
2019-10-18T14:30:00+09:00,J2,446,380,826
2019-10-18T14:30:00+09:00,J3,807,750,1557
2019-10-18T14:30:00+09:00,J4,701,743,1444
2019-10-18T14:30:00+09:00,J5,321,318,639
2019-10-18T14:45:00+09:00,J1,643,587,1230
2019-10-18T14:45:00+09:00,J2,521,352,873
2019-10-18T14:45:00+09:00,J3,852,678,1530
2019-10-18T14:45:00+09:00,J4,704,691,1395
2019-10-18T14:45:00+09:00,J5,304,321,625
2019-10-18T15:00:00+09:00,J1,655,628,1283
2019-10-18T15:00:00+09:00,J2,511,406,917
2019-10-18T15:00:00+09:00,J3,858,737,1595
2019-10-18T15:00:00+09:00,J4,639,669,1308
2019-10-18T15:00:00+09:00,J5,509,400,909
2019-10-18T15:15:00+09:00,J1,590,610,1200
2019-10-18T15:15:00+09:00,J2,458,374,832
2019-10-18T15:15:00+09:00,J3,849,818,1667
2019-10-18T15:15:00+09:00,J4,630,705,1335
2019-10-18T15:15:00+09:00,J5,463,405,868
2019-10-18T15:30:00+09:00,J1,543,531,1074
2019-10-18T15:30:00+09:00,J2,481,401,882
2019-10-18T15:30:00+09:00,J3,819,749,1568
2019-10-18T15:30:00+09:00,J4,630,709,1339
2019-10-18T15:30:00+09:00,J5,402,373,775
2019-10-18T15:45:00+09:00,J1,572,573,1145
2019-10-18T15:45:00+09:00,J2,508,397,905
2019-10-18T15:45:00+09:00,J3,874,796,1670
2019-10-18T15:45:00+09:00,J4,676,713,1389
2019-10-18T15:45:00+09:00,J5,494,412,906
2019-10-18T16:00:00+09:00,J1,559,635,1194
2019-10-18T16:00:00+09:00,J2,501,399,900
2019-10-18T16:00:00+09:00,J3,884,794,1678
2019-10-18T16:00:00+09:00,J4,749,723,1472
2019-10-18T16:00:00+09:00,J5,475,401,876
2019-10-18T16:15:00+09:00,J1,598,639,1237
2019-10-18T16:15:00+09:00,J2,509,334,843
2019-10-18T16:15:00+09:00,J3,848,805,1653
2019-10-18T16:15:00+09:00,J4,677,720,1397
2019-10-18T16:15:00+09:00,J5,472,428,900
2019-10-18T16:30:00+09:00,J1,576,573,1149
2019-10-18T16:30:00+09:00,J2,456,353,809
2019-10-18T16:30:00+09:00,J3,884,819,1703
2019-10-18T16:30:00+09:00,J4,741,843,1584
2019-10-18T16:30:00+09:00,J5,468,429,897
2019-10-18T16:45:00+09:00,J1,623,614,1237
2019-10-18T16:45:00+09:00,J2,483,319,802
2019-10-18T16:45:00+09:00,J3,879,843,1722
2019-10-18T16:45:00+09:00,J4,764,741,1505
2019-10-18T16:45:00+09:00,J5,506,494,1000
2019-10-18T17:00:00+09:00,J1,566,667,1233
2019-10-18T17:00:00+09:00,J2,472,382,854
2019-10-18T17:00:00+09:00,J3,920,800,1720
2019-10-18T17:00:00+09:00,J4,788,776,1564
2019-10-18T17:00:00+09:00,J5,535,533,1068
2019-10-18T17:15:00+09:00,J1,663,759,1422
2019-10-18T17:15:00+09:00,J2,535,392,927
2019-10-18T17:15:00+09:00,J3,828,808,1636
2019-10-18T17:15:00+09:00,J4,833,790,1623
2019-10-18T17:15:00+09:00,J5,518,590,1108
2019-10-18T17:30:00+09:00,J1,744,792,1536
2019-10-18T17:30:00+09:00,J2,613,415,1028
2019-10-18T17:30:00+09:00,J3,944,838,1782
2019-10-18T17:30:00+09:00,J4,929,851,1780
2019-10-18T17:30:00+09:00,J5,562,643,1205
2019-10-18T17:45:00+09:00,J1,745,829,1574
2019-10-18T17:45:00+09:00,J2,598,371,969
2019-10-18T17:45:00+09:00,J3,1055,768,1823
2019-10-18T17:45:00+09:00,J4,961,788,1749
2019-10-18T17:45:00+09:00,J5,531,624,1155
2019-10-18T18:00:00+09:00,J1,602,713,1315
2019-10-18T18:00:00+09:00,J2,520,351,871
2019-10-18T18:00:00+09:00,J3,839,643,1482
2019-10-18T18:00:00+09:00,J4,802,658,1460
2019-10-18T18:00:00+09:00,J5,365,492,857
2019-10-18T18:15:00+09:00,J1,915,1120,2035
2019-10-18T18:15:00+09:00,J2,839,544,1383
2019-10-18T18:15:00+09:00,J3,1248,930,2178
2019-10-18T18:15:00+09:00,J4,1354,1025,2379
2019-10-18T18:15:00+09:00,J5,646,845,1491
2019-10-18T18:30:00+09:00,J1,885,837,1722
2019-10-18T18:30:00+09:00,J2,638,372,1010
2019-10-18T18:30:00+09:00,J3,935,772,1707
2019-10-18T18:30:00+09:00,J4,1103,875,1978
2019-10-18T18:30:00+09:00,J5,572,668,1240
2019-10-18T18:45:00+09:00,J1,738,726,1464
2019-10-18T18:45:00+09:00,J2,563,436,999
2019-10-18T18:45:00+09:00,J3,859,691,1550
2019-10-18T18:45:00+09:00,J4,1071,764,1835
2019-10-18T18:45:00+09:00,J5,540,660,1200
2019-10-18T19:00:00+09:00,J1,758,808,1566
2019-10-18T19:00:00+09:00,J2,560,366,926
2019-10-18T19:00:00+09:00,J3,870,654,1524
2019-10-18T19:00:00+09:00,J4,1032,787,1819
2019-10-18T19:00:00+09:00,J5,543,653,1196
2019-10-18T19:15:00+09:00,J1,736,699,1435
2019-10-18T19:15:00+09:00,J2,508,360,868
2019-10-18T19:15:00+09:00,J3,863,692,1555
2019-10-18T19:15:00+09:00,J4,965,852,1817
2019-10-18T19:15:00+09:00,J5,548,663,1211
2019-10-18T19:30:00+09:00,J1,739,782,1521
2019-10-18T19:30:00+09:00,J2,460,308,768
2019-10-18T19:30:00+09:00,J3,741,741,1482
2019-10-18T19:30:00+09:00,J4,876,844,1720
2019-10-18T19:30:00+09:00,J5,498,637,1135
2019-10-18T19:45:00+09:00,J1,826,789,1615
2019-10-18T19:45:00+09:00,J2,457,347,804
2019-10-18T19:45:00+09:00,J3,740,675,1415
2019-10-18T19:45:00+09:00,J4,930,815,1745
2019-10-18T19:45:00+09:00,J5,461,564,1025
2019-10-18T20:00:00+09:00,J1,767,694,1461
2019-10-18T20:00:00+09:00,J2,420,311,731
2019-10-18T20:00:00+09:00,J3,757,669,1426
2019-10-18T20:00:00+09:00,J4,863,790,1653
2019-10-18T20:00:00+09:00,J5,418,541,959
2019-10-18T20:15:00+09:00,J1,740,730,1470
2019-10-18T20:15:00+09:00,J2,436,294,730
2019-10-18T20:15:00+09:00,J3,738,682,1420
2019-10-18T20:15:00+09:00,J4,866,773,1639
2019-10-18T20:15:00+09:00,J5,486,614,1100
2019-10-18T20:30:00+09:00,J1,873,770,1643
2019-10-18T20:30:00+09:00,J2,393,314,707
2019-10-18T20:30:00+09:00,J3,741,689,1430
2019-10-18T20:30:00+09:00,J4,761,750,1511
2019-10-18T20:30:00+09:00,J5,401,537,938
2019-10-18T20:45:00+09:00,J1,822,752,1574
2019-10-18T20:45:00+09:00,J2,549,327,876
2019-10-18T20:45:00+09:00,J3,718,734,1452
2019-10-18T20:45:00+09:00,J4,934,862,1796
2019-10-18T20:45:00+09:00,J5,377,473,850
2019-10-18T21:00:00+09:00,J1,918,854,1772
2019-10-18T21:00:00+09:00,J2,527,351,878
2019-10-18T21:00:00+09:00,J3,730,672,1402
2019-10-18T21:00:00+09:00,J4,891,841,1732
2019-10-18T21:00:00+09:00,J5,382,515,897
2019-10-18T21:15:00+09:00,J1,849,838,1687
2019-10-18T21:15:00+09:00,J2,380,309,689
2019-10-18T21:15:00+09:00,J3,723,708,1431
2019-10-18T21:15:00+09:00,J4,933,890,1823
2019-10-18T21:15:00+09:00,J5,389,461,850
2019-10-18T21:30:00+09:00,J1,805,776,1581
2019-10-18T21:30:00+09:00,J2,380,316,696
2019-10-18T21:30:00+09:00,J3,665,677,1342
2019-10-18T21:30:00+09:00,J4,1076,949,2025
2019-10-18T21:30:00+09:00,J5,410,442,852
2019-10-18T21:45:00+09:00,J1,724,705,1429
2019-10-18T21:45:00+09:00,J2,529,348,877
2019-10-18T21:45:00+09:00,J3,644,627,1271
2019-10-18T21:45:00+09:00,J4,993,945,1938
2019-10-18T21:45:00+09:00,J5,431,376,807
2019-10-18T22:00:00+09:00,J1,759,803,1562
2019-10-18T22:00:00+09:00,J2,477,377,854
2019-10-18T22:00:00+09:00,J3,644,628,1272
2019-10-18T22:00:00+09:00,J4,1049,1002,2051
2019-10-18T22:00:00+09:00,J5,464,440,904
2019-10-18T22:15:00+09:00,J1,751,750,1501
2019-10-18T22:15:00+09:00,J2,346,308,654
2019-10-18T22:15:00+09:00,J3,552,576,1128
2019-10-18T22:15:00+09:00,J4,1018,943,1961
2019-10-18T22:15:00+09:00,J5,538,481,1019
2019-10-18T22:30:00+09:00,J1,679,717,1396
2019-10-18T22:30:00+09:00,J2,493,353,846
2019-10-18T22:30:00+09:00,J3,571,539,1110
2019-10-18T22:30:00+09:00,J4,1056,1068,2124
2019-10-18T22:30:00+09:00,J5,527,563,1090
2019-10-18T22:45:00+09:00,J1,693,704,1397
2019-10-18T22:45:00+09:00,J2,392,288,680
2019-10-18T22:45:00+09:00,J3,598,613,1211
2019-10-18T22:45:00+09:00,J4,832,801,1633
2019-10-18T22:45:00+09:00,J5,369,363,732
2019-10-18T23:00:00+09:00,J1,678,742,1420
2019-10-18T23:00:00+09:00,J2,507,305,812
2019-10-18T23:00:00+09:00,J3,657,603,1260
2019-10-18T23:00:00+09:00,J4,861,862,1723
2019-10-18T23:00:00+09:00,J5,295,358,653
2019-10-18T23:15:00+09:00,J1,683,772,1455
2019-10-18T23:15:00+09:00,J2,429,386,815
2019-10-18T23:15:00+09:00,J3,577,620,1197
2019-10-18T23:15:00+09:00,J4,1152,1002,2154
2019-10-18T23:15:00+09:00,J5,338,360,698
2019-10-18T23:30:00+09:00,J1,761,796,1557
2019-10-18T23:30:00+09:00,J2,413,347,760
2019-10-18T23:30:00+09:00,J3,642,593,1235
2019-10-18T23:30:00+09:00,J4,1005,933,1938
2019-10-18T23:30:00+09:00,J5,287,318,605
2019-10-18T23:45:00+09:00,J1,609,621,1230
2019-10-18T23:45:00+09:00,J2,352,343,695
2019-10-18T23:45:00+09:00,J3,486,466,952
2019-10-18T23:45:00+09:00,J4,885,900,1785
2019-10-18T23:45:00+09:00,J5,212,221,433
2019-10-19T00:00:00+09:00,J1,651,653,1304
2019-10-19T00:00:00+09:00,J2,392,312,704
2019-10-19T00:00:00+09:00,J3,537,442,979
2019-10-19T00:00:00+09:00,J4,607,588,1195
2019-10-19T00:00:00+09:00,J5,355,383,738
2019-10-19T00:15:00+09:00,J1,263,221,484
2019-10-19T00:15:00+09:00,J2,310,250,560
2019-10-19T00:15:00+09:00,J3,443,411,854
2019-10-19T00:15:00+09:00,J4,347,287,634
2019-10-19T00:15:00+09:00,J5,267,291,558
2019-10-19T00:30:00+09:00,J1,322,296,618
2019-10-19T00:30:00+09:00,J2,271,225,496
2019-10-19T00:30:00+09:00,J3,414,396,810
2019-10-19T00:30:00+09:00,J4,263,251,514
2019-10-19T00:30:00+09:00,J5,277,258,535
2019-10-19T00:45:00+09:00,J1,245,228,473
2019-10-19T00:45:00+09:00,J2,286,248,534
2019-10-19T00:45:00+09:00,J3,450,420,870
2019-10-19T00:45:00+09:00,J4,343,264,607
2019-10-19T00:45:00+09:00,J5,258,225,483
2019-10-19T05:45:00+09:00,J1,272,263,535
2019-10-19T05:45:00+09:00,J2,179,188,367
2019-10-19T05:45:00+09:00,J3,521,482,1003
2019-10-19T05:45:00+09:00,J4,978,1088,2066
2019-10-19T05:45:00+09:00,J5,231,200,431
2019-10-19T06:00:00+09:00,J1,281,290,571
2019-10-19T06:00:00+09:00,J2,219,196,415
2019-10-19T06:00:00+09:00,J3,594,508,1102
2019-10-19T06:00:00+09:00,J4,834,851,1685
2019-10-19T06:00:00+09:00,J5,278,312,590
2019-10-19T06:15:00+09:00,J1,482,479,961
2019-10-19T06:15:00+09:00,J2,385,314,699
2019-10-19T06:15:00+09:00,J3,594,585,1179
2019-10-19T06:15:00+09:00,J4,663,695,1358
2019-10-19T06:15:00+09:00,J5,334,362,696
2019-10-19T06:30:00+09:00,J1,702,579,1281
2019-10-19T06:30:00+09:00,J2,446,335,781
2019-10-19T06:30:00+09:00,J3,549,478,1027
2019-10-19T06:30:00+09:00,J4,736,829,1565
2019-10-19T06:30:00+09:00,J5,337,365,702
2019-10-19T06:45:00+09:00,J1,609,626,1235
2019-10-19T06:45:00+09:00,J2,247,213,460
2019-10-19T06:45:00+09:00,J3,562,493,1055
2019-10-19T06:45:00+09:00,J4,625,613,1238
2019-10-19T06:45:00+09:00,J5,295,314,609
2019-10-19T07:00:00+09:00,J1,698,711,1409
2019-10-19T07:00:00+09:00,J2,255,244,499
2019-10-19T07:00:00+09:00,J3,563,525,1088
2019-10-19T07:00:00+09:00,J4,904,931,1835
2019-10-19T07:00:00+09:00,J5,269,260,529
2019-10-19T07:15:00+09:00,J1,654,618,1272
2019-10-19T07:15:00+09:00,J2,208,252,460
2019-10-19T07:15:00+09:00,J3,640,532,1172
2019-10-19T07:15:00+09:00,J4,749,723,1472
2019-10-19T07:15:00+09:00,J5,270,288,558
2019-10-19T07:30:00+09:00,J1,650,682,1332
2019-10-19T07:30:00+09:00,J2,250,252,502
2019-10-19T07:30:00+09:00,J3,626,577,1203
2019-10-19T07:30:00+09:00,J4,654,634,1288
2019-10-19T07:30:00+09:00,J5,375,364,739
2019-10-19T07:45:00+09:00,J1,608,708,1316
2019-10-19T07:45:00+09:00,J2,244,282,526
2019-10-19T07:45:00+09:00,J3,633,546,1179
2019-10-19T07:45:00+09:00,J4,697,711,1408
2019-10-19T07:45:00+09:00,J5,337,366,703
2019-10-19T08:00:00+09:00,J1,841,734,1575
2019-10-19T08:00:00+09:00,J2,345,300,645
2019-10-19T08:00:00+09:00,J3,700,608,1308
2019-10-19T08:00:00+09:00,J4,642,777,1419
2019-10-19T08:00:00+09:00,J5,366,385,751
2019-10-19T08:15:00+09:00,J1,916,809,1725
2019-10-19T08:15:00+09:00,J2,320,274,594
2019-10-19T08:15:00+09:00,J3,708,607,1315
2019-10-19T08:15:00+09:00,J4,691,800,1491
2019-10-19T08:15:00+09:00,J5,359,349,708
2019-10-19T08:30:00+09:00,J1,858,755,1613
2019-10-19T08:30:00+09:00,J2,330,312,642
2019-10-19T08:30:00+09:00,J3,797,762,1559
2019-10-19T08:30:00+09:00,J4,800,859,1659
2019-10-19T08:30:00+09:00,J5,480,457,937
2019-10-19T08:45:00+09:00,J1,792,718,1510
2019-10-19T08:45:00+09:00,J2,370,351,721
2019-10-19T08:45:00+09:00,J3,722,648,1370
2019-10-19T08:45:00+09:00,J4,802,829,1631
2019-10-19T08:45:00+09:00,J5,433,477,910
2019-10-19T09:00:00+09:00,J1,722,684,1406
2019-10-19T09:00:00+09:00,J2,396,335,731
2019-10-19T09:00:00+09:00,J3,683,697,1380
2019-10-19T09:00:00+09:00,J4,833,934,1767
2019-10-19T09:00:00+09:00,J5,309,322,631
2019-10-19T09:15:00+09:00,J1,723,680,1403
2019-10-19T09:15:00+09:00,J2,403,347,750
2019-10-19T09:15:00+09:00,J3,715,746,1461
2019-10-19T09:15:00+09:00,J4,994,952,1946
2019-10-19T09:15:00+09:00,J5,391,434,825
2019-10-19T09:30:00+09:00,J1,747,718,1465
2019-10-19T09:30:00+09:00,J2,409,360,769
2019-10-19T09:30:00+09:00,J3,776,753,1529
2019-10-19T09:30:00+09:00,J4,993,963,1956
2019-10-19T09:30:00+09:00,J5,461,488,949
2019-10-19T09:45:00+09:00,J1,847,765,1612
2019-10-19T09:45:00+09:00,J2,417,370,787
2019-10-19T09:45:00+09:00,J3,759,802,1561
2019-10-19T09:45:00+09:00,J4,978,1013,1991
2019-10-19T09:45:00+09:00,J5,472,504,976
2019-10-19T10:00:00+09:00,J1,731,714,1445
2019-10-19T10:00:00+09:00,J2,390,390,780
2019-10-19T10:00:00+09:00,J3,769,763,1532
2019-10-19T10:00:00+09:00,J4,944,958,1902
2019-10-19T10:00:00+09:00,J5,440,490,930
2019-10-19T10:15:00+09:00,J1,670,643,1313
2019-10-19T10:15:00+09:00,J2,440,413,853
2019-10-19T10:15:00+09:00,J3,768,821,1589
2019-10-19T10:15:00+09:00,J4,850,851,1701
2019-10-19T10:15:00+09:00,J5,480,488,968
2019-10-19T10:30:00+09:00,J1,769,638,1407
2019-10-19T10:30:00+09:00,J2,507,448,955
2019-10-19T10:30:00+09:00,J3,848,861,1709
2019-10-19T10:30:00+09:00,J4,704,883,1587
2019-10-19T10:30:00+09:00,J5,444,431,875
2019-10-19T10:45:00+09:00,J1,759,741,1500
2019-10-19T10:45:00+09:00,J2,509,369,878
2019-10-19T10:45:00+09:00,J3,880,910,1790
2019-10-19T10:45:00+09:00,J4,807,829,1636
2019-10-19T10:45:00+09:00,J5,474,536,1010
2019-10-19T11:00:00+09:00,J1,745,696,1441
2019-10-19T11:00:00+09:00,J2,558,458,1016
2019-10-19T11:00:00+09:00,J3,785,850,1635
2019-10-19T11:00:00+09:00,J4,672,740,1412
2019-10-19T11:00:00+09:00,J5,439,439,878
2019-10-19T11:15:00+09:00,J1,777,736,1513
2019-10-19T11:15:00+09:00,J2,494,377,871
2019-10-19T11:15:00+09:00,J3,854,898,1752
2019-10-19T11:15:00+09:00,J4,645,727,1372
2019-10-19T11:15:00+09:00,J5,493,465,958
2019-10-19T11:30:00+09:00,J1,903,866,1769
2019-10-19T11:30:00+09:00,J2,555,402,957
2019-10-19T11:30:00+09:00,J3,885,920,1805
2019-10-19T11:30:00+09:00,J4,685,798,1483
2019-10-19T11:30:00+09:00,J5,466,511,977
2019-10-19T11:45:00+09:00,J1,904,859,1763
2019-10-19T11:45:00+09:00,J2,553,450,1003
2019-10-19T11:45:00+09:00,J3,886,964,1850
2019-10-19T11:45:00+09:00,J4,697,794,1491
2019-10-19T11:45:00+09:00,J5,457,479,936
2019-10-19T12:00:00+09:00,J1,917,918,1835
2019-10-19T12:00:00+09:00,J2,552,470,1022
2019-10-19T12:00:00+09:00,J3,1009,974,1983
2019-10-19T12:00:00+09:00,J4,689,809,1498
2019-10-19T12:00:00+09:00,J5,401,495,896
2019-10-19T12:15:00+09:00,J1,945,861,1806
2019-10-19T12:15:00+09:00,J2,682,481,1163
2019-10-19T12:15:00+09:00,J3,973,1029,2002
2019-10-19T12:15:00+09:00,J4,825,909,1734
2019-10-19T12:15:00+09:00,J5,391,434,825
2019-10-19T12:30:00+09:00,J1,885,791,1676
2019-10-19T12:30:00+09:00,J2,622,452,1074
2019-10-19T12:30:00+09:00,J3,833,850,1683
2019-10-19T12:30:00+09:00,J4,942,963,1905
2019-10-19T12:30:00+09:00,J5,356,408,764
2019-10-19T12:45:00+09:00,J1,904,918,1822
2019-10-19T12:45:00+09:00,J2,623,475,1098
2019-10-19T12:45:00+09:00,J3,763,864,1627
2019-10-19T12:45:00+09:00,J4,906,923,1829
2019-10-19T12:45:00+09:00,J5,325,386,711
2019-10-19T13:00:00+09:00,J1,608,622,1230
2019-10-19T13:00:00+09:00,J2,492,388,880
2019-10-19T13:00:00+09:00,J3,590,656,1246
2019-10-19T13:00:00+09:00,J4,707,634,1341
2019-10-19T13:00:00+09:00,J5,222,286,508
2019-10-19T13:15:00+09:00,J1,1188,1311,2499
2019-10-19T13:15:00+09:00,J2,885,806,1691
2019-10-19T13:15:00+09:00,J3,1049,1146,2195
2019-10-19T13:15:00+09:00,J4,1190,1196,2386
2019-10-19T13:15:00+09:00,J5,408,494,902
2019-10-19T13:30:00+09:00,J1,943,942,1885
2019-10-19T13:30:00+09:00,J2,707,620,1327
2019-10-19T13:30:00+09:00,J3,892,888,1780
2019-10-19T13:30:00+09:00,J4,966,880,1846
2019-10-19T13:30:00+09:00,J5,299,345,644
2019-10-19T13:45:00+09:00,J1,924,960,1884
2019-10-19T13:45:00+09:00,J2,738,643,1381
2019-10-19T13:45:00+09:00,J3,819,875,1694
2019-10-19T13:45:00+09:00,J4,1030,932,1962
2019-10-19T13:45:00+09:00,J5,323,363,686
2019-10-19T14:00:00+09:00,J1,969,929,1898
2019-10-19T14:00:00+09:00,J2,760,656,1416
2019-10-19T14:00:00+09:00,J3,826,891,1717
2019-10-19T14:00:00+09:00,J4,979,978,1957
2019-10-19T14:00:00+09:00,J5,303,380,683
2019-10-19T14:15:00+09:00,J1,873,938,1811
2019-10-19T14:15:00+09:00,J2,818,665,1483
2019-10-19T14:15:00+09:00,J3,831,908,1739
2019-10-19T14:15:00+09:00,J4,930,876,1806
2019-10-19T14:15:00+09:00,J5,292,367,659
2019-10-19T14:30:00+09:00,J1,867,890,1757
2019-10-19T14:30:00+09:00,J2,809,701,1510
2019-10-19T14:30:00+09:00,J3,970,962,1932
2019-10-19T14:30:00+09:00,J4,988,849,1837
2019-10-19T14:30:00+09:00,J5,335,332,667
2019-10-19T14:45:00+09:00,J1,820,847,1667
2019-10-19T14:45:00+09:00,J2,852,712,1564
2019-10-19T14:45:00+09:00,J3,954,1009,1963
2019-10-19T14:45:00+09:00,J4,1039,952,1991
2019-10-19T14:45:00+09:00,J5,300,374,674
2019-10-19T15:00:00+09:00,J1,894,881,1775
2019-10-19T15:00:00+09:00,J2,933,792,1725
2019-10-19T15:00:00+09:00,J3,838,918,1756
2019-10-19T15:00:00+09:00,J4,983,954,1937
2019-10-19T15:00:00+09:00,J5,330,382,712
2019-10-19T15:15:00+09:00,J1,870,933,1803
2019-10-19T15:15:00+09:00,J2,956,771,1727
2019-10-19T15:15:00+09:00,J3,949,937,1886
2019-10-19T15:15:00+09:00,J4,1060,991,2051
2019-10-19T15:15:00+09:00,J5,285,325,610
2019-10-19T15:30:00+09:00,J1,895,899,1794
2019-10-19T15:30:00+09:00,J2,963,805,1768
2019-10-19T15:30:00+09:00,J3,924,994,1918
2019-10-19T15:30:00+09:00,J4,996,1027,2023
2019-10-19T15:30:00+09:00,J5,313,391,704
2019-10-19T15:45:00+09:00,J1,951,949,1900
2019-10-19T15:45:00+09:00,J2,903,776,1679
2019-10-19T15:45:00+09:00,J3,907,1030,1937
2019-10-19T15:45:00+09:00,J4,1081,1097,2178
2019-10-19T15:45:00+09:00,J5,324,374,698
2019-10-19T16:00:00+09:00,J1,932,905,1837
2019-10-19T16:00:00+09:00,J2,702,653,1355
2019-10-19T16:00:00+09:00,J3,940,919,1859
2019-10-19T16:00:00+09:00,J4,970,1004,1974
2019-10-19T16:00:00+09:00,J5,312,348,660
2019-10-19T16:15:00+09:00,J1,953,893,1846
2019-10-19T16:15:00+09:00,J2,802,742,1544
2019-10-19T16:15:00+09:00,J3,982,997,1979
2019-10-19T16:15:00+09:00,J4,1138,980,2118
2019-10-19T16:15:00+09:00,J5,323,341,664
2019-10-19T16:30:00+09:00,J1,915,981,1896
2019-10-19T16:30:00+09:00,J2,735,696,1431
2019-10-19T16:30:00+09:00,J3,998,979,1977
2019-10-19T16:30:00+09:00,J4,1074,1058,2132
2019-10-19T16:30:00+09:00,J5,346,326,672
2019-10-19T16:45:00+09:00,J1,953,949,1902
2019-10-19T16:45:00+09:00,J2,782,742,1524
2019-10-19T16:45:00+09:00,J3,910,1011,1921
2019-10-19T16:45:00+09:00,J4,1111,982,2093
2019-10-19T16:45:00+09:00,J5,386,383,769
2019-10-19T17:00:00+09:00,J1,938,975,1913
2019-10-19T17:00:00+09:00,J2,789,650,1439
2019-10-19T17:00:00+09:00,J3,1083,897,1980
2019-10-19T17:00:00+09:00,J4,1057,898,1955
2019-10-19T17:00:00+09:00,J5,351,389,740
2019-10-19T17:15:00+09:00,J1,1020,962,1982
2019-10-19T17:15:00+09:00,J2,846,679,1525
2019-10-19T17:15:00+09:00,J3,1105,871,1976
2019-10-19T17:15:00+09:00,J4,1097,893,1990
2019-10-19T17:15:00+09:00,J5,347,375,722
2019-10-19T17:30:00+09:00,J1,910,939,1849
2019-10-19T17:30:00+09:00,J2,802,623,1425
2019-10-19T17:30:00+09:00,J3,1109,871,1980
2019-10-19T17:30:00+09:00,J4,1061,885,1946
2019-10-19T17:30:00+09:00,J5,309,348,657
2019-10-19T17:45:00+09:00,J1,819,910,1729
2019-10-19T17:45:00+09:00,J2,783,642,1425
2019-10-19T17:45:00+09:00,J3,961,929,1890
2019-10-19T17:45:00+09:00,J4,1004,804,1808
2019-10-19T17:45:00+09:00,J5,311,374,685
2019-10-19T18:00:00+09:00,J1,918,899,1817
2019-10-19T18:00:00+09:00,J2,781,641,1422
2019-10-19T18:00:00+09:00,J3,1041,897,1938
2019-10-19T18:00:00+09:00,J4,788,717,1505
2019-10-19T18:00:00+09:00,J5,297,306,603
2019-10-19T18:15:00+09:00,J1,907,949,1856
2019-10-19T18:15:00+09:00,J2,801,713,1514
2019-10-19T18:15:00+09:00,J3,1107,963,2070
2019-10-19T18:15:00+09:00,J4,804,689,1493
2019-10-19T18:15:00+09:00,J5,318,330,648
2019-10-19T18:30:00+09:00,J1,954,919,1873
2019-10-19T18:30:00+09:00,J2,785,633,1418
2019-10-19T18:30:00+09:00,J3,1004,887,1891
2019-10-19T18:30:00+09:00,J4,937,827,1764
2019-10-19T18:30:00+09:00,J5,339,347,686
2019-10-19T18:45:00+09:00,J1,874,840,1714
2019-10-19T18:45:00+09:00,J2,727,545,1272
2019-10-19T18:45:00+09:00,J3,972,855,1827
2019-10-19T18:45:00+09:00,J4,896,797,1693
2019-10-19T18:45:00+09:00,J5,422,383,805
2019-10-19T19:00:00+09:00,J1,909,889,1798
2019-10-19T19:00:00+09:00,J2,752,653,1405
2019-10-19T19:00:00+09:00,J3,941,845,1786
2019-10-19T19:00:00+09:00,J4,852,780,1632
2019-10-19T19:00:00+09:00,J5,461,449,910
2019-10-19T19:15:00+09:00,J1,881,887,1768
2019-10-19T19:15:00+09:00,J2,689,621,1310
2019-10-19T19:15:00+09:00,J3,895,812,1707
2019-10-19T19:15:00+09:00,J4,946,808,1754
2019-10-19T19:15:00+09:00,J5,474,479,953
2019-10-19T19:30:00+09:00,J1,785,811,1596
2019-10-19T19:30:00+09:00,J2,682,568,1250
2019-10-19T19:30:00+09:00,J3,818,796,1614
2019-10-19T19:30:00+09:00,J4,859,862,1721
2019-10-19T19:30:00+09:00,J5,393,457,850
2019-10-19T19:45:00+09:00,J1,776,810,1586
2019-10-19T19:45:00+09:00,J2,740,592,1332
2019-10-19T19:45:00+09:00,J3,876,780,1656
2019-10-19T19:45:00+09:00,J4,869,847,1716
2019-10-19T19:45:00+09:00,J5,420,414,834
2019-10-19T20:00:00+09:00,J1,751,785,1536
2019-10-19T20:00:00+09:00,J2,709,572,1281
2019-10-19T20:00:00+09:00,J3,843,808,1651
2019-10-19T20:00:00+09:00,J4,850,839,1689
2019-10-19T20:00:00+09:00,J5,458,381,839
2019-10-19T20:15:00+09:00,J1,796,838,1634
2019-10-19T20:15:00+09:00,J2,748,545,1293
2019-10-19T20:15:00+09:00,J3,850,828,1678
2019-10-19T20:15:00+09:00,J4,751,807,1558
2019-10-19T20:15:00+09:00,J5,492,531,1023
2019-10-19T20:30:00+09:00,J1,811,843,1654
2019-10-19T20:30:00+09:00,J2,765,602,1367
2019-10-19T20:30:00+09:00,J3,810,811,1621
2019-10-19T20:30:00+09:00,J4,779,811,1590
2019-10-19T20:30:00+09:00,J5,411,432,843
2019-10-19T20:45:00+09:00,J1,767,819,1586
2019-10-19T20:45:00+09:00,J2,722,607,1329
2019-10-19T20:45:00+09:00,J3,744,717,1461
2019-10-19T20:45:00+09:00,J4,707,693,1400
2019-10-19T20:45:00+09:00,J5,430,420,850
2019-10-19T21:00:00+09:00,J1,734,791,1525
2019-10-19T21:00:00+09:00,J2,664,581,1245
2019-10-19T21:00:00+09:00,J3,716,714,1430
2019-10-19T21:00:00+09:00,J4,803,739,1542
2019-10-19T21:00:00+09:00,J5,481,388,869
2019-10-19T21:15:00+09:00,J1,743,768,1511
2019-10-19T21:15:00+09:00,J2,604,557,1161
2019-10-19T21:15:00+09:00,J3,787,696,1483
2019-10-19T21:15:00+09:00,J4,810,730,1540
2019-10-19T21:15:00+09:00,J5,431,423,854
2019-10-19T21:30:00+09:00,J1,725,728,1453
2019-10-19T21:30:00+09:00,J2,642,535,1177
2019-10-19T21:30:00+09:00,J3,661,717,1378
2019-10-19T21:30:00+09:00,J4,825,703,1528
2019-10-19T21:30:00+09:00,J5,444,445,889
2019-10-19T21:45:00+09:00,J1,671,720,1391
2019-10-19T21:45:00+09:00,J2,598,522,1120
2019-10-19T21:45:00+09:00,J3,640,663,1303
2019-10-19T21:45:00+09:00,J4,846,762,1608
2019-10-19T21:45:00+09:00,J5,458,439,897
2019-10-19T22:00:00+09:00,J1,679,754,1433
2019-10-19T22:00:00+09:00,J2,612,582,1194
2019-10-19T22:00:00+09:00,J3,608,679,1287
2019-10-19T22:00:00+09:00,J4,877,863,1740
2019-10-19T22:00:00+09:00,J5,487,488,975
2019-10-19T22:15:00+09:00,J1,597,628,1225
2019-10-19T22:15:00+09:00,J2,459,465,924
2019-10-19T22:15:00+09:00,J3,613,544,1157
2019-10-19T22:15:00+09:00,J4,680,693,1373
2019-10-19T22:15:00+09:00,J5,441,425,866
2019-10-19T22:30:00+09:00,J1,706,795,1501
2019-10-19T22:30:00+09:00,J2,697,619,1316
2019-10-19T22:30:00+09:00,J3,681,724,1405
2019-10-19T22:30:00+09:00,J4,1125,1131,2256
2019-10-19T22:30:00+09:00,J5,489,493,982
2019-10-19T22:45:00+09:00,J1,703,786,1489
2019-10-19T22:45:00+09:00,J2,662,560,1222
2019-10-19T22:45:00+09:00,J3,667,674,1341
2019-10-19T22:45:00+09:00,J4,849,864,1713
2019-10-19T22:45:00+09:00,J5,349,423,772
2019-10-19T23:00:00+09:00,J1,704,760,1464
2019-10-19T23:00:00+09:00,J2,654,542,1196
2019-10-19T23:00:00+09:00,J3,623,614,1237
2019-10-19T23:00:00+09:00,J4,666,710,1376
2019-10-19T23:00:00+09:00,J5,353,448,801
2019-10-19T23:15:00+09:00,J1,605,744,1349
2019-10-19T23:15:00+09:00,J2,528,589,1117
2019-10-19T23:15:00+09:00,J3,590,618,1208
2019-10-19T23:15:00+09:00,J4,846,812,1658
2019-10-19T23:15:00+09:00,J5,309,325,634
2019-10-19T23:30:00+09:00,J1,695,765,1460
2019-10-19T23:30:00+09:00,J2,477,519,996
2019-10-19T23:30:00+09:00,J3,609,664,1273
2019-10-19T23:30:00+09:00,J4,763,806,1569
2019-10-19T23:30:00+09:00,J5,279,302,581
2019-10-19T23:45:00+09:00,J1,661,638,1299
2019-10-19T23:45:00+09:00,J2,459,457,916
2019-10-19T23:45:00+09:00,J3,536,538,1074
2019-10-19T23:45:00+09:00,J4,973,932,1905
2019-10-19T23:45:00+09:00,J5,298,328,626
2019-10-20T00:00:00+09:00,J1,635,625,1260
2019-10-20T00:00:00+09:00,J2,487,419,906
2019-10-20T00:00:00+09:00,J3,601,494,1095
2019-10-20T00:00:00+09:00,J4,854,908,1762
2019-10-20T00:00:00+09:00,J5,350,391,741
2019-10-20T00:15:00+09:00,J1,349,336,685
2019-10-20T00:15:00+09:00,J2,406,352,758
2019-10-20T00:15:00+09:00,J3,516,492,1008
2019-10-20T00:15:00+09:00,J4,347,317,664
2019-10-20T00:15:00+09:00,J5,206,248,454
2019-10-20T00:30:00+09:00,J1,264,261,525
2019-10-20T00:30:00+09:00,J2,480,454,934
2019-10-20T00:30:00+09:00,J3,385,338,723
2019-10-20T00:30:00+09:00,J4,234,236,470
2019-10-20T00:30:00+09:00,J5,200,208,408
2019-10-20T00:45:00+09:00,J1,256,251,507
2019-10-20T00:45:00+09:00,J2,484,475,959
2019-10-20T00:45:00+09:00,J3,349,330,679
2019-10-20T00:45:00+09:00,J4,273,240,513
2019-10-20T00:45:00+09:00,J5,206,259,465
2019-10-20T05:45:00+09:00,J1,428,437,865
2019-10-20T05:45:00+09:00,J2,365,307,672
2019-10-20T05:45:00+09:00,J3,415,306,721
2019-10-20T05:45:00+09:00,J4,462,490,952
2019-10-20T05:45:00+09:00,J5,203,210,413
2019-10-20T06:00:00+09:00,J1,439,508,947
2019-10-20T06:00:00+09:00,J2,550,389,939
2019-10-20T06:00:00+09:00,J3,508,445,953
2019-10-20T06:00:00+09:00,J4,414,443,857
2019-10-20T06:00:00+09:00,J5,209,167,376
2019-10-20T06:15:00+09:00,J1,455,489,944
2019-10-20T06:15:00+09:00,J2,561,465,1026
2019-10-20T06:15:00+09:00,J3,563,497,1060
2019-10-20T06:15:00+09:00,J4,427,444,871
2019-10-20T06:15:00+09:00,J5,258,302,560
2019-10-20T06:30:00+09:00,J1,434,407,841
2019-10-20T06:30:00+09:00,J2,536,525,1061
2019-10-20T06:30:00+09:00,J3,520,472,992
2019-10-20T06:30:00+09:00,J4,448,436,884
2019-10-20T06:30:00+09:00,J5,325,297,622
2019-10-20T06:45:00+09:00,J1,417,425,842
2019-10-20T06:45:00+09:00,J2,483,506,989
2019-10-20T06:45:00+09:00,J3,523,492,1015
2019-10-20T06:45:00+09:00,J4,408,383,791
2019-10-20T06:45:00+09:00,J5,294,276,570
2019-10-20T07:00:00+09:00,J1,540,550,1090
2019-10-20T07:00:00+09:00,J2,489,418,907
2019-10-20T07:00:00+09:00,J3,571,519,1090
2019-10-20T07:00:00+09:00,J4,530,544,1074
2019-10-20T07:00:00+09:00,J5,290,251,541
2019-10-20T07:15:00+09:00,J1,529,539,1068
2019-10-20T07:15:00+09:00,J2,420,307,727
2019-10-20T07:15:00+09:00,J3,548,476,1024
2019-10-20T07:15:00+09:00,J4,467,507,974
2019-10-20T07:15:00+09:00,J5,313,267,580
2019-10-20T07:30:00+09:00,J1,579,609,1188
2019-10-20T07:30:00+09:00,J2,495,382,877
2019-10-20T07:30:00+09:00,J3,574,566,1140
2019-10-20T07:30:00+09:00,J4,457,448,905
2019-10-20T07:30:00+09:00,J5,297,262,559
2019-10-20T07:45:00+09:00,J1,597,580,1177
2019-10-20T07:45:00+09:00,J2,464,430,894
2019-10-20T07:45:00+09:00,J3,576,583,1159
2019-10-20T07:45:00+09:00,J4,520,595,1115
2019-10-20T07:45:00+09:00,J5,282,272,554
2019-10-20T08:00:00+09:00,J1,784,766,1550
2019-10-20T08:00:00+09:00,J2,641,589,1230
2019-10-20T08:00:00+09:00,J3,637,591,1228
2019-10-20T08:00:00+09:00,J4,703,716,1419
2019-10-20T08:00:00+09:00,J5,332,350,682
2019-10-20T08:15:00+09:00,J1,788,807,1595
2019-10-20T08:15:00+09:00,J2,577,528,1105
2019-10-20T08:15:00+09:00,J3,649,662,1311
2019-10-20T08:15:00+09:00,J4,682,682,1364
2019-10-20T08:15:00+09:00,J5,397,432,829
2019-10-20T08:30:00+09:00,J1,810,675,1485
2019-10-20T08:30:00+09:00,J2,547,436,983
2019-10-20T08:30:00+09:00,J3,627,648,1275
2019-10-20T08:30:00+09:00,J4,553,568,1121
2019-10-20T08:30:00+09:00,J5,379,488,867
2019-10-20T08:45:00+09:00,J1,758,812,1570
2019-10-20T08:45:00+09:00,J2,428,364,792
2019-10-20T08:45:00+09:00,J3,717,678,1395
2019-10-20T08:45:00+09:00,J4,493,440,933
2019-10-20T08:45:00+09:00,J5,369,474,843
2019-10-20T09:00:00+09:00,J1,723,638,1361
2019-10-20T09:00:00+09:00,J2,439,367,806
2019-10-20T09:00:00+09:00,J3,720,661,1381
2019-10-20T09:00:00+09:00,J4,535,569,1104
2019-10-20T09:00:00+09:00,J5,342,368,710
2019-10-20T09:15:00+09:00,J1,678,645,1323
2019-10-20T09:15:00+09:00,J2,475,414,889
2019-10-20T09:15:00+09:00,J3,750,666,1416
2019-10-20T09:15:00+09:00,J4,526,541,1067
2019-10-20T09:15:00+09:00,J5,357,462,819
2019-10-20T09:30:00+09:00,J1,704,686,1390
2019-10-20T09:30:00+09:00,J2,550,477,1027
2019-10-20T09:30:00+09:00,J3,745,694,1439
2019-10-20T09:30:00+09:00,J4,576,659,1235
2019-10-20T09:30:00+09:00,J5,410,412,822
2019-10-20T09:45:00+09:00,J1,709,706,1415
2019-10-20T09:45:00+09:00,J2,558,503,1061
2019-10-20T09:45:00+09:00,J3,706,664,1370
2019-10-20T09:45:00+09:00,J4,732,581,1313
2019-10-20T09:45:00+09:00,J5,393,405,798
2019-10-20T10:00:00+09:00,J1,741,752,1493
2019-10-20T10:00:00+09:00,J2,599,542,1141
2019-10-20T10:00:00+09:00,J3,603,683,1286
2019-10-20T10:00:00+09:00,J4,753,729,1482
2019-10-20T10:00:00+09:00,J5,298,313,611
2019-10-20T10:15:00+09:00,J1,697,676,1373
2019-10-20T10:15:00+09:00,J2,674,659,1333
2019-10-20T10:15:00+09:00,J3,596,694,1290
2019-10-20T10:15:00+09:00,J4,758,718,1476
2019-10-20T10:15:00+09:00,J5,200,214,414
2019-10-20T10:30:00+09:00,J1,699,598,1297
2019-10-20T10:30:00+09:00,J2,708,624,1332
2019-10-20T10:30:00+09:00,J3,599,649,1248
2019-10-20T10:30:00+09:00,J4,752,779,1531
2019-10-20T10:30:00+09:00,J5,185,181,366
2019-10-20T10:45:00+09:00,J1,579,522,1101
2019-10-20T10:45:00+09:00,J2,688,603,1291
2019-10-20T10:45:00+09:00,J3,512,551,1063
2019-10-20T10:45:00+09:00,J4,716,758,1474
2019-10-20T10:45:00+09:00,J5,207,207,414
2019-10-20T11:00:00+09:00,J1,663,585,1248
2019-10-20T11:00:00+09:00,J2,716,572,1288
2019-10-20T11:00:00+09:00,J3,734,577,1311
2019-10-20T11:00:00+09:00,J4,780,793,1573
2019-10-20T11:00:00+09:00,J5,275,226,501
2019-10-20T11:15:00+09:00,J1,777,747,1524
2019-10-20T11:15:00+09:00,J2,624,621,1245
2019-10-20T11:15:00+09:00,J3,667,632,1299
2019-10-20T11:15:00+09:00,J4,816,756,1572
2019-10-20T11:15:00+09:00,J5,190,190,380
2019-10-20T11:30:00+09:00,J1,710,684,1394
2019-10-20T11:30:00+09:00,J2,577,559,1136
2019-10-20T11:30:00+09:00,J3,626,644,1270
2019-10-20T11:30:00+09:00,J4,781,762,1543
2019-10-20T11:30:00+09:00,J5,173,170,343
2019-10-20T11:45:00+09:00,J1,735,773,1508
2019-10-20T11:45:00+09:00,J2,627,651,1278
2019-10-20T11:45:00+09:00,J3,643,603,1246
2019-10-20T11:45:00+09:00,J4,768,675,1443
2019-10-20T11:45:00+09:00,J5,178,189,367
2019-10-20T12:00:00+09:00,J1,703,756,1459
2019-10-20T12:00:00+09:00,J2,624,600,1224
2019-10-20T12:00:00+09:00,J3,700,662,1362
2019-10-20T12:00:00+09:00,J4,715,668,1383
2019-10-20T12:00:00+09:00,J5,226,219,445
2019-10-20T12:15:00+09:00,J1,664,661,1325
2019-10-20T12:15:00+09:00,J2,590,627,1217
2019-10-20T12:15:00+09:00,J3,725,596,1321
2019-10-20T12:15:00+09:00,J4,737,647,1384
2019-10-20T12:15:00+09:00,J5,198,252,450
2019-10-20T12:30:00+09:00,J1,691,639,1330
2019-10-20T12:30:00+09:00,J2,586,599,1185
2019-10-20T12:30:00+09:00,J3,674,675,1349
2019-10-20T12:30:00+09:00,J4,674,668,1342
2019-10-20T12:30:00+09:00,J5,247,224,471
2019-10-20T12:45:00+09:00,J1,709,737,1446
2019-10-20T12:45:00+09:00,J2,596,598,1194
2019-10-20T12:45:00+09:00,J3,715,719,1434
2019-10-20T12:45:00+09:00,J4,593,702,1295
2019-10-20T12:45:00+09:00,J5,211,206,417
2019-10-20T13:00:00+09:00,J1,672,714,1386
2019-10-20T13:00:00+09:00,J2,593,570,1163
2019-10-20T13:00:00+09:00,J3,711,682,1393
2019-10-20T13:00:00+09:00,J4,618,681,1299
2019-10-20T13:00:00+09:00,J5,214,215,429
2019-10-20T13:15:00+09:00,J1,687,615,1302
2019-10-20T13:15:00+09:00,J2,552,588,1140
2019-10-20T13:15:00+09:00,J3,683,686,1369
2019-10-20T13:15:00+09:00,J4,668,717,1385
2019-10-20T13:15:00+09:00,J5,231,242,473
2019-10-20T13:30:00+09:00,J1,749,851,1600
2019-10-20T13:30:00+09:00,J2,580,574,1154
2019-10-20T13:30:00+09:00,J3,730,737,1467
2019-10-20T13:30:00+09:00,J4,543,619,1162
2019-10-20T13:30:00+09:00,J5,212,204,416
2019-10-20T13:45:00+09:00,J1,680,757,1437
2019-10-20T13:45:00+09:00,J2,556,568,1124
2019-10-20T13:45:00+09:00,J3,665,706,1371
2019-10-20T13:45:00+09:00,J4,569,668,1237
2019-10-20T13:45:00+09:00,J5,238,192,430
2019-10-20T14:00:00+09:00,J1,664,624,1288
2019-10-20T14:00:00+09:00,J2,563,590,1153
2019-10-20T14:00:00+09:00,J3,724,763,1487
2019-10-20T14:00:00+09:00,J4,544,658,1202
2019-10-20T14:00:00+09:00,J5,234,206,440
2019-10-20T14:15:00+09:00,J1,641,668,1309
2019-10-20T14:15:00+09:00,J2,569,628,1197
2019-10-20T14:15:00+09:00,J3,672,767,1439
2019-10-20T14:15:00+09:00,J4,566,671,1237
2019-10-20T14:15:00+09:00,J5,245,202,447
2019-10-20T14:30:00+09:00,J1,648,672,1320
2019-10-20T14:30:00+09:00,J2,610,635,1245
2019-10-20T14:30:00+09:00,J3,744,721,1465
2019-10-20T14:30:00+09:00,J4,604,642,1246
2019-10-20T14:30:00+09:00,J5,224,241,465
2019-10-20T14:45:00+09:00,J1,680,615,1295
2019-10-20T14:45:00+09:00,J2,584,644,1228
2019-10-20T14:45:00+09:00,J3,755,842,1597
2019-10-20T14:45:00+09:00,J4,572,629,1201
2019-10-20T14:45:00+09:00,J5,229,183,412
2019-10-20T15:00:00+09:00,J1,662,674,1336
2019-10-20T15:00:00+09:00,J2,596,614,1210
2019-10-20T15:00:00+09:00,J3,683,794,1477
2019-10-20T15:00:00+09:00,J4,534,564,1098
2019-10-20T15:00:00+09:00,J5,221,196,417
2019-10-20T15:15:00+09:00,J1,685,701,1386
2019-10-20T15:15:00+09:00,J2,605,732,1337
2019-10-20T15:15:00+09:00,J3,731,814,1545
2019-10-20T15:15:00+09:00,J4,657,601,1258
2019-10-20T15:15:00+09:00,J5,256,248,504
2019-10-20T15:30:00+09:00,J1,737,764,1501
2019-10-20T15:30:00+09:00,J2,625,671,1296
2019-10-20T15:30:00+09:00,J3,779,758,1537
2019-10-20T15:30:00+09:00,J4,632,617,1249
2019-10-20T15:30:00+09:00,J5,277,235,512
2019-10-20T15:45:00+09:00,J1,744,837,1581
2019-10-20T15:45:00+09:00,J2,629,670,1299
2019-10-20T15:45:00+09:00,J3,757,840,1597
2019-10-20T15:45:00+09:00,J4,560,607,1167
2019-10-20T15:45:00+09:00,J5,240,222,462
2019-10-20T16:00:00+09:00,J1,753,803,1556
2019-10-20T16:00:00+09:00,J2,640,637,1277
2019-10-20T16:00:00+09:00,J3,717,763,1480
2019-10-20T16:00:00+09:00,J4,621,633,1254
2019-10-20T16:00:00+09:00,J5,230,234,464
2019-10-20T16:15:00+09:00,J1,851,810,1661
2019-10-20T16:15:00+09:00,J2,650,633,1283
2019-10-20T16:15:00+09:00,J3,744,760,1504
2019-10-20T16:15:00+09:00,J4,608,636,1244
2019-10-20T16:15:00+09:00,J5,409,403,812
2019-10-20T16:30:00+09:00,J1,821,834,1655
2019-10-20T16:30:00+09:00,J2,640,577,1217
2019-10-20T16:30:00+09:00,J3,724,761,1485
2019-10-20T16:30:00+09:00,J4,561,679,1240
2019-10-20T16:30:00+09:00,J5,483,502,985
2019-10-20T16:45:00+09:00,J1,865,922,1787
2019-10-20T16:45:00+09:00,J2,667,629,1296
2019-10-20T16:45:00+09:00,J3,710,783,1493
2019-10-20T16:45:00+09:00,J4,644,697,1341
2019-10-20T16:45:00+09:00,J5,521,539,1060
2019-10-20T17:00:00+09:00,J1,864,911,1775
2019-10-20T17:00:00+09:00,J2,717,665,1382
2019-10-20T17:00:00+09:00,J3,841,921,1762
2019-10-20T17:00:00+09:00,J4,594,598,1192
2019-10-20T17:00:00+09:00,J5,519,488,1007
2019-10-20T17:15:00+09:00,J1,815,920,1735
2019-10-20T17:15:00+09:00,J2,611,626,1237
2019-10-20T17:15:00+09:00,J3,729,822,1551
2019-10-20T17:15:00+09:00,J4,683,640,1323
2019-10-20T17:15:00+09:00,J5,537,604,1141
2019-10-20T17:30:00+09:00,J1,921,946,1867
2019-10-20T17:30:00+09:00,J2,589,606,1195
2019-10-20T17:30:00+09:00,J3,714,783,1497
2019-10-20T17:30:00+09:00,J4,723,708,1431
2019-10-20T17:30:00+09:00,J5,531,556,1087
2019-10-20T17:45:00+09:00,J1,831,795,1626
2019-10-20T17:45:00+09:00,J2,673,590,1263
2019-10-20T17:45:00+09:00,J3,799,677,1476
2019-10-20T17:45:00+09:00,J4,751,670,1421
2019-10-20T17:45:00+09:00,J5,531,594,1125
2019-10-20T18:00:00+09:00,J1,853,937,1790
2019-10-20T18:00:00+09:00,J2,748,576,1324
2019-10-20T18:00:00+09:00,J3,789,661,1450
2019-10-20T18:00:00+09:00,J4,821,679,1500
2019-10-20T18:00:00+09:00,J5,496,676,1172
2019-10-20T18:15:00+09:00,J1,910,945,1855
2019-10-20T18:15:00+09:00,J2,761,573,1334
2019-10-20T18:15:00+09:00,J3,803,609,1412
2019-10-20T18:15:00+09:00,J4,886,667,1553
2019-10-20T18:15:00+09:00,J5,491,516,1007
2019-10-20T18:30:00+09:00,J1,846,846,1692
2019-10-20T18:30:00+09:00,J2,720,541,1261
2019-10-20T18:30:00+09:00,J3,725,519,1244
2019-10-20T18:30:00+09:00,J4,884,729,1613
2019-10-20T18:30:00+09:00,J5,520,616,1136
2019-10-20T18:45:00+09:00,J1,768,900,1668
2019-10-20T18:45:00+09:00,J2,717,560,1277
2019-10-20T18:45:00+09:00,J3,634,528,1162
2019-10-20T18:45:00+09:00,J4,878,788,1666
2019-10-20T18:45:00+09:00,J5,574,644,1218
2019-10-20T19:00:00+09:00,J1,708,719,1427
2019-10-20T19:00:00+09:00,J2,571,546,1117
2019-10-20T19:00:00+09:00,J3,618,536,1154
2019-10-20T19:00:00+09:00,J4,847,687,1534
2019-10-20T19:00:00+09:00,J5,566,613,1179
2019-10-20T19:15:00+09:00,J1,639,695,1334
2019-10-20T19:15:00+09:00,J2,522,514,1036
2019-10-20T19:15:00+09:00,J3,641,567,1208
2019-10-20T19:15:00+09:00,J4,794,677,1471
2019-10-20T19:15:00+09:00,J5,486,606,1092
2019-10-20T19:30:00+09:00,J1,610,652,1262
2019-10-20T19:30:00+09:00,J2,608,505,1113
2019-10-20T19:30:00+09:00,J3,595,600,1195
2019-10-20T19:30:00+09:00,J4,747,702,1449
2019-10-20T19:30:00+09:00,J5,483,562,1045
2019-10-20T19:45:00+09:00,J1,583,560,1143
2019-10-20T19:45:00+09:00,J2,491,463,954
2019-10-20T19:45:00+09:00,J3,546,568,1114
2019-10-20T19:45:00+09:00,J4,747,687,1434
2019-10-20T19:45:00+09:00,J5,467,471,938
2019-10-20T20:00:00+09:00,J1,601,630,1231
2019-10-20T20:00:00+09:00,J2,513,473,986
2019-10-20T20:00:00+09:00,J3,565,503,1068
2019-10-20T20:00:00+09:00,J4,712,731,1443
2019-10-20T20:00:00+09:00,J5,450,450,900
2019-10-20T20:15:00+09:00,J1,614,655,1269
2019-10-20T20:15:00+09:00,J2,500,499,999
2019-10-20T20:15:00+09:00,J3,612,543,1155
2019-10-20T20:15:00+09:00,J4,756,708,1464
2019-10-20T20:15:00+09:00,J5,458,511,969
2019-10-20T20:30:00+09:00,J1,595,596,1191
2019-10-20T20:30:00+09:00,J2,512,488,1000
2019-10-20T20:30:00+09:00,J3,532,477,1009
2019-10-20T20:30:00+09:00,J4,766,756,1522
2019-10-20T20:30:00+09:00,J5,483,529,1012
2019-10-20T20:45:00+09:00,J1,571,601,1172
2019-10-20T20:45:00+09:00,J2,462,453,915
2019-10-20T20:45:00+09:00,J3,517,498,1015
2019-10-20T20:45:00+09:00,J4,703,623,1326
2019-10-20T20:45:00+09:00,J5,470,509,979
2019-10-20T21:00:00+09:00,J1,590,584,1174
2019-10-20T21:00:00+09:00,J2,445,391,836
2019-10-20T21:00:00+09:00,J3,532,408,940
2019-10-20T21:00:00+09:00,J4,905,844,1749
2019-10-20T21:00:00+09:00,J5,484,539,1023
2019-10-20T21:15:00+09:00,J1,587,648,1235
2019-10-20T21:15:00+09:00,J2,334,363,697
2019-10-20T21:15:00+09:00,J3,498,473,971
2019-10-20T21:15:00+09:00,J4,970,921,1891
2019-10-20T21:15:00+09:00,J5,470,489,959
2019-10-20T21:30:00+09:00,J1,542,630,1172
2019-10-20T21:30:00+09:00,J2,354,366,720
2019-10-20T21:30:00+09:00,J3,504,482,986
2019-10-20T21:30:00+09:00,J4,982,993,1975
2019-10-20T21:30:00+09:00,J5,451,493,944
2019-10-20T21:45:00+09:00,J1,616,619,1235
2019-10-20T21:45:00+09:00,J2,306,357,663
2019-10-20T21:45:00+09:00,J3,484,385,869
2019-10-20T21:45:00+09:00,J4,978,966,1944
2019-10-20T21:45:00+09:00,J5,415,450,865
2019-10-20T22:00:00+09:00,J1,589,641,1230
2019-10-20T22:00:00+09:00,J2,331,375,706
2019-10-20T22:00:00+09:00,J3,450,424,874
2019-10-20T22:00:00+09:00,J4,988,1005,1993
2019-10-20T22:00:00+09:00,J5,406,354,760
2019-10-20T22:15:00+09:00,J1,603,606,1209
2019-10-20T22:15:00+09:00,J2,287,370,657
2019-10-20T22:15:00+09:00,J3,484,466,950
2019-10-20T22:15:00+09:00,J4,1028,1053,2081
2019-10-20T22:15:00+09:00,J5,403,358,761
2019-10-20T22:30:00+09:00,J1,599,620,1219
2019-10-20T22:30:00+09:00,J2,327,361,688
2019-10-20T22:30:00+09:00,J3,503,483,986
2019-10-20T22:30:00+09:00,J4,1194,1154,2348
2019-10-20T22:30:00+09:00,J5,518,541,1059
2019-10-20T22:45:00+09:00,J1,611,628,1239
2019-10-20T22:45:00+09:00,J2,352,391,743
2019-10-20T22:45:00+09:00,J3,522,474,996
2019-10-20T22:45:00+09:00,J4,1110,1100,2210
2019-10-20T22:45:00+09:00,J5,383,461,844
2019-10-20T23:00:00+09:00,J1,519,582,1101
2019-10-20T23:00:00+09:00,J2,406,387,793
2019-10-20T23:00:00+09:00,J3,433,465,898
2019-10-20T23:00:00+09:00,J4,1066,1057,2123
2019-10-20T23:00:00+09:00,J5,331,347,678
2019-10-20T23:15:00+09:00,J1,602,593,1195
2019-10-20T23:15:00+09:00,J2,438,460,898
2019-10-20T23:15:00+09:00,J3,492,474,966
2019-10-20T23:15:00+09:00,J4,982,1054,2036
2019-10-20T23:15:00+09:00,J5,315,306,621
2019-10-20T23:30:00+09:00,J1,581,641,1222
2019-10-20T23:30:00+09:00,J2,400,390,790
2019-10-20T23:30:00+09:00,J3,500,444,944
2019-10-20T23:30:00+09:00,J4,823,860,1683
2019-10-20T23:30:00+09:00,J5,313,304,617
2019-10-20T23:45:00+09:00,J1,454,497,951
2019-10-20T23:45:00+09:00,J2,375,415,790
2019-10-20T23:45:00+09:00,J3,423,364,787
2019-10-20T23:45:00+09:00,J4,908,876,1784
2019-10-20T23:45:00+09:00,J5,301,283,584
2019-10-21T00:00:00+09:00,J1,519,557,1076
2019-10-21T00:00:00+09:00,J2,443,468,911
2019-10-21T00:00:00+09:00,J3,435,400,835
2019-10-21T00:00:00+09:00,J4,950,904,1854
2019-10-21T00:00:00+09:00,J5,270,284,554
2019-10-21T00:15:00+09:00,J1,271,223,494
2019-10-21T00:15:00+09:00,J2,558,524,1082
2019-10-21T00:15:00+09:00,J3,575,468,1043
2019-10-21T00:15:00+09:00,J4,367,339,706
2019-10-21T00:15:00+09:00,J5,264,337,601
2019-10-21T00:30:00+09:00,J1,276,230,506
2019-10-21T00:30:00+09:00,J2,534,516,1050
2019-10-21T00:30:00+09:00,J3,589,505,1094
2019-10-21T00:30:00+09:00,J4,262,239,501
2019-10-21T00:30:00+09:00,J5,180,193,373
2019-10-21T00:45:00+09:00,J1,240,228,468
2019-10-21T00:45:00+09:00,J2,513,532,1045
2019-10-21T00:45:00+09:00,J3,475,404,879
2019-10-21T00:45:00+09:00,J4,305,277,582
2019-10-21T00:45:00+09:00,J5,203,208,411
2019-10-21T05:45:00+09:00,J1,305,312,617
2019-10-21T05:45:00+09:00,J2,180,175,355
2019-10-21T05:45:00+09:00,J3,459,445,904
2019-10-21T05:45:00+09:00,J4,1020,998,2018
2019-10-21T05:45:00+09:00,J5,205,198,403
2019-10-21T06:00:00+09:00,J1,387,387,774
2019-10-21T06:00:00+09:00,J2,303,209,512
2019-10-21T06:00:00+09:00,J3,484,471,955
2019-10-21T06:00:00+09:00,J4,807,787,1594
2019-10-21T06:00:00+09:00,J5,199,189,388
2019-10-21T06:15:00+09:00,J1,539,538,1077
2019-10-21T06:15:00+09:00,J2,346,317,663
2019-10-21T06:15:00+09:00,J3,568,561,1129
2019-10-21T06:15:00+09:00,J4,846,911,1757
2019-10-21T06:15:00+09:00,J5,280,298,578
2019-10-21T06:30:00+09:00,J1,610,576,1186
2019-10-21T06:30:00+09:00,J2,349,341,690
2019-10-21T06:30:00+09:00,J3,550,574,1124
2019-10-21T06:30:00+09:00,J4,823,833,1656
2019-10-21T06:30:00+09:00,J5,275,344,619
2019-10-21T06:45:00+09:00,J1,517,576,1093
2019-10-21T06:45:00+09:00,J2,346,335,681
2019-10-21T06:45:00+09:00,J3,561,518,1079
2019-10-21T06:45:00+09:00,J4,719,722,1441
2019-10-21T06:45:00+09:00,J5,291,339,630
2019-10-21T07:00:00+09:00,J1,660,644,1304
2019-10-21T07:00:00+09:00,J2,242,206,448
2019-10-21T07:00:00+09:00,J3,621,519,1140
2019-10-21T07:00:00+09:00,J4,898,958,1856
2019-10-21T07:00:00+09:00,J5,284,324,608
2019-10-21T07:15:00+09:00,J1,803,726,1529
2019-10-21T07:15:00+09:00,J2,289,196,485
2019-10-21T07:15:00+09:00,J3,662,574,1236
2019-10-21T07:15:00+09:00,J4,1052,1081,2133
2019-10-21T07:15:00+09:00,J5,332,410,742
2019-10-21T07:30:00+09:00,J1,666,645,1311
2019-10-21T07:30:00+09:00,J2,358,308,666
2019-10-21T07:30:00+09:00,J3,700,734,1434
2019-10-21T07:30:00+09:00,J4,897,1026,1923
2019-10-21T07:30:00+09:00,J5,387,478,865
2019-10-21T07:45:00+09:00,J1,789,683,1472
2019-10-21T07:45:00+09:00,J2,510,466,976
2019-10-21T07:45:00+09:00,J3,779,849,1628
2019-10-21T07:45:00+09:00,J4,974,1123,2097
2019-10-21T07:45:00+09:00,J5,405,466,871
2019-10-21T08:00:00+09:00,J1,1073,953,2026
2019-10-21T08:00:00+09:00,J2,577,484,1061
2019-10-21T08:00:00+09:00,J3,809,944,1753
2019-10-21T08:00:00+09:00,J4,962,1104,2066
2019-10-21T08:00:00+09:00,J5,376,430,806
2019-10-21T08:15:00+09:00,J1,1117,809,1926
2019-10-21T08:15:00+09:00,J2,537,471,1008
2019-10-21T08:15:00+09:00,J3,894,1089,1983
2019-10-21T08:15:00+09:00,J4,922,1173,2095
2019-10-21T08:15:00+09:00,J5,440,479,919
2019-10-21T08:30:00+09:00,J1,1136,793,1929
2019-10-21T08:30:00+09:00,J2,559,375,934
2019-10-21T08:30:00+09:00,J3,895,1166,2061
2019-10-21T08:30:00+09:00,J4,813,1197,2010
2019-10-21T08:30:00+09:00,J5,477,554,1031
2019-10-21T08:45:00+09:00,J1,970,713,1683
2019-10-21T08:45:00+09:00,J2,445,302,747
2019-10-21T08:45:00+09:00,J3,900,934,1834
2019-10-21T08:45:00+09:00,J4,694,914,1608
2019-10-21T08:45:00+09:00,J5,374,388,762
2019-10-21T09:00:00+09:00,J1,852,733,1585
2019-10-21T09:00:00+09:00,J2,367,260,627
2019-10-21T09:00:00+09:00,J3,738,796,1534
2019-10-21T09:00:00+09:00,J4,492,686,1178
2019-10-21T09:00:00+09:00,J5,379,356,735
2019-10-21T09:15:00+09:00,J1,724,614,1338
2019-10-21T09:15:00+09:00,J2,391,258,649
2019-10-21T09:15:00+09:00,J3,680,742,1422
2019-10-21T09:15:00+09:00,J4,582,698,1280
2019-10-21T09:15:00+09:00,J5,426,441,867
2019-10-21T09:30:00+09:00,J1,663,644,1307
2019-10-21T09:30:00+09:00,J2,485,283,768
2019-10-21T09:30:00+09:00,J3,748,767,1515
2019-10-21T09:30:00+09:00,J4,591,673,1264
2019-10-21T09:30:00+09:00,J5,469,456,925
2019-10-21T09:45:00+09:00,J1,705,651,1356
2019-10-21T09:45:00+09:00,J2,481,374,855
2019-10-21T09:45:00+09:00,J3,766,700,1466
2019-10-21T09:45:00+09:00,J4,729,677,1406
2019-10-21T09:45:00+09:00,J5,359,363,722
2019-10-21T10:00:00+09:00,J1,647,648,1295
2019-10-21T10:00:00+09:00,J2,471,400,871
2019-10-21T10:00:00+09:00,J3,737,637,1374
2019-10-21T10:00:00+09:00,J4,758,752,1510
2019-10-21T10:00:00+09:00,J5,258,303,561
2019-10-21T10:15:00+09:00,J1,610,586,1196
2019-10-21T10:15:00+09:00,J2,591,482,1073
2019-10-21T10:15:00+09:00,J3,622,637,1259
2019-10-21T10:15:00+09:00,J4,813,830,1643
2019-10-21T10:15:00+09:00,J5,236,259,495
2019-10-21T10:30:00+09:00,J1,580,516,1096
2019-10-21T10:30:00+09:00,J2,568,460,1028
2019-10-21T10:30:00+09:00,J3,583,635,1218
2019-10-21T10:30:00+09:00,J4,811,783,1594
2019-10-21T10:30:00+09:00,J5,203,260,463
2019-10-21T10:45:00+09:00,J1,597,500,1097
2019-10-21T10:45:00+09:00,J2,484,395,879
2019-10-21T10:45:00+09:00,J3,556,569,1125
2019-10-21T10:45:00+09:00,J4,744,759,1503
2019-10-21T10:45:00+09:00,J5,237,212,449
2019-10-21T11:00:00+09:00,J1,602,517,1119
2019-10-21T11:00:00+09:00,J2,417,338,755
2019-10-21T11:00:00+09:00,J3,594,565,1159
2019-10-21T11:00:00+09:00,J4,655,753,1408
2019-10-21T11:00:00+09:00,J5,271,185,456
2019-10-21T11:15:00+09:00,J1,695,624,1319
2019-10-21T11:15:00+09:00,J2,427,332,759
2019-10-21T11:15:00+09:00,J3,610,574,1184
2019-10-21T11:15:00+09:00,J4,706,699,1405
2019-10-21T11:15:00+09:00,J5,222,210,432
2019-10-21T11:30:00+09:00,J1,629,620,1249
2019-10-21T11:30:00+09:00,J2,359,299,658
2019-10-21T11:30:00+09:00,J3,625,555,1180
2019-10-21T11:30:00+09:00,J4,663,652,1315
2019-10-21T11:30:00+09:00,J5,234,173,407
2019-10-21T11:45:00+09:00,J1,586,605,1191
2019-10-21T11:45:00+09:00,J2,364,282,646
2019-10-21T11:45:00+09:00,J3,666,623,1289
2019-10-21T11:45:00+09:00,J4,587,712,1299
2019-10-21T11:45:00+09:00,J5,259,248,507
2019-10-21T12:00:00+09:00,J1,584,616,1200
2019-10-21T12:00:00+09:00,J2,427,325,752
2019-10-21T12:00:00+09:00,J3,637,588,1225
2019-10-21T12:00:00+09:00,J4,587,630,1217
2019-10-21T12:00:00+09:00,J5,235,290,525
2019-10-21T12:15:00+09:00,J1,580,545,1125
2019-10-21T12:15:00+09:00,J2,439,333,772
2019-10-21T12:15:00+09:00,J3,655,564,1219
2019-10-21T12:15:00+09:00,J4,593,586,1179
2019-10-21T12:15:00+09:00,J5,225,244,469
2019-10-21T12:30:00+09:00,J1,482,429,911
2019-10-21T12:30:00+09:00,J2,379,335,714
2019-10-21T12:30:00+09:00,J3,589,646,1235
2019-10-21T12:30:00+09:00,J4,512,470,982
2019-10-21T12:30:00+09:00,J5,206,195,401
2019-10-21T12:45:00+09:00,J1,572,564,1136
2019-10-21T12:45:00+09:00,J2,462,473,935
2019-10-21T12:45:00+09:00,J3,736,804,1540
2019-10-21T12:45:00+09:00,J4,628,678,1306
2019-10-21T12:45:00+09:00,J5,290,219,509
2019-10-21T13:00:00+09:00,J1,566,565,1131
2019-10-21T13:00:00+09:00,J2,463,420,883
2019-10-21T13:00:00+09:00,J3,670,675,1345
2019-10-21T13:00:00+09:00,J4,526,601,1127
2019-10-21T13:00:00+09:00,J5,286,226,512
2019-10-21T13:15:00+09:00,J1,558,553,1111
2019-10-21T13:15:00+09:00,J2,430,437,867
2019-10-21T13:15:00+09:00,J3,688,739,1427
2019-10-21T13:15:00+09:00,J4,493,512,1005
2019-10-21T13:15:00+09:00,J5,238,207,445
2019-10-21T13:30:00+09:00,J1,517,534,1051
2019-10-21T13:30:00+09:00,J2,444,441,885
2019-10-21T13:30:00+09:00,J3,643,715,1358
2019-10-21T13:30:00+09:00,J4,500,542,1042
2019-10-21T13:30:00+09:00,J5,221,185,406
2019-10-21T13:45:00+09:00,J1,513,469,982
2019-10-21T13:45:00+09:00,J2,410,423,833
2019-10-21T13:45:00+09:00,J3,648,721,1369
2019-10-21T13:45:00+09:00,J4,442,449,891
2019-10-21T13:45:00+09:00,J5,266,270,536
2019-10-21T14:00:00+09:00,J1,492,495,987
2019-10-21T14:00:00+09:00,J2,396,392,788
2019-10-21T14:00:00+09:00,J3,695,783,1478
2019-10-21T14:00:00+09:00,J4,432,444,876
2019-10-21T14:00:00+09:00,J5,252,259,511
2019-10-21T14:15:00+09:00,J1,486,508,994
2019-10-21T14:15:00+09:00,J2,444,424,868
2019-10-21T14:15:00+09:00,J3,722,802,1524
2019-10-21T14:15:00+09:00,J4,494,505,999
2019-10-21T14:15:00+09:00,J5,262,230,492
2019-10-21T14:30:00+09:00,J1,504,517,1021
2019-10-21T14:30:00+09:00,J2,428,410,838
2019-10-21T14:30:00+09:00,J3,766,760,1526
2019-10-21T14:30:00+09:00,J4,559,544,1103
2019-10-21T14:30:00+09:00,J5,281,220,501
2019-10-21T14:45:00+09:00,J1,517,551,1068
2019-10-21T14:45:00+09:00,J2,381,383,764
2019-10-21T14:45:00+09:00,J3,821,749,1570
2019-10-21T14:45:00+09:00,J4,502,488,990
2019-10-21T14:45:00+09:00,J5,350,319,669
2019-10-21T15:00:00+09:00,J1,511,512,1023
2019-10-21T15:00:00+09:00,J2,421,411,832
2019-10-21T15:00:00+09:00,J3,761,818,1579
2019-10-21T15:00:00+09:00,J4,478,432,910
2019-10-21T15:00:00+09:00,J5,393,352,745
2019-10-21T15:15:00+09:00,J1,525,585,1110
2019-10-21T15:15:00+09:00,J2,440,432,872
2019-10-21T15:15:00+09:00,J3,820,823,1643
2019-10-21T15:15:00+09:00,J4,500,559,1059
2019-10-21T15:15:00+09:00,J5,324,330,654
2019-10-21T15:30:00+09:00,J1,500,529,1029
2019-10-21T15:30:00+09:00,J2,442,416,858
2019-10-21T15:30:00+09:00,J3,854,805,1659
2019-10-21T15:30:00+09:00,J4,508,497,1005
2019-10-21T15:30:00+09:00,J5,332,330,662
2019-10-21T15:45:00+09:00,J1,535,517,1052
2019-10-21T15:45:00+09:00,J2,418,398,816
2019-10-21T15:45:00+09:00,J3,769,795,1564
2019-10-21T15:45:00+09:00,J4,505,510,1015
2019-10-21T15:45:00+09:00,J5,299,300,599
2019-10-21T16:00:00+09:00,J1,533,530,1063
2019-10-21T16:00:00+09:00,J2,388,450,838
2019-10-21T16:00:00+09:00,J3,810,800,1610
2019-10-21T16:00:00+09:00,J4,512,512,1024
2019-10-21T16:00:00+09:00,J5,269,225,494
2019-10-21T16:15:00+09:00,J1,634,529,1163
2019-10-21T16:15:00+09:00,J2,440,453,893
2019-10-21T16:15:00+09:00,J3,833,826,1659
2019-10-21T16:15:00+09:00,J4,456,467,923
2019-10-21T16:15:00+09:00,J5,323,283,606
2019-10-21T16:30:00+09:00,J1,557,506,1063
2019-10-21T16:30:00+09:00,J2,417,397,814
2019-10-21T16:30:00+09:00,J3,811,743,1554
2019-10-21T16:30:00+09:00,J4,492,558,1050
2019-10-21T16:30:00+09:00,J5,306,311,617
2019-10-21T16:45:00+09:00,J1,624,524,1148
2019-10-21T16:45:00+09:00,J2,434,423,857
2019-10-21T16:45:00+09:00,J3,833,805,1638
2019-10-21T16:45:00+09:00,J4,516,506,1022
2019-10-21T16:45:00+09:00,J5,330,343,673
2019-10-21T17:00:00+09:00,J1,693,654,1347
2019-10-21T17:00:00+09:00,J2,459,409,868
2019-10-21T17:00:00+09:00,J3,938,824,1762
2019-10-21T17:00:00+09:00,J4,568,513,1081
2019-10-21T17:00:00+09:00,J5,386,411,797
2019-10-21T17:15:00+09:00,J1,762,715,1477
2019-10-21T17:15:00+09:00,J2,468,398,866
2019-10-21T17:15:00+09:00,J3,967,906,1873
2019-10-21T17:15:00+09:00,J4,660,456,1116
2019-10-21T17:15:00+09:00,J5,450,484,934
2019-10-21T17:30:00+09:00,J1,803,796,1599
2019-10-21T17:30:00+09:00,J2,492,425,917
2019-10-21T17:30:00+09:00,J3,1062,944,2006
2019-10-21T17:30:00+09:00,J4,622,537,1159
2019-10-21T17:30:00+09:00,J5,454,471,925
2019-10-21T17:45:00+09:00,J1,815,825,1640
2019-10-21T17:45:00+09:00,J2,513,396,909
2019-10-21T17:45:00+09:00,J3,1037,871,1908
2019-10-21T17:45:00+09:00,J4,719,594,1313
2019-10-21T17:45:00+09:00,J5,564,647,1211
2019-10-21T18:00:00+09:00,J1,766,749,1515
2019-10-21T18:00:00+09:00,J2,500,369,869
2019-10-21T18:00:00+09:00,J3,994,829,1823
2019-10-21T18:00:00+09:00,J4,694,528,1222
2019-10-21T18:00:00+09:00,J5,478,508,986
2019-10-21T18:15:00+09:00,J1,776,902,1678
2019-10-21T18:15:00+09:00,J2,632,449,1081
2019-10-21T18:15:00+09:00,J3,1113,934,2047
2019-10-21T18:15:00+09:00,J4,820,576,1396
2019-10-21T18:15:00+09:00,J5,533,678,1211
2019-10-21T18:30:00+09:00,J1,763,729,1492
2019-10-21T18:30:00+09:00,J2,520,389,909
2019-10-21T18:30:00+09:00,J3,963,819,1782
2019-10-21T18:30:00+09:00,J4,711,601,1312
2019-10-21T18:30:00+09:00,J5,496,611,1107
2019-10-21T18:45:00+09:00,J1,755,644,1399
2019-10-21T18:45:00+09:00,J2,494,432,926
2019-10-21T18:45:00+09:00,J3,892,828,1720
2019-10-21T18:45:00+09:00,J4,773,674,1447
2019-10-21T18:45:00+09:00,J5,609,693,1302
2019-10-21T19:00:00+09:00,J1,658,611,1269
2019-10-21T19:00:00+09:00,J2,444,317,761
2019-10-21T19:00:00+09:00,J3,933,804,1737
2019-10-21T19:00:00+09:00,J4,819,723,1542
2019-10-21T19:00:00+09:00,J5,658,722,1380
2019-10-21T19:15:00+09:00,J1,718,665,1383
2019-10-21T19:15:00+09:00,J2,440,332,772
2019-10-21T19:15:00+09:00,J3,899,772,1671
2019-10-21T19:15:00+09:00,J4,882,711,1593
2019-10-21T19:15:00+09:00,J5,627,771,1398
2019-10-21T19:30:00+09:00,J1,594,668,1262
2019-10-21T19:30:00+09:00,J2,406,378,784
2019-10-21T19:30:00+09:00,J3,780,767,1547
2019-10-21T19:30:00+09:00,J4,865,739,1604
2019-10-21T19:30:00+09:00,J5,597,679,1276
2019-10-21T19:45:00+09:00,J1,622,637,1259
2019-10-21T19:45:00+09:00,J2,419,307,726
2019-10-21T19:45:00+09:00,J3,738,738,1476
2019-10-21T19:45:00+09:00,J4,919,797,1716
2019-10-21T19:45:00+09:00,J5,486,438,924
2019-10-21T20:00:00+09:00,J1,632,651,1283
2019-10-21T20:00:00+09:00,J2,380,341,721
2019-10-21T20:00:00+09:00,J3,730,668,1398
2019-10-21T20:00:00+09:00,J4,971,719,1690
2019-10-21T20:00:00+09:00,J5,443,364,807
2019-10-21T20:15:00+09:00,J1,601,639,1240
2019-10-21T20:15:00+09:00,J2,384,341,725
2019-10-21T20:15:00+09:00,J3,697,603,1300
2019-10-21T20:15:00+09:00,J4,935,764,1699
2019-10-21T20:15:00+09:00,J5,413,353,766
2019-10-21T20:30:00+09:00,J1,568,607,1175
2019-10-21T20:30:00+09:00,J2,373,383,756
2019-10-21T20:30:00+09:00,J3,679,553,1232
2019-10-21T20:30:00+09:00,J4,936,777,1713
2019-10-21T20:30:00+09:00,J5,366,285,651
2019-10-21T20:45:00+09:00,J1,616,586,1202
2019-10-21T20:45:00+09:00,J2,319,320,639
2019-10-21T20:45:00+09:00,J3,691,537,1228
2019-10-21T20:45:00+09:00,J4,895,736,1631
2019-10-21T20:45:00+09:00,J5,458,432,890
2019-10-21T21:00:00+09:00,J1,712,747,1459
2019-10-21T21:00:00+09:00,J2,384,279,663
2019-10-21T21:00:00+09:00,J3,623,491,1114
2019-10-21T21:00:00+09:00,J4,956,751,1707
2019-10-21T21:00:00+09:00,J5,604,623,1227
2019-10-21T21:15:00+09:00,J1,752,828,1580
2019-10-21T21:15:00+09:00,J2,348,283,631
2019-10-21T21:15:00+09:00,J3,674,516,1190
2019-10-21T21:15:00+09:00,J4,934,806,1740
2019-10-21T21:15:00+09:00,J5,559,640,1199
2019-10-21T21:30:00+09:00,J1,644,721,1365
2019-10-21T21:30:00+09:00,J2,312,327,639
2019-10-21T21:30:00+09:00,J3,587,469,1056
2019-10-21T21:30:00+09:00,J4,930,805,1735
2019-10-21T21:30:00+09:00,J5,522,579,1101
2019-10-21T21:45:00+09:00,J1,578,665,1243
2019-10-21T21:45:00+09:00,J2,366,300,666
2019-10-21T21:45:00+09:00,J3,644,525,1169
2019-10-21T21:45:00+09:00,J4,947,905,1852
2019-10-21T21:45:00+09:00,J5,562,616,1178
2019-10-21T22:00:00+09:00,J1,708,664,1372
2019-10-21T22:00:00+09:00,J2,395,365,760
2019-10-21T22:00:00+09:00,J3,639,526,1165
2019-10-21T22:00:00+09:00,J4,892,858,1750
2019-10-21T22:00:00+09:00,J5,523,496,1019
2019-10-21T22:15:00+09:00,J1,651,691,1342
2019-10-21T22:15:00+09:00,J2,308,307,615
2019-10-21T22:15:00+09:00,J3,562,490,1052
2019-10-21T22:15:00+09:00,J4,974,936,1910
2019-10-21T22:15:00+09:00,J5,452,458,910
2019-10-21T22:30:00+09:00,J1,607,733,1340
2019-10-21T22:30:00+09:00,J2,287,242,529
2019-10-21T22:30:00+09:00,J3,530,452,982
2019-10-21T22:30:00+09:00,J4,1043,928,1971
2019-10-21T22:30:00+09:00,J5,504,567,1071
2019-10-21T22:45:00+09:00,J1,576,608,1184
2019-10-21T22:45:00+09:00,J2,275,269,544
2019-10-21T22:45:00+09:00,J3,573,483,1056
2019-10-21T22:45:00+09:00,J4,1030,1051,2081
2019-10-21T22:45:00+09:00,J5,242,299,541
2019-10-21T23:00:00+09:00,J1,580,616,1196
2019-10-21T23:00:00+09:00,J2,309,277,586
2019-10-21T23:00:00+09:00,J3,548,482,1030
2019-10-21T23:00:00+09:00,J4,921,915,1836
2019-10-21T23:00:00+09:00,J5,192,188,380
2019-10-21T23:15:00+09:00,J1,602,603,1205
2019-10-21T23:15:00+09:00,J2,276,294,570
2019-10-21T23:15:00+09:00,J3,560,531,1091
2019-10-21T23:15:00+09:00,J4,1079,935,2014
2019-10-21T23:15:00+09:00,J5,195,202,397
2019-10-21T23:30:00+09:00,J1,620,676,1296
2019-10-21T23:30:00+09:00,J2,271,254,525
2019-10-21T23:30:00+09:00,J3,558,493,1051
2019-10-21T23:30:00+09:00,J4,818,819,1637
2019-10-21T23:30:00+09:00,J5,199,189,388
2019-10-21T23:45:00+09:00,J1,585,590,1175
2019-10-21T23:45:00+09:00,J2,276,285,561
2019-10-21T23:45:00+09:00,J3,478,421,899
2019-10-21T23:45:00+09:00,J4,781,759,1540
2019-10-21T23:45:00+09:00,J5,183,145,328
2019-10-22T00:00:00+09:00,J1,535,513,1048
2019-10-22T00:00:00+09:00,J2,357,297,654
2019-10-22T00:00:00+09:00,J3,519,404,923
2019-10-22T00:00:00+09:00,J4,786,737,1523
2019-10-22T00:00:00+09:00,J5,237,272,509
2019-10-22T00:15:00+09:00,J1,319,287,606
2019-10-22T00:15:00+09:00,J2,297,281,578
2019-10-22T00:15:00+09:00,J3,636,470,1106
2019-10-22T00:15:00+09:00,J4,706,696,1402
2019-10-22T00:15:00+09:00,J5,310,355,665
2019-10-22T00:30:00+09:00,J1,264,276,540
2019-10-22T00:30:00+09:00,J2,322,314,636
2019-10-22T00:30:00+09:00,J3,637,553,1190
2019-10-22T00:30:00+09:00,J4,583,509,1092
2019-10-22T00:30:00+09:00,J5,222,211,433
2019-10-22T00:45:00+09:00,J1,151,240,391
2019-10-22T00:45:00+09:00,J2,393,337,730
2019-10-22T00:45:00+09:00,J3,581,511,1092
2019-10-22T00:45:00+09:00,J4,579,580,1159
2019-10-22T00:45:00+09:00,J5,178,218,396
2019-10-22T05:45:00+09:00,J1,282,258,540
2019-10-22T05:45:00+09:00,J2,411,321,732
2019-10-22T05:45:00+09:00,J3,455,435,890
2019-10-22T05:45:00+09:00,J4,693,662,1355
2019-10-22T05:45:00+09:00,J5,224,226,450
2019-10-22T06:00:00+09:00,J1,408,403,811
2019-10-22T06:00:00+09:00,J2,591,521,1112
2019-10-22T06:00:00+09:00,J3,557,507,1064
2019-10-22T06:00:00+09:00,J4,546,458,1004
2019-10-22T06:00:00+09:00,J5,308,376,684
2019-10-22T06:15:00+09:00,J1,557,586,1143
2019-10-22T06:15:00+09:00,J2,656,574,1230
2019-10-22T06:15:00+09:00,J3,565,508,1073
2019-10-22T06:15:00+09:00,J4,615,588,1203
2019-10-22T06:15:00+09:00,J5,359,405,764
2019-10-22T06:30:00+09:00,J1,609,651,1260
2019-10-22T06:30:00+09:00,J2,586,486,1072
2019-10-22T06:30:00+09:00,J3,571,497,1068
2019-10-22T06:30:00+09:00,J4,517,501,1018
2019-10-22T06:30:00+09:00,J5,318,411,729
2019-10-22T06:45:00+09:00,J1,576,597,1173
2019-10-22T06:45:00+09:00,J2,588,476,1064
2019-10-22T06:45:00+09:00,J3,519,459,978
2019-10-22T06:45:00+09:00,J4,659,718,1377
2019-10-22T06:45:00+09:00,J5,324,406,730
2019-10-22T07:00:00+09:00,J1,557,555,1112
2019-10-22T07:00:00+09:00,J2,553,477,1030
2019-10-22T07:00:00+09:00,J3,577,496,1073
2019-10-22T07:00:00+09:00,J4,808,887,1695
2019-10-22T07:00:00+09:00,J5,347,376,723
2019-10-22T07:15:00+09:00,J1,520,546,1066
2019-10-22T07:15:00+09:00,J2,565,446,1011
2019-10-22T07:15:00+09:00,J3,530,479,1009
2019-10-22T07:15:00+09:00,J4,732,682,1414
2019-10-22T07:15:00+09:00,J5,312,302,614
2019-10-22T07:30:00+09:00,J1,602,536,1138
2019-10-22T07:30:00+09:00,J2,501,355,856
2019-10-22T07:30:00+09:00,J3,503,565,1068
2019-10-22T07:30:00+09:00,J4,637,650,1287
2019-10-22T07:30:00+09:00,J5,249,316,565
2019-10-22T07:45:00+09:00,J1,491,522,1013
2019-10-22T07:45:00+09:00,J2,575,471,1046
2019-10-22T07:45:00+09:00,J3,555,589,1144
2019-10-22T07:45:00+09:00,J4,662,722,1384
2019-10-22T07:45:00+09:00,J5,319,364,683
2019-10-22T08:00:00+09:00,J1,778,841,1619
2019-10-22T08:00:00+09:00,J2,606,549,1155
2019-10-22T08:00:00+09:00,J3,584,583,1167
2019-10-22T08:00:00+09:00,J4,675,707,1382
2019-10-22T08:00:00+09:00,J5,387,427,814
2019-10-22T08:15:00+09:00,J1,850,781,1631
2019-10-22T08:15:00+09:00,J2,665,547,1212
2019-10-22T08:15:00+09:00,J3,593,563,1156
2019-10-22T08:15:00+09:00,J4,674,715,1389
2019-10-22T08:15:00+09:00,J5,399,428,827
2019-10-22T08:30:00+09:00,J1,774,660,1434
2019-10-22T08:30:00+09:00,J2,509,351,860
2019-10-22T08:30:00+09:00,J3,655,678,1333
2019-10-22T08:30:00+09:00,J4,676,691,1367
2019-10-22T08:30:00+09:00,J5,375,385,760
2019-10-22T08:45:00+09:00,J1,846,789,1635
2019-10-22T08:45:00+09:00,J2,464,297,761
2019-10-22T08:45:00+09:00,J3,751,615,1366
2019-10-22T08:45:00+09:00,J4,477,531,1008
2019-10-22T08:45:00+09:00,J5,375,411,786
2019-10-22T09:00:00+09:00,J1,593,555,1148
2019-10-22T09:00:00+09:00,J2,455,395,850
2019-10-22T09:00:00+09:00,J3,639,664,1303
2019-10-22T09:00:00+09:00,J4,538,576,1114
2019-10-22T09:00:00+09:00,J5,392,441,833
2019-10-22T09:15:00+09:00,J1,621,561,1182
2019-10-22T09:15:00+09:00,J2,571,436,1007
2019-10-22T09:15:00+09:00,J3,689,629,1318
2019-10-22T09:15:00+09:00,J4,535,578,1113
2019-10-22T09:15:00+09:00,J5,355,488,843
2019-10-22T09:30:00+09:00,J1,629,597,1226
2019-10-22T09:30:00+09:00,J2,640,486,1126
2019-10-22T09:30:00+09:00,J3,646,645,1291
2019-10-22T09:30:00+09:00,J4,545,581,1126
2019-10-22T09:30:00+09:00,J5,447,462,909
2019-10-22T09:45:00+09:00,J1,545,462,1007
2019-10-22T09:45:00+09:00,J2,690,585,1275
2019-10-22T09:45:00+09:00,J3,572,602,1174
2019-10-22T09:45:00+09:00,J4,708,676,1384
2019-10-22T09:45:00+09:00,J5,432,460,892
2019-10-22T10:00:00+09:00,J1,481,420,901
2019-10-22T10:00:00+09:00,J2,664,575,1239
2019-10-22T10:00:00+09:00,J3,555,556,1111
2019-10-22T10:00:00+09:00,J4,771,721,1492
2019-10-22T10:00:00+09:00,J5,392,434,826
2019-10-22T10:15:00+09:00,J1,497,438,935
2019-10-22T10:15:00+09:00,J2,605,507,1112
2019-10-22T10:15:00+09:00,J3,526,535,1061
2019-10-22T10:15:00+09:00,J4,715,753,1468
2019-10-22T10:15:00+09:00,J5,504,542,1046
2019-10-22T10:30:00+09:00,J1,526,499,1025
2019-10-22T10:30:00+09:00,J2,560,490,1050
2019-10-22T10:30:00+09:00,J3,539,546,1085
2019-10-22T10:30:00+09:00,J4,656,733,1389
2019-10-22T10:30:00+09:00,J5,411,412,823
2019-10-22T10:45:00+09:00,J1,489,480,969
2019-10-22T10:45:00+09:00,J2,442,465,907
2019-10-22T10:45:00+09:00,J3,598,566,1164
2019-10-22T10:45:00+09:00,J4,609,686,1295
2019-10-22T10:45:00+09:00,J5,344,327,671
2019-10-22T11:00:00+09:00,J1,588,498,1086
2019-10-22T11:00:00+09:00,J2,525,474,999
2019-10-22T11:00:00+09:00,J3,712,589,1301
2019-10-22T11:00:00+09:00,J4,597,587,1184
2019-10-22T11:00:00+09:00,J5,406,381,787
2019-10-22T11:15:00+09:00,J1,624,512,1136
2019-10-22T11:15:00+09:00,J2,560,593,1153
2019-10-22T11:15:00+09:00,J3,712,632,1344
2019-10-22T11:15:00+09:00,J4,557,626,1183
2019-10-22T11:15:00+09:00,J5,244,186,430
2019-10-22T11:30:00+09:00,J1,510,504,1014
2019-10-22T11:30:00+09:00,J2,537,536,1073
2019-10-22T11:30:00+09:00,J3,688,694,1382
2019-10-22T11:30:00+09:00,J4,473,573,1046
2019-10-22T11:30:00+09:00,J5,260,193,453
2019-10-22T11:45:00+09:00,J1,595,565,1160
2019-10-22T11:45:00+09:00,J2,501,538,1039
2019-10-22T11:45:00+09:00,J3,751,657,1408
2019-10-22T11:45:00+09:00,J4,522,558,1080
2019-10-22T11:45:00+09:00,J5,319,251,570
2019-10-22T12:00:00+09:00,J1,542,582,1124
2019-10-22T12:00:00+09:00,J2,507,518,1025
2019-10-22T12:00:00+09:00,J3,744,718,1462
2019-10-22T12:00:00+09:00,J4,529,622,1151
2019-10-22T12:00:00+09:00,J5,406,387,793
2019-10-22T12:15:00+09:00,J1,628,571,1199
2019-10-22T12:15:00+09:00,J2,512,512,1024
2019-10-22T12:15:00+09:00,J3,746,750,1496
2019-10-22T12:15:00+09:00,J4,489,576,1065
2019-10-22T12:15:00+09:00,J5,389,358,747
2019-10-22T12:30:00+09:00,J1,581,570,1151
2019-10-22T12:30:00+09:00,J2,517,541,1058
2019-10-22T12:30:00+09:00,J3,693,682,1375
2019-10-22T12:30:00+09:00,J4,492,541,1033
2019-10-22T12:30:00+09:00,J5,373,343,716
2019-10-22T12:45:00+09:00,J1,535,516,1051
2019-10-22T12:45:00+09:00,J2,482,526,1008
2019-10-22T12:45:00+09:00,J3,672,721,1393
2019-10-22T12:45:00+09:00,J4,475,515,990
2019-10-22T12:45:00+09:00,J5,264,262,526
2019-10-22T13:00:00+09:00,J1,595,582,1177
2019-10-22T13:00:00+09:00,J2,465,581,1046
2019-10-22T13:00:00+09:00,J3,828,737,1565
2019-10-22T13:00:00+09:00,J4,470,492,962
2019-10-22T13:00:00+09:00,J5,308,284,592
2019-10-22T13:15:00+09:00,J1,592,587,1179
2019-10-22T13:15:00+09:00,J2,489,524,1013
2019-10-22T13:15:00+09:00,J3,785,762,1547
2019-10-22T13:15:00+09:00,J4,486,549,1035
2019-10-22T13:15:00+09:00,J5,451,470,921
2019-10-22T13:30:00+09:00,J1,571,631,1202
2019-10-22T13:30:00+09:00,J2,465,530,995
2019-10-22T13:30:00+09:00,J3,804,788,1592
2019-10-22T13:30:00+09:00,J4,471,548,1019
2019-10-22T13:30:00+09:00,J5,341,346,687
2019-10-22T13:45:00+09:00,J1,571,650,1221
2019-10-22T13:45:00+09:00,J2,441,568,1009
2019-10-22T13:45:00+09:00,J3,886,809,1695
2019-10-22T13:45:00+09:00,J4,427,490,917
2019-10-22T13:45:00+09:00,J5,265,258,523
2019-10-22T14:00:00+09:00,J1,657,721,1378
2019-10-22T14:00:00+09:00,J2,436,501,937
2019-10-22T14:00:00+09:00,J3,885,785,1670
2019-10-22T14:00:00+09:00,J4,422,465,887
2019-10-22T14:00:00+09:00,J5,272,239,511
2019-10-22T14:15:00+09:00,J1,712,760,1472
2019-10-22T14:15:00+09:00,J2,500,511,1011
2019-10-22T14:15:00+09:00,J3,857,795,1652
2019-10-22T14:15:00+09:00,J4,466,490,956
2019-10-22T14:15:00+09:00,J5,258,257,515
2019-10-22T14:30:00+09:00,J1,659,705,1364
2019-10-22T14:30:00+09:00,J2,479,496,975
2019-10-22T14:30:00+09:00,J3,948,816,1764
2019-10-22T14:30:00+09:00,J4,452,496,948
2019-10-22T14:30:00+09:00,J5,338,311,649
2019-10-22T14:45:00+09:00,J1,684,743,1427
2019-10-22T14:45:00+09:00,J2,446,547,993
2019-10-22T14:45:00+09:00,J3,932,812,1744
2019-10-22T14:45:00+09:00,J4,492,584,1076
2019-10-22T14:45:00+09:00,J5,326,351,677
2019-10-22T15:00:00+09:00,J1,765,734,1499
2019-10-22T15:00:00+09:00,J2,527,511,1038
2019-10-22T15:00:00+09:00,J3,882,812,1694
2019-10-22T15:00:00+09:00,J4,450,457,907
2019-10-22T15:00:00+09:00,J5,488,456,944
2019-10-22T15:15:00+09:00,J1,701,769,1470
2019-10-22T15:15:00+09:00,J2,462,475,937
2019-10-22T15:15:00+09:00,J3,918,738,1656
2019-10-22T15:15:00+09:00,J4,497,442,939
2019-10-22T15:15:00+09:00,J5,564,596,1160
2019-10-22T15:30:00+09:00,J1,646,675,1321
2019-10-22T15:30:00+09:00,J2,504,431,935
2019-10-22T15:30:00+09:00,J3,915,806,1721
2019-10-22T15:30:00+09:00,J4,570,410,980
2019-10-22T15:30:00+09:00,J5,430,398,828
2019-10-22T15:45:00+09:00,J1,620,695,1315
2019-10-22T15:45:00+09:00,J2,480,478,958
2019-10-22T15:45:00+09:00,J3,915,709,1624
2019-10-22T15:45:00+09:00,J4,527,440,967
2019-10-22T15:45:00+09:00,J5,346,368,714
2019-10-22T16:00:00+09:00,J1,607,644,1251
2019-10-22T16:00:00+09:00,J2,473,501,974
2019-10-22T16:00:00+09:00,J3,797,683,1480
2019-10-22T16:00:00+09:00,J4,513,412,925
2019-10-22T16:00:00+09:00,J5,271,311,582
2019-10-22T16:15:00+09:00,J1,668,658,1326
2019-10-22T16:15:00+09:00,J2,472,496,968
2019-10-22T16:15:00+09:00,J3,835,733,1568
2019-10-22T16:15:00+09:00,J4,565,453,1018
2019-10-22T16:15:00+09:00,J5,348,380,728
2019-10-22T16:30:00+09:00,J1,677,648,1325
2019-10-22T16:30:00+09:00,J2,477,438,915
2019-10-22T16:30:00+09:00,J3,838,706,1544
2019-10-22T16:30:00+09:00,J4,544,423,967
2019-10-22T16:30:00+09:00,J5,275,265,540
2019-10-22T16:45:00+09:00,J1,613,617,1230
2019-10-22T16:45:00+09:00,J2,481,613,1094
2019-10-22T16:45:00+09:00,J3,840,729,1569
2019-10-22T16:45:00+09:00,J4,606,531,1137
2019-10-22T16:45:00+09:00,J5,250,291,541
2019-10-22T17:00:00+09:00,J1,681,626,1307
2019-10-22T17:00:00+09:00,J2,490,468,958
2019-10-22T17:00:00+09:00,J3,818,707,1525
2019-10-22T17:00:00+09:00,J4,538,485,1023
2019-10-22T17:00:00+09:00,J5,284,324,608
2019-10-22T17:15:00+09:00,J1,766,633,1399
2019-10-22T17:15:00+09:00,J2,443,466,909
2019-10-22T17:15:00+09:00,J3,822,802,1624
2019-10-22T17:15:00+09:00,J4,500,454,954
2019-10-22T17:15:00+09:00,J5,258,261,519
2019-10-22T17:30:00+09:00,J1,700,654,1354
2019-10-22T17:30:00+09:00,J2,477,442,919
2019-10-22T17:30:00+09:00,J3,863,762,1625
2019-10-22T17:30:00+09:00,J4,449,444,893
2019-10-22T17:30:00+09:00,J5,270,278,548
2019-10-22T17:45:00+09:00,J1,624,612,1236
2019-10-22T17:45:00+09:00,J2,488,460,948
2019-10-22T17:45:00+09:00,J3,911,718,1629
2019-10-22T17:45:00+09:00,J4,481,399,880
2019-10-22T17:45:00+09:00,J5,271,248,519
2019-10-22T18:00:00+09:00,J1,719,632,1351
2019-10-22T18:00:00+09:00,J2,485,542,1027
2019-10-22T18:00:00+09:00,J3,893,763,1656
2019-10-22T18:00:00+09:00,J4,449,475,924
2019-10-22T18:00:00+09:00,J5,331,327,658
2019-10-22T18:15:00+09:00,J1,678,681,1359
2019-10-22T18:15:00+09:00,J2,491,487,978
2019-10-22T18:15:00+09:00,J3,835,757,1592
2019-10-22T18:15:00+09:00,J4,496,434,930
2019-10-22T18:15:00+09:00,J5,304,293,597
2019-10-22T18:30:00+09:00,J1,543,570,1113
2019-10-22T18:30:00+09:00,J2,489,534,1023
2019-10-22T18:30:00+09:00,J3,778,717,1495
2019-10-22T18:30:00+09:00,J4,470,434,904
2019-10-22T18:30:00+09:00,J5,347,309,656
2019-10-22T18:45:00+09:00,J1,627,575,1202
2019-10-22T18:45:00+09:00,J2,445,519,964
2019-10-22T18:45:00+09:00,J3,736,701,1437
2019-10-22T18:45:00+09:00,J4,444,485,929
2019-10-22T18:45:00+09:00,J5,318,273,591
2019-10-22T19:00:00+09:00,J1,498,507,1005
2019-10-22T19:00:00+09:00,J2,346,427,773
2019-10-22T19:00:00+09:00,J3,723,630,1353
2019-10-22T19:00:00+09:00,J4,486,558,1044
2019-10-22T19:00:00+09:00,J5,371,436,807
2019-10-22T19:15:00+09:00,J1,563,539,1102
2019-10-22T19:15:00+09:00,J2,332,399,731
2019-10-22T19:15:00+09:00,J3,810,734,1544
2019-10-22T19:15:00+09:00,J4,501,520,1021
2019-10-22T19:15:00+09:00,J5,452,486,938
2019-10-22T19:30:00+09:00,J1,441,485,926
2019-10-22T19:30:00+09:00,J2,330,284,614
2019-10-22T19:30:00+09:00,J3,697,691,1388
2019-10-22T19:30:00+09:00,J4,567,540,1107
2019-10-22T19:30:00+09:00,J5,446,430,876
2019-10-22T19:45:00+09:00,J1,526,510,1036
2019-10-22T19:45:00+09:00,J2,300,285,585
2019-10-22T19:45:00+09:00,J3,638,670,1308
2019-10-22T19:45:00+09:00,J4,609,686,1295
2019-10-22T19:45:00+09:00,J5,309,301,610
2019-10-22T20:00:00+09:00,J1,472,550,1022
2019-10-22T20:00:00+09:00,J2,273,341,614
2019-10-22T20:00:00+09:00,J3,652,658,1310
2019-10-22T20:00:00+09:00,J4,575,609,1184
2019-10-22T20:00:00+09:00,J5,402,412,814
2019-10-22T20:15:00+09:00,J1,511,496,1007
2019-10-22T20:15:00+09:00,J2,368,356,724
2019-10-22T20:15:00+09:00,J3,648,599,1247
2019-10-22T20:15:00+09:00,J4,506,556,1062
2019-10-22T20:15:00+09:00,J5,520,507,1027
2019-10-22T20:30:00+09:00,J1,514,486,1000
2019-10-22T20:30:00+09:00,J2,373,346,719
2019-10-22T20:30:00+09:00,J3,622,603,1225
2019-10-22T20:30:00+09:00,J4,721,673,1394
2019-10-22T20:30:00+09:00,J5,499,481,980
2019-10-22T20:45:00+09:00,J1,499,445,944
2019-10-22T20:45:00+09:00,J2,291,378,669
2019-10-22T20:45:00+09:00,J3,597,479,1076
2019-10-22T20:45:00+09:00,J4,650,613,1263
2019-10-22T20:45:00+09:00,J5,430,406,836
2019-10-22T21:00:00+09:00,J1,527,565,1092
2019-10-22T21:00:00+09:00,J2,402,414,816
2019-10-22T21:00:00+09:00,J3,578,587,1165
2019-10-22T21:00:00+09:00,J4,794,752,1546
2019-10-22T21:00:00+09:00,J5,610,588,1198
2019-10-22T21:15:00+09:00,J1,498,594,1092
2019-10-22T21:15:00+09:00,J2,313,353,666
2019-10-22T21:15:00+09:00,J3,531,480,1011
2019-10-22T21:15:00+09:00,J4,764,731,1495
2019-10-22T21:15:00+09:00,J5,489,503,992
2019-10-22T21:30:00+09:00,J1,465,490,955
2019-10-22T21:30:00+09:00,J2,336,367,703
2019-10-22T21:30:00+09:00,J3,471,512,983
2019-10-22T21:30:00+09:00,J4,782,727,1509
2019-10-22T21:30:00+09:00,J5,421,429,850
2019-10-22T21:45:00+09:00,J1,484,490,974
2019-10-22T21:45:00+09:00,J2,334,329,663
2019-10-22T21:45:00+09:00,J3,483,450,933
2019-10-22T21:45:00+09:00,J4,728,653,1381
2019-10-22T21:45:00+09:00,J5,486,517,1003
2019-10-22T22:00:00+09:00,J1,503,506,1009
2019-10-22T22:00:00+09:00,J2,291,388,679
2019-10-22T22:00:00+09:00,J3,529,466,995
2019-10-22T22:00:00+09:00,J4,721,650,1371
2019-10-22T22:00:00+09:00,J5,526,601,1127
2019-10-22T22:15:00+09:00,J1,524,518,1042
2019-10-22T22:15:00+09:00,J2,304,355,659
2019-10-22T22:15:00+09:00,J3,524,459,983
2019-10-22T22:15:00+09:00,J4,723,727,1450
2019-10-22T22:15:00+09:00,J5,612,675,1287
2019-10-22T22:30:00+09:00,J1,450,509,959
2019-10-22T22:30:00+09:00,J2,278,307,585
2019-10-22T22:30:00+09:00,J3,538,497,1035
2019-10-22T22:30:00+09:00,J4,707,592,1299
2019-10-22T22:30:00+09:00,J5,369,369,738
2019-10-22T22:45:00+09:00,J1,597,571,1168
2019-10-22T22:45:00+09:00,J2,336,302,638
2019-10-22T22:45:00+09:00,J3,528,428,956
2019-10-22T22:45:00+09:00,J4,709,717,1426
2019-10-22T22:45:00+09:00,J5,213,175,388
2019-10-22T23:00:00+09:00,J1,450,519,969
2019-10-22T23:00:00+09:00,J2,318,343,661
2019-10-22T23:00:00+09:00,J3,476,445,921
2019-10-22T23:00:00+09:00,J4,822,810,1632
2019-10-22T23:00:00+09:00,J5,213,135,348
2019-10-22T23:15:00+09:00,J1,501,548,1049
2019-10-22T23:15:00+09:00,J2,283,322,605
2019-10-22T23:15:00+09:00,J3,474,515,989
2019-10-22T23:15:00+09:00,J4,859,811,1670
2019-10-22T23:15:00+09:00,J5,255,180,435
2019-10-22T23:30:00+09:00,J1,606,681,1287
2019-10-22T23:30:00+09:00,J2,331,357,688
2019-10-22T23:30:00+09:00,J3,495,425,920
2019-10-22T23:30:00+09:00,J4,720,750,1470
2019-10-22T23:30:00+09:00,J5,224,181,405
2019-10-22T23:45:00+09:00,J1,497,528,1025
2019-10-22T23:45:00+09:00,J2,345,381,726
2019-10-22T23:45:00+09:00,J3,441,448,889
2019-10-22T23:45:00+09:00,J4,705,695,1400
2019-10-22T23:45:00+09:00,J5,219,173,392
2019-10-23T00:00:00+09:00,J1,386,374,760
2019-10-23T00:00:00+09:00,J2,274,309,583
2019-10-23T00:00:00+09:00,J3,487,377,864
2019-10-23T00:00:00+09:00,J4,838,809,1647
2019-10-23T00:00:00+09:00,J5,192,174,366
2019-10-23T00:15:00+09:00,J1,225,247,472
2019-10-23T00:15:00+09:00,J2,286,305,591
2019-10-23T00:15:00+09:00,J3,536,476,1012
2019-10-23T00:15:00+09:00,J4,489,480,969
2019-10-23T00:15:00+09:00,J5,290,330,620
2019-10-23T00:30:00+09:00,J1,167,207,374
2019-10-23T00:30:00+09:00,J2,361,360,721
2019-10-23T00:30:00+09:00,J3,591,463,1054
2019-10-23T00:30:00+09:00,J4,463,423,886
2019-10-23T00:30:00+09:00,J5,308,329,637
2019-10-23T00:45:00+09:00,J1,195,126,321
2019-10-23T00:45:00+09:00,J2,374,318,692
2019-10-23T00:45:00+09:00,J3,581,527,1108
2019-10-23T00:45:00+09:00,J4,482,401,883
2019-10-23T00:45:00+09:00,J5,238,209,447
2019-10-23T05:45:00+09:00,J1,353,340,693
2019-10-23T05:45:00+09:00,J2,353,280,633
2019-10-23T05:45:00+09:00,J3,426,382,808
2019-10-23T05:45:00+09:00,J4,1030,1004,2034
2019-10-23T05:45:00+09:00,J5,252,268,520
2019-10-23T06:00:00+09:00,J1,490,468,958
2019-10-23T06:00:00+09:00,J2,460,450,910
2019-10-23T06:00:00+09:00,J3,476,456,932
2019-10-23T06:00:00+09:00,J4,904,846,1750
2019-10-23T06:00:00+09:00,J5,336,447,783
2019-10-23T06:15:00+09:00,J1,445,434,879
2019-10-23T06:15:00+09:00,J2,597,478,1075
2019-10-23T06:15:00+09:00,J3,448,471,919
2019-10-23T06:15:00+09:00,J4,901,967,1868
2019-10-23T06:15:00+09:00,J5,359,389,748
2019-10-23T06:30:00+09:00,J1,495,549,1044
2019-10-23T06:30:00+09:00,J2,560,513,1073
2019-10-23T06:30:00+09:00,J3,454,437,891
2019-10-23T06:30:00+09:00,J4,947,1040,1987
2019-10-23T06:30:00+09:00,J5,336,376,712
2019-10-23T06:45:00+09:00,J1,658,603,1261
2019-10-23T06:45:00+09:00,J2,591,458,1049
2019-10-23T06:45:00+09:00,J3,547,488,1035
2019-10-23T06:45:00+09:00,J4,961,1053,2014
2019-10-23T06:45:00+09:00,J5,369,466,835
2019-10-23T07:00:00+09:00,J1,652,619,1271
2019-10-23T07:00:00+09:00,J2,436,391,827
2019-10-23T07:00:00+09:00,J3,501,526,1027
2019-10-23T07:00:00+09:00,J4,1057,1144,2201
2019-10-23T07:00:00+09:00,J5,399,411,810
2019-10-23T07:15:00+09:00,J1,828,675,1503
2019-10-23T07:15:00+09:00,J2,437,288,725
2019-10-23T07:15:00+09:00,J3,638,615,1253
2019-10-23T07:15:00+09:00,J4,868,971,1839
2019-10-23T07:15:00+09:00,J5,384,482,866
2019-10-23T07:30:00+09:00,J1,785,659,1444
2019-10-23T07:30:00+09:00,J2,530,379,909
2019-10-23T07:30:00+09:00,J3,579,610,1189
2019-10-23T07:30:00+09:00,J4,956,992,1948
2019-10-23T07:30:00+09:00,J5,359,337,696
2019-10-23T07:45:00+09:00,J1,815,766,1581
2019-10-23T07:45:00+09:00,J2,493,377,870
2019-10-23T07:45:00+09:00,J3,656,816,1472
2019-10-23T07:45:00+09:00,J4,1007,1140,2147
2019-10-23T07:45:00+09:00,J5,368,361,729
2019-10-23T08:00:00+09:00,J1,1033,896,1929
2019-10-23T08:00:00+09:00,J2,522,419,941
2019-10-23T08:00:00+09:00,J3,719,948,1667
2019-10-23T08:00:00+09:00,J4,934,1211,2145
2019-10-23T08:00:00+09:00,J5,477,530,1007
2019-10-23T08:15:00+09:00,J1,1161,823,1984
2019-10-23T08:15:00+09:00,J2,622,488,1110
2019-10-23T08:15:00+09:00,J3,775,1071,1846
2019-10-23T08:15:00+09:00,J4,879,1286,2165
2019-10-23T08:15:00+09:00,J5,488,494,982
2019-10-23T08:30:00+09:00,J1,1106,821,1927
2019-10-23T08:30:00+09:00,J2,628,513,1141
2019-10-23T08:30:00+09:00,J3,772,1097,1869
2019-10-23T08:30:00+09:00,J4,854,1280,2134
2019-10-23T08:30:00+09:00,J5,406,447,853
2019-10-23T08:45:00+09:00,J1,936,780,1716
2019-10-23T08:45:00+09:00,J2,619,487,1106
2019-10-23T08:45:00+09:00,J3,676,850,1526
2019-10-23T08:45:00+09:00,J4,778,1046,1824
2019-10-23T08:45:00+09:00,J5,386,429,815
2019-10-23T09:00:00+09:00,J1,875,690,1565
2019-10-23T09:00:00+09:00,J2,459,426,885
2019-10-23T09:00:00+09:00,J3,695,718,1413
2019-10-23T09:00:00+09:00,J4,704,838,1542
2019-10-23T09:00:00+09:00,J5,439,477,916
2019-10-23T09:15:00+09:00,J1,748,628,1376
2019-10-23T09:15:00+09:00,J2,555,508,1063
2019-10-23T09:15:00+09:00,J3,675,726,1401
2019-10-23T09:15:00+09:00,J4,789,876,1665
2019-10-23T09:15:00+09:00,J5,333,363,696
2019-10-23T09:30:00+09:00,J1,508,503,1011
2019-10-23T09:30:00+09:00,J2,417,326,743
2019-10-23T09:30:00+09:00,J3,499,505,1004
2019-10-23T09:30:00+09:00,J4,570,567,1137
2019-10-23T09:30:00+09:00,J5,191,225,416
2019-10-23T09:45:00+09:00,J1,697,652,1349
2019-10-23T09:45:00+09:00,J2,620,493,1113
2019-10-23T09:45:00+09:00,J3,670,783,1453
2019-10-23T09:45:00+09:00,J4,706,768,1474
2019-10-23T09:45:00+09:00,J5,273,325,598
2019-10-23T10:00:00+09:00,J1,737,716,1453
2019-10-23T10:00:00+09:00,J2,521,482,1003
2019-10-23T10:00:00+09:00,J3,533,662,1195
2019-10-23T10:00:00+09:00,J4,803,729,1532
2019-10-23T10:00:00+09:00,J5,212,248,460
2019-10-23T10:15:00+09:00,J1,766,677,1443
2019-10-23T10:15:00+09:00,J2,601,458,1059
2019-10-23T10:15:00+09:00,J3,598,630,1228
2019-10-23T10:15:00+09:00,J4,772,743,1515
2019-10-23T10:15:00+09:00,J5,235,241,476
2019-10-23T10:30:00+09:00,J1,757,692,1449
2019-10-23T10:30:00+09:00,J2,557,436,993
2019-10-23T10:30:00+09:00,J3,607,625,1232
2019-10-23T10:30:00+09:00,J4,691,816,1507
2019-10-23T10:30:00+09:00,J5,296,231,527
2019-10-23T10:45:00+09:00,J1,654,645,1299
2019-10-23T10:45:00+09:00,J2,473,365,838
2019-10-23T10:45:00+09:00,J3,604,543,1147
2019-10-23T10:45:00+09:00,J4,701,654,1355
2019-10-23T10:45:00+09:00,J5,275,197,472
2019-10-23T11:00:00+09:00,J1,607,570,1177
2019-10-23T11:00:00+09:00,J2,399,328,727
2019-10-23T11:00:00+09:00,J3,554,548,1102
2019-10-23T11:00:00+09:00,J4,709,753,1462
2019-10-23T11:00:00+09:00,J5,315,238,553
2019-10-23T11:15:00+09:00,J1,651,626,1277
2019-10-23T11:15:00+09:00,J2,399,336,735
2019-10-23T11:15:00+09:00,J3,658,584,1242
2019-10-23T11:15:00+09:00,J4,697,651,1348
2019-10-23T11:15:00+09:00,J5,267,225,492
2019-10-23T11:30:00+09:00,J1,718,610,1328
2019-10-23T11:30:00+09:00,J2,371,340,711
2019-10-23T11:30:00+09:00,J3,695,655,1350
2019-10-23T11:30:00+09:00,J4,518,660,1178
2019-10-23T11:30:00+09:00,J5,265,172,437
2019-10-23T11:45:00+09:00,J1,706,639,1345
2019-10-23T11:45:00+09:00,J2,410,358,768
2019-10-23T11:45:00+09:00,J3,663,679,1342
2019-10-23T11:45:00+09:00,J4,656,651,1307
2019-10-23T11:45:00+09:00,J5,260,203,463
2019-10-23T12:00:00+09:00,J1,706,641,1347
2019-10-23T12:00:00+09:00,J2,450,428,878
2019-10-23T12:00:00+09:00,J3,761,718,1479
2019-10-23T12:00:00+09:00,J4,697,611,1308
2019-10-23T12:00:00+09:00,J5,319,254,573
2019-10-23T12:15:00+09:00,J1,677,559,1236
2019-10-23T12:15:00+09:00,J2,488,408,896
2019-10-23T12:15:00+09:00,J3,788,732,1520
2019-10-23T12:15:00+09:00,J4,596,608,1204
2019-10-23T12:15:00+09:00,J5,295,229,524
2019-10-23T12:30:00+09:00,J1,646,586,1232
2019-10-23T12:30:00+09:00,J2,445,413,858
2019-10-23T12:30:00+09:00,J3,687,783,1470
2019-10-23T12:30:00+09:00,J4,632,608,1240
2019-10-23T12:30:00+09:00,J5,281,285,566
2019-10-23T12:45:00+09:00,J1,607,555,1162
2019-10-23T12:45:00+09:00,J2,405,410,815
2019-10-23T12:45:00+09:00,J3,660,774,1434
2019-10-23T12:45:00+09:00,J4,594,627,1221
2019-10-23T12:45:00+09:00,J5,260,255,515
2019-10-23T13:00:00+09:00,J1,671,598,1269
2019-10-23T13:00:00+09:00,J2,471,419,890
2019-10-23T13:00:00+09:00,J3,757,763,1520
2019-10-23T13:00:00+09:00,J4,531,523,1054
2019-10-23T13:00:00+09:00,J5,307,260,567
2019-10-23T13:15:00+09:00,J1,620,635,1255
2019-10-23T13:15:00+09:00,J2,434,465,899
2019-10-23T13:15:00+09:00,J3,769,833,1602
2019-10-23T13:15:00+09:00,J4,556,602,1158
2019-10-23T13:15:00+09:00,J5,253,247,500
2019-10-23T13:30:00+09:00,J1,607,594,1201
2019-10-23T13:30:00+09:00,J2,444,403,847
2019-10-23T13:30:00+09:00,J3,745,809,1554
2019-10-23T13:30:00+09:00,J4,543,511,1054
2019-10-23T13:30:00+09:00,J5,316,240,556
2019-10-23T13:45:00+09:00,J1,583,613,1196
2019-10-23T13:45:00+09:00,J2,433,448,881
2019-10-23T13:45:00+09:00,J3,763,851,1614
2019-10-23T13:45:00+09:00,J4,480,532,1012
2019-10-23T13:45:00+09:00,J5,248,225,473
2019-10-23T14:00:00+09:00,J1,581,578,1159
2019-10-23T14:00:00+09:00,J2,418,429,847
2019-10-23T14:00:00+09:00,J3,754,757,1511
2019-10-23T14:00:00+09:00,J4,487,523,1010
2019-10-23T14:00:00+09:00,J5,273,211,484
2019-10-23T14:15:00+09:00,J1,608,585,1193
2019-10-23T14:15:00+09:00,J2,395,412,807
2019-10-23T14:15:00+09:00,J3,726,798,1524
2019-10-23T14:15:00+09:00,J4,464,492,956
2019-10-23T14:15:00+09:00,J5,283,233,516
2019-10-23T14:30:00+09:00,J1,647,609,1256
2019-10-23T14:30:00+09:00,J2,397,358,755
2019-10-23T14:30:00+09:00,J3,861,846,1707
2019-10-23T14:30:00+09:00,J4,512,458,970
2019-10-23T14:30:00+09:00,J5,286,236,522
2019-10-23T14:45:00+09:00,J1,645,662,1307
2019-10-23T14:45:00+09:00,J2,458,411,869
2019-10-23T14:45:00+09:00,J3,798,691,1489
2019-10-23T14:45:00+09:00,J4,469,465,934
2019-10-23T14:45:00+09:00,J5,266,235,501
2019-10-23T15:00:00+09:00,J1,715,717,1432
2019-10-23T15:00:00+09:00,J2,376,420,796
2019-10-23T15:00:00+09:00,J3,722,775,1497
2019-10-23T15:00:00+09:00,J4,417,414,831
2019-10-23T15:00:00+09:00,J5,295,240,535
2019-10-23T15:15:00+09:00,J1,742,677,1419
2019-10-23T15:15:00+09:00,J2,438,417,855
2019-10-23T15:15:00+09:00,J3,859,749,1608
2019-10-23T15:15:00+09:00,J4,468,486,954
2019-10-23T15:15:00+09:00,J5,273,201,474
2019-10-23T15:30:00+09:00,J1,647,663,1310
2019-10-23T15:30:00+09:00,J2,440,452,892
2019-10-23T15:30:00+09:00,J3,846,836,1682
2019-10-23T15:30:00+09:00,J4,502,542,1044
2019-10-23T15:30:00+09:00,J5,264,259,523
2019-10-23T15:45:00+09:00,J1,611,617,1228
2019-10-23T15:45:00+09:00,J2,395,345,740
2019-10-23T15:45:00+09:00,J3,866,734,1600
2019-10-23T15:45:00+09:00,J4,496,510,1006
2019-10-23T15:45:00+09:00,J5,306,282,588
2019-10-23T16:00:00+09:00,J1,615,641,1256
2019-10-23T16:00:00+09:00,J2,431,442,873
2019-10-23T16:00:00+09:00,J3,836,784,1620
2019-10-23T16:00:00+09:00,J4,495,476,971
2019-10-23T16:00:00+09:00,J5,387,400,787
2019-10-23T16:15:00+09:00,J1,655,715,1370
2019-10-23T16:15:00+09:00,J2,430,435,865
2019-10-23T16:15:00+09:00,J3,822,747,1569
2019-10-23T16:15:00+09:00,J4,474,516,990
2019-10-23T16:15:00+09:00,J5,277,290,567
2019-10-23T16:30:00+09:00,J1,733,713,1446
2019-10-23T16:30:00+09:00,J2,491,497,988
2019-10-23T16:30:00+09:00,J3,804,753,1557
2019-10-23T16:30:00+09:00,J4,533,506,1039
2019-10-23T16:30:00+09:00,J5,288,270,558
2019-10-23T16:45:00+09:00,J1,741,678,1419
2019-10-23T16:45:00+09:00,J2,528,553,1081
2019-10-23T16:45:00+09:00,J3,871,761,1632
2019-10-23T16:45:00+09:00,J4,472,455,927
2019-10-23T16:45:00+09:00,J5,295,252,547
2019-10-23T17:00:00+09:00,J1,853,897,1750
2019-10-23T17:00:00+09:00,J2,559,627,1186
2019-10-23T17:00:00+09:00,J3,913,845,1758
2019-10-23T17:00:00+09:00,J4,605,467,1072
2019-10-23T17:00:00+09:00,J5,299,309,608
2019-10-23T17:15:00+09:00,J1,946,888,1834
2019-10-23T17:15:00+09:00,J2,542,634,1176
2019-10-23T17:15:00+09:00,J3,931,899,1830
2019-10-23T17:15:00+09:00,J4,572,454,1026
2019-10-23T17:15:00+09:00,J5,291,333,624
2019-10-23T17:30:00+09:00,J1,870,952,1822
2019-10-23T17:30:00+09:00,J2,590,634,1224
2019-10-23T17:30:00+09:00,J3,1003,922,1925
2019-10-23T17:30:00+09:00,J4,703,506,1209
2019-10-23T17:30:00+09:00,J5,302,337,639
2019-10-23T17:45:00+09:00,J1,872,951,1823
2019-10-23T17:45:00+09:00,J2,609,639,1248
2019-10-23T17:45:00+09:00,J3,998,949,1947
2019-10-23T17:45:00+09:00,J4,723,486,1209
2019-10-23T17:45:00+09:00,J5,392,400,792
2019-10-23T18:00:00+09:00,J1,912,992,1904
2019-10-23T18:00:00+09:00,J2,638,649,1287
2019-10-23T18:00:00+09:00,J3,1104,919,2023
2019-10-23T18:00:00+09:00,J4,808,588,1396
2019-10-23T18:00:00+09:00,J5,559,514,1073
2019-10-23T18:15:00+09:00,J1,782,848,1630
2019-10-23T18:15:00+09:00,J2,607,664,1271
2019-10-23T18:15:00+09:00,J3,1036,906,1942
2019-10-23T18:15:00+09:00,J4,765,528,1293
2019-10-23T18:15:00+09:00,J5,401,446,847
2019-10-23T18:30:00+09:00,J1,800,769,1569
2019-10-23T18:30:00+09:00,J2,544,595,1139
2019-10-23T18:30:00+09:00,J3,929,855,1784
2019-10-23T18:30:00+09:00,J4,669,554,1223
2019-10-23T18:30:00+09:00,J5,379,437,816
2019-10-23T18:45:00+09:00,J1,801,762,1563
2019-10-23T18:45:00+09:00,J2,513,535,1048
2019-10-23T18:45:00+09:00,J3,904,718,1622
2019-10-23T18:45:00+09:00,J4,692,560,1252
2019-10-23T18:45:00+09:00,J5,496,447,943
2019-10-23T19:00:00+09:00,J1,750,808,1558
2019-10-23T19:00:00+09:00,J2,469,517,986
2019-10-23T19:00:00+09:00,J3,790,728,1518
2019-10-23T19:00:00+09:00,J4,713,711,1424
2019-10-23T19:00:00+09:00,J5,584,572,1156
2019-10-23T19:15:00+09:00,J1,804,854,1658
2019-10-23T19:15:00+09:00,J2,456,552,1008
2019-10-23T19:15:00+09:00,J3,815,704,1519
2019-10-23T19:15:00+09:00,J4,754,688,1442
2019-10-23T19:15:00+09:00,J5,607,693,1300
2019-10-23T19:30:00+09:00,J1,814,821,1635
2019-10-23T19:30:00+09:00,J2,424,421,845
2019-10-23T19:30:00+09:00,J3,726,622,1348
2019-10-23T19:30:00+09:00,J4,755,680,1435
2019-10-23T19:30:00+09:00,J5,686,733,1419
2019-10-23T19:45:00+09:00,J1,690,752,1442
2019-10-23T19:45:00+09:00,J2,381,460,841
2019-10-23T19:45:00+09:00,J3,649,630,1279
2019-10-23T19:45:00+09:00,J4,770,716,1486
2019-10-23T19:45:00+09:00,J5,618,748,1366
2019-10-23T20:00:00+09:00,J1,770,776,1546
2019-10-23T20:00:00+09:00,J2,389,438,827
2019-10-23T20:00:00+09:00,J3,673,674,1347
2019-10-23T20:00:00+09:00,J4,830,719,1549
2019-10-23T20:00:00+09:00,J5,657,722,1379
2019-10-23T20:15:00+09:00,J1,786,805,1591
2019-10-23T20:15:00+09:00,J2,407,442,849
2019-10-23T20:15:00+09:00,J3,693,606,1299
2019-10-23T20:15:00+09:00,J4,867,684,1551
2019-10-23T20:15:00+09:00,J5,667,713,1380
2019-10-23T20:30:00+09:00,J1,788,818,1606
2019-10-23T20:30:00+09:00,J2,416,417,833
2019-10-23T20:30:00+09:00,J3,685,544,1229
2019-10-23T20:30:00+09:00,J4,847,653,1500
2019-10-23T20:30:00+09:00,J5,674,703,1377
2019-10-23T20:45:00+09:00,J1,714,784,1498
2019-10-23T20:45:00+09:00,J2,336,359,695
2019-10-23T20:45:00+09:00,J3,625,531,1156
2019-10-23T20:45:00+09:00,J4,843,747,1590
2019-10-23T20:45:00+09:00,J5,553,612,1165
2019-10-23T21:00:00+09:00,J1,737,862,1599
2019-10-23T21:00:00+09:00,J2,360,387,747
2019-10-23T21:00:00+09:00,J3,495,486,981
2019-10-23T21:00:00+09:00,J4,904,745,1649
2019-10-23T21:00:00+09:00,J5,496,617,1113
2019-10-23T21:15:00+09:00,J1,792,852,1644
2019-10-23T21:15:00+09:00,J2,383,349,732
2019-10-23T21:15:00+09:00,J3,546,521,1067
2019-10-23T21:15:00+09:00,J4,877,682,1559
2019-10-23T21:15:00+09:00,J5,442,513,955
2019-10-23T21:30:00+09:00,J1,736,887,1623
2019-10-23T21:30:00+09:00,J2,424,395,819
2019-10-23T21:30:00+09:00,J3,536,480,1016
2019-10-23T21:30:00+09:00,J4,944,745,1689
2019-10-23T21:30:00+09:00,J5,445,434,879
2019-10-23T21:45:00+09:00,J1,751,821,1572
2019-10-23T21:45:00+09:00,J2,381,410,791
2019-10-23T21:45:00+09:00,J3,471,470,941
2019-10-23T21:45:00+09:00,J4,891,836,1727
2019-10-23T21:45:00+09:00,J5,383,410,793
2019-10-23T22:00:00+09:00,J1,754,784,1538
2019-10-23T22:00:00+09:00,J2,483,502,985
2019-10-23T22:00:00+09:00,J3,515,401,916
2019-10-23T22:00:00+09:00,J4,825,707,1532
2019-10-23T22:00:00+09:00,J5,386,362,748
2019-10-23T22:15:00+09:00,J1,689,763,1452
2019-10-23T22:15:00+09:00,J2,517,468,985
2019-10-23T22:15:00+09:00,J3,484,436,920
2019-10-23T22:15:00+09:00,J4,780,805,1585
2019-10-23T22:15:00+09:00,J5,338,355,693
2019-10-23T22:30:00+09:00,J1,707,744,1451
2019-10-23T22:30:00+09:00,J2,486,521,1007
2019-10-23T22:30:00+09:00,J3,466,443,909
2019-10-23T22:30:00+09:00,J4,855,818,1673
2019-10-23T22:30:00+09:00,J5,396,454,850
2019-10-23T22:45:00+09:00,J1,677,674,1351
2019-10-23T22:45:00+09:00,J2,577,508,1085
2019-10-23T22:45:00+09:00,J3,514,462,976
2019-10-23T22:45:00+09:00,J4,815,767,1582
2019-10-23T22:45:00+09:00,J5,377,371,748
2019-10-23T23:00:00+09:00,J1,662,646,1308
2019-10-23T23:00:00+09:00,J2,533,483,1016
2019-10-23T23:00:00+09:00,J3,456,431,887
2019-10-23T23:00:00+09:00,J4,773,761,1534
2019-10-23T23:00:00+09:00,J5,146,166,312
2019-10-23T23:15:00+09:00,J1,587,713,1300
2019-10-23T23:15:00+09:00,J2,569,492,1061
2019-10-23T23:15:00+09:00,J3,433,459,892
2019-10-23T23:15:00+09:00,J4,851,783,1634
2019-10-23T23:15:00+09:00,J5,166,185,351
2019-10-23T23:30:00+09:00,J1,624,686,1310
2019-10-23T23:30:00+09:00,J2,474,411,885
2019-10-23T23:30:00+09:00,J3,426,497,923
2019-10-23T23:30:00+09:00,J4,751,630,1381
2019-10-23T23:30:00+09:00,J5,195,154,349
2019-10-23T23:45:00+09:00,J1,480,563,1043
2019-10-23T23:45:00+09:00,J2,534,484,1018
2019-10-23T23:45:00+09:00,J3,452,427,879
2019-10-23T23:45:00+09:00,J4,778,694,1472
2019-10-23T23:45:00+09:00,J5,189,181,370
2019-10-24T00:00:00+09:00,J1,528,608,1136
2019-10-24T00:00:00+09:00,J2,591,464,1055
2019-10-24T00:00:00+09:00,J3,395,358,753
2019-10-24T00:00:00+09:00,J4,810,691,1501
2019-10-24T00:00:00+09:00,J5,166,162,328
2019-10-24T00:15:00+09:00,J1,324,311,635
2019-10-24T00:15:00+09:00,J2,624,519,1143
2019-10-24T00:15:00+09:00,J3,412,298,710
2019-10-24T00:15:00+09:00,J4,664,615,1279
2019-10-24T00:15:00+09:00,J5,196,209,405
2019-10-24T00:30:00+09:00,J1,268,226,494
2019-10-24T00:30:00+09:00,J2,436,363,799
2019-10-24T00:30:00+09:00,J3,358,298,656
2019-10-24T00:30:00+09:00,J4,445,449,894
2019-10-24T00:30:00+09:00,J5,260,293,553
2019-10-24T00:45:00+09:00,J1,199,230,429
2019-10-24T00:45:00+09:00,J2,379,300,679
2019-10-24T00:45:00+09:00,J3,432,340,772
2019-10-24T00:45:00+09:00,J4,408,405,813
2019-10-24T00:45:00+09:00,J5,238,269,507
2019-10-24T05:45:00+09:00,J1,368,389,757
2019-10-24T05:45:00+09:00,J2,464,464,928
2019-10-24T05:45:00+09:00,J3,481,489,970
2019-10-24T05:45:00+09:00,J4,628,649,1277
2019-10-24T05:45:00+09:00,J5,257,311,568
2019-10-24T06:00:00+09:00,J1,423,361,784
2019-10-24T06:00:00+09:00,J2,606,534,1140
2019-10-24T06:00:00+09:00,J3,504,429,933
2019-10-24T06:00:00+09:00,J4,519,515,1034
2019-10-24T06:00:00+09:00,J5,282,348,630
2019-10-24T06:15:00+09:00,J1,520,442,962
2019-10-24T06:15:00+09:00,J2,621,545,1166
2019-10-24T06:15:00+09:00,J3,494,481,975
2019-10-24T06:15:00+09:00,J4,636,616,1252
2019-10-24T06:15:00+09:00,J5,276,384,660
2019-10-24T06:30:00+09:00,J1,500,471,971
2019-10-24T06:30:00+09:00,J2,537,488,1025
2019-10-24T06:30:00+09:00,J3,416,485,901
2019-10-24T06:30:00+09:00,J4,526,555,1081
2019-10-24T06:30:00+09:00,J5,331,384,715
2019-10-24T06:45:00+09:00,J1,571,542,1113
2019-10-24T06:45:00+09:00,J2,571,466,1037
2019-10-24T06:45:00+09:00,J3,457,445,902
2019-10-24T06:45:00+09:00,J4,631,664,1295
2019-10-24T06:45:00+09:00,J5,400,436,836
2019-10-24T07:00:00+09:00,J1,643,594,1237
2019-10-24T07:00:00+09:00,J2,616,556,1172
2019-10-24T07:00:00+09:00,J3,419,495,914
2019-10-24T07:00:00+09:00,J4,671,686,1357
2019-10-24T07:00:00+09:00,J5,475,391,866
2019-10-24T07:15:00+09:00,J1,698,650,1348
2019-10-24T07:15:00+09:00,J2,651,569,1220
2019-10-24T07:15:00+09:00,J3,527,480,1007
2019-10-24T07:15:00+09:00,J4,775,815,1590
2019-10-24T07:15:00+09:00,J5,414,496,910
2019-10-24T07:30:00+09:00,J1,714,555,1269
2019-10-24T07:30:00+09:00,J2,593,451,1044
2019-10-24T07:30:00+09:00,J3,550,532,1082
2019-10-24T07:30:00+09:00,J4,791,903,1694
2019-10-24T07:30:00+09:00,J5,296,335,631
2019-10-24T07:45:00+09:00,J1,853,713,1566
2019-10-24T07:45:00+09:00,J2,613,435,1048
2019-10-24T07:45:00+09:00,J3,633,721,1354
2019-10-24T07:45:00+09:00,J4,955,1073,2028
2019-10-24T07:45:00+09:00,J5,499,465,964
2019-10-24T08:00:00+09:00,J1,1006,869,1875
2019-10-24T08:00:00+09:00,J2,747,467,1214
2019-10-24T08:00:00+09:00,J3,800,929,1729
2019-10-24T08:00:00+09:00,J4,977,1201,2178
2019-10-24T08:00:00+09:00,J5,532,574,1106
2019-10-24T08:15:00+09:00,J1,1151,759,1910
2019-10-24T08:15:00+09:00,J2,1040,614,1654
2019-10-24T08:15:00+09:00,J3,831,1055,1886
2019-10-24T08:15:00+09:00,J4,834,1178,2012
2019-10-24T08:15:00+09:00,J5,516,561,1077
2019-10-24T08:30:00+09:00,J1,1049,788,1837
2019-10-24T08:30:00+09:00,J2,1026,641,1667
2019-10-24T08:30:00+09:00,J3,790,1090,1880
2019-10-24T08:30:00+09:00,J4,788,1111,1899
2019-10-24T08:30:00+09:00,J5,582,597,1179
2019-10-24T08:45:00+09:00,J1,877,662,1539
2019-10-24T08:45:00+09:00,J2,733,481,1214
2019-10-24T08:45:00+09:00,J3,678,883,1561
2019-10-24T08:45:00+09:00,J4,709,920,1629
2019-10-24T08:45:00+09:00,J5,509,567,1076
2019-10-24T09:00:00+09:00,J1,816,645,1461
2019-10-24T09:00:00+09:00,J2,616,410,1026
2019-10-24T09:00:00+09:00,J3,734,711,1445
2019-10-24T09:00:00+09:00,J4,677,833,1510
2019-10-24T09:00:00+09:00,J5,486,497,983
2019-10-24T09:15:00+09:00,J1,670,520,1190
2019-10-24T09:15:00+09:00,J2,565,367,932
2019-10-24T09:15:00+09:00,J3,669,740,1409
2019-10-24T09:15:00+09:00,J4,646,766,1412
2019-10-24T09:15:00+09:00,J5,463,452,915
2019-10-24T09:30:00+09:00,J1,679,503,1182
2019-10-24T09:30:00+09:00,J2,601,443,1044
2019-10-24T09:30:00+09:00,J3,650,698,1348
2019-10-24T09:30:00+09:00,J4,676,761,1437
2019-10-24T09:30:00+09:00,J5,327,331,658
2019-10-24T09:45:00+09:00,J1,640,560,1200
2019-10-24T09:45:00+09:00,J2,498,386,884
2019-10-24T09:45:00+09:00,J3,618,627,1245
2019-10-24T09:45:00+09:00,J4,638,726,1364
2019-10-24T09:45:00+09:00,J5,246,254,500
2019-10-24T10:00:00+09:00,J1,593,562,1155
2019-10-24T10:00:00+09:00,J2,389,344,733
2019-10-24T10:00:00+09:00,J3,570,598,1168
2019-10-24T10:00:00+09:00,J4,696,678,1374
2019-10-24T10:00:00+09:00,J5,210,230,440
2019-10-24T10:15:00+09:00,J1,591,494,1085
2019-10-24T10:15:00+09:00,J2,525,432,957
2019-10-24T10:15:00+09:00,J3,556,601,1157
2019-10-24T10:15:00+09:00,J4,696,723,1419
2019-10-24T10:15:00+09:00,J5,188,208,396
2019-10-24T10:30:00+09:00,J1,537,529,1066
2019-10-24T10:30:00+09:00,J2,650,465,1115
2019-10-24T10:30:00+09:00,J3,612,559,1171
2019-10-24T10:30:00+09:00,J4,824,794,1618
2019-10-24T10:30:00+09:00,J5,206,209,415
2019-10-24T10:45:00+09:00,J1,605,552,1157
2019-10-24T10:45:00+09:00,J2,679,591,1270
2019-10-24T10:45:00+09:00,J3,642,558,1200
2019-10-24T10:45:00+09:00,J4,727,798,1525
2019-10-24T10:45:00+09:00,J5,259,208,467
2019-10-24T11:00:00+09:00,J1,565,563,1128
2019-10-24T11:00:00+09:00,J2,708,585,1293
2019-10-24T11:00:00+09:00,J3,603,544,1147
2019-10-24T11:00:00+09:00,J4,773,826,1599
2019-10-24T11:00:00+09:00,J5,197,188,385
2019-10-24T11:15:00+09:00,J1,631,695,1326
2019-10-24T11:15:00+09:00,J2,768,628,1396
2019-10-24T11:15:00+09:00,J3,655,629,1284
2019-10-24T11:15:00+09:00,J4,691,793,1484
2019-10-24T11:15:00+09:00,J5,198,173,371
2019-10-24T11:30:00+09:00,J1,630,643,1273
2019-10-24T11:30:00+09:00,J2,730,600,1330
2019-10-24T11:30:00+09:00,J3,637,629,1266
2019-10-24T11:30:00+09:00,J4,683,699,1382
2019-10-24T11:30:00+09:00,J5,197,228,425
2019-10-24T11:45:00+09:00,J1,638,649,1287
2019-10-24T11:45:00+09:00,J2,829,557,1386
2019-10-24T11:45:00+09:00,J3,639,626,1265
2019-10-24T11:45:00+09:00,J4,728,702,1430
2019-10-24T11:45:00+09:00,J5,188,216,404
2019-10-24T12:00:00+09:00,J1,558,656,1214
2019-10-24T12:00:00+09:00,J2,665,534,1199
2019-10-24T12:00:00+09:00,J3,665,596,1261
2019-10-24T12:00:00+09:00,J4,657,717,1374
2019-10-24T12:00:00+09:00,J5,284,251,535
2019-10-24T12:15:00+09:00,J1,516,532,1048
2019-10-24T12:15:00+09:00,J2,721,587,1308
2019-10-24T12:15:00+09:00,J3,690,649,1339
2019-10-24T12:15:00+09:00,J4,566,654,1220
2019-10-24T12:15:00+09:00,J5,255,228,483
2019-10-24T12:30:00+09:00,J1,497,590,1087
2019-10-24T12:30:00+09:00,J2,727,606,1333
2019-10-24T12:30:00+09:00,J3,677,760,1437
2019-10-24T12:30:00+09:00,J4,592,626,1218
2019-10-24T12:30:00+09:00,J5,206,198,404
2019-10-24T12:45:00+09:00,J1,474,602,1076
2019-10-24T12:45:00+09:00,J2,634,543,1177
2019-10-24T12:45:00+09:00,J3,705,736,1441
2019-10-24T12:45:00+09:00,J4,681,712,1393
2019-10-24T12:45:00+09:00,J5,226,225,451
2019-10-24T13:00:00+09:00,J1,474,517,991
2019-10-24T13:00:00+09:00,J2,600,497,1097
2019-10-24T13:00:00+09:00,J3,716,702,1418
2019-10-24T13:00:00+09:00,J4,547,597,1144
2019-10-24T13:00:00+09:00,J5,195,212,407
2019-10-24T13:15:00+09:00,J1,483,522,1005
2019-10-24T13:15:00+09:00,J2,612,496,1108
2019-10-24T13:15:00+09:00,J3,718,701,1419
2019-10-24T13:15:00+09:00,J4,503,547,1050
2019-10-24T13:15:00+09:00,J5,172,197,369
2019-10-24T13:30:00+09:00,J1,524,512,1036
2019-10-24T13:30:00+09:00,J2,582,482,1064
2019-10-24T13:30:00+09:00,J3,689,738,1427
2019-10-24T13:30:00+09:00,J4,501,534,1035
2019-10-24T13:30:00+09:00,J5,215,175,390
2019-10-24T13:45:00+09:00,J1,471,559,1030
2019-10-24T13:45:00+09:00,J2,552,500,1052
2019-10-24T13:45:00+09:00,J3,662,786,1448
2019-10-24T13:45:00+09:00,J4,440,522,962
2019-10-24T13:45:00+09:00,J5,189,207,396
2019-10-24T14:00:00+09:00,J1,507,546,1053
2019-10-24T14:00:00+09:00,J2,569,530,1099
2019-10-24T14:00:00+09:00,J3,675,707,1382
2019-10-24T14:00:00+09:00,J4,535,565,1100
2019-10-24T14:00:00+09:00,J5,208,181,389
2019-10-24T14:15:00+09:00,J1,472,519,991
2019-10-24T14:15:00+09:00,J2,515,426,941
2019-10-24T14:15:00+09:00,J3,735,774,1509
2019-10-24T14:15:00+09:00,J4,528,537,1065
2019-10-24T14:15:00+09:00,J5,215,220,435
2019-10-24T14:30:00+09:00,J1,460,509,969
2019-10-24T14:30:00+09:00,J2,558,423,981
2019-10-24T14:30:00+09:00,J3,717,798,1515
2019-10-24T14:30:00+09:00,J4,527,521,1048
2019-10-24T14:30:00+09:00,J5,227,215,442
2019-10-24T14:45:00+09:00,J1,458,496,954
2019-10-24T14:45:00+09:00,J2,515,452,967
2019-10-24T14:45:00+09:00,J3,721,718,1439
2019-10-24T14:45:00+09:00,J4,462,507,969
2019-10-24T14:45:00+09:00,J5,224,189,413
2019-10-24T15:00:00+09:00,J1,479,553,1032
2019-10-24T15:00:00+09:00,J2,529,469,998
2019-10-24T15:00:00+09:00,J3,733,764,1497
2019-10-24T15:00:00+09:00,J4,440,585,1025
2019-10-24T15:00:00+09:00,J5,227,202,429
2019-10-24T15:15:00+09:00,J1,458,540,998
2019-10-24T15:15:00+09:00,J2,514,465,979
2019-10-24T15:15:00+09:00,J3,768,795,1563
2019-10-24T15:15:00+09:00,J4,463,532,995
2019-10-24T15:15:00+09:00,J5,183,168,351
2019-10-24T15:30:00+09:00,J1,466,508,974
2019-10-24T15:30:00+09:00,J2,523,524,1047
2019-10-24T15:30:00+09:00,J3,758,748,1506
2019-10-24T15:30:00+09:00,J4,496,564,1060
2019-10-24T15:30:00+09:00,J5,273,210,483
2019-10-24T15:45:00+09:00,J1,449,524,973
2019-10-24T15:45:00+09:00,J2,531,482,1013
2019-10-24T15:45:00+09:00,J3,735,827,1562
2019-10-24T15:45:00+09:00,J4,483,560,1043
2019-10-24T15:45:00+09:00,J5,210,194,404
2019-10-24T16:00:00+09:00,J1,494,581,1075
2019-10-24T16:00:00+09:00,J2,488,488,976
2019-10-24T16:00:00+09:00,J3,744,785,1529
2019-10-24T16:00:00+09:00,J4,530,542,1072
2019-10-24T16:00:00+09:00,J5,204,187,391
2019-10-24T16:15:00+09:00,J1,497,553,1050
2019-10-24T16:15:00+09:00,J2,515,476,991
2019-10-24T16:15:00+09:00,J3,743,810,1553
2019-10-24T16:15:00+09:00,J4,528,625,1153
2019-10-24T16:15:00+09:00,J5,216,232,448
2019-10-24T16:30:00+09:00,J1,507,619,1126
2019-10-24T16:30:00+09:00,J2,467,467,934
2019-10-24T16:30:00+09:00,J3,705,803,1508
2019-10-24T16:30:00+09:00,J4,564,667,1231
2019-10-24T16:30:00+09:00,J5,210,185,395
2019-10-24T16:45:00+09:00,J1,467,625,1092
2019-10-24T16:45:00+09:00,J2,479,483,962
2019-10-24T16:45:00+09:00,J3,789,803,1592
2019-10-24T16:45:00+09:00,J4,569,605,1174
2019-10-24T16:45:00+09:00,J5,208,194,402
2019-10-24T17:00:00+09:00,J1,617,703,1320
2019-10-24T17:00:00+09:00,J2,581,624,1205
2019-10-24T17:00:00+09:00,J3,910,871,1781
2019-10-24T17:00:00+09:00,J4,573,652,1225
2019-10-24T17:00:00+09:00,J5,252,218,470
2019-10-24T17:15:00+09:00,J1,591,741,1332
2019-10-24T17:15:00+09:00,J2,559,631,1190
2019-10-24T17:15:00+09:00,J3,928,825,1753
2019-10-24T17:15:00+09:00,J4,709,594,1303
2019-10-24T17:15:00+09:00,J5,303,302,605
2019-10-24T17:30:00+09:00,J1,705,760,1465
2019-10-24T17:30:00+09:00,J2,618,620,1238
2019-10-24T17:30:00+09:00,J3,981,857,1838
2019-10-24T17:30:00+09:00,J4,724,653,1377
2019-10-24T17:30:00+09:00,J5,279,313,592
2019-10-24T17:45:00+09:00,J1,701,793,1494
2019-10-24T17:45:00+09:00,J2,632,602,1234
2019-10-24T17:45:00+09:00,J3,996,842,1838
2019-10-24T17:45:00+09:00,J4,745,680,1425
2019-10-24T17:45:00+09:00,J5,293,345,638
2019-10-24T18:00:00+09:00,J1,732,854,1586
2019-10-24T18:00:00+09:00,J2,605,598,1203
2019-10-24T18:00:00+09:00,J3,1067,776,1843
2019-10-24T18:00:00+09:00,J4,877,739,1616
2019-10-24T18:00:00+09:00,J5,304,348,652
2019-10-24T18:15:00+09:00,J1,680,838,1518
2019-10-24T18:15:00+09:00,J2,630,601,1231
2019-10-24T18:15:00+09:00,J3,1033,700,1733
2019-10-24T18:15:00+09:00,J4,800,741,1541
2019-10-24T18:15:00+09:00,J5,330,318,648
2019-10-24T18:30:00+09:00,J1,582,699,1281
2019-10-24T18:30:00+09:00,J2,675,598,1273
2019-10-24T18:30:00+09:00,J3,906,655,1561
2019-10-24T18:30:00+09:00,J4,770,726,1496
2019-10-24T18:30:00+09:00,J5,308,314,622
2019-10-24T18:45:00+09:00,J1,623,737,1360
2019-10-24T18:45:00+09:00,J2,731,621,1352
2019-10-24T18:45:00+09:00,J3,831,620,1451
2019-10-24T18:45:00+09:00,J4,827,743,1570
2019-10-24T18:45:00+09:00,J5,305,307,612
2019-10-24T19:00:00+09:00,J1,617,678,1295
2019-10-24T19:00:00+09:00,J2,507,492,999
2019-10-24T19:00:00+09:00,J3,804,638,1442
2019-10-24T19:00:00+09:00,J4,786,775,1561
2019-10-24T19:00:00+09:00,J5,296,276,572
2019-10-24T19:15:00+09:00,J1,683,766,1449
2019-10-24T19:15:00+09:00,J2,443,444,887
2019-10-24T19:15:00+09:00,J3,752,608,1360
2019-10-24T19:15:00+09:00,J4,835,772,1607
2019-10-24T19:15:00+09:00,J5,286,257,543
2019-10-24T19:30:00+09:00,J1,670,759,1429
2019-10-24T19:30:00+09:00,J2,421,469,890
2019-10-24T19:30:00+09:00,J3,673,593,1266
2019-10-24T19:30:00+09:00,J4,870,842,1712
2019-10-24T19:30:00+09:00,J5,257,264,521
2019-10-24T19:45:00+09:00,J1,680,669,1349
2019-10-24T19:45:00+09:00,J2,405,421,826
2019-10-24T19:45:00+09:00,J3,617,512,1129
2019-10-24T19:45:00+09:00,J4,866,795,1661
2019-10-24T19:45:00+09:00,J5,222,260,482
2019-10-24T20:00:00+09:00,J1,626,720,1346
2019-10-24T20:00:00+09:00,J2,404,412,816
2019-10-24T20:00:00+09:00,J3,621,516,1137
2019-10-24T20:00:00+09:00,J4,863,779,1642
2019-10-24T20:00:00+09:00,J5,208,225,433
2019-10-24T20:15:00+09:00,J1,638,706,1344
2019-10-24T20:15:00+09:00,J2,462,416,878
2019-10-24T20:15:00+09:00,J3,666,496,1162
2019-10-24T20:15:00+09:00,J4,831,795,1626
2019-10-24T20:15:00+09:00,J5,209,213,422
2019-10-24T20:30:00+09:00,J1,655,732,1387
2019-10-24T20:30:00+09:00,J2,404,407,811
2019-10-24T20:30:00+09:00,J3,627,505,1132
2019-10-24T20:30:00+09:00,J4,783,671,1454
2019-10-24T20:30:00+09:00,J5,202,243,445
2019-10-24T20:45:00+09:00,J1,603,677,1280
2019-10-24T20:45:00+09:00,J2,456,421,877
2019-10-24T20:45:00+09:00,J3,568,491,1059
2019-10-24T20:45:00+09:00,J4,712,680,1392
2019-10-24T20:45:00+09:00,J5,185,166,351
2019-10-24T21:00:00+09:00,J1,651,718,1369
2019-10-24T21:00:00+09:00,J2,377,349,726
2019-10-24T21:00:00+09:00,J3,518,424,942
2019-10-24T21:00:00+09:00,J4,844,814,1658
2019-10-24T21:00:00+09:00,J5,201,217,418
2019-10-24T21:15:00+09:00,J1,635,675,1310
2019-10-24T21:15:00+09:00,J2,351,325,676
2019-10-24T21:15:00+09:00,J3,494,435,929
2019-10-24T21:15:00+09:00,J4,845,848,1693
2019-10-24T21:15:00+09:00,J5,172,178,350
2019-10-24T21:30:00+09:00,J1,580,661,1241
2019-10-24T21:30:00+09:00,J2,333,332,665
2019-10-24T21:30:00+09:00,J3,508,333,841
2019-10-24T21:30:00+09:00,J4,796,749,1545
2019-10-24T21:30:00+09:00,J5,180,182,362
2019-10-24T21:45:00+09:00,J1,560,621,1181
2019-10-24T21:45:00+09:00,J2,338,332,670
2019-10-24T21:45:00+09:00,J3,497,374,871
2019-10-24T21:45:00+09:00,J4,808,763,1571
2019-10-24T21:45:00+09:00,J5,192,191,383
2019-10-24T22:00:00+09:00,J1,547,551,1098
2019-10-24T22:00:00+09:00,J2,334,320,654
2019-10-24T22:00:00+09:00,J3,478,380,858
2019-10-24T22:00:00+09:00,J4,846,728,1574
2019-10-24T22:00:00+09:00,J5,154,212,366
2019-10-24T22:15:00+09:00,J1,534,549,1083
2019-10-24T22:15:00+09:00,J2,332,338,670
2019-10-24T22:15:00+09:00,J3,449,388,837
2019-10-24T22:15:00+09:00,J4,853,777,1630
2019-10-24T22:15:00+09:00,J5,168,186,354
2019-10-24T22:30:00+09:00,J1,520,556,1076
2019-10-24T22:30:00+09:00,J2,331,358,689
2019-10-24T22:30:00+09:00,J3,495,401,896
2019-10-24T22:30:00+09:00,J4,801,762,1563
2019-10-24T22:30:00+09:00,J5,156,192,348
2019-10-24T22:45:00+09:00,J1,474,544,1018
2019-10-24T22:45:00+09:00,J2,308,274,582
2019-10-24T22:45:00+09:00,J3,508,404,912
2019-10-24T22:45:00+09:00,J4,766,682,1448
2019-10-24T22:45:00+09:00,J5,188,187,375
2019-10-24T23:00:00+09:00,J1,502,526,1028
2019-10-24T23:00:00+09:00,J2,352,318,670
2019-10-24T23:00:00+09:00,J3,530,418,948
2019-10-24T23:00:00+09:00,J4,690,698,1388
2019-10-24T23:00:00+09:00,J5,170,184,354
2019-10-24T23:15:00+09:00,J1,501,545,1046
2019-10-24T23:15:00+09:00,J2,309,348,657
2019-10-24T23:15:00+09:00,J3,516,367,883
2019-10-24T23:15:00+09:00,J4,671,621,1292
2019-10-24T23:15:00+09:00,J5,191,206,397
2019-10-24T23:30:00+09:00,J1,412,484,896
2019-10-24T23:30:00+09:00,J2,382,430,812
2019-10-24T23:30:00+09:00,J3,468,385,853
2019-10-24T23:30:00+09:00,J4,609,586,1195
2019-10-24T23:30:00+09:00,J5,240,276,516
2019-10-24T23:45:00+09:00,J1,458,439,897
2019-10-24T23:45:00+09:00,J2,394,352,746
2019-10-24T23:45:00+09:00,J3,495,368,863
2019-10-24T23:45:00+09:00,J4,582,564,1146
2019-10-24T23:45:00+09:00,J5,242,283,525
2019-10-25T00:00:00+09:00,J1,356,351,707
2019-10-25T00:00:00+09:00,J2,482,418,900
2019-10-25T00:00:00+09:00,J3,425,362,787
2019-10-25T00:00:00+09:00,J4,507,524,1031
2019-10-25T00:00:00+09:00,J5,273,263,536
2019-10-25T00:15:00+09:00,J1,312,318,630
2019-10-25T00:15:00+09:00,J2,446,374,820
2019-10-25T00:15:00+09:00,J3,407,385,792
2019-10-25T00:15:00+09:00,J4,543,568,1111
2019-10-25T00:15:00+09:00,J5,299,314,613
2019-10-25T00:30:00+09:00,J1,206,283,489
2019-10-25T00:30:00+09:00,J2,496,390,886
2019-10-25T00:30:00+09:00,J3,353,416,769
2019-10-25T00:30:00+09:00,J4,487,495,982
2019-10-25T00:30:00+09:00,J5,296,343,639
2019-10-25T00:45:00+09:00,J1,203,272,475
2019-10-25T00:45:00+09:00,J2,511,381,892
2019-10-25T00:45:00+09:00,J3,354,436,790
2019-10-25T00:45:00+09:00,J4,423,447,870
2019-10-25T00:45:00+09:00,J5,333,321,654
2019-10-25T05:45:00+09:00,J1,327,353,680
2019-10-25T05:45:00+09:00,J2,350,273,623
2019-10-25T05:45:00+09:00,J3,475,419,894
2019-10-25T05:45:00+09:00,J4,488,467,955
2019-10-25T05:45:00+09:00,J5,271,276,547
2019-10-25T06:00:00+09:00,J1,271,265,536
2019-10-25T06:00:00+09:00,J2,441,394,835
2019-10-25T06:00:00+09:00,J3,494,428,922
2019-10-25T06:00:00+09:00,J4,496,524,1020
2019-10-25T06:00:00+09:00,J5,260,360,620
2019-10-25T06:15:00+09:00,J1,298,339,637
2019-10-25T06:15:00+09:00,J2,472,449,921
2019-10-25T06:15:00+09:00,J3,460,461,921
2019-10-25T06:15:00+09:00,J4,546,563,1109
2019-10-25T06:15:00+09:00,J5,302,406,708
2019-10-25T06:30:00+09:00,J1,427,423,850
2019-10-25T06:30:00+09:00,J2,434,458,892
2019-10-25T06:30:00+09:00,J3,402,421,823
2019-10-25T06:30:00+09:00,J4,569,540,1109
2019-10-25T06:30:00+09:00,J5,399,403,802
2019-10-25T06:45:00+09:00,J1,463,445,908
2019-10-25T06:45:00+09:00,J2,469,444,913
2019-10-25T06:45:00+09:00,J3,446,452,898
2019-10-25T06:45:00+09:00,J4,665,689,1354
2019-10-25T06:45:00+09:00,J5,380,395,775
2019-10-25T07:00:00+09:00,J1,506,463,969
2019-10-25T07:00:00+09:00,J2,438,468,906
2019-10-25T07:00:00+09:00,J3,420,447,867
2019-10-25T07:00:00+09:00,J4,707,778,1485
2019-10-25T07:00:00+09:00,J5,381,387,768
2019-10-25T07:15:00+09:00,J1,554,447,1001
2019-10-25T07:15:00+09:00,J2,505,429,934
2019-10-25T07:15:00+09:00,J3,405,528,933
2019-10-25T07:15:00+09:00,J4,777,756,1533
2019-10-25T07:15:00+09:00,J5,333,389,722
2019-10-25T07:30:00+09:00,J1,535,424,959
2019-10-25T07:30:00+09:00,J2,415,349,764
2019-10-25T07:30:00+09:00,J3,562,560,1122
2019-10-25T07:30:00+09:00,J4,831,887,1718
2019-10-25T07:30:00+09:00,J5,316,294,610
2019-10-25T07:45:00+09:00,J1,583,425,1008
2019-10-25T07:45:00+09:00,J2,450,357,807
2019-10-25T07:45:00+09:00,J3,681,662,1343
2019-10-25T07:45:00+09:00,J4,656,849,1505
2019-10-25T07:45:00+09:00,J5,301,261,562
2019-10-25T08:00:00+09:00,J1,845,639,1484
2019-10-25T08:00:00+09:00,J2,539,417,956
2019-10-25T08:00:00+09:00,J3,758,804,1562
2019-10-25T08:00:00+09:00,J4,740,1026,1766
2019-10-25T08:00:00+09:00,J5,341,338,679
2019-10-25T08:15:00+09:00,J1,991,628,1619
2019-10-25T08:15:00+09:00,J2,598,353,951
2019-10-25T08:15:00+09:00,J3,798,892,1690
2019-10-25T08:15:00+09:00,J4,814,1020,1834
2019-10-25T08:15:00+09:00,J5,394,366,760
2019-10-25T08:30:00+09:00,J1,979,638,1617
2019-10-25T08:30:00+09:00,J2,597,374,971
2019-10-25T08:30:00+09:00,J3,752,910,1662
2019-10-25T08:30:00+09:00,J4,918,1049,1967
2019-10-25T08:30:00+09:00,J5,405,385,790
2019-10-25T08:45:00+09:00,J1,719,586,1305
2019-10-25T08:45:00+09:00,J2,541,457,998
2019-10-25T08:45:00+09:00,J3,674,818,1492
2019-10-25T08:45:00+09:00,J4,814,921,1735
2019-10-25T08:45:00+09:00,J5,387,327,714
2019-10-25T09:00:00+09:00,J1,751,594,1345
2019-10-25T09:00:00+09:00,J2,598,488,1086
2019-10-25T09:00:00+09:00,J3,661,648,1309
2019-10-25T09:00:00+09:00,J4,750,808,1558
2019-10-25T09:00:00+09:00,J5,378,380,758
2019-10-25T09:15:00+09:00,J1,531,477,1008
2019-10-25T09:15:00+09:00,J2,597,513,1110
2019-10-25T09:15:00+09:00,J3,559,571,1130
2019-10-25T09:15:00+09:00,J4,741,842,1583
2019-10-25T09:15:00+09:00,J5,378,306,684
2019-10-25T09:30:00+09:00,J1,524,474,998
2019-10-25T09:30:00+09:00,J2,544,488,1032
2019-10-25T09:30:00+09:00,J3,581,624,1205
2019-10-25T09:30:00+09:00,J4,820,890,1710
2019-10-25T09:30:00+09:00,J5,332,324,656
2019-10-25T09:45:00+09:00,J1,505,501,1006
2019-10-25T09:45:00+09:00,J2,539,445,984
2019-10-25T09:45:00+09:00,J3,578,554,1132
2019-10-25T09:45:00+09:00,J4,727,797,1524
2019-10-25T09:45:00+09:00,J5,297,276,573
2019-10-25T10:00:00+09:00,J1,479,449,928
2019-10-25T10:00:00+09:00,J2,561,515,1076
2019-10-25T10:00:00+09:00,J3,536,556,1092
2019-10-25T10:00:00+09:00,J4,760,816,1576
2019-10-25T10:00:00+09:00,J5,253,241,494
2019-10-25T10:15:00+09:00,J1,476,506,982
2019-10-25T10:15:00+09:00,J2,585,450,1035
2019-10-25T10:15:00+09:00,J3,611,497,1108
2019-10-25T10:15:00+09:00,J4,780,820,1600
2019-10-25T10:15:00+09:00,J5,277,254,531
2019-10-25T10:30:00+09:00,J1,430,418,848
2019-10-25T10:30:00+09:00,J2,555,444,999
2019-10-25T10:30:00+09:00,J3,647,611,1258
2019-10-25T10:30:00+09:00,J4,793,833,1626
2019-10-25T10:30:00+09:00,J5,338,282,620
2019-10-25T10:45:00+09:00,J1,423,444,867
2019-10-25T10:45:00+09:00,J2,503,425,928
2019-10-25T10:45:00+09:00,J3,691,658,1349
2019-10-25T10:45:00+09:00,J4,733,804,1537
2019-10-25T10:45:00+09:00,J5,293,283,576
2019-10-25T11:00:00+09:00,J1,502,457,959
2019-10-25T11:00:00+09:00,J2,536,396,932
2019-10-25T11:00:00+09:00,J3,676,699,1375
2019-10-25T11:00:00+09:00,J4,753,815,1568
2019-10-25T11:00:00+09:00,J5,291,262,553
2019-10-25T11:15:00+09:00,J1,638,591,1229
2019-10-25T11:15:00+09:00,J2,531,435,966
2019-10-25T11:15:00+09:00,J3,789,799,1588
2019-10-25T11:15:00+09:00,J4,706,801,1507
2019-10-25T11:15:00+09:00,J5,280,220,500
2019-10-25T11:30:00+09:00,J1,596,647,1243
2019-10-25T11:30:00+09:00,J2,518,366,884
2019-10-25T11:30:00+09:00,J3,818,781,1599
2019-10-25T11:30:00+09:00,J4,627,767,1394
2019-10-25T11:30:00+09:00,J5,294,281,575
2019-10-25T11:45:00+09:00,J1,553,610,1163
2019-10-25T11:45:00+09:00,J2,541,414,955
2019-10-25T11:45:00+09:00,J3,730,623,1353
2019-10-25T11:45:00+09:00,J4,754,830,1584
2019-10-25T11:45:00+09:00,J5,283,310,593
2019-10-25T12:00:00+09:00,J1,602,675,1277
2019-10-25T12:00:00+09:00,J2,525,373,898
2019-10-25T12:00:00+09:00,J3,759,657,1416
2019-10-25T12:00:00+09:00,J4,772,811,1583
2019-10-25T12:00:00+09:00,J5,280,343,623
2019-10-25T12:15:00+09:00,J1,534,601,1135
2019-10-25T12:15:00+09:00,J2,550,372,922
2019-10-25T12:15:00+09:00,J3,740,655,1395
2019-10-25T12:15:00+09:00,J4,813,743,1556
2019-10-25T12:15:00+09:00,J5,290,291,581
2019-10-25T12:30:00+09:00,J1,533,709,1242
2019-10-25T12:30:00+09:00,J2,533,425,958
2019-10-25T12:30:00+09:00,J3,749,701,1450
2019-10-25T12:30:00+09:00,J4,727,715,1442
2019-10-25T12:30:00+09:00,J5,220,300,520
2019-10-25T12:45:00+09:00,J1,564,636,1200
2019-10-25T12:45:00+09:00,J2,530,391,921
2019-10-25T12:45:00+09:00,J3,775,668,1443
2019-10-25T12:45:00+09:00,J4,671,702,1373
2019-10-25T12:45:00+09:00,J5,294,309,603
2019-10-25T13:00:00+09:00,J1,501,621,1122
2019-10-25T13:00:00+09:00,J2,561,436,997
2019-10-25T13:00:00+09:00,J3,754,617,1371
2019-10-25T13:00:00+09:00,J4,666,586,1252
2019-10-25T13:00:00+09:00,J5,248,249,497
2019-10-25T13:15:00+09:00,J1,575,620,1195
2019-10-25T13:15:00+09:00,J2,581,441,1022
2019-10-25T13:15:00+09:00,J3,724,648,1372
2019-10-25T13:15:00+09:00,J4,683,666,1349
2019-10-25T13:15:00+09:00,J5,263,316,579
2019-10-25T13:30:00+09:00,J1,569,630,1199
2019-10-25T13:30:00+09:00,J2,471,321,792
2019-10-25T13:30:00+09:00,J3,718,695,1413
2019-10-25T13:30:00+09:00,J4,728,729,1457
2019-10-25T13:30:00+09:00,J5,230,279,509
2019-10-25T13:45:00+09:00,J1,562,707,1269
2019-10-25T13:45:00+09:00,J2,523,347,870
2019-10-25T13:45:00+09:00,J3,695,692,1387
2019-10-25T13:45:00+09:00,J4,626,666,1292
2019-10-25T13:45:00+09:00,J5,197,288,485
2019-10-25T14:00:00+09:00,J1,540,652,1192
2019-10-25T14:00:00+09:00,J2,512,370,882
2019-10-25T14:00:00+09:00,J3,671,608,1279
2019-10-25T14:00:00+09:00,J4,612,617,1229
2019-10-25T14:00:00+09:00,J5,209,244,453
2019-10-25T14:15:00+09:00,J1,521,611,1132
2019-10-25T14:15:00+09:00,J2,492,399,891
2019-10-25T14:15:00+09:00,J3,688,687,1375
2019-10-25T14:15:00+09:00,J4,582,610,1192
2019-10-25T14:15:00+09:00,J5,196,238,434
2019-10-25T14:30:00+09:00,J1,569,643,1212
2019-10-25T14:30:00+09:00,J2,535,372,907
2019-10-25T14:30:00+09:00,J3,715,621,1336
2019-10-25T14:30:00+09:00,J4,586,665,1251
2019-10-25T14:30:00+09:00,J5,257,255,512
2019-10-25T14:45:00+09:00,J1,501,607,1108
2019-10-25T14:45:00+09:00,J2,512,387,899
2019-10-25T14:45:00+09:00,J3,712,602,1314
2019-10-25T14:45:00+09:00,J4,601,580,1181
2019-10-25T14:45:00+09:00,J5,218,239,457
2019-10-25T15:00:00+09:00,J1,477,594,1071
2019-10-25T15:00:00+09:00,J2,479,339,818
2019-10-25T15:00:00+09:00,J3,714,604,1318
2019-10-25T15:00:00+09:00,J4,601,615,1216
2019-10-25T15:00:00+09:00,J5,196,252,448
2019-10-25T15:15:00+09:00,J1,554,666,1220
2019-10-25T15:15:00+09:00,J2,468,372,840
2019-10-25T15:15:00+09:00,J3,704,672,1376
2019-10-25T15:15:00+09:00,J4,590,578,1168
2019-10-25T15:15:00+09:00,J5,219,246,465
2019-10-25T15:30:00+09:00,J1,558,647,1205
2019-10-25T15:30:00+09:00,J2,479,321,800
2019-10-25T15:30:00+09:00,J3,707,707,1414
2019-10-25T15:30:00+09:00,J4,547,589,1136
2019-10-25T15:30:00+09:00,J5,218,250,468
2019-10-25T15:45:00+09:00,J1,533,617,1150
2019-10-25T15:45:00+09:00,J2,482,339,821
2019-10-25T15:45:00+09:00,J3,711,680,1391
2019-10-25T15:45:00+09:00,J4,616,602,1218
2019-10-25T15:45:00+09:00,J5,207,245,452
2019-10-25T16:00:00+09:00,J1,498,650,1148
2019-10-25T16:00:00+09:00,J2,498,350,848
2019-10-25T16:00:00+09:00,J3,670,707,1377
2019-10-25T16:00:00+09:00,J4,622,617,1239
2019-10-25T16:00:00+09:00,J5,241,269,510
2019-10-25T16:15:00+09:00,J1,497,646,1143
2019-10-25T16:15:00+09:00,J2,478,373,851
2019-10-25T16:15:00+09:00,J3,707,785,1492
2019-10-25T16:15:00+09:00,J4,666,600,1266
2019-10-25T16:15:00+09:00,J5,220,263,483
2019-10-25T16:30:00+09:00,J1,520,621,1141
2019-10-25T16:30:00+09:00,J2,501,335,836
2019-10-25T16:30:00+09:00,J3,698,690,1388
2019-10-25T16:30:00+09:00,J4,592,654,1246
2019-10-25T16:30:00+09:00,J5,278,284,562
2019-10-25T16:45:00+09:00,J1,557,580,1137
2019-10-25T16:45:00+09:00,J2,547,338,885
2019-10-25T16:45:00+09:00,J3,779,698,1477
2019-10-25T16:45:00+09:00,J4,629,581,1210
2019-10-25T16:45:00+09:00,J5,204,266,470
2019-10-25T17:00:00+09:00,J1,625,739,1364
2019-10-25T17:00:00+09:00,J2,552,402,954
2019-10-25T17:00:00+09:00,J3,827,706,1533
2019-10-25T17:00:00+09:00,J4,630,629,1259
2019-10-25T17:00:00+09:00,J5,224,255,479
2019-10-25T17:15:00+09:00,J1,815,888,1703
2019-10-25T17:15:00+09:00,J2,632,416,1048
2019-10-25T17:15:00+09:00,J3,996,820,1816
2019-10-25T17:15:00+09:00,J4,782,639,1421
2019-10-25T17:15:00+09:00,J5,265,312,577
2019-10-25T17:30:00+09:00,J1,744,871,1615
2019-10-25T17:30:00+09:00,J2,659,380,1039
2019-10-25T17:30:00+09:00,J3,1031,733,1764
2019-10-25T17:30:00+09:00,J4,819,724,1543
2019-10-25T17:30:00+09:00,J5,285,345,630
2019-10-25T17:45:00+09:00,J1,765,808,1573
2019-10-25T17:45:00+09:00,J2,688,427,1115
2019-10-25T17:45:00+09:00,J3,1033,778,1811
2019-10-25T17:45:00+09:00,J4,852,757,1609
2019-10-25T17:45:00+09:00,J5,330,395,725
2019-10-25T18:00:00+09:00,J1,866,860,1726
2019-10-25T18:00:00+09:00,J2,724,440,1164
2019-10-25T18:00:00+09:00,J3,1159,759,1918
2019-10-25T18:00:00+09:00,J4,873,716,1589
2019-10-25T18:00:00+09:00,J5,318,356,674
2019-10-25T18:15:00+09:00,J1,783,751,1534
2019-10-25T18:15:00+09:00,J2,684,416,1100
2019-10-25T18:15:00+09:00,J3,1054,767,1821
2019-10-25T18:15:00+09:00,J4,927,787,1714
2019-10-25T18:15:00+09:00,J5,352,351,703
2019-10-25T18:30:00+09:00,J1,775,740,1515
2019-10-25T18:30:00+09:00,J2,680,398,1078
2019-10-25T18:30:00+09:00,J3,930,741,1671
2019-10-25T18:30:00+09:00,J4,902,713,1615
2019-10-25T18:30:00+09:00,J5,344,330,674
2019-10-25T18:45:00+09:00,J1,618,734,1352
2019-10-25T18:45:00+09:00,J2,550,375,925
2019-10-25T18:45:00+09:00,J3,835,685,1520
2019-10-25T18:45:00+09:00,J4,767,767,1534
2019-10-25T18:45:00+09:00,J5,326,287,613
2019-10-25T19:00:00+09:00,J1,531,704,1235
2019-10-25T19:00:00+09:00,J2,522,431,953
2019-10-25T19:00:00+09:00,J3,757,634,1391
2019-10-25T19:00:00+09:00,J4,865,736,1601
2019-10-25T19:00:00+09:00,J5,321,267,588
2019-10-25T19:15:00+09:00,J1,533,624,1157
2019-10-25T19:15:00+09:00,J2,524,424,948
2019-10-25T19:15:00+09:00,J3,840,618,1458
2019-10-25T19:15:00+09:00,J4,902,850,1752
2019-10-25T19:15:00+09:00,J5,293,252,545
2019-10-25T19:30:00+09:00,J1,555,653,1208
2019-10-25T19:30:00+09:00,J2,449,336,785
2019-10-25T19:30:00+09:00,J3,760,588,1348
2019-10-25T19:30:00+09:00,J4,859,829,1688
2019-10-25T19:30:00+09:00,J5,259,245,504
2019-10-25T19:45:00+09:00,J1,587,659,1246
2019-10-25T19:45:00+09:00,J2,496,348,844
2019-10-25T19:45:00+09:00,J3,687,528,1215
2019-10-25T19:45:00+09:00,J4,822,749,1571
2019-10-25T19:45:00+09:00,J5,237,208,445
2019-10-25T20:00:00+09:00,J1,614,670,1284
2019-10-25T20:00:00+09:00,J2,385,294,679
2019-10-25T20:00:00+09:00,J3,590,568,1158
2019-10-25T20:00:00+09:00,J4,784,810,1594
2019-10-25T20:00:00+09:00,J5,218,206,424
2019-10-25T20:15:00+09:00,J1,584,613,1197
2019-10-25T20:15:00+09:00,J2,409,295,704
2019-10-25T20:15:00+09:00,J3,616,555,1171
2019-10-25T20:15:00+09:00,J4,919,777,1696
2019-10-25T20:15:00+09:00,J5,226,208,434
2019-10-25T20:30:00+09:00,J1,563,547,1110
2019-10-25T20:30:00+09:00,J2,396,300,696
2019-10-25T20:30:00+09:00,J3,609,558,1167
2019-10-25T20:30:00+09:00,J4,837,736,1573
2019-10-25T20:30:00+09:00,J5,223,242,465
2019-10-25T20:45:00+09:00,J1,548,579,1127
2019-10-25T20:45:00+09:00,J2,398,308,706
2019-10-25T20:45:00+09:00,J3,571,507,1078
2019-10-25T20:45:00+09:00,J4,766,670,1436
2019-10-25T20:45:00+09:00,J5,178,192,370
2019-10-25T21:00:00+09:00,J1,657,648,1305
2019-10-25T21:00:00+09:00,J2,369,281,650
2019-10-25T21:00:00+09:00,J3,565,420,985
2019-10-25T21:00:00+09:00,J4,884,779,1663
2019-10-25T21:00:00+09:00,J5,168,199,367
2019-10-25T21:15:00+09:00,J1,592,637,1229
2019-10-25T21:15:00+09:00,J2,295,243,538
2019-10-25T21:15:00+09:00,J3,600,469,1069
2019-10-25T21:15:00+09:00,J4,843,744,1587
2019-10-25T21:15:00+09:00,J5,168,186,354
2019-10-25T21:30:00+09:00,J1,604,621,1225
2019-10-25T21:30:00+09:00,J2,289,238,527
2019-10-25T21:30:00+09:00,J3,537,440,977
2019-10-25T21:30:00+09:00,J4,832,758,1590
2019-10-25T21:30:00+09:00,J5,173,188,361
2019-10-25T21:45:00+09:00,J1,564,556,1120
2019-10-25T21:45:00+09:00,J2,260,200,460
2019-10-25T21:45:00+09:00,J3,552,413,965
2019-10-25T21:45:00+09:00,J4,834,785,1619
2019-10-25T21:45:00+09:00,J5,190,206,396
2019-10-25T22:00:00+09:00,J1,540,575,1115
2019-10-25T22:00:00+09:00,J2,292,265,557
2019-10-25T22:00:00+09:00,J3,512,475,987
2019-10-25T22:00:00+09:00,J4,866,852,1718
2019-10-25T22:00:00+09:00,J5,182,191,373
2019-10-25T22:15:00+09:00,J1,508,564,1072
2019-10-25T22:15:00+09:00,J2,284,266,550
2019-10-25T22:15:00+09:00,J3,526,429,955
2019-10-25T22:15:00+09:00,J4,793,761,1554
2019-10-25T22:15:00+09:00,J5,254,256,510
2019-10-25T22:30:00+09:00,J1,443,595,1038
2019-10-25T22:30:00+09:00,J2,301,271,572
2019-10-25T22:30:00+09:00,J3,465,457,922
2019-10-25T22:30:00+09:00,J4,814,731,1545
2019-10-25T22:30:00+09:00,J5,312,340,652
2019-10-25T22:45:00+09:00,J1,506,555,1061
2019-10-25T22:45:00+09:00,J2,311,243,554
2019-10-25T22:45:00+09:00,J3,474,422,896
2019-10-25T22:45:00+09:00,J4,798,710,1508
2019-10-25T22:45:00+09:00,J5,289,320,609
2019-10-25T23:00:00+09:00,J1,445,512,957
2019-10-25T23:00:00+09:00,J2,302,263,565
2019-10-25T23:00:00+09:00,J3,459,477,936
2019-10-25T23:00:00+09:00,J4,839,756,1595
2019-10-25T23:00:00+09:00,J5,276,321,597
2019-10-25T23:15:00+09:00,J1,470,597,1067
2019-10-25T23:15:00+09:00,J2,324,366,690
2019-10-25T23:15:00+09:00,J3,473,491,964
2019-10-25T23:15:00+09:00,J4,801,757,1558
2019-10-25T23:15:00+09:00,J5,237,256,493
2019-10-25T23:30:00+09:00,J1,456,513,969
2019-10-25T23:30:00+09:00,J2,284,262,546
2019-10-25T23:30:00+09:00,J3,564,520,1084
2019-10-25T23:30:00+09:00,J4,764,755,1519
2019-10-25T23:30:00+09:00,J5,191,246,437
2019-10-25T23:45:00+09:00,J1,481,521,1002
2019-10-25T23:45:00+09:00,J2,291,253,544
2019-10-25T23:45:00+09:00,J3,447,428,875
2019-10-25T23:45:00+09:00,J4,767,680,1447
2019-10-25T23:45:00+09:00,J5,246,310,556
2019-10-26T00:00:00+09:00,J1,350,333,683
2019-10-26T00:00:00+09:00,J2,379,327,706
2019-10-26T00:00:00+09:00,J3,413,301,714
2019-10-26T00:00:00+09:00,J4,788,628,1416
2019-10-26T00:00:00+09:00,J5,353,380,733
2019-10-26T00:15:00+09:00,J1,279,248,527
2019-10-26T00:15:00+09:00,J2,383,357,740
2019-10-26T00:15:00+09:00,J3,382,385,767
2019-10-26T00:15:00+09:00,J4,681,583,1264
2019-10-26T00:15:00+09:00,J5,286,285,571
2019-10-26T00:30:00+09:00,J1,231,252,483
2019-10-26T00:30:00+09:00,J2,412,411,823
2019-10-26T00:30:00+09:00,J3,457,428,885
2019-10-26T00:30:00+09:00,J4,636,667,1303
2019-10-26T00:30:00+09:00,J5,256,327,583
2019-10-26T00:45:00+09:00,J1,183,263,446
2019-10-26T00:45:00+09:00,J2,476,379,855
2019-10-26T00:45:00+09:00,J3,456,393,849
2019-10-26T00:45:00+09:00,J4,552,566,1118
2019-10-26T00:45:00+09:00,J5,281,308,589
2019-10-26T05:45:00+09:00,J1,285,265,550
2019-10-26T05:45:00+09:00,J2,333,255,588
2019-10-26T05:45:00+09:00,J3,506,454,960
2019-10-26T05:45:00+09:00,J4,713,691,1404
2019-10-26T05:45:00+09:00,J5,262,284,546
2019-10-26T06:00:00+09:00,J1,245,293,538
2019-10-26T06:00:00+09:00,J2,391,276,667
2019-10-26T06:00:00+09:00,J3,498,483,981
2019-10-26T06:00:00+09:00,J4,739,676,1415
2019-10-26T06:00:00+09:00,J5,293,329,622
2019-10-26T06:15:00+09:00,J1,371,378,749
2019-10-26T06:15:00+09:00,J2,406,401,807
2019-10-26T06:15:00+09:00,J3,481,428,909
2019-10-26T06:15:00+09:00,J4,709,698,1407
2019-10-26T06:15:00+09:00,J5,327,410,737
2019-10-26T06:30:00+09:00,J1,320,340,660
2019-10-26T06:30:00+09:00,J2,448,412,860
2019-10-26T06:30:00+09:00,J3,507,455,962
2019-10-26T06:30:00+09:00,J4,686,691,1377
2019-10-26T06:30:00+09:00,J5,326,384,710
2019-10-26T06:45:00+09:00,J1,334,417,751
2019-10-26T06:45:00+09:00,J2,474,354,828
2019-10-26T06:45:00+09:00,J3,486,477,963
2019-10-26T06:45:00+09:00,J4,699,667,1366
2019-10-26T06:45:00+09:00,J5,296,418,714
2019-10-26T07:00:00+09:00,J1,424,417,841
2019-10-26T07:00:00+09:00,J2,400,391,791
2019-10-26T07:00:00+09:00,J3,513,447,960
2019-10-26T07:00:00+09:00,J4,702,691,1393
2019-10-26T07:00:00+09:00,J5,337,418,755
2019-10-26T07:15:00+09:00,J1,483,397,880
2019-10-26T07:15:00+09:00,J2,478,442,920
2019-10-26T07:15:00+09:00,J3,524,426,950
2019-10-26T07:15:00+09:00,J4,553,574,1127
2019-10-26T07:15:00+09:00,J5,370,426,796
2019-10-26T07:30:00+09:00,J1,477,449,926
2019-10-26T07:30:00+09:00,J2,470,438,908
2019-10-26T07:30:00+09:00,J3,408,435,843
2019-10-26T07:30:00+09:00,J4,681,623,1304
2019-10-26T07:30:00+09:00,J5,430,416,846
2019-10-26T07:45:00+09:00,J1,505,442,947
2019-10-26T07:45:00+09:00,J2,410,408,818
2019-10-26T07:45:00+09:00,J3,440,450,890
2019-10-26T07:45:00+09:00,J4,607,589,1196
2019-10-26T07:45:00+09:00,J5,407,402,809
2019-10-26T08:00:00+09:00,J1,711,677,1388
2019-10-26T08:00:00+09:00,J2,433,354,787
2019-10-26T08:00:00+09:00,J3,496,444,940
2019-10-26T08:00:00+09:00,J4,692,745,1437
2019-10-26T08:00:00+09:00,J5,250,243,493
2019-10-26T08:15:00+09:00,J1,715,680,1395
2019-10-26T08:15:00+09:00,J2,550,451,1001
2019-10-26T08:15:00+09:00,J3,544,523,1067
2019-10-26T08:15:00+09:00,J4,689,686,1375
2019-10-26T08:15:00+09:00,J5,314,325,639
2019-10-26T08:30:00+09:00,J1,677,633,1310
2019-10-26T08:30:00+09:00,J2,486,325,811
2019-10-26T08:30:00+09:00,J3,536,577,1113
2019-10-26T08:30:00+09:00,J4,599,606,1205
2019-10-26T08:30:00+09:00,J5,414,492,906
2019-10-26T08:45:00+09:00,J1,605,573,1178
2019-10-26T08:45:00+09:00,J2,333,294,627
2019-10-26T08:45:00+09:00,J3,550,570,1120
2019-10-26T08:45:00+09:00,J4,513,490,1003
2019-10-26T08:45:00+09:00,J5,410,516,926
2019-10-26T09:00:00+09:00,J1,581,514,1095
2019-10-26T09:00:00+09:00,J2,333,241,574
2019-10-26T09:00:00+09:00,J3,520,564,1084
2019-10-26T09:00:00+09:00,J4,599,611,1210
2019-10-26T09:00:00+09:00,J5,347,422,769
2019-10-26T09:15:00+09:00,J1,622,486,1108
2019-10-26T09:15:00+09:00,J2,412,309,721
2019-10-26T09:15:00+09:00,J3,529,595,1124
2019-10-26T09:15:00+09:00,J4,722,709,1431
2019-10-26T09:15:00+09:00,J5,298,320,618
2019-10-26T09:30:00+09:00,J1,585,500,1085
2019-10-26T09:30:00+09:00,J2,502,387,889
2019-10-26T09:30:00+09:00,J3,528,552,1080
2019-10-26T09:30:00+09:00,J4,746,790,1536
2019-10-26T09:30:00+09:00,J5,293,283,576
2019-10-26T09:45:00+09:00,J1,645,545,1190
2019-10-26T09:45:00+09:00,J2,537,419,956
2019-10-26T09:45:00+09:00,J3,585,528,1113
2019-10-26T09:45:00+09:00,J4,855,812,1667
2019-10-26T09:45:00+09:00,J5,251,242,493
2019-10-26T10:00:00+09:00,J1,589,481,1070
2019-10-26T10:00:00+09:00,J2,531,399,930
2019-10-26T10:00:00+09:00,J3,522,512,1034
2019-10-26T10:00:00+09:00,J4,789,791,1580
2019-10-26T10:00:00+09:00,J5,230,258,488
2019-10-26T10:15:00+09:00,J1,503,525,1028
2019-10-26T10:15:00+09:00,J2,546,512,1058
2019-10-26T10:15:00+09:00,J3,529,557,1086
2019-10-26T10:15:00+09:00,J4,839,846,1685
2019-10-26T10:15:00+09:00,J5,183,229,412
2019-10-26T10:30:00+09:00,J1,549,539,1088
2019-10-26T10:30:00+09:00,J2,569,492,1061
2019-10-26T10:30:00+09:00,J3,589,570,1159
2019-10-26T10:30:00+09:00,J4,841,794,1635
2019-10-26T10:30:00+09:00,J5,180,187,367
2019-10-26T10:45:00+09:00,J1,491,594,1085
2019-10-26T10:45:00+09:00,J2,560,453,1013
2019-10-26T10:45:00+09:00,J3,634,566,1200
2019-10-26T10:45:00+09:00,J4,839,816,1655
2019-10-26T10:45:00+09:00,J5,194,200,394
2019-10-26T11:00:00+09:00,J1,558,580,1138
2019-10-26T11:00:00+09:00,J2,509,408,917
2019-10-26T11:00:00+09:00,J3,627,677,1304
2019-10-26T11:00:00+09:00,J4,753,805,1558
2019-10-26T11:00:00+09:00,J5,229,199,428
2019-10-26T11:15:00+09:00,J1,590,615,1205
2019-10-26T11:15:00+09:00,J2,502,411,913
2019-10-26T11:15:00+09:00,J3,716,724,1440
2019-10-26T11:15:00+09:00,J4,746,814,1560
2019-10-26T11:15:00+09:00,J5,216,240,456
2019-10-26T11:30:00+09:00,J1,568,566,1134
2019-10-26T11:30:00+09:00,J2,418,375,793
2019-10-26T11:30:00+09:00,J3,762,695,1457
2019-10-26T11:30:00+09:00,J4,760,699,1459
2019-10-26T11:30:00+09:00,J5,214,213,427
2019-10-26T11:45:00+09:00,J1,613,640,1253
2019-10-26T11:45:00+09:00,J2,467,373,840
2019-10-26T11:45:00+09:00,J3,718,684,1402
2019-10-26T11:45:00+09:00,J4,661,695,1356
2019-10-26T11:45:00+09:00,J5,225,255,480
2019-10-26T12:00:00+09:00,J1,598,592,1190
2019-10-26T12:00:00+09:00,J2,483,402,885
2019-10-26T12:00:00+09:00,J3,738,754,1492
2019-10-26T12:00:00+09:00,J4,728,746,1474
2019-10-26T12:00:00+09:00,J5,185,256,441
2019-10-26T12:15:00+09:00,J1,637,649,1286
2019-10-26T12:15:00+09:00,J2,492,414,906
2019-10-26T12:15:00+09:00,J3,785,680,1465
2019-10-26T12:15:00+09:00,J4,773,762,1535
2019-10-26T12:15:00+09:00,J5,199,246,445
2019-10-26T12:30:00+09:00,J1,594,578,1172
2019-10-26T12:30:00+09:00,J2,517,378,895
2019-10-26T12:30:00+09:00,J3,646,675,1321
2019-10-26T12:30:00+09:00,J4,659,783,1442
2019-10-26T12:30:00+09:00,J5,218,242,460
2019-10-26T12:45:00+09:00,J1,555,589,1144
2019-10-26T12:45:00+09:00,J2,544,418,962
2019-10-26T12:45:00+09:00,J3,641,709,1350
2019-10-26T12:45:00+09:00,J4,639,663,1302
2019-10-26T12:45:00+09:00,J5,190,258,448
2019-10-26T13:00:00+09:00,J1,517,624,1141
2019-10-26T13:00:00+09:00,J2,455,366,821
2019-10-26T13:00:00+09:00,J3,696,706,1402
2019-10-26T13:00:00+09:00,J4,650,694,1344
2019-10-26T13:00:00+09:00,J5,222,226,448
2019-10-26T13:15:00+09:00,J1,501,701,1202
2019-10-26T13:15:00+09:00,J2,481,364,845
2019-10-26T13:15:00+09:00,J3,767,752,1519
2019-10-26T13:15:00+09:00,J4,599,635,1234
2019-10-26T13:15:00+09:00,J5,187,192,379
2019-10-26T13:30:00+09:00,J1,536,629,1165
2019-10-26T13:30:00+09:00,J2,512,396,908
2019-10-26T13:30:00+09:00,J3,735,795,1530
2019-10-26T13:30:00+09:00,J4,583,668,1251
2019-10-26T13:30:00+09:00,J5,213,232,445
2019-10-26T13:45:00+09:00,J1,514,635,1149
2019-10-26T13:45:00+09:00,J2,461,383,844
2019-10-26T13:45:00+09:00,J3,735,744,1479
2019-10-26T13:45:00+09:00,J4,639,655,1294
2019-10-26T13:45:00+09:00,J5,212,204,416
2019-10-26T14:00:00+09:00,J1,510,658,1168
2019-10-26T14:00:00+09:00,J2,523,401,924
2019-10-26T14:00:00+09:00,J3,747,715,1462
2019-10-26T14:00:00+09:00,J4,544,530,1074
2019-10-26T14:00:00+09:00,J5,234,190,424
2019-10-26T14:15:00+09:00,J1,510,645,1155
2019-10-26T14:15:00+09:00,J2,504,389,893
2019-10-26T14:15:00+09:00,J3,739,732,1471
2019-10-26T14:15:00+09:00,J4,525,653,1178
2019-10-26T14:15:00+09:00,J5,265,227,492
2019-10-26T14:30:00+09:00,J1,504,703,1207
2019-10-26T14:30:00+09:00,J2,517,533,1050
2019-10-26T14:30:00+09:00,J3,828,857,1685
2019-10-26T14:30:00+09:00,J4,581,694,1275
2019-10-26T14:30:00+09:00,J5,270,212,482
2019-10-26T14:45:00+09:00,J1,554,660,1214
2019-10-26T14:45:00+09:00,J2,558,624,1182
2019-10-26T14:45:00+09:00,J3,818,775,1593
2019-10-26T14:45:00+09:00,J4,569,682,1251
2019-10-26T14:45:00+09:00,J5,235,205,440
2019-10-26T15:00:00+09:00,J1,529,647,1176
2019-10-26T15:00:00+09:00,J2,564,577,1141
2019-10-26T15:00:00+09:00,J3,858,825,1683
2019-10-26T15:00:00+09:00,J4,512,605,1117
2019-10-26T15:00:00+09:00,J5,271,190,461
2019-10-26T15:15:00+09:00,J1,541,734,1275
2019-10-26T15:15:00+09:00,J2,555,667,1222
2019-10-26T15:15:00+09:00,J3,901,924,1825
2019-10-26T15:15:00+09:00,J4,589,595,1184
2019-10-26T15:15:00+09:00,J5,307,230,537
2019-10-26T15:30:00+09:00,J1,589,717,1306
2019-10-26T15:30:00+09:00,J2,658,631,1289
2019-10-26T15:30:00+09:00,J3,931,1002,1933
2019-10-26T15:30:00+09:00,J4,624,613,1237
2019-10-26T15:30:00+09:00,J5,295,193,488
2019-10-26T15:45:00+09:00,J1,515,738,1253
2019-10-26T15:45:00+09:00,J2,656,577,1233
2019-10-26T15:45:00+09:00,J3,931,989,1920
2019-10-26T15:45:00+09:00,J4,589,640,1229
2019-10-26T15:45:00+09:00,J5,301,181,482
2019-10-26T16:00:00+09:00,J1,575,675,1250
2019-10-26T16:00:00+09:00,J2,584,675,1259
2019-10-26T16:00:00+09:00,J3,866,922,1788
2019-10-26T16:00:00+09:00,J4,606,697,1303
2019-10-26T16:00:00+09:00,J5,306,239,545
2019-10-26T16:15:00+09:00,J1,662,805,1467
2019-10-26T16:15:00+09:00,J2,674,685,1359
2019-10-26T16:15:00+09:00,J3,929,947,1876
2019-10-26T16:15:00+09:00,J4,608,623,1231
2019-10-26T16:15:00+09:00,J5,334,235,569
2019-10-26T16:30:00+09:00,J1,700,719,1419
2019-10-26T16:30:00+09:00,J2,667,670,1337
2019-10-26T16:30:00+09:00,J3,951,952,1903
2019-10-26T16:30:00+09:00,J4,580,648,1228
2019-10-26T16:30:00+09:00,J5,331,234,565
2019-10-26T16:45:00+09:00,J1,583,704,1287
2019-10-26T16:45:00+09:00,J2,593,666,1259
2019-10-26T16:45:00+09:00,J3,797,837,1634
2019-10-26T16:45:00+09:00,J4,534,556,1090
2019-10-26T16:45:00+09:00,J5,321,220,541
2019-10-26T17:00:00+09:00,J1,686,759,1445
2019-10-26T17:00:00+09:00,J2,675,619,1294
2019-10-26T17:00:00+09:00,J3,1019,1026,2045
2019-10-26T17:00:00+09:00,J4,564,572,1136
2019-10-26T17:00:00+09:00,J5,326,200,526
2019-10-26T17:15:00+09:00,J1,663,769,1432
2019-10-26T17:15:00+09:00,J2,666,654,1320
2019-10-26T17:15:00+09:00,J3,902,896,1798
2019-10-26T17:15:00+09:00,J4,580,559,1139
2019-10-26T17:15:00+09:00,J5,313,240,553
2019-10-26T17:30:00+09:00,J1,653,773,1426
2019-10-26T17:30:00+09:00,J2,640,632,1272
2019-10-26T17:30:00+09:00,J3,964,893,1857
2019-10-26T17:30:00+09:00,J4,589,598,1187
2019-10-26T17:30:00+09:00,J5,314,243,557
2019-10-26T17:45:00+09:00,J1,609,693,1302
2019-10-26T17:45:00+09:00,J2,619,618,1237
2019-10-26T17:45:00+09:00,J3,939,955,1894
2019-10-26T17:45:00+09:00,J4,584,514,1098
2019-10-26T17:45:00+09:00,J5,299,192,491
2019-10-26T18:00:00+09:00,J1,691,710,1401
2019-10-26T18:00:00+09:00,J2,585,653,1238
2019-10-26T18:00:00+09:00,J3,1024,844,1868
2019-10-26T18:00:00+09:00,J4,623,578,1201
2019-10-26T18:00:00+09:00,J5,292,213,505
2019-10-26T18:15:00+09:00,J1,702,701,1403
2019-10-26T18:15:00+09:00,J2,618,671,1289
2019-10-26T18:15:00+09:00,J3,1009,933,1942
2019-10-26T18:15:00+09:00,J4,654,609,1263
2019-10-26T18:15:00+09:00,J5,321,207,528
2019-10-26T18:30:00+09:00,J1,661,593,1254
2019-10-26T18:30:00+09:00,J2,570,615,1185
2019-10-26T18:30:00+09:00,J3,906,845,1751
2019-10-26T18:30:00+09:00,J4,665,664,1329
2019-10-26T18:30:00+09:00,J5,318,274,592
2019-10-26T18:45:00+09:00,J1,631,586,1217
2019-10-26T18:45:00+09:00,J2,536,572,1108
2019-10-26T18:45:00+09:00,J3,952,759,1711
2019-10-26T18:45:00+09:00,J4,637,632,1269
2019-10-26T18:45:00+09:00,J5,294,310,604
2019-10-26T19:00:00+09:00,J1,508,610,1118
2019-10-26T19:00:00+09:00,J2,410,415,825
2019-10-26T19:00:00+09:00,J3,875,628,1503
2019-10-26T19:00:00+09:00,J4,699,679,1378
2019-10-26T19:00:00+09:00,J5,325,320,645
2019-10-26T19:15:00+09:00,J1,452,592,1044
2019-10-26T19:15:00+09:00,J2,464,467,931
2019-10-26T19:15:00+09:00,J3,821,745,1566
2019-10-26T19:15:00+09:00,J4,651,654,1305
2019-10-26T19:15:00+09:00,J5,294,275,569
2019-10-26T19:30:00+09:00,J1,447,541,988
2019-10-26T19:30:00+09:00,J2,391,419,810
2019-10-26T19:30:00+09:00,J3,771,665,1436
2019-10-26T19:30:00+09:00,J4,624,688,1312
2019-10-26T19:30:00+09:00,J5,265,275,540
2019-10-26T19:45:00+09:00,J1,451,557,1008
2019-10-26T19:45:00+09:00,J2,438,447,885
2019-10-26T19:45:00+09:00,J3,794,679,1473
2019-10-26T19:45:00+09:00,J4,690,718,1408
2019-10-26T19:45:00+09:00,J5,250,253,503
2019-10-26T20:00:00+09:00,J1,477,562,1039
2019-10-26T20:00:00+09:00,J2,456,476,932
2019-10-26T20:00:00+09:00,J3,839,714,1553
2019-10-26T20:00:00+09:00,J4,722,738,1460
2019-10-26T20:00:00+09:00,J5,259,272,531
2019-10-26T20:15:00+09:00,J1,481,553,1034
2019-10-26T20:15:00+09:00,J2,420,349,769
2019-10-26T20:15:00+09:00,J3,788,679,1467
2019-10-26T20:15:00+09:00,J4,646,625,1271
2019-10-26T20:15:00+09:00,J5,280,282,562
2019-10-26T20:30:00+09:00,J1,453,507,960
2019-10-26T20:30:00+09:00,J2,373,370,743
2019-10-26T20:30:00+09:00,J3,760,631,1391
2019-10-26T20:30:00+09:00,J4,755,832,1587
2019-10-26T20:30:00+09:00,J5,259,295,554
2019-10-26T20:45:00+09:00,J1,454,436,890
2019-10-26T20:45:00+09:00,J2,346,338,684
2019-10-26T20:45:00+09:00,J3,695,628,1323
2019-10-26T20:45:00+09:00,J4,725,719,1444
2019-10-26T20:45:00+09:00,J5,268,269,537
2019-10-26T21:00:00+09:00,J1,509,500,1009
2019-10-26T21:00:00+09:00,J2,305,335,640
2019-10-26T21:00:00+09:00,J3,657,556,1213
2019-10-26T21:00:00+09:00,J4,890,828,1718
2019-10-26T21:00:00+09:00,J5,258,259,517
2019-10-26T21:15:00+09:00,J1,414,504,918
2019-10-26T21:15:00+09:00,J2,327,379,706
2019-10-26T21:15:00+09:00,J3,651,648,1299
2019-10-26T21:15:00+09:00,J4,778,759,1537
2019-10-26T21:15:00+09:00,J5,285,259,544
2019-10-26T21:30:00+09:00,J1,401,421,822
2019-10-26T21:30:00+09:00,J2,302,347,649
2019-10-26T21:30:00+09:00,J3,600,617,1217
2019-10-26T21:30:00+09:00,J4,797,712,1509
2019-10-26T21:30:00+09:00,J5,273,245,518
2019-10-26T21:45:00+09:00,J1,376,435,811
2019-10-26T21:45:00+09:00,J2,310,324,634
2019-10-26T21:45:00+09:00,J3,619,599,1218
2019-10-26T21:45:00+09:00,J4,741,809,1550
2019-10-26T21:45:00+09:00,J5,269,231,500
2019-10-26T22:00:00+09:00,J1,417,441,858
2019-10-26T22:00:00+09:00,J2,295,349,644
2019-10-26T22:00:00+09:00,J3,567,541,1108
2019-10-26T22:00:00+09:00,J4,830,830,1660
2019-10-26T22:00:00+09:00,J5,359,272,631
2019-10-26T22:15:00+09:00,J1,372,429,801
2019-10-26T22:15:00+09:00,J2,292,313,605
2019-10-26T22:15:00+09:00,J3,536,606,1142
2019-10-26T22:15:00+09:00,J4,746,748,1494
2019-10-26T22:15:00+09:00,J5,253,191,444
2019-10-26T22:30:00+09:00,J1,365,428,793
2019-10-26T22:30:00+09:00,J2,323,412,735
2019-10-26T22:30:00+09:00,J3,439,555,994
2019-10-26T22:30:00+09:00,J4,610,696,1306
2019-10-26T22:30:00+09:00,J5,214,167,381
2019-10-26T22:45:00+09:00,J1,332,509,841
2019-10-26T22:45:00+09:00,J2,275,386,661
2019-10-26T22:45:00+09:00,J3,487,504,991
2019-10-26T22:45:00+09:00,J4,653,669,1322
2019-10-26T22:45:00+09:00,J5,197,130,327
2019-10-26T23:00:00+09:00,J1,344,418,762
2019-10-26T23:00:00+09:00,J2,353,372,725
2019-10-26T23:00:00+09:00,J3,559,485,1044
2019-10-26T23:00:00+09:00,J4,642,632,1274
2019-10-26T23:00:00+09:00,J5,184,120,304
2019-10-26T23:15:00+09:00,J1,353,433,786
2019-10-26T23:15:00+09:00,J2,342,391,733
2019-10-26T23:15:00+09:00,J3,435,429,864
2019-10-26T23:15:00+09:00,J4,501,524,1025
2019-10-26T23:15:00+09:00,J5,200,128,328
2019-10-26T23:30:00+09:00,J1,305,420,725
2019-10-26T23:30:00+09:00,J2,304,369,673
2019-10-26T23:30:00+09:00,J3,469,469,938
2019-10-26T23:30:00+09:00,J4,613,573,1186
2019-10-26T23:30:00+09:00,J5,262,158,420
2019-10-26T23:45:00+09:00,J1,295,395,690
2019-10-26T23:45:00+09:00,J2,353,360,713
2019-10-26T23:45:00+09:00,J3,465,450,915
2019-10-26T23:45:00+09:00,J4,523,591,1114
2019-10-26T23:45:00+09:00,J5,170,135,305
2019-10-27T00:00:00+09:00,J1,288,288,576
2019-10-27T00:00:00+09:00,J2,313,332,645
2019-10-27T00:00:00+09:00,J3,510,426,936
2019-10-27T00:00:00+09:00,J4,677,642,1319
2019-10-27T00:00:00+09:00,J5,186,139,325
2019-10-27T00:15:00+09:00,J1,221,215,436
2019-10-27T00:15:00+09:00,J2,321,292,613
2019-10-27T00:15:00+09:00,J3,429,370,799
2019-10-27T00:15:00+09:00,J4,613,596,1209
2019-10-27T00:15:00+09:00,J5,165,179,344
2019-10-27T00:30:00+09:00,J1,199,155,354
2019-10-27T00:30:00+09:00,J2,224,220,444
2019-10-27T00:30:00+09:00,J3,423,300,723
2019-10-27T00:30:00+09:00,J4,483,430,913
2019-10-27T00:30:00+09:00,J5,169,220,389
2019-10-27T00:45:00+09:00,J1,232,168,400
2019-10-27T00:45:00+09:00,J2,238,226,464
2019-10-27T00:45:00+09:00,J3,412,333,745
2019-10-27T00:45:00+09:00,J4,441,422,863
2019-10-27T00:45:00+09:00,J5,164,186,350
2019-10-27T05:45:00+09:00,J1,241,316,557
2019-10-27T05:45:00+09:00,J2,536,498,1034
2019-10-27T05:45:00+09:00,J3,338,403,741
2019-10-27T05:45:00+09:00,J4,756,691,1447
2019-10-27T05:45:00+09:00,J5,322,371,693
2019-10-27T06:00:00+09:00,J1,233,303,536
2019-10-27T06:00:00+09:00,J2,487,407,894
2019-10-27T06:00:00+09:00,J3,340,411,751
2019-10-27T06:00:00+09:00,J4,703,701,1404
2019-10-27T06:00:00+09:00,J5,393,411,804
2019-10-27T06:15:00+09:00,J1,327,392,719
2019-10-27T06:15:00+09:00,J2,489,427,916
2019-10-27T06:15:00+09:00,J3,378,418,796
2019-10-27T06:15:00+09:00,J4,716,679,1395
2019-10-27T06:15:00+09:00,J5,329,364,693
2019-10-27T06:30:00+09:00,J1,332,380,712
2019-10-27T06:30:00+09:00,J2,440,407,847
2019-10-27T06:30:00+09:00,J3,351,367,718
2019-10-27T06:30:00+09:00,J4,668,687,1355
2019-10-27T06:30:00+09:00,J5,320,360,680
2019-10-27T06:45:00+09:00,J1,394,401,795
2019-10-27T06:45:00+09:00,J2,518,453,971
2019-10-27T06:45:00+09:00,J3,378,418,796
2019-10-27T06:45:00+09:00,J4,719,745,1464
2019-10-27T06:45:00+09:00,J5,361,419,780
2019-10-27T07:00:00+09:00,J1,460,410,870
2019-10-27T07:00:00+09:00,J2,595,554,1149
2019-10-27T07:00:00+09:00,J3,372,414,786
2019-10-27T07:00:00+09:00,J4,747,644,1391
2019-10-27T07:00:00+09:00,J5,404,403,807
2019-10-27T07:15:00+09:00,J1,482,440,922
2019-10-27T07:15:00+09:00,J2,645,515,1160
2019-10-27T07:15:00+09:00,J3,379,443,822
2019-10-27T07:15:00+09:00,J4,531,555,1086
2019-10-27T07:15:00+09:00,J5,403,360,763
2019-10-27T07:30:00+09:00,J1,532,449,981
2019-10-27T07:30:00+09:00,J2,635,525,1160
2019-10-27T07:30:00+09:00,J3,386,400,786
2019-10-27T07:30:00+09:00,J4,581,592,1173
2019-10-27T07:30:00+09:00,J5,368,397,765
2019-10-27T07:45:00+09:00,J1,495,456,951
2019-10-27T07:45:00+09:00,J2,625,527,1152
2019-10-27T07:45:00+09:00,J3,394,448,842
2019-10-27T07:45:00+09:00,J4,517,593,1110
2019-10-27T07:45:00+09:00,J5,356,356,712
2019-10-27T08:00:00+09:00,J1,695,662,1357
2019-10-27T08:00:00+09:00,J2,611,602,1213
2019-10-27T08:00:00+09:00,J3,483,462,945
2019-10-27T08:00:00+09:00,J4,585,644,1229
2019-10-27T08:00:00+09:00,J5,200,269,469
2019-10-27T08:15:00+09:00,J1,687,654,1341
2019-10-27T08:15:00+09:00,J2,562,461,1023
2019-10-27T08:15:00+09:00,J3,546,582,1128
2019-10-27T08:15:00+09:00,J4,600,588,1188
2019-10-27T08:15:00+09:00,J5,275,317,592
2019-10-27T08:30:00+09:00,J1,731,662,1393
2019-10-27T08:30:00+09:00,J2,455,357,812
2019-10-27T08:30:00+09:00,J3,598,584,1182
2019-10-27T08:30:00+09:00,J4,617,703,1320
2019-10-27T08:30:00+09:00,J5,399,410,809
2019-10-27T08:45:00+09:00,J1,694,691,1385
2019-10-27T08:45:00+09:00,J2,368,307,675
2019-10-27T08:45:00+09:00,J3,533,595,1128
2019-10-27T08:45:00+09:00,J4,456,560,1016
2019-10-27T08:45:00+09:00,J5,408,474,882
2019-10-27T09:00:00+09:00,J1,658,602,1260
2019-10-27T09:00:00+09:00,J2,339,302,641
2019-10-27T09:00:00+09:00,J3,576,635,1211
2019-10-27T09:00:00+09:00,J4,556,677,1233
2019-10-27T09:00:00+09:00,J5,326,369,695
2019-10-27T09:15:00+09:00,J1,674,588,1262
2019-10-27T09:15:00+09:00,J2,411,372,783
2019-10-27T09:15:00+09:00,J3,547,623,1170
2019-10-27T09:15:00+09:00,J4,672,743,1415
2019-10-27T09:15:00+09:00,J5,264,321,585
2019-10-27T09:30:00+09:00,J1,737,634,1371
2019-10-27T09:30:00+09:00,J2,460,381,841
2019-10-27T09:30:00+09:00,J3,502,634,1136
2019-10-27T09:30:00+09:00,J4,659,730,1389
2019-10-27T09:30:00+09:00,J5,271,305,576
2019-10-27T09:45:00+09:00,J1,696,560,1256
2019-10-27T09:45:00+09:00,J2,423,318,741
2019-10-27T09:45:00+09:00,J3,702,688,1390
2019-10-27T09:45:00+09:00,J4,542,637,1179
2019-10-27T09:45:00+09:00,J5,227,234,461
2019-10-27T10:00:00+09:00,J1,588,544,1132
2019-10-27T10:00:00+09:00,J2,353,385,738
2019-10-27T10:00:00+09:00,J3,741,667,1408
2019-10-27T10:00:00+09:00,J4,573,587,1160
2019-10-27T10:00:00+09:00,J5,222,221,443
2019-10-27T10:15:00+09:00,J1,633,561,1194
2019-10-27T10:15:00+09:00,J2,440,363,803
2019-10-27T10:15:00+09:00,J3,593,644,1237
2019-10-27T10:15:00+09:00,J4,527,611,1138
2019-10-27T10:15:00+09:00,J5,239,220,459
2019-10-27T10:30:00+09:00,J1,576,584,1160
2019-10-27T10:30:00+09:00,J2,531,460,991
2019-10-27T10:30:00+09:00,J3,532,628,1160
2019-10-27T10:30:00+09:00,J4,602,701,1303
2019-10-27T10:30:00+09:00,J5,215,205,420
2019-10-27T10:45:00+09:00,J1,549,524,1073
2019-10-27T10:45:00+09:00,J2,569,456,1025
2019-10-27T10:45:00+09:00,J3,565,638,1203
2019-10-27T10:45:00+09:00,J4,595,605,1200
2019-10-27T10:45:00+09:00,J5,216,216,432
2019-10-27T11:00:00+09:00,J1,671,605,1276
2019-10-27T11:00:00+09:00,J2,681,470,1151
2019-10-27T11:00:00+09:00,J3,621,599,1220
2019-10-27T11:00:00+09:00,J4,556,636,1192
2019-10-27T11:00:00+09:00,J5,196,200,396
2019-10-27T11:15:00+09:00,J1,627,642,1269
2019-10-27T11:15:00+09:00,J2,695,604,1299
2019-10-27T11:15:00+09:00,J3,652,641,1293
2019-10-27T11:15:00+09:00,J4,682,697,1379
2019-10-27T11:15:00+09:00,J5,309,287,596
2019-10-27T11:30:00+09:00,J1,642,624,1266
2019-10-27T11:30:00+09:00,J2,773,604,1377
2019-10-27T11:30:00+09:00,J3,581,625,1206
2019-10-27T11:30:00+09:00,J4,715,696,1411
2019-10-27T11:30:00+09:00,J5,336,359,695
2019-10-27T11:45:00+09:00,J1,589,668,1257
2019-10-27T11:45:00+09:00,J2,798,620,1418
2019-10-27T11:45:00+09:00,J3,633,596,1229
2019-10-27T11:45:00+09:00,J4,688,699,1387
2019-10-27T11:45:00+09:00,J5,404,392,796
2019-10-27T12:00:00+09:00,J1,549,685,1234
2019-10-27T12:00:00+09:00,J2,731,598,1329
2019-10-27T12:00:00+09:00,J3,619,651,1270
2019-10-27T12:00:00+09:00,J4,716,698,1414
2019-10-27T12:00:00+09:00,J5,449,383,832
2019-10-27T12:15:00+09:00,J1,612,695,1307
2019-10-27T12:15:00+09:00,J2,793,620,1413
2019-10-27T12:15:00+09:00,J3,679,687,1366
2019-10-27T12:15:00+09:00,J4,750,716,1466
2019-10-27T12:15:00+09:00,J5,380,374,754
2019-10-27T12:30:00+09:00,J1,557,668,1225
2019-10-27T12:30:00+09:00,J2,765,641,1406
2019-10-27T12:30:00+09:00,J3,616,589,1205
2019-10-27T12:30:00+09:00,J4,868,826,1694
2019-10-27T12:30:00+09:00,J5,342,308,650
2019-10-27T12:45:00+09:00,J1,625,620,1245
2019-10-27T12:45:00+09:00,J2,823,700,1523
2019-10-27T12:45:00+09:00,J3,673,707,1380
2019-10-27T12:45:00+09:00,J4,732,772,1504
2019-10-27T12:45:00+09:00,J5,261,257,518
2019-10-27T13:00:00+09:00,J1,660,731,1391
2019-10-27T13:00:00+09:00,J2,748,647,1395
2019-10-27T13:00:00+09:00,J3,698,609,1307
2019-10-27T13:00:00+09:00,J4,792,808,1600
2019-10-27T13:00:00+09:00,J5,296,283,579
2019-10-27T13:15:00+09:00,J1,633,680,1313
2019-10-27T13:15:00+09:00,J2,802,642,1444
2019-10-27T13:15:00+09:00,J3,711,701,1412
2019-10-27T13:15:00+09:00,J4,827,846,1673
2019-10-27T13:15:00+09:00,J5,341,316,657
2019-10-27T13:30:00+09:00,J1,592,626,1218
2019-10-27T13:30:00+09:00,J2,784,601,1385
2019-10-27T13:30:00+09:00,J3,679,782,1461
2019-10-27T13:30:00+09:00,J4,824,863,1687
2019-10-27T13:30:00+09:00,J5,313,303,616
2019-10-27T13:45:00+09:00,J1,709,700,1409
2019-10-27T13:45:00+09:00,J2,745,618,1363
2019-10-27T13:45:00+09:00,J3,755,724,1479
2019-10-27T13:45:00+09:00,J4,800,775,1575
2019-10-27T13:45:00+09:00,J5,305,304,609
2019-10-27T14:00:00+09:00,J1,689,771,1460
2019-10-27T14:00:00+09:00,J2,722,656,1378
2019-10-27T14:00:00+09:00,J3,752,725,1477
2019-10-27T14:00:00+09:00,J4,736,774,1510
2019-10-27T14:00:00+09:00,J5,294,297,591
2019-10-27T14:15:00+09:00,J1,631,689,1320
2019-10-27T14:15:00+09:00,J2,815,696,1511
2019-10-27T14:15:00+09:00,J3,771,759,1530
2019-10-27T14:15:00+09:00,J4,814,902,1716
2019-10-27T14:15:00+09:00,J5,308,283,591
2019-10-27T14:30:00+09:00,J1,673,722,1395
2019-10-27T14:30:00+09:00,J2,852,670,1522
2019-10-27T14:30:00+09:00,J3,761,765,1526
2019-10-27T14:30:00+09:00,J4,912,895,1807
2019-10-27T14:30:00+09:00,J5,381,402,783
2019-10-27T14:45:00+09:00,J1,709,793,1502
2019-10-27T14:45:00+09:00,J2,833,652,1485
2019-10-27T14:45:00+09:00,J3,717,825,1542
2019-10-27T14:45:00+09:00,J4,721,772,1493
2019-10-27T14:45:00+09:00,J5,432,344,776
2019-10-27T15:00:00+09:00,J1,712,772,1484
2019-10-27T15:00:00+09:00,J2,884,787,1671
2019-10-27T15:00:00+09:00,J3,712,778,1490
2019-10-27T15:00:00+09:00,J4,719,805,1524
2019-10-27T15:00:00+09:00,J5,303,311,614
2019-10-27T15:15:00+09:00,J1,809,798,1607
2019-10-27T15:15:00+09:00,J2,811,703,1514
2019-10-27T15:15:00+09:00,J3,734,767,1501
2019-10-27T15:15:00+09:00,J4,822,792,1614
2019-10-27T15:15:00+09:00,J5,376,342,718
2019-10-27T15:30:00+09:00,J1,692,779,1471
2019-10-27T15:30:00+09:00,J2,838,669,1507
2019-10-27T15:30:00+09:00,J3,781,777,1558
2019-10-27T15:30:00+09:00,J4,855,875,1730
2019-10-27T15:30:00+09:00,J5,413,384,797
2019-10-27T15:45:00+09:00,J1,786,782,1568
2019-10-27T15:45:00+09:00,J2,839,754,1593
2019-10-27T15:45:00+09:00,J3,757,755,1512
2019-10-27T15:45:00+09:00,J4,908,909,1817
2019-10-27T15:45:00+09:00,J5,406,360,766
2019-10-27T16:00:00+09:00,J1,802,768,1570
2019-10-27T16:00:00+09:00,J2,861,767,1628
2019-10-27T16:00:00+09:00,J3,798,804,1602
2019-10-27T16:00:00+09:00,J4,838,836,1674
2019-10-27T16:00:00+09:00,J5,340,338,678
2019-10-27T16:15:00+09:00,J1,726,792,1518
2019-10-27T16:15:00+09:00,J2,853,706,1559
2019-10-27T16:15:00+09:00,J3,840,782,1622
2019-10-27T16:15:00+09:00,J4,940,835,1775
2019-10-27T16:15:00+09:00,J5,446,339,785
2019-10-27T16:30:00+09:00,J1,747,856,1603
2019-10-27T16:30:00+09:00,J2,765,722,1487
2019-10-27T16:30:00+09:00,J3,843,784,1627
2019-10-27T16:30:00+09:00,J4,875,803,1678
2019-10-27T16:30:00+09:00,J5,372,404,776
2019-10-27T16:45:00+09:00,J1,770,771,1541
2019-10-27T16:45:00+09:00,J2,701,611,1312
2019-10-27T16:45:00+09:00,J3,822,766,1588
2019-10-27T16:45:00+09:00,J4,876,831,1707
2019-10-27T16:45:00+09:00,J5,440,411,851
2019-10-27T17:00:00+09:00,J1,845,851,1696
2019-10-27T17:00:00+09:00,J2,694,589,1283
2019-10-27T17:00:00+09:00,J3,871,871,1742
2019-10-27T17:00:00+09:00,J4,924,822,1746
2019-10-27T17:00:00+09:00,J5,425,386,811
2019-10-27T17:15:00+09:00,J1,870,888,1758
2019-10-27T17:15:00+09:00,J2,726,611,1337
2019-10-27T17:15:00+09:00,J3,795,772,1567
2019-10-27T17:15:00+09:00,J4,869,777,1646
2019-10-27T17:15:00+09:00,J5,362,393,755
2019-10-27T17:30:00+09:00,J1,838,839,1677
2019-10-27T17:30:00+09:00,J2,664,628,1292
2019-10-27T17:30:00+09:00,J3,820,756,1576
2019-10-27T17:30:00+09:00,J4,793,789,1582
2019-10-27T17:30:00+09:00,J5,426,427,853
2019-10-27T17:45:00+09:00,J1,809,909,1718
2019-10-27T17:45:00+09:00,J2,601,575,1176
2019-10-27T17:45:00+09:00,J3,724,766,1490
2019-10-27T17:45:00+09:00,J4,705,615,1320
2019-10-27T17:45:00+09:00,J5,455,422,877
2019-10-27T18:00:00+09:00,J1,817,865,1682
2019-10-27T18:00:00+09:00,J2,550,535,1085
2019-10-27T18:00:00+09:00,J3,804,791,1595
2019-10-27T18:00:00+09:00,J4,611,516,1127
2019-10-27T18:00:00+09:00,J5,434,434,868
2019-10-27T18:15:00+09:00,J1,790,926,1716
2019-10-27T18:15:00+09:00,J2,643,600,1243
2019-10-27T18:15:00+09:00,J3,829,842,1671
2019-10-27T18:15:00+09:00,J4,768,705,1473
2019-10-27T18:15:00+09:00,J5,500,449,949
2019-10-27T18:30:00+09:00,J1,734,801,1535
2019-10-27T18:30:00+09:00,J2,494,537,1031
2019-10-27T18:30:00+09:00,J3,749,698,1447
2019-10-27T18:30:00+09:00,J4,754,778,1532
2019-10-27T18:30:00+09:00,J5,356,356,712
2019-10-27T18:45:00+09:00,J1,707,725,1432
2019-10-27T18:45:00+09:00,J2,435,452,887
2019-10-27T18:45:00+09:00,J3,655,675,1330
2019-10-27T18:45:00+09:00,J4,680,706,1386
2019-10-27T18:45:00+09:00,J5,281,252,533
2019-10-27T19:00:00+09:00,J1,561,722,1283
2019-10-27T19:00:00+09:00,J2,641,544,1185
2019-10-27T19:00:00+09:00,J3,702,655,1357
2019-10-27T19:00:00+09:00,J4,768,819,1587
2019-10-27T19:00:00+09:00,J5,271,240,511
2019-10-27T19:15:00+09:00,J1,514,672,1186
2019-10-27T19:15:00+09:00,J2,677,567,1244
2019-10-27T19:15:00+09:00,J3,671,644,1315
2019-10-27T19:15:00+09:00,J4,919,923,1842
2019-10-27T19:15:00+09:00,J5,235,228,463
2019-10-27T19:30:00+09:00,J1,370,427,797
2019-10-27T19:30:00+09:00,J2,363,339,702
2019-10-27T19:30:00+09:00,J3,362,435,797
2019-10-27T19:30:00+09:00,J4,610,623,1233
2019-10-27T19:30:00+09:00,J5,236,183,419
2019-10-27T19:45:00+09:00,J1,540,631,1171
2019-10-27T19:45:00+09:00,J2,658,551,1209
2019-10-27T19:45:00+09:00,J3,530,582,1112
2019-10-27T19:45:00+09:00,J4,886,891,1777
2019-10-27T19:45:00+09:00,J5,307,275,582
2019-10-27T20:00:00+09:00,J1,515,637,1152
2019-10-27T20:00:00+09:00,J2,670,545,1215
2019-10-27T20:00:00+09:00,J3,552,556,1108
2019-10-27T20:00:00+09:00,J4,787,828,1615
2019-10-27T20:00:00+09:00,J5,313,295,608
2019-10-27T20:15:00+09:00,J1,480,615,1095
2019-10-27T20:15:00+09:00,J2,670,591,1261
2019-10-27T20:15:00+09:00,J3,533,577,1110
2019-10-27T20:15:00+09:00,J4,818,835,1653
2019-10-27T20:15:00+09:00,J5,299,305,604
2019-10-27T20:30:00+09:00,J1,519,590,1109
2019-10-27T20:30:00+09:00,J2,672,521,1193
2019-10-27T20:30:00+09:00,J3,551,581,1132
2019-10-27T20:30:00+09:00,J4,939,915,1854
2019-10-27T20:30:00+09:00,J5,264,264,528
2019-10-27T20:45:00+09:00,J1,458,619,1077
2019-10-27T20:45:00+09:00,J2,631,491,1122
2019-10-27T20:45:00+09:00,J3,498,575,1073
2019-10-27T20:45:00+09:00,J4,925,796,1721
2019-10-27T20:45:00+09:00,J5,246,238,484
2019-10-27T21:00:00+09:00,J1,613,647,1260
2019-10-27T21:00:00+09:00,J2,609,506,1115
2019-10-27T21:00:00+09:00,J3,463,499,962
2019-10-27T21:00:00+09:00,J4,924,914,1838
2019-10-27T21:00:00+09:00,J5,264,269,533
2019-10-27T21:15:00+09:00,J1,602,639,1241
2019-10-27T21:15:00+09:00,J2,469,450,919
2019-10-27T21:15:00+09:00,J3,479,454,933
2019-10-27T21:15:00+09:00,J4,858,812,1670
2019-10-27T21:15:00+09:00,J5,224,257,481
2019-10-27T21:30:00+09:00,J1,526,568,1094
2019-10-27T21:30:00+09:00,J2,314,356,670
2019-10-27T21:30:00+09:00,J3,456,495,951
2019-10-27T21:30:00+09:00,J4,835,823,1658
2019-10-27T21:30:00+09:00,J5,379,333,712
2019-10-27T21:45:00+09:00,J1,454,540,994
2019-10-27T21:45:00+09:00,J2,520,413,933
2019-10-27T21:45:00+09:00,J3,459,488,947
2019-10-27T21:45:00+09:00,J4,694,818,1512
2019-10-27T21:45:00+09:00,J5,373,320,693
2019-10-27T22:00:00+09:00,J1,533,528,1061
2019-10-27T22:00:00+09:00,J2,547,437,984
2019-10-27T22:00:00+09:00,J3,440,477,917
2019-10-27T22:00:00+09:00,J4,749,870,1619
2019-10-27T22:00:00+09:00,J5,375,340,715
2019-10-27T22:15:00+09:00,J1,481,583,1064
2019-10-27T22:15:00+09:00,J2,503,516,1019
2019-10-27T22:15:00+09:00,J3,462,446,908
2019-10-27T22:15:00+09:00,J4,735,832,1567
2019-10-27T22:15:00+09:00,J5,378,383,761
2019-10-27T22:30:00+09:00,J1,426,556,982
2019-10-27T22:30:00+09:00,J2,469,416,885
2019-10-27T22:30:00+09:00,J3,484,431,915
2019-10-27T22:30:00+09:00,J4,738,751,1489
2019-10-27T22:30:00+09:00,J5,364,385,749
2019-10-27T22:45:00+09:00,J1,461,513,974
2019-10-27T22:45:00+09:00,J2,491,406,897
2019-10-27T22:45:00+09:00,J3,489,449,938
2019-10-27T22:45:00+09:00,J4,702,782,1484
2019-10-27T22:45:00+09:00,J5,307,389,696
2019-10-27T23:00:00+09:00,J1,430,505,935
2019-10-27T23:00:00+09:00,J2,447,332,779
2019-10-27T23:00:00+09:00,J3,528,461,989
2019-10-27T23:00:00+09:00,J4,694,696,1390
2019-10-27T23:00:00+09:00,J5,271,386,657
2019-10-27T23:15:00+09:00,J1,492,512,1004
2019-10-27T23:15:00+09:00,J2,382,352,734
2019-10-27T23:15:00+09:00,J3,520,451,971
2019-10-27T23:15:00+09:00,J4,700,731,1431
2019-10-27T23:15:00+09:00,J5,307,365,672
2019-10-27T23:30:00+09:00,J1,418,447,865
2019-10-27T23:30:00+09:00,J2,452,365,817
2019-10-27T23:30:00+09:00,J3,418,422,840
2019-10-27T23:30:00+09:00,J4,583,589,1172
2019-10-27T23:30:00+09:00,J5,301,394,695
2019-10-27T23:45:00+09:00,J1,426,505,931
2019-10-27T23:45:00+09:00,J2,464,371,835
2019-10-27T23:45:00+09:00,J3,447,384,831
2019-10-27T23:45:00+09:00,J4,602,586,1188
2019-10-27T23:45:00+09:00,J5,315,372,687
2019-10-28T00:00:00+09:00,J1,326,328,654
2019-10-28T00:00:00+09:00,J2,301,275,576
2019-10-28T00:00:00+09:00,J3,407,371,778
2019-10-28T00:00:00+09:00,J4,623,610,1233
2019-10-28T00:00:00+09:00,J5,275,354,629
2019-10-28T00:15:00+09:00,J1,269,253,522
2019-10-28T00:15:00+09:00,J2,258,244,502
2019-10-28T00:15:00+09:00,J3,425,324,749
2019-10-28T00:15:00+09:00,J4,545,529,1074
2019-10-28T00:15:00+09:00,J5,295,365,660
2019-10-28T00:30:00+09:00,J1,323,280,603
2019-10-28T00:30:00+09:00,J2,290,223,513
2019-10-28T00:30:00+09:00,J3,419,386,805
2019-10-28T00:30:00+09:00,J4,281,329,610
2019-10-28T00:30:00+09:00,J5,263,326,589
2019-10-28T00:45:00+09:00,J1,287,282,569
2019-10-28T00:45:00+09:00,J2,330,255,585
2019-10-28T00:45:00+09:00,J3,405,404,809
2019-10-28T00:45:00+09:00,J4,334,323,657
2019-10-28T00:45:00+09:00,J5,247,298,545
2019-10-28T05:45:00+09:00,J1,316,339,655
2019-10-28T05:45:00+09:00,J2,143,146,289
2019-10-28T05:45:00+09:00,J3,450,414,864
2019-10-28T05:45:00+09:00,J4,533,571,1104
2019-10-28T05:45:00+09:00,J5,305,256,561
2019-10-28T06:00:00+09:00,J1,355,281,636
2019-10-28T06:00:00+09:00,J2,178,188,366
2019-10-28T06:00:00+09:00,J3,536,403,939
2019-10-28T06:00:00+09:00,J4,492,550,1042
2019-10-28T06:00:00+09:00,J5,264,221,485
2019-10-28T06:15:00+09:00,J1,501,511,1012
2019-10-28T06:15:00+09:00,J2,242,197,439
2019-10-28T06:15:00+09:00,J3,535,452,987
2019-10-28T06:15:00+09:00,J4,631,673,1304
2019-10-28T06:15:00+09:00,J5,316,284,600
2019-10-28T06:30:00+09:00,J1,472,441,913
2019-10-28T06:30:00+09:00,J2,233,254,487
2019-10-28T06:30:00+09:00,J3,526,429,955
2019-10-28T06:30:00+09:00,J4,709,726,1435
2019-10-28T06:30:00+09:00,J5,349,333,682
2019-10-28T06:45:00+09:00,J1,559,573,1132
2019-10-28T06:45:00+09:00,J2,313,317,630
2019-10-28T06:45:00+09:00,J3,597,462,1059
2019-10-28T06:45:00+09:00,J4,934,916,1850
2019-10-28T06:45:00+09:00,J5,347,322,669
2019-10-28T07:00:00+09:00,J1,596,563,1159
2019-10-28T07:00:00+09:00,J2,334,291,625
2019-10-28T07:00:00+09:00,J3,609,541,1150
2019-10-28T07:00:00+09:00,J4,926,948,1874
2019-10-28T07:00:00+09:00,J5,413,430,843
2019-10-28T07:15:00+09:00,J1,639,684,1323
2019-10-28T07:15:00+09:00,J2,452,348,800
2019-10-28T07:15:00+09:00,J3,634,563,1197
2019-10-28T07:15:00+09:00,J4,1016,1018,2034
2019-10-28T07:15:00+09:00,J5,524,475,999
2019-10-28T07:30:00+09:00,J1,734,702,1436
2019-10-28T07:30:00+09:00,J2,530,401,931
2019-10-28T07:30:00+09:00,J3,569,688,1257
2019-10-28T07:30:00+09:00,J4,1038,1065,2103
2019-10-28T07:30:00+09:00,J5,521,555,1076
2019-10-28T07:45:00+09:00,J1,800,746,1546
2019-10-28T07:45:00+09:00,J2,597,414,1011
2019-10-28T07:45:00+09:00,J3,765,838,1603
2019-10-28T07:45:00+09:00,J4,1097,1215,2312
2019-10-28T07:45:00+09:00,J5,503,572,1075
2019-10-28T08:00:00+09:00,J1,1089,867,1956
2019-10-28T08:00:00+09:00,J2,768,515,1283
2019-10-28T08:00:00+09:00,J3,853,979,1832
2019-10-28T08:00:00+09:00,J4,1022,1239,2261
2019-10-28T08:00:00+09:00,J5,427,463,890
2019-10-28T08:15:00+09:00,J1,1173,855,2028
2019-10-28T08:15:00+09:00,J2,757,426,1183
2019-10-28T08:15:00+09:00,J3,959,1156,2115
2019-10-28T08:15:00+09:00,J4,1038,1263,2301
2019-10-28T08:15:00+09:00,J5,395,420,815
2019-10-28T08:30:00+09:00,J1,1082,803,1885
2019-10-28T08:30:00+09:00,J2,767,385,1152
2019-10-28T08:30:00+09:00,J3,938,1147,2085
2019-10-28T08:30:00+09:00,J4,902,1239,2141
2019-10-28T08:30:00+09:00,J5,407,453,860
2019-10-28T08:45:00+09:00,J1,963,711,1674
2019-10-28T08:45:00+09:00,J2,576,344,920
2019-10-28T08:45:00+09:00,J3,899,1001,1900
2019-10-28T08:45:00+09:00,J4,1015,1083,2098
2019-10-28T08:45:00+09:00,J5,372,383,755
2019-10-28T09:00:00+09:00,J1,837,669,1506
2019-10-28T09:00:00+09:00,J2,524,386,910
2019-10-28T09:00:00+09:00,J3,853,828,1681
2019-10-28T09:00:00+09:00,J4,945,979,1924
2019-10-28T09:00:00+09:00,J5,368,373,741
2019-10-28T09:15:00+09:00,J1,730,568,1298
2019-10-28T09:15:00+09:00,J2,465,320,785
2019-10-28T09:15:00+09:00,J3,784,704,1488
2019-10-28T09:15:00+09:00,J4,908,855,1763
2019-10-28T09:15:00+09:00,J5,471,498,969
2019-10-28T09:30:00+09:00,J1,754,618,1372
2019-10-28T09:30:00+09:00,J2,502,332,834
2019-10-28T09:30:00+09:00,J3,821,672,1493
2019-10-28T09:30:00+09:00,J4,960,910,1870
2019-10-28T09:30:00+09:00,J5,495,553,1048
2019-10-28T09:45:00+09:00,J1,681,590,1271
2019-10-28T09:45:00+09:00,J2,359,291,650
2019-10-28T09:45:00+09:00,J3,815,677,1492
2019-10-28T09:45:00+09:00,J4,756,825,1581
2019-10-28T09:45:00+09:00,J5,504,561,1065
2019-10-28T10:00:00+09:00,J1,650,595,1245
2019-10-28T10:00:00+09:00,J2,308,375,683
2019-10-28T10:00:00+09:00,J3,769,712,1481
2019-10-28T10:00:00+09:00,J4,595,645,1240
2019-10-28T10:00:00+09:00,J5,473,477,950
2019-10-28T10:15:00+09:00,J1,652,601,1253
2019-10-28T10:15:00+09:00,J2,402,380,782
2019-10-28T10:15:00+09:00,J3,693,662,1355
2019-10-28T10:15:00+09:00,J4,621,724,1345
2019-10-28T10:15:00+09:00,J5,440,509,949
2019-10-28T10:30:00+09:00,J1,622,503,1125
2019-10-28T10:30:00+09:00,J2,420,452,872
2019-10-28T10:30:00+09:00,J3,590,597,1187
2019-10-28T10:30:00+09:00,J4,684,670,1354
2019-10-28T10:30:00+09:00,J5,410,449,859
2019-10-28T10:45:00+09:00,J1,642,555,1197
2019-10-28T10:45:00+09:00,J2,467,442,909
2019-10-28T10:45:00+09:00,J3,574,619,1193
2019-10-28T10:45:00+09:00,J4,587,618,1205
2019-10-28T10:45:00+09:00,J5,349,377,726
2019-10-28T11:00:00+09:00,J1,601,595,1196
2019-10-28T11:00:00+09:00,J2,615,544,1159
2019-10-28T11:00:00+09:00,J3,593,651,1244
2019-10-28T11:00:00+09:00,J4,672,634,1306
2019-10-28T11:00:00+09:00,J5,344,395,739
2019-10-28T11:15:00+09:00,J1,843,769,1612
2019-10-28T11:15:00+09:00,J2,664,525,1189
2019-10-28T11:15:00+09:00,J3,593,659,1252
2019-10-28T11:15:00+09:00,J4,697,681,1378
2019-10-28T11:15:00+09:00,J5,238,290,528
2019-10-28T11:30:00+09:00,J1,805,791,1596
2019-10-28T11:30:00+09:00,J2,649,486,1135
2019-10-28T11:30:00+09:00,J3,613,714,1327
2019-10-28T11:30:00+09:00,J4,722,685,1407
2019-10-28T11:30:00+09:00,J5,291,335,626
2019-10-28T11:45:00+09:00,J1,815,818,1633
2019-10-28T11:45:00+09:00,J2,714,618,1332
2019-10-28T11:45:00+09:00,J3,612,705,1317
2019-10-28T11:45:00+09:00,J4,759,698,1457
2019-10-28T11:45:00+09:00,J5,315,338,653
2019-10-28T12:00:00+09:00,J1,736,792,1528
2019-10-28T12:00:00+09:00,J2,763,654,1417
2019-10-28T12:00:00+09:00,J3,688,699,1387
2019-10-28T12:00:00+09:00,J4,913,928,1841
2019-10-28T12:00:00+09:00,J5,446,474,920
2019-10-28T12:15:00+09:00,J1,719,711,1430
2019-10-28T12:15:00+09:00,J2,780,648,1428
2019-10-28T12:15:00+09:00,J3,607,651,1258
2019-10-28T12:15:00+09:00,J4,920,887,1807
2019-10-28T12:15:00+09:00,J5,420,415,835
2019-10-28T12:30:00+09:00,J1,731,702,1433
2019-10-28T12:30:00+09:00,J2,805,683,1488
2019-10-28T12:30:00+09:00,J3,718,706,1424
2019-10-28T12:30:00+09:00,J4,797,821,1618
2019-10-28T12:30:00+09:00,J5,427,415,842
2019-10-28T12:45:00+09:00,J1,784,742,1526
2019-10-28T12:45:00+09:00,J2,759,716,1475
2019-10-28T12:45:00+09:00,J3,633,664,1297
2019-10-28T12:45:00+09:00,J4,768,778,1546
2019-10-28T12:45:00+09:00,J5,406,388,794
2019-10-28T13:00:00+09:00,J1,681,772,1453
2019-10-28T13:00:00+09:00,J2,687,595,1282
2019-10-28T13:00:00+09:00,J3,627,630,1257
2019-10-28T13:00:00+09:00,J4,772,748,1520
2019-10-28T13:00:00+09:00,J5,423,449,872
2019-10-28T13:15:00+09:00,J1,757,774,1531
2019-10-28T13:15:00+09:00,J2,764,582,1346
2019-10-28T13:15:00+09:00,J3,665,660,1325
2019-10-28T13:15:00+09:00,J4,786,758,1544
2019-10-28T13:15:00+09:00,J5,421,390,811
2019-10-28T13:30:00+09:00,J1,755,797,1552
2019-10-28T13:30:00+09:00,J2,768,601,1369
2019-10-28T13:30:00+09:00,J3,632,619,1251
2019-10-28T13:30:00+09:00,J4,763,800,1563
2019-10-28T13:30:00+09:00,J5,426,417,843
2019-10-28T13:45:00+09:00,J1,665,736,1401
2019-10-28T13:45:00+09:00,J2,749,627,1376
2019-10-28T13:45:00+09:00,J3,638,608,1246
2019-10-28T13:45:00+09:00,J4,808,783,1591
2019-10-28T13:45:00+09:00,J5,327,334,661
2019-10-28T14:00:00+09:00,J1,751,716,1467
2019-10-28T14:00:00+09:00,J2,723,652,1375
2019-10-28T14:00:00+09:00,J3,656,611,1267
2019-10-28T14:00:00+09:00,J4,778,798,1576
2019-10-28T14:00:00+09:00,J5,422,425,847
2019-10-28T14:15:00+09:00,J1,670,722,1392
2019-10-28T14:15:00+09:00,J2,626,562,1188
2019-10-28T14:15:00+09:00,J3,611,564,1175
2019-10-28T14:15:00+09:00,J4,712,718,1430
2019-10-28T14:15:00+09:00,J5,363,371,734
2019-10-28T14:30:00+09:00,J1,836,974,1810
2019-10-28T14:30:00+09:00,J2,790,691,1481
2019-10-28T14:30:00+09:00,J3,757,719,1476
2019-10-28T14:30:00+09:00,J4,951,938,1889
2019-10-28T14:30:00+09:00,J5,441,548,989
2019-10-28T14:45:00+09:00,J1,749,748,1497
2019-10-28T14:45:00+09:00,J2,681,568,1249
2019-10-28T14:45:00+09:00,J3,656,615,1271
2019-10-28T14:45:00+09:00,J4,804,749,1553
2019-10-28T14:45:00+09:00,J5,431,449,880
2019-10-28T15:00:00+09:00,J1,709,847,1556
2019-10-28T15:00:00+09:00,J2,670,613,1283
2019-10-28T15:00:00+09:00,J3,681,676,1357
2019-10-28T15:00:00+09:00,J4,738,678,1416
2019-10-28T15:00:00+09:00,J5,423,424,847
2019-10-28T15:15:00+09:00,J1,760,811,1571
2019-10-28T15:15:00+09:00,J2,803,699,1502
2019-10-28T15:15:00+09:00,J3,697,632,1329
2019-10-28T15:15:00+09:00,J4,722,787,1509
2019-10-28T15:15:00+09:00,J5,459,450,909
2019-10-28T15:30:00+09:00,J1,733,822,1555
2019-10-28T15:30:00+09:00,J2,802,675,1477
2019-10-28T15:30:00+09:00,J3,727,690,1417
2019-10-28T15:30:00+09:00,J4,771,751,1522
2019-10-28T15:30:00+09:00,J5,436,424,860
2019-10-28T15:45:00+09:00,J1,710,817,1527
2019-10-28T15:45:00+09:00,J2,724,649,1373
2019-10-28T15:45:00+09:00,J3,695,706,1401
2019-10-28T15:45:00+09:00,J4,709,771,1480
2019-10-28T15:45:00+09:00,J5,480,463,943
2019-10-28T16:00:00+09:00,J1,549,641,1190
2019-10-28T16:00:00+09:00,J2,569,487,1056
2019-10-28T16:00:00+09:00,J3,555,520,1075
2019-10-28T16:00:00+09:00,J4,608,644,1252
2019-10-28T16:00:00+09:00,J5,304,335,639
2019-10-28T16:15:00+09:00,J1,875,922,1797
2019-10-28T16:15:00+09:00,J2,873,735,1608
2019-10-28T16:15:00+09:00,J3,767,798,1565
2019-10-28T16:15:00+09:00,J4,959,946,1905
2019-10-28T16:15:00+09:00,J5,543,521,1064
2019-10-28T16:30:00+09:00,J1,661,744,1405
2019-10-28T16:30:00+09:00,J2,672,629,1301
2019-10-28T16:30:00+09:00,J3,751,664,1415
2019-10-28T16:30:00+09:00,J4,777,746,1523
2019-10-28T16:30:00+09:00,J5,342,374,716
2019-10-28T16:45:00+09:00,J1,676,636,1312
2019-10-28T16:45:00+09:00,J2,724,656,1380
2019-10-28T16:45:00+09:00,J3,724,659,1383
2019-10-28T16:45:00+09:00,J4,786,751,1537
2019-10-28T16:45:00+09:00,J5,389,389,778
2019-10-28T17:00:00+09:00,J1,722,767,1489
2019-10-28T17:00:00+09:00,J2,861,750,1611
2019-10-28T17:00:00+09:00,J3,894,824,1718
2019-10-28T17:00:00+09:00,J4,785,799,1584
2019-10-28T17:00:00+09:00,J5,454,475,929
2019-10-28T17:15:00+09:00,J1,641,824,1465
2019-10-28T17:15:00+09:00,J2,809,717,1526
2019-10-28T17:15:00+09:00,J3,851,714,1565
2019-10-28T17:15:00+09:00,J4,957,802,1759
2019-10-28T17:15:00+09:00,J5,350,474,824
2019-10-28T17:30:00+09:00,J1,831,929,1760
2019-10-28T17:30:00+09:00,J2,838,848,1686
2019-10-28T17:30:00+09:00,J3,941,764,1705
2019-10-28T17:30:00+09:00,J4,1014,904,1918
2019-10-28T17:30:00+09:00,J5,345,429,774
2019-10-28T17:45:00+09:00,J1,827,923,1750
2019-10-28T17:45:00+09:00,J2,923,809,1732
2019-10-28T17:45:00+09:00,J3,883,760,1643
2019-10-28T17:45:00+09:00,J4,1057,954,2011
2019-10-28T17:45:00+09:00,J5,325,405,730
2019-10-28T18:00:00+09:00,J1,892,974,1866
2019-10-28T18:00:00+09:00,J2,933,828,1761
2019-10-28T18:00:00+09:00,J3,922,794,1716
2019-10-28T18:00:00+09:00,J4,1020,850,1870
2019-10-28T18:00:00+09:00,J5,413,450,863
2019-10-28T18:15:00+09:00,J1,797,938,1735
2019-10-28T18:15:00+09:00,J2,955,827,1782
2019-10-28T18:15:00+09:00,J3,935,849,1784
2019-10-28T18:15:00+09:00,J4,1084,868,1952
2019-10-28T18:15:00+09:00,J5,306,362,668
2019-10-28T18:30:00+09:00,J1,833,916,1749
2019-10-28T18:30:00+09:00,J2,857,689,1546
2019-10-28T18:30:00+09:00,J3,814,715,1529
2019-10-28T18:30:00+09:00,J4,913,788,1701
2019-10-28T18:30:00+09:00,J5,279,378,657
2019-10-28T18:45:00+09:00,J1,759,818,1577
2019-10-28T18:45:00+09:00,J2,762,571,1333
2019-10-28T18:45:00+09:00,J3,786,768,1554
2019-10-28T18:45:00+09:00,J4,945,768,1713
2019-10-28T18:45:00+09:00,J5,261,308,569
2019-10-28T19:00:00+09:00,J1,670,737,1407
2019-10-28T19:00:00+09:00,J2,685,604,1289
2019-10-28T19:00:00+09:00,J3,927,836,1763
2019-10-28T19:00:00+09:00,J4,812,757,1569
2019-10-28T19:00:00+09:00,J5,255,298,553
2019-10-28T19:15:00+09:00,J1,591,730,1321
2019-10-28T19:15:00+09:00,J2,692,580,1272
2019-10-28T19:15:00+09:00,J3,797,657,1454
2019-10-28T19:15:00+09:00,J4,813,781,1594
2019-10-28T19:15:00+09:00,J5,260,317,577
2019-10-28T19:30:00+09:00,J1,629,746,1375
2019-10-28T19:30:00+09:00,J2,693,526,1219
2019-10-28T19:30:00+09:00,J3,702,616,1318
2019-10-28T19:30:00+09:00,J4,822,737,1559
2019-10-28T19:30:00+09:00,J5,251,255,506
2019-10-28T19:45:00+09:00,J1,583,674,1257
2019-10-28T19:45:00+09:00,J2,544,497,1041
2019-10-28T19:45:00+09:00,J3,676,622,1298
2019-10-28T19:45:00+09:00,J4,751,802,1553
2019-10-28T19:45:00+09:00,J5,269,309,578
2019-10-28T20:00:00+09:00,J1,588,681,1269
2019-10-28T20:00:00+09:00,J2,593,497,1090
2019-10-28T20:00:00+09:00,J3,672,597,1269
2019-10-28T20:00:00+09:00,J4,918,873,1791
2019-10-28T20:00:00+09:00,J5,282,318,600
2019-10-28T20:15:00+09:00,J1,520,681,1201
2019-10-28T20:15:00+09:00,J2,589,478,1067
2019-10-28T20:15:00+09:00,J3,612,564,1176
2019-10-28T20:15:00+09:00,J4,842,887,1729
2019-10-28T20:15:00+09:00,J5,332,351,683
2019-10-28T20:30:00+09:00,J1,515,619,1134
2019-10-28T20:30:00+09:00,J2,620,489,1109
2019-10-28T20:30:00+09:00,J3,598,617,1215
2019-10-28T20:30:00+09:00,J4,874,924,1798
2019-10-28T20:30:00+09:00,J5,315,350,665
2019-10-28T20:45:00+09:00,J1,558,583,1141
2019-10-28T20:45:00+09:00,J2,677,572,1249
2019-10-28T20:45:00+09:00,J3,571,600,1171
2019-10-28T20:45:00+09:00,J4,939,876,1815
2019-10-28T20:45:00+09:00,J5,338,336,674
2019-10-28T21:00:00+09:00,J1,627,751,1378
2019-10-28T21:00:00+09:00,J2,644,518,1162
2019-10-28T21:00:00+09:00,J3,550,528,1078
2019-10-28T21:00:00+09:00,J4,998,956,1954
2019-10-28T21:00:00+09:00,J5,392,360,752
2019-10-28T21:15:00+09:00,J1,689,692,1381
2019-10-28T21:15:00+09:00,J2,476,436,912
2019-10-28T21:15:00+09:00,J3,552,520,1072
2019-10-28T21:15:00+09:00,J4,987,999,1986
2019-10-28T21:15:00+09:00,J5,382,346,728
2019-10-28T21:30:00+09:00,J1,657,726,1383
2019-10-28T21:30:00+09:00,J2,441,452,893
2019-10-28T21:30:00+09:00,J3,432,510,942
2019-10-28T21:30:00+09:00,J4,936,987,1923
2019-10-28T21:30:00+09:00,J5,455,386,841
2019-10-28T21:45:00+09:00,J1,643,723,1366
2019-10-28T21:45:00+09:00,J2,548,467,1015
2019-10-28T21:45:00+09:00,J3,450,461,911
2019-10-28T21:45:00+09:00,J4,945,926,1871
2019-10-28T21:45:00+09:00,J5,401,400,801
2019-10-28T22:00:00+09:00,J1,647,621,1268
2019-10-28T22:00:00+09:00,J2,558,462,1020
2019-10-28T22:00:00+09:00,J3,550,501,1051
2019-10-28T22:00:00+09:00,J4,837,936,1773
2019-10-28T22:00:00+09:00,J5,411,418,829
2019-10-28T22:15:00+09:00,J1,523,559,1082
2019-10-28T22:15:00+09:00,J2,494,447,941
2019-10-28T22:15:00+09:00,J3,480,560,1040
2019-10-28T22:15:00+09:00,J4,900,824,1724
2019-10-28T22:15:00+09:00,J5,400,404,804
2019-10-28T22:30:00+09:00,J1,538,581,1119
2019-10-28T22:30:00+09:00,J2,496,418,914
2019-10-28T22:30:00+09:00,J3,460,504,964
2019-10-28T22:30:00+09:00,J4,805,736,1541
2019-10-28T22:30:00+09:00,J5,321,376,697
2019-10-28T22:45:00+09:00,J1,527,575,1102
2019-10-28T22:45:00+09:00,J2,475,335,810
2019-10-28T22:45:00+09:00,J3,502,521,1023
2019-10-28T22:45:00+09:00,J4,680,688,1368
2019-10-28T22:45:00+09:00,J5,295,374,669
2019-10-28T23:00:00+09:00,J1,598,529,1127
2019-10-28T23:00:00+09:00,J2,414,343,757
2019-10-28T23:00:00+09:00,J3,541,491,1032
2019-10-28T23:00:00+09:00,J4,593,633,1226
2019-10-28T23:00:00+09:00,J5,307,353,660
2019-10-28T23:15:00+09:00,J1,573,555,1128
2019-10-28T23:15:00+09:00,J2,383,334,717
2019-10-28T23:15:00+09:00,J3,518,425,943
2019-10-28T23:15:00+09:00,J4,679,744,1423
2019-10-28T23:15:00+09:00,J5,287,325,612
2019-10-28T23:30:00+09:00,J1,519,489,1008
2019-10-28T23:30:00+09:00,J2,404,369,773
2019-10-28T23:30:00+09:00,J3,491,470,961
2019-10-28T23:30:00+09:00,J4,625,627,1252
2019-10-28T23:30:00+09:00,J5,264,351,615
2019-10-28T23:45:00+09:00,J1,451,470,921
2019-10-28T23:45:00+09:00,J2,395,328,723
2019-10-28T23:45:00+09:00,J3,483,428,911
2019-10-28T23:45:00+09:00,J4,626,586,1212
2019-10-28T23:45:00+09:00,J5,280,328,608
2019-10-29T00:00:00+09:00,J1,303,349,652
2019-10-29T00:00:00+09:00,J2,320,261,581
2019-10-29T00:00:00+09:00,J3,446,384,830
2019-10-29T00:00:00+09:00,J4,487,540,1027
2019-10-29T00:00:00+09:00,J5,307,310,617
2019-10-29T00:15:00+09:00,J1,245,242,487
2019-10-29T00:15:00+09:00,J2,262,217,479
2019-10-29T00:15:00+09:00,J3,466,418,884
2019-10-29T00:15:00+09:00,J4,438,437,875
2019-10-29T00:15:00+09:00,J5,315,342,657
2019-10-29T00:30:00+09:00,J1,251,234,485
2019-10-29T00:30:00+09:00,J2,213,242,455
2019-10-29T00:30:00+09:00,J3,473,399,872
2019-10-29T00:30:00+09:00,J4,311,275,586
2019-10-29T00:30:00+09:00,J5,282,307,589
2019-10-29T00:45:00+09:00,J1,304,237,541
2019-10-29T00:45:00+09:00,J2,246,283,529
2019-10-29T00:45:00+09:00,J3,468,427,895
2019-10-29T00:45:00+09:00,J4,300,267,567
2019-10-29T00:45:00+09:00,J5,274,278,552
2019-10-29T05:45:00+09:00,J1,401,405,806
2019-10-29T05:45:00+09:00,J2,196,211,407
2019-10-29T05:45:00+09:00,J3,407,381,788
2019-10-29T05:45:00+09:00,J4,471,591,1062
2019-10-29T05:45:00+09:00,J5,224,231,455
2019-10-29T06:00:00+09:00,J1,406,438,844
2019-10-29T06:00:00+09:00,J2,167,194,361
2019-10-29T06:00:00+09:00,J3,441,393,834
2019-10-29T06:00:00+09:00,J4,461,495,956
2019-10-29T06:00:00+09:00,J5,286,218,504
2019-10-29T06:15:00+09:00,J1,456,489,945
2019-10-29T06:15:00+09:00,J2,205,208,413
2019-10-29T06:15:00+09:00,J3,525,460,985
2019-10-29T06:15:00+09:00,J4,477,585,1062
2019-10-29T06:15:00+09:00,J5,313,295,608
2019-10-29T06:30:00+09:00,J1,420,444,864
2019-10-29T06:30:00+09:00,J2,199,173,372
2019-10-29T06:30:00+09:00,J3,537,456,993
2019-10-29T06:30:00+09:00,J4,421,474,895
2019-10-29T06:30:00+09:00,J5,320,320,640
2019-10-29T06:45:00+09:00,J1,560,505,1065
2019-10-29T06:45:00+09:00,J2,257,222,479
2019-10-29T06:45:00+09:00,J3,607,529,1136
2019-10-29T06:45:00+09:00,J4,684,672,1356
2019-10-29T06:45:00+09:00,J5,378,396,774
2019-10-29T07:00:00+09:00,J1,629,643,1272
2019-10-29T07:00:00+09:00,J2,211,221,432
2019-10-29T07:00:00+09:00,J3,642,611,1253
2019-10-29T07:00:00+09:00,J4,723,763,1486
2019-10-29T07:00:00+09:00,J5,416,462,878
2019-10-29T07:15:00+09:00,J1,644,544,1188
2019-10-29T07:15:00+09:00,J2,260,227,487
2019-10-29T07:15:00+09:00,J3,581,597,1178
2019-10-29T07:15:00+09:00,J4,694,775,1469
2019-10-29T07:15:00+09:00,J5,382,502,884
2019-10-29T07:30:00+09:00,J1,683,675,1358
2019-10-29T07:30:00+09:00,J2,427,363,790
2019-10-29T07:30:00+09:00,J3,624,621,1245
2019-10-29T07:30:00+09:00,J4,555,732,1287
2019-10-29T07:30:00+09:00,J5,477,502,979
2019-10-29T07:45:00+09:00,J1,736,662,1398
2019-10-29T07:45:00+09:00,J2,620,408,1028
2019-10-29T07:45:00+09:00,J3,809,842,1651
2019-10-29T07:45:00+09:00,J4,574,799,1373
2019-10-29T07:45:00+09:00,J5,345,374,719
2019-10-29T08:00:00+09:00,J1,1020,902,1922
2019-10-29T08:00:00+09:00,J2,794,457,1251
2019-10-29T08:00:00+09:00,J3,867,909,1776
2019-10-29T08:00:00+09:00,J4,664,983,1647
2019-10-29T08:00:00+09:00,J5,360,389,749
2019-10-29T08:15:00+09:00,J1,1074,864,1938
2019-10-29T08:15:00+09:00,J2,788,395,1183
2019-10-29T08:15:00+09:00,J3,1015,1030,2045
2019-10-29T08:15:00+09:00,J4,700,1098,1798
2019-10-29T08:15:00+09:00,J5,365,414,779
2019-10-29T08:30:00+09:00,J1,1128,844,1972
2019-10-29T08:30:00+09:00,J2,855,403,1258
2019-10-29T08:30:00+09:00,J3,1005,1184,2189
2019-10-29T08:30:00+09:00,J4,840,1061,1901
2019-10-29T08:30:00+09:00,J5,380,435,815
2019-10-29T08:45:00+09:00,J1,1011,731,1742
2019-10-29T08:45:00+09:00,J2,638,424,1062
2019-10-29T08:45:00+09:00,J3,916,970,1886
2019-10-29T08:45:00+09:00,J4,749,995,1744
2019-10-29T08:45:00+09:00,J5,434,427,861
2019-10-29T09:00:00+09:00,J1,871,720,1591
2019-10-29T09:00:00+09:00,J2,580,418,998
2019-10-29T09:00:00+09:00,J3,900,866,1766
2019-10-29T09:00:00+09:00,J4,619,838,1457
2019-10-29T09:00:00+09:00,J5,523,605,1128
2019-10-29T09:15:00+09:00,J1,678,531,1209
2019-10-29T09:15:00+09:00,J2,456,354,810
2019-10-29T09:15:00+09:00,J3,863,707,1570
2019-10-29T09:15:00+09:00,J4,616,739,1355
2019-10-29T09:15:00+09:00,J5,612,622,1234
2019-10-29T09:30:00+09:00,J1,698,514,1212
2019-10-29T09:30:00+09:00,J2,417,345,762
2019-10-29T09:30:00+09:00,J3,762,777,1539
2019-10-29T09:30:00+09:00,J4,545,673,1218
2019-10-29T09:30:00+09:00,J5,553,540,1093
2019-10-29T09:45:00+09:00,J1,627,548,1175
2019-10-29T09:45:00+09:00,J2,379,355,734
2019-10-29T09:45:00+09:00,J3,727,713,1440
2019-10-29T09:45:00+09:00,J4,573,571,1144
2019-10-29T09:45:00+09:00,J5,506,514,1020
2019-10-29T10:00:00+09:00,J1,645,581,1226
2019-10-29T10:00:00+09:00,J2,351,363,714
2019-10-29T10:00:00+09:00,J3,614,699,1313
2019-10-29T10:00:00+09:00,J4,519,489,1008
2019-10-29T10:00:00+09:00,J5,458,474,932
2019-10-29T10:15:00+09:00,J1,651,595,1246
2019-10-29T10:15:00+09:00,J2,439,329,768
2019-10-29T10:15:00+09:00,J3,588,648,1236
2019-10-29T10:15:00+09:00,J4,563,557,1120
2019-10-29T10:15:00+09:00,J5,445,481,926
2019-10-29T10:30:00+09:00,J1,588,523,1111
2019-10-29T10:30:00+09:00,J2,485,426,911
2019-10-29T10:30:00+09:00,J3,626,714,1340
2019-10-29T10:30:00+09:00,J4,721,684,1405
2019-10-29T10:30:00+09:00,J5,401,382,783
2019-10-29T10:45:00+09:00,J1,566,466,1032
2019-10-29T10:45:00+09:00,J2,675,486,1161
2019-10-29T10:45:00+09:00,J3,562,691,1253
2019-10-29T10:45:00+09:00,J4,876,889,1765
2019-10-29T10:45:00+09:00,J5,292,358,650
2019-10-29T11:00:00+09:00,J1,551,584,1135
2019-10-29T11:00:00+09:00,J2,727,611,1338
2019-10-29T11:00:00+09:00,J3,604,621,1225
2019-10-29T11:00:00+09:00,J4,888,855,1743
2019-10-29T11:00:00+09:00,J5,262,324,586
2019-10-29T11:15:00+09:00,J1,659,684,1343
2019-10-29T11:15:00+09:00,J2,809,612,1421
2019-10-29T11:15:00+09:00,J3,634,587,1221
2019-10-29T11:15:00+09:00,J4,848,927,1775
2019-10-29T11:15:00+09:00,J5,278,317,595
2019-10-29T11:30:00+09:00,J1,548,625,1173
2019-10-29T11:30:00+09:00,J2,659,571,1230
2019-10-29T11:30:00+09:00,J3,545,581,1126
2019-10-29T11:30:00+09:00,J4,709,666,1375
2019-10-29T11:30:00+09:00,J5,256,256,512
2019-10-29T11:45:00+09:00,J1,744,756,1500
2019-10-29T11:45:00+09:00,J2,845,646,1491
2019-10-29T11:45:00+09:00,J3,732,646,1378
2019-10-29T11:45:00+09:00,J4,948,926,1874
2019-10-29T11:45:00+09:00,J5,336,351,687
2019-10-29T12:00:00+09:00,J1,634,686,1320
2019-10-29T12:00:00+09:00,J2,777,597,1374
2019-10-29T12:00:00+09:00,J3,673,637,1310
2019-10-29T12:00:00+09:00,J4,833,825,1658
2019-10-29T12:00:00+09:00,J5,269,348,617
2019-10-29T12:15:00+09:00,J1,635,656,1291
2019-10-29T12:15:00+09:00,J2,751,579,1330
2019-10-29T12:15:00+09:00,J3,717,618,1335
2019-10-29T12:15:00+09:00,J4,742,781,1523
2019-10-29T12:15:00+09:00,J5,247,280,527
2019-10-29T12:30:00+09:00,J1,605,676,1281
2019-10-29T12:30:00+09:00,J2,699,597,1296
2019-10-29T12:30:00+09:00,J3,654,666,1320
2019-10-29T12:30:00+09:00,J4,670,777,1447
2019-10-29T12:30:00+09:00,J5,293,306,599
2019-10-29T12:45:00+09:00,J1,504,674,1178
2019-10-29T12:45:00+09:00,J2,602,574,1176
2019-10-29T12:45:00+09:00,J3,584,644,1228
2019-10-29T12:45:00+09:00,J4,612,695,1307
2019-10-29T12:45:00+09:00,J5,266,270,536
2019-10-29T13:00:00+09:00,J1,531,628,1159
2019-10-29T13:00:00+09:00,J2,666,633,1299
2019-10-29T13:00:00+09:00,J3,635,658,1293
2019-10-29T13:00:00+09:00,J4,627,723,1350
2019-10-29T13:00:00+09:00,J5,271,277,548
2019-10-29T13:15:00+09:00,J1,509,599,1108
2019-10-29T13:15:00+09:00,J2,615,560,1175
2019-10-29T13:15:00+09:00,J3,611,657,1268
2019-10-29T13:15:00+09:00,J4,629,639,1268
2019-10-29T13:15:00+09:00,J5,263,274,537
2019-10-29T13:30:00+09:00,J1,483,570,1053
2019-10-29T13:30:00+09:00,J2,630,604,1234
2019-10-29T13:30:00+09:00,J3,631,708,1339
2019-10-29T13:30:00+09:00,J4,605,695,1300
2019-10-29T13:30:00+09:00,J5,233,241,474
2019-10-29T13:45:00+09:00,J1,488,625,1113
2019-10-29T13:45:00+09:00,J2,603,569,1172
2019-10-29T13:45:00+09:00,J3,669,633,1302
2019-10-29T13:45:00+09:00,J4,592,667,1259
2019-10-29T13:45:00+09:00,J5,273,256,529
2019-10-29T14:00:00+09:00,J1,468,602,1070
2019-10-29T14:00:00+09:00,J2,637,585,1222
2019-10-29T14:00:00+09:00,J3,629,615,1244
2019-10-29T14:00:00+09:00,J4,492,624,1116
2019-10-29T14:00:00+09:00,J5,254,242,496
2019-10-29T14:15:00+09:00,J1,526,611,1137
2019-10-29T14:15:00+09:00,J2,567,541,1108
2019-10-29T14:15:00+09:00,J3,569,662,1231
2019-10-29T14:15:00+09:00,J4,529,592,1121
2019-10-29T14:15:00+09:00,J5,281,255,536
2019-10-29T14:30:00+09:00,J1,477,671,1148
2019-10-29T14:30:00+09:00,J2,537,528,1065
2019-10-29T14:30:00+09:00,J3,646,741,1387
2019-10-29T14:30:00+09:00,J4,539,604,1143
2019-10-29T14:30:00+09:00,J5,254,261,515
2019-10-29T14:45:00+09:00,J1,506,572,1078
2019-10-29T14:45:00+09:00,J2,595,519,1114
2019-10-29T14:45:00+09:00,J3,591,708,1299
2019-10-29T14:45:00+09:00,J4,565,576,1141
2019-10-29T14:45:00+09:00,J5,269,240,509
2019-10-29T15:00:00+09:00,J1,470,576,1046
2019-10-29T15:00:00+09:00,J2,541,569,1110
2019-10-29T15:00:00+09:00,J3,657,646,1303
2019-10-29T15:00:00+09:00,J4,528,605,1133
2019-10-29T15:00:00+09:00,J5,264,258,522
2019-10-29T15:15:00+09:00,J1,462,590,1052
2019-10-29T15:15:00+09:00,J2,491,536,1027
2019-10-29T15:15:00+09:00,J3,589,652,1241
2019-10-29T15:15:00+09:00,J4,557,585,1142
2019-10-29T15:15:00+09:00,J5,278,232,510
2019-10-29T15:30:00+09:00,J1,489,625,1114
2019-10-29T15:30:00+09:00,J2,448,552,1000
2019-10-29T15:30:00+09:00,J3,626,688,1314
2019-10-29T15:30:00+09:00,J4,572,586,1158
2019-10-29T15:30:00+09:00,J5,277,261,538
2019-10-29T15:45:00+09:00,J1,474,608,1082
2019-10-29T15:45:00+09:00,J2,454,543,997
2019-10-29T15:45:00+09:00,J3,606,690,1296
2019-10-29T15:45:00+09:00,J4,560,525,1085
2019-10-29T15:45:00+09:00,J5,274,224,498
2019-10-29T16:00:00+09:00,J1,526,616,1142
2019-10-29T16:00:00+09:00,J2,486,505,991
2019-10-29T16:00:00+09:00,J3,649,734,1383
2019-10-29T16:00:00+09:00,J4,518,564,1082
2019-10-29T16:00:00+09:00,J5,273,266,539
2019-10-29T16:15:00+09:00,J1,505,660,1165
2019-10-29T16:15:00+09:00,J2,468,547,1015
2019-10-29T16:15:00+09:00,J3,724,743,1467
2019-10-29T16:15:00+09:00,J4,580,616,1196
2019-10-29T16:15:00+09:00,J5,318,328,646
2019-10-29T16:30:00+09:00,J1,469,612,1081
2019-10-29T16:30:00+09:00,J2,494,525,1019
2019-10-29T16:30:00+09:00,J3,728,743,1471
2019-10-29T16:30:00+09:00,J4,567,612,1179
2019-10-29T16:30:00+09:00,J5,291,288,579
2019-10-29T16:45:00+09:00,J1,467,613,1080
2019-10-29T16:45:00+09:00,J2,505,516,1021
2019-10-29T16:45:00+09:00,J3,675,706,1381
2019-10-29T16:45:00+09:00,J4,483,499,982
2019-10-29T16:45:00+09:00,J5,312,263,575
2019-10-29T17:00:00+09:00,J1,573,730,1303
2019-10-29T17:00:00+09:00,J2,509,577,1086
2019-10-29T17:00:00+09:00,J3,889,856,1745
2019-10-29T17:00:00+09:00,J4,554,628,1182
2019-10-29T17:00:00+09:00,J5,336,275,611
2019-10-29T17:15:00+09:00,J1,652,830,1482
2019-10-29T17:15:00+09:00,J2,566,625,1191
2019-10-29T17:15:00+09:00,J3,946,820,1766
2019-10-29T17:15:00+09:00,J4,650,580,1230
2019-10-29T17:15:00+09:00,J5,356,395,751
2019-10-29T17:30:00+09:00,J1,652,779,1431
2019-10-29T17:30:00+09:00,J2,667,724,1391
2019-10-29T17:30:00+09:00,J3,1018,881,1899
2019-10-29T17:30:00+09:00,J4,725,588,1313
2019-10-29T17:30:00+09:00,J5,382,359,741
2019-10-29T17:45:00+09:00,J1,669,764,1433
2019-10-29T17:45:00+09:00,J2,623,691,1314
2019-10-29T17:45:00+09:00,J3,1005,893,1898
2019-10-29T17:45:00+09:00,J4,803,717,1520
2019-10-29T17:45:00+09:00,J5,379,427,806
2019-10-29T18:00:00+09:00,J1,843,825,1668
2019-10-29T18:00:00+09:00,J2,692,843,1535
2019-10-29T18:00:00+09:00,J3,1179,976,2155
2019-10-29T18:00:00+09:00,J4,868,689,1557
2019-10-29T18:00:00+09:00,J5,451,534,985
2019-10-29T18:15:00+09:00,J1,804,924,1728
2019-10-29T18:15:00+09:00,J2,712,949,1661
2019-10-29T18:15:00+09:00,J3,1188,1035,2223
2019-10-29T18:15:00+09:00,J4,1018,748,1766
2019-10-29T18:15:00+09:00,J5,399,680,1079
2019-10-29T18:30:00+09:00,J1,711,779,1490
2019-10-29T18:30:00+09:00,J2,702,814,1516
2019-10-29T18:30:00+09:00,J3,1067,956,2023
2019-10-29T18:30:00+09:00,J4,842,627,1469
2019-10-29T18:30:00+09:00,J5,379,574,953
2019-10-29T18:45:00+09:00,J1,624,735,1359
2019-10-29T18:45:00+09:00,J2,623,708,1331
2019-10-29T18:45:00+09:00,J3,1002,876,1878
2019-10-29T18:45:00+09:00,J4,744,631,1375
2019-10-29T18:45:00+09:00,J5,303,469,772
2019-10-29T19:00:00+09:00,J1,536,681,1217
2019-10-29T19:00:00+09:00,J2,481,585,1066
2019-10-29T19:00:00+09:00,J3,958,720,1678
2019-10-29T19:00:00+09:00,J4,741,714,1455
2019-10-29T19:00:00+09:00,J5,284,405,689
2019-10-29T19:15:00+09:00,J1,528,678,1206
2019-10-29T19:15:00+09:00,J2,500,600,1100
2019-10-29T19:15:00+09:00,J3,942,828,1770
2019-10-29T19:15:00+09:00,J4,685,612,1297
2019-10-29T19:15:00+09:00,J5,288,398,686
2019-10-29T19:30:00+09:00,J1,467,630,1097
2019-10-29T19:30:00+09:00,J2,440,554,994
2019-10-29T19:30:00+09:00,J3,811,688,1499
2019-10-29T19:30:00+09:00,J4,621,635,1256
2019-10-29T19:30:00+09:00,J5,282,361,643
2019-10-29T19:45:00+09:00,J1,457,560,1017
2019-10-29T19:45:00+09:00,J2,419,514,933
2019-10-29T19:45:00+09:00,J3,712,664,1376
2019-10-29T19:45:00+09:00,J4,636,661,1297
2019-10-29T19:45:00+09:00,J5,315,339,654
2019-10-29T20:00:00+09:00,J1,457,548,1005
2019-10-29T20:00:00+09:00,J2,423,505,928
2019-10-29T20:00:00+09:00,J3,691,562,1253
2019-10-29T20:00:00+09:00,J4,641,631,1272
2019-10-29T20:00:00+09:00,J5,295,304,599
2019-10-29T20:15:00+09:00,J1,401,561,962
2019-10-29T20:15:00+09:00,J2,430,488,918
2019-10-29T20:15:00+09:00,J3,650,577,1227
2019-10-29T20:15:00+09:00,J4,683,678,1361
2019-10-29T20:15:00+09:00,J5,302,276,578
2019-10-29T20:30:00+09:00,J1,430,495,925
2019-10-29T20:30:00+09:00,J2,438,406,844
2019-10-29T20:30:00+09:00,J3,610,496,1106
2019-10-29T20:30:00+09:00,J4,788,737,1525
2019-10-29T20:30:00+09:00,J5,305,305,610
2019-10-29T20:45:00+09:00,J1,511,557,1068
2019-10-29T20:45:00+09:00,J2,609,569,1178
2019-10-29T20:45:00+09:00,J3,579,474,1053
2019-10-29T20:45:00+09:00,J4,769,716,1485
2019-10-29T20:45:00+09:00,J5,252,262,514
2019-10-29T21:00:00+09:00,J1,539,565,1104
2019-10-29T21:00:00+09:00,J2,514,521,1035
2019-10-29T21:00:00+09:00,J3,533,473,1006
2019-10-29T21:00:00+09:00,J4,855,748,1603
2019-10-29T21:00:00+09:00,J5,251,205,456
2019-10-29T21:15:00+09:00,J1,548,606,1154
2019-10-29T21:15:00+09:00,J2,391,440,831
2019-10-29T21:15:00+09:00,J3,561,528,1089
2019-10-29T21:15:00+09:00,J4,837,777,1614
2019-10-29T21:15:00+09:00,J5,266,248,514
2019-10-29T21:30:00+09:00,J1,521,592,1113
2019-10-29T21:30:00+09:00,J2,383,548,931
2019-10-29T21:30:00+09:00,J3,584,588,1172
2019-10-29T21:30:00+09:00,J4,879,774,1653
2019-10-29T21:30:00+09:00,J5,292,240,532
2019-10-29T21:45:00+09:00,J1,552,663,1215
2019-10-29T21:45:00+09:00,J2,581,582,1163
2019-10-29T21:45:00+09:00,J3,568,542,1110
2019-10-29T21:45:00+09:00,J4,855,807,1662
2019-10-29T21:45:00+09:00,J5,288,216,504
2019-10-29T22:00:00+09:00,J1,547,617,1164
2019-10-29T22:00:00+09:00,J2,669,568,1237
2019-10-29T22:00:00+09:00,J3,506,483,989
2019-10-29T22:00:00+09:00,J4,869,785,1654
2019-10-29T22:00:00+09:00,J5,290,177,467
2019-10-29T22:15:00+09:00,J1,499,607,1106
2019-10-29T22:15:00+09:00,J2,640,585,1225
2019-10-29T22:15:00+09:00,J3,515,435,950
2019-10-29T22:15:00+09:00,J4,851,817,1668
2019-10-29T22:15:00+09:00,J5,235,221,456
2019-10-29T22:30:00+09:00,J1,560,548,1108
2019-10-29T22:30:00+09:00,J2,482,516,998
2019-10-29T22:30:00+09:00,J3,488,464,952
2019-10-29T22:30:00+09:00,J4,803,730,1533
2019-10-29T22:30:00+09:00,J5,186,188,374
2019-10-29T22:45:00+09:00,J1,501,527,1028
2019-10-29T22:45:00+09:00,J2,443,434,877
2019-10-29T22:45:00+09:00,J3,532,414,946
2019-10-29T22:45:00+09:00,J4,727,721,1448
2019-10-29T22:45:00+09:00,J5,174,204,378
2019-10-29T23:00:00+09:00,J1,495,492,987
2019-10-29T23:00:00+09:00,J2,448,461,909
2019-10-29T23:00:00+09:00,J3,474,395,869
2019-10-29T23:00:00+09:00,J4,750,763,1513
2019-10-29T23:00:00+09:00,J5,196,239,435
2019-10-29T23:15:00+09:00,J1,491,490,981
2019-10-29T23:15:00+09:00,J2,403,409,812
2019-10-29T23:15:00+09:00,J3,470,397,867
2019-10-29T23:15:00+09:00,J4,647,594,1241
2019-10-29T23:15:00+09:00,J5,229,256,485
2019-10-29T23:30:00+09:00,J1,390,416,806
2019-10-29T23:30:00+09:00,J2,407,425,832
2019-10-29T23:30:00+09:00,J3,493,346,839
2019-10-29T23:30:00+09:00,J4,642,717,1359
2019-10-29T23:30:00+09:00,J5,254,343,597
2019-10-29T23:45:00+09:00,J1,362,393,755
2019-10-29T23:45:00+09:00,J2,381,348,729
2019-10-29T23:45:00+09:00,J3,439,332,771
2019-10-29T23:45:00+09:00,J4,609,578,1187
2019-10-29T23:45:00+09:00,J5,148,236,384
2019-10-30T00:00:00+09:00,J1,433,341,774
2019-10-30T00:00:00+09:00,J2,619,494,1113
2019-10-30T00:00:00+09:00,J3,530,379,909
2019-10-30T00:00:00+09:00,J4,854,766,1620
2019-10-30T00:00:00+09:00,J5,303,361,664
2019-10-30T00:15:00+09:00,J1,277,297,574
2019-10-30T00:15:00+09:00,J2,553,519,1072
2019-10-30T00:15:00+09:00,J3,365,394,759
2019-10-30T00:15:00+09:00,J4,608,515,1123
2019-10-30T00:15:00+09:00,J5,324,354,678
2019-10-30T00:30:00+09:00,J1,194,229,423
2019-10-30T00:30:00+09:00,J2,580,494,1074
2019-10-30T00:30:00+09:00,J3,351,374,725
2019-10-30T00:30:00+09:00,J4,623,582,1205
2019-10-30T00:30:00+09:00,J5,334,362,696
2019-10-30T00:45:00+09:00,J1,202,172,374
2019-10-30T00:45:00+09:00,J2,539,455,994
2019-10-30T00:45:00+09:00,J3,371,454,825
2019-10-30T00:45:00+09:00,J4,792,706,1498
2019-10-30T00:45:00+09:00,J5,399,390,789
2019-10-30T05:45:00+09:00,J1,208,247,455
2019-10-30T05:45:00+09:00,J2,268,276,544
2019-10-30T05:45:00+09:00,J3,566,493,1059
2019-10-30T05:45:00+09:00,J4,464,441,905
2019-10-30T05:45:00+09:00,J5,240,302,542
2019-10-30T06:00:00+09:00,J1,248,274,522
2019-10-30T06:00:00+09:00,J2,308,238,546
2019-10-30T06:00:00+09:00,J3,547,472,1019
2019-10-30T06:00:00+09:00,J4,353,336,689
2019-10-30T06:00:00+09:00,J5,307,335,642
2019-10-30T06:15:00+09:00,J1,362,347,709
2019-10-30T06:15:00+09:00,J2,366,300,666
2019-10-30T06:15:00+09:00,J3,560,489,1049
2019-10-30T06:15:00+09:00,J4,522,559,1081
2019-10-30T06:15:00+09:00,J5,377,386,763
2019-10-30T06:30:00+09:00,J1,315,325,640
2019-10-30T06:30:00+09:00,J2,381,342,723
2019-10-30T06:30:00+09:00,J3,406,486,892
2019-10-30T06:30:00+09:00,J4,453,463,916
2019-10-30T06:30:00+09:00,J5,356,452,808
2019-10-30T06:45:00+09:00,J1,372,335,707
2019-10-30T06:45:00+09:00,J2,442,424,866
2019-10-30T06:45:00+09:00,J3,465,501,966
2019-10-30T06:45:00+09:00,J4,565,550,1115
2019-10-30T06:45:00+09:00,J5,410,467,877
2019-10-30T07:00:00+09:00,J1,533,460,993
2019-10-30T07:00:00+09:00,J2,530,519,1049
2019-10-30T07:00:00+09:00,J3,473,526,999
2019-10-30T07:00:00+09:00,J4,542,540,1082
2019-10-30T07:00:00+09:00,J5,471,448,919
2019-10-30T07:15:00+09:00,J1,630,465,1095
2019-10-30T07:15:00+09:00,J2,618,479,1097
2019-10-30T07:15:00+09:00,J3,480,506,986
2019-10-30T07:15:00+09:00,J4,789,937,1726
2019-10-30T07:15:00+09:00,J5,479,456,935
2019-10-30T07:30:00+09:00,J1,646,523,1169
2019-10-30T07:30:00+09:00,J2,781,605,1386
2019-10-30T07:30:00+09:00,J3,562,608,1170
2019-10-30T07:30:00+09:00,J4,737,904,1641
2019-10-30T07:30:00+09:00,J5,378,406,784
2019-10-30T07:45:00+09:00,J1,655,526,1181
2019-10-30T07:45:00+09:00,J2,786,550,1336
2019-10-30T07:45:00+09:00,J3,696,751,1447
2019-10-30T07:45:00+09:00,J4,816,974,1790
2019-10-30T07:45:00+09:00,J5,563,509,1072
2019-10-30T08:00:00+09:00,J1,987,746,1733
2019-10-30T08:00:00+09:00,J2,951,623,1574
2019-10-30T08:00:00+09:00,J3,823,989,1812
2019-10-30T08:00:00+09:00,J4,827,1093,1920
2019-10-30T08:00:00+09:00,J5,530,568,1098
2019-10-30T08:15:00+09:00,J1,1042,761,1803
2019-10-30T08:15:00+09:00,J2,1063,664,1727
2019-10-30T08:15:00+09:00,J3,904,1174,2078
2019-10-30T08:15:00+09:00,J4,784,1102,1886
2019-10-30T08:15:00+09:00,J5,611,636,1247
2019-10-30T08:30:00+09:00,J1,1074,829,1903
2019-10-30T08:30:00+09:00,J2,1165,709,1874
2019-10-30T08:30:00+09:00,J3,863,1176,2039
2019-10-30T08:30:00+09:00,J4,919,1165,2084
2019-10-30T08:30:00+09:00,J5,641,682,1323
2019-10-30T08:45:00+09:00,J1,907,679,1586
2019-10-30T08:45:00+09:00,J2,727,413,1140
2019-10-30T08:45:00+09:00,J3,804,964,1768
2019-10-30T08:45:00+09:00,J4,725,970,1695
2019-10-30T08:45:00+09:00,J5,555,591,1146
2019-10-30T09:00:00+09:00,J1,882,771,1653
2019-10-30T09:00:00+09:00,J2,434,329,763
2019-10-30T09:00:00+09:00,J3,784,840,1624
2019-10-30T09:00:00+09:00,J4,780,929,1709
2019-10-30T09:00:00+09:00,J5,453,472,925
2019-10-30T09:15:00+09:00,J1,750,701,1451
2019-10-30T09:15:00+09:00,J2,444,361,805
2019-10-30T09:15:00+09:00,J3,669,718,1387
2019-10-30T09:15:00+09:00,J4,678,812,1490
2019-10-30T09:15:00+09:00,J5,508,497,1005
2019-10-30T09:30:00+09:00,J1,777,660,1437
2019-10-30T09:30:00+09:00,J2,616,436,1052
2019-10-30T09:30:00+09:00,J3,750,806,1556
2019-10-30T09:30:00+09:00,J4,848,908,1756
2019-10-30T09:30:00+09:00,J5,478,544,1022
2019-10-30T09:45:00+09:00,J1,711,637,1348
2019-10-30T09:45:00+09:00,J2,431,361,792
2019-10-30T09:45:00+09:00,J3,697,755,1452
2019-10-30T09:45:00+09:00,J4,825,855,1680
2019-10-30T09:45:00+09:00,J5,449,497,946
2019-10-30T10:00:00+09:00,J1,904,790,1694
2019-10-30T10:00:00+09:00,J2,522,404,926
2019-10-30T10:00:00+09:00,J3,956,865,1821
2019-10-30T10:00:00+09:00,J4,810,1022,1832
2019-10-30T10:00:00+09:00,J5,504,568,1072
2019-10-30T10:15:00+09:00,J1,735,636,1371
2019-10-30T10:15:00+09:00,J2,407,337,744
2019-10-30T10:15:00+09:00,J3,707,689,1396
2019-10-30T10:15:00+09:00,J4,642,755,1397
2019-10-30T10:15:00+09:00,J5,329,355,684
2019-10-30T10:30:00+09:00,J1,765,729,1494
2019-10-30T10:30:00+09:00,J2,358,360,718
2019-10-30T10:30:00+09:00,J3,682,720,1402
2019-10-30T10:30:00+09:00,J4,572,659,1231
2019-10-30T10:30:00+09:00,J5,350,327,677
2019-10-30T10:45:00+09:00,J1,768,617,1385
2019-10-30T10:45:00+09:00,J2,399,353,752
2019-10-30T10:45:00+09:00,J3,704,752,1456
2019-10-30T10:45:00+09:00,J4,630,748,1378
2019-10-30T10:45:00+09:00,J5,289,315,604
2019-10-30T11:00:00+09:00,J1,748,718,1466
2019-10-30T11:00:00+09:00,J2,469,409,878
2019-10-30T11:00:00+09:00,J3,673,721,1394
2019-10-30T11:00:00+09:00,J4,634,824,1458
2019-10-30T11:00:00+09:00,J5,292,299,591
2019-10-30T11:15:00+09:00,J1,876,838,1714
2019-10-30T11:15:00+09:00,J2,385,400,785
2019-10-30T11:15:00+09:00,J3,672,684,1356
2019-10-30T11:15:00+09:00,J4,571,631,1202
2019-10-30T11:15:00+09:00,J5,254,308,562
2019-10-30T11:30:00+09:00,J1,912,875,1787
2019-10-30T11:30:00+09:00,J2,444,355,799
2019-10-30T11:30:00+09:00,J3,682,720,1402
2019-10-30T11:30:00+09:00,J4,591,634,1225
2019-10-30T11:30:00+09:00,J5,277,325,602
2019-10-30T11:45:00+09:00,J1,819,835,1654
2019-10-30T11:45:00+09:00,J2,395,383,778
2019-10-30T11:45:00+09:00,J3,671,669,1340
2019-10-30T11:45:00+09:00,J4,525,579,1104
2019-10-30T11:45:00+09:00,J5,308,354,662
2019-10-30T12:00:00+09:00,J1,823,878,1701
2019-10-30T12:00:00+09:00,J2,493,465,958
2019-10-30T12:00:00+09:00,J3,756,773,1529
2019-10-30T12:00:00+09:00,J4,595,546,1141
2019-10-30T12:00:00+09:00,J5,396,418,814
2019-10-30T12:15:00+09:00,J1,778,736,1514
2019-10-30T12:15:00+09:00,J2,511,426,937
2019-10-30T12:15:00+09:00,J3,666,744,1410
2019-10-30T12:15:00+09:00,J4,761,678,1439
2019-10-30T12:15:00+09:00,J5,406,389,795
2019-10-30T12:30:00+09:00,J1,765,786,1551
2019-10-30T12:30:00+09:00,J2,475,507,982
2019-10-30T12:30:00+09:00,J3,719,716,1435
2019-10-30T12:30:00+09:00,J4,851,758,1609
2019-10-30T12:30:00+09:00,J5,379,383,762
2019-10-30T12:45:00+09:00,J1,747,822,1569
2019-10-30T12:45:00+09:00,J2,499,423,922
2019-10-30T12:45:00+09:00,J3,694,675,1369
2019-10-30T12:45:00+09:00,J4,858,840,1698
2019-10-30T12:45:00+09:00,J5,437,450,887
2019-10-30T13:00:00+09:00,J1,684,814,1498
2019-10-30T13:00:00+09:00,J2,489,469,958
2019-10-30T13:00:00+09:00,J3,700,635,1335
2019-10-30T13:00:00+09:00,J4,850,789,1639
2019-10-30T13:00:00+09:00,J5,458,466,924
2019-10-30T13:15:00+09:00,J1,790,788,1578
2019-10-30T13:15:00+09:00,J2,513,483,996
2019-10-30T13:15:00+09:00,J3,697,683,1380
2019-10-30T13:15:00+09:00,J4,819,734,1553
2019-10-30T13:15:00+09:00,J5,399,407,806
2019-10-30T13:30:00+09:00,J1,707,792,1499
2019-10-30T13:30:00+09:00,J2,506,481,987
2019-10-30T13:30:00+09:00,J3,788,605,1393
2019-10-30T13:30:00+09:00,J4,802,816,1618
2019-10-30T13:30:00+09:00,J5,410,441,851
2019-10-30T13:45:00+09:00,J1,702,695,1397
2019-10-30T13:45:00+09:00,J2,468,440,908
2019-10-30T13:45:00+09:00,J3,707,602,1309
2019-10-30T13:45:00+09:00,J4,911,827,1738
2019-10-30T13:45:00+09:00,J5,422,424,846
2019-10-30T14:00:00+09:00,J1,770,716,1486
2019-10-30T14:00:00+09:00,J2,492,518,1010
2019-10-30T14:00:00+09:00,J3,694,694,1388
2019-10-30T14:00:00+09:00,J4,795,799,1594
2019-10-30T14:00:00+09:00,J5,475,447,922
2019-10-30T14:15:00+09:00,J1,680,708,1388
2019-10-30T14:15:00+09:00,J2,533,484,1017
2019-10-30T14:15:00+09:00,J3,766,590,1356
2019-10-30T14:15:00+09:00,J4,877,753,1630
2019-10-30T14:15:00+09:00,J5,450,457,907
2019-10-30T14:30:00+09:00,J1,648,727,1375
2019-10-30T14:30:00+09:00,J2,441,486,927
2019-10-30T14:30:00+09:00,J3,719,680,1399
2019-10-30T14:30:00+09:00,J4,838,782,1620
2019-10-30T14:30:00+09:00,J5,457,476,933
2019-10-30T14:45:00+09:00,J1,747,723,1470
2019-10-30T14:45:00+09:00,J2,419,456,875
2019-10-30T14:45:00+09:00,J3,702,670,1372
2019-10-30T14:45:00+09:00,J4,795,796,1591
2019-10-30T14:45:00+09:00,J5,471,427,898
2019-10-30T15:00:00+09:00,J1,718,823,1541
2019-10-30T15:00:00+09:00,J2,406,504,910
2019-10-30T15:00:00+09:00,J3,728,713,1441
2019-10-30T15:00:00+09:00,J4,785,777,1562
2019-10-30T15:00:00+09:00,J5,486,438,924
2019-10-30T15:15:00+09:00,J1,750,803,1553
2019-10-30T15:15:00+09:00,J2,427,450,877
2019-10-30T15:15:00+09:00,J3,764,690,1454
2019-10-30T15:15:00+09:00,J4,841,867,1708
2019-10-30T15:15:00+09:00,J5,495,468,963
2019-10-30T15:30:00+09:00,J1,748,857,1605
2019-10-30T15:30:00+09:00,J2,430,534,964
2019-10-30T15:30:00+09:00,J3,748,772,1520
2019-10-30T15:30:00+09:00,J4,865,821,1686
2019-10-30T15:30:00+09:00,J5,476,484,960
2019-10-30T15:45:00+09:00,J1,777,773,1550
2019-10-30T15:45:00+09:00,J2,393,450,843
2019-10-30T15:45:00+09:00,J3,734,687,1421
2019-10-30T15:45:00+09:00,J4,876,754,1630
2019-10-30T15:45:00+09:00,J5,423,464,887
2019-10-30T16:00:00+09:00,J1,750,795,1545
2019-10-30T16:00:00+09:00,J2,443,502,945
2019-10-30T16:00:00+09:00,J3,819,763,1582
2019-10-30T16:00:00+09:00,J4,864,800,1664
2019-10-30T16:00:00+09:00,J5,536,454,990
2019-10-30T16:15:00+09:00,J1,763,801,1564
2019-10-30T16:15:00+09:00,J2,483,517,1000
2019-10-30T16:15:00+09:00,J3,809,750,1559
2019-10-30T16:15:00+09:00,J4,881,761,1642
2019-10-30T16:15:00+09:00,J5,494,490,984
2019-10-30T16:30:00+09:00,J1,757,776,1533
2019-10-30T16:30:00+09:00,J2,430,432,862
2019-10-30T16:30:00+09:00,J3,814,756,1570
2019-10-30T16:30:00+09:00,J4,848,711,1559
2019-10-30T16:30:00+09:00,J5,458,481,939
2019-10-30T16:45:00+09:00,J1,755,788,1543
2019-10-30T16:45:00+09:00,J2,415,446,861
2019-10-30T16:45:00+09:00,J3,758,758,1516
2019-10-30T16:45:00+09:00,J4,848,726,1574
2019-10-30T16:45:00+09:00,J5,501,451,952
2019-10-30T17:00:00+09:00,J1,858,927,1785
2019-10-30T17:00:00+09:00,J2,486,522,1008
2019-10-30T17:00:00+09:00,J3,828,841,1669
2019-10-30T17:00:00+09:00,J4,838,814,1652
2019-10-30T17:00:00+09:00,J5,469,508,977
2019-10-30T17:15:00+09:00,J1,885,956,1841
2019-10-30T17:15:00+09:00,J2,616,600,1216
2019-10-30T17:15:00+09:00,J3,902,850,1752
2019-10-30T17:15:00+09:00,J4,890,807,1697
2019-10-30T17:15:00+09:00,J5,471,495,966
2019-10-30T17:30:00+09:00,J1,887,952,1839
2019-10-30T17:30:00+09:00,J2,643,684,1327
2019-10-30T17:30:00+09:00,J3,1043,872,1915
2019-10-30T17:30:00+09:00,J4,852,708,1560
2019-10-30T17:30:00+09:00,J5,471,541,1012
2019-10-30T17:45:00+09:00,J1,791,874,1665
2019-10-30T17:45:00+09:00,J2,579,600,1179
2019-10-30T17:45:00+09:00,J3,897,818,1715
2019-10-30T17:45:00+09:00,J4,819,565,1384
2019-10-30T17:45:00+09:00,J5,407,477,884
2019-10-30T18:00:00+09:00,J1,994,1102,2096
2019-10-30T18:00:00+09:00,J2,727,709,1436
2019-10-30T18:00:00+09:00,J3,1230,1034,2264
2019-10-30T18:00:00+09:00,J4,997,709,1706
2019-10-30T18:00:00+09:00,J5,620,675,1295
2019-10-30T18:15:00+09:00,J1,840,969,1809
2019-10-30T18:15:00+09:00,J2,772,730,1502
2019-10-30T18:15:00+09:00,J3,1158,951,2109
2019-10-30T18:15:00+09:00,J4,914,711,1625
2019-10-30T18:15:00+09:00,J5,388,453,841
2019-10-30T18:30:00+09:00,J1,804,803,1607
2019-10-30T18:30:00+09:00,J2,622,593,1215
2019-10-30T18:30:00+09:00,J3,966,781,1747
2019-10-30T18:30:00+09:00,J4,897,647,1544
2019-10-30T18:30:00+09:00,J5,346,343,689
2019-10-30T18:45:00+09:00,J1,734,818,1552
2019-10-30T18:45:00+09:00,J2,470,533,1003
2019-10-30T18:45:00+09:00,J3,774,771,1545
2019-10-30T18:45:00+09:00,J4,726,763,1489
2019-10-30T18:45:00+09:00,J5,303,302,605
2019-10-30T19:00:00+09:00,J1,623,677,1300
2019-10-30T19:00:00+09:00,J2,791,627,1418
2019-10-30T19:00:00+09:00,J3,782,708,1490
2019-10-30T19:00:00+09:00,J4,853,831,1684
2019-10-30T19:00:00+09:00,J5,368,357,725
2019-10-30T19:15:00+09:00,J1,626,711,1337
2019-10-30T19:15:00+09:00,J2,756,674,1430
2019-10-30T19:15:00+09:00,J3,730,752,1482
2019-10-30T19:15:00+09:00,J4,777,788,1565
2019-10-30T19:15:00+09:00,J5,329,384,713
2019-10-30T19:30:00+09:00,J1,602,633,1235
2019-10-30T19:30:00+09:00,J2,800,609,1409
2019-10-30T19:30:00+09:00,J3,774,695,1469
2019-10-30T19:30:00+09:00,J4,834,793,1627
2019-10-30T19:30:00+09:00,J5,316,316,632
2019-10-30T19:45:00+09:00,J1,595,637,1232
2019-10-30T19:45:00+09:00,J2,660,599,1259
2019-10-30T19:45:00+09:00,J3,628,595,1223
2019-10-30T19:45:00+09:00,J4,791,784,1575
2019-10-30T19:45:00+09:00,J5,382,338,720
2019-10-30T20:00:00+09:00,J1,535,574,1109
2019-10-30T20:00:00+09:00,J2,631,545,1176
2019-10-30T20:00:00+09:00,J3,608,624,1232
2019-10-30T20:00:00+09:00,J4,856,843,1699
2019-10-30T20:00:00+09:00,J5,453,444,897
2019-10-30T20:15:00+09:00,J1,552,643,1195
2019-10-30T20:15:00+09:00,J2,698,629,1327
2019-10-30T20:15:00+09:00,J3,675,617,1292
2019-10-30T20:15:00+09:00,J4,955,800,1755
2019-10-30T20:15:00+09:00,J5,375,381,756
2019-10-30T20:30:00+09:00,J1,513,648,1161
2019-10-30T20:30:00+09:00,J2,698,571,1269
2019-10-30T20:30:00+09:00,J3,660,593,1253
2019-10-30T20:30:00+09:00,J4,963,874,1837
2019-10-30T20:30:00+09:00,J5,398,410,808
2019-10-30T20:45:00+09:00,J1,527,623,1150
2019-10-30T20:45:00+09:00,J2,627,548,1175
2019-10-30T20:45:00+09:00,J3,699,605,1304
2019-10-30T20:45:00+09:00,J4,886,757,1643
2019-10-30T20:45:00+09:00,J5,412,393,805
2019-10-30T21:00:00+09:00,J1,574,662,1236
2019-10-30T21:00:00+09:00,J2,661,531,1192
2019-10-30T21:00:00+09:00,J3,604,574,1178
2019-10-30T21:00:00+09:00,J4,851,877,1728
2019-10-30T21:00:00+09:00,J5,389,390,779
2019-10-30T21:15:00+09:00,J1,622,682,1304
2019-10-30T21:15:00+09:00,J2,672,593,1265
2019-10-30T21:15:00+09:00,J3,587,596,1183
2019-10-30T21:15:00+09:00,J4,935,902,1837
2019-10-30T21:15:00+09:00,J5,463,397,860
2019-10-30T21:30:00+09:00,J1,585,701,1286
2019-10-30T21:30:00+09:00,J2,653,607,1260
2019-10-30T21:30:00+09:00,J3,581,586,1167
2019-10-30T21:30:00+09:00,J4,825,884,1709
2019-10-30T21:30:00+09:00,J5,413,456,869
2019-10-30T21:45:00+09:00,J1,620,658,1278
2019-10-30T21:45:00+09:00,J2,654,637,1291
2019-10-30T21:45:00+09:00,J3,602,626,1228
2019-10-30T21:45:00+09:00,J4,891,819,1710
2019-10-30T21:45:00+09:00,J5,402,456,858
2019-10-30T22:00:00+09:00,J1,651,638,1289
2019-10-30T22:00:00+09:00,J2,546,477,1023
2019-10-30T22:00:00+09:00,J3,605,557,1162
2019-10-30T22:00:00+09:00,J4,901,857,1758
2019-10-30T22:00:00+09:00,J5,429,466,895
2019-10-30T22:15:00+09:00,J1,607,586,1193
2019-10-30T22:15:00+09:00,J2,518,423,941
2019-10-30T22:15:00+09:00,J3,559,523,1082
2019-10-30T22:15:00+09:00,J4,856,849,1705
2019-10-30T22:15:00+09:00,J5,397,429,826
2019-10-30T22:30:00+09:00,J1,583,660,1243
2019-10-30T22:30:00+09:00,J2,490,390,880
2019-10-30T22:30:00+09:00,J3,549,525,1074
2019-10-30T22:30:00+09:00,J4,860,824,1684
2019-10-30T22:30:00+09:00,J5,368,443,811
2019-10-30T22:45:00+09:00,J1,572,612,1184
2019-10-30T22:45:00+09:00,J2,397,392,789
2019-10-30T22:45:00+09:00,J3,612,506,1118
2019-10-30T22:45:00+09:00,J4,700,705,1405
2019-10-30T22:45:00+09:00,J5,313,326,639
2019-10-30T23:00:00+09:00,J1,523,564,1087
2019-10-30T23:00:00+09:00,J2,379,331,710
2019-10-30T23:00:00+09:00,J3,679,514,1193
2019-10-30T23:00:00+09:00,J4,589,680,1269
2019-10-30T23:00:00+09:00,J5,278,334,612
2019-10-30T23:15:00+09:00,J1,541,590,1131
2019-10-30T23:15:00+09:00,J2,383,387,770
2019-10-30T23:15:00+09:00,J3,634,572,1206
2019-10-30T23:15:00+09:00,J4,738,793,1531
2019-10-30T23:15:00+09:00,J5,296,329,625
2019-10-30T23:30:00+09:00,J1,377,427,804
2019-10-30T23:30:00+09:00,J2,462,409,871
2019-10-30T23:30:00+09:00,J3,579,497,1076
2019-10-30T23:30:00+09:00,J4,573,572,1145
2019-10-30T23:30:00+09:00,J5,293,320,613
2019-10-30T23:45:00+09:00,J1,417,471,888
2019-10-30T23:45:00+09:00,J2,407,373,780
2019-10-30T23:45:00+09:00,J3,509,401,910
2019-10-30T23:45:00+09:00,J4,522,584,1106
2019-10-30T23:45:00+09:00,J5,286,321,607
2019-10-31T00:00:00+09:00,J1,286,268,554
2019-10-31T00:00:00+09:00,J2,234,249,483
2019-10-31T00:00:00+09:00,J3,527,432,959
2019-10-31T00:00:00+09:00,J4,504,544,1048
2019-10-31T00:00:00+09:00,J5,303,318,621
2019-10-31T00:15:00+09:00,J1,238,196,434
2019-10-31T00:15:00+09:00,J2,185,191,376
2019-10-31T00:15:00+09:00,J3,472,468,940
2019-10-31T00:15:00+09:00,J4,424,458,882
2019-10-31T00:15:00+09:00,J5,295,257,552
2019-10-31T00:30:00+09:00,J1,295,295,590
2019-10-31T00:30:00+09:00,J2,207,222,429
2019-10-31T00:30:00+09:00,J3,523,444,967
2019-10-31T00:30:00+09:00,J4,344,351,695
2019-10-31T00:30:00+09:00,J5,267,315,582
2019-10-31T00:45:00+09:00,J1,301,273,574
2019-10-31T00:45:00+09:00,J2,173,198,371
2019-10-31T00:45:00+09:00,J3,500,400,900
2019-10-31T00:45:00+09:00,J4,319,303,622
2019-10-31T00:45:00+09:00,J5,262,317,579
2019-10-31T05:45:00+09:00,J1,409,389,798
2019-10-31T05:45:00+09:00,J2,213,191,404
2019-10-31T05:45:00+09:00,J3,395,410,805
2019-10-31T05:45:00+09:00,J4,346,313,659
2019-10-31T05:45:00+09:00,J5,239,208,447
2019-10-31T06:00:00+09:00,J1,333,369,702
2019-10-31T06:00:00+09:00,J2,173,163,336
2019-10-31T06:00:00+09:00,J3,430,407,837
2019-10-31T06:00:00+09:00,J4,334,317,651
2019-10-31T06:00:00+09:00,J5,254,225,479
2019-10-31T06:15:00+09:00,J1,439,437,876
2019-10-31T06:15:00+09:00,J2,169,194,363
2019-10-31T06:15:00+09:00,J3,547,526,1073
2019-10-31T06:15:00+09:00,J4,540,606,1146
2019-10-31T06:15:00+09:00,J5,315,275,590
2019-10-31T06:30:00+09:00,J1,407,461,868
2019-10-31T06:30:00+09:00,J2,184,178,362
2019-10-31T06:30:00+09:00,J3,552,453,1005
2019-10-31T06:30:00+09:00,J4,478,581,1059
2019-10-31T06:30:00+09:00,J5,311,359,670
2019-10-31T06:45:00+09:00,J1,488,427,915
2019-10-31T06:45:00+09:00,J2,181,191,372
2019-10-31T06:45:00+09:00,J3,517,466,983
2019-10-31T06:45:00+09:00,J4,601,658,1259
2019-10-31T06:45:00+09:00,J5,393,375,768
2019-10-31T07:00:00+09:00,J1,533,512,1045
2019-10-31T07:00:00+09:00,J2,198,224,422
2019-10-31T07:00:00+09:00,J3,625,560,1185
2019-10-31T07:00:00+09:00,J4,749,873,1622
2019-10-31T07:00:00+09:00,J5,430,491,921
2019-10-31T07:15:00+09:00,J1,526,454,980
2019-10-31T07:15:00+09:00,J2,284,228,512
2019-10-31T07:15:00+09:00,J3,594,549,1143
2019-10-31T07:15:00+09:00,J4,909,967,1876
2019-10-31T07:15:00+09:00,J5,498,566,1064
2019-10-31T07:30:00+09:00,J1,688,551,1239
2019-10-31T07:30:00+09:00,J2,366,299,665
2019-10-31T07:30:00+09:00,J3,565,644,1209
2019-10-31T07:30:00+09:00,J4,903,1000,1903
2019-10-31T07:30:00+09:00,J5,574,519,1093
2019-10-31T07:45:00+09:00,J1,831,721,1552
2019-10-31T07:45:00+09:00,J2,501,349,850
2019-10-31T07:45:00+09:00,J3,762,815,1577
2019-10-31T07:45:00+09:00,J4,921,1090,2011
2019-10-31T07:45:00+09:00,J5,516,585,1101
2019-10-31T08:00:00+09:00,J1,1040,899,1939
2019-10-31T08:00:00+09:00,J2,585,458,1043
2019-10-31T08:00:00+09:00,J3,924,936,1860
2019-10-31T08:00:00+09:00,J4,732,1056,1788
2019-10-31T08:00:00+09:00,J5,432,466,898
2019-10-31T08:15:00+09:00,J1,1150,822,1972
2019-10-31T08:15:00+09:00,J2,544,399,943
2019-10-31T08:15:00+09:00,J3,851,1110,1961
2019-10-31T08:15:00+09:00,J4,820,1120,1940
2019-10-31T08:15:00+09:00,J5,433,490,923
2019-10-31T08:30:00+09:00,J1,1173,776,1949
2019-10-31T08:30:00+09:00,J2,578,316,894
2019-10-31T08:30:00+09:00,J3,955,1197,2152
2019-10-31T08:30:00+09:00,J4,778,1119,1897
2019-10-31T08:30:00+09:00,J5,501,506,1007
2019-10-31T08:45:00+09:00,J1,1038,690,1728
2019-10-31T08:45:00+09:00,J2,414,309,723
2019-10-31T08:45:00+09:00,J3,941,1067,2008
2019-10-31T08:45:00+09:00,J4,869,1016,1885
2019-10-31T08:45:00+09:00,J5,357,392,749
2019-10-31T09:00:00+09:00,J1,953,728,1681
2019-10-31T09:00:00+09:00,J2,356,396,752
2019-10-31T09:00:00+09:00,J3,865,829,1694
2019-10-31T09:00:00+09:00,J4,700,860,1560
2019-10-31T09:00:00+09:00,J5,336,326,662
2019-10-31T09:15:00+09:00,J1,745,591,1336
2019-10-31T09:15:00+09:00,J2,421,335,756
2019-10-31T09:15:00+09:00,J3,808,744,1552
2019-10-31T09:15:00+09:00,J4,831,830,1661
2019-10-31T09:15:00+09:00,J5,476,498,974
2019-10-31T09:30:00+09:00,J1,731,616,1347
2019-10-31T09:30:00+09:00,J2,396,366,762
2019-10-31T09:30:00+09:00,J3,769,753,1522
2019-10-31T09:30:00+09:00,J4,791,802,1593
2019-10-31T09:30:00+09:00,J5,497,519,1016
2019-10-31T09:45:00+09:00,J1,733,632,1365
2019-10-31T09:45:00+09:00,J2,343,278,621
2019-10-31T09:45:00+09:00,J3,755,697,1452
2019-10-31T09:45:00+09:00,J4,537,739,1276
2019-10-31T09:45:00+09:00,J5,487,482,969
2019-10-31T10:00:00+09:00,J1,715,632,1347
2019-10-31T10:00:00+09:00,J2,335,325,660
2019-10-31T10:00:00+09:00,J3,736,755,1491
2019-10-31T10:00:00+09:00,J4,470,558,1028
2019-10-31T10:00:00+09:00,J5,398,488,886
2019-10-31T10:15:00+09:00,J1,689,582,1271
2019-10-31T10:15:00+09:00,J2,349,321,670
2019-10-31T10:15:00+09:00,J3,665,688,1353
2019-10-31T10:15:00+09:00,J4,558,624,1182
2019-10-31T10:15:00+09:00,J5,402,396,798
2019-10-31T10:30:00+09:00,J1,735,627,1362
2019-10-31T10:30:00+09:00,J2,359,311,670
2019-10-31T10:30:00+09:00,J3,710,699,1409
2019-10-31T10:30:00+09:00,J4,650,596,1246
2019-10-31T10:30:00+09:00,J5,324,388,712
2019-10-31T10:45:00+09:00,J1,604,552,1156
2019-10-31T10:45:00+09:00,J2,398,325,723
2019-10-31T10:45:00+09:00,J3,638,694,1332
2019-10-31T10:45:00+09:00,J4,637,657,1294
2019-10-31T10:45:00+09:00,J5,306,381,687
2019-10-31T11:00:00+09:00,J1,608,562,1170
2019-10-31T11:00:00+09:00,J2,357,316,673
2019-10-31T11:00:00+09:00,J3,724,704,1428
2019-10-31T11:00:00+09:00,J4,649,673,1322
2019-10-31T11:00:00+09:00,J5,314,355,669
2019-10-31T11:15:00+09:00,J1,714,709,1423
2019-10-31T11:15:00+09:00,J2,410,338,748
2019-10-31T11:15:00+09:00,J3,699,758,1457
2019-10-31T11:15:00+09:00,J4,717,791,1508
2019-10-31T11:15:00+09:00,J5,299,325,624
2019-10-31T11:30:00+09:00,J1,795,788,1583
2019-10-31T11:30:00+09:00,J2,424,366,790
2019-10-31T11:30:00+09:00,J3,750,759,1509
2019-10-31T11:30:00+09:00,J4,600,639,1239
2019-10-31T11:30:00+09:00,J5,333,350,683
2019-10-31T11:45:00+09:00,J1,768,728,1496
2019-10-31T11:45:00+09:00,J2,484,410,894
2019-10-31T11:45:00+09:00,J3,765,800,1565
2019-10-31T11:45:00+09:00,J4,558,550,1108
2019-10-31T11:45:00+09:00,J5,363,398,761
2019-10-31T12:00:00+09:00,J1,750,751,1501
2019-10-31T12:00:00+09:00,J2,442,315,757
2019-10-31T12:00:00+09:00,J3,837,799,1636
2019-10-31T12:00:00+09:00,J4,602,532,1134
2019-10-31T12:00:00+09:00,J5,416,413,829
2019-10-31T12:15:00+09:00,J1,627,608,1235
2019-10-31T12:15:00+09:00,J2,427,320,747
2019-10-31T12:15:00+09:00,J3,762,743,1505
2019-10-31T12:15:00+09:00,J4,786,639,1425
2019-10-31T12:15:00+09:00,J5,423,462,885
2019-10-31T12:30:00+09:00,J1,646,631,1277
2019-10-31T12:30:00+09:00,J2,467,363,830
2019-10-31T12:30:00+09:00,J3,750,817,1567
2019-10-31T12:30:00+09:00,J4,906,891,1797
2019-10-31T12:30:00+09:00,J5,433,467,900
2019-10-31T12:45:00+09:00,J1,605,611,1216
2019-10-31T12:45:00+09:00,J2,426,322,748
2019-10-31T12:45:00+09:00,J3,742,726,1468
2019-10-31T12:45:00+09:00,J4,771,769,1540
2019-10-31T12:45:00+09:00,J5,415,448,863
2019-10-31T13:00:00+09:00,J1,537,616,1153
2019-10-31T13:00:00+09:00,J2,389,306,695
2019-10-31T13:00:00+09:00,J3,721,713,1434
2019-10-31T13:00:00+09:00,J4,739,706,1445
2019-10-31T13:00:00+09:00,J5,384,452,836
2019-10-31T13:15:00+09:00,J1,520,599,1119
2019-10-31T13:15:00+09:00,J2,405,331,736
2019-10-31T13:15:00+09:00,J3,706,587,1293
2019-10-31T13:15:00+09:00,J4,707,648,1355
2019-10-31T13:15:00+09:00,J5,393,456,849
2019-10-31T13:30:00+09:00,J1,534,584,1118
2019-10-31T13:30:00+09:00,J2,505,377,882
2019-10-31T13:30:00+09:00,J3,734,635,1369
2019-10-31T13:30:00+09:00,J4,644,641,1285
2019-10-31T13:30:00+09:00,J5,334,332,666
2019-10-31T13:45:00+09:00,J1,470,557,1027
2019-10-31T13:45:00+09:00,J2,508,445,953
2019-10-31T13:45:00+09:00,J3,692,562,1254
2019-10-31T13:45:00+09:00,J4,554,653,1207
2019-10-31T13:45:00+09:00,J5,273,330,603
2019-10-31T14:00:00+09:00,J1,435,559,994
2019-10-31T14:00:00+09:00,J2,550,430,980
2019-10-31T14:00:00+09:00,J3,689,566,1255
2019-10-31T14:00:00+09:00,J4,564,626,1190
2019-10-31T14:00:00+09:00,J5,270,309,579
2019-10-31T14:15:00+09:00,J1,487,488,975
2019-10-31T14:15:00+09:00,J2,543,503,1046
2019-10-31T14:15:00+09:00,J3,677,534,1211
2019-10-31T14:15:00+09:00,J4,625,582,1207
2019-10-31T14:15:00+09:00,J5,265,324,589
2019-10-31T14:30:00+09:00,J1,463,539,1002
2019-10-31T14:30:00+09:00,J2,533,418,951
2019-10-31T14:30:00+09:00,J3,651,526,1177
2019-10-31T14:30:00+09:00,J4,689,707,1396
2019-10-31T14:30:00+09:00,J5,268,288,556
2019-10-31T14:45:00+09:00,J1,432,571,1003
2019-10-31T14:45:00+09:00,J2,536,396,932
2019-10-31T14:45:00+09:00,J3,603,528,1131
2019-10-31T14:45:00+09:00,J4,608,656,1264
2019-10-31T14:45:00+09:00,J5,227,285,512
2019-10-31T15:00:00+09:00,J1,455,575,1030
2019-10-31T15:00:00+09:00,J2,539,485,1024
2019-10-31T15:00:00+09:00,J3,555,561,1116
2019-10-31T15:00:00+09:00,J4,667,665,1332
2019-10-31T15:00:00+09:00,J5,253,304,557
2019-10-31T15:15:00+09:00,J1,435,619,1054
2019-10-31T15:15:00+09:00,J2,522,404,926
2019-10-31T15:15:00+09:00,J3,585,559,1144
2019-10-31T15:15:00+09:00,J4,620,658,1278
2019-10-31T15:15:00+09:00,J5,235,283,518
2019-10-31T15:30:00+09:00,J1,519,592,1111
2019-10-31T15:30:00+09:00,J2,523,374,897
2019-10-31T15:30:00+09:00,J3,610,609,1219
2019-10-31T15:30:00+09:00,J4,561,635,1196
2019-10-31T15:30:00+09:00,J5,228,300,528
2019-10-31T15:45:00+09:00,J1,449,577,1026
2019-10-31T15:45:00+09:00,J2,510,370,880
2019-10-31T15:45:00+09:00,J3,647,604,1251
2019-10-31T15:45:00+09:00,J4,643,622,1265
2019-10-31T15:45:00+09:00,J5,221,289,510
2019-10-31T16:00:00+09:00,J1,472,589,1061
2019-10-31T16:00:00+09:00,J2,517,428,945
2019-10-31T16:00:00+09:00,J3,673,585,1258
2019-10-31T16:00:00+09:00,J4,570,637,1207
2019-10-31T16:00:00+09:00,J5,220,286,506
2019-10-31T16:15:00+09:00,J1,543,603,1146
2019-10-31T16:15:00+09:00,J2,538,443,981
2019-10-31T16:15:00+09:00,J3,674,604,1278
2019-10-31T16:15:00+09:00,J4,640,606,1246
2019-10-31T16:15:00+09:00,J5,227,272,499
2019-10-31T16:30:00+09:00,J1,543,585,1128
2019-10-31T16:30:00+09:00,J2,586,428,1014
2019-10-31T16:30:00+09:00,J3,715,634,1349
2019-10-31T16:30:00+09:00,J4,660,642,1302
2019-10-31T16:30:00+09:00,J5,246,305,551
2019-10-31T16:45:00+09:00,J1,508,609,1117
2019-10-31T16:45:00+09:00,J2,550,385,935
2019-10-31T16:45:00+09:00,J3,718,591,1309
2019-10-31T16:45:00+09:00,J4,641,675,1316
2019-10-31T16:45:00+09:00,J5,210,317,527
2019-10-31T17:00:00+09:00,J1,622,683,1305
2019-10-31T17:00:00+09:00,J2,532,353,885
2019-10-31T17:00:00+09:00,J3,835,725,1560
2019-10-31T17:00:00+09:00,J4,720,717,1437
2019-10-31T17:00:00+09:00,J5,292,317,609
2019-10-31T17:15:00+09:00,J1,819,765,1584
2019-10-31T17:15:00+09:00,J2,563,422,985
2019-10-31T17:15:00+09:00,J3,875,769,1644
2019-10-31T17:15:00+09:00,J4,772,709,1481
2019-10-31T17:15:00+09:00,J5,322,384,706
2019-10-31T17:30:00+09:00,J1,814,776,1590
2019-10-31T17:30:00+09:00,J2,604,478,1082
2019-10-31T17:30:00+09:00,J3,920,793,1713
2019-10-31T17:30:00+09:00,J4,793,792,1585
2019-10-31T17:30:00+09:00,J5,323,349,672
2019-10-31T17:45:00+09:00,J1,727,781,1508
2019-10-31T17:45:00+09:00,J2,532,350,882
2019-10-31T17:45:00+09:00,J3,964,747,1711
2019-10-31T17:45:00+09:00,J4,841,720,1561
2019-10-31T17:45:00+09:00,J5,372,388,760
2019-10-31T18:00:00+09:00,J1,762,842,1604
2019-10-31T18:00:00+09:00,J2,533,398,931
2019-10-31T18:00:00+09:00,J3,1030,780,1810
2019-10-31T18:00:00+09:00,J4,899,759,1658
2019-10-31T18:00:00+09:00,J5,356,408,764
2019-10-31T18:15:00+09:00,J1,709,809,1518
2019-10-31T18:15:00+09:00,J2,536,343,879
2019-10-31T18:15:00+09:00,J3,954,773,1727
2019-10-31T18:15:00+09:00,J4,856,763,1619
2019-10-31T18:15:00+09:00,J5,365,411,776
2019-10-31T18:30:00+09:00,J1,623,732,1355
2019-10-31T18:30:00+09:00,J2,466,389,855
2019-10-31T18:30:00+09:00,J3,840,683,1523
2019-10-31T18:30:00+09:00,J4,862,703,1565
2019-10-31T18:30:00+09:00,J5,325,361,686
2019-10-31T18:45:00+09:00,J1,599,647,1246
2019-10-31T18:45:00+09:00,J2,465,359,824
2019-10-31T18:45:00+09:00,J3,840,688,1528
2019-10-31T18:45:00+09:00,J4,834,751,1585
2019-10-31T18:45:00+09:00,J5,322,354,676
2019-10-31T19:00:00+09:00,J1,496,591,1087
2019-10-31T19:00:00+09:00,J2,508,388,896
2019-10-31T19:00:00+09:00,J3,794,674,1468
2019-10-31T19:00:00+09:00,J4,826,782,1608
2019-10-31T19:00:00+09:00,J5,318,356,674
2019-10-31T19:15:00+09:00,J1,514,611,1125
2019-10-31T19:15:00+09:00,J2,498,430,928
2019-10-31T19:15:00+09:00,J3,768,730,1498
2019-10-31T19:15:00+09:00,J4,795,755,1550
2019-10-31T19:15:00+09:00,J5,384,361,745
2019-10-31T19:30:00+09:00,J1,423,553,976
2019-10-31T19:30:00+09:00,J2,455,382,837
2019-10-31T19:30:00+09:00,J3,731,589,1320
2019-10-31T19:30:00+09:00,J4,792,735,1527
2019-10-31T19:30:00+09:00,J5,316,314,630
2019-10-31T19:45:00+09:00,J1,384,563,947
2019-10-31T19:45:00+09:00,J2,436,340,776
2019-10-31T19:45:00+09:00,J3,679,581,1260
2019-10-31T19:45:00+09:00,J4,826,771,1597
2019-10-31T19:45:00+09:00,J5,293,247,540
2019-10-31T20:00:00+09:00,J1,456,521,977
2019-10-31T20:00:00+09:00,J2,433,316,749
2019-10-31T20:00:00+09:00,J3,697,620,1317
2019-10-31T20:00:00+09:00,J4,902,766,1668
2019-10-31T20:00:00+09:00,J5,269,227,496
2019-10-31T20:15:00+09:00,J1,369,525,894
2019-10-31T20:15:00+09:00,J2,392,367,759
2019-10-31T20:15:00+09:00,J3,669,586,1255
2019-10-31T20:15:00+09:00,J4,855,792,1647
2019-10-31T20:15:00+09:00,J5,309,255,564
2019-10-31T20:30:00+09:00,J1,421,518,939
2019-10-31T20:30:00+09:00,J2,416,356,772
2019-10-31T20:30:00+09:00,J3,642,520,1162
2019-10-31T20:30:00+09:00,J4,782,737,1519
2019-10-31T20:30:00+09:00,J5,305,231,536
2019-10-31T20:45:00+09:00,J1,384,546,930
2019-10-31T20:45:00+09:00,J2,366,304,670
2019-10-31T20:45:00+09:00,J3,635,498,1133
2019-10-31T20:45:00+09:00,J4,838,701,1539
2019-10-31T20:45:00+09:00,J5,243,233,476
2019-10-31T21:00:00+09:00,J1,408,519,927
2019-10-31T21:00:00+09:00,J2,312,301,613
2019-10-31T21:00:00+09:00,J3,573,478,1051
2019-10-31T21:00:00+09:00,J4,862,770,1632
2019-10-31T21:00:00+09:00,J5,230,225,455
2019-10-31T21:15:00+09:00,J1,472,493,965
2019-10-31T21:15:00+09:00,J2,318,354,672
2019-10-31T21:15:00+09:00,J3,520,568,1088
2019-10-31T21:15:00+09:00,J4,882,739,1621
2019-10-31T21:15:00+09:00,J5,213,207,420
2019-10-31T21:30:00+09:00,J1,478,470,948
2019-10-31T21:30:00+09:00,J2,353,256,609
2019-10-31T21:30:00+09:00,J3,577,563,1140
2019-10-31T21:30:00+09:00,J4,795,746,1541
2019-10-31T21:30:00+09:00,J5,200,164,364
2019-10-31T21:45:00+09:00,J1,395,453,848
2019-10-31T21:45:00+09:00,J2,278,251,529
2019-10-31T21:45:00+09:00,J3,519,501,1020
2019-10-31T21:45:00+09:00,J4,803,760,1563
2019-10-31T21:45:00+09:00,J5,191,194,385
2019-10-31T22:00:00+09:00,J1,377,497,874
2019-10-31T22:00:00+09:00,J2,307,270,577
2019-10-31T22:00:00+09:00,J3,530,450,980
2019-10-31T22:00:00+09:00,J4,785,720,1505
2019-10-31T22:00:00+09:00,J5,174,194,368
2019-10-31T22:15:00+09:00,J1,368,416,784
2019-10-31T22:15:00+09:00,J2,281,270,551
2019-10-31T22:15:00+09:00,J3,541,405,946
2019-10-31T22:15:00+09:00,J4,795,713,1508
2019-10-31T22:15:00+09:00,J5,188,204,392
2019-10-31T22:30:00+09:00,J1,371,444,815
2019-10-31T22:30:00+09:00,J2,283,299,582
2019-10-31T22:30:00+09:00,J3,519,391,910
2019-10-31T22:30:00+09:00,J4,698,654,1352
2019-10-31T22:30:00+09:00,J5,155,227,382
2019-10-31T22:45:00+09:00,J1,431,396,827
2019-10-31T22:45:00+09:00,J2,273,270,543
2019-10-31T22:45:00+09:00,J3,513,374,887
2019-10-31T22:45:00+09:00,J4,733,647,1380
2019-10-31T22:45:00+09:00,J5,211,226,437
2019-10-31T23:00:00+09:00,J1,381,405,786
2019-10-31T23:00:00+09:00,J2,296,242,538
2019-10-31T23:00:00+09:00,J3,508,412,920
2019-10-31T23:00:00+09:00,J4,740,690,1430
2019-10-31T23:00:00+09:00,J5,215,240,455
2019-10-31T23:15:00+09:00,J1,367,382,749
2019-10-31T23:15:00+09:00,J2,286,293,579
2019-10-31T23:15:00+09:00,J3,449,410,859
2019-10-31T23:15:00+09:00,J4,736,665,1401
2019-10-31T23:15:00+09:00,J5,262,279,541
2019-10-31T23:30:00+09:00,J1,342,403,745
2019-10-31T23:30:00+09:00,J2,335,317,652
2019-10-31T23:30:00+09:00,J3,450,341,791
2019-10-31T23:30:00+09:00,J4,679,684,1363
2019-10-31T23:30:00+09:00,J5,255,289,544
2019-10-31T23:45:00+09:00,J1,284,362,646
2019-10-31T23:45:00+09:00,J2,328,293,621
2019-10-31T23:45:00+09:00,J3,472,353,825
2019-10-31T23:45:00+09:00,J4,716,629,1345
2019-10-31T23:45:00+09:00,J5,303,369,672
2019-11-01T00:00:00+09:00,J1,250,275,525
2019-11-01T00:00:00+09:00,J2,368,320,688
2019-11-01T00:00:00+09:00,J3,442,344,786
2019-11-01T00:00:00+09:00,J4,591,443,1034
2019-11-01T00:00:00+09:00,J5,313,352,665
2019-11-01T00:15:00+09:00,J1,201,273,474
2019-11-01T00:15:00+09:00,J2,388,357,745
2019-11-01T00:15:00+09:00,J3,375,389,764
2019-11-01T00:15:00+09:00,J4,467,370,837
2019-11-01T00:15:00+09:00,J5,385,396,781
2019-11-01T00:30:00+09:00,J1,145,215,360
2019-11-01T00:30:00+09:00,J2,465,387,852
2019-11-01T00:30:00+09:00,J3,283,392,675
2019-11-01T00:30:00+09:00,J4,289,230,519
2019-11-01T00:30:00+09:00,J5,322,418,740
2019-11-01T00:45:00+09:00,J1,166,228,394
2019-11-01T00:45:00+09:00,J2,442,454,896
2019-11-01T00:45:00+09:00,J3,363,340,703
2019-11-01T00:45:00+09:00,J4,448,393,841
2019-11-01T00:45:00+09:00,J5,312,378,690
