日時,アレイ,札幌→大通り,大通り→札幌,合計
2020-01-01T05:45:00+09:00,J1,904,906,1810
2020-01-01T05:45:00+09:00,J2,748,801,1549
2020-01-01T05:45:00+09:00,J3,984,733,1717
2020-01-01T05:45:00+09:00,J4,823,858,1681
2020-01-01T05:45:00+09:00,J5,699,654,1353
2020-01-01T06:00:00+09:00,J1,788,823,1611
2020-01-01T06:00:00+09:00,J2,709,744,1453
2020-01-01T06:00:00+09:00,J3,990,731,1721
2020-01-01T06:00:00+09:00,J4,569,644,1213
2020-01-01T06:00:00+09:00,J5,655,569,1224
2020-01-01T06:15:00+09:00,J1,779,871,1650
2020-01-01T06:15:00+09:00,J2,683,694,1377
2020-01-01T06:15:00+09:00,J3,959,808,1767
2020-01-01T06:15:00+09:00,J4,669,681,1350
2020-01-01T06:15:00+09:00,J5,575,590,1165
2020-01-01T06:30:00+09:00,J1,759,884,1643
2020-01-01T06:30:00+09:00,J2,675,742,1417
2020-01-01T06:30:00+09:00,J3,897,709,1606
2020-01-01T06:30:00+09:00,J4,534,563,1097
2020-01-01T06:30:00+09:00,J5,624,592,1216
2020-01-01T06:45:00+09:00,J1,787,857,1644
2020-01-01T06:45:00+09:00,J2,669,711,1380
2020-01-01T06:45:00+09:00,J3,881,707,1588
2020-01-01T06:45:00+09:00,J4,540,597,1137
2020-01-01T06:45:00+09:00,J5,628,593,1221
2020-01-01T07:00:00+09:00,J1,901,1002,1903
2020-01-01T07:00:00+09:00,J2,535,595,1130
2020-01-01T07:00:00+09:00,J3,940,743,1683
2020-01-01T07:00:00+09:00,J4,585,614,1199
2020-01-01T07:00:00+09:00,J5,672,670,1342
2020-01-01T07:15:00+09:00,J1,925,1058,1983
2020-01-01T07:15:00+09:00,J2,597,615,1212
2020-01-01T07:15:00+09:00,J3,925,729,1654
2020-01-01T07:15:00+09:00,J4,572,657,1229
2020-01-01T07:15:00+09:00,J5,674,607,1281
2020-01-01T07:30:00+09:00,J1,906,1002,1908
2020-01-01T07:30:00+09:00,J2,584,701,1285
2020-01-01T07:30:00+09:00,J3,913,704,1617
2020-01-01T07:30:00+09:00,J4,635,702,1337
2020-01-01T07:30:00+09:00,J5,710,682,1392
2020-01-01T07:45:00+09:00,J1,955,1029,1984
2020-01-01T07:45:00+09:00,J2,556,669,1225
2020-01-01T07:45:00+09:00,J3,897,685,1582
2020-01-01T07:45:00+09:00,J4,622,655,1277
2020-01-01T07:45:00+09:00,J5,674,623,1297
2020-01-01T08:00:00+09:00,J1,1032,1116,2148
2020-01-01T08:00:00+09:00,J2,732,787,1519
2020-01-01T08:00:00+09:00,J3,1174,981,2155
2020-01-01T08:00:00+09:00,J4,605,712,1317
2020-01-01T08:00:00+09:00,J5,536,561,1097
2020-01-01T08:15:00+09:00,J1,964,1138,2102
2020-01-01T08:15:00+09:00,J2,916,812,1728
2020-01-01T08:15:00+09:00,J3,1181,1067,2248
2020-01-01T08:15:00+09:00,J4,582,656,1238
2020-01-01T08:15:00+09:00,J5,562,569,1131
2020-01-01T08:30:00+09:00,J1,1007,1262,2269
2020-01-01T08:30:00+09:00,J2,801,779,1580
2020-01-01T08:30:00+09:00,J3,1294,1077,2371
2020-01-01T08:30:00+09:00,J4,647,662,1309
2020-01-01T08:30:00+09:00,J5,578,477,1055
2020-01-01T08:45:00+09:00,J1,1022,1131,2153
2020-01-01T08:45:00+09:00,J2,693,638,1331
2020-01-01T08:45:00+09:00,J3,1299,1134,2433
2020-01-01T08:45:00+09:00,J4,645,590,1235
2020-01-01T08:45:00+09:00,J5,497,487,984
2020-01-01T09:00:00+09:00,J1,968,1045,2013
2020-01-01T09:00:00+09:00,J2,882,876,1758
2020-01-01T09:00:00+09:00,J3,796,686,1482
2020-01-01T09:00:00+09:00,J4,546,588,1134
2020-01-01T09:00:00+09:00,J5,540,544,1084
2020-01-01T09:15:00+09:00,J1,1057,1106,2163
2020-01-01T09:15:00+09:00,J2,714,753,1467
2020-01-01T09:15:00+09:00,J3,892,717,1609
2020-01-01T09:15:00+09:00,J4,827,801,1628
2020-01-01T09:15:00+09:00,J5,431,471,902
2020-01-01T09:30:00+09:00,J1,1057,1020,2077
2020-01-01T09:30:00+09:00,J2,698,776,1474
2020-01-01T09:30:00+09:00,J3,917,776,1693
2020-01-01T09:30:00+09:00,J4,880,940,1820
2020-01-01T09:30:00+09:00,J5,411,391,802
2020-01-01T09:45:00+09:00,J1,1040,1139,2179
2020-01-01T09:45:00+09:00,J2,594,628,1222
2020-01-01T09:45:00+09:00,J3,885,849,1734
2020-01-01T09:45:00+09:00,J4,839,837,1676
2020-01-01T09:45:00+09:00,J5,460,429,889
2020-01-01T10:00:00+09:00,J1,1007,1089,2096
2020-01-01T10:00:00+09:00,J2,542,560,1102
2020-01-01T10:00:00+09:00,J3,1072,890,1962
2020-01-01T10:00:00+09:00,J4,814,782,1596
2020-01-01T10:00:00+09:00,J5,397,402,799
2020-01-01T10:15:00+09:00,J1,1013,1093,2106
2020-01-01T10:15:00+09:00,J2,508,435,943
2020-01-01T10:15:00+09:00,J3,1011,880,1891
2020-01-01T10:15:00+09:00,J4,693,711,1404
2020-01-01T10:15:00+09:00,J5,444,434,878
2020-01-01T10:30:00+09:00,J1,1053,1158,2211
2020-01-01T10:30:00+09:00,J2,530,532,1062
2020-01-01T10:30:00+09:00,J3,904,847,1751
2020-01-01T10:30:00+09:00,J4,656,715,1371
2020-01-01T10:30:00+09:00,J5,489,445,934
2020-01-01T10:45:00+09:00,J1,1053,1152,2205
2020-01-01T10:45:00+09:00,J2,534,610,1144
2020-01-01T10:45:00+09:00,J3,1061,914,1975
2020-01-01T10:45:00+09:00,J4,657,698,1355
2020-01-01T10:45:00+09:00,J5,459,485,944
2020-01-01T11:00:00+09:00,J1,1115,1170,2285
2020-01-01T11:00:00+09:00,J2,540,563,1103
2020-01-01T11:00:00+09:00,J3,1052,925,1977
2020-01-01T11:00:00+09:00,J4,649,741,1390
2020-01-01T11:00:00+09:00,J5,498,484,982
2020-01-01T11:15:00+09:00,J1,999,1241,2240
2020-01-01T11:15:00+09:00,J2,647,608,1255
2020-01-01T11:15:00+09:00,J3,1182,1044,2226
2020-01-01T11:15:00+09:00,J4,666,775,1441
2020-01-01T11:15:00+09:00,J5,407,368,775
2020-01-01T11:30:00+09:00,J1,1097,1160,2257
2020-01-01T11:30:00+09:00,J2,681,647,1328
2020-01-01T11:30:00+09:00,J3,1122,1057,2179
2020-01-01T11:30:00+09:00,J4,661,690,1351
2020-01-01T11:30:00+09:00,J5,392,424,816
2020-01-01T11:45:00+09:00,J1,1108,1214,2322
2020-01-01T11:45:00+09:00,J2,641,651,1292
2020-01-01T11:45:00+09:00,J3,1050,963,2013
2020-01-01T11:45:00+09:00,J4,590,649,1239
2020-01-01T11:45:00+09:00,J5,419,472,891
2020-01-01T12:00:00+09:00,J1,1130,1221,2351
2020-01-01T12:00:00+09:00,J2,615,700,1315
2020-01-01T12:00:00+09:00,J3,825,799,1624
2020-01-01T12:00:00+09:00,J4,621,637,1258
2020-01-01T12:00:00+09:00,J5,381,419,800
2020-01-01T12:15:00+09:00,J1,1110,1218,2328
2020-01-01T12:15:00+09:00,J2,653,665,1318
2020-01-01T12:15:00+09:00,J3,774,800,1574
2020-01-01T12:15:00+09:00,J4,572,700,1272
2020-01-01T12:15:00+09:00,J5,421,447,868
2020-01-01T12:30:00+09:00,J1,1045,1162,2207
2020-01-01T12:30:00+09:00,J2,579,582,1161
2020-01-01T12:30:00+09:00,J3,849,707,1556
2020-01-01T12:30:00+09:00,J4,715,784,1499
2020-01-01T12:30:00+09:00,J5,444,463,907
2020-01-01T12:45:00+09:00,J1,1043,1177,2220
2020-01-01T12:45:00+09:00,J2,692,639,1331
2020-01-01T12:45:00+09:00,J3,804,629,1433
2020-01-01T12:45:00+09:00,J4,716,764,1480
2020-01-01T12:45:00+09:00,J5,397,434,831
2020-01-01T13:00:00+09:00,J1,1014,1115,2129
2020-01-01T13:00:00+09:00,J2,586,592,1178
2020-01-01T13:00:00+09:00,J3,798,713,1511
2020-01-01T13:00:00+09:00,J4,708,712,1420
2020-01-01T13:00:00+09:00,J5,454,499,953
2020-01-01T13:15:00+09:00,J1,1002,1121,2123
2020-01-01T13:15:00+09:00,J2,639,650,1289
2020-01-01T13:15:00+09:00,J3,877,802,1679
2020-01-01T13:15:00+09:00,J4,714,726,1440
2020-01-01T13:15:00+09:00,J5,413,444,857
2020-01-01T13:30:00+09:00,J1,1028,1124,2152
2020-01-01T13:30:00+09:00,J2,696,724,1420
2020-01-01T13:30:00+09:00,J3,822,722,1544
2020-01-01T13:30:00+09:00,J4,609,698,1307
2020-01-01T13:30:00+09:00,J5,458,481,939
2020-01-01T13:45:00+09:00,J1,1030,1130,2160
2020-01-01T13:45:00+09:00,J2,781,803,1584
2020-01-01T13:45:00+09:00,J3,812,764,1576
2020-01-01T13:45:00+09:00,J4,617,710,1327
2020-01-01T13:45:00+09:00,J5,524,474,998
2020-01-01T14:00:00+09:00,J1,989,1164,2153
2020-01-01T14:00:00+09:00,J2,837,789,1626
2020-01-01T14:00:00+09:00,J3,925,789,1714
2020-01-01T14:00:00+09:00,J4,551,637,1188
2020-01-01T14:00:00+09:00,J5,485,494,979
2020-01-01T14:15:00+09:00,J1,1011,1188,2199
2020-01-01T14:15:00+09:00,J2,809,739,1548
2020-01-01T14:15:00+09:00,J3,964,864,1828
2020-01-01T14:15:00+09:00,J4,617,638,1255
2020-01-01T14:15:00+09:00,J5,473,439,912
2020-01-01T14:30:00+09:00,J1,1081,1159,2240
2020-01-01T14:30:00+09:00,J2,717,759,1476
2020-01-01T14:30:00+09:00,J3,970,839,1809
2020-01-01T14:30:00+09:00,J4,518,597,1115
2020-01-01T14:30:00+09:00,J5,451,485,936
2020-01-01T14:45:00+09:00,J1,1122,1207,2329
2020-01-01T14:45:00+09:00,J2,658,636,1294
2020-01-01T14:45:00+09:00,J3,935,824,1759
2020-01-01T14:45:00+09:00,J4,596,591,1187
2020-01-01T14:45:00+09:00,J5,358,424,782
2020-01-01T15:00:00+09:00,J1,1041,1175,2216
2020-01-01T15:00:00+09:00,J2,670,648,1318
2020-01-01T15:00:00+09:00,J3,893,857,1750
2020-01-01T15:00:00+09:00,J4,585,615,1200
2020-01-01T15:00:00+09:00,J5,419,501,920
2020-01-01T15:15:00+09:00,J1,1058,1215,2273
2020-01-01T15:15:00+09:00,J2,684,703,1387
2020-01-01T15:15:00+09:00,J3,869,800,1669
2020-01-01T15:15:00+09:00,J4,567,658,1225
2020-01-01T15:15:00+09:00,J5,464,464,928
2020-01-01T15:30:00+09:00,J1,1069,1199,2268
2020-01-01T15:30:00+09:00,J2,738,662,1400
2020-01-01T15:30:00+09:00,J3,888,836,1724
2020-01-01T15:30:00+09:00,J4,543,612,1155
2020-01-01T15:30:00+09:00,J5,436,459,895
2020-01-01T15:45:00+09:00,J1,1071,1182,2253
2020-01-01T15:45:00+09:00,J2,797,701,1498
2020-01-01T15:45:00+09:00,J3,828,842,1670
2020-01-01T15:45:00+09:00,J4,521,598,1119
2020-01-01T15:45:00+09:00,J5,476,471,947
2020-01-01T16:00:00+09:00,J1,1100,1197,2297
2020-01-01T16:00:00+09:00,J2,755,684,1439
2020-01-01T16:00:00+09:00,J3,1031,760,1791
2020-01-01T16:00:00+09:00,J4,587,525,1112
2020-01-01T16:00:00+09:00,J5,531,568,1099
2020-01-01T16:15:00+09:00,J1,1062,1154,2216
2020-01-01T16:15:00+09:00,J2,755,722,1477
2020-01-01T16:15:00+09:00,J3,1067,842,1909
2020-01-01T16:15:00+09:00,J4,568,632,1200
2020-01-01T16:15:00+09:00,J5,575,634,1209
2020-01-01T16:30:00+09:00,J1,1111,1193,2304
2020-01-01T16:30:00+09:00,J2,742,695,1437
2020-01-01T16:30:00+09:00,J3,1153,894,2047
2020-01-01T16:30:00+09:00,J4,531,510,1041
2020-01-01T16:30:00+09:00,J5,639,604,1243
2020-01-01T16:45:00+09:00,J1,1074,1249,2323
2020-01-01T16:45:00+09:00,J2,842,715,1557
2020-01-01T16:45:00+09:00,J3,1208,938,2146
2020-01-01T16:45:00+09:00,J4,535,545,1080
2020-01-01T16:45:00+09:00,J5,623,679,1302
2020-01-01T17:00:00+09:00,J1,1086,1198,2284
2020-01-01T17:00:00+09:00,J2,851,721,1572
2020-01-01T17:00:00+09:00,J3,1189,1054,2243
2020-01-01T17:00:00+09:00,J4,688,655,1343
2020-01-01T17:00:00+09:00,J5,568,586,1154
2020-01-01T17:15:00+09:00,J1,1006,1268,2274
2020-01-01T17:15:00+09:00,J2,687,683,1370
2020-01-01T17:15:00+09:00,J3,1208,950,2158
2020-01-01T17:15:00+09:00,J4,573,585,1158
2020-01-01T17:15:00+09:00,J5,552,570,1122
2020-01-01T17:30:00+09:00,J1,1086,1192,2278
2020-01-01T17:30:00+09:00,J2,810,726,1536
2020-01-01T17:30:00+09:00,J3,1449,1131,2580
2020-01-01T17:30:00+09:00,J4,545,607,1152
2020-01-01T17:30:00+09:00,J5,574,593,1167
2020-01-01T17:45:00+09:00,J1,1041,1202,2243
2020-01-01T17:45:00+09:00,J2,732,705,1437
2020-01-01T17:45:00+09:00,J3,1460,1182,2642
2020-01-01T17:45:00+09:00,J4,603,585,1188
2020-01-01T17:45:00+09:00,J5,581,643,1224
2020-01-01T18:00:00+09:00,J1,1124,1147,2271
2020-01-01T18:00:00+09:00,J2,701,676,1377
2020-01-01T18:00:00+09:00,J3,1399,1115,2514
2020-01-01T18:00:00+09:00,J4,536,604,1140
2020-01-01T18:00:00+09:00,J5,589,584,1173
2020-01-01T18:15:00+09:00,J1,1058,1221,2279
2020-01-01T18:15:00+09:00,J2,757,767,1524
2020-01-01T18:15:00+09:00,J3,1329,1017,2346
2020-01-01T18:15:00+09:00,J4,679,646,1325
2020-01-01T18:15:00+09:00,J5,568,589,1157
2020-01-01T18:30:00+09:00,J1,1006,1146,2152
2020-01-01T18:30:00+09:00,J2,689,759,1448
2020-01-01T18:30:00+09:00,J3,884,782,1666
2020-01-01T18:30:00+09:00,J4,693,744,1437
2020-01-01T18:30:00+09:00,J5,561,510,1071
2020-01-01T18:45:00+09:00,J1,1028,1130,2158
2020-01-01T18:45:00+09:00,J2,715,698,1413
2020-01-01T18:45:00+09:00,J3,789,688,1477
2020-01-01T18:45:00+09:00,J4,663,590,1253
2020-01-01T18:45:00+09:00,J5,509,535,1044
2020-01-01T19:00:00+09:00,J1,1015,1084,2099
2020-01-01T19:00:00+09:00,J2,638,626,1264
2020-01-01T19:00:00+09:00,J3,930,830,1760
2020-01-01T19:00:00+09:00,J4,602,532,1134
2020-01-01T19:00:00+09:00,J5,499,461,960
2020-01-01T19:15:00+09:00,J1,932,1070,2002
2020-01-01T19:15:00+09:00,J2,607,590,1197
2020-01-01T19:15:00+09:00,J3,903,783,1686
2020-01-01T19:15:00+09:00,J4,584,553,1137
2020-01-01T19:15:00+09:00,J5,511,495,1006
2020-01-01T19:30:00+09:00,J1,951,1065,2016
2020-01-01T19:30:00+09:00,J2,684,614,1298
2020-01-01T19:30:00+09:00,J3,811,681,1492
2020-01-01T19:30:00+09:00,J4,594,585,1179
2020-01-01T19:30:00+09:00,J5,446,444,890
2020-01-01T19:45:00+09:00,J1,939,1098,2037
2020-01-01T19:45:00+09:00,J2,581,556,1137
2020-01-01T19:45:00+09:00,J3,711,533,1244
2020-01-01T19:45:00+09:00,J4,617,629,1246
2020-01-01T19:45:00+09:00,J5,474,467,941
2020-01-01T20:00:00+09:00,J1,907,965,1872
2020-01-01T20:00:00+09:00,J2,491,573,1064
2020-01-01T20:00:00+09:00,J3,601,577,1178
2020-01-01T20:00:00+09:00,J4,656,807,1463
2020-01-01T20:00:00+09:00,J5,456,527,983
2020-01-01T20:15:00+09:00,J1,980,1097,2077
2020-01-01T20:15:00+09:00,J2,588,542,1130
2020-01-01T20:15:00+09:00,J3,783,659,1442
2020-01-01T20:15:00+09:00,J4,876,888,1764
2020-01-01T20:15:00+09:00,J5,413,430,843
2020-01-01T20:30:00+09:00,J1,913,1038,1951
2020-01-01T20:30:00+09:00,J2,559,604,1163
2020-01-01T20:30:00+09:00,J3,948,757,1705
2020-01-01T20:30:00+09:00,J4,640,629,1269
2020-01-01T20:30:00+09:00,J5,497,515,1012
2020-01-01T20:45:00+09:00,J1,941,1101,2042
2020-01-01T20:45:00+09:00,J2,525,551,1076
2020-01-01T20:45:00+09:00,J3,864,771,1635
2020-01-01T20:45:00+09:00,J4,662,576,1238
2020-01-01T20:45:00+09:00,J5,519,469,988
2020-01-01T21:00:00+09:00,J1,893,1073,1966
2020-01-01T21:00:00+09:00,J2,635,583,1218
2020-01-01T21:00:00+09:00,J3,790,663,1453
2020-01-01T21:00:00+09:00,J4,580,612,1192
2020-01-01T21:00:00+09:00,J5,481,458,939
2020-01-01T21:15:00+09:00,J1,861,954,1815
2020-01-01T21:15:00+09:00,J2,696,645,1341
2020-01-01T21:15:00+09:00,J3,656,567,1223
2020-01-01T21:15:00+09:00,J4,564,679,1243
2020-01-01T21:15:00+09:00,J5,495,508,1003
2020-01-01T21:30:00+09:00,J1,874,972,1846
2020-01-01T21:30:00+09:00,J2,648,577,1225
2020-01-01T21:30:00+09:00,J3,637,504,1141
2020-01-01T21:30:00+09:00,J4,626,663,1289
2020-01-01T21:30:00+09:00,J5,534,512,1046
2020-01-01T21:45:00+09:00,J1,852,961,1813
2020-01-01T21:45:00+09:00,J2,608,608,1216
2020-01-01T21:45:00+09:00,J3,663,565,1228
2020-01-01T21:45:00+09:00,J4,598,611,1209
2020-01-01T21:45:00+09:00,J5,452,496,948
2020-01-01T22:00:00+09:00,J1,847,980,1827
2020-01-01T22:00:00+09:00,J2,577,622,1199
2020-01-01T22:00:00+09:00,J3,632,550,1182
2020-01-01T22:00:00+09:00,J4,572,654,1226
2020-01-01T22:00:00+09:00,J5,502,508,1010
2020-01-01T22:15:00+09:00,J1,865,912,1777
2020-01-01T22:15:00+09:00,J2,635,634,1269
2020-01-01T22:15:00+09:00,J3,632,542,1174
2020-01-01T22:15:00+09:00,J4,565,634,1199
2020-01-01T22:15:00+09:00,J5,499,497,996
2020-01-01T22:30:00+09:00,J1,850,930,1780
2020-01-01T22:30:00+09:00,J2,596,577,1173
2020-01-01T22:30:00+09:00,J3,603,553,1156
2020-01-01T22:30:00+09:00,J4,474,523,997
2020-01-01T22:30:00+09:00,J5,500,517,1017
2020-01-01T22:45:00+09:00,J1,835,946,1781
2020-01-01T22:45:00+09:00,J2,615,626,1241
2020-01-01T22:45:00+09:00,J3,604,515,1119
2020-01-01T22:45:00+09:00,J4,524,585,1109
2020-01-01T22:45:00+09:00,J5,553,543,1096
2020-01-01T23:00:00+09:00,J1,768,841,1609
2020-01-01T23:00:00+09:00,J2,618,561,1179
2020-01-01T23:00:00+09:00,J3,649,494,1143
2020-01-01T23:00:00+09:00,J4,544,601,1145
2020-01-01T23:00:00+09:00,J5,529,542,1071
2020-01-01T23:15:00+09:00,J1,870,906,1776
2020-01-01T23:15:00+09:00,J2,620,569,1189
2020-01-01T23:15:00+09:00,J3,513,452,965
2020-01-01T23:15:00+09:00,J4,592,607,1199
2020-01-01T23:15:00+09:00,J5,601,540,1141
2020-01-01T23:30:00+09:00,J1,871,899,1770
2020-01-01T23:30:00+09:00,J2,601,558,1159
2020-01-01T23:30:00+09:00,J3,550,485,1035
2020-01-01T23:30:00+09:00,J4,504,606,1110
2020-01-01T23:30:00+09:00,J5,526,552,1078
2020-01-01T23:45:00+09:00,J1,823,859,1682
2020-01-01T23:45:00+09:00,J2,623,531,1154
2020-01-01T23:45:00+09:00,J3,528,508,1036
2020-01-01T23:45:00+09:00,J4,451,503,954
2020-01-01T23:45:00+09:00,J5,565,546,1111
2020-01-02T00:00:00+09:00,J1,727,797,1524
2020-01-02T00:00:00+09:00,J2,564,536,1100
2020-01-02T00:00:00+09:00,J3,681,599,1280
2020-01-02T00:00:00+09:00,J4,427,440,867
2020-01-02T00:00:00+09:00,J5,590,543,1133
2020-01-02T00:15:00+09:00,J1,552,575,1127
2020-01-02T00:15:00+09:00,J2,613,581,1194
2020-01-02T00:15:00+09:00,J3,759,727,1486
2020-01-02T00:15:00+09:00,J4,457,514,971
2020-01-02T00:15:00+09:00,J5,620,641,1261
2020-01-02T00:30:00+09:00,J1,577,584,1161
2020-01-02T00:30:00+09:00,J2,731,669,1400
2020-01-02T00:30:00+09:00,J3,771,692,1463
2020-01-02T00:30:00+09:00,J4,602,626,1228
2020-01-02T00:30:00+09:00,J5,658,636,1294
2020-01-02T00:45:00+09:00,J1,522,525,1047
2020-01-02T00:45:00+09:00,J2,681,666,1347
2020-01-02T00:45:00+09:00,J3,799,646,1445
2020-01-02T00:45:00+09:00,J4,587,564,1151
2020-01-02T00:45:00+09:00,J5,673,687,1360
2020-01-02T05:45:00+09:00,J1,705,768,1473
2020-01-02T05:45:00+09:00,J2,487,537,1024
2020-01-02T05:45:00+09:00,J3,827,597,1424
2020-01-02T05:45:00+09:00,J4,860,784,1644
2020-01-02T05:45:00+09:00,J5,525,487,1012
2020-01-02T06:00:00+09:00,J1,758,748,1506
2020-01-02T06:00:00+09:00,J2,626,636,1262
2020-01-02T06:00:00+09:00,J3,936,634,1570
2020-01-02T06:00:00+09:00,J4,756,816,1572
2020-01-02T06:00:00+09:00,J5,623,570,1193
2020-01-02T06:15:00+09:00,J1,801,800,1601
2020-01-02T06:15:00+09:00,J2,580,650,1230
2020-01-02T06:15:00+09:00,J3,881,741,1622
2020-01-02T06:15:00+09:00,J4,728,813,1541
2020-01-02T06:15:00+09:00,J5,615,545,1160
2020-01-02T06:30:00+09:00,J1,750,751,1501
2020-01-02T06:30:00+09:00,J2,519,620,1139
2020-01-02T06:30:00+09:00,J3,976,730,1706
2020-01-02T06:30:00+09:00,J4,696,739,1435
2020-01-02T06:30:00+09:00,J5,623,594,1217
2020-01-02T06:45:00+09:00,J1,773,816,1589
2020-01-02T06:45:00+09:00,J2,587,622,1209
2020-01-02T06:45:00+09:00,J3,918,783,1701
2020-01-02T06:45:00+09:00,J4,678,793,1471
2020-01-02T06:45:00+09:00,J5,584,578,1162
2020-01-02T07:00:00+09:00,J1,874,944,1818
2020-01-02T07:00:00+09:00,J2,511,567,1078
2020-01-02T07:00:00+09:00,J3,960,737,1697
2020-01-02T07:00:00+09:00,J4,681,837,1518
2020-01-02T07:00:00+09:00,J5,687,604,1291
2020-01-02T07:15:00+09:00,J1,881,952,1833
2020-01-02T07:15:00+09:00,J2,622,602,1224
2020-01-02T07:15:00+09:00,J3,1002,736,1738
2020-01-02T07:15:00+09:00,J4,786,881,1667
2020-01-02T07:15:00+09:00,J5,640,606,1246
2020-01-02T07:30:00+09:00,J1,953,1066,2019
2020-01-02T07:30:00+09:00,J2,620,585,1205
2020-01-02T07:30:00+09:00,J3,910,804,1714
2020-01-02T07:30:00+09:00,J4,772,828,1600
2020-01-02T07:30:00+09:00,J5,602,612,1214
2020-01-02T07:45:00+09:00,J1,951,1048,1999
2020-01-02T07:45:00+09:00,J2,599,610,1209
2020-01-02T07:45:00+09:00,J3,945,815,1760
2020-01-02T07:45:00+09:00,J4,757,850,1607
2020-01-02T07:45:00+09:00,J5,579,552,1131
2020-01-02T08:00:00+09:00,J1,1050,1063,2113
2020-01-02T08:00:00+09:00,J2,788,738,1526
2020-01-02T08:00:00+09:00,J3,1126,955,2081
2020-01-02T08:00:00+09:00,J4,744,808,1552
2020-01-02T08:00:00+09:00,J5,552,515,1067
2020-01-02T08:15:00+09:00,J1,1073,1253,2326
2020-01-02T08:15:00+09:00,J2,746,766,1512
2020-01-02T08:15:00+09:00,J3,1123,928,2051
2020-01-02T08:15:00+09:00,J4,728,811,1539
2020-01-02T08:15:00+09:00,J5,431,385,816
2020-01-02T08:30:00+09:00,J1,993,1196,2189
2020-01-02T08:30:00+09:00,J2,751,740,1491
2020-01-02T08:30:00+09:00,J3,1200,1069,2269
2020-01-02T08:30:00+09:00,J4,739,815,1554
2020-01-02T08:30:00+09:00,J5,423,446,869
2020-01-02T08:45:00+09:00,J1,1021,1227,2248
2020-01-02T08:45:00+09:00,J2,823,805,1628
2020-01-02T08:45:00+09:00,J3,1208,1108,2316
2020-01-02T08:45:00+09:00,J4,701,818,1519
2020-01-02T08:45:00+09:00,J5,454,512,966
2020-01-02T09:00:00+09:00,J1,946,1103,2049
2020-01-02T09:00:00+09:00,J2,918,806,1724
2020-01-02T09:00:00+09:00,J3,935,863,1798
2020-01-02T09:00:00+09:00,J4,728,872,1600
2020-01-02T09:00:00+09:00,J5,496,443,939
2020-01-02T09:15:00+09:00,J1,1032,1183,2215
2020-01-02T09:15:00+09:00,J2,983,821,1804
2020-01-02T09:15:00+09:00,J3,971,844,1815
2020-01-02T09:15:00+09:00,J4,791,880,1671
2020-01-02T09:15:00+09:00,J5,583,549,1132
2020-01-02T09:30:00+09:00,J1,1029,1193,2222
2020-01-02T09:30:00+09:00,J2,951,773,1724
2020-01-02T09:30:00+09:00,J3,944,868,1812
2020-01-02T09:30:00+09:00,J4,894,943,1837
2020-01-02T09:30:00+09:00,J5,561,556,1117
2020-01-02T09:45:00+09:00,J1,1115,1182,2297
2020-01-02T09:45:00+09:00,J2,731,650,1381
2020-01-02T09:45:00+09:00,J3,984,867,1851
2020-01-02T09:45:00+09:00,J4,836,960,1796
2020-01-02T09:45:00+09:00,J5,614,583,1197
2020-01-02T10:00:00+09:00,J1,1113,1183,2296
2020-01-02T10:00:00+09:00,J2,668,624,1292
2020-01-02T10:00:00+09:00,J3,904,834,1738
2020-01-02T10:00:00+09:00,J4,679,812,1491
2020-01-02T10:00:00+09:00,J5,590,561,1151
2020-01-02T10:15:00+09:00,J1,1114,1218,2332
2020-01-02T10:15:00+09:00,J2,751,612,1363
2020-01-02T10:15:00+09:00,J3,895,849,1744
2020-01-02T10:15:00+09:00,J4,677,832,1509
2020-01-02T10:15:00+09:00,J5,582,538,1120
2020-01-02T10:30:00+09:00,J1,1097,1230,2327
2020-01-02T10:30:00+09:00,J2,798,723,1521
2020-01-02T10:30:00+09:00,J3,924,947,1871
2020-01-02T10:30:00+09:00,J4,692,838,1530
2020-01-02T10:30:00+09:00,J5,577,559,1136
2020-01-02T10:45:00+09:00,J1,1133,1231,2364
2020-01-02T10:45:00+09:00,J2,873,725,1598
2020-01-02T10:45:00+09:00,J3,901,925,1826
2020-01-02T10:45:00+09:00,J4,704,797,1501
2020-01-02T10:45:00+09:00,J5,542,545,1087
2020-01-02T11:00:00+09:00,J1,1082,1201,2283
2020-01-02T11:00:00+09:00,J2,882,778,1660
2020-01-02T11:00:00+09:00,J3,1130,949,2079
2020-01-02T11:00:00+09:00,J4,722,818,1540
2020-01-02T11:00:00+09:00,J5,415,452,867
2020-01-02T11:15:00+09:00,J1,1086,1230,2316
2020-01-02T11:15:00+09:00,J2,967,822,1789
2020-01-02T11:15:00+09:00,J3,1089,978,2067
2020-01-02T11:15:00+09:00,J4,727,877,1604
2020-01-02T11:15:00+09:00,J5,384,427,811
2020-01-02T11:30:00+09:00,J1,1019,1228,2247
2020-01-02T11:30:00+09:00,J2,995,897,1892
2020-01-02T11:30:00+09:00,J3,1136,984,2120
2020-01-02T11:30:00+09:00,J4,679,872,1551
2020-01-02T11:30:00+09:00,J5,340,388,728
2020-01-02T11:45:00+09:00,J1,1044,1143,2187
2020-01-02T11:45:00+09:00,J2,863,832,1695
2020-01-02T11:45:00+09:00,J3,1182,997,2179
2020-01-02T11:45:00+09:00,J4,747,876,1623
2020-01-02T11:45:00+09:00,J5,313,411,724
2020-01-02T12:00:00+09:00,J1,982,1214,2196
2020-01-02T12:00:00+09:00,J2,928,890,1818
2020-01-02T12:00:00+09:00,J3,1193,930,2123
2020-01-02T12:00:00+09:00,J4,730,802,1532
2020-01-02T12:00:00+09:00,J5,379,392,771
2020-01-02T12:15:00+09:00,J1,1035,1238,2273
2020-01-02T12:15:00+09:00,J2,927,900,1827
2020-01-02T12:15:00+09:00,J3,1238,845,2083
2020-01-02T12:15:00+09:00,J4,735,858,1593
2020-01-02T12:15:00+09:00,J5,349,305,654
2020-01-02T12:30:00+09:00,J1,912,947,1859
2020-01-02T12:30:00+09:00,J2,799,742,1541
2020-01-02T12:30:00+09:00,J3,1020,859,1879
2020-01-02T12:30:00+09:00,J4,654,741,1395
2020-01-02T12:30:00+09:00,J5,360,281,641
2020-01-02T12:45:00+09:00,J1,1146,1427,2573
2020-01-02T12:45:00+09:00,J2,1090,1018,2108
2020-01-02T12:45:00+09:00,J3,1335,1264,2599
2020-01-02T12:45:00+09:00,J4,866,877,1743
2020-01-02T12:45:00+09:00,J5,500,451,951
2020-01-02T13:00:00+09:00,J1,987,1209,2196
2020-01-02T13:00:00+09:00,J2,959,1006,1965
2020-01-02T13:00:00+09:00,J3,1140,1139,2279
2020-01-02T13:00:00+09:00,J4,727,805,1532
2020-01-02T13:00:00+09:00,J5,519,432,951
2020-01-02T13:15:00+09:00,J1,993,1200,2193
2020-01-02T13:15:00+09:00,J2,986,892,1878
2020-01-02T13:15:00+09:00,J3,1112,1033,2145
2020-01-02T13:15:00+09:00,J4,727,790,1517
2020-01-02T13:15:00+09:00,J5,507,623,1130
2020-01-02T13:30:00+09:00,J1,1063,1179,2242
2020-01-02T13:30:00+09:00,J2,1003,881,1884
2020-01-02T13:30:00+09:00,J3,1129,987,2116
2020-01-02T13:30:00+09:00,J4,716,744,1460
2020-01-02T13:30:00+09:00,J5,622,575,1197
2020-01-02T13:45:00+09:00,J1,967,1168,2135
2020-01-02T13:45:00+09:00,J2,979,856,1835
2020-01-02T13:45:00+09:00,J3,1123,1097,2220
2020-01-02T13:45:00+09:00,J4,654,725,1379
2020-01-02T13:45:00+09:00,J5,545,570,1115
2020-01-02T14:00:00+09:00,J1,1061,1184,2245
2020-01-02T14:00:00+09:00,J2,962,909,1871
2020-01-02T14:00:00+09:00,J3,1144,1027,2171
2020-01-02T14:00:00+09:00,J4,824,793,1617
2020-01-02T14:00:00+09:00,J5,421,401,822
2020-01-02T14:15:00+09:00,J1,1006,1188,2194
2020-01-02T14:15:00+09:00,J2,1055,1016,2071
2020-01-02T14:15:00+09:00,J3,1228,1067,2295
2020-01-02T14:15:00+09:00,J4,783,812,1595
2020-01-02T14:15:00+09:00,J5,356,297,653
2020-01-02T14:30:00+09:00,J1,1037,1232,2269
2020-01-02T14:30:00+09:00,J2,988,922,1910
2020-01-02T14:30:00+09:00,J3,1201,1142,2343
2020-01-02T14:30:00+09:00,J4,834,819,1653
2020-01-02T14:30:00+09:00,J5,331,311,642
2020-01-02T14:45:00+09:00,J1,1046,1226,2272
2020-01-02T14:45:00+09:00,J2,1037,831,1868
2020-01-02T14:45:00+09:00,J3,1196,1128,2324
2020-01-02T14:45:00+09:00,J4,902,779,1681
2020-01-02T14:45:00+09:00,J5,363,288,651
2020-01-02T15:00:00+09:00,J1,1082,1215,2297
2020-01-02T15:00:00+09:00,J2,1035,830,1865
2020-01-02T15:00:00+09:00,J3,1176,1092,2268
2020-01-02T15:00:00+09:00,J4,827,831,1658
2020-01-02T15:00:00+09:00,J5,401,357,758
2020-01-02T15:15:00+09:00,J1,1026,1255,2281
2020-01-02T15:15:00+09:00,J2,984,777,1761
2020-01-02T15:15:00+09:00,J3,1205,1059,2264
2020-01-02T15:15:00+09:00,J4,850,838,1688
2020-01-02T15:15:00+09:00,J5,430,426,856
2020-01-02T15:30:00+09:00,J1,965,1281,2246
2020-01-02T15:30:00+09:00,J2,881,820,1701
2020-01-02T15:30:00+09:00,J3,1086,1041,2127
2020-01-02T15:30:00+09:00,J4,862,816,1678
2020-01-02T15:30:00+09:00,J5,461,459,920
2020-01-02T15:45:00+09:00,J1,1084,1215,2299
2020-01-02T15:45:00+09:00,J2,972,679,1651
2020-01-02T15:45:00+09:00,J3,1157,1043,2200
2020-01-02T15:45:00+09:00,J4,825,814,1639
2020-01-02T15:45:00+09:00,J5,459,436,895
2020-01-02T16:00:00+09:00,J1,1058,1263,2321
2020-01-02T16:00:00+09:00,J2,884,780,1664
2020-01-02T16:00:00+09:00,J3,1187,1066,2253
2020-01-02T16:00:00+09:00,J4,777,819,1596
2020-01-02T16:00:00+09:00,J5,455,434,889
2020-01-02T16:15:00+09:00,J1,1031,1216,2247
2020-01-02T16:15:00+09:00,J2,906,726,1632
2020-01-02T16:15:00+09:00,J3,1195,1002,2197
2020-01-02T16:15:00+09:00,J4,835,792,1627
2020-01-02T16:15:00+09:00,J5,410,385,795
2020-01-02T16:30:00+09:00,J1,1030,1198,2228
2020-01-02T16:30:00+09:00,J2,1000,751,1751
2020-01-02T16:30:00+09:00,J3,1266,1003,2269
2020-01-02T16:30:00+09:00,J4,790,871,1661
2020-01-02T16:30:00+09:00,J5,446,349,795
2020-01-02T16:45:00+09:00,J1,1033,1257,2290
2020-01-02T16:45:00+09:00,J2,968,808,1776
2020-01-02T16:45:00+09:00,J3,1316,947,2263
2020-01-02T16:45:00+09:00,J4,830,765,1595
2020-01-02T16:45:00+09:00,J5,379,327,706
2020-01-02T17:00:00+09:00,J1,1075,1230,2305
2020-01-02T17:00:00+09:00,J2,977,852,1829
2020-01-02T17:00:00+09:00,J3,1293,1026,2319
2020-01-02T17:00:00+09:00,J4,971,921,1892
2020-01-02T17:00:00+09:00,J5,400,351,751
2020-01-02T17:15:00+09:00,J1,1067,1220,2287
2020-01-02T17:15:00+09:00,J2,902,870,1772
2020-01-02T17:15:00+09:00,J3,1451,1119,2570
2020-01-02T17:15:00+09:00,J4,981,944,1925
2020-01-02T17:15:00+09:00,J5,358,329,687
2020-01-02T17:30:00+09:00,J1,1111,1241,2352
2020-01-02T17:30:00+09:00,J2,909,824,1733
2020-01-02T17:30:00+09:00,J3,1401,1113,2514
2020-01-02T17:30:00+09:00,J4,1050,938,1988
2020-01-02T17:30:00+09:00,J5,378,316,694
2020-01-02T17:45:00+09:00,J1,1056,1230,2286
2020-01-02T17:45:00+09:00,J2,823,732,1555
2020-01-02T17:45:00+09:00,J3,1310,1123,2433
2020-01-02T17:45:00+09:00,J4,1034,909,1943
2020-01-02T17:45:00+09:00,J5,372,321,693
2020-01-02T18:00:00+09:00,J1,1163,1268,2431
2020-01-02T18:00:00+09:00,J2,842,657,1499
2020-01-02T18:00:00+09:00,J3,1234,1052,2286
2020-01-02T18:00:00+09:00,J4,952,856,1808
2020-01-02T18:00:00+09:00,J5,414,362,776
2020-01-02T18:15:00+09:00,J1,1108,1275,2383
2020-01-02T18:15:00+09:00,J2,744,570,1314
2020-01-02T18:15:00+09:00,J3,1133,966,2099
2020-01-02T18:15:00+09:00,J4,636,634,1270
2020-01-02T18:15:00+09:00,J5,374,339,713
2020-01-02T18:30:00+09:00,J1,1040,1152,2192
2020-01-02T18:30:00+09:00,J2,735,580,1315
2020-01-02T18:30:00+09:00,J3,979,872,1851
2020-01-02T18:30:00+09:00,J4,634,607,1241
2020-01-02T18:30:00+09:00,J5,439,429,868
2020-01-02T18:45:00+09:00,J1,1113,1151,2264
2020-01-02T18:45:00+09:00,J2,852,680,1532
2020-01-02T18:45:00+09:00,J3,972,837,1809
2020-01-02T18:45:00+09:00,J4,675,766,1441
2020-01-02T18:45:00+09:00,J5,556,530,1086
2020-01-02T19:00:00+09:00,J1,951,1069,2020
2020-01-02T19:00:00+09:00,J2,700,517,1217
2020-01-02T19:00:00+09:00,J3,941,858,1799
2020-01-02T19:00:00+09:00,J4,672,802,1474
2020-01-02T19:00:00+09:00,J5,530,548,1078
2020-01-02T19:15:00+09:00,J1,932,1138,2070
2020-01-02T19:15:00+09:00,J2,615,534,1149
2020-01-02T19:15:00+09:00,J3,849,772,1621
2020-01-02T19:15:00+09:00,J4,673,867,1540
2020-01-02T19:15:00+09:00,J5,556,593,1149
2020-01-02T19:30:00+09:00,J1,980,1054,2034
2020-01-02T19:30:00+09:00,J2,595,540,1135
2020-01-02T19:30:00+09:00,J3,835,870,1705
2020-01-02T19:30:00+09:00,J4,755,806,1561
2020-01-02T19:30:00+09:00,J5,559,573,1132
2020-01-02T19:45:00+09:00,J1,948,1003,1951
2020-01-02T19:45:00+09:00,J2,517,473,990
2020-01-02T19:45:00+09:00,J3,907,781,1688
2020-01-02T19:45:00+09:00,J4,625,710,1335
2020-01-02T19:45:00+09:00,J5,510,581,1091
2020-01-02T20:00:00+09:00,J1,1019,1039,2058
2020-01-02T20:00:00+09:00,J2,600,455,1055
2020-01-02T20:00:00+09:00,J3,825,700,1525
2020-01-02T20:00:00+09:00,J4,677,707,1384
2020-01-02T20:00:00+09:00,J5,515,547,1062
2020-01-02T20:15:00+09:00,J1,963,1054,2017
2020-01-02T20:15:00+09:00,J2,653,682,1335
2020-01-02T20:15:00+09:00,J3,812,746,1558
2020-01-02T20:15:00+09:00,J4,698,607,1305
2020-01-02T20:15:00+09:00,J5,584,584,1168
2020-01-02T20:30:00+09:00,J1,982,1031,2013
2020-01-02T20:30:00+09:00,J2,610,660,1270
2020-01-02T20:30:00+09:00,J3,869,807,1676
2020-01-02T20:30:00+09:00,J4,592,582,1174
2020-01-02T20:30:00+09:00,J5,549,556,1105
2020-01-02T20:45:00+09:00,J1,1006,974,1980
2020-01-02T20:45:00+09:00,J2,573,505,1078
2020-01-02T20:45:00+09:00,J3,732,641,1373
2020-01-02T20:45:00+09:00,J4,564,613,1177
2020-01-02T20:45:00+09:00,J5,477,503,980
2020-01-02T21:00:00+09:00,J1,899,996,1895
2020-01-02T21:00:00+09:00,J2,667,588,1255
2020-01-02T21:00:00+09:00,J3,884,753,1637
2020-01-02T21:00:00+09:00,J4,730,661,1391
2020-01-02T21:00:00+09:00,J5,428,486,914
2020-01-02T21:15:00+09:00,J1,879,1036,1915
2020-01-02T21:15:00+09:00,J2,608,615,1223
2020-01-02T21:15:00+09:00,J3,996,695,1691
2020-01-02T21:15:00+09:00,J4,711,690,1401
2020-01-02T21:15:00+09:00,J5,480,523,1003
2020-01-02T21:30:00+09:00,J1,944,1000,1944
2020-01-02T21:30:00+09:00,J2,558,604,1162
2020-01-02T21:30:00+09:00,J3,899,702,1601
2020-01-02T21:30:00+09:00,J4,648,678,1326
2020-01-02T21:30:00+09:00,J5,464,489,953
2020-01-02T21:45:00+09:00,J1,829,1033,1862
2020-01-02T21:45:00+09:00,J2,653,623,1276
2020-01-02T21:45:00+09:00,J3,940,759,1699
2020-01-02T21:45:00+09:00,J4,669,738,1407
2020-01-02T21:45:00+09:00,J5,426,439,865
2020-01-02T22:00:00+09:00,J1,861,1062,1923
2020-01-02T22:00:00+09:00,J2,706,668,1374
2020-01-02T22:00:00+09:00,J3,854,646,1500
2020-01-02T22:00:00+09:00,J4,624,640,1264
2020-01-02T22:00:00+09:00,J5,437,459,896
2020-01-02T22:15:00+09:00,J1,900,992,1892
2020-01-02T22:15:00+09:00,J2,601,625,1226
2020-01-02T22:15:00+09:00,J3,815,637,1452
2020-01-02T22:15:00+09:00,J4,623,638,1261
2020-01-02T22:15:00+09:00,J5,443,400,843
2020-01-02T22:30:00+09:00,J1,941,998,1939
2020-01-02T22:30:00+09:00,J2,692,629,1321
2020-01-02T22:30:00+09:00,J3,777,600,1377
2020-01-02T22:30:00+09:00,J4,653,685,1338
2020-01-02T22:30:00+09:00,J5,407,355,762
2020-01-02T22:45:00+09:00,J1,896,994,1890
2020-01-02T22:45:00+09:00,J2,703,716,1419
2020-01-02T22:45:00+09:00,J3,715,586,1301
2020-01-02T22:45:00+09:00,J4,592,666,1258
2020-01-02T22:45:00+09:00,J5,449,443,892
2020-01-02T23:00:00+09:00,J1,958,928,1886
2020-01-02T23:00:00+09:00,J2,681,660,1341
2020-01-02T23:00:00+09:00,J3,760,600,1360
2020-01-02T23:00:00+09:00,J4,619,690,1309
2020-01-02T23:00:00+09:00,J5,459,416,875
2020-01-02T23:15:00+09:00,J1,897,999,1896
2020-01-02T23:15:00+09:00,J2,613,670,1283
2020-01-02T23:15:00+09:00,J3,742,691,1433
2020-01-02T23:15:00+09:00,J4,539,661,1200
2020-01-02T23:15:00+09:00,J5,390,398,788
2020-01-02T23:30:00+09:00,J1,913,934,1847
2020-01-02T23:30:00+09:00,J2,618,670,1288
2020-01-02T23:30:00+09:00,J3,745,619,1364
2020-01-02T23:30:00+09:00,J4,568,666,1234
2020-01-02T23:30:00+09:00,J5,436,441,877
2020-01-02T23:45:00+09:00,J1,843,1020,1863
2020-01-02T23:45:00+09:00,J2,614,564,1178
2020-01-02T23:45:00+09:00,J3,761,581,1342
2020-01-02T23:45:00+09:00,J4,578,569,1147
2020-01-02T23:45:00+09:00,J5,446,462,908
2020-01-03T00:00:00+09:00,J1,812,769,1581
2020-01-03T00:00:00+09:00,J2,717,689,1406
2020-01-03T00:00:00+09:00,J3,623,541,1164
2020-01-03T00:00:00+09:00,J4,490,476,966
2020-01-03T00:00:00+09:00,J5,472,427,899
2020-01-03T00:15:00+09:00,J1,601,576,1177
2020-01-03T00:15:00+09:00,J2,659,636,1295
2020-01-03T00:15:00+09:00,J3,722,587,1309
2020-01-03T00:15:00+09:00,J4,410,398,808
2020-01-03T00:15:00+09:00,J5,570,529,1099
2020-01-03T00:30:00+09:00,J1,498,471,969
2020-01-03T00:30:00+09:00,J2,673,600,1273
2020-01-03T00:30:00+09:00,J3,834,744,1578
2020-01-03T00:30:00+09:00,J4,384,398,782
2020-01-03T00:30:00+09:00,J5,609,628,1237
2020-01-03T00:45:00+09:00,J1,431,417,848
2020-01-03T00:45:00+09:00,J2,708,661,1369
2020-01-03T00:45:00+09:00,J3,843,739,1582
2020-01-03T00:45:00+09:00,J4,425,456,881
2020-01-03T00:45:00+09:00,J5,624,619,1243
2020-01-03T05:45:00+09:00,J1,762,806,1568
2020-01-03T05:45:00+09:00,J2,668,660,1328
2020-01-03T05:45:00+09:00,J3,889,801,1690
2020-01-03T05:45:00+09:00,J4,715,824,1539
2020-01-03T05:45:00+09:00,J5,598,537,1135
2020-01-03T06:00:00+09:00,J1,759,802,1561
2020-01-03T06:00:00+09:00,J2,780,735,1515
2020-01-03T06:00:00+09:00,J3,984,758,1742
2020-01-03T06:00:00+09:00,J4,697,764,1461
2020-01-03T06:00:00+09:00,J5,591,554,1145
2020-01-03T06:15:00+09:00,J1,771,833,1604
2020-01-03T06:15:00+09:00,J2,760,759,1519
2020-01-03T06:15:00+09:00,J3,962,834,1796
2020-01-03T06:15:00+09:00,J4,740,792,1532
2020-01-03T06:15:00+09:00,J5,506,519,1025
2020-01-03T06:30:00+09:00,J1,702,731,1433
2020-01-03T06:30:00+09:00,J2,709,697,1406
2020-01-03T06:30:00+09:00,J3,949,797,1746
2020-01-03T06:30:00+09:00,J4,552,676,1228
2020-01-03T06:30:00+09:00,J5,531,528,1059
2020-01-03T06:45:00+09:00,J1,813,804,1617
2020-01-03T06:45:00+09:00,J2,680,671,1351
2020-01-03T06:45:00+09:00,J3,943,797,1740
2020-01-03T06:45:00+09:00,J4,655,719,1374
2020-01-03T06:45:00+09:00,J5,561,519,1080
2020-01-03T07:00:00+09:00,J1,735,780,1515
2020-01-03T07:00:00+09:00,J2,625,577,1202
2020-01-03T07:00:00+09:00,J3,1025,813,1838
2020-01-03T07:00:00+09:00,J4,634,696,1330
2020-01-03T07:00:00+09:00,J5,610,615,1225
2020-01-03T07:15:00+09:00,J1,797,804,1601
2020-01-03T07:15:00+09:00,J2,572,541,1113
2020-01-03T07:15:00+09:00,J3,934,772,1706
2020-01-03T07:15:00+09:00,J4,553,653,1206
2020-01-03T07:15:00+09:00,J5,577,550,1127
2020-01-03T07:30:00+09:00,J1,799,927,1726
2020-01-03T07:30:00+09:00,J2,557,558,1115
2020-01-03T07:30:00+09:00,J3,956,851,1807
2020-01-03T07:30:00+09:00,J4,655,749,1404
2020-01-03T07:30:00+09:00,J5,610,509,1119
2020-01-03T07:45:00+09:00,J1,817,896,1713
2020-01-03T07:45:00+09:00,J2,522,553,1075
2020-01-03T07:45:00+09:00,J3,997,769,1766
2020-01-03T07:45:00+09:00,J4,684,728,1412
2020-01-03T07:45:00+09:00,J5,583,558,1141
2020-01-03T08:00:00+09:00,J1,1065,1146,2211
2020-01-03T08:00:00+09:00,J2,745,752,1497
2020-01-03T08:00:00+09:00,J3,1074,993,2067
2020-01-03T08:00:00+09:00,J4,659,732,1391
2020-01-03T08:00:00+09:00,J5,534,521,1055
2020-01-03T08:15:00+09:00,J1,1086,1247,2333
2020-01-03T08:15:00+09:00,J2,771,743,1514
2020-01-03T08:15:00+09:00,J3,1065,903,1968
2020-01-03T08:15:00+09:00,J4,610,644,1254
2020-01-03T08:15:00+09:00,J5,456,432,888
2020-01-03T08:30:00+09:00,J1,1033,1122,2155
2020-01-03T08:30:00+09:00,J2,653,698,1351
2020-01-03T08:30:00+09:00,J3,1152,1001,2153
2020-01-03T08:30:00+09:00,J4,566,670,1236
2020-01-03T08:30:00+09:00,J5,402,411,813
2020-01-03T08:45:00+09:00,J1,1036,1230,2266
2020-01-03T08:45:00+09:00,J2,817,699,1516
2020-01-03T08:45:00+09:00,J3,1103,972,2075
2020-01-03T08:45:00+09:00,J4,541,658,1199
2020-01-03T08:45:00+09:00,J5,391,394,785
2020-01-03T09:00:00+09:00,J1,1063,1114,2177
2020-01-03T09:00:00+09:00,J2,946,887,1833
2020-01-03T09:00:00+09:00,J3,729,717,1446
2020-01-03T09:00:00+09:00,J4,559,669,1228
2020-01-03T09:00:00+09:00,J5,461,425,886
2020-01-03T09:15:00+09:00,J1,1024,1130,2154
2020-01-03T09:15:00+09:00,J2,908,829,1737
2020-01-03T09:15:00+09:00,J3,856,641,1497
2020-01-03T09:15:00+09:00,J4,700,730,1430
2020-01-03T09:15:00+09:00,J5,558,561,1119
2020-01-03T09:30:00+09:00,J1,1053,1170,2223
2020-01-03T09:30:00+09:00,J2,753,704,1457
2020-01-03T09:30:00+09:00,J3,773,701,1474
2020-01-03T09:30:00+09:00,J4,918,883,1801
2020-01-03T09:30:00+09:00,J5,615,632,1247
2020-01-03T09:45:00+09:00,J1,1077,1119,2196
2020-01-03T09:45:00+09:00,J2,730,754,1484
2020-01-03T09:45:00+09:00,J3,824,700,1524
2020-01-03T09:45:00+09:00,J4,846,973,1819
2020-01-03T09:45:00+09:00,J5,566,586,1152
2020-01-03T10:00:00+09:00,J1,1011,1198,2209
2020-01-03T10:00:00+09:00,J2,686,695,1381
2020-01-03T10:00:00+09:00,J3,831,745,1576
2020-01-03T10:00:00+09:00,J4,680,917,1597
2020-01-03T10:00:00+09:00,J5,506,530,1036
2020-01-03T10:15:00+09:00,J1,1102,1058,2160
2020-01-03T10:15:00+09:00,J2,667,733,1400
2020-01-03T10:15:00+09:00,J3,811,712,1523
2020-01-03T10:15:00+09:00,J4,634,730,1364
2020-01-03T10:15:00+09:00,J5,494,522,1016
2020-01-03T10:30:00+09:00,J1,1089,1099,2188
2020-01-03T10:30:00+09:00,J2,635,581,1216
2020-01-03T10:30:00+09:00,J3,810,747,1557
2020-01-03T10:30:00+09:00,J4,661,768,1429
2020-01-03T10:30:00+09:00,J5,575,553,1128
2020-01-03T10:45:00+09:00,J1,1036,1099,2135
2020-01-03T10:45:00+09:00,J2,684,601,1285
2020-01-03T10:45:00+09:00,J3,803,732,1535
2020-01-03T10:45:00+09:00,J4,723,850,1573
2020-01-03T10:45:00+09:00,J5,605,605,1210
2020-01-03T11:00:00+09:00,J1,1050,1149,2199
2020-01-03T11:00:00+09:00,J2,671,542,1213
2020-01-03T11:00:00+09:00,J3,1004,877,1881
2020-01-03T11:00:00+09:00,J4,678,851,1529
2020-01-03T11:00:00+09:00,J5,399,434,833
2020-01-03T11:15:00+09:00,J1,1068,1244,2312
2020-01-03T11:15:00+09:00,J2,669,546,1215
2020-01-03T11:15:00+09:00,J3,1047,954,2001
2020-01-03T11:15:00+09:00,J4,730,841,1571
2020-01-03T11:15:00+09:00,J5,369,390,759
2020-01-03T11:30:00+09:00,J1,1073,1207,2280
2020-01-03T11:30:00+09:00,J2,684,572,1256
2020-01-03T11:30:00+09:00,J3,1190,993,2183
2020-01-03T11:30:00+09:00,J4,704,863,1567
2020-01-03T11:30:00+09:00,J5,379,361,740
2020-01-03T11:45:00+09:00,J1,1087,1303,2390
2020-01-03T11:45:00+09:00,J2,739,603,1342
2020-01-03T11:45:00+09:00,J3,1263,1012,2275
2020-01-03T11:45:00+09:00,J4,759,886,1645
2020-01-03T11:45:00+09:00,J5,372,376,748
2020-01-03T12:00:00+09:00,J1,1039,1228,2267
2020-01-03T12:00:00+09:00,J2,746,543,1289
2020-01-03T12:00:00+09:00,J3,1202,1002,2204
2020-01-03T12:00:00+09:00,J4,726,813,1539
2020-01-03T12:00:00+09:00,J5,401,374,775
2020-01-03T12:15:00+09:00,J1,1072,1207,2279
2020-01-03T12:15:00+09:00,J2,701,609,1310
2020-01-03T12:15:00+09:00,J3,1068,778,1846
2020-01-03T12:15:00+09:00,J4,726,754,1480
2020-01-03T12:15:00+09:00,J5,369,358,727
2020-01-03T12:30:00+09:00,J1,976,1139,2115
2020-01-03T12:30:00+09:00,J2,709,601,1310
2020-01-03T12:30:00+09:00,J3,961,781,1742
2020-01-03T12:30:00+09:00,J4,649,710,1359
2020-01-03T12:30:00+09:00,J5,384,353,737
2020-01-03T12:45:00+09:00,J1,1013,1218,2231
2020-01-03T12:45:00+09:00,J2,876,751,1627
2020-01-03T12:45:00+09:00,J3,1018,806,1824
2020-01-03T12:45:00+09:00,J4,729,671,1400
2020-01-03T12:45:00+09:00,J5,456,456,912
2020-01-03T13:00:00+09:00,J1,999,1186,2185
2020-01-03T13:00:00+09:00,J2,953,732,1685
2020-01-03T13:00:00+09:00,J3,1027,943,1970
2020-01-03T13:00:00+09:00,J4,641,689,1330
2020-01-03T13:00:00+09:00,J5,520,507,1027
2020-01-03T13:15:00+09:00,J1,1018,1204,2222
2020-01-03T13:15:00+09:00,J2,982,770,1752
2020-01-03T13:15:00+09:00,J3,1140,999,2139
2020-01-03T13:15:00+09:00,J4,678,806,1484
2020-01-03T13:15:00+09:00,J5,524,545,1069
2020-01-03T13:30:00+09:00,J1,1021,1155,2176
2020-01-03T13:30:00+09:00,J2,1001,839,1840
2020-01-03T13:30:00+09:00,J3,1067,1006,2073
2020-01-03T13:30:00+09:00,J4,702,714,1416
2020-01-03T13:30:00+09:00,J5,505,573,1078
2020-01-03T13:45:00+09:00,J1,1002,1217,2219
2020-01-03T13:45:00+09:00,J2,977,900,1877
2020-01-03T13:45:00+09:00,J3,1079,1002,2081
2020-01-03T13:45:00+09:00,J4,723,791,1514
2020-01-03T13:45:00+09:00,J5,508,524,1032
2020-01-03T14:00:00+09:00,J1,1002,1161,2163
2020-01-03T14:00:00+09:00,J2,1001,926,1927
2020-01-03T14:00:00+09:00,J3,1025,1029,2054
2020-01-03T14:00:00+09:00,J4,713,792,1505
2020-01-03T14:00:00+09:00,J5,432,414,846
2020-01-03T14:15:00+09:00,J1,1088,1232,2320
2020-01-03T14:15:00+09:00,J2,938,840,1778
2020-01-03T14:15:00+09:00,J3,1079,975,2054
2020-01-03T14:15:00+09:00,J4,802,854,1656
2020-01-03T14:15:00+09:00,J5,431,305,736
2020-01-03T14:30:00+09:00,J1,1030,1238,2268
2020-01-03T14:30:00+09:00,J2,893,931,1824
2020-01-03T14:30:00+09:00,J3,1146,1054,2200
2020-01-03T14:30:00+09:00,J4,841,902,1743
2020-01-03T14:30:00+09:00,J5,341,280,621
2020-01-03T14:45:00+09:00,J1,985,1186,2171
2020-01-03T14:45:00+09:00,J2,968,803,1771
2020-01-03T14:45:00+09:00,J3,1124,1089,2213
2020-01-03T14:45:00+09:00,J4,872,886,1758
2020-01-03T14:45:00+09:00,J5,365,329,694
2020-01-03T15:00:00+09:00,J1,962,1214,2176
2020-01-03T15:00:00+09:00,J2,964,873,1837
2020-01-03T15:00:00+09:00,J3,1147,1012,2159
2020-01-03T15:00:00+09:00,J4,840,891,1731
2020-01-03T15:00:00+09:00,J5,424,358,782
2020-01-03T15:15:00+09:00,J1,1019,1171,2190
2020-01-03T15:15:00+09:00,J2,1000,912,1912
2020-01-03T15:15:00+09:00,J3,1187,1051,2238
2020-01-03T15:15:00+09:00,J4,908,894,1802
2020-01-03T15:15:00+09:00,J5,428,407,835
2020-01-03T15:30:00+09:00,J1,974,1186,2160
2020-01-03T15:30:00+09:00,J2,973,930,1903
2020-01-03T15:30:00+09:00,J3,1116,1006,2122
2020-01-03T15:30:00+09:00,J4,819,875,1694
2020-01-03T15:30:00+09:00,J5,426,453,879
2020-01-03T15:45:00+09:00,J1,999,1216,2215
2020-01-03T15:45:00+09:00,J2,984,956,1940
2020-01-03T15:45:00+09:00,J3,1111,1113,2224
2020-01-03T15:45:00+09:00,J4,820,848,1668
2020-01-03T15:45:00+09:00,J5,464,420,884
2020-01-03T16:00:00+09:00,J1,1002,1183,2185
2020-01-03T16:00:00+09:00,J2,995,957,1952
2020-01-03T16:00:00+09:00,J3,1163,1132,2295
2020-01-03T16:00:00+09:00,J4,788,853,1641
2020-01-03T16:00:00+09:00,J5,417,460,877
2020-01-03T16:15:00+09:00,J1,979,1221,2200
2020-01-03T16:15:00+09:00,J2,914,948,1862
2020-01-03T16:15:00+09:00,J3,1134,1017,2151
2020-01-03T16:15:00+09:00,J4,896,825,1721
2020-01-03T16:15:00+09:00,J5,385,395,780
2020-01-03T16:30:00+09:00,J1,989,1214,2203
2020-01-03T16:30:00+09:00,J2,992,875,1867
2020-01-03T16:30:00+09:00,J3,1234,1067,2301
2020-01-03T16:30:00+09:00,J4,892,898,1790
2020-01-03T16:30:00+09:00,J5,412,364,776
2020-01-03T16:45:00+09:00,J1,1056,1191,2247
2020-01-03T16:45:00+09:00,J2,966,877,1843
2020-01-03T16:45:00+09:00,J3,1247,1048,2295
2020-01-03T16:45:00+09:00,J4,927,819,1746
2020-01-03T16:45:00+09:00,J5,409,349,758
2020-01-03T17:00:00+09:00,J1,1020,1237,2257
2020-01-03T17:00:00+09:00,J2,999,911,1910
2020-01-03T17:00:00+09:00,J3,1497,1086,2583
2020-01-03T17:00:00+09:00,J4,1027,946,1973
2020-01-03T17:00:00+09:00,J5,371,340,711
2020-01-03T17:15:00+09:00,J1,1053,1194,2247
2020-01-03T17:15:00+09:00,J2,948,919,1867
2020-01-03T17:15:00+09:00,J3,1535,1141,2676
2020-01-03T17:15:00+09:00,J4,1076,919,1995
2020-01-03T17:15:00+09:00,J5,401,374,775
2020-01-03T17:30:00+09:00,J1,1067,1188,2255
2020-01-03T17:30:00+09:00,J2,1021,841,1862
2020-01-03T17:30:00+09:00,J3,1520,1155,2675
2020-01-03T17:30:00+09:00,J4,1123,951,2074
2020-01-03T17:30:00+09:00,J5,379,377,756
2020-01-03T17:45:00+09:00,J1,1054,1205,2259
2020-01-03T17:45:00+09:00,J2,986,795,1781
2020-01-03T17:45:00+09:00,J3,1412,1151,2563
2020-01-03T17:45:00+09:00,J4,1135,853,1988
2020-01-03T17:45:00+09:00,J5,405,334,739
2020-01-03T18:00:00+09:00,J1,1143,1228,2371
2020-01-03T18:00:00+09:00,J2,961,684,1645
2020-01-03T18:00:00+09:00,J3,1269,1012,2281
2020-01-03T18:00:00+09:00,J4,1088,922,2010
2020-01-03T18:00:00+09:00,J5,417,381,798
2020-01-03T18:15:00+09:00,J1,999,1221,2220
2020-01-03T18:15:00+09:00,J2,897,686,1583
2020-01-03T18:15:00+09:00,J3,1183,907,2090
2020-01-03T18:15:00+09:00,J4,777,707,1484
2020-01-03T18:15:00+09:00,J5,417,402,819
2020-01-03T18:30:00+09:00,J1,1100,1117,2217
2020-01-03T18:30:00+09:00,J2,855,633,1488
2020-01-03T18:30:00+09:00,J3,1110,912,2022
2020-01-03T18:30:00+09:00,J4,771,749,1520
2020-01-03T18:30:00+09:00,J5,497,502,999
2020-01-03T18:45:00+09:00,J1,1105,1187,2292
2020-01-03T18:45:00+09:00,J2,964,863,1827
2020-01-03T18:45:00+09:00,J3,1113,984,2097
2020-01-03T18:45:00+09:00,J4,744,716,1460
2020-01-03T18:45:00+09:00,J5,514,508,1022
2020-01-03T19:00:00+09:00,J1,967,1098,2065
2020-01-03T19:00:00+09:00,J2,829,798,1627
2020-01-03T19:00:00+09:00,J3,1271,1048,2319
2020-01-03T19:00:00+09:00,J4,775,779,1554
2020-01-03T19:00:00+09:00,J5,591,585,1176
2020-01-03T19:15:00+09:00,J1,958,1129,2087
2020-01-03T19:15:00+09:00,J2,788,625,1413
2020-01-03T19:15:00+09:00,J3,1323,1109,2432
2020-01-03T19:15:00+09:00,J4,794,865,1659
2020-01-03T19:15:00+09:00,J5,578,546,1124
2020-01-03T19:30:00+09:00,J1,947,1071,2018
2020-01-03T19:30:00+09:00,J2,718,618,1336
2020-01-03T19:30:00+09:00,J3,1093,968,2061
2020-01-03T19:30:00+09:00,J4,886,810,1696
2020-01-03T19:30:00+09:00,J5,575,542,1117
2020-01-03T19:45:00+09:00,J1,954,1086,2040
2020-01-03T19:45:00+09:00,J2,655,633,1288
2020-01-03T19:45:00+09:00,J3,1011,875,1886
2020-01-03T19:45:00+09:00,J4,761,834,1595
2020-01-03T19:45:00+09:00,J5,550,542,1092
2020-01-03T20:00:00+09:00,J1,1001,1090,2091
2020-01-03T20:00:00+09:00,J2,689,623,1312
2020-01-03T20:00:00+09:00,J3,1036,887,1923
2020-01-03T20:00:00+09:00,J4,694,791,1485
2020-01-03T20:00:00+09:00,J5,505,500,1005
2020-01-03T20:15:00+09:00,J1,976,1115,2091
2020-01-03T20:15:00+09:00,J2,698,757,1455
2020-01-03T20:15:00+09:00,J3,1142,960,2102
2020-01-03T20:15:00+09:00,J4,713,687,1400
2020-01-03T20:15:00+09:00,J5,532,529,1061
2020-01-03T20:30:00+09:00,J1,1006,1108,2114
2020-01-03T20:30:00+09:00,J2,711,676,1387
2020-01-03T20:30:00+09:00,J3,1246,1065,2311
2020-01-03T20:30:00+09:00,J4,618,673,1291
2020-01-03T20:30:00+09:00,J5,535,551,1086
2020-01-03T20:45:00+09:00,J1,1014,1092,2106
2020-01-03T20:45:00+09:00,J2,705,669,1374
2020-01-03T20:45:00+09:00,J3,1148,1180,2328
2020-01-03T20:45:00+09:00,J4,660,675,1335
2020-01-03T20:45:00+09:00,J5,424,510,934
2020-01-03T21:00:00+09:00,J1,954,1053,2007
2020-01-03T21:00:00+09:00,J2,943,748,1691
2020-01-03T21:00:00+09:00,J3,1020,797,1817
2020-01-03T21:00:00+09:00,J4,693,710,1403
2020-01-03T21:00:00+09:00,J5,447,467,914
2020-01-03T21:15:00+09:00,J1,884,1121,2005
2020-01-03T21:15:00+09:00,J2,875,754,1629
2020-01-03T21:15:00+09:00,J3,1054,805,1859
2020-01-03T21:15:00+09:00,J4,760,777,1537
2020-01-03T21:15:00+09:00,J5,418,498,916
2020-01-03T21:30:00+09:00,J1,919,1073,1992
2020-01-03T21:30:00+09:00,J2,839,746,1585
2020-01-03T21:30:00+09:00,J3,871,728,1599
2020-01-03T21:30:00+09:00,J4,700,768,1468
2020-01-03T21:30:00+09:00,J5,474,434,908
2020-01-03T21:45:00+09:00,J1,926,1094,2020
2020-01-03T21:45:00+09:00,J2,803,725,1528
2020-01-03T21:45:00+09:00,J3,884,717,1601
2020-01-03T21:45:00+09:00,J4,714,778,1492
2020-01-03T21:45:00+09:00,J5,432,474,906
2020-01-03T22:00:00+09:00,J1,900,1136,2036
2020-01-03T22:00:00+09:00,J2,754,786,1540
2020-01-03T22:00:00+09:00,J3,880,812,1692
2020-01-03T22:00:00+09:00,J4,683,762,1445
2020-01-03T22:00:00+09:00,J5,431,427,858
2020-01-03T22:15:00+09:00,J1,860,1017,1877
2020-01-03T22:15:00+09:00,J2,750,813,1563
2020-01-03T22:15:00+09:00,J3,888,784,1672
2020-01-03T22:15:00+09:00,J4,786,795,1581
2020-01-03T22:15:00+09:00,J5,400,447,847
2020-01-03T22:30:00+09:00,J1,872,1033,1905
2020-01-03T22:30:00+09:00,J2,778,821,1599
2020-01-03T22:30:00+09:00,J3,1003,844,1847
2020-01-03T22:30:00+09:00,J4,677,739,1416
2020-01-03T22:30:00+09:00,J5,437,457,894
2020-01-03T22:45:00+09:00,J1,945,1033,1978
2020-01-03T22:45:00+09:00,J2,747,780,1527
2020-01-03T22:45:00+09:00,J3,875,798,1673
2020-01-03T22:45:00+09:00,J4,673,737,1410
2020-01-03T22:45:00+09:00,J5,451,424,875
2020-01-03T23:00:00+09:00,J1,926,1049,1975
2020-01-03T23:00:00+09:00,J2,753,732,1485
2020-01-03T23:00:00+09:00,J3,872,774,1646
2020-01-03T23:00:00+09:00,J4,674,734,1408
2020-01-03T23:00:00+09:00,J5,436,428,864
2020-01-03T23:15:00+09:00,J1,848,996,1844
2020-01-03T23:15:00+09:00,J2,758,730,1488
2020-01-03T23:15:00+09:00,J3,852,712,1564
2020-01-03T23:15:00+09:00,J4,668,742,1410
2020-01-03T23:15:00+09:00,J5,455,435,890
2020-01-03T23:30:00+09:00,J1,865,960,1825
2020-01-03T23:30:00+09:00,J2,765,794,1559
2020-01-03T23:30:00+09:00,J3,932,813,1745
2020-01-03T23:30:00+09:00,J4,633,704,1337
2020-01-03T23:30:00+09:00,J5,493,459,952
2020-01-03T23:45:00+09:00,J1,870,1019,1889
2020-01-03T23:45:00+09:00,J2,754,652,1406
2020-01-03T23:45:00+09:00,J3,766,625,1391
2020-01-03T23:45:00+09:00,J4,585,698,1283
2020-01-03T23:45:00+09:00,J5,479,475,954
2020-01-04T00:00:00+09:00,J1,860,871,1731
2020-01-04T00:00:00+09:00,J2,573,670,1243
2020-01-04T00:00:00+09:00,J3,869,758,1627
2020-01-04T00:00:00+09:00,J4,470,560,1030
2020-01-04T00:00:00+09:00,J5,590,499,1089
2020-01-04T00:15:00+09:00,J1,662,695,1357
2020-01-04T00:15:00+09:00,J2,536,515,1051
2020-01-04T00:15:00+09:00,J3,921,765,1686
2020-01-04T00:15:00+09:00,J4,472,510,982
2020-01-04T00:15:00+09:00,J5,657,579,1236
2020-01-04T00:30:00+09:00,J1,507,485,992
2020-01-04T00:30:00+09:00,J2,616,595,1211
2020-01-04T00:30:00+09:00,J3,954,809,1763
2020-01-04T00:30:00+09:00,J4,598,667,1265
2020-01-04T00:30:00+09:00,J5,678,700,1378
2020-01-04T00:45:00+09:00,J1,469,476,945
2020-01-04T00:45:00+09:00,J2,636,593,1229
2020-01-04T00:45:00+09:00,J3,899,746,1645
2020-01-04T00:45:00+09:00,J4,820,793,1613
2020-01-04T00:45:00+09:00,J5,642,611,1253
2020-01-04T05:45:00+09:00,J1,773,790,1563
2020-01-04T05:45:00+09:00,J2,565,604,1169
2020-01-04T05:45:00+09:00,J3,833,583,1416
2020-01-04T05:45:00+09:00,J4,859,849,1708
2020-01-04T05:45:00+09:00,J5,571,533,1104
2020-01-04T06:00:00+09:00,J1,754,804,1558
2020-01-04T06:00:00+09:00,J2,579,642,1221
2020-01-04T06:00:00+09:00,J3,956,676,1632
2020-01-04T06:00:00+09:00,J4,930,837,1767
2020-01-04T06:00:00+09:00,J5,607,545,1152
2020-01-04T06:15:00+09:00,J1,791,802,1593
2020-01-04T06:15:00+09:00,J2,636,798,1434
2020-01-04T06:15:00+09:00,J3,905,652,1557
2020-01-04T06:15:00+09:00,J4,881,842,1723
2020-01-04T06:15:00+09:00,J5,652,615,1267
2020-01-04T06:30:00+09:00,J1,774,820,1594
2020-01-04T06:30:00+09:00,J2,517,587,1104
2020-01-04T06:30:00+09:00,J3,859,626,1485
2020-01-04T06:30:00+09:00,J4,788,775,1563
2020-01-04T06:30:00+09:00,J5,688,565,1253
2020-01-04T06:45:00+09:00,J1,705,840,1545
2020-01-04T06:45:00+09:00,J2,490,598,1088
2020-01-04T06:45:00+09:00,J3,909,602,1511
2020-01-04T06:45:00+09:00,J4,836,740,1576
2020-01-04T06:45:00+09:00,J5,586,675,1261
2020-01-04T07:00:00+09:00,J1,862,994,1856
2020-01-04T07:00:00+09:00,J2,614,562,1176
2020-01-04T07:00:00+09:00,J3,873,656,1529
2020-01-04T07:00:00+09:00,J4,886,818,1704
2020-01-04T07:00:00+09:00,J5,748,621,1369
2020-01-04T07:15:00+09:00,J1,866,939,1805
2020-01-04T07:15:00+09:00,J2,547,602,1149
2020-01-04T07:15:00+09:00,J3,881,682,1563
2020-01-04T07:15:00+09:00,J4,857,824,1681
2020-01-04T07:15:00+09:00,J5,679,655,1334
2020-01-04T07:30:00+09:00,J1,1008,1052,2060
2020-01-04T07:30:00+09:00,J2,625,614,1239
2020-01-04T07:30:00+09:00,J3,858,658,1516
2020-01-04T07:30:00+09:00,J4,878,777,1655
2020-01-04T07:30:00+09:00,J5,691,681,1372
2020-01-04T07:45:00+09:00,J1,937,974,1911
2020-01-04T07:45:00+09:00,J2,706,823,1529
2020-01-04T07:45:00+09:00,J3,862,612,1474
2020-01-04T07:45:00+09:00,J4,830,856,1686
2020-01-04T07:45:00+09:00,J5,716,713,1429
2020-01-04T08:00:00+09:00,J1,1011,1091,2102
2020-01-04T08:00:00+09:00,J2,827,860,1687
2020-01-04T08:00:00+09:00,J3,1013,837,1850
2020-01-04T08:00:00+09:00,J4,891,871,1762
2020-01-04T08:00:00+09:00,J5,681,619,1300
2020-01-04T08:15:00+09:00,J1,1038,1176,2214
2020-01-04T08:15:00+09:00,J2,895,805,1700
2020-01-04T08:15:00+09:00,J3,1177,1085,2262
2020-01-04T08:15:00+09:00,J4,800,923,1723
2020-01-04T08:15:00+09:00,J5,611,550,1161
2020-01-04T08:30:00+09:00,J1,996,1161,2157
2020-01-04T08:30:00+09:00,J2,834,700,1534
2020-01-04T08:30:00+09:00,J3,1267,1090,2357
2020-01-04T08:30:00+09:00,J4,775,851,1626
2020-01-04T08:30:00+09:00,J5,529,480,1009
2020-01-04T08:45:00+09:00,J1,1003,1221,2224
2020-01-04T08:45:00+09:00,J2,684,749,1433
2020-01-04T08:45:00+09:00,J3,1247,1049,2296
2020-01-04T08:45:00+09:00,J4,776,849,1625
2020-01-04T08:45:00+09:00,J5,450,444,894
2020-01-04T09:00:00+09:00,J1,1010,1069,2079
2020-01-04T09:00:00+09:00,J2,1090,1049,2139
2020-01-04T09:00:00+09:00,J3,1036,907,1943
2020-01-04T09:00:00+09:00,J4,723,820,1543
2020-01-04T09:00:00+09:00,J5,557,528,1085
2020-01-04T09:15:00+09:00,J1,1064,1163,2227
2020-01-04T09:15:00+09:00,J2,1018,997,2015
2020-01-04T09:15:00+09:00,J3,774,751,1525
2020-01-04T09:15:00+09:00,J4,749,805,1554
2020-01-04T09:15:00+09:00,J5,574,578,1152
2020-01-04T09:30:00+09:00,J1,1112,1152,2264
2020-01-04T09:30:00+09:00,J2,977,931,1908
2020-01-04T09:30:00+09:00,J3,840,777,1617
2020-01-04T09:30:00+09:00,J4,717,782,1499
2020-01-04T09:30:00+09:00,J5,534,576,1110
2020-01-04T09:45:00+09:00,J1,1080,1132,2212
2020-01-04T09:45:00+09:00,J2,1044,829,1873
2020-01-04T09:45:00+09:00,J3,1033,967,2000
2020-01-04T09:45:00+09:00,J4,669,712,1381
2020-01-04T09:45:00+09:00,J5,500,478,978
2020-01-04T10:00:00+09:00,J1,1105,1199,2304
2020-01-04T10:00:00+09:00,J2,1001,839,1840
2020-01-04T10:00:00+09:00,J3,954,814,1768
2020-01-04T10:00:00+09:00,J4,657,747,1404
2020-01-04T10:00:00+09:00,J5,467,486,953
2020-01-04T10:15:00+09:00,J1,1054,1239,2293
2020-01-04T10:15:00+09:00,J2,902,892,1794
2020-01-04T10:15:00+09:00,J3,998,893,1891
2020-01-04T10:15:00+09:00,J4,602,702,1304
2020-01-04T10:15:00+09:00,J5,452,447,899
2020-01-04T10:30:00+09:00,J1,1065,1203,2268
2020-01-04T10:30:00+09:00,J2,763,823,1586
2020-01-04T10:30:00+09:00,J3,945,833,1778
2020-01-04T10:30:00+09:00,J4,591,719,1310
2020-01-04T10:30:00+09:00,J5,516,511,1027
2020-01-04T10:45:00+09:00,J1,1082,1229,2311
2020-01-04T10:45:00+09:00,J2,791,813,1604
2020-01-04T10:45:00+09:00,J3,1035,894,1929
2020-01-04T10:45:00+09:00,J4,633,694,1327
2020-01-04T10:45:00+09:00,J5,573,532,1105
2020-01-04T11:00:00+09:00,J1,1083,1189,2272
2020-01-04T11:00:00+09:00,J2,748,751,1499
2020-01-04T11:00:00+09:00,J3,1037,973,2010
2020-01-04T11:00:00+09:00,J4,608,783,1391
2020-01-04T11:00:00+09:00,J5,466,465,931
2020-01-04T11:15:00+09:00,J1,1078,1226,2304
2020-01-04T11:15:00+09:00,J2,752,797,1549
2020-01-04T11:15:00+09:00,J3,1111,983,2094
2020-01-04T11:15:00+09:00,J4,622,776,1398
2020-01-04T11:15:00+09:00,J5,422,397,819
2020-01-04T11:30:00+09:00,J1,1051,1209,2260
2020-01-04T11:30:00+09:00,J2,689,706,1395
2020-01-04T11:30:00+09:00,J3,1096,996,2092
2020-01-04T11:30:00+09:00,J4,759,783,1542
2020-01-04T11:30:00+09:00,J5,392,451,843
2020-01-04T11:45:00+09:00,J1,1024,1266,2290
2020-01-04T11:45:00+09:00,J2,739,665,1404
2020-01-04T11:45:00+09:00,J3,1048,995,2043
2020-01-04T11:45:00+09:00,J4,672,740,1412
2020-01-04T11:45:00+09:00,J5,347,411,758
2020-01-04T12:00:00+09:00,J1,1083,1264,2347
2020-01-04T12:00:00+09:00,J2,759,652,1411
2020-01-04T12:00:00+09:00,J3,1093,936,2029
2020-01-04T12:00:00+09:00,J4,654,681,1335
2020-01-04T12:00:00+09:00,J5,352,411,763
2020-01-04T12:15:00+09:00,J1,1083,1197,2280
2020-01-04T12:15:00+09:00,J2,750,608,1358
2020-01-04T12:15:00+09:00,J3,1191,1013,2204
2020-01-04T12:15:00+09:00,J4,704,712,1416
2020-01-04T12:15:00+09:00,J5,352,429,781
2020-01-04T12:30:00+09:00,J1,963,1153,2116
2020-01-04T12:30:00+09:00,J2,845,695,1540
2020-01-04T12:30:00+09:00,J3,1134,1032,2166
2020-01-04T12:30:00+09:00,J4,635,748,1383
2020-01-04T12:30:00+09:00,J5,361,430,791
2020-01-04T12:45:00+09:00,J1,1054,1212,2266
2020-01-04T12:45:00+09:00,J2,862,859,1721
2020-01-04T12:45:00+09:00,J3,1016,1065,2081
2020-01-04T12:45:00+09:00,J4,767,746,1513
2020-01-04T12:45:00+09:00,J5,366,439,805
2020-01-04T13:00:00+09:00,J1,932,1252,2184
2020-01-04T13:00:00+09:00,J2,877,920,1797
2020-01-04T13:00:00+09:00,J3,1003,1124,2127
2020-01-04T13:00:00+09:00,J4,787,740,1527
2020-01-04T13:00:00+09:00,J5,355,433,788
2020-01-04T13:15:00+09:00,J1,998,1176,2174
2020-01-04T13:15:00+09:00,J2,815,847,1662
2020-01-04T13:15:00+09:00,J3,1038,1129,2167
2020-01-04T13:15:00+09:00,J4,791,763,1554
2020-01-04T13:15:00+09:00,J5,379,389,768
2020-01-04T13:30:00+09:00,J1,973,1204,2177
2020-01-04T13:30:00+09:00,J2,868,825,1693
2020-01-04T13:30:00+09:00,J3,1126,1022,2148
2020-01-04T13:30:00+09:00,J4,750,776,1526
2020-01-04T13:30:00+09:00,J5,355,417,772
2020-01-04T13:45:00+09:00,J1,976,1213,2189
2020-01-04T13:45:00+09:00,J2,861,881,1742
2020-01-04T13:45:00+09:00,J3,1031,1106,2137
2020-01-04T13:45:00+09:00,J4,820,790,1610
2020-01-04T13:45:00+09:00,J5,383,425,808
2020-01-04T14:00:00+09:00,J1,957,1190,2147
2020-01-04T14:00:00+09:00,J2,913,989,1902
2020-01-04T14:00:00+09:00,J3,1048,1123,2171
2020-01-04T14:00:00+09:00,J4,743,781,1524
2020-01-04T14:00:00+09:00,J5,378,410,788
2020-01-04T14:15:00+09:00,J1,985,1250,2235
2020-01-04T14:15:00+09:00,J2,852,1038,1890
2020-01-04T14:15:00+09:00,J3,1206,1131,2337
2020-01-04T14:15:00+09:00,J4,854,852,1706
2020-01-04T14:15:00+09:00,J5,364,385,749
2020-01-04T14:30:00+09:00,J1,1016,1240,2256
2020-01-04T14:30:00+09:00,J2,827,985,1812
2020-01-04T14:30:00+09:00,J3,1127,1113,2240
2020-01-04T14:30:00+09:00,J4,859,767,1626
2020-01-04T14:30:00+09:00,J5,368,380,748
2020-01-04T14:45:00+09:00,J1,982,1203,2185
2020-01-04T14:45:00+09:00,J2,867,834,1701
2020-01-04T14:45:00+09:00,J3,1169,1040,2209
2020-01-04T14:45:00+09:00,J4,860,805,1665
2020-01-04T14:45:00+09:00,J5,345,348,693
2020-01-04T15:00:00+09:00,J1,954,1204,2158
2020-01-04T15:00:00+09:00,J2,758,819,1577
2020-01-04T15:00:00+09:00,J3,1135,1164,2299
2020-01-04T15:00:00+09:00,J4,835,779,1614
2020-01-04T15:00:00+09:00,J5,347,324,671
2020-01-04T15:15:00+09:00,J1,981,1206,2187
2020-01-04T15:15:00+09:00,J2,745,945,1690
2020-01-04T15:15:00+09:00,J3,1122,1097,2219
2020-01-04T15:15:00+09:00,J4,876,945,1821
2020-01-04T15:15:00+09:00,J5,362,345,707
2020-01-04T15:30:00+09:00,J1,970,1197,2167
2020-01-04T15:30:00+09:00,J2,897,995,1892
2020-01-04T15:30:00+09:00,J3,1030,1056,2086
2020-01-04T15:30:00+09:00,J4,929,939,1868
2020-01-04T15:30:00+09:00,J5,367,358,725
2020-01-04T15:45:00+09:00,J1,948,1196,2144
2020-01-04T15:45:00+09:00,J2,870,988,1858
2020-01-04T15:45:00+09:00,J3,1117,1083,2200
2020-01-04T15:45:00+09:00,J4,942,897,1839
2020-01-04T15:45:00+09:00,J5,343,326,669
2020-01-04T16:00:00+09:00,J1,940,1216,2156
2020-01-04T16:00:00+09:00,J2,878,892,1770
2020-01-04T16:00:00+09:00,J3,1175,1120,2295
2020-01-04T16:00:00+09:00,J4,946,960,1906
2020-01-04T16:00:00+09:00,J5,380,346,726
2020-01-04T16:15:00+09:00,J1,969,1187,2156
2020-01-04T16:15:00+09:00,J2,954,908,1862
2020-01-04T16:15:00+09:00,J3,1299,1040,2339
2020-01-04T16:15:00+09:00,J4,905,969,1874
2020-01-04T16:15:00+09:00,J5,394,303,697
2020-01-04T16:30:00+09:00,J1,930,1240,2170
2020-01-04T16:30:00+09:00,J2,971,960,1931
2020-01-04T16:30:00+09:00,J3,1306,1048,2354
2020-01-04T16:30:00+09:00,J4,1005,933,1938
2020-01-04T16:30:00+09:00,J5,354,362,716
2020-01-04T16:45:00+09:00,J1,958,1255,2213
2020-01-04T16:45:00+09:00,J2,902,941,1843
2020-01-04T16:45:00+09:00,J3,1302,1024,2326
2020-01-04T16:45:00+09:00,J4,888,918,1806
2020-01-04T16:45:00+09:00,J5,389,339,728
2020-01-04T17:00:00+09:00,J1,1028,1229,2257
2020-01-04T17:00:00+09:00,J2,928,917,1845
2020-01-04T17:00:00+09:00,J3,1466,1195,2661
2020-01-04T17:00:00+09:00,J4,998,958,1956
2020-01-04T17:00:00+09:00,J5,400,378,778
2020-01-04T17:15:00+09:00,J1,1140,1130,2270
2020-01-04T17:15:00+09:00,J2,903,1042,1945
2020-01-04T17:15:00+09:00,J3,1390,1199,2589
2020-01-04T17:15:00+09:00,J4,1107,957,2064
2020-01-04T17:15:00+09:00,J5,330,362,692
2020-01-04T17:30:00+09:00,J1,1036,1204,2240
2020-01-04T17:30:00+09:00,J2,973,974,1947
2020-01-04T17:30:00+09:00,J3,1467,1198,2665
2020-01-04T17:30:00+09:00,J4,999,968,1967
2020-01-04T17:30:00+09:00,J5,349,356,705
2020-01-04T17:45:00+09:00,J1,1070,1201,2271
2020-01-04T17:45:00+09:00,J2,994,948,1942
2020-01-04T17:45:00+09:00,J3,1358,1219,2577
2020-01-04T17:45:00+09:00,J4,1019,1014,2033
2020-01-04T17:45:00+09:00,J5,389,424,813
2020-01-04T18:00:00+09:00,J1,1056,1236,2292
2020-01-04T18:00:00+09:00,J2,1055,870,1925
2020-01-04T18:00:00+09:00,J3,1400,1149,2549
2020-01-04T18:00:00+09:00,J4,1099,1002,2101
2020-01-04T18:00:00+09:00,J5,396,396,792
2020-01-04T18:15:00+09:00,J1,1064,1271,2335
2020-01-04T18:15:00+09:00,J2,970,830,1800
2020-01-04T18:15:00+09:00,J3,1314,1126,2440
2020-01-04T18:15:00+09:00,J4,913,858,1771
2020-01-04T18:15:00+09:00,J5,377,444,821
2020-01-04T18:30:00+09:00,J1,1099,1144,2243
2020-01-04T18:30:00+09:00,J2,938,902,1840
2020-01-04T18:30:00+09:00,J3,1195,951,2146
2020-01-04T18:30:00+09:00,J4,767,766,1533
2020-01-04T18:30:00+09:00,J5,433,380,813
2020-01-04T18:45:00+09:00,J1,1103,1235,2338
2020-01-04T18:45:00+09:00,J2,853,824,1677
2020-01-04T18:45:00+09:00,J3,974,933,1907
2020-01-04T18:45:00+09:00,J4,799,737,1536
2020-01-04T18:45:00+09:00,J5,492,450,942
2020-01-04T19:00:00+09:00,J1,1035,1120,2155
2020-01-04T19:00:00+09:00,J2,667,684,1351
2020-01-04T19:00:00+09:00,J3,1020,843,1863
2020-01-04T19:00:00+09:00,J4,772,741,1513
2020-01-04T19:00:00+09:00,J5,576,557,1133
2020-01-04T19:15:00+09:00,J1,1069,1127,2196
2020-01-04T19:15:00+09:00,J2,720,601,1321
2020-01-04T19:15:00+09:00,J3,1203,898,2101
2020-01-04T19:15:00+09:00,J4,730,662,1392
2020-01-04T19:15:00+09:00,J5,550,598,1148
2020-01-04T19:30:00+09:00,J1,1039,1105,2144
2020-01-04T19:30:00+09:00,J2,659,564,1223
2020-01-04T19:30:00+09:00,J3,1175,911,2086
2020-01-04T19:30:00+09:00,J4,653,661,1314
2020-01-04T19:30:00+09:00,J5,577,497,1074
2020-01-04T19:45:00+09:00,J1,1012,1183,2195
2020-01-04T19:45:00+09:00,J2,582,560,1142
2020-01-04T19:45:00+09:00,J3,1056,911,1967
2020-01-04T19:45:00+09:00,J4,701,762,1463
2020-01-04T19:45:00+09:00,J5,559,511,1070
2020-01-04T20:00:00+09:00,J1,1007,1081,2088
2020-01-04T20:00:00+09:00,J2,588,572,1160
2020-01-04T20:00:00+09:00,J3,1098,850,1948
2020-01-04T20:00:00+09:00,J4,714,675,1389
2020-01-04T20:00:00+09:00,J5,545,479,1024
2020-01-04T20:15:00+09:00,J1,987,1125,2112
2020-01-04T20:15:00+09:00,J2,597,546,1143
2020-01-04T20:15:00+09:00,J3,906,765,1671
2020-01-04T20:15:00+09:00,J4,684,674,1358
2020-01-04T20:15:00+09:00,J5,579,592,1171
2020-01-04T20:30:00+09:00,J1,966,1198,2164
2020-01-04T20:30:00+09:00,J2,665,649,1314
2020-01-04T20:30:00+09:00,J3,970,809,1779
2020-01-04T20:30:00+09:00,J4,720,677,1397
2020-01-04T20:30:00+09:00,J5,584,590,1174
2020-01-04T20:45:00+09:00,J1,984,1137,2121
2020-01-04T20:45:00+09:00,J2,751,741,1492
2020-01-04T20:45:00+09:00,J3,907,799,1706
2020-01-04T20:45:00+09:00,J4,678,700,1378
2020-01-04T20:45:00+09:00,J5,592,534,1126
2020-01-04T21:00:00+09:00,J1,968,1119,2087
2020-01-04T21:00:00+09:00,J2,733,652,1385
2020-01-04T21:00:00+09:00,J3,982,828,1810
2020-01-04T21:00:00+09:00,J4,698,702,1400
2020-01-04T21:00:00+09:00,J5,579,549,1128
2020-01-04T21:15:00+09:00,J1,920,1149,2069
2020-01-04T21:15:00+09:00,J2,755,703,1458
2020-01-04T21:15:00+09:00,J3,1032,815,1847
2020-01-04T21:15:00+09:00,J4,714,760,1474
2020-01-04T21:15:00+09:00,J5,478,520,998
2020-01-04T21:30:00+09:00,J1,954,1070,2024
2020-01-04T21:30:00+09:00,J2,734,685,1419
2020-01-04T21:30:00+09:00,J3,992,781,1773
2020-01-04T21:30:00+09:00,J4,713,710,1423
2020-01-04T21:30:00+09:00,J5,495,496,991
2020-01-04T21:45:00+09:00,J1,924,1087,2011
2020-01-04T21:45:00+09:00,J2,693,668,1361
2020-01-04T21:45:00+09:00,J3,872,711,1583
2020-01-04T21:45:00+09:00,J4,658,711,1369
2020-01-04T21:45:00+09:00,J5,439,484,923
2020-01-04T22:00:00+09:00,J1,952,1075,2027
2020-01-04T22:00:00+09:00,J2,832,771,1603
2020-01-04T22:00:00+09:00,J3,833,688,1521
2020-01-04T22:00:00+09:00,J4,746,789,1535
2020-01-04T22:00:00+09:00,J5,444,455,899
2020-01-04T22:15:00+09:00,J1,914,1096,2010
2020-01-04T22:15:00+09:00,J2,775,795,1570
2020-01-04T22:15:00+09:00,J3,823,661,1484
2020-01-04T22:15:00+09:00,J4,725,785,1510
2020-01-04T22:15:00+09:00,J5,492,479,971
2020-01-04T22:30:00+09:00,J1,951,1066,2017
2020-01-04T22:30:00+09:00,J2,798,763,1561
2020-01-04T22:30:00+09:00,J3,837,666,1503
2020-01-04T22:30:00+09:00,J4,706,698,1404
2020-01-04T22:30:00+09:00,J5,444,473,917
2020-01-04T22:45:00+09:00,J1,911,1061,1972
2020-01-04T22:45:00+09:00,J2,816,720,1536
2020-01-04T22:45:00+09:00,J3,792,670,1462
2020-01-04T22:45:00+09:00,J4,599,729,1328
2020-01-04T22:45:00+09:00,J5,486,503,989
2020-01-04T23:00:00+09:00,J1,905,1056,1961
2020-01-04T23:00:00+09:00,J2,752,713,1465
2020-01-04T23:00:00+09:00,J3,891,787,1678
2020-01-04T23:00:00+09:00,J4,625,725,1350
2020-01-04T23:00:00+09:00,J5,510,539,1049
2020-01-04T23:15:00+09:00,J1,961,1081,2042
2020-01-04T23:15:00+09:00,J2,786,828,1614
2020-01-04T23:15:00+09:00,J3,798,663,1461
2020-01-04T23:15:00+09:00,J4,654,707,1361
2020-01-04T23:15:00+09:00,J5,514,523,1037
2020-01-04T23:30:00+09:00,J1,854,1113,1967
2020-01-04T23:30:00+09:00,J2,727,741,1468
2020-01-04T23:30:00+09:00,J3,746,621,1367
2020-01-04T23:30:00+09:00,J4,606,729,1335
2020-01-04T23:30:00+09:00,J5,506,480,986
2020-01-04T23:45:00+09:00,J1,815,1121,1936
2020-01-04T23:45:00+09:00,J2,708,725,1433
2020-01-04T23:45:00+09:00,J3,783,643,1426
2020-01-04T23:45:00+09:00,J4,551,624,1175
2020-01-04T23:45:00+09:00,J5,491,572,1063
2020-01-05T00:00:00+09:00,J1,749,815,1564
2020-01-05T00:00:00+09:00,J2,754,650,1404
2020-01-05T00:00:00+09:00,J3,628,574,1202
2020-01-05T00:00:00+09:00,J4,485,464,949
2020-01-05T00:00:00+09:00,J5,621,583,1204
2020-01-05T00:15:00+09:00,J1,680,691,1371
2020-01-05T00:15:00+09:00,J2,709,646,1355
2020-01-05T00:15:00+09:00,J3,711,669,1380
2020-01-05T00:15:00+09:00,J4,383,390,773
2020-01-05T00:15:00+09:00,J5,576,658,1234
2020-01-05T00:30:00+09:00,J1,526,465,991
2020-01-05T00:30:00+09:00,J2,693,608,1301
2020-01-05T00:30:00+09:00,J3,804,689,1493
2020-01-05T00:30:00+09:00,J4,442,498,940
2020-01-05T00:30:00+09:00,J5,648,566,1214
2020-01-05T00:45:00+09:00,J1,477,487,964
2020-01-05T00:45:00+09:00,J2,631,629,1260
2020-01-05T00:45:00+09:00,J3,763,686,1449
2020-01-05T00:45:00+09:00,J4,511,506,1017
2020-01-05T00:45:00+09:00,J5,620,603,1223
2020-01-05T05:45:00+09:00,J1,722,743,1465
2020-01-05T05:45:00+09:00,J2,529,602,1131
2020-01-05T05:45:00+09:00,J3,804,552,1356
2020-01-05T05:45:00+09:00,J4,870,872,1742
2020-01-05T05:45:00+09:00,J5,557,536,1093
2020-01-05T06:00:00+09:00,J1,572,660,1232
2020-01-05T06:00:00+09:00,J2,672,721,1393
2020-01-05T06:00:00+09:00,J3,897,717,1614
2020-01-05T06:00:00+09:00,J4,826,788,1614
2020-01-05T06:00:00+09:00,J5,604,587,1191
2020-01-05T06:15:00+09:00,J1,758,800,1558
2020-01-05T06:15:00+09:00,J2,707,760,1467
2020-01-05T06:15:00+09:00,J3,828,728,1556
2020-01-05T06:15:00+09:00,J4,797,747,1544
2020-01-05T06:15:00+09:00,J5,571,608,1179
2020-01-05T06:30:00+09:00,J1,751,799,1550
2020-01-05T06:30:00+09:00,J2,635,667,1302
2020-01-05T06:30:00+09:00,J3,868,739,1607
2020-01-05T06:30:00+09:00,J4,719,716,1435
2020-01-05T06:30:00+09:00,J5,627,561,1188
2020-01-05T06:45:00+09:00,J1,717,784,1501
2020-01-05T06:45:00+09:00,J2,694,661,1355
2020-01-05T06:45:00+09:00,J3,953,723,1676
2020-01-05T06:45:00+09:00,J4,754,764,1518
2020-01-05T06:45:00+09:00,J5,636,593,1229
2020-01-05T07:00:00+09:00,J1,793,847,1640
2020-01-05T07:00:00+09:00,J2,521,548,1069
2020-01-05T07:00:00+09:00,J3,848,675,1523
2020-01-05T07:00:00+09:00,J4,858,781,1639
2020-01-05T07:00:00+09:00,J5,675,616,1291
2020-01-05T07:15:00+09:00,J1,873,944,1817
2020-01-05T07:15:00+09:00,J2,591,589,1180
2020-01-05T07:15:00+09:00,J3,923,689,1612
2020-01-05T07:15:00+09:00,J4,965,868,1833
2020-01-05T07:15:00+09:00,J5,677,656,1333
2020-01-05T07:30:00+09:00,J1,853,984,1837
2020-01-05T07:30:00+09:00,J2,624,531,1155
2020-01-05T07:30:00+09:00,J3,862,721,1583
2020-01-05T07:30:00+09:00,J4,847,899,1746
2020-01-05T07:30:00+09:00,J5,774,685,1459
2020-01-05T07:45:00+09:00,J1,988,1027,2015
2020-01-05T07:45:00+09:00,J2,586,624,1210
2020-01-05T07:45:00+09:00,J3,854,693,1547
2020-01-05T07:45:00+09:00,J4,841,815,1656
2020-01-05T07:45:00+09:00,J5,666,670,1336
2020-01-05T08:00:00+09:00,J1,971,1169,2140
2020-01-05T08:00:00+09:00,J2,801,837,1638
2020-01-05T08:00:00+09:00,J3,1037,910,1947
2020-01-05T08:00:00+09:00,J4,782,798,1580
2020-01-05T08:00:00+09:00,J5,587,555,1142
2020-01-05T08:15:00+09:00,J1,1062,1228,2290
2020-01-05T08:15:00+09:00,J2,825,743,1568
2020-01-05T08:15:00+09:00,J3,981,822,1803
2020-01-05T08:15:00+09:00,J4,854,849,1703
2020-01-05T08:15:00+09:00,J5,507,520,1027
2020-01-05T08:30:00+09:00,J1,1118,1132,2250
2020-01-05T08:30:00+09:00,J2,697,703,1400
2020-01-05T08:30:00+09:00,J3,1217,1022,2239
2020-01-05T08:30:00+09:00,J4,727,793,1520
2020-01-05T08:30:00+09:00,J5,471,468,939
2020-01-05T08:45:00+09:00,J1,1040,1075,2115
2020-01-05T08:45:00+09:00,J2,672,820,1492
2020-01-05T08:45:00+09:00,J3,1107,1073,2180
2020-01-05T08:45:00+09:00,J4,689,709,1398
2020-01-05T08:45:00+09:00,J5,453,473,926
2020-01-05T09:00:00+09:00,J1,1151,1114,2265
2020-01-05T09:00:00+09:00,J2,993,1044,2037
2020-01-05T09:00:00+09:00,J3,911,771,1682
2020-01-05T09:00:00+09:00,J4,690,725,1415
2020-01-05T09:00:00+09:00,J5,448,511,959
2020-01-05T09:15:00+09:00,J1,1091,1084,2175
2020-01-05T09:15:00+09:00,J2,1091,988,2079
2020-01-05T09:15:00+09:00,J3,825,732,1557
2020-01-05T09:15:00+09:00,J4,640,706,1346
2020-01-05T09:15:00+09:00,J5,570,526,1096
2020-01-05T09:30:00+09:00,J1,1046,1103,2149
2020-01-05T09:30:00+09:00,J2,978,874,1852
2020-01-05T09:30:00+09:00,J3,939,767,1706
2020-01-05T09:30:00+09:00,J4,622,721,1343
2020-01-05T09:30:00+09:00,J5,579,519,1098
2020-01-05T09:45:00+09:00,J1,1055,1148,2203
2020-01-05T09:45:00+09:00,J2,987,851,1838
2020-01-05T09:45:00+09:00,J3,857,887,1744
2020-01-05T09:45:00+09:00,J4,647,690,1337
2020-01-05T09:45:00+09:00,J5,484,517,1001
2020-01-05T10:00:00+09:00,J1,1082,1171,2253
2020-01-05T10:00:00+09:00,J2,919,854,1773
2020-01-05T10:00:00+09:00,J3,891,834,1725
2020-01-05T10:00:00+09:00,J4,594,769,1363
2020-01-05T10:00:00+09:00,J5,488,523,1011
2020-01-05T10:15:00+09:00,J1,1114,1167,2281
2020-01-05T10:15:00+09:00,J2,804,832,1636
2020-01-05T10:15:00+09:00,J3,971,915,1886
2020-01-05T10:15:00+09:00,J4,591,728,1319
2020-01-05T10:15:00+09:00,J5,511,535,1046
2020-01-05T10:30:00+09:00,J1,1028,1130,2158
2020-01-05T10:30:00+09:00,J2,774,789,1563
2020-01-05T10:30:00+09:00,J3,968,975,1943
2020-01-05T10:30:00+09:00,J4,657,720,1377
2020-01-05T10:30:00+09:00,J5,465,458,923
2020-01-05T10:45:00+09:00,J1,1011,1157,2168
2020-01-05T10:45:00+09:00,J2,728,841,1569
2020-01-05T10:45:00+09:00,J3,1055,838,1893
2020-01-05T10:45:00+09:00,J4,734,705,1439
2020-01-05T10:45:00+09:00,J5,465,548,1013
2020-01-05T11:00:00+09:00,J1,1005,1164,2169
2020-01-05T11:00:00+09:00,J2,701,793,1494
2020-01-05T11:00:00+09:00,J3,1302,1079,2381
2020-01-05T11:00:00+09:00,J4,637,726,1363
2020-01-05T11:00:00+09:00,J5,509,461,970
2020-01-05T11:15:00+09:00,J1,1030,1163,2193
2020-01-05T11:15:00+09:00,J2,712,729,1441
2020-01-05T11:15:00+09:00,J3,1087,967,2054
2020-01-05T11:15:00+09:00,J4,675,794,1469
2020-01-05T11:15:00+09:00,J5,398,358,756
2020-01-05T11:30:00+09:00,J1,980,1191,2171
2020-01-05T11:30:00+09:00,J2,689,763,1452
2020-01-05T11:30:00+09:00,J3,1056,997,2053
2020-01-05T11:30:00+09:00,J4,743,867,1610
2020-01-05T11:30:00+09:00,J5,368,376,744
2020-01-05T11:45:00+09:00,J1,1030,1165,2195
2020-01-05T11:45:00+09:00,J2,648,791,1439
2020-01-05T11:45:00+09:00,J3,1072,968,2040
2020-01-05T11:45:00+09:00,J4,686,807,1493
2020-01-05T11:45:00+09:00,J5,350,384,734
2020-01-05T12:00:00+09:00,J1,1045,1233,2278
2020-01-05T12:00:00+09:00,J2,677,657,1334
2020-01-05T12:00:00+09:00,J3,1007,950,1957
2020-01-05T12:00:00+09:00,J4,709,704,1413
2020-01-05T12:00:00+09:00,J5,351,367,718
2020-01-05T12:15:00+09:00,J1,1046,1233,2279
2020-01-05T12:15:00+09:00,J2,719,695,1414
2020-01-05T12:15:00+09:00,J3,1186,964,2150
2020-01-05T12:15:00+09:00,J4,720,763,1483
2020-01-05T12:15:00+09:00,J5,355,388,743
2020-01-05T12:30:00+09:00,J1,1007,1208,2215
2020-01-05T12:30:00+09:00,J2,658,624,1282
2020-01-05T12:30:00+09:00,J3,1128,917,2045
2020-01-05T12:30:00+09:00,J4,678,790,1468
2020-01-05T12:30:00+09:00,J5,397,370,767
2020-01-05T12:45:00+09:00,J1,1011,1203,2214
2020-01-05T12:45:00+09:00,J2,710,603,1313
2020-01-05T12:45:00+09:00,J3,1033,1137,2170
2020-01-05T12:45:00+09:00,J4,648,734,1382
2020-01-05T12:45:00+09:00,J5,330,357,687
2020-01-05T13:00:00+09:00,J1,911,1212,2123
2020-01-05T13:00:00+09:00,J2,822,722,1544
2020-01-05T13:00:00+09:00,J3,997,1061,2058
2020-01-05T13:00:00+09:00,J4,755,754,1509
2020-01-05T13:00:00+09:00,J5,350,405,755
2020-01-05T13:15:00+09:00,J1,1016,1184,2200
2020-01-05T13:15:00+09:00,J2,822,802,1624
2020-01-05T13:15:00+09:00,J3,1013,1025,2038
2020-01-05T13:15:00+09:00,J4,680,743,1423
2020-01-05T13:15:00+09:00,J5,359,373,732
2020-01-05T13:30:00+09:00,J1,1081,1221,2302
2020-01-05T13:30:00+09:00,J2,834,836,1670
2020-01-05T13:30:00+09:00,J3,1118,1003,2121
2020-01-05T13:30:00+09:00,J4,795,782,1577
2020-01-05T13:30:00+09:00,J5,365,359,724
2020-01-05T13:45:00+09:00,J1,1048,1230,2278
2020-01-05T13:45:00+09:00,J2,783,805,1588
2020-01-05T13:45:00+09:00,J3,1148,1000,2148
2020-01-05T13:45:00+09:00,J4,751,731,1482
2020-01-05T13:45:00+09:00,J5,358,392,750
2020-01-05T14:00:00+09:00,J1,997,1173,2170
2020-01-05T14:00:00+09:00,J2,774,788,1562
2020-01-05T14:00:00+09:00,J3,1081,1063,2144
2020-01-05T14:00:00+09:00,J4,675,790,1465
2020-01-05T14:00:00+09:00,J5,370,385,755
2020-01-05T14:15:00+09:00,J1,1022,1270,2292
2020-01-05T14:15:00+09:00,J2,939,777,1716
2020-01-05T14:15:00+09:00,J3,1107,1110,2217
2020-01-05T14:15:00+09:00,J4,691,783,1474
2020-01-05T14:15:00+09:00,J5,397,392,789
2020-01-05T14:30:00+09:00,J1,1001,1212,2213
2020-01-05T14:30:00+09:00,J2,821,814,1635
2020-01-05T14:30:00+09:00,J3,1198,1194,2392
2020-01-05T14:30:00+09:00,J4,736,755,1491
2020-01-05T14:30:00+09:00,J5,390,395,785
2020-01-05T14:45:00+09:00,J1,995,1244,2239
2020-01-05T14:45:00+09:00,J2,825,746,1571
2020-01-05T14:45:00+09:00,J3,1092,1072,2164
2020-01-05T14:45:00+09:00,J4,728,739,1467
2020-01-05T14:45:00+09:00,J5,373,345,718
2020-01-05T15:00:00+09:00,J1,1001,1208,2209
2020-01-05T15:00:00+09:00,J2,741,709,1450
2020-01-05T15:00:00+09:00,J3,1096,1108,2204
2020-01-05T15:00:00+09:00,J4,706,702,1408
2020-01-05T15:00:00+09:00,J5,342,372,714
2020-01-05T15:15:00+09:00,J1,1011,1188,2199
2020-01-05T15:15:00+09:00,J2,728,820,1548
2020-01-05T15:15:00+09:00,J3,952,1057,2009
2020-01-05T15:15:00+09:00,J4,708,763,1471
2020-01-05T15:15:00+09:00,J5,371,376,747
2020-01-05T15:30:00+09:00,J1,910,1176,2086
2020-01-05T15:30:00+09:00,J2,688,789,1477
2020-01-05T15:30:00+09:00,J3,979,1083,2062
2020-01-05T15:30:00+09:00,J4,704,766,1470
2020-01-05T15:30:00+09:00,J5,378,352,730
2020-01-05T15:45:00+09:00,J1,1004,1197,2201
2020-01-05T15:45:00+09:00,J2,718,812,1530
2020-01-05T15:45:00+09:00,J3,1065,1034,2099
2020-01-05T15:45:00+09:00,J4,741,762,1503
2020-01-05T15:45:00+09:00,J5,373,386,759
2020-01-05T16:00:00+09:00,J1,1013,1243,2256
2020-01-05T16:00:00+09:00,J2,812,917,1729
2020-01-05T16:00:00+09:00,J3,1178,1007,2185
2020-01-05T16:00:00+09:00,J4,800,788,1588
2020-01-05T16:00:00+09:00,J5,352,339,691
2020-01-05T16:15:00+09:00,J1,976,1214,2190
2020-01-05T16:15:00+09:00,J2,762,795,1557
2020-01-05T16:15:00+09:00,J3,1329,1014,2343
2020-01-05T16:15:00+09:00,J4,736,778,1514
2020-01-05T16:15:00+09:00,J5,366,334,700
2020-01-05T16:30:00+09:00,J1,1000,1260,2260
2020-01-05T16:30:00+09:00,J2,784,750,1534
2020-01-05T16:30:00+09:00,J3,1237,1077,2314
2020-01-05T16:30:00+09:00,J4,817,777,1594
2020-01-05T16:30:00+09:00,J5,393,390,783
2020-01-05T16:45:00+09:00,J1,1045,1148,2193
2020-01-05T16:45:00+09:00,J2,749,738,1487
2020-01-05T16:45:00+09:00,J3,1218,1041,2259
2020-01-05T16:45:00+09:00,J4,784,724,1508
2020-01-05T16:45:00+09:00,J5,343,348,691
2020-01-05T17:00:00+09:00,J1,1021,1211,2232
2020-01-05T17:00:00+09:00,J2,760,816,1576
2020-01-05T17:00:00+09:00,J3,1430,1136,2566
2020-01-05T17:00:00+09:00,J4,923,905,1828
2020-01-05T17:00:00+09:00,J5,345,386,731
2020-01-05T17:15:00+09:00,J1,1028,1238,2266
2020-01-05T17:15:00+09:00,J2,744,850,1594
2020-01-05T17:15:00+09:00,J3,1318,1013,2331
2020-01-05T17:15:00+09:00,J4,914,910,1824
2020-01-05T17:15:00+09:00,J5,365,417,782
2020-01-05T17:30:00+09:00,J1,1014,1140,2154
2020-01-05T17:30:00+09:00,J2,746,785,1531
2020-01-05T17:30:00+09:00,J3,1357,1022,2379
2020-01-05T17:30:00+09:00,J4,971,896,1867
2020-01-05T17:30:00+09:00,J5,368,394,762
2020-01-05T17:45:00+09:00,J1,1001,1232,2233
2020-01-05T17:45:00+09:00,J2,710,783,1493
2020-01-05T17:45:00+09:00,J3,1215,1025,2240
2020-01-05T17:45:00+09:00,J4,984,898,1882
2020-01-05T17:45:00+09:00,J5,367,365,732
2020-01-05T18:00:00+09:00,J1,1085,1233,2318
2020-01-05T18:00:00+09:00,J2,861,830,1691
2020-01-05T18:00:00+09:00,J3,1113,1134,2247
2020-01-05T18:00:00+09:00,J4,889,873,1762
2020-01-05T18:00:00+09:00,J5,359,391,750
2020-01-05T18:15:00+09:00,J1,1079,1281,2360
2020-01-05T18:15:00+09:00,J2,758,757,1515
2020-01-05T18:15:00+09:00,J3,1244,1044,2288
2020-01-05T18:15:00+09:00,J4,719,730,1449
2020-01-05T18:15:00+09:00,J5,374,404,778
2020-01-05T18:30:00+09:00,J1,1173,1232,2405
2020-01-05T18:30:00+09:00,J2,725,747,1472
2020-01-05T18:30:00+09:00,J3,1116,991,2107
2020-01-05T18:30:00+09:00,J4,732,661,1393
2020-01-05T18:30:00+09:00,J5,423,395,818
2020-01-05T18:45:00+09:00,J1,1017,1190,2207
2020-01-05T18:45:00+09:00,J2,743,719,1462
2020-01-05T18:45:00+09:00,J3,1165,925,2090
2020-01-05T18:45:00+09:00,J4,752,792,1544
2020-01-05T18:45:00+09:00,J5,516,479,995
2020-01-05T19:00:00+09:00,J1,919,1170,2089
2020-01-05T19:00:00+09:00,J2,703,605,1308
2020-01-05T19:00:00+09:00,J3,966,886,1852
2020-01-05T19:00:00+09:00,J4,750,812,1562
2020-01-05T19:00:00+09:00,J5,554,590,1144
2020-01-05T19:15:00+09:00,J1,978,1181,2159
2020-01-05T19:15:00+09:00,J2,679,601,1280
2020-01-05T19:15:00+09:00,J3,969,827,1796
2020-01-05T19:15:00+09:00,J4,663,784,1447
2020-01-05T19:15:00+09:00,J5,608,561,1169
2020-01-05T19:30:00+09:00,J1,952,1100,2052
2020-01-05T19:30:00+09:00,J2,557,490,1047
2020-01-05T19:30:00+09:00,J3,922,797,1719
2020-01-05T19:30:00+09:00,J4,598,606,1204
2020-01-05T19:30:00+09:00,J5,515,549,1064
2020-01-05T19:45:00+09:00,J1,986,1115,2101
2020-01-05T19:45:00+09:00,J2,516,520,1036
2020-01-05T19:45:00+09:00,J3,839,683,1522
2020-01-05T19:45:00+09:00,J4,571,594,1165
2020-01-05T19:45:00+09:00,J5,531,514,1045
2020-01-05T20:00:00+09:00,J1,991,1119,2110
2020-01-05T20:00:00+09:00,J2,544,558,1102
2020-01-05T20:00:00+09:00,J3,823,751,1574
2020-01-05T20:00:00+09:00,J4,634,666,1300
2020-01-05T20:00:00+09:00,J5,561,530,1091
2020-01-05T20:15:00+09:00,J1,954,1053,2007
2020-01-05T20:15:00+09:00,J2,643,624,1267
2020-01-05T20:15:00+09:00,J3,824,774,1598
2020-01-05T20:15:00+09:00,J4,629,595,1224
2020-01-05T20:15:00+09:00,J5,554,563,1117
2020-01-05T20:30:00+09:00,J1,1003,1075,2078
2020-01-05T20:30:00+09:00,J2,602,594,1196
2020-01-05T20:30:00+09:00,J3,886,868,1754
2020-01-05T20:30:00+09:00,J4,612,630,1242
2020-01-05T20:30:00+09:00,J5,568,614,1182
2020-01-05T20:45:00+09:00,J1,969,1058,2027
2020-01-05T20:45:00+09:00,J2,493,474,967
2020-01-05T20:45:00+09:00,J3,880,760,1640
2020-01-05T20:45:00+09:00,J4,581,594,1175
2020-01-05T20:45:00+09:00,J5,528,517,1045
2020-01-05T21:00:00+09:00,J1,901,1087,1988
2020-01-05T21:00:00+09:00,J2,630,623,1253
2020-01-05T21:00:00+09:00,J3,957,838,1795
2020-01-05T21:00:00+09:00,J4,659,706,1365
2020-01-05T21:00:00+09:00,J5,551,553,1104
2020-01-05T21:15:00+09:00,J1,893,1064,1957
2020-01-05T21:15:00+09:00,J2,633,667,1300
2020-01-05T21:15:00+09:00,J3,967,755,1722
2020-01-05T21:15:00+09:00,J4,638,696,1334
2020-01-05T21:15:00+09:00,J5,548,543,1091
2020-01-05T21:30:00+09:00,J1,875,1138,2013
2020-01-05T21:30:00+09:00,J2,643,666,1309
2020-01-05T21:30:00+09:00,J3,906,702,1608
2020-01-05T21:30:00+09:00,J4,623,602,1225
2020-01-05T21:30:00+09:00,J5,425,495,920
2020-01-05T21:45:00+09:00,J1,906,1086,1992
2020-01-05T21:45:00+09:00,J2,544,643,1187
2020-01-05T21:45:00+09:00,J3,838,713,1551
2020-01-05T21:45:00+09:00,J4,675,698,1373
2020-01-05T21:45:00+09:00,J5,491,458,949
2020-01-05T22:00:00+09:00,J1,960,1023,1983
2020-01-05T22:00:00+09:00,J2,631,683,1314
2020-01-05T22:00:00+09:00,J3,776,627,1403
2020-01-05T22:00:00+09:00,J4,642,702,1344
2020-01-05T22:00:00+09:00,J5,415,427,842
2020-01-05T22:15:00+09:00,J1,855,1028,1883
2020-01-05T22:15:00+09:00,J2,644,672,1316
2020-01-05T22:15:00+09:00,J3,783,618,1401
2020-01-05T22:15:00+09:00,J4,702,719,1421
2020-01-05T22:15:00+09:00,J5,484,426,910
2020-01-05T22:30:00+09:00,J1,930,1039,1969
2020-01-05T22:30:00+09:00,J2,623,642,1265
2020-01-05T22:30:00+09:00,J3,713,631,1344
2020-01-05T22:30:00+09:00,J4,622,779,1401
2020-01-05T22:30:00+09:00,J5,449,420,869
2020-01-05T22:45:00+09:00,J1,883,948,1831
2020-01-05T22:45:00+09:00,J2,660,634,1294
2020-01-05T22:45:00+09:00,J3,735,675,1410
2020-01-05T22:45:00+09:00,J4,616,765,1381
2020-01-05T22:45:00+09:00,J5,427,472,899
2020-01-05T23:00:00+09:00,J1,871,951,1822
2020-01-05T23:00:00+09:00,J2,666,700,1366
2020-01-05T23:00:00+09:00,J3,801,666,1467
2020-01-05T23:00:00+09:00,J4,635,683,1318
2020-01-05T23:00:00+09:00,J5,516,512,1028
2020-01-05T23:15:00+09:00,J1,877,947,1824
2020-01-05T23:15:00+09:00,J2,773,717,1490
2020-01-05T23:15:00+09:00,J3,724,651,1375
2020-01-05T23:15:00+09:00,J4,612,728,1340
2020-01-05T23:15:00+09:00,J5,513,510,1023
2020-01-05T23:30:00+09:00,J1,772,863,1635
2020-01-05T23:30:00+09:00,J2,670,696,1366
2020-01-05T23:30:00+09:00,J3,727,623,1350
2020-01-05T23:30:00+09:00,J4,575,693,1268
2020-01-05T23:30:00+09:00,J5,450,481,931
2020-01-05T23:45:00+09:00,J1,852,929,1781
2020-01-05T23:45:00+09:00,J2,625,605,1230
2020-01-05T23:45:00+09:00,J3,616,605,1221
2020-01-05T23:45:00+09:00,J4,539,617,1156
2020-01-05T23:45:00+09:00,J5,545,497,1042
2020-01-06T00:00:00+09:00,J1,669,747,1416
2020-01-06T00:00:00+09:00,J2,714,626,1340
2020-01-06T00:00:00+09:00,J3,552,539,1091
2020-01-06T00:00:00+09:00,J4,530,540,1070
2020-01-06T00:00:00+09:00,J5,569,556,1125
2020-01-06T00:15:00+09:00,J1,543,521,1064
2020-01-06T00:15:00+09:00,J2,606,605,1211
2020-01-06T00:15:00+09:00,J3,709,629,1338
2020-01-06T00:15:00+09:00,J4,456,515,971
2020-01-06T00:15:00+09:00,J5,579,582,1161
2020-01-06T00:30:00+09:00,J1,470,448,918
2020-01-06T00:30:00+09:00,J2,618,634,1252
2020-01-06T00:30:00+09:00,J3,817,730,1547
2020-01-06T00:30:00+09:00,J4,638,668,1306
2020-01-06T00:30:00+09:00,J5,591,612,1203
2020-01-06T00:45:00+09:00,J1,477,494,971
2020-01-06T00:45:00+09:00,J2,627,647,1274
2020-01-06T00:45:00+09:00,J3,784,722,1506
2020-01-06T00:45:00+09:00,J4,598,610,1208
2020-01-06T00:45:00+09:00,J5,639,611,1250
2020-01-06T05:45:00+09:00,J1,788,751,1539
2020-01-06T05:45:00+09:00,J2,670,628,1298
2020-01-06T05:45:00+09:00,J3,827,654,1481
2020-01-06T05:45:00+09:00,J4,751,816,1567
2020-01-06T05:45:00+09:00,J5,630,494,1124
2020-01-06T06:00:00+09:00,J1,714,782,1496
2020-01-06T06:00:00+09:00,J2,660,646,1306
2020-01-06T06:00:00+09:00,J3,879,696,1575
2020-01-06T06:00:00+09:00,J4,749,792,1541
2020-01-06T06:00:00+09:00,J5,594,558,1152
2020-01-06T06:15:00+09:00,J1,779,809,1588
2020-01-06T06:15:00+09:00,J2,761,651,1412
2020-01-06T06:15:00+09:00,J3,885,761,1646
2020-01-06T06:15:00+09:00,J4,722,846,1568
2020-01-06T06:15:00+09:00,J5,591,535,1126
2020-01-06T06:30:00+09:00,J1,823,840,1663
2020-01-06T06:30:00+09:00,J2,726,659,1385
2020-01-06T06:30:00+09:00,J3,856,726,1582
2020-01-06T06:30:00+09:00,J4,705,812,1517
2020-01-06T06:30:00+09:00,J5,584,507,1091
2020-01-06T06:45:00+09:00,J1,890,847,1737
2020-01-06T06:45:00+09:00,J2,734,679,1413
2020-01-06T06:45:00+09:00,J3,858,724,1582
2020-01-06T06:45:00+09:00,J4,743,826,1569
2020-01-06T06:45:00+09:00,J5,566,572,1138
2020-01-06T07:00:00+09:00,J1,893,897,1790
2020-01-06T07:00:00+09:00,J2,709,656,1365
2020-01-06T07:00:00+09:00,J3,821,784,1605
2020-01-06T07:00:00+09:00,J4,739,903,1642
2020-01-06T07:00:00+09:00,J5,574,465,1039
2020-01-06T07:15:00+09:00,J1,952,979,1931
2020-01-06T07:15:00+09:00,J2,826,704,1530
2020-01-06T07:15:00+09:00,J3,828,753,1581
2020-01-06T07:15:00+09:00,J4,793,951,1744
2020-01-06T07:15:00+09:00,J5,632,608,1240
2020-01-06T07:30:00+09:00,J1,1019,1069,2088
2020-01-06T07:30:00+09:00,J2,761,630,1391
2020-01-06T07:30:00+09:00,J3,1116,1081,2197
2020-01-06T07:30:00+09:00,J4,815,1033,1848
2020-01-06T07:30:00+09:00,J5,632,593,1225
2020-01-06T07:45:00+09:00,J1,994,1068,2062
2020-01-06T07:45:00+09:00,J2,903,696,1599
2020-01-06T07:45:00+09:00,J3,1252,1232,2484
2020-01-06T07:45:00+09:00,J4,752,1079,1831
2020-01-06T07:45:00+09:00,J5,577,508,1085
2020-01-06T08:00:00+09:00,J1,1177,1135,2312
2020-01-06T08:00:00+09:00,J2,1065,790,1855
2020-01-06T08:00:00+09:00,J3,1428,1223,2651
2020-01-06T08:00:00+09:00,J4,750,1088,1838
2020-01-06T08:00:00+09:00,J5,502,546,1048
2020-01-06T08:15:00+09:00,J1,1175,1151,2326
2020-01-06T08:15:00+09:00,J2,1204,736,1940
2020-01-06T08:15:00+09:00,J3,1528,1301,2829
2020-01-06T08:15:00+09:00,J4,801,1155,1956
2020-01-06T08:15:00+09:00,J5,564,603,1167
2020-01-06T08:30:00+09:00,J1,1231,1160,2391
2020-01-06T08:30:00+09:00,J2,1127,714,1841
2020-01-06T08:30:00+09:00,J3,1576,1376,2952
2020-01-06T08:30:00+09:00,J4,685,1020,1705
2020-01-06T08:30:00+09:00,J5,555,660,1215
2020-01-06T08:45:00+09:00,J1,1155,1202,2357
2020-01-06T08:45:00+09:00,J2,810,599,1409
2020-01-06T08:45:00+09:00,J3,1372,1246,2618
2020-01-06T08:45:00+09:00,J4,683,910,1593
2020-01-06T08:45:00+09:00,J5,483,463,946
2020-01-06T09:00:00+09:00,J1,1102,1221,2323
2020-01-06T09:00:00+09:00,J2,920,704,1624
2020-01-06T09:00:00+09:00,J3,1148,989,2137
2020-01-06T09:00:00+09:00,J4,776,947,1723
2020-01-06T09:00:00+09:00,J5,439,484,923
2020-01-06T09:15:00+09:00,J1,1049,1029,2078
2020-01-06T09:15:00+09:00,J2,827,718,1545
2020-01-06T09:15:00+09:00,J3,1040,978,2018
2020-01-06T09:15:00+09:00,J4,785,920,1705
2020-01-06T09:15:00+09:00,J5,601,666,1267
2020-01-06T09:30:00+09:00,J1,1096,1144,2240
2020-01-06T09:30:00+09:00,J2,754,698,1452
2020-01-06T09:30:00+09:00,J3,1122,1084,2206
2020-01-06T09:30:00+09:00,J4,802,938,1740
2020-01-06T09:30:00+09:00,J5,624,712,1336
2020-01-06T09:45:00+09:00,J1,1100,1162,2262
2020-01-06T09:45:00+09:00,J2,736,650,1386
2020-01-06T09:45:00+09:00,J3,1153,1031,2184
2020-01-06T09:45:00+09:00,J4,682,872,1554
2020-01-06T09:45:00+09:00,J5,535,616,1151
2020-01-06T10:00:00+09:00,J1,1089,1146,2235
2020-01-06T10:00:00+09:00,J2,720,634,1354
2020-01-06T10:00:00+09:00,J3,1042,994,2036
2020-01-06T10:00:00+09:00,J4,692,792,1484
2020-01-06T10:00:00+09:00,J5,581,603,1184
2020-01-06T10:15:00+09:00,J1,1111,1137,2248
2020-01-06T10:15:00+09:00,J2,780,792,1572
2020-01-06T10:15:00+09:00,J3,1046,910,1956
2020-01-06T10:15:00+09:00,J4,686,726,1412
2020-01-06T10:15:00+09:00,J5,520,553,1073
2020-01-06T10:30:00+09:00,J1,1046,1191,2237
2020-01-06T10:30:00+09:00,J2,800,794,1594
2020-01-06T10:30:00+09:00,J3,988,859,1847
2020-01-06T10:30:00+09:00,J4,727,802,1529
2020-01-06T10:30:00+09:00,J5,511,564,1075
2020-01-06T10:45:00+09:00,J1,1046,1131,2177
2020-01-06T10:45:00+09:00,J2,762,822,1584
2020-01-06T10:45:00+09:00,J3,1010,947,1957
2020-01-06T10:45:00+09:00,J4,699,785,1484
2020-01-06T10:45:00+09:00,J5,510,570,1080
2020-01-06T11:00:00+09:00,J1,1066,1176,2242
2020-01-06T11:00:00+09:00,J2,777,744,1521
2020-01-06T11:00:00+09:00,J3,1018,902,1920
2020-01-06T11:00:00+09:00,J4,643,739,1382
2020-01-06T11:00:00+09:00,J5,539,657,1196
2020-01-06T11:15:00+09:00,J1,1149,1194,2343
2020-01-06T11:15:00+09:00,J2,768,619,1387
2020-01-06T11:15:00+09:00,J3,1101,1045,2146
2020-01-06T11:15:00+09:00,J4,715,798,1513
2020-01-06T11:15:00+09:00,J5,443,498,941
2020-01-06T11:30:00+09:00,J1,1029,1245,2274
2020-01-06T11:30:00+09:00,J2,797,658,1455
2020-01-06T11:30:00+09:00,J3,1203,955,2158
2020-01-06T11:30:00+09:00,J4,691,819,1510
2020-01-06T11:30:00+09:00,J5,334,400,734
2020-01-06T11:45:00+09:00,J1,1136,1217,2353
2020-01-06T11:45:00+09:00,J2,687,662,1349
2020-01-06T11:45:00+09:00,J3,1208,1008,2216
2020-01-06T11:45:00+09:00,J4,635,763,1398
2020-01-06T11:45:00+09:00,J5,341,395,736
2020-01-06T12:00:00+09:00,J1,1069,1209,2278
2020-01-06T12:00:00+09:00,J2,719,670,1389
2020-01-06T12:00:00+09:00,J3,1269,1081,2350
2020-01-06T12:00:00+09:00,J4,741,806,1547
2020-01-06T12:00:00+09:00,J5,437,472,909
2020-01-06T12:15:00+09:00,J1,1009,1132,2141
2020-01-06T12:15:00+09:00,J2,762,680,1442
2020-01-06T12:15:00+09:00,J3,1386,1151,2537
2020-01-06T12:15:00+09:00,J4,704,705,1409
2020-01-06T12:15:00+09:00,J5,436,503,939
2020-01-06T12:30:00+09:00,J1,993,1221,2214
2020-01-06T12:30:00+09:00,J2,756,678,1434
2020-01-06T12:30:00+09:00,J3,1297,1261,2558
2020-01-06T12:30:00+09:00,J4,724,764,1488
2020-01-06T12:30:00+09:00,J5,415,509,924
2020-01-06T12:45:00+09:00,J1,1034,1119,2153
2020-01-06T12:45:00+09:00,J2,725,662,1387
2020-01-06T12:45:00+09:00,J3,1372,1038,2410
2020-01-06T12:45:00+09:00,J4,728,758,1486
2020-01-06T12:45:00+09:00,J5,384,469,853
2020-01-06T13:00:00+09:00,J1,1005,1176,2181
2020-01-06T13:00:00+09:00,J2,745,712,1457
2020-01-06T13:00:00+09:00,J3,1289,1098,2387
2020-01-06T13:00:00+09:00,J4,726,827,1553
2020-01-06T13:00:00+09:00,J5,379,446,825
2020-01-06T13:15:00+09:00,J1,996,1221,2217
2020-01-06T13:15:00+09:00,J2,813,867,1680
2020-01-06T13:15:00+09:00,J3,1315,1088,2403
2020-01-06T13:15:00+09:00,J4,691,730,1421
2020-01-06T13:15:00+09:00,J5,396,459,855
2020-01-06T13:30:00+09:00,J1,985,1183,2168
2020-01-06T13:30:00+09:00,J2,780,855,1635
2020-01-06T13:30:00+09:00,J3,1322,1003,2325
2020-01-06T13:30:00+09:00,J4,686,740,1426
2020-01-06T13:30:00+09:00,J5,372,441,813
2020-01-06T13:45:00+09:00,J1,989,1174,2163
2020-01-06T13:45:00+09:00,J2,710,788,1498
2020-01-06T13:45:00+09:00,J3,1370,983,2353
2020-01-06T13:45:00+09:00,J4,698,754,1452
2020-01-06T13:45:00+09:00,J5,404,419,823
2020-01-06T14:00:00+09:00,J1,1086,1190,2276
2020-01-06T14:00:00+09:00,J2,779,762,1541
2020-01-06T14:00:00+09:00,J3,1182,997,2179
2020-01-06T14:00:00+09:00,J4,771,757,1528
2020-01-06T14:00:00+09:00,J5,383,434,817
2020-01-06T14:15:00+09:00,J1,950,1302,2252
2020-01-06T14:15:00+09:00,J2,783,784,1567
2020-01-06T14:15:00+09:00,J3,1226,993,2219
2020-01-06T14:15:00+09:00,J4,698,760,1458
2020-01-06T14:15:00+09:00,J5,387,432,819
2020-01-06T14:30:00+09:00,J1,991,1145,2136
2020-01-06T14:30:00+09:00,J2,796,775,1571
2020-01-06T14:30:00+09:00,J3,1225,1092,2317
2020-01-06T14:30:00+09:00,J4,833,853,1686
2020-01-06T14:30:00+09:00,J5,374,410,784
2020-01-06T14:45:00+09:00,J1,963,1139,2102
2020-01-06T14:45:00+09:00,J2,694,615,1309
2020-01-06T14:45:00+09:00,J3,1205,1070,2275
2020-01-06T14:45:00+09:00,J4,790,811,1601
2020-01-06T14:45:00+09:00,J5,383,460,843
2020-01-06T15:00:00+09:00,J1,905,1162,2067
2020-01-06T15:00:00+09:00,J2,799,695,1494
2020-01-06T15:00:00+09:00,J3,1276,1100,2376
2020-01-06T15:00:00+09:00,J4,775,704,1479
2020-01-06T15:00:00+09:00,J5,388,384,772
2020-01-06T15:15:00+09:00,J1,955,1230,2185
2020-01-06T15:15:00+09:00,J2,767,799,1566
2020-01-06T15:15:00+09:00,J3,1235,962,2197
2020-01-06T15:15:00+09:00,J4,802,755,1557
2020-01-06T15:15:00+09:00,J5,395,378,773
2020-01-06T15:30:00+09:00,J1,994,1239,2233
2020-01-06T15:30:00+09:00,J2,817,768,1585
2020-01-06T15:30:00+09:00,J3,1173,1038,2211
2020-01-06T15:30:00+09:00,J4,710,748,1458
2020-01-06T15:30:00+09:00,J5,376,367,743
2020-01-06T15:45:00+09:00,J1,938,1167,2105
2020-01-06T15:45:00+09:00,J2,778,715,1493
2020-01-06T15:45:00+09:00,J3,1139,976,2115
2020-01-06T15:45:00+09:00,J4,793,724,1517
2020-01-06T15:45:00+09:00,J5,393,343,736
2020-01-06T16:00:00+09:00,J1,966,1200,2166
2020-01-06T16:00:00+09:00,J2,744,756,1500
2020-01-06T16:00:00+09:00,J3,1127,1074,2201
2020-01-06T16:00:00+09:00,J4,735,736,1471
2020-01-06T16:00:00+09:00,J5,337,296,633
2020-01-06T16:15:00+09:00,J1,1013,1207,2220
2020-01-06T16:15:00+09:00,J2,962,796,1758
2020-01-06T16:15:00+09:00,J3,1187,1018,2205
2020-01-06T16:15:00+09:00,J4,794,825,1619
2020-01-06T16:15:00+09:00,J5,363,369,732
2020-01-06T16:30:00+09:00,J1,1011,1213,2224
2020-01-06T16:30:00+09:00,J2,938,785,1723
2020-01-06T16:30:00+09:00,J3,1234,1122,2356
2020-01-06T16:30:00+09:00,J4,715,688,1403
2020-01-06T16:30:00+09:00,J5,384,393,777
2020-01-06T16:45:00+09:00,J1,1049,1170,2219
2020-01-06T16:45:00+09:00,J2,995,820,1815
2020-01-06T16:45:00+09:00,J3,1339,1076,2415
2020-01-06T16:45:00+09:00,J4,726,741,1467
2020-01-06T16:45:00+09:00,J5,369,396,765
2020-01-06T17:00:00+09:00,J1,1038,1273,2311
2020-01-06T17:00:00+09:00,J2,918,782,1700
2020-01-06T17:00:00+09:00,J3,1507,1257,2764
2020-01-06T17:00:00+09:00,J4,951,837,1788
2020-01-06T17:00:00+09:00,J5,495,435,930
2020-01-06T17:15:00+09:00,J1,1061,1291,2352
2020-01-06T17:15:00+09:00,J2,825,859,1684
2020-01-06T17:15:00+09:00,J3,1561,1387,2948
2020-01-06T17:15:00+09:00,J4,1097,995,2092
2020-01-06T17:15:00+09:00,J5,621,536,1157
2020-01-06T17:30:00+09:00,J1,1076,1245,2321
2020-01-06T17:30:00+09:00,J2,920,982,1902
2020-01-06T17:30:00+09:00,J3,1466,1233,2699
2020-01-06T17:30:00+09:00,J4,1111,1056,2167
2020-01-06T17:30:00+09:00,J5,633,581,1214
2020-01-06T17:45:00+09:00,J1,1093,1309,2402
2020-01-06T17:45:00+09:00,J2,978,913,1891
2020-01-06T17:45:00+09:00,J3,1549,1244,2793
2020-01-06T17:45:00+09:00,J4,1284,1034,2318
2020-01-06T17:45:00+09:00,J5,732,656,1388
2020-01-06T18:00:00+09:00,J1,1162,1246,2408
2020-01-06T18:00:00+09:00,J2,946,836,1782
2020-01-06T18:00:00+09:00,J3,1557,1147,2704
2020-01-06T18:00:00+09:00,J4,1219,995,2214
2020-01-06T18:00:00+09:00,J5,660,610,1270
2020-01-06T18:15:00+09:00,J1,1077,1327,2404
2020-01-06T18:15:00+09:00,J2,898,884,1782
2020-01-06T18:15:00+09:00,J3,1559,1298,2857
2020-01-06T18:15:00+09:00,J4,1014,909,1923
2020-01-06T18:15:00+09:00,J5,706,803,1509
2020-01-06T18:30:00+09:00,J1,1067,1230,2297
2020-01-06T18:30:00+09:00,J2,963,826,1789
2020-01-06T18:30:00+09:00,J3,1505,1101,2606
2020-01-06T18:30:00+09:00,J4,811,720,1531
2020-01-06T18:30:00+09:00,J5,706,798,1504
2020-01-06T18:45:00+09:00,J1,965,1221,2186
2020-01-06T18:45:00+09:00,J2,907,789,1696
2020-01-06T18:45:00+09:00,J3,1366,1039,2405
2020-01-06T18:45:00+09:00,J4,780,718,1498
2020-01-06T18:45:00+09:00,J5,655,716,1371
2020-01-06T19:00:00+09:00,J1,968,1199,2167
2020-01-06T19:00:00+09:00,J2,829,715,1544
2020-01-06T19:00:00+09:00,J3,1272,1095,2367
2020-01-06T19:00:00+09:00,J4,765,658,1423
2020-01-06T19:00:00+09:00,J5,702,786,1488
2020-01-06T19:15:00+09:00,J1,969,1262,2231
2020-01-06T19:15:00+09:00,J2,622,630,1252
2020-01-06T19:15:00+09:00,J3,1333,1213,2546
2020-01-06T19:15:00+09:00,J4,836,764,1600
2020-01-06T19:15:00+09:00,J5,704,710,1414
2020-01-06T19:30:00+09:00,J1,971,1159,2130
2020-01-06T19:30:00+09:00,J2,647,647,1294
2020-01-06T19:30:00+09:00,J3,1061,1049,2110
2020-01-06T19:30:00+09:00,J4,741,783,1524
2020-01-06T19:30:00+09:00,J5,617,699,1316
2020-01-06T19:45:00+09:00,J1,915,1168,2083
2020-01-06T19:45:00+09:00,J2,554,537,1091
2020-01-06T19:45:00+09:00,J3,1116,1033,2149
2020-01-06T19:45:00+09:00,J4,774,837,1611
2020-01-06T19:45:00+09:00,J5,562,683,1245
2020-01-06T20:00:00+09:00,J1,924,1157,2081
2020-01-06T20:00:00+09:00,J2,606,660,1266
2020-01-06T20:00:00+09:00,J3,1217,949,2166
2020-01-06T20:00:00+09:00,J4,716,765,1481
2020-01-06T20:00:00+09:00,J5,576,643,1219
2020-01-06T20:15:00+09:00,J1,952,1109,2061
2020-01-06T20:15:00+09:00,J2,607,639,1246
2020-01-06T20:15:00+09:00,J3,948,823,1771
2020-01-06T20:15:00+09:00,J4,695,654,1349
2020-01-06T20:15:00+09:00,J5,619,655,1274
2020-01-06T20:30:00+09:00,J1,953,1140,2093
2020-01-06T20:30:00+09:00,J2,519,553,1072
2020-01-06T20:30:00+09:00,J3,945,825,1770
2020-01-06T20:30:00+09:00,J4,686,656,1342
2020-01-06T20:30:00+09:00,J5,552,659,1211
2020-01-06T20:45:00+09:00,J1,935,1058,1993
2020-01-06T20:45:00+09:00,J2,494,551,1045
2020-01-06T20:45:00+09:00,J3,967,804,1771
2020-01-06T20:45:00+09:00,J4,667,592,1259
2020-01-06T20:45:00+09:00,J5,487,588,1075
2020-01-06T21:00:00+09:00,J1,852,1061,1913
2020-01-06T21:00:00+09:00,J2,628,581,1209
2020-01-06T21:00:00+09:00,J3,1069,866,1935
2020-01-06T21:00:00+09:00,J4,668,616,1284
2020-01-06T21:00:00+09:00,J5,440,537,977
2020-01-06T21:15:00+09:00,J1,895,1082,1977
2020-01-06T21:15:00+09:00,J2,562,636,1198
2020-01-06T21:15:00+09:00,J3,931,805,1736
2020-01-06T21:15:00+09:00,J4,704,666,1370
2020-01-06T21:15:00+09:00,J5,435,545,980
2020-01-06T21:30:00+09:00,J1,866,1108,1974
2020-01-06T21:30:00+09:00,J2,509,538,1047
2020-01-06T21:30:00+09:00,J3,981,759,1740
2020-01-06T21:30:00+09:00,J4,751,805,1556
2020-01-06T21:30:00+09:00,J5,455,493,948
2020-01-06T21:45:00+09:00,J1,850,981,1831
2020-01-06T21:45:00+09:00,J2,535,621,1156
2020-01-06T21:45:00+09:00,J3,958,752,1710
2020-01-06T21:45:00+09:00,J4,727,751,1478
2020-01-06T21:45:00+09:00,J5,432,432,864
2020-01-06T22:00:00+09:00,J1,875,1013,1888
2020-01-06T22:00:00+09:00,J2,551,672,1223
2020-01-06T22:00:00+09:00,J3,932,739,1671
2020-01-06T22:00:00+09:00,J4,761,824,1585
2020-01-06T22:00:00+09:00,J5,387,442,829
2020-01-06T22:15:00+09:00,J1,889,1112,2001
2020-01-06T22:15:00+09:00,J2,534,611,1145
2020-01-06T22:15:00+09:00,J3,812,682,1494
2020-01-06T22:15:00+09:00,J4,620,709,1329
2020-01-06T22:15:00+09:00,J5,405,472,877
2020-01-06T22:30:00+09:00,J1,851,1024,1875
2020-01-06T22:30:00+09:00,J2,616,631,1247
2020-01-06T22:30:00+09:00,J3,807,676,1483
2020-01-06T22:30:00+09:00,J4,659,773,1432
2020-01-06T22:30:00+09:00,J5,362,387,749
2020-01-06T22:45:00+09:00,J1,861,1075,1936
2020-01-06T22:45:00+09:00,J2,586,636,1222
2020-01-06T22:45:00+09:00,J3,800,681,1481
2020-01-06T22:45:00+09:00,J4,645,732,1377
2020-01-06T22:45:00+09:00,J5,384,383,767
2020-01-06T23:00:00+09:00,J1,935,1039,1974
2020-01-06T23:00:00+09:00,J2,734,707,1441
2020-01-06T23:00:00+09:00,J3,728,664,1392
2020-01-06T23:00:00+09:00,J4,615,702,1317
2020-01-06T23:00:00+09:00,J5,376,368,744
2020-01-06T23:15:00+09:00,J1,853,1109,1962
2020-01-06T23:15:00+09:00,J2,737,661,1398
2020-01-06T23:15:00+09:00,J3,756,694,1450
2020-01-06T23:15:00+09:00,J4,648,724,1372
2020-01-06T23:15:00+09:00,J5,389,389,778
2020-01-06T23:30:00+09:00,J1,785,925,1710
2020-01-06T23:30:00+09:00,J2,653,658,1311
2020-01-06T23:30:00+09:00,J3,707,601,1308
2020-01-06T23:30:00+09:00,J4,567,695,1262
2020-01-06T23:30:00+09:00,J5,393,372,765
2020-01-06T23:45:00+09:00,J1,818,890,1708
2020-01-06T23:45:00+09:00,J2,699,643,1342
2020-01-06T23:45:00+09:00,J3,688,560,1248
2020-01-06T23:45:00+09:00,J4,552,613,1165
2020-01-06T23:45:00+09:00,J5,458,364,822
2020-01-07T00:00:00+09:00,J1,707,760,1467
2020-01-07T00:00:00+09:00,J2,830,728,1558
2020-01-07T00:00:00+09:00,J3,615,520,1135
2020-01-07T00:00:00+09:00,J4,484,531,1015
2020-01-07T00:00:00+09:00,J5,490,381,871
2020-01-07T00:15:00+09:00,J1,671,641,1312
2020-01-07T00:15:00+09:00,J2,774,749,1523
2020-01-07T00:15:00+09:00,J3,659,545,1204
2020-01-07T00:15:00+09:00,J4,395,535,930
2020-01-07T00:15:00+09:00,J5,448,511,959
2020-01-07T00:30:00+09:00,J1,532,536,1068
2020-01-07T00:30:00+09:00,J2,722,654,1376
2020-01-07T00:30:00+09:00,J3,797,654,1451
2020-01-07T00:30:00+09:00,J4,498,511,1009
2020-01-07T00:30:00+09:00,J5,507,553,1060
2020-01-07T00:45:00+09:00,J1,493,482,975
2020-01-07T00:45:00+09:00,J2,653,557,1210
2020-01-07T00:45:00+09:00,J3,800,643,1443
2020-01-07T00:45:00+09:00,J4,500,536,1036
2020-01-07T00:45:00+09:00,J5,509,523,1032
2020-01-07T05:45:00+09:00,J1,646,780,1426
2020-01-07T05:45:00+09:00,J2,750,787,1537
2020-01-07T05:45:00+09:00,J3,943,729,1672
2020-01-07T05:45:00+09:00,J4,862,753,1615
2020-01-07T05:45:00+09:00,J5,568,539,1107
2020-01-07T06:00:00+09:00,J1,695,717,1412
2020-01-07T06:00:00+09:00,J2,794,751,1545
2020-01-07T06:00:00+09:00,J3,1024,854,1878
2020-01-07T06:00:00+09:00,J4,826,754,1580
2020-01-07T06:00:00+09:00,J5,589,631,1220
2020-01-07T06:15:00+09:00,J1,751,828,1579
2020-01-07T06:15:00+09:00,J2,824,755,1579
2020-01-07T06:15:00+09:00,J3,961,816,1777
2020-01-07T06:15:00+09:00,J4,761,785,1546
2020-01-07T06:15:00+09:00,J5,555,536,1091
2020-01-07T06:30:00+09:00,J1,836,834,1670
2020-01-07T06:30:00+09:00,J2,741,744,1485
2020-01-07T06:30:00+09:00,J3,938,919,1857
2020-01-07T06:30:00+09:00,J4,756,716,1472
2020-01-07T06:30:00+09:00,J5,499,513,1012
2020-01-07T06:45:00+09:00,J1,799,849,1648
2020-01-07T06:45:00+09:00,J2,845,758,1603
2020-01-07T06:45:00+09:00,J3,892,771,1663
2020-01-07T06:45:00+09:00,J4,748,767,1515
2020-01-07T06:45:00+09:00,J5,502,456,958
2020-01-07T07:00:00+09:00,J1,904,919,1823
2020-01-07T07:00:00+09:00,J2,737,673,1410
2020-01-07T07:00:00+09:00,J3,850,742,1592
2020-01-07T07:00:00+09:00,J4,734,835,1569
2020-01-07T07:00:00+09:00,J5,494,494,988
2020-01-07T07:15:00+09:00,J1,942,961,1903
2020-01-07T07:15:00+09:00,J2,770,686,1456
2020-01-07T07:15:00+09:00,J3,870,901,1771
2020-01-07T07:15:00+09:00,J4,791,860,1651
2020-01-07T07:15:00+09:00,J5,528,499,1027
2020-01-07T07:30:00+09:00,J1,1005,953,1958
2020-01-07T07:30:00+09:00,J2,925,693,1618
2020-01-07T07:30:00+09:00,J3,1097,928,2025
2020-01-07T07:30:00+09:00,J4,865,922,1787
2020-01-07T07:30:00+09:00,J5,505,519,1024
2020-01-07T07:45:00+09:00,J1,1056,1037,2093
2020-01-07T07:45:00+09:00,J2,1057,743,1800
2020-01-07T07:45:00+09:00,J3,1099,988,2087
2020-01-07T07:45:00+09:00,J4,755,1060,1815
2020-01-07T07:45:00+09:00,J5,542,548,1090
2020-01-07T08:00:00+09:00,J1,1120,1198,2318
2020-01-07T08:00:00+09:00,J2,1076,734,1810
2020-01-07T08:00:00+09:00,J3,1478,1371,2849
2020-01-07T08:00:00+09:00,J4,732,1058,1790
2020-01-07T08:00:00+09:00,J5,600,649,1249
2020-01-07T08:15:00+09:00,J1,1232,1130,2362
2020-01-07T08:15:00+09:00,J2,1209,727,1936
2020-01-07T08:15:00+09:00,J3,1538,1364,2902
2020-01-07T08:15:00+09:00,J4,729,1072,1801
2020-01-07T08:15:00+09:00,J5,518,595,1113
2020-01-07T08:30:00+09:00,J1,1268,1141,2409
2020-01-07T08:30:00+09:00,J2,1269,731,2000
2020-01-07T08:30:00+09:00,J3,1374,1369,2743
2020-01-07T08:30:00+09:00,J4,673,1072,1745
2020-01-07T08:30:00+09:00,J5,584,622,1206
2020-01-07T08:45:00+09:00,J1,1149,1100,2249
2020-01-07T08:45:00+09:00,J2,928,656,1584
2020-01-07T08:45:00+09:00,J3,1267,1286,2553
2020-01-07T08:45:00+09:00,J4,638,1005,1643
2020-01-07T08:45:00+09:00,J5,479,450,929
2020-01-07T09:00:00+09:00,J1,1110,1146,2256
2020-01-07T09:00:00+09:00,J2,800,727,1527
2020-01-07T09:00:00+09:00,J3,1116,1013,2129
2020-01-07T09:00:00+09:00,J4,785,944,1729
2020-01-07T09:00:00+09:00,J5,395,416,811
2020-01-07T09:15:00+09:00,J1,1030,1078,2108
2020-01-07T09:15:00+09:00,J2,841,614,1455
2020-01-07T09:15:00+09:00,J3,981,873,1854
2020-01-07T09:15:00+09:00,J4,747,959,1706
2020-01-07T09:15:00+09:00,J5,615,691,1306
2020-01-07T09:30:00+09:00,J1,1085,1080,2165
2020-01-07T09:30:00+09:00,J2,774,729,1503
2020-01-07T09:30:00+09:00,J3,1000,950,1950
2020-01-07T09:30:00+09:00,J4,881,996,1877
2020-01-07T09:30:00+09:00,J5,565,666,1231
2020-01-07T09:45:00+09:00,J1,1096,1072,2168
2020-01-07T09:45:00+09:00,J2,752,713,1465
2020-01-07T09:45:00+09:00,J3,970,899,1869
2020-01-07T09:45:00+09:00,J4,873,878,1751
2020-01-07T09:45:00+09:00,J5,519,574,1093
2020-01-07T10:00:00+09:00,J1,1065,1196,2261
2020-01-07T10:00:00+09:00,J2,766,656,1422
2020-01-07T10:00:00+09:00,J3,811,724,1535
2020-01-07T10:00:00+09:00,J4,875,912,1787
2020-01-07T10:00:00+09:00,J5,476,521,997
2020-01-07T10:15:00+09:00,J1,1084,1191,2275
2020-01-07T10:15:00+09:00,J2,757,626,1383
2020-01-07T10:15:00+09:00,J3,914,839,1753
2020-01-07T10:15:00+09:00,J4,909,969,1878
2020-01-07T10:15:00+09:00,J5,469,513,982
2020-01-07T10:30:00+09:00,J1,1071,1219,2290
2020-01-07T10:30:00+09:00,J2,727,637,1364
2020-01-07T10:30:00+09:00,J3,888,791,1679
2020-01-07T10:30:00+09:00,J4,726,960,1686
2020-01-07T10:30:00+09:00,J5,488,635,1123
2020-01-07T10:45:00+09:00,J1,1094,1097,2191
2020-01-07T10:45:00+09:00,J2,631,603,1234
2020-01-07T10:45:00+09:00,J3,941,822,1763
2020-01-07T10:45:00+09:00,J4,690,779,1469
2020-01-07T10:45:00+09:00,J5,515,632,1147
2020-01-07T11:00:00+09:00,J1,1042,1163,2205
2020-01-07T11:00:00+09:00,J2,691,585,1276
2020-01-07T11:00:00+09:00,J3,898,912,1810
2020-01-07T11:00:00+09:00,J4,649,753,1402
2020-01-07T11:00:00+09:00,J5,545,632,1177
2020-01-07T11:15:00+09:00,J1,1079,1218,2297
2020-01-07T11:15:00+09:00,J2,670,529,1199
2020-01-07T11:15:00+09:00,J3,1178,957,2135
2020-01-07T11:15:00+09:00,J4,692,791,1483
2020-01-07T11:15:00+09:00,J5,464,494,958
2020-01-07T11:30:00+09:00,J1,1055,1282,2337
2020-01-07T11:30:00+09:00,J2,697,627,1324
2020-01-07T11:30:00+09:00,J3,1234,1006,2240
2020-01-07T11:30:00+09:00,J4,645,756,1401
2020-01-07T11:30:00+09:00,J5,367,373,740
2020-01-07T11:45:00+09:00,J1,1053,1281,2334
2020-01-07T11:45:00+09:00,J2,712,562,1274
2020-01-07T11:45:00+09:00,J3,1294,1111,2405
2020-01-07T11:45:00+09:00,J4,680,719,1399
2020-01-07T11:45:00+09:00,J5,371,303,674
2020-01-07T12:00:00+09:00,J1,1016,1226,2242
2020-01-07T12:00:00+09:00,J2,805,687,1492
2020-01-07T12:00:00+09:00,J3,1409,1223,2632
2020-01-07T12:00:00+09:00,J4,739,733,1472
2020-01-07T12:00:00+09:00,J5,375,360,735
2020-01-07T12:15:00+09:00,J1,987,1214,2201
2020-01-07T12:15:00+09:00,J2,752,601,1353
2020-01-07T12:15:00+09:00,J3,1307,1046,2353
2020-01-07T12:15:00+09:00,J4,815,800,1615
2020-01-07T12:15:00+09:00,J5,378,360,738
2020-01-07T12:30:00+09:00,J1,961,1207,2168
2020-01-07T12:30:00+09:00,J2,763,674,1437
2020-01-07T12:30:00+09:00,J3,1214,983,2197
2020-01-07T12:30:00+09:00,J4,824,871,1695
2020-01-07T12:30:00+09:00,J5,454,419,873
2020-01-07T12:45:00+09:00,J1,925,1122,2047
2020-01-07T12:45:00+09:00,J2,764,691,1455
2020-01-07T12:45:00+09:00,J3,1004,878,1882
2020-01-07T12:45:00+09:00,J4,830,758,1588
2020-01-07T12:45:00+09:00,J5,557,614,1171
2020-01-07T13:00:00+09:00,J1,961,1142,2103
2020-01-07T13:00:00+09:00,J2,828,732,1560
2020-01-07T13:00:00+09:00,J3,1059,837,1896
2020-01-07T13:00:00+09:00,J4,804,807,1611
2020-01-07T13:00:00+09:00,J5,584,705,1289
2020-01-07T13:15:00+09:00,J1,934,1112,2046
2020-01-07T13:15:00+09:00,J2,807,756,1563
2020-01-07T13:15:00+09:00,J3,985,859,1844
2020-01-07T13:15:00+09:00,J4,771,823,1594
2020-01-07T13:15:00+09:00,J5,576,694,1270
2020-01-07T13:30:00+09:00,J1,929,1161,2090
2020-01-07T13:30:00+09:00,J2,876,745,1621
2020-01-07T13:30:00+09:00,J3,904,881,1785
2020-01-07T13:30:00+09:00,J4,791,806,1597
2020-01-07T13:30:00+09:00,J5,584,727,1311
2020-01-07T13:45:00+09:00,J1,936,1130,2066
2020-01-07T13:45:00+09:00,J2,843,823,1666
2020-01-07T13:45:00+09:00,J3,1076,980,2056
2020-01-07T13:45:00+09:00,J4,884,842,1726
2020-01-07T13:45:00+09:00,J5,526,583,1109
2020-01-07T14:00:00+09:00,J1,862,1139,2001
2020-01-07T14:00:00+09:00,J2,872,774,1646
2020-01-07T14:00:00+09:00,J3,995,996,1991
2020-01-07T14:00:00+09:00,J4,941,903,1844
2020-01-07T14:00:00+09:00,J5,389,413,802
2020-01-07T14:15:00+09:00,J1,951,1179,2130
2020-01-07T14:15:00+09:00,J2,881,742,1623
2020-01-07T14:15:00+09:00,J3,1035,992,2027
2020-01-07T14:15:00+09:00,J4,941,857,1798
2020-01-07T14:15:00+09:00,J5,411,331,742
2020-01-07T14:30:00+09:00,J1,964,1101,2065
2020-01-07T14:30:00+09:00,J2,869,778,1647
2020-01-07T14:30:00+09:00,J3,1090,1007,2097
2020-01-07T14:30:00+09:00,J4,934,914,1848
2020-01-07T14:30:00+09:00,J5,399,371,770
2020-01-07T14:45:00+09:00,J1,918,1123,2041
2020-01-07T14:45:00+09:00,J2,926,716,1642
2020-01-07T14:45:00+09:00,J3,1033,975,2008
2020-01-07T14:45:00+09:00,J4,895,842,1737
2020-01-07T14:45:00+09:00,J5,399,392,791
2020-01-07T15:00:00+09:00,J1,984,1190,2174
2020-01-07T15:00:00+09:00,J2,965,772,1737
2020-01-07T15:00:00+09:00,J3,999,990,1989
2020-01-07T15:00:00+09:00,J4,950,854,1804
2020-01-07T15:00:00+09:00,J5,406,415,821
2020-01-07T15:15:00+09:00,J1,911,1264,2175
2020-01-07T15:15:00+09:00,J2,868,792,1660
2020-01-07T15:15:00+09:00,J3,1101,977,2078
2020-01-07T15:15:00+09:00,J4,980,839,1819
2020-01-07T15:15:00+09:00,J5,451,465,916
2020-01-07T15:30:00+09:00,J1,990,1181,2171
2020-01-07T15:30:00+09:00,J2,928,765,1693
2020-01-07T15:30:00+09:00,J3,1015,917,1932
2020-01-07T15:30:00+09:00,J4,967,872,1839
2020-01-07T15:30:00+09:00,J5,446,494,940
2020-01-07T15:45:00+09:00,J1,986,1188,2174
2020-01-07T15:45:00+09:00,J2,863,797,1660
2020-01-07T15:45:00+09:00,J3,983,869,1852
2020-01-07T15:45:00+09:00,J4,966,936,1902
2020-01-07T15:45:00+09:00,J5,427,430,857
2020-01-07T16:00:00+09:00,J1,921,1153,2074
2020-01-07T16:00:00+09:00,J2,894,811,1705
2020-01-07T16:00:00+09:00,J3,1012,934,1946
2020-01-07T16:00:00+09:00,J4,995,966,1961
2020-01-07T16:00:00+09:00,J5,451,419,870
2020-01-07T16:15:00+09:00,J1,951,1172,2123
2020-01-07T16:15:00+09:00,J2,906,841,1747
2020-01-07T16:15:00+09:00,J3,997,962,1959
2020-01-07T16:15:00+09:00,J4,1022,914,1936
2020-01-07T16:15:00+09:00,J5,475,464,939
2020-01-07T16:30:00+09:00,J1,965,1123,2088
2020-01-07T16:30:00+09:00,J2,884,853,1737
2020-01-07T16:30:00+09:00,J3,1051,1085,2136
2020-01-07T16:30:00+09:00,J4,946,890,1836
2020-01-07T16:30:00+09:00,J5,461,470,931
2020-01-07T16:45:00+09:00,J1,965,1085,2050
2020-01-07T16:45:00+09:00,J2,764,796,1560
2020-01-07T16:45:00+09:00,J3,1145,1079,2224
2020-01-07T16:45:00+09:00,J4,950,812,1762
2020-01-07T16:45:00+09:00,J5,440,561,1001
2020-01-07T17:00:00+09:00,J1,951,1246,2197
2020-01-07T17:00:00+09:00,J2,785,852,1637
2020-01-07T17:00:00+09:00,J3,1374,1046,2420
2020-01-07T17:00:00+09:00,J4,1043,932,1975
2020-01-07T17:00:00+09:00,J5,448,428,876
2020-01-07T17:15:00+09:00,J1,1078,1241,2319
2020-01-07T17:15:00+09:00,J2,891,908,1799
2020-01-07T17:15:00+09:00,J3,1406,1153,2559
2020-01-07T17:15:00+09:00,J4,1099,950,2049
2020-01-07T17:15:00+09:00,J5,497,496,993
2020-01-07T17:30:00+09:00,J1,1116,1240,2356
2020-01-07T17:30:00+09:00,J2,969,879,1848
2020-01-07T17:30:00+09:00,J3,1555,1253,2808
2020-01-07T17:30:00+09:00,J4,1077,1007,2084
2020-01-07T17:30:00+09:00,J5,585,501,1086
2020-01-07T17:45:00+09:00,J1,1063,1272,2335
2020-01-07T17:45:00+09:00,J2,973,875,1848
2020-01-07T17:45:00+09:00,J3,1715,1184,2899
2020-01-07T17:45:00+09:00,J4,1136,1055,2191
2020-01-07T17:45:00+09:00,J5,592,585,1177
2020-01-07T18:00:00+09:00,J1,1064,1319,2383
2020-01-07T18:00:00+09:00,J2,849,996,1845
2020-01-07T18:00:00+09:00,J3,1682,1281,2963
2020-01-07T18:00:00+09:00,J4,1225,1026,2251
2020-01-07T18:00:00+09:00,J5,628,612,1240
2020-01-07T18:15:00+09:00,J1,1161,1277,2438
2020-01-07T18:15:00+09:00,J2,921,996,1917
2020-01-07T18:15:00+09:00,J3,1515,1348,2863
2020-01-07T18:15:00+09:00,J4,1188,868,2056
2020-01-07T18:15:00+09:00,J5,674,702,1376
2020-01-07T18:30:00+09:00,J1,1087,1226,2313
2020-01-07T18:30:00+09:00,J2,878,806,1684
2020-01-07T18:30:00+09:00,J3,1477,1103,2580
2020-01-07T18:30:00+09:00,J4,898,764,1662
2020-01-07T18:30:00+09:00,J5,618,679,1297
2020-01-07T18:45:00+09:00,J1,1083,1228,2311
2020-01-07T18:45:00+09:00,J2,777,655,1432
2020-01-07T18:45:00+09:00,J3,1323,1093,2416
2020-01-07T18:45:00+09:00,J4,811,695,1506
2020-01-07T18:45:00+09:00,J5,606,746,1352
2020-01-07T19:00:00+09:00,J1,951,1175,2126
2020-01-07T19:00:00+09:00,J2,699,630,1329
2020-01-07T19:00:00+09:00,J3,1271,1033,2304
2020-01-07T19:00:00+09:00,J4,769,703,1472
2020-01-07T19:00:00+09:00,J5,683,709,1392
2020-01-07T19:15:00+09:00,J1,988,1133,2121
2020-01-07T19:15:00+09:00,J2,678,639,1317
2020-01-07T19:15:00+09:00,J3,1212,971,2183
2020-01-07T19:15:00+09:00,J4,851,720,1571
2020-01-07T19:15:00+09:00,J5,675,736,1411
2020-01-07T19:30:00+09:00,J1,986,1199,2185
2020-01-07T19:30:00+09:00,J2,642,568,1210
2020-01-07T19:30:00+09:00,J3,1064,868,1932
2020-01-07T19:30:00+09:00,J4,780,707,1487
2020-01-07T19:30:00+09:00,J5,552,727,1279
2020-01-07T19:45:00+09:00,J1,974,1144,2118
2020-01-07T19:45:00+09:00,J2,536,603,1139
2020-01-07T19:45:00+09:00,J3,966,804,1770
2020-01-07T19:45:00+09:00,J4,691,757,1448
2020-01-07T19:45:00+09:00,J5,583,675,1258
2020-01-07T20:00:00+09:00,J1,946,1158,2104
2020-01-07T20:00:00+09:00,J2,578,574,1152
2020-01-07T20:00:00+09:00,J3,938,779,1717
2020-01-07T20:00:00+09:00,J4,652,723,1375
2020-01-07T20:00:00+09:00,J5,520,640,1160
2020-01-07T20:15:00+09:00,J1,990,1109,2099
2020-01-07T20:15:00+09:00,J2,617,607,1224
2020-01-07T20:15:00+09:00,J3,1035,891,1926
2020-01-07T20:15:00+09:00,J4,683,716,1399
2020-01-07T20:15:00+09:00,J5,519,625,1144
2020-01-07T20:30:00+09:00,J1,971,1118,2089
2020-01-07T20:30:00+09:00,J2,721,645,1366
2020-01-07T20:30:00+09:00,J3,926,704,1630
2020-01-07T20:30:00+09:00,J4,713,725,1438
2020-01-07T20:30:00+09:00,J5,499,538,1037
2020-01-07T20:45:00+09:00,J1,986,1119,2105
2020-01-07T20:45:00+09:00,J2,696,709,1405
2020-01-07T20:45:00+09:00,J3,821,727,1548
2020-01-07T20:45:00+09:00,J4,616,658,1274
2020-01-07T20:45:00+09:00,J5,468,573,1041
2020-01-07T21:00:00+09:00,J1,862,1103,1965
2020-01-07T21:00:00+09:00,J2,634,768,1402
2020-01-07T21:00:00+09:00,J3,983,879,1862
2020-01-07T21:00:00+09:00,J4,782,733,1515
2020-01-07T21:00:00+09:00,J5,476,524,1000
2020-01-07T21:15:00+09:00,J1,955,1159,2114
2020-01-07T21:15:00+09:00,J2,601,668,1269
2020-01-07T21:15:00+09:00,J3,1032,920,1952
2020-01-07T21:15:00+09:00,J4,739,787,1526
2020-01-07T21:15:00+09:00,J5,395,492,887
2020-01-07T21:30:00+09:00,J1,960,1102,2062
2020-01-07T21:30:00+09:00,J2,606,619,1225
2020-01-07T21:30:00+09:00,J3,1107,815,1922
2020-01-07T21:30:00+09:00,J4,672,699,1371
2020-01-07T21:30:00+09:00,J5,434,444,878
2020-01-07T21:45:00+09:00,J1,878,1115,1993
2020-01-07T21:45:00+09:00,J2,627,675,1302
2020-01-07T21:45:00+09:00,J3,1105,821,1926
2020-01-07T21:45:00+09:00,J4,623,642,1265
2020-01-07T21:45:00+09:00,J5,414,423,837
2020-01-07T22:00:00+09:00,J1,903,1119,2022
2020-01-07T22:00:00+09:00,J2,634,639,1273
2020-01-07T22:00:00+09:00,J3,978,782,1760
2020-01-07T22:00:00+09:00,J4,681,702,1383
2020-01-07T22:00:00+09:00,J5,375,419,794
2020-01-07T22:15:00+09:00,J1,876,1018,1894
2020-01-07T22:15:00+09:00,J2,661,659,1320
2020-01-07T22:15:00+09:00,J3,944,684,1628
2020-01-07T22:15:00+09:00,J4,683,689,1372
2020-01-07T22:15:00+09:00,J5,355,357,712
2020-01-07T22:30:00+09:00,J1,879,1093,1972
2020-01-07T22:30:00+09:00,J2,674,621,1295
2020-01-07T22:30:00+09:00,J3,864,610,1474
2020-01-07T22:30:00+09:00,J4,619,677,1296
2020-01-07T22:30:00+09:00,J5,385,343,728
2020-01-07T22:45:00+09:00,J1,920,1037,1957
2020-01-07T22:45:00+09:00,J2,746,641,1387
2020-01-07T22:45:00+09:00,J3,752,620,1372
2020-01-07T22:45:00+09:00,J4,640,619,1259
2020-01-07T22:45:00+09:00,J5,457,414,871
2020-01-07T23:00:00+09:00,J1,936,1052,1988
2020-01-07T23:00:00+09:00,J2,680,699,1379
2020-01-07T23:00:00+09:00,J3,865,711,1576
2020-01-07T23:00:00+09:00,J4,635,705,1340
2020-01-07T23:00:00+09:00,J5,496,420,916
2020-01-07T23:15:00+09:00,J1,837,1043,1880
2020-01-07T23:15:00+09:00,J2,731,707,1438
2020-01-07T23:15:00+09:00,J3,815,749,1564
2020-01-07T23:15:00+09:00,J4,583,626,1209
2020-01-07T23:15:00+09:00,J5,523,432,955
2020-01-07T23:30:00+09:00,J1,863,984,1847
2020-01-07T23:30:00+09:00,J2,629,712,1341
2020-01-07T23:30:00+09:00,J3,797,708,1505
2020-01-07T23:30:00+09:00,J4,576,601,1177
2020-01-07T23:30:00+09:00,J5,506,415,921
2020-01-07T23:45:00+09:00,J1,857,954,1811
2020-01-07T23:45:00+09:00,J2,638,626,1264
2020-01-07T23:45:00+09:00,J3,881,694,1575
2020-01-07T23:45:00+09:00,J4,548,563,1111
2020-01-07T23:45:00+09:00,J5,523,534,1057
2020-01-08T00:00:00+09:00,J1,734,809,1543
2020-01-08T00:00:00+09:00,J2,694,626,1320
2020-01-08T00:00:00+09:00,J3,1096,903,1999
2020-01-08T00:00:00+09:00,J4,511,486,997
2020-01-08T00:00:00+09:00,J5,497,482,979
2020-01-08T00:15:00+09:00,J1,612,647,1259
2020-01-08T00:15:00+09:00,J2,664,640,1304
2020-01-08T00:15:00+09:00,J3,979,818,1797
2020-01-08T00:15:00+09:00,J4,495,436,931
2020-01-08T00:15:00+09:00,J5,632,579,1211
2020-01-08T00:30:00+09:00,J1,531,517,1048
2020-01-08T00:30:00+09:00,J2,692,627,1319
2020-01-08T00:30:00+09:00,J3,945,762,1707
2020-01-08T00:30:00+09:00,J4,569,561,1130
2020-01-08T00:30:00+09:00,J5,575,545,1120
2020-01-08T00:45:00+09:00,J1,470,449,919
2020-01-08T00:45:00+09:00,J2,677,615,1292
2020-01-08T00:45:00+09:00,J3,975,746,1721
2020-01-08T00:45:00+09:00,J4,537,575,1112
2020-01-08T00:45:00+09:00,J5,588,546,1134
2020-01-08T05:45:00+09:00,J1,762,794,1556
2020-01-08T05:45:00+09:00,J2,512,577,1089
2020-01-08T05:45:00+09:00,J3,876,662,1538
2020-01-08T05:45:00+09:00,J4,749,744,1493
2020-01-08T05:45:00+09:00,J5,496,488,984
2020-01-08T06:00:00+09:00,J1,797,791,1588
2020-01-08T06:00:00+09:00,J2,605,696,1301
2020-01-08T06:00:00+09:00,J3,937,581,1518
2020-01-08T06:00:00+09:00,J4,669,783,1452
2020-01-08T06:00:00+09:00,J5,522,530,1052
2020-01-08T06:15:00+09:00,J1,777,902,1679
2020-01-08T06:15:00+09:00,J2,607,722,1329
2020-01-08T06:15:00+09:00,J3,1011,741,1752
2020-01-08T06:15:00+09:00,J4,842,893,1735
2020-01-08T06:15:00+09:00,J5,604,573,1177
2020-01-08T06:30:00+09:00,J1,769,830,1599
2020-01-08T06:30:00+09:00,J2,723,754,1477
2020-01-08T06:30:00+09:00,J3,946,716,1662
2020-01-08T06:30:00+09:00,J4,826,924,1750
2020-01-08T06:30:00+09:00,J5,634,563,1197
2020-01-08T06:45:00+09:00,J1,835,900,1735
2020-01-08T06:45:00+09:00,J2,569,666,1235
2020-01-08T06:45:00+09:00,J3,1022,845,1867
2020-01-08T06:45:00+09:00,J4,945,944,1889
2020-01-08T06:45:00+09:00,J5,670,598,1268
2020-01-08T07:00:00+09:00,J1,883,904,1787
2020-01-08T07:00:00+09:00,J2,550,590,1140
2020-01-08T07:00:00+09:00,J3,1075,847,1922
2020-01-08T07:00:00+09:00,J4,1002,997,1999
2020-01-08T07:00:00+09:00,J5,671,644,1315
2020-01-08T07:15:00+09:00,J1,930,1000,1930
2020-01-08T07:15:00+09:00,J2,627,648,1275
2020-01-08T07:15:00+09:00,J3,1054,932,1986
2020-01-08T07:15:00+09:00,J4,1149,1159,2308
2020-01-08T07:15:00+09:00,J5,719,624,1343
2020-01-08T07:30:00+09:00,J1,936,1069,2005
2020-01-08T07:30:00+09:00,J2,686,706,1392
2020-01-08T07:30:00+09:00,J3,1170,1069,2239
2020-01-08T07:30:00+09:00,J4,1177,1315,2492
2020-01-08T07:30:00+09:00,J5,587,573,1160
2020-01-08T07:45:00+09:00,J1,1082,1103,2185
2020-01-08T07:45:00+09:00,J2,927,662,1589
2020-01-08T07:45:00+09:00,J3,1278,1157,2435
2020-01-08T07:45:00+09:00,J4,1322,1394,2716
2020-01-08T07:45:00+09:00,J5,648,675,1323
2020-01-08T08:00:00+09:00,J1,1109,1135,2244
2020-01-08T08:00:00+09:00,J2,1021,623,1644
2020-01-08T08:00:00+09:00,J3,1425,1198,2623
2020-01-08T08:00:00+09:00,J4,1353,1463,2816
2020-01-08T08:00:00+09:00,J5,602,573,1175
2020-01-08T08:15:00+09:00,J1,1162,1080,2242
2020-01-08T08:15:00+09:00,J2,1188,822,2010
2020-01-08T08:15:00+09:00,J3,1529,1260,2789
2020-01-08T08:15:00+09:00,J4,1295,1407,2702
2020-01-08T08:15:00+09:00,J5,582,615,1197
2020-01-08T08:30:00+09:00,J1,1160,1133,2293
2020-01-08T08:30:00+09:00,J2,1205,783,1988
2020-01-08T08:30:00+09:00,J3,1279,1436,2715
2020-01-08T08:30:00+09:00,J4,1324,1445,2769
2020-01-08T08:30:00+09:00,J5,677,710,1387
2020-01-08T08:45:00+09:00,J1,1127,1128,2255
2020-01-08T08:45:00+09:00,J2,911,624,1535
2020-01-08T08:45:00+09:00,J3,1176,1223,2399
2020-01-08T08:45:00+09:00,J4,1229,1380,2609
2020-01-08T08:45:00+09:00,J5,467,429,896
2020-01-08T09:00:00+09:00,J1,1066,1103,2169
2020-01-08T09:00:00+09:00,J2,771,652,1423
2020-01-08T09:00:00+09:00,J3,1253,998,2251
2020-01-08T09:00:00+09:00,J4,1102,1201,2303
2020-01-08T09:00:00+09:00,J5,476,426,902
2020-01-08T09:15:00+09:00,J1,1067,1118,2185
2020-01-08T09:15:00+09:00,J2,793,690,1483
2020-01-08T09:15:00+09:00,J3,950,936,1886
2020-01-08T09:15:00+09:00,J4,1167,1235,2402
2020-01-08T09:15:00+09:00,J5,584,616,1200
2020-01-08T09:30:00+09:00,J1,1056,1095,2151
2020-01-08T09:30:00+09:00,J2,833,738,1571
2020-01-08T09:30:00+09:00,J3,887,859,1746
2020-01-08T09:30:00+09:00,J4,1185,1319,2504
2020-01-08T09:30:00+09:00,J5,528,546,1074
2020-01-08T09:45:00+09:00,J1,992,1118,2110
2020-01-08T09:45:00+09:00,J2,780,716,1496
2020-01-08T09:45:00+09:00,J3,929,909,1838
2020-01-08T09:45:00+09:00,J4,1201,1273,2474
2020-01-08T09:45:00+09:00,J5,471,454,925
2020-01-08T10:00:00+09:00,J1,1060,1171,2231
2020-01-08T10:00:00+09:00,J2,775,718,1493
2020-01-08T10:00:00+09:00,J3,1060,883,1943
2020-01-08T10:00:00+09:00,J4,1071,1178,2249
2020-01-08T10:00:00+09:00,J5,475,517,992
2020-01-08T10:15:00+09:00,J1,1065,1173,2238
2020-01-08T10:15:00+09:00,J2,735,630,1365
2020-01-08T10:15:00+09:00,J3,1009,996,2005
2020-01-08T10:15:00+09:00,J4,1052,1220,2272
2020-01-08T10:15:00+09:00,J5,444,453,897
2020-01-08T10:30:00+09:00,J1,1093,1111,2204
2020-01-08T10:30:00+09:00,J2,820,683,1503
2020-01-08T10:30:00+09:00,J3,1060,912,1972
2020-01-08T10:30:00+09:00,J4,1097,1259,2356
2020-01-08T10:30:00+09:00,J5,487,495,982
2020-01-08T10:45:00+09:00,J1,1069,1162,2231
2020-01-08T10:45:00+09:00,J2,708,705,1413
2020-01-08T10:45:00+09:00,J3,1151,971,2122
2020-01-08T10:45:00+09:00,J4,1150,1183,2333
2020-01-08T10:45:00+09:00,J5,511,511,1022
2020-01-08T11:00:00+09:00,J1,1091,1140,2231
2020-01-08T11:00:00+09:00,J2,704,664,1368
2020-01-08T11:00:00+09:00,J3,1113,1090,2203
2020-01-08T11:00:00+09:00,J4,1098,1222,2320
2020-01-08T11:00:00+09:00,J5,468,513,981
2020-01-08T11:15:00+09:00,J1,1054,1109,2163
2020-01-08T11:15:00+09:00,J2,852,721,1573
2020-01-08T11:15:00+09:00,J3,1217,1032,2249
2020-01-08T11:15:00+09:00,J4,1089,1163,2252
2020-01-08T11:15:00+09:00,J5,524,527,1051
2020-01-08T11:30:00+09:00,J1,1117,1193,2310
2020-01-08T11:30:00+09:00,J2,728,737,1465
2020-01-08T11:30:00+09:00,J3,1142,945,2087
2020-01-08T11:30:00+09:00,J4,1192,1198,2390
2020-01-08T11:30:00+09:00,J5,467,393,860
2020-01-08T11:45:00+09:00,J1,1075,1211,2286
2020-01-08T11:45:00+09:00,J2,741,691,1432
2020-01-08T11:45:00+09:00,J3,1169,1011,2180
2020-01-08T11:45:00+09:00,J4,1162,1159,2321
2020-01-08T11:45:00+09:00,J5,415,421,836
2020-01-08T12:00:00+09:00,J1,1167,1208,2375
2020-01-08T12:00:00+09:00,J2,802,719,1521
2020-01-08T12:00:00+09:00,J3,1303,1025,2328
2020-01-08T12:00:00+09:00,J4,1234,1202,2436
2020-01-08T12:00:00+09:00,J5,529,427,956
2020-01-08T12:15:00+09:00,J1,1016,1207,2223
2020-01-08T12:15:00+09:00,J2,758,738,1496
2020-01-08T12:15:00+09:00,J3,1423,1088,2511
2020-01-08T12:15:00+09:00,J4,1228,1333,2561
2020-01-08T12:15:00+09:00,J5,516,448,964
2020-01-08T12:30:00+09:00,J1,963,1160,2123
2020-01-08T12:30:00+09:00,J2,778,787,1565
2020-01-08T12:30:00+09:00,J3,1348,1003,2351
2020-01-08T12:30:00+09:00,J4,1204,1297,2501
2020-01-08T12:30:00+09:00,J5,598,578,1176
2020-01-08T12:45:00+09:00,J1,1055,1119,2174
2020-01-08T12:45:00+09:00,J2,804,725,1529
2020-01-08T12:45:00+09:00,J3,1216,989,2205
2020-01-08T12:45:00+09:00,J4,1275,1287,2562
2020-01-08T12:45:00+09:00,J5,527,559,1086
2020-01-08T13:00:00+09:00,J1,949,1176,2125
2020-01-08T13:00:00+09:00,J2,831,795,1626
2020-01-08T13:00:00+09:00,J3,1155,940,2095
2020-01-08T13:00:00+09:00,J4,1192,1313,2505
2020-01-08T13:00:00+09:00,J5,492,502,994
2020-01-08T13:15:00+09:00,J1,995,1203,2198
2020-01-08T13:15:00+09:00,J2,818,817,1635
2020-01-08T13:15:00+09:00,J3,1119,913,2032
2020-01-08T13:15:00+09:00,J4,1243,1261,2504
2020-01-08T13:15:00+09:00,J5,457,423,880
2020-01-08T13:30:00+09:00,J1,992,1200,2192
2020-01-08T13:30:00+09:00,J2,832,758,1590
2020-01-08T13:30:00+09:00,J3,966,933,1899
2020-01-08T13:30:00+09:00,J4,1267,1379,2646
2020-01-08T13:30:00+09:00,J5,429,347,776
2020-01-08T13:45:00+09:00,J1,974,1159,2133
2020-01-08T13:45:00+09:00,J2,819,727,1546
2020-01-08T13:45:00+09:00,J3,1157,1138,2295
2020-01-08T13:45:00+09:00,J4,1260,1320,2580
2020-01-08T13:45:00+09:00,J5,391,357,748
2020-01-08T14:00:00+09:00,J1,999,1184,2183
2020-01-08T14:00:00+09:00,J2,843,825,1668
2020-01-08T14:00:00+09:00,J3,1022,998,2020
2020-01-08T14:00:00+09:00,J4,1246,1317,2563
2020-01-08T14:00:00+09:00,J5,386,326,712
2020-01-08T14:15:00+09:00,J1,1008,1240,2248
2020-01-08T14:15:00+09:00,J2,762,893,1655
2020-01-08T14:15:00+09:00,J3,1063,946,2009
2020-01-08T14:15:00+09:00,J4,1227,1264,2491
2020-01-08T14:15:00+09:00,J5,411,352,763
2020-01-08T14:30:00+09:00,J1,1016,1168,2184
2020-01-08T14:30:00+09:00,J2,880,876,1756
2020-01-08T14:30:00+09:00,J3,1068,947,2015
2020-01-08T14:30:00+09:00,J4,1232,1190,2422
2020-01-08T14:30:00+09:00,J5,433,388,821
2020-01-08T14:45:00+09:00,J1,988,1124,2112
2020-01-08T14:45:00+09:00,J2,887,866,1753
2020-01-08T14:45:00+09:00,J3,1148,1067,2215
2020-01-08T14:45:00+09:00,J4,1271,1226,2497
2020-01-08T14:45:00+09:00,J5,436,404,840
2020-01-08T15:00:00+09:00,J1,975,1170,2145
2020-01-08T15:00:00+09:00,J2,758,868,1626
2020-01-08T15:00:00+09:00,J3,995,1004,1999
2020-01-08T15:00:00+09:00,J4,1221,1279,2500
2020-01-08T15:00:00+09:00,J5,449,410,859
2020-01-08T15:15:00+09:00,J1,916,1178,2094
2020-01-08T15:15:00+09:00,J2,844,948,1792
2020-01-08T15:15:00+09:00,J3,906,903,1809
2020-01-08T15:15:00+09:00,J4,1236,1329,2565
2020-01-08T15:15:00+09:00,J5,501,391,892
2020-01-08T15:30:00+09:00,J1,944,1172,2116
2020-01-08T15:30:00+09:00,J2,840,905,1745
2020-01-08T15:30:00+09:00,J3,968,977,1945
2020-01-08T15:30:00+09:00,J4,1273,1291,2564
2020-01-08T15:30:00+09:00,J5,526,457,983
2020-01-08T15:45:00+09:00,J1,996,1169,2165
2020-01-08T15:45:00+09:00,J2,898,910,1808
2020-01-08T15:45:00+09:00,J3,1062,1071,2133
2020-01-08T15:45:00+09:00,J4,1235,1327,2562
2020-01-08T15:45:00+09:00,J5,473,367,840
2020-01-08T16:00:00+09:00,J1,924,1160,2084
2020-01-08T16:00:00+09:00,J2,800,920,1720
2020-01-08T16:00:00+09:00,J3,1129,1164,2293
2020-01-08T16:00:00+09:00,J4,1241,1300,2541
2020-01-08T16:00:00+09:00,J5,473,426,899
2020-01-08T16:15:00+09:00,J1,975,1120,2095
2020-01-08T16:15:00+09:00,J2,933,895,1828
2020-01-08T16:15:00+09:00,J3,1049,1071,2120
2020-01-08T16:15:00+09:00,J4,1208,1283,2491
2020-01-08T16:15:00+09:00,J5,498,468,966
2020-01-08T16:30:00+09:00,J1,987,1208,2195
2020-01-08T16:30:00+09:00,J2,834,916,1750
2020-01-08T16:30:00+09:00,J3,1266,1082,2348
2020-01-08T16:30:00+09:00,J4,1235,1205,2440
2020-01-08T16:30:00+09:00,J5,472,453,925
2020-01-08T16:45:00+09:00,J1,958,1155,2113
2020-01-08T16:45:00+09:00,J2,763,890,1653
2020-01-08T16:45:00+09:00,J3,1398,1132,2530
2020-01-08T16:45:00+09:00,J4,1197,1209,2406
2020-01-08T16:45:00+09:00,J5,551,464,1015
2020-01-08T17:00:00+09:00,J1,1023,1193,2216
2020-01-08T17:00:00+09:00,J2,824,956,1780
2020-01-08T17:00:00+09:00,J3,1506,1186,2692
2020-01-08T17:00:00+09:00,J4,1239,1214,2453
2020-01-08T17:00:00+09:00,J5,490,546,1036
2020-01-08T17:15:00+09:00,J1,1006,1283,2289
2020-01-08T17:15:00+09:00,J2,942,1100,2042
2020-01-08T17:15:00+09:00,J3,1571,1343,2914
2020-01-08T17:15:00+09:00,J4,1370,1336,2706
2020-01-08T17:15:00+09:00,J5,626,647,1273
2020-01-08T17:30:00+09:00,J1,1015,1261,2276
2020-01-08T17:30:00+09:00,J2,1061,1172,2233
2020-01-08T17:30:00+09:00,J3,1591,1371,2962
2020-01-08T17:30:00+09:00,J4,1372,1297,2669
2020-01-08T17:30:00+09:00,J5,740,770,1510
2020-01-08T17:45:00+09:00,J1,1082,1226,2308
2020-01-08T17:45:00+09:00,J2,1096,1238,2334
2020-01-08T17:45:00+09:00,J3,1575,1392,2967
2020-01-08T17:45:00+09:00,J4,1371,1263,2634
2020-01-08T17:45:00+09:00,J5,773,901,1674
2020-01-08T18:00:00+09:00,J1,1142,1233,2375
2020-01-08T18:00:00+09:00,J2,1213,930,2143
2020-01-08T18:00:00+09:00,J3,1592,1260,2852
2020-01-08T18:00:00+09:00,J4,1375,1249,2624
2020-01-08T18:00:00+09:00,J5,737,930,1667
2020-01-08T18:15:00+09:00,J1,1104,1237,2341
2020-01-08T18:15:00+09:00,J2,1211,924,2135
2020-01-08T18:15:00+09:00,J3,1576,1433,3009
2020-01-08T18:15:00+09:00,J4,1386,1238,2624
2020-01-08T18:15:00+09:00,J5,690,886,1576
2020-01-08T18:30:00+09:00,J1,1057,1204,2261
2020-01-08T18:30:00+09:00,J2,1026,943,1969
2020-01-08T18:30:00+09:00,J3,1478,1221,2699
2020-01-08T18:30:00+09:00,J4,1287,1204,2491
2020-01-08T18:30:00+09:00,J5,573,711,1284
2020-01-08T18:45:00+09:00,J1,1049,1154,2203
2020-01-08T18:45:00+09:00,J2,1000,861,1861
2020-01-08T18:45:00+09:00,J3,1249,1132,2381
2020-01-08T18:45:00+09:00,J4,1338,1224,2562
2020-01-08T18:45:00+09:00,J5,481,627,1108
2020-01-08T19:00:00+09:00,J1,923,1098,2021
2020-01-08T19:00:00+09:00,J2,906,875,1781
2020-01-08T19:00:00+09:00,J3,1264,1094,2358
2020-01-08T19:00:00+09:00,J4,1340,1261,2601
2020-01-08T19:00:00+09:00,J5,501,608,1109
2020-01-08T19:15:00+09:00,J1,919,1152,2071
2020-01-08T19:15:00+09:00,J2,842,751,1593
2020-01-08T19:15:00+09:00,J3,1290,1095,2385
2020-01-08T19:15:00+09:00,J4,1285,1264,2549
2020-01-08T19:15:00+09:00,J5,450,666,1116
2020-01-08T19:30:00+09:00,J1,925,1109,2034
2020-01-08T19:30:00+09:00,J2,777,617,1394
2020-01-08T19:30:00+09:00,J3,1142,1006,2148
2020-01-08T19:30:00+09:00,J4,1240,1237,2477
2020-01-08T19:30:00+09:00,J5,452,572,1024
2020-01-08T19:45:00+09:00,J1,865,984,1849
2020-01-08T19:45:00+09:00,J2,644,594,1238
2020-01-08T19:45:00+09:00,J3,908,890,1798
2020-01-08T19:45:00+09:00,J4,1204,1225,2429
2020-01-08T19:45:00+09:00,J5,399,458,857
2020-01-08T20:00:00+09:00,J1,1023,1175,2198
2020-01-08T20:00:00+09:00,J2,797,821,1618
2020-01-08T20:00:00+09:00,J3,1077,992,2069
2020-01-08T20:00:00+09:00,J4,1283,1339,2622
2020-01-08T20:00:00+09:00,J5,456,531,987
2020-01-08T20:15:00+09:00,J1,941,1073,2014
2020-01-08T20:15:00+09:00,J2,624,630,1254
2020-01-08T20:15:00+09:00,J3,1006,913,1919
2020-01-08T20:15:00+09:00,J4,1240,1206,2446
2020-01-08T20:15:00+09:00,J5,465,561,1026
2020-01-08T20:30:00+09:00,J1,930,1112,2042
2020-01-08T20:30:00+09:00,J2,627,615,1242
2020-01-08T20:30:00+09:00,J3,1047,1033,2080
2020-01-08T20:30:00+09:00,J4,1233,1182,2415
2020-01-08T20:30:00+09:00,J5,439,518,957
2020-01-08T20:45:00+09:00,J1,998,1105,2103
2020-01-08T20:45:00+09:00,J2,726,734,1460
2020-01-08T20:45:00+09:00,J3,972,976,1948
2020-01-08T20:45:00+09:00,J4,1163,1150,2313
2020-01-08T20:45:00+09:00,J5,444,485,929
2020-01-08T21:00:00+09:00,J1,841,1043,1884
2020-01-08T21:00:00+09:00,J2,768,755,1523
2020-01-08T21:00:00+09:00,J3,969,864,1833
2020-01-08T21:00:00+09:00,J4,1232,1176,2408
2020-01-08T21:00:00+09:00,J5,421,504,925
2020-01-08T21:15:00+09:00,J1,905,1070,1975
2020-01-08T21:15:00+09:00,J2,899,770,1669
2020-01-08T21:15:00+09:00,J3,1026,966,1992
2020-01-08T21:15:00+09:00,J4,1136,1191,2327
2020-01-08T21:15:00+09:00,J5,371,410,781
2020-01-08T21:30:00+09:00,J1,904,1070,1974
2020-01-08T21:30:00+09:00,J2,686,666,1352
2020-01-08T21:30:00+09:00,J3,1041,909,1950
2020-01-08T21:30:00+09:00,J4,1241,1228,2469
2020-01-08T21:30:00+09:00,J5,292,335,627
2020-01-08T21:45:00+09:00,J1,851,1112,1963
2020-01-08T21:45:00+09:00,J2,685,721,1406
2020-01-08T21:45:00+09:00,J3,1013,845,1858
2020-01-08T21:45:00+09:00,J4,1280,1156,2436
2020-01-08T21:45:00+09:00,J5,272,344,616
2020-01-08T22:00:00+09:00,J1,841,1015,1856
2020-01-08T22:00:00+09:00,J2,746,787,1533
2020-01-08T22:00:00+09:00,J3,979,717,1696
2020-01-08T22:00:00+09:00,J4,1110,1171,2281
2020-01-08T22:00:00+09:00,J5,291,317,608
2020-01-08T22:15:00+09:00,J1,828,1066,1894
2020-01-08T22:15:00+09:00,J2,814,739,1553
2020-01-08T22:15:00+09:00,J3,929,710,1639
2020-01-08T22:15:00+09:00,J4,1058,1165,2223
2020-01-08T22:15:00+09:00,J5,296,284,580
2020-01-08T22:30:00+09:00,J1,863,1064,1927
2020-01-08T22:30:00+09:00,J2,899,782,1681
2020-01-08T22:30:00+09:00,J3,905,729,1634
2020-01-08T22:30:00+09:00,J4,1045,1049,2094
2020-01-08T22:30:00+09:00,J5,419,339,758
2020-01-08T22:45:00+09:00,J1,876,1110,1986
2020-01-08T22:45:00+09:00,J2,777,817,1594
2020-01-08T22:45:00+09:00,J3,903,666,1569
2020-01-08T22:45:00+09:00,J4,1020,1024,2044
2020-01-08T22:45:00+09:00,J5,470,368,838
2020-01-08T23:00:00+09:00,J1,835,959,1794
2020-01-08T23:00:00+09:00,J2,795,816,1611
2020-01-08T23:00:00+09:00,J3,783,665,1448
2020-01-08T23:00:00+09:00,J4,958,981,1939
2020-01-08T23:00:00+09:00,J5,472,424,896
2020-01-08T23:15:00+09:00,J1,885,1038,1923
2020-01-08T23:15:00+09:00,J2,787,716,1503
2020-01-08T23:15:00+09:00,J3,847,672,1519
2020-01-08T23:15:00+09:00,J4,850,969,1819
2020-01-08T23:15:00+09:00,J5,493,389,882
2020-01-08T23:30:00+09:00,J1,776,909,1685
2020-01-08T23:30:00+09:00,J2,783,704,1487
2020-01-08T23:30:00+09:00,J3,796,649,1445
2020-01-08T23:30:00+09:00,J4,831,857,1688
2020-01-08T23:30:00+09:00,J5,497,397,894
2020-01-08T23:45:00+09:00,J1,794,839,1633
2020-01-08T23:45:00+09:00,J2,703,671,1374
2020-01-08T23:45:00+09:00,J3,832,705,1537
2020-01-08T23:45:00+09:00,J4,754,853,1607
2020-01-08T23:45:00+09:00,J5,503,466,969
2020-01-09T00:00:00+09:00,J1,729,821,1550
2020-01-09T00:00:00+09:00,J2,771,805,1576
2020-01-09T00:00:00+09:00,J3,672,548,1220
2020-01-09T00:00:00+09:00,J4,720,763,1483
2020-01-09T00:00:00+09:00,J5,535,469,1004
2020-01-09T00:15:00+09:00,J1,678,608,1286
2020-01-09T00:15:00+09:00,J2,839,744,1583
2020-01-09T00:15:00+09:00,J3,578,572,1150
2020-01-09T00:15:00+09:00,J4,533,591,1124
2020-01-09T00:15:00+09:00,J5,584,550,1134
2020-01-09T00:30:00+09:00,J1,473,453,926
2020-01-09T00:30:00+09:00,J2,690,660,1350
2020-01-09T00:30:00+09:00,J3,553,488,1041
2020-01-09T00:30:00+09:00,J4,404,549,953
2020-01-09T00:30:00+09:00,J5,548,549,1097
2020-01-09T00:45:00+09:00,J1,522,510,1032
2020-01-09T00:45:00+09:00,J2,829,699,1528
2020-01-09T00:45:00+09:00,J3,661,573,1234
2020-01-09T00:45:00+09:00,J4,689,751,1440
2020-01-09T00:45:00+09:00,J5,584,623,1207
2020-01-09T05:45:00+09:00,J1,705,781,1486
2020-01-09T05:45:00+09:00,J2,594,647,1241
2020-01-09T05:45:00+09:00,J3,958,783,1741
2020-01-09T05:45:00+09:00,J4,614,727,1341
2020-01-09T05:45:00+09:00,J5,480,473,953
2020-01-09T06:00:00+09:00,J1,791,804,1595
2020-01-09T06:00:00+09:00,J2,737,718,1455
2020-01-09T06:00:00+09:00,J3,1116,863,1979
2020-01-09T06:00:00+09:00,J4,607,749,1356
2020-01-09T06:00:00+09:00,J5,532,535,1067
2020-01-09T06:15:00+09:00,J1,853,845,1698
2020-01-09T06:15:00+09:00,J2,739,758,1497
2020-01-09T06:15:00+09:00,J3,1049,900,1949
2020-01-09T06:15:00+09:00,J4,787,866,1653
2020-01-09T06:15:00+09:00,J5,633,568,1201
2020-01-09T06:30:00+09:00,J1,752,839,1591
2020-01-09T06:30:00+09:00,J2,727,773,1500
2020-01-09T06:30:00+09:00,J3,941,892,1833
2020-01-09T06:30:00+09:00,J4,831,920,1751
2020-01-09T06:30:00+09:00,J5,597,589,1186
2020-01-09T06:45:00+09:00,J1,767,905,1672
2020-01-09T06:45:00+09:00,J2,716,701,1417
2020-01-09T06:45:00+09:00,J3,1025,885,1910
2020-01-09T06:45:00+09:00,J4,804,957,1761
2020-01-09T06:45:00+09:00,J5,596,525,1121
2020-01-09T07:00:00+09:00,J1,888,1006,1894
2020-01-09T07:00:00+09:00,J2,635,657,1292
2020-01-09T07:00:00+09:00,J3,970,903,1873
2020-01-09T07:00:00+09:00,J4,1058,1086,2144
2020-01-09T07:00:00+09:00,J5,609,593,1202
2020-01-09T07:15:00+09:00,J1,888,1011,1899
2020-01-09T07:15:00+09:00,J2,675,627,1302
2020-01-09T07:15:00+09:00,J3,955,966,1921
2020-01-09T07:15:00+09:00,J4,1294,1280,2574
2020-01-09T07:15:00+09:00,J5,628,588,1216
2020-01-09T07:30:00+09:00,J1,1049,1126,2175
2020-01-09T07:30:00+09:00,J2,752,662,1414
2020-01-09T07:30:00+09:00,J3,1149,942,2091
2020-01-09T07:30:00+09:00,J4,1353,1357,2710
2020-01-09T07:30:00+09:00,J5,496,553,1049
2020-01-09T07:45:00+09:00,J1,1013,1134,2147
2020-01-09T07:45:00+09:00,J2,851,698,1549
2020-01-09T07:45:00+09:00,J3,1384,1304,2688
2020-01-09T07:45:00+09:00,J4,1290,1355,2645
2020-01-09T07:45:00+09:00,J5,575,589,1164
2020-01-09T08:00:00+09:00,J1,1100,1172,2272
2020-01-09T08:00:00+09:00,J2,1000,766,1766
2020-01-09T08:00:00+09:00,J3,1555,1337,2892
2020-01-09T08:00:00+09:00,J4,990,1266,2256
2020-01-09T08:00:00+09:00,J5,633,672,1305
2020-01-09T08:15:00+09:00,J1,1161,1168,2329
2020-01-09T08:15:00+09:00,J2,1108,822,1930
2020-01-09T08:15:00+09:00,J3,1549,1464,3013
2020-01-09T08:15:00+09:00,J4,1022,1316,2338
2020-01-09T08:15:00+09:00,J5,642,603,1245
2020-01-09T08:30:00+09:00,J1,1181,1125,2306
2020-01-09T08:30:00+09:00,J2,1173,793,1966
2020-01-09T08:30:00+09:00,J3,1500,1478,2978
2020-01-09T08:30:00+09:00,J4,913,1216,2129
2020-01-09T08:30:00+09:00,J5,678,757,1435
2020-01-09T08:45:00+09:00,J1,1131,1200,2331
2020-01-09T08:45:00+09:00,J2,1003,752,1755
2020-01-09T08:45:00+09:00,J3,1562,1386,2948
2020-01-09T08:45:00+09:00,J4,1003,1138,2141
2020-01-09T08:45:00+09:00,J5,642,705,1347
2020-01-09T09:00:00+09:00,J1,1151,1186,2337
2020-01-09T09:00:00+09:00,J2,929,685,1614
2020-01-09T09:00:00+09:00,J3,1236,1189,2425
2020-01-09T09:00:00+09:00,J4,979,1057,2036
2020-01-09T09:00:00+09:00,J5,583,622,1205
2020-01-09T09:15:00+09:00,J1,1155,1027,2182
2020-01-09T09:15:00+09:00,J2,698,602,1300
2020-01-09T09:15:00+09:00,J3,1118,1099,2217
2020-01-09T09:15:00+09:00,J4,1039,1097,2136
2020-01-09T09:15:00+09:00,J5,566,608,1174
2020-01-09T09:30:00+09:00,J1,1117,1131,2248
2020-01-09T09:30:00+09:00,J2,752,650,1402
2020-01-09T09:30:00+09:00,J3,1121,957,2078
2020-01-09T09:30:00+09:00,J4,1095,1047,2142
2020-01-09T09:30:00+09:00,J5,556,518,1074
2020-01-09T09:45:00+09:00,J1,1141,1043,2184
2020-01-09T09:45:00+09:00,J2,814,686,1500
2020-01-09T09:45:00+09:00,J3,1174,948,2122
2020-01-09T09:45:00+09:00,J4,1066,1019,2085
2020-01-09T09:45:00+09:00,J5,466,538,1004
2020-01-09T10:00:00+09:00,J1,1106,1114,2220
2020-01-09T10:00:00+09:00,J2,786,679,1465
2020-01-09T10:00:00+09:00,J3,1013,879,1892
2020-01-09T10:00:00+09:00,J4,998,912,1910
2020-01-09T10:00:00+09:00,J5,453,426,879
2020-01-09T10:15:00+09:00,J1,1077,1129,2206
2020-01-09T10:15:00+09:00,J2,813,700,1513
2020-01-09T10:15:00+09:00,J3,1003,893,1896
2020-01-09T10:15:00+09:00,J4,843,941,1784
2020-01-09T10:15:00+09:00,J5,424,426,850
2020-01-09T10:30:00+09:00,J1,1094,1094,2188
2020-01-09T10:30:00+09:00,J2,797,668,1465
2020-01-09T10:30:00+09:00,J3,1007,912,1919
2020-01-09T10:30:00+09:00,J4,872,966,1838
2020-01-09T10:30:00+09:00,J5,463,482,945
2020-01-09T10:45:00+09:00,J1,1064,1163,2227
2020-01-09T10:45:00+09:00,J2,745,664,1409
2020-01-09T10:45:00+09:00,J3,958,908,1866
2020-01-09T10:45:00+09:00,J4,828,936,1764
2020-01-09T10:45:00+09:00,J5,451,485,936
2020-01-09T11:00:00+09:00,J1,1127,1103,2230
2020-01-09T11:00:00+09:00,J2,710,618,1328
2020-01-09T11:00:00+09:00,J3,1054,951,2005
2020-01-09T11:00:00+09:00,J4,876,935,1811
2020-01-09T11:00:00+09:00,J5,447,457,904
2020-01-09T11:15:00+09:00,J1,1096,1147,2243
2020-01-09T11:15:00+09:00,J2,686,545,1231
2020-01-09T11:15:00+09:00,J3,1180,1000,2180
2020-01-09T11:15:00+09:00,J4,788,1011,1799
2020-01-09T11:15:00+09:00,J5,536,546,1082
2020-01-09T11:30:00+09:00,J1,1131,1180,2311
2020-01-09T11:30:00+09:00,J2,697,564,1261
2020-01-09T11:30:00+09:00,J3,1271,1044,2315
2020-01-09T11:30:00+09:00,J4,796,949,1745
2020-01-09T11:30:00+09:00,J5,442,374,816
2020-01-09T11:45:00+09:00,J1,1100,1213,2313
2020-01-09T11:45:00+09:00,J2,663,580,1243
2020-01-09T11:45:00+09:00,J3,1217,1122,2339
2020-01-09T11:45:00+09:00,J4,664,833,1497
2020-01-09T11:45:00+09:00,J5,349,380,729
2020-01-09T12:00:00+09:00,J1,1028,1292,2320
2020-01-09T12:00:00+09:00,J2,730,550,1280
2020-01-09T12:00:00+09:00,J3,1237,1127,2364
2020-01-09T12:00:00+09:00,J4,678,830,1508
2020-01-09T12:00:00+09:00,J5,449,405,854
2020-01-09T12:15:00+09:00,J1,1006,1260,2266
2020-01-09T12:15:00+09:00,J2,685,579,1264
2020-01-09T12:15:00+09:00,J3,1353,1010,2363
2020-01-09T12:15:00+09:00,J4,676,793,1469
2020-01-09T12:15:00+09:00,J5,473,456,929
2020-01-09T12:30:00+09:00,J1,977,1231,2208
2020-01-09T12:30:00+09:00,J2,732,632,1364
2020-01-09T12:30:00+09:00,J3,1239,1180,2419
2020-01-09T12:30:00+09:00,J4,692,824,1516
2020-01-09T12:30:00+09:00,J5,524,527,1051
2020-01-09T12:45:00+09:00,J1,977,1239,2216
2020-01-09T12:45:00+09:00,J2,689,630,1319
2020-01-09T12:45:00+09:00,J3,1179,1215,2394
2020-01-09T12:45:00+09:00,J4,675,761,1436
2020-01-09T12:45:00+09:00,J5,455,479,934
2020-01-09T13:00:00+09:00,J1,971,1221,2192
2020-01-09T13:00:00+09:00,J2,696,720,1416
2020-01-09T13:00:00+09:00,J3,1211,1069,2280
2020-01-09T13:00:00+09:00,J4,648,723,1371
2020-01-09T13:00:00+09:00,J5,441,435,876
2020-01-09T13:15:00+09:00,J1,1014,1221,2235
2020-01-09T13:15:00+09:00,J2,830,703,1533
2020-01-09T13:15:00+09:00,J3,1166,1082,2248
2020-01-09T13:15:00+09:00,J4,625,720,1345
2020-01-09T13:15:00+09:00,J5,467,422,889
2020-01-09T13:30:00+09:00,J1,1033,1211,2244
2020-01-09T13:30:00+09:00,J2,817,714,1531
2020-01-09T13:30:00+09:00,J3,1071,1054,2125
2020-01-09T13:30:00+09:00,J4,740,820,1560
2020-01-09T13:30:00+09:00,J5,449,408,857
2020-01-09T13:45:00+09:00,J1,1022,1215,2237
2020-01-09T13:45:00+09:00,J2,789,766,1555
2020-01-09T13:45:00+09:00,J3,1064,1100,2164
2020-01-09T13:45:00+09:00,J4,676,790,1466
2020-01-09T13:45:00+09:00,J5,431,403,834
2020-01-09T14:00:00+09:00,J1,1034,1263,2297
2020-01-09T14:00:00+09:00,J2,891,758,1649
2020-01-09T14:00:00+09:00,J3,1095,1089,2184
2020-01-09T14:00:00+09:00,J4,680,815,1495
2020-01-09T14:00:00+09:00,J5,443,425,868
2020-01-09T14:15:00+09:00,J1,958,1213,2171
2020-01-09T14:15:00+09:00,J2,838,756,1594
2020-01-09T14:15:00+09:00,J3,1140,1097,2237
2020-01-09T14:15:00+09:00,J4,608,730,1338
2020-01-09T14:15:00+09:00,J5,479,388,867
2020-01-09T14:30:00+09:00,J1,1076,1189,2265
2020-01-09T14:30:00+09:00,J2,883,778,1661
2020-01-09T14:30:00+09:00,J3,1094,1062,2156
2020-01-09T14:30:00+09:00,J4,685,756,1441
2020-01-09T14:30:00+09:00,J5,477,447,924
2020-01-09T14:45:00+09:00,J1,1028,1187,2215
2020-01-09T14:45:00+09:00,J2,832,768,1600
2020-01-09T14:45:00+09:00,J3,1087,1094,2181
2020-01-09T14:45:00+09:00,J4,670,764,1434
2020-01-09T14:45:00+09:00,J5,441,426,867
2020-01-09T15:00:00+09:00,J1,930,1194,2124
2020-01-09T15:00:00+09:00,J2,878,787,1665
2020-01-09T15:00:00+09:00,J3,1094,1028,2122
2020-01-09T15:00:00+09:00,J4,729,718,1447
2020-01-09T15:00:00+09:00,J5,413,416,829
2020-01-09T15:15:00+09:00,J1,927,1221,2148
2020-01-09T15:15:00+09:00,J2,882,849,1731
2020-01-09T15:15:00+09:00,J3,1111,1060,2171
2020-01-09T15:15:00+09:00,J4,678,680,1358
2020-01-09T15:15:00+09:00,J5,459,464,923
2020-01-09T15:30:00+09:00,J1,722,1013,1735
2020-01-09T15:30:00+09:00,J2,722,630,1352
2020-01-09T15:30:00+09:00,J3,912,853,1765
2020-01-09T15:30:00+09:00,J4,517,512,1029
2020-01-09T15:30:00+09:00,J5,396,377,773
2020-01-09T15:45:00+09:00,J1,1101,1477,2578
2020-01-09T15:45:00+09:00,J2,1137,888,2025
2020-01-09T15:45:00+09:00,J3,1278,1380,2658
2020-01-09T15:45:00+09:00,J4,801,820,1621
2020-01-09T15:45:00+09:00,J5,606,621,1227
2020-01-09T16:00:00+09:00,J1,935,1185,2120
2020-01-09T16:00:00+09:00,J2,894,829,1723
2020-01-09T16:00:00+09:00,J3,1119,989,2108
2020-01-09T16:00:00+09:00,J4,674,694,1368
2020-01-09T16:00:00+09:00,J5,450,511,961
2020-01-09T16:15:00+09:00,J1,1009,1180,2189
2020-01-09T16:15:00+09:00,J2,915,831,1746
2020-01-09T16:15:00+09:00,J3,1137,1034,2171
2020-01-09T16:15:00+09:00,J4,691,759,1450
2020-01-09T16:15:00+09:00,J5,480,514,994
2020-01-09T16:30:00+09:00,J1,984,1157,2141
2020-01-09T16:30:00+09:00,J2,886,814,1700
2020-01-09T16:30:00+09:00,J3,1202,1040,2242
2020-01-09T16:30:00+09:00,J4,700,694,1394
2020-01-09T16:30:00+09:00,J5,499,555,1054
2020-01-09T16:45:00+09:00,J1,1046,1215,2261
2020-01-09T16:45:00+09:00,J2,884,814,1698
2020-01-09T16:45:00+09:00,J3,1251,1028,2279
2020-01-09T16:45:00+09:00,J4,662,658,1320
2020-01-09T16:45:00+09:00,J5,512,552,1064
2020-01-09T17:00:00+09:00,J1,1137,1233,2370
2020-01-09T17:00:00+09:00,J2,918,845,1763
2020-01-09T17:00:00+09:00,J3,1411,1115,2526
2020-01-09T17:00:00+09:00,J4,860,865,1725
2020-01-09T17:00:00+09:00,J5,536,572,1108
2020-01-09T17:15:00+09:00,J1,1059,1253,2312
2020-01-09T17:15:00+09:00,J2,985,928,1913
2020-01-09T17:15:00+09:00,J3,1409,1146,2555
2020-01-09T17:15:00+09:00,J4,1011,1103,2114
2020-01-09T17:15:00+09:00,J5,620,624,1244
2020-01-09T17:30:00+09:00,J1,1123,1186,2309
2020-01-09T17:30:00+09:00,J2,1108,958,2066
2020-01-09T17:30:00+09:00,J3,1433,1145,2578
2020-01-09T17:30:00+09:00,J4,1158,1077,2235
2020-01-09T17:30:00+09:00,J5,578,679,1257
2020-01-09T17:45:00+09:00,J1,1086,1252,2338
2020-01-09T17:45:00+09:00,J2,1052,886,1938
2020-01-09T17:45:00+09:00,J3,1565,1307,2872
2020-01-09T17:45:00+09:00,J4,1119,991,2110
2020-01-09T17:45:00+09:00,J5,644,718,1362
2020-01-09T18:00:00+09:00,J1,1096,1286,2382
2020-01-09T18:00:00+09:00,J2,974,849,1823
2020-01-09T18:00:00+09:00,J3,1507,1261,2768
2020-01-09T18:00:00+09:00,J4,1176,941,2117
2020-01-09T18:00:00+09:00,J5,688,778,1466
2020-01-09T18:15:00+09:00,J1,1089,1257,2346
2020-01-09T18:15:00+09:00,J2,943,757,1700
2020-01-09T18:15:00+09:00,J3,1644,1348,2992
2020-01-09T18:15:00+09:00,J4,979,770,1749
2020-01-09T18:15:00+09:00,J5,702,765,1467
2020-01-09T18:30:00+09:00,J1,1115,1211,2326
2020-01-09T18:30:00+09:00,J2,756,691,1447
2020-01-09T18:30:00+09:00,J3,1408,1156,2564
2020-01-09T18:30:00+09:00,J4,825,696,1521
2020-01-09T18:30:00+09:00,J5,620,774,1394
2020-01-09T18:45:00+09:00,J1,1023,1182,2205
2020-01-09T18:45:00+09:00,J2,726,723,1449
2020-01-09T18:45:00+09:00,J3,1115,926,2041
2020-01-09T18:45:00+09:00,J4,763,662,1425
2020-01-09T18:45:00+09:00,J5,624,730,1354
2020-01-09T19:00:00+09:00,J1,961,1217,2178
2020-01-09T19:00:00+09:00,J2,698,582,1280
2020-01-09T19:00:00+09:00,J3,1217,1034,2251
2020-01-09T19:00:00+09:00,J4,780,814,1594
2020-01-09T19:00:00+09:00,J5,541,646,1187
2020-01-09T19:15:00+09:00,J1,1004,1157,2161
2020-01-09T19:15:00+09:00,J2,660,565,1225
2020-01-09T19:15:00+09:00,J3,1241,1146,2387
2020-01-09T19:15:00+09:00,J4,880,850,1730
2020-01-09T19:15:00+09:00,J5,551,700,1251
2020-01-09T19:30:00+09:00,J1,1025,1225,2250
2020-01-09T19:30:00+09:00,J2,700,714,1414
2020-01-09T19:30:00+09:00,J3,1149,987,2136
2020-01-09T19:30:00+09:00,J4,784,865,1649
2020-01-09T19:30:00+09:00,J5,519,651,1170
2020-01-09T19:45:00+09:00,J1,1004,1087,2091
2020-01-09T19:45:00+09:00,J2,596,591,1187
2020-01-09T19:45:00+09:00,J3,1032,902,1934
2020-01-09T19:45:00+09:00,J4,780,907,1687
2020-01-09T19:45:00+09:00,J5,495,564,1059
2020-01-09T20:00:00+09:00,J1,999,1146,2145
2020-01-09T20:00:00+09:00,J2,579,576,1155
2020-01-09T20:00:00+09:00,J3,1111,1000,2111
2020-01-09T20:00:00+09:00,J4,825,872,1697
2020-01-09T20:00:00+09:00,J5,488,622,1110
2020-01-09T20:15:00+09:00,J1,938,1154,2092
2020-01-09T20:15:00+09:00,J2,554,528,1082
2020-01-09T20:15:00+09:00,J3,1071,1000,2071
2020-01-09T20:15:00+09:00,J4,803,874,1677
2020-01-09T20:15:00+09:00,J5,497,576,1073
2020-01-09T20:30:00+09:00,J1,975,1145,2120
2020-01-09T20:30:00+09:00,J2,556,548,1104
2020-01-09T20:30:00+09:00,J3,1108,950,2058
2020-01-09T20:30:00+09:00,J4,740,901,1641
2020-01-09T20:30:00+09:00,J5,454,540,994
2020-01-09T20:45:00+09:00,J1,977,1164,2141
2020-01-09T20:45:00+09:00,J2,556,472,1028
2020-01-09T20:45:00+09:00,J3,950,896,1846
2020-01-09T20:45:00+09:00,J4,713,807,1520
2020-01-09T20:45:00+09:00,J5,480,498,978
2020-01-09T21:00:00+09:00,J1,966,1148,2114
2020-01-09T21:00:00+09:00,J2,603,640,1243
2020-01-09T21:00:00+09:00,J3,1033,796,1829
2020-01-09T21:00:00+09:00,J4,724,781,1505
2020-01-09T21:00:00+09:00,J5,457,570,1027
2020-01-09T21:15:00+09:00,J1,964,1124,2088
2020-01-09T21:15:00+09:00,J2,653,691,1344
2020-01-09T21:15:00+09:00,J3,1077,825,1902
2020-01-09T21:15:00+09:00,J4,783,840,1623
2020-01-09T21:15:00+09:00,J5,427,447,874
2020-01-09T21:30:00+09:00,J1,861,1108,1969
2020-01-09T21:30:00+09:00,J2,628,590,1218
2020-01-09T21:30:00+09:00,J3,1014,792,1806
2020-01-09T21:30:00+09:00,J4,738,826,1564
2020-01-09T21:30:00+09:00,J5,428,454,882
2020-01-09T21:45:00+09:00,J1,913,1084,1997
2020-01-09T21:45:00+09:00,J2,632,559,1191
2020-01-09T21:45:00+09:00,J3,934,733,1667
2020-01-09T21:45:00+09:00,J4,760,937,1697
2020-01-09T21:45:00+09:00,J5,366,406,772
2020-01-09T22:00:00+09:00,J1,958,999,1957
2020-01-09T22:00:00+09:00,J2,667,658,1325
2020-01-09T22:00:00+09:00,J3,907,717,1624
2020-01-09T22:00:00+09:00,J4,676,830,1506
2020-01-09T22:00:00+09:00,J5,406,380,786
2020-01-09T22:15:00+09:00,J1,925,1033,1958
2020-01-09T22:15:00+09:00,J2,651,706,1357
2020-01-09T22:15:00+09:00,J3,946,771,1717
2020-01-09T22:15:00+09:00,J4,762,829,1591
2020-01-09T22:15:00+09:00,J5,390,395,785
2020-01-09T22:30:00+09:00,J1,936,1138,2074
2020-01-09T22:30:00+09:00,J2,749,665,1414
2020-01-09T22:30:00+09:00,J3,816,642,1458
2020-01-09T22:30:00+09:00,J4,707,858,1565
2020-01-09T22:30:00+09:00,J5,502,413,915
2020-01-09T22:45:00+09:00,J1,877,1053,1930
2020-01-09T22:45:00+09:00,J2,820,728,1548
2020-01-09T22:45:00+09:00,J3,827,677,1504
2020-01-09T22:45:00+09:00,J4,740,818,1558
2020-01-09T22:45:00+09:00,J5,484,402,886
2020-01-09T23:00:00+09:00,J1,889,1021,1910
2020-01-09T23:00:00+09:00,J2,857,809,1666
2020-01-09T23:00:00+09:00,J3,851,638,1489
2020-01-09T23:00:00+09:00,J4,771,913,1684
2020-01-09T23:00:00+09:00,J5,591,505,1096
2020-01-09T23:15:00+09:00,J1,854,956,1810
2020-01-09T23:15:00+09:00,J2,770,765,1535
2020-01-09T23:15:00+09:00,J3,822,644,1466
2020-01-09T23:15:00+09:00,J4,787,824,1611
2020-01-09T23:15:00+09:00,J5,507,453,960
2020-01-09T23:30:00+09:00,J1,869,934,1803
2020-01-09T23:30:00+09:00,J2,715,729,1444
2020-01-09T23:30:00+09:00,J3,828,690,1518
2020-01-09T23:30:00+09:00,J4,685,793,1478
2020-01-09T23:30:00+09:00,J5,503,502,1005
2020-01-09T23:45:00+09:00,J1,801,936,1737
2020-01-09T23:45:00+09:00,J2,634,685,1319
2020-01-09T23:45:00+09:00,J3,808,709,1517
2020-01-09T23:45:00+09:00,J4,634,716,1350
2020-01-09T23:45:00+09:00,J5,474,415,889
2020-01-10T00:00:00+09:00,J1,753,813,1566
2020-01-10T00:00:00+09:00,J2,777,700,1477
2020-01-10T00:00:00+09:00,J3,687,561,1248
2020-01-10T00:00:00+09:00,J4,539,673,1212
2020-01-10T00:00:00+09:00,J5,515,492,1007
2020-01-10T00:15:00+09:00,J1,601,543,1144
2020-01-10T00:15:00+09:00,J2,749,716,1465
2020-01-10T00:15:00+09:00,J3,884,838,1722
2020-01-10T00:15:00+09:00,J4,469,546,1015
2020-01-10T00:15:00+09:00,J5,617,542,1159
2020-01-10T00:30:00+09:00,J1,513,483,996
2020-01-10T00:30:00+09:00,J2,702,734,1436
2020-01-10T00:30:00+09:00,J3,958,738,1696
2020-01-10T00:30:00+09:00,J4,552,649,1201
2020-01-10T00:30:00+09:00,J5,559,540,1099
2020-01-10T00:45:00+09:00,J1,480,518,998
2020-01-10T00:45:00+09:00,J2,716,710,1426
2020-01-10T00:45:00+09:00,J3,940,798,1738
2020-01-10T00:45:00+09:00,J4,581,624,1205
2020-01-10T00:45:00+09:00,J5,578,550,1128
2020-01-10T05:45:00+09:00,J1,688,776,1464
2020-01-10T05:45:00+09:00,J2,581,662,1243
2020-01-10T05:45:00+09:00,J3,907,571,1478
2020-01-10T05:45:00+09:00,J4,885,835,1720
2020-01-10T05:45:00+09:00,J5,508,503,1011
2020-01-10T06:00:00+09:00,J1,757,727,1484
2020-01-10T06:00:00+09:00,J2,660,654,1314
2020-01-10T06:00:00+09:00,J3,912,668,1580
2020-01-10T06:00:00+09:00,J4,955,797,1752
2020-01-10T06:00:00+09:00,J5,589,532,1121
2020-01-10T06:15:00+09:00,J1,804,774,1578
2020-01-10T06:15:00+09:00,J2,665,731,1396
2020-01-10T06:15:00+09:00,J3,946,711,1657
2020-01-10T06:15:00+09:00,J4,906,826,1732
2020-01-10T06:15:00+09:00,J5,600,587,1187
2020-01-10T06:30:00+09:00,J1,748,863,1611
2020-01-10T06:30:00+09:00,J2,702,710,1412
2020-01-10T06:30:00+09:00,J3,936,719,1655
2020-01-10T06:30:00+09:00,J4,860,780,1640
2020-01-10T06:30:00+09:00,J5,625,540,1165
2020-01-10T06:45:00+09:00,J1,763,802,1565
2020-01-10T06:45:00+09:00,J2,685,765,1450
2020-01-10T06:45:00+09:00,J3,985,738,1723
2020-01-10T06:45:00+09:00,J4,873,838,1711
2020-01-10T06:45:00+09:00,J5,666,581,1247
2020-01-10T07:00:00+09:00,J1,810,850,1660
2020-01-10T07:00:00+09:00,J2,709,625,1334
2020-01-10T07:00:00+09:00,J3,996,850,1846
2020-01-10T07:00:00+09:00,J4,945,906,1851
2020-01-10T07:00:00+09:00,J5,668,653,1321
2020-01-10T07:15:00+09:00,J1,823,907,1730
2020-01-10T07:15:00+09:00,J2,698,601,1299
2020-01-10T07:15:00+09:00,J3,1072,866,1938
2020-01-10T07:15:00+09:00,J4,1043,955,1998
2020-01-10T07:15:00+09:00,J5,646,609,1255
2020-01-10T07:30:00+09:00,J1,944,1029,1973
2020-01-10T07:30:00+09:00,J2,790,675,1465
2020-01-10T07:30:00+09:00,J3,1075,897,1972
2020-01-10T07:30:00+09:00,J4,1104,1043,2147
2020-01-10T07:30:00+09:00,J5,575,550,1125
2020-01-10T07:45:00+09:00,J1,1024,1040,2064
2020-01-10T07:45:00+09:00,J2,903,692,1595
2020-01-10T07:45:00+09:00,J3,1297,1194,2491
2020-01-10T07:45:00+09:00,J4,914,1140,2054
2020-01-10T07:45:00+09:00,J5,617,566,1183
2020-01-10T08:00:00+09:00,J1,1198,1116,2314
2020-01-10T08:00:00+09:00,J2,1031,761,1792
2020-01-10T08:00:00+09:00,J3,1480,1341,2821
2020-01-10T08:00:00+09:00,J4,883,1098,1981
2020-01-10T08:00:00+09:00,J5,598,602,1200
2020-01-10T08:15:00+09:00,J1,1169,1137,2306
2020-01-10T08:15:00+09:00,J2,1129,829,1958
2020-01-10T08:15:00+09:00,J3,1517,1351,2868
2020-01-10T08:15:00+09:00,J4,954,1240,2194
2020-01-10T08:15:00+09:00,J5,618,642,1260
2020-01-10T08:30:00+09:00,J1,1213,1128,2341
2020-01-10T08:30:00+09:00,J2,1142,683,1825
2020-01-10T08:30:00+09:00,J3,1405,1439,2844
2020-01-10T08:30:00+09:00,J4,852,1195,2047
2020-01-10T08:30:00+09:00,J5,574,635,1209
2020-01-10T08:45:00+09:00,J1,1144,1142,2286
2020-01-10T08:45:00+09:00,J2,923,590,1513
2020-01-10T08:45:00+09:00,J3,1281,1275,2556
2020-01-10T08:45:00+09:00,J4,987,1064,2051
2020-01-10T08:45:00+09:00,J5,532,506,1038
2020-01-10T09:00:00+09:00,J1,1119,1100,2219
2020-01-10T09:00:00+09:00,J2,808,595,1403
2020-01-10T09:00:00+09:00,J3,1190,1071,2261
2020-01-10T09:00:00+09:00,J4,1010,985,1995
2020-01-10T09:00:00+09:00,J5,473,473,946
2020-01-10T09:15:00+09:00,J1,1138,1100,2238
2020-01-10T09:15:00+09:00,J2,751,627,1378
2020-01-10T09:15:00+09:00,J3,881,781,1662
2020-01-10T09:15:00+09:00,J4,942,1023,1965
2020-01-10T09:15:00+09:00,J5,590,640,1230
2020-01-10T09:30:00+09:00,J1,1105,1052,2157
2020-01-10T09:30:00+09:00,J2,803,607,1410
2020-01-10T09:30:00+09:00,J3,932,833,1765
2020-01-10T09:30:00+09:00,J4,868,1039,1907
2020-01-10T09:30:00+09:00,J5,628,639,1267
2020-01-10T09:45:00+09:00,J1,1024,1059,2083
2020-01-10T09:45:00+09:00,J2,743,646,1389
2020-01-10T09:45:00+09:00,J3,945,876,1821
2020-01-10T09:45:00+09:00,J4,796,896,1692
2020-01-10T09:45:00+09:00,J5,534,551,1085
2020-01-10T10:00:00+09:00,J1,1040,1180,2220
2020-01-10T10:00:00+09:00,J2,690,730,1420
2020-01-10T10:00:00+09:00,J3,923,931,1854
2020-01-10T10:00:00+09:00,J4,741,883,1624
2020-01-10T10:00:00+09:00,J5,477,517,994
2020-01-10T10:15:00+09:00,J1,1058,1048,2106
2020-01-10T10:15:00+09:00,J2,771,667,1438
2020-01-10T10:15:00+09:00,J3,937,931,1868
2020-01-10T10:15:00+09:00,J4,686,862,1548
2020-01-10T10:15:00+09:00,J5,480,503,983
2020-01-10T10:30:00+09:00,J1,1068,1022,2090
2020-01-10T10:30:00+09:00,J2,707,657,1364
2020-01-10T10:30:00+09:00,J3,967,914,1881
2020-01-10T10:30:00+09:00,J4,734,828,1562
2020-01-10T10:30:00+09:00,J5,540,569,1109
2020-01-10T10:45:00+09:00,J1,951,908,1859
2020-01-10T10:45:00+09:00,J2,563,544,1107
2020-01-10T10:45:00+09:00,J3,814,744,1558
2020-01-10T10:45:00+09:00,J4,596,702,1298
2020-01-10T10:45:00+09:00,J5,519,493,1012
2020-01-10T11:00:00+09:00,J1,1175,1307,2482
2020-01-10T11:00:00+09:00,J2,819,738,1557
2020-01-10T11:00:00+09:00,J3,1045,1025,2070
2020-01-10T11:00:00+09:00,J4,754,897,1651
2020-01-10T11:00:00+09:00,J5,574,646,1220
2020-01-10T11:15:00+09:00,J1,1081,1156,2237
2020-01-10T11:15:00+09:00,J2,667,561,1228
2020-01-10T11:15:00+09:00,J3,1050,895,1945
2020-01-10T11:15:00+09:00,J4,663,772,1435
2020-01-10T11:15:00+09:00,J5,504,492,996
2020-01-10T11:30:00+09:00,J1,1081,1224,2305
2020-01-10T11:30:00+09:00,J2,696,545,1241
2020-01-10T11:30:00+09:00,J3,1195,1097,2292
2020-01-10T11:30:00+09:00,J4,622,685,1307
2020-01-10T11:30:00+09:00,J5,433,388,821
2020-01-10T11:45:00+09:00,J1,1103,1240,2343
2020-01-10T11:45:00+09:00,J2,641,635,1276
2020-01-10T11:45:00+09:00,J3,1163,1069,2232
2020-01-10T11:45:00+09:00,J4,622,658,1280
2020-01-10T11:45:00+09:00,J5,410,371,781
2020-01-10T12:00:00+09:00,J1,1098,1254,2352
2020-01-10T12:00:00+09:00,J2,730,618,1348
2020-01-10T12:00:00+09:00,J3,1319,1175,2494
2020-01-10T12:00:00+09:00,J4,660,729,1389
2020-01-10T12:00:00+09:00,J5,416,395,811
2020-01-10T12:15:00+09:00,J1,1008,1180,2188
2020-01-10T12:15:00+09:00,J2,715,659,1374
2020-01-10T12:15:00+09:00,J3,1390,1151,2541
2020-01-10T12:15:00+09:00,J4,677,653,1330
2020-01-10T12:15:00+09:00,J5,433,402,835
2020-01-10T12:30:00+09:00,J1,957,1194,2151
2020-01-10T12:30:00+09:00,J2,771,657,1428
2020-01-10T12:30:00+09:00,J3,1247,1131,2378
2020-01-10T12:30:00+09:00,J4,753,831,1584
2020-01-10T12:30:00+09:00,J5,478,466,944
2020-01-10T12:45:00+09:00,J1,961,1147,2108
2020-01-10T12:45:00+09:00,J2,726,659,1385
2020-01-10T12:45:00+09:00,J3,1245,979,2224
2020-01-10T12:45:00+09:00,J4,829,730,1559
2020-01-10T12:45:00+09:00,J5,578,542,1120
2020-01-10T13:00:00+09:00,J1,965,1168,2133
2020-01-10T13:00:00+09:00,J2,794,710,1504
2020-01-10T13:00:00+09:00,J3,1172,893,2065
2020-01-10T13:00:00+09:00,J4,836,802,1638
2020-01-10T13:00:00+09:00,J5,625,624,1249
2020-01-10T13:15:00+09:00,J1,969,1195,2164
2020-01-10T13:15:00+09:00,J2,782,726,1508
2020-01-10T13:15:00+09:00,J3,1073,1009,2082
2020-01-10T13:15:00+09:00,J4,785,777,1562
2020-01-10T13:15:00+09:00,J5,647,608,1255
2020-01-10T13:30:00+09:00,J1,1020,1190,2210
2020-01-10T13:30:00+09:00,J2,868,773,1641
2020-01-10T13:30:00+09:00,J3,1127,956,2083
2020-01-10T13:30:00+09:00,J4,918,929,1847
2020-01-10T13:30:00+09:00,J5,584,580,1164
2020-01-10T13:45:00+09:00,J1,1053,1218,2271
2020-01-10T13:45:00+09:00,J2,847,733,1580
2020-01-10T13:45:00+09:00,J3,1114,892,2006
2020-01-10T13:45:00+09:00,J4,926,921,1847
2020-01-10T13:45:00+09:00,J5,486,452,938
2020-01-10T14:00:00+09:00,J1,937,1146,2083
2020-01-10T14:00:00+09:00,J2,821,712,1533
2020-01-10T14:00:00+09:00,J3,1050,884,1934
2020-01-10T14:00:00+09:00,J4,998,934,1932
2020-01-10T14:00:00+09:00,J5,492,428,920
2020-01-10T14:15:00+09:00,J1,1011,1183,2194
2020-01-10T14:15:00+09:00,J2,761,703,1464
2020-01-10T14:15:00+09:00,J3,1072,950,2022
2020-01-10T14:15:00+09:00,J4,1068,1042,2110
2020-01-10T14:15:00+09:00,J5,531,458,989
2020-01-10T14:30:00+09:00,J1,908,1183,2091
2020-01-10T14:30:00+09:00,J2,812,807,1619
2020-01-10T14:30:00+09:00,J3,1110,957,2067
2020-01-10T14:30:00+09:00,J4,931,984,1915
2020-01-10T14:30:00+09:00,J5,556,471,1027
2020-01-10T14:45:00+09:00,J1,920,1131,2051
2020-01-10T14:45:00+09:00,J2,717,883,1600
2020-01-10T14:45:00+09:00,J3,1205,942,2147
2020-01-10T14:45:00+09:00,J4,1033,984,2017
2020-01-10T14:45:00+09:00,J5,462,434,896
2020-01-10T15:00:00+09:00,J1,901,1146,2047
2020-01-10T15:00:00+09:00,J2,765,837,1602
2020-01-10T15:00:00+09:00,J3,1036,898,1934
2020-01-10T15:00:00+09:00,J4,937,959,1896
2020-01-10T15:00:00+09:00,J5,435,376,811
2020-01-10T15:15:00+09:00,J1,959,1117,2076
2020-01-10T15:15:00+09:00,J2,724,829,1553
2020-01-10T15:15:00+09:00,J3,1140,979,2119
2020-01-10T15:15:00+09:00,J4,1099,1031,2130
2020-01-10T15:15:00+09:00,J5,417,384,801
2020-01-10T15:30:00+09:00,J1,914,1136,2050
2020-01-10T15:30:00+09:00,J2,803,682,1485
2020-01-10T15:30:00+09:00,J3,1222,1037,2259
2020-01-10T15:30:00+09:00,J4,1013,958,1971
2020-01-10T15:30:00+09:00,J5,393,397,790
2020-01-10T15:45:00+09:00,J1,937,1185,2122
2020-01-10T15:45:00+09:00,J2,826,673,1499
2020-01-10T15:45:00+09:00,J3,1199,953,2152
2020-01-10T15:45:00+09:00,J4,890,930,1820
2020-01-10T15:45:00+09:00,J5,406,385,791
2020-01-10T16:00:00+09:00,J1,941,1268,2209
2020-01-10T16:00:00+09:00,J2,833,674,1507
2020-01-10T16:00:00+09:00,J3,1195,1005,2200
2020-01-10T16:00:00+09:00,J4,884,948,1832
2020-01-10T16:00:00+09:00,J5,448,448,896
2020-01-10T16:15:00+09:00,J1,909,1127,2036
2020-01-10T16:15:00+09:00,J2,817,781,1598
2020-01-10T16:15:00+09:00,J3,1045,921,1966
2020-01-10T16:15:00+09:00,J4,921,1007,1928
2020-01-10T16:15:00+09:00,J5,524,565,1089
2020-01-10T16:30:00+09:00,J1,924,1131,2055
2020-01-10T16:30:00+09:00,J2,914,750,1664
2020-01-10T16:30:00+09:00,J3,1187,1088,2275
2020-01-10T16:30:00+09:00,J4,976,943,1919
2020-01-10T16:30:00+09:00,J5,570,599,1169
2020-01-10T16:45:00+09:00,J1,951,1093,2044
2020-01-10T16:45:00+09:00,J2,901,798,1699
2020-01-10T16:45:00+09:00,J3,1177,1000,2177
2020-01-10T16:45:00+09:00,J4,957,833,1790
2020-01-10T16:45:00+09:00,J5,593,561,1154
2020-01-10T17:00:00+09:00,J1,1018,1115,2133
2020-01-10T17:00:00+09:00,J2,939,845,1784
2020-01-10T17:00:00+09:00,J3,1364,1089,2453
2020-01-10T17:00:00+09:00,J4,1025,899,1924
2020-01-10T17:00:00+09:00,J5,620,665,1285
2020-01-10T17:15:00+09:00,J1,1115,1198,2313
2020-01-10T17:15:00+09:00,J2,1082,875,1957
2020-01-10T17:15:00+09:00,J3,1430,1129,2559
2020-01-10T17:15:00+09:00,J4,1020,895,1915
2020-01-10T17:15:00+09:00,J5,653,623,1276
2020-01-10T17:30:00+09:00,J1,1112,1239,2351
2020-01-10T17:30:00+09:00,J2,1127,899,2026
2020-01-10T17:30:00+09:00,J3,1390,1133,2523
2020-01-10T17:30:00+09:00,J4,1011,977,1988
2020-01-10T17:30:00+09:00,J5,650,601,1251
2020-01-10T17:45:00+09:00,J1,1058,1208,2266
2020-01-10T17:45:00+09:00,J2,1064,891,1955
2020-01-10T17:45:00+09:00,J3,1532,1102,2634
2020-01-10T17:45:00+09:00,J4,1125,1013,2138
2020-01-10T17:45:00+09:00,J5,693,672,1365
2020-01-10T18:00:00+09:00,J1,1124,1242,2366
2020-01-10T18:00:00+09:00,J2,1020,842,1862
2020-01-10T18:00:00+09:00,J3,1570,1122,2692
2020-01-10T18:00:00+09:00,J4,1208,957,2165
2020-01-10T18:00:00+09:00,J5,719,679,1398
2020-01-10T18:15:00+09:00,J1,1178,1166,2344
2020-01-10T18:15:00+09:00,J2,1044,809,1853
2020-01-10T18:15:00+09:00,J3,1610,1150,2760
2020-01-10T18:15:00+09:00,J4,1219,997,2216
2020-01-10T18:15:00+09:00,J5,760,816,1576
2020-01-10T18:30:00+09:00,J1,1092,1189,2281
2020-01-10T18:30:00+09:00,J2,1068,803,1871
2020-01-10T18:30:00+09:00,J3,1394,1046,2440
2020-01-10T18:30:00+09:00,J4,938,898,1836
2020-01-10T18:30:00+09:00,J5,672,766,1438
2020-01-10T18:45:00+09:00,J1,1128,1223,2351
2020-01-10T18:45:00+09:00,J2,1024,812,1836
2020-01-10T18:45:00+09:00,J3,1180,914,2094
2020-01-10T18:45:00+09:00,J4,815,790,1605
2020-01-10T18:45:00+09:00,J5,718,719,1437
2020-01-10T19:00:00+09:00,J1,971,1102,2073
2020-01-10T19:00:00+09:00,J2,917,762,1679
2020-01-10T19:00:00+09:00,J3,1143,818,1961
2020-01-10T19:00:00+09:00,J4,903,823,1726
2020-01-10T19:00:00+09:00,J5,643,726,1369
2020-01-10T19:15:00+09:00,J1,965,1210,2175
2020-01-10T19:15:00+09:00,J2,790,719,1509
2020-01-10T19:15:00+09:00,J3,1168,985,2153
2020-01-10T19:15:00+09:00,J4,901,802,1703
2020-01-10T19:15:00+09:00,J5,604,763,1367
2020-01-10T19:30:00+09:00,J1,978,1201,2179
2020-01-10T19:30:00+09:00,J2,756,670,1426
2020-01-10T19:30:00+09:00,J3,1042,842,1884
2020-01-10T19:30:00+09:00,J4,755,788,1543
2020-01-10T19:30:00+09:00,J5,614,693,1307
2020-01-10T19:45:00+09:00,J1,1042,1079,2121
2020-01-10T19:45:00+09:00,J2,628,562,1190
2020-01-10T19:45:00+09:00,J3,1001,828,1829
2020-01-10T19:45:00+09:00,J4,718,773,1491
2020-01-10T19:45:00+09:00,J5,531,560,1091
2020-01-10T20:00:00+09:00,J1,1004,1201,2205
2020-01-10T20:00:00+09:00,J2,604,645,1249
2020-01-10T20:00:00+09:00,J3,986,795,1781
2020-01-10T20:00:00+09:00,J4,747,733,1480
2020-01-10T20:00:00+09:00,J5,565,643,1208
2020-01-10T20:15:00+09:00,J1,972,1137,2109
2020-01-10T20:15:00+09:00,J2,617,661,1278
2020-01-10T20:15:00+09:00,J3,975,859,1834
2020-01-10T20:15:00+09:00,J4,797,812,1609
2020-01-10T20:15:00+09:00,J5,525,629,1154
2020-01-10T20:30:00+09:00,J1,982,1157,2139
2020-01-10T20:30:00+09:00,J2,558,585,1143
2020-01-10T20:30:00+09:00,J3,945,806,1751
2020-01-10T20:30:00+09:00,J4,711,699,1410
2020-01-10T20:30:00+09:00,J5,481,575,1056
2020-01-10T20:45:00+09:00,J1,1026,1078,2104
2020-01-10T20:45:00+09:00,J2,684,618,1302
2020-01-10T20:45:00+09:00,J3,861,763,1624
2020-01-10T20:45:00+09:00,J4,701,612,1313
2020-01-10T20:45:00+09:00,J5,510,567,1077
2020-01-10T21:00:00+09:00,J1,881,1063,1944
2020-01-10T21:00:00+09:00,J2,704,668,1372
2020-01-10T21:00:00+09:00,J3,1095,889,1984
2020-01-10T21:00:00+09:00,J4,673,684,1357
2020-01-10T21:00:00+09:00,J5,436,520,956
2020-01-10T21:15:00+09:00,J1,915,1088,2003
2020-01-10T21:15:00+09:00,J2,811,806,1617
2020-01-10T21:15:00+09:00,J3,1060,827,1887
2020-01-10T21:15:00+09:00,J4,736,800,1536
2020-01-10T21:15:00+09:00,J5,492,477,969
2020-01-10T21:30:00+09:00,J1,987,1119,2106
2020-01-10T21:30:00+09:00,J2,691,739,1430
2020-01-10T21:30:00+09:00,J3,1063,778,1841
2020-01-10T21:30:00+09:00,J4,702,725,1427
2020-01-10T21:30:00+09:00,J5,411,470,881
2020-01-10T21:45:00+09:00,J1,923,1146,2069
2020-01-10T21:45:00+09:00,J2,598,703,1301
2020-01-10T21:45:00+09:00,J3,1002,689,1691
2020-01-10T21:45:00+09:00,J4,686,718,1404
2020-01-10T21:45:00+09:00,J5,454,434,888
2020-01-10T22:00:00+09:00,J1,931,1125,2056
2020-01-10T22:00:00+09:00,J2,603,633,1236
2020-01-10T22:00:00+09:00,J3,1101,852,1953
2020-01-10T22:00:00+09:00,J4,753,700,1453
2020-01-10T22:00:00+09:00,J5,400,425,825
2020-01-10T22:15:00+09:00,J1,938,1073,2011
2020-01-10T22:15:00+09:00,J2,584,692,1276
2020-01-10T22:15:00+09:00,J3,876,710,1586
2020-01-10T22:15:00+09:00,J4,683,711,1394
2020-01-10T22:15:00+09:00,J5,395,399,794
2020-01-10T22:30:00+09:00,J1,939,1073,2012
2020-01-10T22:30:00+09:00,J2,671,723,1394
2020-01-10T22:30:00+09:00,J3,854,725,1579
2020-01-10T22:30:00+09:00,J4,631,644,1275
2020-01-10T22:30:00+09:00,J5,413,421,834
2020-01-10T22:45:00+09:00,J1,927,1004,1931
2020-01-10T22:45:00+09:00,J2,715,691,1406
2020-01-10T22:45:00+09:00,J3,839,704,1543
2020-01-10T22:45:00+09:00,J4,626,624,1250
2020-01-10T22:45:00+09:00,J5,410,393,803
2020-01-10T23:00:00+09:00,J1,949,1021,1970
2020-01-10T23:00:00+09:00,J2,674,688,1362
2020-01-10T23:00:00+09:00,J3,982,753,1735
2020-01-10T23:00:00+09:00,J4,662,616,1278
2020-01-10T23:00:00+09:00,J5,409,392,801
2020-01-10T23:15:00+09:00,J1,917,1044,1961
2020-01-10T23:15:00+09:00,J2,681,666,1347
2020-01-10T23:15:00+09:00,J3,846,774,1620
2020-01-10T23:15:00+09:00,J4,687,761,1448
2020-01-10T23:15:00+09:00,J5,412,384,796
2020-01-10T23:30:00+09:00,J1,855,940,1795
2020-01-10T23:30:00+09:00,J2,606,716,1322
2020-01-10T23:30:00+09:00,J3,801,657,1458
2020-01-10T23:30:00+09:00,J4,582,605,1187
2020-01-10T23:30:00+09:00,J5,415,417,832
2020-01-10T23:45:00+09:00,J1,852,977,1829
2020-01-10T23:45:00+09:00,J2,659,709,1368
2020-01-10T23:45:00+09:00,J3,825,634,1459
2020-01-10T23:45:00+09:00,J4,537,503,1040
2020-01-10T23:45:00+09:00,J5,462,406,868
2020-01-11T00:00:00+09:00,J1,690,837,1527
2020-01-11T00:00:00+09:00,J2,683,727,1410
2020-01-11T00:00:00+09:00,J3,633,568,1201
2020-01-11T00:00:00+09:00,J4,481,416,897
2020-01-11T00:00:00+09:00,J5,567,472,1039
2020-01-11T00:15:00+09:00,J1,594,627,1221
2020-01-11T00:15:00+09:00,J2,626,657,1283
2020-01-11T00:15:00+09:00,J3,858,740,1598
2020-01-11T00:15:00+09:00,J4,354,407,761
2020-01-11T00:15:00+09:00,J5,647,548,1195
2020-01-11T00:30:00+09:00,J1,517,548,1065
2020-01-11T00:30:00+09:00,J2,703,712,1415
2020-01-11T00:30:00+09:00,J3,853,724,1577
2020-01-11T00:30:00+09:00,J4,535,526,1061
2020-01-11T00:30:00+09:00,J5,588,508,1096
2020-01-11T00:45:00+09:00,J1,535,511,1046
2020-01-11T00:45:00+09:00,J2,744,720,1464
2020-01-11T00:45:00+09:00,J3,905,741,1646
2020-01-11T00:45:00+09:00,J4,431,475,906
2020-01-11T00:45:00+09:00,J5,505,501,1006
2020-01-11T05:45:00+09:00,J1,492,523,1015
2020-01-11T05:45:00+09:00,J2,475,565,1040
2020-01-11T05:45:00+09:00,J3,634,519,1153
2020-01-11T05:45:00+09:00,J4,863,814,1677
2020-01-11T05:45:00+09:00,J5,448,482,930
2020-01-11T06:00:00+09:00,J1,586,630,1216
2020-01-11T06:00:00+09:00,J2,521,542,1063
2020-01-11T06:00:00+09:00,J3,569,519,1088
2020-01-11T06:00:00+09:00,J4,893,777,1670
2020-01-11T06:00:00+09:00,J5,591,590,1181
2020-01-11T06:15:00+09:00,J1,699,731,1430
2020-01-11T06:15:00+09:00,J2,657,715,1372
2020-01-11T06:15:00+09:00,J3,745,602,1347
2020-01-11T06:15:00+09:00,J4,856,749,1605
2020-01-11T06:15:00+09:00,J5,601,563,1164
2020-01-11T06:30:00+09:00,J1,717,722,1439
2020-01-11T06:30:00+09:00,J2,538,641,1179
2020-01-11T06:30:00+09:00,J3,720,548,1268
2020-01-11T06:30:00+09:00,J4,792,772,1564
2020-01-11T06:30:00+09:00,J5,553,513,1066
2020-01-11T06:45:00+09:00,J1,759,772,1531
2020-01-11T06:45:00+09:00,J2,567,558,1125
2020-01-11T06:45:00+09:00,J3,974,795,1769
2020-01-11T06:45:00+09:00,J4,853,757,1610
2020-01-11T06:45:00+09:00,J5,532,506,1038
2020-01-11T07:00:00+09:00,J1,761,845,1606
2020-01-11T07:00:00+09:00,J2,698,734,1432
2020-01-11T07:00:00+09:00,J3,898,762,1660
2020-01-11T07:00:00+09:00,J4,875,704,1579
2020-01-11T07:00:00+09:00,J5,562,490,1052
2020-01-11T07:15:00+09:00,J1,811,826,1637
2020-01-11T07:15:00+09:00,J2,784,673,1457
2020-01-11T07:15:00+09:00,J3,967,813,1780
2020-01-11T07:15:00+09:00,J4,882,815,1697
2020-01-11T07:15:00+09:00,J5,591,486,1077
2020-01-11T07:30:00+09:00,J1,796,910,1706
2020-01-11T07:30:00+09:00,J2,720,700,1420
2020-01-11T07:30:00+09:00,J3,959,822,1781
2020-01-11T07:30:00+09:00,J4,903,872,1775
2020-01-11T07:30:00+09:00,J5,662,619,1281
2020-01-11T07:45:00+09:00,J1,856,877,1733
2020-01-11T07:45:00+09:00,J2,692,742,1434
2020-01-11T07:45:00+09:00,J3,953,811,1764
2020-01-11T07:45:00+09:00,J4,844,834,1678
2020-01-11T07:45:00+09:00,J5,667,644,1311
2020-01-11T08:00:00+09:00,J1,977,1106,2083
2020-01-11T08:00:00+09:00,J2,763,779,1542
2020-01-11T08:00:00+09:00,J3,1115,991,2106
2020-01-11T08:00:00+09:00,J4,882,975,1857
2020-01-11T08:00:00+09:00,J5,586,572,1158
2020-01-11T08:15:00+09:00,J1,1113,1190,2303
2020-01-11T08:15:00+09:00,J2,856,741,1597
2020-01-11T08:15:00+09:00,J3,1064,999,2063
2020-01-11T08:15:00+09:00,J4,804,883,1687
2020-01-11T08:15:00+09:00,J5,647,629,1276
2020-01-11T08:30:00+09:00,J1,986,1159,2145
2020-01-11T08:30:00+09:00,J2,807,719,1526
2020-01-11T08:30:00+09:00,J3,1220,1022,2242
2020-01-11T08:30:00+09:00,J4,720,873,1593
2020-01-11T08:30:00+09:00,J5,593,606,1199
2020-01-11T08:45:00+09:00,J1,1035,1074,2109
2020-01-11T08:45:00+09:00,J2,708,698,1406
2020-01-11T08:45:00+09:00,J3,1267,989,2256
2020-01-11T08:45:00+09:00,J4,827,915,1742
2020-01-11T08:45:00+09:00,J5,555,504,1059
2020-01-11T09:00:00+09:00,J1,1100,1127,2227
2020-01-11T09:00:00+09:00,J2,990,995,1985
2020-01-11T09:00:00+09:00,J3,1003,1009,2012
2020-01-11T09:00:00+09:00,J4,738,799,1537
2020-01-11T09:00:00+09:00,J5,482,521,1003
2020-01-11T09:15:00+09:00,J1,1109,1081,2190
2020-01-11T09:15:00+09:00,J2,1110,987,2097
2020-01-11T09:15:00+09:00,J3,898,949,1847
2020-01-11T09:15:00+09:00,J4,819,831,1650
2020-01-11T09:15:00+09:00,J5,479,544,1023
2020-01-11T09:30:00+09:00,J1,1070,1072,2142
2020-01-11T09:30:00+09:00,J2,1080,839,1919
2020-01-11T09:30:00+09:00,J3,953,882,1835
2020-01-11T09:30:00+09:00,J4,842,967,1809
2020-01-11T09:30:00+09:00,J5,462,588,1050
2020-01-11T09:45:00+09:00,J1,1095,1102,2197
2020-01-11T09:45:00+09:00,J2,896,734,1630
2020-01-11T09:45:00+09:00,J3,979,828,1807
2020-01-11T09:45:00+09:00,J4,841,782,1623
2020-01-11T09:45:00+09:00,J5,479,589,1068
2020-01-11T10:00:00+09:00,J1,1039,1108,2147
2020-01-11T10:00:00+09:00,J2,723,671,1394
2020-01-11T10:00:00+09:00,J3,832,719,1551
2020-01-11T10:00:00+09:00,J4,788,787,1575
2020-01-11T10:00:00+09:00,J5,389,464,853
2020-01-11T10:15:00+09:00,J1,1120,1200,2320
2020-01-11T10:15:00+09:00,J2,646,629,1275
2020-01-11T10:15:00+09:00,J3,856,866,1722
2020-01-11T10:15:00+09:00,J4,695,882,1577
2020-01-11T10:15:00+09:00,J5,402,463,865
2020-01-11T10:30:00+09:00,J1,1140,1056,2196
2020-01-11T10:30:00+09:00,J2,651,695,1346
2020-01-11T10:30:00+09:00,J3,938,882,1820
2020-01-11T10:30:00+09:00,J4,727,829,1556
2020-01-11T10:30:00+09:00,J5,427,501,928
2020-01-11T10:45:00+09:00,J1,1079,1109,2188
2020-01-11T10:45:00+09:00,J2,736,597,1333
2020-01-11T10:45:00+09:00,J3,983,1028,2011
2020-01-11T10:45:00+09:00,J4,680,781,1461
2020-01-11T10:45:00+09:00,J5,428,483,911
2020-01-11T11:00:00+09:00,J1,1037,1176,2213
2020-01-11T11:00:00+09:00,J2,776,585,1361
2020-01-11T11:00:00+09:00,J3,1153,957,2110
2020-01-11T11:00:00+09:00,J4,666,786,1452
2020-01-11T11:00:00+09:00,J5,505,556,1061
2020-01-11T11:15:00+09:00,J1,1003,1160,2163
2020-01-11T11:15:00+09:00,J2,776,615,1391
2020-01-11T11:15:00+09:00,J3,1188,1058,2246
2020-01-11T11:15:00+09:00,J4,662,794,1456
2020-01-11T11:15:00+09:00,J5,451,360,811
2020-01-11T11:30:00+09:00,J1,1008,1134,2142
2020-01-11T11:30:00+09:00,J2,789,656,1445
2020-01-11T11:30:00+09:00,J3,1198,1122,2320
2020-01-11T11:30:00+09:00,J4,671,753,1424
2020-01-11T11:30:00+09:00,J5,413,357,770
2020-01-11T11:45:00+09:00,J1,949,1123,2072
2020-01-11T11:45:00+09:00,J2,713,612,1325
2020-01-11T11:45:00+09:00,J3,1153,1037,2190
2020-01-11T11:45:00+09:00,J4,652,653,1305
2020-01-11T11:45:00+09:00,J5,382,362,744
2020-01-11T12:00:00+09:00,J1,1012,1205,2217
2020-01-11T12:00:00+09:00,J2,668,606,1274
2020-01-11T12:00:00+09:00,J3,1046,1039,2085
2020-01-11T12:00:00+09:00,J4,645,657,1302
2020-01-11T12:00:00+09:00,J5,379,331,710
2020-01-11T12:15:00+09:00,J1,1006,1220,2226
2020-01-11T12:15:00+09:00,J2,677,612,1289
2020-01-11T12:15:00+09:00,J3,1143,1001,2144
2020-01-11T12:15:00+09:00,J4,653,720,1373
2020-01-11T12:15:00+09:00,J5,529,449,978
2020-01-11T12:30:00+09:00,J1,982,1026,2008
2020-01-11T12:30:00+09:00,J2,759,676,1435
2020-01-11T12:30:00+09:00,J3,1003,816,1819
2020-01-11T12:30:00+09:00,J4,599,725,1324
2020-01-11T12:30:00+09:00,J5,538,537,1075
2020-01-11T12:45:00+09:00,J1,949,1142,2091
2020-01-11T12:45:00+09:00,J2,753,667,1420
2020-01-11T12:45:00+09:00,J3,999,812,1811
2020-01-11T12:45:00+09:00,J4,602,702,1304
2020-01-11T12:45:00+09:00,J5,552,639,1191
2020-01-11T13:00:00+09:00,J1,922,1137,2059
2020-01-11T13:00:00+09:00,J2,810,660,1470
2020-01-11T13:00:00+09:00,J3,1005,883,1888
2020-01-11T13:00:00+09:00,J4,750,746,1496
2020-01-11T13:00:00+09:00,J5,535,685,1220
2020-01-11T13:15:00+09:00,J1,918,1147,2065
2020-01-11T13:15:00+09:00,J2,909,685,1594
2020-01-11T13:15:00+09:00,J3,924,840,1764
2020-01-11T13:15:00+09:00,J4,800,781,1581
2020-01-11T13:15:00+09:00,J5,561,638,1199
2020-01-11T13:30:00+09:00,J1,854,1106,1960
2020-01-11T13:30:00+09:00,J2,1017,655,1672
2020-01-11T13:30:00+09:00,J3,929,855,1784
2020-01-11T13:30:00+09:00,J4,854,781,1635
2020-01-11T13:30:00+09:00,J5,595,639,1234
2020-01-11T13:45:00+09:00,J1,883,1152,2035
2020-01-11T13:45:00+09:00,J2,869,771,1640
2020-01-11T13:45:00+09:00,J3,927,921,1848
2020-01-11T13:45:00+09:00,J4,886,848,1734
2020-01-11T13:45:00+09:00,J5,593,663,1256
2020-01-11T14:00:00+09:00,J1,907,1141,2048
2020-01-11T14:00:00+09:00,J2,973,784,1757
2020-01-11T14:00:00+09:00,J3,933,926,1859
2020-01-11T14:00:00+09:00,J4,904,847,1751
2020-01-11T14:00:00+09:00,J5,576,584,1160
2020-01-11T14:15:00+09:00,J1,986,1102,2088
2020-01-11T14:15:00+09:00,J2,949,748,1697
2020-01-11T14:15:00+09:00,J3,1038,1085,2123
2020-01-11T14:15:00+09:00,J4,862,854,1716
2020-01-11T14:15:00+09:00,J5,614,648,1262
2020-01-11T14:30:00+09:00,J1,976,1207,2183
2020-01-11T14:30:00+09:00,J2,1000,750,1750
2020-01-11T14:30:00+09:00,J3,1039,1008,2047
2020-01-11T14:30:00+09:00,J4,873,840,1713
2020-01-11T14:30:00+09:00,J5,638,592,1230
2020-01-11T14:45:00+09:00,J1,903,1188,2091
2020-01-11T14:45:00+09:00,J2,975,791,1766
2020-01-11T14:45:00+09:00,J3,979,1037,2016
2020-01-11T14:45:00+09:00,J4,853,852,1705
2020-01-11T14:45:00+09:00,J5,544,681,1225
2020-01-11T15:00:00+09:00,J1,998,1124,2122
2020-01-11T15:00:00+09:00,J2,934,701,1635
2020-01-11T15:00:00+09:00,J3,968,911,1879
2020-01-11T15:00:00+09:00,J4,876,901,1777
2020-01-11T15:00:00+09:00,J5,473,556,1029
2020-01-11T15:15:00+09:00,J1,956,1158,2114
2020-01-11T15:15:00+09:00,J2,988,762,1750
2020-01-11T15:15:00+09:00,J3,999,1007,2006
2020-01-11T15:15:00+09:00,J4,909,898,1807
2020-01-11T15:15:00+09:00,J5,509,616,1125
2020-01-11T15:30:00+09:00,J1,966,1137,2103
2020-01-11T15:30:00+09:00,J2,937,695,1632
2020-01-11T15:30:00+09:00,J3,1014,989,2003
2020-01-11T15:30:00+09:00,J4,974,968,1942
2020-01-11T15:30:00+09:00,J5,534,606,1140
2020-01-11T15:45:00+09:00,J1,962,1152,2114
2020-01-11T15:45:00+09:00,J2,1038,739,1777
2020-01-11T15:45:00+09:00,J3,1065,1025,2090
2020-01-11T15:45:00+09:00,J4,859,943,1802
2020-01-11T15:45:00+09:00,J5,551,640,1191
2020-01-11T16:00:00+09:00,J1,918,1206,2124
2020-01-11T16:00:00+09:00,J2,1040,777,1817
2020-01-11T16:00:00+09:00,J3,1214,1176,2390
2020-01-11T16:00:00+09:00,J4,909,881,1790
2020-01-11T16:00:00+09:00,J5,583,763,1346
2020-01-11T16:15:00+09:00,J1,924,1169,2093
2020-01-11T16:15:00+09:00,J2,1021,843,1864
2020-01-11T16:15:00+09:00,J3,1277,1112,2389
2020-01-11T16:15:00+09:00,J4,848,912,1760
2020-01-11T16:15:00+09:00,J5,536,653,1189
2020-01-11T16:30:00+09:00,J1,910,1148,2058
2020-01-11T16:30:00+09:00,J2,999,928,1927
2020-01-11T16:30:00+09:00,J3,1240,1062,2302
2020-01-11T16:30:00+09:00,J4,991,916,1907
2020-01-11T16:30:00+09:00,J5,560,585,1145
2020-01-11T16:45:00+09:00,J1,973,1118,2091
2020-01-11T16:45:00+09:00,J2,1050,924,1974
2020-01-11T16:45:00+09:00,J3,1309,1072,2381
2020-01-11T16:45:00+09:00,J4,972,990,1962
2020-01-11T16:45:00+09:00,J5,527,673,1200
2020-01-11T17:00:00+09:00,J1,1028,1141,2169
2020-01-11T17:00:00+09:00,J2,1036,1016,2052
2020-01-11T17:00:00+09:00,J3,1502,1133,2635
2020-01-11T17:00:00+09:00,J4,1110,991,2101
2020-01-11T17:00:00+09:00,J5,576,660,1236
2020-01-11T17:15:00+09:00,J1,1034,1238,2272
2020-01-11T17:15:00+09:00,J2,1138,988,2126
2020-01-11T17:15:00+09:00,J3,1490,1211,2701
2020-01-11T17:15:00+09:00,J4,1071,950,2021
2020-01-11T17:15:00+09:00,J5,574,724,1298
2020-01-11T17:30:00+09:00,J1,1055,1196,2251
2020-01-11T17:30:00+09:00,J2,1114,866,1980
2020-01-11T17:30:00+09:00,J3,1422,1101,2523
2020-01-11T17:30:00+09:00,J4,1024,929,1953
2020-01-11T17:30:00+09:00,J5,589,725,1314
2020-01-11T17:45:00+09:00,J1,961,1198,2159
2020-01-11T17:45:00+09:00,J2,1192,802,1994
2020-01-11T17:45:00+09:00,J3,1416,1221,2637
2020-01-11T17:45:00+09:00,J4,1052,883,1935
2020-01-11T17:45:00+09:00,J5,615,696,1311
2020-01-11T18:00:00+09:00,J1,1062,1238,2300
2020-01-11T18:00:00+09:00,J2,1194,727,1921
2020-01-11T18:00:00+09:00,J3,1387,1297,2684
2020-01-11T18:00:00+09:00,J4,774,752,1526
2020-01-11T18:00:00+09:00,J5,639,721,1360
2020-01-11T18:15:00+09:00,J1,1090,1205,2295
2020-01-11T18:15:00+09:00,J2,965,736,1701
2020-01-11T18:15:00+09:00,J3,1263,1099,2362
2020-01-11T18:15:00+09:00,J4,793,768,1561
2020-01-11T18:15:00+09:00,J5,583,724,1307
2020-01-11T18:30:00+09:00,J1,1126,1225,2351
2020-01-11T18:30:00+09:00,J2,913,724,1637
2020-01-11T18:30:00+09:00,J3,1191,1063,2254
2020-01-11T18:30:00+09:00,J4,937,891,1828
2020-01-11T18:30:00+09:00,J5,584,660,1244
2020-01-11T18:45:00+09:00,J1,1081,1229,2310
2020-01-11T18:45:00+09:00,J2,878,624,1502
2020-01-11T18:45:00+09:00,J3,1157,976,2133
2020-01-11T18:45:00+09:00,J4,995,996,1991
2020-01-11T18:45:00+09:00,J5,551,598,1149
2020-01-11T19:00:00+09:00,J1,1039,1150,2189
2020-01-11T19:00:00+09:00,J2,813,601,1414
2020-01-11T19:00:00+09:00,J3,1078,974,2052
2020-01-11T19:00:00+09:00,J4,1053,908,1961
2020-01-11T19:00:00+09:00,J5,469,658,1127
2020-01-11T19:15:00+09:00,J1,1029,1092,2121
2020-01-11T19:15:00+09:00,J2,777,734,1511
2020-01-11T19:15:00+09:00,J3,1094,1002,2096
2020-01-11T19:15:00+09:00,J4,1077,1054,2131
2020-01-11T19:15:00+09:00,J5,507,613,1120
2020-01-11T19:30:00+09:00,J1,996,1106,2102
2020-01-11T19:30:00+09:00,J2,722,610,1332
2020-01-11T19:30:00+09:00,J3,980,865,1845
2020-01-11T19:30:00+09:00,J4,893,903,1796
2020-01-11T19:30:00+09:00,J5,475,526,1001
2020-01-11T19:45:00+09:00,J1,928,1059,1987
2020-01-11T19:45:00+09:00,J2,580,504,1084
2020-01-11T19:45:00+09:00,J3,832,815,1647
2020-01-11T19:45:00+09:00,J4,923,976,1899
2020-01-11T19:45:00+09:00,J5,363,444,807
2020-01-11T20:00:00+09:00,J1,958,1069,2027
2020-01-11T20:00:00+09:00,J2,600,518,1118
2020-01-11T20:00:00+09:00,J3,867,760,1627
2020-01-11T20:00:00+09:00,J4,924,966,1890
2020-01-11T20:00:00+09:00,J5,432,479,911
2020-01-11T20:15:00+09:00,J1,952,1095,2047
2020-01-11T20:15:00+09:00,J2,646,616,1262
2020-01-11T20:15:00+09:00,J3,937,878,1815
2020-01-11T20:15:00+09:00,J4,971,912,1883
2020-01-11T20:15:00+09:00,J5,455,465,920
2020-01-11T20:30:00+09:00,J1,987,1102,2089
2020-01-11T20:30:00+09:00,J2,743,759,1502
2020-01-11T20:30:00+09:00,J3,928,911,1839
2020-01-11T20:30:00+09:00,J4,1023,944,1967
2020-01-11T20:30:00+09:00,J5,430,515,945
2020-01-11T20:45:00+09:00,J1,1035,1077,2112
2020-01-11T20:45:00+09:00,J2,565,563,1128
2020-01-11T20:45:00+09:00,J3,840,807,1647
2020-01-11T20:45:00+09:00,J4,968,975,1943
2020-01-11T20:45:00+09:00,J5,410,464,874
2020-01-11T21:00:00+09:00,J1,870,991,1861
2020-01-11T21:00:00+09:00,J2,659,617,1276
2020-01-11T21:00:00+09:00,J3,977,873,1850
2020-01-11T21:00:00+09:00,J4,977,878,1855
2020-01-11T21:00:00+09:00,J5,408,423,831
2020-01-11T21:15:00+09:00,J1,823,1057,1880
2020-01-11T21:15:00+09:00,J2,627,705,1332
2020-01-11T21:15:00+09:00,J3,1050,861,1911
2020-01-11T21:15:00+09:00,J4,757,772,1529
2020-01-11T21:15:00+09:00,J5,361,458,819
2020-01-11T21:30:00+09:00,J1,911,998,1909
2020-01-11T21:30:00+09:00,J2,556,717,1273
2020-01-11T21:30:00+09:00,J3,996,916,1912
2020-01-11T21:30:00+09:00,J4,645,733,1378
2020-01-11T21:30:00+09:00,J5,372,327,699
2020-01-11T21:45:00+09:00,J1,834,974,1808
2020-01-11T21:45:00+09:00,J2,580,661,1241
2020-01-11T21:45:00+09:00,J3,1026,803,1829
2020-01-11T21:45:00+09:00,J4,620,749,1369
2020-01-11T21:45:00+09:00,J5,277,276,553
2020-01-11T22:00:00+09:00,J1,806,999,1805
2020-01-11T22:00:00+09:00,J2,562,605,1167
2020-01-11T22:00:00+09:00,J3,979,751,1730
2020-01-11T22:00:00+09:00,J4,621,782,1403
2020-01-11T22:00:00+09:00,J5,316,313,629
2020-01-11T22:15:00+09:00,J1,867,991,1858
2020-01-11T22:15:00+09:00,J2,530,576,1106
2020-01-11T22:15:00+09:00,J3,1001,847,1848
2020-01-11T22:15:00+09:00,J4,587,740,1327
2020-01-11T22:15:00+09:00,J5,394,359,753
2020-01-11T22:30:00+09:00,J1,832,1039,1871
2020-01-11T22:30:00+09:00,J2,571,625,1196
2020-01-11T22:30:00+09:00,J3,1035,727,1762
2020-01-11T22:30:00+09:00,J4,614,855,1469
2020-01-11T22:30:00+09:00,J5,300,309,609
2020-01-11T22:45:00+09:00,J1,781,1001,1782
2020-01-11T22:45:00+09:00,J2,579,643,1222
2020-01-11T22:45:00+09:00,J3,878,685,1563
2020-01-11T22:45:00+09:00,J4,665,784,1449
2020-01-11T22:45:00+09:00,J5,315,308,623
2020-01-11T23:00:00+09:00,J1,765,948,1713
2020-01-11T23:00:00+09:00,J2,504,584,1088
2020-01-11T23:00:00+09:00,J3,809,691,1500
2020-01-11T23:00:00+09:00,J4,598,780,1378
2020-01-11T23:00:00+09:00,J5,316,307,623
2020-01-11T23:15:00+09:00,J1,801,947,1748
2020-01-11T23:15:00+09:00,J2,537,672,1209
2020-01-11T23:15:00+09:00,J3,911,770,1681
2020-01-11T23:15:00+09:00,J4,623,727,1350
2020-01-11T23:15:00+09:00,J5,325,319,644
2020-01-11T23:30:00+09:00,J1,778,910,1688
2020-01-11T23:30:00+09:00,J2,545,646,1191
2020-01-11T23:30:00+09:00,J3,879,687,1566
2020-01-11T23:30:00+09:00,J4,524,692,1216
2020-01-11T23:30:00+09:00,J5,336,335,671
2020-01-11T23:45:00+09:00,J1,799,932,1731
2020-01-11T23:45:00+09:00,J2,496,544,1040
2020-01-11T23:45:00+09:00,J3,940,732,1672
2020-01-11T23:45:00+09:00,J4,534,719,1253
2020-01-11T23:45:00+09:00,J5,280,309,589
2020-01-12T00:00:00+09:00,J1,704,717,1421
2020-01-12T00:00:00+09:00,J2,543,535,1078
2020-01-12T00:00:00+09:00,J3,880,676,1556
2020-01-12T00:00:00+09:00,J4,649,726,1375
2020-01-12T00:00:00+09:00,J5,342,361,703
2020-01-12T00:15:00+09:00,J1,653,601,1254
2020-01-12T00:15:00+09:00,J2,534,497,1031
2020-01-12T00:15:00+09:00,J3,606,503,1109
2020-01-12T00:15:00+09:00,J4,415,523,938
2020-01-12T00:15:00+09:00,J5,429,431,860
2020-01-12T00:30:00+09:00,J1,511,459,970
2020-01-12T00:30:00+09:00,J2,537,516,1053
2020-01-12T00:30:00+09:00,J3,623,553,1176
2020-01-12T00:30:00+09:00,J4,426,472,898
2020-01-12T00:30:00+09:00,J5,464,522,986
2020-01-12T00:45:00+09:00,J1,540,427,967
2020-01-12T00:45:00+09:00,J2,476,482,958
2020-01-12T00:45:00+09:00,J3,638,506,1144
2020-01-12T00:45:00+09:00,J4,423,434,857
2020-01-12T00:45:00+09:00,J5,497,539,1036
2020-01-12T05:45:00+09:00,J1,613,672,1285
2020-01-12T05:45:00+09:00,J2,695,740,1435
2020-01-12T05:45:00+09:00,J3,933,771,1704
2020-01-12T05:45:00+09:00,J4,816,743,1559
2020-01-12T05:45:00+09:00,J5,554,519,1073
2020-01-12T06:00:00+09:00,J1,566,694,1260
2020-01-12T06:00:00+09:00,J2,746,679,1425
2020-01-12T06:00:00+09:00,J3,969,854,1823
2020-01-12T06:00:00+09:00,J4,796,731,1527
2020-01-12T06:00:00+09:00,J5,586,555,1141
2020-01-12T06:15:00+09:00,J1,643,828,1471
2020-01-12T06:15:00+09:00,J2,743,698,1441
2020-01-12T06:15:00+09:00,J3,890,894,1784
2020-01-12T06:15:00+09:00,J4,833,789,1622
2020-01-12T06:15:00+09:00,J5,522,511,1033
2020-01-12T06:30:00+09:00,J1,743,805,1548
2020-01-12T06:30:00+09:00,J2,762,681,1443
2020-01-12T06:30:00+09:00,J3,836,903,1739
2020-01-12T06:30:00+09:00,J4,658,682,1340
2020-01-12T06:30:00+09:00,J5,554,497,1051
2020-01-12T06:45:00+09:00,J1,826,839,1665
2020-01-12T06:45:00+09:00,J2,819,748,1567
2020-01-12T06:45:00+09:00,J3,941,820,1761
2020-01-12T06:45:00+09:00,J4,689,709,1398
2020-01-12T06:45:00+09:00,J5,594,534,1128
2020-01-12T07:00:00+09:00,J1,854,842,1696
2020-01-12T07:00:00+09:00,J2,701,662,1363
2020-01-12T07:00:00+09:00,J3,949,837,1786
2020-01-12T07:00:00+09:00,J4,746,693,1439
2020-01-12T07:00:00+09:00,J5,597,502,1099
2020-01-12T07:15:00+09:00,J1,819,810,1629
2020-01-12T07:15:00+09:00,J2,632,643,1275
2020-01-12T07:15:00+09:00,J3,886,827,1713
2020-01-12T07:15:00+09:00,J4,747,748,1495
2020-01-12T07:15:00+09:00,J5,563,543,1106
2020-01-12T07:30:00+09:00,J1,792,913,1705
2020-01-12T07:30:00+09:00,J2,570,650,1220
2020-01-12T07:30:00+09:00,J3,923,849,1772
2020-01-12T07:30:00+09:00,J4,694,734,1428
2020-01-12T07:30:00+09:00,J5,534,501,1035
2020-01-12T07:45:00+09:00,J1,837,865,1702
2020-01-12T07:45:00+09:00,J2,607,693,1300
2020-01-12T07:45:00+09:00,J3,904,863,1767
2020-01-12T07:45:00+09:00,J4,670,785,1455
2020-01-12T07:45:00+09:00,J5,545,457,1002
2020-01-12T08:00:00+09:00,J1,900,911,1811
2020-01-12T08:00:00+09:00,J2,856,759,1615
2020-01-12T08:00:00+09:00,J3,842,791,1633
2020-01-12T08:00:00+09:00,J4,678,774,1452
2020-01-12T08:00:00+09:00,J5,502,495,997
2020-01-12T08:15:00+09:00,J1,995,1118,2113
2020-01-12T08:15:00+09:00,J2,731,715,1446
2020-01-12T08:15:00+09:00,J3,1169,999,2168
2020-01-12T08:15:00+09:00,J4,659,757,1416
2020-01-12T08:15:00+09:00,J5,490,582,1072
2020-01-12T08:30:00+09:00,J1,990,1070,2060
2020-01-12T08:30:00+09:00,J2,668,684,1352
2020-01-12T08:30:00+09:00,J3,1275,1083,2358
2020-01-12T08:30:00+09:00,J4,569,738,1307
2020-01-12T08:30:00+09:00,J5,547,591,1138
2020-01-12T08:45:00+09:00,J1,1065,1058,2123
2020-01-12T08:45:00+09:00,J2,793,715,1508
2020-01-12T08:45:00+09:00,J3,1168,1033,2201
2020-01-12T08:45:00+09:00,J4,602,684,1286
2020-01-12T08:45:00+09:00,J5,495,487,982
2020-01-12T09:00:00+09:00,J1,970,1026,1996
2020-01-12T09:00:00+09:00,J2,983,889,1872
2020-01-12T09:00:00+09:00,J3,927,968,1895
2020-01-12T09:00:00+09:00,J4,586,646,1232
2020-01-12T09:00:00+09:00,J5,490,543,1033
2020-01-12T09:15:00+09:00,J1,1005,1124,2129
2020-01-12T09:15:00+09:00,J2,804,744,1548
2020-01-12T09:15:00+09:00,J3,867,810,1677
2020-01-12T09:15:00+09:00,J4,607,736,1343
2020-01-12T09:15:00+09:00,J5,489,540,1029
2020-01-12T09:30:00+09:00,J1,1080,1134,2214
2020-01-12T09:30:00+09:00,J2,645,695,1340
2020-01-12T09:30:00+09:00,J3,926,831,1757
2020-01-12T09:30:00+09:00,J4,680,812,1492
2020-01-12T09:30:00+09:00,J5,481,488,969
2020-01-12T09:45:00+09:00,J1,1030,1169,2199
2020-01-12T09:45:00+09:00,J2,583,658,1241
2020-01-12T09:45:00+09:00,J3,954,1002,1956
2020-01-12T09:45:00+09:00,J4,726,767,1493
2020-01-12T09:45:00+09:00,J5,421,425,846
2020-01-12T10:00:00+09:00,J1,1065,1091,2156
2020-01-12T10:00:00+09:00,J2,603,598,1201
2020-01-12T10:00:00+09:00,J3,875,931,1806
2020-01-12T10:00:00+09:00,J4,691,816,1507
2020-01-12T10:00:00+09:00,J5,391,395,786
2020-01-12T10:15:00+09:00,J1,1057,1135,2192
2020-01-12T10:15:00+09:00,J2,540,459,999
2020-01-12T10:15:00+09:00,J3,902,900,1802
2020-01-12T10:15:00+09:00,J4,670,771,1441
2020-01-12T10:15:00+09:00,J5,403,399,802
2020-01-12T10:30:00+09:00,J1,1074,1101,2175
2020-01-12T10:30:00+09:00,J2,627,470,1097
2020-01-12T10:30:00+09:00,J3,972,950,1922
2020-01-12T10:30:00+09:00,J4,613,831,1444
2020-01-12T10:30:00+09:00,J5,429,421,850
2020-01-12T10:45:00+09:00,J1,1038,1157,2195
2020-01-12T10:45:00+09:00,J2,680,531,1211
2020-01-12T10:45:00+09:00,J3,976,943,1919
2020-01-12T10:45:00+09:00,J4,635,676,1311
2020-01-12T10:45:00+09:00,J5,463,493,956
2020-01-12T11:00:00+09:00,J1,1074,1157,2231
2020-01-12T11:00:00+09:00,J2,714,557,1271
2020-01-12T11:00:00+09:00,J3,1229,1098,2327
2020-01-12T11:00:00+09:00,J4,590,759,1349
2020-01-12T11:00:00+09:00,J5,493,483,976
2020-01-12T11:15:00+09:00,J1,1026,1200,2226
2020-01-12T11:15:00+09:00,J2,750,520,1270
2020-01-12T11:15:00+09:00,J3,1244,1195,2439
2020-01-12T11:15:00+09:00,J4,579,721,1300
2020-01-12T11:15:00+09:00,J5,445,407,852
2020-01-12T11:30:00+09:00,J1,1019,1231,2250
2020-01-12T11:30:00+09:00,J2,767,627,1394
2020-01-12T11:30:00+09:00,J3,1273,1206,2479
2020-01-12T11:30:00+09:00,J4,547,727,1274
2020-01-12T11:30:00+09:00,J5,357,327,684
2020-01-12T11:45:00+09:00,J1,1012,1230,2242
2020-01-12T11:45:00+09:00,J2,726,562,1288
2020-01-12T11:45:00+09:00,J3,1190,1163,2353
2020-01-12T11:45:00+09:00,J4,538,721,1259
2020-01-12T11:45:00+09:00,J5,358,336,694
2020-01-12T12:00:00+09:00,J1,1085,1214,2299
2020-01-12T12:00:00+09:00,J2,828,620,1448
2020-01-12T12:00:00+09:00,J3,1121,966,2087
2020-01-12T12:00:00+09:00,J4,656,738,1394
2020-01-12T12:00:00+09:00,J5,377,337,714
2020-01-12T12:15:00+09:00,J1,1068,1202,2270
2020-01-12T12:15:00+09:00,J2,703,595,1298
2020-01-12T12:15:00+09:00,J3,1094,872,1966
2020-01-12T12:15:00+09:00,J4,623,709,1332
2020-01-12T12:15:00+09:00,J5,465,476,941
2020-01-12T12:30:00+09:00,J1,905,1167,2072
2020-01-12T12:30:00+09:00,J2,685,596,1281
2020-01-12T12:30:00+09:00,J3,973,916,1889
2020-01-12T12:30:00+09:00,J4,663,762,1425
2020-01-12T12:30:00+09:00,J5,588,640,1228
2020-01-12T12:45:00+09:00,J1,935,1228,2163
2020-01-12T12:45:00+09:00,J2,875,695,1570
2020-01-12T12:45:00+09:00,J3,1084,1036,2120
2020-01-12T12:45:00+09:00,J4,773,716,1489
2020-01-12T12:45:00+09:00,J5,549,620,1169
2020-01-12T13:00:00+09:00,J1,896,1215,2111
2020-01-12T13:00:00+09:00,J2,906,777,1683
2020-01-12T13:00:00+09:00,J3,1016,995,2011
2020-01-12T13:00:00+09:00,J4,744,862,1606
2020-01-12T13:00:00+09:00,J5,541,618,1159
2020-01-12T13:15:00+09:00,J1,906,1189,2095
2020-01-12T13:15:00+09:00,J2,970,861,1831
2020-01-12T13:15:00+09:00,J3,1121,1094,2215
2020-01-12T13:15:00+09:00,J4,766,732,1498
2020-01-12T13:15:00+09:00,J5,587,617,1204
2020-01-12T13:30:00+09:00,J1,877,1224,2101
2020-01-12T13:30:00+09:00,J2,1069,866,1935
2020-01-12T13:30:00+09:00,J3,1047,1060,2107
2020-01-12T13:30:00+09:00,J4,757,758,1515
2020-01-12T13:30:00+09:00,J5,450,528,978
2020-01-12T13:45:00+09:00,J1,931,1137,2068
2020-01-12T13:45:00+09:00,J2,958,927,1885
2020-01-12T13:45:00+09:00,J3,1152,1073,2225
2020-01-12T13:45:00+09:00,J4,772,791,1563
2020-01-12T13:45:00+09:00,J5,441,477,918
2020-01-12T14:00:00+09:00,J1,904,1140,2044
2020-01-12T14:00:00+09:00,J2,1018,1054,2072
2020-01-12T14:00:00+09:00,J3,1051,1112,2163
2020-01-12T14:00:00+09:00,J4,712,805,1517
2020-01-12T14:00:00+09:00,J5,447,448,895
2020-01-12T14:15:00+09:00,J1,928,1201,2129
2020-01-12T14:15:00+09:00,J2,977,1014,1991
2020-01-12T14:15:00+09:00,J3,1046,1114,2160
2020-01-12T14:15:00+09:00,J4,832,842,1674
2020-01-12T14:15:00+09:00,J5,476,499,975
2020-01-12T14:30:00+09:00,J1,924,1177,2101
2020-01-12T14:30:00+09:00,J2,997,967,1964
2020-01-12T14:30:00+09:00,J3,1107,1104,2211
2020-01-12T14:30:00+09:00,J4,918,827,1745
2020-01-12T14:30:00+09:00,J5,477,614,1091
2020-01-12T14:45:00+09:00,J1,941,1172,2113
2020-01-12T14:45:00+09:00,J2,1005,956,1961
2020-01-12T14:45:00+09:00,J3,1042,1100,2142
2020-01-12T14:45:00+09:00,J4,999,925,1924
2020-01-12T14:45:00+09:00,J5,552,649,1201
2020-01-12T15:00:00+09:00,J1,955,1200,2155
2020-01-12T15:00:00+09:00,J2,1003,963,1966
2020-01-12T15:00:00+09:00,J3,1034,1179,2213
2020-01-12T15:00:00+09:00,J4,936,879,1815
2020-01-12T15:00:00+09:00,J5,571,645,1216
2020-01-12T15:15:00+09:00,J1,989,1170,2159
2020-01-12T15:15:00+09:00,J2,991,995,1986
2020-01-12T15:15:00+09:00,J3,1095,1166,2261
2020-01-12T15:15:00+09:00,J4,930,980,1910
2020-01-12T15:15:00+09:00,J5,559,657,1216
2020-01-12T15:30:00+09:00,J1,916,1187,2103
2020-01-12T15:30:00+09:00,J2,1062,1032,2094
2020-01-12T15:30:00+09:00,J3,1086,1145,2231
2020-01-12T15:30:00+09:00,J4,1010,1033,2043
2020-01-12T15:30:00+09:00,J5,542,686,1228
2020-01-12T15:45:00+09:00,J1,1020,1164,2184
2020-01-12T15:45:00+09:00,J2,989,1026,2015
2020-01-12T15:45:00+09:00,J3,989,1046,2035
2020-01-12T15:45:00+09:00,J4,1032,952,1984
2020-01-12T15:45:00+09:00,J5,556,688,1244
2020-01-12T16:00:00+09:00,J1,941,1274,2215
2020-01-12T16:00:00+09:00,J2,960,998,1958
2020-01-12T16:00:00+09:00,J3,1153,1063,2216
2020-01-12T16:00:00+09:00,J4,927,928,1855
2020-01-12T16:00:00+09:00,J5,570,654,1224
2020-01-12T16:15:00+09:00,J1,983,1237,2220
2020-01-12T16:15:00+09:00,J2,832,941,1773
2020-01-12T16:15:00+09:00,J3,1351,1107,2458
2020-01-12T16:15:00+09:00,J4,874,885,1759
2020-01-12T16:15:00+09:00,J5,556,563,1119
2020-01-12T16:30:00+09:00,J1,945,1240,2185
2020-01-12T16:30:00+09:00,J2,799,855,1654
2020-01-12T16:30:00+09:00,J3,1398,1203,2601
2020-01-12T16:30:00+09:00,J4,915,918,1833
2020-01-12T16:30:00+09:00,J5,553,598,1151
2020-01-12T16:45:00+09:00,J1,962,1165,2127
2020-01-12T16:45:00+09:00,J2,876,942,1818
2020-01-12T16:45:00+09:00,J3,1470,1205,2675
2020-01-12T16:45:00+09:00,J4,873,888,1761
2020-01-12T16:45:00+09:00,J5,535,557,1092
2020-01-12T17:00:00+09:00,J1,989,1193,2182
2020-01-12T17:00:00+09:00,J2,991,900,1891
2020-01-12T17:00:00+09:00,J3,1386,1218,2604
2020-01-12T17:00:00+09:00,J4,977,914,1891
2020-01-12T17:00:00+09:00,J5,519,570,1089
2020-01-12T17:15:00+09:00,J1,972,1201,2173
2020-01-12T17:15:00+09:00,J2,1091,840,1931
2020-01-12T17:15:00+09:00,J3,1480,1160,2640
2020-01-12T17:15:00+09:00,J4,894,928,1822
2020-01-12T17:15:00+09:00,J5,506,571,1077
2020-01-12T17:30:00+09:00,J1,1017,1200,2217
2020-01-12T17:30:00+09:00,J2,982,955,1937
2020-01-12T17:30:00+09:00,J3,1469,1119,2588
2020-01-12T17:30:00+09:00,J4,998,857,1855
2020-01-12T17:30:00+09:00,J5,488,536,1024
2020-01-12T17:45:00+09:00,J1,980,1166,2146
2020-01-12T17:45:00+09:00,J2,837,874,1711
2020-01-12T17:45:00+09:00,J3,1387,1118,2505
2020-01-12T17:45:00+09:00,J4,1055,924,1979
2020-01-12T17:45:00+09:00,J5,482,627,1109
2020-01-12T18:00:00+09:00,J1,1028,1277,2305
2020-01-12T18:00:00+09:00,J2,875,846,1721
2020-01-12T18:00:00+09:00,J3,1324,963,2287
2020-01-12T18:00:00+09:00,J4,953,832,1785
2020-01-12T18:00:00+09:00,J5,519,581,1100
2020-01-12T18:15:00+09:00,J1,1047,1206,2253
2020-01-12T18:15:00+09:00,J2,853,798,1651
2020-01-12T18:15:00+09:00,J3,1176,1067,2243
2020-01-12T18:15:00+09:00,J4,811,697,1508
2020-01-12T18:15:00+09:00,J5,514,552,1066
2020-01-12T18:30:00+09:00,J1,1115,1169,2284
2020-01-12T18:30:00+09:00,J2,798,785,1583
2020-01-12T18:30:00+09:00,J3,1068,922,1990
2020-01-12T18:30:00+09:00,J4,750,693,1443
2020-01-12T18:30:00+09:00,J5,631,655,1286
2020-01-12T18:45:00+09:00,J1,1056,1157,2213
2020-01-12T18:45:00+09:00,J2,743,727,1470
2020-01-12T18:45:00+09:00,J3,1029,828,1857
2020-01-12T18:45:00+09:00,J4,661,671,1332
2020-01-12T18:45:00+09:00,J5,499,582,1081
2020-01-12T19:00:00+09:00,J1,977,1142,2119
2020-01-12T19:00:00+09:00,J2,749,717,1466
2020-01-12T19:00:00+09:00,J3,1062,951,2013
2020-01-12T19:00:00+09:00,J4,628,650,1278
2020-01-12T19:00:00+09:00,J5,444,466,910
2020-01-12T19:15:00+09:00,J1,967,1084,2051
2020-01-12T19:15:00+09:00,J2,727,607,1334
2020-01-12T19:15:00+09:00,J3,1037,946,1983
2020-01-12T19:15:00+09:00,J4,664,711,1375
2020-01-12T19:15:00+09:00,J5,409,471,880
2020-01-12T19:30:00+09:00,J1,978,1088,2066
2020-01-12T19:30:00+09:00,J2,663,559,1222
2020-01-12T19:30:00+09:00,J3,940,828,1768
2020-01-12T19:30:00+09:00,J4,664,828,1492
2020-01-12T19:30:00+09:00,J5,389,393,782
2020-01-12T19:45:00+09:00,J1,918,1132,2050
2020-01-12T19:45:00+09:00,J2,581,516,1097
2020-01-12T19:45:00+09:00,J3,834,772,1606
2020-01-12T19:45:00+09:00,J4,675,702,1377
2020-01-12T19:45:00+09:00,J5,393,369,762
2020-01-12T20:00:00+09:00,J1,1030,1075,2105
2020-01-12T20:00:00+09:00,J2,540,466,1006
2020-01-12T20:00:00+09:00,J3,840,822,1662
2020-01-12T20:00:00+09:00,J4,631,763,1394
2020-01-12T20:00:00+09:00,J5,382,411,793
2020-01-12T20:15:00+09:00,J1,962,1104,2066
2020-01-12T20:15:00+09:00,J2,554,526,1080
2020-01-12T20:15:00+09:00,J3,975,936,1911
2020-01-12T20:15:00+09:00,J4,551,609,1160
2020-01-12T20:15:00+09:00,J5,448,468,916
2020-01-12T20:30:00+09:00,J1,905,1106,2011
2020-01-12T20:30:00+09:00,J2,563,480,1043
2020-01-12T20:30:00+09:00,J3,1010,891,1901
2020-01-12T20:30:00+09:00,J4,613,618,1231
2020-01-12T20:30:00+09:00,J5,377,399,776
2020-01-12T20:45:00+09:00,J1,994,1048,2042
2020-01-12T20:45:00+09:00,J2,487,471,958
2020-01-12T20:45:00+09:00,J3,931,900,1831
2020-01-12T20:45:00+09:00,J4,551,577,1128
2020-01-12T20:45:00+09:00,J5,398,393,791
2020-01-12T21:00:00+09:00,J1,889,1006,1895
2020-01-12T21:00:00+09:00,J2,619,598,1217
2020-01-12T21:00:00+09:00,J3,1021,886,1907
2020-01-12T21:00:00+09:00,J4,648,659,1307
2020-01-12T21:00:00+09:00,J5,385,414,799
2020-01-12T21:15:00+09:00,J1,865,1087,1952
2020-01-12T21:15:00+09:00,J2,502,593,1095
2020-01-12T21:15:00+09:00,J3,1032,824,1856
2020-01-12T21:15:00+09:00,J4,699,699,1398
2020-01-12T21:15:00+09:00,J5,366,373,739
2020-01-12T21:30:00+09:00,J1,851,998,1849
2020-01-12T21:30:00+09:00,J2,617,632,1249
2020-01-12T21:30:00+09:00,J3,1034,803,1837
2020-01-12T21:30:00+09:00,J4,674,795,1469
2020-01-12T21:30:00+09:00,J5,340,322,662
2020-01-12T21:45:00+09:00,J1,875,1047,1922
2020-01-12T21:45:00+09:00,J2,622,549,1171
2020-01-12T21:45:00+09:00,J3,964,774,1738
2020-01-12T21:45:00+09:00,J4,637,644,1281
2020-01-12T21:45:00+09:00,J5,272,337,609
2020-01-12T22:00:00+09:00,J1,862,1029,1891
2020-01-12T22:00:00+09:00,J2,732,718,1450
2020-01-12T22:00:00+09:00,J3,904,744,1648
2020-01-12T22:00:00+09:00,J4,615,694,1309
2020-01-12T22:00:00+09:00,J5,300,316,616
2020-01-12T22:15:00+09:00,J1,848,1076,1924
2020-01-12T22:15:00+09:00,J2,652,678,1330
2020-01-12T22:15:00+09:00,J3,840,720,1560
2020-01-12T22:15:00+09:00,J4,580,702,1282
2020-01-12T22:15:00+09:00,J5,309,349,658
2020-01-12T22:30:00+09:00,J1,901,1054,1955
2020-01-12T22:30:00+09:00,J2,743,743,1486
2020-01-12T22:30:00+09:00,J3,870,689,1559
2020-01-12T22:30:00+09:00,J4,526,612,1138
2020-01-12T22:30:00+09:00,J5,289,285,574
2020-01-12T22:45:00+09:00,J1,884,1073,1957
2020-01-12T22:45:00+09:00,J2,705,684,1389
2020-01-12T22:45:00+09:00,J3,860,702,1562
2020-01-12T22:45:00+09:00,J4,613,642,1255
2020-01-12T22:45:00+09:00,J5,308,339,647
2020-01-12T23:00:00+09:00,J1,813,1048,1861
2020-01-12T23:00:00+09:00,J2,761,660,1421
2020-01-12T23:00:00+09:00,J3,819,713,1532
2020-01-12T23:00:00+09:00,J4,542,639,1181
2020-01-12T23:00:00+09:00,J5,336,323,659
2020-01-12T23:15:00+09:00,J1,836,1087,1923
2020-01-12T23:15:00+09:00,J2,777,737,1514
2020-01-12T23:15:00+09:00,J3,799,739,1538
2020-01-12T23:15:00+09:00,J4,554,673,1227
2020-01-12T23:15:00+09:00,J5,336,342,678
2020-01-12T23:30:00+09:00,J1,774,975,1749
2020-01-12T23:30:00+09:00,J2,798,746,1544
2020-01-12T23:30:00+09:00,J3,861,685,1546
2020-01-12T23:30:00+09:00,J4,571,669,1240
2020-01-12T23:30:00+09:00,J5,341,288,629
2020-01-12T23:45:00+09:00,J1,864,1074,1938
2020-01-12T23:45:00+09:00,J2,794,745,1539
2020-01-12T23:45:00+09:00,J3,916,668,1584
2020-01-12T23:45:00+09:00,J4,527,645,1172
2020-01-12T23:45:00+09:00,J5,405,339,744
2020-01-13T00:00:00+09:00,J1,755,905,1660
2020-01-13T00:00:00+09:00,J2,774,780,1554
2020-01-13T00:00:00+09:00,J3,771,651,1422
2020-01-13T00:00:00+09:00,J4,482,555,1037
2020-01-13T00:00:00+09:00,J5,409,357,766
2020-01-13T00:15:00+09:00,J1,633,667,1300
2020-01-13T00:15:00+09:00,J2,720,670,1390
2020-01-13T00:15:00+09:00,J3,634,582,1216
2020-01-13T00:15:00+09:00,J4,397,414,811
2020-01-13T00:15:00+09:00,J5,428,450,878
2020-01-13T00:30:00+09:00,J1,521,460,981
2020-01-13T00:30:00+09:00,J2,764,614,1378
2020-01-13T00:30:00+09:00,J3,857,771,1628
2020-01-13T00:30:00+09:00,J4,396,495,891
2020-01-13T00:30:00+09:00,J5,528,521,1049
2020-01-13T00:45:00+09:00,J1,501,553,1054
2020-01-13T00:45:00+09:00,J2,673,652,1325
2020-01-13T00:45:00+09:00,J3,846,762,1608
2020-01-13T00:45:00+09:00,J4,436,514,950
2020-01-13T00:45:00+09:00,J5,549,568,1117
2020-01-13T05:45:00+09:00,J1,712,757,1469
2020-01-13T05:45:00+09:00,J2,647,730,1377
2020-01-13T05:45:00+09:00,J3,1164,954,2118
2020-01-13T05:45:00+09:00,J4,837,748,1585
2020-01-13T05:45:00+09:00,J5,544,512,1056
2020-01-13T06:00:00+09:00,J1,787,861,1648
2020-01-13T06:00:00+09:00,J2,709,770,1479
2020-01-13T06:00:00+09:00,J3,1012,817,1829
2020-01-13T06:00:00+09:00,J4,757,743,1500
2020-01-13T06:00:00+09:00,J5,495,550,1045
2020-01-13T06:15:00+09:00,J1,815,841,1656
2020-01-13T06:15:00+09:00,J2,767,761,1528
2020-01-13T06:15:00+09:00,J3,990,931,1921
2020-01-13T06:15:00+09:00,J4,834,727,1561
2020-01-13T06:15:00+09:00,J5,482,483,965
2020-01-13T06:30:00+09:00,J1,806,865,1671
2020-01-13T06:30:00+09:00,J2,672,739,1411
2020-01-13T06:30:00+09:00,J3,958,823,1781
2020-01-13T06:30:00+09:00,J4,735,703,1438
2020-01-13T06:30:00+09:00,J5,542,583,1125
2020-01-13T06:45:00+09:00,J1,795,766,1561
2020-01-13T06:45:00+09:00,J2,672,741,1413
2020-01-13T06:45:00+09:00,J3,1013,766,1779
2020-01-13T06:45:00+09:00,J4,780,771,1551
2020-01-13T06:45:00+09:00,J5,551,534,1085
2020-01-13T07:00:00+09:00,J1,869,851,1720
2020-01-13T07:00:00+09:00,J2,560,573,1133
2020-01-13T07:00:00+09:00,J3,1038,893,1931
2020-01-13T07:00:00+09:00,J4,733,747,1480
2020-01-13T07:00:00+09:00,J5,657,558,1215
2020-01-13T07:15:00+09:00,J1,772,793,1565
2020-01-13T07:15:00+09:00,J2,523,511,1034
2020-01-13T07:15:00+09:00,J3,894,734,1628
2020-01-13T07:15:00+09:00,J4,747,745,1492
2020-01-13T07:15:00+09:00,J5,661,591,1252
2020-01-13T07:30:00+09:00,J1,862,862,1724
2020-01-13T07:30:00+09:00,J2,562,540,1102
2020-01-13T07:30:00+09:00,J3,966,867,1833
2020-01-13T07:30:00+09:00,J4,821,817,1638
2020-01-13T07:30:00+09:00,J5,568,590,1158
2020-01-13T07:45:00+09:00,J1,770,818,1588
2020-01-13T07:45:00+09:00,J2,588,639,1227
2020-01-13T07:45:00+09:00,J3,966,859,1825
2020-01-13T07:45:00+09:00,J4,749,818,1567
2020-01-13T07:45:00+09:00,J5,698,694,1392
2020-01-13T08:00:00+09:00,J1,1012,1170,2182
2020-01-13T08:00:00+09:00,J2,797,738,1535
2020-01-13T08:00:00+09:00,J3,1052,978,2030
2020-01-13T08:00:00+09:00,J4,747,746,1493
2020-01-13T08:00:00+09:00,J5,551,548,1099
2020-01-13T08:15:00+09:00,J1,1085,1116,2201
2020-01-13T08:15:00+09:00,J2,774,724,1498
2020-01-13T08:15:00+09:00,J3,1053,1022,2075
2020-01-13T08:15:00+09:00,J4,721,793,1514
2020-01-13T08:15:00+09:00,J5,613,584,1197
2020-01-13T08:30:00+09:00,J1,1025,1143,2168
2020-01-13T08:30:00+09:00,J2,748,722,1470
2020-01-13T08:30:00+09:00,J3,1306,1093,2399
2020-01-13T08:30:00+09:00,J4,697,750,1447
2020-01-13T08:30:00+09:00,J5,549,576,1125
2020-01-13T08:45:00+09:00,J1,1043,1137,2180
2020-01-13T08:45:00+09:00,J2,824,744,1568
2020-01-13T08:45:00+09:00,J3,1241,1040,2281
2020-01-13T08:45:00+09:00,J4,681,692,1373
2020-01-13T08:45:00+09:00,J5,511,469,980
2020-01-13T09:00:00+09:00,J1,1123,1114,2237
2020-01-13T09:00:00+09:00,J2,1073,965,2038
2020-01-13T09:00:00+09:00,J3,858,881,1739
2020-01-13T09:00:00+09:00,J4,635,762,1397
2020-01-13T09:00:00+09:00,J5,449,398,847
2020-01-13T09:15:00+09:00,J1,1043,1093,2136
2020-01-13T09:15:00+09:00,J2,921,834,1755
2020-01-13T09:15:00+09:00,J3,914,692,1606
2020-01-13T09:15:00+09:00,J4,734,765,1499
2020-01-13T09:15:00+09:00,J5,588,535,1123
2020-01-13T09:30:00+09:00,J1,1039,1088,2127
2020-01-13T09:30:00+09:00,J2,910,738,1648
2020-01-13T09:30:00+09:00,J3,995,844,1839
2020-01-13T09:30:00+09:00,J4,895,886,1781
2020-01-13T09:30:00+09:00,J5,552,464,1016
2020-01-13T09:45:00+09:00,J1,1104,1078,2182
2020-01-13T09:45:00+09:00,J2,826,724,1550
2020-01-13T09:45:00+09:00,J3,1010,911,1921
2020-01-13T09:45:00+09:00,J4,720,739,1459
2020-01-13T09:45:00+09:00,J5,467,459,926
2020-01-13T10:00:00+09:00,J1,1049,1104,2153
2020-01-13T10:00:00+09:00,J2,753,712,1465
2020-01-13T10:00:00+09:00,J3,965,962,1927
2020-01-13T10:00:00+09:00,J4,535,726,1261
2020-01-13T10:00:00+09:00,J5,475,418,893
2020-01-13T10:15:00+09:00,J1,1072,1127,2199
2020-01-13T10:15:00+09:00,J2,782,652,1434
2020-01-13T10:15:00+09:00,J3,954,846,1800
2020-01-13T10:15:00+09:00,J4,591,735,1326
2020-01-13T10:15:00+09:00,J5,491,456,947
2020-01-13T10:30:00+09:00,J1,1042,1049,2091
2020-01-13T10:30:00+09:00,J2,796,656,1452
2020-01-13T10:30:00+09:00,J3,1005,937,1942
2020-01-13T10:30:00+09:00,J4,615,725,1340
2020-01-13T10:30:00+09:00,J5,486,490,976
2020-01-13T10:45:00+09:00,J1,1017,1103,2120
2020-01-13T10:45:00+09:00,J2,771,693,1464
2020-01-13T10:45:00+09:00,J3,1129,1018,2147
2020-01-13T10:45:00+09:00,J4,658,708,1366
2020-01-13T10:45:00+09:00,J5,500,510,1010
2020-01-13T11:00:00+09:00,J1,1037,1147,2184
2020-01-13T11:00:00+09:00,J2,750,748,1498
2020-01-13T11:00:00+09:00,J3,1220,1134,2354
2020-01-13T11:00:00+09:00,J4,595,675,1270
2020-01-13T11:00:00+09:00,J5,490,466,956
2020-01-13T11:15:00+09:00,J1,1074,1262,2336
2020-01-13T11:15:00+09:00,J2,710,819,1529
2020-01-13T11:15:00+09:00,J3,1343,1237,2580
2020-01-13T11:15:00+09:00,J4,719,795,1514
2020-01-13T11:15:00+09:00,J5,427,377,804
2020-01-13T11:30:00+09:00,J1,1039,1274,2313
2020-01-13T11:30:00+09:00,J2,810,832,1642
2020-01-13T11:30:00+09:00,J3,1240,1117,2357
2020-01-13T11:30:00+09:00,J4,758,866,1624
2020-01-13T11:30:00+09:00,J5,423,412,835
2020-01-13T11:45:00+09:00,J1,1047,1266,2313
2020-01-13T11:45:00+09:00,J2,758,755,1513
2020-01-13T11:45:00+09:00,J3,1207,1092,2299
2020-01-13T11:45:00+09:00,J4,691,753,1444
2020-01-13T11:45:00+09:00,J5,402,376,778
2020-01-13T12:00:00+09:00,J1,1059,1196,2255
2020-01-13T12:00:00+09:00,J2,698,731,1429
2020-01-13T12:00:00+09:00,J3,1155,924,2079
2020-01-13T12:00:00+09:00,J4,603,730,1333
2020-01-13T12:00:00+09:00,J5,405,381,786
2020-01-13T12:15:00+09:00,J1,1085,1171,2256
2020-01-13T12:15:00+09:00,J2,771,779,1550
2020-01-13T12:15:00+09:00,J3,1145,873,2018
2020-01-13T12:15:00+09:00,J4,562,699,1261
2020-01-13T12:15:00+09:00,J5,489,479,968
2020-01-13T12:30:00+09:00,J1,942,1194,2136
2020-01-13T12:30:00+09:00,J2,665,694,1359
2020-01-13T12:30:00+09:00,J3,1047,764,1811
2020-01-13T12:30:00+09:00,J4,664,746,1410
2020-01-13T12:30:00+09:00,J5,518,531,1049
2020-01-13T12:45:00+09:00,J1,967,1157,2124
2020-01-13T12:45:00+09:00,J2,656,601,1257
2020-01-13T12:45:00+09:00,J3,972,867,1839
2020-01-13T12:45:00+09:00,J4,740,779,1519
2020-01-13T12:45:00+09:00,J5,575,541,1116
2020-01-13T13:00:00+09:00,J1,951,1179,2130
2020-01-13T13:00:00+09:00,J2,733,668,1401
2020-01-13T13:00:00+09:00,J3,1000,939,1939
2020-01-13T13:00:00+09:00,J4,832,839,1671
2020-01-13T13:00:00+09:00,J5,567,535,1102
2020-01-13T13:15:00+09:00,J1,976,1207,2183
2020-01-13T13:15:00+09:00,J2,765,587,1352
2020-01-13T13:15:00+09:00,J3,1158,1023,2181
2020-01-13T13:15:00+09:00,J4,898,892,1790
2020-01-13T13:15:00+09:00,J5,494,482,976
2020-01-13T13:30:00+09:00,J1,966,1159,2125
2020-01-13T13:30:00+09:00,J2,742,701,1443
2020-01-13T13:30:00+09:00,J3,1097,1064,2161
2020-01-13T13:30:00+09:00,J4,861,934,1795
2020-01-13T13:30:00+09:00,J5,486,396,882
2020-01-13T13:45:00+09:00,J1,980,1231,2211
2020-01-13T13:45:00+09:00,J2,792,680,1472
2020-01-13T13:45:00+09:00,J3,1047,1021,2068
2020-01-13T13:45:00+09:00,J4,927,895,1822
2020-01-13T13:45:00+09:00,J5,427,412,839
2020-01-13T14:00:00+09:00,J1,1013,1154,2167
2020-01-13T14:00:00+09:00,J2,860,693,1553
2020-01-13T14:00:00+09:00,J3,1092,987,2079
2020-01-13T14:00:00+09:00,J4,1001,952,1953
2020-01-13T14:00:00+09:00,J5,499,427,926
2020-01-13T14:15:00+09:00,J1,961,1263,2224
2020-01-13T14:15:00+09:00,J2,919,746,1665
2020-01-13T14:15:00+09:00,J3,1216,1141,2357
2020-01-13T14:15:00+09:00,J4,911,921,1832
2020-01-13T14:15:00+09:00,J5,479,492,971
2020-01-13T14:30:00+09:00,J1,905,1277,2182
2020-01-13T14:30:00+09:00,J2,859,713,1572
2020-01-13T14:30:00+09:00,J3,1100,1138,2238
2020-01-13T14:30:00+09:00,J4,1025,964,1989
2020-01-13T14:30:00+09:00,J5,519,500,1019
2020-01-13T14:45:00+09:00,J1,1089,1195,2284
2020-01-13T14:45:00+09:00,J2,966,753,1719
2020-01-13T14:45:00+09:00,J3,1115,1155,2270
2020-01-13T14:45:00+09:00,J4,978,966,1944
2020-01-13T14:45:00+09:00,J5,544,504,1048
2020-01-13T15:00:00+09:00,J1,979,1259,2238
2020-01-13T15:00:00+09:00,J2,823,852,1675
2020-01-13T15:00:00+09:00,J3,1078,1055,2133
2020-01-13T15:00:00+09:00,J4,962,884,1846
2020-01-13T15:00:00+09:00,J5,532,525,1057
2020-01-13T15:15:00+09:00,J1,989,1268,2257
2020-01-13T15:15:00+09:00,J2,869,880,1749
2020-01-13T15:15:00+09:00,J3,1084,1106,2190
2020-01-13T15:15:00+09:00,J4,970,977,1947
2020-01-13T15:15:00+09:00,J5,420,466,886
2020-01-13T15:30:00+09:00,J1,1009,1202,2211
2020-01-13T15:30:00+09:00,J2,836,818,1654
2020-01-13T15:30:00+09:00,J3,1098,1080,2178
2020-01-13T15:30:00+09:00,J4,1012,1037,2049
2020-01-13T15:30:00+09:00,J5,440,393,833
2020-01-13T15:45:00+09:00,J1,984,1249,2233
2020-01-13T15:45:00+09:00,J2,826,807,1633
2020-01-13T15:45:00+09:00,J3,1068,1004,2072
2020-01-13T15:45:00+09:00,J4,1032,945,1977
2020-01-13T15:45:00+09:00,J5,477,470,947
2020-01-13T16:00:00+09:00,J1,1014,1163,2177
2020-01-13T16:00:00+09:00,J2,784,753,1537
2020-01-13T16:00:00+09:00,J3,1132,986,2118
2020-01-13T16:00:00+09:00,J4,916,861,1777
2020-01-13T16:00:00+09:00,J5,536,507,1043
2020-01-13T16:15:00+09:00,J1,1013,1226,2239
2020-01-13T16:15:00+09:00,J2,849,804,1653
2020-01-13T16:15:00+09:00,J3,1093,1104,2197
2020-01-13T16:15:00+09:00,J4,969,956,1925
2020-01-13T16:15:00+09:00,J5,557,561,1118
2020-01-13T16:30:00+09:00,J1,982,1265,2247
2020-01-13T16:30:00+09:00,J2,771,873,1644
2020-01-13T16:30:00+09:00,J3,1160,1056,2216
2020-01-13T16:30:00+09:00,J4,961,955,1916
2020-01-13T16:30:00+09:00,J5,495,473,968
2020-01-13T16:45:00+09:00,J1,1012,1188,2200
2020-01-13T16:45:00+09:00,J2,753,813,1566
2020-01-13T16:45:00+09:00,J3,1285,1015,2300
2020-01-13T16:45:00+09:00,J4,1038,936,1974
2020-01-13T16:45:00+09:00,J5,472,461,933
2020-01-13T17:00:00+09:00,J1,889,1143,2032
2020-01-13T17:00:00+09:00,J2,945,815,1760
2020-01-13T17:00:00+09:00,J3,1411,1202,2613
2020-01-13T17:00:00+09:00,J4,973,1028,2001
2020-01-13T17:00:00+09:00,J5,470,440,910
2020-01-13T17:15:00+09:00,J1,925,1170,2095
2020-01-13T17:15:00+09:00,J2,888,790,1678
2020-01-13T17:15:00+09:00,J3,1410,1116,2526
2020-01-13T17:15:00+09:00,J4,1096,1068,2164
2020-01-13T17:15:00+09:00,J5,455,393,848
2020-01-13T17:30:00+09:00,J1,922,1131,2053
2020-01-13T17:30:00+09:00,J2,911,772,1683
2020-01-13T17:30:00+09:00,J3,1460,1074,2534
2020-01-13T17:30:00+09:00,J4,1029,983,2012
2020-01-13T17:30:00+09:00,J5,471,406,877
2020-01-13T17:45:00+09:00,J1,979,1214,2193
2020-01-13T17:45:00+09:00,J2,855,717,1572
2020-01-13T17:45:00+09:00,J3,1457,1144,2601
2020-01-13T17:45:00+09:00,J4,1082,977,2059
2020-01-13T17:45:00+09:00,J5,449,405,854
2020-01-13T18:00:00+09:00,J1,1061,1238,2299
2020-01-13T18:00:00+09:00,J2,770,704,1474
2020-01-13T18:00:00+09:00,J3,1445,1119,2564
2020-01-13T18:00:00+09:00,J4,989,894,1883
2020-01-13T18:00:00+09:00,J5,442,460,902
2020-01-13T18:15:00+09:00,J1,953,1237,2190
2020-01-13T18:15:00+09:00,J2,725,645,1370
2020-01-13T18:15:00+09:00,J3,1352,1091,2443
2020-01-13T18:15:00+09:00,J4,806,745,1551
2020-01-13T18:15:00+09:00,J5,472,538,1010
2020-01-13T18:30:00+09:00,J1,981,1152,2133
2020-01-13T18:30:00+09:00,J2,852,686,1538
2020-01-13T18:30:00+09:00,J3,1113,916,2029
2020-01-13T18:30:00+09:00,J4,668,729,1397
2020-01-13T18:30:00+09:00,J5,584,579,1163
2020-01-13T18:45:00+09:00,J1,969,1105,2074
2020-01-13T18:45:00+09:00,J2,850,751,1601
2020-01-13T18:45:00+09:00,J3,868,785,1653
2020-01-13T18:45:00+09:00,J4,640,643,1283
2020-01-13T18:45:00+09:00,J5,531,492,1023
2020-01-13T19:00:00+09:00,J1,950,1123,2073
2020-01-13T19:00:00+09:00,J2,676,632,1308
2020-01-13T19:00:00+09:00,J3,936,799,1735
2020-01-13T19:00:00+09:00,J4,670,714,1384
2020-01-13T19:00:00+09:00,J5,496,531,1027
2020-01-13T19:15:00+09:00,J1,959,1121,2080
2020-01-13T19:15:00+09:00,J2,733,727,1460
2020-01-13T19:15:00+09:00,J3,1100,911,2011
2020-01-13T19:15:00+09:00,J4,741,767,1508
2020-01-13T19:15:00+09:00,J5,586,565,1151
2020-01-13T19:30:00+09:00,J1,919,1108,2027
2020-01-13T19:30:00+09:00,J2,710,742,1452
2020-01-13T19:30:00+09:00,J3,1081,940,2021
2020-01-13T19:30:00+09:00,J4,750,779,1529
2020-01-13T19:30:00+09:00,J5,465,471,936
2020-01-13T19:45:00+09:00,J1,901,1086,1987
2020-01-13T19:45:00+09:00,J2,759,736,1495
2020-01-13T19:45:00+09:00,J3,1085,912,1997
2020-01-13T19:45:00+09:00,J4,580,683,1263
2020-01-13T19:45:00+09:00,J5,389,486,875
2020-01-13T20:00:00+09:00,J1,928,1089,2017
2020-01-13T20:00:00+09:00,J2,643,636,1279
2020-01-13T20:00:00+09:00,J3,904,857,1761
2020-01-13T20:00:00+09:00,J4,574,673,1247
2020-01-13T20:00:00+09:00,J5,442,456,898
2020-01-13T20:15:00+09:00,J1,928,1093,2021
2020-01-13T20:15:00+09:00,J2,681,631,1312
2020-01-13T20:15:00+09:00,J3,1054,862,1916
2020-01-13T20:15:00+09:00,J4,565,559,1124
2020-01-13T20:15:00+09:00,J5,450,492,942
2020-01-13T20:30:00+09:00,J1,916,1125,2041
2020-01-13T20:30:00+09:00,J2,643,631,1274
2020-01-13T20:30:00+09:00,J3,1094,862,1956
2020-01-13T20:30:00+09:00,J4,581,619,1200
2020-01-13T20:30:00+09:00,J5,446,422,868
2020-01-13T20:45:00+09:00,J1,899,1086,1985
2020-01-13T20:45:00+09:00,J2,682,566,1248
2020-01-13T20:45:00+09:00,J3,945,875,1820
2020-01-13T20:45:00+09:00,J4,522,555,1077
2020-01-13T20:45:00+09:00,J5,409,428,837
2020-01-13T21:00:00+09:00,J1,905,1096,2001
2020-01-13T21:00:00+09:00,J2,612,602,1214
2020-01-13T21:00:00+09:00,J3,953,758,1711
2020-01-13T21:00:00+09:00,J4,615,655,1270
2020-01-13T21:00:00+09:00,J5,427,388,815
2020-01-13T21:15:00+09:00,J1,930,1070,2000
2020-01-13T21:15:00+09:00,J2,678,658,1336
2020-01-13T21:15:00+09:00,J3,926,722,1648
2020-01-13T21:15:00+09:00,J4,700,765,1465
2020-01-13T21:15:00+09:00,J5,418,433,851
2020-01-13T21:30:00+09:00,J1,894,961,1855
2020-01-13T21:30:00+09:00,J2,696,660,1356
2020-01-13T21:30:00+09:00,J3,874,667,1541
2020-01-13T21:30:00+09:00,J4,617,790,1407
2020-01-13T21:30:00+09:00,J5,353,392,745
2020-01-13T21:45:00+09:00,J1,923,1032,1955
2020-01-13T21:45:00+09:00,J2,744,697,1441
2020-01-13T21:45:00+09:00,J3,790,644,1434
2020-01-13T21:45:00+09:00,J4,633,765,1398
2020-01-13T21:45:00+09:00,J5,385,392,777
2020-01-13T22:00:00+09:00,J1,878,1041,1919
2020-01-13T22:00:00+09:00,J2,735,737,1472
2020-01-13T22:00:00+09:00,J3,713,611,1324
2020-01-13T22:00:00+09:00,J4,644,823,1467
2020-01-13T22:00:00+09:00,J5,330,338,668
2020-01-13T22:15:00+09:00,J1,838,1039,1877
2020-01-13T22:15:00+09:00,J2,770,774,1544
2020-01-13T22:15:00+09:00,J3,781,690,1471
2020-01-13T22:15:00+09:00,J4,543,700,1243
2020-01-13T22:15:00+09:00,J5,396,367,763
2020-01-13T22:30:00+09:00,J1,839,991,1830
2020-01-13T22:30:00+09:00,J2,679,724,1403
2020-01-13T22:30:00+09:00,J3,725,620,1345
2020-01-13T22:30:00+09:00,J4,595,751,1346
2020-01-13T22:30:00+09:00,J5,420,377,797
2020-01-13T22:45:00+09:00,J1,850,1039,1889
2020-01-13T22:45:00+09:00,J2,677,728,1405
2020-01-13T22:45:00+09:00,J3,817,728,1545
2020-01-13T22:45:00+09:00,J4,601,733,1334
2020-01-13T22:45:00+09:00,J5,443,364,807
2020-01-13T23:00:00+09:00,J1,893,1012,1905
2020-01-13T23:00:00+09:00,J2,650,613,1263
2020-01-13T23:00:00+09:00,J3,851,707,1558
2020-01-13T23:00:00+09:00,J4,628,671,1299
2020-01-13T23:00:00+09:00,J5,466,400,866
2020-01-13T23:15:00+09:00,J1,875,1000,1875
2020-01-13T23:15:00+09:00,J2,607,619,1226
2020-01-13T23:15:00+09:00,J3,779,737,1516
2020-01-13T23:15:00+09:00,J4,578,604,1182
2020-01-13T23:15:00+09:00,J5,456,394,850
2020-01-13T23:30:00+09:00,J1,818,970,1788
2020-01-13T23:30:00+09:00,J2,646,635,1281
2020-01-13T23:30:00+09:00,J3,739,694,1433
2020-01-13T23:30:00+09:00,J4,554,652,1206
2020-01-13T23:30:00+09:00,J5,438,406,844
2020-01-13T23:45:00+09:00,J1,864,964,1828
2020-01-13T23:45:00+09:00,J2,688,682,1370
2020-01-13T23:45:00+09:00,J3,678,587,1265
2020-01-13T23:45:00+09:00,J4,477,612,1089
2020-01-13T23:45:00+09:00,J5,494,422,916
2020-01-14T00:00:00+09:00,J1,711,878,1589
2020-01-14T00:00:00+09:00,J2,645,614,1259
2020-01-14T00:00:00+09:00,J3,661,529,1190
2020-01-14T00:00:00+09:00,J4,495,538,1033
2020-01-14T00:00:00+09:00,J5,528,554,1082
2020-01-14T00:15:00+09:00,J1,638,599,1237
2020-01-14T00:15:00+09:00,J2,670,706,1376
2020-01-14T00:15:00+09:00,J3,847,739,1586
2020-01-14T00:15:00+09:00,J4,432,446,878
2020-01-14T00:15:00+09:00,J5,553,519,1072
2020-01-14T00:30:00+09:00,J1,574,492,1066
2020-01-14T00:30:00+09:00,J2,697,675,1372
2020-01-14T00:30:00+09:00,J3,936,781,1717
2020-01-14T00:30:00+09:00,J4,428,459,887
2020-01-14T00:30:00+09:00,J5,591,538,1129
2020-01-14T00:45:00+09:00,J1,515,467,982
2020-01-14T00:45:00+09:00,J2,633,646,1279
2020-01-14T00:45:00+09:00,J3,911,686,1597
2020-01-14T00:45:00+09:00,J4,504,537,1041
2020-01-14T00:45:00+09:00,J5,587,514,1101
2020-01-14T05:45:00+09:00,J1,535,475,1010
2020-01-14T05:45:00+09:00,J2,521,604,1125
2020-01-14T05:45:00+09:00,J3,946,595,1541
2020-01-14T05:45:00+09:00,J4,821,760,1581
2020-01-14T05:45:00+09:00,J5,509,515,1024
2020-01-14T06:00:00+09:00,J1,650,658,1308
2020-01-14T06:00:00+09:00,J2,600,629,1229
2020-01-14T06:00:00+09:00,J3,913,615,1528
2020-01-14T06:00:00+09:00,J4,877,819,1696
2020-01-14T06:00:00+09:00,J5,502,475,977
2020-01-14T06:15:00+09:00,J1,791,773,1564
2020-01-14T06:15:00+09:00,J2,570,706,1276
2020-01-14T06:15:00+09:00,J3,992,729,1721
2020-01-14T06:15:00+09:00,J4,861,799,1660
2020-01-14T06:15:00+09:00,J5,626,548,1174
2020-01-14T06:30:00+09:00,J1,793,796,1589
2020-01-14T06:30:00+09:00,J2,684,632,1316
2020-01-14T06:30:00+09:00,J3,1004,733,1737
2020-01-14T06:30:00+09:00,J4,736,813,1549
2020-01-14T06:30:00+09:00,J5,636,516,1152
2020-01-14T06:45:00+09:00,J1,786,812,1598
2020-01-14T06:45:00+09:00,J2,676,695,1371
2020-01-14T06:45:00+09:00,J3,959,715,1674
2020-01-14T06:45:00+09:00,J4,838,866,1704
2020-01-14T06:45:00+09:00,J5,589,535,1124
2020-01-14T07:00:00+09:00,J1,856,882,1738
2020-01-14T07:00:00+09:00,J2,592,660,1252
2020-01-14T07:00:00+09:00,J3,932,873,1805
2020-01-14T07:00:00+09:00,J4,992,979,1971
2020-01-14T07:00:00+09:00,J5,606,569,1175
2020-01-14T07:15:00+09:00,J1,866,887,1753
2020-01-14T07:15:00+09:00,J2,701,668,1369
2020-01-14T07:15:00+09:00,J3,948,934,1882
2020-01-14T07:15:00+09:00,J4,847,1020,1867
2020-01-14T07:15:00+09:00,J5,628,521,1149
2020-01-14T07:30:00+09:00,J1,984,1053,2037
2020-01-14T07:30:00+09:00,J2,662,654,1316
2020-01-14T07:30:00+09:00,J3,1240,1087,2327
2020-01-14T07:30:00+09:00,J4,755,998,1753
2020-01-14T07:30:00+09:00,J5,614,573,1187
2020-01-14T07:45:00+09:00,J1,1083,1048,2131
2020-01-14T07:45:00+09:00,J2,878,671,1549
2020-01-14T07:45:00+09:00,J3,1313,1130,2443
2020-01-14T07:45:00+09:00,J4,675,1058,1733
2020-01-14T07:45:00+09:00,J5,645,581,1226
2020-01-14T08:00:00+09:00,J1,1142,1153,2295
2020-01-14T08:00:00+09:00,J2,991,721,1712
2020-01-14T08:00:00+09:00,J3,1503,1248,2751
2020-01-14T08:00:00+09:00,J4,761,1031,1792
2020-01-14T08:00:00+09:00,J5,560,533,1093
2020-01-14T08:15:00+09:00,J1,1194,1085,2279
2020-01-14T08:15:00+09:00,J2,1054,846,1900
2020-01-14T08:15:00+09:00,J3,1463,1450,2913
2020-01-14T08:15:00+09:00,J4,769,1177,1946
2020-01-14T08:15:00+09:00,J5,557,599,1156
2020-01-14T08:30:00+09:00,J1,1272,1079,2351
2020-01-14T08:30:00+09:00,J2,1242,696,1938
2020-01-14T08:30:00+09:00,J3,1271,1374,2645
2020-01-14T08:30:00+09:00,J4,701,1068,1769
2020-01-14T08:30:00+09:00,J5,535,558,1093
2020-01-14T08:45:00+09:00,J1,1215,1146,2361
2020-01-14T08:45:00+09:00,J2,913,595,1508
2020-01-14T08:45:00+09:00,J3,1134,1024,2158
2020-01-14T08:45:00+09:00,J4,666,1009,1675
2020-01-14T08:45:00+09:00,J5,555,481,1036
2020-01-14T09:00:00+09:00,J1,1050,1079,2129
2020-01-14T09:00:00+09:00,J2,731,612,1343
2020-01-14T09:00:00+09:00,J3,1158,893,2051
2020-01-14T09:00:00+09:00,J4,753,940,1693
2020-01-14T09:00:00+09:00,J5,545,451,996
2020-01-14T09:15:00+09:00,J1,1087,1039,2126
2020-01-14T09:15:00+09:00,J2,700,601,1301
2020-01-14T09:15:00+09:00,J3,969,841,1810
2020-01-14T09:15:00+09:00,J4,930,950,1880
2020-01-14T09:15:00+09:00,J5,606,644,1250
2020-01-14T09:30:00+09:00,J1,1120,1064,2184
2020-01-14T09:30:00+09:00,J2,920,736,1656
2020-01-14T09:30:00+09:00,J3,756,689,1445
2020-01-14T09:30:00+09:00,J4,857,984,1841
2020-01-14T09:30:00+09:00,J5,530,579,1109
2020-01-14T09:45:00+09:00,J1,1092,1099,2191
2020-01-14T09:45:00+09:00,J2,895,824,1719
2020-01-14T09:45:00+09:00,J3,876,828,1704
2020-01-14T09:45:00+09:00,J4,736,954,1690
2020-01-14T09:45:00+09:00,J5,457,456,913
2020-01-14T10:00:00+09:00,J1,1095,1118,2213
2020-01-14T10:00:00+09:00,J2,758,751,1509
2020-01-14T10:00:00+09:00,J3,871,791,1662
2020-01-14T10:00:00+09:00,J4,662,863,1525
2020-01-14T10:00:00+09:00,J5,441,486,927
2020-01-14T10:15:00+09:00,J1,1089,1119,2208
2020-01-14T10:15:00+09:00,J2,754,698,1452
2020-01-14T10:15:00+09:00,J3,940,835,1775
2020-01-14T10:15:00+09:00,J4,655,730,1385
2020-01-14T10:15:00+09:00,J5,421,476,897
2020-01-14T10:30:00+09:00,J1,1097,1017,2114
2020-01-14T10:30:00+09:00,J2,753,716,1469
2020-01-14T10:30:00+09:00,J3,1109,949,2058
2020-01-14T10:30:00+09:00,J4,617,718,1335
2020-01-14T10:30:00+09:00,J5,450,490,940
2020-01-14T10:45:00+09:00,J1,1044,1145,2189
2020-01-14T10:45:00+09:00,J2,742,716,1458
2020-01-14T10:45:00+09:00,J3,1009,949,1958
2020-01-14T10:45:00+09:00,J4,667,722,1389
2020-01-14T10:45:00+09:00,J5,494,498,992
2020-01-14T11:00:00+09:00,J1,1086,1069,2155
2020-01-14T11:00:00+09:00,J2,796,706,1502
2020-01-14T11:00:00+09:00,J3,1041,939,1980
2020-01-14T11:00:00+09:00,J4,660,788,1448
2020-01-14T11:00:00+09:00,J5,466,473,939
2020-01-14T11:15:00+09:00,J1,1090,1247,2337
2020-01-14T11:15:00+09:00,J2,728,744,1472
2020-01-14T11:15:00+09:00,J3,1186,1015,2201
2020-01-14T11:15:00+09:00,J4,727,754,1481
2020-01-14T11:15:00+09:00,J5,538,504,1042
2020-01-14T11:30:00+09:00,J1,1140,1215,2355
2020-01-14T11:30:00+09:00,J2,844,823,1667
2020-01-14T11:30:00+09:00,J3,1280,1113,2393
2020-01-14T11:30:00+09:00,J4,698,745,1443
2020-01-14T11:30:00+09:00,J5,481,400,881
2020-01-14T11:45:00+09:00,J1,1110,1279,2389
2020-01-14T11:45:00+09:00,J2,820,771,1591
2020-01-14T11:45:00+09:00,J3,1178,1144,2322
2020-01-14T11:45:00+09:00,J4,655,675,1330
2020-01-14T11:45:00+09:00,J5,425,457,882
2020-01-14T12:00:00+09:00,J1,1079,1255,2334
2020-01-14T12:00:00+09:00,J2,902,809,1711
2020-01-14T12:00:00+09:00,J3,1335,1024,2359
2020-01-14T12:00:00+09:00,J4,793,796,1589
2020-01-14T12:00:00+09:00,J5,394,438,832
2020-01-14T12:15:00+09:00,J1,1019,1162,2181
2020-01-14T12:15:00+09:00,J2,891,810,1701
2020-01-14T12:15:00+09:00,J3,1273,1168,2441
2020-01-14T12:15:00+09:00,J4,861,816,1677
2020-01-14T12:15:00+09:00,J5,479,446,925
2020-01-14T12:30:00+09:00,J1,944,1166,2110
2020-01-14T12:30:00+09:00,J2,834,830,1664
2020-01-14T12:30:00+09:00,J3,1134,1026,2160
2020-01-14T12:30:00+09:00,J4,831,854,1685
2020-01-14T12:30:00+09:00,J5,573,567,1140
2020-01-14T12:45:00+09:00,J1,1022,1194,2216
2020-01-14T12:45:00+09:00,J2,816,836,1652
2020-01-14T12:45:00+09:00,J3,1070,962,2032
2020-01-14T12:45:00+09:00,J4,758,770,1528
2020-01-14T12:45:00+09:00,J5,510,548,1058
2020-01-14T13:00:00+09:00,J1,1034,1159,2193
2020-01-14T13:00:00+09:00,J2,659,745,1404
2020-01-14T13:00:00+09:00,J3,1065,1020,2085
2020-01-14T13:00:00+09:00,J4,829,798,1627
2020-01-14T13:00:00+09:00,J5,509,495,1004
2020-01-14T13:15:00+09:00,J1,1007,1153,2160
2020-01-14T13:15:00+09:00,J2,696,756,1452
2020-01-14T13:15:00+09:00,J3,1008,997,2005
2020-01-14T13:15:00+09:00,J4,819,863,1682
2020-01-14T13:15:00+09:00,J5,492,422,914
2020-01-14T13:30:00+09:00,J1,1004,1215,2219
2020-01-14T13:30:00+09:00,J2,687,698,1385
2020-01-14T13:30:00+09:00,J3,1017,1012,2029
2020-01-14T13:30:00+09:00,J4,978,911,1889
2020-01-14T13:30:00+09:00,J5,478,371,849
2020-01-14T13:45:00+09:00,J1,979,1166,2145
2020-01-14T13:45:00+09:00,J2,722,737,1459
2020-01-14T13:45:00+09:00,J3,1037,986,2023
2020-01-14T13:45:00+09:00,J4,963,913,1876
2020-01-14T13:45:00+09:00,J5,453,393,846
2020-01-14T14:00:00+09:00,J1,1078,1158,2236
2020-01-14T14:00:00+09:00,J2,713,819,1532
2020-01-14T14:00:00+09:00,J3,942,975,1917
2020-01-14T14:00:00+09:00,J4,975,904,1879
2020-01-14T14:00:00+09:00,J5,470,378,848
2020-01-14T14:15:00+09:00,J1,998,1169,2167
2020-01-14T14:15:00+09:00,J2,739,775,1514
2020-01-14T14:15:00+09:00,J3,1072,1003,2075
2020-01-14T14:15:00+09:00,J4,937,865,1802
2020-01-14T14:15:00+09:00,J5,518,415,933
2020-01-14T14:30:00+09:00,J1,968,1228,2196
2020-01-14T14:30:00+09:00,J2,751,830,1581
2020-01-14T14:30:00+09:00,J3,1022,1034,2056
2020-01-14T14:30:00+09:00,J4,914,847,1761
2020-01-14T14:30:00+09:00,J5,466,428,894
2020-01-14T14:45:00+09:00,J1,953,1196,2149
2020-01-14T14:45:00+09:00,J2,733,762,1495
2020-01-14T14:45:00+09:00,J3,1035,1007,2042
2020-01-14T14:45:00+09:00,J4,963,786,1749
2020-01-14T14:45:00+09:00,J5,451,455,906
2020-01-14T15:00:00+09:00,J1,943,1205,2148
2020-01-14T15:00:00+09:00,J2,813,913,1726
2020-01-14T15:00:00+09:00,J3,1022,938,1960
2020-01-14T15:00:00+09:00,J4,910,896,1806
2020-01-14T15:00:00+09:00,J5,467,427,894
2020-01-14T15:15:00+09:00,J1,959,1188,2147
2020-01-14T15:15:00+09:00,J2,799,867,1666
2020-01-14T15:15:00+09:00,J3,1041,950,1991
2020-01-14T15:15:00+09:00,J4,903,886,1789
2020-01-14T15:15:00+09:00,J5,439,468,907
2020-01-14T15:30:00+09:00,J1,948,1226,2174
2020-01-14T15:30:00+09:00,J2,870,895,1765
2020-01-14T15:30:00+09:00,J3,994,989,1983
2020-01-14T15:30:00+09:00,J4,972,945,1917
2020-01-14T15:30:00+09:00,J5,485,420,905
2020-01-14T15:45:00+09:00,J1,962,1148,2110
2020-01-14T15:45:00+09:00,J2,771,916,1687
2020-01-14T15:45:00+09:00,J3,979,913,1892
2020-01-14T15:45:00+09:00,J4,957,943,1900
2020-01-14T15:45:00+09:00,J5,541,443,984
2020-01-14T16:00:00+09:00,J1,1022,1196,2218
2020-01-14T16:00:00+09:00,J2,827,906,1733
2020-01-14T16:00:00+09:00,J3,1032,933,1965
2020-01-14T16:00:00+09:00,J4,977,874,1851
2020-01-14T16:00:00+09:00,J5,471,491,962
2020-01-14T16:15:00+09:00,J1,1002,1227,2229
2020-01-14T16:15:00+09:00,J2,843,947,1790
2020-01-14T16:15:00+09:00,J3,1013,971,1984
2020-01-14T16:15:00+09:00,J4,1099,922,2021
2020-01-14T16:15:00+09:00,J5,497,537,1034
2020-01-14T16:30:00+09:00,J1,966,1186,2152
2020-01-14T16:30:00+09:00,J2,855,853,1708
2020-01-14T16:30:00+09:00,J3,1182,1046,2228
2020-01-14T16:30:00+09:00,J4,973,934,1907
2020-01-14T16:30:00+09:00,J5,548,547,1095
2020-01-14T16:45:00+09:00,J1,999,1208,2207
2020-01-14T16:45:00+09:00,J2,805,846,1651
2020-01-14T16:45:00+09:00,J3,1226,984,2210
2020-01-14T16:45:00+09:00,J4,954,898,1852
2020-01-14T16:45:00+09:00,J5,536,582,1118
2020-01-14T17:00:00+09:00,J1,1052,1229,2281
2020-01-14T17:00:00+09:00,J2,857,1005,1862
2020-01-14T17:00:00+09:00,J3,1468,1163,2631
2020-01-14T17:00:00+09:00,J4,940,912,1852
2020-01-14T17:00:00+09:00,J5,532,600,1132
2020-01-14T17:15:00+09:00,J1,1044,1193,2237
2020-01-14T17:15:00+09:00,J2,1040,1117,2157
2020-01-14T17:15:00+09:00,J3,1613,1261,2874
2020-01-14T17:15:00+09:00,J4,1105,954,2059
2020-01-14T17:15:00+09:00,J5,616,637,1253
2020-01-14T17:30:00+09:00,J1,1087,1230,2317
2020-01-14T17:30:00+09:00,J2,1045,1081,2126
2020-01-14T17:30:00+09:00,J3,1560,1283,2843
2020-01-14T17:30:00+09:00,J4,1182,1007,2189
2020-01-14T17:30:00+09:00,J5,723,720,1443
2020-01-14T17:45:00+09:00,J1,1118,1250,2368
2020-01-14T17:45:00+09:00,J2,1120,1096,2216
2020-01-14T17:45:00+09:00,J3,1673,1223,2896
2020-01-14T17:45:00+09:00,J4,1175,1000,2175
2020-01-14T17:45:00+09:00,J5,733,866,1599
2020-01-14T18:00:00+09:00,J1,1088,1249,2337
2020-01-14T18:00:00+09:00,J2,1156,898,2054
2020-01-14T18:00:00+09:00,J3,1623,1207,2830
2020-01-14T18:00:00+09:00,J4,1209,1003,2212
2020-01-14T18:00:00+09:00,J5,762,795,1557
2020-01-14T18:15:00+09:00,J1,1108,1318,2426
2020-01-14T18:15:00+09:00,J2,1146,832,1978
2020-01-14T18:15:00+09:00,J3,1577,1297,2874
2020-01-14T18:15:00+09:00,J4,1087,883,1970
2020-01-14T18:15:00+09:00,J5,729,842,1571
2020-01-14T18:30:00+09:00,J1,1073,1209,2282
2020-01-14T18:30:00+09:00,J2,996,825,1821
2020-01-14T18:30:00+09:00,J3,1313,943,2256
2020-01-14T18:30:00+09:00,J4,869,695,1564
2020-01-14T18:30:00+09:00,J5,566,783,1349
2020-01-14T18:45:00+09:00,J1,972,1143,2115
2020-01-14T18:45:00+09:00,J2,893,708,1601
2020-01-14T18:45:00+09:00,J3,1246,890,2136
2020-01-14T18:45:00+09:00,J4,735,717,1452
2020-01-14T18:45:00+09:00,J5,550,694,1244
2020-01-14T19:00:00+09:00,J1,971,1184,2155
2020-01-14T19:00:00+09:00,J2,693,624,1317
2020-01-14T19:00:00+09:00,J3,1241,1007,2248
2020-01-14T19:00:00+09:00,J4,748,694,1442
2020-01-14T19:00:00+09:00,J5,523,658,1181
2020-01-14T19:15:00+09:00,J1,1015,1206,2221
2020-01-14T19:15:00+09:00,J2,674,627,1301
2020-01-14T19:15:00+09:00,J3,1327,1114,2441
2020-01-14T19:15:00+09:00,J4,786,827,1613
2020-01-14T19:15:00+09:00,J5,496,688,1184
2020-01-14T19:30:00+09:00,J1,1009,1153,2162
2020-01-14T19:30:00+09:00,J2,618,530,1148
2020-01-14T19:30:00+09:00,J3,1225,917,2142
2020-01-14T19:30:00+09:00,J4,801,821,1622
2020-01-14T19:30:00+09:00,J5,467,561,1028
2020-01-14T19:45:00+09:00,J1,1015,1079,2094
2020-01-14T19:45:00+09:00,J2,519,555,1074
2020-01-14T19:45:00+09:00,J3,993,745,1738
2020-01-14T19:45:00+09:00,J4,829,811,1640
2020-01-14T19:45:00+09:00,J5,519,616,1135
2020-01-14T20:00:00+09:00,J1,930,1115,2045
2020-01-14T20:00:00+09:00,J2,551,559,1110
2020-01-14T20:00:00+09:00,J3,934,706,1640
2020-01-14T20:00:00+09:00,J4,716,747,1463
2020-01-14T20:00:00+09:00,J5,569,624,1193
2020-01-14T20:15:00+09:00,J1,941,1112,2053
2020-01-14T20:15:00+09:00,J2,541,566,1107
2020-01-14T20:15:00+09:00,J3,887,759,1646
2020-01-14T20:15:00+09:00,J4,656,646,1302
2020-01-14T20:15:00+09:00,J5,462,520,982
2020-01-14T20:30:00+09:00,J1,931,1189,2120
2020-01-14T20:30:00+09:00,J2,568,588,1156
2020-01-14T20:30:00+09:00,J3,833,687,1520
2020-01-14T20:30:00+09:00,J4,589,613,1202
2020-01-14T20:30:00+09:00,J5,510,591,1101
2020-01-14T20:45:00+09:00,J1,1010,1125,2135
2020-01-14T20:45:00+09:00,J2,557,558,1115
2020-01-14T20:45:00+09:00,J3,851,734,1585
2020-01-14T20:45:00+09:00,J4,597,564,1161
2020-01-14T20:45:00+09:00,J5,466,533,999
2020-01-14T21:00:00+09:00,J1,945,1097,2042
2020-01-14T21:00:00+09:00,J2,635,591,1226
2020-01-14T21:00:00+09:00,J3,970,821,1791
2020-01-14T21:00:00+09:00,J4,653,616,1269
2020-01-14T21:00:00+09:00,J5,470,512,982
2020-01-14T21:15:00+09:00,J1,966,1137,2103
2020-01-14T21:15:00+09:00,J2,613,697,1310
2020-01-14T21:15:00+09:00,J3,1004,843,1847
2020-01-14T21:15:00+09:00,J4,655,676,1331
2020-01-14T21:15:00+09:00,J5,480,480,960
2020-01-14T21:30:00+09:00,J1,925,1138,2063
2020-01-14T21:30:00+09:00,J2,571,680,1251
2020-01-14T21:30:00+09:00,J3,1033,790,1823
2020-01-14T21:30:00+09:00,J4,725,670,1395
2020-01-14T21:30:00+09:00,J5,454,481,935
2020-01-14T21:45:00+09:00,J1,867,1083,1950
2020-01-14T21:45:00+09:00,J2,488,556,1044
2020-01-14T21:45:00+09:00,J3,982,813,1795
2020-01-14T21:45:00+09:00,J4,661,785,1446
2020-01-14T21:45:00+09:00,J5,389,438,827
2020-01-14T22:00:00+09:00,J1,898,1026,1924
2020-01-14T22:00:00+09:00,J2,545,614,1159
2020-01-14T22:00:00+09:00,J3,942,739,1681
2020-01-14T22:00:00+09:00,J4,787,795,1582
2020-01-14T22:00:00+09:00,J5,435,423,858
2020-01-14T22:15:00+09:00,J1,938,1082,2020
2020-01-14T22:15:00+09:00,J2,614,544,1158
2020-01-14T22:15:00+09:00,J3,857,668,1525
2020-01-14T22:15:00+09:00,J4,709,844,1553
2020-01-14T22:15:00+09:00,J5,364,398,762
2020-01-14T22:30:00+09:00,J1,927,1035,1962
2020-01-14T22:30:00+09:00,J2,544,579,1123
2020-01-14T22:30:00+09:00,J3,805,601,1406
2020-01-14T22:30:00+09:00,J4,688,775,1463
2020-01-14T22:30:00+09:00,J5,434,433,867
2020-01-14T22:45:00+09:00,J1,881,983,1864
2020-01-14T22:45:00+09:00,J2,670,655,1325
2020-01-14T22:45:00+09:00,J3,763,607,1370
2020-01-14T22:45:00+09:00,J4,631,648,1279
2020-01-14T22:45:00+09:00,J5,523,456,979
2020-01-14T23:00:00+09:00,J1,851,996,1847
2020-01-14T23:00:00+09:00,J2,694,667,1361
2020-01-14T23:00:00+09:00,J3,775,752,1527
2020-01-14T23:00:00+09:00,J4,537,557,1094
2020-01-14T23:00:00+09:00,J5,569,474,1043
2020-01-14T23:15:00+09:00,J1,723,845,1568
2020-01-14T23:15:00+09:00,J2,557,549,1106
2020-01-14T23:15:00+09:00,J3,673,567,1240
2020-01-14T23:15:00+09:00,J4,474,534,1008
2020-01-14T23:15:00+09:00,J5,458,375,833
2020-01-14T23:30:00+09:00,J1,973,1213,2186
2020-01-14T23:30:00+09:00,J2,798,804,1602
2020-01-14T23:30:00+09:00,J3,913,760,1673
2020-01-14T23:30:00+09:00,J4,692,677,1369
2020-01-14T23:30:00+09:00,J5,626,556,1182
2020-01-14T23:45:00+09:00,J1,823,966,1789
2020-01-14T23:45:00+09:00,J2,607,624,1231
2020-01-14T23:45:00+09:00,J3,708,576,1284
2020-01-14T23:45:00+09:00,J4,536,494,1030
2020-01-14T23:45:00+09:00,J5,513,453,966
2020-01-15T00:00:00+09:00,J1,693,665,1358
2020-01-15T00:00:00+09:00,J2,705,681,1386
2020-01-15T00:00:00+09:00,J3,711,623,1334
2020-01-15T00:00:00+09:00,J4,510,460,970
2020-01-15T00:00:00+09:00,J5,532,473,1005
2020-01-15T00:15:00+09:00,J1,565,566,1131
2020-01-15T00:15:00+09:00,J2,710,627,1337
2020-01-15T00:15:00+09:00,J3,788,730,1518
2020-01-15T00:15:00+09:00,J4,455,414,869
2020-01-15T00:15:00+09:00,J5,598,517,1115
2020-01-15T00:30:00+09:00,J1,481,495,976
2020-01-15T00:30:00+09:00,J2,615,557,1172
2020-01-15T00:30:00+09:00,J3,810,763,1573
2020-01-15T00:30:00+09:00,J4,453,512,965
2020-01-15T00:30:00+09:00,J5,611,549,1160
2020-01-15T00:45:00+09:00,J1,532,455,987
2020-01-15T00:45:00+09:00,J2,567,557,1124
2020-01-15T00:45:00+09:00,J3,874,748,1622
2020-01-15T00:45:00+09:00,J4,383,363,746
2020-01-15T00:45:00+09:00,J5,590,562,1152
2020-01-15T05:45:00+09:00,J1,494,541,1035
2020-01-15T05:45:00+09:00,J2,558,618,1176
2020-01-15T05:45:00+09:00,J3,584,385,969
2020-01-15T05:45:00+09:00,J4,740,772,1512
2020-01-15T05:45:00+09:00,J5,551,500,1051
2020-01-15T06:00:00+09:00,J1,589,623,1212
2020-01-15T06:00:00+09:00,J2,578,620,1198
2020-01-15T06:00:00+09:00,J3,651,488,1139
2020-01-15T06:00:00+09:00,J4,754,732,1486
2020-01-15T06:00:00+09:00,J5,588,547,1135
2020-01-15T06:15:00+09:00,J1,827,869,1696
2020-01-15T06:15:00+09:00,J2,610,683,1293
2020-01-15T06:15:00+09:00,J3,734,495,1229
2020-01-15T06:15:00+09:00,J4,806,766,1572
2020-01-15T06:15:00+09:00,J5,674,546,1220
2020-01-15T06:30:00+09:00,J1,812,864,1676
2020-01-15T06:30:00+09:00,J2,686,723,1409
2020-01-15T06:30:00+09:00,J3,655,495,1150
2020-01-15T06:30:00+09:00,J4,653,680,1333
2020-01-15T06:30:00+09:00,J5,622,560,1182
2020-01-15T06:45:00+09:00,J1,856,837,1693
2020-01-15T06:45:00+09:00,J2,618,582,1200
2020-01-15T06:45:00+09:00,J3,694,524,1218
2020-01-15T06:45:00+09:00,J4,782,822,1604
2020-01-15T06:45:00+09:00,J5,599,554,1153
2020-01-15T07:00:00+09:00,J1,829,910,1739
2020-01-15T07:00:00+09:00,J2,627,660,1287
2020-01-15T07:00:00+09:00,J3,764,572,1336
2020-01-15T07:00:00+09:00,J4,832,874,1706
2020-01-15T07:00:00+09:00,J5,719,659,1378
2020-01-15T07:15:00+09:00,J1,857,994,1851
2020-01-15T07:15:00+09:00,J2,785,703,1488
2020-01-15T07:15:00+09:00,J3,812,634,1446
2020-01-15T07:15:00+09:00,J4,790,804,1594
2020-01-15T07:15:00+09:00,J5,719,639,1358
2020-01-15T07:30:00+09:00,J1,965,1039,2004
2020-01-15T07:30:00+09:00,J2,727,735,1462
2020-01-15T07:30:00+09:00,J3,944,771,1715
2020-01-15T07:30:00+09:00,J4,900,1009,1909
2020-01-15T07:30:00+09:00,J5,589,590,1179
2020-01-15T07:45:00+09:00,J1,1107,1105,2212
2020-01-15T07:45:00+09:00,J2,964,725,1689
2020-01-15T07:45:00+09:00,J3,1029,809,1838
2020-01-15T07:45:00+09:00,J4,804,1058,1862
2020-01-15T07:45:00+09:00,J5,644,621,1265
2020-01-15T08:00:00+09:00,J1,1090,1189,2279
2020-01-15T08:00:00+09:00,J2,1017,803,1820
2020-01-15T08:00:00+09:00,J3,1122,832,1954
2020-01-15T08:00:00+09:00,J4,803,1158,1961
2020-01-15T08:00:00+09:00,J5,609,563,1172
2020-01-15T08:15:00+09:00,J1,1134,1132,2266
2020-01-15T08:15:00+09:00,J2,1154,848,2002
2020-01-15T08:15:00+09:00,J3,1160,965,2125
2020-01-15T08:15:00+09:00,J4,842,1130,1972
2020-01-15T08:15:00+09:00,J5,625,653,1278
2020-01-15T08:30:00+09:00,J1,1237,1094,2331
2020-01-15T08:30:00+09:00,J2,1104,768,1872
2020-01-15T08:30:00+09:00,J3,921,967,1888
2020-01-15T08:30:00+09:00,J4,716,1115,1831
2020-01-15T08:30:00+09:00,J5,545,551,1096
2020-01-15T08:45:00+09:00,J1,1117,1058,2175
2020-01-15T08:45:00+09:00,J2,1046,740,1786
2020-01-15T08:45:00+09:00,J3,851,857,1708
2020-01-15T08:45:00+09:00,J4,766,1015,1781
2020-01-15T08:45:00+09:00,J5,639,516,1155
2020-01-15T09:00:00+09:00,J1,1062,1130,2192
2020-01-15T09:00:00+09:00,J2,964,685,1649
2020-01-15T09:00:00+09:00,J3,861,719,1580
2020-01-15T09:00:00+09:00,J4,853,881,1734
2020-01-15T09:00:00+09:00,J5,512,466,978
2020-01-15T09:15:00+09:00,J1,1121,1149,2270
2020-01-15T09:15:00+09:00,J2,842,718,1560
2020-01-15T09:15:00+09:00,J3,710,693,1403
2020-01-15T09:15:00+09:00,J4,968,975,1943
2020-01-15T09:15:00+09:00,J5,585,554,1139
2020-01-15T09:30:00+09:00,J1,1072,1094,2166
2020-01-15T09:30:00+09:00,J2,881,796,1677
2020-01-15T09:30:00+09:00,J3,638,653,1291
2020-01-15T09:30:00+09:00,J4,927,914,1841
2020-01-15T09:30:00+09:00,J5,530,579,1109
2020-01-15T09:45:00+09:00,J1,1023,1059,2082
2020-01-15T09:45:00+09:00,J2,811,671,1482
2020-01-15T09:45:00+09:00,J3,778,604,1382
2020-01-15T09:45:00+09:00,J4,719,800,1519
2020-01-15T09:45:00+09:00,J5,452,470,922
2020-01-15T10:00:00+09:00,J1,1019,1129,2148
2020-01-15T10:00:00+09:00,J2,702,733,1435
2020-01-15T10:00:00+09:00,J3,664,630,1294
2020-01-15T10:00:00+09:00,J4,630,771,1401
2020-01-15T10:00:00+09:00,J5,443,448,891
2020-01-15T10:15:00+09:00,J1,1035,1101,2136
2020-01-15T10:15:00+09:00,J2,741,692,1433
2020-01-15T10:15:00+09:00,J3,721,594,1315
2020-01-15T10:15:00+09:00,J4,645,710,1355
2020-01-15T10:15:00+09:00,J5,415,438,853
2020-01-15T10:30:00+09:00,J1,1076,1083,2159
2020-01-15T10:30:00+09:00,J2,665,613,1278
2020-01-15T10:30:00+09:00,J3,666,647,1313
2020-01-15T10:30:00+09:00,J4,660,749,1409
2020-01-15T10:30:00+09:00,J5,483,425,908
2020-01-15T10:45:00+09:00,J1,991,1110,2101
2020-01-15T10:45:00+09:00,J2,697,742,1439
2020-01-15T10:45:00+09:00,J3,673,627,1300
2020-01-15T10:45:00+09:00,J4,712,849,1561
2020-01-15T10:45:00+09:00,J5,399,439,838
2020-01-15T11:00:00+09:00,J1,1016,1057,2073
2020-01-15T11:00:00+09:00,J2,767,698,1465
2020-01-15T11:00:00+09:00,J3,698,645,1343
2020-01-15T11:00:00+09:00,J4,751,726,1477
2020-01-15T11:00:00+09:00,J5,425,447,872
2020-01-15T11:15:00+09:00,J1,955,1174,2129
2020-01-15T11:15:00+09:00,J2,844,747,1591
2020-01-15T11:15:00+09:00,J3,902,893,1795
2020-01-15T11:15:00+09:00,J4,628,674,1302
2020-01-15T11:15:00+09:00,J5,540,556,1096
2020-01-15T11:30:00+09:00,J1,983,1223,2206
2020-01-15T11:30:00+09:00,J2,837,765,1602
2020-01-15T11:30:00+09:00,J3,821,832,1653
2020-01-15T11:30:00+09:00,J4,643,679,1322
2020-01-15T11:30:00+09:00,J5,491,434,925
2020-01-15T11:45:00+09:00,J1,1009,1223,2232
2020-01-15T11:45:00+09:00,J2,773,737,1510
2020-01-15T11:45:00+09:00,J3,860,826,1686
2020-01-15T11:45:00+09:00,J4,597,616,1213
2020-01-15T11:45:00+09:00,J5,412,421,833
2020-01-15T12:00:00+09:00,J1,1025,1202,2227
2020-01-15T12:00:00+09:00,J2,846,767,1613
2020-01-15T12:00:00+09:00,J3,921,827,1748
2020-01-15T12:00:00+09:00,J4,627,722,1349
2020-01-15T12:00:00+09:00,J5,535,508,1043
2020-01-15T12:15:00+09:00,J1,927,1168,2095
2020-01-15T12:15:00+09:00,J2,816,755,1571
2020-01-15T12:15:00+09:00,J3,887,715,1602
2020-01-15T12:15:00+09:00,J4,595,734,1329
2020-01-15T12:15:00+09:00,J5,485,504,989
2020-01-15T12:30:00+09:00,J1,931,1161,2092
2020-01-15T12:30:00+09:00,J2,840,804,1644
2020-01-15T12:30:00+09:00,J3,876,761,1637
2020-01-15T12:30:00+09:00,J4,647,776,1423
2020-01-15T12:30:00+09:00,J5,584,527,1111
2020-01-15T12:45:00+09:00,J1,959,1170,2129
2020-01-15T12:45:00+09:00,J2,918,810,1728
2020-01-15T12:45:00+09:00,J3,844,683,1527
2020-01-15T12:45:00+09:00,J4,532,686,1218
2020-01-15T12:45:00+09:00,J5,493,432,925
2020-01-15T13:00:00+09:00,J1,937,1176,2113
2020-01-15T13:00:00+09:00,J2,725,795,1520
2020-01-15T13:00:00+09:00,J3,908,641,1549
2020-01-15T13:00:00+09:00,J4,611,628,1239
2020-01-15T13:00:00+09:00,J5,504,422,926
2020-01-15T13:15:00+09:00,J1,916,1155,2071
2020-01-15T13:15:00+09:00,J2,725,782,1507
2020-01-15T13:15:00+09:00,J3,860,768,1628
2020-01-15T13:15:00+09:00,J4,578,696,1274
2020-01-15T13:15:00+09:00,J5,450,428,878
2020-01-15T13:30:00+09:00,J1,950,1175,2125
2020-01-15T13:30:00+09:00,J2,865,785,1650
2020-01-15T13:30:00+09:00,J3,900,735,1635
2020-01-15T13:30:00+09:00,J4,592,692,1284
2020-01-15T13:30:00+09:00,J5,471,443,914
2020-01-15T13:45:00+09:00,J1,999,1169,2168
2020-01-15T13:45:00+09:00,J2,737,741,1478
2020-01-15T13:45:00+09:00,J3,869,755,1624
2020-01-15T13:45:00+09:00,J4,713,588,1301
2020-01-15T13:45:00+09:00,J5,418,393,811
2020-01-15T14:00:00+09:00,J1,954,1206,2160
2020-01-15T14:00:00+09:00,J2,804,811,1615
2020-01-15T14:00:00+09:00,J3,867,744,1611
2020-01-15T14:00:00+09:00,J4,629,660,1289
2020-01-15T14:00:00+09:00,J5,444,439,883
2020-01-15T14:15:00+09:00,J1,947,1179,2126
2020-01-15T14:15:00+09:00,J2,790,760,1550
2020-01-15T14:15:00+09:00,J3,833,723,1556
2020-01-15T14:15:00+09:00,J4,643,699,1342
2020-01-15T14:15:00+09:00,J5,482,444,926
2020-01-15T14:30:00+09:00,J1,988,1131,2119
2020-01-15T14:30:00+09:00,J2,865,761,1626
2020-01-15T14:30:00+09:00,J3,876,797,1673
2020-01-15T14:30:00+09:00,J4,679,705,1384
2020-01-15T14:30:00+09:00,J5,436,462,898
2020-01-15T14:45:00+09:00,J1,952,1195,2147
2020-01-15T14:45:00+09:00,J2,774,745,1519
2020-01-15T14:45:00+09:00,J3,859,773,1632
2020-01-15T14:45:00+09:00,J4,603,683,1286
2020-01-15T14:45:00+09:00,J5,429,410,839
2020-01-15T15:00:00+09:00,J1,960,1175,2135
2020-01-15T15:00:00+09:00,J2,785,699,1484
2020-01-15T15:00:00+09:00,J3,835,769,1604
2020-01-15T15:00:00+09:00,J4,687,685,1372
2020-01-15T15:00:00+09:00,J5,484,436,920
2020-01-15T15:15:00+09:00,J1,957,1224,2181
2020-01-15T15:15:00+09:00,J2,774,797,1571
2020-01-15T15:15:00+09:00,J3,844,784,1628
2020-01-15T15:15:00+09:00,J4,743,699,1442
2020-01-15T15:15:00+09:00,J5,454,436,890
2020-01-15T15:30:00+09:00,J1,1014,1197,2211
2020-01-15T15:30:00+09:00,J2,785,750,1535
2020-01-15T15:30:00+09:00,J3,874,807,1681
2020-01-15T15:30:00+09:00,J4,634,643,1277
2020-01-15T15:30:00+09:00,J5,531,441,972
2020-01-15T15:45:00+09:00,J1,943,1233,2176
2020-01-15T15:45:00+09:00,J2,802,757,1559
2020-01-15T15:45:00+09:00,J3,889,814,1703
2020-01-15T15:45:00+09:00,J4,639,610,1249
2020-01-15T15:45:00+09:00,J5,455,420,875
2020-01-15T16:00:00+09:00,J1,979,1226,2205
2020-01-15T16:00:00+09:00,J2,779,707,1486
2020-01-15T16:00:00+09:00,J3,827,744,1571
2020-01-15T16:00:00+09:00,J4,639,684,1323
2020-01-15T16:00:00+09:00,J5,464,447,911
2020-01-15T16:15:00+09:00,J1,972,1193,2165
2020-01-15T16:15:00+09:00,J2,832,706,1538
2020-01-15T16:15:00+09:00,J3,890,756,1646
2020-01-15T16:15:00+09:00,J4,710,725,1435
2020-01-15T16:15:00+09:00,J5,486,429,915
2020-01-15T16:30:00+09:00,J1,1008,1220,2228
2020-01-15T16:30:00+09:00,J2,813,731,1544
2020-01-15T16:30:00+09:00,J3,989,625,1614
2020-01-15T16:30:00+09:00,J4,719,660,1379
2020-01-15T16:30:00+09:00,J5,555,519,1074
2020-01-15T16:45:00+09:00,J1,1006,1223,2229
2020-01-15T16:45:00+09:00,J2,837,757,1594
2020-01-15T16:45:00+09:00,J3,918,677,1595
2020-01-15T16:45:00+09:00,J4,692,683,1375
2020-01-15T16:45:00+09:00,J5,510,543,1053
2020-01-15T17:00:00+09:00,J1,1076,1182,2258
2020-01-15T17:00:00+09:00,J2,986,835,1821
2020-01-15T17:00:00+09:00,J3,1061,745,1806
2020-01-15T17:00:00+09:00,J4,954,945,1899
2020-01-15T17:00:00+09:00,J5,593,557,1150
2020-01-15T17:15:00+09:00,J1,978,1248,2226
2020-01-15T17:15:00+09:00,J2,959,1048,2007
2020-01-15T17:15:00+09:00,J3,1051,772,1823
2020-01-15T17:15:00+09:00,J4,1036,965,2001
2020-01-15T17:15:00+09:00,J5,638,671,1309
2020-01-15T17:30:00+09:00,J1,1027,1209,2236
2020-01-15T17:30:00+09:00,J2,979,1121,2100
2020-01-15T17:30:00+09:00,J3,1093,858,1951
2020-01-15T17:30:00+09:00,J4,1061,990,2051
2020-01-15T17:30:00+09:00,J5,696,757,1453
2020-01-15T17:45:00+09:00,J1,1034,1225,2259
2020-01-15T17:45:00+09:00,J2,978,1158,2136
2020-01-15T17:45:00+09:00,J3,1147,911,2058
2020-01-15T17:45:00+09:00,J4,1129,974,2103
2020-01-15T17:45:00+09:00,J5,735,837,1572
2020-01-15T18:00:00+09:00,J1,1049,1250,2299
2020-01-15T18:00:00+09:00,J2,1155,1107,2262
2020-01-15T18:00:00+09:00,J3,1203,867,2070
2020-01-15T18:00:00+09:00,J4,1099,915,2014
2020-01-15T18:00:00+09:00,J5,766,847,1613
2020-01-15T18:15:00+09:00,J1,1029,1275,2304
2020-01-15T18:15:00+09:00,J2,1179,1059,2238
2020-01-15T18:15:00+09:00,J3,1243,858,2101
2020-01-15T18:15:00+09:00,J4,906,805,1711
2020-01-15T18:15:00+09:00,J5,732,933,1665
2020-01-15T18:30:00+09:00,J1,1072,1234,2306
2020-01-15T18:30:00+09:00,J2,1000,960,1960
2020-01-15T18:30:00+09:00,J3,1138,803,1941
2020-01-15T18:30:00+09:00,J4,848,726,1574
2020-01-15T18:30:00+09:00,J5,609,776,1385
2020-01-15T18:45:00+09:00,J1,1081,1184,2265
2020-01-15T18:45:00+09:00,J2,1029,962,1991
2020-01-15T18:45:00+09:00,J3,933,763,1696
2020-01-15T18:45:00+09:00,J4,753,832,1585
2020-01-15T18:45:00+09:00,J5,501,670,1171
2020-01-15T19:00:00+09:00,J1,992,1209,2201
2020-01-15T19:00:00+09:00,J2,900,782,1682
2020-01-15T19:00:00+09:00,J3,929,634,1563
2020-01-15T19:00:00+09:00,J4,884,842,1726
2020-01-15T19:00:00+09:00,J5,476,592,1068
2020-01-15T19:15:00+09:00,J1,1027,1236,2263
2020-01-15T19:15:00+09:00,J2,801,684,1485
2020-01-15T19:15:00+09:00,J3,961,633,1594
2020-01-15T19:15:00+09:00,J4,949,995,1944
2020-01-15T19:15:00+09:00,J5,449,669,1118
2020-01-15T19:30:00+09:00,J1,972,1122,2094
2020-01-15T19:30:00+09:00,J2,716,649,1365
2020-01-15T19:30:00+09:00,J3,878,618,1496
2020-01-15T19:30:00+09:00,J4,855,916,1771
2020-01-15T19:30:00+09:00,J5,420,520,940
2020-01-15T19:45:00+09:00,J1,951,1154,2105
2020-01-15T19:45:00+09:00,J2,694,633,1327
2020-01-15T19:45:00+09:00,J3,833,623,1456
2020-01-15T19:45:00+09:00,J4,794,723,1517
2020-01-15T19:45:00+09:00,J5,402,516,918
2020-01-15T20:00:00+09:00,J1,948,1163,2111
2020-01-15T20:00:00+09:00,J2,688,589,1277
2020-01-15T20:00:00+09:00,J3,807,711,1518
2020-01-15T20:00:00+09:00,J4,740,745,1485
2020-01-15T20:00:00+09:00,J5,438,497,935
2020-01-15T20:15:00+09:00,J1,947,1134,2081
2020-01-15T20:15:00+09:00,J2,671,634,1305
2020-01-15T20:15:00+09:00,J3,810,653,1463
2020-01-15T20:15:00+09:00,J4,702,742,1444
2020-01-15T20:15:00+09:00,J5,437,480,917
2020-01-15T20:30:00+09:00,J1,985,1121,2106
2020-01-15T20:30:00+09:00,J2,709,622,1331
2020-01-15T20:30:00+09:00,J3,803,568,1371
2020-01-15T20:30:00+09:00,J4,583,637,1220
2020-01-15T20:30:00+09:00,J5,438,460,898
2020-01-15T20:45:00+09:00,J1,1006,1149,2155
2020-01-15T20:45:00+09:00,J2,664,646,1310
2020-01-15T20:45:00+09:00,J3,735,566,1301
2020-01-15T20:45:00+09:00,J4,647,591,1238
2020-01-15T20:45:00+09:00,J5,379,451,830
2020-01-15T21:00:00+09:00,J1,924,1104,2028
2020-01-15T21:00:00+09:00,J2,682,731,1413
2020-01-15T21:00:00+09:00,J3,770,607,1377
2020-01-15T21:00:00+09:00,J4,697,777,1474
2020-01-15T21:00:00+09:00,J5,351,419,770
2020-01-15T21:15:00+09:00,J1,947,1078,2025
2020-01-15T21:15:00+09:00,J2,657,664,1321
2020-01-15T21:15:00+09:00,J3,694,512,1206
2020-01-15T21:15:00+09:00,J4,786,783,1569
2020-01-15T21:15:00+09:00,J5,320,355,675
2020-01-15T21:30:00+09:00,J1,902,1086,1988
2020-01-15T21:30:00+09:00,J2,717,683,1400
2020-01-15T21:30:00+09:00,J3,755,490,1245
2020-01-15T21:30:00+09:00,J4,796,831,1627
2020-01-15T21:30:00+09:00,J5,322,342,664
2020-01-15T21:45:00+09:00,J1,882,1095,1977
2020-01-15T21:45:00+09:00,J2,826,795,1621
2020-01-15T21:45:00+09:00,J3,616,464,1080
2020-01-15T21:45:00+09:00,J4,719,946,1665
2020-01-15T21:45:00+09:00,J5,366,374,740
2020-01-15T22:00:00+09:00,J1,873,1051,1924
2020-01-15T22:00:00+09:00,J2,765,762,1527
2020-01-15T22:00:00+09:00,J3,631,502,1133
2020-01-15T22:00:00+09:00,J4,794,932,1726
2020-01-15T22:00:00+09:00,J5,360,368,728
2020-01-15T22:15:00+09:00,J1,793,1074,1867
2020-01-15T22:15:00+09:00,J2,821,819,1640
2020-01-15T22:15:00+09:00,J3,567,487,1054
2020-01-15T22:15:00+09:00,J4,721,860,1581
2020-01-15T22:15:00+09:00,J5,338,333,671
2020-01-15T22:30:00+09:00,J1,866,1040,1906
2020-01-15T22:30:00+09:00,J2,758,754,1512
2020-01-15T22:30:00+09:00,J3,553,468,1021
2020-01-15T22:30:00+09:00,J4,683,837,1520
2020-01-15T22:30:00+09:00,J5,461,402,863
2020-01-15T22:45:00+09:00,J1,924,1062,1986
2020-01-15T22:45:00+09:00,J2,729,842,1571
2020-01-15T22:45:00+09:00,J3,579,490,1069
2020-01-15T22:45:00+09:00,J4,688,794,1482
2020-01-15T22:45:00+09:00,J5,507,495,1002
2020-01-15T23:00:00+09:00,J1,828,1014,1842
2020-01-15T23:00:00+09:00,J2,737,777,1514
2020-01-15T23:00:00+09:00,J3,687,586,1273
2020-01-15T23:00:00+09:00,J4,592,858,1450
2020-01-15T23:00:00+09:00,J5,531,524,1055
2020-01-15T23:15:00+09:00,J1,853,1045,1898
2020-01-15T23:15:00+09:00,J2,708,780,1488
2020-01-15T23:15:00+09:00,J3,641,572,1213
2020-01-15T23:15:00+09:00,J4,646,764,1410
2020-01-15T23:15:00+09:00,J5,527,450,977
2020-01-15T23:30:00+09:00,J1,827,1020,1847
2020-01-15T23:30:00+09:00,J2,669,748,1417
2020-01-15T23:30:00+09:00,J3,745,598,1343
2020-01-15T23:30:00+09:00,J4,564,747,1311
2020-01-15T23:30:00+09:00,J5,476,505,981
2020-01-15T23:45:00+09:00,J1,855,981,1836
2020-01-15T23:45:00+09:00,J2,772,739,1511
2020-01-15T23:45:00+09:00,J3,535,448,983
2020-01-15T23:45:00+09:00,J4,520,657,1177
2020-01-15T23:45:00+09:00,J5,530,514,1044
2020-01-16T00:00:00+09:00,J1,802,850,1652
2020-01-16T00:00:00+09:00,J2,527,549,1076
2020-01-16T00:00:00+09:00,J3,539,545,1084
2020-01-16T00:00:00+09:00,J4,491,578,1069
2020-01-16T00:00:00+09:00,J5,526,500,1026
2020-01-16T00:15:00+09:00,J1,650,660,1310
2020-01-16T00:15:00+09:00,J2,449,529,978
2020-01-16T00:15:00+09:00,J3,571,541,1112
2020-01-16T00:15:00+09:00,J4,515,619,1134
2020-01-16T00:15:00+09:00,J5,492,515,1007
2020-01-16T00:30:00+09:00,J1,545,469,1014
2020-01-16T00:30:00+09:00,J2,459,487,946
2020-01-16T00:30:00+09:00,J3,594,458,1052
2020-01-16T00:30:00+09:00,J4,751,635,1386
2020-01-16T00:30:00+09:00,J5,488,446,934
2020-01-16T00:45:00+09:00,J1,518,564,1082
2020-01-16T00:45:00+09:00,J2,481,547,1028
2020-01-16T00:45:00+09:00,J3,620,505,1125
2020-01-16T00:45:00+09:00,J4,687,726,1413
2020-01-16T00:45:00+09:00,J5,523,486,1009
2020-01-16T05:45:00+09:00,J1,815,784,1599
2020-01-16T05:45:00+09:00,J2,560,535,1095
2020-01-16T05:45:00+09:00,J3,855,632,1487
2020-01-16T05:45:00+09:00,J4,885,796,1681
2020-01-16T05:45:00+09:00,J5,510,537,1047
2020-01-16T06:00:00+09:00,J1,762,699,1461
2020-01-16T06:00:00+09:00,J2,578,641,1219
2020-01-16T06:00:00+09:00,J3,967,699,1666
2020-01-16T06:00:00+09:00,J4,873,747,1620
2020-01-16T06:00:00+09:00,J5,542,510,1052
2020-01-16T06:15:00+09:00,J1,773,754,1527
2020-01-16T06:15:00+09:00,J2,649,701,1350
2020-01-16T06:15:00+09:00,J3,1002,676,1678
2020-01-16T06:15:00+09:00,J4,880,721,1601
2020-01-16T06:15:00+09:00,J5,583,560,1143
2020-01-16T06:30:00+09:00,J1,738,841,1579
2020-01-16T06:30:00+09:00,J2,695,703,1398
2020-01-16T06:30:00+09:00,J3,1043,738,1781
2020-01-16T06:30:00+09:00,J4,803,825,1628
2020-01-16T06:30:00+09:00,J5,632,586,1218
2020-01-16T06:45:00+09:00,J1,796,846,1642
2020-01-16T06:45:00+09:00,J2,668,724,1392
2020-01-16T06:45:00+09:00,J3,937,752,1689
2020-01-16T06:45:00+09:00,J4,823,862,1685
2020-01-16T06:45:00+09:00,J5,655,534,1189
2020-01-16T07:00:00+09:00,J1,917,967,1884
2020-01-16T07:00:00+09:00,J2,657,592,1249
2020-01-16T07:00:00+09:00,J3,940,881,1821
2020-01-16T07:00:00+09:00,J4,888,867,1755
2020-01-16T07:00:00+09:00,J5,657,585,1242
2020-01-16T07:15:00+09:00,J1,856,995,1851
2020-01-16T07:15:00+09:00,J2,725,597,1322
2020-01-16T07:15:00+09:00,J3,1003,906,1909
2020-01-16T07:15:00+09:00,J4,941,952,1893
2020-01-16T07:15:00+09:00,J5,633,617,1250
2020-01-16T07:30:00+09:00,J1,977,1019,1996
2020-01-16T07:30:00+09:00,J2,755,608,1363
2020-01-16T07:30:00+09:00,J3,1210,1047,2257
2020-01-16T07:30:00+09:00,J4,912,1012,1924
2020-01-16T07:30:00+09:00,J5,574,524,1098
2020-01-16T07:45:00+09:00,J1,1007,1120,2127
2020-01-16T07:45:00+09:00,J2,951,778,1729
2020-01-16T07:45:00+09:00,J3,1300,1146,2446
2020-01-16T07:45:00+09:00,J4,730,1035,1765
2020-01-16T07:45:00+09:00,J5,702,666,1368
2020-01-16T08:00:00+09:00,J1,1056,1114,2170
2020-01-16T08:00:00+09:00,J2,1077,731,1808
2020-01-16T08:00:00+09:00,J3,1394,1221,2615
2020-01-16T08:00:00+09:00,J4,756,1064,1820
2020-01-16T08:00:00+09:00,J5,540,622,1162
2020-01-16T08:15:00+09:00,J1,1122,1117,2239
2020-01-16T08:15:00+09:00,J2,1129,848,1977
2020-01-16T08:15:00+09:00,J3,1453,1467,2920
2020-01-16T08:15:00+09:00,J4,802,1163,1965
2020-01-16T08:15:00+09:00,J5,591,586,1177
2020-01-16T08:30:00+09:00,J1,1257,1158,2415
2020-01-16T08:30:00+09:00,J2,1244,677,1921
2020-01-16T08:30:00+09:00,J3,1344,1423,2767
2020-01-16T08:30:00+09:00,J4,791,1115,1906
2020-01-16T08:30:00+09:00,J5,531,569,1100
2020-01-16T08:45:00+09:00,J1,1098,1138,2236
2020-01-16T08:45:00+09:00,J2,936,574,1510
2020-01-16T08:45:00+09:00,J3,1087,1038,2125
2020-01-16T08:45:00+09:00,J4,762,1105,1867
2020-01-16T08:45:00+09:00,J5,581,533,1114
2020-01-16T09:00:00+09:00,J1,1113,1106,2219
2020-01-16T09:00:00+09:00,J2,761,576,1337
2020-01-16T09:00:00+09:00,J3,1126,975,2101
2020-01-16T09:00:00+09:00,J4,857,1018,1875
2020-01-16T09:00:00+09:00,J5,571,633,1204
2020-01-16T09:15:00+09:00,J1,1133,1118,2251
2020-01-16T09:15:00+09:00,J2,818,636,1454
2020-01-16T09:15:00+09:00,J3,985,907,1892
2020-01-16T09:15:00+09:00,J4,966,940,1906
2020-01-16T09:15:00+09:00,J5,524,551,1075
2020-01-16T09:30:00+09:00,J1,1041,1124,2165
2020-01-16T09:30:00+09:00,J2,757,675,1432
2020-01-16T09:30:00+09:00,J3,861,783,1644
2020-01-16T09:30:00+09:00,J4,970,972,1942
2020-01-16T09:30:00+09:00,J5,467,552,1019
2020-01-16T09:45:00+09:00,J1,1019,1131,2150
2020-01-16T09:45:00+09:00,J2,719,649,1368
2020-01-16T09:45:00+09:00,J3,955,892,1847
2020-01-16T09:45:00+09:00,J4,773,988,1761
2020-01-16T09:45:00+09:00,J5,418,480,898
2020-01-16T10:00:00+09:00,J1,1050,1131,2181
2020-01-16T10:00:00+09:00,J2,637,579,1216
2020-01-16T10:00:00+09:00,J3,994,953,1947
2020-01-16T10:00:00+09:00,J4,709,919,1628
2020-01-16T10:00:00+09:00,J5,429,442,871
2020-01-16T10:15:00+09:00,J1,1073,1172,2245
2020-01-16T10:15:00+09:00,J2,640,603,1243
2020-01-16T10:15:00+09:00,J3,1060,975,2035
2020-01-16T10:15:00+09:00,J4,650,806,1456
2020-01-16T10:15:00+09:00,J5,376,400,776
2020-01-16T10:30:00+09:00,J1,1066,1134,2200
2020-01-16T10:30:00+09:00,J2,688,637,1325
2020-01-16T10:30:00+09:00,J3,1098,1032,2130
2020-01-16T10:30:00+09:00,J4,729,812,1541
2020-01-16T10:30:00+09:00,J5,473,456,929
2020-01-16T10:45:00+09:00,J1,1073,1101,2174
2020-01-16T10:45:00+09:00,J2,651,622,1273
2020-01-16T10:45:00+09:00,J3,1080,1009,2089
2020-01-16T10:45:00+09:00,J4,726,892,1618
2020-01-16T10:45:00+09:00,J5,434,447,881
2020-01-16T11:00:00+09:00,J1,1052,1165,2217
2020-01-16T11:00:00+09:00,J2,697,734,1431
2020-01-16T11:00:00+09:00,J3,1010,942,1952
2020-01-16T11:00:00+09:00,J4,648,889,1537
2020-01-16T11:00:00+09:00,J5,408,418,826
2020-01-16T11:15:00+09:00,J1,1059,1152,2211
2020-01-16T11:15:00+09:00,J2,725,778,1503
2020-01-16T11:15:00+09:00,J3,1094,939,2033
2020-01-16T11:15:00+09:00,J4,712,768,1480
2020-01-16T11:15:00+09:00,J5,546,545,1091
2020-01-16T11:30:00+09:00,J1,950,1197,2147
2020-01-16T11:30:00+09:00,J2,730,803,1533
2020-01-16T11:30:00+09:00,J3,1069,919,1988
2020-01-16T11:30:00+09:00,J4,758,832,1590
2020-01-16T11:30:00+09:00,J5,493,461,954
2020-01-16T11:45:00+09:00,J1,977,1184,2161
2020-01-16T11:45:00+09:00,J2,827,818,1645
2020-01-16T11:45:00+09:00,J3,1164,1059,2223
2020-01-16T11:45:00+09:00,J4,695,861,1556
2020-01-16T11:45:00+09:00,J5,423,431,854
2020-01-16T12:00:00+09:00,J1,1013,1185,2198
2020-01-16T12:00:00+09:00,J2,884,774,1658
2020-01-16T12:00:00+09:00,J3,1290,1035,2325
2020-01-16T12:00:00+09:00,J4,701,783,1484
2020-01-16T12:00:00+09:00,J5,541,615,1156
2020-01-16T12:15:00+09:00,J1,971,1190,2161
2020-01-16T12:15:00+09:00,J2,741,713,1454
2020-01-16T12:15:00+09:00,J3,1323,999,2322
2020-01-16T12:15:00+09:00,J4,683,766,1449
2020-01-16T12:15:00+09:00,J5,560,556,1116
2020-01-16T12:30:00+09:00,J1,967,1169,2136
2020-01-16T12:30:00+09:00,J2,740,737,1477
2020-01-16T12:30:00+09:00,J3,1333,1116,2449
2020-01-16T12:30:00+09:00,J4,685,764,1449
2020-01-16T12:30:00+09:00,J5,531,469,1000
2020-01-16T12:45:00+09:00,J1,959,1169,2128
2020-01-16T12:45:00+09:00,J2,724,720,1444
2020-01-16T12:45:00+09:00,J3,1196,1126,2322
2020-01-16T12:45:00+09:00,J4,661,770,1431
2020-01-16T12:45:00+09:00,J5,469,380,849
2020-01-16T13:00:00+09:00,J1,966,1141,2107
2020-01-16T13:00:00+09:00,J2,732,687,1419
2020-01-16T13:00:00+09:00,J3,1073,981,2054
2020-01-16T13:00:00+09:00,J4,677,707,1384
2020-01-16T13:00:00+09:00,J5,480,407,887
2020-01-16T13:15:00+09:00,J1,986,1143,2129
2020-01-16T13:15:00+09:00,J2,770,784,1554
2020-01-16T13:15:00+09:00,J3,1093,1039,2132
2020-01-16T13:15:00+09:00,J4,648,769,1417
2020-01-16T13:15:00+09:00,J5,516,490,1006
2020-01-16T13:30:00+09:00,J1,947,1143,2090
2020-01-16T13:30:00+09:00,J2,743,729,1472
2020-01-16T13:30:00+09:00,J3,1109,1054,2163
2020-01-16T13:30:00+09:00,J4,619,759,1378
2020-01-16T13:30:00+09:00,J5,490,474,964
2020-01-16T13:45:00+09:00,J1,904,1156,2060
2020-01-16T13:45:00+09:00,J2,725,699,1424
2020-01-16T13:45:00+09:00,J3,1027,976,2003
2020-01-16T13:45:00+09:00,J4,662,709,1371
2020-01-16T13:45:00+09:00,J5,462,471,933
2020-01-16T14:00:00+09:00,J1,864,1170,2034
2020-01-16T14:00:00+09:00,J2,712,735,1447
2020-01-16T14:00:00+09:00,J3,1004,936,1940
2020-01-16T14:00:00+09:00,J4,685,790,1475
2020-01-16T14:00:00+09:00,J5,437,398,835
2020-01-16T14:15:00+09:00,J1,886,1189,2075
2020-01-16T14:15:00+09:00,J2,733,819,1552
2020-01-16T14:15:00+09:00,J3,1125,971,2096
2020-01-16T14:15:00+09:00,J4,721,765,1486
2020-01-16T14:15:00+09:00,J5,494,484,978
2020-01-16T14:30:00+09:00,J1,958,1126,2084
2020-01-16T14:30:00+09:00,J2,751,891,1642
2020-01-16T14:30:00+09:00,J3,1040,955,1995
2020-01-16T14:30:00+09:00,J4,775,819,1594
2020-01-16T14:30:00+09:00,J5,481,497,978
2020-01-16T14:45:00+09:00,J1,906,1181,2087
2020-01-16T14:45:00+09:00,J2,652,735,1387
2020-01-16T14:45:00+09:00,J3,1080,989,2069
2020-01-16T14:45:00+09:00,J4,727,763,1490
2020-01-16T14:45:00+09:00,J5,425,465,890
2020-01-16T15:00:00+09:00,J1,909,1177,2086
2020-01-16T15:00:00+09:00,J2,717,866,1583
2020-01-16T15:00:00+09:00,J3,1122,1040,2162
2020-01-16T15:00:00+09:00,J4,694,707,1401
2020-01-16T15:00:00+09:00,J5,468,481,949
2020-01-16T15:15:00+09:00,J1,905,1240,2145
2020-01-16T15:15:00+09:00,J2,772,815,1587
2020-01-16T15:15:00+09:00,J3,1055,1050,2105
2020-01-16T15:15:00+09:00,J4,745,736,1481
2020-01-16T15:15:00+09:00,J5,501,483,984
2020-01-16T15:30:00+09:00,J1,929,1138,2067
2020-01-16T15:30:00+09:00,J2,729,823,1552
2020-01-16T15:30:00+09:00,J3,1101,1064,2165
2020-01-16T15:30:00+09:00,J4,713,779,1492
2020-01-16T15:30:00+09:00,J5,496,458,954
2020-01-16T15:45:00+09:00,J1,900,1133,2033
2020-01-16T15:45:00+09:00,J2,689,790,1479
2020-01-16T15:45:00+09:00,J3,1031,1077,2108
2020-01-16T15:45:00+09:00,J4,815,735,1550
2020-01-16T15:45:00+09:00,J5,462,447,909
2020-01-16T16:00:00+09:00,J1,916,1196,2112
2020-01-16T16:00:00+09:00,J2,691,759,1450
2020-01-16T16:00:00+09:00,J3,1026,994,2020
2020-01-16T16:00:00+09:00,J4,681,682,1363
2020-01-16T16:00:00+09:00,J5,461,430,891
2020-01-16T16:15:00+09:00,J1,972,1168,2140
2020-01-16T16:15:00+09:00,J2,747,819,1566
2020-01-16T16:15:00+09:00,J3,1045,1019,2064
2020-01-16T16:15:00+09:00,J4,683,744,1427
2020-01-16T16:15:00+09:00,J5,493,435,928
2020-01-16T16:30:00+09:00,J1,995,1173,2168
2020-01-16T16:30:00+09:00,J2,720,775,1495
2020-01-16T16:30:00+09:00,J3,1216,974,2190
2020-01-16T16:30:00+09:00,J4,728,665,1393
2020-01-16T16:30:00+09:00,J5,521,487,1008
2020-01-16T16:45:00+09:00,J1,962,1212,2174
2020-01-16T16:45:00+09:00,J2,751,829,1580
2020-01-16T16:45:00+09:00,J3,1099,1022,2121
2020-01-16T16:45:00+09:00,J4,714,708,1422
2020-01-16T16:45:00+09:00,J5,533,488,1021
2020-01-16T17:00:00+09:00,J1,1029,1202,2231
2020-01-16T17:00:00+09:00,J2,843,929,1772
2020-01-16T17:00:00+09:00,J3,1253,1012,2265
2020-01-16T17:00:00+09:00,J4,1018,912,1930
2020-01-16T17:00:00+09:00,J5,605,577,1182
2020-01-16T17:15:00+09:00,J1,981,1240,2221
2020-01-16T17:15:00+09:00,J2,972,1003,1975
2020-01-16T17:15:00+09:00,J3,1364,1138,2502
2020-01-16T17:15:00+09:00,J4,1159,1024,2183
2020-01-16T17:15:00+09:00,J5,713,692,1405
2020-01-16T17:30:00+09:00,J1,1037,1197,2234
2020-01-16T17:30:00+09:00,J2,1033,1039,2072
2020-01-16T17:30:00+09:00,J3,1580,1239,2819
2020-01-16T17:30:00+09:00,J4,1199,1083,2282
2020-01-16T17:30:00+09:00,J5,704,724,1428
2020-01-16T17:45:00+09:00,J1,1064,1215,2279
2020-01-16T17:45:00+09:00,J2,933,1085,2018
2020-01-16T17:45:00+09:00,J3,1546,1247,2793
2020-01-16T17:45:00+09:00,J4,1233,1133,2366
2020-01-16T17:45:00+09:00,J5,762,785,1547
2020-01-16T18:00:00+09:00,J1,1064,1296,2360
2020-01-16T18:00:00+09:00,J2,1043,917,1960
2020-01-16T18:00:00+09:00,J3,1564,1194,2758
2020-01-16T18:00:00+09:00,J4,1274,966,2240
2020-01-16T18:00:00+09:00,J5,767,834,1601
2020-01-16T18:15:00+09:00,J1,1048,1253,2301
2020-01-16T18:15:00+09:00,J2,1024,848,1872
2020-01-16T18:15:00+09:00,J3,1520,1335,2855
2020-01-16T18:15:00+09:00,J4,1045,874,1919
2020-01-16T18:15:00+09:00,J5,678,895,1573
2020-01-16T18:30:00+09:00,J1,1067,1176,2243
2020-01-16T18:30:00+09:00,J2,996,838,1834
2020-01-16T18:30:00+09:00,J3,1422,1136,2558
2020-01-16T18:30:00+09:00,J4,849,738,1587
2020-01-16T18:30:00+09:00,J5,551,758,1309
2020-01-16T18:45:00+09:00,J1,1022,1112,2134
2020-01-16T18:45:00+09:00,J2,891,857,1748
2020-01-16T18:45:00+09:00,J3,1262,969,2231
2020-01-16T18:45:00+09:00,J4,797,755,1552
2020-01-16T18:45:00+09:00,J5,522,660,1182
2020-01-16T19:00:00+09:00,J1,1004,1139,2143
2020-01-16T19:00:00+09:00,J2,788,828,1616
2020-01-16T19:00:00+09:00,J3,1092,906,1998
2020-01-16T19:00:00+09:00,J4,780,797,1577
2020-01-16T19:00:00+09:00,J5,536,654,1190
2020-01-16T19:15:00+09:00,J1,953,1237,2190
2020-01-16T19:15:00+09:00,J2,812,678,1490
2020-01-16T19:15:00+09:00,J3,1106,988,2094
2020-01-16T19:15:00+09:00,J4,833,884,1717
2020-01-16T19:15:00+09:00,J5,475,630,1105
2020-01-16T19:30:00+09:00,J1,1055,1122,2177
2020-01-16T19:30:00+09:00,J2,703,583,1286
2020-01-16T19:30:00+09:00,J3,1065,854,1919
2020-01-16T19:30:00+09:00,J4,802,870,1672
2020-01-16T19:30:00+09:00,J5,423,551,974
2020-01-16T19:45:00+09:00,J1,963,1119,2082
2020-01-16T19:45:00+09:00,J2,622,588,1210
2020-01-16T19:45:00+09:00,J3,917,863,1780
2020-01-16T19:45:00+09:00,J4,812,856,1668
2020-01-16T19:45:00+09:00,J5,410,475,885
2020-01-16T20:00:00+09:00,J1,974,1112,2086
2020-01-16T20:00:00+09:00,J2,622,599,1221
2020-01-16T20:00:00+09:00,J3,1074,893,1967
2020-01-16T20:00:00+09:00,J4,783,806,1589
2020-01-16T20:00:00+09:00,J5,382,505,887
2020-01-16T20:15:00+09:00,J1,1007,1161,2168
2020-01-16T20:15:00+09:00,J2,788,672,1460
2020-01-16T20:15:00+09:00,J3,1175,1010,2185
2020-01-16T20:15:00+09:00,J4,877,722,1599
2020-01-16T20:15:00+09:00,J5,384,514,898
2020-01-16T20:30:00+09:00,J1,1004,1180,2184
2020-01-16T20:30:00+09:00,J2,719,721,1440
2020-01-16T20:30:00+09:00,J3,1185,863,2048
2020-01-16T20:30:00+09:00,J4,696,677,1373
2020-01-16T20:30:00+09:00,J5,383,457,840
2020-01-16T20:45:00+09:00,J1,964,1096,2060
2020-01-16T20:45:00+09:00,J2,604,754,1358
2020-01-16T20:45:00+09:00,J3,1100,909,2009
2020-01-16T20:45:00+09:00,J4,664,621,1285
2020-01-16T20:45:00+09:00,J5,360,415,775
2020-01-16T21:00:00+09:00,J1,946,1140,2086
2020-01-16T21:00:00+09:00,J2,590,618,1208
2020-01-16T21:00:00+09:00,J3,981,843,1824
2020-01-16T21:00:00+09:00,J4,681,728,1409
2020-01-16T21:00:00+09:00,J5,320,365,685
2020-01-16T21:15:00+09:00,J1,951,1083,2034
2020-01-16T21:15:00+09:00,J2,572,615,1187
2020-01-16T21:15:00+09:00,J3,1034,812,1846
2020-01-16T21:15:00+09:00,J4,703,757,1460
2020-01-16T21:15:00+09:00,J5,363,395,758
2020-01-16T21:30:00+09:00,J1,935,1096,2031
2020-01-16T21:30:00+09:00,J2,598,692,1290
2020-01-16T21:30:00+09:00,J3,1009,821,1830
2020-01-16T21:30:00+09:00,J4,727,742,1469
2020-01-16T21:30:00+09:00,J5,382,401,783
2020-01-16T21:45:00+09:00,J1,900,1108,2008
2020-01-16T21:45:00+09:00,J2,665,658,1323
2020-01-16T21:45:00+09:00,J3,949,720,1669
2020-01-16T21:45:00+09:00,J4,752,789,1541
2020-01-16T21:45:00+09:00,J5,378,318,696
2020-01-16T22:00:00+09:00,J1,877,1087,1964
2020-01-16T22:00:00+09:00,J2,717,685,1402
2020-01-16T22:00:00+09:00,J3,893,654,1547
2020-01-16T22:00:00+09:00,J4,706,829,1535
2020-01-16T22:00:00+09:00,J5,340,372,712
2020-01-16T22:15:00+09:00,J1,855,1077,1932
2020-01-16T22:15:00+09:00,J2,655,674,1329
2020-01-16T22:15:00+09:00,J3,853,672,1525
2020-01-16T22:15:00+09:00,J4,748,793,1541
2020-01-16T22:15:00+09:00,J5,368,332,700
2020-01-16T22:30:00+09:00,J1,871,1065,1936
2020-01-16T22:30:00+09:00,J2,792,692,1484
2020-01-16T22:30:00+09:00,J3,771,685,1456
2020-01-16T22:30:00+09:00,J4,696,734,1430
2020-01-16T22:30:00+09:00,J5,444,417,861
2020-01-16T22:45:00+09:00,J1,886,956,1842
2020-01-16T22:45:00+09:00,J2,805,683,1488
2020-01-16T22:45:00+09:00,J3,854,694,1548
2020-01-16T22:45:00+09:00,J4,685,790,1475
2020-01-16T22:45:00+09:00,J5,461,451,912
2020-01-16T23:00:00+09:00,J1,857,1045,1902
2020-01-16T23:00:00+09:00,J2,770,703,1473
2020-01-16T23:00:00+09:00,J3,926,761,1687
2020-01-16T23:00:00+09:00,J4,585,627,1212
2020-01-16T23:00:00+09:00,J5,540,512,1052
2020-01-16T23:15:00+09:00,J1,850,973,1823
2020-01-16T23:15:00+09:00,J2,753,668,1421
2020-01-16T23:15:00+09:00,J3,807,645,1452
2020-01-16T23:15:00+09:00,J4,630,689,1319
2020-01-16T23:15:00+09:00,J5,502,531,1033
2020-01-16T23:30:00+09:00,J1,788,864,1652
2020-01-16T23:30:00+09:00,J2,764,668,1432
2020-01-16T23:30:00+09:00,J3,761,644,1405
2020-01-16T23:30:00+09:00,J4,572,617,1189
2020-01-16T23:30:00+09:00,J5,504,481,985
2020-01-16T23:45:00+09:00,J1,853,941,1794
2020-01-16T23:45:00+09:00,J2,703,607,1310
2020-01-16T23:45:00+09:00,J3,779,553,1332
2020-01-16T23:45:00+09:00,J4,533,585,1118
2020-01-16T23:45:00+09:00,J5,444,417,861
2020-01-17T00:00:00+09:00,J1,722,830,1552
2020-01-17T00:00:00+09:00,J2,804,718,1522
2020-01-17T00:00:00+09:00,J3,688,613,1301
2020-01-17T00:00:00+09:00,J4,514,521,1035
2020-01-17T00:00:00+09:00,J5,514,587,1101
2020-01-17T00:15:00+09:00,J1,515,568,1083
2020-01-17T00:15:00+09:00,J2,709,660,1369
2020-01-17T00:15:00+09:00,J3,832,719,1551
2020-01-17T00:15:00+09:00,J4,448,422,870
2020-01-17T00:15:00+09:00,J5,581,552,1133
2020-01-17T00:30:00+09:00,J1,519,508,1027
2020-01-17T00:30:00+09:00,J2,704,661,1365
2020-01-17T00:30:00+09:00,J3,889,720,1609
2020-01-17T00:30:00+09:00,J4,475,615,1090
2020-01-17T00:30:00+09:00,J5,516,518,1034
2020-01-17T00:45:00+09:00,J1,454,508,962
2020-01-17T00:45:00+09:00,J2,739,678,1417
2020-01-17T00:45:00+09:00,J3,852,691,1543
2020-01-17T00:45:00+09:00,J4,533,594,1127
2020-01-17T00:45:00+09:00,J5,514,509,1023
2020-01-17T05:45:00+09:00,J1,736,763,1499
2020-01-17T05:45:00+09:00,J2,499,523,1022
2020-01-17T05:45:00+09:00,J3,881,605,1486
2020-01-17T05:45:00+09:00,J4,814,779,1593
2020-01-17T05:45:00+09:00,J5,433,453,886
2020-01-17T06:00:00+09:00,J1,724,715,1439
2020-01-17T06:00:00+09:00,J2,539,541,1080
2020-01-17T06:00:00+09:00,J3,939,682,1621
2020-01-17T06:00:00+09:00,J4,786,777,1563
2020-01-17T06:00:00+09:00,J5,527,538,1065
2020-01-17T06:15:00+09:00,J1,794,855,1649
2020-01-17T06:15:00+09:00,J2,561,632,1193
2020-01-17T06:15:00+09:00,J3,934,721,1655
2020-01-17T06:15:00+09:00,J4,800,782,1582
2020-01-17T06:15:00+09:00,J5,577,566,1143
2020-01-17T06:30:00+09:00,J1,732,801,1533
2020-01-17T06:30:00+09:00,J2,619,718,1337
2020-01-17T06:30:00+09:00,J3,914,726,1640
2020-01-17T06:30:00+09:00,J4,761,807,1568
2020-01-17T06:30:00+09:00,J5,627,579,1206
2020-01-17T06:45:00+09:00,J1,804,740,1544
2020-01-17T06:45:00+09:00,J2,648,683,1331
2020-01-17T06:45:00+09:00,J3,905,757,1662
2020-01-17T06:45:00+09:00,J4,849,863,1712
2020-01-17T06:45:00+09:00,J5,628,592,1220
2020-01-17T07:00:00+09:00,J1,789,840,1629
2020-01-17T07:00:00+09:00,J2,615,617,1232
2020-01-17T07:00:00+09:00,J3,932,795,1727
2020-01-17T07:00:00+09:00,J4,793,838,1631
2020-01-17T07:00:00+09:00,J5,698,627,1325
2020-01-17T07:15:00+09:00,J1,874,918,1792
2020-01-17T07:15:00+09:00,J2,721,588,1309
2020-01-17T07:15:00+09:00,J3,912,767,1679
2020-01-17T07:15:00+09:00,J4,889,887,1776
2020-01-17T07:15:00+09:00,J5,668,625,1293
2020-01-17T07:30:00+09:00,J1,1012,1037,2049
2020-01-17T07:30:00+09:00,J2,698,635,1333
2020-01-17T07:30:00+09:00,J3,1083,989,2072
2020-01-17T07:30:00+09:00,J4,858,1032,1890
2020-01-17T07:30:00+09:00,J5,566,535,1101
2020-01-17T07:45:00+09:00,J1,1064,1120,2184
2020-01-17T07:45:00+09:00,J2,899,733,1632
2020-01-17T07:45:00+09:00,J3,1354,1178,2532
2020-01-17T07:45:00+09:00,J4,745,979,1724
2020-01-17T07:45:00+09:00,J5,609,615,1224
2020-01-17T08:00:00+09:00,J1,1131,1199,2330
2020-01-17T08:00:00+09:00,J2,1008,733,1741
2020-01-17T08:00:00+09:00,J3,1451,1221,2672
2020-01-17T08:00:00+09:00,J4,708,1004,1712
2020-01-17T08:00:00+09:00,J5,621,665,1286
2020-01-17T08:15:00+09:00,J1,1184,1093,2277
2020-01-17T08:15:00+09:00,J2,1145,816,1961
2020-01-17T08:15:00+09:00,J3,1526,1348,2874
2020-01-17T08:15:00+09:00,J4,730,1141,1871
2020-01-17T08:15:00+09:00,J5,653,710,1363
2020-01-17T08:30:00+09:00,J1,1221,1148,2369
2020-01-17T08:30:00+09:00,J2,1172,732,1904
2020-01-17T08:30:00+09:00,J3,1424,1385,2809
2020-01-17T08:30:00+09:00,J4,681,1020,1701
2020-01-17T08:30:00+09:00,J5,577,627,1204
2020-01-17T08:45:00+09:00,J1,1188,1138,2326
2020-01-17T08:45:00+09:00,J2,862,569,1431
2020-01-17T08:45:00+09:00,J3,1264,1114,2378
2020-01-17T08:45:00+09:00,J4,747,1070,1817
2020-01-17T08:45:00+09:00,J5,537,476,1013
2020-01-17T09:00:00+09:00,J1,1138,1139,2277
2020-01-17T09:00:00+09:00,J2,807,668,1475
2020-01-17T09:00:00+09:00,J3,1021,871,1892
2020-01-17T09:00:00+09:00,J4,809,876,1685
2020-01-17T09:00:00+09:00,J5,555,565,1120
2020-01-17T09:15:00+09:00,J1,1080,1055,2135
2020-01-17T09:15:00+09:00,J2,702,561,1263
2020-01-17T09:15:00+09:00,J3,932,872,1804
2020-01-17T09:15:00+09:00,J4,883,914,1797
2020-01-17T09:15:00+09:00,J5,557,548,1105
2020-01-17T09:30:00+09:00,J1,1111,1133,2244
2020-01-17T09:30:00+09:00,J2,761,645,1406
2020-01-17T09:30:00+09:00,J3,887,860,1747
2020-01-17T09:30:00+09:00,J4,924,1003,1927
2020-01-17T09:30:00+09:00,J5,468,536,1004
2020-01-17T09:45:00+09:00,J1,1086,1111,2197
2020-01-17T09:45:00+09:00,J2,762,647,1409
2020-01-17T09:45:00+09:00,J3,936,887,1823
2020-01-17T09:45:00+09:00,J4,802,875,1677
2020-01-17T09:45:00+09:00,J5,481,483,964
2020-01-17T10:00:00+09:00,J1,1049,1051,2100
2020-01-17T10:00:00+09:00,J2,757,699,1456
2020-01-17T10:00:00+09:00,J3,853,840,1693
2020-01-17T10:00:00+09:00,J4,728,810,1538
2020-01-17T10:00:00+09:00,J5,448,430,878
2020-01-17T10:15:00+09:00,J1,1094,1052,2146
2020-01-17T10:15:00+09:00,J2,725,767,1492
2020-01-17T10:15:00+09:00,J3,929,896,1825
2020-01-17T10:15:00+09:00,J4,662,788,1450
2020-01-17T10:15:00+09:00,J5,400,405,805
2020-01-17T10:30:00+09:00,J1,1013,1060,2073
2020-01-17T10:30:00+09:00,J2,795,685,1480
2020-01-17T10:30:00+09:00,J3,796,839,1635
2020-01-17T10:30:00+09:00,J4,650,696,1346
2020-01-17T10:30:00+09:00,J5,448,487,935
2020-01-17T10:45:00+09:00,J1,1014,1058,2072
2020-01-17T10:45:00+09:00,J2,692,663,1355
2020-01-17T10:45:00+09:00,J3,994,951,1945
2020-01-17T10:45:00+09:00,J4,701,696,1397
2020-01-17T10:45:00+09:00,J5,438,500,938
2020-01-17T11:00:00+09:00,J1,1087,1095,2182
2020-01-17T11:00:00+09:00,J2,694,698,1392
2020-01-17T11:00:00+09:00,J3,957,977,1934
2020-01-17T11:00:00+09:00,J4,650,762,1412
2020-01-17T11:00:00+09:00,J5,441,465,906
2020-01-17T11:15:00+09:00,J1,1078,1195,2273
2020-01-17T11:15:00+09:00,J2,672,590,1262
2020-01-17T11:15:00+09:00,J3,1095,949,2044
2020-01-17T11:15:00+09:00,J4,621,732,1353
2020-01-17T11:15:00+09:00,J5,523,607,1130
2020-01-17T11:30:00+09:00,J1,1076,1199,2275
2020-01-17T11:30:00+09:00,J2,658,620,1278
2020-01-17T11:30:00+09:00,J3,1222,1038,2260
2020-01-17T11:30:00+09:00,J4,623,702,1325
2020-01-17T11:30:00+09:00,J5,493,478,971
2020-01-17T11:45:00+09:00,J1,1048,1218,2266
2020-01-17T11:45:00+09:00,J2,646,514,1160
2020-01-17T11:45:00+09:00,J3,1318,1083,2401
2020-01-17T11:45:00+09:00,J4,646,721,1367
2020-01-17T11:45:00+09:00,J5,499,506,1005
2020-01-17T12:00:00+09:00,J1,1067,1258,2325
2020-01-17T12:00:00+09:00,J2,715,622,1337
2020-01-17T12:00:00+09:00,J3,1281,1133,2414
2020-01-17T12:00:00+09:00,J4,693,722,1415
2020-01-17T12:00:00+09:00,J5,540,626,1166
2020-01-17T12:15:00+09:00,J1,1015,1211,2226
2020-01-17T12:15:00+09:00,J2,697,625,1322
2020-01-17T12:15:00+09:00,J3,1347,1041,2388
2020-01-17T12:15:00+09:00,J4,658,741,1399
2020-01-17T12:15:00+09:00,J5,568,504,1072
2020-01-17T12:30:00+09:00,J1,959,1263,2222
2020-01-17T12:30:00+09:00,J2,808,687,1495
2020-01-17T12:30:00+09:00,J3,1334,1105,2439
2020-01-17T12:30:00+09:00,J4,706,742,1448
2020-01-17T12:30:00+09:00,J5,591,563,1154
2020-01-17T12:45:00+09:00,J1,943,1152,2095
2020-01-17T12:45:00+09:00,J2,873,734,1607
2020-01-17T12:45:00+09:00,J3,1262,1186,2448
2020-01-17T12:45:00+09:00,J4,662,772,1434
2020-01-17T12:45:00+09:00,J5,517,489,1006
2020-01-17T13:00:00+09:00,J1,1030,1153,2183
2020-01-17T13:00:00+09:00,J2,844,826,1670
2020-01-17T13:00:00+09:00,J3,1125,1101,2226
2020-01-17T13:00:00+09:00,J4,686,725,1411
2020-01-17T13:00:00+09:00,J5,494,496,990
2020-01-17T13:15:00+09:00,J1,937,1254,2191
2020-01-17T13:15:00+09:00,J2,898,942,1840
2020-01-17T13:15:00+09:00,J3,1152,1133,2285
2020-01-17T13:15:00+09:00,J4,697,672,1369
2020-01-17T13:15:00+09:00,J5,494,465,959
2020-01-17T13:30:00+09:00,J1,991,1199,2190
2020-01-17T13:30:00+09:00,J2,797,774,1571
2020-01-17T13:30:00+09:00,J3,1057,1145,2202
2020-01-17T13:30:00+09:00,J4,758,709,1467
2020-01-17T13:30:00+09:00,J5,460,454,914
2020-01-17T13:45:00+09:00,J1,1006,1164,2170
2020-01-17T13:45:00+09:00,J2,674,807,1481
2020-01-17T13:45:00+09:00,J3,1064,1068,2132
2020-01-17T13:45:00+09:00,J4,793,757,1550
2020-01-17T13:45:00+09:00,J5,449,454,903
2020-01-17T14:00:00+09:00,J1,991,1190,2181
2020-01-17T14:00:00+09:00,J2,711,777,1488
2020-01-17T14:00:00+09:00,J3,1074,1091,2165
2020-01-17T14:00:00+09:00,J4,709,759,1468
2020-01-17T14:00:00+09:00,J5,462,471,933
2020-01-17T14:15:00+09:00,J1,1040,1148,2188
2020-01-17T14:15:00+09:00,J2,774,794,1568
2020-01-17T14:15:00+09:00,J3,1100,1137,2237
2020-01-17T14:15:00+09:00,J4,770,688,1458
2020-01-17T14:15:00+09:00,J5,458,465,923
2020-01-17T14:30:00+09:00,J1,1020,1191,2211
2020-01-17T14:30:00+09:00,J2,876,818,1694
2020-01-17T14:30:00+09:00,J3,1141,1049,2190
2020-01-17T14:30:00+09:00,J4,791,721,1512
2020-01-17T14:30:00+09:00,J5,479,478,957
2020-01-17T14:45:00+09:00,J1,1005,1176,2181
2020-01-17T14:45:00+09:00,J2,769,806,1575
2020-01-17T14:45:00+09:00,J3,1128,1032,2160
2020-01-17T14:45:00+09:00,J4,794,719,1513
2020-01-17T14:45:00+09:00,J5,487,403,890
2020-01-17T15:00:00+09:00,J1,1009,1187,2196
2020-01-17T15:00:00+09:00,J2,822,788,1610
2020-01-17T15:00:00+09:00,J3,1155,1092,2247
2020-01-17T15:00:00+09:00,J4,797,750,1547
2020-01-17T15:00:00+09:00,J5,462,434,896
2020-01-17T15:15:00+09:00,J1,990,1205,2195
2020-01-17T15:15:00+09:00,J2,803,899,1702
2020-01-17T15:15:00+09:00,J3,1165,1006,2171
2020-01-17T15:15:00+09:00,J4,786,761,1547
2020-01-17T15:15:00+09:00,J5,481,497,978
2020-01-17T15:30:00+09:00,J1,901,1189,2090
2020-01-17T15:30:00+09:00,J2,820,862,1682
2020-01-17T15:30:00+09:00,J3,1216,1117,2333
2020-01-17T15:30:00+09:00,J4,864,820,1684
2020-01-17T15:30:00+09:00,J5,536,456,992
2020-01-17T15:45:00+09:00,J1,940,1163,2103
2020-01-17T15:45:00+09:00,J2,767,896,1663
2020-01-17T15:45:00+09:00,J3,1257,1019,2276
2020-01-17T15:45:00+09:00,J4,816,785,1601
2020-01-17T15:45:00+09:00,J5,530,527,1057
2020-01-17T16:00:00+09:00,J1,895,1247,2142
2020-01-17T16:00:00+09:00,J2,791,867,1658
2020-01-17T16:00:00+09:00,J3,1227,1059,2286
2020-01-17T16:00:00+09:00,J4,764,719,1483
2020-01-17T16:00:00+09:00,J5,519,520,1039
2020-01-17T16:15:00+09:00,J1,972,1173,2145
2020-01-17T16:15:00+09:00,J2,875,919,1794
2020-01-17T16:15:00+09:00,J3,1082,1076,2158
2020-01-17T16:15:00+09:00,J4,798,807,1605
2020-01-17T16:15:00+09:00,J5,485,524,1009
2020-01-17T16:30:00+09:00,J1,894,1221,2115
2020-01-17T16:30:00+09:00,J2,840,923,1763
2020-01-17T16:30:00+09:00,J3,1285,992,2277
2020-01-17T16:30:00+09:00,J4,911,849,1760
2020-01-17T16:30:00+09:00,J5,574,574,1148
2020-01-17T16:45:00+09:00,J1,1017,1191,2208
2020-01-17T16:45:00+09:00,J2,864,920,1784
2020-01-17T16:45:00+09:00,J3,1295,1077,2372
2020-01-17T16:45:00+09:00,J4,837,783,1620
2020-01-17T16:45:00+09:00,J5,532,632,1164
2020-01-17T17:00:00+09:00,J1,993,1228,2221
2020-01-17T17:00:00+09:00,J2,832,957,1789
2020-01-17T17:00:00+09:00,J3,1493,1180,2673
2020-01-17T17:00:00+09:00,J4,1003,916,1919
2020-01-17T17:00:00+09:00,J5,597,607,1204
2020-01-17T17:15:00+09:00,J1,1000,1238,2238
2020-01-17T17:15:00+09:00,J2,886,1046,1932
2020-01-17T17:15:00+09:00,J3,1568,1278,2846
2020-01-17T17:15:00+09:00,J4,1081,1013,2094
2020-01-17T17:15:00+09:00,J5,648,715,1363
2020-01-17T17:30:00+09:00,J1,1063,1225,2288
2020-01-17T17:30:00+09:00,J2,949,984,1933
2020-01-17T17:30:00+09:00,J3,1526,1269,2795
2020-01-17T17:30:00+09:00,J4,1151,1056,2207
2020-01-17T17:30:00+09:00,J5,716,758,1474
2020-01-17T17:45:00+09:00,J1,1118,1187,2305
2020-01-17T17:45:00+09:00,J2,1043,1007,2050
2020-01-17T17:45:00+09:00,J3,1624,1328,2952
2020-01-17T17:45:00+09:00,J4,1237,1006,2243
2020-01-17T17:45:00+09:00,J5,730,790,1520
2020-01-17T18:00:00+09:00,J1,1152,1213,2365
2020-01-17T18:00:00+09:00,J2,1189,945,2134
2020-01-17T18:00:00+09:00,J3,1668,1298,2966
2020-01-17T18:00:00+09:00,J4,1227,934,2161
2020-01-17T18:00:00+09:00,J5,774,797,1571
2020-01-17T18:15:00+09:00,J1,1123,1269,2392
2020-01-17T18:15:00+09:00,J2,1192,903,2095
2020-01-17T18:15:00+09:00,J3,1585,1391,2976
2020-01-17T18:15:00+09:00,J4,1050,823,1873
2020-01-17T18:15:00+09:00,J5,739,848,1587
2020-01-17T18:30:00+09:00,J1,1056,1263,2319
2020-01-17T18:30:00+09:00,J2,1108,836,1944
2020-01-17T18:30:00+09:00,J3,1564,1237,2801
2020-01-17T18:30:00+09:00,J4,953,765,1718
2020-01-17T18:30:00+09:00,J5,675,782,1457
2020-01-17T18:45:00+09:00,J1,1122,1190,2312
2020-01-17T18:45:00+09:00,J2,1004,788,1792
2020-01-17T18:45:00+09:00,J3,1414,1094,2508
2020-01-17T18:45:00+09:00,J4,954,798,1752
2020-01-17T18:45:00+09:00,J5,562,682,1244
2020-01-17T19:00:00+09:00,J1,1018,1156,2174
2020-01-17T19:00:00+09:00,J2,802,599,1401
2020-01-17T19:00:00+09:00,J3,1235,1026,2261
2020-01-17T19:00:00+09:00,J4,852,906,1758
2020-01-17T19:00:00+09:00,J5,567,690,1257
2020-01-17T19:15:00+09:00,J1,1064,1198,2262
2020-01-17T19:15:00+09:00,J2,809,666,1475
2020-01-17T19:15:00+09:00,J3,1185,1029,2214
2020-01-17T19:15:00+09:00,J4,911,965,1876
2020-01-17T19:15:00+09:00,J5,501,707,1208
2020-01-17T19:30:00+09:00,J1,1086,1189,2275
2020-01-17T19:30:00+09:00,J2,803,659,1462
2020-01-17T19:30:00+09:00,J3,1153,917,2070
2020-01-17T19:30:00+09:00,J4,948,975,1923
2020-01-17T19:30:00+09:00,J5,449,619,1068
2020-01-17T19:45:00+09:00,J1,1000,1185,2185
2020-01-17T19:45:00+09:00,J2,652,560,1212
2020-01-17T19:45:00+09:00,J3,1020,869,1889
2020-01-17T19:45:00+09:00,J4,719,768,1487
2020-01-17T19:45:00+09:00,J5,439,586,1025
2020-01-17T20:00:00+09:00,J1,1010,1200,2210
2020-01-17T20:00:00+09:00,J2,771,711,1482
2020-01-17T20:00:00+09:00,J3,1060,905,1965
2020-01-17T20:00:00+09:00,J4,718,684,1402
2020-01-17T20:00:00+09:00,J5,475,573,1048
2020-01-17T20:15:00+09:00,J1,1041,1223,2264
2020-01-17T20:15:00+09:00,J2,714,662,1376
2020-01-17T20:15:00+09:00,J3,1082,947,2029
2020-01-17T20:15:00+09:00,J4,758,709,1467
2020-01-17T20:15:00+09:00,J5,518,584,1102
2020-01-17T20:30:00+09:00,J1,991,1183,2174
2020-01-17T20:30:00+09:00,J2,635,587,1222
2020-01-17T20:30:00+09:00,J3,1081,910,1991
2020-01-17T20:30:00+09:00,J4,708,700,1408
2020-01-17T20:30:00+09:00,J5,416,528,944
2020-01-17T20:45:00+09:00,J1,1021,1149,2170
2020-01-17T20:45:00+09:00,J2,650,587,1237
2020-01-17T20:45:00+09:00,J3,1085,940,2025
2020-01-17T20:45:00+09:00,J4,672,608,1280
2020-01-17T20:45:00+09:00,J5,437,491,928
2020-01-17T21:00:00+09:00,J1,949,1144,2093
2020-01-17T21:00:00+09:00,J2,667,789,1456
2020-01-17T21:00:00+09:00,J3,1069,891,1960
2020-01-17T21:00:00+09:00,J4,797,715,1512
2020-01-17T21:00:00+09:00,J5,391,524,915
2020-01-17T21:15:00+09:00,J1,935,1154,2089
2020-01-17T21:15:00+09:00,J2,759,802,1561
2020-01-17T21:15:00+09:00,J3,1123,822,1945
2020-01-17T21:15:00+09:00,J4,761,710,1471
2020-01-17T21:15:00+09:00,J5,383,488,871
2020-01-17T21:30:00+09:00,J1,890,1162,2052
2020-01-17T21:30:00+09:00,J2,691,684,1375
2020-01-17T21:30:00+09:00,J3,1060,785,1845
2020-01-17T21:30:00+09:00,J4,803,825,1628
2020-01-17T21:30:00+09:00,J5,403,488,891
2020-01-17T21:45:00+09:00,J1,912,1073,1985
2020-01-17T21:45:00+09:00,J2,717,690,1407
2020-01-17T21:45:00+09:00,J3,1043,836,1879
2020-01-17T21:45:00+09:00,J4,758,815,1573
2020-01-17T21:45:00+09:00,J5,358,474,832
2020-01-17T22:00:00+09:00,J1,920,1114,2034
2020-01-17T22:00:00+09:00,J2,771,813,1584
2020-01-17T22:00:00+09:00,J3,949,790,1739
2020-01-17T22:00:00+09:00,J4,758,807,1565
2020-01-17T22:00:00+09:00,J5,395,459,854
2020-01-17T22:15:00+09:00,J1,877,1101,1978
2020-01-17T22:15:00+09:00,J2,808,738,1546
2020-01-17T22:15:00+09:00,J3,980,786,1766
2020-01-17T22:15:00+09:00,J4,742,798,1540
2020-01-17T22:15:00+09:00,J5,396,418,814
2020-01-17T22:30:00+09:00,J1,926,1059,1985
2020-01-17T22:30:00+09:00,J2,705,715,1420
2020-01-17T22:30:00+09:00,J3,961,819,1780
2020-01-17T22:30:00+09:00,J4,697,681,1378
2020-01-17T22:30:00+09:00,J5,446,375,821
2020-01-17T22:45:00+09:00,J1,890,1033,1923
2020-01-17T22:45:00+09:00,J2,773,748,1521
2020-01-17T22:45:00+09:00,J3,960,876,1836
2020-01-17T22:45:00+09:00,J4,701,702,1403
2020-01-17T22:45:00+09:00,J5,427,413,840
2020-01-17T23:00:00+09:00,J1,909,1088,1997
2020-01-17T23:00:00+09:00,J2,765,749,1514
2020-01-17T23:00:00+09:00,J3,1019,874,1893
2020-01-17T23:00:00+09:00,J4,673,684,1357
2020-01-17T23:00:00+09:00,J5,436,368,804
2020-01-17T23:15:00+09:00,J1,872,1065,1937
2020-01-17T23:15:00+09:00,J2,758,746,1504
2020-01-17T23:15:00+09:00,J3,955,785,1740
2020-01-17T23:15:00+09:00,J4,663,688,1351
2020-01-17T23:15:00+09:00,J5,456,336,792
2020-01-17T23:30:00+09:00,J1,917,1083,2000
2020-01-17T23:30:00+09:00,J2,696,710,1406
2020-01-17T23:30:00+09:00,J3,919,817,1736
2020-01-17T23:30:00+09:00,J4,656,693,1349
2020-01-17T23:30:00+09:00,J5,413,361,774
2020-01-17T23:45:00+09:00,J1,853,1005,1858
2020-01-17T23:45:00+09:00,J2,673,584,1257
2020-01-17T23:45:00+09:00,J3,839,679,1518
2020-01-17T23:45:00+09:00,J4,600,578,1178
2020-01-17T23:45:00+09:00,J5,434,348,782
2020-01-18T00:00:00+09:00,J1,848,885,1733
2020-01-18T00:00:00+09:00,J2,652,616,1268
2020-01-18T00:00:00+09:00,J3,742,653,1395
2020-01-18T00:00:00+09:00,J4,634,516,1150
2020-01-18T00:00:00+09:00,J5,477,432,909
2020-01-18T00:15:00+09:00,J1,634,644,1278
2020-01-18T00:15:00+09:00,J2,685,640,1325
2020-01-18T00:15:00+09:00,J3,899,725,1624
2020-01-18T00:15:00+09:00,J4,385,489,874
2020-01-18T00:15:00+09:00,J5,566,539,1105
2020-01-18T00:30:00+09:00,J1,501,474,975
2020-01-18T00:30:00+09:00,J2,655,723,1378
2020-01-18T00:30:00+09:00,J3,874,773,1647
2020-01-18T00:30:00+09:00,J4,435,423,858
2020-01-18T00:30:00+09:00,J5,558,551,1109
2020-01-18T00:45:00+09:00,J1,523,501,1024
2020-01-18T00:45:00+09:00,J2,705,667,1372
2020-01-18T00:45:00+09:00,J3,847,697,1544
2020-01-18T00:45:00+09:00,J4,428,427,855
2020-01-18T00:45:00+09:00,J5,523,547,1070
2020-01-18T05:45:00+09:00,J1,729,817,1546
2020-01-18T05:45:00+09:00,J2,453,513,966
2020-01-18T05:45:00+09:00,J3,737,532,1269
2020-01-18T05:45:00+09:00,J4,849,785,1634
2020-01-18T05:45:00+09:00,J5,534,513,1047
2020-01-18T06:00:00+09:00,J1,710,755,1465
2020-01-18T06:00:00+09:00,J2,599,647,1246
2020-01-18T06:00:00+09:00,J3,814,665,1479
2020-01-18T06:00:00+09:00,J4,849,843,1692
2020-01-18T06:00:00+09:00,J5,556,558,1114
2020-01-18T06:15:00+09:00,J1,741,874,1615
2020-01-18T06:15:00+09:00,J2,641,669,1310
2020-01-18T06:15:00+09:00,J3,866,667,1533
2020-01-18T06:15:00+09:00,J4,830,886,1716
2020-01-18T06:15:00+09:00,J5,571,557,1128
2020-01-18T06:30:00+09:00,J1,814,880,1694
2020-01-18T06:30:00+09:00,J2,589,587,1176
2020-01-18T06:30:00+09:00,J3,805,626,1431
2020-01-18T06:30:00+09:00,J4,827,850,1677
2020-01-18T06:30:00+09:00,J5,614,526,1140
2020-01-18T06:45:00+09:00,J1,805,968,1773
2020-01-18T06:45:00+09:00,J2,531,548,1079
2020-01-18T06:45:00+09:00,J3,837,630,1467
2020-01-18T06:45:00+09:00,J4,780,794,1574
2020-01-18T06:45:00+09:00,J5,615,529,1144
2020-01-18T07:00:00+09:00,J1,889,986,1875
2020-01-18T07:00:00+09:00,J2,506,623,1129
2020-01-18T07:00:00+09:00,J3,832,616,1448
2020-01-18T07:00:00+09:00,J4,804,851,1655
2020-01-18T07:00:00+09:00,J5,638,591,1229
2020-01-18T07:15:00+09:00,J1,864,969,1833
2020-01-18T07:15:00+09:00,J2,574,576,1150
2020-01-18T07:15:00+09:00,J3,865,674,1539
2020-01-18T07:15:00+09:00,J4,817,857,1674
2020-01-18T07:15:00+09:00,J5,638,617,1255
2020-01-18T07:30:00+09:00,J1,922,959,1881
2020-01-18T07:30:00+09:00,J2,572,605,1177
2020-01-18T07:30:00+09:00,J3,946,634,1580
2020-01-18T07:30:00+09:00,J4,814,879,1693
2020-01-18T07:30:00+09:00,J5,695,684,1379
2020-01-18T07:45:00+09:00,J1,961,1027,1988
2020-01-18T07:45:00+09:00,J2,574,624,1198
2020-01-18T07:45:00+09:00,J3,920,691,1611
2020-01-18T07:45:00+09:00,J4,839,841,1680
2020-01-18T07:45:00+09:00,J5,623,569,1192
2020-01-18T08:00:00+09:00,J1,947,1152,2099
2020-01-18T08:00:00+09:00,J2,715,790,1505
2020-01-18T08:00:00+09:00,J3,861,794,1655
2020-01-18T08:00:00+09:00,J4,867,979,1846
2020-01-18T08:00:00+09:00,J5,524,508,1032
2020-01-18T08:15:00+09:00,J1,1026,1156,2182
2020-01-18T08:15:00+09:00,J2,809,767,1576
2020-01-18T08:15:00+09:00,J3,948,776,1724
2020-01-18T08:15:00+09:00,J4,916,1041,1957
2020-01-18T08:15:00+09:00,J5,494,499,993
2020-01-18T08:30:00+09:00,J1,976,1148,2124
2020-01-18T08:30:00+09:00,J2,878,807,1685
2020-01-18T08:30:00+09:00,J3,1009,915,1924
2020-01-18T08:30:00+09:00,J4,892,1006,1898
2020-01-18T08:30:00+09:00,J5,521,544,1065
2020-01-18T08:45:00+09:00,J1,1028,1173,2201
2020-01-18T08:45:00+09:00,J2,845,805,1650
2020-01-18T08:45:00+09:00,J3,1041,995,2036
2020-01-18T08:45:00+09:00,J4,730,878,1608
2020-01-18T08:45:00+09:00,J5,618,575,1193
2020-01-18T09:00:00+09:00,J1,1087,1201,2288
2020-01-18T09:00:00+09:00,J2,1124,1029,2153
2020-01-18T09:00:00+09:00,J3,941,935,1876
2020-01-18T09:00:00+09:00,J4,713,790,1503
2020-01-18T09:00:00+09:00,J5,470,487,957
2020-01-18T09:15:00+09:00,J1,1146,1160,2306
2020-01-18T09:15:00+09:00,J2,1122,1089,2211
2020-01-18T09:15:00+09:00,J3,1070,1032,2102
2020-01-18T09:15:00+09:00,J4,731,826,1557
2020-01-18T09:15:00+09:00,J5,432,514,946
2020-01-18T09:30:00+09:00,J1,1126,1156,2282
2020-01-18T09:30:00+09:00,J2,1130,959,2089
2020-01-18T09:30:00+09:00,J3,1020,941,1961
2020-01-18T09:30:00+09:00,J4,712,907,1619
2020-01-18T09:30:00+09:00,J5,478,497,975
2020-01-18T09:45:00+09:00,J1,1063,1261,2324
2020-01-18T09:45:00+09:00,J2,950,844,1794
2020-01-18T09:45:00+09:00,J3,926,814,1740
2020-01-18T09:45:00+09:00,J4,703,802,1505
2020-01-18T09:45:00+09:00,J5,419,452,871
2020-01-18T10:00:00+09:00,J1,1142,1138,2280
2020-01-18T10:00:00+09:00,J2,813,816,1629
2020-01-18T10:00:00+09:00,J3,965,872,1837
2020-01-18T10:00:00+09:00,J4,744,762,1506
2020-01-18T10:00:00+09:00,J5,376,389,765
2020-01-18T10:15:00+09:00,J1,1101,1164,2265
2020-01-18T10:15:00+09:00,J2,795,766,1561
2020-01-18T10:15:00+09:00,J3,1002,926,1928
2020-01-18T10:15:00+09:00,J4,625,714,1339
2020-01-18T10:15:00+09:00,J5,390,417,807
2020-01-18T10:30:00+09:00,J1,1112,1152,2264
2020-01-18T10:30:00+09:00,J2,807,660,1467
2020-01-18T10:30:00+09:00,J3,977,871,1848
2020-01-18T10:30:00+09:00,J4,697,738,1435
2020-01-18T10:30:00+09:00,J5,423,421,844
2020-01-18T10:45:00+09:00,J1,1037,1122,2159
2020-01-18T10:45:00+09:00,J2,759,639,1398
2020-01-18T10:45:00+09:00,J3,1004,860,1864
2020-01-18T10:45:00+09:00,J4,628,731,1359
2020-01-18T10:45:00+09:00,J5,416,420,836
2020-01-18T11:00:00+09:00,J1,1028,1195,2223
2020-01-18T11:00:00+09:00,J2,753,659,1412
2020-01-18T11:00:00+09:00,J3,1019,910,1929
2020-01-18T11:00:00+09:00,J4,686,740,1426
2020-01-18T11:00:00+09:00,J5,592,556,1148
2020-01-18T11:15:00+09:00,J1,1091,1147,2238
2020-01-18T11:15:00+09:00,J2,734,637,1371
2020-01-18T11:15:00+09:00,J3,1047,1027,2074
2020-01-18T11:15:00+09:00,J4,660,680,1340
2020-01-18T11:15:00+09:00,J5,532,470,1002
2020-01-18T11:30:00+09:00,J1,1080,1260,2340
2020-01-18T11:30:00+09:00,J2,669,595,1264
2020-01-18T11:30:00+09:00,J3,1193,977,2170
2020-01-18T11:30:00+09:00,J4,667,698,1365
2020-01-18T11:30:00+09:00,J5,563,478,1041
2020-01-18T11:45:00+09:00,J1,1004,1215,2219
2020-01-18T11:45:00+09:00,J2,688,577,1265
2020-01-18T11:45:00+09:00,J3,1153,970,2123
2020-01-18T11:45:00+09:00,J4,618,711,1329
2020-01-18T11:45:00+09:00,J5,501,470,971
2020-01-18T12:00:00+09:00,J1,1024,1132,2156
2020-01-18T12:00:00+09:00,J2,868,681,1549
2020-01-18T12:00:00+09:00,J3,1232,1062,2294
2020-01-18T12:00:00+09:00,J4,575,666,1241
2020-01-18T12:00:00+09:00,J5,481,501,982
2020-01-18T12:15:00+09:00,J1,990,1247,2237
2020-01-18T12:15:00+09:00,J2,835,743,1578
2020-01-18T12:15:00+09:00,J3,1216,1104,2320
2020-01-18T12:15:00+09:00,J4,654,757,1411
2020-01-18T12:15:00+09:00,J5,592,545,1137
2020-01-18T12:30:00+09:00,J1,967,1234,2201
2020-01-18T12:30:00+09:00,J2,827,784,1611
2020-01-18T12:30:00+09:00,J3,1317,1105,2422
2020-01-18T12:30:00+09:00,J4,762,751,1513
2020-01-18T12:30:00+09:00,J5,571,578,1149
2020-01-18T12:45:00+09:00,J1,967,1207,2174
2020-01-18T12:45:00+09:00,J2,795,758,1553
2020-01-18T12:45:00+09:00,J3,1195,1013,2208
2020-01-18T12:45:00+09:00,J4,744,744,1488
2020-01-18T12:45:00+09:00,J5,618,578,1196
2020-01-18T13:00:00+09:00,J1,987,1229,2216
2020-01-18T13:00:00+09:00,J2,928,921,1849
2020-01-18T13:00:00+09:00,J3,1091,1012,2103
2020-01-18T13:00:00+09:00,J4,721,729,1450
2020-01-18T13:00:00+09:00,J5,615,544,1159
2020-01-18T13:15:00+09:00,J1,894,1241,2135
2020-01-18T13:15:00+09:00,J2,869,702,1571
2020-01-18T13:15:00+09:00,J3,1107,1050,2157
2020-01-18T13:15:00+09:00,J4,861,808,1669
2020-01-18T13:15:00+09:00,J5,517,496,1013
2020-01-18T13:30:00+09:00,J1,937,1203,2140
2020-01-18T13:30:00+09:00,J2,880,777,1657
2020-01-18T13:30:00+09:00,J3,1050,1044,2094
2020-01-18T13:30:00+09:00,J4,955,952,1907
2020-01-18T13:30:00+09:00,J5,515,484,999
2020-01-18T13:45:00+09:00,J1,943,1253,2196
2020-01-18T13:45:00+09:00,J2,867,775,1642
2020-01-18T13:45:00+09:00,J3,1150,1101,2251
2020-01-18T13:45:00+09:00,J4,802,884,1686
2020-01-18T13:45:00+09:00,J5,505,475,980
2020-01-18T14:00:00+09:00,J1,941,1187,2128
2020-01-18T14:00:00+09:00,J2,875,869,1744
2020-01-18T14:00:00+09:00,J3,1063,1101,2164
2020-01-18T14:00:00+09:00,J4,896,810,1706
2020-01-18T14:00:00+09:00,J5,531,530,1061
2020-01-18T14:15:00+09:00,J1,1001,1190,2191
2020-01-18T14:15:00+09:00,J2,943,880,1823
2020-01-18T14:15:00+09:00,J3,1060,1090,2150
2020-01-18T14:15:00+09:00,J4,1052,951,2003
2020-01-18T14:15:00+09:00,J5,542,510,1052
2020-01-18T14:30:00+09:00,J1,949,1168,2117
2020-01-18T14:30:00+09:00,J2,887,851,1738
2020-01-18T14:30:00+09:00,J3,1210,1013,2223
2020-01-18T14:30:00+09:00,J4,978,937,1915
2020-01-18T14:30:00+09:00,J5,606,532,1138
2020-01-18T14:45:00+09:00,J1,955,1264,2219
2020-01-18T14:45:00+09:00,J2,888,885,1773
2020-01-18T14:45:00+09:00,J3,1105,1117,2222
2020-01-18T14:45:00+09:00,J4,983,956,1939
2020-01-18T14:45:00+09:00,J5,512,513,1025
2020-01-18T15:00:00+09:00,J1,952,1190,2142
2020-01-18T15:00:00+09:00,J2,814,854,1668
2020-01-18T15:00:00+09:00,J3,1107,1046,2153
2020-01-18T15:00:00+09:00,J4,1037,942,1979
2020-01-18T15:00:00+09:00,J5,535,552,1087
2020-01-18T15:15:00+09:00,J1,1016,1251,2267
2020-01-18T15:15:00+09:00,J2,757,876,1633
2020-01-18T15:15:00+09:00,J3,1069,1143,2212
2020-01-18T15:15:00+09:00,J4,1048,898,1946
2020-01-18T15:15:00+09:00,J5,543,562,1105
2020-01-18T15:30:00+09:00,J1,986,1203,2189
2020-01-18T15:30:00+09:00,J2,790,923,1713
2020-01-18T15:30:00+09:00,J3,1197,994,2191
2020-01-18T15:30:00+09:00,J4,1151,1086,2237
2020-01-18T15:30:00+09:00,J5,575,534,1109
2020-01-18T15:45:00+09:00,J1,996,1206,2202
2020-01-18T15:45:00+09:00,J2,933,903,1836
2020-01-18T15:45:00+09:00,J3,1137,1064,2201
2020-01-18T15:45:00+09:00,J4,1122,987,2109
2020-01-18T15:45:00+09:00,J5,548,561,1109
2020-01-18T16:00:00+09:00,J1,993,1174,2167
2020-01-18T16:00:00+09:00,J2,820,960,1780
2020-01-18T16:00:00+09:00,J3,1257,1069,2326
2020-01-18T16:00:00+09:00,J4,1102,998,2100
2020-01-18T16:00:00+09:00,J5,568,539,1107
2020-01-18T16:15:00+09:00,J1,1054,1224,2278
2020-01-18T16:15:00+09:00,J2,932,890,1822
2020-01-18T16:15:00+09:00,J3,1305,1028,2333
2020-01-18T16:15:00+09:00,J4,1057,1025,2082
2020-01-18T16:15:00+09:00,J5,540,558,1098
2020-01-18T16:30:00+09:00,J1,1031,1195,2226
2020-01-18T16:30:00+09:00,J2,893,963,1856
2020-01-18T16:30:00+09:00,J3,1296,1080,2376
2020-01-18T16:30:00+09:00,J4,1134,1013,2147
2020-01-18T16:30:00+09:00,J5,678,584,1262
2020-01-18T16:45:00+09:00,J1,1041,1215,2256
2020-01-18T16:45:00+09:00,J2,882,986,1868
2020-01-18T16:45:00+09:00,J3,1341,1083,2424
2020-01-18T16:45:00+09:00,J4,1129,999,2128
2020-01-18T16:45:00+09:00,J5,531,578,1109
2020-01-18T17:00:00+09:00,J1,1025,1201,2226
2020-01-18T17:00:00+09:00,J2,977,920,1897
2020-01-18T17:00:00+09:00,J3,1433,1150,2583
2020-01-18T17:00:00+09:00,J4,1051,1025,2076
2020-01-18T17:00:00+09:00,J5,635,584,1219
2020-01-18T17:15:00+09:00,J1,1053,1221,2274
2020-01-18T17:15:00+09:00,J2,1086,898,1984
2020-01-18T17:15:00+09:00,J3,1467,1101,2568
2020-01-18T17:15:00+09:00,J4,1012,933,1945
2020-01-18T17:15:00+09:00,J5,535,552,1087
2020-01-18T17:30:00+09:00,J1,1092,1209,2301
2020-01-18T17:30:00+09:00,J2,1059,899,1958
2020-01-18T17:30:00+09:00,J3,1376,1148,2524
2020-01-18T17:30:00+09:00,J4,1094,970,2064
2020-01-18T17:30:00+09:00,J5,546,540,1086
2020-01-18T17:45:00+09:00,J1,865,1111,1976
2020-01-18T17:45:00+09:00,J2,868,782,1650
2020-01-18T17:45:00+09:00,J3,1164,949,2113
2020-01-18T17:45:00+09:00,J4,985,819,1804
2020-01-18T17:45:00+09:00,J5,498,536,1034
2020-01-18T18:00:00+09:00,J1,1267,1460,2727
2020-01-18T18:00:00+09:00,J2,1185,934,2119
2020-01-18T18:00:00+09:00,J3,1393,1214,2607
2020-01-18T18:00:00+09:00,J4,1333,1096,2429
2020-01-18T18:00:00+09:00,J5,658,651,1309
2020-01-18T18:15:00+09:00,J1,1098,1222,2320
2020-01-18T18:15:00+09:00,J2,985,729,1714
2020-01-18T18:15:00+09:00,J3,1282,1023,2305
2020-01-18T18:15:00+09:00,J4,1016,886,1902
2020-01-18T18:15:00+09:00,J5,577,513,1090
2020-01-18T18:30:00+09:00,J1,1052,1190,2242
2020-01-18T18:30:00+09:00,J2,918,651,1569
2020-01-18T18:30:00+09:00,J3,1332,1026,2358
2020-01-18T18:30:00+09:00,J4,832,825,1657
2020-01-18T18:30:00+09:00,J5,595,577,1172
2020-01-18T18:45:00+09:00,J1,1031,1146,2177
2020-01-18T18:45:00+09:00,J2,789,690,1479
2020-01-18T18:45:00+09:00,J3,1210,884,2094
2020-01-18T18:45:00+09:00,J4,712,701,1413
2020-01-18T18:45:00+09:00,J5,550,503,1053
2020-01-18T19:00:00+09:00,J1,992,1078,2070
2020-01-18T19:00:00+09:00,J2,767,606,1373
2020-01-18T19:00:00+09:00,J3,1053,881,1934
2020-01-18T19:00:00+09:00,J4,746,736,1482
2020-01-18T19:00:00+09:00,J5,537,569,1106
2020-01-18T19:15:00+09:00,J1,966,1110,2076
2020-01-18T19:15:00+09:00,J2,721,691,1412
2020-01-18T19:15:00+09:00,J3,1144,933,2077
2020-01-18T19:15:00+09:00,J4,766,688,1454
2020-01-18T19:15:00+09:00,J5,468,540,1008
2020-01-18T19:30:00+09:00,J1,983,1081,2064
2020-01-18T19:30:00+09:00,J2,678,772,1450
2020-01-18T19:30:00+09:00,J3,917,738,1655
2020-01-18T19:30:00+09:00,J4,608,617,1225
2020-01-18T19:30:00+09:00,J5,440,506,946
2020-01-18T19:45:00+09:00,J1,961,1080,2041
2020-01-18T19:45:00+09:00,J2,652,569,1221
2020-01-18T19:45:00+09:00,J3,813,757,1570
2020-01-18T19:45:00+09:00,J4,686,683,1369
2020-01-18T19:45:00+09:00,J5,485,505,990
2020-01-18T20:00:00+09:00,J1,967,1059,2026
2020-01-18T20:00:00+09:00,J2,651,565,1216
2020-01-18T20:00:00+09:00,J3,872,749,1621
2020-01-18T20:00:00+09:00,J4,744,746,1490
2020-01-18T20:00:00+09:00,J5,465,558,1023
2020-01-18T20:15:00+09:00,J1,962,1110,2072
2020-01-18T20:15:00+09:00,J2,600,561,1161
2020-01-18T20:15:00+09:00,J3,922,797,1719
2020-01-18T20:15:00+09:00,J4,959,823,1782
2020-01-18T20:15:00+09:00,J5,536,597,1133
2020-01-18T20:30:00+09:00,J1,986,1052,2038
2020-01-18T20:30:00+09:00,J2,487,516,1003
2020-01-18T20:30:00+09:00,J3,844,796,1640
2020-01-18T20:30:00+09:00,J4,713,659,1372
2020-01-18T20:30:00+09:00,J5,474,554,1028
2020-01-18T20:45:00+09:00,J1,945,1085,2030
2020-01-18T20:45:00+09:00,J2,511,476,987
2020-01-18T20:45:00+09:00,J3,966,791,1757
2020-01-18T20:45:00+09:00,J4,677,640,1317
2020-01-18T20:45:00+09:00,J5,458,499,957
2020-01-18T21:00:00+09:00,J1,939,1114,2053
2020-01-18T21:00:00+09:00,J2,671,638,1309
2020-01-18T21:00:00+09:00,J3,989,829,1818
2020-01-18T21:00:00+09:00,J4,671,669,1340
2020-01-18T21:00:00+09:00,J5,444,476,920
2020-01-18T21:15:00+09:00,J1,932,1093,2025
2020-01-18T21:15:00+09:00,J2,661,700,1361
2020-01-18T21:15:00+09:00,J3,998,865,1863
2020-01-18T21:15:00+09:00,J4,743,748,1491
2020-01-18T21:15:00+09:00,J5,393,423,816
2020-01-18T21:30:00+09:00,J1,920,1117,2037
2020-01-18T21:30:00+09:00,J2,620,634,1254
2020-01-18T21:30:00+09:00,J3,962,772,1734
2020-01-18T21:30:00+09:00,J4,695,716,1411
2020-01-18T21:30:00+09:00,J5,387,405,792
2020-01-18T21:45:00+09:00,J1,889,1136,2025
2020-01-18T21:45:00+09:00,J2,580,629,1209
2020-01-18T21:45:00+09:00,J3,984,721,1705
2020-01-18T21:45:00+09:00,J4,727,668,1395
2020-01-18T21:45:00+09:00,J5,334,382,716
2020-01-18T22:00:00+09:00,J1,919,1071,1990
2020-01-18T22:00:00+09:00,J2,589,600,1189
2020-01-18T22:00:00+09:00,J3,891,753,1644
2020-01-18T22:00:00+09:00,J4,680,658,1338
2020-01-18T22:00:00+09:00,J5,364,371,735
2020-01-18T22:15:00+09:00,J1,873,1049,1922
2020-01-18T22:15:00+09:00,J2,678,663,1341
2020-01-18T22:15:00+09:00,J3,860,742,1602
2020-01-18T22:15:00+09:00,J4,686,765,1451
2020-01-18T22:15:00+09:00,J5,355,416,771
2020-01-18T22:30:00+09:00,J1,903,1046,1949
2020-01-18T22:30:00+09:00,J2,762,681,1443
2020-01-18T22:30:00+09:00,J3,872,741,1613
2020-01-18T22:30:00+09:00,J4,646,675,1321
2020-01-18T22:30:00+09:00,J5,398,373,771
2020-01-18T22:45:00+09:00,J1,869,1086,1955
2020-01-18T22:45:00+09:00,J2,833,713,1546
2020-01-18T22:45:00+09:00,J3,830,712,1542
2020-01-18T22:45:00+09:00,J4,638,660,1298
2020-01-18T22:45:00+09:00,J5,407,357,764
2020-01-18T23:00:00+09:00,J1,881,1062,1943
2020-01-18T23:00:00+09:00,J2,759,860,1619
2020-01-18T23:00:00+09:00,J3,954,827,1781
2020-01-18T23:00:00+09:00,J4,656,674,1330
2020-01-18T23:00:00+09:00,J5,431,399,830
2020-01-18T23:15:00+09:00,J1,872,1032,1904
2020-01-18T23:15:00+09:00,J2,799,773,1572
2020-01-18T23:15:00+09:00,J3,866,765,1631
2020-01-18T23:15:00+09:00,J4,596,696,1292
2020-01-18T23:15:00+09:00,J5,418,374,792
2020-01-18T23:30:00+09:00,J1,860,1050,1910
2020-01-18T23:30:00+09:00,J2,688,684,1372
2020-01-18T23:30:00+09:00,J3,833,727,1560
2020-01-18T23:30:00+09:00,J4,600,646,1246
2020-01-18T23:30:00+09:00,J5,417,397,814
2020-01-18T23:45:00+09:00,J1,920,1041,1961
2020-01-18T23:45:00+09:00,J2,678,639,1317
2020-01-18T23:45:00+09:00,J3,771,662,1433
2020-01-18T23:45:00+09:00,J4,537,536,1073
2020-01-18T23:45:00+09:00,J5,436,359,795
2020-01-19T00:00:00+09:00,J1,831,888,1719
2020-01-19T00:00:00+09:00,J2,725,699,1424
2020-01-19T00:00:00+09:00,J3,724,597,1321
2020-01-19T00:00:00+09:00,J4,547,529,1076
2020-01-19T00:00:00+09:00,J5,523,416,939
2020-01-19T00:15:00+09:00,J1,631,693,1324
2020-01-19T00:15:00+09:00,J2,704,696,1400
2020-01-19T00:15:00+09:00,J3,929,762,1691
2020-01-19T00:15:00+09:00,J4,467,447,914
2020-01-19T00:15:00+09:00,J5,528,508,1036
2020-01-19T00:30:00+09:00,J1,534,500,1034
2020-01-19T00:30:00+09:00,J2,741,631,1372
2020-01-19T00:30:00+09:00,J3,918,768,1686
2020-01-19T00:30:00+09:00,J4,535,545,1080
2020-01-19T00:30:00+09:00,J5,496,492,988
2020-01-19T00:45:00+09:00,J1,524,512,1036
2020-01-19T00:45:00+09:00,J2,684,616,1300
2020-01-19T00:45:00+09:00,J3,865,732,1597
2020-01-19T00:45:00+09:00,J4,618,615,1233
2020-01-19T00:45:00+09:00,J5,488,449,937
2020-01-19T05:45:00+09:00,J1,544,599,1143
2020-01-19T05:45:00+09:00,J2,518,527,1045
2020-01-19T05:45:00+09:00,J3,589,541,1130
2020-01-19T05:45:00+09:00,J4,925,844,1769
2020-01-19T05:45:00+09:00,J5,554,521,1075
2020-01-19T06:00:00+09:00,J1,643,698,1341
2020-01-19T06:00:00+09:00,J2,569,548,1117
2020-01-19T06:00:00+09:00,J3,769,627,1396
2020-01-19T06:00:00+09:00,J4,888,885,1773
2020-01-19T06:00:00+09:00,J5,497,549,1046
2020-01-19T06:15:00+09:00,J1,742,822,1564
2020-01-19T06:15:00+09:00,J2,559,601,1160
2020-01-19T06:15:00+09:00,J3,808,603,1411
2020-01-19T06:15:00+09:00,J4,913,803,1716
2020-01-19T06:15:00+09:00,J5,537,508,1045
2020-01-19T06:30:00+09:00,J1,801,836,1637
2020-01-19T06:30:00+09:00,J2,517,539,1056
2020-01-19T06:30:00+09:00,J3,738,575,1313
2020-01-19T06:30:00+09:00,J4,804,827,1631
2020-01-19T06:30:00+09:00,J5,535,548,1083
2020-01-19T06:45:00+09:00,J1,785,872,1657
2020-01-19T06:45:00+09:00,J2,533,537,1070
2020-01-19T06:45:00+09:00,J3,718,501,1219
2020-01-19T06:45:00+09:00,J4,886,802,1688
2020-01-19T06:45:00+09:00,J5,558,475,1033
2020-01-19T07:00:00+09:00,J1,853,870,1723
2020-01-19T07:00:00+09:00,J2,561,628,1189
2020-01-19T07:00:00+09:00,J3,669,577,1246
2020-01-19T07:00:00+09:00,J4,949,833,1782
2020-01-19T07:00:00+09:00,J5,638,595,1233
2020-01-19T07:15:00+09:00,J1,902,1009,1911
2020-01-19T07:15:00+09:00,J2,580,651,1231
2020-01-19T07:15:00+09:00,J3,710,635,1345
2020-01-19T07:15:00+09:00,J4,977,887,1864
2020-01-19T07:15:00+09:00,J5,567,536,1103
2020-01-19T07:30:00+09:00,J1,949,1018,1967
2020-01-19T07:30:00+09:00,J2,669,684,1353
2020-01-19T07:30:00+09:00,J3,770,608,1378
2020-01-19T07:30:00+09:00,J4,952,895,1847
2020-01-19T07:30:00+09:00,J5,601,582,1183
2020-01-19T07:45:00+09:00,J1,885,1025,1910
2020-01-19T07:45:00+09:00,J2,671,706,1377
2020-01-19T07:45:00+09:00,J3,737,588,1325
2020-01-19T07:45:00+09:00,J4,871,894,1765
2020-01-19T07:45:00+09:00,J5,647,570,1217
2020-01-19T08:00:00+09:00,J1,943,1038,1981
2020-01-19T08:00:00+09:00,J2,813,805,1618
2020-01-19T08:00:00+09:00,J3,875,687,1562
2020-01-19T08:00:00+09:00,J4,923,853,1776
2020-01-19T08:00:00+09:00,J5,686,577,1263
2020-01-19T08:15:00+09:00,J1,963,1081,2044
2020-01-19T08:15:00+09:00,J2,910,839,1749
2020-01-19T08:15:00+09:00,J3,1048,836,1884
2020-01-19T08:15:00+09:00,J4,947,1006,1953
2020-01-19T08:15:00+09:00,J5,544,557,1101
2020-01-19T08:30:00+09:00,J1,1027,1156,2183
2020-01-19T08:30:00+09:00,J2,832,801,1633
2020-01-19T08:30:00+09:00,J3,1174,937,2111
2020-01-19T08:30:00+09:00,J4,814,920,1734
2020-01-19T08:30:00+09:00,J5,563,593,1156
2020-01-19T08:45:00+09:00,J1,1000,1184,2184
2020-01-19T08:45:00+09:00,J2,760,716,1476
2020-01-19T08:45:00+09:00,J3,1213,1049,2262
2020-01-19T08:45:00+09:00,J4,842,971,1813
2020-01-19T08:45:00+09:00,J5,546,539,1085
2020-01-19T09:00:00+09:00,J1,983,1129,2112
2020-01-19T09:00:00+09:00,J2,1232,1124,2356
2020-01-19T09:00:00+09:00,J3,953,855,1808
2020-01-19T09:00:00+09:00,J4,783,863,1646
2020-01-19T09:00:00+09:00,J5,511,491,1002
2020-01-19T09:15:00+09:00,J1,1092,1095,2187
2020-01-19T09:15:00+09:00,J2,1046,1045,2091
2020-01-19T09:15:00+09:00,J3,1101,919,2020
2020-01-19T09:15:00+09:00,J4,811,858,1669
2020-01-19T09:15:00+09:00,J5,432,513,945
2020-01-19T09:30:00+09:00,J1,1124,1146,2270
2020-01-19T09:30:00+09:00,J2,849,867,1716
2020-01-19T09:30:00+09:00,J3,894,882,1776
2020-01-19T09:30:00+09:00,J4,741,853,1594
2020-01-19T09:30:00+09:00,J5,461,474,935
2020-01-19T09:45:00+09:00,J1,1023,1147,2170
2020-01-19T09:45:00+09:00,J2,982,854,1836
2020-01-19T09:45:00+09:00,J3,964,916,1880
2020-01-19T09:45:00+09:00,J4,765,788,1553
2020-01-19T09:45:00+09:00,J5,425,468,893
2020-01-19T10:00:00+09:00,J1,1069,1191,2260
2020-01-19T10:00:00+09:00,J2,793,732,1525
2020-01-19T10:00:00+09:00,J3,1042,811,1853
2020-01-19T10:00:00+09:00,J4,694,801,1495
2020-01-19T10:00:00+09:00,J5,416,455,871
2020-01-19T10:15:00+09:00,J1,1073,1113,2186
2020-01-19T10:15:00+09:00,J2,791,686,1477
2020-01-19T10:15:00+09:00,J3,917,781,1698
2020-01-19T10:15:00+09:00,J4,706,821,1527
2020-01-19T10:15:00+09:00,J5,432,411,843
2020-01-19T10:30:00+09:00,J1,1080,1191,2271
2020-01-19T10:30:00+09:00,J2,698,649,1347
2020-01-19T10:30:00+09:00,J3,780,704,1484
2020-01-19T10:30:00+09:00,J4,679,725,1404
2020-01-19T10:30:00+09:00,J5,400,430,830
2020-01-19T10:45:00+09:00,J1,1106,1168,2274
2020-01-19T10:45:00+09:00,J2,659,591,1250
2020-01-19T10:45:00+09:00,J3,904,839,1743
2020-01-19T10:45:00+09:00,J4,675,664,1339
2020-01-19T10:45:00+09:00,J5,430,420,850
2020-01-19T11:00:00+09:00,J1,1127,1175,2302
2020-01-19T11:00:00+09:00,J2,756,679,1435
2020-01-19T11:00:00+09:00,J3,1111,889,2000
2020-01-19T11:00:00+09:00,J4,665,750,1415
2020-01-19T11:00:00+09:00,J5,558,573,1131
2020-01-19T11:15:00+09:00,J1,1016,1130,2146
2020-01-19T11:15:00+09:00,J2,740,712,1452
2020-01-19T11:15:00+09:00,J3,1224,1110,2334
2020-01-19T11:15:00+09:00,J4,661,730,1391
2020-01-19T11:15:00+09:00,J5,461,463,924
2020-01-19T11:30:00+09:00,J1,1081,1163,2244
2020-01-19T11:30:00+09:00,J2,765,713,1478
2020-01-19T11:30:00+09:00,J3,1189,1073,2262
2020-01-19T11:30:00+09:00,J4,574,771,1345
2020-01-19T11:30:00+09:00,J5,477,429,906
2020-01-19T11:45:00+09:00,J1,1009,1188,2197
2020-01-19T11:45:00+09:00,J2,726,645,1371
2020-01-19T11:45:00+09:00,J3,1115,1026,2141
2020-01-19T11:45:00+09:00,J4,663,712,1375
2020-01-19T11:45:00+09:00,J5,425,406,831
2020-01-19T12:00:00+09:00,J1,1023,1216,2239
2020-01-19T12:00:00+09:00,J2,631,684,1315
2020-01-19T12:00:00+09:00,J3,1203,1044,2247
2020-01-19T12:00:00+09:00,J4,609,626,1235
2020-01-19T12:00:00+09:00,J5,423,386,809
2020-01-19T12:15:00+09:00,J1,1034,1244,2278
2020-01-19T12:15:00+09:00,J2,710,621,1331
2020-01-19T12:15:00+09:00,J3,1145,1072,2217
2020-01-19T12:15:00+09:00,J4,615,646,1261
2020-01-19T12:15:00+09:00,J5,483,427,910
2020-01-19T12:30:00+09:00,J1,949,1142,2091
2020-01-19T12:30:00+09:00,J2,743,714,1457
2020-01-19T12:30:00+09:00,J3,1126,970,2096
2020-01-19T12:30:00+09:00,J4,657,741,1398
2020-01-19T12:30:00+09:00,J5,476,409,885
2020-01-19T12:45:00+09:00,J1,1021,1164,2185
2020-01-19T12:45:00+09:00,J2,806,809,1615
2020-01-19T12:45:00+09:00,J3,1063,887,1950
2020-01-19T12:45:00+09:00,J4,595,668,1263
2020-01-19T12:45:00+09:00,J5,479,422,901
2020-01-19T13:00:00+09:00,J1,921,1220,2141
2020-01-19T13:00:00+09:00,J2,944,785,1729
2020-01-19T13:00:00+09:00,J3,995,855,1850
2020-01-19T13:00:00+09:00,J4,701,748,1449
2020-01-19T13:00:00+09:00,J5,449,397,846
2020-01-19T13:15:00+09:00,J1,967,1162,2129
2020-01-19T13:15:00+09:00,J2,872,751,1623
2020-01-19T13:15:00+09:00,J3,1029,979,2008
2020-01-19T13:15:00+09:00,J4,718,725,1443
2020-01-19T13:15:00+09:00,J5,438,412,850
2020-01-19T13:30:00+09:00,J1,916,1218,2134
2020-01-19T13:30:00+09:00,J2,851,822,1673
2020-01-19T13:30:00+09:00,J3,1165,1103,2268
2020-01-19T13:30:00+09:00,J4,952,971,1923
2020-01-19T13:30:00+09:00,J5,444,374,818
2020-01-19T13:45:00+09:00,J1,910,1170,2080
2020-01-19T13:45:00+09:00,J2,882,792,1674
2020-01-19T13:45:00+09:00,J3,1109,953,2062
2020-01-19T13:45:00+09:00,J4,1031,923,1954
2020-01-19T13:45:00+09:00,J5,475,396,871
2020-01-19T14:00:00+09:00,J1,943,1128,2071
2020-01-19T14:00:00+09:00,J2,839,830,1669
2020-01-19T14:00:00+09:00,J3,1035,859,1894
2020-01-19T14:00:00+09:00,J4,972,913,1885
2020-01-19T14:00:00+09:00,J5,469,415,884
2020-01-19T14:15:00+09:00,J1,914,1200,2114
2020-01-19T14:15:00+09:00,J2,890,813,1703
2020-01-19T14:15:00+09:00,J3,1006,920,1926
2020-01-19T14:15:00+09:00,J4,1032,953,1985
2020-01-19T14:15:00+09:00,J5,511,419,930
2020-01-19T14:30:00+09:00,J1,921,1202,2123
2020-01-19T14:30:00+09:00,J2,848,858,1706
2020-01-19T14:30:00+09:00,J3,1057,856,1913
2020-01-19T14:30:00+09:00,J4,1086,930,2016
2020-01-19T14:30:00+09:00,J5,462,394,856
2020-01-19T14:45:00+09:00,J1,1044,1213,2257
2020-01-19T14:45:00+09:00,J2,847,777,1624
2020-01-19T14:45:00+09:00,J3,1092,921,2013
2020-01-19T14:45:00+09:00,J4,975,932,1907
2020-01-19T14:45:00+09:00,J5,447,380,827
2020-01-19T15:00:00+09:00,J1,932,1269,2201
2020-01-19T15:00:00+09:00,J2,856,833,1689
2020-01-19T15:00:00+09:00,J3,1006,992,1998
2020-01-19T15:00:00+09:00,J4,927,921,1848
2020-01-19T15:00:00+09:00,J5,440,398,838
2020-01-19T15:15:00+09:00,J1,984,1221,2205
2020-01-19T15:15:00+09:00,J2,906,867,1773
2020-01-19T15:15:00+09:00,J3,1053,935,1988
2020-01-19T15:15:00+09:00,J4,1051,967,2018
2020-01-19T15:15:00+09:00,J5,494,343,837
2020-01-19T15:30:00+09:00,J1,978,1154,2132
2020-01-19T15:30:00+09:00,J2,844,775,1619
2020-01-19T15:30:00+09:00,J3,911,906,1817
2020-01-19T15:30:00+09:00,J4,1051,998,2049
2020-01-19T15:30:00+09:00,J5,463,397,860
2020-01-19T15:45:00+09:00,J1,1004,1174,2178
2020-01-19T15:45:00+09:00,J2,838,768,1606
2020-01-19T15:45:00+09:00,J3,904,863,1767
2020-01-19T15:45:00+09:00,J4,1120,925,2045
2020-01-19T15:45:00+09:00,J5,453,391,844
2020-01-19T16:00:00+09:00,J1,936,1146,2082
2020-01-19T16:00:00+09:00,J2,864,846,1710
2020-01-19T16:00:00+09:00,J3,1133,973,2106
2020-01-19T16:00:00+09:00,J4,949,857,1806
2020-01-19T16:00:00+09:00,J5,507,475,982
2020-01-19T16:15:00+09:00,J1,1005,1242,2247
2020-01-19T16:15:00+09:00,J2,904,834,1738
2020-01-19T16:15:00+09:00,J3,1169,924,2093
2020-01-19T16:15:00+09:00,J4,924,872,1796
2020-01-19T16:15:00+09:00,J5,458,469,927
2020-01-19T16:30:00+09:00,J1,1025,1182,2207
2020-01-19T16:30:00+09:00,J2,829,895,1724
2020-01-19T16:30:00+09:00,J3,1172,860,2032
2020-01-19T16:30:00+09:00,J4,1023,925,1948
2020-01-19T16:30:00+09:00,J5,442,414,856
2020-01-19T16:45:00+09:00,J1,988,1199,2187
2020-01-19T16:45:00+09:00,J2,694,780,1474
2020-01-19T16:45:00+09:00,J3,1204,992,2196
2020-01-19T16:45:00+09:00,J4,986,907,1893
2020-01-19T16:45:00+09:00,J5,371,394,765
2020-01-19T17:00:00+09:00,J1,1021,1190,2211
2020-01-19T17:00:00+09:00,J2,773,834,1607
2020-01-19T17:00:00+09:00,J3,1254,1060,2314
2020-01-19T17:00:00+09:00,J4,1005,981,1986
2020-01-19T17:00:00+09:00,J5,429,410,839
2020-01-19T17:15:00+09:00,J1,1065,1231,2296
2020-01-19T17:15:00+09:00,J2,762,820,1582
2020-01-19T17:15:00+09:00,J3,1233,915,2148
2020-01-19T17:15:00+09:00,J4,909,925,1834
2020-01-19T17:15:00+09:00,J5,398,378,776
2020-01-19T17:30:00+09:00,J1,1036,1262,2298
2020-01-19T17:30:00+09:00,J2,837,823,1660
2020-01-19T17:30:00+09:00,J3,1172,869,2041
2020-01-19T17:30:00+09:00,J4,926,938,1864
2020-01-19T17:30:00+09:00,J5,461,427,888
2020-01-19T17:45:00+09:00,J1,1105,1170,2275
2020-01-19T17:45:00+09:00,J2,879,810,1689
2020-01-19T17:45:00+09:00,J3,1139,866,2005
2020-01-19T17:45:00+09:00,J4,949,926,1875
2020-01-19T17:45:00+09:00,J5,434,362,796
2020-01-19T18:00:00+09:00,J1,1054,1274,2328
2020-01-19T18:00:00+09:00,J2,805,792,1597
2020-01-19T18:00:00+09:00,J3,972,870,1842
2020-01-19T18:00:00+09:00,J4,992,861,1853
2020-01-19T18:00:00+09:00,J5,446,401,847
2020-01-19T18:15:00+09:00,J1,1155,1280,2435
2020-01-19T18:15:00+09:00,J2,873,863,1736
2020-01-19T18:15:00+09:00,J3,1135,955,2090
2020-01-19T18:15:00+09:00,J4,1014,871,1885
2020-01-19T18:15:00+09:00,J5,426,423,849
2020-01-19T18:30:00+09:00,J1,1148,1118,2266
2020-01-19T18:30:00+09:00,J2,741,783,1524
2020-01-19T18:30:00+09:00,J3,1049,942,1991
2020-01-19T18:30:00+09:00,J4,802,728,1530
2020-01-19T18:30:00+09:00,J5,568,544,1112
2020-01-19T18:45:00+09:00,J1,1044,1100,2144
2020-01-19T18:45:00+09:00,J2,700,779,1479
2020-01-19T18:45:00+09:00,J3,909,828,1737
2020-01-19T18:45:00+09:00,J4,695,644,1339
2020-01-19T18:45:00+09:00,J5,570,667,1237
2020-01-19T19:00:00+09:00,J1,971,1105,2076
2020-01-19T19:00:00+09:00,J2,803,705,1508
2020-01-19T19:00:00+09:00,J3,880,772,1652
2020-01-19T19:00:00+09:00,J4,643,642,1285
2020-01-19T19:00:00+09:00,J5,579,616,1195
2020-01-19T19:15:00+09:00,J1,973,1132,2105
2020-01-19T19:15:00+09:00,J2,674,638,1312
2020-01-19T19:15:00+09:00,J3,936,827,1763
2020-01-19T19:15:00+09:00,J4,606,650,1256
2020-01-19T19:15:00+09:00,J5,574,572,1146
2020-01-19T19:30:00+09:00,J1,919,1019,1938
2020-01-19T19:30:00+09:00,J2,653,700,1353
2020-01-19T19:30:00+09:00,J3,798,709,1507
2020-01-19T19:30:00+09:00,J4,672,701,1373
2020-01-19T19:30:00+09:00,J5,475,526,1001
2020-01-19T19:45:00+09:00,J1,1014,1043,2057
2020-01-19T19:45:00+09:00,J2,643,552,1195
2020-01-19T19:45:00+09:00,J3,786,738,1524
2020-01-19T19:45:00+09:00,J4,596,740,1336
2020-01-19T19:45:00+09:00,J5,461,504,965
2020-01-19T20:00:00+09:00,J1,899,1064,1963
2020-01-19T20:00:00+09:00,J2,536,584,1120
2020-01-19T20:00:00+09:00,J3,770,719,1489
2020-01-19T20:00:00+09:00,J4,586,598,1184
2020-01-19T20:00:00+09:00,J5,416,515,931
2020-01-19T20:15:00+09:00,J1,910,1037,1947
2020-01-19T20:15:00+09:00,J2,516,528,1044
2020-01-19T20:15:00+09:00,J3,897,854,1751
2020-01-19T20:15:00+09:00,J4,559,605,1164
2020-01-19T20:15:00+09:00,J5,477,501,978
2020-01-19T20:30:00+09:00,J1,972,1045,2017
2020-01-19T20:30:00+09:00,J2,548,429,977
2020-01-19T20:30:00+09:00,J3,796,652,1448
2020-01-19T20:30:00+09:00,J4,549,568,1117
2020-01-19T20:30:00+09:00,J5,430,449,879
2020-01-19T20:45:00+09:00,J1,979,1043,2022
2020-01-19T20:45:00+09:00,J2,503,462,965
2020-01-19T20:45:00+09:00,J3,770,661,1431
2020-01-19T20:45:00+09:00,J4,558,501,1059
2020-01-19T20:45:00+09:00,J5,412,380,792
2020-01-19T21:00:00+09:00,J1,847,1011,1858
2020-01-19T21:00:00+09:00,J2,560,611,1171
2020-01-19T21:00:00+09:00,J3,893,715,1608
2020-01-19T21:00:00+09:00,J4,580,641,1221
2020-01-19T21:00:00+09:00,J5,416,449,865
2020-01-19T21:15:00+09:00,J1,847,933,1780
2020-01-19T21:15:00+09:00,J2,600,636,1236
2020-01-19T21:15:00+09:00,J3,936,782,1718
2020-01-19T21:15:00+09:00,J4,629,702,1331
2020-01-19T21:15:00+09:00,J5,406,422,828
2020-01-19T21:30:00+09:00,J1,919,951,1870
2020-01-19T21:30:00+09:00,J2,628,671,1299
2020-01-19T21:30:00+09:00,J3,961,771,1732
2020-01-19T21:30:00+09:00,J4,643,643,1286
2020-01-19T21:30:00+09:00,J5,331,401,732
2020-01-19T21:45:00+09:00,J1,878,1002,1880
2020-01-19T21:45:00+09:00,J2,617,614,1231
2020-01-19T21:45:00+09:00,J3,922,676,1598
2020-01-19T21:45:00+09:00,J4,623,558,1181
2020-01-19T21:45:00+09:00,J5,303,283,586
2020-01-19T22:00:00+09:00,J1,844,941,1785
2020-01-19T22:00:00+09:00,J2,696,670,1366
2020-01-19T22:00:00+09:00,J3,842,667,1509
2020-01-19T22:00:00+09:00,J4,555,652,1207
2020-01-19T22:00:00+09:00,J5,347,329,676
2020-01-19T22:15:00+09:00,J1,849,1016,1865
2020-01-19T22:15:00+09:00,J2,802,731,1533
2020-01-19T22:15:00+09:00,J3,798,607,1405
2020-01-19T22:15:00+09:00,J4,557,624,1181
2020-01-19T22:15:00+09:00,J5,284,317,601
2020-01-19T22:30:00+09:00,J1,824,969,1793
2020-01-19T22:30:00+09:00,J2,706,686,1392
2020-01-19T22:30:00+09:00,J3,807,643,1450
2020-01-19T22:30:00+09:00,J4,576,609,1185
2020-01-19T22:30:00+09:00,J5,396,337,733
2020-01-19T22:45:00+09:00,J1,858,960,1818
2020-01-19T22:45:00+09:00,J2,776,693,1469
2020-01-19T22:45:00+09:00,J3,766,641,1407
2020-01-19T22:45:00+09:00,J4,541,619,1160
2020-01-19T22:45:00+09:00,J5,361,321,682
2020-01-19T23:00:00+09:00,J1,910,957,1867
2020-01-19T23:00:00+09:00,J2,718,690,1408
2020-01-19T23:00:00+09:00,J3,653,518,1171
2020-01-19T23:00:00+09:00,J4,477,523,1000
2020-01-19T23:00:00+09:00,J5,383,304,687
2020-01-19T23:15:00+09:00,J1,813,1021,1834
2020-01-19T23:15:00+09:00,J2,718,754,1472
2020-01-19T23:15:00+09:00,J3,716,577,1293
2020-01-19T23:15:00+09:00,J4,491,553,1044
2020-01-19T23:15:00+09:00,J5,392,304,696
2020-01-19T23:30:00+09:00,J1,834,945,1779
2020-01-19T23:30:00+09:00,J2,739,701,1440
2020-01-19T23:30:00+09:00,J3,716,565,1281
2020-01-19T23:30:00+09:00,J4,505,611,1116
2020-01-19T23:30:00+09:00,J5,384,351,735
2020-01-19T23:45:00+09:00,J1,816,942,1758
2020-01-19T23:45:00+09:00,J2,750,728,1478
2020-01-19T23:45:00+09:00,J3,608,547,1155
2020-01-19T23:45:00+09:00,J4,490,521,1011
2020-01-19T23:45:00+09:00,J5,435,393,828
2020-01-20T00:00:00+09:00,J1,638,624,1262
2020-01-20T00:00:00+09:00,J2,750,688,1438
2020-01-20T00:00:00+09:00,J3,632,601,1233
2020-01-20T00:00:00+09:00,J4,477,466,943
2020-01-20T00:00:00+09:00,J5,449,336,785
2020-01-20T00:15:00+09:00,J1,587,577,1164
2020-01-20T00:15:00+09:00,J2,748,712,1460
2020-01-20T00:15:00+09:00,J3,652,613,1265
2020-01-20T00:15:00+09:00,J4,428,373,801
2020-01-20T00:15:00+09:00,J5,583,533,1116
2020-01-20T00:30:00+09:00,J1,511,552,1063
2020-01-20T00:30:00+09:00,J2,781,734,1515
2020-01-20T00:30:00+09:00,J3,735,665,1400
2020-01-20T00:30:00+09:00,J4,414,377,791
2020-01-20T00:30:00+09:00,J5,582,536,1118
2020-01-20T00:45:00+09:00,J1,481,495,976
2020-01-20T00:45:00+09:00,J2,701,728,1429
2020-01-20T00:45:00+09:00,J3,730,588,1318
2020-01-20T00:45:00+09:00,J4,455,434,889
2020-01-20T00:45:00+09:00,J5,610,541,1151
2020-01-20T05:45:00+09:00,J1,699,699,1398
2020-01-20T05:45:00+09:00,J2,538,576,1114
2020-01-20T05:45:00+09:00,J3,836,678,1514
2020-01-20T05:45:00+09:00,J4,826,735,1561
2020-01-20T05:45:00+09:00,J5,450,456,906
2020-01-20T06:00:00+09:00,J1,644,640,1284
2020-01-20T06:00:00+09:00,J2,500,619,1119
2020-01-20T06:00:00+09:00,J3,874,665,1539
2020-01-20T06:00:00+09:00,J4,792,805,1597
2020-01-20T06:00:00+09:00,J5,531,498,1029
2020-01-20T06:15:00+09:00,J1,684,711,1395
2020-01-20T06:15:00+09:00,J2,581,659,1240
2020-01-20T06:15:00+09:00,J3,882,751,1633
2020-01-20T06:15:00+09:00,J4,949,1037,1986
2020-01-20T06:15:00+09:00,J5,566,533,1099
2020-01-20T06:30:00+09:00,J1,667,724,1391
2020-01-20T06:30:00+09:00,J2,573,618,1191
2020-01-20T06:30:00+09:00,J3,946,723,1669
2020-01-20T06:30:00+09:00,J4,899,1022,1921
2020-01-20T06:30:00+09:00,J5,605,556,1161
2020-01-20T06:45:00+09:00,J1,682,704,1386
2020-01-20T06:45:00+09:00,J2,658,664,1322
2020-01-20T06:45:00+09:00,J3,906,763,1669
2020-01-20T06:45:00+09:00,J4,804,844,1648
2020-01-20T06:45:00+09:00,J5,578,526,1104
2020-01-20T07:00:00+09:00,J1,728,842,1570
2020-01-20T07:00:00+09:00,J2,663,725,1388
2020-01-20T07:00:00+09:00,J3,952,845,1797
2020-01-20T07:00:00+09:00,J4,900,898,1798
2020-01-20T07:00:00+09:00,J5,565,572,1137
2020-01-20T07:15:00+09:00,J1,728,817,1545
2020-01-20T07:15:00+09:00,J2,799,658,1457
2020-01-20T07:15:00+09:00,J3,970,834,1804
2020-01-20T07:15:00+09:00,J4,925,829,1754
2020-01-20T07:15:00+09:00,J5,650,578,1228
2020-01-20T07:30:00+09:00,J1,774,883,1657
2020-01-20T07:30:00+09:00,J2,733,686,1419
2020-01-20T07:30:00+09:00,J3,969,864,1833
2020-01-20T07:30:00+09:00,J4,1009,962,1971
2020-01-20T07:30:00+09:00,J5,489,518,1007
2020-01-20T07:45:00+09:00,J1,838,880,1718
2020-01-20T07:45:00+09:00,J2,969,791,1760
2020-01-20T07:45:00+09:00,J3,1333,1276,2609
2020-01-20T07:45:00+09:00,J4,887,896,1783
2020-01-20T07:45:00+09:00,J5,606,594,1200
2020-01-20T08:00:00+09:00,J1,921,931,1852
2020-01-20T08:00:00+09:00,J2,1238,800,2038
2020-01-20T08:00:00+09:00,J3,1456,1460,2916
2020-01-20T08:00:00+09:00,J4,763,954,1717
2020-01-20T08:00:00+09:00,J5,672,676,1348
2020-01-20T08:15:00+09:00,J1,853,1008,1861
2020-01-20T08:15:00+09:00,J2,1279,825,2104
2020-01-20T08:15:00+09:00,J3,1490,1362,2852
2020-01-20T08:15:00+09:00,J4,787,1104,1891
2020-01-20T08:15:00+09:00,J5,634,715,1349
2020-01-20T08:30:00+09:00,J1,931,1008,1939
2020-01-20T08:30:00+09:00,J2,1280,809,2089
2020-01-20T08:30:00+09:00,J3,1435,1459,2894
2020-01-20T08:30:00+09:00,J4,618,1043,1661
2020-01-20T08:30:00+09:00,J5,632,688,1320
2020-01-20T08:45:00+09:00,J1,943,954,1897
2020-01-20T08:45:00+09:00,J2,1176,622,1798
2020-01-20T08:45:00+09:00,J3,1307,1333,2640
2020-01-20T08:45:00+09:00,J4,673,973,1646
2020-01-20T08:45:00+09:00,J5,552,532,1084
2020-01-20T09:00:00+09:00,J1,866,929,1795
2020-01-20T09:00:00+09:00,J2,863,640,1503
2020-01-20T09:00:00+09:00,J3,1335,1192,2527
2020-01-20T09:00:00+09:00,J4,743,810,1553
2020-01-20T09:00:00+09:00,J5,538,514,1052
2020-01-20T09:15:00+09:00,J1,960,925,1885
2020-01-20T09:15:00+09:00,J2,940,760,1700
2020-01-20T09:15:00+09:00,J3,1036,1006,2042
2020-01-20T09:15:00+09:00,J4,751,781,1532
2020-01-20T09:15:00+09:00,J5,599,635,1234
2020-01-20T09:30:00+09:00,J1,886,935,1821
2020-01-20T09:30:00+09:00,J2,890,807,1697
2020-01-20T09:30:00+09:00,J3,981,908,1889
2020-01-20T09:30:00+09:00,J4,804,835,1639
2020-01-20T09:30:00+09:00,J5,533,526,1059
2020-01-20T09:45:00+09:00,J1,891,899,1790
2020-01-20T09:45:00+09:00,J2,853,771,1624
2020-01-20T09:45:00+09:00,J3,1026,1057,2083
2020-01-20T09:45:00+09:00,J4,718,818,1536
2020-01-20T09:45:00+09:00,J5,443,432,875
2020-01-20T10:00:00+09:00,J1,814,888,1702
2020-01-20T10:00:00+09:00,J2,799,790,1589
2020-01-20T10:00:00+09:00,J3,1068,1041,2109
2020-01-20T10:00:00+09:00,J4,754,780,1534
2020-01-20T10:00:00+09:00,J5,346,361,707
2020-01-20T10:15:00+09:00,J1,844,884,1728
2020-01-20T10:15:00+09:00,J2,861,831,1692
2020-01-20T10:15:00+09:00,J3,1111,1130,2241
2020-01-20T10:15:00+09:00,J4,676,690,1366
2020-01-20T10:15:00+09:00,J5,314,377,691
2020-01-20T10:30:00+09:00,J1,853,888,1741
2020-01-20T10:30:00+09:00,J2,758,754,1512
2020-01-20T10:30:00+09:00,J3,978,981,1959
2020-01-20T10:30:00+09:00,J4,619,741,1360
2020-01-20T10:30:00+09:00,J5,370,379,749
2020-01-20T10:45:00+09:00,J1,886,867,1753
2020-01-20T10:45:00+09:00,J2,751,711,1462
2020-01-20T10:45:00+09:00,J3,989,994,1983
2020-01-20T10:45:00+09:00,J4,737,690,1427
2020-01-20T10:45:00+09:00,J5,344,399,743
2020-01-20T11:00:00+09:00,J1,869,909,1778
2020-01-20T11:00:00+09:00,J2,705,714,1419
2020-01-20T11:00:00+09:00,J3,1155,1156,2311
2020-01-20T11:00:00+09:00,J4,762,796,1558
2020-01-20T11:00:00+09:00,J5,383,378,761
2020-01-20T11:15:00+09:00,J1,880,895,1775
2020-01-20T11:15:00+09:00,J2,726,660,1386
2020-01-20T11:15:00+09:00,J3,1277,1128,2405
2020-01-20T11:15:00+09:00,J4,702,773,1475
2020-01-20T11:15:00+09:00,J5,523,612,1135
2020-01-20T11:30:00+09:00,J1,871,965,1836
2020-01-20T11:30:00+09:00,J2,727,753,1480
2020-01-20T11:30:00+09:00,J3,1278,1188,2466
2020-01-20T11:30:00+09:00,J4,650,725,1375
2020-01-20T11:30:00+09:00,J5,596,584,1180
2020-01-20T11:45:00+09:00,J1,893,991,1884
2020-01-20T11:45:00+09:00,J2,955,883,1838
2020-01-20T11:45:00+09:00,J3,1265,1112,2377
2020-01-20T11:45:00+09:00,J4,622,674,1296
2020-01-20T11:45:00+09:00,J5,552,560,1112
2020-01-20T12:00:00+09:00,J1,939,1013,1952
2020-01-20T12:00:00+09:00,J2,876,840,1716
2020-01-20T12:00:00+09:00,J3,1405,1182,2587
2020-01-20T12:00:00+09:00,J4,595,711,1306
2020-01-20T12:00:00+09:00,J5,651,645,1296
2020-01-20T12:15:00+09:00,J1,824,950,1774
2020-01-20T12:15:00+09:00,J2,866,867,1733
2020-01-20T12:15:00+09:00,J3,1284,1059,2343
2020-01-20T12:15:00+09:00,J4,639,780,1419
2020-01-20T12:15:00+09:00,J5,578,579,1157
2020-01-20T12:30:00+09:00,J1,865,961,1826
2020-01-20T12:30:00+09:00,J2,761,850,1611
2020-01-20T12:30:00+09:00,J3,1371,1188,2559
2020-01-20T12:30:00+09:00,J4,698,786,1484
2020-01-20T12:30:00+09:00,J5,573,597,1170
2020-01-20T12:45:00+09:00,J1,802,973,1775
2020-01-20T12:45:00+09:00,J2,883,875,1758
2020-01-20T12:45:00+09:00,J3,1221,1056,2277
2020-01-20T12:45:00+09:00,J4,664,757,1421
2020-01-20T12:45:00+09:00,J5,576,549,1125
2020-01-20T13:00:00+09:00,J1,807,947,1754
2020-01-20T13:00:00+09:00,J2,844,868,1712
2020-01-20T13:00:00+09:00,J3,1164,1032,2196
2020-01-20T13:00:00+09:00,J4,628,734,1362
2020-01-20T13:00:00+09:00,J5,556,516,1072
2020-01-20T13:15:00+09:00,J1,811,922,1733
2020-01-20T13:15:00+09:00,J2,848,887,1735
2020-01-20T13:15:00+09:00,J3,1152,1091,2243
2020-01-20T13:15:00+09:00,J4,609,676,1285
2020-01-20T13:15:00+09:00,J5,591,512,1103
2020-01-20T13:30:00+09:00,J1,817,938,1755
2020-01-20T13:30:00+09:00,J2,893,849,1742
2020-01-20T13:30:00+09:00,J3,1170,1129,2299
2020-01-20T13:30:00+09:00,J4,578,645,1223
2020-01-20T13:30:00+09:00,J5,539,469,1008
2020-01-20T13:45:00+09:00,J1,830,970,1800
2020-01-20T13:45:00+09:00,J2,864,892,1756
2020-01-20T13:45:00+09:00,J3,1160,1067,2227
2020-01-20T13:45:00+09:00,J4,576,650,1226
2020-01-20T13:45:00+09:00,J5,532,527,1059
2020-01-20T14:00:00+09:00,J1,807,939,1746
2020-01-20T14:00:00+09:00,J2,820,858,1678
2020-01-20T14:00:00+09:00,J3,1073,992,2065
2020-01-20T14:00:00+09:00,J4,549,629,1178
2020-01-20T14:00:00+09:00,J5,497,422,919
2020-01-20T14:15:00+09:00,J1,775,950,1725
2020-01-20T14:15:00+09:00,J2,876,896,1772
2020-01-20T14:15:00+09:00,J3,1156,1033,2189
2020-01-20T14:15:00+09:00,J4,626,646,1272
2020-01-20T14:15:00+09:00,J5,470,466,936
2020-01-20T14:30:00+09:00,J1,826,957,1783
2020-01-20T14:30:00+09:00,J2,917,809,1726
2020-01-20T14:30:00+09:00,J3,1162,1026,2188
2020-01-20T14:30:00+09:00,J4,575,618,1193
2020-01-20T14:30:00+09:00,J5,501,489,990
2020-01-20T14:45:00+09:00,J1,821,929,1750
2020-01-20T14:45:00+09:00,J2,908,869,1777
2020-01-20T14:45:00+09:00,J3,1142,1057,2199
2020-01-20T14:45:00+09:00,J4,665,702,1367
2020-01-20T14:45:00+09:00,J5,524,487,1011
2020-01-20T15:00:00+09:00,J1,830,995,1825
2020-01-20T15:00:00+09:00,J2,900,931,1831
2020-01-20T15:00:00+09:00,J3,1088,1021,2109
2020-01-20T15:00:00+09:00,J4,594,670,1264
2020-01-20T15:00:00+09:00,J5,591,528,1119
2020-01-20T15:15:00+09:00,J1,777,889,1666
2020-01-20T15:15:00+09:00,J2,895,1002,1897
2020-01-20T15:15:00+09:00,J3,1172,977,2149
2020-01-20T15:15:00+09:00,J4,635,688,1323
2020-01-20T15:15:00+09:00,J5,549,589,1138
2020-01-20T15:30:00+09:00,J1,745,885,1630
2020-01-20T15:30:00+09:00,J2,896,937,1833
2020-01-20T15:30:00+09:00,J3,1034,719,1753
2020-01-20T15:30:00+09:00,J4,621,685,1306
2020-01-20T15:30:00+09:00,J5,579,592,1171
2020-01-20T15:45:00+09:00,J1,802,859,1661
2020-01-20T15:45:00+09:00,J2,874,857,1731
2020-01-20T15:45:00+09:00,J3,964,692,1656
2020-01-20T15:45:00+09:00,J4,613,705,1318
2020-01-20T15:45:00+09:00,J5,584,546,1130
2020-01-20T16:00:00+09:00,J1,775,878,1653
2020-01-20T16:00:00+09:00,J2,950,879,1829
2020-01-20T16:00:00+09:00,J3,1035,771,1806
2020-01-20T16:00:00+09:00,J4,634,684,1318
2020-01-20T16:00:00+09:00,J5,534,469,1003
2020-01-20T16:15:00+09:00,J1,777,945,1722
2020-01-20T16:15:00+09:00,J2,946,934,1880
2020-01-20T16:15:00+09:00,J3,984,819,1803
2020-01-20T16:15:00+09:00,J4,690,801,1491
2020-01-20T16:15:00+09:00,J5,515,458,973
2020-01-20T16:30:00+09:00,J1,803,897,1700
2020-01-20T16:30:00+09:00,J2,883,879,1762
2020-01-20T16:30:00+09:00,J3,1049,753,1802
2020-01-20T16:30:00+09:00,J4,778,815,1593
2020-01-20T16:30:00+09:00,J5,547,529,1076
2020-01-20T16:45:00+09:00,J1,844,912,1756
2020-01-20T16:45:00+09:00,J2,901,922,1823
2020-01-20T16:45:00+09:00,J3,1115,729,1844
2020-01-20T16:45:00+09:00,J4,590,731,1321
2020-01-20T16:45:00+09:00,J5,573,693,1266
2020-01-20T17:00:00+09:00,J1,867,953,1820
2020-01-20T17:00:00+09:00,J2,929,973,1902
2020-01-20T17:00:00+09:00,J3,1113,810,1923
2020-01-20T17:00:00+09:00,J4,895,854,1749
2020-01-20T17:00:00+09:00,J5,645,720,1365
2020-01-20T17:15:00+09:00,J1,821,938,1759
2020-01-20T17:15:00+09:00,J2,1023,1061,2084
2020-01-20T17:15:00+09:00,J3,1043,758,1801
2020-01-20T17:15:00+09:00,J4,962,997,1959
2020-01-20T17:15:00+09:00,J5,713,835,1548
2020-01-20T17:30:00+09:00,J1,922,949,1871
2020-01-20T17:30:00+09:00,J2,1049,1173,2222
2020-01-20T17:30:00+09:00,J3,1157,884,2041
2020-01-20T17:30:00+09:00,J4,1116,1020,2136
2020-01-20T17:30:00+09:00,J5,740,901,1641
2020-01-20T17:45:00+09:00,J1,902,1029,1931
2020-01-20T17:45:00+09:00,J2,1097,1157,2254
2020-01-20T17:45:00+09:00,J3,1157,914,2071
2020-01-20T17:45:00+09:00,J4,1115,925,2040
2020-01-20T17:45:00+09:00,J5,749,975,1724
2020-01-20T18:00:00+09:00,J1,990,975,1965
2020-01-20T18:00:00+09:00,J2,1076,1027,2103
2020-01-20T18:00:00+09:00,J3,1217,881,2098
2020-01-20T18:00:00+09:00,J4,1094,949,2043
2020-01-20T18:00:00+09:00,J5,724,935,1659
2020-01-20T18:15:00+09:00,J1,996,932,1928
2020-01-20T18:15:00+09:00,J2,1138,1027,2165
2020-01-20T18:15:00+09:00,J3,1290,953,2243
2020-01-20T18:15:00+09:00,J4,975,866,1841
2020-01-20T18:15:00+09:00,J5,614,867,1481
2020-01-20T18:30:00+09:00,J1,929,886,1815
2020-01-20T18:30:00+09:00,J2,976,984,1960
2020-01-20T18:30:00+09:00,J3,1194,858,2052
2020-01-20T18:30:00+09:00,J4,960,815,1775
2020-01-20T18:30:00+09:00,J5,484,689,1173
2020-01-20T18:45:00+09:00,J1,878,903,1781
2020-01-20T18:45:00+09:00,J2,979,836,1815
2020-01-20T18:45:00+09:00,J3,1072,806,1878
2020-01-20T18:45:00+09:00,J4,900,800,1700
2020-01-20T18:45:00+09:00,J5,470,490,960
2020-01-20T19:00:00+09:00,J1,830,882,1712
2020-01-20T19:00:00+09:00,J2,814,883,1697
2020-01-20T19:00:00+09:00,J3,1021,859,1880
2020-01-20T19:00:00+09:00,J4,799,854,1653
2020-01-20T19:00:00+09:00,J5,436,495,931
2020-01-20T19:15:00+09:00,J1,839,921,1760
2020-01-20T19:15:00+09:00,J2,864,796,1660
2020-01-20T19:15:00+09:00,J3,1050,802,1852
2020-01-20T19:15:00+09:00,J4,887,872,1759
2020-01-20T19:15:00+09:00,J5,425,550,975
2020-01-20T19:30:00+09:00,J1,798,880,1678
2020-01-20T19:30:00+09:00,J2,853,729,1582
2020-01-20T19:30:00+09:00,J3,1021,829,1850
2020-01-20T19:30:00+09:00,J4,799,831,1630
2020-01-20T19:30:00+09:00,J5,385,443,828
2020-01-20T19:45:00+09:00,J1,814,935,1749
2020-01-20T19:45:00+09:00,J2,783,721,1504
2020-01-20T19:45:00+09:00,J3,846,709,1555
2020-01-20T19:45:00+09:00,J4,798,666,1464
2020-01-20T19:45:00+09:00,J5,390,400,790
2020-01-20T20:00:00+09:00,J1,783,924,1707
2020-01-20T20:00:00+09:00,J2,744,641,1385
2020-01-20T20:00:00+09:00,J3,892,736,1628
2020-01-20T20:00:00+09:00,J4,714,728,1442
2020-01-20T20:00:00+09:00,J5,350,419,769
2020-01-20T20:15:00+09:00,J1,808,890,1698
2020-01-20T20:15:00+09:00,J2,812,690,1502
2020-01-20T20:15:00+09:00,J3,956,785,1741
2020-01-20T20:15:00+09:00,J4,695,721,1416
2020-01-20T20:15:00+09:00,J5,299,431,730
2020-01-20T20:30:00+09:00,J1,803,887,1690
2020-01-20T20:30:00+09:00,J2,742,642,1384
2020-01-20T20:30:00+09:00,J3,900,758,1658
2020-01-20T20:30:00+09:00,J4,670,706,1376
2020-01-20T20:30:00+09:00,J5,317,366,683
2020-01-20T20:45:00+09:00,J1,761,902,1663
2020-01-20T20:45:00+09:00,J2,722,611,1333
2020-01-20T20:45:00+09:00,J3,857,772,1629
2020-01-20T20:45:00+09:00,J4,667,706,1373
2020-01-20T20:45:00+09:00,J5,350,323,673
2020-01-20T21:00:00+09:00,J1,763,866,1629
2020-01-20T21:00:00+09:00,J2,680,732,1412
2020-01-20T21:00:00+09:00,J3,860,666,1526
2020-01-20T21:00:00+09:00,J4,735,820,1555
2020-01-20T21:00:00+09:00,J5,272,289,561
2020-01-20T21:15:00+09:00,J1,757,890,1647
2020-01-20T21:15:00+09:00,J2,704,682,1386
2020-01-20T21:15:00+09:00,J3,782,588,1370
2020-01-20T21:15:00+09:00,J4,830,763,1593
2020-01-20T21:15:00+09:00,J5,287,279,566
2020-01-20T21:30:00+09:00,J1,789,883,1672
2020-01-20T21:30:00+09:00,J2,808,736,1544
2020-01-20T21:30:00+09:00,J3,740,594,1334
2020-01-20T21:30:00+09:00,J4,734,838,1572
2020-01-20T21:30:00+09:00,J5,316,337,653
2020-01-20T21:45:00+09:00,J1,747,900,1647
2020-01-20T21:45:00+09:00,J2,891,894,1785
2020-01-20T21:45:00+09:00,J3,707,591,1298
2020-01-20T21:45:00+09:00,J4,721,806,1527
2020-01-20T21:45:00+09:00,J5,394,360,754
2020-01-20T22:00:00+09:00,J1,783,806,1589
2020-01-20T22:00:00+09:00,J2,829,896,1725
2020-01-20T22:00:00+09:00,J3,800,652,1452
2020-01-20T22:00:00+09:00,J4,705,737,1442
2020-01-20T22:00:00+09:00,J5,377,300,677
2020-01-20T22:15:00+09:00,J1,769,884,1653
2020-01-20T22:15:00+09:00,J2,869,899,1768
2020-01-20T22:15:00+09:00,J3,782,751,1533
2020-01-20T22:15:00+09:00,J4,689,717,1406
2020-01-20T22:15:00+09:00,J5,390,299,689
2020-01-20T22:30:00+09:00,J1,711,865,1576
2020-01-20T22:30:00+09:00,J2,697,794,1491
2020-01-20T22:30:00+09:00,J3,738,637,1375
2020-01-20T22:30:00+09:00,J4,597,742,1339
2020-01-20T22:30:00+09:00,J5,398,382,780
2020-01-20T22:45:00+09:00,J1,757,864,1621
2020-01-20T22:45:00+09:00,J2,768,829,1597
2020-01-20T22:45:00+09:00,J3,797,669,1466
2020-01-20T22:45:00+09:00,J4,647,795,1442
2020-01-20T22:45:00+09:00,J5,477,470,947
2020-01-20T23:00:00+09:00,J1,721,880,1601
2020-01-20T23:00:00+09:00,J2,816,866,1682
2020-01-20T23:00:00+09:00,J3,737,736,1473
2020-01-20T23:00:00+09:00,J4,660,726,1386
2020-01-20T23:00:00+09:00,J5,480,476,956
2020-01-20T23:15:00+09:00,J1,740,859,1599
2020-01-20T23:15:00+09:00,J2,758,842,1600
2020-01-20T23:15:00+09:00,J3,834,699,1533
2020-01-20T23:15:00+09:00,J4,559,706,1265
2020-01-20T23:15:00+09:00,J5,463,492,955
2020-01-20T23:30:00+09:00,J1,667,836,1503
2020-01-20T23:30:00+09:00,J2,785,733,1518
2020-01-20T23:30:00+09:00,J3,690,713,1403
2020-01-20T23:30:00+09:00,J4,638,696,1334
2020-01-20T23:30:00+09:00,J5,495,486,981
2020-01-20T23:45:00+09:00,J1,764,821,1585
2020-01-20T23:45:00+09:00,J2,789,712,1501
2020-01-20T23:45:00+09:00,J3,800,637,1437
2020-01-20T23:45:00+09:00,J4,509,605,1114
2020-01-20T23:45:00+09:00,J5,408,518,926
2020-01-21T00:00:00+09:00,J1,687,767,1454
2020-01-21T00:00:00+09:00,J2,773,763,1536
2020-01-21T00:00:00+09:00,J3,653,599,1252
2020-01-21T00:00:00+09:00,J4,494,585,1079
2020-01-21T00:00:00+09:00,J5,504,534,1038
2020-01-21T00:15:00+09:00,J1,557,554,1111
2020-01-21T00:15:00+09:00,J2,712,735,1447
2020-01-21T00:15:00+09:00,J3,708,591,1299
2020-01-21T00:15:00+09:00,J4,529,538,1067
2020-01-21T00:15:00+09:00,J5,563,538,1101
2020-01-21T00:30:00+09:00,J1,472,483,955
2020-01-21T00:30:00+09:00,J2,645,715,1360
2020-01-21T00:30:00+09:00,J3,664,490,1154
2020-01-21T00:30:00+09:00,J4,732,725,1457
2020-01-21T00:30:00+09:00,J5,470,448,918
2020-01-21T00:45:00+09:00,J1,399,415,814
2020-01-21T00:45:00+09:00,J2,665,755,1420
2020-01-21T00:45:00+09:00,J3,656,534,1190
2020-01-21T00:45:00+09:00,J4,656,616,1272
2020-01-21T00:45:00+09:00,J5,501,521,1022
2020-01-21T05:45:00+09:00,J1,714,737,1451
2020-01-21T05:45:00+09:00,J2,594,545,1139
2020-01-21T05:45:00+09:00,J3,639,471,1110
2020-01-21T05:45:00+09:00,J4,712,712,1424
2020-01-21T05:45:00+09:00,J5,470,490,960
2020-01-21T06:00:00+09:00,J1,671,735,1406
2020-01-21T06:00:00+09:00,J2,502,526,1028
2020-01-21T06:00:00+09:00,J3,686,535,1221
2020-01-21T06:00:00+09:00,J4,807,740,1547
2020-01-21T06:00:00+09:00,J5,468,426,894
2020-01-21T06:15:00+09:00,J1,681,772,1453
2020-01-21T06:15:00+09:00,J2,512,539,1051
2020-01-21T06:15:00+09:00,J3,646,508,1154
2020-01-21T06:15:00+09:00,J4,816,799,1615
2020-01-21T06:15:00+09:00,J5,550,510,1060
2020-01-21T06:30:00+09:00,J1,667,731,1398
2020-01-21T06:30:00+09:00,J2,521,474,995
2020-01-21T06:30:00+09:00,J3,685,559,1244
2020-01-21T06:30:00+09:00,J4,728,763,1491
2020-01-21T06:30:00+09:00,J5,536,527,1063
2020-01-21T06:45:00+09:00,J1,677,735,1412
2020-01-21T06:45:00+09:00,J2,609,589,1198
2020-01-21T06:45:00+09:00,J3,660,555,1215
2020-01-21T06:45:00+09:00,J4,787,827,1614
2020-01-21T06:45:00+09:00,J5,568,550,1118
2020-01-21T07:00:00+09:00,J1,732,806,1538
2020-01-21T07:00:00+09:00,J2,724,675,1399
2020-01-21T07:00:00+09:00,J3,794,596,1390
2020-01-21T07:00:00+09:00,J4,788,760,1548
2020-01-21T07:00:00+09:00,J5,676,623,1299
2020-01-21T07:15:00+09:00,J1,782,870,1652
2020-01-21T07:15:00+09:00,J2,907,846,1753
2020-01-21T07:15:00+09:00,J3,840,658,1498
2020-01-21T07:15:00+09:00,J4,923,922,1845
2020-01-21T07:15:00+09:00,J5,618,682,1300
2020-01-21T07:30:00+09:00,J1,741,815,1556
2020-01-21T07:30:00+09:00,J2,783,741,1524
2020-01-21T07:30:00+09:00,J3,947,765,1712
2020-01-21T07:30:00+09:00,J4,877,974,1851
2020-01-21T07:30:00+09:00,J5,545,539,1084
2020-01-21T07:45:00+09:00,J1,799,896,1695
2020-01-21T07:45:00+09:00,J2,946,855,1801
2020-01-21T07:45:00+09:00,J3,955,840,1795
2020-01-21T07:45:00+09:00,J4,896,1031,1927
2020-01-21T07:45:00+09:00,J5,674,702,1376
2020-01-21T08:00:00+09:00,J1,853,928,1781
2020-01-21T08:00:00+09:00,J2,1179,763,1942
2020-01-21T08:00:00+09:00,J3,1116,838,1954
2020-01-21T08:00:00+09:00,J4,858,1161,2019
2020-01-21T08:00:00+09:00,J5,712,735,1447
2020-01-21T08:15:00+09:00,J1,866,1052,1918
2020-01-21T08:15:00+09:00,J2,1228,860,2088
2020-01-21T08:15:00+09:00,J3,1089,1003,2092
2020-01-21T08:15:00+09:00,J4,885,1181,2066
2020-01-21T08:15:00+09:00,J5,673,626,1299
2020-01-21T08:30:00+09:00,J1,954,916,1870
2020-01-21T08:30:00+09:00,J2,1199,878,2077
2020-01-21T08:30:00+09:00,J3,1087,991,2078
2020-01-21T08:30:00+09:00,J4,831,1123,1954
2020-01-21T08:30:00+09:00,J5,600,597,1197
2020-01-21T08:45:00+09:00,J1,925,911,1836
2020-01-21T08:45:00+09:00,J2,1054,804,1858
2020-01-21T08:45:00+09:00,J3,1026,961,1987
2020-01-21T08:45:00+09:00,J4,856,1098,1954
2020-01-21T08:45:00+09:00,J5,608,687,1295
2020-01-21T09:00:00+09:00,J1,879,883,1762
2020-01-21T09:00:00+09:00,J2,1019,809,1828
2020-01-21T09:00:00+09:00,J3,945,775,1720
2020-01-21T09:00:00+09:00,J4,851,981,1832
2020-01-21T09:00:00+09:00,J5,575,692,1267
2020-01-21T09:15:00+09:00,J1,908,876,1784
2020-01-21T09:15:00+09:00,J2,822,749,1571
2020-01-21T09:15:00+09:00,J3,854,772,1626
2020-01-21T09:15:00+09:00,J4,754,922,1676
2020-01-21T09:15:00+09:00,J5,592,571,1163
2020-01-21T09:30:00+09:00,J1,947,827,1774
2020-01-21T09:30:00+09:00,J2,807,774,1581
2020-01-21T09:30:00+09:00,J3,809,708,1517
2020-01-21T09:30:00+09:00,J4,849,954,1803
2020-01-21T09:30:00+09:00,J5,490,536,1026
2020-01-21T09:45:00+09:00,J1,939,850,1789
2020-01-21T09:45:00+09:00,J2,756,711,1467
2020-01-21T09:45:00+09:00,J3,927,775,1702
2020-01-21T09:45:00+09:00,J4,771,827,1598
2020-01-21T09:45:00+09:00,J5,454,454,908
2020-01-21T10:00:00+09:00,J1,927,902,1829
2020-01-21T10:00:00+09:00,J2,633,756,1389
2020-01-21T10:00:00+09:00,J3,860,755,1615
2020-01-21T10:00:00+09:00,J4,785,934,1719
2020-01-21T10:00:00+09:00,J5,369,399,768
2020-01-21T10:15:00+09:00,J1,872,904,1776
2020-01-21T10:15:00+09:00,J2,740,783,1523
2020-01-21T10:15:00+09:00,J3,814,719,1533
2020-01-21T10:15:00+09:00,J4,695,832,1527
2020-01-21T10:15:00+09:00,J5,349,377,726
2020-01-21T10:30:00+09:00,J1,918,932,1850
2020-01-21T10:30:00+09:00,J2,725,747,1472
2020-01-21T10:30:00+09:00,J3,821,687,1508
2020-01-21T10:30:00+09:00,J4,674,828,1502
2020-01-21T10:30:00+09:00,J5,398,439,837
2020-01-21T10:45:00+09:00,J1,922,897,1819
2020-01-21T10:45:00+09:00,J2,747,764,1511
2020-01-21T10:45:00+09:00,J3,818,724,1542
2020-01-21T10:45:00+09:00,J4,774,858,1632
2020-01-21T10:45:00+09:00,J5,396,444,840
2020-01-21T11:00:00+09:00,J1,919,925,1844
2020-01-21T11:00:00+09:00,J2,681,768,1449
2020-01-21T11:00:00+09:00,J3,800,707,1507
2020-01-21T11:00:00+09:00,J4,714,867,1581
2020-01-21T11:00:00+09:00,J5,367,372,739
2020-01-21T11:15:00+09:00,J1,964,976,1940
2020-01-21T11:15:00+09:00,J2,755,766,1521
2020-01-21T11:15:00+09:00,J3,953,850,1803
2020-01-21T11:15:00+09:00,J4,808,837,1645
2020-01-21T11:15:00+09:00,J5,578,604,1182
2020-01-21T11:30:00+09:00,J1,922,890,1812
2020-01-21T11:30:00+09:00,J2,851,749,1600
2020-01-21T11:30:00+09:00,J3,889,806,1695
2020-01-21T11:30:00+09:00,J4,704,821,1525
2020-01-21T11:30:00+09:00,J5,523,484,1007
2020-01-21T11:45:00+09:00,J1,912,891,1803
2020-01-21T11:45:00+09:00,J2,818,705,1523
2020-01-21T11:45:00+09:00,J3,979,761,1740
2020-01-21T11:45:00+09:00,J4,709,859,1568
2020-01-21T11:45:00+09:00,J5,514,421,935
2020-01-21T12:00:00+09:00,J1,924,890,1814
2020-01-21T12:00:00+09:00,J2,900,789,1689
2020-01-21T12:00:00+09:00,J3,1021,778,1799
2020-01-21T12:00:00+09:00,J4,752,824,1576
2020-01-21T12:00:00+09:00,J5,579,588,1167
2020-01-21T12:15:00+09:00,J1,844,852,1696
2020-01-21T12:15:00+09:00,J2,847,858,1705
2020-01-21T12:15:00+09:00,J3,1029,903,1932
2020-01-21T12:15:00+09:00,J4,784,871,1655
2020-01-21T12:15:00+09:00,J5,537,519,1056
2020-01-21T12:30:00+09:00,J1,812,914,1726
2020-01-21T12:30:00+09:00,J2,834,825,1659
2020-01-21T12:30:00+09:00,J3,1089,864,1953
2020-01-21T12:30:00+09:00,J4,756,862,1618
2020-01-21T12:30:00+09:00,J5,528,495,1023
2020-01-21T12:45:00+09:00,J1,835,916,1751
2020-01-21T12:45:00+09:00,J2,782,748,1530
2020-01-21T12:45:00+09:00,J3,1006,814,1820
2020-01-21T12:45:00+09:00,J4,652,819,1471
2020-01-21T12:45:00+09:00,J5,489,479,968
2020-01-21T13:00:00+09:00,J1,841,964,1805
2020-01-21T13:00:00+09:00,J2,709,652,1361
2020-01-21T13:00:00+09:00,J3,1003,731,1734
2020-01-21T13:00:00+09:00,J4,619,702,1321
2020-01-21T13:00:00+09:00,J5,415,407,822
2020-01-21T13:15:00+09:00,J1,883,888,1771
2020-01-21T13:15:00+09:00,J2,809,704,1513
2020-01-21T13:15:00+09:00,J3,971,737,1708
2020-01-21T13:15:00+09:00,J4,697,840,1537
2020-01-21T13:15:00+09:00,J5,465,441,906
2020-01-21T13:30:00+09:00,J1,841,956,1797
2020-01-21T13:30:00+09:00,J2,821,776,1597
2020-01-21T13:30:00+09:00,J3,1046,667,1713
2020-01-21T13:30:00+09:00,J4,712,836,1548
2020-01-21T13:30:00+09:00,J5,462,430,892
2020-01-21T13:45:00+09:00,J1,885,970,1855
2020-01-21T13:45:00+09:00,J2,676,795,1471
2020-01-21T13:45:00+09:00,J3,987,689,1676
2020-01-21T13:45:00+09:00,J4,706,815,1521
2020-01-21T13:45:00+09:00,J5,509,435,944
2020-01-21T14:00:00+09:00,J1,854,992,1846
2020-01-21T14:00:00+09:00,J2,698,710,1408
2020-01-21T14:00:00+09:00,J3,960,634,1594
2020-01-21T14:00:00+09:00,J4,626,683,1309
2020-01-21T14:00:00+09:00,J5,457,430,887
2020-01-21T14:15:00+09:00,J1,871,888,1759
2020-01-21T14:15:00+09:00,J2,712,725,1437
2020-01-21T14:15:00+09:00,J3,927,679,1606
2020-01-21T14:15:00+09:00,J4,735,803,1538
2020-01-21T14:15:00+09:00,J5,477,426,903
2020-01-21T14:30:00+09:00,J1,864,959,1823
2020-01-21T14:30:00+09:00,J2,684,710,1394
2020-01-21T14:30:00+09:00,J3,932,683,1615
2020-01-21T14:30:00+09:00,J4,698,815,1513
2020-01-21T14:30:00+09:00,J5,476,463,939
2020-01-21T14:45:00+09:00,J1,841,980,1821
2020-01-21T14:45:00+09:00,J2,733,728,1461
2020-01-21T14:45:00+09:00,J3,979,698,1677
2020-01-21T14:45:00+09:00,J4,700,771,1471
2020-01-21T14:45:00+09:00,J5,444,464,908
2020-01-21T15:00:00+09:00,J1,881,935,1816
2020-01-21T15:00:00+09:00,J2,717,737,1454
2020-01-21T15:00:00+09:00,J3,877,597,1474
2020-01-21T15:00:00+09:00,J4,699,703,1402
2020-01-21T15:00:00+09:00,J5,483,437,920
2020-01-21T15:15:00+09:00,J1,832,968,1800
2020-01-21T15:15:00+09:00,J2,797,725,1522
2020-01-21T15:15:00+09:00,J3,899,615,1514
2020-01-21T15:15:00+09:00,J4,720,756,1476
2020-01-21T15:15:00+09:00,J5,449,394,843
2020-01-21T15:30:00+09:00,J1,858,990,1848
2020-01-21T15:30:00+09:00,J2,849,641,1490
2020-01-21T15:30:00+09:00,J3,1001,732,1733
2020-01-21T15:30:00+09:00,J4,739,766,1505
2020-01-21T15:30:00+09:00,J5,504,472,976
2020-01-21T15:45:00+09:00,J1,849,925,1774
2020-01-21T15:45:00+09:00,J2,794,652,1446
2020-01-21T15:45:00+09:00,J3,979,759,1738
2020-01-21T15:45:00+09:00,J4,747,766,1513
2020-01-21T15:45:00+09:00,J5,531,482,1013
2020-01-21T16:00:00+09:00,J1,855,984,1839
2020-01-21T16:00:00+09:00,J2,725,625,1350
2020-01-21T16:00:00+09:00,J3,904,663,1567
2020-01-21T16:00:00+09:00,J4,701,769,1470
2020-01-21T16:00:00+09:00,J5,489,437,926
2020-01-21T16:15:00+09:00,J1,884,919,1803
2020-01-21T16:15:00+09:00,J2,837,636,1473
2020-01-21T16:15:00+09:00,J3,1037,660,1697
2020-01-21T16:15:00+09:00,J4,739,776,1515
2020-01-21T16:15:00+09:00,J5,523,453,976
2020-01-21T16:30:00+09:00,J1,881,923,1804
2020-01-21T16:30:00+09:00,J2,838,764,1602
2020-01-21T16:30:00+09:00,J3,1183,820,2003
2020-01-21T16:30:00+09:00,J4,731,803,1534
2020-01-21T16:30:00+09:00,J5,578,523,1101
2020-01-21T16:45:00+09:00,J1,886,931,1817
2020-01-21T16:45:00+09:00,J2,825,671,1496
2020-01-21T16:45:00+09:00,J3,1168,835,2003
2020-01-21T16:45:00+09:00,J4,771,755,1526
2020-01-21T16:45:00+09:00,J5,588,604,1192
2020-01-21T17:00:00+09:00,J1,929,934,1863
2020-01-21T17:00:00+09:00,J2,785,794,1579
2020-01-21T17:00:00+09:00,J3,1255,873,2128
2020-01-21T17:00:00+09:00,J4,840,806,1646
2020-01-21T17:00:00+09:00,J5,677,690,1367
2020-01-21T17:15:00+09:00,J1,911,977,1888
2020-01-21T17:15:00+09:00,J2,869,804,1673
2020-01-21T17:15:00+09:00,J3,1165,977,2142
2020-01-21T17:15:00+09:00,J4,960,997,1957
2020-01-21T17:15:00+09:00,J5,735,754,1489
2020-01-21T17:30:00+09:00,J1,975,971,1946
2020-01-21T17:30:00+09:00,J2,894,819,1713
2020-01-21T17:30:00+09:00,J3,1185,952,2137
2020-01-21T17:30:00+09:00,J4,1109,1019,2128
2020-01-21T17:30:00+09:00,J5,775,765,1540
2020-01-21T17:45:00+09:00,J1,999,1030,2029
2020-01-21T17:45:00+09:00,J2,829,893,1722
2020-01-21T17:45:00+09:00,J3,1206,899,2105
2020-01-21T17:45:00+09:00,J4,1152,993,2145
2020-01-21T17:45:00+09:00,J5,747,784,1531
2020-01-21T18:00:00+09:00,J1,1083,935,2018
2020-01-21T18:00:00+09:00,J2,828,940,1768
2020-01-21T18:00:00+09:00,J3,1258,877,2135
2020-01-21T18:00:00+09:00,J4,1178,1022,2200
2020-01-21T18:00:00+09:00,J5,722,828,1550
2020-01-21T18:15:00+09:00,J1,985,977,1962
2020-01-21T18:15:00+09:00,J2,918,940,1858
2020-01-21T18:15:00+09:00,J3,1280,814,2094
2020-01-21T18:15:00+09:00,J4,1020,912,1932
2020-01-21T18:15:00+09:00,J5,691,922,1613
2020-01-21T18:30:00+09:00,J1,946,914,1860
2020-01-21T18:30:00+09:00,J2,867,956,1823
2020-01-21T18:30:00+09:00,J3,1134,702,1836
2020-01-21T18:30:00+09:00,J4,966,840,1806
2020-01-21T18:30:00+09:00,J5,594,772,1366
2020-01-21T18:45:00+09:00,J1,1029,914,1943
2020-01-21T18:45:00+09:00,J2,818,766,1584
2020-01-21T18:45:00+09:00,J3,1078,658,1736
2020-01-21T18:45:00+09:00,J4,928,898,1826
2020-01-21T18:45:00+09:00,J5,477,640,1117
2020-01-21T19:00:00+09:00,J1,897,889,1786
2020-01-21T19:00:00+09:00,J2,696,713,1409
2020-01-21T19:00:00+09:00,J3,1048,715,1763
2020-01-21T19:00:00+09:00,J4,860,872,1732
2020-01-21T19:00:00+09:00,J5,439,648,1087
2020-01-21T19:15:00+09:00,J1,900,935,1835
2020-01-21T19:15:00+09:00,J2,622,680,1302
2020-01-21T19:15:00+09:00,J3,987,687,1674
2020-01-21T19:15:00+09:00,J4,848,897,1745
2020-01-21T19:15:00+09:00,J5,391,505,896
2020-01-21T19:30:00+09:00,J1,829,959,1788
2020-01-21T19:30:00+09:00,J2,635,592,1227
2020-01-21T19:30:00+09:00,J3,909,660,1569
2020-01-21T19:30:00+09:00,J4,925,902,1827
2020-01-21T19:30:00+09:00,J5,374,497,871
2020-01-21T19:45:00+09:00,J1,869,952,1821
2020-01-21T19:45:00+09:00,J2,618,608,1226
2020-01-21T19:45:00+09:00,J3,900,720,1620
2020-01-21T19:45:00+09:00,J4,815,894,1709
2020-01-21T19:45:00+09:00,J5,340,431,771
2020-01-21T20:00:00+09:00,J1,809,909,1718
2020-01-21T20:00:00+09:00,J2,798,706,1504
2020-01-21T20:00:00+09:00,J3,874,643,1517
2020-01-21T20:00:00+09:00,J4,733,754,1487
2020-01-21T20:00:00+09:00,J5,342,429,771
2020-01-21T20:15:00+09:00,J1,839,890,1729
2020-01-21T20:15:00+09:00,J2,627,558,1185
2020-01-21T20:15:00+09:00,J3,909,592,1501
2020-01-21T20:15:00+09:00,J4,666,707,1373
2020-01-21T20:15:00+09:00,J5,369,472,841
2020-01-21T20:30:00+09:00,J1,838,901,1739
2020-01-21T20:30:00+09:00,J2,573,533,1106
2020-01-21T20:30:00+09:00,J3,905,606,1511
2020-01-21T20:30:00+09:00,J4,648,687,1335
2020-01-21T20:30:00+09:00,J5,298,408,706
2020-01-21T20:45:00+09:00,J1,843,872,1715
2020-01-21T20:45:00+09:00,J2,526,478,1004
2020-01-21T20:45:00+09:00,J3,748,597,1345
2020-01-21T20:45:00+09:00,J4,736,665,1401
2020-01-21T20:45:00+09:00,J5,312,393,705
2020-01-21T21:00:00+09:00,J1,778,870,1648
2020-01-21T21:00:00+09:00,J2,751,684,1435
2020-01-21T21:00:00+09:00,J3,801,575,1376
2020-01-21T21:00:00+09:00,J4,821,809,1630
2020-01-21T21:00:00+09:00,J5,323,379,702
2020-01-21T21:15:00+09:00,J1,846,899,1745
2020-01-21T21:15:00+09:00,J2,700,662,1362
2020-01-21T21:15:00+09:00,J3,803,495,1298
2020-01-21T21:15:00+09:00,J4,814,801,1615
2020-01-21T21:15:00+09:00,J5,315,382,697
2020-01-21T21:30:00+09:00,J1,806,846,1652
2020-01-21T21:30:00+09:00,J2,710,736,1446
2020-01-21T21:30:00+09:00,J3,704,589,1293
2020-01-21T21:30:00+09:00,J4,748,801,1549
2020-01-21T21:30:00+09:00,J5,323,371,694
2020-01-21T21:45:00+09:00,J1,820,856,1676
2020-01-21T21:45:00+09:00,J2,806,792,1598
2020-01-21T21:45:00+09:00,J3,726,595,1321
2020-01-21T21:45:00+09:00,J4,758,794,1552
2020-01-21T21:45:00+09:00,J5,327,320,647
2020-01-21T22:00:00+09:00,J1,741,917,1658
2020-01-21T22:00:00+09:00,J2,802,762,1564
2020-01-21T22:00:00+09:00,J3,728,544,1272
2020-01-21T22:00:00+09:00,J4,773,873,1646
2020-01-21T22:00:00+09:00,J5,399,364,763
2020-01-21T22:15:00+09:00,J1,772,852,1624
2020-01-21T22:15:00+09:00,J2,726,718,1444
2020-01-21T22:15:00+09:00,J3,659,541,1200
2020-01-21T22:15:00+09:00,J4,807,875,1682
2020-01-21T22:15:00+09:00,J5,378,329,707
2020-01-21T22:30:00+09:00,J1,730,887,1617
2020-01-21T22:30:00+09:00,J2,778,735,1513
2020-01-21T22:30:00+09:00,J3,787,656,1443
2020-01-21T22:30:00+09:00,J4,694,829,1523
2020-01-21T22:30:00+09:00,J5,415,354,769
2020-01-21T22:45:00+09:00,J1,757,815,1572
2020-01-21T22:45:00+09:00,J2,755,752,1507
2020-01-21T22:45:00+09:00,J3,826,676,1502
2020-01-21T22:45:00+09:00,J4,641,764,1405
2020-01-21T22:45:00+09:00,J5,507,449,956
2020-01-21T23:00:00+09:00,J1,765,838,1603
2020-01-21T23:00:00+09:00,J2,721,660,1381
2020-01-21T23:00:00+09:00,J3,807,692,1499
2020-01-21T23:00:00+09:00,J4,717,786,1503
2020-01-21T23:00:00+09:00,J5,501,506,1007
2020-01-21T23:15:00+09:00,J1,727,838,1565
2020-01-21T23:15:00+09:00,J2,705,722,1427
2020-01-21T23:15:00+09:00,J3,789,694,1483
2020-01-21T23:15:00+09:00,J4,705,746,1451
2020-01-21T23:15:00+09:00,J5,449,477,926
2020-01-21T23:30:00+09:00,J1,714,776,1490
2020-01-21T23:30:00+09:00,J2,692,705,1397
2020-01-21T23:30:00+09:00,J3,786,680,1466
2020-01-21T23:30:00+09:00,J4,658,712,1370
2020-01-21T23:30:00+09:00,J5,456,430,886
2020-01-21T23:45:00+09:00,J1,705,829,1534
2020-01-21T23:45:00+09:00,J2,655,598,1253
2020-01-21T23:45:00+09:00,J3,780,695,1475
2020-01-21T23:45:00+09:00,J4,621,694,1315
2020-01-21T23:45:00+09:00,J5,541,518,1059
2020-01-22T00:00:00+09:00,J1,516,595,1111
2020-01-22T00:00:00+09:00,J2,679,658,1337
2020-01-22T00:00:00+09:00,J3,704,565,1269
2020-01-22T00:00:00+09:00,J4,537,654,1191
2020-01-22T00:00:00+09:00,J5,546,507,1053
2020-01-22T00:15:00+09:00,J1,383,432,815
2020-01-22T00:15:00+09:00,J2,558,534,1092
2020-01-22T00:15:00+09:00,J3,666,485,1151
2020-01-22T00:15:00+09:00,J4,702,774,1476
2020-01-22T00:15:00+09:00,J5,520,485,1005
2020-01-22T00:30:00+09:00,J1,394,373,767
2020-01-22T00:30:00+09:00,J2,461,524,985
2020-01-22T00:30:00+09:00,J3,637,503,1140
2020-01-22T00:30:00+09:00,J4,727,741,1468
2020-01-22T00:30:00+09:00,J5,462,398,860
2020-01-22T00:45:00+09:00,J1,395,381,776
2020-01-22T00:45:00+09:00,J2,550,601,1151
2020-01-22T00:45:00+09:00,J3,603,434,1037
2020-01-22T00:45:00+09:00,J4,801,729,1530
2020-01-22T00:45:00+09:00,J5,421,368,789
2020-01-22T05:45:00+09:00,J1,557,642,1199
2020-01-22T05:45:00+09:00,J2,510,469,979
2020-01-22T05:45:00+09:00,J3,583,402,985
2020-01-22T05:45:00+09:00,J4,802,755,1557
2020-01-22T05:45:00+09:00,J5,545,492,1037
2020-01-22T06:00:00+09:00,J1,602,580,1182
2020-01-22T06:00:00+09:00,J2,518,495,1013
2020-01-22T06:00:00+09:00,J3,703,413,1116
2020-01-22T06:00:00+09:00,J4,735,790,1525
2020-01-22T06:00:00+09:00,J5,505,522,1027
2020-01-22T06:15:00+09:00,J1,615,662,1277
2020-01-22T06:15:00+09:00,J2,528,532,1060
2020-01-22T06:15:00+09:00,J3,688,480,1168
2020-01-22T06:15:00+09:00,J4,779,762,1541
2020-01-22T06:15:00+09:00,J5,632,595,1227
2020-01-22T06:30:00+09:00,J1,691,661,1352
2020-01-22T06:30:00+09:00,J2,519,510,1029
2020-01-22T06:30:00+09:00,J3,521,404,925
2020-01-22T06:30:00+09:00,J4,754,766,1520
2020-01-22T06:30:00+09:00,J5,596,539,1135
2020-01-22T06:45:00+09:00,J1,701,680,1381
2020-01-22T06:45:00+09:00,J2,585,502,1087
2020-01-22T06:45:00+09:00,J3,658,472,1130
2020-01-22T06:45:00+09:00,J4,795,788,1583
2020-01-22T06:45:00+09:00,J5,586,513,1099
2020-01-22T07:00:00+09:00,J1,715,707,1422
2020-01-22T07:00:00+09:00,J2,574,659,1233
2020-01-22T07:00:00+09:00,J3,763,550,1313
2020-01-22T07:00:00+09:00,J4,753,816,1569
2020-01-22T07:00:00+09:00,J5,618,578,1196
2020-01-22T07:15:00+09:00,J1,737,796,1533
2020-01-22T07:15:00+09:00,J2,724,692,1416
2020-01-22T07:15:00+09:00,J3,780,626,1406
2020-01-22T07:15:00+09:00,J4,772,841,1613
2020-01-22T07:15:00+09:00,J5,615,597,1212
2020-01-22T07:30:00+09:00,J1,555,680,1235
2020-01-22T07:30:00+09:00,J2,548,513,1061
2020-01-22T07:30:00+09:00,J3,603,515,1118
2020-01-22T07:30:00+09:00,J4,620,656,1276
2020-01-22T07:30:00+09:00,J5,447,464,911
2020-01-22T07:45:00+09:00,J1,808,896,1704
2020-01-22T07:45:00+09:00,J2,1029,665,1694
2020-01-22T07:45:00+09:00,J3,914,688,1602
2020-01-22T07:45:00+09:00,J4,715,940,1655
2020-01-22T07:45:00+09:00,J5,741,697,1438
2020-01-22T08:00:00+09:00,J1,849,1015,1864
2020-01-22T08:00:00+09:00,J2,993,724,1717
2020-01-22T08:00:00+09:00,J3,1082,858,1940
2020-01-22T08:00:00+09:00,J4,692,984,1676
2020-01-22T08:00:00+09:00,J5,598,614,1212
2020-01-22T08:15:00+09:00,J1,928,985,1913
2020-01-22T08:15:00+09:00,J2,1181,885,2066
2020-01-22T08:15:00+09:00,J3,1103,974,2077
2020-01-22T08:15:00+09:00,J4,650,1057,1707
2020-01-22T08:15:00+09:00,J5,623,591,1214
2020-01-22T08:30:00+09:00,J1,1021,973,1994
2020-01-22T08:30:00+09:00,J2,1216,747,1963
2020-01-22T08:30:00+09:00,J3,917,993,1910
2020-01-22T08:30:00+09:00,J4,650,973,1623
2020-01-22T08:30:00+09:00,J5,555,658,1213
2020-01-22T08:45:00+09:00,J1,965,1062,2027
2020-01-22T08:45:00+09:00,J2,939,642,1581
2020-01-22T08:45:00+09:00,J3,893,794,1687
2020-01-22T08:45:00+09:00,J4,686,937,1623
2020-01-22T08:45:00+09:00,J5,534,495,1029
2020-01-22T09:00:00+09:00,J1,939,906,1845
2020-01-22T09:00:00+09:00,J2,818,680,1498
2020-01-22T09:00:00+09:00,J3,870,795,1665
2020-01-22T09:00:00+09:00,J4,795,842,1637
2020-01-22T09:00:00+09:00,J5,459,447,906
2020-01-22T09:15:00+09:00,J1,939,839,1778
2020-01-22T09:15:00+09:00,J2,792,667,1459
2020-01-22T09:15:00+09:00,J3,792,795,1587
2020-01-22T09:15:00+09:00,J4,816,904,1720
2020-01-22T09:15:00+09:00,J5,590,572,1162
2020-01-22T09:30:00+09:00,J1,849,860,1709
2020-01-22T09:30:00+09:00,J2,757,626,1383
2020-01-22T09:30:00+09:00,J3,747,703,1450
2020-01-22T09:30:00+09:00,J4,843,874,1717
2020-01-22T09:30:00+09:00,J5,451,462,913
2020-01-22T09:45:00+09:00,J1,864,840,1704
2020-01-22T09:45:00+09:00,J2,733,605,1338
2020-01-22T09:45:00+09:00,J3,841,674,1515
2020-01-22T09:45:00+09:00,J4,751,862,1613
2020-01-22T09:45:00+09:00,J5,451,463,914
2020-01-22T10:00:00+09:00,J1,905,882,1787
2020-01-22T10:00:00+09:00,J2,672,645,1317
2020-01-22T10:00:00+09:00,J3,758,564,1322
2020-01-22T10:00:00+09:00,J4,684,773,1457
2020-01-22T10:00:00+09:00,J5,365,391,756
2020-01-22T10:15:00+09:00,J1,922,824,1746
2020-01-22T10:15:00+09:00,J2,732,598,1330
2020-01-22T10:15:00+09:00,J3,783,560,1343
2020-01-22T10:15:00+09:00,J4,596,735,1331
2020-01-22T10:15:00+09:00,J5,404,376,780
2020-01-22T10:30:00+09:00,J1,951,895,1846
2020-01-22T10:30:00+09:00,J2,680,554,1234
2020-01-22T10:30:00+09:00,J3,841,638,1479
2020-01-22T10:30:00+09:00,J4,602,702,1304
2020-01-22T10:30:00+09:00,J5,416,447,863
2020-01-22T10:45:00+09:00,J1,928,847,1775
2020-01-22T10:45:00+09:00,J2,650,507,1157
2020-01-22T10:45:00+09:00,J3,842,626,1468
2020-01-22T10:45:00+09:00,J4,545,768,1313
2020-01-22T10:45:00+09:00,J5,385,434,819
2020-01-22T11:00:00+09:00,J1,885,888,1773
2020-01-22T11:00:00+09:00,J2,625,574,1199
2020-01-22T11:00:00+09:00,J3,825,656,1481
2020-01-22T11:00:00+09:00,J4,647,703,1350
2020-01-22T11:00:00+09:00,J5,408,422,830
2020-01-22T11:15:00+09:00,J1,836,895,1731
2020-01-22T11:15:00+09:00,J2,604,649,1253
2020-01-22T11:15:00+09:00,J3,925,857,1782
2020-01-22T11:15:00+09:00,J4,614,685,1299
2020-01-22T11:15:00+09:00,J5,616,560,1176
2020-01-22T11:30:00+09:00,J1,866,887,1753
2020-01-22T11:30:00+09:00,J2,605,669,1274
2020-01-22T11:30:00+09:00,J3,812,676,1488
2020-01-22T11:30:00+09:00,J4,571,676,1247
2020-01-22T11:30:00+09:00,J5,502,467,969
2020-01-22T11:45:00+09:00,J1,909,915,1824
2020-01-22T11:45:00+09:00,J2,676,663,1339
2020-01-22T11:45:00+09:00,J3,889,669,1558
2020-01-22T11:45:00+09:00,J4,592,656,1248
2020-01-22T11:45:00+09:00,J5,453,409,862
2020-01-22T12:00:00+09:00,J1,884,950,1834
2020-01-22T12:00:00+09:00,J2,761,614,1375
2020-01-22T12:00:00+09:00,J3,935,741,1676
2020-01-22T12:00:00+09:00,J4,618,681,1299
2020-01-22T12:00:00+09:00,J5,528,442,970
2020-01-22T12:15:00+09:00,J1,789,852,1641
2020-01-22T12:15:00+09:00,J2,610,611,1221
2020-01-22T12:15:00+09:00,J3,882,715,1597
2020-01-22T12:15:00+09:00,J4,607,685,1292
2020-01-22T12:15:00+09:00,J5,541,436,977
2020-01-22T12:30:00+09:00,J1,817,830,1647
2020-01-22T12:30:00+09:00,J2,722,596,1318
2020-01-22T12:30:00+09:00,J3,784,609,1393
2020-01-22T12:30:00+09:00,J4,707,804,1511
2020-01-22T12:30:00+09:00,J5,519,478,997
2020-01-22T12:45:00+09:00,J1,792,833,1625
2020-01-22T12:45:00+09:00,J2,812,672,1484
2020-01-22T12:45:00+09:00,J3,825,639,1464
2020-01-22T12:45:00+09:00,J4,681,719,1400
2020-01-22T12:45:00+09:00,J5,459,423,882
2020-01-22T13:00:00+09:00,J1,819,855,1674
2020-01-22T13:00:00+09:00,J2,820,744,1564
2020-01-22T13:00:00+09:00,J3,793,650,1443
2020-01-22T13:00:00+09:00,J4,774,765,1539
2020-01-22T13:00:00+09:00,J5,466,410,876
2020-01-22T13:15:00+09:00,J1,844,886,1730
2020-01-22T13:15:00+09:00,J2,900,730,1630
2020-01-22T13:15:00+09:00,J3,764,705,1469
2020-01-22T13:15:00+09:00,J4,761,733,1494
2020-01-22T13:15:00+09:00,J5,462,416,878
2020-01-22T13:30:00+09:00,J1,819,903,1722
2020-01-22T13:30:00+09:00,J2,813,740,1553
2020-01-22T13:30:00+09:00,J3,678,546,1224
2020-01-22T13:30:00+09:00,J4,826,841,1667
2020-01-22T13:30:00+09:00,J5,402,385,787
2020-01-22T13:45:00+09:00,J1,787,864,1651
2020-01-22T13:45:00+09:00,J2,798,718,1516
2020-01-22T13:45:00+09:00,J3,753,605,1358
2020-01-22T13:45:00+09:00,J4,759,784,1543
2020-01-22T13:45:00+09:00,J5,461,385,846
2020-01-22T14:00:00+09:00,J1,880,893,1773
2020-01-22T14:00:00+09:00,J2,767,745,1512
2020-01-22T14:00:00+09:00,J3,801,631,1432
2020-01-22T14:00:00+09:00,J4,687,742,1429
2020-01-22T14:00:00+09:00,J5,457,411,868
2020-01-22T14:15:00+09:00,J1,882,847,1729
2020-01-22T14:15:00+09:00,J2,840,747,1587
2020-01-22T14:15:00+09:00,J3,723,524,1247
2020-01-22T14:15:00+09:00,J4,756,740,1496
2020-01-22T14:15:00+09:00,J5,408,452,860
2020-01-22T14:30:00+09:00,J1,857,769,1626
2020-01-22T14:30:00+09:00,J2,864,685,1549
2020-01-22T14:30:00+09:00,J3,702,537,1239
2020-01-22T14:30:00+09:00,J4,723,738,1461
2020-01-22T14:30:00+09:00,J5,501,440,941
2020-01-22T14:45:00+09:00,J1,859,838,1697
2020-01-22T14:45:00+09:00,J2,856,781,1637
2020-01-22T14:45:00+09:00,J3,687,565,1252
2020-01-22T14:45:00+09:00,J4,788,792,1580
2020-01-22T14:45:00+09:00,J5,491,406,897
2020-01-22T15:00:00+09:00,J1,815,837,1652
2020-01-22T15:00:00+09:00,J2,887,735,1622
2020-01-22T15:00:00+09:00,J3,702,538,1240
2020-01-22T15:00:00+09:00,J4,779,788,1567
2020-01-22T15:00:00+09:00,J5,497,476,973
2020-01-22T15:15:00+09:00,J1,836,873,1709
2020-01-22T15:15:00+09:00,J2,698,618,1316
2020-01-22T15:15:00+09:00,J3,675,488,1163
2020-01-22T15:15:00+09:00,J4,846,887,1733
2020-01-22T15:15:00+09:00,J5,505,483,988
2020-01-22T15:30:00+09:00,J1,800,897,1697
2020-01-22T15:30:00+09:00,J2,761,742,1503
2020-01-22T15:30:00+09:00,J3,714,554,1268
2020-01-22T15:30:00+09:00,J4,808,783,1591
2020-01-22T15:30:00+09:00,J5,515,409,924
2020-01-22T15:45:00+09:00,J1,782,802,1584
2020-01-22T15:45:00+09:00,J2,861,719,1580
2020-01-22T15:45:00+09:00,J3,679,562,1241
2020-01-22T15:45:00+09:00,J4,814,810,1624
2020-01-22T15:45:00+09:00,J5,489,437,926
2020-01-22T16:00:00+09:00,J1,834,805,1639
2020-01-22T16:00:00+09:00,J2,675,732,1407
2020-01-22T16:00:00+09:00,J3,672,531,1203
2020-01-22T16:00:00+09:00,J4,731,774,1505
2020-01-22T16:00:00+09:00,J5,511,434,945
2020-01-22T16:15:00+09:00,J1,818,860,1678
2020-01-22T16:15:00+09:00,J2,756,805,1561
2020-01-22T16:15:00+09:00,J3,672,487,1159
2020-01-22T16:15:00+09:00,J4,831,879,1710
2020-01-22T16:15:00+09:00,J5,537,473,1010
2020-01-22T16:30:00+09:00,J1,870,871,1741
2020-01-22T16:30:00+09:00,J2,756,680,1436
2020-01-22T16:30:00+09:00,J3,816,755,1571
2020-01-22T16:30:00+09:00,J4,888,949,1837
2020-01-22T16:30:00+09:00,J5,553,470,1023
2020-01-22T16:45:00+09:00,J1,880,812,1692
2020-01-22T16:45:00+09:00,J2,767,617,1384
2020-01-22T16:45:00+09:00,J3,810,770,1580
2020-01-22T16:45:00+09:00,J4,909,874,1783
2020-01-22T16:45:00+09:00,J5,653,598,1251
2020-01-22T17:00:00+09:00,J1,930,956,1886
2020-01-22T17:00:00+09:00,J2,777,860,1637
2020-01-22T17:00:00+09:00,J3,826,629,1455
2020-01-22T17:00:00+09:00,J4,983,989,1972
2020-01-22T17:00:00+09:00,J5,656,618,1274
2020-01-22T17:15:00+09:00,J1,975,928,1903
2020-01-22T17:15:00+09:00,J2,761,1050,1811
2020-01-22T17:15:00+09:00,J3,985,788,1773
2020-01-22T17:15:00+09:00,J4,1068,961,2029
2020-01-22T17:15:00+09:00,J5,728,691,1419
2020-01-22T17:30:00+09:00,J1,951,931,1882
2020-01-22T17:30:00+09:00,J2,984,1054,2038
2020-01-22T17:30:00+09:00,J3,1082,836,1918
2020-01-22T17:30:00+09:00,J4,1097,927,2024
2020-01-22T17:30:00+09:00,J5,727,752,1479
2020-01-22T17:45:00+09:00,J1,970,958,1928
2020-01-22T17:45:00+09:00,J2,928,1035,1963
2020-01-22T17:45:00+09:00,J3,1147,877,2024
2020-01-22T17:45:00+09:00,J4,1189,1027,2216
2020-01-22T17:45:00+09:00,J5,723,833,1556
2020-01-22T18:00:00+09:00,J1,942,989,1931
2020-01-22T18:00:00+09:00,J2,956,1032,1988
2020-01-22T18:00:00+09:00,J3,1128,831,1959
2020-01-22T18:00:00+09:00,J4,1145,939,2084
2020-01-22T18:00:00+09:00,J5,767,869,1636
2020-01-22T18:15:00+09:00,J1,940,917,1857
2020-01-22T18:15:00+09:00,J2,927,939,1866
2020-01-22T18:15:00+09:00,J3,1118,812,1930
2020-01-22T18:15:00+09:00,J4,1182,991,2173
2020-01-22T18:15:00+09:00,J5,721,891,1612
2020-01-22T18:30:00+09:00,J1,946,947,1893
2020-01-22T18:30:00+09:00,J2,759,747,1506
2020-01-22T18:30:00+09:00,J3,994,612,1606
2020-01-22T18:30:00+09:00,J4,978,797,1775
2020-01-22T18:30:00+09:00,J5,681,748,1429
2020-01-22T18:45:00+09:00,J1,933,920,1853
2020-01-22T18:45:00+09:00,J2,722,689,1411
2020-01-22T18:45:00+09:00,J3,914,644,1558
2020-01-22T18:45:00+09:00,J4,872,750,1622
2020-01-22T18:45:00+09:00,J5,610,657,1267
2020-01-22T19:00:00+09:00,J1,916,898,1814
2020-01-22T19:00:00+09:00,J2,735,660,1395
2020-01-22T19:00:00+09:00,J3,919,604,1523
2020-01-22T19:00:00+09:00,J4,787,768,1555
2020-01-22T19:00:00+09:00,J5,573,690,1263
2020-01-22T19:15:00+09:00,J1,887,899,1786
2020-01-22T19:15:00+09:00,J2,650,674,1324
2020-01-22T19:15:00+09:00,J3,911,587,1498
2020-01-22T19:15:00+09:00,J4,842,771,1613
2020-01-22T19:15:00+09:00,J5,495,673,1168
2020-01-22T19:30:00+09:00,J1,883,928,1811
2020-01-22T19:30:00+09:00,J2,636,594,1230
2020-01-22T19:30:00+09:00,J3,852,654,1506
2020-01-22T19:30:00+09:00,J4,685,712,1397
2020-01-22T19:30:00+09:00,J5,438,503,941
2020-01-22T19:45:00+09:00,J1,848,900,1748
2020-01-22T19:45:00+09:00,J2,634,603,1237
2020-01-22T19:45:00+09:00,J3,682,573,1255
2020-01-22T19:45:00+09:00,J4,714,705,1419
2020-01-22T19:45:00+09:00,J5,349,436,785
2020-01-22T20:00:00+09:00,J1,848,938,1786
2020-01-22T20:00:00+09:00,J2,609,550,1159
2020-01-22T20:00:00+09:00,J3,691,482,1173
2020-01-22T20:00:00+09:00,J4,794,770,1564
2020-01-22T20:00:00+09:00,J5,361,495,856
2020-01-22T20:15:00+09:00,J1,860,911,1771
2020-01-22T20:15:00+09:00,J2,739,650,1389
2020-01-22T20:15:00+09:00,J3,686,506,1192
2020-01-22T20:15:00+09:00,J4,721,712,1433
2020-01-22T20:15:00+09:00,J5,398,474,872
2020-01-22T20:30:00+09:00,J1,801,961,1762
2020-01-22T20:30:00+09:00,J2,621,539,1160
2020-01-22T20:30:00+09:00,J3,666,598,1264
2020-01-22T20:30:00+09:00,J4,765,676,1441
2020-01-22T20:30:00+09:00,J5,432,487,919
2020-01-22T20:45:00+09:00,J1,832,921,1753
2020-01-22T20:45:00+09:00,J2,549,529,1078
2020-01-22T20:45:00+09:00,J3,698,550,1248
2020-01-22T20:45:00+09:00,J4,779,696,1475
2020-01-22T20:45:00+09:00,J5,329,394,723
2020-01-22T21:00:00+09:00,J1,774,799,1573
2020-01-22T21:00:00+09:00,J2,675,632,1307
2020-01-22T21:00:00+09:00,J3,814,718,1532
2020-01-22T21:00:00+09:00,J4,701,755,1456
2020-01-22T21:00:00+09:00,J5,339,358,697
2020-01-22T21:15:00+09:00,J1,743,782,1525
2020-01-22T21:15:00+09:00,J2,913,810,1723
2020-01-22T21:15:00+09:00,J3,822,647,1469
2020-01-22T21:15:00+09:00,J4,737,740,1477
2020-01-22T21:15:00+09:00,J5,291,345,636
2020-01-22T21:30:00+09:00,J1,734,830,1564
2020-01-22T21:30:00+09:00,J2,718,706,1424
2020-01-22T21:30:00+09:00,J3,794,616,1410
2020-01-22T21:30:00+09:00,J4,652,762,1414
2020-01-22T21:30:00+09:00,J5,242,315,557
2020-01-22T21:45:00+09:00,J1,697,745,1442
2020-01-22T21:45:00+09:00,J2,605,659,1264
2020-01-22T21:45:00+09:00,J3,726,576,1302
2020-01-22T21:45:00+09:00,J4,626,700,1326
2020-01-22T21:45:00+09:00,J5,239,288,527
2020-01-22T22:00:00+09:00,J1,681,668,1349
2020-01-22T22:00:00+09:00,J2,802,750,1552
2020-01-22T22:00:00+09:00,J3,679,502,1181
2020-01-22T22:00:00+09:00,J4,591,641,1232
2020-01-22T22:00:00+09:00,J5,261,276,537
2020-01-22T22:15:00+09:00,J1,739,795,1534
2020-01-22T22:15:00+09:00,J2,532,595,1127
2020-01-22T22:15:00+09:00,J3,619,555,1174
2020-01-22T22:15:00+09:00,J4,563,635,1198
2020-01-22T22:15:00+09:00,J5,233,280,513
2020-01-22T22:30:00+09:00,J1,706,759,1465
2020-01-22T22:30:00+09:00,J2,568,554,1122
2020-01-22T22:30:00+09:00,J3,654,531,1185
2020-01-22T22:30:00+09:00,J4,635,713,1348
2020-01-22T22:30:00+09:00,J5,284,263,547
2020-01-22T22:45:00+09:00,J1,648,682,1330
2020-01-22T22:45:00+09:00,J2,592,580,1172
2020-01-22T22:45:00+09:00,J3,590,518,1108
2020-01-22T22:45:00+09:00,J4,675,668,1343
2020-01-22T22:45:00+09:00,J5,372,307,679
2020-01-22T23:00:00+09:00,J1,622,721,1343
2020-01-22T23:00:00+09:00,J2,604,589,1193
2020-01-22T23:00:00+09:00,J3,615,517,1132
2020-01-22T23:00:00+09:00,J4,588,591,1179
2020-01-22T23:00:00+09:00,J5,331,346,677
2020-01-22T23:15:00+09:00,J1,629,632,1261
2020-01-22T23:15:00+09:00,J2,559,642,1201
2020-01-22T23:15:00+09:00,J3,571,515,1086
2020-01-22T23:15:00+09:00,J4,746,706,1452
2020-01-22T23:15:00+09:00,J5,341,303,644
2020-01-22T23:30:00+09:00,J1,627,662,1289
2020-01-22T23:30:00+09:00,J2,622,628,1250
2020-01-22T23:30:00+09:00,J3,470,511,981
2020-01-22T23:30:00+09:00,J4,637,681,1318
2020-01-22T23:30:00+09:00,J5,410,306,716
2020-01-22T23:45:00+09:00,J1,634,760,1394
2020-01-22T23:45:00+09:00,J2,610,615,1225
2020-01-22T23:45:00+09:00,J3,534,481,1015
2020-01-22T23:45:00+09:00,J4,616,627,1243
2020-01-22T23:45:00+09:00,J5,439,311,750
2020-01-23T00:00:00+09:00,J1,608,629,1237
2020-01-23T00:00:00+09:00,J2,649,593,1242
2020-01-23T00:00:00+09:00,J3,527,493,1020
2020-01-23T00:00:00+09:00,J4,593,595,1188
2020-01-23T00:00:00+09:00,J5,402,360,762
2020-01-23T00:15:00+09:00,J1,579,595,1174
2020-01-23T00:15:00+09:00,J2,670,572,1242
2020-01-23T00:15:00+09:00,J3,477,483,960
2020-01-23T00:15:00+09:00,J4,512,567,1079
2020-01-23T00:15:00+09:00,J5,496,459,955
2020-01-23T00:30:00+09:00,J1,507,424,931
2020-01-23T00:30:00+09:00,J2,526,468,994
2020-01-23T00:30:00+09:00,J3,513,433,946
2020-01-23T00:30:00+09:00,J4,763,649,1412
2020-01-23T00:30:00+09:00,J5,522,507,1029
2020-01-23T00:45:00+09:00,J1,575,478,1053
2020-01-23T00:45:00+09:00,J2,483,431,914
2020-01-23T00:45:00+09:00,J3,539,552,1091
2020-01-23T00:45:00+09:00,J4,713,723,1436
2020-01-23T00:45:00+09:00,J5,582,529,1111
2020-01-23T05:45:00+09:00,J1,524,610,1134
2020-01-23T05:45:00+09:00,J2,758,741,1499
2020-01-23T05:45:00+09:00,J3,678,529,1207
2020-01-23T05:45:00+09:00,J4,714,772,1486
2020-01-23T05:45:00+09:00,J5,471,493,964
2020-01-23T06:00:00+09:00,J1,505,615,1120
2020-01-23T06:00:00+09:00,J2,766,695,1461
2020-01-23T06:00:00+09:00,J3,758,655,1413
2020-01-23T06:00:00+09:00,J4,665,666,1331
2020-01-23T06:00:00+09:00,J5,527,610,1137
2020-01-23T06:15:00+09:00,J1,605,640,1245
2020-01-23T06:15:00+09:00,J2,780,714,1494
2020-01-23T06:15:00+09:00,J3,708,635,1343
2020-01-23T06:15:00+09:00,J4,700,689,1389
2020-01-23T06:15:00+09:00,J5,549,524,1073
2020-01-23T06:30:00+09:00,J1,659,729,1388
2020-01-23T06:30:00+09:00,J2,767,690,1457
2020-01-23T06:30:00+09:00,J3,634,583,1217
2020-01-23T06:30:00+09:00,J4,603,598,1201
2020-01-23T06:30:00+09:00,J5,522,516,1038
2020-01-23T06:45:00+09:00,J1,700,715,1415
2020-01-23T06:45:00+09:00,J2,793,760,1553
2020-01-23T06:45:00+09:00,J3,610,608,1218
2020-01-23T06:45:00+09:00,J4,609,708,1317
2020-01-23T06:45:00+09:00,J5,533,470,1003
2020-01-23T07:00:00+09:00,J1,742,762,1504
2020-01-23T07:00:00+09:00,J2,799,766,1565
2020-01-23T07:00:00+09:00,J3,653,603,1256
2020-01-23T07:00:00+09:00,J4,648,762,1410
2020-01-23T07:00:00+09:00,J5,495,432,927
2020-01-23T07:15:00+09:00,J1,822,782,1604
2020-01-23T07:15:00+09:00,J2,859,766,1625
2020-01-23T07:15:00+09:00,J3,613,604,1217
2020-01-23T07:15:00+09:00,J4,628,826,1454
2020-01-23T07:15:00+09:00,J5,505,455,960
2020-01-23T07:30:00+09:00,J1,746,813,1559
2020-01-23T07:30:00+09:00,J2,757,687,1444
2020-01-23T07:30:00+09:00,J3,873,669,1542
2020-01-23T07:30:00+09:00,J4,766,892,1658
2020-01-23T07:30:00+09:00,J5,574,534,1108
2020-01-23T07:45:00+09:00,J1,792,940,1732
2020-01-23T07:45:00+09:00,J2,865,645,1510
2020-01-23T07:45:00+09:00,J3,906,735,1641
2020-01-23T07:45:00+09:00,J4,632,925,1557
2020-01-23T07:45:00+09:00,J5,650,630,1280
2020-01-23T08:00:00+09:00,J1,885,1004,1889
2020-01-23T08:00:00+09:00,J2,927,738,1665
2020-01-23T08:00:00+09:00,J3,1062,914,1976
2020-01-23T08:00:00+09:00,J4,614,881,1495
2020-01-23T08:00:00+09:00,J5,592,599,1191
2020-01-23T08:15:00+09:00,J1,952,1008,1960
2020-01-23T08:15:00+09:00,J2,1239,772,2011
2020-01-23T08:15:00+09:00,J3,1069,1021,2090
2020-01-23T08:15:00+09:00,J4,588,1066,1654
2020-01-23T08:15:00+09:00,J5,652,647,1299
2020-01-23T08:30:00+09:00,J1,1031,997,2028
2020-01-23T08:30:00+09:00,J2,1128,723,1851
2020-01-23T08:30:00+09:00,J3,1042,994,2036
2020-01-23T08:30:00+09:00,J4,642,1095,1737
2020-01-23T08:30:00+09:00,J5,582,647,1229
2020-01-23T08:45:00+09:00,J1,981,920,1901
2020-01-23T08:45:00+09:00,J2,894,638,1532
2020-01-23T08:45:00+09:00,J3,852,846,1698
2020-01-23T08:45:00+09:00,J4,552,874,1426
2020-01-23T08:45:00+09:00,J5,544,530,1074
2020-01-23T09:00:00+09:00,J1,952,934,1886
2020-01-23T09:00:00+09:00,J2,745,713,1458
2020-01-23T09:00:00+09:00,J3,768,706,1474
2020-01-23T09:00:00+09:00,J4,645,818,1463
2020-01-23T09:00:00+09:00,J5,490,469,959
2020-01-23T09:15:00+09:00,J1,931,776,1707
2020-01-23T09:15:00+09:00,J2,790,663,1453
2020-01-23T09:15:00+09:00,J3,742,723,1465
2020-01-23T09:15:00+09:00,J4,683,805,1488
2020-01-23T09:15:00+09:00,J5,612,650,1262
2020-01-23T09:30:00+09:00,J1,832,801,1633
2020-01-23T09:30:00+09:00,J2,780,557,1337
2020-01-23T09:30:00+09:00,J3,752,672,1424
2020-01-23T09:30:00+09:00,J4,719,814,1533
2020-01-23T09:30:00+09:00,J5,509,552,1061
2020-01-23T09:45:00+09:00,J1,864,814,1678
2020-01-23T09:45:00+09:00,J2,680,600,1280
2020-01-23T09:45:00+09:00,J3,740,715,1455
2020-01-23T09:45:00+09:00,J4,702,778,1480
2020-01-23T09:45:00+09:00,J5,447,476,923
2020-01-23T10:00:00+09:00,J1,912,782,1694
2020-01-23T10:00:00+09:00,J2,611,551,1162
2020-01-23T10:00:00+09:00,J3,713,653,1366
2020-01-23T10:00:00+09:00,J4,620,728,1348
2020-01-23T10:00:00+09:00,J5,394,350,744
2020-01-23T10:15:00+09:00,J1,894,800,1694
2020-01-23T10:15:00+09:00,J2,662,710,1372
2020-01-23T10:15:00+09:00,J3,702,678,1380
2020-01-23T10:15:00+09:00,J4,639,789,1428
2020-01-23T10:15:00+09:00,J5,369,386,755
2020-01-23T10:30:00+09:00,J1,926,878,1804
2020-01-23T10:30:00+09:00,J2,675,668,1343
2020-01-23T10:30:00+09:00,J3,761,724,1485
2020-01-23T10:30:00+09:00,J4,746,818,1564
2020-01-23T10:30:00+09:00,J5,408,393,801
2020-01-23T10:45:00+09:00,J1,930,874,1804
2020-01-23T10:45:00+09:00,J2,723,618,1341
2020-01-23T10:45:00+09:00,J3,721,757,1478
2020-01-23T10:45:00+09:00,J4,683,789,1472
2020-01-23T10:45:00+09:00,J5,408,410,818
2020-01-23T11:00:00+09:00,J1,981,827,1808
2020-01-23T11:00:00+09:00,J2,691,592,1283
2020-01-23T11:00:00+09:00,J3,697,716,1413
2020-01-23T11:00:00+09:00,J4,640,748,1388
2020-01-23T11:00:00+09:00,J5,410,382,792
2020-01-23T11:15:00+09:00,J1,958,913,1871
2020-01-23T11:15:00+09:00,J2,745,631,1376
2020-01-23T11:15:00+09:00,J3,842,688,1530
2020-01-23T11:15:00+09:00,J4,637,704,1341
2020-01-23T11:15:00+09:00,J5,514,617,1131
2020-01-23T11:30:00+09:00,J1,932,865,1797
2020-01-23T11:30:00+09:00,J2,767,652,1419
2020-01-23T11:30:00+09:00,J3,885,766,1651
2020-01-23T11:30:00+09:00,J4,582,666,1248
2020-01-23T11:30:00+09:00,J5,500,475,975
2020-01-23T11:45:00+09:00,J1,907,913,1820
2020-01-23T11:45:00+09:00,J2,729,612,1341
2020-01-23T11:45:00+09:00,J3,895,754,1649
2020-01-23T11:45:00+09:00,J4,543,622,1165
2020-01-23T11:45:00+09:00,J5,464,421,885
2020-01-23T12:00:00+09:00,J1,900,948,1848
2020-01-23T12:00:00+09:00,J2,722,650,1372
2020-01-23T12:00:00+09:00,J3,1040,742,1782
2020-01-23T12:00:00+09:00,J4,627,660,1287
2020-01-23T12:00:00+09:00,J5,467,452,919
2020-01-23T12:15:00+09:00,J1,792,878,1670
2020-01-23T12:15:00+09:00,J2,761,642,1403
2020-01-23T12:15:00+09:00,J3,879,606,1485
2020-01-23T12:15:00+09:00,J4,736,728,1464
2020-01-23T12:15:00+09:00,J5,507,435,942
2020-01-23T12:30:00+09:00,J1,803,845,1648
2020-01-23T12:30:00+09:00,J2,748,673,1421
2020-01-23T12:30:00+09:00,J3,836,643,1479
2020-01-23T12:30:00+09:00,J4,762,774,1536
2020-01-23T12:30:00+09:00,J5,474,473,947
2020-01-23T12:45:00+09:00,J1,734,884,1618
2020-01-23T12:45:00+09:00,J2,756,572,1328
2020-01-23T12:45:00+09:00,J3,826,749,1575
2020-01-23T12:45:00+09:00,J4,785,819,1604
2020-01-23T12:45:00+09:00,J5,471,432,903
2020-01-23T13:00:00+09:00,J1,803,907,1710
2020-01-23T13:00:00+09:00,J2,730,681,1411
2020-01-23T13:00:00+09:00,J3,717,614,1331
2020-01-23T13:00:00+09:00,J4,913,923,1836
2020-01-23T13:00:00+09:00,J5,423,436,859
2020-01-23T13:15:00+09:00,J1,754,866,1620
2020-01-23T13:15:00+09:00,J2,770,720,1490
2020-01-23T13:15:00+09:00,J3,757,655,1412
2020-01-23T13:15:00+09:00,J4,933,893,1826
2020-01-23T13:15:00+09:00,J5,448,431,879
2020-01-23T13:30:00+09:00,J1,816,923,1739
2020-01-23T13:30:00+09:00,J2,703,600,1303
2020-01-23T13:30:00+09:00,J3,802,581,1383
2020-01-23T13:30:00+09:00,J4,1008,1006,2014
2020-01-23T13:30:00+09:00,J5,459,423,882
2020-01-23T13:45:00+09:00,J1,832,904,1736
2020-01-23T13:45:00+09:00,J2,655,600,1255
2020-01-23T13:45:00+09:00,J3,784,712,1496
2020-01-23T13:45:00+09:00,J4,941,871,1812
2020-01-23T13:45:00+09:00,J5,456,402,858
2020-01-23T14:00:00+09:00,J1,783,964,1747
2020-01-23T14:00:00+09:00,J2,679,553,1232
2020-01-23T14:00:00+09:00,J3,827,752,1579
2020-01-23T14:00:00+09:00,J4,970,900,1870
2020-01-23T14:00:00+09:00,J5,489,434,923
2020-01-23T14:15:00+09:00,J1,800,964,1764
2020-01-23T14:15:00+09:00,J2,754,663,1417
2020-01-23T14:15:00+09:00,J3,910,805,1715
2020-01-23T14:15:00+09:00,J4,940,870,1810
2020-01-23T14:15:00+09:00,J5,470,480,950
2020-01-23T14:30:00+09:00,J1,879,991,1870
2020-01-23T14:30:00+09:00,J2,720,644,1364
2020-01-23T14:30:00+09:00,J3,886,875,1761
2020-01-23T14:30:00+09:00,J4,940,903,1843
2020-01-23T14:30:00+09:00,J5,458,433,891
2020-01-23T14:45:00+09:00,J1,849,935,1784
2020-01-23T14:45:00+09:00,J2,711,703,1414
2020-01-23T14:45:00+09:00,J3,883,831,1714
2020-01-23T14:45:00+09:00,J4,929,889,1818
2020-01-23T14:45:00+09:00,J5,497,425,922
2020-01-23T15:00:00+09:00,J1,838,937,1775
2020-01-23T15:00:00+09:00,J2,666,646,1312
2020-01-23T15:00:00+09:00,J3,868,820,1688
2020-01-23T15:00:00+09:00,J4,865,847,1712
2020-01-23T15:00:00+09:00,J5,455,419,874
2020-01-23T15:15:00+09:00,J1,841,924,1765
2020-01-23T15:15:00+09:00,J2,709,637,1346
2020-01-23T15:15:00+09:00,J3,802,704,1506
2020-01-23T15:15:00+09:00,J4,941,870,1811
2020-01-23T15:15:00+09:00,J5,428,362,790
2020-01-23T15:30:00+09:00,J1,809,925,1734
2020-01-23T15:30:00+09:00,J2,774,701,1475
2020-01-23T15:30:00+09:00,J3,816,607,1423
2020-01-23T15:30:00+09:00,J4,977,929,1906
2020-01-23T15:30:00+09:00,J5,436,450,886
2020-01-23T15:45:00+09:00,J1,759,894,1653
2020-01-23T15:45:00+09:00,J2,760,739,1499
2020-01-23T15:45:00+09:00,J3,832,725,1557
2020-01-23T15:45:00+09:00,J4,1006,906,1912
2020-01-23T15:45:00+09:00,J5,404,396,800
2020-01-23T16:00:00+09:00,J1,850,985,1835
2020-01-23T16:00:00+09:00,J2,734,706,1440
2020-01-23T16:00:00+09:00,J3,873,811,1684
2020-01-23T16:00:00+09:00,J4,919,885,1804
2020-01-23T16:00:00+09:00,J5,412,338,750
2020-01-23T16:15:00+09:00,J1,838,902,1740
2020-01-23T16:15:00+09:00,J2,889,759,1648
2020-01-23T16:15:00+09:00,J3,816,878,1694
2020-01-23T16:15:00+09:00,J4,1040,937,1977
2020-01-23T16:15:00+09:00,J5,477,394,871
2020-01-23T16:30:00+09:00,J1,804,840,1644
2020-01-23T16:30:00+09:00,J2,890,822,1712
2020-01-23T16:30:00+09:00,J3,967,889,1856
2020-01-23T16:30:00+09:00,J4,922,917,1839
2020-01-23T16:30:00+09:00,J5,512,514,1026
2020-01-23T16:45:00+09:00,J1,879,817,1696
2020-01-23T16:45:00+09:00,J2,897,781,1678
2020-01-23T16:45:00+09:00,J3,1062,821,1883
2020-01-23T16:45:00+09:00,J4,905,907,1812
2020-01-23T16:45:00+09:00,J5,575,608,1183
2020-01-23T17:00:00+09:00,J1,874,933,1807
2020-01-23T17:00:00+09:00,J2,951,940,1891
2020-01-23T17:00:00+09:00,J3,1022,859,1881
2020-01-23T17:00:00+09:00,J4,1068,945,2013
2020-01-23T17:00:00+09:00,J5,659,712,1371
2020-01-23T17:15:00+09:00,J1,918,945,1863
2020-01-23T17:15:00+09:00,J2,926,754,1680
2020-01-23T17:15:00+09:00,J3,984,898,1882
2020-01-23T17:15:00+09:00,J4,991,933,1924
2020-01-23T17:15:00+09:00,J5,675,802,1477
2020-01-23T17:30:00+09:00,J1,931,913,1844
2020-01-23T17:30:00+09:00,J2,898,856,1754
2020-01-23T17:30:00+09:00,J3,1038,908,1946
2020-01-23T17:30:00+09:00,J4,1093,953,2046
2020-01-23T17:30:00+09:00,J5,671,751,1422
2020-01-23T17:45:00+09:00,J1,962,892,1854
2020-01-23T17:45:00+09:00,J2,821,805,1626
2020-01-23T17:45:00+09:00,J3,1125,920,2045
2020-01-23T17:45:00+09:00,J4,1084,943,2027
2020-01-23T17:45:00+09:00,J5,766,753,1519
2020-01-23T18:00:00+09:00,J1,966,940,1906
2020-01-23T18:00:00+09:00,J2,806,912,1718
2020-01-23T18:00:00+09:00,J3,1218,930,2148
2020-01-23T18:00:00+09:00,J4,1095,933,2028
2020-01-23T18:00:00+09:00,J5,729,732,1461
2020-01-23T18:15:00+09:00,J1,960,939,1899
2020-01-23T18:15:00+09:00,J2,848,869,1717
2020-01-23T18:15:00+09:00,J3,1134,867,2001
2020-01-23T18:15:00+09:00,J4,1156,962,2118
2020-01-23T18:15:00+09:00,J5,699,796,1495
2020-01-23T18:30:00+09:00,J1,1013,961,1974
2020-01-23T18:30:00+09:00,J2,795,816,1611
2020-01-23T18:30:00+09:00,J3,975,815,1790
2020-01-23T18:30:00+09:00,J4,1002,883,1885
2020-01-23T18:30:00+09:00,J5,687,784,1471
2020-01-23T18:45:00+09:00,J1,955,934,1889
2020-01-23T18:45:00+09:00,J2,765,784,1549
2020-01-23T18:45:00+09:00,J3,927,637,1564
2020-01-23T18:45:00+09:00,J4,899,647,1546
2020-01-23T18:45:00+09:00,J5,664,745,1409
2020-01-23T19:00:00+09:00,J1,901,820,1721
2020-01-23T19:00:00+09:00,J2,708,618,1326
2020-01-23T19:00:00+09:00,J3,901,755,1656
2020-01-23T19:00:00+09:00,J4,770,683,1453
2020-01-23T19:00:00+09:00,J5,599,736,1335
2020-01-23T19:15:00+09:00,J1,908,897,1805
2020-01-23T19:15:00+09:00,J2,754,624,1378
2020-01-23T19:15:00+09:00,J3,932,730,1662
2020-01-23T19:15:00+09:00,J4,778,698,1476
2020-01-23T19:15:00+09:00,J5,599,704,1303
2020-01-23T19:30:00+09:00,J1,885,923,1808
2020-01-23T19:30:00+09:00,J2,748,687,1435
2020-01-23T19:30:00+09:00,J3,877,670,1547
2020-01-23T19:30:00+09:00,J4,686,592,1278
2020-01-23T19:30:00+09:00,J5,538,626,1164
2020-01-23T19:45:00+09:00,J1,857,874,1731
2020-01-23T19:45:00+09:00,J2,686,630,1316
2020-01-23T19:45:00+09:00,J3,808,705,1513
2020-01-23T19:45:00+09:00,J4,671,573,1244
2020-01-23T19:45:00+09:00,J5,435,572,1007
2020-01-23T20:00:00+09:00,J1,810,927,1737
2020-01-23T20:00:00+09:00,J2,716,643,1359
2020-01-23T20:00:00+09:00,J3,820,689,1509
2020-01-23T20:00:00+09:00,J4,638,717,1355
2020-01-23T20:00:00+09:00,J5,449,564,1013
2020-01-23T20:15:00+09:00,J1,882,887,1769
2020-01-23T20:15:00+09:00,J2,721,637,1358
2020-01-23T20:15:00+09:00,J3,764,679,1443
2020-01-23T20:15:00+09:00,J4,935,844,1779
2020-01-23T20:15:00+09:00,J5,417,538,955
2020-01-23T20:30:00+09:00,J1,837,874,1711
2020-01-23T20:30:00+09:00,J2,785,688,1473
2020-01-23T20:30:00+09:00,J3,807,655,1462
2020-01-23T20:30:00+09:00,J4,887,784,1671
2020-01-23T20:30:00+09:00,J5,419,485,904
2020-01-23T20:45:00+09:00,J1,833,865,1698
2020-01-23T20:45:00+09:00,J2,740,670,1410
2020-01-23T20:45:00+09:00,J3,684,546,1230
2020-01-23T20:45:00+09:00,J4,733,656,1389
2020-01-23T20:45:00+09:00,J5,337,389,726
2020-01-23T21:00:00+09:00,J1,773,920,1693
2020-01-23T21:00:00+09:00,J2,646,676,1322
2020-01-23T21:00:00+09:00,J3,793,657,1450
2020-01-23T21:00:00+09:00,J4,631,633,1264
2020-01-23T21:00:00+09:00,J5,310,401,711
2020-01-23T21:15:00+09:00,J1,845,875,1720
2020-01-23T21:15:00+09:00,J2,599,708,1307
2020-01-23T21:15:00+09:00,J3,820,703,1523
2020-01-23T21:15:00+09:00,J4,688,690,1378
2020-01-23T21:15:00+09:00,J5,323,372,695
2020-01-23T21:30:00+09:00,J1,789,869,1658
2020-01-23T21:30:00+09:00,J2,589,669,1258
2020-01-23T21:30:00+09:00,J3,762,561,1323
2020-01-23T21:30:00+09:00,J4,655,649,1304
2020-01-23T21:30:00+09:00,J5,308,367,675
2020-01-23T21:45:00+09:00,J1,737,875,1612
2020-01-23T21:45:00+09:00,J2,580,651,1231
2020-01-23T21:45:00+09:00,J3,784,587,1371
2020-01-23T21:45:00+09:00,J4,596,596,1192
2020-01-23T21:45:00+09:00,J5,296,370,666
2020-01-23T22:00:00+09:00,J1,795,812,1607
2020-01-23T22:00:00+09:00,J2,587,611,1198
2020-01-23T22:00:00+09:00,J3,621,532,1153
2020-01-23T22:00:00+09:00,J4,573,667,1240
2020-01-23T22:00:00+09:00,J5,297,326,623
2020-01-23T22:15:00+09:00,J1,778,881,1659
2020-01-23T22:15:00+09:00,J2,663,697,1360
2020-01-23T22:15:00+09:00,J3,640,485,1125
2020-01-23T22:15:00+09:00,J4,564,653,1217
2020-01-23T22:15:00+09:00,J5,274,312,586
2020-01-23T22:30:00+09:00,J1,796,854,1650
2020-01-23T22:30:00+09:00,J2,626,579,1205
2020-01-23T22:30:00+09:00,J3,581,473,1054
2020-01-23T22:30:00+09:00,J4,545,614,1159
2020-01-23T22:30:00+09:00,J5,357,318,675
2020-01-23T22:45:00+09:00,J1,764,826,1590
2020-01-23T22:45:00+09:00,J2,653,687,1340
2020-01-23T22:45:00+09:00,J3,608,499,1107
2020-01-23T22:45:00+09:00,J4,503,574,1077
2020-01-23T22:45:00+09:00,J5,380,311,691
2020-01-23T23:00:00+09:00,J1,764,808,1572
2020-01-23T23:00:00+09:00,J2,772,652,1424
2020-01-23T23:00:00+09:00,J3,551,538,1089
2020-01-23T23:00:00+09:00,J4,560,636,1196
2020-01-23T23:00:00+09:00,J5,382,320,702
2020-01-23T23:15:00+09:00,J1,770,807,1577
2020-01-23T23:15:00+09:00,J2,665,666,1331
2020-01-23T23:15:00+09:00,J3,533,459,992
2020-01-23T23:15:00+09:00,J4,430,534,964
2020-01-23T23:15:00+09:00,J5,337,306,643
2020-01-23T23:30:00+09:00,J1,747,789,1536
2020-01-23T23:30:00+09:00,J2,630,554,1184
2020-01-23T23:30:00+09:00,J3,484,462,946
2020-01-23T23:30:00+09:00,J4,430,515,945
2020-01-23T23:30:00+09:00,J5,357,346,703
2020-01-23T23:45:00+09:00,J1,770,817,1587
2020-01-23T23:45:00+09:00,J2,609,536,1145
2020-01-23T23:45:00+09:00,J3,542,527,1069
2020-01-23T23:45:00+09:00,J4,444,494,938
2020-01-23T23:45:00+09:00,J5,389,299,688
2020-01-24T00:00:00+09:00,J1,683,634,1317
2020-01-24T00:00:00+09:00,J2,651,624,1275
2020-01-24T00:00:00+09:00,J3,437,462,899
2020-01-24T00:00:00+09:00,J4,438,516,954
2020-01-24T00:00:00+09:00,J5,441,324,765
2020-01-24T00:15:00+09:00,J1,554,567,1121
2020-01-24T00:15:00+09:00,J2,727,629,1356
2020-01-24T00:15:00+09:00,J3,469,517,986
2020-01-24T00:15:00+09:00,J4,323,345,668
2020-01-24T00:15:00+09:00,J5,531,484,1015
2020-01-24T00:30:00+09:00,J1,462,448,910
2020-01-24T00:30:00+09:00,J2,642,574,1216
2020-01-24T00:30:00+09:00,J3,601,516,1117
2020-01-24T00:30:00+09:00,J4,342,316,658
2020-01-24T00:30:00+09:00,J5,569,509,1078
2020-01-24T00:45:00+09:00,J1,511,513,1024
2020-01-24T00:45:00+09:00,J2,637,510,1147
2020-01-24T00:45:00+09:00,J3,633,568,1201
2020-01-24T00:45:00+09:00,J4,292,295,587
2020-01-24T00:45:00+09:00,J5,546,508,1054
2020-01-24T05:45:00+09:00,J1,517,608,1125
2020-01-24T05:45:00+09:00,J2,618,712,1330
2020-01-24T05:45:00+09:00,J3,632,463,1095
2020-01-24T05:45:00+09:00,J4,640,692,1332
2020-01-24T05:45:00+09:00,J5,531,498,1029
2020-01-24T06:00:00+09:00,J1,576,646,1222
2020-01-24T06:00:00+09:00,J2,709,757,1466
2020-01-24T06:00:00+09:00,J3,690,497,1187
2020-01-24T06:00:00+09:00,J4,643,698,1341
2020-01-24T06:00:00+09:00,J5,566,534,1100
2020-01-24T06:15:00+09:00,J1,730,742,1472
2020-01-24T06:15:00+09:00,J2,669,698,1367
2020-01-24T06:15:00+09:00,J3,730,516,1246
2020-01-24T06:15:00+09:00,J4,642,665,1307
2020-01-24T06:15:00+09:00,J5,629,545,1174
2020-01-24T06:30:00+09:00,J1,626,678,1304
2020-01-24T06:30:00+09:00,J2,683,737,1420
2020-01-24T06:30:00+09:00,J3,727,549,1276
2020-01-24T06:30:00+09:00,J4,626,731,1357
2020-01-24T06:30:00+09:00,J5,599,568,1167
2020-01-24T06:45:00+09:00,J1,715,767,1482
2020-01-24T06:45:00+09:00,J2,652,651,1303
2020-01-24T06:45:00+09:00,J3,664,559,1223
2020-01-24T06:45:00+09:00,J4,748,759,1507
2020-01-24T06:45:00+09:00,J5,611,582,1193
2020-01-24T07:00:00+09:00,J1,783,823,1606
2020-01-24T07:00:00+09:00,J2,562,581,1143
2020-01-24T07:00:00+09:00,J3,753,640,1393
2020-01-24T07:00:00+09:00,J4,713,860,1573
2020-01-24T07:00:00+09:00,J5,628,570,1198
2020-01-24T07:15:00+09:00,J1,745,770,1515
2020-01-24T07:15:00+09:00,J2,729,618,1347
2020-01-24T07:15:00+09:00,J3,755,715,1470
2020-01-24T07:15:00+09:00,J4,708,860,1568
2020-01-24T07:15:00+09:00,J5,547,532,1079
2020-01-24T07:30:00+09:00,J1,825,867,1692
2020-01-24T07:30:00+09:00,J2,814,732,1546
2020-01-24T07:30:00+09:00,J3,806,683,1489
2020-01-24T07:30:00+09:00,J4,747,890,1637
2020-01-24T07:30:00+09:00,J5,502,489,991
2020-01-24T07:45:00+09:00,J1,1087,1259,2346
2020-01-24T07:45:00+09:00,J2,1342,993,2335
2020-01-24T07:45:00+09:00,J3,1284,1163,2447
2020-01-24T07:45:00+09:00,J4,933,1223,2156
2020-01-24T07:45:00+09:00,J5,905,925,1830
2020-01-24T08:00:00+09:00,J1,837,982,1819
2020-01-24T08:00:00+09:00,J2,962,751,1713
2020-01-24T08:00:00+09:00,J3,1085,867,1952
2020-01-24T08:00:00+09:00,J4,763,986,1749
2020-01-24T08:00:00+09:00,J5,709,711,1420
2020-01-24T08:15:00+09:00,J1,938,921,1859
2020-01-24T08:15:00+09:00,J2,1248,909,2157
2020-01-24T08:15:00+09:00,J3,1131,963,2094
2020-01-24T08:15:00+09:00,J4,725,1066,1791
2020-01-24T08:15:00+09:00,J5,697,672,1369
2020-01-24T08:30:00+09:00,J1,907,939,1846
2020-01-24T08:30:00+09:00,J2,1177,714,1891
2020-01-24T08:30:00+09:00,J3,1065,988,2053
2020-01-24T08:30:00+09:00,J4,689,1093,1782
2020-01-24T08:30:00+09:00,J5,630,664,1294
2020-01-24T08:45:00+09:00,J1,940,942,1882
2020-01-24T08:45:00+09:00,J2,1059,619,1678
2020-01-24T08:45:00+09:00,J3,1092,979,2071
2020-01-24T08:45:00+09:00,J4,774,972,1746
2020-01-24T08:45:00+09:00,J5,580,663,1243
2020-01-24T09:00:00+09:00,J1,948,927,1875
2020-01-24T09:00:00+09:00,J2,929,742,1671
2020-01-24T09:00:00+09:00,J3,1001,931,1932
2020-01-24T09:00:00+09:00,J4,775,896,1671
2020-01-24T09:00:00+09:00,J5,576,623,1199
2020-01-24T09:15:00+09:00,J1,912,938,1850
2020-01-24T09:15:00+09:00,J2,876,703,1579
2020-01-24T09:15:00+09:00,J3,888,817,1705
2020-01-24T09:15:00+09:00,J4,809,862,1671
2020-01-24T09:15:00+09:00,J5,646,623,1269
2020-01-24T09:30:00+09:00,J1,908,897,1805
2020-01-24T09:30:00+09:00,J2,820,634,1454
2020-01-24T09:30:00+09:00,J3,751,765,1516
2020-01-24T09:30:00+09:00,J4,905,895,1800
2020-01-24T09:30:00+09:00,J5,484,476,960
2020-01-24T09:45:00+09:00,J1,905,964,1869
2020-01-24T09:45:00+09:00,J2,705,585,1290
2020-01-24T09:45:00+09:00,J3,844,731,1575
2020-01-24T09:45:00+09:00,J4,774,865,1639
2020-01-24T09:45:00+09:00,J5,425,392,817
2020-01-24T10:00:00+09:00,J1,879,965,1844
2020-01-24T10:00:00+09:00,J2,628,503,1131
2020-01-24T10:00:00+09:00,J3,808,612,1420
2020-01-24T10:00:00+09:00,J4,897,893,1790
2020-01-24T10:00:00+09:00,J5,382,422,804
2020-01-24T10:15:00+09:00,J1,893,941,1834
2020-01-24T10:15:00+09:00,J2,674,603,1277
2020-01-24T10:15:00+09:00,J3,772,680,1452
2020-01-24T10:15:00+09:00,J4,859,895,1754
2020-01-24T10:15:00+09:00,J5,353,364,717
2020-01-24T10:30:00+09:00,J1,940,835,1775
2020-01-24T10:30:00+09:00,J2,685,534,1219
2020-01-24T10:30:00+09:00,J3,791,743,1534
2020-01-24T10:30:00+09:00,J4,723,834,1557
2020-01-24T10:30:00+09:00,J5,369,387,756
2020-01-24T10:45:00+09:00,J1,916,925,1841
2020-01-24T10:45:00+09:00,J2,614,568,1182
2020-01-24T10:45:00+09:00,J3,858,701,1559
2020-01-24T10:45:00+09:00,J4,724,786,1510
2020-01-24T10:45:00+09:00,J5,429,389,818
2020-01-24T11:00:00+09:00,J1,935,913,1848
2020-01-24T11:00:00+09:00,J2,630,713,1343
2020-01-24T11:00:00+09:00,J3,842,630,1472
2020-01-24T11:00:00+09:00,J4,763,833,1596
2020-01-24T11:00:00+09:00,J5,356,438,794
2020-01-24T11:15:00+09:00,J1,928,965,1893
2020-01-24T11:15:00+09:00,J2,598,666,1264
2020-01-24T11:15:00+09:00,J3,886,900,1786
2020-01-24T11:15:00+09:00,J4,668,824,1492
2020-01-24T11:15:00+09:00,J5,546,616,1162
2020-01-24T11:30:00+09:00,J1,894,1017,1911
2020-01-24T11:30:00+09:00,J2,697,716,1413
2020-01-24T11:30:00+09:00,J3,968,791,1759
2020-01-24T11:30:00+09:00,J4,738,813,1551
2020-01-24T11:30:00+09:00,J5,576,533,1109
2020-01-24T11:45:00+09:00,J1,926,931,1857
2020-01-24T11:45:00+09:00,J2,747,615,1362
2020-01-24T11:45:00+09:00,J3,1004,836,1840
2020-01-24T11:45:00+09:00,J4,734,819,1553
2020-01-24T11:45:00+09:00,J5,487,475,962
2020-01-24T12:00:00+09:00,J1,951,916,1867
2020-01-24T12:00:00+09:00,J2,684,661,1345
2020-01-24T12:00:00+09:00,J3,1061,907,1968
2020-01-24T12:00:00+09:00,J4,708,780,1488
2020-01-24T12:00:00+09:00,J5,541,501,1042
2020-01-24T12:15:00+09:00,J1,732,845,1577
2020-01-24T12:15:00+09:00,J2,736,620,1356
2020-01-24T12:15:00+09:00,J3,954,738,1692
2020-01-24T12:15:00+09:00,J4,699,713,1412
2020-01-24T12:15:00+09:00,J5,450,436,886
2020-01-24T12:30:00+09:00,J1,1038,1113,2151
2020-01-24T12:30:00+09:00,J2,1048,910,1958
2020-01-24T12:30:00+09:00,J3,1267,969,2236
2020-01-24T12:30:00+09:00,J4,910,946,1856
2020-01-24T12:30:00+09:00,J5,569,567,1136
2020-01-24T12:45:00+09:00,J1,873,956,1829
2020-01-24T12:45:00+09:00,J2,721,682,1403
2020-01-24T12:45:00+09:00,J3,1097,848,1945
2020-01-24T12:45:00+09:00,J4,717,827,1544
2020-01-24T12:45:00+09:00,J5,518,469,987
2020-01-24T13:00:00+09:00,J1,922,980,1902
2020-01-24T13:00:00+09:00,J2,826,628,1454
2020-01-24T13:00:00+09:00,J3,1073,851,1924
2020-01-24T13:00:00+09:00,J4,757,792,1549
2020-01-24T13:00:00+09:00,J5,500,475,975
2020-01-24T13:15:00+09:00,J1,873,956,1829
2020-01-24T13:15:00+09:00,J2,734,784,1518
2020-01-24T13:15:00+09:00,J3,1041,815,1856
2020-01-24T13:15:00+09:00,J4,750,845,1595
2020-01-24T13:15:00+09:00,J5,466,423,889
2020-01-24T13:30:00+09:00,J1,874,962,1836
2020-01-24T13:30:00+09:00,J2,683,771,1454
2020-01-24T13:30:00+09:00,J3,1010,746,1756
2020-01-24T13:30:00+09:00,J4,712,747,1459
2020-01-24T13:30:00+09:00,J5,428,439,867
2020-01-24T13:45:00+09:00,J1,793,1001,1794
2020-01-24T13:45:00+09:00,J2,678,778,1456
2020-01-24T13:45:00+09:00,J3,1007,629,1636
2020-01-24T13:45:00+09:00,J4,764,826,1590
2020-01-24T13:45:00+09:00,J5,501,497,998
2020-01-24T14:00:00+09:00,J1,850,1016,1866
2020-01-24T14:00:00+09:00,J2,669,758,1427
2020-01-24T14:00:00+09:00,J3,1075,782,1857
2020-01-24T14:00:00+09:00,J4,802,854,1656
2020-01-24T14:00:00+09:00,J5,479,467,946
2020-01-24T14:15:00+09:00,J1,874,1002,1876
2020-01-24T14:15:00+09:00,J2,698,765,1463
2020-01-24T14:15:00+09:00,J3,1016,683,1699
2020-01-24T14:15:00+09:00,J4,729,772,1501
2020-01-24T14:15:00+09:00,J5,429,515,944
2020-01-24T14:30:00+09:00,J1,903,978,1881
2020-01-24T14:30:00+09:00,J2,829,751,1580
2020-01-24T14:30:00+09:00,J3,1073,755,1828
2020-01-24T14:30:00+09:00,J4,792,873,1665
2020-01-24T14:30:00+09:00,J5,487,466,953
2020-01-24T14:45:00+09:00,J1,877,982,1859
2020-01-24T14:45:00+09:00,J2,668,659,1327
2020-01-24T14:45:00+09:00,J3,1055,784,1839
2020-01-24T14:45:00+09:00,J4,763,846,1609
2020-01-24T14:45:00+09:00,J5,491,495,986
2020-01-24T15:00:00+09:00,J1,846,987,1833
2020-01-24T15:00:00+09:00,J2,760,667,1427
2020-01-24T15:00:00+09:00,J3,970,742,1712
2020-01-24T15:00:00+09:00,J4,708,793,1501
2020-01-24T15:00:00+09:00,J5,466,457,923
2020-01-24T15:15:00+09:00,J1,877,985,1862
2020-01-24T15:15:00+09:00,J2,896,773,1669
2020-01-24T15:15:00+09:00,J3,1003,686,1689
2020-01-24T15:15:00+09:00,J4,756,799,1555
2020-01-24T15:15:00+09:00,J5,499,470,969
2020-01-24T15:30:00+09:00,J1,902,971,1873
2020-01-24T15:30:00+09:00,J2,826,830,1656
2020-01-24T15:30:00+09:00,J3,983,629,1612
2020-01-24T15:30:00+09:00,J4,680,725,1405
2020-01-24T15:30:00+09:00,J5,447,465,912
2020-01-24T15:45:00+09:00,J1,879,935,1814
2020-01-24T15:45:00+09:00,J2,758,870,1628
2020-01-24T15:45:00+09:00,J3,974,660,1634
2020-01-24T15:45:00+09:00,J4,726,771,1497
2020-01-24T15:45:00+09:00,J5,499,465,964
2020-01-24T16:00:00+09:00,J1,889,975,1864
2020-01-24T16:00:00+09:00,J2,792,793,1585
2020-01-24T16:00:00+09:00,J3,995,695,1690
2020-01-24T16:00:00+09:00,J4,746,807,1553
2020-01-24T16:00:00+09:00,J5,469,495,964
2020-01-24T16:15:00+09:00,J1,886,939,1825
2020-01-24T16:15:00+09:00,J2,827,814,1641
2020-01-24T16:15:00+09:00,J3,1088,660,1748
2020-01-24T16:15:00+09:00,J4,756,846,1602
2020-01-24T16:15:00+09:00,J5,529,479,1008
2020-01-24T16:30:00+09:00,J1,924,934,1858
2020-01-24T16:30:00+09:00,J2,885,745,1630
2020-01-24T16:30:00+09:00,J3,1110,860,1970
2020-01-24T16:30:00+09:00,J4,804,751,1555
2020-01-24T16:30:00+09:00,J5,566,574,1140
2020-01-24T16:45:00+09:00,J1,884,939,1823
2020-01-24T16:45:00+09:00,J2,885,716,1601
2020-01-24T16:45:00+09:00,J3,1134,843,1977
2020-01-24T16:45:00+09:00,J4,782,746,1528
2020-01-24T16:45:00+09:00,J5,581,537,1118
2020-01-24T17:00:00+09:00,J1,958,965,1923
2020-01-24T17:00:00+09:00,J2,929,898,1827
2020-01-24T17:00:00+09:00,J3,1125,782,1907
2020-01-24T17:00:00+09:00,J4,907,864,1771
2020-01-24T17:00:00+09:00,J5,604,548,1152
2020-01-24T17:15:00+09:00,J1,937,974,1911
2020-01-24T17:15:00+09:00,J2,1023,940,1963
2020-01-24T17:15:00+09:00,J3,1222,787,2009
2020-01-24T17:15:00+09:00,J4,1074,976,2050
2020-01-24T17:15:00+09:00,J5,665,621,1286
2020-01-24T17:30:00+09:00,J1,958,924,1882
2020-01-24T17:30:00+09:00,J2,1029,962,1991
2020-01-24T17:30:00+09:00,J3,1310,784,2094
2020-01-24T17:30:00+09:00,J4,1199,950,2149
2020-01-24T17:30:00+09:00,J5,703,713,1416
2020-01-24T17:45:00+09:00,J1,1007,935,1942
2020-01-24T17:45:00+09:00,J2,977,1123,2100
2020-01-24T17:45:00+09:00,J3,1271,773,2044
2020-01-24T17:45:00+09:00,J4,1244,1043,2287
2020-01-24T17:45:00+09:00,J5,764,841,1605
2020-01-24T18:00:00+09:00,J1,1053,956,2009
2020-01-24T18:00:00+09:00,J2,1108,939,2047
2020-01-24T18:00:00+09:00,J3,1333,823,2156
2020-01-24T18:00:00+09:00,J4,1245,1078,2323
2020-01-24T18:00:00+09:00,J5,796,811,1607
2020-01-24T18:15:00+09:00,J1,1029,946,1975
2020-01-24T18:15:00+09:00,J2,1089,921,2010
2020-01-24T18:15:00+09:00,J3,1239,837,2076
2020-01-24T18:15:00+09:00,J4,1087,829,1916
2020-01-24T18:15:00+09:00,J5,692,881,1573
2020-01-24T18:30:00+09:00,J1,998,986,1984
2020-01-24T18:30:00+09:00,J2,993,889,1882
2020-01-24T18:30:00+09:00,J3,1218,715,1933
2020-01-24T18:30:00+09:00,J4,1049,909,1958
2020-01-24T18:30:00+09:00,J5,591,729,1320
2020-01-24T18:45:00+09:00,J1,989,942,1931
2020-01-24T18:45:00+09:00,J2,984,814,1798
2020-01-24T18:45:00+09:00,J3,1072,768,1840
2020-01-24T18:45:00+09:00,J4,1055,926,1981
2020-01-24T18:45:00+09:00,J5,514,618,1132
2020-01-24T19:00:00+09:00,J1,914,935,1849
2020-01-24T19:00:00+09:00,J2,828,680,1508
2020-01-24T19:00:00+09:00,J3,1034,761,1795
2020-01-24T19:00:00+09:00,J4,1155,1042,2197
2020-01-24T19:00:00+09:00,J5,478,641,1119
2020-01-24T19:15:00+09:00,J1,928,880,1808
2020-01-24T19:15:00+09:00,J2,828,722,1550
2020-01-24T19:15:00+09:00,J3,1053,768,1821
2020-01-24T19:15:00+09:00,J4,1027,932,1959
2020-01-24T19:15:00+09:00,J5,462,609,1071
2020-01-24T19:30:00+09:00,J1,900,923,1823
2020-01-24T19:30:00+09:00,J2,773,697,1470
2020-01-24T19:30:00+09:00,J3,966,695,1661
2020-01-24T19:30:00+09:00,J4,880,848,1728
2020-01-24T19:30:00+09:00,J5,497,485,982
2020-01-24T19:45:00+09:00,J1,883,923,1806
2020-01-24T19:45:00+09:00,J2,816,600,1416
2020-01-24T19:45:00+09:00,J3,970,789,1759
2020-01-24T19:45:00+09:00,J4,832,770,1602
2020-01-24T19:45:00+09:00,J5,376,523,899
2020-01-24T20:00:00+09:00,J1,858,895,1753
2020-01-24T20:00:00+09:00,J2,743,586,1329
2020-01-24T20:00:00+09:00,J3,943,710,1653
2020-01-24T20:00:00+09:00,J4,803,825,1628
2020-01-24T20:00:00+09:00,J5,365,482,847
2020-01-24T20:15:00+09:00,J1,834,905,1739
2020-01-24T20:15:00+09:00,J2,776,655,1431
2020-01-24T20:15:00+09:00,J3,1046,736,1782
2020-01-24T20:15:00+09:00,J4,880,832,1712
2020-01-24T20:15:00+09:00,J5,409,547,956
2020-01-24T20:30:00+09:00,J1,874,910,1784
2020-01-24T20:30:00+09:00,J2,773,658,1431
2020-01-24T20:30:00+09:00,J3,928,695,1623
2020-01-24T20:30:00+09:00,J4,754,708,1462
2020-01-24T20:30:00+09:00,J5,359,475,834
2020-01-24T20:45:00+09:00,J1,856,899,1755
2020-01-24T20:45:00+09:00,J2,725,661,1386
2020-01-24T20:45:00+09:00,J3,958,746,1704
2020-01-24T20:45:00+09:00,J4,887,831,1718
2020-01-24T20:45:00+09:00,J5,387,447,834
2020-01-24T21:00:00+09:00,J1,821,912,1733
2020-01-24T21:00:00+09:00,J2,712,695,1407
2020-01-24T21:00:00+09:00,J3,950,720,1670
2020-01-24T21:00:00+09:00,J4,864,953,1817
2020-01-24T21:00:00+09:00,J5,368,448,816
2020-01-24T21:15:00+09:00,J1,827,885,1712
2020-01-24T21:15:00+09:00,J2,702,701,1403
2020-01-24T21:15:00+09:00,J3,970,723,1693
2020-01-24T21:15:00+09:00,J4,931,875,1806
2020-01-24T21:15:00+09:00,J5,390,418,808
2020-01-24T21:30:00+09:00,J1,797,909,1706
2020-01-24T21:30:00+09:00,J2,738,730,1468
2020-01-24T21:30:00+09:00,J3,993,669,1662
2020-01-24T21:30:00+09:00,J4,897,932,1829
2020-01-24T21:30:00+09:00,J5,398,355,753
2020-01-24T21:45:00+09:00,J1,785,953,1738
2020-01-24T21:45:00+09:00,J2,713,763,1476
2020-01-24T21:45:00+09:00,J3,878,657,1535
2020-01-24T21:45:00+09:00,J4,873,901,1774
2020-01-24T21:45:00+09:00,J5,430,410,840
2020-01-24T22:00:00+09:00,J1,732,923,1655
2020-01-24T22:00:00+09:00,J2,852,772,1624
2020-01-24T22:00:00+09:00,J3,883,630,1513
2020-01-24T22:00:00+09:00,J4,850,830,1680
2020-01-24T22:00:00+09:00,J5,449,408,857
2020-01-24T22:15:00+09:00,J1,802,938,1740
2020-01-24T22:15:00+09:00,J2,760,733,1493
2020-01-24T22:15:00+09:00,J3,808,575,1383
2020-01-24T22:15:00+09:00,J4,788,811,1599
2020-01-24T22:15:00+09:00,J5,462,396,858
2020-01-24T22:30:00+09:00,J1,789,940,1729
2020-01-24T22:30:00+09:00,J2,775,836,1611
2020-01-24T22:30:00+09:00,J3,853,654,1507
2020-01-24T22:30:00+09:00,J4,731,811,1542
2020-01-24T22:30:00+09:00,J5,485,453,938
2020-01-24T22:45:00+09:00,J1,774,884,1658
2020-01-24T22:45:00+09:00,J2,806,800,1606
2020-01-24T22:45:00+09:00,J3,725,557,1282
2020-01-24T22:45:00+09:00,J4,846,885,1731
2020-01-24T22:45:00+09:00,J5,518,500,1018
2020-01-24T23:00:00+09:00,J1,781,871,1652
2020-01-24T23:00:00+09:00,J2,754,736,1490
2020-01-24T23:00:00+09:00,J3,840,634,1474
2020-01-24T23:00:00+09:00,J4,804,852,1656
2020-01-24T23:00:00+09:00,J5,587,563,1150
2020-01-24T23:15:00+09:00,J1,796,908,1704
2020-01-24T23:15:00+09:00,J2,726,791,1517
2020-01-24T23:15:00+09:00,J3,875,658,1533
2020-01-24T23:15:00+09:00,J4,757,868,1625
2020-01-24T23:15:00+09:00,J5,545,514,1059
2020-01-24T23:30:00+09:00,J1,727,870,1597
2020-01-24T23:30:00+09:00,J2,708,768,1476
2020-01-24T23:30:00+09:00,J3,815,655,1470
2020-01-24T23:30:00+09:00,J4,715,808,1523
2020-01-24T23:30:00+09:00,J5,509,510,1019
2020-01-24T23:45:00+09:00,J1,783,881,1664
2020-01-24T23:45:00+09:00,J2,687,678,1365
2020-01-24T23:45:00+09:00,J3,767,628,1395
2020-01-24T23:45:00+09:00,J4,759,897,1656
2020-01-24T23:45:00+09:00,J5,544,469,1013
2020-01-25T00:00:00+09:00,J1,789,795,1584
2020-01-25T00:00:00+09:00,J2,556,577,1133
2020-01-25T00:00:00+09:00,J3,696,598,1294
2020-01-25T00:00:00+09:00,J4,680,727,1407
2020-01-25T00:00:00+09:00,J5,610,469,1079
2020-01-25T00:15:00+09:00,J1,638,610,1248
2020-01-25T00:15:00+09:00,J2,460,522,982
2020-01-25T00:15:00+09:00,J3,518,462,980
2020-01-25T00:15:00+09:00,J4,631,710,1341
2020-01-25T00:15:00+09:00,J5,483,484,967
2020-01-25T00:30:00+09:00,J1,455,502,957
2020-01-25T00:30:00+09:00,J2,427,506,933
2020-01-25T00:30:00+09:00,J3,437,464,901
2020-01-25T00:30:00+09:00,J4,774,809,1583
2020-01-25T00:30:00+09:00,J5,571,511,1082
2020-01-25T00:45:00+09:00,J1,500,517,1017
2020-01-25T00:45:00+09:00,J2,441,566,1007
2020-01-25T00:45:00+09:00,J3,494,439,933
2020-01-25T00:45:00+09:00,J4,997,898,1895
2020-01-25T00:45:00+09:00,J5,513,494,1007
2020-01-25T05:45:00+09:00,J1,701,788,1489
2020-01-25T05:45:00+09:00,J2,565,570,1135
2020-01-25T05:45:00+09:00,J3,509,534,1043
2020-01-25T05:45:00+09:00,J4,771,805,1576
2020-01-25T05:45:00+09:00,J5,543,492,1035
2020-01-25T06:00:00+09:00,J1,634,685,1319
2020-01-25T06:00:00+09:00,J2,549,509,1058
2020-01-25T06:00:00+09:00,J3,449,493,942
2020-01-25T06:00:00+09:00,J4,843,767,1610
2020-01-25T06:00:00+09:00,J5,528,531,1059
2020-01-25T06:15:00+09:00,J1,726,707,1433
2020-01-25T06:15:00+09:00,J2,551,519,1070
2020-01-25T06:15:00+09:00,J3,469,448,917
2020-01-25T06:15:00+09:00,J4,846,678,1524
2020-01-25T06:15:00+09:00,J5,529,558,1087
2020-01-25T06:30:00+09:00,J1,668,754,1422
2020-01-25T06:30:00+09:00,J2,467,487,954
2020-01-25T06:30:00+09:00,J3,460,470,930
2020-01-25T06:30:00+09:00,J4,792,773,1565
2020-01-25T06:30:00+09:00,J5,605,563,1168
2020-01-25T06:45:00+09:00,J1,654,676,1330
2020-01-25T06:45:00+09:00,J2,488,560,1048
2020-01-25T06:45:00+09:00,J3,452,500,952
2020-01-25T06:45:00+09:00,J4,759,763,1522
2020-01-25T06:45:00+09:00,J5,554,500,1054
2020-01-25T07:00:00+09:00,J1,734,799,1533
2020-01-25T07:00:00+09:00,J2,542,565,1107
2020-01-25T07:00:00+09:00,J3,525,521,1046
2020-01-25T07:00:00+09:00,J4,911,811,1722
2020-01-25T07:00:00+09:00,J5,643,555,1198
2020-01-25T07:15:00+09:00,J1,790,838,1628
2020-01-25T07:15:00+09:00,J2,680,634,1314
2020-01-25T07:15:00+09:00,J3,577,592,1169
2020-01-25T07:15:00+09:00,J4,865,836,1701
2020-01-25T07:15:00+09:00,J5,613,574,1187
2020-01-25T07:30:00+09:00,J1,808,895,1703
2020-01-25T07:30:00+09:00,J2,650,620,1270
2020-01-25T07:30:00+09:00,J3,576,561,1137
2020-01-25T07:30:00+09:00,J4,922,822,1744
2020-01-25T07:30:00+09:00,J5,606,627,1233
2020-01-25T07:45:00+09:00,J1,807,879,1686
2020-01-25T07:45:00+09:00,J2,659,732,1391
2020-01-25T07:45:00+09:00,J3,617,553,1170
2020-01-25T07:45:00+09:00,J4,859,864,1723
2020-01-25T07:45:00+09:00,J5,628,593,1221
2020-01-25T08:00:00+09:00,J1,901,929,1830
2020-01-25T08:00:00+09:00,J2,789,831,1620
2020-01-25T08:00:00+09:00,J3,981,735,1716
2020-01-25T08:00:00+09:00,J4,874,892,1766
2020-01-25T08:00:00+09:00,J5,553,578,1131
2020-01-25T08:15:00+09:00,J1,838,942,1780
2020-01-25T08:15:00+09:00,J2,876,757,1633
2020-01-25T08:15:00+09:00,J3,996,876,1872
2020-01-25T08:15:00+09:00,J4,763,889,1652
2020-01-25T08:15:00+09:00,J5,601,608,1209
2020-01-25T08:30:00+09:00,J1,758,1010,1768
2020-01-25T08:30:00+09:00,J2,891,790,1681
2020-01-25T08:30:00+09:00,J3,1002,726,1728
2020-01-25T08:30:00+09:00,J4,848,869,1717
2020-01-25T08:30:00+09:00,J5,599,598,1197
2020-01-25T08:45:00+09:00,J1,827,952,1779
2020-01-25T08:45:00+09:00,J2,773,678,1451
2020-01-25T08:45:00+09:00,J3,1024,859,1883
2020-01-25T08:45:00+09:00,J4,859,874,1733
2020-01-25T08:45:00+09:00,J5,606,559,1165
2020-01-25T09:00:00+09:00,J1,935,959,1894
2020-01-25T09:00:00+09:00,J2,1121,1049,2170
2020-01-25T09:00:00+09:00,J3,763,714,1477
2020-01-25T09:00:00+09:00,J4,803,921,1724
2020-01-25T09:00:00+09:00,J5,512,498,1010
2020-01-25T09:15:00+09:00,J1,921,1033,1954
2020-01-25T09:15:00+09:00,J2,1084,1062,2146
2020-01-25T09:15:00+09:00,J3,820,787,1607
2020-01-25T09:15:00+09:00,J4,887,910,1797
2020-01-25T09:15:00+09:00,J5,464,449,913
2020-01-25T09:30:00+09:00,J1,905,957,1862
2020-01-25T09:30:00+09:00,J2,1029,1065,2094
2020-01-25T09:30:00+09:00,J3,775,710,1485
2020-01-25T09:30:00+09:00,J4,824,876,1700
2020-01-25T09:30:00+09:00,J5,406,475,881
2020-01-25T09:45:00+09:00,J1,890,930,1820
2020-01-25T09:45:00+09:00,J2,1131,1014,2145
2020-01-25T09:45:00+09:00,J3,825,812,1637
2020-01-25T09:45:00+09:00,J4,861,791,1652
2020-01-25T09:45:00+09:00,J5,384,401,785
2020-01-25T10:00:00+09:00,J1,870,925,1795
2020-01-25T10:00:00+09:00,J2,1021,988,2009
2020-01-25T10:00:00+09:00,J3,782,694,1476
2020-01-25T10:00:00+09:00,J4,807,857,1664
2020-01-25T10:00:00+09:00,J5,427,394,821
2020-01-25T10:15:00+09:00,J1,863,923,1786
2020-01-25T10:15:00+09:00,J2,939,934,1873
2020-01-25T10:15:00+09:00,J3,817,691,1508
2020-01-25T10:15:00+09:00,J4,713,805,1518
2020-01-25T10:15:00+09:00,J5,427,400,827
2020-01-25T10:30:00+09:00,J1,876,898,1774
2020-01-25T10:30:00+09:00,J2,909,843,1752
2020-01-25T10:30:00+09:00,J3,706,602,1308
2020-01-25T10:30:00+09:00,J4,743,856,1599
2020-01-25T10:30:00+09:00,J5,382,403,785
2020-01-25T10:45:00+09:00,J1,922,962,1884
2020-01-25T10:45:00+09:00,J2,845,855,1700
2020-01-25T10:45:00+09:00,J3,813,683,1496
2020-01-25T10:45:00+09:00,J4,810,866,1676
2020-01-25T10:45:00+09:00,J5,350,436,786
2020-01-25T11:00:00+09:00,J1,935,960,1895
2020-01-25T11:00:00+09:00,J2,864,838,1702
2020-01-25T11:00:00+09:00,J3,1028,767,1795
2020-01-25T11:00:00+09:00,J4,718,814,1532
2020-01-25T11:00:00+09:00,J5,610,611,1221
2020-01-25T11:15:00+09:00,J1,874,969,1843
2020-01-25T11:15:00+09:00,J2,836,879,1715
2020-01-25T11:15:00+09:00,J3,1054,913,1967
2020-01-25T11:15:00+09:00,J4,747,883,1630
2020-01-25T11:15:00+09:00,J5,581,521,1102
2020-01-25T11:30:00+09:00,J1,876,977,1853
2020-01-25T11:30:00+09:00,J2,798,828,1626
2020-01-25T11:30:00+09:00,J3,1082,937,2019
2020-01-25T11:30:00+09:00,J4,695,801,1496
2020-01-25T11:30:00+09:00,J5,518,443,961
2020-01-25T11:45:00+09:00,J1,831,958,1789
2020-01-25T11:45:00+09:00,J2,850,722,1572
2020-01-25T11:45:00+09:00,J3,1035,942,1977
2020-01-25T11:45:00+09:00,J4,772,846,1618
2020-01-25T11:45:00+09:00,J5,499,473,972
2020-01-25T12:00:00+09:00,J1,838,967,1805
2020-01-25T12:00:00+09:00,J2,772,650,1422
2020-01-25T12:00:00+09:00,J3,1058,906,1964
2020-01-25T12:00:00+09:00,J4,860,912,1772
2020-01-25T12:00:00+09:00,J5,498,498,996
2020-01-25T12:15:00+09:00,J1,851,946,1797
2020-01-25T12:15:00+09:00,J2,750,617,1367
2020-01-25T12:15:00+09:00,J3,1017,886,1903
2020-01-25T12:15:00+09:00,J4,855,842,1697
2020-01-25T12:15:00+09:00,J5,529,481,1010
2020-01-25T12:30:00+09:00,J1,818,992,1810
2020-01-25T12:30:00+09:00,J2,845,738,1583
2020-01-25T12:30:00+09:00,J3,1029,816,1845
2020-01-25T12:30:00+09:00,J4,791,894,1685
2020-01-25T12:30:00+09:00,J5,510,512,1022
2020-01-25T12:45:00+09:00,J1,871,991,1862
2020-01-25T12:45:00+09:00,J2,835,786,1621
2020-01-25T12:45:00+09:00,J3,1053,644,1697
2020-01-25T12:45:00+09:00,J4,750,881,1631
2020-01-25T12:45:00+09:00,J5,492,462,954
2020-01-25T13:00:00+09:00,J1,811,978,1789
2020-01-25T13:00:00+09:00,J2,907,751,1658
2020-01-25T13:00:00+09:00,J3,1011,707,1718
2020-01-25T13:00:00+09:00,J4,803,853,1656
2020-01-25T13:00:00+09:00,J5,542,531,1073
2020-01-25T13:15:00+09:00,J1,862,978,1840
2020-01-25T13:15:00+09:00,J2,896,843,1739
2020-01-25T13:15:00+09:00,J3,1013,721,1734
2020-01-25T13:15:00+09:00,J4,781,843,1624
2020-01-25T13:15:00+09:00,J5,484,467,951
2020-01-25T13:30:00+09:00,J1,846,914,1760
2020-01-25T13:30:00+09:00,J2,823,918,1741
2020-01-25T13:30:00+09:00,J3,1017,697,1714
2020-01-25T13:30:00+09:00,J4,752,896,1648
2020-01-25T13:30:00+09:00,J5,475,521,996
2020-01-25T13:45:00+09:00,J1,851,956,1807
2020-01-25T13:45:00+09:00,J2,816,852,1668
2020-01-25T13:45:00+09:00,J3,1053,692,1745
2020-01-25T13:45:00+09:00,J4,784,877,1661
2020-01-25T13:45:00+09:00,J5,533,528,1061
2020-01-25T14:00:00+09:00,J1,804,988,1792
2020-01-25T14:00:00+09:00,J2,788,892,1680
2020-01-25T14:00:00+09:00,J3,1003,637,1640
2020-01-25T14:00:00+09:00,J4,795,858,1653
2020-01-25T14:00:00+09:00,J5,542,490,1032
2020-01-25T14:15:00+09:00,J1,830,903,1733
2020-01-25T14:15:00+09:00,J2,822,845,1667
2020-01-25T14:15:00+09:00,J3,1056,639,1695
2020-01-25T14:15:00+09:00,J4,759,867,1626
2020-01-25T14:15:00+09:00,J5,554,491,1045
2020-01-25T14:30:00+09:00,J1,813,938,1751
2020-01-25T14:30:00+09:00,J2,822,856,1678
2020-01-25T14:30:00+09:00,J3,1043,682,1725
2020-01-25T14:30:00+09:00,J4,782,942,1724
2020-01-25T14:30:00+09:00,J5,522,511,1033
2020-01-25T14:45:00+09:00,J1,887,924,1811
2020-01-25T14:45:00+09:00,J2,794,886,1680
2020-01-25T14:45:00+09:00,J3,1066,691,1757
2020-01-25T14:45:00+09:00,J4,734,747,1481
2020-01-25T14:45:00+09:00,J5,519,457,976
2020-01-25T15:00:00+09:00,J1,834,943,1777
2020-01-25T15:00:00+09:00,J2,813,866,1679
2020-01-25T15:00:00+09:00,J3,1093,686,1779
2020-01-25T15:00:00+09:00,J4,696,749,1445
2020-01-25T15:00:00+09:00,J5,501,466,967
2020-01-25T15:15:00+09:00,J1,844,965,1809
2020-01-25T15:15:00+09:00,J2,905,894,1799
2020-01-25T15:15:00+09:00,J3,1024,698,1722
2020-01-25T15:15:00+09:00,J4,693,762,1455
2020-01-25T15:15:00+09:00,J5,487,459,946
2020-01-25T15:30:00+09:00,J1,867,942,1809
2020-01-25T15:30:00+09:00,J2,925,908,1833
2020-01-25T15:30:00+09:00,J3,1058,625,1683
2020-01-25T15:30:00+09:00,J4,748,737,1485
2020-01-25T15:30:00+09:00,J5,534,489,1023
2020-01-25T15:45:00+09:00,J1,854,973,1827
2020-01-25T15:45:00+09:00,J2,913,857,1770
2020-01-25T15:45:00+09:00,J3,1019,649,1668
2020-01-25T15:45:00+09:00,J4,761,801,1562
2020-01-25T15:45:00+09:00,J5,543,537,1080
2020-01-25T16:00:00+09:00,J1,836,932,1768
2020-01-25T16:00:00+09:00,J2,894,796,1690
2020-01-25T16:00:00+09:00,J3,1033,820,1853
2020-01-25T16:00:00+09:00,J4,730,718,1448
2020-01-25T16:00:00+09:00,J5,533,451,984
2020-01-25T16:15:00+09:00,J1,894,1004,1898
2020-01-25T16:15:00+09:00,J2,1033,873,1906
2020-01-25T16:15:00+09:00,J3,1124,864,1988
2020-01-25T16:15:00+09:00,J4,774,788,1562
2020-01-25T16:15:00+09:00,J5,594,543,1137
2020-01-25T16:30:00+09:00,J1,925,987,1912
2020-01-25T16:30:00+09:00,J2,927,908,1835
2020-01-25T16:30:00+09:00,J3,1123,841,1964
2020-01-25T16:30:00+09:00,J4,847,805,1652
2020-01-25T16:30:00+09:00,J5,559,499,1058
2020-01-25T16:45:00+09:00,J1,921,921,1842
2020-01-25T16:45:00+09:00,J2,968,890,1858
2020-01-25T16:45:00+09:00,J3,1073,817,1890
2020-01-25T16:45:00+09:00,J4,853,789,1642
2020-01-25T16:45:00+09:00,J5,506,418,924
2020-01-25T17:00:00+09:00,J1,924,976,1900
2020-01-25T17:00:00+09:00,J2,1049,855,1904
2020-01-25T17:00:00+09:00,J3,1057,756,1813
2020-01-25T17:00:00+09:00,J4,1093,928,2021
2020-01-25T17:00:00+09:00,J5,538,477,1015
2020-01-25T17:15:00+09:00,J1,936,980,1916
2020-01-25T17:15:00+09:00,J2,1086,849,1935
2020-01-25T17:15:00+09:00,J3,1184,745,1929
2020-01-25T17:15:00+09:00,J4,1178,1103,2281
2020-01-25T17:15:00+09:00,J5,563,489,1052
2020-01-25T17:30:00+09:00,J1,893,968,1861
2020-01-25T17:30:00+09:00,J2,998,956,1954
2020-01-25T17:30:00+09:00,J3,1196,690,1886
2020-01-25T17:30:00+09:00,J4,1202,1069,2271
2020-01-25T17:30:00+09:00,J5,577,496,1073
2020-01-25T17:45:00+09:00,J1,946,954,1900
2020-01-25T17:45:00+09:00,J2,924,943,1867
2020-01-25T17:45:00+09:00,J3,1196,724,1920
2020-01-25T17:45:00+09:00,J4,1137,1037,2174
2020-01-25T17:45:00+09:00,J5,577,531,1108
2020-01-25T18:00:00+09:00,J1,960,982,1942
2020-01-25T18:00:00+09:00,J2,1075,843,1918
2020-01-25T18:00:00+09:00,J3,1082,768,1850
2020-01-25T18:00:00+09:00,J4,1097,998,2095
2020-01-25T18:00:00+09:00,J5,604,516,1120
2020-01-25T18:15:00+09:00,J1,1001,963,1964
2020-01-25T18:15:00+09:00,J2,1012,900,1912
2020-01-25T18:15:00+09:00,J3,970,755,1725
2020-01-25T18:15:00+09:00,J4,834,788,1622
2020-01-25T18:15:00+09:00,J5,568,532,1100
2020-01-25T18:30:00+09:00,J1,972,956,1928
2020-01-25T18:30:00+09:00,J2,997,921,1918
2020-01-25T18:30:00+09:00,J3,919,693,1612
2020-01-25T18:30:00+09:00,J4,914,799,1713
2020-01-25T18:30:00+09:00,J5,633,612,1245
2020-01-25T18:45:00+09:00,J1,959,989,1948
2020-01-25T18:45:00+09:00,J2,937,931,1868
2020-01-25T18:45:00+09:00,J3,846,650,1496
2020-01-25T18:45:00+09:00,J4,899,811,1710
2020-01-25T18:45:00+09:00,J5,592,568,1160
2020-01-25T19:00:00+09:00,J1,897,898,1795
2020-01-25T19:00:00+09:00,J2,878,644,1522
2020-01-25T19:00:00+09:00,J3,873,745,1618
2020-01-25T19:00:00+09:00,J4,943,943,1886
2020-01-25T19:00:00+09:00,J5,500,529,1029
2020-01-25T19:15:00+09:00,J1,869,906,1775
2020-01-25T19:15:00+09:00,J2,861,798,1659
2020-01-25T19:15:00+09:00,J3,918,714,1632
2020-01-25T19:15:00+09:00,J4,982,979,1961
2020-01-25T19:15:00+09:00,J5,473,570,1043
2020-01-25T19:30:00+09:00,J1,823,915,1738
2020-01-25T19:30:00+09:00,J2,799,739,1538
2020-01-25T19:30:00+09:00,J3,821,616,1437
2020-01-25T19:30:00+09:00,J4,761,861,1622
2020-01-25T19:30:00+09:00,J5,471,487,958
2020-01-25T19:45:00+09:00,J1,778,882,1660
2020-01-25T19:45:00+09:00,J2,819,724,1543
2020-01-25T19:45:00+09:00,J3,864,638,1502
2020-01-25T19:45:00+09:00,J4,724,688,1412
2020-01-25T19:45:00+09:00,J5,426,502,928
2020-01-25T20:00:00+09:00,J1,791,884,1675
2020-01-25T20:00:00+09:00,J2,763,733,1496
2020-01-25T20:00:00+09:00,J3,769,652,1421
2020-01-25T20:00:00+09:00,J4,676,792,1468
2020-01-25T20:00:00+09:00,J5,458,556,1014
2020-01-25T20:15:00+09:00,J1,864,873,1737
2020-01-25T20:15:00+09:00,J2,770,710,1480
2020-01-25T20:15:00+09:00,J3,808,667,1475
2020-01-25T20:15:00+09:00,J4,716,705,1421
2020-01-25T20:15:00+09:00,J5,427,492,919
2020-01-25T20:30:00+09:00,J1,828,825,1653
2020-01-25T20:30:00+09:00,J2,759,763,1522
2020-01-25T20:30:00+09:00,J3,844,745,1589
2020-01-25T20:30:00+09:00,J4,709,733,1442
2020-01-25T20:30:00+09:00,J5,381,454,835
2020-01-25T20:45:00+09:00,J1,843,888,1731
2020-01-25T20:45:00+09:00,J2,737,763,1500
2020-01-25T20:45:00+09:00,J3,869,646,1515
2020-01-25T20:45:00+09:00,J4,692,706,1398
2020-01-25T20:45:00+09:00,J5,406,463,869
2020-01-25T21:00:00+09:00,J1,864,914,1778
2020-01-25T21:00:00+09:00,J2,800,786,1586
2020-01-25T21:00:00+09:00,J3,799,663,1462
2020-01-25T21:00:00+09:00,J4,813,851,1664
2020-01-25T21:00:00+09:00,J5,386,459,845
2020-01-25T21:15:00+09:00,J1,835,893,1728
2020-01-25T21:15:00+09:00,J2,916,828,1744
2020-01-25T21:15:00+09:00,J3,872,616,1488
2020-01-25T21:15:00+09:00,J4,886,851,1737
2020-01-25T21:15:00+09:00,J5,381,432,813
2020-01-25T21:30:00+09:00,J1,821,861,1682
2020-01-25T21:30:00+09:00,J2,790,792,1582
2020-01-25T21:30:00+09:00,J3,907,703,1610
2020-01-25T21:30:00+09:00,J4,793,791,1584
2020-01-25T21:30:00+09:00,J5,360,396,756
2020-01-25T21:45:00+09:00,J1,763,929,1692
2020-01-25T21:45:00+09:00,J2,873,913,1786
2020-01-25T21:45:00+09:00,J3,876,646,1522
2020-01-25T21:45:00+09:00,J4,816,878,1694
2020-01-25T21:45:00+09:00,J5,322,374,696
2020-01-25T22:00:00+09:00,J1,802,942,1744
2020-01-25T22:00:00+09:00,J2,673,793,1466
2020-01-25T22:00:00+09:00,J3,792,612,1404
2020-01-25T22:00:00+09:00,J4,794,884,1678
2020-01-25T22:00:00+09:00,J5,450,344,794
2020-01-25T22:15:00+09:00,J1,762,888,1650
2020-01-25T22:15:00+09:00,J2,693,788,1481
2020-01-25T22:15:00+09:00,J3,775,540,1315
2020-01-25T22:15:00+09:00,J4,832,855,1687
2020-01-25T22:15:00+09:00,J5,402,377,779
2020-01-25T22:30:00+09:00,J1,745,904,1649
2020-01-25T22:30:00+09:00,J2,702,834,1536
2020-01-25T22:30:00+09:00,J3,781,539,1320
2020-01-25T22:30:00+09:00,J4,745,841,1586
2020-01-25T22:30:00+09:00,J5,435,338,773
2020-01-25T22:45:00+09:00,J1,775,828,1603
2020-01-25T22:45:00+09:00,J2,758,845,1603
2020-01-25T22:45:00+09:00,J3,735,515,1250
2020-01-25T22:45:00+09:00,J4,807,810,1617
2020-01-25T22:45:00+09:00,J5,475,428,903
2020-01-25T23:00:00+09:00,J1,792,886,1678
2020-01-25T23:00:00+09:00,J2,774,841,1615
2020-01-25T23:00:00+09:00,J3,743,522,1265
2020-01-25T23:00:00+09:00,J4,805,811,1616
2020-01-25T23:00:00+09:00,J5,499,443,942
2020-01-25T23:15:00+09:00,J1,783,871,1654
2020-01-25T23:15:00+09:00,J2,765,875,1640
2020-01-25T23:15:00+09:00,J3,774,577,1351
2020-01-25T23:15:00+09:00,J4,790,794,1584
2020-01-25T23:15:00+09:00,J5,465,486,951
2020-01-25T23:30:00+09:00,J1,768,924,1692
2020-01-25T23:30:00+09:00,J2,681,833,1514
2020-01-25T23:30:00+09:00,J3,795,566,1361
2020-01-25T23:30:00+09:00,J4,745,769,1514
2020-01-25T23:30:00+09:00,J5,447,453,900
2020-01-25T23:45:00+09:00,J1,776,798,1574
2020-01-25T23:45:00+09:00,J2,635,719,1354
2020-01-25T23:45:00+09:00,J3,779,576,1355
2020-01-25T23:45:00+09:00,J4,781,767,1548
2020-01-25T23:45:00+09:00,J5,502,481,983
2020-01-26T00:00:00+09:00,J1,699,811,1510
2020-01-26T00:00:00+09:00,J2,643,656,1299
2020-01-26T00:00:00+09:00,J3,699,425,1124
2020-01-26T00:00:00+09:00,J4,651,672,1323
2020-01-26T00:00:00+09:00,J5,595,555,1150
2020-01-26T00:15:00+09:00,J1,584,629,1213
2020-01-26T00:15:00+09:00,J2,498,484,982
2020-01-26T00:15:00+09:00,J3,527,477,1004
2020-01-26T00:15:00+09:00,J4,685,633,1318
2020-01-26T00:15:00+09:00,J5,499,384,883
2020-01-26T00:30:00+09:00,J1,441,434,875
2020-01-26T00:30:00+09:00,J2,520,503,1023
2020-01-26T00:30:00+09:00,J3,454,354,808
2020-01-26T00:30:00+09:00,J4,828,811,1639
2020-01-26T00:30:00+09:00,J5,395,337,732
2020-01-26T00:45:00+09:00,J1,365,342,707
2020-01-26T00:45:00+09:00,J2,473,498,971
2020-01-26T00:45:00+09:00,J3,408,360,768
2020-01-26T00:45:00+09:00,J4,735,767,1502
2020-01-26T00:45:00+09:00,J5,475,350,825
2020-01-26T05:45:00+09:00,J1,685,707,1392
2020-01-26T05:45:00+09:00,J2,642,624,1266
2020-01-26T05:45:00+09:00,J3,436,392,828
2020-01-26T05:45:00+09:00,J4,769,824,1593
2020-01-26T05:45:00+09:00,J5,504,555,1059
2020-01-26T06:00:00+09:00,J1,726,793,1519
2020-01-26T06:00:00+09:00,J2,543,544,1087
2020-01-26T06:00:00+09:00,J3,493,471,964
2020-01-26T06:00:00+09:00,J4,854,982,1836
2020-01-26T06:00:00+09:00,J5,550,493,1043
2020-01-26T06:15:00+09:00,J1,704,761,1465
2020-01-26T06:15:00+09:00,J2,646,625,1271
2020-01-26T06:15:00+09:00,J3,561,526,1087
2020-01-26T06:15:00+09:00,J4,939,796,1735
2020-01-26T06:15:00+09:00,J5,539,512,1051
2020-01-26T06:30:00+09:00,J1,705,784,1489
2020-01-26T06:30:00+09:00,J2,561,557,1118
2020-01-26T06:30:00+09:00,J3,525,455,980
2020-01-26T06:30:00+09:00,J4,871,811,1682
2020-01-26T06:30:00+09:00,J5,509,473,982
2020-01-26T06:45:00+09:00,J1,771,756,1527
2020-01-26T06:45:00+09:00,J2,649,591,1240
2020-01-26T06:45:00+09:00,J3,463,443,906
2020-01-26T06:45:00+09:00,J4,844,837,1681
2020-01-26T06:45:00+09:00,J5,507,534,1041
2020-01-26T07:00:00+09:00,J1,690,780,1470
2020-01-26T07:00:00+09:00,J2,726,721,1447
2020-01-26T07:00:00+09:00,J3,497,481,978
2020-01-26T07:00:00+09:00,J4,999,867,1866
2020-01-26T07:00:00+09:00,J5,566,482,1048
2020-01-26T07:15:00+09:00,J1,722,817,1539
2020-01-26T07:15:00+09:00,J2,688,712,1400
2020-01-26T07:15:00+09:00,J3,543,460,1003
2020-01-26T07:15:00+09:00,J4,990,942,1932
2020-01-26T07:15:00+09:00,J5,557,567,1124
2020-01-26T07:30:00+09:00,J1,784,816,1600
2020-01-26T07:30:00+09:00,J2,720,665,1385
2020-01-26T07:30:00+09:00,J3,537,456,993
2020-01-26T07:30:00+09:00,J4,913,895,1808
2020-01-26T07:30:00+09:00,J5,625,539,1164
2020-01-26T07:45:00+09:00,J1,711,831,1542
2020-01-26T07:45:00+09:00,J2,739,777,1516
2020-01-26T07:45:00+09:00,J3,585,543,1128
2020-01-26T07:45:00+09:00,J4,899,922,1821
2020-01-26T07:45:00+09:00,J5,584,543,1127
2020-01-26T08:00:00+09:00,J1,820,958,1778
2020-01-26T08:00:00+09:00,J2,921,869,1790
2020-01-26T08:00:00+09:00,J3,806,766,1572
2020-01-26T08:00:00+09:00,J4,990,930,1920
2020-01-26T08:00:00+09:00,J5,507,489,996
2020-01-26T08:15:00+09:00,J1,877,935,1812
2020-01-26T08:15:00+09:00,J2,950,804,1754
2020-01-26T08:15:00+09:00,J3,913,756,1669
2020-01-26T08:15:00+09:00,J4,881,973,1854
2020-01-26T08:15:00+09:00,J5,499,544,1043
2020-01-26T08:30:00+09:00,J1,828,992,1820
2020-01-26T08:30:00+09:00,J2,839,916,1755
2020-01-26T08:30:00+09:00,J3,840,652,1492
2020-01-26T08:30:00+09:00,J4,904,868,1772
2020-01-26T08:30:00+09:00,J5,597,594,1191
2020-01-26T08:45:00+09:00,J1,783,976,1759
2020-01-26T08:45:00+09:00,J2,965,881,1846
2020-01-26T08:45:00+09:00,J3,992,773,1765
2020-01-26T08:45:00+09:00,J4,860,858,1718
2020-01-26T08:45:00+09:00,J5,607,585,1192
2020-01-26T09:00:00+09:00,J1,880,905,1785
2020-01-26T09:00:00+09:00,J2,1092,1161,2253
2020-01-26T09:00:00+09:00,J3,657,683,1340
2020-01-26T09:00:00+09:00,J4,892,879,1771
2020-01-26T09:00:00+09:00,J5,535,477,1012
2020-01-26T09:15:00+09:00,J1,961,923,1884
2020-01-26T09:15:00+09:00,J2,1029,1009,2038
2020-01-26T09:15:00+09:00,J3,634,645,1279
2020-01-26T09:15:00+09:00,J4,1011,883,1894
2020-01-26T09:15:00+09:00,J5,379,439,818
2020-01-26T09:30:00+09:00,J1,939,977,1916
2020-01-26T09:30:00+09:00,J2,1087,1045,2132
2020-01-26T09:30:00+09:00,J3,685,660,1345
2020-01-26T09:30:00+09:00,J4,930,889,1819
2020-01-26T09:30:00+09:00,J5,353,396,749
2020-01-26T09:45:00+09:00,J1,939,879,1818
2020-01-26T09:45:00+09:00,J2,1027,986,2013
2020-01-26T09:45:00+09:00,J3,686,546,1232
2020-01-26T09:45:00+09:00,J4,873,799,1672
2020-01-26T09:45:00+09:00,J5,391,392,783
2020-01-26T10:00:00+09:00,J1,942,918,1860
2020-01-26T10:00:00+09:00,J2,907,956,1863
2020-01-26T10:00:00+09:00,J3,624,525,1149
2020-01-26T10:00:00+09:00,J4,852,831,1683
2020-01-26T10:00:00+09:00,J5,333,331,664
2020-01-26T10:15:00+09:00,J1,903,869,1772
2020-01-26T10:15:00+09:00,J2,859,935,1794
2020-01-26T10:15:00+09:00,J3,657,533,1190
2020-01-26T10:15:00+09:00,J4,889,910,1799
2020-01-26T10:15:00+09:00,J5,342,381,723
2020-01-26T10:30:00+09:00,J1,858,900,1758
2020-01-26T10:30:00+09:00,J2,838,803,1641
2020-01-26T10:30:00+09:00,J3,681,549,1230
2020-01-26T10:30:00+09:00,J4,843,845,1688
2020-01-26T10:30:00+09:00,J5,326,388,714
2020-01-26T10:45:00+09:00,J1,905,893,1798
2020-01-26T10:45:00+09:00,J2,839,797,1636
2020-01-26T10:45:00+09:00,J3,769,578,1347
2020-01-26T10:45:00+09:00,J4,780,880,1660
2020-01-26T10:45:00+09:00,J5,363,377,740
2020-01-26T11:00:00+09:00,J1,867,944,1811
2020-01-26T11:00:00+09:00,J2,829,766,1595
2020-01-26T11:00:00+09:00,J3,902,698,1600
2020-01-26T11:00:00+09:00,J4,859,883,1742
2020-01-26T11:00:00+09:00,J5,525,573,1098
2020-01-26T11:15:00+09:00,J1,853,900,1753
2020-01-26T11:15:00+09:00,J2,799,721,1520
2020-01-26T11:15:00+09:00,J3,809,762,1571
2020-01-26T11:15:00+09:00,J4,824,867,1691
2020-01-26T11:15:00+09:00,J5,546,462,1008
2020-01-26T11:30:00+09:00,J1,783,931,1714
2020-01-26T11:30:00+09:00,J2,847,737,1584
2020-01-26T11:30:00+09:00,J3,882,695,1577
2020-01-26T11:30:00+09:00,J4,857,893,1750
2020-01-26T11:30:00+09:00,J5,528,489,1017
2020-01-26T11:45:00+09:00,J1,853,980,1833
2020-01-26T11:45:00+09:00,J2,728,585,1313
2020-01-26T11:45:00+09:00,J3,927,593,1520
2020-01-26T11:45:00+09:00,J4,751,831,1582
2020-01-26T11:45:00+09:00,J5,491,447,938
2020-01-26T12:00:00+09:00,J1,950,933,1883
2020-01-26T12:00:00+09:00,J2,698,674,1372
2020-01-26T12:00:00+09:00,J3,1024,762,1786
2020-01-26T12:00:00+09:00,J4,731,718,1449
2020-01-26T12:00:00+09:00,J5,493,487,980
2020-01-26T12:15:00+09:00,J1,913,1006,1919
2020-01-26T12:15:00+09:00,J2,706,610,1316
2020-01-26T12:15:00+09:00,J3,980,793,1773
2020-01-26T12:15:00+09:00,J4,770,813,1583
2020-01-26T12:15:00+09:00,J5,463,502,965
2020-01-26T12:30:00+09:00,J1,851,945,1796
2020-01-26T12:30:00+09:00,J2,863,749,1612
2020-01-26T12:30:00+09:00,J3,929,675,1604
2020-01-26T12:30:00+09:00,J4,706,809,1515
2020-01-26T12:30:00+09:00,J5,462,521,983
2020-01-26T12:45:00+09:00,J1,922,935,1857
2020-01-26T12:45:00+09:00,J2,863,767,1630
2020-01-26T12:45:00+09:00,J3,972,797,1769
2020-01-26T12:45:00+09:00,J4,726,881,1607
2020-01-26T12:45:00+09:00,J5,493,456,949
2020-01-26T13:00:00+09:00,J1,943,1014,1957
2020-01-26T13:00:00+09:00,J2,766,624,1390
2020-01-26T13:00:00+09:00,J3,947,759,1706
2020-01-26T13:00:00+09:00,J4,722,865,1587
2020-01-26T13:00:00+09:00,J5,471,463,934
2020-01-26T13:15:00+09:00,J1,924,1013,1937
2020-01-26T13:15:00+09:00,J2,840,688,1528
2020-01-26T13:15:00+09:00,J3,961,826,1787
2020-01-26T13:15:00+09:00,J4,709,856,1565
2020-01-26T13:15:00+09:00,J5,491,485,976
2020-01-26T13:30:00+09:00,J1,956,941,1897
2020-01-26T13:30:00+09:00,J2,955,797,1752
2020-01-26T13:30:00+09:00,J3,904,736,1640
2020-01-26T13:30:00+09:00,J4,729,802,1531
2020-01-26T13:30:00+09:00,J5,475,451,926
2020-01-26T13:45:00+09:00,J1,890,974,1864
2020-01-26T13:45:00+09:00,J2,859,823,1682
2020-01-26T13:45:00+09:00,J3,972,775,1747
2020-01-26T13:45:00+09:00,J4,702,837,1539
2020-01-26T13:45:00+09:00,J5,488,466,954
2020-01-26T14:00:00+09:00,J1,936,984,1920
2020-01-26T14:00:00+09:00,J2,776,905,1681
2020-01-26T14:00:00+09:00,J3,953,821,1774
2020-01-26T14:00:00+09:00,J4,821,827,1648
2020-01-26T14:00:00+09:00,J5,469,423,892
2020-01-26T14:15:00+09:00,J1,871,967,1838
2020-01-26T14:15:00+09:00,J2,752,867,1619
2020-01-26T14:15:00+09:00,J3,956,791,1747
2020-01-26T14:15:00+09:00,J4,731,892,1623
2020-01-26T14:15:00+09:00,J5,480,443,923
2020-01-26T14:30:00+09:00,J1,924,1003,1927
2020-01-26T14:30:00+09:00,J2,791,758,1549
2020-01-26T14:30:00+09:00,J3,914,809,1723
2020-01-26T14:30:00+09:00,J4,850,834,1684
2020-01-26T14:30:00+09:00,J5,472,465,937
2020-01-26T14:45:00+09:00,J1,975,934,1909
2020-01-26T14:45:00+09:00,J2,845,809,1654
2020-01-26T14:45:00+09:00,J3,929,855,1784
2020-01-26T14:45:00+09:00,J4,806,871,1677
2020-01-26T14:45:00+09:00,J5,495,446,941
2020-01-26T15:00:00+09:00,J1,948,978,1926
2020-01-26T15:00:00+09:00,J2,809,818,1627
2020-01-26T15:00:00+09:00,J3,888,863,1751
2020-01-26T15:00:00+09:00,J4,793,887,1680
2020-01-26T15:00:00+09:00,J5,419,450,869
2020-01-26T15:15:00+09:00,J1,893,1007,1900
2020-01-26T15:15:00+09:00,J2,730,837,1567
2020-01-26T15:15:00+09:00,J3,887,806,1693
2020-01-26T15:15:00+09:00,J4,841,886,1727
2020-01-26T15:15:00+09:00,J5,520,480,1000
2020-01-26T15:30:00+09:00,J1,930,1025,1955
2020-01-26T15:30:00+09:00,J2,731,797,1528
2020-01-26T15:30:00+09:00,J3,877,820,1697
2020-01-26T15:30:00+09:00,J4,784,942,1726
2020-01-26T15:30:00+09:00,J5,498,459,957
2020-01-26T15:45:00+09:00,J1,908,981,1889
2020-01-26T15:45:00+09:00,J2,808,801,1609
2020-01-26T15:45:00+09:00,J3,867,833,1700
2020-01-26T15:45:00+09:00,J4,784,922,1706
2020-01-26T15:45:00+09:00,J5,502,444,946
2020-01-26T16:00:00+09:00,J1,994,965,1959
2020-01-26T16:00:00+09:00,J2,853,812,1665
2020-01-26T16:00:00+09:00,J3,1002,723,1725
2020-01-26T16:00:00+09:00,J4,804,926,1730
2020-01-26T16:00:00+09:00,J5,460,461,921
2020-01-26T16:15:00+09:00,J1,894,1003,1897
2020-01-26T16:15:00+09:00,J2,838,776,1614
2020-01-26T16:15:00+09:00,J3,1049,780,1829
2020-01-26T16:15:00+09:00,J4,821,914,1735
2020-01-26T16:15:00+09:00,J5,562,485,1047
2020-01-26T16:30:00+09:00,J1,878,973,1851
2020-01-26T16:30:00+09:00,J2,763,735,1498
2020-01-26T16:30:00+09:00,J3,1099,755,1854
2020-01-26T16:30:00+09:00,J4,791,839,1630
2020-01-26T16:30:00+09:00,J5,514,455,969
2020-01-26T16:45:00+09:00,J1,870,942,1812
2020-01-26T16:45:00+09:00,J2,761,861,1622
2020-01-26T16:45:00+09:00,J3,1104,774,1878
2020-01-26T16:45:00+09:00,J4,773,833,1606
2020-01-26T16:45:00+09:00,J5,544,506,1050
2020-01-26T17:00:00+09:00,J1,898,914,1812
2020-01-26T17:00:00+09:00,J2,814,876,1690
2020-01-26T17:00:00+09:00,J3,1119,847,1966
2020-01-26T17:00:00+09:00,J4,841,862,1703
2020-01-26T17:00:00+09:00,J5,566,558,1124
2020-01-26T17:15:00+09:00,J1,952,944,1896
2020-01-26T17:15:00+09:00,J2,908,804,1712
2020-01-26T17:15:00+09:00,J3,1149,860,2009
2020-01-26T17:15:00+09:00,J4,876,875,1751
2020-01-26T17:15:00+09:00,J5,588,514,1102
2020-01-26T17:30:00+09:00,J1,932,969,1901
2020-01-26T17:30:00+09:00,J2,909,887,1796
2020-01-26T17:30:00+09:00,J3,1113,928,2041
2020-01-26T17:30:00+09:00,J4,899,841,1740
2020-01-26T17:30:00+09:00,J5,604,478,1082
2020-01-26T17:45:00+09:00,J1,950,982,1932
2020-01-26T17:45:00+09:00,J2,1006,837,1843
2020-01-26T17:45:00+09:00,J3,1138,878,2016
2020-01-26T17:45:00+09:00,J4,892,805,1697
2020-01-26T17:45:00+09:00,J5,554,479,1033
2020-01-26T18:00:00+09:00,J1,980,991,1971
2020-01-26T18:00:00+09:00,J2,982,845,1827
2020-01-26T18:00:00+09:00,J3,1060,839,1899
2020-01-26T18:00:00+09:00,J4,814,714,1528
2020-01-26T18:00:00+09:00,J5,559,472,1031
2020-01-26T18:15:00+09:00,J1,995,953,1948
2020-01-26T18:15:00+09:00,J2,921,730,1651
2020-01-26T18:15:00+09:00,J3,1023,822,1845
2020-01-26T18:15:00+09:00,J4,683,692,1375
2020-01-26T18:15:00+09:00,J5,583,531,1114
2020-01-26T18:30:00+09:00,J1,993,917,1910
2020-01-26T18:30:00+09:00,J2,817,714,1531
2020-01-26T18:30:00+09:00,J3,902,645,1547
2020-01-26T18:30:00+09:00,J4,723,700,1423
2020-01-26T18:30:00+09:00,J5,655,554,1209
2020-01-26T18:45:00+09:00,J1,853,913,1766
2020-01-26T18:45:00+09:00,J2,750,654,1404
2020-01-26T18:45:00+09:00,J3,806,557,1363
2020-01-26T18:45:00+09:00,J4,882,850,1732
2020-01-26T18:45:00+09:00,J5,672,580,1252
2020-01-26T19:00:00+09:00,J1,861,872,1733
2020-01-26T19:00:00+09:00,J2,750,755,1505
2020-01-26T19:00:00+09:00,J3,734,607,1341
2020-01-26T19:00:00+09:00,J4,799,911,1710
2020-01-26T19:00:00+09:00,J5,541,549,1090
2020-01-26T19:15:00+09:00,J1,894,838,1732
2020-01-26T19:15:00+09:00,J2,749,656,1405
2020-01-26T19:15:00+09:00,J3,749,539,1288
2020-01-26T19:15:00+09:00,J4,753,904,1657
2020-01-26T19:15:00+09:00,J5,550,590,1140
2020-01-26T19:30:00+09:00,J1,833,862,1695
2020-01-26T19:30:00+09:00,J2,721,585,1306
2020-01-26T19:30:00+09:00,J3,603,490,1093
2020-01-26T19:30:00+09:00,J4,694,719,1413
2020-01-26T19:30:00+09:00,J5,455,513,968
2020-01-26T19:45:00+09:00,J1,817,824,1641
2020-01-26T19:45:00+09:00,J2,672,714,1386
2020-01-26T19:45:00+09:00,J3,636,500,1136
2020-01-26T19:45:00+09:00,J4,623,706,1329
2020-01-26T19:45:00+09:00,J5,431,506,937
2020-01-26T20:00:00+09:00,J1,782,894,1676
2020-01-26T20:00:00+09:00,J2,729,677,1406
2020-01-26T20:00:00+09:00,J3,556,478,1034
2020-01-26T20:00:00+09:00,J4,638,726,1364
2020-01-26T20:00:00+09:00,J5,423,519,942
2020-01-26T20:15:00+09:00,J1,823,854,1677
2020-01-26T20:15:00+09:00,J2,656,642,1298
2020-01-26T20:15:00+09:00,J3,704,543,1247
2020-01-26T20:15:00+09:00,J4,628,666,1294
2020-01-26T20:15:00+09:00,J5,465,503,968
2020-01-26T20:30:00+09:00,J1,881,820,1701
2020-01-26T20:30:00+09:00,J2,674,567,1241
2020-01-26T20:30:00+09:00,J3,615,544,1159
2020-01-26T20:30:00+09:00,J4,572,579,1151
2020-01-26T20:30:00+09:00,J5,421,408,829
2020-01-26T20:45:00+09:00,J1,777,836,1613
2020-01-26T20:45:00+09:00,J2,657,567,1224
2020-01-26T20:45:00+09:00,J3,527,450,977
2020-01-26T20:45:00+09:00,J4,627,632,1259
2020-01-26T20:45:00+09:00,J5,389,447,836
2020-01-26T21:00:00+09:00,J1,803,833,1636
2020-01-26T21:00:00+09:00,J2,710,701,1411
2020-01-26T21:00:00+09:00,J3,688,503,1191
2020-01-26T21:00:00+09:00,J4,770,780,1550
2020-01-26T21:00:00+09:00,J5,411,468,879
2020-01-26T21:15:00+09:00,J1,802,888,1690
2020-01-26T21:15:00+09:00,J2,934,898,1832
2020-01-26T21:15:00+09:00,J3,562,413,975
2020-01-26T21:15:00+09:00,J4,841,810,1651
2020-01-26T21:15:00+09:00,J5,366,442,808
2020-01-26T21:30:00+09:00,J1,802,892,1694
2020-01-26T21:30:00+09:00,J2,838,785,1623
2020-01-26T21:30:00+09:00,J3,531,503,1034
2020-01-26T21:30:00+09:00,J4,773,820,1593
2020-01-26T21:30:00+09:00,J5,375,387,762
2020-01-26T21:45:00+09:00,J1,803,845,1648
2020-01-26T21:45:00+09:00,J2,824,781,1605
2020-01-26T21:45:00+09:00,J3,486,465,951
2020-01-26T21:45:00+09:00,J4,736,869,1605
2020-01-26T21:45:00+09:00,J5,333,355,688
2020-01-26T22:00:00+09:00,J1,802,832,1634
2020-01-26T22:00:00+09:00,J2,742,689,1431
2020-01-26T22:00:00+09:00,J3,573,453,1026
2020-01-26T22:00:00+09:00,J4,837,921,1758
2020-01-26T22:00:00+09:00,J5,391,378,769
2020-01-26T22:15:00+09:00,J1,778,849,1627
2020-01-26T22:15:00+09:00,J2,611,675,1286
2020-01-26T22:15:00+09:00,J3,578,481,1059
2020-01-26T22:15:00+09:00,J4,846,878,1724
2020-01-26T22:15:00+09:00,J5,373,389,762
2020-01-26T22:30:00+09:00,J1,843,841,1684
2020-01-26T22:30:00+09:00,J2,660,688,1348
2020-01-26T22:30:00+09:00,J3,554,509,1063
2020-01-26T22:30:00+09:00,J4,812,829,1641
2020-01-26T22:30:00+09:00,J5,416,359,775
2020-01-26T22:45:00+09:00,J1,788,832,1620
2020-01-26T22:45:00+09:00,J2,597,671,1268
2020-01-26T22:45:00+09:00,J3,587,513,1100
2020-01-26T22:45:00+09:00,J4,799,821,1620
2020-01-26T22:45:00+09:00,J5,434,395,829
2020-01-26T23:00:00+09:00,J1,772,802,1574
2020-01-26T23:00:00+09:00,J2,590,687,1277
2020-01-26T23:00:00+09:00,J3,592,522,1114
2020-01-26T23:00:00+09:00,J4,743,748,1491
2020-01-26T23:00:00+09:00,J5,417,358,775
2020-01-26T23:15:00+09:00,J1,779,753,1532
2020-01-26T23:15:00+09:00,J2,616,719,1335
2020-01-26T23:15:00+09:00,J3,644,577,1221
2020-01-26T23:15:00+09:00,J4,784,786,1570
2020-01-26T23:15:00+09:00,J5,438,412,850
2020-01-26T23:30:00+09:00,J1,770,779,1549
2020-01-26T23:30:00+09:00,J2,629,683,1312
2020-01-26T23:30:00+09:00,J3,535,532,1067
2020-01-26T23:30:00+09:00,J4,683,715,1398
2020-01-26T23:30:00+09:00,J5,447,459,906
2020-01-26T23:45:00+09:00,J1,766,824,1590
2020-01-26T23:45:00+09:00,J2,610,595,1205
2020-01-26T23:45:00+09:00,J3,511,444,955
2020-01-26T23:45:00+09:00,J4,712,768,1480
2020-01-26T23:45:00+09:00,J5,457,464,921
2020-01-27T00:00:00+09:00,J1,710,668,1378
2020-01-27T00:00:00+09:00,J2,586,563,1149
2020-01-27T00:00:00+09:00,J3,577,502,1079
2020-01-27T00:00:00+09:00,J4,593,636,1229
2020-01-27T00:00:00+09:00,J5,532,542,1074
2020-01-27T00:15:00+09:00,J1,477,446,923
2020-01-27T00:15:00+09:00,J2,544,511,1055
2020-01-27T00:15:00+09:00,J3,540,480,1020
2020-01-27T00:15:00+09:00,J4,731,678,1409
2020-01-27T00:15:00+09:00,J5,513,491,1004
2020-01-27T00:30:00+09:00,J1,409,358,767
2020-01-27T00:30:00+09:00,J2,484,524,1008
2020-01-27T00:30:00+09:00,J3,526,516,1042
2020-01-27T00:30:00+09:00,J4,790,716,1506
2020-01-27T00:30:00+09:00,J5,491,507,998
2020-01-27T00:45:00+09:00,J1,447,418,865
2020-01-27T00:45:00+09:00,J2,480,467,947
2020-01-27T00:45:00+09:00,J3,504,481,985
2020-01-27T00:45:00+09:00,J4,744,755,1499
2020-01-27T00:45:00+09:00,J5,513,451,964
2020-01-27T05:45:00+09:00,J1,657,616,1273
2020-01-27T05:45:00+09:00,J2,557,487,1044
2020-01-27T05:45:00+09:00,J3,467,400,867
2020-01-27T05:45:00+09:00,J4,746,732,1478
2020-01-27T05:45:00+09:00,J5,474,443,917
2020-01-27T06:00:00+09:00,J1,605,621,1226
2020-01-27T06:00:00+09:00,J2,490,507,997
2020-01-27T06:00:00+09:00,J3,543,383,926
2020-01-27T06:00:00+09:00,J4,820,746,1566
2020-01-27T06:00:00+09:00,J5,451,420,871
2020-01-27T06:15:00+09:00,J1,695,664,1359
2020-01-27T06:15:00+09:00,J2,525,501,1026
2020-01-27T06:15:00+09:00,J3,601,373,974
2020-01-27T06:15:00+09:00,J4,887,779,1666
2020-01-27T06:15:00+09:00,J5,520,481,1001
2020-01-27T06:30:00+09:00,J1,612,586,1198
2020-01-27T06:30:00+09:00,J2,511,502,1013
2020-01-27T06:30:00+09:00,J3,558,412,970
2020-01-27T06:30:00+09:00,J4,784,798,1582
2020-01-27T06:30:00+09:00,J5,610,466,1076
2020-01-27T06:45:00+09:00,J1,639,664,1303
2020-01-27T06:45:00+09:00,J2,632,604,1236
2020-01-27T06:45:00+09:00,J3,602,456,1058
2020-01-27T06:45:00+09:00,J4,850,814,1664
2020-01-27T06:45:00+09:00,J5,584,522,1106
2020-01-27T07:00:00+09:00,J1,687,657,1344
2020-01-27T07:00:00+09:00,J2,768,726,1494
2020-01-27T07:00:00+09:00,J3,628,505,1133
2020-01-27T07:00:00+09:00,J4,796,843,1639
2020-01-27T07:00:00+09:00,J5,590,583,1173
2020-01-27T07:15:00+09:00,J1,771,706,1477
2020-01-27T07:15:00+09:00,J2,968,855,1823
2020-01-27T07:15:00+09:00,J3,708,520,1228
2020-01-27T07:15:00+09:00,J4,847,862,1709
2020-01-27T07:15:00+09:00,J5,599,615,1214
2020-01-27T07:30:00+09:00,J1,809,906,1715
2020-01-27T07:30:00+09:00,J2,782,672,1454
2020-01-27T07:30:00+09:00,J3,846,713,1559
2020-01-27T07:30:00+09:00,J4,776,942,1718
2020-01-27T07:30:00+09:00,J5,584,559,1143
2020-01-27T07:45:00+09:00,J1,877,884,1761
2020-01-27T07:45:00+09:00,J2,927,723,1650
2020-01-27T07:45:00+09:00,J3,918,760,1678
2020-01-27T07:45:00+09:00,J4,772,989,1761
2020-01-27T07:45:00+09:00,J5,703,608,1311
2020-01-27T08:00:00+09:00,J1,994,951,1945
2020-01-27T08:00:00+09:00,J2,1196,783,1979
2020-01-27T08:00:00+09:00,J3,1046,951,1997
2020-01-27T08:00:00+09:00,J4,729,992,1721
2020-01-27T08:00:00+09:00,J5,776,678,1454
2020-01-27T08:15:00+09:00,J1,935,944,1879
2020-01-27T08:15:00+09:00,J2,1241,766,2007
2020-01-27T08:15:00+09:00,J3,1089,864,1953
2020-01-27T08:15:00+09:00,J4,668,1076,1744
2020-01-27T08:15:00+09:00,J5,731,705,1436
2020-01-27T08:30:00+09:00,J1,991,976,1967
2020-01-27T08:30:00+09:00,J2,1229,843,2072
2020-01-27T08:30:00+09:00,J3,1035,851,1886
2020-01-27T08:30:00+09:00,J4,728,1032,1760
2020-01-27T08:30:00+09:00,J5,722,782,1504
2020-01-27T08:45:00+09:00,J1,947,944,1891
2020-01-27T08:45:00+09:00,J2,1143,642,1785
2020-01-27T08:45:00+09:00,J3,1034,861,1895
2020-01-27T08:45:00+09:00,J4,643,869,1512
2020-01-27T08:45:00+09:00,J5,707,701,1408
2020-01-27T09:00:00+09:00,J1,987,976,1963
2020-01-27T09:00:00+09:00,J2,855,556,1411
2020-01-27T09:00:00+09:00,J3,1028,747,1775
2020-01-27T09:00:00+09:00,J4,688,784,1472
2020-01-27T09:00:00+09:00,J5,678,635,1313
2020-01-27T09:15:00+09:00,J1,941,874,1815
2020-01-27T09:15:00+09:00,J2,798,640,1438
2020-01-27T09:15:00+09:00,J3,796,666,1462
2020-01-27T09:15:00+09:00,J4,636,793,1429
2020-01-27T09:15:00+09:00,J5,451,499,950
2020-01-27T09:30:00+09:00,J1,1012,942,1954
2020-01-27T09:30:00+09:00,J2,991,930,1921
2020-01-27T09:30:00+09:00,J3,675,702,1377
2020-01-27T09:30:00+09:00,J4,596,792,1388
2020-01-27T09:30:00+09:00,J5,473,443,916
2020-01-27T09:45:00+09:00,J1,978,946,1924
2020-01-27T09:45:00+09:00,J2,1108,944,2052
2020-01-27T09:45:00+09:00,J3,776,722,1498
2020-01-27T09:45:00+09:00,J4,645,682,1327
2020-01-27T09:45:00+09:00,J5,445,388,833
2020-01-27T10:00:00+09:00,J1,881,879,1760
2020-01-27T10:00:00+09:00,J2,933,917,1850
2020-01-27T10:00:00+09:00,J3,744,676,1420
2020-01-27T10:00:00+09:00,J4,678,718,1396
2020-01-27T10:00:00+09:00,J5,330,371,701
2020-01-27T10:15:00+09:00,J1,946,888,1834
2020-01-27T10:15:00+09:00,J2,810,893,1703
2020-01-27T10:15:00+09:00,J3,681,622,1303
2020-01-27T10:15:00+09:00,J4,678,709,1387
2020-01-27T10:15:00+09:00,J5,302,380,682
2020-01-27T10:30:00+09:00,J1,883,926,1809
2020-01-27T10:30:00+09:00,J2,827,800,1627
2020-01-27T10:30:00+09:00,J3,753,555,1308
2020-01-27T10:30:00+09:00,J4,687,761,1448
2020-01-27T10:30:00+09:00,J5,372,446,818
2020-01-27T10:45:00+09:00,J1,883,886,1769
2020-01-27T10:45:00+09:00,J2,896,747,1643
2020-01-27T10:45:00+09:00,J3,722,537,1259
2020-01-27T10:45:00+09:00,J4,807,832,1639
2020-01-27T10:45:00+09:00,J5,357,425,782
2020-01-27T11:00:00+09:00,J1,928,852,1780
2020-01-27T11:00:00+09:00,J2,825,663,1488
2020-01-27T11:00:00+09:00,J3,754,545,1299
2020-01-27T11:00:00+09:00,J4,822,855,1677
2020-01-27T11:00:00+09:00,J5,365,377,742
2020-01-27T11:15:00+09:00,J1,884,900,1784
2020-01-27T11:15:00+09:00,J2,726,607,1333
2020-01-27T11:15:00+09:00,J3,899,786,1685
2020-01-27T11:15:00+09:00,J4,746,815,1561
2020-01-27T11:15:00+09:00,J5,512,555,1067
2020-01-27T11:30:00+09:00,J1,849,923,1772
2020-01-27T11:30:00+09:00,J2,641,598,1239
2020-01-27T11:30:00+09:00,J3,881,669,1550
2020-01-27T11:30:00+09:00,J4,786,807,1593
2020-01-27T11:30:00+09:00,J5,594,591,1185
2020-01-27T11:45:00+09:00,J1,906,901,1807
2020-01-27T11:45:00+09:00,J2,604,524,1128
2020-01-27T11:45:00+09:00,J3,908,694,1602
2020-01-27T11:45:00+09:00,J4,617,760,1377
2020-01-27T11:45:00+09:00,J5,504,503,1007
2020-01-27T12:00:00+09:00,J1,939,889,1828
2020-01-27T12:00:00+09:00,J2,716,572,1288
2020-01-27T12:00:00+09:00,J3,917,648,1565
2020-01-27T12:00:00+09:00,J4,702,657,1359
2020-01-27T12:00:00+09:00,J5,525,493,1018
2020-01-27T12:15:00+09:00,J1,877,1003,1880
2020-01-27T12:15:00+09:00,J2,672,549,1221
2020-01-27T12:15:00+09:00,J3,936,803,1739
2020-01-27T12:15:00+09:00,J4,661,753,1414
2020-01-27T12:15:00+09:00,J5,537,471,1008
2020-01-27T12:30:00+09:00,J1,900,942,1842
2020-01-27T12:30:00+09:00,J2,717,732,1449
2020-01-27T12:30:00+09:00,J3,884,802,1686
2020-01-27T12:30:00+09:00,J4,724,781,1505
2020-01-27T12:30:00+09:00,J5,549,509,1058
2020-01-27T12:45:00+09:00,J1,894,981,1875
2020-01-27T12:45:00+09:00,J2,820,750,1570
2020-01-27T12:45:00+09:00,J3,910,666,1576
2020-01-27T12:45:00+09:00,J4,623,667,1290
2020-01-27T12:45:00+09:00,J5,545,465,1010
2020-01-27T13:00:00+09:00,J1,908,971,1879
2020-01-27T13:00:00+09:00,J2,874,868,1742
2020-01-27T13:00:00+09:00,J3,880,601,1481
2020-01-27T13:00:00+09:00,J4,624,656,1280
2020-01-27T13:00:00+09:00,J5,427,441,868
2020-01-27T13:15:00+09:00,J1,809,949,1758
2020-01-27T13:15:00+09:00,J2,730,791,1521
2020-01-27T13:15:00+09:00,J3,838,602,1440
2020-01-27T13:15:00+09:00,J4,557,740,1297
2020-01-27T13:15:00+09:00,J5,472,454,926
2020-01-27T13:30:00+09:00,J1,817,970,1787
2020-01-27T13:30:00+09:00,J2,779,809,1588
2020-01-27T13:30:00+09:00,J3,829,590,1419
2020-01-27T13:30:00+09:00,J4,558,689,1247
2020-01-27T13:30:00+09:00,J5,442,460,902
2020-01-27T13:45:00+09:00,J1,812,1035,1847
2020-01-27T13:45:00+09:00,J2,779,767,1546
2020-01-27T13:45:00+09:00,J3,807,569,1376
2020-01-27T13:45:00+09:00,J4,619,665,1284
2020-01-27T13:45:00+09:00,J5,445,459,904
2020-01-27T14:00:00+09:00,J1,820,965,1785
2020-01-27T14:00:00+09:00,J2,744,764,1508
2020-01-27T14:00:00+09:00,J3,784,543,1327
2020-01-27T14:00:00+09:00,J4,640,665,1305
2020-01-27T14:00:00+09:00,J5,457,446,903
2020-01-27T14:15:00+09:00,J1,870,890,1760
2020-01-27T14:15:00+09:00,J2,812,760,1572
2020-01-27T14:15:00+09:00,J3,816,520,1336
2020-01-27T14:15:00+09:00,J4,561,659,1220
2020-01-27T14:15:00+09:00,J5,483,450,933
2020-01-27T14:30:00+09:00,J1,812,937,1749
2020-01-27T14:30:00+09:00,J2,929,835,1764
2020-01-27T14:30:00+09:00,J3,899,679,1578
2020-01-27T14:30:00+09:00,J4,635,650,1285
2020-01-27T14:30:00+09:00,J5,542,478,1020
2020-01-27T14:45:00+09:00,J1,894,976,1870
2020-01-27T14:45:00+09:00,J2,815,789,1604
2020-01-27T14:45:00+09:00,J3,870,728,1598
2020-01-27T14:45:00+09:00,J4,600,645,1245
2020-01-27T14:45:00+09:00,J5,487,431,918
2020-01-27T15:00:00+09:00,J1,861,994,1855
2020-01-27T15:00:00+09:00,J2,817,755,1572
2020-01-27T15:00:00+09:00,J3,854,594,1448
2020-01-27T15:00:00+09:00,J4,558,629,1187
2020-01-27T15:00:00+09:00,J5,478,498,976
2020-01-27T15:15:00+09:00,J1,850,974,1824
2020-01-27T15:15:00+09:00,J2,822,738,1560
2020-01-27T15:15:00+09:00,J3,851,652,1503
2020-01-27T15:15:00+09:00,J4,675,702,1377
2020-01-27T15:15:00+09:00,J5,516,479,995
2020-01-27T15:30:00+09:00,J1,860,998,1858
2020-01-27T15:30:00+09:00,J2,868,789,1657
2020-01-27T15:30:00+09:00,J3,900,661,1561
2020-01-27T15:30:00+09:00,J4,843,868,1711
2020-01-27T15:30:00+09:00,J5,457,463,920
2020-01-27T15:45:00+09:00,J1,843,966,1809
2020-01-27T15:45:00+09:00,J2,776,724,1500
2020-01-27T15:45:00+09:00,J3,823,631,1454
2020-01-27T15:45:00+09:00,J4,707,763,1470
2020-01-27T15:45:00+09:00,J5,542,456,998
2020-01-27T16:00:00+09:00,J1,876,980,1856
2020-01-27T16:00:00+09:00,J2,740,723,1463
2020-01-27T16:00:00+09:00,J3,862,609,1471
2020-01-27T16:00:00+09:00,J4,677,735,1412
2020-01-27T16:00:00+09:00,J5,510,467,977
2020-01-27T16:15:00+09:00,J1,858,977,1835
2020-01-27T16:15:00+09:00,J2,763,744,1507
2020-01-27T16:15:00+09:00,J3,888,522,1410
2020-01-27T16:15:00+09:00,J4,714,678,1392
2020-01-27T16:15:00+09:00,J5,531,491,1022
2020-01-27T16:30:00+09:00,J1,835,942,1777
2020-01-27T16:30:00+09:00,J2,781,725,1506
2020-01-27T16:30:00+09:00,J3,881,590,1471
2020-01-27T16:30:00+09:00,J4,656,724,1380
2020-01-27T16:30:00+09:00,J5,622,574,1196
2020-01-27T16:45:00+09:00,J1,855,930,1785
2020-01-27T16:45:00+09:00,J2,755,697,1452
2020-01-27T16:45:00+09:00,J3,897,648,1545
2020-01-27T16:45:00+09:00,J4,582,703,1285
2020-01-27T16:45:00+09:00,J5,551,514,1065
2020-01-27T17:00:00+09:00,J1,869,1024,1893
2020-01-27T17:00:00+09:00,J2,889,869,1758
2020-01-27T17:00:00+09:00,J3,942,659,1601
2020-01-27T17:00:00+09:00,J4,871,968,1839
2020-01-27T17:00:00+09:00,J5,608,579,1187
2020-01-27T17:15:00+09:00,J1,980,992,1972
2020-01-27T17:15:00+09:00,J2,808,1016,1824
2020-01-27T17:15:00+09:00,J3,1008,728,1736
2020-01-27T17:15:00+09:00,J4,1004,929,1933
2020-01-27T17:15:00+09:00,J5,705,685,1390
2020-01-27T17:30:00+09:00,J1,1004,1049,2053
2020-01-27T17:30:00+09:00,J2,845,946,1791
2020-01-27T17:30:00+09:00,J3,1062,779,1841
2020-01-27T17:30:00+09:00,J4,1018,961,1979
2020-01-27T17:30:00+09:00,J5,726,724,1450
2020-01-27T17:45:00+09:00,J1,917,939,1856
2020-01-27T17:45:00+09:00,J2,801,1014,1815
2020-01-27T17:45:00+09:00,J3,1144,775,1919
2020-01-27T17:45:00+09:00,J4,1064,941,2005
2020-01-27T17:45:00+09:00,J5,719,798,1517
2020-01-27T18:00:00+09:00,J1,974,1008,1982
2020-01-27T18:00:00+09:00,J2,814,1020,1834
2020-01-27T18:00:00+09:00,J3,1086,809,1895
2020-01-27T18:00:00+09:00,J4,1202,921,2123
2020-01-27T18:00:00+09:00,J5,710,690,1400
2020-01-27T18:15:00+09:00,J1,1031,966,1997
2020-01-27T18:15:00+09:00,J2,783,996,1779
2020-01-27T18:15:00+09:00,J3,1058,655,1713
2020-01-27T18:15:00+09:00,J4,1010,837,1847
2020-01-27T18:15:00+09:00,J5,740,872,1612
2020-01-27T18:30:00+09:00,J1,995,952,1947
2020-01-27T18:30:00+09:00,J2,825,851,1676
2020-01-27T18:30:00+09:00,J3,944,596,1540
2020-01-27T18:30:00+09:00,J4,802,716,1518
2020-01-27T18:30:00+09:00,J5,612,758,1370
2020-01-27T18:45:00+09:00,J1,966,906,1872
2020-01-27T18:45:00+09:00,J2,835,841,1676
2020-01-27T18:45:00+09:00,J3,870,535,1405
2020-01-27T18:45:00+09:00,J4,730,808,1538
2020-01-27T18:45:00+09:00,J5,575,679,1254
2020-01-27T19:00:00+09:00,J1,859,979,1838
2020-01-27T19:00:00+09:00,J2,901,872,1773
2020-01-27T19:00:00+09:00,J3,828,557,1385
2020-01-27T19:00:00+09:00,J4,752,724,1476
2020-01-27T19:00:00+09:00,J5,499,631,1130
2020-01-27T19:15:00+09:00,J1,867,890,1757
2020-01-27T19:15:00+09:00,J2,849,826,1675
2020-01-27T19:15:00+09:00,J3,847,510,1357
2020-01-27T19:15:00+09:00,J4,840,810,1650
2020-01-27T19:15:00+09:00,J5,445,623,1068
2020-01-27T19:30:00+09:00,J1,862,944,1806
2020-01-27T19:30:00+09:00,J2,771,772,1543
2020-01-27T19:30:00+09:00,J3,802,579,1381
2020-01-27T19:30:00+09:00,J4,895,877,1772
2020-01-27T19:30:00+09:00,J5,355,485,840
2020-01-27T19:45:00+09:00,J1,831,875,1706
2020-01-27T19:45:00+09:00,J2,712,731,1443
2020-01-27T19:45:00+09:00,J3,752,582,1334
2020-01-27T19:45:00+09:00,J4,837,849,1686
2020-01-27T19:45:00+09:00,J5,358,496,854
2020-01-27T20:00:00+09:00,J1,834,923,1757
2020-01-27T20:00:00+09:00,J2,744,772,1516
2020-01-27T20:00:00+09:00,J3,772,543,1315
2020-01-27T20:00:00+09:00,J4,733,794,1527
2020-01-27T20:00:00+09:00,J5,352,477,829
2020-01-27T20:15:00+09:00,J1,829,872,1701
2020-01-27T20:15:00+09:00,J2,709,612,1321
2020-01-27T20:15:00+09:00,J3,818,534,1352
2020-01-27T20:15:00+09:00,J4,679,761,1440
2020-01-27T20:15:00+09:00,J5,366,534,900
2020-01-27T20:30:00+09:00,J1,856,915,1771
2020-01-27T20:30:00+09:00,J2,711,560,1271
2020-01-27T20:30:00+09:00,J3,760,537,1297
2020-01-27T20:30:00+09:00,J4,678,735,1413
2020-01-27T20:30:00+09:00,J5,345,436,781
2020-01-27T20:45:00+09:00,J1,841,875,1716
2020-01-27T20:45:00+09:00,J2,682,587,1269
2020-01-27T20:45:00+09:00,J3,725,520,1245
2020-01-27T20:45:00+09:00,J4,674,691,1365
2020-01-27T20:45:00+09:00,J5,350,405,755
2020-01-27T21:00:00+09:00,J1,768,882,1650
2020-01-27T21:00:00+09:00,J2,722,762,1484
2020-01-27T21:00:00+09:00,J3,633,467,1100
2020-01-27T21:00:00+09:00,J4,743,746,1489
2020-01-27T21:00:00+09:00,J5,301,421,722
2020-01-27T21:15:00+09:00,J1,824,863,1687
2020-01-27T21:15:00+09:00,J2,880,860,1740
2020-01-27T21:15:00+09:00,J3,588,469,1057
2020-01-27T21:15:00+09:00,J4,710,826,1536
2020-01-27T21:15:00+09:00,J5,330,348,678
2020-01-27T21:30:00+09:00,J1,813,919,1732
2020-01-27T21:30:00+09:00,J2,821,818,1639
2020-01-27T21:30:00+09:00,J3,551,420,971
2020-01-27T21:30:00+09:00,J4,732,836,1568
2020-01-27T21:30:00+09:00,J5,359,338,697
2020-01-27T21:45:00+09:00,J1,799,811,1610
2020-01-27T21:45:00+09:00,J2,762,868,1630
2020-01-27T21:45:00+09:00,J3,583,420,1003
2020-01-27T21:45:00+09:00,J4,777,819,1596
2020-01-27T21:45:00+09:00,J5,365,343,708
2020-01-27T22:00:00+09:00,J1,775,890,1665
2020-01-27T22:00:00+09:00,J2,794,838,1632
2020-01-27T22:00:00+09:00,J3,624,514,1138
2020-01-27T22:00:00+09:00,J4,720,773,1493
2020-01-27T22:00:00+09:00,J5,373,339,712
2020-01-27T22:15:00+09:00,J1,758,870,1628
2020-01-27T22:15:00+09:00,J2,677,779,1456
2020-01-27T22:15:00+09:00,J3,621,542,1163
2020-01-27T22:15:00+09:00,J4,704,788,1492
2020-01-27T22:15:00+09:00,J5,370,308,678
2020-01-27T22:30:00+09:00,J1,772,914,1686
2020-01-27T22:30:00+09:00,J2,733,771,1504
2020-01-27T22:30:00+09:00,J3,646,595,1241
2020-01-27T22:30:00+09:00,J4,722,765,1487
2020-01-27T22:30:00+09:00,J5,389,313,702
2020-01-27T22:45:00+09:00,J1,820,840,1660
2020-01-27T22:45:00+09:00,J2,678,773,1451
2020-01-27T22:45:00+09:00,J3,642,574,1216
2020-01-27T22:45:00+09:00,J4,696,772,1468
2020-01-27T22:45:00+09:00,J5,442,468,910
2020-01-27T23:00:00+09:00,J1,740,835,1575
2020-01-27T23:00:00+09:00,J2,667,722,1389
2020-01-27T23:00:00+09:00,J3,685,595,1280
2020-01-27T23:00:00+09:00,J4,726,782,1508
2020-01-27T23:00:00+09:00,J5,447,477,924
2020-01-27T23:15:00+09:00,J1,740,842,1582
2020-01-27T23:15:00+09:00,J2,688,700,1388
2020-01-27T23:15:00+09:00,J3,626,613,1239
2020-01-27T23:15:00+09:00,J4,612,783,1395
2020-01-27T23:15:00+09:00,J5,464,505,969
2020-01-27T23:30:00+09:00,J1,763,729,1492
2020-01-27T23:30:00+09:00,J2,667,774,1441
2020-01-27T23:30:00+09:00,J3,690,565,1255
2020-01-27T23:30:00+09:00,J4,677,761,1438
2020-01-27T23:30:00+09:00,J5,533,468,1001
2020-01-27T23:45:00+09:00,J1,707,821,1528
2020-01-27T23:45:00+09:00,J2,731,692,1423
2020-01-27T23:45:00+09:00,J3,697,576,1273
2020-01-27T23:45:00+09:00,J4,608,744,1352
2020-01-27T23:45:00+09:00,J5,517,571,1088
2020-01-28T00:00:00+09:00,J1,670,748,1418
2020-01-28T00:00:00+09:00,J2,674,610,1284
2020-01-28T00:00:00+09:00,J3,663,542,1205
2020-01-28T00:00:00+09:00,J4,552,643,1195
2020-01-28T00:00:00+09:00,J5,535,540,1075
2020-01-28T00:15:00+09:00,J1,410,429,839
2020-01-28T00:15:00+09:00,J2,650,650,1300
2020-01-28T00:15:00+09:00,J3,604,460,1064
2020-01-28T00:15:00+09:00,J4,620,610,1230
2020-01-28T00:15:00+09:00,J5,453,446,899
2020-01-28T00:30:00+09:00,J1,431,451,882
2020-01-28T00:30:00+09:00,J2,760,653,1413
2020-01-28T00:30:00+09:00,J3,549,455,1004
2020-01-28T00:30:00+09:00,J4,769,640,1409
2020-01-28T00:30:00+09:00,J5,473,395,868
2020-01-28T00:45:00+09:00,J1,459,510,969
2020-01-28T00:45:00+09:00,J2,691,627,1318
2020-01-28T00:45:00+09:00,J3,563,426,989
2020-01-28T00:45:00+09:00,J4,698,726,1424
2020-01-28T00:45:00+09:00,J5,414,418,832
2020-01-28T05:45:00+09:00,J1,647,694,1341
2020-01-28T05:45:00+09:00,J2,539,519,1058
2020-01-28T05:45:00+09:00,J3,370,331,701
2020-01-28T05:45:00+09:00,J4,880,952,1832
2020-01-28T05:45:00+09:00,J5,574,555,1129
2020-01-28T06:00:00+09:00,J1,547,598,1145
2020-01-28T06:00:00+09:00,J2,590,489,1079
2020-01-28T06:00:00+09:00,J3,392,309,701
2020-01-28T06:00:00+09:00,J4,877,926,1803
2020-01-28T06:00:00+09:00,J5,570,559,1129
2020-01-28T06:15:00+09:00,J1,618,648,1266
2020-01-28T06:15:00+09:00,J2,601,512,1113
2020-01-28T06:15:00+09:00,J3,411,338,749
2020-01-28T06:15:00+09:00,J4,828,801,1629
2020-01-28T06:15:00+09:00,J5,562,590,1152
2020-01-28T06:30:00+09:00,J1,720,761,1481
2020-01-28T06:30:00+09:00,J2,600,501,1101
2020-01-28T06:30:00+09:00,J3,416,402,818
2020-01-28T06:30:00+09:00,J4,843,869,1712
2020-01-28T06:30:00+09:00,J5,606,509,1115
2020-01-28T06:45:00+09:00,J1,680,709,1389
2020-01-28T06:45:00+09:00,J2,671,491,1162
2020-01-28T06:45:00+09:00,J3,504,357,861
2020-01-28T06:45:00+09:00,J4,895,909,1804
2020-01-28T06:45:00+09:00,J5,592,541,1133
2020-01-28T07:00:00+09:00,J1,774,836,1610
2020-01-28T07:00:00+09:00,J2,732,707,1439
2020-01-28T07:00:00+09:00,J3,490,419,909
2020-01-28T07:00:00+09:00,J4,1049,943,1992
2020-01-28T07:00:00+09:00,J5,626,646,1272
2020-01-28T07:15:00+09:00,J1,845,870,1715
2020-01-28T07:15:00+09:00,J2,844,781,1625
2020-01-28T07:15:00+09:00,J3,554,445,999
2020-01-28T07:15:00+09:00,J4,973,1015,1988
2020-01-28T07:15:00+09:00,J5,630,604,1234
2020-01-28T07:30:00+09:00,J1,795,915,1710
2020-01-28T07:30:00+09:00,J2,752,660,1412
2020-01-28T07:30:00+09:00,J3,895,678,1573
2020-01-28T07:30:00+09:00,J4,984,1061,2045
2020-01-28T07:30:00+09:00,J5,588,598,1186
2020-01-28T07:45:00+09:00,J1,828,910,1738
2020-01-28T07:45:00+09:00,J2,870,805,1675
2020-01-28T07:45:00+09:00,J3,932,781,1713
2020-01-28T07:45:00+09:00,J4,960,1171,2131
2020-01-28T07:45:00+09:00,J5,581,614,1195
2020-01-28T08:00:00+09:00,J1,875,887,1762
2020-01-28T08:00:00+09:00,J2,1110,770,1880
2020-01-28T08:00:00+09:00,J3,1068,850,1918
2020-01-28T08:00:00+09:00,J4,1044,1196,2240
2020-01-28T08:00:00+09:00,J5,686,665,1351
2020-01-28T08:15:00+09:00,J1,969,966,1935
2020-01-28T08:15:00+09:00,J2,1262,922,2184
2020-01-28T08:15:00+09:00,J3,1083,891,1974
2020-01-28T08:15:00+09:00,J4,873,1193,2066
2020-01-28T08:15:00+09:00,J5,696,653,1349
2020-01-28T08:30:00+09:00,J1,1026,979,2005
2020-01-28T08:30:00+09:00,J2,1225,894,2119
2020-01-28T08:30:00+09:00,J3,1061,938,1999
2020-01-28T08:30:00+09:00,J4,957,1088,2045
2020-01-28T08:30:00+09:00,J5,631,738,1369
2020-01-28T08:45:00+09:00,J1,854,925,1779
2020-01-28T08:45:00+09:00,J2,1106,872,1978
2020-01-28T08:45:00+09:00,J3,999,851,1850
2020-01-28T08:45:00+09:00,J4,985,1137,2122
2020-01-28T08:45:00+09:00,J5,621,563,1184
2020-01-28T09:00:00+09:00,J1,985,926,1911
2020-01-28T09:00:00+09:00,J2,953,787,1740
2020-01-28T09:00:00+09:00,J3,942,841,1783
2020-01-28T09:00:00+09:00,J4,981,1016,1997
2020-01-28T09:00:00+09:00,J5,575,528,1103
2020-01-28T09:15:00+09:00,J1,904,881,1785
2020-01-28T09:15:00+09:00,J2,881,759,1640
2020-01-28T09:15:00+09:00,J3,655,571,1226
2020-01-28T09:15:00+09:00,J4,920,995,1915
2020-01-28T09:15:00+09:00,J5,519,523,1042
2020-01-28T09:30:00+09:00,J1,959,945,1904
2020-01-28T09:30:00+09:00,J2,930,710,1640
2020-01-28T09:30:00+09:00,J3,678,597,1275
2020-01-28T09:30:00+09:00,J4,891,931,1822
2020-01-28T09:30:00+09:00,J5,488,481,969
2020-01-28T09:45:00+09:00,J1,963,873,1836
2020-01-28T09:45:00+09:00,J2,832,770,1602
2020-01-28T09:45:00+09:00,J3,657,555,1212
2020-01-28T09:45:00+09:00,J4,866,927,1793
2020-01-28T09:45:00+09:00,J5,488,409,897
2020-01-28T10:00:00+09:00,J1,942,958,1900
2020-01-28T10:00:00+09:00,J2,671,762,1433
2020-01-28T10:00:00+09:00,J3,549,504,1053
2020-01-28T10:00:00+09:00,J4,823,828,1651
2020-01-28T10:00:00+09:00,J5,435,426,861
2020-01-28T10:15:00+09:00,J1,953,935,1888
2020-01-28T10:15:00+09:00,J2,735,680,1415
2020-01-28T10:15:00+09:00,J3,586,490,1076
2020-01-28T10:15:00+09:00,J4,683,731,1414
2020-01-28T10:15:00+09:00,J5,388,404,792
2020-01-28T10:30:00+09:00,J1,956,896,1852
2020-01-28T10:30:00+09:00,J2,677,636,1313
2020-01-28T10:30:00+09:00,J3,606,460,1066
2020-01-28T10:30:00+09:00,J4,625,758,1383
2020-01-28T10:30:00+09:00,J5,400,458,858
2020-01-28T10:45:00+09:00,J1,965,847,1812
2020-01-28T10:45:00+09:00,J2,655,654,1309
2020-01-28T10:45:00+09:00,J3,692,607,1299
2020-01-28T10:45:00+09:00,J4,626,664,1290
2020-01-28T10:45:00+09:00,J5,333,461,794
2020-01-28T11:00:00+09:00,J1,953,905,1858
2020-01-28T11:00:00+09:00,J2,657,712,1369
2020-01-28T11:00:00+09:00,J3,652,495,1147
2020-01-28T11:00:00+09:00,J4,653,705,1358
2020-01-28T11:00:00+09:00,J5,372,399,771
2020-01-28T11:15:00+09:00,J1,926,941,1867
2020-01-28T11:15:00+09:00,J2,632,699,1331
2020-01-28T11:15:00+09:00,J3,862,638,1500
2020-01-28T11:15:00+09:00,J4,599,696,1295
2020-01-28T11:15:00+09:00,J5,594,564,1158
2020-01-28T11:30:00+09:00,J1,967,1036,2003
2020-01-28T11:30:00+09:00,J2,722,719,1441
2020-01-28T11:30:00+09:00,J3,927,599,1526
2020-01-28T11:30:00+09:00,J4,607,688,1295
2020-01-28T11:30:00+09:00,J5,484,478,962
2020-01-28T11:45:00+09:00,J1,894,1003,1897
2020-01-28T11:45:00+09:00,J2,738,645,1383
2020-01-28T11:45:00+09:00,J3,881,717,1598
2020-01-28T11:45:00+09:00,J4,645,670,1315
2020-01-28T11:45:00+09:00,J5,505,444,949
2020-01-28T12:00:00+09:00,J1,893,913,1806
2020-01-28T12:00:00+09:00,J2,710,655,1365
2020-01-28T12:00:00+09:00,J3,905,783,1688
2020-01-28T12:00:00+09:00,J4,658,702,1360
2020-01-28T12:00:00+09:00,J5,526,501,1027
2020-01-28T12:15:00+09:00,J1,894,938,1832
2020-01-28T12:15:00+09:00,J2,859,679,1538
2020-01-28T12:15:00+09:00,J3,991,831,1822
2020-01-28T12:15:00+09:00,J4,655,671,1326
2020-01-28T12:15:00+09:00,J5,552,476,1028
2020-01-28T12:30:00+09:00,J1,906,929,1835
2020-01-28T12:30:00+09:00,J2,974,821,1795
2020-01-28T12:30:00+09:00,J3,933,750,1683
2020-01-28T12:30:00+09:00,J4,664,700,1364
2020-01-28T12:30:00+09:00,J5,623,530,1153
2020-01-28T12:45:00+09:00,J1,838,995,1833
2020-01-28T12:45:00+09:00,J2,973,770,1743
2020-01-28T12:45:00+09:00,J3,755,691,1446
2020-01-28T12:45:00+09:00,J4,560,693,1253
2020-01-28T12:45:00+09:00,J5,576,548,1124
2020-01-28T13:00:00+09:00,J1,836,866,1702
2020-01-28T13:00:00+09:00,J2,908,824,1732
2020-01-28T13:00:00+09:00,J3,623,564,1187
2020-01-28T13:00:00+09:00,J4,672,651,1323
2020-01-28T13:00:00+09:00,J5,502,451,953
2020-01-28T13:15:00+09:00,J1,828,965,1793
2020-01-28T13:15:00+09:00,J2,861,835,1696
2020-01-28T13:15:00+09:00,J3,703,523,1226
2020-01-28T13:15:00+09:00,J4,639,724,1363
2020-01-28T13:15:00+09:00,J5,481,462,943
2020-01-28T13:30:00+09:00,J1,855,961,1816
2020-01-28T13:30:00+09:00,J2,839,776,1615
2020-01-28T13:30:00+09:00,J3,675,585,1260
2020-01-28T13:30:00+09:00,J4,647,704,1351
2020-01-28T13:30:00+09:00,J5,551,498,1049
2020-01-28T13:45:00+09:00,J1,820,946,1766
2020-01-28T13:45:00+09:00,J2,804,686,1490
2020-01-28T13:45:00+09:00,J3,697,654,1351
2020-01-28T13:45:00+09:00,J4,654,748,1402
2020-01-28T13:45:00+09:00,J5,522,481,1003
2020-01-28T14:00:00+09:00,J1,857,958,1815
2020-01-28T14:00:00+09:00,J2,773,662,1435
2020-01-28T14:00:00+09:00,J3,827,719,1546
2020-01-28T14:00:00+09:00,J4,710,745,1455
2020-01-28T14:00:00+09:00,J5,484,384,868
2020-01-28T14:15:00+09:00,J1,842,932,1774
2020-01-28T14:15:00+09:00,J2,795,781,1576
2020-01-28T14:15:00+09:00,J3,766,656,1422
2020-01-28T14:15:00+09:00,J4,724,797,1521
2020-01-28T14:15:00+09:00,J5,515,417,932
2020-01-28T14:30:00+09:00,J1,812,960,1772
2020-01-28T14:30:00+09:00,J2,751,716,1467
2020-01-28T14:30:00+09:00,J3,722,656,1378
2020-01-28T14:30:00+09:00,J4,815,813,1628
2020-01-28T14:30:00+09:00,J5,571,483,1054
2020-01-28T14:45:00+09:00,J1,835,895,1730
2020-01-28T14:45:00+09:00,J2,692,669,1361
2020-01-28T14:45:00+09:00,J3,774,721,1495
2020-01-28T14:45:00+09:00,J4,798,766,1564
2020-01-28T14:45:00+09:00,J5,525,458,983
2020-01-28T15:00:00+09:00,J1,785,892,1677
2020-01-28T15:00:00+09:00,J2,695,746,1441
2020-01-28T15:00:00+09:00,J3,815,788,1603
2020-01-28T15:00:00+09:00,J4,801,776,1577
2020-01-28T15:00:00+09:00,J5,517,434,951
2020-01-28T15:15:00+09:00,J1,836,926,1762
2020-01-28T15:15:00+09:00,J2,773,660,1433
2020-01-28T15:15:00+09:00,J3,779,775,1554
2020-01-28T15:15:00+09:00,J4,888,907,1795
2020-01-28T15:15:00+09:00,J5,487,363,850
2020-01-28T15:30:00+09:00,J1,874,895,1769
2020-01-28T15:30:00+09:00,J2,802,706,1508
2020-01-28T15:30:00+09:00,J3,762,705,1467
2020-01-28T15:30:00+09:00,J4,870,859,1729
2020-01-28T15:30:00+09:00,J5,529,400,929
2020-01-28T15:45:00+09:00,J1,797,929,1726
2020-01-28T15:45:00+09:00,J2,738,625,1363
2020-01-28T15:45:00+09:00,J3,829,695,1524
2020-01-28T15:45:00+09:00,J4,874,835,1709
2020-01-28T15:45:00+09:00,J5,499,421,920
2020-01-28T16:00:00+09:00,J1,844,902,1746
2020-01-28T16:00:00+09:00,J2,691,633,1324
2020-01-28T16:00:00+09:00,J3,813,786,1599
2020-01-28T16:00:00+09:00,J4,812,896,1708
2020-01-28T16:00:00+09:00,J5,513,445,958
2020-01-28T16:15:00+09:00,J1,809,935,1744
2020-01-28T16:15:00+09:00,J2,885,744,1629
2020-01-28T16:15:00+09:00,J3,758,699,1457
2020-01-28T16:15:00+09:00,J4,939,906,1845
2020-01-28T16:15:00+09:00,J5,498,416,914
2020-01-28T16:30:00+09:00,J1,819,904,1723
2020-01-28T16:30:00+09:00,J2,911,862,1773
2020-01-28T16:30:00+09:00,J3,927,766,1693
2020-01-28T16:30:00+09:00,J4,885,881,1766
2020-01-28T16:30:00+09:00,J5,574,549,1123
2020-01-28T16:45:00+09:00,J1,842,817,1659
2020-01-28T16:45:00+09:00,J2,994,904,1898
2020-01-28T16:45:00+09:00,J3,936,762,1698
2020-01-28T16:45:00+09:00,J4,970,898,1868
2020-01-28T16:45:00+09:00,J5,569,483,1052
2020-01-28T17:00:00+09:00,J1,863,887,1750
2020-01-28T17:00:00+09:00,J2,963,904,1867
2020-01-28T17:00:00+09:00,J3,870,731,1601
2020-01-28T17:00:00+09:00,J4,959,972,1931
2020-01-28T17:00:00+09:00,J5,554,465,1019
2020-01-28T17:15:00+09:00,J1,966,948,1914
2020-01-28T17:15:00+09:00,J2,1067,1027,2094
2020-01-28T17:15:00+09:00,J3,947,732,1679
2020-01-28T17:15:00+09:00,J4,1023,904,1927
2020-01-28T17:15:00+09:00,J5,721,602,1323
2020-01-28T17:30:00+09:00,J1,960,951,1911
2020-01-28T17:30:00+09:00,J2,1079,1043,2122
2020-01-28T17:30:00+09:00,J3,1035,697,1732
2020-01-28T17:30:00+09:00,J4,1068,954,2022
2020-01-28T17:30:00+09:00,J5,717,717,1434
2020-01-28T17:45:00+09:00,J1,966,926,1892
2020-01-28T17:45:00+09:00,J2,1106,944,2050
2020-01-28T17:45:00+09:00,J3,969,714,1683
2020-01-28T17:45:00+09:00,J4,1099,1007,2106
2020-01-28T17:45:00+09:00,J5,743,855,1598
2020-01-28T18:00:00+09:00,J1,940,1012,1952
2020-01-28T18:00:00+09:00,J2,976,819,1795
2020-01-28T18:00:00+09:00,J3,1034,620,1654
2020-01-28T18:00:00+09:00,J4,1137,898,2035
2020-01-28T18:00:00+09:00,J5,811,839,1650
2020-01-28T18:15:00+09:00,J1,977,953,1930
2020-01-28T18:15:00+09:00,J2,1053,821,1874
2020-01-28T18:15:00+09:00,J3,1152,824,1976
2020-01-28T18:15:00+09:00,J4,1110,929,2039
2020-01-28T18:15:00+09:00,J5,767,919,1686
2020-01-28T18:30:00+09:00,J1,936,963,1899
2020-01-28T18:30:00+09:00,J2,1167,872,2039
2020-01-28T18:30:00+09:00,J3,1004,667,1671
2020-01-28T18:30:00+09:00,J4,823,722,1545
2020-01-28T18:30:00+09:00,J5,582,847,1429
2020-01-28T18:45:00+09:00,J1,982,930,1912
2020-01-28T18:45:00+09:00,J2,910,901,1811
2020-01-28T18:45:00+09:00,J3,848,581,1429
2020-01-28T18:45:00+09:00,J4,850,695,1545
2020-01-28T18:45:00+09:00,J5,578,711,1289
2020-01-28T19:00:00+09:00,J1,897,854,1751
2020-01-28T19:00:00+09:00,J2,904,768,1672
2020-01-28T19:00:00+09:00,J3,802,680,1482
2020-01-28T19:00:00+09:00,J4,789,715,1504
2020-01-28T19:00:00+09:00,J5,502,622,1124
2020-01-28T19:15:00+09:00,J1,835,953,1788
2020-01-28T19:15:00+09:00,J2,907,758,1665
2020-01-28T19:15:00+09:00,J3,876,754,1630
2020-01-28T19:15:00+09:00,J4,728,738,1466
2020-01-28T19:15:00+09:00,J5,457,637,1094
2020-01-28T19:30:00+09:00,J1,808,862,1670
2020-01-28T19:30:00+09:00,J2,778,624,1402
2020-01-28T19:30:00+09:00,J3,791,645,1436
2020-01-28T19:30:00+09:00,J4,741,731,1472
2020-01-28T19:30:00+09:00,J5,443,568,1011
2020-01-28T19:45:00+09:00,J1,883,861,1744
2020-01-28T19:45:00+09:00,J2,627,602,1229
2020-01-28T19:45:00+09:00,J3,738,632,1370
2020-01-28T19:45:00+09:00,J4,741,644,1385
2020-01-28T19:45:00+09:00,J5,467,579,1046
2020-01-28T20:00:00+09:00,J1,874,831,1705
2020-01-28T20:00:00+09:00,J2,582,525,1107
2020-01-28T20:00:00+09:00,J3,717,549,1266
2020-01-28T20:00:00+09:00,J4,731,767,1498
2020-01-28T20:00:00+09:00,J5,457,538,995
2020-01-28T20:15:00+09:00,J1,829,873,1702
2020-01-28T20:15:00+09:00,J2,700,547,1247
2020-01-28T20:15:00+09:00,J3,840,585,1425
2020-01-28T20:15:00+09:00,J4,844,863,1707
2020-01-28T20:15:00+09:00,J5,470,576,1046
2020-01-28T20:30:00+09:00,J1,819,869,1688
2020-01-28T20:30:00+09:00,J2,598,541,1139
2020-01-28T20:30:00+09:00,J3,811,638,1449
2020-01-28T20:30:00+09:00,J4,811,746,1557
2020-01-28T20:30:00+09:00,J5,483,561,1044
2020-01-28T20:45:00+09:00,J1,833,899,1732
2020-01-28T20:45:00+09:00,J2,656,545,1201
2020-01-28T20:45:00+09:00,J3,771,580,1351
2020-01-28T20:45:00+09:00,J4,707,680,1387
2020-01-28T20:45:00+09:00,J5,354,409,763
2020-01-28T21:00:00+09:00,J1,827,821,1648
2020-01-28T21:00:00+09:00,J2,749,692,1441
2020-01-28T21:00:00+09:00,J3,793,512,1305
2020-01-28T21:00:00+09:00,J4,639,642,1281
2020-01-28T21:00:00+09:00,J5,315,369,684
2020-01-28T21:15:00+09:00,J1,835,831,1666
2020-01-28T21:15:00+09:00,J2,632,686,1318
2020-01-28T21:15:00+09:00,J3,669,492,1161
2020-01-28T21:15:00+09:00,J4,606,657,1263
2020-01-28T21:15:00+09:00,J5,282,390,672
2020-01-28T21:30:00+09:00,J1,807,861,1668
2020-01-28T21:30:00+09:00,J2,645,607,1252
2020-01-28T21:30:00+09:00,J3,625,487,1112
2020-01-28T21:30:00+09:00,J4,619,708,1327
2020-01-28T21:30:00+09:00,J5,264,338,602
2020-01-28T21:45:00+09:00,J1,760,902,1662
2020-01-28T21:45:00+09:00,J2,690,649,1339
2020-01-28T21:45:00+09:00,J3,633,476,1109
2020-01-28T21:45:00+09:00,J4,624,680,1304
2020-01-28T21:45:00+09:00,J5,266,342,608
2020-01-28T22:00:00+09:00,J1,812,838,1650
2020-01-28T22:00:00+09:00,J2,666,683,1349
2020-01-28T22:00:00+09:00,J3,610,468,1078
2020-01-28T22:00:00+09:00,J4,669,697,1366
2020-01-28T22:00:00+09:00,J5,311,297,608
2020-01-28T22:15:00+09:00,J1,757,853,1610
2020-01-28T22:15:00+09:00,J2,612,665,1277
2020-01-28T22:15:00+09:00,J3,591,501,1092
2020-01-28T22:15:00+09:00,J4,637,695,1332
2020-01-28T22:15:00+09:00,J5,347,298,645
2020-01-28T22:30:00+09:00,J1,788,835,1623
2020-01-28T22:30:00+09:00,J2,723,719,1442
2020-01-28T22:30:00+09:00,J3,662,544,1206
2020-01-28T22:30:00+09:00,J4,536,612,1148
2020-01-28T22:30:00+09:00,J5,361,279,640
2020-01-28T22:45:00+09:00,J1,731,870,1601
2020-01-28T22:45:00+09:00,J2,610,606,1216
2020-01-28T22:45:00+09:00,J3,717,600,1317
2020-01-28T22:45:00+09:00,J4,579,713,1292
2020-01-28T22:45:00+09:00,J5,461,416,877
2020-01-28T23:00:00+09:00,J1,773,815,1588
2020-01-28T23:00:00+09:00,J2,683,709,1392
2020-01-28T23:00:00+09:00,J3,741,609,1350
2020-01-28T23:00:00+09:00,J4,601,719,1320
2020-01-28T23:00:00+09:00,J5,365,360,725
2020-01-28T23:15:00+09:00,J1,795,839,1634
2020-01-28T23:15:00+09:00,J2,819,687,1506
2020-01-28T23:15:00+09:00,J3,657,587,1244
2020-01-28T23:15:00+09:00,J4,553,667,1220
2020-01-28T23:15:00+09:00,J5,394,377,771
2020-01-28T23:30:00+09:00,J1,746,751,1497
2020-01-28T23:30:00+09:00,J2,818,703,1521
2020-01-28T23:30:00+09:00,J3,684,571,1255
2020-01-28T23:30:00+09:00,J4,543,630,1173
2020-01-28T23:30:00+09:00,J5,444,381,825
2020-01-28T23:45:00+09:00,J1,637,693,1330
2020-01-28T23:45:00+09:00,J2,676,623,1299
2020-01-28T23:45:00+09:00,J3,608,543,1151
2020-01-28T23:45:00+09:00,J4,479,553,1032
2020-01-28T23:45:00+09:00,J5,410,394,804
2020-01-29T00:00:00+09:00,J1,629,647,1276
2020-01-29T00:00:00+09:00,J2,544,594,1138
2020-01-29T00:00:00+09:00,J3,560,532,1092
2020-01-29T00:00:00+09:00,J4,462,486,948
2020-01-29T00:00:00+09:00,J5,559,563,1122
2020-01-29T00:15:00+09:00,J1,603,570,1173
2020-01-29T00:15:00+09:00,J2,584,503,1087
2020-01-29T00:15:00+09:00,J3,639,528,1167
2020-01-29T00:15:00+09:00,J4,418,457,875
2020-01-29T00:15:00+09:00,J5,540,509,1049
2020-01-29T00:30:00+09:00,J1,465,465,930
2020-01-29T00:30:00+09:00,J2,796,649,1445
2020-01-29T00:30:00+09:00,J3,654,473,1127
2020-01-29T00:30:00+09:00,J4,339,380,719
2020-01-29T00:30:00+09:00,J5,465,469,934
2020-01-29T00:45:00+09:00,J1,571,539,1110
2020-01-29T00:45:00+09:00,J2,711,629,1340
2020-01-29T00:45:00+09:00,J3,669,474,1143
2020-01-29T00:45:00+09:00,J4,369,381,750
2020-01-29T00:45:00+09:00,J5,489,470,959
2020-01-29T05:45:00+09:00,J1,657,666,1323
2020-01-29T05:45:00+09:00,J2,504,544,1048
2020-01-29T05:45:00+09:00,J3,592,537,1129
2020-01-29T05:45:00+09:00,J4,879,814,1693
2020-01-29T05:45:00+09:00,J5,429,440,869
2020-01-29T06:00:00+09:00,J1,649,660,1309
2020-01-29T06:00:00+09:00,J2,500,572,1072
2020-01-29T06:00:00+09:00,J3,627,537,1164
2020-01-29T06:00:00+09:00,J4,823,816,1639
2020-01-29T06:00:00+09:00,J5,416,442,858
2020-01-29T06:15:00+09:00,J1,665,697,1362
2020-01-29T06:15:00+09:00,J2,580,612,1192
2020-01-29T06:15:00+09:00,J3,645,509,1154
2020-01-29T06:15:00+09:00,J4,842,802,1644
2020-01-29T06:15:00+09:00,J5,505,472,977
2020-01-29T06:30:00+09:00,J1,669,689,1358
2020-01-29T06:30:00+09:00,J2,545,612,1157
2020-01-29T06:30:00+09:00,J3,600,534,1134
2020-01-29T06:30:00+09:00,J4,811,772,1583
2020-01-29T06:30:00+09:00,J5,492,500,992
2020-01-29T06:45:00+09:00,J1,693,653,1346
2020-01-29T06:45:00+09:00,J2,568,641,1209
2020-01-29T06:45:00+09:00,J3,734,539,1273
2020-01-29T06:45:00+09:00,J4,889,865,1754
2020-01-29T06:45:00+09:00,J5,559,542,1101
2020-01-29T07:00:00+09:00,J1,720,737,1457
2020-01-29T07:00:00+09:00,J2,635,627,1262
2020-01-29T07:00:00+09:00,J3,727,521,1248
2020-01-29T07:00:00+09:00,J4,793,772,1565
2020-01-29T07:00:00+09:00,J5,614,605,1219
2020-01-29T07:15:00+09:00,J1,649,768,1417
2020-01-29T07:15:00+09:00,J2,739,703,1442
2020-01-29T07:15:00+09:00,J3,778,624,1402
2020-01-29T07:15:00+09:00,J4,819,777,1596
2020-01-29T07:15:00+09:00,J5,669,640,1309
2020-01-29T07:30:00+09:00,J1,814,880,1694
2020-01-29T07:30:00+09:00,J2,813,775,1588
2020-01-29T07:30:00+09:00,J3,908,784,1692
2020-01-29T07:30:00+09:00,J4,869,874,1743
2020-01-29T07:30:00+09:00,J5,494,547,1041
2020-01-29T07:45:00+09:00,J1,822,916,1738
2020-01-29T07:45:00+09:00,J2,1028,724,1752
2020-01-29T07:45:00+09:00,J3,942,853,1795
2020-01-29T07:45:00+09:00,J4,801,918,1719
2020-01-29T07:45:00+09:00,J5,658,683,1341
2020-01-29T08:00:00+09:00,J1,880,961,1841
2020-01-29T08:00:00+09:00,J2,999,732,1731
2020-01-29T08:00:00+09:00,J3,1113,873,1986
2020-01-29T08:00:00+09:00,J4,764,960,1724
2020-01-29T08:00:00+09:00,J5,643,690,1333
2020-01-29T08:15:00+09:00,J1,913,1020,1933
2020-01-29T08:15:00+09:00,J2,1289,910,2199
2020-01-29T08:15:00+09:00,J3,1112,958,2070
2020-01-29T08:15:00+09:00,J4,816,1064,1880
2020-01-29T08:15:00+09:00,J5,561,656,1217
2020-01-29T08:30:00+09:00,J1,892,986,1878
2020-01-29T08:30:00+09:00,J2,1319,843,2162
2020-01-29T08:30:00+09:00,J3,1055,1001,2056
2020-01-29T08:30:00+09:00,J4,743,1051,1794
2020-01-29T08:30:00+09:00,J5,606,666,1272
2020-01-29T08:45:00+09:00,J1,939,938,1877
2020-01-29T08:45:00+09:00,J2,956,634,1590
2020-01-29T08:45:00+09:00,J3,938,921,1859
2020-01-29T08:45:00+09:00,J4,829,860,1689
2020-01-29T08:45:00+09:00,J5,578,592,1170
2020-01-29T09:00:00+09:00,J1,888,978,1866
2020-01-29T09:00:00+09:00,J2,778,632,1410
2020-01-29T09:00:00+09:00,J3,928,932,1860
2020-01-29T09:00:00+09:00,J4,890,916,1806
2020-01-29T09:00:00+09:00,J5,568,575,1143
2020-01-29T09:15:00+09:00,J1,956,891,1847
2020-01-29T09:15:00+09:00,J2,796,661,1457
2020-01-29T09:15:00+09:00,J3,651,668,1319
2020-01-29T09:15:00+09:00,J4,926,989,1915
2020-01-29T09:15:00+09:00,J5,554,607,1161
2020-01-29T09:30:00+09:00,J1,917,855,1772
2020-01-29T09:30:00+09:00,J2,776,578,1354
2020-01-29T09:30:00+09:00,J3,752,682,1434
2020-01-29T09:30:00+09:00,J4,921,895,1816
2020-01-29T09:30:00+09:00,J5,460,486,946
2020-01-29T09:45:00+09:00,J1,866,908,1774
2020-01-29T09:45:00+09:00,J2,675,536,1211
2020-01-29T09:45:00+09:00,J3,789,658,1447
2020-01-29T09:45:00+09:00,J4,844,834,1678
2020-01-29T09:45:00+09:00,J5,357,398,755
2020-01-29T10:00:00+09:00,J1,907,870,1777
2020-01-29T10:00:00+09:00,J2,650,507,1157
2020-01-29T10:00:00+09:00,J3,812,644,1456
2020-01-29T10:00:00+09:00,J4,765,849,1614
2020-01-29T10:00:00+09:00,J5,327,359,686
2020-01-29T10:15:00+09:00,J1,911,922,1833
2020-01-29T10:15:00+09:00,J2,679,577,1256
2020-01-29T10:15:00+09:00,J3,758,601,1359
2020-01-29T10:15:00+09:00,J4,731,834,1565
2020-01-29T10:15:00+09:00,J5,308,383,691
2020-01-29T10:30:00+09:00,J1,893,905,1798
2020-01-29T10:30:00+09:00,J2,677,591,1268
2020-01-29T10:30:00+09:00,J3,840,619,1459
2020-01-29T10:30:00+09:00,J4,720,766,1486
2020-01-29T10:30:00+09:00,J5,364,406,770
2020-01-29T10:45:00+09:00,J1,909,878,1787
2020-01-29T10:45:00+09:00,J2,613,613,1226
2020-01-29T10:45:00+09:00,J3,781,625,1406
2020-01-29T10:45:00+09:00,J4,696,822,1518
2020-01-29T10:45:00+09:00,J5,318,414,732
2020-01-29T11:00:00+09:00,J1,938,926,1864
2020-01-29T11:00:00+09:00,J2,713,682,1395
2020-01-29T11:00:00+09:00,J3,785,619,1404
2020-01-29T11:00:00+09:00,J4,757,801,1558
2020-01-29T11:00:00+09:00,J5,313,391,704
2020-01-29T11:15:00+09:00,J1,932,946,1878
2020-01-29T11:15:00+09:00,J2,679,706,1385
2020-01-29T11:15:00+09:00,J3,802,659,1461
2020-01-29T11:15:00+09:00,J4,659,756,1415
2020-01-29T11:15:00+09:00,J5,633,669,1302
2020-01-29T11:30:00+09:00,J1,886,985,1871
2020-01-29T11:30:00+09:00,J2,728,670,1398
2020-01-29T11:30:00+09:00,J3,880,663,1543
2020-01-29T11:30:00+09:00,J4,699,729,1428
2020-01-29T11:30:00+09:00,J5,662,717,1379
2020-01-29T11:45:00+09:00,J1,863,1001,1864
2020-01-29T11:45:00+09:00,J2,685,643,1328
2020-01-29T11:45:00+09:00,J3,953,731,1684
2020-01-29T11:45:00+09:00,J4,643,759,1402
2020-01-29T11:45:00+09:00,J5,630,617,1247
2020-01-29T12:00:00+09:00,J1,909,1034,1943
2020-01-29T12:00:00+09:00,J2,858,706,1564
2020-01-29T12:00:00+09:00,J3,947,809,1756
2020-01-29T12:00:00+09:00,J4,631,700,1331
2020-01-29T12:00:00+09:00,J5,679,739,1418
2020-01-29T12:15:00+09:00,J1,823,998,1821
2020-01-29T12:15:00+09:00,J2,1032,849,1881
2020-01-29T12:15:00+09:00,J3,945,748,1693
2020-01-29T12:15:00+09:00,J4,573,704,1277
2020-01-29T12:15:00+09:00,J5,757,739,1496
2020-01-29T12:30:00+09:00,J1,888,984,1872
2020-01-29T12:30:00+09:00,J2,1042,881,1923
2020-01-29T12:30:00+09:00,J3,943,799,1742
2020-01-29T12:30:00+09:00,J4,655,763,1418
2020-01-29T12:30:00+09:00,J5,710,691,1401
2020-01-29T12:45:00+09:00,J1,848,1010,1858
2020-01-29T12:45:00+09:00,J2,1114,894,2008
2020-01-29T12:45:00+09:00,J3,868,718,1586
2020-01-29T12:45:00+09:00,J4,565,701,1266
2020-01-29T12:45:00+09:00,J5,608,570,1178
2020-01-29T13:00:00+09:00,J1,815,988,1803
2020-01-29T13:00:00+09:00,J2,1042,932,1974
2020-01-29T13:00:00+09:00,J3,811,731,1542
2020-01-29T13:00:00+09:00,J4,597,650,1247
2020-01-29T13:00:00+09:00,J5,641,594,1235
2020-01-29T13:15:00+09:00,J1,824,926,1750
2020-01-29T13:15:00+09:00,J2,952,955,1907
2020-01-29T13:15:00+09:00,J3,890,782,1672
2020-01-29T13:15:00+09:00,J4,565,625,1190
2020-01-29T13:15:00+09:00,J5,654,708,1362
2020-01-29T13:30:00+09:00,J1,864,973,1837
2020-01-29T13:30:00+09:00,J2,858,857,1715
2020-01-29T13:30:00+09:00,J3,896,800,1696
2020-01-29T13:30:00+09:00,J4,554,607,1161
2020-01-29T13:30:00+09:00,J5,669,660,1329
2020-01-29T13:45:00+09:00,J1,832,958,1790
2020-01-29T13:45:00+09:00,J2,818,894,1712
2020-01-29T13:45:00+09:00,J3,934,749,1683
2020-01-29T13:45:00+09:00,J4,510,686,1196
2020-01-29T13:45:00+09:00,J5,703,686,1389
2020-01-29T14:00:00+09:00,J1,862,945,1807
2020-01-29T14:00:00+09:00,J2,778,939,1717
2020-01-29T14:00:00+09:00,J3,936,785,1721
2020-01-29T14:00:00+09:00,J4,543,603,1146
2020-01-29T14:00:00+09:00,J5,629,647,1276
2020-01-29T14:15:00+09:00,J1,911,931,1842
2020-01-29T14:15:00+09:00,J2,879,918,1797
2020-01-29T14:15:00+09:00,J3,890,838,1728
2020-01-29T14:15:00+09:00,J4,574,687,1261
2020-01-29T14:15:00+09:00,J5,671,634,1305
2020-01-29T14:30:00+09:00,J1,838,925,1763
2020-01-29T14:30:00+09:00,J2,874,833,1707
2020-01-29T14:30:00+09:00,J3,918,793,1711
2020-01-29T14:30:00+09:00,J4,606,669,1275
2020-01-29T14:30:00+09:00,J5,674,649,1323
2020-01-29T14:45:00+09:00,J1,793,972,1765
2020-01-29T14:45:00+09:00,J2,773,704,1477
2020-01-29T14:45:00+09:00,J3,870,767,1637
2020-01-29T14:45:00+09:00,J4,540,686,1226
2020-01-29T14:45:00+09:00,J5,614,655,1269
2020-01-29T15:00:00+09:00,J1,881,924,1805
2020-01-29T15:00:00+09:00,J2,719,764,1483
2020-01-29T15:00:00+09:00,J3,890,803,1693
2020-01-29T15:00:00+09:00,J4,524,627,1151
2020-01-29T15:00:00+09:00,J5,660,695,1355
2020-01-29T15:15:00+09:00,J1,856,895,1751
2020-01-29T15:15:00+09:00,J2,693,768,1461
2020-01-29T15:15:00+09:00,J3,853,725,1578
2020-01-29T15:15:00+09:00,J4,594,710,1304
2020-01-29T15:15:00+09:00,J5,673,694,1367
2020-01-29T15:30:00+09:00,J1,881,897,1778
2020-01-29T15:30:00+09:00,J2,692,770,1462
2020-01-29T15:30:00+09:00,J3,793,698,1491
2020-01-29T15:30:00+09:00,J4,614,627,1241
2020-01-29T15:30:00+09:00,J5,646,670,1316
2020-01-29T15:45:00+09:00,J1,851,923,1774
2020-01-29T15:45:00+09:00,J2,710,711,1421
2020-01-29T15:45:00+09:00,J3,811,726,1537
2020-01-29T15:45:00+09:00,J4,534,616,1150
2020-01-29T15:45:00+09:00,J5,663,628,1291
2020-01-29T16:00:00+09:00,J1,851,898,1749
2020-01-29T16:00:00+09:00,J2,728,689,1417
2020-01-29T16:00:00+09:00,J3,809,723,1532
2020-01-29T16:00:00+09:00,J4,592,614,1206
2020-01-29T16:00:00+09:00,J5,685,650,1335
2020-01-29T16:15:00+09:00,J1,846,888,1734
2020-01-29T16:15:00+09:00,J2,697,696,1393
2020-01-29T16:15:00+09:00,J3,770,664,1434
2020-01-29T16:15:00+09:00,J4,596,648,1244
2020-01-29T16:15:00+09:00,J5,696,693,1389
2020-01-29T16:30:00+09:00,J1,880,869,1749
2020-01-29T16:30:00+09:00,J2,764,629,1393
2020-01-29T16:30:00+09:00,J3,912,793,1705
2020-01-29T16:30:00+09:00,J4,666,684,1350
2020-01-29T16:30:00+09:00,J5,661,703,1364
2020-01-29T16:45:00+09:00,J1,868,946,1814
2020-01-29T16:45:00+09:00,J2,790,643,1433
2020-01-29T16:45:00+09:00,J3,1008,810,1818
2020-01-29T16:45:00+09:00,J4,645,649,1294
2020-01-29T16:45:00+09:00,J5,614,724,1338
2020-01-29T17:00:00+09:00,J1,985,1037,2022
2020-01-29T17:00:00+09:00,J2,789,758,1547
2020-01-29T17:00:00+09:00,J3,1192,877,2069
2020-01-29T17:00:00+09:00,J4,852,814,1666
2020-01-29T17:00:00+09:00,J5,729,811,1540
2020-01-29T17:15:00+09:00,J1,981,932,1913
2020-01-29T17:15:00+09:00,J2,819,831,1650
2020-01-29T17:15:00+09:00,J3,1171,992,2163
2020-01-29T17:15:00+09:00,J4,954,977,1931
2020-01-29T17:15:00+09:00,J5,750,926,1676
2020-01-29T17:30:00+09:00,J1,990,967,1957
2020-01-29T17:30:00+09:00,J2,869,888,1757
2020-01-29T17:30:00+09:00,J3,1101,915,2016
2020-01-29T17:30:00+09:00,J4,1049,1004,2053
2020-01-29T17:30:00+09:00,J5,722,864,1586
2020-01-29T17:45:00+09:00,J1,1039,898,1937
2020-01-29T17:45:00+09:00,J2,886,881,1767
2020-01-29T17:45:00+09:00,J3,1087,842,1929
2020-01-29T17:45:00+09:00,J4,1069,936,2005
2020-01-29T17:45:00+09:00,J5,694,766,1460
2020-01-29T18:00:00+09:00,J1,1030,966,1996
2020-01-29T18:00:00+09:00,J2,929,872,1801
2020-01-29T18:00:00+09:00,J3,1091,794,1885
2020-01-29T18:00:00+09:00,J4,1060,862,1922
2020-01-29T18:00:00+09:00,J5,639,800,1439
2020-01-29T18:15:00+09:00,J1,989,885,1874
2020-01-29T18:15:00+09:00,J2,1050,981,2031
2020-01-29T18:15:00+09:00,J3,1143,803,1946
2020-01-29T18:15:00+09:00,J4,950,790,1740
2020-01-29T18:15:00+09:00,J5,575,750,1325
2020-01-29T18:30:00+09:00,J1,977,950,1927
2020-01-29T18:30:00+09:00,J2,1067,850,1917
2020-01-29T18:30:00+09:00,J3,1066,805,1871
2020-01-29T18:30:00+09:00,J4,829,661,1490
2020-01-29T18:30:00+09:00,J5,563,541,1104
2020-01-29T18:45:00+09:00,J1,930,919,1849
2020-01-29T18:45:00+09:00,J2,972,840,1812
2020-01-29T18:45:00+09:00,J3,915,759,1674
2020-01-29T18:45:00+09:00,J4,726,683,1409
2020-01-29T18:45:00+09:00,J5,552,508,1060
2020-01-29T19:00:00+09:00,J1,871,830,1701
2020-01-29T19:00:00+09:00,J2,921,757,1678
2020-01-29T19:00:00+09:00,J3,924,727,1651
2020-01-29T19:00:00+09:00,J4,755,783,1538
2020-01-29T19:00:00+09:00,J5,545,467,1012
2020-01-29T19:15:00+09:00,J1,902,851,1753
2020-01-29T19:15:00+09:00,J2,926,820,1746
2020-01-29T19:15:00+09:00,J3,904,750,1654
2020-01-29T19:15:00+09:00,J4,690,734,1424
2020-01-29T19:15:00+09:00,J5,575,504,1079
2020-01-29T19:30:00+09:00,J1,927,840,1767
2020-01-29T19:30:00+09:00,J2,805,840,1645
2020-01-29T19:30:00+09:00,J3,784,692,1476
2020-01-29T19:30:00+09:00,J4,746,756,1502
2020-01-29T19:30:00+09:00,J5,500,428,928
2020-01-29T19:45:00+09:00,J1,831,910,1741
2020-01-29T19:45:00+09:00,J2,793,737,1530
2020-01-29T19:45:00+09:00,J3,720,620,1340
2020-01-29T19:45:00+09:00,J4,746,750,1496
2020-01-29T19:45:00+09:00,J5,439,366,805
2020-01-29T20:00:00+09:00,J1,834,858,1692
2020-01-29T20:00:00+09:00,J2,736,631,1367
2020-01-29T20:00:00+09:00,J3,713,697,1410
2020-01-29T20:00:00+09:00,J4,690,772,1462
2020-01-29T20:00:00+09:00,J5,424,403,827
2020-01-29T20:15:00+09:00,J1,889,837,1726
2020-01-29T20:15:00+09:00,J2,736,661,1397
2020-01-29T20:15:00+09:00,J3,820,757,1577
2020-01-29T20:15:00+09:00,J4,744,738,1482
2020-01-29T20:15:00+09:00,J5,434,437,871
2020-01-29T20:30:00+09:00,J1,836,846,1682
2020-01-29T20:30:00+09:00,J2,755,610,1365
2020-01-29T20:30:00+09:00,J3,771,731,1502
2020-01-29T20:30:00+09:00,J4,710,738,1448
2020-01-29T20:30:00+09:00,J5,415,401,816
2020-01-29T20:45:00+09:00,J1,867,866,1733
2020-01-29T20:45:00+09:00,J2,729,732,1461
2020-01-29T20:45:00+09:00,J3,721,626,1347
2020-01-29T20:45:00+09:00,J4,711,748,1459
2020-01-29T20:45:00+09:00,J5,342,373,715
2020-01-29T21:00:00+09:00,J1,777,807,1584
2020-01-29T21:00:00+09:00,J2,760,770,1530
2020-01-29T21:00:00+09:00,J3,773,583,1356
2020-01-29T21:00:00+09:00,J4,809,805,1614
2020-01-29T21:00:00+09:00,J5,390,342,732
2020-01-29T21:15:00+09:00,J1,659,815,1474
2020-01-29T21:15:00+09:00,J2,586,670,1256
2020-01-29T21:15:00+09:00,J3,735,548,1283
2020-01-29T21:15:00+09:00,J4,718,712,1430
2020-01-29T21:15:00+09:00,J5,491,357,848
2020-01-29T21:30:00+09:00,J1,628,768,1396
2020-01-29T21:30:00+09:00,J2,612,588,1200
2020-01-29T21:30:00+09:00,J3,743,566,1309
2020-01-29T21:30:00+09:00,J4,813,758,1571
2020-01-29T21:30:00+09:00,J5,408,363,771
2020-01-29T21:45:00+09:00,J1,704,756,1460
2020-01-29T21:45:00+09:00,J2,573,649,1222
2020-01-29T21:45:00+09:00,J3,674,548,1222
2020-01-29T21:45:00+09:00,J4,766,778,1544
2020-01-29T21:45:00+09:00,J5,420,353,773
2020-01-29T22:00:00+09:00,J1,632,689,1321
2020-01-29T22:00:00+09:00,J2,627,612,1239
2020-01-29T22:00:00+09:00,J3,566,528,1094
2020-01-29T22:00:00+09:00,J4,788,795,1583
2020-01-29T22:00:00+09:00,J5,424,331,755
2020-01-29T22:15:00+09:00,J1,599,724,1323
2020-01-29T22:15:00+09:00,J2,747,745,1492
2020-01-29T22:15:00+09:00,J3,565,474,1039
2020-01-29T22:15:00+09:00,J4,708,765,1473
2020-01-29T22:15:00+09:00,J5,443,349,792
2020-01-29T22:30:00+09:00,J1,616,705,1321
2020-01-29T22:30:00+09:00,J2,807,856,1663
2020-01-29T22:30:00+09:00,J3,536,465,1001
2020-01-29T22:30:00+09:00,J4,750,782,1532
2020-01-29T22:30:00+09:00,J5,426,348,774
2020-01-29T22:45:00+09:00,J1,668,680,1348
2020-01-29T22:45:00+09:00,J2,859,732,1591
2020-01-29T22:45:00+09:00,J3,570,532,1102
2020-01-29T22:45:00+09:00,J4,747,823,1570
2020-01-29T22:45:00+09:00,J5,412,384,796
2020-01-29T23:00:00+09:00,J1,604,712,1316
2020-01-29T23:00:00+09:00,J2,848,729,1577
2020-01-29T23:00:00+09:00,J3,587,550,1137
2020-01-29T23:00:00+09:00,J4,730,827,1557
2020-01-29T23:00:00+09:00,J5,389,422,811
2020-01-29T23:15:00+09:00,J1,638,655,1293
2020-01-29T23:15:00+09:00,J2,831,732,1563
2020-01-29T23:15:00+09:00,J3,561,541,1102
2020-01-29T23:15:00+09:00,J4,717,763,1480
2020-01-29T23:15:00+09:00,J5,407,399,806
2020-01-29T23:30:00+09:00,J1,590,662,1252
2020-01-29T23:30:00+09:00,J2,819,731,1550
2020-01-29T23:30:00+09:00,J3,599,561,1160
2020-01-29T23:30:00+09:00,J4,651,712,1363
2020-01-29T23:30:00+09:00,J5,412,451,863
2020-01-29T23:45:00+09:00,J1,622,690,1312
2020-01-29T23:45:00+09:00,J2,828,667,1495
2020-01-29T23:45:00+09:00,J3,457,465,922
2020-01-29T23:45:00+09:00,J4,601,711,1312
2020-01-29T23:45:00+09:00,J5,464,424,888
2020-01-30T00:00:00+09:00,J1,633,723,1356
2020-01-30T00:00:00+09:00,J2,806,771,1577
2020-01-30T00:00:00+09:00,J3,464,483,947
2020-01-30T00:00:00+09:00,J4,613,758,1371
2020-01-30T00:00:00+09:00,J5,446,501,947
2020-01-30T00:15:00+09:00,J1,671,617,1288
2020-01-30T00:15:00+09:00,J2,755,698,1453
2020-01-30T00:15:00+09:00,J3,672,613,1285
2020-01-30T00:15:00+09:00,J4,549,649,1198
2020-01-30T00:15:00+09:00,J5,510,577,1087
2020-01-30T00:30:00+09:00,J1,472,447,919
2020-01-30T00:30:00+09:00,J2,822,697,1519
2020-01-30T00:30:00+09:00,J3,689,657,1346
2020-01-30T00:30:00+09:00,J4,685,659,1344
2020-01-30T00:30:00+09:00,J5,545,529,1074
2020-01-30T00:45:00+09:00,J1,469,425,894
2020-01-30T00:45:00+09:00,J2,763,636,1399
2020-01-30T00:45:00+09:00,J3,737,634,1371
2020-01-30T00:45:00+09:00,J4,611,728,1339
2020-01-30T00:45:00+09:00,J5,507,541,1048
2020-01-30T05:45:00+09:00,J1,609,607,1216
2020-01-30T05:45:00+09:00,J2,545,667,1212
2020-01-30T05:45:00+09:00,J3,609,493,1102
2020-01-30T05:45:00+09:00,J4,687,697,1384
2020-01-30T05:45:00+09:00,J5,350,365,715
2020-01-30T06:00:00+09:00,J1,630,652,1282
2020-01-30T06:00:00+09:00,J2,551,726,1277
2020-01-30T06:00:00+09:00,J3,706,526,1232
2020-01-30T06:00:00+09:00,J4,738,689,1427
2020-01-30T06:00:00+09:00,J5,382,411,793
2020-01-30T06:15:00+09:00,J1,718,729,1447
2020-01-30T06:15:00+09:00,J2,584,705,1289
2020-01-30T06:15:00+09:00,J3,703,472,1175
2020-01-30T06:15:00+09:00,J4,746,710,1456
2020-01-30T06:15:00+09:00,J5,528,506,1034
2020-01-30T06:30:00+09:00,J1,767,775,1542
2020-01-30T06:30:00+09:00,J2,637,767,1404
2020-01-30T06:30:00+09:00,J3,653,549,1202
2020-01-30T06:30:00+09:00,J4,636,696,1332
2020-01-30T06:30:00+09:00,J5,588,558,1146
2020-01-30T06:45:00+09:00,J1,799,826,1625
2020-01-30T06:45:00+09:00,J2,640,702,1342
2020-01-30T06:45:00+09:00,J3,761,592,1353
2020-01-30T06:45:00+09:00,J4,709,744,1453
2020-01-30T06:45:00+09:00,J5,522,539,1061
2020-01-30T07:00:00+09:00,J1,817,824,1641
2020-01-30T07:00:00+09:00,J2,606,715,1321
2020-01-30T07:00:00+09:00,J3,750,650,1400
2020-01-30T07:00:00+09:00,J4,797,713,1510
2020-01-30T07:00:00+09:00,J5,616,566,1182
2020-01-30T07:15:00+09:00,J1,791,805,1596
2020-01-30T07:15:00+09:00,J2,762,745,1507
2020-01-30T07:15:00+09:00,J3,731,765,1496
2020-01-30T07:15:00+09:00,J4,827,811,1638
2020-01-30T07:15:00+09:00,J5,595,653,1248
2020-01-30T07:30:00+09:00,J1,738,818,1556
2020-01-30T07:30:00+09:00,J2,860,806,1666
2020-01-30T07:30:00+09:00,J3,638,642,1280
2020-01-30T07:30:00+09:00,J4,861,839,1700
2020-01-30T07:30:00+09:00,J5,595,625,1220
2020-01-30T07:45:00+09:00,J1,775,885,1660
2020-01-30T07:45:00+09:00,J2,1024,780,1804
2020-01-30T07:45:00+09:00,J3,809,760,1569
2020-01-30T07:45:00+09:00,J4,891,970,1861
2020-01-30T07:45:00+09:00,J5,514,521,1035
2020-01-30T08:00:00+09:00,J1,917,899,1816
2020-01-30T08:00:00+09:00,J2,1014,794,1808
2020-01-30T08:00:00+09:00,J3,1016,962,1978
2020-01-30T08:00:00+09:00,J4,667,959,1626
2020-01-30T08:00:00+09:00,J5,746,741,1487
2020-01-30T08:15:00+09:00,J1,953,970,1923
2020-01-30T08:15:00+09:00,J2,1226,900,2126
2020-01-30T08:15:00+09:00,J3,1078,966,2044
2020-01-30T08:15:00+09:00,J4,672,945,1617
2020-01-30T08:15:00+09:00,J5,656,758,1414
2020-01-30T08:30:00+09:00,J1,993,952,1945
2020-01-30T08:30:00+09:00,J2,1157,839,1996
2020-01-30T08:30:00+09:00,J3,1036,972,2008
2020-01-30T08:30:00+09:00,J4,572,994,1566
2020-01-30T08:30:00+09:00,J5,649,660,1309
2020-01-30T08:45:00+09:00,J1,960,992,1952
2020-01-30T08:45:00+09:00,J2,922,681,1603
2020-01-30T08:45:00+09:00,J3,887,896,1783
2020-01-30T08:45:00+09:00,J4,490,817,1307
2020-01-30T08:45:00+09:00,J5,612,589,1201
2020-01-30T09:00:00+09:00,J1,941,915,1856
2020-01-30T09:00:00+09:00,J2,911,720,1631
2020-01-30T09:00:00+09:00,J3,845,738,1583
2020-01-30T09:00:00+09:00,J4,664,746,1410
2020-01-30T09:00:00+09:00,J5,681,665,1346
2020-01-30T09:15:00+09:00,J1,958,796,1754
2020-01-30T09:15:00+09:00,J2,861,710,1571
2020-01-30T09:15:00+09:00,J3,629,672,1301
2020-01-30T09:15:00+09:00,J4,662,757,1419
2020-01-30T09:15:00+09:00,J5,655,623,1278
2020-01-30T09:30:00+09:00,J1,920,839,1759
2020-01-30T09:30:00+09:00,J2,792,708,1500
2020-01-30T09:30:00+09:00,J3,590,664,1254
2020-01-30T09:30:00+09:00,J4,719,853,1572
2020-01-30T09:30:00+09:00,J5,499,491,990
2020-01-30T09:45:00+09:00,J1,855,822,1677
2020-01-30T09:45:00+09:00,J2,756,608,1364
2020-01-30T09:45:00+09:00,J3,671,702,1373
2020-01-30T09:45:00+09:00,J4,780,770,1550
2020-01-30T09:45:00+09:00,J5,346,407,753
2020-01-30T10:00:00+09:00,J1,839,957,1796
2020-01-30T10:00:00+09:00,J2,663,639,1302
2020-01-30T10:00:00+09:00,J3,696,680,1376
2020-01-30T10:00:00+09:00,J4,765,810,1575
2020-01-30T10:00:00+09:00,J5,331,385,716
2020-01-30T10:15:00+09:00,J1,962,924,1886
2020-01-30T10:15:00+09:00,J2,809,685,1494
2020-01-30T10:15:00+09:00,J3,742,714,1456
2020-01-30T10:15:00+09:00,J4,762,723,1485
2020-01-30T10:15:00+09:00,J5,342,388,730
2020-01-30T10:30:00+09:00,J1,918,864,1782
2020-01-30T10:30:00+09:00,J2,741,641,1382
2020-01-30T10:30:00+09:00,J3,728,752,1480
2020-01-30T10:30:00+09:00,J4,803,726,1529
2020-01-30T10:30:00+09:00,J5,382,356,738
2020-01-30T10:45:00+09:00,J1,925,948,1873
2020-01-30T10:45:00+09:00,J2,757,672,1429
2020-01-30T10:45:00+09:00,J3,748,739,1487
2020-01-30T10:45:00+09:00,J4,768,782,1550
2020-01-30T10:45:00+09:00,J5,357,361,718
2020-01-30T11:00:00+09:00,J1,932,956,1888
2020-01-30T11:00:00+09:00,J2,713,642,1355
2020-01-30T11:00:00+09:00,J3,810,774,1584
2020-01-30T11:00:00+09:00,J4,820,832,1652
2020-01-30T11:00:00+09:00,J5,360,348,708
2020-01-30T11:15:00+09:00,J1,886,915,1801
2020-01-30T11:15:00+09:00,J2,655,695,1350
2020-01-30T11:15:00+09:00,J3,789,690,1479
2020-01-30T11:15:00+09:00,J4,809,829,1638
2020-01-30T11:15:00+09:00,J5,568,585,1153
2020-01-30T11:30:00+09:00,J1,847,931,1778
2020-01-30T11:30:00+09:00,J2,709,668,1377
2020-01-30T11:30:00+09:00,J3,969,783,1752
2020-01-30T11:30:00+09:00,J4,686,814,1500
2020-01-30T11:30:00+09:00,J5,696,765,1461
2020-01-30T11:45:00+09:00,J1,885,842,1727
2020-01-30T11:45:00+09:00,J2,669,659,1328
2020-01-30T11:45:00+09:00,J3,975,825,1800
2020-01-30T11:45:00+09:00,J4,686,723,1409
2020-01-30T11:45:00+09:00,J5,717,721,1438
2020-01-30T12:00:00+09:00,J1,881,843,1724
2020-01-30T12:00:00+09:00,J2,607,766,1373
2020-01-30T12:00:00+09:00,J3,929,805,1734
2020-01-30T12:00:00+09:00,J4,736,819,1555
2020-01-30T12:00:00+09:00,J5,716,851,1567
2020-01-30T12:15:00+09:00,J1,801,837,1638
2020-01-30T12:15:00+09:00,J2,735,685,1420
2020-01-30T12:15:00+09:00,J3,875,748,1623
2020-01-30T12:15:00+09:00,J4,661,688,1349
2020-01-30T12:15:00+09:00,J5,712,738,1450
2020-01-30T12:30:00+09:00,J1,828,836,1664
2020-01-30T12:30:00+09:00,J2,781,729,1510
2020-01-30T12:30:00+09:00,J3,793,755,1548
2020-01-30T12:30:00+09:00,J4,611,695,1306
2020-01-30T12:30:00+09:00,J5,713,797,1510
2020-01-30T12:45:00+09:00,J1,755,882,1637
2020-01-30T12:45:00+09:00,J2,758,718,1476
2020-01-30T12:45:00+09:00,J3,894,728,1622
2020-01-30T12:45:00+09:00,J4,621,767,1388
2020-01-30T12:45:00+09:00,J5,770,693,1463
2020-01-30T13:00:00+09:00,J1,836,864,1700
2020-01-30T13:00:00+09:00,J2,739,634,1373
2020-01-30T13:00:00+09:00,J3,861,834,1695
2020-01-30T13:00:00+09:00,J4,633,698,1331
2020-01-30T13:00:00+09:00,J5,661,628,1289
2020-01-30T13:15:00+09:00,J1,737,819,1556
2020-01-30T13:15:00+09:00,J2,702,571,1273
2020-01-30T13:15:00+09:00,J3,842,763,1605
2020-01-30T13:15:00+09:00,J4,546,634,1180
2020-01-30T13:15:00+09:00,J5,662,733,1395
2020-01-30T13:30:00+09:00,J1,761,791,1552
2020-01-30T13:30:00+09:00,J2,760,685,1445
2020-01-30T13:30:00+09:00,J3,821,776,1597
2020-01-30T13:30:00+09:00,J4,532,631,1163
2020-01-30T13:30:00+09:00,J5,691,681,1372
2020-01-30T13:45:00+09:00,J1,793,850,1643
2020-01-30T13:45:00+09:00,J2,767,568,1335
2020-01-30T13:45:00+09:00,J3,920,805,1725
2020-01-30T13:45:00+09:00,J4,473,581,1054
2020-01-30T13:45:00+09:00,J5,628,663,1291
2020-01-30T14:00:00+09:00,J1,751,845,1596
2020-01-30T14:00:00+09:00,J2,750,644,1394
2020-01-30T14:00:00+09:00,J3,824,783,1607
2020-01-30T14:00:00+09:00,J4,512,616,1128
2020-01-30T14:00:00+09:00,J5,617,672,1289
2020-01-30T14:15:00+09:00,J1,769,838,1607
2020-01-30T14:15:00+09:00,J2,721,643,1364
2020-01-30T14:15:00+09:00,J3,739,683,1422
2020-01-30T14:15:00+09:00,J4,536,575,1111
2020-01-30T14:15:00+09:00,J5,586,657,1243
2020-01-30T14:30:00+09:00,J1,751,838,1589
2020-01-30T14:30:00+09:00,J2,752,646,1398
2020-01-30T14:30:00+09:00,J3,783,688,1471
2020-01-30T14:30:00+09:00,J4,542,631,1173
2020-01-30T14:30:00+09:00,J5,619,674,1293
2020-01-30T14:45:00+09:00,J1,792,786,1578
2020-01-30T14:45:00+09:00,J2,756,689,1445
2020-01-30T14:45:00+09:00,J3,1068,926,1994
2020-01-30T14:45:00+09:00,J4,477,559,1036
2020-01-30T14:45:00+09:00,J5,623,611,1234
2020-01-30T15:00:00+09:00,J1,780,868,1648
2020-01-30T15:00:00+09:00,J2,746,628,1374
2020-01-30T15:00:00+09:00,J3,1253,943,2196
2020-01-30T15:00:00+09:00,J4,491,592,1083
2020-01-30T15:00:00+09:00,J5,595,692,1287
2020-01-30T15:15:00+09:00,J1,771,883,1654
2020-01-30T15:15:00+09:00,J2,743,613,1356
2020-01-30T15:15:00+09:00,J3,1232,915,2147
2020-01-30T15:15:00+09:00,J4,496,583,1079
2020-01-30T15:15:00+09:00,J5,606,661,1267
2020-01-30T15:30:00+09:00,J1,793,922,1715
2020-01-30T15:30:00+09:00,J2,720,595,1315
2020-01-30T15:30:00+09:00,J3,1131,897,2028
2020-01-30T15:30:00+09:00,J4,536,598,1134
2020-01-30T15:30:00+09:00,J5,647,712,1359
2020-01-30T15:45:00+09:00,J1,785,885,1670
2020-01-30T15:45:00+09:00,J2,791,722,1513
2020-01-30T15:45:00+09:00,J3,940,844,1784
2020-01-30T15:45:00+09:00,J4,483,592,1075
2020-01-30T15:45:00+09:00,J5,641,638,1279
2020-01-30T16:00:00+09:00,J1,853,921,1774
2020-01-30T16:00:00+09:00,J2,804,773,1577
2020-01-30T16:00:00+09:00,J3,967,879,1846
2020-01-30T16:00:00+09:00,J4,520,655,1175
2020-01-30T16:00:00+09:00,J5,632,640,1272
2020-01-30T16:15:00+09:00,J1,842,961,1803
2020-01-30T16:15:00+09:00,J2,822,832,1654
2020-01-30T16:15:00+09:00,J3,928,915,1843
2020-01-30T16:15:00+09:00,J4,539,618,1157
2020-01-30T16:15:00+09:00,J5,601,657,1258
2020-01-30T16:30:00+09:00,J1,852,894,1746
2020-01-30T16:30:00+09:00,J2,869,839,1708
2020-01-30T16:30:00+09:00,J3,1011,879,1890
2020-01-30T16:30:00+09:00,J4,553,583,1136
2020-01-30T16:30:00+09:00,J5,622,660,1282
2020-01-30T16:45:00+09:00,J1,795,916,1711
2020-01-30T16:45:00+09:00,J2,889,884,1773
2020-01-30T16:45:00+09:00,J3,1098,782,1880
2020-01-30T16:45:00+09:00,J4,552,585,1137
2020-01-30T16:45:00+09:00,J5,634,677,1311
2020-01-30T17:00:00+09:00,J1,850,953,1803
2020-01-30T17:00:00+09:00,J2,1002,941,1943
2020-01-30T17:00:00+09:00,J3,986,888,1874
2020-01-30T17:00:00+09:00,J4,829,767,1596
2020-01-30T17:00:00+09:00,J5,648,700,1348
2020-01-30T17:15:00+09:00,J1,911,958,1869
2020-01-30T17:15:00+09:00,J2,1090,1041,2131
2020-01-30T17:15:00+09:00,J3,1065,930,1995
2020-01-30T17:15:00+09:00,J4,1000,881,1881
2020-01-30T17:15:00+09:00,J5,759,831,1590
2020-01-30T17:30:00+09:00,J1,935,1039,1974
2020-01-30T17:30:00+09:00,J2,1096,972,2068
2020-01-30T17:30:00+09:00,J3,1038,956,1994
2020-01-30T17:30:00+09:00,J4,985,930,1915
2020-01-30T17:30:00+09:00,J5,717,874,1591
2020-01-30T17:45:00+09:00,J1,934,980,1914
2020-01-30T17:45:00+09:00,J2,1150,811,1961
2020-01-30T17:45:00+09:00,J3,1135,982,2117
2020-01-30T17:45:00+09:00,J4,971,907,1878
2020-01-30T17:45:00+09:00,J5,709,846,1555
2020-01-30T18:00:00+09:00,J1,948,994,1942
2020-01-30T18:00:00+09:00,J2,1112,792,1904
2020-01-30T18:00:00+09:00,J3,1076,894,1970
2020-01-30T18:00:00+09:00,J4,1018,884,1902
2020-01-30T18:00:00+09:00,J5,745,958,1703
2020-01-30T18:15:00+09:00,J1,915,995,1910
2020-01-30T18:15:00+09:00,J2,1083,836,1919
2020-01-30T18:15:00+09:00,J3,1137,832,1969
2020-01-30T18:15:00+09:00,J4,985,802,1787
2020-01-30T18:15:00+09:00,J5,569,745,1314
2020-01-30T18:30:00+09:00,J1,947,923,1870
2020-01-30T18:30:00+09:00,J2,1047,874,1921
2020-01-30T18:30:00+09:00,J3,1025,761,1786
2020-01-30T18:30:00+09:00,J4,778,651,1429
2020-01-30T18:30:00+09:00,J5,470,656,1126
2020-01-30T18:45:00+09:00,J1,925,892,1817
2020-01-30T18:45:00+09:00,J2,1039,1030,2069
2020-01-30T18:45:00+09:00,J3,832,810,1642
2020-01-30T18:45:00+09:00,J4,691,607,1298
2020-01-30T18:45:00+09:00,J5,445,603,1048
2020-01-30T19:00:00+09:00,J1,846,793,1639
2020-01-30T19:00:00+09:00,J2,857,862,1719
2020-01-30T19:00:00+09:00,J3,969,804,1773
2020-01-30T19:00:00+09:00,J4,673,636,1309
2020-01-30T19:00:00+09:00,J5,462,535,997
2020-01-30T19:15:00+09:00,J1,842,875,1717
2020-01-30T19:15:00+09:00,J2,883,781,1664
2020-01-30T19:15:00+09:00,J3,798,761,1559
2020-01-30T19:15:00+09:00,J4,752,675,1427
2020-01-30T19:15:00+09:00,J5,402,548,950
2020-01-30T19:30:00+09:00,J1,823,827,1650
2020-01-30T19:30:00+09:00,J2,765,649,1414
2020-01-30T19:30:00+09:00,J3,901,747,1648
2020-01-30T19:30:00+09:00,J4,645,711,1356
2020-01-30T19:30:00+09:00,J5,393,458,851
2020-01-30T19:45:00+09:00,J1,799,784,1583
2020-01-30T19:45:00+09:00,J2,666,665,1331
2020-01-30T19:45:00+09:00,J3,721,703,1424
2020-01-30T19:45:00+09:00,J4,666,675,1341
2020-01-30T19:45:00+09:00,J5,333,441,774
2020-01-30T20:00:00+09:00,J1,795,811,1606
2020-01-30T20:00:00+09:00,J2,671,630,1301
2020-01-30T20:00:00+09:00,J3,778,665,1443
2020-01-30T20:00:00+09:00,J4,697,696,1393
2020-01-30T20:00:00+09:00,J5,369,460,829
2020-01-30T20:15:00+09:00,J1,812,904,1716
2020-01-30T20:15:00+09:00,J2,706,655,1361
2020-01-30T20:15:00+09:00,J3,779,682,1461
2020-01-30T20:15:00+09:00,J4,716,648,1364
2020-01-30T20:15:00+09:00,J5,355,373,728
2020-01-30T20:30:00+09:00,J1,771,911,1682
2020-01-30T20:30:00+09:00,J2,684,680,1364
2020-01-30T20:30:00+09:00,J3,747,616,1363
2020-01-30T20:30:00+09:00,J4,701,768,1469
2020-01-30T20:30:00+09:00,J5,336,347,683
2020-01-30T20:45:00+09:00,J1,761,865,1626
2020-01-30T20:45:00+09:00,J2,716,680,1396
2020-01-30T20:45:00+09:00,J3,690,654,1344
2020-01-30T20:45:00+09:00,J4,795,762,1557
2020-01-30T20:45:00+09:00,J5,296,378,674
2020-01-30T21:00:00+09:00,J1,798,788,1586
2020-01-30T21:00:00+09:00,J2,737,805,1542
2020-01-30T21:00:00+09:00,J3,754,679,1433
2020-01-30T21:00:00+09:00,J4,805,735,1540
2020-01-30T21:00:00+09:00,J5,292,311,603
2020-01-30T21:15:00+09:00,J1,762,780,1542
2020-01-30T21:15:00+09:00,J2,643,727,1370
2020-01-30T21:15:00+09:00,J3,780,618,1398
2020-01-30T21:15:00+09:00,J4,797,759,1556
2020-01-30T21:15:00+09:00,J5,296,296,592
2020-01-30T21:30:00+09:00,J1,706,793,1499
2020-01-30T21:30:00+09:00,J2,532,580,1112
2020-01-30T21:30:00+09:00,J3,682,575,1257
2020-01-30T21:30:00+09:00,J4,755,805,1560
2020-01-30T21:30:00+09:00,J5,326,299,625
2020-01-30T21:45:00+09:00,J1,717,796,1513
2020-01-30T21:45:00+09:00,J2,699,715,1414
2020-01-30T21:45:00+09:00,J3,667,585,1252
2020-01-30T21:45:00+09:00,J4,727,763,1490
2020-01-30T21:45:00+09:00,J5,356,309,665
2020-01-30T22:00:00+09:00,J1,730,748,1478
2020-01-30T22:00:00+09:00,J2,823,837,1660
2020-01-30T22:00:00+09:00,J3,610,506,1116
2020-01-30T22:00:00+09:00,J4,722,794,1516
2020-01-30T22:00:00+09:00,J5,354,277,631
2020-01-30T22:15:00+09:00,J1,686,796,1482
2020-01-30T22:15:00+09:00,J2,735,759,1494
2020-01-30T22:15:00+09:00,J3,540,501,1041
2020-01-30T22:15:00+09:00,J4,714,771,1485
2020-01-30T22:15:00+09:00,J5,335,322,657
2020-01-30T22:30:00+09:00,J1,707,800,1507
2020-01-30T22:30:00+09:00,J2,742,737,1479
2020-01-30T22:30:00+09:00,J3,535,467,1002
2020-01-30T22:30:00+09:00,J4,684,777,1461
2020-01-30T22:30:00+09:00,J5,377,285,662
2020-01-30T22:45:00+09:00,J1,658,766,1424
2020-01-30T22:45:00+09:00,J2,747,692,1439
2020-01-30T22:45:00+09:00,J3,535,508,1043
2020-01-30T22:45:00+09:00,J4,729,704,1433
2020-01-30T22:45:00+09:00,J5,394,317,711
2020-01-30T23:00:00+09:00,J1,701,765,1466
2020-01-30T23:00:00+09:00,J2,669,676,1345
2020-01-30T23:00:00+09:00,J3,496,495,991
2020-01-30T23:00:00+09:00,J4,733,721,1454
2020-01-30T23:00:00+09:00,J5,420,338,758
2020-01-30T23:15:00+09:00,J1,716,789,1505
2020-01-30T23:15:00+09:00,J2,701,727,1428
2020-01-30T23:15:00+09:00,J3,458,493,951
2020-01-30T23:15:00+09:00,J4,643,782,1425
2020-01-30T23:15:00+09:00,J5,389,283,672
2020-01-30T23:30:00+09:00,J1,642,690,1332
2020-01-30T23:30:00+09:00,J2,738,707,1445
2020-01-30T23:30:00+09:00,J3,417,419,836
2020-01-30T23:30:00+09:00,J4,677,740,1417
2020-01-30T23:30:00+09:00,J5,442,332,774
2020-01-30T23:45:00+09:00,J1,630,711,1341
2020-01-30T23:45:00+09:00,J2,621,645,1266
2020-01-30T23:45:00+09:00,J3,427,460,887
2020-01-30T23:45:00+09:00,J4,642,815,1457
2020-01-30T23:45:00+09:00,J5,446,448,894
2020-01-31T00:00:00+09:00,J1,566,625,1191
2020-01-31T00:00:00+09:00,J2,841,727,1568
2020-01-31T00:00:00+09:00,J3,387,426,813
2020-01-31T00:00:00+09:00,J4,636,668,1304
2020-01-31T00:00:00+09:00,J5,429,402,831
2020-01-31T00:15:00+09:00,J1,643,593,1236
2020-01-31T00:15:00+09:00,J2,736,678,1414
2020-01-31T00:15:00+09:00,J3,468,496,964
2020-01-31T00:15:00+09:00,J4,583,611,1194
2020-01-31T00:15:00+09:00,J5,561,536,1097
2020-01-31T00:30:00+09:00,J1,476,445,921
2020-01-31T00:30:00+09:00,J2,695,646,1341
2020-01-31T00:30:00+09:00,J3,569,496,1065
2020-01-31T00:30:00+09:00,J4,617,679,1296
2020-01-31T00:30:00+09:00,J5,527,510,1037
2020-01-31T00:45:00+09:00,J1,496,580,1076
2020-01-31T00:45:00+09:00,J2,628,634,1262
2020-01-31T00:45:00+09:00,J3,528,521,1049
2020-01-31T00:45:00+09:00,J4,598,604,1202
2020-01-31T00:45:00+09:00,J5,578,570,1148
2020-01-31T05:45:00+09:00,J1,641,687,1328
2020-01-31T05:45:00+09:00,J2,827,847,1674
2020-01-31T05:45:00+09:00,J3,713,543,1256
2020-01-31T05:45:00+09:00,J4,842,752,1594
2020-01-31T05:45:00+09:00,J5,450,422,872
2020-01-31T06:00:00+09:00,J1,687,802,1489
2020-01-31T06:00:00+09:00,J2,821,762,1583
2020-01-31T06:00:00+09:00,J3,679,491,1170
2020-01-31T06:00:00+09:00,J4,923,775,1698
2020-01-31T06:00:00+09:00,J5,456,464,920
2020-01-31T06:15:00+09:00,J1,749,825,1574
2020-01-31T06:15:00+09:00,J2,772,849,1621
2020-01-31T06:15:00+09:00,J3,704,583,1287
2020-01-31T06:15:00+09:00,J4,955,828,1783
2020-01-31T06:15:00+09:00,J5,546,590,1136
2020-01-31T06:30:00+09:00,J1,670,714,1384
2020-01-31T06:30:00+09:00,J2,735,857,1592
2020-01-31T06:30:00+09:00,J3,691,558,1249
2020-01-31T06:30:00+09:00,J4,890,805,1695
2020-01-31T06:30:00+09:00,J5,537,530,1067
2020-01-31T06:45:00+09:00,J1,728,747,1475
2020-01-31T06:45:00+09:00,J2,715,742,1457
2020-01-31T06:45:00+09:00,J3,715,672,1387
2020-01-31T06:45:00+09:00,J4,941,814,1755
2020-01-31T06:45:00+09:00,J5,566,582,1148
2020-01-31T07:00:00+09:00,J1,638,775,1413
2020-01-31T07:00:00+09:00,J2,720,678,1398
2020-01-31T07:00:00+09:00,J3,705,706,1411
2020-01-31T07:00:00+09:00,J4,896,829,1725
2020-01-31T07:00:00+09:00,J5,610,645,1255
2020-01-31T07:15:00+09:00,J1,686,799,1485
2020-01-31T07:15:00+09:00,J2,745,711,1456
2020-01-31T07:15:00+09:00,J3,816,686,1502
2020-01-31T07:15:00+09:00,J4,980,878,1858
2020-01-31T07:15:00+09:00,J5,586,634,1220
2020-01-31T07:30:00+09:00,J1,805,877,1682
2020-01-31T07:30:00+09:00,J2,864,808,1672
2020-01-31T07:30:00+09:00,J3,678,696,1374
2020-01-31T07:30:00+09:00,J4,934,1012,1946
2020-01-31T07:30:00+09:00,J5,562,576,1138
2020-01-31T07:45:00+09:00,J1,802,876,1678
2020-01-31T07:45:00+09:00,J2,1029,863,1892
2020-01-31T07:45:00+09:00,J3,833,752,1585
2020-01-31T07:45:00+09:00,J4,958,1072,2030
2020-01-31T07:45:00+09:00,J5,532,496,1028
2020-01-31T08:00:00+09:00,J1,870,842,1712
2020-01-31T08:00:00+09:00,J2,1188,842,2030
2020-01-31T08:00:00+09:00,J3,1014,930,1944
2020-01-31T08:00:00+09:00,J4,946,1119,2065
2020-01-31T08:00:00+09:00,J5,542,515,1057
2020-01-31T08:15:00+09:00,J1,877,947,1824
2020-01-31T08:15:00+09:00,J2,1325,814,2139
2020-01-31T08:15:00+09:00,J3,1135,1056,2191
2020-01-31T08:15:00+09:00,J4,853,1148,2001
2020-01-31T08:15:00+09:00,J5,676,711,1387
2020-01-31T08:30:00+09:00,J1,856,902,1758
2020-01-31T08:30:00+09:00,J2,1298,832,2130
2020-01-31T08:30:00+09:00,J3,1115,930,2045
2020-01-31T08:30:00+09:00,J4,726,1021,1747
2020-01-31T08:30:00+09:00,J5,723,845,1568
2020-01-31T08:45:00+09:00,J1,891,929,1820
2020-01-31T08:45:00+09:00,J2,1039,597,1636
2020-01-31T08:45:00+09:00,J3,1120,911,2031
2020-01-31T08:45:00+09:00,J4,655,1015,1670
2020-01-31T08:45:00+09:00,J5,687,762,1449
2020-01-31T09:00:00+09:00,J1,885,930,1815
2020-01-31T09:00:00+09:00,J2,893,792,1685
2020-01-31T09:00:00+09:00,J3,998,845,1843
2020-01-31T09:00:00+09:00,J4,828,908,1736
2020-01-31T09:00:00+09:00,J5,631,658,1289
2020-01-31T09:15:00+09:00,J1,984,896,1880
2020-01-31T09:15:00+09:00,J2,845,718,1563
2020-01-31T09:15:00+09:00,J3,793,806,1599
2020-01-31T09:15:00+09:00,J4,855,922,1777
2020-01-31T09:15:00+09:00,J5,491,529,1020
2020-01-31T09:30:00+09:00,J1,836,852,1688
2020-01-31T09:30:00+09:00,J2,862,740,1602
2020-01-31T09:30:00+09:00,J3,867,785,1652
2020-01-31T09:30:00+09:00,J4,902,874,1776
2020-01-31T09:30:00+09:00,J5,493,509,1002
2020-01-31T09:45:00+09:00,J1,814,818,1632
2020-01-31T09:45:00+09:00,J2,813,660,1473
2020-01-31T09:45:00+09:00,J3,819,771,1590
2020-01-31T09:45:00+09:00,J4,959,929,1888
2020-01-31T09:45:00+09:00,J5,536,527,1063
2020-01-31T10:00:00+09:00,J1,782,820,1602
2020-01-31T10:00:00+09:00,J2,697,648,1345
2020-01-31T10:00:00+09:00,J3,763,761,1524
2020-01-31T10:00:00+09:00,J4,948,859,1807
2020-01-31T10:00:00+09:00,J5,378,396,774
2020-01-31T10:15:00+09:00,J1,818,860,1678
2020-01-31T10:15:00+09:00,J2,679,681,1360
2020-01-31T10:15:00+09:00,J3,801,817,1618
2020-01-31T10:15:00+09:00,J4,918,895,1813
2020-01-31T10:15:00+09:00,J5,349,369,718
2020-01-31T10:30:00+09:00,J1,872,838,1710
2020-01-31T10:30:00+09:00,J2,743,635,1378
2020-01-31T10:30:00+09:00,J3,770,784,1554
2020-01-31T10:30:00+09:00,J4,985,935,1920
2020-01-31T10:30:00+09:00,J5,400,429,829
2020-01-31T10:45:00+09:00,J1,879,929,1808
2020-01-31T10:45:00+09:00,J2,727,593,1320
2020-01-31T10:45:00+09:00,J3,795,801,1596
2020-01-31T10:45:00+09:00,J4,996,874,1870
2020-01-31T10:45:00+09:00,J5,338,384,722
2020-01-31T11:00:00+09:00,J1,932,864,1796
2020-01-31T11:00:00+09:00,J2,743,647,1390
2020-01-31T11:00:00+09:00,J3,830,798,1628
2020-01-31T11:00:00+09:00,J4,955,872,1827
2020-01-31T11:00:00+09:00,J5,307,376,683
2020-01-31T11:15:00+09:00,J1,846,977,1823
2020-01-31T11:15:00+09:00,J2,686,601,1287
2020-01-31T11:15:00+09:00,J3,907,823,1730
2020-01-31T11:15:00+09:00,J4,898,869,1767
2020-01-31T11:15:00+09:00,J5,508,522,1030
2020-01-31T11:30:00+09:00,J1,961,977,1938
2020-01-31T11:30:00+09:00,J2,779,638,1417
2020-01-31T11:30:00+09:00,J3,910,749,1659
2020-01-31T11:30:00+09:00,J4,826,943,1769
2020-01-31T11:30:00+09:00,J5,570,683,1253
2020-01-31T11:45:00+09:00,J1,843,972,1815
2020-01-31T11:45:00+09:00,J2,818,665,1483
2020-01-31T11:45:00+09:00,J3,967,744,1711
2020-01-31T11:45:00+09:00,J4,760,930,1690
2020-01-31T11:45:00+09:00,J5,574,644,1218
2020-01-31T12:00:00+09:00,J1,941,943,1884
2020-01-31T12:00:00+09:00,J2,899,689,1588
2020-01-31T12:00:00+09:00,J3,994,758,1752
2020-01-31T12:00:00+09:00,J4,762,970,1732
2020-01-31T12:00:00+09:00,J5,678,675,1353
2020-01-31T12:15:00+09:00,J1,790,958,1748
2020-01-31T12:15:00+09:00,J2,767,673,1440
2020-01-31T12:15:00+09:00,J3,875,798,1673
2020-01-31T12:15:00+09:00,J4,803,886,1689
2020-01-31T12:15:00+09:00,J5,618,605,1223
2020-01-31T12:30:00+09:00,J1,797,928,1725
2020-01-31T12:30:00+09:00,J2,772,686,1458
2020-01-31T12:30:00+09:00,J3,796,839,1635
2020-01-31T12:30:00+09:00,J4,706,805,1511
2020-01-31T12:30:00+09:00,J5,651,602,1253
2020-01-31T12:45:00+09:00,J1,815,959,1774
2020-01-31T12:45:00+09:00,J2,761,617,1378
2020-01-31T12:45:00+09:00,J3,877,801,1678
2020-01-31T12:45:00+09:00,J4,681,760,1441
2020-01-31T12:45:00+09:00,J5,636,588,1224
2020-01-31T13:00:00+09:00,J1,768,962,1730
2020-01-31T13:00:00+09:00,J2,751,574,1325
2020-01-31T13:00:00+09:00,J3,772,789,1561
2020-01-31T13:00:00+09:00,J4,617,724,1341
2020-01-31T13:00:00+09:00,J5,531,609,1140
2020-01-31T13:15:00+09:00,J1,764,892,1656
2020-01-31T13:15:00+09:00,J2,719,593,1312
2020-01-31T13:15:00+09:00,J3,855,852,1707
2020-01-31T13:15:00+09:00,J4,588,661,1249
2020-01-31T13:15:00+09:00,J5,601,618,1219
2020-01-31T13:30:00+09:00,J1,778,880,1658
2020-01-31T13:30:00+09:00,J2,725,540,1265
2020-01-31T13:30:00+09:00,J3,901,797,1698
2020-01-31T13:30:00+09:00,J4,600,708,1308
2020-01-31T13:30:00+09:00,J5,608,604,1212
2020-01-31T13:45:00+09:00,J1,780,927,1707
2020-01-31T13:45:00+09:00,J2,725,619,1344
2020-01-31T13:45:00+09:00,J3,892,779,1671
2020-01-31T13:45:00+09:00,J4,556,741,1297
2020-01-31T13:45:00+09:00,J5,599,571,1170
2020-01-31T14:00:00+09:00,J1,777,869,1646
2020-01-31T14:00:00+09:00,J2,757,668,1425
2020-01-31T14:00:00+09:00,J3,850,765,1615
2020-01-31T14:00:00+09:00,J4,590,701,1291
2020-01-31T14:00:00+09:00,J5,589,605,1194
2020-01-31T14:15:00+09:00,J1,820,926,1746
2020-01-31T14:15:00+09:00,J2,777,736,1513
2020-01-31T14:15:00+09:00,J3,863,812,1675
2020-01-31T14:15:00+09:00,J4,579,680,1259
2020-01-31T14:15:00+09:00,J5,602,583,1185
2020-01-31T14:30:00+09:00,J1,765,861,1626
2020-01-31T14:30:00+09:00,J2,756,666,1422
2020-01-31T14:30:00+09:00,J3,763,751,1514
2020-01-31T14:30:00+09:00,J4,585,687,1272
2020-01-31T14:30:00+09:00,J5,643,579,1222
2020-01-31T14:45:00+09:00,J1,786,861,1647
2020-01-31T14:45:00+09:00,J2,720,630,1350
2020-01-31T14:45:00+09:00,J3,711,628,1339
2020-01-31T14:45:00+09:00,J4,552,668,1220
2020-01-31T14:45:00+09:00,J5,565,612,1177
2020-01-31T15:00:00+09:00,J1,769,896,1665
2020-01-31T15:00:00+09:00,J2,658,588,1246
2020-01-31T15:00:00+09:00,J3,682,677,1359
2020-01-31T15:00:00+09:00,J4,582,645,1227
2020-01-31T15:00:00+09:00,J5,577,556,1133
2020-01-31T15:15:00+09:00,J1,794,901,1695
2020-01-31T15:15:00+09:00,J2,714,646,1360
2020-01-31T15:15:00+09:00,J3,754,717,1471
2020-01-31T15:15:00+09:00,J4,581,662,1243
2020-01-31T15:15:00+09:00,J5,572,539,1111
2020-01-31T15:30:00+09:00,J1,810,855,1665
2020-01-31T15:30:00+09:00,J2,785,667,1452
2020-01-31T15:30:00+09:00,J3,791,650,1441
2020-01-31T15:30:00+09:00,J4,585,655,1240
2020-01-31T15:30:00+09:00,J5,548,586,1134
2020-01-31T15:45:00+09:00,J1,810,938,1748
2020-01-31T15:45:00+09:00,J2,769,661,1430
2020-01-31T15:45:00+09:00,J3,670,593,1263
2020-01-31T15:45:00+09:00,J4,610,686,1296
2020-01-31T15:45:00+09:00,J5,555,507,1062
2020-01-31T16:00:00+09:00,J1,777,904,1681
2020-01-31T16:00:00+09:00,J2,661,602,1263
2020-01-31T16:00:00+09:00,J3,702,574,1276
2020-01-31T16:00:00+09:00,J4,626,644,1270
2020-01-31T16:00:00+09:00,J5,545,512,1057
2020-01-31T16:15:00+09:00,J1,789,899,1688
2020-01-31T16:15:00+09:00,J2,718,615,1333
2020-01-31T16:15:00+09:00,J3,743,603,1346
2020-01-31T16:15:00+09:00,J4,751,728,1479
2020-01-31T16:15:00+09:00,J5,551,497,1048
2020-01-31T16:30:00+09:00,J1,772,856,1628
2020-01-31T16:30:00+09:00,J2,758,621,1379
2020-01-31T16:30:00+09:00,J3,805,723,1528
2020-01-31T16:30:00+09:00,J4,770,763,1533
2020-01-31T16:30:00+09:00,J5,584,563,1147
2020-01-31T16:45:00+09:00,J1,849,838,1687
2020-01-31T16:45:00+09:00,J2,767,630,1397
2020-01-31T16:45:00+09:00,J3,872,654,1526
2020-01-31T16:45:00+09:00,J4,660,713,1373
2020-01-31T16:45:00+09:00,J5,574,623,1197
2020-01-31T17:00:00+09:00,J1,842,916,1758
2020-01-31T17:00:00+09:00,J2,775,748,1523
2020-01-31T17:00:00+09:00,J3,938,770,1708
2020-01-31T17:00:00+09:00,J4,898,860,1758
2020-01-31T17:00:00+09:00,J5,655,685,1340
2020-01-31T17:15:00+09:00,J1,892,981,1873
2020-01-31T17:15:00+09:00,J2,815,726,1541
2020-01-31T17:15:00+09:00,J3,953,787,1740
2020-01-31T17:15:00+09:00,J4,1101,923,2024
2020-01-31T17:15:00+09:00,J5,710,780,1490
2020-01-31T17:30:00+09:00,J1,969,977,1946
2020-01-31T17:30:00+09:00,J2,902,786,1688
2020-01-31T17:30:00+09:00,J3,1081,871,1952
2020-01-31T17:30:00+09:00,J4,1074,989,2063
2020-01-31T17:30:00+09:00,J5,706,840,1546
2020-01-31T17:45:00+09:00,J1,909,927,1836
2020-01-31T17:45:00+09:00,J2,868,787,1655
2020-01-31T17:45:00+09:00,J3,1133,884,2017
2020-01-31T17:45:00+09:00,J4,1123,1033,2156
2020-01-31T17:45:00+09:00,J5,708,855,1563
2020-01-31T18:00:00+09:00,J1,905,961,1866
2020-01-31T18:00:00+09:00,J2,941,837,1778
2020-01-31T18:00:00+09:00,J3,1255,940,2195
2020-01-31T18:00:00+09:00,J4,1154,1060,2214
2020-01-31T18:00:00+09:00,J5,697,842,1539
2020-01-31T18:15:00+09:00,J1,959,972,1931
2020-01-31T18:15:00+09:00,J2,959,831,1790
2020-01-31T18:15:00+09:00,J3,1241,973,2214
2020-01-31T18:15:00+09:00,J4,1210,939,2149
2020-01-31T18:15:00+09:00,J5,617,803,1420
2020-01-31T18:30:00+09:00,J1,918,976,1894
2020-01-31T18:30:00+09:00,J2,971,809,1780
2020-01-31T18:30:00+09:00,J3,1180,945,2125
2020-01-31T18:30:00+09:00,J4,936,820,1756
2020-01-31T18:30:00+09:00,J5,592,687,1279
2020-01-31T18:45:00+09:00,J1,1001,962,1963
2020-01-31T18:45:00+09:00,J2,885,724,1609
2020-01-31T18:45:00+09:00,J3,1115,851,1966
2020-01-31T18:45:00+09:00,J4,797,675,1472
2020-01-31T18:45:00+09:00,J5,604,642,1246
2020-01-31T19:00:00+09:00,J1,873,880,1753
2020-01-31T19:00:00+09:00,J2,899,718,1617
2020-01-31T19:00:00+09:00,J3,1074,740,1814
2020-01-31T19:00:00+09:00,J4,795,646,1441
2020-01-31T19:00:00+09:00,J5,520,631,1151
2020-01-31T19:15:00+09:00,J1,918,871,1789
2020-01-31T19:15:00+09:00,J2,779,654,1433
2020-01-31T19:15:00+09:00,J3,937,791,1728
2020-01-31T19:15:00+09:00,J4,723,649,1372
2020-01-31T19:15:00+09:00,J5,489,646,1135
2020-01-31T19:30:00+09:00,J1,897,861,1758
2020-01-31T19:30:00+09:00,J2,712,684,1396
2020-01-31T19:30:00+09:00,J3,891,782,1673
2020-01-31T19:30:00+09:00,J4,627,658,1285
2020-01-31T19:30:00+09:00,J5,427,542,969
2020-01-31T19:45:00+09:00,J1,853,868,1721
2020-01-31T19:45:00+09:00,J2,744,616,1360
2020-01-31T19:45:00+09:00,J3,820,731,1551
2020-01-31T19:45:00+09:00,J4,647,659,1306
2020-01-31T19:45:00+09:00,J5,370,517,887
2020-01-31T20:00:00+09:00,J1,860,830,1690
2020-01-31T20:00:00+09:00,J2,688,657,1345
2020-01-31T20:00:00+09:00,J3,866,753,1619
2020-01-31T20:00:00+09:00,J4,710,647,1357
2020-01-31T20:00:00+09:00,J5,358,452,810
2020-01-31T20:15:00+09:00,J1,799,872,1671
2020-01-31T20:15:00+09:00,J2,712,665,1377
2020-01-31T20:15:00+09:00,J3,830,745,1575
2020-01-31T20:15:00+09:00,J4,678,708,1386
2020-01-31T20:15:00+09:00,J5,373,448,821
2020-01-31T20:30:00+09:00,J1,818,906,1724
2020-01-31T20:30:00+09:00,J2,669,503,1172
2020-01-31T20:30:00+09:00,J3,847,772,1619
2020-01-31T20:30:00+09:00,J4,760,747,1507
2020-01-31T20:30:00+09:00,J5,331,410,741
2020-01-31T20:45:00+09:00,J1,760,913,1673
2020-01-31T20:45:00+09:00,J2,556,472,1028
2020-01-31T20:45:00+09:00,J3,858,758,1616
2020-01-31T20:45:00+09:00,J4,699,743,1442
2020-01-31T20:45:00+09:00,J5,329,407,736
2020-01-31T21:00:00+09:00,J1,824,816,1640
2020-01-31T21:00:00+09:00,J2,627,609,1236
2020-01-31T21:00:00+09:00,J3,819,664,1483
2020-01-31T21:00:00+09:00,J4,790,858,1648
2020-01-31T21:00:00+09:00,J5,281,409,690
2020-01-31T21:15:00+09:00,J1,838,960,1798
2020-01-31T21:15:00+09:00,J2,595,760,1355
2020-01-31T21:15:00+09:00,J3,858,581,1439
2020-01-31T21:15:00+09:00,J4,744,776,1520
2020-01-31T21:15:00+09:00,J5,260,341,601
2020-01-31T21:30:00+09:00,J1,775,910,1685
2020-01-31T21:30:00+09:00,J2,644,728,1372
2020-01-31T21:30:00+09:00,J3,778,614,1392
2020-01-31T21:30:00+09:00,J4,752,802,1554
2020-01-31T21:30:00+09:00,J5,283,311,594
2020-01-31T21:45:00+09:00,J1,777,856,1633
2020-01-31T21:45:00+09:00,J2,668,582,1250
2020-01-31T21:45:00+09:00,J3,728,612,1340
2020-01-31T21:45:00+09:00,J4,802,898,1700
2020-01-31T21:45:00+09:00,J5,299,314,613
2020-01-31T22:00:00+09:00,J1,795,846,1641
2020-01-31T22:00:00+09:00,J2,660,747,1407
2020-01-31T22:00:00+09:00,J3,658,537,1195
2020-01-31T22:00:00+09:00,J4,807,915,1722
2020-01-31T22:00:00+09:00,J5,248,283,531
2020-01-31T22:15:00+09:00,J1,799,834,1633
2020-01-31T22:15:00+09:00,J2,719,746,1465
2020-01-31T22:15:00+09:00,J3,670,581,1251
2020-01-31T22:15:00+09:00,J4,741,920,1661
2020-01-31T22:15:00+09:00,J5,334,317,651
2020-01-31T22:30:00+09:00,J1,805,851,1656
2020-01-31T22:30:00+09:00,J2,739,716,1455
2020-01-31T22:30:00+09:00,J3,619,539,1158
2020-01-31T22:30:00+09:00,J4,667,901,1568
2020-01-31T22:30:00+09:00,J5,296,306,602
2020-01-31T22:45:00+09:00,J1,773,890,1663
2020-01-31T22:45:00+09:00,J2,757,697,1454
2020-01-31T22:45:00+09:00,J3,580,526,1106
2020-01-31T22:45:00+09:00,J4,679,901,1580
2020-01-31T22:45:00+09:00,J5,374,331,705
2020-01-31T23:00:00+09:00,J1,835,909,1744
2020-01-31T23:00:00+09:00,J2,757,731,1488
2020-01-31T23:00:00+09:00,J3,583,567,1150
2020-01-31T23:00:00+09:00,J4,707,865,1572
2020-01-31T23:00:00+09:00,J5,334,367,701
2020-01-31T23:15:00+09:00,J1,770,841,1611
2020-01-31T23:15:00+09:00,J2,744,715,1459
2020-01-31T23:15:00+09:00,J3,554,581,1135
2020-01-31T23:15:00+09:00,J4,622,794,1416
2020-01-31T23:15:00+09:00,J5,321,332,653
2020-01-31T23:30:00+09:00,J1,733,849,1582
2020-01-31T23:30:00+09:00,J2,678,771,1449
2020-01-31T23:30:00+09:00,J3,622,616,1238
2020-01-31T23:30:00+09:00,J4,685,825,1510
2020-01-31T23:30:00+09:00,J5,336,319,655
2020-01-31T23:45:00+09:00,J1,746,865,1611
2020-01-31T23:45:00+09:00,J2,654,620,1274
2020-01-31T23:45:00+09:00,J3,536,511,1047
2020-01-31T23:45:00+09:00,J4,666,751,1417
2020-01-31T23:45:00+09:00,J5,387,299,686
2020-02-01T00:00:00+09:00,J1,673,741,1414
2020-02-01T00:00:00+09:00,J2,735,682,1417
2020-02-01T00:00:00+09:00,J3,475,501,976
2020-02-01T00:00:00+09:00,J4,581,777,1358
2020-02-01T00:00:00+09:00,J5,390,355,745
2020-02-01T00:15:00+09:00,J1,516,506,1022
2020-02-01T00:15:00+09:00,J2,731,697,1428
2020-02-01T00:15:00+09:00,J3,601,532,1133
2020-02-01T00:15:00+09:00,J4,550,604,1154
2020-02-01T00:15:00+09:00,J5,477,534,1011
2020-02-01T00:30:00+09:00,J1,486,480,966
2020-02-01T00:30:00+09:00,J2,715,637,1352
2020-02-01T00:30:00+09:00,J3,628,579,1207
2020-02-01T00:30:00+09:00,J4,537,639,1176
2020-02-01T00:30:00+09:00,J5,553,541,1094
2020-02-01T00:45:00+09:00,J1,492,547,1039
2020-02-01T00:45:00+09:00,J2,656,588,1244
2020-02-01T00:45:00+09:00,J3,633,598,1231
2020-02-01T00:45:00+09:00,J4,599,692,1291
2020-02-01T00:45:00+09:00,J5,532,492,1024
