日時,アレイ,札幌→大通り,大通り→札幌,合計
2019-06-01T05:45:00+09:00,J1,225,295,520
2019-06-01T05:45:00+09:00,J2,274,260,534
2019-06-01T05:45:00+09:00,J3,394,372,766
2019-06-01T05:45:00+09:00,J4,399,366,765
2019-06-01T05:45:00+09:00,J5,273,299,572
2019-06-01T06:00:00+09:00,J1,263,325,588
2019-06-01T06:00:00+09:00,J2,304,270,574
2019-06-01T06:00:00+09:00,J3,476,437,913
2019-06-01T06:00:00+09:00,J4,354,346,700
2019-06-01T06:00:00+09:00,J5,247,212,459
2019-06-01T06:15:00+09:00,J1,312,342,654
2019-06-01T06:15:00+09:00,J2,314,352,666
2019-06-01T06:15:00+09:00,J3,605,503,1108
2019-06-01T06:15:00+09:00,J4,367,348,715
2019-06-01T06:15:00+09:00,J5,280,251,531
2019-06-01T06:30:00+09:00,J1,233,290,523
2019-06-01T06:30:00+09:00,J2,311,337,648
2019-06-01T06:30:00+09:00,J3,513,515,1028
2019-06-01T06:30:00+09:00,J4,419,393,812
2019-06-01T06:30:00+09:00,J5,454,429,883
2019-06-01T06:45:00+09:00,J1,304,322,626
2019-06-01T06:45:00+09:00,J2,342,371,713
2019-06-01T06:45:00+09:00,J3,524,488,1012
2019-06-01T06:45:00+09:00,J4,374,371,745
2019-06-01T06:45:00+09:00,J5,378,337,715
2019-06-01T07:00:00+09:00,J1,278,336,614
2019-06-01T07:00:00+09:00,J2,329,331,660
2019-06-01T07:00:00+09:00,J3,565,523,1088
2019-06-01T07:00:00+09:00,J4,436,426,862
2019-06-01T07:00:00+09:00,J5,377,397,774
2019-06-01T07:15:00+09:00,J1,357,358,715
2019-06-01T07:15:00+09:00,J2,381,382,763
2019-06-01T07:15:00+09:00,J3,562,564,1126
2019-06-01T07:15:00+09:00,J4,448,458,906
2019-06-01T07:15:00+09:00,J5,376,378,754
2019-06-01T07:30:00+09:00,J1,348,383,731
2019-06-01T07:30:00+09:00,J2,380,343,723
2019-06-01T07:30:00+09:00,J3,599,574,1173
2019-06-01T07:30:00+09:00,J4,455,496,951
2019-06-01T07:30:00+09:00,J5,385,384,769
2019-06-01T07:45:00+09:00,J1,334,356,690
2019-06-01T07:45:00+09:00,J2,398,361,759
2019-06-01T07:45:00+09:00,J3,597,563,1160
2019-06-01T07:45:00+09:00,J4,397,361,758
2019-06-01T07:45:00+09:00,J5,374,365,739
2019-06-01T08:00:00+09:00,J1,502,496,998
2019-06-01T08:00:00+09:00,J2,543,423,966
2019-06-01T08:00:00+09:00,J3,787,732,1519
2019-06-01T08:00:00+09:00,J4,372,419,791
2019-06-01T08:00:00+09:00,J5,485,436,921
2019-06-01T08:15:00+09:00,J1,574,548,1122
2019-06-01T08:15:00+09:00,J2,670,542,1212
2019-06-01T08:15:00+09:00,J3,887,862,1749
2019-06-01T08:15:00+09:00,J4,487,551,1038
2019-06-01T08:15:00+09:00,J5,399,432,831
2019-06-01T08:30:00+09:00,J1,573,528,1101
2019-06-01T08:30:00+09:00,J2,699,593,1292
2019-06-01T08:30:00+09:00,J3,805,774,1579
2019-06-01T08:30:00+09:00,J4,498,491,989
2019-06-01T08:30:00+09:00,J5,294,334,628
2019-06-01T08:45:00+09:00,J1,486,452,938
2019-06-01T08:45:00+09:00,J2,653,602,1255
2019-06-01T08:45:00+09:00,J3,740,715,1455
2019-06-01T08:45:00+09:00,J4,447,478,925
2019-06-01T08:45:00+09:00,J5,331,349,680
2019-06-01T09:00:00+09:00,J1,416,387,803
2019-06-01T09:00:00+09:00,J2,661,588,1249
2019-06-01T09:00:00+09:00,J3,684,736,1420
2019-06-01T09:00:00+09:00,J4,497,591,1088
2019-06-01T09:00:00+09:00,J5,348,330,678
2019-06-01T09:15:00+09:00,J1,443,376,819
2019-06-01T09:15:00+09:00,J2,743,595,1338
2019-06-01T09:15:00+09:00,J3,664,697,1361
2019-06-01T09:15:00+09:00,J4,612,640,1252
2019-06-01T09:15:00+09:00,J5,420,374,794
2019-06-01T09:30:00+09:00,J1,431,376,807
2019-06-01T09:30:00+09:00,J2,754,490,1244
2019-06-01T09:30:00+09:00,J3,672,724,1396
2019-06-01T09:30:00+09:00,J4,636,694,1330
2019-06-01T09:30:00+09:00,J5,408,400,808
2019-06-01T09:45:00+09:00,J1,487,421,908
2019-06-01T09:45:00+09:00,J2,744,562,1306
2019-06-01T09:45:00+09:00,J3,668,616,1284
2019-06-01T09:45:00+09:00,J4,740,692,1432
2019-06-01T09:45:00+09:00,J5,363,404,767
2019-06-01T10:00:00+09:00,J1,478,462,940
2019-06-01T10:00:00+09:00,J2,613,563,1176
2019-06-01T10:00:00+09:00,J3,588,547,1135
2019-06-01T10:00:00+09:00,J4,755,681,1436
2019-06-01T10:00:00+09:00,J5,453,427,880
2019-06-01T10:15:00+09:00,J1,535,451,986
2019-06-01T10:15:00+09:00,J2,522,499,1021
2019-06-01T10:15:00+09:00,J3,549,508,1057
2019-06-01T10:15:00+09:00,J4,822,708,1530
2019-06-01T10:15:00+09:00,J5,448,500,948
2019-06-01T10:30:00+09:00,J1,571,512,1083
2019-06-01T10:30:00+09:00,J2,484,391,875
2019-06-01T10:30:00+09:00,J3,512,484,996
2019-06-01T10:30:00+09:00,J4,730,642,1372
2019-06-01T10:30:00+09:00,J5,484,544,1028
2019-06-01T10:45:00+09:00,J1,612,542,1154
2019-06-01T10:45:00+09:00,J2,479,376,855
2019-06-01T10:45:00+09:00,J3,550,478,1028
2019-06-01T10:45:00+09:00,J4,794,771,1565
2019-06-01T10:45:00+09:00,J5,552,554,1106
2019-06-01T11:00:00+09:00,J1,628,584,1212
2019-06-01T11:00:00+09:00,J2,465,415,880
2019-06-01T11:00:00+09:00,J3,592,545,1137
2019-06-01T11:00:00+09:00,J4,747,713,1460
2019-06-01T11:00:00+09:00,J5,493,552,1045
2019-06-01T11:15:00+09:00,J1,696,620,1316
2019-06-01T11:15:00+09:00,J2,523,486,1009
2019-06-01T11:15:00+09:00,J3,616,562,1178
2019-06-01T11:15:00+09:00,J4,671,703,1374
2019-06-01T11:15:00+09:00,J5,509,567,1076
2019-06-01T11:30:00+09:00,J1,674,678,1352
2019-06-01T11:30:00+09:00,J2,485,437,922
2019-06-01T11:30:00+09:00,J3,589,541,1130
2019-06-01T11:30:00+09:00,J4,694,690,1384
2019-06-01T11:30:00+09:00,J5,518,608,1126
2019-06-01T11:45:00+09:00,J1,667,601,1268
2019-06-01T11:45:00+09:00,J2,472,505,977
2019-06-01T11:45:00+09:00,J3,537,604,1141
2019-06-01T11:45:00+09:00,J4,687,704,1391
2019-06-01T11:45:00+09:00,J5,585,650,1235
2019-06-01T12:00:00+09:00,J1,634,712,1346
2019-06-01T12:00:00+09:00,J2,517,546,1063
2019-06-01T12:00:00+09:00,J3,674,603,1277
2019-06-01T12:00:00+09:00,J4,693,694,1387
2019-06-01T12:00:00+09:00,J5,531,620,1151
2019-06-01T12:15:00+09:00,J1,609,637,1246
2019-06-01T12:15:00+09:00,J2,471,553,1024
2019-06-01T12:15:00+09:00,J3,611,587,1198
2019-06-01T12:15:00+09:00,J4,746,710,1456
2019-06-01T12:15:00+09:00,J5,543,572,1115
2019-06-01T12:30:00+09:00,J1,626,699,1325
2019-06-01T12:30:00+09:00,J2,508,541,1049
2019-06-01T12:30:00+09:00,J3,575,636,1211
2019-06-01T12:30:00+09:00,J4,703,713,1416
2019-06-01T12:30:00+09:00,J5,555,648,1203
2019-06-01T12:45:00+09:00,J1,597,663,1260
2019-06-01T12:45:00+09:00,J2,461,561,1022
2019-06-01T12:45:00+09:00,J3,588,585,1173
2019-06-01T12:45:00+09:00,J4,685,677,1362
2019-06-01T12:45:00+09:00,J5,565,655,1220
2019-06-01T13:00:00+09:00,J1,556,678,1234
2019-06-01T13:00:00+09:00,J2,451,570,1021
2019-06-01T13:00:00+09:00,J3,602,607,1209
2019-06-01T13:00:00+09:00,J4,698,769,1467
2019-06-01T13:00:00+09:00,J5,549,626,1175
2019-06-01T13:15:00+09:00,J1,568,751,1319
2019-06-01T13:15:00+09:00,J2,464,573,1037
2019-06-01T13:15:00+09:00,J3,581,638,1219
2019-06-01T13:15:00+09:00,J4,650,725,1375
2019-06-01T13:15:00+09:00,J5,541,660,1201
2019-06-01T13:30:00+09:00,J1,631,701,1332
2019-06-01T13:30:00+09:00,J2,493,563,1056
2019-06-01T13:30:00+09:00,J3,549,524,1073
2019-06-01T13:30:00+09:00,J4,629,749,1378
2019-06-01T13:30:00+09:00,J5,622,756,1378
2019-06-01T13:45:00+09:00,J1,590,747,1337
2019-06-01T13:45:00+09:00,J2,534,593,1127
2019-06-01T13:45:00+09:00,J3,585,573,1158
2019-06-01T13:45:00+09:00,J4,657,683,1340
2019-06-01T13:45:00+09:00,J5,588,652,1240
2019-06-01T14:00:00+09:00,J1,563,703,1266
2019-06-01T14:00:00+09:00,J2,545,601,1146
2019-06-01T14:00:00+09:00,J3,613,582,1195
2019-06-01T14:00:00+09:00,J4,673,740,1413
2019-06-01T14:00:00+09:00,J5,567,608,1175
2019-06-01T14:15:00+09:00,J1,588,782,1370
2019-06-01T14:15:00+09:00,J2,547,523,1070
2019-06-01T14:15:00+09:00,J3,605,632,1237
2019-06-01T14:15:00+09:00,J4,682,770,1452
2019-06-01T14:15:00+09:00,J5,662,675,1337
2019-06-01T14:30:00+09:00,J1,618,833,1451
2019-06-01T14:30:00+09:00,J2,614,560,1174
2019-06-01T14:30:00+09:00,J3,653,599,1252
2019-06-01T14:30:00+09:00,J4,666,699,1365
2019-06-01T14:30:00+09:00,J5,691,695,1386
2019-06-01T14:45:00+09:00,J1,628,805,1433
2019-06-01T14:45:00+09:00,J2,644,536,1180
2019-06-01T14:45:00+09:00,J3,634,626,1260
2019-06-01T14:45:00+09:00,J4,647,670,1317
2019-06-01T14:45:00+09:00,J5,552,568,1120
2019-06-01T15:00:00+09:00,J1,655,744,1399
2019-06-01T15:00:00+09:00,J2,657,589,1246
2019-06-01T15:00:00+09:00,J3,645,639,1284
2019-06-01T15:00:00+09:00,J4,621,717,1338
2019-06-01T15:00:00+09:00,J5,669,719,1388
2019-06-01T15:15:00+09:00,J1,570,756,1326
2019-06-01T15:15:00+09:00,J2,741,550,1291
2019-06-01T15:15:00+09:00,J3,709,598,1307
2019-06-01T15:15:00+09:00,J4,614,737,1351
2019-06-01T15:15:00+09:00,J5,594,680,1274
2019-06-01T15:30:00+09:00,J1,630,748,1378
2019-06-01T15:30:00+09:00,J2,679,502,1181
2019-06-01T15:30:00+09:00,J3,766,660,1426
2019-06-01T15:30:00+09:00,J4,744,696,1440
2019-06-01T15:30:00+09:00,J5,563,659,1222
2019-06-01T15:45:00+09:00,J1,598,664,1262
2019-06-01T15:45:00+09:00,J2,704,530,1234
2019-06-01T15:45:00+09:00,J3,735,641,1376
2019-06-01T15:45:00+09:00,J4,604,696,1300
2019-06-01T15:45:00+09:00,J5,672,649,1321
2019-06-01T16:00:00+09:00,J1,621,752,1373
2019-06-01T16:00:00+09:00,J2,616,559,1175
2019-06-01T16:00:00+09:00,J3,670,549,1219
2019-06-01T16:00:00+09:00,J4,579,711,1290
2019-06-01T16:00:00+09:00,J5,619,546,1165
2019-06-01T16:15:00+09:00,J1,669,802,1471
2019-06-01T16:15:00+09:00,J2,716,564,1280
2019-06-01T16:15:00+09:00,J3,705,544,1249
2019-06-01T16:15:00+09:00,J4,590,706,1296
2019-06-01T16:15:00+09:00,J5,704,749,1453
2019-06-01T16:30:00+09:00,J1,623,775,1398
2019-06-01T16:30:00+09:00,J2,710,519,1229
2019-06-01T16:30:00+09:00,J3,729,543,1272
2019-06-01T16:30:00+09:00,J4,616,625,1241
2019-06-01T16:30:00+09:00,J5,564,616,1180
2019-06-01T16:45:00+09:00,J1,587,719,1306
2019-06-01T16:45:00+09:00,J2,671,498,1169
2019-06-01T16:45:00+09:00,J3,696,605,1301
2019-06-01T16:45:00+09:00,J4,586,642,1228
2019-06-01T16:45:00+09:00,J5,483,538,1021
2019-06-01T17:00:00+09:00,J1,691,831,1522
2019-06-01T17:00:00+09:00,J2,668,604,1272
2019-06-01T17:00:00+09:00,J3,820,686,1506
2019-06-01T17:00:00+09:00,J4,629,702,1331
2019-06-01T17:00:00+09:00,J5,644,615,1259
2019-06-01T17:15:00+09:00,J1,706,822,1528
2019-06-01T17:15:00+09:00,J2,669,581,1250
2019-06-01T17:15:00+09:00,J3,881,743,1624
2019-06-01T17:15:00+09:00,J4,691,665,1356
2019-06-01T17:15:00+09:00,J5,413,390,803
2019-06-01T17:30:00+09:00,J1,747,811,1558
2019-06-01T17:30:00+09:00,J2,706,481,1187
2019-06-01T17:30:00+09:00,J3,927,746,1673
2019-06-01T17:30:00+09:00,J4,755,737,1492
2019-06-01T17:30:00+09:00,J5,466,460,926
2019-06-01T17:45:00+09:00,J1,648,744,1392
2019-06-01T17:45:00+09:00,J2,701,599,1300
2019-06-01T17:45:00+09:00,J3,920,742,1662
2019-06-01T17:45:00+09:00,J4,696,682,1378
2019-06-01T17:45:00+09:00,J5,501,491,992
2019-06-01T18:00:00+09:00,J1,738,719,1457
2019-06-01T18:00:00+09:00,J2,646,549,1195
2019-06-01T18:00:00+09:00,J3,818,630,1448
2019-06-01T18:00:00+09:00,J4,782,694,1476
2019-06-01T18:00:00+09:00,J5,340,344,684
2019-06-01T18:15:00+09:00,J1,789,800,1589
2019-06-01T18:15:00+09:00,J2,653,609,1262
2019-06-01T18:15:00+09:00,J3,914,691,1605
2019-06-01T18:15:00+09:00,J4,799,704,1503
2019-06-01T18:15:00+09:00,J5,286,312,598
2019-06-01T18:30:00+09:00,J1,638,635,1273
2019-06-01T18:30:00+09:00,J2,552,549,1101
2019-06-01T18:30:00+09:00,J3,781,578,1359
2019-06-01T18:30:00+09:00,J4,703,688,1391
2019-06-01T18:30:00+09:00,J5,335,348,683
2019-06-01T18:45:00+09:00,J1,589,673,1262
2019-06-01T18:45:00+09:00,J2,495,519,1014
2019-06-01T18:45:00+09:00,J3,640,586,1226
2019-06-01T18:45:00+09:00,J4,661,620,1281
2019-06-01T18:45:00+09:00,J5,395,339,734
2019-06-01T19:00:00+09:00,J1,545,585,1130
2019-06-01T19:00:00+09:00,J2,475,502,977
2019-06-01T19:00:00+09:00,J3,619,620,1239
2019-06-01T19:00:00+09:00,J4,689,614,1303
2019-06-01T19:00:00+09:00,J5,386,348,734
2019-06-01T19:15:00+09:00,J1,523,570,1093
2019-06-01T19:15:00+09:00,J2,475,538,1013
2019-06-01T19:15:00+09:00,J3,621,657,1278
2019-06-01T19:15:00+09:00,J4,668,676,1344
2019-06-01T19:15:00+09:00,J5,562,629,1191
2019-06-01T19:30:00+09:00,J1,508,579,1087
2019-06-01T19:30:00+09:00,J2,443,457,900
2019-06-01T19:30:00+09:00,J3,530,515,1045
2019-06-01T19:30:00+09:00,J4,734,621,1355
2019-06-01T19:30:00+09:00,J5,563,604,1167
2019-06-01T19:45:00+09:00,J1,475,551,1026
2019-06-01T19:45:00+09:00,J2,414,430,844
2019-06-01T19:45:00+09:00,J3,426,471,897
2019-06-01T19:45:00+09:00,J4,739,654,1393
2019-06-01T19:45:00+09:00,J5,555,641,1196
2019-06-01T20:00:00+09:00,J1,405,523,928
2019-06-01T20:00:00+09:00,J2,358,434,792
2019-06-01T20:00:00+09:00,J3,524,502,1026
2019-06-01T20:00:00+09:00,J4,654,622,1276
2019-06-01T20:00:00+09:00,J5,611,732,1343
2019-06-01T20:15:00+09:00,J1,487,575,1062
2019-06-01T20:15:00+09:00,J2,409,452,861
2019-06-01T20:15:00+09:00,J3,509,525,1034
2019-06-01T20:15:00+09:00,J4,619,577,1196
2019-06-01T20:15:00+09:00,J5,652,721,1373
2019-06-01T20:30:00+09:00,J1,506,542,1048
2019-06-01T20:30:00+09:00,J2,354,472,826
2019-06-01T20:30:00+09:00,J3,550,514,1064
2019-06-01T20:30:00+09:00,J4,649,631,1280
2019-06-01T20:30:00+09:00,J5,446,446,892
2019-06-01T20:45:00+09:00,J1,431,541,972
2019-06-01T20:45:00+09:00,J2,405,391,796
2019-06-01T20:45:00+09:00,J3,478,441,919
2019-06-01T20:45:00+09:00,J4,710,641,1351
2019-06-01T20:45:00+09:00,J5,548,590,1138
2019-06-01T21:00:00+09:00,J1,447,514,961
2019-06-01T21:00:00+09:00,J2,365,391,756
2019-06-01T21:00:00+09:00,J3,490,471,961
2019-06-01T21:00:00+09:00,J4,654,643,1297
2019-06-01T21:00:00+09:00,J5,543,662,1205
2019-06-01T21:15:00+09:00,J1,397,509,906
2019-06-01T21:15:00+09:00,J2,338,345,683
2019-06-01T21:15:00+09:00,J3,466,433,899
2019-06-01T21:15:00+09:00,J4,710,609,1319
2019-06-01T21:15:00+09:00,J5,660,730,1390
2019-06-01T21:30:00+09:00,J1,343,421,764
2019-06-01T21:30:00+09:00,J2,337,377,714
2019-06-01T21:30:00+09:00,J3,450,497,947
2019-06-01T21:30:00+09:00,J4,725,676,1401
2019-06-01T21:30:00+09:00,J5,651,648,1299
2019-06-01T21:45:00+09:00,J1,344,432,776
2019-06-01T21:45:00+09:00,J2,316,339,655
2019-06-01T21:45:00+09:00,J3,384,434,818
2019-06-01T21:45:00+09:00,J4,644,554,1198
2019-06-01T21:45:00+09:00,J5,662,803,1465
2019-06-01T22:00:00+09:00,J1,346,390,736
2019-06-01T22:00:00+09:00,J2,320,333,653
2019-06-01T22:00:00+09:00,J3,445,453,898
2019-06-01T22:00:00+09:00,J4,633,625,1258
2019-06-01T22:00:00+09:00,J5,596,646,1242
2019-06-01T22:15:00+09:00,J1,421,517,938
2019-06-01T22:15:00+09:00,J2,337,389,726
2019-06-01T22:15:00+09:00,J3,454,480,934
2019-06-01T22:15:00+09:00,J4,638,683,1321
2019-06-01T22:15:00+09:00,J5,552,675,1227
2019-06-01T22:30:00+09:00,J1,395,593,988
2019-06-01T22:30:00+09:00,J2,326,376,702
2019-06-01T22:30:00+09:00,J3,450,502,952
2019-06-01T22:30:00+09:00,J4,672,657,1329
2019-06-01T22:30:00+09:00,J5,603,690,1293
2019-06-01T22:45:00+09:00,J1,594,688,1282
2019-06-01T22:45:00+09:00,J2,335,423,758
2019-06-01T22:45:00+09:00,J3,520,478,998
2019-06-01T22:45:00+09:00,J4,700,683,1383
2019-06-01T22:45:00+09:00,J5,403,467,870
2019-06-01T23:00:00+09:00,J1,514,672,1186
2019-06-01T23:00:00+09:00,J2,355,362,717
2019-06-01T23:00:00+09:00,J3,517,518,1035
2019-06-01T23:00:00+09:00,J4,706,658,1364
2019-06-01T23:00:00+09:00,J5,378,442,820
2019-06-01T23:15:00+09:00,J1,487,609,1096
2019-06-01T23:15:00+09:00,J2,310,435,745
2019-06-01T23:15:00+09:00,J3,477,508,985
2019-06-01T23:15:00+09:00,J4,702,690,1392
2019-06-01T23:15:00+09:00,J5,451,466,917
2019-06-01T23:30:00+09:00,J1,485,622,1107
2019-06-01T23:30:00+09:00,J2,332,396,728
2019-06-01T23:30:00+09:00,J3,496,525,1021
2019-06-01T23:30:00+09:00,J4,717,680,1397
2019-06-01T23:30:00+09:00,J5,422,445,867
2019-06-01T23:45:00+09:00,J1,546,554,1100
2019-06-01T23:45:00+09:00,J2,281,260,541
2019-06-01T23:45:00+09:00,J3,467,489,956
2019-06-01T23:45:00+09:00,J4,792,618,1410
2019-06-01T23:45:00+09:00,J5,373,400,773
2019-06-02T00:00:00+09:00,J1,342,347,689
2019-06-02T00:00:00+09:00,J2,318,306,624
2019-06-02T00:00:00+09:00,J3,356,360,716
2019-06-02T00:00:00+09:00,J4,661,604,1265
2019-06-02T00:00:00+09:00,J5,345,368,713
2019-06-02T00:15:00+09:00,J1,187,233,420
2019-06-02T00:15:00+09:00,J2,370,370,740
2019-06-02T00:15:00+09:00,J3,481,459,940
2019-06-02T00:15:00+09:00,J4,629,532,1161
2019-06-02T00:15:00+09:00,J5,243,241,484
2019-06-02T00:30:00+09:00,J1,187,195,382
2019-06-02T00:30:00+09:00,J2,508,401,909
2019-06-02T00:30:00+09:00,J3,541,479,1020
2019-06-02T00:30:00+09:00,J4,261,198,459
2019-06-02T00:30:00+09:00,J5,184,174,358
2019-06-02T00:45:00+09:00,J1,234,188,422
2019-06-02T00:45:00+09:00,J2,500,447,947
2019-06-02T00:45:00+09:00,J3,547,405,952
2019-06-02T00:45:00+09:00,J4,249,231,480
2019-06-02T00:45:00+09:00,J5,208,203,411
2019-06-02T05:45:00+09:00,J1,201,283,484
2019-06-02T05:45:00+09:00,J2,300,296,596
2019-06-02T05:45:00+09:00,J3,362,362,724
2019-06-02T05:45:00+09:00,J4,388,373,761
2019-06-02T05:45:00+09:00,J5,186,162,348
2019-06-02T06:00:00+09:00,J1,234,283,517
2019-06-02T06:00:00+09:00,J2,338,329,667
2019-06-02T06:00:00+09:00,J3,530,513,1043
2019-06-02T06:00:00+09:00,J4,419,400,819
2019-06-02T06:00:00+09:00,J5,239,181,420
2019-06-02T06:15:00+09:00,J1,287,330,617
2019-06-02T06:15:00+09:00,J2,384,372,756
2019-06-02T06:15:00+09:00,J3,688,635,1323
2019-06-02T06:15:00+09:00,J4,437,372,809
2019-06-02T06:15:00+09:00,J5,268,220,488
2019-06-02T06:30:00+09:00,J1,300,321,621
2019-06-02T06:30:00+09:00,J2,382,319,701
2019-06-02T06:30:00+09:00,J3,635,558,1193
2019-06-02T06:30:00+09:00,J4,380,358,738
2019-06-02T06:30:00+09:00,J5,369,328,697
2019-06-02T06:45:00+09:00,J1,309,345,654
2019-06-02T06:45:00+09:00,J2,410,353,763
2019-06-02T06:45:00+09:00,J3,608,535,1143
2019-06-02T06:45:00+09:00,J4,355,332,687
2019-06-02T06:45:00+09:00,J5,312,240,552
2019-06-02T07:00:00+09:00,J1,317,369,686
2019-06-02T07:00:00+09:00,J2,466,363,829
2019-06-02T07:00:00+09:00,J3,622,548,1170
2019-06-02T07:00:00+09:00,J4,435,343,778
2019-06-02T07:00:00+09:00,J5,320,281,601
2019-06-02T07:15:00+09:00,J1,339,337,676
2019-06-02T07:15:00+09:00,J2,529,411,940
2019-06-02T07:15:00+09:00,J3,670,547,1217
2019-06-02T07:15:00+09:00,J4,390,341,731
2019-06-02T07:15:00+09:00,J5,349,320,669
2019-06-02T07:30:00+09:00,J1,320,348,668
2019-06-02T07:30:00+09:00,J2,568,506,1074
2019-06-02T07:30:00+09:00,J3,650,569,1219
2019-06-02T07:30:00+09:00,J4,438,439,877
2019-06-02T07:30:00+09:00,J5,363,348,711
2019-06-02T07:45:00+09:00,J1,345,358,703
2019-06-02T07:45:00+09:00,J2,485,492,977
2019-06-02T07:45:00+09:00,J3,564,563,1127
2019-06-02T07:45:00+09:00,J4,422,394,816
2019-06-02T07:45:00+09:00,J5,349,314,663
2019-06-02T08:00:00+09:00,J1,553,532,1085
2019-06-02T08:00:00+09:00,J2,632,532,1164
2019-06-02T08:00:00+09:00,J3,618,656,1274
2019-06-02T08:00:00+09:00,J4,430,364,794
2019-06-02T08:00:00+09:00,J5,284,251,535
2019-06-02T08:15:00+09:00,J1,594,579,1173
2019-06-02T08:15:00+09:00,J2,673,515,1188
2019-06-02T08:15:00+09:00,J3,629,633,1262
2019-06-02T08:15:00+09:00,J4,511,487,998
2019-06-02T08:15:00+09:00,J5,278,238,516
2019-06-02T08:30:00+09:00,J1,547,537,1084
2019-06-02T08:30:00+09:00,J2,676,577,1253
2019-06-02T08:30:00+09:00,J3,610,637,1247
2019-06-02T08:30:00+09:00,J4,585,501,1086
2019-06-02T08:30:00+09:00,J5,313,260,573
2019-06-02T08:45:00+09:00,J1,536,566,1102
2019-06-02T08:45:00+09:00,J2,715,570,1285
2019-06-02T08:45:00+09:00,J3,658,617,1275
2019-06-02T08:45:00+09:00,J4,493,463,956
2019-06-02T08:45:00+09:00,J5,331,300,631
2019-06-02T09:00:00+09:00,J1,476,441,917
2019-06-02T09:00:00+09:00,J2,673,530,1203
2019-06-02T09:00:00+09:00,J3,523,546,1069
2019-06-02T09:00:00+09:00,J4,505,477,982
2019-06-02T09:00:00+09:00,J5,313,313,626
2019-06-02T09:15:00+09:00,J1,430,416,846
2019-06-02T09:15:00+09:00,J2,629,540,1169
2019-06-02T09:15:00+09:00,J3,447,506,953
2019-06-02T09:15:00+09:00,J4,701,681,1382
2019-06-02T09:15:00+09:00,J5,335,348,683
2019-06-02T09:30:00+09:00,J1,522,410,932
2019-06-02T09:30:00+09:00,J2,555,515,1070
2019-06-02T09:30:00+09:00,J3,516,517,1033
2019-06-02T09:30:00+09:00,J4,790,695,1485
2019-06-02T09:30:00+09:00,J5,384,369,753
2019-06-02T09:45:00+09:00,J1,503,469,972
2019-06-02T09:45:00+09:00,J2,474,450,924
2019-06-02T09:45:00+09:00,J3,485,453,938
2019-06-02T09:45:00+09:00,J4,808,699,1507
2019-06-02T09:45:00+09:00,J5,374,421,795
2019-06-02T10:00:00+09:00,J1,529,460,989
2019-06-02T10:00:00+09:00,J2,427,424,851
2019-06-02T10:00:00+09:00,J3,452,416,868
2019-06-02T10:00:00+09:00,J4,793,718,1511
2019-06-02T10:00:00+09:00,J5,433,442,875
2019-06-02T10:15:00+09:00,J1,582,457,1039
2019-06-02T10:15:00+09:00,J2,443,404,847
2019-06-02T10:15:00+09:00,J3,466,442,908
2019-06-02T10:15:00+09:00,J4,694,667,1361
2019-06-02T10:15:00+09:00,J5,467,499,966
2019-06-02T10:30:00+09:00,J1,574,525,1099
2019-06-02T10:30:00+09:00,J2,512,472,984
2019-06-02T10:30:00+09:00,J3,485,523,1008
2019-06-02T10:30:00+09:00,J4,681,719,1400
2019-06-02T10:30:00+09:00,J5,488,573,1061
2019-06-02T10:45:00+09:00,J1,588,631,1219
2019-06-02T10:45:00+09:00,J2,480,471,951
2019-06-02T10:45:00+09:00,J3,511,541,1052
2019-06-02T10:45:00+09:00,J4,722,628,1350
2019-06-02T10:45:00+09:00,J5,565,628,1193
2019-06-02T11:00:00+09:00,J1,667,690,1357
2019-06-02T11:00:00+09:00,J2,478,504,982
2019-06-02T11:00:00+09:00,J3,498,584,1082
2019-06-02T11:00:00+09:00,J4,713,663,1376
2019-06-02T11:00:00+09:00,J5,557,602,1159
2019-06-02T11:15:00+09:00,J1,708,692,1400
2019-06-02T11:15:00+09:00,J2,531,591,1122
2019-06-02T11:15:00+09:00,J3,624,667,1291
2019-06-02T11:15:00+09:00,J4,648,682,1330
2019-06-02T11:15:00+09:00,J5,492,552,1044
2019-06-02T11:30:00+09:00,J1,694,766,1460
2019-06-02T11:30:00+09:00,J2,520,482,1002
2019-06-02T11:30:00+09:00,J3,646,686,1332
2019-06-02T11:30:00+09:00,J4,611,676,1287
2019-06-02T11:30:00+09:00,J5,343,333,676
2019-06-02T11:45:00+09:00,J1,658,651,1309
2019-06-02T11:45:00+09:00,J2,544,486,1030
2019-06-02T11:45:00+09:00,J3,724,525,1249
2019-06-02T11:45:00+09:00,J4,654,619,1273
2019-06-02T11:45:00+09:00,J5,527,514,1041
2019-06-02T12:00:00+09:00,J1,659,735,1394
2019-06-02T12:00:00+09:00,J2,579,518,1097
2019-06-02T12:00:00+09:00,J3,756,616,1372
2019-06-02T12:00:00+09:00,J4,629,738,1367
2019-06-02T12:00:00+09:00,J5,541,574,1115
2019-06-02T12:15:00+09:00,J1,686,722,1408
2019-06-02T12:15:00+09:00,J2,685,502,1187
2019-06-02T12:15:00+09:00,J3,844,717,1561
2019-06-02T12:15:00+09:00,J4,632,740,1372
2019-06-02T12:15:00+09:00,J5,593,552,1145
2019-06-02T12:30:00+09:00,J1,633,705,1338
2019-06-02T12:30:00+09:00,J2,731,452,1183
2019-06-02T12:30:00+09:00,J3,689,598,1287
2019-06-02T12:30:00+09:00,J4,586,717,1303
2019-06-02T12:30:00+09:00,J5,641,662,1303
2019-06-02T12:45:00+09:00,J1,679,728,1407
2019-06-02T12:45:00+09:00,J2,691,496,1187
2019-06-02T12:45:00+09:00,J3,806,702,1508
2019-06-02T12:45:00+09:00,J4,603,705,1308
2019-06-02T12:45:00+09:00,J5,591,570,1161
2019-06-02T13:00:00+09:00,J1,683,808,1491
2019-06-02T13:00:00+09:00,J2,707,465,1172
2019-06-02T13:00:00+09:00,J3,843,758,1601
2019-06-02T13:00:00+09:00,J4,614,746,1360
2019-06-02T13:00:00+09:00,J5,594,529,1123
2019-06-02T13:15:00+09:00,J1,670,788,1458
2019-06-02T13:15:00+09:00,J2,689,476,1165
2019-06-02T13:15:00+09:00,J3,860,842,1702
2019-06-02T13:15:00+09:00,J4,637,666,1303
2019-06-02T13:15:00+09:00,J5,503,418,921
2019-06-02T13:30:00+09:00,J1,713,743,1456
2019-06-02T13:30:00+09:00,J2,714,467,1181
2019-06-02T13:30:00+09:00,J3,795,750,1545
2019-06-02T13:30:00+09:00,J4,581,656,1237
2019-06-02T13:30:00+09:00,J5,564,593,1157
2019-06-02T13:45:00+09:00,J1,642,726,1368
2019-06-02T13:45:00+09:00,J2,638,511,1149
2019-06-02T13:45:00+09:00,J3,817,707,1524
2019-06-02T13:45:00+09:00,J4,525,632,1157
2019-06-02T13:45:00+09:00,J5,681,679,1360
2019-06-02T14:00:00+09:00,J1,653,752,1405
2019-06-02T14:00:00+09:00,J2,626,540,1166
2019-06-02T14:00:00+09:00,J3,790,747,1537
2019-06-02T14:00:00+09:00,J4,573,621,1194
2019-06-02T14:00:00+09:00,J5,528,542,1070
2019-06-02T14:15:00+09:00,J1,652,774,1426
2019-06-02T14:15:00+09:00,J2,666,517,1183
2019-06-02T14:15:00+09:00,J3,818,803,1621
2019-06-02T14:15:00+09:00,J4,551,654,1205
2019-06-02T14:15:00+09:00,J5,646,640,1286
2019-06-02T14:30:00+09:00,J1,666,648,1314
2019-06-02T14:30:00+09:00,J2,602,556,1158
2019-06-02T14:30:00+09:00,J3,956,915,1871
2019-06-02T14:30:00+09:00,J4,557,608,1165
2019-06-02T14:30:00+09:00,J5,487,474,961
2019-06-02T14:45:00+09:00,J1,637,717,1354
2019-06-02T14:45:00+09:00,J2,604,541,1145
2019-06-02T14:45:00+09:00,J3,808,874,1682
2019-06-02T14:45:00+09:00,J4,568,589,1157
2019-06-02T14:45:00+09:00,J5,525,498,1023
2019-06-02T15:00:00+09:00,J1,611,723,1334
2019-06-02T15:00:00+09:00,J2,630,550,1180
2019-06-02T15:00:00+09:00,J3,842,871,1713
2019-06-02T15:00:00+09:00,J4,515,643,1158
2019-06-02T15:00:00+09:00,J5,573,562,1135
2019-06-02T15:15:00+09:00,J1,669,748,1417
2019-06-02T15:15:00+09:00,J2,591,583,1174
2019-06-02T15:15:00+09:00,J3,833,884,1717
2019-06-02T15:15:00+09:00,J4,624,606,1230
2019-06-02T15:15:00+09:00,J5,560,560,1120
2019-06-02T15:30:00+09:00,J1,624,808,1432
2019-06-02T15:30:00+09:00,J2,624,637,1261
2019-06-02T15:30:00+09:00,J3,810,881,1691
2019-06-02T15:30:00+09:00,J4,551,645,1196
2019-06-02T15:30:00+09:00,J5,555,578,1133
2019-06-02T15:45:00+09:00,J1,680,722,1402
2019-06-02T15:45:00+09:00,J2,649,623,1272
2019-06-02T15:45:00+09:00,J3,839,941,1780
2019-06-02T15:45:00+09:00,J4,633,653,1286
2019-06-02T15:45:00+09:00,J5,535,456,991
2019-06-02T16:00:00+09:00,J1,658,724,1382
2019-06-02T16:00:00+09:00,J2,598,575,1173
2019-06-02T16:00:00+09:00,J3,839,938,1777
2019-06-02T16:00:00+09:00,J4,553,658,1211
2019-06-02T16:00:00+09:00,J5,489,437,926
2019-06-02T16:15:00+09:00,J1,601,775,1376
2019-06-02T16:15:00+09:00,J2,636,635,1271
2019-06-02T16:15:00+09:00,J3,848,881,1729
2019-06-02T16:15:00+09:00,J4,550,640,1190
2019-06-02T16:15:00+09:00,J5,514,496,1010
2019-06-02T16:30:00+09:00,J1,623,742,1365
2019-06-02T16:30:00+09:00,J2,584,587,1171
2019-06-02T16:30:00+09:00,J3,826,833,1659
2019-06-02T16:30:00+09:00,J4,548,603,1151
2019-06-02T16:30:00+09:00,J5,461,423,884
2019-06-02T16:45:00+09:00,J1,598,707,1305
2019-06-02T16:45:00+09:00,J2,590,618,1208
2019-06-02T16:45:00+09:00,J3,811,869,1680
2019-06-02T16:45:00+09:00,J4,568,591,1159
2019-06-02T16:45:00+09:00,J5,458,461,919
2019-06-02T17:00:00+09:00,J1,674,759,1433
2019-06-02T17:00:00+09:00,J2,647,607,1254
2019-06-02T17:00:00+09:00,J3,858,843,1701
2019-06-02T17:00:00+09:00,J4,575,581,1156
2019-06-02T17:00:00+09:00,J5,481,469,950
2019-06-02T17:15:00+09:00,J1,629,749,1378
2019-06-02T17:15:00+09:00,J2,593,668,1261
2019-06-02T17:15:00+09:00,J3,845,811,1656
2019-06-02T17:15:00+09:00,J4,543,565,1108
2019-06-02T17:15:00+09:00,J5,579,535,1114
2019-06-02T17:30:00+09:00,J1,642,716,1358
2019-06-02T17:30:00+09:00,J2,589,511,1100
2019-06-02T17:30:00+09:00,J3,855,793,1648
2019-06-02T17:30:00+09:00,J4,560,579,1139
2019-06-02T17:30:00+09:00,J5,525,550,1075
2019-06-02T17:45:00+09:00,J1,644,699,1343
2019-06-02T17:45:00+09:00,J2,608,556,1164
2019-06-02T17:45:00+09:00,J3,820,785,1605
2019-06-02T17:45:00+09:00,J4,601,589,1190
2019-06-02T17:45:00+09:00,J5,474,472,946
2019-06-02T18:00:00+09:00,J1,656,720,1376
2019-06-02T18:00:00+09:00,J2,648,500,1148
2019-06-02T18:00:00+09:00,J3,864,784,1648
2019-06-02T18:00:00+09:00,J4,572,588,1160
2019-06-02T18:00:00+09:00,J5,645,677,1322
2019-06-02T18:15:00+09:00,J1,653,694,1347
2019-06-02T18:15:00+09:00,J2,626,455,1081
2019-06-02T18:15:00+09:00,J3,895,823,1718
2019-06-02T18:15:00+09:00,J4,616,655,1271
2019-06-02T18:15:00+09:00,J5,678,684,1362
2019-06-02T18:30:00+09:00,J1,496,598,1094
2019-06-02T18:30:00+09:00,J2,609,458,1067
2019-06-02T18:30:00+09:00,J3,809,742,1551
2019-06-02T18:30:00+09:00,J4,624,582,1206
2019-06-02T18:30:00+09:00,J5,716,726,1442
2019-06-02T18:45:00+09:00,J1,478,619,1097
2019-06-02T18:45:00+09:00,J2,549,391,940
2019-06-02T18:45:00+09:00,J3,825,682,1507
2019-06-02T18:45:00+09:00,J4,587,550,1137
2019-06-02T18:45:00+09:00,J5,646,697,1343
2019-06-02T19:00:00+09:00,J1,509,557,1066
2019-06-02T19:00:00+09:00,J2,549,387,936
2019-06-02T19:00:00+09:00,J3,751,606,1357
2019-06-02T19:00:00+09:00,J4,628,674,1302
2019-06-02T19:00:00+09:00,J5,690,695,1385
2019-06-02T19:15:00+09:00,J1,415,542,957
2019-06-02T19:15:00+09:00,J2,532,414,946
2019-06-02T19:15:00+09:00,J3,696,604,1300
2019-06-02T19:15:00+09:00,J4,668,671,1339
2019-06-02T19:15:00+09:00,J5,657,705,1362
2019-06-02T19:30:00+09:00,J1,501,529,1030
2019-06-02T19:30:00+09:00,J2,498,397,895
2019-06-02T19:30:00+09:00,J3,655,563,1218
2019-06-02T19:30:00+09:00,J4,618,595,1213
2019-06-02T19:30:00+09:00,J5,618,688,1306
2019-06-02T19:45:00+09:00,J1,485,506,991
2019-06-02T19:45:00+09:00,J2,448,367,815
2019-06-02T19:45:00+09:00,J3,631,526,1157
2019-06-02T19:45:00+09:00,J4,631,640,1271
2019-06-02T19:45:00+09:00,J5,616,691,1307
2019-06-02T20:00:00+09:00,J1,433,494,927
2019-06-02T20:00:00+09:00,J2,419,398,817
2019-06-02T20:00:00+09:00,J3,632,546,1178
2019-06-02T20:00:00+09:00,J4,691,642,1333
2019-06-02T20:00:00+09:00,J5,603,683,1286
2019-06-02T20:15:00+09:00,J1,453,508,961
2019-06-02T20:15:00+09:00,J2,388,448,836
2019-06-02T20:15:00+09:00,J3,563,539,1102
2019-06-02T20:15:00+09:00,J4,750,657,1407
2019-06-02T20:15:00+09:00,J5,639,703,1342
2019-06-02T20:30:00+09:00,J1,487,523,1010
2019-06-02T20:30:00+09:00,J2,312,426,738
2019-06-02T20:30:00+09:00,J3,475,535,1010
2019-06-02T20:30:00+09:00,J4,739,645,1384
2019-06-02T20:30:00+09:00,J5,619,696,1315
2019-06-02T20:45:00+09:00,J1,462,480,942
2019-06-02T20:45:00+09:00,J2,322,403,725
2019-06-02T20:45:00+09:00,J3,424,527,951
2019-06-02T20:45:00+09:00,J4,764,646,1410
2019-06-02T20:45:00+09:00,J5,608,673,1281
2019-06-02T21:00:00+09:00,J1,394,500,894
2019-06-02T21:00:00+09:00,J2,317,388,705
2019-06-02T21:00:00+09:00,J3,471,447,918
2019-06-02T21:00:00+09:00,J4,728,659,1387
2019-06-02T21:00:00+09:00,J5,654,682,1336
2019-06-02T21:15:00+09:00,J1,416,441,857
2019-06-02T21:15:00+09:00,J2,328,380,708
2019-06-02T21:15:00+09:00,J3,445,436,881
2019-06-02T21:15:00+09:00,J4,755,661,1416
2019-06-02T21:15:00+09:00,J5,633,687,1320
2019-06-02T21:30:00+09:00,J1,413,419,832
2019-06-02T21:30:00+09:00,J2,320,344,664
2019-06-02T21:30:00+09:00,J3,412,432,844
2019-06-02T21:30:00+09:00,J4,817,642,1459
2019-06-02T21:30:00+09:00,J5,631,765,1396
2019-06-02T21:45:00+09:00,J1,367,407,774
2019-06-02T21:45:00+09:00,J2,306,344,650
2019-06-02T21:45:00+09:00,J3,408,355,763
2019-06-02T21:45:00+09:00,J4,832,640,1472
2019-06-02T21:45:00+09:00,J5,635,716,1351
2019-06-02T22:00:00+09:00,J1,340,438,778
2019-06-02T22:00:00+09:00,J2,268,322,590
2019-06-02T22:00:00+09:00,J3,403,375,778
2019-06-02T22:00:00+09:00,J4,810,664,1474
2019-06-02T22:00:00+09:00,J5,647,718,1365
2019-06-02T22:15:00+09:00,J1,394,454,848
2019-06-02T22:15:00+09:00,J2,257,372,629
2019-06-02T22:15:00+09:00,J3,389,408,797
2019-06-02T22:15:00+09:00,J4,764,684,1448
2019-06-02T22:15:00+09:00,J5,687,782,1469
2019-06-02T22:30:00+09:00,J1,372,398,770
2019-06-02T22:30:00+09:00,J2,295,315,610
2019-06-02T22:30:00+09:00,J3,415,369,784
2019-06-02T22:30:00+09:00,J4,821,706,1527
2019-06-02T22:30:00+09:00,J5,700,730,1430
2019-06-02T22:45:00+09:00,J1,302,352,654
2019-06-02T22:45:00+09:00,J2,305,294,599
2019-06-02T22:45:00+09:00,J3,379,286,665
2019-06-02T22:45:00+09:00,J4,698,628,1326
2019-06-02T22:45:00+09:00,J5,494,509,1003
2019-06-02T23:00:00+09:00,J1,320,346,666
2019-06-02T23:00:00+09:00,J2,277,288,565
2019-06-02T23:00:00+09:00,J3,369,337,706
2019-06-02T23:00:00+09:00,J4,775,707,1482
2019-06-02T23:00:00+09:00,J5,396,437,833
2019-06-02T23:15:00+09:00,J1,309,343,652
2019-06-02T23:15:00+09:00,J2,262,279,541
2019-06-02T23:15:00+09:00,J3,383,299,682
2019-06-02T23:15:00+09:00,J4,697,660,1357
2019-06-02T23:15:00+09:00,J5,411,486,897
2019-06-02T23:30:00+09:00,J1,361,372,733
2019-06-02T23:30:00+09:00,J2,256,312,568
2019-06-02T23:30:00+09:00,J3,331,321,652
2019-06-02T23:30:00+09:00,J4,626,551,1177
2019-06-02T23:30:00+09:00,J5,353,378,731
2019-06-02T23:45:00+09:00,J1,328,325,653
2019-06-02T23:45:00+09:00,J2,270,295,565
2019-06-02T23:45:00+09:00,J3,335,322,657
2019-06-02T23:45:00+09:00,J4,623,584,1207
2019-06-02T23:45:00+09:00,J5,399,437,836
2019-06-03T00:00:00+09:00,J1,318,356,674
2019-06-03T00:00:00+09:00,J2,302,257,559
2019-06-03T00:00:00+09:00,J3,352,323,675
2019-06-03T00:00:00+09:00,J4,666,466,1132
2019-06-03T00:00:00+09:00,J5,400,411,811
2019-06-03T00:15:00+09:00,J1,230,224,454
2019-06-03T00:15:00+09:00,J2,353,293,646
2019-06-03T00:15:00+09:00,J3,413,386,799
2019-06-03T00:15:00+09:00,J4,306,283,589
2019-06-03T00:15:00+09:00,J5,255,299,554
2019-06-03T00:30:00+09:00,J1,160,155,315
2019-06-03T00:30:00+09:00,J2,458,437,895
2019-06-03T00:30:00+09:00,J3,493,438,931
2019-06-03T00:30:00+09:00,J4,328,258,586
2019-06-03T00:30:00+09:00,J5,157,169,326
2019-06-03T00:45:00+09:00,J1,160,211,371
2019-06-03T00:45:00+09:00,J2,510,505,1015
2019-06-03T00:45:00+09:00,J3,563,452,1015
2019-06-03T00:45:00+09:00,J4,286,301,587
2019-06-03T00:45:00+09:00,J5,168,185,353
2019-06-03T05:45:00+09:00,J1,197,250,447
2019-06-03T05:45:00+09:00,J2,282,271,553
2019-06-03T05:45:00+09:00,J3,413,394,807
2019-06-03T05:45:00+09:00,J4,384,385,769
2019-06-03T05:45:00+09:00,J5,213,182,395
2019-06-03T06:00:00+09:00,J1,290,308,598
2019-06-03T06:00:00+09:00,J2,355,293,648
2019-06-03T06:00:00+09:00,J3,628,592,1220
2019-06-03T06:00:00+09:00,J4,368,374,742
2019-06-03T06:00:00+09:00,J5,224,217,441
2019-06-03T06:15:00+09:00,J1,254,252,506
2019-06-03T06:15:00+09:00,J2,422,294,716
2019-06-03T06:15:00+09:00,J3,623,562,1185
2019-06-03T06:15:00+09:00,J4,360,416,776
2019-06-03T06:15:00+09:00,J5,262,276,538
2019-06-03T06:30:00+09:00,J1,289,297,586
2019-06-03T06:30:00+09:00,J2,501,409,910
2019-06-03T06:30:00+09:00,J3,629,526,1155
2019-06-03T06:30:00+09:00,J4,328,355,683
2019-06-03T06:30:00+09:00,J5,278,243,521
2019-06-03T06:45:00+09:00,J1,328,320,648
2019-06-03T06:45:00+09:00,J2,560,464,1024
2019-06-03T06:45:00+09:00,J3,588,547,1135
2019-06-03T06:45:00+09:00,J4,404,467,871
2019-06-03T06:45:00+09:00,J5,332,274,606
2019-06-03T07:00:00+09:00,J1,365,341,706
2019-06-03T07:00:00+09:00,J2,629,551,1180
2019-06-03T07:00:00+09:00,J3,553,581,1134
2019-06-03T07:00:00+09:00,J4,474,532,1006
2019-06-03T07:00:00+09:00,J5,327,339,666
2019-06-03T07:15:00+09:00,J1,399,343,742
2019-06-03T07:15:00+09:00,J2,597,516,1113
2019-06-03T07:15:00+09:00,J3,587,555,1142
2019-06-03T07:15:00+09:00,J4,589,612,1201
2019-06-03T07:15:00+09:00,J5,371,406,777
2019-06-03T07:30:00+09:00,J1,539,350,889
2019-06-03T07:30:00+09:00,J2,571,426,997
2019-06-03T07:30:00+09:00,J3,508,564,1072
2019-06-03T07:30:00+09:00,J4,613,738,1351
2019-06-03T07:30:00+09:00,J5,430,474,904
2019-06-03T07:45:00+09:00,J1,634,507,1141
2019-06-03T07:45:00+09:00,J2,559,392,951
2019-06-03T07:45:00+09:00,J3,548,651,1199
2019-06-03T07:45:00+09:00,J4,776,944,1720
2019-06-03T07:45:00+09:00,J5,474,505,979
2019-06-03T08:00:00+09:00,J1,982,612,1594
2019-06-03T08:00:00+09:00,J2,695,468,1163
2019-06-03T08:00:00+09:00,J3,702,827,1529
2019-06-03T08:00:00+09:00,J4,739,1067,1806
2019-06-03T08:00:00+09:00,J5,400,375,775
2019-06-03T08:15:00+09:00,J1,1213,620,1833
2019-06-03T08:15:00+09:00,J2,859,527,1386
2019-06-03T08:15:00+09:00,J3,681,991,1672
2019-06-03T08:15:00+09:00,J4,776,1076,1852
2019-06-03T08:15:00+09:00,J5,403,339,742
2019-06-03T08:30:00+09:00,J1,1192,697,1889
2019-06-03T08:30:00+09:00,J2,837,516,1353
2019-06-03T08:30:00+09:00,J3,796,1009,1805
2019-06-03T08:30:00+09:00,J4,689,1086,1775
2019-06-03T08:30:00+09:00,J5,469,443,912
2019-06-03T08:45:00+09:00,J1,871,684,1555
2019-06-03T08:45:00+09:00,J2,652,515,1167
2019-06-03T08:45:00+09:00,J3,737,793,1530
2019-06-03T08:45:00+09:00,J4,645,819,1464
2019-06-03T08:45:00+09:00,J5,426,344,770
2019-06-03T09:00:00+09:00,J1,707,546,1253
2019-06-03T09:00:00+09:00,J2,533,403,936
2019-06-03T09:00:00+09:00,J3,594,643,1237
2019-06-03T09:00:00+09:00,J4,627,733,1360
2019-06-03T09:00:00+09:00,J5,393,251,644
2019-06-03T09:15:00+09:00,J1,648,449,1097
2019-06-03T09:15:00+09:00,J2,525,400,925
2019-06-03T09:15:00+09:00,J3,595,655,1250
2019-06-03T09:15:00+09:00,J4,586,732,1318
2019-06-03T09:15:00+09:00,J5,324,264,588
2019-06-03T09:30:00+09:00,J1,609,503,1112
2019-06-03T09:30:00+09:00,J2,539,439,978
2019-06-03T09:30:00+09:00,J3,647,720,1367
2019-06-03T09:30:00+09:00,J4,645,728,1373
2019-06-03T09:30:00+09:00,J5,338,237,575
2019-06-03T09:45:00+09:00,J1,540,530,1070
2019-06-03T09:45:00+09:00,J2,502,447,949
2019-06-03T09:45:00+09:00,J3,673,676,1349
2019-06-03T09:45:00+09:00,J4,607,648,1255
2019-06-03T09:45:00+09:00,J5,422,353,775
2019-06-03T10:00:00+09:00,J1,530,548,1078
2019-06-03T10:00:00+09:00,J2,422,483,905
2019-06-03T10:00:00+09:00,J3,721,710,1431
2019-06-03T10:00:00+09:00,J4,587,638,1225
2019-06-03T10:00:00+09:00,J5,465,416,881
2019-06-03T10:15:00+09:00,J1,601,593,1194
2019-06-03T10:15:00+09:00,J2,449,480,929
2019-06-03T10:15:00+09:00,J3,695,677,1372
2019-06-03T10:15:00+09:00,J4,620,701,1321
2019-06-03T10:15:00+09:00,J5,451,402,853
2019-06-03T10:30:00+09:00,J1,553,622,1175
2019-06-03T10:30:00+09:00,J2,552,494,1046
2019-06-03T10:30:00+09:00,J3,868,767,1635
2019-06-03T10:30:00+09:00,J4,625,669,1294
2019-06-03T10:30:00+09:00,J5,434,329,763
2019-06-03T10:45:00+09:00,J1,599,614,1213
2019-06-03T10:45:00+09:00,J2,597,434,1031
2019-06-03T10:45:00+09:00,J3,759,696,1455
2019-06-03T10:45:00+09:00,J4,629,709,1338
2019-06-03T10:45:00+09:00,J5,372,288,660
2019-06-03T11:00:00+09:00,J1,632,709,1341
2019-06-03T11:00:00+09:00,J2,579,454,1033
2019-06-03T11:00:00+09:00,J3,824,755,1579
2019-06-03T11:00:00+09:00,J4,547,691,1238
2019-06-03T11:00:00+09:00,J5,475,443,918
2019-06-03T11:15:00+09:00,J1,729,734,1463
2019-06-03T11:15:00+09:00,J2,661,450,1111
2019-06-03T11:15:00+09:00,J3,734,757,1491
2019-06-03T11:15:00+09:00,J4,555,680,1235
2019-06-03T11:15:00+09:00,J5,422,452,874
2019-06-03T11:30:00+09:00,J1,754,717,1471
2019-06-03T11:30:00+09:00,J2,663,431,1094
2019-06-03T11:30:00+09:00,J3,850,811,1661
2019-06-03T11:30:00+09:00,J4,540,674,1214
2019-06-03T11:30:00+09:00,J5,485,506,991
2019-06-03T11:45:00+09:00,J1,766,799,1565
2019-06-03T11:45:00+09:00,J2,640,530,1170
2019-06-03T11:45:00+09:00,J3,927,872,1799
2019-06-03T11:45:00+09:00,J4,568,655,1223
2019-06-03T11:45:00+09:00,J5,400,418,818
2019-06-03T12:00:00+09:00,J1,790,931,1721
2019-06-03T12:00:00+09:00,J2,734,587,1321
2019-06-03T12:00:00+09:00,J3,995,986,1981
2019-06-03T12:00:00+09:00,J4,677,651,1328
2019-06-03T12:00:00+09:00,J5,560,605,1165
2019-06-03T12:15:00+09:00,J1,738,820,1558
2019-06-03T12:15:00+09:00,J2,649,582,1231
2019-06-03T12:15:00+09:00,J3,985,986,1971
2019-06-03T12:15:00+09:00,J4,582,638,1220
2019-06-03T12:15:00+09:00,J5,508,556,1064
2019-06-03T12:30:00+09:00,J1,728,904,1632
2019-06-03T12:30:00+09:00,J2,680,658,1338
2019-06-03T12:30:00+09:00,J3,922,1023,1945
2019-06-03T12:30:00+09:00,J4,523,712,1235
2019-06-03T12:30:00+09:00,J5,430,487,917
2019-06-03T12:45:00+09:00,J1,691,838,1529
2019-06-03T12:45:00+09:00,J2,719,586,1305
2019-06-03T12:45:00+09:00,J3,857,885,1742
2019-06-03T12:45:00+09:00,J4,517,663,1180
2019-06-03T12:45:00+09:00,J5,374,444,818
2019-06-03T13:00:00+09:00,J1,626,799,1425
2019-06-03T13:00:00+09:00,J2,617,624,1241
2019-06-03T13:00:00+09:00,J3,855,758,1613
2019-06-03T13:00:00+09:00,J4,512,605,1117
2019-06-03T13:00:00+09:00,J5,456,493,949
2019-06-03T13:15:00+09:00,J1,588,672,1260
2019-06-03T13:15:00+09:00,J2,610,549,1159
2019-06-03T13:15:00+09:00,J3,778,741,1519
2019-06-03T13:15:00+09:00,J4,423,566,989
2019-06-03T13:15:00+09:00,J5,402,479,881
2019-06-03T13:30:00+09:00,J1,625,776,1401
2019-06-03T13:30:00+09:00,J2,600,540,1140
2019-06-03T13:30:00+09:00,J3,735,705,1440
2019-06-03T13:30:00+09:00,J4,539,519,1058
2019-06-03T13:30:00+09:00,J5,453,467,920
2019-06-03T13:45:00+09:00,J1,552,687,1239
2019-06-03T13:45:00+09:00,J2,538,581,1119
2019-06-03T13:45:00+09:00,J3,669,648,1317
2019-06-03T13:45:00+09:00,J4,517,586,1103
2019-06-03T13:45:00+09:00,J5,450,526,976
2019-06-03T14:00:00+09:00,J1,518,725,1243
2019-06-03T14:00:00+09:00,J2,514,496,1010
2019-06-03T14:00:00+09:00,J3,665,621,1286
2019-06-03T14:00:00+09:00,J4,527,505,1032
2019-06-03T14:00:00+09:00,J5,404,484,888
2019-06-03T14:15:00+09:00,J1,527,654,1181
2019-06-03T14:15:00+09:00,J2,598,582,1180
2019-06-03T14:15:00+09:00,J3,612,607,1219
2019-06-03T14:15:00+09:00,J4,503,511,1014
2019-06-03T14:15:00+09:00,J5,424,515,939
2019-06-03T14:30:00+09:00,J1,566,604,1170
2019-06-03T14:30:00+09:00,J2,564,512,1076
2019-06-03T14:30:00+09:00,J3,558,607,1165
2019-06-03T14:30:00+09:00,J4,478,462,940
2019-06-03T14:30:00+09:00,J5,393,437,830
2019-06-03T14:45:00+09:00,J1,516,686,1202
2019-06-03T14:45:00+09:00,J2,468,466,934
2019-06-03T14:45:00+09:00,J3,599,570,1169
2019-06-03T14:45:00+09:00,J4,457,463,920
2019-06-03T14:45:00+09:00,J5,498,484,982
2019-06-03T15:00:00+09:00,J1,518,693,1211
2019-06-03T15:00:00+09:00,J2,470,468,938
2019-06-03T15:00:00+09:00,J3,699,653,1352
2019-06-03T15:00:00+09:00,J4,447,511,958
2019-06-03T15:00:00+09:00,J5,579,593,1172
2019-06-03T15:15:00+09:00,J1,548,700,1248
2019-06-03T15:15:00+09:00,J2,508,465,973
2019-06-03T15:15:00+09:00,J3,767,639,1406
2019-06-03T15:15:00+09:00,J4,443,472,915
2019-06-03T15:15:00+09:00,J5,549,569,1118
2019-06-03T15:30:00+09:00,J1,582,707,1289
2019-06-03T15:30:00+09:00,J2,448,529,977
2019-06-03T15:30:00+09:00,J3,659,608,1267
2019-06-03T15:30:00+09:00,J4,554,527,1081
2019-06-03T15:30:00+09:00,J5,469,481,950
2019-06-03T15:45:00+09:00,J1,506,595,1101
2019-06-03T15:45:00+09:00,J2,524,505,1029
2019-06-03T15:45:00+09:00,J3,658,595,1253
2019-06-03T15:45:00+09:00,J4,497,540,1037
2019-06-03T15:45:00+09:00,J5,528,546,1074
2019-06-03T16:00:00+09:00,J1,663,731,1394
2019-06-03T16:00:00+09:00,J2,513,540,1053
2019-06-03T16:00:00+09:00,J3,603,562,1165
2019-06-03T16:00:00+09:00,J4,513,557,1070
2019-06-03T16:00:00+09:00,J5,468,486,954
2019-06-03T16:15:00+09:00,J1,680,780,1460
2019-06-03T16:15:00+09:00,J2,550,469,1019
2019-06-03T16:15:00+09:00,J3,629,474,1103
2019-06-03T16:15:00+09:00,J4,587,589,1176
2019-06-03T16:15:00+09:00,J5,505,530,1035
2019-06-03T16:30:00+09:00,J1,696,744,1440
2019-06-03T16:30:00+09:00,J2,552,492,1044
2019-06-03T16:30:00+09:00,J3,559,492,1051
2019-06-03T16:30:00+09:00,J4,554,601,1155
2019-06-03T16:30:00+09:00,J5,503,470,973
2019-06-03T16:45:00+09:00,J1,657,564,1221
2019-06-03T16:45:00+09:00,J2,538,538,1076
2019-06-03T16:45:00+09:00,J3,600,508,1108
2019-06-03T16:45:00+09:00,J4,565,635,1200
2019-06-03T16:45:00+09:00,J5,504,501,1005
2019-06-03T17:00:00+09:00,J1,692,732,1424
2019-06-03T17:00:00+09:00,J2,625,641,1266
2019-06-03T17:00:00+09:00,J3,671,615,1286
2019-06-03T17:00:00+09:00,J4,643,650,1293
2019-06-03T17:00:00+09:00,J5,460,471,931
2019-06-03T17:15:00+09:00,J1,675,759,1434
2019-06-03T17:15:00+09:00,J2,660,595,1255
2019-06-03T17:15:00+09:00,J3,678,683,1361
2019-06-03T17:15:00+09:00,J4,593,572,1165
2019-06-03T17:15:00+09:00,J5,508,541,1049
2019-06-03T17:30:00+09:00,J1,740,809,1549
2019-06-03T17:30:00+09:00,J2,630,711,1341
2019-06-03T17:30:00+09:00,J3,690,598,1288
2019-06-03T17:30:00+09:00,J4,658,559,1217
2019-06-03T17:30:00+09:00,J5,519,550,1069
2019-06-03T17:45:00+09:00,J1,772,833,1605
2019-06-03T17:45:00+09:00,J2,709,627,1336
2019-06-03T17:45:00+09:00,J3,720,657,1377
2019-06-03T17:45:00+09:00,J4,650,539,1189
2019-06-03T17:45:00+09:00,J5,494,492,986
2019-06-03T18:00:00+09:00,J1,720,889,1609
2019-06-03T18:00:00+09:00,J2,719,634,1353
2019-06-03T18:00:00+09:00,J3,784,586,1370
2019-06-03T18:00:00+09:00,J4,641,548,1189
2019-06-03T18:00:00+09:00,J5,508,549,1057
2019-06-03T18:15:00+09:00,J1,770,800,1570
2019-06-03T18:15:00+09:00,J2,732,675,1407
2019-06-03T18:15:00+09:00,J3,706,634,1340
2019-06-03T18:15:00+09:00,J4,766,563,1329
2019-06-03T18:15:00+09:00,J5,516,535,1051
2019-06-03T18:30:00+09:00,J1,641,656,1297
2019-06-03T18:30:00+09:00,J2,612,583,1195
2019-06-03T18:30:00+09:00,J3,595,533,1128
2019-06-03T18:30:00+09:00,J4,621,523,1144
2019-06-03T18:30:00+09:00,J5,495,496,991
2019-06-03T18:45:00+09:00,J1,565,682,1247
2019-06-03T18:45:00+09:00,J2,623,576,1199
2019-06-03T18:45:00+09:00,J3,608,483,1091
2019-06-03T18:45:00+09:00,J4,563,472,1035
2019-06-03T18:45:00+09:00,J5,486,539,1025
2019-06-03T19:00:00+09:00,J1,451,565,1016
2019-06-03T19:00:00+09:00,J2,596,572,1168
2019-06-03T19:00:00+09:00,J3,575,487,1062
2019-06-03T19:00:00+09:00,J4,629,513,1142
2019-06-03T19:00:00+09:00,J5,589,620,1209
2019-06-03T19:15:00+09:00,J1,449,688,1137
2019-06-03T19:15:00+09:00,J2,578,609,1187
2019-06-03T19:15:00+09:00,J3,614,513,1127
2019-06-03T19:15:00+09:00,J4,636,567,1203
2019-06-03T19:15:00+09:00,J5,579,551,1130
2019-06-03T19:30:00+09:00,J1,464,712,1176
2019-06-03T19:30:00+09:00,J2,570,584,1154
2019-06-03T19:30:00+09:00,J3,639,524,1163
2019-06-03T19:30:00+09:00,J4,607,532,1139
2019-06-03T19:30:00+09:00,J5,566,590,1156
2019-06-03T19:45:00+09:00,J1,476,648,1124
2019-06-03T19:45:00+09:00,J2,574,510,1084
2019-06-03T19:45:00+09:00,J3,644,562,1206
2019-06-03T19:45:00+09:00,J4,647,525,1172
2019-06-03T19:45:00+09:00,J5,579,567,1146
2019-06-03T20:00:00+09:00,J1,432,646,1078
2019-06-03T20:00:00+09:00,J2,517,561,1078
2019-06-03T20:00:00+09:00,J3,648,598,1246
2019-06-03T20:00:00+09:00,J4,634,594,1228
2019-06-03T20:00:00+09:00,J5,588,576,1164
2019-06-03T20:15:00+09:00,J1,474,625,1099
2019-06-03T20:15:00+09:00,J2,495,501,996
2019-06-03T20:15:00+09:00,J3,769,658,1427
2019-06-03T20:15:00+09:00,J4,656,638,1294
2019-06-03T20:15:00+09:00,J5,614,575,1189
2019-06-03T20:30:00+09:00,J1,497,619,1116
2019-06-03T20:30:00+09:00,J2,536,398,934
2019-06-03T20:30:00+09:00,J3,701,644,1345
2019-06-03T20:30:00+09:00,J4,678,585,1263
2019-06-03T20:30:00+09:00,J5,585,583,1168
2019-06-03T20:45:00+09:00,J1,414,521,935
2019-06-03T20:45:00+09:00,J2,448,336,784
2019-06-03T20:45:00+09:00,J3,696,553,1249
2019-06-03T20:45:00+09:00,J4,632,582,1214
2019-06-03T20:45:00+09:00,J5,583,583,1166
2019-06-03T21:00:00+09:00,J1,399,505,904
2019-06-03T21:00:00+09:00,J2,438,323,761
2019-06-03T21:00:00+09:00,J3,779,635,1414
2019-06-03T21:00:00+09:00,J4,634,593,1227
2019-06-03T21:00:00+09:00,J5,634,594,1228
2019-06-03T21:15:00+09:00,J1,397,474,871
2019-06-03T21:15:00+09:00,J2,413,303,716
2019-06-03T21:15:00+09:00,J3,649,560,1209
2019-06-03T21:15:00+09:00,J4,627,625,1252
2019-06-03T21:15:00+09:00,J5,617,606,1223
2019-06-03T21:30:00+09:00,J1,475,559,1034
2019-06-03T21:30:00+09:00,J2,449,288,737
2019-06-03T21:30:00+09:00,J3,639,556,1195
2019-06-03T21:30:00+09:00,J4,563,598,1161
2019-06-03T21:30:00+09:00,J5,576,565,1141
2019-06-03T21:45:00+09:00,J1,434,485,919
2019-06-03T21:45:00+09:00,J2,401,290,691
2019-06-03T21:45:00+09:00,J3,640,509,1149
2019-06-03T21:45:00+09:00,J4,620,619,1239
2019-06-03T21:45:00+09:00,J5,575,566,1141
2019-06-03T22:00:00+09:00,J1,416,484,900
2019-06-03T22:00:00+09:00,J2,352,275,627
2019-06-03T22:00:00+09:00,J3,600,524,1124
2019-06-03T22:00:00+09:00,J4,632,605,1237
2019-06-03T22:00:00+09:00,J5,535,526,1061
2019-06-03T22:15:00+09:00,J1,390,439,829
2019-06-03T22:15:00+09:00,J2,332,335,667
2019-06-03T22:15:00+09:00,J3,621,495,1116
2019-06-03T22:15:00+09:00,J4,674,672,1346
2019-06-03T22:15:00+09:00,J5,611,618,1229
2019-06-03T22:30:00+09:00,J1,436,445,881
2019-06-03T22:30:00+09:00,J2,379,395,774
2019-06-03T22:30:00+09:00,J3,563,467,1030
2019-06-03T22:30:00+09:00,J4,730,668,1398
2019-06-03T22:30:00+09:00,J5,577,520,1097
2019-06-03T22:45:00+09:00,J1,372,430,802
2019-06-03T22:45:00+09:00,J2,308,295,603
2019-06-03T22:45:00+09:00,J3,582,510,1092
2019-06-03T22:45:00+09:00,J4,726,678,1404
2019-06-03T22:45:00+09:00,J5,400,366,766
2019-06-03T23:00:00+09:00,J1,366,397,763
2019-06-03T23:00:00+09:00,J2,286,309,595
2019-06-03T23:00:00+09:00,J3,607,465,1072
2019-06-03T23:00:00+09:00,J4,744,729,1473
2019-06-03T23:00:00+09:00,J5,262,158,420
2019-06-03T23:15:00+09:00,J1,342,395,737
2019-06-03T23:15:00+09:00,J2,256,344,600
2019-06-03T23:15:00+09:00,J3,568,466,1034
2019-06-03T23:15:00+09:00,J4,721,653,1374
2019-06-03T23:15:00+09:00,J5,208,153,361
2019-06-03T23:30:00+09:00,J1,417,446,863
2019-06-03T23:30:00+09:00,J2,288,332,620
2019-06-03T23:30:00+09:00,J3,489,497,986
2019-06-03T23:30:00+09:00,J4,644,669,1313
2019-06-03T23:30:00+09:00,J5,228,166,394
2019-06-03T23:45:00+09:00,J1,351,352,703
2019-06-03T23:45:00+09:00,J2,235,299,534
2019-06-03T23:45:00+09:00,J3,406,477,883
2019-06-03T23:45:00+09:00,J4,722,686,1408
2019-06-03T23:45:00+09:00,J5,191,142,333
2019-06-04T00:00:00+09:00,J1,388,357,745
2019-06-04T00:00:00+09:00,J2,217,284,501
2019-06-04T00:00:00+09:00,J3,438,448,886
2019-06-04T00:00:00+09:00,J4,612,524,1136
2019-06-04T00:00:00+09:00,J5,289,313,602
2019-06-04T00:15:00+09:00,J1,252,249,501
2019-06-04T00:15:00+09:00,J2,216,255,471
2019-06-04T00:15:00+09:00,J3,582,507,1089
2019-06-04T00:15:00+09:00,J4,458,347,805
2019-06-04T00:15:00+09:00,J5,288,385,673
2019-06-04T00:30:00+09:00,J1,288,219,507
2019-06-04T00:30:00+09:00,J2,420,347,767
2019-06-04T00:30:00+09:00,J3,636,538,1174
2019-06-04T00:30:00+09:00,J4,301,269,570
2019-06-04T00:30:00+09:00,J5,231,204,435
2019-06-04T00:45:00+09:00,J1,316,213,529
2019-06-04T00:45:00+09:00,J2,508,566,1074
2019-06-04T00:45:00+09:00,J3,633,532,1165
2019-06-04T00:45:00+09:00,J4,263,280,543
2019-06-04T00:45:00+09:00,J5,195,184,379
2019-06-04T05:45:00+09:00,J1,282,241,523
2019-06-04T05:45:00+09:00,J2,262,290,552
2019-06-04T05:45:00+09:00,J3,395,363,758
2019-06-04T05:45:00+09:00,J4,446,493,939
2019-06-04T05:45:00+09:00,J5,199,193,392
2019-06-04T06:00:00+09:00,J1,276,271,547
2019-06-04T06:00:00+09:00,J2,375,311,686
2019-06-04T06:00:00+09:00,J3,521,502,1023
2019-06-04T06:00:00+09:00,J4,414,399,813
2019-06-04T06:00:00+09:00,J5,163,225,388
2019-06-04T06:15:00+09:00,J1,389,334,723
2019-06-04T06:15:00+09:00,J2,424,401,825
2019-06-04T06:15:00+09:00,J3,650,511,1161
2019-06-04T06:15:00+09:00,J4,419,467,886
2019-06-04T06:15:00+09:00,J5,249,274,523
2019-06-04T06:30:00+09:00,J1,404,433,837
2019-06-04T06:30:00+09:00,J2,499,419,918
2019-06-04T06:30:00+09:00,J3,587,529,1116
2019-06-04T06:30:00+09:00,J4,444,446,890
2019-06-04T06:30:00+09:00,J5,271,227,498
2019-06-04T06:45:00+09:00,J1,459,415,874
2019-06-04T06:45:00+09:00,J2,578,427,1005
2019-06-04T06:45:00+09:00,J3,611,547,1158
2019-06-04T06:45:00+09:00,J4,434,490,924
2019-06-04T06:45:00+09:00,J5,246,259,505
2019-06-04T07:00:00+09:00,J1,522,453,975
2019-06-04T07:00:00+09:00,J2,519,545,1064
2019-06-04T07:00:00+09:00,J3,559,571,1130
2019-06-04T07:00:00+09:00,J4,500,522,1022
2019-06-04T07:00:00+09:00,J5,292,280,572
2019-06-04T07:15:00+09:00,J1,593,464,1057
2019-06-04T07:15:00+09:00,J2,538,456,994
2019-06-04T07:15:00+09:00,J3,686,637,1323
2019-06-04T07:15:00+09:00,J4,511,627,1138
2019-06-04T07:15:00+09:00,J5,315,340,655
2019-06-04T07:30:00+09:00,J1,583,529,1112
2019-06-04T07:30:00+09:00,J2,493,453,946
2019-06-04T07:30:00+09:00,J3,590,626,1216
2019-06-04T07:30:00+09:00,J4,581,707,1288
2019-06-04T07:30:00+09:00,J5,428,461,889
2019-06-04T07:45:00+09:00,J1,659,564,1223
2019-06-04T07:45:00+09:00,J2,560,423,983
2019-06-04T07:45:00+09:00,J3,634,699,1333
2019-06-04T07:45:00+09:00,J4,782,911,1693
2019-06-04T07:45:00+09:00,J5,530,594,1124
2019-06-04T08:00:00+09:00,J1,978,717,1695
2019-06-04T08:00:00+09:00,J2,730,473,1203
2019-06-04T08:00:00+09:00,J3,789,850,1639
2019-06-04T08:00:00+09:00,J4,833,1005,1838
2019-06-04T08:00:00+09:00,J5,429,390,819
2019-06-04T08:15:00+09:00,J1,1203,601,1804
2019-06-04T08:15:00+09:00,J2,839,503,1342
2019-06-04T08:15:00+09:00,J3,810,972,1782
2019-06-04T08:15:00+09:00,J4,857,1181,2038
2019-06-04T08:15:00+09:00,J5,365,365,730
2019-06-04T08:30:00+09:00,J1,1194,612,1806
2019-06-04T08:30:00+09:00,J2,834,523,1357
2019-06-04T08:30:00+09:00,J3,751,1002,1753
2019-06-04T08:30:00+09:00,J4,805,1115,1920
2019-06-04T08:30:00+09:00,J5,409,324,733
2019-06-04T08:45:00+09:00,J1,861,600,1461
2019-06-04T08:45:00+09:00,J2,663,411,1074
2019-06-04T08:45:00+09:00,J3,617,801,1418
2019-06-04T08:45:00+09:00,J4,731,939,1670
2019-06-04T08:45:00+09:00,J5,341,307,648
2019-06-04T09:00:00+09:00,J1,732,508,1240
2019-06-04T09:00:00+09:00,J2,567,438,1005
2019-06-04T09:00:00+09:00,J3,570,570,1140
2019-06-04T09:00:00+09:00,J4,736,837,1573
2019-06-04T09:00:00+09:00,J5,302,324,626
2019-06-04T09:15:00+09:00,J1,591,437,1028
2019-06-04T09:15:00+09:00,J2,560,423,983
2019-06-04T09:15:00+09:00,J3,529,528,1057
2019-06-04T09:15:00+09:00,J4,673,828,1501
2019-06-04T09:15:00+09:00,J5,362,396,758
2019-06-04T09:30:00+09:00,J1,667,471,1138
2019-06-04T09:30:00+09:00,J2,545,414,959
2019-06-04T09:30:00+09:00,J3,504,592,1096
2019-06-04T09:30:00+09:00,J4,698,804,1502
2019-06-04T09:30:00+09:00,J5,391,331,722
2019-06-04T09:45:00+09:00,J1,537,496,1033
2019-06-04T09:45:00+09:00,J2,520,502,1022
2019-06-04T09:45:00+09:00,J3,504,529,1033
2019-06-04T09:45:00+09:00,J4,617,729,1346
2019-06-04T09:45:00+09:00,J5,309,281,590
2019-06-04T10:00:00+09:00,J1,501,508,1009
2019-06-04T10:00:00+09:00,J2,401,443,844
2019-06-04T10:00:00+09:00,J3,482,529,1011
2019-06-04T10:00:00+09:00,J4,603,663,1266
2019-06-04T10:00:00+09:00,J5,458,433,891
2019-06-04T10:15:00+09:00,J1,539,558,1097
2019-06-04T10:15:00+09:00,J2,495,417,912
2019-06-04T10:15:00+09:00,J3,609,548,1157
2019-06-04T10:15:00+09:00,J4,599,624,1223
2019-06-04T10:15:00+09:00,J5,438,454,892
2019-06-04T10:30:00+09:00,J1,599,559,1158
2019-06-04T10:30:00+09:00,J2,608,484,1092
2019-06-04T10:30:00+09:00,J3,760,730,1490
2019-06-04T10:30:00+09:00,J4,643,628,1271
2019-06-04T10:30:00+09:00,J5,386,380,766
2019-06-04T10:45:00+09:00,J1,554,552,1106
2019-06-04T10:45:00+09:00,J2,572,419,991
2019-06-04T10:45:00+09:00,J3,905,744,1649
2019-06-04T10:45:00+09:00,J4,569,660,1229
2019-06-04T10:45:00+09:00,J5,460,419,879
2019-06-04T11:00:00+09:00,J1,558,583,1141
2019-06-04T11:00:00+09:00,J2,601,424,1025
2019-06-04T11:00:00+09:00,J3,941,770,1711
2019-06-04T11:00:00+09:00,J4,600,685,1285
2019-06-04T11:00:00+09:00,J5,402,468,870
2019-06-04T11:15:00+09:00,J1,680,708,1388
2019-06-04T11:15:00+09:00,J2,682,570,1252
2019-06-04T11:15:00+09:00,J3,934,821,1755
2019-06-04T11:15:00+09:00,J4,620,600,1220
2019-06-04T11:15:00+09:00,J5,346,352,698
2019-06-04T11:30:00+09:00,J1,654,731,1385
2019-06-04T11:30:00+09:00,J2,674,566,1240
2019-06-04T11:30:00+09:00,J3,900,828,1728
2019-06-04T11:30:00+09:00,J4,573,575,1148
2019-06-04T11:30:00+09:00,J5,345,310,655
2019-06-04T11:45:00+09:00,J1,677,691,1368
2019-06-04T11:45:00+09:00,J2,611,421,1032
2019-06-04T11:45:00+09:00,J3,857,726,1583
2019-06-04T11:45:00+09:00,J4,572,563,1135
2019-06-04T11:45:00+09:00,J5,402,352,754
2019-06-04T12:00:00+09:00,J1,727,869,1596
2019-06-04T12:00:00+09:00,J2,677,594,1271
2019-06-04T12:00:00+09:00,J3,872,865,1737
2019-06-04T12:00:00+09:00,J4,641,638,1279
2019-06-04T12:00:00+09:00,J5,397,458,855
2019-06-04T12:15:00+09:00,J1,716,848,1564
2019-06-04T12:15:00+09:00,J2,740,731,1471
2019-06-04T12:15:00+09:00,J3,753,828,1581
2019-06-04T12:15:00+09:00,J4,521,618,1139
2019-06-04T12:15:00+09:00,J5,402,419,821
2019-06-04T12:30:00+09:00,J1,725,863,1588
2019-06-04T12:30:00+09:00,J2,717,697,1414
2019-06-04T12:30:00+09:00,J3,764,902,1666
2019-06-04T12:30:00+09:00,J4,638,637,1275
2019-06-04T12:30:00+09:00,J5,428,439,867
2019-06-04T12:45:00+09:00,J1,734,843,1577
2019-06-04T12:45:00+09:00,J2,670,644,1314
2019-06-04T12:45:00+09:00,J3,727,794,1521
2019-06-04T12:45:00+09:00,J4,544,598,1142
2019-06-04T12:45:00+09:00,J5,434,401,835
2019-06-04T13:00:00+09:00,J1,626,771,1397
2019-06-04T13:00:00+09:00,J2,680,659,1339
2019-06-04T13:00:00+09:00,J3,806,792,1598
2019-06-04T13:00:00+09:00,J4,554,508,1062
2019-06-04T13:00:00+09:00,J5,424,432,856
2019-06-04T13:15:00+09:00,J1,666,757,1423
2019-06-04T13:15:00+09:00,J2,672,676,1348
2019-06-04T13:15:00+09:00,J3,661,707,1368
2019-06-04T13:15:00+09:00,J4,543,524,1067
2019-06-04T13:15:00+09:00,J5,483,435,918
2019-06-04T13:30:00+09:00,J1,699,857,1556
2019-06-04T13:30:00+09:00,J2,659,634,1293
2019-06-04T13:30:00+09:00,J3,744,799,1543
2019-06-04T13:30:00+09:00,J4,544,556,1100
2019-06-04T13:30:00+09:00,J5,511,511,1022
2019-06-04T13:45:00+09:00,J1,690,781,1471
2019-06-04T13:45:00+09:00,J2,669,628,1297
2019-06-04T13:45:00+09:00,J3,711,758,1469
2019-06-04T13:45:00+09:00,J4,487,518,1005
2019-06-04T13:45:00+09:00,J5,515,537,1052
2019-06-04T14:00:00+09:00,J1,745,859,1604
2019-06-04T14:00:00+09:00,J2,690,697,1387
2019-06-04T14:00:00+09:00,J3,850,746,1596
2019-06-04T14:00:00+09:00,J4,605,557,1162
2019-06-04T14:00:00+09:00,J5,588,592,1180
2019-06-04T14:15:00+09:00,J1,773,934,1707
2019-06-04T14:15:00+09:00,J2,705,642,1347
2019-06-04T14:15:00+09:00,J3,826,769,1595
2019-06-04T14:15:00+09:00,J4,521,562,1083
2019-06-04T14:15:00+09:00,J5,554,555,1109
2019-06-04T14:30:00+09:00,J1,856,891,1747
2019-06-04T14:30:00+09:00,J2,757,717,1474
2019-06-04T14:30:00+09:00,J3,859,839,1698
2019-06-04T14:30:00+09:00,J4,564,598,1162
2019-06-04T14:30:00+09:00,J5,541,557,1098
2019-06-04T14:45:00+09:00,J1,869,944,1813
2019-06-04T14:45:00+09:00,J2,669,659,1328
2019-06-04T14:45:00+09:00,J3,869,772,1641
2019-06-04T14:45:00+09:00,J4,594,578,1172
2019-06-04T14:45:00+09:00,J5,540,529,1069
2019-06-04T15:00:00+09:00,J1,852,976,1828
2019-06-04T15:00:00+09:00,J2,691,595,1286
2019-06-04T15:00:00+09:00,J3,880,718,1598
2019-06-04T15:00:00+09:00,J4,576,574,1150
2019-06-04T15:00:00+09:00,J5,612,533,1145
2019-06-04T15:15:00+09:00,J1,782,891,1673
2019-06-04T15:15:00+09:00,J2,673,571,1244
2019-06-04T15:15:00+09:00,J3,836,759,1595
2019-06-04T15:15:00+09:00,J4,505,572,1077
2019-06-04T15:15:00+09:00,J5,561,593,1154
2019-06-04T15:30:00+09:00,J1,763,901,1664
2019-06-04T15:30:00+09:00,J2,728,510,1238
2019-06-04T15:30:00+09:00,J3,873,724,1597
2019-06-04T15:30:00+09:00,J4,566,533,1099
2019-06-04T15:30:00+09:00,J5,557,563,1120
2019-06-04T15:45:00+09:00,J1,771,789,1560
2019-06-04T15:45:00+09:00,J2,654,473,1127
2019-06-04T15:45:00+09:00,J3,875,616,1491
2019-06-04T15:45:00+09:00,J4,539,564,1103
2019-06-04T15:45:00+09:00,J5,532,555,1087
2019-06-04T16:00:00+09:00,J1,676,829,1505
2019-06-04T16:00:00+09:00,J2,617,476,1093
2019-06-04T16:00:00+09:00,J3,870,725,1595
2019-06-04T16:00:00+09:00,J4,560,629,1189
2019-06-04T16:00:00+09:00,J5,502,595,1097
2019-06-04T16:15:00+09:00,J1,689,840,1529
2019-06-04T16:15:00+09:00,J2,701,560,1261
2019-06-04T16:15:00+09:00,J3,920,685,1605
2019-06-04T16:15:00+09:00,J4,567,555,1122
2019-06-04T16:15:00+09:00,J5,475,550,1025
2019-06-04T16:30:00+09:00,J1,756,910,1666
2019-06-04T16:30:00+09:00,J2,705,594,1299
2019-06-04T16:30:00+09:00,J3,916,767,1683
2019-06-04T16:30:00+09:00,J4,554,614,1168
2019-06-04T16:30:00+09:00,J5,467,440,907
2019-06-04T16:45:00+09:00,J1,693,954,1647
2019-06-04T16:45:00+09:00,J2,702,606,1308
2019-06-04T16:45:00+09:00,J3,863,710,1573
2019-06-04T16:45:00+09:00,J4,535,485,1020
2019-06-04T16:45:00+09:00,J5,516,454,970
2019-06-04T17:00:00+09:00,J1,735,948,1683
2019-06-04T17:00:00+09:00,J2,681,531,1212
2019-06-04T17:00:00+09:00,J3,895,756,1651
2019-06-04T17:00:00+09:00,J4,594,514,1108
2019-06-04T17:00:00+09:00,J5,551,536,1087
2019-06-04T17:15:00+09:00,J1,762,996,1758
2019-06-04T17:15:00+09:00,J2,745,671,1416
2019-06-04T17:15:00+09:00,J3,973,839,1812
2019-06-04T17:15:00+09:00,J4,635,556,1191
2019-06-04T17:15:00+09:00,J5,559,597,1156
2019-06-04T17:30:00+09:00,J1,836,1023,1859
2019-06-04T17:30:00+09:00,J2,756,702,1458
2019-06-04T17:30:00+09:00,J3,1041,947,1988
2019-06-04T17:30:00+09:00,J4,895,683,1578
2019-06-04T17:30:00+09:00,J5,560,556,1116
2019-06-04T17:45:00+09:00,J1,898,1112,2010
2019-06-04T17:45:00+09:00,J2,784,654,1438
2019-06-04T17:45:00+09:00,J3,1123,898,2021
2019-06-04T17:45:00+09:00,J4,924,670,1594
2019-06-04T17:45:00+09:00,J5,534,557,1091
2019-06-04T18:00:00+09:00,J1,911,1079,1990
2019-06-04T18:00:00+09:00,J2,792,682,1474
2019-06-04T18:00:00+09:00,J3,1251,904,2155
2019-06-04T18:00:00+09:00,J4,952,707,1659
2019-06-04T18:00:00+09:00,J5,622,684,1306
2019-06-04T18:15:00+09:00,J1,874,1087,1961
2019-06-04T18:15:00+09:00,J2,794,731,1525
2019-06-04T18:15:00+09:00,J3,1167,929,2096
2019-06-04T18:15:00+09:00,J4,939,688,1627
2019-06-04T18:15:00+09:00,J5,502,460,962
2019-06-04T18:30:00+09:00,J1,832,1040,1872
2019-06-04T18:30:00+09:00,J2,708,595,1303
2019-06-04T18:30:00+09:00,J3,1024,845,1869
2019-06-04T18:30:00+09:00,J4,781,622,1403
2019-06-04T18:30:00+09:00,J5,503,446,949
2019-06-04T18:45:00+09:00,J1,742,902,1644
2019-06-04T18:45:00+09:00,J2,670,519,1189
2019-06-04T18:45:00+09:00,J3,999,789,1788
2019-06-04T18:45:00+09:00,J4,759,672,1431
2019-06-04T18:45:00+09:00,J5,419,447,866
2019-06-04T19:00:00+09:00,J1,744,957,1701
2019-06-04T19:00:00+09:00,J2,699,529,1228
2019-06-04T19:00:00+09:00,J3,982,818,1800
2019-06-04T19:00:00+09:00,J4,875,717,1592
2019-06-04T19:00:00+09:00,J5,499,517,1016
2019-06-04T19:15:00+09:00,J1,721,971,1692
2019-06-04T19:15:00+09:00,J2,702,617,1319
2019-06-04T19:15:00+09:00,J3,961,804,1765
2019-06-04T19:15:00+09:00,J4,802,713,1515
2019-06-04T19:15:00+09:00,J5,494,525,1019
2019-06-04T19:30:00+09:00,J1,713,955,1668
2019-06-04T19:30:00+09:00,J2,625,476,1101
2019-06-04T19:30:00+09:00,J3,782,737,1519
2019-06-04T19:30:00+09:00,J4,789,754,1543
2019-06-04T19:30:00+09:00,J5,505,531,1036
2019-06-04T19:45:00+09:00,J1,623,768,1391
2019-06-04T19:45:00+09:00,J2,548,421,969
2019-06-04T19:45:00+09:00,J3,692,704,1396
2019-06-04T19:45:00+09:00,J4,746,699,1445
2019-06-04T19:45:00+09:00,J5,471,472,943
2019-06-04T20:00:00+09:00,J1,636,785,1421
2019-06-04T20:00:00+09:00,J2,525,433,958
2019-06-04T20:00:00+09:00,J3,636,682,1318
2019-06-04T20:00:00+09:00,J4,786,783,1569
2019-06-04T20:00:00+09:00,J5,482,527,1009
2019-06-04T20:15:00+09:00,J1,649,812,1461
2019-06-04T20:15:00+09:00,J2,579,468,1047
2019-06-04T20:15:00+09:00,J3,725,695,1420
2019-06-04T20:15:00+09:00,J4,818,696,1514
2019-06-04T20:15:00+09:00,J5,511,564,1075
2019-06-04T20:30:00+09:00,J1,641,823,1464
2019-06-04T20:30:00+09:00,J2,459,429,888
2019-06-04T20:30:00+09:00,J3,691,668,1359
2019-06-04T20:30:00+09:00,J4,751,694,1445
2019-06-04T20:30:00+09:00,J5,542,477,1019
2019-06-04T20:45:00+09:00,J1,614,753,1367
2019-06-04T20:45:00+09:00,J2,453,420,873
2019-06-04T20:45:00+09:00,J3,600,565,1165
2019-06-04T20:45:00+09:00,J4,725,610,1335
2019-06-04T20:45:00+09:00,J5,557,625,1182
2019-06-04T21:00:00+09:00,J1,655,746,1401
2019-06-04T21:00:00+09:00,J2,440,448,888
2019-06-04T21:00:00+09:00,J3,535,522,1057
2019-06-04T21:00:00+09:00,J4,790,681,1471
2019-06-04T21:00:00+09:00,J5,559,606,1165
2019-06-04T21:15:00+09:00,J1,668,718,1386
2019-06-04T21:15:00+09:00,J2,366,457,823
2019-06-04T21:15:00+09:00,J3,542,585,1127
2019-06-04T21:15:00+09:00,J4,752,688,1440
2019-06-04T21:15:00+09:00,J5,606,633,1239
2019-06-04T21:30:00+09:00,J1,570,619,1189
2019-06-04T21:30:00+09:00,J2,365,451,816
2019-06-04T21:30:00+09:00,J3,574,508,1082
2019-06-04T21:30:00+09:00,J4,848,707,1555
2019-06-04T21:30:00+09:00,J5,587,640,1227
2019-06-04T21:45:00+09:00,J1,588,686,1274
2019-06-04T21:45:00+09:00,J2,332,403,735
2019-06-04T21:45:00+09:00,J3,551,518,1069
2019-06-04T21:45:00+09:00,J4,812,735,1547
2019-06-04T21:45:00+09:00,J5,527,605,1132
2019-06-04T22:00:00+09:00,J1,684,700,1384
2019-06-04T22:00:00+09:00,J2,304,306,610
2019-06-04T22:00:00+09:00,J3,543,479,1022
2019-06-04T22:00:00+09:00,J4,820,667,1487
2019-06-04T22:00:00+09:00,J5,500,561,1061
2019-06-04T22:15:00+09:00,J1,654,733,1387
2019-06-04T22:15:00+09:00,J2,318,367,685
2019-06-04T22:15:00+09:00,J3,547,472,1019
2019-06-04T22:15:00+09:00,J4,893,728,1621
2019-06-04T22:15:00+09:00,J5,502,530,1032
2019-06-04T22:30:00+09:00,J1,771,801,1572
2019-06-04T22:30:00+09:00,J2,312,340,652
2019-06-04T22:30:00+09:00,J3,535,471,1006
2019-06-04T22:30:00+09:00,J4,780,634,1414
2019-06-04T22:30:00+09:00,J5,443,489,932
2019-06-04T22:45:00+09:00,J1,701,771,1472
2019-06-04T22:45:00+09:00,J2,287,250,537
2019-06-04T22:45:00+09:00,J3,491,457,948
2019-06-04T22:45:00+09:00,J4,803,723,1526
2019-06-04T22:45:00+09:00,J5,379,446,825
2019-06-04T23:00:00+09:00,J1,648,647,1295
2019-06-04T23:00:00+09:00,J2,245,273,518
2019-06-04T23:00:00+09:00,J3,496,437,933
2019-06-04T23:00:00+09:00,J4,774,670,1444
2019-06-04T23:00:00+09:00,J5,361,425,786
2019-06-04T23:15:00+09:00,J1,597,641,1238
2019-06-04T23:15:00+09:00,J2,266,294,560
2019-06-04T23:15:00+09:00,J3,513,426,939
2019-06-04T23:15:00+09:00,J4,825,725,1550
2019-06-04T23:15:00+09:00,J5,353,464,817
2019-06-04T23:30:00+09:00,J1,610,607,1217
2019-06-04T23:30:00+09:00,J2,287,316,603
2019-06-04T23:30:00+09:00,J3,455,420,875
2019-06-04T23:30:00+09:00,J4,718,692,1410
2019-06-04T23:30:00+09:00,J5,346,438,784
2019-06-04T23:45:00+09:00,J1,414,445,859
2019-06-04T23:45:00+09:00,J2,291,274,565
2019-06-04T23:45:00+09:00,J3,458,438,896
2019-06-04T23:45:00+09:00,J4,697,571,1268
2019-06-04T23:45:00+09:00,J5,427,475,902
2019-06-05T00:00:00+09:00,J1,468,496,964
2019-06-05T00:00:00+09:00,J2,346,328,674
2019-06-05T00:00:00+09:00,J3,463,354,817
2019-06-05T00:00:00+09:00,J4,608,510,1118
2019-06-05T00:00:00+09:00,J5,429,482,911
2019-06-05T00:15:00+09:00,J1,238,246,484
2019-06-05T00:15:00+09:00,J2,266,252,518
2019-06-05T00:15:00+09:00,J3,427,427,854
2019-06-05T00:15:00+09:00,J4,546,404,950
2019-06-05T00:15:00+09:00,J5,364,359,723
2019-06-05T00:30:00+09:00,J1,245,214,459
2019-06-05T00:30:00+09:00,J2,232,223,455
2019-06-05T00:30:00+09:00,J3,472,434,906
2019-06-05T00:30:00+09:00,J4,230,211,441
2019-06-05T00:30:00+09:00,J5,227,203,430
2019-06-05T00:45:00+09:00,J1,218,154,372
2019-06-05T00:45:00+09:00,J2,251,259,510
2019-06-05T00:45:00+09:00,J3,530,432,962
2019-06-05T00:45:00+09:00,J4,253,216,469
2019-06-05T00:45:00+09:00,J5,187,157,344
2019-06-05T05:45:00+09:00,J1,226,259,485
2019-06-05T05:45:00+09:00,J2,613,570,1183
2019-06-05T05:45:00+09:00,J3,490,456,946
2019-06-05T05:45:00+09:00,J4,364,398,762
2019-06-05T05:45:00+09:00,J5,231,164,395
2019-06-05T06:00:00+09:00,J1,327,368,695
2019-06-05T06:00:00+09:00,J2,508,424,932
2019-06-05T06:00:00+09:00,J3,562,496,1058
2019-06-05T06:00:00+09:00,J4,400,401,801
2019-06-05T06:00:00+09:00,J5,246,247,493
2019-06-05T06:15:00+09:00,J1,471,400,871
2019-06-05T06:15:00+09:00,J2,484,344,828
2019-06-05T06:15:00+09:00,J3,519,484,1003
2019-06-05T06:15:00+09:00,J4,369,401,770
2019-06-05T06:15:00+09:00,J5,239,250,489
2019-06-05T06:30:00+09:00,J1,482,496,978
2019-06-05T06:30:00+09:00,J2,474,406,880
2019-06-05T06:30:00+09:00,J3,431,451,882
2019-06-05T06:30:00+09:00,J4,336,384,720
2019-06-05T06:30:00+09:00,J5,277,266,543
2019-06-05T06:45:00+09:00,J1,466,422,888
2019-06-05T06:45:00+09:00,J2,367,318,685
2019-06-05T06:45:00+09:00,J3,405,435,840
2019-06-05T06:45:00+09:00,J4,387,471,858
2019-06-05T06:45:00+09:00,J5,262,248,510
2019-06-05T07:00:00+09:00,J1,547,501,1048
2019-06-05T07:00:00+09:00,J2,349,351,700
2019-06-05T07:00:00+09:00,J3,522,534,1056
2019-06-05T07:00:00+09:00,J4,589,595,1184
2019-06-05T07:00:00+09:00,J5,329,310,639
2019-06-05T07:15:00+09:00,J1,548,498,1046
2019-06-05T07:15:00+09:00,J2,472,343,815
2019-06-05T07:15:00+09:00,J3,536,516,1052
2019-06-05T07:15:00+09:00,J4,701,660,1361
2019-06-05T07:15:00+09:00,J5,324,375,699
2019-06-05T07:30:00+09:00,J1,636,572,1208
2019-06-05T07:30:00+09:00,J2,476,382,858
2019-06-05T07:30:00+09:00,J3,658,656,1314
2019-06-05T07:30:00+09:00,J4,742,822,1564
2019-06-05T07:30:00+09:00,J5,434,482,916
2019-06-05T07:45:00+09:00,J1,845,684,1529
2019-06-05T07:45:00+09:00,J2,677,425,1102
2019-06-05T07:45:00+09:00,J3,716,736,1452
2019-06-05T07:45:00+09:00,J4,844,1071,1915
2019-06-05T07:45:00+09:00,J5,391,430,821
2019-06-05T08:00:00+09:00,J1,1139,800,1939
2019-06-05T08:00:00+09:00,J2,772,557,1329
2019-06-05T08:00:00+09:00,J3,835,868,1703
2019-06-05T08:00:00+09:00,J4,827,1087,1914
2019-06-05T08:00:00+09:00,J5,360,331,691
2019-06-05T08:15:00+09:00,J1,1243,817,2060
2019-06-05T08:15:00+09:00,J2,910,553,1463
2019-06-05T08:15:00+09:00,J3,908,1025,1933
2019-06-05T08:15:00+09:00,J4,726,1189,1915
2019-06-05T08:15:00+09:00,J5,414,394,808
2019-06-05T08:30:00+09:00,J1,1232,710,1942
2019-06-05T08:30:00+09:00,J2,934,492,1426
2019-06-05T08:30:00+09:00,J3,910,1141,2051
2019-06-05T08:30:00+09:00,J4,692,1126,1818
2019-06-05T08:30:00+09:00,J5,390,440,830
2019-06-05T08:45:00+09:00,J1,882,666,1548
2019-06-05T08:45:00+09:00,J2,703,413,1116
2019-06-05T08:45:00+09:00,J3,780,971,1751
2019-06-05T08:45:00+09:00,J4,717,924,1641
2019-06-05T08:45:00+09:00,J5,378,300,678
2019-06-05T09:00:00+09:00,J1,836,662,1498
2019-06-05T09:00:00+09:00,J2,578,463,1041
2019-06-05T09:00:00+09:00,J3,658,731,1389
2019-06-05T09:00:00+09:00,J4,684,765,1449
2019-06-05T09:00:00+09:00,J5,399,355,754
2019-06-05T09:15:00+09:00,J1,812,735,1547
2019-06-05T09:15:00+09:00,J2,565,505,1070
2019-06-05T09:15:00+09:00,J3,700,715,1415
2019-06-05T09:15:00+09:00,J4,743,887,1630
2019-06-05T09:15:00+09:00,J5,519,515,1034
2019-06-05T09:30:00+09:00,J1,820,739,1559
2019-06-05T09:30:00+09:00,J2,590,504,1094
2019-06-05T09:30:00+09:00,J3,670,696,1366
2019-06-05T09:30:00+09:00,J4,747,858,1605
2019-06-05T09:30:00+09:00,J5,437,384,821
2019-06-05T09:45:00+09:00,J1,804,692,1496
2019-06-05T09:45:00+09:00,J2,499,494,993
2019-06-05T09:45:00+09:00,J3,657,605,1262
2019-06-05T09:45:00+09:00,J4,830,813,1643
2019-06-05T09:45:00+09:00,J5,485,439,924
2019-06-05T10:00:00+09:00,J1,672,721,1393
2019-06-05T10:00:00+09:00,J2,429,431,860
2019-06-05T10:00:00+09:00,J3,638,531,1169
2019-06-05T10:00:00+09:00,J4,785,750,1535
2019-06-05T10:00:00+09:00,J5,521,504,1025
2019-06-05T10:15:00+09:00,J1,834,740,1574
2019-06-05T10:15:00+09:00,J2,475,490,965
2019-06-05T10:15:00+09:00,J3,646,578,1224
2019-06-05T10:15:00+09:00,J4,826,762,1588
2019-06-05T10:15:00+09:00,J5,477,435,912
2019-06-05T10:30:00+09:00,J1,807,855,1662
2019-06-05T10:30:00+09:00,J2,498,490,988
2019-06-05T10:30:00+09:00,J3,689,578,1267
2019-06-05T10:30:00+09:00,J4,782,835,1617
2019-06-05T10:30:00+09:00,J5,488,577,1065
2019-06-05T10:45:00+09:00,J1,784,797,1581
2019-06-05T10:45:00+09:00,J2,493,512,1005
2019-06-05T10:45:00+09:00,J3,626,604,1230
2019-06-05T10:45:00+09:00,J4,758,741,1499
2019-06-05T10:45:00+09:00,J5,497,505,1002
2019-06-05T11:00:00+09:00,J1,814,849,1663
2019-06-05T11:00:00+09:00,J2,505,582,1087
2019-06-05T11:00:00+09:00,J3,646,678,1324
2019-06-05T11:00:00+09:00,J4,769,775,1544
2019-06-05T11:00:00+09:00,J5,545,518,1063
2019-06-05T11:15:00+09:00,J1,915,981,1896
2019-06-05T11:15:00+09:00,J2,536,532,1068
2019-06-05T11:15:00+09:00,J3,707,783,1490
2019-06-05T11:15:00+09:00,J4,829,726,1555
2019-06-05T11:15:00+09:00,J5,541,527,1068
2019-06-05T11:30:00+09:00,J1,974,1055,2029
2019-06-05T11:30:00+09:00,J2,582,528,1110
2019-06-05T11:30:00+09:00,J3,752,678,1430
2019-06-05T11:30:00+09:00,J4,829,746,1575
2019-06-05T11:30:00+09:00,J5,543,532,1075
2019-06-05T11:45:00+09:00,J1,956,985,1941
2019-06-05T11:45:00+09:00,J2,490,578,1068
2019-06-05T11:45:00+09:00,J3,720,774,1494
2019-06-05T11:45:00+09:00,J4,770,733,1503
2019-06-05T11:45:00+09:00,J5,536,627,1163
2019-06-05T12:00:00+09:00,J1,854,933,1787
2019-06-05T12:00:00+09:00,J2,540,503,1043
2019-06-05T12:00:00+09:00,J3,811,743,1554
2019-06-05T12:00:00+09:00,J4,866,710,1576
2019-06-05T12:00:00+09:00,J5,515,586,1101
2019-06-05T12:15:00+09:00,J1,738,865,1603
2019-06-05T12:15:00+09:00,J2,515,512,1027
2019-06-05T12:15:00+09:00,J3,822,728,1550
2019-06-05T12:15:00+09:00,J4,773,813,1586
2019-06-05T12:15:00+09:00,J5,518,605,1123
2019-06-05T12:30:00+09:00,J1,810,840,1650
2019-06-05T12:30:00+09:00,J2,498,511,1009
2019-06-05T12:30:00+09:00,J3,768,813,1581
2019-06-05T12:30:00+09:00,J4,740,868,1608
2019-06-05T12:30:00+09:00,J5,459,578,1037
2019-06-05T12:45:00+09:00,J1,733,809,1542
2019-06-05T12:45:00+09:00,J2,475,494,969
2019-06-05T12:45:00+09:00,J3,826,799,1625
2019-06-05T12:45:00+09:00,J4,768,834,1602
2019-06-05T12:45:00+09:00,J5,479,512,991
2019-06-05T13:00:00+09:00,J1,724,812,1536
2019-06-05T13:00:00+09:00,J2,467,536,1003
2019-06-05T13:00:00+09:00,J3,833,734,1567
2019-06-05T13:00:00+09:00,J4,791,760,1551
2019-06-05T13:00:00+09:00,J5,525,577,1102
2019-06-05T13:15:00+09:00,J1,694,859,1553
2019-06-05T13:15:00+09:00,J2,463,468,931
2019-06-05T13:15:00+09:00,J3,779,782,1561
2019-06-05T13:15:00+09:00,J4,732,757,1489
2019-06-05T13:15:00+09:00,J5,547,560,1107
2019-06-05T13:30:00+09:00,J1,804,835,1639
2019-06-05T13:30:00+09:00,J2,437,467,904
2019-06-05T13:30:00+09:00,J3,756,761,1517
2019-06-05T13:30:00+09:00,J4,726,748,1474
2019-06-05T13:30:00+09:00,J5,525,533,1058
2019-06-05T13:45:00+09:00,J1,843,856,1699
2019-06-05T13:45:00+09:00,J2,469,464,933
2019-06-05T13:45:00+09:00,J3,784,718,1502
2019-06-05T13:45:00+09:00,J4,677,684,1361
2019-06-05T13:45:00+09:00,J5,531,555,1086
2019-06-05T14:00:00+09:00,J1,720,838,1558
2019-06-05T14:00:00+09:00,J2,507,512,1019
2019-06-05T14:00:00+09:00,J3,739,753,1492
2019-06-05T14:00:00+09:00,J4,695,733,1428
2019-06-05T14:00:00+09:00,J5,506,603,1109
2019-06-05T14:15:00+09:00,J1,734,884,1618
2019-06-05T14:15:00+09:00,J2,446,478,924
2019-06-05T14:15:00+09:00,J3,748,694,1442
2019-06-05T14:15:00+09:00,J4,760,756,1516
2019-06-05T14:15:00+09:00,J5,523,561,1084
2019-06-05T14:30:00+09:00,J1,816,906,1722
2019-06-05T14:30:00+09:00,J2,453,472,925
2019-06-05T14:30:00+09:00,J3,710,738,1448
2019-06-05T14:30:00+09:00,J4,668,731,1399
2019-06-05T14:30:00+09:00,J5,471,551,1022
2019-06-05T14:45:00+09:00,J1,894,1006,1900
2019-06-05T14:45:00+09:00,J2,445,493,938
2019-06-05T14:45:00+09:00,J3,753,791,1544
2019-06-05T14:45:00+09:00,J4,739,755,1494
2019-06-05T14:45:00+09:00,J5,523,591,1114
2019-06-05T15:00:00+09:00,J1,899,1073,1972
2019-06-05T15:00:00+09:00,J2,543,653,1196
2019-06-05T15:00:00+09:00,J3,709,846,1555
2019-06-05T15:00:00+09:00,J4,632,716,1348
2019-06-05T15:00:00+09:00,J5,488,567,1055
2019-06-05T15:15:00+09:00,J1,853,982,1835
2019-06-05T15:15:00+09:00,J2,474,588,1062
2019-06-05T15:15:00+09:00,J3,783,784,1567
2019-06-05T15:15:00+09:00,J4,667,702,1369
2019-06-05T15:15:00+09:00,J5,523,579,1102
2019-06-05T15:30:00+09:00,J1,888,958,1846
2019-06-05T15:30:00+09:00,J2,503,527,1030
2019-06-05T15:30:00+09:00,J3,741,789,1530
2019-06-05T15:30:00+09:00,J4,773,755,1528
2019-06-05T15:30:00+09:00,J5,535,539,1074
2019-06-05T15:45:00+09:00,J1,891,1069,1960
2019-06-05T15:45:00+09:00,J2,478,517,995
2019-06-05T15:45:00+09:00,J3,743,770,1513
2019-06-05T15:45:00+09:00,J4,760,780,1540
2019-06-05T15:45:00+09:00,J5,481,544,1025
2019-06-05T16:00:00+09:00,J1,774,973,1747
2019-06-05T16:00:00+09:00,J2,504,557,1061
2019-06-05T16:00:00+09:00,J3,867,772,1639
2019-06-05T16:00:00+09:00,J4,748,788,1536
2019-06-05T16:00:00+09:00,J5,459,529,988
2019-06-05T16:15:00+09:00,J1,788,930,1718
2019-06-05T16:15:00+09:00,J2,552,621,1173
2019-06-05T16:15:00+09:00,J3,808,838,1646
2019-06-05T16:15:00+09:00,J4,683,726,1409
2019-06-05T16:15:00+09:00,J5,534,568,1102
2019-06-05T16:30:00+09:00,J1,744,965,1709
2019-06-05T16:30:00+09:00,J2,456,584,1040
2019-06-05T16:30:00+09:00,J3,728,724,1452
2019-06-05T16:30:00+09:00,J4,730,710,1440
2019-06-05T16:30:00+09:00,J5,486,536,1022
2019-06-05T16:45:00+09:00,J1,893,923,1816
2019-06-05T16:45:00+09:00,J2,541,583,1124
2019-06-05T16:45:00+09:00,J3,800,702,1502
2019-06-05T16:45:00+09:00,J4,717,721,1438
2019-06-05T16:45:00+09:00,J5,529,537,1066
2019-06-05T17:00:00+09:00,J1,854,1000,1854
2019-06-05T17:00:00+09:00,J2,548,645,1193
2019-06-05T17:00:00+09:00,J3,916,958,1874
2019-06-05T17:00:00+09:00,J4,761,737,1498
2019-06-05T17:00:00+09:00,J5,510,590,1100
2019-06-05T17:15:00+09:00,J1,880,1042,1922
2019-06-05T17:15:00+09:00,J2,567,616,1183
2019-06-05T17:15:00+09:00,J3,842,867,1709
2019-06-05T17:15:00+09:00,J4,871,823,1694
2019-06-05T17:15:00+09:00,J5,492,605,1097
2019-06-05T17:30:00+09:00,J1,916,1118,2034
2019-06-05T17:30:00+09:00,J2,615,710,1325
2019-06-05T17:30:00+09:00,J3,895,874,1769
2019-06-05T17:30:00+09:00,J4,907,819,1726
2019-06-05T17:30:00+09:00,J5,487,661,1148
2019-06-05T17:45:00+09:00,J1,896,1156,2052
2019-06-05T17:45:00+09:00,J2,572,661,1233
2019-06-05T17:45:00+09:00,J3,934,820,1754
2019-06-05T17:45:00+09:00,J4,951,872,1823
2019-06-05T17:45:00+09:00,J5,513,580,1093
2019-06-05T18:00:00+09:00,J1,1013,1144,2157
2019-06-05T18:00:00+09:00,J2,614,695,1309
2019-06-05T18:00:00+09:00,J3,970,817,1787
2019-06-05T18:00:00+09:00,J4,1007,741,1748
2019-06-05T18:00:00+09:00,J5,526,645,1171
2019-06-05T18:15:00+09:00,J1,890,1146,2036
2019-06-05T18:15:00+09:00,J2,624,671,1295
2019-06-05T18:15:00+09:00,J3,924,813,1737
2019-06-05T18:15:00+09:00,J4,983,781,1764
2019-06-05T18:15:00+09:00,J5,516,543,1059
2019-06-05T18:30:00+09:00,J1,923,1070,1993
2019-06-05T18:30:00+09:00,J2,558,636,1194
2019-06-05T18:30:00+09:00,J3,855,678,1533
2019-06-05T18:30:00+09:00,J4,864,671,1535
2019-06-05T18:30:00+09:00,J5,558,561,1119
2019-06-05T18:45:00+09:00,J1,899,974,1873
2019-06-05T18:45:00+09:00,J2,554,599,1153
2019-06-05T18:45:00+09:00,J3,728,645,1373
2019-06-05T18:45:00+09:00,J4,827,702,1529
2019-06-05T18:45:00+09:00,J5,537,559,1096
2019-06-05T19:00:00+09:00,J1,821,1019,1840
2019-06-05T19:00:00+09:00,J2,563,537,1100
2019-06-05T19:00:00+09:00,J3,752,584,1336
2019-06-05T19:00:00+09:00,J4,979,741,1720
2019-06-05T19:00:00+09:00,J5,556,576,1132
2019-06-05T19:15:00+09:00,J1,883,1077,1960
2019-06-05T19:15:00+09:00,J2,509,594,1103
2019-06-05T19:15:00+09:00,J3,801,690,1491
2019-06-05T19:15:00+09:00,J4,1043,823,1866
2019-06-05T19:15:00+09:00,J5,514,637,1151
2019-06-05T19:30:00+09:00,J1,618,705,1323
2019-06-05T19:30:00+09:00,J2,300,378,678
2019-06-05T19:30:00+09:00,J3,476,412,888
2019-06-05T19:30:00+09:00,J4,666,546,1212
2019-06-05T19:30:00+09:00,J5,336,389,725
2019-06-05T19:45:00+09:00,J1,1154,1237,2391
2019-06-05T19:45:00+09:00,J2,523,593,1116
2019-06-05T19:45:00+09:00,J3,906,670,1576
2019-06-05T19:45:00+09:00,J4,1234,1003,2237
2019-06-05T19:45:00+09:00,J5,709,805,1514
2019-06-05T20:00:00+09:00,J1,865,1007,1872
2019-06-05T20:00:00+09:00,J2,375,431,806
2019-06-05T20:00:00+09:00,J3,694,595,1289
2019-06-05T20:00:00+09:00,J4,932,693,1625
2019-06-05T20:00:00+09:00,J5,519,556,1075
2019-06-05T20:15:00+09:00,J1,871,1009,1880
2019-06-05T20:15:00+09:00,J2,399,470,869
2019-06-05T20:15:00+09:00,J3,627,562,1189
2019-06-05T20:15:00+09:00,J4,893,781,1674
2019-06-05T20:15:00+09:00,J5,562,602,1164
2019-06-05T20:30:00+09:00,J1,773,897,1670
2019-06-05T20:30:00+09:00,J2,358,423,781
2019-06-05T20:30:00+09:00,J3,587,504,1091
2019-06-05T20:30:00+09:00,J4,828,705,1533
2019-06-05T20:30:00+09:00,J5,572,586,1158
2019-06-05T20:45:00+09:00,J1,832,980,1812
2019-06-05T20:45:00+09:00,J2,369,353,722
2019-06-05T20:45:00+09:00,J3,595,543,1138
2019-06-05T20:45:00+09:00,J4,651,545,1196
2019-06-05T20:45:00+09:00,J5,545,603,1148
2019-06-05T21:00:00+09:00,J1,846,1003,1849
2019-06-05T21:00:00+09:00,J2,368,396,764
2019-06-05T21:00:00+09:00,J3,625,554,1179
2019-06-05T21:00:00+09:00,J4,874,730,1604
2019-06-05T21:00:00+09:00,J5,513,591,1104
2019-06-05T21:15:00+09:00,J1,868,981,1849
2019-06-05T21:15:00+09:00,J2,370,343,713
2019-06-05T21:15:00+09:00,J3,616,534,1150
2019-06-05T21:15:00+09:00,J4,919,749,1668
2019-06-05T21:15:00+09:00,J5,469,571,1040
2019-06-05T21:30:00+09:00,J1,785,916,1701
2019-06-05T21:30:00+09:00,J2,364,345,709
2019-06-05T21:30:00+09:00,J3,563,518,1081
2019-06-05T21:30:00+09:00,J4,765,691,1456
2019-06-05T21:30:00+09:00,J5,415,541,956
2019-06-05T21:45:00+09:00,J1,738,889,1627
2019-06-05T21:45:00+09:00,J2,322,435,757
2019-06-05T21:45:00+09:00,J3,637,628,1265
2019-06-05T21:45:00+09:00,J4,831,709,1540
2019-06-05T21:45:00+09:00,J5,478,512,990
2019-06-05T22:00:00+09:00,J1,755,870,1625
2019-06-05T22:00:00+09:00,J2,311,375,686
2019-06-05T22:00:00+09:00,J3,528,490,1018
2019-06-05T22:00:00+09:00,J4,673,727,1400
2019-06-05T22:00:00+09:00,J5,392,465,857
2019-06-05T22:15:00+09:00,J1,750,819,1569
2019-06-05T22:15:00+09:00,J2,391,427,818
2019-06-05T22:15:00+09:00,J3,569,541,1110
2019-06-05T22:15:00+09:00,J4,762,752,1514
2019-06-05T22:15:00+09:00,J5,298,401,699
2019-06-05T22:30:00+09:00,J1,710,751,1461
2019-06-05T22:30:00+09:00,J2,414,415,829
2019-06-05T22:30:00+09:00,J3,522,511,1033
2019-06-05T22:30:00+09:00,J4,691,740,1431
2019-06-05T22:30:00+09:00,J5,310,345,655
2019-06-05T22:45:00+09:00,J1,676,713,1389
2019-06-05T22:45:00+09:00,J2,490,489,979
2019-06-05T22:45:00+09:00,J3,545,549,1094
2019-06-05T22:45:00+09:00,J4,620,662,1282
2019-06-05T22:45:00+09:00,J5,304,354,658
2019-06-05T23:00:00+09:00,J1,661,672,1333
2019-06-05T23:00:00+09:00,J2,519,478,997
2019-06-05T23:00:00+09:00,J3,558,493,1051
2019-06-05T23:00:00+09:00,J4,618,634,1252
2019-06-05T23:00:00+09:00,J5,280,304,584
2019-06-05T23:15:00+09:00,J1,668,755,1423
2019-06-05T23:15:00+09:00,J2,552,500,1052
2019-06-05T23:15:00+09:00,J3,519,494,1013
2019-06-05T23:15:00+09:00,J4,628,652,1280
2019-06-05T23:15:00+09:00,J5,236,257,493
2019-06-05T23:30:00+09:00,J1,691,727,1418
2019-06-05T23:30:00+09:00,J2,550,474,1024
2019-06-05T23:30:00+09:00,J3,507,495,1002
2019-06-05T23:30:00+09:00,J4,542,560,1102
2019-06-05T23:30:00+09:00,J5,309,262,571
2019-06-05T23:45:00+09:00,J1,610,620,1230
2019-06-05T23:45:00+09:00,J2,564,470,1034
2019-06-05T23:45:00+09:00,J3,551,457,1008
2019-06-05T23:45:00+09:00,J4,504,531,1035
2019-06-05T23:45:00+09:00,J5,274,273,547
2019-06-06T00:00:00+09:00,J1,599,657,1256
2019-06-06T00:00:00+09:00,J2,424,411,835
2019-06-06T00:00:00+09:00,J3,445,405,850
2019-06-06T00:00:00+09:00,J4,400,452,852
2019-06-06T00:00:00+09:00,J5,268,261,529
2019-06-06T00:15:00+09:00,J1,393,369,762
2019-06-06T00:15:00+09:00,J2,560,497,1057
2019-06-06T00:15:00+09:00,J3,572,446,1018
2019-06-06T00:15:00+09:00,J4,385,357,742
2019-06-06T00:15:00+09:00,J5,188,215,403
2019-06-06T00:30:00+09:00,J1,292,228,520
2019-06-06T00:30:00+09:00,J2,634,507,1141
2019-06-06T00:30:00+09:00,J3,437,373,810
2019-06-06T00:30:00+09:00,J4,366,411,777
2019-06-06T00:30:00+09:00,J5,243,224,467
2019-06-06T00:45:00+09:00,J1,229,208,437
2019-06-06T00:45:00+09:00,J2,523,532,1055
2019-06-06T00:45:00+09:00,J3,408,394,802
2019-06-06T00:45:00+09:00,J4,334,375,709
2019-06-06T00:45:00+09:00,J5,221,164,385
2019-06-06T05:45:00+09:00,J1,294,302,596
2019-06-06T05:45:00+09:00,J2,299,256,555
2019-06-06T05:45:00+09:00,J3,430,363,793
2019-06-06T05:45:00+09:00,J4,503,496,999
2019-06-06T05:45:00+09:00,J5,191,175,366
2019-06-06T06:00:00+09:00,J1,384,367,751
2019-06-06T06:00:00+09:00,J2,324,255,579
2019-06-06T06:00:00+09:00,J3,583,498,1081
2019-06-06T06:00:00+09:00,J4,440,448,888
2019-06-06T06:00:00+09:00,J5,207,254,461
2019-06-06T06:15:00+09:00,J1,362,324,686
2019-06-06T06:15:00+09:00,J2,457,356,813
2019-06-06T06:15:00+09:00,J3,643,555,1198
2019-06-06T06:15:00+09:00,J4,432,522,954
2019-06-06T06:15:00+09:00,J5,215,252,467
2019-06-06T06:30:00+09:00,J1,485,501,986
2019-06-06T06:30:00+09:00,J2,576,392,968
2019-06-06T06:30:00+09:00,J3,609,533,1142
2019-06-06T06:30:00+09:00,J4,514,573,1087
2019-06-06T06:30:00+09:00,J5,236,182,418
2019-06-06T06:45:00+09:00,J1,504,447,951
2019-06-06T06:45:00+09:00,J2,590,476,1066
2019-06-06T06:45:00+09:00,J3,641,587,1228
2019-06-06T06:45:00+09:00,J4,483,599,1082
2019-06-06T06:45:00+09:00,J5,231,190,421
2019-06-06T07:00:00+09:00,J1,715,720,1435
2019-06-06T07:00:00+09:00,J2,608,569,1177
2019-06-06T07:00:00+09:00,J3,661,587,1248
2019-06-06T07:00:00+09:00,J4,689,775,1464
2019-06-06T07:00:00+09:00,J5,255,216,471
2019-06-06T07:15:00+09:00,J1,708,656,1364
2019-06-06T07:15:00+09:00,J2,680,578,1258
2019-06-06T07:15:00+09:00,J3,675,672,1347
2019-06-06T07:15:00+09:00,J4,686,829,1515
2019-06-06T07:15:00+09:00,J5,247,250,497
2019-06-06T07:30:00+09:00,J1,670,608,1278
2019-06-06T07:30:00+09:00,J2,668,473,1141
2019-06-06T07:30:00+09:00,J3,629,728,1357
2019-06-06T07:30:00+09:00,J4,567,749,1316
2019-06-06T07:30:00+09:00,J5,323,343,666
2019-06-06T07:45:00+09:00,J1,921,780,1701
2019-06-06T07:45:00+09:00,J2,588,475,1063
2019-06-06T07:45:00+09:00,J3,721,854,1575
2019-06-06T07:45:00+09:00,J4,645,887,1532
2019-06-06T07:45:00+09:00,J5,356,386,742
2019-06-06T08:00:00+09:00,J1,1065,870,1935
2019-06-06T08:00:00+09:00,J2,668,444,1112
2019-06-06T08:00:00+09:00,J3,838,938,1776
2019-06-06T08:00:00+09:00,J4,707,1005,1712
2019-06-06T08:00:00+09:00,J5,483,591,1074
2019-06-06T08:15:00+09:00,J1,1158,870,2028
2019-06-06T08:15:00+09:00,J2,808,518,1326
2019-06-06T08:15:00+09:00,J3,843,1022,1865
2019-06-06T08:15:00+09:00,J4,818,1070,1888
2019-06-06T08:15:00+09:00,J5,583,620,1203
2019-06-06T08:30:00+09:00,J1,1193,771,1964
2019-06-06T08:30:00+09:00,J2,798,478,1276
2019-06-06T08:30:00+09:00,J3,760,1012,1772
2019-06-06T08:30:00+09:00,J4,947,1073,2020
2019-06-06T08:30:00+09:00,J5,488,457,945
2019-06-06T08:45:00+09:00,J1,895,696,1591
2019-06-06T08:45:00+09:00,J2,649,457,1106
2019-06-06T08:45:00+09:00,J3,654,832,1486
2019-06-06T08:45:00+09:00,J4,738,941,1679
2019-06-06T08:45:00+09:00,J5,424,441,865
2019-06-06T09:00:00+09:00,J1,815,710,1525
2019-06-06T09:00:00+09:00,J2,630,483,1113
2019-06-06T09:00:00+09:00,J3,634,693,1327
2019-06-06T09:00:00+09:00,J4,577,700,1277
2019-06-06T09:00:00+09:00,J5,446,448,894
2019-06-06T09:15:00+09:00,J1,811,623,1434
2019-06-06T09:15:00+09:00,J2,568,408,976
2019-06-06T09:15:00+09:00,J3,589,636,1225
2019-06-06T09:15:00+09:00,J4,759,823,1582
2019-06-06T09:15:00+09:00,J5,456,507,963
2019-06-06T09:30:00+09:00,J1,768,658,1426
2019-06-06T09:30:00+09:00,J2,535,434,969
2019-06-06T09:30:00+09:00,J3,543,569,1112
2019-06-06T09:30:00+09:00,J4,836,848,1684
2019-06-06T09:30:00+09:00,J5,441,518,959
2019-06-06T09:45:00+09:00,J1,478,449,927
2019-06-06T09:45:00+09:00,J2,408,299,707
2019-06-06T09:45:00+09:00,J3,410,392,802
2019-06-06T09:45:00+09:00,J4,585,618,1203
2019-06-06T09:45:00+09:00,J5,346,417,763
2019-06-06T10:00:00+09:00,J1,643,680,1323
2019-06-06T10:00:00+09:00,J2,502,510,1012
2019-06-06T10:00:00+09:00,J3,532,505,1037
2019-06-06T10:00:00+09:00,J4,956,950,1906
2019-06-06T10:00:00+09:00,J5,511,671,1182
2019-06-06T10:15:00+09:00,J1,650,588,1238
2019-06-06T10:15:00+09:00,J2,499,389,888
2019-06-06T10:15:00+09:00,J3,512,456,968
2019-06-06T10:15:00+09:00,J4,753,819,1572
2019-06-06T10:15:00+09:00,J5,450,511,961
2019-06-06T10:30:00+09:00,J1,581,628,1209
2019-06-06T10:30:00+09:00,J2,483,481,964
2019-06-06T10:30:00+09:00,J3,539,455,994
2019-06-06T10:30:00+09:00,J4,719,718,1437
2019-06-06T10:30:00+09:00,J5,500,494,994
2019-06-06T10:45:00+09:00,J1,529,593,1122
2019-06-06T10:45:00+09:00,J2,476,472,948
2019-06-06T10:45:00+09:00,J3,530,546,1076
2019-06-06T10:45:00+09:00,J4,703,740,1443
2019-06-06T10:45:00+09:00,J5,380,449,829
2019-06-06T11:00:00+09:00,J1,572,606,1178
2019-06-06T11:00:00+09:00,J2,481,453,934
2019-06-06T11:00:00+09:00,J3,504,615,1119
2019-06-06T11:00:00+09:00,J4,658,655,1313
2019-06-06T11:00:00+09:00,J5,339,415,754
2019-06-06T11:15:00+09:00,J1,709,698,1407
2019-06-06T11:15:00+09:00,J2,462,498,960
2019-06-06T11:15:00+09:00,J3,636,694,1330
2019-06-06T11:15:00+09:00,J4,682,699,1381
2019-06-06T11:15:00+09:00,J5,411,442,853
2019-06-06T11:30:00+09:00,J1,699,730,1429
2019-06-06T11:30:00+09:00,J2,449,464,913
2019-06-06T11:30:00+09:00,J3,734,760,1494
2019-06-06T11:30:00+09:00,J4,638,705,1343
2019-06-06T11:30:00+09:00,J5,428,449,877
2019-06-06T11:45:00+09:00,J1,695,693,1388
2019-06-06T11:45:00+09:00,J2,481,418,899
2019-06-06T11:45:00+09:00,J3,878,731,1609
2019-06-06T11:45:00+09:00,J4,640,699,1339
2019-06-06T11:45:00+09:00,J5,436,531,967
2019-06-06T12:00:00+09:00,J1,708,761,1469
2019-06-06T12:00:00+09:00,J2,579,494,1073
2019-06-06T12:00:00+09:00,J3,902,815,1717
2019-06-06T12:00:00+09:00,J4,661,704,1365
2019-06-06T12:00:00+09:00,J5,516,566,1082
2019-06-06T12:15:00+09:00,J1,626,741,1367
2019-06-06T12:15:00+09:00,J2,648,467,1115
2019-06-06T12:15:00+09:00,J3,916,912,1828
2019-06-06T12:15:00+09:00,J4,616,709,1325
2019-06-06T12:15:00+09:00,J5,451,452,903
2019-06-06T12:30:00+09:00,J1,689,767,1456
2019-06-06T12:30:00+09:00,J2,683,408,1091
2019-06-06T12:30:00+09:00,J3,924,952,1876
2019-06-06T12:30:00+09:00,J4,643,733,1376
2019-06-06T12:30:00+09:00,J5,497,450,947
2019-06-06T12:45:00+09:00,J1,629,741,1370
2019-06-06T12:45:00+09:00,J2,628,392,1020
2019-06-06T12:45:00+09:00,J3,931,916,1847
2019-06-06T12:45:00+09:00,J4,622,707,1329
2019-06-06T12:45:00+09:00,J5,503,572,1075
2019-06-06T13:00:00+09:00,J1,632,757,1389
2019-06-06T13:00:00+09:00,J2,612,439,1051
2019-06-06T13:00:00+09:00,J3,876,938,1814
2019-06-06T13:00:00+09:00,J4,657,713,1370
2019-06-06T13:00:00+09:00,J5,472,539,1011
2019-06-06T13:15:00+09:00,J1,611,787,1398
2019-06-06T13:15:00+09:00,J2,650,427,1077
2019-06-06T13:15:00+09:00,J3,911,937,1848
2019-06-06T13:15:00+09:00,J4,624,640,1264
2019-06-06T13:15:00+09:00,J5,520,561,1081
2019-06-06T13:30:00+09:00,J1,644,702,1346
2019-06-06T13:30:00+09:00,J2,692,498,1190
2019-06-06T13:30:00+09:00,J3,910,938,1848
2019-06-06T13:30:00+09:00,J4,591,689,1280
2019-06-06T13:30:00+09:00,J5,412,383,795
2019-06-06T13:45:00+09:00,J1,587,769,1356
2019-06-06T13:45:00+09:00,J2,654,448,1102
2019-06-06T13:45:00+09:00,J3,861,919,1780
2019-06-06T13:45:00+09:00,J4,562,687,1249
2019-06-06T13:45:00+09:00,J5,516,546,1062
2019-06-06T14:00:00+09:00,J1,625,793,1418
2019-06-06T14:00:00+09:00,J2,664,421,1085
2019-06-06T14:00:00+09:00,J3,915,936,1851
2019-06-06T14:00:00+09:00,J4,614,676,1290
2019-06-06T14:00:00+09:00,J5,521,544,1065
2019-06-06T14:15:00+09:00,J1,623,758,1381
2019-06-06T14:15:00+09:00,J2,629,431,1060
2019-06-06T14:15:00+09:00,J3,953,917,1870
2019-06-06T14:15:00+09:00,J4,673,661,1334
2019-06-06T14:15:00+09:00,J5,539,541,1080
2019-06-06T14:30:00+09:00,J1,632,796,1428
2019-06-06T14:30:00+09:00,J2,655,427,1082
2019-06-06T14:30:00+09:00,J3,888,960,1848
2019-06-06T14:30:00+09:00,J4,648,676,1324
2019-06-06T14:30:00+09:00,J5,446,426,872
2019-06-06T14:45:00+09:00,J1,657,700,1357
2019-06-06T14:45:00+09:00,J2,627,407,1034
2019-06-06T14:45:00+09:00,J3,837,878,1715
2019-06-06T14:45:00+09:00,J4,666,736,1402
2019-06-06T14:45:00+09:00,J5,459,497,956
2019-06-06T15:00:00+09:00,J1,604,808,1412
2019-06-06T15:00:00+09:00,J2,630,417,1047
2019-06-06T15:00:00+09:00,J3,852,956,1808
2019-06-06T15:00:00+09:00,J4,644,698,1342
2019-06-06T15:00:00+09:00,J5,540,532,1072
2019-06-06T15:15:00+09:00,J1,636,782,1418
2019-06-06T15:15:00+09:00,J2,688,419,1107
2019-06-06T15:15:00+09:00,J3,864,874,1738
2019-06-06T15:15:00+09:00,J4,664,685,1349
2019-06-06T15:15:00+09:00,J5,525,471,996
2019-06-06T15:30:00+09:00,J1,628,768,1396
2019-06-06T15:30:00+09:00,J2,627,454,1081
2019-06-06T15:30:00+09:00,J3,857,956,1813
2019-06-06T15:30:00+09:00,J4,699,683,1382
2019-06-06T15:30:00+09:00,J5,487,483,970
2019-06-06T15:45:00+09:00,J1,646,714,1360
2019-06-06T15:45:00+09:00,J2,698,406,1104
2019-06-06T15:45:00+09:00,J3,884,924,1808
2019-06-06T15:45:00+09:00,J4,643,665,1308
2019-06-06T15:45:00+09:00,J5,515,589,1104
2019-06-06T16:00:00+09:00,J1,638,759,1397
2019-06-06T16:00:00+09:00,J2,595,415,1010
2019-06-06T16:00:00+09:00,J3,881,836,1717
2019-06-06T16:00:00+09:00,J4,613,687,1300
2019-06-06T16:00:00+09:00,J5,566,587,1153
2019-06-06T16:15:00+09:00,J1,659,804,1463
2019-06-06T16:15:00+09:00,J2,638,438,1076
2019-06-06T16:15:00+09:00,J3,797,838,1635
2019-06-06T16:15:00+09:00,J4,614,744,1358
2019-06-06T16:15:00+09:00,J5,530,550,1080
2019-06-06T16:30:00+09:00,J1,631,777,1408
2019-06-06T16:30:00+09:00,J2,625,416,1041
2019-06-06T16:30:00+09:00,J3,800,844,1644
2019-06-06T16:30:00+09:00,J4,656,614,1270
2019-06-06T16:30:00+09:00,J5,476,469,945
2019-06-06T16:45:00+09:00,J1,622,762,1384
2019-06-06T16:45:00+09:00,J2,630,437,1067
2019-06-06T16:45:00+09:00,J3,833,891,1724
2019-06-06T16:45:00+09:00,J4,584,652,1236
2019-06-06T16:45:00+09:00,J5,593,609,1202
2019-06-06T17:00:00+09:00,J1,709,901,1610
2019-06-06T17:00:00+09:00,J2,663,418,1081
2019-06-06T17:00:00+09:00,J3,1015,839,1854
2019-06-06T17:00:00+09:00,J4,679,694,1373
2019-06-06T17:00:00+09:00,J5,568,595,1163
2019-06-06T17:15:00+09:00,J1,722,951,1673
2019-06-06T17:15:00+09:00,J2,713,535,1248
2019-06-06T17:15:00+09:00,J3,965,910,1875
2019-06-06T17:15:00+09:00,J4,684,629,1313
2019-06-06T17:15:00+09:00,J5,546,558,1104
2019-06-06T17:30:00+09:00,J1,832,1013,1845
2019-06-06T17:30:00+09:00,J2,740,613,1353
2019-06-06T17:30:00+09:00,J3,985,899,1884
2019-06-06T17:30:00+09:00,J4,770,637,1407
2019-06-06T17:30:00+09:00,J5,485,580,1065
2019-06-06T17:45:00+09:00,J1,883,1000,1883
2019-06-06T17:45:00+09:00,J2,743,647,1390
2019-06-06T17:45:00+09:00,J3,1021,913,1934
2019-06-06T17:45:00+09:00,J4,775,655,1430
2019-06-06T17:45:00+09:00,J5,505,534,1039
2019-06-06T18:00:00+09:00,J1,830,1088,1918
2019-06-06T18:00:00+09:00,J2,748,595,1343
2019-06-06T18:00:00+09:00,J3,1034,879,1913
2019-06-06T18:00:00+09:00,J4,808,652,1460
2019-06-06T18:00:00+09:00,J5,545,583,1128
2019-06-06T18:15:00+09:00,J1,782,965,1747
2019-06-06T18:15:00+09:00,J2,784,614,1398
2019-06-06T18:15:00+09:00,J3,1017,862,1879
2019-06-06T18:15:00+09:00,J4,823,603,1426
2019-06-06T18:15:00+09:00,J5,519,619,1138
2019-06-06T18:30:00+09:00,J1,719,806,1525
2019-06-06T18:30:00+09:00,J2,710,566,1276
2019-06-06T18:30:00+09:00,J3,995,851,1846
2019-06-06T18:30:00+09:00,J4,763,641,1404
2019-06-06T18:30:00+09:00,J5,518,548,1066
2019-06-06T18:45:00+09:00,J1,636,840,1476
2019-06-06T18:45:00+09:00,J2,649,478,1127
2019-06-06T18:45:00+09:00,J3,891,858,1749
2019-06-06T18:45:00+09:00,J4,712,615,1327
2019-06-06T18:45:00+09:00,J5,509,498,1007
2019-06-06T19:00:00+09:00,J1,674,815,1489
2019-06-06T19:00:00+09:00,J2,641,382,1023
2019-06-06T19:00:00+09:00,J3,896,799,1695
2019-06-06T19:00:00+09:00,J4,669,726,1395
2019-06-06T19:00:00+09:00,J5,535,541,1076
2019-06-06T19:15:00+09:00,J1,634,814,1448
2019-06-06T19:15:00+09:00,J2,597,380,977
2019-06-06T19:15:00+09:00,J3,909,815,1724
2019-06-06T19:15:00+09:00,J4,829,703,1532
2019-06-06T19:15:00+09:00,J5,477,506,983
2019-06-06T19:30:00+09:00,J1,605,769,1374
2019-06-06T19:30:00+09:00,J2,573,394,967
2019-06-06T19:30:00+09:00,J3,871,764,1635
2019-06-06T19:30:00+09:00,J4,859,660,1519
2019-06-06T19:30:00+09:00,J5,520,530,1050
2019-06-06T19:45:00+09:00,J1,571,821,1392
2019-06-06T19:45:00+09:00,J2,542,385,927
2019-06-06T19:45:00+09:00,J3,818,781,1599
2019-06-06T19:45:00+09:00,J4,737,765,1502
2019-06-06T19:45:00+09:00,J5,393,383,776
2019-06-06T20:00:00+09:00,J1,578,784,1362
2019-06-06T20:00:00+09:00,J2,531,395,926
2019-06-06T20:00:00+09:00,J3,734,656,1390
2019-06-06T20:00:00+09:00,J4,683,687,1370
2019-06-06T20:00:00+09:00,J5,537,503,1040
2019-06-06T20:15:00+09:00,J1,566,712,1278
2019-06-06T20:15:00+09:00,J2,541,397,938
2019-06-06T20:15:00+09:00,J3,753,733,1486
2019-06-06T20:15:00+09:00,J4,768,644,1412
2019-06-06T20:15:00+09:00,J5,522,523,1045
2019-06-06T20:30:00+09:00,J1,626,701,1327
2019-06-06T20:30:00+09:00,J2,405,389,794
2019-06-06T20:30:00+09:00,J3,652,665,1317
2019-06-06T20:30:00+09:00,J4,727,602,1329
2019-06-06T20:30:00+09:00,J5,515,498,1013
2019-06-06T20:45:00+09:00,J1,554,651,1205
2019-06-06T20:45:00+09:00,J2,355,402,757
2019-06-06T20:45:00+09:00,J3,610,614,1224
2019-06-06T20:45:00+09:00,J4,777,668,1445
2019-06-06T20:45:00+09:00,J5,582,583,1165
2019-06-06T21:00:00+09:00,J1,565,700,1265
2019-06-06T21:00:00+09:00,J2,346,348,694
2019-06-06T21:00:00+09:00,J3,524,527,1051
2019-06-06T21:00:00+09:00,J4,802,690,1492
2019-06-06T21:00:00+09:00,J5,555,567,1122
2019-06-06T21:15:00+09:00,J1,618,703,1321
2019-06-06T21:15:00+09:00,J2,350,339,689
2019-06-06T21:15:00+09:00,J3,587,576,1163
2019-06-06T21:15:00+09:00,J4,827,710,1537
2019-06-06T21:15:00+09:00,J5,564,582,1146
2019-06-06T21:30:00+09:00,J1,565,672,1237
2019-06-06T21:30:00+09:00,J2,291,302,593
2019-06-06T21:30:00+09:00,J3,542,595,1137
2019-06-06T21:30:00+09:00,J4,853,719,1572
2019-06-06T21:30:00+09:00,J5,614,574,1188
2019-06-06T21:45:00+09:00,J1,579,658,1237
2019-06-06T21:45:00+09:00,J2,269,327,596
2019-06-06T21:45:00+09:00,J3,530,521,1051
2019-06-06T21:45:00+09:00,J4,823,746,1569
2019-06-06T21:45:00+09:00,J5,510,563,1073
2019-06-06T22:00:00+09:00,J1,561,674,1235
2019-06-06T22:00:00+09:00,J2,359,416,775
2019-06-06T22:00:00+09:00,J3,539,493,1032
2019-06-06T22:00:00+09:00,J4,822,742,1564
2019-06-06T22:00:00+09:00,J5,517,562,1079
2019-06-06T22:15:00+09:00,J1,553,584,1137
2019-06-06T22:15:00+09:00,J2,332,375,707
2019-06-06T22:15:00+09:00,J3,489,462,951
2019-06-06T22:15:00+09:00,J4,852,733,1585
2019-06-06T22:15:00+09:00,J5,519,663,1182
2019-06-06T22:30:00+09:00,J1,522,573,1095
2019-06-06T22:30:00+09:00,J2,358,416,774
2019-06-06T22:30:00+09:00,J3,562,457,1019
2019-06-06T22:30:00+09:00,J4,777,689,1466
2019-06-06T22:30:00+09:00,J5,556,598,1154
2019-06-06T22:45:00+09:00,J1,537,601,1138
2019-06-06T22:45:00+09:00,J2,306,373,679
2019-06-06T22:45:00+09:00,J3,491,431,922
2019-06-06T22:45:00+09:00,J4,828,697,1525
2019-06-06T22:45:00+09:00,J5,400,421,821
2019-06-06T23:00:00+09:00,J1,487,501,988
2019-06-06T23:00:00+09:00,J2,237,336,573
2019-06-06T23:00:00+09:00,J3,479,429,908
2019-06-06T23:00:00+09:00,J4,840,753,1593
2019-06-06T23:00:00+09:00,J5,255,304,559
2019-06-06T23:15:00+09:00,J1,444,550,994
2019-06-06T23:15:00+09:00,J2,338,361,699
2019-06-06T23:15:00+09:00,J3,456,401,857
2019-06-06T23:15:00+09:00,J4,798,734,1532
2019-06-06T23:15:00+09:00,J5,258,253,511
2019-06-06T23:30:00+09:00,J1,428,549,977
2019-06-06T23:30:00+09:00,J2,297,321,618
2019-06-06T23:30:00+09:00,J3,497,413,910
2019-06-06T23:30:00+09:00,J4,768,655,1423
2019-06-06T23:30:00+09:00,J5,260,328,588
2019-06-06T23:45:00+09:00,J1,428,468,896
2019-06-06T23:45:00+09:00,J2,261,318,579
2019-06-06T23:45:00+09:00,J3,439,338,777
2019-06-06T23:45:00+09:00,J4,719,638,1357
2019-06-06T23:45:00+09:00,J5,311,362,673
2019-06-07T00:00:00+09:00,J1,276,265,541
2019-06-07T00:00:00+09:00,J2,233,257,490
2019-06-07T00:00:00+09:00,J3,400,332,732
2019-06-07T00:00:00+09:00,J4,608,566,1174
2019-06-07T00:00:00+09:00,J5,317,393,710
2019-06-07T00:15:00+09:00,J1,228,247,475
2019-06-07T00:15:00+09:00,J2,242,281,523
2019-06-07T00:15:00+09:00,J3,451,418,869
2019-06-07T00:15:00+09:00,J4,488,431,919
2019-06-07T00:15:00+09:00,J5,317,333,650
2019-06-07T00:30:00+09:00,J1,260,224,484
2019-06-07T00:30:00+09:00,J2,288,306,594
2019-06-07T00:30:00+09:00,J3,538,463,1001
2019-06-07T00:30:00+09:00,J4,313,251,564
2019-06-07T00:30:00+09:00,J5,197,216,413
2019-06-07T00:45:00+09:00,J1,210,161,371
2019-06-07T00:45:00+09:00,J2,345,302,647
2019-06-07T00:45:00+09:00,J3,603,476,1079
2019-06-07T00:45:00+09:00,J4,270,221,491
2019-06-07T00:45:00+09:00,J5,161,175,336
2019-06-07T05:45:00+09:00,J1,178,254,432
2019-06-07T05:45:00+09:00,J2,333,280,613
2019-06-07T05:45:00+09:00,J3,501,472,973
2019-06-07T05:45:00+09:00,J4,436,399,835
2019-06-07T05:45:00+09:00,J5,221,197,418
2019-06-07T06:00:00+09:00,J1,457,418,875
2019-06-07T06:00:00+09:00,J2,534,493,1027
2019-06-07T06:00:00+09:00,J3,617,559,1176
2019-06-07T06:00:00+09:00,J4,357,431,788
2019-06-07T06:00:00+09:00,J5,266,214,480
2019-06-07T06:15:00+09:00,J1,315,368,683
2019-06-07T06:15:00+09:00,J2,577,538,1115
2019-06-07T06:15:00+09:00,J3,631,582,1213
2019-06-07T06:15:00+09:00,J4,603,595,1198
2019-06-07T06:15:00+09:00,J5,249,292,541
2019-06-07T06:30:00+09:00,J1,335,395,730
2019-06-07T06:30:00+09:00,J2,631,564,1195
2019-06-07T06:30:00+09:00,J3,594,554,1148
2019-06-07T06:30:00+09:00,J4,509,488,997
2019-06-07T06:30:00+09:00,J5,258,235,493
2019-06-07T06:45:00+09:00,J1,452,443,895
2019-06-07T06:45:00+09:00,J2,568,486,1054
2019-06-07T06:45:00+09:00,J3,550,487,1037
2019-06-07T06:45:00+09:00,J4,500,500,1000
2019-06-07T06:45:00+09:00,J5,282,235,517
2019-06-07T07:00:00+09:00,J1,464,456,920
2019-06-07T07:00:00+09:00,J2,625,517,1142
2019-06-07T07:00:00+09:00,J3,585,606,1191
2019-06-07T07:00:00+09:00,J4,678,702,1380
2019-06-07T07:00:00+09:00,J5,268,258,526
2019-06-07T07:15:00+09:00,J1,501,414,915
2019-06-07T07:15:00+09:00,J2,472,404,876
2019-06-07T07:15:00+09:00,J3,653,603,1256
2019-06-07T07:15:00+09:00,J4,749,679,1428
2019-06-07T07:15:00+09:00,J5,314,332,646
2019-06-07T07:30:00+09:00,J1,586,462,1048
2019-06-07T07:30:00+09:00,J2,432,407,839
2019-06-07T07:30:00+09:00,J3,585,593,1178
2019-06-07T07:30:00+09:00,J4,753,809,1562
2019-06-07T07:30:00+09:00,J5,398,408,806
2019-06-07T07:45:00+09:00,J1,716,564,1280
2019-06-07T07:45:00+09:00,J2,507,356,863
2019-06-07T07:45:00+09:00,J3,647,679,1326
2019-06-07T07:45:00+09:00,J4,836,882,1718
2019-06-07T07:45:00+09:00,J5,457,494,951
2019-06-07T08:00:00+09:00,J1,1039,766,1805
2019-06-07T08:00:00+09:00,J2,675,450,1125
2019-06-07T08:00:00+09:00,J3,736,841,1577
2019-06-07T08:00:00+09:00,J4,805,989,1794
2019-06-07T08:00:00+09:00,J5,448,466,914
2019-06-07T08:15:00+09:00,J1,1184,758,1942
2019-06-07T08:15:00+09:00,J2,821,497,1318
2019-06-07T08:15:00+09:00,J3,796,951,1747
2019-06-07T08:15:00+09:00,J4,791,1098,1889
2019-06-07T08:15:00+09:00,J5,348,341,689
2019-06-07T08:30:00+09:00,J1,1118,699,1817
2019-06-07T08:30:00+09:00,J2,789,472,1261
2019-06-07T08:30:00+09:00,J3,735,979,1714
2019-06-07T08:30:00+09:00,J4,756,1120,1876
2019-06-07T08:30:00+09:00,J5,412,304,716
2019-06-07T08:45:00+09:00,J1,916,597,1513
2019-06-07T08:45:00+09:00,J2,605,435,1040
2019-06-07T08:45:00+09:00,J3,673,803,1476
2019-06-07T08:45:00+09:00,J4,786,920,1706
2019-06-07T08:45:00+09:00,J5,299,292,591
2019-06-07T09:00:00+09:00,J1,731,521,1252
2019-06-07T09:00:00+09:00,J2,493,397,890
2019-06-07T09:00:00+09:00,J3,554,616,1170
2019-06-07T09:00:00+09:00,J4,755,843,1598
2019-06-07T09:00:00+09:00,J5,406,417,823
2019-06-07T09:15:00+09:00,J1,618,533,1151
2019-06-07T09:15:00+09:00,J2,559,384,943
2019-06-07T09:15:00+09:00,J3,533,608,1141
2019-06-07T09:15:00+09:00,J4,745,865,1610
2019-06-07T09:15:00+09:00,J5,354,434,788
2019-06-07T09:30:00+09:00,J1,680,593,1273
2019-06-07T09:30:00+09:00,J2,510,426,936
2019-06-07T09:30:00+09:00,J3,571,599,1170
2019-06-07T09:30:00+09:00,J4,747,872,1619
2019-06-07T09:30:00+09:00,J5,365,358,723
2019-06-07T09:45:00+09:00,J1,608,496,1104
2019-06-07T09:45:00+09:00,J2,481,371,852
2019-06-07T09:45:00+09:00,J3,511,565,1076
2019-06-07T09:45:00+09:00,J4,739,758,1497
2019-06-07T09:45:00+09:00,J5,413,414,827
2019-06-07T10:00:00+09:00,J1,592,551,1143
2019-06-07T10:00:00+09:00,J2,416,388,804
2019-06-07T10:00:00+09:00,J3,509,484,993
2019-06-07T10:00:00+09:00,J4,784,743,1527
2019-06-07T10:00:00+09:00,J5,424,463,887
2019-06-07T10:15:00+09:00,J1,638,599,1237
2019-06-07T10:15:00+09:00,J2,443,442,885
2019-06-07T10:15:00+09:00,J3,526,495,1021
2019-06-07T10:15:00+09:00,J4,716,815,1531
2019-06-07T10:15:00+09:00,J5,421,470,891
2019-06-07T10:30:00+09:00,J1,676,566,1242
2019-06-07T10:30:00+09:00,J2,447,429,876
2019-06-07T10:30:00+09:00,J3,576,544,1120
2019-06-07T10:30:00+09:00,J4,770,805,1575
2019-06-07T10:30:00+09:00,J5,359,349,708
2019-06-07T10:45:00+09:00,J1,568,529,1097
2019-06-07T10:45:00+09:00,J2,463,462,925
2019-06-07T10:45:00+09:00,J3,571,576,1147
2019-06-07T10:45:00+09:00,J4,795,764,1559
2019-06-07T10:45:00+09:00,J5,427,466,893
2019-06-07T11:00:00+09:00,J1,620,616,1236
2019-06-07T11:00:00+09:00,J2,434,529,963
2019-06-07T11:00:00+09:00,J3,567,564,1131
2019-06-07T11:00:00+09:00,J4,736,778,1514
2019-06-07T11:00:00+09:00,J5,478,521,999
2019-06-07T11:15:00+09:00,J1,592,628,1220
2019-06-07T11:15:00+09:00,J2,460,508,968
2019-06-07T11:15:00+09:00,J3,551,575,1126
2019-06-07T11:15:00+09:00,J4,629,696,1325
2019-06-07T11:15:00+09:00,J5,438,427,865
2019-06-07T11:30:00+09:00,J1,581,649,1230
2019-06-07T11:30:00+09:00,J2,467,488,955
2019-06-07T11:30:00+09:00,J3,563,596,1159
2019-06-07T11:30:00+09:00,J4,682,749,1431
2019-06-07T11:30:00+09:00,J5,387,371,758
2019-06-07T11:45:00+09:00,J1,594,670,1264
2019-06-07T11:45:00+09:00,J2,475,489,964
2019-06-07T11:45:00+09:00,J3,592,628,1220
2019-06-07T11:45:00+09:00,J4,675,690,1365
2019-06-07T11:45:00+09:00,J5,495,496,991
2019-06-07T12:00:00+09:00,J1,527,689,1216
2019-06-07T12:00:00+09:00,J2,524,466,990
2019-06-07T12:00:00+09:00,J3,612,691,1303
2019-06-07T12:00:00+09:00,J4,723,723,1446
2019-06-07T12:00:00+09:00,J5,461,516,977
2019-06-07T12:15:00+09:00,J1,581,677,1258
2019-06-07T12:15:00+09:00,J2,457,441,898
2019-06-07T12:15:00+09:00,J3,629,740,1369
2019-06-07T12:15:00+09:00,J4,651,750,1401
2019-06-07T12:15:00+09:00,J5,441,520,961
2019-06-07T12:30:00+09:00,J1,587,707,1294
2019-06-07T12:30:00+09:00,J2,511,477,988
2019-06-07T12:30:00+09:00,J3,737,816,1553
2019-06-07T12:30:00+09:00,J4,691,740,1431
2019-06-07T12:30:00+09:00,J5,491,444,935
2019-06-07T12:45:00+09:00,J1,638,674,1312
2019-06-07T12:45:00+09:00,J2,513,439,952
2019-06-07T12:45:00+09:00,J3,782,784,1566
2019-06-07T12:45:00+09:00,J4,637,769,1406
2019-06-07T12:45:00+09:00,J5,464,451,915
2019-06-07T13:00:00+09:00,J1,595,672,1267
2019-06-07T13:00:00+09:00,J2,444,421,865
2019-06-07T13:00:00+09:00,J3,735,855,1590
2019-06-07T13:00:00+09:00,J4,688,735,1423
2019-06-07T13:00:00+09:00,J5,478,545,1023
2019-06-07T13:15:00+09:00,J1,581,715,1296
2019-06-07T13:15:00+09:00,J2,450,446,896
2019-06-07T13:15:00+09:00,J3,718,783,1501
2019-06-07T13:15:00+09:00,J4,604,732,1336
2019-06-07T13:15:00+09:00,J5,479,526,1005
2019-06-07T13:30:00+09:00,J1,606,720,1326
2019-06-07T13:30:00+09:00,J2,469,418,887
2019-06-07T13:30:00+09:00,J3,693,838,1531
2019-06-07T13:30:00+09:00,J4,692,713,1405
2019-06-07T13:30:00+09:00,J5,476,483,959
2019-06-07T13:45:00+09:00,J1,580,647,1227
2019-06-07T13:45:00+09:00,J2,480,413,893
2019-06-07T13:45:00+09:00,J3,711,802,1513
2019-06-07T13:45:00+09:00,J4,652,687,1339
2019-06-07T13:45:00+09:00,J5,479,466,945
2019-06-07T14:00:00+09:00,J1,573,729,1302
2019-06-07T14:00:00+09:00,J2,458,450,908
2019-06-07T14:00:00+09:00,J3,709,717,1426
2019-06-07T14:00:00+09:00,J4,618,687,1305
2019-06-07T14:00:00+09:00,J5,499,520,1019
2019-06-07T14:15:00+09:00,J1,592,676,1268
2019-06-07T14:15:00+09:00,J2,522,435,957
2019-06-07T14:15:00+09:00,J3,791,789,1580
2019-06-07T14:15:00+09:00,J4,578,637,1215
2019-06-07T14:15:00+09:00,J5,476,507,983
2019-06-07T14:30:00+09:00,J1,574,689,1263
2019-06-07T14:30:00+09:00,J2,478,450,928
2019-06-07T14:30:00+09:00,J3,847,736,1583
2019-06-07T14:30:00+09:00,J4,629,678,1307
2019-06-07T14:30:00+09:00,J5,567,640,1207
2019-06-07T14:45:00+09:00,J1,602,722,1324
2019-06-07T14:45:00+09:00,J2,516,450,966
2019-06-07T14:45:00+09:00,J3,836,709,1545
2019-06-07T14:45:00+09:00,J4,613,637,1250
2019-06-07T14:45:00+09:00,J5,530,576,1106
2019-06-07T15:00:00+09:00,J1,629,773,1402
2019-06-07T15:00:00+09:00,J2,535,424,959
2019-06-07T15:00:00+09:00,J3,849,779,1628
2019-06-07T15:00:00+09:00,J4,676,679,1355
2019-06-07T15:00:00+09:00,J5,512,607,1119
2019-06-07T15:15:00+09:00,J1,664,749,1413
2019-06-07T15:15:00+09:00,J2,519,449,968
2019-06-07T15:15:00+09:00,J3,902,800,1702
2019-06-07T15:15:00+09:00,J4,646,732,1378
2019-06-07T15:15:00+09:00,J5,564,586,1150
2019-06-07T15:30:00+09:00,J1,659,815,1474
2019-06-07T15:30:00+09:00,J2,635,449,1084
2019-06-07T15:30:00+09:00,J3,917,831,1748
2019-06-07T15:30:00+09:00,J4,675,751,1426
2019-06-07T15:30:00+09:00,J5,516,559,1075
2019-06-07T15:45:00+09:00,J1,777,809,1586
2019-06-07T15:45:00+09:00,J2,636,416,1052
2019-06-07T15:45:00+09:00,J3,895,797,1692
2019-06-07T15:45:00+09:00,J4,608,728,1336
2019-06-07T15:45:00+09:00,J5,543,570,1113
2019-06-07T16:00:00+09:00,J1,730,847,1577
2019-06-07T16:00:00+09:00,J2,619,487,1106
2019-06-07T16:00:00+09:00,J3,911,758,1669
2019-06-07T16:00:00+09:00,J4,650,721,1371
2019-06-07T16:00:00+09:00,J5,456,491,947
2019-06-07T16:15:00+09:00,J1,715,841,1556
2019-06-07T16:15:00+09:00,J2,542,446,988
2019-06-07T16:15:00+09:00,J3,926,761,1687
2019-06-07T16:15:00+09:00,J4,647,617,1264
2019-06-07T16:15:00+09:00,J5,429,465,894
2019-06-07T16:30:00+09:00,J1,767,864,1631
2019-06-07T16:30:00+09:00,J2,588,557,1145
2019-06-07T16:30:00+09:00,J3,859,797,1656
2019-06-07T16:30:00+09:00,J4,629,648,1277
2019-06-07T16:30:00+09:00,J5,552,515,1067
2019-06-07T16:45:00+09:00,J1,721,766,1487
2019-06-07T16:45:00+09:00,J2,630,490,1120
2019-06-07T16:45:00+09:00,J3,958,835,1793
2019-06-07T16:45:00+09:00,J4,548,640,1188
2019-06-07T16:45:00+09:00,J5,603,578,1181
2019-06-07T17:00:00+09:00,J1,675,941,1616
2019-06-07T17:00:00+09:00,J2,637,512,1149
2019-06-07T17:00:00+09:00,J3,941,780,1721
2019-06-07T17:00:00+09:00,J4,712,636,1348
2019-06-07T17:00:00+09:00,J5,584,561,1145
2019-06-07T17:15:00+09:00,J1,754,915,1669
2019-06-07T17:15:00+09:00,J2,688,564,1252
2019-06-07T17:15:00+09:00,J3,989,885,1874
2019-06-07T17:15:00+09:00,J4,711,730,1441
2019-06-07T17:15:00+09:00,J5,498,548,1046
2019-06-07T17:30:00+09:00,J1,882,1004,1886
2019-06-07T17:30:00+09:00,J2,770,612,1382
2019-06-07T17:30:00+09:00,J3,1035,955,1990
2019-06-07T17:30:00+09:00,J4,861,780,1641
2019-06-07T17:30:00+09:00,J5,509,518,1027
2019-06-07T17:45:00+09:00,J1,818,1036,1854
2019-06-07T17:45:00+09:00,J2,849,660,1509
2019-06-07T17:45:00+09:00,J3,1141,948,2089
2019-06-07T17:45:00+09:00,J4,870,876,1746
2019-06-07T17:45:00+09:00,J5,521,552,1073
2019-06-07T18:00:00+09:00,J1,914,1070,1984
2019-06-07T18:00:00+09:00,J2,803,590,1393
2019-06-07T18:00:00+09:00,J3,1172,909,2081
2019-06-07T18:00:00+09:00,J4,895,810,1705
2019-06-07T18:00:00+09:00,J5,517,611,1128
2019-06-07T18:15:00+09:00,J1,893,1069,1962
2019-06-07T18:15:00+09:00,J2,839,644,1483
2019-06-07T18:15:00+09:00,J3,1115,979,2094
2019-06-07T18:15:00+09:00,J4,939,786,1725
2019-06-07T18:15:00+09:00,J5,432,489,921
2019-06-07T18:30:00+09:00,J1,825,986,1811
2019-06-07T18:30:00+09:00,J2,794,526,1320
2019-06-07T18:30:00+09:00,J3,1054,923,1977
2019-06-07T18:30:00+09:00,J4,904,756,1660
2019-06-07T18:30:00+09:00,J5,459,481,940
2019-06-07T18:45:00+09:00,J1,850,981,1831
2019-06-07T18:45:00+09:00,J2,671,518,1189
2019-06-07T18:45:00+09:00,J3,1039,875,1914
2019-06-07T18:45:00+09:00,J4,836,763,1599
2019-06-07T18:45:00+09:00,J5,487,477,964
2019-06-07T19:00:00+09:00,J1,842,905,1747
2019-06-07T19:00:00+09:00,J2,669,505,1174
2019-06-07T19:00:00+09:00,J3,924,826,1750
2019-06-07T19:00:00+09:00,J4,822,784,1606
2019-06-07T19:00:00+09:00,J5,473,532,1005
2019-06-07T19:15:00+09:00,J1,778,892,1670
2019-06-07T19:15:00+09:00,J2,765,510,1275
2019-06-07T19:15:00+09:00,J3,875,776,1651
2019-06-07T19:15:00+09:00,J4,814,726,1540
2019-06-07T19:15:00+09:00,J5,493,492,985
2019-06-07T19:30:00+09:00,J1,830,918,1748
2019-06-07T19:30:00+09:00,J2,654,477,1131
2019-06-07T19:30:00+09:00,J3,825,697,1522
2019-06-07T19:30:00+09:00,J4,823,747,1570
2019-06-07T19:30:00+09:00,J5,503,498,1001
2019-06-07T19:45:00+09:00,J1,756,875,1631
2019-06-07T19:45:00+09:00,J2,578,437,1015
2019-06-07T19:45:00+09:00,J3,615,713,1328
2019-06-07T19:45:00+09:00,J4,781,749,1530
2019-06-07T19:45:00+09:00,J5,483,503,986
2019-06-07T20:00:00+09:00,J1,773,828,1601
2019-06-07T20:00:00+09:00,J2,529,457,986
2019-06-07T20:00:00+09:00,J3,655,619,1274
2019-06-07T20:00:00+09:00,J4,820,672,1492
2019-06-07T20:00:00+09:00,J5,538,493,1031
2019-06-07T20:15:00+09:00,J1,626,747,1373
2019-06-07T20:15:00+09:00,J2,489,430,919
2019-06-07T20:15:00+09:00,J3,669,652,1321
2019-06-07T20:15:00+09:00,J4,782,609,1391
2019-06-07T20:15:00+09:00,J5,566,533,1099
2019-06-07T20:30:00+09:00,J1,627,765,1392
2019-06-07T20:30:00+09:00,J2,462,466,928
2019-06-07T20:30:00+09:00,J3,639,634,1273
2019-06-07T20:30:00+09:00,J4,874,714,1588
2019-06-07T20:30:00+09:00,J5,557,571,1128
2019-06-07T20:45:00+09:00,J1,683,794,1477
2019-06-07T20:45:00+09:00,J2,416,488,904
2019-06-07T20:45:00+09:00,J3,607,586,1193
2019-06-07T20:45:00+09:00,J4,940,765,1705
2019-06-07T20:45:00+09:00,J5,537,563,1100
2019-06-07T21:00:00+09:00,J1,691,758,1449
2019-06-07T21:00:00+09:00,J2,374,405,779
2019-06-07T21:00:00+09:00,J3,560,628,1188
2019-06-07T21:00:00+09:00,J4,897,758,1655
2019-06-07T21:00:00+09:00,J5,518,532,1050
2019-06-07T21:15:00+09:00,J1,775,971,1746
2019-06-07T21:15:00+09:00,J2,330,439,769
2019-06-07T21:15:00+09:00,J3,596,631,1227
2019-06-07T21:15:00+09:00,J4,834,762,1596
2019-06-07T21:15:00+09:00,J5,467,546,1013
2019-06-07T21:30:00+09:00,J1,723,879,1602
2019-06-07T21:30:00+09:00,J2,411,506,917
2019-06-07T21:30:00+09:00,J3,662,613,1275
2019-06-07T21:30:00+09:00,J4,829,680,1509
2019-06-07T21:30:00+09:00,J5,516,554,1070
2019-06-07T21:45:00+09:00,J1,672,842,1514
2019-06-07T21:45:00+09:00,J2,386,444,830
2019-06-07T21:45:00+09:00,J3,620,590,1210
2019-06-07T21:45:00+09:00,J4,877,729,1606
2019-06-07T21:45:00+09:00,J5,527,500,1027
2019-06-07T22:00:00+09:00,J1,637,859,1496
2019-06-07T22:00:00+09:00,J2,318,433,751
2019-06-07T22:00:00+09:00,J3,537,461,998
2019-06-07T22:00:00+09:00,J4,858,799,1657
2019-06-07T22:00:00+09:00,J5,564,603,1167
2019-06-07T22:15:00+09:00,J1,746,877,1623
2019-06-07T22:15:00+09:00,J2,338,429,767
2019-06-07T22:15:00+09:00,J3,593,483,1076
2019-06-07T22:15:00+09:00,J4,803,788,1591
2019-06-07T22:15:00+09:00,J5,546,595,1141
2019-06-07T22:30:00+09:00,J1,690,758,1448
2019-06-07T22:30:00+09:00,J2,337,414,751
2019-06-07T22:30:00+09:00,J3,559,501,1060
2019-06-07T22:30:00+09:00,J4,870,832,1702
2019-06-07T22:30:00+09:00,J5,535,593,1128
2019-06-07T22:45:00+09:00,J1,650,704,1354
2019-06-07T22:45:00+09:00,J2,338,417,755
2019-06-07T22:45:00+09:00,J3,506,526,1032
2019-06-07T22:45:00+09:00,J4,941,808,1749
2019-06-07T22:45:00+09:00,J5,353,427,780
2019-06-07T23:00:00+09:00,J1,699,751,1450
2019-06-07T23:00:00+09:00,J2,379,443,822
2019-06-07T23:00:00+09:00,J3,552,548,1100
2019-06-07T23:00:00+09:00,J4,836,790,1626
2019-06-07T23:00:00+09:00,J5,199,302,501
2019-06-07T23:15:00+09:00,J1,579,676,1255
2019-06-07T23:15:00+09:00,J2,357,440,797
2019-06-07T23:15:00+09:00,J3,491,465,956
2019-06-07T23:15:00+09:00,J4,856,850,1706
2019-06-07T23:15:00+09:00,J5,214,214,428
2019-06-07T23:30:00+09:00,J1,692,661,1353
2019-06-07T23:30:00+09:00,J2,380,421,801
2019-06-07T23:30:00+09:00,J3,489,463,952
2019-06-07T23:30:00+09:00,J4,764,704,1468
2019-06-07T23:30:00+09:00,J5,256,258,514
2019-06-07T23:45:00+09:00,J1,499,562,1061
2019-06-07T23:45:00+09:00,J2,381,344,725
2019-06-07T23:45:00+09:00,J3,426,398,824
2019-06-07T23:45:00+09:00,J4,763,707,1470
2019-06-07T23:45:00+09:00,J5,232,295,527
2019-06-08T00:00:00+09:00,J1,452,499,951
2019-06-08T00:00:00+09:00,J2,246,258,504
2019-06-08T00:00:00+09:00,J3,415,371,786
2019-06-08T00:00:00+09:00,J4,752,695,1447
2019-06-08T00:00:00+09:00,J5,387,428,815
2019-06-08T00:15:00+09:00,J1,205,243,448
2019-06-08T00:15:00+09:00,J2,307,289,596
2019-06-08T00:15:00+09:00,J3,538,441,979
2019-06-08T00:15:00+09:00,J4,509,459,968
2019-06-08T00:15:00+09:00,J5,273,278,551
2019-06-08T00:30:00+09:00,J1,176,217,393
2019-06-08T00:30:00+09:00,J2,453,389,842
2019-06-08T00:30:00+09:00,J3,498,470,968
2019-06-08T00:30:00+09:00,J4,258,232,490
2019-06-08T00:30:00+09:00,J5,159,172,331
2019-06-08T00:45:00+09:00,J1,204,222,426
2019-06-08T00:45:00+09:00,J2,490,394,884
2019-06-08T00:45:00+09:00,J3,487,407,894
2019-06-08T00:45:00+09:00,J4,262,207,469
2019-06-08T00:45:00+09:00,J5,206,185,391
2019-06-08T05:45:00+09:00,J1,236,248,484
2019-06-08T05:45:00+09:00,J2,216,209,425
2019-06-08T05:45:00+09:00,J3,288,276,564
2019-06-08T05:45:00+09:00,J4,500,537,1037
2019-06-08T05:45:00+09:00,J5,161,129,290
2019-06-08T06:00:00+09:00,J1,359,445,804
2019-06-08T06:00:00+09:00,J2,406,308,714
2019-06-08T06:00:00+09:00,J3,326,319,645
2019-06-08T06:00:00+09:00,J4,379,438,817
2019-06-08T06:00:00+09:00,J5,216,119,335
2019-06-08T06:15:00+09:00,J1,528,513,1041
2019-06-08T06:15:00+09:00,J2,535,485,1020
2019-06-08T06:15:00+09:00,J3,348,361,709
2019-06-08T06:15:00+09:00,J4,357,370,727
2019-06-08T06:15:00+09:00,J5,230,200,430
2019-06-08T06:30:00+09:00,J1,562,521,1083
2019-06-08T06:30:00+09:00,J2,489,502,991
2019-06-08T06:30:00+09:00,J3,336,374,710
2019-06-08T06:30:00+09:00,J4,436,515,951
2019-06-08T06:30:00+09:00,J5,189,171,360
2019-06-08T06:45:00+09:00,J1,551,562,1113
2019-06-08T06:45:00+09:00,J2,479,401,880
2019-06-08T06:45:00+09:00,J3,366,336,702
2019-06-08T06:45:00+09:00,J4,533,547,1080
2019-06-08T06:45:00+09:00,J5,258,158,416
2019-06-08T07:00:00+09:00,J1,717,798,1515
2019-06-08T07:00:00+09:00,J2,351,326,677
2019-06-08T07:00:00+09:00,J3,359,379,738
2019-06-08T07:00:00+09:00,J4,543,533,1076
2019-06-08T07:00:00+09:00,J5,215,169,384
2019-06-08T07:15:00+09:00,J1,550,558,1108
2019-06-08T07:15:00+09:00,J2,409,342,751
2019-06-08T07:15:00+09:00,J3,382,408,790
2019-06-08T07:15:00+09:00,J4,598,668,1266
2019-06-08T07:15:00+09:00,J5,223,181,404
2019-06-08T07:30:00+09:00,J1,589,591,1180
2019-06-08T07:30:00+09:00,J2,520,470,990
2019-06-08T07:30:00+09:00,J3,422,447,869
2019-06-08T07:30:00+09:00,J4,663,650,1313
2019-06-08T07:30:00+09:00,J5,241,182,423
2019-06-08T07:45:00+09:00,J1,640,613,1253
2019-06-08T07:45:00+09:00,J2,545,492,1037
2019-06-08T07:45:00+09:00,J3,501,449,950
2019-06-08T07:45:00+09:00,J4,534,560,1094
2019-06-08T07:45:00+09:00,J5,257,208,465
2019-06-08T08:00:00+09:00,J1,886,879,1765
2019-06-08T08:00:00+09:00,J2,616,562,1178
2019-06-08T08:00:00+09:00,J3,452,541,993
2019-06-08T08:00:00+09:00,J4,674,666,1340
2019-06-08T08:00:00+09:00,J5,241,251,492
2019-06-08T08:15:00+09:00,J1,913,849,1762
2019-06-08T08:15:00+09:00,J2,656,534,1190
2019-06-08T08:15:00+09:00,J3,544,559,1103
2019-06-08T08:15:00+09:00,J4,469,558,1027
2019-06-08T08:15:00+09:00,J5,281,244,525
2019-06-08T08:30:00+09:00,J1,722,673,1395
2019-06-08T08:30:00+09:00,J2,694,465,1159
2019-06-08T08:30:00+09:00,J3,517,528,1045
2019-06-08T08:30:00+09:00,J4,480,629,1109
2019-06-08T08:30:00+09:00,J5,248,306,554
2019-06-08T08:45:00+09:00,J1,753,668,1421
2019-06-08T08:45:00+09:00,J2,650,564,1214
2019-06-08T08:45:00+09:00,J3,509,558,1067
2019-06-08T08:45:00+09:00,J4,468,552,1020
2019-06-08T08:45:00+09:00,J5,279,261,540
2019-06-08T09:00:00+09:00,J1,718,554,1272
2019-06-08T09:00:00+09:00,J2,608,464,1072
2019-06-08T09:00:00+09:00,J3,454,434,888
2019-06-08T09:00:00+09:00,J4,497,594,1091
2019-06-08T09:00:00+09:00,J5,303,351,654
2019-06-08T09:15:00+09:00,J1,644,524,1168
2019-06-08T09:15:00+09:00,J2,567,420,987
2019-06-08T09:15:00+09:00,J3,433,480,913
2019-06-08T09:15:00+09:00,J4,520,585,1105
2019-06-08T09:15:00+09:00,J5,394,381,775
2019-06-08T09:30:00+09:00,J1,560,514,1074
2019-06-08T09:30:00+09:00,J2,392,435,827
2019-06-08T09:30:00+09:00,J3,396,444,840
2019-06-08T09:30:00+09:00,J4,654,705,1359
2019-06-08T09:30:00+09:00,J5,460,512,972
2019-06-08T09:45:00+09:00,J1,638,617,1255
2019-06-08T09:45:00+09:00,J2,497,409,906
2019-06-08T09:45:00+09:00,J3,409,406,815
2019-06-08T09:45:00+09:00,J4,665,616,1281
2019-06-08T09:45:00+09:00,J5,504,564,1068
2019-06-08T10:00:00+09:00,J1,597,567,1164
2019-06-08T10:00:00+09:00,J2,474,422,896
2019-06-08T10:00:00+09:00,J3,369,336,705
2019-06-08T10:00:00+09:00,J4,794,691,1485
2019-06-08T10:00:00+09:00,J5,505,523,1028
2019-06-08T10:15:00+09:00,J1,654,638,1292
2019-06-08T10:15:00+09:00,J2,459,453,912
2019-06-08T10:15:00+09:00,J3,346,411,757
2019-06-08T10:15:00+09:00,J4,823,775,1598
2019-06-08T10:15:00+09:00,J5,483,532,1015
2019-06-08T10:30:00+09:00,J1,662,614,1276
2019-06-08T10:30:00+09:00,J2,451,445,896
2019-06-08T10:30:00+09:00,J3,367,391,758
2019-06-08T10:30:00+09:00,J4,757,685,1442
2019-06-08T10:30:00+09:00,J5,471,527,998
2019-06-08T10:45:00+09:00,J1,735,604,1339
2019-06-08T10:45:00+09:00,J2,511,509,1020
2019-06-08T10:45:00+09:00,J3,349,478,827
2019-06-08T10:45:00+09:00,J4,760,727,1487
2019-06-08T10:45:00+09:00,J5,381,465,846
2019-06-08T11:00:00+09:00,J1,723,721,1444
2019-06-08T11:00:00+09:00,J2,458,499,957
2019-06-08T11:00:00+09:00,J3,414,466,880
2019-06-08T11:00:00+09:00,J4,691,706,1397
2019-06-08T11:00:00+09:00,J5,535,573,1108
2019-06-08T11:15:00+09:00,J1,830,735,1565
2019-06-08T11:15:00+09:00,J2,525,442,967
2019-06-08T11:15:00+09:00,J3,500,419,919
2019-06-08T11:15:00+09:00,J4,682,755,1437
2019-06-08T11:15:00+09:00,J5,487,498,985
2019-06-08T11:30:00+09:00,J1,812,791,1603
2019-06-08T11:30:00+09:00,J2,581,441,1022
2019-06-08T11:30:00+09:00,J3,508,439,947
2019-06-08T11:30:00+09:00,J4,718,738,1456
2019-06-08T11:30:00+09:00,J5,449,456,905
2019-06-08T11:45:00+09:00,J1,767,787,1554
2019-06-08T11:45:00+09:00,J2,559,473,1032
2019-06-08T11:45:00+09:00,J3,601,471,1072
2019-06-08T11:45:00+09:00,J4,680,744,1424
2019-06-08T11:45:00+09:00,J5,499,535,1034
2019-06-08T12:00:00+09:00,J1,855,813,1668
2019-06-08T12:00:00+09:00,J2,670,440,1110
2019-06-08T12:00:00+09:00,J3,606,480,1086
2019-06-08T12:00:00+09:00,J4,626,751,1377
2019-06-08T12:00:00+09:00,J5,574,632,1206
2019-06-08T12:15:00+09:00,J1,799,861,1660
2019-06-08T12:15:00+09:00,J2,674,398,1072
2019-06-08T12:15:00+09:00,J3,575,508,1083
2019-06-08T12:15:00+09:00,J4,661,664,1325
2019-06-08T12:15:00+09:00,J5,515,584,1099
2019-06-08T12:30:00+09:00,J1,828,842,1670
2019-06-08T12:30:00+09:00,J2,722,451,1173
2019-06-08T12:30:00+09:00,J3,602,501,1103
2019-06-08T12:30:00+09:00,J4,705,683,1388
2019-06-08T12:30:00+09:00,J5,497,531,1028
2019-06-08T12:45:00+09:00,J1,750,834,1584
2019-06-08T12:45:00+09:00,J2,769,518,1287
2019-06-08T12:45:00+09:00,J3,635,563,1198
2019-06-08T12:45:00+09:00,J4,694,784,1478
2019-06-08T12:45:00+09:00,J5,483,490,973
2019-06-08T13:00:00+09:00,J1,769,841,1610
2019-06-08T13:00:00+09:00,J2,762,583,1345
2019-06-08T13:00:00+09:00,J3,629,545,1174
2019-06-08T13:00:00+09:00,J4,617,660,1277
2019-06-08T13:00:00+09:00,J5,488,490,978
2019-06-08T13:15:00+09:00,J1,769,808,1577
2019-06-08T13:15:00+09:00,J2,666,588,1254
2019-06-08T13:15:00+09:00,J3,609,509,1118
2019-06-08T13:15:00+09:00,J4,568,606,1174
2019-06-08T13:15:00+09:00,J5,589,525,1114
2019-06-08T13:30:00+09:00,J1,759,844,1603
2019-06-08T13:30:00+09:00,J2,801,535,1336
2019-06-08T13:30:00+09:00,J3,647,560,1207
2019-06-08T13:30:00+09:00,J4,585,603,1188
2019-06-08T13:30:00+09:00,J5,476,455,931
2019-06-08T13:45:00+09:00,J1,709,834,1543
2019-06-08T13:45:00+09:00,J2,705,566,1271
2019-06-08T13:45:00+09:00,J3,639,497,1136
2019-06-08T13:45:00+09:00,J4,569,577,1146
2019-06-08T13:45:00+09:00,J5,380,366,746
2019-06-08T14:00:00+09:00,J1,824,885,1709
2019-06-08T14:00:00+09:00,J2,728,612,1340
2019-06-08T14:00:00+09:00,J3,660,498,1158
2019-06-08T14:00:00+09:00,J4,595,554,1149
2019-06-08T14:00:00+09:00,J5,437,417,854
2019-06-08T14:15:00+09:00,J1,805,872,1677
2019-06-08T14:15:00+09:00,J2,761,665,1426
2019-06-08T14:15:00+09:00,J3,656,485,1141
2019-06-08T14:15:00+09:00,J4,606,545,1151
2019-06-08T14:15:00+09:00,J5,492,483,975
2019-06-08T14:30:00+09:00,J1,815,893,1708
2019-06-08T14:30:00+09:00,J2,751,716,1467
2019-06-08T14:30:00+09:00,J3,634,599,1233
2019-06-08T14:30:00+09:00,J4,574,556,1130
2019-06-08T14:30:00+09:00,J5,436,467,903
2019-06-08T14:45:00+09:00,J1,790,924,1714
2019-06-08T14:45:00+09:00,J2,791,687,1478
2019-06-08T14:45:00+09:00,J3,606,528,1134
2019-06-08T14:45:00+09:00,J4,639,522,1161
2019-06-08T14:45:00+09:00,J5,507,472,979
2019-06-08T15:00:00+09:00,J1,848,936,1784
2019-06-08T15:00:00+09:00,J2,720,711,1431
2019-06-08T15:00:00+09:00,J3,723,550,1273
2019-06-08T15:00:00+09:00,J4,621,582,1203
2019-06-08T15:00:00+09:00,J5,528,506,1034
2019-06-08T15:15:00+09:00,J1,828,932,1760
2019-06-08T15:15:00+09:00,J2,710,688,1398
2019-06-08T15:15:00+09:00,J3,677,518,1195
2019-06-08T15:15:00+09:00,J4,672,642,1314
2019-06-08T15:15:00+09:00,J5,457,433,890
2019-06-08T15:30:00+09:00,J1,772,972,1744
2019-06-08T15:30:00+09:00,J2,744,650,1394
2019-06-08T15:30:00+09:00,J3,637,532,1169
2019-06-08T15:30:00+09:00,J4,715,626,1341
2019-06-08T15:30:00+09:00,J5,540,545,1085
2019-06-08T15:45:00+09:00,J1,871,1003,1874
2019-06-08T15:45:00+09:00,J2,775,684,1459
2019-06-08T15:45:00+09:00,J3,623,527,1150
2019-06-08T15:45:00+09:00,J4,731,642,1373
2019-06-08T15:45:00+09:00,J5,500,493,993
2019-06-08T16:00:00+09:00,J1,759,1035,1794
2019-06-08T16:00:00+09:00,J2,717,675,1392
2019-06-08T16:00:00+09:00,J3,653,544,1197
2019-06-08T16:00:00+09:00,J4,641,544,1185
2019-06-08T16:00:00+09:00,J5,485,491,976
2019-06-08T16:15:00+09:00,J1,775,935,1710
2019-06-08T16:15:00+09:00,J2,699,686,1385
2019-06-08T16:15:00+09:00,J3,670,496,1166
2019-06-08T16:15:00+09:00,J4,627,599,1226
2019-06-08T16:15:00+09:00,J5,424,456,880
2019-06-08T16:30:00+09:00,J1,861,1004,1865
2019-06-08T16:30:00+09:00,J2,707,692,1399
2019-06-08T16:30:00+09:00,J3,679,537,1216
2019-06-08T16:30:00+09:00,J4,633,619,1252
2019-06-08T16:30:00+09:00,J5,480,499,979
2019-06-08T16:45:00+09:00,J1,841,966,1807
2019-06-08T16:45:00+09:00,J2,726,621,1347
2019-06-08T16:45:00+09:00,J3,636,542,1178
2019-06-08T16:45:00+09:00,J4,649,613,1262
2019-06-08T16:45:00+09:00,J5,543,524,1067
2019-06-08T17:00:00+09:00,J1,861,997,1858
2019-06-08T17:00:00+09:00,J2,753,614,1367
2019-06-08T17:00:00+09:00,J3,582,572,1154
2019-06-08T17:00:00+09:00,J4,635,631,1266
2019-06-08T17:00:00+09:00,J5,504,557,1061
2019-06-08T17:15:00+09:00,J1,874,1062,1936
2019-06-08T17:15:00+09:00,J2,768,597,1365
2019-06-08T17:15:00+09:00,J3,652,501,1153
2019-06-08T17:15:00+09:00,J4,683,631,1314
2019-06-08T17:15:00+09:00,J5,509,493,1002
2019-06-08T17:30:00+09:00,J1,932,979,1911
2019-06-08T17:30:00+09:00,J2,744,466,1210
2019-06-08T17:30:00+09:00,J3,657,536,1193
2019-06-08T17:30:00+09:00,J4,699,645,1344
2019-06-08T17:30:00+09:00,J5,484,450,934
2019-06-08T17:45:00+09:00,J1,956,1036,1992
2019-06-08T17:45:00+09:00,J2,675,473,1148
2019-06-08T17:45:00+09:00,J3,609,538,1147
2019-06-08T17:45:00+09:00,J4,678,623,1301
2019-06-08T17:45:00+09:00,J5,448,460,908
2019-06-08T18:00:00+09:00,J1,892,976,1868
2019-06-08T18:00:00+09:00,J2,643,421,1064
2019-06-08T18:00:00+09:00,J3,637,508,1145
2019-06-08T18:00:00+09:00,J4,768,623,1391
2019-06-08T18:00:00+09:00,J5,502,547,1049
2019-06-08T18:15:00+09:00,J1,944,998,1942
2019-06-08T18:15:00+09:00,J2,626,457,1083
2019-06-08T18:15:00+09:00,J3,647,484,1131
2019-06-08T18:15:00+09:00,J4,746,730,1476
2019-06-08T18:15:00+09:00,J5,539,553,1092
2019-06-08T18:30:00+09:00,J1,855,850,1705
2019-06-08T18:30:00+09:00,J2,631,451,1082
2019-06-08T18:30:00+09:00,J3,681,440,1121
2019-06-08T18:30:00+09:00,J4,795,776,1571
2019-06-08T18:30:00+09:00,J5,510,554,1064
2019-06-08T18:45:00+09:00,J1,785,792,1577
2019-06-08T18:45:00+09:00,J2,583,434,1017
2019-06-08T18:45:00+09:00,J3,620,437,1057
2019-06-08T18:45:00+09:00,J4,785,856,1641
2019-06-08T18:45:00+09:00,J5,571,553,1124
2019-06-08T19:00:00+09:00,J1,734,770,1504
2019-06-08T19:00:00+09:00,J2,674,419,1093
2019-06-08T19:00:00+09:00,J3,600,435,1035
2019-06-08T19:00:00+09:00,J4,848,753,1601
2019-06-08T19:00:00+09:00,J5,585,623,1208
2019-06-08T19:15:00+09:00,J1,694,827,1521
2019-06-08T19:15:00+09:00,J2,580,373,953
2019-06-08T19:15:00+09:00,J3,575,411,986
2019-06-08T19:15:00+09:00,J4,822,751,1573
2019-06-08T19:15:00+09:00,J5,558,592,1150
2019-06-08T19:30:00+09:00,J1,625,753,1378
2019-06-08T19:30:00+09:00,J2,509,398,907
2019-06-08T19:30:00+09:00,J3,522,399,921
2019-06-08T19:30:00+09:00,J4,789,738,1527
2019-06-08T19:30:00+09:00,J5,573,558,1131
2019-06-08T19:45:00+09:00,J1,582,758,1340
2019-06-08T19:45:00+09:00,J2,504,405,909
2019-06-08T19:45:00+09:00,J3,531,387,918
2019-06-08T19:45:00+09:00,J4,742,714,1456
2019-06-08T19:45:00+09:00,J5,478,510,988
2019-06-08T20:00:00+09:00,J1,525,640,1165
2019-06-08T20:00:00+09:00,J2,534,432,966
2019-06-08T20:00:00+09:00,J3,534,431,965
2019-06-08T20:00:00+09:00,J4,716,759,1475
2019-06-08T20:00:00+09:00,J5,637,643,1280
2019-06-08T20:15:00+09:00,J1,590,714,1304
2019-06-08T20:15:00+09:00,J2,477,401,878
2019-06-08T20:15:00+09:00,J3,599,399,998
2019-06-08T20:15:00+09:00,J4,735,724,1459
2019-06-08T20:15:00+09:00,J5,505,611,1116
2019-06-08T20:30:00+09:00,J1,555,699,1254
2019-06-08T20:30:00+09:00,J2,418,392,810
2019-06-08T20:30:00+09:00,J3,458,429,887
2019-06-08T20:30:00+09:00,J4,678,717,1395
2019-06-08T20:30:00+09:00,J5,506,504,1010
2019-06-08T20:45:00+09:00,J1,532,590,1122
2019-06-08T20:45:00+09:00,J2,355,316,671
2019-06-08T20:45:00+09:00,J3,413,434,847
2019-06-08T20:45:00+09:00,J4,765,685,1450
2019-06-08T20:45:00+09:00,J5,466,488,954
2019-06-08T21:00:00+09:00,J1,577,608,1185
2019-06-08T21:00:00+09:00,J2,317,372,689
2019-06-08T21:00:00+09:00,J3,445,375,820
2019-06-08T21:00:00+09:00,J4,740,751,1491
2019-06-08T21:00:00+09:00,J5,484,489,973
2019-06-08T21:15:00+09:00,J1,522,631,1153
2019-06-08T21:15:00+09:00,J2,338,345,683
2019-06-08T21:15:00+09:00,J3,363,376,739
2019-06-08T21:15:00+09:00,J4,785,684,1469
2019-06-08T21:15:00+09:00,J5,551,552,1103
2019-06-08T21:30:00+09:00,J1,520,620,1140
2019-06-08T21:30:00+09:00,J2,309,328,637
2019-06-08T21:30:00+09:00,J3,348,344,692
2019-06-08T21:30:00+09:00,J4,718,665,1383
2019-06-08T21:30:00+09:00,J5,492,512,1004
2019-06-08T21:45:00+09:00,J1,494,584,1078
2019-06-08T21:45:00+09:00,J2,299,354,653
2019-06-08T21:45:00+09:00,J3,347,363,710
2019-06-08T21:45:00+09:00,J4,773,676,1449
2019-06-08T21:45:00+09:00,J5,487,535,1022
2019-06-08T22:00:00+09:00,J1,428,550,978
2019-06-08T22:00:00+09:00,J2,357,404,761
2019-06-08T22:00:00+09:00,J3,346,356,702
2019-06-08T22:00:00+09:00,J4,736,676,1412
2019-06-08T22:00:00+09:00,J5,546,556,1102
2019-06-08T22:15:00+09:00,J1,462,488,950
2019-06-08T22:15:00+09:00,J2,278,377,655
2019-06-08T22:15:00+09:00,J3,326,408,734
2019-06-08T22:15:00+09:00,J4,831,832,1663
2019-06-08T22:15:00+09:00,J5,544,569,1113
2019-06-08T22:30:00+09:00,J1,440,479,919
2019-06-08T22:30:00+09:00,J2,247,362,609
2019-06-08T22:30:00+09:00,J3,296,343,639
2019-06-08T22:30:00+09:00,J4,742,752,1494
2019-06-08T22:30:00+09:00,J5,542,575,1117
2019-06-08T22:45:00+09:00,J1,401,481,882
2019-06-08T22:45:00+09:00,J2,276,314,590
2019-06-08T22:45:00+09:00,J3,315,308,623
2019-06-08T22:45:00+09:00,J4,802,797,1599
2019-06-08T22:45:00+09:00,J5,373,425,798
2019-06-08T23:00:00+09:00,J1,451,472,923
2019-06-08T23:00:00+09:00,J2,310,351,661
2019-06-08T23:00:00+09:00,J3,288,330,618
2019-06-08T23:00:00+09:00,J4,901,860,1761
2019-06-08T23:00:00+09:00,J5,176,176,352
2019-06-08T23:15:00+09:00,J1,419,486,905
2019-06-08T23:15:00+09:00,J2,318,317,635
2019-06-08T23:15:00+09:00,J3,301,342,643
2019-06-08T23:15:00+09:00,J4,825,797,1622
2019-06-08T23:15:00+09:00,J5,200,186,386
2019-06-08T23:30:00+09:00,J1,439,558,997
2019-06-08T23:30:00+09:00,J2,264,339,603
2019-06-08T23:30:00+09:00,J3,265,346,611
2019-06-08T23:30:00+09:00,J4,733,730,1463
2019-06-08T23:30:00+09:00,J5,197,203,400
2019-06-08T23:45:00+09:00,J1,432,444,876
2019-06-08T23:45:00+09:00,J2,302,308,610
2019-06-08T23:45:00+09:00,J3,287,387,674
2019-06-08T23:45:00+09:00,J4,778,669,1447
2019-06-08T23:45:00+09:00,J5,203,209,412
2019-06-09T00:00:00+09:00,J1,514,504,1018
2019-06-09T00:00:00+09:00,J2,259,283,542
2019-06-09T00:00:00+09:00,J3,285,320,605
2019-06-09T00:00:00+09:00,J4,739,656,1395
2019-06-09T00:00:00+09:00,J5,253,220,473
2019-06-09T00:15:00+09:00,J1,293,263,556
2019-06-09T00:15:00+09:00,J2,203,220,423
2019-06-09T00:15:00+09:00,J3,319,306,625
2019-06-09T00:15:00+09:00,J4,683,643,1326
2019-06-09T00:15:00+09:00,J5,297,340,637
2019-06-09T00:30:00+09:00,J1,231,193,424
2019-06-09T00:30:00+09:00,J2,220,253,473
2019-06-09T00:30:00+09:00,J3,295,354,649
2019-06-09T00:30:00+09:00,J4,406,393,799
2019-06-09T00:30:00+09:00,J5,330,354,684
2019-06-09T00:45:00+09:00,J1,203,179,382
2019-06-09T00:45:00+09:00,J2,211,208,419
2019-06-09T00:45:00+09:00,J3,199,336,535
2019-06-09T00:45:00+09:00,J4,527,478,1005
2019-06-09T00:45:00+09:00,J5,330,370,700
2019-06-09T05:45:00+09:00,J1,256,300,556
2019-06-09T05:45:00+09:00,J2,589,530,1119
2019-06-09T05:45:00+09:00,J3,547,495,1042
2019-06-09T05:45:00+09:00,J4,403,474,877
2019-06-09T05:45:00+09:00,J5,224,194,418
2019-06-09T06:00:00+09:00,J1,365,450,815
2019-06-09T06:00:00+09:00,J2,491,515,1006
2019-06-09T06:00:00+09:00,J3,527,474,1001
2019-06-09T06:00:00+09:00,J4,530,526,1056
2019-06-09T06:00:00+09:00,J5,175,181,356
2019-06-09T06:15:00+09:00,J1,416,421,837
2019-06-09T06:15:00+09:00,J2,496,436,932
2019-06-09T06:15:00+09:00,J3,492,441,933
2019-06-09T06:15:00+09:00,J4,516,463,979
2019-06-09T06:15:00+09:00,J5,242,207,449
2019-06-09T06:30:00+09:00,J1,490,478,968
2019-06-09T06:30:00+09:00,J2,380,349,729
2019-06-09T06:30:00+09:00,J3,490,459,949
2019-06-09T06:30:00+09:00,J4,432,467,899
2019-06-09T06:30:00+09:00,J5,232,252,484
2019-06-09T06:45:00+09:00,J1,597,605,1202
2019-06-09T06:45:00+09:00,J2,544,456,1000
2019-06-09T06:45:00+09:00,J3,474,439,913
2019-06-09T06:45:00+09:00,J4,469,455,924
2019-06-09T06:45:00+09:00,J5,233,205,438
2019-06-09T07:00:00+09:00,J1,557,573,1130
2019-06-09T07:00:00+09:00,J2,565,491,1056
2019-06-09T07:00:00+09:00,J3,495,491,986
2019-06-09T07:00:00+09:00,J4,574,641,1215
2019-06-09T07:00:00+09:00,J5,220,185,405
2019-06-09T07:15:00+09:00,J1,503,456,959
2019-06-09T07:15:00+09:00,J2,559,447,1006
2019-06-09T07:15:00+09:00,J3,399,391,790
2019-06-09T07:15:00+09:00,J4,640,688,1328
2019-06-09T07:15:00+09:00,J5,233,234,467
2019-06-09T07:30:00+09:00,J1,490,475,965
2019-06-09T07:30:00+09:00,J2,391,376,767
2019-06-09T07:30:00+09:00,J3,414,422,836
2019-06-09T07:30:00+09:00,J4,587,635,1222
2019-06-09T07:30:00+09:00,J5,282,243,525
2019-06-09T07:45:00+09:00,J1,461,437,898
2019-06-09T07:45:00+09:00,J2,315,320,635
2019-06-09T07:45:00+09:00,J3,409,386,795
2019-06-09T07:45:00+09:00,J4,490,598,1088
2019-06-09T07:45:00+09:00,J5,231,239,470
2019-06-09T08:00:00+09:00,J1,654,539,1193
2019-06-09T08:00:00+09:00,J2,339,367,706
2019-06-09T08:00:00+09:00,J3,570,554,1124
2019-06-09T08:00:00+09:00,J4,478,503,981
2019-06-09T08:00:00+09:00,J5,298,364,662
2019-06-09T08:15:00+09:00,J1,676,596,1272
2019-06-09T08:15:00+09:00,J2,383,391,774
2019-06-09T08:15:00+09:00,J3,500,495,995
2019-06-09T08:15:00+09:00,J4,512,524,1036
2019-06-09T08:15:00+09:00,J5,335,351,686
2019-06-09T08:30:00+09:00,J1,746,634,1380
2019-06-09T08:30:00+09:00,J2,405,448,853
2019-06-09T08:30:00+09:00,J3,480,497,977
2019-06-09T08:30:00+09:00,J4,559,537,1096
2019-06-09T08:30:00+09:00,J5,346,422,768
2019-06-09T08:45:00+09:00,J1,729,699,1428
2019-06-09T08:45:00+09:00,J2,445,443,888
2019-06-09T08:45:00+09:00,J3,525,518,1043
2019-06-09T08:45:00+09:00,J4,477,383,860
2019-06-09T08:45:00+09:00,J5,317,387,704
2019-06-09T09:00:00+09:00,J1,672,618,1290
2019-06-09T09:00:00+09:00,J2,476,446,922
2019-06-09T09:00:00+09:00,J3,463,455,918
2019-06-09T09:00:00+09:00,J4,519,542,1061
2019-06-09T09:00:00+09:00,J5,353,430,783
2019-06-09T09:15:00+09:00,J1,770,684,1454
2019-06-09T09:15:00+09:00,J2,444,401,845
2019-06-09T09:15:00+09:00,J3,530,453,983
2019-06-09T09:15:00+09:00,J4,491,592,1083
2019-06-09T09:15:00+09:00,J5,448,454,902
2019-06-09T09:30:00+09:00,J1,761,712,1473
2019-06-09T09:30:00+09:00,J2,399,378,777
2019-06-09T09:30:00+09:00,J3,441,452,893
2019-06-09T09:30:00+09:00,J4,657,552,1209
2019-06-09T09:30:00+09:00,J5,405,452,857
2019-06-09T09:45:00+09:00,J1,693,651,1344
2019-06-09T09:45:00+09:00,J2,416,347,763
2019-06-09T09:45:00+09:00,J3,467,415,882
2019-06-09T09:45:00+09:00,J4,687,593,1280
2019-06-09T09:45:00+09:00,J5,388,407,795
2019-06-09T10:00:00+09:00,J1,717,701,1418
2019-06-09T10:00:00+09:00,J2,433,353,786
2019-06-09T10:00:00+09:00,J3,529,436,965
2019-06-09T10:00:00+09:00,J4,695,592,1287
2019-06-09T10:00:00+09:00,J5,411,487,898
2019-06-09T10:15:00+09:00,J1,881,778,1659
2019-06-09T10:15:00+09:00,J2,449,330,779
2019-06-09T10:15:00+09:00,J3,553,505,1058
2019-06-09T10:15:00+09:00,J4,815,749,1564
2019-06-09T10:15:00+09:00,J5,481,551,1032
2019-06-09T10:30:00+09:00,J1,772,804,1576
2019-06-09T10:30:00+09:00,J2,446,356,802
2019-06-09T10:30:00+09:00,J3,565,514,1079
2019-06-09T10:30:00+09:00,J4,809,818,1627
2019-06-09T10:30:00+09:00,J5,506,551,1057
2019-06-09T10:45:00+09:00,J1,714,770,1484
2019-06-09T10:45:00+09:00,J2,458,416,874
2019-06-09T10:45:00+09:00,J3,510,535,1045
2019-06-09T10:45:00+09:00,J4,893,836,1729
2019-06-09T10:45:00+09:00,J5,484,577,1061
2019-06-09T11:00:00+09:00,J1,827,776,1603
2019-06-09T11:00:00+09:00,J2,544,504,1048
2019-06-09T11:00:00+09:00,J3,570,612,1182
2019-06-09T11:00:00+09:00,J4,860,782,1642
2019-06-09T11:00:00+09:00,J5,564,564,1128
2019-06-09T11:15:00+09:00,J1,903,838,1741
2019-06-09T11:15:00+09:00,J2,552,534,1086
2019-06-09T11:15:00+09:00,J3,643,665,1308
2019-06-09T11:15:00+09:00,J4,800,804,1604
2019-06-09T11:15:00+09:00,J5,552,526,1078
2019-06-09T11:30:00+09:00,J1,815,889,1704
2019-06-09T11:30:00+09:00,J2,568,564,1132
2019-06-09T11:30:00+09:00,J3,736,759,1495
2019-06-09T11:30:00+09:00,J4,771,779,1550
2019-06-09T11:30:00+09:00,J5,539,566,1105
2019-06-09T11:45:00+09:00,J1,859,878,1737
2019-06-09T11:45:00+09:00,J2,524,489,1013
2019-06-09T11:45:00+09:00,J3,795,734,1529
2019-06-09T11:45:00+09:00,J4,728,710,1438
2019-06-09T11:45:00+09:00,J5,591,557,1148
2019-06-09T12:00:00+09:00,J1,892,892,1784
2019-06-09T12:00:00+09:00,J2,537,476,1013
2019-06-09T12:00:00+09:00,J3,950,812,1762
2019-06-09T12:00:00+09:00,J4,696,748,1444
2019-06-09T12:00:00+09:00,J5,553,549,1102
2019-06-09T12:15:00+09:00,J1,822,910,1732
2019-06-09T12:15:00+09:00,J2,503,469,972
2019-06-09T12:15:00+09:00,J3,951,850,1801
2019-06-09T12:15:00+09:00,J4,748,797,1545
2019-06-09T12:15:00+09:00,J5,470,482,952
2019-06-09T12:30:00+09:00,J1,781,811,1592
2019-06-09T12:30:00+09:00,J2,573,474,1047
2019-06-09T12:30:00+09:00,J3,856,843,1699
2019-06-09T12:30:00+09:00,J4,666,690,1356
2019-06-09T12:30:00+09:00,J5,461,460,921
2019-06-09T12:45:00+09:00,J1,701,762,1463
2019-06-09T12:45:00+09:00,J2,567,450,1017
2019-06-09T12:45:00+09:00,J3,911,908,1819
2019-06-09T12:45:00+09:00,J4,644,726,1370
2019-06-09T12:45:00+09:00,J5,499,513,1012
2019-06-09T13:00:00+09:00,J1,774,847,1621
2019-06-09T13:00:00+09:00,J2,720,453,1173
2019-06-09T13:00:00+09:00,J3,865,862,1727
2019-06-09T13:00:00+09:00,J4,733,761,1494
2019-06-09T13:00:00+09:00,J5,486,467,953
2019-06-09T13:15:00+09:00,J1,763,806,1569
2019-06-09T13:15:00+09:00,J2,695,419,1114
2019-06-09T13:15:00+09:00,J3,820,831,1651
2019-06-09T13:15:00+09:00,J4,659,618,1277
2019-06-09T13:15:00+09:00,J5,427,460,887
2019-06-09T13:30:00+09:00,J1,763,908,1671
2019-06-09T13:30:00+09:00,J2,712,420,1132
2019-06-09T13:30:00+09:00,J3,838,764,1602
2019-06-09T13:30:00+09:00,J4,603,645,1248
2019-06-09T13:30:00+09:00,J5,494,531,1025
2019-06-09T13:45:00+09:00,J1,744,822,1566
2019-06-09T13:45:00+09:00,J2,682,440,1122
2019-06-09T13:45:00+09:00,J3,691,756,1447
2019-06-09T13:45:00+09:00,J4,671,589,1260
2019-06-09T13:45:00+09:00,J5,515,558,1073
2019-06-09T14:00:00+09:00,J1,739,788,1527
2019-06-09T14:00:00+09:00,J2,611,469,1080
2019-06-09T14:00:00+09:00,J3,776,710,1486
2019-06-09T14:00:00+09:00,J4,622,637,1259
2019-06-09T14:00:00+09:00,J5,488,499,987
2019-06-09T14:15:00+09:00,J1,737,898,1635
2019-06-09T14:15:00+09:00,J2,663,440,1103
2019-06-09T14:15:00+09:00,J3,826,774,1600
2019-06-09T14:15:00+09:00,J4,637,663,1300
2019-06-09T14:15:00+09:00,J5,506,575,1081
2019-06-09T14:30:00+09:00,J1,842,889,1731
2019-06-09T14:30:00+09:00,J2,698,523,1221
2019-06-09T14:30:00+09:00,J3,790,753,1543
2019-06-09T14:30:00+09:00,J4,604,604,1208
2019-06-09T14:30:00+09:00,J5,518,508,1026
2019-06-09T14:45:00+09:00,J1,756,912,1668
2019-06-09T14:45:00+09:00,J2,636,456,1092
2019-06-09T14:45:00+09:00,J3,742,827,1569
2019-06-09T14:45:00+09:00,J4,603,663,1266
2019-06-09T14:45:00+09:00,J5,496,553,1049
2019-06-09T15:00:00+09:00,J1,812,809,1621
2019-06-09T15:00:00+09:00,J2,597,421,1018
2019-06-09T15:00:00+09:00,J3,827,779,1606
2019-06-09T15:00:00+09:00,J4,655,626,1281
2019-06-09T15:00:00+09:00,J5,560,527,1087
2019-06-09T15:15:00+09:00,J1,786,923,1709
2019-06-09T15:15:00+09:00,J2,674,440,1114
2019-06-09T15:15:00+09:00,J3,755,811,1566
2019-06-09T15:15:00+09:00,J4,635,692,1327
2019-06-09T15:15:00+09:00,J5,459,501,960
2019-06-09T15:30:00+09:00,J1,773,902,1675
2019-06-09T15:30:00+09:00,J2,570,476,1046
2019-06-09T15:30:00+09:00,J3,804,816,1620
2019-06-09T15:30:00+09:00,J4,702,755,1457
2019-06-09T15:30:00+09:00,J5,561,566,1127
2019-06-09T15:45:00+09:00,J1,739,899,1638
2019-06-09T15:45:00+09:00,J2,587,424,1011
2019-06-09T15:45:00+09:00,J3,826,816,1642
2019-06-09T15:45:00+09:00,J4,676,672,1348
2019-06-09T15:45:00+09:00,J5,456,521,977
2019-06-09T16:00:00+09:00,J1,764,923,1687
2019-06-09T16:00:00+09:00,J2,597,428,1025
2019-06-09T16:00:00+09:00,J3,799,847,1646
2019-06-09T16:00:00+09:00,J4,735,709,1444
2019-06-09T16:00:00+09:00,J5,517,484,1001
2019-06-09T16:15:00+09:00,J1,741,874,1615
2019-06-09T16:15:00+09:00,J2,603,450,1053
2019-06-09T16:15:00+09:00,J3,789,826,1615
2019-06-09T16:15:00+09:00,J4,695,731,1426
2019-06-09T16:15:00+09:00,J5,469,490,959
2019-06-09T16:30:00+09:00,J1,755,894,1649
2019-06-09T16:30:00+09:00,J2,643,435,1078
2019-06-09T16:30:00+09:00,J3,860,852,1712
2019-06-09T16:30:00+09:00,J4,670,664,1334
2019-06-09T16:30:00+09:00,J5,431,490,921
2019-06-09T16:45:00+09:00,J1,796,932,1728
2019-06-09T16:45:00+09:00,J2,491,428,919
2019-06-09T16:45:00+09:00,J3,812,769,1581
2019-06-09T16:45:00+09:00,J4,649,641,1290
2019-06-09T16:45:00+09:00,J5,466,493,959
2019-06-09T17:00:00+09:00,J1,890,996,1886
2019-06-09T17:00:00+09:00,J2,536,428,964
2019-06-09T17:00:00+09:00,J3,830,741,1571
2019-06-09T17:00:00+09:00,J4,652,687,1339
2019-06-09T17:00:00+09:00,J5,480,457,937
2019-06-09T17:15:00+09:00,J1,852,1016,1868
2019-06-09T17:15:00+09:00,J2,573,448,1021
2019-06-09T17:15:00+09:00,J3,884,878,1762
2019-06-09T17:15:00+09:00,J4,701,731,1432
2019-06-09T17:15:00+09:00,J5,465,492,957
2019-06-09T17:30:00+09:00,J1,882,939,1821
2019-06-09T17:30:00+09:00,J2,572,421,993
2019-06-09T17:30:00+09:00,J3,967,853,1820
2019-06-09T17:30:00+09:00,J4,768,774,1542
2019-06-09T17:30:00+09:00,J5,475,536,1011
2019-06-09T17:45:00+09:00,J1,1001,1004,2005
2019-06-09T17:45:00+09:00,J2,463,478,941
2019-06-09T17:45:00+09:00,J3,894,749,1643
2019-06-09T17:45:00+09:00,J4,780,747,1527
2019-06-09T17:45:00+09:00,J5,521,531,1052
2019-06-09T18:00:00+09:00,J1,998,1054,2052
2019-06-09T18:00:00+09:00,J2,460,447,907
2019-06-09T18:00:00+09:00,J3,782,702,1484
2019-06-09T18:00:00+09:00,J4,794,747,1541
2019-06-09T18:00:00+09:00,J5,551,604,1155
2019-06-09T18:15:00+09:00,J1,999,1043,2042
2019-06-09T18:15:00+09:00,J2,498,505,1003
2019-06-09T18:15:00+09:00,J3,695,738,1433
2019-06-09T18:15:00+09:00,J4,912,747,1659
2019-06-09T18:15:00+09:00,J5,532,557,1089
2019-06-09T18:30:00+09:00,J1,912,1013,1925
2019-06-09T18:30:00+09:00,J2,488,523,1011
2019-06-09T18:30:00+09:00,J3,672,626,1298
2019-06-09T18:30:00+09:00,J4,942,725,1667
2019-06-09T18:30:00+09:00,J5,545,557,1102
2019-06-09T18:45:00+09:00,J1,956,952,1908
2019-06-09T18:45:00+09:00,J2,415,525,940
2019-06-09T18:45:00+09:00,J3,705,668,1373
2019-06-09T18:45:00+09:00,J4,940,716,1656
2019-06-09T18:45:00+09:00,J5,512,499,1011
2019-06-09T19:00:00+09:00,J1,800,975,1775
2019-06-09T19:00:00+09:00,J2,432,470,902
2019-06-09T19:00:00+09:00,J3,602,624,1226
2019-06-09T19:00:00+09:00,J4,931,775,1706
2019-06-09T19:00:00+09:00,J5,564,607,1171
2019-06-09T19:15:00+09:00,J1,907,1009,1916
2019-06-09T19:15:00+09:00,J2,387,510,897
2019-06-09T19:15:00+09:00,J3,596,625,1221
2019-06-09T19:15:00+09:00,J4,948,857,1805
2019-06-09T19:15:00+09:00,J5,632,635,1267
2019-06-09T19:30:00+09:00,J1,822,947,1769
2019-06-09T19:30:00+09:00,J2,378,470,848
2019-06-09T19:30:00+09:00,J3,597,612,1209
2019-06-09T19:30:00+09:00,J4,856,804,1660
2019-06-09T19:30:00+09:00,J5,646,622,1268
2019-06-09T19:45:00+09:00,J1,773,905,1678
2019-06-09T19:45:00+09:00,J2,371,489,860
2019-06-09T19:45:00+09:00,J3,565,550,1115
2019-06-09T19:45:00+09:00,J4,785,821,1606
2019-06-09T19:45:00+09:00,J5,583,632,1215
2019-06-09T20:00:00+09:00,J1,843,885,1728
2019-06-09T20:00:00+09:00,J2,390,460,850
2019-06-09T20:00:00+09:00,J3,548,504,1052
2019-06-09T20:00:00+09:00,J4,802,656,1458
2019-06-09T20:00:00+09:00,J5,531,582,1113
2019-06-09T20:15:00+09:00,J1,832,945,1777
2019-06-09T20:15:00+09:00,J2,344,374,718
2019-06-09T20:15:00+09:00,J3,594,460,1054
2019-06-09T20:15:00+09:00,J4,750,692,1442
2019-06-09T20:15:00+09:00,J5,549,595,1144
2019-06-09T20:30:00+09:00,J1,769,792,1561
2019-06-09T20:30:00+09:00,J2,326,383,709
2019-06-09T20:30:00+09:00,J3,497,488,985
2019-06-09T20:30:00+09:00,J4,690,629,1319
2019-06-09T20:30:00+09:00,J5,591,611,1202
2019-06-09T20:45:00+09:00,J1,641,766,1407
2019-06-09T20:45:00+09:00,J2,328,371,699
2019-06-09T20:45:00+09:00,J3,466,451,917
2019-06-09T20:45:00+09:00,J4,636,704,1340
2019-06-09T20:45:00+09:00,J5,559,670,1229
2019-06-09T21:00:00+09:00,J1,676,802,1478
2019-06-09T21:00:00+09:00,J2,286,411,697
2019-06-09T21:00:00+09:00,J3,504,454,958
2019-06-09T21:00:00+09:00,J4,761,805,1566
2019-06-09T21:00:00+09:00,J5,541,624,1165
2019-06-09T21:15:00+09:00,J1,635,815,1450
2019-06-09T21:15:00+09:00,J2,306,332,638
2019-06-09T21:15:00+09:00,J3,491,419,910
2019-06-09T21:15:00+09:00,J4,818,782,1600
2019-06-09T21:15:00+09:00,J5,556,562,1118
2019-06-09T21:30:00+09:00,J1,737,751,1488
2019-06-09T21:30:00+09:00,J2,342,336,678
2019-06-09T21:30:00+09:00,J3,466,434,900
2019-06-09T21:30:00+09:00,J4,810,890,1700
2019-06-09T21:30:00+09:00,J5,557,633,1190
2019-06-09T21:45:00+09:00,J1,590,621,1211
2019-06-09T21:45:00+09:00,J2,286,344,630
2019-06-09T21:45:00+09:00,J3,495,457,952
2019-06-09T21:45:00+09:00,J4,786,815,1601
2019-06-09T21:45:00+09:00,J5,507,580,1087
2019-06-09T22:00:00+09:00,J1,518,586,1104
2019-06-09T22:00:00+09:00,J2,306,357,663
2019-06-09T22:00:00+09:00,J3,510,473,983
2019-06-09T22:00:00+09:00,J4,778,866,1644
2019-06-09T22:00:00+09:00,J5,551,626,1177
2019-06-09T22:15:00+09:00,J1,489,522,1011
2019-06-09T22:15:00+09:00,J2,259,313,572
2019-06-09T22:15:00+09:00,J3,500,453,953
2019-06-09T22:15:00+09:00,J4,846,944,1790
2019-06-09T22:15:00+09:00,J5,565,603,1168
2019-06-09T22:30:00+09:00,J1,565,527,1092
2019-06-09T22:30:00+09:00,J2,243,273,516
2019-06-09T22:30:00+09:00,J3,462,404,866
2019-06-09T22:30:00+09:00,J4,865,919,1784
2019-06-09T22:30:00+09:00,J5,546,590,1136
2019-06-09T22:45:00+09:00,J1,547,562,1109
2019-06-09T22:45:00+09:00,J2,246,288,534
2019-06-09T22:45:00+09:00,J3,462,391,853
2019-06-09T22:45:00+09:00,J4,902,993,1895
2019-06-09T22:45:00+09:00,J5,432,423,855
2019-06-09T23:00:00+09:00,J1,510,501,1011
2019-06-09T23:00:00+09:00,J2,271,310,581
2019-06-09T23:00:00+09:00,J3,414,392,806
2019-06-09T23:00:00+09:00,J4,879,925,1804
2019-06-09T23:00:00+09:00,J5,353,419,772
2019-06-09T23:15:00+09:00,J1,435,470,905
2019-06-09T23:15:00+09:00,J2,299,321,620
2019-06-09T23:15:00+09:00,J3,424,374,798
2019-06-09T23:15:00+09:00,J4,909,912,1821
2019-06-09T23:15:00+09:00,J5,309,398,707
2019-06-09T23:30:00+09:00,J1,456,463,919
2019-06-09T23:30:00+09:00,J2,249,304,553
2019-06-09T23:30:00+09:00,J3,402,379,781
2019-06-09T23:30:00+09:00,J4,739,747,1486
2019-06-09T23:30:00+09:00,J5,360,372,732
2019-06-09T23:45:00+09:00,J1,439,457,896
2019-06-09T23:45:00+09:00,J2,222,267,489
2019-06-09T23:45:00+09:00,J3,440,353,793
2019-06-09T23:45:00+09:00,J4,665,647,1312
2019-06-09T23:45:00+09:00,J5,354,402,756
2019-06-10T00:00:00+09:00,J1,377,385,762
2019-06-10T00:00:00+09:00,J2,257,262,519
2019-06-10T00:00:00+09:00,J3,381,306,687
2019-06-10T00:00:00+09:00,J4,509,467,976
2019-06-10T00:00:00+09:00,J5,429,414,843
2019-06-10T00:15:00+09:00,J1,212,253,465
2019-06-10T00:15:00+09:00,J2,241,277,518
2019-06-10T00:15:00+09:00,J3,407,338,745
2019-06-10T00:15:00+09:00,J4,361,329,690
2019-06-10T00:15:00+09:00,J5,335,338,673
2019-06-10T00:30:00+09:00,J1,159,195,354
2019-06-10T00:30:00+09:00,J2,292,296,588
2019-06-10T00:30:00+09:00,J3,505,436,941
2019-06-10T00:30:00+09:00,J4,244,214,458
2019-06-10T00:30:00+09:00,J5,202,152,354
2019-06-10T00:45:00+09:00,J1,172,206,378
2019-06-10T00:45:00+09:00,J2,355,316,671
2019-06-10T00:45:00+09:00,J3,610,520,1130
2019-06-10T00:45:00+09:00,J4,319,282,601
2019-06-10T00:45:00+09:00,J5,152,151,303
2019-06-10T05:45:00+09:00,J1,183,252,435
2019-06-10T05:45:00+09:00,J2,293,275,568
2019-06-10T05:45:00+09:00,J3,432,373,805
2019-06-10T05:45:00+09:00,J4,411,425,836
2019-06-10T05:45:00+09:00,J5,130,116,246
2019-06-10T06:00:00+09:00,J1,384,372,756
2019-06-10T06:00:00+09:00,J2,400,365,765
2019-06-10T06:00:00+09:00,J3,551,457,1008
2019-06-10T06:00:00+09:00,J4,360,422,782
2019-06-10T06:00:00+09:00,J5,224,193,417
2019-06-10T06:15:00+09:00,J1,460,375,835
2019-06-10T06:15:00+09:00,J2,574,499,1073
2019-06-10T06:15:00+09:00,J3,622,560,1182
2019-06-10T06:15:00+09:00,J4,457,517,974
2019-06-10T06:15:00+09:00,J5,217,207,424
2019-06-10T06:30:00+09:00,J1,432,400,832
2019-06-10T06:30:00+09:00,J2,653,563,1216
2019-06-10T06:30:00+09:00,J3,636,573,1209
2019-06-10T06:30:00+09:00,J4,563,636,1199
2019-06-10T06:30:00+09:00,J5,250,196,446
2019-06-10T06:45:00+09:00,J1,518,502,1020
2019-06-10T06:45:00+09:00,J2,579,507,1086
2019-06-10T06:45:00+09:00,J3,680,566,1246
2019-06-10T06:45:00+09:00,J4,448,498,946
2019-06-10T06:45:00+09:00,J5,190,175,365
2019-06-10T07:00:00+09:00,J1,576,503,1079
2019-06-10T07:00:00+09:00,J2,633,505,1138
2019-06-10T07:00:00+09:00,J3,609,635,1244
2019-06-10T07:00:00+09:00,J4,534,598,1132
2019-06-10T07:00:00+09:00,J5,229,176,405
2019-06-10T07:15:00+09:00,J1,564,486,1050
2019-06-10T07:15:00+09:00,J2,671,556,1227
2019-06-10T07:15:00+09:00,J3,596,597,1193
2019-06-10T07:15:00+09:00,J4,594,725,1319
2019-06-10T07:15:00+09:00,J5,243,243,486
2019-06-10T07:30:00+09:00,J1,585,468,1053
2019-06-10T07:30:00+09:00,J2,612,434,1046
2019-06-10T07:30:00+09:00,J3,522,610,1132
2019-06-10T07:30:00+09:00,J4,534,739,1273
2019-06-10T07:30:00+09:00,J5,339,376,715
2019-06-10T07:45:00+09:00,J1,664,564,1228
2019-06-10T07:45:00+09:00,J2,594,460,1054
2019-06-10T07:45:00+09:00,J3,639,674,1313
2019-06-10T07:45:00+09:00,J4,630,900,1530
2019-06-10T07:45:00+09:00,J5,474,522,996
2019-06-10T08:00:00+09:00,J1,1028,773,1801
2019-06-10T08:00:00+09:00,J2,694,481,1175
2019-06-10T08:00:00+09:00,J3,682,745,1427
2019-06-10T08:00:00+09:00,J4,815,973,1788
2019-06-10T08:00:00+09:00,J5,457,495,952
2019-06-10T08:15:00+09:00,J1,1214,816,2030
2019-06-10T08:15:00+09:00,J2,807,509,1316
2019-06-10T08:15:00+09:00,J3,786,906,1692
2019-06-10T08:15:00+09:00,J4,930,1127,2057
2019-06-10T08:15:00+09:00,J5,399,390,789
2019-06-10T08:30:00+09:00,J1,1281,797,2078
2019-06-10T08:30:00+09:00,J2,889,512,1401
2019-06-10T08:30:00+09:00,J3,701,973,1674
2019-06-10T08:30:00+09:00,J4,957,1120,2077
2019-06-10T08:30:00+09:00,J5,373,317,690
2019-06-10T08:45:00+09:00,J1,900,684,1584
2019-06-10T08:45:00+09:00,J2,612,448,1060
2019-06-10T08:45:00+09:00,J3,592,677,1269
2019-06-10T08:45:00+09:00,J4,791,961,1752
2019-06-10T08:45:00+09:00,J5,374,380,754
2019-06-10T09:00:00+09:00,J1,861,654,1515
2019-06-10T09:00:00+09:00,J2,534,408,942
2019-06-10T09:00:00+09:00,J3,601,540,1141
2019-06-10T09:00:00+09:00,J4,750,882,1632
2019-06-10T09:00:00+09:00,J5,395,425,820
2019-06-10T09:15:00+09:00,J1,681,500,1181
2019-06-10T09:15:00+09:00,J2,494,380,874
2019-06-10T09:15:00+09:00,J3,478,492,970
2019-06-10T09:15:00+09:00,J4,656,787,1443
2019-06-10T09:15:00+09:00,J5,348,355,703
2019-06-10T09:30:00+09:00,J1,662,552,1214
2019-06-10T09:30:00+09:00,J2,494,419,913
2019-06-10T09:30:00+09:00,J3,498,537,1035
2019-06-10T09:30:00+09:00,J4,726,828,1554
2019-06-10T09:30:00+09:00,J5,262,308,570
2019-06-10T09:45:00+09:00,J1,591,484,1075
2019-06-10T09:45:00+09:00,J2,454,420,874
2019-06-10T09:45:00+09:00,J3,495,499,994
2019-06-10T09:45:00+09:00,J4,608,673,1281
2019-06-10T09:45:00+09:00,J5,441,444,885
2019-06-10T10:00:00+09:00,J1,574,532,1106
2019-06-10T10:00:00+09:00,J2,442,428,870
2019-06-10T10:00:00+09:00,J3,444,463,907
2019-06-10T10:00:00+09:00,J4,671,701,1372
2019-06-10T10:00:00+09:00,J5,410,500,910
2019-06-10T10:15:00+09:00,J1,598,574,1172
2019-06-10T10:15:00+09:00,J2,440,509,949
2019-06-10T10:15:00+09:00,J3,514,543,1057
2019-06-10T10:15:00+09:00,J4,557,706,1263
2019-06-10T10:15:00+09:00,J5,401,390,791
2019-06-10T10:30:00+09:00,J1,640,562,1202
2019-06-10T10:30:00+09:00,J2,495,498,993
2019-06-10T10:30:00+09:00,J3,654,607,1261
2019-06-10T10:30:00+09:00,J4,642,702,1344
2019-06-10T10:30:00+09:00,J5,404,470,874
2019-06-10T10:45:00+09:00,J1,527,515,1042
2019-06-10T10:45:00+09:00,J2,406,464,870
2019-06-10T10:45:00+09:00,J3,767,655,1422
2019-06-10T10:45:00+09:00,J4,602,652,1254
2019-06-10T10:45:00+09:00,J5,289,222,511
2019-06-10T11:00:00+09:00,J1,591,585,1176
2019-06-10T11:00:00+09:00,J2,486,461,947
2019-06-10T11:00:00+09:00,J3,799,740,1539
2019-06-10T11:00:00+09:00,J4,595,609,1204
2019-06-10T11:00:00+09:00,J5,347,292,639
2019-06-10T11:15:00+09:00,J1,721,682,1403
2019-06-10T11:15:00+09:00,J2,551,447,998
2019-06-10T11:15:00+09:00,J3,925,847,1772
2019-06-10T11:15:00+09:00,J4,530,597,1127
2019-06-10T11:15:00+09:00,J5,332,251,583
2019-06-10T11:30:00+09:00,J1,717,734,1451
2019-06-10T11:30:00+09:00,J2,565,429,994
2019-06-10T11:30:00+09:00,J3,936,812,1748
2019-06-10T11:30:00+09:00,J4,559,588,1147
2019-06-10T11:30:00+09:00,J5,288,234,522
2019-06-10T11:45:00+09:00,J1,665,704,1369
2019-06-10T11:45:00+09:00,J2,544,388,932
2019-06-10T11:45:00+09:00,J3,947,871,1818
2019-06-10T11:45:00+09:00,J4,511,596,1107
2019-06-10T11:45:00+09:00,J5,328,260,588
2019-06-10T12:00:00+09:00,J1,647,782,1429
2019-06-10T12:00:00+09:00,J2,623,455,1078
2019-06-10T12:00:00+09:00,J3,1015,947,1962
2019-06-10T12:00:00+09:00,J4,584,562,1146
2019-06-10T12:00:00+09:00,J5,339,309,648
2019-06-10T12:15:00+09:00,J1,623,682,1305
2019-06-10T12:15:00+09:00,J2,596,396,992
2019-06-10T12:15:00+09:00,J3,967,936,1903
2019-06-10T12:15:00+09:00,J4,568,604,1172
2019-06-10T12:15:00+09:00,J5,330,286,616
2019-06-10T12:30:00+09:00,J1,621,749,1370
2019-06-10T12:30:00+09:00,J2,702,477,1179
2019-06-10T12:30:00+09:00,J3,917,970,1887
2019-06-10T12:30:00+09:00,J4,544,641,1185
2019-06-10T12:30:00+09:00,J5,356,310,666
2019-06-10T12:45:00+09:00,J1,609,734,1343
2019-06-10T12:45:00+09:00,J2,616,456,1072
2019-06-10T12:45:00+09:00,J3,892,921,1813
2019-06-10T12:45:00+09:00,J4,513,625,1138
2019-06-10T12:45:00+09:00,J5,301,323,624
2019-06-10T13:00:00+09:00,J1,612,752,1364
2019-06-10T13:00:00+09:00,J2,614,481,1095
2019-06-10T13:00:00+09:00,J3,881,961,1842
2019-06-10T13:00:00+09:00,J4,546,582,1128
2019-06-10T13:00:00+09:00,J5,333,324,657
2019-06-10T13:15:00+09:00,J1,688,752,1440
2019-06-10T13:15:00+09:00,J2,607,423,1030
2019-06-10T13:15:00+09:00,J3,879,943,1822
2019-06-10T13:15:00+09:00,J4,471,548,1019
2019-06-10T13:15:00+09:00,J5,302,375,677
2019-06-10T13:30:00+09:00,J1,670,708,1378
2019-06-10T13:30:00+09:00,J2,592,409,1001
2019-06-10T13:30:00+09:00,J3,863,889,1752
2019-06-10T13:30:00+09:00,J4,477,591,1068
2019-06-10T13:30:00+09:00,J5,413,399,812
2019-06-10T13:45:00+09:00,J1,674,740,1414
2019-06-10T13:45:00+09:00,J2,603,475,1078
2019-06-10T13:45:00+09:00,J3,879,886,1765
2019-06-10T13:45:00+09:00,J4,514,505,1019
2019-06-10T13:45:00+09:00,J5,369,364,733
2019-06-10T14:00:00+09:00,J1,672,788,1460
2019-06-10T14:00:00+09:00,J2,625,410,1035
2019-06-10T14:00:00+09:00,J3,852,865,1717
2019-06-10T14:00:00+09:00,J4,454,568,1022
2019-06-10T14:00:00+09:00,J5,379,400,779
2019-06-10T14:15:00+09:00,J1,585,678,1263
2019-06-10T14:15:00+09:00,J2,629,451,1080
2019-06-10T14:15:00+09:00,J3,881,867,1748
2019-06-10T14:15:00+09:00,J4,493,545,1038
2019-06-10T14:15:00+09:00,J5,286,314,600
2019-06-10T14:30:00+09:00,J1,663,778,1441
2019-06-10T14:30:00+09:00,J2,622,489,1111
2019-06-10T14:30:00+09:00,J3,872,873,1745
2019-06-10T14:30:00+09:00,J4,564,566,1130
2019-06-10T14:30:00+09:00,J5,432,442,874
2019-06-10T14:45:00+09:00,J1,732,736,1468
2019-06-10T14:45:00+09:00,J2,603,475,1078
2019-06-10T14:45:00+09:00,J3,901,924,1825
2019-06-10T14:45:00+09:00,J4,540,597,1137
2019-06-10T14:45:00+09:00,J5,367,419,786
2019-06-10T15:00:00+09:00,J1,680,847,1527
2019-06-10T15:00:00+09:00,J2,513,414,927
2019-06-10T15:00:00+09:00,J3,858,949,1807
2019-06-10T15:00:00+09:00,J4,506,576,1082
2019-06-10T15:00:00+09:00,J5,323,405,728
2019-06-10T15:15:00+09:00,J1,722,807,1529
2019-06-10T15:15:00+09:00,J2,540,431,971
2019-06-10T15:15:00+09:00,J3,915,895,1810
2019-06-10T15:15:00+09:00,J4,435,496,931
2019-06-10T15:15:00+09:00,J5,400,378,778
2019-06-10T15:30:00+09:00,J1,671,753,1424
2019-06-10T15:30:00+09:00,J2,585,426,1011
2019-06-10T15:30:00+09:00,J3,948,895,1843
2019-06-10T15:30:00+09:00,J4,506,574,1080
2019-06-10T15:30:00+09:00,J5,405,442,847
2019-06-10T15:45:00+09:00,J1,689,729,1418
2019-06-10T15:45:00+09:00,J2,574,407,981
2019-06-10T15:45:00+09:00,J3,889,884,1773
2019-06-10T15:45:00+09:00,J4,566,658,1224
2019-06-10T15:45:00+09:00,J5,525,587,1112
2019-06-10T16:00:00+09:00,J1,547,716,1263
2019-06-10T16:00:00+09:00,J2,582,440,1022
2019-06-10T16:00:00+09:00,J3,941,888,1829
2019-06-10T16:00:00+09:00,J4,495,602,1097
2019-06-10T16:00:00+09:00,J5,470,415,885
2019-06-10T16:15:00+09:00,J1,683,762,1445
2019-06-10T16:15:00+09:00,J2,604,410,1014
2019-06-10T16:15:00+09:00,J3,941,951,1892
2019-06-10T16:15:00+09:00,J4,475,593,1068
2019-06-10T16:15:00+09:00,J5,353,381,734
2019-06-10T16:30:00+09:00,J1,645,784,1429
2019-06-10T16:30:00+09:00,J2,590,455,1045
2019-06-10T16:30:00+09:00,J3,914,923,1837
2019-06-10T16:30:00+09:00,J4,502,500,1002
2019-06-10T16:30:00+09:00,J5,385,409,794
2019-06-10T16:45:00+09:00,J1,618,736,1354
2019-06-10T16:45:00+09:00,J2,557,413,970
2019-06-10T16:45:00+09:00,J3,957,920,1877
2019-06-10T16:45:00+09:00,J4,520,501,1021
2019-06-10T16:45:00+09:00,J5,449,480,929
2019-06-10T17:00:00+09:00,J1,779,894,1673
2019-06-10T17:00:00+09:00,J2,633,526,1159
2019-06-10T17:00:00+09:00,J3,990,888,1878
2019-06-10T17:00:00+09:00,J4,541,507,1048
2019-06-10T17:00:00+09:00,J5,381,338,719
2019-06-10T17:15:00+09:00,J1,900,998,1898
2019-06-10T17:15:00+09:00,J2,653,538,1191
2019-06-10T17:15:00+09:00,J3,1073,1001,2074
2019-06-10T17:15:00+09:00,J4,687,561,1248
2019-06-10T17:15:00+09:00,J5,547,596,1143
2019-06-10T17:30:00+09:00,J1,846,1009,1855
2019-06-10T17:30:00+09:00,J2,734,602,1336
2019-06-10T17:30:00+09:00,J3,1095,1017,2112
2019-06-10T17:30:00+09:00,J4,719,579,1298
2019-06-10T17:30:00+09:00,J5,448,460,908
2019-06-10T17:45:00+09:00,J1,822,995,1817
2019-06-10T17:45:00+09:00,J2,707,548,1255
2019-06-10T17:45:00+09:00,J3,1073,1015,2088
2019-06-10T17:45:00+09:00,J4,762,614,1376
2019-06-10T17:45:00+09:00,J5,417,477,894
2019-06-10T18:00:00+09:00,J1,852,1039,1891
2019-06-10T18:00:00+09:00,J2,817,554,1371
2019-06-10T18:00:00+09:00,J3,1048,1037,2085
2019-06-10T18:00:00+09:00,J4,795,634,1429
2019-06-10T18:00:00+09:00,J5,433,482,915
2019-06-10T18:15:00+09:00,J1,776,904,1680
2019-06-10T18:15:00+09:00,J2,786,651,1437
2019-06-10T18:15:00+09:00,J3,979,1033,2012
2019-06-10T18:15:00+09:00,J4,849,688,1537
2019-06-10T18:15:00+09:00,J5,439,450,889
2019-06-10T18:30:00+09:00,J1,743,836,1579
2019-06-10T18:30:00+09:00,J2,677,535,1212
2019-06-10T18:30:00+09:00,J3,904,946,1850
2019-06-10T18:30:00+09:00,J4,750,561,1311
2019-06-10T18:30:00+09:00,J5,389,399,788
2019-06-10T18:45:00+09:00,J1,676,823,1499
2019-06-10T18:45:00+09:00,J2,722,531,1253
2019-06-10T18:45:00+09:00,J3,936,859,1795
2019-06-10T18:45:00+09:00,J4,707,599,1306
2019-06-10T18:45:00+09:00,J5,397,406,803
2019-06-10T19:00:00+09:00,J1,622,765,1387
2019-06-10T19:00:00+09:00,J2,568,454,1022
2019-06-10T19:00:00+09:00,J3,888,788,1676
2019-06-10T19:00:00+09:00,J4,757,679,1436
2019-06-10T19:00:00+09:00,J5,460,479,939
2019-06-10T19:15:00+09:00,J1,660,823,1483
2019-06-10T19:15:00+09:00,J2,568,443,1011
2019-06-10T19:15:00+09:00,J3,856,787,1643
2019-06-10T19:15:00+09:00,J4,800,674,1474
2019-06-10T19:15:00+09:00,J5,489,530,1019
2019-06-10T19:30:00+09:00,J1,712,819,1531
2019-06-10T19:30:00+09:00,J2,521,376,897
2019-06-10T19:30:00+09:00,J3,838,719,1557
2019-06-10T19:30:00+09:00,J4,864,737,1601
2019-06-10T19:30:00+09:00,J5,512,494,1006
2019-06-10T19:45:00+09:00,J1,672,805,1477
2019-06-10T19:45:00+09:00,J2,469,383,852
2019-06-10T19:45:00+09:00,J3,757,725,1482
2019-06-10T19:45:00+09:00,J4,762,692,1454
2019-06-10T19:45:00+09:00,J5,419,384,803
2019-06-10T20:00:00+09:00,J1,577,720,1297
2019-06-10T20:00:00+09:00,J2,527,364,891
2019-06-10T20:00:00+09:00,J3,749,701,1450
2019-06-10T20:00:00+09:00,J4,803,687,1490
2019-06-10T20:00:00+09:00,J5,472,517,989
2019-06-10T20:15:00+09:00,J1,637,724,1361
2019-06-10T20:15:00+09:00,J2,421,366,787
2019-06-10T20:15:00+09:00,J3,765,652,1417
2019-06-10T20:15:00+09:00,J4,725,675,1400
2019-06-10T20:15:00+09:00,J5,519,515,1034
2019-06-10T20:30:00+09:00,J1,615,716,1331
2019-06-10T20:30:00+09:00,J2,455,366,821
2019-06-10T20:30:00+09:00,J3,667,550,1217
2019-06-10T20:30:00+09:00,J4,806,663,1469
2019-06-10T20:30:00+09:00,J5,512,549,1061
2019-06-10T20:45:00+09:00,J1,628,645,1273
2019-06-10T20:45:00+09:00,J2,366,388,754
2019-06-10T20:45:00+09:00,J3,546,540,1086
2019-06-10T20:45:00+09:00,J4,887,752,1639
2019-06-10T20:45:00+09:00,J5,405,453,858
2019-06-10T21:00:00+09:00,J1,677,674,1351
2019-06-10T21:00:00+09:00,J2,383,380,763
2019-06-10T21:00:00+09:00,J3,504,477,981
2019-06-10T21:00:00+09:00,J4,915,847,1762
2019-06-10T21:00:00+09:00,J5,498,559,1057
2019-06-10T21:15:00+09:00,J1,740,862,1602
2019-06-10T21:15:00+09:00,J2,359,412,771
2019-06-10T21:15:00+09:00,J3,519,446,965
2019-06-10T21:15:00+09:00,J4,856,798,1654
2019-06-10T21:15:00+09:00,J5,482,478,960
2019-06-10T21:30:00+09:00,J1,612,646,1258
2019-06-10T21:30:00+09:00,J2,331,374,705
2019-06-10T21:30:00+09:00,J3,452,426,878
2019-06-10T21:30:00+09:00,J4,819,712,1531
2019-06-10T21:30:00+09:00,J5,535,555,1090
2019-06-10T21:45:00+09:00,J1,651,699,1350
2019-06-10T21:45:00+09:00,J2,294,376,670
2019-06-10T21:45:00+09:00,J3,451,429,880
2019-06-10T21:45:00+09:00,J4,817,755,1572
2019-06-10T21:45:00+09:00,J5,487,533,1020
2019-06-10T22:00:00+09:00,J1,603,680,1283
2019-06-10T22:00:00+09:00,J2,356,336,692
2019-06-10T22:00:00+09:00,J3,534,446,980
2019-06-10T22:00:00+09:00,J4,788,778,1566
2019-06-10T22:00:00+09:00,J5,479,507,986
2019-06-10T22:15:00+09:00,J1,594,609,1203
2019-06-10T22:15:00+09:00,J2,352,340,692
2019-06-10T22:15:00+09:00,J3,468,403,871
2019-06-10T22:15:00+09:00,J4,823,816,1639
2019-06-10T22:15:00+09:00,J5,512,570,1082
2019-06-10T22:30:00+09:00,J1,579,624,1203
2019-06-10T22:30:00+09:00,J2,279,335,614
2019-06-10T22:30:00+09:00,J3,439,337,776
2019-06-10T22:30:00+09:00,J4,913,818,1731
2019-06-10T22:30:00+09:00,J5,469,524,993
2019-06-10T22:45:00+09:00,J1,540,574,1114
2019-06-10T22:45:00+09:00,J2,266,345,611
2019-06-10T22:45:00+09:00,J3,413,355,768
2019-06-10T22:45:00+09:00,J4,863,857,1720
2019-06-10T22:45:00+09:00,J5,237,286,523
2019-06-10T23:00:00+09:00,J1,489,550,1039
2019-06-10T23:00:00+09:00,J2,327,362,689
2019-06-10T23:00:00+09:00,J3,429,379,808
2019-06-10T23:00:00+09:00,J4,798,791,1589
2019-06-10T23:00:00+09:00,J5,189,205,394
2019-06-10T23:15:00+09:00,J1,491,450,941
2019-06-10T23:15:00+09:00,J2,271,276,547
2019-06-10T23:15:00+09:00,J3,407,361,768
2019-06-10T23:15:00+09:00,J4,1001,1004,2005
2019-06-10T23:15:00+09:00,J5,255,261,516
2019-06-10T23:30:00+09:00,J1,445,460,905
2019-06-10T23:30:00+09:00,J2,286,309,595
2019-06-10T23:30:00+09:00,J3,458,396,854
2019-06-10T23:30:00+09:00,J4,879,866,1745
2019-06-10T23:30:00+09:00,J5,213,238,451
2019-06-10T23:45:00+09:00,J1,474,500,974
2019-06-10T23:45:00+09:00,J2,276,266,542
2019-06-10T23:45:00+09:00,J3,422,321,743
2019-06-10T23:45:00+09:00,J4,705,728,1433
2019-06-10T23:45:00+09:00,J5,197,234,431
2019-06-11T00:00:00+09:00,J1,337,416,753
2019-06-11T00:00:00+09:00,J2,253,220,473
2019-06-11T00:00:00+09:00,J3,388,332,720
2019-06-11T00:00:00+09:00,J4,747,728,1475
2019-06-11T00:00:00+09:00,J5,220,253,473
2019-06-11T00:15:00+09:00,J1,252,291,543
2019-06-11T00:15:00+09:00,J2,337,318,655
2019-06-11T00:15:00+09:00,J3,541,429,970
2019-06-11T00:15:00+09:00,J4,298,288,586
2019-06-11T00:15:00+09:00,J5,302,293,595
2019-06-11T00:30:00+09:00,J1,268,226,494
2019-06-11T00:30:00+09:00,J2,434,400,834
2019-06-11T00:30:00+09:00,J3,569,434,1003
2019-06-11T00:30:00+09:00,J4,270,216,486
2019-06-11T00:30:00+09:00,J5,125,133,258
2019-06-11T00:45:00+09:00,J1,279,203,482
2019-06-11T00:45:00+09:00,J2,452,394,846
2019-06-11T00:45:00+09:00,J3,514,427,941
2019-06-11T00:45:00+09:00,J4,265,252,517
2019-06-11T00:45:00+09:00,J5,115,142,257
2019-06-11T05:45:00+09:00,J1,207,252,459
2019-06-11T05:45:00+09:00,J2,278,224,502
2019-06-11T05:45:00+09:00,J3,387,358,745
2019-06-11T05:45:00+09:00,J4,841,846,1687
2019-06-11T05:45:00+09:00,J5,205,179,384
2019-06-11T06:00:00+09:00,J1,262,278,540
2019-06-11T06:00:00+09:00,J2,289,244,533
2019-06-11T06:00:00+09:00,J3,667,584,1251
2019-06-11T06:00:00+09:00,J4,824,852,1676
2019-06-11T06:00:00+09:00,J5,159,196,355
2019-06-11T06:15:00+09:00,J1,446,414,860
2019-06-11T06:15:00+09:00,J2,474,343,817
2019-06-11T06:15:00+09:00,J3,627,584,1211
2019-06-11T06:15:00+09:00,J4,668,747,1415
2019-06-11T06:15:00+09:00,J5,187,184,371
2019-06-11T06:30:00+09:00,J1,458,470,928
2019-06-11T06:30:00+09:00,J2,469,431,900
2019-06-11T06:30:00+09:00,J3,631,587,1218
2019-06-11T06:30:00+09:00,J4,790,786,1576
2019-06-11T06:30:00+09:00,J5,238,220,458
2019-06-11T06:45:00+09:00,J1,423,431,854
2019-06-11T06:45:00+09:00,J2,625,439,1064
2019-06-11T06:45:00+09:00,J3,698,548,1246
2019-06-11T06:45:00+09:00,J4,639,704,1343
2019-06-11T06:45:00+09:00,J5,257,229,486
2019-06-11T07:00:00+09:00,J1,492,446,938
2019-06-11T07:00:00+09:00,J2,608,504,1112
2019-06-11T07:00:00+09:00,J3,639,600,1239
2019-06-11T07:00:00+09:00,J4,626,764,1390
2019-06-11T07:00:00+09:00,J5,257,231,488
2019-06-11T07:15:00+09:00,J1,487,396,883
2019-06-11T07:15:00+09:00,J2,559,525,1084
2019-06-11T07:15:00+09:00,J3,633,620,1253
2019-06-11T07:15:00+09:00,J4,619,736,1355
2019-06-11T07:15:00+09:00,J5,314,264,578
2019-06-11T07:30:00+09:00,J1,500,443,943
2019-06-11T07:30:00+09:00,J2,545,472,1017
2019-06-11T07:30:00+09:00,J3,495,582,1077
2019-06-11T07:30:00+09:00,J4,661,832,1493
2019-06-11T07:30:00+09:00,J5,402,428,830
2019-06-11T07:45:00+09:00,J1,638,490,1128
2019-06-11T07:45:00+09:00,J2,528,341,869
2019-06-11T07:45:00+09:00,J3,585,626,1211
2019-06-11T07:45:00+09:00,J4,598,819,1417
2019-06-11T07:45:00+09:00,J5,485,526,1011
2019-06-11T08:00:00+09:00,J1,1040,669,1709
2019-06-11T08:00:00+09:00,J2,679,436,1115
2019-06-11T08:00:00+09:00,J3,668,792,1460
2019-06-11T08:00:00+09:00,J4,700,926,1626
2019-06-11T08:00:00+09:00,J5,519,563,1082
2019-06-11T08:15:00+09:00,J1,1177,692,1869
2019-06-11T08:15:00+09:00,J2,795,502,1297
2019-06-11T08:15:00+09:00,J3,789,896,1685
2019-06-11T08:15:00+09:00,J4,909,1092,2001
2019-06-11T08:15:00+09:00,J5,334,366,700
2019-06-11T08:30:00+09:00,J1,1148,682,1830
2019-06-11T08:30:00+09:00,J2,907,481,1388
2019-06-11T08:30:00+09:00,J3,743,907,1650
2019-06-11T08:30:00+09:00,J4,753,1093,1846
2019-06-11T08:30:00+09:00,J5,364,333,697
2019-06-11T08:45:00+09:00,J1,976,683,1659
2019-06-11T08:45:00+09:00,J2,652,441,1093
2019-06-11T08:45:00+09:00,J3,563,716,1279
2019-06-11T08:45:00+09:00,J4,737,896,1633
2019-06-11T08:45:00+09:00,J5,329,367,696
2019-06-11T09:00:00+09:00,J1,829,593,1422
2019-06-11T09:00:00+09:00,J2,589,465,1054
2019-06-11T09:00:00+09:00,J3,581,529,1110
2019-06-11T09:00:00+09:00,J4,743,802,1545
2019-06-11T09:00:00+09:00,J5,323,375,698
2019-06-11T09:15:00+09:00,J1,753,511,1264
2019-06-11T09:15:00+09:00,J2,578,377,955
2019-06-11T09:15:00+09:00,J3,486,545,1031
2019-06-11T09:15:00+09:00,J4,659,795,1454
2019-06-11T09:15:00+09:00,J5,330,357,687
2019-06-11T09:30:00+09:00,J1,646,471,1117
2019-06-11T09:30:00+09:00,J2,445,375,820
2019-06-11T09:30:00+09:00,J3,534,496,1030
2019-06-11T09:30:00+09:00,J4,747,725,1472
2019-06-11T09:30:00+09:00,J5,322,296,618
2019-06-11T09:45:00+09:00,J1,574,464,1038
2019-06-11T09:45:00+09:00,J2,455,414,869
2019-06-11T09:45:00+09:00,J3,466,547,1013
2019-06-11T09:45:00+09:00,J4,718,698,1416
2019-06-11T09:45:00+09:00,J5,317,312,629
2019-06-11T10:00:00+09:00,J1,508,480,988
2019-06-11T10:00:00+09:00,J2,396,448,844
2019-06-11T10:00:00+09:00,J3,406,501,907
2019-06-11T10:00:00+09:00,J4,609,678,1287
2019-06-11T10:00:00+09:00,J5,368,426,794
2019-06-11T10:15:00+09:00,J1,527,523,1050
2019-06-11T10:15:00+09:00,J2,428,433,861
2019-06-11T10:15:00+09:00,J3,464,514,978
2019-06-11T10:15:00+09:00,J4,617,715,1332
2019-06-11T10:15:00+09:00,J5,338,342,680
2019-06-11T10:30:00+09:00,J1,553,507,1060
2019-06-11T10:30:00+09:00,J2,483,462,945
2019-06-11T10:30:00+09:00,J3,551,583,1134
2019-06-11T10:30:00+09:00,J4,553,648,1201
2019-06-11T10:30:00+09:00,J5,291,246,537
2019-06-11T10:45:00+09:00,J1,493,525,1018
2019-06-11T10:45:00+09:00,J2,456,439,895
2019-06-11T10:45:00+09:00,J3,701,677,1378
2019-06-11T10:45:00+09:00,J4,623,651,1274
2019-06-11T10:45:00+09:00,J5,295,226,521
2019-06-11T11:00:00+09:00,J1,547,532,1079
2019-06-11T11:00:00+09:00,J2,459,465,924
2019-06-11T11:00:00+09:00,J3,732,639,1371
2019-06-11T11:00:00+09:00,J4,586,654,1240
2019-06-11T11:00:00+09:00,J5,282,193,475
2019-06-11T11:15:00+09:00,J1,705,742,1447
2019-06-11T11:15:00+09:00,J2,472,437,909
2019-06-11T11:15:00+09:00,J3,766,641,1407
2019-06-11T11:15:00+09:00,J4,564,659,1223
2019-06-11T11:15:00+09:00,J5,329,264,593
2019-06-11T11:30:00+09:00,J1,708,733,1441
2019-06-11T11:30:00+09:00,J2,523,448,971
2019-06-11T11:30:00+09:00,J3,852,719,1571
2019-06-11T11:30:00+09:00,J4,540,632,1172
2019-06-11T11:30:00+09:00,J5,289,227,516
2019-06-11T11:45:00+09:00,J1,653,734,1387
2019-06-11T11:45:00+09:00,J2,545,492,1037
2019-06-11T11:45:00+09:00,J3,890,766,1656
2019-06-11T11:45:00+09:00,J4,598,626,1224
2019-06-11T11:45:00+09:00,J5,272,192,464
2019-06-11T12:00:00+09:00,J1,596,758,1354
2019-06-11T12:00:00+09:00,J2,592,425,1017
2019-06-11T12:00:00+09:00,J3,946,899,1845
2019-06-11T12:00:00+09:00,J4,661,559,1220
2019-06-11T12:00:00+09:00,J5,356,294,650
2019-06-11T12:15:00+09:00,J1,576,677,1253
2019-06-11T12:15:00+09:00,J2,551,413,964
2019-06-11T12:15:00+09:00,J3,907,869,1776
2019-06-11T12:15:00+09:00,J4,554,676,1230
2019-06-11T12:15:00+09:00,J5,309,306,615
2019-06-11T12:30:00+09:00,J1,620,770,1390
2019-06-11T12:30:00+09:00,J2,645,474,1119
2019-06-11T12:30:00+09:00,J3,908,911,1819
2019-06-11T12:30:00+09:00,J4,551,671,1222
2019-06-11T12:30:00+09:00,J5,352,354,706
2019-06-11T12:45:00+09:00,J1,665,676,1341
2019-06-11T12:45:00+09:00,J2,601,473,1074
2019-06-11T12:45:00+09:00,J3,935,820,1755
2019-06-11T12:45:00+09:00,J4,528,664,1192
2019-06-11T12:45:00+09:00,J5,302,320,622
2019-06-11T13:00:00+09:00,J1,663,735,1398
2019-06-11T13:00:00+09:00,J2,646,436,1082
2019-06-11T13:00:00+09:00,J3,858,863,1721
2019-06-11T13:00:00+09:00,J4,502,553,1055
2019-06-11T13:00:00+09:00,J5,277,302,579
2019-06-11T13:15:00+09:00,J1,704,746,1450
2019-06-11T13:15:00+09:00,J2,623,459,1082
2019-06-11T13:15:00+09:00,J3,932,910,1842
2019-06-11T13:15:00+09:00,J4,530,587,1117
2019-06-11T13:15:00+09:00,J5,410,427,837
2019-06-11T13:30:00+09:00,J1,718,699,1417
2019-06-11T13:30:00+09:00,J2,654,481,1135
2019-06-11T13:30:00+09:00,J3,947,873,1820
2019-06-11T13:30:00+09:00,J4,562,605,1167
2019-06-11T13:30:00+09:00,J5,533,512,1045
2019-06-11T13:45:00+09:00,J1,609,726,1335
2019-06-11T13:45:00+09:00,J2,560,424,984
2019-06-11T13:45:00+09:00,J3,865,884,1749
2019-06-11T13:45:00+09:00,J4,511,558,1069
2019-06-11T13:45:00+09:00,J5,412,480,892
2019-06-11T14:00:00+09:00,J1,582,738,1320
2019-06-11T14:00:00+09:00,J2,582,463,1045
2019-06-11T14:00:00+09:00,J3,870,855,1725
2019-06-11T14:00:00+09:00,J4,470,466,936
2019-06-11T14:00:00+09:00,J5,309,350,659
2019-06-11T14:15:00+09:00,J1,552,666,1218
2019-06-11T14:15:00+09:00,J2,665,417,1082
2019-06-11T14:15:00+09:00,J3,861,895,1756
2019-06-11T14:15:00+09:00,J4,483,528,1011
2019-06-11T14:15:00+09:00,J5,339,405,744
2019-06-11T14:30:00+09:00,J1,628,677,1305
2019-06-11T14:30:00+09:00,J2,642,521,1163
2019-06-11T14:30:00+09:00,J3,794,920,1714
2019-06-11T14:30:00+09:00,J4,497,499,996
2019-06-11T14:30:00+09:00,J5,380,388,768
2019-06-11T14:45:00+09:00,J1,655,724,1379
2019-06-11T14:45:00+09:00,J2,594,492,1086
2019-06-11T14:45:00+09:00,J3,853,902,1755
2019-06-11T14:45:00+09:00,J4,472,523,995
2019-06-11T14:45:00+09:00,J5,367,347,714
2019-06-11T15:00:00+09:00,J1,659,771,1430
2019-06-11T15:00:00+09:00,J2,581,463,1044
2019-06-11T15:00:00+09:00,J3,813,899,1712
2019-06-11T15:00:00+09:00,J4,517,510,1027
2019-06-11T15:00:00+09:00,J5,422,378,800
2019-06-11T15:15:00+09:00,J1,653,808,1461
2019-06-11T15:15:00+09:00,J2,543,501,1044
2019-06-11T15:15:00+09:00,J3,879,931,1810
2019-06-11T15:15:00+09:00,J4,513,501,1014
2019-06-11T15:15:00+09:00,J5,391,393,784
2019-06-11T15:30:00+09:00,J1,655,676,1331
2019-06-11T15:30:00+09:00,J2,613,492,1105
2019-06-11T15:30:00+09:00,J3,883,897,1780
2019-06-11T15:30:00+09:00,J4,479,531,1010
2019-06-11T15:30:00+09:00,J5,472,522,994
2019-06-11T15:45:00+09:00,J1,654,800,1454
2019-06-11T15:45:00+09:00,J2,576,447,1023
2019-06-11T15:45:00+09:00,J3,857,838,1695
2019-06-11T15:45:00+09:00,J4,470,425,895
2019-06-11T15:45:00+09:00,J5,445,457,902
2019-06-11T16:00:00+09:00,J1,608,648,1256
2019-06-11T16:00:00+09:00,J2,581,373,954
2019-06-11T16:00:00+09:00,J3,820,855,1675
2019-06-11T16:00:00+09:00,J4,508,491,999
2019-06-11T16:00:00+09:00,J5,341,373,714
2019-06-11T16:15:00+09:00,J1,595,719,1314
2019-06-11T16:15:00+09:00,J2,561,392,953
2019-06-11T16:15:00+09:00,J3,787,859,1646
2019-06-11T16:15:00+09:00,J4,518,462,980
2019-06-11T16:15:00+09:00,J5,339,373,712
2019-06-11T16:30:00+09:00,J1,649,712,1361
2019-06-11T16:30:00+09:00,J2,509,392,901
2019-06-11T16:30:00+09:00,J3,841,785,1626
2019-06-11T16:30:00+09:00,J4,534,523,1057
2019-06-11T16:30:00+09:00,J5,460,429,889
2019-06-11T16:45:00+09:00,J1,612,737,1349
2019-06-11T16:45:00+09:00,J2,570,407,977
2019-06-11T16:45:00+09:00,J3,850,796,1646
2019-06-11T16:45:00+09:00,J4,495,477,972
2019-06-11T16:45:00+09:00,J5,414,398,812
2019-06-11T17:00:00+09:00,J1,757,860,1617
2019-06-11T17:00:00+09:00,J2,614,441,1055
2019-06-11T17:00:00+09:00,J3,929,830,1759
2019-06-11T17:00:00+09:00,J4,514,504,1018
2019-06-11T17:00:00+09:00,J5,492,496,988
2019-06-11T17:15:00+09:00,J1,832,920,1752
2019-06-11T17:15:00+09:00,J2,693,507,1200
2019-06-11T17:15:00+09:00,J3,925,923,1848
2019-06-11T17:15:00+09:00,J4,620,547,1167
2019-06-11T17:15:00+09:00,J5,454,460,914
2019-06-11T17:30:00+09:00,J1,856,954,1810
2019-06-11T17:30:00+09:00,J2,742,584,1326
2019-06-11T17:30:00+09:00,J3,1002,978,1980
2019-06-11T17:30:00+09:00,J4,738,603,1341
2019-06-11T17:30:00+09:00,J5,357,395,752
2019-06-11T17:45:00+09:00,J1,859,987,1846
2019-06-11T17:45:00+09:00,J2,807,654,1461
2019-06-11T17:45:00+09:00,J3,978,975,1953
2019-06-11T17:45:00+09:00,J4,795,572,1367
2019-06-11T17:45:00+09:00,J5,399,400,799
2019-06-11T18:00:00+09:00,J1,869,1045,1914
2019-06-11T18:00:00+09:00,J2,758,692,1450
2019-06-11T18:00:00+09:00,J3,1128,939,2067
2019-06-11T18:00:00+09:00,J4,863,654,1517
2019-06-11T18:00:00+09:00,J5,380,406,786
2019-06-11T18:15:00+09:00,J1,753,925,1678
2019-06-11T18:15:00+09:00,J2,837,633,1470
2019-06-11T18:15:00+09:00,J3,1065,885,1950
2019-06-11T18:15:00+09:00,J4,866,633,1499
2019-06-11T18:15:00+09:00,J5,391,462,853
2019-06-11T18:30:00+09:00,J1,650,868,1518
2019-06-11T18:30:00+09:00,J2,701,597,1298
2019-06-11T18:30:00+09:00,J3,968,886,1854
2019-06-11T18:30:00+09:00,J4,788,625,1413
2019-06-11T18:30:00+09:00,J5,419,406,825
2019-06-11T18:45:00+09:00,J1,662,785,1447
2019-06-11T18:45:00+09:00,J2,563,482,1045
2019-06-11T18:45:00+09:00,J3,886,715,1601
2019-06-11T18:45:00+09:00,J4,702,574,1276
2019-06-11T18:45:00+09:00,J5,417,372,789
2019-06-11T19:00:00+09:00,J1,573,797,1370
2019-06-11T19:00:00+09:00,J2,534,411,945
2019-06-11T19:00:00+09:00,J3,820,683,1503
2019-06-11T19:00:00+09:00,J4,839,716,1555
2019-06-11T19:00:00+09:00,J5,507,425,932
2019-06-11T19:15:00+09:00,J1,681,815,1496
2019-06-11T19:15:00+09:00,J2,553,418,971
2019-06-11T19:15:00+09:00,J3,875,680,1555
2019-06-11T19:15:00+09:00,J4,907,728,1635
2019-06-11T19:15:00+09:00,J5,454,502,956
2019-06-11T19:30:00+09:00,J1,617,769,1386
2019-06-11T19:30:00+09:00,J2,520,397,917
2019-06-11T19:30:00+09:00,J3,787,692,1479
2019-06-11T19:30:00+09:00,J4,943,796,1739
2019-06-11T19:30:00+09:00,J5,510,489,999
2019-06-11T19:45:00+09:00,J1,612,727,1339
2019-06-11T19:45:00+09:00,J2,508,342,850
2019-06-11T19:45:00+09:00,J3,738,652,1390
2019-06-11T19:45:00+09:00,J4,918,723,1641
2019-06-11T19:45:00+09:00,J5,511,501,1012
2019-06-11T20:00:00+09:00,J1,552,767,1319
2019-06-11T20:00:00+09:00,J2,446,424,870
2019-06-11T20:00:00+09:00,J3,663,664,1327
2019-06-11T20:00:00+09:00,J4,886,752,1638
2019-06-11T20:00:00+09:00,J5,536,553,1089
2019-06-11T20:15:00+09:00,J1,585,788,1373
2019-06-11T20:15:00+09:00,J2,415,396,811
2019-06-11T20:15:00+09:00,J3,645,550,1195
2019-06-11T20:15:00+09:00,J4,893,796,1689
2019-06-11T20:15:00+09:00,J5,434,419,853
2019-06-11T20:30:00+09:00,J1,609,671,1280
2019-06-11T20:30:00+09:00,J2,360,344,704
2019-06-11T20:30:00+09:00,J3,589,490,1079
2019-06-11T20:30:00+09:00,J4,923,745,1668
2019-06-11T20:30:00+09:00,J5,487,468,955
2019-06-11T20:45:00+09:00,J1,526,620,1146
2019-06-11T20:45:00+09:00,J2,368,373,741
2019-06-11T20:45:00+09:00,J3,496,491,987
2019-06-11T20:45:00+09:00,J4,849,688,1537
2019-06-11T20:45:00+09:00,J5,453,504,957
2019-06-11T21:00:00+09:00,J1,612,633,1245
2019-06-11T21:00:00+09:00,J2,371,389,760
2019-06-11T21:00:00+09:00,J3,512,434,946
2019-06-11T21:00:00+09:00,J4,847,726,1573
2019-06-11T21:00:00+09:00,J5,495,576,1071
2019-06-11T21:15:00+09:00,J1,591,717,1308
2019-06-11T21:15:00+09:00,J2,328,368,696
2019-06-11T21:15:00+09:00,J3,519,436,955
2019-06-11T21:15:00+09:00,J4,947,735,1682
2019-06-11T21:15:00+09:00,J5,515,525,1040
2019-06-11T21:30:00+09:00,J1,602,680,1282
2019-06-11T21:30:00+09:00,J2,278,354,632
2019-06-11T21:30:00+09:00,J3,505,479,984
2019-06-11T21:30:00+09:00,J4,850,795,1645
2019-06-11T21:30:00+09:00,J5,494,537,1031
2019-06-11T21:45:00+09:00,J1,553,621,1174
2019-06-11T21:45:00+09:00,J2,336,419,755
2019-06-11T21:45:00+09:00,J3,455,455,910
2019-06-11T21:45:00+09:00,J4,829,770,1599
2019-06-11T21:45:00+09:00,J5,492,587,1079
2019-06-11T22:00:00+09:00,J1,547,561,1108
2019-06-11T22:00:00+09:00,J2,321,369,690
2019-06-11T22:00:00+09:00,J3,433,435,868
2019-06-11T22:00:00+09:00,J4,967,948,1915
2019-06-11T22:00:00+09:00,J5,470,548,1018
2019-06-11T22:15:00+09:00,J1,523,592,1115
2019-06-11T22:15:00+09:00,J2,284,371,655
2019-06-11T22:15:00+09:00,J3,433,403,836
2019-06-11T22:15:00+09:00,J4,901,877,1778
2019-06-11T22:15:00+09:00,J5,545,574,1119
2019-06-11T22:30:00+09:00,J1,600,634,1234
2019-06-11T22:30:00+09:00,J2,320,408,728
2019-06-11T22:30:00+09:00,J3,434,366,800
2019-06-11T22:30:00+09:00,J4,940,866,1806
2019-06-11T22:30:00+09:00,J5,534,548,1082
2019-06-11T22:45:00+09:00,J1,501,548,1049
2019-06-11T22:45:00+09:00,J2,329,389,718
2019-06-11T22:45:00+09:00,J3,420,376,796
2019-06-11T22:45:00+09:00,J4,868,902,1770
2019-06-11T22:45:00+09:00,J5,396,450,846
2019-06-11T23:00:00+09:00,J1,533,551,1084
2019-06-11T23:00:00+09:00,J2,312,315,627
2019-06-11T23:00:00+09:00,J3,376,334,710
2019-06-11T23:00:00+09:00,J4,863,809,1672
2019-06-11T23:00:00+09:00,J5,370,398,768
2019-06-11T23:15:00+09:00,J1,487,514,1001
2019-06-11T23:15:00+09:00,J2,262,340,602
2019-06-11T23:15:00+09:00,J3,410,290,700
2019-06-11T23:15:00+09:00,J4,967,965,1932
2019-06-11T23:15:00+09:00,J5,418,427,845
2019-06-11T23:30:00+09:00,J1,429,459,888
2019-06-11T23:30:00+09:00,J2,281,334,615
2019-06-11T23:30:00+09:00,J3,402,334,736
2019-06-11T23:30:00+09:00,J4,761,793,1554
2019-06-11T23:30:00+09:00,J5,380,375,755
2019-06-11T23:45:00+09:00,J1,409,425,834
2019-06-11T23:45:00+09:00,J2,311,327,638
2019-06-11T23:45:00+09:00,J3,403,329,732
2019-06-11T23:45:00+09:00,J4,740,752,1492
2019-06-11T23:45:00+09:00,J5,360,409,769
2019-06-12T00:00:00+09:00,J1,358,382,740
2019-06-12T00:00:00+09:00,J2,313,271,584
2019-06-12T00:00:00+09:00,J3,369,323,692
2019-06-12T00:00:00+09:00,J4,707,720,1427
2019-06-12T00:00:00+09:00,J5,402,458,860
2019-06-12T00:15:00+09:00,J1,213,205,418
2019-06-12T00:15:00+09:00,J2,328,330,658
2019-06-12T00:15:00+09:00,J3,461,444,905
2019-06-12T00:15:00+09:00,J4,278,316,594
2019-06-12T00:15:00+09:00,J5,235,263,498
2019-06-12T00:30:00+09:00,J1,243,195,438
2019-06-12T00:30:00+09:00,J2,378,339,717
2019-06-12T00:30:00+09:00,J3,551,498,1049
2019-06-12T00:30:00+09:00,J4,311,341,652
2019-06-12T00:30:00+09:00,J5,160,133,293
2019-06-12T00:45:00+09:00,J1,237,203,440
2019-06-12T00:45:00+09:00,J2,436,402,838
2019-06-12T00:45:00+09:00,J3,515,425,940
2019-06-12T00:45:00+09:00,J4,307,300,607
2019-06-12T00:45:00+09:00,J5,144,142,286
2019-06-12T05:45:00+09:00,J1,233,248,481
2019-06-12T05:45:00+09:00,J2,411,326,737
2019-06-12T05:45:00+09:00,J3,423,386,809
2019-06-12T05:45:00+09:00,J4,520,538,1058
2019-06-12T05:45:00+09:00,J5,158,124,282
2019-06-12T06:00:00+09:00,J1,344,368,712
2019-06-12T06:00:00+09:00,J2,487,389,876
2019-06-12T06:00:00+09:00,J3,612,497,1109
2019-06-12T06:00:00+09:00,J4,563,592,1155
2019-06-12T06:00:00+09:00,J5,230,208,438
2019-06-12T06:15:00+09:00,J1,397,424,821
2019-06-12T06:15:00+09:00,J2,594,498,1092
2019-06-12T06:15:00+09:00,J3,599,553,1152
2019-06-12T06:15:00+09:00,J4,447,443,890
2019-06-12T06:15:00+09:00,J5,210,212,422
2019-06-12T06:30:00+09:00,J1,431,398,829
2019-06-12T06:30:00+09:00,J2,564,443,1007
2019-06-12T06:30:00+09:00,J3,593,549,1142
2019-06-12T06:30:00+09:00,J4,449,576,1025
2019-06-12T06:30:00+09:00,J5,226,241,467
2019-06-12T06:45:00+09:00,J1,454,383,837
2019-06-12T06:45:00+09:00,J2,564,421,985
2019-06-12T06:45:00+09:00,J3,577,537,1114
2019-06-12T06:45:00+09:00,J4,489,555,1044
2019-06-12T06:45:00+09:00,J5,207,194,401
2019-06-12T07:00:00+09:00,J1,472,386,858
2019-06-12T07:00:00+09:00,J2,454,405,859
2019-06-12T07:00:00+09:00,J3,549,514,1063
2019-06-12T07:00:00+09:00,J4,559,639,1198
2019-06-12T07:00:00+09:00,J5,244,242,486
2019-06-12T07:15:00+09:00,J1,432,414,846
2019-06-12T07:15:00+09:00,J2,395,328,723
2019-06-12T07:15:00+09:00,J3,476,542,1018
2019-06-12T07:15:00+09:00,J4,594,748,1342
2019-06-12T07:15:00+09:00,J5,304,336,640
2019-06-12T07:30:00+09:00,J1,498,430,928
2019-06-12T07:30:00+09:00,J2,384,326,710
2019-06-12T07:30:00+09:00,J3,507,523,1030
2019-06-12T07:30:00+09:00,J4,575,709,1284
2019-06-12T07:30:00+09:00,J5,397,436,833
2019-06-12T07:45:00+09:00,J1,679,538,1217
2019-06-12T07:45:00+09:00,J2,552,342,894
2019-06-12T07:45:00+09:00,J3,574,585,1159
2019-06-12T07:45:00+09:00,J4,637,856,1493
2019-06-12T07:45:00+09:00,J5,461,518,979
2019-06-12T08:00:00+09:00,J1,1027,700,1727
2019-06-12T08:00:00+09:00,J2,668,441,1109
2019-06-12T08:00:00+09:00,J3,760,823,1583
2019-06-12T08:00:00+09:00,J4,784,981,1765
2019-06-12T08:00:00+09:00,J5,430,425,855
2019-06-12T08:15:00+09:00,J1,1194,716,1910
2019-06-12T08:15:00+09:00,J2,805,489,1294
2019-06-12T08:15:00+09:00,J3,721,916,1637
2019-06-12T08:15:00+09:00,J4,931,1177,2108
2019-06-12T08:15:00+09:00,J5,332,360,692
2019-06-12T08:30:00+09:00,J1,1110,774,1884
2019-06-12T08:30:00+09:00,J2,756,481,1237
2019-06-12T08:30:00+09:00,J3,704,927,1631
2019-06-12T08:30:00+09:00,J4,941,1166,2107
2019-06-12T08:30:00+09:00,J5,371,393,764
2019-06-12T08:45:00+09:00,J1,939,693,1632
2019-06-12T08:45:00+09:00,J2,646,422,1068
2019-06-12T08:45:00+09:00,J3,629,732,1361
2019-06-12T08:45:00+09:00,J4,886,969,1855
2019-06-12T08:45:00+09:00,J5,379,392,771
2019-06-12T09:00:00+09:00,J1,670,640,1310
2019-06-12T09:00:00+09:00,J2,536,468,1004
2019-06-12T09:00:00+09:00,J3,600,581,1181
2019-06-12T09:00:00+09:00,J4,801,910,1711
2019-06-12T09:00:00+09:00,J5,445,522,967
2019-06-12T09:15:00+09:00,J1,681,585,1266
2019-06-12T09:15:00+09:00,J2,516,392,908
2019-06-12T09:15:00+09:00,J3,551,559,1110
2019-06-12T09:15:00+09:00,J4,759,918,1677
2019-06-12T09:15:00+09:00,J5,420,429,849
2019-06-12T09:30:00+09:00,J1,727,581,1308
2019-06-12T09:30:00+09:00,J2,551,440,991
2019-06-12T09:30:00+09:00,J3,563,510,1073
2019-06-12T09:30:00+09:00,J4,831,873,1704
2019-06-12T09:30:00+09:00,J5,449,495,944
2019-06-12T09:45:00+09:00,J1,655,550,1205
2019-06-12T09:45:00+09:00,J2,456,403,859
2019-06-12T09:45:00+09:00,J3,515,482,997
2019-06-12T09:45:00+09:00,J4,765,733,1498
2019-06-12T09:45:00+09:00,J5,479,516,995
2019-06-12T10:00:00+09:00,J1,635,579,1214
2019-06-12T10:00:00+09:00,J2,430,414,844
2019-06-12T10:00:00+09:00,J3,532,453,985
2019-06-12T10:00:00+09:00,J4,796,770,1566
2019-06-12T10:00:00+09:00,J5,407,450,857
2019-06-12T10:15:00+09:00,J1,649,606,1255
2019-06-12T10:15:00+09:00,J2,438,422,860
2019-06-12T10:15:00+09:00,J3,512,497,1009
2019-06-12T10:15:00+09:00,J4,753,866,1619
2019-06-12T10:15:00+09:00,J5,418,455,873
2019-06-12T10:30:00+09:00,J1,652,591,1243
2019-06-12T10:30:00+09:00,J2,452,404,856
2019-06-12T10:30:00+09:00,J3,518,563,1081
2019-06-12T10:30:00+09:00,J4,866,804,1670
2019-06-12T10:30:00+09:00,J5,468,451,919
2019-06-12T10:45:00+09:00,J1,646,570,1216
2019-06-12T10:45:00+09:00,J2,397,470,867
2019-06-12T10:45:00+09:00,J3,615,594,1209
2019-06-12T10:45:00+09:00,J4,768,754,1522
2019-06-12T10:45:00+09:00,J5,454,476,930
2019-06-12T11:00:00+09:00,J1,654,590,1244
2019-06-12T11:00:00+09:00,J2,395,517,912
2019-06-12T11:00:00+09:00,J3,644,646,1290
2019-06-12T11:00:00+09:00,J4,708,753,1461
2019-06-12T11:00:00+09:00,J5,396,414,810
2019-06-12T11:15:00+09:00,J1,681,641,1322
2019-06-12T11:15:00+09:00,J2,420,509,929
2019-06-12T11:15:00+09:00,J3,617,635,1252
2019-06-12T11:15:00+09:00,J4,642,683,1325
2019-06-12T11:15:00+09:00,J5,344,353,697
2019-06-12T11:30:00+09:00,J1,726,707,1433
2019-06-12T11:30:00+09:00,J2,463,532,995
2019-06-12T11:30:00+09:00,J3,582,651,1233
2019-06-12T11:30:00+09:00,J4,666,749,1415
2019-06-12T11:30:00+09:00,J5,338,345,683
2019-06-12T11:45:00+09:00,J1,704,703,1407
2019-06-12T11:45:00+09:00,J2,481,512,993
2019-06-12T11:45:00+09:00,J3,758,763,1521
2019-06-12T11:45:00+09:00,J4,665,667,1332
2019-06-12T11:45:00+09:00,J5,439,472,911
2019-06-12T12:00:00+09:00,J1,685,745,1430
2019-06-12T12:00:00+09:00,J2,552,554,1106
2019-06-12T12:00:00+09:00,J3,838,849,1687
2019-06-12T12:00:00+09:00,J4,716,720,1436
2019-06-12T12:00:00+09:00,J5,454,521,975
2019-06-12T12:15:00+09:00,J1,687,768,1455
2019-06-12T12:15:00+09:00,J2,572,510,1082
2019-06-12T12:15:00+09:00,J3,812,825,1637
2019-06-12T12:15:00+09:00,J4,674,677,1351
2019-06-12T12:15:00+09:00,J5,472,533,1005
2019-06-12T12:30:00+09:00,J1,748,804,1552
2019-06-12T12:30:00+09:00,J2,555,498,1053
2019-06-12T12:30:00+09:00,J3,740,794,1534
2019-06-12T12:30:00+09:00,J4,725,770,1495
2019-06-12T12:30:00+09:00,J5,472,441,913
2019-06-12T12:45:00+09:00,J1,731,771,1502
2019-06-12T12:45:00+09:00,J2,548,436,984
2019-06-12T12:45:00+09:00,J3,824,762,1586
2019-06-12T12:45:00+09:00,J4,658,781,1439
2019-06-12T12:45:00+09:00,J5,436,431,867
2019-06-12T13:00:00+09:00,J1,698,800,1498
2019-06-12T13:00:00+09:00,J2,516,478,994
2019-06-12T13:00:00+09:00,J3,777,844,1621
2019-06-12T13:00:00+09:00,J4,752,831,1583
2019-06-12T13:00:00+09:00,J5,517,514,1031
2019-06-12T13:15:00+09:00,J1,683,790,1473
2019-06-12T13:15:00+09:00,J2,544,464,1008
2019-06-12T13:15:00+09:00,J3,786,802,1588
2019-06-12T13:15:00+09:00,J4,735,727,1462
2019-06-12T13:15:00+09:00,J5,493,514,1007
2019-06-12T13:30:00+09:00,J1,644,745,1389
2019-06-12T13:30:00+09:00,J2,549,419,968
2019-06-12T13:30:00+09:00,J3,753,823,1576
2019-06-12T13:30:00+09:00,J4,752,771,1523
2019-06-12T13:30:00+09:00,J5,457,504,961
2019-06-12T13:45:00+09:00,J1,644,681,1325
2019-06-12T13:45:00+09:00,J2,457,392,849
2019-06-12T13:45:00+09:00,J3,725,820,1545
2019-06-12T13:45:00+09:00,J4,821,812,1633
2019-06-12T13:45:00+09:00,J5,474,559,1033
2019-06-12T14:00:00+09:00,J1,707,754,1461
2019-06-12T14:00:00+09:00,J2,492,446,938
2019-06-12T14:00:00+09:00,J3,790,815,1605
2019-06-12T14:00:00+09:00,J4,844,825,1669
2019-06-12T14:00:00+09:00,J5,450,492,942
2019-06-12T14:15:00+09:00,J1,669,778,1447
2019-06-12T14:15:00+09:00,J2,500,437,937
2019-06-12T14:15:00+09:00,J3,757,834,1591
2019-06-12T14:15:00+09:00,J4,722,751,1473
2019-06-12T14:15:00+09:00,J5,507,515,1022
2019-06-12T14:30:00+09:00,J1,679,742,1421
2019-06-12T14:30:00+09:00,J2,469,474,943
2019-06-12T14:30:00+09:00,J3,839,846,1685
2019-06-12T14:30:00+09:00,J4,824,797,1621
2019-06-12T14:30:00+09:00,J5,506,528,1034
2019-06-12T14:45:00+09:00,J1,637,740,1377
2019-06-12T14:45:00+09:00,J2,556,471,1027
2019-06-12T14:45:00+09:00,J3,751,773,1524
2019-06-12T14:45:00+09:00,J4,817,774,1591
2019-06-12T14:45:00+09:00,J5,389,462,851
2019-06-12T15:00:00+09:00,J1,676,761,1437
2019-06-12T15:00:00+09:00,J2,551,507,1058
2019-06-12T15:00:00+09:00,J3,812,850,1662
2019-06-12T15:00:00+09:00,J4,781,827,1608
2019-06-12T15:00:00+09:00,J5,496,532,1028
2019-06-12T15:15:00+09:00,J1,698,794,1492
2019-06-12T15:15:00+09:00,J2,521,465,986
2019-06-12T15:15:00+09:00,J3,787,800,1587
2019-06-12T15:15:00+09:00,J4,723,735,1458
2019-06-12T15:15:00+09:00,J5,466,470,936
2019-06-12T15:30:00+09:00,J1,697,717,1414
2019-06-12T15:30:00+09:00,J2,473,426,899
2019-06-12T15:30:00+09:00,J3,843,792,1635
2019-06-12T15:30:00+09:00,J4,747,740,1487
2019-06-12T15:30:00+09:00,J5,423,496,919
2019-06-12T15:45:00+09:00,J1,716,699,1415
2019-06-12T15:45:00+09:00,J2,485,450,935
2019-06-12T15:45:00+09:00,J3,780,830,1610
2019-06-12T15:45:00+09:00,J4,676,708,1384
2019-06-12T15:45:00+09:00,J5,427,496,923
2019-06-12T16:00:00+09:00,J1,675,740,1415
2019-06-12T16:00:00+09:00,J2,455,493,948
2019-06-12T16:00:00+09:00,J3,734,790,1524
2019-06-12T16:00:00+09:00,J4,761,797,1558
2019-06-12T16:00:00+09:00,J5,500,500,1000
2019-06-12T16:15:00+09:00,J1,683,837,1520
2019-06-12T16:15:00+09:00,J2,538,480,1018
2019-06-12T16:15:00+09:00,J3,789,749,1538
2019-06-12T16:15:00+09:00,J4,716,801,1517
2019-06-12T16:15:00+09:00,J5,501,540,1041
2019-06-12T16:30:00+09:00,J1,761,840,1601
2019-06-12T16:30:00+09:00,J2,612,467,1079
2019-06-12T16:30:00+09:00,J3,866,791,1657
2019-06-12T16:30:00+09:00,J4,628,705,1333
2019-06-12T16:30:00+09:00,J5,480,514,994
2019-06-12T16:45:00+09:00,J1,771,745,1516
2019-06-12T16:45:00+09:00,J2,602,480,1082
2019-06-12T16:45:00+09:00,J3,872,827,1699
2019-06-12T16:45:00+09:00,J4,684,705,1389
2019-06-12T16:45:00+09:00,J5,546,533,1079
2019-06-12T17:00:00+09:00,J1,787,965,1752
2019-06-12T17:00:00+09:00,J2,646,564,1210
2019-06-12T17:00:00+09:00,J3,1008,769,1777
2019-06-12T17:00:00+09:00,J4,758,754,1512
2019-06-12T17:00:00+09:00,J5,498,495,993
2019-06-12T17:15:00+09:00,J1,763,948,1711
2019-06-12T17:15:00+09:00,J2,689,534,1223
2019-06-12T17:15:00+09:00,J3,978,858,1836
2019-06-12T17:15:00+09:00,J4,752,685,1437
2019-06-12T17:15:00+09:00,J5,512,584,1096
2019-06-12T17:30:00+09:00,J1,861,1081,1942
2019-06-12T17:30:00+09:00,J2,773,629,1402
2019-06-12T17:30:00+09:00,J3,1022,951,1973
2019-06-12T17:30:00+09:00,J4,826,758,1584
2019-06-12T17:30:00+09:00,J5,443,479,922
2019-06-12T17:45:00+09:00,J1,895,1101,1996
2019-06-12T17:45:00+09:00,J2,787,573,1360
2019-06-12T17:45:00+09:00,J3,1019,880,1899
2019-06-12T17:45:00+09:00,J4,857,777,1634
2019-06-12T17:45:00+09:00,J5,416,508,924
2019-06-12T18:00:00+09:00,J1,885,1162,2047
2019-06-12T18:00:00+09:00,J2,836,636,1472
2019-06-12T18:00:00+09:00,J3,1045,903,1948
2019-06-12T18:00:00+09:00,J4,922,740,1662
2019-06-12T18:00:00+09:00,J5,445,537,982
2019-06-12T18:15:00+09:00,J1,869,1093,1962
2019-06-12T18:15:00+09:00,J2,791,607,1398
2019-06-12T18:15:00+09:00,J3,1025,941,1966
2019-06-12T18:15:00+09:00,J4,908,750,1658
2019-06-12T18:15:00+09:00,J5,416,458,874
2019-06-12T18:30:00+09:00,J1,829,955,1784
2019-06-12T18:30:00+09:00,J2,695,523,1218
2019-06-12T18:30:00+09:00,J3,962,834,1796
2019-06-12T18:30:00+09:00,J4,872,766,1638
2019-06-12T18:30:00+09:00,J5,396,407,803
2019-06-12T18:45:00+09:00,J1,740,884,1624
2019-06-12T18:45:00+09:00,J2,536,499,1035
2019-06-12T18:45:00+09:00,J3,823,718,1541
2019-06-12T18:45:00+09:00,J4,858,680,1538
2019-06-12T18:45:00+09:00,J5,398,381,779
2019-06-12T19:00:00+09:00,J1,745,873,1618
2019-06-12T19:00:00+09:00,J2,539,519,1058
2019-06-12T19:00:00+09:00,J3,824,646,1470
2019-06-12T19:00:00+09:00,J4,915,704,1619
2019-06-12T19:00:00+09:00,J5,422,467,889
2019-06-12T19:15:00+09:00,J1,799,923,1722
2019-06-12T19:15:00+09:00,J2,524,418,942
2019-06-12T19:15:00+09:00,J3,714,700,1414
2019-06-12T19:15:00+09:00,J4,828,706,1534
2019-06-12T19:15:00+09:00,J5,430,472,902
2019-06-12T19:30:00+09:00,J1,860,981,1841
2019-06-12T19:30:00+09:00,J2,529,454,983
2019-06-12T19:30:00+09:00,J3,682,724,1406
2019-06-12T19:30:00+09:00,J4,899,738,1637
2019-06-12T19:30:00+09:00,J5,442,443,885
2019-06-12T19:45:00+09:00,J1,770,859,1629
2019-06-12T19:45:00+09:00,J2,406,484,890
2019-06-12T19:45:00+09:00,J3,561,650,1211
2019-06-12T19:45:00+09:00,J4,882,814,1696
2019-06-12T19:45:00+09:00,J5,445,420,865
2019-06-12T20:00:00+09:00,J1,920,961,1881
2019-06-12T20:00:00+09:00,J2,534,527,1061
2019-06-12T20:00:00+09:00,J3,672,679,1351
2019-06-12T20:00:00+09:00,J4,988,838,1826
2019-06-12T20:00:00+09:00,J5,400,419,819
2019-06-12T20:15:00+09:00,J1,949,990,1939
2019-06-12T20:15:00+09:00,J2,651,604,1255
2019-06-12T20:15:00+09:00,J3,854,742,1596
2019-06-12T20:15:00+09:00,J4,1065,810,1875
2019-06-12T20:15:00+09:00,J5,534,494,1028
2019-06-12T20:30:00+09:00,J1,866,940,1806
2019-06-12T20:30:00+09:00,J2,520,500,1020
2019-06-12T20:30:00+09:00,J3,712,604,1316
2019-06-12T20:30:00+09:00,J4,907,738,1645
2019-06-12T20:30:00+09:00,J5,473,486,959
2019-06-12T20:45:00+09:00,J1,796,840,1636
2019-06-12T20:45:00+09:00,J2,488,514,1002
2019-06-12T20:45:00+09:00,J3,657,669,1326
2019-06-12T20:45:00+09:00,J4,988,757,1745
2019-06-12T20:45:00+09:00,J5,513,566,1079
2019-06-12T21:00:00+09:00,J1,808,951,1759
2019-06-12T21:00:00+09:00,J2,453,478,931
2019-06-12T21:00:00+09:00,J3,673,657,1330
2019-06-12T21:00:00+09:00,J4,1011,869,1880
2019-06-12T21:00:00+09:00,J5,457,504,961
2019-06-12T21:15:00+09:00,J1,869,999,1868
2019-06-12T21:15:00+09:00,J2,547,519,1066
2019-06-12T21:15:00+09:00,J3,736,710,1446
2019-06-12T21:15:00+09:00,J4,1115,827,1942
2019-06-12T21:15:00+09:00,J5,405,462,867
2019-06-12T21:30:00+09:00,J1,831,958,1789
2019-06-12T21:30:00+09:00,J2,405,463,868
2019-06-12T21:30:00+09:00,J3,633,633,1266
2019-06-12T21:30:00+09:00,J4,1012,897,1909
2019-06-12T21:30:00+09:00,J5,426,444,870
2019-06-12T21:45:00+09:00,J1,762,866,1628
2019-06-12T21:45:00+09:00,J2,313,448,761
2019-06-12T21:45:00+09:00,J3,638,603,1241
2019-06-12T21:45:00+09:00,J4,898,815,1713
2019-06-12T21:45:00+09:00,J5,468,526,994
2019-06-12T22:00:00+09:00,J1,738,831,1569
2019-06-12T22:00:00+09:00,J2,341,380,721
2019-06-12T22:00:00+09:00,J3,568,480,1048
2019-06-12T22:00:00+09:00,J4,847,770,1617
2019-06-12T22:00:00+09:00,J5,480,533,1013
2019-06-12T22:15:00+09:00,J1,727,804,1531
2019-06-12T22:15:00+09:00,J2,294,407,701
2019-06-12T22:15:00+09:00,J3,471,508,979
2019-06-12T22:15:00+09:00,J4,848,773,1621
2019-06-12T22:15:00+09:00,J5,534,509,1043
2019-06-12T22:30:00+09:00,J1,718,854,1572
2019-06-12T22:30:00+09:00,J2,282,360,642
2019-06-12T22:30:00+09:00,J3,546,505,1051
2019-06-12T22:30:00+09:00,J4,799,738,1537
2019-06-12T22:30:00+09:00,J5,479,582,1061
2019-06-12T22:45:00+09:00,J1,648,722,1370
2019-06-12T22:45:00+09:00,J2,304,341,645
2019-06-12T22:45:00+09:00,J3,529,412,941
2019-06-12T22:45:00+09:00,J4,750,759,1509
2019-06-12T22:45:00+09:00,J5,273,323,596
2019-06-12T23:00:00+09:00,J1,630,685,1315
2019-06-12T23:00:00+09:00,J2,282,335,617
2019-06-12T23:00:00+09:00,J3,504,445,949
2019-06-12T23:00:00+09:00,J4,736,743,1479
2019-06-12T23:00:00+09:00,J5,230,255,485
2019-06-12T23:15:00+09:00,J1,581,678,1259
2019-06-12T23:15:00+09:00,J2,245,302,547
2019-06-12T23:15:00+09:00,J3,473,462,935
2019-06-12T23:15:00+09:00,J4,815,828,1643
2019-06-12T23:15:00+09:00,J5,313,307,620
2019-06-12T23:30:00+09:00,J1,678,759,1437
2019-06-12T23:30:00+09:00,J2,273,289,562
2019-06-12T23:30:00+09:00,J3,452,424,876
2019-06-12T23:30:00+09:00,J4,715,677,1392
2019-06-12T23:30:00+09:00,J5,317,320,637
2019-06-12T23:45:00+09:00,J1,548,596,1144
2019-06-12T23:45:00+09:00,J2,253,297,550
2019-06-12T23:45:00+09:00,J3,438,376,814
2019-06-12T23:45:00+09:00,J4,632,602,1234
2019-06-12T23:45:00+09:00,J5,322,350,672
2019-06-13T00:00:00+09:00,J1,560,586,1146
2019-06-13T00:00:00+09:00,J2,364,330,694
2019-06-13T00:00:00+09:00,J3,490,356,846
2019-06-13T00:00:00+09:00,J4,548,502,1050
2019-06-13T00:00:00+09:00,J5,360,413,773
2019-06-13T00:15:00+09:00,J1,313,298,611
2019-06-13T00:15:00+09:00,J2,260,284,544
2019-06-13T00:15:00+09:00,J3,413,388,801
2019-06-13T00:15:00+09:00,J4,332,295,627
2019-06-13T00:15:00+09:00,J5,310,374,684
2019-06-13T00:30:00+09:00,J1,178,212,390
2019-06-13T00:30:00+09:00,J2,313,306,619
2019-06-13T00:30:00+09:00,J3,559,471,1030
2019-06-13T00:30:00+09:00,J4,325,335,660
2019-06-13T00:30:00+09:00,J5,194,186,380
2019-06-13T00:45:00+09:00,J1,220,224,444
2019-06-13T00:45:00+09:00,J2,278,262,540
2019-06-13T00:45:00+09:00,J3,547,518,1065
2019-06-13T00:45:00+09:00,J4,291,365,656
2019-06-13T00:45:00+09:00,J5,143,159,302
2019-06-13T05:45:00+09:00,J1,215,292,507
2019-06-13T05:45:00+09:00,J2,549,493,1042
2019-06-13T05:45:00+09:00,J3,456,459,915
2019-06-13T05:45:00+09:00,J4,563,579,1142
2019-06-13T05:45:00+09:00,J5,191,178,369
2019-06-13T06:00:00+09:00,J1,412,404,816
2019-06-13T06:00:00+09:00,J2,583,540,1123
2019-06-13T06:00:00+09:00,J3,503,546,1049
2019-06-13T06:00:00+09:00,J4,577,641,1218
2019-06-13T06:00:00+09:00,J5,183,230,413
2019-06-13T06:15:00+09:00,J1,459,469,928
2019-06-13T06:15:00+09:00,J2,503,423,926
2019-06-13T06:15:00+09:00,J3,529,501,1030
2019-06-13T06:15:00+09:00,J4,495,601,1096
2019-06-13T06:15:00+09:00,J5,212,237,449
2019-06-13T06:30:00+09:00,J1,529,493,1022
2019-06-13T06:30:00+09:00,J2,492,381,873
2019-06-13T06:30:00+09:00,J3,506,475,981
2019-06-13T06:30:00+09:00,J4,555,586,1141
2019-06-13T06:30:00+09:00,J5,193,196,389
2019-06-13T06:45:00+09:00,J1,616,583,1199
2019-06-13T06:45:00+09:00,J2,468,389,857
2019-06-13T06:45:00+09:00,J3,528,558,1086
2019-06-13T06:45:00+09:00,J4,543,625,1168
2019-06-13T06:45:00+09:00,J5,211,219,430
2019-06-13T07:00:00+09:00,J1,747,776,1523
2019-06-13T07:00:00+09:00,J2,601,498,1099
2019-06-13T07:00:00+09:00,J3,588,532,1120
2019-06-13T07:00:00+09:00,J4,678,728,1406
2019-06-13T07:00:00+09:00,J5,231,226,457
2019-06-13T07:15:00+09:00,J1,649,579,1228
2019-06-13T07:15:00+09:00,J2,595,444,1039
2019-06-13T07:15:00+09:00,J3,542,539,1081
2019-06-13T07:15:00+09:00,J4,646,768,1414
2019-06-13T07:15:00+09:00,J5,291,319,610
2019-06-13T07:30:00+09:00,J1,813,704,1517
2019-06-13T07:30:00+09:00,J2,484,468,952
2019-06-13T07:30:00+09:00,J3,606,599,1205
2019-06-13T07:30:00+09:00,J4,578,733,1311
2019-06-13T07:30:00+09:00,J5,417,434,851
2019-06-13T07:45:00+09:00,J1,853,760,1613
2019-06-13T07:45:00+09:00,J2,561,432,993
2019-06-13T07:45:00+09:00,J3,630,696,1326
2019-06-13T07:45:00+09:00,J4,671,892,1563
2019-06-13T07:45:00+09:00,J5,490,528,1018
2019-06-13T08:00:00+09:00,J1,1117,829,1946
2019-06-13T08:00:00+09:00,J2,703,454,1157
2019-06-13T08:00:00+09:00,J3,780,800,1580
2019-06-13T08:00:00+09:00,J4,696,1098,1794
2019-06-13T08:00:00+09:00,J5,446,484,930
2019-06-13T08:15:00+09:00,J1,1133,875,2008
2019-06-13T08:15:00+09:00,J2,799,549,1348
2019-06-13T08:15:00+09:00,J3,813,994,1807
2019-06-13T08:15:00+09:00,J4,849,1047,1896
2019-06-13T08:15:00+09:00,J5,366,421,787
2019-06-13T08:30:00+09:00,J1,1167,853,2020
2019-06-13T08:30:00+09:00,J2,819,496,1315
2019-06-13T08:30:00+09:00,J3,747,964,1711
2019-06-13T08:30:00+09:00,J4,904,1117,2021
2019-06-13T08:30:00+09:00,J5,341,342,683
2019-06-13T08:45:00+09:00,J1,935,777,1712
2019-06-13T08:45:00+09:00,J2,605,413,1018
2019-06-13T08:45:00+09:00,J3,668,779,1447
2019-06-13T08:45:00+09:00,J4,757,935,1692
2019-06-13T08:45:00+09:00,J5,341,381,722
2019-06-13T09:00:00+09:00,J1,862,761,1623
2019-06-13T09:00:00+09:00,J2,516,403,919
2019-06-13T09:00:00+09:00,J3,621,631,1252
2019-06-13T09:00:00+09:00,J4,656,709,1365
2019-06-13T09:00:00+09:00,J5,494,530,1024
2019-06-13T09:15:00+09:00,J1,829,649,1478
2019-06-13T09:15:00+09:00,J2,493,350,843
2019-06-13T09:15:00+09:00,J3,567,560,1127
2019-06-13T09:15:00+09:00,J4,714,793,1507
2019-06-13T09:15:00+09:00,J5,445,431,876
2019-06-13T09:30:00+09:00,J1,790,714,1504
2019-06-13T09:30:00+09:00,J2,536,445,981
2019-06-13T09:30:00+09:00,J3,586,604,1190
2019-06-13T09:30:00+09:00,J4,666,803,1469
2019-06-13T09:30:00+09:00,J5,427,481,908
2019-06-13T09:45:00+09:00,J1,666,659,1325
2019-06-13T09:45:00+09:00,J2,483,417,900
2019-06-13T09:45:00+09:00,J3,511,571,1082
2019-06-13T09:45:00+09:00,J4,600,759,1359
2019-06-13T09:45:00+09:00,J5,469,574,1043
2019-06-13T10:00:00+09:00,J1,707,729,1436
2019-06-13T10:00:00+09:00,J2,487,473,960
2019-06-13T10:00:00+09:00,J3,576,541,1117
2019-06-13T10:00:00+09:00,J4,631,661,1292
2019-06-13T10:00:00+09:00,J5,501,556,1057
2019-06-13T10:15:00+09:00,J1,750,757,1507
2019-06-13T10:15:00+09:00,J2,544,506,1050
2019-06-13T10:15:00+09:00,J3,560,594,1154
2019-06-13T10:15:00+09:00,J4,639,672,1311
2019-06-13T10:15:00+09:00,J5,461,566,1027
2019-06-13T10:30:00+09:00,J1,816,844,1660
2019-06-13T10:30:00+09:00,J2,540,520,1060
2019-06-13T10:30:00+09:00,J3,658,602,1260
2019-06-13T10:30:00+09:00,J4,775,798,1573
2019-06-13T10:30:00+09:00,J5,483,461,944
2019-06-13T10:45:00+09:00,J1,748,786,1534
2019-06-13T10:45:00+09:00,J2,508,488,996
2019-06-13T10:45:00+09:00,J3,579,585,1164
2019-06-13T10:45:00+09:00,J4,746,697,1443
2019-06-13T10:45:00+09:00,J5,453,476,929
2019-06-13T11:00:00+09:00,J1,795,865,1660
2019-06-13T11:00:00+09:00,J2,497,458,955
2019-06-13T11:00:00+09:00,J3,645,586,1231
2019-06-13T11:00:00+09:00,J4,762,672,1434
2019-06-13T11:00:00+09:00,J5,485,511,996
2019-06-13T11:15:00+09:00,J1,808,886,1694
2019-06-13T11:15:00+09:00,J2,471,496,967
2019-06-13T11:15:00+09:00,J3,563,585,1148
2019-06-13T11:15:00+09:00,J4,776,725,1501
2019-06-13T11:15:00+09:00,J5,436,439,875
2019-06-13T11:30:00+09:00,J1,815,838,1653
2019-06-13T11:30:00+09:00,J2,503,426,929
2019-06-13T11:30:00+09:00,J3,601,565,1166
2019-06-13T11:30:00+09:00,J4,791,802,1593
2019-06-13T11:30:00+09:00,J5,352,415,767
2019-06-13T11:45:00+09:00,J1,793,807,1600
2019-06-13T11:45:00+09:00,J2,468,483,951
2019-06-13T11:45:00+09:00,J3,631,535,1166
2019-06-13T11:45:00+09:00,J4,843,797,1640
2019-06-13T11:45:00+09:00,J5,341,407,748
2019-06-13T12:00:00+09:00,J1,802,853,1655
2019-06-13T12:00:00+09:00,J2,532,519,1051
2019-06-13T12:00:00+09:00,J3,662,598,1260
2019-06-13T12:00:00+09:00,J4,891,823,1714
2019-06-13T12:00:00+09:00,J5,479,538,1017
2019-06-13T12:15:00+09:00,J1,709,839,1548
2019-06-13T12:15:00+09:00,J2,503,557,1060
2019-06-13T12:15:00+09:00,J3,653,709,1362
2019-06-13T12:15:00+09:00,J4,909,863,1772
2019-06-13T12:15:00+09:00,J5,405,468,873
2019-06-13T12:30:00+09:00,J1,793,802,1595
2019-06-13T12:30:00+09:00,J2,501,515,1016
2019-06-13T12:30:00+09:00,J3,702,770,1472
2019-06-13T12:30:00+09:00,J4,805,732,1537
2019-06-13T12:30:00+09:00,J5,459,515,974
2019-06-13T12:45:00+09:00,J1,755,759,1514
2019-06-13T12:45:00+09:00,J2,467,470,937
2019-06-13T12:45:00+09:00,J3,665,727,1392
2019-06-13T12:45:00+09:00,J4,809,802,1611
2019-06-13T12:45:00+09:00,J5,416,411,827
2019-06-13T13:00:00+09:00,J1,769,815,1584
2019-06-13T13:00:00+09:00,J2,458,483,941
2019-06-13T13:00:00+09:00,J3,718,722,1440
2019-06-13T13:00:00+09:00,J4,805,833,1638
2019-06-13T13:00:00+09:00,J5,478,564,1042
2019-06-13T13:15:00+09:00,J1,802,877,1679
2019-06-13T13:15:00+09:00,J2,461,519,980
2019-06-13T13:15:00+09:00,J3,718,670,1388
2019-06-13T13:15:00+09:00,J4,782,806,1588
2019-06-13T13:15:00+09:00,J5,491,522,1013
2019-06-13T13:30:00+09:00,J1,859,925,1784
2019-06-13T13:30:00+09:00,J2,467,547,1014
2019-06-13T13:30:00+09:00,J3,687,671,1358
2019-06-13T13:30:00+09:00,J4,831,844,1675
2019-06-13T13:30:00+09:00,J5,500,545,1045
2019-06-13T13:45:00+09:00,J1,898,964,1862
2019-06-13T13:45:00+09:00,J2,453,540,993
2019-06-13T13:45:00+09:00,J3,627,711,1338
2019-06-13T13:45:00+09:00,J4,785,735,1520
2019-06-13T13:45:00+09:00,J5,497,540,1037
2019-06-13T14:00:00+09:00,J1,797,850,1647
2019-06-13T14:00:00+09:00,J2,487,517,1004
2019-06-13T14:00:00+09:00,J3,647,693,1340
2019-06-13T14:00:00+09:00,J4,716,751,1467
2019-06-13T14:00:00+09:00,J5,457,538,995
2019-06-13T14:15:00+09:00,J1,728,824,1552
2019-06-13T14:15:00+09:00,J2,463,555,1018
2019-06-13T14:15:00+09:00,J3,642,689,1331
2019-06-13T14:15:00+09:00,J4,737,870,1607
2019-06-13T14:15:00+09:00,J5,464,538,1002
2019-06-13T14:30:00+09:00,J1,768,849,1617
2019-06-13T14:30:00+09:00,J2,484,509,993
2019-06-13T14:30:00+09:00,J3,682,715,1397
2019-06-13T14:30:00+09:00,J4,822,763,1585
2019-06-13T14:30:00+09:00,J5,493,549,1042
2019-06-13T14:45:00+09:00,J1,772,861,1633
2019-06-13T14:45:00+09:00,J2,507,500,1007
2019-06-13T14:45:00+09:00,J3,698,650,1348
2019-06-13T14:45:00+09:00,J4,794,828,1622
2019-06-13T14:45:00+09:00,J5,454,531,985
2019-06-13T15:00:00+09:00,J1,798,1014,1812
2019-06-13T15:00:00+09:00,J2,481,580,1061
2019-06-13T15:00:00+09:00,J3,688,647,1335
2019-06-13T15:00:00+09:00,J4,830,808,1638
2019-06-13T15:00:00+09:00,J5,503,548,1051
2019-06-13T15:15:00+09:00,J1,911,1115,2026
2019-06-13T15:15:00+09:00,J2,471,582,1053
2019-06-13T15:15:00+09:00,J3,697,681,1378
2019-06-13T15:15:00+09:00,J4,952,833,1785
2019-06-13T15:15:00+09:00,J5,500,579,1079
2019-06-13T15:30:00+09:00,J1,905,1035,1940
2019-06-13T15:30:00+09:00,J2,510,532,1042
2019-06-13T15:30:00+09:00,J3,701,763,1464
2019-06-13T15:30:00+09:00,J4,887,910,1797
2019-06-13T15:30:00+09:00,J5,468,576,1044
2019-06-13T15:45:00+09:00,J1,843,940,1783
2019-06-13T15:45:00+09:00,J2,498,562,1060
2019-06-13T15:45:00+09:00,J3,678,775,1453
2019-06-13T15:45:00+09:00,J4,825,829,1654
2019-06-13T15:45:00+09:00,J5,508,516,1024
2019-06-13T16:00:00+09:00,J1,721,800,1521
2019-06-13T16:00:00+09:00,J2,467,503,970
2019-06-13T16:00:00+09:00,J3,688,659,1347
2019-06-13T16:00:00+09:00,J4,790,812,1602
2019-06-13T16:00:00+09:00,J5,492,527,1019
2019-06-13T16:15:00+09:00,J1,752,953,1705
2019-06-13T16:15:00+09:00,J2,511,566,1077
2019-06-13T16:15:00+09:00,J3,639,664,1303
2019-06-13T16:15:00+09:00,J4,827,814,1641
2019-06-13T16:15:00+09:00,J5,470,511,981
2019-06-13T16:30:00+09:00,J1,795,914,1709
2019-06-13T16:30:00+09:00,J2,501,612,1113
2019-06-13T16:30:00+09:00,J3,687,655,1342
2019-06-13T16:30:00+09:00,J4,962,856,1818
2019-06-13T16:30:00+09:00,J5,456,530,986
2019-06-13T16:45:00+09:00,J1,722,821,1543
2019-06-13T16:45:00+09:00,J2,491,529,1020
2019-06-13T16:45:00+09:00,J3,757,732,1489
2019-06-13T16:45:00+09:00,J4,770,789,1559
2019-06-13T16:45:00+09:00,J5,538,577,1115
2019-06-13T17:00:00+09:00,J1,873,935,1808
2019-06-13T17:00:00+09:00,J2,504,620,1124
2019-06-13T17:00:00+09:00,J3,844,904,1748
2019-06-13T17:00:00+09:00,J4,869,841,1710
2019-06-13T17:00:00+09:00,J5,511,590,1101
2019-06-13T17:15:00+09:00,J1,868,1020,1888
2019-06-13T17:15:00+09:00,J2,480,688,1168
2019-06-13T17:15:00+09:00,J3,773,876,1649
2019-06-13T17:15:00+09:00,J4,788,844,1632
2019-06-13T17:15:00+09:00,J5,514,568,1082
2019-06-13T17:30:00+09:00,J1,932,1144,2076
2019-06-13T17:30:00+09:00,J2,626,713,1339
2019-06-13T17:30:00+09:00,J3,875,894,1769
2019-06-13T17:30:00+09:00,J4,880,786,1666
2019-06-13T17:30:00+09:00,J5,499,606,1105
2019-06-13T17:45:00+09:00,J1,985,1113,2098
2019-06-13T17:45:00+09:00,J2,554,721,1275
2019-06-13T17:45:00+09:00,J3,871,837,1708
2019-06-13T17:45:00+09:00,J4,936,874,1810
2019-06-13T17:45:00+09:00,J5,468,575,1043
2019-06-13T18:00:00+09:00,J1,966,1120,2086
2019-06-13T18:00:00+09:00,J2,595,776,1371
2019-06-13T18:00:00+09:00,J3,852,825,1677
2019-06-13T18:00:00+09:00,J4,1010,813,1823
2019-06-13T18:00:00+09:00,J5,469,579,1048
2019-06-13T18:15:00+09:00,J1,950,1183,2133
2019-06-13T18:15:00+09:00,J2,609,759,1368
2019-06-13T18:15:00+09:00,J3,859,796,1655
2019-06-13T18:15:00+09:00,J4,964,773,1737
2019-06-13T18:15:00+09:00,J5,465,526,991
2019-06-13T18:30:00+09:00,J1,845,948,1793
2019-06-13T18:30:00+09:00,J2,561,618,1179
2019-06-13T18:30:00+09:00,J3,769,705,1474
2019-06-13T18:30:00+09:00,J4,953,764,1717
2019-06-13T18:30:00+09:00,J5,419,439,858
2019-06-13T18:45:00+09:00,J1,791,878,1669
2019-06-13T18:45:00+09:00,J2,556,554,1110
2019-06-13T18:45:00+09:00,J3,672,635,1307
2019-06-13T18:45:00+09:00,J4,986,735,1721
2019-06-13T18:45:00+09:00,J5,419,459,878
2019-06-13T19:00:00+09:00,J1,721,867,1588
2019-06-13T19:00:00+09:00,J2,476,549,1025
2019-06-13T19:00:00+09:00,J3,699,657,1356
2019-06-13T19:00:00+09:00,J4,995,755,1750
2019-06-13T19:00:00+09:00,J5,503,570,1073
2019-06-13T19:15:00+09:00,J1,789,938,1727
2019-06-13T19:15:00+09:00,J2,475,502,977
2019-06-13T19:15:00+09:00,J3,712,586,1298
2019-06-13T19:15:00+09:00,J4,1033,789,1822
2019-06-13T19:15:00+09:00,J5,466,490,956
2019-06-13T19:30:00+09:00,J1,798,860,1658
2019-06-13T19:30:00+09:00,J2,412,498,910
2019-06-13T19:30:00+09:00,J3,669,557,1226
2019-06-13T19:30:00+09:00,J4,951,774,1725
2019-06-13T19:30:00+09:00,J5,447,550,997
2019-06-13T19:45:00+09:00,J1,637,740,1377
2019-06-13T19:45:00+09:00,J2,386,490,876
2019-06-13T19:45:00+09:00,J3,605,526,1131
2019-06-13T19:45:00+09:00,J4,803,763,1566
2019-06-13T19:45:00+09:00,J5,444,456,900
2019-06-13T20:00:00+09:00,J1,632,753,1385
2019-06-13T20:00:00+09:00,J2,368,426,794
2019-06-13T20:00:00+09:00,J3,586,494,1080
2019-06-13T20:00:00+09:00,J4,796,706,1502
2019-06-13T20:00:00+09:00,J5,417,470,887
2019-06-13T20:15:00+09:00,J1,635,706,1341
2019-06-13T20:15:00+09:00,J2,379,431,810
2019-06-13T20:15:00+09:00,J3,597,496,1093
2019-06-13T20:15:00+09:00,J4,866,679,1545
2019-06-13T20:15:00+09:00,J5,437,467,904
2019-06-13T20:30:00+09:00,J1,590,680,1270
2019-06-13T20:30:00+09:00,J2,400,385,785
2019-06-13T20:30:00+09:00,J3,591,466,1057
2019-06-13T20:30:00+09:00,J4,765,656,1421
2019-06-13T20:30:00+09:00,J5,424,487,911
2019-06-13T20:45:00+09:00,J1,581,650,1231
2019-06-13T20:45:00+09:00,J2,381,407,788
2019-06-13T20:45:00+09:00,J3,493,428,921
2019-06-13T20:45:00+09:00,J4,703,729,1432
2019-06-13T20:45:00+09:00,J5,497,537,1034
2019-06-13T21:00:00+09:00,J1,584,658,1242
2019-06-13T21:00:00+09:00,J2,360,371,731
2019-06-13T21:00:00+09:00,J3,553,416,969
2019-06-13T21:00:00+09:00,J4,824,770,1594
2019-06-13T21:00:00+09:00,J5,463,576,1039
2019-06-13T21:15:00+09:00,J1,622,693,1315
2019-06-13T21:15:00+09:00,J2,381,364,745
2019-06-13T21:15:00+09:00,J3,580,433,1013
2019-06-13T21:15:00+09:00,J4,878,685,1563
2019-06-13T21:15:00+09:00,J5,469,506,975
2019-06-13T21:30:00+09:00,J1,645,642,1287
2019-06-13T21:30:00+09:00,J2,343,282,625
2019-06-13T21:30:00+09:00,J3,540,425,965
2019-06-13T21:30:00+09:00,J4,744,708,1452
2019-06-13T21:30:00+09:00,J5,453,538,991
2019-06-13T21:45:00+09:00,J1,670,699,1369
2019-06-13T21:45:00+09:00,J2,310,291,601
2019-06-13T21:45:00+09:00,J3,502,430,932
2019-06-13T21:45:00+09:00,J4,837,699,1536
2019-06-13T21:45:00+09:00,J5,506,544,1050
2019-06-13T22:00:00+09:00,J1,554,610,1164
2019-06-13T22:00:00+09:00,J2,301,376,677
2019-06-13T22:00:00+09:00,J3,487,462,949
2019-06-13T22:00:00+09:00,J4,837,849,1686
2019-06-13T22:00:00+09:00,J5,475,516,991
2019-06-13T22:15:00+09:00,J1,485,532,1017
2019-06-13T22:15:00+09:00,J2,275,339,614
2019-06-13T22:15:00+09:00,J3,435,419,854
2019-06-13T22:15:00+09:00,J4,991,866,1857
2019-06-13T22:15:00+09:00,J5,540,584,1124
2019-06-13T22:30:00+09:00,J1,512,541,1053
2019-06-13T22:30:00+09:00,J2,325,340,665
2019-06-13T22:30:00+09:00,J3,458,423,881
2019-06-13T22:30:00+09:00,J4,1002,964,1966
2019-06-13T22:30:00+09:00,J5,492,605,1097
2019-06-13T22:45:00+09:00,J1,530,591,1121
2019-06-13T22:45:00+09:00,J2,330,311,641
2019-06-13T22:45:00+09:00,J3,486,420,906
2019-06-13T22:45:00+09:00,J4,822,827,1649
2019-06-13T22:45:00+09:00,J5,281,296,577
2019-06-13T23:00:00+09:00,J1,478,523,1001
2019-06-13T23:00:00+09:00,J2,314,299,613
2019-06-13T23:00:00+09:00,J3,456,418,874
2019-06-13T23:00:00+09:00,J4,863,854,1717
2019-06-13T23:00:00+09:00,J5,202,236,438
2019-06-13T23:15:00+09:00,J1,501,553,1054
2019-06-13T23:15:00+09:00,J2,258,317,575
2019-06-13T23:15:00+09:00,J3,500,476,976
2019-06-13T23:15:00+09:00,J4,940,827,1767
2019-06-13T23:15:00+09:00,J5,214,235,449
2019-06-13T23:30:00+09:00,J1,497,498,995
2019-06-13T23:30:00+09:00,J2,282,329,611
2019-06-13T23:30:00+09:00,J3,498,456,954
2019-06-13T23:30:00+09:00,J4,799,744,1543
2019-06-13T23:30:00+09:00,J5,241,241,482
2019-06-13T23:45:00+09:00,J1,362,413,775
2019-06-13T23:45:00+09:00,J2,274,299,573
2019-06-13T23:45:00+09:00,J3,410,343,753
2019-06-13T23:45:00+09:00,J4,867,879,1746
2019-06-13T23:45:00+09:00,J5,229,210,439
2019-06-14T00:00:00+09:00,J1,260,305,565
2019-06-14T00:00:00+09:00,J2,288,236,524
2019-06-14T00:00:00+09:00,J3,457,321,778
2019-06-14T00:00:00+09:00,J4,810,746,1556
2019-06-14T00:00:00+09:00,J5,172,170,342
2019-06-14T00:15:00+09:00,J1,247,228,475
2019-06-14T00:15:00+09:00,J2,243,241,484
2019-06-14T00:15:00+09:00,J3,421,394,815
2019-06-14T00:15:00+09:00,J4,547,442,989
2019-06-14T00:15:00+09:00,J5,285,334,619
2019-06-14T00:30:00+09:00,J1,240,227,467
2019-06-14T00:30:00+09:00,J2,333,289,622
2019-06-14T00:30:00+09:00,J3,616,463,1079
2019-06-14T00:30:00+09:00,J4,334,324,658
2019-06-14T00:30:00+09:00,J5,244,237,481
2019-06-14T00:45:00+09:00,J1,238,227,465
2019-06-14T00:45:00+09:00,J2,402,361,763
2019-06-14T00:45:00+09:00,J3,644,468,1112
2019-06-14T00:45:00+09:00,J4,348,297,645
2019-06-14T00:45:00+09:00,J5,196,173,369
2019-06-14T05:45:00+09:00,J1,171,247,418
2019-06-14T05:45:00+09:00,J2,324,258,582
2019-06-14T05:45:00+09:00,J3,474,401,875
2019-06-14T05:45:00+09:00,J4,629,589,1218
2019-06-14T05:45:00+09:00,J5,198,193,391
2019-06-14T06:00:00+09:00,J1,292,333,625
2019-06-14T06:00:00+09:00,J2,439,301,740
2019-06-14T06:00:00+09:00,J3,661,607,1268
2019-06-14T06:00:00+09:00,J4,724,733,1457
2019-06-14T06:00:00+09:00,J5,262,279,541
2019-06-14T06:15:00+09:00,J1,309,321,630
2019-06-14T06:15:00+09:00,J2,576,447,1023
2019-06-14T06:15:00+09:00,J3,480,497,977
2019-06-14T06:15:00+09:00,J4,759,760,1519
2019-06-14T06:15:00+09:00,J5,353,425,778
2019-06-14T06:30:00+09:00,J1,256,248,504
2019-06-14T06:30:00+09:00,J2,582,483,1065
2019-06-14T06:30:00+09:00,J3,393,389,782
2019-06-14T06:30:00+09:00,J4,748,771,1519
2019-06-14T06:30:00+09:00,J5,408,443,851
2019-06-14T06:45:00+09:00,J1,319,259,578
2019-06-14T06:45:00+09:00,J2,619,519,1138
2019-06-14T06:45:00+09:00,J3,351,359,710
2019-06-14T06:45:00+09:00,J4,926,900,1826
2019-06-14T06:45:00+09:00,J5,399,490,889
2019-06-14T07:00:00+09:00,J1,384,442,826
2019-06-14T07:00:00+09:00,J2,594,494,1088
2019-06-14T07:00:00+09:00,J3,412,352,764
2019-06-14T07:00:00+09:00,J4,970,946,1916
2019-06-14T07:00:00+09:00,J5,417,423,840
2019-06-14T07:15:00+09:00,J1,459,411,870
2019-06-14T07:15:00+09:00,J2,493,386,879
2019-06-14T07:15:00+09:00,J3,460,450,910
2019-06-14T07:15:00+09:00,J4,889,945,1834
2019-06-14T07:15:00+09:00,J5,394,458,852
2019-06-14T07:30:00+09:00,J1,514,485,999
2019-06-14T07:30:00+09:00,J2,408,391,799
2019-06-14T07:30:00+09:00,J3,517,515,1032
2019-06-14T07:30:00+09:00,J4,827,844,1671
2019-06-14T07:30:00+09:00,J5,246,318,564
2019-06-14T07:45:00+09:00,J1,620,521,1141
2019-06-14T07:45:00+09:00,J2,507,389,896
2019-06-14T07:45:00+09:00,J3,610,619,1229
2019-06-14T07:45:00+09:00,J4,813,913,1726
2019-06-14T07:45:00+09:00,J5,337,341,678
2019-06-14T08:00:00+09:00,J1,924,707,1631
2019-06-14T08:00:00+09:00,J2,646,449,1095
2019-06-14T08:00:00+09:00,J3,728,694,1422
2019-06-14T08:00:00+09:00,J4,866,1005,1871
2019-06-14T08:00:00+09:00,J5,340,387,727
2019-06-14T08:15:00+09:00,J1,1148,864,2012
2019-06-14T08:15:00+09:00,J2,811,486,1297
2019-06-14T08:15:00+09:00,J3,716,915,1631
2019-06-14T08:15:00+09:00,J4,914,1111,2025
2019-06-14T08:15:00+09:00,J5,337,318,655
2019-06-14T08:30:00+09:00,J1,1142,802,1944
2019-06-14T08:30:00+09:00,J2,846,517,1363
2019-06-14T08:30:00+09:00,J3,728,993,1721
2019-06-14T08:30:00+09:00,J4,826,1149,1975
2019-06-14T08:30:00+09:00,J5,349,323,672
2019-06-14T08:45:00+09:00,J1,928,676,1604
2019-06-14T08:45:00+09:00,J2,672,435,1107
2019-06-14T08:45:00+09:00,J3,594,836,1430
2019-06-14T08:45:00+09:00,J4,728,914,1642
2019-06-14T08:45:00+09:00,J5,294,262,556
2019-06-14T09:00:00+09:00,J1,811,651,1462
2019-06-14T09:00:00+09:00,J2,561,440,1001
2019-06-14T09:00:00+09:00,J3,529,598,1127
2019-06-14T09:00:00+09:00,J4,632,762,1394
2019-06-14T09:00:00+09:00,J5,273,289,562
2019-06-14T09:15:00+09:00,J1,710,522,1232
2019-06-14T09:15:00+09:00,J2,500,390,890
2019-06-14T09:15:00+09:00,J3,461,563,1024
2019-06-14T09:15:00+09:00,J4,518,769,1287
2019-06-14T09:15:00+09:00,J5,294,189,483
2019-06-14T09:30:00+09:00,J1,641,541,1182
2019-06-14T09:30:00+09:00,J2,529,443,972
2019-06-14T09:30:00+09:00,J3,595,624,1219
2019-06-14T09:30:00+09:00,J4,543,682,1225
2019-06-14T09:30:00+09:00,J5,285,236,521
2019-06-14T09:45:00+09:00,J1,611,576,1187
2019-06-14T09:45:00+09:00,J2,459,456,915
2019-06-14T09:45:00+09:00,J3,540,609,1149
2019-06-14T09:45:00+09:00,J4,554,627,1181
2019-06-14T09:45:00+09:00,J5,255,192,447
2019-06-14T10:00:00+09:00,J1,543,499,1042
2019-06-14T10:00:00+09:00,J2,408,419,827
2019-06-14T10:00:00+09:00,J3,633,579,1212
2019-06-14T10:00:00+09:00,J4,448,598,1046
2019-06-14T10:00:00+09:00,J5,238,147,385
2019-06-14T10:15:00+09:00,J1,599,577,1176
2019-06-14T10:15:00+09:00,J2,458,462,920
2019-06-14T10:15:00+09:00,J3,770,599,1369
2019-06-14T10:15:00+09:00,J4,520,615,1135
2019-06-14T10:15:00+09:00,J5,292,242,534
2019-06-14T10:30:00+09:00,J1,547,509,1056
2019-06-14T10:30:00+09:00,J2,475,466,941
2019-06-14T10:30:00+09:00,J3,895,684,1579
2019-06-14T10:30:00+09:00,J4,514,677,1191
2019-06-14T10:30:00+09:00,J5,329,287,616
2019-06-14T10:45:00+09:00,J1,524,594,1118
2019-06-14T10:45:00+09:00,J2,539,468,1007
2019-06-14T10:45:00+09:00,J3,897,796,1693
2019-06-14T10:45:00+09:00,J4,482,605,1087
2019-06-14T10:45:00+09:00,J5,299,333,632
2019-06-14T11:00:00+09:00,J1,554,592,1146
2019-06-14T11:00:00+09:00,J2,593,494,1087
2019-06-14T11:00:00+09:00,J3,944,812,1756
2019-06-14T11:00:00+09:00,J4,537,650,1187
2019-06-14T11:00:00+09:00,J5,277,327,604
2019-06-14T11:15:00+09:00,J1,754,733,1487
2019-06-14T11:15:00+09:00,J2,638,438,1076
2019-06-14T11:15:00+09:00,J3,881,840,1721
2019-06-14T11:15:00+09:00,J4,585,592,1177
2019-06-14T11:15:00+09:00,J5,328,326,654
2019-06-14T11:30:00+09:00,J1,719,740,1459
2019-06-14T11:30:00+09:00,J2,631,357,988
2019-06-14T11:30:00+09:00,J3,860,799,1659
2019-06-14T11:30:00+09:00,J4,517,618,1135
2019-06-14T11:30:00+09:00,J5,281,304,585
2019-06-14T11:45:00+09:00,J1,666,726,1392
2019-06-14T11:45:00+09:00,J2,655,390,1045
2019-06-14T11:45:00+09:00,J3,873,786,1659
2019-06-14T11:45:00+09:00,J4,484,563,1047
2019-06-14T11:45:00+09:00,J5,269,291,560
2019-06-14T12:00:00+09:00,J1,633,733,1366
2019-06-14T12:00:00+09:00,J2,706,557,1263
2019-06-14T12:00:00+09:00,J3,939,788,1727
2019-06-14T12:00:00+09:00,J4,581,578,1159
2019-06-14T12:00:00+09:00,J5,290,300,590
2019-06-14T12:15:00+09:00,J1,690,710,1400
2019-06-14T12:15:00+09:00,J2,663,660,1323
2019-06-14T12:15:00+09:00,J3,819,864,1683
2019-06-14T12:15:00+09:00,J4,621,532,1153
2019-06-14T12:15:00+09:00,J5,272,319,591
2019-06-14T12:30:00+09:00,J1,677,700,1377
2019-06-14T12:30:00+09:00,J2,703,633,1336
2019-06-14T12:30:00+09:00,J3,864,806,1670
2019-06-14T12:30:00+09:00,J4,627,586,1213
2019-06-14T12:30:00+09:00,J5,270,307,577
2019-06-14T12:45:00+09:00,J1,676,758,1434
2019-06-14T12:45:00+09:00,J2,720,666,1386
2019-06-14T12:45:00+09:00,J3,815,780,1595
2019-06-14T12:45:00+09:00,J4,589,538,1127
2019-06-14T12:45:00+09:00,J5,298,294,592
2019-06-14T13:00:00+09:00,J1,636,761,1397
2019-06-14T13:00:00+09:00,J2,771,656,1427
2019-06-14T13:00:00+09:00,J3,789,736,1525
2019-06-14T13:00:00+09:00,J4,570,523,1093
2019-06-14T13:00:00+09:00,J5,271,329,600
2019-06-14T13:15:00+09:00,J1,705,884,1589
2019-06-14T13:15:00+09:00,J2,642,688,1330
2019-06-14T13:15:00+09:00,J3,772,734,1506
2019-06-14T13:15:00+09:00,J4,550,505,1055
2019-06-14T13:15:00+09:00,J5,264,309,573
2019-06-14T13:30:00+09:00,J1,613,713,1326
2019-06-14T13:30:00+09:00,J2,566,608,1174
2019-06-14T13:30:00+09:00,J3,702,769,1471
2019-06-14T13:30:00+09:00,J4,546,494,1040
2019-06-14T13:30:00+09:00,J5,278,318,596
2019-06-14T13:45:00+09:00,J1,635,705,1340
2019-06-14T13:45:00+09:00,J2,625,611,1236
2019-06-14T13:45:00+09:00,J3,704,736,1440
2019-06-14T13:45:00+09:00,J4,575,520,1095
2019-06-14T13:45:00+09:00,J5,315,343,658
2019-06-14T14:00:00+09:00,J1,568,773,1341
2019-06-14T14:00:00+09:00,J2,706,586,1292
2019-06-14T14:00:00+09:00,J3,625,668,1293
2019-06-14T14:00:00+09:00,J4,535,479,1014
2019-06-14T14:00:00+09:00,J5,343,354,697
2019-06-14T14:15:00+09:00,J1,635,781,1416
2019-06-14T14:15:00+09:00,J2,696,589,1285
2019-06-14T14:15:00+09:00,J3,720,642,1362
2019-06-14T14:15:00+09:00,J4,636,542,1178
2019-06-14T14:15:00+09:00,J5,378,450,828
2019-06-14T14:30:00+09:00,J1,639,794,1433
2019-06-14T14:30:00+09:00,J2,637,549,1186
2019-06-14T14:30:00+09:00,J3,640,623,1263
2019-06-14T14:30:00+09:00,J4,640,528,1168
2019-06-14T14:30:00+09:00,J5,366,402,768
2019-06-14T14:45:00+09:00,J1,647,754,1401
2019-06-14T14:45:00+09:00,J2,583,517,1100
2019-06-14T14:45:00+09:00,J3,674,602,1276
2019-06-14T14:45:00+09:00,J4,606,524,1130
2019-06-14T14:45:00+09:00,J5,340,423,763
2019-06-14T15:00:00+09:00,J1,614,713,1327
2019-06-14T15:00:00+09:00,J2,547,475,1022
2019-06-14T15:00:00+09:00,J3,661,574,1235
2019-06-14T15:00:00+09:00,J4,806,769,1575
2019-06-14T15:00:00+09:00,J5,436,583,1019
2019-06-14T15:15:00+09:00,J1,559,691,1250
2019-06-14T15:15:00+09:00,J2,505,485,990
2019-06-14T15:15:00+09:00,J3,620,543,1163
2019-06-14T15:15:00+09:00,J4,816,742,1558
2019-06-14T15:15:00+09:00,J5,478,591,1069
2019-06-14T15:30:00+09:00,J1,568,659,1227
2019-06-14T15:30:00+09:00,J2,537,473,1010
2019-06-14T15:30:00+09:00,J3,659,594,1253
2019-06-14T15:30:00+09:00,J4,804,656,1460
2019-06-14T15:30:00+09:00,J5,422,592,1014
2019-06-14T15:45:00+09:00,J1,588,645,1233
2019-06-14T15:45:00+09:00,J2,523,478,1001
2019-06-14T15:45:00+09:00,J3,657,636,1293
2019-06-14T15:45:00+09:00,J4,654,584,1238
2019-06-14T15:45:00+09:00,J5,407,532,939
2019-06-14T16:00:00+09:00,J1,589,687,1276
2019-06-14T16:00:00+09:00,J2,534,513,1047
2019-06-14T16:00:00+09:00,J3,657,587,1244
2019-06-14T16:00:00+09:00,J4,686,642,1328
2019-06-14T16:00:00+09:00,J5,382,434,816
2019-06-14T16:15:00+09:00,J1,601,747,1348
2019-06-14T16:15:00+09:00,J2,578,553,1131
2019-06-14T16:15:00+09:00,J3,646,578,1224
2019-06-14T16:15:00+09:00,J4,787,730,1517
2019-06-14T16:15:00+09:00,J5,344,416,760
2019-06-14T16:30:00+09:00,J1,597,701,1298
2019-06-14T16:30:00+09:00,J2,551,507,1058
2019-06-14T16:30:00+09:00,J3,620,589,1209
2019-06-14T16:30:00+09:00,J4,834,783,1617
2019-06-14T16:30:00+09:00,J5,365,465,830
2019-06-14T16:45:00+09:00,J1,566,651,1217
2019-06-14T16:45:00+09:00,J2,514,507,1021
2019-06-14T16:45:00+09:00,J3,629,594,1223
2019-06-14T16:45:00+09:00,J4,824,822,1646
2019-06-14T16:45:00+09:00,J5,407,534,941
2019-06-14T17:00:00+09:00,J1,643,805,1448
2019-06-14T17:00:00+09:00,J2,559,551,1110
2019-06-14T17:00:00+09:00,J3,643,660,1303
2019-06-14T17:00:00+09:00,J4,855,775,1630
2019-06-14T17:00:00+09:00,J5,402,558,960
2019-06-14T17:15:00+09:00,J1,762,819,1581
2019-06-14T17:15:00+09:00,J2,570,521,1091
2019-06-14T17:15:00+09:00,J3,657,657,1314
2019-06-14T17:15:00+09:00,J4,944,873,1817
2019-06-14T17:15:00+09:00,J5,427,523,950
2019-06-14T17:30:00+09:00,J1,799,1017,1816
2019-06-14T17:30:00+09:00,J2,600,589,1189
2019-06-14T17:30:00+09:00,J3,751,668,1419
2019-06-14T17:30:00+09:00,J4,1045,793,1838
2019-06-14T17:30:00+09:00,J5,431,540,971
2019-06-14T17:45:00+09:00,J1,829,1073,1902
2019-06-14T17:45:00+09:00,J2,613,640,1253
2019-06-14T17:45:00+09:00,J3,720,704,1424
2019-06-14T17:45:00+09:00,J4,934,753,1687
2019-06-14T17:45:00+09:00,J5,470,577,1047
2019-06-14T18:00:00+09:00,J1,883,1096,1979
2019-06-14T18:00:00+09:00,J2,726,655,1381
2019-06-14T18:00:00+09:00,J3,788,771,1559
2019-06-14T18:00:00+09:00,J4,975,667,1642
2019-06-14T18:00:00+09:00,J5,421,556,977
2019-06-14T18:15:00+09:00,J1,821,968,1789
2019-06-14T18:15:00+09:00,J2,694,602,1296
2019-06-14T18:15:00+09:00,J3,758,658,1416
2019-06-14T18:15:00+09:00,J4,979,727,1706
2019-06-14T18:15:00+09:00,J5,406,583,989
2019-06-14T18:30:00+09:00,J1,716,955,1671
2019-06-14T18:30:00+09:00,J2,655,550,1205
2019-06-14T18:30:00+09:00,J3,691,549,1240
2019-06-14T18:30:00+09:00,J4,918,680,1598
2019-06-14T18:30:00+09:00,J5,448,484,932
2019-06-14T18:45:00+09:00,J1,778,806,1584
2019-06-14T18:45:00+09:00,J2,698,575,1273
2019-06-14T18:45:00+09:00,J3,638,545,1183
2019-06-14T18:45:00+09:00,J4,844,605,1449
2019-06-14T18:45:00+09:00,J5,401,491,892
2019-06-14T19:00:00+09:00,J1,624,696,1320
2019-06-14T19:00:00+09:00,J2,654,511,1165
2019-06-14T19:00:00+09:00,J3,711,507,1218
2019-06-14T19:00:00+09:00,J4,698,481,1179
2019-06-14T19:00:00+09:00,J5,349,404,753
2019-06-14T19:15:00+09:00,J1,607,673,1280
2019-06-14T19:15:00+09:00,J2,576,555,1131
2019-06-14T19:15:00+09:00,J3,619,546,1165
2019-06-14T19:15:00+09:00,J4,672,523,1195
2019-06-14T19:15:00+09:00,J5,372,433,805
2019-06-14T19:30:00+09:00,J1,645,670,1315
2019-06-14T19:30:00+09:00,J2,566,497,1063
2019-06-14T19:30:00+09:00,J3,700,527,1227
2019-06-14T19:30:00+09:00,J4,660,645,1305
2019-06-14T19:30:00+09:00,J5,364,414,778
2019-06-14T19:45:00+09:00,J1,575,640,1215
2019-06-14T19:45:00+09:00,J2,630,530,1160
2019-06-14T19:45:00+09:00,J3,592,556,1148
2019-06-14T19:45:00+09:00,J4,605,582,1187
2019-06-14T19:45:00+09:00,J5,355,377,732
2019-06-14T20:00:00+09:00,J1,600,665,1265
2019-06-14T20:00:00+09:00,J2,604,616,1220
2019-06-14T20:00:00+09:00,J3,635,513,1148
2019-06-14T20:00:00+09:00,J4,719,707,1426
2019-06-14T20:00:00+09:00,J5,331,398,729
2019-06-14T20:15:00+09:00,J1,553,628,1181
2019-06-14T20:15:00+09:00,J2,587,561,1148
2019-06-14T20:15:00+09:00,J3,675,588,1263
2019-06-14T20:15:00+09:00,J4,900,772,1672
2019-06-14T20:15:00+09:00,J5,349,387,736
2019-06-14T20:30:00+09:00,J1,582,669,1251
2019-06-14T20:30:00+09:00,J2,613,480,1093
2019-06-14T20:30:00+09:00,J3,708,705,1413
2019-06-14T20:30:00+09:00,J4,936,854,1790
2019-06-14T20:30:00+09:00,J5,349,412,761
2019-06-14T20:45:00+09:00,J1,523,622,1145
2019-06-14T20:45:00+09:00,J2,548,435,983
2019-06-14T20:45:00+09:00,J3,804,802,1606
2019-06-14T20:45:00+09:00,J4,1028,841,1869
2019-06-14T20:45:00+09:00,J5,362,359,721
2019-06-14T21:00:00+09:00,J1,557,657,1214
2019-06-14T21:00:00+09:00,J2,488,377,865
2019-06-14T21:00:00+09:00,J3,747,734,1481
2019-06-14T21:00:00+09:00,J4,961,943,1904
2019-06-14T21:00:00+09:00,J5,384,366,750
2019-06-14T21:15:00+09:00,J1,616,728,1344
2019-06-14T21:15:00+09:00,J2,479,357,836
2019-06-14T21:15:00+09:00,J3,715,686,1401
2019-06-14T21:15:00+09:00,J4,865,874,1739
2019-06-14T21:15:00+09:00,J5,321,319,640
2019-06-14T21:30:00+09:00,J1,570,677,1247
2019-06-14T21:30:00+09:00,J2,430,388,818
2019-06-14T21:30:00+09:00,J3,769,730,1499
2019-06-14T21:30:00+09:00,J4,889,905,1794
2019-06-14T21:30:00+09:00,J5,373,388,761
2019-06-14T21:45:00+09:00,J1,489,575,1064
2019-06-14T21:45:00+09:00,J2,433,348,781
2019-06-14T21:45:00+09:00,J3,658,691,1349
2019-06-14T21:45:00+09:00,J4,855,795,1650
2019-06-14T21:45:00+09:00,J5,350,310,660
2019-06-14T22:00:00+09:00,J1,514,626,1140
2019-06-14T22:00:00+09:00,J2,392,326,718
2019-06-14T22:00:00+09:00,J3,662,710,1372
2019-06-14T22:00:00+09:00,J4,867,789,1656
2019-06-14T22:00:00+09:00,J5,331,272,603
2019-06-14T22:15:00+09:00,J1,405,553,958
2019-06-14T22:15:00+09:00,J2,363,307,670
2019-06-14T22:15:00+09:00,J3,672,703,1375
2019-06-14T22:15:00+09:00,J4,662,677,1339
2019-06-14T22:15:00+09:00,J5,364,324,688
2019-06-14T22:30:00+09:00,J1,446,586,1032
2019-06-14T22:30:00+09:00,J2,344,333,677
2019-06-14T22:30:00+09:00,J3,648,693,1341
2019-06-14T22:30:00+09:00,J4,496,567,1063
2019-06-14T22:30:00+09:00,J5,340,310,650
2019-06-14T22:45:00+09:00,J1,432,535,967
2019-06-14T22:45:00+09:00,J2,350,276,626
2019-06-14T22:45:00+09:00,J3,746,711,1457
2019-06-14T22:45:00+09:00,J4,477,489,966
2019-06-14T22:45:00+09:00,J5,226,273,499
2019-06-14T23:00:00+09:00,J1,370,446,816
2019-06-14T23:00:00+09:00,J2,360,284,644
2019-06-14T23:00:00+09:00,J3,697,609,1306
2019-06-14T23:00:00+09:00,J4,500,536,1036
2019-06-14T23:00:00+09:00,J5,236,226,462
2019-06-14T23:15:00+09:00,J1,361,504,865
2019-06-14T23:15:00+09:00,J2,355,274,629
2019-06-14T23:15:00+09:00,J3,621,665,1286
2019-06-14T23:15:00+09:00,J4,846,874,1720
2019-06-14T23:15:00+09:00,J5,245,250,495
2019-06-14T23:30:00+09:00,J1,404,525,929
2019-06-14T23:30:00+09:00,J2,383,278,661
2019-06-14T23:30:00+09:00,J3,613,574,1187
2019-06-14T23:30:00+09:00,J4,788,799,1587
2019-06-14T23:30:00+09:00,J5,217,249,466
2019-06-14T23:45:00+09:00,J1,344,365,709
2019-06-14T23:45:00+09:00,J2,313,244,557
2019-06-14T23:45:00+09:00,J3,689,600,1289
2019-06-14T23:45:00+09:00,J4,757,685,1442
2019-06-14T23:45:00+09:00,J5,197,232,429
2019-06-15T00:00:00+09:00,J1,364,350,714
2019-06-15T00:00:00+09:00,J2,200,174,374
2019-06-15T00:00:00+09:00,J3,646,529,1175
2019-06-15T00:00:00+09:00,J4,880,751,1631
2019-06-15T00:00:00+09:00,J5,196,225,421
2019-06-15T00:15:00+09:00,J1,313,273,586
2019-06-15T00:15:00+09:00,J2,213,241,454
2019-06-15T00:15:00+09:00,J3,370,372,742
2019-06-15T00:15:00+09:00,J4,483,465,948
2019-06-15T00:15:00+09:00,J5,185,140,325
2019-06-15T00:30:00+09:00,J1,381,296,677
2019-06-15T00:30:00+09:00,J2,268,292,560
2019-06-15T00:30:00+09:00,J3,343,288,631
2019-06-15T00:30:00+09:00,J4,517,466,983
2019-06-15T00:30:00+09:00,J5,196,200,396
2019-06-15T00:45:00+09:00,J1,344,252,596
2019-06-15T00:45:00+09:00,J2,232,309,541
2019-06-15T00:45:00+09:00,J3,338,280,618
2019-06-15T00:45:00+09:00,J4,449,487,936
2019-06-15T00:45:00+09:00,J5,323,296,619
2019-06-15T05:45:00+09:00,J1,258,225,483
2019-06-15T05:45:00+09:00,J2,330,332,662
2019-06-15T05:45:00+09:00,J3,351,318,669
2019-06-15T05:45:00+09:00,J4,338,326,664
2019-06-15T05:45:00+09:00,J5,267,279,546
2019-06-15T06:00:00+09:00,J1,393,331,724
2019-06-15T06:00:00+09:00,J2,260,261,521
2019-06-15T06:00:00+09:00,J3,393,345,738
2019-06-15T06:00:00+09:00,J4,336,323,659
2019-06-15T06:00:00+09:00,J5,198,118,316
2019-06-15T06:15:00+09:00,J1,359,380,739
2019-06-15T06:15:00+09:00,J2,314,261,575
2019-06-15T06:15:00+09:00,J3,424,441,865
2019-06-15T06:15:00+09:00,J4,245,245,490
2019-06-15T06:15:00+09:00,J5,245,206,451
2019-06-15T06:30:00+09:00,J1,343,360,703
2019-06-15T06:30:00+09:00,J2,396,361,757
2019-06-15T06:30:00+09:00,J3,447,422,869
2019-06-15T06:30:00+09:00,J4,317,264,581
2019-06-15T06:30:00+09:00,J5,270,251,521
2019-06-15T06:45:00+09:00,J1,314,357,671
2019-06-15T06:45:00+09:00,J2,276,293,569
2019-06-15T06:45:00+09:00,J3,373,347,720
2019-06-15T06:45:00+09:00,J4,301,293,594
2019-06-15T06:45:00+09:00,J5,308,285,593
2019-06-15T07:00:00+09:00,J1,330,350,680
2019-06-15T07:00:00+09:00,J2,319,318,637
2019-06-15T07:00:00+09:00,J3,383,373,756
2019-06-15T07:00:00+09:00,J4,402,346,748
2019-06-15T07:00:00+09:00,J5,381,350,731
2019-06-15T07:15:00+09:00,J1,391,354,745
2019-06-15T07:15:00+09:00,J2,297,348,645
2019-06-15T07:15:00+09:00,J3,371,427,798
2019-06-15T07:15:00+09:00,J4,357,336,693
2019-06-15T07:15:00+09:00,J5,388,327,715
2019-06-15T07:30:00+09:00,J1,424,380,804
2019-06-15T07:30:00+09:00,J2,319,340,659
2019-06-15T07:30:00+09:00,J3,393,418,811
2019-06-15T07:30:00+09:00,J4,368,343,711
2019-06-15T07:30:00+09:00,J5,414,430,844
2019-06-15T07:45:00+09:00,J1,429,374,803
2019-06-15T07:45:00+09:00,J2,316,332,648
2019-06-15T07:45:00+09:00,J3,378,451,829
2019-06-15T07:45:00+09:00,J4,403,427,830
2019-06-15T07:45:00+09:00,J5,450,447,897
2019-06-15T08:00:00+09:00,J1,616,549,1165
2019-06-15T08:00:00+09:00,J2,377,373,750
2019-06-15T08:00:00+09:00,J3,785,723,1508
2019-06-15T08:00:00+09:00,J4,422,481,903
2019-06-15T08:00:00+09:00,J5,390,398,788
2019-06-15T08:15:00+09:00,J1,712,618,1330
2019-06-15T08:15:00+09:00,J2,461,385,846
2019-06-15T08:15:00+09:00,J3,813,747,1560
2019-06-15T08:15:00+09:00,J4,443,480,923
2019-06-15T08:15:00+09:00,J5,433,411,844
2019-06-15T08:30:00+09:00,J1,690,627,1317
2019-06-15T08:30:00+09:00,J2,464,409,873
2019-06-15T08:30:00+09:00,J3,800,725,1525
2019-06-15T08:30:00+09:00,J4,406,482,888
2019-06-15T08:30:00+09:00,J5,368,283,651
2019-06-15T08:45:00+09:00,J1,687,601,1288
2019-06-15T08:45:00+09:00,J2,387,373,760
2019-06-15T08:45:00+09:00,J3,676,704,1380
2019-06-15T08:45:00+09:00,J4,437,442,879
2019-06-15T08:45:00+09:00,J5,340,293,633
2019-06-15T09:00:00+09:00,J1,526,499,1025
2019-06-15T09:00:00+09:00,J2,488,368,856
2019-06-15T09:00:00+09:00,J3,652,692,1344
2019-06-15T09:00:00+09:00,J4,353,416,769
2019-06-15T09:00:00+09:00,J5,389,347,736
2019-06-15T09:15:00+09:00,J1,578,512,1090
2019-06-15T09:15:00+09:00,J2,463,406,869
2019-06-15T09:15:00+09:00,J3,776,735,1511
2019-06-15T09:15:00+09:00,J4,314,365,679
2019-06-15T09:15:00+09:00,J5,347,358,705
2019-06-15T09:30:00+09:00,J1,542,562,1104
2019-06-15T09:30:00+09:00,J2,438,419,857
2019-06-15T09:30:00+09:00,J3,877,814,1691
2019-06-15T09:30:00+09:00,J4,390,439,829
2019-06-15T09:30:00+09:00,J5,393,399,792
2019-06-15T09:45:00+09:00,J1,621,525,1146
2019-06-15T09:45:00+09:00,J2,500,393,893
2019-06-15T09:45:00+09:00,J3,896,791,1687
2019-06-15T09:45:00+09:00,J4,346,361,707
2019-06-15T09:45:00+09:00,J5,386,345,731
2019-06-15T10:00:00+09:00,J1,556,531,1087
2019-06-15T10:00:00+09:00,J2,536,363,899
2019-06-15T10:00:00+09:00,J3,820,916,1736
2019-06-15T10:00:00+09:00,J4,314,347,661
2019-06-15T10:00:00+09:00,J5,334,373,707
2019-06-15T10:15:00+09:00,J1,649,582,1231
2019-06-15T10:15:00+09:00,J2,596,388,984
2019-06-15T10:15:00+09:00,J3,788,947,1735
2019-06-15T10:15:00+09:00,J4,269,304,573
2019-06-15T10:15:00+09:00,J5,334,331,665
2019-06-15T10:30:00+09:00,J1,658,611,1269
2019-06-15T10:30:00+09:00,J2,632,388,1020
2019-06-15T10:30:00+09:00,J3,841,896,1737
2019-06-15T10:30:00+09:00,J4,368,384,752
2019-06-15T10:30:00+09:00,J5,366,339,705
2019-06-15T10:45:00+09:00,J1,586,612,1198
2019-06-15T10:45:00+09:00,J2,751,446,1197
2019-06-15T10:45:00+09:00,J3,805,847,1652
2019-06-15T10:45:00+09:00,J4,362,311,673
2019-06-15T10:45:00+09:00,J5,322,358,680
2019-06-15T11:00:00+09:00,J1,787,758,1545
2019-06-15T11:00:00+09:00,J2,642,439,1081
2019-06-15T11:00:00+09:00,J3,818,926,1744
2019-06-15T11:00:00+09:00,J4,361,274,635
2019-06-15T11:00:00+09:00,J5,378,368,746
2019-06-15T11:15:00+09:00,J1,775,772,1547
2019-06-15T11:15:00+09:00,J2,644,490,1134
2019-06-15T11:15:00+09:00,J3,799,796,1595
2019-06-15T11:15:00+09:00,J4,321,300,621
2019-06-15T11:15:00+09:00,J5,347,375,722
2019-06-15T11:30:00+09:00,J1,832,811,1643
2019-06-15T11:30:00+09:00,J2,650,535,1185
2019-06-15T11:30:00+09:00,J3,888,830,1718
2019-06-15T11:30:00+09:00,J4,373,377,750
2019-06-15T11:30:00+09:00,J5,338,381,719
2019-06-15T11:45:00+09:00,J1,812,835,1647
2019-06-15T11:45:00+09:00,J2,695,554,1249
2019-06-15T11:45:00+09:00,J3,837,825,1662
2019-06-15T11:45:00+09:00,J4,389,376,765
2019-06-15T11:45:00+09:00,J5,355,361,716
2019-06-15T12:00:00+09:00,J1,774,904,1678
2019-06-15T12:00:00+09:00,J2,723,608,1331
2019-06-15T12:00:00+09:00,J3,809,828,1637
2019-06-15T12:00:00+09:00,J4,503,406,909
2019-06-15T12:00:00+09:00,J5,304,319,623
2019-06-15T12:15:00+09:00,J1,832,976,1808
2019-06-15T12:15:00+09:00,J2,704,655,1359
2019-06-15T12:15:00+09:00,J3,845,856,1701
2019-06-15T12:15:00+09:00,J4,526,521,1047
2019-06-15T12:15:00+09:00,J5,317,356,673
2019-06-15T12:30:00+09:00,J1,706,788,1494
2019-06-15T12:30:00+09:00,J2,673,664,1337
2019-06-15T12:30:00+09:00,J3,766,877,1643
2019-06-15T12:30:00+09:00,J4,638,537,1175
2019-06-15T12:30:00+09:00,J5,301,334,635
2019-06-15T12:45:00+09:00,J1,571,741,1312
2019-06-15T12:45:00+09:00,J2,701,646,1347
2019-06-15T12:45:00+09:00,J3,718,742,1460
2019-06-15T12:45:00+09:00,J4,550,521,1071
2019-06-15T12:45:00+09:00,J5,332,426,758
2019-06-15T13:00:00+09:00,J1,659,846,1505
2019-06-15T13:00:00+09:00,J2,696,651,1347
2019-06-15T13:00:00+09:00,J3,767,778,1545
2019-06-15T13:00:00+09:00,J4,642,550,1192
2019-06-15T13:00:00+09:00,J5,340,413,753
2019-06-15T13:15:00+09:00,J1,647,786,1433
2019-06-15T13:15:00+09:00,J2,689,632,1321
2019-06-15T13:15:00+09:00,J3,707,806,1513
2019-06-15T13:15:00+09:00,J4,578,575,1153
2019-06-15T13:15:00+09:00,J5,376,506,882
2019-06-15T13:30:00+09:00,J1,774,842,1616
2019-06-15T13:30:00+09:00,J2,693,591,1284
2019-06-15T13:30:00+09:00,J3,716,735,1451
2019-06-15T13:30:00+09:00,J4,598,524,1122
2019-06-15T13:30:00+09:00,J5,325,433,758
2019-06-15T13:45:00+09:00,J1,685,802,1487
2019-06-15T13:45:00+09:00,J2,668,602,1270
2019-06-15T13:45:00+09:00,J3,720,692,1412
2019-06-15T13:45:00+09:00,J4,537,538,1075
2019-06-15T13:45:00+09:00,J5,346,474,820
2019-06-15T14:00:00+09:00,J1,692,862,1554
2019-06-15T14:00:00+09:00,J2,755,587,1342
2019-06-15T14:00:00+09:00,J3,718,735,1453
2019-06-15T14:00:00+09:00,J4,582,551,1133
2019-06-15T14:00:00+09:00,J5,295,456,751
2019-06-15T14:15:00+09:00,J1,717,794,1511
2019-06-15T14:15:00+09:00,J2,672,612,1284
2019-06-15T14:15:00+09:00,J3,712,719,1431
2019-06-15T14:15:00+09:00,J4,586,541,1127
2019-06-15T14:15:00+09:00,J5,306,417,723
2019-06-15T14:30:00+09:00,J1,678,842,1520
2019-06-15T14:30:00+09:00,J2,723,588,1311
2019-06-15T14:30:00+09:00,J3,781,721,1502
2019-06-15T14:30:00+09:00,J4,599,526,1125
2019-06-15T14:30:00+09:00,J5,380,497,877
2019-06-15T14:45:00+09:00,J1,700,766,1466
2019-06-15T14:45:00+09:00,J2,721,565,1286
2019-06-15T14:45:00+09:00,J3,756,685,1441
2019-06-15T14:45:00+09:00,J4,565,511,1076
2019-06-15T14:45:00+09:00,J5,429,536,965
2019-06-15T15:00:00+09:00,J1,648,819,1467
2019-06-15T15:00:00+09:00,J2,682,620,1302
2019-06-15T15:00:00+09:00,J3,608,690,1298
2019-06-15T15:00:00+09:00,J4,614,502,1116
2019-06-15T15:00:00+09:00,J5,397,494,891
2019-06-15T15:15:00+09:00,J1,747,831,1578
2019-06-15T15:15:00+09:00,J2,761,578,1339
2019-06-15T15:15:00+09:00,J3,698,654,1352
2019-06-15T15:15:00+09:00,J4,577,478,1055
2019-06-15T15:15:00+09:00,J5,372,451,823
2019-06-15T15:30:00+09:00,J1,850,1026,1876
2019-06-15T15:30:00+09:00,J2,840,701,1541
2019-06-15T15:30:00+09:00,J3,799,820,1619
2019-06-15T15:30:00+09:00,J4,613,599,1212
2019-06-15T15:30:00+09:00,J5,449,542,991
2019-06-15T15:45:00+09:00,J1,848,1070,1918
2019-06-15T15:45:00+09:00,J2,752,702,1454
2019-06-15T15:45:00+09:00,J3,771,820,1591
2019-06-15T15:45:00+09:00,J4,622,561,1183
2019-06-15T15:45:00+09:00,J5,431,511,942
2019-06-15T16:00:00+09:00,J1,841,1024,1865
2019-06-15T16:00:00+09:00,J2,699,661,1360
2019-06-15T16:00:00+09:00,J3,786,843,1629
2019-06-15T16:00:00+09:00,J4,625,513,1138
2019-06-15T16:00:00+09:00,J5,414,563,977
2019-06-15T16:15:00+09:00,J1,772,1026,1798
2019-06-15T16:15:00+09:00,J2,745,630,1375
2019-06-15T16:15:00+09:00,J3,782,775,1557
2019-06-15T16:15:00+09:00,J4,659,491,1150
2019-06-15T16:15:00+09:00,J5,436,522,958
2019-06-15T16:30:00+09:00,J1,808,1025,1833
2019-06-15T16:30:00+09:00,J2,768,627,1395
2019-06-15T16:30:00+09:00,J3,783,861,1644
2019-06-15T16:30:00+09:00,J4,638,484,1122
2019-06-15T16:30:00+09:00,J5,433,482,915
2019-06-15T16:45:00+09:00,J1,787,995,1782
2019-06-15T16:45:00+09:00,J2,741,629,1370
2019-06-15T16:45:00+09:00,J3,760,756,1516
2019-06-15T16:45:00+09:00,J4,644,463,1107
2019-06-15T16:45:00+09:00,J5,402,544,946
2019-06-15T17:00:00+09:00,J1,745,1013,1758
2019-06-15T17:00:00+09:00,J2,748,593,1341
2019-06-15T17:00:00+09:00,J3,846,704,1550
2019-06-15T17:00:00+09:00,J4,547,466,1013
2019-06-15T17:00:00+09:00,J5,414,477,891
2019-06-15T17:15:00+09:00,J1,898,962,1860
2019-06-15T17:15:00+09:00,J2,789,616,1405
2019-06-15T17:15:00+09:00,J3,818,709,1527
2019-06-15T17:15:00+09:00,J4,614,488,1102
2019-06-15T17:15:00+09:00,J5,374,512,886
2019-06-15T17:30:00+09:00,J1,820,973,1793
2019-06-15T17:30:00+09:00,J2,773,612,1385
2019-06-15T17:30:00+09:00,J3,795,760,1555
2019-06-15T17:30:00+09:00,J4,643,487,1130
2019-06-15T17:30:00+09:00,J5,397,451,848
2019-06-15T17:45:00+09:00,J1,857,967,1824
2019-06-15T17:45:00+09:00,J2,800,558,1358
2019-06-15T17:45:00+09:00,J3,862,707,1569
2019-06-15T17:45:00+09:00,J4,695,534,1229
2019-06-15T17:45:00+09:00,J5,325,430,755
2019-06-15T18:00:00+09:00,J1,861,1018,1879
2019-06-15T18:00:00+09:00,J2,763,605,1368
2019-06-15T18:00:00+09:00,J3,793,635,1428
2019-06-15T18:00:00+09:00,J4,610,450,1060
2019-06-15T18:00:00+09:00,J5,364,421,785
2019-06-15T18:15:00+09:00,J1,940,1048,1988
2019-06-15T18:15:00+09:00,J2,764,620,1384
2019-06-15T18:15:00+09:00,J3,882,700,1582
2019-06-15T18:15:00+09:00,J4,572,434,1006
2019-06-15T18:15:00+09:00,J5,372,459,831
2019-06-15T18:30:00+09:00,J1,776,925,1701
2019-06-15T18:30:00+09:00,J2,767,606,1373
2019-06-15T18:30:00+09:00,J3,827,626,1453
2019-06-15T18:30:00+09:00,J4,548,438,986
2019-06-15T18:30:00+09:00,J5,389,471,860
2019-06-15T18:45:00+09:00,J1,790,823,1613
2019-06-15T18:45:00+09:00,J2,717,603,1320
2019-06-15T18:45:00+09:00,J3,751,582,1333
2019-06-15T18:45:00+09:00,J4,456,379,835
2019-06-15T18:45:00+09:00,J5,439,482,921
2019-06-15T19:00:00+09:00,J1,729,857,1586
2019-06-15T19:00:00+09:00,J2,623,501,1124
2019-06-15T19:00:00+09:00,J3,766,614,1380
2019-06-15T19:00:00+09:00,J4,384,338,722
2019-06-15T19:00:00+09:00,J5,380,545,925
2019-06-15T19:15:00+09:00,J1,660,859,1519
2019-06-15T19:15:00+09:00,J2,497,483,980
2019-06-15T19:15:00+09:00,J3,698,625,1323
2019-06-15T19:15:00+09:00,J4,405,323,728
2019-06-15T19:15:00+09:00,J5,408,502,910
2019-06-15T19:30:00+09:00,J1,681,676,1357
2019-06-15T19:30:00+09:00,J2,580,484,1064
2019-06-15T19:30:00+09:00,J3,662,577,1239
2019-06-15T19:30:00+09:00,J4,402,284,686
2019-06-15T19:30:00+09:00,J5,397,503,900
2019-06-15T19:45:00+09:00,J1,608,754,1362
2019-06-15T19:45:00+09:00,J2,516,430,946
2019-06-15T19:45:00+09:00,J3,683,583,1266
2019-06-15T19:45:00+09:00,J4,399,347,746
2019-06-15T19:45:00+09:00,J5,440,423,863
2019-06-15T20:00:00+09:00,J1,610,799,1409
2019-06-15T20:00:00+09:00,J2,571,509,1080
2019-06-15T20:00:00+09:00,J3,642,611,1253
2019-06-15T20:00:00+09:00,J4,449,353,802
2019-06-15T20:00:00+09:00,J5,385,445,830
2019-06-15T20:15:00+09:00,J1,617,823,1440
2019-06-15T20:15:00+09:00,J2,584,572,1156
2019-06-15T20:15:00+09:00,J3,675,660,1335
2019-06-15T20:15:00+09:00,J4,499,369,868
2019-06-15T20:15:00+09:00,J5,347,421,768
2019-06-15T20:30:00+09:00,J1,630,806,1436
2019-06-15T20:30:00+09:00,J2,609,571,1180
2019-06-15T20:30:00+09:00,J3,750,721,1471
2019-06-15T20:30:00+09:00,J4,449,338,787
2019-06-15T20:30:00+09:00,J5,410,447,857
2019-06-15T20:45:00+09:00,J1,674,791,1465
2019-06-15T20:45:00+09:00,J2,621,563,1184
2019-06-15T20:45:00+09:00,J3,699,685,1384
2019-06-15T20:45:00+09:00,J4,408,419,827
2019-06-15T20:45:00+09:00,J5,372,440,812
2019-06-15T21:00:00+09:00,J1,622,776,1398
2019-06-15T21:00:00+09:00,J2,609,498,1107
2019-06-15T21:00:00+09:00,J3,735,685,1420
2019-06-15T21:00:00+09:00,J4,421,383,804
2019-06-15T21:00:00+09:00,J5,419,422,841
2019-06-15T21:15:00+09:00,J1,634,841,1475
2019-06-15T21:15:00+09:00,J2,587,513,1100
2019-06-15T21:15:00+09:00,J3,644,683,1327
2019-06-15T21:15:00+09:00,J4,524,483,1007
2019-06-15T21:15:00+09:00,J5,397,448,845
2019-06-15T21:30:00+09:00,J1,581,717,1298
2019-06-15T21:30:00+09:00,J2,611,578,1189
2019-06-15T21:30:00+09:00,J3,661,648,1309
2019-06-15T21:30:00+09:00,J4,559,535,1094
2019-06-15T21:30:00+09:00,J5,407,443,850
2019-06-15T21:45:00+09:00,J1,566,705,1271
2019-06-15T21:45:00+09:00,J2,590,528,1118
2019-06-15T21:45:00+09:00,J3,688,613,1301
2019-06-15T21:45:00+09:00,J4,485,432,917
2019-06-15T21:45:00+09:00,J5,403,425,828
2019-06-15T22:00:00+09:00,J1,480,673,1153
2019-06-15T22:00:00+09:00,J2,580,565,1145
2019-06-15T22:00:00+09:00,J3,645,664,1309
2019-06-15T22:00:00+09:00,J4,655,551,1206
2019-06-15T22:00:00+09:00,J5,403,444,847
2019-06-15T22:15:00+09:00,J1,536,680,1216
2019-06-15T22:15:00+09:00,J2,588,545,1133
2019-06-15T22:15:00+09:00,J3,699,698,1397
2019-06-15T22:15:00+09:00,J4,612,492,1104
2019-06-15T22:15:00+09:00,J5,429,424,853
2019-06-15T22:30:00+09:00,J1,557,703,1260
2019-06-15T22:30:00+09:00,J2,557,537,1094
2019-06-15T22:30:00+09:00,J3,721,686,1407
2019-06-15T22:30:00+09:00,J4,545,452,997
2019-06-15T22:30:00+09:00,J5,409,364,773
2019-06-15T22:45:00+09:00,J1,537,690,1227
2019-06-15T22:45:00+09:00,J2,482,379,861
2019-06-15T22:45:00+09:00,J3,683,622,1305
2019-06-15T22:45:00+09:00,J4,573,535,1108
2019-06-15T22:45:00+09:00,J5,244,261,505
2019-06-15T23:00:00+09:00,J1,555,600,1155
2019-06-15T23:00:00+09:00,J2,449,358,807
2019-06-15T23:00:00+09:00,J3,637,675,1312
2019-06-15T23:00:00+09:00,J4,525,445,970
2019-06-15T23:00:00+09:00,J5,188,258,446
2019-06-15T23:15:00+09:00,J1,496,563,1059
2019-06-15T23:15:00+09:00,J2,344,296,640
2019-06-15T23:15:00+09:00,J3,674,713,1387
2019-06-15T23:15:00+09:00,J4,523,449,972
2019-06-15T23:15:00+09:00,J5,206,233,439
2019-06-15T23:30:00+09:00,J1,530,593,1123
2019-06-15T23:30:00+09:00,J2,333,287,620
2019-06-15T23:30:00+09:00,J3,650,638,1288
2019-06-15T23:30:00+09:00,J4,478,463,941
2019-06-15T23:30:00+09:00,J5,227,230,457
2019-06-15T23:45:00+09:00,J1,452,493,945
2019-06-15T23:45:00+09:00,J2,345,296,641
2019-06-15T23:45:00+09:00,J3,565,613,1178
2019-06-15T23:45:00+09:00,J4,526,427,953
2019-06-15T23:45:00+09:00,J5,237,220,457
2019-06-16T00:00:00+09:00,J1,444,424,868
2019-06-16T00:00:00+09:00,J2,239,206,445
2019-06-16T00:00:00+09:00,J3,451,419,870
2019-06-16T00:00:00+09:00,J4,564,493,1057
2019-06-16T00:00:00+09:00,J5,184,142,326
2019-06-16T00:15:00+09:00,J1,259,230,489
2019-06-16T00:15:00+09:00,J2,225,199,424
2019-06-16T00:15:00+09:00,J3,359,275,634
2019-06-16T00:15:00+09:00,J4,425,393,818
2019-06-16T00:15:00+09:00,J5,169,183,352
2019-06-16T00:30:00+09:00,J1,374,305,679
2019-06-16T00:30:00+09:00,J2,220,250,470
2019-06-16T00:30:00+09:00,J3,412,315,727
2019-06-16T00:30:00+09:00,J4,466,392,858
2019-06-16T00:30:00+09:00,J5,296,342,638
2019-06-16T00:45:00+09:00,J1,334,257,591
2019-06-16T00:45:00+09:00,J2,228,270,498
2019-06-16T00:45:00+09:00,J3,432,399,831
2019-06-16T00:45:00+09:00,J4,516,439,955
2019-06-16T00:45:00+09:00,J5,397,424,821
2019-06-16T05:45:00+09:00,J1,300,305,605
2019-06-16T05:45:00+09:00,J2,409,444,853
2019-06-16T05:45:00+09:00,J3,598,466,1064
2019-06-16T05:45:00+09:00,J4,454,517,971
2019-06-16T05:45:00+09:00,J5,227,215,442
2019-06-16T06:00:00+09:00,J1,420,439,859
2019-06-16T06:00:00+09:00,J2,269,284,553
2019-06-16T06:00:00+09:00,J3,544,518,1062
2019-06-16T06:00:00+09:00,J4,426,481,907
2019-06-16T06:00:00+09:00,J5,248,345,593
2019-06-16T06:15:00+09:00,J1,530,551,1081
2019-06-16T06:15:00+09:00,J2,337,287,624
2019-06-16T06:15:00+09:00,J3,514,547,1061
2019-06-16T06:15:00+09:00,J4,539,491,1030
2019-06-16T06:15:00+09:00,J5,311,379,690
2019-06-16T06:30:00+09:00,J1,456,449,905
2019-06-16T06:30:00+09:00,J2,253,253,506
2019-06-16T06:30:00+09:00,J3,436,410,846
2019-06-16T06:30:00+09:00,J4,501,544,1045
2019-06-16T06:30:00+09:00,J5,285,259,544
2019-06-16T06:45:00+09:00,J1,431,477,908
2019-06-16T06:45:00+09:00,J2,295,317,612
2019-06-16T06:45:00+09:00,J3,405,373,778
2019-06-16T06:45:00+09:00,J4,625,699,1324
2019-06-16T06:45:00+09:00,J5,267,261,528
2019-06-16T07:00:00+09:00,J1,559,532,1091
2019-06-16T07:00:00+09:00,J2,265,264,529
2019-06-16T07:00:00+09:00,J3,480,448,928
2019-06-16T07:00:00+09:00,J4,667,695,1362
2019-06-16T07:00:00+09:00,J5,263,227,490
2019-06-16T07:15:00+09:00,J1,556,545,1101
2019-06-16T07:15:00+09:00,J2,338,325,663
2019-06-16T07:15:00+09:00,J3,392,446,838
2019-06-16T07:15:00+09:00,J4,611,659,1270
2019-06-16T07:15:00+09:00,J5,274,282,556
2019-06-16T07:30:00+09:00,J1,646,597,1243
2019-06-16T07:30:00+09:00,J2,316,285,601
2019-06-16T07:30:00+09:00,J3,500,444,944
2019-06-16T07:30:00+09:00,J4,591,634,1225
2019-06-16T07:30:00+09:00,J5,328,298,626
2019-06-16T07:45:00+09:00,J1,573,552,1125
2019-06-16T07:45:00+09:00,J2,280,282,562
2019-06-16T07:45:00+09:00,J3,504,463,967
2019-06-16T07:45:00+09:00,J4,599,588,1187
2019-06-16T07:45:00+09:00,J5,240,263,503
2019-06-16T08:00:00+09:00,J1,778,733,1511
2019-06-16T08:00:00+09:00,J2,383,380,763
2019-06-16T08:00:00+09:00,J3,582,632,1214
2019-06-16T08:00:00+09:00,J4,642,685,1327
2019-06-16T08:00:00+09:00,J5,385,365,750
2019-06-16T08:15:00+09:00,J1,762,728,1490
2019-06-16T08:15:00+09:00,J2,470,371,841
2019-06-16T08:15:00+09:00,J3,617,604,1221
2019-06-16T08:15:00+09:00,J4,738,779,1517
2019-06-16T08:15:00+09:00,J5,437,404,841
2019-06-16T08:30:00+09:00,J1,827,723,1550
2019-06-16T08:30:00+09:00,J2,416,415,831
2019-06-16T08:30:00+09:00,J3,534,572,1106
2019-06-16T08:30:00+09:00,J4,689,718,1407
2019-06-16T08:30:00+09:00,J5,448,529,977
2019-06-16T08:45:00+09:00,J1,778,791,1569
2019-06-16T08:45:00+09:00,J2,461,351,812
2019-06-16T08:45:00+09:00,J3,536,534,1070
2019-06-16T08:45:00+09:00,J4,666,646,1312
2019-06-16T08:45:00+09:00,J5,395,367,762
2019-06-16T09:00:00+09:00,J1,685,625,1310
2019-06-16T09:00:00+09:00,J2,452,326,778
2019-06-16T09:00:00+09:00,J3,533,493,1026
2019-06-16T09:00:00+09:00,J4,646,674,1320
2019-06-16T09:00:00+09:00,J5,452,455,907
2019-06-16T09:15:00+09:00,J1,696,632,1328
2019-06-16T09:15:00+09:00,J2,474,419,893
2019-06-16T09:15:00+09:00,J3,526,554,1080
2019-06-16T09:15:00+09:00,J4,599,622,1221
2019-06-16T09:15:00+09:00,J5,463,507,970
2019-06-16T09:30:00+09:00,J1,727,648,1375
2019-06-16T09:30:00+09:00,J2,444,418,862
2019-06-16T09:30:00+09:00,J3,573,484,1057
2019-06-16T09:30:00+09:00,J4,661,680,1341
2019-06-16T09:30:00+09:00,J5,503,502,1005
2019-06-16T09:45:00+09:00,J1,717,680,1397
2019-06-16T09:45:00+09:00,J2,391,432,823
2019-06-16T09:45:00+09:00,J3,564,493,1057
2019-06-16T09:45:00+09:00,J4,808,808,1616
2019-06-16T09:45:00+09:00,J5,437,485,922
2019-06-16T10:00:00+09:00,J1,735,725,1460
2019-06-16T10:00:00+09:00,J2,524,446,970
2019-06-16T10:00:00+09:00,J3,482,551,1033
2019-06-16T10:00:00+09:00,J4,851,853,1704
2019-06-16T10:00:00+09:00,J5,430,471,901
2019-06-16T10:15:00+09:00,J1,706,657,1363
2019-06-16T10:15:00+09:00,J2,471,505,976
2019-06-16T10:15:00+09:00,J3,463,505,968
2019-06-16T10:15:00+09:00,J4,808,738,1546
2019-06-16T10:15:00+09:00,J5,452,487,939
2019-06-16T10:30:00+09:00,J1,733,690,1423
2019-06-16T10:30:00+09:00,J2,460,504,964
2019-06-16T10:30:00+09:00,J3,551,618,1169
2019-06-16T10:30:00+09:00,J4,746,791,1537
2019-06-16T10:30:00+09:00,J5,441,434,875
2019-06-16T10:45:00+09:00,J1,768,690,1458
2019-06-16T10:45:00+09:00,J2,513,475,988
2019-06-16T10:45:00+09:00,J3,608,630,1238
2019-06-16T10:45:00+09:00,J4,728,715,1443
2019-06-16T10:45:00+09:00,J5,462,453,915
2019-06-16T11:00:00+09:00,J1,891,885,1776
2019-06-16T11:00:00+09:00,J2,472,442,914
2019-06-16T11:00:00+09:00,J3,698,656,1354
2019-06-16T11:00:00+09:00,J4,701,764,1465
2019-06-16T11:00:00+09:00,J5,451,467,918
2019-06-16T11:15:00+09:00,J1,845,854,1699
2019-06-16T11:15:00+09:00,J2,497,479,976
2019-06-16T11:15:00+09:00,J3,718,767,1485
2019-06-16T11:15:00+09:00,J4,642,740,1382
2019-06-16T11:15:00+09:00,J5,484,496,980
2019-06-16T11:30:00+09:00,J1,908,825,1733
2019-06-16T11:30:00+09:00,J2,487,380,867
2019-06-16T11:30:00+09:00,J3,820,741,1561
2019-06-16T11:30:00+09:00,J4,732,784,1516
2019-06-16T11:30:00+09:00,J5,442,460,902
2019-06-16T11:45:00+09:00,J1,882,796,1678
2019-06-16T11:45:00+09:00,J2,471,411,882
2019-06-16T11:45:00+09:00,J3,732,807,1539
2019-06-16T11:45:00+09:00,J4,671,770,1441
2019-06-16T11:45:00+09:00,J5,408,474,882
2019-06-16T12:00:00+09:00,J1,824,854,1678
2019-06-16T12:00:00+09:00,J2,501,426,927
2019-06-16T12:00:00+09:00,J3,849,809,1658
2019-06-16T12:00:00+09:00,J4,653,664,1317
2019-06-16T12:00:00+09:00,J5,424,484,908
2019-06-16T12:15:00+09:00,J1,864,807,1671
2019-06-16T12:15:00+09:00,J2,552,427,979
2019-06-16T12:15:00+09:00,J3,829,789,1618
2019-06-16T12:15:00+09:00,J4,664,730,1394
2019-06-16T12:15:00+09:00,J5,429,459,888
2019-06-16T12:30:00+09:00,J1,782,780,1562
2019-06-16T12:30:00+09:00,J2,521,402,923
2019-06-16T12:30:00+09:00,J3,881,886,1767
2019-06-16T12:30:00+09:00,J4,695,748,1443
2019-06-16T12:30:00+09:00,J5,375,459,834
2019-06-16T12:45:00+09:00,J1,822,827,1649
2019-06-16T12:45:00+09:00,J2,603,430,1033
2019-06-16T12:45:00+09:00,J3,862,853,1715
2019-06-16T12:45:00+09:00,J4,648,685,1333
2019-06-16T12:45:00+09:00,J5,431,472,903
2019-06-16T13:00:00+09:00,J1,785,810,1595
2019-06-16T13:00:00+09:00,J2,630,425,1055
2019-06-16T13:00:00+09:00,J3,942,800,1742
2019-06-16T13:00:00+09:00,J4,689,754,1443
2019-06-16T13:00:00+09:00,J5,408,495,903
2019-06-16T13:15:00+09:00,J1,640,890,1530
2019-06-16T13:15:00+09:00,J2,623,391,1014
2019-06-16T13:15:00+09:00,J3,815,825,1640
2019-06-16T13:15:00+09:00,J4,636,773,1409
2019-06-16T13:15:00+09:00,J5,409,394,803
2019-06-16T13:30:00+09:00,J1,735,820,1555
2019-06-16T13:30:00+09:00,J2,601,405,1006
2019-06-16T13:30:00+09:00,J3,858,750,1608
2019-06-16T13:30:00+09:00,J4,684,693,1377
2019-06-16T13:30:00+09:00,J5,384,405,789
2019-06-16T13:45:00+09:00,J1,843,805,1648
2019-06-16T13:45:00+09:00,J2,580,394,974
2019-06-16T13:45:00+09:00,J3,908,849,1757
2019-06-16T13:45:00+09:00,J4,749,717,1466
2019-06-16T13:45:00+09:00,J5,402,397,799
2019-06-16T14:00:00+09:00,J1,798,872,1670
2019-06-16T14:00:00+09:00,J2,638,404,1042
2019-06-16T14:00:00+09:00,J3,872,816,1688
2019-06-16T14:00:00+09:00,J4,694,757,1451
2019-06-16T14:00:00+09:00,J5,441,404,845
2019-06-16T14:15:00+09:00,J1,761,947,1708
2019-06-16T14:15:00+09:00,J2,698,426,1124
2019-06-16T14:15:00+09:00,J3,817,756,1573
2019-06-16T14:15:00+09:00,J4,688,688,1376
2019-06-16T14:15:00+09:00,J5,413,438,851
2019-06-16T14:30:00+09:00,J1,801,947,1748
2019-06-16T14:30:00+09:00,J2,607,487,1094
2019-06-16T14:30:00+09:00,J3,776,844,1620
2019-06-16T14:30:00+09:00,J4,689,741,1430
2019-06-16T14:30:00+09:00,J5,366,350,716
2019-06-16T14:45:00+09:00,J1,747,926,1673
2019-06-16T14:45:00+09:00,J2,664,506,1170
2019-06-16T14:45:00+09:00,J3,803,807,1610
2019-06-16T14:45:00+09:00,J4,742,793,1535
2019-06-16T14:45:00+09:00,J5,412,416,828
2019-06-16T15:00:00+09:00,J1,759,1050,1809
2019-06-16T15:00:00+09:00,J2,654,560,1214
2019-06-16T15:00:00+09:00,J3,773,826,1599
2019-06-16T15:00:00+09:00,J4,685,710,1395
2019-06-16T15:00:00+09:00,J5,410,425,835
2019-06-16T15:15:00+09:00,J1,877,1056,1933
2019-06-16T15:15:00+09:00,J2,754,725,1479
2019-06-16T15:15:00+09:00,J3,841,833,1674
2019-06-16T15:15:00+09:00,J4,747,687,1434
2019-06-16T15:15:00+09:00,J5,474,460,934
2019-06-16T15:30:00+09:00,J1,938,1132,2070
2019-06-16T15:30:00+09:00,J2,748,691,1439
2019-06-16T15:30:00+09:00,J3,837,914,1751
2019-06-16T15:30:00+09:00,J4,690,775,1465
2019-06-16T15:30:00+09:00,J5,409,360,769
2019-06-16T15:45:00+09:00,J1,929,1060,1989
2019-06-16T15:45:00+09:00,J2,671,691,1362
2019-06-16T15:45:00+09:00,J3,807,848,1655
2019-06-16T15:45:00+09:00,J4,691,812,1503
2019-06-16T15:45:00+09:00,J5,430,377,807
2019-06-16T16:00:00+09:00,J1,859,1023,1882
2019-06-16T16:00:00+09:00,J2,687,710,1397
2019-06-16T16:00:00+09:00,J3,711,855,1566
2019-06-16T16:00:00+09:00,J4,785,773,1558
2019-06-16T16:00:00+09:00,J5,409,406,815
2019-06-16T16:15:00+09:00,J1,850,1019,1869
2019-06-16T16:15:00+09:00,J2,692,723,1415
2019-06-16T16:15:00+09:00,J3,811,840,1651
2019-06-16T16:15:00+09:00,J4,825,751,1576
2019-06-16T16:15:00+09:00,J5,421,403,824
2019-06-16T16:30:00+09:00,J1,850,1033,1883
2019-06-16T16:30:00+09:00,J2,608,568,1176
2019-06-16T16:30:00+09:00,J3,740,762,1502
2019-06-16T16:30:00+09:00,J4,743,693,1436
2019-06-16T16:30:00+09:00,J5,418,352,770
2019-06-16T16:45:00+09:00,J1,772,894,1666
2019-06-16T16:45:00+09:00,J2,651,491,1142
2019-06-16T16:45:00+09:00,J3,763,776,1539
2019-06-16T16:45:00+09:00,J4,655,680,1335
2019-06-16T16:45:00+09:00,J5,350,354,704
2019-06-16T17:00:00+09:00,J1,883,937,1820
2019-06-16T17:00:00+09:00,J2,654,455,1109
2019-06-16T17:00:00+09:00,J3,806,766,1572
2019-06-16T17:00:00+09:00,J4,602,592,1194
2019-06-16T17:00:00+09:00,J5,387,380,767
2019-06-16T17:15:00+09:00,J1,918,957,1875
2019-06-16T17:15:00+09:00,J2,646,490,1136
2019-06-16T17:15:00+09:00,J3,805,847,1652
2019-06-16T17:15:00+09:00,J4,650,673,1323
2019-06-16T17:15:00+09:00,J5,411,410,821
2019-06-16T17:30:00+09:00,J1,872,917,1789
2019-06-16T17:30:00+09:00,J2,584,497,1081
2019-06-16T17:30:00+09:00,J3,808,840,1648
2019-06-16T17:30:00+09:00,J4,627,780,1407
2019-06-16T17:30:00+09:00,J5,402,387,789
2019-06-16T17:45:00+09:00,J1,809,903,1712
2019-06-16T17:45:00+09:00,J2,499,473,972
2019-06-16T17:45:00+09:00,J3,879,861,1740
2019-06-16T17:45:00+09:00,J4,736,776,1512
2019-06-16T17:45:00+09:00,J5,372,384,756
2019-06-16T18:00:00+09:00,J1,866,913,1779
2019-06-16T18:00:00+09:00,J2,546,433,979
2019-06-16T18:00:00+09:00,J3,862,769,1631
2019-06-16T18:00:00+09:00,J4,706,738,1444
2019-06-16T18:00:00+09:00,J5,377,430,807
2019-06-16T18:15:00+09:00,J1,891,979,1870
2019-06-16T18:15:00+09:00,J2,527,459,986
2019-06-16T18:15:00+09:00,J3,821,730,1551
2019-06-16T18:15:00+09:00,J4,816,786,1602
2019-06-16T18:15:00+09:00,J5,345,357,702
2019-06-16T18:30:00+09:00,J1,780,870,1650
2019-06-16T18:30:00+09:00,J2,507,465,972
2019-06-16T18:30:00+09:00,J3,721,652,1373
2019-06-16T18:30:00+09:00,J4,757,794,1551
2019-06-16T18:30:00+09:00,J5,349,350,699
2019-06-16T18:45:00+09:00,J1,796,880,1676
2019-06-16T18:45:00+09:00,J2,498,475,973
2019-06-16T18:45:00+09:00,J3,607,587,1194
2019-06-16T18:45:00+09:00,J4,748,707,1455
2019-06-16T18:45:00+09:00,J5,396,385,781
2019-06-16T19:00:00+09:00,J1,785,854,1639
2019-06-16T19:00:00+09:00,J2,420,455,875
2019-06-16T19:00:00+09:00,J3,545,548,1093
2019-06-16T19:00:00+09:00,J4,884,786,1670
2019-06-16T19:00:00+09:00,J5,467,467,934
2019-06-16T19:15:00+09:00,J1,734,861,1595
2019-06-16T19:15:00+09:00,J2,444,455,899
2019-06-16T19:15:00+09:00,J3,571,584,1155
2019-06-16T19:15:00+09:00,J4,939,878,1817
2019-06-16T19:15:00+09:00,J5,469,494,963
2019-06-16T19:30:00+09:00,J1,738,816,1554
2019-06-16T19:30:00+09:00,J2,430,468,898
2019-06-16T19:30:00+09:00,J3,572,558,1130
2019-06-16T19:30:00+09:00,J4,860,811,1671
2019-06-16T19:30:00+09:00,J5,505,498,1003
2019-06-16T19:45:00+09:00,J1,736,820,1556
2019-06-16T19:45:00+09:00,J2,409,424,833
2019-06-16T19:45:00+09:00,J3,500,514,1014
2019-06-16T19:45:00+09:00,J4,844,759,1603
2019-06-16T19:45:00+09:00,J5,471,438,909
2019-06-16T20:00:00+09:00,J1,804,965,1769
2019-06-16T20:00:00+09:00,J2,404,466,870
2019-06-16T20:00:00+09:00,J3,508,495,1003
2019-06-16T20:00:00+09:00,J4,864,797,1661
2019-06-16T20:00:00+09:00,J5,491,467,958
2019-06-16T20:15:00+09:00,J1,793,940,1733
2019-06-16T20:15:00+09:00,J2,431,431,862
2019-06-16T20:15:00+09:00,J3,576,455,1031
2019-06-16T20:15:00+09:00,J4,942,760,1702
2019-06-16T20:15:00+09:00,J5,556,528,1084
2019-06-16T20:30:00+09:00,J1,790,881,1671
2019-06-16T20:30:00+09:00,J2,320,276,596
2019-06-16T20:30:00+09:00,J3,550,508,1058
2019-06-16T20:30:00+09:00,J4,771,717,1488
2019-06-16T20:30:00+09:00,J5,464,522,986
2019-06-16T20:45:00+09:00,J1,768,873,1641
2019-06-16T20:45:00+09:00,J2,354,295,649
2019-06-16T20:45:00+09:00,J3,560,513,1073
2019-06-16T20:45:00+09:00,J4,733,722,1455
2019-06-16T20:45:00+09:00,J5,480,523,1003
2019-06-16T21:00:00+09:00,J1,806,963,1769
2019-06-16T21:00:00+09:00,J2,320,342,662
2019-06-16T21:00:00+09:00,J3,515,434,949
2019-06-16T21:00:00+09:00,J4,803,674,1477
2019-06-16T21:00:00+09:00,J5,448,533,981
2019-06-16T21:15:00+09:00,J1,756,875,1631
2019-06-16T21:15:00+09:00,J2,378,324,702
2019-06-16T21:15:00+09:00,J3,508,478,986
2019-06-16T21:15:00+09:00,J4,834,738,1572
2019-06-16T21:15:00+09:00,J5,497,550,1047
2019-06-16T21:30:00+09:00,J1,730,799,1529
2019-06-16T21:30:00+09:00,J2,379,323,702
2019-06-16T21:30:00+09:00,J3,522,445,967
2019-06-16T21:30:00+09:00,J4,693,740,1433
2019-06-16T21:30:00+09:00,J5,501,580,1081
2019-06-16T21:45:00+09:00,J1,694,844,1538
2019-06-16T21:45:00+09:00,J2,281,296,577
2019-06-16T21:45:00+09:00,J3,459,408,867
2019-06-16T21:45:00+09:00,J4,704,799,1503
2019-06-16T21:45:00+09:00,J5,467,470,937
2019-06-16T22:00:00+09:00,J1,730,824,1554
2019-06-16T22:00:00+09:00,J2,289,273,562
2019-06-16T22:00:00+09:00,J3,494,448,942
2019-06-16T22:00:00+09:00,J4,805,956,1761
2019-06-16T22:00:00+09:00,J5,463,468,931
2019-06-16T22:15:00+09:00,J1,689,783,1472
2019-06-16T22:15:00+09:00,J2,298,310,608
2019-06-16T22:15:00+09:00,J3,464,475,939
2019-06-16T22:15:00+09:00,J4,815,886,1701
2019-06-16T22:15:00+09:00,J5,456,464,920
2019-06-16T22:30:00+09:00,J1,655,671,1326
2019-06-16T22:30:00+09:00,J2,282,322,604
2019-06-16T22:30:00+09:00,J3,482,417,899
2019-06-16T22:30:00+09:00,J4,927,967,1894
2019-06-16T22:30:00+09:00,J5,434,457,891
2019-06-16T22:45:00+09:00,J1,674,717,1391
2019-06-16T22:45:00+09:00,J2,285,265,550
2019-06-16T22:45:00+09:00,J3,491,481,972
2019-06-16T22:45:00+09:00,J4,947,979,1926
2019-06-16T22:45:00+09:00,J5,374,419,793
2019-06-16T23:00:00+09:00,J1,682,735,1417
2019-06-16T23:00:00+09:00,J2,311,362,673
2019-06-16T23:00:00+09:00,J3,437,449,886
2019-06-16T23:00:00+09:00,J4,711,895,1606
2019-06-16T23:00:00+09:00,J5,396,459,855
2019-06-16T23:15:00+09:00,J1,571,641,1212
2019-06-16T23:15:00+09:00,J2,300,316,616
2019-06-16T23:15:00+09:00,J3,461,458,919
2019-06-16T23:15:00+09:00,J4,815,863,1678
2019-06-16T23:15:00+09:00,J5,356,417,773
2019-06-16T23:30:00+09:00,J1,657,828,1485
2019-06-16T23:30:00+09:00,J2,273,300,573
2019-06-16T23:30:00+09:00,J3,503,443,946
2019-06-16T23:30:00+09:00,J4,648,706,1354
2019-06-16T23:30:00+09:00,J5,388,401,789
2019-06-16T23:45:00+09:00,J1,550,588,1138
2019-06-16T23:45:00+09:00,J2,249,275,524
2019-06-16T23:45:00+09:00,J3,429,381,810
2019-06-16T23:45:00+09:00,J4,662,634,1296
2019-06-16T23:45:00+09:00,J5,369,466,835
2019-06-17T00:00:00+09:00,J1,665,670,1335
2019-06-17T00:00:00+09:00,J2,485,420,905
2019-06-17T00:00:00+09:00,J3,377,416,793
2019-06-17T00:00:00+09:00,J4,519,531,1050
2019-06-17T00:00:00+09:00,J5,388,437,825
2019-06-17T00:15:00+09:00,J1,356,328,684
2019-06-17T00:15:00+09:00,J2,510,456,966
2019-06-17T00:15:00+09:00,J3,584,504,1088
2019-06-17T00:15:00+09:00,J4,284,288,572
2019-06-17T00:15:00+09:00,J5,250,252,502
2019-06-17T00:30:00+09:00,J1,198,244,442
2019-06-17T00:30:00+09:00,J2,525,489,1014
2019-06-17T00:30:00+09:00,J3,537,431,968
2019-06-17T00:30:00+09:00,J4,375,336,711
2019-06-17T00:30:00+09:00,J5,157,145,302
2019-06-17T00:45:00+09:00,J1,190,245,435
2019-06-17T00:45:00+09:00,J2,552,498,1050
2019-06-17T00:45:00+09:00,J3,474,418,892
2019-06-17T00:45:00+09:00,J4,424,415,839
2019-06-17T00:45:00+09:00,J5,134,172,306
2019-06-17T05:45:00+09:00,J1,555,510,1065
2019-06-17T05:45:00+09:00,J2,264,273,537
2019-06-17T05:45:00+09:00,J3,401,371,772
2019-06-17T05:45:00+09:00,J4,714,739,1453
2019-06-17T05:45:00+09:00,J5,259,289,548
2019-06-17T06:00:00+09:00,J1,792,764,1556
2019-06-17T06:00:00+09:00,J2,341,296,637
2019-06-17T06:00:00+09:00,J3,429,368,797
2019-06-17T06:00:00+09:00,J4,813,791,1604
2019-06-17T06:00:00+09:00,J5,168,164,332
2019-06-17T06:15:00+09:00,J1,782,744,1526
2019-06-17T06:15:00+09:00,J2,374,328,702
2019-06-17T06:15:00+09:00,J3,546,497,1043
2019-06-17T06:15:00+09:00,J4,685,724,1409
2019-06-17T06:15:00+09:00,J5,219,155,374
2019-06-17T06:30:00+09:00,J1,862,913,1775
2019-06-17T06:30:00+09:00,J2,300,334,634
2019-06-17T06:30:00+09:00,J3,663,603,1266
2019-06-17T06:30:00+09:00,J4,618,670,1288
2019-06-17T06:30:00+09:00,J5,210,153,363
2019-06-17T06:45:00+09:00,J1,905,950,1855
2019-06-17T06:45:00+09:00,J2,306,254,560
2019-06-17T06:45:00+09:00,J3,689,604,1293
2019-06-17T06:45:00+09:00,J4,780,846,1626
2019-06-17T06:45:00+09:00,J5,243,173,416
2019-06-17T07:00:00+09:00,J1,974,990,1964
2019-06-17T07:00:00+09:00,J2,347,337,684
2019-06-17T07:00:00+09:00,J3,723,632,1355
2019-06-17T07:00:00+09:00,J4,854,967,1821
2019-06-17T07:00:00+09:00,J5,268,190,458
2019-06-17T07:15:00+09:00,J1,1061,1020,2081
2019-06-17T07:15:00+09:00,J2,485,322,807
2019-06-17T07:15:00+09:00,J3,730,648,1378
2019-06-17T07:15:00+09:00,J4,1009,1079,2088
2019-06-17T07:15:00+09:00,J5,234,263,497
2019-06-17T07:30:00+09:00,J1,1102,1040,2142
2019-06-17T07:30:00+09:00,J2,658,492,1150
2019-06-17T07:30:00+09:00,J3,784,809,1593
2019-06-17T07:30:00+09:00,J4,1004,1189,2193
2019-06-17T07:30:00+09:00,J5,306,379,685
2019-06-17T07:45:00+09:00,J1,1162,1037,2199
2019-06-17T07:45:00+09:00,J2,848,654,1502
2019-06-17T07:45:00+09:00,J3,781,933,1714
2019-06-17T07:45:00+09:00,J4,1044,1293,2337
2019-06-17T07:45:00+09:00,J5,388,357,745
2019-06-17T08:00:00+09:00,J1,1338,1174,2512
2019-06-17T08:00:00+09:00,J2,990,637,1627
2019-06-17T08:00:00+09:00,J3,878,1099,1977
2019-06-17T08:00:00+09:00,J4,1068,1290,2358
2019-06-17T08:00:00+09:00,J5,478,436,914
2019-06-17T08:15:00+09:00,J1,1316,1127,2443
2019-06-17T08:15:00+09:00,J2,1034,633,1667
2019-06-17T08:15:00+09:00,J3,915,1131,2046
2019-06-17T08:15:00+09:00,J4,1019,1333,2352
2019-06-17T08:15:00+09:00,J5,488,620,1108
2019-06-17T08:30:00+09:00,J1,1419,1149,2568
2019-06-17T08:30:00+09:00,J2,1072,590,1662
2019-06-17T08:30:00+09:00,J3,897,1184,2081
2019-06-17T08:30:00+09:00,J4,951,1362,2313
2019-06-17T08:30:00+09:00,J5,559,626,1185
2019-06-17T08:45:00+09:00,J1,1271,1136,2407
2019-06-17T08:45:00+09:00,J2,903,586,1489
2019-06-17T08:45:00+09:00,J3,871,1053,1924
2019-06-17T08:45:00+09:00,J4,1022,1192,2214
2019-06-17T08:45:00+09:00,J5,454,433,887
2019-06-17T09:00:00+09:00,J1,1158,1133,2291
2019-06-17T09:00:00+09:00,J2,791,638,1429
2019-06-17T09:00:00+09:00,J3,800,847,1647
2019-06-17T09:00:00+09:00,J4,812,937,1749
2019-06-17T09:00:00+09:00,J5,333,383,716
2019-06-17T09:15:00+09:00,J1,1007,1001,2008
2019-06-17T09:15:00+09:00,J2,772,624,1396
2019-06-17T09:15:00+09:00,J3,810,832,1642
2019-06-17T09:15:00+09:00,J4,933,1025,1958
2019-06-17T09:15:00+09:00,J5,359,361,720
2019-06-17T09:30:00+09:00,J1,1064,1063,2127
2019-06-17T09:30:00+09:00,J2,767,575,1342
2019-06-17T09:30:00+09:00,J3,882,837,1719
2019-06-17T09:30:00+09:00,J4,887,1034,1921
2019-06-17T09:30:00+09:00,J5,423,402,825
2019-06-17T09:45:00+09:00,J1,915,1043,1958
2019-06-17T09:45:00+09:00,J2,627,593,1220
2019-06-17T09:45:00+09:00,J3,814,830,1644
2019-06-17T09:45:00+09:00,J4,1034,1059,2093
2019-06-17T09:45:00+09:00,J5,292,338,630
2019-06-17T10:00:00+09:00,J1,884,1047,1931
2019-06-17T10:00:00+09:00,J2,609,542,1151
2019-06-17T10:00:00+09:00,J3,775,805,1580
2019-06-17T10:00:00+09:00,J4,999,962,1961
2019-06-17T10:00:00+09:00,J5,322,361,683
2019-06-17T10:15:00+09:00,J1,897,993,1890
2019-06-17T10:15:00+09:00,J2,654,590,1244
2019-06-17T10:15:00+09:00,J3,792,852,1644
2019-06-17T10:15:00+09:00,J4,1007,991,1998
2019-06-17T10:15:00+09:00,J5,417,414,831
2019-06-17T10:30:00+09:00,J1,947,923,1870
2019-06-17T10:30:00+09:00,J2,750,632,1382
2019-06-17T10:30:00+09:00,J3,893,865,1758
2019-06-17T10:30:00+09:00,J4,848,898,1746
2019-06-17T10:30:00+09:00,J5,409,379,788
2019-06-17T10:45:00+09:00,J1,976,1011,1987
2019-06-17T10:45:00+09:00,J2,777,728,1505
2019-06-17T10:45:00+09:00,J3,886,890,1776
2019-06-17T10:45:00+09:00,J4,952,1000,1952
2019-06-17T10:45:00+09:00,J5,409,451,860
2019-06-17T11:00:00+09:00,J1,967,1118,2085
2019-06-17T11:00:00+09:00,J2,779,711,1490
2019-06-17T11:00:00+09:00,J3,823,921,1744
2019-06-17T11:00:00+09:00,J4,1089,1048,2137
2019-06-17T11:00:00+09:00,J5,393,482,875
2019-06-17T11:15:00+09:00,J1,1122,1147,2269
2019-06-17T11:15:00+09:00,J2,843,678,1521
2019-06-17T11:15:00+09:00,J3,819,870,1689
2019-06-17T11:15:00+09:00,J4,947,1044,1991
2019-06-17T11:15:00+09:00,J5,388,480,868
2019-06-17T11:30:00+09:00,J1,1048,1130,2178
2019-06-17T11:30:00+09:00,J2,735,652,1387
2019-06-17T11:30:00+09:00,J3,833,903,1736
2019-06-17T11:30:00+09:00,J4,1002,1025,2027
2019-06-17T11:30:00+09:00,J5,362,406,768
2019-06-17T11:45:00+09:00,J1,1098,1173,2271
2019-06-17T11:45:00+09:00,J2,748,729,1477
2019-06-17T11:45:00+09:00,J3,834,879,1713
2019-06-17T11:45:00+09:00,J4,1033,1002,2035
2019-06-17T11:45:00+09:00,J5,315,354,669
2019-06-17T12:00:00+09:00,J1,1052,1170,2222
2019-06-17T12:00:00+09:00,J2,820,703,1523
2019-06-17T12:00:00+09:00,J3,959,904,1863
2019-06-17T12:00:00+09:00,J4,944,1026,1970
2019-06-17T12:00:00+09:00,J5,385,370,755
2019-06-17T12:15:00+09:00,J1,1085,1147,2232
2019-06-17T12:15:00+09:00,J2,815,648,1463
2019-06-17T12:15:00+09:00,J3,849,776,1625
2019-06-17T12:15:00+09:00,J4,1022,1020,2042
2019-06-17T12:15:00+09:00,J5,309,304,613
2019-06-17T12:30:00+09:00,J1,992,1033,2025
2019-06-17T12:30:00+09:00,J2,812,617,1429
2019-06-17T12:30:00+09:00,J3,800,818,1618
2019-06-17T12:30:00+09:00,J4,1027,1052,2079
2019-06-17T12:30:00+09:00,J5,330,375,705
2019-06-17T12:45:00+09:00,J1,1021,1087,2108
2019-06-17T12:45:00+09:00,J2,777,626,1403
2019-06-17T12:45:00+09:00,J3,811,791,1602
2019-06-17T12:45:00+09:00,J4,875,956,1831
2019-06-17T12:45:00+09:00,J5,342,391,733
2019-06-17T13:00:00+09:00,J1,1025,1068,2093
2019-06-17T13:00:00+09:00,J2,761,662,1423
2019-06-17T13:00:00+09:00,J3,766,811,1577
2019-06-17T13:00:00+09:00,J4,933,978,1911
2019-06-17T13:00:00+09:00,J5,310,394,704
2019-06-17T13:15:00+09:00,J1,919,1075,1994
2019-06-17T13:15:00+09:00,J2,749,597,1346
2019-06-17T13:15:00+09:00,J3,752,738,1490
2019-06-17T13:15:00+09:00,J4,1000,935,1935
2019-06-17T13:15:00+09:00,J5,302,378,680
2019-06-17T13:30:00+09:00,J1,844,998,1842
2019-06-17T13:30:00+09:00,J2,729,653,1382
2019-06-17T13:30:00+09:00,J3,804,762,1566
2019-06-17T13:30:00+09:00,J4,1013,1067,2080
2019-06-17T13:30:00+09:00,J5,327,312,639
2019-06-17T13:45:00+09:00,J1,820,953,1773
2019-06-17T13:45:00+09:00,J2,686,630,1316
2019-06-17T13:45:00+09:00,J3,783,789,1572
2019-06-17T13:45:00+09:00,J4,1031,1085,2116
2019-06-17T13:45:00+09:00,J5,278,347,625
2019-06-17T14:00:00+09:00,J1,803,851,1654
2019-06-17T14:00:00+09:00,J2,750,677,1427
2019-06-17T14:00:00+09:00,J3,865,762,1627
2019-06-17T14:00:00+09:00,J4,1031,1029,2060
2019-06-17T14:00:00+09:00,J5,261,294,555
2019-06-17T14:15:00+09:00,J1,840,891,1731
2019-06-17T14:15:00+09:00,J2,728,637,1365
2019-06-17T14:15:00+09:00,J3,815,788,1603
2019-06-17T14:15:00+09:00,J4,898,931,1829
2019-06-17T14:15:00+09:00,J5,295,343,638
2019-06-17T14:30:00+09:00,J1,901,948,1849
2019-06-17T14:30:00+09:00,J2,752,566,1318
2019-06-17T14:30:00+09:00,J3,937,807,1744
2019-06-17T14:30:00+09:00,J4,833,890,1723
2019-06-17T14:30:00+09:00,J5,290,299,589
2019-06-17T14:45:00+09:00,J1,862,1040,1902
2019-06-17T14:45:00+09:00,J2,684,550,1234
2019-06-17T14:45:00+09:00,J3,745,750,1495
2019-06-17T14:45:00+09:00,J4,779,837,1616
2019-06-17T14:45:00+09:00,J5,272,310,582
2019-06-17T15:00:00+09:00,J1,920,1020,1940
2019-06-17T15:00:00+09:00,J2,732,590,1322
2019-06-17T15:00:00+09:00,J3,716,734,1450
2019-06-17T15:00:00+09:00,J4,798,874,1672
2019-06-17T15:00:00+09:00,J5,258,312,570
2019-06-17T15:15:00+09:00,J1,845,1027,1872
2019-06-17T15:15:00+09:00,J2,696,548,1244
2019-06-17T15:15:00+09:00,J3,756,748,1504
2019-06-17T15:15:00+09:00,J4,809,820,1629
2019-06-17T15:15:00+09:00,J5,263,274,537
2019-06-17T15:30:00+09:00,J1,884,925,1809
2019-06-17T15:30:00+09:00,J2,707,582,1289
2019-06-17T15:30:00+09:00,J3,738,793,1531
2019-06-17T15:30:00+09:00,J4,785,846,1631
2019-06-17T15:30:00+09:00,J5,280,284,564
2019-06-17T15:45:00+09:00,J1,943,1023,1966
2019-06-17T15:45:00+09:00,J2,716,533,1249
2019-06-17T15:45:00+09:00,J3,727,730,1457
2019-06-17T15:45:00+09:00,J4,697,646,1343
2019-06-17T15:45:00+09:00,J5,276,304,580
2019-06-17T16:00:00+09:00,J1,910,967,1877
2019-06-17T16:00:00+09:00,J2,676,567,1243
2019-06-17T16:00:00+09:00,J3,728,739,1467
2019-06-17T16:00:00+09:00,J4,831,802,1633
2019-06-17T16:00:00+09:00,J5,263,285,548
2019-06-17T16:15:00+09:00,J1,956,1022,1978
2019-06-17T16:15:00+09:00,J2,754,620,1374
2019-06-17T16:15:00+09:00,J3,786,751,1537
2019-06-17T16:15:00+09:00,J4,711,744,1455
2019-06-17T16:15:00+09:00,J5,273,302,575
2019-06-17T16:30:00+09:00,J1,955,1074,2029
2019-06-17T16:30:00+09:00,J2,741,578,1319
2019-06-17T16:30:00+09:00,J3,750,796,1546
2019-06-17T16:30:00+09:00,J4,772,714,1486
2019-06-17T16:30:00+09:00,J5,267,326,593
2019-06-17T16:45:00+09:00,J1,844,1028,1872
2019-06-17T16:45:00+09:00,J2,734,557,1291
2019-06-17T16:45:00+09:00,J3,798,793,1591
2019-06-17T16:45:00+09:00,J4,830,855,1685
2019-06-17T16:45:00+09:00,J5,293,283,576
2019-06-17T17:00:00+09:00,J1,1013,1194,2207
2019-06-17T17:00:00+09:00,J2,741,585,1326
2019-06-17T17:00:00+09:00,J3,825,881,1706
2019-06-17T17:00:00+09:00,J4,895,765,1660
2019-06-17T17:00:00+09:00,J5,301,379,680
2019-06-17T17:15:00+09:00,J1,1102,1256,2358
2019-06-17T17:15:00+09:00,J2,826,645,1471
2019-06-17T17:15:00+09:00,J3,828,896,1724
2019-06-17T17:15:00+09:00,J4,901,732,1633
2019-06-17T17:15:00+09:00,J5,399,477,876
2019-06-17T17:30:00+09:00,J1,1080,1212,2292
2019-06-17T17:30:00+09:00,J2,831,718,1549
2019-06-17T17:30:00+09:00,J3,990,949,1939
2019-06-17T17:30:00+09:00,J4,926,751,1677
2019-06-17T17:30:00+09:00,J5,384,477,861
2019-06-17T17:45:00+09:00,J1,1051,1301,2352
2019-06-17T17:45:00+09:00,J2,810,706,1516
2019-06-17T17:45:00+09:00,J3,1076,912,1988
2019-06-17T17:45:00+09:00,J4,987,730,1717
2019-06-17T17:45:00+09:00,J5,364,482,846
2019-06-17T18:00:00+09:00,J1,1111,1304,2415
2019-06-17T18:00:00+09:00,J2,889,703,1592
2019-06-17T18:00:00+09:00,J3,1070,909,1979
2019-06-17T18:00:00+09:00,J4,924,789,1713
2019-06-17T18:00:00+09:00,J5,360,431,791
2019-06-17T18:15:00+09:00,J1,1069,1250,2319
2019-06-17T18:15:00+09:00,J2,831,599,1430
2019-06-17T18:15:00+09:00,J3,1127,923,2050
2019-06-17T18:15:00+09:00,J4,1001,797,1798
2019-06-17T18:15:00+09:00,J5,406,545,951
2019-06-17T18:30:00+09:00,J1,1104,1236,2340
2019-06-17T18:30:00+09:00,J2,894,692,1586
2019-06-17T18:30:00+09:00,J3,1036,956,1992
2019-06-17T18:30:00+09:00,J4,904,724,1628
2019-06-17T18:30:00+09:00,J5,483,480,963
2019-06-17T18:45:00+09:00,J1,1075,1220,2295
2019-06-17T18:45:00+09:00,J2,877,695,1572
2019-06-17T18:45:00+09:00,J3,983,936,1919
2019-06-17T18:45:00+09:00,J4,889,744,1633
2019-06-17T18:45:00+09:00,J5,422,493,915
2019-06-17T19:00:00+09:00,J1,1010,1134,2144
2019-06-17T19:00:00+09:00,J2,673,623,1296
2019-06-17T19:00:00+09:00,J3,975,873,1848
2019-06-17T19:00:00+09:00,J4,909,885,1794
2019-06-17T19:00:00+09:00,J5,386,399,785
2019-06-17T19:15:00+09:00,J1,1014,1104,2118
2019-06-17T19:15:00+09:00,J2,663,588,1251
2019-06-17T19:15:00+09:00,J3,898,847,1745
2019-06-17T19:15:00+09:00,J4,984,855,1839
2019-06-17T19:15:00+09:00,J5,405,474,879
2019-06-17T19:30:00+09:00,J1,1052,1192,2244
2019-06-17T19:30:00+09:00,J2,686,663,1349
2019-06-17T19:30:00+09:00,J3,873,821,1694
2019-06-17T19:30:00+09:00,J4,980,956,1936
2019-06-17T19:30:00+09:00,J5,418,435,853
2019-06-17T19:45:00+09:00,J1,997,1143,2140
2019-06-17T19:45:00+09:00,J2,640,591,1231
2019-06-17T19:45:00+09:00,J3,765,817,1582
2019-06-17T19:45:00+09:00,J4,914,917,1831
2019-06-17T19:45:00+09:00,J5,331,400,731
2019-06-17T20:00:00+09:00,J1,827,1063,1890
2019-06-17T20:00:00+09:00,J2,708,555,1263
2019-06-17T20:00:00+09:00,J3,751,747,1498
2019-06-17T20:00:00+09:00,J4,982,912,1894
2019-06-17T20:00:00+09:00,J5,303,410,713
2019-06-17T20:15:00+09:00,J1,938,1145,2083
2019-06-17T20:15:00+09:00,J2,666,587,1253
2019-06-17T20:15:00+09:00,J3,793,780,1573
2019-06-17T20:15:00+09:00,J4,964,863,1827
2019-06-17T20:15:00+09:00,J5,299,361,660
2019-06-17T20:30:00+09:00,J1,890,1055,1945
2019-06-17T20:30:00+09:00,J2,702,596,1298
2019-06-17T20:30:00+09:00,J3,855,743,1598
2019-06-17T20:30:00+09:00,J4,979,799,1778
2019-06-17T20:30:00+09:00,J5,247,313,560
2019-06-17T20:45:00+09:00,J1,912,992,1904
2019-06-17T20:45:00+09:00,J2,709,552,1261
2019-06-17T20:45:00+09:00,J3,765,656,1421
2019-06-17T20:45:00+09:00,J4,1039,920,1959
2019-06-17T20:45:00+09:00,J5,267,298,565
2019-06-17T21:00:00+09:00,J1,915,1073,1988
2019-06-17T21:00:00+09:00,J2,536,501,1037
2019-06-17T21:00:00+09:00,J3,778,697,1475
2019-06-17T21:00:00+09:00,J4,1051,1055,2106
2019-06-17T21:00:00+09:00,J5,236,279,515
2019-06-17T21:15:00+09:00,J1,991,1070,2061
2019-06-17T21:15:00+09:00,J2,657,525,1182
2019-06-17T21:15:00+09:00,J3,713,671,1384
2019-06-17T21:15:00+09:00,J4,1078,1013,2091
2019-06-17T21:15:00+09:00,J5,219,245,464
2019-06-17T21:30:00+09:00,J1,939,1001,1940
2019-06-17T21:30:00+09:00,J2,626,516,1142
2019-06-17T21:30:00+09:00,J3,745,612,1357
2019-06-17T21:30:00+09:00,J4,1064,977,2041
2019-06-17T21:30:00+09:00,J5,229,278,507
2019-06-17T21:45:00+09:00,J1,924,928,1852
2019-06-17T21:45:00+09:00,J2,480,436,916
2019-06-17T21:45:00+09:00,J3,640,619,1259
2019-06-17T21:45:00+09:00,J4,1072,1013,2085
2019-06-17T21:45:00+09:00,J5,213,203,416
2019-06-17T22:00:00+09:00,J1,907,983,1890
2019-06-17T22:00:00+09:00,J2,372,367,739
2019-06-17T22:00:00+09:00,J3,671,570,1241
2019-06-17T22:00:00+09:00,J4,1124,1081,2205
2019-06-17T22:00:00+09:00,J5,224,223,447
2019-06-17T22:15:00+09:00,J1,865,1006,1871
2019-06-17T22:15:00+09:00,J2,445,416,861
2019-06-17T22:15:00+09:00,J3,665,609,1274
2019-06-17T22:15:00+09:00,J4,1048,989,2037
2019-06-17T22:15:00+09:00,J5,207,221,428
2019-06-17T22:30:00+09:00,J1,878,999,1877
2019-06-17T22:30:00+09:00,J2,385,427,812
2019-06-17T22:30:00+09:00,J3,605,535,1140
2019-06-17T22:30:00+09:00,J4,993,991,1984
2019-06-17T22:30:00+09:00,J5,242,198,440
2019-06-17T22:45:00+09:00,J1,898,986,1884
2019-06-17T22:45:00+09:00,J2,299,371,670
2019-06-17T22:45:00+09:00,J3,576,533,1109
2019-06-17T22:45:00+09:00,J4,953,988,1941
2019-06-17T22:45:00+09:00,J5,215,154,369
2019-06-17T23:00:00+09:00,J1,848,853,1701
2019-06-17T23:00:00+09:00,J2,286,328,614
2019-06-17T23:00:00+09:00,J3,497,500,997
2019-06-17T23:00:00+09:00,J4,1027,988,2015
2019-06-17T23:00:00+09:00,J5,225,160,385
2019-06-17T23:15:00+09:00,J1,851,927,1778
2019-06-17T23:15:00+09:00,J2,263,336,599
2019-06-17T23:15:00+09:00,J3,586,553,1139
2019-06-17T23:15:00+09:00,J4,1115,1003,2118
2019-06-17T23:15:00+09:00,J5,205,165,370
2019-06-17T23:30:00+09:00,J1,805,873,1678
2019-06-17T23:30:00+09:00,J2,358,397,755
2019-06-17T23:30:00+09:00,J3,602,581,1183
2019-06-17T23:30:00+09:00,J4,903,860,1763
2019-06-17T23:30:00+09:00,J5,207,164,371
2019-06-17T23:45:00+09:00,J1,679,783,1462
2019-06-17T23:45:00+09:00,J2,296,315,611
2019-06-17T23:45:00+09:00,J3,558,487,1045
2019-06-17T23:45:00+09:00,J4,937,893,1830
2019-06-17T23:45:00+09:00,J5,256,158,414
2019-06-18T00:00:00+09:00,J1,664,693,1357
2019-06-18T00:00:00+09:00,J2,276,274,550
2019-06-18T00:00:00+09:00,J3,408,440,848
2019-06-18T00:00:00+09:00,J4,901,807,1708
2019-06-18T00:00:00+09:00,J5,195,129,324
2019-06-18T00:15:00+09:00,J1,257,299,556
2019-06-18T00:15:00+09:00,J2,258,283,541
2019-06-18T00:15:00+09:00,J3,385,368,753
2019-06-18T00:15:00+09:00,J4,622,603,1225
2019-06-18T00:15:00+09:00,J5,213,165,378
2019-06-18T00:30:00+09:00,J1,296,344,640
2019-06-18T00:30:00+09:00,J2,272,300,572
2019-06-18T00:30:00+09:00,J3,403,394,797
2019-06-18T00:30:00+09:00,J4,637,530,1167
2019-06-18T00:30:00+09:00,J5,278,316,594
2019-06-18T00:45:00+09:00,J1,304,383,687
2019-06-18T00:45:00+09:00,J2,209,225,434
2019-06-18T00:45:00+09:00,J3,391,373,764
2019-06-18T00:45:00+09:00,J4,588,577,1165
2019-06-18T00:45:00+09:00,J5,309,362,671
2019-06-18T05:45:00+09:00,J1,402,351,753
2019-06-18T05:45:00+09:00,J2,250,230,480
2019-06-18T05:45:00+09:00,J3,503,463,966
2019-06-18T05:45:00+09:00,J4,865,856,1721
2019-06-18T05:45:00+09:00,J5,372,452,824
2019-06-18T06:00:00+09:00,J1,497,530,1027
2019-06-18T06:00:00+09:00,J2,283,291,574
2019-06-18T06:00:00+09:00,J3,411,358,769
2019-06-18T06:00:00+09:00,J4,809,855,1664
2019-06-18T06:00:00+09:00,J5,262,323,585
2019-06-18T06:15:00+09:00,J1,496,497,993
2019-06-18T06:15:00+09:00,J2,274,303,577
2019-06-18T06:15:00+09:00,J3,421,388,809
2019-06-18T06:15:00+09:00,J4,1082,999,2081
2019-06-18T06:15:00+09:00,J5,160,110,270
2019-06-18T06:30:00+09:00,J1,592,619,1211
2019-06-18T06:30:00+09:00,J2,295,290,585
2019-06-18T06:30:00+09:00,J3,431,435,866
2019-06-18T06:30:00+09:00,J4,836,835,1671
2019-06-18T06:30:00+09:00,J5,147,174,321
2019-06-18T06:45:00+09:00,J1,624,540,1164
2019-06-18T06:45:00+09:00,J2,359,304,663
2019-06-18T06:45:00+09:00,J3,460,440,900
2019-06-18T06:45:00+09:00,J4,885,944,1829
2019-06-18T06:45:00+09:00,J5,192,191,383
2019-06-18T07:00:00+09:00,J1,604,614,1218
2019-06-18T07:00:00+09:00,J2,362,330,692
2019-06-18T07:00:00+09:00,J3,532,467,999
2019-06-18T07:00:00+09:00,J4,897,1022,1919
2019-06-18T07:00:00+09:00,J5,193,143,336
2019-06-18T07:15:00+09:00,J1,693,574,1267
2019-06-18T07:15:00+09:00,J2,406,368,774
2019-06-18T07:15:00+09:00,J3,559,611,1170
2019-06-18T07:15:00+09:00,J4,927,1016,1943
2019-06-18T07:15:00+09:00,J5,247,165,412
2019-06-18T07:30:00+09:00,J1,767,614,1381
2019-06-18T07:30:00+09:00,J2,582,446,1028
2019-06-18T07:30:00+09:00,J3,827,825,1652
2019-06-18T07:30:00+09:00,J4,733,929,1662
2019-06-18T07:30:00+09:00,J5,283,244,527
2019-06-18T07:45:00+09:00,J1,815,677,1492
2019-06-18T07:45:00+09:00,J2,795,544,1339
2019-06-18T07:45:00+09:00,J3,763,866,1629
2019-06-18T07:45:00+09:00,J4,551,884,1435
2019-06-18T07:45:00+09:00,J5,286,299,585
2019-06-18T08:00:00+09:00,J1,1000,674,1674
2019-06-18T08:00:00+09:00,J2,828,517,1345
2019-06-18T08:00:00+09:00,J3,890,1068,1958
2019-06-18T08:00:00+09:00,J4,686,1080,1766
2019-06-18T08:00:00+09:00,J5,355,387,742
2019-06-18T08:15:00+09:00,J1,1177,819,1996
2019-06-18T08:15:00+09:00,J2,899,547,1446
2019-06-18T08:15:00+09:00,J3,921,1126,2047
2019-06-18T08:15:00+09:00,J4,644,1112,1756
2019-06-18T08:15:00+09:00,J5,491,549,1040
2019-06-18T08:30:00+09:00,J1,1152,782,1934
2019-06-18T08:30:00+09:00,J2,863,489,1352
2019-06-18T08:30:00+09:00,J3,834,1077,1911
2019-06-18T08:30:00+09:00,J4,722,1185,1907
2019-06-18T08:30:00+09:00,J5,539,654,1193
2019-06-18T08:45:00+09:00,J1,947,735,1682
2019-06-18T08:45:00+09:00,J2,636,464,1100
2019-06-18T08:45:00+09:00,J3,665,924,1589
2019-06-18T08:45:00+09:00,J4,697,1014,1711
2019-06-18T08:45:00+09:00,J5,471,478,949
2019-06-18T09:00:00+09:00,J1,782,672,1454
2019-06-18T09:00:00+09:00,J2,662,452,1114
2019-06-18T09:00:00+09:00,J3,601,704,1305
2019-06-18T09:00:00+09:00,J4,672,767,1439
2019-06-18T09:00:00+09:00,J5,385,341,726
2019-06-18T09:15:00+09:00,J1,638,528,1166
2019-06-18T09:15:00+09:00,J2,649,426,1075
2019-06-18T09:15:00+09:00,J3,507,621,1128
2019-06-18T09:15:00+09:00,J4,727,832,1559
2019-06-18T09:15:00+09:00,J5,439,458,897
2019-06-18T09:30:00+09:00,J1,659,512,1171
2019-06-18T09:30:00+09:00,J2,602,474,1076
2019-06-18T09:30:00+09:00,J3,557,598,1155
2019-06-18T09:30:00+09:00,J4,651,784,1435
2019-06-18T09:30:00+09:00,J5,452,474,926
2019-06-18T09:45:00+09:00,J1,543,504,1047
2019-06-18T09:45:00+09:00,J2,558,429,987
2019-06-18T09:45:00+09:00,J3,562,527,1089
2019-06-18T09:45:00+09:00,J4,621,776,1397
2019-06-18T09:45:00+09:00,J5,426,487,913
2019-06-18T10:00:00+09:00,J1,558,541,1099
2019-06-18T10:00:00+09:00,J2,512,497,1009
2019-06-18T10:00:00+09:00,J3,507,542,1049
2019-06-18T10:00:00+09:00,J4,597,609,1206
2019-06-18T10:00:00+09:00,J5,412,504,916
2019-06-18T10:15:00+09:00,J1,537,541,1078
2019-06-18T10:15:00+09:00,J2,497,413,910
2019-06-18T10:15:00+09:00,J3,551,547,1098
2019-06-18T10:15:00+09:00,J4,572,528,1100
2019-06-18T10:15:00+09:00,J5,406,425,831
2019-06-18T10:30:00+09:00,J1,574,550,1124
2019-06-18T10:30:00+09:00,J2,465,441,906
2019-06-18T10:30:00+09:00,J3,535,516,1051
2019-06-18T10:30:00+09:00,J4,588,557,1145
2019-06-18T10:30:00+09:00,J5,435,467,902
2019-06-18T10:45:00+09:00,J1,536,565,1101
2019-06-18T10:45:00+09:00,J2,496,387,883
2019-06-18T10:45:00+09:00,J3,493,472,965
2019-06-18T10:45:00+09:00,J4,709,645,1354
2019-06-18T10:45:00+09:00,J5,436,458,894
2019-06-18T11:00:00+09:00,J1,601,587,1188
2019-06-18T11:00:00+09:00,J2,488,431,919
2019-06-18T11:00:00+09:00,J3,588,517,1105
2019-06-18T11:00:00+09:00,J4,748,684,1432
2019-06-18T11:00:00+09:00,J5,418,428,846
2019-06-18T11:15:00+09:00,J1,656,699,1355
2019-06-18T11:15:00+09:00,J2,500,506,1006
2019-06-18T11:15:00+09:00,J3,603,532,1135
2019-06-18T11:15:00+09:00,J4,864,911,1775
2019-06-18T11:15:00+09:00,J5,350,424,774
2019-06-18T11:30:00+09:00,J1,566,663,1229
2019-06-18T11:30:00+09:00,J2,487,483,970
2019-06-18T11:30:00+09:00,J3,596,480,1076
2019-06-18T11:30:00+09:00,J4,899,854,1753
2019-06-18T11:30:00+09:00,J5,213,273,486
2019-06-18T11:45:00+09:00,J1,677,732,1409
2019-06-18T11:45:00+09:00,J2,464,472,936
2019-06-18T11:45:00+09:00,J3,550,560,1110
2019-06-18T11:45:00+09:00,J4,906,819,1725
2019-06-18T11:45:00+09:00,J5,312,373,685
2019-06-18T12:00:00+09:00,J1,704,810,1514
2019-06-18T12:00:00+09:00,J2,454,523,977
2019-06-18T12:00:00+09:00,J3,585,654,1239
2019-06-18T12:00:00+09:00,J4,910,892,1802
2019-06-18T12:00:00+09:00,J5,428,458,886
2019-06-18T12:15:00+09:00,J1,641,724,1365
2019-06-18T12:15:00+09:00,J2,500,518,1018
2019-06-18T12:15:00+09:00,J3,624,615,1239
2019-06-18T12:15:00+09:00,J4,860,808,1668
2019-06-18T12:15:00+09:00,J5,413,465,878
2019-06-18T12:30:00+09:00,J1,661,658,1319
2019-06-18T12:30:00+09:00,J2,564,557,1121
2019-06-18T12:30:00+09:00,J3,613,681,1294
2019-06-18T12:30:00+09:00,J4,834,849,1683
2019-06-18T12:30:00+09:00,J5,384,391,775
2019-06-18T12:45:00+09:00,J1,603,589,1192
2019-06-18T12:45:00+09:00,J2,455,466,921
2019-06-18T12:45:00+09:00,J3,587,699,1286
2019-06-18T12:45:00+09:00,J4,715,766,1481
2019-06-18T12:45:00+09:00,J5,402,333,735
2019-06-18T13:00:00+09:00,J1,648,640,1288
2019-06-18T13:00:00+09:00,J2,502,501,1003
2019-06-18T13:00:00+09:00,J3,602,643,1245
2019-06-18T13:00:00+09:00,J4,718,722,1440
2019-06-18T13:00:00+09:00,J5,348,398,746
2019-06-18T13:15:00+09:00,J1,610,671,1281
2019-06-18T13:15:00+09:00,J2,474,522,996
2019-06-18T13:15:00+09:00,J3,732,716,1448
2019-06-18T13:15:00+09:00,J4,735,731,1466
2019-06-18T13:15:00+09:00,J5,426,434,860
2019-06-18T13:30:00+09:00,J1,639,632,1271
2019-06-18T13:30:00+09:00,J2,491,435,926
2019-06-18T13:30:00+09:00,J3,631,675,1306
2019-06-18T13:30:00+09:00,J4,647,752,1399
2019-06-18T13:30:00+09:00,J5,416,418,834
2019-06-18T13:45:00+09:00,J1,577,668,1245
2019-06-18T13:45:00+09:00,J2,510,410,920
2019-06-18T13:45:00+09:00,J3,701,726,1427
2019-06-18T13:45:00+09:00,J4,692,700,1392
2019-06-18T13:45:00+09:00,J5,403,372,775
2019-06-18T14:00:00+09:00,J1,569,677,1246
2019-06-18T14:00:00+09:00,J2,493,413,906
2019-06-18T14:00:00+09:00,J3,633,637,1270
2019-06-18T14:00:00+09:00,J4,699,696,1395
2019-06-18T14:00:00+09:00,J5,397,391,788
2019-06-18T14:15:00+09:00,J1,506,692,1198
2019-06-18T14:15:00+09:00,J2,491,460,951
2019-06-18T14:15:00+09:00,J3,729,745,1474
2019-06-18T14:15:00+09:00,J4,681,656,1337
2019-06-18T14:15:00+09:00,J5,368,359,727
2019-06-18T14:30:00+09:00,J1,588,654,1242
2019-06-18T14:30:00+09:00,J2,566,499,1065
2019-06-18T14:30:00+09:00,J3,703,668,1371
2019-06-18T14:30:00+09:00,J4,618,737,1355
2019-06-18T14:30:00+09:00,J5,384,360,744
2019-06-18T14:45:00+09:00,J1,588,673,1261
2019-06-18T14:45:00+09:00,J2,516,404,920
2019-06-18T14:45:00+09:00,J3,706,712,1418
2019-06-18T14:45:00+09:00,J4,616,690,1306
2019-06-18T14:45:00+09:00,J5,400,352,752
2019-06-18T15:00:00+09:00,J1,578,728,1306
2019-06-18T15:00:00+09:00,J2,585,432,1017
2019-06-18T15:00:00+09:00,J3,717,768,1485
2019-06-18T15:00:00+09:00,J4,612,649,1261
2019-06-18T15:00:00+09:00,J5,462,408,870
2019-06-18T15:15:00+09:00,J1,578,756,1334
2019-06-18T15:15:00+09:00,J2,533,501,1034
2019-06-18T15:15:00+09:00,J3,802,788,1590
2019-06-18T15:15:00+09:00,J4,676,751,1427
2019-06-18T15:15:00+09:00,J5,473,430,903
2019-06-18T15:30:00+09:00,J1,663,866,1529
2019-06-18T15:30:00+09:00,J2,672,445,1117
2019-06-18T15:30:00+09:00,J3,906,951,1857
2019-06-18T15:30:00+09:00,J4,697,728,1425
2019-06-18T15:30:00+09:00,J5,322,373,695
2019-06-18T15:45:00+09:00,J1,610,758,1368
2019-06-18T15:45:00+09:00,J2,689,467,1156
2019-06-18T15:45:00+09:00,J3,936,894,1830
2019-06-18T15:45:00+09:00,J4,605,703,1308
2019-06-18T15:45:00+09:00,J5,412,371,783
2019-06-18T16:00:00+09:00,J1,656,838,1494
2019-06-18T16:00:00+09:00,J2,689,442,1131
2019-06-18T16:00:00+09:00,J3,926,886,1812
2019-06-18T16:00:00+09:00,J4,683,640,1323
2019-06-18T16:00:00+09:00,J5,496,456,952
2019-06-18T16:15:00+09:00,J1,668,838,1506
2019-06-18T16:15:00+09:00,J2,664,510,1174
2019-06-18T16:15:00+09:00,J3,891,888,1779
2019-06-18T16:15:00+09:00,J4,736,761,1497
2019-06-18T16:15:00+09:00,J5,392,407,799
2019-06-18T16:30:00+09:00,J1,567,766,1333
2019-06-18T16:30:00+09:00,J2,614,400,1014
2019-06-18T16:30:00+09:00,J3,824,872,1696
2019-06-18T16:30:00+09:00,J4,705,750,1455
2019-06-18T16:30:00+09:00,J5,380,411,791
2019-06-18T16:45:00+09:00,J1,533,700,1233
2019-06-18T16:45:00+09:00,J2,631,419,1050
2019-06-18T16:45:00+09:00,J3,827,809,1636
2019-06-18T16:45:00+09:00,J4,701,666,1367
2019-06-18T16:45:00+09:00,J5,482,485,967
2019-06-18T17:00:00+09:00,J1,623,861,1484
2019-06-18T17:00:00+09:00,J2,657,461,1118
2019-06-18T17:00:00+09:00,J3,852,747,1599
2019-06-18T17:00:00+09:00,J4,723,674,1397
2019-06-18T17:00:00+09:00,J5,519,524,1043
2019-06-18T17:15:00+09:00,J1,742,906,1648
2019-06-18T17:15:00+09:00,J2,654,490,1144
2019-06-18T17:15:00+09:00,J3,916,848,1764
2019-06-18T17:15:00+09:00,J4,742,695,1437
2019-06-18T17:15:00+09:00,J5,454,489,943
2019-06-18T17:30:00+09:00,J1,784,915,1699
2019-06-18T17:30:00+09:00,J2,719,538,1257
2019-06-18T17:30:00+09:00,J3,1024,954,1978
2019-06-18T17:30:00+09:00,J4,879,766,1645
2019-06-18T17:30:00+09:00,J5,496,561,1057
2019-06-18T17:45:00+09:00,J1,864,918,1782
2019-06-18T17:45:00+09:00,J2,725,565,1290
2019-06-18T17:45:00+09:00,J3,1072,978,2050
2019-06-18T17:45:00+09:00,J4,957,864,1821
2019-06-18T17:45:00+09:00,J5,509,543,1052
2019-06-18T18:00:00+09:00,J1,898,947,1845
2019-06-18T18:00:00+09:00,J2,738,565,1303
2019-06-18T18:00:00+09:00,J3,1074,914,1988
2019-06-18T18:00:00+09:00,J4,932,867,1799
2019-06-18T18:00:00+09:00,J5,476,506,982
2019-06-18T18:15:00+09:00,J1,804,941,1745
2019-06-18T18:15:00+09:00,J2,711,566,1277
2019-06-18T18:15:00+09:00,J3,1015,841,1856
2019-06-18T18:15:00+09:00,J4,1045,811,1856
2019-06-18T18:15:00+09:00,J5,399,466,865
2019-06-18T18:30:00+09:00,J1,678,844,1522
2019-06-18T18:30:00+09:00,J2,632,515,1147
2019-06-18T18:30:00+09:00,J3,967,802,1769
2019-06-18T18:30:00+09:00,J4,923,693,1616
2019-06-18T18:30:00+09:00,J5,420,461,881
2019-06-18T18:45:00+09:00,J1,653,819,1472
2019-06-18T18:45:00+09:00,J2,592,512,1104
2019-06-18T18:45:00+09:00,J3,870,783,1653
2019-06-18T18:45:00+09:00,J4,925,744,1669
2019-06-18T18:45:00+09:00,J5,380,421,801
2019-06-18T19:00:00+09:00,J1,689,787,1476
2019-06-18T19:00:00+09:00,J2,568,462,1030
2019-06-18T19:00:00+09:00,J3,861,710,1571
2019-06-18T19:00:00+09:00,J4,925,758,1683
2019-06-18T19:00:00+09:00,J5,434,484,918
2019-06-18T19:15:00+09:00,J1,566,744,1310
2019-06-18T19:15:00+09:00,J2,515,412,927
2019-06-18T19:15:00+09:00,J3,870,675,1545
2019-06-18T19:15:00+09:00,J4,1012,775,1787
2019-06-18T19:15:00+09:00,J5,498,507,1005
2019-06-18T19:30:00+09:00,J1,565,688,1253
2019-06-18T19:30:00+09:00,J2,480,423,903
2019-06-18T19:30:00+09:00,J3,823,689,1512
2019-06-18T19:30:00+09:00,J4,955,802,1757
2019-06-18T19:30:00+09:00,J5,510,545,1055
2019-06-18T19:45:00+09:00,J1,544,637,1181
2019-06-18T19:45:00+09:00,J2,477,438,915
2019-06-18T19:45:00+09:00,J3,692,601,1293
2019-06-18T19:45:00+09:00,J4,909,750,1659
2019-06-18T19:45:00+09:00,J5,513,595,1108
2019-06-18T20:00:00+09:00,J1,458,657,1115
2019-06-18T20:00:00+09:00,J2,430,438,868
2019-06-18T20:00:00+09:00,J3,537,589,1126
2019-06-18T20:00:00+09:00,J4,945,675,1620
2019-06-18T20:00:00+09:00,J5,551,573,1124
2019-06-18T20:15:00+09:00,J1,559,662,1221
2019-06-18T20:15:00+09:00,J2,452,415,867
2019-06-18T20:15:00+09:00,J3,672,560,1232
2019-06-18T20:15:00+09:00,J4,905,748,1653
2019-06-18T20:15:00+09:00,J5,501,580,1081
2019-06-18T20:30:00+09:00,J1,537,651,1188
2019-06-18T20:30:00+09:00,J2,375,362,737
2019-06-18T20:30:00+09:00,J3,506,482,988
2019-06-18T20:30:00+09:00,J4,882,713,1595
2019-06-18T20:30:00+09:00,J5,463,492,955
2019-06-18T20:45:00+09:00,J1,569,705,1274
2019-06-18T20:45:00+09:00,J2,385,435,820
2019-06-18T20:45:00+09:00,J3,496,537,1033
2019-06-18T20:45:00+09:00,J4,897,689,1586
2019-06-18T20:45:00+09:00,J5,477,508,985
2019-06-18T21:00:00+09:00,J1,584,699,1283
2019-06-18T21:00:00+09:00,J2,377,421,798
2019-06-18T21:00:00+09:00,J3,540,511,1051
2019-06-18T21:00:00+09:00,J4,987,762,1749
2019-06-18T21:00:00+09:00,J5,510,550,1060
2019-06-18T21:15:00+09:00,J1,574,752,1326
2019-06-18T21:15:00+09:00,J2,409,415,824
2019-06-18T21:15:00+09:00,J3,519,569,1088
2019-06-18T21:15:00+09:00,J4,1006,795,1801
2019-06-18T21:15:00+09:00,J5,422,449,871
2019-06-18T21:30:00+09:00,J1,534,570,1104
2019-06-18T21:30:00+09:00,J2,349,342,691
2019-06-18T21:30:00+09:00,J3,579,515,1094
2019-06-18T21:30:00+09:00,J4,852,733,1585
2019-06-18T21:30:00+09:00,J5,489,484,973
2019-06-18T21:45:00+09:00,J1,463,587,1050
2019-06-18T21:45:00+09:00,J2,314,372,686
2019-06-18T21:45:00+09:00,J3,493,490,983
2019-06-18T21:45:00+09:00,J4,933,785,1718
2019-06-18T21:45:00+09:00,J5,474,528,1002
2019-06-18T22:00:00+09:00,J1,506,596,1102
2019-06-18T22:00:00+09:00,J2,321,349,670
2019-06-18T22:00:00+09:00,J3,496,435,931
2019-06-18T22:00:00+09:00,J4,938,842,1780
2019-06-18T22:00:00+09:00,J5,433,537,970
2019-06-18T22:15:00+09:00,J1,554,656,1210
2019-06-18T22:15:00+09:00,J2,280,359,639
2019-06-18T22:15:00+09:00,J3,513,474,987
2019-06-18T22:15:00+09:00,J4,847,864,1711
2019-06-18T22:15:00+09:00,J5,504,572,1076
2019-06-18T22:30:00+09:00,J1,596,604,1200
2019-06-18T22:30:00+09:00,J2,351,421,772
2019-06-18T22:30:00+09:00,J3,513,479,992
2019-06-18T22:30:00+09:00,J4,887,880,1767
2019-06-18T22:30:00+09:00,J5,454,484,938
2019-06-18T22:45:00+09:00,J1,541,594,1135
2019-06-18T22:45:00+09:00,J2,290,360,650
2019-06-18T22:45:00+09:00,J3,478,477,955
2019-06-18T22:45:00+09:00,J4,919,921,1840
2019-06-18T22:45:00+09:00,J5,341,394,735
2019-06-18T23:00:00+09:00,J1,513,550,1063
2019-06-18T23:00:00+09:00,J2,360,380,740
2019-06-18T23:00:00+09:00,J3,445,416,861
2019-06-18T23:00:00+09:00,J4,946,986,1932
2019-06-18T23:00:00+09:00,J5,252,280,532
2019-06-18T23:15:00+09:00,J1,475,510,985
2019-06-18T23:15:00+09:00,J2,308,422,730
2019-06-18T23:15:00+09:00,J3,408,406,814
2019-06-18T23:15:00+09:00,J4,1066,1023,2089
2019-06-18T23:15:00+09:00,J5,249,282,531
2019-06-18T23:30:00+09:00,J1,565,618,1183
2019-06-18T23:30:00+09:00,J2,297,377,674
2019-06-18T23:30:00+09:00,J3,405,434,839
2019-06-18T23:30:00+09:00,J4,890,806,1696
2019-06-18T23:30:00+09:00,J5,268,316,584
2019-06-18T23:45:00+09:00,J1,406,455,861
2019-06-18T23:45:00+09:00,J2,261,297,558
2019-06-18T23:45:00+09:00,J3,399,379,778
2019-06-18T23:45:00+09:00,J4,682,653,1335
2019-06-18T23:45:00+09:00,J5,341,321,662
2019-06-19T00:00:00+09:00,J1,453,476,929
2019-06-19T00:00:00+09:00,J2,258,236,494
2019-06-19T00:00:00+09:00,J3,451,366,817
2019-06-19T00:00:00+09:00,J4,544,541,1085
2019-06-19T00:00:00+09:00,J5,396,430,826
2019-06-19T00:15:00+09:00,J1,204,284,488
2019-06-19T00:15:00+09:00,J2,250,271,521
2019-06-19T00:15:00+09:00,J3,499,421,920
2019-06-19T00:15:00+09:00,J4,409,364,773
2019-06-19T00:15:00+09:00,J5,270,260,530
2019-06-19T00:30:00+09:00,J1,154,228,382
2019-06-19T00:30:00+09:00,J2,360,335,695
2019-06-19T00:30:00+09:00,J3,571,430,1001
2019-06-19T00:30:00+09:00,J4,302,312,614
2019-06-19T00:30:00+09:00,J5,146,159,305
2019-06-19T00:45:00+09:00,J1,231,198,429
2019-06-19T00:45:00+09:00,J2,366,319,685
2019-06-19T00:45:00+09:00,J3,517,434,951
2019-06-19T00:45:00+09:00,J4,298,292,590
2019-06-19T00:45:00+09:00,J5,162,181,343
2019-06-19T05:45:00+09:00,J1,192,252,444
2019-06-19T05:45:00+09:00,J2,406,359,765
2019-06-19T05:45:00+09:00,J3,432,445,877
2019-06-19T05:45:00+09:00,J4,378,320,698
2019-06-19T05:45:00+09:00,J5,190,187,377
2019-06-19T06:00:00+09:00,J1,325,328,653
2019-06-19T06:00:00+09:00,J2,554,477,1031
2019-06-19T06:00:00+09:00,J3,543,490,1033
2019-06-19T06:00:00+09:00,J4,499,392,891
2019-06-19T06:00:00+09:00,J5,201,240,441
2019-06-19T06:15:00+09:00,J1,351,359,710
2019-06-19T06:15:00+09:00,J2,524,566,1090
2019-06-19T06:15:00+09:00,J3,635,561,1196
2019-06-19T06:15:00+09:00,J4,499,484,983
2019-06-19T06:15:00+09:00,J5,241,226,467
2019-06-19T06:30:00+09:00,J1,274,352,626
2019-06-19T06:30:00+09:00,J2,455,424,879
2019-06-19T06:30:00+09:00,J3,544,489,1033
2019-06-19T06:30:00+09:00,J4,559,512,1071
2019-06-19T06:30:00+09:00,J5,260,272,532
2019-06-19T06:45:00+09:00,J1,257,285,542
2019-06-19T06:45:00+09:00,J2,523,477,1000
2019-06-19T06:45:00+09:00,J3,445,430,875
2019-06-19T06:45:00+09:00,J4,622,638,1260
2019-06-19T06:45:00+09:00,J5,342,342,684
2019-06-19T07:00:00+09:00,J1,429,365,794
2019-06-19T07:00:00+09:00,J2,392,371,763
2019-06-19T07:00:00+09:00,J3,524,459,983
2019-06-19T07:00:00+09:00,J4,697,676,1373
2019-06-19T07:00:00+09:00,J5,342,373,715
2019-06-19T07:15:00+09:00,J1,373,390,763
2019-06-19T07:15:00+09:00,J2,403,318,721
2019-06-19T07:15:00+09:00,J3,439,438,877
2019-06-19T07:15:00+09:00,J4,780,774,1554
2019-06-19T07:15:00+09:00,J5,392,451,843
2019-06-19T07:30:00+09:00,J1,445,412,857
2019-06-19T07:30:00+09:00,J2,363,338,701
2019-06-19T07:30:00+09:00,J3,561,517,1078
2019-06-19T07:30:00+09:00,J4,743,741,1484
2019-06-19T07:30:00+09:00,J5,389,389,778
2019-06-19T07:45:00+09:00,J1,560,462,1022
2019-06-19T07:45:00+09:00,J2,554,383,937
2019-06-19T07:45:00+09:00,J3,575,576,1151
2019-06-19T07:45:00+09:00,J4,754,924,1678
2019-06-19T07:45:00+09:00,J5,336,386,722
2019-06-19T08:00:00+09:00,J1,960,673,1633
2019-06-19T08:00:00+09:00,J2,666,403,1069
2019-06-19T08:00:00+09:00,J3,655,708,1363
2019-06-19T08:00:00+09:00,J4,785,889,1674
2019-06-19T08:00:00+09:00,J5,349,334,683
2019-06-19T08:15:00+09:00,J1,1219,669,1888
2019-06-19T08:15:00+09:00,J2,780,491,1271
2019-06-19T08:15:00+09:00,J3,748,872,1620
2019-06-19T08:15:00+09:00,J4,796,1117,1913
2019-06-19T08:15:00+09:00,J5,323,311,634
2019-06-19T08:30:00+09:00,J1,1128,708,1836
2019-06-19T08:30:00+09:00,J2,827,485,1312
2019-06-19T08:30:00+09:00,J3,641,897,1538
2019-06-19T08:30:00+09:00,J4,775,1149,1924
2019-06-19T08:30:00+09:00,J5,393,333,726
2019-06-19T08:45:00+09:00,J1,817,607,1424
2019-06-19T08:45:00+09:00,J2,635,422,1057
2019-06-19T08:45:00+09:00,J3,602,773,1375
2019-06-19T08:45:00+09:00,J4,710,893,1603
2019-06-19T08:45:00+09:00,J5,308,267,575
2019-06-19T09:00:00+09:00,J1,693,584,1277
2019-06-19T09:00:00+09:00,J2,495,432,927
2019-06-19T09:00:00+09:00,J3,496,531,1027
2019-06-19T09:00:00+09:00,J4,593,730,1323
2019-06-19T09:00:00+09:00,J5,269,261,530
2019-06-19T09:15:00+09:00,J1,596,501,1097
2019-06-19T09:15:00+09:00,J2,481,368,849
2019-06-19T09:15:00+09:00,J3,510,604,1114
2019-06-19T09:15:00+09:00,J4,541,687,1228
2019-06-19T09:15:00+09:00,J5,297,268,565
2019-06-19T09:30:00+09:00,J1,569,510,1079
2019-06-19T09:30:00+09:00,J2,472,426,898
2019-06-19T09:30:00+09:00,J3,623,685,1308
2019-06-19T09:30:00+09:00,J4,680,755,1435
2019-06-19T09:30:00+09:00,J5,361,304,665
2019-06-19T09:45:00+09:00,J1,602,491,1093
2019-06-19T09:45:00+09:00,J2,439,377,816
2019-06-19T09:45:00+09:00,J3,610,669,1279
2019-06-19T09:45:00+09:00,J4,594,603,1197
2019-06-19T09:45:00+09:00,J5,258,214,472
2019-06-19T10:00:00+09:00,J1,481,501,982
2019-06-19T10:00:00+09:00,J2,446,398,844
2019-06-19T10:00:00+09:00,J3,646,620,1266
2019-06-19T10:00:00+09:00,J4,562,512,1074
2019-06-19T10:00:00+09:00,J5,317,315,632
2019-06-19T10:15:00+09:00,J1,523,516,1039
2019-06-19T10:15:00+09:00,J2,458,387,845
2019-06-19T10:15:00+09:00,J3,748,631,1379
2019-06-19T10:15:00+09:00,J4,579,587,1166
2019-06-19T10:15:00+09:00,J5,297,241,538
2019-06-19T10:30:00+09:00,J1,532,549,1081
2019-06-19T10:30:00+09:00,J2,524,487,1011
2019-06-19T10:30:00+09:00,J3,866,760,1626
2019-06-19T10:30:00+09:00,J4,563,671,1234
2019-06-19T10:30:00+09:00,J5,312,294,606
2019-06-19T10:45:00+09:00,J1,553,527,1080
2019-06-19T10:45:00+09:00,J2,557,414,971
2019-06-19T10:45:00+09:00,J3,848,809,1657
2019-06-19T10:45:00+09:00,J4,537,649,1186
2019-06-19T10:45:00+09:00,J5,315,348,663
2019-06-19T11:00:00+09:00,J1,599,535,1134
2019-06-19T11:00:00+09:00,J2,598,406,1004
2019-06-19T11:00:00+09:00,J3,772,749,1521
2019-06-19T11:00:00+09:00,J4,568,664,1232
2019-06-19T11:00:00+09:00,J5,302,340,642
2019-06-19T11:15:00+09:00,J1,680,724,1404
2019-06-19T11:15:00+09:00,J2,529,355,884
2019-06-19T11:15:00+09:00,J3,799,782,1581
2019-06-19T11:15:00+09:00,J4,603,651,1254
2019-06-19T11:15:00+09:00,J5,454,399,853
2019-06-19T11:30:00+09:00,J1,688,696,1384
2019-06-19T11:30:00+09:00,J2,596,443,1039
2019-06-19T11:30:00+09:00,J3,812,763,1575
2019-06-19T11:30:00+09:00,J4,566,636,1202
2019-06-19T11:30:00+09:00,J5,365,353,718
2019-06-19T11:45:00+09:00,J1,658,746,1404
2019-06-19T11:45:00+09:00,J2,550,428,978
2019-06-19T11:45:00+09:00,J3,882,788,1670
2019-06-19T11:45:00+09:00,J4,643,651,1294
2019-06-19T11:45:00+09:00,J5,368,401,769
2019-06-19T12:00:00+09:00,J1,720,754,1474
2019-06-19T12:00:00+09:00,J2,602,515,1117
2019-06-19T12:00:00+09:00,J3,908,834,1742
2019-06-19T12:00:00+09:00,J4,605,690,1295
2019-06-19T12:00:00+09:00,J5,455,505,960
2019-06-19T12:15:00+09:00,J1,752,736,1488
2019-06-19T12:15:00+09:00,J2,634,536,1170
2019-06-19T12:15:00+09:00,J3,931,856,1787
2019-06-19T12:15:00+09:00,J4,601,696,1297
2019-06-19T12:15:00+09:00,J5,341,385,726
2019-06-19T12:30:00+09:00,J1,675,704,1379
2019-06-19T12:30:00+09:00,J2,620,587,1207
2019-06-19T12:30:00+09:00,J3,772,808,1580
2019-06-19T12:30:00+09:00,J4,554,639,1193
2019-06-19T12:30:00+09:00,J5,399,317,716
2019-06-19T12:45:00+09:00,J1,572,723,1295
2019-06-19T12:45:00+09:00,J2,655,659,1314
2019-06-19T12:45:00+09:00,J3,794,777,1571
2019-06-19T12:45:00+09:00,J4,509,666,1175
2019-06-19T12:45:00+09:00,J5,271,295,566
2019-06-19T13:00:00+09:00,J1,537,667,1204
2019-06-19T13:00:00+09:00,J2,593,624,1217
2019-06-19T13:00:00+09:00,J3,749,738,1487
2019-06-19T13:00:00+09:00,J4,562,609,1171
2019-06-19T13:00:00+09:00,J5,319,354,673
2019-06-19T13:15:00+09:00,J1,561,693,1254
2019-06-19T13:15:00+09:00,J2,626,640,1266
2019-06-19T13:15:00+09:00,J3,744,781,1525
2019-06-19T13:15:00+09:00,J4,486,564,1050
2019-06-19T13:15:00+09:00,J5,412,397,809
2019-06-19T13:30:00+09:00,J1,575,724,1299
2019-06-19T13:30:00+09:00,J2,652,598,1250
2019-06-19T13:30:00+09:00,J3,755,703,1458
2019-06-19T13:30:00+09:00,J4,555,703,1258
2019-06-19T13:30:00+09:00,J5,358,396,754
2019-06-19T13:45:00+09:00,J1,673,727,1400
2019-06-19T13:45:00+09:00,J2,588,579,1167
2019-06-19T13:45:00+09:00,J3,695,750,1445
2019-06-19T13:45:00+09:00,J4,570,716,1286
2019-06-19T13:45:00+09:00,J5,373,384,757
2019-06-19T14:00:00+09:00,J1,613,842,1455
2019-06-19T14:00:00+09:00,J2,619,643,1262
2019-06-19T14:00:00+09:00,J3,744,714,1458
2019-06-19T14:00:00+09:00,J4,586,648,1234
2019-06-19T14:00:00+09:00,J5,403,377,780
2019-06-19T14:15:00+09:00,J1,646,751,1397
2019-06-19T14:15:00+09:00,J2,641,617,1258
2019-06-19T14:15:00+09:00,J3,703,681,1384
2019-06-19T14:15:00+09:00,J4,574,638,1212
2019-06-19T14:15:00+09:00,J5,342,358,700
2019-06-19T14:30:00+09:00,J1,602,802,1404
2019-06-19T14:30:00+09:00,J2,614,562,1176
2019-06-19T14:30:00+09:00,J3,675,684,1359
2019-06-19T14:30:00+09:00,J4,551,642,1193
2019-06-19T14:30:00+09:00,J5,353,337,690
2019-06-19T14:45:00+09:00,J1,669,806,1475
2019-06-19T14:45:00+09:00,J2,689,595,1284
2019-06-19T14:45:00+09:00,J3,762,773,1535
2019-06-19T14:45:00+09:00,J4,519,601,1120
2019-06-19T14:45:00+09:00,J5,372,377,749
2019-06-19T15:00:00+09:00,J1,788,973,1761
2019-06-19T15:00:00+09:00,J2,710,655,1365
2019-06-19T15:00:00+09:00,J3,752,767,1519
2019-06-19T15:00:00+09:00,J4,647,739,1386
2019-06-19T15:00:00+09:00,J5,354,438,792
2019-06-19T15:15:00+09:00,J1,673,844,1517
2019-06-19T15:15:00+09:00,J2,629,612,1241
2019-06-19T15:15:00+09:00,J3,706,685,1391
2019-06-19T15:15:00+09:00,J4,611,702,1313
2019-06-19T15:15:00+09:00,J5,362,405,767
2019-06-19T15:30:00+09:00,J1,688,805,1493
2019-06-19T15:30:00+09:00,J2,658,602,1260
2019-06-19T15:30:00+09:00,J3,753,731,1484
2019-06-19T15:30:00+09:00,J4,536,535,1071
2019-06-19T15:30:00+09:00,J5,436,401,837
2019-06-19T15:45:00+09:00,J1,640,731,1371
2019-06-19T15:45:00+09:00,J2,650,612,1262
2019-06-19T15:45:00+09:00,J3,687,714,1401
2019-06-19T15:45:00+09:00,J4,560,533,1093
2019-06-19T15:45:00+09:00,J5,374,417,791
2019-06-19T16:00:00+09:00,J1,679,687,1366
2019-06-19T16:00:00+09:00,J2,607,592,1199
2019-06-19T16:00:00+09:00,J3,707,718,1425
2019-06-19T16:00:00+09:00,J4,566,526,1092
2019-06-19T16:00:00+09:00,J5,397,385,782
2019-06-19T16:15:00+09:00,J1,621,758,1379
2019-06-19T16:15:00+09:00,J2,613,587,1200
2019-06-19T16:15:00+09:00,J3,708,705,1413
2019-06-19T16:15:00+09:00,J4,507,576,1083
2019-06-19T16:15:00+09:00,J5,353,362,715
2019-06-19T16:30:00+09:00,J1,604,720,1324
2019-06-19T16:30:00+09:00,J2,616,597,1213
2019-06-19T16:30:00+09:00,J3,694,734,1428
2019-06-19T16:30:00+09:00,J4,509,505,1014
2019-06-19T16:30:00+09:00,J5,391,395,786
2019-06-19T16:45:00+09:00,J1,626,707,1333
2019-06-19T16:45:00+09:00,J2,669,601,1270
2019-06-19T16:45:00+09:00,J3,716,611,1327
2019-06-19T16:45:00+09:00,J4,519,485,1004
2019-06-19T16:45:00+09:00,J5,377,385,762
2019-06-19T17:00:00+09:00,J1,653,818,1471
2019-06-19T17:00:00+09:00,J2,649,633,1282
2019-06-19T17:00:00+09:00,J3,724,677,1401
2019-06-19T17:00:00+09:00,J4,551,546,1097
2019-06-19T17:00:00+09:00,J5,462,387,849
2019-06-19T17:15:00+09:00,J1,681,900,1581
2019-06-19T17:15:00+09:00,J2,654,594,1248
2019-06-19T17:15:00+09:00,J3,704,676,1380
2019-06-19T17:15:00+09:00,J4,624,498,1122
2019-06-19T17:15:00+09:00,J5,370,401,771
2019-06-19T17:30:00+09:00,J1,652,944,1596
2019-06-19T17:30:00+09:00,J2,698,648,1346
2019-06-19T17:30:00+09:00,J3,786,714,1500
2019-06-19T17:30:00+09:00,J4,700,568,1268
2019-06-19T17:30:00+09:00,J5,399,376,775
2019-06-19T17:45:00+09:00,J1,693,907,1600
2019-06-19T17:45:00+09:00,J2,697,634,1331
2019-06-19T17:45:00+09:00,J3,828,716,1544
2019-06-19T17:45:00+09:00,J4,691,512,1203
2019-06-19T17:45:00+09:00,J5,400,479,879
2019-06-19T18:00:00+09:00,J1,687,944,1631
2019-06-19T18:00:00+09:00,J2,722,660,1382
2019-06-19T18:00:00+09:00,J3,805,683,1488
2019-06-19T18:00:00+09:00,J4,691,557,1248
2019-06-19T18:00:00+09:00,J5,405,467,872
2019-06-19T18:15:00+09:00,J1,611,837,1448
2019-06-19T18:15:00+09:00,J2,701,616,1317
2019-06-19T18:15:00+09:00,J3,748,630,1378
2019-06-19T18:15:00+09:00,J4,765,574,1339
2019-06-19T18:15:00+09:00,J5,392,480,872
2019-06-19T18:30:00+09:00,J1,621,793,1414
2019-06-19T18:30:00+09:00,J2,658,547,1205
2019-06-19T18:30:00+09:00,J3,710,529,1239
2019-06-19T18:30:00+09:00,J4,668,469,1137
2019-06-19T18:30:00+09:00,J5,390,464,854
2019-06-19T18:45:00+09:00,J1,620,741,1361
2019-06-19T18:45:00+09:00,J2,687,601,1288
2019-06-19T18:45:00+09:00,J3,659,637,1296
2019-06-19T18:45:00+09:00,J4,609,523,1132
2019-06-19T18:45:00+09:00,J5,363,455,818
2019-06-19T19:00:00+09:00,J1,631,637,1268
2019-06-19T19:00:00+09:00,J2,600,564,1164
2019-06-19T19:00:00+09:00,J3,714,600,1314
2019-06-19T19:00:00+09:00,J4,627,585,1212
2019-06-19T19:00:00+09:00,J5,367,431,798
2019-06-19T19:15:00+09:00,J1,550,642,1192
2019-06-19T19:15:00+09:00,J2,615,580,1195
2019-06-19T19:15:00+09:00,J3,784,672,1456
2019-06-19T19:15:00+09:00,J4,642,611,1253
2019-06-19T19:15:00+09:00,J5,390,389,779
2019-06-19T19:30:00+09:00,J1,565,606,1171
2019-06-19T19:30:00+09:00,J2,507,554,1061
2019-06-19T19:30:00+09:00,J3,687,654,1341
2019-06-19T19:30:00+09:00,J4,602,596,1198
2019-06-19T19:30:00+09:00,J5,319,372,691
2019-06-19T19:45:00+09:00,J1,519,586,1105
2019-06-19T19:45:00+09:00,J2,542,472,1014
2019-06-19T19:45:00+09:00,J3,716,569,1285
2019-06-19T19:45:00+09:00,J4,680,602,1282
2019-06-19T19:45:00+09:00,J5,369,378,747
2019-06-19T20:00:00+09:00,J1,521,613,1134
2019-06-19T20:00:00+09:00,J2,532,482,1014
2019-06-19T20:00:00+09:00,J3,742,630,1372
2019-06-19T20:00:00+09:00,J4,690,632,1322
2019-06-19T20:00:00+09:00,J5,378,417,795
2019-06-19T20:15:00+09:00,J1,463,596,1059
2019-06-19T20:15:00+09:00,J2,533,501,1034
2019-06-19T20:15:00+09:00,J3,767,682,1449
2019-06-19T20:15:00+09:00,J4,722,637,1359
2019-06-19T20:15:00+09:00,J5,382,379,761
2019-06-19T20:30:00+09:00,J1,428,568,996
2019-06-19T20:30:00+09:00,J2,442,397,839
2019-06-19T20:30:00+09:00,J3,759,702,1461
2019-06-19T20:30:00+09:00,J4,669,619,1288
2019-06-19T20:30:00+09:00,J5,370,362,732
2019-06-19T20:45:00+09:00,J1,553,553,1106
2019-06-19T20:45:00+09:00,J2,423,339,762
2019-06-19T20:45:00+09:00,J3,781,704,1485
2019-06-19T20:45:00+09:00,J4,700,636,1336
2019-06-19T20:45:00+09:00,J5,365,360,725
2019-06-19T21:00:00+09:00,J1,446,605,1051
2019-06-19T21:00:00+09:00,J2,513,347,860
2019-06-19T21:00:00+09:00,J3,764,661,1425
2019-06-19T21:00:00+09:00,J4,789,684,1473
2019-06-19T21:00:00+09:00,J5,398,417,815
2019-06-19T21:15:00+09:00,J1,593,626,1219
2019-06-19T21:15:00+09:00,J2,443,259,702
2019-06-19T21:15:00+09:00,J3,761,641,1402
2019-06-19T21:15:00+09:00,J4,777,656,1433
2019-06-19T21:15:00+09:00,J5,390,391,781
2019-06-19T21:30:00+09:00,J1,559,603,1162
2019-06-19T21:30:00+09:00,J2,358,332,690
2019-06-19T21:30:00+09:00,J3,780,648,1428
2019-06-19T21:30:00+09:00,J4,787,679,1466
2019-06-19T21:30:00+09:00,J5,378,440,818
2019-06-19T21:45:00+09:00,J1,513,591,1104
2019-06-19T21:45:00+09:00,J2,316,335,651
2019-06-19T21:45:00+09:00,J3,729,613,1342
2019-06-19T21:45:00+09:00,J4,778,714,1492
2019-06-19T21:45:00+09:00,J5,415,390,805
2019-06-19T22:00:00+09:00,J1,437,528,965
2019-06-19T22:00:00+09:00,J2,284,269,553
2019-06-19T22:00:00+09:00,J3,562,521,1083
2019-06-19T22:00:00+09:00,J4,780,695,1475
2019-06-19T22:00:00+09:00,J5,450,427,877
2019-06-19T22:15:00+09:00,J1,456,595,1051
2019-06-19T22:15:00+09:00,J2,310,282,592
2019-06-19T22:15:00+09:00,J3,544,546,1090
2019-06-19T22:15:00+09:00,J4,764,691,1455
2019-06-19T22:15:00+09:00,J5,427,480,907
2019-06-19T22:30:00+09:00,J1,523,557,1080
2019-06-19T22:30:00+09:00,J2,285,250,535
2019-06-19T22:30:00+09:00,J3,542,499,1041
2019-06-19T22:30:00+09:00,J4,835,649,1484
2019-06-19T22:30:00+09:00,J5,370,409,779
2019-06-19T22:45:00+09:00,J1,477,513,990
2019-06-19T22:45:00+09:00,J2,281,280,561
2019-06-19T22:45:00+09:00,J3,620,520,1140
2019-06-19T22:45:00+09:00,J4,835,749,1584
2019-06-19T22:45:00+09:00,J5,271,224,495
2019-06-19T23:00:00+09:00,J1,430,464,894
2019-06-19T23:00:00+09:00,J2,221,239,460
2019-06-19T23:00:00+09:00,J3,459,495,954
2019-06-19T23:00:00+09:00,J4,801,757,1558
2019-06-19T23:00:00+09:00,J5,190,160,350
2019-06-19T23:15:00+09:00,J1,386,447,833
2019-06-19T23:15:00+09:00,J2,211,275,486
2019-06-19T23:15:00+09:00,J3,440,478,918
2019-06-19T23:15:00+09:00,J4,902,884,1786
2019-06-19T23:15:00+09:00,J5,177,167,344
2019-06-19T23:30:00+09:00,J1,442,475,917
2019-06-19T23:30:00+09:00,J2,233,276,509
2019-06-19T23:30:00+09:00,J3,468,458,926
2019-06-19T23:30:00+09:00,J4,788,736,1524
2019-06-19T23:30:00+09:00,J5,185,173,358
2019-06-19T23:45:00+09:00,J1,342,407,749
2019-06-19T23:45:00+09:00,J2,236,283,519
2019-06-19T23:45:00+09:00,J3,424,415,839
2019-06-19T23:45:00+09:00,J4,713,657,1370
2019-06-19T23:45:00+09:00,J5,203,213,416
2019-06-20T00:00:00+09:00,J1,356,257,613
2019-06-20T00:00:00+09:00,J2,241,301,542
2019-06-20T00:00:00+09:00,J3,364,369,733
2019-06-20T00:00:00+09:00,J4,735,692,1427
2019-06-20T00:00:00+09:00,J5,127,181,308
2019-06-20T00:15:00+09:00,J1,202,203,405
2019-06-20T00:15:00+09:00,J2,299,300,599
2019-06-20T00:15:00+09:00,J3,355,300,655
2019-06-20T00:15:00+09:00,J4,509,483,992
2019-06-20T00:15:00+09:00,J5,270,294,564
2019-06-20T00:30:00+09:00,J1,207,216,423
2019-06-20T00:30:00+09:00,J2,255,240,495
2019-06-20T00:30:00+09:00,J3,381,348,729
2019-06-20T00:30:00+09:00,J4,435,361,796
2019-06-20T00:30:00+09:00,J5,379,426,805
2019-06-20T00:45:00+09:00,J1,209,215,424
2019-06-20T00:45:00+09:00,J2,237,217,454
2019-06-20T00:45:00+09:00,J3,390,352,742
2019-06-20T00:45:00+09:00,J4,485,352,837
2019-06-20T00:45:00+09:00,J5,258,378,636
2019-06-20T05:45:00+09:00,J1,210,220,430
2019-06-20T05:45:00+09:00,J2,438,417,855
2019-06-20T05:45:00+09:00,J3,540,469,1009
2019-06-20T05:45:00+09:00,J4,426,454,880
2019-06-20T05:45:00+09:00,J5,204,213,417
2019-06-20T06:00:00+09:00,J1,386,376,762
2019-06-20T06:00:00+09:00,J2,347,311,658
2019-06-20T06:00:00+09:00,J3,516,438,954
2019-06-20T06:00:00+09:00,J4,374,437,811
2019-06-20T06:00:00+09:00,J5,194,196,390
2019-06-20T06:15:00+09:00,J1,346,344,690
2019-06-20T06:15:00+09:00,J2,292,275,567
2019-06-20T06:15:00+09:00,J3,435,456,891
2019-06-20T06:15:00+09:00,J4,519,502,1021
2019-06-20T06:15:00+09:00,J5,282,297,579
2019-06-20T06:30:00+09:00,J1,412,428,840
2019-06-20T06:30:00+09:00,J2,233,272,505
2019-06-20T06:30:00+09:00,J3,454,451,905
2019-06-20T06:30:00+09:00,J4,492,464,956
2019-06-20T06:30:00+09:00,J5,238,252,490
2019-06-20T06:45:00+09:00,J1,414,401,815
2019-06-20T06:45:00+09:00,J2,278,250,528
2019-06-20T06:45:00+09:00,J3,436,417,853
2019-06-20T06:45:00+09:00,J4,443,472,915
2019-06-20T06:45:00+09:00,J5,263,265,528
2019-06-20T07:00:00+09:00,J1,427,373,800
2019-06-20T07:00:00+09:00,J2,274,246,520
2019-06-20T07:00:00+09:00,J3,473,457,930
2019-06-20T07:00:00+09:00,J4,569,583,1152
2019-06-20T07:00:00+09:00,J5,333,326,659
2019-06-20T07:15:00+09:00,J1,454,436,890
2019-06-20T07:15:00+09:00,J2,340,292,632
2019-06-20T07:15:00+09:00,J3,445,382,827
2019-06-20T07:15:00+09:00,J4,610,592,1202
2019-06-20T07:15:00+09:00,J5,413,422,835
2019-06-20T07:30:00+09:00,J1,577,463,1040
2019-06-20T07:30:00+09:00,J2,394,383,777
2019-06-20T07:30:00+09:00,J3,523,557,1080
2019-06-20T07:30:00+09:00,J4,725,755,1480
2019-06-20T07:30:00+09:00,J5,401,386,787
2019-06-20T07:45:00+09:00,J1,725,450,1175
2019-06-20T07:45:00+09:00,J2,516,388,904
2019-06-20T07:45:00+09:00,J3,529,679,1208
2019-06-20T07:45:00+09:00,J4,812,987,1799
2019-06-20T07:45:00+09:00,J5,339,368,707
2019-06-20T08:00:00+09:00,J1,974,609,1583
2019-06-20T08:00:00+09:00,J2,682,407,1089
2019-06-20T08:00:00+09:00,J3,738,765,1503
2019-06-20T08:00:00+09:00,J4,770,876,1646
2019-06-20T08:00:00+09:00,J5,351,303,654
2019-06-20T08:15:00+09:00,J1,1153,738,1891
2019-06-20T08:15:00+09:00,J2,851,492,1343
2019-06-20T08:15:00+09:00,J3,915,1012,1927
2019-06-20T08:15:00+09:00,J4,677,1036,1713
2019-06-20T08:15:00+09:00,J5,392,344,736
2019-06-20T08:30:00+09:00,J1,1112,787,1899
2019-06-20T08:30:00+09:00,J2,993,387,1380
2019-06-20T08:30:00+09:00,J3,904,1158,2062
2019-06-20T08:30:00+09:00,J4,649,998,1647
2019-06-20T08:30:00+09:00,J5,357,398,755
2019-06-20T08:45:00+09:00,J1,888,737,1625
2019-06-20T08:45:00+09:00,J2,743,312,1055
2019-06-20T08:45:00+09:00,J3,898,1014,1912
2019-06-20T08:45:00+09:00,J4,474,898,1372
2019-06-20T08:45:00+09:00,J5,325,300,625
2019-06-20T09:00:00+09:00,J1,750,674,1424
2019-06-20T09:00:00+09:00,J2,597,350,947
2019-06-20T09:00:00+09:00,J3,744,766,1510
2019-06-20T09:00:00+09:00,J4,490,703,1193
2019-06-20T09:00:00+09:00,J5,283,240,523
2019-06-20T09:15:00+09:00,J1,651,534,1185
2019-06-20T09:15:00+09:00,J2,572,349,921
2019-06-20T09:15:00+09:00,J3,828,743,1571
2019-06-20T09:15:00+09:00,J4,474,749,1223
2019-06-20T09:15:00+09:00,J5,275,292,567
2019-06-20T09:30:00+09:00,J1,625,538,1163
2019-06-20T09:30:00+09:00,J2,559,389,948
2019-06-20T09:30:00+09:00,J3,745,771,1516
2019-06-20T09:30:00+09:00,J4,485,730,1215
2019-06-20T09:30:00+09:00,J5,248,321,569
2019-06-20T09:45:00+09:00,J1,594,520,1114
2019-06-20T09:45:00+09:00,J2,589,375,964
2019-06-20T09:45:00+09:00,J3,726,674,1400
2019-06-20T09:45:00+09:00,J4,433,605,1038
2019-06-20T09:45:00+09:00,J5,278,268,546
2019-06-20T10:00:00+09:00,J1,512,533,1045
2019-06-20T10:00:00+09:00,J2,523,460,983
2019-06-20T10:00:00+09:00,J3,632,615,1247
2019-06-20T10:00:00+09:00,J4,410,516,926
2019-06-20T10:00:00+09:00,J5,279,276,555
2019-06-20T10:15:00+09:00,J1,476,541,1017
2019-06-20T10:15:00+09:00,J2,592,479,1071
2019-06-20T10:15:00+09:00,J3,627,610,1237
2019-06-20T10:15:00+09:00,J4,433,572,1005
2019-06-20T10:15:00+09:00,J5,308,280,588
2019-06-20T10:30:00+09:00,J1,574,542,1116
2019-06-20T10:30:00+09:00,J2,590,563,1153
2019-06-20T10:30:00+09:00,J3,609,625,1234
2019-06-20T10:30:00+09:00,J4,471,521,992
2019-06-20T10:30:00+09:00,J5,250,308,558
2019-06-20T10:45:00+09:00,J1,547,570,1117
2019-06-20T10:45:00+09:00,J2,608,556,1164
2019-06-20T10:45:00+09:00,J3,601,593,1194
2019-06-20T10:45:00+09:00,J4,409,442,851
2019-06-20T10:45:00+09:00,J5,270,273,543
2019-06-20T11:00:00+09:00,J1,566,570,1136
2019-06-20T11:00:00+09:00,J2,562,561,1123
2019-06-20T11:00:00+09:00,J3,636,639,1275
2019-06-20T11:00:00+09:00,J4,379,490,869
2019-06-20T11:00:00+09:00,J5,335,388,723
2019-06-20T11:15:00+09:00,J1,681,686,1367
2019-06-20T11:15:00+09:00,J2,572,447,1019
2019-06-20T11:15:00+09:00,J3,615,576,1191
2019-06-20T11:15:00+09:00,J4,458,477,935
2019-06-20T11:15:00+09:00,J5,334,328,662
2019-06-20T11:30:00+09:00,J1,661,703,1364
2019-06-20T11:30:00+09:00,J2,554,501,1055
2019-06-20T11:30:00+09:00,J3,538,495,1033
2019-06-20T11:30:00+09:00,J4,466,471,937
2019-06-20T11:30:00+09:00,J5,333,341,674
2019-06-20T11:45:00+09:00,J1,643,648,1291
2019-06-20T11:45:00+09:00,J2,528,466,994
2019-06-20T11:45:00+09:00,J3,513,497,1010
2019-06-20T11:45:00+09:00,J4,477,422,899
2019-06-20T11:45:00+09:00,J5,334,324,658
2019-06-20T12:00:00+09:00,J1,623,702,1325
2019-06-20T12:00:00+09:00,J2,481,501,982
2019-06-20T12:00:00+09:00,J3,558,523,1081
2019-06-20T12:00:00+09:00,J4,542,454,996
2019-06-20T12:00:00+09:00,J5,376,413,789
2019-06-20T12:15:00+09:00,J1,582,647,1229
2019-06-20T12:15:00+09:00,J2,439,356,795
2019-06-20T12:15:00+09:00,J3,495,555,1050
2019-06-20T12:15:00+09:00,J4,634,561,1195
2019-06-20T12:15:00+09:00,J5,403,483,886
2019-06-20T12:30:00+09:00,J1,587,592,1179
2019-06-20T12:30:00+09:00,J2,485,411,896
2019-06-20T12:30:00+09:00,J3,550,591,1141
2019-06-20T12:30:00+09:00,J4,639,576,1215
2019-06-20T12:30:00+09:00,J5,461,529,990
2019-06-20T12:45:00+09:00,J1,579,552,1131
2019-06-20T12:45:00+09:00,J2,469,417,886
2019-06-20T12:45:00+09:00,J3,451,560,1011
2019-06-20T12:45:00+09:00,J4,610,554,1164
2019-06-20T12:45:00+09:00,J5,434,459,893
2019-06-20T13:00:00+09:00,J1,495,559,1054
2019-06-20T13:00:00+09:00,J2,443,419,862
2019-06-20T13:00:00+09:00,J3,470,551,1021
2019-06-20T13:00:00+09:00,J4,576,499,1075
2019-06-20T13:00:00+09:00,J5,451,466,917
2019-06-20T13:15:00+09:00,J1,604,608,1212
2019-06-20T13:15:00+09:00,J2,476,418,894
2019-06-20T13:15:00+09:00,J3,503,580,1083
2019-06-20T13:15:00+09:00,J4,507,450,957
2019-06-20T13:15:00+09:00,J5,386,441,827
2019-06-20T13:30:00+09:00,J1,713,770,1483
2019-06-20T13:30:00+09:00,J2,523,549,1072
2019-06-20T13:30:00+09:00,J3,681,698,1379
2019-06-20T13:30:00+09:00,J4,672,604,1276
2019-06-20T13:30:00+09:00,J5,401,432,833
2019-06-20T13:45:00+09:00,J1,724,839,1563
2019-06-20T13:45:00+09:00,J2,504,515,1019
2019-06-20T13:45:00+09:00,J3,688,614,1302
2019-06-20T13:45:00+09:00,J4,672,590,1262
2019-06-20T13:45:00+09:00,J5,424,420,844
2019-06-20T14:00:00+09:00,J1,625,867,1492
2019-06-20T14:00:00+09:00,J2,455,512,967
2019-06-20T14:00:00+09:00,J3,641,658,1299
2019-06-20T14:00:00+09:00,J4,768,628,1396
2019-06-20T14:00:00+09:00,J5,395,434,829
2019-06-20T14:15:00+09:00,J1,699,884,1583
2019-06-20T14:15:00+09:00,J2,450,505,955
2019-06-20T14:15:00+09:00,J3,728,685,1413
2019-06-20T14:15:00+09:00,J4,797,706,1503
2019-06-20T14:15:00+09:00,J5,389,466,855
2019-06-20T14:30:00+09:00,J1,706,785,1491
2019-06-20T14:30:00+09:00,J2,467,520,987
2019-06-20T14:30:00+09:00,J3,698,600,1298
2019-06-20T14:30:00+09:00,J4,876,873,1749
2019-06-20T14:30:00+09:00,J5,413,441,854
2019-06-20T14:45:00+09:00,J1,679,766,1445
2019-06-20T14:45:00+09:00,J2,382,421,803
2019-06-20T14:45:00+09:00,J3,646,571,1217
2019-06-20T14:45:00+09:00,J4,648,607,1255
2019-06-20T14:45:00+09:00,J5,295,405,700
2019-06-20T15:00:00+09:00,J1,745,848,1593
2019-06-20T15:00:00+09:00,J2,423,462,885
2019-06-20T15:00:00+09:00,J3,613,639,1252
2019-06-20T15:00:00+09:00,J4,675,547,1222
2019-06-20T15:00:00+09:00,J5,380,411,791
2019-06-20T15:15:00+09:00,J1,753,917,1670
2019-06-20T15:15:00+09:00,J2,471,467,938
2019-06-20T15:15:00+09:00,J3,641,654,1295
2019-06-20T15:15:00+09:00,J4,731,638,1369
2019-06-20T15:15:00+09:00,J5,376,455,831
2019-06-20T15:30:00+09:00,J1,696,755,1451
2019-06-20T15:30:00+09:00,J2,466,416,882
2019-06-20T15:30:00+09:00,J3,614,574,1188
2019-06-20T15:30:00+09:00,J4,702,571,1273
2019-06-20T15:30:00+09:00,J5,346,402,748
2019-06-20T15:45:00+09:00,J1,630,721,1351
2019-06-20T15:45:00+09:00,J2,492,420,912
2019-06-20T15:45:00+09:00,J3,626,569,1195
2019-06-20T15:45:00+09:00,J4,703,604,1307
2019-06-20T15:45:00+09:00,J5,366,417,783
2019-06-20T16:00:00+09:00,J1,634,778,1412
2019-06-20T16:00:00+09:00,J2,474,474,948
2019-06-20T16:00:00+09:00,J3,630,585,1215
2019-06-20T16:00:00+09:00,J4,761,600,1361
2019-06-20T16:00:00+09:00,J5,372,364,736
2019-06-20T16:15:00+09:00,J1,585,748,1333
2019-06-20T16:15:00+09:00,J2,496,403,899
2019-06-20T16:15:00+09:00,J3,570,631,1201
2019-06-20T16:15:00+09:00,J4,747,696,1443
2019-06-20T16:15:00+09:00,J5,340,469,809
2019-06-20T16:30:00+09:00,J1,563,655,1218
2019-06-20T16:30:00+09:00,J2,463,399,862
2019-06-20T16:30:00+09:00,J3,572,539,1111
2019-06-20T16:30:00+09:00,J4,727,610,1337
2019-06-20T16:30:00+09:00,J5,405,419,824
2019-06-20T16:45:00+09:00,J1,631,694,1325
2019-06-20T16:45:00+09:00,J2,431,382,813
2019-06-20T16:45:00+09:00,J3,551,594,1145
2019-06-20T16:45:00+09:00,J4,708,576,1284
2019-06-20T16:45:00+09:00,J5,370,495,865
2019-06-20T17:00:00+09:00,J1,648,873,1521
2019-06-20T17:00:00+09:00,J2,530,508,1038
2019-06-20T17:00:00+09:00,J3,704,597,1301
2019-06-20T17:00:00+09:00,J4,860,602,1462
2019-06-20T17:00:00+09:00,J5,375,452,827
2019-06-20T17:15:00+09:00,J1,744,878,1622
2019-06-20T17:15:00+09:00,J2,530,512,1042
2019-06-20T17:15:00+09:00,J3,651,642,1293
2019-06-20T17:15:00+09:00,J4,821,587,1408
2019-06-20T17:15:00+09:00,J5,402,447,849
2019-06-20T17:30:00+09:00,J1,754,1004,1758
2019-06-20T17:30:00+09:00,J2,577,537,1114
2019-06-20T17:30:00+09:00,J3,671,692,1363
2019-06-20T17:30:00+09:00,J4,907,628,1535
2019-06-20T17:30:00+09:00,J5,397,497,894
2019-06-20T17:45:00+09:00,J1,774,953,1727
2019-06-20T17:45:00+09:00,J2,516,596,1112
2019-06-20T17:45:00+09:00,J3,681,697,1378
2019-06-20T17:45:00+09:00,J4,881,571,1452
2019-06-20T17:45:00+09:00,J5,419,482,901
2019-06-20T18:00:00+09:00,J1,798,998,1796
2019-06-20T18:00:00+09:00,J2,560,576,1136
2019-06-20T18:00:00+09:00,J3,714,649,1363
2019-06-20T18:00:00+09:00,J4,862,538,1400
2019-06-20T18:00:00+09:00,J5,396,472,868
2019-06-20T18:15:00+09:00,J1,724,930,1654
2019-06-20T18:15:00+09:00,J2,521,540,1061
2019-06-20T18:15:00+09:00,J3,697,590,1287
2019-06-20T18:15:00+09:00,J4,882,562,1444
2019-06-20T18:15:00+09:00,J5,388,493,881
2019-06-20T18:30:00+09:00,J1,678,844,1522
2019-06-20T18:30:00+09:00,J2,514,522,1036
2019-06-20T18:30:00+09:00,J3,680,561,1241
2019-06-20T18:30:00+09:00,J4,783,481,1264
2019-06-20T18:30:00+09:00,J5,422,467,889
2019-06-20T18:45:00+09:00,J1,643,810,1453
2019-06-20T18:45:00+09:00,J2,510,491,1001
2019-06-20T18:45:00+09:00,J3,507,485,992
2019-06-20T18:45:00+09:00,J4,695,530,1225
2019-06-20T18:45:00+09:00,J5,393,440,833
2019-06-20T19:00:00+09:00,J1,555,674,1229
2019-06-20T19:00:00+09:00,J2,385,394,779
2019-06-20T19:00:00+09:00,J3,542,507,1049
2019-06-20T19:00:00+09:00,J4,650,573,1223
2019-06-20T19:00:00+09:00,J5,395,440,835
2019-06-20T19:15:00+09:00,J1,629,745,1374
2019-06-20T19:15:00+09:00,J2,403,365,768
2019-06-20T19:15:00+09:00,J3,555,511,1066
2019-06-20T19:15:00+09:00,J4,653,542,1195
2019-06-20T19:15:00+09:00,J5,332,416,748
2019-06-20T19:30:00+09:00,J1,528,715,1243
2019-06-20T19:30:00+09:00,J2,442,441,883
2019-06-20T19:30:00+09:00,J3,571,481,1052
2019-06-20T19:30:00+09:00,J4,643,658,1301
2019-06-20T19:30:00+09:00,J5,341,391,732
2019-06-20T19:45:00+09:00,J1,523,626,1149
2019-06-20T19:45:00+09:00,J2,443,435,878
2019-06-20T19:45:00+09:00,J3,575,536,1111
2019-06-20T19:45:00+09:00,J4,581,531,1112
2019-06-20T19:45:00+09:00,J5,342,384,726
2019-06-20T20:00:00+09:00,J1,504,657,1161
2019-06-20T20:00:00+09:00,J2,522,489,1011
2019-06-20T20:00:00+09:00,J3,510,565,1075
2019-06-20T20:00:00+09:00,J4,622,621,1243
2019-06-20T20:00:00+09:00,J5,331,391,722
2019-06-20T20:15:00+09:00,J1,562,662,1224
2019-06-20T20:15:00+09:00,J2,552,549,1101
2019-06-20T20:15:00+09:00,J3,547,517,1064
2019-06-20T20:15:00+09:00,J4,667,636,1303
2019-06-20T20:15:00+09:00,J5,352,387,739
2019-06-20T20:30:00+09:00,J1,443,533,976
2019-06-20T20:30:00+09:00,J2,531,442,973
2019-06-20T20:30:00+09:00,J3,541,491,1032
2019-06-20T20:30:00+09:00,J4,683,648,1331
2019-06-20T20:30:00+09:00,J5,372,374,746
2019-06-20T20:45:00+09:00,J1,469,537,1006
2019-06-20T20:45:00+09:00,J2,473,429,902
2019-06-20T20:45:00+09:00,J3,574,476,1050
2019-06-20T20:45:00+09:00,J4,636,657,1293
2019-06-20T20:45:00+09:00,J5,348,339,687
2019-06-20T21:00:00+09:00,J1,414,533,947
2019-06-20T21:00:00+09:00,J2,479,494,973
2019-06-20T21:00:00+09:00,J3,499,456,955
2019-06-20T21:00:00+09:00,J4,665,617,1282
2019-06-20T21:00:00+09:00,J5,359,371,730
2019-06-20T21:15:00+09:00,J1,428,507,935
2019-06-20T21:15:00+09:00,J2,463,469,932
2019-06-20T21:15:00+09:00,J3,472,478,950
2019-06-20T21:15:00+09:00,J4,650,602,1252
2019-06-20T21:15:00+09:00,J5,360,357,717
2019-06-20T21:30:00+09:00,J1,456,549,1005
2019-06-20T21:30:00+09:00,J2,478,494,972
2019-06-20T21:30:00+09:00,J3,497,528,1025
2019-06-20T21:30:00+09:00,J4,644,727,1371
2019-06-20T21:30:00+09:00,J5,360,342,702
2019-06-20T21:45:00+09:00,J1,468,522,990
2019-06-20T21:45:00+09:00,J2,551,492,1043
2019-06-20T21:45:00+09:00,J3,518,468,986
2019-06-20T21:45:00+09:00,J4,748,728,1476
2019-06-20T21:45:00+09:00,J5,327,327,654
2019-06-20T22:00:00+09:00,J1,415,506,921
2019-06-20T22:00:00+09:00,J2,506,524,1030
2019-06-20T22:00:00+09:00,J3,480,469,949
2019-06-20T22:00:00+09:00,J4,806,706,1512
2019-06-20T22:00:00+09:00,J5,340,349,689
2019-06-20T22:15:00+09:00,J1,449,514,963
2019-06-20T22:15:00+09:00,J2,400,465,865
2019-06-20T22:15:00+09:00,J3,487,466,953
2019-06-20T22:15:00+09:00,J4,770,770,1540
2019-06-20T22:15:00+09:00,J5,332,378,710
2019-06-20T22:30:00+09:00,J1,371,464,835
2019-06-20T22:30:00+09:00,J2,434,438,872
2019-06-20T22:30:00+09:00,J3,576,499,1075
2019-06-20T22:30:00+09:00,J4,875,705,1580
2019-06-20T22:30:00+09:00,J5,265,271,536
2019-06-20T22:45:00+09:00,J1,382,449,831
2019-06-20T22:45:00+09:00,J2,418,356,774
2019-06-20T22:45:00+09:00,J3,548,469,1017
2019-06-20T22:45:00+09:00,J4,787,838,1625
2019-06-20T22:45:00+09:00,J5,234,216,450
2019-06-20T23:00:00+09:00,J1,401,438,839
2019-06-20T23:00:00+09:00,J2,369,311,680
2019-06-20T23:00:00+09:00,J3,556,561,1117
2019-06-20T23:00:00+09:00,J4,748,699,1447
2019-06-20T23:00:00+09:00,J5,212,245,457
2019-06-20T23:15:00+09:00,J1,335,421,756
2019-06-20T23:15:00+09:00,J2,386,373,759
2019-06-20T23:15:00+09:00,J3,614,539,1153
2019-06-20T23:15:00+09:00,J4,818,787,1605
2019-06-20T23:15:00+09:00,J5,163,204,367
2019-06-20T23:30:00+09:00,J1,357,420,777
2019-06-20T23:30:00+09:00,J2,281,309,590
2019-06-20T23:30:00+09:00,J3,583,508,1091
2019-06-20T23:30:00+09:00,J4,611,669,1280
2019-06-20T23:30:00+09:00,J5,204,226,430
2019-06-20T23:45:00+09:00,J1,387,345,732
2019-06-20T23:45:00+09:00,J2,337,277,614
2019-06-20T23:45:00+09:00,J3,631,497,1128
2019-06-20T23:45:00+09:00,J4,614,617,1231
2019-06-20T23:45:00+09:00,J5,174,196,370
2019-06-21T00:00:00+09:00,J1,383,305,688
2019-06-21T00:00:00+09:00,J2,282,219,501
2019-06-21T00:00:00+09:00,J3,575,479,1054
2019-06-21T00:00:00+09:00,J4,667,670,1337
2019-06-21T00:00:00+09:00,J5,222,217,439
2019-06-21T00:15:00+09:00,J1,342,288,630
2019-06-21T00:15:00+09:00,J2,147,203,350
2019-06-21T00:15:00+09:00,J3,414,379,793
2019-06-21T00:15:00+09:00,J4,476,481,957
2019-06-21T00:15:00+09:00,J5,168,153,321
2019-06-21T00:30:00+09:00,J1,258,289,547
2019-06-21T00:30:00+09:00,J2,167,214,381
2019-06-21T00:30:00+09:00,J3,351,308,659
2019-06-21T00:30:00+09:00,J4,433,495,928
2019-06-21T00:30:00+09:00,J5,141,122,263
2019-06-21T00:45:00+09:00,J1,238,264,502
2019-06-21T00:45:00+09:00,J2,198,222,420
2019-06-21T00:45:00+09:00,J3,287,309,596
2019-06-21T00:45:00+09:00,J4,459,509,968
2019-06-21T00:45:00+09:00,J5,130,146,276
2019-06-21T05:45:00+09:00,J1,299,286,585
2019-06-21T05:45:00+09:00,J2,216,271,487
2019-06-21T05:45:00+09:00,J3,408,401,809
2019-06-21T05:45:00+09:00,J4,456,366,822
2019-06-21T05:45:00+09:00,J5,280,322,602
2019-06-21T06:00:00+09:00,J1,335,359,694
2019-06-21T06:00:00+09:00,J2,268,317,585
2019-06-21T06:00:00+09:00,J3,329,309,638
2019-06-21T06:00:00+09:00,J4,665,656,1321
2019-06-21T06:00:00+09:00,J5,312,444,756
2019-06-21T06:15:00+09:00,J1,369,340,709
2019-06-21T06:15:00+09:00,J2,274,289,563
2019-06-21T06:15:00+09:00,J3,390,313,703
2019-06-21T06:15:00+09:00,J4,784,785,1569
2019-06-21T06:15:00+09:00,J5,251,287,538
2019-06-21T06:30:00+09:00,J1,331,349,680
2019-06-21T06:30:00+09:00,J2,239,252,491
2019-06-21T06:30:00+09:00,J3,367,329,696
2019-06-21T06:30:00+09:00,J4,708,769,1477
2019-06-21T06:30:00+09:00,J5,457,486,943
2019-06-21T06:45:00+09:00,J1,448,349,797
2019-06-21T06:45:00+09:00,J2,308,305,613
2019-06-21T06:45:00+09:00,J3,428,393,821
2019-06-21T06:45:00+09:00,J4,719,802,1521
2019-06-21T06:45:00+09:00,J5,374,403,777
2019-06-21T07:00:00+09:00,J1,421,376,797
2019-06-21T07:00:00+09:00,J2,300,314,614
2019-06-21T07:00:00+09:00,J3,351,416,767
2019-06-21T07:00:00+09:00,J4,788,866,1654
2019-06-21T07:00:00+09:00,J5,317,302,619
2019-06-21T07:15:00+09:00,J1,436,363,799
2019-06-21T07:15:00+09:00,J2,325,268,593
2019-06-21T07:15:00+09:00,J3,398,486,884
2019-06-21T07:15:00+09:00,J4,737,740,1477
2019-06-21T07:15:00+09:00,J5,322,259,581
2019-06-21T07:30:00+09:00,J1,540,402,942
2019-06-21T07:30:00+09:00,J2,331,274,605
2019-06-21T07:30:00+09:00,J3,804,717,1521
2019-06-21T07:30:00+09:00,J4,752,840,1592
2019-06-21T07:30:00+09:00,J5,306,313,619
2019-06-21T07:45:00+09:00,J1,710,553,1263
2019-06-21T07:45:00+09:00,J2,524,306,830
2019-06-21T07:45:00+09:00,J3,910,856,1766
2019-06-21T07:45:00+09:00,J4,832,1031,1863
2019-06-21T07:45:00+09:00,J5,319,333,652
2019-06-21T08:00:00+09:00,J1,931,653,1584
2019-06-21T08:00:00+09:00,J2,755,360,1115
2019-06-21T08:00:00+09:00,J3,939,976,1915
2019-06-21T08:00:00+09:00,J4,831,1047,1878
2019-06-21T08:00:00+09:00,J5,304,319,623
2019-06-21T08:15:00+09:00,J1,1022,649,1671
2019-06-21T08:15:00+09:00,J2,963,494,1457
2019-06-21T08:15:00+09:00,J3,937,1119,2056
2019-06-21T08:15:00+09:00,J4,661,1112,1773
2019-06-21T08:15:00+09:00,J5,299,382,681
2019-06-21T08:30:00+09:00,J1,1146,672,1818
2019-06-21T08:30:00+09:00,J2,998,512,1510
2019-06-21T08:30:00+09:00,J3,917,1129,2046
2019-06-21T08:30:00+09:00,J4,816,1108,1924
2019-06-21T08:30:00+09:00,J5,341,397,738
2019-06-21T08:45:00+09:00,J1,907,692,1599
2019-06-21T08:45:00+09:00,J2,735,485,1220
2019-06-21T08:45:00+09:00,J3,865,949,1814
2019-06-21T08:45:00+09:00,J4,628,990,1618
2019-06-21T08:45:00+09:00,J5,278,283,561
2019-06-21T09:00:00+09:00,J1,765,697,1462
2019-06-21T09:00:00+09:00,J2,620,351,971
2019-06-21T09:00:00+09:00,J3,831,763,1594
2019-06-21T09:00:00+09:00,J4,586,760,1346
2019-06-21T09:00:00+09:00,J5,225,273,498
2019-06-21T09:15:00+09:00,J1,667,568,1235
2019-06-21T09:15:00+09:00,J2,618,374,992
2019-06-21T09:15:00+09:00,J3,775,757,1532
2019-06-21T09:15:00+09:00,J4,543,753,1296
2019-06-21T09:15:00+09:00,J5,245,282,527
2019-06-21T09:30:00+09:00,J1,662,557,1219
2019-06-21T09:30:00+09:00,J2,602,402,1004
2019-06-21T09:30:00+09:00,J3,774,801,1575
2019-06-21T09:30:00+09:00,J4,552,706,1258
2019-06-21T09:30:00+09:00,J5,251,253,504
2019-06-21T09:45:00+09:00,J1,612,597,1209
2019-06-21T09:45:00+09:00,J2,588,414,1002
2019-06-21T09:45:00+09:00,J3,757,708,1465
2019-06-21T09:45:00+09:00,J4,463,638,1101
2019-06-21T09:45:00+09:00,J5,229,283,512
2019-06-21T10:00:00+09:00,J1,505,505,1010
2019-06-21T10:00:00+09:00,J2,516,348,864
2019-06-21T10:00:00+09:00,J3,682,629,1311
2019-06-21T10:00:00+09:00,J4,478,588,1066
2019-06-21T10:00:00+09:00,J5,470,409,879
2019-06-21T10:15:00+09:00,J1,532,541,1073
2019-06-21T10:15:00+09:00,J2,567,404,971
2019-06-21T10:15:00+09:00,J3,714,639,1353
2019-06-21T10:15:00+09:00,J4,524,625,1149
2019-06-21T10:15:00+09:00,J5,367,364,731
2019-06-21T10:30:00+09:00,J1,628,589,1217
2019-06-21T10:30:00+09:00,J2,634,455,1089
2019-06-21T10:30:00+09:00,J3,699,694,1393
2019-06-21T10:30:00+09:00,J4,527,572,1099
2019-06-21T10:30:00+09:00,J5,287,249,536
2019-06-21T10:45:00+09:00,J1,648,665,1313
2019-06-21T10:45:00+09:00,J2,591,574,1165
2019-06-21T10:45:00+09:00,J3,662,699,1361
2019-06-21T10:45:00+09:00,J4,542,514,1056
2019-06-21T10:45:00+09:00,J5,247,256,503
2019-06-21T11:00:00+09:00,J1,642,626,1268
2019-06-21T11:00:00+09:00,J2,623,548,1171
2019-06-21T11:00:00+09:00,J3,686,688,1374
2019-06-21T11:00:00+09:00,J4,471,605,1076
2019-06-21T11:00:00+09:00,J5,284,262,546
2019-06-21T11:15:00+09:00,J1,651,762,1413
2019-06-21T11:15:00+09:00,J2,656,606,1262
2019-06-21T11:15:00+09:00,J3,650,727,1377
2019-06-21T11:15:00+09:00,J4,500,579,1079
2019-06-21T11:15:00+09:00,J5,284,275,559
2019-06-21T11:30:00+09:00,J1,754,754,1508
2019-06-21T11:30:00+09:00,J2,606,641,1247
2019-06-21T11:30:00+09:00,J3,751,737,1488
2019-06-21T11:30:00+09:00,J4,547,579,1126
2019-06-21T11:30:00+09:00,J5,251,294,545
2019-06-21T11:45:00+09:00,J1,704,764,1468
2019-06-21T11:45:00+09:00,J2,617,561,1178
2019-06-21T11:45:00+09:00,J3,729,726,1455
2019-06-21T11:45:00+09:00,J4,537,635,1172
2019-06-21T11:45:00+09:00,J5,293,291,584
2019-06-21T12:00:00+09:00,J1,685,782,1467
2019-06-21T12:00:00+09:00,J2,591,573,1164
2019-06-21T12:00:00+09:00,J3,791,757,1548
2019-06-21T12:00:00+09:00,J4,589,560,1149
2019-06-21T12:00:00+09:00,J5,291,325,616
2019-06-21T12:15:00+09:00,J1,651,765,1416
2019-06-21T12:15:00+09:00,J2,618,597,1215
2019-06-21T12:15:00+09:00,J3,702,658,1360
2019-06-21T12:15:00+09:00,J4,585,581,1166
2019-06-21T12:15:00+09:00,J5,264,269,533
2019-06-21T12:30:00+09:00,J1,689,707,1396
2019-06-21T12:30:00+09:00,J2,647,554,1201
2019-06-21T12:30:00+09:00,J3,656,679,1335
2019-06-21T12:30:00+09:00,J4,527,600,1127
2019-06-21T12:30:00+09:00,J5,290,268,558
2019-06-21T12:45:00+09:00,J1,683,719,1402
2019-06-21T12:45:00+09:00,J2,588,504,1092
2019-06-21T12:45:00+09:00,J3,642,682,1324
2019-06-21T12:45:00+09:00,J4,515,599,1114
2019-06-21T12:45:00+09:00,J5,247,294,541
2019-06-21T13:00:00+09:00,J1,702,793,1495
2019-06-21T13:00:00+09:00,J2,593,538,1131
2019-06-21T13:00:00+09:00,J3,605,549,1154
2019-06-21T13:00:00+09:00,J4,500,512,1012
2019-06-21T13:00:00+09:00,J5,286,328,614
2019-06-21T13:15:00+09:00,J1,702,768,1470
2019-06-21T13:15:00+09:00,J2,578,579,1157
2019-06-21T13:15:00+09:00,J3,643,638,1281
2019-06-21T13:15:00+09:00,J4,497,556,1053
2019-06-21T13:15:00+09:00,J5,270,288,558
2019-06-21T13:30:00+09:00,J1,680,741,1421
2019-06-21T13:30:00+09:00,J2,509,609,1118
2019-06-21T13:30:00+09:00,J3,595,587,1182
2019-06-21T13:30:00+09:00,J4,506,481,987
2019-06-21T13:30:00+09:00,J5,275,273,548
2019-06-21T13:45:00+09:00,J1,616,721,1337
2019-06-21T13:45:00+09:00,J2,541,528,1069
2019-06-21T13:45:00+09:00,J3,576,630,1206
2019-06-21T13:45:00+09:00,J4,481,437,918
2019-06-21T13:45:00+09:00,J5,247,280,527
2019-06-21T14:00:00+09:00,J1,655,728,1383
2019-06-21T14:00:00+09:00,J2,589,557,1146
2019-06-21T14:00:00+09:00,J3,619,550,1169
2019-06-21T14:00:00+09:00,J4,526,515,1041
2019-06-21T14:00:00+09:00,J5,282,261,543
2019-06-21T14:15:00+09:00,J1,637,728,1365
2019-06-21T14:15:00+09:00,J2,548,543,1091
2019-06-21T14:15:00+09:00,J3,653,561,1214
2019-06-21T14:15:00+09:00,J4,597,505,1102
2019-06-21T14:15:00+09:00,J5,236,247,483
2019-06-21T14:30:00+09:00,J1,607,767,1374
2019-06-21T14:30:00+09:00,J2,564,551,1115
2019-06-21T14:30:00+09:00,J3,618,556,1174
2019-06-21T14:30:00+09:00,J4,624,495,1119
2019-06-21T14:30:00+09:00,J5,266,308,574
2019-06-21T14:45:00+09:00,J1,677,745,1422
2019-06-21T14:45:00+09:00,J2,571,667,1238
2019-06-21T14:45:00+09:00,J3,648,582,1230
2019-06-21T14:45:00+09:00,J4,633,501,1134
2019-06-21T14:45:00+09:00,J5,238,276,514
2019-06-21T15:00:00+09:00,J1,666,729,1395
2019-06-21T15:00:00+09:00,J2,601,679,1280
2019-06-21T15:00:00+09:00,J3,614,600,1214
2019-06-21T15:00:00+09:00,J4,635,585,1220
2019-06-21T15:00:00+09:00,J5,262,298,560
2019-06-21T15:15:00+09:00,J1,675,738,1413
2019-06-21T15:15:00+09:00,J2,561,553,1114
2019-06-21T15:15:00+09:00,J3,648,596,1244
2019-06-21T15:15:00+09:00,J4,773,681,1454
2019-06-21T15:15:00+09:00,J5,288,341,629
2019-06-21T15:30:00+09:00,J1,690,699,1389
2019-06-21T15:30:00+09:00,J2,563,559,1122
2019-06-21T15:30:00+09:00,J3,628,614,1242
2019-06-21T15:30:00+09:00,J4,759,655,1414
2019-06-21T15:30:00+09:00,J5,280,341,621
2019-06-21T15:45:00+09:00,J1,657,699,1356
2019-06-21T15:45:00+09:00,J2,556,556,1112
2019-06-21T15:45:00+09:00,J3,631,617,1248
2019-06-21T15:45:00+09:00,J4,767,624,1391
2019-06-21T15:45:00+09:00,J5,310,303,613
2019-06-21T16:00:00+09:00,J1,661,720,1381
2019-06-21T16:00:00+09:00,J2,576,580,1156
2019-06-21T16:00:00+09:00,J3,602,681,1283
2019-06-21T16:00:00+09:00,J4,788,686,1474
2019-06-21T16:00:00+09:00,J5,270,310,580
2019-06-21T16:15:00+09:00,J1,690,751,1441
2019-06-21T16:15:00+09:00,J2,622,550,1172
2019-06-21T16:15:00+09:00,J3,648,668,1316
2019-06-21T16:15:00+09:00,J4,837,732,1569
2019-06-21T16:15:00+09:00,J5,319,358,677
2019-06-21T16:30:00+09:00,J1,657,768,1425
2019-06-21T16:30:00+09:00,J2,597,572,1169
2019-06-21T16:30:00+09:00,J3,711,658,1369
2019-06-21T16:30:00+09:00,J4,786,650,1436
2019-06-21T16:30:00+09:00,J5,300,322,622
2019-06-21T16:45:00+09:00,J1,660,795,1455
2019-06-21T16:45:00+09:00,J2,632,550,1182
2019-06-21T16:45:00+09:00,J3,671,668,1339
2019-06-21T16:45:00+09:00,J4,784,695,1479
2019-06-21T16:45:00+09:00,J5,320,352,672
2019-06-21T17:00:00+09:00,J1,683,975,1658
2019-06-21T17:00:00+09:00,J2,564,621,1185
2019-06-21T17:00:00+09:00,J3,774,808,1582
2019-06-21T17:00:00+09:00,J4,894,784,1678
2019-06-21T17:00:00+09:00,J5,327,389,716
2019-06-21T17:15:00+09:00,J1,808,1073,1881
2019-06-21T17:15:00+09:00,J2,645,693,1338
2019-06-21T17:15:00+09:00,J3,791,801,1592
2019-06-21T17:15:00+09:00,J4,1034,829,1863
2019-06-21T17:15:00+09:00,J5,387,462,849
2019-06-21T17:30:00+09:00,J1,766,975,1741
2019-06-21T17:30:00+09:00,J2,543,567,1110
2019-06-21T17:30:00+09:00,J3,790,758,1548
2019-06-21T17:30:00+09:00,J4,970,812,1782
2019-06-21T17:30:00+09:00,J5,357,460,817
2019-06-21T17:45:00+09:00,J1,1171,1339,2510
2019-06-21T17:45:00+09:00,J2,747,758,1505
2019-06-21T17:45:00+09:00,J3,1169,998,2167
2019-06-21T17:45:00+09:00,J4,1358,1115,2473
2019-06-21T17:45:00+09:00,J5,509,719,1228
2019-06-21T18:00:00+09:00,J1,1078,1259,2337
2019-06-21T18:00:00+09:00,J2,755,732,1487
2019-06-21T18:00:00+09:00,J3,1000,865,1865
2019-06-21T18:00:00+09:00,J4,1259,985,2244
2019-06-21T18:00:00+09:00,J5,490,685,1175
2019-06-21T18:15:00+09:00,J1,1068,1279,2347
2019-06-21T18:15:00+09:00,J2,744,741,1485
2019-06-21T18:15:00+09:00,J3,1064,852,1916
2019-06-21T18:15:00+09:00,J4,1242,1007,2249
2019-06-21T18:15:00+09:00,J5,508,701,1209
2019-06-21T18:30:00+09:00,J1,966,1158,2124
2019-06-21T18:30:00+09:00,J2,676,649,1325
2019-06-21T18:30:00+09:00,J3,973,793,1766
2019-06-21T18:30:00+09:00,J4,1191,915,2106
2019-06-21T18:30:00+09:00,J5,572,628,1200
2019-06-21T18:45:00+09:00,J1,924,1034,1958
2019-06-21T18:45:00+09:00,J2,615,548,1163
2019-06-21T18:45:00+09:00,J3,808,656,1464
2019-06-21T18:45:00+09:00,J4,926,657,1583
2019-06-21T18:45:00+09:00,J5,444,548,992
2019-06-21T19:00:00+09:00,J1,728,909,1637
2019-06-21T19:00:00+09:00,J2,549,572,1121
2019-06-21T19:00:00+09:00,J3,729,567,1296
2019-06-21T19:00:00+09:00,J4,881,548,1429
2019-06-21T19:00:00+09:00,J5,452,515,967
2019-06-21T19:15:00+09:00,J1,774,860,1634
2019-06-21T19:15:00+09:00,J2,477,496,973
2019-06-21T19:15:00+09:00,J3,692,558,1250
2019-06-21T19:15:00+09:00,J4,858,532,1390
2019-06-21T19:15:00+09:00,J5,383,486,869
2019-06-21T19:30:00+09:00,J1,719,830,1549
2019-06-21T19:30:00+09:00,J2,451,395,846
2019-06-21T19:30:00+09:00,J3,708,522,1230
2019-06-21T19:30:00+09:00,J4,666,528,1194
2019-06-21T19:30:00+09:00,J5,408,489,897
2019-06-21T19:45:00+09:00,J1,641,800,1441
2019-06-21T19:45:00+09:00,J2,482,440,922
2019-06-21T19:45:00+09:00,J3,675,595,1270
2019-06-21T19:45:00+09:00,J4,615,505,1120
2019-06-21T19:45:00+09:00,J5,347,490,837
2019-06-21T20:00:00+09:00,J1,700,795,1495
2019-06-21T20:00:00+09:00,J2,513,484,997
2019-06-21T20:00:00+09:00,J3,661,596,1257
2019-06-21T20:00:00+09:00,J4,563,458,1021
2019-06-21T20:00:00+09:00,J5,373,404,777
2019-06-21T20:15:00+09:00,J1,570,690,1260
2019-06-21T20:15:00+09:00,J2,504,402,906
2019-06-21T20:15:00+09:00,J3,684,495,1179
2019-06-21T20:15:00+09:00,J4,731,725,1456
2019-06-21T20:15:00+09:00,J5,319,417,736
2019-06-21T20:30:00+09:00,J1,580,672,1252
2019-06-21T20:30:00+09:00,J2,507,415,922
2019-06-21T20:30:00+09:00,J3,631,516,1147
2019-06-21T20:30:00+09:00,J4,692,597,1289
2019-06-21T20:30:00+09:00,J5,353,427,780
2019-06-21T20:45:00+09:00,J1,599,733,1332
2019-06-21T20:45:00+09:00,J2,480,449,929
2019-06-21T20:45:00+09:00,J3,611,590,1201
2019-06-21T20:45:00+09:00,J4,627,540,1167
2019-06-21T20:45:00+09:00,J5,267,337,604
2019-06-21T21:00:00+09:00,J1,646,700,1346
2019-06-21T21:00:00+09:00,J2,473,525,998
2019-06-21T21:00:00+09:00,J3,549,484,1033
2019-06-21T21:00:00+09:00,J4,681,561,1242
2019-06-21T21:00:00+09:00,J5,311,341,652
2019-06-21T21:15:00+09:00,J1,634,742,1376
2019-06-21T21:15:00+09:00,J2,493,507,1000
2019-06-21T21:15:00+09:00,J3,512,499,1011
2019-06-21T21:15:00+09:00,J4,678,566,1244
2019-06-21T21:15:00+09:00,J5,334,392,726
2019-06-21T21:30:00+09:00,J1,567,653,1220
2019-06-21T21:30:00+09:00,J2,477,539,1016
2019-06-21T21:30:00+09:00,J3,542,515,1057
2019-06-21T21:30:00+09:00,J4,583,460,1043
2019-06-21T21:30:00+09:00,J5,296,362,658
2019-06-21T21:45:00+09:00,J1,456,721,1177
2019-06-21T21:45:00+09:00,J2,470,548,1018
2019-06-21T21:45:00+09:00,J3,555,531,1086
2019-06-21T21:45:00+09:00,J4,696,572,1268
2019-06-21T21:45:00+09:00,J5,329,352,681
2019-06-21T22:00:00+09:00,J1,467,620,1087
2019-06-21T22:00:00+09:00,J2,513,569,1082
2019-06-21T22:00:00+09:00,J3,490,530,1020
2019-06-21T22:00:00+09:00,J4,669,611,1280
2019-06-21T22:00:00+09:00,J5,306,410,716
2019-06-21T22:15:00+09:00,J1,491,537,1028
2019-06-21T22:15:00+09:00,J2,426,498,924
2019-06-21T22:15:00+09:00,J3,442,469,911
2019-06-21T22:15:00+09:00,J4,787,794,1581
2019-06-21T22:15:00+09:00,J5,309,415,724
2019-06-21T22:30:00+09:00,J1,392,576,968
2019-06-21T22:30:00+09:00,J2,361,439,800
2019-06-21T22:30:00+09:00,J3,471,508,979
2019-06-21T22:30:00+09:00,J4,736,754,1490
2019-06-21T22:30:00+09:00,J5,352,338,690
2019-06-21T22:45:00+09:00,J1,469,509,978
2019-06-21T22:45:00+09:00,J2,433,408,841
2019-06-21T22:45:00+09:00,J3,465,517,982
2019-06-21T22:45:00+09:00,J4,594,635,1229
2019-06-21T22:45:00+09:00,J5,280,279,559
2019-06-21T23:00:00+09:00,J1,426,474,900
2019-06-21T23:00:00+09:00,J2,376,469,845
2019-06-21T23:00:00+09:00,J3,519,524,1043
2019-06-21T23:00:00+09:00,J4,557,541,1098
2019-06-21T23:00:00+09:00,J5,216,252,468
2019-06-21T23:15:00+09:00,J1,387,453,840
2019-06-21T23:15:00+09:00,J2,371,424,795
2019-06-21T23:15:00+09:00,J3,548,546,1094
2019-06-21T23:15:00+09:00,J4,572,650,1222
2019-06-21T23:15:00+09:00,J5,263,275,538
2019-06-21T23:30:00+09:00,J1,383,549,932
2019-06-21T23:30:00+09:00,J2,400,544,944
2019-06-21T23:30:00+09:00,J3,464,520,984
2019-06-21T23:30:00+09:00,J4,627,698,1325
2019-06-21T23:30:00+09:00,J5,270,272,542
2019-06-21T23:45:00+09:00,J1,432,482,914
2019-06-21T23:45:00+09:00,J2,388,448,836
2019-06-21T23:45:00+09:00,J3,474,408,882
2019-06-21T23:45:00+09:00,J4,428,380,808
2019-06-21T23:45:00+09:00,J5,242,254,496
2019-06-22T00:00:00+09:00,J1,334,316,650
2019-06-22T00:00:00+09:00,J2,356,330,686
2019-06-22T00:00:00+09:00,J3,401,388,789
2019-06-22T00:00:00+09:00,J4,356,243,599
2019-06-22T00:00:00+09:00,J5,239,214,453
2019-06-22T00:15:00+09:00,J1,287,289,576
2019-06-22T00:15:00+09:00,J2,345,186,531
2019-06-22T00:15:00+09:00,J3,507,440,947
2019-06-22T00:15:00+09:00,J4,267,281,548
2019-06-22T00:15:00+09:00,J5,178,182,360
2019-06-22T00:30:00+09:00,J1,314,271,585
2019-06-22T00:30:00+09:00,J2,255,230,485
2019-06-22T00:30:00+09:00,J3,422,349,771
2019-06-22T00:30:00+09:00,J4,384,373,757
2019-06-22T00:30:00+09:00,J5,171,137,308
2019-06-22T00:45:00+09:00,J1,330,301,631
2019-06-22T00:45:00+09:00,J2,183,190,373
2019-06-22T00:45:00+09:00,J3,400,363,763
2019-06-22T00:45:00+09:00,J4,416,406,822
2019-06-22T00:45:00+09:00,J5,155,98,253
2019-06-22T05:45:00+09:00,J1,303,354,657
2019-06-22T05:45:00+09:00,J2,257,274,531
2019-06-22T05:45:00+09:00,J3,402,348,750
2019-06-22T05:45:00+09:00,J4,498,470,968
2019-06-22T05:45:00+09:00,J5,198,259,457
2019-06-22T06:00:00+09:00,J1,350,345,695
2019-06-22T06:00:00+09:00,J2,187,275,462
2019-06-22T06:00:00+09:00,J3,416,434,850
2019-06-22T06:00:00+09:00,J4,457,523,980
2019-06-22T06:00:00+09:00,J5,151,150,301
2019-06-22T06:15:00+09:00,J1,307,302,609
2019-06-22T06:15:00+09:00,J2,207,278,485
2019-06-22T06:15:00+09:00,J3,450,461,911
2019-06-22T06:15:00+09:00,J4,426,458,884
2019-06-22T06:15:00+09:00,J5,215,139,354
2019-06-22T06:30:00+09:00,J1,354,292,646
2019-06-22T06:30:00+09:00,J2,249,264,513
2019-06-22T06:30:00+09:00,J3,484,421,905
2019-06-22T06:30:00+09:00,J4,339,401,740
2019-06-22T06:30:00+09:00,J5,274,167,441
2019-06-22T06:45:00+09:00,J1,335,284,619
2019-06-22T06:45:00+09:00,J2,248,274,522
2019-06-22T06:45:00+09:00,J3,525,501,1026
2019-06-22T06:45:00+09:00,J4,453,509,962
2019-06-22T06:45:00+09:00,J5,277,231,508
2019-06-22T07:00:00+09:00,J1,345,347,692
2019-06-22T07:00:00+09:00,J2,247,245,492
2019-06-22T07:00:00+09:00,J3,580,526,1106
2019-06-22T07:00:00+09:00,J4,399,456,855
2019-06-22T07:00:00+09:00,J5,224,210,434
2019-06-22T07:15:00+09:00,J1,412,379,791
2019-06-22T07:15:00+09:00,J2,320,257,577
2019-06-22T07:15:00+09:00,J3,682,629,1311
2019-06-22T07:15:00+09:00,J4,438,493,931
2019-06-22T07:15:00+09:00,J5,276,228,504
2019-06-22T07:30:00+09:00,J1,422,357,779
2019-06-22T07:30:00+09:00,J2,383,263,646
2019-06-22T07:30:00+09:00,J3,712,749,1461
2019-06-22T07:30:00+09:00,J4,425,541,966
2019-06-22T07:30:00+09:00,J5,235,204,439
2019-06-22T07:45:00+09:00,J1,386,361,747
2019-06-22T07:45:00+09:00,J2,407,276,683
2019-06-22T07:45:00+09:00,J3,768,645,1413
2019-06-22T07:45:00+09:00,J4,552,577,1129
2019-06-22T07:45:00+09:00,J5,255,239,494
2019-06-22T08:00:00+09:00,J1,679,570,1249
2019-06-22T08:00:00+09:00,J2,489,312,801
2019-06-22T08:00:00+09:00,J3,734,751,1485
2019-06-22T08:00:00+09:00,J4,640,701,1341
2019-06-22T08:00:00+09:00,J5,313,298,611
2019-06-22T08:15:00+09:00,J1,781,612,1393
2019-06-22T08:15:00+09:00,J2,613,412,1025
2019-06-22T08:15:00+09:00,J3,747,722,1469
2019-06-22T08:15:00+09:00,J4,594,748,1342
2019-06-22T08:15:00+09:00,J5,312,277,589
2019-06-22T08:30:00+09:00,J1,745,600,1345
2019-06-22T08:30:00+09:00,J2,554,384,938
2019-06-22T08:30:00+09:00,J3,723,746,1469
2019-06-22T08:30:00+09:00,J4,517,666,1183
2019-06-22T08:30:00+09:00,J5,273,283,556
2019-06-22T08:45:00+09:00,J1,606,582,1188
2019-06-22T08:45:00+09:00,J2,519,351,870
2019-06-22T08:45:00+09:00,J3,757,739,1496
2019-06-22T08:45:00+09:00,J4,447,618,1065
2019-06-22T08:45:00+09:00,J5,242,235,477
2019-06-22T09:00:00+09:00,J1,549,404,953
2019-06-22T09:00:00+09:00,J2,544,371,915
2019-06-22T09:00:00+09:00,J3,681,700,1381
2019-06-22T09:00:00+09:00,J4,485,594,1079
2019-06-22T09:00:00+09:00,J5,259,283,542
2019-06-22T09:15:00+09:00,J1,672,513,1185
2019-06-22T09:15:00+09:00,J2,571,478,1049
2019-06-22T09:15:00+09:00,J3,571,680,1251
2019-06-22T09:15:00+09:00,J4,509,541,1050
2019-06-22T09:15:00+09:00,J5,299,313,612
2019-06-22T09:30:00+09:00,J1,656,554,1210
2019-06-22T09:30:00+09:00,J2,623,539,1162
2019-06-22T09:30:00+09:00,J3,593,692,1285
2019-06-22T09:30:00+09:00,J4,565,621,1186
2019-06-22T09:30:00+09:00,J5,332,364,696
2019-06-22T09:45:00+09:00,J1,655,658,1313
2019-06-22T09:45:00+09:00,J2,613,575,1188
2019-06-22T09:45:00+09:00,J3,620,628,1248
2019-06-22T09:45:00+09:00,J4,585,565,1150
2019-06-22T09:45:00+09:00,J5,356,373,729
2019-06-22T10:00:00+09:00,J1,566,710,1276
2019-06-22T10:00:00+09:00,J2,554,553,1107
2019-06-22T10:00:00+09:00,J3,683,571,1254
2019-06-22T10:00:00+09:00,J4,707,801,1508
2019-06-22T10:00:00+09:00,J5,321,381,702
2019-06-22T10:15:00+09:00,J1,631,682,1313
2019-06-22T10:15:00+09:00,J2,549,644,1193
2019-06-22T10:15:00+09:00,J3,652,576,1228
2019-06-22T10:15:00+09:00,J4,804,804,1608
2019-06-22T10:15:00+09:00,J5,343,377,720
2019-06-22T10:30:00+09:00,J1,699,723,1422
2019-06-22T10:30:00+09:00,J2,623,582,1205
2019-06-22T10:30:00+09:00,J3,653,563,1216
2019-06-22T10:30:00+09:00,J4,600,694,1294
2019-06-22T10:30:00+09:00,J5,331,388,719
2019-06-22T10:45:00+09:00,J1,734,749,1483
2019-06-22T10:45:00+09:00,J2,629,527,1156
2019-06-22T10:45:00+09:00,J3,640,607,1247
2019-06-22T10:45:00+09:00,J4,570,692,1262
2019-06-22T10:45:00+09:00,J5,337,450,787
2019-06-22T11:00:00+09:00,J1,809,812,1621
2019-06-22T11:00:00+09:00,J2,694,535,1229
2019-06-22T11:00:00+09:00,J3,673,592,1265
2019-06-22T11:00:00+09:00,J4,663,647,1310
2019-06-22T11:00:00+09:00,J5,361,460,821
2019-06-22T11:15:00+09:00,J1,792,829,1621
2019-06-22T11:15:00+09:00,J2,630,510,1140
2019-06-22T11:15:00+09:00,J3,687,624,1311
2019-06-22T11:15:00+09:00,J4,707,651,1358
2019-06-22T11:15:00+09:00,J5,362,434,796
2019-06-22T11:30:00+09:00,J1,801,853,1654
2019-06-22T11:30:00+09:00,J2,655,535,1190
2019-06-22T11:30:00+09:00,J3,717,660,1377
2019-06-22T11:30:00+09:00,J4,589,545,1134
2019-06-22T11:30:00+09:00,J5,375,399,774
2019-06-22T11:45:00+09:00,J1,775,839,1614
2019-06-22T11:45:00+09:00,J2,584,510,1094
2019-06-22T11:45:00+09:00,J3,691,635,1326
2019-06-22T11:45:00+09:00,J4,576,556,1132
2019-06-22T11:45:00+09:00,J5,396,441,837
2019-06-22T12:00:00+09:00,J1,732,910,1642
2019-06-22T12:00:00+09:00,J2,589,518,1107
2019-06-22T12:00:00+09:00,J3,734,654,1388
2019-06-22T12:00:00+09:00,J4,641,592,1233
2019-06-22T12:00:00+09:00,J5,341,464,805
2019-06-22T12:15:00+09:00,J1,765,846,1611
2019-06-22T12:15:00+09:00,J2,590,513,1103
2019-06-22T12:15:00+09:00,J3,755,590,1345
2019-06-22T12:15:00+09:00,J4,624,604,1228
2019-06-22T12:15:00+09:00,J5,406,437,843
2019-06-22T12:30:00+09:00,J1,723,865,1588
2019-06-22T12:30:00+09:00,J2,612,473,1085
2019-06-22T12:30:00+09:00,J3,689,663,1352
2019-06-22T12:30:00+09:00,J4,684,644,1328
2019-06-22T12:30:00+09:00,J5,380,488,868
2019-06-22T12:45:00+09:00,J1,732,806,1538
2019-06-22T12:45:00+09:00,J2,502,519,1021
2019-06-22T12:45:00+09:00,J3,649,648,1297
2019-06-22T12:45:00+09:00,J4,756,630,1386
2019-06-22T12:45:00+09:00,J5,406,527,933
2019-06-22T13:00:00+09:00,J1,654,817,1471
2019-06-22T13:00:00+09:00,J2,528,492,1020
2019-06-22T13:00:00+09:00,J3,622,626,1248
2019-06-22T13:00:00+09:00,J4,745,686,1431
2019-06-22T13:00:00+09:00,J5,364,455,819
2019-06-22T13:15:00+09:00,J1,720,870,1590
2019-06-22T13:15:00+09:00,J2,477,517,994
2019-06-22T13:15:00+09:00,J3,737,592,1329
2019-06-22T13:15:00+09:00,J4,780,769,1549
2019-06-22T13:15:00+09:00,J5,411,458,869
2019-06-22T13:30:00+09:00,J1,761,882,1643
2019-06-22T13:30:00+09:00,J2,592,602,1194
2019-06-22T13:30:00+09:00,J3,725,664,1389
2019-06-22T13:30:00+09:00,J4,866,924,1790
2019-06-22T13:30:00+09:00,J5,435,560,995
2019-06-22T13:45:00+09:00,J1,770,871,1641
2019-06-22T13:45:00+09:00,J2,524,524,1048
2019-06-22T13:45:00+09:00,J3,736,652,1388
2019-06-22T13:45:00+09:00,J4,901,801,1702
2019-06-22T13:45:00+09:00,J5,455,578,1033
2019-06-22T14:00:00+09:00,J1,784,882,1666
2019-06-22T14:00:00+09:00,J2,536,539,1075
2019-06-22T14:00:00+09:00,J3,714,664,1378
2019-06-22T14:00:00+09:00,J4,931,823,1754
2019-06-22T14:00:00+09:00,J5,464,557,1021
2019-06-22T14:15:00+09:00,J1,819,900,1719
2019-06-22T14:15:00+09:00,J2,582,611,1193
2019-06-22T14:15:00+09:00,J3,748,660,1408
2019-06-22T14:15:00+09:00,J4,910,867,1777
2019-06-22T14:15:00+09:00,J5,485,543,1028
2019-06-22T14:30:00+09:00,J1,821,987,1808
2019-06-22T14:30:00+09:00,J2,548,536,1084
2019-06-22T14:30:00+09:00,J3,760,681,1441
2019-06-22T14:30:00+09:00,J4,889,837,1726
2019-06-22T14:30:00+09:00,J5,460,592,1052
2019-06-22T14:45:00+09:00,J1,811,946,1757
2019-06-22T14:45:00+09:00,J2,535,563,1098
2019-06-22T14:45:00+09:00,J3,749,644,1393
2019-06-22T14:45:00+09:00,J4,908,843,1751
2019-06-22T14:45:00+09:00,J5,439,547,986
2019-06-22T15:00:00+09:00,J1,813,929,1742
2019-06-22T15:00:00+09:00,J2,572,583,1155
2019-06-22T15:00:00+09:00,J3,766,646,1412
2019-06-22T15:00:00+09:00,J4,883,866,1749
2019-06-22T15:00:00+09:00,J5,465,598,1063
2019-06-22T15:15:00+09:00,J1,784,935,1719
2019-06-22T15:15:00+09:00,J2,543,620,1163
2019-06-22T15:15:00+09:00,J3,759,722,1481
2019-06-22T15:15:00+09:00,J4,948,824,1772
2019-06-22T15:15:00+09:00,J5,477,570,1047
2019-06-22T15:30:00+09:00,J1,883,1088,1971
2019-06-22T15:30:00+09:00,J2,558,645,1203
2019-06-22T15:30:00+09:00,J3,835,752,1587
2019-06-22T15:30:00+09:00,J4,925,875,1800
2019-06-22T15:30:00+09:00,J5,476,573,1049
2019-06-22T15:45:00+09:00,J1,789,1062,1851
2019-06-22T15:45:00+09:00,J2,612,600,1212
2019-06-22T15:45:00+09:00,J3,771,720,1491
2019-06-22T15:45:00+09:00,J4,916,891,1807
2019-06-22T15:45:00+09:00,J5,471,572,1043
2019-06-22T16:00:00+09:00,J1,858,1053,1911
2019-06-22T16:00:00+09:00,J2,585,666,1251
2019-06-22T16:00:00+09:00,J3,779,683,1462
2019-06-22T16:00:00+09:00,J4,912,919,1831
2019-06-22T16:00:00+09:00,J5,446,510,956
2019-06-22T16:15:00+09:00,J1,892,969,1861
2019-06-22T16:15:00+09:00,J2,596,582,1178
2019-06-22T16:15:00+09:00,J3,816,740,1556
2019-06-22T16:15:00+09:00,J4,980,875,1855
2019-06-22T16:15:00+09:00,J5,435,572,1007
2019-06-22T16:30:00+09:00,J1,877,926,1803
2019-06-22T16:30:00+09:00,J2,596,617,1213
2019-06-22T16:30:00+09:00,J3,763,709,1472
2019-06-22T16:30:00+09:00,J4,977,918,1895
2019-06-22T16:30:00+09:00,J5,459,571,1030
2019-06-22T16:45:00+09:00,J1,900,918,1818
2019-06-22T16:45:00+09:00,J2,588,645,1233
2019-06-22T16:45:00+09:00,J3,829,727,1556
2019-06-22T16:45:00+09:00,J4,907,869,1776
2019-06-22T16:45:00+09:00,J5,397,493,890
2019-06-22T17:00:00+09:00,J1,937,1063,2000
2019-06-22T17:00:00+09:00,J2,617,657,1274
2019-06-22T17:00:00+09:00,J3,893,687,1580
2019-06-22T17:00:00+09:00,J4,981,828,1809
2019-06-22T17:00:00+09:00,J5,463,608,1071
2019-06-22T17:15:00+09:00,J1,972,1069,2041
2019-06-22T17:15:00+09:00,J2,648,665,1313
2019-06-22T17:15:00+09:00,J3,865,744,1609
2019-06-22T17:15:00+09:00,J4,1150,967,2117
2019-06-22T17:15:00+09:00,J5,444,568,1012
2019-06-22T17:30:00+09:00,J1,994,1044,2038
2019-06-22T17:30:00+09:00,J2,658,619,1277
2019-06-22T17:30:00+09:00,J3,869,758,1627
2019-06-22T17:30:00+09:00,J4,1123,1002,2125
2019-06-22T17:30:00+09:00,J5,464,551,1015
2019-06-22T17:45:00+09:00,J1,899,1065,1964
2019-06-22T17:45:00+09:00,J2,623,594,1217
2019-06-22T17:45:00+09:00,J3,808,661,1469
2019-06-22T17:45:00+09:00,J4,947,778,1725
2019-06-22T17:45:00+09:00,J5,409,482,891
2019-06-22T18:00:00+09:00,J1,924,1070,1994
2019-06-22T18:00:00+09:00,J2,592,458,1050
2019-06-22T18:00:00+09:00,J3,839,670,1509
2019-06-22T18:00:00+09:00,J4,787,591,1378
2019-06-22T18:00:00+09:00,J5,351,468,819
2019-06-22T18:15:00+09:00,J1,879,1050,1929
2019-06-22T18:15:00+09:00,J2,564,433,997
2019-06-22T18:15:00+09:00,J3,924,663,1587
2019-06-22T18:15:00+09:00,J4,880,621,1501
2019-06-22T18:15:00+09:00,J5,414,496,910
2019-06-22T18:30:00+09:00,J1,911,963,1874
2019-06-22T18:30:00+09:00,J2,571,380,951
2019-06-22T18:30:00+09:00,J3,831,620,1451
2019-06-22T18:30:00+09:00,J4,799,534,1333
2019-06-22T18:30:00+09:00,J5,410,530,940
2019-06-22T18:45:00+09:00,J1,922,875,1797
2019-06-22T18:45:00+09:00,J2,566,342,908
2019-06-22T18:45:00+09:00,J3,732,590,1322
2019-06-22T18:45:00+09:00,J4,746,612,1358
2019-06-22T18:45:00+09:00,J5,456,502,958
2019-06-22T19:00:00+09:00,J1,788,888,1676
2019-06-22T19:00:00+09:00,J2,480,421,901
2019-06-22T19:00:00+09:00,J3,699,563,1262
2019-06-22T19:00:00+09:00,J4,683,554,1237
2019-06-22T19:00:00+09:00,J5,444,552,996
2019-06-22T19:15:00+09:00,J1,716,851,1567
2019-06-22T19:15:00+09:00,J2,460,386,846
2019-06-22T19:15:00+09:00,J3,752,565,1317
2019-06-22T19:15:00+09:00,J4,685,651,1336
2019-06-22T19:15:00+09:00,J5,433,540,973
2019-06-22T19:30:00+09:00,J1,668,841,1509
2019-06-22T19:30:00+09:00,J2,432,301,733
2019-06-22T19:30:00+09:00,J3,693,559,1252
2019-06-22T19:30:00+09:00,J4,584,542,1126
2019-06-22T19:30:00+09:00,J5,421,495,916
2019-06-22T19:45:00+09:00,J1,670,762,1432
2019-06-22T19:45:00+09:00,J2,379,332,711
2019-06-22T19:45:00+09:00,J3,601,527,1128
2019-06-22T19:45:00+09:00,J4,599,619,1218
2019-06-22T19:45:00+09:00,J5,341,434,775
2019-06-22T20:00:00+09:00,J1,638,748,1386
2019-06-22T20:00:00+09:00,J2,332,337,669
2019-06-22T20:00:00+09:00,J3,646,496,1142
2019-06-22T20:00:00+09:00,J4,626,542,1168
2019-06-22T20:00:00+09:00,J5,425,485,910
2019-06-22T20:15:00+09:00,J1,661,907,1568
2019-06-22T20:15:00+09:00,J2,472,353,825
2019-06-22T20:15:00+09:00,J3,603,636,1239
2019-06-22T20:15:00+09:00,J4,796,715,1511
2019-06-22T20:15:00+09:00,J5,382,462,844
2019-06-22T20:30:00+09:00,J1,673,794,1467
2019-06-22T20:30:00+09:00,J2,377,336,713
2019-06-22T20:30:00+09:00,J3,604,588,1192
2019-06-22T20:30:00+09:00,J4,673,636,1309
2019-06-22T20:30:00+09:00,J5,362,438,800
2019-06-22T20:45:00+09:00,J1,721,733,1454
2019-06-22T20:45:00+09:00,J2,364,328,692
2019-06-22T20:45:00+09:00,J3,676,591,1267
2019-06-22T20:45:00+09:00,J4,620,630,1250
2019-06-22T20:45:00+09:00,J5,312,405,717
2019-06-22T21:00:00+09:00,J1,619,751,1370
2019-06-22T21:00:00+09:00,J2,416,361,777
2019-06-22T21:00:00+09:00,J3,541,531,1072
2019-06-22T21:00:00+09:00,J4,732,707,1439
2019-06-22T21:00:00+09:00,J5,358,399,757
2019-06-22T21:15:00+09:00,J1,597,761,1358
2019-06-22T21:15:00+09:00,J2,359,309,668
2019-06-22T21:15:00+09:00,J3,536,556,1092
2019-06-22T21:15:00+09:00,J4,838,916,1754
2019-06-22T21:15:00+09:00,J5,406,446,852
2019-06-22T21:30:00+09:00,J1,564,697,1261
2019-06-22T21:30:00+09:00,J2,342,300,642
2019-06-22T21:30:00+09:00,J3,551,516,1067
2019-06-22T21:30:00+09:00,J4,784,687,1471
2019-06-22T21:30:00+09:00,J5,376,406,782
2019-06-22T21:45:00+09:00,J1,497,577,1074
2019-06-22T21:45:00+09:00,J2,317,267,584
2019-06-22T21:45:00+09:00,J3,439,500,939
2019-06-22T21:45:00+09:00,J4,676,706,1382
2019-06-22T21:45:00+09:00,J5,333,402,735
2019-06-22T22:00:00+09:00,J1,438,455,893
2019-06-22T22:00:00+09:00,J2,296,299,595
2019-06-22T22:00:00+09:00,J3,507,504,1011
2019-06-22T22:00:00+09:00,J4,653,676,1329
2019-06-22T22:00:00+09:00,J5,348,369,717
2019-06-22T22:15:00+09:00,J1,473,469,942
2019-06-22T22:15:00+09:00,J2,331,314,645
2019-06-22T22:15:00+09:00,J3,502,507,1009
2019-06-22T22:15:00+09:00,J4,715,732,1447
2019-06-22T22:15:00+09:00,J5,330,353,683
2019-06-22T22:30:00+09:00,J1,499,480,979
2019-06-22T22:30:00+09:00,J2,307,338,645
2019-06-22T22:30:00+09:00,J3,449,488,937
2019-06-22T22:30:00+09:00,J4,644,558,1202
2019-06-22T22:30:00+09:00,J5,337,365,702
2019-06-22T22:45:00+09:00,J1,449,497,946
2019-06-22T22:45:00+09:00,J2,363,367,730
2019-06-22T22:45:00+09:00,J3,464,480,944
2019-06-22T22:45:00+09:00,J4,530,526,1056
2019-06-22T22:45:00+09:00,J5,218,260,478
2019-06-22T23:00:00+09:00,J1,375,484,859
2019-06-22T23:00:00+09:00,J2,345,388,733
2019-06-22T23:00:00+09:00,J3,491,444,935
2019-06-22T23:00:00+09:00,J4,474,451,925
2019-06-22T23:00:00+09:00,J5,242,274,516
2019-06-22T23:15:00+09:00,J1,458,518,976
2019-06-22T23:15:00+09:00,J2,372,384,756
2019-06-22T23:15:00+09:00,J3,485,510,995
2019-06-22T23:15:00+09:00,J4,573,623,1196
2019-06-22T23:15:00+09:00,J5,277,334,611
2019-06-22T23:30:00+09:00,J1,455,504,959
2019-06-22T23:30:00+09:00,J2,323,405,728
2019-06-22T23:30:00+09:00,J3,467,517,984
2019-06-22T23:30:00+09:00,J4,492,482,974
2019-06-22T23:30:00+09:00,J5,264,317,581
2019-06-22T23:45:00+09:00,J1,387,426,813
2019-06-22T23:45:00+09:00,J2,365,348,713
2019-06-22T23:45:00+09:00,J3,450,478,928
2019-06-22T23:45:00+09:00,J4,461,469,930
2019-06-22T23:45:00+09:00,J5,251,298,549
2019-06-23T00:00:00+09:00,J1,290,338,628
2019-06-23T00:00:00+09:00,J2,325,194,519
2019-06-23T00:00:00+09:00,J3,469,444,913
2019-06-23T00:00:00+09:00,J4,379,371,750
2019-06-23T00:00:00+09:00,J5,232,243,475
2019-06-23T00:15:00+09:00,J1,236,252,488
2019-06-23T00:15:00+09:00,J2,259,186,445
2019-06-23T00:15:00+09:00,J3,511,466,977
2019-06-23T00:15:00+09:00,J4,320,325,645
2019-06-23T00:15:00+09:00,J5,188,178,366
2019-06-23T00:30:00+09:00,J1,250,253,503
2019-06-23T00:30:00+09:00,J2,249,191,440
2019-06-23T00:30:00+09:00,J3,422,429,851
2019-06-23T00:30:00+09:00,J4,300,313,613
2019-06-23T00:30:00+09:00,J5,171,134,305
2019-06-23T00:45:00+09:00,J1,277,251,528
2019-06-23T00:45:00+09:00,J2,199,162,361
2019-06-23T00:45:00+09:00,J3,322,299,621
2019-06-23T00:45:00+09:00,J4,337,389,726
2019-06-23T00:45:00+09:00,J5,146,102,248
2019-06-23T05:45:00+09:00,J1,398,320,718
2019-06-23T05:45:00+09:00,J2,274,257,531
2019-06-23T05:45:00+09:00,J3,457,407,864
2019-06-23T05:45:00+09:00,J4,651,626,1277
2019-06-23T05:45:00+09:00,J5,320,360,680
2019-06-23T06:00:00+09:00,J1,375,356,731
2019-06-23T06:00:00+09:00,J2,247,277,524
2019-06-23T06:00:00+09:00,J3,359,396,755
2019-06-23T06:00:00+09:00,J4,677,648,1325
2019-06-23T06:00:00+09:00,J5,213,239,452
2019-06-23T06:15:00+09:00,J1,362,436,798
2019-06-23T06:15:00+09:00,J2,315,301,616
2019-06-23T06:15:00+09:00,J3,477,421,898
2019-06-23T06:15:00+09:00,J4,707,713,1420
2019-06-23T06:15:00+09:00,J5,198,191,389
2019-06-23T06:30:00+09:00,J1,359,412,771
2019-06-23T06:30:00+09:00,J2,317,285,602
2019-06-23T06:30:00+09:00,J3,374,339,713
2019-06-23T06:30:00+09:00,J4,800,727,1527
2019-06-23T06:30:00+09:00,J5,416,451,867
2019-06-23T06:45:00+09:00,J1,407,413,820
2019-06-23T06:45:00+09:00,J2,316,262,578
2019-06-23T06:45:00+09:00,J3,361,376,737
2019-06-23T06:45:00+09:00,J4,826,808,1634
2019-06-23T06:45:00+09:00,J5,349,342,691
2019-06-23T07:00:00+09:00,J1,311,370,681
2019-06-23T07:00:00+09:00,J2,297,316,613
2019-06-23T07:00:00+09:00,J3,418,369,787
2019-06-23T07:00:00+09:00,J4,806,731,1537
2019-06-23T07:00:00+09:00,J5,308,329,637
2019-06-23T07:15:00+09:00,J1,401,412,813
2019-06-23T07:15:00+09:00,J2,315,333,648
2019-06-23T07:15:00+09:00,J3,445,392,837
2019-06-23T07:15:00+09:00,J4,810,782,1592
2019-06-23T07:15:00+09:00,J5,333,379,712
2019-06-23T07:30:00+09:00,J1,503,431,934
2019-06-23T07:30:00+09:00,J2,294,370,664
2019-06-23T07:30:00+09:00,J3,453,413,866
2019-06-23T07:30:00+09:00,J4,781,777,1558
2019-06-23T07:30:00+09:00,J5,338,342,680
2019-06-23T07:45:00+09:00,J1,412,368,780
2019-06-23T07:45:00+09:00,J2,246,300,546
2019-06-23T07:45:00+09:00,J3,462,406,868
2019-06-23T07:45:00+09:00,J4,762,707,1469
2019-06-23T07:45:00+09:00,J5,387,377,764
2019-06-23T08:00:00+09:00,J1,633,528,1161
2019-06-23T08:00:00+09:00,J2,333,320,653
2019-06-23T08:00:00+09:00,J3,560,575,1135
2019-06-23T08:00:00+09:00,J4,772,735,1507
2019-06-23T08:00:00+09:00,J5,361,315,676
2019-06-23T08:15:00+09:00,J1,720,607,1327
2019-06-23T08:15:00+09:00,J2,385,327,712
2019-06-23T08:15:00+09:00,J3,555,554,1109
2019-06-23T08:15:00+09:00,J4,734,767,1501
2019-06-23T08:15:00+09:00,J5,332,323,655
2019-06-23T08:30:00+09:00,J1,676,659,1335
2019-06-23T08:30:00+09:00,J2,441,425,866
2019-06-23T08:30:00+09:00,J3,524,519,1043
2019-06-23T08:30:00+09:00,J4,795,846,1641
2019-06-23T08:30:00+09:00,J5,231,237,468
2019-06-23T08:45:00+09:00,J1,701,653,1354
2019-06-23T08:45:00+09:00,J2,410,409,819
2019-06-23T08:45:00+09:00,J3,512,521,1033
2019-06-23T08:45:00+09:00,J4,744,761,1505
2019-06-23T08:45:00+09:00,J5,265,286,551
2019-06-23T09:00:00+09:00,J1,602,551,1153
2019-06-23T09:00:00+09:00,J2,421,386,807
2019-06-23T09:00:00+09:00,J3,495,520,1015
2019-06-23T09:00:00+09:00,J4,773,814,1587
2019-06-23T09:00:00+09:00,J5,273,206,479
2019-06-23T09:15:00+09:00,J1,654,605,1259
2019-06-23T09:15:00+09:00,J2,406,405,811
2019-06-23T09:15:00+09:00,J3,539,560,1099
2019-06-23T09:15:00+09:00,J4,746,747,1493
2019-06-23T09:15:00+09:00,J5,271,200,471
2019-06-23T09:30:00+09:00,J1,655,656,1311
2019-06-23T09:30:00+09:00,J2,461,403,864
2019-06-23T09:30:00+09:00,J3,606,647,1253
2019-06-23T09:30:00+09:00,J4,791,824,1615
2019-06-23T09:30:00+09:00,J5,315,268,583
2019-06-23T09:45:00+09:00,J1,629,619,1248
2019-06-23T09:45:00+09:00,J2,350,393,743
2019-06-23T09:45:00+09:00,J3,661,677,1338
2019-06-23T09:45:00+09:00,J4,825,745,1570
2019-06-23T09:45:00+09:00,J5,290,242,532
2019-06-23T10:00:00+09:00,J1,710,640,1350
2019-06-23T10:00:00+09:00,J2,399,389,788
2019-06-23T10:00:00+09:00,J3,724,752,1476
2019-06-23T10:00:00+09:00,J4,765,735,1500
2019-06-23T10:00:00+09:00,J5,309,304,613
2019-06-23T10:15:00+09:00,J1,707,693,1400
2019-06-23T10:15:00+09:00,J2,472,361,833
2019-06-23T10:15:00+09:00,J3,846,730,1576
2019-06-23T10:15:00+09:00,J4,669,795,1464
2019-06-23T10:15:00+09:00,J5,335,270,605
2019-06-23T10:30:00+09:00,J1,747,728,1475
2019-06-23T10:30:00+09:00,J2,521,386,907
2019-06-23T10:30:00+09:00,J3,854,860,1714
2019-06-23T10:30:00+09:00,J4,775,790,1565
2019-06-23T10:30:00+09:00,J5,321,333,654
2019-06-23T10:45:00+09:00,J1,762,785,1547
2019-06-23T10:45:00+09:00,J2,504,428,932
2019-06-23T10:45:00+09:00,J3,846,837,1683
2019-06-23T10:45:00+09:00,J4,912,847,1759
2019-06-23T10:45:00+09:00,J5,355,327,682
2019-06-23T11:00:00+09:00,J1,792,942,1734
2019-06-23T11:00:00+09:00,J2,551,431,982
2019-06-23T11:00:00+09:00,J3,923,929,1852
2019-06-23T11:00:00+09:00,J4,838,806,1644
2019-06-23T11:00:00+09:00,J5,358,330,688
2019-06-23T11:15:00+09:00,J1,857,886,1743
2019-06-23T11:15:00+09:00,J2,506,372,878
2019-06-23T11:15:00+09:00,J3,932,883,1815
2019-06-23T11:15:00+09:00,J4,724,724,1448
2019-06-23T11:15:00+09:00,J5,322,280,602
2019-06-23T11:30:00+09:00,J1,807,893,1700
2019-06-23T11:30:00+09:00,J2,543,415,958
2019-06-23T11:30:00+09:00,J3,893,899,1792
2019-06-23T11:30:00+09:00,J4,683,733,1416
2019-06-23T11:30:00+09:00,J5,274,275,549
2019-06-23T11:45:00+09:00,J1,772,896,1668
2019-06-23T11:45:00+09:00,J2,543,463,1006
2019-06-23T11:45:00+09:00,J3,933,888,1821
2019-06-23T11:45:00+09:00,J4,577,656,1233
2019-06-23T11:45:00+09:00,J5,305,273,578
2019-06-23T12:00:00+09:00,J1,733,793,1526
2019-06-23T12:00:00+09:00,J2,635,444,1079
2019-06-23T12:00:00+09:00,J3,900,830,1730
2019-06-23T12:00:00+09:00,J4,548,561,1109
2019-06-23T12:00:00+09:00,J5,268,315,583
2019-06-23T12:15:00+09:00,J1,757,803,1560
2019-06-23T12:15:00+09:00,J2,598,569,1167
2019-06-23T12:15:00+09:00,J3,805,839,1644
2019-06-23T12:15:00+09:00,J4,483,635,1118
2019-06-23T12:15:00+09:00,J5,290,286,576
2019-06-23T12:30:00+09:00,J1,694,715,1409
2019-06-23T12:30:00+09:00,J2,603,653,1256
2019-06-23T12:30:00+09:00,J3,687,714,1401
2019-06-23T12:30:00+09:00,J4,496,537,1033
2019-06-23T12:30:00+09:00,J5,289,293,582
2019-06-23T12:45:00+09:00,J1,657,749,1406
2019-06-23T12:45:00+09:00,J2,674,702,1376
2019-06-23T12:45:00+09:00,J3,682,758,1440
2019-06-23T12:45:00+09:00,J4,448,535,983
2019-06-23T12:45:00+09:00,J5,301,295,596
2019-06-23T13:00:00+09:00,J1,605,743,1348
2019-06-23T13:00:00+09:00,J2,656,584,1240
2019-06-23T13:00:00+09:00,J3,735,724,1459
2019-06-23T13:00:00+09:00,J4,560,498,1058
2019-06-23T13:00:00+09:00,J5,288,386,674
2019-06-23T13:15:00+09:00,J1,602,822,1424
2019-06-23T13:15:00+09:00,J2,658,677,1335
2019-06-23T13:15:00+09:00,J3,711,730,1441
2019-06-23T13:15:00+09:00,J4,571,516,1087
2019-06-23T13:15:00+09:00,J5,340,373,713
2019-06-23T13:30:00+09:00,J1,662,799,1461
2019-06-23T13:30:00+09:00,J2,665,606,1271
2019-06-23T13:30:00+09:00,J3,705,656,1361
2019-06-23T13:30:00+09:00,J4,692,582,1274
2019-06-23T13:30:00+09:00,J5,422,461,883
2019-06-23T13:45:00+09:00,J1,656,773,1429
2019-06-23T13:45:00+09:00,J2,588,558,1146
2019-06-23T13:45:00+09:00,J3,628,610,1238
2019-06-23T13:45:00+09:00,J4,679,588,1267
2019-06-23T13:45:00+09:00,J5,421,459,880
2019-06-23T14:00:00+09:00,J1,664,843,1507
2019-06-23T14:00:00+09:00,J2,625,536,1161
2019-06-23T14:00:00+09:00,J3,612,624,1236
2019-06-23T14:00:00+09:00,J4,567,517,1084
2019-06-23T14:00:00+09:00,J5,349,388,737
2019-06-23T14:15:00+09:00,J1,640,811,1451
2019-06-23T14:15:00+09:00,J2,587,581,1168
2019-06-23T14:15:00+09:00,J3,618,592,1210
2019-06-23T14:15:00+09:00,J4,561,538,1099
2019-06-23T14:15:00+09:00,J5,362,406,768
2019-06-23T14:30:00+09:00,J1,590,743,1333
2019-06-23T14:30:00+09:00,J2,680,611,1291
2019-06-23T14:30:00+09:00,J3,615,583,1198
2019-06-23T14:30:00+09:00,J4,699,569,1268
2019-06-23T14:30:00+09:00,J5,344,424,768
2019-06-23T14:45:00+09:00,J1,624,732,1356
2019-06-23T14:45:00+09:00,J2,594,591,1185
2019-06-23T14:45:00+09:00,J3,612,564,1176
2019-06-23T14:45:00+09:00,J4,598,534,1132
2019-06-23T14:45:00+09:00,J5,324,363,687
2019-06-23T15:00:00+09:00,J1,632,706,1338
2019-06-23T15:00:00+09:00,J2,636,567,1203
2019-06-23T15:00:00+09:00,J3,634,582,1216
2019-06-23T15:00:00+09:00,J4,628,556,1184
2019-06-23T15:00:00+09:00,J5,346,377,723
2019-06-23T15:15:00+09:00,J1,651,797,1448
2019-06-23T15:15:00+09:00,J2,642,601,1243
2019-06-23T15:15:00+09:00,J3,568,602,1170
2019-06-23T15:15:00+09:00,J4,716,643,1359
2019-06-23T15:15:00+09:00,J5,382,410,792
2019-06-23T15:30:00+09:00,J1,689,772,1461
2019-06-23T15:30:00+09:00,J2,678,636,1314
2019-06-23T15:30:00+09:00,J3,630,547,1177
2019-06-23T15:30:00+09:00,J4,790,627,1417
2019-06-23T15:30:00+09:00,J5,336,423,759
2019-06-23T15:45:00+09:00,J1,616,754,1370
2019-06-23T15:45:00+09:00,J2,646,601,1247
2019-06-23T15:45:00+09:00,J3,571,557,1128
2019-06-23T15:45:00+09:00,J4,759,617,1376
2019-06-23T15:45:00+09:00,J5,390,460,850
2019-06-23T16:00:00+09:00,J1,609,769,1378
2019-06-23T16:00:00+09:00,J2,654,607,1261
2019-06-23T16:00:00+09:00,J3,578,523,1101
2019-06-23T16:00:00+09:00,J4,663,617,1280
2019-06-23T16:00:00+09:00,J5,379,421,800
2019-06-23T16:15:00+09:00,J1,614,666,1280
2019-06-23T16:15:00+09:00,J2,671,504,1175
2019-06-23T16:15:00+09:00,J3,578,562,1140
2019-06-23T16:15:00+09:00,J4,674,551,1225
2019-06-23T16:15:00+09:00,J5,409,405,814
2019-06-23T16:30:00+09:00,J1,581,689,1270
2019-06-23T16:30:00+09:00,J2,637,569,1206
2019-06-23T16:30:00+09:00,J3,549,553,1102
2019-06-23T16:30:00+09:00,J4,753,614,1367
2019-06-23T16:30:00+09:00,J5,386,389,775
2019-06-23T16:45:00+09:00,J1,620,727,1347
2019-06-23T16:45:00+09:00,J2,648,530,1178
2019-06-23T16:45:00+09:00,J3,564,515,1079
2019-06-23T16:45:00+09:00,J4,681,526,1207
2019-06-23T16:45:00+09:00,J5,377,428,805
2019-06-23T17:00:00+09:00,J1,603,695,1298
2019-06-23T17:00:00+09:00,J2,599,553,1152
2019-06-23T17:00:00+09:00,J3,569,517,1086
2019-06-23T17:00:00+09:00,J4,580,478,1058
2019-06-23T17:00:00+09:00,J5,375,433,808
2019-06-23T17:15:00+09:00,J1,534,685,1219
2019-06-23T17:15:00+09:00,J2,626,528,1154
2019-06-23T17:15:00+09:00,J3,566,494,1060
2019-06-23T17:15:00+09:00,J4,567,394,961
2019-06-23T17:15:00+09:00,J5,352,432,784
2019-06-23T17:30:00+09:00,J1,644,705,1349
2019-06-23T17:30:00+09:00,J2,648,522,1170
2019-06-23T17:30:00+09:00,J3,551,509,1060
2019-06-23T17:30:00+09:00,J4,499,431,930
2019-06-23T17:30:00+09:00,J5,400,372,772
2019-06-23T17:45:00+09:00,J1,662,836,1498
2019-06-23T17:45:00+09:00,J2,593,563,1156
2019-06-23T17:45:00+09:00,J3,554,490,1044
2019-06-23T17:45:00+09:00,J4,431,448,879
2019-06-23T17:45:00+09:00,J5,367,362,729
2019-06-23T18:00:00+09:00,J1,659,809,1468
2019-06-23T18:00:00+09:00,J2,624,576,1200
2019-06-23T18:00:00+09:00,J3,488,508,996
2019-06-23T18:00:00+09:00,J4,444,392,836
2019-06-23T18:00:00+09:00,J5,348,382,730
2019-06-23T18:15:00+09:00,J1,750,860,1610
2019-06-23T18:15:00+09:00,J2,634,531,1165
2019-06-23T18:15:00+09:00,J3,590,463,1053
2019-06-23T18:15:00+09:00,J4,495,411,906
2019-06-23T18:15:00+09:00,J5,354,382,736
2019-06-23T18:30:00+09:00,J1,655,739,1394
2019-06-23T18:30:00+09:00,J2,538,563,1101
2019-06-23T18:30:00+09:00,J3,504,462,966
2019-06-23T18:30:00+09:00,J4,432,439,871
2019-06-23T18:30:00+09:00,J5,346,335,681
2019-06-23T18:45:00+09:00,J1,636,723,1359
2019-06-23T18:45:00+09:00,J2,665,647,1312
2019-06-23T18:45:00+09:00,J3,511,462,973
2019-06-23T18:45:00+09:00,J4,498,453,951
2019-06-23T18:45:00+09:00,J5,365,373,738
2019-06-23T19:00:00+09:00,J1,617,678,1295
2019-06-23T19:00:00+09:00,J2,561,496,1057
2019-06-23T19:00:00+09:00,J3,484,509,993
2019-06-23T19:00:00+09:00,J4,453,477,930
2019-06-23T19:00:00+09:00,J5,337,349,686
2019-06-23T19:15:00+09:00,J1,630,702,1332
2019-06-23T19:15:00+09:00,J2,489,503,992
2019-06-23T19:15:00+09:00,J3,540,527,1067
2019-06-23T19:15:00+09:00,J4,519,518,1037
2019-06-23T19:15:00+09:00,J5,365,398,763
2019-06-23T19:30:00+09:00,J1,606,715,1321
2019-06-23T19:30:00+09:00,J2,467,494,961
2019-06-23T19:30:00+09:00,J3,561,519,1080
2019-06-23T19:30:00+09:00,J4,505,525,1030
2019-06-23T19:30:00+09:00,J5,373,373,746
2019-06-23T19:45:00+09:00,J1,605,691,1296
2019-06-23T19:45:00+09:00,J2,469,468,937
2019-06-23T19:45:00+09:00,J3,604,531,1135
2019-06-23T19:45:00+09:00,J4,552,563,1115
2019-06-23T19:45:00+09:00,J5,347,328,675
2019-06-23T20:00:00+09:00,J1,608,657,1265
2019-06-23T20:00:00+09:00,J2,540,439,979
2019-06-23T20:00:00+09:00,J3,592,499,1091
2019-06-23T20:00:00+09:00,J4,539,563,1102
2019-06-23T20:00:00+09:00,J5,346,385,731
2019-06-23T20:15:00+09:00,J1,634,717,1351
2019-06-23T20:15:00+09:00,J2,527,488,1015
2019-06-23T20:15:00+09:00,J3,647,561,1208
2019-06-23T20:15:00+09:00,J4,520,613,1133
2019-06-23T20:15:00+09:00,J5,371,338,709
2019-06-23T20:30:00+09:00,J1,625,641,1266
2019-06-23T20:30:00+09:00,J2,486,496,982
2019-06-23T20:30:00+09:00,J3,641,560,1201
2019-06-23T20:30:00+09:00,J4,620,675,1295
2019-06-23T20:30:00+09:00,J5,365,351,716
2019-06-23T20:45:00+09:00,J1,550,637,1187
2019-06-23T20:45:00+09:00,J2,481,504,985
2019-06-23T20:45:00+09:00,J3,602,634,1236
2019-06-23T20:45:00+09:00,J4,694,691,1385
2019-06-23T20:45:00+09:00,J5,315,313,628
2019-06-23T21:00:00+09:00,J1,565,619,1184
2019-06-23T21:00:00+09:00,J2,498,479,977
2019-06-23T21:00:00+09:00,J3,583,598,1181
2019-06-23T21:00:00+09:00,J4,678,792,1470
2019-06-23T21:00:00+09:00,J5,354,337,691
2019-06-23T21:15:00+09:00,J1,576,611,1187
2019-06-23T21:15:00+09:00,J2,525,435,960
2019-06-23T21:15:00+09:00,J3,623,569,1192
2019-06-23T21:15:00+09:00,J4,781,744,1525
2019-06-23T21:15:00+09:00,J5,352,291,643
2019-06-23T21:30:00+09:00,J1,523,549,1072
2019-06-23T21:30:00+09:00,J2,465,322,787
2019-06-23T21:30:00+09:00,J3,595,502,1097
2019-06-23T21:30:00+09:00,J4,798,757,1555
2019-06-23T21:30:00+09:00,J5,353,279,632
2019-06-23T21:45:00+09:00,J1,480,504,984
2019-06-23T21:45:00+09:00,J2,382,270,652
2019-06-23T21:45:00+09:00,J3,555,494,1049
2019-06-23T21:45:00+09:00,J4,789,719,1508
2019-06-23T21:45:00+09:00,J5,307,279,586
2019-06-23T22:00:00+09:00,J1,427,563,990
2019-06-23T22:00:00+09:00,J2,428,315,743
2019-06-23T22:00:00+09:00,J3,556,487,1043
2019-06-23T22:00:00+09:00,J4,820,734,1554
2019-06-23T22:00:00+09:00,J5,316,258,574
2019-06-23T22:15:00+09:00,J1,444,516,960
2019-06-23T22:15:00+09:00,J2,379,290,669
2019-06-23T22:15:00+09:00,J3,577,529,1106
2019-06-23T22:15:00+09:00,J4,889,853,1742
2019-06-23T22:15:00+09:00,J5,345,252,597
2019-06-23T22:30:00+09:00,J1,455,490,945
2019-06-23T22:30:00+09:00,J2,336,242,578
2019-06-23T22:30:00+09:00,J3,593,562,1155
2019-06-23T22:30:00+09:00,J4,844,810,1654
2019-06-23T22:30:00+09:00,J5,300,253,553
2019-06-23T22:45:00+09:00,J1,442,491,933
2019-06-23T22:45:00+09:00,J2,411,289,700
2019-06-23T22:45:00+09:00,J3,585,482,1067
2019-06-23T22:45:00+09:00,J4,841,828,1669
2019-06-23T22:45:00+09:00,J5,219,222,441
2019-06-23T23:00:00+09:00,J1,404,428,832
2019-06-23T23:00:00+09:00,J2,363,282,645
2019-06-23T23:00:00+09:00,J3,572,502,1074
2019-06-23T23:00:00+09:00,J4,774,754,1528
2019-06-23T23:00:00+09:00,J5,166,209,375
2019-06-23T23:15:00+09:00,J1,384,464,848
2019-06-23T23:15:00+09:00,J2,390,270,660
2019-06-23T23:15:00+09:00,J3,700,519,1219
2019-06-23T23:15:00+09:00,J4,754,733,1487
2019-06-23T23:15:00+09:00,J5,182,215,397
2019-06-23T23:30:00+09:00,J1,426,412,838
2019-06-23T23:30:00+09:00,J2,324,236,560
2019-06-23T23:30:00+09:00,J3,610,591,1201
2019-06-23T23:30:00+09:00,J4,603,630,1233
2019-06-23T23:30:00+09:00,J5,211,226,437
2019-06-23T23:45:00+09:00,J1,399,427,826
2019-06-23T23:45:00+09:00,J2,344,255,599
2019-06-23T23:45:00+09:00,J3,572,479,1051
2019-06-23T23:45:00+09:00,J4,783,712,1495
2019-06-23T23:45:00+09:00,J5,199,225,424
2019-06-24T00:00:00+09:00,J1,353,353,706
2019-06-24T00:00:00+09:00,J2,290,230,520
2019-06-24T00:00:00+09:00,J3,578,514,1092
2019-06-24T00:00:00+09:00,J4,736,715,1451
2019-06-24T00:00:00+09:00,J5,222,211,433
2019-06-24T00:15:00+09:00,J1,273,240,513
2019-06-24T00:15:00+09:00,J2,235,214,449
2019-06-24T00:15:00+09:00,J3,397,384,781
2019-06-24T00:15:00+09:00,J4,573,610,1183
2019-06-24T00:15:00+09:00,J5,195,164,359
2019-06-24T00:30:00+09:00,J1,364,311,675
2019-06-24T00:30:00+09:00,J2,186,199,385
2019-06-24T00:30:00+09:00,J3,283,277,560
2019-06-24T00:30:00+09:00,J4,466,519,985
2019-06-24T00:30:00+09:00,J5,155,180,335
2019-06-24T00:45:00+09:00,J1,265,272,537
2019-06-24T00:45:00+09:00,J2,199,216,415
2019-06-24T00:45:00+09:00,J3,343,309,652
2019-06-24T00:45:00+09:00,J4,489,498,987
2019-06-24T00:45:00+09:00,J5,155,163,318
2019-06-24T05:45:00+09:00,J1,311,286,597
2019-06-24T05:45:00+09:00,J2,228,227,455
2019-06-24T05:45:00+09:00,J3,459,438,897
2019-06-24T05:45:00+09:00,J4,493,468,961
2019-06-24T05:45:00+09:00,J5,269,278,547
2019-06-24T06:00:00+09:00,J1,328,411,739
2019-06-24T06:00:00+09:00,J2,227,210,437
2019-06-24T06:00:00+09:00,J3,401,388,789
2019-06-24T06:00:00+09:00,J4,538,495,1033
2019-06-24T06:00:00+09:00,J5,336,462,798
2019-06-24T06:15:00+09:00,J1,478,468,946
2019-06-24T06:15:00+09:00,J2,293,300,593
2019-06-24T06:15:00+09:00,J3,414,322,736
2019-06-24T06:15:00+09:00,J4,713,682,1395
2019-06-24T06:15:00+09:00,J5,400,398,798
2019-06-24T06:30:00+09:00,J1,478,498,976
2019-06-24T06:30:00+09:00,J2,269,218,487
2019-06-24T06:30:00+09:00,J3,436,374,810
2019-06-24T06:30:00+09:00,J4,662,631,1293
2019-06-24T06:30:00+09:00,J5,399,439,838
2019-06-24T06:45:00+09:00,J1,564,460,1024
2019-06-24T06:45:00+09:00,J2,273,216,489
2019-06-24T06:45:00+09:00,J3,402,367,769
2019-06-24T06:45:00+09:00,J4,760,719,1479
2019-06-24T06:45:00+09:00,J5,388,444,832
2019-06-24T07:00:00+09:00,J1,465,481,946
2019-06-24T07:00:00+09:00,J2,297,322,619
2019-06-24T07:00:00+09:00,J3,438,361,799
2019-06-24T07:00:00+09:00,J4,763,803,1566
2019-06-24T07:00:00+09:00,J5,345,370,715
2019-06-24T07:15:00+09:00,J1,476,467,943
2019-06-24T07:15:00+09:00,J2,321,327,648
2019-06-24T07:15:00+09:00,J3,454,444,898
2019-06-24T07:15:00+09:00,J4,762,717,1479
2019-06-24T07:15:00+09:00,J5,309,368,677
2019-06-24T07:30:00+09:00,J1,655,494,1149
2019-06-24T07:30:00+09:00,J2,311,340,651
2019-06-24T07:30:00+09:00,J3,751,711,1462
2019-06-24T07:30:00+09:00,J4,680,794,1474
2019-06-24T07:30:00+09:00,J5,315,223,538
2019-06-24T07:45:00+09:00,J1,736,524,1260
2019-06-24T07:45:00+09:00,J2,406,260,666
2019-06-24T07:45:00+09:00,J3,734,767,1501
2019-06-24T07:45:00+09:00,J4,669,955,1624
2019-06-24T07:45:00+09:00,J5,331,217,548
2019-06-24T08:00:00+09:00,J1,1035,751,1786
2019-06-24T08:00:00+09:00,J2,483,327,810
2019-06-24T08:00:00+09:00,J3,875,1004,1879
2019-06-24T08:00:00+09:00,J4,868,1053,1921
2019-06-24T08:00:00+09:00,J5,311,319,630
2019-06-24T08:15:00+09:00,J1,1193,794,1987
2019-06-24T08:15:00+09:00,J2,558,313,871
2019-06-24T08:15:00+09:00,J3,961,1111,2072
2019-06-24T08:15:00+09:00,J4,749,1121,1870
2019-06-24T08:15:00+09:00,J5,307,333,640
2019-06-24T08:30:00+09:00,J1,1127,788,1915
2019-06-24T08:30:00+09:00,J2,471,392,863
2019-06-24T08:30:00+09:00,J3,872,1193,2065
2019-06-24T08:30:00+09:00,J4,660,1118,1778
2019-06-24T08:30:00+09:00,J5,340,416,756
2019-06-24T08:45:00+09:00,J1,917,686,1603
2019-06-24T08:45:00+09:00,J2,429,315,744
2019-06-24T08:45:00+09:00,J3,838,995,1833
2019-06-24T08:45:00+09:00,J4,588,887,1475
2019-06-24T08:45:00+09:00,J5,335,375,710
2019-06-24T09:00:00+09:00,J1,836,710,1546
2019-06-24T09:00:00+09:00,J2,408,293,701
2019-06-24T09:00:00+09:00,J3,755,840,1595
2019-06-24T09:00:00+09:00,J4,575,748,1323
2019-06-24T09:00:00+09:00,J5,238,293,531
2019-06-24T09:15:00+09:00,J1,684,512,1196
2019-06-24T09:15:00+09:00,J2,410,341,751
2019-06-24T09:15:00+09:00,J3,820,789,1609
2019-06-24T09:15:00+09:00,J4,549,731,1280
2019-06-24T09:15:00+09:00,J5,243,247,490
2019-06-24T09:30:00+09:00,J1,628,561,1189
2019-06-24T09:30:00+09:00,J2,443,357,800
2019-06-24T09:30:00+09:00,J3,762,751,1513
2019-06-24T09:30:00+09:00,J4,457,630,1087
2019-06-24T09:30:00+09:00,J5,305,284,589
2019-06-24T09:45:00+09:00,J1,639,494,1133
2019-06-24T09:45:00+09:00,J2,443,374,817
2019-06-24T09:45:00+09:00,J3,694,689,1383
2019-06-24T09:45:00+09:00,J4,384,489,873
2019-06-24T09:45:00+09:00,J5,259,254,513
2019-06-24T10:00:00+09:00,J1,566,511,1077
2019-06-24T10:00:00+09:00,J2,357,403,760
2019-06-24T10:00:00+09:00,J3,697,675,1372
2019-06-24T10:00:00+09:00,J4,419,466,885
2019-06-24T10:00:00+09:00,J5,291,314,605
2019-06-24T10:15:00+09:00,J1,571,552,1123
2019-06-24T10:15:00+09:00,J2,345,349,694
2019-06-24T10:15:00+09:00,J3,647,561,1208
2019-06-24T10:15:00+09:00,J4,415,471,886
2019-06-24T10:15:00+09:00,J5,302,253,555
2019-06-24T10:30:00+09:00,J1,524,591,1115
2019-06-24T10:30:00+09:00,J2,363,331,694
2019-06-24T10:30:00+09:00,J3,543,573,1116
2019-06-24T10:30:00+09:00,J4,528,471,999
2019-06-24T10:30:00+09:00,J5,282,313,595
2019-06-24T10:45:00+09:00,J1,639,677,1316
2019-06-24T10:45:00+09:00,J2,373,364,737
2019-06-24T10:45:00+09:00,J3,506,531,1037
2019-06-24T10:45:00+09:00,J4,504,540,1044
2019-06-24T10:45:00+09:00,J5,294,302,596
2019-06-24T11:00:00+09:00,J1,617,658,1275
2019-06-24T11:00:00+09:00,J2,391,292,683
2019-06-24T11:00:00+09:00,J3,458,459,917
2019-06-24T11:00:00+09:00,J4,624,520,1144
2019-06-24T11:00:00+09:00,J5,332,371,703
2019-06-24T11:15:00+09:00,J1,653,712,1365
2019-06-24T11:15:00+09:00,J2,406,278,684
2019-06-24T11:15:00+09:00,J3,529,475,1004
2019-06-24T11:15:00+09:00,J4,763,657,1420
2019-06-24T11:15:00+09:00,J5,343,372,715
2019-06-24T11:30:00+09:00,J1,624,689,1313
2019-06-24T11:30:00+09:00,J2,378,261,639
2019-06-24T11:30:00+09:00,J3,519,588,1107
2019-06-24T11:30:00+09:00,J4,752,757,1509
2019-06-24T11:30:00+09:00,J5,354,366,720
2019-06-24T11:45:00+09:00,J1,665,632,1297
2019-06-24T11:45:00+09:00,J2,397,286,683
2019-06-24T11:45:00+09:00,J3,544,554,1098
2019-06-24T11:45:00+09:00,J4,791,802,1593
2019-06-24T11:45:00+09:00,J5,403,477,880
2019-06-24T12:00:00+09:00,J1,670,653,1323
2019-06-24T12:00:00+09:00,J2,380,288,668
2019-06-24T12:00:00+09:00,J3,552,562,1114
2019-06-24T12:00:00+09:00,J4,866,950,1816
2019-06-24T12:00:00+09:00,J5,432,499,931
2019-06-24T12:15:00+09:00,J1,657,663,1320
2019-06-24T12:15:00+09:00,J2,375,278,653
2019-06-24T12:15:00+09:00,J3,537,524,1061
2019-06-24T12:15:00+09:00,J4,833,968,1801
2019-06-24T12:15:00+09:00,J5,428,475,903
2019-06-24T12:30:00+09:00,J1,674,696,1370
2019-06-24T12:30:00+09:00,J2,340,339,679
2019-06-24T12:30:00+09:00,J3,617,502,1119
2019-06-24T12:30:00+09:00,J4,868,994,1862
2019-06-24T12:30:00+09:00,J5,450,440,890
2019-06-24T12:45:00+09:00,J1,640,668,1308
2019-06-24T12:45:00+09:00,J2,331,324,655
2019-06-24T12:45:00+09:00,J3,580,474,1054
2019-06-24T12:45:00+09:00,J4,840,899,1739
2019-06-24T12:45:00+09:00,J5,434,468,902
2019-06-24T13:00:00+09:00,J1,573,743,1316
2019-06-24T13:00:00+09:00,J2,333,313,646
2019-06-24T13:00:00+09:00,J3,574,403,977
2019-06-24T13:00:00+09:00,J4,866,873,1739
2019-06-24T13:00:00+09:00,J5,499,477,976
2019-06-24T13:15:00+09:00,J1,578,721,1299
2019-06-24T13:15:00+09:00,J2,337,324,661
2019-06-24T13:15:00+09:00,J3,637,465,1102
2019-06-24T13:15:00+09:00,J4,764,825,1589
2019-06-24T13:15:00+09:00,J5,484,557,1041
2019-06-24T13:30:00+09:00,J1,718,708,1426
2019-06-24T13:30:00+09:00,J2,355,332,687
2019-06-24T13:30:00+09:00,J3,566,473,1039
2019-06-24T13:30:00+09:00,J4,871,888,1759
2019-06-24T13:30:00+09:00,J5,511,547,1058
2019-06-24T13:45:00+09:00,J1,636,689,1325
2019-06-24T13:45:00+09:00,J2,367,314,681
2019-06-24T13:45:00+09:00,J3,574,466,1040
2019-06-24T13:45:00+09:00,J4,841,788,1629
2019-06-24T13:45:00+09:00,J5,471,528,999
2019-06-24T14:00:00+09:00,J1,599,618,1217
2019-06-24T14:00:00+09:00,J2,339,361,700
2019-06-24T14:00:00+09:00,J3,573,448,1021
2019-06-24T14:00:00+09:00,J4,787,784,1571
2019-06-24T14:00:00+09:00,J5,444,484,928
2019-06-24T14:15:00+09:00,J1,654,670,1324
2019-06-24T14:15:00+09:00,J2,362,346,708
2019-06-24T14:15:00+09:00,J3,619,423,1042
2019-06-24T14:15:00+09:00,J4,820,840,1660
2019-06-24T14:15:00+09:00,J5,478,552,1030
2019-06-24T14:30:00+09:00,J1,587,642,1229
2019-06-24T14:30:00+09:00,J2,355,379,734
2019-06-24T14:30:00+09:00,J3,641,517,1158
2019-06-24T14:30:00+09:00,J4,789,736,1525
2019-06-24T14:30:00+09:00,J5,444,511,955
2019-06-24T14:45:00+09:00,J1,608,666,1274
2019-06-24T14:45:00+09:00,J2,310,324,634
2019-06-24T14:45:00+09:00,J3,538,483,1021
2019-06-24T14:45:00+09:00,J4,803,788,1591
2019-06-24T14:45:00+09:00,J5,438,460,898
2019-06-24T15:00:00+09:00,J1,585,639,1224
2019-06-24T15:00:00+09:00,J2,316,325,641
2019-06-24T15:00:00+09:00,J3,556,490,1046
2019-06-24T15:00:00+09:00,J4,824,767,1591
2019-06-24T15:00:00+09:00,J5,408,501,909
2019-06-24T15:15:00+09:00,J1,556,615,1171
2019-06-24T15:15:00+09:00,J2,347,323,670
2019-06-24T15:15:00+09:00,J3,598,448,1046
2019-06-24T15:15:00+09:00,J4,843,815,1658
2019-06-24T15:15:00+09:00,J5,453,510,963
2019-06-24T15:30:00+09:00,J1,578,580,1158
2019-06-24T15:30:00+09:00,J2,369,332,701
2019-06-24T15:30:00+09:00,J3,623,466,1089
2019-06-24T15:30:00+09:00,J4,805,866,1671
2019-06-24T15:30:00+09:00,J5,417,495,912
2019-06-24T15:45:00+09:00,J1,567,606,1173
2019-06-24T15:45:00+09:00,J2,322,304,626
2019-06-24T15:45:00+09:00,J3,536,437,973
2019-06-24T15:45:00+09:00,J4,838,839,1677
2019-06-24T15:45:00+09:00,J5,408,483,891
2019-06-24T16:00:00+09:00,J1,538,592,1130
2019-06-24T16:00:00+09:00,J2,305,324,629
2019-06-24T16:00:00+09:00,J3,522,445,967
2019-06-24T16:00:00+09:00,J4,794,856,1650
2019-06-24T16:00:00+09:00,J5,390,462,852
2019-06-24T16:15:00+09:00,J1,593,648,1241
2019-06-24T16:15:00+09:00,J2,285,285,570
2019-06-24T16:15:00+09:00,J3,541,481,1022
2019-06-24T16:15:00+09:00,J4,786,817,1603
2019-06-24T16:15:00+09:00,J5,446,498,944
2019-06-24T16:30:00+09:00,J1,539,559,1098
2019-06-24T16:30:00+09:00,J2,322,295,617
2019-06-24T16:30:00+09:00,J3,601,509,1110
2019-06-24T16:30:00+09:00,J4,753,803,1556
2019-06-24T16:30:00+09:00,J5,465,528,993
2019-06-24T16:45:00+09:00,J1,547,614,1161
2019-06-24T16:45:00+09:00,J2,329,323,652
2019-06-24T16:45:00+09:00,J3,529,490,1019
2019-06-24T16:45:00+09:00,J4,787,756,1543
2019-06-24T16:45:00+09:00,J5,500,566,1066
2019-06-24T17:00:00+09:00,J1,700,732,1432
2019-06-24T17:00:00+09:00,J2,373,396,769
2019-06-24T17:00:00+09:00,J3,632,525,1157
2019-06-24T17:00:00+09:00,J4,840,715,1555
2019-06-24T17:00:00+09:00,J5,540,577,1117
2019-06-24T17:15:00+09:00,J1,659,902,1561
2019-06-24T17:15:00+09:00,J2,364,358,722
2019-06-24T17:15:00+09:00,J3,641,518,1159
2019-06-24T17:15:00+09:00,J4,858,626,1484
2019-06-24T17:15:00+09:00,J5,548,627,1175
2019-06-24T17:30:00+09:00,J1,717,949,1666
2019-06-24T17:30:00+09:00,J2,403,369,772
2019-06-24T17:30:00+09:00,J3,710,554,1264
2019-06-24T17:30:00+09:00,J4,931,737,1668
2019-06-24T17:30:00+09:00,J5,548,578,1126
2019-06-24T17:45:00+09:00,J1,680,970,1650
2019-06-24T17:45:00+09:00,J2,404,383,787
2019-06-24T17:45:00+09:00,J3,731,537,1268
2019-06-24T17:45:00+09:00,J4,987,731,1718
2019-06-24T17:45:00+09:00,J5,518,607,1125
2019-06-24T18:00:00+09:00,J1,722,951,1673
2019-06-24T18:00:00+09:00,J2,434,394,828
2019-06-24T18:00:00+09:00,J3,796,540,1336
2019-06-24T18:00:00+09:00,J4,1011,809,1820
2019-06-24T18:00:00+09:00,J5,550,635,1185
2019-06-24T18:15:00+09:00,J1,705,939,1644
2019-06-24T18:15:00+09:00,J2,398,360,758
2019-06-24T18:15:00+09:00,J3,676,602,1278
2019-06-24T18:15:00+09:00,J4,989,798,1787
2019-06-24T18:15:00+09:00,J5,531,625,1156
2019-06-24T18:30:00+09:00,J1,670,819,1489
2019-06-24T18:30:00+09:00,J2,350,287,637
2019-06-24T18:30:00+09:00,J3,651,572,1223
2019-06-24T18:30:00+09:00,J4,971,778,1749
2019-06-24T18:30:00+09:00,J5,535,648,1183
2019-06-24T18:45:00+09:00,J1,604,672,1276
2019-06-24T18:45:00+09:00,J2,375,247,622
2019-06-24T18:45:00+09:00,J3,517,485,1002
2019-06-24T18:45:00+09:00,J4,953,669,1622
2019-06-24T18:45:00+09:00,J5,495,509,1004
2019-06-24T19:00:00+09:00,J1,571,735,1306
2019-06-24T19:00:00+09:00,J2,333,288,621
2019-06-24T19:00:00+09:00,J3,584,586,1170
2019-06-24T19:00:00+09:00,J4,929,708,1637
2019-06-24T19:00:00+09:00,J5,552,671,1223
2019-06-24T19:15:00+09:00,J1,539,775,1314
2019-06-24T19:15:00+09:00,J2,325,252,577
2019-06-24T19:15:00+09:00,J3,540,502,1042
2019-06-24T19:15:00+09:00,J4,755,548,1303
2019-06-24T19:15:00+09:00,J5,484,602,1086
2019-06-24T19:30:00+09:00,J1,562,628,1190
2019-06-24T19:30:00+09:00,J2,329,242,571
2019-06-24T19:30:00+09:00,J3,491,478,969
2019-06-24T19:30:00+09:00,J4,656,524,1180
2019-06-24T19:30:00+09:00,J5,486,548,1034
2019-06-24T19:45:00+09:00,J1,558,687,1245
2019-06-24T19:45:00+09:00,J2,322,234,556
2019-06-24T19:45:00+09:00,J3,550,498,1048
2019-06-24T19:45:00+09:00,J4,572,525,1097
2019-06-24T19:45:00+09:00,J5,421,499,920
2019-06-24T20:00:00+09:00,J1,502,601,1103
2019-06-24T20:00:00+09:00,J2,301,231,532
2019-06-24T20:00:00+09:00,J3,501,453,954
2019-06-24T20:00:00+09:00,J4,714,711,1425
2019-06-24T20:00:00+09:00,J5,416,458,874
2019-06-24T20:15:00+09:00,J1,558,661,1219
2019-06-24T20:15:00+09:00,J2,325,282,607
2019-06-24T20:15:00+09:00,J3,546,491,1037
2019-06-24T20:15:00+09:00,J4,775,713,1488
2019-06-24T20:15:00+09:00,J5,386,443,829
2019-06-24T20:30:00+09:00,J1,629,675,1304
2019-06-24T20:30:00+09:00,J2,384,204,588
2019-06-24T20:30:00+09:00,J3,606,486,1092
2019-06-24T20:30:00+09:00,J4,875,731,1606
2019-06-24T20:30:00+09:00,J5,391,408,799
2019-06-24T20:45:00+09:00,J1,693,746,1439
2019-06-24T20:45:00+09:00,J2,273,250,523
2019-06-24T20:45:00+09:00,J3,598,525,1123
2019-06-24T20:45:00+09:00,J4,819,733,1552
2019-06-24T20:45:00+09:00,J5,377,421,798
2019-06-24T21:00:00+09:00,J1,534,627,1161
2019-06-24T21:00:00+09:00,J2,353,312,665
2019-06-24T21:00:00+09:00,J3,619,496,1115
2019-06-24T21:00:00+09:00,J4,984,848,1832
2019-06-24T21:00:00+09:00,J5,326,332,658
2019-06-24T21:15:00+09:00,J1,677,813,1490
2019-06-24T21:15:00+09:00,J2,382,334,716
2019-06-24T21:15:00+09:00,J3,673,608,1281
2019-06-24T21:15:00+09:00,J4,914,848,1762
2019-06-24T21:15:00+09:00,J5,335,343,678
2019-06-24T21:30:00+09:00,J1,644,689,1333
2019-06-24T21:30:00+09:00,J2,289,260,549
2019-06-24T21:30:00+09:00,J3,670,605,1275
2019-06-24T21:30:00+09:00,J4,922,857,1779
2019-06-24T21:30:00+09:00,J5,334,332,666
2019-06-24T21:45:00+09:00,J1,629,685,1314
2019-06-24T21:45:00+09:00,J2,298,280,578
2019-06-24T21:45:00+09:00,J3,587,550,1137
2019-06-24T21:45:00+09:00,J4,897,816,1713
2019-06-24T21:45:00+09:00,J5,287,305,592
2019-06-24T22:00:00+09:00,J1,510,596,1106
2019-06-24T22:00:00+09:00,J2,281,195,476
2019-06-24T22:00:00+09:00,J3,533,477,1010
2019-06-24T22:00:00+09:00,J4,829,817,1646
2019-06-24T22:00:00+09:00,J5,278,275,553
2019-06-24T22:15:00+09:00,J1,507,611,1118
2019-06-24T22:15:00+09:00,J2,293,249,542
2019-06-24T22:15:00+09:00,J3,498,508,1006
2019-06-24T22:15:00+09:00,J4,931,837,1768
2019-06-24T22:15:00+09:00,J5,263,324,587
2019-06-24T22:30:00+09:00,J1,561,609,1170
2019-06-24T22:30:00+09:00,J2,287,219,506
2019-06-24T22:30:00+09:00,J3,657,520,1177
2019-06-24T22:30:00+09:00,J4,901,850,1751
2019-06-24T22:30:00+09:00,J5,265,245,510
2019-06-24T22:45:00+09:00,J1,558,638,1196
2019-06-24T22:45:00+09:00,J2,314,164,478
2019-06-24T22:45:00+09:00,J3,674,526,1200
2019-06-24T22:45:00+09:00,J4,939,846,1785
2019-06-24T22:45:00+09:00,J5,157,208,365
2019-06-24T23:00:00+09:00,J1,519,558,1077
2019-06-24T23:00:00+09:00,J2,301,204,505
2019-06-24T23:00:00+09:00,J3,639,581,1220
2019-06-24T23:00:00+09:00,J4,945,870,1815
2019-06-24T23:00:00+09:00,J5,163,203,366
2019-06-24T23:15:00+09:00,J1,507,549,1056
2019-06-24T23:15:00+09:00,J2,281,184,465
2019-06-24T23:15:00+09:00,J3,640,562,1202
2019-06-24T23:15:00+09:00,J4,968,916,1884
2019-06-24T23:15:00+09:00,J5,202,198,400
2019-06-24T23:30:00+09:00,J1,447,539,986
2019-06-24T23:30:00+09:00,J2,278,149,427
2019-06-24T23:30:00+09:00,J3,626,539,1165
2019-06-24T23:30:00+09:00,J4,830,788,1618
2019-06-24T23:30:00+09:00,J5,164,195,359
2019-06-24T23:45:00+09:00,J1,438,532,970
2019-06-24T23:45:00+09:00,J2,278,125,403
2019-06-24T23:45:00+09:00,J3,598,531,1129
2019-06-24T23:45:00+09:00,J4,839,722,1561
2019-06-24T23:45:00+09:00,J5,244,182,426
2019-06-25T00:00:00+09:00,J1,419,472,891
2019-06-25T00:00:00+09:00,J2,286,163,449
2019-06-25T00:00:00+09:00,J3,597,469,1066
2019-06-25T00:00:00+09:00,J4,872,804,1676
2019-06-25T00:00:00+09:00,J5,197,196,393
2019-06-25T00:15:00+09:00,J1,333,284,617
2019-06-25T00:15:00+09:00,J2,214,168,382
2019-06-25T00:15:00+09:00,J3,348,326,674
2019-06-25T00:15:00+09:00,J4,594,530,1124
2019-06-25T00:15:00+09:00,J5,184,154,338
2019-06-25T00:30:00+09:00,J1,295,280,575
2019-06-25T00:30:00+09:00,J2,168,138,306
2019-06-25T00:30:00+09:00,J3,330,304,634
2019-06-25T00:30:00+09:00,J4,516,503,1019
2019-06-25T00:30:00+09:00,J5,178,147,325
2019-06-25T00:45:00+09:00,J1,353,305,658
2019-06-25T00:45:00+09:00,J2,174,202,376
2019-06-25T00:45:00+09:00,J3,398,358,756
2019-06-25T00:45:00+09:00,J4,563,517,1080
2019-06-25T00:45:00+09:00,J5,198,190,388
2019-06-25T05:45:00+09:00,J1,624,597,1221
2019-06-25T05:45:00+09:00,J2,479,421,900
2019-06-25T05:45:00+09:00,J3,533,536,1069
2019-06-25T05:45:00+09:00,J4,406,382,788
2019-06-25T05:45:00+09:00,J5,287,333,620
2019-06-25T06:00:00+09:00,J1,569,476,1045
2019-06-25T06:00:00+09:00,J2,487,358,845
2019-06-25T06:00:00+09:00,J3,525,530,1055
2019-06-25T06:00:00+09:00,J4,660,576,1236
2019-06-25T06:00:00+09:00,J5,327,385,712
2019-06-25T06:15:00+09:00,J1,595,524,1119
2019-06-25T06:15:00+09:00,J2,470,353,823
2019-06-25T06:15:00+09:00,J3,479,581,1060
2019-06-25T06:15:00+09:00,J4,720,727,1447
2019-06-25T06:15:00+09:00,J5,278,290,568
2019-06-25T06:30:00+09:00,J1,544,588,1132
2019-06-25T06:30:00+09:00,J2,434,355,789
2019-06-25T06:30:00+09:00,J3,475,481,956
2019-06-25T06:30:00+09:00,J4,727,631,1358
2019-06-25T06:30:00+09:00,J5,359,371,730
2019-06-25T06:45:00+09:00,J1,582,589,1171
2019-06-25T06:45:00+09:00,J2,396,310,706
2019-06-25T06:45:00+09:00,J3,554,508,1062
2019-06-25T06:45:00+09:00,J4,724,770,1494
2019-06-25T06:45:00+09:00,J5,327,344,671
2019-06-25T07:00:00+09:00,J1,636,586,1222
2019-06-25T07:00:00+09:00,J2,335,274,609
2019-06-25T07:00:00+09:00,J3,519,532,1051
2019-06-25T07:00:00+09:00,J4,722,766,1488
2019-06-25T07:00:00+09:00,J5,279,291,570
2019-06-25T07:15:00+09:00,J1,753,616,1369
2019-06-25T07:15:00+09:00,J2,333,293,626
2019-06-25T07:15:00+09:00,J3,554,520,1074
2019-06-25T07:15:00+09:00,J4,756,743,1499
2019-06-25T07:15:00+09:00,J5,294,275,569
2019-06-25T07:30:00+09:00,J1,734,617,1351
2019-06-25T07:30:00+09:00,J2,333,298,631
2019-06-25T07:30:00+09:00,J3,543,560,1103
2019-06-25T07:30:00+09:00,J4,605,766,1371
2019-06-25T07:30:00+09:00,J5,316,238,554
2019-06-25T07:45:00+09:00,J1,976,788,1764
2019-06-25T07:45:00+09:00,J2,471,353,824
2019-06-25T07:45:00+09:00,J3,693,753,1446
2019-06-25T07:45:00+09:00,J4,775,927,1702
2019-06-25T07:45:00+09:00,J5,346,292,638
2019-06-25T08:00:00+09:00,J1,986,767,1753
2019-06-25T08:00:00+09:00,J2,407,305,712
2019-06-25T08:00:00+09:00,J3,729,847,1576
2019-06-25T08:00:00+09:00,J4,638,902,1540
2019-06-25T08:00:00+09:00,J5,289,295,584
2019-06-25T08:15:00+09:00,J1,1156,875,2031
2019-06-25T08:15:00+09:00,J2,529,310,839
2019-06-25T08:15:00+09:00,J3,931,1091,2022
2019-06-25T08:15:00+09:00,J4,655,1037,1692
2019-06-25T08:15:00+09:00,J5,291,358,649
2019-06-25T08:30:00+09:00,J1,1108,850,1958
2019-06-25T08:30:00+09:00,J2,636,422,1058
2019-06-25T08:30:00+09:00,J3,967,1165,2132
2019-06-25T08:30:00+09:00,J4,582,1091,1673
2019-06-25T08:30:00+09:00,J5,408,409,817
2019-06-25T08:45:00+09:00,J1,869,629,1498
2019-06-25T08:45:00+09:00,J2,493,404,897
2019-06-25T08:45:00+09:00,J3,922,1015,1937
2019-06-25T08:45:00+09:00,J4,592,820,1412
2019-06-25T08:45:00+09:00,J5,357,320,677
2019-06-25T09:00:00+09:00,J1,779,683,1462
2019-06-25T09:00:00+09:00,J2,487,326,813
2019-06-25T09:00:00+09:00,J3,806,818,1624
2019-06-25T09:00:00+09:00,J4,447,608,1055
2019-06-25T09:00:00+09:00,J5,272,237,509
2019-06-25T09:15:00+09:00,J1,596,497,1093
2019-06-25T09:15:00+09:00,J2,455,373,828
2019-06-25T09:15:00+09:00,J3,779,765,1544
2019-06-25T09:15:00+09:00,J4,476,626,1102
2019-06-25T09:15:00+09:00,J5,271,254,525
2019-06-25T09:30:00+09:00,J1,620,559,1179
2019-06-25T09:30:00+09:00,J2,504,397,901
2019-06-25T09:30:00+09:00,J3,742,702,1444
2019-06-25T09:30:00+09:00,J4,474,583,1057
2019-06-25T09:30:00+09:00,J5,309,321,630
2019-06-25T09:45:00+09:00,J1,557,485,1042
2019-06-25T09:45:00+09:00,J2,448,419,867
2019-06-25T09:45:00+09:00,J3,673,670,1343
2019-06-25T09:45:00+09:00,J4,487,475,962
2019-06-25T09:45:00+09:00,J5,267,327,594
2019-06-25T10:00:00+09:00,J1,488,457,945
2019-06-25T10:00:00+09:00,J2,441,416,857
2019-06-25T10:00:00+09:00,J3,588,641,1229
2019-06-25T10:00:00+09:00,J4,456,381,837
2019-06-25T10:00:00+09:00,J5,324,328,652
2019-06-25T10:15:00+09:00,J1,504,504,1008
2019-06-25T10:15:00+09:00,J2,455,399,854
2019-06-25T10:15:00+09:00,J3,559,567,1126
2019-06-25T10:15:00+09:00,J4,577,517,1094
2019-06-25T10:15:00+09:00,J5,283,360,643
2019-06-25T10:30:00+09:00,J1,462,428,890
2019-06-25T10:30:00+09:00,J2,441,359,800
2019-06-25T10:30:00+09:00,J3,520,479,999
2019-06-25T10:30:00+09:00,J4,580,587,1167
2019-06-25T10:30:00+09:00,J5,342,366,708
2019-06-25T10:45:00+09:00,J1,526,469,995
2019-06-25T10:45:00+09:00,J2,412,329,741
2019-06-25T10:45:00+09:00,J3,461,492,953
2019-06-25T10:45:00+09:00,J4,764,727,1491
2019-06-25T10:45:00+09:00,J5,321,384,705
2019-06-25T11:00:00+09:00,J1,505,468,973
2019-06-25T11:00:00+09:00,J2,461,313,774
2019-06-25T11:00:00+09:00,J3,454,468,922
2019-06-25T11:00:00+09:00,J4,783,880,1663
2019-06-25T11:00:00+09:00,J5,388,427,815
2019-06-25T11:15:00+09:00,J1,698,584,1282
2019-06-25T11:15:00+09:00,J2,376,270,646
2019-06-25T11:15:00+09:00,J3,532,497,1029
2019-06-25T11:15:00+09:00,J4,864,870,1734
2019-06-25T11:15:00+09:00,J5,349,490,839
2019-06-25T11:30:00+09:00,J1,667,610,1277
2019-06-25T11:30:00+09:00,J2,316,238,554
2019-06-25T11:30:00+09:00,J3,469,569,1038
2019-06-25T11:30:00+09:00,J4,901,910,1811
2019-06-25T11:30:00+09:00,J5,431,508,939
2019-06-25T11:45:00+09:00,J1,664,681,1345
2019-06-25T11:45:00+09:00,J2,356,353,709
2019-06-25T11:45:00+09:00,J3,472,578,1050
2019-06-25T11:45:00+09:00,J4,810,872,1682
2019-06-25T11:45:00+09:00,J5,406,560,966
2019-06-25T12:00:00+09:00,J1,684,755,1439
2019-06-25T12:00:00+09:00,J2,336,330,666
2019-06-25T12:00:00+09:00,J3,513,527,1040
2019-06-25T12:00:00+09:00,J4,790,861,1651
2019-06-25T12:00:00+09:00,J5,465,524,989
2019-06-25T12:15:00+09:00,J1,561,699,1260
2019-06-25T12:15:00+09:00,J2,343,346,689
2019-06-25T12:15:00+09:00,J3,519,548,1067
2019-06-25T12:15:00+09:00,J4,826,774,1600
2019-06-25T12:15:00+09:00,J5,438,427,865
2019-06-25T12:30:00+09:00,J1,554,714,1268
2019-06-25T12:30:00+09:00,J2,310,318,628
2019-06-25T12:30:00+09:00,J3,610,547,1157
2019-06-25T12:30:00+09:00,J4,813,765,1578
2019-06-25T12:30:00+09:00,J5,396,425,821
2019-06-25T12:45:00+09:00,J1,571,689,1260
2019-06-25T12:45:00+09:00,J2,372,357,729
2019-06-25T12:45:00+09:00,J3,629,437,1066
2019-06-25T12:45:00+09:00,J4,721,760,1481
2019-06-25T12:45:00+09:00,J5,461,508,969
2019-06-25T13:00:00+09:00,J1,582,722,1304
2019-06-25T13:00:00+09:00,J2,400,317,717
2019-06-25T13:00:00+09:00,J3,571,374,945
2019-06-25T13:00:00+09:00,J4,832,838,1670
2019-06-25T13:00:00+09:00,J5,451,550,1001
2019-06-25T13:15:00+09:00,J1,549,761,1310
2019-06-25T13:15:00+09:00,J2,338,360,698
2019-06-25T13:15:00+09:00,J3,621,442,1063
2019-06-25T13:15:00+09:00,J4,831,802,1633
2019-06-25T13:15:00+09:00,J5,506,570,1076
2019-06-25T13:30:00+09:00,J1,569,705,1274
2019-06-25T13:30:00+09:00,J2,359,362,721
2019-06-25T13:30:00+09:00,J3,599,463,1062
2019-06-25T13:30:00+09:00,J4,840,821,1661
2019-06-25T13:30:00+09:00,J5,471,497,968
2019-06-25T13:45:00+09:00,J1,524,681,1205
2019-06-25T13:45:00+09:00,J2,334,320,654
2019-06-25T13:45:00+09:00,J3,609,499,1108
2019-06-25T13:45:00+09:00,J4,794,784,1578
2019-06-25T13:45:00+09:00,J5,435,539,974
2019-06-25T14:00:00+09:00,J1,534,682,1216
2019-06-25T14:00:00+09:00,J2,324,317,641
2019-06-25T14:00:00+09:00,J3,609,456,1065
2019-06-25T14:00:00+09:00,J4,822,829,1651
2019-06-25T14:00:00+09:00,J5,452,526,978
2019-06-25T14:15:00+09:00,J1,534,588,1122
2019-06-25T14:15:00+09:00,J2,350,377,727
2019-06-25T14:15:00+09:00,J3,634,557,1191
2019-06-25T14:15:00+09:00,J4,811,790,1601
2019-06-25T14:15:00+09:00,J5,498,533,1031
2019-06-25T14:30:00+09:00,J1,531,573,1104
2019-06-25T14:30:00+09:00,J2,297,327,624
2019-06-25T14:30:00+09:00,J3,636,488,1124
2019-06-25T14:30:00+09:00,J4,792,756,1548
2019-06-25T14:30:00+09:00,J5,494,527,1021
2019-06-25T14:45:00+09:00,J1,482,617,1099
2019-06-25T14:45:00+09:00,J2,318,354,672
2019-06-25T14:45:00+09:00,J3,597,477,1074
2019-06-25T14:45:00+09:00,J4,818,768,1586
2019-06-25T14:45:00+09:00,J5,460,482,942
2019-06-25T15:00:00+09:00,J1,533,604,1137
2019-06-25T15:00:00+09:00,J2,303,329,632
2019-06-25T15:00:00+09:00,J3,533,456,989
2019-06-25T15:00:00+09:00,J4,804,665,1469
2019-06-25T15:00:00+09:00,J5,404,500,904
2019-06-25T15:15:00+09:00,J1,597,696,1293
2019-06-25T15:15:00+09:00,J2,314,381,695
2019-06-25T15:15:00+09:00,J3,613,466,1079
2019-06-25T15:15:00+09:00,J4,858,827,1685
2019-06-25T15:15:00+09:00,J5,444,486,930
2019-06-25T15:30:00+09:00,J1,587,658,1245
2019-06-25T15:30:00+09:00,J2,335,366,701
2019-06-25T15:30:00+09:00,J3,656,513,1169
2019-06-25T15:30:00+09:00,J4,892,839,1731
2019-06-25T15:30:00+09:00,J5,420,520,940
2019-06-25T15:45:00+09:00,J1,593,695,1288
2019-06-25T15:45:00+09:00,J2,296,335,631
2019-06-25T15:45:00+09:00,J3,623,498,1121
2019-06-25T15:45:00+09:00,J4,803,814,1617
2019-06-25T15:45:00+09:00,J5,426,572,998
2019-06-25T16:00:00+09:00,J1,577,654,1231
2019-06-25T16:00:00+09:00,J2,325,345,670
2019-06-25T16:00:00+09:00,J3,576,489,1065
2019-06-25T16:00:00+09:00,J4,825,803,1628
2019-06-25T16:00:00+09:00,J5,429,471,900
2019-06-25T16:15:00+09:00,J1,581,659,1240
2019-06-25T16:15:00+09:00,J2,313,332,645
2019-06-25T16:15:00+09:00,J3,665,429,1094
2019-06-25T16:15:00+09:00,J4,905,823,1728
2019-06-25T16:15:00+09:00,J5,440,421,861
2019-06-25T16:30:00+09:00,J1,554,606,1160
2019-06-25T16:30:00+09:00,J2,296,328,624
2019-06-25T16:30:00+09:00,J3,642,497,1139
2019-06-25T16:30:00+09:00,J4,841,893,1734
2019-06-25T16:30:00+09:00,J5,420,505,925
2019-06-25T16:45:00+09:00,J1,533,667,1200
2019-06-25T16:45:00+09:00,J2,332,355,687
2019-06-25T16:45:00+09:00,J3,607,485,1092
2019-06-25T16:45:00+09:00,J4,843,877,1720
2019-06-25T16:45:00+09:00,J5,479,561,1040
2019-06-25T17:00:00+09:00,J1,673,804,1477
2019-06-25T17:00:00+09:00,J2,403,419,822
2019-06-25T17:00:00+09:00,J3,748,581,1329
2019-06-25T17:00:00+09:00,J4,943,835,1778
2019-06-25T17:00:00+09:00,J5,458,526,984
2019-06-25T17:15:00+09:00,J1,690,895,1585
2019-06-25T17:15:00+09:00,J2,391,409,800
2019-06-25T17:15:00+09:00,J3,769,553,1322
2019-06-25T17:15:00+09:00,J4,933,855,1788
2019-06-25T17:15:00+09:00,J5,486,591,1077
2019-06-25T17:30:00+09:00,J1,724,948,1672
2019-06-25T17:30:00+09:00,J2,385,390,775
2019-06-25T17:30:00+09:00,J3,785,588,1373
2019-06-25T17:30:00+09:00,J4,976,810,1786
2019-06-25T17:30:00+09:00,J5,473,605,1078
2019-06-25T17:45:00+09:00,J1,760,953,1713
2019-06-25T17:45:00+09:00,J2,440,384,824
2019-06-25T17:45:00+09:00,J3,859,637,1496
2019-06-25T17:45:00+09:00,J4,1015,967,1982
2019-06-25T17:45:00+09:00,J5,491,551,1042
2019-06-25T18:00:00+09:00,J1,776,966,1742
2019-06-25T18:00:00+09:00,J2,430,407,837
2019-06-25T18:00:00+09:00,J3,903,594,1497
2019-06-25T18:00:00+09:00,J4,1048,920,1968
2019-06-25T18:00:00+09:00,J5,479,605,1084
2019-06-25T18:15:00+09:00,J1,737,912,1649
2019-06-25T18:15:00+09:00,J2,413,375,788
2019-06-25T18:15:00+09:00,J3,857,520,1377
2019-06-25T18:15:00+09:00,J4,1053,762,1815
2019-06-25T18:15:00+09:00,J5,522,609,1131
2019-06-25T18:30:00+09:00,J1,704,784,1488
2019-06-25T18:30:00+09:00,J2,383,343,726
2019-06-25T18:30:00+09:00,J3,686,490,1176
2019-06-25T18:30:00+09:00,J4,955,802,1757
2019-06-25T18:30:00+09:00,J5,526,595,1121
2019-06-25T18:45:00+09:00,J1,663,727,1390
2019-06-25T18:45:00+09:00,J2,364,376,740
2019-06-25T18:45:00+09:00,J3,620,482,1102
2019-06-25T18:45:00+09:00,J4,901,769,1670
2019-06-25T18:45:00+09:00,J5,516,601,1117
2019-06-25T19:00:00+09:00,J1,603,714,1317
2019-06-25T19:00:00+09:00,J2,327,316,643
2019-06-25T19:00:00+09:00,J3,609,498,1107
2019-06-25T19:00:00+09:00,J4,887,755,1642
2019-06-25T19:00:00+09:00,J5,517,545,1062
2019-06-25T19:15:00+09:00,J1,566,790,1356
2019-06-25T19:15:00+09:00,J2,296,310,606
2019-06-25T19:15:00+09:00,J3,504,554,1058
2019-06-25T19:15:00+09:00,J4,861,664,1525
2019-06-25T19:15:00+09:00,J5,491,581,1072
2019-06-25T19:30:00+09:00,J1,551,720,1271
2019-06-25T19:30:00+09:00,J2,276,338,614
2019-06-25T19:30:00+09:00,J3,480,474,954
2019-06-25T19:30:00+09:00,J4,687,496,1183
2019-06-25T19:30:00+09:00,J5,496,559,1055
2019-06-25T19:45:00+09:00,J1,525,676,1201
2019-06-25T19:45:00+09:00,J2,287,361,648
2019-06-25T19:45:00+09:00,J3,456,490,946
2019-06-25T19:45:00+09:00,J4,620,535,1155
2019-06-25T19:45:00+09:00,J5,477,575,1052
2019-06-25T20:00:00+09:00,J1,488,622,1110
2019-06-25T20:00:00+09:00,J2,262,287,549
2019-06-25T20:00:00+09:00,J3,493,479,972
2019-06-25T20:00:00+09:00,J4,650,492,1142
2019-06-25T20:00:00+09:00,J5,520,547,1067
2019-06-25T20:15:00+09:00,J1,469,665,1134
2019-06-25T20:15:00+09:00,J2,297,295,592
2019-06-25T20:15:00+09:00,J3,488,454,942
2019-06-25T20:15:00+09:00,J4,715,553,1268
2019-06-25T20:15:00+09:00,J5,563,564,1127
2019-06-25T20:30:00+09:00,J1,444,645,1089
2019-06-25T20:30:00+09:00,J2,313,325,638
2019-06-25T20:30:00+09:00,J3,448,407,855
2019-06-25T20:30:00+09:00,J4,660,497,1157
2019-06-25T20:30:00+09:00,J5,499,578,1077
2019-06-25T20:45:00+09:00,J1,422,592,1014
2019-06-25T20:45:00+09:00,J2,255,223,478
2019-06-25T20:45:00+09:00,J3,367,355,722
2019-06-25T20:45:00+09:00,J4,556,522,1078
2019-06-25T20:45:00+09:00,J5,477,544,1021
2019-06-25T21:00:00+09:00,J1,407,551,958
2019-06-25T21:00:00+09:00,J2,222,233,455
2019-06-25T21:00:00+09:00,J3,413,352,765
2019-06-25T21:00:00+09:00,J4,611,463,1074
2019-06-25T21:00:00+09:00,J5,352,504,856
2019-06-25T21:15:00+09:00,J1,412,604,1016
2019-06-25T21:15:00+09:00,J2,236,206,442
2019-06-25T21:15:00+09:00,J3,367,353,720
2019-06-25T21:15:00+09:00,J4,692,652,1344
2019-06-25T21:15:00+09:00,J5,403,500,903
2019-06-25T21:30:00+09:00,J1,405,490,895
2019-06-25T21:30:00+09:00,J2,263,237,500
2019-06-25T21:30:00+09:00,J3,392,351,743
2019-06-25T21:30:00+09:00,J4,598,517,1115
2019-06-25T21:30:00+09:00,J5,373,452,825
2019-06-25T21:45:00+09:00,J1,443,480,923
2019-06-25T21:45:00+09:00,J2,248,207,455
2019-06-25T21:45:00+09:00,J3,373,368,741
2019-06-25T21:45:00+09:00,J4,603,604,1207
2019-06-25T21:45:00+09:00,J5,383,388,771
2019-06-25T22:00:00+09:00,J1,429,469,898
2019-06-25T22:00:00+09:00,J2,247,217,464
2019-06-25T22:00:00+09:00,J3,358,312,670
2019-06-25T22:00:00+09:00,J4,791,734,1525
2019-06-25T22:00:00+09:00,J5,335,338,673
2019-06-25T22:15:00+09:00,J1,490,477,967
2019-06-25T22:15:00+09:00,J2,241,205,446
2019-06-25T22:15:00+09:00,J3,376,343,719
2019-06-25T22:15:00+09:00,J4,833,866,1699
2019-06-25T22:15:00+09:00,J5,355,360,715
2019-06-25T22:30:00+09:00,J1,526,483,1009
2019-06-25T22:30:00+09:00,J2,254,222,476
2019-06-25T22:30:00+09:00,J3,426,375,801
2019-06-25T22:30:00+09:00,J4,857,756,1613
2019-06-25T22:30:00+09:00,J5,314,322,636
2019-06-25T22:45:00+09:00,J1,470,584,1054
2019-06-25T22:45:00+09:00,J2,248,267,515
2019-06-25T22:45:00+09:00,J3,442,439,881
2019-06-25T22:45:00+09:00,J4,848,758,1606
2019-06-25T22:45:00+09:00,J5,228,262,490
2019-06-25T23:00:00+09:00,J1,494,527,1021
2019-06-25T23:00:00+09:00,J2,210,329,539
2019-06-25T23:00:00+09:00,J3,482,410,892
2019-06-25T23:00:00+09:00,J4,658,702,1360
2019-06-25T23:00:00+09:00,J5,211,232,443
2019-06-25T23:15:00+09:00,J1,434,488,922
2019-06-25T23:15:00+09:00,J2,295,376,671
2019-06-25T23:15:00+09:00,J3,441,449,890
2019-06-25T23:15:00+09:00,J4,928,874,1802
2019-06-25T23:15:00+09:00,J5,197,223,420
2019-06-25T23:30:00+09:00,J1,481,538,1019
2019-06-25T23:30:00+09:00,J2,241,314,555
2019-06-25T23:30:00+09:00,J3,472,463,935
2019-06-25T23:30:00+09:00,J4,709,698,1407
2019-06-25T23:30:00+09:00,J5,188,196,384
2019-06-25T23:45:00+09:00,J1,363,415,778
2019-06-25T23:45:00+09:00,J2,304,305,609
2019-06-25T23:45:00+09:00,J3,468,525,993
2019-06-25T23:45:00+09:00,J4,760,766,1526
2019-06-25T23:45:00+09:00,J5,191,213,404
2019-06-26T00:00:00+09:00,J1,359,312,671
2019-06-26T00:00:00+09:00,J2,327,289,616
2019-06-26T00:00:00+09:00,J3,496,466,962
2019-06-26T00:00:00+09:00,J4,862,716,1578
2019-06-26T00:00:00+09:00,J5,133,189,322
2019-06-26T00:15:00+09:00,J1,308,282,590
2019-06-26T00:15:00+09:00,J2,294,261,555
2019-06-26T00:15:00+09:00,J3,481,422,903
2019-06-26T00:15:00+09:00,J4,474,410,884
2019-06-26T00:15:00+09:00,J5,191,196,387
2019-06-26T00:30:00+09:00,J1,301,235,536
2019-06-26T00:30:00+09:00,J2,239,189,428
2019-06-26T00:30:00+09:00,J3,366,380,746
2019-06-26T00:30:00+09:00,J4,434,412,846
2019-06-26T00:30:00+09:00,J5,152,111,263
2019-06-26T00:45:00+09:00,J1,256,271,527
2019-06-26T00:45:00+09:00,J2,245,166,411
2019-06-26T00:45:00+09:00,J3,347,375,722
2019-06-26T00:45:00+09:00,J4,459,393,852
2019-06-26T00:45:00+09:00,J5,132,98,230
2019-06-26T05:45:00+09:00,J1,287,290,577
2019-06-26T05:45:00+09:00,J2,252,322,574
2019-06-26T05:45:00+09:00,J3,399,373,772
2019-06-26T05:45:00+09:00,J4,729,672,1401
2019-06-26T05:45:00+09:00,J5,369,370,739
2019-06-26T06:00:00+09:00,J1,338,337,675
2019-06-26T06:00:00+09:00,J2,271,311,582
2019-06-26T06:00:00+09:00,J3,363,299,662
2019-06-26T06:00:00+09:00,J4,794,777,1571
2019-06-26T06:00:00+09:00,J5,150,141,291
2019-06-26T06:15:00+09:00,J1,469,408,877
2019-06-26T06:15:00+09:00,J2,262,292,554
2019-06-26T06:15:00+09:00,J3,425,410,835
2019-06-26T06:15:00+09:00,J4,577,630,1207
2019-06-26T06:15:00+09:00,J5,205,144,349
2019-06-26T06:30:00+09:00,J1,447,408,855
2019-06-26T06:30:00+09:00,J2,226,202,428
2019-06-26T06:30:00+09:00,J3,413,414,827
2019-06-26T06:30:00+09:00,J4,675,718,1393
2019-06-26T06:30:00+09:00,J5,201,199,400
2019-06-26T06:45:00+09:00,J1,484,509,993
2019-06-26T06:45:00+09:00,J2,266,204,470
2019-06-26T06:45:00+09:00,J3,458,421,879
2019-06-26T06:45:00+09:00,J4,740,708,1448
2019-06-26T06:45:00+09:00,J5,270,240,510
2019-06-26T07:00:00+09:00,J1,515,532,1047
2019-06-26T07:00:00+09:00,J2,342,295,637
2019-06-26T07:00:00+09:00,J3,492,443,935
2019-06-26T07:00:00+09:00,J4,771,758,1529
2019-06-26T07:00:00+09:00,J5,266,210,476
2019-06-26T07:15:00+09:00,J1,513,433,946
2019-06-26T07:15:00+09:00,J2,410,228,638
2019-06-26T07:15:00+09:00,J3,559,534,1093
2019-06-26T07:15:00+09:00,J4,791,818,1609
2019-06-26T07:15:00+09:00,J5,342,253,595
2019-06-26T07:30:00+09:00,J1,596,518,1114
2019-06-26T07:30:00+09:00,J2,506,296,802
2019-06-26T07:30:00+09:00,J3,740,811,1551
2019-06-26T07:30:00+09:00,J4,793,920,1713
2019-06-26T07:30:00+09:00,J5,301,300,601
2019-06-26T07:45:00+09:00,J1,666,604,1270
2019-06-26T07:45:00+09:00,J2,633,417,1050
2019-06-26T07:45:00+09:00,J3,783,886,1669
2019-06-26T07:45:00+09:00,J4,587,839,1426
2019-06-26T07:45:00+09:00,J5,261,283,544
2019-06-26T08:00:00+09:00,J1,951,673,1624
2019-06-26T08:00:00+09:00,J2,762,628,1390
2019-06-26T08:00:00+09:00,J3,844,908,1752
2019-06-26T08:00:00+09:00,J4,554,881,1435
2019-06-26T08:00:00+09:00,J5,268,305,573
2019-06-26T08:15:00+09:00,J1,1089,799,1888
2019-06-26T08:15:00+09:00,J2,905,586,1491
2019-06-26T08:15:00+09:00,J3,810,1031,1841
2019-06-26T08:15:00+09:00,J4,568,1009,1577
2019-06-26T08:15:00+09:00,J5,372,341,713
2019-06-26T08:30:00+09:00,J1,989,725,1714
2019-06-26T08:30:00+09:00,J2,835,526,1361
2019-06-26T08:30:00+09:00,J3,772,1047,1819
2019-06-26T08:30:00+09:00,J4,620,1032,1652
2019-06-26T08:30:00+09:00,J5,474,478,952
2019-06-26T08:45:00+09:00,J1,769,604,1373
2019-06-26T08:45:00+09:00,J2,713,456,1169
2019-06-26T08:45:00+09:00,J3,683,805,1488
2019-06-26T08:45:00+09:00,J4,558,820,1378
2019-06-26T08:45:00+09:00,J5,391,359,750
2019-06-26T09:00:00+09:00,J1,680,537,1217
2019-06-26T09:00:00+09:00,J2,622,573,1195
2019-06-26T09:00:00+09:00,J3,644,699,1343
2019-06-26T09:00:00+09:00,J4,437,594,1031
2019-06-26T09:00:00+09:00,J5,311,349,660
2019-06-26T09:15:00+09:00,J1,538,504,1042
2019-06-26T09:15:00+09:00,J2,623,533,1156
2019-06-26T09:15:00+09:00,J3,537,670,1207
2019-06-26T09:15:00+09:00,J4,498,685,1183
2019-06-26T09:15:00+09:00,J5,324,322,646
2019-06-26T09:30:00+09:00,J1,522,516,1038
2019-06-26T09:30:00+09:00,J2,655,451,1106
2019-06-26T09:30:00+09:00,J3,542,608,1150
2019-06-26T09:30:00+09:00,J4,582,634,1216
2019-06-26T09:30:00+09:00,J5,349,366,715
2019-06-26T09:45:00+09:00,J1,468,414,882
2019-06-26T09:45:00+09:00,J2,597,503,1100
2019-06-26T09:45:00+09:00,J3,499,455,954
2019-06-26T09:45:00+09:00,J4,448,450,898
2019-06-26T09:45:00+09:00,J5,313,321,634
2019-06-26T10:00:00+09:00,J1,405,439,844
2019-06-26T10:00:00+09:00,J2,531,450,981
2019-06-26T10:00:00+09:00,J3,480,427,907
2019-06-26T10:00:00+09:00,J4,471,399,870
2019-06-26T10:00:00+09:00,J5,344,318,662
2019-06-26T10:15:00+09:00,J1,482,414,896
2019-06-26T10:15:00+09:00,J2,519,310,829
2019-06-26T10:15:00+09:00,J3,447,420,867
2019-06-26T10:15:00+09:00,J4,560,495,1055
2019-06-26T10:15:00+09:00,J5,340,388,728
2019-06-26T10:30:00+09:00,J1,532,425,957
2019-06-26T10:30:00+09:00,J2,440,351,791
2019-06-26T10:30:00+09:00,J3,400,478,878
2019-06-26T10:30:00+09:00,J4,644,555,1199
2019-06-26T10:30:00+09:00,J5,381,426,807
2019-06-26T10:45:00+09:00,J1,482,437,919
2019-06-26T10:45:00+09:00,J2,365,336,701
2019-06-26T10:45:00+09:00,J3,439,505,944
2019-06-26T10:45:00+09:00,J4,723,623,1346
2019-06-26T10:45:00+09:00,J5,366,437,803
2019-06-26T11:00:00+09:00,J1,572,510,1082
2019-06-26T11:00:00+09:00,J2,373,417,790
2019-06-26T11:00:00+09:00,J3,472,522,994
2019-06-26T11:00:00+09:00,J4,826,818,1644
2019-06-26T11:00:00+09:00,J5,418,500,918
2019-06-26T11:15:00+09:00,J1,590,613,1203
2019-06-26T11:15:00+09:00,J2,357,358,715
2019-06-26T11:15:00+09:00,J3,524,603,1127
2019-06-26T11:15:00+09:00,J4,788,829,1617
2019-06-26T11:15:00+09:00,J5,447,454,901
2019-06-26T11:30:00+09:00,J1,642,748,1390
2019-06-26T11:30:00+09:00,J2,333,449,782
2019-06-26T11:30:00+09:00,J3,607,589,1196
2019-06-26T11:30:00+09:00,J4,804,888,1692
2019-06-26T11:30:00+09:00,J5,414,418,832
2019-06-26T11:45:00+09:00,J1,637,702,1339
2019-06-26T11:45:00+09:00,J2,415,465,880
2019-06-26T11:45:00+09:00,J3,678,533,1211
2019-06-26T11:45:00+09:00,J4,717,797,1514
2019-06-26T11:45:00+09:00,J5,418,420,838
2019-06-26T12:00:00+09:00,J1,657,738,1395
2019-06-26T12:00:00+09:00,J2,443,453,896
2019-06-26T12:00:00+09:00,J3,767,589,1356
2019-06-26T12:00:00+09:00,J4,721,720,1441
2019-06-26T12:00:00+09:00,J5,459,439,898
2019-06-26T12:15:00+09:00,J1,650,742,1392
2019-06-26T12:15:00+09:00,J2,550,467,1017
2019-06-26T12:15:00+09:00,J3,768,604,1372
2019-06-26T12:15:00+09:00,J4,726,683,1409
2019-06-26T12:15:00+09:00,J5,463,435,898
2019-06-26T12:30:00+09:00,J1,573,725,1298
2019-06-26T12:30:00+09:00,J2,596,453,1049
2019-06-26T12:30:00+09:00,J3,728,670,1398
2019-06-26T12:30:00+09:00,J4,643,676,1319
2019-06-26T12:30:00+09:00,J5,432,413,845
2019-06-26T12:45:00+09:00,J1,672,780,1452
2019-06-26T12:45:00+09:00,J2,659,405,1064
2019-06-26T12:45:00+09:00,J3,798,793,1591
2019-06-26T12:45:00+09:00,J4,640,642,1282
2019-06-26T12:45:00+09:00,J5,328,272,600
2019-06-26T13:00:00+09:00,J1,661,741,1402
2019-06-26T13:00:00+09:00,J2,614,504,1118
2019-06-26T13:00:00+09:00,J3,847,815,1662
2019-06-26T13:00:00+09:00,J4,647,658,1305
2019-06-26T13:00:00+09:00,J5,366,329,695
2019-06-26T13:15:00+09:00,J1,694,755,1449
2019-06-26T13:15:00+09:00,J2,606,449,1055
2019-06-26T13:15:00+09:00,J3,824,864,1688
2019-06-26T13:15:00+09:00,J4,676,668,1344
2019-06-26T13:15:00+09:00,J5,475,374,849
2019-06-26T13:30:00+09:00,J1,681,742,1423
2019-06-26T13:30:00+09:00,J2,571,394,965
2019-06-26T13:30:00+09:00,J3,803,873,1676
2019-06-26T13:30:00+09:00,J4,687,660,1347
2019-06-26T13:30:00+09:00,J5,471,440,911
2019-06-26T13:45:00+09:00,J1,630,682,1312
2019-06-26T13:45:00+09:00,J2,592,414,1006
2019-06-26T13:45:00+09:00,J3,734,820,1554
2019-06-26T13:45:00+09:00,J4,756,678,1434
2019-06-26T13:45:00+09:00,J5,383,311,694
2019-06-26T14:00:00+09:00,J1,608,704,1312
2019-06-26T14:00:00+09:00,J2,666,415,1081
2019-06-26T14:00:00+09:00,J3,768,823,1591
2019-06-26T14:00:00+09:00,J4,657,784,1441
2019-06-26T14:00:00+09:00,J5,413,352,765
2019-06-26T14:15:00+09:00,J1,683,706,1389
2019-06-26T14:15:00+09:00,J2,634,448,1082
2019-06-26T14:15:00+09:00,J3,778,888,1666
2019-06-26T14:15:00+09:00,J4,662,696,1358
2019-06-26T14:15:00+09:00,J5,368,384,752
2019-06-26T14:30:00+09:00,J1,588,639,1227
2019-06-26T14:30:00+09:00,J2,614,453,1067
2019-06-26T14:30:00+09:00,J3,790,876,1666
2019-06-26T14:30:00+09:00,J4,653,683,1336
2019-06-26T14:30:00+09:00,J5,342,350,692
2019-06-26T14:45:00+09:00,J1,581,649,1230
2019-06-26T14:45:00+09:00,J2,595,439,1034
2019-06-26T14:45:00+09:00,J3,738,821,1559
2019-06-26T14:45:00+09:00,J4,658,699,1357
2019-06-26T14:45:00+09:00,J5,388,390,778
2019-06-26T15:00:00+09:00,J1,589,666,1255
2019-06-26T15:00:00+09:00,J2,586,461,1047
2019-06-26T15:00:00+09:00,J3,754,821,1575
2019-06-26T15:00:00+09:00,J4,682,649,1331
2019-06-26T15:00:00+09:00,J5,503,485,988
2019-06-26T15:15:00+09:00,J1,586,705,1291
2019-06-26T15:15:00+09:00,J2,586,412,998
2019-06-26T15:15:00+09:00,J3,689,739,1428
2019-06-26T15:15:00+09:00,J4,657,693,1350
2019-06-26T15:15:00+09:00,J5,560,596,1156
2019-06-26T15:30:00+09:00,J1,586,681,1267
2019-06-26T15:30:00+09:00,J2,615,438,1053
2019-06-26T15:30:00+09:00,J3,697,686,1383
2019-06-26T15:30:00+09:00,J4,652,726,1378
2019-06-26T15:30:00+09:00,J5,598,587,1185
2019-06-26T15:45:00+09:00,J1,593,669,1262
2019-06-26T15:45:00+09:00,J2,619,359,978
2019-06-26T15:45:00+09:00,J3,695,675,1370
2019-06-26T15:45:00+09:00,J4,671,578,1249
2019-06-26T15:45:00+09:00,J5,586,596,1182
2019-06-26T16:00:00+09:00,J1,586,692,1278
2019-06-26T16:00:00+09:00,J2,568,388,956
2019-06-26T16:00:00+09:00,J3,672,682,1354
2019-06-26T16:00:00+09:00,J4,696,675,1371
2019-06-26T16:00:00+09:00,J5,535,574,1109
2019-06-26T16:15:00+09:00,J1,587,671,1258
2019-06-26T16:15:00+09:00,J2,562,389,951
2019-06-26T16:15:00+09:00,J3,721,701,1422
2019-06-26T16:15:00+09:00,J4,742,692,1434
2019-06-26T16:15:00+09:00,J5,497,479,976
2019-06-26T16:30:00+09:00,J1,574,675,1249
2019-06-26T16:30:00+09:00,J2,602,465,1067
2019-06-26T16:30:00+09:00,J3,660,713,1373
2019-06-26T16:30:00+09:00,J4,723,680,1403
2019-06-26T16:30:00+09:00,J5,535,579,1114
2019-06-26T16:45:00+09:00,J1,606,784,1390
2019-06-26T16:45:00+09:00,J2,561,396,957
2019-06-26T16:45:00+09:00,J3,734,734,1468
2019-06-26T16:45:00+09:00,J4,629,675,1304
2019-06-26T16:45:00+09:00,J5,585,569,1154
2019-06-26T17:00:00+09:00,J1,666,843,1509
2019-06-26T17:00:00+09:00,J2,546,405,951
2019-06-26T17:00:00+09:00,J3,759,755,1514
2019-06-26T17:00:00+09:00,J4,727,634,1361
2019-06-26T17:00:00+09:00,J5,540,570,1110
2019-06-26T17:15:00+09:00,J1,679,912,1591
2019-06-26T17:15:00+09:00,J2,582,494,1076
2019-06-26T17:15:00+09:00,J3,769,763,1532
2019-06-26T17:15:00+09:00,J4,808,705,1513
2019-06-26T17:15:00+09:00,J5,588,593,1181
2019-06-26T17:30:00+09:00,J1,766,988,1754
2019-06-26T17:30:00+09:00,J2,623,473,1096
2019-06-26T17:30:00+09:00,J3,908,847,1755
2019-06-26T17:30:00+09:00,J4,879,811,1690
2019-06-26T17:30:00+09:00,J5,540,551,1091
2019-06-26T17:45:00+09:00,J1,758,1078,1836
2019-06-26T17:45:00+09:00,J2,631,597,1228
2019-06-26T17:45:00+09:00,J3,953,863,1816
2019-06-26T17:45:00+09:00,J4,899,732,1631
2019-06-26T17:45:00+09:00,J5,515,469,984
2019-06-26T18:00:00+09:00,J1,809,1079,1888
2019-06-26T18:00:00+09:00,J2,667,507,1174
2019-06-26T18:00:00+09:00,J3,1003,722,1725
2019-06-26T18:00:00+09:00,J4,991,752,1743
2019-06-26T18:00:00+09:00,J5,558,597,1155
2019-06-26T18:15:00+09:00,J1,693,1001,1694
2019-06-26T18:15:00+09:00,J2,628,526,1154
2019-06-26T18:15:00+09:00,J3,948,805,1753
2019-06-26T18:15:00+09:00,J4,909,736,1645
2019-06-26T18:15:00+09:00,J5,533,569,1102
2019-06-26T18:30:00+09:00,J1,635,852,1487
2019-06-26T18:30:00+09:00,J2,598,477,1075
2019-06-26T18:30:00+09:00,J3,864,775,1639
2019-06-26T18:30:00+09:00,J4,837,714,1551
2019-06-26T18:30:00+09:00,J5,455,465,920
2019-06-26T18:45:00+09:00,J1,583,794,1377
2019-06-26T18:45:00+09:00,J2,526,443,969
2019-06-26T18:45:00+09:00,J3,739,648,1387
2019-06-26T18:45:00+09:00,J4,729,685,1414
2019-06-26T18:45:00+09:00,J5,482,466,948
2019-06-26T19:00:00+09:00,J1,506,686,1192
2019-06-26T19:00:00+09:00,J2,470,413,883
2019-06-26T19:00:00+09:00,J3,748,632,1380
2019-06-26T19:00:00+09:00,J4,827,647,1474
2019-06-26T19:00:00+09:00,J5,503,467,970
2019-06-26T19:15:00+09:00,J1,465,703,1168
2019-06-26T19:15:00+09:00,J2,464,434,898
2019-06-26T19:15:00+09:00,J3,887,629,1516
2019-06-26T19:15:00+09:00,J4,760,625,1385
2019-06-26T19:15:00+09:00,J5,467,467,934
2019-06-26T19:30:00+09:00,J1,475,574,1049
2019-06-26T19:30:00+09:00,J2,422,363,785
2019-06-26T19:30:00+09:00,J3,794,583,1377
2019-06-26T19:30:00+09:00,J4,773,634,1407
2019-06-26T19:30:00+09:00,J5,493,452,945
2019-06-26T19:45:00+09:00,J1,410,590,1000
2019-06-26T19:45:00+09:00,J2,380,350,730
2019-06-26T19:45:00+09:00,J3,692,480,1172
2019-06-26T19:45:00+09:00,J4,843,612,1455
2019-06-26T19:45:00+09:00,J5,472,529,1001
2019-06-26T20:00:00+09:00,J1,459,608,1067
2019-06-26T20:00:00+09:00,J2,332,368,700
2019-06-26T20:00:00+09:00,J3,662,454,1116
2019-06-26T20:00:00+09:00,J4,800,663,1463
2019-06-26T20:00:00+09:00,J5,496,493,989
2019-06-26T20:15:00+09:00,J1,458,585,1043
2019-06-26T20:15:00+09:00,J2,402,434,836
2019-06-26T20:15:00+09:00,J3,695,425,1120
2019-06-26T20:15:00+09:00,J4,816,648,1464
2019-06-26T20:15:00+09:00,J5,487,482,969
2019-06-26T20:30:00+09:00,J1,482,590,1072
2019-06-26T20:30:00+09:00,J2,329,405,734
2019-06-26T20:30:00+09:00,J3,607,385,992
2019-06-26T20:30:00+09:00,J4,884,659,1543
2019-06-26T20:30:00+09:00,J5,514,506,1020
2019-06-26T20:45:00+09:00,J1,509,511,1020
2019-06-26T20:45:00+09:00,J2,278,338,616
2019-06-26T20:45:00+09:00,J3,616,441,1057
2019-06-26T20:45:00+09:00,J4,760,604,1364
2019-06-26T20:45:00+09:00,J5,512,543,1055
2019-06-26T21:00:00+09:00,J1,438,574,1012
2019-06-26T21:00:00+09:00,J2,252,315,567
2019-06-26T21:00:00+09:00,J3,518,417,935
2019-06-26T21:00:00+09:00,J4,762,591,1353
2019-06-26T21:00:00+09:00,J5,549,576,1125
2019-06-26T21:15:00+09:00,J1,494,589,1083
2019-06-26T21:15:00+09:00,J2,249,341,590
2019-06-26T21:15:00+09:00,J3,502,339,841
2019-06-26T21:15:00+09:00,J4,764,597,1361
2019-06-26T21:15:00+09:00,J5,547,564,1111
2019-06-26T21:30:00+09:00,J1,439,516,955
2019-06-26T21:30:00+09:00,J2,236,316,552
2019-06-26T21:30:00+09:00,J3,457,379,836
2019-06-26T21:30:00+09:00,J4,616,453,1069
2019-06-26T21:30:00+09:00,J5,507,583,1090
2019-06-26T21:45:00+09:00,J1,413,449,862
2019-06-26T21:45:00+09:00,J2,230,298,528
2019-06-26T21:45:00+09:00,J3,417,353,770
2019-06-26T21:45:00+09:00,J4,534,446,980
2019-06-26T21:45:00+09:00,J5,451,520,971
2019-06-26T22:00:00+09:00,J1,392,410,802
2019-06-26T22:00:00+09:00,J2,244,245,489
2019-06-26T22:00:00+09:00,J3,394,329,723
2019-06-26T22:00:00+09:00,J4,588,452,1040
2019-06-26T22:00:00+09:00,J5,442,476,918
2019-06-26T22:15:00+09:00,J1,429,468,897
2019-06-26T22:15:00+09:00,J2,248,251,499
2019-06-26T22:15:00+09:00,J3,312,319,631
2019-06-26T22:15:00+09:00,J4,570,517,1087
2019-06-26T22:15:00+09:00,J5,440,476,916
2019-06-26T22:30:00+09:00,J1,392,441,833
2019-06-26T22:30:00+09:00,J2,261,262,523
2019-06-26T22:30:00+09:00,J3,350,284,634
2019-06-26T22:30:00+09:00,J4,586,577,1163
2019-06-26T22:30:00+09:00,J5,386,400,786
2019-06-26T22:45:00+09:00,J1,412,416,828
2019-06-26T22:45:00+09:00,J2,286,300,586
2019-06-26T22:45:00+09:00,J3,369,331,700
2019-06-26T22:45:00+09:00,J4,513,514,1027
2019-06-26T22:45:00+09:00,J5,374,426,800
2019-06-26T23:00:00+09:00,J1,376,387,763
2019-06-26T23:00:00+09:00,J2,297,282,579
2019-06-26T23:00:00+09:00,J3,342,326,668
2019-06-26T23:00:00+09:00,J4,552,517,1069
2019-06-26T23:00:00+09:00,J5,306,427,733
2019-06-26T23:15:00+09:00,J1,367,420,787
2019-06-26T23:15:00+09:00,J2,313,330,643
2019-06-26T23:15:00+09:00,J3,343,347,690
2019-06-26T23:15:00+09:00,J4,648,694,1342
2019-06-26T23:15:00+09:00,J5,353,374,727
2019-06-26T23:30:00+09:00,J1,335,360,695
2019-06-26T23:30:00+09:00,J2,223,279,502
2019-06-26T23:30:00+09:00,J3,330,323,653
2019-06-26T23:30:00+09:00,J4,510,475,985
2019-06-26T23:30:00+09:00,J5,290,321,611
2019-06-26T23:45:00+09:00,J1,260,288,548
2019-06-26T23:45:00+09:00,J2,341,350,691
2019-06-26T23:45:00+09:00,J3,315,265,580
2019-06-26T23:45:00+09:00,J4,552,578,1130
2019-06-26T23:45:00+09:00,J5,347,407,754
2019-06-27T00:00:00+09:00,J1,237,246,483
2019-06-27T00:00:00+09:00,J2,334,289,623
2019-06-27T00:00:00+09:00,J3,286,240,526
2019-06-27T00:00:00+09:00,J4,384,395,779
2019-06-27T00:00:00+09:00,J5,292,323,615
2019-06-27T00:15:00+09:00,J1,165,201,366
2019-06-27T00:15:00+09:00,J2,350,403,753
2019-06-27T00:15:00+09:00,J3,354,308,662
2019-06-27T00:15:00+09:00,J4,239,287,526
2019-06-27T00:15:00+09:00,J5,215,238,453
2019-06-27T00:30:00+09:00,J1,183,201,384
2019-06-27T00:30:00+09:00,J2,357,383,740
2019-06-27T00:30:00+09:00,J3,380,365,745
2019-06-27T00:30:00+09:00,J4,293,320,613
2019-06-27T00:30:00+09:00,J5,147,187,334
2019-06-27T00:45:00+09:00,J1,168,169,337
2019-06-27T00:45:00+09:00,J2,363,371,734
2019-06-27T00:45:00+09:00,J3,369,372,741
2019-06-27T00:45:00+09:00,J4,267,285,552
2019-06-27T00:45:00+09:00,J5,149,156,305
2019-06-27T05:45:00+09:00,J1,244,315,559
2019-06-27T05:45:00+09:00,J2,262,166,428
2019-06-27T05:45:00+09:00,J3,665,606,1271
2019-06-27T05:45:00+09:00,J4,469,455,924
2019-06-27T05:45:00+09:00,J5,124,123,247
2019-06-27T06:00:00+09:00,J1,255,279,534
2019-06-27T06:00:00+09:00,J2,282,191,473
2019-06-27T06:00:00+09:00,J3,660,694,1354
2019-06-27T06:00:00+09:00,J4,416,411,827
2019-06-27T06:00:00+09:00,J5,166,141,307
2019-06-27T06:15:00+09:00,J1,309,360,669
2019-06-27T06:15:00+09:00,J2,370,266,636
2019-06-27T06:15:00+09:00,J3,660,602,1262
2019-06-27T06:15:00+09:00,J4,431,473,904
2019-06-27T06:15:00+09:00,J5,199,175,374
2019-06-27T06:30:00+09:00,J1,358,353,711
2019-06-27T06:30:00+09:00,J2,384,277,661
2019-06-27T06:30:00+09:00,J3,706,622,1328
2019-06-27T06:30:00+09:00,J4,396,448,844
2019-06-27T06:30:00+09:00,J5,225,170,395
2019-06-27T06:45:00+09:00,J1,284,331,615
2019-06-27T06:45:00+09:00,J2,367,296,663
2019-06-27T06:45:00+09:00,J3,695,595,1290
2019-06-27T06:45:00+09:00,J4,376,496,872
2019-06-27T06:45:00+09:00,J5,189,192,381
2019-06-27T07:00:00+09:00,J1,287,367,654
2019-06-27T07:00:00+09:00,J2,368,269,637
2019-06-27T07:00:00+09:00,J3,707,674,1381
2019-06-27T07:00:00+09:00,J4,316,378,694
2019-06-27T07:00:00+09:00,J5,220,195,415
2019-06-27T07:15:00+09:00,J1,419,363,782
2019-06-27T07:15:00+09:00,J2,487,309,796
2019-06-27T07:15:00+09:00,J3,657,669,1326
2019-06-27T07:15:00+09:00,J4,348,408,756
2019-06-27T07:15:00+09:00,J5,266,247,513
2019-06-27T07:30:00+09:00,J1,447,423,870
2019-06-27T07:30:00+09:00,J2,491,400,891
2019-06-27T07:30:00+09:00,J3,675,669,1344
2019-06-27T07:30:00+09:00,J4,304,427,731
2019-06-27T07:30:00+09:00,J5,255,297,552
2019-06-27T07:45:00+09:00,J1,610,445,1055
2019-06-27T07:45:00+09:00,J2,583,492,1075
2019-06-27T07:45:00+09:00,J3,781,808,1589
2019-06-27T07:45:00+09:00,J4,334,485,819
2019-06-27T07:45:00+09:00,J5,311,277,588
2019-06-27T08:00:00+09:00,J1,887,611,1498
2019-06-27T08:00:00+09:00,J2,657,373,1030
2019-06-27T08:00:00+09:00,J3,663,854,1517
2019-06-27T08:00:00+09:00,J4,317,652,969
2019-06-27T08:00:00+09:00,J5,382,430,812
2019-06-27T08:15:00+09:00,J1,1184,663,1847
2019-06-27T08:15:00+09:00,J2,774,376,1150
2019-06-27T08:15:00+09:00,J3,638,815,1453
2019-06-27T08:15:00+09:00,J4,514,784,1298
2019-06-27T08:15:00+09:00,J5,452,521,973
2019-06-27T08:30:00+09:00,J1,1107,610,1717
2019-06-27T08:30:00+09:00,J2,743,407,1150
2019-06-27T08:30:00+09:00,J3,653,831,1484
2019-06-27T08:30:00+09:00,J4,536,741,1277
2019-06-27T08:30:00+09:00,J5,463,462,925
2019-06-27T08:45:00+09:00,J1,879,568,1447
2019-06-27T08:45:00+09:00,J2,564,300,864
2019-06-27T08:45:00+09:00,J3,541,667,1208
2019-06-27T08:45:00+09:00,J4,466,640,1106
2019-06-27T08:45:00+09:00,J5,438,414,852
2019-06-27T09:00:00+09:00,J1,679,458,1137
2019-06-27T09:00:00+09:00,J2,496,328,824
2019-06-27T09:00:00+09:00,J3,411,479,890
2019-06-27T09:00:00+09:00,J4,452,544,996
2019-06-27T09:00:00+09:00,J5,438,472,910
2019-06-27T09:15:00+09:00,J1,622,448,1070
2019-06-27T09:15:00+09:00,J2,454,323,777
2019-06-27T09:15:00+09:00,J3,381,563,944
2019-06-27T09:15:00+09:00,J4,410,598,1008
2019-06-27T09:15:00+09:00,J5,409,435,844
2019-06-27T09:30:00+09:00,J1,620,457,1077
2019-06-27T09:30:00+09:00,J2,412,289,701
2019-06-27T09:30:00+09:00,J3,428,527,955
2019-06-27T09:30:00+09:00,J4,493,613,1106
2019-06-27T09:30:00+09:00,J5,416,419,835
2019-06-27T09:45:00+09:00,J1,593,479,1072
2019-06-27T09:45:00+09:00,J2,357,295,652
2019-06-27T09:45:00+09:00,J3,418,467,885
2019-06-27T09:45:00+09:00,J4,462,553,1015
2019-06-27T09:45:00+09:00,J5,436,510,946
2019-06-27T10:00:00+09:00,J1,454,463,917
2019-06-27T10:00:00+09:00,J2,328,289,617
2019-06-27T10:00:00+09:00,J3,399,424,823
2019-06-27T10:00:00+09:00,J4,501,505,1006
2019-06-27T10:00:00+09:00,J5,360,424,784
2019-06-27T10:15:00+09:00,J1,571,516,1087
2019-06-27T10:15:00+09:00,J2,340,353,693
2019-06-27T10:15:00+09:00,J3,493,462,955
2019-06-27T10:15:00+09:00,J4,528,593,1121
2019-06-27T10:15:00+09:00,J5,385,464,849
2019-06-27T10:30:00+09:00,J1,581,553,1134
2019-06-27T10:30:00+09:00,J2,383,351,734
2019-06-27T10:30:00+09:00,J3,594,541,1135
2019-06-27T10:30:00+09:00,J4,501,611,1112
2019-06-27T10:30:00+09:00,J5,452,501,953
2019-06-27T10:45:00+09:00,J1,547,586,1133
2019-06-27T10:45:00+09:00,J2,361,426,787
2019-06-27T10:45:00+09:00,J3,628,550,1178
2019-06-27T10:45:00+09:00,J4,465,540,1005
2019-06-27T10:45:00+09:00,J5,396,444,840
2019-06-27T11:00:00+09:00,J1,559,645,1204
2019-06-27T11:00:00+09:00,J2,404,440,844
2019-06-27T11:00:00+09:00,J3,762,609,1371
2019-06-27T11:00:00+09:00,J4,420,549,969
2019-06-27T11:00:00+09:00,J5,383,495,878
2019-06-27T11:15:00+09:00,J1,698,657,1355
2019-06-27T11:15:00+09:00,J2,505,462,967
2019-06-27T11:15:00+09:00,J3,754,572,1326
2019-06-27T11:15:00+09:00,J4,472,549,1021
2019-06-27T11:15:00+09:00,J5,461,509,970
2019-06-27T11:30:00+09:00,J1,685,745,1430
2019-06-27T11:30:00+09:00,J2,527,430,957
2019-06-27T11:30:00+09:00,J3,781,716,1497
2019-06-27T11:30:00+09:00,J4,463,525,988
2019-06-27T11:30:00+09:00,J5,322,292,614
2019-06-27T11:45:00+09:00,J1,689,780,1469
2019-06-27T11:45:00+09:00,J2,523,401,924
2019-06-27T11:45:00+09:00,J3,799,656,1455
2019-06-27T11:45:00+09:00,J4,477,499,976
2019-06-27T11:45:00+09:00,J5,322,303,625
2019-06-27T12:00:00+09:00,J1,654,777,1431
2019-06-27T12:00:00+09:00,J2,544,458,1002
2019-06-27T12:00:00+09:00,J3,726,757,1483
2019-06-27T12:00:00+09:00,J4,443,487,930
2019-06-27T12:00:00+09:00,J5,502,497,999
2019-06-27T12:15:00+09:00,J1,643,762,1405
2019-06-27T12:15:00+09:00,J2,583,429,1012
2019-06-27T12:15:00+09:00,J3,697,736,1433
2019-06-27T12:15:00+09:00,J4,455,525,980
2019-06-27T12:15:00+09:00,J5,488,560,1048
2019-06-27T12:30:00+09:00,J1,659,744,1403
2019-06-27T12:30:00+09:00,J2,687,384,1071
2019-06-27T12:30:00+09:00,J3,737,815,1552
2019-06-27T12:30:00+09:00,J4,501,558,1059
2019-06-27T12:30:00+09:00,J5,458,475,933
2019-06-27T12:45:00+09:00,J1,649,693,1342
2019-06-27T12:45:00+09:00,J2,617,334,951
2019-06-27T12:45:00+09:00,J3,756,782,1538
2019-06-27T12:45:00+09:00,J4,500,560,1060
2019-06-27T12:45:00+09:00,J5,542,542,1084
2019-06-27T13:00:00+09:00,J1,611,688,1299
2019-06-27T13:00:00+09:00,J2,602,402,1004
2019-06-27T13:00:00+09:00,J3,765,679,1444
2019-06-27T13:00:00+09:00,J4,410,519,929
2019-06-27T13:00:00+09:00,J5,465,532,997
2019-06-27T13:15:00+09:00,J1,596,685,1281
2019-06-27T13:15:00+09:00,J2,511,417,928
2019-06-27T13:15:00+09:00,J3,706,652,1358
2019-06-27T13:15:00+09:00,J4,397,489,886
2019-06-27T13:15:00+09:00,J5,504,531,1035
2019-06-27T13:30:00+09:00,J1,610,692,1302
2019-06-27T13:30:00+09:00,J2,468,403,871
2019-06-27T13:30:00+09:00,J3,687,550,1237
2019-06-27T13:30:00+09:00,J4,459,513,972
2019-06-27T13:30:00+09:00,J5,487,500,987
2019-06-27T13:45:00+09:00,J1,659,736,1395
2019-06-27T13:45:00+09:00,J2,491,438,929
2019-06-27T13:45:00+09:00,J3,696,559,1255
2019-06-27T13:45:00+09:00,J4,504,617,1121
2019-06-27T13:45:00+09:00,J5,480,528,1008
2019-06-27T14:00:00+09:00,J1,682,704,1386
2019-06-27T14:00:00+09:00,J2,451,402,853
2019-06-27T14:00:00+09:00,J3,714,607,1321
2019-06-27T14:00:00+09:00,J4,503,580,1083
2019-06-27T14:00:00+09:00,J5,435,537,972
2019-06-27T14:15:00+09:00,J1,643,770,1413
2019-06-27T14:15:00+09:00,J2,443,461,904
2019-06-27T14:15:00+09:00,J3,721,636,1357
2019-06-27T14:15:00+09:00,J4,490,570,1060
2019-06-27T14:15:00+09:00,J5,432,519,951
2019-06-27T14:30:00+09:00,J1,628,707,1335
2019-06-27T14:30:00+09:00,J2,418,463,881
2019-06-27T14:30:00+09:00,J3,664,672,1336
2019-06-27T14:30:00+09:00,J4,497,506,1003
2019-06-27T14:30:00+09:00,J5,385,454,839
2019-06-27T14:45:00+09:00,J1,637,701,1338
2019-06-27T14:45:00+09:00,J2,388,505,893
2019-06-27T14:45:00+09:00,J3,655,603,1258
2019-06-27T14:45:00+09:00,J4,516,527,1043
2019-06-27T14:45:00+09:00,J5,420,452,872
2019-06-27T15:00:00+09:00,J1,650,779,1429
2019-06-27T15:00:00+09:00,J2,401,503,904
2019-06-27T15:00:00+09:00,J3,685,682,1367
2019-06-27T15:00:00+09:00,J4,535,549,1084
2019-06-27T15:00:00+09:00,J5,356,418,774
2019-06-27T15:15:00+09:00,J1,800,890,1690
2019-06-27T15:15:00+09:00,J2,371,445,816
2019-06-27T15:15:00+09:00,J3,690,642,1332
2019-06-27T15:15:00+09:00,J4,505,534,1039
2019-06-27T15:15:00+09:00,J5,355,417,772
2019-06-27T15:30:00+09:00,J1,654,784,1438
2019-06-27T15:30:00+09:00,J2,456,461,917
2019-06-27T15:30:00+09:00,J3,682,717,1399
2019-06-27T15:30:00+09:00,J4,483,556,1039
2019-06-27T15:30:00+09:00,J5,323,343,666
2019-06-27T15:45:00+09:00,J1,801,920,1721
2019-06-27T15:45:00+09:00,J2,449,484,933
2019-06-27T15:45:00+09:00,J3,735,726,1461
2019-06-27T15:45:00+09:00,J4,452,479,931
2019-06-27T15:45:00+09:00,J5,337,405,742
2019-06-27T16:00:00+09:00,J1,787,897,1684
2019-06-27T16:00:00+09:00,J2,439,427,866
2019-06-27T16:00:00+09:00,J3,677,636,1313
2019-06-27T16:00:00+09:00,J4,430,430,860
2019-06-27T16:00:00+09:00,J5,316,301,617
2019-06-27T16:15:00+09:00,J1,672,859,1531
2019-06-27T16:15:00+09:00,J2,448,434,882
2019-06-27T16:15:00+09:00,J3,751,673,1424
2019-06-27T16:15:00+09:00,J4,466,495,961
2019-06-27T16:15:00+09:00,J5,311,374,685
2019-06-27T16:30:00+09:00,J1,721,797,1518
2019-06-27T16:30:00+09:00,J2,398,458,856
2019-06-27T16:30:00+09:00,J3,767,723,1490
2019-06-27T16:30:00+09:00,J4,418,479,897
2019-06-27T16:30:00+09:00,J5,263,293,556
2019-06-27T16:45:00+09:00,J1,775,814,1589
2019-06-27T16:45:00+09:00,J2,484,512,996
2019-06-27T16:45:00+09:00,J3,733,721,1454
2019-06-27T16:45:00+09:00,J4,404,382,786
2019-06-27T16:45:00+09:00,J5,273,305,578
2019-06-27T17:00:00+09:00,J1,872,954,1826
2019-06-27T17:00:00+09:00,J2,461,554,1015
2019-06-27T17:00:00+09:00,J3,744,719,1463
2019-06-27T17:00:00+09:00,J4,533,470,1003
2019-06-27T17:00:00+09:00,J5,314,369,683
2019-06-27T17:15:00+09:00,J1,736,901,1637
2019-06-27T17:15:00+09:00,J2,520,607,1127
2019-06-27T17:15:00+09:00,J3,754,811,1565
2019-06-27T17:15:00+09:00,J4,594,522,1116
2019-06-27T17:15:00+09:00,J5,356,446,802
2019-06-27T17:30:00+09:00,J1,927,1093,2020
2019-06-27T17:30:00+09:00,J2,522,575,1097
2019-06-27T17:30:00+09:00,J3,771,790,1561
2019-06-27T17:30:00+09:00,J4,533,512,1045
2019-06-27T17:30:00+09:00,J5,336,379,715
2019-06-27T17:45:00+09:00,J1,857,1087,1944
2019-06-27T17:45:00+09:00,J2,554,605,1159
2019-06-27T17:45:00+09:00,J3,839,714,1553
2019-06-27T17:45:00+09:00,J4,641,551,1192
2019-06-27T17:45:00+09:00,J5,320,452,772
2019-06-27T18:00:00+09:00,J1,865,1102,1967
2019-06-27T18:00:00+09:00,J2,534,637,1171
2019-06-27T18:00:00+09:00,J3,873,768,1641
2019-06-27T18:00:00+09:00,J4,527,461,988
2019-06-27T18:00:00+09:00,J5,326,450,776
2019-06-27T18:15:00+09:00,J1,827,1096,1923
2019-06-27T18:15:00+09:00,J2,551,614,1165
2019-06-27T18:15:00+09:00,J3,907,837,1744
2019-06-27T18:15:00+09:00,J4,643,553,1196
2019-06-27T18:15:00+09:00,J5,344,430,774
2019-06-27T18:30:00+09:00,J1,840,1078,1918
2019-06-27T18:30:00+09:00,J2,593,497,1090
2019-06-27T18:30:00+09:00,J3,892,714,1606
2019-06-27T18:30:00+09:00,J4,499,423,922
2019-06-27T18:30:00+09:00,J5,297,365,662
2019-06-27T18:45:00+09:00,J1,766,911,1677
2019-06-27T18:45:00+09:00,J2,579,506,1085
2019-06-27T18:45:00+09:00,J3,886,732,1618
2019-06-27T18:45:00+09:00,J4,452,361,813
2019-06-27T18:45:00+09:00,J5,273,376,649
2019-06-27T19:00:00+09:00,J1,766,929,1695
2019-06-27T19:00:00+09:00,J2,558,527,1085
2019-06-27T19:00:00+09:00,J3,759,846,1605
2019-06-27T19:00:00+09:00,J4,321,298,619
2019-06-27T19:00:00+09:00,J5,259,353,612
2019-06-27T19:15:00+09:00,J1,719,949,1668
2019-06-27T19:15:00+09:00,J2,580,503,1083
2019-06-27T19:15:00+09:00,J3,797,784,1581
2019-06-27T19:15:00+09:00,J4,387,277,664
2019-06-27T19:15:00+09:00,J5,232,321,553
2019-06-27T19:30:00+09:00,J1,760,893,1653
2019-06-27T19:30:00+09:00,J2,547,475,1022
2019-06-27T19:30:00+09:00,J3,842,806,1648
2019-06-27T19:30:00+09:00,J4,371,375,746
2019-06-27T19:30:00+09:00,J5,284,300,584
2019-06-27T19:45:00+09:00,J1,673,833,1506
2019-06-27T19:45:00+09:00,J2,461,470,931
2019-06-27T19:45:00+09:00,J3,772,683,1455
2019-06-27T19:45:00+09:00,J4,328,344,672
2019-06-27T19:45:00+09:00,J5,273,322,595
2019-06-27T20:00:00+09:00,J1,685,789,1474
2019-06-27T20:00:00+09:00,J2,429,469,898
2019-06-27T20:00:00+09:00,J3,727,728,1455
2019-06-27T20:00:00+09:00,J4,342,412,754
2019-06-27T20:00:00+09:00,J5,273,242,515
2019-06-27T20:15:00+09:00,J1,747,816,1563
2019-06-27T20:15:00+09:00,J2,490,487,977
2019-06-27T20:15:00+09:00,J3,823,779,1602
2019-06-27T20:15:00+09:00,J4,360,352,712
2019-06-27T20:15:00+09:00,J5,243,243,486
2019-06-27T20:30:00+09:00,J1,736,786,1522
2019-06-27T20:30:00+09:00,J2,527,504,1031
2019-06-27T20:30:00+09:00,J3,820,735,1555
2019-06-27T20:30:00+09:00,J4,348,412,760
2019-06-27T20:30:00+09:00,J5,213,186,399
2019-06-27T20:45:00+09:00,J1,711,799,1510
2019-06-27T20:45:00+09:00,J2,433,502,935
2019-06-27T20:45:00+09:00,J3,680,709,1389
2019-06-27T20:45:00+09:00,J4,447,456,903
2019-06-27T20:45:00+09:00,J5,212,166,378
2019-06-27T21:00:00+09:00,J1,623,700,1323
2019-06-27T21:00:00+09:00,J2,428,402,830
2019-06-27T21:00:00+09:00,J3,600,527,1127
2019-06-27T21:00:00+09:00,J4,506,471,977
2019-06-27T21:00:00+09:00,J5,191,179,370
2019-06-27T21:15:00+09:00,J1,667,757,1424
2019-06-27T21:15:00+09:00,J2,412,417,829
2019-06-27T21:15:00+09:00,J3,625,533,1158
2019-06-27T21:15:00+09:00,J4,453,450,903
2019-06-27T21:15:00+09:00,J5,171,153,324
2019-06-27T21:30:00+09:00,J1,651,789,1440
2019-06-27T21:30:00+09:00,J2,442,346,788
2019-06-27T21:30:00+09:00,J3,615,575,1190
2019-06-27T21:30:00+09:00,J4,499,486,985
2019-06-27T21:30:00+09:00,J5,214,193,407
2019-06-27T21:45:00+09:00,J1,666,785,1451
2019-06-27T21:45:00+09:00,J2,429,438,867
2019-06-27T21:45:00+09:00,J3,666,652,1318
2019-06-27T21:45:00+09:00,J4,570,567,1137
2019-06-27T21:45:00+09:00,J5,229,213,442
2019-06-27T22:00:00+09:00,J1,644,781,1425
2019-06-27T22:00:00+09:00,J2,397,428,825
2019-06-27T22:00:00+09:00,J3,699,602,1301
2019-06-27T22:00:00+09:00,J4,535,500,1035
2019-06-27T22:00:00+09:00,J5,204,199,403
2019-06-27T22:15:00+09:00,J1,532,658,1190
2019-06-27T22:15:00+09:00,J2,359,345,704
2019-06-27T22:15:00+09:00,J3,674,595,1269
2019-06-27T22:15:00+09:00,J4,599,627,1226
2019-06-27T22:15:00+09:00,J5,199,168,367
2019-06-27T22:30:00+09:00,J1,637,733,1370
2019-06-27T22:30:00+09:00,J2,357,310,667
2019-06-27T22:30:00+09:00,J3,689,575,1264
2019-06-27T22:30:00+09:00,J4,562,584,1146
2019-06-27T22:30:00+09:00,J5,219,163,382
2019-06-27T22:45:00+09:00,J1,604,694,1298
2019-06-27T22:45:00+09:00,J2,399,268,667
2019-06-27T22:45:00+09:00,J3,718,624,1342
2019-06-27T22:45:00+09:00,J4,534,540,1074
2019-06-27T22:45:00+09:00,J5,185,222,407
2019-06-27T23:00:00+09:00,J1,577,637,1214
2019-06-27T23:00:00+09:00,J2,351,262,613
2019-06-27T23:00:00+09:00,J3,688,585,1273
2019-06-27T23:00:00+09:00,J4,461,514,975
2019-06-27T23:00:00+09:00,J5,203,229,432
2019-06-27T23:15:00+09:00,J1,573,602,1175
2019-06-27T23:15:00+09:00,J2,378,312,690
2019-06-27T23:15:00+09:00,J3,656,556,1212
2019-06-27T23:15:00+09:00,J4,497,538,1035
2019-06-27T23:15:00+09:00,J5,182,237,419
2019-06-27T23:30:00+09:00,J1,545,601,1146
2019-06-27T23:30:00+09:00,J2,458,399,857
2019-06-27T23:30:00+09:00,J3,625,559,1184
2019-06-27T23:30:00+09:00,J4,345,357,702
2019-06-27T23:30:00+09:00,J5,229,212,441
2019-06-27T23:45:00+09:00,J1,452,527,979
2019-06-27T23:45:00+09:00,J2,377,263,640
2019-06-27T23:45:00+09:00,J3,612,545,1157
2019-06-27T23:45:00+09:00,J4,493,439,932
2019-06-27T23:45:00+09:00,J5,251,240,491
2019-06-28T00:00:00+09:00,J1,473,524,997
2019-06-28T00:00:00+09:00,J2,404,258,662
2019-06-28T00:00:00+09:00,J3,605,515,1120
2019-06-28T00:00:00+09:00,J4,413,460,873
2019-06-28T00:00:00+09:00,J5,197,196,393
2019-06-28T00:15:00+09:00,J1,254,341,595
2019-06-28T00:15:00+09:00,J2,299,224,523
2019-06-28T00:15:00+09:00,J3,423,461,884
2019-06-28T00:15:00+09:00,J4,306,274,580
2019-06-28T00:15:00+09:00,J5,172,169,341
2019-06-28T00:30:00+09:00,J1,338,342,680
2019-06-28T00:30:00+09:00,J2,271,199,470
2019-06-28T00:30:00+09:00,J3,309,314,623
2019-06-28T00:30:00+09:00,J4,278,298,576
2019-06-28T00:30:00+09:00,J5,150,136,286
2019-06-28T00:45:00+09:00,J1,307,301,608
2019-06-28T00:45:00+09:00,J2,273,209,482
2019-06-28T00:45:00+09:00,J3,293,341,634
2019-06-28T00:45:00+09:00,J4,257,283,540
2019-06-28T00:45:00+09:00,J5,147,150,297
2019-06-28T05:45:00+09:00,J1,337,328,665
2019-06-28T05:45:00+09:00,J2,209,205,414
2019-06-28T05:45:00+09:00,J3,406,366,772
2019-06-28T05:45:00+09:00,J4,348,384,732
2019-06-28T05:45:00+09:00,J5,189,207,396
2019-06-28T06:00:00+09:00,J1,478,448,926
2019-06-28T06:00:00+09:00,J2,220,169,389
2019-06-28T06:00:00+09:00,J3,431,369,800
2019-06-28T06:00:00+09:00,J4,360,378,738
2019-06-28T06:00:00+09:00,J5,174,143,317
2019-06-28T06:15:00+09:00,J1,448,499,947
2019-06-28T06:15:00+09:00,J2,192,169,361
2019-06-28T06:15:00+09:00,J3,473,456,929
2019-06-28T06:15:00+09:00,J4,433,490,923
2019-06-28T06:15:00+09:00,J5,179,106,285
2019-06-28T06:30:00+09:00,J1,469,504,973
2019-06-28T06:30:00+09:00,J2,236,199,435
2019-06-28T06:30:00+09:00,J3,471,493,964
2019-06-28T06:30:00+09:00,J4,497,575,1072
2019-06-28T06:30:00+09:00,J5,190,162,352
2019-06-28T06:45:00+09:00,J1,527,568,1095
2019-06-28T06:45:00+09:00,J2,251,197,448
2019-06-28T06:45:00+09:00,J3,589,599,1188
2019-06-28T06:45:00+09:00,J4,666,669,1335
2019-06-28T06:45:00+09:00,J5,197,138,335
2019-06-28T07:00:00+09:00,J1,587,599,1186
2019-06-28T07:00:00+09:00,J2,283,193,476
2019-06-28T07:00:00+09:00,J3,693,681,1374
2019-06-28T07:00:00+09:00,J4,689,662,1351
2019-06-28T07:00:00+09:00,J5,247,180,427
2019-06-28T07:15:00+09:00,J1,685,588,1273
2019-06-28T07:15:00+09:00,J2,293,183,476
2019-06-28T07:15:00+09:00,J3,732,783,1515
2019-06-28T07:15:00+09:00,J4,637,752,1389
2019-06-28T07:15:00+09:00,J5,245,207,452
2019-06-28T07:30:00+09:00,J1,664,615,1279
2019-06-28T07:30:00+09:00,J2,355,273,628
2019-06-28T07:30:00+09:00,J3,776,821,1597
2019-06-28T07:30:00+09:00,J4,689,858,1547
2019-06-28T07:30:00+09:00,J5,286,270,556
2019-06-28T07:45:00+09:00,J1,854,716,1570
2019-06-28T07:45:00+09:00,J2,467,472,939
2019-06-28T07:45:00+09:00,J3,738,766,1504
2019-06-28T07:45:00+09:00,J4,639,877,1516
2019-06-28T07:45:00+09:00,J5,283,277,560
2019-06-28T08:00:00+09:00,J1,1101,894,1995
2019-06-28T08:00:00+09:00,J2,513,473,986
2019-06-28T08:00:00+09:00,J3,856,974,1830
2019-06-28T08:00:00+09:00,J4,638,976,1614
2019-06-28T08:00:00+09:00,J5,281,340,621
2019-06-28T08:15:00+09:00,J1,1233,932,2165
2019-06-28T08:15:00+09:00,J2,509,433,942
2019-06-28T08:15:00+09:00,J3,976,1077,2053
2019-06-28T08:15:00+09:00,J4,642,1089,1731
2019-06-28T08:15:00+09:00,J5,407,450,857
2019-06-28T08:30:00+09:00,J1,1208,905,2113
2019-06-28T08:30:00+09:00,J2,541,403,944
2019-06-28T08:30:00+09:00,J3,852,1069,1921
2019-06-28T08:30:00+09:00,J4,635,1071,1706
2019-06-28T08:30:00+09:00,J5,437,516,953
2019-06-28T08:45:00+09:00,J1,1004,862,1866
2019-06-28T08:45:00+09:00,J2,471,365,836
2019-06-28T08:45:00+09:00,J3,764,889,1653
2019-06-28T08:45:00+09:00,J4,612,979,1591
2019-06-28T08:45:00+09:00,J5,304,343,647
2019-06-28T09:00:00+09:00,J1,923,860,1783
2019-06-28T09:00:00+09:00,J2,514,413,927
2019-06-28T09:00:00+09:00,J3,768,812,1580
2019-06-28T09:00:00+09:00,J4,541,812,1353
2019-06-28T09:00:00+09:00,J5,260,256,516
2019-06-28T09:15:00+09:00,J1,686,658,1344
2019-06-28T09:15:00+09:00,J2,520,452,972
2019-06-28T09:15:00+09:00,J3,694,708,1402
2019-06-28T09:15:00+09:00,J4,580,794,1374
2019-06-28T09:15:00+09:00,J5,264,301,565
2019-06-28T09:30:00+09:00,J1,658,584,1242
2019-06-28T09:30:00+09:00,J2,447,366,813
2019-06-28T09:30:00+09:00,J3,672,616,1288
2019-06-28T09:30:00+09:00,J4,594,661,1255
2019-06-28T09:30:00+09:00,J5,256,307,563
2019-06-28T09:45:00+09:00,J1,881,736,1617
2019-06-28T09:45:00+09:00,J2,627,491,1118
2019-06-28T09:45:00+09:00,J3,798,833,1631
2019-06-28T09:45:00+09:00,J4,648,788,1436
2019-06-28T09:45:00+09:00,J5,362,361,723
2019-06-28T10:00:00+09:00,J1,593,574,1167
2019-06-28T10:00:00+09:00,J2,466,415,881
2019-06-28T10:00:00+09:00,J3,687,726,1413
2019-06-28T10:00:00+09:00,J4,595,638,1233
2019-06-28T10:00:00+09:00,J5,270,289,559
2019-06-28T10:15:00+09:00,J1,583,560,1143
2019-06-28T10:15:00+09:00,J2,499,502,1001
2019-06-28T10:15:00+09:00,J3,700,699,1399
2019-06-28T10:15:00+09:00,J4,506,601,1107
2019-06-28T10:15:00+09:00,J5,242,295,537
2019-06-28T10:30:00+09:00,J1,655,629,1284
2019-06-28T10:30:00+09:00,J2,480,493,973
2019-06-28T10:30:00+09:00,J3,712,681,1393
2019-06-28T10:30:00+09:00,J4,599,657,1256
2019-06-28T10:30:00+09:00,J5,320,374,694
2019-06-28T10:45:00+09:00,J1,631,590,1221
2019-06-28T10:45:00+09:00,J2,427,406,833
2019-06-28T10:45:00+09:00,J3,672,653,1325
2019-06-28T10:45:00+09:00,J4,593,601,1194
2019-06-28T10:45:00+09:00,J5,343,392,735
2019-06-28T11:00:00+09:00,J1,638,663,1301
2019-06-28T11:00:00+09:00,J2,432,359,791
2019-06-28T11:00:00+09:00,J3,604,576,1180
2019-06-28T11:00:00+09:00,J4,556,609,1165
2019-06-28T11:00:00+09:00,J5,306,367,673
2019-06-28T11:15:00+09:00,J1,689,655,1344
2019-06-28T11:15:00+09:00,J2,446,329,775
2019-06-28T11:15:00+09:00,J3,613,544,1157
2019-06-28T11:15:00+09:00,J4,503,599,1102
2019-06-28T11:15:00+09:00,J5,384,394,778
2019-06-28T11:30:00+09:00,J1,661,710,1371
2019-06-28T11:30:00+09:00,J2,424,322,746
2019-06-28T11:30:00+09:00,J3,490,553,1043
2019-06-28T11:30:00+09:00,J4,505,539,1044
2019-06-28T11:30:00+09:00,J5,304,359,663
2019-06-28T11:45:00+09:00,J1,624,695,1319
2019-06-28T11:45:00+09:00,J2,408,306,714
2019-06-28T11:45:00+09:00,J3,645,547,1192
2019-06-28T11:45:00+09:00,J4,590,538,1128
2019-06-28T11:45:00+09:00,J5,335,340,675
2019-06-28T12:00:00+09:00,J1,703,776,1479
2019-06-28T12:00:00+09:00,J2,441,307,748
2019-06-28T12:00:00+09:00,J3,597,511,1108
2019-06-28T12:00:00+09:00,J4,691,632,1323
2019-06-28T12:00:00+09:00,J5,341,393,734
2019-06-28T12:15:00+09:00,J1,680,702,1382
2019-06-28T12:15:00+09:00,J2,387,302,689
2019-06-28T12:15:00+09:00,J3,544,519,1063
2019-06-28T12:15:00+09:00,J4,817,746,1563
2019-06-28T12:15:00+09:00,J5,394,483,877
2019-06-28T12:30:00+09:00,J1,718,639,1357
2019-06-28T12:30:00+09:00,J2,401,275,676
2019-06-28T12:30:00+09:00,J3,532,530,1062
2019-06-28T12:30:00+09:00,J4,799,788,1587
2019-06-28T12:30:00+09:00,J5,354,451,805
2019-06-28T12:45:00+09:00,J1,623,659,1282
2019-06-28T12:45:00+09:00,J2,385,278,663
2019-06-28T12:45:00+09:00,J3,561,534,1095
2019-06-28T12:45:00+09:00,J4,782,752,1534
2019-06-28T12:45:00+09:00,J5,382,490,872
2019-06-28T13:00:00+09:00,J1,625,665,1290
2019-06-28T13:00:00+09:00,J2,316,311,627
2019-06-28T13:00:00+09:00,J3,564,495,1059
2019-06-28T13:00:00+09:00,J4,691,720,1411
2019-06-28T13:00:00+09:00,J5,435,454,889
2019-06-28T13:15:00+09:00,J1,626,697,1323
2019-06-28T13:15:00+09:00,J2,359,328,687
2019-06-28T13:15:00+09:00,J3,547,566,1113
2019-06-28T13:15:00+09:00,J4,749,815,1564
2019-06-28T13:15:00+09:00,J5,354,446,800
2019-06-28T13:30:00+09:00,J1,588,634,1222
2019-06-28T13:30:00+09:00,J2,316,304,620
2019-06-28T13:30:00+09:00,J3,520,601,1121
2019-06-28T13:30:00+09:00,J4,688,699,1387
2019-06-28T13:30:00+09:00,J5,381,499,880
2019-06-28T13:45:00+09:00,J1,590,714,1304
2019-06-28T13:45:00+09:00,J2,338,329,667
2019-06-28T13:45:00+09:00,J3,523,540,1063
2019-06-28T13:45:00+09:00,J4,716,699,1415
2019-06-28T13:45:00+09:00,J5,388,446,834
2019-06-28T14:00:00+09:00,J1,602,647,1249
2019-06-28T14:00:00+09:00,J2,356,353,709
2019-06-28T14:00:00+09:00,J3,499,531,1030
2019-06-28T14:00:00+09:00,J4,724,710,1434
2019-06-28T14:00:00+09:00,J5,394,450,844
2019-06-28T14:15:00+09:00,J1,540,734,1274
2019-06-28T14:15:00+09:00,J2,346,319,665
2019-06-28T14:15:00+09:00,J3,479,520,999
2019-06-28T14:15:00+09:00,J4,718,695,1413
2019-06-28T14:15:00+09:00,J5,409,422,831
2019-06-28T14:30:00+09:00,J1,616,675,1291
2019-06-28T14:30:00+09:00,J2,385,323,708
2019-06-28T14:30:00+09:00,J3,527,601,1128
2019-06-28T14:30:00+09:00,J4,811,860,1671
2019-06-28T14:30:00+09:00,J5,371,506,877
2019-06-28T14:45:00+09:00,J1,554,722,1276
2019-06-28T14:45:00+09:00,J2,365,295,660
2019-06-28T14:45:00+09:00,J3,520,522,1042
2019-06-28T14:45:00+09:00,J4,806,838,1644
2019-06-28T14:45:00+09:00,J5,420,503,923
2019-06-28T15:00:00+09:00,J1,637,712,1349
2019-06-28T15:00:00+09:00,J2,365,336,701
2019-06-28T15:00:00+09:00,J3,481,524,1005
2019-06-28T15:00:00+09:00,J4,812,855,1667
2019-06-28T15:00:00+09:00,J5,375,478,853
2019-06-28T15:15:00+09:00,J1,550,687,1237
2019-06-28T15:15:00+09:00,J2,305,300,605
2019-06-28T15:15:00+09:00,J3,572,512,1084
2019-06-28T15:15:00+09:00,J4,789,884,1673
2019-06-28T15:15:00+09:00,J5,458,549,1007
2019-06-28T15:30:00+09:00,J1,594,702,1296
2019-06-28T15:30:00+09:00,J2,392,401,793
2019-06-28T15:30:00+09:00,J3,599,562,1161
2019-06-28T15:30:00+09:00,J4,756,911,1667
2019-06-28T15:30:00+09:00,J5,435,503,938
2019-06-28T15:45:00+09:00,J1,506,706,1212
2019-06-28T15:45:00+09:00,J2,341,305,646
2019-06-28T15:45:00+09:00,J3,626,513,1139
2019-06-28T15:45:00+09:00,J4,847,907,1754
2019-06-28T15:45:00+09:00,J5,415,516,931
2019-06-28T16:00:00+09:00,J1,575,697,1272
2019-06-28T16:00:00+09:00,J2,314,348,662
2019-06-28T16:00:00+09:00,J3,621,557,1178
2019-06-28T16:00:00+09:00,J4,788,889,1677
2019-06-28T16:00:00+09:00,J5,421,454,875
2019-06-28T16:15:00+09:00,J1,643,785,1428
2019-06-28T16:15:00+09:00,J2,407,359,766
2019-06-28T16:15:00+09:00,J3,703,531,1234
2019-06-28T16:15:00+09:00,J4,784,885,1669
2019-06-28T16:15:00+09:00,J5,414,456,870
2019-06-28T16:30:00+09:00,J1,636,758,1394
2019-06-28T16:30:00+09:00,J2,376,365,741
2019-06-28T16:30:00+09:00,J3,665,606,1271
2019-06-28T16:30:00+09:00,J4,846,954,1800
2019-06-28T16:30:00+09:00,J5,388,496,884
2019-06-28T16:45:00+09:00,J1,721,835,1556
2019-06-28T16:45:00+09:00,J2,391,386,777
2019-06-28T16:45:00+09:00,J3,667,559,1226
2019-06-28T16:45:00+09:00,J4,837,814,1651
2019-06-28T16:45:00+09:00,J5,381,482,863
2019-06-28T17:00:00+09:00,J1,779,840,1619
2019-06-28T17:00:00+09:00,J2,433,403,836
2019-06-28T17:00:00+09:00,J3,864,723,1587
2019-06-28T17:00:00+09:00,J4,935,834,1769
2019-06-28T17:00:00+09:00,J5,410,495,905
2019-06-28T17:15:00+09:00,J1,850,926,1776
2019-06-28T17:15:00+09:00,J2,375,398,773
2019-06-28T17:15:00+09:00,J3,851,652,1503
2019-06-28T17:15:00+09:00,J4,995,883,1878
2019-06-28T17:15:00+09:00,J5,415,548,963
2019-06-28T17:30:00+09:00,J1,906,964,1870
2019-06-28T17:30:00+09:00,J2,516,446,962
2019-06-28T17:30:00+09:00,J3,847,699,1546
2019-06-28T17:30:00+09:00,J4,1047,910,1957
2019-06-28T17:30:00+09:00,J5,545,587,1132
2019-06-28T17:45:00+09:00,J1,875,1060,1935
2019-06-28T17:45:00+09:00,J2,503,431,934
2019-06-28T17:45:00+09:00,J3,941,709,1650
2019-06-28T17:45:00+09:00,J4,1062,939,2001
2019-06-28T17:45:00+09:00,J5,509,583,1092
2019-06-28T18:00:00+09:00,J1,928,1094,2022
2019-06-28T18:00:00+09:00,J2,473,504,977
2019-06-28T18:00:00+09:00,J3,1031,694,1725
2019-06-28T18:00:00+09:00,J4,1176,1047,2223
2019-06-28T18:00:00+09:00,J5,412,625,1037
2019-06-28T18:15:00+09:00,J1,854,1222,2076
2019-06-28T18:15:00+09:00,J2,601,493,1094
2019-06-28T18:15:00+09:00,J3,1089,770,1859
2019-06-28T18:15:00+09:00,J4,1159,913,2072
2019-06-28T18:15:00+09:00,J5,516,616,1132
2019-06-28T18:30:00+09:00,J1,892,1077,1969
2019-06-28T18:30:00+09:00,J2,535,443,978
2019-06-28T18:30:00+09:00,J3,962,702,1664
2019-06-28T18:30:00+09:00,J4,1070,903,1973
2019-06-28T18:30:00+09:00,J5,500,543,1043
2019-06-28T18:45:00+09:00,J1,813,936,1749
2019-06-28T18:45:00+09:00,J2,455,417,872
2019-06-28T18:45:00+09:00,J3,793,654,1447
2019-06-28T18:45:00+09:00,J4,1015,865,1880
2019-06-28T18:45:00+09:00,J5,497,539,1036
2019-06-28T19:00:00+09:00,J1,669,793,1462
2019-06-28T19:00:00+09:00,J2,445,372,817
2019-06-28T19:00:00+09:00,J3,669,576,1245
2019-06-28T19:00:00+09:00,J4,940,714,1654
2019-06-28T19:00:00+09:00,J5,500,573,1073
2019-06-28T19:15:00+09:00,J1,722,834,1556
2019-06-28T19:15:00+09:00,J2,420,367,787
2019-06-28T19:15:00+09:00,J3,667,565,1232
2019-06-28T19:15:00+09:00,J4,933,729,1662
2019-06-28T19:15:00+09:00,J5,501,586,1087
2019-06-28T19:30:00+09:00,J1,706,751,1457
2019-06-28T19:30:00+09:00,J2,331,285,616
2019-06-28T19:30:00+09:00,J3,581,544,1125
2019-06-28T19:30:00+09:00,J4,752,530,1282
2019-06-28T19:30:00+09:00,J5,488,536,1024
2019-06-28T19:45:00+09:00,J1,632,795,1427
2019-06-28T19:45:00+09:00,J2,376,278,654
2019-06-28T19:45:00+09:00,J3,528,470,998
2019-06-28T19:45:00+09:00,J4,618,527,1145
2019-06-28T19:45:00+09:00,J5,459,532,991
2019-06-28T20:00:00+09:00,J1,620,794,1414
2019-06-28T20:00:00+09:00,J2,304,282,586
2019-06-28T20:00:00+09:00,J3,501,484,985
2019-06-28T20:00:00+09:00,J4,626,453,1079
2019-06-28T20:00:00+09:00,J5,412,494,906
2019-06-28T20:15:00+09:00,J1,628,813,1441
2019-06-28T20:15:00+09:00,J2,337,258,595
2019-06-28T20:15:00+09:00,J3,547,457,1004
2019-06-28T20:15:00+09:00,J4,630,515,1145
2019-06-28T20:15:00+09:00,J5,441,585,1026
2019-06-28T20:30:00+09:00,J1,686,744,1430
2019-06-28T20:30:00+09:00,J2,337,272,609
2019-06-28T20:30:00+09:00,J3,529,437,966
2019-06-28T20:30:00+09:00,J4,520,416,936
2019-06-28T20:30:00+09:00,J5,393,504,897
2019-06-28T20:45:00+09:00,J1,648,739,1387
2019-06-28T20:45:00+09:00,J2,297,244,541
2019-06-28T20:45:00+09:00,J3,505,379,884
2019-06-28T20:45:00+09:00,J4,514,480,994
2019-06-28T20:45:00+09:00,J5,387,468,855
2019-06-28T21:00:00+09:00,J1,637,664,1301
2019-06-28T21:00:00+09:00,J2,337,219,556
2019-06-28T21:00:00+09:00,J3,471,347,818
2019-06-28T21:00:00+09:00,J4,671,606,1277
2019-06-28T21:00:00+09:00,J5,377,428,805
2019-06-28T21:15:00+09:00,J1,588,722,1310
2019-06-28T21:15:00+09:00,J2,373,265,638
2019-06-28T21:15:00+09:00,J3,567,466,1033
2019-06-28T21:15:00+09:00,J4,618,673,1291
2019-06-28T21:15:00+09:00,J5,346,452,798
2019-06-28T21:30:00+09:00,J1,557,712,1269
2019-06-28T21:30:00+09:00,J2,328,255,583
2019-06-28T21:30:00+09:00,J3,492,421,913
2019-06-28T21:30:00+09:00,J4,709,696,1405
2019-06-28T21:30:00+09:00,J5,378,404,782
2019-06-28T21:45:00+09:00,J1,404,483,887
2019-06-28T21:45:00+09:00,J2,226,220,446
2019-06-28T21:45:00+09:00,J3,328,298,626
2019-06-28T21:45:00+09:00,J4,482,500,982
2019-06-28T21:45:00+09:00,J5,187,216,403
2019-06-28T22:00:00+09:00,J1,558,692,1250
2019-06-28T22:00:00+09:00,J2,396,301,697
2019-06-28T22:00:00+09:00,J3,519,442,961
2019-06-28T22:00:00+09:00,J4,804,790,1594
2019-06-28T22:00:00+09:00,J5,283,269,552
2019-06-28T22:15:00+09:00,J1,732,815,1547
2019-06-28T22:15:00+09:00,J2,500,470,970
2019-06-28T22:15:00+09:00,J3,559,641,1200
2019-06-28T22:15:00+09:00,J4,1075,1049,2124
2019-06-28T22:15:00+09:00,J5,356,382,738
2019-06-28T22:30:00+09:00,J1,565,625,1190
2019-06-28T22:30:00+09:00,J2,349,347,696
2019-06-28T22:30:00+09:00,J3,498,456,954
2019-06-28T22:30:00+09:00,J4,840,801,1641
2019-06-28T22:30:00+09:00,J5,209,233,442
2019-06-28T22:45:00+09:00,J1,522,601,1123
2019-06-28T22:45:00+09:00,J2,363,363,726
2019-06-28T22:45:00+09:00,J3,521,423,944
2019-06-28T22:45:00+09:00,J4,836,791,1627
2019-06-28T22:45:00+09:00,J5,211,221,432
2019-06-28T23:00:00+09:00,J1,494,543,1037
2019-06-28T23:00:00+09:00,J2,369,338,707
2019-06-28T23:00:00+09:00,J3,472,483,955
2019-06-28T23:00:00+09:00,J4,707,738,1445
2019-06-28T23:00:00+09:00,J5,209,249,458
2019-06-28T23:15:00+09:00,J1,374,509,883
2019-06-28T23:15:00+09:00,J2,352,407,759
2019-06-28T23:15:00+09:00,J3,467,451,918
2019-06-28T23:15:00+09:00,J4,835,812,1647
2019-06-28T23:15:00+09:00,J5,198,216,414
2019-06-28T23:30:00+09:00,J1,424,449,873
2019-06-28T23:30:00+09:00,J2,375,384,759
2019-06-28T23:30:00+09:00,J3,498,475,973
2019-06-28T23:30:00+09:00,J4,643,679,1322
2019-06-28T23:30:00+09:00,J5,203,249,452
2019-06-28T23:45:00+09:00,J1,422,390,812
2019-06-28T23:45:00+09:00,J2,394,321,715
2019-06-28T23:45:00+09:00,J3,493,478,971
2019-06-28T23:45:00+09:00,J4,529,581,1110
2019-06-28T23:45:00+09:00,J5,231,277,508
2019-06-29T00:00:00+09:00,J1,289,340,629
2019-06-29T00:00:00+09:00,J2,358,332,690
2019-06-29T00:00:00+09:00,J3,421,353,774
2019-06-29T00:00:00+09:00,J4,612,646,1258
2019-06-29T00:00:00+09:00,J5,169,195,364
2019-06-29T00:15:00+09:00,J1,262,254,516
2019-06-29T00:15:00+09:00,J2,281,203,484
2019-06-29T00:15:00+09:00,J3,504,464,968
2019-06-29T00:15:00+09:00,J4,395,379,774
2019-06-29T00:15:00+09:00,J5,181,178,359
2019-06-29T00:30:00+09:00,J1,246,261,507
2019-06-29T00:30:00+09:00,J2,263,187,450
2019-06-29T00:30:00+09:00,J3,366,359,725
2019-06-29T00:30:00+09:00,J4,438,439,877
2019-06-29T00:30:00+09:00,J5,169,107,276
2019-06-29T00:45:00+09:00,J1,245,243,488
2019-06-29T00:45:00+09:00,J2,215,184,399
2019-06-29T00:45:00+09:00,J3,395,313,708
2019-06-29T00:45:00+09:00,J4,376,410,786
2019-06-29T00:45:00+09:00,J5,143,98,241
2019-06-29T05:45:00+09:00,J1,249,250,499
2019-06-29T05:45:00+09:00,J2,300,270,570
2019-06-29T05:45:00+09:00,J3,337,341,678
2019-06-29T05:45:00+09:00,J4,912,810,1722
2019-06-29T05:45:00+09:00,J5,219,254,473
2019-06-29T06:00:00+09:00,J1,260,274,534
2019-06-29T06:00:00+09:00,J2,286,285,571
2019-06-29T06:00:00+09:00,J3,333,302,635
2019-06-29T06:00:00+09:00,J4,452,500,952
2019-06-29T06:00:00+09:00,J5,135,117,252
2019-06-29T06:15:00+09:00,J1,337,324,661
2019-06-29T06:15:00+09:00,J2,326,290,616
2019-06-29T06:15:00+09:00,J3,318,343,661
2019-06-29T06:15:00+09:00,J4,544,625,1169
2019-06-29T06:15:00+09:00,J5,230,162,392
2019-06-29T06:30:00+09:00,J1,379,340,719
2019-06-29T06:30:00+09:00,J2,300,283,583
2019-06-29T06:30:00+09:00,J3,332,332,664
2019-06-29T06:30:00+09:00,J4,701,729,1430
2019-06-29T06:30:00+09:00,J5,188,207,395
2019-06-29T06:45:00+09:00,J1,385,367,752
2019-06-29T06:45:00+09:00,J2,311,292,603
2019-06-29T06:45:00+09:00,J3,381,344,725
2019-06-29T06:45:00+09:00,J4,754,717,1471
2019-06-29T06:45:00+09:00,J5,211,222,433
2019-06-29T07:00:00+09:00,J1,424,410,834
2019-06-29T07:00:00+09:00,J2,302,319,621
2019-06-29T07:00:00+09:00,J3,366,341,707
2019-06-29T07:00:00+09:00,J4,656,685,1341
2019-06-29T07:00:00+09:00,J5,209,191,400
2019-06-29T07:15:00+09:00,J1,390,388,778
2019-06-29T07:15:00+09:00,J2,287,299,586
2019-06-29T07:15:00+09:00,J3,386,402,788
2019-06-29T07:15:00+09:00,J4,727,703,1430
2019-06-29T07:15:00+09:00,J5,235,175,410
2019-06-29T07:30:00+09:00,J1,390,366,756
2019-06-29T07:30:00+09:00,J2,287,268,555
2019-06-29T07:30:00+09:00,J3,403,413,816
2019-06-29T07:30:00+09:00,J4,646,767,1413
2019-06-29T07:30:00+09:00,J5,251,198,449
2019-06-29T07:45:00+09:00,J1,440,445,885
2019-06-29T07:45:00+09:00,J2,291,207,498
2019-06-29T07:45:00+09:00,J3,413,490,903
2019-06-29T07:45:00+09:00,J4,622,684,1306
2019-06-29T07:45:00+09:00,J5,282,214,496
2019-06-29T08:00:00+09:00,J1,687,593,1280
2019-06-29T08:00:00+09:00,J2,324,259,583
2019-06-29T08:00:00+09:00,J3,756,739,1495
2019-06-29T08:00:00+09:00,J4,636,689,1325
2019-06-29T08:00:00+09:00,J5,275,237,512
2019-06-29T08:15:00+09:00,J1,742,662,1404
2019-06-29T08:15:00+09:00,J2,341,239,580
2019-06-29T08:15:00+09:00,J3,804,729,1533
2019-06-29T08:15:00+09:00,J4,598,645,1243
2019-06-29T08:15:00+09:00,J5,283,232,515
2019-06-29T08:30:00+09:00,J1,754,610,1364
2019-06-29T08:30:00+09:00,J2,378,321,699
2019-06-29T08:30:00+09:00,J3,695,688,1383
2019-06-29T08:30:00+09:00,J4,548,680,1228
2019-06-29T08:30:00+09:00,J5,290,181,471
2019-06-29T08:45:00+09:00,J1,726,638,1364
2019-06-29T08:45:00+09:00,J2,340,321,661
2019-06-29T08:45:00+09:00,J3,694,599,1293
2019-06-29T08:45:00+09:00,J4,536,646,1182
2019-06-29T08:45:00+09:00,J5,220,157,377
2019-06-29T09:00:00+09:00,J1,558,495,1053
2019-06-29T09:00:00+09:00,J2,394,339,733
2019-06-29T09:00:00+09:00,J3,696,594,1290
2019-06-29T09:00:00+09:00,J4,457,569,1026
2019-06-29T09:00:00+09:00,J5,265,208,473
2019-06-29T09:15:00+09:00,J1,590,528,1118
2019-06-29T09:15:00+09:00,J2,447,351,798
2019-06-29T09:15:00+09:00,J3,720,622,1342
2019-06-29T09:15:00+09:00,J4,408,506,914
2019-06-29T09:15:00+09:00,J5,235,264,499
2019-06-29T09:30:00+09:00,J1,622,495,1117
2019-06-29T09:30:00+09:00,J2,407,310,717
2019-06-29T09:30:00+09:00,J3,742,689,1431
2019-06-29T09:30:00+09:00,J4,625,661,1286
2019-06-29T09:30:00+09:00,J5,284,289,573
2019-06-29T09:45:00+09:00,J1,630,566,1196
2019-06-29T09:45:00+09:00,J2,477,335,812
2019-06-29T09:45:00+09:00,J3,782,762,1544
2019-06-29T09:45:00+09:00,J4,641,701,1342
2019-06-29T09:45:00+09:00,J5,239,254,493
2019-06-29T10:00:00+09:00,J1,618,541,1159
2019-06-29T10:00:00+09:00,J2,437,283,720
2019-06-29T10:00:00+09:00,J3,761,748,1509
2019-06-29T10:00:00+09:00,J4,729,716,1445
2019-06-29T10:00:00+09:00,J5,274,278,552
2019-06-29T10:15:00+09:00,J1,656,558,1214
2019-06-29T10:15:00+09:00,J2,434,253,687
2019-06-29T10:15:00+09:00,J3,814,741,1555
2019-06-29T10:15:00+09:00,J4,585,612,1197
2019-06-29T10:15:00+09:00,J5,274,258,532
2019-06-29T10:30:00+09:00,J1,653,620,1273
2019-06-29T10:30:00+09:00,J2,427,246,673
2019-06-29T10:30:00+09:00,J3,756,781,1537
2019-06-29T10:30:00+09:00,J4,652,707,1359
2019-06-29T10:30:00+09:00,J5,254,277,531
2019-06-29T10:45:00+09:00,J1,711,622,1333
2019-06-29T10:45:00+09:00,J2,480,304,784
2019-06-29T10:45:00+09:00,J3,789,850,1639
2019-06-29T10:45:00+09:00,J4,579,641,1220
2019-06-29T10:45:00+09:00,J5,270,275,545
2019-06-29T11:00:00+09:00,J1,845,776,1621
2019-06-29T11:00:00+09:00,J2,468,343,811
2019-06-29T11:00:00+09:00,J3,845,901,1746
2019-06-29T11:00:00+09:00,J4,523,633,1156
2019-06-29T11:00:00+09:00,J5,247,285,532
2019-06-29T11:15:00+09:00,J1,761,794,1555
2019-06-29T11:15:00+09:00,J2,404,362,766
2019-06-29T11:15:00+09:00,J3,759,770,1529
2019-06-29T11:15:00+09:00,J4,514,622,1136
2019-06-29T11:15:00+09:00,J5,231,255,486
2019-06-29T11:30:00+09:00,J1,828,811,1639
2019-06-29T11:30:00+09:00,J2,419,420,839
2019-06-29T11:30:00+09:00,J3,831,807,1638
2019-06-29T11:30:00+09:00,J4,497,668,1165
2019-06-29T11:30:00+09:00,J5,264,274,538
2019-06-29T11:45:00+09:00,J1,902,823,1725
2019-06-29T11:45:00+09:00,J2,415,424,839
2019-06-29T11:45:00+09:00,J3,822,822,1644
2019-06-29T11:45:00+09:00,J4,517,631,1148
2019-06-29T11:45:00+09:00,J5,251,260,511
2019-06-29T12:00:00+09:00,J1,783,833,1616
2019-06-29T12:00:00+09:00,J2,468,470,938
2019-06-29T12:00:00+09:00,J3,830,815,1645
2019-06-29T12:00:00+09:00,J4,533,596,1129
2019-06-29T12:00:00+09:00,J5,257,266,523
2019-06-29T12:15:00+09:00,J1,746,891,1637
2019-06-29T12:15:00+09:00,J2,439,434,873
2019-06-29T12:15:00+09:00,J3,797,777,1574
2019-06-29T12:15:00+09:00,J4,558,530,1088
2019-06-29T12:15:00+09:00,J5,257,286,543
2019-06-29T12:30:00+09:00,J1,707,811,1518
2019-06-29T12:30:00+09:00,J2,464,471,935
2019-06-29T12:30:00+09:00,J3,779,782,1561
2019-06-29T12:30:00+09:00,J4,622,701,1323
2019-06-29T12:30:00+09:00,J5,253,297,550
2019-06-29T12:45:00+09:00,J1,692,793,1485
2019-06-29T12:45:00+09:00,J2,472,454,926
2019-06-29T12:45:00+09:00,J3,703,748,1451
2019-06-29T12:45:00+09:00,J4,592,711,1303
2019-06-29T12:45:00+09:00,J5,280,271,551
2019-06-29T13:00:00+09:00,J1,652,783,1435
2019-06-29T13:00:00+09:00,J2,487,475,962
2019-06-29T13:00:00+09:00,J3,750,752,1502
2019-06-29T13:00:00+09:00,J4,645,659,1304
2019-06-29T13:00:00+09:00,J5,259,287,546
2019-06-29T13:15:00+09:00,J1,731,832,1563
2019-06-29T13:15:00+09:00,J2,484,449,933
2019-06-29T13:15:00+09:00,J3,746,694,1440
2019-06-29T13:15:00+09:00,J4,724,612,1336
2019-06-29T13:15:00+09:00,J5,275,283,558
2019-06-29T13:30:00+09:00,J1,720,788,1508
2019-06-29T13:30:00+09:00,J2,456,397,853
2019-06-29T13:30:00+09:00,J3,649,729,1378
2019-06-29T13:30:00+09:00,J4,679,638,1317
2019-06-29T13:30:00+09:00,J5,308,320,628
2019-06-29T13:45:00+09:00,J1,665,891,1556
2019-06-29T13:45:00+09:00,J2,425,405,830
2019-06-29T13:45:00+09:00,J3,633,706,1339
2019-06-29T13:45:00+09:00,J4,664,727,1391
2019-06-29T13:45:00+09:00,J5,347,304,651
2019-06-29T14:00:00+09:00,J1,740,858,1598
2019-06-29T14:00:00+09:00,J2,499,356,855
2019-06-29T14:00:00+09:00,J3,684,704,1388
2019-06-29T14:00:00+09:00,J4,698,781,1479
2019-06-29T14:00:00+09:00,J5,324,321,645
2019-06-29T14:15:00+09:00,J1,709,826,1535
2019-06-29T14:15:00+09:00,J2,465,406,871
2019-06-29T14:15:00+09:00,J3,718,711,1429
2019-06-29T14:15:00+09:00,J4,764,702,1466
2019-06-29T14:15:00+09:00,J5,334,352,686
2019-06-29T14:30:00+09:00,J1,720,903,1623
2019-06-29T14:30:00+09:00,J2,436,379,815
2019-06-29T14:30:00+09:00,J3,772,659,1431
2019-06-29T14:30:00+09:00,J4,727,678,1405
2019-06-29T14:30:00+09:00,J5,284,356,640
2019-06-29T14:45:00+09:00,J1,723,873,1596
2019-06-29T14:45:00+09:00,J2,494,396,890
2019-06-29T14:45:00+09:00,J3,702,735,1437
2019-06-29T14:45:00+09:00,J4,664,672,1336
2019-06-29T14:45:00+09:00,J5,321,355,676
2019-06-29T15:00:00+09:00,J1,715,888,1603
2019-06-29T15:00:00+09:00,J2,487,401,888
2019-06-29T15:00:00+09:00,J3,710,680,1390
2019-06-29T15:00:00+09:00,J4,783,677,1460
2019-06-29T15:00:00+09:00,J5,307,338,645
2019-06-29T15:15:00+09:00,J1,831,936,1767
2019-06-29T15:15:00+09:00,J2,487,397,884
2019-06-29T15:15:00+09:00,J3,734,726,1460
2019-06-29T15:15:00+09:00,J4,781,691,1472
2019-06-29T15:15:00+09:00,J5,299,314,613
2019-06-29T15:30:00+09:00,J1,781,925,1706
2019-06-29T15:30:00+09:00,J2,523,373,896
2019-06-29T15:30:00+09:00,J3,759,744,1503
2019-06-29T15:30:00+09:00,J4,753,702,1455
2019-06-29T15:30:00+09:00,J5,338,329,667
2019-06-29T15:45:00+09:00,J1,743,906,1649
2019-06-29T15:45:00+09:00,J2,488,373,861
2019-06-29T15:45:00+09:00,J3,803,741,1544
2019-06-29T15:45:00+09:00,J4,800,752,1552
2019-06-29T15:45:00+09:00,J5,381,378,759
2019-06-29T16:00:00+09:00,J1,838,1026,1864
2019-06-29T16:00:00+09:00,J2,532,351,883
2019-06-29T16:00:00+09:00,J3,862,793,1655
2019-06-29T16:00:00+09:00,J4,900,829,1729
2019-06-29T16:00:00+09:00,J5,384,375,759
2019-06-29T16:15:00+09:00,J1,837,1003,1840
2019-06-29T16:15:00+09:00,J2,552,376,928
2019-06-29T16:15:00+09:00,J3,771,814,1585
2019-06-29T16:15:00+09:00,J4,909,882,1791
2019-06-29T16:15:00+09:00,J5,382,421,803
2019-06-29T16:30:00+09:00,J1,836,1054,1890
2019-06-29T16:30:00+09:00,J2,596,300,896
2019-06-29T16:30:00+09:00,J3,829,818,1647
2019-06-29T16:30:00+09:00,J4,1008,876,1884
2019-06-29T16:30:00+09:00,J5,412,469,881
2019-06-29T16:45:00+09:00,J1,894,1056,1950
2019-06-29T16:45:00+09:00,J2,553,297,850
2019-06-29T16:45:00+09:00,J3,763,803,1566
2019-06-29T16:45:00+09:00,J4,970,823,1793
2019-06-29T16:45:00+09:00,J5,388,416,804
2019-06-29T17:00:00+09:00,J1,823,981,1804
2019-06-29T17:00:00+09:00,J2,527,353,880
2019-06-29T17:00:00+09:00,J3,766,815,1581
2019-06-29T17:00:00+09:00,J4,998,848,1846
2019-06-29T17:00:00+09:00,J5,355,409,764
2019-06-29T17:15:00+09:00,J1,795,1019,1814
2019-06-29T17:15:00+09:00,J2,578,382,960
2019-06-29T17:15:00+09:00,J3,856,695,1551
2019-06-29T17:15:00+09:00,J4,861,720,1581
2019-06-29T17:15:00+09:00,J5,295,399,694
2019-06-29T17:30:00+09:00,J1,906,927,1833
2019-06-29T17:30:00+09:00,J2,658,346,1004
2019-06-29T17:30:00+09:00,J3,926,735,1661
2019-06-29T17:30:00+09:00,J4,903,658,1561
2019-06-29T17:30:00+09:00,J5,279,381,660
2019-06-29T17:45:00+09:00,J1,929,1051,1980
2019-06-29T17:45:00+09:00,J2,658,352,1010
2019-06-29T17:45:00+09:00,J3,874,740,1614
2019-06-29T17:45:00+09:00,J4,833,670,1503
2019-06-29T17:45:00+09:00,J5,347,387,734
2019-06-29T18:00:00+09:00,J1,912,1012,1924
2019-06-29T18:00:00+09:00,J2,553,354,907
2019-06-29T18:00:00+09:00,J3,778,681,1459
2019-06-29T18:00:00+09:00,J4,772,578,1350
2019-06-29T18:00:00+09:00,J5,292,390,682
2019-06-29T18:15:00+09:00,J1,818,946,1764
2019-06-29T18:15:00+09:00,J2,552,353,905
2019-06-29T18:15:00+09:00,J3,886,734,1620
2019-06-29T18:15:00+09:00,J4,978,855,1833
2019-06-29T18:15:00+09:00,J5,291,323,614
2019-06-29T18:30:00+09:00,J1,856,964,1820
2019-06-29T18:30:00+09:00,J2,609,314,923
2019-06-29T18:30:00+09:00,J3,814,634,1448
2019-06-29T18:30:00+09:00,J4,943,736,1679
2019-06-29T18:30:00+09:00,J5,369,426,795
2019-06-29T18:45:00+09:00,J1,918,1002,1920
2019-06-29T18:45:00+09:00,J2,594,320,914
2019-06-29T18:45:00+09:00,J3,786,652,1438
2019-06-29T18:45:00+09:00,J4,693,558,1251
2019-06-29T18:45:00+09:00,J5,323,366,689
2019-06-29T19:00:00+09:00,J1,856,1020,1876
2019-06-29T19:00:00+09:00,J2,519,272,791
2019-06-29T19:00:00+09:00,J3,827,610,1437
2019-06-29T19:00:00+09:00,J4,893,803,1696
2019-06-29T19:00:00+09:00,J5,347,438,785
2019-06-29T19:15:00+09:00,J1,759,956,1715
2019-06-29T19:15:00+09:00,J2,497,290,787
2019-06-29T19:15:00+09:00,J3,687,553,1240
2019-06-29T19:15:00+09:00,J4,762,697,1459
2019-06-29T19:15:00+09:00,J5,352,449,801
2019-06-29T19:30:00+09:00,J1,791,827,1618
2019-06-29T19:30:00+09:00,J2,449,254,703
2019-06-29T19:30:00+09:00,J3,721,597,1318
2019-06-29T19:30:00+09:00,J4,678,620,1298
2019-06-29T19:30:00+09:00,J5,389,443,832
2019-06-29T19:45:00+09:00,J1,754,865,1619
2019-06-29T19:45:00+09:00,J2,436,371,807
2019-06-29T19:45:00+09:00,J3,729,663,1392
2019-06-29T19:45:00+09:00,J4,666,723,1389
2019-06-29T19:45:00+09:00,J5,353,437,790
2019-06-29T20:00:00+09:00,J1,678,816,1494
2019-06-29T20:00:00+09:00,J2,410,255,665
2019-06-29T20:00:00+09:00,J3,582,596,1178
2019-06-29T20:00:00+09:00,J4,727,741,1468
2019-06-29T20:00:00+09:00,J5,331,413,744
2019-06-29T20:15:00+09:00,J1,687,824,1511
2019-06-29T20:15:00+09:00,J2,396,290,686
2019-06-29T20:15:00+09:00,J3,658,609,1267
2019-06-29T20:15:00+09:00,J4,739,732,1471
2019-06-29T20:15:00+09:00,J5,332,404,736
2019-06-29T20:30:00+09:00,J1,674,812,1486
2019-06-29T20:30:00+09:00,J2,358,269,627
2019-06-29T20:30:00+09:00,J3,612,613,1225
2019-06-29T20:30:00+09:00,J4,742,792,1534
2019-06-29T20:30:00+09:00,J5,344,362,706
2019-06-29T20:45:00+09:00,J1,703,722,1425
2019-06-29T20:45:00+09:00,J2,322,272,594
2019-06-29T20:45:00+09:00,J3,629,638,1267
2019-06-29T20:45:00+09:00,J4,653,603,1256
2019-06-29T20:45:00+09:00,J5,310,346,656
2019-06-29T21:00:00+09:00,J1,692,809,1501
2019-06-29T21:00:00+09:00,J2,352,293,645
2019-06-29T21:00:00+09:00,J3,680,644,1324
2019-06-29T21:00:00+09:00,J4,694,687,1381
2019-06-29T21:00:00+09:00,J5,335,302,637
2019-06-29T21:15:00+09:00,J1,672,801,1473
2019-06-29T21:15:00+09:00,J2,369,249,618
2019-06-29T21:15:00+09:00,J3,708,669,1377
2019-06-29T21:15:00+09:00,J4,645,578,1223
2019-06-29T21:15:00+09:00,J5,334,377,711
2019-06-29T21:30:00+09:00,J1,621,732,1353
2019-06-29T21:30:00+09:00,J2,296,291,587
2019-06-29T21:30:00+09:00,J3,566,656,1222
2019-06-29T21:30:00+09:00,J4,766,771,1537
2019-06-29T21:30:00+09:00,J5,323,353,676
2019-06-29T21:45:00+09:00,J1,571,684,1255
2019-06-29T21:45:00+09:00,J2,304,275,579
2019-06-29T21:45:00+09:00,J3,596,612,1208
2019-06-29T21:45:00+09:00,J4,723,654,1377
2019-06-29T21:45:00+09:00,J5,309,337,646
2019-06-29T22:00:00+09:00,J1,524,656,1180
2019-06-29T22:00:00+09:00,J2,274,315,589
2019-06-29T22:00:00+09:00,J3,500,564,1064
2019-06-29T22:00:00+09:00,J4,649,661,1310
2019-06-29T22:00:00+09:00,J5,338,315,653
2019-06-29T22:15:00+09:00,J1,605,695,1300
2019-06-29T22:15:00+09:00,J2,292,270,562
2019-06-29T22:15:00+09:00,J3,543,612,1155
2019-06-29T22:15:00+09:00,J4,636,683,1319
2019-06-29T22:15:00+09:00,J5,313,352,665
2019-06-29T22:30:00+09:00,J1,554,699,1253
2019-06-29T22:30:00+09:00,J2,296,365,661
2019-06-29T22:30:00+09:00,J3,552,611,1163
2019-06-29T22:30:00+09:00,J4,694,713,1407
2019-06-29T22:30:00+09:00,J5,325,343,668
2019-06-29T22:45:00+09:00,J1,515,594,1109
2019-06-29T22:45:00+09:00,J2,285,344,629
2019-06-29T22:45:00+09:00,J3,556,574,1130
2019-06-29T22:45:00+09:00,J4,797,867,1664
2019-06-29T22:45:00+09:00,J5,270,305,575
2019-06-29T23:00:00+09:00,J1,511,606,1117
2019-06-29T23:00:00+09:00,J2,253,302,555
2019-06-29T23:00:00+09:00,J3,517,609,1126
2019-06-29T23:00:00+09:00,J4,947,946,1893
2019-06-29T23:00:00+09:00,J5,260,237,497
2019-06-29T23:15:00+09:00,J1,501,590,1091
2019-06-29T23:15:00+09:00,J2,257,316,573
2019-06-29T23:15:00+09:00,J3,619,612,1231
2019-06-29T23:15:00+09:00,J4,924,917,1841
2019-06-29T23:15:00+09:00,J5,179,208,387
2019-06-29T23:30:00+09:00,J1,517,631,1148
2019-06-29T23:30:00+09:00,J2,257,300,557
2019-06-29T23:30:00+09:00,J3,653,594,1247
2019-06-29T23:30:00+09:00,J4,637,709,1346
2019-06-29T23:30:00+09:00,J5,175,170,345
2019-06-29T23:45:00+09:00,J1,466,471,937
2019-06-29T23:45:00+09:00,J2,290,214,504
2019-06-29T23:45:00+09:00,J3,575,578,1153
2019-06-29T23:45:00+09:00,J4,720,741,1461
2019-06-29T23:45:00+09:00,J5,165,183,348
2019-06-30T00:00:00+09:00,J1,401,391,792
2019-06-30T00:00:00+09:00,J2,280,152,432
2019-06-30T00:00:00+09:00,J3,569,511,1080
2019-06-30T00:00:00+09:00,J4,646,668,1314
2019-06-30T00:00:00+09:00,J5,172,192,364
2019-06-30T00:15:00+09:00,J1,351,273,624
2019-06-30T00:15:00+09:00,J2,240,163,403
2019-06-30T00:15:00+09:00,J3,395,375,770
2019-06-30T00:15:00+09:00,J4,457,459,916
2019-06-30T00:15:00+09:00,J5,171,150,321
2019-06-30T00:30:00+09:00,J1,343,280,623
2019-06-30T00:30:00+09:00,J2,180,122,302
2019-06-30T00:30:00+09:00,J3,318,268,586
2019-06-30T00:30:00+09:00,J4,456,470,926
2019-06-30T00:30:00+09:00,J5,144,126,270
2019-06-30T00:45:00+09:00,J1,301,286,587
2019-06-30T00:45:00+09:00,J2,219,193,412
2019-06-30T00:45:00+09:00,J3,328,289,617
2019-06-30T00:45:00+09:00,J4,426,394,820
2019-06-30T00:45:00+09:00,J5,158,160,318
2019-06-30T05:45:00+09:00,J1,300,283,583
2019-06-30T05:45:00+09:00,J2,290,285,575
2019-06-30T05:45:00+09:00,J3,331,283,614
2019-06-30T05:45:00+09:00,J4,470,443,913
2019-06-30T05:45:00+09:00,J5,180,260,440
2019-06-30T06:00:00+09:00,J1,343,283,626
2019-06-30T06:00:00+09:00,J2,300,306,606
2019-06-30T06:00:00+09:00,J3,423,349,772
2019-06-30T06:00:00+09:00,J4,370,414,784
2019-06-30T06:00:00+09:00,J5,187,145,332
2019-06-30T06:15:00+09:00,J1,363,341,704
2019-06-30T06:15:00+09:00,J2,321,356,677
2019-06-30T06:15:00+09:00,J3,436,390,826
2019-06-30T06:15:00+09:00,J4,504,510,1014
2019-06-30T06:15:00+09:00,J5,268,203,471
2019-06-30T06:30:00+09:00,J1,360,304,664
2019-06-30T06:30:00+09:00,J2,317,357,674
2019-06-30T06:30:00+09:00,J3,468,398,866
2019-06-30T06:30:00+09:00,J4,668,634,1302
2019-06-30T06:30:00+09:00,J5,244,189,433
2019-06-30T06:45:00+09:00,J1,404,374,778
2019-06-30T06:45:00+09:00,J2,298,344,642
2019-06-30T06:45:00+09:00,J3,411,392,803
2019-06-30T06:45:00+09:00,J4,575,663,1238
2019-06-30T06:45:00+09:00,J5,240,174,414
2019-06-30T07:00:00+09:00,J1,343,371,714
2019-06-30T07:00:00+09:00,J2,265,311,576
2019-06-30T07:00:00+09:00,J3,399,422,821
2019-06-30T07:00:00+09:00,J4,492,542,1034
2019-06-30T07:00:00+09:00,J5,224,172,396
2019-06-30T07:15:00+09:00,J1,328,314,642
2019-06-30T07:15:00+09:00,J2,321,319,640
2019-06-30T07:15:00+09:00,J3,482,498,980
2019-06-30T07:15:00+09:00,J4,472,497,969
2019-06-30T07:15:00+09:00,J5,237,191,428
2019-06-30T07:30:00+09:00,J1,418,357,775
2019-06-30T07:30:00+09:00,J2,298,300,598
2019-06-30T07:30:00+09:00,J3,637,596,1233
2019-06-30T07:30:00+09:00,J4,587,604,1191
2019-06-30T07:30:00+09:00,J5,239,218,457
2019-06-30T07:45:00+09:00,J1,361,406,767
2019-06-30T07:45:00+09:00,J2,286,247,533
2019-06-30T07:45:00+09:00,J3,628,578,1206
2019-06-30T07:45:00+09:00,J4,409,460,869
2019-06-30T07:45:00+09:00,J5,248,200,448
2019-06-30T08:00:00+09:00,J1,597,649,1246
2019-06-30T08:00:00+09:00,J2,359,273,632
2019-06-30T08:00:00+09:00,J3,804,652,1456
2019-06-30T08:00:00+09:00,J4,502,580,1082
2019-06-30T08:00:00+09:00,J5,242,236,478
2019-06-30T08:15:00+09:00,J1,673,529,1202
2019-06-30T08:15:00+09:00,J2,448,259,707
2019-06-30T08:15:00+09:00,J3,833,788,1621
2019-06-30T08:15:00+09:00,J4,426,552,978
2019-06-30T08:15:00+09:00,J5,172,220,392
2019-06-30T08:30:00+09:00,J1,698,515,1213
2019-06-30T08:30:00+09:00,J2,452,282,734
2019-06-30T08:30:00+09:00,J3,799,821,1620
2019-06-30T08:30:00+09:00,J4,434,527,961
2019-06-30T08:30:00+09:00,J5,259,217,476
2019-06-30T08:45:00+09:00,J1,592,561,1153
2019-06-30T08:45:00+09:00,J2,441,282,723
2019-06-30T08:45:00+09:00,J3,798,783,1581
2019-06-30T08:45:00+09:00,J4,390,500,890
2019-06-30T08:45:00+09:00,J5,242,219,461
2019-06-30T09:00:00+09:00,J1,509,424,933
2019-06-30T09:00:00+09:00,J2,457,319,776
2019-06-30T09:00:00+09:00,J3,762,767,1529
2019-06-30T09:00:00+09:00,J4,480,501,981
2019-06-30T09:00:00+09:00,J5,220,239,459
2019-06-30T09:15:00+09:00,J1,509,413,922
2019-06-30T09:15:00+09:00,J2,507,367,874
2019-06-30T09:15:00+09:00,J3,760,716,1476
2019-06-30T09:15:00+09:00,J4,436,484,920
2019-06-30T09:15:00+09:00,J5,250,231,481
2019-06-30T09:30:00+09:00,J1,543,475,1018
2019-06-30T09:30:00+09:00,J2,533,334,867
2019-06-30T09:30:00+09:00,J3,737,705,1442
2019-06-30T09:30:00+09:00,J4,487,472,959
2019-06-30T09:30:00+09:00,J5,233,222,455
2019-06-30T09:45:00+09:00,J1,614,486,1100
2019-06-30T09:45:00+09:00,J2,491,469,960
2019-06-30T09:45:00+09:00,J3,679,681,1360
2019-06-30T09:45:00+09:00,J4,475,480,955
2019-06-30T09:45:00+09:00,J5,284,262,546
2019-06-30T10:00:00+09:00,J1,563,468,1031
2019-06-30T10:00:00+09:00,J2,495,397,892
2019-06-30T10:00:00+09:00,J3,692,628,1320
2019-06-30T10:00:00+09:00,J4,464,416,880
2019-06-30T10:00:00+09:00,J5,260,290,550
2019-06-30T10:15:00+09:00,J1,562,502,1064
2019-06-30T10:15:00+09:00,J2,553,551,1104
2019-06-30T10:15:00+09:00,J3,614,627,1241
2019-06-30T10:15:00+09:00,J4,537,442,979
2019-06-30T10:15:00+09:00,J5,249,263,512
2019-06-30T10:30:00+09:00,J1,615,601,1216
2019-06-30T10:30:00+09:00,J2,562,528,1090
2019-06-30T10:30:00+09:00,J3,596,601,1197
2019-06-30T10:30:00+09:00,J4,667,609,1276
2019-06-30T10:30:00+09:00,J5,278,299,577
2019-06-30T10:45:00+09:00,J1,575,540,1115
2019-06-30T10:45:00+09:00,J2,562,500,1062
2019-06-30T10:45:00+09:00,J3,595,520,1115
2019-06-30T10:45:00+09:00,J4,615,627,1242
2019-06-30T10:45:00+09:00,J5,299,323,622
2019-06-30T11:00:00+09:00,J1,621,664,1285
2019-06-30T11:00:00+09:00,J2,530,514,1044
2019-06-30T11:00:00+09:00,J3,583,508,1091
2019-06-30T11:00:00+09:00,J4,515,547,1062
2019-06-30T11:00:00+09:00,J5,330,362,692
2019-06-30T11:15:00+09:00,J1,577,634,1211
2019-06-30T11:15:00+09:00,J2,564,547,1111
2019-06-30T11:15:00+09:00,J3,568,526,1094
2019-06-30T11:15:00+09:00,J4,501,498,999
2019-06-30T11:15:00+09:00,J5,302,352,654
2019-06-30T11:30:00+09:00,J1,624,673,1297
2019-06-30T11:30:00+09:00,J2,576,489,1065
2019-06-30T11:30:00+09:00,J3,600,530,1130
2019-06-30T11:30:00+09:00,J4,553,604,1157
2019-06-30T11:30:00+09:00,J5,258,328,586
2019-06-30T11:45:00+09:00,J1,635,670,1305
2019-06-30T11:45:00+09:00,J2,587,459,1046
2019-06-30T11:45:00+09:00,J3,528,582,1110
2019-06-30T11:45:00+09:00,J4,586,542,1128
2019-06-30T11:45:00+09:00,J5,348,337,685
2019-06-30T12:00:00+09:00,J1,612,720,1332
2019-06-30T12:00:00+09:00,J2,480,372,852
2019-06-30T12:00:00+09:00,J3,579,497,1076
2019-06-30T12:00:00+09:00,J4,707,692,1399
2019-06-30T12:00:00+09:00,J5,302,382,684
2019-06-30T12:15:00+09:00,J1,642,697,1339
2019-06-30T12:15:00+09:00,J2,481,455,936
2019-06-30T12:15:00+09:00,J3,528,527,1055
2019-06-30T12:15:00+09:00,J4,847,638,1485
2019-06-30T12:15:00+09:00,J5,322,414,736
2019-06-30T12:30:00+09:00,J1,631,658,1289
2019-06-30T12:30:00+09:00,J2,507,433,940
2019-06-30T12:30:00+09:00,J3,554,519,1073
2019-06-30T12:30:00+09:00,J4,852,813,1665
2019-06-30T12:30:00+09:00,J5,353,392,745
2019-06-30T12:45:00+09:00,J1,619,667,1286
2019-06-30T12:45:00+09:00,J2,439,448,887
2019-06-30T12:45:00+09:00,J3,538,603,1141
2019-06-30T12:45:00+09:00,J4,798,813,1611
2019-06-30T12:45:00+09:00,J5,376,474,850
2019-06-30T13:00:00+09:00,J1,582,692,1274
2019-06-30T13:00:00+09:00,J2,442,489,931
2019-06-30T13:00:00+09:00,J3,561,606,1167
2019-06-30T13:00:00+09:00,J4,871,833,1704
2019-06-30T13:00:00+09:00,J5,403,493,896
2019-06-30T13:15:00+09:00,J1,582,747,1329
2019-06-30T13:15:00+09:00,J2,464,470,934
2019-06-30T13:15:00+09:00,J3,525,578,1103
2019-06-30T13:15:00+09:00,J4,863,762,1625
2019-06-30T13:15:00+09:00,J5,387,461,848
2019-06-30T13:30:00+09:00,J1,635,691,1326
2019-06-30T13:30:00+09:00,J2,479,521,1000
2019-06-30T13:30:00+09:00,J3,534,543,1077
2019-06-30T13:30:00+09:00,J4,803,820,1623
2019-06-30T13:30:00+09:00,J5,392,441,833
2019-06-30T13:45:00+09:00,J1,589,671,1260
2019-06-30T13:45:00+09:00,J2,366,533,899
2019-06-30T13:45:00+09:00,J3,427,557,984
2019-06-30T13:45:00+09:00,J4,790,772,1562
2019-06-30T13:45:00+09:00,J5,422,513,935
2019-06-30T14:00:00+09:00,J1,591,727,1318
2019-06-30T14:00:00+09:00,J2,450,515,965
2019-06-30T14:00:00+09:00,J3,479,548,1027
2019-06-30T14:00:00+09:00,J4,722,747,1469
2019-06-30T14:00:00+09:00,J5,400,450,850
2019-06-30T14:15:00+09:00,J1,609,694,1303
2019-06-30T14:15:00+09:00,J2,448,494,942
2019-06-30T14:15:00+09:00,J3,490,585,1075
2019-06-30T14:15:00+09:00,J4,852,791,1643
2019-06-30T14:15:00+09:00,J5,483,557,1040
2019-06-30T14:30:00+09:00,J1,642,702,1344
2019-06-30T14:30:00+09:00,J2,438,490,928
2019-06-30T14:30:00+09:00,J3,508,632,1140
2019-06-30T14:30:00+09:00,J4,706,708,1414
2019-06-30T14:30:00+09:00,J5,426,557,983
2019-06-30T14:45:00+09:00,J1,671,773,1444
2019-06-30T14:45:00+09:00,J2,439,533,972
2019-06-30T14:45:00+09:00,J3,569,546,1115
2019-06-30T14:45:00+09:00,J4,748,700,1448
2019-06-30T14:45:00+09:00,J5,454,494,948
2019-06-30T15:00:00+09:00,J1,664,766,1430
2019-06-30T15:00:00+09:00,J2,400,543,943
2019-06-30T15:00:00+09:00,J3,504,631,1135
2019-06-30T15:00:00+09:00,J4,711,653,1364
2019-06-30T15:00:00+09:00,J5,394,517,911
2019-06-30T15:15:00+09:00,J1,649,739,1388
2019-06-30T15:15:00+09:00,J2,388,491,879
2019-06-30T15:15:00+09:00,J3,527,576,1103
2019-06-30T15:15:00+09:00,J4,658,743,1401
2019-06-30T15:15:00+09:00,J5,441,521,962
2019-06-30T15:30:00+09:00,J1,659,769,1428
2019-06-30T15:30:00+09:00,J2,428,487,915
2019-06-30T15:30:00+09:00,J3,500,566,1066
2019-06-30T15:30:00+09:00,J4,777,639,1416
2019-06-30T15:30:00+09:00,J5,462,619,1081
2019-06-30T15:45:00+09:00,J1,575,626,1201
2019-06-30T15:45:00+09:00,J2,410,446,856
2019-06-30T15:45:00+09:00,J3,527,633,1160
2019-06-30T15:45:00+09:00,J4,778,735,1513
2019-06-30T15:45:00+09:00,J5,424,532,956
2019-06-30T16:00:00+09:00,J1,582,784,1366
2019-06-30T16:00:00+09:00,J2,360,477,837
2019-06-30T16:00:00+09:00,J3,526,639,1165
2019-06-30T16:00:00+09:00,J4,708,623,1331
2019-06-30T16:00:00+09:00,J5,454,547,1001
2019-06-30T16:15:00+09:00,J1,629,752,1381
2019-06-30T16:15:00+09:00,J2,453,476,929
2019-06-30T16:15:00+09:00,J3,477,588,1065
2019-06-30T16:15:00+09:00,J4,765,684,1449
2019-06-30T16:15:00+09:00,J5,450,506,956
2019-06-30T16:30:00+09:00,J1,636,748,1384
2019-06-30T16:30:00+09:00,J2,424,544,968
2019-06-30T16:30:00+09:00,J3,491,650,1141
2019-06-30T16:30:00+09:00,J4,842,671,1513
2019-06-30T16:30:00+09:00,J5,389,511,900
2019-06-30T16:45:00+09:00,J1,693,678,1371
2019-06-30T16:45:00+09:00,J2,378,484,862
2019-06-30T16:45:00+09:00,J3,476,639,1115
2019-06-30T16:45:00+09:00,J4,741,722,1463
2019-06-30T16:45:00+09:00,J5,446,534,980
2019-06-30T17:00:00+09:00,J1,701,763,1464
2019-06-30T17:00:00+09:00,J2,402,475,877
2019-06-30T17:00:00+09:00,J3,499,586,1085
2019-06-30T17:00:00+09:00,J4,736,729,1465
2019-06-30T17:00:00+09:00,J5,412,512,924
2019-06-30T17:15:00+09:00,J1,690,734,1424
2019-06-30T17:15:00+09:00,J2,451,464,915
2019-06-30T17:15:00+09:00,J3,533,600,1133
2019-06-30T17:15:00+09:00,J4,767,749,1516
2019-06-30T17:15:00+09:00,J5,426,512,938
2019-06-30T17:30:00+09:00,J1,677,748,1425
2019-06-30T17:30:00+09:00,J2,455,435,890
2019-06-30T17:30:00+09:00,J3,553,581,1134
2019-06-30T17:30:00+09:00,J4,740,732,1472
2019-06-30T17:30:00+09:00,J5,432,488,920
2019-06-30T17:45:00+09:00,J1,643,668,1311
2019-06-30T17:45:00+09:00,J2,390,426,816
2019-06-30T17:45:00+09:00,J3,564,633,1197
2019-06-30T17:45:00+09:00,J4,790,748,1538
2019-06-30T17:45:00+09:00,J5,420,478,898
2019-06-30T18:00:00+09:00,J1,739,806,1545
2019-06-30T18:00:00+09:00,J2,437,419,856
2019-06-30T18:00:00+09:00,J3,521,523,1044
2019-06-30T18:00:00+09:00,J4,835,695,1530
2019-06-30T18:00:00+09:00,J5,425,465,890
2019-06-30T18:15:00+09:00,J1,741,813,1554
2019-06-30T18:15:00+09:00,J2,434,400,834
2019-06-30T18:15:00+09:00,J3,612,541,1153
2019-06-30T18:15:00+09:00,J4,712,637,1349
2019-06-30T18:15:00+09:00,J5,389,443,832
2019-06-30T18:30:00+09:00,J1,613,661,1274
2019-06-30T18:30:00+09:00,J2,431,371,802
2019-06-30T18:30:00+09:00,J3,493,498,991
2019-06-30T18:30:00+09:00,J4,684,636,1320
2019-06-30T18:30:00+09:00,J5,386,429,815
2019-06-30T18:45:00+09:00,J1,564,607,1171
2019-06-30T18:45:00+09:00,J2,383,386,769
2019-06-30T18:45:00+09:00,J3,429,442,871
2019-06-30T18:45:00+09:00,J4,572,537,1109
2019-06-30T18:45:00+09:00,J5,402,455,857
2019-06-30T19:00:00+09:00,J1,481,553,1034
2019-06-30T19:00:00+09:00,J2,358,292,650
2019-06-30T19:00:00+09:00,J3,493,412,905
2019-06-30T19:00:00+09:00,J4,516,506,1022
2019-06-30T19:00:00+09:00,J5,357,421,778
2019-06-30T19:15:00+09:00,J1,501,614,1115
2019-06-30T19:15:00+09:00,J2,315,367,682
2019-06-30T19:15:00+09:00,J3,460,452,912
2019-06-30T19:15:00+09:00,J4,690,730,1420
2019-06-30T19:15:00+09:00,J5,390,445,835
2019-06-30T19:30:00+09:00,J1,444,551,995
2019-06-30T19:30:00+09:00,J2,357,322,679
2019-06-30T19:30:00+09:00,J3,435,407,842
2019-06-30T19:30:00+09:00,J4,648,640,1288
2019-06-30T19:30:00+09:00,J5,339,423,762
2019-06-30T19:45:00+09:00,J1,486,574,1060
2019-06-30T19:45:00+09:00,J2,361,303,664
2019-06-30T19:45:00+09:00,J3,529,383,912
2019-06-30T19:45:00+09:00,J4,543,532,1075
2019-06-30T19:45:00+09:00,J5,328,376,704
2019-06-30T20:00:00+09:00,J1,451,562,1013
2019-06-30T20:00:00+09:00,J2,353,340,693
2019-06-30T20:00:00+09:00,J3,478,429,907
2019-06-30T20:00:00+09:00,J4,459,391,850
2019-06-30T20:00:00+09:00,J5,347,400,747
2019-06-30T20:15:00+09:00,J1,408,570,978
2019-06-30T20:15:00+09:00,J2,339,335,674
2019-06-30T20:15:00+09:00,J3,477,449,926
2019-06-30T20:15:00+09:00,J4,568,462,1030
2019-06-30T20:15:00+09:00,J5,334,459,793
2019-06-30T20:30:00+09:00,J1,424,593,1017
2019-06-30T20:30:00+09:00,J2,372,353,725
2019-06-30T20:30:00+09:00,J3,469,424,893
2019-06-30T20:30:00+09:00,J4,562,515,1077
2019-06-30T20:30:00+09:00,J5,330,378,708
2019-06-30T20:45:00+09:00,J1,467,525,992
2019-06-30T20:45:00+09:00,J2,427,353,780
2019-06-30T20:45:00+09:00,J3,450,435,885
2019-06-30T20:45:00+09:00,J4,505,431,936
2019-06-30T20:45:00+09:00,J5,342,336,678
2019-06-30T21:00:00+09:00,J1,513,501,1014
2019-06-30T21:00:00+09:00,J2,384,366,750
2019-06-30T21:00:00+09:00,J3,406,406,812
2019-06-30T21:00:00+09:00,J4,659,595,1254
2019-06-30T21:00:00+09:00,J5,347,333,680
2019-06-30T21:15:00+09:00,J1,475,550,1025
2019-06-30T21:15:00+09:00,J2,336,301,637
2019-06-30T21:15:00+09:00,J3,419,340,759
2019-06-30T21:15:00+09:00,J4,607,531,1138
2019-06-30T21:15:00+09:00,J5,321,368,689
2019-06-30T21:30:00+09:00,J1,427,497,924
2019-06-30T21:30:00+09:00,J2,395,340,735
2019-06-30T21:30:00+09:00,J3,403,414,817
2019-06-30T21:30:00+09:00,J4,577,546,1123
2019-06-30T21:30:00+09:00,J5,329,350,679
2019-06-30T21:45:00+09:00,J1,350,452,802
2019-06-30T21:45:00+09:00,J2,401,373,774
2019-06-30T21:45:00+09:00,J3,370,345,715
2019-06-30T21:45:00+09:00,J4,635,551,1186
2019-06-30T21:45:00+09:00,J5,308,365,673
2019-06-30T22:00:00+09:00,J1,389,426,815
2019-06-30T22:00:00+09:00,J2,380,377,757
2019-06-30T22:00:00+09:00,J3,378,356,734
2019-06-30T22:00:00+09:00,J4,554,495,1049
2019-06-30T22:00:00+09:00,J5,317,337,654
2019-06-30T22:15:00+09:00,J1,389,433,822
2019-06-30T22:15:00+09:00,J2,394,373,767
2019-06-30T22:15:00+09:00,J3,427,434,861
2019-06-30T22:15:00+09:00,J4,635,638,1273
2019-06-30T22:15:00+09:00,J5,254,290,544
2019-06-30T22:30:00+09:00,J1,398,398,796
2019-06-30T22:30:00+09:00,J2,362,431,793
2019-06-30T22:30:00+09:00,J3,406,420,826
2019-06-30T22:30:00+09:00,J4,596,590,1186
2019-06-30T22:30:00+09:00,J5,299,305,604
2019-06-30T22:45:00+09:00,J1,329,382,711
2019-06-30T22:45:00+09:00,J2,402,445,847
2019-06-30T22:45:00+09:00,J3,444,455,899
2019-06-30T22:45:00+09:00,J4,676,727,1403
2019-06-30T22:45:00+09:00,J5,258,284,542
2019-06-30T23:00:00+09:00,J1,277,354,631
2019-06-30T23:00:00+09:00,J2,386,350,736
2019-06-30T23:00:00+09:00,J3,395,498,893
2019-06-30T23:00:00+09:00,J4,597,562,1159
2019-06-30T23:00:00+09:00,J5,257,275,532
2019-06-30T23:15:00+09:00,J1,338,330,668
2019-06-30T23:15:00+09:00,J2,369,371,740
2019-06-30T23:15:00+09:00,J3,480,449,929
2019-06-30T23:15:00+09:00,J4,599,698,1297
2019-06-30T23:15:00+09:00,J5,208,288,496
2019-06-30T23:30:00+09:00,J1,266,303,569
2019-06-30T23:30:00+09:00,J2,380,318,698
2019-06-30T23:30:00+09:00,J3,412,427,839
2019-06-30T23:30:00+09:00,J4,564,604,1168
2019-06-30T23:30:00+09:00,J5,239,238,477
2019-06-30T23:45:00+09:00,J1,237,305,542
2019-06-30T23:45:00+09:00,J2,304,266,570
2019-06-30T23:45:00+09:00,J3,411,368,779
2019-06-30T23:45:00+09:00,J4,602,618,1220
2019-06-30T23:45:00+09:00,J5,211,222,433
2019-07-01T00:00:00+09:00,J1,211,257,468
2019-07-01T00:00:00+09:00,J2,338,218,556
2019-07-01T00:00:00+09:00,J3,401,426,827
2019-07-01T00:00:00+09:00,J4,385,357,742
2019-07-01T00:00:00+09:00,J5,254,227,481
2019-07-01T00:15:00+09:00,J1,175,199,374
2019-07-01T00:15:00+09:00,J2,295,189,484
2019-07-01T00:15:00+09:00,J3,495,391,886
2019-07-01T00:15:00+09:00,J4,302,290,592
2019-07-01T00:15:00+09:00,J5,166,165,331
2019-07-01T00:30:00+09:00,J1,140,207,347
2019-07-01T00:30:00+09:00,J2,263,190,453
2019-07-01T00:30:00+09:00,J3,440,465,905
2019-07-01T00:30:00+09:00,J4,349,364,713
2019-07-01T00:30:00+09:00,J5,167,175,342
2019-07-01T00:45:00+09:00,J1,146,193,339
2019-07-01T00:45:00+09:00,J2,257,183,440
2019-07-01T00:45:00+09:00,J3,446,417,863
2019-07-01T00:45:00+09:00,J4,359,324,683
2019-07-01T00:45:00+09:00,J5,177,153,330
