日時,アレイ,札幌→大通り,大通り→札幌,合計
2020-02-01T05:45:00+09:00,J1,690,678,1368
2020-02-01T05:45:00+09:00,J2,536,572,1108
2020-02-01T05:45:00+09:00,J3,585,482,1067
2020-02-01T05:45:00+09:00,J4,898,796,1694
2020-02-01T05:45:00+09:00,J5,465,445,910
2020-02-01T06:00:00+09:00,J1,659,654,1313
2020-02-01T06:00:00+09:00,J2,543,639,1182
2020-02-01T06:00:00+09:00,J3,652,508,1160
2020-02-01T06:00:00+09:00,J4,847,753,1600
2020-02-01T06:00:00+09:00,J5,532,487,1019
2020-02-01T06:15:00+09:00,J1,641,691,1332
2020-02-01T06:15:00+09:00,J2,485,600,1085
2020-02-01T06:15:00+09:00,J3,647,442,1089
2020-02-01T06:15:00+09:00,J4,912,768,1680
2020-02-01T06:15:00+09:00,J5,504,508,1012
2020-02-01T06:30:00+09:00,J1,605,701,1306
2020-02-01T06:30:00+09:00,J2,549,544,1093
2020-02-01T06:30:00+09:00,J3,644,427,1071
2020-02-01T06:30:00+09:00,J4,911,743,1654
2020-02-01T06:30:00+09:00,J5,503,453,956
2020-02-01T06:45:00+09:00,J1,622,662,1284
2020-02-01T06:45:00+09:00,J2,504,527,1031
2020-02-01T06:45:00+09:00,J3,683,544,1227
2020-02-01T06:45:00+09:00,J4,884,773,1657
2020-02-01T06:45:00+09:00,J5,499,450,949
2020-02-01T07:00:00+09:00,J1,679,692,1371
2020-02-01T07:00:00+09:00,J2,525,555,1080
2020-02-01T07:00:00+09:00,J3,678,513,1191
2020-02-01T07:00:00+09:00,J4,887,801,1688
2020-02-01T07:00:00+09:00,J5,619,573,1192
2020-02-01T07:15:00+09:00,J1,720,729,1449
2020-02-01T07:15:00+09:00,J2,593,621,1214
2020-02-01T07:15:00+09:00,J3,626,470,1096
2020-02-01T07:15:00+09:00,J4,928,864,1792
2020-02-01T07:15:00+09:00,J5,548,500,1048
2020-02-01T07:30:00+09:00,J1,705,800,1505
2020-02-01T07:30:00+09:00,J2,636,620,1256
2020-02-01T07:30:00+09:00,J3,676,574,1250
2020-02-01T07:30:00+09:00,J4,945,857,1802
2020-02-01T07:30:00+09:00,J5,571,558,1129
2020-02-01T07:45:00+09:00,J1,723,727,1450
2020-02-01T07:45:00+09:00,J2,614,663,1277
2020-02-01T07:45:00+09:00,J3,712,584,1296
2020-02-01T07:45:00+09:00,J4,913,869,1782
2020-02-01T07:45:00+09:00,J5,646,594,1240
2020-02-01T08:00:00+09:00,J1,871,933,1804
2020-02-01T08:00:00+09:00,J2,834,783,1617
2020-02-01T08:00:00+09:00,J3,813,714,1527
2020-02-01T08:00:00+09:00,J4,844,855,1699
2020-02-01T08:00:00+09:00,J5,470,466,936
2020-02-01T08:15:00+09:00,J1,919,1061,1980
2020-02-01T08:15:00+09:00,J2,807,773,1580
2020-02-01T08:15:00+09:00,J3,847,686,1533
2020-02-01T08:15:00+09:00,J4,787,881,1668
2020-02-01T08:15:00+09:00,J5,604,589,1193
2020-02-01T08:30:00+09:00,J1,816,949,1765
2020-02-01T08:30:00+09:00,J2,809,764,1573
2020-02-01T08:30:00+09:00,J3,852,681,1533
2020-02-01T08:30:00+09:00,J4,748,857,1605
2020-02-01T08:30:00+09:00,J5,675,602,1277
2020-02-01T08:45:00+09:00,J1,816,919,1735
2020-02-01T08:45:00+09:00,J2,768,793,1561
2020-02-01T08:45:00+09:00,J3,892,712,1604
2020-02-01T08:45:00+09:00,J4,793,853,1646
2020-02-01T08:45:00+09:00,J5,498,529,1027
2020-02-01T09:00:00+09:00,J1,947,944,1891
2020-02-01T09:00:00+09:00,J2,1106,1001,2107
2020-02-01T09:00:00+09:00,J3,598,618,1216
2020-02-01T09:00:00+09:00,J4,896,861,1757
2020-02-01T09:00:00+09:00,J5,589,555,1144
2020-02-01T09:15:00+09:00,J1,918,883,1801
2020-02-01T09:15:00+09:00,J2,1126,1018,2144
2020-02-01T09:15:00+09:00,J3,696,637,1333
2020-02-01T09:15:00+09:00,J4,940,902,1842
2020-02-01T09:15:00+09:00,J5,400,443,843
2020-02-01T09:30:00+09:00,J1,872,899,1771
2020-02-01T09:30:00+09:00,J2,965,847,1812
2020-02-01T09:30:00+09:00,J3,711,788,1499
2020-02-01T09:30:00+09:00,J4,1040,966,2006
2020-02-01T09:30:00+09:00,J5,375,430,805
2020-02-01T09:45:00+09:00,J1,889,847,1736
2020-02-01T09:45:00+09:00,J2,873,798,1671
2020-02-01T09:45:00+09:00,J3,711,702,1413
2020-02-01T09:45:00+09:00,J4,897,866,1763
2020-02-01T09:45:00+09:00,J5,334,376,710
2020-02-01T10:00:00+09:00,J1,897,877,1774
2020-02-01T10:00:00+09:00,J2,757,756,1513
2020-02-01T10:00:00+09:00,J3,687,643,1330
2020-02-01T10:00:00+09:00,J4,798,759,1557
2020-02-01T10:00:00+09:00,J5,303,346,649
2020-02-01T10:15:00+09:00,J1,891,908,1799
2020-02-01T10:15:00+09:00,J2,697,753,1450
2020-02-01T10:15:00+09:00,J3,811,776,1587
2020-02-01T10:15:00+09:00,J4,691,794,1485
2020-02-01T10:15:00+09:00,J5,317,338,655
2020-02-01T10:30:00+09:00,J1,879,827,1706
2020-02-01T10:30:00+09:00,J2,717,783,1500
2020-02-01T10:30:00+09:00,J3,786,747,1533
2020-02-01T10:30:00+09:00,J4,616,725,1341
2020-02-01T10:30:00+09:00,J5,338,371,709
2020-02-01T10:45:00+09:00,J1,940,878,1818
2020-02-01T10:45:00+09:00,J2,694,731,1425
2020-02-01T10:45:00+09:00,J3,765,747,1512
2020-02-01T10:45:00+09:00,J4,675,748,1423
2020-02-01T10:45:00+09:00,J5,297,376,673
2020-02-01T11:00:00+09:00,J1,973,950,1923
2020-02-01T11:00:00+09:00,J2,759,797,1556
2020-02-01T11:00:00+09:00,J3,854,745,1599
2020-02-01T11:00:00+09:00,J4,645,836,1481
2020-02-01T11:00:00+09:00,J5,564,556,1120
2020-02-01T11:15:00+09:00,J1,920,1011,1931
2020-02-01T11:15:00+09:00,J2,683,715,1398
2020-02-01T11:15:00+09:00,J3,853,719,1572
2020-02-01T11:15:00+09:00,J4,659,774,1433
2020-02-01T11:15:00+09:00,J5,558,576,1134
2020-02-01T11:30:00+09:00,J1,931,1008,1939
2020-02-01T11:30:00+09:00,J2,751,687,1438
2020-02-01T11:30:00+09:00,J3,845,755,1600
2020-02-01T11:30:00+09:00,J4,673,789,1462
2020-02-01T11:30:00+09:00,J5,508,510,1018
2020-02-01T11:45:00+09:00,J1,919,1009,1928
2020-02-01T11:45:00+09:00,J2,686,594,1280
2020-02-01T11:45:00+09:00,J3,895,737,1632
2020-02-01T11:45:00+09:00,J4,715,843,1558
2020-02-01T11:45:00+09:00,J5,548,479,1027
2020-02-01T12:00:00+09:00,J1,943,1004,1947
2020-02-01T12:00:00+09:00,J2,759,617,1376
2020-02-01T12:00:00+09:00,J3,800,688,1488
2020-02-01T12:00:00+09:00,J4,660,786,1446
2020-02-01T12:00:00+09:00,J5,478,465,943
2020-02-01T12:15:00+09:00,J1,889,1003,1892
2020-02-01T12:15:00+09:00,J2,769,670,1439
2020-02-01T12:15:00+09:00,J3,825,663,1488
2020-02-01T12:15:00+09:00,J4,649,814,1463
2020-02-01T12:15:00+09:00,J5,469,493,962
2020-02-01T12:30:00+09:00,J1,897,976,1873
2020-02-01T12:30:00+09:00,J2,752,589,1341
2020-02-01T12:30:00+09:00,J3,848,794,1642
2020-02-01T12:30:00+09:00,J4,717,894,1611
2020-02-01T12:30:00+09:00,J5,505,482,987
2020-02-01T12:45:00+09:00,J1,837,939,1776
2020-02-01T12:45:00+09:00,J2,759,628,1387
2020-02-01T12:45:00+09:00,J3,908,906,1814
2020-02-01T12:45:00+09:00,J4,822,893,1715
2020-02-01T12:45:00+09:00,J5,518,469,987
2020-02-01T13:00:00+09:00,J1,901,978,1879
2020-02-01T13:00:00+09:00,J2,911,841,1752
2020-02-01T13:00:00+09:00,J3,924,888,1812
2020-02-01T13:00:00+09:00,J4,696,851,1547
2020-02-01T13:00:00+09:00,J5,525,456,981
2020-02-01T13:15:00+09:00,J1,885,984,1869
2020-02-01T13:15:00+09:00,J2,854,885,1739
2020-02-01T13:15:00+09:00,J3,953,884,1837
2020-02-01T13:15:00+09:00,J4,708,860,1568
2020-02-01T13:15:00+09:00,J5,560,495,1055
2020-02-01T13:30:00+09:00,J1,936,1037,1973
2020-02-01T13:30:00+09:00,J2,792,848,1640
2020-02-01T13:30:00+09:00,J3,900,898,1798
2020-02-01T13:30:00+09:00,J4,636,840,1476
2020-02-01T13:30:00+09:00,J5,501,486,987
2020-02-01T13:45:00+09:00,J1,899,979,1878
2020-02-01T13:45:00+09:00,J2,769,797,1566
2020-02-01T13:45:00+09:00,J3,943,862,1805
2020-02-01T13:45:00+09:00,J4,732,851,1583
2020-02-01T13:45:00+09:00,J5,563,489,1052
2020-02-01T14:00:00+09:00,J1,862,915,1777
2020-02-01T14:00:00+09:00,J2,845,889,1734
2020-02-01T14:00:00+09:00,J3,936,810,1746
2020-02-01T14:00:00+09:00,J4,721,768,1489
2020-02-01T14:00:00+09:00,J5,550,490,1040
2020-02-01T14:15:00+09:00,J1,880,988,1868
2020-02-01T14:15:00+09:00,J2,899,821,1720
2020-02-01T14:15:00+09:00,J3,977,846,1823
2020-02-01T14:15:00+09:00,J4,657,792,1449
2020-02-01T14:15:00+09:00,J5,543,480,1023
2020-02-01T14:30:00+09:00,J1,911,988,1899
2020-02-01T14:30:00+09:00,J2,955,752,1707
2020-02-01T14:30:00+09:00,J3,971,857,1828
2020-02-01T14:30:00+09:00,J4,687,747,1434
2020-02-01T14:30:00+09:00,J5,537,482,1019
2020-02-01T14:45:00+09:00,J1,920,1011,1931
2020-02-01T14:45:00+09:00,J2,774,821,1595
2020-02-01T14:45:00+09:00,J3,989,787,1776
2020-02-01T14:45:00+09:00,J4,666,758,1424
2020-02-01T14:45:00+09:00,J5,472,439,911
2020-02-01T15:00:00+09:00,J1,891,980,1871
2020-02-01T15:00:00+09:00,J2,762,854,1616
2020-02-01T15:00:00+09:00,J3,963,846,1809
2020-02-01T15:00:00+09:00,J4,728,830,1558
2020-02-01T15:00:00+09:00,J5,532,479,1011
2020-02-01T15:15:00+09:00,J1,938,1033,1971
2020-02-01T15:15:00+09:00,J2,723,873,1596
2020-02-01T15:15:00+09:00,J3,982,850,1832
2020-02-01T15:15:00+09:00,J4,715,736,1451
2020-02-01T15:15:00+09:00,J5,571,516,1087
2020-02-01T15:30:00+09:00,J1,866,967,1833
2020-02-01T15:30:00+09:00,J2,799,887,1686
2020-02-01T15:30:00+09:00,J3,968,879,1847
2020-02-01T15:30:00+09:00,J4,724,814,1538
2020-02-01T15:30:00+09:00,J5,539,502,1041
2020-02-01T15:45:00+09:00,J1,881,1010,1891
2020-02-01T15:45:00+09:00,J2,730,824,1554
2020-02-01T15:45:00+09:00,J3,1007,786,1793
2020-02-01T15:45:00+09:00,J4,729,839,1568
2020-02-01T15:45:00+09:00,J5,558,576,1134
2020-02-01T16:00:00+09:00,J1,914,971,1885
2020-02-01T16:00:00+09:00,J2,779,842,1621
2020-02-01T16:00:00+09:00,J3,1001,746,1747
2020-02-01T16:00:00+09:00,J4,720,775,1495
2020-02-01T16:00:00+09:00,J5,620,552,1172
2020-02-01T16:15:00+09:00,J1,916,939,1855
2020-02-01T16:15:00+09:00,J2,946,895,1841
2020-02-01T16:15:00+09:00,J3,1082,859,1941
2020-02-01T16:15:00+09:00,J4,700,792,1492
2020-02-01T16:15:00+09:00,J5,593,582,1175
2020-02-01T16:30:00+09:00,J1,838,986,1824
2020-02-01T16:30:00+09:00,J2,886,853,1739
2020-02-01T16:30:00+09:00,J3,1045,900,1945
2020-02-01T16:30:00+09:00,J4,781,800,1581
2020-02-01T16:30:00+09:00,J5,605,583,1188
2020-02-01T16:45:00+09:00,J1,927,971,1898
2020-02-01T16:45:00+09:00,J2,898,868,1766
2020-02-01T16:45:00+09:00,J3,985,964,1949
2020-02-01T16:45:00+09:00,J4,794,818,1612
2020-02-01T16:45:00+09:00,J5,604,603,1207
2020-02-01T17:00:00+09:00,J1,864,954,1818
2020-02-01T17:00:00+09:00,J2,897,919,1816
2020-02-01T17:00:00+09:00,J3,1035,743,1778
2020-02-01T17:00:00+09:00,J4,974,973,1947
2020-02-01T17:00:00+09:00,J5,582,553,1135
2020-02-01T17:15:00+09:00,J1,892,935,1827
2020-02-01T17:15:00+09:00,J2,945,930,1875
2020-02-01T17:15:00+09:00,J3,1086,850,1936
2020-02-01T17:15:00+09:00,J4,969,971,1940
2020-02-01T17:15:00+09:00,J5,548,511,1059
2020-02-01T17:30:00+09:00,J1,879,954,1833
2020-02-01T17:30:00+09:00,J2,924,916,1840
2020-02-01T17:30:00+09:00,J3,1123,880,2003
2020-02-01T17:30:00+09:00,J4,1078,970,2048
2020-02-01T17:30:00+09:00,J5,584,621,1205
2020-02-01T17:45:00+09:00,J1,937,916,1853
2020-02-01T17:45:00+09:00,J2,784,867,1651
2020-02-01T17:45:00+09:00,J3,1046,953,1999
2020-02-01T17:45:00+09:00,J4,1084,952,2036
2020-02-01T17:45:00+09:00,J5,642,597,1239
2020-02-01T18:00:00+09:00,J1,888,977,1865
2020-02-01T18:00:00+09:00,J2,934,795,1729
2020-02-01T18:00:00+09:00,J3,1086,813,1899
2020-02-01T18:00:00+09:00,J4,1018,929,1947
2020-02-01T18:00:00+09:00,J5,614,632,1246
2020-02-01T18:15:00+09:00,J1,895,958,1853
2020-02-01T18:15:00+09:00,J2,852,826,1678
2020-02-01T18:15:00+09:00,J3,1011,843,1854
2020-02-01T18:15:00+09:00,J4,656,689,1345
2020-02-01T18:15:00+09:00,J5,623,621,1244
2020-02-01T18:30:00+09:00,J1,971,964,1935
2020-02-01T18:30:00+09:00,J2,859,856,1715
2020-02-01T18:30:00+09:00,J3,974,743,1717
2020-02-01T18:30:00+09:00,J4,624,616,1240
2020-02-01T18:30:00+09:00,J5,585,581,1166
2020-02-01T18:45:00+09:00,J1,893,942,1835
2020-02-01T18:45:00+09:00,J2,763,743,1506
2020-02-01T18:45:00+09:00,J3,866,709,1575
2020-02-01T18:45:00+09:00,J4,691,720,1411
2020-02-01T18:45:00+09:00,J5,496,602,1098
2020-02-01T19:00:00+09:00,J1,793,905,1698
2020-02-01T19:00:00+09:00,J2,727,611,1338
2020-02-01T19:00:00+09:00,J3,832,785,1617
2020-02-01T19:00:00+09:00,J4,691,767,1458
2020-02-01T19:00:00+09:00,J5,421,510,931
2020-02-01T19:15:00+09:00,J1,885,855,1740
2020-02-01T19:15:00+09:00,J2,605,597,1202
2020-02-01T19:15:00+09:00,J3,822,721,1543
2020-02-01T19:15:00+09:00,J4,674,833,1507
2020-02-01T19:15:00+09:00,J5,481,488,969
2020-02-01T19:30:00+09:00,J1,810,875,1685
2020-02-01T19:30:00+09:00,J2,641,559,1200
2020-02-01T19:30:00+09:00,J3,850,762,1612
2020-02-01T19:30:00+09:00,J4,808,819,1627
2020-02-01T19:30:00+09:00,J5,396,413,809
2020-02-01T19:45:00+09:00,J1,827,923,1750
2020-02-01T19:45:00+09:00,J2,611,566,1177
2020-02-01T19:45:00+09:00,J3,734,771,1505
2020-02-01T19:45:00+09:00,J4,734,824,1558
2020-02-01T19:45:00+09:00,J5,427,438,865
2020-02-01T20:00:00+09:00,J1,745,856,1601
2020-02-01T20:00:00+09:00,J2,630,544,1174
2020-02-01T20:00:00+09:00,J3,741,710,1451
2020-02-01T20:00:00+09:00,J4,621,767,1388
2020-02-01T20:00:00+09:00,J5,406,394,800
2020-02-01T20:15:00+09:00,J1,821,833,1654
2020-02-01T20:15:00+09:00,J2,603,531,1134
2020-02-01T20:15:00+09:00,J3,765,753,1518
2020-02-01T20:15:00+09:00,J4,698,718,1416
2020-02-01T20:15:00+09:00,J5,388,445,833
2020-02-01T20:30:00+09:00,J1,806,869,1675
2020-02-01T20:30:00+09:00,J2,574,513,1087
2020-02-01T20:30:00+09:00,J3,798,711,1509
2020-02-01T20:30:00+09:00,J4,675,690,1365
2020-02-01T20:30:00+09:00,J5,388,387,775
2020-02-01T20:45:00+09:00,J1,822,865,1687
2020-02-01T20:45:00+09:00,J2,688,574,1262
2020-02-01T20:45:00+09:00,J3,813,704,1517
2020-02-01T20:45:00+09:00,J4,745,773,1518
2020-02-01T20:45:00+09:00,J5,348,341,689
2020-02-01T21:00:00+09:00,J1,793,904,1697
2020-02-01T21:00:00+09:00,J2,697,668,1365
2020-02-01T21:00:00+09:00,J3,774,628,1402
2020-02-01T21:00:00+09:00,J4,782,851,1633
2020-02-01T21:00:00+09:00,J5,296,333,629
2020-02-01T21:15:00+09:00,J1,831,850,1681
2020-02-01T21:15:00+09:00,J2,723,735,1458
2020-02-01T21:15:00+09:00,J3,746,533,1279
2020-02-01T21:15:00+09:00,J4,764,856,1620
2020-02-01T21:15:00+09:00,J5,315,375,690
2020-02-01T21:30:00+09:00,J1,742,850,1592
2020-02-01T21:30:00+09:00,J2,718,718,1436
2020-02-01T21:30:00+09:00,J3,616,558,1174
2020-02-01T21:30:00+09:00,J4,778,830,1608
2020-02-01T21:30:00+09:00,J5,293,354,647
2020-02-01T21:45:00+09:00,J1,757,818,1575
2020-02-01T21:45:00+09:00,J2,742,693,1435
2020-02-01T21:45:00+09:00,J3,663,600,1263
2020-02-01T21:45:00+09:00,J4,788,843,1631
2020-02-01T21:45:00+09:00,J5,293,339,632
2020-02-01T22:00:00+09:00,J1,757,838,1595
2020-02-01T22:00:00+09:00,J2,815,803,1618
2020-02-01T22:00:00+09:00,J3,621,535,1156
2020-02-01T22:00:00+09:00,J4,721,834,1555
2020-02-01T22:00:00+09:00,J5,292,343,635
2020-02-01T22:15:00+09:00,J1,749,794,1543
2020-02-01T22:15:00+09:00,J2,798,711,1509
2020-02-01T22:15:00+09:00,J3,602,576,1178
2020-02-01T22:15:00+09:00,J4,696,823,1519
2020-02-01T22:15:00+09:00,J5,303,330,633
2020-02-01T22:30:00+09:00,J1,749,845,1594
2020-02-01T22:30:00+09:00,J2,797,807,1604
2020-02-01T22:30:00+09:00,J3,566,556,1122
2020-02-01T22:30:00+09:00,J4,670,858,1528
2020-02-01T22:30:00+09:00,J5,310,287,597
2020-02-01T22:45:00+09:00,J1,759,796,1555
2020-02-01T22:45:00+09:00,J2,784,735,1519
2020-02-01T22:45:00+09:00,J3,547,622,1169
2020-02-01T22:45:00+09:00,J4,785,851,1636
2020-02-01T22:45:00+09:00,J5,357,358,715
2020-02-01T23:00:00+09:00,J1,760,839,1599
2020-02-01T23:00:00+09:00,J2,781,785,1566
2020-02-01T23:00:00+09:00,J3,709,675,1384
2020-02-01T23:00:00+09:00,J4,709,863,1572
2020-02-01T23:00:00+09:00,J5,383,284,667
2020-02-01T23:15:00+09:00,J1,758,782,1540
2020-02-01T23:15:00+09:00,J2,778,733,1511
2020-02-01T23:15:00+09:00,J3,647,637,1284
2020-02-01T23:15:00+09:00,J4,717,837,1554
2020-02-01T23:15:00+09:00,J5,408,308,716
2020-02-01T23:30:00+09:00,J1,709,782,1491
2020-02-01T23:30:00+09:00,J2,789,722,1511
2020-02-01T23:30:00+09:00,J3,560,589,1149
2020-02-01T23:30:00+09:00,J4,697,871,1568
2020-02-01T23:30:00+09:00,J5,399,341,740
2020-02-01T23:45:00+09:00,J1,716,817,1533
2020-02-01T23:45:00+09:00,J2,677,644,1321
2020-02-01T23:45:00+09:00,J3,449,495,944
2020-02-01T23:45:00+09:00,J4,618,792,1410
2020-02-01T23:45:00+09:00,J5,354,314,668
2020-02-02T00:00:00+09:00,J1,619,744,1363
2020-02-02T00:00:00+09:00,J2,791,674,1465
2020-02-02T00:00:00+09:00,J3,447,514,961
2020-02-02T00:00:00+09:00,J4,537,603,1140
2020-02-02T00:00:00+09:00,J5,437,376,813
2020-02-02T00:15:00+09:00,J1,550,606,1156
2020-02-02T00:15:00+09:00,J2,661,650,1311
2020-02-02T00:15:00+09:00,J3,570,558,1128
2020-02-02T00:15:00+09:00,J4,502,545,1047
2020-02-02T00:15:00+09:00,J5,536,505,1041
2020-02-02T00:30:00+09:00,J1,404,471,875
2020-02-02T00:30:00+09:00,J2,704,685,1389
2020-02-02T00:30:00+09:00,J3,555,584,1139
2020-02-02T00:30:00+09:00,J4,627,664,1291
2020-02-02T00:30:00+09:00,J5,487,556,1043
2020-02-02T00:45:00+09:00,J1,545,474,1019
2020-02-02T00:45:00+09:00,J2,711,644,1355
2020-02-02T00:45:00+09:00,J3,548,534,1082
2020-02-02T00:45:00+09:00,J4,681,689,1370
2020-02-02T00:45:00+09:00,J5,477,440,917
2020-02-02T05:45:00+09:00,J1,566,655,1221
2020-02-02T05:45:00+09:00,J2,480,594,1074
2020-02-02T05:45:00+09:00,J3,592,467,1059
2020-02-02T05:45:00+09:00,J4,676,801,1477
2020-02-02T05:45:00+09:00,J5,498,511,1009
2020-02-02T06:00:00+09:00,J1,627,654,1281
2020-02-02T06:00:00+09:00,J2,566,649,1215
2020-02-02T06:00:00+09:00,J3,691,508,1199
2020-02-02T06:00:00+09:00,J4,763,809,1572
2020-02-02T06:00:00+09:00,J5,544,537,1081
2020-02-02T06:15:00+09:00,J1,589,614,1203
2020-02-02T06:15:00+09:00,J2,579,713,1292
2020-02-02T06:15:00+09:00,J3,697,493,1190
2020-02-02T06:15:00+09:00,J4,727,774,1501
2020-02-02T06:15:00+09:00,J5,537,541,1078
2020-02-02T06:30:00+09:00,J1,585,658,1243
2020-02-02T06:30:00+09:00,J2,554,635,1189
2020-02-02T06:30:00+09:00,J3,579,463,1042
2020-02-02T06:30:00+09:00,J4,762,746,1508
2020-02-02T06:30:00+09:00,J5,576,536,1112
2020-02-02T06:45:00+09:00,J1,670,595,1265
2020-02-02T06:45:00+09:00,J2,483,574,1057
2020-02-02T06:45:00+09:00,J3,668,490,1158
2020-02-02T06:45:00+09:00,J4,773,850,1623
2020-02-02T06:45:00+09:00,J5,556,497,1053
2020-02-02T07:00:00+09:00,J1,625,676,1301
2020-02-02T07:00:00+09:00,J2,573,588,1161
2020-02-02T07:00:00+09:00,J3,613,484,1097
2020-02-02T07:00:00+09:00,J4,807,846,1653
2020-02-02T07:00:00+09:00,J5,550,487,1037
2020-02-02T07:15:00+09:00,J1,607,767,1374
2020-02-02T07:15:00+09:00,J2,564,620,1184
2020-02-02T07:15:00+09:00,J3,628,533,1161
2020-02-02T07:15:00+09:00,J4,881,840,1721
2020-02-02T07:15:00+09:00,J5,598,555,1153
2020-02-02T07:30:00+09:00,J1,683,838,1521
2020-02-02T07:30:00+09:00,J2,558,658,1216
2020-02-02T07:30:00+09:00,J3,634,513,1147
2020-02-02T07:30:00+09:00,J4,834,893,1727
2020-02-02T07:30:00+09:00,J5,615,618,1233
2020-02-02T07:45:00+09:00,J1,693,806,1499
2020-02-02T07:45:00+09:00,J2,598,641,1239
2020-02-02T07:45:00+09:00,J3,606,510,1116
2020-02-02T07:45:00+09:00,J4,786,902,1688
2020-02-02T07:45:00+09:00,J5,602,592,1194
2020-02-02T08:00:00+09:00,J1,828,934,1762
2020-02-02T08:00:00+09:00,J2,828,750,1578
2020-02-02T08:00:00+09:00,J3,834,776,1610
2020-02-02T08:00:00+09:00,J4,841,834,1675
2020-02-02T08:00:00+09:00,J5,458,487,945
2020-02-02T08:15:00+09:00,J1,826,959,1785
2020-02-02T08:15:00+09:00,J2,865,792,1657
2020-02-02T08:15:00+09:00,J3,885,708,1593
2020-02-02T08:15:00+09:00,J4,817,925,1742
2020-02-02T08:15:00+09:00,J5,665,653,1318
2020-02-02T08:30:00+09:00,J1,855,882,1737
2020-02-02T08:30:00+09:00,J2,761,763,1524
2020-02-02T08:30:00+09:00,J3,823,709,1532
2020-02-02T08:30:00+09:00,J4,826,833,1659
2020-02-02T08:30:00+09:00,J5,714,649,1363
2020-02-02T08:45:00+09:00,J1,818,936,1754
2020-02-02T08:45:00+09:00,J2,768,769,1537
2020-02-02T08:45:00+09:00,J3,866,736,1602
2020-02-02T08:45:00+09:00,J4,788,817,1605
2020-02-02T08:45:00+09:00,J5,589,560,1149
2020-02-02T09:00:00+09:00,J1,962,922,1884
2020-02-02T09:00:00+09:00,J2,1078,963,2041
2020-02-02T09:00:00+09:00,J3,612,614,1226
2020-02-02T09:00:00+09:00,J4,786,830,1616
2020-02-02T09:00:00+09:00,J5,576,547,1123
2020-02-02T09:15:00+09:00,J1,911,891,1802
2020-02-02T09:15:00+09:00,J2,1093,983,2076
2020-02-02T09:15:00+09:00,J3,666,561,1227
2020-02-02T09:15:00+09:00,J4,768,747,1515
2020-02-02T09:15:00+09:00,J5,353,446,799
2020-02-02T09:30:00+09:00,J1,905,955,1860
2020-02-02T09:30:00+09:00,J2,1015,963,1978
2020-02-02T09:30:00+09:00,J3,689,682,1371
2020-02-02T09:30:00+09:00,J4,812,853,1665
2020-02-02T09:30:00+09:00,J5,334,391,725
2020-02-02T09:45:00+09:00,J1,947,898,1845
2020-02-02T09:45:00+09:00,J2,999,921,1920
2020-02-02T09:45:00+09:00,J3,723,706,1429
2020-02-02T09:45:00+09:00,J4,725,770,1495
2020-02-02T09:45:00+09:00,J5,333,309,642
2020-02-02T10:00:00+09:00,J1,881,815,1696
2020-02-02T10:00:00+09:00,J2,873,816,1689
2020-02-02T10:00:00+09:00,J3,672,679,1351
2020-02-02T10:00:00+09:00,J4,663,715,1378
2020-02-02T10:00:00+09:00,J5,293,332,625
2020-02-02T10:15:00+09:00,J1,973,966,1939
2020-02-02T10:15:00+09:00,J2,905,854,1759
2020-02-02T10:15:00+09:00,J3,753,801,1554
2020-02-02T10:15:00+09:00,J4,690,778,1468
2020-02-02T10:15:00+09:00,J5,338,334,672
2020-02-02T10:30:00+09:00,J1,925,923,1848
2020-02-02T10:30:00+09:00,J2,692,675,1367
2020-02-02T10:30:00+09:00,J3,699,760,1459
2020-02-02T10:30:00+09:00,J4,702,777,1479
2020-02-02T10:30:00+09:00,J5,331,365,696
2020-02-02T10:45:00+09:00,J1,945,850,1795
2020-02-02T10:45:00+09:00,J2,646,606,1252
2020-02-02T10:45:00+09:00,J3,716,740,1456
2020-02-02T10:45:00+09:00,J4,686,839,1525
2020-02-02T10:45:00+09:00,J5,293,317,610
2020-02-02T11:00:00+09:00,J1,971,1009,1980
2020-02-02T11:00:00+09:00,J2,582,659,1241
2020-02-02T11:00:00+09:00,J3,733,642,1375
2020-02-02T11:00:00+09:00,J4,698,864,1562
2020-02-02T11:00:00+09:00,J5,484,564,1048
2020-02-02T11:15:00+09:00,J1,931,1035,1966
2020-02-02T11:15:00+09:00,J2,611,720,1331
2020-02-02T11:15:00+09:00,J3,799,738,1537
2020-02-02T11:15:00+09:00,J4,694,899,1593
2020-02-02T11:15:00+09:00,J5,540,530,1070
2020-02-02T11:30:00+09:00,J1,962,1001,1963
2020-02-02T11:30:00+09:00,J2,586,567,1153
2020-02-02T11:30:00+09:00,J3,830,736,1566
2020-02-02T11:30:00+09:00,J4,672,836,1508
2020-02-02T11:30:00+09:00,J5,511,446,957
2020-02-02T11:45:00+09:00,J1,940,1006,1946
2020-02-02T11:45:00+09:00,J2,663,560,1223
2020-02-02T11:45:00+09:00,J3,787,722,1509
2020-02-02T11:45:00+09:00,J4,613,771,1384
2020-02-02T11:45:00+09:00,J5,462,410,872
2020-02-02T12:00:00+09:00,J1,980,1010,1990
2020-02-02T12:00:00+09:00,J2,654,648,1302
2020-02-02T12:00:00+09:00,J3,724,749,1473
2020-02-02T12:00:00+09:00,J4,591,716,1307
2020-02-02T12:00:00+09:00,J5,447,416,863
2020-02-02T12:15:00+09:00,J1,940,950,1890
2020-02-02T12:15:00+09:00,J2,903,782,1685
2020-02-02T12:15:00+09:00,J3,734,656,1390
2020-02-02T12:15:00+09:00,J4,665,727,1392
2020-02-02T12:15:00+09:00,J5,494,435,929
2020-02-02T12:30:00+09:00,J1,842,876,1718
2020-02-02T12:30:00+09:00,J2,877,820,1697
2020-02-02T12:30:00+09:00,J3,614,664,1278
2020-02-02T12:30:00+09:00,J4,613,700,1313
2020-02-02T12:30:00+09:00,J5,464,456,920
2020-02-02T12:45:00+09:00,J1,788,884,1672
2020-02-02T12:45:00+09:00,J2,776,777,1553
2020-02-02T12:45:00+09:00,J3,620,813,1433
2020-02-02T12:45:00+09:00,J4,629,730,1359
2020-02-02T12:45:00+09:00,J5,436,392,828
2020-02-02T13:00:00+09:00,J1,838,940,1778
2020-02-02T13:00:00+09:00,J2,733,765,1498
2020-02-02T13:00:00+09:00,J3,738,837,1575
2020-02-02T13:00:00+09:00,J4,515,669,1184
2020-02-02T13:00:00+09:00,J5,456,459,915
2020-02-02T13:15:00+09:00,J1,861,929,1790
2020-02-02T13:15:00+09:00,J2,825,728,1553
2020-02-02T13:15:00+09:00,J3,798,822,1620
2020-02-02T13:15:00+09:00,J4,609,752,1361
2020-02-02T13:15:00+09:00,J5,441,469,910
2020-02-02T13:30:00+09:00,J1,886,985,1871
2020-02-02T13:30:00+09:00,J2,836,686,1522
2020-02-02T13:30:00+09:00,J3,626,814,1440
2020-02-02T13:30:00+09:00,J4,566,700,1266
2020-02-02T13:30:00+09:00,J5,447,393,840
2020-02-02T13:45:00+09:00,J1,865,941,1806
2020-02-02T13:45:00+09:00,J2,788,819,1607
2020-02-02T13:45:00+09:00,J3,698,814,1512
2020-02-02T13:45:00+09:00,J4,573,731,1304
2020-02-02T13:45:00+09:00,J5,443,414,857
2020-02-02T14:00:00+09:00,J1,853,960,1813
2020-02-02T14:00:00+09:00,J2,731,725,1456
2020-02-02T14:00:00+09:00,J3,641,727,1368
2020-02-02T14:00:00+09:00,J4,624,754,1378
2020-02-02T14:00:00+09:00,J5,430,433,863
2020-02-02T14:15:00+09:00,J1,828,926,1754
2020-02-02T14:15:00+09:00,J2,823,758,1581
2020-02-02T14:15:00+09:00,J3,678,727,1405
2020-02-02T14:15:00+09:00,J4,550,700,1250
2020-02-02T14:15:00+09:00,J5,442,407,849
2020-02-02T14:30:00+09:00,J1,847,957,1804
2020-02-02T14:30:00+09:00,J2,779,843,1622
2020-02-02T14:30:00+09:00,J3,755,821,1576
2020-02-02T14:30:00+09:00,J4,527,684,1211
2020-02-02T14:30:00+09:00,J5,461,466,927
2020-02-02T14:45:00+09:00,J1,857,947,1804
2020-02-02T14:45:00+09:00,J2,791,821,1612
2020-02-02T14:45:00+09:00,J3,641,753,1394
2020-02-02T14:45:00+09:00,J4,570,685,1255
2020-02-02T14:45:00+09:00,J5,460,423,883
2020-02-02T15:00:00+09:00,J1,850,1017,1867
2020-02-02T15:00:00+09:00,J2,787,710,1497
2020-02-02T15:00:00+09:00,J3,709,744,1453
2020-02-02T15:00:00+09:00,J4,529,630,1159
2020-02-02T15:00:00+09:00,J5,477,508,985
2020-02-02T15:15:00+09:00,J1,863,931,1794
2020-02-02T15:15:00+09:00,J2,681,704,1385
2020-02-02T15:15:00+09:00,J3,845,800,1645
2020-02-02T15:15:00+09:00,J4,610,665,1275
2020-02-02T15:15:00+09:00,J5,493,520,1013
2020-02-02T15:30:00+09:00,J1,847,945,1792
2020-02-02T15:30:00+09:00,J2,703,777,1480
2020-02-02T15:30:00+09:00,J3,786,822,1608
2020-02-02T15:30:00+09:00,J4,528,716,1244
2020-02-02T15:30:00+09:00,J5,424,432,856
2020-02-02T15:45:00+09:00,J1,873,996,1869
2020-02-02T15:45:00+09:00,J2,752,796,1548
2020-02-02T15:45:00+09:00,J3,785,841,1626
2020-02-02T15:45:00+09:00,J4,612,663,1275
2020-02-02T15:45:00+09:00,J5,489,487,976
2020-02-02T16:00:00+09:00,J1,871,976,1847
2020-02-02T16:00:00+09:00,J2,748,781,1529
2020-02-02T16:00:00+09:00,J3,907,727,1634
2020-02-02T16:00:00+09:00,J4,631,600,1231
2020-02-02T16:00:00+09:00,J5,488,487,975
2020-02-02T16:15:00+09:00,J1,869,1015,1884
2020-02-02T16:15:00+09:00,J2,824,760,1584
2020-02-02T16:15:00+09:00,J3,960,712,1672
2020-02-02T16:15:00+09:00,J4,657,644,1301
2020-02-02T16:15:00+09:00,J5,487,496,983
2020-02-02T16:30:00+09:00,J1,863,996,1859
2020-02-02T16:30:00+09:00,J2,731,809,1540
2020-02-02T16:30:00+09:00,J3,946,671,1617
2020-02-02T16:30:00+09:00,J4,670,705,1375
2020-02-02T16:30:00+09:00,J5,484,413,897
2020-02-02T16:45:00+09:00,J1,906,941,1847
2020-02-02T16:45:00+09:00,J2,689,774,1463
2020-02-02T16:45:00+09:00,J3,963,710,1673
2020-02-02T16:45:00+09:00,J4,534,696,1230
2020-02-02T16:45:00+09:00,J5,470,461,931
2020-02-02T17:00:00+09:00,J1,929,1004,1933
2020-02-02T17:00:00+09:00,J2,761,817,1578
2020-02-02T17:00:00+09:00,J3,891,844,1735
2020-02-02T17:00:00+09:00,J4,710,826,1536
2020-02-02T17:00:00+09:00,J5,482,486,968
2020-02-02T17:15:00+09:00,J1,942,1032,1974
2020-02-02T17:15:00+09:00,J2,727,795,1522
2020-02-02T17:15:00+09:00,J3,892,799,1691
2020-02-02T17:15:00+09:00,J4,812,879,1691
2020-02-02T17:15:00+09:00,J5,482,481,963
2020-02-02T17:30:00+09:00,J1,931,1007,1938
2020-02-02T17:30:00+09:00,J2,774,737,1511
2020-02-02T17:30:00+09:00,J3,721,673,1394
2020-02-02T17:30:00+09:00,J4,880,814,1694
2020-02-02T17:30:00+09:00,J5,488,460,948
2020-02-02T17:45:00+09:00,J1,975,1028,2003
2020-02-02T17:45:00+09:00,J2,693,785,1478
2020-02-02T17:45:00+09:00,J3,842,783,1625
2020-02-02T17:45:00+09:00,J4,912,832,1744
2020-02-02T17:45:00+09:00,J5,564,553,1117
2020-02-02T18:00:00+09:00,J1,951,1046,1997
2020-02-02T18:00:00+09:00,J2,821,739,1560
2020-02-02T18:00:00+09:00,J3,705,688,1393
2020-02-02T18:00:00+09:00,J4,783,795,1578
2020-02-02T18:00:00+09:00,J5,521,487,1008
2020-02-02T18:15:00+09:00,J1,961,1045,2006
2020-02-02T18:15:00+09:00,J2,818,789,1607
2020-02-02T18:15:00+09:00,J3,681,635,1316
2020-02-02T18:15:00+09:00,J4,592,614,1206
2020-02-02T18:15:00+09:00,J5,554,523,1077
2020-02-02T18:30:00+09:00,J1,876,920,1796
2020-02-02T18:30:00+09:00,J2,683,757,1440
2020-02-02T18:30:00+09:00,J3,787,711,1498
2020-02-02T18:30:00+09:00,J4,544,564,1108
2020-02-02T18:30:00+09:00,J5,591,520,1111
2020-02-02T18:45:00+09:00,J1,894,915,1809
2020-02-02T18:45:00+09:00,J2,671,714,1385
2020-02-02T18:45:00+09:00,J3,723,680,1403
2020-02-02T18:45:00+09:00,J4,592,677,1269
2020-02-02T18:45:00+09:00,J5,532,531,1063
2020-02-02T19:00:00+09:00,J1,804,814,1618
2020-02-02T19:00:00+09:00,J2,586,624,1210
2020-02-02T19:00:00+09:00,J3,747,681,1428
2020-02-02T19:00:00+09:00,J4,657,724,1381
2020-02-02T19:00:00+09:00,J5,463,512,975
2020-02-02T19:15:00+09:00,J1,823,855,1678
2020-02-02T19:15:00+09:00,J2,528,626,1154
2020-02-02T19:15:00+09:00,J3,684,640,1324
2020-02-02T19:15:00+09:00,J4,619,721,1340
2020-02-02T19:15:00+09:00,J5,442,504,946
2020-02-02T19:30:00+09:00,J1,783,833,1616
2020-02-02T19:30:00+09:00,J2,531,538,1069
2020-02-02T19:30:00+09:00,J3,707,685,1392
2020-02-02T19:30:00+09:00,J4,813,857,1670
2020-02-02T19:30:00+09:00,J5,399,442,841
2020-02-02T19:45:00+09:00,J1,838,798,1636
2020-02-02T19:45:00+09:00,J2,541,522,1063
2020-02-02T19:45:00+09:00,J3,689,665,1354
2020-02-02T19:45:00+09:00,J4,796,826,1622
2020-02-02T19:45:00+09:00,J5,394,454,848
2020-02-02T20:00:00+09:00,J1,793,844,1637
2020-02-02T20:00:00+09:00,J2,489,504,993
2020-02-02T20:00:00+09:00,J3,559,562,1121
2020-02-02T20:00:00+09:00,J4,683,775,1458
2020-02-02T20:00:00+09:00,J5,364,383,747
2020-02-02T20:15:00+09:00,J1,843,856,1699
2020-02-02T20:15:00+09:00,J2,625,591,1216
2020-02-02T20:15:00+09:00,J3,601,677,1278
2020-02-02T20:15:00+09:00,J4,655,678,1333
2020-02-02T20:15:00+09:00,J5,405,416,821
2020-02-02T20:30:00+09:00,J1,773,839,1612
2020-02-02T20:30:00+09:00,J2,506,448,954
2020-02-02T20:30:00+09:00,J3,664,688,1352
2020-02-02T20:30:00+09:00,J4,690,724,1414
2020-02-02T20:30:00+09:00,J5,384,421,805
2020-02-02T20:45:00+09:00,J1,770,825,1595
2020-02-02T20:45:00+09:00,J2,512,506,1018
2020-02-02T20:45:00+09:00,J3,713,630,1343
2020-02-02T20:45:00+09:00,J4,608,631,1239
2020-02-02T20:45:00+09:00,J5,391,348,739
2020-02-02T21:00:00+09:00,J1,737,864,1601
2020-02-02T21:00:00+09:00,J2,555,626,1181
2020-02-02T21:00:00+09:00,J3,676,616,1292
2020-02-02T21:00:00+09:00,J4,674,765,1439
2020-02-02T21:00:00+09:00,J5,290,407,697
2020-02-02T21:15:00+09:00,J1,843,876,1719
2020-02-02T21:15:00+09:00,J2,612,657,1269
2020-02-02T21:15:00+09:00,J3,649,479,1128
2020-02-02T21:15:00+09:00,J4,751,799,1550
2020-02-02T21:15:00+09:00,J5,306,378,684
2020-02-02T21:30:00+09:00,J1,775,899,1674
2020-02-02T21:30:00+09:00,J2,602,625,1227
2020-02-02T21:30:00+09:00,J3,561,468,1029
2020-02-02T21:30:00+09:00,J4,767,781,1548
2020-02-02T21:30:00+09:00,J5,295,333,628
2020-02-02T21:45:00+09:00,J1,732,843,1575
2020-02-02T21:45:00+09:00,J2,583,597,1180
2020-02-02T21:45:00+09:00,J3,571,502,1073
2020-02-02T21:45:00+09:00,J4,629,766,1395
2020-02-02T21:45:00+09:00,J5,314,294,608
2020-02-02T22:00:00+09:00,J1,766,813,1579
2020-02-02T22:00:00+09:00,J2,587,620,1207
2020-02-02T22:00:00+09:00,J3,496,446,942
2020-02-02T22:00:00+09:00,J4,612,738,1350
2020-02-02T22:00:00+09:00,J5,335,348,683
2020-02-02T22:15:00+09:00,J1,777,853,1630
2020-02-02T22:15:00+09:00,J2,627,595,1222
2020-02-02T22:15:00+09:00,J3,525,475,1000
2020-02-02T22:15:00+09:00,J4,629,724,1353
2020-02-02T22:15:00+09:00,J5,344,356,700
2020-02-02T22:30:00+09:00,J1,787,803,1590
2020-02-02T22:30:00+09:00,J2,708,713,1421
2020-02-02T22:30:00+09:00,J3,462,501,963
2020-02-02T22:30:00+09:00,J4,643,699,1342
2020-02-02T22:30:00+09:00,J5,370,342,712
2020-02-02T22:45:00+09:00,J1,722,835,1557
2020-02-02T22:45:00+09:00,J2,665,703,1368
2020-02-02T22:45:00+09:00,J3,559,555,1114
2020-02-02T22:45:00+09:00,J4,638,728,1366
2020-02-02T22:45:00+09:00,J5,405,353,758
2020-02-02T23:00:00+09:00,J1,810,835,1645
2020-02-02T23:00:00+09:00,J2,731,706,1437
2020-02-02T23:00:00+09:00,J3,581,584,1165
2020-02-02T23:00:00+09:00,J4,607,722,1329
2020-02-02T23:00:00+09:00,J5,380,370,750
2020-02-02T23:15:00+09:00,J1,799,782,1581
2020-02-02T23:15:00+09:00,J2,693,739,1432
2020-02-02T23:15:00+09:00,J3,589,582,1171
2020-02-02T23:15:00+09:00,J4,634,677,1311
2020-02-02T23:15:00+09:00,J5,384,391,775
2020-02-02T23:30:00+09:00,J1,761,805,1566
2020-02-02T23:30:00+09:00,J2,601,654,1255
2020-02-02T23:30:00+09:00,J3,497,465,962
2020-02-02T23:30:00+09:00,J4,574,665,1239
2020-02-02T23:30:00+09:00,J5,378,356,734
2020-02-02T23:45:00+09:00,J1,722,780,1502
2020-02-02T23:45:00+09:00,J2,633,607,1240
2020-02-02T23:45:00+09:00,J3,443,496,939
2020-02-02T23:45:00+09:00,J4,513,652,1165
2020-02-02T23:45:00+09:00,J5,396,371,767
2020-02-03T00:00:00+09:00,J1,600,675,1275
2020-02-03T00:00:00+09:00,J2,766,656,1422
2020-02-03T00:00:00+09:00,J3,456,446,902
2020-02-03T00:00:00+09:00,J4,498,529,1027
2020-02-03T00:00:00+09:00,J5,413,411,824
2020-02-03T00:15:00+09:00,J1,501,514,1015
2020-02-03T00:15:00+09:00,J2,669,589,1258
2020-02-03T00:15:00+09:00,J3,566,488,1054
2020-02-03T00:15:00+09:00,J4,651,613,1264
2020-02-03T00:15:00+09:00,J5,554,512,1066
2020-02-03T00:30:00+09:00,J1,486,468,954
2020-02-03T00:30:00+09:00,J2,736,641,1377
2020-02-03T00:30:00+09:00,J3,548,532,1080
2020-02-03T00:30:00+09:00,J4,693,673,1366
2020-02-03T00:30:00+09:00,J5,590,573,1163
2020-02-03T00:45:00+09:00,J1,484,505,989
2020-02-03T00:45:00+09:00,J2,700,655,1355
2020-02-03T00:45:00+09:00,J3,613,573,1186
2020-02-03T00:45:00+09:00,J4,603,619,1222
2020-02-03T00:45:00+09:00,J5,502,548,1050
2020-02-03T05:45:00+09:00,J1,657,623,1280
2020-02-03T05:45:00+09:00,J2,288,269,557
2020-02-03T05:45:00+09:00,J3,556,468,1024
2020-02-03T05:45:00+09:00,J4,879,799,1678
2020-02-03T05:45:00+09:00,J5,442,476,918
2020-02-03T06:00:00+09:00,J1,666,567,1233
2020-02-03T06:00:00+09:00,J2,321,331,652
2020-02-03T06:00:00+09:00,J3,637,485,1122
2020-02-03T06:00:00+09:00,J4,822,793,1615
2020-02-03T06:00:00+09:00,J5,485,463,948
2020-02-03T06:15:00+09:00,J1,676,664,1340
2020-02-03T06:15:00+09:00,J2,397,385,782
2020-02-03T06:15:00+09:00,J3,676,530,1206
2020-02-03T06:15:00+09:00,J4,798,816,1614
2020-02-03T06:15:00+09:00,J5,610,522,1132
2020-02-03T06:30:00+09:00,J1,628,703,1331
2020-02-03T06:30:00+09:00,J2,393,363,756
2020-02-03T06:30:00+09:00,J3,660,568,1228
2020-02-03T06:30:00+09:00,J4,846,802,1648
2020-02-03T06:30:00+09:00,J5,613,520,1133
2020-02-03T06:45:00+09:00,J1,638,682,1320
2020-02-03T06:45:00+09:00,J2,386,380,766
2020-02-03T06:45:00+09:00,J3,675,505,1180
2020-02-03T06:45:00+09:00,J4,874,866,1740
2020-02-03T06:45:00+09:00,J5,592,545,1137
2020-02-03T07:00:00+09:00,J1,669,710,1379
2020-02-03T07:00:00+09:00,J2,332,301,633
2020-02-03T07:00:00+09:00,J3,751,609,1360
2020-02-03T07:00:00+09:00,J4,1028,908,1936
2020-02-03T07:00:00+09:00,J5,691,584,1275
2020-02-03T07:15:00+09:00,J1,667,852,1519
2020-02-03T07:15:00+09:00,J2,348,296,644
2020-02-03T07:15:00+09:00,J3,729,613,1342
2020-02-03T07:15:00+09:00,J4,1078,981,2059
2020-02-03T07:15:00+09:00,J5,705,611,1316
2020-02-03T07:30:00+09:00,J1,817,893,1710
2020-02-03T07:30:00+09:00,J2,533,371,904
2020-02-03T07:30:00+09:00,J3,857,752,1609
2020-02-03T07:30:00+09:00,J4,1015,1029,2044
2020-02-03T07:30:00+09:00,J5,583,506,1089
2020-02-03T07:45:00+09:00,J1,821,959,1780
2020-02-03T07:45:00+09:00,J2,533,347,880
2020-02-03T07:45:00+09:00,J3,846,777,1623
2020-02-03T07:45:00+09:00,J4,896,1064,1960
2020-02-03T07:45:00+09:00,J5,800,621,1421
2020-02-03T08:00:00+09:00,J1,942,971,1913
2020-02-03T08:00:00+09:00,J2,632,345,977
2020-02-03T08:00:00+09:00,J3,1034,837,1871
2020-02-03T08:00:00+09:00,J4,738,1081,1819
2020-02-03T08:00:00+09:00,J5,756,619,1375
2020-02-03T08:15:00+09:00,J1,949,974,1923
2020-02-03T08:15:00+09:00,J2,714,615,1329
2020-02-03T08:15:00+09:00,J3,1017,1010,2027
2020-02-03T08:15:00+09:00,J4,802,1091,1893
2020-02-03T08:15:00+09:00,J5,793,601,1394
2020-02-03T08:30:00+09:00,J1,1008,1023,2031
2020-02-03T08:30:00+09:00,J2,758,320,1078
2020-02-03T08:30:00+09:00,J3,900,890,1790
2020-02-03T08:30:00+09:00,J4,736,1073,1809
2020-02-03T08:30:00+09:00,J5,801,524,1325
2020-02-03T08:45:00+09:00,J1,1027,955,1982
2020-02-03T08:45:00+09:00,J2,614,224,838
2020-02-03T08:45:00+09:00,J3,885,925,1810
2020-02-03T08:45:00+09:00,J4,763,1040,1803
2020-02-03T08:45:00+09:00,J5,773,626,1399
2020-02-03T09:00:00+09:00,J1,1040,896,1936
2020-02-03T09:00:00+09:00,J2,419,338,757
2020-02-03T09:00:00+09:00,J3,810,814,1624
2020-02-03T09:00:00+09:00,J4,861,902,1763
2020-02-03T09:00:00+09:00,J5,591,504,1095
2020-02-03T09:15:00+09:00,J1,937,785,1722
2020-02-03T09:15:00+09:00,J2,391,320,711
2020-02-03T09:15:00+09:00,J3,593,614,1207
2020-02-03T09:15:00+09:00,J4,932,928,1860
2020-02-03T09:15:00+09:00,J5,656,552,1208
2020-02-03T09:30:00+09:00,J1,959,879,1838
2020-02-03T09:30:00+09:00,J2,446,341,787
2020-02-03T09:30:00+09:00,J3,528,600,1128
2020-02-03T09:30:00+09:00,J4,901,839,1740
2020-02-03T09:30:00+09:00,J5,609,511,1120
2020-02-03T09:45:00+09:00,J1,936,880,1816
2020-02-03T09:45:00+09:00,J2,373,326,699
2020-02-03T09:45:00+09:00,J3,650,741,1391
2020-02-03T09:45:00+09:00,J4,739,863,1602
2020-02-03T09:45:00+09:00,J5,373,478,851
2020-02-03T10:00:00+09:00,J1,923,940,1863
2020-02-03T10:00:00+09:00,J2,374,278,652
2020-02-03T10:00:00+09:00,J3,734,676,1410
2020-02-03T10:00:00+09:00,J4,687,766,1453
2020-02-03T10:00:00+09:00,J5,371,428,799
2020-02-03T10:15:00+09:00,J1,972,857,1829
2020-02-03T10:15:00+09:00,J2,400,350,750
2020-02-03T10:15:00+09:00,J3,693,584,1277
2020-02-03T10:15:00+09:00,J4,655,673,1328
2020-02-03T10:15:00+09:00,J5,440,398,838
2020-02-03T10:30:00+09:00,J1,913,883,1796
2020-02-03T10:30:00+09:00,J2,453,346,799
2020-02-03T10:30:00+09:00,J3,718,625,1343
2020-02-03T10:30:00+09:00,J4,667,696,1363
2020-02-03T10:30:00+09:00,J5,377,417,794
2020-02-03T10:45:00+09:00,J1,902,886,1788
2020-02-03T10:45:00+09:00,J2,421,408,829
2020-02-03T10:45:00+09:00,J3,671,632,1303
2020-02-03T10:45:00+09:00,J4,703,757,1460
2020-02-03T10:45:00+09:00,J5,379,433,812
2020-02-03T11:00:00+09:00,J1,970,938,1908
2020-02-03T11:00:00+09:00,J2,482,487,969
2020-02-03T11:00:00+09:00,J3,712,593,1305
2020-02-03T11:00:00+09:00,J4,764,863,1627
2020-02-03T11:00:00+09:00,J5,375,390,765
2020-02-03T11:15:00+09:00,J1,914,1008,1922
2020-02-03T11:15:00+09:00,J2,583,477,1060
2020-02-03T11:15:00+09:00,J3,804,775,1579
2020-02-03T11:15:00+09:00,J4,738,849,1587
2020-02-03T11:15:00+09:00,J5,575,645,1220
2020-02-03T11:30:00+09:00,J1,909,996,1905
2020-02-03T11:30:00+09:00,J2,547,390,937
2020-02-03T11:30:00+09:00,J3,880,687,1567
2020-02-03T11:30:00+09:00,J4,649,855,1504
2020-02-03T11:30:00+09:00,J5,600,609,1209
2020-02-03T11:45:00+09:00,J1,938,1010,1948
2020-02-03T11:45:00+09:00,J2,459,402,861
2020-02-03T11:45:00+09:00,J3,945,847,1792
2020-02-03T11:45:00+09:00,J4,659,838,1497
2020-02-03T11:45:00+09:00,J5,633,561,1194
2020-02-03T12:00:00+09:00,J1,919,1007,1926
2020-02-03T12:00:00+09:00,J2,455,398,853
2020-02-03T12:00:00+09:00,J3,855,844,1699
2020-02-03T12:00:00+09:00,J4,657,788,1445
2020-02-03T12:00:00+09:00,J5,620,621,1241
2020-02-03T12:15:00+09:00,J1,889,939,1828
2020-02-03T12:15:00+09:00,J2,411,350,761
2020-02-03T12:15:00+09:00,J3,972,861,1833
2020-02-03T12:15:00+09:00,J4,710,784,1494
2020-02-03T12:15:00+09:00,J5,646,546,1192
2020-02-03T12:30:00+09:00,J1,782,914,1696
2020-02-03T12:30:00+09:00,J2,457,323,780
2020-02-03T12:30:00+09:00,J3,1018,861,1879
2020-02-03T12:30:00+09:00,J4,755,883,1638
2020-02-03T12:30:00+09:00,J5,633,525,1158
2020-02-03T12:45:00+09:00,J1,868,873,1741
2020-02-03T12:45:00+09:00,J2,429,382,811
2020-02-03T12:45:00+09:00,J3,1001,939,1940
2020-02-03T12:45:00+09:00,J4,749,836,1585
2020-02-03T12:45:00+09:00,J5,560,467,1027
2020-02-03T13:00:00+09:00,J1,883,850,1733
2020-02-03T13:00:00+09:00,J2,498,440,938
2020-02-03T13:00:00+09:00,J3,980,816,1796
2020-02-03T13:00:00+09:00,J4,756,919,1675
2020-02-03T13:00:00+09:00,J5,565,498,1063
2020-02-03T13:15:00+09:00,J1,843,949,1792
2020-02-03T13:15:00+09:00,J2,466,460,926
2020-02-03T13:15:00+09:00,J3,980,852,1832
2020-02-03T13:15:00+09:00,J4,791,880,1671
2020-02-03T13:15:00+09:00,J5,566,491,1057
2020-02-03T13:30:00+09:00,J1,848,958,1806
2020-02-03T13:30:00+09:00,J2,539,441,980
2020-02-03T13:30:00+09:00,J3,893,725,1618
2020-02-03T13:30:00+09:00,J4,782,902,1684
2020-02-03T13:30:00+09:00,J5,570,405,975
2020-02-03T13:45:00+09:00,J1,867,921,1788
2020-02-03T13:45:00+09:00,J2,554,398,952
2020-02-03T13:45:00+09:00,J3,903,773,1676
2020-02-03T13:45:00+09:00,J4,767,823,1590
2020-02-03T13:45:00+09:00,J5,520,505,1025
2020-02-03T14:00:00+09:00,J1,847,908,1755
2020-02-03T14:00:00+09:00,J2,437,411,848
2020-02-03T14:00:00+09:00,J3,957,814,1771
2020-02-03T14:00:00+09:00,J4,738,819,1557
2020-02-03T14:00:00+09:00,J5,569,466,1035
2020-02-03T14:15:00+09:00,J1,838,927,1765
2020-02-03T14:15:00+09:00,J2,492,397,889
2020-02-03T14:15:00+09:00,J3,979,710,1689
2020-02-03T14:15:00+09:00,J4,759,849,1608
2020-02-03T14:15:00+09:00,J5,642,586,1228
2020-02-03T14:30:00+09:00,J1,820,931,1751
2020-02-03T14:30:00+09:00,J2,455,396,851
2020-02-03T14:30:00+09:00,J3,938,684,1622
2020-02-03T14:30:00+09:00,J4,818,969,1787
2020-02-03T14:30:00+09:00,J5,651,606,1257
2020-02-03T14:45:00+09:00,J1,787,919,1706
2020-02-03T14:45:00+09:00,J2,505,406,911
2020-02-03T14:45:00+09:00,J3,971,763,1734
2020-02-03T14:45:00+09:00,J4,819,892,1711
2020-02-03T14:45:00+09:00,J5,684,701,1385
2020-02-03T15:00:00+09:00,J1,804,966,1770
2020-02-03T15:00:00+09:00,J2,442,465,907
2020-02-03T15:00:00+09:00,J3,912,802,1714
2020-02-03T15:00:00+09:00,J4,793,920,1713
2020-02-03T15:00:00+09:00,J5,614,597,1211
2020-02-03T15:15:00+09:00,J1,811,915,1726
2020-02-03T15:15:00+09:00,J2,469,520,989
2020-02-03T15:15:00+09:00,J3,903,802,1705
2020-02-03T15:15:00+09:00,J4,794,894,1688
2020-02-03T15:15:00+09:00,J5,696,681,1377
2020-02-03T15:30:00+09:00,J1,811,925,1736
2020-02-03T15:30:00+09:00,J2,468,540,1008
2020-02-03T15:30:00+09:00,J3,951,779,1730
2020-02-03T15:30:00+09:00,J4,810,921,1731
2020-02-03T15:30:00+09:00,J5,704,643,1347
2020-02-03T15:45:00+09:00,J1,888,859,1747
2020-02-03T15:45:00+09:00,J2,538,466,1004
2020-02-03T15:45:00+09:00,J3,1006,727,1733
2020-02-03T15:45:00+09:00,J4,737,857,1594
2020-02-03T15:45:00+09:00,J5,634,593,1227
2020-02-03T16:00:00+09:00,J1,823,902,1725
2020-02-03T16:00:00+09:00,J2,440,434,874
2020-02-03T16:00:00+09:00,J3,932,788,1720
2020-02-03T16:00:00+09:00,J4,754,947,1701
2020-02-03T16:00:00+09:00,J5,617,518,1135
2020-02-03T16:15:00+09:00,J1,834,861,1695
2020-02-03T16:15:00+09:00,J2,395,438,833
2020-02-03T16:15:00+09:00,J3,952,701,1653
2020-02-03T16:15:00+09:00,J4,767,861,1628
2020-02-03T16:15:00+09:00,J5,650,561,1211
2020-02-03T16:30:00+09:00,J1,819,869,1688
2020-02-03T16:30:00+09:00,J2,414,286,700
2020-02-03T16:30:00+09:00,J3,1004,869,1873
2020-02-03T16:30:00+09:00,J4,862,857,1719
2020-02-03T16:30:00+09:00,J5,713,707,1420
2020-02-03T16:45:00+09:00,J1,865,971,1836
2020-02-03T16:45:00+09:00,J2,436,269,705
2020-02-03T16:45:00+09:00,J3,1019,865,1884
2020-02-03T16:45:00+09:00,J4,778,856,1634
2020-02-03T16:45:00+09:00,J5,695,679,1374
2020-02-03T17:00:00+09:00,J1,886,920,1806
2020-02-03T17:00:00+09:00,J2,443,357,800
2020-02-03T17:00:00+09:00,J3,1099,803,1902
2020-02-03T17:00:00+09:00,J4,738,799,1537
2020-02-03T17:00:00+09:00,J5,765,829,1594
2020-02-03T17:15:00+09:00,J1,837,947,1784
2020-02-03T17:15:00+09:00,J2,539,461,1000
2020-02-03T17:15:00+09:00,J3,1045,865,1910
2020-02-03T17:15:00+09:00,J4,787,840,1627
2020-02-03T17:15:00+09:00,J5,794,900,1694
2020-02-03T17:30:00+09:00,J1,933,949,1882
2020-02-03T17:30:00+09:00,J2,556,554,1110
2020-02-03T17:30:00+09:00,J3,1045,841,1886
2020-02-03T17:30:00+09:00,J4,878,916,1794
2020-02-03T17:30:00+09:00,J5,773,912,1685
2020-02-03T17:45:00+09:00,J1,926,919,1845
2020-02-03T17:45:00+09:00,J2,591,741,1332
2020-02-03T17:45:00+09:00,J3,1101,807,1908
2020-02-03T17:45:00+09:00,J4,1109,969,2078
2020-02-03T17:45:00+09:00,J5,742,865,1607
2020-02-03T18:00:00+09:00,J1,858,929,1787
2020-02-03T18:00:00+09:00,J2,722,696,1418
2020-02-03T18:00:00+09:00,J3,1107,825,1932
2020-02-03T18:00:00+09:00,J4,1019,876,1895
2020-02-03T18:00:00+09:00,J5,725,954,1679
2020-02-03T18:15:00+09:00,J1,944,946,1890
2020-02-03T18:15:00+09:00,J2,693,567,1260
2020-02-03T18:15:00+09:00,J3,1191,891,2082
2020-02-03T18:15:00+09:00,J4,832,781,1613
2020-02-03T18:15:00+09:00,J5,495,728,1223
2020-02-03T18:30:00+09:00,J1,914,936,1850
2020-02-03T18:30:00+09:00,J2,597,523,1120
2020-02-03T18:30:00+09:00,J3,1083,788,1871
2020-02-03T18:30:00+09:00,J4,950,794,1744
2020-02-03T18:30:00+09:00,J5,351,586,937
2020-02-03T18:45:00+09:00,J1,856,946,1802
2020-02-03T18:45:00+09:00,J2,492,377,869
2020-02-03T18:45:00+09:00,J3,948,668,1616
2020-02-03T18:45:00+09:00,J4,882,863,1745
2020-02-03T18:45:00+09:00,J5,387,473,860
2020-02-03T19:00:00+09:00,J1,836,902,1738
2020-02-03T19:00:00+09:00,J2,501,432,933
2020-02-03T19:00:00+09:00,J3,838,714,1552
2020-02-03T19:00:00+09:00,J4,937,913,1850
2020-02-03T19:00:00+09:00,J5,426,455,881
2020-02-03T19:15:00+09:00,J1,779,940,1719
2020-02-03T19:15:00+09:00,J2,504,469,973
2020-02-03T19:15:00+09:00,J3,921,704,1625
2020-02-03T19:15:00+09:00,J4,1019,963,1982
2020-02-03T19:15:00+09:00,J5,409,458,867
2020-02-03T19:30:00+09:00,J1,740,864,1604
2020-02-03T19:30:00+09:00,J2,480,446,926
2020-02-03T19:30:00+09:00,J3,879,679,1558
2020-02-03T19:30:00+09:00,J4,994,847,1841
2020-02-03T19:30:00+09:00,J5,382,423,805
2020-02-03T19:45:00+09:00,J1,767,850,1617
2020-02-03T19:45:00+09:00,J2,486,392,878
2020-02-03T19:45:00+09:00,J3,809,606,1415
2020-02-03T19:45:00+09:00,J4,929,870,1799
2020-02-03T19:45:00+09:00,J5,392,376,768
2020-02-03T20:00:00+09:00,J1,771,874,1645
2020-02-03T20:00:00+09:00,J2,470,364,834
2020-02-03T20:00:00+09:00,J3,766,681,1447
2020-02-03T20:00:00+09:00,J4,1003,852,1855
2020-02-03T20:00:00+09:00,J5,369,393,762
2020-02-03T20:15:00+09:00,J1,811,874,1685
2020-02-03T20:15:00+09:00,J2,418,348,766
2020-02-03T20:15:00+09:00,J3,817,662,1479
2020-02-03T20:15:00+09:00,J4,839,829,1668
2020-02-03T20:15:00+09:00,J5,366,398,764
2020-02-03T20:30:00+09:00,J1,824,916,1740
2020-02-03T20:30:00+09:00,J2,368,328,696
2020-02-03T20:30:00+09:00,J3,818,635,1453
2020-02-03T20:30:00+09:00,J4,757,794,1551
2020-02-03T20:30:00+09:00,J5,358,339,697
2020-02-03T20:45:00+09:00,J1,845,870,1715
2020-02-03T20:45:00+09:00,J2,368,317,685
2020-02-03T20:45:00+09:00,J3,716,587,1303
2020-02-03T20:45:00+09:00,J4,788,726,1514
2020-02-03T20:45:00+09:00,J5,339,352,691
2020-02-03T21:00:00+09:00,J1,811,891,1702
2020-02-03T21:00:00+09:00,J2,455,382,837
2020-02-03T21:00:00+09:00,J3,830,718,1548
2020-02-03T21:00:00+09:00,J4,945,876,1821
2020-02-03T21:00:00+09:00,J5,359,358,717
2020-02-03T21:15:00+09:00,J1,737,860,1597
2020-02-03T21:15:00+09:00,J2,356,302,658
2020-02-03T21:15:00+09:00,J3,817,755,1572
2020-02-03T21:15:00+09:00,J4,912,827,1739
2020-02-03T21:15:00+09:00,J5,391,343,734
2020-02-03T21:30:00+09:00,J1,779,830,1609
2020-02-03T21:30:00+09:00,J2,378,352,730
2020-02-03T21:30:00+09:00,J3,850,729,1579
2020-02-03T21:30:00+09:00,J4,1022,824,1846
2020-02-03T21:30:00+09:00,J5,399,317,716
2020-02-03T21:45:00+09:00,J1,760,794,1554
2020-02-03T21:45:00+09:00,J2,488,514,1002
2020-02-03T21:45:00+09:00,J3,849,754,1603
2020-02-03T21:45:00+09:00,J4,970,813,1783
2020-02-03T21:45:00+09:00,J5,430,464,894
2020-02-03T22:00:00+09:00,J1,704,790,1494
2020-02-03T22:00:00+09:00,J2,574,564,1138
2020-02-03T22:00:00+09:00,J3,875,706,1581
2020-02-03T22:00:00+09:00,J4,931,802,1733
2020-02-03T22:00:00+09:00,J5,445,484,929
2020-02-03T22:15:00+09:00,J1,730,829,1559
2020-02-03T22:15:00+09:00,J2,532,530,1062
2020-02-03T22:15:00+09:00,J3,806,642,1448
2020-02-03T22:15:00+09:00,J4,952,826,1778
2020-02-03T22:15:00+09:00,J5,484,501,985
2020-02-03T22:30:00+09:00,J1,742,838,1580
2020-02-03T22:30:00+09:00,J2,445,468,913
2020-02-03T22:30:00+09:00,J3,762,668,1430
2020-02-03T22:30:00+09:00,J4,906,805,1711
2020-02-03T22:30:00+09:00,J5,594,491,1085
2020-02-03T22:45:00+09:00,J1,688,823,1511
2020-02-03T22:45:00+09:00,J2,428,446,874
2020-02-03T22:45:00+09:00,J3,781,650,1431
2020-02-03T22:45:00+09:00,J4,969,797,1766
2020-02-03T22:45:00+09:00,J5,582,567,1149
2020-02-03T23:00:00+09:00,J1,731,763,1494
2020-02-03T23:00:00+09:00,J2,399,449,848
2020-02-03T23:00:00+09:00,J3,751,580,1331
2020-02-03T23:00:00+09:00,J4,907,774,1681
2020-02-03T23:00:00+09:00,J5,584,537,1121
2020-02-03T23:15:00+09:00,J1,640,785,1425
2020-02-03T23:15:00+09:00,J2,403,456,859
2020-02-03T23:15:00+09:00,J3,751,548,1299
2020-02-03T23:15:00+09:00,J4,929,877,1806
2020-02-03T23:15:00+09:00,J5,561,580,1141
2020-02-03T23:30:00+09:00,J1,719,762,1481
2020-02-03T23:30:00+09:00,J2,482,474,956
2020-02-03T23:30:00+09:00,J3,773,620,1393
2020-02-03T23:30:00+09:00,J4,995,939,1934
2020-02-03T23:30:00+09:00,J5,538,542,1080
2020-02-03T23:45:00+09:00,J1,663,753,1416
2020-02-03T23:45:00+09:00,J2,523,488,1011
2020-02-03T23:45:00+09:00,J3,813,666,1479
2020-02-03T23:45:00+09:00,J4,997,846,1843
2020-02-03T23:45:00+09:00,J5,596,568,1164
2020-02-04T00:00:00+09:00,J1,719,759,1478
2020-02-04T00:00:00+09:00,J2,285,254,539
2020-02-04T00:00:00+09:00,J3,767,593,1360
2020-02-04T00:00:00+09:00,J4,1035,799,1834
2020-02-04T00:00:00+09:00,J5,598,575,1173
2020-02-04T00:15:00+09:00,J1,556,503,1059
2020-02-04T00:15:00+09:00,J2,258,264,522
2020-02-04T00:15:00+09:00,J3,582,481,1063
2020-02-04T00:15:00+09:00,J4,843,700,1543
2020-02-04T00:15:00+09:00,J5,404,406,810
2020-02-04T00:30:00+09:00,J1,489,491,980
2020-02-04T00:30:00+09:00,J2,289,311,600
2020-02-04T00:30:00+09:00,J3,514,442,956
2020-02-04T00:30:00+09:00,J4,964,862,1826
2020-02-04T00:30:00+09:00,J5,374,394,768
2020-02-04T00:45:00+09:00,J1,507,508,1015
2020-02-04T00:45:00+09:00,J2,332,271,603
2020-02-04T00:45:00+09:00,J3,541,413,954
2020-02-04T00:45:00+09:00,J4,833,756,1589
2020-02-04T00:45:00+09:00,J5,395,357,752
2020-02-04T05:45:00+09:00,J1,689,686,1375
2020-02-04T05:45:00+09:00,J2,172,162,334
2020-02-04T05:45:00+09:00,J3,432,456,888
2020-02-04T05:45:00+09:00,J4,609,772,1381
2020-02-04T05:45:00+09:00,J5,456,533,989
2020-02-04T06:00:00+09:00,J1,583,650,1233
2020-02-04T06:00:00+09:00,J2,238,198,436
2020-02-04T06:00:00+09:00,J3,449,483,932
2020-02-04T06:00:00+09:00,J4,747,862,1609
2020-02-04T06:00:00+09:00,J5,458,446,904
2020-02-04T06:15:00+09:00,J1,664,707,1371
2020-02-04T06:15:00+09:00,J2,276,264,540
2020-02-04T06:15:00+09:00,J3,454,504,958
2020-02-04T06:15:00+09:00,J4,806,821,1627
2020-02-04T06:15:00+09:00,J5,457,478,935
2020-02-04T06:30:00+09:00,J1,681,748,1429
2020-02-04T06:30:00+09:00,J2,247,239,486
2020-02-04T06:30:00+09:00,J3,428,429,857
2020-02-04T06:30:00+09:00,J4,837,824,1661
2020-02-04T06:30:00+09:00,J5,486,420,906
2020-02-04T06:45:00+09:00,J1,697,721,1418
2020-02-04T06:45:00+09:00,J2,298,235,533
2020-02-04T06:45:00+09:00,J3,467,497,964
2020-02-04T06:45:00+09:00,J4,767,877,1644
2020-02-04T06:45:00+09:00,J5,532,442,974
2020-02-04T07:00:00+09:00,J1,817,879,1696
2020-02-04T07:00:00+09:00,J2,370,238,608
2020-02-04T07:00:00+09:00,J3,589,506,1095
2020-02-04T07:00:00+09:00,J4,881,999,1880
2020-02-04T07:00:00+09:00,J5,590,522,1112
2020-02-04T07:15:00+09:00,J1,817,880,1697
2020-02-04T07:15:00+09:00,J2,447,356,803
2020-02-04T07:15:00+09:00,J3,655,542,1197
2020-02-04T07:15:00+09:00,J4,889,964,1853
2020-02-04T07:15:00+09:00,J5,626,637,1263
2020-02-04T07:30:00+09:00,J1,800,854,1654
2020-02-04T07:30:00+09:00,J2,405,349,754
2020-02-04T07:30:00+09:00,J3,912,828,1740
2020-02-04T07:30:00+09:00,J4,995,1028,2023
2020-02-04T07:30:00+09:00,J5,628,525,1153
2020-02-04T07:45:00+09:00,J1,800,930,1730
2020-02-04T07:45:00+09:00,J2,572,468,1040
2020-02-04T07:45:00+09:00,J3,969,889,1858
2020-02-04T07:45:00+09:00,J4,1094,1118,2212
2020-02-04T07:45:00+09:00,J5,700,581,1281
2020-02-04T08:00:00+09:00,J1,856,930,1786
2020-02-04T08:00:00+09:00,J2,644,368,1012
2020-02-04T08:00:00+09:00,J3,1067,920,1987
2020-02-04T08:00:00+09:00,J4,1026,1214,2240
2020-02-04T08:00:00+09:00,J5,871,618,1489
2020-02-04T08:15:00+09:00,J1,945,978,1923
2020-02-04T08:15:00+09:00,J2,844,408,1252
2020-02-04T08:15:00+09:00,J3,1106,980,2086
2020-02-04T08:15:00+09:00,J4,1089,1247,2336
2020-02-04T08:15:00+09:00,J5,862,647,1509
2020-02-04T08:30:00+09:00,J1,926,965,1891
2020-02-04T08:30:00+09:00,J2,825,453,1278
2020-02-04T08:30:00+09:00,J3,1002,1052,2054
2020-02-04T08:30:00+09:00,J4,940,1240,2180
2020-02-04T08:30:00+09:00,J5,763,578,1341
2020-02-04T08:45:00+09:00,J1,964,934,1898
2020-02-04T08:45:00+09:00,J2,640,298,938
2020-02-04T08:45:00+09:00,J3,1024,972,1996
2020-02-04T08:45:00+09:00,J4,1010,1132,2142
2020-02-04T08:45:00+09:00,J5,803,618,1421
2020-02-04T09:00:00+09:00,J1,918,992,1910
2020-02-04T09:00:00+09:00,J2,579,443,1022
2020-02-04T09:00:00+09:00,J3,1009,854,1863
2020-02-04T09:00:00+09:00,J4,1045,1094,2139
2020-02-04T09:00:00+09:00,J5,750,613,1363
2020-02-04T09:15:00+09:00,J1,1000,884,1884
2020-02-04T09:15:00+09:00,J2,535,411,946
2020-02-04T09:15:00+09:00,J3,892,820,1712
2020-02-04T09:15:00+09:00,J4,1000,1016,2016
2020-02-04T09:15:00+09:00,J5,609,503,1112
2020-02-04T09:30:00+09:00,J1,870,894,1764
2020-02-04T09:30:00+09:00,J2,486,386,872
2020-02-04T09:30:00+09:00,J3,818,759,1577
2020-02-04T09:30:00+09:00,J4,1050,1012,2062
2020-02-04T09:30:00+09:00,J5,541,499,1040
2020-02-04T09:45:00+09:00,J1,851,873,1724
2020-02-04T09:45:00+09:00,J2,512,403,915
2020-02-04T09:45:00+09:00,J3,814,726,1540
2020-02-04T09:45:00+09:00,J4,1063,1040,2103
2020-02-04T09:45:00+09:00,J5,510,531,1041
2020-02-04T10:00:00+09:00,J1,914,903,1817
2020-02-04T10:00:00+09:00,J2,464,385,849
2020-02-04T10:00:00+09:00,J3,691,642,1333
2020-02-04T10:00:00+09:00,J4,986,960,1946
2020-02-04T10:00:00+09:00,J5,404,409,813
2020-02-04T10:15:00+09:00,J1,896,963,1859
2020-02-04T10:15:00+09:00,J2,586,388,974
2020-02-04T10:15:00+09:00,J3,847,647,1494
2020-02-04T10:15:00+09:00,J4,891,826,1717
2020-02-04T10:15:00+09:00,J5,437,426,863
2020-02-04T10:30:00+09:00,J1,901,922,1823
2020-02-04T10:30:00+09:00,J2,507,439,946
2020-02-04T10:30:00+09:00,J3,757,624,1381
2020-02-04T10:30:00+09:00,J4,829,900,1729
2020-02-04T10:30:00+09:00,J5,432,504,936
2020-02-04T10:45:00+09:00,J1,893,1005,1898
2020-02-04T10:45:00+09:00,J2,473,361,834
2020-02-04T10:45:00+09:00,J3,809,679,1488
2020-02-04T10:45:00+09:00,J4,892,1011,1903
2020-02-04T10:45:00+09:00,J5,429,425,854
2020-02-04T11:00:00+09:00,J1,948,958,1906
2020-02-04T11:00:00+09:00,J2,479,387,866
2020-02-04T11:00:00+09:00,J3,830,649,1479
2020-02-04T11:00:00+09:00,J4,1007,1020,2027
2020-02-04T11:00:00+09:00,J5,383,432,815
2020-02-04T11:15:00+09:00,J1,921,946,1867
2020-02-04T11:15:00+09:00,J2,457,387,844
2020-02-04T11:15:00+09:00,J3,994,806,1800
2020-02-04T11:15:00+09:00,J4,947,1029,1976
2020-02-04T11:15:00+09:00,J5,545,571,1116
2020-02-04T11:30:00+09:00,J1,999,937,1936
2020-02-04T11:30:00+09:00,J2,503,369,872
2020-02-04T11:30:00+09:00,J3,958,843,1801
2020-02-04T11:30:00+09:00,J4,1019,934,1953
2020-02-04T11:30:00+09:00,J5,621,674,1295
2020-02-04T11:45:00+09:00,J1,915,935,1850
2020-02-04T11:45:00+09:00,J2,523,354,877
2020-02-04T11:45:00+09:00,J3,837,717,1554
2020-02-04T11:45:00+09:00,J4,881,953,1834
2020-02-04T11:45:00+09:00,J5,522,468,990
2020-02-04T12:00:00+09:00,J1,897,937,1834
2020-02-04T12:00:00+09:00,J2,507,371,878
2020-02-04T12:00:00+09:00,J3,1008,760,1768
2020-02-04T12:00:00+09:00,J4,957,959,1916
2020-02-04T12:00:00+09:00,J5,583,536,1119
2020-02-04T12:15:00+09:00,J1,819,994,1813
2020-02-04T12:15:00+09:00,J2,446,358,804
2020-02-04T12:15:00+09:00,J3,1101,977,2078
2020-02-04T12:15:00+09:00,J4,980,972,1952
2020-02-04T12:15:00+09:00,J5,593,547,1140
2020-02-04T12:30:00+09:00,J1,839,942,1781
2020-02-04T12:30:00+09:00,J2,509,449,958
2020-02-04T12:30:00+09:00,J3,1086,918,2004
2020-02-04T12:30:00+09:00,J4,939,997,1936
2020-02-04T12:30:00+09:00,J5,586,539,1125
2020-02-04T12:45:00+09:00,J1,863,928,1791
2020-02-04T12:45:00+09:00,J2,579,500,1079
2020-02-04T12:45:00+09:00,J3,1070,814,1884
2020-02-04T12:45:00+09:00,J4,940,971,1911
2020-02-04T12:45:00+09:00,J5,594,485,1079
2020-02-04T13:00:00+09:00,J1,868,954,1822
2020-02-04T13:00:00+09:00,J2,523,482,1005
2020-02-04T13:00:00+09:00,J3,1064,780,1844
2020-02-04T13:00:00+09:00,J4,834,878,1712
2020-02-04T13:00:00+09:00,J5,550,495,1045
2020-02-04T13:15:00+09:00,J1,874,951,1825
2020-02-04T13:15:00+09:00,J2,426,441,867
2020-02-04T13:15:00+09:00,J3,990,734,1724
2020-02-04T13:15:00+09:00,J4,863,876,1739
2020-02-04T13:15:00+09:00,J5,556,497,1053
2020-02-04T13:30:00+09:00,J1,892,976,1868
2020-02-04T13:30:00+09:00,J2,499,429,928
2020-02-04T13:30:00+09:00,J3,945,708,1653
2020-02-04T13:30:00+09:00,J4,766,871,1637
2020-02-04T13:30:00+09:00,J5,506,469,975
2020-02-04T13:45:00+09:00,J1,902,949,1851
2020-02-04T13:45:00+09:00,J2,426,470,896
2020-02-04T13:45:00+09:00,J3,911,679,1590
2020-02-04T13:45:00+09:00,J4,796,894,1690
2020-02-04T13:45:00+09:00,J5,487,478,965
2020-02-04T14:00:00+09:00,J1,883,994,1877
2020-02-04T14:00:00+09:00,J2,435,389,824
2020-02-04T14:00:00+09:00,J3,937,782,1719
2020-02-04T14:00:00+09:00,J4,833,847,1680
2020-02-04T14:00:00+09:00,J5,520,483,1003
2020-02-04T14:15:00+09:00,J1,810,955,1765
2020-02-04T14:15:00+09:00,J2,432,327,759
2020-02-04T14:15:00+09:00,J3,730,784,1514
2020-02-04T14:15:00+09:00,J4,853,878,1731
2020-02-04T14:15:00+09:00,J5,535,494,1029
2020-02-04T14:30:00+09:00,J1,822,910,1732
2020-02-04T14:30:00+09:00,J2,489,391,880
2020-02-04T14:30:00+09:00,J3,857,832,1689
2020-02-04T14:30:00+09:00,J4,812,808,1620
2020-02-04T14:30:00+09:00,J5,561,459,1020
2020-02-04T14:45:00+09:00,J1,892,939,1831
2020-02-04T14:45:00+09:00,J2,411,407,818
2020-02-04T14:45:00+09:00,J3,957,876,1833
2020-02-04T14:45:00+09:00,J4,701,854,1555
2020-02-04T14:45:00+09:00,J5,445,467,912
2020-02-04T15:00:00+09:00,J1,863,958,1821
2020-02-04T15:00:00+09:00,J2,467,374,841
2020-02-04T15:00:00+09:00,J3,934,851,1785
2020-02-04T15:00:00+09:00,J4,745,739,1484
2020-02-04T15:00:00+09:00,J5,509,440,949
2020-02-04T15:15:00+09:00,J1,784,944,1728
2020-02-04T15:15:00+09:00,J2,539,478,1017
2020-02-04T15:15:00+09:00,J3,1008,803,1811
2020-02-04T15:15:00+09:00,J4,783,871,1654
2020-02-04T15:15:00+09:00,J5,592,520,1112
2020-02-04T15:30:00+09:00,J1,817,924,1741
2020-02-04T15:30:00+09:00,J2,519,560,1079
2020-02-04T15:30:00+09:00,J3,979,688,1667
2020-02-04T15:30:00+09:00,J4,810,869,1679
2020-02-04T15:30:00+09:00,J5,607,532,1139
2020-02-04T15:45:00+09:00,J1,854,940,1794
2020-02-04T15:45:00+09:00,J2,507,573,1080
2020-02-04T15:45:00+09:00,J3,969,773,1742
2020-02-04T15:45:00+09:00,J4,866,882,1748
2020-02-04T15:45:00+09:00,J5,611,573,1184
2020-02-04T16:00:00+09:00,J1,811,935,1746
2020-02-04T16:00:00+09:00,J2,539,481,1020
2020-02-04T16:00:00+09:00,J3,970,785,1755
2020-02-04T16:00:00+09:00,J4,817,875,1692
2020-02-04T16:00:00+09:00,J5,492,491,983
2020-02-04T16:15:00+09:00,J1,893,913,1806
2020-02-04T16:15:00+09:00,J2,496,461,957
2020-02-04T16:15:00+09:00,J3,936,795,1731
2020-02-04T16:15:00+09:00,J4,785,801,1586
2020-02-04T16:15:00+09:00,J5,592,516,1108
2020-02-04T16:30:00+09:00,J1,838,922,1760
2020-02-04T16:30:00+09:00,J2,537,450,987
2020-02-04T16:30:00+09:00,J3,1038,776,1814
2020-02-04T16:30:00+09:00,J4,789,833,1622
2020-02-04T16:30:00+09:00,J5,548,494,1042
2020-02-04T16:45:00+09:00,J1,889,986,1875
2020-02-04T16:45:00+09:00,J2,409,434,843
2020-02-04T16:45:00+09:00,J3,1077,860,1937
2020-02-04T16:45:00+09:00,J4,793,843,1636
2020-02-04T16:45:00+09:00,J5,660,591,1251
2020-02-04T17:00:00+09:00,J1,892,1000,1892
2020-02-04T17:00:00+09:00,J2,502,466,968
2020-02-04T17:00:00+09:00,J3,1097,849,1946
2020-02-04T17:00:00+09:00,J4,804,851,1655
2020-02-04T17:00:00+09:00,J5,709,696,1405
2020-02-04T17:15:00+09:00,J1,926,972,1898
2020-02-04T17:15:00+09:00,J2,609,545,1154
2020-02-04T17:15:00+09:00,J3,1121,907,2028
2020-02-04T17:15:00+09:00,J4,999,951,1950
2020-02-04T17:15:00+09:00,J5,747,822,1569
2020-02-04T17:30:00+09:00,J1,935,1000,1935
2020-02-04T17:30:00+09:00,J2,629,621,1250
2020-02-04T17:30:00+09:00,J3,1174,917,2091
2020-02-04T17:30:00+09:00,J4,980,993,1973
2020-02-04T17:30:00+09:00,J5,753,892,1645
2020-02-04T17:45:00+09:00,J1,955,997,1952
2020-02-04T17:45:00+09:00,J2,640,588,1228
2020-02-04T17:45:00+09:00,J3,1143,940,2083
2020-02-04T17:45:00+09:00,J4,1136,1018,2154
2020-02-04T17:45:00+09:00,J5,764,947,1711
2020-02-04T18:00:00+09:00,J1,1012,941,1953
2020-02-04T18:00:00+09:00,J2,658,455,1113
2020-02-04T18:00:00+09:00,J3,1177,927,2104
2020-02-04T18:00:00+09:00,J4,1057,963,2020
2020-02-04T18:00:00+09:00,J5,749,918,1667
2020-02-04T18:15:00+09:00,J1,1026,963,1989
2020-02-04T18:15:00+09:00,J2,695,458,1153
2020-02-04T18:15:00+09:00,J3,1183,916,2099
2020-02-04T18:15:00+09:00,J4,1047,868,1915
2020-02-04T18:15:00+09:00,J5,638,867,1505
2020-02-04T18:30:00+09:00,J1,917,939,1856
2020-02-04T18:30:00+09:00,J2,618,479,1097
2020-02-04T18:30:00+09:00,J3,1092,869,1961
2020-02-04T18:30:00+09:00,J4,1078,1030,2108
2020-02-04T18:30:00+09:00,J5,491,642,1133
2020-02-04T18:45:00+09:00,J1,995,952,1947
2020-02-04T18:45:00+09:00,J2,582,406,988
2020-02-04T18:45:00+09:00,J3,993,747,1740
2020-02-04T18:45:00+09:00,J4,1128,1033,2161
2020-02-04T18:45:00+09:00,J5,432,557,989
2020-02-04T19:00:00+09:00,J1,853,949,1802
2020-02-04T19:00:00+09:00,J2,548,371,919
2020-02-04T19:00:00+09:00,J3,1026,696,1722
2020-02-04T19:00:00+09:00,J4,1071,1064,2135
2020-02-04T19:00:00+09:00,J5,446,524,970
2020-02-04T19:15:00+09:00,J1,869,951,1820
2020-02-04T19:15:00+09:00,J2,494,397,891
2020-02-04T19:15:00+09:00,J3,1002,719,1721
2020-02-04T19:15:00+09:00,J4,1029,967,1996
2020-02-04T19:15:00+09:00,J5,425,506,931
2020-02-04T19:30:00+09:00,J1,839,961,1800
2020-02-04T19:30:00+09:00,J2,377,339,716
2020-02-04T19:30:00+09:00,J3,904,710,1614
2020-02-04T19:30:00+09:00,J4,959,943,1902
2020-02-04T19:30:00+09:00,J5,399,478,877
2020-02-04T19:45:00+09:00,J1,866,908,1774
2020-02-04T19:45:00+09:00,J2,358,336,694
2020-02-04T19:45:00+09:00,J3,938,686,1624
2020-02-04T19:45:00+09:00,J4,999,926,1925
2020-02-04T19:45:00+09:00,J5,382,429,811
2020-02-04T20:00:00+09:00,J1,847,929,1776
2020-02-04T20:00:00+09:00,J2,382,297,679
2020-02-04T20:00:00+09:00,J3,860,661,1521
2020-02-04T20:00:00+09:00,J4,1035,1004,2039
2020-02-04T20:00:00+09:00,J5,410,452,862
2020-02-04T20:15:00+09:00,J1,815,948,1763
2020-02-04T20:15:00+09:00,J2,348,303,651
2020-02-04T20:15:00+09:00,J3,840,679,1519
2020-02-04T20:15:00+09:00,J4,940,925,1865
2020-02-04T20:15:00+09:00,J5,404,467,871
2020-02-04T20:30:00+09:00,J1,803,912,1715
2020-02-04T20:30:00+09:00,J2,390,351,741
2020-02-04T20:30:00+09:00,J3,789,617,1406
2020-02-04T20:30:00+09:00,J4,965,943,1908
2020-02-04T20:30:00+09:00,J5,409,410,819
2020-02-04T20:45:00+09:00,J1,829,916,1745
2020-02-04T20:45:00+09:00,J2,439,455,894
2020-02-04T20:45:00+09:00,J3,795,693,1488
2020-02-04T20:45:00+09:00,J4,988,951,1939
2020-02-04T20:45:00+09:00,J5,389,426,815
2020-02-04T21:00:00+09:00,J1,844,898,1742
2020-02-04T21:00:00+09:00,J2,426,376,802
2020-02-04T21:00:00+09:00,J3,865,701,1566
2020-02-04T21:00:00+09:00,J4,1027,981,2008
2020-02-04T21:00:00+09:00,J5,458,408,866
2020-02-04T21:15:00+09:00,J1,822,852,1674
2020-02-04T21:15:00+09:00,J2,419,382,801
2020-02-04T21:15:00+09:00,J3,875,760,1635
2020-02-04T21:15:00+09:00,J4,923,964,1887
2020-02-04T21:15:00+09:00,J5,467,374,841
2020-02-04T21:30:00+09:00,J1,757,833,1590
2020-02-04T21:30:00+09:00,J2,469,403,872
2020-02-04T21:30:00+09:00,J3,838,761,1599
2020-02-04T21:30:00+09:00,J4,881,939,1820
2020-02-04T21:30:00+09:00,J5,463,448,911
2020-02-04T21:45:00+09:00,J1,850,896,1746
2020-02-04T21:45:00+09:00,J2,528,512,1040
2020-02-04T21:45:00+09:00,J3,840,658,1498
2020-02-04T21:45:00+09:00,J4,885,941,1826
2020-02-04T21:45:00+09:00,J5,544,554,1098
2020-02-04T22:00:00+09:00,J1,787,848,1635
2020-02-04T22:00:00+09:00,J2,547,552,1099
2020-02-04T22:00:00+09:00,J3,742,624,1366
2020-02-04T22:00:00+09:00,J4,913,1021,1934
2020-02-04T22:00:00+09:00,J5,551,575,1126
2020-02-04T22:15:00+09:00,J1,763,861,1624
2020-02-04T22:15:00+09:00,J2,357,422,779
2020-02-04T22:15:00+09:00,J3,723,577,1300
2020-02-04T22:15:00+09:00,J4,967,948,1915
2020-02-04T22:15:00+09:00,J5,537,565,1102
2020-02-04T22:30:00+09:00,J1,791,859,1650
2020-02-04T22:30:00+09:00,J2,355,377,732
2020-02-04T22:30:00+09:00,J3,719,514,1233
2020-02-04T22:30:00+09:00,J4,1055,955,2010
2020-02-04T22:30:00+09:00,J5,601,525,1126
2020-02-04T22:45:00+09:00,J1,801,879,1680
2020-02-04T22:45:00+09:00,J2,332,328,660
2020-02-04T22:45:00+09:00,J3,610,513,1123
2020-02-04T22:45:00+09:00,J4,998,958,1956
2020-02-04T22:45:00+09:00,J5,552,556,1108
2020-02-04T23:00:00+09:00,J1,740,912,1652
2020-02-04T23:00:00+09:00,J2,342,344,686
2020-02-04T23:00:00+09:00,J3,611,488,1099
2020-02-04T23:00:00+09:00,J4,860,888,1748
2020-02-04T23:00:00+09:00,J5,539,530,1069
2020-02-04T23:15:00+09:00,J1,809,880,1689
2020-02-04T23:15:00+09:00,J2,315,350,665
2020-02-04T23:15:00+09:00,J3,640,421,1061
2020-02-04T23:15:00+09:00,J4,903,897,1800
2020-02-04T23:15:00+09:00,J5,582,535,1117
2020-02-04T23:30:00+09:00,J1,817,879,1696
2020-02-04T23:30:00+09:00,J2,349,332,681
2020-02-04T23:30:00+09:00,J3,661,477,1138
2020-02-04T23:30:00+09:00,J4,930,893,1823
2020-02-04T23:30:00+09:00,J5,552,514,1066
2020-02-04T23:45:00+09:00,J1,733,871,1604
2020-02-04T23:45:00+09:00,J2,334,327,661
2020-02-04T23:45:00+09:00,J3,667,485,1152
2020-02-04T23:45:00+09:00,J4,815,840,1655
2020-02-04T23:45:00+09:00,J5,573,543,1116
2020-02-05T00:00:00+09:00,J1,670,704,1374
2020-02-05T00:00:00+09:00,J2,275,237,512
2020-02-05T00:00:00+09:00,J3,583,456,1039
2020-02-05T00:00:00+09:00,J4,917,769,1686
2020-02-05T00:00:00+09:00,J5,578,510,1088
2020-02-05T00:15:00+09:00,J1,629,652,1281
2020-02-05T00:15:00+09:00,J2,263,219,482
2020-02-05T00:15:00+09:00,J3,493,437,930
2020-02-05T00:15:00+09:00,J4,739,700,1439
2020-02-05T00:15:00+09:00,J5,571,503,1074
2020-02-05T00:30:00+09:00,J1,372,378,750
2020-02-05T00:30:00+09:00,J2,398,435,833
2020-02-05T00:30:00+09:00,J3,407,352,759
2020-02-05T00:30:00+09:00,J4,432,407,839
2020-02-05T00:30:00+09:00,J5,542,520,1062
2020-02-05T00:45:00+09:00,J1,335,351,686
2020-02-05T00:45:00+09:00,J2,504,419,923
2020-02-05T00:45:00+09:00,J3,360,350,710
2020-02-05T00:45:00+09:00,J4,390,406,796
2020-02-05T00:45:00+09:00,J5,568,571,1139
2020-02-05T05:45:00+09:00,J1,667,673,1340
2020-02-05T05:45:00+09:00,J2,475,460,935
2020-02-05T05:45:00+09:00,J3,136,95,231
2020-02-05T05:45:00+09:00,J4,500,586,1086
2020-02-05T05:45:00+09:00,J5,572,622,1194
2020-02-05T06:00:00+09:00,J1,643,723,1366
2020-02-05T06:00:00+09:00,J2,382,417,799
2020-02-05T06:00:00+09:00,J3,99,73,172
2020-02-05T06:00:00+09:00,J4,594,637,1231
2020-02-05T06:00:00+09:00,J5,577,576,1153
2020-02-05T06:15:00+09:00,J1,706,703,1409
2020-02-05T06:15:00+09:00,J2,301,360,661
2020-02-05T06:15:00+09:00,J3,138,69,207
2020-02-05T06:15:00+09:00,J4,688,730,1418
2020-02-05T06:15:00+09:00,J5,513,529,1042
2020-02-05T06:30:00+09:00,J1,740,739,1479
2020-02-05T06:30:00+09:00,J2,466,454,920
2020-02-05T06:30:00+09:00,J3,131,70,201
2020-02-05T06:30:00+09:00,J4,707,754,1461
2020-02-05T06:30:00+09:00,J5,503,480,983
2020-02-05T06:45:00+09:00,J1,731,792,1523
2020-02-05T06:45:00+09:00,J2,590,576,1166
2020-02-05T06:45:00+09:00,J3,136,63,199
2020-02-05T06:45:00+09:00,J4,749,835,1584
2020-02-05T06:45:00+09:00,J5,535,491,1026
2020-02-05T07:00:00+09:00,J1,758,813,1571
2020-02-05T07:00:00+09:00,J2,591,569,1160
2020-02-05T07:00:00+09:00,J3,154,101,255
2020-02-05T07:00:00+09:00,J4,865,958,1823
2020-02-05T07:00:00+09:00,J5,581,495,1076
2020-02-05T07:15:00+09:00,J1,853,864,1717
2020-02-05T07:15:00+09:00,J2,606,523,1129
2020-02-05T07:15:00+09:00,J3,193,75,268
2020-02-05T07:15:00+09:00,J4,912,987,1899
2020-02-05T07:15:00+09:00,J5,659,562,1221
2020-02-05T07:30:00+09:00,J1,785,885,1670
2020-02-05T07:30:00+09:00,J2,600,592,1192
2020-02-05T07:30:00+09:00,J3,254,189,443
2020-02-05T07:30:00+09:00,J4,981,1019,2000
2020-02-05T07:30:00+09:00,J5,616,550,1166
2020-02-05T07:45:00+09:00,J1,808,921,1729
2020-02-05T07:45:00+09:00,J2,551,374,925
2020-02-05T07:45:00+09:00,J3,304,308,612
2020-02-05T07:45:00+09:00,J4,1023,1064,2087
2020-02-05T07:45:00+09:00,J5,580,522,1102
2020-02-05T08:00:00+09:00,J1,818,893,1711
2020-02-05T08:00:00+09:00,J2,774,509,1283
2020-02-05T08:00:00+09:00,J3,387,387,774
2020-02-05T08:00:00+09:00,J4,1042,1159,2201
2020-02-05T08:00:00+09:00,J5,821,569,1390
2020-02-05T08:15:00+09:00,J1,881,973,1854
2020-02-05T08:15:00+09:00,J2,795,588,1383
2020-02-05T08:15:00+09:00,J3,405,389,794
2020-02-05T08:15:00+09:00,J4,1038,1280,2318
2020-02-05T08:15:00+09:00,J5,903,693,1596
2020-02-05T08:30:00+09:00,J1,852,959,1811
2020-02-05T08:30:00+09:00,J2,869,429,1298
2020-02-05T08:30:00+09:00,J3,421,394,815
2020-02-05T08:30:00+09:00,J4,1070,1143,2213
2020-02-05T08:30:00+09:00,J5,879,657,1536
2020-02-05T08:45:00+09:00,J1,972,972,1944
2020-02-05T08:45:00+09:00,J2,620,438,1058
2020-02-05T08:45:00+09:00,J3,346,365,711
2020-02-05T08:45:00+09:00,J4,1129,1167,2296
2020-02-05T08:45:00+09:00,J5,818,642,1460
2020-02-05T09:00:00+09:00,J1,1002,997,1999
2020-02-05T09:00:00+09:00,J2,661,478,1139
2020-02-05T09:00:00+09:00,J3,309,255,564
2020-02-05T09:00:00+09:00,J4,1009,1232,2241
2020-02-05T09:00:00+09:00,J5,686,574,1260
2020-02-05T09:15:00+09:00,J1,960,909,1869
2020-02-05T09:15:00+09:00,J2,793,615,1408
2020-02-05T09:15:00+09:00,J3,296,275,571
2020-02-05T09:15:00+09:00,J4,1095,1094,2189
2020-02-05T09:15:00+09:00,J5,617,518,1135
2020-02-05T09:30:00+09:00,J1,904,890,1794
2020-02-05T09:30:00+09:00,J2,746,668,1414
2020-02-05T09:30:00+09:00,J3,266,154,420
2020-02-05T09:30:00+09:00,J4,1114,1050,2164
2020-02-05T09:30:00+09:00,J5,532,497,1029
2020-02-05T09:45:00+09:00,J1,964,899,1863
2020-02-05T09:45:00+09:00,J2,727,626,1353
2020-02-05T09:45:00+09:00,J3,290,229,519
2020-02-05T09:45:00+09:00,J4,1034,1039,2073
2020-02-05T09:45:00+09:00,J5,421,415,836
2020-02-05T10:00:00+09:00,J1,870,913,1783
2020-02-05T10:00:00+09:00,J2,620,569,1189
2020-02-05T10:00:00+09:00,J3,324,272,596
2020-02-05T10:00:00+09:00,J4,1055,1116,2171
2020-02-05T10:00:00+09:00,J5,460,411,871
2020-02-05T10:15:00+09:00,J1,905,901,1806
2020-02-05T10:15:00+09:00,J2,575,544,1119
2020-02-05T10:15:00+09:00,J3,282,184,466
2020-02-05T10:15:00+09:00,J4,1052,1053,2105
2020-02-05T10:15:00+09:00,J5,400,419,819
2020-02-05T10:30:00+09:00,J1,891,908,1799
2020-02-05T10:30:00+09:00,J2,603,505,1108
2020-02-05T10:30:00+09:00,J3,248,198,446
2020-02-05T10:30:00+09:00,J4,1055,1007,2062
2020-02-05T10:30:00+09:00,J5,439,413,852
2020-02-05T10:45:00+09:00,J1,883,902,1785
2020-02-05T10:45:00+09:00,J2,589,522,1111
2020-02-05T10:45:00+09:00,J3,279,209,488
2020-02-05T10:45:00+09:00,J4,1001,964,1965
2020-02-05T10:45:00+09:00,J5,428,357,785
2020-02-05T11:00:00+09:00,J1,941,951,1892
2020-02-05T11:00:00+09:00,J2,553,508,1061
2020-02-05T11:00:00+09:00,J3,281,195,476
2020-02-05T11:00:00+09:00,J4,1030,940,1970
2020-02-05T11:00:00+09:00,J5,381,371,752
2020-02-05T11:15:00+09:00,J1,829,903,1732
2020-02-05T11:15:00+09:00,J2,542,523,1065
2020-02-05T11:15:00+09:00,J3,298,175,473
2020-02-05T11:15:00+09:00,J4,947,898,1845
2020-02-05T11:15:00+09:00,J5,536,546,1082
2020-02-05T11:30:00+09:00,J1,921,941,1862
2020-02-05T11:30:00+09:00,J2,654,517,1171
2020-02-05T11:30:00+09:00,J3,318,274,592
2020-02-05T11:30:00+09:00,J4,978,1001,1979
2020-02-05T11:30:00+09:00,J5,673,646,1319
2020-02-05T11:45:00+09:00,J1,901,959,1860
2020-02-05T11:45:00+09:00,J2,620,485,1105
2020-02-05T11:45:00+09:00,J3,319,319,638
2020-02-05T11:45:00+09:00,J4,926,980,1906
2020-02-05T11:45:00+09:00,J5,563,525,1088
2020-02-05T12:00:00+09:00,J1,883,977,1860
2020-02-05T12:00:00+09:00,J2,608,515,1123
2020-02-05T12:00:00+09:00,J3,310,370,680
2020-02-05T12:00:00+09:00,J4,934,949,1883
2020-02-05T12:00:00+09:00,J5,615,582,1197
2020-02-05T12:15:00+09:00,J1,871,953,1824
2020-02-05T12:15:00+09:00,J2,612,516,1128
2020-02-05T12:15:00+09:00,J3,329,317,646
2020-02-05T12:15:00+09:00,J4,879,990,1869
2020-02-05T12:15:00+09:00,J5,490,523,1013
2020-02-05T12:30:00+09:00,J1,844,981,1825
2020-02-05T12:30:00+09:00,J2,654,610,1264
2020-02-05T12:30:00+09:00,J3,368,288,656
2020-02-05T12:30:00+09:00,J4,829,959,1788
2020-02-05T12:30:00+09:00,J5,562,522,1084
2020-02-05T12:45:00+09:00,J1,945,949,1894
2020-02-05T12:45:00+09:00,J2,607,566,1173
2020-02-05T12:45:00+09:00,J3,363,239,602
2020-02-05T12:45:00+09:00,J4,842,977,1819
2020-02-05T12:45:00+09:00,J5,610,560,1170
2020-02-05T13:00:00+09:00,J1,899,972,1871
2020-02-05T13:00:00+09:00,J2,639,587,1226
2020-02-05T13:00:00+09:00,J3,333,246,579
2020-02-05T13:00:00+09:00,J4,834,904,1738
2020-02-05T13:00:00+09:00,J5,626,628,1254
2020-02-05T13:15:00+09:00,J1,919,985,1904
2020-02-05T13:15:00+09:00,J2,662,571,1233
2020-02-05T13:15:00+09:00,J3,317,256,573
2020-02-05T13:15:00+09:00,J4,857,956,1813
2020-02-05T13:15:00+09:00,J5,513,550,1063
2020-02-05T13:30:00+09:00,J1,947,997,1944
2020-02-05T13:30:00+09:00,J2,627,590,1217
2020-02-05T13:30:00+09:00,J3,359,240,599
2020-02-05T13:30:00+09:00,J4,983,1113,2096
2020-02-05T13:30:00+09:00,J5,519,504,1023
2020-02-05T13:45:00+09:00,J1,935,908,1843
2020-02-05T13:45:00+09:00,J2,543,585,1128
2020-02-05T13:45:00+09:00,J3,366,205,571
2020-02-05T13:45:00+09:00,J4,1080,1010,2090
2020-02-05T13:45:00+09:00,J5,413,473,886
2020-02-05T14:00:00+09:00,J1,889,894,1783
2020-02-05T14:00:00+09:00,J2,601,538,1139
2020-02-05T14:00:00+09:00,J3,348,210,558
2020-02-05T14:00:00+09:00,J4,962,966,1928
2020-02-05T14:00:00+09:00,J5,368,438,806
2020-02-05T14:15:00+09:00,J1,875,928,1803
2020-02-05T14:15:00+09:00,J2,561,540,1101
2020-02-05T14:15:00+09:00,J3,345,239,584
2020-02-05T14:15:00+09:00,J4,985,963,1948
2020-02-05T14:15:00+09:00,J5,423,527,950
2020-02-05T14:30:00+09:00,J1,914,894,1808
2020-02-05T14:30:00+09:00,J2,562,583,1145
2020-02-05T14:30:00+09:00,J3,365,240,605
2020-02-05T14:30:00+09:00,J4,966,1021,1987
2020-02-05T14:30:00+09:00,J5,400,465,865
2020-02-05T14:45:00+09:00,J1,907,948,1855
2020-02-05T14:45:00+09:00,J2,572,549,1121
2020-02-05T14:45:00+09:00,J3,377,223,600
2020-02-05T14:45:00+09:00,J4,967,992,1959
2020-02-05T14:45:00+09:00,J5,382,456,838
2020-02-05T15:00:00+09:00,J1,850,946,1796
2020-02-05T15:00:00+09:00,J2,606,553,1159
2020-02-05T15:00:00+09:00,J3,316,195,511
2020-02-05T15:00:00+09:00,J4,1014,1033,2047
2020-02-05T15:00:00+09:00,J5,384,457,841
2020-02-05T15:15:00+09:00,J1,869,911,1780
2020-02-05T15:15:00+09:00,J2,617,575,1192
2020-02-05T15:15:00+09:00,J3,335,223,558
2020-02-05T15:15:00+09:00,J4,950,1009,1959
2020-02-05T15:15:00+09:00,J5,342,428,770
2020-02-05T15:30:00+09:00,J1,947,917,1864
2020-02-05T15:30:00+09:00,J2,647,555,1202
2020-02-05T15:30:00+09:00,J3,376,297,673
2020-02-05T15:30:00+09:00,J4,943,908,1851
2020-02-05T15:30:00+09:00,J5,343,474,817
2020-02-05T15:45:00+09:00,J1,908,920,1828
2020-02-05T15:45:00+09:00,J2,626,567,1193
2020-02-05T15:45:00+09:00,J3,385,226,611
2020-02-05T15:45:00+09:00,J4,931,968,1899
2020-02-05T15:45:00+09:00,J5,332,411,743
2020-02-05T16:00:00+09:00,J1,903,953,1856
2020-02-05T16:00:00+09:00,J2,618,528,1146
2020-02-05T16:00:00+09:00,J3,394,287,681
2020-02-05T16:00:00+09:00,J4,936,854,1790
2020-02-05T16:00:00+09:00,J5,333,399,732
2020-02-05T16:15:00+09:00,J1,884,901,1785
2020-02-05T16:15:00+09:00,J2,604,622,1226
2020-02-05T16:15:00+09:00,J3,364,295,659
2020-02-05T16:15:00+09:00,J4,964,1003,1967
2020-02-05T16:15:00+09:00,J5,330,432,762
2020-02-05T16:30:00+09:00,J1,812,897,1709
2020-02-05T16:30:00+09:00,J2,696,608,1304
2020-02-05T16:30:00+09:00,J3,449,357,806
2020-02-05T16:30:00+09:00,J4,915,868,1783
2020-02-05T16:30:00+09:00,J5,287,368,655
2020-02-05T16:45:00+09:00,J1,929,922,1851
2020-02-05T16:45:00+09:00,J2,680,549,1229
2020-02-05T16:45:00+09:00,J3,408,339,747
2020-02-05T16:45:00+09:00,J4,1011,965,1976
2020-02-05T16:45:00+09:00,J5,356,364,720
2020-02-05T17:00:00+09:00,J1,865,900,1765
2020-02-05T17:00:00+09:00,J2,684,581,1265
2020-02-05T17:00:00+09:00,J3,449,316,765
2020-02-05T17:00:00+09:00,J4,991,936,1927
2020-02-05T17:00:00+09:00,J5,371,420,791
2020-02-05T17:15:00+09:00,J1,929,859,1788
2020-02-05T17:15:00+09:00,J2,737,573,1310
2020-02-05T17:15:00+09:00,J3,509,316,825
2020-02-05T17:15:00+09:00,J4,985,1021,2006
2020-02-05T17:15:00+09:00,J5,420,506,926
2020-02-05T17:30:00+09:00,J1,842,879,1721
2020-02-05T17:30:00+09:00,J2,750,547,1297
2020-02-05T17:30:00+09:00,J3,494,346,840
2020-02-05T17:30:00+09:00,J4,1119,1043,2162
2020-02-05T17:30:00+09:00,J5,494,602,1096
2020-02-05T17:45:00+09:00,J1,852,910,1762
2020-02-05T17:45:00+09:00,J2,704,622,1326
2020-02-05T17:45:00+09:00,J3,495,397,892
2020-02-05T17:45:00+09:00,J4,1166,982,2148
2020-02-05T17:45:00+09:00,J5,597,659,1256
2020-02-05T18:00:00+09:00,J1,813,849,1662
2020-02-05T18:00:00+09:00,J2,787,627,1414
2020-02-05T18:00:00+09:00,J3,516,361,877
2020-02-05T18:00:00+09:00,J4,1231,985,2216
2020-02-05T18:00:00+09:00,J5,577,654,1231
2020-02-05T18:15:00+09:00,J1,775,798,1573
2020-02-05T18:15:00+09:00,J2,802,601,1403
2020-02-05T18:15:00+09:00,J3,556,286,842
2020-02-05T18:15:00+09:00,J4,1274,1057,2331
2020-02-05T18:15:00+09:00,J5,681,719,1400
2020-02-05T18:30:00+09:00,J1,772,805,1577
2020-02-05T18:30:00+09:00,J2,742,610,1352
2020-02-05T18:30:00+09:00,J3,489,316,805
2020-02-05T18:30:00+09:00,J4,1175,1008,2183
2020-02-05T18:30:00+09:00,J5,693,647,1340
2020-02-05T18:45:00+09:00,J1,776,821,1597
2020-02-05T18:45:00+09:00,J2,763,640,1403
2020-02-05T18:45:00+09:00,J3,512,329,841
2020-02-05T18:45:00+09:00,J4,1131,961,2092
2020-02-05T18:45:00+09:00,J5,641,606,1247
2020-02-05T19:00:00+09:00,J1,677,791,1468
2020-02-05T19:00:00+09:00,J2,629,611,1240
2020-02-05T19:00:00+09:00,J3,514,351,865
2020-02-05T19:00:00+09:00,J4,1054,1028,2082
2020-02-05T19:00:00+09:00,J5,630,564,1194
2020-02-05T19:15:00+09:00,J1,670,807,1477
2020-02-05T19:15:00+09:00,J2,691,488,1179
2020-02-05T19:15:00+09:00,J3,456,420,876
2020-02-05T19:15:00+09:00,J4,1133,1071,2204
2020-02-05T19:15:00+09:00,J5,678,622,1300
2020-02-05T19:30:00+09:00,J1,709,779,1488
2020-02-05T19:30:00+09:00,J2,615,483,1098
2020-02-05T19:30:00+09:00,J3,435,398,833
2020-02-05T19:30:00+09:00,J4,1051,1068,2119
2020-02-05T19:30:00+09:00,J5,613,610,1223
2020-02-05T19:45:00+09:00,J1,747,762,1509
2020-02-05T19:45:00+09:00,J2,539,520,1059
2020-02-05T19:45:00+09:00,J3,392,351,743
2020-02-05T19:45:00+09:00,J4,1038,1004,2042
2020-02-05T19:45:00+09:00,J5,605,570,1175
2020-02-05T20:00:00+09:00,J1,737,872,1609
2020-02-05T20:00:00+09:00,J2,530,503,1033
2020-02-05T20:00:00+09:00,J3,399,322,721
2020-02-05T20:00:00+09:00,J4,1029,1005,2034
2020-02-05T20:00:00+09:00,J5,607,573,1180
2020-02-05T20:15:00+09:00,J1,804,820,1624
2020-02-05T20:15:00+09:00,J2,540,523,1063
2020-02-05T20:15:00+09:00,J3,394,278,672
2020-02-05T20:15:00+09:00,J4,1027,1064,2091
2020-02-05T20:15:00+09:00,J5,568,566,1134
2020-02-05T20:30:00+09:00,J1,770,847,1617
2020-02-05T20:30:00+09:00,J2,485,572,1057
2020-02-05T20:30:00+09:00,J3,374,288,662
2020-02-05T20:30:00+09:00,J4,962,994,1956
2020-02-05T20:30:00+09:00,J5,621,593,1214
2020-02-05T20:45:00+09:00,J1,698,843,1541
2020-02-05T20:45:00+09:00,J2,476,524,1000
2020-02-05T20:45:00+09:00,J3,344,312,656
2020-02-05T20:45:00+09:00,J4,868,958,1826
2020-02-05T20:45:00+09:00,J5,514,546,1060
2020-02-05T21:00:00+09:00,J1,751,809,1560
2020-02-05T21:00:00+09:00,J2,561,532,1093
2020-02-05T21:00:00+09:00,J3,371,336,707
2020-02-05T21:00:00+09:00,J4,903,961,1864
2020-02-05T21:00:00+09:00,J5,584,538,1122
2020-02-05T21:15:00+09:00,J1,715,731,1446
2020-02-05T21:15:00+09:00,J2,557,596,1153
2020-02-05T21:15:00+09:00,J3,321,398,719
2020-02-05T21:15:00+09:00,J4,917,940,1857
2020-02-05T21:15:00+09:00,J5,581,585,1166
2020-02-05T21:30:00+09:00,J1,686,794,1480
2020-02-05T21:30:00+09:00,J2,550,614,1164
2020-02-05T21:30:00+09:00,J3,430,247,677
2020-02-05T21:30:00+09:00,J4,848,808,1656
2020-02-05T21:30:00+09:00,J5,638,658,1296
2020-02-05T21:45:00+09:00,J1,716,738,1454
2020-02-05T21:45:00+09:00,J2,463,492,955
2020-02-05T21:45:00+09:00,J3,375,248,623
2020-02-05T21:45:00+09:00,J4,844,898,1742
2020-02-05T21:45:00+09:00,J5,665,642,1307
2020-02-05T22:00:00+09:00,J1,714,796,1510
2020-02-05T22:00:00+09:00,J2,457,456,913
2020-02-05T22:00:00+09:00,J3,354,263,617
2020-02-05T22:00:00+09:00,J4,877,850,1727
2020-02-05T22:00:00+09:00,J5,572,615,1187
2020-02-05T22:15:00+09:00,J1,669,768,1437
2020-02-05T22:15:00+09:00,J2,483,422,905
2020-02-05T22:15:00+09:00,J3,346,303,649
2020-02-05T22:15:00+09:00,J4,781,834,1615
2020-02-05T22:15:00+09:00,J5,560,587,1147
2020-02-05T22:30:00+09:00,J1,763,854,1617
2020-02-05T22:30:00+09:00,J2,415,448,863
2020-02-05T22:30:00+09:00,J3,325,371,696
2020-02-05T22:30:00+09:00,J4,768,812,1580
2020-02-05T22:30:00+09:00,J5,525,509,1034
2020-02-05T22:45:00+09:00,J1,721,888,1609
2020-02-05T22:45:00+09:00,J2,514,518,1032
2020-02-05T22:45:00+09:00,J3,367,272,639
2020-02-05T22:45:00+09:00,J4,687,733,1420
2020-02-05T22:45:00+09:00,J5,470,460,930
2020-02-05T23:00:00+09:00,J1,759,857,1616
2020-02-05T23:00:00+09:00,J2,519,555,1074
2020-02-05T23:00:00+09:00,J3,371,252,623
2020-02-05T23:00:00+09:00,J4,569,682,1251
2020-02-05T23:00:00+09:00,J5,502,474,976
2020-02-05T23:15:00+09:00,J1,704,775,1479
2020-02-05T23:15:00+09:00,J2,528,588,1116
2020-02-05T23:15:00+09:00,J3,378,213,591
2020-02-05T23:15:00+09:00,J4,544,684,1228
2020-02-05T23:15:00+09:00,J5,483,469,952
2020-02-05T23:30:00+09:00,J1,726,743,1469
2020-02-05T23:30:00+09:00,J2,437,457,894
2020-02-05T23:30:00+09:00,J3,323,298,621
2020-02-05T23:30:00+09:00,J4,576,691,1267
2020-02-05T23:30:00+09:00,J5,486,461,947
2020-02-05T23:45:00+09:00,J1,740,827,1567
2020-02-05T23:45:00+09:00,J2,420,423,843
2020-02-05T23:45:00+09:00,J3,373,256,629
2020-02-05T23:45:00+09:00,J4,570,607,1177
2020-02-05T23:45:00+09:00,J5,449,461,910
2020-02-06T00:00:00+09:00,J1,771,837,1608
2020-02-06T00:00:00+09:00,J2,466,476,942
2020-02-06T00:00:00+09:00,J3,325,209,534
2020-02-06T00:00:00+09:00,J4,640,721,1361
2020-02-06T00:00:00+09:00,J5,535,499,1034
2020-02-06T00:15:00+09:00,J1,612,584,1196
2020-02-06T00:15:00+09:00,J2,338,355,693
2020-02-06T00:15:00+09:00,J3,280,189,469
2020-02-06T00:15:00+09:00,J4,477,538,1015
2020-02-06T00:15:00+09:00,J5,593,601,1194
2020-02-06T00:30:00+09:00,J1,456,469,925
2020-02-06T00:30:00+09:00,J2,274,272,546
2020-02-06T00:30:00+09:00,J3,275,215,490
2020-02-06T00:30:00+09:00,J4,441,423,864
2020-02-06T00:30:00+09:00,J5,630,581,1211
2020-02-06T00:45:00+09:00,J1,528,532,1060
2020-02-06T00:45:00+09:00,J2,246,247,493
2020-02-06T00:45:00+09:00,J3,267,269,536
2020-02-06T00:45:00+09:00,J4,513,578,1091
2020-02-06T00:45:00+09:00,J5,514,517,1031
2020-02-06T05:45:00+09:00,J1,785,755,1540
2020-02-06T05:45:00+09:00,J2,366,321,687
2020-02-06T05:45:00+09:00,J3,693,554,1247
2020-02-06T05:45:00+09:00,J4,455,522,977
2020-02-06T05:45:00+09:00,J5,601,581,1182
2020-02-06T06:00:00+09:00,J1,750,778,1528
2020-02-06T06:00:00+09:00,J2,336,348,684
2020-02-06T06:00:00+09:00,J3,662,597,1259
2020-02-06T06:00:00+09:00,J4,482,495,977
2020-02-06T06:00:00+09:00,J5,495,491,986
2020-02-06T06:15:00+09:00,J1,777,907,1684
2020-02-06T06:15:00+09:00,J2,467,408,875
2020-02-06T06:15:00+09:00,J3,579,586,1165
2020-02-06T06:15:00+09:00,J4,571,644,1215
2020-02-06T06:15:00+09:00,J5,497,489,986
2020-02-06T06:30:00+09:00,J1,850,824,1674
2020-02-06T06:30:00+09:00,J2,351,307,658
2020-02-06T06:30:00+09:00,J3,611,621,1232
2020-02-06T06:30:00+09:00,J4,558,661,1219
2020-02-06T06:30:00+09:00,J5,569,589,1158
2020-02-06T06:45:00+09:00,J1,729,828,1557
2020-02-06T06:45:00+09:00,J2,339,270,609
2020-02-06T06:45:00+09:00,J3,559,603,1162
2020-02-06T06:45:00+09:00,J4,655,737,1392
2020-02-06T06:45:00+09:00,J5,569,607,1176
2020-02-06T07:00:00+09:00,J1,752,912,1664
2020-02-06T07:00:00+09:00,J2,377,366,743
2020-02-06T07:00:00+09:00,J3,565,616,1181
2020-02-06T07:00:00+09:00,J4,616,793,1409
2020-02-06T07:00:00+09:00,J5,559,567,1126
2020-02-06T07:15:00+09:00,J1,776,862,1638
2020-02-06T07:15:00+09:00,J2,492,469,961
2020-02-06T07:15:00+09:00,J3,549,585,1134
2020-02-06T07:15:00+09:00,J4,686,869,1555
2020-02-06T07:15:00+09:00,J5,616,596,1212
2020-02-06T07:30:00+09:00,J1,769,835,1604
2020-02-06T07:30:00+09:00,J2,468,419,887
2020-02-06T07:30:00+09:00,J3,933,758,1691
2020-02-06T07:30:00+09:00,J4,769,962,1731
2020-02-06T07:30:00+09:00,J5,674,562,1236
2020-02-06T07:45:00+09:00,J1,816,850,1666
2020-02-06T07:45:00+09:00,J2,531,526,1057
2020-02-06T07:45:00+09:00,J3,1010,901,1911
2020-02-06T07:45:00+09:00,J4,844,1180,2024
2020-02-06T07:45:00+09:00,J5,529,571,1100
2020-02-06T08:00:00+09:00,J1,830,891,1721
2020-02-06T08:00:00+09:00,J2,683,402,1085
2020-02-06T08:00:00+09:00,J3,1143,969,2112
2020-02-06T08:00:00+09:00,J4,941,1257,2198
2020-02-06T08:00:00+09:00,J5,691,652,1343
2020-02-06T08:15:00+09:00,J1,837,833,1670
2020-02-06T08:15:00+09:00,J2,681,525,1206
2020-02-06T08:15:00+09:00,J3,1168,919,2087
2020-02-06T08:15:00+09:00,J4,1000,1261,2261
2020-02-06T08:15:00+09:00,J5,845,791,1636
2020-02-06T08:30:00+09:00,J1,803,925,1728
2020-02-06T08:30:00+09:00,J2,732,480,1212
2020-02-06T08:30:00+09:00,J3,1076,969,2045
2020-02-06T08:30:00+09:00,J4,1016,1298,2314
2020-02-06T08:30:00+09:00,J5,812,659,1471
2020-02-06T08:45:00+09:00,J1,884,956,1840
2020-02-06T08:45:00+09:00,J2,643,472,1115
2020-02-06T08:45:00+09:00,J3,985,911,1896
2020-02-06T08:45:00+09:00,J4,947,1148,2095
2020-02-06T08:45:00+09:00,J5,675,524,1199
2020-02-06T09:00:00+09:00,J1,864,923,1787
2020-02-06T09:00:00+09:00,J2,656,455,1111
2020-02-06T09:00:00+09:00,J3,985,820,1805
2020-02-06T09:00:00+09:00,J4,895,1056,1951
2020-02-06T09:00:00+09:00,J5,576,506,1082
2020-02-06T09:15:00+09:00,J1,991,967,1958
2020-02-06T09:15:00+09:00,J2,657,536,1193
2020-02-06T09:15:00+09:00,J3,835,816,1651
2020-02-06T09:15:00+09:00,J4,983,1131,2114
2020-02-06T09:15:00+09:00,J5,565,563,1128
2020-02-06T09:30:00+09:00,J1,924,949,1873
2020-02-06T09:30:00+09:00,J2,731,547,1278
2020-02-06T09:30:00+09:00,J3,853,856,1709
2020-02-06T09:30:00+09:00,J4,968,1077,2045
2020-02-06T09:30:00+09:00,J5,454,501,955
2020-02-06T09:45:00+09:00,J1,827,946,1773
2020-02-06T09:45:00+09:00,J2,633,589,1222
2020-02-06T09:45:00+09:00,J3,851,779,1630
2020-02-06T09:45:00+09:00,J4,1001,1065,2066
2020-02-06T09:45:00+09:00,J5,449,456,905
2020-02-06T10:00:00+09:00,J1,938,923,1861
2020-02-06T10:00:00+09:00,J2,640,593,1233
2020-02-06T10:00:00+09:00,J3,743,592,1335
2020-02-06T10:00:00+09:00,J4,1022,1079,2101
2020-02-06T10:00:00+09:00,J5,487,394,881
2020-02-06T10:15:00+09:00,J1,889,935,1824
2020-02-06T10:15:00+09:00,J2,612,487,1099
2020-02-06T10:15:00+09:00,J3,712,591,1303
2020-02-06T10:15:00+09:00,J4,1013,1052,2065
2020-02-06T10:15:00+09:00,J5,499,443,942
2020-02-06T10:30:00+09:00,J1,876,890,1766
2020-02-06T10:30:00+09:00,J2,575,440,1015
2020-02-06T10:30:00+09:00,J3,729,659,1388
2020-02-06T10:30:00+09:00,J4,1027,998,2025
2020-02-06T10:30:00+09:00,J5,474,391,865
2020-02-06T10:45:00+09:00,J1,907,913,1820
2020-02-06T10:45:00+09:00,J2,513,453,966
2020-02-06T10:45:00+09:00,J3,770,641,1411
2020-02-06T10:45:00+09:00,J4,1058,1035,2093
2020-02-06T10:45:00+09:00,J5,419,437,856
2020-02-06T11:00:00+09:00,J1,964,948,1912
2020-02-06T11:00:00+09:00,J2,532,461,993
2020-02-06T11:00:00+09:00,J3,738,660,1398
2020-02-06T11:00:00+09:00,J4,1072,1089,2161
2020-02-06T11:00:00+09:00,J5,434,364,798
2020-02-06T11:15:00+09:00,J1,896,941,1837
2020-02-06T11:15:00+09:00,J2,499,484,983
2020-02-06T11:15:00+09:00,J3,965,719,1684
2020-02-06T11:15:00+09:00,J4,1027,1120,2147
2020-02-06T11:15:00+09:00,J5,476,538,1014
2020-02-06T11:30:00+09:00,J1,830,890,1720
2020-02-06T11:30:00+09:00,J2,491,503,994
2020-02-06T11:30:00+09:00,J3,948,776,1724
2020-02-06T11:30:00+09:00,J4,976,1104,2080
2020-02-06T11:30:00+09:00,J5,678,695,1373
2020-02-06T11:45:00+09:00,J1,855,933,1788
2020-02-06T11:45:00+09:00,J2,518,490,1008
2020-02-06T11:45:00+09:00,J3,938,710,1648
2020-02-06T11:45:00+09:00,J4,1061,1113,2174
2020-02-06T11:45:00+09:00,J5,654,715,1369
2020-02-06T12:00:00+09:00,J1,865,917,1782
2020-02-06T12:00:00+09:00,J2,542,449,991
2020-02-06T12:00:00+09:00,J3,979,780,1759
2020-02-06T12:00:00+09:00,J4,1125,1098,2223
2020-02-06T12:00:00+09:00,J5,723,772,1495
2020-02-06T12:15:00+09:00,J1,798,915,1713
2020-02-06T12:15:00+09:00,J2,578,417,995
2020-02-06T12:15:00+09:00,J3,1070,809,1879
2020-02-06T12:15:00+09:00,J4,1010,1060,2070
2020-02-06T12:15:00+09:00,J5,630,553,1183
2020-02-06T12:30:00+09:00,J1,874,967,1841
2020-02-06T12:30:00+09:00,J2,566,449,1015
2020-02-06T12:30:00+09:00,J3,1135,845,1980
2020-02-06T12:30:00+09:00,J4,1043,1064,2107
2020-02-06T12:30:00+09:00,J5,582,484,1066
2020-02-06T12:45:00+09:00,J1,787,898,1685
2020-02-06T12:45:00+09:00,J2,569,462,1031
2020-02-06T12:45:00+09:00,J3,1161,965,2126
2020-02-06T12:45:00+09:00,J4,1021,1030,2051
2020-02-06T12:45:00+09:00,J5,625,524,1149
2020-02-06T13:00:00+09:00,J1,785,877,1662
2020-02-06T13:00:00+09:00,J2,598,466,1064
2020-02-06T13:00:00+09:00,J3,1098,927,2025
2020-02-06T13:00:00+09:00,J4,1108,1009,2117
2020-02-06T13:00:00+09:00,J5,580,512,1092
2020-02-06T13:15:00+09:00,J1,797,949,1746
2020-02-06T13:15:00+09:00,J2,584,459,1043
2020-02-06T13:15:00+09:00,J3,1153,910,2063
2020-02-06T13:15:00+09:00,J4,1091,1053,2144
2020-02-06T13:15:00+09:00,J5,550,520,1070
2020-02-06T13:30:00+09:00,J1,821,984,1805
2020-02-06T13:30:00+09:00,J2,576,438,1014
2020-02-06T13:30:00+09:00,J3,1167,828,1995
2020-02-06T13:30:00+09:00,J4,1123,1150,2273
2020-02-06T13:30:00+09:00,J5,559,536,1095
2020-02-06T13:45:00+09:00,J1,818,931,1749
2020-02-06T13:45:00+09:00,J2,617,442,1059
2020-02-06T13:45:00+09:00,J3,1163,841,2004
2020-02-06T13:45:00+09:00,J4,1042,1084,2126
2020-02-06T13:45:00+09:00,J5,607,605,1212
2020-02-06T14:00:00+09:00,J1,787,915,1702
2020-02-06T14:00:00+09:00,J2,572,445,1017
2020-02-06T14:00:00+09:00,J3,1152,824,1976
2020-02-06T14:00:00+09:00,J4,1022,1118,2140
2020-02-06T14:00:00+09:00,J5,620,635,1255
2020-02-06T14:15:00+09:00,J1,804,904,1708
2020-02-06T14:15:00+09:00,J2,545,437,982
2020-02-06T14:15:00+09:00,J3,1144,811,1955
2020-02-06T14:15:00+09:00,J4,1099,1087,2186
2020-02-06T14:15:00+09:00,J5,589,590,1179
2020-02-06T14:30:00+09:00,J1,849,928,1777
2020-02-06T14:30:00+09:00,J2,623,439,1062
2020-02-06T14:30:00+09:00,J3,1144,801,1945
2020-02-06T14:30:00+09:00,J4,1065,1090,2155
2020-02-06T14:30:00+09:00,J5,578,598,1176
2020-02-06T14:45:00+09:00,J1,858,880,1738
2020-02-06T14:45:00+09:00,J2,575,436,1011
2020-02-06T14:45:00+09:00,J3,1083,812,1895
2020-02-06T14:45:00+09:00,J4,1079,995,2074
2020-02-06T14:45:00+09:00,J5,587,507,1094
2020-02-06T15:00:00+09:00,J1,860,938,1798
2020-02-06T15:00:00+09:00,J2,478,400,878
2020-02-06T15:00:00+09:00,J3,1112,852,1964
2020-02-06T15:00:00+09:00,J4,1009,1063,2072
2020-02-06T15:00:00+09:00,J5,600,572,1172
2020-02-06T15:15:00+09:00,J1,896,897,1793
2020-02-06T15:15:00+09:00,J2,430,481,911
2020-02-06T15:15:00+09:00,J3,1102,804,1906
2020-02-06T15:15:00+09:00,J4,1059,1070,2129
2020-02-06T15:15:00+09:00,J5,595,587,1182
2020-02-06T15:30:00+09:00,J1,856,974,1830
2020-02-06T15:30:00+09:00,J2,553,535,1088
2020-02-06T15:30:00+09:00,J3,1091,795,1886
2020-02-06T15:30:00+09:00,J4,1091,1103,2194
2020-02-06T15:30:00+09:00,J5,565,576,1141
2020-02-06T15:45:00+09:00,J1,857,921,1778
2020-02-06T15:45:00+09:00,J2,465,527,992
2020-02-06T15:45:00+09:00,J3,1063,792,1855
2020-02-06T15:45:00+09:00,J4,1119,1020,2139
2020-02-06T15:45:00+09:00,J5,578,560,1138
2020-02-06T16:00:00+09:00,J1,878,893,1771
2020-02-06T16:00:00+09:00,J2,483,441,924
2020-02-06T16:00:00+09:00,J3,1068,811,1879
2020-02-06T16:00:00+09:00,J4,1025,1014,2039
2020-02-06T16:00:00+09:00,J5,614,593,1207
2020-02-06T16:15:00+09:00,J1,873,907,1780
2020-02-06T16:15:00+09:00,J2,542,411,953
2020-02-06T16:15:00+09:00,J3,1083,766,1849
2020-02-06T16:15:00+09:00,J4,993,1030,2023
2020-02-06T16:15:00+09:00,J5,638,636,1274
2020-02-06T16:30:00+09:00,J1,862,862,1724
2020-02-06T16:30:00+09:00,J2,540,395,935
2020-02-06T16:30:00+09:00,J3,1198,864,2062
2020-02-06T16:30:00+09:00,J4,1043,985,2028
2020-02-06T16:30:00+09:00,J5,714,580,1294
2020-02-06T16:45:00+09:00,J1,835,947,1782
2020-02-06T16:45:00+09:00,J2,491,391,882
2020-02-06T16:45:00+09:00,J3,1170,908,2078
2020-02-06T16:45:00+09:00,J4,970,920,1890
2020-02-06T16:45:00+09:00,J5,692,626,1318
2020-02-06T17:00:00+09:00,J1,872,929,1801
2020-02-06T17:00:00+09:00,J2,555,458,1013
2020-02-06T17:00:00+09:00,J3,1175,775,1950
2020-02-06T17:00:00+09:00,J4,1074,970,2044
2020-02-06T17:00:00+09:00,J5,665,691,1356
2020-02-06T17:15:00+09:00,J1,863,931,1794
2020-02-06T17:15:00+09:00,J2,626,501,1127
2020-02-06T17:15:00+09:00,J3,1141,962,2103
2020-02-06T17:15:00+09:00,J4,1049,1064,2113
2020-02-06T17:15:00+09:00,J5,761,825,1586
2020-02-06T17:30:00+09:00,J1,868,905,1773
2020-02-06T17:30:00+09:00,J2,633,601,1234
2020-02-06T17:30:00+09:00,J3,1219,973,2192
2020-02-06T17:30:00+09:00,J4,1088,998,2086
2020-02-06T17:30:00+09:00,J5,745,868,1613
2020-02-06T17:45:00+09:00,J1,872,868,1740
2020-02-06T17:45:00+09:00,J2,710,599,1309
2020-02-06T17:45:00+09:00,J3,1288,999,2287
2020-02-06T17:45:00+09:00,J4,936,940,1876
2020-02-06T17:45:00+09:00,J5,806,974,1780
2020-02-06T18:00:00+09:00,J1,851,887,1738
2020-02-06T18:00:00+09:00,J2,758,583,1341
2020-02-06T18:00:00+09:00,J3,1272,931,2203
2020-02-06T18:00:00+09:00,J4,1067,892,1959
2020-02-06T18:00:00+09:00,J5,820,959,1779
2020-02-06T18:15:00+09:00,J1,931,896,1827
2020-02-06T18:15:00+09:00,J2,707,540,1247
2020-02-06T18:15:00+09:00,J3,1300,1002,2302
2020-02-06T18:15:00+09:00,J4,1138,974,2112
2020-02-06T18:15:00+09:00,J5,589,689,1278
2020-02-06T18:30:00+09:00,J1,911,989,1900
2020-02-06T18:30:00+09:00,J2,703,517,1220
2020-02-06T18:30:00+09:00,J3,1207,869,2076
2020-02-06T18:30:00+09:00,J4,1127,1035,2162
2020-02-06T18:30:00+09:00,J5,455,525,980
2020-02-06T18:45:00+09:00,J1,927,937,1864
2020-02-06T18:45:00+09:00,J2,675,485,1160
2020-02-06T18:45:00+09:00,J3,1107,866,1973
2020-02-06T18:45:00+09:00,J4,892,926,1818
2020-02-06T18:45:00+09:00,J5,429,510,939
2020-02-06T19:00:00+09:00,J1,904,885,1789
2020-02-06T19:00:00+09:00,J2,550,437,987
2020-02-06T19:00:00+09:00,J3,1059,841,1900
2020-02-06T19:00:00+09:00,J4,1068,1040,2108
2020-02-06T19:00:00+09:00,J5,506,479,985
2020-02-06T19:15:00+09:00,J1,850,864,1714
2020-02-06T19:15:00+09:00,J2,505,458,963
2020-02-06T19:15:00+09:00,J3,991,862,1853
2020-02-06T19:15:00+09:00,J4,1035,1075,2110
2020-02-06T19:15:00+09:00,J5,473,552,1025
2020-02-06T19:30:00+09:00,J1,846,931,1777
2020-02-06T19:30:00+09:00,J2,518,463,981
2020-02-06T19:30:00+09:00,J3,948,802,1750
2020-02-06T19:30:00+09:00,J4,1070,946,2016
2020-02-06T19:30:00+09:00,J5,444,447,891
2020-02-06T19:45:00+09:00,J1,796,939,1735
2020-02-06T19:45:00+09:00,J2,427,464,891
2020-02-06T19:45:00+09:00,J3,919,803,1722
2020-02-06T19:45:00+09:00,J4,1036,1019,2055
2020-02-06T19:45:00+09:00,J5,437,422,859
2020-02-06T20:00:00+09:00,J1,807,905,1712
2020-02-06T20:00:00+09:00,J2,470,458,928
2020-02-06T20:00:00+09:00,J3,904,741,1645
2020-02-06T20:00:00+09:00,J4,1006,1024,2030
2020-02-06T20:00:00+09:00,J5,398,429,827
2020-02-06T20:15:00+09:00,J1,836,911,1747
2020-02-06T20:15:00+09:00,J2,470,471,941
2020-02-06T20:15:00+09:00,J3,925,706,1631
2020-02-06T20:15:00+09:00,J4,1020,1006,2026
2020-02-06T20:15:00+09:00,J5,418,455,873
2020-02-06T20:30:00+09:00,J1,831,853,1684
2020-02-06T20:30:00+09:00,J2,484,480,964
2020-02-06T20:30:00+09:00,J3,876,764,1640
2020-02-06T20:30:00+09:00,J4,984,933,1917
2020-02-06T20:30:00+09:00,J5,439,484,923
2020-02-06T20:45:00+09:00,J1,828,906,1734
2020-02-06T20:45:00+09:00,J2,433,500,933
2020-02-06T20:45:00+09:00,J3,800,700,1500
2020-02-06T20:45:00+09:00,J4,971,985,1956
2020-02-06T20:45:00+09:00,J5,454,352,806
2020-02-06T21:00:00+09:00,J1,861,872,1733
2020-02-06T21:00:00+09:00,J2,503,439,942
2020-02-06T21:00:00+09:00,J3,910,719,1629
2020-02-06T21:00:00+09:00,J4,963,957,1920
2020-02-06T21:00:00+09:00,J5,461,448,909
2020-02-06T21:15:00+09:00,J1,822,841,1663
2020-02-06T21:15:00+09:00,J2,521,519,1040
2020-02-06T21:15:00+09:00,J3,867,691,1558
2020-02-06T21:15:00+09:00,J4,832,941,1773
2020-02-06T21:15:00+09:00,J5,420,462,882
2020-02-06T21:30:00+09:00,J1,767,873,1640
2020-02-06T21:30:00+09:00,J2,454,557,1011
2020-02-06T21:30:00+09:00,J3,746,654,1400
2020-02-06T21:30:00+09:00,J4,797,868,1665
2020-02-06T21:30:00+09:00,J5,455,459,914
2020-02-06T21:45:00+09:00,J1,747,850,1597
2020-02-06T21:45:00+09:00,J2,412,423,835
2020-02-06T21:45:00+09:00,J3,742,676,1418
2020-02-06T21:45:00+09:00,J4,765,888,1653
2020-02-06T21:45:00+09:00,J5,492,480,972
2020-02-06T22:00:00+09:00,J1,782,862,1644
2020-02-06T22:00:00+09:00,J2,521,551,1072
2020-02-06T22:00:00+09:00,J3,772,664,1436
2020-02-06T22:00:00+09:00,J4,830,920,1750
2020-02-06T22:00:00+09:00,J5,491,500,991
2020-02-06T22:15:00+09:00,J1,793,855,1648
2020-02-06T22:15:00+09:00,J2,509,512,1021
2020-02-06T22:15:00+09:00,J3,744,683,1427
2020-02-06T22:15:00+09:00,J4,770,886,1656
2020-02-06T22:15:00+09:00,J5,517,577,1094
2020-02-06T22:30:00+09:00,J1,754,845,1599
2020-02-06T22:30:00+09:00,J2,456,439,895
2020-02-06T22:30:00+09:00,J3,757,675,1432
2020-02-06T22:30:00+09:00,J4,897,972,1869
2020-02-06T22:30:00+09:00,J5,542,548,1090
2020-02-06T22:45:00+09:00,J1,732,918,1650
2020-02-06T22:45:00+09:00,J2,461,486,947
2020-02-06T22:45:00+09:00,J3,700,562,1262
2020-02-06T22:45:00+09:00,J4,929,1073,2002
2020-02-06T22:45:00+09:00,J5,566,512,1078
2020-02-06T23:00:00+09:00,J1,817,863,1680
2020-02-06T23:00:00+09:00,J2,542,574,1116
2020-02-06T23:00:00+09:00,J3,662,574,1236
2020-02-06T23:00:00+09:00,J4,935,1048,1983
2020-02-06T23:00:00+09:00,J5,597,504,1101
2020-02-06T23:15:00+09:00,J1,779,870,1649
2020-02-06T23:15:00+09:00,J2,509,504,1013
2020-02-06T23:15:00+09:00,J3,680,548,1228
2020-02-06T23:15:00+09:00,J4,955,1120,2075
2020-02-06T23:15:00+09:00,J5,538,508,1046
2020-02-06T23:30:00+09:00,J1,766,878,1644
2020-02-06T23:30:00+09:00,J2,474,476,950
2020-02-06T23:30:00+09:00,J3,716,522,1238
2020-02-06T23:30:00+09:00,J4,864,915,1779
2020-02-06T23:30:00+09:00,J5,525,517,1042
2020-02-06T23:45:00+09:00,J1,784,849,1633
2020-02-06T23:45:00+09:00,J2,467,440,907
2020-02-06T23:45:00+09:00,J3,683,489,1172
2020-02-06T23:45:00+09:00,J4,817,874,1691
2020-02-06T23:45:00+09:00,J5,511,494,1005
2020-02-07T00:00:00+09:00,J1,703,676,1379
2020-02-07T00:00:00+09:00,J2,473,462,935
2020-02-07T00:00:00+09:00,J3,590,460,1050
2020-02-07T00:00:00+09:00,J4,830,845,1675
2020-02-07T00:00:00+09:00,J5,551,530,1081
2020-02-07T00:15:00+09:00,J1,546,526,1072
2020-02-07T00:15:00+09:00,J2,497,514,1011
2020-02-07T00:15:00+09:00,J3,527,416,943
2020-02-07T00:15:00+09:00,J4,668,712,1380
2020-02-07T00:15:00+09:00,J5,536,507,1043
2020-02-07T00:30:00+09:00,J1,489,524,1013
2020-02-07T00:30:00+09:00,J2,442,407,849
2020-02-07T00:30:00+09:00,J3,404,406,810
2020-02-07T00:30:00+09:00,J4,423,468,891
2020-02-07T00:30:00+09:00,J5,506,472,978
2020-02-07T00:45:00+09:00,J1,499,510,1009
2020-02-07T00:45:00+09:00,J2,357,293,650
2020-02-07T00:45:00+09:00,J3,465,369,834
2020-02-07T00:45:00+09:00,J4,360,374,734
2020-02-07T00:45:00+09:00,J5,523,454,977
2020-02-07T05:45:00+09:00,J1,673,722,1395
2020-02-07T05:45:00+09:00,J2,261,255,516
2020-02-07T05:45:00+09:00,J3,348,332,680
2020-02-07T05:45:00+09:00,J4,590,658,1248
2020-02-07T05:45:00+09:00,J5,486,525,1011
2020-02-07T06:00:00+09:00,J1,594,616,1210
2020-02-07T06:00:00+09:00,J2,261,237,498
2020-02-07T06:00:00+09:00,J3,373,378,751
2020-02-07T06:00:00+09:00,J4,631,700,1331
2020-02-07T06:00:00+09:00,J5,512,530,1042
2020-02-07T06:15:00+09:00,J1,717,728,1445
2020-02-07T06:15:00+09:00,J2,255,248,503
2020-02-07T06:15:00+09:00,J3,402,417,819
2020-02-07T06:15:00+09:00,J4,702,805,1507
2020-02-07T06:15:00+09:00,J5,496,487,983
2020-02-07T06:30:00+09:00,J1,688,768,1456
2020-02-07T06:30:00+09:00,J2,290,296,586
2020-02-07T06:30:00+09:00,J3,447,406,853
2020-02-07T06:30:00+09:00,J4,627,703,1330
2020-02-07T06:30:00+09:00,J5,495,528,1023
2020-02-07T06:45:00+09:00,J1,718,750,1468
2020-02-07T06:45:00+09:00,J2,431,448,879
2020-02-07T06:45:00+09:00,J3,456,374,830
2020-02-07T06:45:00+09:00,J4,652,834,1486
2020-02-07T06:45:00+09:00,J5,502,483,985
2020-02-07T07:00:00+09:00,J1,746,817,1563
2020-02-07T07:00:00+09:00,J2,564,579,1143
2020-02-07T07:00:00+09:00,J3,475,412,887
2020-02-07T07:00:00+09:00,J4,670,917,1587
2020-02-07T07:00:00+09:00,J5,547,495,1042
2020-02-07T07:15:00+09:00,J1,783,843,1626
2020-02-07T07:15:00+09:00,J2,577,587,1164
2020-02-07T07:15:00+09:00,J3,492,430,922
2020-02-07T07:15:00+09:00,J4,797,905,1702
2020-02-07T07:15:00+09:00,J5,658,540,1198
2020-02-07T07:30:00+09:00,J1,774,928,1702
2020-02-07T07:30:00+09:00,J2,528,472,1000
2020-02-07T07:30:00+09:00,J3,650,576,1226
2020-02-07T07:30:00+09:00,J4,828,1074,1902
2020-02-07T07:30:00+09:00,J5,736,592,1328
2020-02-07T07:45:00+09:00,J1,814,903,1717
2020-02-07T07:45:00+09:00,J2,508,426,934
2020-02-07T07:45:00+09:00,J3,894,818,1712
2020-02-07T07:45:00+09:00,J4,906,1221,2127
2020-02-07T07:45:00+09:00,J5,519,536,1055
2020-02-07T08:00:00+09:00,J1,881,917,1798
2020-02-07T08:00:00+09:00,J2,694,469,1163
2020-02-07T08:00:00+09:00,J3,1075,876,1951
2020-02-07T08:00:00+09:00,J4,1012,1147,2159
2020-02-07T08:00:00+09:00,J5,796,609,1405
2020-02-07T08:15:00+09:00,J1,859,947,1806
2020-02-07T08:15:00+09:00,J2,773,585,1358
2020-02-07T08:15:00+09:00,J3,1079,847,1926
2020-02-07T08:15:00+09:00,J4,1039,1213,2252
2020-02-07T08:15:00+09:00,J5,831,658,1489
2020-02-07T08:30:00+09:00,J1,877,898,1775
2020-02-07T08:30:00+09:00,J2,982,365,1347
2020-02-07T08:30:00+09:00,J3,1012,914,1926
2020-02-07T08:30:00+09:00,J4,985,1198,2183
2020-02-07T08:30:00+09:00,J5,803,581,1384
2020-02-07T08:45:00+09:00,J1,941,985,1926
2020-02-07T08:45:00+09:00,J2,648,491,1139
2020-02-07T08:45:00+09:00,J3,868,855,1723
2020-02-07T08:45:00+09:00,J4,924,1118,2042
2020-02-07T08:45:00+09:00,J5,645,528,1173
2020-02-07T09:00:00+09:00,J1,938,962,1900
2020-02-07T09:00:00+09:00,J2,604,463,1067
2020-02-07T09:00:00+09:00,J3,753,740,1493
2020-02-07T09:00:00+09:00,J4,862,1042,1904
2020-02-07T09:00:00+09:00,J5,609,462,1071
2020-02-07T09:15:00+09:00,J1,939,920,1859
2020-02-07T09:15:00+09:00,J2,587,478,1065
2020-02-07T09:15:00+09:00,J3,673,652,1325
2020-02-07T09:15:00+09:00,J4,926,1032,1958
2020-02-07T09:15:00+09:00,J5,621,555,1176
2020-02-07T09:30:00+09:00,J1,922,888,1810
2020-02-07T09:30:00+09:00,J2,615,445,1060
2020-02-07T09:30:00+09:00,J3,681,705,1386
2020-02-07T09:30:00+09:00,J4,1042,1018,2060
2020-02-07T09:30:00+09:00,J5,427,476,903
2020-02-07T09:45:00+09:00,J1,907,854,1761
2020-02-07T09:45:00+09:00,J2,598,437,1035
2020-02-07T09:45:00+09:00,J3,780,601,1381
2020-02-07T09:45:00+09:00,J4,969,967,1936
2020-02-07T09:45:00+09:00,J5,401,386,787
2020-02-07T10:00:00+09:00,J1,951,940,1891
2020-02-07T10:00:00+09:00,J2,482,377,859
2020-02-07T10:00:00+09:00,J3,745,619,1364
2020-02-07T10:00:00+09:00,J4,971,938,1909
2020-02-07T10:00:00+09:00,J5,368,348,716
2020-02-07T10:15:00+09:00,J1,924,912,1836
2020-02-07T10:15:00+09:00,J2,575,394,969
2020-02-07T10:15:00+09:00,J3,743,538,1281
2020-02-07T10:15:00+09:00,J4,871,984,1855
2020-02-07T10:15:00+09:00,J5,404,394,798
2020-02-07T10:30:00+09:00,J1,918,898,1816
2020-02-07T10:30:00+09:00,J2,632,528,1160
2020-02-07T10:30:00+09:00,J3,813,587,1400
2020-02-07T10:30:00+09:00,J4,941,996,1937
2020-02-07T10:30:00+09:00,J5,363,330,693
2020-02-07T10:45:00+09:00,J1,897,945,1842
2020-02-07T10:45:00+09:00,J2,594,509,1103
2020-02-07T10:45:00+09:00,J3,720,562,1282
2020-02-07T10:45:00+09:00,J4,948,894,1842
2020-02-07T10:45:00+09:00,J5,386,408,794
2020-02-07T11:00:00+09:00,J1,908,891,1799
2020-02-07T11:00:00+09:00,J2,597,528,1125
2020-02-07T11:00:00+09:00,J3,771,519,1290
2020-02-07T11:00:00+09:00,J4,934,984,1918
2020-02-07T11:00:00+09:00,J5,364,368,732
2020-02-07T11:15:00+09:00,J1,871,936,1807
2020-02-07T11:15:00+09:00,J2,532,477,1009
2020-02-07T11:15:00+09:00,J3,923,734,1657
2020-02-07T11:15:00+09:00,J4,915,962,1877
2020-02-07T11:15:00+09:00,J5,458,509,967
2020-02-07T11:30:00+09:00,J1,898,923,1821
2020-02-07T11:30:00+09:00,J2,588,408,996
2020-02-07T11:30:00+09:00,J3,935,727,1662
2020-02-07T11:30:00+09:00,J4,914,1028,1942
2020-02-07T11:30:00+09:00,J5,635,656,1291
2020-02-07T11:45:00+09:00,J1,891,993,1884
2020-02-07T11:45:00+09:00,J2,474,382,856
2020-02-07T11:45:00+09:00,J3,984,738,1722
2020-02-07T11:45:00+09:00,J4,912,867,1779
2020-02-07T11:45:00+09:00,J5,672,747,1419
2020-02-07T12:00:00+09:00,J1,893,958,1851
2020-02-07T12:00:00+09:00,J2,477,439,916
2020-02-07T12:00:00+09:00,J3,1044,699,1743
2020-02-07T12:00:00+09:00,J4,1000,928,1928
2020-02-07T12:00:00+09:00,J5,733,814,1547
2020-02-07T12:15:00+09:00,J1,885,990,1875
2020-02-07T12:15:00+09:00,J2,556,515,1071
2020-02-07T12:15:00+09:00,J3,1001,822,1823
2020-02-07T12:15:00+09:00,J4,995,1073,2068
2020-02-07T12:15:00+09:00,J5,648,634,1282
2020-02-07T12:30:00+09:00,J1,949,920,1869
2020-02-07T12:30:00+09:00,J2,533,511,1044
2020-02-07T12:30:00+09:00,J3,1037,825,1862
2020-02-07T12:30:00+09:00,J4,955,1025,1980
2020-02-07T12:30:00+09:00,J5,677,567,1244
2020-02-07T12:45:00+09:00,J1,931,942,1873
2020-02-07T12:45:00+09:00,J2,503,471,974
2020-02-07T12:45:00+09:00,J3,1019,900,1919
2020-02-07T12:45:00+09:00,J4,1004,1002,2006
2020-02-07T12:45:00+09:00,J5,601,596,1197
2020-02-07T13:00:00+09:00,J1,936,964,1900
2020-02-07T13:00:00+09:00,J2,491,521,1012
2020-02-07T13:00:00+09:00,J3,931,894,1825
2020-02-07T13:00:00+09:00,J4,1010,932,1942
2020-02-07T13:00:00+09:00,J5,626,567,1193
2020-02-07T13:15:00+09:00,J1,943,946,1889
2020-02-07T13:15:00+09:00,J2,515,436,951
2020-02-07T13:15:00+09:00,J3,908,845,1753
2020-02-07T13:15:00+09:00,J4,970,881,1851
2020-02-07T13:15:00+09:00,J5,622,539,1161
2020-02-07T13:30:00+09:00,J1,903,980,1883
2020-02-07T13:30:00+09:00,J2,553,387,940
2020-02-07T13:30:00+09:00,J3,1073,823,1896
2020-02-07T13:30:00+09:00,J4,872,924,1796
2020-02-07T13:30:00+09:00,J5,598,514,1112
2020-02-07T13:45:00+09:00,J1,933,974,1907
2020-02-07T13:45:00+09:00,J2,565,425,990
2020-02-07T13:45:00+09:00,J3,998,843,1841
2020-02-07T13:45:00+09:00,J4,781,841,1622
2020-02-07T13:45:00+09:00,J5,569,498,1067
2020-02-07T14:00:00+09:00,J1,896,1009,1905
2020-02-07T14:00:00+09:00,J2,566,407,973
2020-02-07T14:00:00+09:00,J3,1045,864,1909
2020-02-07T14:00:00+09:00,J4,828,860,1688
2020-02-07T14:00:00+09:00,J5,532,488,1020
2020-02-07T14:15:00+09:00,J1,964,982,1946
2020-02-07T14:15:00+09:00,J2,511,487,998
2020-02-07T14:15:00+09:00,J3,1076,792,1868
2020-02-07T14:15:00+09:00,J4,849,857,1706
2020-02-07T14:15:00+09:00,J5,559,518,1077
2020-02-07T14:30:00+09:00,J1,926,962,1888
2020-02-07T14:30:00+09:00,J2,448,464,912
2020-02-07T14:30:00+09:00,J3,895,808,1703
2020-02-07T14:30:00+09:00,J4,793,991,1784
2020-02-07T14:30:00+09:00,J5,614,571,1185
2020-02-07T14:45:00+09:00,J1,903,973,1876
2020-02-07T14:45:00+09:00,J2,452,505,957
2020-02-07T14:45:00+09:00,J3,1021,828,1849
2020-02-07T14:45:00+09:00,J4,776,919,1695
2020-02-07T14:45:00+09:00,J5,557,516,1073
2020-02-07T15:00:00+09:00,J1,943,997,1940
2020-02-07T15:00:00+09:00,J2,465,478,943
2020-02-07T15:00:00+09:00,J3,970,825,1795
2020-02-07T15:00:00+09:00,J4,801,953,1754
2020-02-07T15:00:00+09:00,J5,526,503,1029
2020-02-07T15:15:00+09:00,J1,929,1044,1973
2020-02-07T15:15:00+09:00,J2,486,527,1013
2020-02-07T15:15:00+09:00,J3,963,822,1785
2020-02-07T15:15:00+09:00,J4,887,904,1791
2020-02-07T15:15:00+09:00,J5,518,436,954
2020-02-07T15:30:00+09:00,J1,924,998,1922
2020-02-07T15:30:00+09:00,J2,502,500,1002
2020-02-07T15:30:00+09:00,J3,908,841,1749
2020-02-07T15:30:00+09:00,J4,797,876,1673
2020-02-07T15:30:00+09:00,J5,595,540,1135
2020-02-07T15:45:00+09:00,J1,908,995,1903
2020-02-07T15:45:00+09:00,J2,524,505,1029
2020-02-07T15:45:00+09:00,J3,883,808,1691
2020-02-07T15:45:00+09:00,J4,806,905,1711
2020-02-07T15:45:00+09:00,J5,501,482,983
2020-02-07T16:00:00+09:00,J1,930,959,1889
2020-02-07T16:00:00+09:00,J2,578,455,1033
2020-02-07T16:00:00+09:00,J3,907,833,1740
2020-02-07T16:00:00+09:00,J4,791,881,1672
2020-02-07T16:00:00+09:00,J5,583,500,1083
2020-02-07T16:15:00+09:00,J1,953,915,1868
2020-02-07T16:15:00+09:00,J2,545,418,963
2020-02-07T16:15:00+09:00,J3,929,821,1750
2020-02-07T16:15:00+09:00,J4,837,860,1697
2020-02-07T16:15:00+09:00,J5,581,557,1138
2020-02-07T16:30:00+09:00,J1,939,1004,1943
2020-02-07T16:30:00+09:00,J2,548,401,949
2020-02-07T16:30:00+09:00,J3,1022,685,1707
2020-02-07T16:30:00+09:00,J4,737,824,1561
2020-02-07T16:30:00+09:00,J5,610,566,1176
2020-02-07T16:45:00+09:00,J1,929,940,1869
2020-02-07T16:45:00+09:00,J2,617,449,1066
2020-02-07T16:45:00+09:00,J3,1060,659,1719
2020-02-07T16:45:00+09:00,J4,760,863,1623
2020-02-07T16:45:00+09:00,J5,606,551,1157
2020-02-07T17:00:00+09:00,J1,972,978,1950
2020-02-07T17:00:00+09:00,J2,621,475,1096
2020-02-07T17:00:00+09:00,J3,1095,868,1963
2020-02-07T17:00:00+09:00,J4,879,902,1781
2020-02-07T17:00:00+09:00,J5,595,670,1265
2020-02-07T17:15:00+09:00,J1,1013,970,1983
2020-02-07T17:15:00+09:00,J2,651,455,1106
2020-02-07T17:15:00+09:00,J3,1128,875,2003
2020-02-07T17:15:00+09:00,J4,924,920,1844
2020-02-07T17:15:00+09:00,J5,755,818,1573
2020-02-07T17:30:00+09:00,J1,1055,1000,2055
2020-02-07T17:30:00+09:00,J2,690,538,1228
2020-02-07T17:30:00+09:00,J3,1182,916,2098
2020-02-07T17:30:00+09:00,J4,1036,944,1980
2020-02-07T17:30:00+09:00,J5,695,861,1556
2020-02-07T17:45:00+09:00,J1,1042,1009,2051
2020-02-07T17:45:00+09:00,J2,670,535,1205
2020-02-07T17:45:00+09:00,J3,1150,926,2076
2020-02-07T17:45:00+09:00,J4,1147,950,2097
2020-02-07T17:45:00+09:00,J5,793,934,1727
2020-02-07T18:00:00+09:00,J1,1076,998,2074
2020-02-07T18:00:00+09:00,J2,676,544,1220
2020-02-07T18:00:00+09:00,J3,1143,902,2045
2020-02-07T18:00:00+09:00,J4,1210,984,2194
2020-02-07T18:00:00+09:00,J5,724,968,1692
2020-02-07T18:15:00+09:00,J1,1009,989,1998
2020-02-07T18:15:00+09:00,J2,761,509,1270
2020-02-07T18:15:00+09:00,J3,1231,832,2063
2020-02-07T18:15:00+09:00,J4,995,724,1719
2020-02-07T18:15:00+09:00,J5,611,809,1420
2020-02-07T18:30:00+09:00,J1,1032,972,2004
2020-02-07T18:30:00+09:00,J2,650,495,1145
2020-02-07T18:30:00+09:00,J3,1052,740,1792
2020-02-07T18:30:00+09:00,J4,987,851,1838
2020-02-07T18:30:00+09:00,J5,433,662,1095
2020-02-07T18:45:00+09:00,J1,1004,939,1943
2020-02-07T18:45:00+09:00,J2,581,521,1102
2020-02-07T18:45:00+09:00,J3,985,739,1724
2020-02-07T18:45:00+09:00,J4,943,956,1899
2020-02-07T18:45:00+09:00,J5,465,551,1016
2020-02-07T19:00:00+09:00,J1,915,923,1838
2020-02-07T19:00:00+09:00,J2,514,558,1072
2020-02-07T19:00:00+09:00,J3,941,759,1700
2020-02-07T19:00:00+09:00,J4,1041,941,1982
2020-02-07T19:00:00+09:00,J5,389,563,952
2020-02-07T19:15:00+09:00,J1,892,919,1811
2020-02-07T19:15:00+09:00,J2,510,529,1039
2020-02-07T19:15:00+09:00,J3,910,708,1618
2020-02-07T19:15:00+09:00,J4,1040,924,1964
2020-02-07T19:15:00+09:00,J5,389,591,980
2020-02-07T19:30:00+09:00,J1,907,906,1813
2020-02-07T19:30:00+09:00,J2,531,501,1032
2020-02-07T19:30:00+09:00,J3,871,652,1523
2020-02-07T19:30:00+09:00,J4,1106,1091,2197
2020-02-07T19:30:00+09:00,J5,378,474,852
2020-02-07T19:45:00+09:00,J1,840,898,1738
2020-02-07T19:45:00+09:00,J2,427,478,905
2020-02-07T19:45:00+09:00,J3,879,620,1499
2020-02-07T19:45:00+09:00,J4,1116,972,2088
2020-02-07T19:45:00+09:00,J5,368,399,767
2020-02-07T20:00:00+09:00,J1,946,849,1795
2020-02-07T20:00:00+09:00,J2,467,476,943
2020-02-07T20:00:00+09:00,J3,771,613,1384
2020-02-07T20:00:00+09:00,J4,1033,978,2011
2020-02-07T20:00:00+09:00,J5,368,418,786
2020-02-07T20:15:00+09:00,J1,866,882,1748
2020-02-07T20:15:00+09:00,J2,503,473,976
2020-02-07T20:15:00+09:00,J3,864,710,1574
2020-02-07T20:15:00+09:00,J4,1007,952,1959
2020-02-07T20:15:00+09:00,J5,353,493,846
2020-02-07T20:30:00+09:00,J1,843,927,1770
2020-02-07T20:30:00+09:00,J2,456,504,960
2020-02-07T20:30:00+09:00,J3,911,705,1616
2020-02-07T20:30:00+09:00,J4,933,923,1856
2020-02-07T20:30:00+09:00,J5,349,419,768
2020-02-07T20:45:00+09:00,J1,809,904,1713
2020-02-07T20:45:00+09:00,J2,464,489,953
2020-02-07T20:45:00+09:00,J3,824,690,1514
2020-02-07T20:45:00+09:00,J4,914,948,1862
2020-02-07T20:45:00+09:00,J5,356,384,740
2020-02-07T21:00:00+09:00,J1,815,908,1723
2020-02-07T21:00:00+09:00,J2,440,440,880
2020-02-07T21:00:00+09:00,J3,815,616,1431
2020-02-07T21:00:00+09:00,J4,974,1013,1987
2020-02-07T21:00:00+09:00,J5,352,353,705
2020-02-07T21:15:00+09:00,J1,755,908,1663
2020-02-07T21:15:00+09:00,J2,532,556,1088
2020-02-07T21:15:00+09:00,J3,785,582,1367
2020-02-07T21:15:00+09:00,J4,910,941,1851
2020-02-07T21:15:00+09:00,J5,367,340,707
2020-02-07T21:30:00+09:00,J1,760,819,1579
2020-02-07T21:30:00+09:00,J2,524,557,1081
2020-02-07T21:30:00+09:00,J3,737,628,1365
2020-02-07T21:30:00+09:00,J4,893,947,1840
2020-02-07T21:30:00+09:00,J5,386,336,722
2020-02-07T21:45:00+09:00,J1,696,869,1565
2020-02-07T21:45:00+09:00,J2,535,546,1081
2020-02-07T21:45:00+09:00,J3,769,655,1424
2020-02-07T21:45:00+09:00,J4,800,843,1643
2020-02-07T21:45:00+09:00,J5,405,368,773
2020-02-07T22:00:00+09:00,J1,674,843,1517
2020-02-07T22:00:00+09:00,J2,439,508,947
2020-02-07T22:00:00+09:00,J3,813,709,1522
2020-02-07T22:00:00+09:00,J4,708,925,1633
2020-02-07T22:00:00+09:00,J5,417,459,876
2020-02-07T22:15:00+09:00,J1,712,817,1529
2020-02-07T22:15:00+09:00,J2,498,546,1044
2020-02-07T22:15:00+09:00,J3,788,692,1480
2020-02-07T22:15:00+09:00,J4,802,882,1684
2020-02-07T22:15:00+09:00,J5,470,487,957
2020-02-07T22:30:00+09:00,J1,713,864,1577
2020-02-07T22:30:00+09:00,J2,508,572,1080
2020-02-07T22:30:00+09:00,J3,815,695,1510
2020-02-07T22:30:00+09:00,J4,779,887,1666
2020-02-07T22:30:00+09:00,J5,502,569,1071
2020-02-07T22:45:00+09:00,J1,685,794,1479
2020-02-07T22:45:00+09:00,J2,420,488,908
2020-02-07T22:45:00+09:00,J3,794,589,1383
2020-02-07T22:45:00+09:00,J4,799,963,1762
2020-02-07T22:45:00+09:00,J5,549,591,1140
2020-02-07T23:00:00+09:00,J1,674,737,1411
2020-02-07T23:00:00+09:00,J2,484,467,951
2020-02-07T23:00:00+09:00,J3,737,568,1305
2020-02-07T23:00:00+09:00,J4,792,940,1732
2020-02-07T23:00:00+09:00,J5,552,541,1093
2020-02-07T23:15:00+09:00,J1,641,766,1407
2020-02-07T23:15:00+09:00,J2,547,535,1082
2020-02-07T23:15:00+09:00,J3,763,640,1403
2020-02-07T23:15:00+09:00,J4,677,819,1496
2020-02-07T23:15:00+09:00,J5,601,551,1152
2020-02-07T23:30:00+09:00,J1,713,784,1497
2020-02-07T23:30:00+09:00,J2,528,503,1031
2020-02-07T23:30:00+09:00,J3,809,664,1473
2020-02-07T23:30:00+09:00,J4,776,899,1675
2020-02-07T23:30:00+09:00,J5,549,471,1020
2020-02-07T23:45:00+09:00,J1,701,839,1540
2020-02-07T23:45:00+09:00,J2,405,420,825
2020-02-07T23:45:00+09:00,J3,820,589,1409
2020-02-07T23:45:00+09:00,J4,639,792,1431
2020-02-07T23:45:00+09:00,J5,627,558,1185
2020-02-08T00:00:00+09:00,J1,689,861,1550
2020-02-08T00:00:00+09:00,J2,481,494,975
2020-02-08T00:00:00+09:00,J3,783,573,1356
2020-02-08T00:00:00+09:00,J4,782,836,1618
2020-02-08T00:00:00+09:00,J5,492,560,1052
2020-02-08T00:15:00+09:00,J1,655,650,1305
2020-02-08T00:15:00+09:00,J2,467,503,970
2020-02-08T00:15:00+09:00,J3,521,443,964
2020-02-08T00:15:00+09:00,J4,640,701,1341
2020-02-08T00:15:00+09:00,J5,432,394,826
2020-02-08T00:30:00+09:00,J1,550,508,1058
2020-02-08T00:30:00+09:00,J2,505,577,1082
2020-02-08T00:30:00+09:00,J3,538,475,1013
2020-02-08T00:30:00+09:00,J4,429,534,963
2020-02-08T00:30:00+09:00,J5,400,415,815
2020-02-08T00:45:00+09:00,J1,466,485,951
2020-02-08T00:45:00+09:00,J2,476,504,980
2020-02-08T00:45:00+09:00,J3,469,436,905
2020-02-08T00:45:00+09:00,J4,496,536,1032
2020-02-08T00:45:00+09:00,J5,420,393,813
2020-02-08T05:45:00+09:00,J1,540,615,1155
2020-02-08T05:45:00+09:00,J2,408,446,854
2020-02-08T05:45:00+09:00,J3,405,368,773
2020-02-08T05:45:00+09:00,J4,515,621,1136
2020-02-08T05:45:00+09:00,J5,404,443,847
2020-02-08T06:00:00+09:00,J1,696,777,1473
2020-02-08T06:00:00+09:00,J2,492,435,927
2020-02-08T06:00:00+09:00,J3,509,417,926
2020-02-08T06:00:00+09:00,J4,482,605,1087
2020-02-08T06:00:00+09:00,J5,406,406,812
2020-02-08T06:15:00+09:00,J1,631,704,1335
2020-02-08T06:15:00+09:00,J2,430,454,884
2020-02-08T06:15:00+09:00,J3,532,483,1015
2020-02-08T06:15:00+09:00,J4,528,643,1171
2020-02-08T06:15:00+09:00,J5,433,415,848
2020-02-08T06:30:00+09:00,J1,692,782,1474
2020-02-08T06:30:00+09:00,J2,449,419,868
2020-02-08T06:30:00+09:00,J3,408,413,821
2020-02-08T06:30:00+09:00,J4,500,598,1098
2020-02-08T06:30:00+09:00,J5,425,447,872
2020-02-08T06:45:00+09:00,J1,681,755,1436
2020-02-08T06:45:00+09:00,J2,361,354,715
2020-02-08T06:45:00+09:00,J3,470,409,879
2020-02-08T06:45:00+09:00,J4,515,666,1181
2020-02-08T06:45:00+09:00,J5,465,464,929
2020-02-08T07:00:00+09:00,J1,721,778,1499
2020-02-08T07:00:00+09:00,J2,316,305,621
2020-02-08T07:00:00+09:00,J3,447,402,849
2020-02-08T07:00:00+09:00,J4,651,784,1435
2020-02-08T07:00:00+09:00,J5,504,513,1017
2020-02-08T07:15:00+09:00,J1,677,822,1499
2020-02-08T07:15:00+09:00,J2,357,313,670
2020-02-08T07:15:00+09:00,J3,492,423,915
2020-02-08T07:15:00+09:00,J4,597,717,1314
2020-02-08T07:15:00+09:00,J5,507,501,1008
2020-02-08T07:30:00+09:00,J1,774,856,1630
2020-02-08T07:30:00+09:00,J2,342,335,677
2020-02-08T07:30:00+09:00,J3,499,467,966
2020-02-08T07:30:00+09:00,J4,689,855,1544
2020-02-08T07:30:00+09:00,J5,525,516,1041
2020-02-08T07:45:00+09:00,J1,735,798,1533
2020-02-08T07:45:00+09:00,J2,388,368,756
2020-02-08T07:45:00+09:00,J3,537,447,984
2020-02-08T07:45:00+09:00,J4,598,821,1419
2020-02-08T07:45:00+09:00,J5,533,507,1040
2020-02-08T08:00:00+09:00,J1,814,1035,1849
2020-02-08T08:00:00+09:00,J2,606,489,1095
2020-02-08T08:00:00+09:00,J3,892,629,1521
2020-02-08T08:00:00+09:00,J4,813,926,1739
2020-02-08T08:00:00+09:00,J5,578,509,1087
2020-02-08T08:15:00+09:00,J1,823,920,1743
2020-02-08T08:15:00+09:00,J2,528,424,952
2020-02-08T08:15:00+09:00,J3,906,710,1616
2020-02-08T08:15:00+09:00,J4,949,1000,1949
2020-02-08T08:15:00+09:00,J5,520,517,1037
2020-02-08T08:30:00+09:00,J1,730,885,1615
2020-02-08T08:30:00+09:00,J2,596,527,1123
2020-02-08T08:30:00+09:00,J3,899,875,1774
2020-02-08T08:30:00+09:00,J4,929,1033,1962
2020-02-08T08:30:00+09:00,J5,653,619,1272
2020-02-08T08:45:00+09:00,J1,742,937,1679
2020-02-08T08:45:00+09:00,J2,554,508,1062
2020-02-08T08:45:00+09:00,J3,887,815,1702
2020-02-08T08:45:00+09:00,J4,937,999,1936
2020-02-08T08:45:00+09:00,J5,664,663,1327
2020-02-08T09:00:00+09:00,J1,873,990,1863
2020-02-08T09:00:00+09:00,J2,726,612,1338
2020-02-08T09:00:00+09:00,J3,663,593,1256
2020-02-08T09:00:00+09:00,J4,877,918,1795
2020-02-08T09:00:00+09:00,J5,413,455,868
2020-02-08T09:15:00+09:00,J1,864,940,1804
2020-02-08T09:15:00+09:00,J2,733,595,1328
2020-02-08T09:15:00+09:00,J3,698,592,1290
2020-02-08T09:15:00+09:00,J4,825,974,1799
2020-02-08T09:15:00+09:00,J5,313,321,634
2020-02-08T09:30:00+09:00,J1,943,814,1757
2020-02-08T09:30:00+09:00,J2,704,617,1321
2020-02-08T09:30:00+09:00,J3,776,739,1515
2020-02-08T09:30:00+09:00,J4,903,873,1776
2020-02-08T09:30:00+09:00,J5,358,352,710
2020-02-08T09:45:00+09:00,J1,842,881,1723
2020-02-08T09:45:00+09:00,J2,664,523,1187
2020-02-08T09:45:00+09:00,J3,820,753,1573
2020-02-08T09:45:00+09:00,J4,860,941,1801
2020-02-08T09:45:00+09:00,J5,363,328,691
2020-02-08T10:00:00+09:00,J1,864,842,1706
2020-02-08T10:00:00+09:00,J2,619,545,1164
2020-02-08T10:00:00+09:00,J3,776,698,1474
2020-02-08T10:00:00+09:00,J4,851,893,1744
2020-02-08T10:00:00+09:00,J5,406,315,721
2020-02-08T10:15:00+09:00,J1,910,921,1831
2020-02-08T10:15:00+09:00,J2,712,515,1227
2020-02-08T10:15:00+09:00,J3,786,698,1484
2020-02-08T10:15:00+09:00,J4,905,880,1785
2020-02-08T10:15:00+09:00,J5,354,321,675
2020-02-08T10:30:00+09:00,J1,854,887,1741
2020-02-08T10:30:00+09:00,J2,735,518,1253
2020-02-08T10:30:00+09:00,J3,724,589,1313
2020-02-08T10:30:00+09:00,J4,869,1048,1917
2020-02-08T10:30:00+09:00,J5,344,303,647
2020-02-08T10:45:00+09:00,J1,881,880,1761
2020-02-08T10:45:00+09:00,J2,669,483,1152
2020-02-08T10:45:00+09:00,J3,727,535,1262
2020-02-08T10:45:00+09:00,J4,1039,1021,2060
2020-02-08T10:45:00+09:00,J5,402,360,762
2020-02-08T11:00:00+09:00,J1,798,947,1745
2020-02-08T11:00:00+09:00,J2,589,540,1129
2020-02-08T11:00:00+09:00,J3,946,784,1730
2020-02-08T11:00:00+09:00,J4,958,1006,1964
2020-02-08T11:00:00+09:00,J5,501,522,1023
2020-02-08T11:15:00+09:00,J1,914,954,1868
2020-02-08T11:15:00+09:00,J2,531,460,991
2020-02-08T11:15:00+09:00,J3,921,709,1630
2020-02-08T11:15:00+09:00,J4,863,957,1820
2020-02-08T11:15:00+09:00,J5,710,632,1342
2020-02-08T11:30:00+09:00,J1,831,909,1740
2020-02-08T11:30:00+09:00,J2,543,455,998
2020-02-08T11:30:00+09:00,J3,911,725,1636
2020-02-08T11:30:00+09:00,J4,926,1074,2000
2020-02-08T11:30:00+09:00,J5,647,666,1313
2020-02-08T11:45:00+09:00,J1,851,952,1803
2020-02-08T11:45:00+09:00,J2,547,363,910
2020-02-08T11:45:00+09:00,J3,972,757,1729
2020-02-08T11:45:00+09:00,J4,944,993,1937
2020-02-08T11:45:00+09:00,J5,705,628,1333
2020-02-08T12:00:00+09:00,J1,871,945,1816
2020-02-08T12:00:00+09:00,J2,527,385,912
2020-02-08T12:00:00+09:00,J3,1001,792,1793
2020-02-08T12:00:00+09:00,J4,972,1041,2013
2020-02-08T12:00:00+09:00,J5,616,665,1281
2020-02-08T12:15:00+09:00,J1,825,894,1719
2020-02-08T12:15:00+09:00,J2,512,431,943
2020-02-08T12:15:00+09:00,J3,1071,775,1846
2020-02-08T12:15:00+09:00,J4,898,951,1849
2020-02-08T12:15:00+09:00,J5,667,676,1343
2020-02-08T12:30:00+09:00,J1,792,931,1723
2020-02-08T12:30:00+09:00,J2,676,507,1183
2020-02-08T12:30:00+09:00,J3,1024,909,1933
2020-02-08T12:30:00+09:00,J4,943,925,1868
2020-02-08T12:30:00+09:00,J5,650,643,1293
2020-02-08T12:45:00+09:00,J1,733,840,1573
2020-02-08T12:45:00+09:00,J2,621,496,1117
2020-02-08T12:45:00+09:00,J3,1019,861,1880
2020-02-08T12:45:00+09:00,J4,946,1007,1953
2020-02-08T12:45:00+09:00,J5,691,653,1344
2020-02-08T13:00:00+09:00,J1,768,867,1635
2020-02-08T13:00:00+09:00,J2,584,446,1030
2020-02-08T13:00:00+09:00,J3,1048,844,1892
2020-02-08T13:00:00+09:00,J4,1059,1006,2065
2020-02-08T13:00:00+09:00,J5,648,668,1316
2020-02-08T13:15:00+09:00,J1,828,917,1745
2020-02-08T13:15:00+09:00,J2,544,446,990
2020-02-08T13:15:00+09:00,J3,883,757,1640
2020-02-08T13:15:00+09:00,J4,943,990,1933
2020-02-08T13:15:00+09:00,J5,651,653,1304
2020-02-08T13:30:00+09:00,J1,843,949,1792
2020-02-08T13:30:00+09:00,J2,583,523,1106
2020-02-08T13:30:00+09:00,J3,943,787,1730
2020-02-08T13:30:00+09:00,J4,842,997,1839
2020-02-08T13:30:00+09:00,J5,647,654,1301
2020-02-08T13:45:00+09:00,J1,914,945,1859
2020-02-08T13:45:00+09:00,J2,536,453,989
2020-02-08T13:45:00+09:00,J3,928,843,1771
2020-02-08T13:45:00+09:00,J4,803,893,1696
2020-02-08T13:45:00+09:00,J5,660,640,1300
2020-02-08T14:00:00+09:00,J1,867,972,1839
2020-02-08T14:00:00+09:00,J2,528,484,1012
2020-02-08T14:00:00+09:00,J3,987,800,1787
2020-02-08T14:00:00+09:00,J4,874,941,1815
2020-02-08T14:00:00+09:00,J5,597,586,1183
2020-02-08T14:15:00+09:00,J1,878,959,1837
2020-02-08T14:15:00+09:00,J2,569,476,1045
2020-02-08T14:15:00+09:00,J3,989,751,1740
2020-02-08T14:15:00+09:00,J4,831,1016,1847
2020-02-08T14:15:00+09:00,J5,643,631,1274
2020-02-08T14:30:00+09:00,J1,826,969,1795
2020-02-08T14:30:00+09:00,J2,555,535,1090
2020-02-08T14:30:00+09:00,J3,867,810,1677
2020-02-08T14:30:00+09:00,J4,871,997,1868
2020-02-08T14:30:00+09:00,J5,651,656,1307
2020-02-08T14:45:00+09:00,J1,828,850,1678
2020-02-08T14:45:00+09:00,J2,529,595,1124
2020-02-08T14:45:00+09:00,J3,874,882,1756
2020-02-08T14:45:00+09:00,J4,825,868,1693
2020-02-08T14:45:00+09:00,J5,581,627,1208
2020-02-08T15:00:00+09:00,J1,848,941,1789
2020-02-08T15:00:00+09:00,J2,548,627,1175
2020-02-08T15:00:00+09:00,J3,896,766,1662
2020-02-08T15:00:00+09:00,J4,774,860,1634
2020-02-08T15:00:00+09:00,J5,614,677,1291
2020-02-08T15:15:00+09:00,J1,798,896,1694
2020-02-08T15:15:00+09:00,J2,587,654,1241
2020-02-08T15:15:00+09:00,J3,854,672,1526
2020-02-08T15:15:00+09:00,J4,824,914,1738
2020-02-08T15:15:00+09:00,J5,716,600,1316
2020-02-08T15:30:00+09:00,J1,823,957,1780
2020-02-08T15:30:00+09:00,J2,608,606,1214
2020-02-08T15:30:00+09:00,J3,949,781,1730
2020-02-08T15:30:00+09:00,J4,805,913,1718
2020-02-08T15:30:00+09:00,J5,657,721,1378
2020-02-08T15:45:00+09:00,J1,830,896,1726
2020-02-08T15:45:00+09:00,J2,609,654,1263
2020-02-08T15:45:00+09:00,J3,986,799,1785
2020-02-08T15:45:00+09:00,J4,777,897,1674
2020-02-08T15:45:00+09:00,J5,670,681,1351
2020-02-08T16:00:00+09:00,J1,852,936,1788
2020-02-08T16:00:00+09:00,J2,576,658,1234
2020-02-08T16:00:00+09:00,J3,995,913,1908
2020-02-08T16:00:00+09:00,J4,744,812,1556
2020-02-08T16:00:00+09:00,J5,713,614,1327
2020-02-08T16:15:00+09:00,J1,846,939,1785
2020-02-08T16:15:00+09:00,J2,626,603,1229
2020-02-08T16:15:00+09:00,J3,1137,867,2004
2020-02-08T16:15:00+09:00,J4,808,905,1713
2020-02-08T16:15:00+09:00,J5,610,617,1227
2020-02-08T16:30:00+09:00,J1,788,962,1750
2020-02-08T16:30:00+09:00,J2,622,663,1285
2020-02-08T16:30:00+09:00,J3,1167,783,1950
2020-02-08T16:30:00+09:00,J4,768,855,1623
2020-02-08T16:30:00+09:00,J5,420,484,904
2020-02-08T16:45:00+09:00,J1,790,913,1703
2020-02-08T16:45:00+09:00,J2,654,658,1312
2020-02-08T16:45:00+09:00,J3,1135,797,1932
2020-02-08T16:45:00+09:00,J4,798,939,1737
2020-02-08T16:45:00+09:00,J5,374,429,803
2020-02-08T17:00:00+09:00,J1,787,935,1722
2020-02-08T17:00:00+09:00,J2,768,617,1385
2020-02-08T17:00:00+09:00,J3,1206,814,2020
2020-02-08T17:00:00+09:00,J4,785,873,1658
2020-02-08T17:00:00+09:00,J5,337,481,818
2020-02-08T17:15:00+09:00,J1,824,901,1725
2020-02-08T17:15:00+09:00,J2,748,549,1297
2020-02-08T17:15:00+09:00,J3,1217,894,2111
2020-02-08T17:15:00+09:00,J4,917,997,1914
2020-02-08T17:15:00+09:00,J5,342,414,756
2020-02-08T17:30:00+09:00,J1,895,955,1850
2020-02-08T17:30:00+09:00,J2,726,649,1375
2020-02-08T17:30:00+09:00,J3,1204,928,2132
2020-02-08T17:30:00+09:00,J4,898,894,1792
2020-02-08T17:30:00+09:00,J5,358,489,847
2020-02-08T17:45:00+09:00,J1,920,966,1886
2020-02-08T17:45:00+09:00,J2,679,575,1254
2020-02-08T17:45:00+09:00,J3,1154,868,2022
2020-02-08T17:45:00+09:00,J4,1034,1013,2047
2020-02-08T17:45:00+09:00,J5,334,426,760
2020-02-08T18:00:00+09:00,J1,917,966,1883
2020-02-08T18:00:00+09:00,J2,653,564,1217
2020-02-08T18:00:00+09:00,J3,1039,844,1883
2020-02-08T18:00:00+09:00,J4,1021,971,1992
2020-02-08T18:00:00+09:00,J5,374,384,758
2020-02-08T18:15:00+09:00,J1,925,960,1885
2020-02-08T18:15:00+09:00,J2,681,573,1254
2020-02-08T18:15:00+09:00,J3,1046,814,1860
2020-02-08T18:15:00+09:00,J4,1065,1021,2086
2020-02-08T18:15:00+09:00,J5,364,413,777
2020-02-08T18:30:00+09:00,J1,914,937,1851
2020-02-08T18:30:00+09:00,J2,713,520,1233
2020-02-08T18:30:00+09:00,J3,888,734,1622
2020-02-08T18:30:00+09:00,J4,1089,1062,2151
2020-02-08T18:30:00+09:00,J5,370,411,781
2020-02-08T18:45:00+09:00,J1,912,916,1828
2020-02-08T18:45:00+09:00,J2,664,527,1191
2020-02-08T18:45:00+09:00,J3,861,713,1574
2020-02-08T18:45:00+09:00,J4,1012,984,1996
2020-02-08T18:45:00+09:00,J5,335,396,731
2020-02-08T19:00:00+09:00,J1,837,920,1757
2020-02-08T19:00:00+09:00,J2,547,525,1072
2020-02-08T19:00:00+09:00,J3,801,703,1504
2020-02-08T19:00:00+09:00,J4,1076,1084,2160
2020-02-08T19:00:00+09:00,J5,357,407,764
2020-02-08T19:15:00+09:00,J1,840,912,1752
2020-02-08T19:15:00+09:00,J2,527,576,1103
2020-02-08T19:15:00+09:00,J3,833,711,1544
2020-02-08T19:15:00+09:00,J4,1014,996,2010
2020-02-08T19:15:00+09:00,J5,324,402,726
2020-02-08T19:30:00+09:00,J1,843,892,1735
2020-02-08T19:30:00+09:00,J2,547,535,1082
2020-02-08T19:30:00+09:00,J3,844,740,1584
2020-02-08T19:30:00+09:00,J4,995,1020,2015
2020-02-08T19:30:00+09:00,J5,325,351,676
2020-02-08T19:45:00+09:00,J1,907,849,1756
2020-02-08T19:45:00+09:00,J2,457,513,970
2020-02-08T19:45:00+09:00,J3,841,632,1473
2020-02-08T19:45:00+09:00,J4,1005,998,2003
2020-02-08T19:45:00+09:00,J5,306,375,681
2020-02-08T20:00:00+09:00,J1,836,894,1730
2020-02-08T20:00:00+09:00,J2,538,513,1051
2020-02-08T20:00:00+09:00,J3,791,651,1442
2020-02-08T20:00:00+09:00,J4,982,1010,1992
2020-02-08T20:00:00+09:00,J5,327,369,696
2020-02-08T20:15:00+09:00,J1,817,878,1695
2020-02-08T20:15:00+09:00,J2,468,510,978
2020-02-08T20:15:00+09:00,J3,786,677,1463
2020-02-08T20:15:00+09:00,J4,964,1018,1982
2020-02-08T20:15:00+09:00,J5,361,416,777
2020-02-08T20:30:00+09:00,J1,882,916,1798
2020-02-08T20:30:00+09:00,J2,537,430,967
2020-02-08T20:30:00+09:00,J3,761,681,1442
2020-02-08T20:30:00+09:00,J4,1044,980,2024
2020-02-08T20:30:00+09:00,J5,400,350,750
2020-02-08T20:45:00+09:00,J1,828,865,1693
2020-02-08T20:45:00+09:00,J2,460,372,832
2020-02-08T20:45:00+09:00,J3,718,654,1372
2020-02-08T20:45:00+09:00,J4,1005,1047,2052
2020-02-08T20:45:00+09:00,J5,345,315,660
2020-02-08T21:00:00+09:00,J1,777,914,1691
2020-02-08T21:00:00+09:00,J2,511,528,1039
2020-02-08T21:00:00+09:00,J3,787,615,1402
2020-02-08T21:00:00+09:00,J4,906,1000,1906
2020-02-08T21:00:00+09:00,J5,352,333,685
2020-02-08T21:15:00+09:00,J1,729,872,1601
2020-02-08T21:15:00+09:00,J2,525,511,1036
2020-02-08T21:15:00+09:00,J3,798,664,1462
2020-02-08T21:15:00+09:00,J4,948,989,1937
2020-02-08T21:15:00+09:00,J5,399,352,751
2020-02-08T21:30:00+09:00,J1,794,876,1670
2020-02-08T21:30:00+09:00,J2,540,428,968
2020-02-08T21:30:00+09:00,J3,774,664,1438
2020-02-08T21:30:00+09:00,J4,873,985,1858
2020-02-08T21:30:00+09:00,J5,425,429,854
2020-02-08T21:45:00+09:00,J1,724,843,1567
2020-02-08T21:45:00+09:00,J2,432,448,880
2020-02-08T21:45:00+09:00,J3,737,729,1466
2020-02-08T21:45:00+09:00,J4,816,907,1723
2020-02-08T21:45:00+09:00,J5,464,465,929
2020-02-08T22:00:00+09:00,J1,746,897,1643
2020-02-08T22:00:00+09:00,J2,478,516,994
2020-02-08T22:00:00+09:00,J3,760,719,1479
2020-02-08T22:00:00+09:00,J4,796,921,1717
2020-02-08T22:00:00+09:00,J5,480,479,959
2020-02-08T22:15:00+09:00,J1,764,864,1628
2020-02-08T22:15:00+09:00,J2,575,616,1191
2020-02-08T22:15:00+09:00,J3,807,703,1510
2020-02-08T22:15:00+09:00,J4,809,997,1806
2020-02-08T22:15:00+09:00,J5,494,524,1018
2020-02-08T22:30:00+09:00,J1,734,855,1589
2020-02-08T22:30:00+09:00,J2,523,580,1103
2020-02-08T22:30:00+09:00,J3,776,619,1395
2020-02-08T22:30:00+09:00,J4,972,999,1971
2020-02-08T22:30:00+09:00,J5,567,510,1077
2020-02-08T22:45:00+09:00,J1,750,930,1680
2020-02-08T22:45:00+09:00,J2,496,538,1034
2020-02-08T22:45:00+09:00,J3,664,540,1204
2020-02-08T22:45:00+09:00,J4,928,989,1917
2020-02-08T22:45:00+09:00,J5,562,534,1096
2020-02-08T23:00:00+09:00,J1,749,876,1625
2020-02-08T23:00:00+09:00,J2,514,565,1079
2020-02-08T23:00:00+09:00,J3,674,485,1159
2020-02-08T23:00:00+09:00,J4,995,1054,2049
2020-02-08T23:00:00+09:00,J5,596,540,1136
2020-02-08T23:15:00+09:00,J1,766,841,1607
2020-02-08T23:15:00+09:00,J2,453,485,938
2020-02-08T23:15:00+09:00,J3,686,499,1185
2020-02-08T23:15:00+09:00,J4,911,1069,1980
2020-02-08T23:15:00+09:00,J5,552,501,1053
2020-02-08T23:30:00+09:00,J1,737,884,1621
2020-02-08T23:30:00+09:00,J2,476,468,944
2020-02-08T23:30:00+09:00,J3,637,584,1221
2020-02-08T23:30:00+09:00,J4,888,1007,1895
2020-02-08T23:30:00+09:00,J5,524,535,1059
2020-02-08T23:45:00+09:00,J1,772,880,1652
2020-02-08T23:45:00+09:00,J2,519,504,1023
2020-02-08T23:45:00+09:00,J3,657,613,1270
2020-02-08T23:45:00+09:00,J4,874,997,1871
2020-02-08T23:45:00+09:00,J5,574,489,1063
2020-02-09T00:00:00+09:00,J1,766,895,1661
2020-02-09T00:00:00+09:00,J2,452,439,891
2020-02-09T00:00:00+09:00,J3,593,464,1057
2020-02-09T00:00:00+09:00,J4,923,913,1836
2020-02-09T00:00:00+09:00,J5,558,560,1118
2020-02-09T00:15:00+09:00,J1,730,862,1592
2020-02-09T00:15:00+09:00,J2,473,456,929
2020-02-09T00:15:00+09:00,J3,400,350,750
2020-02-09T00:15:00+09:00,J4,780,868,1648
2020-02-09T00:15:00+09:00,J5,668,615,1283
2020-02-09T00:30:00+09:00,J1,675,827,1502
2020-02-09T00:30:00+09:00,J2,322,338,660
2020-02-09T00:30:00+09:00,J3,281,281,562
2020-02-09T00:30:00+09:00,J4,553,683,1236
2020-02-09T00:30:00+09:00,J5,684,620,1304
2020-02-09T00:45:00+09:00,J1,708,714,1422
2020-02-09T00:45:00+09:00,J2,268,180,448
2020-02-09T00:45:00+09:00,J3,258,288,546
2020-02-09T00:45:00+09:00,J4,590,762,1352
2020-02-09T00:45:00+09:00,J5,643,639,1282
2020-02-09T05:45:00+09:00,J1,738,759,1497
2020-02-09T05:45:00+09:00,J2,292,300,592
2020-02-09T05:45:00+09:00,J3,496,463,959
2020-02-09T05:45:00+09:00,J4,505,521,1026
2020-02-09T05:45:00+09:00,J5,575,511,1086
2020-02-09T06:00:00+09:00,J1,724,805,1529
2020-02-09T06:00:00+09:00,J2,321,281,602
2020-02-09T06:00:00+09:00,J3,445,389,834
2020-02-09T06:00:00+09:00,J4,598,593,1191
2020-02-09T06:00:00+09:00,J5,566,545,1111
2020-02-09T06:15:00+09:00,J1,706,863,1569
2020-02-09T06:15:00+09:00,J2,366,350,716
2020-02-09T06:15:00+09:00,J3,407,427,834
2020-02-09T06:15:00+09:00,J4,581,602,1183
2020-02-09T06:15:00+09:00,J5,592,576,1168
2020-02-09T06:30:00+09:00,J1,756,852,1608
2020-02-09T06:30:00+09:00,J2,302,326,628
2020-02-09T06:30:00+09:00,J3,410,377,787
2020-02-09T06:30:00+09:00,J4,620,573,1193
2020-02-09T06:30:00+09:00,J5,550,603,1153
2020-02-09T06:45:00+09:00,J1,770,848,1618
2020-02-09T06:45:00+09:00,J2,356,333,689
2020-02-09T06:45:00+09:00,J3,425,424,849
2020-02-09T06:45:00+09:00,J4,608,681,1289
2020-02-09T06:45:00+09:00,J5,609,569,1178
2020-02-09T07:00:00+09:00,J1,834,828,1662
2020-02-09T07:00:00+09:00,J2,537,501,1038
2020-02-09T07:00:00+09:00,J3,422,459,881
2020-02-09T07:00:00+09:00,J4,696,802,1498
2020-02-09T07:00:00+09:00,J5,632,650,1282
2020-02-09T07:15:00+09:00,J1,813,869,1682
2020-02-09T07:15:00+09:00,J2,520,415,935
2020-02-09T07:15:00+09:00,J3,527,510,1037
2020-02-09T07:15:00+09:00,J4,722,733,1455
2020-02-09T07:15:00+09:00,J5,666,626,1292
2020-02-09T07:30:00+09:00,J1,839,862,1701
2020-02-09T07:30:00+09:00,J2,490,426,916
2020-02-09T07:30:00+09:00,J3,521,509,1030
2020-02-09T07:30:00+09:00,J4,804,828,1632
2020-02-09T07:30:00+09:00,J5,657,626,1283
2020-02-09T07:45:00+09:00,J1,813,885,1698
2020-02-09T07:45:00+09:00,J2,479,402,881
2020-02-09T07:45:00+09:00,J3,620,617,1237
2020-02-09T07:45:00+09:00,J4,820,879,1699
2020-02-09T07:45:00+09:00,J5,639,613,1252
2020-02-09T08:00:00+09:00,J1,872,914,1786
2020-02-09T08:00:00+09:00,J2,712,580,1292
2020-02-09T08:00:00+09:00,J3,880,700,1580
2020-02-09T08:00:00+09:00,J4,883,919,1802
2020-02-09T08:00:00+09:00,J5,638,562,1200
2020-02-09T08:15:00+09:00,J1,852,938,1790
2020-02-09T08:15:00+09:00,J2,577,514,1091
2020-02-09T08:15:00+09:00,J3,890,764,1654
2020-02-09T08:15:00+09:00,J4,1032,1094,2126
2020-02-09T08:15:00+09:00,J5,589,589,1178
2020-02-09T08:30:00+09:00,J1,827,968,1795
2020-02-09T08:30:00+09:00,J2,645,534,1179
2020-02-09T08:30:00+09:00,J3,792,617,1409
2020-02-09T08:30:00+09:00,J4,1095,1038,2133
2020-02-09T08:30:00+09:00,J5,564,573,1137
2020-02-09T08:45:00+09:00,J1,857,951,1808
2020-02-09T08:45:00+09:00,J2,642,434,1076
2020-02-09T08:45:00+09:00,J3,865,754,1619
2020-02-09T08:45:00+09:00,J4,1022,1097,2119
2020-02-09T08:45:00+09:00,J5,626,603,1229
2020-02-09T09:00:00+09:00,J1,899,939,1838
2020-02-09T09:00:00+09:00,J2,618,535,1153
2020-02-09T09:00:00+09:00,J3,745,635,1380
2020-02-09T09:00:00+09:00,J4,1045,1087,2132
2020-02-09T09:00:00+09:00,J5,485,505,990
2020-02-09T09:15:00+09:00,J1,848,937,1785
2020-02-09T09:15:00+09:00,J2,712,549,1261
2020-02-09T09:15:00+09:00,J3,820,676,1496
2020-02-09T09:15:00+09:00,J4,870,1006,1876
2020-02-09T09:15:00+09:00,J5,529,475,1004
2020-02-09T09:30:00+09:00,J1,848,904,1752
2020-02-09T09:30:00+09:00,J2,797,579,1376
2020-02-09T09:30:00+09:00,J3,725,657,1382
2020-02-09T09:30:00+09:00,J4,857,1027,1884
2020-02-09T09:30:00+09:00,J5,494,497,991
2020-02-09T09:45:00+09:00,J1,874,917,1791
2020-02-09T09:45:00+09:00,J2,713,558,1271
2020-02-09T09:45:00+09:00,J3,782,781,1563
2020-02-09T09:45:00+09:00,J4,967,1034,2001
2020-02-09T09:45:00+09:00,J5,565,519,1084
2020-02-09T10:00:00+09:00,J1,851,918,1769
2020-02-09T10:00:00+09:00,J2,710,607,1317
2020-02-09T10:00:00+09:00,J3,723,681,1404
2020-02-09T10:00:00+09:00,J4,1023,969,1992
2020-02-09T10:00:00+09:00,J5,562,539,1101
2020-02-09T10:15:00+09:00,J1,820,928,1748
2020-02-09T10:15:00+09:00,J2,772,640,1412
2020-02-09T10:15:00+09:00,J3,742,680,1422
2020-02-09T10:15:00+09:00,J4,983,1014,1997
2020-02-09T10:15:00+09:00,J5,573,526,1099
2020-02-09T10:30:00+09:00,J1,804,865,1669
2020-02-09T10:30:00+09:00,J2,789,613,1402
2020-02-09T10:30:00+09:00,J3,754,689,1443
2020-02-09T10:30:00+09:00,J4,972,1116,2088
2020-02-09T10:30:00+09:00,J5,534,551,1085
2020-02-09T10:45:00+09:00,J1,863,927,1790
2020-02-09T10:45:00+09:00,J2,851,700,1551
2020-02-09T10:45:00+09:00,J3,792,584,1376
2020-02-09T10:45:00+09:00,J4,1038,1089,2127
2020-02-09T10:45:00+09:00,J5,508,493,1001
2020-02-09T11:00:00+09:00,J1,954,945,1899
2020-02-09T11:00:00+09:00,J2,751,631,1382
2020-02-09T11:00:00+09:00,J3,893,751,1644
2020-02-09T11:00:00+09:00,J4,940,1073,2013
2020-02-09T11:00:00+09:00,J5,558,606,1164
2020-02-09T11:15:00+09:00,J1,862,961,1823
2020-02-09T11:15:00+09:00,J2,729,612,1341
2020-02-09T11:15:00+09:00,J3,859,645,1504
2020-02-09T11:15:00+09:00,J4,967,1085,2052
2020-02-09T11:15:00+09:00,J5,763,654,1417
2020-02-09T11:30:00+09:00,J1,898,914,1812
2020-02-09T11:30:00+09:00,J2,713,563,1276
2020-02-09T11:30:00+09:00,J3,946,808,1754
2020-02-09T11:30:00+09:00,J4,1030,1071,2101
2020-02-09T11:30:00+09:00,J5,736,679,1415
2020-02-09T11:45:00+09:00,J1,878,938,1816
2020-02-09T11:45:00+09:00,J2,688,487,1175
2020-02-09T11:45:00+09:00,J3,1015,875,1890
2020-02-09T11:45:00+09:00,J4,1113,1066,2179
2020-02-09T11:45:00+09:00,J5,646,632,1278
2020-02-09T12:00:00+09:00,J1,927,923,1850
2020-02-09T12:00:00+09:00,J2,615,524,1139
2020-02-09T12:00:00+09:00,J3,997,925,1922
2020-02-09T12:00:00+09:00,J4,1089,1041,2130
2020-02-09T12:00:00+09:00,J5,640,620,1260
2020-02-09T12:15:00+09:00,J1,908,987,1895
2020-02-09T12:15:00+09:00,J2,565,408,973
2020-02-09T12:15:00+09:00,J3,990,829,1819
2020-02-09T12:15:00+09:00,J4,1061,1051,2112
2020-02-09T12:15:00+09:00,J5,667,645,1312
2020-02-09T12:30:00+09:00,J1,890,969,1859
2020-02-09T12:30:00+09:00,J2,625,538,1163
2020-02-09T12:30:00+09:00,J3,904,716,1620
2020-02-09T12:30:00+09:00,J4,1094,1131,2225
2020-02-09T12:30:00+09:00,J5,697,648,1345
2020-02-09T12:45:00+09:00,J1,868,991,1859
2020-02-09T12:45:00+09:00,J2,598,588,1186
2020-02-09T12:45:00+09:00,J3,907,834,1741
2020-02-09T12:45:00+09:00,J4,1023,1069,2092
2020-02-09T12:45:00+09:00,J5,657,648,1305
2020-02-09T13:00:00+09:00,J1,837,932,1769
2020-02-09T13:00:00+09:00,J2,677,546,1223
2020-02-09T13:00:00+09:00,J3,902,810,1712
2020-02-09T13:00:00+09:00,J4,1079,1028,2107
2020-02-09T13:00:00+09:00,J5,631,637,1268
2020-02-09T13:15:00+09:00,J1,848,951,1799
2020-02-09T13:15:00+09:00,J2,724,545,1269
2020-02-09T13:15:00+09:00,J3,850,765,1615
2020-02-09T13:15:00+09:00,J4,1012,979,1991
2020-02-09T13:15:00+09:00,J5,649,598,1247
2020-02-09T13:30:00+09:00,J1,835,966,1801
2020-02-09T13:30:00+09:00,J2,643,595,1238
2020-02-09T13:30:00+09:00,J3,851,844,1695
2020-02-09T13:30:00+09:00,J4,1005,1060,2065
2020-02-09T13:30:00+09:00,J5,653,624,1277
2020-02-09T13:45:00+09:00,J1,832,996,1828
2020-02-09T13:45:00+09:00,J2,726,593,1319
2020-02-09T13:45:00+09:00,J3,935,819,1754
2020-02-09T13:45:00+09:00,J4,907,917,1824
2020-02-09T13:45:00+09:00,J5,676,706,1382
2020-02-09T14:00:00+09:00,J1,881,941,1822
2020-02-09T14:00:00+09:00,J2,705,568,1273
2020-02-09T14:00:00+09:00,J3,916,832,1748
2020-02-09T14:00:00+09:00,J4,855,958,1813
2020-02-09T14:00:00+09:00,J5,620,621,1241
2020-02-09T14:15:00+09:00,J1,778,874,1652
2020-02-09T14:15:00+09:00,J2,689,598,1287
2020-02-09T14:15:00+09:00,J3,987,780,1767
2020-02-09T14:15:00+09:00,J4,985,985,1970
2020-02-09T14:15:00+09:00,J5,639,626,1265
2020-02-09T14:30:00+09:00,J1,835,941,1776
2020-02-09T14:30:00+09:00,J2,688,528,1216
2020-02-09T14:30:00+09:00,J3,953,823,1776
2020-02-09T14:30:00+09:00,J4,933,1015,1948
2020-02-09T14:30:00+09:00,J5,641,642,1283
2020-02-09T14:45:00+09:00,J1,911,880,1791
2020-02-09T14:45:00+09:00,J2,696,521,1217
2020-02-09T14:45:00+09:00,J3,905,866,1771
2020-02-09T14:45:00+09:00,J4,984,965,1949
2020-02-09T14:45:00+09:00,J5,641,621,1262
2020-02-09T15:00:00+09:00,J1,916,954,1870
2020-02-09T15:00:00+09:00,J2,627,483,1110
2020-02-09T15:00:00+09:00,J3,907,789,1696
2020-02-09T15:00:00+09:00,J4,959,974,1933
2020-02-09T15:00:00+09:00,J5,597,608,1205
2020-02-09T15:15:00+09:00,J1,851,965,1816
2020-02-09T15:15:00+09:00,J2,638,479,1117
2020-02-09T15:15:00+09:00,J3,972,795,1767
2020-02-09T15:15:00+09:00,J4,944,1033,1977
2020-02-09T15:15:00+09:00,J5,610,601,1211
2020-02-09T15:30:00+09:00,J1,882,891,1773
2020-02-09T15:30:00+09:00,J2,662,500,1162
2020-02-09T15:30:00+09:00,J3,926,811,1737
2020-02-09T15:30:00+09:00,J4,995,1079,2074
2020-02-09T15:30:00+09:00,J5,668,716,1384
2020-02-09T15:45:00+09:00,J1,867,883,1750
2020-02-09T15:45:00+09:00,J2,716,582,1298
2020-02-09T15:45:00+09:00,J3,952,814,1766
2020-02-09T15:45:00+09:00,J4,1055,950,2005
2020-02-09T15:45:00+09:00,J5,689,694,1383
2020-02-09T16:00:00+09:00,J1,834,894,1728
2020-02-09T16:00:00+09:00,J2,635,591,1226
2020-02-09T16:00:00+09:00,J3,1155,804,1959
2020-02-09T16:00:00+09:00,J4,1023,990,2013
2020-02-09T16:00:00+09:00,J5,689,629,1318
2020-02-09T16:15:00+09:00,J1,890,976,1866
2020-02-09T16:15:00+09:00,J2,745,517,1262
2020-02-09T16:15:00+09:00,J3,1120,865,1985
2020-02-09T16:15:00+09:00,J4,1010,1086,2096
2020-02-09T16:15:00+09:00,J5,678,670,1348
2020-02-09T16:30:00+09:00,J1,815,921,1736
2020-02-09T16:30:00+09:00,J2,722,507,1229
2020-02-09T16:30:00+09:00,J3,1141,869,2010
2020-02-09T16:30:00+09:00,J4,935,941,1876
2020-02-09T16:30:00+09:00,J5,707,676,1383
2020-02-09T16:45:00+09:00,J1,875,919,1794
2020-02-09T16:45:00+09:00,J2,697,556,1253
2020-02-09T16:45:00+09:00,J3,1173,802,1975
2020-02-09T16:45:00+09:00,J4,986,971,1957
2020-02-09T16:45:00+09:00,J5,709,664,1373
2020-02-09T17:00:00+09:00,J1,879,923,1802
2020-02-09T17:00:00+09:00,J2,685,548,1233
2020-02-09T17:00:00+09:00,J3,1174,785,1959
2020-02-09T17:00:00+09:00,J4,921,963,1884
2020-02-09T17:00:00+09:00,J5,658,684,1342
2020-02-09T17:15:00+09:00,J1,871,944,1815
2020-02-09T17:15:00+09:00,J2,716,568,1284
2020-02-09T17:15:00+09:00,J3,1120,794,1914
2020-02-09T17:15:00+09:00,J4,897,953,1850
2020-02-09T17:15:00+09:00,J5,695,661,1356
2020-02-09T17:30:00+09:00,J1,877,905,1782
2020-02-09T17:30:00+09:00,J2,724,554,1278
2020-02-09T17:30:00+09:00,J3,1118,954,2072
2020-02-09T17:30:00+09:00,J4,1061,1060,2121
2020-02-09T17:30:00+09:00,J5,644,678,1322
2020-02-09T17:45:00+09:00,J1,866,959,1825
2020-02-09T17:45:00+09:00,J2,668,598,1266
2020-02-09T17:45:00+09:00,J3,1202,945,2147
2020-02-09T17:45:00+09:00,J4,1095,1066,2161
2020-02-09T17:45:00+09:00,J5,715,669,1384
2020-02-09T18:00:00+09:00,J1,898,950,1848
2020-02-09T18:00:00+09:00,J2,662,539,1201
2020-02-09T18:00:00+09:00,J3,1191,888,2079
2020-02-09T18:00:00+09:00,J4,1070,984,2054
2020-02-09T18:00:00+09:00,J5,730,749,1479
2020-02-09T18:15:00+09:00,J1,852,923,1775
2020-02-09T18:15:00+09:00,J2,583,491,1074
2020-02-09T18:15:00+09:00,J3,1156,826,1982
2020-02-09T18:15:00+09:00,J4,1124,1061,2185
2020-02-09T18:15:00+09:00,J5,735,738,1473
2020-02-09T18:30:00+09:00,J1,911,877,1788
2020-02-09T18:30:00+09:00,J2,710,552,1262
2020-02-09T18:30:00+09:00,J3,971,771,1742
2020-02-09T18:30:00+09:00,J4,1013,1003,2016
2020-02-09T18:30:00+09:00,J5,507,575,1082
2020-02-09T18:45:00+09:00,J1,856,906,1762
2020-02-09T18:45:00+09:00,J2,611,559,1170
2020-02-09T18:45:00+09:00,J3,895,690,1585
2020-02-09T18:45:00+09:00,J4,948,1025,1973
2020-02-09T18:45:00+09:00,J5,393,488,881
2020-02-09T19:00:00+09:00,J1,827,901,1728
2020-02-09T19:00:00+09:00,J2,513,536,1049
2020-02-09T19:00:00+09:00,J3,846,766,1612
2020-02-09T19:00:00+09:00,J4,1003,1076,2079
2020-02-09T19:00:00+09:00,J5,384,449,833
2020-02-09T19:15:00+09:00,J1,817,922,1739
2020-02-09T19:15:00+09:00,J2,540,487,1027
2020-02-09T19:15:00+09:00,J3,803,672,1475
2020-02-09T19:15:00+09:00,J4,1000,1034,2034
2020-02-09T19:15:00+09:00,J5,348,446,794
2020-02-09T19:30:00+09:00,J1,706,894,1600
2020-02-09T19:30:00+09:00,J2,491,413,904
2020-02-09T19:30:00+09:00,J3,799,703,1502
2020-02-09T19:30:00+09:00,J4,1037,1046,2083
2020-02-09T19:30:00+09:00,J5,357,408,765
2020-02-09T19:45:00+09:00,J1,837,835,1672
2020-02-09T19:45:00+09:00,J2,439,408,847
2020-02-09T19:45:00+09:00,J3,736,664,1400
2020-02-09T19:45:00+09:00,J4,1097,1091,2188
2020-02-09T19:45:00+09:00,J5,353,404,757
2020-02-09T20:00:00+09:00,J1,839,888,1727
2020-02-09T20:00:00+09:00,J2,443,400,843
2020-02-09T20:00:00+09:00,J3,720,619,1339
2020-02-09T20:00:00+09:00,J4,1113,1147,2260
2020-02-09T20:00:00+09:00,J5,393,452,845
2020-02-09T20:15:00+09:00,J1,860,845,1705
2020-02-09T20:15:00+09:00,J2,449,389,838
2020-02-09T20:15:00+09:00,J3,733,608,1341
2020-02-09T20:15:00+09:00,J4,1091,1040,2131
2020-02-09T20:15:00+09:00,J5,408,458,866
2020-02-09T20:30:00+09:00,J1,835,912,1747
2020-02-09T20:30:00+09:00,J2,444,372,816
2020-02-09T20:30:00+09:00,J3,743,695,1438
2020-02-09T20:30:00+09:00,J4,1158,1112,2270
2020-02-09T20:30:00+09:00,J5,376,415,791
2020-02-09T20:45:00+09:00,J1,849,884,1733
2020-02-09T20:45:00+09:00,J2,387,406,793
2020-02-09T20:45:00+09:00,J3,701,640,1341
2020-02-09T20:45:00+09:00,J4,1086,1092,2178
2020-02-09T20:45:00+09:00,J5,402,375,777
2020-02-09T21:00:00+09:00,J1,795,825,1620
2020-02-09T21:00:00+09:00,J2,568,559,1127
2020-02-09T21:00:00+09:00,J3,716,654,1370
2020-02-09T21:00:00+09:00,J4,906,943,1849
2020-02-09T21:00:00+09:00,J5,384,386,770
2020-02-09T21:15:00+09:00,J1,702,857,1559
2020-02-09T21:15:00+09:00,J2,502,523,1025
2020-02-09T21:15:00+09:00,J3,808,736,1544
2020-02-09T21:15:00+09:00,J4,785,936,1721
2020-02-09T21:15:00+09:00,J5,441,398,839
2020-02-09T21:30:00+09:00,J1,722,838,1560
2020-02-09T21:30:00+09:00,J2,499,622,1121
2020-02-09T21:30:00+09:00,J3,813,708,1521
2020-02-09T21:30:00+09:00,J4,798,830,1628
2020-02-09T21:30:00+09:00,J5,470,530,1000
2020-02-09T21:45:00+09:00,J1,719,858,1577
2020-02-09T21:45:00+09:00,J2,501,459,960
2020-02-09T21:45:00+09:00,J3,856,618,1474
2020-02-09T21:45:00+09:00,J4,751,804,1555
2020-02-09T21:45:00+09:00,J5,552,537,1089
2020-02-09T22:00:00+09:00,J1,705,854,1559
2020-02-09T22:00:00+09:00,J2,382,446,828
2020-02-09T22:00:00+09:00,J3,814,643,1457
2020-02-09T22:00:00+09:00,J4,708,820,1528
2020-02-09T22:00:00+09:00,J5,554,518,1072
2020-02-09T22:15:00+09:00,J1,736,816,1552
2020-02-09T22:15:00+09:00,J2,465,502,967
2020-02-09T22:15:00+09:00,J3,692,533,1225
2020-02-09T22:15:00+09:00,J4,622,767,1389
2020-02-09T22:15:00+09:00,J5,577,570,1147
2020-02-09T22:30:00+09:00,J1,738,874,1612
2020-02-09T22:30:00+09:00,J2,482,514,996
2020-02-09T22:30:00+09:00,J3,638,511,1149
2020-02-09T22:30:00+09:00,J4,681,755,1436
2020-02-09T22:30:00+09:00,J5,571,523,1094
2020-02-09T22:45:00+09:00,J1,722,773,1495
2020-02-09T22:45:00+09:00,J2,570,567,1137
2020-02-09T22:45:00+09:00,J3,634,480,1114
2020-02-09T22:45:00+09:00,J4,749,805,1554
2020-02-09T22:45:00+09:00,J5,527,478,1005
2020-02-09T23:00:00+09:00,J1,678,827,1505
2020-02-09T23:00:00+09:00,J2,552,555,1107
2020-02-09T23:00:00+09:00,J3,606,510,1116
2020-02-09T23:00:00+09:00,J4,675,847,1522
2020-02-09T23:00:00+09:00,J5,485,463,948
2020-02-09T23:15:00+09:00,J1,714,835,1549
2020-02-09T23:15:00+09:00,J2,488,537,1025
2020-02-09T23:15:00+09:00,J3,612,473,1085
2020-02-09T23:15:00+09:00,J4,692,836,1528
2020-02-09T23:15:00+09:00,J5,525,502,1027
2020-02-09T23:30:00+09:00,J1,698,874,1572
2020-02-09T23:30:00+09:00,J2,571,546,1117
2020-02-09T23:30:00+09:00,J3,654,490,1144
2020-02-09T23:30:00+09:00,J4,631,775,1406
2020-02-09T23:30:00+09:00,J5,545,501,1046
2020-02-09T23:45:00+09:00,J1,722,807,1529
2020-02-09T23:45:00+09:00,J2,578,532,1110
2020-02-09T23:45:00+09:00,J3,724,471,1195
2020-02-09T23:45:00+09:00,J4,737,870,1607
2020-02-09T23:45:00+09:00,J5,530,513,1043
2020-02-10T00:00:00+09:00,J1,778,818,1596
2020-02-10T00:00:00+09:00,J2,494,508,1002
2020-02-10T00:00:00+09:00,J3,575,471,1046
2020-02-10T00:00:00+09:00,J4,786,829,1615
2020-02-10T00:00:00+09:00,J5,511,538,1049
2020-02-10T00:15:00+09:00,J1,651,670,1321
2020-02-10T00:15:00+09:00,J2,447,422,869
2020-02-10T00:15:00+09:00,J3,426,398,824
2020-02-10T00:15:00+09:00,J4,611,645,1256
2020-02-10T00:15:00+09:00,J5,495,515,1010
2020-02-10T00:30:00+09:00,J1,461,526,987
2020-02-10T00:30:00+09:00,J2,388,467,855
2020-02-10T00:30:00+09:00,J3,314,354,668
2020-02-10T00:30:00+09:00,J4,533,535,1068
2020-02-10T00:30:00+09:00,J5,569,538,1107
2020-02-10T00:45:00+09:00,J1,482,551,1033
2020-02-10T00:45:00+09:00,J2,593,539,1132
2020-02-10T00:45:00+09:00,J3,344,367,711
2020-02-10T00:45:00+09:00,J4,542,554,1096
2020-02-10T00:45:00+09:00,J5,528,545,1073
2020-02-10T05:45:00+09:00,J1,523,532,1055
2020-02-10T05:45:00+09:00,J2,487,455,942
2020-02-10T05:45:00+09:00,J3,533,444,977
2020-02-10T05:45:00+09:00,J4,646,736,1382
2020-02-10T05:45:00+09:00,J5,572,533,1105
2020-02-10T06:00:00+09:00,J1,589,533,1122
2020-02-10T06:00:00+09:00,J2,510,479,989
2020-02-10T06:00:00+09:00,J3,458,420,878
2020-02-10T06:00:00+09:00,J4,643,655,1298
2020-02-10T06:00:00+09:00,J5,540,551,1091
2020-02-10T06:15:00+09:00,J1,668,756,1424
2020-02-10T06:15:00+09:00,J2,472,475,947
2020-02-10T06:15:00+09:00,J3,467,404,871
2020-02-10T06:15:00+09:00,J4,664,667,1331
2020-02-10T06:15:00+09:00,J5,495,532,1027
2020-02-10T06:30:00+09:00,J1,727,761,1488
2020-02-10T06:30:00+09:00,J2,511,496,1007
2020-02-10T06:30:00+09:00,J3,421,381,802
2020-02-10T06:30:00+09:00,J4,582,665,1247
2020-02-10T06:30:00+09:00,J5,521,570,1091
2020-02-10T06:45:00+09:00,J1,795,872,1667
2020-02-10T06:45:00+09:00,J2,461,503,964
2020-02-10T06:45:00+09:00,J3,505,397,902
2020-02-10T06:45:00+09:00,J4,652,678,1330
2020-02-10T06:45:00+09:00,J5,535,542,1077
2020-02-10T07:00:00+09:00,J1,713,817,1530
2020-02-10T07:00:00+09:00,J2,478,453,931
2020-02-10T07:00:00+09:00,J3,520,428,948
2020-02-10T07:00:00+09:00,J4,598,679,1277
2020-02-10T07:00:00+09:00,J5,607,577,1184
2020-02-10T07:15:00+09:00,J1,722,807,1529
2020-02-10T07:15:00+09:00,J2,601,472,1073
2020-02-10T07:15:00+09:00,J3,525,456,981
2020-02-10T07:15:00+09:00,J4,679,673,1352
2020-02-10T07:15:00+09:00,J5,585,610,1195
2020-02-10T07:30:00+09:00,J1,834,873,1707
2020-02-10T07:30:00+09:00,J2,557,480,1037
2020-02-10T07:30:00+09:00,J3,928,700,1628
2020-02-10T07:30:00+09:00,J4,710,911,1621
2020-02-10T07:30:00+09:00,J5,653,544,1197
2020-02-10T07:45:00+09:00,J1,816,902,1718
2020-02-10T07:45:00+09:00,J2,588,469,1057
2020-02-10T07:45:00+09:00,J3,940,829,1769
2020-02-10T07:45:00+09:00,J4,873,1093,1966
2020-02-10T07:45:00+09:00,J5,589,532,1121
2020-02-10T08:00:00+09:00,J1,867,952,1819
2020-02-10T08:00:00+09:00,J2,604,512,1116
2020-02-10T08:00:00+09:00,J3,976,815,1791
2020-02-10T08:00:00+09:00,J4,950,1274,2224
2020-02-10T08:00:00+09:00,J5,777,642,1419
2020-02-10T08:15:00+09:00,J1,877,930,1807
2020-02-10T08:15:00+09:00,J2,748,462,1210
2020-02-10T08:15:00+09:00,J3,1012,783,1795
2020-02-10T08:15:00+09:00,J4,916,1297,2213
2020-02-10T08:15:00+09:00,J5,784,665,1449
2020-02-10T08:30:00+09:00,J1,873,927,1800
2020-02-10T08:30:00+09:00,J2,760,600,1360
2020-02-10T08:30:00+09:00,J3,1097,937,2034
2020-02-10T08:30:00+09:00,J4,870,1315,2185
2020-02-10T08:30:00+09:00,J5,759,620,1379
2020-02-10T08:45:00+09:00,J1,872,988,1860
2020-02-10T08:45:00+09:00,J2,747,398,1145
2020-02-10T08:45:00+09:00,J3,1062,939,2001
2020-02-10T08:45:00+09:00,J4,851,1157,2008
2020-02-10T08:45:00+09:00,J5,723,569,1292
2020-02-10T09:00:00+09:00,J1,912,996,1908
2020-02-10T09:00:00+09:00,J2,716,550,1266
2020-02-10T09:00:00+09:00,J3,939,866,1805
2020-02-10T09:00:00+09:00,J4,745,1012,1757
2020-02-10T09:00:00+09:00,J5,687,569,1256
2020-02-10T09:15:00+09:00,J1,909,882,1791
2020-02-10T09:15:00+09:00,J2,776,602,1378
2020-02-10T09:15:00+09:00,J3,645,659,1304
2020-02-10T09:15:00+09:00,J4,863,966,1829
2020-02-10T09:15:00+09:00,J5,529,502,1031
2020-02-10T09:30:00+09:00,J1,930,911,1841
2020-02-10T09:30:00+09:00,J2,765,626,1391
2020-02-10T09:30:00+09:00,J3,717,608,1325
2020-02-10T09:30:00+09:00,J4,857,1056,1913
2020-02-10T09:30:00+09:00,J5,390,389,779
2020-02-10T09:45:00+09:00,J1,946,929,1875
2020-02-10T09:45:00+09:00,J2,693,588,1281
2020-02-10T09:45:00+09:00,J3,719,577,1296
2020-02-10T09:45:00+09:00,J4,908,965,1873
2020-02-10T09:45:00+09:00,J5,353,380,733
2020-02-10T10:00:00+09:00,J1,935,934,1869
2020-02-10T10:00:00+09:00,J2,619,591,1210
2020-02-10T10:00:00+09:00,J3,690,554,1244
2020-02-10T10:00:00+09:00,J4,989,1062,2051
2020-02-10T10:00:00+09:00,J5,400,336,736
2020-02-10T10:15:00+09:00,J1,939,903,1842
2020-02-10T10:15:00+09:00,J2,674,558,1232
2020-02-10T10:15:00+09:00,J3,769,593,1362
2020-02-10T10:15:00+09:00,J4,971,1025,1996
2020-02-10T10:15:00+09:00,J5,414,319,733
2020-02-10T10:30:00+09:00,J1,899,930,1829
2020-02-10T10:30:00+09:00,J2,556,520,1076
2020-02-10T10:30:00+09:00,J3,829,630,1459
2020-02-10T10:30:00+09:00,J4,976,1029,2005
2020-02-10T10:30:00+09:00,J5,431,369,800
2020-02-10T10:45:00+09:00,J1,943,912,1855
2020-02-10T10:45:00+09:00,J2,614,559,1173
2020-02-10T10:45:00+09:00,J3,839,664,1503
2020-02-10T10:45:00+09:00,J4,1119,1135,2254
2020-02-10T10:45:00+09:00,J5,417,370,787
2020-02-10T11:00:00+09:00,J1,930,938,1868
2020-02-10T11:00:00+09:00,J2,608,454,1062
2020-02-10T11:00:00+09:00,J3,770,678,1448
2020-02-10T11:00:00+09:00,J4,984,992,1976
2020-02-10T11:00:00+09:00,J5,431,286,717
2020-02-10T11:15:00+09:00,J1,932,945,1877
2020-02-10T11:15:00+09:00,J2,563,413,976
2020-02-10T11:15:00+09:00,J3,945,803,1748
2020-02-10T11:15:00+09:00,J4,1050,1091,2141
2020-02-10T11:15:00+09:00,J5,433,482,915
2020-02-10T11:30:00+09:00,J1,867,940,1807
2020-02-10T11:30:00+09:00,J2,551,404,955
2020-02-10T11:30:00+09:00,J3,970,726,1696
2020-02-10T11:30:00+09:00,J4,952,1138,2090
2020-02-10T11:30:00+09:00,J5,633,692,1325
2020-02-10T11:45:00+09:00,J1,850,955,1805
2020-02-10T11:45:00+09:00,J2,498,390,888
2020-02-10T11:45:00+09:00,J3,959,685,1644
2020-02-10T11:45:00+09:00,J4,1095,1123,2218
2020-02-10T11:45:00+09:00,J5,681,694,1375
2020-02-10T12:00:00+09:00,J1,862,961,1823
2020-02-10T12:00:00+09:00,J2,504,467,971
2020-02-10T12:00:00+09:00,J3,1021,779,1800
2020-02-10T12:00:00+09:00,J4,1103,1087,2190
2020-02-10T12:00:00+09:00,J5,685,776,1461
2020-02-10T12:15:00+09:00,J1,853,987,1840
2020-02-10T12:15:00+09:00,J2,516,499,1015
2020-02-10T12:15:00+09:00,J3,891,764,1655
2020-02-10T12:15:00+09:00,J4,1115,1112,2227
2020-02-10T12:15:00+09:00,J5,764,811,1575
2020-02-10T12:30:00+09:00,J1,928,944,1872
2020-02-10T12:30:00+09:00,J2,591,541,1132
2020-02-10T12:30:00+09:00,J3,1068,741,1809
2020-02-10T12:30:00+09:00,J4,1135,1170,2305
2020-02-10T12:30:00+09:00,J5,772,783,1555
2020-02-10T12:45:00+09:00,J1,879,950,1829
2020-02-10T12:45:00+09:00,J2,475,473,948
2020-02-10T12:45:00+09:00,J3,1049,749,1798
2020-02-10T12:45:00+09:00,J4,1009,1097,2106
2020-02-10T12:45:00+09:00,J5,755,821,1576
2020-02-10T13:00:00+09:00,J1,887,910,1797
2020-02-10T13:00:00+09:00,J2,540,474,1014
2020-02-10T13:00:00+09:00,J3,1062,735,1797
2020-02-10T13:00:00+09:00,J4,1013,1036,2049
2020-02-10T13:00:00+09:00,J5,748,771,1519
2020-02-10T13:15:00+09:00,J1,874,984,1858
2020-02-10T13:15:00+09:00,J2,606,471,1077
2020-02-10T13:15:00+09:00,J3,1093,702,1795
2020-02-10T13:15:00+09:00,J4,1029,1012,2041
2020-02-10T13:15:00+09:00,J5,758,768,1526
2020-02-10T13:30:00+09:00,J1,830,962,1792
2020-02-10T13:30:00+09:00,J2,643,604,1247
2020-02-10T13:30:00+09:00,J3,1031,756,1787
2020-02-10T13:30:00+09:00,J4,965,1070,2035
2020-02-10T13:30:00+09:00,J5,708,709,1417
2020-02-10T13:45:00+09:00,J1,826,952,1778
2020-02-10T13:45:00+09:00,J2,662,538,1200
2020-02-10T13:45:00+09:00,J3,1068,723,1791
2020-02-10T13:45:00+09:00,J4,1032,1009,2041
2020-02-10T13:45:00+09:00,J5,694,683,1377
2020-02-10T14:00:00+09:00,J1,865,951,1816
2020-02-10T14:00:00+09:00,J2,654,521,1175
2020-02-10T14:00:00+09:00,J3,1071,731,1802
2020-02-10T14:00:00+09:00,J4,1020,1055,2075
2020-02-10T14:00:00+09:00,J5,623,636,1259
2020-02-10T14:15:00+09:00,J1,817,1001,1818
2020-02-10T14:15:00+09:00,J2,658,611,1269
2020-02-10T14:15:00+09:00,J3,1064,707,1771
2020-02-10T14:15:00+09:00,J4,1076,1051,2127
2020-02-10T14:15:00+09:00,J5,534,579,1113
2020-02-10T14:30:00+09:00,J1,850,936,1786
2020-02-10T14:30:00+09:00,J2,626,541,1167
2020-02-10T14:30:00+09:00,J3,1076,728,1804
2020-02-10T14:30:00+09:00,J4,1025,1059,2084
2020-02-10T14:30:00+09:00,J5,669,693,1362
2020-02-10T14:45:00+09:00,J1,860,939,1799
2020-02-10T14:45:00+09:00,J2,635,486,1121
2020-02-10T14:45:00+09:00,J3,1009,746,1755
2020-02-10T14:45:00+09:00,J4,1060,1048,2108
2020-02-10T14:45:00+09:00,J5,723,718,1441
2020-02-10T15:00:00+09:00,J1,898,919,1817
2020-02-10T15:00:00+09:00,J2,653,511,1164
2020-02-10T15:00:00+09:00,J3,1024,681,1705
2020-02-10T15:00:00+09:00,J4,984,1030,2014
2020-02-10T15:00:00+09:00,J5,704,771,1475
2020-02-10T15:15:00+09:00,J1,803,891,1694
2020-02-10T15:15:00+09:00,J2,607,513,1120
2020-02-10T15:15:00+09:00,J3,1029,710,1739
2020-02-10T15:15:00+09:00,J4,1058,1024,2082
2020-02-10T15:15:00+09:00,J5,740,808,1548
2020-02-10T15:30:00+09:00,J1,870,905,1775
2020-02-10T15:30:00+09:00,J2,612,477,1089
2020-02-10T15:30:00+09:00,J3,1055,726,1781
2020-02-10T15:30:00+09:00,J4,950,1037,1987
2020-02-10T15:30:00+09:00,J5,695,772,1467
2020-02-10T15:45:00+09:00,J1,867,996,1863
2020-02-10T15:45:00+09:00,J2,588,496,1084
2020-02-10T15:45:00+09:00,J3,1070,735,1805
2020-02-10T15:45:00+09:00,J4,1064,1041,2105
2020-02-10T15:45:00+09:00,J5,788,744,1532
2020-02-10T16:00:00+09:00,J1,941,917,1858
2020-02-10T16:00:00+09:00,J2,561,447,1008
2020-02-10T16:00:00+09:00,J3,1048,672,1720
2020-02-10T16:00:00+09:00,J4,984,1113,2097
2020-02-10T16:00:00+09:00,J5,706,752,1458
2020-02-10T16:15:00+09:00,J1,887,950,1837
2020-02-10T16:15:00+09:00,J2,571,524,1095
2020-02-10T16:15:00+09:00,J3,1041,676,1717
2020-02-10T16:15:00+09:00,J4,1097,1088,2185
2020-02-10T16:15:00+09:00,J5,747,760,1507
2020-02-10T16:30:00+09:00,J1,850,941,1791
2020-02-10T16:30:00+09:00,J2,569,496,1065
2020-02-10T16:30:00+09:00,J3,1129,752,1881
2020-02-10T16:30:00+09:00,J4,1121,1079,2200
2020-02-10T16:30:00+09:00,J5,747,776,1523
2020-02-10T16:45:00+09:00,J1,952,955,1907
2020-02-10T16:45:00+09:00,J2,597,493,1090
2020-02-10T16:45:00+09:00,J3,1143,754,1897
2020-02-10T16:45:00+09:00,J4,987,964,1951
2020-02-10T16:45:00+09:00,J5,652,672,1324
2020-02-10T17:00:00+09:00,J1,897,982,1879
2020-02-10T17:00:00+09:00,J2,628,553,1181
2020-02-10T17:00:00+09:00,J3,1150,795,1945
2020-02-10T17:00:00+09:00,J4,1039,1001,2040
2020-02-10T17:00:00+09:00,J5,670,733,1403
2020-02-10T17:15:00+09:00,J1,910,931,1841
2020-02-10T17:15:00+09:00,J2,667,610,1277
2020-02-10T17:15:00+09:00,J3,1185,712,1897
2020-02-10T17:15:00+09:00,J4,972,1048,2020
2020-02-10T17:15:00+09:00,J5,756,782,1538
2020-02-10T17:30:00+09:00,J1,863,944,1807
2020-02-10T17:30:00+09:00,J2,658,560,1218
2020-02-10T17:30:00+09:00,J3,1244,850,2094
2020-02-10T17:30:00+09:00,J4,986,975,1961
2020-02-10T17:30:00+09:00,J5,718,814,1532
2020-02-10T17:45:00+09:00,J1,873,912,1785
2020-02-10T17:45:00+09:00,J2,650,651,1301
2020-02-10T17:45:00+09:00,J3,1325,846,2171
2020-02-10T17:45:00+09:00,J4,1026,983,2009
2020-02-10T17:45:00+09:00,J5,669,769,1438
2020-02-10T18:00:00+09:00,J1,862,882,1744
2020-02-10T18:00:00+09:00,J2,566,716,1282
2020-02-10T18:00:00+09:00,J3,1310,784,2094
2020-02-10T18:00:00+09:00,J4,1027,985,2012
2020-02-10T18:00:00+09:00,J5,644,748,1392
2020-02-10T18:15:00+09:00,J1,949,971,1920
2020-02-10T18:15:00+09:00,J2,768,596,1364
2020-02-10T18:15:00+09:00,J3,1254,818,2072
2020-02-10T18:15:00+09:00,J4,1081,1074,2155
2020-02-10T18:15:00+09:00,J5,624,629,1253
2020-02-10T18:30:00+09:00,J1,955,934,1889
2020-02-10T18:30:00+09:00,J2,785,574,1359
2020-02-10T18:30:00+09:00,J3,1117,702,1819
2020-02-10T18:30:00+09:00,J4,1154,933,2087
2020-02-10T18:30:00+09:00,J5,602,587,1189
2020-02-10T18:45:00+09:00,J1,938,972,1910
2020-02-10T18:45:00+09:00,J2,752,497,1249
2020-02-10T18:45:00+09:00,J3,1038,685,1723
2020-02-10T18:45:00+09:00,J4,1186,950,2136
2020-02-10T18:45:00+09:00,J5,587,538,1125
2020-02-10T19:00:00+09:00,J1,849,843,1692
2020-02-10T19:00:00+09:00,J2,602,618,1220
2020-02-10T19:00:00+09:00,J3,983,675,1658
2020-02-10T19:00:00+09:00,J4,1148,978,2126
2020-02-10T19:00:00+09:00,J5,577,555,1132
2020-02-10T19:15:00+09:00,J1,785,868,1653
2020-02-10T19:15:00+09:00,J2,588,589,1177
2020-02-10T19:15:00+09:00,J3,950,723,1673
2020-02-10T19:15:00+09:00,J4,1116,966,2082
2020-02-10T19:15:00+09:00,J5,609,581,1190
2020-02-10T19:30:00+09:00,J1,833,899,1732
2020-02-10T19:30:00+09:00,J2,620,528,1148
2020-02-10T19:30:00+09:00,J3,893,710,1603
2020-02-10T19:30:00+09:00,J4,1024,1016,2040
2020-02-10T19:30:00+09:00,J5,643,574,1217
2020-02-10T19:45:00+09:00,J1,830,864,1694
2020-02-10T19:45:00+09:00,J2,567,457,1024
2020-02-10T19:45:00+09:00,J3,850,670,1520
2020-02-10T19:45:00+09:00,J4,915,957,1872
2020-02-10T19:45:00+09:00,J5,634,553,1187
2020-02-10T20:00:00+09:00,J1,795,849,1644
2020-02-10T20:00:00+09:00,J2,552,479,1031
2020-02-10T20:00:00+09:00,J3,881,606,1487
2020-02-10T20:00:00+09:00,J4,913,995,1908
2020-02-10T20:00:00+09:00,J5,553,495,1048
2020-02-10T20:15:00+09:00,J1,834,924,1758
2020-02-10T20:15:00+09:00,J2,538,473,1011
2020-02-10T20:15:00+09:00,J3,873,597,1470
2020-02-10T20:15:00+09:00,J4,1079,1008,2087
2020-02-10T20:15:00+09:00,J5,509,504,1013
2020-02-10T20:30:00+09:00,J1,834,903,1737
2020-02-10T20:30:00+09:00,J2,536,410,946
2020-02-10T20:30:00+09:00,J3,862,563,1425
2020-02-10T20:30:00+09:00,J4,1009,906,1915
2020-02-10T20:30:00+09:00,J5,527,454,981
2020-02-10T20:45:00+09:00,J1,788,923,1711
2020-02-10T20:45:00+09:00,J2,467,380,847
2020-02-10T20:45:00+09:00,J3,855,734,1589
2020-02-10T20:45:00+09:00,J4,885,979,1864
2020-02-10T20:45:00+09:00,J5,508,420,928
2020-02-10T21:00:00+09:00,J1,765,854,1619
2020-02-10T21:00:00+09:00,J2,520,554,1074
2020-02-10T21:00:00+09:00,J3,837,567,1404
2020-02-10T21:00:00+09:00,J4,877,962,1839
2020-02-10T21:00:00+09:00,J5,493,460,953
2020-02-10T21:15:00+09:00,J1,813,881,1694
2020-02-10T21:15:00+09:00,J2,578,522,1100
2020-02-10T21:15:00+09:00,J3,789,773,1562
2020-02-10T21:15:00+09:00,J4,797,913,1710
2020-02-10T21:15:00+09:00,J5,500,484,984
2020-02-10T21:30:00+09:00,J1,759,919,1678
2020-02-10T21:30:00+09:00,J2,547,487,1034
2020-02-10T21:30:00+09:00,J3,782,670,1452
2020-02-10T21:30:00+09:00,J4,738,824,1562
2020-02-10T21:30:00+09:00,J5,567,580,1147
2020-02-10T21:45:00+09:00,J1,726,822,1548
2020-02-10T21:45:00+09:00,J2,520,521,1041
2020-02-10T21:45:00+09:00,J3,839,661,1500
2020-02-10T21:45:00+09:00,J4,661,833,1494
2020-02-10T21:45:00+09:00,J5,553,614,1167
2020-02-10T22:00:00+09:00,J1,799,847,1646
2020-02-10T22:00:00+09:00,J2,541,556,1097
2020-02-10T22:00:00+09:00,J3,795,675,1470
2020-02-10T22:00:00+09:00,J4,709,784,1493
2020-02-10T22:00:00+09:00,J5,577,626,1203
2020-02-10T22:15:00+09:00,J1,735,841,1576
2020-02-10T22:15:00+09:00,J2,548,591,1139
2020-02-10T22:15:00+09:00,J3,747,682,1429
2020-02-10T22:15:00+09:00,J4,703,804,1507
2020-02-10T22:15:00+09:00,J5,654,646,1300
2020-02-10T22:30:00+09:00,J1,771,883,1654
2020-02-10T22:30:00+09:00,J2,551,548,1099
2020-02-10T22:30:00+09:00,J3,836,631,1467
2020-02-10T22:30:00+09:00,J4,557,768,1325
2020-02-10T22:30:00+09:00,J5,606,556,1162
2020-02-10T22:45:00+09:00,J1,766,888,1654
2020-02-10T22:45:00+09:00,J2,490,505,995
2020-02-10T22:45:00+09:00,J3,794,569,1363
2020-02-10T22:45:00+09:00,J4,631,814,1445
2020-02-10T22:45:00+09:00,J5,499,509,1008
2020-02-10T23:00:00+09:00,J1,741,854,1595
2020-02-10T23:00:00+09:00,J2,479,482,961
2020-02-10T23:00:00+09:00,J3,819,556,1375
2020-02-10T23:00:00+09:00,J4,746,806,1552
2020-02-10T23:00:00+09:00,J5,515,512,1027
2020-02-10T23:15:00+09:00,J1,696,824,1520
2020-02-10T23:15:00+09:00,J2,386,450,836
2020-02-10T23:15:00+09:00,J3,742,543,1285
2020-02-10T23:15:00+09:00,J4,628,850,1478
2020-02-10T23:15:00+09:00,J5,561,523,1084
2020-02-10T23:30:00+09:00,J1,732,816,1548
2020-02-10T23:30:00+09:00,J2,462,524,986
2020-02-10T23:30:00+09:00,J3,763,562,1325
2020-02-10T23:30:00+09:00,J4,713,810,1523
2020-02-10T23:30:00+09:00,J5,557,552,1109
2020-02-10T23:45:00+09:00,J1,740,879,1619
2020-02-10T23:45:00+09:00,J2,512,463,975
2020-02-10T23:45:00+09:00,J3,734,574,1308
2020-02-10T23:45:00+09:00,J4,633,752,1385
2020-02-10T23:45:00+09:00,J5,582,544,1126
2020-02-11T00:00:00+09:00,J1,619,743,1362
2020-02-11T00:00:00+09:00,J2,389,312,701
2020-02-11T00:00:00+09:00,J3,659,452,1111
2020-02-11T00:00:00+09:00,J4,726,817,1543
2020-02-11T00:00:00+09:00,J5,447,467,914
2020-02-11T00:15:00+09:00,J1,500,541,1041
2020-02-11T00:15:00+09:00,J2,246,250,496
2020-02-11T00:15:00+09:00,J3,544,435,979
2020-02-11T00:15:00+09:00,J4,710,699,1409
2020-02-11T00:15:00+09:00,J5,383,419,802
2020-02-11T00:30:00+09:00,J1,365,363,728
2020-02-11T00:30:00+09:00,J2,231,208,439
2020-02-11T00:30:00+09:00,J3,463,376,839
2020-02-11T00:30:00+09:00,J4,449,503,952
2020-02-11T00:30:00+09:00,J5,415,460,875
2020-02-11T00:45:00+09:00,J1,489,397,886
2020-02-11T00:45:00+09:00,J2,248,220,468
2020-02-11T00:45:00+09:00,J3,479,397,876
2020-02-11T00:45:00+09:00,J4,528,544,1072
2020-02-11T00:45:00+09:00,J5,410,425,835
2020-02-11T05:45:00+09:00,J1,617,699,1316
2020-02-11T05:45:00+09:00,J2,275,303,578
2020-02-11T05:45:00+09:00,J3,360,329,689
2020-02-11T05:45:00+09:00,J4,533,597,1130
2020-02-11T05:45:00+09:00,J5,442,442,884
2020-02-11T06:00:00+09:00,J1,588,627,1215
2020-02-11T06:00:00+09:00,J2,265,226,491
2020-02-11T06:00:00+09:00,J3,474,440,914
2020-02-11T06:00:00+09:00,J4,467,580,1047
2020-02-11T06:00:00+09:00,J5,376,399,775
2020-02-11T06:15:00+09:00,J1,750,680,1430
2020-02-11T06:15:00+09:00,J2,270,238,508
2020-02-11T06:15:00+09:00,J3,535,421,956
2020-02-11T06:15:00+09:00,J4,481,612,1093
2020-02-11T06:15:00+09:00,J5,431,478,909
2020-02-11T06:30:00+09:00,J1,699,715,1414
2020-02-11T06:30:00+09:00,J2,299,253,552
2020-02-11T06:30:00+09:00,J3,549,496,1045
2020-02-11T06:30:00+09:00,J4,477,568,1045
2020-02-11T06:30:00+09:00,J5,447,489,936
2020-02-11T06:45:00+09:00,J1,656,684,1340
2020-02-11T06:45:00+09:00,J2,328,310,638
2020-02-11T06:45:00+09:00,J3,514,489,1003
2020-02-11T06:45:00+09:00,J4,548,646,1194
2020-02-11T06:45:00+09:00,J5,410,479,889
2020-02-11T07:00:00+09:00,J1,703,741,1444
2020-02-11T07:00:00+09:00,J2,571,536,1107
2020-02-11T07:00:00+09:00,J3,432,438,870
2020-02-11T07:00:00+09:00,J4,631,704,1335
2020-02-11T07:00:00+09:00,J5,435,558,993
2020-02-11T07:15:00+09:00,J1,719,740,1459
2020-02-11T07:15:00+09:00,J2,506,567,1073
2020-02-11T07:15:00+09:00,J3,432,395,827
2020-02-11T07:15:00+09:00,J4,696,753,1449
2020-02-11T07:15:00+09:00,J5,457,494,951
2020-02-11T07:30:00+09:00,J1,765,884,1649
2020-02-11T07:30:00+09:00,J2,485,445,930
2020-02-11T07:30:00+09:00,J3,786,623,1409
2020-02-11T07:30:00+09:00,J4,711,846,1557
2020-02-11T07:30:00+09:00,J5,621,572,1193
2020-02-11T07:45:00+09:00,J1,744,854,1598
2020-02-11T07:45:00+09:00,J2,322,288,610
2020-02-11T07:45:00+09:00,J3,829,657,1486
2020-02-11T07:45:00+09:00,J4,918,973,1891
2020-02-11T07:45:00+09:00,J5,461,477,938
2020-02-11T08:00:00+09:00,J1,819,905,1724
2020-02-11T08:00:00+09:00,J2,520,457,977
2020-02-11T08:00:00+09:00,J3,1006,731,1737
2020-02-11T08:00:00+09:00,J4,939,1005,1944
2020-02-11T08:00:00+09:00,J5,524,522,1046
2020-02-11T08:15:00+09:00,J1,878,951,1829
2020-02-11T08:15:00+09:00,J2,538,401,939
2020-02-11T08:15:00+09:00,J3,939,782,1721
2020-02-11T08:15:00+09:00,J4,1030,986,2016
2020-02-11T08:15:00+09:00,J5,571,598,1169
2020-02-11T08:30:00+09:00,J1,866,1000,1866
2020-02-11T08:30:00+09:00,J2,498,391,889
2020-02-11T08:30:00+09:00,J3,962,824,1786
2020-02-11T08:30:00+09:00,J4,958,983,1941
2020-02-11T08:30:00+09:00,J5,633,622,1255
2020-02-11T08:45:00+09:00,J1,953,944,1897
2020-02-11T08:45:00+09:00,J2,553,485,1038
2020-02-11T08:45:00+09:00,J3,982,781,1763
2020-02-11T08:45:00+09:00,J4,971,957,1928
2020-02-11T08:45:00+09:00,J5,635,685,1320
2020-02-11T09:00:00+09:00,J1,1018,960,1978
2020-02-11T09:00:00+09:00,J2,552,465,1017
2020-02-11T09:00:00+09:00,J3,888,658,1546
2020-02-11T09:00:00+09:00,J4,914,944,1858
2020-02-11T09:00:00+09:00,J5,611,628,1239
2020-02-11T09:15:00+09:00,J1,865,939,1804
2020-02-11T09:15:00+09:00,J2,568,508,1076
2020-02-11T09:15:00+09:00,J3,608,547,1155
2020-02-11T09:15:00+09:00,J4,894,944,1838
2020-02-11T09:15:00+09:00,J5,475,497,972
2020-02-11T09:30:00+09:00,J1,846,809,1655
2020-02-11T09:30:00+09:00,J2,655,488,1143
2020-02-11T09:30:00+09:00,J3,641,587,1228
2020-02-11T09:30:00+09:00,J4,872,1016,1888
2020-02-11T09:30:00+09:00,J5,315,351,666
2020-02-11T09:45:00+09:00,J1,867,953,1820
2020-02-11T09:45:00+09:00,J2,609,451,1060
2020-02-11T09:45:00+09:00,J3,748,697,1445
2020-02-11T09:45:00+09:00,J4,955,949,1904
2020-02-11T09:45:00+09:00,J5,344,318,662
2020-02-11T10:00:00+09:00,J1,855,894,1749
2020-02-11T10:00:00+09:00,J2,617,483,1100
2020-02-11T10:00:00+09:00,J3,686,662,1348
2020-02-11T10:00:00+09:00,J4,953,954,1907
2020-02-11T10:00:00+09:00,J5,381,297,678
2020-02-11T10:15:00+09:00,J1,959,850,1809
2020-02-11T10:15:00+09:00,J2,653,534,1187
2020-02-11T10:15:00+09:00,J3,752,678,1430
2020-02-11T10:15:00+09:00,J4,970,901,1871
2020-02-11T10:15:00+09:00,J5,394,304,698
2020-02-11T10:30:00+09:00,J1,902,966,1868
2020-02-11T10:30:00+09:00,J2,549,479,1028
2020-02-11T10:30:00+09:00,J3,757,644,1401
2020-02-11T10:30:00+09:00,J4,992,972,1964
2020-02-11T10:30:00+09:00,J5,420,328,748
2020-02-11T10:45:00+09:00,J1,890,931,1821
2020-02-11T10:45:00+09:00,J2,576,503,1079
2020-02-11T10:45:00+09:00,J3,727,645,1372
2020-02-11T10:45:00+09:00,J4,1065,988,2053
2020-02-11T10:45:00+09:00,J5,413,345,758
2020-02-11T11:00:00+09:00,J1,836,891,1727
2020-02-11T11:00:00+09:00,J2,579,528,1107
2020-02-11T11:00:00+09:00,J3,752,638,1390
2020-02-11T11:00:00+09:00,J4,1061,1030,2091
2020-02-11T11:00:00+09:00,J5,389,339,728
2020-02-11T11:15:00+09:00,J1,914,898,1812
2020-02-11T11:15:00+09:00,J2,574,444,1018
2020-02-11T11:15:00+09:00,J3,898,656,1554
2020-02-11T11:15:00+09:00,J4,1076,1006,2082
2020-02-11T11:15:00+09:00,J5,526,539,1065
2020-02-11T11:30:00+09:00,J1,849,987,1836
2020-02-11T11:30:00+09:00,J2,496,430,926
2020-02-11T11:30:00+09:00,J3,940,710,1650
2020-02-11T11:30:00+09:00,J4,1089,972,2061
2020-02-11T11:30:00+09:00,J5,677,640,1317
2020-02-11T11:45:00+09:00,J1,889,990,1879
2020-02-11T11:45:00+09:00,J2,595,465,1060
2020-02-11T11:45:00+09:00,J3,962,681,1643
2020-02-11T11:45:00+09:00,J4,1125,955,2080
2020-02-11T11:45:00+09:00,J5,619,630,1249
2020-02-11T12:00:00+09:00,J1,910,1023,1933
2020-02-11T12:00:00+09:00,J2,567,507,1074
2020-02-11T12:00:00+09:00,J3,899,704,1603
2020-02-11T12:00:00+09:00,J4,1155,988,2143
2020-02-11T12:00:00+09:00,J5,697,681,1378
2020-02-11T12:15:00+09:00,J1,921,951,1872
2020-02-11T12:15:00+09:00,J2,479,433,912
2020-02-11T12:15:00+09:00,J3,898,697,1595
2020-02-11T12:15:00+09:00,J4,1105,1022,2127
2020-02-11T12:15:00+09:00,J5,629,695,1324
2020-02-11T12:30:00+09:00,J1,868,928,1796
2020-02-11T12:30:00+09:00,J2,517,382,899
2020-02-11T12:30:00+09:00,J3,748,613,1361
2020-02-11T12:30:00+09:00,J4,1040,1007,2047
2020-02-11T12:30:00+09:00,J5,553,643,1196
2020-02-11T12:45:00+09:00,J1,884,949,1833
2020-02-11T12:45:00+09:00,J2,450,337,787
2020-02-11T12:45:00+09:00,J3,718,569,1287
2020-02-11T12:45:00+09:00,J4,975,936,1911
2020-02-11T12:45:00+09:00,J5,400,451,851
2020-02-11T13:00:00+09:00,J1,934,976,1910
2020-02-11T13:00:00+09:00,J2,487,398,885
2020-02-11T13:00:00+09:00,J3,784,641,1425
2020-02-11T13:00:00+09:00,J4,1057,968,2025
2020-02-11T13:00:00+09:00,J5,526,553,1079
2020-02-11T13:15:00+09:00,J1,965,968,1933
2020-02-11T13:15:00+09:00,J2,484,450,934
2020-02-11T13:15:00+09:00,J3,759,638,1397
2020-02-11T13:15:00+09:00,J4,1088,972,2060
2020-02-11T13:15:00+09:00,J5,636,722,1358
2020-02-11T13:30:00+09:00,J1,920,974,1894
2020-02-11T13:30:00+09:00,J2,508,437,945
2020-02-11T13:30:00+09:00,J3,723,650,1373
2020-02-11T13:30:00+09:00,J4,1019,993,2012
2020-02-11T13:30:00+09:00,J5,616,670,1286
2020-02-11T13:45:00+09:00,J1,915,963,1878
2020-02-11T13:45:00+09:00,J2,544,509,1053
2020-02-11T13:45:00+09:00,J3,833,756,1589
2020-02-11T13:45:00+09:00,J4,981,999,1980
2020-02-11T13:45:00+09:00,J5,628,606,1234
2020-02-11T14:00:00+09:00,J1,896,1039,1935
2020-02-11T14:00:00+09:00,J2,565,539,1104
2020-02-11T14:00:00+09:00,J3,871,786,1657
2020-02-11T14:00:00+09:00,J4,969,983,1952
2020-02-11T14:00:00+09:00,J5,641,632,1273
2020-02-11T14:15:00+09:00,J1,850,970,1820
2020-02-11T14:15:00+09:00,J2,519,403,922
2020-02-11T14:15:00+09:00,J3,841,901,1742
2020-02-11T14:15:00+09:00,J4,902,922,1824
2020-02-11T14:15:00+09:00,J5,659,654,1313
2020-02-11T14:30:00+09:00,J1,913,985,1898
2020-02-11T14:30:00+09:00,J2,553,394,947
2020-02-11T14:30:00+09:00,J3,878,841,1719
2020-02-11T14:30:00+09:00,J4,921,951,1872
2020-02-11T14:30:00+09:00,J5,545,555,1100
2020-02-11T14:45:00+09:00,J1,908,994,1902
2020-02-11T14:45:00+09:00,J2,492,427,919
2020-02-11T14:45:00+09:00,J3,759,727,1486
2020-02-11T14:45:00+09:00,J4,856,944,1800
2020-02-11T14:45:00+09:00,J5,453,505,958
2020-02-11T15:00:00+09:00,J1,928,990,1918
2020-02-11T15:00:00+09:00,J2,538,416,954
2020-02-11T15:00:00+09:00,J3,765,762,1527
2020-02-11T15:00:00+09:00,J4,851,925,1776
2020-02-11T15:00:00+09:00,J5,537,529,1066
2020-02-11T15:15:00+09:00,J1,906,985,1891
2020-02-11T15:15:00+09:00,J2,611,425,1036
2020-02-11T15:15:00+09:00,J3,834,741,1575
2020-02-11T15:15:00+09:00,J4,846,967,1813
2020-02-11T15:15:00+09:00,J5,609,653,1262
2020-02-11T15:30:00+09:00,J1,870,1002,1872
2020-02-11T15:30:00+09:00,J2,574,459,1033
2020-02-11T15:30:00+09:00,J3,833,789,1622
2020-02-11T15:30:00+09:00,J4,952,901,1853
2020-02-11T15:30:00+09:00,J5,571,638,1209
2020-02-11T15:45:00+09:00,J1,917,945,1862
2020-02-11T15:45:00+09:00,J2,526,391,917
2020-02-11T15:45:00+09:00,J3,828,800,1628
2020-02-11T15:45:00+09:00,J4,848,861,1709
2020-02-11T15:45:00+09:00,J5,554,640,1194
2020-02-11T16:00:00+09:00,J1,900,989,1889
2020-02-11T16:00:00+09:00,J2,488,337,825
2020-02-11T16:00:00+09:00,J3,825,758,1583
2020-02-11T16:00:00+09:00,J4,906,928,1834
2020-02-11T16:00:00+09:00,J5,558,636,1194
2020-02-11T16:15:00+09:00,J1,904,957,1861
2020-02-11T16:15:00+09:00,J2,488,347,835
2020-02-11T16:15:00+09:00,J3,827,640,1467
2020-02-11T16:15:00+09:00,J4,862,954,1816
2020-02-11T16:15:00+09:00,J5,600,591,1191
2020-02-11T16:30:00+09:00,J1,890,937,1827
2020-02-11T16:30:00+09:00,J2,480,372,852
2020-02-11T16:30:00+09:00,J3,1041,878,1919
2020-02-11T16:30:00+09:00,J4,770,936,1706
2020-02-11T16:30:00+09:00,J5,645,713,1358
2020-02-11T16:45:00+09:00,J1,929,992,1921
2020-02-11T16:45:00+09:00,J2,558,346,904
2020-02-11T16:45:00+09:00,J3,1072,796,1868
2020-02-11T16:45:00+09:00,J4,890,922,1812
2020-02-11T16:45:00+09:00,J5,651,694,1345
2020-02-11T17:00:00+09:00,J1,948,998,1946
2020-02-11T17:00:00+09:00,J2,576,420,996
2020-02-11T17:00:00+09:00,J3,1060,776,1836
2020-02-11T17:00:00+09:00,J4,850,831,1681
2020-02-11T17:00:00+09:00,J5,562,683,1245
2020-02-11T17:15:00+09:00,J1,957,1061,2018
2020-02-11T17:15:00+09:00,J2,570,504,1074
2020-02-11T17:15:00+09:00,J3,917,835,1752
2020-02-11T17:15:00+09:00,J4,809,880,1689
2020-02-11T17:15:00+09:00,J5,542,647,1189
2020-02-11T17:30:00+09:00,J1,983,1012,1995
2020-02-11T17:30:00+09:00,J2,587,501,1088
2020-02-11T17:30:00+09:00,J3,975,813,1788
2020-02-11T17:30:00+09:00,J4,815,863,1678
2020-02-11T17:30:00+09:00,J5,543,640,1183
2020-02-11T17:45:00+09:00,J1,984,1026,2010
2020-02-11T17:45:00+09:00,J2,515,511,1026
2020-02-11T17:45:00+09:00,J3,1012,783,1795
2020-02-11T17:45:00+09:00,J4,790,915,1705
2020-02-11T17:45:00+09:00,J5,430,486,916
2020-02-11T18:00:00+09:00,J1,1002,1111,2113
2020-02-11T18:00:00+09:00,J2,476,445,921
2020-02-11T18:00:00+09:00,J3,878,658,1536
2020-02-11T18:00:00+09:00,J4,740,759,1499
2020-02-11T18:00:00+09:00,J5,398,464,862
2020-02-11T18:15:00+09:00,J1,981,1051,2032
2020-02-11T18:15:00+09:00,J2,534,478,1012
2020-02-11T18:15:00+09:00,J3,954,806,1760
2020-02-11T18:15:00+09:00,J4,836,828,1664
2020-02-11T18:15:00+09:00,J5,403,452,855
2020-02-11T18:30:00+09:00,J1,978,938,1916
2020-02-11T18:30:00+09:00,J2,519,453,972
2020-02-11T18:30:00+09:00,J3,834,761,1595
2020-02-11T18:30:00+09:00,J4,863,955,1818
2020-02-11T18:30:00+09:00,J5,342,426,768
2020-02-11T18:45:00+09:00,J1,914,899,1813
2020-02-11T18:45:00+09:00,J2,455,446,901
2020-02-11T18:45:00+09:00,J3,743,560,1303
2020-02-11T18:45:00+09:00,J4,970,889,1859
2020-02-11T18:45:00+09:00,J5,370,428,798
2020-02-11T19:00:00+09:00,J1,826,847,1673
2020-02-11T19:00:00+09:00,J2,450,412,862
2020-02-11T19:00:00+09:00,J3,705,519,1224
2020-02-11T19:00:00+09:00,J4,1011,975,1986
2020-02-11T19:00:00+09:00,J5,354,436,790
2020-02-11T19:15:00+09:00,J1,781,882,1663
2020-02-11T19:15:00+09:00,J2,483,399,882
2020-02-11T19:15:00+09:00,J3,694,557,1251
2020-02-11T19:15:00+09:00,J4,1061,969,2030
2020-02-11T19:15:00+09:00,J5,334,445,779
2020-02-11T19:30:00+09:00,J1,838,864,1702
2020-02-11T19:30:00+09:00,J2,483,497,980
2020-02-11T19:30:00+09:00,J3,637,538,1175
2020-02-11T19:30:00+09:00,J4,1034,936,1970
2020-02-11T19:30:00+09:00,J5,331,393,724
2020-02-11T19:45:00+09:00,J1,823,833,1656
2020-02-11T19:45:00+09:00,J2,446,463,909
2020-02-11T19:45:00+09:00,J3,658,556,1214
2020-02-11T19:45:00+09:00,J4,1042,962,2004
2020-02-11T19:45:00+09:00,J5,317,373,690
2020-02-11T20:00:00+09:00,J1,822,884,1706
2020-02-11T20:00:00+09:00,J2,481,487,968
2020-02-11T20:00:00+09:00,J3,559,499,1058
2020-02-11T20:00:00+09:00,J4,1143,1034,2177
2020-02-11T20:00:00+09:00,J5,358,392,750
2020-02-11T20:15:00+09:00,J1,868,832,1700
2020-02-11T20:15:00+09:00,J2,411,487,898
2020-02-11T20:15:00+09:00,J3,624,498,1122
2020-02-11T20:15:00+09:00,J4,1040,1029,2069
2020-02-11T20:15:00+09:00,J5,361,408,769
2020-02-11T20:30:00+09:00,J1,836,850,1686
2020-02-11T20:30:00+09:00,J2,372,444,816
2020-02-11T20:30:00+09:00,J3,658,515,1173
2020-02-11T20:30:00+09:00,J4,1028,999,2027
2020-02-11T20:30:00+09:00,J5,312,413,725
2020-02-11T20:45:00+09:00,J1,764,834,1598
2020-02-11T20:45:00+09:00,J2,422,377,799
2020-02-11T20:45:00+09:00,J3,653,562,1215
2020-02-11T20:45:00+09:00,J4,1057,907,1964
2020-02-11T20:45:00+09:00,J5,327,346,673
2020-02-11T21:00:00+09:00,J1,772,856,1628
2020-02-11T21:00:00+09:00,J2,467,454,921
2020-02-11T21:00:00+09:00,J3,692,656,1348
2020-02-11T21:00:00+09:00,J4,968,991,1959
2020-02-11T21:00:00+09:00,J5,370,323,693
2020-02-11T21:15:00+09:00,J1,783,790,1573
2020-02-11T21:15:00+09:00,J2,519,480,999
2020-02-11T21:15:00+09:00,J3,673,486,1159
2020-02-11T21:15:00+09:00,J4,1014,1027,2041
2020-02-11T21:15:00+09:00,J5,366,342,708
2020-02-11T21:30:00+09:00,J1,783,815,1598
2020-02-11T21:30:00+09:00,J2,533,464,997
2020-02-11T21:30:00+09:00,J3,603,409,1012
2020-02-11T21:30:00+09:00,J4,1049,941,1990
2020-02-11T21:30:00+09:00,J5,406,321,727
2020-02-11T21:45:00+09:00,J1,712,903,1615
2020-02-11T21:45:00+09:00,J2,404,369,773
2020-02-11T21:45:00+09:00,J3,612,469,1081
2020-02-11T21:45:00+09:00,J4,947,877,1824
2020-02-11T21:45:00+09:00,J5,347,320,667
2020-02-11T22:00:00+09:00,J1,709,854,1563
2020-02-11T22:00:00+09:00,J2,429,419,848
2020-02-11T22:00:00+09:00,J3,482,465,947
2020-02-11T22:00:00+09:00,J4,955,910,1865
2020-02-11T22:00:00+09:00,J5,406,348,754
2020-02-11T22:15:00+09:00,J1,718,829,1547
2020-02-11T22:15:00+09:00,J2,452,411,863
2020-02-11T22:15:00+09:00,J3,486,439,925
2020-02-11T22:15:00+09:00,J4,980,910,1890
2020-02-11T22:15:00+09:00,J5,460,472,932
2020-02-11T22:30:00+09:00,J1,768,867,1635
2020-02-11T22:30:00+09:00,J2,497,471,968
2020-02-11T22:30:00+09:00,J3,481,459,940
2020-02-11T22:30:00+09:00,J4,1003,941,1944
2020-02-11T22:30:00+09:00,J5,449,538,987
2020-02-11T22:45:00+09:00,J1,719,827,1546
2020-02-11T22:45:00+09:00,J2,435,470,905
2020-02-11T22:45:00+09:00,J3,585,474,1059
2020-02-11T22:45:00+09:00,J4,1025,873,1898
2020-02-11T22:45:00+09:00,J5,506,524,1030
2020-02-11T23:00:00+09:00,J1,751,762,1513
2020-02-11T23:00:00+09:00,J2,368,399,767
2020-02-11T23:00:00+09:00,J3,613,545,1158
2020-02-11T23:00:00+09:00,J4,1008,930,1938
2020-02-11T23:00:00+09:00,J5,543,529,1072
2020-02-11T23:15:00+09:00,J1,719,836,1555
2020-02-11T23:15:00+09:00,J2,371,441,812
2020-02-11T23:15:00+09:00,J3,649,551,1200
2020-02-11T23:15:00+09:00,J4,1006,936,1942
2020-02-11T23:15:00+09:00,J5,531,516,1047
2020-02-11T23:30:00+09:00,J1,694,781,1475
2020-02-11T23:30:00+09:00,J2,354,420,774
2020-02-11T23:30:00+09:00,J3,590,456,1046
2020-02-11T23:30:00+09:00,J4,903,941,1844
2020-02-11T23:30:00+09:00,J5,526,515,1041
2020-02-11T23:45:00+09:00,J1,708,771,1479
2020-02-11T23:45:00+09:00,J2,466,432,898
2020-02-11T23:45:00+09:00,J3,466,363,829
2020-02-11T23:45:00+09:00,J4,929,831,1760
2020-02-11T23:45:00+09:00,J5,512,545,1057
2020-02-12T00:00:00+09:00,J1,699,701,1400
2020-02-12T00:00:00+09:00,J2,331,366,697
2020-02-12T00:00:00+09:00,J3,598,518,1116
2020-02-12T00:00:00+09:00,J4,968,846,1814
2020-02-12T00:00:00+09:00,J5,555,506,1061
2020-02-12T00:15:00+09:00,J1,532,601,1133
2020-02-12T00:15:00+09:00,J2,296,270,566
2020-02-12T00:15:00+09:00,J3,581,422,1003
2020-02-12T00:15:00+09:00,J4,770,706,1476
2020-02-12T00:15:00+09:00,J5,385,359,744
2020-02-12T00:30:00+09:00,J1,494,492,986
2020-02-12T00:30:00+09:00,J2,336,327,663
2020-02-12T00:30:00+09:00,J3,546,464,1010
2020-02-12T00:30:00+09:00,J4,618,655,1273
2020-02-12T00:30:00+09:00,J5,424,406,830
2020-02-12T00:45:00+09:00,J1,440,435,875
2020-02-12T00:45:00+09:00,J2,356,350,706
2020-02-12T00:45:00+09:00,J3,506,443,949
2020-02-12T00:45:00+09:00,J4,663,777,1440
2020-02-12T00:45:00+09:00,J5,409,375,784
2020-02-12T05:45:00+09:00,J1,498,467,965
2020-02-12T05:45:00+09:00,J2,242,239,481
2020-02-12T05:45:00+09:00,J3,485,405,890
2020-02-12T05:45:00+09:00,J4,482,595,1077
2020-02-12T05:45:00+09:00,J5,420,434,854
2020-02-12T06:00:00+09:00,J1,514,532,1046
2020-02-12T06:00:00+09:00,J2,246,285,531
2020-02-12T06:00:00+09:00,J3,523,376,899
2020-02-12T06:00:00+09:00,J4,532,661,1193
2020-02-12T06:00:00+09:00,J5,481,483,964
2020-02-12T06:15:00+09:00,J1,544,522,1066
2020-02-12T06:15:00+09:00,J2,334,298,632
2020-02-12T06:15:00+09:00,J3,560,407,967
2020-02-12T06:15:00+09:00,J4,660,740,1400
2020-02-12T06:15:00+09:00,J5,524,467,991
2020-02-12T06:30:00+09:00,J1,554,625,1179
2020-02-12T06:30:00+09:00,J2,261,262,523
2020-02-12T06:30:00+09:00,J3,594,407,1001
2020-02-12T06:30:00+09:00,J4,656,746,1402
2020-02-12T06:30:00+09:00,J5,460,478,938
2020-02-12T06:45:00+09:00,J1,594,599,1193
2020-02-12T06:45:00+09:00,J2,341,300,641
2020-02-12T06:45:00+09:00,J3,625,418,1043
2020-02-12T06:45:00+09:00,J4,661,835,1496
2020-02-12T06:45:00+09:00,J5,498,494,992
2020-02-12T07:00:00+09:00,J1,640,663,1303
2020-02-12T07:00:00+09:00,J2,469,418,887
2020-02-12T07:00:00+09:00,J3,638,422,1060
2020-02-12T07:00:00+09:00,J4,749,877,1626
2020-02-12T07:00:00+09:00,J5,522,540,1062
2020-02-12T07:15:00+09:00,J1,717,715,1432
2020-02-12T07:15:00+09:00,J2,428,372,800
2020-02-12T07:15:00+09:00,J3,631,536,1167
2020-02-12T07:15:00+09:00,J4,877,997,1874
2020-02-12T07:15:00+09:00,J5,546,606,1152
2020-02-12T07:30:00+09:00,J1,768,729,1497
2020-02-12T07:30:00+09:00,J2,436,424,860
2020-02-12T07:30:00+09:00,J3,602,534,1136
2020-02-12T07:30:00+09:00,J4,813,1012,1825
2020-02-12T07:30:00+09:00,J5,621,547,1168
2020-02-12T07:45:00+09:00,J1,807,828,1635
2020-02-12T07:45:00+09:00,J2,606,535,1141
2020-02-12T07:45:00+09:00,J3,656,621,1277
2020-02-12T07:45:00+09:00,J4,900,1161,2061
2020-02-12T07:45:00+09:00,J5,537,502,1039
2020-02-12T08:00:00+09:00,J1,901,920,1821
2020-02-12T08:00:00+09:00,J2,747,488,1235
2020-02-12T08:00:00+09:00,J3,888,804,1692
2020-02-12T08:00:00+09:00,J4,981,1177,2158
2020-02-12T08:00:00+09:00,J5,530,568,1098
2020-02-12T08:15:00+09:00,J1,971,987,1958
2020-02-12T08:15:00+09:00,J2,781,523,1304
2020-02-12T08:15:00+09:00,J3,1104,1023,2127
2020-02-12T08:15:00+09:00,J4,890,1115,2005
2020-02-12T08:15:00+09:00,J5,710,774,1484
2020-02-12T08:30:00+09:00,J1,936,1010,1946
2020-02-12T08:30:00+09:00,J2,838,484,1322
2020-02-12T08:30:00+09:00,J3,983,969,1952
2020-02-12T08:30:00+09:00,J4,780,1117,1897
2020-02-12T08:30:00+09:00,J5,715,792,1507
2020-02-12T08:45:00+09:00,J1,944,971,1915
2020-02-12T08:45:00+09:00,J2,731,493,1224
2020-02-12T08:45:00+09:00,J3,969,822,1791
2020-02-12T08:45:00+09:00,J4,925,1048,1973
2020-02-12T08:45:00+09:00,J5,614,660,1274
2020-02-12T09:00:00+09:00,J1,981,961,1942
2020-02-12T09:00:00+09:00,J2,583,396,979
2020-02-12T09:00:00+09:00,J3,804,736,1540
2020-02-12T09:00:00+09:00,J4,965,1007,1972
2020-02-12T09:00:00+09:00,J5,495,520,1015
2020-02-12T09:15:00+09:00,J1,934,846,1780
2020-02-12T09:15:00+09:00,J2,552,424,976
2020-02-12T09:15:00+09:00,J3,666,658,1324
2020-02-12T09:15:00+09:00,J4,972,964,1936
2020-02-12T09:15:00+09:00,J5,336,387,723
2020-02-12T09:30:00+09:00,J1,909,818,1727
2020-02-12T09:30:00+09:00,J2,503,441,944
2020-02-12T09:30:00+09:00,J3,686,717,1403
2020-02-12T09:30:00+09:00,J4,930,1074,2004
2020-02-12T09:30:00+09:00,J5,364,360,724
2020-02-12T09:45:00+09:00,J1,894,845,1739
2020-02-12T09:45:00+09:00,J2,465,391,856
2020-02-12T09:45:00+09:00,J3,730,732,1462
2020-02-12T09:45:00+09:00,J4,763,958,1721
2020-02-12T09:45:00+09:00,J5,423,360,783
2020-02-12T10:00:00+09:00,J1,849,974,1823
2020-02-12T10:00:00+09:00,J2,497,381,878
2020-02-12T10:00:00+09:00,J3,681,702,1383
2020-02-12T10:00:00+09:00,J4,750,878,1628
2020-02-12T10:00:00+09:00,J5,455,333,788
2020-02-12T10:15:00+09:00,J1,852,948,1800
2020-02-12T10:15:00+09:00,J2,549,475,1024
2020-02-12T10:15:00+09:00,J3,721,712,1433
2020-02-12T10:15:00+09:00,J4,799,948,1747
2020-02-12T10:15:00+09:00,J5,424,365,789
2020-02-12T10:30:00+09:00,J1,897,916,1813
2020-02-12T10:30:00+09:00,J2,540,496,1036
2020-02-12T10:30:00+09:00,J3,693,699,1392
2020-02-12T10:30:00+09:00,J4,931,917,1848
2020-02-12T10:30:00+09:00,J5,399,334,733
2020-02-12T10:45:00+09:00,J1,889,931,1820
2020-02-12T10:45:00+09:00,J2,512,428,940
2020-02-12T10:45:00+09:00,J3,710,667,1377
2020-02-12T10:45:00+09:00,J4,1056,951,2007
2020-02-12T10:45:00+09:00,J5,469,379,848
2020-02-12T11:00:00+09:00,J1,889,887,1776
2020-02-12T11:00:00+09:00,J2,523,545,1068
2020-02-12T11:00:00+09:00,J3,702,660,1362
2020-02-12T11:00:00+09:00,J4,1013,871,1884
2020-02-12T11:00:00+09:00,J5,450,376,826
2020-02-12T11:15:00+09:00,J1,866,938,1804
2020-02-12T11:15:00+09:00,J2,542,505,1047
2020-02-12T11:15:00+09:00,J3,788,717,1505
2020-02-12T11:15:00+09:00,J4,925,872,1797
2020-02-12T11:15:00+09:00,J5,591,624,1215
2020-02-12T11:30:00+09:00,J1,953,978,1931
2020-02-12T11:30:00+09:00,J2,605,549,1154
2020-02-12T11:30:00+09:00,J3,846,775,1621
2020-02-12T11:30:00+09:00,J4,869,943,1812
2020-02-12T11:30:00+09:00,J5,611,700,1311
2020-02-12T11:45:00+09:00,J1,910,997,1907
2020-02-12T11:45:00+09:00,J2,569,534,1103
2020-02-12T11:45:00+09:00,J3,892,750,1642
2020-02-12T11:45:00+09:00,J4,797,897,1694
2020-02-12T11:45:00+09:00,J5,589,628,1217
2020-02-12T12:00:00+09:00,J1,895,954,1849
2020-02-12T12:00:00+09:00,J2,578,563,1141
2020-02-12T12:00:00+09:00,J3,870,764,1634
2020-02-12T12:00:00+09:00,J4,819,872,1691
2020-02-12T12:00:00+09:00,J5,685,769,1454
2020-02-12T12:15:00+09:00,J1,885,966,1851
2020-02-12T12:15:00+09:00,J2,586,537,1123
2020-02-12T12:15:00+09:00,J3,920,647,1567
2020-02-12T12:15:00+09:00,J4,838,953,1791
2020-02-12T12:15:00+09:00,J5,755,778,1533
2020-02-12T12:30:00+09:00,J1,907,984,1891
2020-02-12T12:30:00+09:00,J2,587,528,1115
2020-02-12T12:30:00+09:00,J3,794,629,1423
2020-02-12T12:30:00+09:00,J4,814,892,1706
2020-02-12T12:30:00+09:00,J5,685,692,1377
2020-02-12T12:45:00+09:00,J1,911,1000,1911
2020-02-12T12:45:00+09:00,J2,557,488,1045
2020-02-12T12:45:00+09:00,J3,707,621,1328
2020-02-12T12:45:00+09:00,J4,907,878,1785
2020-02-12T12:45:00+09:00,J5,567,637,1204
2020-02-12T13:00:00+09:00,J1,906,947,1853
2020-02-12T13:00:00+09:00,J2,533,536,1069
2020-02-12T13:00:00+09:00,J3,759,707,1466
2020-02-12T13:00:00+09:00,J4,767,843,1610
2020-02-12T13:00:00+09:00,J5,575,671,1246
2020-02-12T13:15:00+09:00,J1,876,957,1833
2020-02-12T13:15:00+09:00,J2,543,473,1016
2020-02-12T13:15:00+09:00,J3,753,641,1394
2020-02-12T13:15:00+09:00,J4,776,829,1605
2020-02-12T13:15:00+09:00,J5,558,613,1171
2020-02-12T13:30:00+09:00,J1,898,978,1876
2020-02-12T13:30:00+09:00,J2,567,454,1021
2020-02-12T13:30:00+09:00,J3,760,637,1397
2020-02-12T13:30:00+09:00,J4,704,786,1490
2020-02-12T13:30:00+09:00,J5,527,591,1118
2020-02-12T13:45:00+09:00,J1,883,967,1850
2020-02-12T13:45:00+09:00,J2,545,479,1024
2020-02-12T13:45:00+09:00,J3,736,607,1343
2020-02-12T13:45:00+09:00,J4,707,722,1429
2020-02-12T13:45:00+09:00,J5,589,619,1208
2020-02-12T14:00:00+09:00,J1,937,939,1876
2020-02-12T14:00:00+09:00,J2,583,550,1133
2020-02-12T14:00:00+09:00,J3,722,615,1337
2020-02-12T14:00:00+09:00,J4,712,735,1447
2020-02-12T14:00:00+09:00,J5,617,591,1208
2020-02-12T14:15:00+09:00,J1,896,994,1890
2020-02-12T14:15:00+09:00,J2,559,421,980
2020-02-12T14:15:00+09:00,J3,732,603,1335
2020-02-12T14:15:00+09:00,J4,632,768,1400
2020-02-12T14:15:00+09:00,J5,622,635,1257
2020-02-12T14:30:00+09:00,J1,907,989,1896
2020-02-12T14:30:00+09:00,J2,475,327,802
2020-02-12T14:30:00+09:00,J3,730,633,1363
2020-02-12T14:30:00+09:00,J4,671,775,1446
2020-02-12T14:30:00+09:00,J5,584,691,1275
2020-02-12T14:45:00+09:00,J1,881,949,1830
2020-02-12T14:45:00+09:00,J2,471,400,871
2020-02-12T14:45:00+09:00,J3,707,612,1319
2020-02-12T14:45:00+09:00,J4,602,689,1291
2020-02-12T14:45:00+09:00,J5,668,651,1319
2020-02-12T15:00:00+09:00,J1,920,995,1915
2020-02-12T15:00:00+09:00,J2,475,351,826
2020-02-12T15:00:00+09:00,J3,645,571,1216
2020-02-12T15:00:00+09:00,J4,628,692,1320
2020-02-12T15:00:00+09:00,J5,651,728,1379
2020-02-12T15:15:00+09:00,J1,906,960,1866
2020-02-12T15:15:00+09:00,J2,438,393,831
2020-02-12T15:15:00+09:00,J3,678,539,1217
2020-02-12T15:15:00+09:00,J4,658,766,1424
2020-02-12T15:15:00+09:00,J5,622,677,1299
2020-02-12T15:30:00+09:00,J1,891,971,1862
2020-02-12T15:30:00+09:00,J2,532,439,971
2020-02-12T15:30:00+09:00,J3,689,550,1239
2020-02-12T15:30:00+09:00,J4,591,689,1280
2020-02-12T15:30:00+09:00,J5,605,684,1289
2020-02-12T15:45:00+09:00,J1,907,917,1824
2020-02-12T15:45:00+09:00,J2,484,355,839
2020-02-12T15:45:00+09:00,J3,735,589,1324
2020-02-12T15:45:00+09:00,J4,615,705,1320
2020-02-12T15:45:00+09:00,J5,672,737,1409
2020-02-12T16:00:00+09:00,J1,911,965,1876
2020-02-12T16:00:00+09:00,J2,482,434,916
2020-02-12T16:00:00+09:00,J3,761,511,1272
2020-02-12T16:00:00+09:00,J4,612,721,1333
2020-02-12T16:00:00+09:00,J5,622,738,1360
2020-02-12T16:15:00+09:00,J1,896,906,1802
2020-02-12T16:15:00+09:00,J2,514,464,978
2020-02-12T16:15:00+09:00,J3,740,602,1342
2020-02-12T16:15:00+09:00,J4,701,737,1438
2020-02-12T16:15:00+09:00,J5,642,747,1389
2020-02-12T16:30:00+09:00,J1,877,838,1715
2020-02-12T16:30:00+09:00,J2,540,503,1043
2020-02-12T16:30:00+09:00,J3,889,772,1661
2020-02-12T16:30:00+09:00,J4,618,719,1337
2020-02-12T16:30:00+09:00,J5,662,717,1379
2020-02-12T16:45:00+09:00,J1,826,865,1691
2020-02-12T16:45:00+09:00,J2,526,525,1051
2020-02-12T16:45:00+09:00,J3,873,831,1704
2020-02-12T16:45:00+09:00,J4,675,769,1444
2020-02-12T16:45:00+09:00,J5,660,731,1391
2020-02-12T17:00:00+09:00,J1,844,936,1780
2020-02-12T17:00:00+09:00,J2,584,543,1127
2020-02-12T17:00:00+09:00,J3,942,731,1673
2020-02-12T17:00:00+09:00,J4,818,831,1649
2020-02-12T17:00:00+09:00,J5,650,814,1464
2020-02-12T17:15:00+09:00,J1,931,932,1863
2020-02-12T17:15:00+09:00,J2,673,540,1213
2020-02-12T17:15:00+09:00,J3,922,662,1584
2020-02-12T17:15:00+09:00,J4,1026,897,1923
2020-02-12T17:15:00+09:00,J5,727,832,1559
2020-02-12T17:30:00+09:00,J1,956,928,1884
2020-02-12T17:30:00+09:00,J2,672,521,1193
2020-02-12T17:30:00+09:00,J3,1000,633,1633
2020-02-12T17:30:00+09:00,J4,1085,987,2072
2020-02-12T17:30:00+09:00,J5,703,935,1638
2020-02-12T17:45:00+09:00,J1,972,938,1910
2020-02-12T17:45:00+09:00,J2,594,532,1126
2020-02-12T17:45:00+09:00,J3,1043,610,1653
2020-02-12T17:45:00+09:00,J4,1102,932,2034
2020-02-12T17:45:00+09:00,J5,746,866,1612
2020-02-12T18:00:00+09:00,J1,951,972,1923
2020-02-12T18:00:00+09:00,J2,573,434,1007
2020-02-12T18:00:00+09:00,J3,1083,650,1733
2020-02-12T18:00:00+09:00,J4,1059,927,1986
2020-02-12T18:00:00+09:00,J5,731,891,1622
2020-02-12T18:15:00+09:00,J1,952,882,1834
2020-02-12T18:15:00+09:00,J2,628,549,1177
2020-02-12T18:15:00+09:00,J3,1047,709,1756
2020-02-12T18:15:00+09:00,J4,994,925,1919
2020-02-12T18:15:00+09:00,J5,653,846,1499
2020-02-12T18:30:00+09:00,J1,964,822,1786
2020-02-12T18:30:00+09:00,J2,608,645,1253
2020-02-12T18:30:00+09:00,J3,953,572,1525
2020-02-12T18:30:00+09:00,J4,840,786,1626
2020-02-12T18:30:00+09:00,J5,635,766,1401
2020-02-12T18:45:00+09:00,J1,939,870,1809
2020-02-12T18:45:00+09:00,J2,557,584,1141
2020-02-12T18:45:00+09:00,J3,752,526,1278
2020-02-12T18:45:00+09:00,J4,817,691,1508
2020-02-12T18:45:00+09:00,J5,571,695,1266
2020-02-12T19:00:00+09:00,J1,836,780,1616
2020-02-12T19:00:00+09:00,J2,551,521,1072
2020-02-12T19:00:00+09:00,J3,792,591,1383
2020-02-12T19:00:00+09:00,J4,732,751,1483
2020-02-12T19:00:00+09:00,J5,505,580,1085
2020-02-12T19:15:00+09:00,J1,771,843,1614
2020-02-12T19:15:00+09:00,J2,562,574,1136
2020-02-12T19:15:00+09:00,J3,795,581,1376
2020-02-12T19:15:00+09:00,J4,788,769,1557
2020-02-12T19:15:00+09:00,J5,471,640,1111
2020-02-12T19:30:00+09:00,J1,753,730,1483
2020-02-12T19:30:00+09:00,J2,425,390,815
2020-02-12T19:30:00+09:00,J3,738,545,1283
2020-02-12T19:30:00+09:00,J4,727,773,1500
2020-02-12T19:30:00+09:00,J5,452,480,932
2020-02-12T19:45:00+09:00,J1,806,770,1576
2020-02-12T19:45:00+09:00,J2,398,318,716
2020-02-12T19:45:00+09:00,J3,616,492,1108
2020-02-12T19:45:00+09:00,J4,772,711,1483
2020-02-12T19:45:00+09:00,J5,364,418,782
2020-02-12T20:00:00+09:00,J1,762,781,1543
2020-02-12T20:00:00+09:00,J2,411,254,665
2020-02-12T20:00:00+09:00,J3,612,489,1101
2020-02-12T20:00:00+09:00,J4,723,792,1515
2020-02-12T20:00:00+09:00,J5,418,422,840
2020-02-12T20:15:00+09:00,J1,851,745,1596
2020-02-12T20:15:00+09:00,J2,415,297,712
2020-02-12T20:15:00+09:00,J3,694,507,1201
2020-02-12T20:15:00+09:00,J4,762,711,1473
2020-02-12T20:15:00+09:00,J5,401,469,870
2020-02-12T20:30:00+09:00,J1,792,776,1568
2020-02-12T20:30:00+09:00,J2,563,498,1061
2020-02-12T20:30:00+09:00,J3,624,494,1118
2020-02-12T20:30:00+09:00,J4,763,732,1495
2020-02-12T20:30:00+09:00,J5,352,475,827
2020-02-12T20:45:00+09:00,J1,784,700,1484
2020-02-12T20:45:00+09:00,J2,518,510,1028
2020-02-12T20:45:00+09:00,J3,570,427,997
2020-02-12T20:45:00+09:00,J4,821,770,1591
2020-02-12T20:45:00+09:00,J5,315,353,668
2020-02-12T21:00:00+09:00,J1,753,793,1546
2020-02-12T21:00:00+09:00,J2,543,550,1093
2020-02-12T21:00:00+09:00,J3,662,557,1219
2020-02-12T21:00:00+09:00,J4,812,798,1610
2020-02-12T21:00:00+09:00,J5,353,338,691
2020-02-12T21:15:00+09:00,J1,749,797,1546
2020-02-12T21:15:00+09:00,J2,512,529,1041
2020-02-12T21:15:00+09:00,J3,741,653,1394
2020-02-12T21:15:00+09:00,J4,823,918,1741
2020-02-12T21:15:00+09:00,J5,350,367,717
2020-02-12T21:30:00+09:00,J1,741,813,1554
2020-02-12T21:30:00+09:00,J2,376,375,751
2020-02-12T21:30:00+09:00,J3,739,650,1389
2020-02-12T21:30:00+09:00,J4,785,871,1656
2020-02-12T21:30:00+09:00,J5,362,357,719
2020-02-12T21:45:00+09:00,J1,741,797,1538
2020-02-12T21:45:00+09:00,J2,374,336,710
2020-02-12T21:45:00+09:00,J3,760,567,1327
2020-02-12T21:45:00+09:00,J4,813,798,1611
2020-02-12T21:45:00+09:00,J5,367,324,691
2020-02-12T22:00:00+09:00,J1,701,771,1472
2020-02-12T22:00:00+09:00,J2,387,397,784
2020-02-12T22:00:00+09:00,J3,699,536,1235
2020-02-12T22:00:00+09:00,J4,745,833,1578
2020-02-12T22:00:00+09:00,J5,363,331,694
2020-02-12T22:15:00+09:00,J1,724,732,1456
2020-02-12T22:15:00+09:00,J2,423,411,834
2020-02-12T22:15:00+09:00,J3,600,547,1147
2020-02-12T22:15:00+09:00,J4,715,808,1523
2020-02-12T22:15:00+09:00,J5,386,366,752
2020-02-12T22:30:00+09:00,J1,727,821,1548
2020-02-12T22:30:00+09:00,J2,462,481,943
2020-02-12T22:30:00+09:00,J3,690,543,1233
2020-02-12T22:30:00+09:00,J4,710,801,1511
2020-02-12T22:30:00+09:00,J5,389,328,717
2020-02-12T22:45:00+09:00,J1,710,775,1485
2020-02-12T22:45:00+09:00,J2,436,458,894
2020-02-12T22:45:00+09:00,J3,632,520,1152
2020-02-12T22:45:00+09:00,J4,803,799,1602
2020-02-12T22:45:00+09:00,J5,418,301,719
2020-02-12T23:00:00+09:00,J1,659,656,1315
2020-02-12T23:00:00+09:00,J2,514,466,980
2020-02-12T23:00:00+09:00,J3,545,535,1080
2020-02-12T23:00:00+09:00,J4,810,790,1600
2020-02-12T23:00:00+09:00,J5,404,414,818
2020-02-12T23:15:00+09:00,J1,635,736,1371
2020-02-12T23:15:00+09:00,J2,525,447,972
2020-02-12T23:15:00+09:00,J3,584,500,1084
2020-02-12T23:15:00+09:00,J4,834,781,1615
2020-02-12T23:15:00+09:00,J5,411,416,827
2020-02-12T23:30:00+09:00,J1,727,750,1477
2020-02-12T23:30:00+09:00,J2,435,418,853
2020-02-12T23:30:00+09:00,J3,518,478,996
2020-02-12T23:30:00+09:00,J4,834,814,1648
2020-02-12T23:30:00+09:00,J5,424,407,831
2020-02-12T23:45:00+09:00,J1,688,787,1475
2020-02-12T23:45:00+09:00,J2,324,298,622
2020-02-12T23:45:00+09:00,J3,517,500,1017
2020-02-12T23:45:00+09:00,J4,769,719,1488
2020-02-12T23:45:00+09:00,J5,401,396,797
2020-02-13T00:00:00+09:00,J1,658,669,1327
2020-02-13T00:00:00+09:00,J2,548,458,1006
2020-02-13T00:00:00+09:00,J3,359,414,773
2020-02-13T00:00:00+09:00,J4,816,792,1608
2020-02-13T00:00:00+09:00,J5,395,456,851
2020-02-13T00:15:00+09:00,J1,498,515,1013
2020-02-13T00:15:00+09:00,J2,521,422,943
2020-02-13T00:15:00+09:00,J3,323,373,696
2020-02-13T00:15:00+09:00,J4,701,682,1383
2020-02-13T00:15:00+09:00,J5,581,568,1149
2020-02-13T00:30:00+09:00,J1,548,471,1019
2020-02-13T00:30:00+09:00,J2,369,289,658
2020-02-13T00:30:00+09:00,J3,311,372,683
2020-02-13T00:30:00+09:00,J4,674,651,1325
2020-02-13T00:30:00+09:00,J5,633,592,1225
2020-02-13T00:45:00+09:00,J1,515,499,1014
2020-02-13T00:45:00+09:00,J2,403,303,706
2020-02-13T00:45:00+09:00,J3,349,411,760
2020-02-13T00:45:00+09:00,J4,733,651,1384
2020-02-13T00:45:00+09:00,J5,585,588,1173
2020-02-13T05:45:00+09:00,J1,571,604,1175
2020-02-13T05:45:00+09:00,J2,318,314,632
2020-02-13T05:45:00+09:00,J3,654,520,1174
2020-02-13T05:45:00+09:00,J4,596,675,1271
2020-02-13T05:45:00+09:00,J5,341,328,669
2020-02-13T06:00:00+09:00,J1,581,578,1159
2020-02-13T06:00:00+09:00,J2,361,366,727
2020-02-13T06:00:00+09:00,J3,723,566,1289
2020-02-13T06:00:00+09:00,J4,633,766,1399
2020-02-13T06:00:00+09:00,J5,441,436,877
2020-02-13T06:15:00+09:00,J1,695,744,1439
2020-02-13T06:15:00+09:00,J2,435,495,930
2020-02-13T06:15:00+09:00,J3,708,617,1325
2020-02-13T06:15:00+09:00,J4,689,775,1464
2020-02-13T06:15:00+09:00,J5,651,542,1193
2020-02-13T06:30:00+09:00,J1,715,742,1457
2020-02-13T06:30:00+09:00,J2,459,484,943
2020-02-13T06:30:00+09:00,J3,663,636,1299
2020-02-13T06:30:00+09:00,J4,698,715,1413
2020-02-13T06:30:00+09:00,J5,550,520,1070
2020-02-13T06:45:00+09:00,J1,715,660,1375
2020-02-13T06:45:00+09:00,J2,378,424,802
2020-02-13T06:45:00+09:00,J3,703,582,1285
2020-02-13T06:45:00+09:00,J4,676,739,1415
2020-02-13T06:45:00+09:00,J5,561,490,1051
2020-02-13T07:00:00+09:00,J1,719,768,1487
2020-02-13T07:00:00+09:00,J2,414,348,762
2020-02-13T07:00:00+09:00,J3,644,614,1258
2020-02-13T07:00:00+09:00,J4,778,809,1587
2020-02-13T07:00:00+09:00,J5,562,595,1157
2020-02-13T07:15:00+09:00,J1,785,757,1542
2020-02-13T07:15:00+09:00,J2,468,421,889
2020-02-13T07:15:00+09:00,J3,583,635,1218
2020-02-13T07:15:00+09:00,J4,838,909,1747
2020-02-13T07:15:00+09:00,J5,598,644,1242
2020-02-13T07:30:00+09:00,J1,808,906,1714
2020-02-13T07:30:00+09:00,J2,513,465,978
2020-02-13T07:30:00+09:00,J3,835,705,1540
2020-02-13T07:30:00+09:00,J4,944,980,1924
2020-02-13T07:30:00+09:00,J5,526,591,1117
2020-02-13T07:45:00+09:00,J1,830,864,1694
2020-02-13T07:45:00+09:00,J2,622,397,1019
2020-02-13T07:45:00+09:00,J3,921,763,1684
2020-02-13T07:45:00+09:00,J4,930,1019,1949
2020-02-13T07:45:00+09:00,J5,691,696,1387
2020-02-13T08:00:00+09:00,J1,898,984,1882
2020-02-13T08:00:00+09:00,J2,721,519,1240
2020-02-13T08:00:00+09:00,J3,1008,815,1823
2020-02-13T08:00:00+09:00,J4,863,1108,1971
2020-02-13T08:00:00+09:00,J5,613,618,1231
2020-02-13T08:15:00+09:00,J1,901,891,1792
2020-02-13T08:15:00+09:00,J2,805,441,1246
2020-02-13T08:15:00+09:00,J3,1011,1019,2030
2020-02-13T08:15:00+09:00,J4,831,1132,1963
2020-02-13T08:15:00+09:00,J5,666,693,1359
2020-02-13T08:30:00+09:00,J1,916,958,1874
2020-02-13T08:30:00+09:00,J2,770,471,1241
2020-02-13T08:30:00+09:00,J3,977,929,1906
2020-02-13T08:30:00+09:00,J4,765,1150,1915
2020-02-13T08:30:00+09:00,J5,654,758,1412
2020-02-13T08:45:00+09:00,J1,915,992,1907
2020-02-13T08:45:00+09:00,J2,666,472,1138
2020-02-13T08:45:00+09:00,J3,780,736,1516
2020-02-13T08:45:00+09:00,J4,810,986,1796
2020-02-13T08:45:00+09:00,J5,505,485,990
2020-02-13T09:00:00+09:00,J1,938,1026,1964
2020-02-13T09:00:00+09:00,J2,503,345,848
2020-02-13T09:00:00+09:00,J3,595,613,1208
2020-02-13T09:00:00+09:00,J4,898,965,1863
2020-02-13T09:00:00+09:00,J5,325,381,706
2020-02-13T09:15:00+09:00,J1,876,774,1650
2020-02-13T09:15:00+09:00,J2,505,383,888
2020-02-13T09:15:00+09:00,J3,643,662,1305
2020-02-13T09:15:00+09:00,J4,876,932,1808
2020-02-13T09:15:00+09:00,J5,423,374,797
2020-02-13T09:30:00+09:00,J1,831,804,1635
2020-02-13T09:30:00+09:00,J2,488,430,918
2020-02-13T09:30:00+09:00,J3,691,730,1421
2020-02-13T09:30:00+09:00,J4,942,844,1786
2020-02-13T09:30:00+09:00,J5,383,396,779
2020-02-13T09:45:00+09:00,J1,803,747,1550
2020-02-13T09:45:00+09:00,J2,490,397,887
2020-02-13T09:45:00+09:00,J3,542,604,1146
2020-02-13T09:45:00+09:00,J4,924,787,1711
2020-02-13T09:45:00+09:00,J5,403,377,780
2020-02-13T10:00:00+09:00,J1,769,710,1479
2020-02-13T10:00:00+09:00,J2,506,414,920
2020-02-13T10:00:00+09:00,J3,581,594,1175
2020-02-13T10:00:00+09:00,J4,867,787,1654
2020-02-13T10:00:00+09:00,J5,422,392,814
2020-02-13T10:15:00+09:00,J1,808,716,1524
2020-02-13T10:15:00+09:00,J2,467,385,852
2020-02-13T10:15:00+09:00,J3,712,673,1385
2020-02-13T10:15:00+09:00,J4,937,831,1768
2020-02-13T10:15:00+09:00,J5,395,309,704
2020-02-13T10:30:00+09:00,J1,855,774,1629
2020-02-13T10:30:00+09:00,J2,541,428,969
2020-02-13T10:30:00+09:00,J3,667,585,1252
2020-02-13T10:30:00+09:00,J4,818,887,1705
2020-02-13T10:30:00+09:00,J5,344,345,689
2020-02-13T10:45:00+09:00,J1,823,785,1608
2020-02-13T10:45:00+09:00,J2,497,502,999
2020-02-13T10:45:00+09:00,J3,593,572,1165
2020-02-13T10:45:00+09:00,J4,760,815,1575
2020-02-13T10:45:00+09:00,J5,348,314,662
2020-02-13T11:00:00+09:00,J1,817,733,1550
2020-02-13T11:00:00+09:00,J2,575,507,1082
2020-02-13T11:00:00+09:00,J3,656,535,1191
2020-02-13T11:00:00+09:00,J4,673,875,1548
2020-02-13T11:00:00+09:00,J5,311,310,621
2020-02-13T11:15:00+09:00,J1,854,857,1711
2020-02-13T11:15:00+09:00,J2,546,416,962
2020-02-13T11:15:00+09:00,J3,856,651,1507
2020-02-13T11:15:00+09:00,J4,686,860,1546
2020-02-13T11:15:00+09:00,J5,500,611,1111
2020-02-13T11:30:00+09:00,J1,918,934,1852
2020-02-13T11:30:00+09:00,J2,572,431,1003
2020-02-13T11:30:00+09:00,J3,890,731,1621
2020-02-13T11:30:00+09:00,J4,709,763,1472
2020-02-13T11:30:00+09:00,J5,621,686,1307
2020-02-13T11:45:00+09:00,J1,891,951,1842
2020-02-13T11:45:00+09:00,J2,552,421,973
2020-02-13T11:45:00+09:00,J3,881,802,1683
2020-02-13T11:45:00+09:00,J4,642,692,1334
2020-02-13T11:45:00+09:00,J5,596,707,1303
2020-02-13T12:00:00+09:00,J1,933,945,1878
2020-02-13T12:00:00+09:00,J2,458,358,816
2020-02-13T12:00:00+09:00,J3,948,854,1802
2020-02-13T12:00:00+09:00,J4,665,717,1382
2020-02-13T12:00:00+09:00,J5,708,743,1451
2020-02-13T12:15:00+09:00,J1,906,916,1822
2020-02-13T12:15:00+09:00,J2,528,353,881
2020-02-13T12:15:00+09:00,J3,898,825,1723
2020-02-13T12:15:00+09:00,J4,657,748,1405
2020-02-13T12:15:00+09:00,J5,653,730,1383
2020-02-13T12:30:00+09:00,J1,890,941,1831
2020-02-13T12:30:00+09:00,J2,508,354,862
2020-02-13T12:30:00+09:00,J3,898,689,1587
2020-02-13T12:30:00+09:00,J4,630,737,1367
2020-02-13T12:30:00+09:00,J5,629,684,1313
2020-02-13T12:45:00+09:00,J1,860,886,1746
2020-02-13T12:45:00+09:00,J2,500,382,882
2020-02-13T12:45:00+09:00,J3,811,627,1438
2020-02-13T12:45:00+09:00,J4,674,753,1427
2020-02-13T12:45:00+09:00,J5,692,682,1374
2020-02-13T13:00:00+09:00,J1,847,798,1645
2020-02-13T13:00:00+09:00,J2,490,390,880
2020-02-13T13:00:00+09:00,J3,796,539,1335
2020-02-13T13:00:00+09:00,J4,581,682,1263
2020-02-13T13:00:00+09:00,J5,673,667,1340
2020-02-13T13:15:00+09:00,J1,798,885,1683
2020-02-13T13:15:00+09:00,J2,505,401,906
2020-02-13T13:15:00+09:00,J3,826,579,1405
2020-02-13T13:15:00+09:00,J4,599,717,1316
2020-02-13T13:15:00+09:00,J5,694,711,1405
2020-02-13T13:30:00+09:00,J1,835,885,1720
2020-02-13T13:30:00+09:00,J2,487,366,853
2020-02-13T13:30:00+09:00,J3,757,583,1340
2020-02-13T13:30:00+09:00,J4,641,642,1283
2020-02-13T13:30:00+09:00,J5,686,673,1359
2020-02-13T13:45:00+09:00,J1,807,842,1649
2020-02-13T13:45:00+09:00,J2,506,376,882
2020-02-13T13:45:00+09:00,J3,800,618,1418
2020-02-13T13:45:00+09:00,J4,580,728,1308
2020-02-13T13:45:00+09:00,J5,602,680,1282
2020-02-13T14:00:00+09:00,J1,751,863,1614
2020-02-13T14:00:00+09:00,J2,533,414,947
2020-02-13T14:00:00+09:00,J3,785,569,1354
2020-02-13T14:00:00+09:00,J4,632,752,1384
2020-02-13T14:00:00+09:00,J5,621,708,1329
2020-02-13T14:15:00+09:00,J1,913,945,1858
2020-02-13T14:15:00+09:00,J2,491,364,855
2020-02-13T14:15:00+09:00,J3,759,562,1321
2020-02-13T14:15:00+09:00,J4,669,690,1359
2020-02-13T14:15:00+09:00,J5,627,661,1288
2020-02-13T14:30:00+09:00,J1,816,933,1749
2020-02-13T14:30:00+09:00,J2,524,407,931
2020-02-13T14:30:00+09:00,J3,869,672,1541
2020-02-13T14:30:00+09:00,J4,630,702,1332
2020-02-13T14:30:00+09:00,J5,644,704,1348
2020-02-13T14:45:00+09:00,J1,802,841,1643
2020-02-13T14:45:00+09:00,J2,480,389,869
2020-02-13T14:45:00+09:00,J3,836,545,1381
2020-02-13T14:45:00+09:00,J4,541,650,1191
2020-02-13T14:45:00+09:00,J5,625,677,1302
2020-02-13T15:00:00+09:00,J1,826,876,1702
2020-02-13T15:00:00+09:00,J2,425,397,822
2020-02-13T15:00:00+09:00,J3,797,558,1355
2020-02-13T15:00:00+09:00,J4,588,662,1250
2020-02-13T15:00:00+09:00,J5,637,713,1350
2020-02-13T15:15:00+09:00,J1,846,848,1694
2020-02-13T15:15:00+09:00,J2,490,400,890
2020-02-13T15:15:00+09:00,J3,805,528,1333
2020-02-13T15:15:00+09:00,J4,608,706,1314
2020-02-13T15:15:00+09:00,J5,602,731,1333
2020-02-13T15:30:00+09:00,J1,841,879,1720
2020-02-13T15:30:00+09:00,J2,508,435,943
2020-02-13T15:30:00+09:00,J3,853,606,1459
2020-02-13T15:30:00+09:00,J4,610,670,1280
2020-02-13T15:30:00+09:00,J5,615,691,1306
2020-02-13T15:45:00+09:00,J1,852,898,1750
2020-02-13T15:45:00+09:00,J2,475,362,837
2020-02-13T15:45:00+09:00,J3,799,673,1472
2020-02-13T15:45:00+09:00,J4,631,748,1379
2020-02-13T15:45:00+09:00,J5,638,657,1295
2020-02-13T16:00:00+09:00,J1,792,872,1664
2020-02-13T16:00:00+09:00,J2,518,375,893
2020-02-13T16:00:00+09:00,J3,804,515,1319
2020-02-13T16:00:00+09:00,J4,568,622,1190
2020-02-13T16:00:00+09:00,J5,670,668,1338
2020-02-13T16:15:00+09:00,J1,817,844,1661
2020-02-13T16:15:00+09:00,J2,535,448,983
2020-02-13T16:15:00+09:00,J3,789,586,1375
2020-02-13T16:15:00+09:00,J4,701,704,1405
2020-02-13T16:15:00+09:00,J5,626,644,1270
2020-02-13T16:30:00+09:00,J1,799,861,1660
2020-02-13T16:30:00+09:00,J2,528,498,1026
2020-02-13T16:30:00+09:00,J3,842,550,1392
2020-02-13T16:30:00+09:00,J4,666,760,1426
2020-02-13T16:30:00+09:00,J5,626,739,1365
2020-02-13T16:45:00+09:00,J1,803,853,1656
2020-02-13T16:45:00+09:00,J2,476,454,930
2020-02-13T16:45:00+09:00,J3,805,607,1412
2020-02-13T16:45:00+09:00,J4,697,689,1386
2020-02-13T16:45:00+09:00,J5,663,697,1360
2020-02-13T17:00:00+09:00,J1,857,897,1754
2020-02-13T17:00:00+09:00,J2,529,396,925
2020-02-13T17:00:00+09:00,J3,853,632,1485
2020-02-13T17:00:00+09:00,J4,861,845,1706
2020-02-13T17:00:00+09:00,J5,666,787,1453
2020-02-13T17:15:00+09:00,J1,861,925,1786
2020-02-13T17:15:00+09:00,J2,521,472,993
2020-02-13T17:15:00+09:00,J3,889,565,1454
2020-02-13T17:15:00+09:00,J4,1054,920,1974
2020-02-13T17:15:00+09:00,J5,679,875,1554
2020-02-13T17:30:00+09:00,J1,885,919,1804
2020-02-13T17:30:00+09:00,J2,562,477,1039
2020-02-13T17:30:00+09:00,J3,973,691,1664
2020-02-13T17:30:00+09:00,J4,1094,898,1992
2020-02-13T17:30:00+09:00,J5,726,914,1640
2020-02-13T17:45:00+09:00,J1,866,809,1675
2020-02-13T17:45:00+09:00,J2,497,449,946
2020-02-13T17:45:00+09:00,J3,995,690,1685
2020-02-13T17:45:00+09:00,J4,992,934,1926
2020-02-13T17:45:00+09:00,J5,774,899,1673
2020-02-13T18:00:00+09:00,J1,912,835,1747
2020-02-13T18:00:00+09:00,J2,580,517,1097
2020-02-13T18:00:00+09:00,J3,1066,678,1744
2020-02-13T18:00:00+09:00,J4,1173,937,2110
2020-02-13T18:00:00+09:00,J5,797,867,1664
2020-02-13T18:15:00+09:00,J1,933,917,1850
2020-02-13T18:15:00+09:00,J2,701,506,1207
2020-02-13T18:15:00+09:00,J3,992,681,1673
2020-02-13T18:15:00+09:00,J4,1142,991,2133
2020-02-13T18:15:00+09:00,J5,760,878,1638
2020-02-13T18:30:00+09:00,J1,945,878,1823
2020-02-13T18:30:00+09:00,J2,554,438,992
2020-02-13T18:30:00+09:00,J3,875,574,1449
2020-02-13T18:30:00+09:00,J4,874,779,1653
2020-02-13T18:30:00+09:00,J5,654,796,1450
2020-02-13T18:45:00+09:00,J1,944,860,1804
2020-02-13T18:45:00+09:00,J2,552,434,986
2020-02-13T18:45:00+09:00,J3,787,588,1375
2020-02-13T18:45:00+09:00,J4,865,773,1638
2020-02-13T18:45:00+09:00,J5,666,768,1434
2020-02-13T19:00:00+09:00,J1,915,836,1751
2020-02-13T19:00:00+09:00,J2,504,428,932
2020-02-13T19:00:00+09:00,J3,791,548,1339
2020-02-13T19:00:00+09:00,J4,815,743,1558
2020-02-13T19:00:00+09:00,J5,588,730,1318
2020-02-13T19:15:00+09:00,J1,949,820,1769
2020-02-13T19:15:00+09:00,J2,485,401,886
2020-02-13T19:15:00+09:00,J3,770,574,1344
2020-02-13T19:15:00+09:00,J4,785,716,1501
2020-02-13T19:15:00+09:00,J5,574,686,1260
2020-02-13T19:30:00+09:00,J1,796,780,1576
2020-02-13T19:30:00+09:00,J2,467,439,906
2020-02-13T19:30:00+09:00,J3,624,435,1059
2020-02-13T19:30:00+09:00,J4,675,745,1420
2020-02-13T19:30:00+09:00,J5,509,595,1104
2020-02-13T19:45:00+09:00,J1,865,757,1622
2020-02-13T19:45:00+09:00,J2,481,467,948
2020-02-13T19:45:00+09:00,J3,651,458,1109
2020-02-13T19:45:00+09:00,J4,582,710,1292
2020-02-13T19:45:00+09:00,J5,452,500,952
2020-02-13T20:00:00+09:00,J1,805,807,1612
2020-02-13T20:00:00+09:00,J2,487,438,925
2020-02-13T20:00:00+09:00,J3,621,460,1081
2020-02-13T20:00:00+09:00,J4,722,687,1409
2020-02-13T20:00:00+09:00,J5,454,477,931
2020-02-13T20:15:00+09:00,J1,810,827,1637
2020-02-13T20:15:00+09:00,J2,527,527,1054
2020-02-13T20:15:00+09:00,J3,661,560,1221
2020-02-13T20:15:00+09:00,J4,675,740,1415
2020-02-13T20:15:00+09:00,J5,412,500,912
2020-02-13T20:30:00+09:00,J1,815,762,1577
2020-02-13T20:30:00+09:00,J2,538,444,982
2020-02-13T20:30:00+09:00,J3,659,497,1156
2020-02-13T20:30:00+09:00,J4,781,809,1590
2020-02-13T20:30:00+09:00,J5,421,398,819
2020-02-13T20:45:00+09:00,J1,788,750,1538
2020-02-13T20:45:00+09:00,J2,503,429,932
2020-02-13T20:45:00+09:00,J3,598,459,1057
2020-02-13T20:45:00+09:00,J4,780,814,1594
2020-02-13T20:45:00+09:00,J5,416,395,811
2020-02-13T21:00:00+09:00,J1,744,808,1552
2020-02-13T21:00:00+09:00,J2,451,415,866
2020-02-13T21:00:00+09:00,J3,604,455,1059
2020-02-13T21:00:00+09:00,J4,883,841,1724
2020-02-13T21:00:00+09:00,J5,356,355,711
2020-02-13T21:15:00+09:00,J1,747,803,1550
2020-02-13T21:15:00+09:00,J2,527,489,1016
2020-02-13T21:15:00+09:00,J3,634,506,1140
2020-02-13T21:15:00+09:00,J4,819,855,1674
2020-02-13T21:15:00+09:00,J5,370,338,708
2020-02-13T21:30:00+09:00,J1,777,846,1623
2020-02-13T21:30:00+09:00,J2,583,523,1106
2020-02-13T21:30:00+09:00,J3,673,689,1362
2020-02-13T21:30:00+09:00,J4,805,822,1627
2020-02-13T21:30:00+09:00,J5,351,347,698
2020-02-13T21:45:00+09:00,J1,737,834,1571
2020-02-13T21:45:00+09:00,J2,456,428,884
2020-02-13T21:45:00+09:00,J3,725,658,1383
2020-02-13T21:45:00+09:00,J4,877,842,1719
2020-02-13T21:45:00+09:00,J5,350,319,669
2020-02-13T22:00:00+09:00,J1,725,857,1582
2020-02-13T22:00:00+09:00,J2,515,414,929
2020-02-13T22:00:00+09:00,J3,719,646,1365
2020-02-13T22:00:00+09:00,J4,819,811,1630
2020-02-13T22:00:00+09:00,J5,290,313,603
2020-02-13T22:15:00+09:00,J1,730,835,1565
2020-02-13T22:15:00+09:00,J2,375,333,708
2020-02-13T22:15:00+09:00,J3,810,665,1475
2020-02-13T22:15:00+09:00,J4,891,748,1639
2020-02-13T22:15:00+09:00,J5,333,293,626
2020-02-13T22:30:00+09:00,J1,751,825,1576
2020-02-13T22:30:00+09:00,J2,385,374,759
2020-02-13T22:30:00+09:00,J3,754,600,1354
2020-02-13T22:30:00+09:00,J4,856,822,1678
2020-02-13T22:30:00+09:00,J5,329,304,633
2020-02-13T22:45:00+09:00,J1,671,823,1494
2020-02-13T22:45:00+09:00,J2,550,555,1105
2020-02-13T22:45:00+09:00,J3,689,624,1313
2020-02-13T22:45:00+09:00,J4,821,799,1620
2020-02-13T22:45:00+09:00,J5,354,335,689
2020-02-13T23:00:00+09:00,J1,731,842,1573
2020-02-13T23:00:00+09:00,J2,560,473,1033
2020-02-13T23:00:00+09:00,J3,708,545,1253
2020-02-13T23:00:00+09:00,J4,825,710,1535
2020-02-13T23:00:00+09:00,J5,360,315,675
2020-02-13T23:15:00+09:00,J1,693,723,1416
2020-02-13T23:15:00+09:00,J2,382,373,755
2020-02-13T23:15:00+09:00,J3,726,535,1261
2020-02-13T23:15:00+09:00,J4,859,792,1651
2020-02-13T23:15:00+09:00,J5,394,328,722
2020-02-13T23:30:00+09:00,J1,697,793,1490
2020-02-13T23:30:00+09:00,J2,340,368,708
2020-02-13T23:30:00+09:00,J3,694,555,1249
2020-02-13T23:30:00+09:00,J4,731,793,1524
2020-02-13T23:30:00+09:00,J5,369,318,687
2020-02-13T23:45:00+09:00,J1,692,773,1465
2020-02-13T23:45:00+09:00,J2,322,319,641
2020-02-13T23:45:00+09:00,J3,603,533,1136
2020-02-13T23:45:00+09:00,J4,764,693,1457
2020-02-13T23:45:00+09:00,J5,408,314,722
2020-02-14T00:00:00+09:00,J1,601,652,1253
2020-02-14T00:00:00+09:00,J2,294,244,538
2020-02-14T00:00:00+09:00,J3,461,423,884
2020-02-14T00:00:00+09:00,J4,695,668,1363
2020-02-14T00:00:00+09:00,J5,432,395,827
2020-02-14T00:15:00+09:00,J1,525,478,1003
2020-02-14T00:15:00+09:00,J2,206,186,392
2020-02-14T00:15:00+09:00,J3,358,402,760
2020-02-14T00:15:00+09:00,J4,684,699,1383
2020-02-14T00:15:00+09:00,J5,400,490,890
2020-02-14T00:30:00+09:00,J1,547,528,1075
2020-02-14T00:30:00+09:00,J2,230,183,413
2020-02-14T00:30:00+09:00,J3,388,300,688
2020-02-14T00:30:00+09:00,J4,674,611,1285
2020-02-14T00:30:00+09:00,J5,448,507,955
2020-02-14T00:45:00+09:00,J1,547,507,1054
2020-02-14T00:45:00+09:00,J2,218,181,399
2020-02-14T00:45:00+09:00,J3,311,301,612
2020-02-14T00:45:00+09:00,J4,721,691,1412
2020-02-14T00:45:00+09:00,J5,419,478,897
2020-02-14T05:45:00+09:00,J1,546,565,1111
2020-02-14T05:45:00+09:00,J2,462,488,950
2020-02-14T05:45:00+09:00,J3,647,597,1244
2020-02-14T05:45:00+09:00,J4,675,721,1396
2020-02-14T05:45:00+09:00,J5,461,396,857
2020-02-14T06:00:00+09:00,J1,540,566,1106
2020-02-14T06:00:00+09:00,J2,471,408,879
2020-02-14T06:00:00+09:00,J3,594,602,1196
2020-02-14T06:00:00+09:00,J4,704,757,1461
2020-02-14T06:00:00+09:00,J5,534,481,1015
2020-02-14T06:15:00+09:00,J1,588,655,1243
2020-02-14T06:15:00+09:00,J2,445,412,857
2020-02-14T06:15:00+09:00,J3,553,573,1126
2020-02-14T06:15:00+09:00,J4,676,767,1443
2020-02-14T06:15:00+09:00,J5,573,525,1098
2020-02-14T06:30:00+09:00,J1,627,671,1298
2020-02-14T06:30:00+09:00,J2,473,475,948
2020-02-14T06:30:00+09:00,J3,478,515,993
2020-02-14T06:30:00+09:00,J4,655,681,1336
2020-02-14T06:30:00+09:00,J5,523,520,1043
2020-02-14T06:45:00+09:00,J1,760,717,1477
2020-02-14T06:45:00+09:00,J2,428,454,882
2020-02-14T06:45:00+09:00,J3,468,475,943
2020-02-14T06:45:00+09:00,J4,745,759,1504
2020-02-14T06:45:00+09:00,J5,573,564,1137
2020-02-14T07:00:00+09:00,J1,779,768,1547
2020-02-14T07:00:00+09:00,J2,387,369,756
2020-02-14T07:00:00+09:00,J3,508,538,1046
2020-02-14T07:00:00+09:00,J4,827,846,1673
2020-02-14T07:00:00+09:00,J5,559,524,1083
2020-02-14T07:15:00+09:00,J1,825,864,1689
2020-02-14T07:15:00+09:00,J2,426,422,848
2020-02-14T07:15:00+09:00,J3,481,522,1003
2020-02-14T07:15:00+09:00,J4,847,855,1702
2020-02-14T07:15:00+09:00,J5,559,539,1098
2020-02-14T07:30:00+09:00,J1,746,779,1525
2020-02-14T07:30:00+09:00,J2,522,440,962
2020-02-14T07:30:00+09:00,J3,742,649,1391
2020-02-14T07:30:00+09:00,J4,926,920,1846
2020-02-14T07:30:00+09:00,J5,584,543,1127
2020-02-14T07:45:00+09:00,J1,889,827,1716
2020-02-14T07:45:00+09:00,J2,592,429,1021
2020-02-14T07:45:00+09:00,J3,885,745,1630
2020-02-14T07:45:00+09:00,J4,934,993,1927
2020-02-14T07:45:00+09:00,J5,626,653,1279
2020-02-14T08:00:00+09:00,J1,902,928,1830
2020-02-14T08:00:00+09:00,J2,775,492,1267
2020-02-14T08:00:00+09:00,J3,988,873,1861
2020-02-14T08:00:00+09:00,J4,784,990,1774
2020-02-14T08:00:00+09:00,J5,763,744,1507
2020-02-14T08:15:00+09:00,J1,891,978,1869
2020-02-14T08:15:00+09:00,J2,740,348,1088
2020-02-14T08:15:00+09:00,J3,1022,880,1902
2020-02-14T08:15:00+09:00,J4,815,1168,1983
2020-02-14T08:15:00+09:00,J5,668,704,1372
2020-02-14T08:30:00+09:00,J1,969,1031,2000
2020-02-14T08:30:00+09:00,J2,814,494,1308
2020-02-14T08:30:00+09:00,J3,887,895,1782
2020-02-14T08:30:00+09:00,J4,670,1057,1727
2020-02-14T08:30:00+09:00,J5,672,783,1455
2020-02-14T08:45:00+09:00,J1,966,1003,1969
2020-02-14T08:45:00+09:00,J2,594,413,1007
2020-02-14T08:45:00+09:00,J3,683,756,1439
2020-02-14T08:45:00+09:00,J4,753,1018,1771
2020-02-14T08:45:00+09:00,J5,520,555,1075
2020-02-14T09:00:00+09:00,J1,973,1030,2003
2020-02-14T09:00:00+09:00,J2,530,342,872
2020-02-14T09:00:00+09:00,J3,603,590,1193
2020-02-14T09:00:00+09:00,J4,834,917,1751
2020-02-14T09:00:00+09:00,J5,405,368,773
2020-02-14T09:15:00+09:00,J1,861,728,1589
2020-02-14T09:15:00+09:00,J2,512,384,896
2020-02-14T09:15:00+09:00,J3,624,618,1242
2020-02-14T09:15:00+09:00,J4,758,935,1693
2020-02-14T09:15:00+09:00,J5,357,388,745
2020-02-14T09:30:00+09:00,J1,963,861,1824
2020-02-14T09:30:00+09:00,J2,503,390,893
2020-02-14T09:30:00+09:00,J3,601,639,1240
2020-02-14T09:30:00+09:00,J4,860,916,1776
2020-02-14T09:30:00+09:00,J5,403,386,789
2020-02-14T09:45:00+09:00,J1,819,768,1587
2020-02-14T09:45:00+09:00,J2,546,363,909
2020-02-14T09:45:00+09:00,J3,673,666,1339
2020-02-14T09:45:00+09:00,J4,756,852,1608
2020-02-14T09:45:00+09:00,J5,390,352,742
2020-02-14T10:00:00+09:00,J1,818,727,1545
2020-02-14T10:00:00+09:00,J2,545,440,985
2020-02-14T10:00:00+09:00,J3,601,616,1217
2020-02-14T10:00:00+09:00,J4,695,748,1443
2020-02-14T10:00:00+09:00,J5,348,327,675
2020-02-14T10:15:00+09:00,J1,808,723,1531
2020-02-14T10:15:00+09:00,J2,512,389,901
2020-02-14T10:15:00+09:00,J3,586,540,1126
2020-02-14T10:15:00+09:00,J4,594,706,1300
2020-02-14T10:15:00+09:00,J5,373,351,724
2020-02-14T10:30:00+09:00,J1,846,709,1555
2020-02-14T10:30:00+09:00,J2,543,417,960
2020-02-14T10:30:00+09:00,J3,582,486,1068
2020-02-14T10:30:00+09:00,J4,598,768,1366
2020-02-14T10:30:00+09:00,J5,357,360,717
2020-02-14T10:45:00+09:00,J1,828,765,1593
2020-02-14T10:45:00+09:00,J2,565,375,940
2020-02-14T10:45:00+09:00,J3,567,565,1132
2020-02-14T10:45:00+09:00,J4,635,779,1414
2020-02-14T10:45:00+09:00,J5,376,362,738
2020-02-14T11:00:00+09:00,J1,877,774,1651
2020-02-14T11:00:00+09:00,J2,537,427,964
2020-02-14T11:00:00+09:00,J3,613,565,1178
2020-02-14T11:00:00+09:00,J4,727,766,1493
2020-02-14T11:00:00+09:00,J5,346,345,691
2020-02-14T11:15:00+09:00,J1,914,860,1774
2020-02-14T11:15:00+09:00,J2,480,494,974
2020-02-14T11:15:00+09:00,J3,762,676,1438
2020-02-14T11:15:00+09:00,J4,733,824,1557
2020-02-14T11:15:00+09:00,J5,607,594,1201
2020-02-14T11:30:00+09:00,J1,918,963,1881
2020-02-14T11:30:00+09:00,J2,476,435,911
2020-02-14T11:30:00+09:00,J3,817,763,1580
2020-02-14T11:30:00+09:00,J4,736,775,1511
2020-02-14T11:30:00+09:00,J5,659,670,1329
2020-02-14T11:45:00+09:00,J1,931,921,1852
2020-02-14T11:45:00+09:00,J2,494,493,987
2020-02-14T11:45:00+09:00,J3,855,733,1588
2020-02-14T11:45:00+09:00,J4,644,741,1385
2020-02-14T11:45:00+09:00,J5,635,695,1330
2020-02-14T12:00:00+09:00,J1,999,984,1983
2020-02-14T12:00:00+09:00,J2,568,480,1048
2020-02-14T12:00:00+09:00,J3,936,756,1692
2020-02-14T12:00:00+09:00,J4,675,766,1441
2020-02-14T12:00:00+09:00,J5,639,699,1338
2020-02-14T12:15:00+09:00,J1,915,935,1850
2020-02-14T12:15:00+09:00,J2,593,485,1078
2020-02-14T12:15:00+09:00,J3,936,645,1581
2020-02-14T12:15:00+09:00,J4,683,767,1450
2020-02-14T12:15:00+09:00,J5,675,701,1376
2020-02-14T12:30:00+09:00,J1,867,973,1840
2020-02-14T12:30:00+09:00,J2,579,473,1052
2020-02-14T12:30:00+09:00,J3,747,579,1326
2020-02-14T12:30:00+09:00,J4,617,813,1430
2020-02-14T12:30:00+09:00,J5,695,705,1400
2020-02-14T12:45:00+09:00,J1,911,921,1832
2020-02-14T12:45:00+09:00,J2,546,489,1035
2020-02-14T12:45:00+09:00,J3,645,548,1193
2020-02-14T12:45:00+09:00,J4,620,831,1451
2020-02-14T12:45:00+09:00,J5,666,701,1367
2020-02-14T13:00:00+09:00,J1,878,976,1854
2020-02-14T13:00:00+09:00,J2,506,535,1041
2020-02-14T13:00:00+09:00,J3,738,598,1336
2020-02-14T13:00:00+09:00,J4,671,777,1448
2020-02-14T13:00:00+09:00,J5,671,676,1347
2020-02-14T13:15:00+09:00,J1,931,954,1885
2020-02-14T13:15:00+09:00,J2,486,481,967
2020-02-14T13:15:00+09:00,J3,777,669,1446
2020-02-14T13:15:00+09:00,J4,622,746,1368
2020-02-14T13:15:00+09:00,J5,609,682,1291
2020-02-14T13:30:00+09:00,J1,864,942,1806
2020-02-14T13:30:00+09:00,J2,494,549,1043
2020-02-14T13:30:00+09:00,J3,833,720,1553
2020-02-14T13:30:00+09:00,J4,580,716,1296
2020-02-14T13:30:00+09:00,J5,639,617,1256
2020-02-14T13:45:00+09:00,J1,851,980,1831
2020-02-14T13:45:00+09:00,J2,471,533,1004
2020-02-14T13:45:00+09:00,J3,858,824,1682
2020-02-14T13:45:00+09:00,J4,692,813,1505
2020-02-14T13:45:00+09:00,J5,613,608,1221
2020-02-14T14:00:00+09:00,J1,917,926,1843
2020-02-14T14:00:00+09:00,J2,493,546,1039
2020-02-14T14:00:00+09:00,J3,869,880,1749
2020-02-14T14:00:00+09:00,J4,668,759,1427
2020-02-14T14:00:00+09:00,J5,487,547,1034
2020-02-14T14:15:00+09:00,J1,871,885,1756
2020-02-14T14:15:00+09:00,J2,523,574,1097
2020-02-14T14:15:00+09:00,J3,867,876,1743
2020-02-14T14:15:00+09:00,J4,719,834,1553
2020-02-14T14:15:00+09:00,J5,585,636,1221
2020-02-14T14:30:00+09:00,J1,832,900,1732
2020-02-14T14:30:00+09:00,J2,468,499,967
2020-02-14T14:30:00+09:00,J3,781,683,1464
2020-02-14T14:30:00+09:00,J4,752,835,1587
2020-02-14T14:30:00+09:00,J5,642,647,1289
2020-02-14T14:45:00+09:00,J1,853,893,1746
2020-02-14T14:45:00+09:00,J2,491,527,1018
2020-02-14T14:45:00+09:00,J3,840,751,1591
2020-02-14T14:45:00+09:00,J4,702,787,1489
2020-02-14T14:45:00+09:00,J5,642,666,1308
2020-02-14T15:00:00+09:00,J1,905,875,1780
2020-02-14T15:00:00+09:00,J2,511,547,1058
2020-02-14T15:00:00+09:00,J3,705,747,1452
2020-02-14T15:00:00+09:00,J4,772,860,1632
2020-02-14T15:00:00+09:00,J5,670,652,1322
2020-02-14T15:15:00+09:00,J1,872,920,1792
2020-02-14T15:15:00+09:00,J2,543,516,1059
2020-02-14T15:15:00+09:00,J3,816,751,1567
2020-02-14T15:15:00+09:00,J4,721,814,1535
2020-02-14T15:15:00+09:00,J5,686,709,1395
2020-02-14T15:30:00+09:00,J1,796,996,1792
2020-02-14T15:30:00+09:00,J2,545,575,1120
2020-02-14T15:30:00+09:00,J3,747,648,1395
2020-02-14T15:30:00+09:00,J4,678,828,1506
2020-02-14T15:30:00+09:00,J5,652,795,1447
2020-02-14T15:45:00+09:00,J1,854,943,1797
2020-02-14T15:45:00+09:00,J2,560,588,1148
2020-02-14T15:45:00+09:00,J3,760,693,1453
2020-02-14T15:45:00+09:00,J4,733,740,1473
2020-02-14T15:45:00+09:00,J5,680,664,1344
2020-02-14T16:00:00+09:00,J1,865,946,1811
2020-02-14T16:00:00+09:00,J2,569,524,1093
2020-02-14T16:00:00+09:00,J3,834,651,1485
2020-02-14T16:00:00+09:00,J4,708,718,1426
2020-02-14T16:00:00+09:00,J5,674,680,1354
2020-02-14T16:15:00+09:00,J1,886,924,1810
2020-02-14T16:15:00+09:00,J2,533,607,1140
2020-02-14T16:15:00+09:00,J3,883,710,1593
2020-02-14T16:15:00+09:00,J4,753,757,1510
2020-02-14T16:15:00+09:00,J5,665,728,1393
2020-02-14T16:30:00+09:00,J1,905,887,1792
2020-02-14T16:30:00+09:00,J2,530,558,1088
2020-02-14T16:30:00+09:00,J3,1025,840,1865
2020-02-14T16:30:00+09:00,J4,717,808,1525
2020-02-14T16:30:00+09:00,J5,672,735,1407
2020-02-14T16:45:00+09:00,J1,856,997,1853
2020-02-14T16:45:00+09:00,J2,533,667,1200
2020-02-14T16:45:00+09:00,J3,1065,918,1983
2020-02-14T16:45:00+09:00,J4,752,695,1447
2020-02-14T16:45:00+09:00,J5,683,774,1457
2020-02-14T17:00:00+09:00,J1,877,926,1803
2020-02-14T17:00:00+09:00,J2,669,562,1231
2020-02-14T17:00:00+09:00,J3,1009,905,1914
2020-02-14T17:00:00+09:00,J4,856,870,1726
2020-02-14T17:00:00+09:00,J5,655,774,1429
2020-02-14T17:15:00+09:00,J1,924,938,1862
2020-02-14T17:15:00+09:00,J2,665,564,1229
2020-02-14T17:15:00+09:00,J3,1037,970,2007
2020-02-14T17:15:00+09:00,J4,996,994,1990
2020-02-14T17:15:00+09:00,J5,594,785,1379
2020-02-14T17:30:00+09:00,J1,981,992,1973
2020-02-14T17:30:00+09:00,J2,712,612,1324
2020-02-14T17:30:00+09:00,J3,1066,977,2043
2020-02-14T17:30:00+09:00,J4,1151,945,2096
2020-02-14T17:30:00+09:00,J5,640,768,1408
2020-02-14T17:45:00+09:00,J1,920,1016,1936
2020-02-14T17:45:00+09:00,J2,678,647,1325
2020-02-14T17:45:00+09:00,J3,1104,905,2009
2020-02-14T17:45:00+09:00,J4,1150,953,2103
2020-02-14T17:45:00+09:00,J5,681,797,1478
2020-02-14T18:00:00+09:00,J1,968,975,1943
2020-02-14T18:00:00+09:00,J2,659,542,1201
2020-02-14T18:00:00+09:00,J3,1216,906,2122
2020-02-14T18:00:00+09:00,J4,1186,1041,2227
2020-02-14T18:00:00+09:00,J5,673,832,1505
2020-02-14T18:15:00+09:00,J1,983,971,1954
2020-02-14T18:15:00+09:00,J2,608,540,1148
2020-02-14T18:15:00+09:00,J3,1174,866,2040
2020-02-14T18:15:00+09:00,J4,1119,958,2077
2020-02-14T18:15:00+09:00,J5,617,751,1368
2020-02-14T18:30:00+09:00,J1,951,922,1873
2020-02-14T18:30:00+09:00,J2,597,565,1162
2020-02-14T18:30:00+09:00,J3,1060,857,1917
2020-02-14T18:30:00+09:00,J4,970,816,1786
2020-02-14T18:30:00+09:00,J5,520,632,1152
2020-02-14T18:45:00+09:00,J1,916,905,1821
2020-02-14T18:45:00+09:00,J2,553,578,1131
2020-02-14T18:45:00+09:00,J3,1028,836,1864
2020-02-14T18:45:00+09:00,J4,870,812,1682
2020-02-14T18:45:00+09:00,J5,521,583,1104
2020-02-14T19:00:00+09:00,J1,869,957,1826
2020-02-14T19:00:00+09:00,J2,555,601,1156
2020-02-14T19:00:00+09:00,J3,999,813,1812
2020-02-14T19:00:00+09:00,J4,858,759,1617
2020-02-14T19:00:00+09:00,J5,499,539,1038
2020-02-14T19:15:00+09:00,J1,879,906,1785
2020-02-14T19:15:00+09:00,J2,564,618,1182
2020-02-14T19:15:00+09:00,J3,979,847,1826
2020-02-14T19:15:00+09:00,J4,844,846,1690
2020-02-14T19:15:00+09:00,J5,504,511,1015
2020-02-14T19:30:00+09:00,J1,805,876,1681
2020-02-14T19:30:00+09:00,J2,556,555,1111
2020-02-14T19:30:00+09:00,J3,884,724,1608
2020-02-14T19:30:00+09:00,J4,840,776,1616
2020-02-14T19:30:00+09:00,J5,446,464,910
2020-02-14T19:45:00+09:00,J1,817,914,1731
2020-02-14T19:45:00+09:00,J2,567,532,1099
2020-02-14T19:45:00+09:00,J3,883,755,1638
2020-02-14T19:45:00+09:00,J4,880,858,1738
2020-02-14T19:45:00+09:00,J5,414,421,835
2020-02-14T20:00:00+09:00,J1,860,892,1752
2020-02-14T20:00:00+09:00,J2,560,470,1030
2020-02-14T20:00:00+09:00,J3,803,684,1487
2020-02-14T20:00:00+09:00,J4,888,920,1808
2020-02-14T20:00:00+09:00,J5,391,407,798
2020-02-14T20:15:00+09:00,J1,871,927,1798
2020-02-14T20:15:00+09:00,J2,492,528,1020
2020-02-14T20:15:00+09:00,J3,864,679,1543
2020-02-14T20:15:00+09:00,J4,948,880,1828
2020-02-14T20:15:00+09:00,J5,428,394,822
2020-02-14T20:30:00+09:00,J1,848,898,1746
2020-02-14T20:30:00+09:00,J2,555,499,1054
2020-02-14T20:30:00+09:00,J3,844,784,1628
2020-02-14T20:30:00+09:00,J4,785,840,1625
2020-02-14T20:30:00+09:00,J5,399,355,754
2020-02-14T20:45:00+09:00,J1,789,847,1636
2020-02-14T20:45:00+09:00,J2,469,393,862
2020-02-14T20:45:00+09:00,J3,847,700,1547
2020-02-14T20:45:00+09:00,J4,756,799,1555
2020-02-14T20:45:00+09:00,J5,404,334,738
2020-02-14T21:00:00+09:00,J1,790,804,1594
2020-02-14T21:00:00+09:00,J2,392,335,727
2020-02-14T21:00:00+09:00,J3,774,683,1457
2020-02-14T21:00:00+09:00,J4,874,879,1753
2020-02-14T21:00:00+09:00,J5,393,322,715
2020-02-14T21:15:00+09:00,J1,795,813,1608
2020-02-14T21:15:00+09:00,J2,446,358,804
2020-02-14T21:15:00+09:00,J3,850,552,1402
2020-02-14T21:15:00+09:00,J4,890,893,1783
2020-02-14T21:15:00+09:00,J5,377,317,694
2020-02-14T21:30:00+09:00,J1,749,854,1603
2020-02-14T21:30:00+09:00,J2,485,488,973
2020-02-14T21:30:00+09:00,J3,738,549,1287
2020-02-14T21:30:00+09:00,J4,962,966,1928
2020-02-14T21:30:00+09:00,J5,367,330,697
2020-02-14T21:45:00+09:00,J1,690,787,1477
2020-02-14T21:45:00+09:00,J2,581,568,1149
2020-02-14T21:45:00+09:00,J3,755,546,1301
2020-02-14T21:45:00+09:00,J4,881,953,1834
2020-02-14T21:45:00+09:00,J5,420,335,755
2020-02-14T22:00:00+09:00,J1,624,707,1331
2020-02-14T22:00:00+09:00,J2,459,509,968
2020-02-14T22:00:00+09:00,J3,505,494,999
2020-02-14T22:00:00+09:00,J4,793,731,1524
2020-02-14T22:00:00+09:00,J5,348,264,612
2020-02-14T22:15:00+09:00,J1,835,941,1776
2020-02-14T22:15:00+09:00,J2,596,624,1220
2020-02-14T22:15:00+09:00,J3,674,569,1243
2020-02-14T22:15:00+09:00,J4,990,1030,2020
2020-02-14T22:15:00+09:00,J5,448,361,809
2020-02-14T22:30:00+09:00,J1,719,778,1497
2020-02-14T22:30:00+09:00,J2,461,550,1011
2020-02-14T22:30:00+09:00,J3,591,544,1135
2020-02-14T22:30:00+09:00,J4,903,897,1800
2020-02-14T22:30:00+09:00,J5,440,312,752
2020-02-14T22:45:00+09:00,J1,696,887,1583
2020-02-14T22:45:00+09:00,J2,462,468,930
2020-02-14T22:45:00+09:00,J3,579,560,1139
2020-02-14T22:45:00+09:00,J4,884,862,1746
2020-02-14T22:45:00+09:00,J5,443,342,785
2020-02-14T23:00:00+09:00,J1,751,818,1569
2020-02-14T23:00:00+09:00,J2,387,488,875
2020-02-14T23:00:00+09:00,J3,560,589,1149
2020-02-14T23:00:00+09:00,J4,883,816,1699
2020-02-14T23:00:00+09:00,J5,427,356,783
2020-02-14T23:15:00+09:00,J1,691,790,1481
2020-02-14T23:15:00+09:00,J2,430,526,956
2020-02-14T23:15:00+09:00,J3,530,517,1047
2020-02-14T23:15:00+09:00,J4,906,904,1810
2020-02-14T23:15:00+09:00,J5,430,345,775
2020-02-14T23:30:00+09:00,J1,727,791,1518
2020-02-14T23:30:00+09:00,J2,438,600,1038
2020-02-14T23:30:00+09:00,J3,571,563,1134
2020-02-14T23:30:00+09:00,J4,814,860,1674
2020-02-14T23:30:00+09:00,J5,399,384,783
2020-02-14T23:45:00+09:00,J1,690,749,1439
2020-02-14T23:45:00+09:00,J2,402,486,888
2020-02-14T23:45:00+09:00,J3,453,483,936
2020-02-14T23:45:00+09:00,J4,819,765,1584
2020-02-14T23:45:00+09:00,J5,420,354,774
2020-02-15T00:00:00+09:00,J1,641,623,1264
2020-02-15T00:00:00+09:00,J2,182,190,372
2020-02-15T00:00:00+09:00,J3,488,521,1009
2020-02-15T00:00:00+09:00,J4,858,753,1611
2020-02-15T00:00:00+09:00,J5,461,455,916
2020-02-15T00:15:00+09:00,J1,629,541,1170
2020-02-15T00:15:00+09:00,J2,159,140,299
2020-02-15T00:15:00+09:00,J3,493,565,1058
2020-02-15T00:15:00+09:00,J4,767,748,1515
2020-02-15T00:15:00+09:00,J5,506,486,992
2020-02-15T00:30:00+09:00,J1,492,443,935
2020-02-15T00:30:00+09:00,J2,160,151,311
2020-02-15T00:30:00+09:00,J3,539,527,1066
2020-02-15T00:30:00+09:00,J4,751,771,1522
2020-02-15T00:30:00+09:00,J5,431,413,844
2020-02-15T00:45:00+09:00,J1,594,505,1099
2020-02-15T00:45:00+09:00,J2,142,151,293
2020-02-15T00:45:00+09:00,J3,559,536,1095
2020-02-15T00:45:00+09:00,J4,744,724,1468
2020-02-15T00:45:00+09:00,J5,355,366,721
2020-02-15T05:45:00+09:00,J1,658,676,1334
2020-02-15T05:45:00+09:00,J2,232,226,458
2020-02-15T05:45:00+09:00,J3,617,483,1100
2020-02-15T05:45:00+09:00,J4,590,659,1249
2020-02-15T05:45:00+09:00,J5,384,380,764
2020-02-15T06:00:00+09:00,J1,662,686,1348
2020-02-15T06:00:00+09:00,J2,194,178,372
2020-02-15T06:00:00+09:00,J3,660,550,1210
2020-02-15T06:00:00+09:00,J4,708,736,1444
2020-02-15T06:00:00+09:00,J5,384,377,761
2020-02-15T06:15:00+09:00,J1,718,730,1448
2020-02-15T06:15:00+09:00,J2,211,198,409
2020-02-15T06:15:00+09:00,J3,722,649,1371
2020-02-15T06:15:00+09:00,J4,707,799,1506
2020-02-15T06:15:00+09:00,J5,519,433,952
2020-02-15T06:30:00+09:00,J1,687,709,1396
2020-02-15T06:30:00+09:00,J2,212,226,438
2020-02-15T06:30:00+09:00,J3,670,512,1182
2020-02-15T06:30:00+09:00,J4,680,780,1460
2020-02-15T06:30:00+09:00,J5,492,475,967
2020-02-15T06:45:00+09:00,J1,704,731,1435
2020-02-15T06:45:00+09:00,J2,290,241,531
2020-02-15T06:45:00+09:00,J3,696,482,1178
2020-02-15T06:45:00+09:00,J4,691,729,1420
2020-02-15T06:45:00+09:00,J5,510,461,971
2020-02-15T07:00:00+09:00,J1,729,711,1440
2020-02-15T07:00:00+09:00,J2,336,341,677
2020-02-15T07:00:00+09:00,J3,728,590,1318
2020-02-15T07:00:00+09:00,J4,783,796,1579
2020-02-15T07:00:00+09:00,J5,480,489,969
2020-02-15T07:15:00+09:00,J1,713,704,1417
2020-02-15T07:15:00+09:00,J2,456,400,856
2020-02-15T07:15:00+09:00,J3,747,636,1383
2020-02-15T07:15:00+09:00,J4,831,829,1660
2020-02-15T07:15:00+09:00,J5,567,550,1117
2020-02-15T07:30:00+09:00,J1,732,754,1486
2020-02-15T07:30:00+09:00,J2,426,401,827
2020-02-15T07:30:00+09:00,J3,719,580,1299
2020-02-15T07:30:00+09:00,J4,847,778,1625
2020-02-15T07:30:00+09:00,J5,575,570,1145
2020-02-15T07:45:00+09:00,J1,696,713,1409
2020-02-15T07:45:00+09:00,J2,445,425,870
2020-02-15T07:45:00+09:00,J3,703,579,1282
2020-02-15T07:45:00+09:00,J4,849,778,1627
2020-02-15T07:45:00+09:00,J5,621,597,1218
2020-02-15T08:00:00+09:00,J1,964,988,1952
2020-02-15T08:00:00+09:00,J2,432,376,808
2020-02-15T08:00:00+09:00,J3,923,759,1682
2020-02-15T08:00:00+09:00,J4,906,834,1740
2020-02-15T08:00:00+09:00,J5,544,486,1030
2020-02-15T08:15:00+09:00,J1,902,992,1894
2020-02-15T08:15:00+09:00,J2,615,531,1146
2020-02-15T08:15:00+09:00,J3,871,700,1571
2020-02-15T08:15:00+09:00,J4,784,949,1733
2020-02-15T08:15:00+09:00,J5,538,552,1090
2020-02-15T08:30:00+09:00,J1,803,923,1726
2020-02-15T08:30:00+09:00,J2,458,355,813
2020-02-15T08:30:00+09:00,J3,976,844,1820
2020-02-15T08:30:00+09:00,J4,802,931,1733
2020-02-15T08:30:00+09:00,J5,631,625,1256
2020-02-15T08:45:00+09:00,J1,859,928,1787
2020-02-15T08:45:00+09:00,J2,467,319,786
2020-02-15T08:45:00+09:00,J3,953,824,1777
2020-02-15T08:45:00+09:00,J4,836,877,1713
2020-02-15T08:45:00+09:00,J5,586,618,1204
2020-02-15T09:00:00+09:00,J1,909,994,1903
2020-02-15T09:00:00+09:00,J2,611,480,1091
2020-02-15T09:00:00+09:00,J3,663,698,1361
2020-02-15T09:00:00+09:00,J4,831,912,1743
2020-02-15T09:00:00+09:00,J5,320,345,665
2020-02-15T09:15:00+09:00,J1,892,926,1818
2020-02-15T09:15:00+09:00,J2,558,490,1048
2020-02-15T09:15:00+09:00,J3,666,659,1325
2020-02-15T09:15:00+09:00,J4,855,924,1779
2020-02-15T09:15:00+09:00,J5,424,358,782
2020-02-15T09:30:00+09:00,J1,906,926,1832
2020-02-15T09:30:00+09:00,J2,528,427,955
2020-02-15T09:30:00+09:00,J3,766,776,1542
2020-02-15T09:30:00+09:00,J4,993,916,1909
2020-02-15T09:30:00+09:00,J5,495,430,925
2020-02-15T09:45:00+09:00,J1,897,914,1811
2020-02-15T09:45:00+09:00,J2,482,428,910
2020-02-15T09:45:00+09:00,J3,771,813,1584
2020-02-15T09:45:00+09:00,J4,987,917,1904
2020-02-15T09:45:00+09:00,J5,385,358,743
2020-02-15T10:00:00+09:00,J1,888,880,1768
2020-02-15T10:00:00+09:00,J2,461,381,842
2020-02-15T10:00:00+09:00,J3,699,704,1403
2020-02-15T10:00:00+09:00,J4,963,941,1904
2020-02-15T10:00:00+09:00,J5,406,326,732
2020-02-15T10:15:00+09:00,J1,927,847,1774
2020-02-15T10:15:00+09:00,J2,425,440,865
2020-02-15T10:15:00+09:00,J3,690,699,1389
2020-02-15T10:15:00+09:00,J4,865,883,1748
2020-02-15T10:15:00+09:00,J5,444,357,801
2020-02-15T10:30:00+09:00,J1,947,892,1839
2020-02-15T10:30:00+09:00,J2,460,463,923
2020-02-15T10:30:00+09:00,J3,781,777,1558
2020-02-15T10:30:00+09:00,J4,955,895,1850
2020-02-15T10:30:00+09:00,J5,434,274,708
2020-02-15T10:45:00+09:00,J1,906,872,1778
2020-02-15T10:45:00+09:00,J2,469,498,967
2020-02-15T10:45:00+09:00,J3,722,789,1511
2020-02-15T10:45:00+09:00,J4,978,978,1956
2020-02-15T10:45:00+09:00,J5,348,317,665
2020-02-15T11:00:00+09:00,J1,857,1055,1912
2020-02-15T11:00:00+09:00,J2,503,473,976
2020-02-15T11:00:00+09:00,J3,811,655,1466
2020-02-15T11:00:00+09:00,J4,1089,1009,2098
2020-02-15T11:00:00+09:00,J5,508,597,1105
2020-02-15T11:15:00+09:00,J1,845,906,1751
2020-02-15T11:15:00+09:00,J2,407,360,767
2020-02-15T11:15:00+09:00,J3,857,716,1573
2020-02-15T11:15:00+09:00,J4,985,1008,1993
2020-02-15T11:15:00+09:00,J5,677,689,1366
2020-02-15T11:30:00+09:00,J1,858,948,1806
2020-02-15T11:30:00+09:00,J2,481,256,737
2020-02-15T11:30:00+09:00,J3,943,770,1713
2020-02-15T11:30:00+09:00,J4,991,955,1946
2020-02-15T11:30:00+09:00,J5,665,686,1351
2020-02-15T11:45:00+09:00,J1,927,913,1840
2020-02-15T11:45:00+09:00,J2,413,275,688
2020-02-15T11:45:00+09:00,J3,921,789,1710
2020-02-15T11:45:00+09:00,J4,963,906,1869
2020-02-15T11:45:00+09:00,J5,623,697,1320
2020-02-15T12:00:00+09:00,J1,959,1028,1987
2020-02-15T12:00:00+09:00,J2,459,312,771
2020-02-15T12:00:00+09:00,J3,872,730,1602
2020-02-15T12:00:00+09:00,J4,943,973,1916
2020-02-15T12:00:00+09:00,J5,648,722,1370
2020-02-15T12:15:00+09:00,J1,956,1074,2030
2020-02-15T12:15:00+09:00,J2,479,261,740
2020-02-15T12:15:00+09:00,J3,769,637,1406
2020-02-15T12:15:00+09:00,J4,903,964,1867
2020-02-15T12:15:00+09:00,J5,639,657,1296
2020-02-15T12:30:00+09:00,J1,879,928,1807
2020-02-15T12:30:00+09:00,J2,467,357,824
2020-02-15T12:30:00+09:00,J3,793,743,1536
2020-02-15T12:30:00+09:00,J4,843,918,1761
2020-02-15T12:30:00+09:00,J5,530,598,1128
2020-02-15T12:45:00+09:00,J1,819,952,1771
2020-02-15T12:45:00+09:00,J2,531,497,1028
2020-02-15T12:45:00+09:00,J3,896,953,1849
2020-02-15T12:45:00+09:00,J4,785,897,1682
2020-02-15T12:45:00+09:00,J5,458,479,937
2020-02-15T13:00:00+09:00,J1,803,958,1761
2020-02-15T13:00:00+09:00,J2,558,541,1099
2020-02-15T13:00:00+09:00,J3,922,939,1861
2020-02-15T13:00:00+09:00,J4,826,936,1762
2020-02-15T13:00:00+09:00,J5,404,504,908
2020-02-15T13:15:00+09:00,J1,755,876,1631
2020-02-15T13:15:00+09:00,J2,633,534,1167
2020-02-15T13:15:00+09:00,J3,980,821,1801
2020-02-15T13:15:00+09:00,J4,779,936,1715
2020-02-15T13:15:00+09:00,J5,393,427,820
2020-02-15T13:30:00+09:00,J1,789,899,1688
2020-02-15T13:30:00+09:00,J2,604,558,1162
2020-02-15T13:30:00+09:00,J3,998,819,1817
2020-02-15T13:30:00+09:00,J4,727,985,1712
2020-02-15T13:30:00+09:00,J5,349,385,734
2020-02-15T13:45:00+09:00,J1,865,906,1771
2020-02-15T13:45:00+09:00,J2,661,590,1251
2020-02-15T13:45:00+09:00,J3,962,835,1797
2020-02-15T13:45:00+09:00,J4,710,937,1647
2020-02-15T13:45:00+09:00,J5,331,365,696
2020-02-15T14:00:00+09:00,J1,793,936,1729
2020-02-15T14:00:00+09:00,J2,634,574,1208
2020-02-15T14:00:00+09:00,J3,997,844,1841
2020-02-15T14:00:00+09:00,J4,757,906,1663
2020-02-15T14:00:00+09:00,J5,382,364,746
2020-02-15T14:15:00+09:00,J1,858,933,1791
2020-02-15T14:15:00+09:00,J2,602,598,1200
2020-02-15T14:15:00+09:00,J3,901,857,1758
2020-02-15T14:15:00+09:00,J4,809,919,1728
2020-02-15T14:15:00+09:00,J5,359,385,744
2020-02-15T14:30:00+09:00,J1,862,945,1807
2020-02-15T14:30:00+09:00,J2,692,542,1234
2020-02-15T14:30:00+09:00,J3,979,900,1879
2020-02-15T14:30:00+09:00,J4,729,865,1594
2020-02-15T14:30:00+09:00,J5,306,406,712
2020-02-15T14:45:00+09:00,J1,847,966,1813
2020-02-15T14:45:00+09:00,J2,639,502,1141
2020-02-15T14:45:00+09:00,J3,1001,854,1855
2020-02-15T14:45:00+09:00,J4,712,815,1527
2020-02-15T14:45:00+09:00,J5,384,372,756
2020-02-15T15:00:00+09:00,J1,875,1007,1882
2020-02-15T15:00:00+09:00,J2,611,511,1122
2020-02-15T15:00:00+09:00,J3,902,955,1857
2020-02-15T15:00:00+09:00,J4,714,811,1525
2020-02-15T15:00:00+09:00,J5,374,403,777
2020-02-15T15:15:00+09:00,J1,844,979,1823
2020-02-15T15:15:00+09:00,J2,570,461,1031
2020-02-15T15:15:00+09:00,J3,966,846,1812
2020-02-15T15:15:00+09:00,J4,654,795,1449
2020-02-15T15:15:00+09:00,J5,516,508,1024
2020-02-15T15:30:00+09:00,J1,847,970,1817
2020-02-15T15:30:00+09:00,J2,621,400,1021
2020-02-15T15:30:00+09:00,J3,885,941,1826
2020-02-15T15:30:00+09:00,J4,674,727,1401
2020-02-15T15:30:00+09:00,J5,463,539,1002
2020-02-15T15:45:00+09:00,J1,883,931,1814
2020-02-15T15:45:00+09:00,J2,586,351,937
2020-02-15T15:45:00+09:00,J3,926,926,1852
2020-02-15T15:45:00+09:00,J4,642,779,1421
2020-02-15T15:45:00+09:00,J5,479,518,997
2020-02-15T16:00:00+09:00,J1,898,894,1792
2020-02-15T16:00:00+09:00,J2,524,452,976
2020-02-15T16:00:00+09:00,J3,1052,792,1844
2020-02-15T16:00:00+09:00,J4,650,743,1393
2020-02-15T16:00:00+09:00,J5,402,479,881
2020-02-15T16:15:00+09:00,J1,907,952,1859
2020-02-15T16:15:00+09:00,J2,640,441,1081
2020-02-15T16:15:00+09:00,J3,1049,778,1827
2020-02-15T16:15:00+09:00,J4,741,834,1575
2020-02-15T16:15:00+09:00,J5,418,481,899
2020-02-15T16:30:00+09:00,J1,879,958,1837
2020-02-15T16:30:00+09:00,J2,626,485,1111
2020-02-15T16:30:00+09:00,J3,1142,835,1977
2020-02-15T16:30:00+09:00,J4,703,742,1445
2020-02-15T16:30:00+09:00,J5,386,416,802
2020-02-15T16:45:00+09:00,J1,870,1012,1882
2020-02-15T16:45:00+09:00,J2,661,534,1195
2020-02-15T16:45:00+09:00,J3,1018,779,1797
2020-02-15T16:45:00+09:00,J4,696,752,1448
2020-02-15T16:45:00+09:00,J5,411,508,919
2020-02-15T17:00:00+09:00,J1,934,990,1924
2020-02-15T17:00:00+09:00,J2,660,522,1182
2020-02-15T17:00:00+09:00,J3,1083,727,1810
2020-02-15T17:00:00+09:00,J4,807,808,1615
2020-02-15T17:00:00+09:00,J5,511,555,1066
2020-02-15T17:15:00+09:00,J1,973,1001,1974
2020-02-15T17:15:00+09:00,J2,732,549,1281
2020-02-15T17:15:00+09:00,J3,1095,755,1850
2020-02-15T17:15:00+09:00,J4,861,801,1662
2020-02-15T17:15:00+09:00,J5,454,531,985
2020-02-15T17:30:00+09:00,J1,951,984,1935
2020-02-15T17:30:00+09:00,J2,640,606,1246
2020-02-15T17:30:00+09:00,J3,1074,830,1904
2020-02-15T17:30:00+09:00,J4,908,858,1766
2020-02-15T17:30:00+09:00,J5,452,530,982
2020-02-15T17:45:00+09:00,J1,950,974,1924
2020-02-15T17:45:00+09:00,J2,643,516,1159
2020-02-15T17:45:00+09:00,J3,1037,893,1930
2020-02-15T17:45:00+09:00,J4,881,838,1719
2020-02-15T17:45:00+09:00,J5,423,527,950
2020-02-15T18:00:00+09:00,J1,992,1014,2006
2020-02-15T18:00:00+09:00,J2,612,491,1103
2020-02-15T18:00:00+09:00,J3,1073,839,1912
2020-02-15T18:00:00+09:00,J4,805,782,1587
2020-02-15T18:00:00+09:00,J5,396,475,871
2020-02-15T18:15:00+09:00,J1,981,987,1968
2020-02-15T18:15:00+09:00,J2,637,423,1060
2020-02-15T18:15:00+09:00,J3,1091,820,1911
2020-02-15T18:15:00+09:00,J4,777,798,1575
2020-02-15T18:15:00+09:00,J5,465,521,986
2020-02-15T18:30:00+09:00,J1,916,925,1841
2020-02-15T18:30:00+09:00,J2,530,464,994
2020-02-15T18:30:00+09:00,J3,924,783,1707
2020-02-15T18:30:00+09:00,J4,807,780,1587
2020-02-15T18:30:00+09:00,J5,316,389,705
2020-02-15T18:45:00+09:00,J1,967,881,1848
2020-02-15T18:45:00+09:00,J2,540,488,1028
2020-02-15T18:45:00+09:00,J3,863,720,1583
2020-02-15T18:45:00+09:00,J4,749,849,1598
2020-02-15T18:45:00+09:00,J5,317,375,692
2020-02-15T19:00:00+09:00,J1,880,905,1785
2020-02-15T19:00:00+09:00,J2,461,495,956
2020-02-15T19:00:00+09:00,J3,927,757,1684
2020-02-15T19:00:00+09:00,J4,797,908,1705
2020-02-15T19:00:00+09:00,J5,318,336,654
2020-02-15T19:15:00+09:00,J1,873,905,1778
2020-02-15T19:15:00+09:00,J2,522,455,977
2020-02-15T19:15:00+09:00,J3,881,761,1642
2020-02-15T19:15:00+09:00,J4,746,923,1669
2020-02-15T19:15:00+09:00,J5,338,383,721
2020-02-15T19:30:00+09:00,J1,850,824,1674
2020-02-15T19:30:00+09:00,J2,426,471,897
2020-02-15T19:30:00+09:00,J3,828,760,1588
2020-02-15T19:30:00+09:00,J4,833,863,1696
2020-02-15T19:30:00+09:00,J5,342,319,661
2020-02-15T19:45:00+09:00,J1,876,824,1700
2020-02-15T19:45:00+09:00,J2,436,434,870
2020-02-15T19:45:00+09:00,J3,747,757,1504
2020-02-15T19:45:00+09:00,J4,789,908,1697
2020-02-15T19:45:00+09:00,J5,308,327,635
2020-02-15T20:00:00+09:00,J1,890,851,1741
2020-02-15T20:00:00+09:00,J2,426,447,873
2020-02-15T20:00:00+09:00,J3,730,738,1468
2020-02-15T20:00:00+09:00,J4,942,924,1866
2020-02-15T20:00:00+09:00,J5,347,328,675
2020-02-15T20:15:00+09:00,J1,807,868,1675
2020-02-15T20:15:00+09:00,J2,456,475,931
2020-02-15T20:15:00+09:00,J3,789,772,1561
2020-02-15T20:15:00+09:00,J4,1043,890,1933
2020-02-15T20:15:00+09:00,J5,369,346,715
2020-02-15T20:30:00+09:00,J1,777,857,1634
2020-02-15T20:30:00+09:00,J2,470,456,926
2020-02-15T20:30:00+09:00,J3,733,774,1507
2020-02-15T20:30:00+09:00,J4,1010,925,1935
2020-02-15T20:30:00+09:00,J5,386,350,736
2020-02-15T20:45:00+09:00,J1,782,848,1630
2020-02-15T20:45:00+09:00,J2,475,442,917
2020-02-15T20:45:00+09:00,J3,766,730,1496
2020-02-15T20:45:00+09:00,J4,926,919,1845
2020-02-15T20:45:00+09:00,J5,361,332,693
2020-02-15T21:00:00+09:00,J1,875,840,1715
2020-02-15T21:00:00+09:00,J2,422,310,732
2020-02-15T21:00:00+09:00,J3,772,670,1442
2020-02-15T21:00:00+09:00,J4,989,932,1921
2020-02-15T21:00:00+09:00,J5,364,343,707
2020-02-15T21:15:00+09:00,J1,772,856,1628
2020-02-15T21:15:00+09:00,J2,462,455,917
2020-02-15T21:15:00+09:00,J3,745,639,1384
2020-02-15T21:15:00+09:00,J4,951,888,1839
2020-02-15T21:15:00+09:00,J5,425,360,785
2020-02-15T21:30:00+09:00,J1,753,799,1552
2020-02-15T21:30:00+09:00,J2,501,577,1078
2020-02-15T21:30:00+09:00,J3,642,595,1237
2020-02-15T21:30:00+09:00,J4,999,857,1856
2020-02-15T21:30:00+09:00,J5,377,365,742
2020-02-15T21:45:00+09:00,J1,778,845,1623
2020-02-15T21:45:00+09:00,J2,506,566,1072
2020-02-15T21:45:00+09:00,J3,712,602,1314
2020-02-15T21:45:00+09:00,J4,1007,895,1902
2020-02-15T21:45:00+09:00,J5,407,395,802
2020-02-15T22:00:00+09:00,J1,780,848,1628
2020-02-15T22:00:00+09:00,J2,406,450,856
2020-02-15T22:00:00+09:00,J3,765,673,1438
2020-02-15T22:00:00+09:00,J4,945,809,1754
2020-02-15T22:00:00+09:00,J5,455,463,918
2020-02-15T22:15:00+09:00,J1,753,836,1589
2020-02-15T22:15:00+09:00,J2,358,375,733
2020-02-15T22:15:00+09:00,J3,740,649,1389
2020-02-15T22:15:00+09:00,J4,867,840,1707
2020-02-15T22:15:00+09:00,J5,468,559,1027
2020-02-15T22:30:00+09:00,J1,727,839,1566
2020-02-15T22:30:00+09:00,J2,295,318,613
2020-02-15T22:30:00+09:00,J3,756,746,1502
2020-02-15T22:30:00+09:00,J4,958,944,1902
2020-02-15T22:30:00+09:00,J5,472,569,1041
2020-02-15T22:45:00+09:00,J1,757,836,1593
2020-02-15T22:45:00+09:00,J2,343,327,670
2020-02-15T22:45:00+09:00,J3,708,723,1431
2020-02-15T22:45:00+09:00,J4,1019,827,1846
2020-02-15T22:45:00+09:00,J5,529,604,1133
2020-02-15T23:00:00+09:00,J1,751,820,1571
2020-02-15T23:00:00+09:00,J2,296,324,620
2020-02-15T23:00:00+09:00,J3,690,721,1411
2020-02-15T23:00:00+09:00,J4,1012,947,1959
2020-02-15T23:00:00+09:00,J5,581,621,1202
2020-02-15T23:15:00+09:00,J1,704,891,1595
2020-02-15T23:15:00+09:00,J2,296,383,679
2020-02-15T23:15:00+09:00,J3,749,783,1532
2020-02-15T23:15:00+09:00,J4,915,855,1770
2020-02-15T23:15:00+09:00,J5,639,576,1215
2020-02-15T23:30:00+09:00,J1,708,801,1509
2020-02-15T23:30:00+09:00,J2,310,354,664
2020-02-15T23:30:00+09:00,J3,678,763,1441
2020-02-15T23:30:00+09:00,J4,952,850,1802
2020-02-15T23:30:00+09:00,J5,611,582,1193
2020-02-15T23:45:00+09:00,J1,739,793,1532
2020-02-15T23:45:00+09:00,J2,295,319,614
2020-02-15T23:45:00+09:00,J3,643,634,1277
2020-02-15T23:45:00+09:00,J4,1014,811,1825
2020-02-15T23:45:00+09:00,J5,515,542,1057
2020-02-16T00:00:00+09:00,J1,778,826,1604
2020-02-16T00:00:00+09:00,J2,319,236,555
2020-02-16T00:00:00+09:00,J3,683,610,1293
2020-02-16T00:00:00+09:00,J4,920,694,1614
2020-02-16T00:00:00+09:00,J5,600,631,1231
2020-02-16T00:15:00+09:00,J1,539,614,1153
2020-02-16T00:15:00+09:00,J2,288,240,528
2020-02-16T00:15:00+09:00,J3,631,522,1153
2020-02-16T00:15:00+09:00,J4,800,711,1511
2020-02-16T00:15:00+09:00,J5,481,413,894
2020-02-16T00:30:00+09:00,J1,399,409,808
2020-02-16T00:30:00+09:00,J2,513,457,970
2020-02-16T00:30:00+09:00,J3,603,537,1140
2020-02-16T00:30:00+09:00,J4,477,555,1032
2020-02-16T00:30:00+09:00,J5,428,363,791
2020-02-16T00:45:00+09:00,J1,365,366,731
2020-02-16T00:45:00+09:00,J2,446,428,874
2020-02-16T00:45:00+09:00,J3,580,477,1057
2020-02-16T00:45:00+09:00,J4,492,574,1066
2020-02-16T00:45:00+09:00,J5,357,325,682
2020-02-16T05:45:00+09:00,J1,613,664,1277
2020-02-16T05:45:00+09:00,J2,313,320,633
2020-02-16T05:45:00+09:00,J3,570,483,1053
2020-02-16T05:45:00+09:00,J4,586,600,1186
2020-02-16T05:45:00+09:00,J5,439,464,903
2020-02-16T06:00:00+09:00,J1,630,623,1253
2020-02-16T06:00:00+09:00,J2,337,301,638
2020-02-16T06:00:00+09:00,J3,657,453,1110
2020-02-16T06:00:00+09:00,J4,593,704,1297
2020-02-16T06:00:00+09:00,J5,471,479,950
2020-02-16T06:15:00+09:00,J1,641,675,1316
2020-02-16T06:15:00+09:00,J2,273,254,527
2020-02-16T06:15:00+09:00,J3,618,478,1096
2020-02-16T06:15:00+09:00,J4,642,765,1407
2020-02-16T06:15:00+09:00,J5,547,545,1092
2020-02-16T06:30:00+09:00,J1,593,629,1222
2020-02-16T06:30:00+09:00,J2,234,210,444
2020-02-16T06:30:00+09:00,J3,572,508,1080
2020-02-16T06:30:00+09:00,J4,628,744,1372
2020-02-16T06:30:00+09:00,J5,450,434,884
2020-02-16T06:45:00+09:00,J1,655,679,1334
2020-02-16T06:45:00+09:00,J2,322,344,666
2020-02-16T06:45:00+09:00,J3,591,466,1057
2020-02-16T06:45:00+09:00,J4,698,777,1475
2020-02-16T06:45:00+09:00,J5,648,689,1337
2020-02-16T07:00:00+09:00,J1,719,747,1466
2020-02-16T07:00:00+09:00,J2,406,423,829
2020-02-16T07:00:00+09:00,J3,499,514,1013
2020-02-16T07:00:00+09:00,J4,783,873,1656
2020-02-16T07:00:00+09:00,J5,482,457,939
2020-02-16T07:15:00+09:00,J1,758,828,1586
2020-02-16T07:15:00+09:00,J2,342,291,633
2020-02-16T07:15:00+09:00,J3,604,473,1077
2020-02-16T07:15:00+09:00,J4,849,984,1833
2020-02-16T07:15:00+09:00,J5,511,508,1019
2020-02-16T07:30:00+09:00,J1,784,846,1630
2020-02-16T07:30:00+09:00,J2,319,327,646
2020-02-16T07:30:00+09:00,J3,628,499,1127
2020-02-16T07:30:00+09:00,J4,854,961,1815
2020-02-16T07:30:00+09:00,J5,523,513,1036
2020-02-16T07:45:00+09:00,J1,777,810,1587
2020-02-16T07:45:00+09:00,J2,340,336,676
2020-02-16T07:45:00+09:00,J3,577,495,1072
2020-02-16T07:45:00+09:00,J4,875,865,1740
2020-02-16T07:45:00+09:00,J5,483,512,995
2020-02-16T08:00:00+09:00,J1,846,943,1789
2020-02-16T08:00:00+09:00,J2,503,453,956
2020-02-16T08:00:00+09:00,J3,706,712,1418
2020-02-16T08:00:00+09:00,J4,914,1007,1921
2020-02-16T08:00:00+09:00,J5,568,574,1142
2020-02-16T08:15:00+09:00,J1,861,970,1831
2020-02-16T08:15:00+09:00,J2,513,402,915
2020-02-16T08:15:00+09:00,J3,760,618,1378
2020-02-16T08:15:00+09:00,J4,985,1012,1997
2020-02-16T08:15:00+09:00,J5,565,563,1128
2020-02-16T08:30:00+09:00,J1,870,978,1848
2020-02-16T08:30:00+09:00,J2,559,547,1106
2020-02-16T08:30:00+09:00,J3,828,704,1532
2020-02-16T08:30:00+09:00,J4,1006,1044,2050
2020-02-16T08:30:00+09:00,J5,672,655,1327
2020-02-16T08:45:00+09:00,J1,878,965,1843
2020-02-16T08:45:00+09:00,J2,480,375,855
2020-02-16T08:45:00+09:00,J3,947,855,1802
2020-02-16T08:45:00+09:00,J4,994,952,1946
2020-02-16T08:45:00+09:00,J5,654,597,1251
2020-02-16T09:00:00+09:00,J1,898,855,1753
2020-02-16T09:00:00+09:00,J2,661,571,1232
2020-02-16T09:00:00+09:00,J3,637,636,1273
2020-02-16T09:00:00+09:00,J4,995,969,1964
2020-02-16T09:00:00+09:00,J5,421,497,918
2020-02-16T09:15:00+09:00,J1,900,868,1768
2020-02-16T09:15:00+09:00,J2,671,632,1303
2020-02-16T09:15:00+09:00,J3,636,634,1270
2020-02-16T09:15:00+09:00,J4,993,981,1974
2020-02-16T09:15:00+09:00,J5,372,378,750
2020-02-16T09:30:00+09:00,J1,948,891,1839
2020-02-16T09:30:00+09:00,J2,548,497,1045
2020-02-16T09:30:00+09:00,J3,636,683,1319
2020-02-16T09:30:00+09:00,J4,1020,991,2011
2020-02-16T09:30:00+09:00,J5,375,366,741
2020-02-16T09:45:00+09:00,J1,954,845,1799
2020-02-16T09:45:00+09:00,J2,522,437,959
2020-02-16T09:45:00+09:00,J3,724,707,1431
2020-02-16T09:45:00+09:00,J4,1019,1012,2031
2020-02-16T09:45:00+09:00,J5,397,331,728
2020-02-16T10:00:00+09:00,J1,912,903,1815
2020-02-16T10:00:00+09:00,J2,503,453,956
2020-02-16T10:00:00+09:00,J3,735,710,1445
2020-02-16T10:00:00+09:00,J4,1023,922,1945
2020-02-16T10:00:00+09:00,J5,351,304,655
2020-02-16T10:15:00+09:00,J1,905,802,1707
2020-02-16T10:15:00+09:00,J2,503,445,948
2020-02-16T10:15:00+09:00,J3,726,714,1440
2020-02-16T10:15:00+09:00,J4,1029,924,1953
2020-02-16T10:15:00+09:00,J5,407,320,727
2020-02-16T10:30:00+09:00,J1,823,845,1668
2020-02-16T10:30:00+09:00,J2,503,419,922
2020-02-16T10:30:00+09:00,J3,696,718,1414
2020-02-16T10:30:00+09:00,J4,1014,924,1938
2020-02-16T10:30:00+09:00,J5,363,347,710
2020-02-16T10:45:00+09:00,J1,891,874,1765
2020-02-16T10:45:00+09:00,J2,505,391,896
2020-02-16T10:45:00+09:00,J3,735,657,1392
2020-02-16T10:45:00+09:00,J4,1038,886,1924
2020-02-16T10:45:00+09:00,J5,382,363,745
2020-02-16T11:00:00+09:00,J1,850,936,1786
2020-02-16T11:00:00+09:00,J2,519,386,905
2020-02-16T11:00:00+09:00,J3,757,761,1518
2020-02-16T11:00:00+09:00,J4,1015,935,1950
2020-02-16T11:00:00+09:00,J5,576,580,1156
2020-02-16T11:15:00+09:00,J1,978,980,1958
2020-02-16T11:15:00+09:00,J2,420,344,764
2020-02-16T11:15:00+09:00,J3,809,655,1464
2020-02-16T11:15:00+09:00,J4,943,983,1926
2020-02-16T11:15:00+09:00,J5,671,675,1346
2020-02-16T11:30:00+09:00,J1,908,884,1792
2020-02-16T11:30:00+09:00,J2,470,313,783
2020-02-16T11:30:00+09:00,J3,741,687,1428
2020-02-16T11:30:00+09:00,J4,885,1008,1893
2020-02-16T11:30:00+09:00,J5,637,698,1335
2020-02-16T11:45:00+09:00,J1,941,914,1855
2020-02-16T11:45:00+09:00,J2,450,334,784
2020-02-16T11:45:00+09:00,J3,727,709,1436
2020-02-16T11:45:00+09:00,J4,897,890,1787
2020-02-16T11:45:00+09:00,J5,618,637,1255
2020-02-16T12:00:00+09:00,J1,1003,1012,2015
2020-02-16T12:00:00+09:00,J2,448,296,744
2020-02-16T12:00:00+09:00,J3,649,581,1230
2020-02-16T12:00:00+09:00,J4,884,918,1802
2020-02-16T12:00:00+09:00,J5,628,640,1268
2020-02-16T12:15:00+09:00,J1,959,1015,1974
2020-02-16T12:15:00+09:00,J2,433,351,784
2020-02-16T12:15:00+09:00,J3,591,540,1131
2020-02-16T12:15:00+09:00,J4,931,900,1831
2020-02-16T12:15:00+09:00,J5,650,585,1235
2020-02-16T12:30:00+09:00,J1,883,967,1850
2020-02-16T12:30:00+09:00,J2,480,381,861
2020-02-16T12:30:00+09:00,J3,717,762,1479
2020-02-16T12:30:00+09:00,J4,764,928,1692
2020-02-16T12:30:00+09:00,J5,464,503,967
2020-02-16T12:45:00+09:00,J1,891,1022,1913
2020-02-16T12:45:00+09:00,J2,523,534,1057
2020-02-16T12:45:00+09:00,J3,783,851,1634
2020-02-16T12:45:00+09:00,J4,817,869,1686
2020-02-16T12:45:00+09:00,J5,360,420,780
2020-02-16T13:00:00+09:00,J1,932,938,1870
2020-02-16T13:00:00+09:00,J2,533,431,964
2020-02-16T13:00:00+09:00,J3,823,806,1629
2020-02-16T13:00:00+09:00,J4,744,979,1723
2020-02-16T13:00:00+09:00,J5,365,446,811
2020-02-16T13:15:00+09:00,J1,893,1042,1935
2020-02-16T13:15:00+09:00,J2,399,375,774
2020-02-16T13:15:00+09:00,J3,832,792,1624
2020-02-16T13:15:00+09:00,J4,764,875,1639
2020-02-16T13:15:00+09:00,J5,432,448,880
2020-02-16T13:30:00+09:00,J1,907,989,1896
2020-02-16T13:30:00+09:00,J2,444,376,820
2020-02-16T13:30:00+09:00,J3,866,831,1697
2020-02-16T13:30:00+09:00,J4,794,959,1753
2020-02-16T13:30:00+09:00,J5,626,607,1233
2020-02-16T13:45:00+09:00,J1,913,1011,1924
2020-02-16T13:45:00+09:00,J2,448,418,866
2020-02-16T13:45:00+09:00,J3,807,826,1633
2020-02-16T13:45:00+09:00,J4,708,882,1590
2020-02-16T13:45:00+09:00,J5,676,622,1298
2020-02-16T14:00:00+09:00,J1,872,996,1868
2020-02-16T14:00:00+09:00,J2,515,467,982
2020-02-16T14:00:00+09:00,J3,791,794,1585
2020-02-16T14:00:00+09:00,J4,678,801,1479
2020-02-16T14:00:00+09:00,J5,613,605,1218
2020-02-16T14:15:00+09:00,J1,968,1000,1968
2020-02-16T14:15:00+09:00,J2,495,539,1034
2020-02-16T14:15:00+09:00,J3,813,838,1651
2020-02-16T14:15:00+09:00,J4,748,904,1652
2020-02-16T14:15:00+09:00,J5,668,627,1295
2020-02-16T14:30:00+09:00,J1,932,1006,1938
2020-02-16T14:30:00+09:00,J2,489,437,926
2020-02-16T14:30:00+09:00,J3,830,831,1661
2020-02-16T14:30:00+09:00,J4,795,888,1683
2020-02-16T14:30:00+09:00,J5,630,597,1227
2020-02-16T14:45:00+09:00,J1,918,1005,1923
2020-02-16T14:45:00+09:00,J2,430,385,815
2020-02-16T14:45:00+09:00,J3,827,824,1651
2020-02-16T14:45:00+09:00,J4,708,778,1486
2020-02-16T14:45:00+09:00,J5,546,537,1083
2020-02-16T15:00:00+09:00,J1,958,971,1929
2020-02-16T15:00:00+09:00,J2,468,385,853
2020-02-16T15:00:00+09:00,J3,781,879,1660
2020-02-16T15:00:00+09:00,J4,690,757,1447
2020-02-16T15:00:00+09:00,J5,475,498,973
2020-02-16T15:15:00+09:00,J1,938,1011,1949
2020-02-16T15:15:00+09:00,J2,382,375,757
2020-02-16T15:15:00+09:00,J3,805,797,1602
2020-02-16T15:15:00+09:00,J4,697,831,1528
2020-02-16T15:15:00+09:00,J5,524,540,1064
2020-02-16T15:30:00+09:00,J1,1193,1340,2533
2020-02-16T15:30:00+09:00,J2,617,490,1107
2020-02-16T15:30:00+09:00,J3,1077,1117,2194
2020-02-16T15:30:00+09:00,J4,911,1113,2024
2020-02-16T15:30:00+09:00,J5,630,651,1281
2020-02-16T15:45:00+09:00,J1,1484,1614,3098
2020-02-16T15:45:00+09:00,J2,741,591,1332
2020-02-16T15:45:00+09:00,J3,1396,1377,2773
2020-02-16T15:45:00+09:00,J4,1114,1238,2352
2020-02-16T15:45:00+09:00,J5,726,901,1627
2020-02-16T16:00:00+09:00,J1,957,955,1912
2020-02-16T16:00:00+09:00,J2,445,383,828
2020-02-16T16:00:00+09:00,J3,940,807,1747
2020-02-16T16:00:00+09:00,J4,719,771,1490
2020-02-16T16:00:00+09:00,J5,466,513,979
2020-02-16T16:15:00+09:00,J1,867,993,1860
2020-02-16T16:15:00+09:00,J2,500,372,872
2020-02-16T16:15:00+09:00,J3,973,887,1860
2020-02-16T16:15:00+09:00,J4,675,725,1400
2020-02-16T16:15:00+09:00,J5,424,494,918
2020-02-16T16:30:00+09:00,J1,904,1018,1922
2020-02-16T16:30:00+09:00,J2,569,365,934
2020-02-16T16:30:00+09:00,J3,982,917,1899
2020-02-16T16:30:00+09:00,J4,698,719,1417
2020-02-16T16:30:00+09:00,J5,467,471,938
2020-02-16T16:45:00+09:00,J1,889,1001,1890
2020-02-16T16:45:00+09:00,J2,598,329,927
2020-02-16T16:45:00+09:00,J3,904,947,1851
2020-02-16T16:45:00+09:00,J4,595,817,1412
2020-02-16T16:45:00+09:00,J5,500,510,1010
2020-02-16T17:00:00+09:00,J1,931,986,1917
2020-02-16T17:00:00+09:00,J2,570,472,1042
2020-02-16T17:00:00+09:00,J3,963,774,1737
2020-02-16T17:00:00+09:00,J4,685,788,1473
2020-02-16T17:00:00+09:00,J5,564,611,1175
2020-02-16T17:15:00+09:00,J1,927,995,1922
2020-02-16T17:15:00+09:00,J2,513,472,985
2020-02-16T17:15:00+09:00,J3,954,770,1724
2020-02-16T17:15:00+09:00,J4,701,738,1439
2020-02-16T17:15:00+09:00,J5,542,608,1150
2020-02-16T17:30:00+09:00,J1,871,986,1857
2020-02-16T17:30:00+09:00,J2,488,508,996
2020-02-16T17:30:00+09:00,J3,952,743,1695
2020-02-16T17:30:00+09:00,J4,614,740,1354
2020-02-16T17:30:00+09:00,J5,457,503,960
2020-02-16T17:45:00+09:00,J1,948,900,1848
2020-02-16T17:45:00+09:00,J2,500,444,944
2020-02-16T17:45:00+09:00,J3,905,760,1665
2020-02-16T17:45:00+09:00,J4,650,747,1397
2020-02-16T17:45:00+09:00,J5,456,580,1036
2020-02-16T18:00:00+09:00,J1,944,1025,1969
2020-02-16T18:00:00+09:00,J2,461,439,900
2020-02-16T18:00:00+09:00,J3,925,760,1685
2020-02-16T18:00:00+09:00,J4,649,792,1441
2020-02-16T18:00:00+09:00,J5,492,571,1063
2020-02-16T18:15:00+09:00,J1,1038,1015,2053
2020-02-16T18:15:00+09:00,J2,454,476,930
2020-02-16T18:15:00+09:00,J3,980,648,1628
2020-02-16T18:15:00+09:00,J4,896,986,1882
2020-02-16T18:15:00+09:00,J5,497,552,1049
2020-02-16T18:30:00+09:00,J1,935,892,1827
2020-02-16T18:30:00+09:00,J2,499,439,938
2020-02-16T18:30:00+09:00,J3,808,565,1373
2020-02-16T18:30:00+09:00,J4,869,916,1785
2020-02-16T18:30:00+09:00,J5,351,393,744
2020-02-16T18:45:00+09:00,J1,897,917,1814
2020-02-16T18:45:00+09:00,J2,438,319,757
2020-02-16T18:45:00+09:00,J3,720,559,1279
2020-02-16T18:45:00+09:00,J4,909,923,1832
2020-02-16T18:45:00+09:00,J5,367,368,735
2020-02-16T19:00:00+09:00,J1,844,901,1745
2020-02-16T19:00:00+09:00,J2,384,344,728
2020-02-16T19:00:00+09:00,J3,745,587,1332
2020-02-16T19:00:00+09:00,J4,931,836,1767
2020-02-16T19:00:00+09:00,J5,459,368,827
2020-02-16T19:15:00+09:00,J1,835,874,1709
2020-02-16T19:15:00+09:00,J2,474,460,934
2020-02-16T19:15:00+09:00,J3,746,611,1357
2020-02-16T19:15:00+09:00,J4,966,959,1925
2020-02-16T19:15:00+09:00,J5,418,354,772
2020-02-16T19:30:00+09:00,J1,788,876,1664
2020-02-16T19:30:00+09:00,J2,486,454,940
2020-02-16T19:30:00+09:00,J3,792,629,1421
2020-02-16T19:30:00+09:00,J4,910,807,1717
2020-02-16T19:30:00+09:00,J5,419,323,742
2020-02-16T19:45:00+09:00,J1,795,866,1661
2020-02-16T19:45:00+09:00,J2,468,388,856
2020-02-16T19:45:00+09:00,J3,741,580,1321
2020-02-16T19:45:00+09:00,J4,882,844,1726
2020-02-16T19:45:00+09:00,J5,396,301,697
2020-02-16T20:00:00+09:00,J1,844,848,1692
2020-02-16T20:00:00+09:00,J2,420,453,873
2020-02-16T20:00:00+09:00,J3,751,528,1279
2020-02-16T20:00:00+09:00,J4,942,838,1780
2020-02-16T20:00:00+09:00,J5,404,373,777
2020-02-16T20:15:00+09:00,J1,753,842,1595
2020-02-16T20:15:00+09:00,J2,431,433,864
2020-02-16T20:15:00+09:00,J3,692,539,1231
2020-02-16T20:15:00+09:00,J4,850,779,1629
2020-02-16T20:15:00+09:00,J5,437,358,795
2020-02-16T20:30:00+09:00,J1,773,932,1705
2020-02-16T20:30:00+09:00,J2,437,449,886
2020-02-16T20:30:00+09:00,J3,718,546,1264
2020-02-16T20:30:00+09:00,J4,848,825,1673
2020-02-16T20:30:00+09:00,J5,409,368,777
2020-02-16T20:45:00+09:00,J1,788,852,1640
2020-02-16T20:45:00+09:00,J2,385,450,835
2020-02-16T20:45:00+09:00,J3,656,599,1255
2020-02-16T20:45:00+09:00,J4,903,772,1675
2020-02-16T20:45:00+09:00,J5,429,364,793
2020-02-16T21:00:00+09:00,J1,799,848,1647
2020-02-16T21:00:00+09:00,J2,377,378,755
2020-02-16T21:00:00+09:00,J3,756,746,1502
2020-02-16T21:00:00+09:00,J4,879,880,1759
2020-02-16T21:00:00+09:00,J5,389,392,781
2020-02-16T21:15:00+09:00,J1,749,880,1629
2020-02-16T21:15:00+09:00,J2,492,497,989
2020-02-16T21:15:00+09:00,J3,709,747,1456
2020-02-16T21:15:00+09:00,J4,987,928,1915
2020-02-16T21:15:00+09:00,J5,414,477,891
2020-02-16T21:30:00+09:00,J1,742,829,1571
2020-02-16T21:30:00+09:00,J2,423,490,913
2020-02-16T21:30:00+09:00,J3,788,801,1589
2020-02-16T21:30:00+09:00,J4,970,946,1916
2020-02-16T21:30:00+09:00,J5,454,555,1009
2020-02-16T21:45:00+09:00,J1,758,812,1570
2020-02-16T21:45:00+09:00,J2,335,325,660
2020-02-16T21:45:00+09:00,J3,760,723,1483
2020-02-16T21:45:00+09:00,J4,1025,933,1958
2020-02-16T21:45:00+09:00,J5,529,536,1065
2020-02-16T22:00:00+09:00,J1,733,780,1513
2020-02-16T22:00:00+09:00,J2,397,391,788
2020-02-16T22:00:00+09:00,J3,834,694,1528
2020-02-16T22:00:00+09:00,J4,938,885,1823
2020-02-16T22:00:00+09:00,J5,560,533,1093
2020-02-16T22:15:00+09:00,J1,705,838,1543
2020-02-16T22:15:00+09:00,J2,391,401,792
2020-02-16T22:15:00+09:00,J3,750,655,1405
2020-02-16T22:15:00+09:00,J4,996,857,1853
2020-02-16T22:15:00+09:00,J5,526,581,1107
2020-02-16T22:30:00+09:00,J1,703,834,1537
2020-02-16T22:30:00+09:00,J2,350,347,697
2020-02-16T22:30:00+09:00,J3,756,624,1380
2020-02-16T22:30:00+09:00,J4,1026,888,1914
2020-02-16T22:30:00+09:00,J5,566,597,1163
2020-02-16T22:45:00+09:00,J1,705,791,1496
2020-02-16T22:45:00+09:00,J2,351,363,714
2020-02-16T22:45:00+09:00,J3,808,582,1390
2020-02-16T22:45:00+09:00,J4,890,839,1729
2020-02-16T22:45:00+09:00,J5,552,530,1082
2020-02-16T23:00:00+09:00,J1,690,762,1452
2020-02-16T23:00:00+09:00,J2,505,479,984
2020-02-16T23:00:00+09:00,J3,731,505,1236
2020-02-16T23:00:00+09:00,J4,945,882,1827
2020-02-16T23:00:00+09:00,J5,555,573,1128
2020-02-16T23:15:00+09:00,J1,711,779,1490
2020-02-16T23:15:00+09:00,J2,426,382,808
2020-02-16T23:15:00+09:00,J3,775,592,1367
2020-02-16T23:15:00+09:00,J4,1047,895,1942
2020-02-16T23:15:00+09:00,J5,518,522,1040
2020-02-16T23:30:00+09:00,J1,723,775,1498
2020-02-16T23:30:00+09:00,J2,458,389,847
2020-02-16T23:30:00+09:00,J3,713,534,1247
2020-02-16T23:30:00+09:00,J4,858,808,1666
2020-02-16T23:30:00+09:00,J5,503,507,1010
2020-02-16T23:45:00+09:00,J1,688,795,1483
2020-02-16T23:45:00+09:00,J2,352,354,706
2020-02-16T23:45:00+09:00,J3,689,589,1278
2020-02-16T23:45:00+09:00,J4,849,795,1644
2020-02-16T23:45:00+09:00,J5,533,533,1066
2020-02-17T00:00:00+09:00,J1,742,788,1530
2020-02-17T00:00:00+09:00,J2,570,513,1083
2020-02-17T00:00:00+09:00,J3,664,490,1154
2020-02-17T00:00:00+09:00,J4,840,771,1611
2020-02-17T00:00:00+09:00,J5,486,467,953
2020-02-17T00:15:00+09:00,J1,560,564,1124
2020-02-17T00:15:00+09:00,J2,524,510,1034
2020-02-17T00:15:00+09:00,J3,566,466,1032
2020-02-17T00:15:00+09:00,J4,639,678,1317
2020-02-17T00:15:00+09:00,J5,413,408,821
2020-02-17T00:30:00+09:00,J1,451,394,845
2020-02-17T00:30:00+09:00,J2,484,462,946
2020-02-17T00:30:00+09:00,J3,489,490,979
2020-02-17T00:30:00+09:00,J4,489,537,1026
2020-02-17T00:30:00+09:00,J5,435,417,852
2020-02-17T00:45:00+09:00,J1,424,402,826
2020-02-17T00:45:00+09:00,J2,412,383,795
2020-02-17T00:45:00+09:00,J3,485,478,963
2020-02-17T00:45:00+09:00,J4,537,637,1174
2020-02-17T00:45:00+09:00,J5,467,428,895
2020-02-17T05:45:00+09:00,J1,637,667,1304
2020-02-17T05:45:00+09:00,J2,425,410,835
2020-02-17T05:45:00+09:00,J3,398,429,827
2020-02-17T05:45:00+09:00,J4,432,522,954
2020-02-17T05:45:00+09:00,J5,423,378,801
2020-02-17T06:00:00+09:00,J1,621,580,1201
2020-02-17T06:00:00+09:00,J2,549,512,1061
2020-02-17T06:00:00+09:00,J3,611,622,1233
2020-02-17T06:00:00+09:00,J4,555,578,1133
2020-02-17T06:00:00+09:00,J5,355,387,742
2020-02-17T06:15:00+09:00,J1,611,660,1271
2020-02-17T06:15:00+09:00,J2,416,352,768
2020-02-17T06:15:00+09:00,J3,596,559,1155
2020-02-17T06:15:00+09:00,J4,533,667,1200
2020-02-17T06:15:00+09:00,J5,346,374,720
2020-02-17T06:30:00+09:00,J1,707,672,1379
2020-02-17T06:30:00+09:00,J2,379,357,736
2020-02-17T06:30:00+09:00,J3,686,592,1278
2020-02-17T06:30:00+09:00,J4,633,710,1343
2020-02-17T06:30:00+09:00,J5,422,412,834
2020-02-17T06:45:00+09:00,J1,689,695,1384
2020-02-17T06:45:00+09:00,J2,521,490,1011
2020-02-17T06:45:00+09:00,J3,571,550,1121
2020-02-17T06:45:00+09:00,J4,644,805,1449
2020-02-17T06:45:00+09:00,J5,412,367,779
2020-02-17T07:00:00+09:00,J1,748,718,1466
2020-02-17T07:00:00+09:00,J2,435,460,895
2020-02-17T07:00:00+09:00,J3,529,493,1022
2020-02-17T07:00:00+09:00,J4,796,895,1691
2020-02-17T07:00:00+09:00,J5,458,431,889
2020-02-17T07:15:00+09:00,J1,732,864,1596
2020-02-17T07:15:00+09:00,J2,556,431,987
2020-02-17T07:15:00+09:00,J3,691,639,1330
2020-02-17T07:15:00+09:00,J4,834,986,1820
2020-02-17T07:15:00+09:00,J5,511,508,1019
2020-02-17T07:30:00+09:00,J1,779,821,1600
2020-02-17T07:30:00+09:00,J2,528,450,978
2020-02-17T07:30:00+09:00,J3,913,805,1718
2020-02-17T07:30:00+09:00,J4,941,1060,2001
2020-02-17T07:30:00+09:00,J5,591,639,1230
2020-02-17T07:45:00+09:00,J1,829,881,1710
2020-02-17T07:45:00+09:00,J2,586,347,933
2020-02-17T07:45:00+09:00,J3,1004,940,1944
2020-02-17T07:45:00+09:00,J4,1096,1104,2200
2020-02-17T07:45:00+09:00,J5,577,674,1251
2020-02-17T08:00:00+09:00,J1,908,1008,1916
2020-02-17T08:00:00+09:00,J2,692,571,1263
2020-02-17T08:00:00+09:00,J3,1025,987,2012
2020-02-17T08:00:00+09:00,J4,1108,1126,2234
2020-02-17T08:00:00+09:00,J5,714,702,1416
2020-02-17T08:15:00+09:00,J1,902,961,1863
2020-02-17T08:15:00+09:00,J2,831,356,1187
2020-02-17T08:15:00+09:00,J3,1071,962,2033
2020-02-17T08:15:00+09:00,J4,1119,1186,2305
2020-02-17T08:15:00+09:00,J5,673,757,1430
2020-02-17T08:30:00+09:00,J1,904,955,1859
2020-02-17T08:30:00+09:00,J2,805,501,1306
2020-02-17T08:30:00+09:00,J3,1037,1056,2093
2020-02-17T08:30:00+09:00,J4,1069,1118,2187
2020-02-17T08:30:00+09:00,J5,668,793,1461
2020-02-17T08:45:00+09:00,J1,923,947,1870
2020-02-17T08:45:00+09:00,J2,642,527,1169
2020-02-17T08:45:00+09:00,J3,1011,940,1951
2020-02-17T08:45:00+09:00,J4,1018,1094,2112
2020-02-17T08:45:00+09:00,J5,554,556,1110
2020-02-17T09:00:00+09:00,J1,998,941,1939
2020-02-17T09:00:00+09:00,J2,569,456,1025
2020-02-17T09:00:00+09:00,J3,891,800,1691
2020-02-17T09:00:00+09:00,J4,898,1014,1912
2020-02-17T09:00:00+09:00,J5,457,511,968
2020-02-17T09:15:00+09:00,J1,959,958,1917
2020-02-17T09:15:00+09:00,J2,442,378,820
2020-02-17T09:15:00+09:00,J3,677,774,1451
2020-02-17T09:15:00+09:00,J4,829,1040,1869
2020-02-17T09:15:00+09:00,J5,515,479,994
2020-02-17T09:30:00+09:00,J1,1006,969,1975
2020-02-17T09:30:00+09:00,J2,475,361,836
2020-02-17T09:30:00+09:00,J3,773,745,1518
2020-02-17T09:30:00+09:00,J4,775,968,1743
2020-02-17T09:30:00+09:00,J5,595,584,1179
2020-02-17T09:45:00+09:00,J1,934,954,1888
2020-02-17T09:45:00+09:00,J2,424,347,771
2020-02-17T09:45:00+09:00,J3,793,651,1444
2020-02-17T09:45:00+09:00,J4,835,965,1800
2020-02-17T09:45:00+09:00,J5,585,556,1141
2020-02-17T10:00:00+09:00,J1,853,890,1743
2020-02-17T10:00:00+09:00,J2,414,356,770
2020-02-17T10:00:00+09:00,J3,707,635,1342
2020-02-17T10:00:00+09:00,J4,954,946,1900
2020-02-17T10:00:00+09:00,J5,498,669,1167
2020-02-17T10:15:00+09:00,J1,863,918,1781
2020-02-17T10:15:00+09:00,J2,463,309,772
2020-02-17T10:15:00+09:00,J3,692,641,1333
2020-02-17T10:15:00+09:00,J4,1000,950,1950
2020-02-17T10:15:00+09:00,J5,472,602,1074
2020-02-17T10:30:00+09:00,J1,914,919,1833
2020-02-17T10:30:00+09:00,J2,466,340,806
2020-02-17T10:30:00+09:00,J3,742,607,1349
2020-02-17T10:30:00+09:00,J4,1039,905,1944
2020-02-17T10:30:00+09:00,J5,528,637,1165
2020-02-17T10:45:00+09:00,J1,905,905,1810
2020-02-17T10:45:00+09:00,J2,413,433,846
2020-02-17T10:45:00+09:00,J3,837,702,1539
2020-02-17T10:45:00+09:00,J4,1130,965,2095
2020-02-17T10:45:00+09:00,J5,498,661,1159
2020-02-17T11:00:00+09:00,J1,949,929,1878
2020-02-17T11:00:00+09:00,J2,517,518,1035
2020-02-17T11:00:00+09:00,J3,850,647,1497
2020-02-17T11:00:00+09:00,J4,1097,1012,2109
2020-02-17T11:00:00+09:00,J5,513,561,1074
2020-02-17T11:15:00+09:00,J1,922,943,1865
2020-02-17T11:15:00+09:00,J2,483,500,983
2020-02-17T11:15:00+09:00,J3,938,807,1745
2020-02-17T11:15:00+09:00,J4,1011,904,1915
2020-02-17T11:15:00+09:00,J5,496,530,1026
2020-02-17T11:30:00+09:00,J1,852,936,1788
2020-02-17T11:30:00+09:00,J2,438,472,910
2020-02-17T11:30:00+09:00,J3,799,719,1518
2020-02-17T11:30:00+09:00,J4,989,923,1912
2020-02-17T11:30:00+09:00,J5,581,641,1222
2020-02-17T11:45:00+09:00,J1,803,960,1763
2020-02-17T11:45:00+09:00,J2,495,529,1024
2020-02-17T11:45:00+09:00,J3,792,698,1490
2020-02-17T11:45:00+09:00,J4,967,1022,1989
2020-02-17T11:45:00+09:00,J5,601,655,1256
2020-02-17T12:00:00+09:00,J1,896,970,1866
2020-02-17T12:00:00+09:00,J2,470,433,903
2020-02-17T12:00:00+09:00,J3,855,672,1527
2020-02-17T12:00:00+09:00,J4,957,945,1902
2020-02-17T12:00:00+09:00,J5,603,733,1336
2020-02-17T12:15:00+09:00,J1,974,873,1847
2020-02-17T12:15:00+09:00,J2,554,506,1060
2020-02-17T12:15:00+09:00,J3,896,712,1608
2020-02-17T12:15:00+09:00,J4,945,943,1888
2020-02-17T12:15:00+09:00,J5,582,663,1245
2020-02-17T12:30:00+09:00,J1,908,974,1882
2020-02-17T12:30:00+09:00,J2,540,520,1060
2020-02-17T12:30:00+09:00,J3,950,825,1775
2020-02-17T12:30:00+09:00,J4,985,927,1912
2020-02-17T12:30:00+09:00,J5,425,513,938
2020-02-17T12:45:00+09:00,J1,897,1000,1897
2020-02-17T12:45:00+09:00,J2,517,533,1050
2020-02-17T12:45:00+09:00,J3,923,872,1795
2020-02-17T12:45:00+09:00,J4,909,882,1791
2020-02-17T12:45:00+09:00,J5,371,392,763
2020-02-17T13:00:00+09:00,J1,878,961,1839
2020-02-17T13:00:00+09:00,J2,551,560,1111
2020-02-17T13:00:00+09:00,J3,952,869,1821
2020-02-17T13:00:00+09:00,J4,930,936,1866
2020-02-17T13:00:00+09:00,J5,358,395,753
2020-02-17T13:15:00+09:00,J1,928,994,1922
2020-02-17T13:15:00+09:00,J2,498,523,1021
2020-02-17T13:15:00+09:00,J3,834,877,1711
2020-02-17T13:15:00+09:00,J4,936,940,1876
2020-02-17T13:15:00+09:00,J5,384,366,750
2020-02-17T13:30:00+09:00,J1,926,1019,1945
2020-02-17T13:30:00+09:00,J2,516,474,990
2020-02-17T13:30:00+09:00,J3,932,812,1744
2020-02-17T13:30:00+09:00,J4,859,912,1771
2020-02-17T13:30:00+09:00,J5,357,369,726
2020-02-17T13:45:00+09:00,J1,872,1031,1903
2020-02-17T13:45:00+09:00,J2,489,552,1041
2020-02-17T13:45:00+09:00,J3,968,841,1809
2020-02-17T13:45:00+09:00,J4,871,917,1788
2020-02-17T13:45:00+09:00,J5,381,425,806
2020-02-17T14:00:00+09:00,J1,895,995,1890
2020-02-17T14:00:00+09:00,J2,568,500,1068
2020-02-17T14:00:00+09:00,J3,974,834,1808
2020-02-17T14:00:00+09:00,J4,822,909,1731
2020-02-17T14:00:00+09:00,J5,441,530,971
2020-02-17T14:15:00+09:00,J1,907,991,1898
2020-02-17T14:15:00+09:00,J2,559,546,1105
2020-02-17T14:15:00+09:00,J3,891,820,1711
2020-02-17T14:15:00+09:00,J4,852,922,1774
2020-02-17T14:15:00+09:00,J5,587,688,1275
2020-02-17T14:30:00+09:00,J1,927,969,1896
2020-02-17T14:30:00+09:00,J2,577,551,1128
2020-02-17T14:30:00+09:00,J3,952,838,1790
2020-02-17T14:30:00+09:00,J4,823,997,1820
2020-02-17T14:30:00+09:00,J5,564,575,1139
2020-02-17T14:45:00+09:00,J1,926,992,1918
2020-02-17T14:45:00+09:00,J2,557,563,1120
2020-02-17T14:45:00+09:00,J3,989,864,1853
2020-02-17T14:45:00+09:00,J4,822,925,1747
2020-02-17T14:45:00+09:00,J5,439,503,942
2020-02-17T15:00:00+09:00,J1,900,956,1856
2020-02-17T15:00:00+09:00,J2,509,549,1058
2020-02-17T15:00:00+09:00,J3,879,843,1722
2020-02-17T15:00:00+09:00,J4,807,892,1699
2020-02-17T15:00:00+09:00,J5,427,437,864
2020-02-17T15:15:00+09:00,J1,898,1006,1904
2020-02-17T15:15:00+09:00,J2,557,521,1078
2020-02-17T15:15:00+09:00,J3,846,860,1706
2020-02-17T15:15:00+09:00,J4,812,902,1714
2020-02-17T15:15:00+09:00,J5,386,451,837
2020-02-17T15:30:00+09:00,J1,938,967,1905
2020-02-17T15:30:00+09:00,J2,557,559,1116
2020-02-17T15:30:00+09:00,J3,935,805,1740
2020-02-17T15:30:00+09:00,J4,774,923,1697
2020-02-17T15:30:00+09:00,J5,374,450,824
2020-02-17T15:45:00+09:00,J1,876,1035,1911
2020-02-17T15:45:00+09:00,J2,570,576,1146
2020-02-17T15:45:00+09:00,J3,968,865,1833
2020-02-17T15:45:00+09:00,J4,857,852,1709
2020-02-17T15:45:00+09:00,J5,342,371,713
2020-02-17T16:00:00+09:00,J1,930,1019,1949
2020-02-17T16:00:00+09:00,J2,554,505,1059
2020-02-17T16:00:00+09:00,J3,866,811,1677
2020-02-17T16:00:00+09:00,J4,879,864,1743
2020-02-17T16:00:00+09:00,J5,350,401,751
2020-02-17T16:15:00+09:00,J1,898,949,1847
2020-02-17T16:15:00+09:00,J2,564,564,1128
2020-02-17T16:15:00+09:00,J3,975,776,1751
2020-02-17T16:15:00+09:00,J4,884,976,1860
2020-02-17T16:15:00+09:00,J5,374,448,822
2020-02-17T16:30:00+09:00,J1,912,925,1837
2020-02-17T16:30:00+09:00,J2,599,537,1136
2020-02-17T16:30:00+09:00,J3,1052,765,1817
2020-02-17T16:30:00+09:00,J4,822,900,1722
2020-02-17T16:30:00+09:00,J5,334,412,746
2020-02-17T16:45:00+09:00,J1,952,901,1853
2020-02-17T16:45:00+09:00,J2,536,559,1095
2020-02-17T16:45:00+09:00,J3,1019,810,1829
2020-02-17T16:45:00+09:00,J4,832,908,1740
2020-02-17T16:45:00+09:00,J5,358,435,793
2020-02-17T17:00:00+09:00,J1,933,1015,1948
2020-02-17T17:00:00+09:00,J2,550,592,1142
2020-02-17T17:00:00+09:00,J3,1039,865,1904
2020-02-17T17:00:00+09:00,J4,792,825,1617
2020-02-17T17:00:00+09:00,J5,392,507,899
2020-02-17T17:15:00+09:00,J1,981,992,1973
2020-02-17T17:15:00+09:00,J2,635,570,1205
2020-02-17T17:15:00+09:00,J3,1084,896,1980
2020-02-17T17:15:00+09:00,J4,847,807,1654
2020-02-17T17:15:00+09:00,J5,498,584,1082
2020-02-17T17:30:00+09:00,J1,983,1013,1996
2020-02-17T17:30:00+09:00,J2,695,606,1301
2020-02-17T17:30:00+09:00,J3,1180,844,2024
2020-02-17T17:30:00+09:00,J4,914,788,1702
2020-02-17T17:30:00+09:00,J5,503,577,1080
2020-02-17T17:45:00+09:00,J1,908,948,1856
2020-02-17T17:45:00+09:00,J2,680,562,1242
2020-02-17T17:45:00+09:00,J3,1231,781,2012
2020-02-17T17:45:00+09:00,J4,910,816,1726
2020-02-17T17:45:00+09:00,J5,490,557,1047
2020-02-17T18:00:00+09:00,J1,931,1035,1966
2020-02-17T18:00:00+09:00,J2,691,586,1277
2020-02-17T18:00:00+09:00,J3,1270,801,2071
2020-02-17T18:00:00+09:00,J4,944,832,1776
2020-02-17T18:00:00+09:00,J5,469,557,1026
2020-02-17T18:15:00+09:00,J1,939,920,1859
2020-02-17T18:15:00+09:00,J2,634,683,1317
2020-02-17T18:15:00+09:00,J3,1248,818,2066
2020-02-17T18:15:00+09:00,J4,1030,929,1959
2020-02-17T18:15:00+09:00,J5,516,617,1133
2020-02-17T18:30:00+09:00,J1,933,927,1860
2020-02-17T18:30:00+09:00,J2,612,674,1286
2020-02-17T18:30:00+09:00,J3,1064,684,1748
2020-02-17T18:30:00+09:00,J4,1027,991,2018
2020-02-17T18:30:00+09:00,J5,544,569,1113
2020-02-17T18:45:00+09:00,J1,883,969,1852
2020-02-17T18:45:00+09:00,J2,575,611,1186
2020-02-17T18:45:00+09:00,J3,924,682,1606
2020-02-17T18:45:00+09:00,J4,1052,960,2012
2020-02-17T18:45:00+09:00,J5,568,503,1071
2020-02-17T19:00:00+09:00,J1,832,920,1752
2020-02-17T19:00:00+09:00,J2,596,588,1184
2020-02-17T19:00:00+09:00,J3,942,674,1616
2020-02-17T19:00:00+09:00,J4,1028,942,1970
2020-02-17T19:00:00+09:00,J5,542,553,1095
2020-02-17T19:15:00+09:00,J1,841,893,1734
2020-02-17T19:15:00+09:00,J2,571,557,1128
2020-02-17T19:15:00+09:00,J3,928,676,1604
2020-02-17T19:15:00+09:00,J4,1042,982,2024
2020-02-17T19:15:00+09:00,J5,572,593,1165
2020-02-17T19:30:00+09:00,J1,826,881,1707
2020-02-17T19:30:00+09:00,J2,500,453,953
2020-02-17T19:30:00+09:00,J3,872,704,1576
2020-02-17T19:30:00+09:00,J4,1060,811,1871
2020-02-17T19:30:00+09:00,J5,529,606,1135
2020-02-17T19:45:00+09:00,J1,797,941,1738
2020-02-17T19:45:00+09:00,J2,499,481,980
2020-02-17T19:45:00+09:00,J3,852,732,1584
2020-02-17T19:45:00+09:00,J4,980,891,1871
2020-02-17T19:45:00+09:00,J5,500,522,1022
2020-02-17T20:00:00+09:00,J1,844,863,1707
2020-02-17T20:00:00+09:00,J2,490,445,935
2020-02-17T20:00:00+09:00,J3,757,726,1483
2020-02-17T20:00:00+09:00,J4,978,840,1818
2020-02-17T20:00:00+09:00,J5,534,521,1055
2020-02-17T20:15:00+09:00,J1,869,905,1774
2020-02-17T20:15:00+09:00,J2,504,517,1021
2020-02-17T20:15:00+09:00,J3,770,731,1501
2020-02-17T20:15:00+09:00,J4,1059,984,2043
2020-02-17T20:15:00+09:00,J5,523,515,1038
2020-02-17T20:30:00+09:00,J1,794,892,1686
2020-02-17T20:30:00+09:00,J2,501,496,997
2020-02-17T20:30:00+09:00,J3,829,703,1532
2020-02-17T20:30:00+09:00,J4,951,845,1796
2020-02-17T20:30:00+09:00,J5,499,518,1017
2020-02-17T20:45:00+09:00,J1,775,863,1638
2020-02-17T20:45:00+09:00,J2,528,448,976
2020-02-17T20:45:00+09:00,J3,784,578,1362
2020-02-17T20:45:00+09:00,J4,918,923,1841
2020-02-17T20:45:00+09:00,J5,501,465,966
2020-02-17T21:00:00+09:00,J1,771,787,1558
2020-02-17T21:00:00+09:00,J2,361,292,653
2020-02-17T21:00:00+09:00,J3,671,514,1185
2020-02-17T21:00:00+09:00,J4,895,894,1789
2020-02-17T21:00:00+09:00,J5,486,468,954
2020-02-17T21:15:00+09:00,J1,756,732,1488
2020-02-17T21:15:00+09:00,J2,444,442,886
2020-02-17T21:15:00+09:00,J3,577,529,1106
2020-02-17T21:15:00+09:00,J4,1029,896,1925
2020-02-17T21:15:00+09:00,J5,467,517,984
2020-02-17T21:30:00+09:00,J1,651,766,1417
2020-02-17T21:30:00+09:00,J2,528,467,995
2020-02-17T21:30:00+09:00,J3,563,504,1067
2020-02-17T21:30:00+09:00,J4,991,857,1848
2020-02-17T21:30:00+09:00,J5,468,556,1024
2020-02-17T21:45:00+09:00,J1,622,703,1325
2020-02-17T21:45:00+09:00,J2,482,502,984
2020-02-17T21:45:00+09:00,J3,623,569,1192
2020-02-17T21:45:00+09:00,J4,956,850,1806
2020-02-17T21:45:00+09:00,J5,505,560,1065
2020-02-17T22:00:00+09:00,J1,632,837,1469
2020-02-17T22:00:00+09:00,J2,399,424,823
2020-02-17T22:00:00+09:00,J3,693,659,1352
2020-02-17T22:00:00+09:00,J4,906,802,1708
2020-02-17T22:00:00+09:00,J5,510,565,1075
2020-02-17T22:15:00+09:00,J1,682,730,1412
2020-02-17T22:15:00+09:00,J2,350,358,708
2020-02-17T22:15:00+09:00,J3,673,659,1332
2020-02-17T22:15:00+09:00,J4,923,791,1714
2020-02-17T22:15:00+09:00,J5,515,600,1115
2020-02-17T22:30:00+09:00,J1,682,785,1467
2020-02-17T22:30:00+09:00,J2,341,321,662
2020-02-17T22:30:00+09:00,J3,812,772,1584
2020-02-17T22:30:00+09:00,J4,910,889,1799
2020-02-17T22:30:00+09:00,J5,496,567,1063
2020-02-17T22:45:00+09:00,J1,657,803,1460
2020-02-17T22:45:00+09:00,J2,347,285,632
2020-02-17T22:45:00+09:00,J3,750,767,1517
2020-02-17T22:45:00+09:00,J4,853,838,1691
2020-02-17T22:45:00+09:00,J5,482,563,1045
2020-02-17T23:00:00+09:00,J1,660,807,1467
2020-02-17T23:00:00+09:00,J2,355,357,712
2020-02-17T23:00:00+09:00,J3,758,769,1527
2020-02-17T23:00:00+09:00,J4,871,836,1707
2020-02-17T23:00:00+09:00,J5,565,540,1105
2020-02-17T23:15:00+09:00,J1,652,763,1415
2020-02-17T23:15:00+09:00,J2,336,319,655
2020-02-17T23:15:00+09:00,J3,703,771,1474
2020-02-17T23:15:00+09:00,J4,888,820,1708
2020-02-17T23:15:00+09:00,J5,537,562,1099
2020-02-17T23:30:00+09:00,J1,696,702,1398
2020-02-17T23:30:00+09:00,J2,334,360,694
2020-02-17T23:30:00+09:00,J3,755,703,1458
2020-02-17T23:30:00+09:00,J4,878,739,1617
2020-02-17T23:30:00+09:00,J5,526,569,1095
2020-02-17T23:45:00+09:00,J1,589,662,1251
2020-02-17T23:45:00+09:00,J2,330,353,683
2020-02-17T23:45:00+09:00,J3,740,698,1438
2020-02-17T23:45:00+09:00,J4,906,790,1696
2020-02-17T23:45:00+09:00,J5,513,586,1099
2020-02-18T00:00:00+09:00,J1,643,683,1326
2020-02-18T00:00:00+09:00,J2,256,192,448
2020-02-18T00:00:00+09:00,J3,744,601,1345
2020-02-18T00:00:00+09:00,J4,848,763,1611
2020-02-18T00:00:00+09:00,J5,554,599,1153
2020-02-18T00:15:00+09:00,J1,585,548,1133
2020-02-18T00:15:00+09:00,J2,237,204,441
2020-02-18T00:15:00+09:00,J3,633,554,1187
2020-02-18T00:15:00+09:00,J4,790,716,1506
2020-02-18T00:15:00+09:00,J5,338,332,670
2020-02-18T00:30:00+09:00,J1,517,518,1035
2020-02-18T00:30:00+09:00,J2,220,185,405
2020-02-18T00:30:00+09:00,J3,621,530,1151
2020-02-18T00:30:00+09:00,J4,713,668,1381
2020-02-18T00:30:00+09:00,J5,353,321,674
2020-02-18T00:45:00+09:00,J1,544,440,984
2020-02-18T00:45:00+09:00,J2,187,175,362
2020-02-18T00:45:00+09:00,J3,658,504,1162
2020-02-18T00:45:00+09:00,J4,717,702,1419
2020-02-18T00:45:00+09:00,J5,387,334,721
2020-02-18T05:45:00+09:00,J1,629,662,1291
2020-02-18T05:45:00+09:00,J2,427,394,821
2020-02-18T05:45:00+09:00,J3,543,449,992
2020-02-18T05:45:00+09:00,J4,497,597,1094
2020-02-18T05:45:00+09:00,J5,334,351,685
2020-02-18T06:00:00+09:00,J1,643,639,1282
2020-02-18T06:00:00+09:00,J2,379,377,756
2020-02-18T06:00:00+09:00,J3,574,521,1095
2020-02-18T06:00:00+09:00,J4,565,614,1179
2020-02-18T06:00:00+09:00,J5,295,298,593
2020-02-18T06:15:00+09:00,J1,724,756,1480
2020-02-18T06:15:00+09:00,J2,476,393,869
2020-02-18T06:15:00+09:00,J3,624,542,1166
2020-02-18T06:15:00+09:00,J4,607,733,1340
2020-02-18T06:15:00+09:00,J5,371,304,675
2020-02-18T06:30:00+09:00,J1,749,771,1520
2020-02-18T06:30:00+09:00,J2,475,417,892
2020-02-18T06:30:00+09:00,J3,609,542,1151
2020-02-18T06:30:00+09:00,J4,583,654,1237
2020-02-18T06:30:00+09:00,J5,352,351,703
2020-02-18T06:45:00+09:00,J1,747,747,1494
2020-02-18T06:45:00+09:00,J2,523,445,968
2020-02-18T06:45:00+09:00,J3,665,507,1172
2020-02-18T06:45:00+09:00,J4,642,706,1348
2020-02-18T06:45:00+09:00,J5,378,370,748
2020-02-18T07:00:00+09:00,J1,759,801,1560
2020-02-18T07:00:00+09:00,J2,509,445,954
2020-02-18T07:00:00+09:00,J3,693,560,1253
2020-02-18T07:00:00+09:00,J4,804,852,1656
2020-02-18T07:00:00+09:00,J5,428,421,849
2020-02-18T07:15:00+09:00,J1,777,788,1565
2020-02-18T07:15:00+09:00,J2,628,492,1120
2020-02-18T07:15:00+09:00,J3,754,628,1382
2020-02-18T07:15:00+09:00,J4,905,899,1804
2020-02-18T07:15:00+09:00,J5,537,501,1038
2020-02-18T07:30:00+09:00,J1,752,863,1615
2020-02-18T07:30:00+09:00,J2,520,386,906
2020-02-18T07:30:00+09:00,J3,744,784,1528
2020-02-18T07:30:00+09:00,J4,960,973,1933
2020-02-18T07:30:00+09:00,J5,593,681,1274
2020-02-18T07:45:00+09:00,J1,822,844,1666
2020-02-18T07:45:00+09:00,J2,565,355,920
2020-02-18T07:45:00+09:00,J3,683,669,1352
2020-02-18T07:45:00+09:00,J4,1039,1029,2068
2020-02-18T07:45:00+09:00,J5,596,632,1228
2020-02-18T08:00:00+09:00,J1,905,922,1827
2020-02-18T08:00:00+09:00,J2,646,506,1152
2020-02-18T08:00:00+09:00,J3,884,975,1859
2020-02-18T08:00:00+09:00,J4,1063,1026,2089
2020-02-18T08:00:00+09:00,J5,631,646,1277
2020-02-18T08:15:00+09:00,J1,908,940,1848
2020-02-18T08:15:00+09:00,J2,720,603,1323
2020-02-18T08:15:00+09:00,J3,933,1044,1977
2020-02-18T08:15:00+09:00,J4,1102,1119,2221
2020-02-18T08:15:00+09:00,J5,621,664,1285
2020-02-18T08:30:00+09:00,J1,940,870,1810
2020-02-18T08:30:00+09:00,J2,762,525,1287
2020-02-18T08:30:00+09:00,J3,831,970,1801
2020-02-18T08:30:00+09:00,J4,956,1028,1984
2020-02-18T08:30:00+09:00,J5,671,705,1376
2020-02-18T08:45:00+09:00,J1,918,940,1858
2020-02-18T08:45:00+09:00,J2,651,428,1079
2020-02-18T08:45:00+09:00,J3,865,885,1750
2020-02-18T08:45:00+09:00,J4,862,972,1834
2020-02-18T08:45:00+09:00,J5,595,635,1230
2020-02-18T09:00:00+09:00,J1,982,989,1971
2020-02-18T09:00:00+09:00,J2,543,393,936
2020-02-18T09:00:00+09:00,J3,828,841,1669
2020-02-18T09:00:00+09:00,J4,918,914,1832
2020-02-18T09:00:00+09:00,J5,584,650,1234
2020-02-18T09:15:00+09:00,J1,984,912,1896
2020-02-18T09:15:00+09:00,J2,740,583,1323
2020-02-18T09:15:00+09:00,J3,732,733,1465
2020-02-18T09:15:00+09:00,J4,962,880,1842
2020-02-18T09:15:00+09:00,J5,385,358,743
2020-02-18T09:30:00+09:00,J1,973,977,1950
2020-02-18T09:30:00+09:00,J2,723,506,1229
2020-02-18T09:30:00+09:00,J3,779,698,1477
2020-02-18T09:30:00+09:00,J4,1088,941,2029
2020-02-18T09:30:00+09:00,J5,440,399,839
2020-02-18T09:45:00+09:00,J1,911,912,1823
2020-02-18T09:45:00+09:00,J2,590,447,1037
2020-02-18T09:45:00+09:00,J3,768,772,1540
2020-02-18T09:45:00+09:00,J4,923,901,1824
2020-02-18T09:45:00+09:00,J5,581,434,1015
2020-02-18T10:00:00+09:00,J1,865,918,1783
2020-02-18T10:00:00+09:00,J2,577,515,1092
2020-02-18T10:00:00+09:00,J3,683,676,1359
2020-02-18T10:00:00+09:00,J4,826,909,1735
2020-02-18T10:00:00+09:00,J5,511,498,1009
2020-02-18T10:15:00+09:00,J1,898,822,1720
2020-02-18T10:15:00+09:00,J2,529,495,1024
2020-02-18T10:15:00+09:00,J3,752,736,1488
2020-02-18T10:15:00+09:00,J4,968,929,1897
2020-02-18T10:15:00+09:00,J5,516,492,1008
2020-02-18T10:30:00+09:00,J1,859,873,1732
2020-02-18T10:30:00+09:00,J2,446,475,921
2020-02-18T10:30:00+09:00,J3,711,780,1491
2020-02-18T10:30:00+09:00,J4,971,904,1875
2020-02-18T10:30:00+09:00,J5,517,502,1019
2020-02-18T10:45:00+09:00,J1,883,895,1778
2020-02-18T10:45:00+09:00,J2,421,462,883
2020-02-18T10:45:00+09:00,J3,734,758,1492
2020-02-18T10:45:00+09:00,J4,944,858,1802
2020-02-18T10:45:00+09:00,J5,498,490,988
2020-02-18T11:00:00+09:00,J1,892,891,1783
2020-02-18T11:00:00+09:00,J2,515,414,929
2020-02-18T11:00:00+09:00,J3,729,753,1482
2020-02-18T11:00:00+09:00,J4,959,903,1862
2020-02-18T11:00:00+09:00,J5,469,474,943
2020-02-18T11:15:00+09:00,J1,897,935,1832
2020-02-18T11:15:00+09:00,J2,540,543,1083
2020-02-18T11:15:00+09:00,J3,786,790,1576
2020-02-18T11:15:00+09:00,J4,803,872,1675
2020-02-18T11:15:00+09:00,J5,466,512,978
2020-02-18T11:30:00+09:00,J1,817,921,1738
2020-02-18T11:30:00+09:00,J2,573,497,1070
2020-02-18T11:30:00+09:00,J3,888,712,1600
2020-02-18T11:30:00+09:00,J4,898,861,1759
2020-02-18T11:30:00+09:00,J5,637,649,1286
2020-02-18T11:45:00+09:00,J1,864,884,1748
2020-02-18T11:45:00+09:00,J2,545,502,1047
2020-02-18T11:45:00+09:00,J3,866,721,1587
2020-02-18T11:45:00+09:00,J4,978,930,1908
2020-02-18T11:45:00+09:00,J5,626,637,1263
2020-02-18T12:00:00+09:00,J1,880,956,1836
2020-02-18T12:00:00+09:00,J2,534,516,1050
2020-02-18T12:00:00+09:00,J3,946,739,1685
2020-02-18T12:00:00+09:00,J4,953,968,1921
2020-02-18T12:00:00+09:00,J5,688,762,1450
2020-02-18T12:15:00+09:00,J1,903,955,1858
2020-02-18T12:15:00+09:00,J2,606,480,1086
2020-02-18T12:15:00+09:00,J3,829,786,1615
2020-02-18T12:15:00+09:00,J4,959,989,1948
2020-02-18T12:15:00+09:00,J5,632,694,1326
2020-02-18T12:30:00+09:00,J1,833,924,1757
2020-02-18T12:30:00+09:00,J2,601,514,1115
2020-02-18T12:30:00+09:00,J3,885,834,1719
2020-02-18T12:30:00+09:00,J4,897,936,1833
2020-02-18T12:30:00+09:00,J5,456,549,1005
2020-02-18T12:45:00+09:00,J1,888,964,1852
2020-02-18T12:45:00+09:00,J2,565,532,1097
2020-02-18T12:45:00+09:00,J3,879,960,1839
2020-02-18T12:45:00+09:00,J4,878,953,1831
2020-02-18T12:45:00+09:00,J5,411,427,838
2020-02-18T13:00:00+09:00,J1,868,969,1837
2020-02-18T13:00:00+09:00,J2,540,476,1016
2020-02-18T13:00:00+09:00,J3,874,874,1748
2020-02-18T13:00:00+09:00,J4,799,881,1680
2020-02-18T13:00:00+09:00,J5,364,389,753
2020-02-18T13:15:00+09:00,J1,843,997,1840
2020-02-18T13:15:00+09:00,J2,528,521,1049
2020-02-18T13:15:00+09:00,J3,868,911,1779
2020-02-18T13:15:00+09:00,J4,840,926,1766
2020-02-18T13:15:00+09:00,J5,355,340,695
2020-02-18T13:30:00+09:00,J1,827,957,1784
2020-02-18T13:30:00+09:00,J2,543,563,1106
2020-02-18T13:30:00+09:00,J3,842,871,1713
2020-02-18T13:30:00+09:00,J4,883,908,1791
2020-02-18T13:30:00+09:00,J5,318,319,637
2020-02-18T13:45:00+09:00,J1,870,977,1847
2020-02-18T13:45:00+09:00,J2,598,555,1153
2020-02-18T13:45:00+09:00,J3,757,782,1539
2020-02-18T13:45:00+09:00,J4,794,917,1711
2020-02-18T13:45:00+09:00,J5,345,324,669
2020-02-18T14:00:00+09:00,J1,875,916,1791
2020-02-18T14:00:00+09:00,J2,571,568,1139
2020-02-18T14:00:00+09:00,J3,789,672,1461
2020-02-18T14:00:00+09:00,J4,788,849,1637
2020-02-18T14:00:00+09:00,J5,314,296,610
2020-02-18T14:15:00+09:00,J1,953,931,1884
2020-02-18T14:15:00+09:00,J2,570,554,1124
2020-02-18T14:15:00+09:00,J3,835,754,1589
2020-02-18T14:15:00+09:00,J4,765,969,1734
2020-02-18T14:15:00+09:00,J5,321,320,641
2020-02-18T14:30:00+09:00,J1,890,953,1843
2020-02-18T14:30:00+09:00,J2,576,589,1165
2020-02-18T14:30:00+09:00,J3,745,766,1511
2020-02-18T14:30:00+09:00,J4,786,884,1670
2020-02-18T14:30:00+09:00,J5,330,341,671
2020-02-18T14:45:00+09:00,J1,886,968,1854
2020-02-18T14:45:00+09:00,J2,610,591,1201
2020-02-18T14:45:00+09:00,J3,880,923,1803
2020-02-18T14:45:00+09:00,J4,760,846,1606
2020-02-18T14:45:00+09:00,J5,401,471,872
2020-02-18T15:00:00+09:00,J1,892,958,1850
2020-02-18T15:00:00+09:00,J2,590,526,1116
2020-02-18T15:00:00+09:00,J3,882,875,1757
2020-02-18T15:00:00+09:00,J4,732,815,1547
2020-02-18T15:00:00+09:00,J5,515,550,1065
2020-02-18T15:15:00+09:00,J1,904,918,1822
2020-02-18T15:15:00+09:00,J2,604,556,1160
2020-02-18T15:15:00+09:00,J3,793,858,1651
2020-02-18T15:15:00+09:00,J4,752,869,1621
2020-02-18T15:15:00+09:00,J5,495,559,1054
2020-02-18T15:30:00+09:00,J1,878,975,1853
2020-02-18T15:30:00+09:00,J2,681,555,1236
2020-02-18T15:30:00+09:00,J3,903,899,1802
2020-02-18T15:30:00+09:00,J4,735,784,1519
2020-02-18T15:30:00+09:00,J5,418,485,903
2020-02-18T15:45:00+09:00,J1,894,966,1860
2020-02-18T15:45:00+09:00,J2,591,572,1163
2020-02-18T15:45:00+09:00,J3,838,934,1772
2020-02-18T15:45:00+09:00,J4,723,738,1461
2020-02-18T15:45:00+09:00,J5,396,481,877
2020-02-18T16:00:00+09:00,J1,900,937,1837
2020-02-18T16:00:00+09:00,J2,613,576,1189
2020-02-18T16:00:00+09:00,J3,987,897,1884
2020-02-18T16:00:00+09:00,J4,731,882,1613
2020-02-18T16:00:00+09:00,J5,383,425,808
2020-02-18T16:15:00+09:00,J1,858,948,1806
2020-02-18T16:15:00+09:00,J2,608,586,1194
2020-02-18T16:15:00+09:00,J3,966,817,1783
2020-02-18T16:15:00+09:00,J4,779,898,1677
2020-02-18T16:15:00+09:00,J5,412,387,799
2020-02-18T16:30:00+09:00,J1,862,987,1849
2020-02-18T16:30:00+09:00,J2,587,574,1161
2020-02-18T16:30:00+09:00,J3,1057,763,1820
2020-02-18T16:30:00+09:00,J4,787,849,1636
2020-02-18T16:30:00+09:00,J5,371,354,725
2020-02-18T16:45:00+09:00,J1,921,950,1871
2020-02-18T16:45:00+09:00,J2,542,553,1095
2020-02-18T16:45:00+09:00,J3,1014,788,1802
2020-02-18T16:45:00+09:00,J4,780,855,1635
2020-02-18T16:45:00+09:00,J5,354,385,739
2020-02-18T17:00:00+09:00,J1,963,946,1909
2020-02-18T17:00:00+09:00,J2,539,634,1173
2020-02-18T17:00:00+09:00,J3,1051,826,1877
2020-02-18T17:00:00+09:00,J4,763,790,1553
2020-02-18T17:00:00+09:00,J5,390,444,834
2020-02-18T17:15:00+09:00,J1,959,940,1899
2020-02-18T17:15:00+09:00,J2,729,590,1319
2020-02-18T17:15:00+09:00,J3,1103,804,1907
2020-02-18T17:15:00+09:00,J4,880,764,1644
2020-02-18T17:15:00+09:00,J5,420,483,903
2020-02-18T17:30:00+09:00,J1,954,974,1928
2020-02-18T17:30:00+09:00,J2,771,578,1349
2020-02-18T17:30:00+09:00,J3,1082,935,2017
2020-02-18T17:30:00+09:00,J4,866,827,1693
2020-02-18T17:30:00+09:00,J5,447,485,932
2020-02-18T17:45:00+09:00,J1,939,981,1920
2020-02-18T17:45:00+09:00,J2,725,562,1287
2020-02-18T17:45:00+09:00,J3,1161,868,2029
2020-02-18T17:45:00+09:00,J4,932,856,1788
2020-02-18T17:45:00+09:00,J5,439,511,950
2020-02-18T18:00:00+09:00,J1,931,994,1925
2020-02-18T18:00:00+09:00,J2,591,555,1146
2020-02-18T18:00:00+09:00,J3,1207,869,2076
2020-02-18T18:00:00+09:00,J4,857,814,1671
2020-02-18T18:00:00+09:00,J5,453,545,998
2020-02-18T18:15:00+09:00,J1,956,917,1873
2020-02-18T18:15:00+09:00,J2,618,632,1250
2020-02-18T18:15:00+09:00,J3,1205,791,1996
2020-02-18T18:15:00+09:00,J4,1025,887,1912
2020-02-18T18:15:00+09:00,J5,493,594,1087
2020-02-18T18:30:00+09:00,J1,902,941,1843
2020-02-18T18:30:00+09:00,J2,640,536,1176
2020-02-18T18:30:00+09:00,J3,1077,727,1804
2020-02-18T18:30:00+09:00,J4,1048,925,1973
2020-02-18T18:30:00+09:00,J5,511,555,1066
2020-02-18T18:45:00+09:00,J1,888,1016,1904
2020-02-18T18:45:00+09:00,J2,682,524,1206
2020-02-18T18:45:00+09:00,J3,992,693,1685
2020-02-18T18:45:00+09:00,J4,1026,944,1970
2020-02-18T18:45:00+09:00,J5,550,536,1086
2020-02-18T19:00:00+09:00,J1,864,877,1741
2020-02-18T19:00:00+09:00,J2,544,445,989
2020-02-18T19:00:00+09:00,J3,949,695,1644
2020-02-18T19:00:00+09:00,J4,1119,907,2026
2020-02-18T19:00:00+09:00,J5,523,525,1048
2020-02-18T19:15:00+09:00,J1,799,866,1665
2020-02-18T19:15:00+09:00,J2,545,431,976
2020-02-18T19:15:00+09:00,J3,892,712,1604
2020-02-18T19:15:00+09:00,J4,1049,890,1939
2020-02-18T19:15:00+09:00,J5,572,554,1126
2020-02-18T19:30:00+09:00,J1,811,877,1688
2020-02-18T19:30:00+09:00,J2,519,439,958
2020-02-18T19:30:00+09:00,J3,864,595,1459
2020-02-18T19:30:00+09:00,J4,1057,814,1871
2020-02-18T19:30:00+09:00,J5,574,513,1087
2020-02-18T19:45:00+09:00,J1,854,881,1735
2020-02-18T19:45:00+09:00,J2,437,342,779
2020-02-18T19:45:00+09:00,J3,807,645,1452
2020-02-18T19:45:00+09:00,J4,916,829,1745
2020-02-18T19:45:00+09:00,J5,507,547,1054
2020-02-18T20:00:00+09:00,J1,856,878,1734
2020-02-18T20:00:00+09:00,J2,473,388,861
2020-02-18T20:00:00+09:00,J3,808,590,1398
2020-02-18T20:00:00+09:00,J4,981,910,1891
2020-02-18T20:00:00+09:00,J5,498,540,1038
2020-02-18T20:15:00+09:00,J1,841,896,1737
2020-02-18T20:15:00+09:00,J2,527,458,985
2020-02-18T20:15:00+09:00,J3,838,620,1458
2020-02-18T20:15:00+09:00,J4,1052,866,1918
2020-02-18T20:15:00+09:00,J5,556,576,1132
2020-02-18T20:30:00+09:00,J1,853,919,1772
2020-02-18T20:30:00+09:00,J2,460,363,823
2020-02-18T20:30:00+09:00,J3,780,636,1416
2020-02-18T20:30:00+09:00,J4,990,861,1851
2020-02-18T20:30:00+09:00,J5,525,558,1083
2020-02-18T20:45:00+09:00,J1,831,901,1732
2020-02-18T20:45:00+09:00,J2,431,300,731
2020-02-18T20:45:00+09:00,J3,778,610,1388
2020-02-18T20:45:00+09:00,J4,925,872,1797
2020-02-18T20:45:00+09:00,J5,536,506,1042
2020-02-18T21:00:00+09:00,J1,787,810,1597
2020-02-18T21:00:00+09:00,J2,528,508,1036
2020-02-18T21:00:00+09:00,J3,762,593,1355
2020-02-18T21:00:00+09:00,J4,1041,876,1917
2020-02-18T21:00:00+09:00,J5,480,536,1016
2020-02-18T21:15:00+09:00,J1,805,865,1670
2020-02-18T21:15:00+09:00,J2,471,531,1002
2020-02-18T21:15:00+09:00,J3,795,626,1421
2020-02-18T21:15:00+09:00,J4,972,834,1806
2020-02-18T21:15:00+09:00,J5,526,572,1098
2020-02-18T21:30:00+09:00,J1,785,891,1676
2020-02-18T21:30:00+09:00,J2,478,418,896
2020-02-18T21:30:00+09:00,J3,661,588,1249
2020-02-18T21:30:00+09:00,J4,1064,820,1884
2020-02-18T21:30:00+09:00,J5,508,585,1093
2020-02-18T21:45:00+09:00,J1,776,905,1681
2020-02-18T21:45:00+09:00,J2,488,485,973
2020-02-18T21:45:00+09:00,J3,587,541,1128
2020-02-18T21:45:00+09:00,J4,967,846,1813
2020-02-18T21:45:00+09:00,J5,493,609,1102
2020-02-18T22:00:00+09:00,J1,718,866,1584
2020-02-18T22:00:00+09:00,J2,606,565,1171
2020-02-18T22:00:00+09:00,J3,659,608,1267
2020-02-18T22:00:00+09:00,J4,966,903,1869
2020-02-18T22:00:00+09:00,J5,490,574,1064
2020-02-18T22:15:00+09:00,J1,699,797,1496
2020-02-18T22:15:00+09:00,J2,580,571,1151
2020-02-18T22:15:00+09:00,J3,652,717,1369
2020-02-18T22:15:00+09:00,J4,968,887,1855
2020-02-18T22:15:00+09:00,J5,544,557,1101
2020-02-18T22:30:00+09:00,J1,757,835,1592
2020-02-18T22:30:00+09:00,J2,519,557,1076
2020-02-18T22:30:00+09:00,J3,711,664,1375
2020-02-18T22:30:00+09:00,J4,962,789,1751
2020-02-18T22:30:00+09:00,J5,561,605,1166
2020-02-18T22:45:00+09:00,J1,783,845,1628
2020-02-18T22:45:00+09:00,J2,427,469,896
2020-02-18T22:45:00+09:00,J3,741,722,1463
2020-02-18T22:45:00+09:00,J4,1015,778,1793
2020-02-18T22:45:00+09:00,J5,587,561,1148
2020-02-18T23:00:00+09:00,J1,739,824,1563
2020-02-18T23:00:00+09:00,J2,522,521,1043
2020-02-18T23:00:00+09:00,J3,750,709,1459
2020-02-18T23:00:00+09:00,J4,930,822,1752
2020-02-18T23:00:00+09:00,J5,562,607,1169
2020-02-18T23:15:00+09:00,J1,699,807,1506
2020-02-18T23:15:00+09:00,J2,540,543,1083
2020-02-18T23:15:00+09:00,J3,774,742,1516
2020-02-18T23:15:00+09:00,J4,925,794,1719
2020-02-18T23:15:00+09:00,J5,551,568,1119
2020-02-18T23:30:00+09:00,J1,744,833,1577
2020-02-18T23:30:00+09:00,J2,515,564,1079
2020-02-18T23:30:00+09:00,J3,693,675,1368
2020-02-18T23:30:00+09:00,J4,876,851,1727
2020-02-18T23:30:00+09:00,J5,526,524,1050
2020-02-18T23:45:00+09:00,J1,711,834,1545
2020-02-18T23:45:00+09:00,J2,556,556,1112
2020-02-18T23:45:00+09:00,J3,655,676,1331
2020-02-18T23:45:00+09:00,J4,887,726,1613
2020-02-18T23:45:00+09:00,J5,561,606,1167
2020-02-19T00:00:00+09:00,J1,600,677,1277
2020-02-19T00:00:00+09:00,J2,399,336,735
2020-02-19T00:00:00+09:00,J3,705,548,1253
2020-02-19T00:00:00+09:00,J4,875,740,1615
2020-02-19T00:00:00+09:00,J5,460,477,937
2020-02-19T00:15:00+09:00,J1,457,477,934
2020-02-19T00:15:00+09:00,J2,449,385,834
2020-02-19T00:15:00+09:00,J3,652,482,1134
2020-02-19T00:15:00+09:00,J4,616,594,1210
2020-02-19T00:15:00+09:00,J5,433,430,863
2020-02-19T00:30:00+09:00,J1,488,484,972
2020-02-19T00:30:00+09:00,J2,365,406,771
2020-02-19T00:30:00+09:00,J3,635,516,1151
2020-02-19T00:30:00+09:00,J4,449,538,987
2020-02-19T00:30:00+09:00,J5,361,403,764
2020-02-19T00:45:00+09:00,J1,421,491,912
2020-02-19T00:45:00+09:00,J2,356,370,726
2020-02-19T00:45:00+09:00,J3,609,482,1091
2020-02-19T00:45:00+09:00,J4,435,525,960
2020-02-19T00:45:00+09:00,J5,412,458,870
2020-02-19T05:45:00+09:00,J1,590,620,1210
2020-02-19T05:45:00+09:00,J2,283,290,573
2020-02-19T05:45:00+09:00,J3,485,451,936
2020-02-19T05:45:00+09:00,J4,442,490,932
2020-02-19T05:45:00+09:00,J5,376,349,725
2020-02-19T06:00:00+09:00,J1,609,623,1232
2020-02-19T06:00:00+09:00,J2,469,478,947
2020-02-19T06:00:00+09:00,J3,573,466,1039
2020-02-19T06:00:00+09:00,J4,511,627,1138
2020-02-19T06:00:00+09:00,J5,327,363,690
2020-02-19T06:15:00+09:00,J1,654,651,1305
2020-02-19T06:15:00+09:00,J2,477,515,992
2020-02-19T06:15:00+09:00,J3,646,511,1157
2020-02-19T06:15:00+09:00,J4,653,685,1338
2020-02-19T06:15:00+09:00,J5,373,344,717
2020-02-19T06:30:00+09:00,J1,724,697,1421
2020-02-19T06:30:00+09:00,J2,414,388,802
2020-02-19T06:30:00+09:00,J3,599,470,1069
2020-02-19T06:30:00+09:00,J4,567,641,1208
2020-02-19T06:30:00+09:00,J5,422,406,828
2020-02-19T06:45:00+09:00,J1,725,716,1441
2020-02-19T06:45:00+09:00,J2,274,309,583
2020-02-19T06:45:00+09:00,J3,613,516,1129
2020-02-19T06:45:00+09:00,J4,643,727,1370
2020-02-19T06:45:00+09:00,J5,382,408,790
2020-02-19T07:00:00+09:00,J1,688,796,1484
2020-02-19T07:00:00+09:00,J2,394,343,737
2020-02-19T07:00:00+09:00,J3,680,514,1194
2020-02-19T07:00:00+09:00,J4,680,761,1441
2020-02-19T07:00:00+09:00,J5,482,496,978
2020-02-19T07:15:00+09:00,J1,649,740,1389
2020-02-19T07:15:00+09:00,J2,448,377,825
2020-02-19T07:15:00+09:00,J3,781,601,1382
2020-02-19T07:15:00+09:00,J4,802,885,1687
2020-02-19T07:15:00+09:00,J5,589,577,1166
2020-02-19T07:30:00+09:00,J1,817,870,1687
2020-02-19T07:30:00+09:00,J2,549,589,1138
2020-02-19T07:30:00+09:00,J3,853,804,1657
2020-02-19T07:30:00+09:00,J4,867,1016,1883
2020-02-19T07:30:00+09:00,J5,614,652,1266
2020-02-19T07:45:00+09:00,J1,818,880,1698
2020-02-19T07:45:00+09:00,J2,594,460,1054
2020-02-19T07:45:00+09:00,J3,875,918,1793
2020-02-19T07:45:00+09:00,J4,1005,1103,2108
2020-02-19T07:45:00+09:00,J5,608,679,1287
2020-02-19T08:00:00+09:00,J1,913,915,1828
2020-02-19T08:00:00+09:00,J2,699,518,1217
2020-02-19T08:00:00+09:00,J3,1015,878,1893
2020-02-19T08:00:00+09:00,J4,1077,1107,2184
2020-02-19T08:00:00+09:00,J5,730,714,1444
2020-02-19T08:15:00+09:00,J1,927,940,1867
2020-02-19T08:15:00+09:00,J2,868,516,1384
2020-02-19T08:15:00+09:00,J3,1090,916,2006
2020-02-19T08:15:00+09:00,J4,1046,1157,2203
2020-02-19T08:15:00+09:00,J5,658,704,1362
2020-02-19T08:30:00+09:00,J1,980,946,1926
2020-02-19T08:30:00+09:00,J2,781,501,1282
2020-02-19T08:30:00+09:00,J3,1052,1031,2083
2020-02-19T08:30:00+09:00,J4,916,1177,2093
2020-02-19T08:30:00+09:00,J5,666,787,1453
2020-02-19T08:45:00+09:00,J1,971,1028,1999
2020-02-19T08:45:00+09:00,J2,627,519,1146
2020-02-19T08:45:00+09:00,J3,760,824,1584
2020-02-19T08:45:00+09:00,J4,994,1048,2042
2020-02-19T08:45:00+09:00,J5,456,509,965
2020-02-19T09:00:00+09:00,J1,958,1005,1963
2020-02-19T09:00:00+09:00,J2,506,377,883
2020-02-19T09:00:00+09:00,J3,620,674,1294
2020-02-19T09:00:00+09:00,J4,947,916,1863
2020-02-19T09:00:00+09:00,J5,413,460,873
2020-02-19T09:15:00+09:00,J1,935,851,1786
2020-02-19T09:15:00+09:00,J2,702,524,1226
2020-02-19T09:15:00+09:00,J3,618,719,1337
2020-02-19T09:15:00+09:00,J4,1070,992,2062
2020-02-19T09:15:00+09:00,J5,447,428,875
2020-02-19T09:30:00+09:00,J1,946,852,1798
2020-02-19T09:30:00+09:00,J2,554,505,1059
2020-02-19T09:30:00+09:00,J3,779,765,1544
2020-02-19T09:30:00+09:00,J4,949,987,1936
2020-02-19T09:30:00+09:00,J5,481,393,874
2020-02-19T09:45:00+09:00,J1,896,897,1793
2020-02-19T09:45:00+09:00,J2,477,437,914
2020-02-19T09:45:00+09:00,J3,736,673,1409
2020-02-19T09:45:00+09:00,J4,972,892,1864
2020-02-19T09:45:00+09:00,J5,540,449,989
2020-02-19T10:00:00+09:00,J1,929,928,1857
2020-02-19T10:00:00+09:00,J2,377,430,807
2020-02-19T10:00:00+09:00,J3,799,755,1554
2020-02-19T10:00:00+09:00,J4,942,870,1812
2020-02-19T10:00:00+09:00,J5,503,454,957
2020-02-19T10:15:00+09:00,J1,900,961,1861
2020-02-19T10:15:00+09:00,J2,443,399,842
2020-02-19T10:15:00+09:00,J3,755,672,1427
2020-02-19T10:15:00+09:00,J4,947,905,1852
2020-02-19T10:15:00+09:00,J5,456,442,898
2020-02-19T10:30:00+09:00,J1,958,917,1875
2020-02-19T10:30:00+09:00,J2,410,423,833
2020-02-19T10:30:00+09:00,J3,724,766,1490
2020-02-19T10:30:00+09:00,J4,938,958,1896
2020-02-19T10:30:00+09:00,J5,492,398,890
2020-02-19T10:45:00+09:00,J1,959,958,1917
2020-02-19T10:45:00+09:00,J2,441,370,811
2020-02-19T10:45:00+09:00,J3,852,755,1607
2020-02-19T10:45:00+09:00,J4,899,974,1873
2020-02-19T10:45:00+09:00,J5,473,398,871
2020-02-19T11:00:00+09:00,J1,916,877,1793
2020-02-19T11:00:00+09:00,J2,504,394,898
2020-02-19T11:00:00+09:00,J3,789,792,1581
2020-02-19T11:00:00+09:00,J4,953,916,1869
2020-02-19T11:00:00+09:00,J5,469,373,842
2020-02-19T11:15:00+09:00,J1,863,924,1787
2020-02-19T11:15:00+09:00,J2,505,540,1045
2020-02-19T11:15:00+09:00,J3,764,760,1524
2020-02-19T11:15:00+09:00,J4,996,945,1941
2020-02-19T11:15:00+09:00,J5,510,521,1031
2020-02-19T11:30:00+09:00,J1,860,939,1799
2020-02-19T11:30:00+09:00,J2,542,527,1069
2020-02-19T11:30:00+09:00,J3,856,688,1544
2020-02-19T11:30:00+09:00,J4,905,907,1812
2020-02-19T11:30:00+09:00,J5,634,701,1335
2020-02-19T11:45:00+09:00,J1,887,936,1823
2020-02-19T11:45:00+09:00,J2,606,521,1127
2020-02-19T11:45:00+09:00,J3,806,783,1589
2020-02-19T11:45:00+09:00,J4,928,867,1795
2020-02-19T11:45:00+09:00,J5,667,663,1330
2020-02-19T12:00:00+09:00,J1,844,905,1749
2020-02-19T12:00:00+09:00,J2,527,592,1119
2020-02-19T12:00:00+09:00,J3,996,816,1812
2020-02-19T12:00:00+09:00,J4,952,923,1875
2020-02-19T12:00:00+09:00,J5,739,728,1467
2020-02-19T12:15:00+09:00,J1,878,914,1792
2020-02-19T12:15:00+09:00,J2,549,543,1092
2020-02-19T12:15:00+09:00,J3,920,915,1835
2020-02-19T12:15:00+09:00,J4,880,1072,1952
2020-02-19T12:15:00+09:00,J5,628,649,1277
2020-02-19T12:30:00+09:00,J1,875,875,1750
2020-02-19T12:30:00+09:00,J2,574,539,1113
2020-02-19T12:30:00+09:00,J3,948,863,1811
2020-02-19T12:30:00+09:00,J4,865,1066,1931
2020-02-19T12:30:00+09:00,J5,417,489,906
2020-02-19T12:45:00+09:00,J1,871,937,1808
2020-02-19T12:45:00+09:00,J2,553,477,1030
2020-02-19T12:45:00+09:00,J3,958,818,1776
2020-02-19T12:45:00+09:00,J4,908,979,1887
2020-02-19T12:45:00+09:00,J5,357,431,788
2020-02-19T13:00:00+09:00,J1,918,934,1852
2020-02-19T13:00:00+09:00,J2,551,505,1056
2020-02-19T13:00:00+09:00,J3,940,807,1747
2020-02-19T13:00:00+09:00,J4,871,940,1811
2020-02-19T13:00:00+09:00,J5,338,429,767
2020-02-19T13:15:00+09:00,J1,872,993,1865
2020-02-19T13:15:00+09:00,J2,483,510,993
2020-02-19T13:15:00+09:00,J3,983,707,1690
2020-02-19T13:15:00+09:00,J4,842,933,1775
2020-02-19T13:15:00+09:00,J5,373,361,734
2020-02-19T13:30:00+09:00,J1,879,940,1819
2020-02-19T13:30:00+09:00,J2,521,534,1055
2020-02-19T13:30:00+09:00,J3,988,767,1755
2020-02-19T13:30:00+09:00,J4,854,957,1811
2020-02-19T13:30:00+09:00,J5,422,352,774
2020-02-19T13:45:00+09:00,J1,899,956,1855
2020-02-19T13:45:00+09:00,J2,420,478,898
2020-02-19T13:45:00+09:00,J3,950,754,1704
2020-02-19T13:45:00+09:00,J4,808,911,1719
2020-02-19T13:45:00+09:00,J5,322,385,707
2020-02-19T14:00:00+09:00,J1,871,873,1744
2020-02-19T14:00:00+09:00,J2,468,492,960
2020-02-19T14:00:00+09:00,J3,904,693,1597
2020-02-19T14:00:00+09:00,J4,779,842,1621
2020-02-19T14:00:00+09:00,J5,494,586,1080
2020-02-19T14:15:00+09:00,J1,917,948,1865
2020-02-19T14:15:00+09:00,J2,488,533,1021
2020-02-19T14:15:00+09:00,J3,907,789,1696
2020-02-19T14:15:00+09:00,J4,777,844,1621
2020-02-19T14:15:00+09:00,J5,618,710,1328
2020-02-19T14:30:00+09:00,J1,892,983,1875
2020-02-19T14:30:00+09:00,J2,566,535,1101
2020-02-19T14:30:00+09:00,J3,965,742,1707
2020-02-19T14:30:00+09:00,J4,748,886,1634
2020-02-19T14:30:00+09:00,J5,652,653,1305
2020-02-19T14:45:00+09:00,J1,935,993,1928
2020-02-19T14:45:00+09:00,J2,518,551,1069
2020-02-19T14:45:00+09:00,J3,880,813,1693
2020-02-19T14:45:00+09:00,J4,781,807,1588
2020-02-19T14:45:00+09:00,J5,535,581,1116
2020-02-19T15:00:00+09:00,J1,949,971,1920
2020-02-19T15:00:00+09:00,J2,585,582,1167
2020-02-19T15:00:00+09:00,J3,894,785,1679
2020-02-19T15:00:00+09:00,J4,734,798,1532
2020-02-19T15:00:00+09:00,J5,412,459,871
2020-02-19T15:15:00+09:00,J1,918,921,1839
2020-02-19T15:15:00+09:00,J2,557,632,1189
2020-02-19T15:15:00+09:00,J3,893,781,1674
2020-02-19T15:15:00+09:00,J4,806,803,1609
2020-02-19T15:15:00+09:00,J5,411,408,819
2020-02-19T15:30:00+09:00,J1,881,922,1803
2020-02-19T15:30:00+09:00,J2,561,673,1234
2020-02-19T15:30:00+09:00,J3,922,780,1702
2020-02-19T15:30:00+09:00,J4,697,784,1481
2020-02-19T15:30:00+09:00,J5,341,469,810
2020-02-19T15:45:00+09:00,J1,911,976,1887
2020-02-19T15:45:00+09:00,J2,566,628,1194
2020-02-19T15:45:00+09:00,J3,887,823,1710
2020-02-19T15:45:00+09:00,J4,735,851,1586
2020-02-19T15:45:00+09:00,J5,374,434,808
2020-02-19T16:00:00+09:00,J1,856,1023,1879
2020-02-19T16:00:00+09:00,J2,661,592,1253
2020-02-19T16:00:00+09:00,J3,901,767,1668
2020-02-19T16:00:00+09:00,J4,756,863,1619
2020-02-19T16:00:00+09:00,J5,405,478,883
2020-02-19T16:15:00+09:00,J1,881,980,1861
2020-02-19T16:15:00+09:00,J2,606,601,1207
2020-02-19T16:15:00+09:00,J3,921,780,1701
2020-02-19T16:15:00+09:00,J4,754,763,1517
2020-02-19T16:15:00+09:00,J5,427,505,932
2020-02-19T16:30:00+09:00,J1,878,968,1846
2020-02-19T16:30:00+09:00,J2,628,585,1213
2020-02-19T16:30:00+09:00,J3,941,728,1669
2020-02-19T16:30:00+09:00,J4,755,829,1584
2020-02-19T16:30:00+09:00,J5,373,465,838
2020-02-19T16:45:00+09:00,J1,946,1000,1946
2020-02-19T16:45:00+09:00,J2,545,584,1129
2020-02-19T16:45:00+09:00,J3,997,684,1681
2020-02-19T16:45:00+09:00,J4,709,766,1475
2020-02-19T16:45:00+09:00,J5,411,448,859
2020-02-19T17:00:00+09:00,J1,953,989,1942
2020-02-19T17:00:00+09:00,J2,444,551,995
2020-02-19T17:00:00+09:00,J3,995,743,1738
2020-02-19T17:00:00+09:00,J4,780,783,1563
2020-02-19T17:00:00+09:00,J5,422,557,979
2020-02-19T17:15:00+09:00,J1,979,964,1943
2020-02-19T17:15:00+09:00,J2,519,587,1106
2020-02-19T17:15:00+09:00,J3,1019,900,1919
2020-02-19T17:15:00+09:00,J4,766,789,1555
2020-02-19T17:15:00+09:00,J5,480,733,1213
2020-02-19T17:30:00+09:00,J1,951,1042,1993
2020-02-19T17:30:00+09:00,J2,575,650,1225
2020-02-19T17:30:00+09:00,J3,1001,951,1952
2020-02-19T17:30:00+09:00,J4,911,837,1748
2020-02-19T17:30:00+09:00,J5,495,700,1195
2020-02-19T17:45:00+09:00,J1,1007,1034,2041
2020-02-19T17:45:00+09:00,J2,662,772,1434
2020-02-19T17:45:00+09:00,J3,1142,959,2101
2020-02-19T17:45:00+09:00,J4,981,863,1844
2020-02-19T17:45:00+09:00,J5,470,632,1102
2020-02-19T18:00:00+09:00,J1,1052,961,2013
2020-02-19T18:00:00+09:00,J2,673,730,1403
2020-02-19T18:00:00+09:00,J3,1133,926,2059
2020-02-19T18:00:00+09:00,J4,941,724,1665
2020-02-19T18:00:00+09:00,J5,442,561,1003
2020-02-19T18:15:00+09:00,J1,1051,1003,2054
2020-02-19T18:15:00+09:00,J2,683,731,1414
2020-02-19T18:15:00+09:00,J3,1163,839,2002
2020-02-19T18:15:00+09:00,J4,953,835,1788
2020-02-19T18:15:00+09:00,J5,417,609,1026
2020-02-19T18:30:00+09:00,J1,993,952,1945
2020-02-19T18:30:00+09:00,J2,519,509,1028
2020-02-19T18:30:00+09:00,J3,942,812,1754
2020-02-19T18:30:00+09:00,J4,985,931,1916
2020-02-19T18:30:00+09:00,J5,413,461,874
2020-02-19T18:45:00+09:00,J1,967,935,1902
2020-02-19T18:45:00+09:00,J2,483,327,810
2020-02-19T18:45:00+09:00,J3,1038,783,1821
2020-02-19T18:45:00+09:00,J4,1031,1011,2042
2020-02-19T18:45:00+09:00,J5,348,413,761
2020-02-19T19:00:00+09:00,J1,837,910,1747
2020-02-19T19:00:00+09:00,J2,557,479,1036
2020-02-19T19:00:00+09:00,J3,818,787,1605
2020-02-19T19:00:00+09:00,J4,1029,984,2013
2020-02-19T19:00:00+09:00,J5,391,389,780
2020-02-19T19:15:00+09:00,J1,895,904,1799
2020-02-19T19:15:00+09:00,J2,522,496,1018
2020-02-19T19:15:00+09:00,J3,821,764,1585
2020-02-19T19:15:00+09:00,J4,979,946,1925
2020-02-19T19:15:00+09:00,J5,434,398,832
2020-02-19T19:30:00+09:00,J1,881,876,1757
2020-02-19T19:30:00+09:00,J2,485,384,869
2020-02-19T19:30:00+09:00,J3,759,729,1488
2020-02-19T19:30:00+09:00,J4,1025,871,1896
2020-02-19T19:30:00+09:00,J5,395,359,754
2020-02-19T19:45:00+09:00,J1,873,904,1777
2020-02-19T19:45:00+09:00,J2,414,359,773
2020-02-19T19:45:00+09:00,J3,729,701,1430
2020-02-19T19:45:00+09:00,J4,990,910,1900
2020-02-19T19:45:00+09:00,J5,399,330,729
2020-02-19T20:00:00+09:00,J1,826,877,1703
2020-02-19T20:00:00+09:00,J2,535,361,896
2020-02-19T20:00:00+09:00,J3,802,710,1512
2020-02-19T20:00:00+09:00,J4,1009,910,1919
2020-02-19T20:00:00+09:00,J5,376,368,744
2020-02-19T20:15:00+09:00,J1,868,887,1755
2020-02-19T20:15:00+09:00,J2,490,423,913
2020-02-19T20:15:00+09:00,J3,739,710,1449
2020-02-19T20:15:00+09:00,J4,883,831,1714
2020-02-19T20:15:00+09:00,J5,397,338,735
2020-02-19T20:30:00+09:00,J1,808,959,1767
2020-02-19T20:30:00+09:00,J2,509,409,918
2020-02-19T20:30:00+09:00,J3,784,706,1490
2020-02-19T20:30:00+09:00,J4,811,881,1692
2020-02-19T20:30:00+09:00,J5,385,359,744
2020-02-19T20:45:00+09:00,J1,830,931,1761
2020-02-19T20:45:00+09:00,J2,416,298,714
2020-02-19T20:45:00+09:00,J3,657,717,1374
2020-02-19T20:45:00+09:00,J4,875,830,1705
2020-02-19T20:45:00+09:00,J5,372,319,691
2020-02-19T21:00:00+09:00,J1,716,837,1553
2020-02-19T21:00:00+09:00,J2,456,393,849
2020-02-19T21:00:00+09:00,J3,813,676,1489
2020-02-19T21:00:00+09:00,J4,846,849,1695
2020-02-19T21:00:00+09:00,J5,406,319,725
2020-02-19T21:15:00+09:00,J1,750,820,1570
2020-02-19T21:15:00+09:00,J2,468,475,943
2020-02-19T21:15:00+09:00,J3,702,578,1280
2020-02-19T21:15:00+09:00,J4,932,892,1824
2020-02-19T21:15:00+09:00,J5,423,360,783
2020-02-19T21:30:00+09:00,J1,721,784,1505
2020-02-19T21:30:00+09:00,J2,430,361,791
2020-02-19T21:30:00+09:00,J3,587,491,1078
2020-02-19T21:30:00+09:00,J4,951,908,1859
2020-02-19T21:30:00+09:00,J5,433,381,814
2020-02-19T21:45:00+09:00,J1,742,827,1569
2020-02-19T21:45:00+09:00,J2,416,480,896
2020-02-19T21:45:00+09:00,J3,546,470,1016
2020-02-19T21:45:00+09:00,J4,957,811,1768
2020-02-19T21:45:00+09:00,J5,445,420,865
2020-02-19T22:00:00+09:00,J1,713,796,1509
2020-02-19T22:00:00+09:00,J2,449,454,903
2020-02-19T22:00:00+09:00,J3,558,539,1097
2020-02-19T22:00:00+09:00,J4,944,838,1782
2020-02-19T22:00:00+09:00,J5,451,517,968
2020-02-19T22:15:00+09:00,J1,702,826,1528
2020-02-19T22:15:00+09:00,J2,492,532,1024
2020-02-19T22:15:00+09:00,J3,559,522,1081
2020-02-19T22:15:00+09:00,J4,915,863,1778
2020-02-19T22:15:00+09:00,J5,542,542,1084
2020-02-19T22:30:00+09:00,J1,705,815,1520
2020-02-19T22:30:00+09:00,J2,525,526,1051
2020-02-19T22:30:00+09:00,J3,568,535,1103
2020-02-19T22:30:00+09:00,J4,891,827,1718
2020-02-19T22:30:00+09:00,J5,598,598,1196
2020-02-19T22:45:00+09:00,J1,690,781,1471
2020-02-19T22:45:00+09:00,J2,490,501,991
2020-02-19T22:45:00+09:00,J3,583,583,1166
2020-02-19T22:45:00+09:00,J4,928,928,1856
2020-02-19T22:45:00+09:00,J5,608,618,1226
2020-02-19T23:00:00+09:00,J1,737,818,1555
2020-02-19T23:00:00+09:00,J2,499,498,997
2020-02-19T23:00:00+09:00,J3,637,617,1254
2020-02-19T23:00:00+09:00,J4,1010,946,1956
2020-02-19T23:00:00+09:00,J5,640,589,1229
2020-02-19T23:15:00+09:00,J1,717,814,1531
2020-02-19T23:15:00+09:00,J2,464,527,991
2020-02-19T23:15:00+09:00,J3,564,600,1164
2020-02-19T23:15:00+09:00,J4,993,847,1840
2020-02-19T23:15:00+09:00,J5,633,589,1222
2020-02-19T23:30:00+09:00,J1,645,757,1402
2020-02-19T23:30:00+09:00,J2,432,452,884
2020-02-19T23:30:00+09:00,J3,459,534,993
2020-02-19T23:30:00+09:00,J4,905,889,1794
2020-02-19T23:30:00+09:00,J5,616,554,1170
2020-02-19T23:45:00+09:00,J1,650,789,1439
2020-02-19T23:45:00+09:00,J2,393,367,760
2020-02-19T23:45:00+09:00,J3,505,511,1016
2020-02-19T23:45:00+09:00,J4,870,756,1626
2020-02-19T23:45:00+09:00,J5,613,616,1229
2020-02-20T00:00:00+09:00,J1,530,618,1148
2020-02-20T00:00:00+09:00,J2,503,494,997
2020-02-20T00:00:00+09:00,J3,585,614,1199
2020-02-20T00:00:00+09:00,J4,864,789,1653
2020-02-20T00:00:00+09:00,J5,533,573,1106
2020-02-20T00:15:00+09:00,J1,479,477,956
2020-02-20T00:15:00+09:00,J2,472,468,940
2020-02-20T00:15:00+09:00,J3,595,558,1153
2020-02-20T00:15:00+09:00,J4,710,728,1438
2020-02-20T00:15:00+09:00,J5,382,376,758
2020-02-20T00:30:00+09:00,J1,410,411,821
2020-02-20T00:30:00+09:00,J2,419,441,860
2020-02-20T00:30:00+09:00,J3,589,525,1114
2020-02-20T00:30:00+09:00,J4,623,591,1214
2020-02-20T00:30:00+09:00,J5,379,320,699
2020-02-20T00:45:00+09:00,J1,372,404,776
2020-02-20T00:45:00+09:00,J2,454,396,850
2020-02-20T00:45:00+09:00,J3,612,485,1097
2020-02-20T00:45:00+09:00,J4,617,775,1392
2020-02-20T00:45:00+09:00,J5,422,396,818
2020-02-20T05:45:00+09:00,J1,594,603,1197
2020-02-20T05:45:00+09:00,J2,277,281,558
2020-02-20T05:45:00+09:00,J3,553,428,981
2020-02-20T05:45:00+09:00,J4,463,541,1004
2020-02-20T05:45:00+09:00,J5,426,399,825
2020-02-20T06:00:00+09:00,J1,590,541,1131
2020-02-20T06:00:00+09:00,J2,322,349,671
2020-02-20T06:00:00+09:00,J3,634,487,1121
2020-02-20T06:00:00+09:00,J4,628,707,1335
2020-02-20T06:00:00+09:00,J5,385,369,754
2020-02-20T06:15:00+09:00,J1,701,723,1424
2020-02-20T06:15:00+09:00,J2,367,292,659
2020-02-20T06:15:00+09:00,J3,724,489,1213
2020-02-20T06:15:00+09:00,J4,679,717,1396
2020-02-20T06:15:00+09:00,J5,421,435,856
2020-02-20T06:30:00+09:00,J1,678,683,1361
2020-02-20T06:30:00+09:00,J2,309,324,633
2020-02-20T06:30:00+09:00,J3,617,507,1124
2020-02-20T06:30:00+09:00,J4,692,639,1331
2020-02-20T06:30:00+09:00,J5,423,430,853
2020-02-20T06:45:00+09:00,J1,664,698,1362
2020-02-20T06:45:00+09:00,J2,306,317,623
2020-02-20T06:45:00+09:00,J3,646,527,1173
2020-02-20T06:45:00+09:00,J4,722,838,1560
2020-02-20T06:45:00+09:00,J5,479,496,975
2020-02-20T07:00:00+09:00,J1,798,746,1544
2020-02-20T07:00:00+09:00,J2,346,314,660
2020-02-20T07:00:00+09:00,J3,660,566,1226
2020-02-20T07:00:00+09:00,J4,940,872,1812
2020-02-20T07:00:00+09:00,J5,523,475,998
2020-02-20T07:15:00+09:00,J1,814,730,1544
2020-02-20T07:15:00+09:00,J2,369,325,694
2020-02-20T07:15:00+09:00,J3,704,624,1328
2020-02-20T07:15:00+09:00,J4,913,910,1823
2020-02-20T07:15:00+09:00,J5,573,564,1137
2020-02-20T07:30:00+09:00,J1,782,805,1587
2020-02-20T07:30:00+09:00,J2,398,442,840
2020-02-20T07:30:00+09:00,J3,849,760,1609
2020-02-20T07:30:00+09:00,J4,963,987,1950
2020-02-20T07:30:00+09:00,J5,537,549,1086
2020-02-20T07:45:00+09:00,J1,778,889,1667
2020-02-20T07:45:00+09:00,J2,652,507,1159
2020-02-20T07:45:00+09:00,J3,944,835,1779
2020-02-20T07:45:00+09:00,J4,1047,988,2035
2020-02-20T07:45:00+09:00,J5,630,703,1333
2020-02-20T08:00:00+09:00,J1,909,917,1826
2020-02-20T08:00:00+09:00,J2,679,531,1210
2020-02-20T08:00:00+09:00,J3,1058,856,1914
2020-02-20T08:00:00+09:00,J4,979,1147,2126
2020-02-20T08:00:00+09:00,J5,657,714,1371
2020-02-20T08:15:00+09:00,J1,934,957,1891
2020-02-20T08:15:00+09:00,J2,833,443,1276
2020-02-20T08:15:00+09:00,J3,1086,943,2029
2020-02-20T08:15:00+09:00,J4,908,1217,2125
2020-02-20T08:15:00+09:00,J5,627,744,1371
2020-02-20T08:30:00+09:00,J1,954,1041,1995
2020-02-20T08:30:00+09:00,J2,810,505,1315
2020-02-20T08:30:00+09:00,J3,992,983,1975
2020-02-20T08:30:00+09:00,J4,850,1262,2112
2020-02-20T08:30:00+09:00,J5,712,761,1473
2020-02-20T08:45:00+09:00,J1,999,1006,2005
2020-02-20T08:45:00+09:00,J2,704,406,1110
2020-02-20T08:45:00+09:00,J3,851,799,1650
2020-02-20T08:45:00+09:00,J4,958,1071,2029
2020-02-20T08:45:00+09:00,J5,569,595,1164
2020-02-20T09:00:00+09:00,J1,1009,1023,2032
2020-02-20T09:00:00+09:00,J2,563,373,936
2020-02-20T09:00:00+09:00,J3,798,694,1492
2020-02-20T09:00:00+09:00,J4,915,988,1903
2020-02-20T09:00:00+09:00,J5,547,541,1088
2020-02-20T09:15:00+09:00,J1,964,897,1861
2020-02-20T09:15:00+09:00,J2,579,445,1024
2020-02-20T09:15:00+09:00,J3,720,756,1476
2020-02-20T09:15:00+09:00,J4,1023,1002,2025
2020-02-20T09:15:00+09:00,J5,437,463,900
2020-02-20T09:30:00+09:00,J1,921,863,1784
2020-02-20T09:30:00+09:00,J2,578,475,1053
2020-02-20T09:30:00+09:00,J3,781,818,1599
2020-02-20T09:30:00+09:00,J4,972,1004,1976
2020-02-20T09:30:00+09:00,J5,449,427,876
2020-02-20T09:45:00+09:00,J1,927,881,1808
2020-02-20T09:45:00+09:00,J2,544,469,1013
2020-02-20T09:45:00+09:00,J3,744,829,1573
2020-02-20T09:45:00+09:00,J4,1003,947,1950
2020-02-20T09:45:00+09:00,J5,526,442,968
2020-02-20T10:00:00+09:00,J1,904,904,1808
2020-02-20T10:00:00+09:00,J2,454,414,868
2020-02-20T10:00:00+09:00,J3,677,753,1430
2020-02-20T10:00:00+09:00,J4,926,965,1891
2020-02-20T10:00:00+09:00,J5,449,432,881
2020-02-20T10:15:00+09:00,J1,919,925,1844
2020-02-20T10:15:00+09:00,J2,420,400,820
2020-02-20T10:15:00+09:00,J3,728,760,1488
2020-02-20T10:15:00+09:00,J4,999,965,1964
2020-02-20T10:15:00+09:00,J5,501,405,906
2020-02-20T10:30:00+09:00,J1,932,877,1809
2020-02-20T10:30:00+09:00,J2,470,407,877
2020-02-20T10:30:00+09:00,J3,732,791,1523
2020-02-20T10:30:00+09:00,J4,934,929,1863
2020-02-20T10:30:00+09:00,J5,461,399,860
2020-02-20T10:45:00+09:00,J1,942,957,1899
2020-02-20T10:45:00+09:00,J2,426,448,874
2020-02-20T10:45:00+09:00,J3,746,796,1542
2020-02-20T10:45:00+09:00,J4,946,871,1817
2020-02-20T10:45:00+09:00,J5,467,362,829
2020-02-20T11:00:00+09:00,J1,999,957,1956
2020-02-20T11:00:00+09:00,J2,435,421,856
2020-02-20T11:00:00+09:00,J3,752,830,1582
2020-02-20T11:00:00+09:00,J4,975,876,1851
2020-02-20T11:00:00+09:00,J5,460,351,811
2020-02-20T11:15:00+09:00,J1,923,981,1904
2020-02-20T11:15:00+09:00,J2,496,462,958
2020-02-20T11:15:00+09:00,J3,863,760,1623
2020-02-20T11:15:00+09:00,J4,1000,955,1955
2020-02-20T11:15:00+09:00,J5,465,498,963
2020-02-20T11:30:00+09:00,J1,906,909,1815
2020-02-20T11:30:00+09:00,J2,455,482,937
2020-02-20T11:30:00+09:00,J3,836,703,1539
2020-02-20T11:30:00+09:00,J4,941,924,1865
2020-02-20T11:30:00+09:00,J5,615,635,1250
2020-02-20T11:45:00+09:00,J1,936,984,1920
2020-02-20T11:45:00+09:00,J2,380,388,768
2020-02-20T11:45:00+09:00,J3,863,713,1576
2020-02-20T11:45:00+09:00,J4,820,947,1767
2020-02-20T11:45:00+09:00,J5,663,649,1312
2020-02-20T12:00:00+09:00,J1,925,999,1924
2020-02-20T12:00:00+09:00,J2,499,445,944
2020-02-20T12:00:00+09:00,J3,878,717,1595
2020-02-20T12:00:00+09:00,J4,824,954,1778
2020-02-20T12:00:00+09:00,J5,656,738,1394
2020-02-20T12:15:00+09:00,J1,911,1001,1912
2020-02-20T12:15:00+09:00,J2,450,412,862
2020-02-20T12:15:00+09:00,J3,810,689,1499
2020-02-20T12:15:00+09:00,J4,756,920,1676
2020-02-20T12:15:00+09:00,J5,706,697,1403
2020-02-20T12:30:00+09:00,J1,903,1019,1922
2020-02-20T12:30:00+09:00,J2,571,520,1091
2020-02-20T12:30:00+09:00,J3,812,864,1676
2020-02-20T12:30:00+09:00,J4,700,944,1644
2020-02-20T12:30:00+09:00,J5,527,604,1131
2020-02-20T12:45:00+09:00,J1,934,996,1930
2020-02-20T12:45:00+09:00,J2,545,463,1008
2020-02-20T12:45:00+09:00,J3,857,855,1712
2020-02-20T12:45:00+09:00,J4,705,903,1608
2020-02-20T12:45:00+09:00,J5,444,493,937
2020-02-20T13:00:00+09:00,J1,879,1016,1895
2020-02-20T13:00:00+09:00,J2,456,425,881
2020-02-20T13:00:00+09:00,J3,919,906,1825
2020-02-20T13:00:00+09:00,J4,669,918,1587
2020-02-20T13:00:00+09:00,J5,374,495,869
2020-02-20T13:15:00+09:00,J1,845,1024,1869
2020-02-20T13:15:00+09:00,J2,545,514,1059
2020-02-20T13:15:00+09:00,J3,882,922,1804
2020-02-20T13:15:00+09:00,J4,687,911,1598
2020-02-20T13:15:00+09:00,J5,355,422,777
2020-02-20T13:30:00+09:00,J1,962,991,1953
2020-02-20T13:30:00+09:00,J2,481,462,943
2020-02-20T13:30:00+09:00,J3,851,917,1768
2020-02-20T13:30:00+09:00,J4,674,866,1540
2020-02-20T13:30:00+09:00,J5,341,397,738
2020-02-20T13:45:00+09:00,J1,927,942,1869
2020-02-20T13:45:00+09:00,J2,471,491,962
2020-02-20T13:45:00+09:00,J3,876,866,1742
2020-02-20T13:45:00+09:00,J4,659,871,1530
2020-02-20T13:45:00+09:00,J5,360,466,826
2020-02-20T14:00:00+09:00,J1,920,996,1916
2020-02-20T14:00:00+09:00,J2,497,438,935
2020-02-20T14:00:00+09:00,J3,897,867,1764
2020-02-20T14:00:00+09:00,J4,627,758,1385
2020-02-20T14:00:00+09:00,J5,562,602,1164
2020-02-20T14:15:00+09:00,J1,915,956,1871
2020-02-20T14:15:00+09:00,J2,531,497,1028
2020-02-20T14:15:00+09:00,J3,786,865,1651
2020-02-20T14:15:00+09:00,J4,657,832,1489
2020-02-20T14:15:00+09:00,J5,704,644,1348
2020-02-20T14:30:00+09:00,J1,912,1012,1924
2020-02-20T14:30:00+09:00,J2,498,473,971
2020-02-20T14:30:00+09:00,J3,785,893,1678
2020-02-20T14:30:00+09:00,J4,628,765,1393
2020-02-20T14:30:00+09:00,J5,699,695,1394
2020-02-20T14:45:00+09:00,J1,960,983,1943
2020-02-20T14:45:00+09:00,J2,535,526,1061
2020-02-20T14:45:00+09:00,J3,803,897,1700
2020-02-20T14:45:00+09:00,J4,611,657,1268
2020-02-20T14:45:00+09:00,J5,628,660,1288
2020-02-20T15:00:00+09:00,J1,965,1020,1985
2020-02-20T15:00:00+09:00,J2,462,475,937
2020-02-20T15:00:00+09:00,J3,764,836,1600
2020-02-20T15:00:00+09:00,J4,635,692,1327
2020-02-20T15:00:00+09:00,J5,562,565,1127
2020-02-20T15:15:00+09:00,J1,934,1010,1944
2020-02-20T15:15:00+09:00,J2,512,537,1049
2020-02-20T15:15:00+09:00,J3,789,870,1659
2020-02-20T15:15:00+09:00,J4,628,709,1337
2020-02-20T15:15:00+09:00,J5,575,581,1156
2020-02-20T15:30:00+09:00,J1,948,983,1931
2020-02-20T15:30:00+09:00,J2,491,487,978
2020-02-20T15:30:00+09:00,J3,752,857,1609
2020-02-20T15:30:00+09:00,J4,619,719,1338
2020-02-20T15:30:00+09:00,J5,519,635,1154
2020-02-20T15:45:00+09:00,J1,898,1038,1936
2020-02-20T15:45:00+09:00,J2,464,479,943
2020-02-20T15:45:00+09:00,J3,790,791,1581
2020-02-20T15:45:00+09:00,J4,695,714,1409
2020-02-20T15:45:00+09:00,J5,547,570,1117
2020-02-20T16:00:00+09:00,J1,920,1022,1942
2020-02-20T16:00:00+09:00,J2,461,442,903
2020-02-20T16:00:00+09:00,J3,857,873,1730
2020-02-20T16:00:00+09:00,J4,595,624,1219
2020-02-20T16:00:00+09:00,J5,547,587,1134
2020-02-20T16:15:00+09:00,J1,923,994,1917
2020-02-20T16:15:00+09:00,J2,487,480,967
2020-02-20T16:15:00+09:00,J3,756,825,1581
2020-02-20T16:15:00+09:00,J4,610,774,1384
2020-02-20T16:15:00+09:00,J5,531,604,1135
2020-02-20T16:30:00+09:00,J1,959,1008,1967
2020-02-20T16:30:00+09:00,J2,492,459,951
2020-02-20T16:30:00+09:00,J3,909,770,1679
2020-02-20T16:30:00+09:00,J4,624,727,1351
2020-02-20T16:30:00+09:00,J5,552,520,1072
2020-02-20T16:45:00+09:00,J1,893,1072,1965
2020-02-20T16:45:00+09:00,J2,484,459,943
2020-02-20T16:45:00+09:00,J3,959,755,1714
2020-02-20T16:45:00+09:00,J4,661,751,1412
2020-02-20T16:45:00+09:00,J5,525,514,1039
2020-02-20T17:00:00+09:00,J1,993,1000,1993
2020-02-20T17:00:00+09:00,J2,472,460,932
2020-02-20T17:00:00+09:00,J3,997,865,1862
2020-02-20T17:00:00+09:00,J4,716,724,1440
2020-02-20T17:00:00+09:00,J5,544,589,1133
2020-02-20T17:15:00+09:00,J1,1022,975,1997
2020-02-20T17:15:00+09:00,J2,491,417,908
2020-02-20T17:15:00+09:00,J3,990,824,1814
2020-02-20T17:15:00+09:00,J4,827,812,1639
2020-02-20T17:15:00+09:00,J5,593,683,1276
2020-02-20T17:30:00+09:00,J1,1021,1030,2051
2020-02-20T17:30:00+09:00,J2,570,391,961
2020-02-20T17:30:00+09:00,J3,1014,781,1795
2020-02-20T17:30:00+09:00,J4,924,748,1672
2020-02-20T17:30:00+09:00,J5,495,752,1247
2020-02-20T17:45:00+09:00,J1,1012,984,1996
2020-02-20T17:45:00+09:00,J2,519,423,942
2020-02-20T17:45:00+09:00,J3,1044,909,1953
2020-02-20T17:45:00+09:00,J4,1032,826,1858
2020-02-20T17:45:00+09:00,J5,508,674,1182
2020-02-20T18:00:00+09:00,J1,977,1041,2018
2020-02-20T18:00:00+09:00,J2,509,379,888
2020-02-20T18:00:00+09:00,J3,1046,901,1947
2020-02-20T18:00:00+09:00,J4,873,688,1561
2020-02-20T18:00:00+09:00,J5,432,554,986
2020-02-20T18:15:00+09:00,J1,1014,932,1946
2020-02-20T18:15:00+09:00,J2,549,463,1012
2020-02-20T18:15:00+09:00,J3,1053,852,1905
2020-02-20T18:15:00+09:00,J4,923,743,1666
2020-02-20T18:15:00+09:00,J5,442,591,1033
2020-02-20T18:30:00+09:00,J1,964,884,1848
2020-02-20T18:30:00+09:00,J2,537,488,1025
2020-02-20T18:30:00+09:00,J3,1005,818,1823
2020-02-20T18:30:00+09:00,J4,875,852,1727
2020-02-20T18:30:00+09:00,J5,411,526,937
2020-02-20T18:45:00+09:00,J1,886,857,1743
2020-02-20T18:45:00+09:00,J2,470,550,1020
2020-02-20T18:45:00+09:00,J3,881,830,1711
2020-02-20T18:45:00+09:00,J4,840,916,1756
2020-02-20T18:45:00+09:00,J5,383,486,869
2020-02-20T19:00:00+09:00,J1,879,840,1719
2020-02-20T19:00:00+09:00,J2,507,532,1039
2020-02-20T19:00:00+09:00,J3,837,708,1545
2020-02-20T19:00:00+09:00,J4,852,952,1804
2020-02-20T19:00:00+09:00,J5,419,431,850
2020-02-20T19:15:00+09:00,J1,874,919,1793
2020-02-20T19:15:00+09:00,J2,502,470,972
2020-02-20T19:15:00+09:00,J3,796,678,1474
2020-02-20T19:15:00+09:00,J4,910,952,1862
2020-02-20T19:15:00+09:00,J5,431,435,866
2020-02-20T19:30:00+09:00,J1,837,812,1649
2020-02-20T19:30:00+09:00,J2,510,396,906
2020-02-20T19:30:00+09:00,J3,801,680,1481
2020-02-20T19:30:00+09:00,J4,926,873,1799
2020-02-20T19:30:00+09:00,J5,409,335,744
2020-02-20T19:45:00+09:00,J1,829,894,1723
2020-02-20T19:45:00+09:00,J2,468,368,836
2020-02-20T19:45:00+09:00,J3,785,717,1502
2020-02-20T19:45:00+09:00,J4,927,827,1754
2020-02-20T19:45:00+09:00,J5,365,336,701
2020-02-20T20:00:00+09:00,J1,846,845,1691
2020-02-20T20:00:00+09:00,J2,471,355,826
2020-02-20T20:00:00+09:00,J3,705,645,1350
2020-02-20T20:00:00+09:00,J4,951,822,1773
2020-02-20T20:00:00+09:00,J5,374,380,754
2020-02-20T20:15:00+09:00,J1,865,920,1785
2020-02-20T20:15:00+09:00,J2,452,481,933
2020-02-20T20:15:00+09:00,J3,772,632,1404
2020-02-20T20:15:00+09:00,J4,1010,889,1899
2020-02-20T20:15:00+09:00,J5,403,339,742
2020-02-20T20:30:00+09:00,J1,866,881,1747
2020-02-20T20:30:00+09:00,J2,433,454,887
2020-02-20T20:30:00+09:00,J3,763,666,1429
2020-02-20T20:30:00+09:00,J4,1073,858,1931
2020-02-20T20:30:00+09:00,J5,380,331,711
2020-02-20T20:45:00+09:00,J1,848,870,1718
2020-02-20T20:45:00+09:00,J2,465,518,983
2020-02-20T20:45:00+09:00,J3,771,778,1549
2020-02-20T20:45:00+09:00,J4,827,830,1657
2020-02-20T20:45:00+09:00,J5,382,323,705
2020-02-20T21:00:00+09:00,J1,802,900,1702
2020-02-20T21:00:00+09:00,J2,542,543,1085
2020-02-20T21:00:00+09:00,J3,794,676,1470
2020-02-20T21:00:00+09:00,J4,925,839,1764
2020-02-20T21:00:00+09:00,J5,354,378,732
2020-02-20T21:15:00+09:00,J1,818,931,1749
2020-02-20T21:15:00+09:00,J2,521,588,1109
2020-02-20T21:15:00+09:00,J3,737,620,1357
2020-02-20T21:15:00+09:00,J4,877,882,1759
2020-02-20T21:15:00+09:00,J5,407,348,755
2020-02-20T21:30:00+09:00,J1,752,862,1614
2020-02-20T21:30:00+09:00,J2,614,532,1146
2020-02-20T21:30:00+09:00,J3,641,580,1221
2020-02-20T21:30:00+09:00,J4,949,830,1779
2020-02-20T21:30:00+09:00,J5,407,395,802
2020-02-20T21:45:00+09:00,J1,814,887,1701
2020-02-20T21:45:00+09:00,J2,551,534,1085
2020-02-20T21:45:00+09:00,J3,581,521,1102
2020-02-20T21:45:00+09:00,J4,962,888,1850
2020-02-20T21:45:00+09:00,J5,410,393,803
2020-02-20T22:00:00+09:00,J1,647,729,1376
2020-02-20T22:00:00+09:00,J2,505,505,1010
2020-02-20T22:00:00+09:00,J3,490,489,979
2020-02-20T22:00:00+09:00,J4,873,796,1669
2020-02-20T22:00:00+09:00,J5,382,348,730
2020-02-20T22:15:00+09:00,J1,835,967,1802
2020-02-20T22:15:00+09:00,J2,484,478,962
2020-02-20T22:15:00+09:00,J3,651,601,1252
2020-02-20T22:15:00+09:00,J4,1053,922,1975
2020-02-20T22:15:00+09:00,J5,547,620,1167
2020-02-20T22:30:00+09:00,J1,760,892,1652
2020-02-20T22:30:00+09:00,J2,363,401,764
2020-02-20T22:30:00+09:00,J3,622,648,1270
2020-02-20T22:30:00+09:00,J4,898,879,1777
2020-02-20T22:30:00+09:00,J5,599,576,1175
2020-02-20T22:45:00+09:00,J1,733,813,1546
2020-02-20T22:45:00+09:00,J2,336,408,744
2020-02-20T22:45:00+09:00,J3,619,613,1232
2020-02-20T22:45:00+09:00,J4,1021,900,1921
2020-02-20T22:45:00+09:00,J5,635,572,1207
2020-02-20T23:00:00+09:00,J1,760,788,1548
2020-02-20T23:00:00+09:00,J2,362,350,712
2020-02-20T23:00:00+09:00,J3,665,703,1368
2020-02-20T23:00:00+09:00,J4,968,832,1800
2020-02-20T23:00:00+09:00,J5,578,577,1155
2020-02-20T23:15:00+09:00,J1,658,728,1386
2020-02-20T23:15:00+09:00,J2,456,469,925
2020-02-20T23:15:00+09:00,J3,663,623,1286
2020-02-20T23:15:00+09:00,J4,953,820,1773
2020-02-20T23:15:00+09:00,J5,554,571,1125
2020-02-20T23:30:00+09:00,J1,736,767,1503
2020-02-20T23:30:00+09:00,J2,455,471,926
2020-02-20T23:30:00+09:00,J3,534,559,1093
2020-02-20T23:30:00+09:00,J4,912,867,1779
2020-02-20T23:30:00+09:00,J5,584,593,1177
2020-02-20T23:45:00+09:00,J1,655,757,1412
2020-02-20T23:45:00+09:00,J2,282,297,579
2020-02-20T23:45:00+09:00,J3,625,586,1211
2020-02-20T23:45:00+09:00,J4,1028,826,1854
2020-02-20T23:45:00+09:00,J5,622,545,1167
2020-02-21T00:00:00+09:00,J1,613,590,1203
2020-02-21T00:00:00+09:00,J2,277,274,551
2020-02-21T00:00:00+09:00,J3,661,585,1246
2020-02-21T00:00:00+09:00,J4,861,730,1591
2020-02-21T00:00:00+09:00,J5,511,519,1030
2020-02-21T00:15:00+09:00,J1,594,549,1143
2020-02-21T00:15:00+09:00,J2,197,206,403
2020-02-21T00:15:00+09:00,J3,601,533,1134
2020-02-21T00:15:00+09:00,J4,748,797,1545
2020-02-21T00:15:00+09:00,J5,421,401,822
2020-02-21T00:30:00+09:00,J1,403,385,788
2020-02-21T00:30:00+09:00,J2,173,172,345
2020-02-21T00:30:00+09:00,J3,618,541,1159
2020-02-21T00:30:00+09:00,J4,733,770,1503
2020-02-21T00:30:00+09:00,J5,381,307,688
2020-02-21T00:45:00+09:00,J1,390,362,752
2020-02-21T00:45:00+09:00,J2,198,160,358
2020-02-21T00:45:00+09:00,J3,606,567,1173
2020-02-21T00:45:00+09:00,J4,646,706,1352
2020-02-21T00:45:00+09:00,J5,392,349,741
2020-02-21T05:45:00+09:00,J1,574,610,1184
2020-02-21T05:45:00+09:00,J2,232,259,491
2020-02-21T05:45:00+09:00,J3,591,459,1050
2020-02-21T05:45:00+09:00,J4,644,765,1409
2020-02-21T05:45:00+09:00,J5,398,415,813
2020-02-21T06:00:00+09:00,J1,526,605,1131
2020-02-21T06:00:00+09:00,J2,174,200,374
2020-02-21T06:00:00+09:00,J3,675,504,1179
2020-02-21T06:00:00+09:00,J4,776,791,1567
2020-02-21T06:00:00+09:00,J5,460,381,841
2020-02-21T06:15:00+09:00,J1,643,748,1391
2020-02-21T06:15:00+09:00,J2,173,254,427
2020-02-21T06:15:00+09:00,J3,707,513,1220
2020-02-21T06:15:00+09:00,J4,797,791,1588
2020-02-21T06:15:00+09:00,J5,481,471,952
2020-02-21T06:30:00+09:00,J1,674,710,1384
2020-02-21T06:30:00+09:00,J2,204,190,394
2020-02-21T06:30:00+09:00,J3,652,429,1081
2020-02-21T06:30:00+09:00,J4,808,774,1582
2020-02-21T06:30:00+09:00,J5,475,449,924
2020-02-21T06:45:00+09:00,J1,692,711,1403
2020-02-21T06:45:00+09:00,J2,307,276,583
2020-02-21T06:45:00+09:00,J3,735,487,1222
2020-02-21T06:45:00+09:00,J4,770,808,1578
2020-02-21T06:45:00+09:00,J5,506,483,989
2020-02-21T07:00:00+09:00,J1,745,771,1516
2020-02-21T07:00:00+09:00,J2,427,401,828
2020-02-21T07:00:00+09:00,J3,714,519,1233
2020-02-21T07:00:00+09:00,J4,816,847,1663
2020-02-21T07:00:00+09:00,J5,510,550,1060
2020-02-21T07:15:00+09:00,J1,782,803,1585
2020-02-21T07:15:00+09:00,J2,493,393,886
2020-02-21T07:15:00+09:00,J3,809,595,1404
2020-02-21T07:15:00+09:00,J4,998,902,1900
2020-02-21T07:15:00+09:00,J5,572,624,1196
2020-02-21T07:30:00+09:00,J1,783,843,1626
2020-02-21T07:30:00+09:00,J2,387,338,725
2020-02-21T07:30:00+09:00,J3,902,779,1681
2020-02-21T07:30:00+09:00,J4,971,1050,2021
2020-02-21T07:30:00+09:00,J5,550,546,1096
2020-02-21T07:45:00+09:00,J1,842,903,1745
2020-02-21T07:45:00+09:00,J2,439,339,778
2020-02-21T07:45:00+09:00,J3,956,772,1728
2020-02-21T07:45:00+09:00,J4,1050,1028,2078
2020-02-21T07:45:00+09:00,J5,630,645,1275
2020-02-21T08:00:00+09:00,J1,880,921,1801
2020-02-21T08:00:00+09:00,J2,666,426,1092
2020-02-21T08:00:00+09:00,J3,1013,827,1840
2020-02-21T08:00:00+09:00,J4,931,1051,1982
2020-02-21T08:00:00+09:00,J5,699,715,1414
2020-02-21T08:15:00+09:00,J1,904,959,1863
2020-02-21T08:15:00+09:00,J2,740,371,1111
2020-02-21T08:15:00+09:00,J3,1116,980,2096
2020-02-21T08:15:00+09:00,J4,843,1149,1992
2020-02-21T08:15:00+09:00,J5,723,765,1488
2020-02-21T08:30:00+09:00,J1,985,1029,2014
2020-02-21T08:30:00+09:00,J2,723,455,1178
2020-02-21T08:30:00+09:00,J3,992,1064,2056
2020-02-21T08:30:00+09:00,J4,753,1181,1934
2020-02-21T08:30:00+09:00,J5,677,751,1428
2020-02-21T08:45:00+09:00,J1,935,1011,1946
2020-02-21T08:45:00+09:00,J2,522,271,793
2020-02-21T08:45:00+09:00,J3,925,898,1823
2020-02-21T08:45:00+09:00,J4,897,1061,1958
2020-02-21T08:45:00+09:00,J5,568,607,1175
2020-02-21T09:00:00+09:00,J1,1020,1046,2066
2020-02-21T09:00:00+09:00,J2,547,432,979
2020-02-21T09:00:00+09:00,J3,813,744,1557
2020-02-21T09:00:00+09:00,J4,1051,929,1980
2020-02-21T09:00:00+09:00,J5,640,661,1301
2020-02-21T09:15:00+09:00,J1,949,871,1820
2020-02-21T09:15:00+09:00,J2,520,429,949
2020-02-21T09:15:00+09:00,J3,792,813,1605
2020-02-21T09:15:00+09:00,J4,1009,963,1972
2020-02-21T09:15:00+09:00,J5,459,450,909
2020-02-21T09:30:00+09:00,J1,954,883,1837
2020-02-21T09:30:00+09:00,J2,536,374,910
2020-02-21T09:30:00+09:00,J3,683,759,1442
2020-02-21T09:30:00+09:00,J4,1032,1030,2062
2020-02-21T09:30:00+09:00,J5,454,471,925
2020-02-21T09:45:00+09:00,J1,890,870,1760
2020-02-21T09:45:00+09:00,J2,516,422,938
2020-02-21T09:45:00+09:00,J3,762,744,1506
2020-02-21T09:45:00+09:00,J4,1016,1029,2045
2020-02-21T09:45:00+09:00,J5,512,431,943
2020-02-21T10:00:00+09:00,J1,939,929,1868
2020-02-21T10:00:00+09:00,J2,424,362,786
2020-02-21T10:00:00+09:00,J3,745,720,1465
2020-02-21T10:00:00+09:00,J4,960,931,1891
2020-02-21T10:00:00+09:00,J5,440,408,848
2020-02-21T10:15:00+09:00,J1,900,941,1841
2020-02-21T10:15:00+09:00,J2,440,387,827
2020-02-21T10:15:00+09:00,J3,753,741,1494
2020-02-21T10:15:00+09:00,J4,981,965,1946
2020-02-21T10:15:00+09:00,J5,444,409,853
2020-02-21T10:30:00+09:00,J1,917,862,1779
2020-02-21T10:30:00+09:00,J2,391,349,740
2020-02-21T10:30:00+09:00,J3,756,749,1505
2020-02-21T10:30:00+09:00,J4,1063,971,2034
2020-02-21T10:30:00+09:00,J5,463,395,858
2020-02-21T10:45:00+09:00,J1,966,908,1874
2020-02-21T10:45:00+09:00,J2,374,346,720
2020-02-21T10:45:00+09:00,J3,771,759,1530
2020-02-21T10:45:00+09:00,J4,901,830,1731
2020-02-21T10:45:00+09:00,J5,427,412,839
2020-02-21T11:00:00+09:00,J1,933,921,1854
2020-02-21T11:00:00+09:00,J2,415,350,765
2020-02-21T11:00:00+09:00,J3,742,749,1491
2020-02-21T11:00:00+09:00,J4,927,952,1879
2020-02-21T11:00:00+09:00,J5,386,365,751
2020-02-21T11:15:00+09:00,J1,944,986,1930
2020-02-21T11:15:00+09:00,J2,374,320,694
2020-02-21T11:15:00+09:00,J3,849,680,1529
2020-02-21T11:15:00+09:00,J4,829,848,1677
2020-02-21T11:15:00+09:00,J5,490,512,1002
2020-02-21T11:30:00+09:00,J1,978,999,1977
2020-02-21T11:30:00+09:00,J2,365,307,672
2020-02-21T11:30:00+09:00,J3,866,684,1550
2020-02-21T11:30:00+09:00,J4,889,863,1752
2020-02-21T11:30:00+09:00,J5,655,642,1297
2020-02-21T11:45:00+09:00,J1,937,977,1914
2020-02-21T11:45:00+09:00,J2,353,280,633
2020-02-21T11:45:00+09:00,J3,906,760,1666
2020-02-21T11:45:00+09:00,J4,872,920,1792
2020-02-21T11:45:00+09:00,J5,708,668,1376
2020-02-21T12:00:00+09:00,J1,852,991,1843
2020-02-21T12:00:00+09:00,J2,428,311,739
2020-02-21T12:00:00+09:00,J3,954,731,1685
2020-02-21T12:00:00+09:00,J4,853,904,1757
2020-02-21T12:00:00+09:00,J5,713,703,1416
2020-02-21T12:15:00+09:00,J1,890,1018,1908
2020-02-21T12:15:00+09:00,J2,429,324,753
2020-02-21T12:15:00+09:00,J3,886,737,1623
2020-02-21T12:15:00+09:00,J4,731,897,1628
2020-02-21T12:15:00+09:00,J5,742,639,1381
2020-02-21T12:30:00+09:00,J1,951,951,1902
2020-02-21T12:30:00+09:00,J2,443,299,742
2020-02-21T12:30:00+09:00,J3,849,841,1690
2020-02-21T12:30:00+09:00,J4,721,858,1579
2020-02-21T12:30:00+09:00,J5,559,633,1192
2020-02-21T12:45:00+09:00,J1,917,1036,1953
2020-02-21T12:45:00+09:00,J2,402,247,649
2020-02-21T12:45:00+09:00,J3,879,848,1727
2020-02-21T12:45:00+09:00,J4,688,865,1553
2020-02-21T12:45:00+09:00,J5,465,581,1046
2020-02-21T13:00:00+09:00,J1,929,998,1927
2020-02-21T13:00:00+09:00,J2,411,261,672
2020-02-21T13:00:00+09:00,J3,910,903,1813
2020-02-21T13:00:00+09:00,J4,730,903,1633
2020-02-21T13:00:00+09:00,J5,423,503,926
2020-02-21T13:15:00+09:00,J1,905,963,1868
2020-02-21T13:15:00+09:00,J2,413,278,691
2020-02-21T13:15:00+09:00,J3,810,888,1698
2020-02-21T13:15:00+09:00,J4,644,809,1453
2020-02-21T13:15:00+09:00,J5,381,497,878
2020-02-21T13:30:00+09:00,J1,836,1016,1852
2020-02-21T13:30:00+09:00,J2,346,266,612
2020-02-21T13:30:00+09:00,J3,839,945,1784
2020-02-21T13:30:00+09:00,J4,688,778,1466
2020-02-21T13:30:00+09:00,J5,386,428,814
2020-02-21T13:45:00+09:00,J1,907,970,1877
2020-02-21T13:45:00+09:00,J2,393,294,687
2020-02-21T13:45:00+09:00,J3,801,903,1704
2020-02-21T13:45:00+09:00,J4,733,710,1443
2020-02-21T13:45:00+09:00,J5,495,564,1059
2020-02-21T14:00:00+09:00,J1,905,998,1903
2020-02-21T14:00:00+09:00,J2,364,245,609
2020-02-21T14:00:00+09:00,J3,815,872,1687
2020-02-21T14:00:00+09:00,J4,680,723,1403
2020-02-21T14:00:00+09:00,J5,621,603,1224
2020-02-21T14:15:00+09:00,J1,915,970,1885
2020-02-21T14:15:00+09:00,J2,357,297,654
2020-02-21T14:15:00+09:00,J3,813,847,1660
2020-02-21T14:15:00+09:00,J4,604,702,1306
2020-02-21T14:15:00+09:00,J5,647,640,1287
2020-02-21T14:30:00+09:00,J1,914,1002,1916
2020-02-21T14:30:00+09:00,J2,386,279,665
2020-02-21T14:30:00+09:00,J3,867,876,1743
2020-02-21T14:30:00+09:00,J4,578,701,1279
2020-02-21T14:30:00+09:00,J5,681,630,1311
2020-02-21T14:45:00+09:00,J1,855,964,1819
2020-02-21T14:45:00+09:00,J2,382,273,655
2020-02-21T14:45:00+09:00,J3,797,925,1722
2020-02-21T14:45:00+09:00,J4,669,748,1417
2020-02-21T14:45:00+09:00,J5,567,596,1163
2020-02-21T15:00:00+09:00,J1,942,951,1893
2020-02-21T15:00:00+09:00,J2,356,264,620
2020-02-21T15:00:00+09:00,J3,760,921,1681
2020-02-21T15:00:00+09:00,J4,634,725,1359
2020-02-21T15:00:00+09:00,J5,505,595,1100
2020-02-21T15:15:00+09:00,J1,912,980,1892
2020-02-21T15:15:00+09:00,J2,409,269,678
2020-02-21T15:15:00+09:00,J3,767,924,1691
2020-02-21T15:15:00+09:00,J4,614,703,1317
2020-02-21T15:15:00+09:00,J5,477,564,1041
2020-02-21T15:30:00+09:00,J1,845,910,1755
2020-02-21T15:30:00+09:00,J2,381,303,684
2020-02-21T15:30:00+09:00,J3,801,849,1650
2020-02-21T15:30:00+09:00,J4,628,737,1365
2020-02-21T15:30:00+09:00,J5,480,516,996
2020-02-21T15:45:00+09:00,J1,856,874,1730
2020-02-21T15:45:00+09:00,J2,368,288,656
2020-02-21T15:45:00+09:00,J3,797,780,1577
2020-02-21T15:45:00+09:00,J4,535,670,1205
2020-02-21T15:45:00+09:00,J5,430,526,956
2020-02-21T16:00:00+09:00,J1,902,1063,1965
2020-02-21T16:00:00+09:00,J2,424,311,735
2020-02-21T16:00:00+09:00,J3,929,895,1824
2020-02-21T16:00:00+09:00,J4,640,763,1403
2020-02-21T16:00:00+09:00,J5,526,538,1064
2020-02-21T16:15:00+09:00,J1,914,888,1802
2020-02-21T16:15:00+09:00,J2,437,279,716
2020-02-21T16:15:00+09:00,J3,775,809,1584
2020-02-21T16:15:00+09:00,J4,642,760,1402
2020-02-21T16:15:00+09:00,J5,562,568,1130
2020-02-21T16:30:00+09:00,J1,891,892,1783
2020-02-21T16:30:00+09:00,J2,533,452,985
2020-02-21T16:30:00+09:00,J3,973,789,1762
2020-02-21T16:30:00+09:00,J4,604,757,1361
2020-02-21T16:30:00+09:00,J5,515,575,1090
2020-02-21T16:45:00+09:00,J1,953,962,1915
2020-02-21T16:45:00+09:00,J2,441,469,910
2020-02-21T16:45:00+09:00,J3,1023,771,1794
2020-02-21T16:45:00+09:00,J4,633,753,1386
2020-02-21T16:45:00+09:00,J5,466,538,1004
2020-02-21T17:00:00+09:00,J1,930,983,1913
2020-02-21T17:00:00+09:00,J2,587,519,1106
2020-02-21T17:00:00+09:00,J3,1038,874,1912
2020-02-21T17:00:00+09:00,J4,841,793,1634
2020-02-21T17:00:00+09:00,J5,553,639,1192
2020-02-21T17:15:00+09:00,J1,1024,956,1980
2020-02-21T17:15:00+09:00,J2,597,551,1148
2020-02-21T17:15:00+09:00,J3,1044,870,1914
2020-02-21T17:15:00+09:00,J4,972,908,1880
2020-02-21T17:15:00+09:00,J5,565,725,1290
2020-02-21T17:30:00+09:00,J1,980,945,1925
2020-02-21T17:30:00+09:00,J2,663,568,1231
2020-02-21T17:30:00+09:00,J3,1147,892,2039
2020-02-21T17:30:00+09:00,J4,1049,882,1931
2020-02-21T17:30:00+09:00,J5,537,736,1273
2020-02-21T17:45:00+09:00,J1,1017,995,2012
2020-02-21T17:45:00+09:00,J2,712,552,1264
2020-02-21T17:45:00+09:00,J3,1129,904,2033
2020-02-21T17:45:00+09:00,J4,1055,997,2052
2020-02-21T17:45:00+09:00,J5,522,681,1203
2020-02-21T18:00:00+09:00,J1,1052,1014,2066
2020-02-21T18:00:00+09:00,J2,752,474,1226
2020-02-21T18:00:00+09:00,J3,1208,919,2127
2020-02-21T18:00:00+09:00,J4,1097,879,1976
2020-02-21T18:00:00+09:00,J5,505,716,1221
2020-02-21T18:15:00+09:00,J1,973,947,1920
2020-02-21T18:15:00+09:00,J2,660,551,1211
2020-02-21T18:15:00+09:00,J3,1185,806,1991
2020-02-21T18:15:00+09:00,J4,940,841,1781
2020-02-21T18:15:00+09:00,J5,513,724,1237
2020-02-21T18:30:00+09:00,J1,932,839,1771
2020-02-21T18:30:00+09:00,J2,700,656,1356
2020-02-21T18:30:00+09:00,J3,1034,764,1798
2020-02-21T18:30:00+09:00,J4,891,694,1585
2020-02-21T18:30:00+09:00,J5,397,681,1078
2020-02-21T18:45:00+09:00,J1,1008,919,1927
2020-02-21T18:45:00+09:00,J2,568,522,1090
2020-02-21T18:45:00+09:00,J3,931,719,1650
2020-02-21T18:45:00+09:00,J4,843,721,1564
2020-02-21T18:45:00+09:00,J5,362,590,952
2020-02-21T19:00:00+09:00,J1,885,871,1756
2020-02-21T19:00:00+09:00,J2,507,490,997
2020-02-21T19:00:00+09:00,J3,877,671,1548
2020-02-21T19:00:00+09:00,J4,793,797,1590
2020-02-21T19:00:00+09:00,J5,362,503,865
2020-02-21T19:15:00+09:00,J1,900,953,1853
2020-02-21T19:15:00+09:00,J2,506,551,1057
2020-02-21T19:15:00+09:00,J3,874,676,1550
2020-02-21T19:15:00+09:00,J4,803,851,1654
2020-02-21T19:15:00+09:00,J5,390,519,909
2020-02-21T19:30:00+09:00,J1,861,909,1770
2020-02-21T19:30:00+09:00,J2,480,531,1011
2020-02-21T19:30:00+09:00,J3,797,622,1419
2020-02-21T19:30:00+09:00,J4,790,899,1689
2020-02-21T19:30:00+09:00,J5,337,429,766
2020-02-21T19:45:00+09:00,J1,866,902,1768
2020-02-21T19:45:00+09:00,J2,411,504,915
2020-02-21T19:45:00+09:00,J3,740,563,1303
2020-02-21T19:45:00+09:00,J4,792,843,1635
2020-02-21T19:45:00+09:00,J5,351,379,730
2020-02-21T20:00:00+09:00,J1,829,901,1730
2020-02-21T20:00:00+09:00,J2,449,489,938
2020-02-21T20:00:00+09:00,J3,838,609,1447
2020-02-21T20:00:00+09:00,J4,763,873,1636
2020-02-21T20:00:00+09:00,J5,343,387,730
2020-02-21T20:15:00+09:00,J1,817,859,1676
2020-02-21T20:15:00+09:00,J2,410,530,940
2020-02-21T20:15:00+09:00,J3,741,635,1376
2020-02-21T20:15:00+09:00,J4,764,829,1593
2020-02-21T20:15:00+09:00,J5,374,424,798
2020-02-21T20:30:00+09:00,J1,831,834,1665
2020-02-21T20:30:00+09:00,J2,470,373,843
2020-02-21T20:30:00+09:00,J3,787,631,1418
2020-02-21T20:30:00+09:00,J4,838,879,1717
2020-02-21T20:30:00+09:00,J5,351,373,724
2020-02-21T20:45:00+09:00,J1,812,881,1693
2020-02-21T20:45:00+09:00,J2,387,359,746
2020-02-21T20:45:00+09:00,J3,660,614,1274
2020-02-21T20:45:00+09:00,J4,868,850,1718
2020-02-21T20:45:00+09:00,J5,336,397,733
2020-02-21T21:00:00+09:00,J1,821,819,1640
2020-02-21T21:00:00+09:00,J2,504,502,1006
2020-02-21T21:00:00+09:00,J3,773,712,1485
2020-02-21T21:00:00+09:00,J4,848,865,1713
2020-02-21T21:00:00+09:00,J5,338,356,694
2020-02-21T21:15:00+09:00,J1,796,793,1589
2020-02-21T21:15:00+09:00,J2,506,502,1008
2020-02-21T21:15:00+09:00,J3,844,611,1455
2020-02-21T21:15:00+09:00,J4,842,872,1714
2020-02-21T21:15:00+09:00,J5,387,422,809
2020-02-21T21:30:00+09:00,J1,738,793,1531
2020-02-21T21:30:00+09:00,J2,433,383,816
2020-02-21T21:30:00+09:00,J3,714,509,1223
2020-02-21T21:30:00+09:00,J4,813,823,1636
2020-02-21T21:30:00+09:00,J5,394,354,748
2020-02-21T21:45:00+09:00,J1,722,756,1478
2020-02-21T21:45:00+09:00,J2,416,397,813
2020-02-21T21:45:00+09:00,J3,712,484,1196
2020-02-21T21:45:00+09:00,J4,760,846,1606
2020-02-21T21:45:00+09:00,J5,382,373,755
2020-02-21T22:00:00+09:00,J1,756,793,1549
2020-02-21T22:00:00+09:00,J2,340,404,744
2020-02-21T22:00:00+09:00,J3,619,498,1117
2020-02-21T22:00:00+09:00,J4,738,898,1636
2020-02-21T22:00:00+09:00,J5,376,365,741
2020-02-21T22:15:00+09:00,J1,712,784,1496
2020-02-21T22:15:00+09:00,J2,360,390,750
2020-02-21T22:15:00+09:00,J3,550,529,1079
2020-02-21T22:15:00+09:00,J4,686,849,1535
2020-02-21T22:15:00+09:00,J5,410,389,799
2020-02-21T22:30:00+09:00,J1,776,803,1579
2020-02-21T22:30:00+09:00,J2,283,374,657
2020-02-21T22:30:00+09:00,J3,606,514,1120
2020-02-21T22:30:00+09:00,J4,667,834,1501
2020-02-21T22:30:00+09:00,J5,416,409,825
2020-02-21T22:45:00+09:00,J1,711,742,1453
2020-02-21T22:45:00+09:00,J2,357,428,785
2020-02-21T22:45:00+09:00,J3,580,513,1093
2020-02-21T22:45:00+09:00,J4,705,808,1513
2020-02-21T22:45:00+09:00,J5,405,424,829
2020-02-21T23:00:00+09:00,J1,728,767,1495
2020-02-21T23:00:00+09:00,J2,360,370,730
2020-02-21T23:00:00+09:00,J3,527,514,1041
2020-02-21T23:00:00+09:00,J4,656,835,1491
2020-02-21T23:00:00+09:00,J5,451,499,950
2020-02-21T23:15:00+09:00,J1,645,781,1426
2020-02-21T23:15:00+09:00,J2,314,424,738
2020-02-21T23:15:00+09:00,J3,532,494,1026
2020-02-21T23:15:00+09:00,J4,727,831,1558
2020-02-21T23:15:00+09:00,J5,436,413,849
2020-02-21T23:30:00+09:00,J1,666,759,1425
2020-02-21T23:30:00+09:00,J2,339,431,770
2020-02-21T23:30:00+09:00,J3,525,470,995
2020-02-21T23:30:00+09:00,J4,705,848,1553
2020-02-21T23:30:00+09:00,J5,402,450,852
2020-02-21T23:45:00+09:00,J1,641,700,1341
2020-02-21T23:45:00+09:00,J2,373,384,757
2020-02-21T23:45:00+09:00,J3,459,407,866
2020-02-21T23:45:00+09:00,J4,658,820,1478
2020-02-21T23:45:00+09:00,J5,376,432,808
2020-02-22T00:00:00+09:00,J1,617,592,1209
2020-02-22T00:00:00+09:00,J2,255,219,474
2020-02-22T00:00:00+09:00,J3,450,407,857
2020-02-22T00:00:00+09:00,J4,560,680,1240
2020-02-22T00:00:00+09:00,J5,532,487,1019
2020-02-22T00:15:00+09:00,J1,531,535,1066
2020-02-22T00:15:00+09:00,J2,219,209,428
2020-02-22T00:15:00+09:00,J3,545,592,1137
2020-02-22T00:15:00+09:00,J4,700,706,1406
2020-02-22T00:15:00+09:00,J5,477,479,956
2020-02-22T00:30:00+09:00,J1,359,405,764
2020-02-22T00:30:00+09:00,J2,187,186,373
2020-02-22T00:30:00+09:00,J3,560,516,1076
2020-02-22T00:30:00+09:00,J4,917,757,1674
2020-02-22T00:30:00+09:00,J5,404,393,797
2020-02-22T00:45:00+09:00,J1,345,376,721
2020-02-22T00:45:00+09:00,J2,165,134,299
2020-02-22T00:45:00+09:00,J3,577,533,1110
2020-02-22T00:45:00+09:00,J4,794,704,1498
2020-02-22T00:45:00+09:00,J5,386,374,760
2020-02-22T05:45:00+09:00,J1,463,464,927
2020-02-22T05:45:00+09:00,J2,209,254,463
2020-02-22T05:45:00+09:00,J3,657,536,1193
2020-02-22T05:45:00+09:00,J4,999,864,1863
2020-02-22T05:45:00+09:00,J5,488,468,956
2020-02-22T06:00:00+09:00,J1,424,433,857
2020-02-22T06:00:00+09:00,J2,246,250,496
2020-02-22T06:00:00+09:00,J3,703,537,1240
2020-02-22T06:00:00+09:00,J4,985,889,1874
2020-02-22T06:00:00+09:00,J5,556,499,1055
2020-02-22T06:15:00+09:00,J1,532,487,1019
2020-02-22T06:15:00+09:00,J2,302,353,655
2020-02-22T06:15:00+09:00,J3,716,557,1273
2020-02-22T06:15:00+09:00,J4,913,835,1748
2020-02-22T06:15:00+09:00,J5,557,515,1072
2020-02-22T06:30:00+09:00,J1,563,474,1037
2020-02-22T06:30:00+09:00,J2,225,228,453
2020-02-22T06:30:00+09:00,J3,666,518,1184
2020-02-22T06:30:00+09:00,J4,792,810,1602
2020-02-22T06:30:00+09:00,J5,522,530,1052
2020-02-22T06:45:00+09:00,J1,535,537,1072
2020-02-22T06:45:00+09:00,J2,271,273,544
2020-02-22T06:45:00+09:00,J3,646,467,1113
2020-02-22T06:45:00+09:00,J4,822,794,1616
2020-02-22T06:45:00+09:00,J5,442,431,873
2020-02-22T07:00:00+09:00,J1,713,729,1442
2020-02-22T07:00:00+09:00,J2,431,446,877
2020-02-22T07:00:00+09:00,J3,669,581,1250
2020-02-22T07:00:00+09:00,J4,969,828,1797
2020-02-22T07:00:00+09:00,J5,468,490,958
2020-02-22T07:15:00+09:00,J1,754,734,1488
2020-02-22T07:15:00+09:00,J2,451,444,895
2020-02-22T07:15:00+09:00,J3,694,557,1251
2020-02-22T07:15:00+09:00,J4,906,859,1765
2020-02-22T07:15:00+09:00,J5,532,477,1009
2020-02-22T07:30:00+09:00,J1,723,802,1525
2020-02-22T07:30:00+09:00,J2,393,409,802
2020-02-22T07:30:00+09:00,J3,677,525,1202
2020-02-22T07:30:00+09:00,J4,835,808,1643
2020-02-22T07:30:00+09:00,J5,496,537,1033
2020-02-22T07:45:00+09:00,J1,703,761,1464
2020-02-22T07:45:00+09:00,J2,436,417,853
2020-02-22T07:45:00+09:00,J3,691,523,1214
2020-02-22T07:45:00+09:00,J4,867,799,1666
2020-02-22T07:45:00+09:00,J5,464,555,1019
2020-02-22T08:00:00+09:00,J1,869,961,1830
2020-02-22T08:00:00+09:00,J2,482,370,852
2020-02-22T08:00:00+09:00,J3,874,730,1604
2020-02-22T08:00:00+09:00,J4,1002,937,1939
2020-02-22T08:00:00+09:00,J5,511,508,1019
2020-02-22T08:15:00+09:00,J1,821,912,1733
2020-02-22T08:15:00+09:00,J2,505,457,962
2020-02-22T08:15:00+09:00,J3,797,606,1403
2020-02-22T08:15:00+09:00,J4,837,963,1800
2020-02-22T08:15:00+09:00,J5,528,623,1151
2020-02-22T08:30:00+09:00,J1,859,940,1799
2020-02-22T08:30:00+09:00,J2,523,357,880
2020-02-22T08:30:00+09:00,J3,870,788,1658
2020-02-22T08:30:00+09:00,J4,796,927,1723
2020-02-22T08:30:00+09:00,J5,538,642,1180
2020-02-22T08:45:00+09:00,J1,886,951,1837
2020-02-22T08:45:00+09:00,J2,347,271,618
2020-02-22T08:45:00+09:00,J3,839,732,1571
2020-02-22T08:45:00+09:00,J4,830,942,1772
2020-02-22T08:45:00+09:00,J5,553,566,1119
2020-02-22T09:00:00+09:00,J1,929,868,1797
2020-02-22T09:00:00+09:00,J2,612,503,1115
2020-02-22T09:00:00+09:00,J3,501,480,981
2020-02-22T09:00:00+09:00,J4,858,919,1777
2020-02-22T09:00:00+09:00,J5,323,356,679
2020-02-22T09:15:00+09:00,J1,877,885,1762
2020-02-22T09:15:00+09:00,J2,585,469,1054
2020-02-22T09:15:00+09:00,J3,534,540,1074
2020-02-22T09:15:00+09:00,J4,965,928,1893
2020-02-22T09:15:00+09:00,J5,354,365,719
2020-02-22T09:30:00+09:00,J1,842,831,1673
2020-02-22T09:30:00+09:00,J2,495,369,864
2020-02-22T09:30:00+09:00,J3,532,494,1026
2020-02-22T09:30:00+09:00,J4,958,956,1914
2020-02-22T09:30:00+09:00,J5,353,356,709
2020-02-22T09:45:00+09:00,J1,807,795,1602
2020-02-22T09:45:00+09:00,J2,383,313,696
2020-02-22T09:45:00+09:00,J3,526,579,1105
2020-02-22T09:45:00+09:00,J4,962,852,1814
2020-02-22T09:45:00+09:00,J5,328,343,671
2020-02-22T10:00:00+09:00,J1,798,824,1622
2020-02-22T10:00:00+09:00,J2,320,238,558
2020-02-22T10:00:00+09:00,J3,490,478,968
2020-02-22T10:00:00+09:00,J4,892,913,1805
2020-02-22T10:00:00+09:00,J5,360,337,697
2020-02-22T10:15:00+09:00,J1,875,897,1772
2020-02-22T10:15:00+09:00,J2,451,370,821
2020-02-22T10:15:00+09:00,J3,542,512,1054
2020-02-22T10:15:00+09:00,J4,804,911,1715
2020-02-22T10:15:00+09:00,J5,379,348,727
2020-02-22T10:30:00+09:00,J1,891,850,1741
2020-02-22T10:30:00+09:00,J2,497,436,933
2020-02-22T10:30:00+09:00,J3,553,544,1097
2020-02-22T10:30:00+09:00,J4,704,909,1613
2020-02-22T10:30:00+09:00,J5,362,366,728
2020-02-22T10:45:00+09:00,J1,877,784,1661
2020-02-22T10:45:00+09:00,J2,489,430,919
2020-02-22T10:45:00+09:00,J3,501,509,1010
2020-02-22T10:45:00+09:00,J4,709,764,1473
2020-02-22T10:45:00+09:00,J5,324,372,696
2020-02-22T11:00:00+09:00,J1,827,802,1629
2020-02-22T11:00:00+09:00,J2,420,359,779
2020-02-22T11:00:00+09:00,J3,670,567,1237
2020-02-22T11:00:00+09:00,J4,583,685,1268
2020-02-22T11:00:00+09:00,J5,530,576,1106
2020-02-22T11:15:00+09:00,J1,1044,1075,2119
2020-02-22T11:15:00+09:00,J2,504,466,970
2020-02-22T11:15:00+09:00,J3,922,831,1753
2020-02-22T11:15:00+09:00,J4,904,958,1862
2020-02-22T11:15:00+09:00,J5,767,747,1514
2020-02-22T11:30:00+09:00,J1,886,974,1860
2020-02-22T11:30:00+09:00,J2,435,324,759
2020-02-22T11:30:00+09:00,J3,798,650,1448
2020-02-22T11:30:00+09:00,J4,784,865,1649
2020-02-22T11:30:00+09:00,J5,679,726,1405
2020-02-22T11:45:00+09:00,J1,930,941,1871
2020-02-22T11:45:00+09:00,J2,464,341,805
2020-02-22T11:45:00+09:00,J3,795,737,1532
2020-02-22T11:45:00+09:00,J4,762,849,1611
2020-02-22T11:45:00+09:00,J5,620,673,1293
2020-02-22T12:00:00+09:00,J1,938,885,1823
2020-02-22T12:00:00+09:00,J2,504,389,893
2020-02-22T12:00:00+09:00,J3,843,735,1578
2020-02-22T12:00:00+09:00,J4,831,859,1690
2020-02-22T12:00:00+09:00,J5,630,649,1279
2020-02-22T12:15:00+09:00,J1,923,820,1743
2020-02-22T12:15:00+09:00,J2,447,353,800
2020-02-22T12:15:00+09:00,J3,809,614,1423
2020-02-22T12:15:00+09:00,J4,742,882,1624
2020-02-22T12:15:00+09:00,J5,631,672,1303
2020-02-22T12:30:00+09:00,J1,871,787,1658
2020-02-22T12:30:00+09:00,J2,457,354,811
2020-02-22T12:30:00+09:00,J3,712,661,1373
2020-02-22T12:30:00+09:00,J4,963,958,1921
2020-02-22T12:30:00+09:00,J5,658,689,1347
2020-02-22T12:45:00+09:00,J1,754,745,1499
2020-02-22T12:45:00+09:00,J2,512,389,901
2020-02-22T12:45:00+09:00,J3,686,631,1317
2020-02-22T12:45:00+09:00,J4,874,935,1809
2020-02-22T12:45:00+09:00,J5,637,672,1309
2020-02-22T13:00:00+09:00,J1,806,786,1592
2020-02-22T13:00:00+09:00,J2,543,525,1068
2020-02-22T13:00:00+09:00,J3,672,591,1263
2020-02-22T13:00:00+09:00,J4,774,868,1642
2020-02-22T13:00:00+09:00,J5,554,593,1147
2020-02-22T13:15:00+09:00,J1,885,897,1782
2020-02-22T13:15:00+09:00,J2,520,475,995
2020-02-22T13:15:00+09:00,J3,688,676,1364
2020-02-22T13:15:00+09:00,J4,775,809,1584
2020-02-22T13:15:00+09:00,J5,478,500,978
2020-02-22T13:30:00+09:00,J1,901,1029,1930
2020-02-22T13:30:00+09:00,J2,569,487,1056
2020-02-22T13:30:00+09:00,J3,746,668,1414
2020-02-22T13:30:00+09:00,J4,694,746,1440
2020-02-22T13:30:00+09:00,J5,433,488,921
2020-02-22T13:45:00+09:00,J1,924,1044,1968
2020-02-22T13:45:00+09:00,J2,553,439,992
2020-02-22T13:45:00+09:00,J3,779,815,1594
2020-02-22T13:45:00+09:00,J4,656,776,1432
2020-02-22T13:45:00+09:00,J5,415,464,879
2020-02-22T14:00:00+09:00,J1,927,910,1837
2020-02-22T14:00:00+09:00,J2,488,380,868
2020-02-22T14:00:00+09:00,J3,838,735,1573
2020-02-22T14:00:00+09:00,J4,665,710,1375
2020-02-22T14:00:00+09:00,J5,401,447,848
2020-02-22T14:15:00+09:00,J1,839,993,1832
2020-02-22T14:15:00+09:00,J2,573,408,981
2020-02-22T14:15:00+09:00,J3,869,825,1694
2020-02-22T14:15:00+09:00,J4,726,742,1468
2020-02-22T14:15:00+09:00,J5,433,447,880
2020-02-22T14:30:00+09:00,J1,928,971,1899
2020-02-22T14:30:00+09:00,J2,585,442,1027
2020-02-22T14:30:00+09:00,J3,850,836,1686
2020-02-22T14:30:00+09:00,J4,743,822,1565
2020-02-22T14:30:00+09:00,J5,474,527,1001
2020-02-22T14:45:00+09:00,J1,917,968,1885
2020-02-22T14:45:00+09:00,J2,604,461,1065
2020-02-22T14:45:00+09:00,J3,785,767,1552
2020-02-22T14:45:00+09:00,J4,746,729,1475
2020-02-22T14:45:00+09:00,J5,630,607,1237
2020-02-22T15:00:00+09:00,J1,905,991,1896
2020-02-22T15:00:00+09:00,J2,663,451,1114
2020-02-22T15:00:00+09:00,J3,788,776,1564
2020-02-22T15:00:00+09:00,J4,713,729,1442
2020-02-22T15:00:00+09:00,J5,629,670,1299
2020-02-22T15:15:00+09:00,J1,884,964,1848
2020-02-22T15:15:00+09:00,J2,655,512,1167
2020-02-22T15:15:00+09:00,J3,862,790,1652
2020-02-22T15:15:00+09:00,J4,793,783,1576
2020-02-22T15:15:00+09:00,J5,667,646,1313
2020-02-22T15:30:00+09:00,J1,946,1000,1946
2020-02-22T15:30:00+09:00,J2,662,532,1194
2020-02-22T15:30:00+09:00,J3,912,775,1687
2020-02-22T15:30:00+09:00,J4,772,763,1535
2020-02-22T15:30:00+09:00,J5,598,622,1220
2020-02-22T15:45:00+09:00,J1,905,971,1876
2020-02-22T15:45:00+09:00,J2,595,573,1168
2020-02-22T15:45:00+09:00,J3,891,771,1662
2020-02-22T15:45:00+09:00,J4,744,850,1594
2020-02-22T15:45:00+09:00,J5,532,539,1071
2020-02-22T16:00:00+09:00,J1,865,927,1792
2020-02-22T16:00:00+09:00,J2,662,494,1156
2020-02-22T16:00:00+09:00,J3,924,764,1688
2020-02-22T16:00:00+09:00,J4,795,809,1604
2020-02-22T16:00:00+09:00,J5,519,576,1095
2020-02-22T16:15:00+09:00,J1,864,966,1830
2020-02-22T16:15:00+09:00,J2,671,536,1207
2020-02-22T16:15:00+09:00,J3,890,808,1698
2020-02-22T16:15:00+09:00,J4,886,933,1819
2020-02-22T16:15:00+09:00,J5,599,595,1194
2020-02-22T16:30:00+09:00,J1,903,909,1812
2020-02-22T16:30:00+09:00,J2,644,503,1147
2020-02-22T16:30:00+09:00,J3,926,788,1714
2020-02-22T16:30:00+09:00,J4,973,1063,2036
2020-02-22T16:30:00+09:00,J5,622,728,1350
2020-02-22T16:45:00+09:00,J1,897,906,1803
2020-02-22T16:45:00+09:00,J2,603,487,1090
2020-02-22T16:45:00+09:00,J3,935,754,1689
2020-02-22T16:45:00+09:00,J4,988,954,1942
2020-02-22T16:45:00+09:00,J5,643,675,1318
2020-02-22T17:00:00+09:00,J1,884,991,1875
2020-02-22T17:00:00+09:00,J2,644,530,1174
2020-02-22T17:00:00+09:00,J3,910,720,1630
2020-02-22T17:00:00+09:00,J4,1004,1063,2067
2020-02-22T17:00:00+09:00,J5,687,732,1419
2020-02-22T17:15:00+09:00,J1,927,936,1863
2020-02-22T17:15:00+09:00,J2,609,490,1099
2020-02-22T17:15:00+09:00,J3,875,643,1518
2020-02-22T17:15:00+09:00,J4,1050,956,2006
2020-02-22T17:15:00+09:00,J5,745,750,1495
2020-02-22T17:30:00+09:00,J1,906,912,1818
2020-02-22T17:30:00+09:00,J2,602,438,1040
2020-02-22T17:30:00+09:00,J3,893,565,1458
2020-02-22T17:30:00+09:00,J4,1048,958,2006
2020-02-22T17:30:00+09:00,J5,685,735,1420
2020-02-22T17:45:00+09:00,J1,798,858,1656
2020-02-22T17:45:00+09:00,J2,589,421,1010
2020-02-22T17:45:00+09:00,J3,821,577,1398
2020-02-22T17:45:00+09:00,J4,915,895,1810
2020-02-22T17:45:00+09:00,J5,620,730,1350
2020-02-22T18:00:00+09:00,J1,855,829,1684
2020-02-22T18:00:00+09:00,J2,462,321,783
2020-02-22T18:00:00+09:00,J3,821,651,1472
2020-02-22T18:00:00+09:00,J4,1004,924,1928
2020-02-22T18:00:00+09:00,J5,718,791,1509
2020-02-22T18:15:00+09:00,J1,889,858,1747
2020-02-22T18:15:00+09:00,J2,476,314,790
2020-02-22T18:15:00+09:00,J3,830,644,1474
2020-02-22T18:15:00+09:00,J4,853,827,1680
2020-02-22T18:15:00+09:00,J5,675,787,1462
2020-02-22T18:30:00+09:00,J1,937,774,1711
2020-02-22T18:30:00+09:00,J2,524,337,861
2020-02-22T18:30:00+09:00,J3,711,536,1247
2020-02-22T18:30:00+09:00,J4,973,889,1862
2020-02-22T18:30:00+09:00,J5,576,617,1193
2020-02-22T18:45:00+09:00,J1,864,783,1647
2020-02-22T18:45:00+09:00,J2,470,324,794
2020-02-22T18:45:00+09:00,J3,644,436,1080
2020-02-22T18:45:00+09:00,J4,895,890,1785
2020-02-22T18:45:00+09:00,J5,579,598,1177
2020-02-22T19:00:00+09:00,J1,844,828,1672
2020-02-22T19:00:00+09:00,J2,493,463,956
2020-02-22T19:00:00+09:00,J3,614,425,1039
2020-02-22T19:00:00+09:00,J4,897,812,1709
2020-02-22T19:00:00+09:00,J5,496,495,991
2020-02-22T19:15:00+09:00,J1,774,874,1648
2020-02-22T19:15:00+09:00,J2,497,428,925
2020-02-22T19:15:00+09:00,J3,659,476,1135
2020-02-22T19:15:00+09:00,J4,934,947,1881
2020-02-22T19:15:00+09:00,J5,508,546,1054
2020-02-22T19:30:00+09:00,J1,741,805,1546
2020-02-22T19:30:00+09:00,J2,411,370,781
2020-02-22T19:30:00+09:00,J3,546,439,985
2020-02-22T19:30:00+09:00,J4,903,779,1682
2020-02-22T19:30:00+09:00,J5,493,447,940
2020-02-22T19:45:00+09:00,J1,728,726,1454
2020-02-22T19:45:00+09:00,J2,425,398,823
2020-02-22T19:45:00+09:00,J3,562,391,953
2020-02-22T19:45:00+09:00,J4,984,860,1844
2020-02-22T19:45:00+09:00,J5,472,379,851
2020-02-22T20:00:00+09:00,J1,802,751,1553
2020-02-22T20:00:00+09:00,J2,495,405,900
2020-02-22T20:00:00+09:00,J3,575,504,1079
2020-02-22T20:00:00+09:00,J4,790,800,1590
2020-02-22T20:00:00+09:00,J5,422,395,817
2020-02-22T20:15:00+09:00,J1,717,818,1535
2020-02-22T20:15:00+09:00,J2,463,430,893
2020-02-22T20:15:00+09:00,J3,599,510,1109
2020-02-22T20:15:00+09:00,J4,732,712,1444
2020-02-22T20:15:00+09:00,J5,392,409,801
2020-02-22T20:30:00+09:00,J1,744,723,1467
2020-02-22T20:30:00+09:00,J2,488,490,978
2020-02-22T20:30:00+09:00,J3,597,482,1079
2020-02-22T20:30:00+09:00,J4,651,696,1347
2020-02-22T20:30:00+09:00,J5,381,345,726
2020-02-22T20:45:00+09:00,J1,739,773,1512
2020-02-22T20:45:00+09:00,J2,498,497,995
2020-02-22T20:45:00+09:00,J3,492,428,920
2020-02-22T20:45:00+09:00,J4,690,743,1433
2020-02-22T20:45:00+09:00,J5,340,357,697
2020-02-22T21:00:00+09:00,J1,680,692,1372
2020-02-22T21:00:00+09:00,J2,368,322,690
2020-02-22T21:00:00+09:00,J3,637,565,1202
2020-02-22T21:00:00+09:00,J4,669,661,1330
2020-02-22T21:00:00+09:00,J5,366,351,717
2020-02-22T21:15:00+09:00,J1,741,673,1414
2020-02-22T21:15:00+09:00,J2,345,298,643
2020-02-22T21:15:00+09:00,J3,667,626,1293
2020-02-22T21:15:00+09:00,J4,618,656,1274
2020-02-22T21:15:00+09:00,J5,329,341,670
2020-02-22T21:30:00+09:00,J1,679,735,1414
2020-02-22T21:30:00+09:00,J2,329,252,581
2020-02-22T21:30:00+09:00,J3,665,632,1297
2020-02-22T21:30:00+09:00,J4,594,625,1219
2020-02-22T21:30:00+09:00,J5,345,348,693
2020-02-22T21:45:00+09:00,J1,654,709,1363
2020-02-22T21:45:00+09:00,J2,386,364,750
2020-02-22T21:45:00+09:00,J3,655,650,1305
2020-02-22T21:45:00+09:00,J4,647,711,1358
2020-02-22T21:45:00+09:00,J5,350,365,715
2020-02-22T22:00:00+09:00,J1,629,604,1233
2020-02-22T22:00:00+09:00,J2,466,467,933
2020-02-22T22:00:00+09:00,J3,625,515,1140
2020-02-22T22:00:00+09:00,J4,763,825,1588
2020-02-22T22:00:00+09:00,J5,333,334,667
2020-02-22T22:15:00+09:00,J1,619,666,1285
2020-02-22T22:15:00+09:00,J2,344,308,652
2020-02-22T22:15:00+09:00,J3,643,545,1188
2020-02-22T22:15:00+09:00,J4,857,885,1742
2020-02-22T22:15:00+09:00,J5,405,390,795
2020-02-22T22:30:00+09:00,J1,615,671,1286
2020-02-22T22:30:00+09:00,J2,261,241,502
2020-02-22T22:30:00+09:00,J3,629,569,1198
2020-02-22T22:30:00+09:00,J4,815,813,1628
2020-02-22T22:30:00+09:00,J5,385,359,744
2020-02-22T22:45:00+09:00,J1,661,630,1291
2020-02-22T22:45:00+09:00,J2,217,213,430
2020-02-22T22:45:00+09:00,J3,603,490,1093
2020-02-22T22:45:00+09:00,J4,893,848,1741
2020-02-22T22:45:00+09:00,J5,344,353,697
2020-02-22T23:00:00+09:00,J1,626,670,1296
2020-02-22T23:00:00+09:00,J2,259,207,466
2020-02-22T23:00:00+09:00,J3,604,464,1068
2020-02-22T23:00:00+09:00,J4,841,750,1591
2020-02-22T23:00:00+09:00,J5,384,316,700
2020-02-22T23:15:00+09:00,J1,549,628,1177
2020-02-22T23:15:00+09:00,J2,253,258,511
2020-02-22T23:15:00+09:00,J3,558,545,1103
2020-02-22T23:15:00+09:00,J4,813,803,1616
2020-02-22T23:15:00+09:00,J5,402,368,770
2020-02-22T23:30:00+09:00,J1,635,632,1267
2020-02-22T23:30:00+09:00,J2,302,376,678
2020-02-22T23:30:00+09:00,J3,694,516,1210
2020-02-22T23:30:00+09:00,J4,815,780,1595
2020-02-22T23:30:00+09:00,J5,333,333,666
2020-02-22T23:45:00+09:00,J1,608,686,1294
2020-02-22T23:45:00+09:00,J2,403,362,765
2020-02-22T23:45:00+09:00,J3,581,483,1064
2020-02-22T23:45:00+09:00,J4,711,692,1403
2020-02-22T23:45:00+09:00,J5,424,344,768
2020-02-23T00:00:00+09:00,J1,651,730,1381
2020-02-23T00:00:00+09:00,J2,442,498,940
2020-02-23T00:00:00+09:00,J3,414,391,805
2020-02-23T00:00:00+09:00,J4,793,702,1495
2020-02-23T00:00:00+09:00,J5,456,478,934
2020-02-23T00:15:00+09:00,J1,563,471,1034
2020-02-23T00:15:00+09:00,J2,364,416,780
2020-02-23T00:15:00+09:00,J3,324,355,679
2020-02-23T00:15:00+09:00,J4,662,681,1343
2020-02-23T00:15:00+09:00,J5,514,615,1129
2020-02-23T00:30:00+09:00,J1,413,360,773
2020-02-23T00:30:00+09:00,J2,408,424,832
2020-02-23T00:30:00+09:00,J3,331,370,701
2020-02-23T00:30:00+09:00,J4,636,590,1226
2020-02-23T00:30:00+09:00,J5,554,602,1156
2020-02-23T00:45:00+09:00,J1,404,331,735
2020-02-23T00:45:00+09:00,J2,402,450,852
2020-02-23T00:45:00+09:00,J3,407,451,858
2020-02-23T00:45:00+09:00,J4,686,639,1325
2020-02-23T00:45:00+09:00,J5,495,534,1029
2020-02-23T05:45:00+09:00,J1,576,631,1207
2020-02-23T05:45:00+09:00,J2,251,237,488
2020-02-23T05:45:00+09:00,J3,665,610,1275
2020-02-23T05:45:00+09:00,J4,555,580,1135
2020-02-23T05:45:00+09:00,J5,347,302,649
2020-02-23T06:00:00+09:00,J1,536,544,1080
2020-02-23T06:00:00+09:00,J2,257,220,477
2020-02-23T06:00:00+09:00,J3,740,615,1355
2020-02-23T06:00:00+09:00,J4,602,672,1274
2020-02-23T06:00:00+09:00,J5,364,303,667
2020-02-23T06:15:00+09:00,J1,534,670,1204
2020-02-23T06:15:00+09:00,J2,253,250,503
2020-02-23T06:15:00+09:00,J3,770,672,1442
2020-02-23T06:15:00+09:00,J4,599,697,1296
2020-02-23T06:15:00+09:00,J5,425,384,809
2020-02-23T06:30:00+09:00,J1,503,607,1110
2020-02-23T06:30:00+09:00,J2,201,202,403
2020-02-23T06:30:00+09:00,J3,709,588,1297
2020-02-23T06:30:00+09:00,J4,582,651,1233
2020-02-23T06:30:00+09:00,J5,342,310,652
2020-02-23T06:45:00+09:00,J1,563,567,1130
2020-02-23T06:45:00+09:00,J2,276,255,531
2020-02-23T06:45:00+09:00,J3,714,647,1361
2020-02-23T06:45:00+09:00,J4,622,745,1367
2020-02-23T06:45:00+09:00,J5,395,368,763
2020-02-23T07:00:00+09:00,J1,606,666,1272
2020-02-23T07:00:00+09:00,J2,270,250,520
2020-02-23T07:00:00+09:00,J3,730,620,1350
2020-02-23T07:00:00+09:00,J4,743,771,1514
2020-02-23T07:00:00+09:00,J5,401,401,802
2020-02-23T07:15:00+09:00,J1,579,693,1272
2020-02-23T07:15:00+09:00,J2,280,279,559
2020-02-23T07:15:00+09:00,J3,729,625,1354
2020-02-23T07:15:00+09:00,J4,766,830,1596
2020-02-23T07:15:00+09:00,J5,444,467,911
2020-02-23T07:30:00+09:00,J1,598,578,1176
2020-02-23T07:30:00+09:00,J2,323,286,609
2020-02-23T07:30:00+09:00,J3,653,667,1320
2020-02-23T07:30:00+09:00,J4,709,820,1529
2020-02-23T07:30:00+09:00,J5,553,575,1128
2020-02-23T07:45:00+09:00,J1,635,660,1295
2020-02-23T07:45:00+09:00,J2,439,400,839
2020-02-23T07:45:00+09:00,J3,675,684,1359
2020-02-23T07:45:00+09:00,J4,689,794,1483
2020-02-23T07:45:00+09:00,J5,577,528,1105
2020-02-23T08:00:00+09:00,J1,822,857,1679
2020-02-23T08:00:00+09:00,J2,433,456,889
2020-02-23T08:00:00+09:00,J3,759,705,1464
2020-02-23T08:00:00+09:00,J4,902,999,1901
2020-02-23T08:00:00+09:00,J5,546,512,1058
2020-02-23T08:15:00+09:00,J1,903,970,1873
2020-02-23T08:15:00+09:00,J2,518,467,985
2020-02-23T08:15:00+09:00,J3,787,661,1448
2020-02-23T08:15:00+09:00,J4,1158,1160,2318
2020-02-23T08:15:00+09:00,J5,601,617,1218
2020-02-23T08:30:00+09:00,J1,804,1028,1832
2020-02-23T08:30:00+09:00,J2,380,274,654
2020-02-23T08:30:00+09:00,J3,833,763,1596
2020-02-23T08:30:00+09:00,J4,1109,1157,2266
2020-02-23T08:30:00+09:00,J5,672,651,1323
2020-02-23T08:45:00+09:00,J1,806,865,1671
2020-02-23T08:45:00+09:00,J2,389,353,742
2020-02-23T08:45:00+09:00,J3,794,674,1468
2020-02-23T08:45:00+09:00,J4,1003,1127,2130
2020-02-23T08:45:00+09:00,J5,586,649,1235
2020-02-23T09:00:00+09:00,J1,877,834,1711
2020-02-23T09:00:00+09:00,J2,459,392,851
2020-02-23T09:00:00+09:00,J3,506,539,1045
2020-02-23T09:00:00+09:00,J4,1014,995,2009
2020-02-23T09:00:00+09:00,J5,388,413,801
2020-02-23T09:15:00+09:00,J1,846,793,1639
2020-02-23T09:15:00+09:00,J2,475,378,853
2020-02-23T09:15:00+09:00,J3,540,428,968
2020-02-23T09:15:00+09:00,J4,962,1030,1992
2020-02-23T09:15:00+09:00,J5,315,293,608
2020-02-23T09:30:00+09:00,J1,817,868,1685
2020-02-23T09:30:00+09:00,J2,421,352,773
2020-02-23T09:30:00+09:00,J3,585,599,1184
2020-02-23T09:30:00+09:00,J4,996,996,1992
2020-02-23T09:30:00+09:00,J5,416,330,746
2020-02-23T09:45:00+09:00,J1,760,764,1524
2020-02-23T09:45:00+09:00,J2,437,437,874
2020-02-23T09:45:00+09:00,J3,746,695,1441
2020-02-23T09:45:00+09:00,J4,924,1008,1932
2020-02-23T09:45:00+09:00,J5,457,364,821
2020-02-23T10:00:00+09:00,J1,799,792,1591
2020-02-23T10:00:00+09:00,J2,448,478,926
2020-02-23T10:00:00+09:00,J3,662,725,1387
2020-02-23T10:00:00+09:00,J4,921,1023,1944
2020-02-23T10:00:00+09:00,J5,466,410,876
2020-02-23T10:15:00+09:00,J1,840,800,1640
2020-02-23T10:15:00+09:00,J2,536,456,992
2020-02-23T10:15:00+09:00,J3,687,757,1444
2020-02-23T10:15:00+09:00,J4,912,1015,1927
2020-02-23T10:15:00+09:00,J5,472,482,954
2020-02-23T10:30:00+09:00,J1,793,781,1574
2020-02-23T10:30:00+09:00,J2,538,561,1099
2020-02-23T10:30:00+09:00,J3,607,703,1310
2020-02-23T10:30:00+09:00,J4,945,1045,1990
2020-02-23T10:30:00+09:00,J5,480,493,973
2020-02-23T10:45:00+09:00,J1,786,813,1599
2020-02-23T10:45:00+09:00,J2,514,496,1010
2020-02-23T10:45:00+09:00,J3,714,754,1468
2020-02-23T10:45:00+09:00,J4,1062,1091,2153
2020-02-23T10:45:00+09:00,J5,484,478,962
2020-02-23T11:00:00+09:00,J1,875,892,1767
2020-02-23T11:00:00+09:00,J2,570,533,1103
2020-02-23T11:00:00+09:00,J3,820,738,1558
2020-02-23T11:00:00+09:00,J4,1004,1039,2043
2020-02-23T11:00:00+09:00,J5,553,593,1146
2020-02-23T11:15:00+09:00,J1,840,927,1767
2020-02-23T11:15:00+09:00,J2,599,533,1132
2020-02-23T11:15:00+09:00,J3,822,648,1470
2020-02-23T11:15:00+09:00,J4,1004,1034,2038
2020-02-23T11:15:00+09:00,J5,625,642,1267
2020-02-23T11:30:00+09:00,J1,806,883,1689
2020-02-23T11:30:00+09:00,J2,557,509,1066
2020-02-23T11:30:00+09:00,J3,793,708,1501
2020-02-23T11:30:00+09:00,J4,1030,1100,2130
2020-02-23T11:30:00+09:00,J5,612,661,1273
2020-02-23T11:45:00+09:00,J1,897,930,1827
2020-02-23T11:45:00+09:00,J2,531,533,1064
2020-02-23T11:45:00+09:00,J3,841,697,1538
2020-02-23T11:45:00+09:00,J4,1057,1109,2166
2020-02-23T11:45:00+09:00,J5,601,665,1266
2020-02-23T12:00:00+09:00,J1,850,803,1653
2020-02-23T12:00:00+09:00,J2,496,514,1010
2020-02-23T12:00:00+09:00,J3,784,650,1434
2020-02-23T12:00:00+09:00,J4,1011,1069,2080
2020-02-23T12:00:00+09:00,J5,611,647,1258
2020-02-23T12:15:00+09:00,J1,813,942,1755
2020-02-23T12:15:00+09:00,J2,541,564,1105
2020-02-23T12:15:00+09:00,J3,712,570,1282
2020-02-23T12:15:00+09:00,J4,1044,1116,2160
2020-02-23T12:15:00+09:00,J5,483,455,938
2020-02-23T12:30:00+09:00,J1,825,847,1672
2020-02-23T12:30:00+09:00,J2,595,567,1162
2020-02-23T12:30:00+09:00,J3,793,796,1589
2020-02-23T12:30:00+09:00,J4,1173,1162,2335
2020-02-23T12:30:00+09:00,J5,380,376,756
2020-02-23T12:45:00+09:00,J1,807,835,1642
2020-02-23T12:45:00+09:00,J2,626,576,1202
2020-02-23T12:45:00+09:00,J3,868,869,1737
2020-02-23T12:45:00+09:00,J4,1114,1079,2193
2020-02-23T12:45:00+09:00,J5,356,406,762
2020-02-23T13:00:00+09:00,J1,796,866,1662
2020-02-23T13:00:00+09:00,J2,610,521,1131
2020-02-23T13:00:00+09:00,J3,942,851,1793
2020-02-23T13:00:00+09:00,J4,1166,1218,2384
2020-02-23T13:00:00+09:00,J5,376,290,666
2020-02-23T13:15:00+09:00,J1,819,937,1756
2020-02-23T13:15:00+09:00,J2,596,468,1064
2020-02-23T13:15:00+09:00,J3,901,820,1721
2020-02-23T13:15:00+09:00,J4,1108,1140,2248
2020-02-23T13:15:00+09:00,J5,411,384,795
2020-02-23T13:30:00+09:00,J1,822,887,1709
2020-02-23T13:30:00+09:00,J2,549,544,1093
2020-02-23T13:30:00+09:00,J3,904,747,1651
2020-02-23T13:30:00+09:00,J4,1090,1142,2232
2020-02-23T13:30:00+09:00,J5,424,403,827
2020-02-23T13:45:00+09:00,J1,826,846,1672
2020-02-23T13:45:00+09:00,J2,508,552,1060
2020-02-23T13:45:00+09:00,J3,873,744,1617
2020-02-23T13:45:00+09:00,J4,1167,1183,2350
2020-02-23T13:45:00+09:00,J5,377,353,730
2020-02-23T14:00:00+09:00,J1,838,902,1740
2020-02-23T14:00:00+09:00,J2,507,444,951
2020-02-23T14:00:00+09:00,J3,923,690,1613
2020-02-23T14:00:00+09:00,J4,984,1103,2087
2020-02-23T14:00:00+09:00,J5,485,523,1008
2020-02-23T14:15:00+09:00,J1,912,980,1892
2020-02-23T14:15:00+09:00,J2,442,275,717
2020-02-23T14:15:00+09:00,J3,950,676,1626
2020-02-23T14:15:00+09:00,J4,1069,1090,2159
2020-02-23T14:15:00+09:00,J5,642,626,1268
2020-02-23T14:30:00+09:00,J1,894,951,1845
2020-02-23T14:30:00+09:00,J2,455,393,848
2020-02-23T14:30:00+09:00,J3,1004,691,1695
2020-02-23T14:30:00+09:00,J4,1059,1038,2097
2020-02-23T14:30:00+09:00,J5,627,655,1282
2020-02-23T14:45:00+09:00,J1,868,883,1751
2020-02-23T14:45:00+09:00,J2,417,302,719
2020-02-23T14:45:00+09:00,J3,868,564,1432
2020-02-23T14:45:00+09:00,J4,1037,1108,2145
2020-02-23T14:45:00+09:00,J5,601,633,1234
2020-02-23T15:00:00+09:00,J1,894,897,1791
2020-02-23T15:00:00+09:00,J2,439,317,756
2020-02-23T15:00:00+09:00,J3,867,628,1495
2020-02-23T15:00:00+09:00,J4,1042,1057,2099
2020-02-23T15:00:00+09:00,J5,602,616,1218
2020-02-23T15:15:00+09:00,J1,904,887,1791
2020-02-23T15:15:00+09:00,J2,459,386,845
2020-02-23T15:15:00+09:00,J3,880,628,1508
2020-02-23T15:15:00+09:00,J4,1068,1101,2169
2020-02-23T15:15:00+09:00,J5,613,631,1244
2020-02-23T15:30:00+09:00,J1,894,925,1819
2020-02-23T15:30:00+09:00,J2,432,352,784
2020-02-23T15:30:00+09:00,J3,879,630,1509
2020-02-23T15:30:00+09:00,J4,1142,1142,2284
2020-02-23T15:30:00+09:00,J5,597,614,1211
2020-02-23T15:45:00+09:00,J1,932,941,1873
2020-02-23T15:45:00+09:00,J2,460,325,785
2020-02-23T15:45:00+09:00,J3,876,675,1551
2020-02-23T15:45:00+09:00,J4,1133,1243,2376
2020-02-23T15:45:00+09:00,J5,625,631,1256
2020-02-23T16:00:00+09:00,J1,899,930,1829
2020-02-23T16:00:00+09:00,J2,461,358,819
2020-02-23T16:00:00+09:00,J3,942,756,1698
2020-02-23T16:00:00+09:00,J4,1135,1118,2253
2020-02-23T16:00:00+09:00,J5,623,602,1225
2020-02-23T16:15:00+09:00,J1,966,852,1818
2020-02-23T16:15:00+09:00,J2,503,326,829
2020-02-23T16:15:00+09:00,J3,962,725,1687
2020-02-23T16:15:00+09:00,J4,1090,1134,2224
2020-02-23T16:15:00+09:00,J5,619,621,1240
2020-02-23T16:30:00+09:00,J1,938,938,1876
2020-02-23T16:30:00+09:00,J2,513,285,798
2020-02-23T16:30:00+09:00,J3,998,769,1767
2020-02-23T16:30:00+09:00,J4,1063,1094,2157
2020-02-23T16:30:00+09:00,J5,585,652,1237
2020-02-23T16:45:00+09:00,J1,914,892,1806
2020-02-23T16:45:00+09:00,J2,465,285,750
2020-02-23T16:45:00+09:00,J3,977,804,1781
2020-02-23T16:45:00+09:00,J4,1080,1046,2126
2020-02-23T16:45:00+09:00,J5,580,634,1214
2020-02-23T17:00:00+09:00,J1,905,861,1766
2020-02-23T17:00:00+09:00,J2,462,313,775
2020-02-23T17:00:00+09:00,J3,985,739,1724
2020-02-23T17:00:00+09:00,J4,1218,1101,2319
2020-02-23T17:00:00+09:00,J5,627,613,1240
2020-02-23T17:15:00+09:00,J1,838,907,1745
2020-02-23T17:15:00+09:00,J2,531,265,796
2020-02-23T17:15:00+09:00,J3,1055,673,1728
2020-02-23T17:15:00+09:00,J4,1123,1078,2201
2020-02-23T17:15:00+09:00,J5,583,658,1241
2020-02-23T17:30:00+09:00,J1,928,900,1828
2020-02-23T17:30:00+09:00,J2,523,326,849
2020-02-23T17:30:00+09:00,J3,1004,803,1807
2020-02-23T17:30:00+09:00,J4,1050,945,1995
2020-02-23T17:30:00+09:00,J5,568,628,1196
2020-02-23T17:45:00+09:00,J1,929,860,1789
2020-02-23T17:45:00+09:00,J2,436,274,710
2020-02-23T17:45:00+09:00,J3,1012,728,1740
2020-02-23T17:45:00+09:00,J4,1019,991,2010
2020-02-23T17:45:00+09:00,J5,513,562,1075
2020-02-23T18:00:00+09:00,J1,912,862,1774
2020-02-23T18:00:00+09:00,J2,428,296,724
2020-02-23T18:00:00+09:00,J3,870,764,1634
2020-02-23T18:00:00+09:00,J4,1042,1034,2076
2020-02-23T18:00:00+09:00,J5,535,596,1131
2020-02-23T18:15:00+09:00,J1,951,942,1893
2020-02-23T18:15:00+09:00,J2,479,273,752
2020-02-23T18:15:00+09:00,J3,872,738,1610
2020-02-23T18:15:00+09:00,J4,1119,1036,2155
2020-02-23T18:15:00+09:00,J5,558,651,1209
2020-02-23T18:30:00+09:00,J1,887,895,1782
2020-02-23T18:30:00+09:00,J2,437,249,686
2020-02-23T18:30:00+09:00,J3,959,618,1577
2020-02-23T18:30:00+09:00,J4,986,969,1955
2020-02-23T18:30:00+09:00,J5,380,359,739
2020-02-23T18:45:00+09:00,J1,842,899,1741
2020-02-23T18:45:00+09:00,J2,381,210,591
2020-02-23T18:45:00+09:00,J3,801,648,1449
2020-02-23T18:45:00+09:00,J4,887,1032,1919
2020-02-23T18:45:00+09:00,J5,304,305,609
2020-02-23T19:00:00+09:00,J1,841,910,1751
2020-02-23T19:00:00+09:00,J2,409,357,766
2020-02-23T19:00:00+09:00,J3,834,695,1529
2020-02-23T19:00:00+09:00,J4,916,1038,1954
2020-02-23T19:00:00+09:00,J5,322,321,643
2020-02-23T19:15:00+09:00,J1,815,913,1728
2020-02-23T19:15:00+09:00,J2,472,404,876
2020-02-23T19:15:00+09:00,J3,841,739,1580
2020-02-23T19:15:00+09:00,J4,1005,1050,2055
2020-02-23T19:15:00+09:00,J5,400,346,746
2020-02-23T19:30:00+09:00,J1,795,913,1708
2020-02-23T19:30:00+09:00,J2,482,366,848
2020-02-23T19:30:00+09:00,J3,789,653,1442
2020-02-23T19:30:00+09:00,J4,992,1039,2031
2020-02-23T19:30:00+09:00,J5,374,354,728
2020-02-23T19:45:00+09:00,J1,812,949,1761
2020-02-23T19:45:00+09:00,J2,412,413,825
2020-02-23T19:45:00+09:00,J3,730,620,1350
2020-02-23T19:45:00+09:00,J4,884,931,1815
2020-02-23T19:45:00+09:00,J5,421,348,769
2020-02-23T20:00:00+09:00,J1,798,915,1713
2020-02-23T20:00:00+09:00,J2,488,506,994
2020-02-23T20:00:00+09:00,J3,710,597,1307
2020-02-23T20:00:00+09:00,J4,955,1003,1958
2020-02-23T20:00:00+09:00,J5,398,372,770
2020-02-23T20:15:00+09:00,J1,828,879,1707
2020-02-23T20:15:00+09:00,J2,517,591,1108
2020-02-23T20:15:00+09:00,J3,800,612,1412
2020-02-23T20:15:00+09:00,J4,945,986,1931
2020-02-23T20:15:00+09:00,J5,378,387,765
2020-02-23T20:30:00+09:00,J1,818,907,1725
2020-02-23T20:30:00+09:00,J2,476,413,889
2020-02-23T20:30:00+09:00,J3,750,619,1369
2020-02-23T20:30:00+09:00,J4,974,965,1939
2020-02-23T20:30:00+09:00,J5,429,373,802
2020-02-23T20:45:00+09:00,J1,818,907,1725
2020-02-23T20:45:00+09:00,J2,327,265,592
2020-02-23T20:45:00+09:00,J3,732,690,1422
2020-02-23T20:45:00+09:00,J4,921,970,1891
2020-02-23T20:45:00+09:00,J5,418,368,786
2020-02-23T21:00:00+09:00,J1,782,806,1588
2020-02-23T21:00:00+09:00,J2,438,377,815
2020-02-23T21:00:00+09:00,J3,786,703,1489
2020-02-23T21:00:00+09:00,J4,889,957,1846
2020-02-23T21:00:00+09:00,J5,354,354,708
2020-02-23T21:15:00+09:00,J1,733,862,1595
2020-02-23T21:15:00+09:00,J2,516,543,1059
2020-02-23T21:15:00+09:00,J3,787,661,1448
2020-02-23T21:15:00+09:00,J4,974,963,1937
2020-02-23T21:15:00+09:00,J5,434,368,802
2020-02-23T21:30:00+09:00,J1,732,841,1573
2020-02-23T21:30:00+09:00,J2,369,431,800
2020-02-23T21:30:00+09:00,J3,729,685,1414
2020-02-23T21:30:00+09:00,J4,902,990,1892
2020-02-23T21:30:00+09:00,J5,430,491,921
2020-02-23T21:45:00+09:00,J1,790,844,1634
2020-02-23T21:45:00+09:00,J2,303,226,529
2020-02-23T21:45:00+09:00,J3,684,620,1304
2020-02-23T21:45:00+09:00,J4,891,938,1829
2020-02-23T21:45:00+09:00,J5,458,516,974
2020-02-23T22:00:00+09:00,J1,829,885,1714
2020-02-23T22:00:00+09:00,J2,343,296,639
2020-02-23T22:00:00+09:00,J3,777,671,1448
2020-02-23T22:00:00+09:00,J4,925,856,1781
2020-02-23T22:00:00+09:00,J5,508,503,1011
2020-02-23T22:15:00+09:00,J1,708,819,1527
2020-02-23T22:15:00+09:00,J2,325,329,654
2020-02-23T22:15:00+09:00,J3,711,671,1382
2020-02-23T22:15:00+09:00,J4,864,963,1827
2020-02-23T22:15:00+09:00,J5,463,530,993
2020-02-23T22:30:00+09:00,J1,656,839,1495
2020-02-23T22:30:00+09:00,J2,389,346,735
2020-02-23T22:30:00+09:00,J3,785,704,1489
2020-02-23T22:30:00+09:00,J4,886,921,1807
2020-02-23T22:30:00+09:00,J5,513,537,1050
2020-02-23T22:45:00+09:00,J1,660,728,1388
2020-02-23T22:45:00+09:00,J2,354,303,657
2020-02-23T22:45:00+09:00,J3,760,681,1441
2020-02-23T22:45:00+09:00,J4,922,881,1803
2020-02-23T22:45:00+09:00,J5,493,586,1079
2020-02-23T23:00:00+09:00,J1,644,752,1396
2020-02-23T23:00:00+09:00,J2,529,456,985
2020-02-23T23:00:00+09:00,J3,757,699,1456
2020-02-23T23:00:00+09:00,J4,823,892,1715
2020-02-23T23:00:00+09:00,J5,521,559,1080
2020-02-23T23:15:00+09:00,J1,598,703,1301
2020-02-23T23:15:00+09:00,J2,367,339,706
2020-02-23T23:15:00+09:00,J3,698,677,1375
2020-02-23T23:15:00+09:00,J4,882,931,1813
2020-02-23T23:15:00+09:00,J5,564,516,1080
2020-02-23T23:30:00+09:00,J1,634,738,1372
2020-02-23T23:30:00+09:00,J2,336,380,716
2020-02-23T23:30:00+09:00,J3,660,704,1364
2020-02-23T23:30:00+09:00,J4,811,856,1667
2020-02-23T23:30:00+09:00,J5,511,570,1081
2020-02-23T23:45:00+09:00,J1,688,655,1343
2020-02-23T23:45:00+09:00,J2,300,306,606
2020-02-23T23:45:00+09:00,J3,628,636,1264
2020-02-23T23:45:00+09:00,J4,799,818,1617
2020-02-23T23:45:00+09:00,J5,576,567,1143
2020-02-24T00:00:00+09:00,J1,690,684,1374
2020-02-24T00:00:00+09:00,J2,329,237,566
2020-02-24T00:00:00+09:00,J3,653,634,1287
2020-02-24T00:00:00+09:00,J4,758,773,1531
2020-02-24T00:00:00+09:00,J5,540,616,1156
2020-02-24T00:15:00+09:00,J1,516,541,1057
2020-02-24T00:15:00+09:00,J2,210,222,432
2020-02-24T00:15:00+09:00,J3,628,598,1226
2020-02-24T00:15:00+09:00,J4,561,586,1147
2020-02-24T00:15:00+09:00,J5,420,379,799
2020-02-24T00:30:00+09:00,J1,403,451,854
2020-02-24T00:30:00+09:00,J2,177,188,365
2020-02-24T00:30:00+09:00,J3,498,431,929
2020-02-24T00:30:00+09:00,J4,482,510,992
2020-02-24T00:30:00+09:00,J5,338,334,672
2020-02-24T00:45:00+09:00,J1,446,458,904
2020-02-24T00:45:00+09:00,J2,175,190,365
2020-02-24T00:45:00+09:00,J3,558,472,1030
2020-02-24T00:45:00+09:00,J4,432,458,890
2020-02-24T00:45:00+09:00,J5,362,291,653
2020-02-24T05:45:00+09:00,J1,476,551,1027
2020-02-24T05:45:00+09:00,J2,374,383,757
2020-02-24T05:45:00+09:00,J3,615,447,1062
2020-02-24T05:45:00+09:00,J4,689,725,1414
2020-02-24T05:45:00+09:00,J5,386,396,782
2020-02-24T06:00:00+09:00,J1,557,539,1096
2020-02-24T06:00:00+09:00,J2,229,274,503
2020-02-24T06:00:00+09:00,J3,661,510,1171
2020-02-24T06:00:00+09:00,J4,677,696,1373
2020-02-24T06:00:00+09:00,J5,386,381,767
2020-02-24T06:15:00+09:00,J1,519,590,1109
2020-02-24T06:15:00+09:00,J2,220,275,495
2020-02-24T06:15:00+09:00,J3,698,494,1192
2020-02-24T06:15:00+09:00,J4,811,844,1655
2020-02-24T06:15:00+09:00,J5,428,426,854
2020-02-24T06:30:00+09:00,J1,650,662,1312
2020-02-24T06:30:00+09:00,J2,195,243,438
2020-02-24T06:30:00+09:00,J3,683,512,1195
2020-02-24T06:30:00+09:00,J4,759,853,1612
2020-02-24T06:30:00+09:00,J5,393,373,766
2020-02-24T06:45:00+09:00,J1,630,666,1296
2020-02-24T06:45:00+09:00,J2,361,307,668
2020-02-24T06:45:00+09:00,J3,628,456,1084
2020-02-24T06:45:00+09:00,J4,742,886,1628
2020-02-24T06:45:00+09:00,J5,382,375,757
2020-02-24T07:00:00+09:00,J1,678,771,1449
2020-02-24T07:00:00+09:00,J2,460,437,897
2020-02-24T07:00:00+09:00,J3,639,499,1138
2020-02-24T07:00:00+09:00,J4,862,916,1778
2020-02-24T07:00:00+09:00,J5,445,401,846
2020-02-24T07:15:00+09:00,J1,734,759,1493
2020-02-24T07:15:00+09:00,J2,406,444,850
2020-02-24T07:15:00+09:00,J3,668,485,1153
2020-02-24T07:15:00+09:00,J4,851,870,1721
2020-02-24T07:15:00+09:00,J5,421,425,846
2020-02-24T07:30:00+09:00,J1,740,766,1506
2020-02-24T07:30:00+09:00,J2,368,418,786
2020-02-24T07:30:00+09:00,J3,712,523,1235
2020-02-24T07:30:00+09:00,J4,960,919,1879
2020-02-24T07:30:00+09:00,J5,490,482,972
2020-02-24T07:45:00+09:00,J1,762,733,1495
2020-02-24T07:45:00+09:00,J2,416,418,834
2020-02-24T07:45:00+09:00,J3,735,531,1266
2020-02-24T07:45:00+09:00,J4,922,893,1815
2020-02-24T07:45:00+09:00,J5,553,504,1057
2020-02-24T08:00:00+09:00,J1,855,959,1814
2020-02-24T08:00:00+09:00,J2,492,412,904
2020-02-24T08:00:00+09:00,J3,628,527,1155
2020-02-24T08:00:00+09:00,J4,977,921,1898
2020-02-24T08:00:00+09:00,J5,608,613,1221
2020-02-24T08:15:00+09:00,J1,879,945,1824
2020-02-24T08:15:00+09:00,J2,398,345,743
2020-02-24T08:15:00+09:00,J3,579,526,1105
2020-02-24T08:15:00+09:00,J4,984,1007,1991
2020-02-24T08:15:00+09:00,J5,585,621,1206
2020-02-24T08:30:00+09:00,J1,815,895,1710
2020-02-24T08:30:00+09:00,J2,460,410,870
2020-02-24T08:30:00+09:00,J3,521,505,1026
2020-02-24T08:30:00+09:00,J4,991,911,1902
2020-02-24T08:30:00+09:00,J5,565,645,1210
2020-02-24T08:45:00+09:00,J1,862,946,1808
2020-02-24T08:45:00+09:00,J2,478,396,874
2020-02-24T08:45:00+09:00,J3,800,722,1522
2020-02-24T08:45:00+09:00,J4,1024,992,2016
2020-02-24T08:45:00+09:00,J5,483,483,966
2020-02-24T09:00:00+09:00,J1,990,921,1911
2020-02-24T09:00:00+09:00,J2,585,503,1088
2020-02-24T09:00:00+09:00,J3,661,623,1284
2020-02-24T09:00:00+09:00,J4,1128,1108,2236
2020-02-24T09:00:00+09:00,J5,401,347,748
2020-02-24T09:15:00+09:00,J1,977,898,1875
2020-02-24T09:15:00+09:00,J2,744,608,1352
2020-02-24T09:15:00+09:00,J3,640,603,1243
2020-02-24T09:15:00+09:00,J4,1012,1054,2066
2020-02-24T09:15:00+09:00,J5,433,373,806
2020-02-24T09:30:00+09:00,J1,898,910,1808
2020-02-24T09:30:00+09:00,J2,625,531,1156
2020-02-24T09:30:00+09:00,J3,611,656,1267
2020-02-24T09:30:00+09:00,J4,983,1047,2030
2020-02-24T09:30:00+09:00,J5,441,380,821
2020-02-24T09:45:00+09:00,J1,874,906,1780
2020-02-24T09:45:00+09:00,J2,573,461,1034
2020-02-24T09:45:00+09:00,J3,567,557,1124
2020-02-24T09:45:00+09:00,J4,1026,1042,2068
2020-02-24T09:45:00+09:00,J5,428,358,786
2020-02-24T10:00:00+09:00,J1,879,829,1708
2020-02-24T10:00:00+09:00,J2,579,469,1048
2020-02-24T10:00:00+09:00,J3,554,536,1090
2020-02-24T10:00:00+09:00,J4,990,1024,2014
2020-02-24T10:00:00+09:00,J5,394,351,745
2020-02-24T10:15:00+09:00,J1,839,827,1666
2020-02-24T10:15:00+09:00,J2,553,495,1048
2020-02-24T10:15:00+09:00,J3,555,518,1073
2020-02-24T10:15:00+09:00,J4,880,1011,1891
2020-02-24T10:15:00+09:00,J5,422,368,790
2020-02-24T10:30:00+09:00,J1,845,797,1642
2020-02-24T10:30:00+09:00,J2,430,429,859
2020-02-24T10:30:00+09:00,J3,546,514,1060
2020-02-24T10:30:00+09:00,J4,838,970,1808
2020-02-24T10:30:00+09:00,J5,409,350,759
2020-02-24T10:45:00+09:00,J1,880,797,1677
2020-02-24T10:45:00+09:00,J2,437,412,849
2020-02-24T10:45:00+09:00,J3,595,576,1171
2020-02-24T10:45:00+09:00,J4,921,972,1893
2020-02-24T10:45:00+09:00,J5,360,359,719
2020-02-24T11:00:00+09:00,J1,881,935,1816
2020-02-24T11:00:00+09:00,J2,447,468,915
2020-02-24T11:00:00+09:00,J3,784,643,1427
2020-02-24T11:00:00+09:00,J4,938,1033,1971
2020-02-24T11:00:00+09:00,J5,495,541,1036
2020-02-24T11:15:00+09:00,J1,919,980,1899
2020-02-24T11:15:00+09:00,J2,454,430,884
2020-02-24T11:15:00+09:00,J3,841,690,1531
2020-02-24T11:15:00+09:00,J4,965,1041,2006
2020-02-24T11:15:00+09:00,J5,564,639,1203
2020-02-24T11:30:00+09:00,J1,842,962,1804
2020-02-24T11:30:00+09:00,J2,512,476,988
2020-02-24T11:30:00+09:00,J3,860,691,1551
2020-02-24T11:30:00+09:00,J4,977,1032,2009
2020-02-24T11:30:00+09:00,J5,582,653,1235
2020-02-24T11:45:00+09:00,J1,904,1013,1917
2020-02-24T11:45:00+09:00,J2,459,426,885
2020-02-24T11:45:00+09:00,J3,763,720,1483
2020-02-24T11:45:00+09:00,J4,1023,1037,2060
2020-02-24T11:45:00+09:00,J5,638,623,1261
2020-02-24T12:00:00+09:00,J1,1046,1062,2108
2020-02-24T12:00:00+09:00,J2,369,348,717
2020-02-24T12:00:00+09:00,J3,800,747,1547
2020-02-24T12:00:00+09:00,J4,984,1067,2051
2020-02-24T12:00:00+09:00,J5,634,684,1318
2020-02-24T12:15:00+09:00,J1,1021,1101,2122
2020-02-24T12:15:00+09:00,J2,294,268,562
2020-02-24T12:15:00+09:00,J3,743,638,1381
2020-02-24T12:15:00+09:00,J4,980,1041,2021
2020-02-24T12:15:00+09:00,J5,577,624,1201
2020-02-24T12:30:00+09:00,J1,939,978,1917
2020-02-24T12:30:00+09:00,J2,409,316,725
2020-02-24T12:30:00+09:00,J3,663,462,1125
2020-02-24T12:30:00+09:00,J4,1048,1071,2119
2020-02-24T12:30:00+09:00,J5,541,544,1085
2020-02-24T12:45:00+09:00,J1,939,985,1924
2020-02-24T12:45:00+09:00,J2,475,396,871
2020-02-24T12:45:00+09:00,J3,598,514,1112
2020-02-24T12:45:00+09:00,J4,957,1002,1959
2020-02-24T12:45:00+09:00,J5,431,481,912
2020-02-24T13:00:00+09:00,J1,929,954,1883
2020-02-24T13:00:00+09:00,J2,482,462,944
2020-02-24T13:00:00+09:00,J3,607,562,1169
2020-02-24T13:00:00+09:00,J4,967,1028,1995
2020-02-24T13:00:00+09:00,J5,549,577,1126
2020-02-24T13:15:00+09:00,J1,959,1020,1979
2020-02-24T13:15:00+09:00,J2,486,443,929
2020-02-24T13:15:00+09:00,J3,646,671,1317
2020-02-24T13:15:00+09:00,J4,971,993,1964
2020-02-24T13:15:00+09:00,J5,603,642,1245
2020-02-24T13:30:00+09:00,J1,957,920,1877
2020-02-24T13:30:00+09:00,J2,483,473,956
2020-02-24T13:30:00+09:00,J3,650,626,1276
2020-02-24T13:30:00+09:00,J4,989,1071,2060
2020-02-24T13:30:00+09:00,J5,605,607,1212
2020-02-24T13:45:00+09:00,J1,866,1015,1881
2020-02-24T13:45:00+09:00,J2,504,537,1041
2020-02-24T13:45:00+09:00,J3,706,655,1361
2020-02-24T13:45:00+09:00,J4,1018,1062,2080
2020-02-24T13:45:00+09:00,J5,605,645,1250
2020-02-24T14:00:00+09:00,J1,943,987,1930
2020-02-24T14:00:00+09:00,J2,562,541,1103
2020-02-24T14:00:00+09:00,J3,639,567,1206
2020-02-24T14:00:00+09:00,J4,1036,1056,2092
2020-02-24T14:00:00+09:00,J5,645,624,1269
2020-02-24T14:15:00+09:00,J1,962,965,1927
2020-02-24T14:15:00+09:00,J2,531,515,1046
2020-02-24T14:15:00+09:00,J3,578,573,1151
2020-02-24T14:15:00+09:00,J4,1091,1051,2142
2020-02-24T14:15:00+09:00,J5,628,694,1322
2020-02-24T14:30:00+09:00,J1,929,1033,1962
2020-02-24T14:30:00+09:00,J2,563,525,1088
2020-02-24T14:30:00+09:00,J3,697,605,1302
2020-02-24T14:30:00+09:00,J4,981,1035,2016
2020-02-24T14:30:00+09:00,J5,659,633,1292
2020-02-24T14:45:00+09:00,J1,942,1023,1965
2020-02-24T14:45:00+09:00,J2,496,582,1078
2020-02-24T14:45:00+09:00,J3,743,757,1500
2020-02-24T14:45:00+09:00,J4,1013,1023,2036
2020-02-24T14:45:00+09:00,J5,562,607,1169
2020-02-24T15:00:00+09:00,J1,974,937,1911
2020-02-24T15:00:00+09:00,J2,460,500,960
2020-02-24T15:00:00+09:00,J3,707,683,1390
2020-02-24T15:00:00+09:00,J4,1028,965,1993
2020-02-24T15:00:00+09:00,J5,593,633,1226
2020-02-24T15:15:00+09:00,J1,925,1042,1967
2020-02-24T15:15:00+09:00,J2,452,491,943
2020-02-24T15:15:00+09:00,J3,708,763,1471
2020-02-24T15:15:00+09:00,J4,1078,1043,2121
2020-02-24T15:15:00+09:00,J5,612,625,1237
2020-02-24T15:30:00+09:00,J1,958,945,1903
2020-02-24T15:30:00+09:00,J2,484,620,1104
2020-02-24T15:30:00+09:00,J3,755,833,1588
2020-02-24T15:30:00+09:00,J4,1001,1083,2084
2020-02-24T15:30:00+09:00,J5,612,657,1269
2020-02-24T15:45:00+09:00,J1,916,988,1904
2020-02-24T15:45:00+09:00,J2,451,573,1024
2020-02-24T15:45:00+09:00,J3,762,955,1717
2020-02-24T15:45:00+09:00,J4,1013,1105,2118
2020-02-24T15:45:00+09:00,J5,628,639,1267
2020-02-24T16:00:00+09:00,J1,931,980,1911
2020-02-24T16:00:00+09:00,J2,449,448,897
2020-02-24T16:00:00+09:00,J3,911,894,1805
2020-02-24T16:00:00+09:00,J4,1031,1006,2037
2020-02-24T16:00:00+09:00,J5,610,588,1198
2020-02-24T16:15:00+09:00,J1,944,1027,1971
2020-02-24T16:15:00+09:00,J2,336,322,658
2020-02-24T16:15:00+09:00,J3,956,783,1739
2020-02-24T16:15:00+09:00,J4,968,1003,1971
2020-02-24T16:15:00+09:00,J5,592,591,1183
2020-02-24T16:30:00+09:00,J1,944,955,1899
2020-02-24T16:30:00+09:00,J2,396,317,713
2020-02-24T16:30:00+09:00,J3,981,725,1706
2020-02-24T16:30:00+09:00,J4,986,1037,2023
2020-02-24T16:30:00+09:00,J5,506,545,1051
2020-02-24T16:45:00+09:00,J1,908,1028,1936
2020-02-24T16:45:00+09:00,J2,377,286,663
2020-02-24T16:45:00+09:00,J3,933,684,1617
2020-02-24T16:45:00+09:00,J4,1000,1006,2006
2020-02-24T16:45:00+09:00,J5,539,552,1091
2020-02-24T17:00:00+09:00,J1,969,993,1962
2020-02-24T17:00:00+09:00,J2,405,391,796
2020-02-24T17:00:00+09:00,J3,791,792,1583
2020-02-24T17:00:00+09:00,J4,1050,997,2047
2020-02-24T17:00:00+09:00,J5,608,615,1223
2020-02-24T17:15:00+09:00,J1,1004,1017,2021
2020-02-24T17:15:00+09:00,J2,629,534,1163
2020-02-24T17:15:00+09:00,J3,889,793,1682
2020-02-24T17:15:00+09:00,J4,1035,1055,2090
2020-02-24T17:15:00+09:00,J5,632,655,1287
2020-02-24T17:30:00+09:00,J1,1024,1040,2064
2020-02-24T17:30:00+09:00,J2,464,376,840
2020-02-24T17:30:00+09:00,J3,890,830,1720
2020-02-24T17:30:00+09:00,J4,913,965,1878
2020-02-24T17:30:00+09:00,J5,604,698,1302
2020-02-24T17:45:00+09:00,J1,1028,995,2023
2020-02-24T17:45:00+09:00,J2,420,307,727
2020-02-24T17:45:00+09:00,J3,834,776,1610
2020-02-24T17:45:00+09:00,J4,991,1049,2040
2020-02-24T17:45:00+09:00,J5,661,655,1316
2020-02-24T18:00:00+09:00,J1,1049,1009,2058
2020-02-24T18:00:00+09:00,J2,401,286,687
2020-02-24T18:00:00+09:00,J3,904,737,1641
2020-02-24T18:00:00+09:00,J4,955,1055,2010
2020-02-24T18:00:00+09:00,J5,621,659,1280
2020-02-24T18:15:00+09:00,J1,1016,930,1946
2020-02-24T18:15:00+09:00,J2,392,331,723
2020-02-24T18:15:00+09:00,J3,1039,829,1868
2020-02-24T18:15:00+09:00,J4,1046,1025,2071
2020-02-24T18:15:00+09:00,J5,637,622,1259
2020-02-24T18:30:00+09:00,J1,927,969,1896
2020-02-24T18:30:00+09:00,J2,506,505,1011
2020-02-24T18:30:00+09:00,J3,816,664,1480
2020-02-24T18:30:00+09:00,J4,1009,1143,2152
2020-02-24T18:30:00+09:00,J5,417,467,884
2020-02-24T18:45:00+09:00,J1,887,982,1869
2020-02-24T18:45:00+09:00,J2,618,543,1161
2020-02-24T18:45:00+09:00,J3,729,684,1413
2020-02-24T18:45:00+09:00,J4,875,878,1753
2020-02-24T18:45:00+09:00,J5,335,359,694
2020-02-24T19:00:00+09:00,J1,835,934,1769
2020-02-24T19:00:00+09:00,J2,428,445,873
2020-02-24T19:00:00+09:00,J3,706,600,1306
2020-02-24T19:00:00+09:00,J4,908,1009,1917
2020-02-24T19:00:00+09:00,J5,309,312,621
2020-02-24T19:15:00+09:00,J1,819,871,1690
2020-02-24T19:15:00+09:00,J2,370,319,689
2020-02-24T19:15:00+09:00,J3,783,652,1435
2020-02-24T19:15:00+09:00,J4,948,1005,1953
2020-02-24T19:15:00+09:00,J5,337,327,664
2020-02-24T19:30:00+09:00,J1,795,943,1738
2020-02-24T19:30:00+09:00,J2,360,398,758
2020-02-24T19:30:00+09:00,J3,595,579,1174
2020-02-24T19:30:00+09:00,J4,946,1047,1993
2020-02-24T19:30:00+09:00,J5,360,332,692
2020-02-24T19:45:00+09:00,J1,865,857,1722
2020-02-24T19:45:00+09:00,J2,366,303,669
2020-02-24T19:45:00+09:00,J3,635,576,1211
2020-02-24T19:45:00+09:00,J4,949,956,1905
2020-02-24T19:45:00+09:00,J5,331,303,634
2020-02-24T20:00:00+09:00,J1,821,902,1723
2020-02-24T20:00:00+09:00,J2,406,369,775
2020-02-24T20:00:00+09:00,J3,718,608,1326
2020-02-24T20:00:00+09:00,J4,1015,1007,2022
2020-02-24T20:00:00+09:00,J5,361,342,703
2020-02-24T20:15:00+09:00,J1,839,896,1735
2020-02-24T20:15:00+09:00,J2,428,360,788
2020-02-24T20:15:00+09:00,J3,651,635,1286
2020-02-24T20:15:00+09:00,J4,943,956,1899
2020-02-24T20:15:00+09:00,J5,364,317,681
2020-02-24T20:30:00+09:00,J1,814,852,1666
2020-02-24T20:30:00+09:00,J2,406,346,752
2020-02-24T20:30:00+09:00,J3,663,666,1329
2020-02-24T20:30:00+09:00,J4,1035,1003,2038
2020-02-24T20:30:00+09:00,J5,359,312,671
2020-02-24T20:45:00+09:00,J1,826,925,1751
2020-02-24T20:45:00+09:00,J2,327,294,621
2020-02-24T20:45:00+09:00,J3,688,722,1410
2020-02-24T20:45:00+09:00,J4,1007,958,1965
2020-02-24T20:45:00+09:00,J5,369,303,672
2020-02-24T21:00:00+09:00,J1,775,838,1613
2020-02-24T21:00:00+09:00,J2,380,370,750
2020-02-24T21:00:00+09:00,J3,730,543,1273
2020-02-24T21:00:00+09:00,J4,930,1017,1947
2020-02-24T21:00:00+09:00,J5,410,345,755
2020-02-24T21:15:00+09:00,J1,732,841,1573
2020-02-24T21:15:00+09:00,J2,411,397,808
2020-02-24T21:15:00+09:00,J3,623,493,1116
2020-02-24T21:15:00+09:00,J4,907,1010,1917
2020-02-24T21:15:00+09:00,J5,422,418,840
2020-02-24T21:30:00+09:00,J1,779,770,1549
2020-02-24T21:30:00+09:00,J2,385,344,729
2020-02-24T21:30:00+09:00,J3,613,462,1075
2020-02-24T21:30:00+09:00,J4,1020,980,2000
2020-02-24T21:30:00+09:00,J5,439,451,890
2020-02-24T21:45:00+09:00,J1,754,845,1599
2020-02-24T21:45:00+09:00,J2,292,268,560
2020-02-24T21:45:00+09:00,J3,563,553,1116
2020-02-24T21:45:00+09:00,J4,1006,952,1958
2020-02-24T21:45:00+09:00,J5,394,478,872
2020-02-24T22:00:00+09:00,J1,752,835,1587
2020-02-24T22:00:00+09:00,J2,300,288,588
2020-02-24T22:00:00+09:00,J3,457,475,932
2020-02-24T22:00:00+09:00,J4,895,888,1783
2020-02-24T22:00:00+09:00,J5,451,543,994
2020-02-24T22:15:00+09:00,J1,723,777,1500
2020-02-24T22:15:00+09:00,J2,322,338,660
2020-02-24T22:15:00+09:00,J3,449,507,956
2020-02-24T22:15:00+09:00,J4,828,943,1771
2020-02-24T22:15:00+09:00,J5,470,548,1018
2020-02-24T22:30:00+09:00,J1,754,784,1538
2020-02-24T22:30:00+09:00,J2,322,346,668
2020-02-24T22:30:00+09:00,J3,517,516,1033
2020-02-24T22:30:00+09:00,J4,911,976,1887
2020-02-24T22:30:00+09:00,J5,494,539,1033
2020-02-24T22:45:00+09:00,J1,675,802,1477
2020-02-24T22:45:00+09:00,J2,378,359,737
2020-02-24T22:45:00+09:00,J3,625,610,1235
2020-02-24T22:45:00+09:00,J4,895,917,1812
2020-02-24T22:45:00+09:00,J5,484,624,1108
2020-02-24T23:00:00+09:00,J1,722,790,1512
2020-02-24T23:00:00+09:00,J2,378,344,722
2020-02-24T23:00:00+09:00,J3,567,536,1103
2020-02-24T23:00:00+09:00,J4,790,873,1663
2020-02-24T23:00:00+09:00,J5,551,577,1128
2020-02-24T23:15:00+09:00,J1,714,814,1528
2020-02-24T23:15:00+09:00,J2,379,347,726
2020-02-24T23:15:00+09:00,J3,529,585,1114
2020-02-24T23:15:00+09:00,J4,831,960,1791
2020-02-24T23:15:00+09:00,J5,474,545,1019
2020-02-24T23:30:00+09:00,J1,692,741,1433
2020-02-24T23:30:00+09:00,J2,354,348,702
2020-02-24T23:30:00+09:00,J3,503,536,1039
2020-02-24T23:30:00+09:00,J4,780,868,1648
2020-02-24T23:30:00+09:00,J5,573,602,1175
2020-02-24T23:45:00+09:00,J1,692,792,1484
2020-02-24T23:45:00+09:00,J2,271,232,503
2020-02-24T23:45:00+09:00,J3,480,460,940
2020-02-24T23:45:00+09:00,J4,747,765,1512
2020-02-24T23:45:00+09:00,J5,533,607,1140
2020-02-25T00:00:00+09:00,J1,642,642,1284
2020-02-25T00:00:00+09:00,J2,357,252,609
2020-02-25T00:00:00+09:00,J3,492,539,1031
2020-02-25T00:00:00+09:00,J4,684,676,1360
2020-02-25T00:00:00+09:00,J5,537,602,1139
2020-02-25T00:15:00+09:00,J1,638,651,1289
2020-02-25T00:15:00+09:00,J2,280,234,514
2020-02-25T00:15:00+09:00,J3,724,603,1327
2020-02-25T00:15:00+09:00,J4,579,572,1151
2020-02-25T00:15:00+09:00,J5,470,459,929
2020-02-25T00:30:00+09:00,J1,441,441,882
2020-02-25T00:30:00+09:00,J2,215,215,430
2020-02-25T00:30:00+09:00,J3,717,661,1378
2020-02-25T00:30:00+09:00,J4,557,582,1139
2020-02-25T00:30:00+09:00,J5,392,364,756
2020-02-25T00:45:00+09:00,J1,542,558,1100
2020-02-25T00:45:00+09:00,J2,212,173,385
2020-02-25T00:45:00+09:00,J3,699,589,1288
2020-02-25T00:45:00+09:00,J4,483,506,989
2020-02-25T00:45:00+09:00,J5,414,352,766
2020-02-25T05:45:00+09:00,J1,722,665,1387
2020-02-25T05:45:00+09:00,J2,478,428,906
2020-02-25T05:45:00+09:00,J3,535,486,1021
2020-02-25T05:45:00+09:00,J4,755,840,1595
2020-02-25T05:45:00+09:00,J5,305,305,610
2020-02-25T06:00:00+09:00,J1,710,724,1434
2020-02-25T06:00:00+09:00,J2,431,373,804
2020-02-25T06:00:00+09:00,J3,682,526,1208
2020-02-25T06:00:00+09:00,J4,820,866,1686
2020-02-25T06:00:00+09:00,J5,341,325,666
2020-02-25T06:15:00+09:00,J1,704,734,1438
2020-02-25T06:15:00+09:00,J2,471,399,870
2020-02-25T06:15:00+09:00,J3,693,499,1192
2020-02-25T06:15:00+09:00,J4,826,868,1694
2020-02-25T06:15:00+09:00,J5,350,319,669
2020-02-25T06:30:00+09:00,J1,706,683,1389
2020-02-25T06:30:00+09:00,J2,513,417,930
2020-02-25T06:30:00+09:00,J3,648,496,1144
2020-02-25T06:30:00+09:00,J4,830,878,1708
2020-02-25T06:30:00+09:00,J5,389,343,732
2020-02-25T06:45:00+09:00,J1,711,725,1436
2020-02-25T06:45:00+09:00,J2,556,500,1056
2020-02-25T06:45:00+09:00,J3,701,537,1238
2020-02-25T06:45:00+09:00,J4,825,889,1714
2020-02-25T06:45:00+09:00,J5,452,405,857
2020-02-25T07:00:00+09:00,J1,779,795,1574
2020-02-25T07:00:00+09:00,J2,431,518,949
2020-02-25T07:00:00+09:00,J3,749,583,1332
2020-02-25T07:00:00+09:00,J4,908,1018,1926
2020-02-25T07:00:00+09:00,J5,507,440,947
2020-02-25T07:15:00+09:00,J1,830,863,1693
2020-02-25T07:15:00+09:00,J2,522,517,1039
2020-02-25T07:15:00+09:00,J3,798,636,1434
2020-02-25T07:15:00+09:00,J4,996,1041,2037
2020-02-25T07:15:00+09:00,J5,576,582,1158
2020-02-25T07:30:00+09:00,J1,825,855,1680
2020-02-25T07:30:00+09:00,J2,533,391,924
2020-02-25T07:30:00+09:00,J3,940,806,1746
2020-02-25T07:30:00+09:00,J4,1058,1125,2183
2020-02-25T07:30:00+09:00,J5,579,604,1183
2020-02-25T07:45:00+09:00,J1,802,938,1740
2020-02-25T07:45:00+09:00,J2,467,293,760
2020-02-25T07:45:00+09:00,J3,892,815,1707
2020-02-25T07:45:00+09:00,J4,1152,1290,2442
2020-02-25T07:45:00+09:00,J5,637,673,1310
2020-02-25T08:00:00+09:00,J1,901,868,1769
2020-02-25T08:00:00+09:00,J2,758,503,1261
2020-02-25T08:00:00+09:00,J3,1029,807,1836
2020-02-25T08:00:00+09:00,J4,1196,1387,2583
2020-02-25T08:00:00+09:00,J5,731,786,1517
2020-02-25T08:15:00+09:00,J1,916,1028,1944
2020-02-25T08:15:00+09:00,J2,745,378,1123
2020-02-25T08:15:00+09:00,J3,1053,949,2002
2020-02-25T08:15:00+09:00,J4,1271,1375,2646
2020-02-25T08:15:00+09:00,J5,662,747,1409
2020-02-25T08:30:00+09:00,J1,974,1008,1982
2020-02-25T08:30:00+09:00,J2,762,508,1270
2020-02-25T08:30:00+09:00,J3,972,894,1866
2020-02-25T08:30:00+09:00,J4,1239,1360,2599
2020-02-25T08:30:00+09:00,J5,704,739,1443
2020-02-25T08:45:00+09:00,J1,1009,960,1969
2020-02-25T08:45:00+09:00,J2,604,448,1052
2020-02-25T08:45:00+09:00,J3,855,822,1677
2020-02-25T08:45:00+09:00,J4,1190,1200,2390
2020-02-25T08:45:00+09:00,J5,588,644,1232
2020-02-25T09:00:00+09:00,J1,908,984,1892
2020-02-25T09:00:00+09:00,J2,536,294,830
2020-02-25T09:00:00+09:00,J3,854,777,1631
2020-02-25T09:00:00+09:00,J4,1076,1074,2150
2020-02-25T09:00:00+09:00,J5,538,598,1136
2020-02-25T09:15:00+09:00,J1,869,755,1624
2020-02-25T09:15:00+09:00,J2,469,449,918
2020-02-25T09:15:00+09:00,J3,612,532,1144
2020-02-25T09:15:00+09:00,J4,968,1134,2102
2020-02-25T09:15:00+09:00,J5,356,386,742
2020-02-25T09:30:00+09:00,J1,885,825,1710
2020-02-25T09:30:00+09:00,J2,549,327,876
2020-02-25T09:30:00+09:00,J3,611,654,1265
2020-02-25T09:30:00+09:00,J4,1078,1089,2167
2020-02-25T09:30:00+09:00,J5,369,384,753
2020-02-25T09:45:00+09:00,J1,902,856,1758
2020-02-25T09:45:00+09:00,J2,484,376,860
2020-02-25T09:45:00+09:00,J3,639,630,1269
2020-02-25T09:45:00+09:00,J4,1017,1031,2048
2020-02-25T09:45:00+09:00,J5,437,399,836
2020-02-25T10:00:00+09:00,J1,848,825,1673
2020-02-25T10:00:00+09:00,J2,439,416,855
2020-02-25T10:00:00+09:00,J3,588,606,1194
2020-02-25T10:00:00+09:00,J4,983,976,1959
2020-02-25T10:00:00+09:00,J5,443,358,801
2020-02-25T10:15:00+09:00,J1,890,801,1691
2020-02-25T10:15:00+09:00,J2,495,399,894
2020-02-25T10:15:00+09:00,J3,622,681,1303
2020-02-25T10:15:00+09:00,J4,961,1015,1976
2020-02-25T10:15:00+09:00,J5,457,363,820
2020-02-25T10:30:00+09:00,J1,954,946,1900
2020-02-25T10:30:00+09:00,J2,463,432,895
2020-02-25T10:30:00+09:00,J3,627,653,1280
2020-02-25T10:30:00+09:00,J4,1003,946,1949
2020-02-25T10:30:00+09:00,J5,406,395,801
2020-02-25T10:45:00+09:00,J1,883,924,1807
2020-02-25T10:45:00+09:00,J2,504,422,926
2020-02-25T10:45:00+09:00,J3,695,722,1417
2020-02-25T10:45:00+09:00,J4,958,952,1910
2020-02-25T10:45:00+09:00,J5,435,387,822
2020-02-25T11:00:00+09:00,J1,911,941,1852
2020-02-25T11:00:00+09:00,J2,458,429,887
2020-02-25T11:00:00+09:00,J3,712,741,1453
2020-02-25T11:00:00+09:00,J4,1003,1030,2033
2020-02-25T11:00:00+09:00,J5,431,412,843
2020-02-25T11:15:00+09:00,J1,910,958,1868
2020-02-25T11:15:00+09:00,J2,408,440,848
2020-02-25T11:15:00+09:00,J3,642,586,1228
2020-02-25T11:15:00+09:00,J4,863,1015,1878
2020-02-25T11:15:00+09:00,J5,448,487,935
2020-02-25T11:30:00+09:00,J1,901,959,1860
2020-02-25T11:30:00+09:00,J2,428,488,916
2020-02-25T11:30:00+09:00,J3,788,754,1542
2020-02-25T11:30:00+09:00,J4,938,1106,2044
2020-02-25T11:30:00+09:00,J5,642,635,1277
2020-02-25T11:45:00+09:00,J1,948,922,1870
2020-02-25T11:45:00+09:00,J2,413,441,854
2020-02-25T11:45:00+09:00,J3,851,690,1541
2020-02-25T11:45:00+09:00,J4,880,1035,1915
2020-02-25T11:45:00+09:00,J5,662,609,1271
2020-02-25T12:00:00+09:00,J1,958,1014,1972
2020-02-25T12:00:00+09:00,J2,440,426,866
2020-02-25T12:00:00+09:00,J3,871,717,1588
2020-02-25T12:00:00+09:00,J4,979,1110,2089
2020-02-25T12:00:00+09:00,J5,675,715,1390
2020-02-25T12:15:00+09:00,J1,921,1002,1923
2020-02-25T12:15:00+09:00,J2,414,403,817
2020-02-25T12:15:00+09:00,J3,903,753,1656
2020-02-25T12:15:00+09:00,J4,1041,1184,2225
2020-02-25T12:15:00+09:00,J5,711,705,1416
2020-02-25T12:30:00+09:00,J1,905,995,1900
2020-02-25T12:30:00+09:00,J2,458,359,817
2020-02-25T12:30:00+09:00,J3,867,781,1648
2020-02-25T12:30:00+09:00,J4,1054,1128,2182
2020-02-25T12:30:00+09:00,J5,611,612,1223
2020-02-25T12:45:00+09:00,J1,927,954,1881
2020-02-25T12:45:00+09:00,J2,416,363,779
2020-02-25T12:45:00+09:00,J3,762,814,1576
2020-02-25T12:45:00+09:00,J4,1007,1059,2066
2020-02-25T12:45:00+09:00,J5,434,511,945
2020-02-25T13:00:00+09:00,J1,814,838,1652
2020-02-25T13:00:00+09:00,J2,325,278,603
2020-02-25T13:00:00+09:00,J3,687,735,1422
2020-02-25T13:00:00+09:00,J4,898,888,1786
2020-02-25T13:00:00+09:00,J5,319,356,675
2020-02-25T13:15:00+09:00,J1,1069,1112,2181
2020-02-25T13:15:00+09:00,J2,442,369,811
2020-02-25T13:15:00+09:00,J3,853,1004,1857
2020-02-25T13:15:00+09:00,J4,1149,1184,2333
2020-02-25T13:15:00+09:00,J5,495,594,1089
2020-02-25T13:30:00+09:00,J1,939,969,1908
2020-02-25T13:30:00+09:00,J2,363,295,658
2020-02-25T13:30:00+09:00,J3,775,835,1610
2020-02-25T13:30:00+09:00,J4,1043,1035,2078
2020-02-25T13:30:00+09:00,J5,580,645,1225
2020-02-25T13:45:00+09:00,J1,921,962,1883
2020-02-25T13:45:00+09:00,J2,384,272,656
2020-02-25T13:45:00+09:00,J3,734,778,1512
2020-02-25T13:45:00+09:00,J4,1039,1108,2147
2020-02-25T13:45:00+09:00,J5,677,649,1326
2020-02-25T14:00:00+09:00,J1,927,982,1909
2020-02-25T14:00:00+09:00,J2,346,297,643
2020-02-25T14:00:00+09:00,J3,835,854,1689
2020-02-25T14:00:00+09:00,J4,971,1061,2032
2020-02-25T14:00:00+09:00,J5,641,653,1294
2020-02-25T14:15:00+09:00,J1,983,987,1970
2020-02-25T14:15:00+09:00,J2,349,297,646
2020-02-25T14:15:00+09:00,J3,753,848,1601
2020-02-25T14:15:00+09:00,J4,984,1046,2030
2020-02-25T14:15:00+09:00,J5,676,703,1379
2020-02-25T14:30:00+09:00,J1,949,931,1880
2020-02-25T14:30:00+09:00,J2,348,340,688
2020-02-25T14:30:00+09:00,J3,835,859,1694
2020-02-25T14:30:00+09:00,J4,1049,1035,2084
2020-02-25T14:30:00+09:00,J5,641,700,1341
2020-02-25T14:45:00+09:00,J1,954,948,1902
2020-02-25T14:45:00+09:00,J2,370,339,709
2020-02-25T14:45:00+09:00,J3,764,765,1529
2020-02-25T14:45:00+09:00,J4,957,1065,2022
2020-02-25T14:45:00+09:00,J5,692,660,1352
2020-02-25T15:00:00+09:00,J1,962,959,1921
2020-02-25T15:00:00+09:00,J2,419,332,751
2020-02-25T15:00:00+09:00,J3,745,838,1583
2020-02-25T15:00:00+09:00,J4,965,972,1937
2020-02-25T15:00:00+09:00,J5,629,652,1281
2020-02-25T15:15:00+09:00,J1,918,1025,1943
2020-02-25T15:15:00+09:00,J2,397,322,719
2020-02-25T15:15:00+09:00,J3,823,839,1662
2020-02-25T15:15:00+09:00,J4,895,822,1717
2020-02-25T15:15:00+09:00,J5,682,603,1285
2020-02-25T15:30:00+09:00,J1,970,1045,2015
2020-02-25T15:30:00+09:00,J2,397,351,748
2020-02-25T15:30:00+09:00,J3,833,817,1650
2020-02-25T15:30:00+09:00,J4,816,858,1674
2020-02-25T15:30:00+09:00,J5,577,649,1226
2020-02-25T15:45:00+09:00,J1,979,960,1939
2020-02-25T15:45:00+09:00,J2,372,346,718
2020-02-25T15:45:00+09:00,J3,850,789,1639
2020-02-25T15:45:00+09:00,J4,792,923,1715
2020-02-25T15:45:00+09:00,J5,641,697,1338
2020-02-25T16:00:00+09:00,J1,952,989,1941
2020-02-25T16:00:00+09:00,J2,406,393,799
2020-02-25T16:00:00+09:00,J3,779,725,1504
2020-02-25T16:00:00+09:00,J4,700,869,1569
2020-02-25T16:00:00+09:00,J5,662,645,1307
2020-02-25T16:15:00+09:00,J1,919,979,1898
2020-02-25T16:15:00+09:00,J2,383,377,760
2020-02-25T16:15:00+09:00,J3,702,804,1506
2020-02-25T16:15:00+09:00,J4,820,948,1768
2020-02-25T16:15:00+09:00,J5,683,678,1361
2020-02-25T16:30:00+09:00,J1,926,1006,1932
2020-02-25T16:30:00+09:00,J2,421,320,741
2020-02-25T16:30:00+09:00,J3,946,756,1702
2020-02-25T16:30:00+09:00,J4,815,893,1708
2020-02-25T16:30:00+09:00,J5,615,678,1293
2020-02-25T16:45:00+09:00,J1,947,1020,1967
2020-02-25T16:45:00+09:00,J2,371,346,717
2020-02-25T16:45:00+09:00,J3,929,778,1707
2020-02-25T16:45:00+09:00,J4,779,925,1704
2020-02-25T16:45:00+09:00,J5,602,659,1261
2020-02-25T17:00:00+09:00,J1,954,984,1938
2020-02-25T17:00:00+09:00,J2,464,383,847
2020-02-25T17:00:00+09:00,J3,946,939,1885
2020-02-25T17:00:00+09:00,J4,725,861,1586
2020-02-25T17:00:00+09:00,J5,607,715,1322
2020-02-25T17:15:00+09:00,J1,960,1012,1972
2020-02-25T17:15:00+09:00,J2,481,431,912
2020-02-25T17:15:00+09:00,J3,1030,875,1905
2020-02-25T17:15:00+09:00,J4,775,794,1569
2020-02-25T17:15:00+09:00,J5,665,811,1476
2020-02-25T17:30:00+09:00,J1,969,1035,2004
2020-02-25T17:30:00+09:00,J2,490,554,1044
2020-02-25T17:30:00+09:00,J3,1106,868,1974
2020-02-25T17:30:00+09:00,J4,844,786,1630
2020-02-25T17:30:00+09:00,J5,638,809,1447
2020-02-25T17:45:00+09:00,J1,923,1052,1975
2020-02-25T17:45:00+09:00,J2,530,665,1195
2020-02-25T17:45:00+09:00,J3,1139,848,1987
2020-02-25T17:45:00+09:00,J4,904,843,1747
2020-02-25T17:45:00+09:00,J5,613,776,1389
2020-02-25T18:00:00+09:00,J1,969,975,1944
2020-02-25T18:00:00+09:00,J2,542,685,1227
2020-02-25T18:00:00+09:00,J3,1084,842,1926
2020-02-25T18:00:00+09:00,J4,906,797,1703
2020-02-25T18:00:00+09:00,J5,620,735,1355
2020-02-25T18:15:00+09:00,J1,1097,894,1991
2020-02-25T18:15:00+09:00,J2,576,595,1171
2020-02-25T18:15:00+09:00,J3,994,864,1858
2020-02-25T18:15:00+09:00,J4,947,813,1760
2020-02-25T18:15:00+09:00,J5,505,652,1157
2020-02-25T18:30:00+09:00,J1,951,884,1835
2020-02-25T18:30:00+09:00,J2,529,502,1031
2020-02-25T18:30:00+09:00,J3,1000,812,1812
2020-02-25T18:30:00+09:00,J4,885,1004,1889
2020-02-25T18:30:00+09:00,J5,389,509,898
2020-02-25T18:45:00+09:00,J1,964,823,1787
2020-02-25T18:45:00+09:00,J2,501,370,871
2020-02-25T18:45:00+09:00,J3,930,751,1681
2020-02-25T18:45:00+09:00,J4,994,990,1984
2020-02-25T18:45:00+09:00,J5,383,426,809
2020-02-25T19:00:00+09:00,J1,832,923,1755
2020-02-25T19:00:00+09:00,J2,433,340,773
2020-02-25T19:00:00+09:00,J3,908,707,1615
2020-02-25T19:00:00+09:00,J4,1043,902,1945
2020-02-25T19:00:00+09:00,J5,418,438,856
2020-02-25T19:15:00+09:00,J1,845,920,1765
2020-02-25T19:15:00+09:00,J2,496,417,913
2020-02-25T19:15:00+09:00,J3,888,751,1639
2020-02-25T19:15:00+09:00,J4,1104,885,1989
2020-02-25T19:15:00+09:00,J5,453,410,863
2020-02-25T19:30:00+09:00,J1,837,966,1803
2020-02-25T19:30:00+09:00,J2,430,354,784
2020-02-25T19:30:00+09:00,J3,867,758,1625
2020-02-25T19:30:00+09:00,J4,1031,841,1872
2020-02-25T19:30:00+09:00,J5,382,386,768
2020-02-25T19:45:00+09:00,J1,803,900,1703
2020-02-25T19:45:00+09:00,J2,428,383,811
2020-02-25T19:45:00+09:00,J3,735,682,1417
2020-02-25T19:45:00+09:00,J4,967,863,1830
2020-02-25T19:45:00+09:00,J5,352,362,714
2020-02-25T20:00:00+09:00,J1,842,830,1672
2020-02-25T20:00:00+09:00,J2,522,546,1068
2020-02-25T20:00:00+09:00,J3,757,698,1455
2020-02-25T20:00:00+09:00,J4,900,826,1726
2020-02-25T20:00:00+09:00,J5,356,349,705
2020-02-25T20:15:00+09:00,J1,829,872,1701
2020-02-25T20:15:00+09:00,J2,540,563,1103
2020-02-25T20:15:00+09:00,J3,664,575,1239
2020-02-25T20:15:00+09:00,J4,874,841,1715
2020-02-25T20:15:00+09:00,J5,384,391,775
2020-02-25T20:30:00+09:00,J1,861,884,1745
2020-02-25T20:30:00+09:00,J2,550,520,1070
2020-02-25T20:30:00+09:00,J3,768,661,1429
2020-02-25T20:30:00+09:00,J4,785,780,1565
2020-02-25T20:30:00+09:00,J5,367,300,667
2020-02-25T20:45:00+09:00,J1,793,872,1665
2020-02-25T20:45:00+09:00,J2,467,485,952
2020-02-25T20:45:00+09:00,J3,722,617,1339
2020-02-25T20:45:00+09:00,J4,761,773,1534
2020-02-25T20:45:00+09:00,J5,407,353,760
2020-02-25T21:00:00+09:00,J1,730,818,1548
2020-02-25T21:00:00+09:00,J2,370,321,691
2020-02-25T21:00:00+09:00,J3,825,639,1464
2020-02-25T21:00:00+09:00,J4,966,844,1810
2020-02-25T21:00:00+09:00,J5,360,304,664
2020-02-25T21:15:00+09:00,J1,724,874,1598
2020-02-25T21:15:00+09:00,J2,372,424,796
2020-02-25T21:15:00+09:00,J3,758,580,1338
2020-02-25T21:15:00+09:00,J4,966,883,1849
2020-02-25T21:15:00+09:00,J5,399,371,770
2020-02-25T21:30:00+09:00,J1,780,844,1624
2020-02-25T21:30:00+09:00,J2,308,299,607
2020-02-25T21:30:00+09:00,J3,717,513,1230
2020-02-25T21:30:00+09:00,J4,970,860,1830
2020-02-25T21:30:00+09:00,J5,429,361,790
2020-02-25T21:45:00+09:00,J1,741,823,1564
2020-02-25T21:45:00+09:00,J2,332,334,666
2020-02-25T21:45:00+09:00,J3,599,500,1099
2020-02-25T21:45:00+09:00,J4,919,856,1775
2020-02-25T21:45:00+09:00,J5,400,427,827
2020-02-25T22:00:00+09:00,J1,776,812,1588
2020-02-25T22:00:00+09:00,J2,376,355,731
2020-02-25T22:00:00+09:00,J3,596,494,1090
2020-02-25T22:00:00+09:00,J4,885,867,1752
2020-02-25T22:00:00+09:00,J5,446,407,853
2020-02-25T22:15:00+09:00,J1,644,777,1421
2020-02-25T22:15:00+09:00,J2,398,385,783
2020-02-25T22:15:00+09:00,J3,520,485,1005
2020-02-25T22:15:00+09:00,J4,942,899,1841
2020-02-25T22:15:00+09:00,J5,448,501,949
2020-02-25T22:30:00+09:00,J1,707,796,1503
2020-02-25T22:30:00+09:00,J2,409,417,826
2020-02-25T22:30:00+09:00,J3,570,581,1151
2020-02-25T22:30:00+09:00,J4,964,958,1922
2020-02-25T22:30:00+09:00,J5,523,565,1088
2020-02-25T22:45:00+09:00,J1,743,777,1520
2020-02-25T22:45:00+09:00,J2,510,445,955
2020-02-25T22:45:00+09:00,J3,521,493,1014
2020-02-25T22:45:00+09:00,J4,987,882,1869
2020-02-25T22:45:00+09:00,J5,506,567,1073
2020-02-25T23:00:00+09:00,J1,679,737,1416
2020-02-25T23:00:00+09:00,J2,485,435,920
2020-02-25T23:00:00+09:00,J3,494,554,1048
2020-02-25T23:00:00+09:00,J4,951,866,1817
2020-02-25T23:00:00+09:00,J5,527,651,1178
2020-02-25T23:15:00+09:00,J1,695,775,1470
2020-02-25T23:15:00+09:00,J2,414,439,853
2020-02-25T23:15:00+09:00,J3,494,508,1002
2020-02-25T23:15:00+09:00,J4,935,884,1819
2020-02-25T23:15:00+09:00,J5,593,632,1225
2020-02-25T23:30:00+09:00,J1,694,733,1427
2020-02-25T23:30:00+09:00,J2,449,496,945
2020-02-25T23:30:00+09:00,J3,517,530,1047
2020-02-25T23:30:00+09:00,J4,859,873,1732
2020-02-25T23:30:00+09:00,J5,555,553,1108
2020-02-25T23:45:00+09:00,J1,700,742,1442
2020-02-25T23:45:00+09:00,J2,432,428,860
2020-02-25T23:45:00+09:00,J3,445,498,943
2020-02-25T23:45:00+09:00,J4,776,781,1557
2020-02-25T23:45:00+09:00,J5,576,566,1142
2020-02-26T00:00:00+09:00,J1,675,688,1363
2020-02-26T00:00:00+09:00,J2,341,352,693
2020-02-26T00:00:00+09:00,J3,537,550,1087
2020-02-26T00:00:00+09:00,J4,818,815,1633
2020-02-26T00:00:00+09:00,J5,597,604,1201
2020-02-26T00:15:00+09:00,J1,527,506,1033
2020-02-26T00:15:00+09:00,J2,442,509,951
2020-02-26T00:15:00+09:00,J3,604,553,1157
2020-02-26T00:15:00+09:00,J4,773,755,1528
2020-02-26T00:15:00+09:00,J5,492,437,929
2020-02-26T00:30:00+09:00,J1,500,474,974
2020-02-26T00:30:00+09:00,J2,469,481,950
2020-02-26T00:30:00+09:00,J3,583,539,1122
2020-02-26T00:30:00+09:00,J4,564,640,1204
2020-02-26T00:30:00+09:00,J5,444,410,854
2020-02-26T00:45:00+09:00,J1,543,457,1000
2020-02-26T00:45:00+09:00,J2,469,514,983
2020-02-26T00:45:00+09:00,J3,612,544,1156
2020-02-26T00:45:00+09:00,J4,508,575,1083
2020-02-26T00:45:00+09:00,J5,409,378,787
2020-02-26T05:45:00+09:00,J1,380,424,804
2020-02-26T05:45:00+09:00,J2,438,485,923
2020-02-26T05:45:00+09:00,J3,550,477,1027
2020-02-26T05:45:00+09:00,J4,397,467,864
2020-02-26T05:45:00+09:00,J5,384,396,780
2020-02-26T06:00:00+09:00,J1,336,421,757
2020-02-26T06:00:00+09:00,J2,492,449,941
2020-02-26T06:00:00+09:00,J3,662,509,1171
2020-02-26T06:00:00+09:00,J4,475,550,1025
2020-02-26T06:00:00+09:00,J5,382,354,736
2020-02-26T06:15:00+09:00,J1,467,459,926
2020-02-26T06:15:00+09:00,J2,364,322,686
2020-02-26T06:15:00+09:00,J3,646,543,1189
2020-02-26T06:15:00+09:00,J4,544,715,1259
2020-02-26T06:15:00+09:00,J5,463,447,910
2020-02-26T06:30:00+09:00,J1,459,429,888
2020-02-26T06:30:00+09:00,J2,393,344,737
2020-02-26T06:30:00+09:00,J3,656,511,1167
2020-02-26T06:30:00+09:00,J4,597,680,1277
2020-02-26T06:30:00+09:00,J5,488,435,923
2020-02-26T06:45:00+09:00,J1,431,456,887
2020-02-26T06:45:00+09:00,J2,421,431,852
2020-02-26T06:45:00+09:00,J3,697,515,1212
2020-02-26T06:45:00+09:00,J4,672,697,1369
2020-02-26T06:45:00+09:00,J5,488,472,960
2020-02-26T07:00:00+09:00,J1,470,487,957
2020-02-26T07:00:00+09:00,J2,379,389,768
2020-02-26T07:00:00+09:00,J3,783,611,1394
2020-02-26T07:00:00+09:00,J4,779,947,1726
2020-02-26T07:00:00+09:00,J5,519,521,1040
2020-02-26T07:15:00+09:00,J1,485,468,953
2020-02-26T07:15:00+09:00,J2,541,507,1048
2020-02-26T07:15:00+09:00,J3,765,679,1444
2020-02-26T07:15:00+09:00,J4,916,912,1828
2020-02-26T07:15:00+09:00,J5,599,569,1168
2020-02-26T07:30:00+09:00,J1,499,574,1073
2020-02-26T07:30:00+09:00,J2,511,387,898
2020-02-26T07:30:00+09:00,J3,926,766,1692
2020-02-26T07:30:00+09:00,J4,1009,990,1999
2020-02-26T07:30:00+09:00,J5,584,539,1123
2020-02-26T07:45:00+09:00,J1,461,513,974
2020-02-26T07:45:00+09:00,J2,545,403,948
2020-02-26T07:45:00+09:00,J3,945,825,1770
2020-02-26T07:45:00+09:00,J4,1128,1136,2264
2020-02-26T07:45:00+09:00,J5,702,699,1401
2020-02-26T08:00:00+09:00,J1,580,548,1128
2020-02-26T08:00:00+09:00,J2,655,494,1149
2020-02-26T08:00:00+09:00,J3,1049,800,1849
2020-02-26T08:00:00+09:00,J4,1080,1058,2138
2020-02-26T08:00:00+09:00,J5,755,742,1497
2020-02-26T08:15:00+09:00,J1,619,593,1212
2020-02-26T08:15:00+09:00,J2,767,407,1174
2020-02-26T08:15:00+09:00,J3,988,930,1918
2020-02-26T08:15:00+09:00,J4,1022,1159,2181
2020-02-26T08:15:00+09:00,J5,743,706,1449
2020-02-26T08:30:00+09:00,J1,626,561,1187
2020-02-26T08:30:00+09:00,J2,706,458,1164
2020-02-26T08:30:00+09:00,J3,1033,962,1995
2020-02-26T08:30:00+09:00,J4,890,1115,2005
2020-02-26T08:30:00+09:00,J5,698,645,1343
2020-02-26T08:45:00+09:00,J1,637,615,1252
2020-02-26T08:45:00+09:00,J2,640,486,1126
2020-02-26T08:45:00+09:00,J3,917,830,1747
2020-02-26T08:45:00+09:00,J4,1019,1075,2094
2020-02-26T08:45:00+09:00,J5,625,650,1275
2020-02-26T09:00:00+09:00,J1,658,656,1314
2020-02-26T09:00:00+09:00,J2,561,386,947
2020-02-26T09:00:00+09:00,J3,809,765,1574
2020-02-26T09:00:00+09:00,J4,1021,990,2011
2020-02-26T09:00:00+09:00,J5,613,703,1316
2020-02-26T09:15:00+09:00,J1,569,541,1110
2020-02-26T09:15:00+09:00,J2,625,457,1082
2020-02-26T09:15:00+09:00,J3,578,630,1208
2020-02-26T09:15:00+09:00,J4,1092,1049,2141
2020-02-26T09:15:00+09:00,J5,437,478,915
2020-02-26T09:30:00+09:00,J1,572,446,1018
2020-02-26T09:30:00+09:00,J2,540,527,1067
2020-02-26T09:30:00+09:00,J3,591,669,1260
2020-02-26T09:30:00+09:00,J4,1069,994,2063
2020-02-26T09:30:00+09:00,J5,382,441,823
2020-02-26T09:45:00+09:00,J1,569,479,1048
2020-02-26T09:45:00+09:00,J2,420,458,878
2020-02-26T09:45:00+09:00,J3,689,650,1339
2020-02-26T09:45:00+09:00,J4,974,963,1937
2020-02-26T09:45:00+09:00,J5,402,366,768
2020-02-26T10:00:00+09:00,J1,611,544,1155
2020-02-26T10:00:00+09:00,J2,391,415,806
2020-02-26T10:00:00+09:00,J3,644,710,1354
2020-02-26T10:00:00+09:00,J4,960,934,1894
2020-02-26T10:00:00+09:00,J5,396,362,758
2020-02-26T10:15:00+09:00,J1,568,479,1047
2020-02-26T10:15:00+09:00,J2,379,423,802
2020-02-26T10:15:00+09:00,J3,681,647,1328
2020-02-26T10:15:00+09:00,J4,905,907,1812
2020-02-26T10:15:00+09:00,J5,398,336,734
2020-02-26T10:30:00+09:00,J1,546,514,1060
2020-02-26T10:30:00+09:00,J2,412,430,842
2020-02-26T10:30:00+09:00,J3,722,636,1358
2020-02-26T10:30:00+09:00,J4,896,961,1857
2020-02-26T10:30:00+09:00,J5,387,338,725
2020-02-26T10:45:00+09:00,J1,553,494,1047
2020-02-26T10:45:00+09:00,J2,374,441,815
2020-02-26T10:45:00+09:00,J3,673,641,1314
2020-02-26T10:45:00+09:00,J4,885,924,1809
2020-02-26T10:45:00+09:00,J5,315,362,677
2020-02-26T11:00:00+09:00,J1,554,495,1049
2020-02-26T11:00:00+09:00,J2,414,411,825
2020-02-26T11:00:00+09:00,J3,782,663,1445
2020-02-26T11:00:00+09:00,J4,879,935,1814
2020-02-26T11:00:00+09:00,J5,391,356,747
2020-02-26T11:15:00+09:00,J1,553,588,1141
2020-02-26T11:15:00+09:00,J2,384,486,870
2020-02-26T11:15:00+09:00,J3,856,660,1516
2020-02-26T11:15:00+09:00,J4,844,924,1768
2020-02-26T11:15:00+09:00,J5,524,543,1067
2020-02-26T11:30:00+09:00,J1,576,631,1207
2020-02-26T11:30:00+09:00,J2,437,382,819
2020-02-26T11:30:00+09:00,J3,838,781,1619
2020-02-26T11:30:00+09:00,J4,808,893,1701
2020-02-26T11:30:00+09:00,J5,632,647,1279
2020-02-26T11:45:00+09:00,J1,556,605,1161
2020-02-26T11:45:00+09:00,J2,392,418,810
2020-02-26T11:45:00+09:00,J3,830,804,1634
2020-02-26T11:45:00+09:00,J4,730,865,1595
2020-02-26T11:45:00+09:00,J5,593,657,1250
2020-02-26T12:00:00+09:00,J1,591,609,1200
2020-02-26T12:00:00+09:00,J2,455,428,883
2020-02-26T12:00:00+09:00,J3,831,815,1646
2020-02-26T12:00:00+09:00,J4,699,836,1535
2020-02-26T12:00:00+09:00,J5,647,630,1277
2020-02-26T12:15:00+09:00,J1,638,603,1241
2020-02-26T12:15:00+09:00,J2,441,452,893
2020-02-26T12:15:00+09:00,J3,826,655,1481
2020-02-26T12:15:00+09:00,J4,751,867,1618
2020-02-26T12:15:00+09:00,J5,683,655,1338
2020-02-26T12:30:00+09:00,J1,595,595,1190
2020-02-26T12:30:00+09:00,J2,471,477,948
2020-02-26T12:30:00+09:00,J3,779,671,1450
2020-02-26T12:30:00+09:00,J4,688,732,1420
2020-02-26T12:30:00+09:00,J5,652,662,1314
2020-02-26T12:45:00+09:00,J1,611,617,1228
2020-02-26T12:45:00+09:00,J2,475,469,944
2020-02-26T12:45:00+09:00,J3,696,657,1353
2020-02-26T12:45:00+09:00,J4,753,825,1578
2020-02-26T12:45:00+09:00,J5,624,644,1268
2020-02-26T13:00:00+09:00,J1,588,631,1219
2020-02-26T13:00:00+09:00,J2,492,510,1002
2020-02-26T13:00:00+09:00,J3,634,534,1168
2020-02-26T13:00:00+09:00,J4,729,799,1528
2020-02-26T13:00:00+09:00,J5,587,562,1149
2020-02-26T13:15:00+09:00,J1,641,632,1273
2020-02-26T13:15:00+09:00,J2,453,479,932
2020-02-26T13:15:00+09:00,J3,712,632,1344
2020-02-26T13:15:00+09:00,J4,577,692,1269
2020-02-26T13:15:00+09:00,J5,478,583,1061
2020-02-26T13:30:00+09:00,J1,564,647,1211
2020-02-26T13:30:00+09:00,J2,451,490,941
2020-02-26T13:30:00+09:00,J3,703,599,1302
2020-02-26T13:30:00+09:00,J4,688,764,1452
2020-02-26T13:30:00+09:00,J5,529,590,1119
2020-02-26T13:45:00+09:00,J1,624,640,1264
2020-02-26T13:45:00+09:00,J2,420,477,897
2020-02-26T13:45:00+09:00,J3,773,685,1458
2020-02-26T13:45:00+09:00,J4,664,720,1384
2020-02-26T13:45:00+09:00,J5,651,658,1309
2020-02-26T14:00:00+09:00,J1,590,638,1228
2020-02-26T14:00:00+09:00,J2,470,479,949
2020-02-26T14:00:00+09:00,J3,827,717,1544
2020-02-26T14:00:00+09:00,J4,578,700,1278
2020-02-26T14:00:00+09:00,J5,626,616,1242
2020-02-26T14:15:00+09:00,J1,611,629,1240
2020-02-26T14:15:00+09:00,J2,486,503,989
2020-02-26T14:15:00+09:00,J3,741,639,1380
2020-02-26T14:15:00+09:00,J4,631,637,1268
2020-02-26T14:15:00+09:00,J5,600,613,1213
2020-02-26T14:30:00+09:00,J1,609,631,1240
2020-02-26T14:30:00+09:00,J2,483,455,938
2020-02-26T14:30:00+09:00,J3,712,643,1355
2020-02-26T14:30:00+09:00,J4,539,651,1190
2020-02-26T14:30:00+09:00,J5,582,646,1228
2020-02-26T14:45:00+09:00,J1,622,640,1262
2020-02-26T14:45:00+09:00,J2,486,453,939
2020-02-26T14:45:00+09:00,J3,780,673,1453
2020-02-26T14:45:00+09:00,J4,599,636,1235
2020-02-26T14:45:00+09:00,J5,652,668,1320
2020-02-26T15:00:00+09:00,J1,584,613,1197
2020-02-26T15:00:00+09:00,J2,451,486,937
2020-02-26T15:00:00+09:00,J3,814,683,1497
2020-02-26T15:00:00+09:00,J4,608,630,1238
2020-02-26T15:00:00+09:00,J5,676,628,1304
2020-02-26T15:15:00+09:00,J1,593,628,1221
2020-02-26T15:15:00+09:00,J2,511,492,1003
2020-02-26T15:15:00+09:00,J3,731,706,1437
2020-02-26T15:15:00+09:00,J4,624,769,1393
2020-02-26T15:15:00+09:00,J5,678,657,1335
2020-02-26T15:30:00+09:00,J1,622,600,1222
2020-02-26T15:30:00+09:00,J2,510,485,995
2020-02-26T15:30:00+09:00,J3,708,637,1345
2020-02-26T15:30:00+09:00,J4,575,643,1218
2020-02-26T15:30:00+09:00,J5,668,710,1378
2020-02-26T15:45:00+09:00,J1,574,636,1210
2020-02-26T15:45:00+09:00,J2,433,476,909
2020-02-26T15:45:00+09:00,J3,734,677,1411
2020-02-26T15:45:00+09:00,J4,590,631,1221
2020-02-26T15:45:00+09:00,J5,601,672,1273
2020-02-26T16:00:00+09:00,J1,604,610,1214
2020-02-26T16:00:00+09:00,J2,414,413,827
2020-02-26T16:00:00+09:00,J3,679,646,1325
2020-02-26T16:00:00+09:00,J4,612,649,1261
2020-02-26T16:00:00+09:00,J5,672,622,1294
2020-02-26T16:15:00+09:00,J1,566,576,1142
2020-02-26T16:15:00+09:00,J2,469,392,861
2020-02-26T16:15:00+09:00,J3,765,703,1468
2020-02-26T16:15:00+09:00,J4,638,712,1350
2020-02-26T16:15:00+09:00,J5,627,660,1287
2020-02-26T16:30:00+09:00,J1,600,586,1186
2020-02-26T16:30:00+09:00,J2,532,411,943
2020-02-26T16:30:00+09:00,J3,980,837,1817
2020-02-26T16:30:00+09:00,J4,686,714,1400
2020-02-26T16:30:00+09:00,J5,698,656,1354
2020-02-26T16:45:00+09:00,J1,617,602,1219
2020-02-26T16:45:00+09:00,J2,489,417,906
2020-02-26T16:45:00+09:00,J3,990,826,1816
2020-02-26T16:45:00+09:00,J4,570,658,1228
2020-02-26T16:45:00+09:00,J5,653,675,1328
2020-02-26T17:00:00+09:00,J1,585,681,1266
2020-02-26T17:00:00+09:00,J2,506,470,976
2020-02-26T17:00:00+09:00,J3,1001,875,1876
2020-02-26T17:00:00+09:00,J4,872,817,1689
2020-02-26T17:00:00+09:00,J5,706,701,1407
2020-02-26T17:15:00+09:00,J1,655,608,1263
2020-02-26T17:15:00+09:00,J2,541,418,959
2020-02-26T17:15:00+09:00,J3,1086,894,1980
2020-02-26T17:15:00+09:00,J4,1028,960,1988
2020-02-26T17:15:00+09:00,J5,732,806,1538
2020-02-26T17:30:00+09:00,J1,623,623,1246
2020-02-26T17:30:00+09:00,J2,540,412,952
2020-02-26T17:30:00+09:00,J3,1113,870,1983
2020-02-26T17:30:00+09:00,J4,1146,946,2092
2020-02-26T17:30:00+09:00,J5,752,849,1601
2020-02-26T17:45:00+09:00,J1,660,641,1301
2020-02-26T17:45:00+09:00,J2,509,430,939
2020-02-26T17:45:00+09:00,J3,1143,836,1979
2020-02-26T17:45:00+09:00,J4,1151,980,2131
2020-02-26T17:45:00+09:00,J5,694,843,1537
2020-02-26T18:00:00+09:00,J1,700,624,1324
2020-02-26T18:00:00+09:00,J2,468,438,906
2020-02-26T18:00:00+09:00,J3,1088,845,1933
2020-02-26T18:00:00+09:00,J4,1028,898,1926
2020-02-26T18:00:00+09:00,J5,601,867,1468
2020-02-26T18:15:00+09:00,J1,693,535,1228
2020-02-26T18:15:00+09:00,J2,586,491,1077
2020-02-26T18:15:00+09:00,J3,1145,903,2048
2020-02-26T18:15:00+09:00,J4,909,747,1656
2020-02-26T18:15:00+09:00,J5,565,747,1312
2020-02-26T18:30:00+09:00,J1,654,551,1205
2020-02-26T18:30:00+09:00,J2,526,497,1023
2020-02-26T18:30:00+09:00,J3,1068,734,1802
2020-02-26T18:30:00+09:00,J4,859,709,1568
2020-02-26T18:30:00+09:00,J5,451,672,1123
2020-02-26T18:45:00+09:00,J1,568,550,1118
2020-02-26T18:45:00+09:00,J2,531,517,1048
2020-02-26T18:45:00+09:00,J3,973,654,1627
2020-02-26T18:45:00+09:00,J4,794,758,1552
2020-02-26T18:45:00+09:00,J5,440,605,1045
2020-02-26T19:00:00+09:00,J1,517,557,1074
2020-02-26T19:00:00+09:00,J2,478,539,1017
2020-02-26T19:00:00+09:00,J3,925,740,1665
2020-02-26T19:00:00+09:00,J4,851,880,1731
2020-02-26T19:00:00+09:00,J5,419,498,917
2020-02-26T19:15:00+09:00,J1,519,515,1034
2020-02-26T19:15:00+09:00,J2,498,537,1035
2020-02-26T19:15:00+09:00,J3,949,693,1642
2020-02-26T19:15:00+09:00,J4,905,894,1799
2020-02-26T19:15:00+09:00,J5,376,479,855
2020-02-26T19:30:00+09:00,J1,591,482,1073
2020-02-26T19:30:00+09:00,J2,405,520,925
2020-02-26T19:30:00+09:00,J3,827,698,1525
2020-02-26T19:30:00+09:00,J4,833,857,1690
2020-02-26T19:30:00+09:00,J5,371,404,775
2020-02-26T19:45:00+09:00,J1,548,510,1058
2020-02-26T19:45:00+09:00,J2,394,470,864
2020-02-26T19:45:00+09:00,J3,781,628,1409
2020-02-26T19:45:00+09:00,J4,758,814,1572
2020-02-26T19:45:00+09:00,J5,340,416,756
2020-02-26T20:00:00+09:00,J1,510,509,1019
2020-02-26T20:00:00+09:00,J2,411,424,835
2020-02-26T20:00:00+09:00,J3,611,526,1137
2020-02-26T20:00:00+09:00,J4,753,763,1516
2020-02-26T20:00:00+09:00,J5,352,371,723
2020-02-26T20:15:00+09:00,J1,533,557,1090
2020-02-26T20:15:00+09:00,J2,383,308,691
2020-02-26T20:15:00+09:00,J3,653,515,1168
2020-02-26T20:15:00+09:00,J4,662,745,1407
2020-02-26T20:15:00+09:00,J5,344,362,706
2020-02-26T20:30:00+09:00,J1,515,500,1015
2020-02-26T20:30:00+09:00,J2,328,296,624
2020-02-26T20:30:00+09:00,J3,731,581,1312
2020-02-26T20:30:00+09:00,J4,713,654,1367
2020-02-26T20:30:00+09:00,J5,353,342,695
2020-02-26T20:45:00+09:00,J1,546,459,1005
2020-02-26T20:45:00+09:00,J2,411,311,722
2020-02-26T20:45:00+09:00,J3,686,548,1234
2020-02-26T20:45:00+09:00,J4,675,670,1345
2020-02-26T20:45:00+09:00,J5,331,288,619
2020-02-26T21:00:00+09:00,J1,452,506,958
2020-02-26T21:00:00+09:00,J2,362,311,673
2020-02-26T21:00:00+09:00,J3,754,701,1455
2020-02-26T21:00:00+09:00,J4,731,795,1526
2020-02-26T21:00:00+09:00,J5,367,329,696
2020-02-26T21:15:00+09:00,J1,461,441,902
2020-02-26T21:15:00+09:00,J2,297,296,593
2020-02-26T21:15:00+09:00,J3,694,627,1321
2020-02-26T21:15:00+09:00,J4,678,919,1597
2020-02-26T21:15:00+09:00,J5,397,330,727
2020-02-26T21:30:00+09:00,J1,448,432,880
2020-02-26T21:30:00+09:00,J2,267,285,552
2020-02-26T21:30:00+09:00,J3,716,592,1308
2020-02-26T21:30:00+09:00,J4,742,824,1566
2020-02-26T21:30:00+09:00,J5,401,319,720
2020-02-26T21:45:00+09:00,J1,430,466,896
2020-02-26T21:45:00+09:00,J2,330,362,692
2020-02-26T21:45:00+09:00,J3,622,512,1134
2020-02-26T21:45:00+09:00,J4,781,856,1637
2020-02-26T21:45:00+09:00,J5,414,387,801
2020-02-26T22:00:00+09:00,J1,400,449,849
2020-02-26T22:00:00+09:00,J2,488,427,915
2020-02-26T22:00:00+09:00,J3,549,450,999
2020-02-26T22:00:00+09:00,J4,843,865,1708
2020-02-26T22:00:00+09:00,J5,367,341,708
2020-02-26T22:15:00+09:00,J1,421,417,838
2020-02-26T22:15:00+09:00,J2,468,481,949
2020-02-26T22:15:00+09:00,J3,571,483,1054
2020-02-26T22:15:00+09:00,J4,737,823,1560
2020-02-26T22:15:00+09:00,J5,440,475,915
2020-02-26T22:30:00+09:00,J1,393,453,846
2020-02-26T22:30:00+09:00,J2,451,469,920
2020-02-26T22:30:00+09:00,J3,468,510,978
2020-02-26T22:30:00+09:00,J4,761,910,1671
2020-02-26T22:30:00+09:00,J5,507,540,1047
2020-02-26T22:45:00+09:00,J1,409,442,851
2020-02-26T22:45:00+09:00,J2,432,439,871
2020-02-26T22:45:00+09:00,J3,481,512,993
2020-02-26T22:45:00+09:00,J4,887,912,1799
2020-02-26T22:45:00+09:00,J5,560,585,1145
2020-02-26T23:00:00+09:00,J1,424,408,832
2020-02-26T23:00:00+09:00,J2,446,476,922
2020-02-26T23:00:00+09:00,J3,513,509,1022
2020-02-26T23:00:00+09:00,J4,822,885,1707
2020-02-26T23:00:00+09:00,J5,548,540,1088
2020-02-26T23:15:00+09:00,J1,474,486,960
2020-02-26T23:15:00+09:00,J2,453,441,894
2020-02-26T23:15:00+09:00,J3,493,511,1004
2020-02-26T23:15:00+09:00,J4,794,885,1679
2020-02-26T23:15:00+09:00,J5,556,523,1079
2020-02-26T23:30:00+09:00,J1,443,439,882
2020-02-26T23:30:00+09:00,J2,491,428,919
2020-02-26T23:30:00+09:00,J3,508,542,1050
2020-02-26T23:30:00+09:00,J4,816,886,1702
2020-02-26T23:30:00+09:00,J5,502,508,1010
2020-02-26T23:45:00+09:00,J1,394,478,872
2020-02-26T23:45:00+09:00,J2,486,389,875
2020-02-26T23:45:00+09:00,J3,438,447,885
2020-02-26T23:45:00+09:00,J4,806,768,1574
2020-02-26T23:45:00+09:00,J5,544,569,1113
2020-02-27T00:00:00+09:00,J1,370,339,709
2020-02-27T00:00:00+09:00,J2,491,392,883
2020-02-27T00:00:00+09:00,J3,444,445,889
2020-02-27T00:00:00+09:00,J4,723,729,1452
2020-02-27T00:00:00+09:00,J5,559,548,1107
2020-02-27T00:15:00+09:00,J1,404,389,793
2020-02-27T00:15:00+09:00,J2,361,365,726
2020-02-27T00:15:00+09:00,J3,546,532,1078
2020-02-27T00:15:00+09:00,J4,719,718,1437
2020-02-27T00:15:00+09:00,J5,517,487,1004
2020-02-27T00:30:00+09:00,J1,260,294,554
2020-02-27T00:30:00+09:00,J2,338,342,680
2020-02-27T00:30:00+09:00,J3,561,492,1053
2020-02-27T00:30:00+09:00,J4,853,812,1665
2020-02-27T00:30:00+09:00,J5,379,433,812
2020-02-27T00:45:00+09:00,J1,194,287,481
2020-02-27T00:45:00+09:00,J2,297,325,622
2020-02-27T00:45:00+09:00,J3,591,557,1148
2020-02-27T00:45:00+09:00,J4,841,801,1642
2020-02-27T00:45:00+09:00,J5,406,409,815
2020-02-27T05:45:00+09:00,J1,437,428,865
2020-02-27T05:45:00+09:00,J2,211,204,415
2020-02-27T05:45:00+09:00,J3,536,517,1053
2020-02-27T05:45:00+09:00,J4,695,722,1417
2020-02-27T05:45:00+09:00,J5,553,528,1081
2020-02-27T06:00:00+09:00,J1,357,407,764
2020-02-27T06:00:00+09:00,J2,289,267,556
2020-02-27T06:00:00+09:00,J3,618,561,1179
2020-02-27T06:00:00+09:00,J4,845,858,1703
2020-02-27T06:00:00+09:00,J5,522,540,1062
2020-02-27T06:15:00+09:00,J1,440,497,937
2020-02-27T06:15:00+09:00,J2,400,301,701
2020-02-27T06:15:00+09:00,J3,480,584,1064
2020-02-27T06:15:00+09:00,J4,915,910,1825
2020-02-27T06:15:00+09:00,J5,561,531,1092
2020-02-27T06:30:00+09:00,J1,447,481,928
2020-02-27T06:30:00+09:00,J2,412,366,778
2020-02-27T06:30:00+09:00,J3,436,557,993
2020-02-27T06:30:00+09:00,J4,858,874,1732
2020-02-27T06:30:00+09:00,J5,486,533,1019
2020-02-27T06:45:00+09:00,J1,467,428,895
2020-02-27T06:45:00+09:00,J2,478,438,916
2020-02-27T06:45:00+09:00,J3,502,557,1059
2020-02-27T06:45:00+09:00,J4,959,872,1831
2020-02-27T06:45:00+09:00,J5,556,525,1081
2020-02-27T07:00:00+09:00,J1,471,462,933
2020-02-27T07:00:00+09:00,J2,345,351,696
2020-02-27T07:00:00+09:00,J3,497,563,1060
2020-02-27T07:00:00+09:00,J4,901,840,1741
2020-02-27T07:00:00+09:00,J5,577,583,1160
2020-02-27T07:15:00+09:00,J1,460,470,930
2020-02-27T07:15:00+09:00,J2,424,396,820
2020-02-27T07:15:00+09:00,J3,516,596,1112
2020-02-27T07:15:00+09:00,J4,866,870,1736
2020-02-27T07:15:00+09:00,J5,600,561,1161
2020-02-27T07:30:00+09:00,J1,509,510,1019
2020-02-27T07:30:00+09:00,J2,463,453,916
2020-02-27T07:30:00+09:00,J3,770,713,1483
2020-02-27T07:30:00+09:00,J4,867,898,1765
2020-02-27T07:30:00+09:00,J5,523,513,1036
2020-02-27T07:45:00+09:00,J1,534,577,1111
2020-02-27T07:45:00+09:00,J2,557,414,971
2020-02-27T07:45:00+09:00,J3,752,722,1474
2020-02-27T07:45:00+09:00,J4,692,918,1610
2020-02-27T07:45:00+09:00,J5,732,710,1442
2020-02-27T08:00:00+09:00,J1,672,570,1242
2020-02-27T08:00:00+09:00,J2,583,348,931
2020-02-27T08:00:00+09:00,J3,943,776,1719
2020-02-27T08:00:00+09:00,J4,734,1057,1791
2020-02-27T08:00:00+09:00,J5,722,784,1506
2020-02-27T08:15:00+09:00,J1,588,561,1149
2020-02-27T08:15:00+09:00,J2,612,424,1036
2020-02-27T08:15:00+09:00,J3,988,903,1891
2020-02-27T08:15:00+09:00,J4,760,1051,1811
2020-02-27T08:15:00+09:00,J5,714,698,1412
2020-02-27T08:30:00+09:00,J1,659,565,1224
2020-02-27T08:30:00+09:00,J2,653,506,1159
2020-02-27T08:30:00+09:00,J3,882,853,1735
2020-02-27T08:30:00+09:00,J4,703,1058,1761
2020-02-27T08:30:00+09:00,J5,723,694,1417
2020-02-27T08:45:00+09:00,J1,619,603,1222
2020-02-27T08:45:00+09:00,J2,536,279,815
2020-02-27T08:45:00+09:00,J3,828,730,1558
2020-02-27T08:45:00+09:00,J4,721,978,1699
2020-02-27T08:45:00+09:00,J5,680,593,1273
2020-02-27T09:00:00+09:00,J1,543,626,1169
2020-02-27T09:00:00+09:00,J2,520,325,845
2020-02-27T09:00:00+09:00,J3,762,617,1379
2020-02-27T09:00:00+09:00,J4,856,901,1757
2020-02-27T09:00:00+09:00,J5,703,674,1377
2020-02-27T09:15:00+09:00,J1,625,518,1143
2020-02-27T09:15:00+09:00,J2,428,300,728
2020-02-27T09:15:00+09:00,J3,512,603,1115
2020-02-27T09:15:00+09:00,J4,779,896,1675
2020-02-27T09:15:00+09:00,J5,503,516,1019
2020-02-27T09:30:00+09:00,J1,639,534,1173
2020-02-27T09:30:00+09:00,J2,440,385,825
2020-02-27T09:30:00+09:00,J3,539,619,1158
2020-02-27T09:30:00+09:00,J4,770,925,1695
2020-02-27T09:30:00+09:00,J5,411,462,873
2020-02-27T09:45:00+09:00,J1,679,573,1252
2020-02-27T09:45:00+09:00,J2,489,435,924
2020-02-27T09:45:00+09:00,J3,601,630,1231
2020-02-27T09:45:00+09:00,J4,723,821,1544
2020-02-27T09:45:00+09:00,J5,406,410,816
2020-02-27T10:00:00+09:00,J1,642,594,1236
2020-02-27T10:00:00+09:00,J2,389,363,752
2020-02-27T10:00:00+09:00,J3,683,714,1397
2020-02-27T10:00:00+09:00,J4,709,810,1519
2020-02-27T10:00:00+09:00,J5,399,371,770
2020-02-27T10:15:00+09:00,J1,672,584,1256
2020-02-27T10:15:00+09:00,J2,378,347,725
2020-02-27T10:15:00+09:00,J3,633,732,1365
2020-02-27T10:15:00+09:00,J4,642,779,1421
2020-02-27T10:15:00+09:00,J5,390,367,757
2020-02-27T10:30:00+09:00,J1,649,587,1236
2020-02-27T10:30:00+09:00,J2,398,391,789
2020-02-27T10:30:00+09:00,J3,623,697,1320
2020-02-27T10:30:00+09:00,J4,644,732,1376
2020-02-27T10:30:00+09:00,J5,398,361,759
2020-02-27T10:45:00+09:00,J1,635,545,1180
2020-02-27T10:45:00+09:00,J2,421,418,839
2020-02-27T10:45:00+09:00,J3,642,681,1323
2020-02-27T10:45:00+09:00,J4,685,783,1468
2020-02-27T10:45:00+09:00,J5,341,351,692
2020-02-27T11:00:00+09:00,J1,646,543,1189
2020-02-27T11:00:00+09:00,J2,429,314,743
2020-02-27T11:00:00+09:00,J3,687,689,1376
2020-02-27T11:00:00+09:00,J4,678,772,1450
2020-02-27T11:00:00+09:00,J5,398,354,752
2020-02-27T11:15:00+09:00,J1,607,636,1243
2020-02-27T11:15:00+09:00,J2,372,282,654
2020-02-27T11:15:00+09:00,J3,821,643,1464
2020-02-27T11:15:00+09:00,J4,723,776,1499
2020-02-27T11:15:00+09:00,J5,533,560,1093
2020-02-27T11:30:00+09:00,J1,577,625,1202
2020-02-27T11:30:00+09:00,J2,363,344,707
2020-02-27T11:30:00+09:00,J3,920,761,1681
2020-02-27T11:30:00+09:00,J4,641,793,1434
2020-02-27T11:30:00+09:00,J5,685,689,1374
2020-02-27T11:45:00+09:00,J1,546,618,1164
2020-02-27T11:45:00+09:00,J2,374,405,779
2020-02-27T11:45:00+09:00,J3,902,816,1718
2020-02-27T11:45:00+09:00,J4,724,756,1480
2020-02-27T11:45:00+09:00,J5,677,696,1373
2020-02-27T12:00:00+09:00,J1,547,581,1128
2020-02-27T12:00:00+09:00,J2,412,405,817
2020-02-27T12:00:00+09:00,J3,914,759,1673
2020-02-27T12:00:00+09:00,J4,677,694,1371
2020-02-27T12:00:00+09:00,J5,705,713,1418
2020-02-27T12:15:00+09:00,J1,545,565,1110
2020-02-27T12:15:00+09:00,J2,412,350,762
2020-02-27T12:15:00+09:00,J3,799,688,1487
2020-02-27T12:15:00+09:00,J4,526,562,1088
2020-02-27T12:15:00+09:00,J5,689,775,1464
2020-02-27T12:30:00+09:00,J1,636,606,1242
2020-02-27T12:30:00+09:00,J2,374,368,742
2020-02-27T12:30:00+09:00,J3,760,705,1465
2020-02-27T12:30:00+09:00,J4,547,643,1190
2020-02-27T12:30:00+09:00,J5,667,683,1350
2020-02-27T12:45:00+09:00,J1,613,607,1220
2020-02-27T12:45:00+09:00,J2,396,338,734
2020-02-27T12:45:00+09:00,J3,810,816,1626
2020-02-27T12:45:00+09:00,J4,550,593,1143
2020-02-27T12:45:00+09:00,J5,601,608,1209
2020-02-27T13:00:00+09:00,J1,599,632,1231
2020-02-27T13:00:00+09:00,J2,430,391,821
2020-02-27T13:00:00+09:00,J3,863,825,1688
2020-02-27T13:00:00+09:00,J4,586,560,1146
2020-02-27T13:00:00+09:00,J5,677,698,1375
2020-02-27T13:15:00+09:00,J1,583,624,1207
2020-02-27T13:15:00+09:00,J2,402,352,754
2020-02-27T13:15:00+09:00,J3,791,842,1633
2020-02-27T13:15:00+09:00,J4,534,530,1064
2020-02-27T13:15:00+09:00,J5,711,700,1411
2020-02-27T13:30:00+09:00,J1,612,593,1205
2020-02-27T13:30:00+09:00,J2,430,357,787
2020-02-27T13:30:00+09:00,J3,871,819,1690
2020-02-27T13:30:00+09:00,J4,559,556,1115
2020-02-27T13:30:00+09:00,J5,653,676,1329
2020-02-27T13:45:00+09:00,J1,620,635,1255
2020-02-27T13:45:00+09:00,J2,347,442,789
2020-02-27T13:45:00+09:00,J3,795,948,1743
2020-02-27T13:45:00+09:00,J4,535,519,1054
2020-02-27T13:45:00+09:00,J5,648,605,1253
2020-02-27T14:00:00+09:00,J1,616,627,1243
2020-02-27T14:00:00+09:00,J2,434,424,858
2020-02-27T14:00:00+09:00,J3,844,851,1695
2020-02-27T14:00:00+09:00,J4,586,518,1104
2020-02-27T14:00:00+09:00,J5,678,637,1315
2020-02-27T14:15:00+09:00,J1,601,599,1200
2020-02-27T14:15:00+09:00,J2,389,459,848
2020-02-27T14:15:00+09:00,J3,877,863,1740
2020-02-27T14:15:00+09:00,J4,542,540,1082
2020-02-27T14:15:00+09:00,J5,673,717,1390
2020-02-27T14:30:00+09:00,J1,581,614,1195
2020-02-27T14:30:00+09:00,J2,432,448,880
2020-02-27T14:30:00+09:00,J3,924,918,1842
2020-02-27T14:30:00+09:00,J4,562,538,1100
2020-02-27T14:30:00+09:00,J5,663,643,1306
2020-02-27T14:45:00+09:00,J1,590,639,1229
2020-02-27T14:45:00+09:00,J2,450,471,921
2020-02-27T14:45:00+09:00,J3,857,901,1758
2020-02-27T14:45:00+09:00,J4,587,583,1170
2020-02-27T14:45:00+09:00,J5,670,644,1314
2020-02-27T15:00:00+09:00,J1,606,606,1212
2020-02-27T15:00:00+09:00,J2,407,433,840
2020-02-27T15:00:00+09:00,J3,889,868,1757
2020-02-27T15:00:00+09:00,J4,488,494,982
2020-02-27T15:00:00+09:00,J5,614,695,1309
2020-02-27T15:15:00+09:00,J1,600,631,1231
2020-02-27T15:15:00+09:00,J2,455,542,997
2020-02-27T15:15:00+09:00,J3,788,849,1637
2020-02-27T15:15:00+09:00,J4,526,552,1078
2020-02-27T15:15:00+09:00,J5,734,577,1311
2020-02-27T15:30:00+09:00,J1,629,598,1227
2020-02-27T15:30:00+09:00,J2,536,514,1050
2020-02-27T15:30:00+09:00,J3,826,875,1701
2020-02-27T15:30:00+09:00,J4,537,461,998
2020-02-27T15:30:00+09:00,J5,646,647,1293
2020-02-27T15:45:00+09:00,J1,653,619,1272
2020-02-27T15:45:00+09:00,J2,421,322,743
2020-02-27T15:45:00+09:00,J3,829,842,1671
2020-02-27T15:45:00+09:00,J4,549,507,1056
2020-02-27T15:45:00+09:00,J5,708,664,1372
2020-02-27T16:00:00+09:00,J1,637,634,1271
2020-02-27T16:00:00+09:00,J2,370,343,713
2020-02-27T16:00:00+09:00,J3,808,823,1631
2020-02-27T16:00:00+09:00,J4,483,489,972
2020-02-27T16:00:00+09:00,J5,699,705,1404
2020-02-27T16:15:00+09:00,J1,627,567,1194
2020-02-27T16:15:00+09:00,J2,386,379,765
2020-02-27T16:15:00+09:00,J3,835,860,1695
2020-02-27T16:15:00+09:00,J4,544,498,1042
2020-02-27T16:15:00+09:00,J5,689,675,1364
2020-02-27T16:30:00+09:00,J1,649,592,1241
2020-02-27T16:30:00+09:00,J2,419,364,783
2020-02-27T16:30:00+09:00,J3,951,787,1738
2020-02-27T16:30:00+09:00,J4,570,541,1111
2020-02-27T16:30:00+09:00,J5,648,697,1345
2020-02-27T16:45:00+09:00,J1,659,644,1303
2020-02-27T16:45:00+09:00,J2,458,444,902
2020-02-27T16:45:00+09:00,J3,916,730,1646
2020-02-27T16:45:00+09:00,J4,607,536,1143
2020-02-27T16:45:00+09:00,J5,723,640,1363
2020-02-27T17:00:00+09:00,J1,673,651,1324
2020-02-27T17:00:00+09:00,J2,403,390,793
2020-02-27T17:00:00+09:00,J3,946,768,1714
2020-02-27T17:00:00+09:00,J4,839,808,1647
2020-02-27T17:00:00+09:00,J5,724,690,1414
2020-02-27T17:15:00+09:00,J1,644,624,1268
2020-02-27T17:15:00+09:00,J2,543,402,945
2020-02-27T17:15:00+09:00,J3,998,835,1833
2020-02-27T17:15:00+09:00,J4,1061,938,1999
2020-02-27T17:15:00+09:00,J5,720,776,1496
2020-02-27T17:30:00+09:00,J1,699,591,1290
2020-02-27T17:30:00+09:00,J2,515,400,915
2020-02-27T17:30:00+09:00,J3,1011,841,1852
2020-02-27T17:30:00+09:00,J4,1075,982,2057
2020-02-27T17:30:00+09:00,J5,672,837,1509
2020-02-27T17:45:00+09:00,J1,667,599,1266
2020-02-27T17:45:00+09:00,J2,517,474,991
2020-02-27T17:45:00+09:00,J3,1060,843,1903
2020-02-27T17:45:00+09:00,J4,1209,974,2183
2020-02-27T17:45:00+09:00,J5,729,865,1594
2020-02-27T18:00:00+09:00,J1,688,628,1316
2020-02-27T18:00:00+09:00,J2,481,447,928
2020-02-27T18:00:00+09:00,J3,1082,773,1855
2020-02-27T18:00:00+09:00,J4,1035,884,1919
2020-02-27T18:00:00+09:00,J5,768,835,1603
2020-02-27T18:15:00+09:00,J1,686,578,1264
2020-02-27T18:15:00+09:00,J2,505,429,934
2020-02-27T18:15:00+09:00,J3,1094,763,1857
2020-02-27T18:15:00+09:00,J4,807,651,1458
2020-02-27T18:15:00+09:00,J5,539,741,1280
2020-02-27T18:30:00+09:00,J1,659,626,1285
2020-02-27T18:30:00+09:00,J2,522,420,942
2020-02-27T18:30:00+09:00,J3,994,770,1764
2020-02-27T18:30:00+09:00,J4,784,703,1487
2020-02-27T18:30:00+09:00,J5,420,574,994
2020-02-27T18:45:00+09:00,J1,657,553,1210
2020-02-27T18:45:00+09:00,J2,550,597,1147
2020-02-27T18:45:00+09:00,J3,957,716,1673
2020-02-27T18:45:00+09:00,J4,820,754,1574
2020-02-27T18:45:00+09:00,J5,396,492,888
2020-02-27T19:00:00+09:00,J1,510,532,1042
2020-02-27T19:00:00+09:00,J2,496,630,1126
2020-02-27T19:00:00+09:00,J3,939,689,1628
2020-02-27T19:00:00+09:00,J4,848,816,1664
2020-02-27T19:00:00+09:00,J5,347,443,790
2020-02-27T19:15:00+09:00,J1,543,515,1058
2020-02-27T19:15:00+09:00,J2,515,576,1091
2020-02-27T19:15:00+09:00,J3,929,702,1631
2020-02-27T19:15:00+09:00,J4,963,839,1802
2020-02-27T19:15:00+09:00,J5,398,419,817
2020-02-27T19:30:00+09:00,J1,501,530,1031
2020-02-27T19:30:00+09:00,J2,513,567,1080
2020-02-27T19:30:00+09:00,J3,807,701,1508
2020-02-27T19:30:00+09:00,J4,904,783,1687
2020-02-27T19:30:00+09:00,J5,374,342,716
2020-02-27T19:45:00+09:00,J1,576,493,1069
2020-02-27T19:45:00+09:00,J2,445,416,861
2020-02-27T19:45:00+09:00,J3,823,746,1569
2020-02-27T19:45:00+09:00,J4,880,789,1669
2020-02-27T19:45:00+09:00,J5,405,336,741
2020-02-27T20:00:00+09:00,J1,523,505,1028
2020-02-27T20:00:00+09:00,J2,428,384,812
2020-02-27T20:00:00+09:00,J3,805,673,1478
2020-02-27T20:00:00+09:00,J4,890,830,1720
2020-02-27T20:00:00+09:00,J5,408,430,838
2020-02-27T20:15:00+09:00,J1,519,486,1005
2020-02-27T20:15:00+09:00,J2,442,464,906
2020-02-27T20:15:00+09:00,J3,744,636,1380
2020-02-27T20:15:00+09:00,J4,738,778,1516
2020-02-27T20:15:00+09:00,J5,403,390,793
2020-02-27T20:30:00+09:00,J1,524,495,1019
2020-02-27T20:30:00+09:00,J2,415,391,806
2020-02-27T20:30:00+09:00,J3,738,656,1394
2020-02-27T20:30:00+09:00,J4,762,733,1495
2020-02-27T20:30:00+09:00,J5,391,334,725
2020-02-27T20:45:00+09:00,J1,542,489,1031
2020-02-27T20:45:00+09:00,J2,410,333,743
2020-02-27T20:45:00+09:00,J3,628,610,1238
2020-02-27T20:45:00+09:00,J4,672,628,1300
2020-02-27T20:45:00+09:00,J5,398,366,764
2020-02-27T21:00:00+09:00,J1,537,483,1020
2020-02-27T21:00:00+09:00,J2,352,421,773
2020-02-27T21:00:00+09:00,J3,712,521,1233
2020-02-27T21:00:00+09:00,J4,663,743,1406
2020-02-27T21:00:00+09:00,J5,475,406,881
2020-02-27T21:15:00+09:00,J1,491,502,993
2020-02-27T21:15:00+09:00,J2,319,282,601
2020-02-27T21:15:00+09:00,J3,785,591,1376
2020-02-27T21:15:00+09:00,J4,805,800,1605
2020-02-27T21:15:00+09:00,J5,505,414,919
2020-02-27T21:30:00+09:00,J1,482,524,1006
2020-02-27T21:30:00+09:00,J2,268,218,486
2020-02-27T21:30:00+09:00,J3,701,525,1226
2020-02-27T21:30:00+09:00,J4,858,815,1673
2020-02-27T21:30:00+09:00,J5,456,414,870
2020-02-27T21:45:00+09:00,J1,460,469,929
2020-02-27T21:45:00+09:00,J2,395,341,736
2020-02-27T21:45:00+09:00,J3,595,486,1081
2020-02-27T21:45:00+09:00,J4,841,802,1643
2020-02-27T21:45:00+09:00,J5,379,405,784
2020-02-27T22:00:00+09:00,J1,471,467,938
2020-02-27T22:00:00+09:00,J2,410,356,766
2020-02-27T22:00:00+09:00,J3,613,613,1226
2020-02-27T22:00:00+09:00,J4,775,867,1642
2020-02-27T22:00:00+09:00,J5,431,408,839
2020-02-27T22:15:00+09:00,J1,483,467,950
2020-02-27T22:15:00+09:00,J2,377,361,738
2020-02-27T22:15:00+09:00,J3,540,513,1053
2020-02-27T22:15:00+09:00,J4,785,799,1584
2020-02-27T22:15:00+09:00,J5,345,341,686
2020-02-27T22:30:00+09:00,J1,486,452,938
2020-02-27T22:30:00+09:00,J2,496,393,889
2020-02-27T22:30:00+09:00,J3,568,521,1089
2020-02-27T22:30:00+09:00,J4,825,884,1709
2020-02-27T22:30:00+09:00,J5,415,382,797
2020-02-27T22:45:00+09:00,J1,430,457,887
2020-02-27T22:45:00+09:00,J2,435,411,846
2020-02-27T22:45:00+09:00,J3,573,574,1147
2020-02-27T22:45:00+09:00,J4,808,828,1636
2020-02-27T22:45:00+09:00,J5,359,338,697
2020-02-27T23:00:00+09:00,J1,477,434,911
2020-02-27T23:00:00+09:00,J2,490,396,886
2020-02-27T23:00:00+09:00,J3,550,461,1011
2020-02-27T23:00:00+09:00,J4,837,810,1647
2020-02-27T23:00:00+09:00,J5,361,293,654
2020-02-27T23:15:00+09:00,J1,482,435,917
2020-02-27T23:15:00+09:00,J2,459,357,816
2020-02-27T23:15:00+09:00,J3,484,470,954
2020-02-27T23:15:00+09:00,J4,785,789,1574
2020-02-27T23:15:00+09:00,J5,360,316,676
2020-02-27T23:30:00+09:00,J1,478,484,962
2020-02-27T23:30:00+09:00,J2,425,374,799
2020-02-27T23:30:00+09:00,J3,486,464,950
2020-02-27T23:30:00+09:00,J4,762,764,1526
2020-02-27T23:30:00+09:00,J5,326,351,677
2020-02-27T23:45:00+09:00,J1,463,461,924
2020-02-27T23:45:00+09:00,J2,438,406,844
2020-02-27T23:45:00+09:00,J3,552,457,1009
2020-02-27T23:45:00+09:00,J4,853,768,1621
2020-02-27T23:45:00+09:00,J5,334,319,653
2020-02-28T00:00:00+09:00,J1,368,377,745
2020-02-28T00:00:00+09:00,J2,441,484,925
2020-02-28T00:00:00+09:00,J3,427,439,866
2020-02-28T00:00:00+09:00,J4,820,677,1497
2020-02-28T00:00:00+09:00,J5,347,313,660
2020-02-28T00:15:00+09:00,J1,376,393,769
2020-02-28T00:15:00+09:00,J2,380,422,802
2020-02-28T00:15:00+09:00,J3,597,585,1182
2020-02-28T00:15:00+09:00,J4,700,648,1348
2020-02-28T00:15:00+09:00,J5,473,443,916
2020-02-28T00:30:00+09:00,J1,407,383,790
2020-02-28T00:30:00+09:00,J2,364,329,693
2020-02-28T00:30:00+09:00,J3,609,554,1163
2020-02-28T00:30:00+09:00,J4,729,708,1437
2020-02-28T00:30:00+09:00,J5,474,487,961
2020-02-28T00:45:00+09:00,J1,302,306,608
2020-02-28T00:45:00+09:00,J2,300,329,629
2020-02-28T00:45:00+09:00,J3,641,588,1229
2020-02-28T00:45:00+09:00,J4,731,702,1433
2020-02-28T00:45:00+09:00,J5,523,470,993
2020-02-28T05:45:00+09:00,J1,373,400,773
2020-02-28T05:45:00+09:00,J2,234,236,470
2020-02-28T05:45:00+09:00,J3,567,395,962
2020-02-28T05:45:00+09:00,J4,531,586,1117
2020-02-28T05:45:00+09:00,J5,440,466,906
2020-02-28T06:00:00+09:00,J1,414,461,875
2020-02-28T06:00:00+09:00,J2,287,292,579
2020-02-28T06:00:00+09:00,J3,695,550,1245
2020-02-28T06:00:00+09:00,J4,586,697,1283
2020-02-28T06:00:00+09:00,J5,605,644,1249
2020-02-28T06:15:00+09:00,J1,447,445,892
2020-02-28T06:15:00+09:00,J2,387,411,798
2020-02-28T06:15:00+09:00,J3,676,602,1278
2020-02-28T06:15:00+09:00,J4,748,777,1525
2020-02-28T06:15:00+09:00,J5,626,574,1200
2020-02-28T06:30:00+09:00,J1,431,428,859
2020-02-28T06:30:00+09:00,J2,412,450,862
2020-02-28T06:30:00+09:00,J3,634,585,1219
2020-02-28T06:30:00+09:00,J4,683,814,1497
2020-02-28T06:30:00+09:00,J5,630,534,1164
2020-02-28T06:45:00+09:00,J1,395,397,792
2020-02-28T06:45:00+09:00,J2,430,397,827
2020-02-28T06:45:00+09:00,J3,600,580,1180
2020-02-28T06:45:00+09:00,J4,710,842,1552
2020-02-28T06:45:00+09:00,J5,649,575,1224
2020-02-28T07:00:00+09:00,J1,437,450,887
2020-02-28T07:00:00+09:00,J2,335,293,628
2020-02-28T07:00:00+09:00,J3,585,597,1182
2020-02-28T07:00:00+09:00,J4,916,885,1801
2020-02-28T07:00:00+09:00,J5,619,635,1254
2020-02-28T07:15:00+09:00,J1,462,474,936
2020-02-28T07:15:00+09:00,J2,389,357,746
2020-02-28T07:15:00+09:00,J3,583,602,1185
2020-02-28T07:15:00+09:00,J4,949,862,1811
2020-02-28T07:15:00+09:00,J5,625,620,1245
2020-02-28T07:30:00+09:00,J1,521,523,1044
2020-02-28T07:30:00+09:00,J2,448,462,910
2020-02-28T07:30:00+09:00,J3,680,738,1418
2020-02-28T07:30:00+09:00,J4,1002,960,1962
2020-02-28T07:30:00+09:00,J5,622,566,1188
2020-02-28T07:45:00+09:00,J1,553,569,1122
2020-02-28T07:45:00+09:00,J2,603,546,1149
2020-02-28T07:45:00+09:00,J3,881,890,1771
2020-02-28T07:45:00+09:00,J4,954,1002,1956
2020-02-28T07:45:00+09:00,J5,659,710,1369
2020-02-28T08:00:00+09:00,J1,565,595,1160
2020-02-28T08:00:00+09:00,J2,580,330,910
2020-02-28T08:00:00+09:00,J3,985,913,1898
2020-02-28T08:00:00+09:00,J4,876,989,1865
2020-02-28T08:00:00+09:00,J5,771,750,1521
2020-02-28T08:15:00+09:00,J1,592,532,1124
2020-02-28T08:15:00+09:00,J2,728,439,1167
2020-02-28T08:15:00+09:00,J3,980,982,1962
2020-02-28T08:15:00+09:00,J4,862,1058,1920
2020-02-28T08:15:00+09:00,J5,690,750,1440
2020-02-28T08:30:00+09:00,J1,606,543,1149
2020-02-28T08:30:00+09:00,J2,721,473,1194
2020-02-28T08:30:00+09:00,J3,952,870,1822
2020-02-28T08:30:00+09:00,J4,802,989,1791
2020-02-28T08:30:00+09:00,J5,666,681,1347
2020-02-28T08:45:00+09:00,J1,580,578,1158
2020-02-28T08:45:00+09:00,J2,546,275,821
2020-02-28T08:45:00+09:00,J3,787,750,1537
2020-02-28T08:45:00+09:00,J4,915,882,1797
2020-02-28T08:45:00+09:00,J5,672,650,1322
2020-02-28T09:00:00+09:00,J1,654,620,1274
2020-02-28T09:00:00+09:00,J2,466,294,760
2020-02-28T09:00:00+09:00,J3,769,635,1404
2020-02-28T09:00:00+09:00,J4,871,933,1804
2020-02-28T09:00:00+09:00,J5,686,699,1385
2020-02-28T09:15:00+09:00,J1,562,509,1071
2020-02-28T09:15:00+09:00,J2,424,313,737
2020-02-28T09:15:00+09:00,J3,584,572,1156
2020-02-28T09:15:00+09:00,J4,907,919,1826
2020-02-28T09:15:00+09:00,J5,419,533,952
2020-02-28T09:30:00+09:00,J1,561,541,1102
2020-02-28T09:30:00+09:00,J2,438,343,781
2020-02-28T09:30:00+09:00,J3,532,483,1015
2020-02-28T09:30:00+09:00,J4,865,911,1776
2020-02-28T09:30:00+09:00,J5,369,407,776
2020-02-28T09:45:00+09:00,J1,583,580,1163
2020-02-28T09:45:00+09:00,J2,445,358,803
2020-02-28T09:45:00+09:00,J3,562,603,1165
2020-02-28T09:45:00+09:00,J4,875,847,1722
2020-02-28T09:45:00+09:00,J5,393,430,823
2020-02-28T10:00:00+09:00,J1,585,550,1135
2020-02-28T10:00:00+09:00,J2,339,276,615
2020-02-28T10:00:00+09:00,J3,543,595,1138
2020-02-28T10:00:00+09:00,J4,868,820,1688
2020-02-28T10:00:00+09:00,J5,401,358,759
2020-02-28T10:15:00+09:00,J1,620,594,1214
2020-02-28T10:15:00+09:00,J2,471,334,805
2020-02-28T10:15:00+09:00,J3,587,612,1199
2020-02-28T10:15:00+09:00,J4,785,810,1595
2020-02-28T10:15:00+09:00,J5,410,343,753
2020-02-28T10:30:00+09:00,J1,617,630,1247
2020-02-28T10:30:00+09:00,J2,401,382,783
2020-02-28T10:30:00+09:00,J3,555,520,1075
2020-02-28T10:30:00+09:00,J4,817,813,1630
2020-02-28T10:30:00+09:00,J5,396,357,753
2020-02-28T10:45:00+09:00,J1,641,633,1274
2020-02-28T10:45:00+09:00,J2,330,364,694
2020-02-28T10:45:00+09:00,J3,557,592,1149
2020-02-28T10:45:00+09:00,J4,780,810,1590
2020-02-28T10:45:00+09:00,J5,366,359,725
2020-02-28T11:00:00+09:00,J1,593,610,1203
2020-02-28T11:00:00+09:00,J2,398,398,796
2020-02-28T11:00:00+09:00,J3,692,649,1341
2020-02-28T11:00:00+09:00,J4,785,779,1564
2020-02-28T11:00:00+09:00,J5,333,362,695
2020-02-28T11:15:00+09:00,J1,585,622,1207
2020-02-28T11:15:00+09:00,J2,400,441,841
2020-02-28T11:15:00+09:00,J3,806,626,1432
2020-02-28T11:15:00+09:00,J4,771,765,1536
2020-02-28T11:15:00+09:00,J5,470,552,1022
2020-02-28T11:30:00+09:00,J1,556,601,1157
2020-02-28T11:30:00+09:00,J2,437,422,859
2020-02-28T11:30:00+09:00,J3,809,663,1472
2020-02-28T11:30:00+09:00,J4,776,765,1541
2020-02-28T11:30:00+09:00,J5,695,687,1382
2020-02-28T11:45:00+09:00,J1,597,543,1140
2020-02-28T11:45:00+09:00,J2,463,472,935
2020-02-28T11:45:00+09:00,J3,871,738,1609
2020-02-28T11:45:00+09:00,J4,761,748,1509
2020-02-28T11:45:00+09:00,J5,643,640,1283
2020-02-28T12:00:00+09:00,J1,608,605,1213
2020-02-28T12:00:00+09:00,J2,489,501,990
2020-02-28T12:00:00+09:00,J3,848,778,1626
2020-02-28T12:00:00+09:00,J4,753,845,1598
2020-02-28T12:00:00+09:00,J5,671,682,1353
2020-02-28T12:15:00+09:00,J1,623,644,1267
2020-02-28T12:15:00+09:00,J2,428,434,862
2020-02-28T12:15:00+09:00,J3,779,608,1387
2020-02-28T12:15:00+09:00,J4,639,773,1412
2020-02-28T12:15:00+09:00,J5,697,681,1378
2020-02-28T12:30:00+09:00,J1,609,608,1217
2020-02-28T12:30:00+09:00,J2,445,407,852
2020-02-28T12:30:00+09:00,J3,667,619,1286
2020-02-28T12:30:00+09:00,J4,610,719,1329
2020-02-28T12:30:00+09:00,J5,651,665,1316
2020-02-28T12:45:00+09:00,J1,622,599,1221
2020-02-28T12:45:00+09:00,J2,416,387,803
2020-02-28T12:45:00+09:00,J3,596,545,1141
2020-02-28T12:45:00+09:00,J4,616,741,1357
2020-02-28T12:45:00+09:00,J5,601,644,1245
2020-02-28T13:00:00+09:00,J1,579,624,1203
2020-02-28T13:00:00+09:00,J2,479,429,908
2020-02-28T13:00:00+09:00,J3,698,681,1379
2020-02-28T13:00:00+09:00,J4,636,724,1360
2020-02-28T13:00:00+09:00,J5,538,591,1129
2020-02-28T13:15:00+09:00,J1,610,606,1216
2020-02-28T13:15:00+09:00,J2,435,487,922
2020-02-28T13:15:00+09:00,J3,767,742,1509
2020-02-28T13:15:00+09:00,J4,601,665,1266
2020-02-28T13:15:00+09:00,J5,454,552,1006
2020-02-28T13:30:00+09:00,J1,654,636,1290
2020-02-28T13:30:00+09:00,J2,487,505,992
2020-02-28T13:30:00+09:00,J3,739,763,1502
2020-02-28T13:30:00+09:00,J4,612,661,1273
2020-02-28T13:30:00+09:00,J5,614,600,1214
2020-02-28T13:45:00+09:00,J1,614,632,1246
2020-02-28T13:45:00+09:00,J2,466,490,956
2020-02-28T13:45:00+09:00,J3,703,821,1524
2020-02-28T13:45:00+09:00,J4,632,686,1318
2020-02-28T13:45:00+09:00,J5,653,663,1316
2020-02-28T14:00:00+09:00,J1,654,621,1275
2020-02-28T14:00:00+09:00,J2,477,482,959
2020-02-28T14:00:00+09:00,J3,811,760,1571
2020-02-28T14:00:00+09:00,J4,490,617,1107
2020-02-28T14:00:00+09:00,J5,657,657,1314
2020-02-28T14:15:00+09:00,J1,580,629,1209
2020-02-28T14:15:00+09:00,J2,467,500,967
2020-02-28T14:15:00+09:00,J3,848,773,1621
2020-02-28T14:15:00+09:00,J4,636,647,1283
2020-02-28T14:15:00+09:00,J5,613,652,1265
2020-02-28T14:30:00+09:00,J1,635,659,1294
2020-02-28T14:30:00+09:00,J2,487,570,1057
2020-02-28T14:30:00+09:00,J3,819,800,1619
2020-02-28T14:30:00+09:00,J4,640,567,1207
2020-02-28T14:30:00+09:00,J5,670,668,1338
2020-02-28T14:45:00+09:00,J1,585,596,1181
2020-02-28T14:45:00+09:00,J2,478,468,946
2020-02-28T14:45:00+09:00,J3,828,745,1573
2020-02-28T14:45:00+09:00,J4,597,554,1151
2020-02-28T14:45:00+09:00,J5,638,625,1263
2020-02-28T15:00:00+09:00,J1,606,604,1210
2020-02-28T15:00:00+09:00,J2,514,477,991
2020-02-28T15:00:00+09:00,J3,889,723,1612
2020-02-28T15:00:00+09:00,J4,543,619,1162
2020-02-28T15:00:00+09:00,J5,652,637,1289
2020-02-28T15:15:00+09:00,J1,560,582,1142
2020-02-28T15:15:00+09:00,J2,498,485,983
2020-02-28T15:15:00+09:00,J3,907,682,1589
2020-02-28T15:15:00+09:00,J4,636,601,1237
2020-02-28T15:15:00+09:00,J5,632,677,1309
2020-02-28T15:30:00+09:00,J1,576,546,1122
2020-02-28T15:30:00+09:00,J2,599,626,1225
2020-02-28T15:30:00+09:00,J3,953,675,1628
2020-02-28T15:30:00+09:00,J4,631,692,1323
2020-02-28T15:30:00+09:00,J5,615,735,1350
2020-02-28T15:45:00+09:00,J1,545,556,1101
2020-02-28T15:45:00+09:00,J2,559,639,1198
2020-02-28T15:45:00+09:00,J3,956,717,1673
2020-02-28T15:45:00+09:00,J4,579,706,1285
2020-02-28T15:45:00+09:00,J5,654,690,1344
2020-02-28T16:00:00+09:00,J1,567,608,1175
2020-02-28T16:00:00+09:00,J2,451,539,990
2020-02-28T16:00:00+09:00,J3,953,735,1688
2020-02-28T16:00:00+09:00,J4,701,732,1433
2020-02-28T16:00:00+09:00,J5,632,704,1336
2020-02-28T16:15:00+09:00,J1,538,548,1086
2020-02-28T16:15:00+09:00,J2,481,648,1129
2020-02-28T16:15:00+09:00,J3,902,848,1750
2020-02-28T16:15:00+09:00,J4,675,667,1342
2020-02-28T16:15:00+09:00,J5,582,693,1275
2020-02-28T16:30:00+09:00,J1,540,572,1112
2020-02-28T16:30:00+09:00,J2,412,403,815
2020-02-28T16:30:00+09:00,J3,1035,827,1862
2020-02-28T16:30:00+09:00,J4,628,685,1313
2020-02-28T16:30:00+09:00,J5,640,651,1291
2020-02-28T16:45:00+09:00,J1,606,589,1195
2020-02-28T16:45:00+09:00,J2,393,384,777
2020-02-28T16:45:00+09:00,J3,983,783,1766
2020-02-28T16:45:00+09:00,J4,601,663,1264
2020-02-28T16:45:00+09:00,J5,576,650,1226
2020-02-28T17:00:00+09:00,J1,599,556,1155
2020-02-28T17:00:00+09:00,J2,464,395,859
2020-02-28T17:00:00+09:00,J3,1039,812,1851
2020-02-28T17:00:00+09:00,J4,588,618,1206
2020-02-28T17:00:00+09:00,J5,573,736,1309
2020-02-28T17:15:00+09:00,J1,667,627,1294
2020-02-28T17:15:00+09:00,J2,632,648,1280
2020-02-28T17:15:00+09:00,J3,995,930,1925
2020-02-28T17:15:00+09:00,J4,721,717,1438
2020-02-28T17:15:00+09:00,J5,678,789,1467
2020-02-28T17:30:00+09:00,J1,640,539,1179
2020-02-28T17:30:00+09:00,J2,614,665,1279
2020-02-28T17:30:00+09:00,J3,1092,1011,2103
2020-02-28T17:30:00+09:00,J4,873,792,1665
2020-02-28T17:30:00+09:00,J5,660,914,1574
2020-02-28T17:45:00+09:00,J1,642,579,1221
2020-02-28T17:45:00+09:00,J2,589,584,1173
2020-02-28T17:45:00+09:00,J3,1169,1006,2175
2020-02-28T17:45:00+09:00,J4,952,859,1811
2020-02-28T17:45:00+09:00,J5,751,865,1616
2020-02-28T18:00:00+09:00,J1,653,597,1250
2020-02-28T18:00:00+09:00,J2,579,493,1072
2020-02-28T18:00:00+09:00,J3,1167,941,2108
2020-02-28T18:00:00+09:00,J4,899,768,1667
2020-02-28T18:00:00+09:00,J5,705,895,1600
2020-02-28T18:15:00+09:00,J1,673,585,1258
2020-02-28T18:15:00+09:00,J2,562,465,1027
2020-02-28T18:15:00+09:00,J3,1265,813,2078
2020-02-28T18:15:00+09:00,J4,862,673,1535
2020-02-28T18:15:00+09:00,J5,527,701,1228
2020-02-28T18:30:00+09:00,J1,601,607,1208
2020-02-28T18:30:00+09:00,J2,582,481,1063
2020-02-28T18:30:00+09:00,J3,1048,740,1788
2020-02-28T18:30:00+09:00,J4,830,763,1593
2020-02-28T18:30:00+09:00,J5,436,657,1093
2020-02-28T18:45:00+09:00,J1,627,533,1160
2020-02-28T18:45:00+09:00,J2,429,390,819
2020-02-28T18:45:00+09:00,J3,902,807,1709
2020-02-28T18:45:00+09:00,J4,847,734,1581
2020-02-28T18:45:00+09:00,J5,419,545,964
2020-02-28T19:00:00+09:00,J1,478,487,965
2020-02-28T19:00:00+09:00,J2,540,413,953
2020-02-28T19:00:00+09:00,J3,904,708,1612
2020-02-28T19:00:00+09:00,J4,823,793,1616
2020-02-28T19:00:00+09:00,J5,420,472,892
2020-02-28T19:15:00+09:00,J1,548,479,1027
2020-02-28T19:15:00+09:00,J2,563,428,991
2020-02-28T19:15:00+09:00,J3,883,691,1574
2020-02-28T19:15:00+09:00,J4,862,831,1693
2020-02-28T19:15:00+09:00,J5,476,511,987
2020-02-28T19:30:00+09:00,J1,491,508,999
2020-02-28T19:30:00+09:00,J2,468,378,846
2020-02-28T19:30:00+09:00,J3,870,649,1519
2020-02-28T19:30:00+09:00,J4,927,794,1721
2020-02-28T19:30:00+09:00,J5,419,445,864
2020-02-28T19:45:00+09:00,J1,503,436,939
2020-02-28T19:45:00+09:00,J2,412,326,738
2020-02-28T19:45:00+09:00,J3,728,520,1248
2020-02-28T19:45:00+09:00,J4,920,847,1767
2020-02-28T19:45:00+09:00,J5,367,397,764
2020-02-28T20:00:00+09:00,J1,472,513,985
2020-02-28T20:00:00+09:00,J2,385,326,711
2020-02-28T20:00:00+09:00,J3,699,532,1231
2020-02-28T20:00:00+09:00,J4,820,796,1616
2020-02-28T20:00:00+09:00,J5,389,390,779
2020-02-28T20:15:00+09:00,J1,480,459,939
2020-02-28T20:15:00+09:00,J2,292,249,541
2020-02-28T20:15:00+09:00,J3,693,531,1224
2020-02-28T20:15:00+09:00,J4,680,776,1456
2020-02-28T20:15:00+09:00,J5,404,441,845
2020-02-28T20:30:00+09:00,J1,490,465,955
2020-02-28T20:30:00+09:00,J2,384,333,717
2020-02-28T20:30:00+09:00,J3,670,533,1203
2020-02-28T20:30:00+09:00,J4,674,736,1410
2020-02-28T20:30:00+09:00,J5,412,388,800
2020-02-28T20:45:00+09:00,J1,476,469,945
2020-02-28T20:45:00+09:00,J2,297,267,564
2020-02-28T20:45:00+09:00,J3,608,520,1128
2020-02-28T20:45:00+09:00,J4,675,608,1283
2020-02-28T20:45:00+09:00,J5,370,351,721
2020-02-28T21:00:00+09:00,J1,462,502,964
2020-02-28T21:00:00+09:00,J2,380,364,744
2020-02-28T21:00:00+09:00,J3,728,596,1324
2020-02-28T21:00:00+09:00,J4,669,674,1343
2020-02-28T21:00:00+09:00,J5,354,361,715
2020-02-28T21:15:00+09:00,J1,505,512,1017
2020-02-28T21:15:00+09:00,J2,330,333,663
2020-02-28T21:15:00+09:00,J3,765,553,1318
2020-02-28T21:15:00+09:00,J4,614,783,1397
2020-02-28T21:15:00+09:00,J5,343,407,750
2020-02-28T21:30:00+09:00,J1,494,512,1006
2020-02-28T21:30:00+09:00,J2,315,244,559
2020-02-28T21:30:00+09:00,J3,728,550,1278
2020-02-28T21:30:00+09:00,J4,669,727,1396
2020-02-28T21:30:00+09:00,J5,377,327,704
2020-02-28T21:45:00+09:00,J1,540,483,1023
2020-02-28T21:45:00+09:00,J2,348,343,691
2020-02-28T21:45:00+09:00,J3,687,517,1204
2020-02-28T21:45:00+09:00,J4,776,780,1556
2020-02-28T21:45:00+09:00,J5,399,345,744
2020-02-28T22:00:00+09:00,J1,509,498,1007
2020-02-28T22:00:00+09:00,J2,356,325,681
2020-02-28T22:00:00+09:00,J3,652,515,1167
2020-02-28T22:00:00+09:00,J4,734,754,1488
2020-02-28T22:00:00+09:00,J5,348,315,663
2020-02-28T22:15:00+09:00,J1,481,474,955
2020-02-28T22:15:00+09:00,J2,337,334,671
2020-02-28T22:15:00+09:00,J3,581,495,1076
2020-02-28T22:15:00+09:00,J4,676,718,1394
2020-02-28T22:15:00+09:00,J5,382,322,704
2020-02-28T22:30:00+09:00,J1,477,515,992
2020-02-28T22:30:00+09:00,J2,334,379,713
2020-02-28T22:30:00+09:00,J3,608,509,1117
2020-02-28T22:30:00+09:00,J4,674,700,1374
2020-02-28T22:30:00+09:00,J5,360,363,723
2020-02-28T22:45:00+09:00,J1,489,468,957
2020-02-28T22:45:00+09:00,J2,359,330,689
2020-02-28T22:45:00+09:00,J3,553,527,1080
2020-02-28T22:45:00+09:00,J4,631,744,1375
2020-02-28T22:45:00+09:00,J5,330,278,608
2020-02-28T23:00:00+09:00,J1,427,461,888
2020-02-28T23:00:00+09:00,J2,398,405,803
2020-02-28T23:00:00+09:00,J3,541,513,1054
2020-02-28T23:00:00+09:00,J4,773,793,1566
2020-02-28T23:00:00+09:00,J5,332,335,667
2020-02-28T23:15:00+09:00,J1,453,473,926
2020-02-28T23:15:00+09:00,J2,354,399,753
2020-02-28T23:15:00+09:00,J3,572,505,1077
2020-02-28T23:15:00+09:00,J4,791,774,1565
2020-02-28T23:15:00+09:00,J5,352,289,641
2020-02-28T23:30:00+09:00,J1,444,445,889
2020-02-28T23:30:00+09:00,J2,324,305,629
2020-02-28T23:30:00+09:00,J3,519,505,1024
2020-02-28T23:30:00+09:00,J4,936,816,1752
2020-02-28T23:30:00+09:00,J5,349,361,710
2020-02-28T23:45:00+09:00,J1,459,473,932
2020-02-28T23:45:00+09:00,J2,234,240,474
2020-02-28T23:45:00+09:00,J3,587,463,1050
2020-02-28T23:45:00+09:00,J4,822,838,1660
2020-02-28T23:45:00+09:00,J5,364,364,728
2020-02-29T00:00:00+09:00,J1,393,427,820
2020-02-29T00:00:00+09:00,J2,291,287,578
2020-02-29T00:00:00+09:00,J3,606,484,1090
2020-02-29T00:00:00+09:00,J4,838,742,1580
2020-02-29T00:00:00+09:00,J5,418,410,828
2020-02-29T00:15:00+09:00,J1,333,370,703
2020-02-29T00:15:00+09:00,J2,338,326,664
2020-02-29T00:15:00+09:00,J3,411,409,820
2020-02-29T00:15:00+09:00,J4,859,830,1689
2020-02-29T00:15:00+09:00,J5,364,397,761
2020-02-29T00:30:00+09:00,J1,360,370,730
2020-02-29T00:30:00+09:00,J2,417,369,786
2020-02-29T00:30:00+09:00,J3,399,348,747
2020-02-29T00:30:00+09:00,J4,820,723,1543
2020-02-29T00:30:00+09:00,J5,528,551,1079
2020-02-29T00:45:00+09:00,J1,286,315,601
2020-02-29T00:45:00+09:00,J2,446,401,847
2020-02-29T00:45:00+09:00,J3,429,377,806
2020-02-29T00:45:00+09:00,J4,710,639,1349
2020-02-29T00:45:00+09:00,J5,526,520,1046
2020-02-29T05:45:00+09:00,J1,347,347,694
2020-02-29T05:45:00+09:00,J2,231,221,452
2020-02-29T05:45:00+09:00,J3,589,473,1062
2020-02-29T05:45:00+09:00,J4,609,607,1216
2020-02-29T05:45:00+09:00,J5,478,491,969
2020-02-29T06:00:00+09:00,J1,294,356,650
2020-02-29T06:00:00+09:00,J2,256,236,492
2020-02-29T06:00:00+09:00,J3,769,445,1214
2020-02-29T06:00:00+09:00,J4,637,724,1361
2020-02-29T06:00:00+09:00,J5,515,495,1010
2020-02-29T06:15:00+09:00,J1,395,413,808
2020-02-29T06:15:00+09:00,J2,297,279,576
2020-02-29T06:15:00+09:00,J3,661,482,1143
2020-02-29T06:15:00+09:00,J4,700,741,1441
2020-02-29T06:15:00+09:00,J5,598,559,1157
2020-02-29T06:30:00+09:00,J1,447,477,924
2020-02-29T06:30:00+09:00,J2,280,269,549
2020-02-29T06:30:00+09:00,J3,729,484,1213
2020-02-29T06:30:00+09:00,J4,789,771,1560
2020-02-29T06:30:00+09:00,J5,628,562,1190
2020-02-29T06:45:00+09:00,J1,391,389,780
2020-02-29T06:45:00+09:00,J2,279,323,602
2020-02-29T06:45:00+09:00,J3,605,517,1122
2020-02-29T06:45:00+09:00,J4,686,781,1467
2020-02-29T06:45:00+09:00,J5,595,540,1135
2020-02-29T07:00:00+09:00,J1,398,437,835
2020-02-29T07:00:00+09:00,J2,191,185,376
2020-02-29T07:00:00+09:00,J3,583,564,1147
2020-02-29T07:00:00+09:00,J4,867,854,1721
2020-02-29T07:00:00+09:00,J5,568,513,1081
2020-02-29T07:15:00+09:00,J1,472,433,905
2020-02-29T07:15:00+09:00,J2,232,210,442
2020-02-29T07:15:00+09:00,J3,572,531,1103
2020-02-29T07:15:00+09:00,J4,950,875,1825
2020-02-29T07:15:00+09:00,J5,605,552,1157
2020-02-29T07:30:00+09:00,J1,517,448,965
2020-02-29T07:30:00+09:00,J2,259,200,459
2020-02-29T07:30:00+09:00,J3,519,575,1094
2020-02-29T07:30:00+09:00,J4,941,915,1856
2020-02-29T07:30:00+09:00,J5,577,537,1114
2020-02-29T07:45:00+09:00,J1,469,500,969
2020-02-29T07:45:00+09:00,J2,258,246,504
2020-02-29T07:45:00+09:00,J3,534,564,1098
2020-02-29T07:45:00+09:00,J4,1002,910,1912
2020-02-29T07:45:00+09:00,J5,535,510,1045
2020-02-29T08:00:00+09:00,J1,587,600,1187
2020-02-29T08:00:00+09:00,J2,455,423,878
2020-02-29T08:00:00+09:00,J3,755,654,1409
2020-02-29T08:00:00+09:00,J4,799,861,1660
2020-02-29T08:00:00+09:00,J5,526,551,1077
2020-02-29T08:15:00+09:00,J1,616,663,1279
2020-02-29T08:15:00+09:00,J2,574,451,1025
2020-02-29T08:15:00+09:00,J3,729,650,1379
2020-02-29T08:15:00+09:00,J4,669,696,1365
2020-02-29T08:15:00+09:00,J5,679,689,1368
2020-02-29T08:30:00+09:00,J1,533,638,1171
2020-02-29T08:30:00+09:00,J2,429,334,763
2020-02-29T08:30:00+09:00,J3,793,756,1549
2020-02-29T08:30:00+09:00,J4,692,696,1388
2020-02-29T08:30:00+09:00,J5,663,664,1327
2020-02-29T08:45:00+09:00,J1,532,587,1119
2020-02-29T08:45:00+09:00,J2,412,379,791
2020-02-29T08:45:00+09:00,J3,829,656,1485
2020-02-29T08:45:00+09:00,J4,664,677,1341
2020-02-29T08:45:00+09:00,J5,594,611,1205
2020-02-29T09:00:00+09:00,J1,610,609,1219
2020-02-29T09:00:00+09:00,J2,580,518,1098
2020-02-29T09:00:00+09:00,J3,601,531,1132
2020-02-29T09:00:00+09:00,J4,696,719,1415
2020-02-29T09:00:00+09:00,J5,448,481,929
2020-02-29T09:15:00+09:00,J1,649,582,1231
2020-02-29T09:15:00+09:00,J2,553,518,1071
2020-02-29T09:15:00+09:00,J3,586,596,1182
2020-02-29T09:15:00+09:00,J4,782,819,1601
2020-02-29T09:15:00+09:00,J5,363,329,692
2020-02-29T09:30:00+09:00,J1,604,644,1248
2020-02-29T09:30:00+09:00,J2,514,496,1010
2020-02-29T09:30:00+09:00,J3,587,566,1153
2020-02-29T09:30:00+09:00,J4,804,869,1673
2020-02-29T09:30:00+09:00,J5,357,307,664
2020-02-29T09:45:00+09:00,J1,664,598,1262
2020-02-29T09:45:00+09:00,J2,488,444,932
2020-02-29T09:45:00+09:00,J3,706,663,1369
2020-02-29T09:45:00+09:00,J4,823,735,1558
2020-02-29T09:45:00+09:00,J5,358,316,674
2020-02-29T10:00:00+09:00,J1,660,633,1293
2020-02-29T10:00:00+09:00,J2,486,432,918
2020-02-29T10:00:00+09:00,J3,691,658,1349
2020-02-29T10:00:00+09:00,J4,814,784,1598
2020-02-29T10:00:00+09:00,J5,368,328,696
2020-02-29T10:15:00+09:00,J1,672,623,1295
2020-02-29T10:15:00+09:00,J2,434,340,774
2020-02-29T10:15:00+09:00,J3,731,599,1330
2020-02-29T10:15:00+09:00,J4,791,712,1503
2020-02-29T10:15:00+09:00,J5,368,309,677
2020-02-29T10:30:00+09:00,J1,674,651,1325
2020-02-29T10:30:00+09:00,J2,394,300,694
2020-02-29T10:30:00+09:00,J3,722,560,1282
2020-02-29T10:30:00+09:00,J4,837,846,1683
2020-02-29T10:30:00+09:00,J5,389,330,719
2020-02-29T10:45:00+09:00,J1,666,620,1286
2020-02-29T10:45:00+09:00,J2,406,354,760
2020-02-29T10:45:00+09:00,J3,701,615,1316
2020-02-29T10:45:00+09:00,J4,833,828,1661
2020-02-29T10:45:00+09:00,J5,372,334,706
2020-02-29T11:00:00+09:00,J1,631,615,1246
2020-02-29T11:00:00+09:00,J2,411,318,729
2020-02-29T11:00:00+09:00,J3,741,632,1373
2020-02-29T11:00:00+09:00,J4,794,794,1588
2020-02-29T11:00:00+09:00,J5,532,556,1088
2020-02-29T11:15:00+09:00,J1,639,624,1263
2020-02-29T11:15:00+09:00,J2,317,290,607
2020-02-29T11:15:00+09:00,J3,784,709,1493
2020-02-29T11:15:00+09:00,J4,786,827,1613
2020-02-29T11:15:00+09:00,J5,593,605,1198
2020-02-29T11:30:00+09:00,J1,624,632,1256
2020-02-29T11:30:00+09:00,J2,369,375,744
2020-02-29T11:30:00+09:00,J3,825,671,1496
2020-02-29T11:30:00+09:00,J4,743,804,1547
2020-02-29T11:30:00+09:00,J5,568,570,1138
2020-02-29T11:45:00+09:00,J1,654,678,1332
2020-02-29T11:45:00+09:00,J2,430,393,823
2020-02-29T11:45:00+09:00,J3,777,737,1514
2020-02-29T11:45:00+09:00,J4,759,748,1507
2020-02-29T11:45:00+09:00,J5,496,525,1021
2020-02-29T12:00:00+09:00,J1,649,687,1336
2020-02-29T12:00:00+09:00,J2,315,276,591
2020-02-29T12:00:00+09:00,J3,844,698,1542
2020-02-29T12:00:00+09:00,J4,704,723,1427
2020-02-29T12:00:00+09:00,J5,541,525,1066
2020-02-29T12:15:00+09:00,J1,664,640,1304
2020-02-29T12:15:00+09:00,J2,318,251,569
2020-02-29T12:15:00+09:00,J3,772,669,1441
2020-02-29T12:15:00+09:00,J4,714,816,1530
2020-02-29T12:15:00+09:00,J5,626,585,1211
2020-02-29T12:30:00+09:00,J1,563,614,1177
2020-02-29T12:30:00+09:00,J2,311,248,559
2020-02-29T12:30:00+09:00,J3,783,752,1535
2020-02-29T12:30:00+09:00,J4,695,778,1473
2020-02-29T12:30:00+09:00,J5,617,533,1150
2020-02-29T12:45:00+09:00,J1,602,577,1179
2020-02-29T12:45:00+09:00,J2,299,230,529
2020-02-29T12:45:00+09:00,J3,792,724,1516
2020-02-29T12:45:00+09:00,J4,615,753,1368
2020-02-29T12:45:00+09:00,J5,599,606,1205
2020-02-29T13:00:00+09:00,J1,579,621,1200
2020-02-29T13:00:00+09:00,J2,335,292,627
2020-02-29T13:00:00+09:00,J3,693,541,1234
2020-02-29T13:00:00+09:00,J4,550,714,1264
2020-02-29T13:00:00+09:00,J5,622,609,1231
2020-02-29T13:15:00+09:00,J1,570,568,1138
2020-02-29T13:15:00+09:00,J2,312,345,657
2020-02-29T13:15:00+09:00,J3,521,454,975
2020-02-29T13:15:00+09:00,J4,586,644,1230
2020-02-29T13:15:00+09:00,J5,539,525,1064
2020-02-29T13:30:00+09:00,J1,595,644,1239
2020-02-29T13:30:00+09:00,J2,430,367,797
2020-02-29T13:30:00+09:00,J3,626,516,1142
2020-02-29T13:30:00+09:00,J4,603,593,1196
2020-02-29T13:30:00+09:00,J5,538,505,1043
2020-02-29T13:45:00+09:00,J1,607,596,1203
2020-02-29T13:45:00+09:00,J2,429,318,747
2020-02-29T13:45:00+09:00,J3,581,571,1152
2020-02-29T13:45:00+09:00,J4,504,643,1147
2020-02-29T13:45:00+09:00,J5,529,523,1052
2020-02-29T14:00:00+09:00,J1,602,608,1210
2020-02-29T14:00:00+09:00,J2,450,385,835
2020-02-29T14:00:00+09:00,J3,550,498,1048
2020-02-29T14:00:00+09:00,J4,583,599,1182
2020-02-29T14:00:00+09:00,J5,534,581,1115
2020-02-29T14:15:00+09:00,J1,621,613,1234
2020-02-29T14:15:00+09:00,J2,537,500,1037
2020-02-29T14:15:00+09:00,J3,596,633,1229
2020-02-29T14:15:00+09:00,J4,505,578,1083
2020-02-29T14:15:00+09:00,J5,549,583,1132
2020-02-29T14:30:00+09:00,J1,585,624,1209
2020-02-29T14:30:00+09:00,J2,592,545,1137
2020-02-29T14:30:00+09:00,J3,601,629,1230
2020-02-29T14:30:00+09:00,J4,500,526,1026
2020-02-29T14:30:00+09:00,J5,575,595,1170
2020-02-29T14:45:00+09:00,J1,646,650,1296
2020-02-29T14:45:00+09:00,J2,553,512,1065
2020-02-29T14:45:00+09:00,J3,625,675,1300
2020-02-29T14:45:00+09:00,J4,522,528,1050
2020-02-29T14:45:00+09:00,J5,549,582,1131
2020-02-29T15:00:00+09:00,J1,639,656,1295
2020-02-29T15:00:00+09:00,J2,612,584,1196
2020-02-29T15:00:00+09:00,J3,702,668,1370
2020-02-29T15:00:00+09:00,J4,469,520,989
2020-02-29T15:00:00+09:00,J5,560,572,1132
2020-02-29T15:15:00+09:00,J1,606,673,1279
2020-02-29T15:15:00+09:00,J2,532,460,992
2020-02-29T15:15:00+09:00,J3,659,715,1374
2020-02-29T15:15:00+09:00,J4,462,530,992
2020-02-29T15:15:00+09:00,J5,621,618,1239
2020-02-29T15:30:00+09:00,J1,595,696,1291
2020-02-29T15:30:00+09:00,J2,564,486,1050
2020-02-29T15:30:00+09:00,J3,637,578,1215
2020-02-29T15:30:00+09:00,J4,485,535,1020
2020-02-29T15:30:00+09:00,J5,604,632,1236
2020-02-29T15:45:00+09:00,J1,600,668,1268
2020-02-29T15:45:00+09:00,J2,563,492,1055
2020-02-29T15:45:00+09:00,J3,628,448,1076
2020-02-29T15:45:00+09:00,J4,487,507,994
2020-02-29T15:45:00+09:00,J5,611,629,1240
2020-02-29T16:00:00+09:00,J1,610,619,1229
2020-02-29T16:00:00+09:00,J2,510,480,990
2020-02-29T16:00:00+09:00,J3,724,691,1415
2020-02-29T16:00:00+09:00,J4,465,499,964
2020-02-29T16:00:00+09:00,J5,567,596,1163
2020-02-29T16:15:00+09:00,J1,622,642,1264
2020-02-29T16:15:00+09:00,J2,550,527,1077
2020-02-29T16:15:00+09:00,J3,831,778,1609
2020-02-29T16:15:00+09:00,J4,495,444,939
2020-02-29T16:15:00+09:00,J5,589,610,1199
2020-02-29T16:30:00+09:00,J1,635,640,1275
2020-02-29T16:30:00+09:00,J2,601,558,1159
2020-02-29T16:30:00+09:00,J3,886,839,1725
2020-02-29T16:30:00+09:00,J4,476,522,998
2020-02-29T16:30:00+09:00,J5,603,574,1177
2020-02-29T16:45:00+09:00,J1,632,602,1234
2020-02-29T16:45:00+09:00,J2,530,439,969
2020-02-29T16:45:00+09:00,J3,862,756,1618
2020-02-29T16:45:00+09:00,J4,460,535,995
2020-02-29T16:45:00+09:00,J5,600,579,1179
2020-02-29T17:00:00+09:00,J1,623,599,1222
2020-02-29T17:00:00+09:00,J2,497,406,903
2020-02-29T17:00:00+09:00,J3,708,615,1323
2020-02-29T17:00:00+09:00,J4,579,591,1170
2020-02-29T17:00:00+09:00,J5,609,629,1238
2020-02-29T17:15:00+09:00,J1,634,609,1243
2020-02-29T17:15:00+09:00,J2,474,385,859
2020-02-29T17:15:00+09:00,J3,850,690,1540
2020-02-29T17:15:00+09:00,J4,740,661,1401
2020-02-29T17:15:00+09:00,J5,520,516,1036
2020-02-29T17:30:00+09:00,J1,684,608,1292
2020-02-29T17:30:00+09:00,J2,565,422,987
2020-02-29T17:30:00+09:00,J3,682,601,1283
2020-02-29T17:30:00+09:00,J4,777,650,1427
2020-02-29T17:30:00+09:00,J5,401,481,882
2020-02-29T17:45:00+09:00,J1,648,605,1253
2020-02-29T17:45:00+09:00,J2,557,486,1043
2020-02-29T17:45:00+09:00,J3,717,624,1341
2020-02-29T17:45:00+09:00,J4,707,613,1320
2020-02-29T17:45:00+09:00,J5,387,467,854
2020-02-29T18:00:00+09:00,J1,666,619,1285
2020-02-29T18:00:00+09:00,J2,535,441,976
2020-02-29T18:00:00+09:00,J3,702,621,1323
2020-02-29T18:00:00+09:00,J4,574,501,1075
2020-02-29T18:00:00+09:00,J5,400,428,828
2020-02-29T18:15:00+09:00,J1,629,634,1263
2020-02-29T18:15:00+09:00,J2,499,437,936
2020-02-29T18:15:00+09:00,J3,724,621,1345
2020-02-29T18:15:00+09:00,J4,589,492,1081
2020-02-29T18:15:00+09:00,J5,397,501,898
2020-02-29T18:30:00+09:00,J1,649,586,1235
2020-02-29T18:30:00+09:00,J2,493,439,932
2020-02-29T18:30:00+09:00,J3,689,562,1251
2020-02-29T18:30:00+09:00,J4,627,623,1250
2020-02-29T18:30:00+09:00,J5,381,423,804
2020-02-29T18:45:00+09:00,J1,631,596,1227
2020-02-29T18:45:00+09:00,J2,427,433,860
2020-02-29T18:45:00+09:00,J3,682,556,1238
2020-02-29T18:45:00+09:00,J4,745,775,1520
2020-02-29T18:45:00+09:00,J5,365,392,757
2020-02-29T19:00:00+09:00,J1,475,524,999
2020-02-29T19:00:00+09:00,J2,413,418,831
2020-02-29T19:00:00+09:00,J3,579,477,1056
2020-02-29T19:00:00+09:00,J4,789,814,1603
2020-02-29T19:00:00+09:00,J5,396,433,829
2020-02-29T19:15:00+09:00,J1,476,508,984
2020-02-29T19:15:00+09:00,J2,448,429,877
2020-02-29T19:15:00+09:00,J3,593,425,1018
2020-02-29T19:15:00+09:00,J4,745,816,1561
2020-02-29T19:15:00+09:00,J5,345,393,738
2020-02-29T19:30:00+09:00,J1,521,505,1026
2020-02-29T19:30:00+09:00,J2,453,388,841
2020-02-29T19:30:00+09:00,J3,635,503,1138
2020-02-29T19:30:00+09:00,J4,526,620,1146
2020-02-29T19:30:00+09:00,J5,368,394,762
2020-02-29T19:45:00+09:00,J1,493,482,975
2020-02-29T19:45:00+09:00,J2,415,413,828
2020-02-29T19:45:00+09:00,J3,556,476,1032
2020-02-29T19:45:00+09:00,J4,511,502,1013
2020-02-29T19:45:00+09:00,J5,347,409,756
2020-02-29T20:00:00+09:00,J1,467,459,926
2020-02-29T20:00:00+09:00,J2,442,372,814
2020-02-29T20:00:00+09:00,J3,524,467,991
2020-02-29T20:00:00+09:00,J4,484,485,969
2020-02-29T20:00:00+09:00,J5,427,470,897
2020-02-29T20:15:00+09:00,J1,511,492,1003
2020-02-29T20:15:00+09:00,J2,389,387,776
2020-02-29T20:15:00+09:00,J3,548,459,1007
2020-02-29T20:15:00+09:00,J4,506,431,937
2020-02-29T20:15:00+09:00,J5,453,460,913
2020-02-29T20:30:00+09:00,J1,464,470,934
2020-02-29T20:30:00+09:00,J2,420,386,806
2020-02-29T20:30:00+09:00,J3,531,446,977
2020-02-29T20:30:00+09:00,J4,422,435,857
2020-02-29T20:30:00+09:00,J5,433,393,826
2020-02-29T20:45:00+09:00,J1,460,530,990
2020-02-29T20:45:00+09:00,J2,429,451,880
2020-02-29T20:45:00+09:00,J3,503,450,953
2020-02-29T20:45:00+09:00,J4,488,433,921
2020-02-29T20:45:00+09:00,J5,425,453,878
2020-02-29T21:00:00+09:00,J1,421,456,877
2020-02-29T21:00:00+09:00,J2,264,269,533
2020-02-29T21:00:00+09:00,J3,579,555,1134
2020-02-29T21:00:00+09:00,J4,430,455,885
2020-02-29T21:00:00+09:00,J5,400,449,849
2020-02-29T21:15:00+09:00,J1,478,454,932
2020-02-29T21:15:00+09:00,J2,292,257,549
2020-02-29T21:15:00+09:00,J3,699,621,1320
2020-02-29T21:15:00+09:00,J4,463,488,951
2020-02-29T21:15:00+09:00,J5,380,378,758
2020-02-29T21:30:00+09:00,J1,438,469,907
2020-02-29T21:30:00+09:00,J2,259,299,558
2020-02-29T21:30:00+09:00,J3,720,520,1240
2020-02-29T21:30:00+09:00,J4,476,540,1016
2020-02-29T21:30:00+09:00,J5,342,356,698
2020-02-29T21:45:00+09:00,J1,419,468,887
2020-02-29T21:45:00+09:00,J2,375,381,756
2020-02-29T21:45:00+09:00,J3,780,543,1323
2020-02-29T21:45:00+09:00,J4,532,624,1156
2020-02-29T21:45:00+09:00,J5,342,359,701
2020-02-29T22:00:00+09:00,J1,473,480,953
2020-02-29T22:00:00+09:00,J2,472,460,932
2020-02-29T22:00:00+09:00,J3,716,546,1262
2020-02-29T22:00:00+09:00,J4,616,643,1259
2020-02-29T22:00:00+09:00,J5,302,330,632
2020-02-29T22:15:00+09:00,J1,447,524,971
2020-02-29T22:15:00+09:00,J2,521,497,1018
2020-02-29T22:15:00+09:00,J3,644,503,1147
2020-02-29T22:15:00+09:00,J4,576,713,1289
2020-02-29T22:15:00+09:00,J5,347,345,692
2020-02-29T22:30:00+09:00,J1,419,509,928
2020-02-29T22:30:00+09:00,J2,520,470,990
2020-02-29T22:30:00+09:00,J3,648,503,1151
2020-02-29T22:30:00+09:00,J4,518,707,1225
2020-02-29T22:30:00+09:00,J5,404,384,788
2020-02-29T22:45:00+09:00,J1,445,433,878
2020-02-29T22:45:00+09:00,J2,496,497,993
2020-02-29T22:45:00+09:00,J3,592,464,1056
2020-02-29T22:45:00+09:00,J4,657,741,1398
2020-02-29T22:45:00+09:00,J5,372,353,725
2020-02-29T23:00:00+09:00,J1,430,476,906
2020-02-29T23:00:00+09:00,J2,473,446,919
2020-02-29T23:00:00+09:00,J3,594,487,1081
2020-02-29T23:00:00+09:00,J4,768,756,1524
2020-02-29T23:00:00+09:00,J5,366,398,764
2020-02-29T23:15:00+09:00,J1,497,471,968
2020-02-29T23:15:00+09:00,J2,434,411,845
2020-02-29T23:15:00+09:00,J3,587,505,1092
2020-02-29T23:15:00+09:00,J4,802,763,1565
2020-02-29T23:15:00+09:00,J5,357,366,723
2020-02-29T23:30:00+09:00,J1,421,440,861
2020-02-29T23:30:00+09:00,J2,401,416,817
2020-02-29T23:30:00+09:00,J3,572,511,1083
2020-02-29T23:30:00+09:00,J4,814,714,1528
2020-02-29T23:30:00+09:00,J5,354,364,718
2020-02-29T23:45:00+09:00,J1,405,350,755
2020-02-29T23:45:00+09:00,J2,406,415,821
2020-02-29T23:45:00+09:00,J3,660,458,1118
2020-02-29T23:45:00+09:00,J4,827,703,1530
2020-02-29T23:45:00+09:00,J5,348,358,706
2020-03-01T00:00:00+09:00,J1,355,343,698
2020-03-01T00:00:00+09:00,J2,471,447,918
2020-03-01T00:00:00+09:00,J3,584,470,1054
2020-03-01T00:00:00+09:00,J4,865,753,1618
2020-03-01T00:00:00+09:00,J5,333,368,701
2020-03-01T00:15:00+09:00,J1,444,433,877
2020-03-01T00:15:00+09:00,J2,300,310,610
2020-03-01T00:15:00+09:00,J3,365,406,771
2020-03-01T00:15:00+09:00,J4,737,770,1507
2020-03-01T00:15:00+09:00,J5,504,437,941
2020-03-01T00:30:00+09:00,J1,394,408,802
2020-03-01T00:30:00+09:00,J2,210,220,430
2020-03-01T00:30:00+09:00,J3,515,537,1052
2020-03-01T00:30:00+09:00,J4,717,792,1509
2020-03-01T00:30:00+09:00,J5,583,553,1136
2020-03-01T00:45:00+09:00,J1,341,353,694
2020-03-01T00:45:00+09:00,J2,196,179,375
2020-03-01T00:45:00+09:00,J3,586,557,1143
2020-03-01T00:45:00+09:00,J4,674,792,1466
2020-03-01T00:45:00+09:00,J5,545,544,1089
