日時,アレイ,札幌→大通り,大通り→札幌,合計
2019-01-01T05:45:00+09:00,J1,876,904,1780
2019-01-01T05:45:00+09:00,J2,715,672,1387
2019-01-01T05:45:00+09:00,J3,923,845,1768
2019-01-01T05:45:00+09:00,J4,777,762,1539
2019-01-01T05:45:00+09:00,J5,565,557,1122
2019-01-01T06:00:00+09:00,J1,860,864,1724
2019-01-01T06:00:00+09:00,J2,647,529,1176
2019-01-01T06:00:00+09:00,J3,946,852,1798
2019-01-01T06:00:00+09:00,J4,719,778,1497
2019-01-01T06:00:00+09:00,J5,637,565,1202
2019-01-01T06:15:00+09:00,J1,1017,1023,2040
2019-01-01T06:15:00+09:00,J2,716,628,1344
2019-01-01T06:15:00+09:00,J3,907,838,1745
2019-01-01T06:15:00+09:00,J4,774,739,1513
2019-01-01T06:15:00+09:00,J5,574,485,1059
2019-01-01T06:30:00+09:00,J1,894,882,1776
2019-01-01T06:30:00+09:00,J2,652,593,1245
2019-01-01T06:30:00+09:00,J3,952,772,1724
2019-01-01T06:30:00+09:00,J4,751,710,1461
2019-01-01T06:30:00+09:00,J5,544,507,1051
2019-01-01T06:45:00+09:00,J1,834,897,1731
2019-01-01T06:45:00+09:00,J2,618,584,1202
2019-01-01T06:45:00+09:00,J3,840,819,1659
2019-01-01T06:45:00+09:00,J4,808,737,1545
2019-01-01T06:45:00+09:00,J5,486,542,1028
2019-01-01T07:00:00+09:00,J1,948,1003,1951
2019-01-01T07:00:00+09:00,J2,808,672,1480
2019-01-01T07:00:00+09:00,J3,1090,955,2045
2019-01-01T07:00:00+09:00,J4,767,735,1502
2019-01-01T07:00:00+09:00,J5,625,616,1241
2019-01-01T07:15:00+09:00,J1,971,1072,2043
2019-01-01T07:15:00+09:00,J2,682,655,1337
2019-01-01T07:15:00+09:00,J3,1069,859,1928
2019-01-01T07:15:00+09:00,J4,767,777,1544
2019-01-01T07:15:00+09:00,J5,578,529,1107
2019-01-01T07:30:00+09:00,J1,953,1048,2001
2019-01-01T07:30:00+09:00,J2,642,670,1312
2019-01-01T07:30:00+09:00,J3,976,933,1909
2019-01-01T07:30:00+09:00,J4,772,833,1605
2019-01-01T07:30:00+09:00,J5,631,572,1203
2019-01-01T07:45:00+09:00,J1,1028,1121,2149
2019-01-01T07:45:00+09:00,J2,667,650,1317
2019-01-01T07:45:00+09:00,J3,1021,892,1913
2019-01-01T07:45:00+09:00,J4,795,779,1574
2019-01-01T07:45:00+09:00,J5,588,539,1127
2019-01-01T08:00:00+09:00,J1,1172,1362,2534
2019-01-01T08:00:00+09:00,J2,852,766,1618
2019-01-01T08:00:00+09:00,J3,1128,1000,2128
2019-01-01T08:00:00+09:00,J4,823,844,1667
2019-01-01T08:00:00+09:00,J5,463,436,899
2019-01-01T08:15:00+09:00,J1,1319,1385,2704
2019-01-01T08:15:00+09:00,J2,746,685,1431
2019-01-01T08:15:00+09:00,J3,1176,1047,2223
2019-01-01T08:15:00+09:00,J4,851,847,1698
2019-01-01T08:15:00+09:00,J5,543,568,1111
2019-01-01T08:30:00+09:00,J1,1261,1525,2786
2019-01-01T08:30:00+09:00,J2,712,707,1419
2019-01-01T08:30:00+09:00,J3,1297,1099,2396
2019-01-01T08:30:00+09:00,J4,870,866,1736
2019-01-01T08:30:00+09:00,J5,519,432,951
2019-01-01T08:45:00+09:00,J1,1215,1321,2536
2019-01-01T08:45:00+09:00,J2,783,730,1513
2019-01-01T08:45:00+09:00,J3,1232,1087,2319
2019-01-01T08:45:00+09:00,J4,775,829,1604
2019-01-01T08:45:00+09:00,J5,428,377,805
2019-01-01T09:00:00+09:00,J1,1139,1214,2353
2019-01-01T09:00:00+09:00,J2,634,804,1438
2019-01-01T09:00:00+09:00,J3,822,778,1600
2019-01-01T09:00:00+09:00,J4,826,811,1637
2019-01-01T09:00:00+09:00,J5,501,515,1016
2019-01-01T09:15:00+09:00,J1,1185,1260,2445
2019-01-01T09:15:00+09:00,J2,573,626,1199
2019-01-01T09:15:00+09:00,J3,778,711,1489
2019-01-01T09:15:00+09:00,J4,917,907,1824
2019-01-01T09:15:00+09:00,J5,417,421,838
2019-01-01T09:30:00+09:00,J1,1081,1176,2257
2019-01-01T09:30:00+09:00,J2,641,662,1303
2019-01-01T09:30:00+09:00,J3,849,698,1547
2019-01-01T09:30:00+09:00,J4,849,895,1744
2019-01-01T09:30:00+09:00,J5,444,416,860
2019-01-01T09:45:00+09:00,J1,1252,1245,2497
2019-01-01T09:45:00+09:00,J2,611,691,1302
2019-01-01T09:45:00+09:00,J3,802,723,1525
2019-01-01T09:45:00+09:00,J4,831,880,1711
2019-01-01T09:45:00+09:00,J5,401,414,815
2019-01-01T10:00:00+09:00,J1,1233,1269,2502
2019-01-01T10:00:00+09:00,J2,621,775,1396
2019-01-01T10:00:00+09:00,J3,849,783,1632
2019-01-01T10:00:00+09:00,J4,890,857,1747
2019-01-01T10:00:00+09:00,J5,388,417,805
2019-01-01T10:15:00+09:00,J1,1253,1301,2554
2019-01-01T10:15:00+09:00,J2,542,693,1235
2019-01-01T10:15:00+09:00,J3,924,843,1767
2019-01-01T10:15:00+09:00,J4,874,756,1630
2019-01-01T10:15:00+09:00,J5,389,391,780
2019-01-01T10:30:00+09:00,J1,1205,1236,2441
2019-01-01T10:30:00+09:00,J2,611,685,1296
2019-01-01T10:30:00+09:00,J3,925,885,1810
2019-01-01T10:30:00+09:00,J4,839,833,1672
2019-01-01T10:30:00+09:00,J5,394,394,788
2019-01-01T10:45:00+09:00,J1,1243,1200,2443
2019-01-01T10:45:00+09:00,J2,616,730,1346
2019-01-01T10:45:00+09:00,J3,950,773,1723
2019-01-01T10:45:00+09:00,J4,870,796,1666
2019-01-01T10:45:00+09:00,J5,383,428,811
2019-01-01T11:00:00+09:00,J1,1247,1369,2616
2019-01-01T11:00:00+09:00,J2,689,732,1421
2019-01-01T11:00:00+09:00,J3,1160,1082,2242
2019-01-01T11:00:00+09:00,J4,859,884,1743
2019-01-01T11:00:00+09:00,J5,487,473,960
2019-01-01T11:15:00+09:00,J1,1250,1338,2588
2019-01-01T11:15:00+09:00,J2,710,679,1389
2019-01-01T11:15:00+09:00,J3,1133,1051,2184
2019-01-01T11:15:00+09:00,J4,920,842,1762
2019-01-01T11:15:00+09:00,J5,381,347,728
2019-01-01T11:30:00+09:00,J1,1324,1373,2697
2019-01-01T11:30:00+09:00,J2,683,669,1352
2019-01-01T11:30:00+09:00,J3,1044,983,2027
2019-01-01T11:30:00+09:00,J4,896,861,1757
2019-01-01T11:30:00+09:00,J5,351,302,653
2019-01-01T11:45:00+09:00,J1,1376,1409,2785
2019-01-01T11:45:00+09:00,J2,758,711,1469
2019-01-01T11:45:00+09:00,J3,1083,1027,2110
2019-01-01T11:45:00+09:00,J4,807,843,1650
2019-01-01T11:45:00+09:00,J5,338,324,662
2019-01-01T12:00:00+09:00,J1,1309,1399,2708
2019-01-01T12:00:00+09:00,J2,758,730,1488
2019-01-01T12:00:00+09:00,J3,1025,901,1926
2019-01-01T12:00:00+09:00,J4,798,737,1535
2019-01-01T12:00:00+09:00,J5,383,371,754
2019-01-01T12:15:00+09:00,J1,1328,1417,2745
2019-01-01T12:15:00+09:00,J2,756,653,1409
2019-01-01T12:15:00+09:00,J3,911,838,1749
2019-01-01T12:15:00+09:00,J4,834,807,1641
2019-01-01T12:15:00+09:00,J5,432,467,899
2019-01-01T12:30:00+09:00,J1,1175,1322,2497
2019-01-01T12:30:00+09:00,J2,664,680,1344
2019-01-01T12:30:00+09:00,J3,805,658,1463
2019-01-01T12:30:00+09:00,J4,831,749,1580
2019-01-01T12:30:00+09:00,J5,471,540,1011
2019-01-01T12:45:00+09:00,J1,1217,1337,2554
2019-01-01T12:45:00+09:00,J2,595,669,1264
2019-01-01T12:45:00+09:00,J3,720,613,1333
2019-01-01T12:45:00+09:00,J4,815,794,1609
2019-01-01T12:45:00+09:00,J5,448,499,947
2019-01-01T13:00:00+09:00,J1,1259,1380,2639
2019-01-01T13:00:00+09:00,J2,620,732,1352
2019-01-01T13:00:00+09:00,J3,795,623,1418
2019-01-01T13:00:00+09:00,J4,816,773,1589
2019-01-01T13:00:00+09:00,J5,423,408,831
2019-01-01T13:15:00+09:00,J1,1267,1367,2634
2019-01-01T13:15:00+09:00,J2,624,720,1344
2019-01-01T13:15:00+09:00,J3,803,684,1487
2019-01-01T13:15:00+09:00,J4,824,784,1608
2019-01-01T13:15:00+09:00,J5,430,367,797
2019-01-01T13:30:00+09:00,J1,1268,1379,2647
2019-01-01T13:30:00+09:00,J2,621,653,1274
2019-01-01T13:30:00+09:00,J3,682,602,1284
2019-01-01T13:30:00+09:00,J4,823,820,1643
2019-01-01T13:30:00+09:00,J5,369,394,763
2019-01-01T13:45:00+09:00,J1,1267,1282,2549
2019-01-01T13:45:00+09:00,J2,608,660,1268
2019-01-01T13:45:00+09:00,J3,687,619,1306
2019-01-01T13:45:00+09:00,J4,812,770,1582
2019-01-01T13:45:00+09:00,J5,383,373,756
2019-01-01T14:00:00+09:00,J1,1203,1416,2619
2019-01-01T14:00:00+09:00,J2,721,735,1456
2019-01-01T14:00:00+09:00,J3,710,720,1430
2019-01-01T14:00:00+09:00,J4,849,817,1666
2019-01-01T14:00:00+09:00,J5,348,362,710
2019-01-01T14:15:00+09:00,J1,1260,1424,2684
2019-01-01T14:15:00+09:00,J2,658,613,1271
2019-01-01T14:15:00+09:00,J3,716,659,1375
2019-01-01T14:15:00+09:00,J4,784,766,1550
2019-01-01T14:15:00+09:00,J5,362,319,681
2019-01-01T14:30:00+09:00,J1,1126,1249,2375
2019-01-01T14:30:00+09:00,J2,550,590,1140
2019-01-01T14:30:00+09:00,J3,667,585,1252
2019-01-01T14:30:00+09:00,J4,720,631,1351
2019-01-01T14:30:00+09:00,J5,345,307,652
2019-01-01T14:45:00+09:00,J1,1392,1648,3040
2019-01-01T14:45:00+09:00,J2,710,779,1489
2019-01-01T14:45:00+09:00,J3,747,741,1488
2019-01-01T14:45:00+09:00,J4,931,793,1724
2019-01-01T14:45:00+09:00,J5,415,394,809
2019-01-01T15:00:00+09:00,J1,1245,1361,2606
2019-01-01T15:00:00+09:00,J2,668,642,1310
2019-01-01T15:00:00+09:00,J3,784,754,1538
2019-01-01T15:00:00+09:00,J4,865,766,1631
2019-01-01T15:00:00+09:00,J5,391,297,688
2019-01-01T15:15:00+09:00,J1,1258,1309,2567
2019-01-01T15:15:00+09:00,J2,729,649,1378
2019-01-01T15:15:00+09:00,J3,665,635,1300
2019-01-01T15:15:00+09:00,J4,896,739,1635
2019-01-01T15:15:00+09:00,J5,345,309,654
2019-01-01T15:30:00+09:00,J1,1216,1462,2678
2019-01-01T15:30:00+09:00,J2,685,733,1418
2019-01-01T15:30:00+09:00,J3,629,600,1229
2019-01-01T15:30:00+09:00,J4,836,830,1666
2019-01-01T15:30:00+09:00,J5,376,323,699
2019-01-01T15:45:00+09:00,J1,1207,1452,2659
2019-01-01T15:45:00+09:00,J2,649,579,1228
2019-01-01T15:45:00+09:00,J3,697,601,1298
2019-01-01T15:45:00+09:00,J4,854,815,1669
2019-01-01T15:45:00+09:00,J5,322,314,636
2019-01-01T16:00:00+09:00,J1,1250,1419,2669
2019-01-01T16:00:00+09:00,J2,640,634,1274
2019-01-01T16:00:00+09:00,J3,985,934,1919
2019-01-01T16:00:00+09:00,J4,879,775,1654
2019-01-01T16:00:00+09:00,J5,433,422,855
2019-01-01T16:15:00+09:00,J1,1209,1441,2650
2019-01-01T16:15:00+09:00,J2,645,641,1286
2019-01-01T16:15:00+09:00,J3,1178,1008,2186
2019-01-01T16:15:00+09:00,J4,809,740,1549
2019-01-01T16:15:00+09:00,J5,490,488,978
2019-01-01T16:30:00+09:00,J1,1256,1302,2558
2019-01-01T16:30:00+09:00,J2,643,601,1244
2019-01-01T16:30:00+09:00,J3,1267,1055,2322
2019-01-01T16:30:00+09:00,J4,874,778,1652
2019-01-01T16:30:00+09:00,J5,461,453,914
2019-01-01T16:45:00+09:00,J1,1245,1355,2600
2019-01-01T16:45:00+09:00,J2,651,618,1269
2019-01-01T16:45:00+09:00,J3,1226,1038,2264
2019-01-01T16:45:00+09:00,J4,826,812,1638
2019-01-01T16:45:00+09:00,J5,521,509,1030
2019-01-01T17:00:00+09:00,J1,1294,1432,2726
2019-01-01T17:00:00+09:00,J2,644,631,1275
2019-01-01T17:00:00+09:00,J3,972,950,1922
2019-01-01T17:00:00+09:00,J4,802,793,1595
2019-01-01T17:00:00+09:00,J5,456,466,922
2019-01-01T17:15:00+09:00,J1,1364,1362,2726
2019-01-01T17:15:00+09:00,J2,707,513,1220
2019-01-01T17:15:00+09:00,J3,1058,984,2042
2019-01-01T17:15:00+09:00,J4,799,712,1511
2019-01-01T17:15:00+09:00,J5,538,565,1103
2019-01-01T17:30:00+09:00,J1,1290,1399,2689
2019-01-01T17:30:00+09:00,J2,827,695,1522
2019-01-01T17:30:00+09:00,J3,952,883,1835
2019-01-01T17:30:00+09:00,J4,719,762,1481
2019-01-01T17:30:00+09:00,J5,485,479,964
2019-01-01T17:45:00+09:00,J1,1345,1360,2705
2019-01-01T17:45:00+09:00,J2,691,654,1345
2019-01-01T17:45:00+09:00,J3,971,944,1915
2019-01-01T17:45:00+09:00,J4,712,712,1424
2019-01-01T17:45:00+09:00,J5,533,502,1035
2019-01-01T18:00:00+09:00,J1,1316,1483,2799
2019-01-01T18:00:00+09:00,J2,693,641,1334
2019-01-01T18:00:00+09:00,J3,886,805,1691
2019-01-01T18:00:00+09:00,J4,651,653,1304
2019-01-01T18:00:00+09:00,J5,484,439,923
2019-01-01T18:15:00+09:00,J1,1334,1379,2713
2019-01-01T18:15:00+09:00,J2,603,710,1313
2019-01-01T18:15:00+09:00,J3,998,854,1852
2019-01-01T18:15:00+09:00,J4,645,693,1338
2019-01-01T18:15:00+09:00,J5,535,522,1057
2019-01-01T18:30:00+09:00,J1,1259,1363,2622
2019-01-01T18:30:00+09:00,J2,655,609,1264
2019-01-01T18:30:00+09:00,J3,1076,1008,2084
2019-01-01T18:30:00+09:00,J4,798,748,1546
2019-01-01T18:30:00+09:00,J5,519,514,1033
2019-01-01T18:45:00+09:00,J1,1238,1278,2516
2019-01-01T18:45:00+09:00,J2,619,634,1253
2019-01-01T18:45:00+09:00,J3,908,910,1818
2019-01-01T18:45:00+09:00,J4,899,754,1653
2019-01-01T18:45:00+09:00,J5,496,504,1000
2019-01-01T19:00:00+09:00,J1,1235,1271,2506
2019-01-01T19:00:00+09:00,J2,447,429,876
2019-01-01T19:00:00+09:00,J3,815,752,1567
2019-01-01T19:00:00+09:00,J4,881,796,1677
2019-01-01T19:00:00+09:00,J5,496,502,998
2019-01-01T19:15:00+09:00,J1,1212,1198,2410
2019-01-01T19:15:00+09:00,J2,467,392,859
2019-01-01T19:15:00+09:00,J3,873,829,1702
2019-01-01T19:15:00+09:00,J4,826,809,1635
2019-01-01T19:15:00+09:00,J5,515,510,1025
2019-01-01T19:30:00+09:00,J1,1059,1140,2199
2019-01-01T19:30:00+09:00,J2,436,470,906
2019-01-01T19:30:00+09:00,J3,727,767,1494
2019-01-01T19:30:00+09:00,J4,868,809,1677
2019-01-01T19:30:00+09:00,J5,453,455,908
2019-01-01T19:45:00+09:00,J1,1191,1276,2467
2019-01-01T19:45:00+09:00,J2,423,424,847
2019-01-01T19:45:00+09:00,J3,667,720,1387
2019-01-01T19:45:00+09:00,J4,882,840,1722
2019-01-01T19:45:00+09:00,J5,431,436,867
2019-01-01T20:00:00+09:00,J1,1193,1177,2370
2019-01-01T20:00:00+09:00,J2,462,462,924
2019-01-01T20:00:00+09:00,J3,870,759,1629
2019-01-01T20:00:00+09:00,J4,843,792,1635
2019-01-01T20:00:00+09:00,J5,407,408,815
2019-01-01T20:15:00+09:00,J1,1078,1241,2319
2019-01-01T20:15:00+09:00,J2,420,399,819
2019-01-01T20:15:00+09:00,J3,962,821,1783
2019-01-01T20:15:00+09:00,J4,776,778,1554
2019-01-01T20:15:00+09:00,J5,429,419,848
2019-01-01T20:30:00+09:00,J1,1065,1123,2188
2019-01-01T20:30:00+09:00,J2,403,433,836
2019-01-01T20:30:00+09:00,J3,851,776,1627
2019-01-01T20:30:00+09:00,J4,802,763,1565
2019-01-01T20:30:00+09:00,J5,385,424,809
2019-01-01T20:45:00+09:00,J1,1140,1149,2289
2019-01-01T20:45:00+09:00,J2,404,383,787
2019-01-01T20:45:00+09:00,J3,901,822,1723
2019-01-01T20:45:00+09:00,J4,712,794,1506
2019-01-01T20:45:00+09:00,J5,381,361,742
2019-01-01T21:00:00+09:00,J1,1022,1041,2063
2019-01-01T21:00:00+09:00,J2,449,447,896
2019-01-01T21:00:00+09:00,J3,836,743,1579
2019-01-01T21:00:00+09:00,J4,898,757,1655
2019-01-01T21:00:00+09:00,J5,403,443,846
2019-01-01T21:15:00+09:00,J1,941,1049,1990
2019-01-01T21:15:00+09:00,J2,493,426,919
2019-01-01T21:15:00+09:00,J3,811,701,1512
2019-01-01T21:15:00+09:00,J4,914,793,1707
2019-01-01T21:15:00+09:00,J5,414,433,847
2019-01-01T21:30:00+09:00,J1,970,1060,2030
2019-01-01T21:30:00+09:00,J2,500,452,952
2019-01-01T21:30:00+09:00,J3,814,609,1423
2019-01-01T21:30:00+09:00,J4,925,829,1754
2019-01-01T21:30:00+09:00,J5,439,433,872
2019-01-01T21:45:00+09:00,J1,973,1047,2020
2019-01-01T21:45:00+09:00,J2,499,467,966
2019-01-01T21:45:00+09:00,J3,644,600,1244
2019-01-01T21:45:00+09:00,J4,883,873,1756
2019-01-01T21:45:00+09:00,J5,465,430,895
2019-01-01T22:00:00+09:00,J1,956,970,1926
2019-01-01T22:00:00+09:00,J2,473,489,962
2019-01-01T22:00:00+09:00,J3,579,576,1155
2019-01-01T22:00:00+09:00,J4,942,811,1753
2019-01-01T22:00:00+09:00,J5,454,435,889
2019-01-01T22:15:00+09:00,J1,872,1007,1879
2019-01-01T22:15:00+09:00,J2,448,497,945
2019-01-01T22:15:00+09:00,J3,645,596,1241
2019-01-01T22:15:00+09:00,J4,848,730,1578
2019-01-01T22:15:00+09:00,J5,474,403,877
2019-01-01T22:30:00+09:00,J1,945,971,1916
2019-01-01T22:30:00+09:00,J2,471,533,1004
2019-01-01T22:30:00+09:00,J3,636,595,1231
2019-01-01T22:30:00+09:00,J4,869,729,1598
2019-01-01T22:30:00+09:00,J5,499,425,924
2019-01-01T22:45:00+09:00,J1,926,991,1917
2019-01-01T22:45:00+09:00,J2,484,486,970
2019-01-01T22:45:00+09:00,J3,681,562,1243
2019-01-01T22:45:00+09:00,J4,845,720,1565
2019-01-01T22:45:00+09:00,J5,492,416,908
2019-01-01T23:00:00+09:00,J1,892,939,1831
2019-01-01T23:00:00+09:00,J2,461,548,1009
2019-01-01T23:00:00+09:00,J3,579,515,1094
2019-01-01T23:00:00+09:00,J4,860,711,1571
2019-01-01T23:00:00+09:00,J5,534,453,987
2019-01-01T23:15:00+09:00,J1,852,974,1826
2019-01-01T23:15:00+09:00,J2,392,500,892
2019-01-01T23:15:00+09:00,J3,583,538,1121
2019-01-01T23:15:00+09:00,J4,868,760,1628
2019-01-01T23:15:00+09:00,J5,535,484,1019
2019-01-01T23:30:00+09:00,J1,880,904,1784
2019-01-01T23:30:00+09:00,J2,432,530,962
2019-01-01T23:30:00+09:00,J3,577,549,1126
2019-01-01T23:30:00+09:00,J4,847,767,1614
2019-01-01T23:30:00+09:00,J5,531,451,982
2019-01-01T23:45:00+09:00,J1,824,962,1786
2019-01-01T23:45:00+09:00,J2,433,521,954
2019-01-01T23:45:00+09:00,J3,552,520,1072
2019-01-01T23:45:00+09:00,J4,884,678,1562
2019-01-01T23:45:00+09:00,J5,566,526,1092
2019-01-02T00:00:00+09:00,J1,832,814,1646
2019-01-02T00:00:00+09:00,J2,497,485,982
2019-01-02T00:00:00+09:00,J3,518,498,1016
2019-01-02T00:00:00+09:00,J4,796,690,1486
2019-01-02T00:00:00+09:00,J5,539,497,1036
2019-01-02T00:15:00+09:00,J1,762,745,1507
2019-01-02T00:15:00+09:00,J2,406,405,811
2019-01-02T00:15:00+09:00,J3,627,574,1201
2019-01-02T00:15:00+09:00,J4,906,806,1712
2019-01-02T00:15:00+09:00,J5,609,566,1175
2019-01-02T00:30:00+09:00,J1,601,596,1197
2019-01-02T00:30:00+09:00,J2,347,403,750
2019-01-02T00:30:00+09:00,J3,722,668,1390
2019-01-02T00:30:00+09:00,J4,874,780,1654
2019-01-02T00:30:00+09:00,J5,604,579,1183
2019-01-02T00:45:00+09:00,J1,487,543,1030
2019-01-02T00:45:00+09:00,J2,368,409,777
2019-01-02T00:45:00+09:00,J3,706,708,1414
2019-01-02T00:45:00+09:00,J4,882,754,1636
2019-01-02T00:45:00+09:00,J5,554,566,1120
2019-01-02T05:45:00+09:00,J1,850,885,1735
2019-01-02T05:45:00+09:00,J2,753,666,1419
2019-01-02T05:45:00+09:00,J3,910,712,1622
2019-01-02T05:45:00+09:00,J4,663,721,1384
2019-01-02T05:45:00+09:00,J5,515,487,1002
2019-01-02T06:00:00+09:00,J1,733,821,1554
2019-01-02T06:00:00+09:00,J2,755,661,1416
2019-01-02T06:00:00+09:00,J3,945,781,1726
2019-01-02T06:00:00+09:00,J4,681,789,1470
2019-01-02T06:00:00+09:00,J5,560,464,1024
2019-01-02T06:15:00+09:00,J1,963,1027,1990
2019-01-02T06:15:00+09:00,J2,668,604,1272
2019-01-02T06:15:00+09:00,J3,1001,844,1845
2019-01-02T06:15:00+09:00,J4,749,773,1522
2019-01-02T06:15:00+09:00,J5,620,543,1163
2019-01-02T06:30:00+09:00,J1,1017,1065,2082
2019-01-02T06:30:00+09:00,J2,664,526,1190
2019-01-02T06:30:00+09:00,J3,987,834,1821
2019-01-02T06:30:00+09:00,J4,792,813,1605
2019-01-02T06:30:00+09:00,J5,600,515,1115
2019-01-02T06:45:00+09:00,J1,1025,1002,2027
2019-01-02T06:45:00+09:00,J2,641,543,1184
2019-01-02T06:45:00+09:00,J3,915,837,1752
2019-01-02T06:45:00+09:00,J4,728,838,1566
2019-01-02T06:45:00+09:00,J5,574,553,1127
2019-01-02T07:00:00+09:00,J1,1061,1128,2189
2019-01-02T07:00:00+09:00,J2,752,657,1409
2019-01-02T07:00:00+09:00,J3,1007,866,1873
2019-01-02T07:00:00+09:00,J4,783,854,1637
2019-01-02T07:00:00+09:00,J5,593,505,1098
2019-01-02T07:15:00+09:00,J1,1076,1122,2198
2019-01-02T07:15:00+09:00,J2,680,681,1361
2019-01-02T07:15:00+09:00,J3,939,845,1784
2019-01-02T07:15:00+09:00,J4,823,871,1694
2019-01-02T07:15:00+09:00,J5,555,508,1063
2019-01-02T07:30:00+09:00,J1,1115,1156,2271
2019-01-02T07:30:00+09:00,J2,833,752,1585
2019-01-02T07:30:00+09:00,J3,705,746,1451
2019-01-02T07:30:00+09:00,J4,758,888,1646
2019-01-02T07:30:00+09:00,J5,538,480,1018
2019-01-02T07:45:00+09:00,J1,1080,1157,2237
2019-01-02T07:45:00+09:00,J2,794,748,1542
2019-01-02T07:45:00+09:00,J3,763,742,1505
2019-01-02T07:45:00+09:00,J4,771,801,1572
2019-01-02T07:45:00+09:00,J5,515,453,968
2019-01-02T08:00:00+09:00,J1,1098,1209,2307
2019-01-02T08:00:00+09:00,J2,713,764,1477
2019-01-02T08:00:00+09:00,J3,733,720,1453
2019-01-02T08:00:00+09:00,J4,822,903,1725
2019-01-02T08:00:00+09:00,J5,507,470,977
2019-01-02T08:15:00+09:00,J1,1185,1252,2437
2019-01-02T08:15:00+09:00,J2,850,781,1631
2019-01-02T08:15:00+09:00,J3,744,755,1499
2019-01-02T08:15:00+09:00,J4,805,857,1662
2019-01-02T08:15:00+09:00,J5,475,458,933
2019-01-02T08:30:00+09:00,J1,1162,1321,2483
2019-01-02T08:30:00+09:00,J2,729,753,1482
2019-01-02T08:30:00+09:00,J3,1143,1014,2157
2019-01-02T08:30:00+09:00,J4,876,989,1865
2019-01-02T08:30:00+09:00,J5,561,581,1142
2019-01-02T08:45:00+09:00,J1,1115,1322,2437
2019-01-02T08:45:00+09:00,J2,719,659,1378
2019-01-02T08:45:00+09:00,J3,1136,977,2113
2019-01-02T08:45:00+09:00,J4,889,918,1807
2019-01-02T08:45:00+09:00,J5,490,461,951
2019-01-02T09:00:00+09:00,J1,1192,1429,2621
2019-01-02T09:00:00+09:00,J2,883,849,1732
2019-01-02T09:00:00+09:00,J3,1253,1184,2437
2019-01-02T09:00:00+09:00,J4,929,1000,1929
2019-01-02T09:00:00+09:00,J5,508,463,971
2019-01-02T09:15:00+09:00,J1,1219,1324,2543
2019-01-02T09:15:00+09:00,J2,917,813,1730
2019-01-02T09:15:00+09:00,J3,924,890,1814
2019-01-02T09:15:00+09:00,J4,868,979,1847
2019-01-02T09:15:00+09:00,J5,569,530,1099
2019-01-02T09:30:00+09:00,J1,1262,1366,2628
2019-01-02T09:30:00+09:00,J2,754,716,1470
2019-01-02T09:30:00+09:00,J3,1009,975,1984
2019-01-02T09:30:00+09:00,J4,894,963,1857
2019-01-02T09:30:00+09:00,J5,550,508,1058
2019-01-02T09:45:00+09:00,J1,1210,1404,2614
2019-01-02T09:45:00+09:00,J2,739,793,1532
2019-01-02T09:45:00+09:00,J3,1005,941,1946
2019-01-02T09:45:00+09:00,J4,967,837,1804
2019-01-02T09:45:00+09:00,J5,516,512,1028
2019-01-02T10:00:00+09:00,J1,1215,1402,2617
2019-01-02T10:00:00+09:00,J2,858,831,1689
2019-01-02T10:00:00+09:00,J3,1028,900,1928
2019-01-02T10:00:00+09:00,J4,951,940,1891
2019-01-02T10:00:00+09:00,J5,538,562,1100
2019-01-02T10:15:00+09:00,J1,1270,1337,2607
2019-01-02T10:15:00+09:00,J2,795,835,1630
2019-01-02T10:15:00+09:00,J3,977,903,1880
2019-01-02T10:15:00+09:00,J4,1009,930,1939
2019-01-02T10:15:00+09:00,J5,509,554,1063
2019-01-02T10:30:00+09:00,J1,1297,1436,2733
2019-01-02T10:30:00+09:00,J2,819,871,1690
2019-01-02T10:30:00+09:00,J3,884,976,1860
2019-01-02T10:30:00+09:00,J4,1006,946,1952
2019-01-02T10:30:00+09:00,J5,541,579,1120
2019-01-02T10:45:00+09:00,J1,1231,1415,2646
2019-01-02T10:45:00+09:00,J2,808,881,1689
2019-01-02T10:45:00+09:00,J3,853,858,1711
2019-01-02T10:45:00+09:00,J4,1048,952,2000
2019-01-02T10:45:00+09:00,J5,567,637,1204
2019-01-02T11:00:00+09:00,J1,1212,1455,2667
2019-01-02T11:00:00+09:00,J2,761,836,1597
2019-01-02T11:00:00+09:00,J3,1226,1058,2284
2019-01-02T11:00:00+09:00,J4,1026,913,1939
2019-01-02T11:00:00+09:00,J5,508,542,1050
2019-01-02T11:15:00+09:00,J1,1235,1372,2607
2019-01-02T11:15:00+09:00,J2,869,919,1788
2019-01-02T11:15:00+09:00,J3,1418,1294,2712
2019-01-02T11:15:00+09:00,J4,941,944,1885
2019-01-02T11:15:00+09:00,J5,471,433,904
2019-01-02T11:30:00+09:00,J1,1337,1454,2791
2019-01-02T11:30:00+09:00,J2,967,920,1887
2019-01-02T11:30:00+09:00,J3,1372,1353,2725
2019-01-02T11:30:00+09:00,J4,906,931,1837
2019-01-02T11:30:00+09:00,J5,474,460,934
2019-01-02T11:45:00+09:00,J1,1283,1393,2676
2019-01-02T11:45:00+09:00,J2,1021,791,1812
2019-01-02T11:45:00+09:00,J3,1437,1321,2758
2019-01-02T11:45:00+09:00,J4,959,916,1875
2019-01-02T11:45:00+09:00,J5,463,462,925
2019-01-02T12:00:00+09:00,J1,1302,1544,2846
2019-01-02T12:00:00+09:00,J2,1017,770,1787
2019-01-02T12:00:00+09:00,J3,1326,1221,2547
2019-01-02T12:00:00+09:00,J4,788,974,1762
2019-01-02T12:00:00+09:00,J5,445,437,882
2019-01-02T12:15:00+09:00,J1,1353,1454,2807
2019-01-02T12:15:00+09:00,J2,1068,776,1844
2019-01-02T12:15:00+09:00,J3,1194,1267,2461
2019-01-02T12:15:00+09:00,J4,830,1004,1834
2019-01-02T12:15:00+09:00,J5,398,398,796
2019-01-02T12:30:00+09:00,J1,1152,1422,2574
2019-01-02T12:30:00+09:00,J2,968,917,1885
2019-01-02T12:30:00+09:00,J3,1293,1098,2391
2019-01-02T12:30:00+09:00,J4,726,903,1629
2019-01-02T12:30:00+09:00,J5,512,489,1001
2019-01-02T12:45:00+09:00,J1,1230,1419,2649
2019-01-02T12:45:00+09:00,J2,888,924,1812
2019-01-02T12:45:00+09:00,J3,1230,1038,2268
2019-01-02T12:45:00+09:00,J4,843,889,1732
2019-01-02T12:45:00+09:00,J5,431,502,933
2019-01-02T13:00:00+09:00,J1,1192,1389,2581
2019-01-02T13:00:00+09:00,J2,988,944,1932
2019-01-02T13:00:00+09:00,J3,1243,1037,2280
2019-01-02T13:00:00+09:00,J4,779,895,1674
2019-01-02T13:00:00+09:00,J5,537,551,1088
2019-01-02T13:15:00+09:00,J1,1188,1454,2642
2019-01-02T13:15:00+09:00,J2,946,1014,1960
2019-01-02T13:15:00+09:00,J3,1254,1031,2285
2019-01-02T13:15:00+09:00,J4,782,867,1649
2019-01-02T13:15:00+09:00,J5,516,541,1057
2019-01-02T13:30:00+09:00,J1,1272,1512,2784
2019-01-02T13:30:00+09:00,J2,884,940,1824
2019-01-02T13:30:00+09:00,J3,1198,1047,2245
2019-01-02T13:30:00+09:00,J4,752,930,1682
2019-01-02T13:30:00+09:00,J5,471,524,995
2019-01-02T13:45:00+09:00,J1,1194,1536,2730
2019-01-02T13:45:00+09:00,J2,816,920,1736
2019-01-02T13:45:00+09:00,J3,1233,1026,2259
2019-01-02T13:45:00+09:00,J4,742,905,1647
2019-01-02T13:45:00+09:00,J5,509,479,988
2019-01-02T14:00:00+09:00,J1,1201,1442,2643
2019-01-02T14:00:00+09:00,J2,945,987,1932
2019-01-02T14:00:00+09:00,J3,1261,1027,2288
2019-01-02T14:00:00+09:00,J4,717,875,1592
2019-01-02T14:00:00+09:00,J5,549,535,1084
2019-01-02T14:15:00+09:00,J1,1234,1480,2714
2019-01-02T14:15:00+09:00,J2,890,1028,1918
2019-01-02T14:15:00+09:00,J3,1234,1072,2306
2019-01-02T14:15:00+09:00,J4,799,857,1656
2019-01-02T14:15:00+09:00,J5,447,517,964
2019-01-02T14:30:00+09:00,J1,1213,1540,2753
2019-01-02T14:30:00+09:00,J2,934,1045,1979
2019-01-02T14:30:00+09:00,J3,1273,1117,2390
2019-01-02T14:30:00+09:00,J4,774,909,1683
2019-01-02T14:30:00+09:00,J5,571,558,1129
2019-01-02T14:45:00+09:00,J1,1175,1474,2649
2019-01-02T14:45:00+09:00,J2,931,1044,1975
2019-01-02T14:45:00+09:00,J3,1332,1089,2421
2019-01-02T14:45:00+09:00,J4,763,909,1672
2019-01-02T14:45:00+09:00,J5,484,475,959
2019-01-02T15:00:00+09:00,J1,1225,1491,2716
2019-01-02T15:00:00+09:00,J2,801,1060,1861
2019-01-02T15:00:00+09:00,J3,1242,1030,2272
2019-01-02T15:00:00+09:00,J4,816,819,1635
2019-01-02T15:00:00+09:00,J5,531,513,1044
2019-01-02T15:15:00+09:00,J1,1231,1417,2648
2019-01-02T15:15:00+09:00,J2,844,1016,1860
2019-01-02T15:15:00+09:00,J3,1253,995,2248
2019-01-02T15:15:00+09:00,J4,741,900,1641
2019-01-02T15:15:00+09:00,J5,471,554,1025
2019-01-02T15:30:00+09:00,J1,1132,1438,2570
2019-01-02T15:30:00+09:00,J2,927,927,1854
2019-01-02T15:30:00+09:00,J3,1252,1055,2307
2019-01-02T15:30:00+09:00,J4,771,791,1562
2019-01-02T15:30:00+09:00,J5,473,520,993
2019-01-02T15:45:00+09:00,J1,1234,1390,2624
2019-01-02T15:45:00+09:00,J2,875,948,1823
2019-01-02T15:45:00+09:00,J3,1255,991,2246
2019-01-02T15:45:00+09:00,J4,769,823,1592
2019-01-02T15:45:00+09:00,J5,562,590,1152
2019-01-02T16:00:00+09:00,J1,1205,1450,2655
2019-01-02T16:00:00+09:00,J2,866,933,1799
2019-01-02T16:00:00+09:00,J3,1248,1301,2549
2019-01-02T16:00:00+09:00,J4,827,841,1668
2019-01-02T16:00:00+09:00,J5,559,592,1151
2019-01-02T16:15:00+09:00,J1,1180,1434,2614
2019-01-02T16:15:00+09:00,J2,815,892,1707
2019-01-02T16:15:00+09:00,J3,1345,1265,2610
2019-01-02T16:15:00+09:00,J4,779,814,1593
2019-01-02T16:15:00+09:00,J5,593,584,1177
2019-01-02T16:30:00+09:00,J1,1304,1444,2748
2019-01-02T16:30:00+09:00,J2,874,831,1705
2019-01-02T16:30:00+09:00,J3,1364,1142,2506
2019-01-02T16:30:00+09:00,J4,789,845,1634
2019-01-02T16:30:00+09:00,J5,548,550,1098
2019-01-02T16:45:00+09:00,J1,1225,1523,2748
2019-01-02T16:45:00+09:00,J2,957,880,1837
2019-01-02T16:45:00+09:00,J3,1406,1089,2495
2019-01-02T16:45:00+09:00,J4,782,879,1661
2019-01-02T16:45:00+09:00,J5,583,558,1141
2019-01-02T17:00:00+09:00,J1,1225,1406,2631
2019-01-02T17:00:00+09:00,J2,1037,787,1824
2019-01-02T17:00:00+09:00,J3,1485,1258,2743
2019-01-02T17:00:00+09:00,J4,868,778,1646
2019-01-02T17:00:00+09:00,J5,498,488,986
2019-01-02T17:15:00+09:00,J1,1337,1356,2693
2019-01-02T17:15:00+09:00,J2,946,760,1706
2019-01-02T17:15:00+09:00,J3,1540,1340,2880
2019-01-02T17:15:00+09:00,J4,907,839,1746
2019-01-02T17:15:00+09:00,J5,436,472,908
2019-01-02T17:30:00+09:00,J1,1285,1481,2766
2019-01-02T17:30:00+09:00,J2,902,774,1676
2019-01-02T17:30:00+09:00,J3,1491,1362,2853
2019-01-02T17:30:00+09:00,J4,964,896,1860
2019-01-02T17:30:00+09:00,J5,496,442,938
2019-01-02T17:45:00+09:00,J1,1248,1451,2699
2019-01-02T17:45:00+09:00,J2,886,746,1632
2019-01-02T17:45:00+09:00,J3,1523,1336,2859
2019-01-02T17:45:00+09:00,J4,923,888,1811
2019-01-02T17:45:00+09:00,J5,441,425,866
2019-01-02T18:00:00+09:00,J1,1325,1428,2753
2019-01-02T18:00:00+09:00,J2,908,759,1667
2019-01-02T18:00:00+09:00,J3,1521,1350,2871
2019-01-02T18:00:00+09:00,J4,869,745,1614
2019-01-02T18:00:00+09:00,J5,463,397,860
2019-01-02T18:15:00+09:00,J1,1284,1415,2699
2019-01-02T18:15:00+09:00,J2,762,810,1572
2019-01-02T18:15:00+09:00,J3,1466,1277,2743
2019-01-02T18:15:00+09:00,J4,677,674,1351
2019-01-02T18:15:00+09:00,J5,536,438,974
2019-01-02T18:30:00+09:00,J1,1308,1413,2721
2019-01-02T18:30:00+09:00,J2,812,787,1599
2019-01-02T18:30:00+09:00,J3,1305,982,2287
2019-01-02T18:30:00+09:00,J4,722,826,1548
2019-01-02T18:30:00+09:00,J5,539,520,1059
2019-01-02T18:45:00+09:00,J1,1270,1402,2672
2019-01-02T18:45:00+09:00,J2,809,752,1561
2019-01-02T18:45:00+09:00,J3,1169,952,2121
2019-01-02T18:45:00+09:00,J4,906,865,1771
2019-01-02T18:45:00+09:00,J5,577,454,1031
2019-01-02T19:00:00+09:00,J1,1188,1270,2458
2019-01-02T19:00:00+09:00,J2,826,756,1582
2019-01-02T19:00:00+09:00,J3,1150,1025,2175
2019-01-02T19:00:00+09:00,J4,973,829,1802
2019-01-02T19:00:00+09:00,J5,593,515,1108
2019-01-02T19:15:00+09:00,J1,1112,1269,2381
2019-01-02T19:15:00+09:00,J2,862,757,1619
2019-01-02T19:15:00+09:00,J3,1212,989,2201
2019-01-02T19:15:00+09:00,J4,1012,950,1962
2019-01-02T19:15:00+09:00,J5,537,532,1069
2019-01-02T19:30:00+09:00,J1,1213,1313,2526
2019-01-02T19:30:00+09:00,J2,795,782,1577
2019-01-02T19:30:00+09:00,J3,1083,994,2077
2019-01-02T19:30:00+09:00,J4,999,900,1899
2019-01-02T19:30:00+09:00,J5,575,529,1104
2019-01-02T19:45:00+09:00,J1,1128,1248,2376
2019-01-02T19:45:00+09:00,J2,756,850,1606
2019-01-02T19:45:00+09:00,J3,979,891,1870
2019-01-02T19:45:00+09:00,J4,951,935,1886
2019-01-02T19:45:00+09:00,J5,550,490,1040
2019-01-02T20:00:00+09:00,J1,1170,1255,2425
2019-01-02T20:00:00+09:00,J2,796,774,1570
2019-01-02T20:00:00+09:00,J3,1054,868,1922
2019-01-02T20:00:00+09:00,J4,891,885,1776
2019-01-02T20:00:00+09:00,J5,524,505,1029
2019-01-02T20:15:00+09:00,J1,1170,1293,2463
2019-01-02T20:15:00+09:00,J2,833,696,1529
2019-01-02T20:15:00+09:00,J3,996,842,1838
2019-01-02T20:15:00+09:00,J4,820,836,1656
2019-01-02T20:15:00+09:00,J5,509,503,1012
2019-01-02T20:30:00+09:00,J1,1187,1322,2509
2019-01-02T20:30:00+09:00,J2,805,707,1512
2019-01-02T20:30:00+09:00,J3,871,841,1712
2019-01-02T20:30:00+09:00,J4,793,896,1689
2019-01-02T20:30:00+09:00,J5,458,453,911
2019-01-02T20:45:00+09:00,J1,1217,1235,2452
2019-01-02T20:45:00+09:00,J2,662,589,1251
2019-01-02T20:45:00+09:00,J3,817,780,1597
2019-01-02T20:45:00+09:00,J4,800,820,1620
2019-01-02T20:45:00+09:00,J5,472,416,888
2019-01-02T21:00:00+09:00,J1,1173,1313,2486
2019-01-02T21:00:00+09:00,J2,690,707,1397
2019-01-02T21:00:00+09:00,J3,987,808,1795
2019-01-02T21:00:00+09:00,J4,864,843,1707
2019-01-02T21:00:00+09:00,J5,515,439,954
2019-01-02T21:15:00+09:00,J1,1178,1235,2413
2019-01-02T21:15:00+09:00,J2,590,656,1246
2019-01-02T21:15:00+09:00,J3,1032,824,1856
2019-01-02T21:15:00+09:00,J4,935,821,1756
2019-01-02T21:15:00+09:00,J5,435,423,858
2019-01-02T21:30:00+09:00,J1,1182,1231,2413
2019-01-02T21:30:00+09:00,J2,650,624,1274
2019-01-02T21:30:00+09:00,J3,965,709,1674
2019-01-02T21:30:00+09:00,J4,955,815,1770
2019-01-02T21:30:00+09:00,J5,432,457,889
2019-01-02T21:45:00+09:00,J1,1197,1293,2490
2019-01-02T21:45:00+09:00,J2,666,634,1300
2019-01-02T21:45:00+09:00,J3,824,640,1464
2019-01-02T21:45:00+09:00,J4,862,852,1714
2019-01-02T21:45:00+09:00,J5,462,422,884
2019-01-02T22:00:00+09:00,J1,1078,1240,2318
2019-01-02T22:00:00+09:00,J2,640,750,1390
2019-01-02T22:00:00+09:00,J3,802,612,1414
2019-01-02T22:00:00+09:00,J4,861,785,1646
2019-01-02T22:00:00+09:00,J5,438,452,890
2019-01-02T22:15:00+09:00,J1,1171,1233,2404
2019-01-02T22:15:00+09:00,J2,673,675,1348
2019-01-02T22:15:00+09:00,J3,813,684,1497
2019-01-02T22:15:00+09:00,J4,865,844,1709
2019-01-02T22:15:00+09:00,J5,402,455,857
2019-01-02T22:30:00+09:00,J1,1106,1203,2309
2019-01-02T22:30:00+09:00,J2,640,725,1365
2019-01-02T22:30:00+09:00,J3,678,631,1309
2019-01-02T22:30:00+09:00,J4,954,835,1789
2019-01-02T22:30:00+09:00,J5,401,417,818
2019-01-02T22:45:00+09:00,J1,1090,1251,2341
2019-01-02T22:45:00+09:00,J2,730,749,1479
2019-01-02T22:45:00+09:00,J3,750,643,1393
2019-01-02T22:45:00+09:00,J4,861,863,1724
2019-01-02T22:45:00+09:00,J5,492,466,958
2019-01-02T23:00:00+09:00,J1,1121,1218,2339
2019-01-02T23:00:00+09:00,J2,672,683,1355
2019-01-02T23:00:00+09:00,J3,764,657,1421
2019-01-02T23:00:00+09:00,J4,825,829,1654
2019-01-02T23:00:00+09:00,J5,582,434,1016
2019-01-02T23:15:00+09:00,J1,1121,1141,2262
2019-01-02T23:15:00+09:00,J2,685,722,1407
2019-01-02T23:15:00+09:00,J3,808,628,1436
2019-01-02T23:15:00+09:00,J4,911,803,1714
2019-01-02T23:15:00+09:00,J5,515,442,957
2019-01-02T23:30:00+09:00,J1,1029,1159,2188
2019-01-02T23:30:00+09:00,J2,615,648,1263
2019-01-02T23:30:00+09:00,J3,769,733,1502
2019-01-02T23:30:00+09:00,J4,851,898,1749
2019-01-02T23:30:00+09:00,J5,546,483,1029
2019-01-02T23:45:00+09:00,J1,1018,1156,2174
2019-01-02T23:45:00+09:00,J2,601,624,1225
2019-01-02T23:45:00+09:00,J3,808,585,1393
2019-01-02T23:45:00+09:00,J4,871,793,1664
2019-01-02T23:45:00+09:00,J5,500,478,978
2019-01-03T00:00:00+09:00,J1,963,969,1932
2019-01-03T00:00:00+09:00,J2,761,700,1461
2019-01-03T00:00:00+09:00,J3,604,489,1093
2019-01-03T00:00:00+09:00,J4,810,707,1517
2019-01-03T00:00:00+09:00,J5,523,491,1014
2019-01-03T00:15:00+09:00,J1,645,720,1365
2019-01-03T00:15:00+09:00,J2,658,621,1279
2019-01-03T00:15:00+09:00,J3,674,708,1382
2019-01-03T00:15:00+09:00,J4,824,696,1520
2019-01-03T00:15:00+09:00,J5,592,583,1175
2019-01-03T00:30:00+09:00,J1,651,612,1263
2019-01-03T00:30:00+09:00,J2,734,633,1367
2019-01-03T00:30:00+09:00,J3,836,772,1608
2019-01-03T00:30:00+09:00,J4,833,777,1610
2019-01-03T00:30:00+09:00,J5,605,550,1155
2019-01-03T00:45:00+09:00,J1,602,589,1191
2019-01-03T00:45:00+09:00,J2,660,588,1248
2019-01-03T00:45:00+09:00,J3,930,849,1779
2019-01-03T00:45:00+09:00,J4,901,776,1677
2019-01-03T00:45:00+09:00,J5,640,544,1184
2019-01-03T05:45:00+09:00,J1,637,609,1246
2019-01-03T05:45:00+09:00,J2,689,645,1334
2019-01-03T05:45:00+09:00,J3,877,678,1555
2019-01-03T05:45:00+09:00,J4,684,732,1416
2019-01-03T05:45:00+09:00,J5,535,479,1014
2019-01-03T06:00:00+09:00,J1,887,964,1851
2019-01-03T06:00:00+09:00,J2,722,580,1302
2019-01-03T06:00:00+09:00,J3,904,791,1695
2019-01-03T06:00:00+09:00,J4,735,819,1554
2019-01-03T06:00:00+09:00,J5,565,507,1072
2019-01-03T06:15:00+09:00,J1,991,1018,2009
2019-01-03T06:15:00+09:00,J2,644,612,1256
2019-01-03T06:15:00+09:00,J3,926,812,1738
2019-01-03T06:15:00+09:00,J4,797,823,1620
2019-01-03T06:15:00+09:00,J5,587,512,1099
2019-01-03T06:30:00+09:00,J1,942,970,1912
2019-01-03T06:30:00+09:00,J2,630,618,1248
2019-01-03T06:30:00+09:00,J3,910,756,1666
2019-01-03T06:30:00+09:00,J4,753,805,1558
2019-01-03T06:30:00+09:00,J5,569,502,1071
2019-01-03T06:45:00+09:00,J1,928,962,1890
2019-01-03T06:45:00+09:00,J2,794,712,1506
2019-01-03T06:45:00+09:00,J3,939,750,1689
2019-01-03T06:45:00+09:00,J4,809,819,1628
2019-01-03T06:45:00+09:00,J5,588,498,1086
2019-01-03T07:00:00+09:00,J1,888,1064,1952
2019-01-03T07:00:00+09:00,J2,711,648,1359
2019-01-03T07:00:00+09:00,J3,975,750,1725
2019-01-03T07:00:00+09:00,J4,809,837,1646
2019-01-03T07:00:00+09:00,J5,593,581,1174
2019-01-03T07:15:00+09:00,J1,994,1065,2059
2019-01-03T07:15:00+09:00,J2,617,579,1196
2019-01-03T07:15:00+09:00,J3,991,783,1774
2019-01-03T07:15:00+09:00,J4,841,924,1765
2019-01-03T07:15:00+09:00,J5,663,645,1308
2019-01-03T07:30:00+09:00,J1,1112,1179,2291
2019-01-03T07:30:00+09:00,J2,644,645,1289
2019-01-03T07:30:00+09:00,J3,1027,792,1819
2019-01-03T07:30:00+09:00,J4,805,881,1686
2019-01-03T07:30:00+09:00,J5,690,644,1334
2019-01-03T07:45:00+09:00,J1,1003,1198,2201
2019-01-03T07:45:00+09:00,J2,610,629,1239
2019-01-03T07:45:00+09:00,J3,909,857,1766
2019-01-03T07:45:00+09:00,J4,864,856,1720
2019-01-03T07:45:00+09:00,J5,638,643,1281
2019-01-03T08:00:00+09:00,J1,1262,1360,2622
2019-01-03T08:00:00+09:00,J2,884,823,1707
2019-01-03T08:00:00+09:00,J3,1097,1015,2112
2019-01-03T08:00:00+09:00,J4,925,953,1878
2019-01-03T08:00:00+09:00,J5,544,565,1109
2019-01-03T08:15:00+09:00,J1,1344,1413,2757
2019-01-03T08:15:00+09:00,J2,830,766,1596
2019-01-03T08:15:00+09:00,J3,1100,1102,2202
2019-01-03T08:15:00+09:00,J4,960,948,1908
2019-01-03T08:15:00+09:00,J5,590,528,1118
2019-01-03T08:30:00+09:00,J1,1290,1396,2686
2019-01-03T08:30:00+09:00,J2,758,780,1538
2019-01-03T08:30:00+09:00,J3,1199,1018,2217
2019-01-03T08:30:00+09:00,J4,931,953,1884
2019-01-03T08:30:00+09:00,J5,501,510,1011
2019-01-03T08:45:00+09:00,J1,1214,1437,2651
2019-01-03T08:45:00+09:00,J2,878,782,1660
2019-01-03T08:45:00+09:00,J3,1238,1010,2248
2019-01-03T08:45:00+09:00,J4,950,844,1794
2019-01-03T08:45:00+09:00,J5,507,456,963
2019-01-03T09:00:00+09:00,J1,1400,1316,2716
2019-01-03T09:00:00+09:00,J2,898,898,1796
2019-01-03T09:00:00+09:00,J3,812,802,1614
2019-01-03T09:00:00+09:00,J4,859,849,1708
2019-01-03T09:00:00+09:00,J5,495,495,990
2019-01-03T09:15:00+09:00,J1,1244,1306,2550
2019-01-03T09:15:00+09:00,J2,726,788,1514
2019-01-03T09:15:00+09:00,J3,909,767,1676
2019-01-03T09:15:00+09:00,J4,861,816,1677
2019-01-03T09:15:00+09:00,J5,507,429,936
2019-01-03T09:30:00+09:00,J1,1276,1304,2580
2019-01-03T09:30:00+09:00,J2,756,667,1423
2019-01-03T09:30:00+09:00,J3,974,911,1885
2019-01-03T09:30:00+09:00,J4,951,947,1898
2019-01-03T09:30:00+09:00,J5,477,448,925
2019-01-03T09:45:00+09:00,J1,1294,1373,2667
2019-01-03T09:45:00+09:00,J2,689,640,1329
2019-01-03T09:45:00+09:00,J3,1009,977,1986
2019-01-03T09:45:00+09:00,J4,911,875,1786
2019-01-03T09:45:00+09:00,J5,417,406,823
2019-01-03T10:00:00+09:00,J1,1325,1430,2755
2019-01-03T10:00:00+09:00,J2,717,617,1334
2019-01-03T10:00:00+09:00,J3,996,939,1935
2019-01-03T10:00:00+09:00,J4,848,734,1582
2019-01-03T10:00:00+09:00,J5,468,442,910
2019-01-03T10:15:00+09:00,J1,1260,1367,2627
2019-01-03T10:15:00+09:00,J2,728,667,1395
2019-01-03T10:15:00+09:00,J3,945,904,1849
2019-01-03T10:15:00+09:00,J4,873,789,1662
2019-01-03T10:15:00+09:00,J5,479,479,958
2019-01-03T10:30:00+09:00,J1,1219,1450,2669
2019-01-03T10:30:00+09:00,J2,750,657,1407
2019-01-03T10:30:00+09:00,J3,925,948,1873
2019-01-03T10:30:00+09:00,J4,916,803,1719
2019-01-03T10:30:00+09:00,J5,446,408,854
2019-01-03T10:45:00+09:00,J1,1249,1291,2540
2019-01-03T10:45:00+09:00,J2,713,664,1377
2019-01-03T10:45:00+09:00,J3,940,1063,2003
2019-01-03T10:45:00+09:00,J4,954,957,1911
2019-01-03T10:45:00+09:00,J5,505,450,955
2019-01-03T11:00:00+09:00,J1,1164,1388,2552
2019-01-03T11:00:00+09:00,J2,736,712,1448
2019-01-03T11:00:00+09:00,J3,1292,1104,2396
2019-01-03T11:00:00+09:00,J4,916,942,1858
2019-01-03T11:00:00+09:00,J5,541,513,1054
2019-01-03T11:15:00+09:00,J1,1265,1466,2731
2019-01-03T11:15:00+09:00,J2,721,695,1416
2019-01-03T11:15:00+09:00,J3,1305,1185,2490
2019-01-03T11:15:00+09:00,J4,913,921,1834
2019-01-03T11:15:00+09:00,J5,440,444,884
2019-01-03T11:30:00+09:00,J1,1301,1439,2740
2019-01-03T11:30:00+09:00,J2,796,695,1491
2019-01-03T11:30:00+09:00,J3,1258,1231,2489
2019-01-03T11:30:00+09:00,J4,867,875,1742
2019-01-03T11:30:00+09:00,J5,503,423,926
2019-01-03T11:45:00+09:00,J1,1231,1456,2687
2019-01-03T11:45:00+09:00,J2,804,768,1572
2019-01-03T11:45:00+09:00,J3,1280,1163,2443
2019-01-03T11:45:00+09:00,J4,888,894,1782
2019-01-03T11:45:00+09:00,J5,422,406,828
2019-01-03T12:00:00+09:00,J1,1331,1504,2835
2019-01-03T12:00:00+09:00,J2,818,832,1650
2019-01-03T12:00:00+09:00,J3,937,1124,2061
2019-01-03T12:00:00+09:00,J4,718,788,1506
2019-01-03T12:00:00+09:00,J5,425,411,836
2019-01-03T12:15:00+09:00,J1,1244,1397,2641
2019-01-03T12:15:00+09:00,J2,797,914,1711
2019-01-03T12:15:00+09:00,J3,1038,1042,2080
2019-01-03T12:15:00+09:00,J4,761,895,1656
2019-01-03T12:15:00+09:00,J5,476,457,933
2019-01-03T12:30:00+09:00,J1,1226,1434,2660
2019-01-03T12:30:00+09:00,J2,794,854,1648
2019-01-03T12:30:00+09:00,J3,1105,948,2053
2019-01-03T12:30:00+09:00,J4,749,916,1665
2019-01-03T12:30:00+09:00,J5,557,523,1080
2019-01-03T12:45:00+09:00,J1,1192,1436,2628
2019-01-03T12:45:00+09:00,J2,743,830,1573
2019-01-03T12:45:00+09:00,J3,1172,1089,2261
2019-01-03T12:45:00+09:00,J4,788,902,1690
2019-01-03T12:45:00+09:00,J5,599,587,1186
2019-01-03T13:00:00+09:00,J1,1158,1457,2615
2019-01-03T13:00:00+09:00,J2,744,874,1618
2019-01-03T13:00:00+09:00,J3,1011,1113,2124
2019-01-03T13:00:00+09:00,J4,763,892,1655
2019-01-03T13:00:00+09:00,J5,590,591,1181
2019-01-03T13:15:00+09:00,J1,1170,1405,2575
2019-01-03T13:15:00+09:00,J2,773,876,1649
2019-01-03T13:15:00+09:00,J3,1083,1123,2206
2019-01-03T13:15:00+09:00,J4,835,964,1799
2019-01-03T13:15:00+09:00,J5,563,574,1137
2019-01-03T13:30:00+09:00,J1,1172,1424,2596
2019-01-03T13:30:00+09:00,J2,793,837,1630
2019-01-03T13:30:00+09:00,J3,1015,1036,2051
2019-01-03T13:30:00+09:00,J4,821,938,1759
2019-01-03T13:30:00+09:00,J5,553,565,1118
2019-01-03T13:45:00+09:00,J1,1191,1401,2592
2019-01-03T13:45:00+09:00,J2,726,841,1567
2019-01-03T13:45:00+09:00,J3,1018,1091,2109
2019-01-03T13:45:00+09:00,J4,760,891,1651
2019-01-03T13:45:00+09:00,J5,502,520,1022
2019-01-03T14:00:00+09:00,J1,1202,1458,2660
2019-01-03T14:00:00+09:00,J2,713,867,1580
2019-01-03T14:00:00+09:00,J3,1064,1052,2116
2019-01-03T14:00:00+09:00,J4,817,875,1692
2019-01-03T14:00:00+09:00,J5,484,474,958
2019-01-03T14:15:00+09:00,J1,1235,1491,2726
2019-01-03T14:15:00+09:00,J2,786,899,1685
2019-01-03T14:15:00+09:00,J3,1138,1180,2318
2019-01-03T14:15:00+09:00,J4,724,871,1595
2019-01-03T14:15:00+09:00,J5,504,462,966
2019-01-03T14:30:00+09:00,J1,1194,1510,2704
2019-01-03T14:30:00+09:00,J2,768,867,1635
2019-01-03T14:30:00+09:00,J3,1169,1065,2234
2019-01-03T14:30:00+09:00,J4,787,943,1730
2019-01-03T14:30:00+09:00,J5,495,463,958
2019-01-03T14:45:00+09:00,J1,1227,1474,2701
2019-01-03T14:45:00+09:00,J2,742,872,1614
2019-01-03T14:45:00+09:00,J3,1109,1064,2173
2019-01-03T14:45:00+09:00,J4,775,824,1599
2019-01-03T14:45:00+09:00,J5,428,531,959
2019-01-03T15:00:00+09:00,J1,1200,1490,2690
2019-01-03T15:00:00+09:00,J2,821,859,1680
2019-01-03T15:00:00+09:00,J3,1102,1013,2115
2019-01-03T15:00:00+09:00,J4,785,918,1703
2019-01-03T15:00:00+09:00,J5,520,487,1007
2019-01-03T15:15:00+09:00,J1,1184,1424,2608
2019-01-03T15:15:00+09:00,J2,831,956,1787
2019-01-03T15:15:00+09:00,J3,1229,1060,2289
2019-01-03T15:15:00+09:00,J4,821,889,1710
2019-01-03T15:15:00+09:00,J5,404,423,827
2019-01-03T15:30:00+09:00,J1,1146,1441,2587
2019-01-03T15:30:00+09:00,J2,858,938,1796
2019-01-03T15:30:00+09:00,J3,1148,1112,2260
2019-01-03T15:30:00+09:00,J4,778,879,1657
2019-01-03T15:30:00+09:00,J5,479,483,962
2019-01-03T15:45:00+09:00,J1,1178,1444,2622
2019-01-03T15:45:00+09:00,J2,810,857,1667
2019-01-03T15:45:00+09:00,J3,1110,1034,2144
2019-01-03T15:45:00+09:00,J4,840,903,1743
2019-01-03T15:45:00+09:00,J5,561,532,1093
2019-01-03T16:00:00+09:00,J1,1192,1365,2557
2019-01-03T16:00:00+09:00,J2,871,833,1704
2019-01-03T16:00:00+09:00,J3,1241,1118,2359
2019-01-03T16:00:00+09:00,J4,808,868,1676
2019-01-03T16:00:00+09:00,J5,552,582,1134
2019-01-03T16:15:00+09:00,J1,1155,1372,2527
2019-01-03T16:15:00+09:00,J2,877,845,1722
2019-01-03T16:15:00+09:00,J3,1259,1191,2450
2019-01-03T16:15:00+09:00,J4,759,821,1580
2019-01-03T16:15:00+09:00,J5,564,553,1117
2019-01-03T16:30:00+09:00,J1,1263,1464,2727
2019-01-03T16:30:00+09:00,J2,979,805,1784
2019-01-03T16:30:00+09:00,J3,1359,1056,2415
2019-01-03T16:30:00+09:00,J4,811,842,1653
2019-01-03T16:30:00+09:00,J5,583,540,1123
2019-01-03T16:45:00+09:00,J1,1189,1423,2612
2019-01-03T16:45:00+09:00,J2,983,789,1772
2019-01-03T16:45:00+09:00,J3,1303,1050,2353
2019-01-03T16:45:00+09:00,J4,776,899,1675
2019-01-03T16:45:00+09:00,J5,469,475,944
2019-01-03T17:00:00+09:00,J1,1181,1416,2597
2019-01-03T17:00:00+09:00,J2,934,679,1613
2019-01-03T17:00:00+09:00,J3,1376,1107,2483
2019-01-03T17:00:00+09:00,J4,780,842,1622
2019-01-03T17:00:00+09:00,J5,405,386,791
2019-01-03T17:15:00+09:00,J1,1209,1440,2649
2019-01-03T17:15:00+09:00,J2,915,745,1660
2019-01-03T17:15:00+09:00,J3,1503,1277,2780
2019-01-03T17:15:00+09:00,J4,883,811,1694
2019-01-03T17:15:00+09:00,J5,464,399,863
2019-01-03T17:30:00+09:00,J1,1184,1405,2589
2019-01-03T17:30:00+09:00,J2,818,757,1575
2019-01-03T17:30:00+09:00,J3,1427,1290,2717
2019-01-03T17:30:00+09:00,J4,865,845,1710
2019-01-03T17:30:00+09:00,J5,404,416,820
2019-01-03T17:45:00+09:00,J1,1158,1425,2583
2019-01-03T17:45:00+09:00,J2,874,738,1612
2019-01-03T17:45:00+09:00,J3,1539,1288,2827
2019-01-03T17:45:00+09:00,J4,937,825,1762
2019-01-03T17:45:00+09:00,J5,435,411,846
2019-01-03T18:00:00+09:00,J1,1290,1461,2751
2019-01-03T18:00:00+09:00,J2,779,765,1544
2019-01-03T18:00:00+09:00,J3,1390,1194,2584
2019-01-03T18:00:00+09:00,J4,788,755,1543
2019-01-03T18:00:00+09:00,J5,543,615,1158
2019-01-03T18:15:00+09:00,J1,1314,1442,2756
2019-01-03T18:15:00+09:00,J2,794,823,1617
2019-01-03T18:15:00+09:00,J3,1427,1225,2652
2019-01-03T18:15:00+09:00,J4,693,646,1339
2019-01-03T18:15:00+09:00,J5,588,604,1192
2019-01-03T18:30:00+09:00,J1,1248,1373,2621
2019-01-03T18:30:00+09:00,J2,794,707,1501
2019-01-03T18:30:00+09:00,J3,1250,1090,2340
2019-01-03T18:30:00+09:00,J4,711,796,1507
2019-01-03T18:30:00+09:00,J5,564,514,1078
2019-01-03T18:45:00+09:00,J1,1194,1371,2565
2019-01-03T18:45:00+09:00,J2,786,736,1522
2019-01-03T18:45:00+09:00,J3,1119,936,2055
2019-01-03T18:45:00+09:00,J4,761,793,1554
2019-01-03T18:45:00+09:00,J5,574,522,1096
2019-01-03T19:00:00+09:00,J1,1153,1397,2550
2019-01-03T19:00:00+09:00,J2,606,545,1151
2019-01-03T19:00:00+09:00,J3,1227,1001,2228
2019-01-03T19:00:00+09:00,J4,906,785,1691
2019-01-03T19:00:00+09:00,J5,530,599,1129
2019-01-03T19:15:00+09:00,J1,1176,1339,2515
2019-01-03T19:15:00+09:00,J2,563,537,1100
2019-01-03T19:15:00+09:00,J3,1066,980,2046
2019-01-03T19:15:00+09:00,J4,860,821,1681
2019-01-03T19:15:00+09:00,J5,544,536,1080
2019-01-03T19:30:00+09:00,J1,1100,1240,2340
2019-01-03T19:30:00+09:00,J2,487,480,967
2019-01-03T19:30:00+09:00,J3,1009,928,1937
2019-01-03T19:30:00+09:00,J4,937,886,1823
2019-01-03T19:30:00+09:00,J5,470,499,969
2019-01-03T19:45:00+09:00,J1,1190,1273,2463
2019-01-03T19:45:00+09:00,J2,473,543,1016
2019-01-03T19:45:00+09:00,J3,990,838,1828
2019-01-03T19:45:00+09:00,J4,859,861,1720
2019-01-03T19:45:00+09:00,J5,539,444,983
2019-01-03T20:00:00+09:00,J1,1134,1290,2424
2019-01-03T20:00:00+09:00,J2,512,463,975
2019-01-03T20:00:00+09:00,J3,999,880,1879
2019-01-03T20:00:00+09:00,J4,1019,861,1880
2019-01-03T20:00:00+09:00,J5,492,512,1004
2019-01-03T20:15:00+09:00,J1,1188,1310,2498
2019-01-03T20:15:00+09:00,J2,552,467,1019
2019-01-03T20:15:00+09:00,J3,1043,875,1918
2019-01-03T20:15:00+09:00,J4,835,723,1558
2019-01-03T20:15:00+09:00,J5,526,444,970
2019-01-03T20:30:00+09:00,J1,1235,1289,2524
2019-01-03T20:30:00+09:00,J2,514,423,937
2019-01-03T20:30:00+09:00,J3,1048,890,1938
2019-01-03T20:30:00+09:00,J4,730,784,1514
2019-01-03T20:30:00+09:00,J5,453,476,929
2019-01-03T20:45:00+09:00,J1,1234,1274,2508
2019-01-03T20:45:00+09:00,J2,672,506,1178
2019-01-03T20:45:00+09:00,J3,1166,832,1998
2019-01-03T20:45:00+09:00,J4,779,831,1610
2019-01-03T20:45:00+09:00,J5,557,514,1071
2019-01-03T21:00:00+09:00,J1,1126,1273,2399
2019-01-03T21:00:00+09:00,J2,925,691,1616
2019-01-03T21:00:00+09:00,J3,988,772,1760
2019-01-03T21:00:00+09:00,J4,870,787,1657
2019-01-03T21:00:00+09:00,J5,493,505,998
2019-01-03T21:15:00+09:00,J1,1140,1353,2493
2019-01-03T21:15:00+09:00,J2,937,708,1645
2019-01-03T21:15:00+09:00,J3,1028,843,1871
2019-01-03T21:15:00+09:00,J4,892,880,1772
2019-01-03T21:15:00+09:00,J5,563,542,1105
2019-01-03T21:30:00+09:00,J1,1146,1285,2431
2019-01-03T21:30:00+09:00,J2,807,657,1464
2019-01-03T21:30:00+09:00,J3,1064,899,1963
2019-01-03T21:30:00+09:00,J4,876,885,1761
2019-01-03T21:30:00+09:00,J5,463,530,993
2019-01-03T21:45:00+09:00,J1,1098,1255,2353
2019-01-03T21:45:00+09:00,J2,770,615,1385
2019-01-03T21:45:00+09:00,J3,972,944,1916
2019-01-03T21:45:00+09:00,J4,910,831,1741
2019-01-03T21:45:00+09:00,J5,469,448,917
2019-01-03T22:00:00+09:00,J1,1053,1297,2350
2019-01-03T22:00:00+09:00,J2,751,774,1525
2019-01-03T22:00:00+09:00,J3,1019,935,1954
2019-01-03T22:00:00+09:00,J4,972,862,1834
2019-01-03T22:00:00+09:00,J5,426,434,860
2019-01-03T22:15:00+09:00,J1,1037,1314,2351
2019-01-03T22:15:00+09:00,J2,705,653,1358
2019-01-03T22:15:00+09:00,J3,965,901,1866
2019-01-03T22:15:00+09:00,J4,941,815,1756
2019-01-03T22:15:00+09:00,J5,432,455,887
2019-01-03T22:30:00+09:00,J1,1104,1179,2283
2019-01-03T22:30:00+09:00,J2,685,690,1375
2019-01-03T22:30:00+09:00,J3,1106,867,1973
2019-01-03T22:30:00+09:00,J4,946,801,1747
2019-01-03T22:30:00+09:00,J5,418,445,863
2019-01-03T22:45:00+09:00,J1,1040,1138,2178
2019-01-03T22:45:00+09:00,J2,557,637,1194
2019-01-03T22:45:00+09:00,J3,987,781,1768
2019-01-03T22:45:00+09:00,J4,845,809,1654
2019-01-03T22:45:00+09:00,J5,385,404,789
2019-01-03T23:00:00+09:00,J1,965,1087,2052
2019-01-03T23:00:00+09:00,J2,511,640,1151
2019-01-03T23:00:00+09:00,J3,862,691,1553
2019-01-03T23:00:00+09:00,J4,857,715,1572
2019-01-03T23:00:00+09:00,J5,368,429,797
2019-01-03T23:15:00+09:00,J1,1029,1196,2225
2019-01-03T23:15:00+09:00,J2,562,691,1253
2019-01-03T23:15:00+09:00,J3,894,776,1670
2019-01-03T23:15:00+09:00,J4,924,703,1627
2019-01-03T23:15:00+09:00,J5,407,400,807
2019-01-03T23:30:00+09:00,J1,1130,1149,2279
2019-01-03T23:30:00+09:00,J2,600,675,1275
2019-01-03T23:30:00+09:00,J3,945,795,1740
2019-01-03T23:30:00+09:00,J4,868,714,1582
2019-01-03T23:30:00+09:00,J5,399,421,820
2019-01-03T23:45:00+09:00,J1,1069,1091,2160
2019-01-03T23:45:00+09:00,J2,517,628,1145
2019-01-03T23:45:00+09:00,J3,972,795,1767
2019-01-03T23:45:00+09:00,J4,813,790,1603
2019-01-03T23:45:00+09:00,J5,415,416,831
2019-01-04T00:00:00+09:00,J1,794,888,1682
2019-01-04T00:00:00+09:00,J2,531,529,1060
2019-01-04T00:00:00+09:00,J3,650,563,1213
2019-01-04T00:00:00+09:00,J4,833,713,1546
2019-01-04T00:00:00+09:00,J5,452,404,856
2019-01-04T00:15:00+09:00,J1,634,704,1338
2019-01-04T00:15:00+09:00,J2,486,543,1029
2019-01-04T00:15:00+09:00,J3,473,408,881
2019-01-04T00:15:00+09:00,J4,690,663,1353
2019-01-04T00:15:00+09:00,J5,474,457,931
2019-01-04T00:30:00+09:00,J1,572,618,1190
2019-01-04T00:30:00+09:00,J2,447,503,950
2019-01-04T00:30:00+09:00,J3,426,400,826
2019-01-04T00:30:00+09:00,J4,884,730,1614
2019-01-04T00:30:00+09:00,J5,505,560,1065
2019-01-04T00:45:00+09:00,J1,557,651,1208
2019-01-04T00:45:00+09:00,J2,405,433,838
2019-01-04T00:45:00+09:00,J3,463,456,919
2019-01-04T00:45:00+09:00,J4,871,683,1554
2019-01-04T00:45:00+09:00,J5,586,520,1106
2019-01-04T05:45:00+09:00,J1,664,699,1363
2019-01-04T05:45:00+09:00,J2,677,558,1235
2019-01-04T05:45:00+09:00,J3,920,805,1725
2019-01-04T05:45:00+09:00,J4,809,876,1685
2019-01-04T05:45:00+09:00,J5,552,451,1003
2019-01-04T06:00:00+09:00,J1,834,915,1749
2019-01-04T06:00:00+09:00,J2,547,499,1046
2019-01-04T06:00:00+09:00,J3,847,813,1660
2019-01-04T06:00:00+09:00,J4,830,806,1636
2019-01-04T06:00:00+09:00,J5,529,532,1061
2019-01-04T06:15:00+09:00,J1,951,1020,1971
2019-01-04T06:15:00+09:00,J2,486,499,985
2019-01-04T06:15:00+09:00,J3,668,697,1365
2019-01-04T06:15:00+09:00,J4,765,893,1658
2019-01-04T06:15:00+09:00,J5,502,522,1024
2019-01-04T06:30:00+09:00,J1,973,941,1914
2019-01-04T06:30:00+09:00,J2,532,443,975
2019-01-04T06:30:00+09:00,J3,693,658,1351
2019-01-04T06:30:00+09:00,J4,774,842,1616
2019-01-04T06:30:00+09:00,J5,529,455,984
2019-01-04T06:45:00+09:00,J1,986,1039,2025
2019-01-04T06:45:00+09:00,J2,577,540,1117
2019-01-04T06:45:00+09:00,J3,736,686,1422
2019-01-04T06:45:00+09:00,J4,770,825,1595
2019-01-04T06:45:00+09:00,J5,514,462,976
2019-01-04T07:00:00+09:00,J1,1076,1094,2170
2019-01-04T07:00:00+09:00,J2,810,712,1522
2019-01-04T07:00:00+09:00,J3,792,739,1531
2019-01-04T07:00:00+09:00,J4,814,927,1741
2019-01-04T07:00:00+09:00,J5,512,538,1050
2019-01-04T07:15:00+09:00,J1,1121,1165,2286
2019-01-04T07:15:00+09:00,J2,815,670,1485
2019-01-04T07:15:00+09:00,J3,693,730,1423
2019-01-04T07:15:00+09:00,J4,911,943,1854
2019-01-04T07:15:00+09:00,J5,560,566,1126
2019-01-04T07:30:00+09:00,J1,1188,1228,2416
2019-01-04T07:30:00+09:00,J2,778,691,1469
2019-01-04T07:30:00+09:00,J3,1191,1071,2262
2019-01-04T07:30:00+09:00,J4,874,962,1836
2019-01-04T07:30:00+09:00,J5,577,515,1092
2019-01-04T07:45:00+09:00,J1,1165,1318,2483
2019-01-04T07:45:00+09:00,J2,699,608,1307
2019-01-04T07:45:00+09:00,J3,1249,1097,2346
2019-01-04T07:45:00+09:00,J4,966,1027,1993
2019-01-04T07:45:00+09:00,J5,574,575,1149
2019-01-04T08:00:00+09:00,J1,1331,1370,2701
2019-01-04T08:00:00+09:00,J2,881,730,1611
2019-01-04T08:00:00+09:00,J3,1308,1249,2557
2019-01-04T08:00:00+09:00,J4,993,1123,2116
2019-01-04T08:00:00+09:00,J5,507,522,1029
2019-01-04T08:15:00+09:00,J1,1365,1306,2671
2019-01-04T08:15:00+09:00,J2,944,688,1632
2019-01-04T08:15:00+09:00,J3,1360,1259,2619
2019-01-04T08:15:00+09:00,J4,981,1097,2078
2019-01-04T08:15:00+09:00,J5,595,553,1148
2019-01-04T08:30:00+09:00,J1,1343,1525,2868
2019-01-04T08:30:00+09:00,J2,895,670,1565
2019-01-04T08:30:00+09:00,J3,1197,1092,2289
2019-01-04T08:30:00+09:00,J4,932,1033,1965
2019-01-04T08:30:00+09:00,J5,552,492,1044
2019-01-04T08:45:00+09:00,J1,1312,1348,2660
2019-01-04T08:45:00+09:00,J2,690,701,1391
2019-01-04T08:45:00+09:00,J3,1022,888,1910
2019-01-04T08:45:00+09:00,J4,866,925,1791
2019-01-04T08:45:00+09:00,J5,492,491,983
2019-01-04T09:00:00+09:00,J1,1276,1341,2617
2019-01-04T09:00:00+09:00,J2,794,742,1536
2019-01-04T09:00:00+09:00,J3,1071,974,2045
2019-01-04T09:00:00+09:00,J4,910,943,1853
2019-01-04T09:00:00+09:00,J5,491,485,976
2019-01-04T09:15:00+09:00,J1,1235,1193,2428
2019-01-04T09:15:00+09:00,J2,806,733,1539
2019-01-04T09:15:00+09:00,J3,1023,876,1899
2019-01-04T09:15:00+09:00,J4,984,965,1949
2019-01-04T09:15:00+09:00,J5,531,531,1062
2019-01-04T09:30:00+09:00,J1,1245,1242,2487
2019-01-04T09:30:00+09:00,J2,666,694,1360
2019-01-04T09:30:00+09:00,J3,913,900,1813
2019-01-04T09:30:00+09:00,J4,942,933,1875
2019-01-04T09:30:00+09:00,J5,595,582,1177
2019-01-04T09:45:00+09:00,J1,1265,1306,2571
2019-01-04T09:45:00+09:00,J2,747,700,1447
2019-01-04T09:45:00+09:00,J3,915,805,1720
2019-01-04T09:45:00+09:00,J4,852,832,1684
2019-01-04T09:45:00+09:00,J5,480,475,955
2019-01-04T10:00:00+09:00,J1,1188,1238,2426
2019-01-04T10:00:00+09:00,J2,660,698,1358
2019-01-04T10:00:00+09:00,J3,779,760,1539
2019-01-04T10:00:00+09:00,J4,899,906,1805
2019-01-04T10:00:00+09:00,J5,434,456,890
2019-01-04T10:15:00+09:00,J1,1191,1157,2348
2019-01-04T10:15:00+09:00,J2,730,696,1426
2019-01-04T10:15:00+09:00,J3,818,790,1608
2019-01-04T10:15:00+09:00,J4,903,893,1796
2019-01-04T10:15:00+09:00,J5,461,443,904
2019-01-04T10:30:00+09:00,J1,1148,1228,2376
2019-01-04T10:30:00+09:00,J2,824,782,1606
2019-01-04T10:30:00+09:00,J3,937,830,1767
2019-01-04T10:30:00+09:00,J4,923,974,1897
2019-01-04T10:30:00+09:00,J5,546,509,1055
2019-01-04T10:45:00+09:00,J1,1201,1233,2434
2019-01-04T10:45:00+09:00,J2,754,824,1578
2019-01-04T10:45:00+09:00,J3,925,881,1806
2019-01-04T10:45:00+09:00,J4,1008,883,1891
2019-01-04T10:45:00+09:00,J5,557,623,1180
2019-01-04T11:00:00+09:00,J1,1130,1254,2384
2019-01-04T11:00:00+09:00,J2,803,870,1673
2019-01-04T11:00:00+09:00,J3,920,891,1811
2019-01-04T11:00:00+09:00,J4,1041,970,2011
2019-01-04T11:00:00+09:00,J5,552,567,1119
2019-01-04T11:15:00+09:00,J1,1167,1374,2541
2019-01-04T11:15:00+09:00,J2,869,784,1653
2019-01-04T11:15:00+09:00,J3,1191,1147,2338
2019-01-04T11:15:00+09:00,J4,1009,1017,2026
2019-01-04T11:15:00+09:00,J5,561,520,1081
2019-01-04T11:30:00+09:00,J1,1195,1395,2590
2019-01-04T11:30:00+09:00,J2,810,690,1500
2019-01-04T11:30:00+09:00,J3,1178,1193,2371
2019-01-04T11:30:00+09:00,J4,935,949,1884
2019-01-04T11:30:00+09:00,J5,523,456,979
2019-01-04T11:45:00+09:00,J1,1213,1410,2623
2019-01-04T11:45:00+09:00,J2,972,757,1729
2019-01-04T11:45:00+09:00,J3,1402,1260,2662
2019-01-04T11:45:00+09:00,J4,967,880,1847
2019-01-04T11:45:00+09:00,J5,441,409,850
2019-01-04T12:00:00+09:00,J1,1220,1362,2582
2019-01-04T12:00:00+09:00,J2,973,757,1730
2019-01-04T12:00:00+09:00,J3,1256,1259,2515
2019-01-04T12:00:00+09:00,J4,1002,855,1857
2019-01-04T12:00:00+09:00,J5,520,487,1007
2019-01-04T12:15:00+09:00,J1,1212,1361,2573
2019-01-04T12:15:00+09:00,J2,819,751,1570
2019-01-04T12:15:00+09:00,J3,1282,1108,2390
2019-01-04T12:15:00+09:00,J4,790,927,1717
2019-01-04T12:15:00+09:00,J5,587,467,1054
2019-01-04T12:30:00+09:00,J1,1153,1427,2580
2019-01-04T12:30:00+09:00,J2,913,838,1751
2019-01-04T12:30:00+09:00,J3,1092,934,2026
2019-01-04T12:30:00+09:00,J4,762,892,1654
2019-01-04T12:30:00+09:00,J5,489,482,971
2019-01-04T12:45:00+09:00,J1,1199,1421,2620
2019-01-04T12:45:00+09:00,J2,853,765,1618
2019-01-04T12:45:00+09:00,J3,1047,918,1965
2019-01-04T12:45:00+09:00,J4,782,881,1663
2019-01-04T12:45:00+09:00,J5,522,593,1115
2019-01-04T13:00:00+09:00,J1,1181,1443,2624
2019-01-04T13:00:00+09:00,J2,873,775,1648
2019-01-04T13:00:00+09:00,J3,1065,867,1932
2019-01-04T13:00:00+09:00,J4,781,868,1649
2019-01-04T13:00:00+09:00,J5,576,605,1181
2019-01-04T13:15:00+09:00,J1,1110,1420,2530
2019-01-04T13:15:00+09:00,J2,910,768,1678
2019-01-04T13:15:00+09:00,J3,993,871,1864
2019-01-04T13:15:00+09:00,J4,748,937,1685
2019-01-04T13:15:00+09:00,J5,585,603,1188
2019-01-04T13:30:00+09:00,J1,1195,1388,2583
2019-01-04T13:30:00+09:00,J2,921,856,1777
2019-01-04T13:30:00+09:00,J3,1054,826,1880
2019-01-04T13:30:00+09:00,J4,784,842,1626
2019-01-04T13:30:00+09:00,J5,588,534,1122
2019-01-04T13:45:00+09:00,J1,1111,1390,2501
2019-01-04T13:45:00+09:00,J2,941,777,1718
2019-01-04T13:45:00+09:00,J3,924,825,1749
2019-01-04T13:45:00+09:00,J4,639,784,1423
2019-01-04T13:45:00+09:00,J5,567,544,1111
2019-01-04T14:00:00+09:00,J1,1136,1397,2533
2019-01-04T14:00:00+09:00,J2,917,773,1690
2019-01-04T14:00:00+09:00,J3,898,843,1741
2019-01-04T14:00:00+09:00,J4,759,851,1610
2019-01-04T14:00:00+09:00,J5,590,605,1195
2019-01-04T14:15:00+09:00,J1,1182,1401,2583
2019-01-04T14:15:00+09:00,J2,906,839,1745
2019-01-04T14:15:00+09:00,J3,1026,897,1923
2019-01-04T14:15:00+09:00,J4,777,837,1614
2019-01-04T14:15:00+09:00,J5,619,625,1244
2019-01-04T14:30:00+09:00,J1,1152,1408,2560
2019-01-04T14:30:00+09:00,J2,885,792,1677
2019-01-04T14:30:00+09:00,J3,1077,842,1919
2019-01-04T14:30:00+09:00,J4,672,801,1473
2019-01-04T14:30:00+09:00,J5,617,598,1215
2019-01-04T14:45:00+09:00,J1,1182,1407,2589
2019-01-04T14:45:00+09:00,J2,861,868,1729
2019-01-04T14:45:00+09:00,J3,979,807,1786
2019-01-04T14:45:00+09:00,J4,707,766,1473
2019-01-04T14:45:00+09:00,J5,620,545,1165
2019-01-04T15:00:00+09:00,J1,1123,1389,2512
2019-01-04T15:00:00+09:00,J2,920,845,1765
2019-01-04T15:00:00+09:00,J3,1049,881,1930
2019-01-04T15:00:00+09:00,J4,738,769,1507
2019-01-04T15:00:00+09:00,J5,571,559,1130
2019-01-04T15:15:00+09:00,J1,1159,1407,2566
2019-01-04T15:15:00+09:00,J2,972,842,1814
2019-01-04T15:15:00+09:00,J3,1103,871,1974
2019-01-04T15:15:00+09:00,J4,811,775,1586
2019-01-04T15:15:00+09:00,J5,601,603,1204
2019-01-04T15:30:00+09:00,J1,1186,1316,2502
2019-01-04T15:30:00+09:00,J2,1028,818,1846
2019-01-04T15:30:00+09:00,J3,1104,875,1979
2019-01-04T15:30:00+09:00,J4,717,811,1528
2019-01-04T15:30:00+09:00,J5,612,624,1236
2019-01-04T15:45:00+09:00,J1,1085,1461,2546
2019-01-04T15:45:00+09:00,J2,1003,768,1771
2019-01-04T15:45:00+09:00,J3,1153,937,2090
2019-01-04T15:45:00+09:00,J4,784,823,1607
2019-01-04T15:45:00+09:00,J5,595,577,1172
2019-01-04T16:00:00+09:00,J1,1113,1416,2529
2019-01-04T16:00:00+09:00,J2,959,822,1781
2019-01-04T16:00:00+09:00,J3,1181,854,2035
2019-01-04T16:00:00+09:00,J4,848,819,1667
2019-01-04T16:00:00+09:00,J5,591,587,1178
2019-01-04T16:15:00+09:00,J1,1149,1363,2512
2019-01-04T16:15:00+09:00,J2,973,810,1783
2019-01-04T16:15:00+09:00,J3,1166,886,2052
2019-01-04T16:15:00+09:00,J4,768,780,1548
2019-01-04T16:15:00+09:00,J5,579,613,1192
2019-01-04T16:30:00+09:00,J1,1125,1298,2423
2019-01-04T16:30:00+09:00,J2,924,783,1707
2019-01-04T16:30:00+09:00,J3,1161,1016,2177
2019-01-04T16:30:00+09:00,J4,867,906,1773
2019-01-04T16:30:00+09:00,J5,594,545,1139
2019-01-04T16:45:00+09:00,J1,1114,1395,2509
2019-01-04T16:45:00+09:00,J2,919,788,1707
2019-01-04T16:45:00+09:00,J3,1297,1120,2417
2019-01-04T16:45:00+09:00,J4,832,762,1594
2019-01-04T16:45:00+09:00,J5,619,587,1206
2019-01-04T17:00:00+09:00,J1,1172,1423,2595
2019-01-04T17:00:00+09:00,J2,900,846,1746
2019-01-04T17:00:00+09:00,J3,1320,1110,2430
2019-01-04T17:00:00+09:00,J4,898,899,1797
2019-01-04T17:00:00+09:00,J5,664,628,1292
2019-01-04T17:15:00+09:00,J1,1210,1380,2590
2019-01-04T17:15:00+09:00,J2,955,902,1857
2019-01-04T17:15:00+09:00,J3,1449,1100,2549
2019-01-04T17:15:00+09:00,J4,1105,873,1978
2019-01-04T17:15:00+09:00,J5,627,673,1300
2019-01-04T17:30:00+09:00,J1,1264,1388,2652
2019-01-04T17:30:00+09:00,J2,1035,931,1966
2019-01-04T17:30:00+09:00,J3,1346,1091,2437
2019-01-04T17:30:00+09:00,J4,1157,898,2055
2019-01-04T17:30:00+09:00,J5,677,686,1363
2019-01-04T17:45:00+09:00,J1,1246,1458,2704
2019-01-04T17:45:00+09:00,J2,975,919,1894
2019-01-04T17:45:00+09:00,J3,1379,1090,2469
2019-01-04T17:45:00+09:00,J4,1155,965,2120
2019-01-04T17:45:00+09:00,J5,705,743,1448
2019-01-04T18:00:00+09:00,J1,1221,1495,2716
2019-01-04T18:00:00+09:00,J2,981,848,1829
2019-01-04T18:00:00+09:00,J3,1414,1067,2481
2019-01-04T18:00:00+09:00,J4,1166,848,2014
2019-01-04T18:00:00+09:00,J5,673,690,1363
2019-01-04T18:15:00+09:00,J1,1235,1348,2583
2019-01-04T18:15:00+09:00,J2,995,853,1848
2019-01-04T18:15:00+09:00,J3,1534,1146,2680
2019-01-04T18:15:00+09:00,J4,987,807,1794
2019-01-04T18:15:00+09:00,J5,671,681,1352
2019-01-04T18:30:00+09:00,J1,1217,1363,2580
2019-01-04T18:30:00+09:00,J2,993,937,1930
2019-01-04T18:30:00+09:00,J3,1333,1022,2355
2019-01-04T18:30:00+09:00,J4,853,670,1523
2019-01-04T18:30:00+09:00,J5,594,661,1255
2019-01-04T18:45:00+09:00,J1,1234,1304,2538
2019-01-04T18:45:00+09:00,J2,921,880,1801
2019-01-04T18:45:00+09:00,J3,1235,909,2144
2019-01-04T18:45:00+09:00,J4,791,677,1468
2019-01-04T18:45:00+09:00,J5,652,618,1270
2019-01-04T19:00:00+09:00,J1,1159,1287,2446
2019-01-04T19:00:00+09:00,J2,683,635,1318
2019-01-04T19:00:00+09:00,J3,1209,965,2174
2019-01-04T19:00:00+09:00,J4,711,751,1462
2019-01-04T19:00:00+09:00,J5,570,595,1165
2019-01-04T19:15:00+09:00,J1,1136,1312,2448
2019-01-04T19:15:00+09:00,J2,667,648,1315
2019-01-04T19:15:00+09:00,J3,1154,891,2045
2019-01-04T19:15:00+09:00,J4,820,779,1599
2019-01-04T19:15:00+09:00,J5,636,666,1302
2019-01-04T19:30:00+09:00,J1,1110,1219,2329
2019-01-04T19:30:00+09:00,J2,791,783,1574
2019-01-04T19:30:00+09:00,J3,1128,880,2008
2019-01-04T19:30:00+09:00,J4,753,812,1565
2019-01-04T19:30:00+09:00,J5,515,549,1064
2019-01-04T19:45:00+09:00,J1,1074,1173,2247
2019-01-04T19:45:00+09:00,J2,756,719,1475
2019-01-04T19:45:00+09:00,J3,990,852,1842
2019-01-04T19:45:00+09:00,J4,720,808,1528
2019-01-04T19:45:00+09:00,J5,491,510,1001
2019-01-04T20:00:00+09:00,J1,1123,1189,2312
2019-01-04T20:00:00+09:00,J2,635,647,1282
2019-01-04T20:00:00+09:00,J3,1070,871,1941
2019-01-04T20:00:00+09:00,J4,801,809,1610
2019-01-04T20:00:00+09:00,J5,490,521,1011
2019-01-04T20:15:00+09:00,J1,1076,1241,2317
2019-01-04T20:15:00+09:00,J2,569,641,1210
2019-01-04T20:15:00+09:00,J3,1013,904,1917
2019-01-04T20:15:00+09:00,J4,767,787,1554
2019-01-04T20:15:00+09:00,J5,518,541,1059
2019-01-04T20:30:00+09:00,J1,1077,1268,2345
2019-01-04T20:30:00+09:00,J2,554,582,1136
2019-01-04T20:30:00+09:00,J3,981,882,1863
2019-01-04T20:30:00+09:00,J4,773,797,1570
2019-01-04T20:30:00+09:00,J5,541,535,1076
2019-01-04T20:45:00+09:00,J1,1104,1224,2328
2019-01-04T20:45:00+09:00,J2,490,610,1100
2019-01-04T20:45:00+09:00,J3,958,831,1789
2019-01-04T20:45:00+09:00,J4,790,803,1593
2019-01-04T20:45:00+09:00,J5,476,507,983
2019-01-04T21:00:00+09:00,J1,1062,1225,2287
2019-01-04T21:00:00+09:00,J2,549,597,1146
2019-01-04T21:00:00+09:00,J3,818,729,1547
2019-01-04T21:00:00+09:00,J4,859,824,1683
2019-01-04T21:00:00+09:00,J5,458,480,938
2019-01-04T21:15:00+09:00,J1,1069,1236,2305
2019-01-04T21:15:00+09:00,J2,687,686,1373
2019-01-04T21:15:00+09:00,J3,830,773,1603
2019-01-04T21:15:00+09:00,J4,805,838,1643
2019-01-04T21:15:00+09:00,J5,435,493,928
2019-01-04T21:30:00+09:00,J1,1091,1260,2351
2019-01-04T21:30:00+09:00,J2,722,746,1468
2019-01-04T21:30:00+09:00,J3,1008,850,1858
2019-01-04T21:30:00+09:00,J4,836,773,1609
2019-01-04T21:30:00+09:00,J5,433,397,830
2019-01-04T21:45:00+09:00,J1,1012,1138,2150
2019-01-04T21:45:00+09:00,J2,605,591,1196
2019-01-04T21:45:00+09:00,J3,987,949,1936
2019-01-04T21:45:00+09:00,J4,766,745,1511
2019-01-04T21:45:00+09:00,J5,363,383,746
2019-01-04T22:00:00+09:00,J1,1014,1148,2162
2019-01-04T22:00:00+09:00,J2,608,603,1211
2019-01-04T22:00:00+09:00,J3,1001,944,1945
2019-01-04T22:00:00+09:00,J4,866,887,1753
2019-01-04T22:00:00+09:00,J5,318,382,700
2019-01-04T22:15:00+09:00,J1,1029,1155,2184
2019-01-04T22:15:00+09:00,J2,566,638,1204
2019-01-04T22:15:00+09:00,J3,1033,974,2007
2019-01-04T22:15:00+09:00,J4,819,825,1644
2019-01-04T22:15:00+09:00,J5,296,388,684
2019-01-04T22:30:00+09:00,J1,1015,1172,2187
2019-01-04T22:30:00+09:00,J2,489,540,1029
2019-01-04T22:30:00+09:00,J3,1108,976,2084
2019-01-04T22:30:00+09:00,J4,804,796,1600
2019-01-04T22:30:00+09:00,J5,301,341,642
2019-01-04T22:45:00+09:00,J1,994,1124,2118
2019-01-04T22:45:00+09:00,J2,533,558,1091
2019-01-04T22:45:00+09:00,J3,1054,888,1942
2019-01-04T22:45:00+09:00,J4,793,814,1607
2019-01-04T22:45:00+09:00,J5,321,365,686
2019-01-04T23:00:00+09:00,J1,1005,1172,2177
2019-01-04T23:00:00+09:00,J2,518,620,1138
2019-01-04T23:00:00+09:00,J3,1014,870,1884
2019-01-04T23:00:00+09:00,J4,748,771,1519
2019-01-04T23:00:00+09:00,J5,307,333,640
2019-01-04T23:15:00+09:00,J1,1021,1159,2180
2019-01-04T23:15:00+09:00,J2,519,603,1122
2019-01-04T23:15:00+09:00,J3,959,865,1824
2019-01-04T23:15:00+09:00,J4,781,755,1536
2019-01-04T23:15:00+09:00,J5,332,341,673
2019-01-04T23:30:00+09:00,J1,981,1166,2147
2019-01-04T23:30:00+09:00,J2,462,629,1091
2019-01-04T23:30:00+09:00,J3,1059,957,2016
2019-01-04T23:30:00+09:00,J4,827,799,1626
2019-01-04T23:30:00+09:00,J5,332,336,668
2019-01-04T23:45:00+09:00,J1,969,1161,2130
2019-01-04T23:45:00+09:00,J2,498,540,1038
2019-01-04T23:45:00+09:00,J3,1017,808,1825
2019-01-04T23:45:00+09:00,J4,809,766,1575
2019-01-04T23:45:00+09:00,J5,375,376,751
2019-01-05T00:00:00+09:00,J1,809,997,1806
2019-01-05T00:00:00+09:00,J2,513,505,1018
2019-01-05T00:00:00+09:00,J3,865,749,1614
2019-01-05T00:00:00+09:00,J4,763,746,1509
2019-01-05T00:00:00+09:00,J5,377,323,700
2019-01-05T00:15:00+09:00,J1,741,712,1453
2019-01-05T00:15:00+09:00,J2,473,446,919
2019-01-05T00:15:00+09:00,J3,524,461,985
2019-01-05T00:15:00+09:00,J4,670,677,1347
2019-01-05T00:15:00+09:00,J5,457,400,857
2019-01-05T00:30:00+09:00,J1,551,624,1175
2019-01-05T00:30:00+09:00,J2,425,455,880
2019-01-05T00:30:00+09:00,J3,451,435,886
2019-01-05T00:30:00+09:00,J4,740,730,1470
2019-01-05T00:30:00+09:00,J5,446,422,868
2019-01-05T00:45:00+09:00,J1,603,612,1215
2019-01-05T00:45:00+09:00,J2,454,418,872
2019-01-05T00:45:00+09:00,J3,423,389,812
2019-01-05T00:45:00+09:00,J4,766,685,1451
2019-01-05T00:45:00+09:00,J5,482,497,979
2019-01-05T05:45:00+09:00,J1,972,989,1961
2019-01-05T05:45:00+09:00,J2,732,603,1335
2019-01-05T05:45:00+09:00,J3,1033,916,1949
2019-01-05T05:45:00+09:00,J4,655,787,1442
2019-01-05T05:45:00+09:00,J5,596,534,1130
2019-01-05T06:00:00+09:00,J1,951,998,1949
2019-01-05T06:00:00+09:00,J2,717,607,1324
2019-01-05T06:00:00+09:00,J3,915,868,1783
2019-01-05T06:00:00+09:00,J4,714,763,1477
2019-01-05T06:00:00+09:00,J5,533,532,1065
2019-01-05T06:15:00+09:00,J1,965,1035,2000
2019-01-05T06:15:00+09:00,J2,722,629,1351
2019-01-05T06:15:00+09:00,J3,857,889,1746
2019-01-05T06:15:00+09:00,J4,706,744,1450
2019-01-05T06:15:00+09:00,J5,529,504,1033
2019-01-05T06:30:00+09:00,J1,994,1045,2039
2019-01-05T06:30:00+09:00,J2,652,595,1247
2019-01-05T06:30:00+09:00,J3,998,965,1963
2019-01-05T06:30:00+09:00,J4,604,699,1303
2019-01-05T06:30:00+09:00,J5,539,506,1045
2019-01-05T06:45:00+09:00,J1,1027,1016,2043
2019-01-05T06:45:00+09:00,J2,803,707,1510
2019-01-05T06:45:00+09:00,J3,929,892,1821
2019-01-05T06:45:00+09:00,J4,655,756,1411
2019-01-05T06:45:00+09:00,J5,542,549,1091
2019-01-05T07:00:00+09:00,J1,983,1047,2030
2019-01-05T07:00:00+09:00,J2,665,646,1311
2019-01-05T07:00:00+09:00,J3,1007,873,1880
2019-01-05T07:00:00+09:00,J4,957,988,1945
2019-01-05T07:00:00+09:00,J5,551,575,1126
2019-01-05T07:15:00+09:00,J1,992,1060,2052
2019-01-05T07:15:00+09:00,J2,665,550,1215
2019-01-05T07:15:00+09:00,J3,1083,954,2037
2019-01-05T07:15:00+09:00,J4,758,797,1555
2019-01-05T07:15:00+09:00,J5,628,615,1243
2019-01-05T07:30:00+09:00,J1,1040,1089,2129
2019-01-05T07:30:00+09:00,J2,670,625,1295
2019-01-05T07:30:00+09:00,J3,1090,934,2024
2019-01-05T07:30:00+09:00,J4,755,804,1559
2019-01-05T07:30:00+09:00,J5,584,563,1147
2019-01-05T07:45:00+09:00,J1,874,919,1793
2019-01-05T07:45:00+09:00,J2,565,540,1105
2019-01-05T07:45:00+09:00,J3,873,813,1686
2019-01-05T07:45:00+09:00,J4,659,656,1315
2019-01-05T07:45:00+09:00,J5,495,442,937
2019-01-05T08:00:00+09:00,J1,1437,1374,2811
2019-01-05T08:00:00+09:00,J2,863,892,1755
2019-01-05T08:00:00+09:00,J3,1232,1190,2422
2019-01-05T08:00:00+09:00,J4,884,1073,1957
2019-01-05T08:00:00+09:00,J5,627,584,1211
2019-01-05T08:15:00+09:00,J1,1313,1312,2625
2019-01-05T08:15:00+09:00,J2,747,694,1441
2019-01-05T08:15:00+09:00,J3,1148,1144,2292
2019-01-05T08:15:00+09:00,J4,974,962,1936
2019-01-05T08:15:00+09:00,J5,655,610,1265
2019-01-05T08:30:00+09:00,J1,1194,1399,2593
2019-01-05T08:30:00+09:00,J2,809,720,1529
2019-01-05T08:30:00+09:00,J3,1127,1099,2226
2019-01-05T08:30:00+09:00,J4,896,963,1859
2019-01-05T08:30:00+09:00,J5,564,534,1098
2019-01-05T08:45:00+09:00,J1,1285,1325,2610
2019-01-05T08:45:00+09:00,J2,827,667,1494
2019-01-05T08:45:00+09:00,J3,1173,1164,2337
2019-01-05T08:45:00+09:00,J4,822,870,1692
2019-01-05T08:45:00+09:00,J5,505,440,945
2019-01-05T09:00:00+09:00,J1,1263,1299,2562
2019-01-05T09:00:00+09:00,J2,790,761,1551
2019-01-05T09:00:00+09:00,J3,859,859,1718
2019-01-05T09:00:00+09:00,J4,871,901,1772
2019-01-05T09:00:00+09:00,J5,552,550,1102
2019-01-05T09:15:00+09:00,J1,1304,1334,2638
2019-01-05T09:15:00+09:00,J2,672,738,1410
2019-01-05T09:15:00+09:00,J3,914,907,1821
2019-01-05T09:15:00+09:00,J4,893,846,1739
2019-01-05T09:15:00+09:00,J5,500,511,1011
2019-01-05T09:30:00+09:00,J1,1283,1295,2578
2019-01-05T09:30:00+09:00,J2,688,623,1311
2019-01-05T09:30:00+09:00,J3,1060,1002,2062
2019-01-05T09:30:00+09:00,J4,932,850,1782
2019-01-05T09:30:00+09:00,J5,453,473,926
2019-01-05T09:45:00+09:00,J1,1321,1282,2603
2019-01-05T09:45:00+09:00,J2,779,717,1496
2019-01-05T09:45:00+09:00,J3,1093,1092,2185
2019-01-05T09:45:00+09:00,J4,967,859,1826
2019-01-05T09:45:00+09:00,J5,449,463,912
2019-01-05T10:00:00+09:00,J1,1263,1351,2614
2019-01-05T10:00:00+09:00,J2,746,661,1407
2019-01-05T10:00:00+09:00,J3,998,1085,2083
2019-01-05T10:00:00+09:00,J4,891,833,1724
2019-01-05T10:00:00+09:00,J5,445,469,914
2019-01-05T10:15:00+09:00,J1,1234,1418,2652
2019-01-05T10:15:00+09:00,J2,697,738,1435
2019-01-05T10:15:00+09:00,J3,957,1014,1971
2019-01-05T10:15:00+09:00,J4,877,910,1787
2019-01-05T10:15:00+09:00,J5,414,479,893
2019-01-05T10:30:00+09:00,J1,1229,1322,2551
2019-01-05T10:30:00+09:00,J2,710,696,1406
2019-01-05T10:30:00+09:00,J3,947,1025,1972
2019-01-05T10:30:00+09:00,J4,820,841,1661
2019-01-05T10:30:00+09:00,J5,419,514,933
2019-01-05T10:45:00+09:00,J1,1190,1358,2548
2019-01-05T10:45:00+09:00,J2,846,684,1530
2019-01-05T10:45:00+09:00,J3,1086,1038,2124
2019-01-05T10:45:00+09:00,J4,893,863,1756
2019-01-05T10:45:00+09:00,J5,404,444,848
2019-01-05T11:00:00+09:00,J1,1178,1361,2539
2019-01-05T11:00:00+09:00,J2,763,689,1452
2019-01-05T11:00:00+09:00,J3,1182,988,2170
2019-01-05T11:00:00+09:00,J4,990,908,1898
2019-01-05T11:00:00+09:00,J5,545,555,1100
2019-01-05T11:15:00+09:00,J1,1182,1365,2547
2019-01-05T11:15:00+09:00,J2,711,717,1428
2019-01-05T11:15:00+09:00,J3,1398,1149,2547
2019-01-05T11:15:00+09:00,J4,833,918,1751
2019-01-05T11:15:00+09:00,J5,520,526,1046
2019-01-05T11:30:00+09:00,J1,1247,1328,2575
2019-01-05T11:30:00+09:00,J2,805,800,1605
2019-01-05T11:30:00+09:00,J3,1314,1229,2543
2019-01-05T11:30:00+09:00,J4,954,967,1921
2019-01-05T11:30:00+09:00,J5,572,578,1150
2019-01-05T11:45:00+09:00,J1,1116,1403,2519
2019-01-05T11:45:00+09:00,J2,702,773,1475
2019-01-05T11:45:00+09:00,J3,1282,1265,2547
2019-01-05T11:45:00+09:00,J4,1001,1020,2021
2019-01-05T11:45:00+09:00,J5,579,597,1176
2019-01-05T12:00:00+09:00,J1,1191,1381,2572
2019-01-05T12:00:00+09:00,J2,770,847,1617
2019-01-05T12:00:00+09:00,J3,1222,1162,2384
2019-01-05T12:00:00+09:00,J4,920,970,1890
2019-01-05T12:00:00+09:00,J5,650,649,1299
2019-01-05T12:15:00+09:00,J1,1221,1468,2689
2019-01-05T12:15:00+09:00,J2,836,844,1680
2019-01-05T12:15:00+09:00,J3,1281,1093,2374
2019-01-05T12:15:00+09:00,J4,831,980,1811
2019-01-05T12:15:00+09:00,J5,623,710,1333
2019-01-05T12:30:00+09:00,J1,1162,1391,2553
2019-01-05T12:30:00+09:00,J2,836,817,1653
2019-01-05T12:30:00+09:00,J3,1178,1217,2395
2019-01-05T12:30:00+09:00,J4,932,1041,1973
2019-01-05T12:30:00+09:00,J5,502,540,1042
2019-01-05T12:45:00+09:00,J1,1167,1374,2541
2019-01-05T12:45:00+09:00,J2,746,910,1656
2019-01-05T12:45:00+09:00,J3,1093,1172,2265
2019-01-05T12:45:00+09:00,J4,1016,992,2008
2019-01-05T12:45:00+09:00,J5,447,538,985
2019-01-05T13:00:00+09:00,J1,1151,1463,2614
2019-01-05T13:00:00+09:00,J2,861,952,1813
2019-01-05T13:00:00+09:00,J3,1136,1213,2349
2019-01-05T13:00:00+09:00,J4,1037,1066,2103
2019-01-05T13:00:00+09:00,J5,363,399,762
2019-01-05T13:15:00+09:00,J1,1155,1426,2581
2019-01-05T13:15:00+09:00,J2,810,930,1740
2019-01-05T13:15:00+09:00,J3,1110,1158,2268
2019-01-05T13:15:00+09:00,J4,1037,996,2033
2019-01-05T13:15:00+09:00,J5,572,548,1120
2019-01-05T13:30:00+09:00,J1,1125,1398,2523
2019-01-05T13:30:00+09:00,J2,834,901,1735
2019-01-05T13:30:00+09:00,J3,1122,1163,2285
2019-01-05T13:30:00+09:00,J4,1012,931,1943
2019-01-05T13:30:00+09:00,J5,588,668,1256
2019-01-05T13:45:00+09:00,J1,1097,1478,2575
2019-01-05T13:45:00+09:00,J2,780,885,1665
2019-01-05T13:45:00+09:00,J3,1150,1171,2321
2019-01-05T13:45:00+09:00,J4,967,929,1896
2019-01-05T13:45:00+09:00,J5,537,600,1137
2019-01-05T14:00:00+09:00,J1,1106,1407,2513
2019-01-05T14:00:00+09:00,J2,823,877,1700
2019-01-05T14:00:00+09:00,J3,1120,1119,2239
2019-01-05T14:00:00+09:00,J4,894,993,1887
2019-01-05T14:00:00+09:00,J5,578,596,1174
2019-01-05T14:15:00+09:00,J1,1110,1382,2492
2019-01-05T14:15:00+09:00,J2,792,894,1686
2019-01-05T14:15:00+09:00,J3,1123,1213,2336
2019-01-05T14:15:00+09:00,J4,932,943,1875
2019-01-05T14:15:00+09:00,J5,545,501,1046
2019-01-05T14:30:00+09:00,J1,1125,1405,2530
2019-01-05T14:30:00+09:00,J2,859,916,1775
2019-01-05T14:30:00+09:00,J3,1105,1206,2311
2019-01-05T14:30:00+09:00,J4,893,988,1881
2019-01-05T14:30:00+09:00,J5,578,596,1174
2019-01-05T14:45:00+09:00,J1,1171,1388,2559
2019-01-05T14:45:00+09:00,J2,825,975,1800
2019-01-05T14:45:00+09:00,J3,1167,1151,2318
2019-01-05T14:45:00+09:00,J4,898,967,1865
2019-01-05T14:45:00+09:00,J5,589,672,1261
2019-01-05T15:00:00+09:00,J1,1106,1420,2526
2019-01-05T15:00:00+09:00,J2,851,926,1777
2019-01-05T15:00:00+09:00,J3,1185,1189,2374
2019-01-05T15:00:00+09:00,J4,900,923,1823
2019-01-05T15:00:00+09:00,J5,514,622,1136
2019-01-05T15:15:00+09:00,J1,1189,1390,2579
2019-01-05T15:15:00+09:00,J2,748,869,1617
2019-01-05T15:15:00+09:00,J3,1227,1008,2235
2019-01-05T15:15:00+09:00,J4,881,1014,1895
2019-01-05T15:15:00+09:00,J5,519,561,1080
2019-01-05T15:30:00+09:00,J1,1161,1431,2592
2019-01-05T15:30:00+09:00,J2,744,878,1622
2019-01-05T15:30:00+09:00,J3,1141,1077,2218
2019-01-05T15:30:00+09:00,J4,994,941,1935
2019-01-05T15:30:00+09:00,J5,492,546,1038
2019-01-05T15:45:00+09:00,J1,1204,1408,2612
2019-01-05T15:45:00+09:00,J2,810,943,1753
2019-01-05T15:45:00+09:00,J3,1143,1172,2315
2019-01-05T15:45:00+09:00,J4,926,946,1872
2019-01-05T15:45:00+09:00,J5,510,512,1022
2019-01-05T16:00:00+09:00,J1,1085,1354,2439
2019-01-05T16:00:00+09:00,J2,779,909,1688
2019-01-05T16:00:00+09:00,J3,1383,1147,2530
2019-01-05T16:00:00+09:00,J4,870,969,1839
2019-01-05T16:00:00+09:00,J5,475,510,985
2019-01-05T16:15:00+09:00,J1,1163,1342,2505
2019-01-05T16:15:00+09:00,J2,796,853,1649
2019-01-05T16:15:00+09:00,J3,1367,1050,2417
2019-01-05T16:15:00+09:00,J4,852,927,1779
2019-01-05T16:15:00+09:00,J5,432,432,864
2019-01-05T16:30:00+09:00,J1,1195,1381,2576
2019-01-05T16:30:00+09:00,J2,876,958,1834
2019-01-05T16:30:00+09:00,J3,1261,1092,2353
2019-01-05T16:30:00+09:00,J4,835,966,1801
2019-01-05T16:30:00+09:00,J5,411,461,872
2019-01-05T16:45:00+09:00,J1,1177,1383,2560
2019-01-05T16:45:00+09:00,J2,966,877,1843
2019-01-05T16:45:00+09:00,J3,1325,1065,2390
2019-01-05T16:45:00+09:00,J4,933,957,1890
2019-01-05T16:45:00+09:00,J5,423,426,849
2019-01-05T17:00:00+09:00,J1,1160,1371,2531
2019-01-05T17:00:00+09:00,J2,892,835,1727
2019-01-05T17:00:00+09:00,J3,1362,1208,2570
2019-01-05T17:00:00+09:00,J4,843,954,1797
2019-01-05T17:00:00+09:00,J5,536,511,1047
2019-01-05T17:15:00+09:00,J1,1115,1296,2411
2019-01-05T17:15:00+09:00,J2,1000,844,1844
2019-01-05T17:15:00+09:00,J3,1437,1214,2651
2019-01-05T17:15:00+09:00,J4,945,1011,1956
2019-01-05T17:15:00+09:00,J5,717,731,1448
2019-01-05T17:30:00+09:00,J1,1031,1289,2320
2019-01-05T17:30:00+09:00,J2,933,797,1730
2019-01-05T17:30:00+09:00,J3,1446,1270,2716
2019-01-05T17:30:00+09:00,J4,978,1021,1999
2019-01-05T17:30:00+09:00,J5,594,605,1199
2019-01-05T17:45:00+09:00,J1,1096,1307,2403
2019-01-05T17:45:00+09:00,J2,939,864,1803
2019-01-05T17:45:00+09:00,J3,1460,1257,2717
2019-01-05T17:45:00+09:00,J4,879,951,1830
2019-01-05T17:45:00+09:00,J5,599,657,1256
2019-01-05T18:00:00+09:00,J1,1058,1330,2388
2019-01-05T18:00:00+09:00,J2,810,832,1642
2019-01-05T18:00:00+09:00,J3,1436,1159,2595
2019-01-05T18:00:00+09:00,J4,800,863,1663
2019-01-05T18:00:00+09:00,J5,616,667,1283
2019-01-05T18:15:00+09:00,J1,1151,1331,2482
2019-01-05T18:15:00+09:00,J2,746,850,1596
2019-01-05T18:15:00+09:00,J3,1362,1156,2518
2019-01-05T18:15:00+09:00,J4,798,848,1646
2019-01-05T18:15:00+09:00,J5,658,696,1354
2019-01-05T18:30:00+09:00,J1,1228,1368,2596
2019-01-05T18:30:00+09:00,J2,864,787,1651
2019-01-05T18:30:00+09:00,J3,1240,1107,2347
2019-01-05T18:30:00+09:00,J4,887,951,1838
2019-01-05T18:30:00+09:00,J5,476,570,1046
2019-01-05T18:45:00+09:00,J1,1165,1308,2473
2019-01-05T18:45:00+09:00,J2,915,814,1729
2019-01-05T18:45:00+09:00,J3,1290,1166,2456
2019-01-05T18:45:00+09:00,J4,889,873,1762
2019-01-05T18:45:00+09:00,J5,415,471,886
2019-01-05T19:00:00+09:00,J1,1112,1304,2416
2019-01-05T19:00:00+09:00,J2,855,804,1659
2019-01-05T19:00:00+09:00,J3,1289,1187,2476
2019-01-05T19:00:00+09:00,J4,910,884,1794
2019-01-05T19:00:00+09:00,J5,406,433,839
2019-01-05T19:15:00+09:00,J1,1150,1345,2495
2019-01-05T19:15:00+09:00,J2,711,667,1378
2019-01-05T19:15:00+09:00,J3,1246,1140,2386
2019-01-05T19:15:00+09:00,J4,931,904,1835
2019-01-05T19:15:00+09:00,J5,420,422,842
2019-01-05T19:30:00+09:00,J1,1177,1337,2514
2019-01-05T19:30:00+09:00,J2,681,659,1340
2019-01-05T19:30:00+09:00,J3,1126,1103,2229
2019-01-05T19:30:00+09:00,J4,931,797,1728
2019-01-05T19:30:00+09:00,J5,359,422,781
2019-01-05T19:45:00+09:00,J1,1191,1311,2502
2019-01-05T19:45:00+09:00,J2,671,592,1263
2019-01-05T19:45:00+09:00,J3,1002,975,1977
2019-01-05T19:45:00+09:00,J4,935,901,1836
2019-01-05T19:45:00+09:00,J5,397,399,796
2019-01-05T20:00:00+09:00,J1,1262,1361,2623
2019-01-05T20:00:00+09:00,J2,629,678,1307
2019-01-05T20:00:00+09:00,J3,871,934,1805
2019-01-05T20:00:00+09:00,J4,1002,826,1828
2019-01-05T20:00:00+09:00,J5,405,356,761
2019-01-05T20:15:00+09:00,J1,1147,1290,2437
2019-01-05T20:15:00+09:00,J2,755,807,1562
2019-01-05T20:15:00+09:00,J3,974,989,1963
2019-01-05T20:15:00+09:00,J4,897,838,1735
2019-01-05T20:15:00+09:00,J5,378,438,816
2019-01-05T20:30:00+09:00,J1,1143,1322,2465
2019-01-05T20:30:00+09:00,J2,698,706,1404
2019-01-05T20:30:00+09:00,J3,997,979,1976
2019-01-05T20:30:00+09:00,J4,895,797,1692
2019-01-05T20:30:00+09:00,J5,407,422,829
2019-01-05T20:45:00+09:00,J1,1195,1335,2530
2019-01-05T20:45:00+09:00,J2,620,611,1231
2019-01-05T20:45:00+09:00,J3,993,934,1927
2019-01-05T20:45:00+09:00,J4,760,803,1563
2019-01-05T20:45:00+09:00,J5,332,404,736
2019-01-05T21:00:00+09:00,J1,1159,1270,2429
2019-01-05T21:00:00+09:00,J2,713,743,1456
2019-01-05T21:00:00+09:00,J3,1119,915,2034
2019-01-05T21:00:00+09:00,J4,899,889,1788
2019-01-05T21:00:00+09:00,J5,337,408,745
2019-01-05T21:15:00+09:00,J1,1190,1275,2465
2019-01-05T21:15:00+09:00,J2,694,741,1435
2019-01-05T21:15:00+09:00,J3,1078,908,1986
2019-01-05T21:15:00+09:00,J4,953,838,1791
2019-01-05T21:15:00+09:00,J5,316,427,743
2019-01-05T21:30:00+09:00,J1,1119,1276,2395
2019-01-05T21:30:00+09:00,J2,703,662,1365
2019-01-05T21:30:00+09:00,J3,1054,861,1915
2019-01-05T21:30:00+09:00,J4,936,795,1731
2019-01-05T21:30:00+09:00,J5,334,423,757
2019-01-05T21:45:00+09:00,J1,1085,1177,2262
2019-01-05T21:45:00+09:00,J2,652,630,1282
2019-01-05T21:45:00+09:00,J3,995,888,1883
2019-01-05T21:45:00+09:00,J4,905,801,1706
2019-01-05T21:45:00+09:00,J5,345,384,729
2019-01-05T22:00:00+09:00,J1,1033,1225,2258
2019-01-05T22:00:00+09:00,J2,538,656,1194
2019-01-05T22:00:00+09:00,J3,876,847,1723
2019-01-05T22:00:00+09:00,J4,905,764,1669
2019-01-05T22:00:00+09:00,J5,358,365,723
2019-01-05T22:15:00+09:00,J1,1084,1242,2326
2019-01-05T22:15:00+09:00,J2,644,777,1421
2019-01-05T22:15:00+09:00,J3,816,735,1551
2019-01-05T22:15:00+09:00,J4,831,755,1586
2019-01-05T22:15:00+09:00,J5,404,339,743
2019-01-05T22:30:00+09:00,J1,1130,1254,2384
2019-01-05T22:30:00+09:00,J2,682,714,1396
2019-01-05T22:30:00+09:00,J3,805,700,1505
2019-01-05T22:30:00+09:00,J4,869,829,1698
2019-01-05T22:30:00+09:00,J5,402,366,768
2019-01-05T22:45:00+09:00,J1,1054,1255,2309
2019-01-05T22:45:00+09:00,J2,668,703,1371
2019-01-05T22:45:00+09:00,J3,773,730,1503
2019-01-05T22:45:00+09:00,J4,890,838,1728
2019-01-05T22:45:00+09:00,J5,384,367,751
2019-01-05T23:00:00+09:00,J1,1056,1182,2238
2019-01-05T23:00:00+09:00,J2,669,712,1381
2019-01-05T23:00:00+09:00,J3,900,825,1725
2019-01-05T23:00:00+09:00,J4,938,862,1800
2019-01-05T23:00:00+09:00,J5,410,353,763
2019-01-05T23:15:00+09:00,J1,1067,1160,2227
2019-01-05T23:15:00+09:00,J2,681,759,1440
2019-01-05T23:15:00+09:00,J3,790,785,1575
2019-01-05T23:15:00+09:00,J4,848,819,1667
2019-01-05T23:15:00+09:00,J5,420,383,803
2019-01-05T23:30:00+09:00,J1,984,1135,2119
2019-01-05T23:30:00+09:00,J2,697,737,1434
2019-01-05T23:30:00+09:00,J3,770,757,1527
2019-01-05T23:30:00+09:00,J4,832,815,1647
2019-01-05T23:30:00+09:00,J5,432,358,790
2019-01-05T23:45:00+09:00,J1,1017,1144,2161
2019-01-05T23:45:00+09:00,J2,670,648,1318
2019-01-05T23:45:00+09:00,J3,894,778,1672
2019-01-05T23:45:00+09:00,J4,875,720,1595
2019-01-05T23:45:00+09:00,J5,439,406,845
2019-01-06T00:00:00+09:00,J1,1035,1014,2049
2019-01-06T00:00:00+09:00,J2,728,665,1393
2019-01-06T00:00:00+09:00,J3,684,681,1365
2019-01-06T00:00:00+09:00,J4,824,728,1552
2019-01-06T00:00:00+09:00,J5,510,460,970
2019-01-06T00:15:00+09:00,J1,792,723,1515
2019-01-06T00:15:00+09:00,J2,738,654,1392
2019-01-06T00:15:00+09:00,J3,837,795,1632
2019-01-06T00:15:00+09:00,J4,754,651,1405
2019-01-06T00:15:00+09:00,J5,543,532,1075
2019-01-06T00:30:00+09:00,J1,553,526,1079
2019-01-06T00:30:00+09:00,J2,699,629,1328
2019-01-06T00:30:00+09:00,J3,977,906,1883
2019-01-06T00:30:00+09:00,J4,824,767,1591
2019-01-06T00:30:00+09:00,J5,577,570,1147
2019-01-06T00:45:00+09:00,J1,636,623,1259
2019-01-06T00:45:00+09:00,J2,676,612,1288
2019-01-06T00:45:00+09:00,J3,994,835,1829
2019-01-06T00:45:00+09:00,J4,865,768,1633
2019-01-06T00:45:00+09:00,J5,549,544,1093
2019-01-06T05:45:00+09:00,J1,883,912,1795
2019-01-06T05:45:00+09:00,J2,735,749,1484
2019-01-06T05:45:00+09:00,J3,1013,728,1741
2019-01-06T05:45:00+09:00,J4,602,710,1312
2019-01-06T05:45:00+09:00,J5,516,532,1048
2019-01-06T06:00:00+09:00,J1,823,927,1750
2019-01-06T06:00:00+09:00,J2,710,716,1426
2019-01-06T06:00:00+09:00,J3,1056,889,1945
2019-01-06T06:00:00+09:00,J4,625,785,1410
2019-01-06T06:00:00+09:00,J5,576,559,1135
2019-01-06T06:15:00+09:00,J1,878,885,1763
2019-01-06T06:15:00+09:00,J2,669,624,1293
2019-01-06T06:15:00+09:00,J3,1013,981,1994
2019-01-06T06:15:00+09:00,J4,716,769,1485
2019-01-06T06:15:00+09:00,J5,585,566,1151
2019-01-06T06:30:00+09:00,J1,855,886,1741
2019-01-06T06:30:00+09:00,J2,575,586,1161
2019-01-06T06:30:00+09:00,J3,1027,860,1887
2019-01-06T06:30:00+09:00,J4,662,735,1397
2019-01-06T06:30:00+09:00,J5,630,527,1157
2019-01-06T06:45:00+09:00,J1,867,897,1764
2019-01-06T06:45:00+09:00,J2,717,616,1333
2019-01-06T06:45:00+09:00,J3,922,829,1751
2019-01-06T06:45:00+09:00,J4,660,771,1431
2019-01-06T06:45:00+09:00,J5,576,467,1043
2019-01-06T07:00:00+09:00,J1,944,934,1878
2019-01-06T07:00:00+09:00,J2,724,668,1392
2019-01-06T07:00:00+09:00,J3,987,837,1824
2019-01-06T07:00:00+09:00,J4,801,858,1659
2019-01-06T07:00:00+09:00,J5,601,565,1166
2019-01-06T07:15:00+09:00,J1,978,949,1927
2019-01-06T07:15:00+09:00,J2,678,625,1303
2019-01-06T07:15:00+09:00,J3,1043,882,1925
2019-01-06T07:15:00+09:00,J4,778,902,1680
2019-01-06T07:15:00+09:00,J5,614,590,1204
2019-01-06T07:30:00+09:00,J1,998,1035,2033
2019-01-06T07:30:00+09:00,J2,675,613,1288
2019-01-06T07:30:00+09:00,J3,1015,892,1907
2019-01-06T07:30:00+09:00,J4,794,802,1596
2019-01-06T07:30:00+09:00,J5,628,529,1157
2019-01-06T07:45:00+09:00,J1,919,1017,1936
2019-01-06T07:45:00+09:00,J2,670,636,1306
2019-01-06T07:45:00+09:00,J3,1099,883,1982
2019-01-06T07:45:00+09:00,J4,785,842,1627
2019-01-06T07:45:00+09:00,J5,640,555,1195
2019-01-06T08:00:00+09:00,J1,1224,1348,2572
2019-01-06T08:00:00+09:00,J2,747,697,1444
2019-01-06T08:00:00+09:00,J3,1136,1060,2196
2019-01-06T08:00:00+09:00,J4,929,917,1846
2019-01-06T08:00:00+09:00,J5,488,554,1042
2019-01-06T08:15:00+09:00,J1,1298,1347,2645
2019-01-06T08:15:00+09:00,J2,817,798,1615
2019-01-06T08:15:00+09:00,J3,1136,1090,2226
2019-01-06T08:15:00+09:00,J4,925,1069,1994
2019-01-06T08:15:00+09:00,J5,664,594,1258
2019-01-06T08:30:00+09:00,J1,1328,1379,2707
2019-01-06T08:30:00+09:00,J2,771,727,1498
2019-01-06T08:30:00+09:00,J3,1216,1070,2286
2019-01-06T08:30:00+09:00,J4,973,997,1970
2019-01-06T08:30:00+09:00,J5,580,558,1138
2019-01-06T08:45:00+09:00,J1,1278,1369,2647
2019-01-06T08:45:00+09:00,J2,805,677,1482
2019-01-06T08:45:00+09:00,J3,1186,1106,2292
2019-01-06T08:45:00+09:00,J4,991,893,1884
2019-01-06T08:45:00+09:00,J5,554,515,1069
2019-01-06T09:00:00+09:00,J1,1161,1200,2361
2019-01-06T09:00:00+09:00,J2,746,681,1427
2019-01-06T09:00:00+09:00,J3,873,832,1705
2019-01-06T09:00:00+09:00,J4,754,879,1633
2019-01-06T09:00:00+09:00,J5,540,508,1048
2019-01-06T09:15:00+09:00,J1,1186,1196,2382
2019-01-06T09:15:00+09:00,J2,742,738,1480
2019-01-06T09:15:00+09:00,J3,979,950,1929
2019-01-06T09:15:00+09:00,J4,807,850,1657
2019-01-06T09:15:00+09:00,J5,486,508,994
2019-01-06T09:30:00+09:00,J1,1223,1252,2475
2019-01-06T09:30:00+09:00,J2,742,683,1425
2019-01-06T09:30:00+09:00,J3,1004,999,2003
2019-01-06T09:30:00+09:00,J4,874,851,1725
2019-01-06T09:30:00+09:00,J5,447,447,894
2019-01-06T09:45:00+09:00,J1,1199,1356,2555
2019-01-06T09:45:00+09:00,J2,754,649,1403
2019-01-06T09:45:00+09:00,J3,1006,943,1949
2019-01-06T09:45:00+09:00,J4,920,840,1760
2019-01-06T09:45:00+09:00,J5,422,479,901
2019-01-06T10:00:00+09:00,J1,1189,1261,2450
2019-01-06T10:00:00+09:00,J2,701,755,1456
2019-01-06T10:00:00+09:00,J3,943,921,1864
2019-01-06T10:00:00+09:00,J4,868,869,1737
2019-01-06T10:00:00+09:00,J5,363,420,783
2019-01-06T10:15:00+09:00,J1,1294,1295,2589
2019-01-06T10:15:00+09:00,J2,700,721,1421
2019-01-06T10:15:00+09:00,J3,934,897,1831
2019-01-06T10:15:00+09:00,J4,833,814,1647
2019-01-06T10:15:00+09:00,J5,348,420,768
2019-01-06T10:30:00+09:00,J1,1207,1342,2549
2019-01-06T10:30:00+09:00,J2,649,591,1240
2019-01-06T10:30:00+09:00,J3,964,958,1922
2019-01-06T10:30:00+09:00,J4,847,866,1713
2019-01-06T10:30:00+09:00,J5,385,450,835
2019-01-06T10:45:00+09:00,J1,1212,1298,2510
2019-01-06T10:45:00+09:00,J2,733,606,1339
2019-01-06T10:45:00+09:00,J3,837,912,1749
2019-01-06T10:45:00+09:00,J4,921,886,1807
2019-01-06T10:45:00+09:00,J5,376,470,846
2019-01-06T11:00:00+09:00,J1,1255,1375,2630
2019-01-06T11:00:00+09:00,J2,679,691,1370
2019-01-06T11:00:00+09:00,J3,866,942,1808
2019-01-06T11:00:00+09:00,J4,888,923,1811
2019-01-06T11:00:00+09:00,J5,522,570,1092
2019-01-06T11:15:00+09:00,J1,1244,1362,2606
2019-01-06T11:15:00+09:00,J2,622,764,1386
2019-01-06T11:15:00+09:00,J3,975,1002,1977
2019-01-06T11:15:00+09:00,J4,848,883,1731
2019-01-06T11:15:00+09:00,J5,516,515,1031
2019-01-06T11:30:00+09:00,J1,1346,1381,2727
2019-01-06T11:30:00+09:00,J2,735,782,1517
2019-01-06T11:30:00+09:00,J3,964,866,1830
2019-01-06T11:30:00+09:00,J4,903,936,1839
2019-01-06T11:30:00+09:00,J5,555,542,1097
2019-01-06T11:45:00+09:00,J1,1219,1365,2584
2019-01-06T11:45:00+09:00,J2,726,807,1533
2019-01-06T11:45:00+09:00,J3,1067,1016,2083
2019-01-06T11:45:00+09:00,J4,868,911,1779
2019-01-06T11:45:00+09:00,J5,487,482,969
2019-01-06T12:00:00+09:00,J1,1206,1423,2629
2019-01-06T12:00:00+09:00,J2,631,765,1396
2019-01-06T12:00:00+09:00,J3,1320,1102,2422
2019-01-06T12:00:00+09:00,J4,863,900,1763
2019-01-06T12:00:00+09:00,J5,546,549,1095
2019-01-06T12:15:00+09:00,J1,1192,1316,2508
2019-01-06T12:15:00+09:00,J2,667,782,1449
2019-01-06T12:15:00+09:00,J3,1113,988,2101
2019-01-06T12:15:00+09:00,J4,748,832,1580
2019-01-06T12:15:00+09:00,J5,605,592,1197
2019-01-06T12:30:00+09:00,J1,1094,1420,2514
2019-01-06T12:30:00+09:00,J2,713,799,1512
2019-01-06T12:30:00+09:00,J3,1051,960,2011
2019-01-06T12:30:00+09:00,J4,765,820,1585
2019-01-06T12:30:00+09:00,J5,524,565,1089
2019-01-06T12:45:00+09:00,J1,1180,1429,2609
2019-01-06T12:45:00+09:00,J2,681,800,1481
2019-01-06T12:45:00+09:00,J3,1026,1086,2112
2019-01-06T12:45:00+09:00,J4,783,895,1678
2019-01-06T12:45:00+09:00,J5,472,458,930
2019-01-06T13:00:00+09:00,J1,1176,1350,2526
2019-01-06T13:00:00+09:00,J2,777,720,1497
2019-01-06T13:00:00+09:00,J3,1096,1112,2208
2019-01-06T13:00:00+09:00,J4,734,825,1559
2019-01-06T13:00:00+09:00,J5,489,447,936
2019-01-06T13:15:00+09:00,J1,1090,1404,2494
2019-01-06T13:15:00+09:00,J2,788,837,1625
2019-01-06T13:15:00+09:00,J3,963,1159,2122
2019-01-06T13:15:00+09:00,J4,754,874,1628
2019-01-06T13:15:00+09:00,J5,508,580,1088
2019-01-06T13:30:00+09:00,J1,1169,1365,2534
2019-01-06T13:30:00+09:00,J2,778,779,1557
2019-01-06T13:30:00+09:00,J3,1085,1076,2161
2019-01-06T13:30:00+09:00,J4,773,904,1677
2019-01-06T13:30:00+09:00,J5,619,552,1171
2019-01-06T13:45:00+09:00,J1,1157,1343,2500
2019-01-06T13:45:00+09:00,J2,736,723,1459
2019-01-06T13:45:00+09:00,J3,1051,1100,2151
2019-01-06T13:45:00+09:00,J4,773,916,1689
2019-01-06T13:45:00+09:00,J5,549,549,1098
2019-01-06T14:00:00+09:00,J1,1139,1395,2534
2019-01-06T14:00:00+09:00,J2,665,800,1465
2019-01-06T14:00:00+09:00,J3,1019,1176,2195
2019-01-06T14:00:00+09:00,J4,785,960,1745
2019-01-06T14:00:00+09:00,J5,617,566,1183
2019-01-06T14:15:00+09:00,J1,1086,1402,2488
2019-01-06T14:15:00+09:00,J2,698,762,1460
2019-01-06T14:15:00+09:00,J3,1006,1124,2130
2019-01-06T14:15:00+09:00,J4,735,949,1684
2019-01-06T14:15:00+09:00,J5,596,561,1157
2019-01-06T14:30:00+09:00,J1,1189,1348,2537
2019-01-06T14:30:00+09:00,J2,750,774,1524
2019-01-06T14:30:00+09:00,J3,1071,1051,2122
2019-01-06T14:30:00+09:00,J4,769,890,1659
2019-01-06T14:30:00+09:00,J5,607,564,1171
2019-01-06T14:45:00+09:00,J1,1103,1423,2526
2019-01-06T14:45:00+09:00,J2,780,851,1631
2019-01-06T14:45:00+09:00,J3,1080,1040,2120
2019-01-06T14:45:00+09:00,J4,806,916,1722
2019-01-06T14:45:00+09:00,J5,512,551,1063
2019-01-06T15:00:00+09:00,J1,1117,1407,2524
2019-01-06T15:00:00+09:00,J2,766,805,1571
2019-01-06T15:00:00+09:00,J3,1099,1008,2107
2019-01-06T15:00:00+09:00,J4,789,923,1712
2019-01-06T15:00:00+09:00,J5,525,549,1074
2019-01-06T15:15:00+09:00,J1,1110,1424,2534
2019-01-06T15:15:00+09:00,J2,679,851,1530
2019-01-06T15:15:00+09:00,J3,1064,1048,2112
2019-01-06T15:15:00+09:00,J4,759,957,1716
2019-01-06T15:15:00+09:00,J5,495,608,1103
2019-01-06T15:30:00+09:00,J1,1164,1422,2586
2019-01-06T15:30:00+09:00,J2,760,799,1559
2019-01-06T15:30:00+09:00,J3,1054,1136,2190
2019-01-06T15:30:00+09:00,J4,809,942,1751
2019-01-06T15:30:00+09:00,J5,501,496,997
2019-01-06T15:45:00+09:00,J1,1173,1387,2560
2019-01-06T15:45:00+09:00,J2,731,833,1564
2019-01-06T15:45:00+09:00,J3,1104,1060,2164
2019-01-06T15:45:00+09:00,J4,764,927,1691
2019-01-06T15:45:00+09:00,J5,518,564,1082
2019-01-06T16:00:00+09:00,J1,1098,1396,2494
2019-01-06T16:00:00+09:00,J2,752,778,1530
2019-01-06T16:00:00+09:00,J3,1149,1054,2203
2019-01-06T16:00:00+09:00,J4,767,856,1623
2019-01-06T16:00:00+09:00,J5,551,568,1119
2019-01-06T16:15:00+09:00,J1,1085,1300,2385
2019-01-06T16:15:00+09:00,J2,844,795,1639
2019-01-06T16:15:00+09:00,J3,1295,987,2282
2019-01-06T16:15:00+09:00,J4,697,848,1545
2019-01-06T16:15:00+09:00,J5,508,518,1026
2019-01-06T16:30:00+09:00,J1,1245,1403,2648
2019-01-06T16:30:00+09:00,J2,776,825,1601
2019-01-06T16:30:00+09:00,J3,1308,1073,2381
2019-01-06T16:30:00+09:00,J4,737,842,1579
2019-01-06T16:30:00+09:00,J5,500,500,1000
2019-01-06T16:45:00+09:00,J1,1187,1440,2627
2019-01-06T16:45:00+09:00,J2,772,851,1623
2019-01-06T16:45:00+09:00,J3,1306,1101,2407
2019-01-06T16:45:00+09:00,J4,679,738,1417
2019-01-06T16:45:00+09:00,J5,496,403,899
2019-01-06T17:00:00+09:00,J1,1228,1418,2646
2019-01-06T17:00:00+09:00,J2,743,782,1525
2019-01-06T17:00:00+09:00,J3,1323,1153,2476
2019-01-06T17:00:00+09:00,J4,741,778,1519
2019-01-06T17:00:00+09:00,J5,593,480,1073
2019-01-06T17:15:00+09:00,J1,1152,1395,2547
2019-01-06T17:15:00+09:00,J2,831,780,1611
2019-01-06T17:15:00+09:00,J3,1488,1268,2756
2019-01-06T17:15:00+09:00,J4,791,895,1686
2019-01-06T17:15:00+09:00,J5,571,484,1055
2019-01-06T17:30:00+09:00,J1,1151,1342,2493
2019-01-06T17:30:00+09:00,J2,762,787,1549
2019-01-06T17:30:00+09:00,J3,1402,1207,2609
2019-01-06T17:30:00+09:00,J4,746,979,1725
2019-01-06T17:30:00+09:00,J5,538,496,1034
2019-01-06T17:45:00+09:00,J1,1118,1356,2474
2019-01-06T17:45:00+09:00,J2,767,759,1526
2019-01-06T17:45:00+09:00,J3,1350,1163,2513
2019-01-06T17:45:00+09:00,J4,794,882,1676
2019-01-06T17:45:00+09:00,J5,498,447,945
2019-01-06T18:00:00+09:00,J1,1129,1439,2568
2019-01-06T18:00:00+09:00,J2,660,720,1380
2019-01-06T18:00:00+09:00,J3,1404,1154,2558
2019-01-06T18:00:00+09:00,J4,795,848,1643
2019-01-06T18:00:00+09:00,J5,641,539,1180
2019-01-06T18:15:00+09:00,J1,1227,1393,2620
2019-01-06T18:15:00+09:00,J2,715,782,1497
2019-01-06T18:15:00+09:00,J3,1305,1009,2314
2019-01-06T18:15:00+09:00,J4,812,846,1658
2019-01-06T18:15:00+09:00,J5,592,636,1228
2019-01-06T18:30:00+09:00,J1,1269,1374,2643
2019-01-06T18:30:00+09:00,J2,725,755,1480
2019-01-06T18:30:00+09:00,J3,1225,1144,2369
2019-01-06T18:30:00+09:00,J4,903,893,1796
2019-01-06T18:30:00+09:00,J5,586,619,1205
2019-01-06T18:45:00+09:00,J1,1215,1390,2605
2019-01-06T18:45:00+09:00,J2,626,785,1411
2019-01-06T18:45:00+09:00,J3,1132,1031,2163
2019-01-06T18:45:00+09:00,J4,977,775,1752
2019-01-06T18:45:00+09:00,J5,482,465,947
2019-01-06T19:00:00+09:00,J1,1169,1390,2559
2019-01-06T19:00:00+09:00,J2,548,575,1123
2019-01-06T19:00:00+09:00,J3,1175,1153,2328
2019-01-06T19:00:00+09:00,J4,936,914,1850
2019-01-06T19:00:00+09:00,J5,459,476,935
2019-01-06T19:15:00+09:00,J1,1225,1324,2549
2019-01-06T19:15:00+09:00,J2,578,526,1104
2019-01-06T19:15:00+09:00,J3,1150,1073,2223
2019-01-06T19:15:00+09:00,J4,978,920,1898
2019-01-06T19:15:00+09:00,J5,424,472,896
2019-01-06T19:30:00+09:00,J1,1219,1363,2582
2019-01-06T19:30:00+09:00,J2,591,595,1186
2019-01-06T19:30:00+09:00,J3,1079,1058,2137
2019-01-06T19:30:00+09:00,J4,945,827,1772
2019-01-06T19:30:00+09:00,J5,422,449,871
2019-01-06T19:45:00+09:00,J1,1209,1305,2514
2019-01-06T19:45:00+09:00,J2,485,466,951
2019-01-06T19:45:00+09:00,J3,949,892,1841
2019-01-06T19:45:00+09:00,J4,925,853,1778
2019-01-06T19:45:00+09:00,J5,390,456,846
2019-01-06T20:00:00+09:00,J1,1192,1299,2491
2019-01-06T20:00:00+09:00,J2,458,470,928
2019-01-06T20:00:00+09:00,J3,824,870,1694
2019-01-06T20:00:00+09:00,J4,878,881,1759
2019-01-06T20:00:00+09:00,J5,384,457,841
2019-01-06T20:15:00+09:00,J1,1173,1273,2446
2019-01-06T20:15:00+09:00,J2,533,544,1077
2019-01-06T20:15:00+09:00,J3,928,891,1819
2019-01-06T20:15:00+09:00,J4,757,839,1596
2019-01-06T20:15:00+09:00,J5,388,442,830
2019-01-06T20:30:00+09:00,J1,1130,1322,2452
2019-01-06T20:30:00+09:00,J2,463,463,926
2019-01-06T20:30:00+09:00,J3,922,1001,1923
2019-01-06T20:30:00+09:00,J4,794,869,1663
2019-01-06T20:30:00+09:00,J5,349,432,781
2019-01-06T20:45:00+09:00,J1,1141,1293,2434
2019-01-06T20:45:00+09:00,J2,527,489,1016
2019-01-06T20:45:00+09:00,J3,880,867,1747
2019-01-06T20:45:00+09:00,J4,812,843,1655
2019-01-06T20:45:00+09:00,J5,375,405,780
2019-01-06T21:00:00+09:00,J1,1077,1279,2356
2019-01-06T21:00:00+09:00,J2,601,633,1234
2019-01-06T21:00:00+09:00,J3,1010,777,1787
2019-01-06T21:00:00+09:00,J4,872,809,1681
2019-01-06T21:00:00+09:00,J5,381,418,799
2019-01-06T21:15:00+09:00,J1,1180,1264,2444
2019-01-06T21:15:00+09:00,J2,633,611,1244
2019-01-06T21:15:00+09:00,J3,1058,826,1884
2019-01-06T21:15:00+09:00,J4,922,869,1791
2019-01-06T21:15:00+09:00,J5,347,406,753
2019-01-06T21:30:00+09:00,J1,1144,1278,2422
2019-01-06T21:30:00+09:00,J2,574,623,1197
2019-01-06T21:30:00+09:00,J3,833,807,1640
2019-01-06T21:30:00+09:00,J4,838,805,1643
2019-01-06T21:30:00+09:00,J5,352,417,769
2019-01-06T21:45:00+09:00,J1,1132,1309,2441
2019-01-06T21:45:00+09:00,J2,568,578,1146
2019-01-06T21:45:00+09:00,J3,814,755,1569
2019-01-06T21:45:00+09:00,J4,850,822,1672
2019-01-06T21:45:00+09:00,J5,424,406,830
2019-01-06T22:00:00+09:00,J1,1061,1241,2302
2019-01-06T22:00:00+09:00,J2,653,615,1268
2019-01-06T22:00:00+09:00,J3,864,784,1648
2019-01-06T22:00:00+09:00,J4,871,839,1710
2019-01-06T22:00:00+09:00,J5,394,379,773
2019-01-06T22:15:00+09:00,J1,1064,1202,2266
2019-01-06T22:15:00+09:00,J2,722,692,1414
2019-01-06T22:15:00+09:00,J3,780,784,1564
2019-01-06T22:15:00+09:00,J4,859,848,1707
2019-01-06T22:15:00+09:00,J5,424,389,813
2019-01-06T22:30:00+09:00,J1,1150,1254,2404
2019-01-06T22:30:00+09:00,J2,738,680,1418
2019-01-06T22:30:00+09:00,J3,832,797,1629
2019-01-06T22:30:00+09:00,J4,840,877,1717
2019-01-06T22:30:00+09:00,J5,443,410,853
2019-01-06T22:45:00+09:00,J1,1140,1284,2424
2019-01-06T22:45:00+09:00,J2,729,777,1506
2019-01-06T22:45:00+09:00,J3,889,869,1758
2019-01-06T22:45:00+09:00,J4,845,809,1654
2019-01-06T22:45:00+09:00,J5,500,476,976
2019-01-06T23:00:00+09:00,J1,1077,1201,2278
2019-01-06T23:00:00+09:00,J2,758,701,1459
2019-01-06T23:00:00+09:00,J3,937,930,1867
2019-01-06T23:00:00+09:00,J4,823,844,1667
2019-01-06T23:00:00+09:00,J5,482,461,943
2019-01-06T23:15:00+09:00,J1,1082,1213,2295
2019-01-06T23:15:00+09:00,J2,702,694,1396
2019-01-06T23:15:00+09:00,J3,881,896,1777
2019-01-06T23:15:00+09:00,J4,756,840,1596
2019-01-06T23:15:00+09:00,J5,492,439,931
2019-01-06T23:30:00+09:00,J1,1056,1137,2193
2019-01-06T23:30:00+09:00,J2,692,697,1389
2019-01-06T23:30:00+09:00,J3,697,712,1409
2019-01-06T23:30:00+09:00,J4,816,814,1630
2019-01-06T23:30:00+09:00,J5,499,487,986
2019-01-06T23:45:00+09:00,J1,1018,1165,2183
2019-01-06T23:45:00+09:00,J2,748,684,1432
2019-01-06T23:45:00+09:00,J3,730,713,1443
2019-01-06T23:45:00+09:00,J4,821,813,1634
2019-01-06T23:45:00+09:00,J5,602,527,1129
2019-01-07T00:00:00+09:00,J1,912,996,1908
2019-01-07T00:00:00+09:00,J2,710,710,1420
2019-01-07T00:00:00+09:00,J3,806,744,1550
2019-01-07T00:00:00+09:00,J4,811,764,1575
2019-01-07T00:00:00+09:00,J5,520,542,1062
2019-01-07T00:15:00+09:00,J1,716,782,1498
2019-01-07T00:15:00+09:00,J2,629,638,1267
2019-01-07T00:15:00+09:00,J3,1013,873,1886
2019-01-07T00:15:00+09:00,J4,843,813,1656
2019-01-07T00:15:00+09:00,J5,583,455,1038
2019-01-07T00:30:00+09:00,J1,622,602,1224
2019-01-07T00:30:00+09:00,J2,625,620,1245
2019-01-07T00:30:00+09:00,J3,995,786,1781
2019-01-07T00:30:00+09:00,J4,899,916,1815
2019-01-07T00:30:00+09:00,J5,476,416,892
2019-01-07T00:45:00+09:00,J1,594,579,1173
2019-01-07T00:45:00+09:00,J2,652,658,1310
2019-01-07T00:45:00+09:00,J3,998,797,1795
2019-01-07T00:45:00+09:00,J4,813,827,1640
2019-01-07T00:45:00+09:00,J5,437,477,914
2019-01-07T05:45:00+09:00,J1,850,938,1788
2019-01-07T05:45:00+09:00,J2,530,596,1126
2019-01-07T05:45:00+09:00,J3,729,577,1306
2019-01-07T05:45:00+09:00,J4,586,677,1263
2019-01-07T05:45:00+09:00,J5,502,494,996
2019-01-07T06:00:00+09:00,J1,930,977,1907
2019-01-07T06:00:00+09:00,J2,585,672,1257
2019-01-07T06:00:00+09:00,J3,746,589,1335
2019-01-07T06:00:00+09:00,J4,648,748,1396
2019-01-07T06:00:00+09:00,J5,504,567,1071
2019-01-07T06:15:00+09:00,J1,1032,1100,2132
2019-01-07T06:15:00+09:00,J2,641,706,1347
2019-01-07T06:15:00+09:00,J3,970,775,1745
2019-01-07T06:15:00+09:00,J4,678,776,1454
2019-01-07T06:15:00+09:00,J5,547,544,1091
2019-01-07T06:30:00+09:00,J1,1046,1105,2151
2019-01-07T06:30:00+09:00,J2,657,768,1425
2019-01-07T06:30:00+09:00,J3,933,690,1623
2019-01-07T06:30:00+09:00,J4,681,801,1482
2019-01-07T06:30:00+09:00,J5,643,566,1209
2019-01-07T06:45:00+09:00,J1,1143,1215,2358
2019-01-07T06:45:00+09:00,J2,609,705,1314
2019-01-07T06:45:00+09:00,J3,1042,821,1863
2019-01-07T06:45:00+09:00,J4,724,797,1521
2019-01-07T06:45:00+09:00,J5,671,591,1262
2019-01-07T07:00:00+09:00,J1,1182,1236,2418
2019-01-07T07:00:00+09:00,J2,617,657,1274
2019-01-07T07:00:00+09:00,J3,1030,799,1829
2019-01-07T07:00:00+09:00,J4,780,879,1659
2019-01-07T07:00:00+09:00,J5,672,643,1315
2019-01-07T07:15:00+09:00,J1,1123,1228,2351
2019-01-07T07:15:00+09:00,J2,737,658,1395
2019-01-07T07:15:00+09:00,J3,1045,890,1935
2019-01-07T07:15:00+09:00,J4,845,915,1760
2019-01-07T07:15:00+09:00,J5,757,696,1453
2019-01-07T07:30:00+09:00,J1,1167,1269,2436
2019-01-07T07:30:00+09:00,J2,750,750,1500
2019-01-07T07:30:00+09:00,J3,1230,1133,2363
2019-01-07T07:30:00+09:00,J4,909,1003,1912
2019-01-07T07:30:00+09:00,J5,581,567,1148
2019-01-07T07:45:00+09:00,J1,1182,1297,2479
2019-01-07T07:45:00+09:00,J2,1002,728,1730
2019-01-07T07:45:00+09:00,J3,1287,1242,2529
2019-01-07T07:45:00+09:00,J4,953,1202,2155
2019-01-07T07:45:00+09:00,J5,703,716,1419
2019-01-07T08:00:00+09:00,J1,1377,1367,2744
2019-01-07T08:00:00+09:00,J2,1154,704,1858
2019-01-07T08:00:00+09:00,J3,1493,1378,2871
2019-01-07T08:00:00+09:00,J4,1044,1254,2298
2019-01-07T08:00:00+09:00,J5,691,778,1469
2019-01-07T08:15:00+09:00,J1,1365,1361,2726
2019-01-07T08:15:00+09:00,J2,1074,849,1923
2019-01-07T08:15:00+09:00,J3,1513,1425,2938
2019-01-07T08:15:00+09:00,J4,1016,1266,2282
2019-01-07T08:15:00+09:00,J5,705,796,1501
2019-01-07T08:30:00+09:00,J1,1474,1336,2810
2019-01-07T08:30:00+09:00,J2,1183,714,1897
2019-01-07T08:30:00+09:00,J3,1316,1447,2763
2019-01-07T08:30:00+09:00,J4,1045,1248,2293
2019-01-07T08:30:00+09:00,J5,760,798,1558
2019-01-07T08:45:00+09:00,J1,1331,1369,2700
2019-01-07T08:45:00+09:00,J2,997,596,1593
2019-01-07T08:45:00+09:00,J3,1505,1284,2789
2019-01-07T08:45:00+09:00,J4,882,1204,2086
2019-01-07T08:45:00+09:00,J5,640,672,1312
2019-01-07T09:00:00+09:00,J1,1237,1386,2623
2019-01-07T09:00:00+09:00,J2,803,678,1481
2019-01-07T09:00:00+09:00,J3,1401,1276,2677
2019-01-07T09:00:00+09:00,J4,820,1017,1837
2019-01-07T09:00:00+09:00,J5,692,661,1353
2019-01-07T09:15:00+09:00,J1,1273,1277,2550
2019-01-07T09:15:00+09:00,J2,893,737,1630
2019-01-07T09:15:00+09:00,J3,1135,1105,2240
2019-01-07T09:15:00+09:00,J4,883,1012,1895
2019-01-07T09:15:00+09:00,J5,529,562,1091
2019-01-07T09:30:00+09:00,J1,1315,1253,2568
2019-01-07T09:30:00+09:00,J2,770,706,1476
2019-01-07T09:30:00+09:00,J3,978,1095,2073
2019-01-07T09:30:00+09:00,J4,1016,1017,2033
2019-01-07T09:30:00+09:00,J5,520,488,1008
2019-01-07T09:45:00+09:00,J1,1295,1401,2696
2019-01-07T09:45:00+09:00,J2,730,775,1505
2019-01-07T09:45:00+09:00,J3,1014,1016,2030
2019-01-07T09:45:00+09:00,J4,990,906,1896
2019-01-07T09:45:00+09:00,J5,552,541,1093
2019-01-07T10:00:00+09:00,J1,1319,1423,2742
2019-01-07T10:00:00+09:00,J2,683,671,1354
2019-01-07T10:00:00+09:00,J3,1040,1002,2042
2019-01-07T10:00:00+09:00,J4,937,904,1841
2019-01-07T10:00:00+09:00,J5,435,439,874
2019-01-07T10:15:00+09:00,J1,1254,1442,2696
2019-01-07T10:15:00+09:00,J2,597,633,1230
2019-01-07T10:15:00+09:00,J3,1045,943,1988
2019-01-07T10:15:00+09:00,J4,956,962,1918
2019-01-07T10:15:00+09:00,J5,507,479,986
2019-01-07T10:30:00+09:00,J1,1316,1347,2663
2019-01-07T10:30:00+09:00,J2,593,652,1245
2019-01-07T10:30:00+09:00,J3,1078,957,2035
2019-01-07T10:30:00+09:00,J4,966,967,1933
2019-01-07T10:30:00+09:00,J5,430,469,899
2019-01-07T10:45:00+09:00,J1,1260,1429,2689
2019-01-07T10:45:00+09:00,J2,688,636,1324
2019-01-07T10:45:00+09:00,J3,1065,976,2041
2019-01-07T10:45:00+09:00,J4,1008,929,1937
2019-01-07T10:45:00+09:00,J5,379,468,847
2019-01-07T11:00:00+09:00,J1,1243,1391,2634
2019-01-07T11:00:00+09:00,J2,683,615,1298
2019-01-07T11:00:00+09:00,J3,1061,929,1990
2019-01-07T11:00:00+09:00,J4,971,918,1889
2019-01-07T11:00:00+09:00,J5,428,450,878
2019-01-07T11:15:00+09:00,J1,1190,1418,2608
2019-01-07T11:15:00+09:00,J2,702,656,1358
2019-01-07T11:15:00+09:00,J3,1301,1148,2449
2019-01-07T11:15:00+09:00,J4,929,935,1864
2019-01-07T11:15:00+09:00,J5,574,643,1217
2019-01-07T11:30:00+09:00,J1,1230,1357,2587
2019-01-07T11:30:00+09:00,J2,695,619,1314
2019-01-07T11:30:00+09:00,J3,1174,1132,2306
2019-01-07T11:30:00+09:00,J4,950,946,1896
2019-01-07T11:30:00+09:00,J5,667,656,1323
2019-01-07T11:45:00+09:00,J1,1195,1414,2609
2019-01-07T11:45:00+09:00,J2,713,665,1378
2019-01-07T11:45:00+09:00,J3,1236,1153,2389
2019-01-07T11:45:00+09:00,J4,990,983,1973
2019-01-07T11:45:00+09:00,J5,595,633,1228
2019-01-07T12:00:00+09:00,J1,1243,1454,2697
2019-01-07T12:00:00+09:00,J2,740,741,1481
2019-01-07T12:00:00+09:00,J3,1247,1156,2403
2019-01-07T12:00:00+09:00,J4,1095,948,2043
2019-01-07T12:00:00+09:00,J5,635,665,1300
2019-01-07T12:15:00+09:00,J1,1244,1454,2698
2019-01-07T12:15:00+09:00,J2,817,863,1680
2019-01-07T12:15:00+09:00,J3,1314,1115,2429
2019-01-07T12:15:00+09:00,J4,948,976,1924
2019-01-07T12:15:00+09:00,J5,648,706,1354
2019-01-07T12:30:00+09:00,J1,1131,1361,2492
2019-01-07T12:30:00+09:00,J2,822,772,1594
2019-01-07T12:30:00+09:00,J3,1306,1193,2499
2019-01-07T12:30:00+09:00,J4,962,916,1878
2019-01-07T12:30:00+09:00,J5,655,692,1347
2019-01-07T12:45:00+09:00,J1,1212,1406,2618
2019-01-07T12:45:00+09:00,J2,824,789,1613
2019-01-07T12:45:00+09:00,J3,1325,1236,2561
2019-01-07T12:45:00+09:00,J4,951,962,1913
2019-01-07T12:45:00+09:00,J5,703,696,1399
2019-01-07T13:00:00+09:00,J1,1165,1355,2520
2019-01-07T13:00:00+09:00,J2,688,842,1530
2019-01-07T13:00:00+09:00,J3,1247,1222,2469
2019-01-07T13:00:00+09:00,J4,936,925,1861
2019-01-07T13:00:00+09:00,J5,662,692,1354
2019-01-07T13:15:00+09:00,J1,1178,1409,2587
2019-01-07T13:15:00+09:00,J2,750,797,1547
2019-01-07T13:15:00+09:00,J3,1242,1222,2464
2019-01-07T13:15:00+09:00,J4,956,951,1907
2019-01-07T13:15:00+09:00,J5,629,667,1296
2019-01-07T13:30:00+09:00,J1,1214,1385,2599
2019-01-07T13:30:00+09:00,J2,775,846,1621
2019-01-07T13:30:00+09:00,J3,1172,1094,2266
2019-01-07T13:30:00+09:00,J4,934,1001,1935
2019-01-07T13:30:00+09:00,J5,652,593,1245
2019-01-07T13:45:00+09:00,J1,1143,1333,2476
2019-01-07T13:45:00+09:00,J2,788,764,1552
2019-01-07T13:45:00+09:00,J3,1212,1039,2251
2019-01-07T13:45:00+09:00,J4,868,896,1764
2019-01-07T13:45:00+09:00,J5,626,580,1206
2019-01-07T14:00:00+09:00,J1,1158,1351,2509
2019-01-07T14:00:00+09:00,J2,804,788,1592
2019-01-07T14:00:00+09:00,J3,1222,999,2221
2019-01-07T14:00:00+09:00,J4,816,1005,1821
2019-01-07T14:00:00+09:00,J5,611,628,1239
2019-01-07T14:15:00+09:00,J1,1164,1361,2525
2019-01-07T14:15:00+09:00,J2,755,842,1597
2019-01-07T14:15:00+09:00,J3,1316,944,2260
2019-01-07T14:15:00+09:00,J4,844,917,1761
2019-01-07T14:15:00+09:00,J5,678,619,1297
2019-01-07T14:30:00+09:00,J1,1206,1443,2649
2019-01-07T14:30:00+09:00,J2,719,712,1431
2019-01-07T14:30:00+09:00,J3,1228,1005,2233
2019-01-07T14:30:00+09:00,J4,812,945,1757
2019-01-07T14:30:00+09:00,J5,676,681,1357
2019-01-07T14:45:00+09:00,J1,1271,1358,2629
2019-01-07T14:45:00+09:00,J2,790,816,1606
2019-01-07T14:45:00+09:00,J3,1269,1043,2312
2019-01-07T14:45:00+09:00,J4,913,957,1870
2019-01-07T14:45:00+09:00,J5,650,649,1299
2019-01-07T15:00:00+09:00,J1,1188,1363,2551
2019-01-07T15:00:00+09:00,J2,802,849,1651
2019-01-07T15:00:00+09:00,J3,1224,966,2190
2019-01-07T15:00:00+09:00,J4,864,826,1690
2019-01-07T15:00:00+09:00,J5,569,591,1160
2019-01-07T15:15:00+09:00,J1,1158,1380,2538
2019-01-07T15:15:00+09:00,J2,741,728,1469
2019-01-07T15:15:00+09:00,J3,1294,953,2247
2019-01-07T15:15:00+09:00,J4,836,921,1757
2019-01-07T15:15:00+09:00,J5,677,660,1337
2019-01-07T15:30:00+09:00,J1,1142,1346,2488
2019-01-07T15:30:00+09:00,J2,721,669,1390
2019-01-07T15:30:00+09:00,J3,1211,996,2207
2019-01-07T15:30:00+09:00,J4,869,916,1785
2019-01-07T15:30:00+09:00,J5,627,672,1299
2019-01-07T15:45:00+09:00,J1,1123,1393,2516
2019-01-07T15:45:00+09:00,J2,780,740,1520
2019-01-07T15:45:00+09:00,J3,1133,1060,2193
2019-01-07T15:45:00+09:00,J4,757,818,1575
2019-01-07T15:45:00+09:00,J5,652,710,1362
2019-01-07T16:00:00+09:00,J1,1211,1446,2657
2019-01-07T16:00:00+09:00,J2,677,768,1445
2019-01-07T16:00:00+09:00,J3,1118,1102,2220
2019-01-07T16:00:00+09:00,J4,762,826,1588
2019-01-07T16:00:00+09:00,J5,654,665,1319
2019-01-07T16:15:00+09:00,J1,1226,1414,2640
2019-01-07T16:15:00+09:00,J2,757,829,1586
2019-01-07T16:15:00+09:00,J3,1059,1066,2125
2019-01-07T16:15:00+09:00,J4,792,932,1724
2019-01-07T16:15:00+09:00,J5,682,637,1319
2019-01-07T16:30:00+09:00,J1,1256,1361,2617
2019-01-07T16:30:00+09:00,J2,770,796,1566
2019-01-07T16:30:00+09:00,J3,1225,1070,2295
2019-01-07T16:30:00+09:00,J4,699,839,1538
2019-01-07T16:30:00+09:00,J5,659,662,1321
2019-01-07T16:45:00+09:00,J1,1135,1335,2470
2019-01-07T16:45:00+09:00,J2,763,770,1533
2019-01-07T16:45:00+09:00,J3,1333,1046,2379
2019-01-07T16:45:00+09:00,J4,700,839,1539
2019-01-07T16:45:00+09:00,J5,642,588,1230
2019-01-07T17:00:00+09:00,J1,1020,1203,2223
2019-01-07T17:00:00+09:00,J2,649,716,1365
2019-01-07T17:00:00+09:00,J3,1177,1019,2196
2019-01-07T17:00:00+09:00,J4,628,737,1365
2019-01-07T17:00:00+09:00,J5,541,576,1117
2019-01-07T17:15:00+09:00,J1,1429,1639,3068
2019-01-07T17:15:00+09:00,J2,818,1087,1905
2019-01-07T17:15:00+09:00,J3,1755,1430,3185
2019-01-07T17:15:00+09:00,J4,1032,966,1998
2019-01-07T17:15:00+09:00,J5,825,876,1701
2019-01-07T17:30:00+09:00,J1,1212,1469,2681
2019-01-07T17:30:00+09:00,J2,889,871,1760
2019-01-07T17:30:00+09:00,J3,1575,1328,2903
2019-01-07T17:30:00+09:00,J4,1004,910,1914
2019-01-07T17:30:00+09:00,J5,657,842,1499
2019-01-07T17:45:00+09:00,J1,1246,1440,2686
2019-01-07T17:45:00+09:00,J2,887,954,1841
2019-01-07T17:45:00+09:00,J3,1592,1270,2862
2019-01-07T17:45:00+09:00,J4,1025,933,1958
2019-01-07T17:45:00+09:00,J5,665,812,1477
2019-01-07T18:00:00+09:00,J1,1286,1491,2777
2019-01-07T18:00:00+09:00,J2,905,979,1884
2019-01-07T18:00:00+09:00,J3,1549,1299,2848
2019-01-07T18:00:00+09:00,J4,1030,835,1865
2019-01-07T18:00:00+09:00,J5,625,782,1407
2019-01-07T18:15:00+09:00,J1,1318,1515,2833
2019-01-07T18:15:00+09:00,J2,939,921,1860
2019-01-07T18:15:00+09:00,J3,1628,1346,2974
2019-01-07T18:15:00+09:00,J4,995,840,1835
2019-01-07T18:15:00+09:00,J5,495,699,1194
2019-01-07T18:30:00+09:00,J1,1281,1475,2756
2019-01-07T18:30:00+09:00,J2,904,879,1783
2019-01-07T18:30:00+09:00,J3,1313,1163,2476
2019-01-07T18:30:00+09:00,J4,966,941,1907
2019-01-07T18:30:00+09:00,J5,427,498,925
2019-01-07T18:45:00+09:00,J1,1260,1432,2692
2019-01-07T18:45:00+09:00,J2,906,906,1812
2019-01-07T18:45:00+09:00,J3,1216,1015,2231
2019-01-07T18:45:00+09:00,J4,1044,878,1922
2019-01-07T18:45:00+09:00,J5,406,497,903
2019-01-07T19:00:00+09:00,J1,1223,1362,2585
2019-01-07T19:00:00+09:00,J2,739,802,1541
2019-01-07T19:00:00+09:00,J3,1343,1122,2465
2019-01-07T19:00:00+09:00,J4,1064,966,2030
2019-01-07T19:00:00+09:00,J5,399,485,884
2019-01-07T19:15:00+09:00,J1,1189,1433,2622
2019-01-07T19:15:00+09:00,J2,705,799,1504
2019-01-07T19:15:00+09:00,J3,1309,1229,2538
2019-01-07T19:15:00+09:00,J4,1150,936,2086
2019-01-07T19:15:00+09:00,J5,458,507,965
2019-01-07T19:30:00+09:00,J1,1188,1428,2616
2019-01-07T19:30:00+09:00,J2,685,705,1390
2019-01-07T19:30:00+09:00,J3,1167,1117,2284
2019-01-07T19:30:00+09:00,J4,1127,910,2037
2019-01-07T19:30:00+09:00,J5,481,436,917
2019-01-07T19:45:00+09:00,J1,1239,1451,2690
2019-01-07T19:45:00+09:00,J2,551,633,1184
2019-01-07T19:45:00+09:00,J3,1207,1152,2359
2019-01-07T19:45:00+09:00,J4,975,878,1853
2019-01-07T19:45:00+09:00,J5,426,425,851
2019-01-07T20:00:00+09:00,J1,1179,1431,2610
2019-01-07T20:00:00+09:00,J2,575,602,1177
2019-01-07T20:00:00+09:00,J3,1118,1113,2231
2019-01-07T20:00:00+09:00,J4,863,863,1726
2019-01-07T20:00:00+09:00,J5,421,423,844
2019-01-07T20:15:00+09:00,J1,1233,1388,2621
2019-01-07T20:15:00+09:00,J2,586,541,1127
2019-01-07T20:15:00+09:00,J3,1143,1095,2238
2019-01-07T20:15:00+09:00,J4,918,943,1861
2019-01-07T20:15:00+09:00,J5,407,463,870
2019-01-07T20:30:00+09:00,J1,1256,1364,2620
2019-01-07T20:30:00+09:00,J2,478,477,955
2019-01-07T20:30:00+09:00,J3,1141,1016,2157
2019-01-07T20:30:00+09:00,J4,875,872,1747
2019-01-07T20:30:00+09:00,J5,399,437,836
2019-01-07T20:45:00+09:00,J1,1156,1446,2602
2019-01-07T20:45:00+09:00,J2,598,595,1193
2019-01-07T20:45:00+09:00,J3,1041,959,2000
2019-01-07T20:45:00+09:00,J4,930,879,1809
2019-01-07T20:45:00+09:00,J5,414,433,847
2019-01-07T21:00:00+09:00,J1,1162,1344,2506
2019-01-07T21:00:00+09:00,J2,755,733,1488
2019-01-07T21:00:00+09:00,J3,1034,768,1802
2019-01-07T21:00:00+09:00,J4,950,856,1806
2019-01-07T21:00:00+09:00,J5,422,430,852
2019-01-07T21:15:00+09:00,J1,1156,1269,2425
2019-01-07T21:15:00+09:00,J2,681,733,1414
2019-01-07T21:15:00+09:00,J3,987,852,1839
2019-01-07T21:15:00+09:00,J4,1012,877,1889
2019-01-07T21:15:00+09:00,J5,443,388,831
2019-01-07T21:30:00+09:00,J1,1059,1321,2380
2019-01-07T21:30:00+09:00,J2,663,703,1366
2019-01-07T21:30:00+09:00,J3,899,761,1660
2019-01-07T21:30:00+09:00,J4,1016,861,1877
2019-01-07T21:30:00+09:00,J5,456,409,865
2019-01-07T21:45:00+09:00,J1,1079,1240,2319
2019-01-07T21:45:00+09:00,J2,981,1011,1992
2019-01-07T21:45:00+09:00,J3,871,871,1742
2019-01-07T21:45:00+09:00,J4,844,883,1727
2019-01-07T21:45:00+09:00,J5,450,414,864
2019-01-07T22:00:00+09:00,J1,1152,1219,2371
2019-01-07T22:00:00+09:00,J2,826,806,1632
2019-01-07T22:00:00+09:00,J3,855,781,1636
2019-01-07T22:00:00+09:00,J4,842,897,1739
2019-01-07T22:00:00+09:00,J5,445,414,859
2019-01-07T22:15:00+09:00,J1,1049,1190,2239
2019-01-07T22:15:00+09:00,J2,707,741,1448
2019-01-07T22:15:00+09:00,J3,863,816,1679
2019-01-07T22:15:00+09:00,J4,841,827,1668
2019-01-07T22:15:00+09:00,J5,511,455,966
2019-01-07T22:30:00+09:00,J1,1049,1282,2331
2019-01-07T22:30:00+09:00,J2,721,708,1429
2019-01-07T22:30:00+09:00,J3,928,918,1846
2019-01-07T22:30:00+09:00,J4,930,886,1816
2019-01-07T22:30:00+09:00,J5,516,547,1063
2019-01-07T22:45:00+09:00,J1,1148,1293,2441
2019-01-07T22:45:00+09:00,J2,830,760,1590
2019-01-07T22:45:00+09:00,J3,1007,1001,2008
2019-01-07T22:45:00+09:00,J4,902,837,1739
2019-01-07T22:45:00+09:00,J5,613,548,1161
2019-01-07T23:00:00+09:00,J1,1083,1261,2344
2019-01-07T23:00:00+09:00,J2,885,774,1659
2019-01-07T23:00:00+09:00,J3,995,937,1932
2019-01-07T23:00:00+09:00,J4,896,912,1808
2019-01-07T23:00:00+09:00,J5,601,530,1131
2019-01-07T23:15:00+09:00,J1,1112,1167,2279
2019-01-07T23:15:00+09:00,J2,793,739,1532
2019-01-07T23:15:00+09:00,J3,1008,966,1974
2019-01-07T23:15:00+09:00,J4,877,850,1727
2019-01-07T23:15:00+09:00,J5,638,524,1162
2019-01-07T23:30:00+09:00,J1,1079,1149,2228
2019-01-07T23:30:00+09:00,J2,789,751,1540
2019-01-07T23:30:00+09:00,J3,1036,925,1961
2019-01-07T23:30:00+09:00,J4,840,875,1715
2019-01-07T23:30:00+09:00,J5,568,560,1128
2019-01-07T23:45:00+09:00,J1,1079,1185,2264
2019-01-07T23:45:00+09:00,J2,783,736,1519
2019-01-07T23:45:00+09:00,J3,869,807,1676
2019-01-07T23:45:00+09:00,J4,819,841,1660
2019-01-07T23:45:00+09:00,J5,645,549,1194
2019-01-08T00:00:00+09:00,J1,904,941,1845
2019-01-08T00:00:00+09:00,J2,726,715,1441
2019-01-08T00:00:00+09:00,J3,882,816,1698
2019-01-08T00:00:00+09:00,J4,770,794,1564
2019-01-08T00:00:00+09:00,J5,655,548,1203
2019-01-08T00:15:00+09:00,J1,691,739,1430
2019-01-08T00:15:00+09:00,J2,735,677,1412
2019-01-08T00:15:00+09:00,J3,949,766,1715
2019-01-08T00:15:00+09:00,J4,563,636,1199
2019-01-08T00:15:00+09:00,J5,551,569,1120
2019-01-08T00:30:00+09:00,J1,528,488,1016
2019-01-08T00:30:00+09:00,J2,769,736,1505
2019-01-08T00:30:00+09:00,J3,825,623,1448
2019-01-08T00:30:00+09:00,J4,543,589,1132
2019-01-08T00:30:00+09:00,J5,585,572,1157
2019-01-08T00:45:00+09:00,J1,572,564,1136
2019-01-08T00:45:00+09:00,J2,755,612,1367
2019-01-08T00:45:00+09:00,J3,871,796,1667
2019-01-08T00:45:00+09:00,J4,602,656,1258
2019-01-08T00:45:00+09:00,J5,553,573,1126
2019-01-08T05:45:00+09:00,J1,939,900,1839
2019-01-08T05:45:00+09:00,J2,602,692,1294
2019-01-08T05:45:00+09:00,J3,630,606,1236
2019-01-08T05:45:00+09:00,J4,858,906,1764
2019-01-08T05:45:00+09:00,J5,495,478,973
2019-01-08T06:00:00+09:00,J1,918,943,1861
2019-01-08T06:00:00+09:00,J2,699,744,1443
2019-01-08T06:00:00+09:00,J3,777,585,1362
2019-01-08T06:00:00+09:00,J4,809,861,1670
2019-01-08T06:00:00+09:00,J5,426,462,888
2019-01-08T06:15:00+09:00,J1,951,1028,1979
2019-01-08T06:15:00+09:00,J2,728,734,1462
2019-01-08T06:15:00+09:00,J3,986,705,1691
2019-01-08T06:15:00+09:00,J4,900,919,1819
2019-01-08T06:15:00+09:00,J5,550,528,1078
2019-01-08T06:30:00+09:00,J1,945,970,1915
2019-01-08T06:30:00+09:00,J2,681,700,1381
2019-01-08T06:30:00+09:00,J3,911,654,1565
2019-01-08T06:30:00+09:00,J4,1038,1048,2086
2019-01-08T06:30:00+09:00,J5,584,561,1145
2019-01-08T06:45:00+09:00,J1,979,1096,2075
2019-01-08T06:45:00+09:00,J2,704,746,1450
2019-01-08T06:45:00+09:00,J3,801,639,1440
2019-01-08T06:45:00+09:00,J4,1074,1118,2192
2019-01-08T06:45:00+09:00,J5,617,555,1172
2019-01-08T07:00:00+09:00,J1,1136,1207,2343
2019-01-08T07:00:00+09:00,J2,645,754,1399
2019-01-08T07:00:00+09:00,J3,1009,760,1769
2019-01-08T07:00:00+09:00,J4,1219,1333,2552
2019-01-08T07:00:00+09:00,J5,709,590,1299
2019-01-08T07:15:00+09:00,J1,1077,1227,2304
2019-01-08T07:15:00+09:00,J2,641,678,1319
2019-01-08T07:15:00+09:00,J3,1026,819,1845
2019-01-08T07:15:00+09:00,J4,1236,1308,2544
2019-01-08T07:15:00+09:00,J5,698,593,1291
2019-01-08T07:30:00+09:00,J1,1230,1283,2513
2019-01-08T07:30:00+09:00,J2,863,722,1585
2019-01-08T07:30:00+09:00,J3,1225,1133,2358
2019-01-08T07:30:00+09:00,J4,1369,1422,2791
2019-01-08T07:30:00+09:00,J5,565,612,1177
2019-01-08T07:45:00+09:00,J1,1229,1349,2578
2019-01-08T07:45:00+09:00,J2,913,687,1600
2019-01-08T07:45:00+09:00,J3,1265,1170,2435
2019-01-08T07:45:00+09:00,J4,1450,1536,2986
2019-01-08T07:45:00+09:00,J5,674,639,1313
2019-01-08T08:00:00+09:00,J1,1323,1355,2678
2019-01-08T08:00:00+09:00,J2,908,752,1660
2019-01-08T08:00:00+09:00,J3,1360,1271,2631
2019-01-08T08:00:00+09:00,J4,1373,1446,2819
2019-01-08T08:00:00+09:00,J5,657,678,1335
2019-01-08T08:15:00+09:00,J1,1351,1340,2691
2019-01-08T08:15:00+09:00,J2,951,881,1832
2019-01-08T08:15:00+09:00,J3,1317,1520,2837
2019-01-08T08:15:00+09:00,J4,1420,1556,2976
2019-01-08T08:15:00+09:00,J5,669,761,1430
2019-01-08T08:30:00+09:00,J1,1447,1413,2860
2019-01-08T08:30:00+09:00,J2,1071,669,1740
2019-01-08T08:30:00+09:00,J3,1239,1363,2602
2019-01-08T08:30:00+09:00,J4,1326,1494,2820
2019-01-08T08:30:00+09:00,J5,713,706,1419
2019-01-08T08:45:00+09:00,J1,1397,1345,2742
2019-01-08T08:45:00+09:00,J2,1041,627,1668
2019-01-08T08:45:00+09:00,J3,1295,1215,2510
2019-01-08T08:45:00+09:00,J4,1355,1475,2830
2019-01-08T08:45:00+09:00,J5,620,591,1211
2019-01-08T09:00:00+09:00,J1,1323,1334,2657
2019-01-08T09:00:00+09:00,J2,943,707,1650
2019-01-08T09:00:00+09:00,J3,1147,955,2102
2019-01-08T09:00:00+09:00,J4,1294,1364,2658
2019-01-08T09:00:00+09:00,J5,604,574,1178
2019-01-08T09:15:00+09:00,J1,1307,1222,2529
2019-01-08T09:15:00+09:00,J2,839,640,1479
2019-01-08T09:15:00+09:00,J3,780,817,1597
2019-01-08T09:15:00+09:00,J4,1238,1359,2597
2019-01-08T09:15:00+09:00,J5,545,566,1111
2019-01-08T09:30:00+09:00,J1,1272,1300,2572
2019-01-08T09:30:00+09:00,J2,732,627,1359
2019-01-08T09:30:00+09:00,J3,683,896,1579
2019-01-08T09:30:00+09:00,J4,1276,1339,2615
2019-01-08T09:30:00+09:00,J5,502,568,1070
2019-01-08T09:45:00+09:00,J1,1162,1177,2339
2019-01-08T09:45:00+09:00,J2,702,664,1366
2019-01-08T09:45:00+09:00,J3,896,986,1882
2019-01-08T09:45:00+09:00,J4,1266,1286,2552
2019-01-08T09:45:00+09:00,J5,410,522,932
2019-01-08T10:00:00+09:00,J1,1252,1298,2550
2019-01-08T10:00:00+09:00,J2,706,642,1348
2019-01-08T10:00:00+09:00,J3,1045,956,2001
2019-01-08T10:00:00+09:00,J4,1246,1239,2485
2019-01-08T10:00:00+09:00,J5,395,476,871
2019-01-08T10:15:00+09:00,J1,1216,1199,2415
2019-01-08T10:15:00+09:00,J2,646,608,1254
2019-01-08T10:15:00+09:00,J3,989,921,1910
2019-01-08T10:15:00+09:00,J4,1195,1231,2426
2019-01-08T10:15:00+09:00,J5,435,443,878
2019-01-08T10:30:00+09:00,J1,1155,1233,2388
2019-01-08T10:30:00+09:00,J2,791,652,1443
2019-01-08T10:30:00+09:00,J3,925,982,1907
2019-01-08T10:30:00+09:00,J4,1277,1292,2569
2019-01-08T10:30:00+09:00,J5,415,513,928
2019-01-08T10:45:00+09:00,J1,1162,1241,2403
2019-01-08T10:45:00+09:00,J2,724,663,1387
2019-01-08T10:45:00+09:00,J3,986,1042,2028
2019-01-08T10:45:00+09:00,J4,1244,1165,2409
2019-01-08T10:45:00+09:00,J5,427,468,895
2019-01-08T11:00:00+09:00,J1,1162,1215,2377
2019-01-08T11:00:00+09:00,J2,700,707,1407
2019-01-08T11:00:00+09:00,J3,854,998,1852
2019-01-08T11:00:00+09:00,J4,1171,1173,2344
2019-01-08T11:00:00+09:00,J5,404,482,886
2019-01-08T11:15:00+09:00,J1,1084,1358,2442
2019-01-08T11:15:00+09:00,J2,757,818,1575
2019-01-08T11:15:00+09:00,J3,976,958,1934
2019-01-08T11:15:00+09:00,J4,1234,1261,2495
2019-01-08T11:15:00+09:00,J5,579,588,1167
2019-01-08T11:30:00+09:00,J1,1140,1338,2478
2019-01-08T11:30:00+09:00,J2,697,729,1426
2019-01-08T11:30:00+09:00,J3,1124,1031,2155
2019-01-08T11:30:00+09:00,J4,1211,1208,2419
2019-01-08T11:30:00+09:00,J5,612,621,1233
2019-01-08T11:45:00+09:00,J1,1053,1383,2436
2019-01-08T11:45:00+09:00,J2,728,767,1495
2019-01-08T11:45:00+09:00,J3,1211,1080,2291
2019-01-08T11:45:00+09:00,J4,1195,1263,2458
2019-01-08T11:45:00+09:00,J5,581,595,1176
2019-01-08T12:00:00+09:00,J1,1132,1333,2465
2019-01-08T12:00:00+09:00,J2,775,703,1478
2019-01-08T12:00:00+09:00,J3,1144,1163,2307
2019-01-08T12:00:00+09:00,J4,1229,1299,2528
2019-01-08T12:00:00+09:00,J5,656,653,1309
2019-01-08T12:15:00+09:00,J1,1036,1290,2326
2019-01-08T12:15:00+09:00,J2,783,784,1567
2019-01-08T12:15:00+09:00,J3,1011,970,1981
2019-01-08T12:15:00+09:00,J4,1214,1252,2466
2019-01-08T12:15:00+09:00,J5,725,635,1360
2019-01-08T12:30:00+09:00,J1,993,1259,2252
2019-01-08T12:30:00+09:00,J2,790,872,1662
2019-01-08T12:30:00+09:00,J3,1001,1039,2040
2019-01-08T12:30:00+09:00,J4,1294,1292,2586
2019-01-08T12:30:00+09:00,J5,616,606,1222
2019-01-08T12:45:00+09:00,J1,1046,1337,2383
2019-01-08T12:45:00+09:00,J2,896,804,1700
2019-01-08T12:45:00+09:00,J3,1020,1115,2135
2019-01-08T12:45:00+09:00,J4,1259,1306,2565
2019-01-08T12:45:00+09:00,J5,564,532,1096
2019-01-08T13:00:00+09:00,J1,1035,1434,2469
2019-01-08T13:00:00+09:00,J2,791,852,1643
2019-01-08T13:00:00+09:00,J3,968,919,1887
2019-01-08T13:00:00+09:00,J4,1203,1168,2371
2019-01-08T13:00:00+09:00,J5,519,544,1063
2019-01-08T13:15:00+09:00,J1,1146,1402,2548
2019-01-08T13:15:00+09:00,J2,809,839,1648
2019-01-08T13:15:00+09:00,J3,997,1077,2074
2019-01-08T13:15:00+09:00,J4,1284,1341,2625
2019-01-08T13:15:00+09:00,J5,500,514,1014
2019-01-08T13:30:00+09:00,J1,1109,1401,2510
2019-01-08T13:30:00+09:00,J2,811,780,1591
2019-01-08T13:30:00+09:00,J3,992,985,1977
2019-01-08T13:30:00+09:00,J4,1307,1391,2698
2019-01-08T13:30:00+09:00,J5,518,520,1038
2019-01-08T13:45:00+09:00,J1,920,1102,2022
2019-01-08T13:45:00+09:00,J2,612,649,1261
2019-01-08T13:45:00+09:00,J3,755,842,1597
2019-01-08T13:45:00+09:00,J4,1028,1118,2146
2019-01-08T13:45:00+09:00,J5,515,495,1010
2019-01-08T14:00:00+09:00,J1,1408,1713,3121
2019-01-08T14:00:00+09:00,J2,807,1097,1904
2019-01-08T14:00:00+09:00,J3,1214,1299,2513
2019-01-08T14:00:00+09:00,J4,1470,1573,3043
2019-01-08T14:00:00+09:00,J5,729,733,1462
2019-01-08T14:15:00+09:00,J1,1159,1449,2608
2019-01-08T14:15:00+09:00,J2,765,795,1560
2019-01-08T14:15:00+09:00,J3,1046,1113,2159
2019-01-08T14:15:00+09:00,J4,1256,1287,2543
2019-01-08T14:15:00+09:00,J5,606,658,1264
2019-01-08T14:30:00+09:00,J1,1194,1414,2608
2019-01-08T14:30:00+09:00,J2,734,815,1549
2019-01-08T14:30:00+09:00,J3,1095,1080,2175
2019-01-08T14:30:00+09:00,J4,1230,1183,2413
2019-01-08T14:30:00+09:00,J5,591,614,1205
2019-01-08T14:45:00+09:00,J1,1113,1453,2566
2019-01-08T14:45:00+09:00,J2,736,859,1595
2019-01-08T14:45:00+09:00,J3,1240,1031,2271
2019-01-08T14:45:00+09:00,J4,1228,1281,2509
2019-01-08T14:45:00+09:00,J5,626,614,1240
2019-01-08T15:00:00+09:00,J1,1178,1388,2566
2019-01-08T15:00:00+09:00,J2,704,885,1589
2019-01-08T15:00:00+09:00,J3,1201,985,2186
2019-01-08T15:00:00+09:00,J4,1267,1292,2559
2019-01-08T15:00:00+09:00,J5,615,606,1221
2019-01-08T15:15:00+09:00,J1,1263,1363,2626
2019-01-08T15:15:00+09:00,J2,712,840,1552
2019-01-08T15:15:00+09:00,J3,1162,1170,2332
2019-01-08T15:15:00+09:00,J4,1346,1302,2648
2019-01-08T15:15:00+09:00,J5,604,568,1172
2019-01-08T15:30:00+09:00,J1,1230,1384,2614
2019-01-08T15:30:00+09:00,J2,778,835,1613
2019-01-08T15:30:00+09:00,J3,1144,1109,2253
2019-01-08T15:30:00+09:00,J4,1183,1322,2505
2019-01-08T15:30:00+09:00,J5,605,569,1174
2019-01-08T15:45:00+09:00,J1,1180,1373,2553
2019-01-08T15:45:00+09:00,J2,676,879,1555
2019-01-08T15:45:00+09:00,J3,1166,1030,2196
2019-01-08T15:45:00+09:00,J4,1210,1212,2422
2019-01-08T15:45:00+09:00,J5,654,612,1266
2019-01-08T16:00:00+09:00,J1,1137,1444,2581
2019-01-08T16:00:00+09:00,J2,679,811,1490
2019-01-08T16:00:00+09:00,J3,1191,1059,2250
2019-01-08T16:00:00+09:00,J4,1161,1244,2405
2019-01-08T16:00:00+09:00,J5,597,601,1198
2019-01-08T16:15:00+09:00,J1,1206,1466,2672
2019-01-08T16:15:00+09:00,J2,711,797,1508
2019-01-08T16:15:00+09:00,J3,1111,1089,2200
2019-01-08T16:15:00+09:00,J4,1250,1228,2478
2019-01-08T16:15:00+09:00,J5,612,625,1237
2019-01-08T16:30:00+09:00,J1,1154,1479,2633
2019-01-08T16:30:00+09:00,J2,737,833,1570
2019-01-08T16:30:00+09:00,J3,1275,999,2274
2019-01-08T16:30:00+09:00,J4,1166,1260,2426
2019-01-08T16:30:00+09:00,J5,600,612,1212
2019-01-08T16:45:00+09:00,J1,1255,1365,2620
2019-01-08T16:45:00+09:00,J2,737,855,1592
2019-01-08T16:45:00+09:00,J3,1378,1106,2484
2019-01-08T16:45:00+09:00,J4,1271,1214,2485
2019-01-08T16:45:00+09:00,J5,633,626,1259
2019-01-08T17:00:00+09:00,J1,1214,1499,2713
2019-01-08T17:00:00+09:00,J2,762,839,1601
2019-01-08T17:00:00+09:00,J3,1417,1163,2580
2019-01-08T17:00:00+09:00,J4,1254,1298,2552
2019-01-08T17:00:00+09:00,J5,648,651,1299
2019-01-08T17:15:00+09:00,J1,1247,1437,2684
2019-01-08T17:15:00+09:00,J2,784,906,1690
2019-01-08T17:15:00+09:00,J3,1525,1247,2772
2019-01-08T17:15:00+09:00,J4,1257,1241,2498
2019-01-08T17:15:00+09:00,J5,690,755,1445
2019-01-08T17:30:00+09:00,J1,1258,1431,2689
2019-01-08T17:30:00+09:00,J2,959,915,1874
2019-01-08T17:30:00+09:00,J3,1561,1392,2953
2019-01-08T17:30:00+09:00,J4,1294,1319,2613
2019-01-08T17:30:00+09:00,J5,650,757,1407
2019-01-08T17:45:00+09:00,J1,1289,1501,2790
2019-01-08T17:45:00+09:00,J2,904,995,1899
2019-01-08T17:45:00+09:00,J3,1613,1286,2899
2019-01-08T17:45:00+09:00,J4,1309,1212,2521
2019-01-08T17:45:00+09:00,J5,587,783,1370
2019-01-08T18:00:00+09:00,J1,1356,1515,2871
2019-01-08T18:00:00+09:00,J2,857,967,1824
2019-01-08T18:00:00+09:00,J3,1476,1243,2719
2019-01-08T18:00:00+09:00,J4,1280,1263,2543
2019-01-08T18:00:00+09:00,J5,555,718,1273
2019-01-08T18:15:00+09:00,J1,1286,1503,2789
2019-01-08T18:15:00+09:00,J2,894,1055,1949
2019-01-08T18:15:00+09:00,J3,1642,1330,2972
2019-01-08T18:15:00+09:00,J4,1351,1262,2613
2019-01-08T18:15:00+09:00,J5,494,638,1132
2019-01-08T18:30:00+09:00,J1,1363,1439,2802
2019-01-08T18:30:00+09:00,J2,896,954,1850
2019-01-08T18:30:00+09:00,J3,1470,1138,2608
2019-01-08T18:30:00+09:00,J4,1307,1275,2582
2019-01-08T18:30:00+09:00,J5,433,496,929
2019-01-08T18:45:00+09:00,J1,1258,1472,2730
2019-01-08T18:45:00+09:00,J2,798,885,1683
2019-01-08T18:45:00+09:00,J3,1352,1003,2355
2019-01-08T18:45:00+09:00,J4,1268,1183,2451
2019-01-08T18:45:00+09:00,J5,439,522,961
2019-01-08T19:00:00+09:00,J1,1248,1395,2643
2019-01-08T19:00:00+09:00,J2,701,753,1454
2019-01-08T19:00:00+09:00,J3,1273,1060,2333
2019-01-08T19:00:00+09:00,J4,1378,1315,2693
2019-01-08T19:00:00+09:00,J5,443,502,945
2019-01-08T19:15:00+09:00,J1,1260,1339,2599
2019-01-08T19:15:00+09:00,J2,647,750,1397
2019-01-08T19:15:00+09:00,J3,1225,1101,2326
2019-01-08T19:15:00+09:00,J4,1282,1306,2588
2019-01-08T19:15:00+09:00,J5,440,502,942
2019-01-08T19:30:00+09:00,J1,1224,1379,2603
2019-01-08T19:30:00+09:00,J2,663,764,1427
2019-01-08T19:30:00+09:00,J3,1059,953,2012
2019-01-08T19:30:00+09:00,J4,1263,1256,2519
2019-01-08T19:30:00+09:00,J5,414,438,852
2019-01-08T19:45:00+09:00,J1,1231,1393,2624
2019-01-08T19:45:00+09:00,J2,631,754,1385
2019-01-08T19:45:00+09:00,J3,944,901,1845
2019-01-08T19:45:00+09:00,J4,1308,1296,2604
2019-01-08T19:45:00+09:00,J5,418,431,849
2019-01-08T20:00:00+09:00,J1,1216,1377,2593
2019-01-08T20:00:00+09:00,J2,604,649,1253
2019-01-08T20:00:00+09:00,J3,1008,952,1960
2019-01-08T20:00:00+09:00,J4,1312,1348,2660
2019-01-08T20:00:00+09:00,J5,383,447,830
2019-01-08T20:15:00+09:00,J1,1199,1437,2636
2019-01-08T20:15:00+09:00,J2,601,674,1275
2019-01-08T20:15:00+09:00,J3,962,891,1853
2019-01-08T20:15:00+09:00,J4,1297,1359,2656
2019-01-08T20:15:00+09:00,J5,446,455,901
2019-01-08T20:30:00+09:00,J1,1209,1402,2611
2019-01-08T20:30:00+09:00,J2,615,587,1202
2019-01-08T20:30:00+09:00,J3,1091,970,2061
2019-01-08T20:30:00+09:00,J4,1367,1364,2731
2019-01-08T20:30:00+09:00,J5,387,405,792
2019-01-08T20:45:00+09:00,J1,1299,1388,2687
2019-01-08T20:45:00+09:00,J2,522,497,1019
2019-01-08T20:45:00+09:00,J3,915,828,1743
2019-01-08T20:45:00+09:00,J4,1363,1367,2730
2019-01-08T20:45:00+09:00,J5,365,398,763
2019-01-08T21:00:00+09:00,J1,1148,1340,2488
2019-01-08T21:00:00+09:00,J2,739,690,1429
2019-01-08T21:00:00+09:00,J3,1097,832,1929
2019-01-08T21:00:00+09:00,J4,1365,1358,2723
2019-01-08T21:00:00+09:00,J5,422,381,803
2019-01-08T21:15:00+09:00,J1,1157,1376,2533
2019-01-08T21:15:00+09:00,J2,704,801,1505
2019-01-08T21:15:00+09:00,J3,1015,763,1778
2019-01-08T21:15:00+09:00,J4,1317,1359,2676
2019-01-08T21:15:00+09:00,J5,466,426,892
2019-01-08T21:30:00+09:00,J1,1102,1279,2381
2019-01-08T21:30:00+09:00,J2,595,716,1311
2019-01-08T21:30:00+09:00,J3,964,725,1689
2019-01-08T21:30:00+09:00,J4,1242,1282,2524
2019-01-08T21:30:00+09:00,J5,482,439,921
2019-01-08T21:45:00+09:00,J1,1095,1296,2391
2019-01-08T21:45:00+09:00,J2,544,697,1241
2019-01-08T21:45:00+09:00,J3,852,740,1592
2019-01-08T21:45:00+09:00,J4,1326,1267,2593
2019-01-08T21:45:00+09:00,J5,516,466,982
2019-01-08T22:00:00+09:00,J1,1122,1285,2407
2019-01-08T22:00:00+09:00,J2,699,699,1398
2019-01-08T22:00:00+09:00,J3,777,724,1501
2019-01-08T22:00:00+09:00,J4,1257,1261,2518
2019-01-08T22:00:00+09:00,J5,506,471,977
2019-01-08T22:15:00+09:00,J1,1111,1156,2267
2019-01-08T22:15:00+09:00,J2,768,717,1485
2019-01-08T22:15:00+09:00,J3,753,757,1510
2019-01-08T22:15:00+09:00,J4,1261,1297,2558
2019-01-08T22:15:00+09:00,J5,488,502,990
2019-01-08T22:30:00+09:00,J1,1121,1269,2390
2019-01-08T22:30:00+09:00,J2,792,762,1554
2019-01-08T22:30:00+09:00,J3,811,741,1552
2019-01-08T22:30:00+09:00,J4,1221,1221,2442
2019-01-08T22:30:00+09:00,J5,563,545,1108
2019-01-08T22:45:00+09:00,J1,1121,1177,2298
2019-01-08T22:45:00+09:00,J2,760,736,1496
2019-01-08T22:45:00+09:00,J3,903,844,1747
2019-01-08T22:45:00+09:00,J4,1136,1233,2369
2019-01-08T22:45:00+09:00,J5,616,594,1210
2019-01-08T23:00:00+09:00,J1,1070,1162,2232
2019-01-08T23:00:00+09:00,J2,859,813,1672
2019-01-08T23:00:00+09:00,J3,935,922,1857
2019-01-08T23:00:00+09:00,J4,1203,1233,2436
2019-01-08T23:00:00+09:00,J5,589,595,1184
2019-01-08T23:15:00+09:00,J1,1060,1184,2244
2019-01-08T23:15:00+09:00,J2,805,790,1595
2019-01-08T23:15:00+09:00,J3,921,961,1882
2019-01-08T23:15:00+09:00,J4,1186,1225,2411
2019-01-08T23:15:00+09:00,J5,583,526,1109
2019-01-08T23:30:00+09:00,J1,1122,1083,2205
2019-01-08T23:30:00+09:00,J2,792,737,1529
2019-01-08T23:30:00+09:00,J3,893,928,1821
2019-01-08T23:30:00+09:00,J4,1041,1096,2137
2019-01-08T23:30:00+09:00,J5,599,587,1186
2019-01-08T23:45:00+09:00,J1,1049,1163,2212
2019-01-08T23:45:00+09:00,J2,730,697,1427
2019-01-08T23:45:00+09:00,J3,832,808,1640
2019-01-08T23:45:00+09:00,J4,1060,1140,2200
2019-01-08T23:45:00+09:00,J5,644,549,1193
2019-01-09T00:00:00+09:00,J1,823,860,1683
2019-01-09T00:00:00+09:00,J2,751,656,1407
2019-01-09T00:00:00+09:00,J3,931,905,1836
2019-01-09T00:00:00+09:00,J4,1133,1092,2225
2019-01-09T00:00:00+09:00,J5,614,605,1219
2019-01-09T00:15:00+09:00,J1,678,698,1376
2019-01-09T00:15:00+09:00,J2,690,668,1358
2019-01-09T00:15:00+09:00,J3,953,785,1738
2019-01-09T00:15:00+09:00,J4,1027,1042,2069
2019-01-09T00:15:00+09:00,J5,572,557,1129
2019-01-09T00:30:00+09:00,J1,534,521,1055
2019-01-09T00:30:00+09:00,J2,749,721,1470
2019-01-09T00:30:00+09:00,J3,889,743,1632
2019-01-09T00:30:00+09:00,J4,969,911,1880
2019-01-09T00:30:00+09:00,J5,600,549,1149
2019-01-09T00:45:00+09:00,J1,536,577,1113
2019-01-09T00:45:00+09:00,J2,736,697,1433
2019-01-09T00:45:00+09:00,J3,841,762,1603
2019-01-09T00:45:00+09:00,J4,742,819,1561
2019-01-09T00:45:00+09:00,J5,559,504,1063
2019-01-09T05:45:00+09:00,J1,754,812,1566
2019-01-09T05:45:00+09:00,J2,636,710,1346
2019-01-09T05:45:00+09:00,J3,578,613,1191
2019-01-09T05:45:00+09:00,J4,856,953,1809
2019-01-09T05:45:00+09:00,J5,510,514,1024
2019-01-09T06:00:00+09:00,J1,848,881,1729
2019-01-09T06:00:00+09:00,J2,730,797,1527
2019-01-09T06:00:00+09:00,J3,814,651,1465
2019-01-09T06:00:00+09:00,J4,841,888,1729
2019-01-09T06:00:00+09:00,J5,469,474,943
2019-01-09T06:15:00+09:00,J1,999,936,1935
2019-01-09T06:15:00+09:00,J2,816,755,1571
2019-01-09T06:15:00+09:00,J3,913,682,1595
2019-01-09T06:15:00+09:00,J4,966,991,1957
2019-01-09T06:15:00+09:00,J5,556,590,1146
2019-01-09T06:30:00+09:00,J1,1083,1008,2091
2019-01-09T06:30:00+09:00,J2,777,770,1547
2019-01-09T06:30:00+09:00,J3,786,688,1474
2019-01-09T06:30:00+09:00,J4,984,1077,2061
2019-01-09T06:30:00+09:00,J5,514,546,1060
2019-01-09T06:45:00+09:00,J1,1038,969,2007
2019-01-09T06:45:00+09:00,J2,837,816,1653
2019-01-09T06:45:00+09:00,J3,907,675,1582
2019-01-09T06:45:00+09:00,J4,1028,1148,2176
2019-01-09T06:45:00+09:00,J5,633,553,1186
2019-01-09T07:00:00+09:00,J1,1130,1188,2318
2019-01-09T07:00:00+09:00,J2,741,790,1531
2019-01-09T07:00:00+09:00,J3,1026,714,1740
2019-01-09T07:00:00+09:00,J4,1136,1273,2409
2019-01-09T07:00:00+09:00,J5,710,623,1333
2019-01-09T07:15:00+09:00,J1,1102,1189,2291
2019-01-09T07:15:00+09:00,J2,832,808,1640
2019-01-09T07:15:00+09:00,J3,1092,886,1978
2019-01-09T07:15:00+09:00,J4,1184,1291,2475
2019-01-09T07:15:00+09:00,J5,750,641,1391
2019-01-09T07:30:00+09:00,J1,1231,1298,2529
2019-01-09T07:30:00+09:00,J2,842,771,1613
2019-01-09T07:30:00+09:00,J3,1225,1127,2352
2019-01-09T07:30:00+09:00,J4,1283,1390,2673
2019-01-09T07:30:00+09:00,J5,627,590,1217
2019-01-09T07:45:00+09:00,J1,1229,1404,2633
2019-01-09T07:45:00+09:00,J2,964,686,1650
2019-01-09T07:45:00+09:00,J3,1369,1336,2705
2019-01-09T07:45:00+09:00,J4,1237,1388,2625
2019-01-09T07:45:00+09:00,J5,717,661,1378
2019-01-09T08:00:00+09:00,J1,1374,1416,2790
2019-01-09T08:00:00+09:00,J2,1065,827,1892
2019-01-09T08:00:00+09:00,J3,1461,1311,2772
2019-01-09T08:00:00+09:00,J4,990,1308,2298
2019-01-09T08:00:00+09:00,J5,743,754,1497
2019-01-09T08:15:00+09:00,J1,1423,1328,2751
2019-01-09T08:15:00+09:00,J2,1181,882,2063
2019-01-09T08:15:00+09:00,J3,1509,1473,2982
2019-01-09T08:15:00+09:00,J4,1088,1369,2457
2019-01-09T08:15:00+09:00,J5,723,734,1457
2019-01-09T08:30:00+09:00,J1,1477,1308,2785
2019-01-09T08:30:00+09:00,J2,1182,693,1875
2019-01-09T08:30:00+09:00,J3,1380,1487,2867
2019-01-09T08:30:00+09:00,J4,1010,1340,2350
2019-01-09T08:30:00+09:00,J5,678,763,1441
2019-01-09T08:45:00+09:00,J1,1458,1403,2861
2019-01-09T08:45:00+09:00,J2,1047,711,1758
2019-01-09T08:45:00+09:00,J3,1400,1401,2801
2019-01-09T08:45:00+09:00,J4,1022,1250,2272
2019-01-09T08:45:00+09:00,J5,603,638,1241
2019-01-09T09:00:00+09:00,J1,1304,1404,2708
2019-01-09T09:00:00+09:00,J2,842,702,1544
2019-01-09T09:00:00+09:00,J3,1316,1235,2551
2019-01-09T09:00:00+09:00,J4,930,1095,2025
2019-01-09T09:00:00+09:00,J5,642,611,1253
2019-01-09T09:15:00+09:00,J1,1393,1356,2749
2019-01-09T09:15:00+09:00,J2,927,805,1732
2019-01-09T09:15:00+09:00,J3,1206,1146,2352
2019-01-09T09:15:00+09:00,J4,925,1104,2029
2019-01-09T09:15:00+09:00,J5,572,593,1165
2019-01-09T09:30:00+09:00,J1,1227,1420,2647
2019-01-09T09:30:00+09:00,J2,875,805,1680
2019-01-09T09:30:00+09:00,J3,1202,1201,2403
2019-01-09T09:30:00+09:00,J4,970,1070,2040
2019-01-09T09:30:00+09:00,J5,528,544,1072
2019-01-09T09:45:00+09:00,J1,1219,1331,2550
2019-01-09T09:45:00+09:00,J2,771,607,1378
2019-01-09T09:45:00+09:00,J3,1195,1231,2426
2019-01-09T09:45:00+09:00,J4,939,1013,1952
2019-01-09T09:45:00+09:00,J5,543,552,1095
2019-01-09T10:00:00+09:00,J1,1318,1312,2630
2019-01-09T10:00:00+09:00,J2,655,571,1226
2019-01-09T10:00:00+09:00,J3,1038,1070,2108
2019-01-09T10:00:00+09:00,J4,837,907,1744
2019-01-09T10:00:00+09:00,J5,492,509,1001
2019-01-09T10:15:00+09:00,J1,1278,1336,2614
2019-01-09T10:15:00+09:00,J2,792,601,1393
2019-01-09T10:15:00+09:00,J3,964,957,1921
2019-01-09T10:15:00+09:00,J4,709,890,1599
2019-01-09T10:15:00+09:00,J5,411,456,867
2019-01-09T10:30:00+09:00,J1,1338,1317,2655
2019-01-09T10:30:00+09:00,J2,757,682,1439
2019-01-09T10:30:00+09:00,J3,952,972,1924
2019-01-09T10:30:00+09:00,J4,709,900,1609
2019-01-09T10:30:00+09:00,J5,477,481,958
2019-01-09T10:45:00+09:00,J1,1350,1407,2757
2019-01-09T10:45:00+09:00,J2,760,722,1482
2019-01-09T10:45:00+09:00,J3,1140,1117,2257
2019-01-09T10:45:00+09:00,J4,848,922,1770
2019-01-09T10:45:00+09:00,J5,467,450,917
2019-01-09T11:00:00+09:00,J1,1223,1329,2552
2019-01-09T11:00:00+09:00,J2,681,696,1377
2019-01-09T11:00:00+09:00,J3,1094,1126,2220
2019-01-09T11:00:00+09:00,J4,890,1003,1893
2019-01-09T11:00:00+09:00,J5,418,474,892
2019-01-09T11:15:00+09:00,J1,1258,1466,2724
2019-01-09T11:15:00+09:00,J2,762,796,1558
2019-01-09T11:15:00+09:00,J3,1250,1070,2320
2019-01-09T11:15:00+09:00,J4,928,956,1884
2019-01-09T11:15:00+09:00,J5,604,560,1164
2019-01-09T11:30:00+09:00,J1,1301,1383,2684
2019-01-09T11:30:00+09:00,J2,762,787,1549
2019-01-09T11:30:00+09:00,J3,1248,1157,2405
2019-01-09T11:30:00+09:00,J4,1034,993,2027
2019-01-09T11:30:00+09:00,J5,710,647,1357
2019-01-09T11:45:00+09:00,J1,1262,1499,2761
2019-01-09T11:45:00+09:00,J2,752,840,1592
2019-01-09T11:45:00+09:00,J3,1311,1115,2426
2019-01-09T11:45:00+09:00,J4,911,920,1831
2019-01-09T11:45:00+09:00,J5,626,626,1252
2019-01-09T12:00:00+09:00,J1,1258,1421,2679
2019-01-09T12:00:00+09:00,J2,823,827,1650
2019-01-09T12:00:00+09:00,J3,1424,1180,2604
2019-01-09T12:00:00+09:00,J4,974,977,1951
2019-01-09T12:00:00+09:00,J5,696,693,1389
2019-01-09T12:15:00+09:00,J1,1244,1386,2630
2019-01-09T12:15:00+09:00,J2,890,917,1807
2019-01-09T12:15:00+09:00,J3,1296,1228,2524
2019-01-09T12:15:00+09:00,J4,993,1014,2007
2019-01-09T12:15:00+09:00,J5,726,666,1392
2019-01-09T12:30:00+09:00,J1,1212,1421,2633
2019-01-09T12:30:00+09:00,J2,790,847,1637
2019-01-09T12:30:00+09:00,J3,1230,1198,2428
2019-01-09T12:30:00+09:00,J4,994,988,1982
2019-01-09T12:30:00+09:00,J5,711,666,1377
2019-01-09T12:45:00+09:00,J1,1154,1407,2561
2019-01-09T12:45:00+09:00,J2,830,879,1709
2019-01-09T12:45:00+09:00,J3,1186,1103,2289
2019-01-09T12:45:00+09:00,J4,994,1014,2008
2019-01-09T12:45:00+09:00,J5,612,626,1238
2019-01-09T13:00:00+09:00,J1,1210,1472,2682
2019-01-09T13:00:00+09:00,J2,832,857,1689
2019-01-09T13:00:00+09:00,J3,1154,1136,2290
2019-01-09T13:00:00+09:00,J4,1041,890,1931
2019-01-09T13:00:00+09:00,J5,664,592,1256
2019-01-09T13:15:00+09:00,J1,1231,1449,2680
2019-01-09T13:15:00+09:00,J2,801,844,1645
2019-01-09T13:15:00+09:00,J3,1117,1135,2252
2019-01-09T13:15:00+09:00,J4,998,928,1926
2019-01-09T13:15:00+09:00,J5,702,632,1334
2019-01-09T13:30:00+09:00,J1,1191,1464,2655
2019-01-09T13:30:00+09:00,J2,713,807,1520
2019-01-09T13:30:00+09:00,J3,1074,1087,2161
2019-01-09T13:30:00+09:00,J4,952,970,1922
2019-01-09T13:30:00+09:00,J5,657,590,1247
2019-01-09T13:45:00+09:00,J1,1104,1401,2505
2019-01-09T13:45:00+09:00,J2,710,824,1534
2019-01-09T13:45:00+09:00,J3,1171,967,2138
2019-01-09T13:45:00+09:00,J4,878,884,1762
2019-01-09T13:45:00+09:00,J5,626,625,1251
2019-01-09T14:00:00+09:00,J1,1131,1435,2566
2019-01-09T14:00:00+09:00,J2,807,824,1631
2019-01-09T14:00:00+09:00,J3,1187,999,2186
2019-01-09T14:00:00+09:00,J4,912,890,1802
2019-01-09T14:00:00+09:00,J5,621,565,1186
2019-01-09T14:15:00+09:00,J1,1174,1377,2551
2019-01-09T14:15:00+09:00,J2,813,830,1643
2019-01-09T14:15:00+09:00,J3,1256,1004,2260
2019-01-09T14:15:00+09:00,J4,902,942,1844
2019-01-09T14:15:00+09:00,J5,637,590,1227
2019-01-09T14:30:00+09:00,J1,1184,1340,2524
2019-01-09T14:30:00+09:00,J2,737,825,1562
2019-01-09T14:30:00+09:00,J3,1200,1018,2218
2019-01-09T14:30:00+09:00,J4,852,974,1826
2019-01-09T14:30:00+09:00,J5,633,562,1195
2019-01-09T14:45:00+09:00,J1,1216,1386,2602
2019-01-09T14:45:00+09:00,J2,795,841,1636
2019-01-09T14:45:00+09:00,J3,977,1073,2050
2019-01-09T14:45:00+09:00,J4,882,918,1800
2019-01-09T14:45:00+09:00,J5,620,566,1186
2019-01-09T15:00:00+09:00,J1,1184,1446,2630
2019-01-09T15:00:00+09:00,J2,851,935,1786
2019-01-09T15:00:00+09:00,J3,1033,1090,2123
2019-01-09T15:00:00+09:00,J4,860,886,1746
2019-01-09T15:00:00+09:00,J5,645,567,1212
2019-01-09T15:15:00+09:00,J1,1215,1404,2619
2019-01-09T15:15:00+09:00,J2,911,833,1744
2019-01-09T15:15:00+09:00,J3,1034,1168,2202
2019-01-09T15:15:00+09:00,J4,841,910,1751
2019-01-09T15:15:00+09:00,J5,640,595,1235
2019-01-09T15:30:00+09:00,J1,1176,1413,2589
2019-01-09T15:30:00+09:00,J2,793,827,1620
2019-01-09T15:30:00+09:00,J3,939,1077,2016
2019-01-09T15:30:00+09:00,J4,855,1026,1881
2019-01-09T15:30:00+09:00,J5,622,541,1163
2019-01-09T15:45:00+09:00,J1,1173,1391,2564
2019-01-09T15:45:00+09:00,J2,789,839,1628
2019-01-09T15:45:00+09:00,J3,988,1100,2088
2019-01-09T15:45:00+09:00,J4,829,854,1683
2019-01-09T15:45:00+09:00,J5,568,591,1159
2019-01-09T16:00:00+09:00,J1,1144,1396,2540
2019-01-09T16:00:00+09:00,J2,808,895,1703
2019-01-09T16:00:00+09:00,J3,1075,1105,2180
2019-01-09T16:00:00+09:00,J4,731,845,1576
2019-01-09T16:00:00+09:00,J5,637,557,1194
2019-01-09T16:15:00+09:00,J1,1152,1371,2523
2019-01-09T16:15:00+09:00,J2,782,830,1612
2019-01-09T16:15:00+09:00,J3,1088,1032,2120
2019-01-09T16:15:00+09:00,J4,736,927,1663
2019-01-09T16:15:00+09:00,J5,580,527,1107
2019-01-09T16:30:00+09:00,J1,1179,1365,2544
2019-01-09T16:30:00+09:00,J2,789,846,1635
2019-01-09T16:30:00+09:00,J3,1025,1093,2118
2019-01-09T16:30:00+09:00,J4,834,918,1752
2019-01-09T16:30:00+09:00,J5,587,573,1160
2019-01-09T16:45:00+09:00,J1,1188,1340,2528
2019-01-09T16:45:00+09:00,J2,749,793,1542
2019-01-09T16:45:00+09:00,J3,1215,1027,2242
2019-01-09T16:45:00+09:00,J4,766,942,1708
2019-01-09T16:45:00+09:00,J5,602,555,1157
2019-01-09T17:00:00+09:00,J1,1250,1446,2696
2019-01-09T17:00:00+09:00,J2,795,845,1640
2019-01-09T17:00:00+09:00,J3,1307,1187,2494
2019-01-09T17:00:00+09:00,J4,861,852,1713
2019-01-09T17:00:00+09:00,J5,616,619,1235
2019-01-09T17:15:00+09:00,J1,1230,1486,2716
2019-01-09T17:15:00+09:00,J2,907,906,1813
2019-01-09T17:15:00+09:00,J3,1434,1208,2642
2019-01-09T17:15:00+09:00,J4,995,941,1936
2019-01-09T17:15:00+09:00,J5,663,730,1393
2019-01-09T17:30:00+09:00,J1,1309,1420,2729
2019-01-09T17:30:00+09:00,J2,977,925,1902
2019-01-09T17:30:00+09:00,J3,1448,1338,2786
2019-01-09T17:30:00+09:00,J4,1144,893,2037
2019-01-09T17:30:00+09:00,J5,593,789,1382
2019-01-09T17:45:00+09:00,J1,1265,1456,2721
2019-01-09T17:45:00+09:00,J2,933,925,1858
2019-01-09T17:45:00+09:00,J3,1578,1337,2915
2019-01-09T17:45:00+09:00,J4,1196,979,2175
2019-01-09T17:45:00+09:00,J5,590,754,1344
2019-01-09T18:00:00+09:00,J1,1264,1508,2772
2019-01-09T18:00:00+09:00,J2,943,968,1911
2019-01-09T18:00:00+09:00,J3,1524,1168,2692
2019-01-09T18:00:00+09:00,J4,1052,942,1994
2019-01-09T18:00:00+09:00,J5,575,747,1322
2019-01-09T18:15:00+09:00,J1,1347,1465,2812
2019-01-09T18:15:00+09:00,J2,879,916,1795
2019-01-09T18:15:00+09:00,J3,1568,1188,2756
2019-01-09T18:15:00+09:00,J4,1089,814,1903
2019-01-09T18:15:00+09:00,J5,491,727,1218
2019-01-09T18:30:00+09:00,J1,1269,1372,2641
2019-01-09T18:30:00+09:00,J2,936,863,1799
2019-01-09T18:30:00+09:00,J3,1305,1133,2438
2019-01-09T18:30:00+09:00,J4,915,849,1764
2019-01-09T18:30:00+09:00,J5,407,561,968
2019-01-09T18:45:00+09:00,J1,1276,1439,2715
2019-01-09T18:45:00+09:00,J2,836,864,1700
2019-01-09T18:45:00+09:00,J3,1104,1111,2215
2019-01-09T18:45:00+09:00,J4,811,881,1692
2019-01-09T18:45:00+09:00,J5,446,522,968
2019-01-09T19:00:00+09:00,J1,1202,1500,2702
2019-01-09T19:00:00+09:00,J2,709,731,1440
2019-01-09T19:00:00+09:00,J3,1119,1070,2189
2019-01-09T19:00:00+09:00,J4,905,905,1810
2019-01-09T19:00:00+09:00,J5,417,505,922
2019-01-09T19:15:00+09:00,J1,1228,1369,2597
2019-01-09T19:15:00+09:00,J2,625,681,1306
2019-01-09T19:15:00+09:00,J3,1218,1088,2306
2019-01-09T19:15:00+09:00,J4,980,896,1876
2019-01-09T19:15:00+09:00,J5,459,491,950
2019-01-09T19:30:00+09:00,J1,1170,1465,2635
2019-01-09T19:30:00+09:00,J2,604,684,1288
2019-01-09T19:30:00+09:00,J3,1226,1229,2455
2019-01-09T19:30:00+09:00,J4,1001,794,1795
2019-01-09T19:30:00+09:00,J5,446,480,926
2019-01-09T19:45:00+09:00,J1,1145,1298,2443
2019-01-09T19:45:00+09:00,J2,558,728,1286
2019-01-09T19:45:00+09:00,J3,971,903,1874
2019-01-09T19:45:00+09:00,J4,925,847,1772
2019-01-09T19:45:00+09:00,J5,405,394,799
2019-01-09T20:00:00+09:00,J1,1184,1351,2535
2019-01-09T20:00:00+09:00,J2,591,709,1300
2019-01-09T20:00:00+09:00,J3,1048,955,2003
2019-01-09T20:00:00+09:00,J4,954,887,1841
2019-01-09T20:00:00+09:00,J5,397,382,779
2019-01-09T20:15:00+09:00,J1,1174,1349,2523
2019-01-09T20:15:00+09:00,J2,639,639,1278
2019-01-09T20:15:00+09:00,J3,1077,922,1999
2019-01-09T20:15:00+09:00,J4,1022,834,1856
2019-01-09T20:15:00+09:00,J5,438,357,795
2019-01-09T20:30:00+09:00,J1,1106,1260,2366
2019-01-09T20:30:00+09:00,J2,629,592,1221
2019-01-09T20:30:00+09:00,J3,979,887,1866
2019-01-09T20:30:00+09:00,J4,932,827,1759
2019-01-09T20:30:00+09:00,J5,376,363,739
2019-01-09T20:45:00+09:00,J1,1135,1299,2434
2019-01-09T20:45:00+09:00,J2,778,770,1548
2019-01-09T20:45:00+09:00,J3,1065,886,1951
2019-01-09T20:45:00+09:00,J4,891,812,1703
2019-01-09T20:45:00+09:00,J5,365,366,731
2019-01-09T21:00:00+09:00,J1,866,983,1849
2019-01-09T21:00:00+09:00,J2,588,592,1180
2019-01-09T21:00:00+09:00,J3,847,730,1577
2019-01-09T21:00:00+09:00,J4,733,688,1421
2019-01-09T21:00:00+09:00,J5,285,310,595
2019-01-09T21:15:00+09:00,J1,1246,1450,2696
2019-01-09T21:15:00+09:00,J2,750,765,1515
2019-01-09T21:15:00+09:00,J3,1265,1097,2362
2019-01-09T21:15:00+09:00,J4,1183,1018,2201
2019-01-09T21:15:00+09:00,J5,462,440,902
2019-01-09T21:30:00+09:00,J1,1056,1215,2271
2019-01-09T21:30:00+09:00,J2,557,635,1192
2019-01-09T21:30:00+09:00,J3,1031,871,1902
2019-01-09T21:30:00+09:00,J4,940,879,1819
2019-01-09T21:30:00+09:00,J5,396,350,746
2019-01-09T21:45:00+09:00,J1,1027,1173,2200
2019-01-09T21:45:00+09:00,J2,567,564,1131
2019-01-09T21:45:00+09:00,J3,971,713,1684
2019-01-09T21:45:00+09:00,J4,922,827,1749
2019-01-09T21:45:00+09:00,J5,438,352,790
2019-01-09T22:00:00+09:00,J1,951,1150,2101
2019-01-09T22:00:00+09:00,J2,549,603,1152
2019-01-09T22:00:00+09:00,J3,967,766,1733
2019-01-09T22:00:00+09:00,J4,871,847,1718
2019-01-09T22:00:00+09:00,J5,387,371,758
2019-01-09T22:15:00+09:00,J1,981,1147,2128
2019-01-09T22:15:00+09:00,J2,584,695,1279
2019-01-09T22:15:00+09:00,J3,793,650,1443
2019-01-09T22:15:00+09:00,J4,914,859,1773
2019-01-09T22:15:00+09:00,J5,464,358,822
2019-01-09T22:30:00+09:00,J1,1021,1095,2116
2019-01-09T22:30:00+09:00,J2,833,749,1582
2019-01-09T22:30:00+09:00,J3,811,747,1558
2019-01-09T22:30:00+09:00,J4,848,817,1665
2019-01-09T22:30:00+09:00,J5,423,459,882
2019-01-09T22:45:00+09:00,J1,964,1060,2024
2019-01-09T22:45:00+09:00,J2,655,646,1301
2019-01-09T22:45:00+09:00,J3,801,774,1575
2019-01-09T22:45:00+09:00,J4,855,845,1700
2019-01-09T22:45:00+09:00,J5,460,462,922
2019-01-09T23:00:00+09:00,J1,997,1129,2126
2019-01-09T23:00:00+09:00,J2,607,635,1242
2019-01-09T23:00:00+09:00,J3,695,695,1390
2019-01-09T23:00:00+09:00,J4,920,838,1758
2019-01-09T23:00:00+09:00,J5,492,523,1015
2019-01-09T23:15:00+09:00,J1,966,1123,2089
2019-01-09T23:15:00+09:00,J2,558,678,1236
2019-01-09T23:15:00+09:00,J3,835,815,1650
2019-01-09T23:15:00+09:00,J4,766,882,1648
2019-01-09T23:15:00+09:00,J5,533,537,1070
2019-01-09T23:30:00+09:00,J1,808,918,1726
2019-01-09T23:30:00+09:00,J2,588,661,1249
2019-01-09T23:30:00+09:00,J3,684,706,1390
2019-01-09T23:30:00+09:00,J4,842,826,1668
2019-01-09T23:30:00+09:00,J5,567,448,1015
2019-01-09T23:45:00+09:00,J1,854,975,1829
2019-01-09T23:45:00+09:00,J2,505,666,1171
2019-01-09T23:45:00+09:00,J3,649,640,1289
2019-01-09T23:45:00+09:00,J4,759,733,1492
2019-01-09T23:45:00+09:00,J5,531,511,1042
2019-01-10T00:00:00+09:00,J1,814,810,1624
2019-01-10T00:00:00+09:00,J2,641,587,1228
2019-01-10T00:00:00+09:00,J3,699,654,1353
2019-01-10T00:00:00+09:00,J4,843,714,1557
2019-01-10T00:00:00+09:00,J5,568,577,1145
2019-01-10T00:15:00+09:00,J1,628,634,1262
2019-01-10T00:15:00+09:00,J2,640,557,1197
2019-01-10T00:15:00+09:00,J3,972,825,1797
2019-01-10T00:15:00+09:00,J4,735,734,1469
2019-01-10T00:15:00+09:00,J5,544,490,1034
2019-01-10T00:30:00+09:00,J1,647,620,1267
2019-01-10T00:30:00+09:00,J2,539,489,1028
2019-01-10T00:30:00+09:00,J3,996,860,1856
2019-01-10T00:30:00+09:00,J4,608,540,1148
2019-01-10T00:30:00+09:00,J5,427,431,858
2019-01-10T00:45:00+09:00,J1,600,610,1210
2019-01-10T00:45:00+09:00,J2,517,569,1086
2019-01-10T00:45:00+09:00,J3,976,875,1851
2019-01-10T00:45:00+09:00,J4,504,535,1039
2019-01-10T00:45:00+09:00,J5,451,444,895
2019-01-10T05:45:00+09:00,J1,804,869,1673
2019-01-10T05:45:00+09:00,J2,842,701,1543
2019-01-10T05:45:00+09:00,J3,937,718,1655
2019-01-10T05:45:00+09:00,J4,572,627,1199
2019-01-10T05:45:00+09:00,J5,486,511,997
2019-01-10T06:00:00+09:00,J1,733,815,1548
2019-01-10T06:00:00+09:00,J2,747,666,1413
2019-01-10T06:00:00+09:00,J3,972,752,1724
2019-01-10T06:00:00+09:00,J4,609,692,1301
2019-01-10T06:00:00+09:00,J5,543,507,1050
2019-01-10T06:15:00+09:00,J1,947,977,1924
2019-01-10T06:15:00+09:00,J2,679,534,1213
2019-01-10T06:15:00+09:00,J3,991,860,1851
2019-01-10T06:15:00+09:00,J4,716,804,1520
2019-01-10T06:15:00+09:00,J5,616,520,1136
2019-01-10T06:30:00+09:00,J1,943,922,1865
2019-01-10T06:30:00+09:00,J2,629,588,1217
2019-01-10T06:30:00+09:00,J3,1027,840,1867
2019-01-10T06:30:00+09:00,J4,695,756,1451
2019-01-10T06:30:00+09:00,J5,616,566,1182
2019-01-10T06:45:00+09:00,J1,1031,1034,2065
2019-01-10T06:45:00+09:00,J2,860,713,1573
2019-01-10T06:45:00+09:00,J3,951,839,1790
2019-01-10T06:45:00+09:00,J4,741,856,1597
2019-01-10T06:45:00+09:00,J5,631,593,1224
2019-01-10T07:00:00+09:00,J1,1042,1120,2162
2019-01-10T07:00:00+09:00,J2,812,753,1565
2019-01-10T07:00:00+09:00,J3,1016,910,1926
2019-01-10T07:00:00+09:00,J4,781,871,1652
2019-01-10T07:00:00+09:00,J5,673,637,1310
2019-01-10T07:15:00+09:00,J1,1095,1098,2193
2019-01-10T07:15:00+09:00,J2,778,650,1428
2019-01-10T07:15:00+09:00,J3,935,911,1846
2019-01-10T07:15:00+09:00,J4,775,875,1650
2019-01-10T07:15:00+09:00,J5,671,627,1298
2019-01-10T07:30:00+09:00,J1,1124,1230,2354
2019-01-10T07:30:00+09:00,J2,809,663,1472
2019-01-10T07:30:00+09:00,J3,1223,1140,2363
2019-01-10T07:30:00+09:00,J4,847,1020,1867
2019-01-10T07:30:00+09:00,J5,531,551,1082
2019-01-10T07:45:00+09:00,J1,1227,1299,2526
2019-01-10T07:45:00+09:00,J2,892,732,1624
2019-01-10T07:45:00+09:00,J3,1251,1146,2397
2019-01-10T07:45:00+09:00,J4,905,1070,1975
2019-01-10T07:45:00+09:00,J5,681,690,1371
2019-01-10T08:00:00+09:00,J1,1425,1316,2741
2019-01-10T08:00:00+09:00,J2,990,726,1716
2019-01-10T08:00:00+09:00,J3,1439,1277,2716
2019-01-10T08:00:00+09:00,J4,961,1148,2109
2019-01-10T08:00:00+09:00,J5,643,627,1270
2019-01-10T08:15:00+09:00,J1,1440,1300,2740
2019-01-10T08:15:00+09:00,J2,1177,863,2040
2019-01-10T08:15:00+09:00,J3,1360,1430,2790
2019-01-10T08:15:00+09:00,J4,1000,1152,2152
2019-01-10T08:15:00+09:00,J5,710,752,1462
2019-01-10T08:30:00+09:00,J1,1458,1318,2776
2019-01-10T08:30:00+09:00,J2,1141,709,1850
2019-01-10T08:30:00+09:00,J3,1225,1463,2688
2019-01-10T08:30:00+09:00,J4,969,1159,2128
2019-01-10T08:30:00+09:00,J5,740,687,1427
2019-01-10T08:45:00+09:00,J1,1365,1324,2689
2019-01-10T08:45:00+09:00,J2,943,709,1652
2019-01-10T08:45:00+09:00,J3,1252,1241,2493
2019-01-10T08:45:00+09:00,J4,879,1026,1905
2019-01-10T08:45:00+09:00,J5,551,520,1071
2019-01-10T09:00:00+09:00,J1,1325,1376,2701
2019-01-10T09:00:00+09:00,J2,797,726,1523
2019-01-10T09:00:00+09:00,J3,1199,1158,2357
2019-01-10T09:00:00+09:00,J4,939,957,1896
2019-01-10T09:00:00+09:00,J5,544,570,1114
2019-01-10T09:15:00+09:00,J1,1306,1184,2490
2019-01-10T09:15:00+09:00,J2,829,731,1560
2019-01-10T09:15:00+09:00,J3,1050,981,2031
2019-01-10T09:15:00+09:00,J4,853,951,1804
2019-01-10T09:15:00+09:00,J5,499,479,978
2019-01-10T09:30:00+09:00,J1,1169,1244,2413
2019-01-10T09:30:00+09:00,J2,832,637,1469
2019-01-10T09:30:00+09:00,J3,991,938,1929
2019-01-10T09:30:00+09:00,J4,949,1028,1977
2019-01-10T09:30:00+09:00,J5,431,530,961
2019-01-10T09:45:00+09:00,J1,1197,1332,2529
2019-01-10T09:45:00+09:00,J2,777,669,1446
2019-01-10T09:45:00+09:00,J3,1002,956,1958
2019-01-10T09:45:00+09:00,J4,890,914,1804
2019-01-10T09:45:00+09:00,J5,468,511,979
2019-01-10T10:00:00+09:00,J1,1125,1211,2336
2019-01-10T10:00:00+09:00,J2,668,699,1367
2019-01-10T10:00:00+09:00,J3,995,951,1946
2019-01-10T10:00:00+09:00,J4,918,875,1793
2019-01-10T10:00:00+09:00,J5,463,463,926
2019-01-10T10:15:00+09:00,J1,1143,1232,2375
2019-01-10T10:15:00+09:00,J2,763,671,1434
2019-01-10T10:15:00+09:00,J3,1064,981,2045
2019-01-10T10:15:00+09:00,J4,920,797,1717
2019-01-10T10:15:00+09:00,J5,431,409,840
2019-01-10T10:30:00+09:00,J1,1207,1245,2452
2019-01-10T10:30:00+09:00,J2,703,766,1469
2019-01-10T10:30:00+09:00,J3,1047,984,2031
2019-01-10T10:30:00+09:00,J4,942,939,1881
2019-01-10T10:30:00+09:00,J5,412,440,852
2019-01-10T10:45:00+09:00,J1,1121,1289,2410
2019-01-10T10:45:00+09:00,J2,687,777,1464
2019-01-10T10:45:00+09:00,J3,1025,925,1950
2019-01-10T10:45:00+09:00,J4,864,922,1786
2019-01-10T10:45:00+09:00,J5,419,450,869
2019-01-10T11:00:00+09:00,J1,1093,1218,2311
2019-01-10T11:00:00+09:00,J2,769,767,1536
2019-01-10T11:00:00+09:00,J3,910,865,1775
2019-01-10T11:00:00+09:00,J4,889,997,1886
2019-01-10T11:00:00+09:00,J5,363,443,806
2019-01-10T11:15:00+09:00,J1,1163,1332,2495
2019-01-10T11:15:00+09:00,J2,735,763,1498
2019-01-10T11:15:00+09:00,J3,1171,1042,2213
2019-01-10T11:15:00+09:00,J4,961,910,1871
2019-01-10T11:15:00+09:00,J5,567,530,1097
2019-01-10T11:30:00+09:00,J1,1229,1364,2593
2019-01-10T11:30:00+09:00,J2,735,730,1465
2019-01-10T11:30:00+09:00,J3,1316,1186,2502
2019-01-10T11:30:00+09:00,J4,910,902,1812
2019-01-10T11:30:00+09:00,J5,643,631,1274
2019-01-10T11:45:00+09:00,J1,1152,1372,2524
2019-01-10T11:45:00+09:00,J2,801,736,1537
2019-01-10T11:45:00+09:00,J3,1268,1139,2407
2019-01-10T11:45:00+09:00,J4,851,888,1739
2019-01-10T11:45:00+09:00,J5,606,611,1217
2019-01-10T12:00:00+09:00,J1,1187,1329,2516
2019-01-10T12:00:00+09:00,J2,825,743,1568
2019-01-10T12:00:00+09:00,J3,1245,1166,2411
2019-01-10T12:00:00+09:00,J4,856,835,1691
2019-01-10T12:00:00+09:00,J5,599,675,1274
2019-01-10T12:15:00+09:00,J1,1125,1347,2472
2019-01-10T12:15:00+09:00,J2,802,766,1568
2019-01-10T12:15:00+09:00,J3,1275,1084,2359
2019-01-10T12:15:00+09:00,J4,710,876,1586
2019-01-10T12:15:00+09:00,J5,659,668,1327
2019-01-10T12:30:00+09:00,J1,1161,1278,2439
2019-01-10T12:30:00+09:00,J2,823,727,1550
2019-01-10T12:30:00+09:00,J3,1111,949,2060
2019-01-10T12:30:00+09:00,J4,728,866,1594
2019-01-10T12:30:00+09:00,J5,646,613,1259
2019-01-10T12:45:00+09:00,J1,1172,1247,2419
2019-01-10T12:45:00+09:00,J2,850,745,1595
2019-01-10T12:45:00+09:00,J3,1066,974,2040
2019-01-10T12:45:00+09:00,J4,717,861,1578
2019-01-10T12:45:00+09:00,J5,612,638,1250
2019-01-10T13:00:00+09:00,J1,1162,1368,2530
2019-01-10T13:00:00+09:00,J2,828,832,1660
2019-01-10T13:00:00+09:00,J3,1040,941,1981
2019-01-10T13:00:00+09:00,J4,702,833,1535
2019-01-10T13:00:00+09:00,J5,580,603,1183
2019-01-10T13:15:00+09:00,J1,1063,1255,2318
2019-01-10T13:15:00+09:00,J2,796,784,1580
2019-01-10T13:15:00+09:00,J3,991,932,1923
2019-01-10T13:15:00+09:00,J4,693,856,1549
2019-01-10T13:15:00+09:00,J5,635,603,1238
2019-01-10T13:30:00+09:00,J1,1165,1304,2469
2019-01-10T13:30:00+09:00,J2,841,774,1615
2019-01-10T13:30:00+09:00,J3,899,855,1754
2019-01-10T13:30:00+09:00,J4,729,831,1560
2019-01-10T13:30:00+09:00,J5,592,543,1135
2019-01-10T13:45:00+09:00,J1,1122,1295,2417
2019-01-10T13:45:00+09:00,J2,773,747,1520
2019-01-10T13:45:00+09:00,J3,835,783,1618
2019-01-10T13:45:00+09:00,J4,726,780,1506
2019-01-10T13:45:00+09:00,J5,530,566,1096
2019-01-10T14:00:00+09:00,J1,1128,1276,2404
2019-01-10T14:00:00+09:00,J2,790,648,1438
2019-01-10T14:00:00+09:00,J3,882,808,1690
2019-01-10T14:00:00+09:00,J4,751,769,1520
2019-01-10T14:00:00+09:00,J5,526,518,1044
2019-01-10T14:15:00+09:00,J1,1164,1331,2495
2019-01-10T14:15:00+09:00,J2,843,709,1552
2019-01-10T14:15:00+09:00,J3,935,835,1770
2019-01-10T14:15:00+09:00,J4,742,751,1493
2019-01-10T14:15:00+09:00,J5,584,543,1127
2019-01-10T14:30:00+09:00,J1,1166,1248,2414
2019-01-10T14:30:00+09:00,J2,825,706,1531
2019-01-10T14:30:00+09:00,J3,911,906,1817
2019-01-10T14:30:00+09:00,J4,768,864,1632
2019-01-10T14:30:00+09:00,J5,602,649,1251
2019-01-10T14:45:00+09:00,J1,1081,1335,2416
2019-01-10T14:45:00+09:00,J2,776,715,1491
2019-01-10T14:45:00+09:00,J3,862,871,1733
2019-01-10T14:45:00+09:00,J4,787,865,1652
2019-01-10T14:45:00+09:00,J5,609,566,1175
2019-01-10T15:00:00+09:00,J1,1165,1302,2467
2019-01-10T15:00:00+09:00,J2,860,739,1599
2019-01-10T15:00:00+09:00,J3,918,872,1790
2019-01-10T15:00:00+09:00,J4,686,741,1427
2019-01-10T15:00:00+09:00,J5,630,571,1201
2019-01-10T15:15:00+09:00,J1,1112,1354,2466
2019-01-10T15:15:00+09:00,J2,825,758,1583
2019-01-10T15:15:00+09:00,J3,896,868,1764
2019-01-10T15:15:00+09:00,J4,700,734,1434
2019-01-10T15:15:00+09:00,J5,579,592,1171
2019-01-10T15:30:00+09:00,J1,1195,1319,2514
2019-01-10T15:30:00+09:00,J2,826,732,1558
2019-01-10T15:30:00+09:00,J3,986,976,1962
2019-01-10T15:30:00+09:00,J4,708,783,1491
2019-01-10T15:30:00+09:00,J5,556,530,1086
2019-01-10T15:45:00+09:00,J1,1068,1281,2349
2019-01-10T15:45:00+09:00,J2,761,714,1475
2019-01-10T15:45:00+09:00,J3,881,913,1794
2019-01-10T15:45:00+09:00,J4,684,744,1428
2019-01-10T15:45:00+09:00,J5,591,566,1157
2019-01-10T16:00:00+09:00,J1,1095,1347,2442
2019-01-10T16:00:00+09:00,J2,799,742,1541
2019-01-10T16:00:00+09:00,J3,1001,984,1985
2019-01-10T16:00:00+09:00,J4,734,861,1595
2019-01-10T16:00:00+09:00,J5,525,513,1038
2019-01-10T16:15:00+09:00,J1,1127,1342,2469
2019-01-10T16:15:00+09:00,J2,789,689,1478
2019-01-10T16:15:00+09:00,J3,1010,1010,2020
2019-01-10T16:15:00+09:00,J4,865,989,1854
2019-01-10T16:15:00+09:00,J5,492,516,1008
2019-01-10T16:30:00+09:00,J1,1080,1343,2423
2019-01-10T16:30:00+09:00,J2,820,865,1685
2019-01-10T16:30:00+09:00,J3,1135,1188,2323
2019-01-10T16:30:00+09:00,J4,802,868,1670
2019-01-10T16:30:00+09:00,J5,407,506,913
2019-01-10T16:45:00+09:00,J1,1083,1317,2400
2019-01-10T16:45:00+09:00,J2,822,763,1585
2019-01-10T16:45:00+09:00,J3,1296,1139,2435
2019-01-10T16:45:00+09:00,J4,722,764,1486
2019-01-10T16:45:00+09:00,J5,393,493,886
2019-01-10T17:00:00+09:00,J1,1183,1345,2528
2019-01-10T17:00:00+09:00,J2,813,890,1703
2019-01-10T17:00:00+09:00,J3,1264,1166,2430
2019-01-10T17:00:00+09:00,J4,797,807,1604
2019-01-10T17:00:00+09:00,J5,652,679,1331
2019-01-10T17:15:00+09:00,J1,1212,1348,2560
2019-01-10T17:15:00+09:00,J2,829,914,1743
2019-01-10T17:15:00+09:00,J3,1301,1056,2357
2019-01-10T17:15:00+09:00,J4,1024,960,1984
2019-01-10T17:15:00+09:00,J5,746,862,1608
2019-01-10T17:30:00+09:00,J1,1160,1507,2667
2019-01-10T17:30:00+09:00,J2,836,900,1736
2019-01-10T17:30:00+09:00,J3,1352,1039,2391
2019-01-10T17:30:00+09:00,J4,1151,966,2117
2019-01-10T17:30:00+09:00,J5,775,839,1614
2019-01-10T17:45:00+09:00,J1,1256,1434,2690
2019-01-10T17:45:00+09:00,J2,864,838,1702
2019-01-10T17:45:00+09:00,J3,1384,1055,2439
2019-01-10T17:45:00+09:00,J4,1118,935,2053
2019-01-10T17:45:00+09:00,J5,777,946,1723
2019-01-10T18:00:00+09:00,J1,1232,1496,2728
2019-01-10T18:00:00+09:00,J2,989,973,1962
2019-01-10T18:00:00+09:00,J3,1364,1077,2441
2019-01-10T18:00:00+09:00,J4,1188,1002,2190
2019-01-10T18:00:00+09:00,J5,785,881,1666
2019-01-10T18:15:00+09:00,J1,1201,1497,2698
2019-01-10T18:15:00+09:00,J2,934,918,1852
2019-01-10T18:15:00+09:00,J3,1354,1083,2437
2019-01-10T18:15:00+09:00,J4,1150,828,1978
2019-01-10T18:15:00+09:00,J5,723,915,1638
2019-01-10T18:30:00+09:00,J1,1285,1399,2684
2019-01-10T18:30:00+09:00,J2,821,809,1630
2019-01-10T18:30:00+09:00,J3,1411,1057,2468
2019-01-10T18:30:00+09:00,J4,854,694,1548
2019-01-10T18:30:00+09:00,J5,543,764,1307
2019-01-10T18:45:00+09:00,J1,1230,1437,2667
2019-01-10T18:45:00+09:00,J2,746,773,1519
2019-01-10T18:45:00+09:00,J3,1278,1129,2407
2019-01-10T18:45:00+09:00,J4,794,792,1586
2019-01-10T18:45:00+09:00,J5,443,645,1088
2019-01-10T19:00:00+09:00,J1,1172,1405,2577
2019-01-10T19:00:00+09:00,J2,709,761,1470
2019-01-10T19:00:00+09:00,J3,1354,1148,2502
2019-01-10T19:00:00+09:00,J4,835,879,1714
2019-01-10T19:00:00+09:00,J5,468,609,1077
2019-01-10T19:15:00+09:00,J1,1113,1413,2526
2019-01-10T19:15:00+09:00,J2,751,772,1523
2019-01-10T19:15:00+09:00,J3,1414,1205,2619
2019-01-10T19:15:00+09:00,J4,889,920,1809
2019-01-10T19:15:00+09:00,J5,462,583,1045
2019-01-10T19:30:00+09:00,J1,1142,1441,2583
2019-01-10T19:30:00+09:00,J2,854,806,1660
2019-01-10T19:30:00+09:00,J3,1325,1197,2522
2019-01-10T19:30:00+09:00,J4,870,850,1720
2019-01-10T19:30:00+09:00,J5,376,496,872
2019-01-10T19:45:00+09:00,J1,1177,1364,2541
2019-01-10T19:45:00+09:00,J2,725,758,1483
2019-01-10T19:45:00+09:00,J3,1262,1156,2418
2019-01-10T19:45:00+09:00,J4,828,920,1748
2019-01-10T19:45:00+09:00,J5,375,419,794
2019-01-10T20:00:00+09:00,J1,1108,1361,2469
2019-01-10T20:00:00+09:00,J2,774,690,1464
2019-01-10T20:00:00+09:00,J3,1297,1183,2480
2019-01-10T20:00:00+09:00,J4,945,867,1812
2019-01-10T20:00:00+09:00,J5,420,487,907
2019-01-10T20:15:00+09:00,J1,1081,1334,2415
2019-01-10T20:15:00+09:00,J2,768,750,1518
2019-01-10T20:15:00+09:00,J3,1294,1104,2398
2019-01-10T20:15:00+09:00,J4,901,850,1751
2019-01-10T20:15:00+09:00,J5,409,431,840
2019-01-10T20:30:00+09:00,J1,1092,1273,2365
2019-01-10T20:30:00+09:00,J2,825,750,1575
2019-01-10T20:30:00+09:00,J3,1196,1218,2414
2019-01-10T20:30:00+09:00,J4,1014,890,1904
2019-01-10T20:30:00+09:00,J5,381,373,754
2019-01-10T20:45:00+09:00,J1,1116,1375,2491
2019-01-10T20:45:00+09:00,J2,803,656,1459
2019-01-10T20:45:00+09:00,J3,1162,1119,2281
2019-01-10T20:45:00+09:00,J4,920,831,1751
2019-01-10T20:45:00+09:00,J5,387,386,773
2019-01-10T21:00:00+09:00,J1,1104,1265,2369
2019-01-10T21:00:00+09:00,J2,728,736,1464
2019-01-10T21:00:00+09:00,J3,1142,888,2030
2019-01-10T21:00:00+09:00,J4,994,876,1870
2019-01-10T21:00:00+09:00,J5,393,390,783
2019-01-10T21:15:00+09:00,J1,1069,1302,2371
2019-01-10T21:15:00+09:00,J2,639,707,1346
2019-01-10T21:15:00+09:00,J3,1110,879,1989
2019-01-10T21:15:00+09:00,J4,950,851,1801
2019-01-10T21:15:00+09:00,J5,374,412,786
2019-01-10T21:30:00+09:00,J1,1183,1322,2505
2019-01-10T21:30:00+09:00,J2,589,644,1233
2019-01-10T21:30:00+09:00,J3,1053,943,1996
2019-01-10T21:30:00+09:00,J4,939,867,1806
2019-01-10T21:30:00+09:00,J5,390,369,759
2019-01-10T21:45:00+09:00,J1,1033,1267,2300
2019-01-10T21:45:00+09:00,J2,707,720,1427
2019-01-10T21:45:00+09:00,J3,1001,916,1917
2019-01-10T21:45:00+09:00,J4,875,785,1660
2019-01-10T21:45:00+09:00,J5,389,315,704
2019-01-10T22:00:00+09:00,J1,985,1185,2170
2019-01-10T22:00:00+09:00,J2,800,773,1573
2019-01-10T22:00:00+09:00,J3,941,918,1859
2019-01-10T22:00:00+09:00,J4,841,838,1679
2019-01-10T22:00:00+09:00,J5,393,410,803
2019-01-10T22:15:00+09:00,J1,1079,1246,2325
2019-01-10T22:15:00+09:00,J2,732,740,1472
2019-01-10T22:15:00+09:00,J3,1093,1058,2151
2019-01-10T22:15:00+09:00,J4,876,889,1765
2019-01-10T22:15:00+09:00,J5,443,401,844
2019-01-10T22:30:00+09:00,J1,1032,1278,2310
2019-01-10T22:30:00+09:00,J2,825,760,1585
2019-01-10T22:30:00+09:00,J3,1139,1013,2152
2019-01-10T22:30:00+09:00,J4,783,857,1640
2019-01-10T22:30:00+09:00,J5,490,488,978
2019-01-10T22:45:00+09:00,J1,1037,1159,2196
2019-01-10T22:45:00+09:00,J2,890,741,1631
2019-01-10T22:45:00+09:00,J3,1078,987,2065
2019-01-10T22:45:00+09:00,J4,799,850,1649
2019-01-10T22:45:00+09:00,J5,556,539,1095
2019-01-10T23:00:00+09:00,J1,1019,1099,2118
2019-01-10T23:00:00+09:00,J2,849,742,1591
2019-01-10T23:00:00+09:00,J3,1046,980,2026
2019-01-10T23:00:00+09:00,J4,842,907,1749
2019-01-10T23:00:00+09:00,J5,617,580,1197
2019-01-10T23:15:00+09:00,J1,1008,1132,2140
2019-01-10T23:15:00+09:00,J2,788,704,1492
2019-01-10T23:15:00+09:00,J3,932,955,1887
2019-01-10T23:15:00+09:00,J4,829,900,1729
2019-01-10T23:15:00+09:00,J5,547,574,1121
2019-01-10T23:30:00+09:00,J1,989,1109,2098
2019-01-10T23:30:00+09:00,J2,646,725,1371
2019-01-10T23:30:00+09:00,J3,975,964,1939
2019-01-10T23:30:00+09:00,J4,810,833,1643
2019-01-10T23:30:00+09:00,J5,599,516,1115
2019-01-10T23:45:00+09:00,J1,1092,1192,2284
2019-01-10T23:45:00+09:00,J2,679,690,1369
2019-01-10T23:45:00+09:00,J3,961,951,1912
2019-01-10T23:45:00+09:00,J4,788,715,1503
2019-01-10T23:45:00+09:00,J5,588,576,1164
2019-01-11T00:00:00+09:00,J1,850,850,1700
2019-01-11T00:00:00+09:00,J2,683,581,1264
2019-01-11T00:00:00+09:00,J3,1010,866,1876
2019-01-11T00:00:00+09:00,J4,850,720,1570
2019-01-11T00:00:00+09:00,J5,678,577,1255
2019-01-11T00:15:00+09:00,J1,731,752,1483
2019-01-11T00:15:00+09:00,J2,668,626,1294
2019-01-11T00:15:00+09:00,J3,1083,875,1958
2019-01-11T00:15:00+09:00,J4,778,802,1580
2019-01-11T00:15:00+09:00,J5,587,555,1142
2019-01-11T00:30:00+09:00,J1,623,580,1203
2019-01-11T00:30:00+09:00,J2,714,637,1351
2019-01-11T00:30:00+09:00,J3,1078,826,1904
2019-01-11T00:30:00+09:00,J4,712,647,1359
2019-01-11T00:30:00+09:00,J5,444,451,895
2019-01-11T00:45:00+09:00,J1,601,614,1215
2019-01-11T00:45:00+09:00,J2,744,678,1422
2019-01-11T00:45:00+09:00,J3,1004,732,1736
2019-01-11T00:45:00+09:00,J4,653,680,1333
2019-01-11T00:45:00+09:00,J5,457,472,929
2019-01-11T05:45:00+09:00,J1,965,1045,2010
2019-01-11T05:45:00+09:00,J2,619,668,1287
2019-01-11T05:45:00+09:00,J3,704,655,1359
2019-01-11T05:45:00+09:00,J4,376,473,849
2019-01-11T05:45:00+09:00,J5,431,433,864
2019-01-11T06:00:00+09:00,J1,884,895,1779
2019-01-11T06:00:00+09:00,J2,650,643,1293
2019-01-11T06:00:00+09:00,J3,806,676,1482
2019-01-11T06:00:00+09:00,J4,463,526,989
2019-01-11T06:00:00+09:00,J5,443,457,900
2019-01-11T06:15:00+09:00,J1,997,1088,2085
2019-01-11T06:15:00+09:00,J2,700,692,1392
2019-01-11T06:15:00+09:00,J3,951,760,1711
2019-01-11T06:15:00+09:00,J4,506,525,1031
2019-01-11T06:15:00+09:00,J5,527,475,1002
2019-01-11T06:30:00+09:00,J1,950,1005,1955
2019-01-11T06:30:00+09:00,J2,648,666,1314
2019-01-11T06:30:00+09:00,J3,932,778,1710
2019-01-11T06:30:00+09:00,J4,471,550,1021
2019-01-11T06:30:00+09:00,J5,568,548,1116
2019-01-11T06:45:00+09:00,J1,1114,1185,2299
2019-01-11T06:45:00+09:00,J2,624,750,1374
2019-01-11T06:45:00+09:00,J3,1027,743,1770
2019-01-11T06:45:00+09:00,J4,510,570,1080
2019-01-11T06:45:00+09:00,J5,641,580,1221
2019-01-11T07:00:00+09:00,J1,1243,1205,2448
2019-01-11T07:00:00+09:00,J2,629,678,1307
2019-01-11T07:00:00+09:00,J3,1041,757,1798
2019-01-11T07:00:00+09:00,J4,534,636,1170
2019-01-11T07:00:00+09:00,J5,687,595,1282
2019-01-11T07:15:00+09:00,J1,1207,1303,2510
2019-01-11T07:15:00+09:00,J2,719,721,1440
2019-01-11T07:15:00+09:00,J3,1058,876,1934
2019-01-11T07:15:00+09:00,J4,565,627,1192
2019-01-11T07:15:00+09:00,J5,693,659,1352
2019-01-11T07:30:00+09:00,J1,1200,1233,2433
2019-01-11T07:30:00+09:00,J2,696,720,1416
2019-01-11T07:30:00+09:00,J3,1200,1177,2377
2019-01-11T07:30:00+09:00,J4,649,749,1398
2019-01-11T07:30:00+09:00,J5,552,615,1167
2019-01-11T07:45:00+09:00,J1,1171,1300,2471
2019-01-11T07:45:00+09:00,J2,925,827,1752
2019-01-11T07:45:00+09:00,J3,1308,1283,2591
2019-01-11T07:45:00+09:00,J4,688,856,1544
2019-01-11T07:45:00+09:00,J5,670,727,1397
2019-01-11T08:00:00+09:00,J1,1275,1376,2651
2019-01-11T08:00:00+09:00,J2,996,820,1816
2019-01-11T08:00:00+09:00,J3,1491,1299,2790
2019-01-11T08:00:00+09:00,J4,748,850,1598
2019-01-11T08:00:00+09:00,J5,720,757,1477
2019-01-11T08:15:00+09:00,J1,1325,1323,2648
2019-01-11T08:15:00+09:00,J2,1196,878,2074
2019-01-11T08:15:00+09:00,J3,1528,1433,2961
2019-01-11T08:15:00+09:00,J4,822,832,1654
2019-01-11T08:15:00+09:00,J5,755,763,1518
2019-01-11T08:30:00+09:00,J1,1419,1342,2761
2019-01-11T08:30:00+09:00,J2,1184,823,2007
2019-01-11T08:30:00+09:00,J3,1369,1560,2929
2019-01-11T08:30:00+09:00,J4,805,781,1586
2019-01-11T08:30:00+09:00,J5,699,834,1533
2019-01-11T08:45:00+09:00,J1,1307,1316,2623
2019-01-11T08:45:00+09:00,J2,1027,738,1765
2019-01-11T08:45:00+09:00,J3,1277,1282,2559
2019-01-11T08:45:00+09:00,J4,688,757,1445
2019-01-11T08:45:00+09:00,J5,540,601,1141
2019-01-11T09:00:00+09:00,J1,1308,1373,2681
2019-01-11T09:00:00+09:00,J2,956,669,1625
2019-01-11T09:00:00+09:00,J3,1206,1061,2267
2019-01-11T09:00:00+09:00,J4,590,690,1280
2019-01-11T09:00:00+09:00,J5,618,579,1197
2019-01-11T09:15:00+09:00,J1,1245,1372,2617
2019-01-11T09:15:00+09:00,J2,875,748,1623
2019-01-11T09:15:00+09:00,J3,1130,1095,2225
2019-01-11T09:15:00+09:00,J4,625,744,1369
2019-01-11T09:15:00+09:00,J5,591,550,1141
2019-01-11T09:30:00+09:00,J1,1261,1366,2627
2019-01-11T09:30:00+09:00,J2,869,693,1562
2019-01-11T09:30:00+09:00,J3,1186,1186,2372
2019-01-11T09:30:00+09:00,J4,666,769,1435
2019-01-11T09:30:00+09:00,J5,558,521,1079
2019-01-11T09:45:00+09:00,J1,1293,1306,2599
2019-01-11T09:45:00+09:00,J2,822,858,1680
2019-01-11T09:45:00+09:00,J3,1093,1066,2159
2019-01-11T09:45:00+09:00,J4,660,744,1404
2019-01-11T09:45:00+09:00,J5,620,540,1160
2019-01-11T10:00:00+09:00,J1,1252,1429,2681
2019-01-11T10:00:00+09:00,J2,815,852,1667
2019-01-11T10:00:00+09:00,J3,1075,959,2034
2019-01-11T10:00:00+09:00,J4,625,700,1325
2019-01-11T10:00:00+09:00,J5,616,558,1174
2019-01-11T10:15:00+09:00,J1,1178,1282,2460
2019-01-11T10:15:00+09:00,J2,822,745,1567
2019-01-11T10:15:00+09:00,J3,1002,1039,2041
2019-01-11T10:15:00+09:00,J4,690,739,1429
2019-01-11T10:15:00+09:00,J5,482,489,971
2019-01-11T10:30:00+09:00,J1,1178,1361,2539
2019-01-11T10:30:00+09:00,J2,845,701,1546
2019-01-11T10:30:00+09:00,J3,1053,1041,2094
2019-01-11T10:30:00+09:00,J4,769,766,1535
2019-01-11T10:30:00+09:00,J5,518,467,985
2019-01-11T10:45:00+09:00,J1,1179,1361,2540
2019-01-11T10:45:00+09:00,J2,853,790,1643
2019-01-11T10:45:00+09:00,J3,1087,989,2076
2019-01-11T10:45:00+09:00,J4,685,747,1432
2019-01-11T10:45:00+09:00,J5,521,509,1030
2019-01-11T11:00:00+09:00,J1,1190,1309,2499
2019-01-11T11:00:00+09:00,J2,932,780,1712
2019-01-11T11:00:00+09:00,J3,1266,1204,2470
2019-01-11T11:00:00+09:00,J4,768,758,1526
2019-01-11T11:00:00+09:00,J5,558,513,1071
2019-01-11T11:15:00+09:00,J1,1159,1348,2507
2019-01-11T11:15:00+09:00,J2,910,815,1725
2019-01-11T11:15:00+09:00,J3,1248,1121,2369
2019-01-11T11:15:00+09:00,J4,760,719,1479
2019-01-11T11:15:00+09:00,J5,547,573,1120
2019-01-11T11:30:00+09:00,J1,1108,1374,2482
2019-01-11T11:30:00+09:00,J2,895,754,1649
2019-01-11T11:30:00+09:00,J3,1041,1100,2141
2019-01-11T11:30:00+09:00,J4,689,731,1420
2019-01-11T11:30:00+09:00,J5,667,728,1395
2019-01-11T11:45:00+09:00,J1,1164,1359,2523
2019-01-11T11:45:00+09:00,J2,846,679,1525
2019-01-11T11:45:00+09:00,J3,1112,995,2107
2019-01-11T11:45:00+09:00,J4,678,656,1334
2019-01-11T11:45:00+09:00,J5,673,677,1350
2019-01-11T12:00:00+09:00,J1,1174,1342,2516
2019-01-11T12:00:00+09:00,J2,893,683,1576
2019-01-11T12:00:00+09:00,J3,1329,1228,2557
2019-01-11T12:00:00+09:00,J4,766,746,1512
2019-01-11T12:00:00+09:00,J5,720,667,1387
2019-01-11T12:15:00+09:00,J1,1109,1348,2457
2019-01-11T12:15:00+09:00,J2,925,815,1740
2019-01-11T12:15:00+09:00,J3,1143,1075,2218
2019-01-11T12:15:00+09:00,J4,639,669,1308
2019-01-11T12:15:00+09:00,J5,561,638,1199
2019-01-11T12:30:00+09:00,J1,1074,1345,2419
2019-01-11T12:30:00+09:00,J2,897,755,1652
2019-01-11T12:30:00+09:00,J3,1299,1224,2523
2019-01-11T12:30:00+09:00,J4,578,660,1238
2019-01-11T12:30:00+09:00,J5,409,507,916
2019-01-11T12:45:00+09:00,J1,1096,1342,2438
2019-01-11T12:45:00+09:00,J2,847,756,1603
2019-01-11T12:45:00+09:00,J3,1319,1097,2416
2019-01-11T12:45:00+09:00,J4,602,584,1186
2019-01-11T12:45:00+09:00,J5,445,561,1006
2019-01-11T13:00:00+09:00,J1,1103,1450,2553
2019-01-11T13:00:00+09:00,J2,800,745,1545
2019-01-11T13:00:00+09:00,J3,1406,1060,2466
2019-01-11T13:00:00+09:00,J4,607,666,1273
2019-01-11T13:00:00+09:00,J5,554,695,1249
2019-01-11T13:15:00+09:00,J1,1068,1350,2418
2019-01-11T13:15:00+09:00,J2,871,751,1622
2019-01-11T13:15:00+09:00,J3,1420,1060,2480
2019-01-11T13:15:00+09:00,J4,607,621,1228
2019-01-11T13:15:00+09:00,J5,662,709,1371
2019-01-11T13:30:00+09:00,J1,1177,1320,2497
2019-01-11T13:30:00+09:00,J2,920,785,1705
2019-01-11T13:30:00+09:00,J3,1332,1081,2413
2019-01-11T13:30:00+09:00,J4,600,643,1243
2019-01-11T13:30:00+09:00,J5,617,653,1270
2019-01-11T13:45:00+09:00,J1,1143,1451,2594
2019-01-11T13:45:00+09:00,J2,725,752,1477
2019-01-11T13:45:00+09:00,J3,1330,1031,2361
2019-01-11T13:45:00+09:00,J4,596,616,1212
2019-01-11T13:45:00+09:00,J5,624,660,1284
2019-01-11T14:00:00+09:00,J1,1114,1382,2496
2019-01-11T14:00:00+09:00,J2,791,793,1584
2019-01-11T14:00:00+09:00,J3,1402,1085,2487
2019-01-11T14:00:00+09:00,J4,591,573,1164
2019-01-11T14:00:00+09:00,J5,616,684,1300
2019-01-11T14:15:00+09:00,J1,1181,1444,2625
2019-01-11T14:15:00+09:00,J2,828,809,1637
2019-01-11T14:15:00+09:00,J3,1346,1077,2423
2019-01-11T14:15:00+09:00,J4,576,656,1232
2019-01-11T14:15:00+09:00,J5,660,702,1362
2019-01-11T14:30:00+09:00,J1,1229,1399,2628
2019-01-11T14:30:00+09:00,J2,772,787,1559
2019-01-11T14:30:00+09:00,J3,1395,1099,2494
2019-01-11T14:30:00+09:00,J4,579,642,1221
2019-01-11T14:30:00+09:00,J5,656,738,1394
2019-01-11T14:45:00+09:00,J1,1195,1374,2569
2019-01-11T14:45:00+09:00,J2,784,769,1553
2019-01-11T14:45:00+09:00,J3,1405,1193,2598
2019-01-11T14:45:00+09:00,J4,576,612,1188
2019-01-11T14:45:00+09:00,J5,639,626,1265
2019-01-11T15:00:00+09:00,J1,1186,1402,2588
2019-01-11T15:00:00+09:00,J2,785,777,1562
2019-01-11T15:00:00+09:00,J3,1246,1215,2461
2019-01-11T15:00:00+09:00,J4,591,578,1169
2019-01-11T15:00:00+09:00,J5,623,655,1278
2019-01-11T15:15:00+09:00,J1,1127,1440,2567
2019-01-11T15:15:00+09:00,J2,735,855,1590
2019-01-11T15:15:00+09:00,J3,1265,1111,2376
2019-01-11T15:15:00+09:00,J4,559,647,1206
2019-01-11T15:15:00+09:00,J5,596,661,1257
2019-01-11T15:30:00+09:00,J1,1127,1359,2486
2019-01-11T15:30:00+09:00,J2,796,869,1665
2019-01-11T15:30:00+09:00,J3,1332,1189,2521
2019-01-11T15:30:00+09:00,J4,572,652,1224
2019-01-11T15:30:00+09:00,J5,555,606,1161
2019-01-11T15:45:00+09:00,J1,1187,1414,2601
2019-01-11T15:45:00+09:00,J2,825,811,1636
2019-01-11T15:45:00+09:00,J3,1297,1166,2463
2019-01-11T15:45:00+09:00,J4,546,652,1198
2019-01-11T15:45:00+09:00,J5,678,653,1331
2019-01-11T16:00:00+09:00,J1,1152,1417,2569
2019-01-11T16:00:00+09:00,J2,787,765,1552
2019-01-11T16:00:00+09:00,J3,1292,1208,2500
2019-01-11T16:00:00+09:00,J4,570,684,1254
2019-01-11T16:00:00+09:00,J5,673,721,1394
2019-01-11T16:15:00+09:00,J1,1190,1359,2549
2019-01-11T16:15:00+09:00,J2,811,778,1589
2019-01-11T16:15:00+09:00,J3,1227,1136,2363
2019-01-11T16:15:00+09:00,J4,594,696,1290
2019-01-11T16:15:00+09:00,J5,691,639,1330
2019-01-11T16:30:00+09:00,J1,1163,1429,2592
2019-01-11T16:30:00+09:00,J2,837,715,1552
2019-01-11T16:30:00+09:00,J3,1433,1156,2589
2019-01-11T16:30:00+09:00,J4,569,708,1277
2019-01-11T16:30:00+09:00,J5,460,589,1049
2019-01-11T16:45:00+09:00,J1,1224,1381,2605
2019-01-11T16:45:00+09:00,J2,851,706,1557
2019-01-11T16:45:00+09:00,J3,1381,1104,2485
2019-01-11T16:45:00+09:00,J4,529,681,1210
2019-01-11T16:45:00+09:00,J5,500,492,992
2019-01-11T17:00:00+09:00,J1,1243,1366,2609
2019-01-11T17:00:00+09:00,J2,792,796,1588
2019-01-11T17:00:00+09:00,J3,1353,1162,2515
2019-01-11T17:00:00+09:00,J4,572,683,1255
2019-01-11T17:00:00+09:00,J5,551,589,1140
2019-01-11T17:15:00+09:00,J1,1175,1472,2647
2019-01-11T17:15:00+09:00,J2,845,922,1767
2019-01-11T17:15:00+09:00,J3,1419,1198,2617
2019-01-11T17:15:00+09:00,J4,707,730,1437
2019-01-11T17:15:00+09:00,J5,630,743,1373
2019-01-11T17:30:00+09:00,J1,1208,1514,2722
2019-01-11T17:30:00+09:00,J2,908,903,1811
2019-01-11T17:30:00+09:00,J3,1573,1243,2816
2019-01-11T17:30:00+09:00,J4,748,663,1411
2019-01-11T17:30:00+09:00,J5,606,712,1318
2019-01-11T17:45:00+09:00,J1,1339,1465,2804
2019-01-11T17:45:00+09:00,J2,923,1004,1927
2019-01-11T17:45:00+09:00,J3,1591,1332,2923
2019-01-11T17:45:00+09:00,J4,760,776,1536
2019-01-11T17:45:00+09:00,J5,715,791,1506
2019-01-11T18:00:00+09:00,J1,1255,1505,2760
2019-01-11T18:00:00+09:00,J2,1028,978,2006
2019-01-11T18:00:00+09:00,J3,1708,1310,3018
2019-01-11T18:00:00+09:00,J4,724,708,1432
2019-01-11T18:00:00+09:00,J5,774,836,1610
2019-01-11T18:15:00+09:00,J1,1290,1528,2818
2019-01-11T18:15:00+09:00,J2,1049,1091,2140
2019-01-11T18:15:00+09:00,J3,1552,1339,2891
2019-01-11T18:15:00+09:00,J4,695,677,1372
2019-01-11T18:15:00+09:00,J5,578,711,1289
2019-01-11T18:30:00+09:00,J1,1264,1453,2717
2019-01-11T18:30:00+09:00,J2,1094,1009,2103
2019-01-11T18:30:00+09:00,J3,1571,1209,2780
2019-01-11T18:30:00+09:00,J4,618,690,1308
2019-01-11T18:30:00+09:00,J5,494,650,1144
2019-01-11T18:45:00+09:00,J1,1354,1445,2799
2019-01-11T18:45:00+09:00,J2,1115,1037,2152
2019-01-11T18:45:00+09:00,J3,1438,1196,2634
2019-01-11T18:45:00+09:00,J4,640,669,1309
2019-01-11T18:45:00+09:00,J5,470,517,987
2019-01-11T19:00:00+09:00,J1,1214,1409,2623
2019-01-11T19:00:00+09:00,J2,808,758,1566
2019-01-11T19:00:00+09:00,J3,1307,1111,2418
2019-01-11T19:00:00+09:00,J4,639,654,1293
2019-01-11T19:00:00+09:00,J5,463,455,918
2019-01-11T19:15:00+09:00,J1,1223,1407,2630
2019-01-11T19:15:00+09:00,J2,764,717,1481
2019-01-11T19:15:00+09:00,J3,1301,1191,2492
2019-01-11T19:15:00+09:00,J4,799,662,1461
2019-01-11T19:15:00+09:00,J5,446,498,944
2019-01-11T19:30:00+09:00,J1,1195,1432,2627
2019-01-11T19:30:00+09:00,J2,674,672,1346
2019-01-11T19:30:00+09:00,J3,1228,1055,2283
2019-01-11T19:30:00+09:00,J4,827,699,1526
2019-01-11T19:30:00+09:00,J5,466,459,925
2019-01-11T19:45:00+09:00,J1,1152,1384,2536
2019-01-11T19:45:00+09:00,J2,601,604,1205
2019-01-11T19:45:00+09:00,J3,1138,1004,2142
2019-01-11T19:45:00+09:00,J4,704,625,1329
2019-01-11T19:45:00+09:00,J5,428,456,884
2019-01-11T20:00:00+09:00,J1,1175,1341,2516
2019-01-11T20:00:00+09:00,J2,644,618,1262
2019-01-11T20:00:00+09:00,J3,1301,1137,2438
2019-01-11T20:00:00+09:00,J4,574,639,1213
2019-01-11T20:00:00+09:00,J5,466,468,934
2019-01-11T20:15:00+09:00,J1,1235,1383,2618
2019-01-11T20:15:00+09:00,J2,711,668,1379
2019-01-11T20:15:00+09:00,J3,1139,1068,2207
2019-01-11T20:15:00+09:00,J4,581,675,1256
2019-01-11T20:15:00+09:00,J5,410,407,817
2019-01-11T20:30:00+09:00,J1,1206,1349,2555
2019-01-11T20:30:00+09:00,J2,689,651,1340
2019-01-11T20:30:00+09:00,J3,1109,949,2058
2019-01-11T20:30:00+09:00,J4,643,653,1296
2019-01-11T20:30:00+09:00,J5,400,399,799
2019-01-11T20:45:00+09:00,J1,1088,1304,2392
2019-01-11T20:45:00+09:00,J2,760,654,1414
2019-01-11T20:45:00+09:00,J3,1028,962,1990
2019-01-11T20:45:00+09:00,J4,647,610,1257
2019-01-11T20:45:00+09:00,J5,366,431,797
2019-01-11T21:00:00+09:00,J1,1196,1341,2537
2019-01-11T21:00:00+09:00,J2,754,791,1545
2019-01-11T21:00:00+09:00,J3,1151,877,2028
2019-01-11T21:00:00+09:00,J4,659,701,1360
2019-01-11T21:00:00+09:00,J5,419,417,836
2019-01-11T21:15:00+09:00,J1,1143,1441,2584
2019-01-11T21:15:00+09:00,J2,630,798,1428
2019-01-11T21:15:00+09:00,J3,1121,884,2005
2019-01-11T21:15:00+09:00,J4,737,666,1403
2019-01-11T21:15:00+09:00,J5,430,391,821
2019-01-11T21:30:00+09:00,J1,1162,1366,2528
2019-01-11T21:30:00+09:00,J2,749,745,1494
2019-01-11T21:30:00+09:00,J3,980,881,1861
2019-01-11T21:30:00+09:00,J4,682,689,1371
2019-01-11T21:30:00+09:00,J5,465,405,870
2019-01-11T21:45:00+09:00,J1,1181,1253,2434
2019-01-11T21:45:00+09:00,J2,748,710,1458
2019-01-11T21:45:00+09:00,J3,971,908,1879
2019-01-11T21:45:00+09:00,J4,610,623,1233
2019-01-11T21:45:00+09:00,J5,442,370,812
2019-01-11T22:00:00+09:00,J1,1106,1255,2361
2019-01-11T22:00:00+09:00,J2,664,754,1418
2019-01-11T22:00:00+09:00,J3,870,841,1711
2019-01-11T22:00:00+09:00,J4,556,654,1210
2019-01-11T22:00:00+09:00,J5,393,416,809
2019-01-11T22:15:00+09:00,J1,1041,1275,2316
2019-01-11T22:15:00+09:00,J2,673,675,1348
2019-01-11T22:15:00+09:00,J3,982,935,1917
2019-01-11T22:15:00+09:00,J4,613,651,1264
2019-01-11T22:15:00+09:00,J5,433,392,825
2019-01-11T22:30:00+09:00,J1,1100,1222,2322
2019-01-11T22:30:00+09:00,J2,706,713,1419
2019-01-11T22:30:00+09:00,J3,1005,926,1931
2019-01-11T22:30:00+09:00,J4,597,646,1243
2019-01-11T22:30:00+09:00,J5,441,478,919
2019-01-11T22:45:00+09:00,J1,1111,1139,2250
2019-01-11T22:45:00+09:00,J2,799,746,1545
2019-01-11T22:45:00+09:00,J3,1001,959,1960
2019-01-11T22:45:00+09:00,J4,616,637,1253
2019-01-11T22:45:00+09:00,J5,524,539,1063
2019-01-11T23:00:00+09:00,J1,1136,1255,2391
2019-01-11T23:00:00+09:00,J2,846,786,1632
2019-01-11T23:00:00+09:00,J3,1096,1060,2156
2019-01-11T23:00:00+09:00,J4,588,688,1276
2019-01-11T23:00:00+09:00,J5,531,503,1034
2019-01-11T23:15:00+09:00,J1,1041,1158,2199
2019-01-11T23:15:00+09:00,J2,701,678,1379
2019-01-11T23:15:00+09:00,J3,1005,1061,2066
2019-01-11T23:15:00+09:00,J4,570,599,1169
2019-01-11T23:15:00+09:00,J5,513,556,1069
2019-01-11T23:30:00+09:00,J1,1144,1174,2318
2019-01-11T23:30:00+09:00,J2,648,668,1316
2019-01-11T23:30:00+09:00,J3,887,899,1786
2019-01-11T23:30:00+09:00,J4,507,660,1167
2019-01-11T23:30:00+09:00,J5,514,486,1000
2019-01-11T23:45:00+09:00,J1,1065,1176,2241
2019-01-11T23:45:00+09:00,J2,733,683,1416
2019-01-11T23:45:00+09:00,J3,838,865,1703
2019-01-11T23:45:00+09:00,J4,519,541,1060
2019-01-11T23:45:00+09:00,J5,549,525,1074
2019-01-12T00:00:00+09:00,J1,922,920,1842
2019-01-12T00:00:00+09:00,J2,727,662,1389
2019-01-12T00:00:00+09:00,J3,1002,891,1893
2019-01-12T00:00:00+09:00,J4,438,481,919
2019-01-12T00:00:00+09:00,J5,621,513,1134
2019-01-12T00:15:00+09:00,J1,642,649,1291
2019-01-12T00:15:00+09:00,J2,722,630,1352
2019-01-12T00:15:00+09:00,J3,951,739,1690
2019-01-12T00:15:00+09:00,J4,527,579,1106
2019-01-12T00:15:00+09:00,J5,491,479,970
2019-01-12T00:30:00+09:00,J1,585,540,1125
2019-01-12T00:30:00+09:00,J2,679,675,1354
2019-01-12T00:30:00+09:00,J3,865,629,1494
2019-01-12T00:30:00+09:00,J4,466,557,1023
2019-01-12T00:30:00+09:00,J5,544,496,1040
2019-01-12T00:45:00+09:00,J1,682,636,1318
2019-01-12T00:45:00+09:00,J2,794,733,1527
2019-01-12T00:45:00+09:00,J3,871,642,1513
2019-01-12T00:45:00+09:00,J4,577,619,1196
2019-01-12T00:45:00+09:00,J5,534,503,1037
2019-01-12T05:45:00+09:00,J1,815,857,1672
2019-01-12T05:45:00+09:00,J2,569,657,1226
2019-01-12T05:45:00+09:00,J3,597,544,1141
2019-01-12T05:45:00+09:00,J4,798,815,1613
2019-01-12T05:45:00+09:00,J5,473,528,1001
2019-01-12T06:00:00+09:00,J1,804,840,1644
2019-01-12T06:00:00+09:00,J2,545,663,1208
2019-01-12T06:00:00+09:00,J3,561,544,1105
2019-01-12T06:00:00+09:00,J4,792,828,1620
2019-01-12T06:00:00+09:00,J5,498,463,961
2019-01-12T06:15:00+09:00,J1,792,914,1706
2019-01-12T06:15:00+09:00,J2,658,672,1330
2019-01-12T06:15:00+09:00,J3,641,570,1211
2019-01-12T06:15:00+09:00,J4,773,820,1593
2019-01-12T06:15:00+09:00,J5,527,534,1061
2019-01-12T06:30:00+09:00,J1,908,875,1783
2019-01-12T06:30:00+09:00,J2,536,613,1149
2019-01-12T06:30:00+09:00,J3,722,740,1462
2019-01-12T06:30:00+09:00,J4,783,797,1580
2019-01-12T06:30:00+09:00,J5,512,517,1029
2019-01-12T06:45:00+09:00,J1,992,919,1911
2019-01-12T06:45:00+09:00,J2,617,636,1253
2019-01-12T06:45:00+09:00,J3,909,901,1810
2019-01-12T06:45:00+09:00,J4,742,819,1561
2019-01-12T06:45:00+09:00,J5,576,504,1080
2019-01-12T07:00:00+09:00,J1,1001,990,1991
2019-01-12T07:00:00+09:00,J2,586,594,1180
2019-01-12T07:00:00+09:00,J3,812,703,1515
2019-01-12T07:00:00+09:00,J4,921,1012,1933
2019-01-12T07:00:00+09:00,J5,597,543,1140
2019-01-12T07:15:00+09:00,J1,1031,1098,2129
2019-01-12T07:15:00+09:00,J2,553,572,1125
2019-01-12T07:15:00+09:00,J3,789,657,1446
2019-01-12T07:15:00+09:00,J4,1056,1052,2108
2019-01-12T07:15:00+09:00,J5,567,574,1141
2019-01-12T07:30:00+09:00,J1,1063,1123,2186
2019-01-12T07:30:00+09:00,J2,602,698,1300
2019-01-12T07:30:00+09:00,J3,905,679,1584
2019-01-12T07:30:00+09:00,J4,1030,1160,2190
2019-01-12T07:30:00+09:00,J5,595,579,1174
2019-01-12T07:45:00+09:00,J1,1019,1088,2107
2019-01-12T07:45:00+09:00,J2,596,668,1264
2019-01-12T07:45:00+09:00,J3,669,720,1389
2019-01-12T07:45:00+09:00,J4,1120,1084,2204
2019-01-12T07:45:00+09:00,J5,555,626,1181
2019-01-12T08:00:00+09:00,J1,1292,1337,2629
2019-01-12T08:00:00+09:00,J2,825,785,1610
2019-01-12T08:00:00+09:00,J3,1133,1024,2157
2019-01-12T08:00:00+09:00,J4,1217,1114,2331
2019-01-12T08:00:00+09:00,J5,528,510,1038
2019-01-12T08:15:00+09:00,J1,1241,1374,2615
2019-01-12T08:15:00+09:00,J2,869,639,1508
2019-01-12T08:15:00+09:00,J3,1101,1127,2228
2019-01-12T08:15:00+09:00,J4,1161,1248,2409
2019-01-12T08:15:00+09:00,J5,657,633,1290
2019-01-12T08:30:00+09:00,J1,1240,1382,2622
2019-01-12T08:30:00+09:00,J2,826,786,1612
2019-01-12T08:30:00+09:00,J3,1172,1180,2352
2019-01-12T08:30:00+09:00,J4,1268,1300,2568
2019-01-12T08:30:00+09:00,J5,651,662,1313
2019-01-12T08:45:00+09:00,J1,1240,1379,2619
2019-01-12T08:45:00+09:00,J2,826,745,1571
2019-01-12T08:45:00+09:00,J3,1075,1112,2187
2019-01-12T08:45:00+09:00,J4,1194,1286,2480
2019-01-12T08:45:00+09:00,J5,644,651,1295
2019-01-12T09:00:00+09:00,J1,1300,1340,2640
2019-01-12T09:00:00+09:00,J2,1044,951,1995
2019-01-12T09:00:00+09:00,J3,937,999,1936
2019-01-12T09:00:00+09:00,J4,1220,1241,2461
2019-01-12T09:00:00+09:00,J5,519,525,1044
2019-01-12T09:15:00+09:00,J1,1205,1284,2489
2019-01-12T09:15:00+09:00,J2,881,804,1685
2019-01-12T09:15:00+09:00,J3,961,949,1910
2019-01-12T09:15:00+09:00,J4,1202,1267,2469
2019-01-12T09:15:00+09:00,J5,363,446,809
2019-01-12T09:30:00+09:00,J1,1213,1309,2522
2019-01-12T09:30:00+09:00,J2,855,689,1544
2019-01-12T09:30:00+09:00,J3,1094,1069,2163
2019-01-12T09:30:00+09:00,J4,1157,1223,2380
2019-01-12T09:30:00+09:00,J5,383,415,798
2019-01-12T09:45:00+09:00,J1,1260,1307,2567
2019-01-12T09:45:00+09:00,J2,828,737,1565
2019-01-12T09:45:00+09:00,J3,1140,1111,2251
2019-01-12T09:45:00+09:00,J4,1128,1245,2373
2019-01-12T09:45:00+09:00,J5,352,367,719
2019-01-12T10:00:00+09:00,J1,1160,1289,2449
2019-01-12T10:00:00+09:00,J2,815,693,1508
2019-01-12T10:00:00+09:00,J3,1027,1051,2078
2019-01-12T10:00:00+09:00,J4,1170,1224,2394
2019-01-12T10:00:00+09:00,J5,412,415,827
2019-01-12T10:15:00+09:00,J1,1254,1273,2527
2019-01-12T10:15:00+09:00,J2,709,668,1377
2019-01-12T10:15:00+09:00,J3,984,1017,2001
2019-01-12T10:15:00+09:00,J4,1151,1167,2318
2019-01-12T10:15:00+09:00,J5,372,366,738
2019-01-12T10:30:00+09:00,J1,1156,1298,2454
2019-01-12T10:30:00+09:00,J2,691,522,1213
2019-01-12T10:30:00+09:00,J3,960,1035,1995
2019-01-12T10:30:00+09:00,J4,1112,1138,2250
2019-01-12T10:30:00+09:00,J5,336,356,692
2019-01-12T10:45:00+09:00,J1,1162,1369,2531
2019-01-12T10:45:00+09:00,J2,800,652,1452
2019-01-12T10:45:00+09:00,J3,972,1099,2071
2019-01-12T10:45:00+09:00,J4,1112,1198,2310
2019-01-12T10:45:00+09:00,J5,358,411,769
2019-01-12T11:00:00+09:00,J1,1210,1344,2554
2019-01-12T11:00:00+09:00,J2,800,710,1510
2019-01-12T11:00:00+09:00,J3,1010,1012,2022
2019-01-12T11:00:00+09:00,J4,1089,1234,2323
2019-01-12T11:00:00+09:00,J5,528,574,1102
2019-01-12T11:15:00+09:00,J1,1200,1445,2645
2019-01-12T11:15:00+09:00,J2,768,685,1453
2019-01-12T11:15:00+09:00,J3,1220,1064,2284
2019-01-12T11:15:00+09:00,J4,1221,1349,2570
2019-01-12T11:15:00+09:00,J5,635,669,1304
2019-01-12T11:30:00+09:00,J1,1179,1367,2546
2019-01-12T11:30:00+09:00,J2,813,693,1506
2019-01-12T11:30:00+09:00,J3,1316,1236,2552
2019-01-12T11:30:00+09:00,J4,1366,1348,2714
2019-01-12T11:30:00+09:00,J5,626,681,1307
2019-01-12T11:45:00+09:00,J1,1159,1361,2520
2019-01-12T11:45:00+09:00,J2,770,657,1427
2019-01-12T11:45:00+09:00,J3,1337,1268,2605
2019-01-12T11:45:00+09:00,J4,1376,1296,2672
2019-01-12T11:45:00+09:00,J5,680,700,1380
2019-01-12T12:00:00+09:00,J1,1201,1471,2672
2019-01-12T12:00:00+09:00,J2,855,757,1612
2019-01-12T12:00:00+09:00,J3,1186,1181,2367
2019-01-12T12:00:00+09:00,J4,1230,1293,2523
2019-01-12T12:00:00+09:00,J5,582,593,1175
2019-01-12T12:15:00+09:00,J1,1254,1450,2704
2019-01-12T12:15:00+09:00,J2,844,779,1623
2019-01-12T12:15:00+09:00,J3,1246,1042,2288
2019-01-12T12:15:00+09:00,J4,1091,1181,2272
2019-01-12T12:15:00+09:00,J5,584,568,1152
2019-01-12T12:30:00+09:00,J1,1103,1346,2449
2019-01-12T12:30:00+09:00,J2,959,775,1734
2019-01-12T12:30:00+09:00,J3,955,998,1953
2019-01-12T12:30:00+09:00,J4,1066,1235,2301
2019-01-12T12:30:00+09:00,J5,475,519,994
2019-01-12T12:45:00+09:00,J1,1128,1419,2547
2019-01-12T12:45:00+09:00,J2,844,750,1594
2019-01-12T12:45:00+09:00,J3,940,1030,1970
2019-01-12T12:45:00+09:00,J4,1148,1192,2340
2019-01-12T12:45:00+09:00,J5,340,437,777
2019-01-12T13:00:00+09:00,J1,1170,1335,2505
2019-01-12T13:00:00+09:00,J2,901,770,1671
2019-01-12T13:00:00+09:00,J3,1146,1157,2303
2019-01-12T13:00:00+09:00,J4,1133,1215,2348
2019-01-12T13:00:00+09:00,J5,326,470,796
2019-01-12T13:15:00+09:00,J1,1203,1343,2546
2019-01-12T13:15:00+09:00,J2,892,735,1627
2019-01-12T13:15:00+09:00,J3,1048,1179,2227
2019-01-12T13:15:00+09:00,J4,1194,1195,2389
2019-01-12T13:15:00+09:00,J5,387,439,826
2019-01-12T13:30:00+09:00,J1,1154,1430,2584
2019-01-12T13:30:00+09:00,J2,804,800,1604
2019-01-12T13:30:00+09:00,J3,1111,1134,2245
2019-01-12T13:30:00+09:00,J4,1181,1266,2447
2019-01-12T13:30:00+09:00,J5,493,523,1016
2019-01-12T13:45:00+09:00,J1,1096,1378,2474
2019-01-12T13:45:00+09:00,J2,890,755,1645
2019-01-12T13:45:00+09:00,J3,1120,1117,2237
2019-01-12T13:45:00+09:00,J4,1185,1205,2390
2019-01-12T13:45:00+09:00,J5,646,594,1240
2019-01-12T14:00:00+09:00,J1,1109,1325,2434
2019-01-12T14:00:00+09:00,J2,949,691,1640
2019-01-12T14:00:00+09:00,J3,1139,1126,2265
2019-01-12T14:00:00+09:00,J4,1248,1313,2561
2019-01-12T14:00:00+09:00,J5,670,628,1298
2019-01-12T14:15:00+09:00,J1,1152,1350,2502
2019-01-12T14:15:00+09:00,J2,819,810,1629
2019-01-12T14:15:00+09:00,J3,1145,1191,2336
2019-01-12T14:15:00+09:00,J4,997,1008,2005
2019-01-12T14:15:00+09:00,J5,680,694,1374
2019-01-12T14:30:00+09:00,J1,1095,1350,2445
2019-01-12T14:30:00+09:00,J2,823,824,1647
2019-01-12T14:30:00+09:00,J3,1174,1187,2361
2019-01-12T14:30:00+09:00,J4,1006,1039,2045
2019-01-12T14:30:00+09:00,J5,658,616,1274
2019-01-12T14:45:00+09:00,J1,1147,1302,2449
2019-01-12T14:45:00+09:00,J2,842,847,1689
2019-01-12T14:45:00+09:00,J3,1085,1176,2261
2019-01-12T14:45:00+09:00,J4,1004,985,1989
2019-01-12T14:45:00+09:00,J5,545,562,1107
2019-01-12T15:00:00+09:00,J1,1078,1354,2432
2019-01-12T15:00:00+09:00,J2,883,781,1664
2019-01-12T15:00:00+09:00,J3,1113,1238,2351
2019-01-12T15:00:00+09:00,J4,943,959,1902
2019-01-12T15:00:00+09:00,J5,489,472,961
2019-01-12T15:15:00+09:00,J1,1079,1373,2452
2019-01-12T15:15:00+09:00,J2,866,822,1688
2019-01-12T15:15:00+09:00,J3,1172,1139,2311
2019-01-12T15:15:00+09:00,J4,963,1025,1988
2019-01-12T15:15:00+09:00,J5,446,488,934
2019-01-12T15:30:00+09:00,J1,1127,1420,2547
2019-01-12T15:30:00+09:00,J2,857,793,1650
2019-01-12T15:30:00+09:00,J3,1137,1212,2349
2019-01-12T15:30:00+09:00,J4,919,980,1899
2019-01-12T15:30:00+09:00,J5,434,502,936
2019-01-12T15:45:00+09:00,J1,1156,1383,2539
2019-01-12T15:45:00+09:00,J2,841,812,1653
2019-01-12T15:45:00+09:00,J3,1124,1266,2390
2019-01-12T15:45:00+09:00,J4,933,988,1921
2019-01-12T15:45:00+09:00,J5,444,509,953
2019-01-12T16:00:00+09:00,J1,1125,1466,2591
2019-01-12T16:00:00+09:00,J2,881,827,1708
2019-01-12T16:00:00+09:00,J3,1206,1220,2426
2019-01-12T16:00:00+09:00,J4,792,895,1687
2019-01-12T16:00:00+09:00,J5,430,492,922
2019-01-12T16:15:00+09:00,J1,1144,1354,2498
2019-01-12T16:15:00+09:00,J2,984,791,1775
2019-01-12T16:15:00+09:00,J3,1479,1118,2597
2019-01-12T16:15:00+09:00,J4,838,930,1768
2019-01-12T16:15:00+09:00,J5,485,544,1029
2019-01-12T16:30:00+09:00,J1,1256,1412,2668
2019-01-12T16:30:00+09:00,J2,1048,746,1794
2019-01-12T16:30:00+09:00,J3,1463,1169,2632
2019-01-12T16:30:00+09:00,J4,895,924,1819
2019-01-12T16:30:00+09:00,J5,543,543,1086
2019-01-12T16:45:00+09:00,J1,1184,1395,2579
2019-01-12T16:45:00+09:00,J2,962,741,1703
2019-01-12T16:45:00+09:00,J3,1519,1222,2741
2019-01-12T16:45:00+09:00,J4,823,976,1799
2019-01-12T16:45:00+09:00,J5,563,548,1111
2019-01-12T17:00:00+09:00,J1,1216,1421,2637
2019-01-12T17:00:00+09:00,J2,969,759,1728
2019-01-12T17:00:00+09:00,J3,1419,1200,2619
2019-01-12T17:00:00+09:00,J4,833,881,1714
2019-01-12T17:00:00+09:00,J5,605,596,1201
2019-01-12T17:15:00+09:00,J1,1140,1409,2549
2019-01-12T17:15:00+09:00,J2,1152,715,1867
2019-01-12T17:15:00+09:00,J3,1524,1215,2739
2019-01-12T17:15:00+09:00,J4,939,951,1890
2019-01-12T17:15:00+09:00,J5,652,671,1323
2019-01-12T17:30:00+09:00,J1,1202,1434,2636
2019-01-12T17:30:00+09:00,J2,1074,858,1932
2019-01-12T17:30:00+09:00,J3,1502,1215,2717
2019-01-12T17:30:00+09:00,J4,915,962,1877
2019-01-12T17:30:00+09:00,J5,665,745,1410
2019-01-12T17:45:00+09:00,J1,1256,1466,2722
2019-01-12T17:45:00+09:00,J2,974,723,1697
2019-01-12T17:45:00+09:00,J3,1467,1156,2623
2019-01-12T17:45:00+09:00,J4,926,883,1809
2019-01-12T17:45:00+09:00,J5,615,633,1248
2019-01-12T18:00:00+09:00,J1,1237,1463,2700
2019-01-12T18:00:00+09:00,J2,993,730,1723
2019-01-12T18:00:00+09:00,J3,1483,1105,2588
2019-01-12T18:00:00+09:00,J4,823,881,1704
2019-01-12T18:00:00+09:00,J5,606,650,1256
2019-01-12T18:15:00+09:00,J1,1324,1526,2850
2019-01-12T18:15:00+09:00,J2,843,690,1533
2019-01-12T18:15:00+09:00,J3,1381,1007,2388
2019-01-12T18:15:00+09:00,J4,863,827,1690
2019-01-12T18:15:00+09:00,J5,651,660,1311
2019-01-12T18:30:00+09:00,J1,1222,1484,2706
2019-01-12T18:30:00+09:00,J2,949,679,1628
2019-01-12T18:30:00+09:00,J3,1309,1046,2355
2019-01-12T18:30:00+09:00,J4,917,833,1750
2019-01-12T18:30:00+09:00,J5,548,636,1184
2019-01-12T18:45:00+09:00,J1,1253,1348,2601
2019-01-12T18:45:00+09:00,J2,947,722,1669
2019-01-12T18:45:00+09:00,J3,1200,1072,2272
2019-01-12T18:45:00+09:00,J4,949,903,1852
2019-01-12T18:45:00+09:00,J5,432,481,913
2019-01-12T19:00:00+09:00,J1,1197,1386,2583
2019-01-12T19:00:00+09:00,J2,794,654,1448
2019-01-12T19:00:00+09:00,J3,1257,1096,2353
2019-01-12T19:00:00+09:00,J4,936,981,1917
2019-01-12T19:00:00+09:00,J5,371,424,795
2019-01-12T19:15:00+09:00,J1,1225,1387,2612
2019-01-12T19:15:00+09:00,J2,742,653,1395
2019-01-12T19:15:00+09:00,J3,1047,1019,2066
2019-01-12T19:15:00+09:00,J4,1044,973,2017
2019-01-12T19:15:00+09:00,J5,326,424,750
2019-01-12T19:30:00+09:00,J1,1176,1393,2569
2019-01-12T19:30:00+09:00,J2,678,622,1300
2019-01-12T19:30:00+09:00,J3,876,941,1817
2019-01-12T19:30:00+09:00,J4,926,890,1816
2019-01-12T19:30:00+09:00,J5,363,396,759
2019-01-12T19:45:00+09:00,J1,1161,1414,2575
2019-01-12T19:45:00+09:00,J2,732,619,1351
2019-01-12T19:45:00+09:00,J3,933,895,1828
2019-01-12T19:45:00+09:00,J4,956,919,1875
2019-01-12T19:45:00+09:00,J5,336,428,764
2019-01-12T20:00:00+09:00,J1,1208,1323,2531
2019-01-12T20:00:00+09:00,J2,807,716,1523
2019-01-12T20:00:00+09:00,J3,799,897,1696
2019-01-12T20:00:00+09:00,J4,984,873,1857
2019-01-12T20:00:00+09:00,J5,348,387,735
2019-01-12T20:15:00+09:00,J1,1179,1440,2619
2019-01-12T20:15:00+09:00,J2,728,600,1328
2019-01-12T20:15:00+09:00,J3,927,1024,1951
2019-01-12T20:15:00+09:00,J4,938,869,1807
2019-01-12T20:15:00+09:00,J5,298,416,714
2019-01-12T20:30:00+09:00,J1,1162,1267,2429
2019-01-12T20:30:00+09:00,J2,734,683,1417
2019-01-12T20:30:00+09:00,J3,967,937,1904
2019-01-12T20:30:00+09:00,J4,832,821,1653
2019-01-12T20:30:00+09:00,J5,333,394,727
2019-01-12T20:45:00+09:00,J1,1190,1297,2487
2019-01-12T20:45:00+09:00,J2,747,822,1569
2019-01-12T20:45:00+09:00,J3,959,906,1865
2019-01-12T20:45:00+09:00,J4,877,786,1663
2019-01-12T20:45:00+09:00,J5,322,413,735
2019-01-12T21:00:00+09:00,J1,1152,1385,2537
2019-01-12T21:00:00+09:00,J2,735,814,1549
2019-01-12T21:00:00+09:00,J3,1060,878,1938
2019-01-12T21:00:00+09:00,J4,916,916,1832
2019-01-12T21:00:00+09:00,J5,334,369,703
2019-01-12T21:15:00+09:00,J1,1094,1311,2405
2019-01-12T21:15:00+09:00,J2,633,748,1381
2019-01-12T21:15:00+09:00,J3,1030,874,1904
2019-01-12T21:15:00+09:00,J4,951,924,1875
2019-01-12T21:15:00+09:00,J5,364,363,727
2019-01-12T21:30:00+09:00,J1,1075,1284,2359
2019-01-12T21:30:00+09:00,J2,633,685,1318
2019-01-12T21:30:00+09:00,J3,940,807,1747
2019-01-12T21:30:00+09:00,J4,881,813,1694
2019-01-12T21:30:00+09:00,J5,406,335,741
2019-01-12T21:45:00+09:00,J1,1136,1305,2441
2019-01-12T21:45:00+09:00,J2,752,715,1467
2019-01-12T21:45:00+09:00,J3,832,762,1594
2019-01-12T21:45:00+09:00,J4,907,823,1730
2019-01-12T21:45:00+09:00,J5,386,354,740
2019-01-12T22:00:00+09:00,J1,1138,1307,2445
2019-01-12T22:00:00+09:00,J2,777,738,1515
2019-01-12T22:00:00+09:00,J3,889,845,1734
2019-01-12T22:00:00+09:00,J4,889,823,1712
2019-01-12T22:00:00+09:00,J5,379,327,706
2019-01-12T22:15:00+09:00,J1,1103,1256,2359
2019-01-12T22:15:00+09:00,J2,812,719,1531
2019-01-12T22:15:00+09:00,J3,894,861,1755
2019-01-12T22:15:00+09:00,J4,851,865,1716
2019-01-12T22:15:00+09:00,J5,361,369,730
2019-01-12T22:30:00+09:00,J1,1128,1320,2448
2019-01-12T22:30:00+09:00,J2,828,816,1644
2019-01-12T22:30:00+09:00,J3,975,982,1957
2019-01-12T22:30:00+09:00,J4,848,898,1746
2019-01-12T22:30:00+09:00,J5,460,466,926
2019-01-12T22:45:00+09:00,J1,1145,1295,2440
2019-01-12T22:45:00+09:00,J2,835,781,1616
2019-01-12T22:45:00+09:00,J3,839,821,1660
2019-01-12T22:45:00+09:00,J4,838,865,1703
2019-01-12T22:45:00+09:00,J5,453,509,962
2019-01-12T23:00:00+09:00,J1,1123,1271,2394
2019-01-12T23:00:00+09:00,J2,881,823,1704
2019-01-12T23:00:00+09:00,J3,988,957,1945
2019-01-12T23:00:00+09:00,J4,858,864,1722
2019-01-12T23:00:00+09:00,J5,474,557,1031
2019-01-12T23:15:00+09:00,J1,1123,1306,2429
2019-01-12T23:15:00+09:00,J2,842,846,1688
2019-01-12T23:15:00+09:00,J3,928,938,1866
2019-01-12T23:15:00+09:00,J4,833,935,1768
2019-01-12T23:15:00+09:00,J5,532,490,1022
2019-01-12T23:30:00+09:00,J1,1102,1350,2452
2019-01-12T23:30:00+09:00,J2,869,826,1695
2019-01-12T23:30:00+09:00,J3,962,986,1948
2019-01-12T23:30:00+09:00,J4,840,876,1716
2019-01-12T23:30:00+09:00,J5,493,497,990
2019-01-12T23:45:00+09:00,J1,1137,1274,2411
2019-01-12T23:45:00+09:00,J2,797,742,1539
2019-01-12T23:45:00+09:00,J3,747,790,1537
2019-01-12T23:45:00+09:00,J4,830,832,1662
2019-01-12T23:45:00+09:00,J5,507,500,1007
2019-01-13T00:00:00+09:00,J1,1039,1095,2134
2019-01-13T00:00:00+09:00,J2,703,661,1364
2019-01-13T00:00:00+09:00,J3,786,802,1588
2019-01-13T00:00:00+09:00,J4,765,788,1553
2019-01-13T00:00:00+09:00,J5,558,519,1077
2019-01-13T00:15:00+09:00,J1,743,758,1501
2019-01-13T00:15:00+09:00,J2,683,699,1382
2019-01-13T00:15:00+09:00,J3,989,826,1815
2019-01-13T00:15:00+09:00,J4,816,837,1653
2019-01-13T00:15:00+09:00,J5,546,507,1053
2019-01-13T00:30:00+09:00,J1,681,694,1375
2019-01-13T00:30:00+09:00,J2,677,669,1346
2019-01-13T00:30:00+09:00,J3,861,684,1545
2019-01-13T00:30:00+09:00,J4,565,613,1178
2019-01-13T00:30:00+09:00,J5,551,519,1070
2019-01-13T00:45:00+09:00,J1,539,499,1038
2019-01-13T00:45:00+09:00,J2,655,671,1326
2019-01-13T00:45:00+09:00,J3,840,640,1480
2019-01-13T00:45:00+09:00,J4,640,680,1320
2019-01-13T00:45:00+09:00,J5,522,515,1037
2019-01-13T05:45:00+09:00,J1,985,1039,2024
2019-01-13T05:45:00+09:00,J2,501,619,1120
2019-01-13T05:45:00+09:00,J3,731,637,1368
2019-01-13T05:45:00+09:00,J4,576,679,1255
2019-01-13T05:45:00+09:00,J5,519,482,1001
2019-01-13T06:00:00+09:00,J1,1001,1012,2013
2019-01-13T06:00:00+09:00,J2,615,750,1365
2019-01-13T06:00:00+09:00,J3,848,691,1539
2019-01-13T06:00:00+09:00,J4,587,693,1280
2019-01-13T06:00:00+09:00,J5,551,576,1127
2019-01-13T06:15:00+09:00,J1,1085,1207,2292
2019-01-13T06:15:00+09:00,J2,645,778,1423
2019-01-13T06:15:00+09:00,J3,979,735,1714
2019-01-13T06:15:00+09:00,J4,626,779,1405
2019-01-13T06:15:00+09:00,J5,567,517,1084
2019-01-13T06:30:00+09:00,J1,1165,1212,2377
2019-01-13T06:30:00+09:00,J2,609,655,1264
2019-01-13T06:30:00+09:00,J3,822,669,1491
2019-01-13T06:30:00+09:00,J4,722,682,1404
2019-01-13T06:30:00+09:00,J5,610,542,1152
2019-01-13T06:45:00+09:00,J1,1129,1147,2276
2019-01-13T06:45:00+09:00,J2,538,592,1130
2019-01-13T06:45:00+09:00,J3,858,691,1549
2019-01-13T06:45:00+09:00,J4,708,752,1460
2019-01-13T06:45:00+09:00,J5,573,577,1150
2019-01-13T07:00:00+09:00,J1,1123,1140,2263
2019-01-13T07:00:00+09:00,J2,611,599,1210
2019-01-13T07:00:00+09:00,J3,793,623,1416
2019-01-13T07:00:00+09:00,J4,802,826,1628
2019-01-13T07:00:00+09:00,J5,600,585,1185
2019-01-13T07:15:00+09:00,J1,1200,1245,2445
2019-01-13T07:15:00+09:00,J2,591,607,1198
2019-01-13T07:15:00+09:00,J3,758,689,1447
2019-01-13T07:15:00+09:00,J4,868,864,1732
2019-01-13T07:15:00+09:00,J5,590,568,1158
2019-01-13T07:30:00+09:00,J1,1221,1245,2466
2019-01-13T07:30:00+09:00,J2,660,687,1347
2019-01-13T07:30:00+09:00,J3,848,645,1493
2019-01-13T07:30:00+09:00,J4,856,897,1753
2019-01-13T07:30:00+09:00,J5,635,619,1254
2019-01-13T07:45:00+09:00,J1,1127,1336,2463
2019-01-13T07:45:00+09:00,J2,699,731,1430
2019-01-13T07:45:00+09:00,J3,802,648,1450
2019-01-13T07:45:00+09:00,J4,868,872,1740
2019-01-13T07:45:00+09:00,J5,615,568,1183
2019-01-13T08:00:00+09:00,J1,1365,1384,2749
2019-01-13T08:00:00+09:00,J2,853,771,1624
2019-01-13T08:00:00+09:00,J3,1185,1084,2269
2019-01-13T08:00:00+09:00,J4,885,933,1818
2019-01-13T08:00:00+09:00,J5,536,542,1078
2019-01-13T08:15:00+09:00,J1,1325,1376,2701
2019-01-13T08:15:00+09:00,J2,864,871,1735
2019-01-13T08:15:00+09:00,J3,1342,1186,2528
2019-01-13T08:15:00+09:00,J4,982,1035,2017
2019-01-13T08:15:00+09:00,J5,576,612,1188
2019-01-13T08:30:00+09:00,J1,1291,1382,2673
2019-01-13T08:30:00+09:00,J2,1029,878,1907
2019-01-13T08:30:00+09:00,J3,1293,1148,2441
2019-01-13T08:30:00+09:00,J4,963,978,1941
2019-01-13T08:30:00+09:00,J5,629,565,1194
2019-01-13T08:45:00+09:00,J1,1227,1518,2745
2019-01-13T08:45:00+09:00,J2,895,799,1694
2019-01-13T08:45:00+09:00,J3,1324,1257,2581
2019-01-13T08:45:00+09:00,J4,944,1008,1952
2019-01-13T08:45:00+09:00,J5,614,560,1174
2019-01-13T09:00:00+09:00,J1,1355,1448,2803
2019-01-13T09:00:00+09:00,J2,1096,1090,2186
2019-01-13T09:00:00+09:00,J3,915,808,1723
2019-01-13T09:00:00+09:00,J4,920,976,1896
2019-01-13T09:00:00+09:00,J5,520,481,1001
2019-01-13T09:15:00+09:00,J1,1280,1422,2702
2019-01-13T09:15:00+09:00,J2,1089,985,2074
2019-01-13T09:15:00+09:00,J3,941,979,1920
2019-01-13T09:15:00+09:00,J4,916,935,1851
2019-01-13T09:15:00+09:00,J5,387,432,819
2019-01-13T09:30:00+09:00,J1,1262,1331,2593
2019-01-13T09:30:00+09:00,J2,1180,1000,2180
2019-01-13T09:30:00+09:00,J3,1055,1051,2106
2019-01-13T09:30:00+09:00,J4,949,960,1909
2019-01-13T09:30:00+09:00,J5,424,488,912
2019-01-13T09:45:00+09:00,J1,1199,1318,2517
2019-01-13T09:45:00+09:00,J2,1068,939,2007
2019-01-13T09:45:00+09:00,J3,1173,1126,2299
2019-01-13T09:45:00+09:00,J4,914,963,1877
2019-01-13T09:45:00+09:00,J5,426,443,869
2019-01-13T10:00:00+09:00,J1,1233,1364,2597
2019-01-13T10:00:00+09:00,J2,1015,1025,2040
2019-01-13T10:00:00+09:00,J3,1083,1051,2134
2019-01-13T10:00:00+09:00,J4,912,930,1842
2019-01-13T10:00:00+09:00,J5,468,428,896
2019-01-13T10:15:00+09:00,J1,1298,1351,2649
2019-01-13T10:15:00+09:00,J2,915,956,1871
2019-01-13T10:15:00+09:00,J3,1086,1022,2108
2019-01-13T10:15:00+09:00,J4,1008,986,1994
2019-01-13T10:15:00+09:00,J5,407,443,850
2019-01-13T10:30:00+09:00,J1,1314,1320,2634
2019-01-13T10:30:00+09:00,J2,900,806,1706
2019-01-13T10:30:00+09:00,J3,960,972,1932
2019-01-13T10:30:00+09:00,J4,969,990,1959
2019-01-13T10:30:00+09:00,J5,391,475,866
2019-01-13T10:45:00+09:00,J1,1315,1293,2608
2019-01-13T10:45:00+09:00,J2,737,650,1387
2019-01-13T10:45:00+09:00,J3,872,982,1854
2019-01-13T10:45:00+09:00,J4,1016,986,2002
2019-01-13T10:45:00+09:00,J5,352,463,815
2019-01-13T11:00:00+09:00,J1,1216,1425,2641
2019-01-13T11:00:00+09:00,J2,744,705,1449
2019-01-13T11:00:00+09:00,J3,1198,1085,2283
2019-01-13T11:00:00+09:00,J4,992,929,1921
2019-01-13T11:00:00+09:00,J5,604,587,1191
2019-01-13T11:15:00+09:00,J1,1252,1414,2666
2019-01-13T11:15:00+09:00,J2,739,675,1414
2019-01-13T11:15:00+09:00,J3,1373,1140,2513
2019-01-13T11:15:00+09:00,J4,1015,1031,2046
2019-01-13T11:15:00+09:00,J5,668,615,1283
2019-01-13T11:30:00+09:00,J1,1304,1412,2716
2019-01-13T11:30:00+09:00,J2,769,622,1391
2019-01-13T11:30:00+09:00,J3,1296,1201,2497
2019-01-13T11:30:00+09:00,J4,949,990,1939
2019-01-13T11:30:00+09:00,J5,614,652,1266
2019-01-13T11:45:00+09:00,J1,1229,1426,2655
2019-01-13T11:45:00+09:00,J2,812,740,1552
2019-01-13T11:45:00+09:00,J3,1232,1134,2366
2019-01-13T11:45:00+09:00,J4,1057,932,1989
2019-01-13T11:45:00+09:00,J5,638,594,1232
2019-01-13T12:00:00+09:00,J1,1257,1438,2695
2019-01-13T12:00:00+09:00,J2,767,762,1529
2019-01-13T12:00:00+09:00,J3,1150,1077,2227
2019-01-13T12:00:00+09:00,J4,1085,960,2045
2019-01-13T12:00:00+09:00,J5,609,684,1293
2019-01-13T12:15:00+09:00,J1,1233,1472,2705
2019-01-13T12:15:00+09:00,J2,760,699,1459
2019-01-13T12:15:00+09:00,J3,1146,921,2067
2019-01-13T12:15:00+09:00,J4,1073,998,2071
2019-01-13T12:15:00+09:00,J5,590,507,1097
2019-01-13T12:30:00+09:00,J1,1195,1444,2639
2019-01-13T12:30:00+09:00,J2,865,738,1603
2019-01-13T12:30:00+09:00,J3,948,896,1844
2019-01-13T12:30:00+09:00,J4,1001,948,1949
2019-01-13T12:30:00+09:00,J5,435,445,880
2019-01-13T12:45:00+09:00,J1,1222,1394,2616
2019-01-13T12:45:00+09:00,J2,825,696,1521
2019-01-13T12:45:00+09:00,J3,930,1007,1937
2019-01-13T12:45:00+09:00,J4,994,951,1945
2019-01-13T12:45:00+09:00,J5,418,518,936
2019-01-13T13:00:00+09:00,J1,1211,1434,2645
2019-01-13T13:00:00+09:00,J2,886,744,1630
2019-01-13T13:00:00+09:00,J3,930,1056,1986
2019-01-13T13:00:00+09:00,J4,935,942,1877
2019-01-13T13:00:00+09:00,J5,454,419,873
2019-01-13T13:15:00+09:00,J1,1198,1384,2582
2019-01-13T13:15:00+09:00,J2,877,803,1680
2019-01-13T13:15:00+09:00,J3,998,1131,2129
2019-01-13T13:15:00+09:00,J4,959,934,1893
2019-01-13T13:15:00+09:00,J5,534,515,1049
2019-01-13T13:30:00+09:00,J1,1141,1364,2505
2019-01-13T13:30:00+09:00,J2,890,777,1667
2019-01-13T13:30:00+09:00,J3,1036,1055,2091
2019-01-13T13:30:00+09:00,J4,916,959,1875
2019-01-13T13:30:00+09:00,J5,680,665,1345
2019-01-13T13:45:00+09:00,J1,1153,1452,2605
2019-01-13T13:45:00+09:00,J2,789,751,1540
2019-01-13T13:45:00+09:00,J3,1002,1029,2031
2019-01-13T13:45:00+09:00,J4,917,928,1845
2019-01-13T13:45:00+09:00,J5,640,617,1257
2019-01-13T14:00:00+09:00,J1,1148,1374,2522
2019-01-13T14:00:00+09:00,J2,847,834,1681
2019-01-13T14:00:00+09:00,J3,982,1104,2086
2019-01-13T14:00:00+09:00,J4,973,1001,1974
2019-01-13T14:00:00+09:00,J5,624,631,1255
2019-01-13T14:15:00+09:00,J1,1105,1475,2580
2019-01-13T14:15:00+09:00,J2,921,880,1801
2019-01-13T14:15:00+09:00,J3,1099,1090,2189
2019-01-13T14:15:00+09:00,J4,913,1039,1952
2019-01-13T14:15:00+09:00,J5,566,594,1160
2019-01-13T14:30:00+09:00,J1,1191,1328,2519
2019-01-13T14:30:00+09:00,J2,877,978,1855
2019-01-13T14:30:00+09:00,J3,1010,1172,2182
2019-01-13T14:30:00+09:00,J4,906,906,1812
2019-01-13T14:30:00+09:00,J5,598,621,1219
2019-01-13T14:45:00+09:00,J1,1172,1450,2622
2019-01-13T14:45:00+09:00,J2,888,832,1720
2019-01-13T14:45:00+09:00,J3,1045,1175,2220
2019-01-13T14:45:00+09:00,J4,879,946,1825
2019-01-13T14:45:00+09:00,J5,595,560,1155
2019-01-13T15:00:00+09:00,J1,1138,1488,2626
2019-01-13T15:00:00+09:00,J2,816,814,1630
2019-01-13T15:00:00+09:00,J3,1043,1144,2187
2019-01-13T15:00:00+09:00,J4,935,920,1855
2019-01-13T15:00:00+09:00,J5,504,525,1029
2019-01-13T15:15:00+09:00,J1,1150,1410,2560
2019-01-13T15:15:00+09:00,J2,856,801,1657
2019-01-13T15:15:00+09:00,J3,1039,1087,2126
2019-01-13T15:15:00+09:00,J4,815,1025,1840
2019-01-13T15:15:00+09:00,J5,464,477,941
2019-01-13T15:30:00+09:00,J1,1169,1413,2582
2019-01-13T15:30:00+09:00,J2,908,769,1677
2019-01-13T15:30:00+09:00,J3,1128,1089,2217
2019-01-13T15:30:00+09:00,J4,893,941,1834
2019-01-13T15:30:00+09:00,J5,394,472,866
2019-01-13T15:45:00+09:00,J1,1153,1385,2538
2019-01-13T15:45:00+09:00,J2,837,833,1670
2019-01-13T15:45:00+09:00,J3,1132,1130,2262
2019-01-13T15:45:00+09:00,J4,819,980,1799
2019-01-13T15:45:00+09:00,J5,441,445,886
2019-01-13T16:00:00+09:00,J1,1168,1427,2595
2019-01-13T16:00:00+09:00,J2,780,850,1630
2019-01-13T16:00:00+09:00,J3,1123,1015,2138
2019-01-13T16:00:00+09:00,J4,853,936,1789
2019-01-13T16:00:00+09:00,J5,387,481,868
2019-01-13T16:15:00+09:00,J1,1195,1426,2621
2019-01-13T16:15:00+09:00,J2,908,798,1706
2019-01-13T16:15:00+09:00,J3,1328,934,2262
2019-01-13T16:15:00+09:00,J4,790,890,1680
2019-01-13T16:15:00+09:00,J5,539,566,1105
2019-01-13T16:30:00+09:00,J1,1150,1511,2661
2019-01-13T16:30:00+09:00,J2,891,804,1695
2019-01-13T16:30:00+09:00,J3,1282,991,2273
2019-01-13T16:30:00+09:00,J4,863,948,1811
2019-01-13T16:30:00+09:00,J5,656,564,1220
2019-01-13T16:45:00+09:00,J1,1196,1481,2677
2019-01-13T16:45:00+09:00,J2,878,771,1649
2019-01-13T16:45:00+09:00,J3,1226,1079,2305
2019-01-13T16:45:00+09:00,J4,834,970,1804
2019-01-13T16:45:00+09:00,J5,633,550,1183
2019-01-13T17:00:00+09:00,J1,1239,1497,2736
2019-01-13T17:00:00+09:00,J2,854,717,1571
2019-01-13T17:00:00+09:00,J3,1435,1171,2606
2019-01-13T17:00:00+09:00,J4,807,851,1658
2019-01-13T17:00:00+09:00,J5,605,515,1120
2019-01-13T17:15:00+09:00,J1,1214,1441,2655
2019-01-13T17:15:00+09:00,J2,965,674,1639
2019-01-13T17:15:00+09:00,J3,1362,1125,2487
2019-01-13T17:15:00+09:00,J4,878,860,1738
2019-01-13T17:15:00+09:00,J5,601,582,1183
2019-01-13T17:30:00+09:00,J1,1223,1397,2620
2019-01-13T17:30:00+09:00,J2,1023,757,1780
2019-01-13T17:30:00+09:00,J3,1261,1091,2352
2019-01-13T17:30:00+09:00,J4,950,932,1882
2019-01-13T17:30:00+09:00,J5,613,672,1285
2019-01-13T17:45:00+09:00,J1,1189,1403,2592
2019-01-13T17:45:00+09:00,J2,1039,787,1826
2019-01-13T17:45:00+09:00,J3,1294,1004,2298
2019-01-13T17:45:00+09:00,J4,923,904,1827
2019-01-13T17:45:00+09:00,J5,613,601,1214
2019-01-13T18:00:00+09:00,J1,1180,1507,2687
2019-01-13T18:00:00+09:00,J2,987,838,1825
2019-01-13T18:00:00+09:00,J3,1127,929,2056
2019-01-13T18:00:00+09:00,J4,834,750,1584
2019-01-13T18:00:00+09:00,J5,630,629,1259
2019-01-13T18:15:00+09:00,J1,1170,1468,2638
2019-01-13T18:15:00+09:00,J2,806,939,1745
2019-01-13T18:15:00+09:00,J3,1397,1026,2423
2019-01-13T18:15:00+09:00,J4,819,816,1635
2019-01-13T18:15:00+09:00,J5,646,715,1361
2019-01-13T18:30:00+09:00,J1,1266,1376,2642
2019-01-13T18:30:00+09:00,J2,917,853,1770
2019-01-13T18:30:00+09:00,J3,1274,1147,2421
2019-01-13T18:30:00+09:00,J4,871,805,1676
2019-01-13T18:30:00+09:00,J5,615,582,1197
2019-01-13T18:45:00+09:00,J1,1225,1353,2578
2019-01-13T18:45:00+09:00,J2,929,914,1843
2019-01-13T18:45:00+09:00,J3,1279,1028,2307
2019-01-13T18:45:00+09:00,J4,912,848,1760
2019-01-13T18:45:00+09:00,J5,440,514,954
2019-01-13T19:00:00+09:00,J1,1159,1323,2482
2019-01-13T19:00:00+09:00,J2,825,757,1582
2019-01-13T19:00:00+09:00,J3,1181,964,2145
2019-01-13T19:00:00+09:00,J4,1092,914,2006
2019-01-13T19:00:00+09:00,J5,447,436,883
2019-01-13T19:15:00+09:00,J1,1189,1409,2598
2019-01-13T19:15:00+09:00,J2,822,855,1677
2019-01-13T19:15:00+09:00,J3,1096,857,1953
2019-01-13T19:15:00+09:00,J4,993,964,1957
2019-01-13T19:15:00+09:00,J5,393,478,871
2019-01-13T19:30:00+09:00,J1,1141,1378,2519
2019-01-13T19:30:00+09:00,J2,801,793,1594
2019-01-13T19:30:00+09:00,J3,1012,892,1904
2019-01-13T19:30:00+09:00,J4,950,874,1824
2019-01-13T19:30:00+09:00,J5,418,443,861
2019-01-13T19:45:00+09:00,J1,1153,1381,2534
2019-01-13T19:45:00+09:00,J2,743,757,1500
2019-01-13T19:45:00+09:00,J3,948,851,1799
2019-01-13T19:45:00+09:00,J4,874,852,1726
2019-01-13T19:45:00+09:00,J5,315,415,730
2019-01-13T20:00:00+09:00,J1,1141,1368,2509
2019-01-13T20:00:00+09:00,J2,681,756,1437
2019-01-13T20:00:00+09:00,J3,951,874,1825
2019-01-13T20:00:00+09:00,J4,864,884,1748
2019-01-13T20:00:00+09:00,J5,342,423,765
2019-01-13T20:15:00+09:00,J1,1206,1362,2568
2019-01-13T20:15:00+09:00,J2,714,704,1418
2019-01-13T20:15:00+09:00,J3,953,863,1816
2019-01-13T20:15:00+09:00,J4,885,896,1781
2019-01-13T20:15:00+09:00,J5,337,401,738
2019-01-13T20:30:00+09:00,J1,1168,1386,2554
2019-01-13T20:30:00+09:00,J2,665,681,1346
2019-01-13T20:30:00+09:00,J3,994,910,1904
2019-01-13T20:30:00+09:00,J4,873,843,1716
2019-01-13T20:30:00+09:00,J5,364,381,745
2019-01-13T20:45:00+09:00,J1,1168,1365,2533
2019-01-13T20:45:00+09:00,J2,688,705,1393
2019-01-13T20:45:00+09:00,J3,898,882,1780
2019-01-13T20:45:00+09:00,J4,900,860,1760
2019-01-13T20:45:00+09:00,J5,372,438,810
2019-01-13T21:00:00+09:00,J1,1198,1291,2489
2019-01-13T21:00:00+09:00,J2,725,673,1398
2019-01-13T21:00:00+09:00,J3,1032,873,1905
2019-01-13T21:00:00+09:00,J4,974,919,1893
2019-01-13T21:00:00+09:00,J5,353,378,731
2019-01-13T21:15:00+09:00,J1,1113,1346,2459
2019-01-13T21:15:00+09:00,J2,637,744,1381
2019-01-13T21:15:00+09:00,J3,986,813,1799
2019-01-13T21:15:00+09:00,J4,912,899,1811
2019-01-13T21:15:00+09:00,J5,411,338,749
2019-01-13T21:30:00+09:00,J1,1117,1299,2416
2019-01-13T21:30:00+09:00,J2,764,760,1524
2019-01-13T21:30:00+09:00,J3,922,787,1709
2019-01-13T21:30:00+09:00,J4,922,853,1775
2019-01-13T21:30:00+09:00,J5,433,388,821
2019-01-13T21:45:00+09:00,J1,1144,1243,2387
2019-01-13T21:45:00+09:00,J2,773,776,1549
2019-01-13T21:45:00+09:00,J3,872,750,1622
2019-01-13T21:45:00+09:00,J4,907,845,1752
2019-01-13T21:45:00+09:00,J5,453,362,815
2019-01-13T22:00:00+09:00,J1,1100,1244,2344
2019-01-13T22:00:00+09:00,J2,819,770,1589
2019-01-13T22:00:00+09:00,J3,791,749,1540
2019-01-13T22:00:00+09:00,J4,890,815,1705
2019-01-13T22:00:00+09:00,J5,440,402,842
2019-01-13T22:15:00+09:00,J1,1079,1235,2314
2019-01-13T22:15:00+09:00,J2,809,747,1556
2019-01-13T22:15:00+09:00,J3,888,828,1716
2019-01-13T22:15:00+09:00,J4,802,837,1639
2019-01-13T22:15:00+09:00,J5,405,439,844
2019-01-13T22:30:00+09:00,J1,1111,1307,2418
2019-01-13T22:30:00+09:00,J2,704,732,1436
2019-01-13T22:30:00+09:00,J3,815,810,1625
2019-01-13T22:30:00+09:00,J4,865,849,1714
2019-01-13T22:30:00+09:00,J5,503,432,935
2019-01-13T22:45:00+09:00,J1,1131,1290,2421
2019-01-13T22:45:00+09:00,J2,718,797,1515
2019-01-13T22:45:00+09:00,J3,896,900,1796
2019-01-13T22:45:00+09:00,J4,830,928,1758
2019-01-13T22:45:00+09:00,J5,517,523,1040
2019-01-13T23:00:00+09:00,J1,1205,1270,2475
2019-01-13T23:00:00+09:00,J2,750,813,1563
2019-01-13T23:00:00+09:00,J3,834,831,1665
2019-01-13T23:00:00+09:00,J4,852,853,1705
2019-01-13T23:00:00+09:00,J5,580,532,1112
2019-01-13T23:15:00+09:00,J1,1118,1269,2387
2019-01-13T23:15:00+09:00,J2,659,660,1319
2019-01-13T23:15:00+09:00,J3,875,838,1713
2019-01-13T23:15:00+09:00,J4,905,923,1828
2019-01-13T23:15:00+09:00,J5,505,472,977
2019-01-13T23:30:00+09:00,J1,888,1044,1932
2019-01-13T23:30:00+09:00,J2,597,608,1205
2019-01-13T23:30:00+09:00,J3,697,694,1391
2019-01-13T23:30:00+09:00,J4,635,724,1359
2019-01-13T23:30:00+09:00,J5,430,411,841
2019-01-13T23:45:00+09:00,J1,1371,1488,2859
2019-01-13T23:45:00+09:00,J2,895,905,1800
2019-01-13T23:45:00+09:00,J3,945,800,1745
2019-01-13T23:45:00+09:00,J4,932,1035,1967
2019-01-13T23:45:00+09:00,J5,625,551,1176
2019-01-14T00:00:00+09:00,J1,936,1053,1989
2019-01-14T00:00:00+09:00,J2,508,592,1100
2019-01-14T00:00:00+09:00,J3,749,705,1454
2019-01-14T00:00:00+09:00,J4,764,775,1539
2019-01-14T00:00:00+09:00,J5,594,505,1099
2019-01-14T00:15:00+09:00,J1,755,747,1502
2019-01-14T00:15:00+09:00,J2,500,539,1039
2019-01-14T00:15:00+09:00,J3,957,839,1796
2019-01-14T00:15:00+09:00,J4,839,778,1617
2019-01-14T00:15:00+09:00,J5,525,450,975
2019-01-14T00:30:00+09:00,J1,667,640,1307
2019-01-14T00:30:00+09:00,J2,506,505,1011
2019-01-14T00:30:00+09:00,J3,800,661,1461
2019-01-14T00:30:00+09:00,J4,749,803,1552
2019-01-14T00:30:00+09:00,J5,519,469,988
2019-01-14T00:45:00+09:00,J1,615,575,1190
2019-01-14T00:45:00+09:00,J2,486,504,990
2019-01-14T00:45:00+09:00,J3,839,675,1514
2019-01-14T00:45:00+09:00,J4,689,676,1365
2019-01-14T00:45:00+09:00,J5,508,480,988
2019-01-14T05:45:00+09:00,J1,1008,1042,2050
2019-01-14T05:45:00+09:00,J2,479,600,1079
2019-01-14T05:45:00+09:00,J3,678,631,1309
2019-01-14T05:45:00+09:00,J4,615,688,1303
2019-01-14T05:45:00+09:00,J5,519,584,1103
2019-01-14T06:00:00+09:00,J1,869,951,1820
2019-01-14T06:00:00+09:00,J2,576,567,1143
2019-01-14T06:00:00+09:00,J3,892,726,1618
2019-01-14T06:00:00+09:00,J4,664,678,1342
2019-01-14T06:00:00+09:00,J5,525,563,1088
2019-01-14T06:15:00+09:00,J1,1064,1060,2124
2019-01-14T06:15:00+09:00,J2,585,677,1262
2019-01-14T06:15:00+09:00,J3,820,712,1532
2019-01-14T06:15:00+09:00,J4,722,710,1432
2019-01-14T06:15:00+09:00,J5,511,534,1045
2019-01-14T06:30:00+09:00,J1,1080,1098,2178
2019-01-14T06:30:00+09:00,J2,507,550,1057
2019-01-14T06:30:00+09:00,J3,672,599,1271
2019-01-14T06:30:00+09:00,J4,712,712,1424
2019-01-14T06:30:00+09:00,J5,589,533,1122
2019-01-14T06:45:00+09:00,J1,1142,1113,2255
2019-01-14T06:45:00+09:00,J2,528,546,1074
2019-01-14T06:45:00+09:00,J3,696,630,1326
2019-01-14T06:45:00+09:00,J4,746,748,1494
2019-01-14T06:45:00+09:00,J5,550,536,1086
2019-01-14T07:00:00+09:00,J1,1147,1156,2303
2019-01-14T07:00:00+09:00,J2,684,670,1354
2019-01-14T07:00:00+09:00,J3,647,574,1221
2019-01-14T07:00:00+09:00,J4,726,742,1468
2019-01-14T07:00:00+09:00,J5,611,571,1182
2019-01-14T07:15:00+09:00,J1,1139,1192,2331
2019-01-14T07:15:00+09:00,J2,738,757,1495
2019-01-14T07:15:00+09:00,J3,773,658,1431
2019-01-14T07:15:00+09:00,J4,820,861,1681
2019-01-14T07:15:00+09:00,J5,619,566,1185
2019-01-14T07:30:00+09:00,J1,1201,1278,2479
2019-01-14T07:30:00+09:00,J2,721,704,1425
2019-01-14T07:30:00+09:00,J3,780,681,1461
2019-01-14T07:30:00+09:00,J4,819,1004,1823
2019-01-14T07:30:00+09:00,J5,630,587,1217
2019-01-14T07:45:00+09:00,J1,1123,1238,2361
2019-01-14T07:45:00+09:00,J2,683,769,1452
2019-01-14T07:45:00+09:00,J3,789,597,1386
2019-01-14T07:45:00+09:00,J4,831,819,1650
2019-01-14T07:45:00+09:00,J5,649,604,1253
2019-01-14T08:00:00+09:00,J1,1315,1342,2657
2019-01-14T08:00:00+09:00,J2,799,852,1651
2019-01-14T08:00:00+09:00,J3,1084,1099,2183
2019-01-14T08:00:00+09:00,J4,905,1032,1937
2019-01-14T08:00:00+09:00,J5,604,520,1124
2019-01-14T08:15:00+09:00,J1,1256,1404,2660
2019-01-14T08:15:00+09:00,J2,960,906,1866
2019-01-14T08:15:00+09:00,J3,1193,1163,2356
2019-01-14T08:15:00+09:00,J4,1013,1045,2058
2019-01-14T08:15:00+09:00,J5,593,582,1175
2019-01-14T08:30:00+09:00,J1,1237,1341,2578
2019-01-14T08:30:00+09:00,J2,909,763,1672
2019-01-14T08:30:00+09:00,J3,1179,1163,2342
2019-01-14T08:30:00+09:00,J4,1037,1073,2110
2019-01-14T08:30:00+09:00,J5,691,620,1311
2019-01-14T08:45:00+09:00,J1,1204,1438,2642
2019-01-14T08:45:00+09:00,J2,789,758,1547
2019-01-14T08:45:00+09:00,J3,1249,1161,2410
2019-01-14T08:45:00+09:00,J4,1031,1096,2127
2019-01-14T08:45:00+09:00,J5,653,626,1279
2019-01-14T09:00:00+09:00,J1,1355,1368,2723
2019-01-14T09:00:00+09:00,J2,1128,1102,2230
2019-01-14T09:00:00+09:00,J3,982,918,1900
2019-01-14T09:00:00+09:00,J4,981,989,1970
2019-01-14T09:00:00+09:00,J5,519,478,997
2019-01-14T09:15:00+09:00,J1,1360,1356,2716
2019-01-14T09:15:00+09:00,J2,1079,1103,2182
2019-01-14T09:15:00+09:00,J3,872,831,1703
2019-01-14T09:15:00+09:00,J4,1000,1022,2022
2019-01-14T09:15:00+09:00,J5,408,436,844
2019-01-14T09:30:00+09:00,J1,1337,1289,2626
2019-01-14T09:30:00+09:00,J2,938,803,1741
2019-01-14T09:30:00+09:00,J3,974,919,1893
2019-01-14T09:30:00+09:00,J4,972,1058,2030
2019-01-14T09:30:00+09:00,J5,510,453,963
2019-01-14T09:45:00+09:00,J1,1287,1331,2618
2019-01-14T09:45:00+09:00,J2,977,775,1752
2019-01-14T09:45:00+09:00,J3,1069,926,1995
2019-01-14T09:45:00+09:00,J4,935,959,1894
2019-01-14T09:45:00+09:00,J5,480,446,926
2019-01-14T10:00:00+09:00,J1,1328,1385,2713
2019-01-14T10:00:00+09:00,J2,791,724,1515
2019-01-14T10:00:00+09:00,J3,1013,898,1911
2019-01-14T10:00:00+09:00,J4,979,980,1959
2019-01-14T10:00:00+09:00,J5,508,407,915
2019-01-14T10:15:00+09:00,J1,1275,1368,2643
2019-01-14T10:15:00+09:00,J2,798,748,1546
2019-01-14T10:15:00+09:00,J3,1020,941,1961
2019-01-14T10:15:00+09:00,J4,1027,940,1967
2019-01-14T10:15:00+09:00,J5,496,408,904
2019-01-14T10:30:00+09:00,J1,1326,1452,2778
2019-01-14T10:30:00+09:00,J2,755,710,1465
2019-01-14T10:30:00+09:00,J3,1037,913,1950
2019-01-14T10:30:00+09:00,J4,900,943,1843
2019-01-14T10:30:00+09:00,J5,504,470,974
2019-01-14T10:45:00+09:00,J1,1311,1451,2762
2019-01-14T10:45:00+09:00,J2,749,721,1470
2019-01-14T10:45:00+09:00,J3,1116,910,2026
2019-01-14T10:45:00+09:00,J4,1053,991,2044
2019-01-14T10:45:00+09:00,J5,453,430,883
2019-01-14T11:00:00+09:00,J1,1287,1431,2718
2019-01-14T11:00:00+09:00,J2,785,693,1478
2019-01-14T11:00:00+09:00,J3,1275,1138,2413
2019-01-14T11:00:00+09:00,J4,1021,1034,2055
2019-01-14T11:00:00+09:00,J5,579,493,1072
2019-01-14T11:15:00+09:00,J1,1352,1448,2800
2019-01-14T11:15:00+09:00,J2,693,704,1397
2019-01-14T11:15:00+09:00,J3,1104,984,2088
2019-01-14T11:15:00+09:00,J4,990,995,1985
2019-01-14T11:15:00+09:00,J5,673,672,1345
2019-01-14T11:30:00+09:00,J1,1236,1463,2699
2019-01-14T11:30:00+09:00,J2,712,616,1328
2019-01-14T11:30:00+09:00,J3,1083,1015,2098
2019-01-14T11:30:00+09:00,J4,1010,1010,2020
2019-01-14T11:30:00+09:00,J5,616,645,1261
2019-01-14T11:45:00+09:00,J1,1311,1476,2787
2019-01-14T11:45:00+09:00,J2,784,609,1393
2019-01-14T11:45:00+09:00,J3,1107,1116,2223
2019-01-14T11:45:00+09:00,J4,992,1018,2010
2019-01-14T11:45:00+09:00,J5,569,638,1207
2019-01-14T12:00:00+09:00,J1,1220,1483,2703
2019-01-14T12:00:00+09:00,J2,801,657,1458
2019-01-14T12:00:00+09:00,J3,1265,1031,2296
2019-01-14T12:00:00+09:00,J4,1016,982,1998
2019-01-14T12:00:00+09:00,J5,631,618,1249
2019-01-14T12:15:00+09:00,J1,1268,1387,2655
2019-01-14T12:15:00+09:00,J2,743,650,1393
2019-01-14T12:15:00+09:00,J3,1290,1120,2410
2019-01-14T12:15:00+09:00,J4,985,1038,2023
2019-01-14T12:15:00+09:00,J5,567,504,1071
2019-01-14T12:30:00+09:00,J1,1240,1351,2591
2019-01-14T12:30:00+09:00,J2,786,703,1489
2019-01-14T12:30:00+09:00,J3,917,897,1814
2019-01-14T12:30:00+09:00,J4,950,995,1945
2019-01-14T12:30:00+09:00,J5,395,548,943
2019-01-14T12:45:00+09:00,J1,1156,1395,2551
2019-01-14T12:45:00+09:00,J2,843,783,1626
2019-01-14T12:45:00+09:00,J3,880,1022,1902
2019-01-14T12:45:00+09:00,J4,1000,995,1995
2019-01-14T12:45:00+09:00,J5,452,501,953
2019-01-14T13:00:00+09:00,J1,1175,1333,2508
2019-01-14T13:00:00+09:00,J2,749,689,1438
2019-01-14T13:00:00+09:00,J3,1023,1078,2101
2019-01-14T13:00:00+09:00,J4,1018,954,1972
2019-01-14T13:00:00+09:00,J5,464,504,968
2019-01-14T13:15:00+09:00,J1,1144,1408,2552
2019-01-14T13:15:00+09:00,J2,817,739,1556
2019-01-14T13:15:00+09:00,J3,1069,1140,2209
2019-01-14T13:15:00+09:00,J4,1017,912,1929
2019-01-14T13:15:00+09:00,J5,589,550,1139
2019-01-14T13:30:00+09:00,J1,1118,1426,2544
2019-01-14T13:30:00+09:00,J2,799,736,1535
2019-01-14T13:30:00+09:00,J3,1019,1046,2065
2019-01-14T13:30:00+09:00,J4,905,941,1846
2019-01-14T13:30:00+09:00,J5,654,573,1227
2019-01-14T13:45:00+09:00,J1,1290,1424,2714
2019-01-14T13:45:00+09:00,J2,725,716,1441
2019-01-14T13:45:00+09:00,J3,1122,1056,2178
2019-01-14T13:45:00+09:00,J4,877,941,1818
2019-01-14T13:45:00+09:00,J5,626,623,1249
2019-01-14T14:00:00+09:00,J1,1162,1398,2560
2019-01-14T14:00:00+09:00,J2,767,709,1476
2019-01-14T14:00:00+09:00,J3,1109,1063,2172
2019-01-14T14:00:00+09:00,J4,824,932,1756
2019-01-14T14:00:00+09:00,J5,640,601,1241
2019-01-14T14:15:00+09:00,J1,1187,1403,2590
2019-01-14T14:15:00+09:00,J2,816,713,1529
2019-01-14T14:15:00+09:00,J3,1089,1105,2194
2019-01-14T14:15:00+09:00,J4,897,945,1842
2019-01-14T14:15:00+09:00,J5,523,593,1116
2019-01-14T14:30:00+09:00,J1,1224,1455,2679
2019-01-14T14:30:00+09:00,J2,870,763,1633
2019-01-14T14:30:00+09:00,J3,997,1202,2199
2019-01-14T14:30:00+09:00,J4,866,1005,1871
2019-01-14T14:30:00+09:00,J5,441,489,930
2019-01-14T14:45:00+09:00,J1,1198,1384,2582
2019-01-14T14:45:00+09:00,J2,714,683,1397
2019-01-14T14:45:00+09:00,J3,976,1125,2101
2019-01-14T14:45:00+09:00,J4,923,1032,1955
2019-01-14T14:45:00+09:00,J5,492,584,1076
2019-01-14T15:00:00+09:00,J1,1221,1442,2663
2019-01-14T15:00:00+09:00,J2,702,809,1511
2019-01-14T15:00:00+09:00,J3,919,1043,1962
2019-01-14T15:00:00+09:00,J4,941,1008,1949
2019-01-14T15:00:00+09:00,J5,588,647,1235
2019-01-14T15:15:00+09:00,J1,1236,1473,2709
2019-01-14T15:15:00+09:00,J2,765,705,1470
2019-01-14T15:15:00+09:00,J3,908,1052,1960
2019-01-14T15:15:00+09:00,J4,921,1006,1927
2019-01-14T15:15:00+09:00,J5,644,593,1237
2019-01-14T15:30:00+09:00,J1,1172,1439,2611
2019-01-14T15:30:00+09:00,J2,779,675,1454
2019-01-14T15:30:00+09:00,J3,975,1110,2085
2019-01-14T15:30:00+09:00,J4,908,1033,1941
2019-01-14T15:30:00+09:00,J5,569,549,1118
2019-01-14T15:45:00+09:00,J1,1226,1425,2651
2019-01-14T15:45:00+09:00,J2,766,740,1506
2019-01-14T15:45:00+09:00,J3,998,1133,2131
2019-01-14T15:45:00+09:00,J4,898,1037,1935
2019-01-14T15:45:00+09:00,J5,500,501,1001
2019-01-14T16:00:00+09:00,J1,1203,1469,2672
2019-01-14T16:00:00+09:00,J2,746,751,1497
2019-01-14T16:00:00+09:00,J3,1259,1000,2259
2019-01-14T16:00:00+09:00,J4,909,1002,1911
2019-01-14T16:00:00+09:00,J5,440,467,907
2019-01-14T16:15:00+09:00,J1,1250,1417,2667
2019-01-14T16:15:00+09:00,J2,954,867,1821
2019-01-14T16:15:00+09:00,J3,1202,1164,2366
2019-01-14T16:15:00+09:00,J4,943,1011,1954
2019-01-14T16:15:00+09:00,J5,660,665,1325
2019-01-14T16:30:00+09:00,J1,1176,1363,2539
2019-01-14T16:30:00+09:00,J2,877,855,1732
2019-01-14T16:30:00+09:00,J3,1125,1163,2288
2019-01-14T16:30:00+09:00,J4,917,958,1875
2019-01-14T16:30:00+09:00,J5,668,687,1355
2019-01-14T16:45:00+09:00,J1,1169,1385,2554
2019-01-14T16:45:00+09:00,J2,931,743,1674
2019-01-14T16:45:00+09:00,J3,1146,1110,2256
2019-01-14T16:45:00+09:00,J4,899,992,1891
2019-01-14T16:45:00+09:00,J5,591,592,1183
2019-01-14T17:00:00+09:00,J1,1211,1418,2629
2019-01-14T17:00:00+09:00,J2,937,811,1748
2019-01-14T17:00:00+09:00,J3,1293,1023,2316
2019-01-14T17:00:00+09:00,J4,928,924,1852
2019-01-14T17:00:00+09:00,J5,587,655,1242
2019-01-14T17:15:00+09:00,J1,1204,1385,2589
2019-01-14T17:15:00+09:00,J2,905,827,1732
2019-01-14T17:15:00+09:00,J3,1309,1000,2309
2019-01-14T17:15:00+09:00,J4,831,981,1812
2019-01-14T17:15:00+09:00,J5,646,702,1348
2019-01-14T17:30:00+09:00,J1,1172,1384,2556
2019-01-14T17:30:00+09:00,J2,799,745,1544
2019-01-14T17:30:00+09:00,J3,1099,932,2031
2019-01-14T17:30:00+09:00,J4,827,904,1731
2019-01-14T17:30:00+09:00,J5,621,569,1190
2019-01-14T17:45:00+09:00,J1,1161,1367,2528
2019-01-14T17:45:00+09:00,J2,853,768,1621
2019-01-14T17:45:00+09:00,J3,1093,937,2030
2019-01-14T17:45:00+09:00,J4,867,874,1741
2019-01-14T17:45:00+09:00,J5,478,450,928
2019-01-14T18:00:00+09:00,J1,1294,1451,2745
2019-01-14T18:00:00+09:00,J2,713,742,1455
2019-01-14T18:00:00+09:00,J3,1146,861,2007
2019-01-14T18:00:00+09:00,J4,839,850,1689
2019-01-14T18:00:00+09:00,J5,482,493,975
2019-01-14T18:15:00+09:00,J1,1273,1465,2738
2019-01-14T18:15:00+09:00,J2,676,684,1360
2019-01-14T18:15:00+09:00,J3,1125,838,1963
2019-01-14T18:15:00+09:00,J4,979,887,1866
2019-01-14T18:15:00+09:00,J5,719,631,1350
2019-01-14T18:30:00+09:00,J1,1274,1451,2725
2019-01-14T18:30:00+09:00,J2,755,710,1465
2019-01-14T18:30:00+09:00,J3,1087,875,1962
2019-01-14T18:30:00+09:00,J4,1013,883,1896
2019-01-14T18:30:00+09:00,J5,507,518,1025
2019-01-14T18:45:00+09:00,J1,1270,1367,2637
2019-01-14T18:45:00+09:00,J2,716,718,1434
2019-01-14T18:45:00+09:00,J3,1008,847,1855
2019-01-14T18:45:00+09:00,J4,1005,893,1898
2019-01-14T18:45:00+09:00,J5,465,478,943
2019-01-14T19:00:00+09:00,J1,1202,1365,2567
2019-01-14T19:00:00+09:00,J2,730,533,1263
2019-01-14T19:00:00+09:00,J3,1001,944,1945
2019-01-14T19:00:00+09:00,J4,954,904,1858
2019-01-14T19:00:00+09:00,J5,432,464,896
2019-01-14T19:15:00+09:00,J1,1159,1355,2514
2019-01-14T19:15:00+09:00,J2,734,597,1331
2019-01-14T19:15:00+09:00,J3,779,851,1630
2019-01-14T19:15:00+09:00,J4,1000,818,1818
2019-01-14T19:15:00+09:00,J5,352,460,812
2019-01-14T19:30:00+09:00,J1,1178,1235,2413
2019-01-14T19:30:00+09:00,J2,747,647,1394
2019-01-14T19:30:00+09:00,J3,946,962,1908
2019-01-14T19:30:00+09:00,J4,966,848,1814
2019-01-14T19:30:00+09:00,J5,385,421,806
2019-01-14T19:45:00+09:00,J1,1135,1307,2442
2019-01-14T19:45:00+09:00,J2,678,633,1311
2019-01-14T19:45:00+09:00,J3,860,783,1643
2019-01-14T19:45:00+09:00,J4,944,805,1749
2019-01-14T19:45:00+09:00,J5,388,458,846
2019-01-14T20:00:00+09:00,J1,1146,1251,2397
2019-01-14T20:00:00+09:00,J2,787,759,1546
2019-01-14T20:00:00+09:00,J3,964,782,1746
2019-01-14T20:00:00+09:00,J4,938,935,1873
2019-01-14T20:00:00+09:00,J5,373,390,763
2019-01-14T20:15:00+09:00,J1,1107,1282,2389
2019-01-14T20:15:00+09:00,J2,635,683,1318
2019-01-14T20:15:00+09:00,J3,1011,826,1837
2019-01-14T20:15:00+09:00,J4,952,936,1888
2019-01-14T20:15:00+09:00,J5,388,394,782
2019-01-14T20:30:00+09:00,J1,1123,1323,2446
2019-01-14T20:30:00+09:00,J2,723,751,1474
2019-01-14T20:30:00+09:00,J3,1098,873,1971
2019-01-14T20:30:00+09:00,J4,1020,905,1925
2019-01-14T20:30:00+09:00,J5,375,375,750
2019-01-14T20:45:00+09:00,J1,1129,1207,2336
2019-01-14T20:45:00+09:00,J2,960,884,1844
2019-01-14T20:45:00+09:00,J3,1054,899,1953
2019-01-14T20:45:00+09:00,J4,973,938,1911
2019-01-14T20:45:00+09:00,J5,377,336,713
2019-01-14T21:00:00+09:00,J1,1113,1246,2359
2019-01-14T21:00:00+09:00,J2,846,825,1671
2019-01-14T21:00:00+09:00,J3,960,883,1843
2019-01-14T21:00:00+09:00,J4,927,804,1731
2019-01-14T21:00:00+09:00,J5,397,355,752
2019-01-14T21:15:00+09:00,J1,1122,1209,2331
2019-01-14T21:15:00+09:00,J2,818,796,1614
2019-01-14T21:15:00+09:00,J3,1009,755,1764
2019-01-14T21:15:00+09:00,J4,908,809,1717
2019-01-14T21:15:00+09:00,J5,399,354,753
2019-01-14T21:30:00+09:00,J1,1125,1352,2477
2019-01-14T21:30:00+09:00,J2,819,790,1609
2019-01-14T21:30:00+09:00,J3,916,680,1596
2019-01-14T21:30:00+09:00,J4,957,830,1787
2019-01-14T21:30:00+09:00,J5,455,373,828
2019-01-14T21:45:00+09:00,J1,1144,1166,2310
2019-01-14T21:45:00+09:00,J2,779,725,1504
2019-01-14T21:45:00+09:00,J3,800,629,1429
2019-01-14T21:45:00+09:00,J4,891,877,1768
2019-01-14T21:45:00+09:00,J5,442,378,820
2019-01-14T22:00:00+09:00,J1,1064,1231,2295
2019-01-14T22:00:00+09:00,J2,760,707,1467
2019-01-14T22:00:00+09:00,J3,735,616,1351
2019-01-14T22:00:00+09:00,J4,881,868,1749
2019-01-14T22:00:00+09:00,J5,476,437,913
2019-01-14T22:15:00+09:00,J1,1126,1256,2382
2019-01-14T22:15:00+09:00,J2,758,763,1521
2019-01-14T22:15:00+09:00,J3,737,705,1442
2019-01-14T22:15:00+09:00,J4,884,920,1804
2019-01-14T22:15:00+09:00,J5,475,466,941
2019-01-14T22:30:00+09:00,J1,1138,1233,2371
2019-01-14T22:30:00+09:00,J2,734,699,1433
2019-01-14T22:30:00+09:00,J3,771,693,1464
2019-01-14T22:30:00+09:00,J4,833,975,1808
2019-01-14T22:30:00+09:00,J5,506,486,992
2019-01-14T22:45:00+09:00,J1,1126,1216,2342
2019-01-14T22:45:00+09:00,J2,674,756,1430
2019-01-14T22:45:00+09:00,J3,764,699,1463
2019-01-14T22:45:00+09:00,J4,893,890,1783
2019-01-14T22:45:00+09:00,J5,513,550,1063
2019-01-14T23:00:00+09:00,J1,1099,1149,2248
2019-01-14T23:00:00+09:00,J2,640,718,1358
2019-01-14T23:00:00+09:00,J3,736,715,1451
2019-01-14T23:00:00+09:00,J4,886,845,1731
2019-01-14T23:00:00+09:00,J5,619,520,1139
2019-01-14T23:15:00+09:00,J1,1100,1182,2282
2019-01-14T23:15:00+09:00,J2,674,726,1400
2019-01-14T23:15:00+09:00,J3,872,832,1704
2019-01-14T23:15:00+09:00,J4,868,898,1766
2019-01-14T23:15:00+09:00,J5,545,541,1086
2019-01-14T23:30:00+09:00,J1,910,1069,1979
2019-01-14T23:30:00+09:00,J2,684,729,1413
2019-01-14T23:30:00+09:00,J3,763,776,1539
2019-01-14T23:30:00+09:00,J4,759,794,1553
2019-01-14T23:30:00+09:00,J5,552,544,1096
2019-01-14T23:45:00+09:00,J1,1019,1072,2091
2019-01-14T23:45:00+09:00,J2,725,617,1342
2019-01-14T23:45:00+09:00,J3,776,743,1519
2019-01-14T23:45:00+09:00,J4,761,834,1595
2019-01-14T23:45:00+09:00,J5,575,522,1097
2019-01-15T00:00:00+09:00,J1,1000,948,1948
2019-01-15T00:00:00+09:00,J2,608,608,1216
2019-01-15T00:00:00+09:00,J3,784,731,1515
2019-01-15T00:00:00+09:00,J4,862,822,1684
2019-01-15T00:00:00+09:00,J5,568,520,1088
2019-01-15T00:15:00+09:00,J1,748,768,1516
2019-01-15T00:15:00+09:00,J2,516,577,1093
2019-01-15T00:15:00+09:00,J3,952,826,1778
2019-01-15T00:15:00+09:00,J4,816,783,1599
2019-01-15T00:15:00+09:00,J5,538,500,1038
2019-01-15T00:30:00+09:00,J1,576,635,1211
2019-01-15T00:30:00+09:00,J2,543,624,1167
2019-01-15T00:30:00+09:00,J3,840,747,1587
2019-01-15T00:30:00+09:00,J4,728,732,1460
2019-01-15T00:30:00+09:00,J5,538,473,1011
2019-01-15T00:45:00+09:00,J1,558,549,1107
2019-01-15T00:45:00+09:00,J2,503,561,1064
2019-01-15T00:45:00+09:00,J3,830,716,1546
2019-01-15T00:45:00+09:00,J4,595,678,1273
2019-01-15T00:45:00+09:00,J5,545,499,1044
2019-01-15T05:45:00+09:00,J1,879,909,1788
2019-01-15T05:45:00+09:00,J2,515,523,1038
2019-01-15T05:45:00+09:00,J3,710,671,1381
2019-01-15T05:45:00+09:00,J4,512,639,1151
2019-01-15T05:45:00+09:00,J5,429,477,906
2019-01-15T06:00:00+09:00,J1,945,954,1899
2019-01-15T06:00:00+09:00,J2,606,630,1236
2019-01-15T06:00:00+09:00,J3,892,656,1548
2019-01-15T06:00:00+09:00,J4,618,779,1397
2019-01-15T06:00:00+09:00,J5,530,483,1013
2019-01-15T06:15:00+09:00,J1,1003,1046,2049
2019-01-15T06:15:00+09:00,J2,597,660,1257
2019-01-15T06:15:00+09:00,J3,999,686,1685
2019-01-15T06:15:00+09:00,J4,676,792,1468
2019-01-15T06:15:00+09:00,J5,531,499,1030
2019-01-15T06:30:00+09:00,J1,962,1035,1997
2019-01-15T06:30:00+09:00,J2,579,697,1276
2019-01-15T06:30:00+09:00,J3,925,664,1589
2019-01-15T06:30:00+09:00,J4,662,755,1417
2019-01-15T06:30:00+09:00,J5,588,507,1095
2019-01-15T06:45:00+09:00,J1,960,1002,1962
2019-01-15T06:45:00+09:00,J2,664,647,1311
2019-01-15T06:45:00+09:00,J3,984,738,1722
2019-01-15T06:45:00+09:00,J4,805,874,1679
2019-01-15T06:45:00+09:00,J5,574,538,1112
2019-01-15T07:00:00+09:00,J1,1033,1149,2182
2019-01-15T07:00:00+09:00,J2,628,723,1351
2019-01-15T07:00:00+09:00,J3,1001,800,1801
2019-01-15T07:00:00+09:00,J4,824,955,1779
2019-01-15T07:00:00+09:00,J5,679,582,1261
2019-01-15T07:15:00+09:00,J1,1125,1196,2321
2019-01-15T07:15:00+09:00,J2,688,689,1377
2019-01-15T07:15:00+09:00,J3,1043,923,1966
2019-01-15T07:15:00+09:00,J4,889,981,1870
2019-01-15T07:15:00+09:00,J5,721,602,1323
2019-01-15T07:30:00+09:00,J1,1148,1241,2389
2019-01-15T07:30:00+09:00,J2,774,688,1462
2019-01-15T07:30:00+09:00,J3,1213,1146,2359
2019-01-15T07:30:00+09:00,J4,990,1113,2103
2019-01-15T07:30:00+09:00,J5,523,585,1108
2019-01-15T07:45:00+09:00,J1,1254,1319,2573
2019-01-15T07:45:00+09:00,J2,1050,799,1849
2019-01-15T07:45:00+09:00,J3,1202,1148,2350
2019-01-15T07:45:00+09:00,J4,920,1177,2097
2019-01-15T07:45:00+09:00,J5,744,731,1475
2019-01-15T08:00:00+09:00,J1,1341,1367,2708
2019-01-15T08:00:00+09:00,J2,1149,811,1960
2019-01-15T08:00:00+09:00,J3,1381,1232,2613
2019-01-15T08:00:00+09:00,J4,956,1250,2206
2019-01-15T08:00:00+09:00,J5,732,656,1388
2019-01-15T08:15:00+09:00,J1,1392,1268,2660
2019-01-15T08:15:00+09:00,J2,1263,858,2121
2019-01-15T08:15:00+09:00,J3,1436,1382,2818
2019-01-15T08:15:00+09:00,J4,1060,1333,2393
2019-01-15T08:15:00+09:00,J5,669,698,1367
2019-01-15T08:30:00+09:00,J1,1400,1294,2694
2019-01-15T08:30:00+09:00,J2,1254,870,2124
2019-01-15T08:30:00+09:00,J3,1258,1545,2803
2019-01-15T08:30:00+09:00,J4,1011,1309,2320
2019-01-15T08:30:00+09:00,J5,682,694,1376
2019-01-15T08:45:00+09:00,J1,1407,1318,2725
2019-01-15T08:45:00+09:00,J2,1011,663,1674
2019-01-15T08:45:00+09:00,J3,1254,1352,2606
2019-01-15T08:45:00+09:00,J4,931,1094,2025
2019-01-15T08:45:00+09:00,J5,710,666,1376
2019-01-15T09:00:00+09:00,J1,1266,1371,2637
2019-01-15T09:00:00+09:00,J2,908,732,1640
2019-01-15T09:00:00+09:00,J3,1275,1262,2537
2019-01-15T09:00:00+09:00,J4,892,977,1869
2019-01-15T09:00:00+09:00,J5,687,693,1380
2019-01-15T09:15:00+09:00,J1,1313,1324,2637
2019-01-15T09:15:00+09:00,J2,990,700,1690
2019-01-15T09:15:00+09:00,J3,994,980,1974
2019-01-15T09:15:00+09:00,J4,878,968,1846
2019-01-15T09:15:00+09:00,J5,497,475,972
2019-01-15T09:30:00+09:00,J1,1331,1338,2669
2019-01-15T09:30:00+09:00,J2,959,768,1727
2019-01-15T09:30:00+09:00,J3,819,938,1757
2019-01-15T09:30:00+09:00,J4,938,954,1892
2019-01-15T09:30:00+09:00,J5,458,458,916
2019-01-15T09:45:00+09:00,J1,1316,1356,2672
2019-01-15T09:45:00+09:00,J2,725,649,1374
2019-01-15T09:45:00+09:00,J3,845,925,1770
2019-01-15T09:45:00+09:00,J4,928,972,1900
2019-01-15T09:45:00+09:00,J5,525,488,1013
2019-01-15T10:00:00+09:00,J1,1214,1374,2588
2019-01-15T10:00:00+09:00,J2,647,616,1263
2019-01-15T10:00:00+09:00,J3,890,892,1782
2019-01-15T10:00:00+09:00,J4,926,965,1891
2019-01-15T10:00:00+09:00,J5,456,430,886
2019-01-15T10:15:00+09:00,J1,1268,1250,2518
2019-01-15T10:15:00+09:00,J2,886,819,1705
2019-01-15T10:15:00+09:00,J3,973,952,1925
2019-01-15T10:15:00+09:00,J4,911,857,1768
2019-01-15T10:15:00+09:00,J5,445,418,863
2019-01-15T10:30:00+09:00,J1,1208,1352,2560
2019-01-15T10:30:00+09:00,J2,895,759,1654
2019-01-15T10:30:00+09:00,J3,911,1022,1933
2019-01-15T10:30:00+09:00,J4,875,878,1753
2019-01-15T10:30:00+09:00,J5,419,420,839
2019-01-15T10:45:00+09:00,J1,1240,1317,2557
2019-01-15T10:45:00+09:00,J2,880,733,1613
2019-01-15T10:45:00+09:00,J3,845,997,1842
2019-01-15T10:45:00+09:00,J4,983,937,1920
2019-01-15T10:45:00+09:00,J5,359,377,736
2019-01-15T11:00:00+09:00,J1,1217,1377,2594
2019-01-15T11:00:00+09:00,J2,805,727,1532
2019-01-15T11:00:00+09:00,J3,979,979,1958
2019-01-15T11:00:00+09:00,J4,892,896,1788
2019-01-15T11:00:00+09:00,J5,366,420,786
2019-01-15T11:15:00+09:00,J1,1247,1329,2576
2019-01-15T11:15:00+09:00,J2,759,747,1506
2019-01-15T11:15:00+09:00,J3,969,1021,1990
2019-01-15T11:15:00+09:00,J4,891,917,1808
2019-01-15T11:15:00+09:00,J5,580,597,1177
2019-01-15T11:30:00+09:00,J1,1228,1539,2767
2019-01-15T11:30:00+09:00,J2,738,654,1392
2019-01-15T11:30:00+09:00,J3,1116,1123,2239
2019-01-15T11:30:00+09:00,J4,900,936,1836
2019-01-15T11:30:00+09:00,J5,615,653,1268
2019-01-15T11:45:00+09:00,J1,1232,1402,2634
2019-01-15T11:45:00+09:00,J2,678,634,1312
2019-01-15T11:45:00+09:00,J3,1167,1080,2247
2019-01-15T11:45:00+09:00,J4,916,925,1841
2019-01-15T11:45:00+09:00,J5,613,651,1264
2019-01-15T12:00:00+09:00,J1,1176,1329,2505
2019-01-15T12:00:00+09:00,J2,794,712,1506
2019-01-15T12:00:00+09:00,J3,1236,1175,2411
2019-01-15T12:00:00+09:00,J4,906,901,1807
2019-01-15T12:00:00+09:00,J5,654,723,1377
2019-01-15T12:15:00+09:00,J1,1139,1338,2477
2019-01-15T12:15:00+09:00,J2,761,754,1515
2019-01-15T12:15:00+09:00,J3,1116,1015,2131
2019-01-15T12:15:00+09:00,J4,934,983,1917
2019-01-15T12:15:00+09:00,J5,677,741,1418
2019-01-15T12:30:00+09:00,J1,1080,1328,2408
2019-01-15T12:30:00+09:00,J2,800,817,1617
2019-01-15T12:30:00+09:00,J3,1063,994,2057
2019-01-15T12:30:00+09:00,J4,848,941,1789
2019-01-15T12:30:00+09:00,J5,620,608,1228
2019-01-15T12:45:00+09:00,J1,1094,1317,2411
2019-01-15T12:45:00+09:00,J2,770,771,1541
2019-01-15T12:45:00+09:00,J3,1024,1034,2058
2019-01-15T12:45:00+09:00,J4,782,878,1660
2019-01-15T12:45:00+09:00,J5,476,501,977
2019-01-15T13:00:00+09:00,J1,1094,1372,2466
2019-01-15T13:00:00+09:00,J2,677,825,1502
2019-01-15T13:00:00+09:00,J3,1073,963,2036
2019-01-15T13:00:00+09:00,J4,813,878,1691
2019-01-15T13:00:00+09:00,J5,375,400,775
2019-01-15T13:15:00+09:00,J1,1050,1315,2365
2019-01-15T13:15:00+09:00,J2,753,823,1576
2019-01-15T13:15:00+09:00,J3,987,896,1883
2019-01-15T13:15:00+09:00,J4,840,833,1673
2019-01-15T13:15:00+09:00,J5,474,581,1055
2019-01-15T13:30:00+09:00,J1,1188,1375,2563
2019-01-15T13:30:00+09:00,J2,764,739,1503
2019-01-15T13:30:00+09:00,J3,887,828,1715
2019-01-15T13:30:00+09:00,J4,876,963,1839
2019-01-15T13:30:00+09:00,J5,688,706,1394
2019-01-15T13:45:00+09:00,J1,1141,1312,2453
2019-01-15T13:45:00+09:00,J2,770,733,1503
2019-01-15T13:45:00+09:00,J3,851,818,1669
2019-01-15T13:45:00+09:00,J4,859,852,1711
2019-01-15T13:45:00+09:00,J5,605,710,1315
2019-01-15T14:00:00+09:00,J1,1039,1323,2362
2019-01-15T14:00:00+09:00,J2,693,681,1374
2019-01-15T14:00:00+09:00,J3,872,878,1750
2019-01-15T14:00:00+09:00,J4,816,956,1772
2019-01-15T14:00:00+09:00,J5,677,724,1401
2019-01-15T14:15:00+09:00,J1,1127,1308,2435
2019-01-15T14:15:00+09:00,J2,747,705,1452
2019-01-15T14:15:00+09:00,J3,898,865,1763
2019-01-15T14:15:00+09:00,J4,839,806,1645
2019-01-15T14:15:00+09:00,J5,575,678,1253
2019-01-15T14:30:00+09:00,J1,1079,1352,2431
2019-01-15T14:30:00+09:00,J2,712,777,1489
2019-01-15T14:30:00+09:00,J3,993,949,1942
2019-01-15T14:30:00+09:00,J4,732,835,1567
2019-01-15T14:30:00+09:00,J5,638,720,1358
2019-01-15T14:45:00+09:00,J1,1063,1260,2323
2019-01-15T14:45:00+09:00,J2,891,773,1664
2019-01-15T14:45:00+09:00,J3,1075,991,2066
2019-01-15T14:45:00+09:00,J4,742,766,1508
2019-01-15T14:45:00+09:00,J5,680,628,1308
2019-01-15T15:00:00+09:00,J1,1049,1321,2370
2019-01-15T15:00:00+09:00,J2,865,837,1702
2019-01-15T15:00:00+09:00,J3,999,897,1896
2019-01-15T15:00:00+09:00,J4,743,773,1516
2019-01-15T15:00:00+09:00,J5,650,680,1330
2019-01-15T15:15:00+09:00,J1,1048,1399,2447
2019-01-15T15:15:00+09:00,J2,736,801,1537
2019-01-15T15:15:00+09:00,J3,977,857,1834
2019-01-15T15:15:00+09:00,J4,801,896,1697
2019-01-15T15:15:00+09:00,J5,708,683,1391
2019-01-15T15:30:00+09:00,J1,1050,1281,2331
2019-01-15T15:30:00+09:00,J2,696,827,1523
2019-01-15T15:30:00+09:00,J3,859,846,1705
2019-01-15T15:30:00+09:00,J4,780,909,1689
2019-01-15T15:30:00+09:00,J5,624,661,1285
2019-01-15T15:45:00+09:00,J1,1008,1294,2302
2019-01-15T15:45:00+09:00,J2,707,765,1472
2019-01-15T15:45:00+09:00,J3,822,808,1630
2019-01-15T15:45:00+09:00,J4,855,911,1766
2019-01-15T15:45:00+09:00,J5,685,706,1391
2019-01-15T16:00:00+09:00,J1,1077,1330,2407
2019-01-15T16:00:00+09:00,J2,824,775,1599
2019-01-15T16:00:00+09:00,J3,841,785,1626
2019-01-15T16:00:00+09:00,J4,849,905,1754
2019-01-15T16:00:00+09:00,J5,654,699,1353
2019-01-15T16:15:00+09:00,J1,1056,1314,2370
2019-01-15T16:15:00+09:00,J2,677,751,1428
2019-01-15T16:15:00+09:00,J3,849,798,1647
2019-01-15T16:15:00+09:00,J4,848,899,1747
2019-01-15T16:15:00+09:00,J5,669,710,1379
2019-01-15T16:30:00+09:00,J1,1105,1344,2449
2019-01-15T16:30:00+09:00,J2,708,714,1422
2019-01-15T16:30:00+09:00,J3,952,865,1817
2019-01-15T16:30:00+09:00,J4,965,935,1900
2019-01-15T16:30:00+09:00,J5,647,769,1416
2019-01-15T16:45:00+09:00,J1,1185,1317,2502
2019-01-15T16:45:00+09:00,J2,694,678,1372
2019-01-15T16:45:00+09:00,J3,961,961,1922
2019-01-15T16:45:00+09:00,J4,870,911,1781
2019-01-15T16:45:00+09:00,J5,636,719,1355
2019-01-15T17:00:00+09:00,J1,1165,1313,2478
2019-01-15T17:00:00+09:00,J2,784,758,1542
2019-01-15T17:00:00+09:00,J3,1134,1000,2134
2019-01-15T17:00:00+09:00,J4,948,973,1921
2019-01-15T17:00:00+09:00,J5,632,761,1393
2019-01-15T17:15:00+09:00,J1,1252,1388,2640
2019-01-15T17:15:00+09:00,J2,884,810,1694
2019-01-15T17:15:00+09:00,J3,1228,1032,2260
2019-01-15T17:15:00+09:00,J4,1023,927,1950
2019-01-15T17:15:00+09:00,J5,652,806,1458
2019-01-15T17:30:00+09:00,J1,1179,1479,2658
2019-01-15T17:30:00+09:00,J2,852,893,1745
2019-01-15T17:30:00+09:00,J3,1402,1079,2481
2019-01-15T17:30:00+09:00,J4,1107,912,2019
2019-01-15T17:30:00+09:00,J5,682,838,1520
2019-01-15T17:45:00+09:00,J1,1232,1459,2691
2019-01-15T17:45:00+09:00,J2,907,922,1829
2019-01-15T17:45:00+09:00,J3,1399,1058,2457
2019-01-15T17:45:00+09:00,J4,1120,875,1995
2019-01-15T17:45:00+09:00,J5,603,718,1321
2019-01-15T18:00:00+09:00,J1,1266,1445,2711
2019-01-15T18:00:00+09:00,J2,919,896,1815
2019-01-15T18:00:00+09:00,J3,1529,1019,2548
2019-01-15T18:00:00+09:00,J4,1038,942,1980
2019-01-15T18:00:00+09:00,J5,599,708,1307
2019-01-15T18:15:00+09:00,J1,1268,1377,2645
2019-01-15T18:15:00+09:00,J2,966,925,1891
2019-01-15T18:15:00+09:00,J3,1459,1063,2522
2019-01-15T18:15:00+09:00,J4,1048,882,1930
2019-01-15T18:15:00+09:00,J5,587,766,1353
2019-01-15T18:30:00+09:00,J1,1212,1372,2584
2019-01-15T18:30:00+09:00,J2,867,778,1645
2019-01-15T18:30:00+09:00,J3,1254,1003,2257
2019-01-15T18:30:00+09:00,J4,993,944,1937
2019-01-15T18:30:00+09:00,J5,565,626,1191
2019-01-15T18:45:00+09:00,J1,1181,1391,2572
2019-01-15T18:45:00+09:00,J2,799,781,1580
2019-01-15T18:45:00+09:00,J3,1160,967,2127
2019-01-15T18:45:00+09:00,J4,1053,928,1981
2019-01-15T18:45:00+09:00,J5,523,601,1124
2019-01-15T19:00:00+09:00,J1,1139,1332,2471
2019-01-15T19:00:00+09:00,J2,679,752,1431
2019-01-15T19:00:00+09:00,J3,1135,1023,2158
2019-01-15T19:00:00+09:00,J4,999,860,1859
2019-01-15T19:00:00+09:00,J5,602,608,1210
2019-01-15T19:15:00+09:00,J1,1067,1314,2381
2019-01-15T19:15:00+09:00,J2,747,796,1543
2019-01-15T19:15:00+09:00,J3,1021,936,1957
2019-01-15T19:15:00+09:00,J4,910,889,1799
2019-01-15T19:15:00+09:00,J5,640,563,1203
2019-01-15T19:30:00+09:00,J1,1041,1344,2385
2019-01-15T19:30:00+09:00,J2,749,779,1528
2019-01-15T19:30:00+09:00,J3,975,993,1968
2019-01-15T19:30:00+09:00,J4,859,814,1673
2019-01-15T19:30:00+09:00,J5,533,578,1111
2019-01-15T19:45:00+09:00,J1,1107,1227,2334
2019-01-15T19:45:00+09:00,J2,750,718,1468
2019-01-15T19:45:00+09:00,J3,878,897,1775
2019-01-15T19:45:00+09:00,J4,780,778,1558
2019-01-15T19:45:00+09:00,J5,527,514,1041
2019-01-15T20:00:00+09:00,J1,1089,1234,2323
2019-01-15T20:00:00+09:00,J2,742,717,1459
2019-01-15T20:00:00+09:00,J3,865,925,1790
2019-01-15T20:00:00+09:00,J4,754,733,1487
2019-01-15T20:00:00+09:00,J5,410,488,898
2019-01-15T20:15:00+09:00,J1,1043,1199,2242
2019-01-15T20:15:00+09:00,J2,769,748,1517
2019-01-15T20:15:00+09:00,J3,896,903,1799
2019-01-15T20:15:00+09:00,J4,726,692,1418
2019-01-15T20:15:00+09:00,J5,396,492,888
2019-01-15T20:30:00+09:00,J1,1057,1297,2354
2019-01-15T20:30:00+09:00,J2,798,678,1476
2019-01-15T20:30:00+09:00,J3,891,884,1775
2019-01-15T20:30:00+09:00,J4,712,805,1517
2019-01-15T20:30:00+09:00,J5,435,464,899
2019-01-15T20:45:00+09:00,J1,1066,1161,2227
2019-01-15T20:45:00+09:00,J2,765,640,1405
2019-01-15T20:45:00+09:00,J3,798,789,1587
2019-01-15T20:45:00+09:00,J4,771,762,1533
2019-01-15T20:45:00+09:00,J5,381,414,795
2019-01-15T21:00:00+09:00,J1,1044,1154,2198
2019-01-15T21:00:00+09:00,J2,836,735,1571
2019-01-15T21:00:00+09:00,J3,1009,949,1958
2019-01-15T21:00:00+09:00,J4,854,799,1653
2019-01-15T21:00:00+09:00,J5,339,348,687
2019-01-15T21:15:00+09:00,J1,1052,1126,2178
2019-01-15T21:15:00+09:00,J2,712,757,1469
2019-01-15T21:15:00+09:00,J3,1167,876,2043
2019-01-15T21:15:00+09:00,J4,813,791,1604
2019-01-15T21:15:00+09:00,J5,459,442,901
2019-01-15T21:30:00+09:00,J1,952,1203,2155
2019-01-15T21:30:00+09:00,J2,659,696,1355
2019-01-15T21:30:00+09:00,J3,1058,860,1918
2019-01-15T21:30:00+09:00,J4,868,773,1641
2019-01-15T21:30:00+09:00,J5,442,381,823
2019-01-15T21:45:00+09:00,J1,990,1162,2152
2019-01-15T21:45:00+09:00,J2,625,654,1279
2019-01-15T21:45:00+09:00,J3,994,793,1787
2019-01-15T21:45:00+09:00,J4,822,726,1548
2019-01-15T21:45:00+09:00,J5,445,332,777
2019-01-15T22:00:00+09:00,J1,999,1105,2104
2019-01-15T22:00:00+09:00,J2,672,709,1381
2019-01-15T22:00:00+09:00,J3,915,777,1692
2019-01-15T22:00:00+09:00,J4,870,745,1615
2019-01-15T22:00:00+09:00,J5,411,414,825
2019-01-15T22:15:00+09:00,J1,967,1129,2096
2019-01-15T22:15:00+09:00,J2,624,769,1393
2019-01-15T22:15:00+09:00,J3,764,708,1472
2019-01-15T22:15:00+09:00,J4,878,838,1716
2019-01-15T22:15:00+09:00,J5,443,404,847
2019-01-15T22:30:00+09:00,J1,949,1159,2108
2019-01-15T22:30:00+09:00,J2,668,763,1431
2019-01-15T22:30:00+09:00,J3,712,706,1418
2019-01-15T22:30:00+09:00,J4,911,806,1717
2019-01-15T22:30:00+09:00,J5,493,512,1005
2019-01-15T22:45:00+09:00,J1,932,1107,2039
2019-01-15T22:45:00+09:00,J2,820,761,1581
2019-01-15T22:45:00+09:00,J3,775,677,1452
2019-01-15T22:45:00+09:00,J4,821,758,1579
2019-01-15T22:45:00+09:00,J5,559,533,1092
2019-01-15T23:00:00+09:00,J1,950,1065,2015
2019-01-15T23:00:00+09:00,J2,778,759,1537
2019-01-15T23:00:00+09:00,J3,732,799,1531
2019-01-15T23:00:00+09:00,J4,815,784,1599
2019-01-15T23:00:00+09:00,J5,532,585,1117
2019-01-15T23:15:00+09:00,J1,872,1081,1953
2019-01-15T23:15:00+09:00,J2,709,728,1437
2019-01-15T23:15:00+09:00,J3,782,818,1600
2019-01-15T23:15:00+09:00,J4,790,778,1568
2019-01-15T23:15:00+09:00,J5,507,552,1059
2019-01-15T23:30:00+09:00,J1,871,1009,1880
2019-01-15T23:30:00+09:00,J2,705,684,1389
2019-01-15T23:30:00+09:00,J3,683,701,1384
2019-01-15T23:30:00+09:00,J4,788,788,1576
2019-01-15T23:30:00+09:00,J5,513,532,1045
2019-01-15T23:45:00+09:00,J1,907,990,1897
2019-01-15T23:45:00+09:00,J2,598,659,1257
2019-01-15T23:45:00+09:00,J3,610,629,1239
2019-01-15T23:45:00+09:00,J4,838,723,1561
2019-01-15T23:45:00+09:00,J5,576,511,1087
2019-01-16T00:00:00+09:00,J1,842,912,1754
2019-01-16T00:00:00+09:00,J2,811,632,1443
2019-01-16T00:00:00+09:00,J3,533,619,1152
2019-01-16T00:00:00+09:00,J4,794,694,1488
2019-01-16T00:00:00+09:00,J5,570,537,1107
2019-01-16T00:15:00+09:00,J1,736,679,1415
2019-01-16T00:15:00+09:00,J2,714,626,1340
2019-01-16T00:15:00+09:00,J3,916,872,1788
2019-01-16T00:15:00+09:00,J4,744,697,1441
2019-01-16T00:15:00+09:00,J5,524,495,1019
2019-01-16T00:30:00+09:00,J1,668,633,1301
2019-01-16T00:30:00+09:00,J2,776,662,1438
2019-01-16T00:30:00+09:00,J3,1044,853,1897
2019-01-16T00:30:00+09:00,J4,747,770,1517
2019-01-16T00:30:00+09:00,J5,419,467,886
2019-01-16T00:45:00+09:00,J1,740,729,1469
2019-01-16T00:45:00+09:00,J2,774,703,1477
2019-01-16T00:45:00+09:00,J3,1016,839,1855
2019-01-16T00:45:00+09:00,J4,766,711,1477
2019-01-16T00:45:00+09:00,J5,463,425,888
2019-01-16T05:45:00+09:00,J1,970,947,1917
2019-01-16T05:45:00+09:00,J2,582,644,1226
2019-01-16T05:45:00+09:00,J3,767,665,1432
2019-01-16T05:45:00+09:00,J4,592,595,1187
2019-01-16T05:45:00+09:00,J5,402,398,800
2019-01-16T06:00:00+09:00,J1,1005,944,1949
2019-01-16T06:00:00+09:00,J2,647,717,1364
2019-01-16T06:00:00+09:00,J3,856,625,1481
2019-01-16T06:00:00+09:00,J4,596,676,1272
2019-01-16T06:00:00+09:00,J5,452,386,838
2019-01-16T06:15:00+09:00,J1,989,1067,2056
2019-01-16T06:15:00+09:00,J2,677,781,1458
2019-01-16T06:15:00+09:00,J3,948,788,1736
2019-01-16T06:15:00+09:00,J4,712,740,1452
2019-01-16T06:15:00+09:00,J5,486,464,950
2019-01-16T06:30:00+09:00,J1,1031,1123,2154
2019-01-16T06:30:00+09:00,J2,596,699,1295
2019-01-16T06:30:00+09:00,J3,870,696,1566
2019-01-16T06:30:00+09:00,J4,664,747,1411
2019-01-16T06:30:00+09:00,J5,509,507,1016
2019-01-16T06:45:00+09:00,J1,1043,1113,2156
2019-01-16T06:45:00+09:00,J2,634,568,1202
2019-01-16T06:45:00+09:00,J3,971,833,1804
2019-01-16T06:45:00+09:00,J4,794,750,1544
2019-01-16T06:45:00+09:00,J5,561,527,1088
2019-01-16T07:00:00+09:00,J1,1171,1226,2397
2019-01-16T07:00:00+09:00,J2,637,561,1198
2019-01-16T07:00:00+09:00,J3,1023,775,1798
2019-01-16T07:00:00+09:00,J4,730,898,1628
2019-01-16T07:00:00+09:00,J5,579,589,1168
2019-01-16T07:15:00+09:00,J1,1248,1253,2501
2019-01-16T07:15:00+09:00,J2,770,725,1495
2019-01-16T07:15:00+09:00,J3,1151,878,2029
2019-01-16T07:15:00+09:00,J4,746,951,1697
2019-01-16T07:15:00+09:00,J5,603,621,1224
2019-01-16T07:30:00+09:00,J1,1126,1273,2399
2019-01-16T07:30:00+09:00,J2,784,687,1471
2019-01-16T07:30:00+09:00,J3,1219,1160,2379
2019-01-16T07:30:00+09:00,J4,833,1020,1853
2019-01-16T07:30:00+09:00,J5,586,566,1152
2019-01-16T07:45:00+09:00,J1,1258,1294,2552
2019-01-16T07:45:00+09:00,J2,906,863,1769
2019-01-16T07:45:00+09:00,J3,1310,1366,2676
2019-01-16T07:45:00+09:00,J4,951,1066,2017
2019-01-16T07:45:00+09:00,J5,586,650,1236
2019-01-16T08:00:00+09:00,J1,1376,1364,2740
2019-01-16T08:00:00+09:00,J2,1142,860,2002
2019-01-16T08:00:00+09:00,J3,1427,1379,2806
2019-01-16T08:00:00+09:00,J4,965,1179,2144
2019-01-16T08:00:00+09:00,J5,756,690,1446
2019-01-16T08:15:00+09:00,J1,1356,1354,2710
2019-01-16T08:15:00+09:00,J2,1178,912,2090
2019-01-16T08:15:00+09:00,J3,1536,1455,2991
2019-01-16T08:15:00+09:00,J4,1087,1297,2384
2019-01-16T08:15:00+09:00,J5,734,803,1537
2019-01-16T08:30:00+09:00,J1,1410,1322,2732
2019-01-16T08:30:00+09:00,J2,1279,795,2074
2019-01-16T08:30:00+09:00,J3,1555,1471,3026
2019-01-16T08:30:00+09:00,J4,941,1167,2108
2019-01-16T08:30:00+09:00,J5,720,760,1480
2019-01-16T08:45:00+09:00,J1,1371,1458,2829
2019-01-16T08:45:00+09:00,J2,897,565,1462
2019-01-16T08:45:00+09:00,J3,1416,1427,2843
2019-01-16T08:45:00+09:00,J4,956,1046,2002
2019-01-16T08:45:00+09:00,J5,713,693,1406
2019-01-16T09:00:00+09:00,J1,1293,1434,2727
2019-01-16T09:00:00+09:00,J2,867,839,1706
2019-01-16T09:00:00+09:00,J3,1334,1174,2508
2019-01-16T09:00:00+09:00,J4,912,1058,1970
2019-01-16T09:00:00+09:00,J5,667,672,1339
2019-01-16T09:15:00+09:00,J1,1369,1269,2638
2019-01-16T09:15:00+09:00,J2,875,786,1661
2019-01-16T09:15:00+09:00,J3,1190,1100,2290
2019-01-16T09:15:00+09:00,J4,933,1023,1956
2019-01-16T09:15:00+09:00,J5,476,526,1002
2019-01-16T09:30:00+09:00,J1,1280,1263,2543
2019-01-16T09:30:00+09:00,J2,854,762,1616
2019-01-16T09:30:00+09:00,J3,1027,1045,2072
2019-01-16T09:30:00+09:00,J4,947,1108,2055
2019-01-16T09:30:00+09:00,J5,459,516,975
2019-01-16T09:45:00+09:00,J1,1315,1276,2591
2019-01-16T09:45:00+09:00,J2,832,788,1620
2019-01-16T09:45:00+09:00,J3,1086,999,2085
2019-01-16T09:45:00+09:00,J4,920,916,1836
2019-01-16T09:45:00+09:00,J5,589,538,1127
2019-01-16T10:00:00+09:00,J1,1282,1299,2581
2019-01-16T10:00:00+09:00,J2,912,867,1779
2019-01-16T10:00:00+09:00,J3,1029,905,1934
2019-01-16T10:00:00+09:00,J4,928,899,1827
2019-01-16T10:00:00+09:00,J5,567,516,1083
2019-01-16T10:15:00+09:00,J1,1284,1309,2593
2019-01-16T10:15:00+09:00,J2,830,745,1575
2019-01-16T10:15:00+09:00,J3,1001,1008,2009
2019-01-16T10:15:00+09:00,J4,880,879,1759
2019-01-16T10:15:00+09:00,J5,448,459,907
2019-01-16T10:30:00+09:00,J1,1267,1314,2581
2019-01-16T10:30:00+09:00,J2,730,715,1445
2019-01-16T10:30:00+09:00,J3,1030,998,2028
2019-01-16T10:30:00+09:00,J4,779,851,1630
2019-01-16T10:30:00+09:00,J5,424,462,886
2019-01-16T10:45:00+09:00,J1,1300,1365,2665
2019-01-16T10:45:00+09:00,J2,699,753,1452
2019-01-16T10:45:00+09:00,J3,991,1013,2004
2019-01-16T10:45:00+09:00,J4,915,919,1834
2019-01-16T10:45:00+09:00,J5,478,433,911
2019-01-16T11:00:00+09:00,J1,1255,1341,2596
2019-01-16T11:00:00+09:00,J2,790,828,1618
2019-01-16T11:00:00+09:00,J3,952,960,1912
2019-01-16T11:00:00+09:00,J4,901,888,1789
2019-01-16T11:00:00+09:00,J5,441,433,874
2019-01-16T11:15:00+09:00,J1,1297,1455,2752
2019-01-16T11:15:00+09:00,J2,745,761,1506
2019-01-16T11:15:00+09:00,J3,1157,1085,2242
2019-01-16T11:15:00+09:00,J4,895,904,1799
2019-01-16T11:15:00+09:00,J5,513,568,1081
2019-01-16T11:30:00+09:00,J1,1282,1433,2715
2019-01-16T11:30:00+09:00,J2,624,681,1305
2019-01-16T11:30:00+09:00,J3,1173,1036,2209
2019-01-16T11:30:00+09:00,J4,858,856,1714
2019-01-16T11:30:00+09:00,J5,718,658,1376
2019-01-16T11:45:00+09:00,J1,1273,1421,2694
2019-01-16T11:45:00+09:00,J2,754,663,1417
2019-01-16T11:45:00+09:00,J3,1208,1086,2294
2019-01-16T11:45:00+09:00,J4,896,893,1789
2019-01-16T11:45:00+09:00,J5,617,647,1264
2019-01-16T12:00:00+09:00,J1,1250,1488,2738
2019-01-16T12:00:00+09:00,J2,714,691,1405
2019-01-16T12:00:00+09:00,J3,1336,1177,2513
2019-01-16T12:00:00+09:00,J4,957,888,1845
2019-01-16T12:00:00+09:00,J5,678,661,1339
2019-01-16T12:15:00+09:00,J1,1239,1458,2697
2019-01-16T12:15:00+09:00,J2,799,660,1459
2019-01-16T12:15:00+09:00,J3,1243,1185,2428
2019-01-16T12:15:00+09:00,J4,986,947,1933
2019-01-16T12:15:00+09:00,J5,690,693,1383
2019-01-16T12:30:00+09:00,J1,1261,1467,2728
2019-01-16T12:30:00+09:00,J2,791,764,1555
2019-01-16T12:30:00+09:00,J3,1171,1181,2352
2019-01-16T12:30:00+09:00,J4,922,884,1806
2019-01-16T12:30:00+09:00,J5,654,627,1281
2019-01-16T12:45:00+09:00,J1,1197,1433,2630
2019-01-16T12:45:00+09:00,J2,759,801,1560
2019-01-16T12:45:00+09:00,J3,1138,1171,2309
2019-01-16T12:45:00+09:00,J4,897,953,1850
2019-01-16T12:45:00+09:00,J5,651,604,1255
2019-01-16T13:00:00+09:00,J1,1188,1450,2638
2019-01-16T13:00:00+09:00,J2,733,922,1655
2019-01-16T13:00:00+09:00,J3,1145,1111,2256
2019-01-16T13:00:00+09:00,J4,897,937,1834
2019-01-16T13:00:00+09:00,J5,666,636,1302
2019-01-16T13:15:00+09:00,J1,1256,1467,2723
2019-01-16T13:15:00+09:00,J2,711,753,1464
2019-01-16T13:15:00+09:00,J3,1169,1064,2233
2019-01-16T13:15:00+09:00,J4,930,931,1861
2019-01-16T13:15:00+09:00,J5,676,672,1348
2019-01-16T13:30:00+09:00,J1,1213,1481,2694
2019-01-16T13:30:00+09:00,J2,749,693,1442
2019-01-16T13:30:00+09:00,J3,1222,966,2188
2019-01-16T13:30:00+09:00,J4,863,883,1746
2019-01-16T13:30:00+09:00,J5,669,634,1303
2019-01-16T13:45:00+09:00,J1,1201,1362,2563
2019-01-16T13:45:00+09:00,J2,732,721,1453
2019-01-16T13:45:00+09:00,J3,1163,1068,2231
2019-01-16T13:45:00+09:00,J4,845,851,1696
2019-01-16T13:45:00+09:00,J5,667,648,1315
2019-01-16T14:00:00+09:00,J1,1144,1423,2567
2019-01-16T14:00:00+09:00,J2,666,789,1455
2019-01-16T14:00:00+09:00,J3,1061,1005,2066
2019-01-16T14:00:00+09:00,J4,812,901,1713
2019-01-16T14:00:00+09:00,J5,654,630,1284
2019-01-16T14:15:00+09:00,J1,1239,1418,2657
2019-01-16T14:15:00+09:00,J2,806,705,1511
2019-01-16T14:15:00+09:00,J3,1120,1068,2188
2019-01-16T14:15:00+09:00,J4,801,841,1642
2019-01-16T14:15:00+09:00,J5,651,675,1326
2019-01-16T14:30:00+09:00,J1,1234,1450,2684
2019-01-16T14:30:00+09:00,J2,764,647,1411
2019-01-16T14:30:00+09:00,J3,1167,1069,2236
2019-01-16T14:30:00+09:00,J4,883,945,1828
2019-01-16T14:30:00+09:00,J5,663,728,1391
2019-01-16T14:45:00+09:00,J1,1216,1448,2664
2019-01-16T14:45:00+09:00,J2,748,724,1472
2019-01-16T14:45:00+09:00,J3,1227,1001,2228
2019-01-16T14:45:00+09:00,J4,808,870,1678
2019-01-16T14:45:00+09:00,J5,709,699,1408
2019-01-16T15:00:00+09:00,J1,1263,1420,2683
2019-01-16T15:00:00+09:00,J2,737,711,1448
2019-01-16T15:00:00+09:00,J3,1270,950,2220
2019-01-16T15:00:00+09:00,J4,809,868,1677
2019-01-16T15:00:00+09:00,J5,658,662,1320
2019-01-16T15:15:00+09:00,J1,1275,1515,2790
2019-01-16T15:15:00+09:00,J2,740,680,1420
2019-01-16T15:15:00+09:00,J3,1172,1066,2238
2019-01-16T15:15:00+09:00,J4,748,835,1583
2019-01-16T15:15:00+09:00,J5,649,651,1300
2019-01-16T15:30:00+09:00,J1,1202,1465,2667
2019-01-16T15:30:00+09:00,J2,742,660,1402
2019-01-16T15:30:00+09:00,J3,1189,1036,2225
2019-01-16T15:30:00+09:00,J4,733,788,1521
2019-01-16T15:30:00+09:00,J5,693,615,1308
2019-01-16T15:45:00+09:00,J1,1225,1390,2615
2019-01-16T15:45:00+09:00,J2,705,773,1478
2019-01-16T15:45:00+09:00,J3,1224,990,2214
2019-01-16T15:45:00+09:00,J4,764,907,1671
2019-01-16T15:45:00+09:00,J5,682,678,1360
2019-01-16T16:00:00+09:00,J1,1229,1411,2640
2019-01-16T16:00:00+09:00,J2,714,709,1423
2019-01-16T16:00:00+09:00,J3,1170,1021,2191
2019-01-16T16:00:00+09:00,J4,719,780,1499
2019-01-16T16:00:00+09:00,J5,712,716,1428
2019-01-16T16:15:00+09:00,J1,1258,1457,2715
2019-01-16T16:15:00+09:00,J2,681,688,1369
2019-01-16T16:15:00+09:00,J3,1256,994,2250
2019-01-16T16:15:00+09:00,J4,754,839,1593
2019-01-16T16:15:00+09:00,J5,723,707,1430
2019-01-16T16:30:00+09:00,J1,1223,1483,2706
2019-01-16T16:30:00+09:00,J2,659,634,1293
2019-01-16T16:30:00+09:00,J3,1313,994,2307
2019-01-16T16:30:00+09:00,J4,770,863,1633
2019-01-16T16:30:00+09:00,J5,698,690,1388
2019-01-16T16:45:00+09:00,J1,1136,1412,2548
2019-01-16T16:45:00+09:00,J2,672,650,1322
2019-01-16T16:45:00+09:00,J3,1405,1059,2464
2019-01-16T16:45:00+09:00,J4,747,826,1573
2019-01-16T16:45:00+09:00,J5,700,730,1430
2019-01-16T17:00:00+09:00,J1,1192,1433,2625
2019-01-16T17:00:00+09:00,J2,692,699,1391
2019-01-16T17:00:00+09:00,J3,1335,1145,2480
2019-01-16T17:00:00+09:00,J4,865,895,1760
2019-01-16T17:00:00+09:00,J5,708,732,1440
2019-01-16T17:15:00+09:00,J1,1248,1457,2705
2019-01-16T17:15:00+09:00,J2,763,814,1577
2019-01-16T17:15:00+09:00,J3,1417,1186,2603
2019-01-16T17:15:00+09:00,J4,934,895,1829
2019-01-16T17:15:00+09:00,J5,724,836,1560
2019-01-16T17:30:00+09:00,J1,1335,1504,2839
2019-01-16T17:30:00+09:00,J2,842,875,1717
2019-01-16T17:30:00+09:00,J3,1532,1273,2805
2019-01-16T17:30:00+09:00,J4,1020,1002,2022
2019-01-16T17:30:00+09:00,J5,775,820,1595
2019-01-16T17:45:00+09:00,J1,1290,1454,2744
2019-01-16T17:45:00+09:00,J2,860,808,1668
2019-01-16T17:45:00+09:00,J3,1635,1231,2866
2019-01-16T17:45:00+09:00,J4,1062,972,2034
2019-01-16T17:45:00+09:00,J5,708,828,1536
2019-01-16T18:00:00+09:00,J1,1328,1547,2875
2019-01-16T18:00:00+09:00,J2,891,865,1756
2019-01-16T18:00:00+09:00,J3,1563,1248,2811
2019-01-16T18:00:00+09:00,J4,991,860,1851
2019-01-16T18:00:00+09:00,J5,726,774,1500
2019-01-16T18:15:00+09:00,J1,1320,1463,2783
2019-01-16T18:15:00+09:00,J2,942,948,1890
2019-01-16T18:15:00+09:00,J3,1677,1266,2943
2019-01-16T18:15:00+09:00,J4,1007,901,1908
2019-01-16T18:15:00+09:00,J5,591,625,1216
2019-01-16T18:30:00+09:00,J1,1299,1407,2706
2019-01-16T18:30:00+09:00,J2,807,730,1537
2019-01-16T18:30:00+09:00,J3,1525,1156,2681
2019-01-16T18:30:00+09:00,J4,967,813,1780
2019-01-16T18:30:00+09:00,J5,587,583,1170
2019-01-16T18:45:00+09:00,J1,1280,1464,2744
2019-01-16T18:45:00+09:00,J2,866,804,1670
2019-01-16T18:45:00+09:00,J3,1411,1149,2560
2019-01-16T18:45:00+09:00,J4,883,796,1679
2019-01-16T18:45:00+09:00,J5,545,540,1085
2019-01-16T19:00:00+09:00,J1,1151,1370,2521
2019-01-16T19:00:00+09:00,J2,781,811,1592
2019-01-16T19:00:00+09:00,J3,1435,1242,2677
2019-01-16T19:00:00+09:00,J4,825,875,1700
2019-01-16T19:00:00+09:00,J5,598,588,1186
2019-01-16T19:15:00+09:00,J1,1132,1399,2531
2019-01-16T19:15:00+09:00,J2,867,904,1771
2019-01-16T19:15:00+09:00,J3,1341,1145,2486
2019-01-16T19:15:00+09:00,J4,920,853,1773
2019-01-16T19:15:00+09:00,J5,728,810,1538
2019-01-16T19:30:00+09:00,J1,1192,1403,2595
2019-01-16T19:30:00+09:00,J2,801,778,1579
2019-01-16T19:30:00+09:00,J3,1093,999,2092
2019-01-16T19:30:00+09:00,J4,764,822,1586
2019-01-16T19:30:00+09:00,J5,700,800,1500
2019-01-16T19:45:00+09:00,J1,1165,1359,2524
2019-01-16T19:45:00+09:00,J2,755,723,1478
2019-01-16T19:45:00+09:00,J3,1008,946,1954
2019-01-16T19:45:00+09:00,J4,864,901,1765
2019-01-16T19:45:00+09:00,J5,726,756,1482
2019-01-16T20:00:00+09:00,J1,1214,1428,2642
2019-01-16T20:00:00+09:00,J2,851,708,1559
2019-01-16T20:00:00+09:00,J3,1038,1009,2047
2019-01-16T20:00:00+09:00,J4,822,866,1688
2019-01-16T20:00:00+09:00,J5,703,776,1479
2019-01-16T20:15:00+09:00,J1,1201,1358,2559
2019-01-16T20:15:00+09:00,J2,789,751,1540
2019-01-16T20:15:00+09:00,J3,1051,1044,2095
2019-01-16T20:15:00+09:00,J4,884,935,1819
2019-01-16T20:15:00+09:00,J5,759,806,1565
2019-01-16T20:30:00+09:00,J1,1183,1348,2531
2019-01-16T20:30:00+09:00,J2,813,758,1571
2019-01-16T20:30:00+09:00,J3,929,920,1849
2019-01-16T20:30:00+09:00,J4,908,928,1836
2019-01-16T20:30:00+09:00,J5,649,661,1310
2019-01-16T20:45:00+09:00,J1,1205,1363,2568
2019-01-16T20:45:00+09:00,J2,765,759,1524
2019-01-16T20:45:00+09:00,J3,938,948,1886
2019-01-16T20:45:00+09:00,J4,870,952,1822
2019-01-16T20:45:00+09:00,J5,417,416,833
2019-01-16T21:00:00+09:00,J1,1137,1326,2463
2019-01-16T21:00:00+09:00,J2,725,792,1517
2019-01-16T21:00:00+09:00,J3,1067,866,1933
2019-01-16T21:00:00+09:00,J4,908,823,1731
2019-01-16T21:00:00+09:00,J5,445,469,914
2019-01-16T21:15:00+09:00,J1,1156,1374,2530
2019-01-16T21:15:00+09:00,J2,691,672,1363
2019-01-16T21:15:00+09:00,J3,1092,897,1989
2019-01-16T21:15:00+09:00,J4,908,848,1756
2019-01-16T21:15:00+09:00,J5,482,433,915
2019-01-16T21:30:00+09:00,J1,1113,1286,2399
2019-01-16T21:30:00+09:00,J2,678,781,1459
2019-01-16T21:30:00+09:00,J3,865,750,1615
2019-01-16T21:30:00+09:00,J4,895,909,1804
2019-01-16T21:30:00+09:00,J5,457,397,854
2019-01-16T21:45:00+09:00,J1,1108,1214,2322
2019-01-16T21:45:00+09:00,J2,754,779,1533
2019-01-16T21:45:00+09:00,J3,963,905,1868
2019-01-16T21:45:00+09:00,J4,843,907,1750
2019-01-16T21:45:00+09:00,J5,440,405,845
2019-01-16T22:00:00+09:00,J1,1113,1246,2359
2019-01-16T22:00:00+09:00,J2,817,856,1673
2019-01-16T22:00:00+09:00,J3,979,920,1899
2019-01-16T22:00:00+09:00,J4,865,853,1718
2019-01-16T22:00:00+09:00,J5,477,416,893
2019-01-16T22:15:00+09:00,J1,1037,1217,2254
2019-01-16T22:15:00+09:00,J2,780,747,1527
2019-01-16T22:15:00+09:00,J3,999,1028,2027
2019-01-16T22:15:00+09:00,J4,915,917,1832
2019-01-16T22:15:00+09:00,J5,436,482,918
2019-01-16T22:30:00+09:00,J1,1031,1244,2275
2019-01-16T22:30:00+09:00,J2,784,771,1555
2019-01-16T22:30:00+09:00,J3,1084,967,2051
2019-01-16T22:30:00+09:00,J4,911,842,1753
2019-01-16T22:30:00+09:00,J5,496,560,1056
2019-01-16T22:45:00+09:00,J1,1095,1258,2353
2019-01-16T22:45:00+09:00,J2,802,774,1576
2019-01-16T22:45:00+09:00,J3,1096,1013,2109
2019-01-16T22:45:00+09:00,J4,936,854,1790
2019-01-16T22:45:00+09:00,J5,609,521,1130
2019-01-16T23:00:00+09:00,J1,1027,1207,2234
2019-01-16T23:00:00+09:00,J2,758,783,1541
2019-01-16T23:00:00+09:00,J3,1077,950,2027
2019-01-16T23:00:00+09:00,J4,894,864,1758
2019-01-16T23:00:00+09:00,J5,571,495,1066
2019-01-16T23:15:00+09:00,J1,1127,1239,2366
2019-01-16T23:15:00+09:00,J2,619,780,1399
2019-01-16T23:15:00+09:00,J3,1106,920,2026
2019-01-16T23:15:00+09:00,J4,907,896,1803
2019-01-16T23:15:00+09:00,J5,545,518,1063
2019-01-16T23:30:00+09:00,J1,1012,1164,2176
2019-01-16T23:30:00+09:00,J2,671,736,1407
2019-01-16T23:30:00+09:00,J3,1069,918,1987
2019-01-16T23:30:00+09:00,J4,838,865,1703
2019-01-16T23:30:00+09:00,J5,543,562,1105
2019-01-16T23:45:00+09:00,J1,1028,1120,2148
2019-01-16T23:45:00+09:00,J2,656,664,1320
2019-01-16T23:45:00+09:00,J3,1061,944,2005
2019-01-16T23:45:00+09:00,J4,810,737,1547
2019-01-16T23:45:00+09:00,J5,626,535,1161
2019-01-17T00:00:00+09:00,J1,963,1037,2000
2019-01-17T00:00:00+09:00,J2,532,595,1127
2019-01-17T00:00:00+09:00,J3,1040,862,1902
2019-01-17T00:00:00+09:00,J4,763,679,1442
2019-01-17T00:00:00+09:00,J5,627,533,1160
2019-01-17T00:15:00+09:00,J1,790,889,1679
2019-01-17T00:15:00+09:00,J2,535,545,1080
2019-01-17T00:15:00+09:00,J3,880,639,1519
2019-01-17T00:15:00+09:00,J4,737,697,1434
2019-01-17T00:15:00+09:00,J5,477,506,983
2019-01-17T00:30:00+09:00,J1,715,737,1452
2019-01-17T00:30:00+09:00,J2,529,644,1173
2019-01-17T00:30:00+09:00,J3,756,500,1256
2019-01-17T00:30:00+09:00,J4,598,595,1193
2019-01-17T00:30:00+09:00,J5,543,548,1091
2019-01-17T00:45:00+09:00,J1,629,637,1266
2019-01-17T00:45:00+09:00,J2,562,597,1159
2019-01-17T00:45:00+09:00,J3,821,553,1374
2019-01-17T00:45:00+09:00,J4,630,683,1313
2019-01-17T00:45:00+09:00,J5,510,508,1018
2019-01-17T05:45:00+09:00,J1,991,931,1922
2019-01-17T05:45:00+09:00,J2,532,573,1105
2019-01-17T05:45:00+09:00,J3,541,575,1116
2019-01-17T05:45:00+09:00,J4,562,668,1230
2019-01-17T05:45:00+09:00,J5,452,433,885
2019-01-17T06:00:00+09:00,J1,993,1017,2010
2019-01-17T06:00:00+09:00,J2,538,631,1169
2019-01-17T06:00:00+09:00,J3,646,622,1268
2019-01-17T06:00:00+09:00,J4,545,673,1218
2019-01-17T06:00:00+09:00,J5,460,400,860
2019-01-17T06:15:00+09:00,J1,982,1105,2087
2019-01-17T06:15:00+09:00,J2,626,668,1294
2019-01-17T06:15:00+09:00,J3,730,734,1464
2019-01-17T06:15:00+09:00,J4,618,702,1320
2019-01-17T06:15:00+09:00,J5,435,429,864
2019-01-17T06:30:00+09:00,J1,1117,1212,2329
2019-01-17T06:30:00+09:00,J2,607,618,1225
2019-01-17T06:30:00+09:00,J3,740,633,1373
2019-01-17T06:30:00+09:00,J4,697,682,1379
2019-01-17T06:30:00+09:00,J5,514,526,1040
2019-01-17T06:45:00+09:00,J1,1165,1208,2373
2019-01-17T06:45:00+09:00,J2,642,574,1216
2019-01-17T06:45:00+09:00,J3,899,676,1575
2019-01-17T06:45:00+09:00,J4,727,808,1535
2019-01-17T06:45:00+09:00,J5,565,567,1132
2019-01-17T07:00:00+09:00,J1,1207,1272,2479
2019-01-17T07:00:00+09:00,J2,643,750,1393
2019-01-17T07:00:00+09:00,J3,842,734,1576
2019-01-17T07:00:00+09:00,J4,783,885,1668
2019-01-17T07:00:00+09:00,J5,601,601,1202
2019-01-17T07:15:00+09:00,J1,1209,1282,2491
2019-01-17T07:15:00+09:00,J2,782,748,1530
2019-01-17T07:15:00+09:00,J3,1008,839,1847
2019-01-17T07:15:00+09:00,J4,902,1007,1909
2019-01-17T07:15:00+09:00,J5,642,659,1301
2019-01-17T07:30:00+09:00,J1,1144,1180,2324
2019-01-17T07:30:00+09:00,J2,819,713,1532
2019-01-17T07:30:00+09:00,J3,1283,1153,2436
2019-01-17T07:30:00+09:00,J4,866,1005,1871
2019-01-17T07:30:00+09:00,J5,579,530,1109
2019-01-17T07:45:00+09:00,J1,1233,1263,2496
2019-01-17T07:45:00+09:00,J2,922,857,1779
2019-01-17T07:45:00+09:00,J3,1345,1380,2725
2019-01-17T07:45:00+09:00,J4,943,1137,2080
2019-01-17T07:45:00+09:00,J5,625,704,1329
2019-01-17T08:00:00+09:00,J1,1282,1319,2601
2019-01-17T08:00:00+09:00,J2,1161,809,1970
2019-01-17T08:00:00+09:00,J3,1426,1378,2804
2019-01-17T08:00:00+09:00,J4,1030,1243,2273
2019-01-17T08:00:00+09:00,J5,793,767,1560
2019-01-17T08:15:00+09:00,J1,1320,1280,2600
2019-01-17T08:15:00+09:00,J2,1242,931,2173
2019-01-17T08:15:00+09:00,J3,1472,1441,2913
2019-01-17T08:15:00+09:00,J4,1046,1288,2334
2019-01-17T08:15:00+09:00,J5,742,789,1531
2019-01-17T08:30:00+09:00,J1,1430,1317,2747
2019-01-17T08:30:00+09:00,J2,1244,851,2095
2019-01-17T08:30:00+09:00,J3,1579,1482,3061
2019-01-17T08:30:00+09:00,J4,1004,1181,2185
2019-01-17T08:30:00+09:00,J5,730,743,1473
2019-01-17T08:45:00+09:00,J1,1359,1344,2703
2019-01-17T08:45:00+09:00,J2,1118,806,1924
2019-01-17T08:45:00+09:00,J3,1538,1447,2985
2019-01-17T08:45:00+09:00,J4,953,1152,2105
2019-01-17T08:45:00+09:00,J5,541,599,1140
2019-01-17T09:00:00+09:00,J1,1413,1423,2836
2019-01-17T09:00:00+09:00,J2,1021,893,1914
2019-01-17T09:00:00+09:00,J3,1367,1248,2615
2019-01-17T09:00:00+09:00,J4,844,977,1821
2019-01-17T09:00:00+09:00,J5,698,580,1278
2019-01-17T09:15:00+09:00,J1,1311,1373,2684
2019-01-17T09:15:00+09:00,J2,902,804,1706
2019-01-17T09:15:00+09:00,J3,1152,1090,2242
2019-01-17T09:15:00+09:00,J4,931,1000,1931
2019-01-17T09:15:00+09:00,J5,701,668,1369
2019-01-17T09:30:00+09:00,J1,1289,1395,2684
2019-01-17T09:30:00+09:00,J2,919,734,1653
2019-01-17T09:30:00+09:00,J3,1078,966,2044
2019-01-17T09:30:00+09:00,J4,947,1028,1975
2019-01-17T09:30:00+09:00,J5,731,634,1365
2019-01-17T09:45:00+09:00,J1,1356,1393,2749
2019-01-17T09:45:00+09:00,J2,913,640,1553
2019-01-17T09:45:00+09:00,J3,1045,984,2029
2019-01-17T09:45:00+09:00,J4,870,963,1833
2019-01-17T09:45:00+09:00,J5,723,725,1448
2019-01-17T10:00:00+09:00,J1,1311,1391,2702
2019-01-17T10:00:00+09:00,J2,796,718,1514
2019-01-17T10:00:00+09:00,J3,957,958,1915
2019-01-17T10:00:00+09:00,J4,856,888,1744
2019-01-17T10:00:00+09:00,J5,618,605,1223
2019-01-17T10:15:00+09:00,J1,1317,1392,2709
2019-01-17T10:15:00+09:00,J2,812,757,1569
2019-01-17T10:15:00+09:00,J3,962,913,1875
2019-01-17T10:15:00+09:00,J4,810,968,1778
2019-01-17T10:15:00+09:00,J5,546,570,1116
2019-01-17T10:30:00+09:00,J1,1336,1381,2717
2019-01-17T10:30:00+09:00,J2,899,788,1687
2019-01-17T10:30:00+09:00,J3,996,882,1878
2019-01-17T10:30:00+09:00,J4,783,951,1734
2019-01-17T10:30:00+09:00,J5,555,497,1052
2019-01-17T10:45:00+09:00,J1,1283,1433,2716
2019-01-17T10:45:00+09:00,J2,797,783,1580
2019-01-17T10:45:00+09:00,J3,1024,1022,2046
2019-01-17T10:45:00+09:00,J4,900,1040,1940
2019-01-17T10:45:00+09:00,J5,534,494,1028
2019-01-17T11:00:00+09:00,J1,1295,1387,2682
2019-01-17T11:00:00+09:00,J2,788,675,1463
2019-01-17T11:00:00+09:00,J3,1190,1179,2369
2019-01-17T11:00:00+09:00,J4,980,1094,2074
2019-01-17T11:00:00+09:00,J5,487,529,1016
2019-01-17T11:15:00+09:00,J1,1291,1432,2723
2019-01-17T11:15:00+09:00,J2,767,627,1394
2019-01-17T11:15:00+09:00,J3,1278,1180,2458
2019-01-17T11:15:00+09:00,J4,1036,1003,2039
2019-01-17T11:15:00+09:00,J5,524,570,1094
2019-01-17T11:30:00+09:00,J1,1300,1393,2693
2019-01-17T11:30:00+09:00,J2,727,714,1441
2019-01-17T11:30:00+09:00,J3,1178,1169,2347
2019-01-17T11:30:00+09:00,J4,1014,1102,2116
2019-01-17T11:30:00+09:00,J5,738,691,1429
2019-01-17T11:45:00+09:00,J1,1333,1394,2727
2019-01-17T11:45:00+09:00,J2,711,756,1467
2019-01-17T11:45:00+09:00,J3,1163,1135,2298
2019-01-17T11:45:00+09:00,J4,907,943,1850
2019-01-17T11:45:00+09:00,J5,733,749,1482
2019-01-17T12:00:00+09:00,J1,1201,1394,2595
2019-01-17T12:00:00+09:00,J2,762,779,1541
2019-01-17T12:00:00+09:00,J3,1256,1243,2499
2019-01-17T12:00:00+09:00,J4,973,1016,1989
2019-01-17T12:00:00+09:00,J5,755,819,1574
2019-01-17T12:15:00+09:00,J1,1174,1358,2532
2019-01-17T12:15:00+09:00,J2,741,651,1392
2019-01-17T12:15:00+09:00,J3,1340,1214,2554
2019-01-17T12:15:00+09:00,J4,975,1010,1985
2019-01-17T12:15:00+09:00,J5,749,810,1559
2019-01-17T12:30:00+09:00,J1,1113,1256,2369
2019-01-17T12:30:00+09:00,J2,794,685,1479
2019-01-17T12:30:00+09:00,J3,1381,1260,2641
2019-01-17T12:30:00+09:00,J4,1017,1065,2082
2019-01-17T12:30:00+09:00,J5,750,758,1508
2019-01-17T12:45:00+09:00,J1,1139,1269,2408
2019-01-17T12:45:00+09:00,J2,779,801,1580
2019-01-17T12:45:00+09:00,J3,1456,1218,2674
2019-01-17T12:45:00+09:00,J4,993,1015,2008
2019-01-17T12:45:00+09:00,J5,688,724,1412
2019-01-17T13:00:00+09:00,J1,1091,1249,2340
2019-01-17T13:00:00+09:00,J2,783,686,1469
2019-01-17T13:00:00+09:00,J3,1445,1070,2515
2019-01-17T13:00:00+09:00,J4,957,978,1935
2019-01-17T13:00:00+09:00,J5,713,763,1476
2019-01-17T13:15:00+09:00,J1,1153,1251,2404
2019-01-17T13:15:00+09:00,J2,846,801,1647
2019-01-17T13:15:00+09:00,J3,1463,1164,2627
2019-01-17T13:15:00+09:00,J4,1048,1011,2059
2019-01-17T13:15:00+09:00,J5,752,791,1543
2019-01-17T13:30:00+09:00,J1,1124,1303,2427
2019-01-17T13:30:00+09:00,J2,832,848,1680
2019-01-17T13:30:00+09:00,J3,1443,1089,2532
2019-01-17T13:30:00+09:00,J4,968,1018,1986
2019-01-17T13:30:00+09:00,J5,743,788,1531
2019-01-17T13:45:00+09:00,J1,1120,1262,2382
2019-01-17T13:45:00+09:00,J2,821,739,1560
2019-01-17T13:45:00+09:00,J3,1397,1091,2488
2019-01-17T13:45:00+09:00,J4,961,896,1857
2019-01-17T13:45:00+09:00,J5,714,738,1452
2019-01-17T14:00:00+09:00,J1,1125,1246,2371
2019-01-17T14:00:00+09:00,J2,776,807,1583
2019-01-17T14:00:00+09:00,J3,1384,1101,2485
2019-01-17T14:00:00+09:00,J4,1004,970,1974
2019-01-17T14:00:00+09:00,J5,717,752,1469
2019-01-17T14:15:00+09:00,J1,1100,1282,2382
2019-01-17T14:15:00+09:00,J2,800,755,1555
2019-01-17T14:15:00+09:00,J3,1450,1092,2542
2019-01-17T14:15:00+09:00,J4,957,952,1909
2019-01-17T14:15:00+09:00,J5,711,738,1449
2019-01-17T14:30:00+09:00,J1,1114,1329,2443
2019-01-17T14:30:00+09:00,J2,852,872,1724
2019-01-17T14:30:00+09:00,J3,1350,1124,2474
2019-01-17T14:30:00+09:00,J4,1022,1059,2081
2019-01-17T14:30:00+09:00,J5,732,778,1510
2019-01-17T14:45:00+09:00,J1,1135,1311,2446
2019-01-17T14:45:00+09:00,J2,809,749,1558
2019-01-17T14:45:00+09:00,J3,1328,1131,2459
2019-01-17T14:45:00+09:00,J4,1010,994,2004
2019-01-17T14:45:00+09:00,J5,673,779,1452
2019-01-17T15:00:00+09:00,J1,1225,1386,2611
2019-01-17T15:00:00+09:00,J2,699,669,1368
2019-01-17T15:00:00+09:00,J3,1289,1181,2470
2019-01-17T15:00:00+09:00,J4,997,1059,2056
2019-01-17T15:00:00+09:00,J5,702,756,1458
2019-01-17T15:15:00+09:00,J1,1228,1372,2600
2019-01-17T15:15:00+09:00,J2,710,722,1432
2019-01-17T15:15:00+09:00,J3,1413,1214,2627
2019-01-17T15:15:00+09:00,J4,1035,1087,2122
2019-01-17T15:15:00+09:00,J5,746,791,1537
2019-01-17T15:30:00+09:00,J1,1194,1311,2505
2019-01-17T15:30:00+09:00,J2,859,748,1607
2019-01-17T15:30:00+09:00,J3,1351,1155,2506
2019-01-17T15:30:00+09:00,J4,1033,1048,2081
2019-01-17T15:30:00+09:00,J5,689,803,1492
2019-01-17T15:45:00+09:00,J1,1178,1365,2543
2019-01-17T15:45:00+09:00,J2,890,784,1674
2019-01-17T15:45:00+09:00,J3,1339,1082,2421
2019-01-17T15:45:00+09:00,J4,1053,998,2051
2019-01-17T15:45:00+09:00,J5,718,734,1452
2019-01-17T16:00:00+09:00,J1,1151,1376,2527
2019-01-17T16:00:00+09:00,J2,886,915,1801
2019-01-17T16:00:00+09:00,J3,1430,1150,2580
2019-01-17T16:00:00+09:00,J4,1058,1007,2065
2019-01-17T16:00:00+09:00,J5,717,827,1544
2019-01-17T16:15:00+09:00,J1,1161,1393,2554
2019-01-17T16:15:00+09:00,J2,887,898,1785
2019-01-17T16:15:00+09:00,J3,1389,1233,2622
2019-01-17T16:15:00+09:00,J4,1041,1039,2080
2019-01-17T16:15:00+09:00,J5,772,803,1575
2019-01-17T16:30:00+09:00,J1,1205,1361,2566
2019-01-17T16:30:00+09:00,J2,847,827,1674
2019-01-17T16:30:00+09:00,J3,1551,1234,2785
2019-01-17T16:30:00+09:00,J4,1091,1078,2169
2019-01-17T16:30:00+09:00,J5,761,791,1552
2019-01-17T16:45:00+09:00,J1,1211,1338,2549
2019-01-17T16:45:00+09:00,J2,778,883,1661
2019-01-17T16:45:00+09:00,J3,1530,1269,2799
2019-01-17T16:45:00+09:00,J4,995,1003,1998
2019-01-17T16:45:00+09:00,J5,726,763,1489
2019-01-17T17:00:00+09:00,J1,1206,1291,2497
2019-01-17T17:00:00+09:00,J2,770,898,1668
2019-01-17T17:00:00+09:00,J3,1705,1296,3001
2019-01-17T17:00:00+09:00,J4,905,1027,1932
2019-01-17T17:00:00+09:00,J5,728,817,1545
2019-01-17T17:15:00+09:00,J1,1139,1259,2398
2019-01-17T17:15:00+09:00,J2,873,967,1840
2019-01-17T17:15:00+09:00,J3,1737,1466,3203
2019-01-17T17:15:00+09:00,J4,1084,1146,2230
2019-01-17T17:15:00+09:00,J5,833,828,1661
2019-01-17T17:30:00+09:00,J1,1104,1271,2375
2019-01-17T17:30:00+09:00,J2,878,1088,1966
2019-01-17T17:30:00+09:00,J3,1740,1387,3127
2019-01-17T17:30:00+09:00,J4,1108,1107,2215
2019-01-17T17:30:00+09:00,J5,845,812,1657
2019-01-17T17:45:00+09:00,J1,1071,1368,2439
2019-01-17T17:45:00+09:00,J2,965,1044,2009
2019-01-17T17:45:00+09:00,J3,1648,1360,3008
2019-01-17T17:45:00+09:00,J4,1225,1096,2321
2019-01-17T17:45:00+09:00,J5,867,921,1788
2019-01-17T18:00:00+09:00,J1,1202,1422,2624
2019-01-17T18:00:00+09:00,J2,870,1057,1927
2019-01-17T18:00:00+09:00,J3,1725,1422,3147
2019-01-17T18:00:00+09:00,J4,1142,1103,2245
2019-01-17T18:00:00+09:00,J5,869,899,1768
2019-01-17T18:15:00+09:00,J1,1229,1481,2710
2019-01-17T18:15:00+09:00,J2,1100,1119,2219
2019-01-17T18:15:00+09:00,J3,1736,1456,3192
2019-01-17T18:15:00+09:00,J4,1357,1100,2457
2019-01-17T18:15:00+09:00,J5,775,912,1687
2019-01-17T18:30:00+09:00,J1,1285,1432,2717
2019-01-17T18:30:00+09:00,J2,1044,944,1988
2019-01-17T18:30:00+09:00,J3,1545,1276,2821
2019-01-17T18:30:00+09:00,J4,1119,1066,2185
2019-01-17T18:30:00+09:00,J5,780,740,1520
2019-01-17T18:45:00+09:00,J1,1220,1402,2622
2019-01-17T18:45:00+09:00,J2,898,918,1816
2019-01-17T18:45:00+09:00,J3,1468,1207,2675
2019-01-17T18:45:00+09:00,J4,1174,1071,2245
2019-01-17T18:45:00+09:00,J5,775,859,1634
2019-01-17T19:00:00+09:00,J1,1234,1346,2580
2019-01-17T19:00:00+09:00,J2,926,960,1886
2019-01-17T19:00:00+09:00,J3,1438,1303,2741
2019-01-17T19:00:00+09:00,J4,1156,994,2150
2019-01-17T19:00:00+09:00,J5,720,791,1511
2019-01-17T19:15:00+09:00,J1,1262,1293,2555
2019-01-17T19:15:00+09:00,J2,828,928,1756
2019-01-17T19:15:00+09:00,J3,1516,1333,2849
2019-01-17T19:15:00+09:00,J4,1099,1013,2112
2019-01-17T19:15:00+09:00,J5,733,880,1613
2019-01-17T19:30:00+09:00,J1,1219,1335,2554
2019-01-17T19:30:00+09:00,J2,692,788,1480
2019-01-17T19:30:00+09:00,J3,1397,1254,2651
2019-01-17T19:30:00+09:00,J4,1054,1040,2094
2019-01-17T19:30:00+09:00,J5,792,827,1619
2019-01-17T19:45:00+09:00,J1,1287,1427,2714
2019-01-17T19:45:00+09:00,J2,720,857,1577
2019-01-17T19:45:00+09:00,J3,1284,1117,2401
2019-01-17T19:45:00+09:00,J4,1133,1039,2172
2019-01-17T19:45:00+09:00,J5,719,822,1541
2019-01-17T20:00:00+09:00,J1,1291,1369,2660
2019-01-17T20:00:00+09:00,J2,840,933,1773
2019-01-17T20:00:00+09:00,J3,1431,1219,2650
2019-01-17T20:00:00+09:00,J4,1110,1039,2149
2019-01-17T20:00:00+09:00,J5,770,827,1597
2019-01-17T20:15:00+09:00,J1,1232,1373,2605
2019-01-17T20:15:00+09:00,J2,1041,1016,2057
2019-01-17T20:15:00+09:00,J3,1354,1154,2508
2019-01-17T20:15:00+09:00,J4,1112,981,2093
2019-01-17T20:15:00+09:00,J5,759,779,1538
2019-01-17T20:30:00+09:00,J1,1232,1286,2518
2019-01-17T20:30:00+09:00,J2,730,738,1468
2019-01-17T20:30:00+09:00,J3,1377,1252,2629
2019-01-17T20:30:00+09:00,J4,1061,949,2010
2019-01-17T20:30:00+09:00,J5,711,757,1468
2019-01-17T20:45:00+09:00,J1,1056,1221,2277
2019-01-17T20:45:00+09:00,J2,823,730,1553
2019-01-17T20:45:00+09:00,J3,1340,1108,2448
2019-01-17T20:45:00+09:00,J4,1014,981,1995
2019-01-17T20:45:00+09:00,J5,637,737,1374
2019-01-17T21:00:00+09:00,J1,1128,1254,2382
2019-01-17T21:00:00+09:00,J2,873,899,1772
2019-01-17T21:00:00+09:00,J3,1292,1084,2376
2019-01-17T21:00:00+09:00,J4,978,962,1940
2019-01-17T21:00:00+09:00,J5,710,689,1399
2019-01-17T21:15:00+09:00,J1,1085,1252,2337
2019-01-17T21:15:00+09:00,J2,979,980,1959
2019-01-17T21:15:00+09:00,J3,1161,1045,2206
2019-01-17T21:15:00+09:00,J4,1042,1004,2046
2019-01-17T21:15:00+09:00,J5,683,732,1415
2019-01-17T21:30:00+09:00,J1,1111,1162,2273
2019-01-17T21:30:00+09:00,J2,810,821,1631
2019-01-17T21:30:00+09:00,J3,1166,980,2146
2019-01-17T21:30:00+09:00,J4,920,960,1880
2019-01-17T21:30:00+09:00,J5,669,709,1378
2019-01-17T21:45:00+09:00,J1,1138,1262,2400
2019-01-17T21:45:00+09:00,J2,844,909,1753
2019-01-17T21:45:00+09:00,J3,1249,963,2212
2019-01-17T21:45:00+09:00,J4,940,1004,1944
2019-01-17T21:45:00+09:00,J5,674,630,1304
2019-01-17T22:00:00+09:00,J1,1100,1280,2380
2019-01-17T22:00:00+09:00,J2,834,796,1630
2019-01-17T22:00:00+09:00,J3,1147,895,2042
2019-01-17T22:00:00+09:00,J4,1007,999,2006
2019-01-17T22:00:00+09:00,J5,633,654,1287
2019-01-17T22:15:00+09:00,J1,1099,1253,2352
2019-01-17T22:15:00+09:00,J2,831,778,1609
2019-01-17T22:15:00+09:00,J3,1044,886,1930
2019-01-17T22:15:00+09:00,J4,956,1006,1962
2019-01-17T22:15:00+09:00,J5,712,622,1334
2019-01-17T22:30:00+09:00,J1,1077,1200,2277
2019-01-17T22:30:00+09:00,J2,805,784,1589
2019-01-17T22:30:00+09:00,J3,961,814,1775
2019-01-17T22:30:00+09:00,J4,1043,1038,2081
2019-01-17T22:30:00+09:00,J5,660,643,1303
2019-01-17T22:45:00+09:00,J1,1114,1333,2447
2019-01-17T22:45:00+09:00,J2,792,875,1667
2019-01-17T22:45:00+09:00,J3,851,769,1620
2019-01-17T22:45:00+09:00,J4,912,953,1865
2019-01-17T22:45:00+09:00,J5,713,627,1340
2019-01-17T23:00:00+09:00,J1,1076,1249,2325
2019-01-17T23:00:00+09:00,J2,678,722,1400
2019-01-17T23:00:00+09:00,J3,935,811,1746
2019-01-17T23:00:00+09:00,J4,908,961,1869
2019-01-17T23:00:00+09:00,J5,690,710,1400
2019-01-17T23:15:00+09:00,J1,1076,1201,2277
2019-01-17T23:15:00+09:00,J2,668,715,1383
2019-01-17T23:15:00+09:00,J3,857,804,1661
2019-01-17T23:15:00+09:00,J4,868,895,1763
2019-01-17T23:15:00+09:00,J5,735,661,1396
2019-01-17T23:30:00+09:00,J1,1106,1239,2345
2019-01-17T23:30:00+09:00,J2,608,647,1255
2019-01-17T23:30:00+09:00,J3,864,757,1621
2019-01-17T23:30:00+09:00,J4,774,843,1617
2019-01-17T23:30:00+09:00,J5,708,724,1432
2019-01-17T23:45:00+09:00,J1,1076,1267,2343
2019-01-17T23:45:00+09:00,J2,612,600,1212
2019-01-17T23:45:00+09:00,J3,800,648,1448
2019-01-17T23:45:00+09:00,J4,807,821,1628
2019-01-17T23:45:00+09:00,J5,759,749,1508
2019-01-18T00:00:00+09:00,J1,955,1064,2019
2019-01-18T00:00:00+09:00,J2,592,574,1166
2019-01-18T00:00:00+09:00,J3,671,611,1282
2019-01-18T00:00:00+09:00,J4,784,848,1632
2019-01-18T00:00:00+09:00,J5,770,750,1520
2019-01-18T00:15:00+09:00,J1,984,997,1981
2019-01-18T00:15:00+09:00,J2,479,537,1016
2019-01-18T00:15:00+09:00,J3,746,671,1417
2019-01-18T00:15:00+09:00,J4,604,654,1258
2019-01-18T00:15:00+09:00,J5,667,683,1350
2019-01-18T00:30:00+09:00,J1,803,828,1631
2019-01-18T00:30:00+09:00,J2,448,451,899
2019-01-18T00:30:00+09:00,J3,961,931,1892
2019-01-18T00:30:00+09:00,J4,476,452,928
2019-01-18T00:30:00+09:00,J5,754,657,1411
2019-01-18T00:45:00+09:00,J1,811,915,1726
2019-01-18T00:45:00+09:00,J2,524,461,985
2019-01-18T00:45:00+09:00,J3,807,860,1667
2019-01-18T00:45:00+09:00,J4,444,398,842
2019-01-18T00:45:00+09:00,J5,700,692,1392
2019-01-18T05:45:00+09:00,J1,591,540,1131
2019-01-18T05:45:00+09:00,J2,693,743,1436
2019-01-18T05:45:00+09:00,J3,1034,813,1847
2019-01-18T05:45:00+09:00,J4,805,744,1549
2019-01-18T05:45:00+09:00,J5,554,534,1088
2019-01-18T06:00:00+09:00,J1,728,685,1413
2019-01-18T06:00:00+09:00,J2,681,714,1395
2019-01-18T06:00:00+09:00,J3,1102,849,1951
2019-01-18T06:00:00+09:00,J4,720,717,1437
2019-01-18T06:00:00+09:00,J5,554,539,1093
2019-01-18T06:15:00+09:00,J1,1028,1128,2156
2019-01-18T06:15:00+09:00,J2,711,685,1396
2019-01-18T06:15:00+09:00,J3,1106,929,2035
2019-01-18T06:15:00+09:00,J4,783,830,1613
2019-01-18T06:15:00+09:00,J5,616,559,1175
2019-01-18T06:30:00+09:00,J1,1127,1094,2221
2019-01-18T06:30:00+09:00,J2,784,696,1480
2019-01-18T06:30:00+09:00,J3,1088,873,1961
2019-01-18T06:30:00+09:00,J4,665,785,1450
2019-01-18T06:30:00+09:00,J5,621,640,1261
2019-01-18T06:45:00+09:00,J1,1112,1127,2239
2019-01-18T06:45:00+09:00,J2,737,748,1485
2019-01-18T06:45:00+09:00,J3,1030,923,1953
2019-01-18T06:45:00+09:00,J4,801,903,1704
2019-01-18T06:45:00+09:00,J5,673,644,1317
2019-01-18T07:00:00+09:00,J1,1082,1137,2219
2019-01-18T07:00:00+09:00,J2,780,739,1519
2019-01-18T07:00:00+09:00,J3,1040,931,1971
2019-01-18T07:00:00+09:00,J4,945,930,1875
2019-01-18T07:00:00+09:00,J5,632,622,1254
2019-01-18T07:15:00+09:00,J1,1166,1201,2367
2019-01-18T07:15:00+09:00,J2,806,738,1544
2019-01-18T07:15:00+09:00,J3,1017,974,1991
2019-01-18T07:15:00+09:00,J4,978,973,1951
2019-01-18T07:15:00+09:00,J5,657,675,1332
2019-01-18T07:30:00+09:00,J1,1186,1233,2419
2019-01-18T07:30:00+09:00,J2,806,730,1536
2019-01-18T07:30:00+09:00,J3,992,944,1936
2019-01-18T07:30:00+09:00,J4,985,1024,2009
2019-01-18T07:30:00+09:00,J5,624,608,1232
2019-01-18T07:45:00+09:00,J1,1168,1254,2422
2019-01-18T07:45:00+09:00,J2,907,749,1656
2019-01-18T07:45:00+09:00,J3,1243,1292,2535
2019-01-18T07:45:00+09:00,J4,1022,1087,2109
2019-01-18T07:45:00+09:00,J5,606,677,1283
2019-01-18T08:00:00+09:00,J1,1290,1296,2586
2019-01-18T08:00:00+09:00,J2,1202,888,2090
2019-01-18T08:00:00+09:00,J3,1520,1379,2899
2019-01-18T08:00:00+09:00,J4,959,1252,2211
2019-01-18T08:00:00+09:00,J5,734,727,1461
2019-01-18T08:15:00+09:00,J1,1424,1283,2707
2019-01-18T08:15:00+09:00,J2,1142,888,2030
2019-01-18T08:15:00+09:00,J3,1499,1513,3012
2019-01-18T08:15:00+09:00,J4,1017,1400,2417
2019-01-18T08:15:00+09:00,J5,728,785,1513
2019-01-18T08:30:00+09:00,J1,1489,1336,2825
2019-01-18T08:30:00+09:00,J2,1209,939,2148
2019-01-18T08:30:00+09:00,J3,1529,1531,3060
2019-01-18T08:30:00+09:00,J4,1023,1411,2434
2019-01-18T08:30:00+09:00,J5,756,778,1534
2019-01-18T08:45:00+09:00,J1,1420,1405,2825
2019-01-18T08:45:00+09:00,J2,1092,678,1770
2019-01-18T08:45:00+09:00,J3,1361,1374,2735
2019-01-18T08:45:00+09:00,J4,934,1170,2104
2019-01-18T08:45:00+09:00,J5,686,742,1428
2019-01-18T09:00:00+09:00,J1,1298,1401,2699
2019-01-18T09:00:00+09:00,J2,967,815,1782
2019-01-18T09:00:00+09:00,J3,1271,1202,2473
2019-01-18T09:00:00+09:00,J4,793,906,1699
2019-01-18T09:00:00+09:00,J5,772,711,1483
2019-01-18T09:15:00+09:00,J1,1272,1326,2598
2019-01-18T09:15:00+09:00,J2,942,801,1743
2019-01-18T09:15:00+09:00,J3,1199,1214,2413
2019-01-18T09:15:00+09:00,J4,881,1003,1884
2019-01-18T09:15:00+09:00,J5,568,624,1192
2019-01-18T09:30:00+09:00,J1,1331,1378,2709
2019-01-18T09:30:00+09:00,J2,941,861,1802
2019-01-18T09:30:00+09:00,J3,1254,1214,2468
2019-01-18T09:30:00+09:00,J4,943,987,1930
2019-01-18T09:30:00+09:00,J5,668,550,1218
2019-01-18T09:45:00+09:00,J1,1263,1398,2661
2019-01-18T09:45:00+09:00,J2,876,821,1697
2019-01-18T09:45:00+09:00,J3,1293,1275,2568
2019-01-18T09:45:00+09:00,J4,897,966,1863
2019-01-18T09:45:00+09:00,J5,706,660,1366
2019-01-18T10:00:00+09:00,J1,1249,1373,2622
2019-01-18T10:00:00+09:00,J2,882,820,1702
2019-01-18T10:00:00+09:00,J3,1084,1081,2165
2019-01-18T10:00:00+09:00,J4,948,904,1852
2019-01-18T10:00:00+09:00,J5,657,664,1321
2019-01-18T10:15:00+09:00,J1,1257,1410,2667
2019-01-18T10:15:00+09:00,J2,839,859,1698
2019-01-18T10:15:00+09:00,J3,1136,1133,2269
2019-01-18T10:15:00+09:00,J4,807,987,1794
2019-01-18T10:15:00+09:00,J5,659,587,1246
2019-01-18T10:30:00+09:00,J1,1291,1348,2639
2019-01-18T10:30:00+09:00,J2,815,836,1651
2019-01-18T10:30:00+09:00,J3,1085,1035,2120
2019-01-18T10:30:00+09:00,J4,908,917,1825
2019-01-18T10:30:00+09:00,J5,648,579,1227
2019-01-18T10:45:00+09:00,J1,1306,1351,2657
2019-01-18T10:45:00+09:00,J2,850,848,1698
2019-01-18T10:45:00+09:00,J3,1289,1158,2447
2019-01-18T10:45:00+09:00,J4,836,1043,1879
2019-01-18T10:45:00+09:00,J5,662,619,1281
2019-01-18T11:00:00+09:00,J1,1278,1412,2690
2019-01-18T11:00:00+09:00,J2,726,788,1514
2019-01-18T11:00:00+09:00,J3,1232,1170,2402
2019-01-18T11:00:00+09:00,J4,939,1014,1953
2019-01-18T11:00:00+09:00,J5,571,600,1171
2019-01-18T11:15:00+09:00,J1,1222,1316,2538
2019-01-18T11:15:00+09:00,J2,731,824,1555
2019-01-18T11:15:00+09:00,J3,1322,1239,2561
2019-01-18T11:15:00+09:00,J4,894,986,1880
2019-01-18T11:15:00+09:00,J5,512,501,1013
2019-01-18T11:30:00+09:00,J1,1229,1331,2560
2019-01-18T11:30:00+09:00,J2,679,799,1478
2019-01-18T11:30:00+09:00,J3,1195,1196,2391
2019-01-18T11:30:00+09:00,J4,967,1103,2070
2019-01-18T11:30:00+09:00,J5,580,672,1252
2019-01-18T11:45:00+09:00,J1,1272,1409,2681
2019-01-18T11:45:00+09:00,J2,824,775,1599
2019-01-18T11:45:00+09:00,J3,1184,1136,2320
2019-01-18T11:45:00+09:00,J4,1198,1254,2452
2019-01-18T11:45:00+09:00,J5,682,748,1430
2019-01-18T12:00:00+09:00,J1,1229,1442,2671
2019-01-18T12:00:00+09:00,J2,782,720,1502
2019-01-18T12:00:00+09:00,J3,1191,1104,2295
2019-01-18T12:00:00+09:00,J4,998,1012,2010
2019-01-18T12:00:00+09:00,J5,704,793,1497
2019-01-18T12:15:00+09:00,J1,1264,1407,2671
2019-01-18T12:15:00+09:00,J2,868,715,1583
2019-01-18T12:15:00+09:00,J3,1356,1223,2579
2019-01-18T12:15:00+09:00,J4,1059,1027,2086
2019-01-18T12:15:00+09:00,J5,655,715,1370
2019-01-18T12:30:00+09:00,J1,1187,1368,2555
2019-01-18T12:30:00+09:00,J2,881,687,1568
2019-01-18T12:30:00+09:00,J3,1362,1244,2606
2019-01-18T12:30:00+09:00,J4,1030,1127,2157
2019-01-18T12:30:00+09:00,J5,705,664,1369
2019-01-18T12:45:00+09:00,J1,1221,1414,2635
2019-01-18T12:45:00+09:00,J2,866,711,1577
2019-01-18T12:45:00+09:00,J3,1340,1272,2612
2019-01-18T12:45:00+09:00,J4,1041,1084,2125
2019-01-18T12:45:00+09:00,J5,739,719,1458
2019-01-18T13:00:00+09:00,J1,1197,1449,2646
2019-01-18T13:00:00+09:00,J2,803,696,1499
2019-01-18T13:00:00+09:00,J3,1350,1213,2563
2019-01-18T13:00:00+09:00,J4,1016,1042,2058
2019-01-18T13:00:00+09:00,J5,696,760,1456
2019-01-18T13:15:00+09:00,J1,1192,1423,2615
2019-01-18T13:15:00+09:00,J2,777,682,1459
2019-01-18T13:15:00+09:00,J3,1374,1200,2574
2019-01-18T13:15:00+09:00,J4,931,1049,1980
2019-01-18T13:15:00+09:00,J5,713,655,1368
2019-01-18T13:30:00+09:00,J1,1172,1418,2590
2019-01-18T13:30:00+09:00,J2,833,669,1502
2019-01-18T13:30:00+09:00,J3,1383,1181,2564
2019-01-18T13:30:00+09:00,J4,949,1020,1969
2019-01-18T13:30:00+09:00,J5,700,685,1385
2019-01-18T13:45:00+09:00,J1,1216,1372,2588
2019-01-18T13:45:00+09:00,J2,740,848,1588
2019-01-18T13:45:00+09:00,J3,1351,1150,2501
2019-01-18T13:45:00+09:00,J4,949,1038,1987
2019-01-18T13:45:00+09:00,J5,665,662,1327
2019-01-18T14:00:00+09:00,J1,1129,1395,2524
2019-01-18T14:00:00+09:00,J2,742,814,1556
2019-01-18T14:00:00+09:00,J3,1282,1101,2383
2019-01-18T14:00:00+09:00,J4,934,1024,1958
2019-01-18T14:00:00+09:00,J5,641,676,1317
2019-01-18T14:15:00+09:00,J1,1203,1459,2662
2019-01-18T14:15:00+09:00,J2,764,912,1676
2019-01-18T14:15:00+09:00,J3,1305,1116,2421
2019-01-18T14:15:00+09:00,J4,1045,1033,2078
2019-01-18T14:15:00+09:00,J5,696,743,1439
2019-01-18T14:30:00+09:00,J1,1220,1413,2633
2019-01-18T14:30:00+09:00,J2,748,849,1597
2019-01-18T14:30:00+09:00,J3,1311,1073,2384
2019-01-18T14:30:00+09:00,J4,1031,1096,2127
2019-01-18T14:30:00+09:00,J5,703,767,1470
2019-01-18T14:45:00+09:00,J1,1155,1363,2518
2019-01-18T14:45:00+09:00,J2,802,722,1524
2019-01-18T14:45:00+09:00,J3,1306,1076,2382
2019-01-18T14:45:00+09:00,J4,974,1061,2035
2019-01-18T14:45:00+09:00,J5,686,742,1428
2019-01-18T15:00:00+09:00,J1,1197,1417,2614
2019-01-18T15:00:00+09:00,J2,841,712,1553
2019-01-18T15:00:00+09:00,J3,1405,1136,2541
2019-01-18T15:00:00+09:00,J4,1040,1079,2119
2019-01-18T15:00:00+09:00,J5,735,789,1524
2019-01-18T15:15:00+09:00,J1,1156,1408,2564
2019-01-18T15:15:00+09:00,J2,813,826,1639
2019-01-18T15:15:00+09:00,J3,1393,1195,2588
2019-01-18T15:15:00+09:00,J4,974,1089,2063
2019-01-18T15:15:00+09:00,J5,753,763,1516
2019-01-18T15:30:00+09:00,J1,1144,1398,2542
2019-01-18T15:30:00+09:00,J2,844,727,1571
2019-01-18T15:30:00+09:00,J3,1303,1148,2451
2019-01-18T15:30:00+09:00,J4,1000,1023,2023
2019-01-18T15:30:00+09:00,J5,738,705,1443
2019-01-18T15:45:00+09:00,J1,1144,1400,2544
2019-01-18T15:45:00+09:00,J2,876,705,1581
2019-01-18T15:45:00+09:00,J3,1279,1108,2387
2019-01-18T15:45:00+09:00,J4,1022,983,2005
2019-01-18T15:45:00+09:00,J5,701,736,1437
2019-01-18T16:00:00+09:00,J1,1159,1364,2523
2019-01-18T16:00:00+09:00,J2,861,798,1659
2019-01-18T16:00:00+09:00,J3,1263,1079,2342
2019-01-18T16:00:00+09:00,J4,1005,967,1972
2019-01-18T16:00:00+09:00,J5,749,676,1425
2019-01-18T16:15:00+09:00,J1,1181,1411,2592
2019-01-18T16:15:00+09:00,J2,931,862,1793
2019-01-18T16:15:00+09:00,J3,1330,1075,2405
2019-01-18T16:15:00+09:00,J4,982,1076,2058
2019-01-18T16:15:00+09:00,J5,727,731,1458
2019-01-18T16:30:00+09:00,J1,1186,1439,2625
2019-01-18T16:30:00+09:00,J2,878,849,1727
2019-01-18T16:30:00+09:00,J3,1415,1240,2655
2019-01-18T16:30:00+09:00,J4,1050,1008,2058
2019-01-18T16:30:00+09:00,J5,721,700,1421
2019-01-18T16:45:00+09:00,J1,1207,1412,2619
2019-01-18T16:45:00+09:00,J2,996,869,1865
2019-01-18T16:45:00+09:00,J3,1520,1326,2846
2019-01-18T16:45:00+09:00,J4,990,1029,2019
2019-01-18T16:45:00+09:00,J5,722,721,1443
2019-01-18T17:00:00+09:00,J1,1312,1413,2725
2019-01-18T17:00:00+09:00,J2,897,885,1782
2019-01-18T17:00:00+09:00,J3,1624,1293,2917
2019-01-18T17:00:00+09:00,J4,941,1026,1967
2019-01-18T17:00:00+09:00,J5,736,777,1513
2019-01-18T17:15:00+09:00,J1,1229,1418,2647
2019-01-18T17:15:00+09:00,J2,971,905,1876
2019-01-18T17:15:00+09:00,J3,1695,1314,3009
2019-01-18T17:15:00+09:00,J4,1032,1085,2117
2019-01-18T17:15:00+09:00,J5,872,864,1736
2019-01-18T17:30:00+09:00,J1,1210,1495,2705
2019-01-18T17:30:00+09:00,J2,1085,927,2012
2019-01-18T17:30:00+09:00,J3,1743,1370,3113
2019-01-18T17:30:00+09:00,J4,1087,1018,2105
2019-01-18T17:30:00+09:00,J5,818,860,1678
2019-01-18T17:45:00+09:00,J1,1245,1457,2702
2019-01-18T17:45:00+09:00,J2,1004,888,1892
2019-01-18T17:45:00+09:00,J3,1729,1351,3080
2019-01-18T17:45:00+09:00,J4,1161,1029,2190
2019-01-18T17:45:00+09:00,J5,845,899,1744
2019-01-18T18:00:00+09:00,J1,1293,1447,2740
2019-01-18T18:00:00+09:00,J2,1064,1030,2094
2019-01-18T18:00:00+09:00,J3,1806,1386,3192
2019-01-18T18:00:00+09:00,J4,1091,960,2051
2019-01-18T18:00:00+09:00,J5,852,788,1640
2019-01-18T18:15:00+09:00,J1,1235,1482,2717
2019-01-18T18:15:00+09:00,J2,1080,1164,2244
2019-01-18T18:15:00+09:00,J3,1678,1417,3095
2019-01-18T18:15:00+09:00,J4,1160,1048,2208
2019-01-18T18:15:00+09:00,J5,703,766,1469
2019-01-18T18:30:00+09:00,J1,1177,1437,2614
2019-01-18T18:30:00+09:00,J2,1049,1045,2094
2019-01-18T18:30:00+09:00,J3,1563,1298,2861
2019-01-18T18:30:00+09:00,J4,1337,1070,2407
2019-01-18T18:30:00+09:00,J5,702,665,1367
2019-01-18T18:45:00+09:00,J1,1240,1510,2750
2019-01-18T18:45:00+09:00,J2,1030,1038,2068
2019-01-18T18:45:00+09:00,J3,1615,1296,2911
2019-01-18T18:45:00+09:00,J4,1260,1094,2354
2019-01-18T18:45:00+09:00,J5,722,655,1377
2019-01-18T19:00:00+09:00,J1,1232,1338,2570
2019-01-18T19:00:00+09:00,J2,961,863,1824
2019-01-18T19:00:00+09:00,J3,1604,1286,2890
2019-01-18T19:00:00+09:00,J4,1079,1032,2111
2019-01-18T19:00:00+09:00,J5,659,665,1324
2019-01-18T19:15:00+09:00,J1,1113,1433,2546
2019-01-18T19:15:00+09:00,J2,956,876,1832
2019-01-18T19:15:00+09:00,J3,1679,1353,3032
2019-01-18T19:15:00+09:00,J4,1007,952,1959
2019-01-18T19:15:00+09:00,J5,714,697,1411
2019-01-18T19:30:00+09:00,J1,1232,1420,2652
2019-01-18T19:30:00+09:00,J2,1029,757,1786
2019-01-18T19:30:00+09:00,J3,1530,1250,2780
2019-01-18T19:30:00+09:00,J4,937,934,1871
2019-01-18T19:30:00+09:00,J5,722,700,1422
2019-01-18T19:45:00+09:00,J1,1217,1327,2544
2019-01-18T19:45:00+09:00,J2,973,821,1794
2019-01-18T19:45:00+09:00,J3,1379,1204,2583
2019-01-18T19:45:00+09:00,J4,916,838,1754
2019-01-18T19:45:00+09:00,J5,582,575,1157
2019-01-18T20:00:00+09:00,J1,1161,1383,2544
2019-01-18T20:00:00+09:00,J2,796,794,1590
2019-01-18T20:00:00+09:00,J3,1452,1187,2639
2019-01-18T20:00:00+09:00,J4,965,898,1863
2019-01-18T20:00:00+09:00,J5,490,507,997
2019-01-18T20:15:00+09:00,J1,1230,1307,2537
2019-01-18T20:15:00+09:00,J2,817,876,1693
2019-01-18T20:15:00+09:00,J3,1444,1267,2711
2019-01-18T20:15:00+09:00,J4,986,924,1910
2019-01-18T20:15:00+09:00,J5,586,533,1119
2019-01-18T20:30:00+09:00,J1,1175,1389,2564
2019-01-18T20:30:00+09:00,J2,891,840,1731
2019-01-18T20:30:00+09:00,J3,1258,1185,2443
2019-01-18T20:30:00+09:00,J4,862,856,1718
2019-01-18T20:30:00+09:00,J5,554,511,1065
2019-01-18T20:45:00+09:00,J1,1152,1352,2504
2019-01-18T20:45:00+09:00,J2,871,826,1697
2019-01-18T20:45:00+09:00,J3,1211,1075,2286
2019-01-18T20:45:00+09:00,J4,1004,841,1845
2019-01-18T20:45:00+09:00,J5,557,531,1088
2019-01-18T21:00:00+09:00,J1,1127,1353,2480
2019-01-18T21:00:00+09:00,J2,817,694,1511
2019-01-18T21:00:00+09:00,J3,1361,1073,2434
2019-01-18T21:00:00+09:00,J4,966,912,1878
2019-01-18T21:00:00+09:00,J5,515,568,1083
2019-01-18T21:15:00+09:00,J1,1067,1313,2380
2019-01-18T21:15:00+09:00,J2,837,796,1633
2019-01-18T21:15:00+09:00,J3,1301,1038,2339
2019-01-18T21:15:00+09:00,J4,944,875,1819
2019-01-18T21:15:00+09:00,J5,588,588,1176
2019-01-18T21:30:00+09:00,J1,1085,1305,2390
2019-01-18T21:30:00+09:00,J2,836,728,1564
2019-01-18T21:30:00+09:00,J3,1289,1021,2310
2019-01-18T21:30:00+09:00,J4,899,888,1787
2019-01-18T21:30:00+09:00,J5,621,615,1236
2019-01-18T21:45:00+09:00,J1,1091,1317,2408
2019-01-18T21:45:00+09:00,J2,885,799,1684
2019-01-18T21:45:00+09:00,J3,1198,959,2157
2019-01-18T21:45:00+09:00,J4,864,802,1666
2019-01-18T21:45:00+09:00,J5,564,538,1102
2019-01-18T22:00:00+09:00,J1,1132,1223,2355
2019-01-18T22:00:00+09:00,J2,862,827,1689
2019-01-18T22:00:00+09:00,J3,1240,1012,2252
2019-01-18T22:00:00+09:00,J4,956,969,1925
2019-01-18T22:00:00+09:00,J5,553,562,1115
2019-01-18T22:15:00+09:00,J1,1066,1251,2317
2019-01-18T22:15:00+09:00,J2,792,764,1556
2019-01-18T22:15:00+09:00,J3,1576,1315,2891
2019-01-18T22:15:00+09:00,J4,882,936,1818
2019-01-18T22:15:00+09:00,J5,541,559,1100
2019-01-18T22:30:00+09:00,J1,1087,1240,2327
2019-01-18T22:30:00+09:00,J2,651,691,1342
2019-01-18T22:30:00+09:00,J3,1488,1280,2768
2019-01-18T22:30:00+09:00,J4,787,855,1642
2019-01-18T22:30:00+09:00,J5,560,511,1071
2019-01-18T22:45:00+09:00,J1,1048,1206,2254
2019-01-18T22:45:00+09:00,J2,603,662,1265
2019-01-18T22:45:00+09:00,J3,1344,1278,2622
2019-01-18T22:45:00+09:00,J4,837,869,1706
2019-01-18T22:45:00+09:00,J5,555,568,1123
2019-01-18T23:00:00+09:00,J1,1107,1245,2352
2019-01-18T23:00:00+09:00,J2,652,671,1323
2019-01-18T23:00:00+09:00,J3,1395,1187,2582
2019-01-18T23:00:00+09:00,J4,855,864,1719
2019-01-18T23:00:00+09:00,J5,592,627,1219
2019-01-18T23:15:00+09:00,J1,1097,1243,2340
2019-01-18T23:15:00+09:00,J2,740,767,1507
2019-01-18T23:15:00+09:00,J3,1229,1080,2309
2019-01-18T23:15:00+09:00,J4,798,910,1708
2019-01-18T23:15:00+09:00,J5,546,560,1106
2019-01-18T23:30:00+09:00,J1,1000,1203,2203
2019-01-18T23:30:00+09:00,J2,663,801,1464
2019-01-18T23:30:00+09:00,J3,1266,1082,2348
2019-01-18T23:30:00+09:00,J4,748,869,1617
2019-01-18T23:30:00+09:00,J5,571,491,1062
2019-01-18T23:45:00+09:00,J1,1058,1203,2261
2019-01-18T23:45:00+09:00,J2,666,709,1375
2019-01-18T23:45:00+09:00,J3,1071,986,2057
2019-01-18T23:45:00+09:00,J4,779,845,1624
2019-01-18T23:45:00+09:00,J5,518,492,1010
2019-01-19T00:00:00+09:00,J1,950,993,1943
2019-01-19T00:00:00+09:00,J2,607,655,1262
2019-01-19T00:00:00+09:00,J3,867,802,1669
2019-01-19T00:00:00+09:00,J4,825,818,1643
2019-01-19T00:00:00+09:00,J5,506,560,1066
2019-01-19T00:15:00+09:00,J1,785,775,1560
2019-01-19T00:15:00+09:00,J2,496,494,990
2019-01-19T00:15:00+09:00,J3,977,856,1833
2019-01-19T00:15:00+09:00,J4,611,656,1267
2019-01-19T00:15:00+09:00,J5,538,580,1118
2019-01-19T00:30:00+09:00,J1,546,537,1083
2019-01-19T00:30:00+09:00,J2,446,474,920
2019-01-19T00:30:00+09:00,J3,969,861,1830
2019-01-19T00:30:00+09:00,J4,526,461,987
2019-01-19T00:30:00+09:00,J5,565,621,1186
2019-01-19T00:45:00+09:00,J1,459,415,874
2019-01-19T00:45:00+09:00,J2,486,519,1005
2019-01-19T00:45:00+09:00,J3,935,806,1741
2019-01-19T00:45:00+09:00,J4,528,570,1098
2019-01-19T00:45:00+09:00,J5,545,628,1173
2019-01-19T05:45:00+09:00,J1,795,819,1614
2019-01-19T05:45:00+09:00,J2,575,535,1110
2019-01-19T05:45:00+09:00,J3,607,632,1239
2019-01-19T05:45:00+09:00,J4,543,688,1231
2019-01-19T05:45:00+09:00,J5,488,469,957
2019-01-19T06:00:00+09:00,J1,889,976,1865
2019-01-19T06:00:00+09:00,J2,535,644,1179
2019-01-19T06:00:00+09:00,J3,641,729,1370
2019-01-19T06:00:00+09:00,J4,546,612,1158
2019-01-19T06:00:00+09:00,J5,487,508,995
2019-01-19T06:15:00+09:00,J1,949,959,1908
2019-01-19T06:15:00+09:00,J2,548,534,1082
2019-01-19T06:15:00+09:00,J3,719,670,1389
2019-01-19T06:15:00+09:00,J4,631,713,1344
2019-01-19T06:15:00+09:00,J5,561,483,1044
2019-01-19T06:30:00+09:00,J1,1024,966,1990
2019-01-19T06:30:00+09:00,J2,513,568,1081
2019-01-19T06:30:00+09:00,J3,620,667,1287
2019-01-19T06:30:00+09:00,J4,680,769,1449
2019-01-19T06:30:00+09:00,J5,526,528,1054
2019-01-19T06:45:00+09:00,J1,911,914,1825
2019-01-19T06:45:00+09:00,J2,557,584,1141
2019-01-19T06:45:00+09:00,J3,663,673,1336
2019-01-19T06:45:00+09:00,J4,768,816,1584
2019-01-19T06:45:00+09:00,J5,491,552,1043
2019-01-19T07:00:00+09:00,J1,1013,1099,2112
2019-01-19T07:00:00+09:00,J2,626,626,1252
2019-01-19T07:00:00+09:00,J3,677,665,1342
2019-01-19T07:00:00+09:00,J4,820,806,1626
2019-01-19T07:00:00+09:00,J5,521,510,1031
2019-01-19T07:15:00+09:00,J1,1043,1066,2109
2019-01-19T07:15:00+09:00,J2,780,752,1532
2019-01-19T07:15:00+09:00,J3,668,731,1399
2019-01-19T07:15:00+09:00,J4,863,869,1732
2019-01-19T07:15:00+09:00,J5,548,567,1115
2019-01-19T07:30:00+09:00,J1,1101,1195,2296
2019-01-19T07:30:00+09:00,J2,639,677,1316
2019-01-19T07:30:00+09:00,J3,769,687,1456
2019-01-19T07:30:00+09:00,J4,903,972,1875
2019-01-19T07:30:00+09:00,J5,593,565,1158
2019-01-19T07:45:00+09:00,J1,1157,1113,2270
2019-01-19T07:45:00+09:00,J2,652,642,1294
2019-01-19T07:45:00+09:00,J3,824,772,1596
2019-01-19T07:45:00+09:00,J4,872,906,1778
2019-01-19T07:45:00+09:00,J5,616,564,1180
2019-01-19T08:00:00+09:00,J1,1229,1327,2556
2019-01-19T08:00:00+09:00,J2,856,857,1713
2019-01-19T08:00:00+09:00,J3,1216,1143,2359
2019-01-19T08:00:00+09:00,J4,940,1060,2000
2019-01-19T08:00:00+09:00,J5,604,583,1187
2019-01-19T08:15:00+09:00,J1,1316,1434,2750
2019-01-19T08:15:00+09:00,J2,972,807,1779
2019-01-19T08:15:00+09:00,J3,1420,1283,2703
2019-01-19T08:15:00+09:00,J4,1036,1092,2128
2019-01-19T08:15:00+09:00,J5,576,632,1208
2019-01-19T08:30:00+09:00,J1,1234,1380,2614
2019-01-19T08:30:00+09:00,J2,792,706,1498
2019-01-19T08:30:00+09:00,J3,1365,1233,2598
2019-01-19T08:30:00+09:00,J4,984,1090,2074
2019-01-19T08:30:00+09:00,J5,626,707,1333
2019-01-19T08:45:00+09:00,J1,1010,1191,2201
2019-01-19T08:45:00+09:00,J2,635,656,1291
2019-01-19T08:45:00+09:00,J3,1263,1055,2318
2019-01-19T08:45:00+09:00,J4,821,863,1684
2019-01-19T08:45:00+09:00,J5,572,550,1122
2019-01-19T09:00:00+09:00,J1,1475,1488,2963
2019-01-19T09:00:00+09:00,J2,1217,1164,2381
2019-01-19T09:00:00+09:00,J3,1166,1166,2332
2019-01-19T09:00:00+09:00,J4,958,1101,2059
2019-01-19T09:00:00+09:00,J5,553,609,1162
2019-01-19T09:15:00+09:00,J1,1339,1262,2601
2019-01-19T09:15:00+09:00,J2,1200,1156,2356
2019-01-19T09:15:00+09:00,J3,1179,1014,2193
2019-01-19T09:15:00+09:00,J4,888,992,1880
2019-01-19T09:15:00+09:00,J5,407,384,791
2019-01-19T09:30:00+09:00,J1,1273,1231,2504
2019-01-19T09:30:00+09:00,J2,1110,948,2058
2019-01-19T09:30:00+09:00,J3,1137,1027,2164
2019-01-19T09:30:00+09:00,J4,1002,949,1951
2019-01-19T09:30:00+09:00,J5,426,369,795
2019-01-19T09:45:00+09:00,J1,1291,1266,2557
2019-01-19T09:45:00+09:00,J2,890,877,1767
2019-01-19T09:45:00+09:00,J3,1153,1108,2261
2019-01-19T09:45:00+09:00,J4,969,1003,1972
2019-01-19T09:45:00+09:00,J5,460,410,870
2019-01-19T10:00:00+09:00,J1,1215,1328,2543
2019-01-19T10:00:00+09:00,J2,853,870,1723
2019-01-19T10:00:00+09:00,J3,1284,1171,2455
2019-01-19T10:00:00+09:00,J4,1035,1115,2150
2019-01-19T10:00:00+09:00,J5,375,362,737
2019-01-19T10:15:00+09:00,J1,1292,1369,2661
2019-01-19T10:15:00+09:00,J2,747,816,1563
2019-01-19T10:15:00+09:00,J3,1263,1119,2382
2019-01-19T10:15:00+09:00,J4,1070,1031,2101
2019-01-19T10:15:00+09:00,J5,389,381,770
2019-01-19T10:30:00+09:00,J1,1262,1306,2568
2019-01-19T10:30:00+09:00,J2,756,780,1536
2019-01-19T10:30:00+09:00,J3,1209,1166,2375
2019-01-19T10:30:00+09:00,J4,1011,1006,2017
2019-01-19T10:30:00+09:00,J5,427,397,824
2019-01-19T10:45:00+09:00,J1,1243,1452,2695
2019-01-19T10:45:00+09:00,J2,787,795,1582
2019-01-19T10:45:00+09:00,J3,1165,1102,2267
2019-01-19T10:45:00+09:00,J4,1028,977,2005
2019-01-19T10:45:00+09:00,J5,388,397,785
2019-01-19T11:00:00+09:00,J1,1282,1401,2683
2019-01-19T11:00:00+09:00,J2,745,801,1546
2019-01-19T11:00:00+09:00,J3,1272,1147,2419
2019-01-19T11:00:00+09:00,J4,1030,949,1979
2019-01-19T11:00:00+09:00,J5,561,604,1165
2019-01-19T11:15:00+09:00,J1,1280,1417,2697
2019-01-19T11:15:00+09:00,J2,708,842,1550
2019-01-19T11:15:00+09:00,J3,1406,1151,2557
2019-01-19T11:15:00+09:00,J4,951,981,1932
2019-01-19T11:15:00+09:00,J5,632,589,1221
2019-01-19T11:30:00+09:00,J1,1303,1506,2809
2019-01-19T11:30:00+09:00,J2,714,869,1583
2019-01-19T11:30:00+09:00,J3,1387,1259,2646
2019-01-19T11:30:00+09:00,J4,1014,980,1994
2019-01-19T11:30:00+09:00,J5,611,636,1247
2019-01-19T11:45:00+09:00,J1,1213,1480,2693
2019-01-19T11:45:00+09:00,J2,854,865,1719
2019-01-19T11:45:00+09:00,J3,1325,1312,2637
2019-01-19T11:45:00+09:00,J4,1024,966,1990
2019-01-19T11:45:00+09:00,J5,577,582,1159
2019-01-19T12:00:00+09:00,J1,1213,1565,2778
2019-01-19T12:00:00+09:00,J2,827,864,1691
2019-01-19T12:00:00+09:00,J3,1428,1238,2666
2019-01-19T12:00:00+09:00,J4,872,924,1796
2019-01-19T12:00:00+09:00,J5,606,547,1153
2019-01-19T12:15:00+09:00,J1,1167,1425,2592
2019-01-19T12:15:00+09:00,J2,860,863,1723
2019-01-19T12:15:00+09:00,J3,1397,1170,2567
2019-01-19T12:15:00+09:00,J4,821,927,1748
2019-01-19T12:15:00+09:00,J5,581,570,1151
2019-01-19T12:30:00+09:00,J1,1199,1366,2565
2019-01-19T12:30:00+09:00,J2,840,909,1749
2019-01-19T12:30:00+09:00,J3,1271,1114,2385
2019-01-19T12:30:00+09:00,J4,838,970,1808
2019-01-19T12:30:00+09:00,J5,624,649,1273
2019-01-19T12:45:00+09:00,J1,1190,1345,2535
2019-01-19T12:45:00+09:00,J2,799,848,1647
2019-01-19T12:45:00+09:00,J3,1139,1133,2272
2019-01-19T12:45:00+09:00,J4,938,980,1918
2019-01-19T12:45:00+09:00,J5,578,614,1192
2019-01-19T13:00:00+09:00,J1,1159,1447,2606
2019-01-19T13:00:00+09:00,J2,833,880,1713
2019-01-19T13:00:00+09:00,J3,1163,1191,2354
2019-01-19T13:00:00+09:00,J4,958,941,1899
2019-01-19T13:00:00+09:00,J5,651,641,1292
2019-01-19T13:15:00+09:00,J1,1183,1412,2595
2019-01-19T13:15:00+09:00,J2,788,980,1768
2019-01-19T13:15:00+09:00,J3,1185,1286,2471
2019-01-19T13:15:00+09:00,J4,984,961,1945
2019-01-19T13:15:00+09:00,J5,695,695,1390
2019-01-19T13:30:00+09:00,J1,1112,1436,2548
2019-01-19T13:30:00+09:00,J2,788,871,1659
2019-01-19T13:30:00+09:00,J3,1158,1106,2264
2019-01-19T13:30:00+09:00,J4,1004,986,1990
2019-01-19T13:30:00+09:00,J5,613,595,1208
2019-01-19T13:45:00+09:00,J1,1150,1368,2518
2019-01-19T13:45:00+09:00,J2,744,942,1686
2019-01-19T13:45:00+09:00,J3,1151,1031,2182
2019-01-19T13:45:00+09:00,J4,920,986,1906
2019-01-19T13:45:00+09:00,J5,624,611,1235
2019-01-19T14:00:00+09:00,J1,1158,1354,2512
2019-01-19T14:00:00+09:00,J2,915,916,1831
2019-01-19T14:00:00+09:00,J3,1168,1020,2188
2019-01-19T14:00:00+09:00,J4,926,871,1797
2019-01-19T14:00:00+09:00,J5,644,575,1219
2019-01-19T14:15:00+09:00,J1,1169,1404,2573
2019-01-19T14:15:00+09:00,J2,861,873,1734
2019-01-19T14:15:00+09:00,J3,1229,949,2178
2019-01-19T14:15:00+09:00,J4,924,968,1892
2019-01-19T14:15:00+09:00,J5,662,629,1291
2019-01-19T14:30:00+09:00,J1,1186,1520,2706
2019-01-19T14:30:00+09:00,J2,846,890,1736
2019-01-19T14:30:00+09:00,J3,1296,992,2288
2019-01-19T14:30:00+09:00,J4,1069,1187,2256
2019-01-19T14:30:00+09:00,J5,635,657,1292
2019-01-19T14:45:00+09:00,J1,1230,1397,2627
2019-01-19T14:45:00+09:00,J2,848,850,1698
2019-01-19T14:45:00+09:00,J3,1349,976,2325
2019-01-19T14:45:00+09:00,J4,1123,1189,2312
2019-01-19T14:45:00+09:00,J5,621,649,1270
2019-01-19T15:00:00+09:00,J1,1147,1400,2547
2019-01-19T15:00:00+09:00,J2,849,839,1688
2019-01-19T15:00:00+09:00,J3,1328,1005,2333
2019-01-19T15:00:00+09:00,J4,934,999,1933
2019-01-19T15:00:00+09:00,J5,636,644,1280
2019-01-19T15:15:00+09:00,J1,1148,1483,2631
2019-01-19T15:15:00+09:00,J2,747,841,1588
2019-01-19T15:15:00+09:00,J3,1225,1072,2297
2019-01-19T15:15:00+09:00,J4,895,994,1889
2019-01-19T15:15:00+09:00,J5,623,641,1264
2019-01-19T15:30:00+09:00,J1,1178,1433,2611
2019-01-19T15:30:00+09:00,J2,887,948,1835
2019-01-19T15:30:00+09:00,J3,1383,1043,2426
2019-01-19T15:30:00+09:00,J4,854,958,1812
2019-01-19T15:30:00+09:00,J5,656,666,1322
2019-01-19T15:45:00+09:00,J1,1160,1448,2608
2019-01-19T15:45:00+09:00,J2,896,933,1829
2019-01-19T15:45:00+09:00,J3,1366,1030,2396
2019-01-19T15:45:00+09:00,J4,919,952,1871
2019-01-19T15:45:00+09:00,J5,698,666,1364
2019-01-19T16:00:00+09:00,J1,1199,1411,2610
2019-01-19T16:00:00+09:00,J2,833,894,1727
2019-01-19T16:00:00+09:00,J3,1429,1244,2673
2019-01-19T16:00:00+09:00,J4,843,938,1781
2019-01-19T16:00:00+09:00,J5,638,653,1291
2019-01-19T16:15:00+09:00,J1,1209,1451,2660
2019-01-19T16:15:00+09:00,J2,961,828,1789
2019-01-19T16:15:00+09:00,J3,1415,1232,2647
2019-01-19T16:15:00+09:00,J4,835,978,1813
2019-01-19T16:15:00+09:00,J5,661,684,1345
2019-01-19T16:30:00+09:00,J1,1197,1391,2588
2019-01-19T16:30:00+09:00,J2,855,881,1736
2019-01-19T16:30:00+09:00,J3,1381,1237,2618
2019-01-19T16:30:00+09:00,J4,847,967,1814
2019-01-19T16:30:00+09:00,J5,703,671,1374
2019-01-19T16:45:00+09:00,J1,1187,1417,2604
2019-01-19T16:45:00+09:00,J2,973,821,1794
2019-01-19T16:45:00+09:00,J3,1551,1154,2705
2019-01-19T16:45:00+09:00,J4,859,825,1684
2019-01-19T16:45:00+09:00,J5,674,627,1301
2019-01-19T17:00:00+09:00,J1,1228,1419,2647
2019-01-19T17:00:00+09:00,J2,896,748,1644
2019-01-19T17:00:00+09:00,J3,1457,1190,2647
2019-01-19T17:00:00+09:00,J4,931,940,1871
2019-01-19T17:00:00+09:00,J5,669,712,1381
2019-01-19T17:15:00+09:00,J1,1255,1429,2684
2019-01-19T17:15:00+09:00,J2,882,803,1685
2019-01-19T17:15:00+09:00,J3,1560,1203,2763
2019-01-19T17:15:00+09:00,J4,1089,997,2086
2019-01-19T17:15:00+09:00,J5,664,720,1384
2019-01-19T17:30:00+09:00,J1,1278,1500,2778
2019-01-19T17:30:00+09:00,J2,1006,741,1747
2019-01-19T17:30:00+09:00,J3,1654,1276,2930
2019-01-19T17:30:00+09:00,J4,1126,930,2056
2019-01-19T17:30:00+09:00,J5,707,750,1457
2019-01-19T17:45:00+09:00,J1,1208,1427,2635
2019-01-19T17:45:00+09:00,J2,857,753,1610
2019-01-19T17:45:00+09:00,J3,1587,1234,2821
2019-01-19T17:45:00+09:00,J4,1078,969,2047
2019-01-19T17:45:00+09:00,J5,649,667,1316
2019-01-19T18:00:00+09:00,J1,1287,1527,2814
2019-01-19T18:00:00+09:00,J2,859,738,1597
2019-01-19T18:00:00+09:00,J3,1478,1209,2687
2019-01-19T18:00:00+09:00,J4,990,901,1891
2019-01-19T18:00:00+09:00,J5,631,674,1305
2019-01-19T18:15:00+09:00,J1,1307,1484,2791
2019-01-19T18:15:00+09:00,J2,807,738,1545
2019-01-19T18:15:00+09:00,J3,1511,1098,2609
2019-01-19T18:15:00+09:00,J4,841,730,1571
2019-01-19T18:15:00+09:00,J5,705,760,1465
2019-01-19T18:30:00+09:00,J1,1253,1382,2635
2019-01-19T18:30:00+09:00,J2,917,749,1666
2019-01-19T18:30:00+09:00,J3,1296,1163,2459
2019-01-19T18:30:00+09:00,J4,983,911,1894
2019-01-19T18:30:00+09:00,J5,540,554,1094
2019-01-19T18:45:00+09:00,J1,1218,1310,2528
2019-01-19T18:45:00+09:00,J2,893,775,1668
2019-01-19T18:45:00+09:00,J3,1239,1112,2351
2019-01-19T18:45:00+09:00,J4,826,866,1692
2019-01-19T18:45:00+09:00,J5,489,483,972
2019-01-19T19:00:00+09:00,J1,1148,1340,2488
2019-01-19T19:00:00+09:00,J2,828,831,1659
2019-01-19T19:00:00+09:00,J3,1216,1037,2253
2019-01-19T19:00:00+09:00,J4,877,882,1759
2019-01-19T19:00:00+09:00,J5,442,478,920
2019-01-19T19:15:00+09:00,J1,1156,1326,2482
2019-01-19T19:15:00+09:00,J2,832,775,1607
2019-01-19T19:15:00+09:00,J3,1163,970,2133
2019-01-19T19:15:00+09:00,J4,823,907,1730
2019-01-19T19:15:00+09:00,J5,453,516,969
2019-01-19T19:30:00+09:00,J1,1179,1321,2500
2019-01-19T19:30:00+09:00,J2,894,662,1556
2019-01-19T19:30:00+09:00,J3,1162,1061,2223
2019-01-19T19:30:00+09:00,J4,763,877,1640
2019-01-19T19:30:00+09:00,J5,367,421,788
2019-01-19T19:45:00+09:00,J1,1177,1312,2489
2019-01-19T19:45:00+09:00,J2,670,616,1286
2019-01-19T19:45:00+09:00,J3,1126,1108,2234
2019-01-19T19:45:00+09:00,J4,905,898,1803
2019-01-19T19:45:00+09:00,J5,412,433,845
2019-01-19T20:00:00+09:00,J1,1192,1246,2438
2019-01-19T20:00:00+09:00,J2,751,800,1551
2019-01-19T20:00:00+09:00,J3,1075,1024,2099
2019-01-19T20:00:00+09:00,J4,957,844,1801
2019-01-19T20:00:00+09:00,J5,366,418,784
2019-01-19T20:15:00+09:00,J1,1210,1295,2505
2019-01-19T20:15:00+09:00,J2,690,601,1291
2019-01-19T20:15:00+09:00,J3,1077,1086,2163
2019-01-19T20:15:00+09:00,J4,1012,903,1915
2019-01-19T20:15:00+09:00,J5,435,473,908
2019-01-19T20:30:00+09:00,J1,1091,1313,2404
2019-01-19T20:30:00+09:00,J2,722,582,1304
2019-01-19T20:30:00+09:00,J3,1144,1083,2227
2019-01-19T20:30:00+09:00,J4,927,876,1803
2019-01-19T20:30:00+09:00,J5,422,420,842
2019-01-19T20:45:00+09:00,J1,1128,1263,2391
2019-01-19T20:45:00+09:00,J2,758,657,1415
2019-01-19T20:45:00+09:00,J3,1027,1074,2101
2019-01-19T20:45:00+09:00,J4,911,920,1831
2019-01-19T20:45:00+09:00,J5,382,412,794
2019-01-19T21:00:00+09:00,J1,1120,1286,2406
2019-01-19T21:00:00+09:00,J2,668,733,1401
2019-01-19T21:00:00+09:00,J3,1105,822,1927
2019-01-19T21:00:00+09:00,J4,1014,917,1931
2019-01-19T21:00:00+09:00,J5,426,399,825
2019-01-19T21:15:00+09:00,J1,1119,1291,2410
2019-01-19T21:15:00+09:00,J2,650,690,1340
2019-01-19T21:15:00+09:00,J3,1094,873,1967
2019-01-19T21:15:00+09:00,J4,925,983,1908
2019-01-19T21:15:00+09:00,J5,485,401,886
2019-01-19T21:30:00+09:00,J1,1139,1210,2349
2019-01-19T21:30:00+09:00,J2,621,684,1305
2019-01-19T21:30:00+09:00,J3,920,832,1752
2019-01-19T21:30:00+09:00,J4,859,913,1772
2019-01-19T21:30:00+09:00,J5,373,364,737
2019-01-19T21:45:00+09:00,J1,1094,1205,2299
2019-01-19T21:45:00+09:00,J2,718,698,1416
2019-01-19T21:45:00+09:00,J3,906,893,1799
2019-01-19T21:45:00+09:00,J4,865,828,1693
2019-01-19T21:45:00+09:00,J5,378,317,695
2019-01-19T22:00:00+09:00,J1,1041,1247,2288
2019-01-19T22:00:00+09:00,J2,717,719,1436
2019-01-19T22:00:00+09:00,J3,902,882,1784
2019-01-19T22:00:00+09:00,J4,834,848,1682
2019-01-19T22:00:00+09:00,J5,412,365,777
2019-01-19T22:15:00+09:00,J1,1086,1285,2371
2019-01-19T22:15:00+09:00,J2,796,765,1561
2019-01-19T22:15:00+09:00,J3,904,959,1863
2019-01-19T22:15:00+09:00,J4,830,901,1731
2019-01-19T22:15:00+09:00,J5,367,365,732
2019-01-19T22:30:00+09:00,J1,1097,1251,2348
2019-01-19T22:30:00+09:00,J2,723,765,1488
2019-01-19T22:30:00+09:00,J3,945,894,1839
2019-01-19T22:30:00+09:00,J4,748,865,1613
2019-01-19T22:30:00+09:00,J5,385,408,793
2019-01-19T22:45:00+09:00,J1,1030,1224,2254
2019-01-19T22:45:00+09:00,J2,736,826,1562
2019-01-19T22:45:00+09:00,J3,950,874,1824
2019-01-19T22:45:00+09:00,J4,783,881,1664
2019-01-19T22:45:00+09:00,J5,379,444,823
2019-01-19T23:00:00+09:00,J1,1081,1195,2276
2019-01-19T23:00:00+09:00,J2,714,723,1437
2019-01-19T23:00:00+09:00,J3,964,1009,1973
2019-01-19T23:00:00+09:00,J4,812,863,1675
2019-01-19T23:00:00+09:00,J5,432,454,886
2019-01-19T23:15:00+09:00,J1,1025,1198,2223
2019-01-19T23:15:00+09:00,J2,762,769,1531
2019-01-19T23:15:00+09:00,J3,999,977,1976
2019-01-19T23:15:00+09:00,J4,807,871,1678
2019-01-19T23:15:00+09:00,J5,418,451,869
2019-01-19T23:30:00+09:00,J1,994,1175,2169
2019-01-19T23:30:00+09:00,J2,857,772,1629
2019-01-19T23:30:00+09:00,J3,890,954,1844
2019-01-19T23:30:00+09:00,J4,767,875,1642
2019-01-19T23:30:00+09:00,J5,383,432,815
2019-01-19T23:45:00+09:00,J1,996,1161,2157
2019-01-19T23:45:00+09:00,J2,842,775,1617
2019-01-19T23:45:00+09:00,J3,864,832,1696
2019-01-19T23:45:00+09:00,J4,760,780,1540
2019-01-19T23:45:00+09:00,J5,414,439,853
2019-01-20T00:00:00+09:00,J1,888,1001,1889
2019-01-20T00:00:00+09:00,J2,632,650,1282
2019-01-20T00:00:00+09:00,J3,999,886,1885
2019-01-20T00:00:00+09:00,J4,788,722,1510
2019-01-20T00:00:00+09:00,J5,466,503,969
2019-01-20T00:15:00+09:00,J1,727,757,1484
2019-01-20T00:15:00+09:00,J2,528,581,1109
2019-01-20T00:15:00+09:00,J3,970,741,1711
2019-01-20T00:15:00+09:00,J4,770,845,1615
2019-01-20T00:15:00+09:00,J5,462,432,894
2019-01-20T00:30:00+09:00,J1,560,536,1096
2019-01-20T00:30:00+09:00,J2,576,603,1179
2019-01-20T00:30:00+09:00,J3,880,683,1563
2019-01-20T00:30:00+09:00,J4,666,788,1454
2019-01-20T00:30:00+09:00,J5,418,447,865
2019-01-20T00:45:00+09:00,J1,607,510,1117
2019-01-20T00:45:00+09:00,J2,601,614,1215
2019-01-20T00:45:00+09:00,J3,907,692,1599
2019-01-20T00:45:00+09:00,J4,660,755,1415
2019-01-20T00:45:00+09:00,J5,450,475,925
2019-01-20T05:45:00+09:00,J1,957,977,1934
2019-01-20T05:45:00+09:00,J2,611,541,1152
2019-01-20T05:45:00+09:00,J3,682,599,1281
2019-01-20T05:45:00+09:00,J4,611,687,1298
2019-01-20T05:45:00+09:00,J5,407,474,881
2019-01-20T06:00:00+09:00,J1,908,956,1864
2019-01-20T06:00:00+09:00,J2,576,687,1263
2019-01-20T06:00:00+09:00,J3,837,623,1460
2019-01-20T06:00:00+09:00,J4,646,704,1350
2019-01-20T06:00:00+09:00,J5,447,508,955
2019-01-20T06:15:00+09:00,J1,940,969,1909
2019-01-20T06:15:00+09:00,J2,569,734,1303
2019-01-20T06:15:00+09:00,J3,971,752,1723
2019-01-20T06:15:00+09:00,J4,755,743,1498
2019-01-20T06:15:00+09:00,J5,497,500,997
2019-01-20T06:30:00+09:00,J1,983,939,1922
2019-01-20T06:30:00+09:00,J2,589,735,1324
2019-01-20T06:30:00+09:00,J3,822,655,1477
2019-01-20T06:30:00+09:00,J4,743,766,1509
2019-01-20T06:30:00+09:00,J5,517,488,1005
2019-01-20T06:45:00+09:00,J1,948,927,1875
2019-01-20T06:45:00+09:00,J2,516,650,1166
2019-01-20T06:45:00+09:00,J3,777,676,1453
2019-01-20T06:45:00+09:00,J4,743,793,1536
2019-01-20T06:45:00+09:00,J5,488,500,988
2019-01-20T07:00:00+09:00,J1,1018,1033,2051
2019-01-20T07:00:00+09:00,J2,589,606,1195
2019-01-20T07:00:00+09:00,J3,788,634,1422
2019-01-20T07:00:00+09:00,J4,780,833,1613
2019-01-20T07:00:00+09:00,J5,516,528,1044
2019-01-20T07:15:00+09:00,J1,1047,1125,2172
2019-01-20T07:15:00+09:00,J2,576,620,1196
2019-01-20T07:15:00+09:00,J3,836,752,1588
2019-01-20T07:15:00+09:00,J4,905,932,1837
2019-01-20T07:15:00+09:00,J5,506,515,1021
2019-01-20T07:30:00+09:00,J1,1068,1119,2187
2019-01-20T07:30:00+09:00,J2,630,680,1310
2019-01-20T07:30:00+09:00,J3,890,678,1568
2019-01-20T07:30:00+09:00,J4,905,926,1831
2019-01-20T07:30:00+09:00,J5,606,582,1188
2019-01-20T07:45:00+09:00,J1,1149,1127,2276
2019-01-20T07:45:00+09:00,J2,657,627,1284
2019-01-20T07:45:00+09:00,J3,819,644,1463
2019-01-20T07:45:00+09:00,J4,941,999,1940
2019-01-20T07:45:00+09:00,J5,625,582,1207
2019-01-20T08:00:00+09:00,J1,1218,1348,2566
2019-01-20T08:00:00+09:00,J2,825,834,1659
2019-01-20T08:00:00+09:00,J3,1124,989,2113
2019-01-20T08:00:00+09:00,J4,807,966,1773
2019-01-20T08:00:00+09:00,J5,545,465,1010
2019-01-20T08:15:00+09:00,J1,1263,1415,2678
2019-01-20T08:15:00+09:00,J2,959,764,1723
2019-01-20T08:15:00+09:00,J3,1115,1020,2135
2019-01-20T08:15:00+09:00,J4,963,1102,2065
2019-01-20T08:15:00+09:00,J5,726,723,1449
2019-01-20T08:30:00+09:00,J1,1235,1337,2572
2019-01-20T08:30:00+09:00,J2,793,753,1546
2019-01-20T08:30:00+09:00,J3,1191,1183,2374
2019-01-20T08:30:00+09:00,J4,975,1061,2036
2019-01-20T08:30:00+09:00,J5,671,702,1373
2019-01-20T08:45:00+09:00,J1,1228,1354,2582
2019-01-20T08:45:00+09:00,J2,674,739,1413
2019-01-20T08:45:00+09:00,J3,1193,1143,2336
2019-01-20T08:45:00+09:00,J4,946,1028,1974
2019-01-20T08:45:00+09:00,J5,611,568,1179
2019-01-20T09:00:00+09:00,J1,1378,1258,2636
2019-01-20T09:00:00+09:00,J2,987,950,1937
2019-01-20T09:00:00+09:00,J3,837,821,1658
2019-01-20T09:00:00+09:00,J4,951,973,1924
2019-01-20T09:00:00+09:00,J5,533,523,1056
2019-01-20T09:15:00+09:00,J1,1281,1335,2616
2019-01-20T09:15:00+09:00,J2,1015,958,1973
2019-01-20T09:15:00+09:00,J3,905,912,1817
2019-01-20T09:15:00+09:00,J4,901,981,1882
2019-01-20T09:15:00+09:00,J5,410,474,884
2019-01-20T09:30:00+09:00,J1,1250,1336,2586
2019-01-20T09:30:00+09:00,J2,1017,914,1931
2019-01-20T09:30:00+09:00,J3,936,940,1876
2019-01-20T09:30:00+09:00,J4,904,919,1823
2019-01-20T09:30:00+09:00,J5,395,401,796
2019-01-20T09:45:00+09:00,J1,1209,1345,2554
2019-01-20T09:45:00+09:00,J2,782,825,1607
2019-01-20T09:45:00+09:00,J3,851,969,1820
2019-01-20T09:45:00+09:00,J4,933,941,1874
2019-01-20T09:45:00+09:00,J5,399,398,797
2019-01-20T10:00:00+09:00,J1,1187,1351,2538
2019-01-20T10:00:00+09:00,J2,758,831,1589
2019-01-20T10:00:00+09:00,J3,865,945,1810
2019-01-20T10:00:00+09:00,J4,920,984,1904
2019-01-20T10:00:00+09:00,J5,405,386,791
2019-01-20T10:15:00+09:00,J1,1207,1341,2548
2019-01-20T10:15:00+09:00,J2,756,838,1594
2019-01-20T10:15:00+09:00,J3,921,902,1823
2019-01-20T10:15:00+09:00,J4,915,969,1884
2019-01-20T10:15:00+09:00,J5,430,392,822
2019-01-20T10:30:00+09:00,J1,1151,1271,2422
2019-01-20T10:30:00+09:00,J2,716,777,1493
2019-01-20T10:30:00+09:00,J3,942,965,1907
2019-01-20T10:30:00+09:00,J4,882,1026,1908
2019-01-20T10:30:00+09:00,J5,414,464,878
2019-01-20T10:45:00+09:00,J1,1114,1248,2362
2019-01-20T10:45:00+09:00,J2,763,834,1597
2019-01-20T10:45:00+09:00,J3,951,1000,1951
2019-01-20T10:45:00+09:00,J4,935,931,1866
2019-01-20T10:45:00+09:00,J5,413,462,875
2019-01-20T11:00:00+09:00,J1,1258,1351,2609
2019-01-20T11:00:00+09:00,J2,783,842,1625
2019-01-20T11:00:00+09:00,J3,1061,1006,2067
2019-01-20T11:00:00+09:00,J4,887,977,1864
2019-01-20T11:00:00+09:00,J5,613,656,1269
2019-01-20T11:15:00+09:00,J1,1234,1383,2617
2019-01-20T11:15:00+09:00,J2,728,829,1557
2019-01-20T11:15:00+09:00,J3,1187,979,2166
2019-01-20T11:15:00+09:00,J4,995,959,1954
2019-01-20T11:15:00+09:00,J5,627,628,1255
2019-01-20T11:30:00+09:00,J1,1273,1488,2761
2019-01-20T11:30:00+09:00,J2,756,814,1570
2019-01-20T11:30:00+09:00,J3,1316,1153,2469
2019-01-20T11:30:00+09:00,J4,1011,1038,2049
2019-01-20T11:30:00+09:00,J5,664,727,1391
2019-01-20T11:45:00+09:00,J1,1246,1424,2670
2019-01-20T11:45:00+09:00,J2,774,796,1570
2019-01-20T11:45:00+09:00,J3,1326,1176,2502
2019-01-20T11:45:00+09:00,J4,958,955,1913
2019-01-20T11:45:00+09:00,J5,553,579,1132
2019-01-20T12:00:00+09:00,J1,1221,1461,2682
2019-01-20T12:00:00+09:00,J2,839,802,1641
2019-01-20T12:00:00+09:00,J3,1243,1150,2393
2019-01-20T12:00:00+09:00,J4,960,939,1899
2019-01-20T12:00:00+09:00,J5,596,668,1264
2019-01-20T12:15:00+09:00,J1,1260,1527,2787
2019-01-20T12:15:00+09:00,J2,797,859,1656
2019-01-20T12:15:00+09:00,J3,1150,1074,2224
2019-01-20T12:15:00+09:00,J4,845,955,1800
2019-01-20T12:15:00+09:00,J5,704,629,1333
2019-01-20T12:30:00+09:00,J1,1138,1391,2529
2019-01-20T12:30:00+09:00,J2,724,776,1500
2019-01-20T12:30:00+09:00,J3,948,839,1787
2019-01-20T12:30:00+09:00,J4,903,945,1848
2019-01-20T12:30:00+09:00,J5,620,625,1245
2019-01-20T12:45:00+09:00,J1,1114,1429,2543
2019-01-20T12:45:00+09:00,J2,779,824,1603
2019-01-20T12:45:00+09:00,J3,855,918,1773
2019-01-20T12:45:00+09:00,J4,941,892,1833
2019-01-20T12:45:00+09:00,J5,570,556,1126
2019-01-20T13:00:00+09:00,J1,1120,1401,2521
2019-01-20T13:00:00+09:00,J2,745,837,1582
2019-01-20T13:00:00+09:00,J3,957,983,1940
2019-01-20T13:00:00+09:00,J4,917,912,1829
2019-01-20T13:00:00+09:00,J5,698,641,1339
2019-01-20T13:15:00+09:00,J1,1176,1391,2567
2019-01-20T13:15:00+09:00,J2,791,843,1634
2019-01-20T13:15:00+09:00,J3,1068,1079,2147
2019-01-20T13:15:00+09:00,J4,939,959,1898
2019-01-20T13:15:00+09:00,J5,609,710,1319
2019-01-20T13:30:00+09:00,J1,1089,1408,2497
2019-01-20T13:30:00+09:00,J2,793,906,1699
2019-01-20T13:30:00+09:00,J3,1191,1142,2333
2019-01-20T13:30:00+09:00,J4,923,850,1773
2019-01-20T13:30:00+09:00,J5,606,584,1190
2019-01-20T13:45:00+09:00,J1,1108,1354,2462
2019-01-20T13:45:00+09:00,J2,768,790,1558
2019-01-20T13:45:00+09:00,J3,1031,1055,2086
2019-01-20T13:45:00+09:00,J4,935,951,1886
2019-01-20T13:45:00+09:00,J5,633,600,1233
2019-01-20T14:00:00+09:00,J1,1045,1299,2344
2019-01-20T14:00:00+09:00,J2,740,835,1575
2019-01-20T14:00:00+09:00,J3,1003,943,1946
2019-01-20T14:00:00+09:00,J4,848,990,1838
2019-01-20T14:00:00+09:00,J5,579,601,1180
2019-01-20T14:15:00+09:00,J1,1053,1289,2342
2019-01-20T14:15:00+09:00,J2,776,910,1686
2019-01-20T14:15:00+09:00,J3,1056,997,2053
2019-01-20T14:15:00+09:00,J4,895,867,1762
2019-01-20T14:15:00+09:00,J5,650,608,1258
2019-01-20T14:30:00+09:00,J1,1127,1240,2367
2019-01-20T14:30:00+09:00,J2,789,875,1664
2019-01-20T14:30:00+09:00,J3,1062,1063,2125
2019-01-20T14:30:00+09:00,J4,853,962,1815
2019-01-20T14:30:00+09:00,J5,683,657,1340
2019-01-20T14:45:00+09:00,J1,1044,1377,2421
2019-01-20T14:45:00+09:00,J2,788,873,1661
2019-01-20T14:45:00+09:00,J3,1036,1045,2081
2019-01-20T14:45:00+09:00,J4,861,979,1840
2019-01-20T14:45:00+09:00,J5,626,603,1229
2019-01-20T15:00:00+09:00,J1,1060,1317,2377
2019-01-20T15:00:00+09:00,J2,807,827,1634
2019-01-20T15:00:00+09:00,J3,1084,1037,2121
2019-01-20T15:00:00+09:00,J4,904,956,1860
2019-01-20T15:00:00+09:00,J5,623,674,1297
2019-01-20T15:15:00+09:00,J1,1040,1358,2398
2019-01-20T15:15:00+09:00,J2,738,859,1597
2019-01-20T15:15:00+09:00,J3,1069,1029,2098
2019-01-20T15:15:00+09:00,J4,917,891,1808
2019-01-20T15:15:00+09:00,J5,652,667,1319
2019-01-20T15:30:00+09:00,J1,1162,1397,2559
2019-01-20T15:30:00+09:00,J2,853,876,1729
2019-01-20T15:30:00+09:00,J3,1112,978,2090
2019-01-20T15:30:00+09:00,J4,892,960,1852
2019-01-20T15:30:00+09:00,J5,658,741,1399
2019-01-20T15:45:00+09:00,J1,1105,1441,2546
2019-01-20T15:45:00+09:00,J2,857,926,1783
2019-01-20T15:45:00+09:00,J3,1169,1128,2297
2019-01-20T15:45:00+09:00,J4,891,971,1862
2019-01-20T15:45:00+09:00,J5,682,685,1367
2019-01-20T16:00:00+09:00,J1,1107,1347,2454
2019-01-20T16:00:00+09:00,J2,715,885,1600
2019-01-20T16:00:00+09:00,J3,1219,1226,2445
2019-01-20T16:00:00+09:00,J4,884,945,1829
2019-01-20T16:00:00+09:00,J5,711,668,1379
2019-01-20T16:15:00+09:00,J1,1092,1342,2434
2019-01-20T16:15:00+09:00,J2,830,959,1789
2019-01-20T16:15:00+09:00,J3,1318,1206,2524
2019-01-20T16:15:00+09:00,J4,877,941,1818
2019-01-20T16:15:00+09:00,J5,689,704,1393
2019-01-20T16:30:00+09:00,J1,1057,1388,2445
2019-01-20T16:30:00+09:00,J2,933,856,1789
2019-01-20T16:30:00+09:00,J3,1373,1191,2564
2019-01-20T16:30:00+09:00,J4,868,883,1751
2019-01-20T16:30:00+09:00,J5,681,680,1361
2019-01-20T16:45:00+09:00,J1,1000,1251,2251
2019-01-20T16:45:00+09:00,J2,914,802,1716
2019-01-20T16:45:00+09:00,J3,1499,1125,2624
2019-01-20T16:45:00+09:00,J4,773,895,1668
2019-01-20T16:45:00+09:00,J5,683,606,1289
2019-01-20T17:00:00+09:00,J1,1056,1325,2381
2019-01-20T17:00:00+09:00,J2,891,833,1724
2019-01-20T17:00:00+09:00,J3,1500,1253,2753
2019-01-20T17:00:00+09:00,J4,826,872,1698
2019-01-20T17:00:00+09:00,J5,685,699,1384
2019-01-20T17:15:00+09:00,J1,1141,1307,2448
2019-01-20T17:15:00+09:00,J2,863,871,1734
2019-01-20T17:15:00+09:00,J3,1568,1302,2870
2019-01-20T17:15:00+09:00,J4,906,902,1808
2019-01-20T17:15:00+09:00,J5,660,740,1400
2019-01-20T17:30:00+09:00,J1,1138,1337,2475
2019-01-20T17:30:00+09:00,J2,857,797,1654
2019-01-20T17:30:00+09:00,J3,1601,1338,2939
2019-01-20T17:30:00+09:00,J4,889,957,1846
2019-01-20T17:30:00+09:00,J5,705,664,1369
2019-01-20T17:45:00+09:00,J1,1098,1363,2461
2019-01-20T17:45:00+09:00,J2,867,795,1662
2019-01-20T17:45:00+09:00,J3,1332,1241,2573
2019-01-20T17:45:00+09:00,J4,857,930,1787
2019-01-20T17:45:00+09:00,J5,638,704,1342
2019-01-20T18:00:00+09:00,J1,1202,1284,2486
2019-01-20T18:00:00+09:00,J2,775,803,1578
2019-01-20T18:00:00+09:00,J3,1289,1157,2446
2019-01-20T18:00:00+09:00,J4,852,843,1695
2019-01-20T18:00:00+09:00,J5,590,691,1281
2019-01-20T18:15:00+09:00,J1,1187,1327,2514
2019-01-20T18:15:00+09:00,J2,820,871,1691
2019-01-20T18:15:00+09:00,J3,1374,1127,2501
2019-01-20T18:15:00+09:00,J4,830,780,1610
2019-01-20T18:15:00+09:00,J5,710,713,1423
2019-01-20T18:30:00+09:00,J1,1106,1354,2460
2019-01-20T18:30:00+09:00,J2,839,826,1665
2019-01-20T18:30:00+09:00,J3,1292,1133,2425
2019-01-20T18:30:00+09:00,J4,796,834,1630
2019-01-20T18:30:00+09:00,J5,542,562,1104
2019-01-20T18:45:00+09:00,J1,1223,1338,2561
2019-01-20T18:45:00+09:00,J2,794,736,1530
2019-01-20T18:45:00+09:00,J3,1217,1101,2318
2019-01-20T18:45:00+09:00,J4,942,920,1862
2019-01-20T18:45:00+09:00,J5,422,445,867
2019-01-20T19:00:00+09:00,J1,1165,1279,2444
2019-01-20T19:00:00+09:00,J2,754,720,1474
2019-01-20T19:00:00+09:00,J3,1320,1149,2469
2019-01-20T19:00:00+09:00,J4,1054,872,1926
2019-01-20T19:00:00+09:00,J5,352,421,773
2019-01-20T19:15:00+09:00,J1,1139,1328,2467
2019-01-20T19:15:00+09:00,J2,751,800,1551
2019-01-20T19:15:00+09:00,J3,1279,1184,2463
2019-01-20T19:15:00+09:00,J4,991,854,1845
2019-01-20T19:15:00+09:00,J5,366,458,824
2019-01-20T19:30:00+09:00,J1,1212,1338,2550
2019-01-20T19:30:00+09:00,J2,746,718,1464
2019-01-20T19:30:00+09:00,J3,1156,1138,2294
2019-01-20T19:30:00+09:00,J4,1004,907,1911
2019-01-20T19:30:00+09:00,J5,370,415,785
2019-01-20T19:45:00+09:00,J1,1220,1268,2488
2019-01-20T19:45:00+09:00,J2,794,647,1441
2019-01-20T19:45:00+09:00,J3,1039,981,2020
2019-01-20T19:45:00+09:00,J4,981,988,1969
2019-01-20T19:45:00+09:00,J5,344,371,715
2019-01-20T20:00:00+09:00,J1,1138,1326,2464
2019-01-20T20:00:00+09:00,J2,794,667,1461
2019-01-20T20:00:00+09:00,J3,976,966,1942
2019-01-20T20:00:00+09:00,J4,910,884,1794
2019-01-20T20:00:00+09:00,J5,416,429,845
2019-01-20T20:15:00+09:00,J1,1156,1317,2473
2019-01-20T20:15:00+09:00,J2,813,706,1519
2019-01-20T20:15:00+09:00,J3,1060,1002,2062
2019-01-20T20:15:00+09:00,J4,892,881,1773
2019-01-20T20:15:00+09:00,J5,384,439,823
2019-01-20T20:30:00+09:00,J1,1211,1317,2528
2019-01-20T20:30:00+09:00,J2,790,700,1490
2019-01-20T20:30:00+09:00,J3,1041,932,1973
2019-01-20T20:30:00+09:00,J4,901,811,1712
2019-01-20T20:30:00+09:00,J5,360,377,737
2019-01-20T20:45:00+09:00,J1,1184,1307,2491
2019-01-20T20:45:00+09:00,J2,703,682,1385
2019-01-20T20:45:00+09:00,J3,1247,1132,2379
2019-01-20T20:45:00+09:00,J4,891,889,1780
2019-01-20T20:45:00+09:00,J5,376,339,715
2019-01-20T21:00:00+09:00,J1,1079,1254,2333
2019-01-20T21:00:00+09:00,J2,772,753,1525
2019-01-20T21:00:00+09:00,J3,1056,844,1900
2019-01-20T21:00:00+09:00,J4,854,921,1775
2019-01-20T21:00:00+09:00,J5,373,353,726
2019-01-20T21:15:00+09:00,J1,1070,1231,2301
2019-01-20T21:15:00+09:00,J2,710,782,1492
2019-01-20T21:15:00+09:00,J3,1076,953,2029
2019-01-20T21:15:00+09:00,J4,865,888,1753
2019-01-20T21:15:00+09:00,J5,452,362,814
2019-01-20T21:30:00+09:00,J1,1126,1199,2325
2019-01-20T21:30:00+09:00,J2,861,825,1686
2019-01-20T21:30:00+09:00,J3,981,886,1867
2019-01-20T21:30:00+09:00,J4,825,845,1670
2019-01-20T21:30:00+09:00,J5,398,366,764
2019-01-20T21:45:00+09:00,J1,974,1205,2179
2019-01-20T21:45:00+09:00,J2,887,817,1704
2019-01-20T21:45:00+09:00,J3,963,876,1839
2019-01-20T21:45:00+09:00,J4,834,868,1702
2019-01-20T21:45:00+09:00,J5,447,474,921
2019-01-20T22:00:00+09:00,J1,1066,1235,2301
2019-01-20T22:00:00+09:00,J2,696,760,1456
2019-01-20T22:00:00+09:00,J3,1056,959,2015
2019-01-20T22:00:00+09:00,J4,801,917,1718
2019-01-20T22:00:00+09:00,J5,477,435,912
2019-01-20T22:15:00+09:00,J1,1053,1129,2182
2019-01-20T22:15:00+09:00,J2,611,649,1260
2019-01-20T22:15:00+09:00,J3,950,996,1946
2019-01-20T22:15:00+09:00,J4,789,897,1686
2019-01-20T22:15:00+09:00,J5,498,479,977
2019-01-20T22:30:00+09:00,J1,1064,1173,2237
2019-01-20T22:30:00+09:00,J2,660,700,1360
2019-01-20T22:30:00+09:00,J3,1142,1023,2165
2019-01-20T22:30:00+09:00,J4,784,871,1655
2019-01-20T22:30:00+09:00,J5,518,513,1031
2019-01-20T22:45:00+09:00,J1,1117,1288,2405
2019-01-20T22:45:00+09:00,J2,570,639,1209
2019-01-20T22:45:00+09:00,J3,1042,907,1949
2019-01-20T22:45:00+09:00,J4,799,893,1692
2019-01-20T22:45:00+09:00,J5,549,486,1035
2019-01-20T23:00:00+09:00,J1,1107,1225,2332
2019-01-20T23:00:00+09:00,J2,564,612,1176
2019-01-20T23:00:00+09:00,J3,1059,883,1942
2019-01-20T23:00:00+09:00,J4,777,905,1682
2019-01-20T23:00:00+09:00,J5,574,508,1082
2019-01-20T23:15:00+09:00,J1,996,1132,2128
2019-01-20T23:15:00+09:00,J2,520,585,1105
2019-01-20T23:15:00+09:00,J3,1017,880,1897
2019-01-20T23:15:00+09:00,J4,790,865,1655
2019-01-20T23:15:00+09:00,J5,590,491,1081
2019-01-20T23:30:00+09:00,J1,968,1058,2026
2019-01-20T23:30:00+09:00,J2,515,599,1114
2019-01-20T23:30:00+09:00,J3,1035,863,1898
2019-01-20T23:30:00+09:00,J4,707,867,1574
2019-01-20T23:30:00+09:00,J5,565,517,1082
2019-01-20T23:45:00+09:00,J1,989,1102,2091
2019-01-20T23:45:00+09:00,J2,605,631,1236
2019-01-20T23:45:00+09:00,J3,952,807,1759
2019-01-20T23:45:00+09:00,J4,693,824,1517
2019-01-20T23:45:00+09:00,J5,569,565,1134
2019-01-21T00:00:00+09:00,J1,891,936,1827
2019-01-21T00:00:00+09:00,J2,558,552,1110
2019-01-21T00:00:00+09:00,J3,904,751,1655
2019-01-21T00:00:00+09:00,J4,771,758,1529
2019-01-21T00:00:00+09:00,J5,575,535,1110
2019-01-21T00:15:00+09:00,J1,775,773,1548
2019-01-21T00:15:00+09:00,J2,521,507,1028
2019-01-21T00:15:00+09:00,J3,850,658,1508
2019-01-21T00:15:00+09:00,J4,694,678,1372
2019-01-21T00:15:00+09:00,J5,536,478,1014
2019-01-21T00:30:00+09:00,J1,736,777,1513
2019-01-21T00:30:00+09:00,J2,498,487,985
2019-01-21T00:30:00+09:00,J3,757,531,1288
2019-01-21T00:30:00+09:00,J4,468,482,950
2019-01-21T00:30:00+09:00,J5,532,533,1065
2019-01-21T00:45:00+09:00,J1,770,746,1516
2019-01-21T00:45:00+09:00,J2,505,573,1078
2019-01-21T00:45:00+09:00,J3,665,519,1184
2019-01-21T00:45:00+09:00,J4,475,512,987
2019-01-21T00:45:00+09:00,J5,587,603,1190
2019-01-21T05:45:00+09:00,J1,845,939,1784
2019-01-21T05:45:00+09:00,J2,530,513,1043
2019-01-21T05:45:00+09:00,J3,541,523,1064
2019-01-21T05:45:00+09:00,J4,619,713,1332
2019-01-21T05:45:00+09:00,J5,526,499,1025
2019-01-21T06:00:00+09:00,J1,857,892,1749
2019-01-21T06:00:00+09:00,J2,531,527,1058
2019-01-21T06:00:00+09:00,J3,651,572,1223
2019-01-21T06:00:00+09:00,J4,749,697,1446
2019-01-21T06:00:00+09:00,J5,542,493,1035
2019-01-21T06:15:00+09:00,J1,900,971,1871
2019-01-21T06:15:00+09:00,J2,608,556,1164
2019-01-21T06:15:00+09:00,J3,785,681,1466
2019-01-21T06:15:00+09:00,J4,740,890,1630
2019-01-21T06:15:00+09:00,J5,490,494,984
2019-01-21T06:30:00+09:00,J1,1031,1042,2073
2019-01-21T06:30:00+09:00,J2,630,596,1226
2019-01-21T06:30:00+09:00,J3,714,640,1354
2019-01-21T06:30:00+09:00,J4,770,836,1606
2019-01-21T06:30:00+09:00,J5,521,546,1067
2019-01-21T06:45:00+09:00,J1,943,995,1938
2019-01-21T06:45:00+09:00,J2,622,552,1174
2019-01-21T06:45:00+09:00,J3,737,711,1448
2019-01-21T06:45:00+09:00,J4,805,934,1739
2019-01-21T06:45:00+09:00,J5,553,553,1106
2019-01-21T07:00:00+09:00,J1,1018,1209,2227
2019-01-21T07:00:00+09:00,J2,714,710,1424
2019-01-21T07:00:00+09:00,J3,741,684,1425
2019-01-21T07:00:00+09:00,J4,817,1023,1840
2019-01-21T07:00:00+09:00,J5,580,626,1206
2019-01-21T07:15:00+09:00,J1,1156,1201,2357
2019-01-21T07:15:00+09:00,J2,824,768,1592
2019-01-21T07:15:00+09:00,J3,900,821,1721
2019-01-21T07:15:00+09:00,J4,886,1037,1923
2019-01-21T07:15:00+09:00,J5,636,643,1279
2019-01-21T07:30:00+09:00,J1,1212,1191,2403
2019-01-21T07:30:00+09:00,J2,796,738,1534
2019-01-21T07:30:00+09:00,J3,1299,1164,2463
2019-01-21T07:30:00+09:00,J4,976,1205,2181
2019-01-21T07:30:00+09:00,J5,650,581,1231
2019-01-21T07:45:00+09:00,J1,1186,1291,2477
2019-01-21T07:45:00+09:00,J2,904,799,1703
2019-01-21T07:45:00+09:00,J3,1346,1325,2671
2019-01-21T07:45:00+09:00,J4,954,1218,2172
2019-01-21T07:45:00+09:00,J5,664,682,1346
2019-01-21T08:00:00+09:00,J1,1302,1367,2669
2019-01-21T08:00:00+09:00,J2,1054,718,1772
2019-01-21T08:00:00+09:00,J3,1471,1340,2811
2019-01-21T08:00:00+09:00,J4,996,1239,2235
2019-01-21T08:00:00+09:00,J5,738,724,1462
2019-01-21T08:15:00+09:00,J1,1405,1375,2780
2019-01-21T08:15:00+09:00,J2,1089,996,2085
2019-01-21T08:15:00+09:00,J3,1534,1461,2995
2019-01-21T08:15:00+09:00,J4,1045,1287,2332
2019-01-21T08:15:00+09:00,J5,785,771,1556
2019-01-21T08:30:00+09:00,J1,1420,1356,2776
2019-01-21T08:30:00+09:00,J2,1222,749,1971
2019-01-21T08:30:00+09:00,J3,1412,1525,2937
2019-01-21T08:30:00+09:00,J4,1043,1255,2298
2019-01-21T08:30:00+09:00,J5,739,769,1508
2019-01-21T08:45:00+09:00,J1,1354,1363,2717
2019-01-21T08:45:00+09:00,J2,1186,717,1903
2019-01-21T08:45:00+09:00,J3,1544,1455,2999
2019-01-21T08:45:00+09:00,J4,863,1039,1902
2019-01-21T08:45:00+09:00,J5,704,749,1453
2019-01-21T09:00:00+09:00,J1,1348,1374,2722
2019-01-21T09:00:00+09:00,J2,988,852,1840
2019-01-21T09:00:00+09:00,J3,1468,1322,2790
2019-01-21T09:00:00+09:00,J4,925,1005,1930
2019-01-21T09:00:00+09:00,J5,722,658,1380
2019-01-21T09:15:00+09:00,J1,1337,1330,2667
2019-01-21T09:15:00+09:00,J2,984,862,1846
2019-01-21T09:15:00+09:00,J3,1199,1231,2430
2019-01-21T09:15:00+09:00,J4,910,998,1908
2019-01-21T09:15:00+09:00,J5,492,514,1006
2019-01-21T09:30:00+09:00,J1,1285,1352,2637
2019-01-21T09:30:00+09:00,J2,867,784,1651
2019-01-21T09:30:00+09:00,J3,1126,1071,2197
2019-01-21T09:30:00+09:00,J4,952,988,1940
2019-01-21T09:30:00+09:00,J5,546,527,1073
2019-01-21T09:45:00+09:00,J1,1277,1353,2630
2019-01-21T09:45:00+09:00,J2,798,802,1600
2019-01-21T09:45:00+09:00,J3,1062,1105,2167
2019-01-21T09:45:00+09:00,J4,887,970,1857
2019-01-21T09:45:00+09:00,J5,617,580,1197
2019-01-21T10:00:00+09:00,J1,1310,1372,2682
2019-01-21T10:00:00+09:00,J2,672,718,1390
2019-01-21T10:00:00+09:00,J3,1005,1028,2033
2019-01-21T10:00:00+09:00,J4,939,951,1890
2019-01-21T10:00:00+09:00,J5,586,580,1166
2019-01-21T10:15:00+09:00,J1,1266,1336,2602
2019-01-21T10:15:00+09:00,J2,686,815,1501
2019-01-21T10:15:00+09:00,J3,966,1016,1982
2019-01-21T10:15:00+09:00,J4,915,1012,1927
2019-01-21T10:15:00+09:00,J5,463,538,1001
2019-01-21T10:30:00+09:00,J1,1262,1353,2615
2019-01-21T10:30:00+09:00,J2,750,792,1542
2019-01-21T10:30:00+09:00,J3,1036,982,2018
2019-01-21T10:30:00+09:00,J4,944,962,1906
2019-01-21T10:30:00+09:00,J5,473,498,971
2019-01-21T10:45:00+09:00,J1,1265,1394,2659
2019-01-21T10:45:00+09:00,J2,741,782,1523
2019-01-21T10:45:00+09:00,J3,1035,1008,2043
2019-01-21T10:45:00+09:00,J4,910,956,1866
2019-01-21T10:45:00+09:00,J5,507,508,1015
2019-01-21T11:00:00+09:00,J1,1226,1306,2532
2019-01-21T11:00:00+09:00,J2,687,694,1381
2019-01-21T11:00:00+09:00,J3,1009,965,1974
2019-01-21T11:00:00+09:00,J4,854,948,1802
2019-01-21T11:00:00+09:00,J5,436,505,941
2019-01-21T11:15:00+09:00,J1,1286,1379,2665
2019-01-21T11:15:00+09:00,J2,742,727,1469
2019-01-21T11:15:00+09:00,J3,1099,1028,2127
2019-01-21T11:15:00+09:00,J4,939,970,1909
2019-01-21T11:15:00+09:00,J5,487,533,1020
2019-01-21T11:30:00+09:00,J1,1235,1394,2629
2019-01-21T11:30:00+09:00,J2,677,641,1318
2019-01-21T11:30:00+09:00,J3,1065,1026,2091
2019-01-21T11:30:00+09:00,J4,925,948,1873
2019-01-21T11:30:00+09:00,J5,670,671,1341
2019-01-21T11:45:00+09:00,J1,1243,1420,2663
2019-01-21T11:45:00+09:00,J2,603,689,1292
2019-01-21T11:45:00+09:00,J3,1276,1013,2289
2019-01-21T11:45:00+09:00,J4,967,969,1936
2019-01-21T11:45:00+09:00,J5,652,647,1299
2019-01-21T12:00:00+09:00,J1,1223,1387,2610
2019-01-21T12:00:00+09:00,J2,714,741,1455
2019-01-21T12:00:00+09:00,J3,1267,1040,2307
2019-01-21T12:00:00+09:00,J4,998,932,1930
2019-01-21T12:00:00+09:00,J5,697,762,1459
2019-01-21T12:15:00+09:00,J1,1112,1399,2511
2019-01-21T12:15:00+09:00,J2,766,750,1516
2019-01-21T12:15:00+09:00,J3,1279,1174,2453
2019-01-21T12:15:00+09:00,J4,985,954,1939
2019-01-21T12:15:00+09:00,J5,747,744,1491
2019-01-21T12:30:00+09:00,J1,1114,1377,2491
2019-01-21T12:30:00+09:00,J2,704,823,1527
2019-01-21T12:30:00+09:00,J3,1257,1113,2370
2019-01-21T12:30:00+09:00,J4,972,993,1965
2019-01-21T12:30:00+09:00,J5,739,688,1427
2019-01-21T12:45:00+09:00,J1,1115,1385,2500
2019-01-21T12:45:00+09:00,J2,678,802,1480
2019-01-21T12:45:00+09:00,J3,1291,1182,2473
2019-01-21T12:45:00+09:00,J4,985,895,1880
2019-01-21T12:45:00+09:00,J5,694,611,1305
2019-01-21T13:00:00+09:00,J1,1125,1433,2558
2019-01-21T13:00:00+09:00,J2,685,791,1476
2019-01-21T13:00:00+09:00,J3,1176,1102,2278
2019-01-21T13:00:00+09:00,J4,937,951,1888
2019-01-21T13:00:00+09:00,J5,662,642,1304
2019-01-21T13:15:00+09:00,J1,1160,1362,2522
2019-01-21T13:15:00+09:00,J2,715,845,1560
2019-01-21T13:15:00+09:00,J3,1308,1160,2468
2019-01-21T13:15:00+09:00,J4,985,973,1958
2019-01-21T13:15:00+09:00,J5,719,702,1421
2019-01-21T13:30:00+09:00,J1,1231,1426,2657
2019-01-21T13:30:00+09:00,J2,796,855,1651
2019-01-21T13:30:00+09:00,J3,1255,1092,2347
2019-01-21T13:30:00+09:00,J4,803,875,1678
2019-01-21T13:30:00+09:00,J5,688,714,1402
2019-01-21T13:45:00+09:00,J1,1155,1418,2573
2019-01-21T13:45:00+09:00,J2,804,770,1574
2019-01-21T13:45:00+09:00,J3,1102,1084,2186
2019-01-21T13:45:00+09:00,J4,788,952,1740
2019-01-21T13:45:00+09:00,J5,690,627,1317
2019-01-21T14:00:00+09:00,J1,1123,1432,2555
2019-01-21T14:00:00+09:00,J2,865,816,1681
2019-01-21T14:00:00+09:00,J3,1190,1025,2215
2019-01-21T14:00:00+09:00,J4,893,940,1833
2019-01-21T14:00:00+09:00,J5,671,667,1338
2019-01-21T14:15:00+09:00,J1,1257,1386,2643
2019-01-21T14:15:00+09:00,J2,852,749,1601
2019-01-21T14:15:00+09:00,J3,1273,1130,2403
2019-01-21T14:15:00+09:00,J4,931,875,1806
2019-01-21T14:15:00+09:00,J5,708,755,1463
2019-01-21T14:30:00+09:00,J1,1240,1448,2688
2019-01-21T14:30:00+09:00,J2,870,742,1612
2019-01-21T14:30:00+09:00,J3,1361,1098,2459
2019-01-21T14:30:00+09:00,J4,937,919,1856
2019-01-21T14:30:00+09:00,J5,707,743,1450
2019-01-21T14:45:00+09:00,J1,1275,1363,2638
2019-01-21T14:45:00+09:00,J2,853,767,1620
2019-01-21T14:45:00+09:00,J3,1467,1121,2588
2019-01-21T14:45:00+09:00,J4,936,910,1846
2019-01-21T14:45:00+09:00,J5,689,747,1436
2019-01-21T15:00:00+09:00,J1,1247,1456,2703
2019-01-21T15:00:00+09:00,J2,766,670,1436
2019-01-21T15:00:00+09:00,J3,1484,1165,2649
2019-01-21T15:00:00+09:00,J4,859,913,1772
2019-01-21T15:00:00+09:00,J5,628,680,1308
2019-01-21T15:15:00+09:00,J1,1269,1430,2699
2019-01-21T15:15:00+09:00,J2,674,720,1394
2019-01-21T15:15:00+09:00,J3,1363,1231,2594
2019-01-21T15:15:00+09:00,J4,815,845,1660
2019-01-21T15:15:00+09:00,J5,703,656,1359
2019-01-21T15:30:00+09:00,J1,1221,1426,2647
2019-01-21T15:30:00+09:00,J2,704,680,1384
2019-01-21T15:30:00+09:00,J3,1418,1109,2527
2019-01-21T15:30:00+09:00,J4,937,1023,1960
2019-01-21T15:30:00+09:00,J5,708,689,1397
2019-01-21T15:45:00+09:00,J1,1273,1453,2726
2019-01-21T15:45:00+09:00,J2,700,570,1270
2019-01-21T15:45:00+09:00,J3,1427,1070,2497
2019-01-21T15:45:00+09:00,J4,948,985,1933
2019-01-21T15:45:00+09:00,J5,663,666,1329
2019-01-21T16:00:00+09:00,J1,1209,1426,2635
2019-01-21T16:00:00+09:00,J2,716,650,1366
2019-01-21T16:00:00+09:00,J3,1429,1120,2549
2019-01-21T16:00:00+09:00,J4,944,912,1856
2019-01-21T16:00:00+09:00,J5,699,638,1337
2019-01-21T16:15:00+09:00,J1,1211,1381,2592
2019-01-21T16:15:00+09:00,J2,684,685,1369
2019-01-21T16:15:00+09:00,J3,1415,1184,2599
2019-01-21T16:15:00+09:00,J4,891,914,1805
2019-01-21T16:15:00+09:00,J5,686,711,1397
2019-01-21T16:30:00+09:00,J1,1208,1436,2644
2019-01-21T16:30:00+09:00,J2,712,567,1279
2019-01-21T16:30:00+09:00,J3,1522,1241,2763
2019-01-21T16:30:00+09:00,J4,911,989,1900
2019-01-21T16:30:00+09:00,J5,730,688,1418
2019-01-21T16:45:00+09:00,J1,1229,1480,2709
2019-01-21T16:45:00+09:00,J2,793,763,1556
2019-01-21T16:45:00+09:00,J3,1561,1231,2792
2019-01-21T16:45:00+09:00,J4,818,866,1684
2019-01-21T16:45:00+09:00,J5,752,677,1429
2019-01-21T17:00:00+09:00,J1,1270,1409,2679
2019-01-21T17:00:00+09:00,J2,856,783,1639
2019-01-21T17:00:00+09:00,J3,1563,1311,2874
2019-01-21T17:00:00+09:00,J4,910,932,1842
2019-01-21T17:00:00+09:00,J5,748,794,1542
2019-01-21T17:15:00+09:00,J1,1214,1422,2636
2019-01-21T17:15:00+09:00,J2,844,769,1613
2019-01-21T17:15:00+09:00,J3,1503,1298,2801
2019-01-21T17:15:00+09:00,J4,994,934,1928
2019-01-21T17:15:00+09:00,J5,782,901,1683
2019-01-21T17:30:00+09:00,J1,1287,1478,2765
2019-01-21T17:30:00+09:00,J2,947,860,1807
2019-01-21T17:30:00+09:00,J3,1555,1249,2804
2019-01-21T17:30:00+09:00,J4,1125,1022,2147
2019-01-21T17:30:00+09:00,J5,814,881,1695
2019-01-21T17:45:00+09:00,J1,1293,1516,2809
2019-01-21T17:45:00+09:00,J2,957,877,1834
2019-01-21T17:45:00+09:00,J3,1641,1290,2931
2019-01-21T17:45:00+09:00,J4,1095,982,2077
2019-01-21T17:45:00+09:00,J5,844,917,1761
2019-01-21T18:00:00+09:00,J1,1300,1534,2834
2019-01-21T18:00:00+09:00,J2,931,863,1794
2019-01-21T18:00:00+09:00,J3,1587,1406,2993
2019-01-21T18:00:00+09:00,J4,1073,908,1981
2019-01-21T18:00:00+09:00,J5,860,864,1724
2019-01-21T18:15:00+09:00,J1,1332,1484,2816
2019-01-21T18:15:00+09:00,J2,891,806,1697
2019-01-21T18:15:00+09:00,J3,1503,1370,2873
2019-01-21T18:15:00+09:00,J4,1111,861,1972
2019-01-21T18:15:00+09:00,J5,696,699,1395
2019-01-21T18:30:00+09:00,J1,1312,1438,2750
2019-01-21T18:30:00+09:00,J2,867,850,1717
2019-01-21T18:30:00+09:00,J3,1402,1110,2512
2019-01-21T18:30:00+09:00,J4,1219,1063,2282
2019-01-21T18:30:00+09:00,J5,708,632,1340
2019-01-21T18:45:00+09:00,J1,1303,1470,2773
2019-01-21T18:45:00+09:00,J2,848,765,1613
2019-01-21T18:45:00+09:00,J3,1316,969,2285
2019-01-21T18:45:00+09:00,J4,1145,1016,2161
2019-01-21T18:45:00+09:00,J5,671,659,1330
2019-01-21T19:00:00+09:00,J1,1230,1316,2546
2019-01-21T19:00:00+09:00,J2,929,732,1661
2019-01-21T19:00:00+09:00,J3,1293,997,2290
2019-01-21T19:00:00+09:00,J4,1082,1033,2115
2019-01-21T19:00:00+09:00,J5,657,613,1270
2019-01-21T19:15:00+09:00,J1,1225,1410,2635
2019-01-21T19:15:00+09:00,J2,958,860,1818
2019-01-21T19:15:00+09:00,J3,1265,1093,2358
2019-01-21T19:15:00+09:00,J4,972,910,1882
2019-01-21T19:15:00+09:00,J5,699,688,1387
2019-01-21T19:30:00+09:00,J1,1249,1341,2590
2019-01-21T19:30:00+09:00,J2,810,888,1698
2019-01-21T19:30:00+09:00,J3,1192,1099,2291
2019-01-21T19:30:00+09:00,J4,927,912,1839
2019-01-21T19:30:00+09:00,J5,682,634,1316
2019-01-21T19:45:00+09:00,J1,1253,1354,2607
2019-01-21T19:45:00+09:00,J2,811,756,1567
2019-01-21T19:45:00+09:00,J3,1045,982,2027
2019-01-21T19:45:00+09:00,J4,899,849,1748
2019-01-21T19:45:00+09:00,J5,654,584,1238
2019-01-21T20:00:00+09:00,J1,1164,1431,2595
2019-01-21T20:00:00+09:00,J2,1031,908,1939
2019-01-21T20:00:00+09:00,J3,1109,997,2106
2019-01-21T20:00:00+09:00,J4,912,948,1860
2019-01-21T20:00:00+09:00,J5,644,626,1270
2019-01-21T20:15:00+09:00,J1,1203,1385,2588
2019-01-21T20:15:00+09:00,J2,897,808,1705
2019-01-21T20:15:00+09:00,J3,1243,1088,2331
2019-01-21T20:15:00+09:00,J4,997,1014,2011
2019-01-21T20:15:00+09:00,J5,674,565,1239
2019-01-21T20:30:00+09:00,J1,1256,1386,2642
2019-01-21T20:30:00+09:00,J2,660,745,1405
2019-01-21T20:30:00+09:00,J3,1220,1119,2339
2019-01-21T20:30:00+09:00,J4,962,945,1907
2019-01-21T20:30:00+09:00,J5,659,616,1275
2019-01-21T20:45:00+09:00,J1,1191,1452,2643
2019-01-21T20:45:00+09:00,J2,676,698,1374
2019-01-21T20:45:00+09:00,J3,1171,1072,2243
2019-01-21T20:45:00+09:00,J4,925,918,1843
2019-01-21T20:45:00+09:00,J5,551,614,1165
2019-01-21T21:00:00+09:00,J1,1159,1291,2450
2019-01-21T21:00:00+09:00,J2,806,831,1637
2019-01-21T21:00:00+09:00,J3,1171,1056,2227
2019-01-21T21:00:00+09:00,J4,933,867,1800
2019-01-21T21:00:00+09:00,J5,597,561,1158
2019-01-21T21:15:00+09:00,J1,1166,1334,2500
2019-01-21T21:15:00+09:00,J2,926,845,1771
2019-01-21T21:15:00+09:00,J3,1166,1086,2252
2019-01-21T21:15:00+09:00,J4,907,922,1829
2019-01-21T21:15:00+09:00,J5,630,593,1223
2019-01-21T21:30:00+09:00,J1,1146,1276,2422
2019-01-21T21:30:00+09:00,J2,845,844,1689
2019-01-21T21:30:00+09:00,J3,1195,1061,2256
2019-01-21T21:30:00+09:00,J4,852,953,1805
2019-01-21T21:30:00+09:00,J5,654,547,1201
2019-01-21T21:45:00+09:00,J1,998,1270,2268
2019-01-21T21:45:00+09:00,J2,829,782,1611
2019-01-21T21:45:00+09:00,J3,1175,961,2136
2019-01-21T21:45:00+09:00,J4,836,942,1778
2019-01-21T21:45:00+09:00,J5,608,538,1146
2019-01-21T22:00:00+09:00,J1,1118,1254,2372
2019-01-21T22:00:00+09:00,J2,670,692,1362
2019-01-21T22:00:00+09:00,J3,1099,890,1989
2019-01-21T22:00:00+09:00,J4,848,866,1714
2019-01-21T22:00:00+09:00,J5,601,507,1108
2019-01-21T22:15:00+09:00,J1,1093,1251,2344
2019-01-21T22:15:00+09:00,J2,708,712,1420
2019-01-21T22:15:00+09:00,J3,1066,823,1889
2019-01-21T22:15:00+09:00,J4,873,837,1710
2019-01-21T22:15:00+09:00,J5,558,508,1066
2019-01-21T22:30:00+09:00,J1,1077,1281,2358
2019-01-21T22:30:00+09:00,J2,693,707,1400
2019-01-21T22:30:00+09:00,J3,1082,822,1904
2019-01-21T22:30:00+09:00,J4,834,883,1717
2019-01-21T22:30:00+09:00,J5,611,562,1173
2019-01-21T22:45:00+09:00,J1,1108,1202,2310
2019-01-21T22:45:00+09:00,J2,642,754,1396
2019-01-21T22:45:00+09:00,J3,958,750,1708
2019-01-21T22:45:00+09:00,J4,844,820,1664
2019-01-21T22:45:00+09:00,J5,593,499,1092
2019-01-21T23:00:00+09:00,J1,1098,1217,2315
2019-01-21T23:00:00+09:00,J2,700,785,1485
2019-01-21T23:00:00+09:00,J3,832,756,1588
2019-01-21T23:00:00+09:00,J4,887,903,1790
2019-01-21T23:00:00+09:00,J5,627,532,1159
2019-01-21T23:15:00+09:00,J1,1048,1248,2296
2019-01-21T23:15:00+09:00,J2,795,712,1507
2019-01-21T23:15:00+09:00,J3,886,707,1593
2019-01-21T23:15:00+09:00,J4,812,765,1577
2019-01-21T23:15:00+09:00,J5,664,548,1212
2019-01-21T23:30:00+09:00,J1,1132,1214,2346
2019-01-21T23:30:00+09:00,J2,684,779,1463
2019-01-21T23:30:00+09:00,J3,952,714,1666
2019-01-21T23:30:00+09:00,J4,753,748,1501
2019-01-21T23:30:00+09:00,J5,579,569,1148
2019-01-21T23:45:00+09:00,J1,1119,1152,2271
2019-01-21T23:45:00+09:00,J2,615,594,1209
2019-01-21T23:45:00+09:00,J3,913,638,1551
2019-01-21T23:45:00+09:00,J4,731,777,1508
2019-01-21T23:45:00+09:00,J5,616,577,1193
2019-01-22T00:00:00+09:00,J1,914,1065,1979
2019-01-22T00:00:00+09:00,J2,598,594,1192
2019-01-22T00:00:00+09:00,J3,924,717,1641
2019-01-22T00:00:00+09:00,J4,709,821,1530
2019-01-22T00:00:00+09:00,J5,641,596,1237
2019-01-22T00:15:00+09:00,J1,875,935,1810
2019-01-22T00:15:00+09:00,J2,524,494,1018
2019-01-22T00:15:00+09:00,J3,724,589,1313
2019-01-22T00:15:00+09:00,J4,680,748,1428
2019-01-22T00:15:00+09:00,J5,580,575,1155
2019-01-22T00:30:00+09:00,J1,759,828,1587
2019-01-22T00:30:00+09:00,J2,494,460,954
2019-01-22T00:30:00+09:00,J3,585,557,1142
2019-01-22T00:30:00+09:00,J4,683,692,1375
2019-01-22T00:30:00+09:00,J5,602,647,1249
2019-01-22T00:45:00+09:00,J1,817,844,1661
2019-01-22T00:45:00+09:00,J2,488,452,940
2019-01-22T00:45:00+09:00,J3,650,578,1228
2019-01-22T00:45:00+09:00,J4,522,619,1141
2019-01-22T00:45:00+09:00,J5,607,534,1141
2019-01-22T05:45:00+09:00,J1,764,735,1499
2019-01-22T05:45:00+09:00,J2,641,655,1296
2019-01-22T05:45:00+09:00,J3,1154,976,2130
2019-01-22T05:45:00+09:00,J4,415,504,919
2019-01-22T05:45:00+09:00,J5,543,480,1023
2019-01-22T06:00:00+09:00,J1,795,765,1560
2019-01-22T06:00:00+09:00,J2,492,511,1003
2019-01-22T06:00:00+09:00,J3,1164,958,2122
2019-01-22T06:00:00+09:00,J4,567,676,1243
2019-01-22T06:00:00+09:00,J5,489,518,1007
2019-01-22T06:15:00+09:00,J1,905,930,1835
2019-01-22T06:15:00+09:00,J2,642,612,1254
2019-01-22T06:15:00+09:00,J3,1073,984,2057
2019-01-22T06:15:00+09:00,J4,637,689,1326
2019-01-22T06:15:00+09:00,J5,564,511,1075
2019-01-22T06:30:00+09:00,J1,962,956,1918
2019-01-22T06:30:00+09:00,J2,567,601,1168
2019-01-22T06:30:00+09:00,J3,1186,974,2160
2019-01-22T06:30:00+09:00,J4,665,705,1370
2019-01-22T06:30:00+09:00,J5,564,497,1061
2019-01-22T06:45:00+09:00,J1,1105,1133,2238
2019-01-22T06:45:00+09:00,J2,696,652,1348
2019-01-22T06:45:00+09:00,J3,1056,897,1953
2019-01-22T06:45:00+09:00,J4,800,805,1605
2019-01-22T06:45:00+09:00,J5,577,576,1153
2019-01-22T07:00:00+09:00,J1,1144,1125,2269
2019-01-22T07:00:00+09:00,J2,844,721,1565
2019-01-22T07:00:00+09:00,J3,1146,1045,2191
2019-01-22T07:00:00+09:00,J4,1002,1013,2015
2019-01-22T07:00:00+09:00,J5,622,615,1237
2019-01-22T07:15:00+09:00,J1,1232,1294,2526
2019-01-22T07:15:00+09:00,J2,815,789,1604
2019-01-22T07:15:00+09:00,J3,1108,1000,2108
2019-01-22T07:15:00+09:00,J4,936,1045,1981
2019-01-22T07:15:00+09:00,J5,678,678,1356
2019-01-22T07:30:00+09:00,J1,1191,1261,2452
2019-01-22T07:30:00+09:00,J2,799,700,1499
2019-01-22T07:30:00+09:00,J3,1070,1124,2194
2019-01-22T07:30:00+09:00,J4,971,1019,1990
2019-01-22T07:30:00+09:00,J5,735,697,1432
2019-01-22T07:45:00+09:00,J1,1187,1344,2531
2019-01-22T07:45:00+09:00,J2,749,672,1421
2019-01-22T07:45:00+09:00,J3,1112,1199,2311
2019-01-22T07:45:00+09:00,J4,996,1072,2068
2019-01-22T07:45:00+09:00,J5,701,772,1473
2019-01-22T08:00:00+09:00,J1,1389,1398,2787
2019-01-22T08:00:00+09:00,J2,1048,792,1840
2019-01-22T08:00:00+09:00,J3,1275,1162,2437
2019-01-22T08:00:00+09:00,J4,928,1175,2103
2019-01-22T08:00:00+09:00,J5,672,721,1393
2019-01-22T08:15:00+09:00,J1,1426,1434,2860
2019-01-22T08:15:00+09:00,J2,1225,777,2002
2019-01-22T08:15:00+09:00,J3,1317,1333,2650
2019-01-22T08:15:00+09:00,J4,972,1245,2217
2019-01-22T08:15:00+09:00,J5,643,698,1341
2019-01-22T08:30:00+09:00,J1,1443,1375,2818
2019-01-22T08:30:00+09:00,J2,1164,744,1908
2019-01-22T08:30:00+09:00,J3,1246,1332,2578
2019-01-22T08:30:00+09:00,J4,930,1183,2113
2019-01-22T08:30:00+09:00,J5,755,826,1581
2019-01-22T08:45:00+09:00,J1,1432,1417,2849
2019-01-22T08:45:00+09:00,J2,1046,655,1701
2019-01-22T08:45:00+09:00,J3,1111,1109,2220
2019-01-22T08:45:00+09:00,J4,994,1155,2149
2019-01-22T08:45:00+09:00,J5,681,671,1352
2019-01-22T09:00:00+09:00,J1,1324,1364,2688
2019-01-22T09:00:00+09:00,J2,816,754,1570
2019-01-22T09:00:00+09:00,J3,1214,1040,2254
2019-01-22T09:00:00+09:00,J4,943,974,1917
2019-01-22T09:00:00+09:00,J5,693,629,1322
2019-01-22T09:15:00+09:00,J1,1315,1393,2708
2019-01-22T09:15:00+09:00,J2,908,834,1742
2019-01-22T09:15:00+09:00,J3,1043,928,1971
2019-01-22T09:15:00+09:00,J4,970,971,1941
2019-01-22T09:15:00+09:00,J5,591,583,1174
2019-01-22T09:30:00+09:00,J1,1344,1332,2676
2019-01-22T09:30:00+09:00,J2,798,629,1427
2019-01-22T09:30:00+09:00,J3,1084,950,2034
2019-01-22T09:30:00+09:00,J4,974,1030,2004
2019-01-22T09:30:00+09:00,J5,506,522,1028
2019-01-22T09:45:00+09:00,J1,1376,1370,2746
2019-01-22T09:45:00+09:00,J2,709,575,1284
2019-01-22T09:45:00+09:00,J3,1088,945,2033
2019-01-22T09:45:00+09:00,J4,989,962,1951
2019-01-22T09:45:00+09:00,J5,418,420,838
2019-01-22T10:00:00+09:00,J1,1340,1493,2833
2019-01-22T10:00:00+09:00,J2,642,571,1213
2019-01-22T10:00:00+09:00,J3,1152,1061,2213
2019-01-22T10:00:00+09:00,J4,916,916,1832
2019-01-22T10:00:00+09:00,J5,370,447,817
2019-01-22T10:15:00+09:00,J1,1360,1371,2731
2019-01-22T10:15:00+09:00,J2,613,583,1196
2019-01-22T10:15:00+09:00,J3,1162,1243,2405
2019-01-22T10:15:00+09:00,J4,870,903,1773
2019-01-22T10:15:00+09:00,J5,435,418,853
2019-01-22T10:30:00+09:00,J1,1320,1430,2750
2019-01-22T10:30:00+09:00,J2,686,597,1283
2019-01-22T10:30:00+09:00,J3,1182,1139,2321
2019-01-22T10:30:00+09:00,J4,943,945,1888
2019-01-22T10:30:00+09:00,J5,397,429,826
2019-01-22T10:45:00+09:00,J1,1315,1447,2762
2019-01-22T10:45:00+09:00,J2,690,619,1309
2019-01-22T10:45:00+09:00,J3,1225,1177,2402
2019-01-22T10:45:00+09:00,J4,997,915,1912
2019-01-22T10:45:00+09:00,J5,412,452,864
2019-01-22T11:00:00+09:00,J1,1336,1393,2729
2019-01-22T11:00:00+09:00,J2,683,601,1284
2019-01-22T11:00:00+09:00,J3,1196,1219,2415
2019-01-22T11:00:00+09:00,J4,1042,1035,2077
2019-01-22T11:00:00+09:00,J5,435,499,934
2019-01-22T11:15:00+09:00,J1,1329,1419,2748
2019-01-22T11:15:00+09:00,J2,718,684,1402
2019-01-22T11:15:00+09:00,J3,1330,1146,2476
2019-01-22T11:15:00+09:00,J4,896,945,1841
2019-01-22T11:15:00+09:00,J5,626,658,1284
2019-01-22T11:30:00+09:00,J1,1298,1467,2765
2019-01-22T11:30:00+09:00,J2,689,664,1353
2019-01-22T11:30:00+09:00,J3,1213,1015,2228
2019-01-22T11:30:00+09:00,J4,949,957,1906
2019-01-22T11:30:00+09:00,J5,678,722,1400
2019-01-22T11:45:00+09:00,J1,1232,1481,2713
2019-01-22T11:45:00+09:00,J2,807,732,1539
2019-01-22T11:45:00+09:00,J3,1209,1038,2247
2019-01-22T11:45:00+09:00,J4,954,1002,1956
2019-01-22T11:45:00+09:00,J5,623,678,1301
2019-01-22T12:00:00+09:00,J1,1211,1453,2664
2019-01-22T12:00:00+09:00,J2,799,835,1634
2019-01-22T12:00:00+09:00,J3,1209,1142,2351
2019-01-22T12:00:00+09:00,J4,912,1005,1917
2019-01-22T12:00:00+09:00,J5,753,784,1537
2019-01-22T12:15:00+09:00,J1,1135,1359,2494
2019-01-22T12:15:00+09:00,J2,681,777,1458
2019-01-22T12:15:00+09:00,J3,1280,1109,2389
2019-01-22T12:15:00+09:00,J4,998,964,1962
2019-01-22T12:15:00+09:00,J5,736,725,1461
2019-01-22T12:30:00+09:00,J1,1176,1371,2547
2019-01-22T12:30:00+09:00,J2,747,850,1597
2019-01-22T12:30:00+09:00,J3,1320,1124,2444
2019-01-22T12:30:00+09:00,J4,906,979,1885
2019-01-22T12:30:00+09:00,J5,697,728,1425
2019-01-22T12:45:00+09:00,J1,1151,1379,2530
2019-01-22T12:45:00+09:00,J2,848,832,1680
2019-01-22T12:45:00+09:00,J3,1322,1091,2413
2019-01-22T12:45:00+09:00,J4,987,1036,2023
2019-01-22T12:45:00+09:00,J5,688,652,1340
2019-01-22T13:00:00+09:00,J1,1130,1445,2575
2019-01-22T13:00:00+09:00,J2,649,836,1485
2019-01-22T13:00:00+09:00,J3,1308,978,2286
2019-01-22T13:00:00+09:00,J4,960,961,1921
2019-01-22T13:00:00+09:00,J5,648,693,1341
2019-01-22T13:15:00+09:00,J1,1160,1446,2606
2019-01-22T13:15:00+09:00,J2,703,836,1539
2019-01-22T13:15:00+09:00,J3,1279,977,2256
2019-01-22T13:15:00+09:00,J4,987,901,1888
2019-01-22T13:15:00+09:00,J5,711,683,1394
2019-01-22T13:30:00+09:00,J1,1151,1416,2567
2019-01-22T13:30:00+09:00,J2,811,857,1668
2019-01-22T13:30:00+09:00,J3,1315,1049,2364
2019-01-22T13:30:00+09:00,J4,991,878,1869
2019-01-22T13:30:00+09:00,J5,700,692,1392
2019-01-22T13:45:00+09:00,J1,1138,1452,2590
2019-01-22T13:45:00+09:00,J2,741,821,1562
2019-01-22T13:45:00+09:00,J3,1276,957,2233
2019-01-22T13:45:00+09:00,J4,982,893,1875
2019-01-22T13:45:00+09:00,J5,647,662,1309
2019-01-22T14:00:00+09:00,J1,1186,1354,2540
2019-01-22T14:00:00+09:00,J2,769,700,1469
2019-01-22T14:00:00+09:00,J3,1244,949,2193
2019-01-22T14:00:00+09:00,J4,868,947,1815
2019-01-22T14:00:00+09:00,J5,626,627,1253
2019-01-22T14:15:00+09:00,J1,1215,1406,2621
2019-01-22T14:15:00+09:00,J2,804,827,1631
2019-01-22T14:15:00+09:00,J3,1346,932,2278
2019-01-22T14:15:00+09:00,J4,965,902,1867
2019-01-22T14:15:00+09:00,J5,644,597,1241
2019-01-22T14:30:00+09:00,J1,1202,1452,2654
2019-01-22T14:30:00+09:00,J2,751,714,1465
2019-01-22T14:30:00+09:00,J3,1260,933,2193
2019-01-22T14:30:00+09:00,J4,879,929,1808
2019-01-22T14:30:00+09:00,J5,736,668,1404
2019-01-22T14:45:00+09:00,J1,1162,1444,2606
2019-01-22T14:45:00+09:00,J2,720,710,1430
2019-01-22T14:45:00+09:00,J3,1356,921,2277
2019-01-22T14:45:00+09:00,J4,855,918,1773
2019-01-22T14:45:00+09:00,J5,655,636,1291
2019-01-22T15:00:00+09:00,J1,1197,1422,2619
2019-01-22T15:00:00+09:00,J2,750,824,1574
2019-01-22T15:00:00+09:00,J3,1406,1060,2466
2019-01-22T15:00:00+09:00,J4,888,1009,1897
2019-01-22T15:00:00+09:00,J5,707,705,1412
2019-01-22T15:15:00+09:00,J1,1235,1424,2659
2019-01-22T15:15:00+09:00,J2,883,906,1789
2019-01-22T15:15:00+09:00,J3,1335,967,2302
2019-01-22T15:15:00+09:00,J4,855,953,1808
2019-01-22T15:15:00+09:00,J5,688,723,1411
2019-01-22T15:30:00+09:00,J1,1197,1403,2600
2019-01-22T15:30:00+09:00,J2,860,875,1735
2019-01-22T15:30:00+09:00,J3,1288,961,2249
2019-01-22T15:30:00+09:00,J4,911,940,1851
2019-01-22T15:30:00+09:00,J5,670,660,1330
2019-01-22T15:45:00+09:00,J1,1171,1447,2618
2019-01-22T15:45:00+09:00,J2,798,790,1588
2019-01-22T15:45:00+09:00,J3,1363,1053,2416
2019-01-22T15:45:00+09:00,J4,866,911,1777
2019-01-22T15:45:00+09:00,J5,680,697,1377
2019-01-22T16:00:00+09:00,J1,1185,1382,2567
2019-01-22T16:00:00+09:00,J2,762,857,1619
2019-01-22T16:00:00+09:00,J3,1250,950,2200
2019-01-22T16:00:00+09:00,J4,762,919,1681
2019-01-22T16:00:00+09:00,J5,657,631,1288
2019-01-22T16:15:00+09:00,J1,1184,1359,2543
2019-01-22T16:15:00+09:00,J2,873,863,1736
2019-01-22T16:15:00+09:00,J3,1334,1084,2418
2019-01-22T16:15:00+09:00,J4,837,878,1715
2019-01-22T16:15:00+09:00,J5,711,707,1418
2019-01-22T16:30:00+09:00,J1,1171,1382,2553
2019-01-22T16:30:00+09:00,J2,835,758,1593
2019-01-22T16:30:00+09:00,J3,1357,1160,2517
2019-01-22T16:30:00+09:00,J4,792,817,1609
2019-01-22T16:30:00+09:00,J5,677,723,1400
2019-01-22T16:45:00+09:00,J1,1265,1357,2622
2019-01-22T16:45:00+09:00,J2,794,787,1581
2019-01-22T16:45:00+09:00,J3,1451,1137,2588
2019-01-22T16:45:00+09:00,J4,850,881,1731
2019-01-22T16:45:00+09:00,J5,699,703,1402
2019-01-22T17:00:00+09:00,J1,1237,1500,2737
2019-01-22T17:00:00+09:00,J2,734,825,1559
2019-01-22T17:00:00+09:00,J3,1487,1172,2659
2019-01-22T17:00:00+09:00,J4,948,881,1829
2019-01-22T17:00:00+09:00,J5,760,747,1507
2019-01-22T17:15:00+09:00,J1,1205,1469,2674
2019-01-22T17:15:00+09:00,J2,911,868,1779
2019-01-22T17:15:00+09:00,J3,1431,1242,2673
2019-01-22T17:15:00+09:00,J4,996,990,1986
2019-01-22T17:15:00+09:00,J5,803,846,1649
2019-01-22T17:30:00+09:00,J1,1213,1511,2724
2019-01-22T17:30:00+09:00,J2,880,974,1854
2019-01-22T17:30:00+09:00,J3,1530,1344,2874
2019-01-22T17:30:00+09:00,J4,1062,1031,2093
2019-01-22T17:30:00+09:00,J5,855,864,1719
2019-01-22T17:45:00+09:00,J1,1270,1555,2825
2019-01-22T17:45:00+09:00,J2,878,1014,1892
2019-01-22T17:45:00+09:00,J3,1551,1307,2858
2019-01-22T17:45:00+09:00,J4,1189,1009,2198
2019-01-22T17:45:00+09:00,J5,915,898,1813
2019-01-22T18:00:00+09:00,J1,1254,1507,2761
2019-01-22T18:00:00+09:00,J2,925,1022,1947
2019-01-22T18:00:00+09:00,J3,1602,1390,2992
2019-01-22T18:00:00+09:00,J4,1167,911,2078
2019-01-22T18:00:00+09:00,J5,844,925,1769
2019-01-22T18:15:00+09:00,J1,1249,1515,2764
2019-01-22T18:15:00+09:00,J2,902,1022,1924
2019-01-22T18:15:00+09:00,J3,1627,1268,2895
2019-01-22T18:15:00+09:00,J4,1064,775,1839
2019-01-22T18:15:00+09:00,J5,749,773,1522
2019-01-22T18:30:00+09:00,J1,1228,1534,2762
2019-01-22T18:30:00+09:00,J2,828,952,1780
2019-01-22T18:30:00+09:00,J3,1543,1148,2691
2019-01-22T18:30:00+09:00,J4,1147,972,2119
2019-01-22T18:30:00+09:00,J5,608,631,1239
2019-01-22T18:45:00+09:00,J1,1251,1494,2745
2019-01-22T18:45:00+09:00,J2,782,796,1578
2019-01-22T18:45:00+09:00,J3,1375,1178,2553
2019-01-22T18:45:00+09:00,J4,1250,943,2193
2019-01-22T18:45:00+09:00,J5,559,544,1103
2019-01-22T19:00:00+09:00,J1,1149,1444,2593
2019-01-22T19:00:00+09:00,J2,675,692,1367
2019-01-22T19:00:00+09:00,J3,1350,1170,2520
2019-01-22T19:00:00+09:00,J4,1181,929,2110
2019-01-22T19:00:00+09:00,J5,626,559,1185
2019-01-22T19:15:00+09:00,J1,1222,1461,2683
2019-01-22T19:15:00+09:00,J2,797,778,1575
2019-01-22T19:15:00+09:00,J3,1361,1197,2558
2019-01-22T19:15:00+09:00,J4,979,913,1892
2019-01-22T19:15:00+09:00,J5,561,617,1178
2019-01-22T19:30:00+09:00,J1,1141,1371,2512
2019-01-22T19:30:00+09:00,J2,864,843,1707
2019-01-22T19:30:00+09:00,J3,1253,1109,2362
2019-01-22T19:30:00+09:00,J4,884,916,1800
2019-01-22T19:30:00+09:00,J5,566,538,1104
2019-01-22T19:45:00+09:00,J1,1200,1361,2561
2019-01-22T19:45:00+09:00,J2,786,828,1614
2019-01-22T19:45:00+09:00,J3,1171,1006,2177
2019-01-22T19:45:00+09:00,J4,967,925,1892
2019-01-22T19:45:00+09:00,J5,528,568,1096
2019-01-22T20:00:00+09:00,J1,1162,1378,2540
2019-01-22T20:00:00+09:00,J2,766,708,1474
2019-01-22T20:00:00+09:00,J3,1203,1002,2205
2019-01-22T20:00:00+09:00,J4,990,908,1898
2019-01-22T20:00:00+09:00,J5,560,539,1099
2019-01-22T20:15:00+09:00,J1,1132,1386,2518
2019-01-22T20:15:00+09:00,J2,816,802,1618
2019-01-22T20:15:00+09:00,J3,1197,929,2126
2019-01-22T20:15:00+09:00,J4,1037,869,1906
2019-01-22T20:15:00+09:00,J5,550,502,1052
2019-01-22T20:30:00+09:00,J1,1141,1381,2522
2019-01-22T20:30:00+09:00,J2,677,746,1423
2019-01-22T20:30:00+09:00,J3,1166,916,2082
2019-01-22T20:30:00+09:00,J4,999,917,1916
2019-01-22T20:30:00+09:00,J5,599,478,1077
2019-01-22T20:45:00+09:00,J1,1178,1279,2457
2019-01-22T20:45:00+09:00,J2,904,853,1757
2019-01-22T20:45:00+09:00,J3,1068,921,1989
2019-01-22T20:45:00+09:00,J4,947,989,1936
2019-01-22T20:45:00+09:00,J5,569,494,1063
2019-01-22T21:00:00+09:00,J1,1160,1263,2423
2019-01-22T21:00:00+09:00,J2,719,759,1478
2019-01-22T21:00:00+09:00,J3,1042,949,1991
2019-01-22T21:00:00+09:00,J4,981,938,1919
2019-01-22T21:00:00+09:00,J5,589,481,1070
2019-01-22T21:15:00+09:00,J1,1104,1264,2368
2019-01-22T21:15:00+09:00,J2,656,799,1455
2019-01-22T21:15:00+09:00,J3,1144,936,2080
2019-01-22T21:15:00+09:00,J4,944,967,1911
2019-01-22T21:15:00+09:00,J5,593,513,1106
2019-01-22T21:30:00+09:00,J1,1096,1287,2383
2019-01-22T21:30:00+09:00,J2,757,806,1563
2019-01-22T21:30:00+09:00,J3,1104,828,1932
2019-01-22T21:30:00+09:00,J4,838,916,1754
2019-01-22T21:30:00+09:00,J5,521,518,1039
2019-01-22T21:45:00+09:00,J1,1124,1282,2406
2019-01-22T21:45:00+09:00,J2,876,845,1721
2019-01-22T21:45:00+09:00,J3,1089,780,1869
2019-01-22T21:45:00+09:00,J4,855,859,1714
2019-01-22T21:45:00+09:00,J5,521,566,1087
2019-01-22T22:00:00+09:00,J1,1171,1204,2375
2019-01-22T22:00:00+09:00,J2,824,797,1621
2019-01-22T22:00:00+09:00,J3,941,805,1746
2019-01-22T22:00:00+09:00,J4,888,906,1794
2019-01-22T22:00:00+09:00,J5,559,490,1049
2019-01-22T22:15:00+09:00,J1,1079,1224,2303
2019-01-22T22:15:00+09:00,J2,786,753,1539
2019-01-22T22:15:00+09:00,J3,869,782,1651
2019-01-22T22:15:00+09:00,J4,872,917,1789
2019-01-22T22:15:00+09:00,J5,511,598,1109
2019-01-22T22:30:00+09:00,J1,1039,1190,2229
2019-01-22T22:30:00+09:00,J2,772,797,1569
2019-01-22T22:30:00+09:00,J3,861,766,1627
2019-01-22T22:30:00+09:00,J4,903,927,1830
2019-01-22T22:30:00+09:00,J5,529,546,1075
2019-01-22T22:45:00+09:00,J1,1090,1202,2292
2019-01-22T22:45:00+09:00,J2,960,931,1891
2019-01-22T22:45:00+09:00,J3,800,718,1518
2019-01-22T22:45:00+09:00,J4,866,855,1721
2019-01-22T22:45:00+09:00,J5,567,521,1088
2019-01-22T23:00:00+09:00,J1,1164,1289,2453
2019-01-22T23:00:00+09:00,J2,679,711,1390
2019-01-22T23:00:00+09:00,J3,760,750,1510
2019-01-22T23:00:00+09:00,J4,897,958,1855
2019-01-22T23:00:00+09:00,J5,567,495,1062
2019-01-22T23:15:00+09:00,J1,1101,1241,2342
2019-01-22T23:15:00+09:00,J2,610,672,1282
2019-01-22T23:15:00+09:00,J3,876,790,1666
2019-01-22T23:15:00+09:00,J4,883,922,1805
2019-01-22T23:15:00+09:00,J5,565,534,1099
2019-01-22T23:30:00+09:00,J1,1054,1195,2249
2019-01-22T23:30:00+09:00,J2,596,655,1251
2019-01-22T23:30:00+09:00,J3,954,843,1797
2019-01-22T23:30:00+09:00,J4,789,875,1664
2019-01-22T23:30:00+09:00,J5,537,522,1059
2019-01-22T23:45:00+09:00,J1,1064,1212,2276
2019-01-22T23:45:00+09:00,J2,614,638,1252
2019-01-22T23:45:00+09:00,J3,770,682,1452
2019-01-22T23:45:00+09:00,J4,843,924,1767
2019-01-22T23:45:00+09:00,J5,583,485,1068
2019-01-23T00:00:00+09:00,J1,924,995,1919
2019-01-23T00:00:00+09:00,J2,577,600,1177
2019-01-23T00:00:00+09:00,J3,766,619,1385
2019-01-23T00:00:00+09:00,J4,780,914,1694
2019-01-23T00:00:00+09:00,J5,531,559,1090
2019-01-23T00:15:00+09:00,J1,715,780,1495
2019-01-23T00:15:00+09:00,J2,461,555,1016
2019-01-23T00:15:00+09:00,J3,832,874,1706
2019-01-23T00:15:00+09:00,J4,758,755,1513
2019-01-23T00:15:00+09:00,J5,524,504,1028
2019-01-23T00:30:00+09:00,J1,685,701,1386
2019-01-23T00:30:00+09:00,J2,423,486,909
2019-01-23T00:30:00+09:00,J3,839,682,1521
2019-01-23T00:30:00+09:00,J4,666,686,1352
2019-01-23T00:30:00+09:00,J5,523,502,1025
2019-01-23T00:45:00+09:00,J1,738,727,1465
2019-01-23T00:45:00+09:00,J2,416,474,890
2019-01-23T00:45:00+09:00,J3,883,734,1617
2019-01-23T00:45:00+09:00,J4,580,619,1199
2019-01-23T00:45:00+09:00,J5,580,502,1082
2019-01-23T05:45:00+09:00,J1,1222,1135,2357
2019-01-23T05:45:00+09:00,J2,604,570,1174
2019-01-23T05:45:00+09:00,J3,849,593,1442
2019-01-23T05:45:00+09:00,J4,543,599,1142
2019-01-23T05:45:00+09:00,J5,497,473,970
2019-01-23T06:00:00+09:00,J1,1060,1141,2201
2019-01-23T06:00:00+09:00,J2,719,568,1287
2019-01-23T06:00:00+09:00,J3,871,684,1555
2019-01-23T06:00:00+09:00,J4,570,701,1271
2019-01-23T06:00:00+09:00,J5,511,585,1096
2019-01-23T06:15:00+09:00,J1,1110,1239,2349
2019-01-23T06:15:00+09:00,J2,746,638,1384
2019-01-23T06:15:00+09:00,J3,945,742,1687
2019-01-23T06:15:00+09:00,J4,684,819,1503
2019-01-23T06:15:00+09:00,J5,556,507,1063
2019-01-23T06:30:00+09:00,J1,1217,1198,2415
2019-01-23T06:30:00+09:00,J2,690,683,1373
2019-01-23T06:30:00+09:00,J3,764,621,1385
2019-01-23T06:30:00+09:00,J4,659,812,1471
2019-01-23T06:30:00+09:00,J5,502,529,1031
2019-01-23T06:45:00+09:00,J1,1260,1315,2575
2019-01-23T06:45:00+09:00,J2,876,768,1644
2019-01-23T06:45:00+09:00,J3,769,677,1446
2019-01-23T06:45:00+09:00,J4,725,888,1613
2019-01-23T06:45:00+09:00,J5,483,490,973
2019-01-23T07:00:00+09:00,J1,1277,1340,2617
2019-01-23T07:00:00+09:00,J2,840,790,1630
2019-01-23T07:00:00+09:00,J3,1004,730,1734
2019-01-23T07:00:00+09:00,J4,824,988,1812
2019-01-23T07:00:00+09:00,J5,626,567,1193
2019-01-23T07:15:00+09:00,J1,1373,1423,2796
2019-01-23T07:15:00+09:00,J2,954,744,1698
2019-01-23T07:15:00+09:00,J3,1081,927,2008
2019-01-23T07:15:00+09:00,J4,914,1078,1992
2019-01-23T07:15:00+09:00,J5,729,692,1421
2019-01-23T07:30:00+09:00,J1,1384,1380,2764
2019-01-23T07:30:00+09:00,J2,931,742,1673
2019-01-23T07:30:00+09:00,J3,1315,1120,2435
2019-01-23T07:30:00+09:00,J4,917,1123,2040
2019-01-23T07:30:00+09:00,J5,627,592,1219
2019-01-23T07:45:00+09:00,J1,1368,1466,2834
2019-01-23T07:45:00+09:00,J2,922,709,1631
2019-01-23T07:45:00+09:00,J3,1316,1220,2536
2019-01-23T07:45:00+09:00,J4,888,1182,2070
2019-01-23T07:45:00+09:00,J5,798,747,1545
2019-01-23T08:00:00+09:00,J1,1400,1357,2757
2019-01-23T08:00:00+09:00,J2,948,708,1656
2019-01-23T08:00:00+09:00,J3,1457,1332,2789
2019-01-23T08:00:00+09:00,J4,932,1253,2185
2019-01-23T08:00:00+09:00,J5,702,689,1391
2019-01-23T08:15:00+09:00,J1,1406,1373,2779
2019-01-23T08:15:00+09:00,J2,1107,768,1875
2019-01-23T08:15:00+09:00,J3,1555,1464,3019
2019-01-23T08:15:00+09:00,J4,1017,1233,2250
2019-01-23T08:15:00+09:00,J5,671,733,1404
2019-01-23T08:30:00+09:00,J1,1486,1438,2924
2019-01-23T08:30:00+09:00,J2,1038,743,1781
2019-01-23T08:30:00+09:00,J3,1251,1408,2659
2019-01-23T08:30:00+09:00,J4,1055,1376,2431
2019-01-23T08:30:00+09:00,J5,644,672,1316
2019-01-23T08:45:00+09:00,J1,1448,1343,2791
2019-01-23T08:45:00+09:00,J2,863,678,1541
2019-01-23T08:45:00+09:00,J3,1325,1181,2506
2019-01-23T08:45:00+09:00,J4,824,1094,1918
2019-01-23T08:45:00+09:00,J5,576,599,1175
2019-01-23T09:00:00+09:00,J1,1310,1449,2759
2019-01-23T09:00:00+09:00,J2,755,745,1500
2019-01-23T09:00:00+09:00,J3,1208,1111,2319
2019-01-23T09:00:00+09:00,J4,712,843,1555
2019-01-23T09:00:00+09:00,J5,540,568,1108
2019-01-23T09:15:00+09:00,J1,1320,1317,2637
2019-01-23T09:15:00+09:00,J2,705,654,1359
2019-01-23T09:15:00+09:00,J3,753,874,1627
2019-01-23T09:15:00+09:00,J4,724,820,1544
2019-01-23T09:15:00+09:00,J5,473,427,900
2019-01-23T09:30:00+09:00,J1,1310,1329,2639
2019-01-23T09:30:00+09:00,J2,745,656,1401
2019-01-23T09:30:00+09:00,J3,810,955,1765
2019-01-23T09:30:00+09:00,J4,763,987,1750
2019-01-23T09:30:00+09:00,J5,455,485,940
2019-01-23T09:45:00+09:00,J1,1239,1294,2533
2019-01-23T09:45:00+09:00,J2,724,700,1424
2019-01-23T09:45:00+09:00,J3,882,964,1846
2019-01-23T09:45:00+09:00,J4,696,908,1604
2019-01-23T09:45:00+09:00,J5,471,468,939
2019-01-23T10:00:00+09:00,J1,1219,1313,2532
2019-01-23T10:00:00+09:00,J2,668,698,1366
2019-01-23T10:00:00+09:00,J3,951,947,1898
2019-01-23T10:00:00+09:00,J4,732,812,1544
2019-01-23T10:00:00+09:00,J5,436,516,952
2019-01-23T10:15:00+09:00,J1,1258,1299,2557
2019-01-23T10:15:00+09:00,J2,655,743,1398
2019-01-23T10:15:00+09:00,J3,917,924,1841
2019-01-23T10:15:00+09:00,J4,868,887,1755
2019-01-23T10:15:00+09:00,J5,479,453,932
2019-01-23T10:30:00+09:00,J1,1204,1316,2520
2019-01-23T10:30:00+09:00,J2,732,753,1485
2019-01-23T10:30:00+09:00,J3,1010,973,1983
2019-01-23T10:30:00+09:00,J4,879,1012,1891
2019-01-23T10:30:00+09:00,J5,471,410,881
2019-01-23T10:45:00+09:00,J1,1157,1285,2442
2019-01-23T10:45:00+09:00,J2,735,760,1495
2019-01-23T10:45:00+09:00,J3,954,974,1928
2019-01-23T10:45:00+09:00,J4,992,922,1914
2019-01-23T10:45:00+09:00,J5,433,407,840
2019-01-23T11:00:00+09:00,J1,1177,1258,2435
2019-01-23T11:00:00+09:00,J2,819,665,1484
2019-01-23T11:00:00+09:00,J3,978,1016,1994
2019-01-23T11:00:00+09:00,J4,923,887,1810
2019-01-23T11:00:00+09:00,J5,435,440,875
2019-01-23T11:15:00+09:00,J1,1223,1290,2513
2019-01-23T11:15:00+09:00,J2,752,629,1381
2019-01-23T11:15:00+09:00,J3,976,974,1950
2019-01-23T11:15:00+09:00,J4,882,887,1769
2019-01-23T11:15:00+09:00,J5,523,614,1137
2019-01-23T11:30:00+09:00,J1,1241,1465,2706
2019-01-23T11:30:00+09:00,J2,750,649,1399
2019-01-23T11:30:00+09:00,J3,1063,1027,2090
2019-01-23T11:30:00+09:00,J4,1029,937,1966
2019-01-23T11:30:00+09:00,J5,695,666,1361
2019-01-23T11:45:00+09:00,J1,1246,1430,2676
2019-01-23T11:45:00+09:00,J2,817,697,1514
2019-01-23T11:45:00+09:00,J3,1067,1009,2076
2019-01-23T11:45:00+09:00,J4,1021,813,1834
2019-01-23T11:45:00+09:00,J5,687,712,1399
2019-01-23T12:00:00+09:00,J1,1275,1482,2757
2019-01-23T12:00:00+09:00,J2,908,847,1755
2019-01-23T12:00:00+09:00,J3,1186,1040,2226
2019-01-23T12:00:00+09:00,J4,1015,866,1881
2019-01-23T12:00:00+09:00,J5,715,750,1465
2019-01-23T12:15:00+09:00,J1,1112,1375,2487
2019-01-23T12:15:00+09:00,J2,900,882,1782
2019-01-23T12:15:00+09:00,J3,1006,959,1965
2019-01-23T12:15:00+09:00,J4,1026,939,1965
2019-01-23T12:15:00+09:00,J5,735,736,1471
2019-01-23T12:30:00+09:00,J1,1149,1402,2551
2019-01-23T12:30:00+09:00,J2,866,848,1714
2019-01-23T12:30:00+09:00,J3,1000,894,1894
2019-01-23T12:30:00+09:00,J4,1002,913,1915
2019-01-23T12:30:00+09:00,J5,723,689,1412
2019-01-23T12:45:00+09:00,J1,1129,1386,2515
2019-01-23T12:45:00+09:00,J2,789,754,1543
2019-01-23T12:45:00+09:00,J3,1023,857,1880
2019-01-23T12:45:00+09:00,J4,915,866,1781
2019-01-23T12:45:00+09:00,J5,652,620,1272
2019-01-23T13:00:00+09:00,J1,1181,1362,2543
2019-01-23T13:00:00+09:00,J2,761,749,1510
2019-01-23T13:00:00+09:00,J3,989,938,1927
2019-01-23T13:00:00+09:00,J4,882,925,1807
2019-01-23T13:00:00+09:00,J5,472,588,1060
2019-01-23T13:15:00+09:00,J1,1120,1326,2446
2019-01-23T13:15:00+09:00,J2,775,759,1534
2019-01-23T13:15:00+09:00,J3,936,883,1819
2019-01-23T13:15:00+09:00,J4,909,919,1828
2019-01-23T13:15:00+09:00,J5,449,530,979
2019-01-23T13:30:00+09:00,J1,1023,1293,2316
2019-01-23T13:30:00+09:00,J2,750,751,1501
2019-01-23T13:30:00+09:00,J3,914,928,1842
2019-01-23T13:30:00+09:00,J4,947,901,1848
2019-01-23T13:30:00+09:00,J5,380,473,853
2019-01-23T13:45:00+09:00,J1,1080,1308,2388
2019-01-23T13:45:00+09:00,J2,794,758,1552
2019-01-23T13:45:00+09:00,J3,949,937,1886
2019-01-23T13:45:00+09:00,J4,862,853,1715
2019-01-23T13:45:00+09:00,J5,406,478,884
2019-01-23T14:00:00+09:00,J1,1123,1384,2507
2019-01-23T14:00:00+09:00,J2,764,692,1456
2019-01-23T14:00:00+09:00,J3,960,1003,1963
2019-01-23T14:00:00+09:00,J4,926,874,1800
2019-01-23T14:00:00+09:00,J5,410,407,817
2019-01-23T14:15:00+09:00,J1,1067,1360,2427
2019-01-23T14:15:00+09:00,J2,821,755,1576
2019-01-23T14:15:00+09:00,J3,973,997,1970
2019-01-23T14:15:00+09:00,J4,997,962,1959
2019-01-23T14:15:00+09:00,J5,384,406,790
2019-01-23T14:30:00+09:00,J1,1120,1365,2485
2019-01-23T14:30:00+09:00,J2,831,737,1568
2019-01-23T14:30:00+09:00,J3,1031,1029,2060
2019-01-23T14:30:00+09:00,J4,980,902,1882
2019-01-23T14:30:00+09:00,J5,435,459,894
2019-01-23T14:45:00+09:00,J1,1098,1360,2458
2019-01-23T14:45:00+09:00,J2,838,720,1558
2019-01-23T14:45:00+09:00,J3,1070,967,2037
2019-01-23T14:45:00+09:00,J4,966,916,1882
2019-01-23T14:45:00+09:00,J5,385,464,849
2019-01-23T15:00:00+09:00,J1,1084,1352,2436
2019-01-23T15:00:00+09:00,J2,787,719,1506
2019-01-23T15:00:00+09:00,J3,1006,960,1966
2019-01-23T15:00:00+09:00,J4,914,862,1776
2019-01-23T15:00:00+09:00,J5,431,441,872
2019-01-23T15:15:00+09:00,J1,1046,1335,2381
2019-01-23T15:15:00+09:00,J2,861,749,1610
2019-01-23T15:15:00+09:00,J3,1112,1058,2170
2019-01-23T15:15:00+09:00,J4,910,907,1817
2019-01-23T15:15:00+09:00,J5,453,450,903
2019-01-23T15:30:00+09:00,J1,1054,1321,2375
2019-01-23T15:30:00+09:00,J2,815,658,1473
2019-01-23T15:30:00+09:00,J3,1008,1091,2099
2019-01-23T15:30:00+09:00,J4,909,910,1819
2019-01-23T15:30:00+09:00,J5,435,474,909
2019-01-23T15:45:00+09:00,J1,1094,1321,2415
2019-01-23T15:45:00+09:00,J2,805,702,1507
2019-01-23T15:45:00+09:00,J3,1090,1006,2096
2019-01-23T15:45:00+09:00,J4,929,876,1805
2019-01-23T15:45:00+09:00,J5,444,442,886
2019-01-23T16:00:00+09:00,J1,1067,1365,2432
2019-01-23T16:00:00+09:00,J2,792,716,1508
2019-01-23T16:00:00+09:00,J3,1041,1041,2082
2019-01-23T16:00:00+09:00,J4,891,926,1817
2019-01-23T16:00:00+09:00,J5,422,440,862
2019-01-23T16:15:00+09:00,J1,1074,1292,2366
2019-01-23T16:15:00+09:00,J2,845,681,1526
2019-01-23T16:15:00+09:00,J3,1136,1083,2219
2019-01-23T16:15:00+09:00,J4,924,961,1885
2019-01-23T16:15:00+09:00,J5,413,421,834
2019-01-23T16:30:00+09:00,J1,1084,1300,2384
2019-01-23T16:30:00+09:00,J2,893,840,1733
2019-01-23T16:30:00+09:00,J3,1371,1205,2576
2019-01-23T16:30:00+09:00,J4,928,936,1864
2019-01-23T16:30:00+09:00,J5,448,393,841
2019-01-23T16:45:00+09:00,J1,1124,1296,2420
2019-01-23T16:45:00+09:00,J2,829,777,1606
2019-01-23T16:45:00+09:00,J3,1539,1232,2771
2019-01-23T16:45:00+09:00,J4,885,888,1773
2019-01-23T16:45:00+09:00,J5,456,447,903
2019-01-23T17:00:00+09:00,J1,1095,1455,2550
2019-01-23T17:00:00+09:00,J2,865,832,1697
2019-01-23T17:00:00+09:00,J3,1525,1284,2809
2019-01-23T17:00:00+09:00,J4,831,873,1704
2019-01-23T17:00:00+09:00,J5,538,538,1076
2019-01-23T17:15:00+09:00,J1,1136,1412,2548
2019-01-23T17:15:00+09:00,J2,917,896,1813
2019-01-23T17:15:00+09:00,J3,1619,1340,2959
2019-01-23T17:15:00+09:00,J4,863,843,1706
2019-01-23T17:15:00+09:00,J5,678,582,1260
2019-01-23T17:30:00+09:00,J1,1179,1432,2611
2019-01-23T17:30:00+09:00,J2,1025,924,1949
2019-01-23T17:30:00+09:00,J3,1665,1367,3032
2019-01-23T17:30:00+09:00,J4,1000,942,1942
2019-01-23T17:30:00+09:00,J5,728,681,1409
2019-01-23T17:45:00+09:00,J1,1156,1470,2626
2019-01-23T17:45:00+09:00,J2,1022,987,2009
2019-01-23T17:45:00+09:00,J3,1660,1468,3128
2019-01-23T17:45:00+09:00,J4,1104,913,2017
2019-01-23T17:45:00+09:00,J5,713,772,1485
2019-01-23T18:00:00+09:00,J1,1175,1440,2615
2019-01-23T18:00:00+09:00,J2,974,992,1966
2019-01-23T18:00:00+09:00,J3,1765,1409,3174
2019-01-23T18:00:00+09:00,J4,1025,871,1896
2019-01-23T18:00:00+09:00,J5,691,788,1479
2019-01-23T18:15:00+09:00,J1,1216,1489,2705
2019-01-23T18:15:00+09:00,J2,1034,1021,2055
2019-01-23T18:15:00+09:00,J3,1748,1340,3088
2019-01-23T18:15:00+09:00,J4,1073,940,2013
2019-01-23T18:15:00+09:00,J5,720,811,1531
2019-01-23T18:30:00+09:00,J1,1204,1376,2580
2019-01-23T18:30:00+09:00,J2,880,929,1809
2019-01-23T18:30:00+09:00,J3,1534,1250,2784
2019-01-23T18:30:00+09:00,J4,1013,902,1915
2019-01-23T18:30:00+09:00,J5,703,726,1429
2019-01-23T18:45:00+09:00,J1,1215,1385,2600
2019-01-23T18:45:00+09:00,J2,926,825,1751
2019-01-23T18:45:00+09:00,J3,1461,1216,2677
2019-01-23T18:45:00+09:00,J4,888,830,1718
2019-01-23T18:45:00+09:00,J5,674,681,1355
2019-01-23T19:00:00+09:00,J1,1130,1332,2462
2019-01-23T19:00:00+09:00,J2,785,711,1496
2019-01-23T19:00:00+09:00,J3,1335,1226,2561
2019-01-23T19:00:00+09:00,J4,932,873,1805
2019-01-23T19:00:00+09:00,J5,753,721,1474
2019-01-23T19:15:00+09:00,J1,1151,1365,2516
2019-01-23T19:15:00+09:00,J2,705,702,1407
2019-01-23T19:15:00+09:00,J3,1327,1156,2483
2019-01-23T19:15:00+09:00,J4,886,882,1768
2019-01-23T19:15:00+09:00,J5,689,675,1364
2019-01-23T19:30:00+09:00,J1,814,1028,1842
2019-01-23T19:30:00+09:00,J2,525,520,1045
2019-01-23T19:30:00+09:00,J3,963,863,1826
2019-01-23T19:30:00+09:00,J4,765,631,1396
2019-01-23T19:30:00+09:00,J5,474,486,960
2019-01-23T19:45:00+09:00,J1,1449,1750,3199
2019-01-23T19:45:00+09:00,J2,909,880,1789
2019-01-23T19:45:00+09:00,J3,1609,1480,3089
2019-01-23T19:45:00+09:00,J4,1311,1070,2381
2019-01-23T19:45:00+09:00,J5,795,723,1518
2019-01-23T20:00:00+09:00,J1,1073,1314,2387
2019-01-23T20:00:00+09:00,J2,700,619,1319
2019-01-23T20:00:00+09:00,J3,1344,1160,2504
2019-01-23T20:00:00+09:00,J4,956,895,1851
2019-01-23T20:00:00+09:00,J5,552,527,1079
2019-01-23T20:15:00+09:00,J1,1088,1329,2417
2019-01-23T20:15:00+09:00,J2,740,806,1546
2019-01-23T20:15:00+09:00,J3,1257,1115,2372
2019-01-23T20:15:00+09:00,J4,1074,998,2072
2019-01-23T20:15:00+09:00,J5,581,556,1137
2019-01-23T20:30:00+09:00,J1,1112,1261,2373
2019-01-23T20:30:00+09:00,J2,802,791,1593
2019-01-23T20:30:00+09:00,J3,1330,1159,2489
2019-01-23T20:30:00+09:00,J4,1018,993,2011
2019-01-23T20:30:00+09:00,J5,592,618,1210
2019-01-23T20:45:00+09:00,J1,1157,1300,2457
2019-01-23T20:45:00+09:00,J2,726,733,1459
2019-01-23T20:45:00+09:00,J3,1306,1103,2409
2019-01-23T20:45:00+09:00,J4,1016,879,1895
2019-01-23T20:45:00+09:00,J5,506,597,1103
2019-01-23T21:00:00+09:00,J1,1070,1283,2353
2019-01-23T21:00:00+09:00,J2,707,680,1387
2019-01-23T21:00:00+09:00,J3,1128,901,2029
2019-01-23T21:00:00+09:00,J4,942,852,1794
2019-01-23T21:00:00+09:00,J5,595,619,1214
2019-01-23T21:15:00+09:00,J1,1058,1265,2323
2019-01-23T21:15:00+09:00,J2,758,727,1485
2019-01-23T21:15:00+09:00,J3,1118,947,2065
2019-01-23T21:15:00+09:00,J4,1032,926,1958
2019-01-23T21:15:00+09:00,J5,562,621,1183
2019-01-23T21:30:00+09:00,J1,1013,1237,2250
2019-01-23T21:30:00+09:00,J2,745,770,1515
2019-01-23T21:30:00+09:00,J3,1040,917,1957
2019-01-23T21:30:00+09:00,J4,837,880,1717
2019-01-23T21:30:00+09:00,J5,591,636,1227
2019-01-23T21:45:00+09:00,J1,1035,1177,2212
2019-01-23T21:45:00+09:00,J2,947,940,1887
2019-01-23T21:45:00+09:00,J3,1023,900,1923
2019-01-23T21:45:00+09:00,J4,819,844,1663
2019-01-23T21:45:00+09:00,J5,632,591,1223
2019-01-23T22:00:00+09:00,J1,990,1166,2156
2019-01-23T22:00:00+09:00,J2,850,895,1745
2019-01-23T22:00:00+09:00,J3,970,938,1908
2019-01-23T22:00:00+09:00,J4,880,885,1765
2019-01-23T22:00:00+09:00,J5,608,609,1217
2019-01-23T22:15:00+09:00,J1,1022,1215,2237
2019-01-23T22:15:00+09:00,J2,874,877,1751
2019-01-23T22:15:00+09:00,J3,949,957,1906
2019-01-23T22:15:00+09:00,J4,811,850,1661
2019-01-23T22:15:00+09:00,J5,550,594,1144
2019-01-23T22:30:00+09:00,J1,1062,1135,2197
2019-01-23T22:30:00+09:00,J2,889,814,1703
2019-01-23T22:30:00+09:00,J3,991,994,1985
2019-01-23T22:30:00+09:00,J4,810,867,1677
2019-01-23T22:30:00+09:00,J5,599,582,1181
2019-01-23T22:45:00+09:00,J1,1054,1152,2206
2019-01-23T22:45:00+09:00,J2,824,871,1695
2019-01-23T22:45:00+09:00,J3,1099,990,2089
2019-01-23T22:45:00+09:00,J4,816,920,1736
2019-01-23T22:45:00+09:00,J5,539,536,1075
2019-01-23T23:00:00+09:00,J1,1030,1191,2221
2019-01-23T23:00:00+09:00,J2,863,770,1633
2019-01-23T23:00:00+09:00,J3,1124,995,2119
2019-01-23T23:00:00+09:00,J4,802,849,1651
2019-01-23T23:00:00+09:00,J5,575,543,1118
2019-01-23T23:15:00+09:00,J1,968,1071,2039
2019-01-23T23:15:00+09:00,J2,792,793,1585
2019-01-23T23:15:00+09:00,J3,1124,940,2064
2019-01-23T23:15:00+09:00,J4,846,858,1704
2019-01-23T23:15:00+09:00,J5,534,529,1063
2019-01-23T23:30:00+09:00,J1,998,1065,2063
2019-01-23T23:30:00+09:00,J2,730,796,1526
2019-01-23T23:30:00+09:00,J3,1134,944,2078
2019-01-23T23:30:00+09:00,J4,662,770,1432
2019-01-23T23:30:00+09:00,J5,530,486,1016
2019-01-23T23:45:00+09:00,J1,953,1110,2063
2019-01-23T23:45:00+09:00,J2,775,713,1488
2019-01-23T23:45:00+09:00,J3,1107,926,2033
2019-01-23T23:45:00+09:00,J4,720,837,1557
2019-01-23T23:45:00+09:00,J5,511,512,1023
2019-01-24T00:00:00+09:00,J1,869,1042,1911
2019-01-24T00:00:00+09:00,J2,670,644,1314
2019-01-24T00:00:00+09:00,J3,1047,876,1923
2019-01-24T00:00:00+09:00,J4,743,761,1504
2019-01-24T00:00:00+09:00,J5,509,513,1022
2019-01-24T00:15:00+09:00,J1,739,809,1548
2019-01-24T00:15:00+09:00,J2,567,609,1176
2019-01-24T00:15:00+09:00,J3,901,601,1502
2019-01-24T00:15:00+09:00,J4,630,719,1349
2019-01-24T00:15:00+09:00,J5,446,483,929
2019-01-24T00:30:00+09:00,J1,722,675,1397
2019-01-24T00:30:00+09:00,J2,575,580,1155
2019-01-24T00:30:00+09:00,J3,723,630,1353
2019-01-24T00:30:00+09:00,J4,503,593,1096
2019-01-24T00:30:00+09:00,J5,492,496,988
2019-01-24T00:45:00+09:00,J1,569,580,1149
2019-01-24T00:45:00+09:00,J2,611,604,1215
2019-01-24T00:45:00+09:00,J3,711,585,1296
2019-01-24T00:45:00+09:00,J4,452,545,997
2019-01-24T00:45:00+09:00,J5,500,514,1014
2019-01-24T05:45:00+09:00,J1,969,894,1863
2019-01-24T05:45:00+09:00,J2,610,620,1230
2019-01-24T05:45:00+09:00,J3,648,628,1276
2019-01-24T05:45:00+09:00,J4,644,715,1359
2019-01-24T05:45:00+09:00,J5,490,504,994
2019-01-24T06:00:00+09:00,J1,872,836,1708
2019-01-24T06:00:00+09:00,J2,612,542,1154
2019-01-24T06:00:00+09:00,J3,598,673,1271
2019-01-24T06:00:00+09:00,J4,658,659,1317
2019-01-24T06:00:00+09:00,J5,402,461,863
2019-01-24T06:15:00+09:00,J1,950,908,1858
2019-01-24T06:15:00+09:00,J2,570,594,1164
2019-01-24T06:15:00+09:00,J3,634,656,1290
2019-01-24T06:15:00+09:00,J4,691,746,1437
2019-01-24T06:15:00+09:00,J5,464,503,967
2019-01-24T06:30:00+09:00,J1,965,986,1951
2019-01-24T06:30:00+09:00,J2,627,579,1206
2019-01-24T06:30:00+09:00,J3,604,594,1198
2019-01-24T06:30:00+09:00,J4,669,795,1464
2019-01-24T06:30:00+09:00,J5,515,492,1007
2019-01-24T06:45:00+09:00,J1,1088,1024,2112
2019-01-24T06:45:00+09:00,J2,790,817,1607
2019-01-24T06:45:00+09:00,J3,761,644,1405
2019-01-24T06:45:00+09:00,J4,687,808,1495
2019-01-24T06:45:00+09:00,J5,489,494,983
2019-01-24T07:00:00+09:00,J1,966,1105,2071
2019-01-24T07:00:00+09:00,J2,912,933,1845
2019-01-24T07:00:00+09:00,J3,678,700,1378
2019-01-24T07:00:00+09:00,J4,863,861,1724
2019-01-24T07:00:00+09:00,J5,594,567,1161
2019-01-24T07:15:00+09:00,J1,1014,1050,2064
2019-01-24T07:15:00+09:00,J2,912,867,1779
2019-01-24T07:15:00+09:00,J3,753,788,1541
2019-01-24T07:15:00+09:00,J4,898,1089,1987
2019-01-24T07:15:00+09:00,J5,541,593,1134
2019-01-24T07:30:00+09:00,J1,1221,1295,2516
2019-01-24T07:30:00+09:00,J2,938,819,1757
2019-01-24T07:30:00+09:00,J3,1243,1105,2348
2019-01-24T07:30:00+09:00,J4,897,1120,2017
2019-01-24T07:30:00+09:00,J5,564,571,1135
2019-01-24T07:45:00+09:00,J1,1232,1287,2519
2019-01-24T07:45:00+09:00,J2,963,720,1683
2019-01-24T07:45:00+09:00,J3,1344,1150,2494
2019-01-24T07:45:00+09:00,J4,976,1264,2240
2019-01-24T07:45:00+09:00,J5,525,580,1105
2019-01-24T08:00:00+09:00,J1,1319,1309,2628
2019-01-24T08:00:00+09:00,J2,986,708,1694
2019-01-24T08:00:00+09:00,J3,1509,1416,2925
2019-01-24T08:00:00+09:00,J4,958,1282,2240
2019-01-24T08:00:00+09:00,J5,636,678,1314
2019-01-24T08:15:00+09:00,J1,1374,1368,2742
2019-01-24T08:15:00+09:00,J2,1137,778,1915
2019-01-24T08:15:00+09:00,J3,1595,1475,3070
2019-01-24T08:15:00+09:00,J4,1049,1262,2311
2019-01-24T08:15:00+09:00,J5,625,638,1263
2019-01-24T08:30:00+09:00,J1,1432,1340,2772
2019-01-24T08:30:00+09:00,J2,1149,682,1831
2019-01-24T08:30:00+09:00,J3,1427,1417,2844
2019-01-24T08:30:00+09:00,J4,1062,1275,2337
2019-01-24T08:30:00+09:00,J5,658,654,1312
2019-01-24T08:45:00+09:00,J1,1317,1323,2640
2019-01-24T08:45:00+09:00,J2,954,608,1562
2019-01-24T08:45:00+09:00,J3,1300,1362,2662
2019-01-24T08:45:00+09:00,J4,870,1147,2017
2019-01-24T08:45:00+09:00,J5,520,551,1071
2019-01-24T09:00:00+09:00,J1,1291,1350,2641
2019-01-24T09:00:00+09:00,J2,916,631,1547
2019-01-24T09:00:00+09:00,J3,1208,1102,2310
2019-01-24T09:00:00+09:00,J4,672,982,1654
2019-01-24T09:00:00+09:00,J5,493,540,1033
2019-01-24T09:15:00+09:00,J1,1283,1306,2589
2019-01-24T09:15:00+09:00,J2,950,650,1600
2019-01-24T09:15:00+09:00,J3,1158,1088,2246
2019-01-24T09:15:00+09:00,J4,675,967,1642
2019-01-24T09:15:00+09:00,J5,613,540,1153
2019-01-24T09:30:00+09:00,J1,1376,1333,2709
2019-01-24T09:30:00+09:00,J2,910,650,1560
2019-01-24T09:30:00+09:00,J3,1058,1020,2078
2019-01-24T09:30:00+09:00,J4,811,950,1761
2019-01-24T09:30:00+09:00,J5,584,502,1086
2019-01-24T09:45:00+09:00,J1,1194,1327,2521
2019-01-24T09:45:00+09:00,J2,884,681,1565
2019-01-24T09:45:00+09:00,J3,1045,972,2017
2019-01-24T09:45:00+09:00,J4,862,915,1777
2019-01-24T09:45:00+09:00,J5,590,572,1162
2019-01-24T10:00:00+09:00,J1,1250,1400,2650
2019-01-24T10:00:00+09:00,J2,768,654,1422
2019-01-24T10:00:00+09:00,J3,907,915,1822
2019-01-24T10:00:00+09:00,J4,712,817,1529
2019-01-24T10:00:00+09:00,J5,576,619,1195
2019-01-24T10:15:00+09:00,J1,1276,1377,2653
2019-01-24T10:15:00+09:00,J2,824,738,1562
2019-01-24T10:15:00+09:00,J3,995,877,1872
2019-01-24T10:15:00+09:00,J4,717,886,1603
2019-01-24T10:15:00+09:00,J5,558,602,1160
2019-01-24T10:30:00+09:00,J1,1212,1373,2585
2019-01-24T10:30:00+09:00,J2,890,755,1645
2019-01-24T10:30:00+09:00,J3,1009,927,1936
2019-01-24T10:30:00+09:00,J4,784,902,1686
2019-01-24T10:30:00+09:00,J5,631,563,1194
2019-01-24T10:45:00+09:00,J1,1308,1364,2672
2019-01-24T10:45:00+09:00,J2,867,735,1602
2019-01-24T10:45:00+09:00,J3,1035,860,1895
2019-01-24T10:45:00+09:00,J4,815,944,1759
2019-01-24T10:45:00+09:00,J5,542,542,1084
2019-01-24T11:00:00+09:00,J1,1203,1255,2458
2019-01-24T11:00:00+09:00,J2,762,803,1565
2019-01-24T11:00:00+09:00,J3,989,945,1934
2019-01-24T11:00:00+09:00,J4,826,930,1756
2019-01-24T11:00:00+09:00,J5,530,570,1100
2019-01-24T11:15:00+09:00,J1,1166,1421,2587
2019-01-24T11:15:00+09:00,J2,711,845,1556
2019-01-24T11:15:00+09:00,J3,1196,1119,2315
2019-01-24T11:15:00+09:00,J4,809,966,1775
2019-01-24T11:15:00+09:00,J5,487,462,949
2019-01-24T11:30:00+09:00,J1,1148,1338,2486
2019-01-24T11:30:00+09:00,J2,735,811,1546
2019-01-24T11:30:00+09:00,J3,1114,1045,2159
2019-01-24T11:30:00+09:00,J4,824,1029,1853
2019-01-24T11:30:00+09:00,J5,461,575,1036
2019-01-24T11:45:00+09:00,J1,1218,1323,2541
2019-01-24T11:45:00+09:00,J2,701,814,1515
2019-01-24T11:45:00+09:00,J3,1149,1043,2192
2019-01-24T11:45:00+09:00,J4,848,1019,1867
2019-01-24T11:45:00+09:00,J5,451,544,995
2019-01-24T12:00:00+09:00,J1,1159,1327,2486
2019-01-24T12:00:00+09:00,J2,751,822,1573
2019-01-24T12:00:00+09:00,J3,1388,1288,2676
2019-01-24T12:00:00+09:00,J4,1088,944,2032
2019-01-24T12:00:00+09:00,J5,489,535,1024
2019-01-24T12:15:00+09:00,J1,1066,1339,2405
2019-01-24T12:15:00+09:00,J2,754,777,1531
2019-01-24T12:15:00+09:00,J3,1212,1157,2369
2019-01-24T12:15:00+09:00,J4,1036,918,1954
2019-01-24T12:15:00+09:00,J5,503,540,1043
2019-01-24T12:30:00+09:00,J1,1097,1343,2440
2019-01-24T12:30:00+09:00,J2,753,726,1479
2019-01-24T12:30:00+09:00,J3,1286,1145,2431
2019-01-24T12:30:00+09:00,J4,980,961,1941
2019-01-24T12:30:00+09:00,J5,467,460,927
2019-01-24T12:45:00+09:00,J1,1057,1290,2347
2019-01-24T12:45:00+09:00,J2,767,737,1504
2019-01-24T12:45:00+09:00,J3,1393,1157,2550
2019-01-24T12:45:00+09:00,J4,975,946,1921
2019-01-24T12:45:00+09:00,J5,457,468,925
2019-01-24T13:00:00+09:00,J1,1039,1312,2351
2019-01-24T13:00:00+09:00,J2,910,823,1733
2019-01-24T13:00:00+09:00,J3,1308,1088,2396
2019-01-24T13:00:00+09:00,J4,974,955,1929
2019-01-24T13:00:00+09:00,J5,485,448,933
2019-01-24T13:15:00+09:00,J1,1145,1302,2447
2019-01-24T13:15:00+09:00,J2,777,789,1566
2019-01-24T13:15:00+09:00,J3,1329,1050,2379
2019-01-24T13:15:00+09:00,J4,975,943,1918
2019-01-24T13:15:00+09:00,J5,511,440,951
2019-01-24T13:30:00+09:00,J1,1096,1309,2405
2019-01-24T13:30:00+09:00,J2,805,855,1660
2019-01-24T13:30:00+09:00,J3,1356,1128,2484
2019-01-24T13:30:00+09:00,J4,1029,884,1913
2019-01-24T13:30:00+09:00,J5,426,542,968
2019-01-24T13:45:00+09:00,J1,1086,1335,2421
2019-01-24T13:45:00+09:00,J2,828,883,1711
2019-01-24T13:45:00+09:00,J3,1633,1226,2859
2019-01-24T13:45:00+09:00,J4,962,889,1851
2019-01-24T13:45:00+09:00,J5,415,550,965
2019-01-24T14:00:00+09:00,J1,1113,1304,2417
2019-01-24T14:00:00+09:00,J2,798,828,1626
2019-01-24T14:00:00+09:00,J3,1477,1277,2754
2019-01-24T14:00:00+09:00,J4,955,865,1820
2019-01-24T14:00:00+09:00,J5,478,533,1011
2019-01-24T14:15:00+09:00,J1,1105,1308,2413
2019-01-24T14:15:00+09:00,J2,957,845,1802
2019-01-24T14:15:00+09:00,J3,1368,1037,2405
2019-01-24T14:15:00+09:00,J4,1004,961,1965
2019-01-24T14:15:00+09:00,J5,417,508,925
2019-01-24T14:30:00+09:00,J1,1136,1354,2490
2019-01-24T14:30:00+09:00,J2,892,852,1744
2019-01-24T14:30:00+09:00,J3,1274,989,2263
2019-01-24T14:30:00+09:00,J4,985,950,1935
2019-01-24T14:30:00+09:00,J5,426,469,895
2019-01-24T14:45:00+09:00,J1,1103,1322,2425
2019-01-24T14:45:00+09:00,J2,823,792,1615
2019-01-24T14:45:00+09:00,J3,1267,1052,2319
2019-01-24T14:45:00+09:00,J4,980,1023,2003
2019-01-24T14:45:00+09:00,J5,414,396,810
2019-01-24T15:00:00+09:00,J1,1143,1331,2474
2019-01-24T15:00:00+09:00,J2,820,801,1621
2019-01-24T15:00:00+09:00,J3,1234,974,2208
2019-01-24T15:00:00+09:00,J4,958,916,1874
2019-01-24T15:00:00+09:00,J5,417,405,822
2019-01-24T15:15:00+09:00,J1,1114,1253,2367
2019-01-24T15:15:00+09:00,J2,682,840,1522
2019-01-24T15:15:00+09:00,J3,1224,1051,2275
2019-01-24T15:15:00+09:00,J4,997,971,1968
2019-01-24T15:15:00+09:00,J5,450,443,893
2019-01-24T15:30:00+09:00,J1,1104,1326,2430
2019-01-24T15:30:00+09:00,J2,795,800,1595
2019-01-24T15:30:00+09:00,J3,1314,1021,2335
2019-01-24T15:30:00+09:00,J4,974,937,1911
2019-01-24T15:30:00+09:00,J5,464,442,906
2019-01-24T15:45:00+09:00,J1,1100,1316,2416
2019-01-24T15:45:00+09:00,J2,788,836,1624
2019-01-24T15:45:00+09:00,J3,1216,1100,2316
2019-01-24T15:45:00+09:00,J4,976,971,1947
2019-01-24T15:45:00+09:00,J5,482,438,920
2019-01-24T16:00:00+09:00,J1,1162,1329,2491
2019-01-24T16:00:00+09:00,J2,790,867,1657
2019-01-24T16:00:00+09:00,J3,1207,997,2204
2019-01-24T16:00:00+09:00,J4,999,947,1946
2019-01-24T16:00:00+09:00,J5,407,409,816
2019-01-24T16:15:00+09:00,J1,1098,1300,2398
2019-01-24T16:15:00+09:00,J2,790,817,1607
2019-01-24T16:15:00+09:00,J3,1262,1067,2329
2019-01-24T16:15:00+09:00,J4,999,952,1951
2019-01-24T16:15:00+09:00,J5,469,401,870
2019-01-24T16:30:00+09:00,J1,1156,1346,2502
2019-01-24T16:30:00+09:00,J2,932,742,1674
2019-01-24T16:30:00+09:00,J3,1380,1218,2598
2019-01-24T16:30:00+09:00,J4,1010,953,1963
2019-01-24T16:30:00+09:00,J5,449,418,867
2019-01-24T16:45:00+09:00,J1,1125,1311,2436
2019-01-24T16:45:00+09:00,J2,784,788,1572
2019-01-24T16:45:00+09:00,J3,1315,1206,2521
2019-01-24T16:45:00+09:00,J4,1010,926,1936
2019-01-24T16:45:00+09:00,J5,533,456,989
2019-01-24T17:00:00+09:00,J1,1181,1414,2595
2019-01-24T17:00:00+09:00,J2,808,873,1681
2019-01-24T17:00:00+09:00,J3,1451,1175,2626
2019-01-24T17:00:00+09:00,J4,926,1021,1947
2019-01-24T17:00:00+09:00,J5,536,472,1008
2019-01-24T17:15:00+09:00,J1,1131,1387,2518
2019-01-24T17:15:00+09:00,J2,842,893,1735
2019-01-24T17:15:00+09:00,J3,1503,1202,2705
2019-01-24T17:15:00+09:00,J4,836,897,1733
2019-01-24T17:15:00+09:00,J5,603,625,1228
2019-01-24T17:30:00+09:00,J1,1134,1359,2493
2019-01-24T17:30:00+09:00,J2,937,1011,1948
2019-01-24T17:30:00+09:00,J3,1595,1258,2853
2019-01-24T17:30:00+09:00,J4,908,836,1744
2019-01-24T17:30:00+09:00,J5,652,692,1344
2019-01-24T17:45:00+09:00,J1,1126,1414,2540
2019-01-24T17:45:00+09:00,J2,971,1003,1974
2019-01-24T17:45:00+09:00,J3,1642,1261,2903
2019-01-24T17:45:00+09:00,J4,1083,941,2024
2019-01-24T17:45:00+09:00,J5,678,716,1394
2019-01-24T18:00:00+09:00,J1,1226,1412,2638
2019-01-24T18:00:00+09:00,J2,955,1056,2011
2019-01-24T18:00:00+09:00,J3,1694,1226,2920
2019-01-24T18:00:00+09:00,J4,1019,830,1849
2019-01-24T18:00:00+09:00,J5,648,759,1407
2019-01-24T18:15:00+09:00,J1,1241,1373,2614
2019-01-24T18:15:00+09:00,J2,1056,1037,2093
2019-01-24T18:15:00+09:00,J3,1656,1358,3014
2019-01-24T18:15:00+09:00,J4,1183,970,2153
2019-01-24T18:15:00+09:00,J5,752,835,1587
2019-01-24T18:30:00+09:00,J1,1122,1329,2451
2019-01-24T18:30:00+09:00,J2,886,994,1880
2019-01-24T18:30:00+09:00,J3,1505,1264,2769
2019-01-24T18:30:00+09:00,J4,1221,948,2169
2019-01-24T18:30:00+09:00,J5,720,832,1552
2019-01-24T18:45:00+09:00,J1,1120,1318,2438
2019-01-24T18:45:00+09:00,J2,890,981,1871
2019-01-24T18:45:00+09:00,J3,1414,1178,2592
2019-01-24T18:45:00+09:00,J4,1133,927,2060
2019-01-24T18:45:00+09:00,J5,665,773,1438
2019-01-24T19:00:00+09:00,J1,1170,1215,2385
2019-01-24T19:00:00+09:00,J2,887,897,1784
2019-01-24T19:00:00+09:00,J3,1528,1209,2737
2019-01-24T19:00:00+09:00,J4,1066,946,2012
2019-01-24T19:00:00+09:00,J5,716,764,1480
2019-01-24T19:15:00+09:00,J1,1064,1293,2357
2019-01-24T19:15:00+09:00,J2,849,871,1720
2019-01-24T19:15:00+09:00,J3,1408,1255,2663
2019-01-24T19:15:00+09:00,J4,1002,972,1974
2019-01-24T19:15:00+09:00,J5,752,818,1570
2019-01-24T19:30:00+09:00,J1,1045,1188,2233
2019-01-24T19:30:00+09:00,J2,876,849,1725
2019-01-24T19:30:00+09:00,J3,1376,1217,2593
2019-01-24T19:30:00+09:00,J4,1000,905,1905
2019-01-24T19:30:00+09:00,J5,770,725,1495
2019-01-24T19:45:00+09:00,J1,1070,1302,2372
2019-01-24T19:45:00+09:00,J2,871,864,1735
2019-01-24T19:45:00+09:00,J3,1298,1150,2448
2019-01-24T19:45:00+09:00,J4,999,928,1927
2019-01-24T19:45:00+09:00,J5,679,699,1378
2019-01-24T20:00:00+09:00,J1,1056,1283,2339
2019-01-24T20:00:00+09:00,J2,765,851,1616
2019-01-24T20:00:00+09:00,J3,1181,1130,2311
2019-01-24T20:00:00+09:00,J4,999,966,1965
2019-01-24T20:00:00+09:00,J5,647,721,1368
2019-01-24T20:15:00+09:00,J1,1123,1313,2436
2019-01-24T20:15:00+09:00,J2,862,879,1741
2019-01-24T20:15:00+09:00,J3,1183,1032,2215
2019-01-24T20:15:00+09:00,J4,1039,933,1972
2019-01-24T20:15:00+09:00,J5,676,695,1371
2019-01-24T20:30:00+09:00,J1,1230,1261,2491
2019-01-24T20:30:00+09:00,J2,896,766,1662
2019-01-24T20:30:00+09:00,J3,1171,1052,2223
2019-01-24T20:30:00+09:00,J4,1059,916,1975
2019-01-24T20:30:00+09:00,J5,662,700,1362
2019-01-24T20:45:00+09:00,J1,1110,1245,2355
2019-01-24T20:45:00+09:00,J2,718,724,1442
2019-01-24T20:45:00+09:00,J3,1190,1102,2292
2019-01-24T20:45:00+09:00,J4,1052,938,1990
2019-01-24T20:45:00+09:00,J5,643,622,1265
2019-01-24T21:00:00+09:00,J1,1036,1207,2243
2019-01-24T21:00:00+09:00,J2,836,827,1663
2019-01-24T21:00:00+09:00,J3,1157,909,2066
2019-01-24T21:00:00+09:00,J4,938,884,1822
2019-01-24T21:00:00+09:00,J5,672,652,1324
2019-01-24T21:15:00+09:00,J1,1037,1315,2352
2019-01-24T21:15:00+09:00,J2,915,832,1747
2019-01-24T21:15:00+09:00,J3,1049,936,1985
2019-01-24T21:15:00+09:00,J4,960,875,1835
2019-01-24T21:15:00+09:00,J5,669,608,1277
2019-01-24T21:30:00+09:00,J1,1045,1162,2207
2019-01-24T21:30:00+09:00,J2,899,922,1821
2019-01-24T21:30:00+09:00,J3,1097,1041,2138
2019-01-24T21:30:00+09:00,J4,960,818,1778
2019-01-24T21:30:00+09:00,J5,656,619,1275
2019-01-24T21:45:00+09:00,J1,1011,1234,2245
2019-01-24T21:45:00+09:00,J2,894,769,1663
2019-01-24T21:45:00+09:00,J3,1014,958,1972
2019-01-24T21:45:00+09:00,J4,841,875,1716
2019-01-24T21:45:00+09:00,J5,689,619,1308
2019-01-24T22:00:00+09:00,J1,948,1156,2104
2019-01-24T22:00:00+09:00,J2,803,833,1636
2019-01-24T22:00:00+09:00,J3,1108,1030,2138
2019-01-24T22:00:00+09:00,J4,828,861,1689
2019-01-24T22:00:00+09:00,J5,603,662,1265
2019-01-24T22:15:00+09:00,J1,988,1153,2141
2019-01-24T22:15:00+09:00,J2,736,805,1541
2019-01-24T22:15:00+09:00,J3,1019,1063,2082
2019-01-24T22:15:00+09:00,J4,800,844,1644
2019-01-24T22:15:00+09:00,J5,636,603,1239
2019-01-24T22:30:00+09:00,J1,1018,1154,2172
2019-01-24T22:30:00+09:00,J2,725,779,1504
2019-01-24T22:30:00+09:00,J3,1068,1007,2075
2019-01-24T22:30:00+09:00,J4,764,836,1600
2019-01-24T22:30:00+09:00,J5,611,599,1210
2019-01-24T22:45:00+09:00,J1,1003,1171,2174
2019-01-24T22:45:00+09:00,J2,698,747,1445
2019-01-24T22:45:00+09:00,J3,1016,1002,2018
2019-01-24T22:45:00+09:00,J4,781,802,1583
2019-01-24T22:45:00+09:00,J5,548,505,1053
2019-01-24T23:00:00+09:00,J1,1059,1208,2267
2019-01-24T23:00:00+09:00,J2,682,685,1367
2019-01-24T23:00:00+09:00,J3,1207,924,2131
2019-01-24T23:00:00+09:00,J4,823,794,1617
2019-01-24T23:00:00+09:00,J5,553,546,1099
2019-01-24T23:15:00+09:00,J1,997,1143,2140
2019-01-24T23:15:00+09:00,J2,660,778,1438
2019-01-24T23:15:00+09:00,J3,1158,946,2104
2019-01-24T23:15:00+09:00,J4,775,890,1665
2019-01-24T23:15:00+09:00,J5,481,472,953
2019-01-24T23:30:00+09:00,J1,1028,1120,2148
2019-01-24T23:30:00+09:00,J2,656,761,1417
2019-01-24T23:30:00+09:00,J3,1128,889,2017
2019-01-24T23:30:00+09:00,J4,711,815,1526
2019-01-24T23:30:00+09:00,J5,490,513,1003
2019-01-24T23:45:00+09:00,J1,945,1074,2019
2019-01-24T23:45:00+09:00,J2,646,673,1319
2019-01-24T23:45:00+09:00,J3,1138,902,2040
2019-01-24T23:45:00+09:00,J4,711,800,1511
2019-01-24T23:45:00+09:00,J5,508,517,1025
2019-01-25T00:00:00+09:00,J1,908,974,1882
2019-01-25T00:00:00+09:00,J2,640,600,1240
2019-01-25T00:00:00+09:00,J3,1073,862,1935
2019-01-25T00:00:00+09:00,J4,829,754,1583
2019-01-25T00:00:00+09:00,J5,464,525,989
2019-01-25T00:15:00+09:00,J1,794,827,1621
2019-01-25T00:15:00+09:00,J2,535,581,1116
2019-01-25T00:15:00+09:00,J3,867,664,1531
2019-01-25T00:15:00+09:00,J4,773,670,1443
2019-01-25T00:15:00+09:00,J5,478,536,1014
2019-01-25T00:30:00+09:00,J1,644,795,1439
2019-01-25T00:30:00+09:00,J2,594,638,1232
2019-01-25T00:30:00+09:00,J3,735,537,1272
2019-01-25T00:30:00+09:00,J4,665,607,1272
2019-01-25T00:30:00+09:00,J5,432,530,962
2019-01-25T00:45:00+09:00,J1,739,762,1501
2019-01-25T00:45:00+09:00,J2,579,614,1193
2019-01-25T00:45:00+09:00,J3,726,564,1290
2019-01-25T00:45:00+09:00,J4,572,730,1302
2019-01-25T00:45:00+09:00,J5,427,459,886
2019-01-25T05:45:00+09:00,J1,990,1000,1990
2019-01-25T05:45:00+09:00,J2,591,589,1180
2019-01-25T05:45:00+09:00,J3,660,609,1269
2019-01-25T05:45:00+09:00,J4,525,570,1095
2019-01-25T05:45:00+09:00,J5,537,473,1010
2019-01-25T06:00:00+09:00,J1,902,915,1817
2019-01-25T06:00:00+09:00,J2,594,554,1148
2019-01-25T06:00:00+09:00,J3,696,733,1429
2019-01-25T06:00:00+09:00,J4,508,605,1113
2019-01-25T06:00:00+09:00,J5,570,473,1043
2019-01-25T06:15:00+09:00,J1,900,1005,1905
2019-01-25T06:15:00+09:00,J2,655,650,1305
2019-01-25T06:15:00+09:00,J3,728,809,1537
2019-01-25T06:15:00+09:00,J4,532,693,1225
2019-01-25T06:15:00+09:00,J5,518,468,986
2019-01-25T06:30:00+09:00,J1,966,990,1956
2019-01-25T06:30:00+09:00,J2,598,545,1143
2019-01-25T06:30:00+09:00,J3,751,779,1530
2019-01-25T06:30:00+09:00,J4,526,674,1200
2019-01-25T06:30:00+09:00,J5,442,463,905
2019-01-25T06:45:00+09:00,J1,1064,1060,2124
2019-01-25T06:45:00+09:00,J2,765,778,1543
2019-01-25T06:45:00+09:00,J3,943,802,1745
2019-01-25T06:45:00+09:00,J4,623,775,1398
2019-01-25T06:45:00+09:00,J5,471,447,918
2019-01-25T07:00:00+09:00,J1,1152,1191,2343
2019-01-25T07:00:00+09:00,J2,775,732,1507
2019-01-25T07:00:00+09:00,J3,791,645,1436
2019-01-25T07:00:00+09:00,J4,805,881,1686
2019-01-25T07:00:00+09:00,J5,602,523,1125
2019-01-25T07:15:00+09:00,J1,1128,1159,2287
2019-01-25T07:15:00+09:00,J2,739,743,1482
2019-01-25T07:15:00+09:00,J3,922,901,1823
2019-01-25T07:15:00+09:00,J4,898,994,1892
2019-01-25T07:15:00+09:00,J5,639,574,1213
2019-01-25T07:30:00+09:00,J1,1155,1266,2421
2019-01-25T07:30:00+09:00,J2,734,685,1419
2019-01-25T07:30:00+09:00,J3,1168,1018,2186
2019-01-25T07:30:00+09:00,J4,883,981,1864
2019-01-25T07:30:00+09:00,J5,593,500,1093
2019-01-25T07:45:00+09:00,J1,1170,1286,2456
2019-01-25T07:45:00+09:00,J2,955,749,1704
2019-01-25T07:45:00+09:00,J3,1344,1215,2559
2019-01-25T07:45:00+09:00,J4,1003,1166,2169
2019-01-25T07:45:00+09:00,J5,636,666,1302
2019-01-25T08:00:00+09:00,J1,1280,1313,2593
2019-01-25T08:00:00+09:00,J2,1075,807,1882
2019-01-25T08:00:00+09:00,J3,1465,1378,2843
2019-01-25T08:00:00+09:00,J4,1095,1340,2435
2019-01-25T08:00:00+09:00,J5,736,752,1488
2019-01-25T08:15:00+09:00,J1,1402,1290,2692
2019-01-25T08:15:00+09:00,J2,1198,966,2164
2019-01-25T08:15:00+09:00,J3,1541,1488,3029
2019-01-25T08:15:00+09:00,J4,1022,1391,2413
2019-01-25T08:15:00+09:00,J5,726,799,1525
2019-01-25T08:30:00+09:00,J1,1377,1377,2754
2019-01-25T08:30:00+09:00,J2,1101,848,1949
2019-01-25T08:30:00+09:00,J3,1274,1411,2685
2019-01-25T08:30:00+09:00,J4,989,1250,2239
2019-01-25T08:30:00+09:00,J5,613,747,1360
2019-01-25T08:45:00+09:00,J1,1321,1387,2708
2019-01-25T08:45:00+09:00,J2,979,688,1667
2019-01-25T08:45:00+09:00,J3,956,1124,2080
2019-01-25T08:45:00+09:00,J4,978,1123,2101
2019-01-25T08:45:00+09:00,J5,637,676,1313
2019-01-25T09:00:00+09:00,J1,1288,1337,2625
2019-01-25T09:00:00+09:00,J2,957,679,1636
2019-01-25T09:00:00+09:00,J3,1151,1052,2203
2019-01-25T09:00:00+09:00,J4,875,1052,1927
2019-01-25T09:00:00+09:00,J5,677,694,1371
2019-01-25T09:15:00+09:00,J1,1221,1301,2522
2019-01-25T09:15:00+09:00,J2,951,708,1659
2019-01-25T09:15:00+09:00,J3,1042,1018,2060
2019-01-25T09:15:00+09:00,J4,952,1080,2032
2019-01-25T09:15:00+09:00,J5,517,522,1039
2019-01-25T09:30:00+09:00,J1,1343,1296,2639
2019-01-25T09:30:00+09:00,J2,954,767,1721
2019-01-25T09:30:00+09:00,J3,1125,1111,2236
2019-01-25T09:30:00+09:00,J4,1041,994,2035
2019-01-25T09:30:00+09:00,J5,608,524,1132
2019-01-25T09:45:00+09:00,J1,1270,1330,2600
2019-01-25T09:45:00+09:00,J2,761,571,1332
2019-01-25T09:45:00+09:00,J3,1152,1161,2313
2019-01-25T09:45:00+09:00,J4,951,970,1921
2019-01-25T09:45:00+09:00,J5,562,568,1130
2019-01-25T10:00:00+09:00,J1,1308,1310,2618
2019-01-25T10:00:00+09:00,J2,627,626,1253
2019-01-25T10:00:00+09:00,J3,1024,950,1974
2019-01-25T10:00:00+09:00,J4,798,886,1684
2019-01-25T10:00:00+09:00,J5,488,504,992
2019-01-25T10:15:00+09:00,J1,1304,1358,2662
2019-01-25T10:15:00+09:00,J2,701,539,1240
2019-01-25T10:15:00+09:00,J3,1038,990,2028
2019-01-25T10:15:00+09:00,J4,790,964,1754
2019-01-25T10:15:00+09:00,J5,498,534,1032
2019-01-25T10:30:00+09:00,J1,1272,1386,2658
2019-01-25T10:30:00+09:00,J2,710,582,1292
2019-01-25T10:30:00+09:00,J3,1068,1060,2128
2019-01-25T10:30:00+09:00,J4,925,942,1867
2019-01-25T10:30:00+09:00,J5,587,562,1149
2019-01-25T10:45:00+09:00,J1,1203,1368,2571
2019-01-25T10:45:00+09:00,J2,824,612,1436
2019-01-25T10:45:00+09:00,J3,1061,1086,2147
2019-01-25T10:45:00+09:00,J4,1000,977,1977
2019-01-25T10:45:00+09:00,J5,469,514,983
2019-01-25T11:00:00+09:00,J1,1255,1276,2531
2019-01-25T11:00:00+09:00,J2,785,600,1385
2019-01-25T11:00:00+09:00,J3,1041,1140,2181
2019-01-25T11:00:00+09:00,J4,988,999,1987
2019-01-25T11:00:00+09:00,J5,515,514,1029
2019-01-25T11:15:00+09:00,J1,1231,1439,2670
2019-01-25T11:15:00+09:00,J2,773,672,1445
2019-01-25T11:15:00+09:00,J3,1221,1212,2433
2019-01-25T11:15:00+09:00,J4,986,1046,2032
2019-01-25T11:15:00+09:00,J5,487,435,922
2019-01-25T11:30:00+09:00,J1,1120,1235,2355
2019-01-25T11:30:00+09:00,J2,699,540,1239
2019-01-25T11:30:00+09:00,J3,1105,985,2090
2019-01-25T11:30:00+09:00,J4,881,900,1781
2019-01-25T11:30:00+09:00,J5,524,585,1109
2019-01-25T11:45:00+09:00,J1,1413,1609,3022
2019-01-25T11:45:00+09:00,J2,849,890,1739
2019-01-25T11:45:00+09:00,J3,1445,1361,2806
2019-01-25T11:45:00+09:00,J4,1160,1134,2294
2019-01-25T11:45:00+09:00,J5,742,770,1512
2019-01-25T12:00:00+09:00,J1,1291,1368,2659
2019-01-25T12:00:00+09:00,J2,819,872,1691
2019-01-25T12:00:00+09:00,J3,1304,1156,2460
2019-01-25T12:00:00+09:00,J4,1132,1043,2175
2019-01-25T12:00:00+09:00,J5,719,724,1443
2019-01-25T12:15:00+09:00,J1,1165,1357,2522
2019-01-25T12:15:00+09:00,J2,861,774,1635
2019-01-25T12:15:00+09:00,J3,1222,1218,2440
2019-01-25T12:15:00+09:00,J4,1117,996,2113
2019-01-25T12:15:00+09:00,J5,705,754,1459
2019-01-25T12:30:00+09:00,J1,1133,1366,2499
2019-01-25T12:30:00+09:00,J2,820,855,1675
2019-01-25T12:30:00+09:00,J3,1317,1252,2569
2019-01-25T12:30:00+09:00,J4,1043,972,2015
2019-01-25T12:30:00+09:00,J5,648,784,1432
2019-01-25T12:45:00+09:00,J1,1105,1307,2412
2019-01-25T12:45:00+09:00,J2,886,783,1669
2019-01-25T12:45:00+09:00,J3,1309,1177,2486
2019-01-25T12:45:00+09:00,J4,1011,964,1975
2019-01-25T12:45:00+09:00,J5,682,731,1413
2019-01-25T13:00:00+09:00,J1,1076,1354,2430
2019-01-25T13:00:00+09:00,J2,801,921,1722
2019-01-25T13:00:00+09:00,J3,1311,1180,2491
2019-01-25T13:00:00+09:00,J4,1047,1023,2070
2019-01-25T13:00:00+09:00,J5,666,730,1396
2019-01-25T13:15:00+09:00,J1,1141,1365,2506
2019-01-25T13:15:00+09:00,J2,773,822,1595
2019-01-25T13:15:00+09:00,J3,1329,1222,2551
2019-01-25T13:15:00+09:00,J4,1038,993,2031
2019-01-25T13:15:00+09:00,J5,716,797,1513
2019-01-25T13:30:00+09:00,J1,1142,1282,2424
2019-01-25T13:30:00+09:00,J2,869,896,1765
2019-01-25T13:30:00+09:00,J3,1354,1187,2541
2019-01-25T13:30:00+09:00,J4,1048,986,2034
2019-01-25T13:30:00+09:00,J5,742,696,1438
2019-01-25T13:45:00+09:00,J1,1121,1284,2405
2019-01-25T13:45:00+09:00,J2,799,935,1734
2019-01-25T13:45:00+09:00,J3,1333,1114,2447
2019-01-25T13:45:00+09:00,J4,925,916,1841
2019-01-25T13:45:00+09:00,J5,645,706,1351
2019-01-25T14:00:00+09:00,J1,1090,1308,2398
2019-01-25T14:00:00+09:00,J2,865,941,1806
2019-01-25T14:00:00+09:00,J3,1347,1151,2498
2019-01-25T14:00:00+09:00,J4,1028,984,2012
2019-01-25T14:00:00+09:00,J5,672,726,1398
2019-01-25T14:15:00+09:00,J1,1099,1280,2379
2019-01-25T14:15:00+09:00,J2,856,934,1790
2019-01-25T14:15:00+09:00,J3,1309,1091,2400
2019-01-25T14:15:00+09:00,J4,1081,933,2014
2019-01-25T14:15:00+09:00,J5,689,760,1449
2019-01-25T14:30:00+09:00,J1,1105,1328,2433
2019-01-25T14:30:00+09:00,J2,847,918,1765
2019-01-25T14:30:00+09:00,J3,1286,1200,2486
2019-01-25T14:30:00+09:00,J4,960,941,1901
2019-01-25T14:30:00+09:00,J5,714,720,1434
2019-01-25T14:45:00+09:00,J1,1065,1373,2438
2019-01-25T14:45:00+09:00,J2,851,877,1728
2019-01-25T14:45:00+09:00,J3,1353,1002,2355
2019-01-25T14:45:00+09:00,J4,952,946,1898
2019-01-25T14:45:00+09:00,J5,660,670,1330
2019-01-25T15:00:00+09:00,J1,1115,1320,2435
2019-01-25T15:00:00+09:00,J2,881,799,1680
2019-01-25T15:00:00+09:00,J3,1297,1080,2377
2019-01-25T15:00:00+09:00,J4,991,1005,1996
2019-01-25T15:00:00+09:00,J5,673,691,1364
2019-01-25T15:15:00+09:00,J1,1161,1327,2488
2019-01-25T15:15:00+09:00,J2,806,913,1719
2019-01-25T15:15:00+09:00,J3,1355,1107,2462
2019-01-25T15:15:00+09:00,J4,1016,910,1926
2019-01-25T15:15:00+09:00,J5,622,661,1283
2019-01-25T15:30:00+09:00,J1,1093,1351,2444
2019-01-25T15:30:00+09:00,J2,878,943,1821
2019-01-25T15:30:00+09:00,J3,1441,1061,2502
2019-01-25T15:30:00+09:00,J4,967,915,1882
2019-01-25T15:30:00+09:00,J5,670,645,1315
2019-01-25T15:45:00+09:00,J1,1126,1342,2468
2019-01-25T15:45:00+09:00,J2,884,742,1626
2019-01-25T15:45:00+09:00,J3,1252,1065,2317
2019-01-25T15:45:00+09:00,J4,957,920,1877
2019-01-25T15:45:00+09:00,J5,634,718,1352
2019-01-25T16:00:00+09:00,J1,1168,1390,2558
2019-01-25T16:00:00+09:00,J2,808,773,1581
2019-01-25T16:00:00+09:00,J3,1329,1029,2358
2019-01-25T16:00:00+09:00,J4,933,896,1829
2019-01-25T16:00:00+09:00,J5,678,695,1373
2019-01-25T16:15:00+09:00,J1,1198,1273,2471
2019-01-25T16:15:00+09:00,J2,888,708,1596
2019-01-25T16:15:00+09:00,J3,1339,1067,2406
2019-01-25T16:15:00+09:00,J4,913,954,1867
2019-01-25T16:15:00+09:00,J5,690,625,1315
2019-01-25T16:30:00+09:00,J1,1126,1284,2410
2019-01-25T16:30:00+09:00,J2,927,727,1654
2019-01-25T16:30:00+09:00,J3,1539,1147,2686
2019-01-25T16:30:00+09:00,J4,984,953,1937
2019-01-25T16:30:00+09:00,J5,552,666,1218
2019-01-25T16:45:00+09:00,J1,1186,1367,2553
2019-01-25T16:45:00+09:00,J2,1012,816,1828
2019-01-25T16:45:00+09:00,J3,1565,1237,2802
2019-01-25T16:45:00+09:00,J4,998,908,1906
2019-01-25T16:45:00+09:00,J5,688,691,1379
2019-01-25T17:00:00+09:00,J1,1220,1298,2518
2019-01-25T17:00:00+09:00,J2,978,903,1881
2019-01-25T17:00:00+09:00,J3,1566,1335,2901
2019-01-25T17:00:00+09:00,J4,992,958,1950
2019-01-25T17:00:00+09:00,J5,649,659,1308
2019-01-25T17:15:00+09:00,J1,1211,1350,2561
2019-01-25T17:15:00+09:00,J2,1033,1035,2068
2019-01-25T17:15:00+09:00,J3,1762,1328,3090
2019-01-25T17:15:00+09:00,J4,1016,1050,2066
2019-01-25T17:15:00+09:00,J5,724,815,1539
2019-01-25T17:30:00+09:00,J1,1250,1354,2604
2019-01-25T17:30:00+09:00,J2,1034,1074,2108
2019-01-25T17:30:00+09:00,J3,1777,1440,3217
2019-01-25T17:30:00+09:00,J4,1013,982,1995
2019-01-25T17:30:00+09:00,J5,745,778,1523
2019-01-25T17:45:00+09:00,J1,1200,1383,2583
2019-01-25T17:45:00+09:00,J2,1029,1058,2087
2019-01-25T17:45:00+09:00,J3,1769,1361,3130
2019-01-25T17:45:00+09:00,J4,1136,955,2091
2019-01-25T17:45:00+09:00,J5,651,733,1384
2019-01-25T18:00:00+09:00,J1,1159,1430,2589
2019-01-25T18:00:00+09:00,J2,1066,1049,2115
2019-01-25T18:00:00+09:00,J3,1864,1296,3160
2019-01-25T18:00:00+09:00,J4,1073,924,1997
2019-01-25T18:00:00+09:00,J5,588,601,1189
2019-01-25T18:15:00+09:00,J1,1227,1451,2678
2019-01-25T18:15:00+09:00,J2,1140,1059,2199
2019-01-25T18:15:00+09:00,J3,1657,1332,2989
2019-01-25T18:15:00+09:00,J4,1239,984,2223
2019-01-25T18:15:00+09:00,J5,659,617,1276
2019-01-25T18:30:00+09:00,J1,1185,1471,2656
2019-01-25T18:30:00+09:00,J2,1045,961,2006
2019-01-25T18:30:00+09:00,J3,1516,1190,2706
2019-01-25T18:30:00+09:00,J4,1090,921,2011
2019-01-25T18:30:00+09:00,J5,598,572,1170
2019-01-25T18:45:00+09:00,J1,1285,1382,2667
2019-01-25T18:45:00+09:00,J2,1053,862,1915
2019-01-25T18:45:00+09:00,J3,1475,1258,2733
2019-01-25T18:45:00+09:00,J4,1086,928,2014
2019-01-25T18:45:00+09:00,J5,618,580,1198
2019-01-25T19:00:00+09:00,J1,1127,1368,2495
2019-01-25T19:00:00+09:00,J2,942,893,1835
2019-01-25T19:00:00+09:00,J3,1405,1171,2576
2019-01-25T19:00:00+09:00,J4,961,923,1884
2019-01-25T19:00:00+09:00,J5,638,560,1198
2019-01-25T19:15:00+09:00,J1,1162,1365,2527
2019-01-25T19:15:00+09:00,J2,934,794,1728
2019-01-25T19:15:00+09:00,J3,1360,1061,2421
2019-01-25T19:15:00+09:00,J4,915,916,1831
2019-01-25T19:15:00+09:00,J5,698,639,1337
2019-01-25T19:30:00+09:00,J1,1089,1332,2421
2019-01-25T19:30:00+09:00,J2,836,821,1657
2019-01-25T19:30:00+09:00,J3,1227,984,2211
2019-01-25T19:30:00+09:00,J4,973,880,1853
2019-01-25T19:30:00+09:00,J5,588,561,1149
2019-01-25T19:45:00+09:00,J1,1071,1236,2307
2019-01-25T19:45:00+09:00,J2,859,794,1653
2019-01-25T19:45:00+09:00,J3,1257,1106,2363
2019-01-25T19:45:00+09:00,J4,915,901,1816
2019-01-25T19:45:00+09:00,J5,639,624,1263
2019-01-25T20:00:00+09:00,J1,1147,1274,2421
2019-01-25T20:00:00+09:00,J2,788,918,1706
2019-01-25T20:00:00+09:00,J3,1345,1222,2567
2019-01-25T20:00:00+09:00,J4,1025,975,2000
2019-01-25T20:00:00+09:00,J5,592,566,1158
2019-01-25T20:15:00+09:00,J1,1125,1316,2441
2019-01-25T20:15:00+09:00,J2,882,902,1784
2019-01-25T20:15:00+09:00,J3,1371,1218,2589
2019-01-25T20:15:00+09:00,J4,1068,966,2034
2019-01-25T20:15:00+09:00,J5,624,503,1127
2019-01-25T20:30:00+09:00,J1,1152,1340,2492
2019-01-25T20:30:00+09:00,J2,782,881,1663
2019-01-25T20:30:00+09:00,J3,1379,1267,2646
2019-01-25T20:30:00+09:00,J4,984,974,1958
2019-01-25T20:30:00+09:00,J5,590,586,1176
2019-01-25T20:45:00+09:00,J1,1131,1434,2565
2019-01-25T20:45:00+09:00,J2,783,809,1592
2019-01-25T20:45:00+09:00,J3,1258,1157,2415
2019-01-25T20:45:00+09:00,J4,999,898,1897
2019-01-25T20:45:00+09:00,J5,533,538,1071
2019-01-25T21:00:00+09:00,J1,1096,1256,2352
2019-01-25T21:00:00+09:00,J2,856,918,1774
2019-01-25T21:00:00+09:00,J3,1233,948,2181
2019-01-25T21:00:00+09:00,J4,1116,992,2108
2019-01-25T21:00:00+09:00,J5,538,499,1037
2019-01-25T21:15:00+09:00,J1,1125,1311,2436
2019-01-25T21:15:00+09:00,J2,736,782,1518
2019-01-25T21:15:00+09:00,J3,1161,883,2044
2019-01-25T21:15:00+09:00,J4,1123,951,2074
2019-01-25T21:15:00+09:00,J5,561,526,1087
2019-01-25T21:30:00+09:00,J1,1062,1268,2330
2019-01-25T21:30:00+09:00,J2,645,758,1403
2019-01-25T21:30:00+09:00,J3,999,994,1993
2019-01-25T21:30:00+09:00,J4,1096,919,2015
2019-01-25T21:30:00+09:00,J5,529,540,1069
2019-01-25T21:45:00+09:00,J1,1080,1270,2350
2019-01-25T21:45:00+09:00,J2,769,739,1508
2019-01-25T21:45:00+09:00,J3,998,947,1945
2019-01-25T21:45:00+09:00,J4,976,987,1963
2019-01-25T21:45:00+09:00,J5,556,591,1147
2019-01-25T22:00:00+09:00,J1,1127,1241,2368
2019-01-25T22:00:00+09:00,J2,918,920,1838
2019-01-25T22:00:00+09:00,J3,1011,969,1980
2019-01-25T22:00:00+09:00,J4,951,963,1914
2019-01-25T22:00:00+09:00,J5,568,600,1168
2019-01-25T22:15:00+09:00,J1,983,1227,2210
2019-01-25T22:15:00+09:00,J2,773,883,1656
2019-01-25T22:15:00+09:00,J3,971,1048,2019
2019-01-25T22:15:00+09:00,J4,1002,1055,2057
2019-01-25T22:15:00+09:00,J5,573,566,1139
2019-01-25T22:30:00+09:00,J1,1073,1263,2336
2019-01-25T22:30:00+09:00,J2,857,822,1679
2019-01-25T22:30:00+09:00,J3,1060,1031,2091
2019-01-25T22:30:00+09:00,J4,899,985,1884
2019-01-25T22:30:00+09:00,J5,573,506,1079
2019-01-25T22:45:00+09:00,J1,1031,1275,2306
2019-01-25T22:45:00+09:00,J2,862,857,1719
2019-01-25T22:45:00+09:00,J3,1034,1075,2109
2019-01-25T22:45:00+09:00,J4,855,904,1759
2019-01-25T22:45:00+09:00,J5,570,544,1114
2019-01-25T23:00:00+09:00,J1,1030,1183,2213
2019-01-25T23:00:00+09:00,J2,800,765,1565
2019-01-25T23:00:00+09:00,J3,1114,1054,2168
2019-01-25T23:00:00+09:00,J4,825,974,1799
2019-01-25T23:00:00+09:00,J5,528,563,1091
2019-01-25T23:15:00+09:00,J1,1043,1180,2223
2019-01-25T23:15:00+09:00,J2,856,770,1626
2019-01-25T23:15:00+09:00,J3,1090,1100,2190
2019-01-25T23:15:00+09:00,J4,839,901,1740
2019-01-25T23:15:00+09:00,J5,545,574,1119
2019-01-25T23:30:00+09:00,J1,974,1200,2174
2019-01-25T23:30:00+09:00,J2,777,797,1574
2019-01-25T23:30:00+09:00,J3,1102,1098,2200
2019-01-25T23:30:00+09:00,J4,807,812,1619
2019-01-25T23:30:00+09:00,J5,568,536,1104
2019-01-25T23:45:00+09:00,J1,1065,1171,2236
2019-01-25T23:45:00+09:00,J2,802,732,1534
2019-01-25T23:45:00+09:00,J3,1108,1024,2132
2019-01-25T23:45:00+09:00,J4,800,807,1607
2019-01-25T23:45:00+09:00,J5,568,636,1204
2019-01-26T00:00:00+09:00,J1,917,1014,1931
2019-01-26T00:00:00+09:00,J2,693,752,1445
2019-01-26T00:00:00+09:00,J3,1067,943,2010
2019-01-26T00:00:00+09:00,J4,719,725,1444
2019-01-26T00:00:00+09:00,J5,550,557,1107
2019-01-26T00:15:00+09:00,J1,704,756,1460
2019-01-26T00:15:00+09:00,J2,617,710,1327
2019-01-26T00:15:00+09:00,J3,1008,721,1729
2019-01-26T00:15:00+09:00,J4,706,715,1421
2019-01-26T00:15:00+09:00,J5,485,442,927
2019-01-26T00:30:00+09:00,J1,784,697,1481
2019-01-26T00:30:00+09:00,J2,613,624,1237
2019-01-26T00:30:00+09:00,J3,825,628,1453
2019-01-26T00:30:00+09:00,J4,674,756,1430
2019-01-26T00:30:00+09:00,J5,466,477,943
2019-01-26T00:45:00+09:00,J1,690,603,1293
2019-01-26T00:45:00+09:00,J2,585,576,1161
2019-01-26T00:45:00+09:00,J3,841,599,1440
2019-01-26T00:45:00+09:00,J4,620,754,1374
2019-01-26T00:45:00+09:00,J5,427,471,898
2019-01-26T05:45:00+09:00,J1,816,868,1684
2019-01-26T05:45:00+09:00,J2,633,683,1316
2019-01-26T05:45:00+09:00,J3,703,633,1336
2019-01-26T05:45:00+09:00,J4,540,697,1237
2019-01-26T05:45:00+09:00,J5,397,356,753
2019-01-26T06:00:00+09:00,J1,900,966,1866
2019-01-26T06:00:00+09:00,J2,705,768,1473
2019-01-26T06:00:00+09:00,J3,863,710,1573
2019-01-26T06:00:00+09:00,J4,647,719,1366
2019-01-26T06:00:00+09:00,J5,355,353,708
2019-01-26T06:15:00+09:00,J1,876,961,1837
2019-01-26T06:15:00+09:00,J2,719,775,1494
2019-01-26T06:15:00+09:00,J3,957,715,1672
2019-01-26T06:15:00+09:00,J4,716,785,1501
2019-01-26T06:15:00+09:00,J5,400,353,753
2019-01-26T06:30:00+09:00,J1,913,1044,1957
2019-01-26T06:30:00+09:00,J2,700,744,1444
2019-01-26T06:30:00+09:00,J3,842,654,1496
2019-01-26T06:30:00+09:00,J4,648,694,1342
2019-01-26T06:30:00+09:00,J5,392,430,822
2019-01-26T06:45:00+09:00,J1,874,1007,1881
2019-01-26T06:45:00+09:00,J2,671,751,1422
2019-01-26T06:45:00+09:00,J3,824,701,1525
2019-01-26T06:45:00+09:00,J4,754,838,1592
2019-01-26T06:45:00+09:00,J5,413,420,833
2019-01-26T07:00:00+09:00,J1,946,1008,1954
2019-01-26T07:00:00+09:00,J2,621,668,1289
2019-01-26T07:00:00+09:00,J3,784,651,1435
2019-01-26T07:00:00+09:00,J4,797,837,1634
2019-01-26T07:00:00+09:00,J5,414,413,827
2019-01-26T07:15:00+09:00,J1,1101,1172,2273
2019-01-26T07:15:00+09:00,J2,631,633,1264
2019-01-26T07:15:00+09:00,J3,858,742,1600
2019-01-26T07:15:00+09:00,J4,879,927,1806
2019-01-26T07:15:00+09:00,J5,470,439,909
2019-01-26T07:30:00+09:00,J1,1098,1207,2305
2019-01-26T07:30:00+09:00,J2,696,755,1451
2019-01-26T07:30:00+09:00,J3,837,728,1565
2019-01-26T07:30:00+09:00,J4,862,1004,1866
2019-01-26T07:30:00+09:00,J5,452,435,887
2019-01-26T07:45:00+09:00,J1,1113,1179,2292
2019-01-26T07:45:00+09:00,J2,776,770,1546
2019-01-26T07:45:00+09:00,J3,863,643,1506
2019-01-26T07:45:00+09:00,J4,850,1006,1856
2019-01-26T07:45:00+09:00,J5,503,499,1002
2019-01-26T08:00:00+09:00,J1,1168,1263,2431
2019-01-26T08:00:00+09:00,J2,923,869,1792
2019-01-26T08:00:00+09:00,J3,1259,1092,2351
2019-01-26T08:00:00+09:00,J4,880,1019,1899
2019-01-26T08:00:00+09:00,J5,599,581,1180
2019-01-26T08:15:00+09:00,J1,1208,1264,2472
2019-01-26T08:15:00+09:00,J2,912,821,1733
2019-01-26T08:15:00+09:00,J3,1245,1159,2404
2019-01-26T08:15:00+09:00,J4,915,1108,2023
2019-01-26T08:15:00+09:00,J5,611,657,1268
2019-01-26T08:30:00+09:00,J1,1182,1279,2461
2019-01-26T08:30:00+09:00,J2,874,875,1749
2019-01-26T08:30:00+09:00,J3,1226,1182,2408
2019-01-26T08:30:00+09:00,J4,1010,1150,2160
2019-01-26T08:30:00+09:00,J5,685,689,1374
2019-01-26T08:45:00+09:00,J1,1174,1267,2441
2019-01-26T08:45:00+09:00,J2,751,886,1637
2019-01-26T08:45:00+09:00,J3,1284,1209,2493
2019-01-26T08:45:00+09:00,J4,990,1099,2089
2019-01-26T08:45:00+09:00,J5,655,635,1290
2019-01-26T09:00:00+09:00,J1,1164,1150,2314
2019-01-26T09:00:00+09:00,J2,885,844,1729
2019-01-26T09:00:00+09:00,J3,772,743,1515
2019-01-26T09:00:00+09:00,J4,860,872,1732
2019-01-26T09:00:00+09:00,J5,408,421,829
2019-01-26T09:15:00+09:00,J1,1417,1515,2932
2019-01-26T09:15:00+09:00,J2,1050,1047,2097
2019-01-26T09:15:00+09:00,J3,857,953,1810
2019-01-26T09:15:00+09:00,J4,983,1085,2068
2019-01-26T09:15:00+09:00,J5,580,545,1125
2019-01-26T09:30:00+09:00,J1,1154,1239,2393
2019-01-26T09:30:00+09:00,J2,951,969,1920
2019-01-26T09:30:00+09:00,J3,998,960,1958
2019-01-26T09:30:00+09:00,J4,914,979,1893
2019-01-26T09:30:00+09:00,J5,409,368,777
2019-01-26T09:45:00+09:00,J1,1211,1193,2404
2019-01-26T09:45:00+09:00,J2,982,965,1947
2019-01-26T09:45:00+09:00,J3,1004,965,1969
2019-01-26T09:45:00+09:00,J4,856,912,1768
2019-01-26T09:45:00+09:00,J5,442,407,849
2019-01-26T10:00:00+09:00,J1,1222,1242,2464
2019-01-26T10:00:00+09:00,J2,986,916,1902
2019-01-26T10:00:00+09:00,J3,984,996,1980
2019-01-26T10:00:00+09:00,J4,833,938,1771
2019-01-26T10:00:00+09:00,J5,409,365,774
2019-01-26T10:15:00+09:00,J1,1219,1263,2482
2019-01-26T10:15:00+09:00,J2,991,935,1926
2019-01-26T10:15:00+09:00,J3,1009,932,1941
2019-01-26T10:15:00+09:00,J4,928,938,1866
2019-01-26T10:15:00+09:00,J5,459,399,858
2019-01-26T10:30:00+09:00,J1,1196,1319,2515
2019-01-26T10:30:00+09:00,J2,1014,787,1801
2019-01-26T10:30:00+09:00,J3,1004,979,1983
2019-01-26T10:30:00+09:00,J4,963,989,1952
2019-01-26T10:30:00+09:00,J5,424,435,859
2019-01-26T10:45:00+09:00,J1,1205,1374,2579
2019-01-26T10:45:00+09:00,J2,828,746,1574
2019-01-26T10:45:00+09:00,J3,1002,955,1957
2019-01-26T10:45:00+09:00,J4,975,932,1907
2019-01-26T10:45:00+09:00,J5,463,399,862
2019-01-26T11:00:00+09:00,J1,1203,1385,2588
2019-01-26T11:00:00+09:00,J2,836,816,1652
2019-01-26T11:00:00+09:00,J3,1050,938,1988
2019-01-26T11:00:00+09:00,J4,974,997,1971
2019-01-26T11:00:00+09:00,J5,553,604,1157
2019-01-26T11:15:00+09:00,J1,1163,1293,2456
2019-01-26T11:15:00+09:00,J2,880,717,1597
2019-01-26T11:15:00+09:00,J3,1079,977,2056
2019-01-26T11:15:00+09:00,J4,996,1039,2035
2019-01-26T11:15:00+09:00,J5,639,673,1312
2019-01-26T11:30:00+09:00,J1,1213,1375,2588
2019-01-26T11:30:00+09:00,J2,929,734,1663
2019-01-26T11:30:00+09:00,J3,1088,948,2036
2019-01-26T11:30:00+09:00,J4,1033,973,2006
2019-01-26T11:30:00+09:00,J5,657,672,1329
2019-01-26T11:45:00+09:00,J1,1146,1460,2606
2019-01-26T11:45:00+09:00,J2,862,736,1598
2019-01-26T11:45:00+09:00,J3,1319,1143,2462
2019-01-26T11:45:00+09:00,J4,1022,1002,2024
2019-01-26T11:45:00+09:00,J5,698,647,1345
2019-01-26T12:00:00+09:00,J1,1192,1409,2601
2019-01-26T12:00:00+09:00,J2,872,766,1638
2019-01-26T12:00:00+09:00,J3,1260,1087,2347
2019-01-26T12:00:00+09:00,J4,1033,982,2015
2019-01-26T12:00:00+09:00,J5,696,701,1397
2019-01-26T12:15:00+09:00,J1,1169,1464,2633
2019-01-26T12:15:00+09:00,J2,950,816,1766
2019-01-26T12:15:00+09:00,J3,1171,1051,2222
2019-01-26T12:15:00+09:00,J4,980,1114,2094
2019-01-26T12:15:00+09:00,J5,578,607,1185
2019-01-26T12:30:00+09:00,J1,1151,1384,2535
2019-01-26T12:30:00+09:00,J2,859,786,1645
2019-01-26T12:30:00+09:00,J3,1095,991,2086
2019-01-26T12:30:00+09:00,J4,931,984,1915
2019-01-26T12:30:00+09:00,J5,402,441,843
2019-01-26T12:45:00+09:00,J1,1211,1415,2626
2019-01-26T12:45:00+09:00,J2,946,815,1761
2019-01-26T12:45:00+09:00,J3,1010,1097,2107
2019-01-26T12:45:00+09:00,J4,976,945,1921
2019-01-26T12:45:00+09:00,J5,358,363,721
2019-01-26T13:00:00+09:00,J1,1146,1397,2543
2019-01-26T13:00:00+09:00,J2,892,789,1681
2019-01-26T13:00:00+09:00,J3,1087,1089,2176
2019-01-26T13:00:00+09:00,J4,996,912,1908
2019-01-26T13:00:00+09:00,J5,444,482,926
2019-01-26T13:15:00+09:00,J1,1173,1363,2536
2019-01-26T13:15:00+09:00,J2,893,842,1735
2019-01-26T13:15:00+09:00,J3,1032,1024,2056
2019-01-26T13:15:00+09:00,J4,1012,938,1950
2019-01-26T13:15:00+09:00,J5,668,595,1263
2019-01-26T13:30:00+09:00,J1,1221,1412,2633
2019-01-26T13:30:00+09:00,J2,905,859,1764
2019-01-26T13:30:00+09:00,J3,1062,1101,2163
2019-01-26T13:30:00+09:00,J4,1005,901,1906
2019-01-26T13:30:00+09:00,J5,683,644,1327
2019-01-26T13:45:00+09:00,J1,1167,1375,2542
2019-01-26T13:45:00+09:00,J2,897,851,1748
2019-01-26T13:45:00+09:00,J3,1145,1136,2281
2019-01-26T13:45:00+09:00,J4,957,948,1905
2019-01-26T13:45:00+09:00,J5,685,678,1363
2019-01-26T14:00:00+09:00,J1,1166,1390,2556
2019-01-26T14:00:00+09:00,J2,912,751,1663
2019-01-26T14:00:00+09:00,J3,1081,1158,2239
2019-01-26T14:00:00+09:00,J4,938,1017,1955
2019-01-26T14:00:00+09:00,J5,689,647,1336
2019-01-26T14:15:00+09:00,J1,1167,1407,2574
2019-01-26T14:15:00+09:00,J2,897,753,1650
2019-01-26T14:15:00+09:00,J3,1153,1072,2225
2019-01-26T14:15:00+09:00,J4,978,968,1946
2019-01-26T14:15:00+09:00,J5,656,642,1298
2019-01-26T14:30:00+09:00,J1,1219,1413,2632
2019-01-26T14:30:00+09:00,J2,886,753,1639
2019-01-26T14:30:00+09:00,J3,1067,1184,2251
2019-01-26T14:30:00+09:00,J4,954,955,1909
2019-01-26T14:30:00+09:00,J5,588,658,1246
2019-01-26T14:45:00+09:00,J1,1115,1419,2534
2019-01-26T14:45:00+09:00,J2,902,833,1735
2019-01-26T14:45:00+09:00,J3,999,1151,2150
2019-01-26T14:45:00+09:00,J4,965,975,1940
2019-01-26T14:45:00+09:00,J5,584,580,1164
2019-01-26T15:00:00+09:00,J1,1118,1429,2547
2019-01-26T15:00:00+09:00,J2,869,858,1727
2019-01-26T15:00:00+09:00,J3,1145,1157,2302
2019-01-26T15:00:00+09:00,J4,960,909,1869
2019-01-26T15:00:00+09:00,J5,563,605,1168
2019-01-26T15:15:00+09:00,J1,1138,1462,2600
2019-01-26T15:15:00+09:00,J2,877,840,1717
2019-01-26T15:15:00+09:00,J3,1139,1185,2324
2019-01-26T15:15:00+09:00,J4,890,986,1876
2019-01-26T15:15:00+09:00,J5,571,642,1213
2019-01-26T15:30:00+09:00,J1,1232,1398,2630
2019-01-26T15:30:00+09:00,J2,897,973,1870
2019-01-26T15:30:00+09:00,J3,1159,1143,2302
2019-01-26T15:30:00+09:00,J4,952,984,1936
2019-01-26T15:30:00+09:00,J5,602,600,1202
2019-01-26T15:45:00+09:00,J1,1178,1418,2596
2019-01-26T15:45:00+09:00,J2,893,819,1712
2019-01-26T15:45:00+09:00,J3,1079,1208,2287
2019-01-26T15:45:00+09:00,J4,925,908,1833
2019-01-26T15:45:00+09:00,J5,579,618,1197
2019-01-26T16:00:00+09:00,J1,1196,1413,2609
2019-01-26T16:00:00+09:00,J2,924,819,1743
2019-01-26T16:00:00+09:00,J3,1295,1178,2473
2019-01-26T16:00:00+09:00,J4,940,921,1861
2019-01-26T16:00:00+09:00,J5,552,603,1155
2019-01-26T16:15:00+09:00,J1,1207,1479,2686
2019-01-26T16:15:00+09:00,J2,975,789,1764
2019-01-26T16:15:00+09:00,J3,1470,1180,2650
2019-01-26T16:15:00+09:00,J4,852,965,1817
2019-01-26T16:15:00+09:00,J5,617,623,1240
2019-01-26T16:30:00+09:00,J1,1198,1455,2653
2019-01-26T16:30:00+09:00,J2,979,835,1814
2019-01-26T16:30:00+09:00,J3,1509,1188,2697
2019-01-26T16:30:00+09:00,J4,958,999,1957
2019-01-26T16:30:00+09:00,J5,608,589,1197
2019-01-26T16:45:00+09:00,J1,1163,1446,2609
2019-01-26T16:45:00+09:00,J2,1061,764,1825
2019-01-26T16:45:00+09:00,J3,1489,1188,2677
2019-01-26T16:45:00+09:00,J4,920,1010,1930
2019-01-26T16:45:00+09:00,J5,645,591,1236
2019-01-26T17:00:00+09:00,J1,1200,1407,2607
2019-01-26T17:00:00+09:00,J2,1145,849,1994
2019-01-26T17:00:00+09:00,J3,1603,1239,2842
2019-01-26T17:00:00+09:00,J4,939,1028,1967
2019-01-26T17:00:00+09:00,J5,650,658,1308
2019-01-26T17:15:00+09:00,J1,1153,1410,2563
2019-01-26T17:15:00+09:00,J2,1221,784,2005
2019-01-26T17:15:00+09:00,J3,1681,1300,2981
2019-01-26T17:15:00+09:00,J4,1014,1002,2016
2019-01-26T17:15:00+09:00,J5,568,605,1173
2019-01-26T17:30:00+09:00,J1,1204,1421,2625
2019-01-26T17:30:00+09:00,J2,1097,754,1851
2019-01-26T17:30:00+09:00,J3,1650,1317,2967
2019-01-26T17:30:00+09:00,J4,976,919,1895
2019-01-26T17:30:00+09:00,J5,568,614,1182
2019-01-26T17:45:00+09:00,J1,1157,1398,2555
2019-01-26T17:45:00+09:00,J2,1046,821,1867
2019-01-26T17:45:00+09:00,J3,1623,1410,3033
2019-01-26T17:45:00+09:00,J4,952,905,1857
2019-01-26T17:45:00+09:00,J5,584,629,1213
2019-01-26T18:00:00+09:00,J1,1250,1381,2631
2019-01-26T18:00:00+09:00,J2,999,760,1759
2019-01-26T18:00:00+09:00,J3,1578,1354,2932
2019-01-26T18:00:00+09:00,J4,1010,907,1917
2019-01-26T18:00:00+09:00,J5,635,635,1270
2019-01-26T18:15:00+09:00,J1,1202,1426,2628
2019-01-26T18:15:00+09:00,J2,1058,738,1796
2019-01-26T18:15:00+09:00,J3,1691,1209,2900
2019-01-26T18:15:00+09:00,J4,1097,987,2084
2019-01-26T18:15:00+09:00,J5,721,712,1433
2019-01-26T18:30:00+09:00,J1,1246,1361,2607
2019-01-26T18:30:00+09:00,J2,1072,855,1927
2019-01-26T18:30:00+09:00,J3,1458,1169,2627
2019-01-26T18:30:00+09:00,J4,963,923,1886
2019-01-26T18:30:00+09:00,J5,593,607,1200
2019-01-26T18:45:00+09:00,J1,1221,1383,2604
2019-01-26T18:45:00+09:00,J2,964,843,1807
2019-01-26T18:45:00+09:00,J3,1342,1195,2537
2019-01-26T18:45:00+09:00,J4,900,985,1885
2019-01-26T18:45:00+09:00,J5,392,480,872
2019-01-26T19:00:00+09:00,J1,967,1100,2067
2019-01-26T19:00:00+09:00,J2,758,837,1595
2019-01-26T19:00:00+09:00,J3,1152,1005,2157
2019-01-26T19:00:00+09:00,J4,810,860,1670
2019-01-26T19:00:00+09:00,J5,378,377,755
2019-01-26T19:15:00+09:00,J1,1359,1479,2838
2019-01-26T19:15:00+09:00,J2,950,1027,1977
2019-01-26T19:15:00+09:00,J3,1458,1321,2779
2019-01-26T19:15:00+09:00,J4,1031,993,2024
2019-01-26T19:15:00+09:00,J5,509,527,1036
2019-01-26T19:30:00+09:00,J1,1125,1344,2469
2019-01-26T19:30:00+09:00,J2,1006,881,1887
2019-01-26T19:30:00+09:00,J3,1180,1115,2295
2019-01-26T19:30:00+09:00,J4,812,888,1700
2019-01-26T19:30:00+09:00,J5,356,431,787
2019-01-26T19:45:00+09:00,J1,1135,1364,2499
2019-01-26T19:45:00+09:00,J2,800,810,1610
2019-01-26T19:45:00+09:00,J3,1132,1072,2204
2019-01-26T19:45:00+09:00,J4,842,841,1683
2019-01-26T19:45:00+09:00,J5,403,404,807
2019-01-26T20:00:00+09:00,J1,1098,1338,2436
2019-01-26T20:00:00+09:00,J2,740,790,1530
2019-01-26T20:00:00+09:00,J3,1083,1055,2138
2019-01-26T20:00:00+09:00,J4,859,900,1759
2019-01-26T20:00:00+09:00,J5,363,363,726
2019-01-26T20:15:00+09:00,J1,1158,1351,2509
2019-01-26T20:15:00+09:00,J2,810,885,1695
2019-01-26T20:15:00+09:00,J3,1085,1028,2113
2019-01-26T20:15:00+09:00,J4,805,848,1653
2019-01-26T20:15:00+09:00,J5,377,376,753
2019-01-26T20:30:00+09:00,J1,1069,1321,2390
2019-01-26T20:30:00+09:00,J2,964,987,1951
2019-01-26T20:30:00+09:00,J3,1134,955,2089
2019-01-26T20:30:00+09:00,J4,943,893,1836
2019-01-26T20:30:00+09:00,J5,400,383,783
2019-01-26T20:45:00+09:00,J1,1073,1336,2409
2019-01-26T20:45:00+09:00,J2,879,828,1707
2019-01-26T20:45:00+09:00,J3,1206,1086,2292
2019-01-26T20:45:00+09:00,J4,936,958,1894
2019-01-26T20:45:00+09:00,J5,374,350,724
2019-01-26T21:00:00+09:00,J1,1072,1319,2391
2019-01-26T21:00:00+09:00,J2,892,823,1715
2019-01-26T21:00:00+09:00,J3,1124,912,2036
2019-01-26T21:00:00+09:00,J4,902,927,1829
2019-01-26T21:00:00+09:00,J5,420,365,785
2019-01-26T21:15:00+09:00,J1,1137,1348,2485
2019-01-26T21:15:00+09:00,J2,971,902,1873
2019-01-26T21:15:00+09:00,J3,1075,915,1990
2019-01-26T21:15:00+09:00,J4,960,897,1857
2019-01-26T21:15:00+09:00,J5,422,391,813
2019-01-26T21:30:00+09:00,J1,1080,1255,2335
2019-01-26T21:30:00+09:00,J2,977,865,1842
2019-01-26T21:30:00+09:00,J3,990,894,1884
2019-01-26T21:30:00+09:00,J4,909,841,1750
2019-01-26T21:30:00+09:00,J5,411,392,803
2019-01-26T21:45:00+09:00,J1,1116,1278,2394
2019-01-26T21:45:00+09:00,J2,814,854,1668
2019-01-26T21:45:00+09:00,J3,966,785,1751
2019-01-26T21:45:00+09:00,J4,942,926,1868
2019-01-26T21:45:00+09:00,J5,411,389,800
2019-01-26T22:00:00+09:00,J1,1025,1218,2243
2019-01-26T22:00:00+09:00,J2,831,843,1674
2019-01-26T22:00:00+09:00,J3,945,909,1854
2019-01-26T22:00:00+09:00,J4,903,860,1763
2019-01-26T22:00:00+09:00,J5,449,440,889
2019-01-26T22:15:00+09:00,J1,1070,1226,2296
2019-01-26T22:15:00+09:00,J2,723,814,1537
2019-01-26T22:15:00+09:00,J3,1049,957,2006
2019-01-26T22:15:00+09:00,J4,877,872,1749
2019-01-26T22:15:00+09:00,J5,472,496,968
2019-01-26T22:30:00+09:00,J1,1025,1210,2235
2019-01-26T22:30:00+09:00,J2,759,883,1642
2019-01-26T22:30:00+09:00,J3,1023,1039,2062
2019-01-26T22:30:00+09:00,J4,850,947,1797
2019-01-26T22:30:00+09:00,J5,498,487,985
2019-01-26T22:45:00+09:00,J1,1082,1322,2404
2019-01-26T22:45:00+09:00,J2,698,746,1444
2019-01-26T22:45:00+09:00,J3,1087,1055,2142
2019-01-26T22:45:00+09:00,J4,828,867,1695
2019-01-26T22:45:00+09:00,J5,464,487,951
2019-01-26T23:00:00+09:00,J1,1056,1271,2327
2019-01-26T23:00:00+09:00,J2,752,801,1553
2019-01-26T23:00:00+09:00,J3,1053,966,2019
2019-01-26T23:00:00+09:00,J4,810,893,1703
2019-01-26T23:00:00+09:00,J5,535,496,1031
2019-01-26T23:15:00+09:00,J1,969,1152,2121
2019-01-26T23:15:00+09:00,J2,670,769,1439
2019-01-26T23:15:00+09:00,J3,1023,989,2012
2019-01-26T23:15:00+09:00,J4,809,861,1670
2019-01-26T23:15:00+09:00,J5,547,534,1081
2019-01-26T23:30:00+09:00,J1,1057,1234,2291
2019-01-26T23:30:00+09:00,J2,706,829,1535
2019-01-26T23:30:00+09:00,J3,888,963,1851
2019-01-26T23:30:00+09:00,J4,790,886,1676
2019-01-26T23:30:00+09:00,J5,569,539,1108
2019-01-26T23:45:00+09:00,J1,979,1150,2129
2019-01-26T23:45:00+09:00,J2,764,757,1521
2019-01-26T23:45:00+09:00,J3,839,887,1726
2019-01-26T23:45:00+09:00,J4,725,732,1457
2019-01-26T23:45:00+09:00,J5,582,500,1082
2019-01-27T00:00:00+09:00,J1,920,1053,1973
2019-01-27T00:00:00+09:00,J2,592,612,1204
2019-01-27T00:00:00+09:00,J3,1018,881,1899
2019-01-27T00:00:00+09:00,J4,712,816,1528
2019-01-27T00:00:00+09:00,J5,585,509,1094
2019-01-27T00:15:00+09:00,J1,836,787,1623
2019-01-27T00:15:00+09:00,J2,552,563,1115
2019-01-27T00:15:00+09:00,J3,969,702,1671
2019-01-27T00:15:00+09:00,J4,722,779,1501
2019-01-27T00:15:00+09:00,J5,444,457,901
2019-01-27T00:30:00+09:00,J1,734,740,1474
2019-01-27T00:30:00+09:00,J2,513,524,1037
2019-01-27T00:30:00+09:00,J3,822,620,1442
2019-01-27T00:30:00+09:00,J4,669,771,1440
2019-01-27T00:30:00+09:00,J5,504,443,947
2019-01-27T00:45:00+09:00,J1,711,841,1552
2019-01-27T00:45:00+09:00,J2,552,624,1176
2019-01-27T00:45:00+09:00,J3,911,658,1569
2019-01-27T00:45:00+09:00,J4,630,685,1315
2019-01-27T00:45:00+09:00,J5,454,457,911
2019-01-27T05:45:00+09:00,J1,632,670,1302
2019-01-27T05:45:00+09:00,J2,561,524,1085
2019-01-27T05:45:00+09:00,J3,591,568,1159
2019-01-27T05:45:00+09:00,J4,594,646,1240
2019-01-27T05:45:00+09:00,J5,426,431,857
2019-01-27T06:00:00+09:00,J1,677,725,1402
2019-01-27T06:00:00+09:00,J2,581,571,1152
2019-01-27T06:00:00+09:00,J3,803,678,1481
2019-01-27T06:00:00+09:00,J4,685,747,1432
2019-01-27T06:00:00+09:00,J5,412,421,833
2019-01-27T06:15:00+09:00,J1,630,697,1327
2019-01-27T06:15:00+09:00,J2,644,636,1280
2019-01-27T06:15:00+09:00,J3,905,723,1628
2019-01-27T06:15:00+09:00,J4,588,762,1350
2019-01-27T06:15:00+09:00,J5,424,458,882
2019-01-27T06:30:00+09:00,J1,700,697,1397
2019-01-27T06:30:00+09:00,J2,604,612,1216
2019-01-27T06:30:00+09:00,J3,773,642,1415
2019-01-27T06:30:00+09:00,J4,623,728,1351
2019-01-27T06:30:00+09:00,J5,455,438,893
2019-01-27T06:45:00+09:00,J1,678,739,1417
2019-01-27T06:45:00+09:00,J2,556,595,1151
2019-01-27T06:45:00+09:00,J3,880,686,1566
2019-01-27T06:45:00+09:00,J4,689,762,1451
2019-01-27T06:45:00+09:00,J5,433,450,883
2019-01-27T07:00:00+09:00,J1,577,653,1230
2019-01-27T07:00:00+09:00,J2,499,587,1086
2019-01-27T07:00:00+09:00,J3,663,518,1181
2019-01-27T07:00:00+09:00,J4,681,748,1429
2019-01-27T07:00:00+09:00,J5,343,345,688
2019-01-27T07:15:00+09:00,J1,776,878,1654
2019-01-27T07:15:00+09:00,J2,951,923,1874
2019-01-27T07:15:00+09:00,J3,898,730,1628
2019-01-27T07:15:00+09:00,J4,952,986,1938
2019-01-27T07:15:00+09:00,J5,508,528,1036
2019-01-27T07:30:00+09:00,J1,646,798,1444
2019-01-27T07:30:00+09:00,J2,746,744,1490
2019-01-27T07:30:00+09:00,J3,837,709,1546
2019-01-27T07:30:00+09:00,J4,849,917,1766
2019-01-27T07:30:00+09:00,J5,496,526,1022
2019-01-27T07:45:00+09:00,J1,681,790,1471
2019-01-27T07:45:00+09:00,J2,805,860,1665
2019-01-27T07:45:00+09:00,J3,766,634,1400
2019-01-27T07:45:00+09:00,J4,875,968,1843
2019-01-27T07:45:00+09:00,J5,554,549,1103
2019-01-27T08:00:00+09:00,J1,672,808,1480
2019-01-27T08:00:00+09:00,J2,831,849,1680
2019-01-27T08:00:00+09:00,J3,1177,1077,2254
2019-01-27T08:00:00+09:00,J4,856,982,1838
2019-01-27T08:00:00+09:00,J5,544,544,1088
2019-01-27T08:15:00+09:00,J1,699,822,1521
2019-01-27T08:15:00+09:00,J2,988,946,1934
2019-01-27T08:15:00+09:00,J3,1227,1072,2299
2019-01-27T08:15:00+09:00,J4,990,1058,2048
2019-01-27T08:15:00+09:00,J5,584,578,1162
2019-01-27T08:30:00+09:00,J1,720,821,1541
2019-01-27T08:30:00+09:00,J2,914,872,1786
2019-01-27T08:30:00+09:00,J3,1261,1179,2440
2019-01-27T08:30:00+09:00,J4,954,1108,2062
2019-01-27T08:30:00+09:00,J5,726,655,1381
2019-01-27T08:45:00+09:00,J1,717,875,1592
2019-01-27T08:45:00+09:00,J2,951,821,1772
2019-01-27T08:45:00+09:00,J3,1230,1188,2418
2019-01-27T08:45:00+09:00,J4,953,1058,2011
2019-01-27T08:45:00+09:00,J5,663,604,1267
2019-01-27T09:00:00+09:00,J1,697,801,1498
2019-01-27T09:00:00+09:00,J2,1196,1046,2242
2019-01-27T09:00:00+09:00,J3,858,858,1716
2019-01-27T09:00:00+09:00,J4,965,1018,1983
2019-01-27T09:00:00+09:00,J5,577,536,1113
2019-01-27T09:15:00+09:00,J1,701,865,1566
2019-01-27T09:15:00+09:00,J2,1072,913,1985
2019-01-27T09:15:00+09:00,J3,789,772,1561
2019-01-27T09:15:00+09:00,J4,814,938,1752
2019-01-27T09:15:00+09:00,J5,717,645,1362
2019-01-27T09:30:00+09:00,J1,715,832,1547
2019-01-27T09:30:00+09:00,J2,998,876,1874
2019-01-27T09:30:00+09:00,J3,997,922,1919
2019-01-27T09:30:00+09:00,J4,884,1018,1902
2019-01-27T09:30:00+09:00,J5,410,370,780
2019-01-27T09:45:00+09:00,J1,696,822,1518
2019-01-27T09:45:00+09:00,J2,992,882,1874
2019-01-27T09:45:00+09:00,J3,1253,1169,2422
2019-01-27T09:45:00+09:00,J4,982,979,1961
2019-01-27T09:45:00+09:00,J5,451,433,884
2019-01-27T10:00:00+09:00,J1,688,890,1578
2019-01-27T10:00:00+09:00,J2,974,864,1838
2019-01-27T10:00:00+09:00,J3,1204,1165,2369
2019-01-27T10:00:00+09:00,J4,955,1009,1964
2019-01-27T10:00:00+09:00,J5,368,391,759
2019-01-27T10:15:00+09:00,J1,717,804,1521
2019-01-27T10:15:00+09:00,J2,1003,821,1824
2019-01-27T10:15:00+09:00,J3,1279,1161,2440
2019-01-27T10:15:00+09:00,J4,916,1016,1932
2019-01-27T10:15:00+09:00,J5,446,431,877
2019-01-27T10:30:00+09:00,J1,702,834,1536
2019-01-27T10:30:00+09:00,J2,945,880,1825
2019-01-27T10:30:00+09:00,J3,1179,1130,2309
2019-01-27T10:30:00+09:00,J4,921,996,1917
2019-01-27T10:30:00+09:00,J5,481,423,904
2019-01-27T10:45:00+09:00,J1,707,823,1530
2019-01-27T10:45:00+09:00,J2,909,754,1663
2019-01-27T10:45:00+09:00,J3,1013,1053,2066
2019-01-27T10:45:00+09:00,J4,861,1003,1864
2019-01-27T10:45:00+09:00,J5,448,404,852
2019-01-27T11:00:00+09:00,J1,680,868,1548
2019-01-27T11:00:00+09:00,J2,893,749,1642
2019-01-27T11:00:00+09:00,J3,1016,935,1951
2019-01-27T11:00:00+09:00,J4,848,975,1823
2019-01-27T11:00:00+09:00,J5,591,601,1192
2019-01-27T11:15:00+09:00,J1,737,854,1591
2019-01-27T11:15:00+09:00,J2,782,674,1456
2019-01-27T11:15:00+09:00,J3,1037,999,2036
2019-01-27T11:15:00+09:00,J4,979,1097,2076
2019-01-27T11:15:00+09:00,J5,627,715,1342
2019-01-27T11:30:00+09:00,J1,744,898,1642
2019-01-27T11:30:00+09:00,J2,744,727,1471
2019-01-27T11:30:00+09:00,J3,1117,1081,2198
2019-01-27T11:30:00+09:00,J4,1005,1048,2053
2019-01-27T11:30:00+09:00,J5,711,636,1347
2019-01-27T11:45:00+09:00,J1,709,851,1560
2019-01-27T11:45:00+09:00,J2,824,704,1528
2019-01-27T11:45:00+09:00,J3,1088,1033,2121
2019-01-27T11:45:00+09:00,J4,1051,1041,2092
2019-01-27T11:45:00+09:00,J5,651,689,1340
2019-01-27T12:00:00+09:00,J1,709,847,1556
2019-01-27T12:00:00+09:00,J2,796,761,1557
2019-01-27T12:00:00+09:00,J3,1069,936,2005
2019-01-27T12:00:00+09:00,J4,999,964,1963
2019-01-27T12:00:00+09:00,J5,688,717,1405
2019-01-27T12:15:00+09:00,J1,619,906,1525
2019-01-27T12:15:00+09:00,J2,895,731,1626
2019-01-27T12:15:00+09:00,J3,1154,953,2107
2019-01-27T12:15:00+09:00,J4,900,932,1832
2019-01-27T12:15:00+09:00,J5,561,572,1133
2019-01-27T12:30:00+09:00,J1,608,855,1463
2019-01-27T12:30:00+09:00,J2,966,727,1693
2019-01-27T12:30:00+09:00,J3,1074,979,2053
2019-01-27T12:30:00+09:00,J4,947,965,1912
2019-01-27T12:30:00+09:00,J5,551,520,1071
2019-01-27T12:45:00+09:00,J1,650,864,1514
2019-01-27T12:45:00+09:00,J2,868,780,1648
2019-01-27T12:45:00+09:00,J3,1016,1100,2116
2019-01-27T12:45:00+09:00,J4,976,973,1949
2019-01-27T12:45:00+09:00,J5,555,594,1149
2019-01-27T13:00:00+09:00,J1,575,914,1489
2019-01-27T13:00:00+09:00,J2,910,784,1694
2019-01-27T13:00:00+09:00,J3,1008,1082,2090
2019-01-27T13:00:00+09:00,J4,1005,958,1963
2019-01-27T13:00:00+09:00,J5,647,650,1297
2019-01-27T13:15:00+09:00,J1,621,868,1489
2019-01-27T13:15:00+09:00,J2,891,799,1690
2019-01-27T13:15:00+09:00,J3,1276,1178,2454
2019-01-27T13:15:00+09:00,J4,920,944,1864
2019-01-27T13:15:00+09:00,J5,668,723,1391
2019-01-27T13:30:00+09:00,J1,621,847,1468
2019-01-27T13:30:00+09:00,J2,877,803,1680
2019-01-27T13:30:00+09:00,J3,1203,1082,2285
2019-01-27T13:30:00+09:00,J4,926,998,1924
2019-01-27T13:30:00+09:00,J5,684,658,1342
2019-01-27T13:45:00+09:00,J1,663,890,1553
2019-01-27T13:45:00+09:00,J2,838,812,1650
2019-01-27T13:45:00+09:00,J3,1142,1136,2278
2019-01-27T13:45:00+09:00,J4,943,970,1913
2019-01-27T13:45:00+09:00,J5,641,658,1299
2019-01-27T14:00:00+09:00,J1,583,927,1510
2019-01-27T14:00:00+09:00,J2,908,797,1705
2019-01-27T14:00:00+09:00,J3,1165,1037,2202
2019-01-27T14:00:00+09:00,J4,914,997,1911
2019-01-27T14:00:00+09:00,J5,669,618,1287
2019-01-27T14:15:00+09:00,J1,674,914,1588
2019-01-27T14:15:00+09:00,J2,778,879,1657
2019-01-27T14:15:00+09:00,J3,1191,947,2138
2019-01-27T14:15:00+09:00,J4,912,1006,1918
2019-01-27T14:15:00+09:00,J5,628,607,1235
2019-01-27T14:30:00+09:00,J1,619,892,1511
2019-01-27T14:30:00+09:00,J2,874,779,1653
2019-01-27T14:30:00+09:00,J3,1147,956,2103
2019-01-27T14:30:00+09:00,J4,993,1022,2015
2019-01-27T14:30:00+09:00,J5,676,603,1279
2019-01-27T14:45:00+09:00,J1,614,884,1498
2019-01-27T14:45:00+09:00,J2,978,790,1768
2019-01-27T14:45:00+09:00,J3,1148,1033,2181
2019-01-27T14:45:00+09:00,J4,980,1010,1990
2019-01-27T14:45:00+09:00,J5,646,580,1226
2019-01-27T15:00:00+09:00,J1,614,893,1507
2019-01-27T15:00:00+09:00,J2,874,825,1699
2019-01-27T15:00:00+09:00,J3,1080,1062,2142
2019-01-27T15:00:00+09:00,J4,991,971,1962
2019-01-27T15:00:00+09:00,J5,627,654,1281
2019-01-27T15:15:00+09:00,J1,559,855,1414
2019-01-27T15:15:00+09:00,J2,850,854,1704
2019-01-27T15:15:00+09:00,J3,1037,1091,2128
2019-01-27T15:15:00+09:00,J4,1003,971,1974
2019-01-27T15:15:00+09:00,J5,593,616,1209
2019-01-27T15:30:00+09:00,J1,596,857,1453
2019-01-27T15:30:00+09:00,J2,941,844,1785
2019-01-27T15:30:00+09:00,J3,1022,1113,2135
2019-01-27T15:30:00+09:00,J4,931,971,1902
2019-01-27T15:30:00+09:00,J5,574,585,1159
2019-01-27T15:45:00+09:00,J1,588,870,1458
2019-01-27T15:45:00+09:00,J2,958,920,1878
2019-01-27T15:45:00+09:00,J3,947,1101,2048
2019-01-27T15:45:00+09:00,J4,1025,933,1958
2019-01-27T15:45:00+09:00,J5,547,560,1107
2019-01-27T16:00:00+09:00,J1,631,828,1459
2019-01-27T16:00:00+09:00,J2,873,904,1777
2019-01-27T16:00:00+09:00,J3,1058,1143,2201
2019-01-27T16:00:00+09:00,J4,905,968,1873
2019-01-27T16:00:00+09:00,J5,403,510,913
2019-01-27T16:15:00+09:00,J1,645,860,1505
2019-01-27T16:15:00+09:00,J2,909,816,1725
2019-01-27T16:15:00+09:00,J3,1007,1124,2131
2019-01-27T16:15:00+09:00,J4,938,962,1900
2019-01-27T16:15:00+09:00,J5,395,395,790
2019-01-27T16:30:00+09:00,J1,579,906,1485
2019-01-27T16:30:00+09:00,J2,822,791,1613
2019-01-27T16:30:00+09:00,J3,955,1126,2081
2019-01-27T16:30:00+09:00,J4,926,992,1918
2019-01-27T16:30:00+09:00,J5,398,422,820
2019-01-27T16:45:00+09:00,J1,622,878,1500
2019-01-27T16:45:00+09:00,J2,994,882,1876
2019-01-27T16:45:00+09:00,J3,1021,1094,2115
2019-01-27T16:45:00+09:00,J4,948,950,1898
2019-01-27T16:45:00+09:00,J5,469,521,990
2019-01-27T17:00:00+09:00,J1,597,913,1510
2019-01-27T17:00:00+09:00,J2,900,818,1718
2019-01-27T17:00:00+09:00,J3,1439,1266,2705
2019-01-27T17:00:00+09:00,J4,891,934,1825
2019-01-27T17:00:00+09:00,J5,627,663,1290
2019-01-27T17:15:00+09:00,J1,527,888,1415
2019-01-27T17:15:00+09:00,J2,870,769,1639
2019-01-27T17:15:00+09:00,J3,1435,1289,2724
2019-01-27T17:15:00+09:00,J4,839,881,1720
2019-01-27T17:15:00+09:00,J5,653,651,1304
2019-01-27T17:30:00+09:00,J1,610,833,1443
2019-01-27T17:30:00+09:00,J2,897,760,1657
2019-01-27T17:30:00+09:00,J3,1391,1287,2678
2019-01-27T17:30:00+09:00,J4,922,903,1825
2019-01-27T17:30:00+09:00,J5,628,623,1251
2019-01-27T17:45:00+09:00,J1,618,812,1430
2019-01-27T17:45:00+09:00,J2,841,676,1517
2019-01-27T17:45:00+09:00,J3,1288,1126,2414
2019-01-27T17:45:00+09:00,J4,864,875,1739
2019-01-27T17:45:00+09:00,J5,653,691,1344
2019-01-27T18:00:00+09:00,J1,628,837,1465
2019-01-27T18:00:00+09:00,J2,738,728,1466
2019-01-27T18:00:00+09:00,J3,1105,916,2021
2019-01-27T18:00:00+09:00,J4,796,885,1681
2019-01-27T18:00:00+09:00,J5,665,643,1308
2019-01-27T18:15:00+09:00,J1,650,904,1554
2019-01-27T18:15:00+09:00,J2,770,799,1569
2019-01-27T18:15:00+09:00,J3,1116,831,1947
2019-01-27T18:15:00+09:00,J4,901,931,1832
2019-01-27T18:15:00+09:00,J5,652,692,1344
2019-01-27T18:30:00+09:00,J1,677,872,1549
2019-01-27T18:30:00+09:00,J2,784,749,1533
2019-01-27T18:30:00+09:00,J3,1157,1003,2160
2019-01-27T18:30:00+09:00,J4,916,832,1748
2019-01-27T18:30:00+09:00,J5,450,480,930
2019-01-27T18:45:00+09:00,J1,650,848,1498
2019-01-27T18:45:00+09:00,J2,709,679,1388
2019-01-27T18:45:00+09:00,J3,1199,1024,2223
2019-01-27T18:45:00+09:00,J4,906,873,1779
2019-01-27T18:45:00+09:00,J5,390,437,827
2019-01-27T19:00:00+09:00,J1,645,863,1508
2019-01-27T19:00:00+09:00,J2,650,595,1245
2019-01-27T19:00:00+09:00,J3,1172,1074,2246
2019-01-27T19:00:00+09:00,J4,886,935,1821
2019-01-27T19:00:00+09:00,J5,474,432,906
2019-01-27T19:15:00+09:00,J1,621,834,1455
2019-01-27T19:15:00+09:00,J2,728,610,1338
2019-01-27T19:15:00+09:00,J3,951,973,1924
2019-01-27T19:15:00+09:00,J4,938,941,1879
2019-01-27T19:15:00+09:00,J5,489,458,947
2019-01-27T19:30:00+09:00,J1,678,858,1536
2019-01-27T19:30:00+09:00,J2,749,637,1386
2019-01-27T19:30:00+09:00,J3,901,893,1794
2019-01-27T19:30:00+09:00,J4,852,880,1732
2019-01-27T19:30:00+09:00,J5,394,410,804
2019-01-27T19:45:00+09:00,J1,641,814,1455
2019-01-27T19:45:00+09:00,J2,763,657,1420
2019-01-27T19:45:00+09:00,J3,864,839,1703
2019-01-27T19:45:00+09:00,J4,869,871,1740
2019-01-27T19:45:00+09:00,J5,385,410,795
2019-01-27T20:00:00+09:00,J1,692,827,1519
2019-01-27T20:00:00+09:00,J2,855,702,1557
2019-01-27T20:00:00+09:00,J3,981,894,1875
2019-01-27T20:00:00+09:00,J4,892,882,1774
2019-01-27T20:00:00+09:00,J5,393,399,792
2019-01-27T20:15:00+09:00,J1,659,908,1567
2019-01-27T20:15:00+09:00,J2,805,730,1535
2019-01-27T20:15:00+09:00,J3,964,866,1830
2019-01-27T20:15:00+09:00,J4,907,833,1740
2019-01-27T20:15:00+09:00,J5,437,409,846
2019-01-27T20:30:00+09:00,J1,714,830,1544
2019-01-27T20:30:00+09:00,J2,589,712,1301
2019-01-27T20:30:00+09:00,J3,902,771,1673
2019-01-27T20:30:00+09:00,J4,983,921,1904
2019-01-27T20:30:00+09:00,J5,439,410,849
2019-01-27T20:45:00+09:00,J1,688,841,1529
2019-01-27T20:45:00+09:00,J2,734,624,1358
2019-01-27T20:45:00+09:00,J3,982,873,1855
2019-01-27T20:45:00+09:00,J4,906,965,1871
2019-01-27T20:45:00+09:00,J5,443,406,849
2019-01-27T21:00:00+09:00,J1,640,809,1449
2019-01-27T21:00:00+09:00,J2,632,684,1316
2019-01-27T21:00:00+09:00,J3,1019,900,1919
2019-01-27T21:00:00+09:00,J4,885,851,1736
2019-01-27T21:00:00+09:00,J5,410,358,768
2019-01-27T21:15:00+09:00,J1,663,814,1477
2019-01-27T21:15:00+09:00,J2,810,795,1605
2019-01-27T21:15:00+09:00,J3,960,763,1723
2019-01-27T21:15:00+09:00,J4,878,845,1723
2019-01-27T21:15:00+09:00,J5,475,407,882
2019-01-27T21:30:00+09:00,J1,667,776,1443
2019-01-27T21:30:00+09:00,J2,787,738,1525
2019-01-27T21:30:00+09:00,J3,862,737,1599
2019-01-27T21:30:00+09:00,J4,791,878,1669
2019-01-27T21:30:00+09:00,J5,440,462,902
2019-01-27T21:45:00+09:00,J1,633,801,1434
2019-01-27T21:45:00+09:00,J2,804,786,1590
2019-01-27T21:45:00+09:00,J3,804,736,1540
2019-01-27T21:45:00+09:00,J4,823,835,1658
2019-01-27T21:45:00+09:00,J5,400,454,854
2019-01-27T22:00:00+09:00,J1,670,786,1456
2019-01-27T22:00:00+09:00,J2,769,834,1603
2019-01-27T22:00:00+09:00,J3,732,636,1368
2019-01-27T22:00:00+09:00,J4,787,942,1729
2019-01-27T22:00:00+09:00,J5,497,450,947
2019-01-27T22:15:00+09:00,J1,611,795,1406
2019-01-27T22:15:00+09:00,J2,594,670,1264
2019-01-27T22:15:00+09:00,J3,742,762,1504
2019-01-27T22:15:00+09:00,J4,843,883,1726
2019-01-27T22:15:00+09:00,J5,532,494,1026
2019-01-27T22:30:00+09:00,J1,640,786,1426
2019-01-27T22:30:00+09:00,J2,681,767,1448
2019-01-27T22:30:00+09:00,J3,814,807,1621
2019-01-27T22:30:00+09:00,J4,755,825,1580
2019-01-27T22:30:00+09:00,J5,545,530,1075
2019-01-27T22:45:00+09:00,J1,710,761,1471
2019-01-27T22:45:00+09:00,J2,761,710,1471
2019-01-27T22:45:00+09:00,J3,978,927,1905
2019-01-27T22:45:00+09:00,J4,777,857,1634
2019-01-27T22:45:00+09:00,J5,515,498,1013
2019-01-27T23:00:00+09:00,J1,650,753,1403
2019-01-27T23:00:00+09:00,J2,653,694,1347
2019-01-27T23:00:00+09:00,J3,986,919,1905
2019-01-27T23:00:00+09:00,J4,789,860,1649
2019-01-27T23:00:00+09:00,J5,567,527,1094
2019-01-27T23:15:00+09:00,J1,641,825,1466
2019-01-27T23:15:00+09:00,J2,683,723,1406
2019-01-27T23:15:00+09:00,J3,988,923,1911
2019-01-27T23:15:00+09:00,J4,776,891,1667
2019-01-27T23:15:00+09:00,J5,500,444,944
2019-01-27T23:30:00+09:00,J1,675,770,1445
2019-01-27T23:30:00+09:00,J2,603,602,1205
2019-01-27T23:30:00+09:00,J3,882,902,1784
2019-01-27T23:30:00+09:00,J4,757,818,1575
2019-01-27T23:30:00+09:00,J5,507,443,950
2019-01-27T23:45:00+09:00,J1,618,707,1325
2019-01-27T23:45:00+09:00,J2,658,553,1211
2019-01-27T23:45:00+09:00,J3,814,766,1580
2019-01-27T23:45:00+09:00,J4,764,890,1654
2019-01-27T23:45:00+09:00,J5,512,524,1036
2019-01-28T00:00:00+09:00,J1,540,600,1140
2019-01-28T00:00:00+09:00,J2,582,555,1137
2019-01-28T00:00:00+09:00,J3,916,777,1693
2019-01-28T00:00:00+09:00,J4,790,940,1730
2019-01-28T00:00:00+09:00,J5,558,505,1063
2019-01-28T00:15:00+09:00,J1,390,364,754
2019-01-28T00:15:00+09:00,J2,458,554,1012
2019-01-28T00:15:00+09:00,J3,936,694,1630
2019-01-28T00:15:00+09:00,J4,824,893,1717
2019-01-28T00:15:00+09:00,J5,539,505,1044
2019-01-28T00:30:00+09:00,J1,291,342,633
2019-01-28T00:30:00+09:00,J2,456,565,1021
2019-01-28T00:30:00+09:00,J3,776,653,1429
2019-01-28T00:30:00+09:00,J4,692,747,1439
2019-01-28T00:30:00+09:00,J5,541,536,1077
2019-01-28T00:45:00+09:00,J1,349,369,718
2019-01-28T00:45:00+09:00,J2,548,549,1097
2019-01-28T00:45:00+09:00,J3,862,659,1521
2019-01-28T00:45:00+09:00,J4,651,756,1407
2019-01-28T00:45:00+09:00,J5,569,536,1105
2019-01-28T05:45:00+09:00,J1,818,742,1560
2019-01-28T05:45:00+09:00,J2,521,529,1050
2019-01-28T05:45:00+09:00,J3,691,617,1308
2019-01-28T05:45:00+09:00,J4,502,594,1096
2019-01-28T05:45:00+09:00,J5,610,553,1163
2019-01-28T06:00:00+09:00,J1,816,862,1678
2019-01-28T06:00:00+09:00,J2,561,546,1107
2019-01-28T06:00:00+09:00,J3,658,556,1214
2019-01-28T06:00:00+09:00,J4,597,675,1272
2019-01-28T06:00:00+09:00,J5,530,527,1057
2019-01-28T06:15:00+09:00,J1,922,967,1889
2019-01-28T06:15:00+09:00,J2,692,825,1517
2019-01-28T06:15:00+09:00,J3,909,694,1603
2019-01-28T06:15:00+09:00,J4,752,769,1521
2019-01-28T06:15:00+09:00,J5,496,511,1007
2019-01-28T06:30:00+09:00,J1,956,959,1915
2019-01-28T06:30:00+09:00,J2,603,673,1276
2019-01-28T06:30:00+09:00,J3,858,623,1481
2019-01-28T06:30:00+09:00,J4,683,765,1448
2019-01-28T06:30:00+09:00,J5,472,520,992
2019-01-28T06:45:00+09:00,J1,1070,1097,2167
2019-01-28T06:45:00+09:00,J2,708,693,1401
2019-01-28T06:45:00+09:00,J3,936,660,1596
2019-01-28T06:45:00+09:00,J4,746,802,1548
2019-01-28T06:45:00+09:00,J5,555,499,1054
2019-01-28T07:00:00+09:00,J1,1118,1235,2353
2019-01-28T07:00:00+09:00,J2,609,681,1290
2019-01-28T07:00:00+09:00,J3,942,717,1659
2019-01-28T07:00:00+09:00,J4,821,889,1710
2019-01-28T07:00:00+09:00,J5,620,589,1209
2019-01-28T07:15:00+09:00,J1,1176,1208,2384
2019-01-28T07:15:00+09:00,J2,757,662,1419
2019-01-28T07:15:00+09:00,J3,1066,833,1899
2019-01-28T07:15:00+09:00,J4,901,1071,1972
2019-01-28T07:15:00+09:00,J5,594,582,1176
2019-01-28T07:30:00+09:00,J1,1105,1196,2301
2019-01-28T07:30:00+09:00,J2,763,681,1444
2019-01-28T07:30:00+09:00,J3,1200,1121,2321
2019-01-28T07:30:00+09:00,J4,925,1053,1978
2019-01-28T07:30:00+09:00,J5,616,603,1219
2019-01-28T07:45:00+09:00,J1,1112,1247,2359
2019-01-28T07:45:00+09:00,J2,943,759,1702
2019-01-28T07:45:00+09:00,J3,1224,1115,2339
2019-01-28T07:45:00+09:00,J4,816,1064,1880
2019-01-28T07:45:00+09:00,J5,602,618,1220
2019-01-28T08:00:00+09:00,J1,1320,1295,2615
2019-01-28T08:00:00+09:00,J2,1141,782,1923
2019-01-28T08:00:00+09:00,J3,1448,1271,2719
2019-01-28T08:00:00+09:00,J4,804,1149,1953
2019-01-28T08:00:00+09:00,J5,699,747,1446
2019-01-28T08:15:00+09:00,J1,1368,1337,2705
2019-01-28T08:15:00+09:00,J2,1162,927,2089
2019-01-28T08:15:00+09:00,J3,1427,1399,2826
2019-01-28T08:15:00+09:00,J4,907,1279,2186
2019-01-28T08:15:00+09:00,J5,770,783,1553
2019-01-28T08:30:00+09:00,J1,1461,1390,2851
2019-01-28T08:30:00+09:00,J2,1246,722,1968
2019-01-28T08:30:00+09:00,J3,1277,1416,2693
2019-01-28T08:30:00+09:00,J4,1036,1325,2361
2019-01-28T08:30:00+09:00,J5,718,760,1478
2019-01-28T08:45:00+09:00,J1,1306,1365,2671
2019-01-28T08:45:00+09:00,J2,1041,639,1680
2019-01-28T08:45:00+09:00,J3,1303,1214,2517
2019-01-28T08:45:00+09:00,J4,842,1113,1955
2019-01-28T08:45:00+09:00,J5,659,633,1292
2019-01-28T09:00:00+09:00,J1,1235,1376,2611
2019-01-28T09:00:00+09:00,J2,891,721,1612
2019-01-28T09:00:00+09:00,J3,1290,1359,2649
2019-01-28T09:00:00+09:00,J4,754,928,1682
2019-01-28T09:00:00+09:00,J5,649,626,1275
2019-01-28T09:15:00+09:00,J1,1269,1294,2563
2019-01-28T09:15:00+09:00,J2,801,682,1483
2019-01-28T09:15:00+09:00,J3,828,929,1757
2019-01-28T09:15:00+09:00,J4,853,977,1830
2019-01-28T09:15:00+09:00,J5,483,554,1037
2019-01-28T09:30:00+09:00,J1,1181,1268,2449
2019-01-28T09:30:00+09:00,J2,840,678,1518
2019-01-28T09:30:00+09:00,J3,989,969,1958
2019-01-28T09:30:00+09:00,J4,950,967,1917
2019-01-28T09:30:00+09:00,J5,620,610,1230
2019-01-28T09:45:00+09:00,J1,1166,1226,2392
2019-01-28T09:45:00+09:00,J2,795,762,1557
2019-01-28T09:45:00+09:00,J3,995,950,1945
2019-01-28T09:45:00+09:00,J4,900,905,1805
2019-01-28T09:45:00+09:00,J5,489,530,1019
2019-01-28T10:00:00+09:00,J1,1192,1303,2495
2019-01-28T10:00:00+09:00,J2,669,604,1273
2019-01-28T10:00:00+09:00,J3,931,836,1767
2019-01-28T10:00:00+09:00,J4,1002,952,1954
2019-01-28T10:00:00+09:00,J5,454,437,891
2019-01-28T10:15:00+09:00,J1,1274,1213,2487
2019-01-28T10:15:00+09:00,J2,722,655,1377
2019-01-28T10:15:00+09:00,J3,1033,907,1940
2019-01-28T10:15:00+09:00,J4,844,975,1819
2019-01-28T10:15:00+09:00,J5,448,426,874
2019-01-28T10:30:00+09:00,J1,1240,1164,2404
2019-01-28T10:30:00+09:00,J2,759,740,1499
2019-01-28T10:30:00+09:00,J3,1009,979,1988
2019-01-28T10:30:00+09:00,J4,901,990,1891
2019-01-28T10:30:00+09:00,J5,419,415,834
2019-01-28T10:45:00+09:00,J1,1250,1266,2516
2019-01-28T10:45:00+09:00,J2,796,823,1619
2019-01-28T10:45:00+09:00,J3,996,1042,2038
2019-01-28T10:45:00+09:00,J4,993,1001,1994
2019-01-28T10:45:00+09:00,J5,439,426,865
2019-01-28T11:00:00+09:00,J1,1176,1259,2435
2019-01-28T11:00:00+09:00,J2,741,783,1524
2019-01-28T11:00:00+09:00,J3,1021,1020,2041
2019-01-28T11:00:00+09:00,J4,1023,989,2012
2019-01-28T11:00:00+09:00,J5,389,442,831
2019-01-28T11:15:00+09:00,J1,1242,1352,2594
2019-01-28T11:15:00+09:00,J2,706,677,1383
2019-01-28T11:15:00+09:00,J3,1006,1068,2074
2019-01-28T11:15:00+09:00,J4,996,1024,2020
2019-01-28T11:15:00+09:00,J5,648,690,1338
2019-01-28T11:30:00+09:00,J1,1238,1386,2624
2019-01-28T11:30:00+09:00,J2,777,706,1483
2019-01-28T11:30:00+09:00,J3,1098,1053,2151
2019-01-28T11:30:00+09:00,J4,938,988,1926
2019-01-28T11:30:00+09:00,J5,726,757,1483
2019-01-28T11:45:00+09:00,J1,1194,1454,2648
2019-01-28T11:45:00+09:00,J2,719,596,1315
2019-01-28T11:45:00+09:00,J3,1126,994,2120
2019-01-28T11:45:00+09:00,J4,936,893,1829
2019-01-28T11:45:00+09:00,J5,625,700,1325
2019-01-28T12:00:00+09:00,J1,1204,1373,2577
2019-01-28T12:00:00+09:00,J2,830,708,1538
2019-01-28T12:00:00+09:00,J3,1208,1033,2241
2019-01-28T12:00:00+09:00,J4,958,951,1909
2019-01-28T12:00:00+09:00,J5,711,763,1474
2019-01-28T12:15:00+09:00,J1,1166,1391,2557
2019-01-28T12:15:00+09:00,J2,726,664,1390
2019-01-28T12:15:00+09:00,J3,1273,1142,2415
2019-01-28T12:15:00+09:00,J4,906,975,1881
2019-01-28T12:15:00+09:00,J5,721,793,1514
2019-01-28T12:30:00+09:00,J1,1115,1362,2477
2019-01-28T12:30:00+09:00,J2,757,730,1487
2019-01-28T12:30:00+09:00,J3,1155,1061,2216
2019-01-28T12:30:00+09:00,J4,967,987,1954
2019-01-28T12:30:00+09:00,J5,675,718,1393
2019-01-28T12:45:00+09:00,J1,1143,1280,2423
2019-01-28T12:45:00+09:00,J2,794,724,1518
2019-01-28T12:45:00+09:00,J3,1081,1038,2119
2019-01-28T12:45:00+09:00,J4,882,975,1857
2019-01-28T12:45:00+09:00,J5,670,650,1320
2019-01-28T13:00:00+09:00,J1,1134,1360,2494
2019-01-28T13:00:00+09:00,J2,823,763,1586
2019-01-28T13:00:00+09:00,J3,1078,990,2068
2019-01-28T13:00:00+09:00,J4,958,919,1877
2019-01-28T13:00:00+09:00,J5,516,545,1061
2019-01-28T13:15:00+09:00,J1,1090,1450,2540
2019-01-28T13:15:00+09:00,J2,786,672,1458
2019-01-28T13:15:00+09:00,J3,1028,1063,2091
2019-01-28T13:15:00+09:00,J4,866,944,1810
2019-01-28T13:15:00+09:00,J5,424,434,858
2019-01-28T13:30:00+09:00,J1,1167,1397,2564
2019-01-28T13:30:00+09:00,J2,796,724,1520
2019-01-28T13:30:00+09:00,J3,1040,977,2017
2019-01-28T13:30:00+09:00,J4,948,925,1873
2019-01-28T13:30:00+09:00,J5,402,480,882
2019-01-28T13:45:00+09:00,J1,1116,1399,2515
2019-01-28T13:45:00+09:00,J2,763,722,1485
2019-01-28T13:45:00+09:00,J3,992,1041,2033
2019-01-28T13:45:00+09:00,J4,893,883,1776
2019-01-28T13:45:00+09:00,J5,481,482,963
2019-01-28T14:00:00+09:00,J1,1139,1404,2543
2019-01-28T14:00:00+09:00,J2,784,788,1572
2019-01-28T14:00:00+09:00,J3,994,961,1955
2019-01-28T14:00:00+09:00,J4,873,877,1750
2019-01-28T14:00:00+09:00,J5,587,677,1264
2019-01-28T14:15:00+09:00,J1,1154,1365,2519
2019-01-28T14:15:00+09:00,J2,814,732,1546
2019-01-28T14:15:00+09:00,J3,1109,977,2086
2019-01-28T14:15:00+09:00,J4,962,954,1916
2019-01-28T14:15:00+09:00,J5,712,737,1449
2019-01-28T14:30:00+09:00,J1,1146,1362,2508
2019-01-28T14:30:00+09:00,J2,850,841,1691
2019-01-28T14:30:00+09:00,J3,1108,1084,2192
2019-01-28T14:30:00+09:00,J4,939,929,1868
2019-01-28T14:30:00+09:00,J5,726,717,1443
2019-01-28T14:45:00+09:00,J1,1132,1364,2496
2019-01-28T14:45:00+09:00,J2,854,774,1628
2019-01-28T14:45:00+09:00,J3,1168,1117,2285
2019-01-28T14:45:00+09:00,J4,874,923,1797
2019-01-28T14:45:00+09:00,J5,758,679,1437
2019-01-28T15:00:00+09:00,J1,1156,1359,2515
2019-01-28T15:00:00+09:00,J2,837,766,1603
2019-01-28T15:00:00+09:00,J3,1156,1079,2235
2019-01-28T15:00:00+09:00,J4,961,986,1947
2019-01-28T15:00:00+09:00,J5,663,742,1405
2019-01-28T15:15:00+09:00,J1,1204,1338,2542
2019-01-28T15:15:00+09:00,J2,804,756,1560
2019-01-28T15:15:00+09:00,J3,1133,1141,2274
2019-01-28T15:15:00+09:00,J4,895,1002,1897
2019-01-28T15:15:00+09:00,J5,701,741,1442
2019-01-28T15:30:00+09:00,J1,1098,1375,2473
2019-01-28T15:30:00+09:00,J2,856,759,1615
2019-01-28T15:30:00+09:00,J3,1170,1137,2307
2019-01-28T15:30:00+09:00,J4,881,859,1740
2019-01-28T15:30:00+09:00,J5,671,678,1349
2019-01-28T15:45:00+09:00,J1,1161,1377,2538
2019-01-28T15:45:00+09:00,J2,844,756,1600
2019-01-28T15:45:00+09:00,J3,1195,1169,2364
2019-01-28T15:45:00+09:00,J4,875,901,1776
2019-01-28T15:45:00+09:00,J5,656,644,1300
2019-01-28T16:00:00+09:00,J1,1113,1402,2515
2019-01-28T16:00:00+09:00,J2,777,740,1517
2019-01-28T16:00:00+09:00,J3,1204,1180,2384
2019-01-28T16:00:00+09:00,J4,923,869,1792
2019-01-28T16:00:00+09:00,J5,585,680,1265
2019-01-28T16:15:00+09:00,J1,1090,1383,2473
2019-01-28T16:15:00+09:00,J2,752,712,1464
2019-01-28T16:15:00+09:00,J3,1180,1171,2351
2019-01-28T16:15:00+09:00,J4,893,957,1850
2019-01-28T16:15:00+09:00,J5,570,682,1252
2019-01-28T16:30:00+09:00,J1,1092,1296,2388
2019-01-28T16:30:00+09:00,J2,876,806,1682
2019-01-28T16:30:00+09:00,J3,1265,1091,2356
2019-01-28T16:30:00+09:00,J4,926,939,1865
2019-01-28T16:30:00+09:00,J5,640,663,1303
2019-01-28T16:45:00+09:00,J1,1156,1314,2470
2019-01-28T16:45:00+09:00,J2,880,827,1707
2019-01-28T16:45:00+09:00,J3,1349,1127,2476
2019-01-28T16:45:00+09:00,J4,850,908,1758
2019-01-28T16:45:00+09:00,J5,587,616,1203
2019-01-28T17:00:00+09:00,J1,1179,1444,2623
2019-01-28T17:00:00+09:00,J2,866,819,1685
2019-01-28T17:00:00+09:00,J3,1201,1191,2392
2019-01-28T17:00:00+09:00,J4,860,902,1762
2019-01-28T17:00:00+09:00,J5,541,671,1212
2019-01-28T17:15:00+09:00,J1,1205,1400,2605
2019-01-28T17:15:00+09:00,J2,823,932,1755
2019-01-28T17:15:00+09:00,J3,1393,1258,2651
2019-01-28T17:15:00+09:00,J4,862,880,1742
2019-01-28T17:15:00+09:00,J5,561,694,1255
2019-01-28T17:30:00+09:00,J1,1173,1465,2638
2019-01-28T17:30:00+09:00,J2,933,992,1925
2019-01-28T17:30:00+09:00,J3,1485,1311,2796
2019-01-28T17:30:00+09:00,J4,993,914,1907
2019-01-28T17:30:00+09:00,J5,582,618,1200
2019-01-28T17:45:00+09:00,J1,1236,1456,2692
2019-01-28T17:45:00+09:00,J2,958,887,1845
2019-01-28T17:45:00+09:00,J3,1572,1182,2754
2019-01-28T17:45:00+09:00,J4,1023,913,1936
2019-01-28T17:45:00+09:00,J5,565,625,1190
2019-01-28T18:00:00+09:00,J1,1234,1490,2724
2019-01-28T18:00:00+09:00,J2,958,913,1871
2019-01-28T18:00:00+09:00,J3,1420,1111,2531
2019-01-28T18:00:00+09:00,J4,970,843,1813
2019-01-28T18:00:00+09:00,J5,607,662,1269
2019-01-28T18:15:00+09:00,J1,1317,1456,2773
2019-01-28T18:15:00+09:00,J2,967,935,1902
2019-01-28T18:15:00+09:00,J3,1484,1194,2678
2019-01-28T18:15:00+09:00,J4,1102,854,1956
2019-01-28T18:15:00+09:00,J5,642,636,1278
2019-01-28T18:30:00+09:00,J1,1227,1366,2593
2019-01-28T18:30:00+09:00,J2,910,860,1770
2019-01-28T18:30:00+09:00,J3,1274,1113,2387
2019-01-28T18:30:00+09:00,J4,905,812,1717
2019-01-28T18:30:00+09:00,J5,564,549,1113
2019-01-28T18:45:00+09:00,J1,1226,1312,2538
2019-01-28T18:45:00+09:00,J2,840,804,1644
2019-01-28T18:45:00+09:00,J3,1110,1101,2211
2019-01-28T18:45:00+09:00,J4,870,895,1765
2019-01-28T18:45:00+09:00,J5,549,620,1169
2019-01-28T19:00:00+09:00,J1,1137,1261,2398
2019-01-28T19:00:00+09:00,J2,599,705,1304
2019-01-28T19:00:00+09:00,J3,1236,1167,2403
2019-01-28T19:00:00+09:00,J4,885,921,1806
2019-01-28T19:00:00+09:00,J5,564,525,1089
2019-01-28T19:15:00+09:00,J1,1105,1287,2392
2019-01-28T19:15:00+09:00,J2,684,707,1391
2019-01-28T19:15:00+09:00,J3,1150,1073,2223
2019-01-28T19:15:00+09:00,J4,978,933,1911
2019-01-28T19:15:00+09:00,J5,626,553,1179
2019-01-28T19:30:00+09:00,J1,1094,1276,2370
2019-01-28T19:30:00+09:00,J2,624,645,1269
2019-01-28T19:30:00+09:00,J3,1013,999,2012
2019-01-28T19:30:00+09:00,J4,894,897,1791
2019-01-28T19:30:00+09:00,J5,594,526,1120
2019-01-28T19:45:00+09:00,J1,1119,1279,2398
2019-01-28T19:45:00+09:00,J2,626,605,1231
2019-01-28T19:45:00+09:00,J3,952,874,1826
2019-01-28T19:45:00+09:00,J4,946,782,1728
2019-01-28T19:45:00+09:00,J5,574,550,1124
2019-01-28T20:00:00+09:00,J1,1084,1274,2358
2019-01-28T20:00:00+09:00,J2,627,660,1287
2019-01-28T20:00:00+09:00,J3,877,872,1749
2019-01-28T20:00:00+09:00,J4,811,816,1627
2019-01-28T20:00:00+09:00,J5,577,504,1081
2019-01-28T20:15:00+09:00,J1,1087,1239,2326
2019-01-28T20:15:00+09:00,J2,600,694,1294
2019-01-28T20:15:00+09:00,J3,949,882,1831
2019-01-28T20:15:00+09:00,J4,890,844,1734
2019-01-28T20:15:00+09:00,J5,646,573,1219
2019-01-28T20:30:00+09:00,J1,1141,1290,2431
2019-01-28T20:30:00+09:00,J2,795,663,1458
2019-01-28T20:30:00+09:00,J3,1012,921,1933
2019-01-28T20:30:00+09:00,J4,951,743,1694
2019-01-28T20:30:00+09:00,J5,592,519,1111
2019-01-28T20:45:00+09:00,J1,1088,1215,2303
2019-01-28T20:45:00+09:00,J2,744,591,1335
2019-01-28T20:45:00+09:00,J3,1022,867,1889
2019-01-28T20:45:00+09:00,J4,883,855,1738
2019-01-28T20:45:00+09:00,J5,541,490,1031
2019-01-28T21:00:00+09:00,J1,1042,1129,2171
2019-01-28T21:00:00+09:00,J2,735,657,1392
2019-01-28T21:00:00+09:00,J3,1022,864,1886
2019-01-28T21:00:00+09:00,J4,996,844,1840
2019-01-28T21:00:00+09:00,J5,563,472,1035
2019-01-28T21:15:00+09:00,J1,969,1111,2080
2019-01-28T21:15:00+09:00,J2,782,718,1500
2019-01-28T21:15:00+09:00,J3,1170,870,2040
2019-01-28T21:15:00+09:00,J4,1011,927,1938
2019-01-28T21:15:00+09:00,J5,591,550,1141
2019-01-28T21:30:00+09:00,J1,972,1129,2101
2019-01-28T21:30:00+09:00,J2,567,688,1255
2019-01-28T21:30:00+09:00,J3,962,742,1704
2019-01-28T21:30:00+09:00,J4,924,859,1783
2019-01-28T21:30:00+09:00,J5,527,488,1015
2019-01-28T21:45:00+09:00,J1,964,1123,2087
2019-01-28T21:45:00+09:00,J2,778,762,1540
2019-01-28T21:45:00+09:00,J3,876,723,1599
2019-01-28T21:45:00+09:00,J4,818,855,1673
2019-01-28T21:45:00+09:00,J5,460,436,896
2019-01-28T22:00:00+09:00,J1,1041,1107,2148
2019-01-28T22:00:00+09:00,J2,818,811,1629
2019-01-28T22:00:00+09:00,J3,752,716,1468
2019-01-28T22:00:00+09:00,J4,791,847,1638
2019-01-28T22:00:00+09:00,J5,450,491,941
2019-01-28T22:15:00+09:00,J1,921,1107,2028
2019-01-28T22:15:00+09:00,J2,554,613,1167
2019-01-28T22:15:00+09:00,J3,805,764,1569
2019-01-28T22:15:00+09:00,J4,756,830,1586
2019-01-28T22:15:00+09:00,J5,525,534,1059
2019-01-28T22:30:00+09:00,J1,905,1086,1991
2019-01-28T22:30:00+09:00,J2,576,669,1245
2019-01-28T22:30:00+09:00,J3,750,729,1479
2019-01-28T22:30:00+09:00,J4,874,801,1675
2019-01-28T22:30:00+09:00,J5,469,544,1013
2019-01-28T22:45:00+09:00,J1,955,1052,2007
2019-01-28T22:45:00+09:00,J2,534,658,1192
2019-01-28T22:45:00+09:00,J3,714,649,1363
2019-01-28T22:45:00+09:00,J4,799,841,1640
2019-01-28T22:45:00+09:00,J5,551,555,1106
2019-01-28T23:00:00+09:00,J1,934,1078,2012
2019-01-28T23:00:00+09:00,J2,712,665,1377
2019-01-28T23:00:00+09:00,J3,772,738,1510
2019-01-28T23:00:00+09:00,J4,839,825,1664
2019-01-28T23:00:00+09:00,J5,578,528,1106
2019-01-28T23:15:00+09:00,J1,944,1042,1986
2019-01-28T23:15:00+09:00,J2,705,691,1396
2019-01-28T23:15:00+09:00,J3,812,785,1597
2019-01-28T23:15:00+09:00,J4,769,833,1602
2019-01-28T23:15:00+09:00,J5,539,518,1057
2019-01-28T23:30:00+09:00,J1,987,1054,2041
2019-01-28T23:30:00+09:00,J2,638,715,1353
2019-01-28T23:30:00+09:00,J3,741,715,1456
2019-01-28T23:30:00+09:00,J4,778,787,1565
2019-01-28T23:30:00+09:00,J5,613,535,1148
2019-01-28T23:45:00+09:00,J1,884,981,1865
2019-01-28T23:45:00+09:00,J2,596,549,1145
2019-01-28T23:45:00+09:00,J3,758,744,1502
2019-01-28T23:45:00+09:00,J4,755,757,1512
2019-01-28T23:45:00+09:00,J5,605,490,1095
2019-01-29T00:00:00+09:00,J1,726,716,1442
2019-01-29T00:00:00+09:00,J2,547,593,1140
2019-01-29T00:00:00+09:00,J3,897,857,1754
2019-01-29T00:00:00+09:00,J4,696,769,1465
2019-01-29T00:00:00+09:00,J5,545,488,1033
2019-01-29T00:15:00+09:00,J1,576,526,1102
2019-01-29T00:15:00+09:00,J2,385,433,818
2019-01-29T00:15:00+09:00,J3,873,759,1632
2019-01-29T00:15:00+09:00,J4,617,716,1333
2019-01-29T00:15:00+09:00,J5,417,378,795
2019-01-29T00:30:00+09:00,J1,634,573,1207
2019-01-29T00:30:00+09:00,J2,396,371,767
2019-01-29T00:30:00+09:00,J3,884,807,1691
2019-01-29T00:30:00+09:00,J4,524,605,1129
2019-01-29T00:30:00+09:00,J5,477,365,842
2019-01-29T00:45:00+09:00,J1,663,570,1233
2019-01-29T00:45:00+09:00,J2,447,436,883
2019-01-29T00:45:00+09:00,J3,904,798,1702
2019-01-29T00:45:00+09:00,J4,537,686,1223
2019-01-29T00:45:00+09:00,J5,424,417,841
2019-01-29T05:45:00+09:00,J1,973,989,1962
2019-01-29T05:45:00+09:00,J2,572,654,1226
2019-01-29T05:45:00+09:00,J3,721,594,1315
2019-01-29T05:45:00+09:00,J4,549,589,1138
2019-01-29T05:45:00+09:00,J5,434,419,853
2019-01-29T06:00:00+09:00,J1,938,1007,1945
2019-01-29T06:00:00+09:00,J2,585,671,1256
2019-01-29T06:00:00+09:00,J3,888,665,1553
2019-01-29T06:00:00+09:00,J4,523,590,1113
2019-01-29T06:00:00+09:00,J5,344,354,698
2019-01-29T06:15:00+09:00,J1,1008,1059,2067
2019-01-29T06:15:00+09:00,J2,629,637,1266
2019-01-29T06:15:00+09:00,J3,997,769,1766
2019-01-29T06:15:00+09:00,J4,580,682,1262
2019-01-29T06:15:00+09:00,J5,386,411,797
2019-01-29T06:30:00+09:00,J1,1044,1074,2118
2019-01-29T06:30:00+09:00,J2,614,661,1275
2019-01-29T06:30:00+09:00,J3,870,647,1517
2019-01-29T06:30:00+09:00,J4,659,728,1387
2019-01-29T06:30:00+09:00,J5,376,435,811
2019-01-29T06:45:00+09:00,J1,995,1061,2056
2019-01-29T06:45:00+09:00,J2,666,571,1237
2019-01-29T06:45:00+09:00,J3,959,741,1700
2019-01-29T06:45:00+09:00,J4,666,752,1418
2019-01-29T06:45:00+09:00,J5,472,441,913
2019-01-29T07:00:00+09:00,J1,954,1070,2024
2019-01-29T07:00:00+09:00,J2,732,747,1479
2019-01-29T07:00:00+09:00,J3,991,760,1751
2019-01-29T07:00:00+09:00,J4,799,875,1674
2019-01-29T07:00:00+09:00,J5,519,479,998
2019-01-29T07:15:00+09:00,J1,988,1154,2142
2019-01-29T07:15:00+09:00,J2,750,710,1460
2019-01-29T07:15:00+09:00,J3,1126,915,2041
2019-01-29T07:15:00+09:00,J4,785,895,1680
2019-01-29T07:15:00+09:00,J5,576,519,1095
2019-01-29T07:30:00+09:00,J1,1105,1238,2343
2019-01-29T07:30:00+09:00,J2,814,753,1567
2019-01-29T07:30:00+09:00,J3,1232,1179,2411
2019-01-29T07:30:00+09:00,J4,834,1018,1852
2019-01-29T07:30:00+09:00,J5,675,608,1283
2019-01-29T07:45:00+09:00,J1,1173,1325,2498
2019-01-29T07:45:00+09:00,J2,907,826,1733
2019-01-29T07:45:00+09:00,J3,1259,1211,2470
2019-01-29T07:45:00+09:00,J4,888,1113,2001
2019-01-29T07:45:00+09:00,J5,574,603,1177
2019-01-29T08:00:00+09:00,J1,1326,1332,2658
2019-01-29T08:00:00+09:00,J2,1145,756,1901
2019-01-29T08:00:00+09:00,J3,1477,1288,2765
2019-01-29T08:00:00+09:00,J4,1013,1233,2246
2019-01-29T08:00:00+09:00,J5,717,724,1441
2019-01-29T08:15:00+09:00,J1,1332,1308,2640
2019-01-29T08:15:00+09:00,J2,1222,908,2130
2019-01-29T08:15:00+09:00,J3,1416,1518,2934
2019-01-29T08:15:00+09:00,J4,1027,1192,2219
2019-01-29T08:15:00+09:00,J5,695,745,1440
2019-01-29T08:30:00+09:00,J1,1421,1383,2804
2019-01-29T08:30:00+09:00,J2,1273,819,2092
2019-01-29T08:30:00+09:00,J3,1533,1470,3003
2019-01-29T08:30:00+09:00,J4,912,1072,1984
2019-01-29T08:30:00+09:00,J5,656,682,1338
2019-01-29T08:45:00+09:00,J1,1410,1418,2828
2019-01-29T08:45:00+09:00,J2,995,621,1616
2019-01-29T08:45:00+09:00,J3,1459,1405,2864
2019-01-29T08:45:00+09:00,J4,846,1078,1924
2019-01-29T08:45:00+09:00,J5,622,648,1270
2019-01-29T09:00:00+09:00,J1,1330,1393,2723
2019-01-29T09:00:00+09:00,J2,911,755,1666
2019-01-29T09:00:00+09:00,J3,1392,1174,2566
2019-01-29T09:00:00+09:00,J4,867,921,1788
2019-01-29T09:00:00+09:00,J5,640,663,1303
2019-01-29T09:15:00+09:00,J1,1327,1378,2705
2019-01-29T09:15:00+09:00,J2,846,766,1612
2019-01-29T09:15:00+09:00,J3,1177,1140,2317
2019-01-29T09:15:00+09:00,J4,849,1078,1927
2019-01-29T09:15:00+09:00,J5,469,455,924
2019-01-29T09:30:00+09:00,J1,1273,1308,2581
2019-01-29T09:30:00+09:00,J2,917,753,1670
2019-01-29T09:30:00+09:00,J3,1143,1190,2333
2019-01-29T09:30:00+09:00,J4,930,994,1924
2019-01-29T09:30:00+09:00,J5,623,536,1159
2019-01-29T09:45:00+09:00,J1,1249,1417,2666
2019-01-29T09:45:00+09:00,J2,877,750,1627
2019-01-29T09:45:00+09:00,J3,1234,1129,2363
2019-01-29T09:45:00+09:00,J4,779,927,1706
2019-01-29T09:45:00+09:00,J5,611,638,1249
2019-01-29T10:00:00+09:00,J1,1208,1341,2549
2019-01-29T10:00:00+09:00,J2,775,697,1472
2019-01-29T10:00:00+09:00,J3,1137,1103,2240
2019-01-29T10:00:00+09:00,J4,681,801,1482
2019-01-29T10:00:00+09:00,J5,552,572,1124
2019-01-29T10:15:00+09:00,J1,1210,1367,2577
2019-01-29T10:15:00+09:00,J2,771,696,1467
2019-01-29T10:15:00+09:00,J3,1144,1089,2233
2019-01-29T10:15:00+09:00,J4,740,851,1591
2019-01-29T10:15:00+09:00,J5,533,536,1069
2019-01-29T10:30:00+09:00,J1,1216,1358,2574
2019-01-29T10:30:00+09:00,J2,814,743,1557
2019-01-29T10:30:00+09:00,J3,1108,1081,2189
2019-01-29T10:30:00+09:00,J4,768,837,1605
2019-01-29T10:30:00+09:00,J5,510,562,1072
2019-01-29T10:45:00+09:00,J1,1205,1326,2531
2019-01-29T10:45:00+09:00,J2,809,813,1622
2019-01-29T10:45:00+09:00,J3,1153,1026,2179
2019-01-29T10:45:00+09:00,J4,894,894,1788
2019-01-29T10:45:00+09:00,J5,601,604,1205
2019-01-29T11:00:00+09:00,J1,1167,1337,2504
2019-01-29T11:00:00+09:00,J2,738,772,1510
2019-01-29T11:00:00+09:00,J3,1207,1146,2353
2019-01-29T11:00:00+09:00,J4,866,922,1788
2019-01-29T11:00:00+09:00,J5,544,546,1090
2019-01-29T11:15:00+09:00,J1,1190,1383,2573
2019-01-29T11:15:00+09:00,J2,717,843,1560
2019-01-29T11:15:00+09:00,J3,1155,1121,2276
2019-01-29T11:15:00+09:00,J4,830,946,1776
2019-01-29T11:15:00+09:00,J5,523,423,946
2019-01-29T11:30:00+09:00,J1,1159,1352,2511
2019-01-29T11:30:00+09:00,J2,716,807,1523
2019-01-29T11:30:00+09:00,J3,1291,1154,2445
2019-01-29T11:30:00+09:00,J4,877,994,1871
2019-01-29T11:30:00+09:00,J5,580,645,1225
2019-01-29T11:45:00+09:00,J1,1175,1307,2482
2019-01-29T11:45:00+09:00,J2,756,855,1611
2019-01-29T11:45:00+09:00,J3,1333,1193,2526
2019-01-29T11:45:00+09:00,J4,882,982,1864
2019-01-29T11:45:00+09:00,J5,582,650,1232
2019-01-29T12:00:00+09:00,J1,1217,1417,2634
2019-01-29T12:00:00+09:00,J2,754,807,1561
2019-01-29T12:00:00+09:00,J3,1384,1261,2645
2019-01-29T12:00:00+09:00,J4,1002,995,1997
2019-01-29T12:00:00+09:00,J5,694,762,1456
2019-01-29T12:15:00+09:00,J1,1144,1443,2587
2019-01-29T12:15:00+09:00,J2,789,771,1560
2019-01-29T12:15:00+09:00,J3,1213,1143,2356
2019-01-29T12:15:00+09:00,J4,1021,944,1965
2019-01-29T12:15:00+09:00,J5,688,773,1461
2019-01-29T12:30:00+09:00,J1,1117,1421,2538
2019-01-29T12:30:00+09:00,J2,801,828,1629
2019-01-29T12:30:00+09:00,J3,1269,1128,2397
2019-01-29T12:30:00+09:00,J4,991,940,1931
2019-01-29T12:30:00+09:00,J5,674,783,1457
2019-01-29T12:45:00+09:00,J1,1099,1380,2479
2019-01-29T12:45:00+09:00,J2,832,840,1672
2019-01-29T12:45:00+09:00,J3,1306,1096,2402
2019-01-29T12:45:00+09:00,J4,860,943,1803
2019-01-29T12:45:00+09:00,J5,695,706,1401
2019-01-29T13:00:00+09:00,J1,1184,1404,2588
2019-01-29T13:00:00+09:00,J2,762,811,1573
2019-01-29T13:00:00+09:00,J3,1209,1107,2316
2019-01-29T13:00:00+09:00,J4,918,949,1867
2019-01-29T13:00:00+09:00,J5,726,750,1476
2019-01-29T13:15:00+09:00,J1,1105,1450,2555
2019-01-29T13:15:00+09:00,J2,802,811,1613
2019-01-29T13:15:00+09:00,J3,1248,1063,2311
2019-01-29T13:15:00+09:00,J4,895,914,1809
2019-01-29T13:15:00+09:00,J5,709,740,1449
2019-01-29T13:30:00+09:00,J1,1155,1405,2560
2019-01-29T13:30:00+09:00,J2,877,920,1797
2019-01-29T13:30:00+09:00,J3,1222,1089,2311
2019-01-29T13:30:00+09:00,J4,903,964,1867
2019-01-29T13:30:00+09:00,J5,712,711,1423
2019-01-29T13:45:00+09:00,J1,1199,1450,2649
2019-01-29T13:45:00+09:00,J2,795,883,1678
2019-01-29T13:45:00+09:00,J3,1265,1073,2338
2019-01-29T13:45:00+09:00,J4,889,956,1845
2019-01-29T13:45:00+09:00,J5,665,661,1326
2019-01-29T14:00:00+09:00,J1,1148,1365,2513
2019-01-29T14:00:00+09:00,J2,773,859,1632
2019-01-29T14:00:00+09:00,J3,1225,1016,2241
2019-01-29T14:00:00+09:00,J4,932,895,1827
2019-01-29T14:00:00+09:00,J5,661,715,1376
2019-01-29T14:15:00+09:00,J1,1148,1366,2514
2019-01-29T14:15:00+09:00,J2,794,820,1614
2019-01-29T14:15:00+09:00,J3,1245,1075,2320
2019-01-29T14:15:00+09:00,J4,980,878,1858
2019-01-29T14:15:00+09:00,J5,711,728,1439
2019-01-29T14:30:00+09:00,J1,1119,1407,2526
2019-01-29T14:30:00+09:00,J2,754,885,1639
2019-01-29T14:30:00+09:00,J3,1329,1094,2423
2019-01-29T14:30:00+09:00,J4,907,948,1855
2019-01-29T14:30:00+09:00,J5,642,745,1387
2019-01-29T14:45:00+09:00,J1,1216,1438,2654
2019-01-29T14:45:00+09:00,J2,693,822,1515
2019-01-29T14:45:00+09:00,J3,1384,1112,2496
2019-01-29T14:45:00+09:00,J4,927,940,1867
2019-01-29T14:45:00+09:00,J5,675,681,1356
2019-01-29T15:00:00+09:00,J1,1165,1424,2589
2019-01-29T15:00:00+09:00,J2,737,842,1579
2019-01-29T15:00:00+09:00,J3,1226,1130,2356
2019-01-29T15:00:00+09:00,J4,933,892,1825
2019-01-29T15:00:00+09:00,J5,678,660,1338
2019-01-29T15:15:00+09:00,J1,1173,1422,2595
2019-01-29T15:15:00+09:00,J2,798,815,1613
2019-01-29T15:15:00+09:00,J3,1343,1144,2487
2019-01-29T15:15:00+09:00,J4,943,952,1895
2019-01-29T15:15:00+09:00,J5,670,743,1413
2019-01-29T15:30:00+09:00,J1,1221,1394,2615
2019-01-29T15:30:00+09:00,J2,758,812,1570
2019-01-29T15:30:00+09:00,J3,1293,1124,2417
2019-01-29T15:30:00+09:00,J4,966,976,1942
2019-01-29T15:30:00+09:00,J5,707,738,1445
2019-01-29T15:45:00+09:00,J1,1196,1356,2552
2019-01-29T15:45:00+09:00,J2,930,820,1750
2019-01-29T15:45:00+09:00,J3,1340,1051,2391
2019-01-29T15:45:00+09:00,J4,952,904,1856
2019-01-29T15:45:00+09:00,J5,660,783,1443
2019-01-29T16:00:00+09:00,J1,1146,1445,2591
2019-01-29T16:00:00+09:00,J2,834,809,1643
2019-01-29T16:00:00+09:00,J3,1274,1065,2339
2019-01-29T16:00:00+09:00,J4,929,966,1895
2019-01-29T16:00:00+09:00,J5,698,714,1412
2019-01-29T16:15:00+09:00,J1,1222,1391,2613
2019-01-29T16:15:00+09:00,J2,897,810,1707
2019-01-29T16:15:00+09:00,J3,1319,1082,2401
2019-01-29T16:15:00+09:00,J4,926,897,1823
2019-01-29T16:15:00+09:00,J5,703,735,1438
2019-01-29T16:30:00+09:00,J1,1113,1374,2487
2019-01-29T16:30:00+09:00,J2,892,800,1692
2019-01-29T16:30:00+09:00,J3,1385,1157,2542
2019-01-29T16:30:00+09:00,J4,970,939,1909
2019-01-29T16:30:00+09:00,J5,666,663,1329
2019-01-29T16:45:00+09:00,J1,1254,1383,2637
2019-01-29T16:45:00+09:00,J2,836,732,1568
2019-01-29T16:45:00+09:00,J3,1433,1233,2666
2019-01-29T16:45:00+09:00,J4,899,890,1789
2019-01-29T16:45:00+09:00,J5,631,690,1321
2019-01-29T17:00:00+09:00,J1,1253,1412,2665
2019-01-29T17:00:00+09:00,J2,820,849,1669
2019-01-29T17:00:00+09:00,J3,1438,1150,2588
2019-01-29T17:00:00+09:00,J4,854,938,1792
2019-01-29T17:00:00+09:00,J5,735,713,1448
2019-01-29T17:15:00+09:00,J1,1224,1486,2710
2019-01-29T17:15:00+09:00,J2,922,847,1769
2019-01-29T17:15:00+09:00,J3,1558,1251,2809
2019-01-29T17:15:00+09:00,J4,1001,950,1951
2019-01-29T17:15:00+09:00,J5,685,696,1381
2019-01-29T17:30:00+09:00,J1,1264,1557,2821
2019-01-29T17:30:00+09:00,J2,1074,956,2030
2019-01-29T17:30:00+09:00,J3,1570,1347,2917
2019-01-29T17:30:00+09:00,J4,993,907,1900
2019-01-29T17:30:00+09:00,J5,686,693,1379
2019-01-29T17:45:00+09:00,J1,1202,1431,2633
2019-01-29T17:45:00+09:00,J2,908,975,1883
2019-01-29T17:45:00+09:00,J3,1627,1232,2859
2019-01-29T17:45:00+09:00,J4,1014,872,1886
2019-01-29T17:45:00+09:00,J5,673,747,1420
2019-01-29T18:00:00+09:00,J1,1250,1532,2782
2019-01-29T18:00:00+09:00,J2,821,1007,1828
2019-01-29T18:00:00+09:00,J3,1558,1238,2796
2019-01-29T18:00:00+09:00,J4,985,896,1881
2019-01-29T18:00:00+09:00,J5,687,707,1394
2019-01-29T18:15:00+09:00,J1,1226,1542,2768
2019-01-29T18:15:00+09:00,J2,898,1011,1909
2019-01-29T18:15:00+09:00,J3,1543,1320,2863
2019-01-29T18:15:00+09:00,J4,1003,827,1830
2019-01-29T18:15:00+09:00,J5,627,636,1263
2019-01-29T18:30:00+09:00,J1,1264,1412,2676
2019-01-29T18:30:00+09:00,J2,877,902,1779
2019-01-29T18:30:00+09:00,J3,1328,1042,2370
2019-01-29T18:30:00+09:00,J4,953,876,1829
2019-01-29T18:30:00+09:00,J5,666,625,1291
2019-01-29T18:45:00+09:00,J1,1271,1449,2720
2019-01-29T18:45:00+09:00,J2,851,888,1739
2019-01-29T18:45:00+09:00,J3,1135,1040,2175
2019-01-29T18:45:00+09:00,J4,992,984,1976
2019-01-29T18:45:00+09:00,J5,749,658,1407
2019-01-29T19:00:00+09:00,J1,1161,1411,2572
2019-01-29T19:00:00+09:00,J2,709,760,1469
2019-01-29T19:00:00+09:00,J3,1159,959,2118
2019-01-29T19:00:00+09:00,J4,1045,879,1924
2019-01-29T19:00:00+09:00,J5,732,789,1521
2019-01-29T19:15:00+09:00,J1,1149,1402,2551
2019-01-29T19:15:00+09:00,J2,836,840,1676
2019-01-29T19:15:00+09:00,J3,1176,959,2135
2019-01-29T19:15:00+09:00,J4,1171,949,2120
2019-01-29T19:15:00+09:00,J5,673,741,1414
2019-01-29T19:30:00+09:00,J1,1173,1350,2523
2019-01-29T19:30:00+09:00,J2,882,729,1611
2019-01-29T19:30:00+09:00,J3,1109,930,2039
2019-01-29T19:30:00+09:00,J4,1106,944,2050
2019-01-29T19:30:00+09:00,J5,592,633,1225
2019-01-29T19:45:00+09:00,J1,1083,1366,2449
2019-01-29T19:45:00+09:00,J2,713,692,1405
2019-01-29T19:45:00+09:00,J3,1033,950,1983
2019-01-29T19:45:00+09:00,J4,1066,929,1995
2019-01-29T19:45:00+09:00,J5,630,587,1217
2019-01-29T20:00:00+09:00,J1,1172,1401,2573
2019-01-29T20:00:00+09:00,J2,669,614,1283
2019-01-29T20:00:00+09:00,J3,1052,917,1969
2019-01-29T20:00:00+09:00,J4,1041,920,1961
2019-01-29T20:00:00+09:00,J5,592,578,1170
2019-01-29T20:15:00+09:00,J1,1157,1373,2530
2019-01-29T20:15:00+09:00,J2,751,821,1572
2019-01-29T20:15:00+09:00,J3,1075,929,2004
2019-01-29T20:15:00+09:00,J4,1029,930,1959
2019-01-29T20:15:00+09:00,J5,567,555,1122
2019-01-29T20:30:00+09:00,J1,1201,1377,2578
2019-01-29T20:30:00+09:00,J2,784,817,1601
2019-01-29T20:30:00+09:00,J3,1021,960,1981
2019-01-29T20:30:00+09:00,J4,958,834,1792
2019-01-29T20:30:00+09:00,J5,526,564,1090
2019-01-29T20:45:00+09:00,J1,1179,1364,2543
2019-01-29T20:45:00+09:00,J2,831,733,1564
2019-01-29T20:45:00+09:00,J3,995,906,1901
2019-01-29T20:45:00+09:00,J4,1001,854,1855
2019-01-29T20:45:00+09:00,J5,512,523,1035
2019-01-29T21:00:00+09:00,J1,1132,1357,2489
2019-01-29T21:00:00+09:00,J2,922,914,1836
2019-01-29T21:00:00+09:00,J3,1036,855,1891
2019-01-29T21:00:00+09:00,J4,981,837,1818
2019-01-29T21:00:00+09:00,J5,528,555,1083
2019-01-29T21:15:00+09:00,J1,1123,1346,2469
2019-01-29T21:15:00+09:00,J2,718,811,1529
2019-01-29T21:15:00+09:00,J3,1114,967,2081
2019-01-29T21:15:00+09:00,J4,955,912,1867
2019-01-29T21:15:00+09:00,J5,670,608,1278
2019-01-29T21:30:00+09:00,J1,1200,1373,2573
2019-01-29T21:30:00+09:00,J2,728,779,1507
2019-01-29T21:30:00+09:00,J3,946,932,1878
2019-01-29T21:30:00+09:00,J4,807,875,1682
2019-01-29T21:30:00+09:00,J5,568,576,1144
2019-01-29T21:45:00+09:00,J1,1202,1345,2547
2019-01-29T21:45:00+09:00,J2,730,774,1504
2019-01-29T21:45:00+09:00,J3,963,956,1919
2019-01-29T21:45:00+09:00,J4,816,842,1658
2019-01-29T21:45:00+09:00,J5,535,518,1053
2019-01-29T22:00:00+09:00,J1,1131,1309,2440
2019-01-29T22:00:00+09:00,J2,788,794,1582
2019-01-29T22:00:00+09:00,J3,1075,1001,2076
2019-01-29T22:00:00+09:00,J4,842,851,1693
2019-01-29T22:00:00+09:00,J5,554,539,1093
2019-01-29T22:15:00+09:00,J1,1149,1317,2466
2019-01-29T22:15:00+09:00,J2,803,760,1563
2019-01-29T22:15:00+09:00,J3,1042,978,2020
2019-01-29T22:15:00+09:00,J4,862,828,1690
2019-01-29T22:15:00+09:00,J5,560,508,1068
2019-01-29T22:30:00+09:00,J1,1182,1263,2445
2019-01-29T22:30:00+09:00,J2,710,698,1408
2019-01-29T22:30:00+09:00,J3,1053,1010,2063
2019-01-29T22:30:00+09:00,J4,769,867,1636
2019-01-29T22:30:00+09:00,J5,576,494,1070
2019-01-29T22:45:00+09:00,J1,1101,1306,2407
2019-01-29T22:45:00+09:00,J2,672,682,1354
2019-01-29T22:45:00+09:00,J3,1125,926,2051
2019-01-29T22:45:00+09:00,J4,805,831,1636
2019-01-29T22:45:00+09:00,J5,584,497,1081
2019-01-29T23:00:00+09:00,J1,1130,1266,2396
2019-01-29T23:00:00+09:00,J2,648,636,1284
2019-01-29T23:00:00+09:00,J3,1086,914,2000
2019-01-29T23:00:00+09:00,J4,774,855,1629
2019-01-29T23:00:00+09:00,J5,535,477,1012
2019-01-29T23:15:00+09:00,J1,1127,1242,2369
2019-01-29T23:15:00+09:00,J2,621,666,1287
2019-01-29T23:15:00+09:00,J3,1079,903,1982
2019-01-29T23:15:00+09:00,J4,816,879,1695
2019-01-29T23:15:00+09:00,J5,519,458,977
2019-01-29T23:30:00+09:00,J1,1136,1198,2334
2019-01-29T23:30:00+09:00,J2,618,742,1360
2019-01-29T23:30:00+09:00,J3,1093,881,1974
2019-01-29T23:30:00+09:00,J4,822,809,1631
2019-01-29T23:30:00+09:00,J5,498,498,996
2019-01-29T23:45:00+09:00,J1,1106,1202,2308
2019-01-29T23:45:00+09:00,J2,664,731,1395
2019-01-29T23:45:00+09:00,J3,1063,908,1971
2019-01-29T23:45:00+09:00,J4,766,828,1594
2019-01-29T23:45:00+09:00,J5,539,490,1029
2019-01-30T00:00:00+09:00,J1,969,1043,2012
2019-01-30T00:00:00+09:00,J2,600,627,1227
2019-01-30T00:00:00+09:00,J3,963,770,1733
2019-01-30T00:00:00+09:00,J4,742,812,1554
2019-01-30T00:00:00+09:00,J5,532,484,1016
2019-01-30T00:15:00+09:00,J1,759,733,1492
2019-01-30T00:15:00+09:00,J2,493,545,1038
2019-01-30T00:15:00+09:00,J3,778,595,1373
2019-01-30T00:15:00+09:00,J4,762,774,1536
2019-01-30T00:15:00+09:00,J5,549,573,1122
2019-01-30T00:30:00+09:00,J1,690,713,1403
2019-01-30T00:30:00+09:00,J2,516,514,1030
2019-01-30T00:30:00+09:00,J3,761,547,1308
2019-01-30T00:30:00+09:00,J4,575,668,1243
2019-01-30T00:30:00+09:00,J5,535,562,1097
2019-01-30T00:45:00+09:00,J1,596,556,1152
2019-01-30T00:45:00+09:00,J2,491,531,1022
2019-01-30T00:45:00+09:00,J3,703,579,1282
2019-01-30T00:45:00+09:00,J4,619,715,1334
2019-01-30T00:45:00+09:00,J5,530,544,1074
2019-01-30T05:45:00+09:00,J1,821,875,1696
2019-01-30T05:45:00+09:00,J2,467,497,964
2019-01-30T05:45:00+09:00,J3,1027,1035,2062
2019-01-30T05:45:00+09:00,J4,642,688,1330
2019-01-30T05:45:00+09:00,J5,502,470,972
2019-01-30T06:00:00+09:00,J1,849,808,1657
2019-01-30T06:00:00+09:00,J2,431,432,863
2019-01-30T06:00:00+09:00,J3,1065,935,2000
2019-01-30T06:00:00+09:00,J4,729,787,1516
2019-01-30T06:00:00+09:00,J5,432,479,911
2019-01-30T06:15:00+09:00,J1,908,926,1834
2019-01-30T06:15:00+09:00,J2,531,481,1012
2019-01-30T06:15:00+09:00,J3,1024,1000,2024
2019-01-30T06:15:00+09:00,J4,717,722,1439
2019-01-30T06:15:00+09:00,J5,535,498,1033
2019-01-30T06:30:00+09:00,J1,887,930,1817
2019-01-30T06:30:00+09:00,J2,500,506,1006
2019-01-30T06:30:00+09:00,J3,926,921,1847
2019-01-30T06:30:00+09:00,J4,796,831,1627
2019-01-30T06:30:00+09:00,J5,549,492,1041
2019-01-30T06:45:00+09:00,J1,1047,1059,2106
2019-01-30T06:45:00+09:00,J2,627,558,1185
2019-01-30T06:45:00+09:00,J3,917,919,1836
2019-01-30T06:45:00+09:00,J4,841,847,1688
2019-01-30T06:45:00+09:00,J5,603,571,1174
2019-01-30T07:00:00+09:00,J1,1190,1243,2433
2019-01-30T07:00:00+09:00,J2,725,679,1404
2019-01-30T07:00:00+09:00,J3,984,887,1871
2019-01-30T07:00:00+09:00,J4,879,861,1740
2019-01-30T07:00:00+09:00,J5,670,614,1284
2019-01-30T07:15:00+09:00,J1,1264,1190,2454
2019-01-30T07:15:00+09:00,J2,791,734,1525
2019-01-30T07:15:00+09:00,J3,969,1029,1998
2019-01-30T07:15:00+09:00,J4,883,925,1808
2019-01-30T07:15:00+09:00,J5,735,620,1355
2019-01-30T07:30:00+09:00,J1,1175,1248,2423
2019-01-30T07:30:00+09:00,J2,790,693,1483
2019-01-30T07:30:00+09:00,J3,861,792,1653
2019-01-30T07:30:00+09:00,J4,958,987,1945
2019-01-30T07:30:00+09:00,J5,625,576,1201
2019-01-30T07:45:00+09:00,J1,1218,1365,2583
2019-01-30T07:45:00+09:00,J2,878,667,1545
2019-01-30T07:45:00+09:00,J3,1257,1259,2516
2019-01-30T07:45:00+09:00,J4,882,1117,1999
2019-01-30T07:45:00+09:00,J5,733,670,1403
2019-01-30T08:00:00+09:00,J1,1353,1422,2775
2019-01-30T08:00:00+09:00,J2,985,774,1759
2019-01-30T08:00:00+09:00,J3,1394,1318,2712
2019-01-30T08:00:00+09:00,J4,852,1194,2046
2019-01-30T08:00:00+09:00,J5,712,733,1445
2019-01-30T08:15:00+09:00,J1,1401,1334,2735
2019-01-30T08:15:00+09:00,J2,1180,909,2089
2019-01-30T08:15:00+09:00,J3,1478,1428,2906
2019-01-30T08:15:00+09:00,J4,904,1316,2220
2019-01-30T08:15:00+09:00,J5,713,748,1461
2019-01-30T08:30:00+09:00,J1,1518,1345,2863
2019-01-30T08:30:00+09:00,J2,1140,760,1900
2019-01-30T08:30:00+09:00,J3,1383,1412,2795
2019-01-30T08:30:00+09:00,J4,1007,1323,2330
2019-01-30T08:30:00+09:00,J5,744,773,1517
2019-01-30T08:45:00+09:00,J1,1341,1444,2785
2019-01-30T08:45:00+09:00,J2,900,545,1445
2019-01-30T08:45:00+09:00,J3,1045,1194,2239
2019-01-30T08:45:00+09:00,J4,783,1120,1903
2019-01-30T08:45:00+09:00,J5,621,604,1225
2019-01-30T09:00:00+09:00,J1,1312,1522,2834
2019-01-30T09:00:00+09:00,J2,774,714,1488
2019-01-30T09:00:00+09:00,J3,1064,970,2034
2019-01-30T09:00:00+09:00,J4,661,861,1522
2019-01-30T09:00:00+09:00,J5,530,605,1135
2019-01-30T09:15:00+09:00,J1,1271,1328,2599
2019-01-30T09:15:00+09:00,J2,782,642,1424
2019-01-30T09:15:00+09:00,J3,910,957,1867
2019-01-30T09:15:00+09:00,J4,822,847,1669
2019-01-30T09:15:00+09:00,J5,593,559,1152
2019-01-30T09:30:00+09:00,J1,1346,1426,2772
2019-01-30T09:30:00+09:00,J2,758,625,1383
2019-01-30T09:30:00+09:00,J3,819,983,1802
2019-01-30T09:30:00+09:00,J4,729,952,1681
2019-01-30T09:30:00+09:00,J5,483,480,963
2019-01-30T09:45:00+09:00,J1,1279,1328,2607
2019-01-30T09:45:00+09:00,J2,796,649,1445
2019-01-30T09:45:00+09:00,J3,903,1000,1903
2019-01-30T09:45:00+09:00,J4,767,896,1663
2019-01-30T09:45:00+09:00,J5,467,459,926
2019-01-30T10:00:00+09:00,J1,1278,1274,2552
2019-01-30T10:00:00+09:00,J2,770,723,1493
2019-01-30T10:00:00+09:00,J3,891,903,1794
2019-01-30T10:00:00+09:00,J4,914,974,1888
2019-01-30T10:00:00+09:00,J5,452,388,840
2019-01-30T10:15:00+09:00,J1,1208,1319,2527
2019-01-30T10:15:00+09:00,J2,748,687,1435
2019-01-30T10:15:00+09:00,J3,1017,1039,2056
2019-01-30T10:15:00+09:00,J4,894,938,1832
2019-01-30T10:15:00+09:00,J5,397,407,804
2019-01-30T10:30:00+09:00,J1,1310,1285,2595
2019-01-30T10:30:00+09:00,J2,677,736,1413
2019-01-30T10:30:00+09:00,J3,907,994,1901
2019-01-30T10:30:00+09:00,J4,917,986,1903
2019-01-30T10:30:00+09:00,J5,428,427,855
2019-01-30T10:45:00+09:00,J1,1190,1332,2522
2019-01-30T10:45:00+09:00,J2,793,747,1540
2019-01-30T10:45:00+09:00,J3,994,1038,2032
2019-01-30T10:45:00+09:00,J4,905,913,1818
2019-01-30T10:45:00+09:00,J5,381,398,779
2019-01-30T11:00:00+09:00,J1,1201,1344,2545
2019-01-30T11:00:00+09:00,J2,709,743,1452
2019-01-30T11:00:00+09:00,J3,1058,1101,2159
2019-01-30T11:00:00+09:00,J4,948,1032,1980
2019-01-30T11:00:00+09:00,J5,418,386,804
2019-01-30T11:15:00+09:00,J1,1278,1327,2605
2019-01-30T11:15:00+09:00,J2,690,726,1416
2019-01-30T11:15:00+09:00,J3,1165,1005,2170
2019-01-30T11:15:00+09:00,J4,948,925,1873
2019-01-30T11:15:00+09:00,J5,585,643,1228
2019-01-30T11:30:00+09:00,J1,1248,1356,2604
2019-01-30T11:30:00+09:00,J2,683,679,1362
2019-01-30T11:30:00+09:00,J3,1305,1237,2542
2019-01-30T11:30:00+09:00,J4,993,989,1982
2019-01-30T11:30:00+09:00,J5,729,728,1457
2019-01-30T11:45:00+09:00,J1,1265,1372,2637
2019-01-30T11:45:00+09:00,J2,725,742,1467
2019-01-30T11:45:00+09:00,J3,1240,1216,2456
2019-01-30T11:45:00+09:00,J4,984,974,1958
2019-01-30T11:45:00+09:00,J5,646,690,1336
2019-01-30T12:00:00+09:00,J1,1185,1521,2706
2019-01-30T12:00:00+09:00,J2,740,777,1517
2019-01-30T12:00:00+09:00,J3,1463,1263,2726
2019-01-30T12:00:00+09:00,J4,1011,1069,2080
2019-01-30T12:00:00+09:00,J5,700,759,1459
2019-01-30T12:15:00+09:00,J1,1204,1405,2609
2019-01-30T12:15:00+09:00,J2,733,728,1461
2019-01-30T12:15:00+09:00,J3,1097,1044,2141
2019-01-30T12:15:00+09:00,J4,949,1067,2016
2019-01-30T12:15:00+09:00,J5,751,690,1441
2019-01-30T12:30:00+09:00,J1,1146,1441,2587
2019-01-30T12:30:00+09:00,J2,767,739,1506
2019-01-30T12:30:00+09:00,J3,1011,885,1896
2019-01-30T12:30:00+09:00,J4,988,1033,2021
2019-01-30T12:30:00+09:00,J5,672,675,1347
2019-01-30T12:45:00+09:00,J1,1110,1415,2525
2019-01-30T12:45:00+09:00,J2,811,716,1527
2019-01-30T12:45:00+09:00,J3,818,843,1661
2019-01-30T12:45:00+09:00,J4,946,978,1924
2019-01-30T12:45:00+09:00,J5,560,557,1117
2019-01-30T13:00:00+09:00,J1,1132,1389,2521
2019-01-30T13:00:00+09:00,J2,702,794,1496
2019-01-30T13:00:00+09:00,J3,839,840,1679
2019-01-30T13:00:00+09:00,J4,934,1026,1960
2019-01-30T13:00:00+09:00,J5,407,502,909
2019-01-30T13:15:00+09:00,J1,1109,1430,2539
2019-01-30T13:15:00+09:00,J2,721,716,1437
2019-01-30T13:15:00+09:00,J3,955,847,1802
2019-01-30T13:15:00+09:00,J4,874,1013,1887
2019-01-30T13:15:00+09:00,J5,404,492,896
2019-01-30T13:30:00+09:00,J1,1117,1386,2503
2019-01-30T13:30:00+09:00,J2,711,708,1419
2019-01-30T13:30:00+09:00,J3,833,923,1756
2019-01-30T13:30:00+09:00,J4,899,962,1861
2019-01-30T13:30:00+09:00,J5,574,539,1113
2019-01-30T13:45:00+09:00,J1,1122,1371,2493
2019-01-30T13:45:00+09:00,J2,764,844,1608
2019-01-30T13:45:00+09:00,J3,886,856,1742
2019-01-30T13:45:00+09:00,J4,836,957,1793
2019-01-30T13:45:00+09:00,J5,694,732,1426
2019-01-30T14:00:00+09:00,J1,1215,1337,2552
2019-01-30T14:00:00+09:00,J2,728,682,1410
2019-01-30T14:00:00+09:00,J3,873,820,1693
2019-01-30T14:00:00+09:00,J4,906,914,1820
2019-01-30T14:00:00+09:00,J5,700,733,1433
2019-01-30T14:15:00+09:00,J1,1150,1382,2532
2019-01-30T14:15:00+09:00,J2,745,783,1528
2019-01-30T14:15:00+09:00,J3,965,913,1878
2019-01-30T14:15:00+09:00,J4,875,1031,1906
2019-01-30T14:15:00+09:00,J5,726,744,1470
2019-01-30T14:30:00+09:00,J1,1173,1296,2469
2019-01-30T14:30:00+09:00,J2,770,689,1459
2019-01-30T14:30:00+09:00,J3,868,901,1769
2019-01-30T14:30:00+09:00,J4,866,963,1829
2019-01-30T14:30:00+09:00,J5,713,727,1440
2019-01-30T14:45:00+09:00,J1,1161,1362,2523
2019-01-30T14:45:00+09:00,J2,780,759,1539
2019-01-30T14:45:00+09:00,J3,912,867,1779
2019-01-30T14:45:00+09:00,J4,810,846,1656
2019-01-30T14:45:00+09:00,J5,696,682,1378
2019-01-30T15:00:00+09:00,J1,1160,1335,2495
2019-01-30T15:00:00+09:00,J2,746,755,1501
2019-01-30T15:00:00+09:00,J3,905,873,1778
2019-01-30T15:00:00+09:00,J4,826,969,1795
2019-01-30T15:00:00+09:00,J5,728,647,1375
2019-01-30T15:15:00+09:00,J1,1164,1363,2527
2019-01-30T15:15:00+09:00,J2,716,693,1409
2019-01-30T15:15:00+09:00,J3,864,738,1602
2019-01-30T15:15:00+09:00,J4,836,926,1762
2019-01-30T15:15:00+09:00,J5,734,687,1421
2019-01-30T15:30:00+09:00,J1,1128,1428,2556
2019-01-30T15:30:00+09:00,J2,747,687,1434
2019-01-30T15:30:00+09:00,J3,900,853,1753
2019-01-30T15:30:00+09:00,J4,906,995,1901
2019-01-30T15:30:00+09:00,J5,657,714,1371
2019-01-30T15:45:00+09:00,J1,1120,1349,2469
2019-01-30T15:45:00+09:00,J2,647,696,1343
2019-01-30T15:45:00+09:00,J3,832,847,1679
2019-01-30T15:45:00+09:00,J4,858,977,1835
2019-01-30T15:45:00+09:00,J5,684,638,1322
2019-01-30T16:00:00+09:00,J1,1107,1342,2449
2019-01-30T16:00:00+09:00,J2,696,651,1347
2019-01-30T16:00:00+09:00,J3,950,891,1841
2019-01-30T16:00:00+09:00,J4,812,918,1730
2019-01-30T16:00:00+09:00,J5,660,673,1333
2019-01-30T16:15:00+09:00,J1,1132,1339,2471
2019-01-30T16:15:00+09:00,J2,774,735,1509
2019-01-30T16:15:00+09:00,J3,924,947,1871
2019-01-30T16:15:00+09:00,J4,864,972,1836
2019-01-30T16:15:00+09:00,J5,665,708,1373
2019-01-30T16:30:00+09:00,J1,1162,1290,2452
2019-01-30T16:30:00+09:00,J2,765,797,1562
2019-01-30T16:30:00+09:00,J3,1165,1048,2213
2019-01-30T16:30:00+09:00,J4,860,924,1784
2019-01-30T16:30:00+09:00,J5,621,644,1265
2019-01-30T16:45:00+09:00,J1,1073,1300,2373
2019-01-30T16:45:00+09:00,J2,689,679,1368
2019-01-30T16:45:00+09:00,J3,1360,1111,2471
2019-01-30T16:45:00+09:00,J4,854,908,1762
2019-01-30T16:45:00+09:00,J5,650,659,1309
2019-01-30T17:00:00+09:00,J1,1187,1361,2548
2019-01-30T17:00:00+09:00,J2,813,783,1596
2019-01-30T17:00:00+09:00,J3,1211,1108,2319
2019-01-30T17:00:00+09:00,J4,793,980,1773
2019-01-30T17:00:00+09:00,J5,671,714,1385
2019-01-30T17:15:00+09:00,J1,1210,1466,2676
2019-01-30T17:15:00+09:00,J2,764,780,1544
2019-01-30T17:15:00+09:00,J3,1349,1215,2564
2019-01-30T17:15:00+09:00,J4,949,863,1812
2019-01-30T17:15:00+09:00,J5,717,814,1531
2019-01-30T17:30:00+09:00,J1,1292,1486,2778
2019-01-30T17:30:00+09:00,J2,834,891,1725
2019-01-30T17:30:00+09:00,J3,1424,1222,2646
2019-01-30T17:30:00+09:00,J4,987,909,1896
2019-01-30T17:30:00+09:00,J5,678,799,1477
2019-01-30T17:45:00+09:00,J1,1253,1544,2797
2019-01-30T17:45:00+09:00,J2,874,900,1774
2019-01-30T17:45:00+09:00,J3,1586,1368,2954
2019-01-30T17:45:00+09:00,J4,1179,933,2112
2019-01-30T17:45:00+09:00,J5,586,789,1375
2019-01-30T18:00:00+09:00,J1,1332,1492,2824
2019-01-30T18:00:00+09:00,J2,901,839,1740
2019-01-30T18:00:00+09:00,J3,1729,1340,3069
2019-01-30T18:00:00+09:00,J4,1117,999,2116
2019-01-30T18:00:00+09:00,J5,621,779,1400
2019-01-30T18:15:00+09:00,J1,1224,1448,2672
2019-01-30T18:15:00+09:00,J2,983,924,1907
2019-01-30T18:15:00+09:00,J3,1585,1288,2873
2019-01-30T18:15:00+09:00,J4,987,835,1822
2019-01-30T18:15:00+09:00,J5,540,716,1256
2019-01-30T18:30:00+09:00,J1,1263,1394,2657
2019-01-30T18:30:00+09:00,J2,854,794,1648
2019-01-30T18:30:00+09:00,J3,1394,1122,2516
2019-01-30T18:30:00+09:00,J4,884,870,1754
2019-01-30T18:30:00+09:00,J5,547,595,1142
2019-01-30T18:45:00+09:00,J1,1205,1386,2591
2019-01-30T18:45:00+09:00,J2,829,756,1585
2019-01-30T18:45:00+09:00,J3,1308,1053,2361
2019-01-30T18:45:00+09:00,J4,977,907,1884
2019-01-30T18:45:00+09:00,J5,539,577,1116
2019-01-30T19:00:00+09:00,J1,1188,1371,2559
2019-01-30T19:00:00+09:00,J2,611,655,1266
2019-01-30T19:00:00+09:00,J3,1310,1172,2482
2019-01-30T19:00:00+09:00,J4,972,950,1922
2019-01-30T19:00:00+09:00,J5,607,538,1145
2019-01-30T19:15:00+09:00,J1,1163,1373,2536
2019-01-30T19:15:00+09:00,J2,636,769,1405
2019-01-30T19:15:00+09:00,J3,1158,1048,2206
2019-01-30T19:15:00+09:00,J4,970,935,1905
2019-01-30T19:15:00+09:00,J5,631,602,1233
2019-01-30T19:30:00+09:00,J1,1144,1359,2503
2019-01-30T19:30:00+09:00,J2,591,730,1321
2019-01-30T19:30:00+09:00,J3,1071,973,2044
2019-01-30T19:30:00+09:00,J4,918,843,1761
2019-01-30T19:30:00+09:00,J5,620,488,1108
2019-01-30T19:45:00+09:00,J1,1167,1299,2466
2019-01-30T19:45:00+09:00,J2,556,622,1178
2019-01-30T19:45:00+09:00,J3,929,937,1866
2019-01-30T19:45:00+09:00,J4,979,882,1861
2019-01-30T19:45:00+09:00,J5,623,552,1175
2019-01-30T20:00:00+09:00,J1,1179,1365,2544
2019-01-30T20:00:00+09:00,J2,516,693,1209
2019-01-30T20:00:00+09:00,J3,892,927,1819
2019-01-30T20:00:00+09:00,J4,834,814,1648
2019-01-30T20:00:00+09:00,J5,555,498,1053
2019-01-30T20:15:00+09:00,J1,1140,1234,2374
2019-01-30T20:15:00+09:00,J2,558,602,1160
2019-01-30T20:15:00+09:00,J3,1027,934,1961
2019-01-30T20:15:00+09:00,J4,877,880,1757
2019-01-30T20:15:00+09:00,J5,523,465,988
2019-01-30T20:30:00+09:00,J1,1183,1306,2489
2019-01-30T20:30:00+09:00,J2,622,621,1243
2019-01-30T20:30:00+09:00,J3,1126,999,2125
2019-01-30T20:30:00+09:00,J4,841,849,1690
2019-01-30T20:30:00+09:00,J5,582,537,1119
2019-01-30T20:45:00+09:00,J1,1128,1339,2467
2019-01-30T20:45:00+09:00,J2,528,573,1101
2019-01-30T20:45:00+09:00,J3,1030,920,1950
2019-01-30T20:45:00+09:00,J4,750,878,1628
2019-01-30T20:45:00+09:00,J5,491,424,915
2019-01-30T21:00:00+09:00,J1,1071,1292,2363
2019-01-30T21:00:00+09:00,J2,689,664,1353
2019-01-30T21:00:00+09:00,J3,1095,842,1937
2019-01-30T21:00:00+09:00,J4,831,794,1625
2019-01-30T21:00:00+09:00,J5,454,418,872
2019-01-30T21:15:00+09:00,J1,1040,1224,2264
2019-01-30T21:15:00+09:00,J2,660,696,1356
2019-01-30T21:15:00+09:00,J3,1063,841,1904
2019-01-30T21:15:00+09:00,J4,877,816,1693
2019-01-30T21:15:00+09:00,J5,485,420,905
2019-01-30T21:30:00+09:00,J1,1012,1190,2202
2019-01-30T21:30:00+09:00,J2,562,618,1180
2019-01-30T21:30:00+09:00,J3,900,720,1620
2019-01-30T21:30:00+09:00,J4,926,815,1741
2019-01-30T21:30:00+09:00,J5,504,462,966
2019-01-30T21:45:00+09:00,J1,984,1157,2141
2019-01-30T21:45:00+09:00,J2,610,604,1214
2019-01-30T21:45:00+09:00,J3,885,775,1660
2019-01-30T21:45:00+09:00,J4,904,867,1771
2019-01-30T21:45:00+09:00,J5,484,473,957
2019-01-30T22:00:00+09:00,J1,999,1117,2116
2019-01-30T22:00:00+09:00,J2,573,599,1172
2019-01-30T22:00:00+09:00,J3,814,767,1581
2019-01-30T22:00:00+09:00,J4,885,883,1768
2019-01-30T22:00:00+09:00,J5,485,509,994
2019-01-30T22:15:00+09:00,J1,1002,1084,2086
2019-01-30T22:15:00+09:00,J2,620,760,1380
2019-01-30T22:15:00+09:00,J3,800,840,1640
2019-01-30T22:15:00+09:00,J4,872,897,1769
2019-01-30T22:15:00+09:00,J5,506,588,1094
2019-01-30T22:30:00+09:00,J1,928,1101,2029
2019-01-30T22:30:00+09:00,J2,691,809,1500
2019-01-30T22:30:00+09:00,J3,901,911,1812
2019-01-30T22:30:00+09:00,J4,872,874,1746
2019-01-30T22:30:00+09:00,J5,528,584,1112
2019-01-30T22:45:00+09:00,J1,995,1146,2141
2019-01-30T22:45:00+09:00,J2,695,768,1463
2019-01-30T22:45:00+09:00,J3,855,919,1774
2019-01-30T22:45:00+09:00,J4,891,892,1783
2019-01-30T22:45:00+09:00,J5,552,591,1143
2019-01-30T23:00:00+09:00,J1,1052,1115,2167
2019-01-30T23:00:00+09:00,J2,743,787,1530
2019-01-30T23:00:00+09:00,J3,932,915,1847
2019-01-30T23:00:00+09:00,J4,779,862,1641
2019-01-30T23:00:00+09:00,J5,603,602,1205
2019-01-30T23:15:00+09:00,J1,968,1090,2058
2019-01-30T23:15:00+09:00,J2,755,783,1538
2019-01-30T23:15:00+09:00,J3,972,1036,2008
2019-01-30T23:15:00+09:00,J4,835,876,1711
2019-01-30T23:15:00+09:00,J5,627,565,1192
2019-01-30T23:30:00+09:00,J1,899,1033,1932
2019-01-30T23:30:00+09:00,J2,791,799,1590
2019-01-30T23:30:00+09:00,J3,916,898,1814
2019-01-30T23:30:00+09:00,J4,710,782,1492
2019-01-30T23:30:00+09:00,J5,613,583,1196
2019-01-30T23:45:00+09:00,J1,942,1095,2037
2019-01-30T23:45:00+09:00,J2,780,817,1597
2019-01-30T23:45:00+09:00,J3,1116,1008,2124
2019-01-30T23:45:00+09:00,J4,685,780,1465
2019-01-30T23:45:00+09:00,J5,559,520,1079
2019-01-31T00:00:00+09:00,J1,982,1040,2022
2019-01-31T00:00:00+09:00,J2,710,586,1296
2019-01-31T00:00:00+09:00,J3,1121,850,1971
2019-01-31T00:00:00+09:00,J4,749,712,1461
2019-01-31T00:00:00+09:00,J5,402,454,856
2019-01-31T00:15:00+09:00,J1,781,834,1615
2019-01-31T00:15:00+09:00,J2,688,622,1310
2019-01-31T00:15:00+09:00,J3,973,824,1797
2019-01-31T00:15:00+09:00,J4,580,664,1244
2019-01-31T00:15:00+09:00,J5,457,458,915
2019-01-31T00:30:00+09:00,J1,801,796,1597
2019-01-31T00:30:00+09:00,J2,717,700,1417
2019-01-31T00:30:00+09:00,J3,863,665,1528
2019-01-31T00:30:00+09:00,J4,489,593,1082
2019-01-31T00:30:00+09:00,J5,468,448,916
2019-01-31T00:45:00+09:00,J1,725,707,1432
2019-01-31T00:45:00+09:00,J2,661,653,1314
2019-01-31T00:45:00+09:00,J3,906,689,1595
2019-01-31T00:45:00+09:00,J4,428,528,956
2019-01-31T00:45:00+09:00,J5,434,438,872
2019-01-31T05:45:00+09:00,J1,896,827,1723
2019-01-31T05:45:00+09:00,J2,548,627,1175
2019-01-31T05:45:00+09:00,J3,589,476,1065
2019-01-31T05:45:00+09:00,J4,604,685,1289
2019-01-31T05:45:00+09:00,J5,459,430,889
2019-01-31T06:00:00+09:00,J1,868,939,1807
2019-01-31T06:00:00+09:00,J2,652,688,1340
2019-01-31T06:00:00+09:00,J3,683,547,1230
2019-01-31T06:00:00+09:00,J4,648,689,1337
2019-01-31T06:00:00+09:00,J5,406,394,800
2019-01-31T06:15:00+09:00,J1,961,1063,2024
2019-01-31T06:15:00+09:00,J2,634,606,1240
2019-01-31T06:15:00+09:00,J3,796,631,1427
2019-01-31T06:15:00+09:00,J4,719,802,1521
2019-01-31T06:15:00+09:00,J5,433,425,858
2019-01-31T06:30:00+09:00,J1,1040,1143,2183
2019-01-31T06:30:00+09:00,J2,593,585,1178
2019-01-31T06:30:00+09:00,J3,704,625,1329
2019-01-31T06:30:00+09:00,J4,689,777,1466
2019-01-31T06:30:00+09:00,J5,420,425,845
2019-01-31T06:45:00+09:00,J1,1040,1138,2178
2019-01-31T06:45:00+09:00,J2,686,640,1326
2019-01-31T06:45:00+09:00,J3,854,754,1608
2019-01-31T06:45:00+09:00,J4,740,825,1565
2019-01-31T06:45:00+09:00,J5,451,408,859
2019-01-31T07:00:00+09:00,J1,1140,1142,2282
2019-01-31T07:00:00+09:00,J2,665,683,1348
2019-01-31T07:00:00+09:00,J3,839,737,1576
2019-01-31T07:00:00+09:00,J4,810,906,1716
2019-01-31T07:00:00+09:00,J5,485,439,924
2019-01-31T07:15:00+09:00,J1,1100,1233,2333
2019-01-31T07:15:00+09:00,J2,794,744,1538
2019-01-31T07:15:00+09:00,J3,982,747,1729
2019-01-31T07:15:00+09:00,J4,907,1000,1907
2019-01-31T07:15:00+09:00,J5,496,514,1010
2019-01-31T07:30:00+09:00,J1,1167,1236,2403
2019-01-31T07:30:00+09:00,J2,803,735,1538
2019-01-31T07:30:00+09:00,J3,1303,1180,2483
2019-01-31T07:30:00+09:00,J4,1031,1048,2079
2019-01-31T07:30:00+09:00,J5,661,596,1257
2019-01-31T07:45:00+09:00,J1,1209,1239,2448
2019-01-31T07:45:00+09:00,J2,949,865,1814
2019-01-31T07:45:00+09:00,J3,1395,1388,2783
2019-01-31T07:45:00+09:00,J4,1081,1252,2333
2019-01-31T07:45:00+09:00,J5,646,644,1290
2019-01-31T08:00:00+09:00,J1,1303,1340,2643
2019-01-31T08:00:00+09:00,J2,1156,770,1926
2019-01-31T08:00:00+09:00,J3,1494,1435,2929
2019-01-31T08:00:00+09:00,J4,1080,1285,2365
2019-01-31T08:00:00+09:00,J5,692,697,1389
2019-01-31T08:15:00+09:00,J1,1441,1375,2816
2019-01-31T08:15:00+09:00,J2,1219,961,2180
2019-01-31T08:15:00+09:00,J3,1554,1543,3097
2019-01-31T08:15:00+09:00,J4,1070,1367,2437
2019-01-31T08:15:00+09:00,J5,621,657,1278
2019-01-31T08:30:00+09:00,J1,1451,1349,2800
2019-01-31T08:30:00+09:00,J2,1265,758,2023
2019-01-31T08:30:00+09:00,J3,1515,1536,3051
2019-01-31T08:30:00+09:00,J4,1034,1250,2284
2019-01-31T08:30:00+09:00,J5,709,808,1517
2019-01-31T08:45:00+09:00,J1,1377,1398,2775
2019-01-31T08:45:00+09:00,J2,1033,548,1581
2019-01-31T08:45:00+09:00,J3,1493,1396,2889
2019-01-31T08:45:00+09:00,J4,918,1152,2070
2019-01-31T08:45:00+09:00,J5,760,770,1530
2019-01-31T09:00:00+09:00,J1,1361,1373,2734
2019-01-31T09:00:00+09:00,J2,938,741,1679
2019-01-31T09:00:00+09:00,J3,1274,1233,2507
2019-01-31T09:00:00+09:00,J4,859,1121,1980
2019-01-31T09:00:00+09:00,J5,646,641,1287
2019-01-31T09:15:00+09:00,J1,1361,1358,2719
2019-01-31T09:15:00+09:00,J2,921,702,1623
2019-01-31T09:15:00+09:00,J3,1092,1060,2152
2019-01-31T09:15:00+09:00,J4,877,1008,1885
2019-01-31T09:15:00+09:00,J5,638,692,1330
2019-01-31T09:30:00+09:00,J1,1256,1318,2574
2019-01-31T09:30:00+09:00,J2,873,674,1547
2019-01-31T09:30:00+09:00,J3,1059,1048,2107
2019-01-31T09:30:00+09:00,J4,1008,1091,2099
2019-01-31T09:30:00+09:00,J5,683,675,1358
2019-01-31T09:45:00+09:00,J1,1197,1242,2439
2019-01-31T09:45:00+09:00,J2,719,615,1334
2019-01-31T09:45:00+09:00,J3,1028,1051,2079
2019-01-31T09:45:00+09:00,J4,883,982,1865
2019-01-31T09:45:00+09:00,J5,673,610,1283
2019-01-31T10:00:00+09:00,J1,1269,1303,2572
2019-01-31T10:00:00+09:00,J2,581,600,1181
2019-01-31T10:00:00+09:00,J3,950,920,1870
2019-01-31T10:00:00+09:00,J4,883,918,1801
2019-01-31T10:00:00+09:00,J5,620,660,1280
2019-01-31T10:15:00+09:00,J1,1234,1292,2526
2019-01-31T10:15:00+09:00,J2,611,644,1255
2019-01-31T10:15:00+09:00,J3,959,899,1858
2019-01-31T10:15:00+09:00,J4,915,1021,1936
2019-01-31T10:15:00+09:00,J5,575,608,1183
2019-01-31T10:30:00+09:00,J1,1264,1450,2714
2019-01-31T10:30:00+09:00,J2,672,598,1270
2019-01-31T10:30:00+09:00,J3,961,916,1877
2019-01-31T10:30:00+09:00,J4,1000,959,1959
2019-01-31T10:30:00+09:00,J5,571,546,1117
2019-01-31T10:45:00+09:00,J1,1316,1380,2696
2019-01-31T10:45:00+09:00,J2,697,672,1369
2019-01-31T10:45:00+09:00,J3,980,978,1958
2019-01-31T10:45:00+09:00,J4,964,973,1937
2019-01-31T10:45:00+09:00,J5,552,557,1109
2019-01-31T11:00:00+09:00,J1,1261,1426,2687
2019-01-31T11:00:00+09:00,J2,695,642,1337
2019-01-31T11:00:00+09:00,J3,928,908,1836
2019-01-31T11:00:00+09:00,J4,947,960,1907
2019-01-31T11:00:00+09:00,J5,497,497,994
2019-01-31T11:15:00+09:00,J1,1326,1449,2775
2019-01-31T11:15:00+09:00,J2,696,636,1332
2019-01-31T11:15:00+09:00,J3,1149,1158,2307
2019-01-31T11:15:00+09:00,J4,902,968,1870
2019-01-31T11:15:00+09:00,J5,462,516,978
2019-01-31T11:30:00+09:00,J1,1269,1407,2676
2019-01-31T11:30:00+09:00,J2,741,628,1369
2019-01-31T11:30:00+09:00,J3,1276,1222,2498
2019-01-31T11:30:00+09:00,J4,1047,967,2014
2019-01-31T11:30:00+09:00,J5,616,647,1263
2019-01-31T11:45:00+09:00,J1,1288,1499,2787
2019-01-31T11:45:00+09:00,J2,753,759,1512
2019-01-31T11:45:00+09:00,J3,1221,998,2219
2019-01-31T11:45:00+09:00,J4,1044,1024,2068
2019-01-31T11:45:00+09:00,J5,694,721,1415
2019-01-31T12:00:00+09:00,J1,1284,1476,2760
2019-01-31T12:00:00+09:00,J2,784,880,1664
2019-01-31T12:00:00+09:00,J3,1350,1076,2426
2019-01-31T12:00:00+09:00,J4,1105,1090,2195
2019-01-31T12:00:00+09:00,J5,769,793,1562
2019-01-31T12:15:00+09:00,J1,1216,1400,2616
2019-01-31T12:15:00+09:00,J2,719,804,1523
2019-01-31T12:15:00+09:00,J3,1271,1163,2434
2019-01-31T12:15:00+09:00,J4,1130,1104,2234
2019-01-31T12:15:00+09:00,J5,744,709,1453
2019-01-31T12:30:00+09:00,J1,1219,1372,2591
2019-01-31T12:30:00+09:00,J2,799,810,1609
2019-01-31T12:30:00+09:00,J3,1374,1074,2448
2019-01-31T12:30:00+09:00,J4,980,1096,2076
2019-01-31T12:30:00+09:00,J5,800,770,1570
2019-01-31T12:45:00+09:00,J1,1221,1343,2564
2019-01-31T12:45:00+09:00,J2,756,801,1557
2019-01-31T12:45:00+09:00,J3,1379,1164,2543
2019-01-31T12:45:00+09:00,J4,1065,1094,2159
2019-01-31T12:45:00+09:00,J5,744,763,1507
2019-01-31T13:00:00+09:00,J1,1192,1407,2599
2019-01-31T13:00:00+09:00,J2,914,809,1723
2019-01-31T13:00:00+09:00,J3,1385,1125,2510
2019-01-31T13:00:00+09:00,J4,1029,965,1994
2019-01-31T13:00:00+09:00,J5,656,812,1468
2019-01-31T13:15:00+09:00,J1,1153,1415,2568
2019-01-31T13:15:00+09:00,J2,830,802,1632
2019-01-31T13:15:00+09:00,J3,1349,1138,2487
2019-01-31T13:15:00+09:00,J4,1058,1049,2107
2019-01-31T13:15:00+09:00,J5,771,756,1527
2019-01-31T13:30:00+09:00,J1,1249,1351,2600
2019-01-31T13:30:00+09:00,J2,817,827,1644
2019-01-31T13:30:00+09:00,J3,1375,1069,2444
2019-01-31T13:30:00+09:00,J4,983,985,1968
2019-01-31T13:30:00+09:00,J5,724,816,1540
2019-01-31T13:45:00+09:00,J1,1181,1408,2589
2019-01-31T13:45:00+09:00,J2,796,813,1609
2019-01-31T13:45:00+09:00,J3,1301,1099,2400
2019-01-31T13:45:00+09:00,J4,999,930,1929
2019-01-31T13:45:00+09:00,J5,723,807,1530
2019-01-31T14:00:00+09:00,J1,1206,1387,2593
2019-01-31T14:00:00+09:00,J2,761,673,1434
2019-01-31T14:00:00+09:00,J3,1332,1066,2398
2019-01-31T14:00:00+09:00,J4,972,932,1904
2019-01-31T14:00:00+09:00,J5,690,689,1379
2019-01-31T14:15:00+09:00,J1,1202,1497,2699
2019-01-31T14:15:00+09:00,J2,784,731,1515
2019-01-31T14:15:00+09:00,J3,1287,1075,2362
2019-01-31T14:15:00+09:00,J4,1042,1018,2060
2019-01-31T14:15:00+09:00,J5,425,477,902
2019-01-31T14:30:00+09:00,J1,1218,1367,2585
2019-01-31T14:30:00+09:00,J2,855,697,1552
2019-01-31T14:30:00+09:00,J3,1276,1046,2322
2019-01-31T14:30:00+09:00,J4,1002,1048,2050
2019-01-31T14:30:00+09:00,J5,476,465,941
2019-01-31T14:45:00+09:00,J1,1174,1390,2564
2019-01-31T14:45:00+09:00,J2,801,695,1496
2019-01-31T14:45:00+09:00,J3,1285,1152,2437
2019-01-31T14:45:00+09:00,J4,1082,1070,2152
2019-01-31T14:45:00+09:00,J5,517,449,966
2019-01-31T15:00:00+09:00,J1,1147,1383,2530
2019-01-31T15:00:00+09:00,J2,767,763,1530
2019-01-31T15:00:00+09:00,J3,1443,1234,2677
2019-01-31T15:00:00+09:00,J4,1006,992,1998
2019-01-31T15:00:00+09:00,J5,497,419,916
2019-01-31T15:15:00+09:00,J1,1129,1409,2538
2019-01-31T15:15:00+09:00,J2,771,791,1562
2019-01-31T15:15:00+09:00,J3,1462,1165,2627
2019-01-31T15:15:00+09:00,J4,1116,970,2086
2019-01-31T15:15:00+09:00,J5,556,529,1085
2019-01-31T15:30:00+09:00,J1,1191,1400,2591
2019-01-31T15:30:00+09:00,J2,804,739,1543
2019-01-31T15:30:00+09:00,J3,1450,1218,2668
2019-01-31T15:30:00+09:00,J4,1046,1025,2071
2019-01-31T15:30:00+09:00,J5,672,658,1330
2019-01-31T15:45:00+09:00,J1,1231,1357,2588
2019-01-31T15:45:00+09:00,J2,816,778,1594
2019-01-31T15:45:00+09:00,J3,1486,1137,2623
2019-01-31T15:45:00+09:00,J4,998,974,1972
2019-01-31T15:45:00+09:00,J5,728,644,1372
2019-01-31T16:00:00+09:00,J1,1161,1382,2543
2019-01-31T16:00:00+09:00,J2,759,714,1473
2019-01-31T16:00:00+09:00,J3,1375,1137,2512
2019-01-31T16:00:00+09:00,J4,948,1043,1991
2019-01-31T16:00:00+09:00,J5,708,658,1366
2019-01-31T16:15:00+09:00,J1,1157,1408,2565
2019-01-31T16:15:00+09:00,J2,855,769,1624
2019-01-31T16:15:00+09:00,J3,1379,1114,2493
2019-01-31T16:15:00+09:00,J4,981,995,1976
2019-01-31T16:15:00+09:00,J5,730,735,1465
2019-01-31T16:30:00+09:00,J1,1196,1382,2578
2019-01-31T16:30:00+09:00,J2,806,732,1538
2019-01-31T16:30:00+09:00,J3,1367,1331,2698
2019-01-31T16:30:00+09:00,J4,1022,1056,2078
2019-01-31T16:30:00+09:00,J5,729,817,1546
2019-01-31T16:45:00+09:00,J1,1173,1428,2601
2019-01-31T16:45:00+09:00,J2,846,800,1646
2019-01-31T16:45:00+09:00,J3,1491,1196,2687
2019-01-31T16:45:00+09:00,J4,968,997,1965
2019-01-31T16:45:00+09:00,J5,739,804,1543
2019-01-31T17:00:00+09:00,J1,1242,1444,2686
2019-01-31T17:00:00+09:00,J2,822,840,1662
2019-01-31T17:00:00+09:00,J3,1429,1203,2632
2019-01-31T17:00:00+09:00,J4,972,925,1897
2019-01-31T17:00:00+09:00,J5,720,730,1450
2019-01-31T17:15:00+09:00,J1,1302,1469,2771
2019-01-31T17:15:00+09:00,J2,866,887,1753
2019-01-31T17:15:00+09:00,J3,1522,1241,2763
2019-01-31T17:15:00+09:00,J4,900,945,1845
2019-01-31T17:15:00+09:00,J5,730,718,1448
2019-01-31T17:30:00+09:00,J1,1223,1458,2681
2019-01-31T17:30:00+09:00,J2,903,923,1826
2019-01-31T17:30:00+09:00,J3,1585,1293,2878
2019-01-31T17:30:00+09:00,J4,988,1025,2013
2019-01-31T17:30:00+09:00,J5,706,766,1472
2019-01-31T17:45:00+09:00,J1,1246,1432,2678
2019-01-31T17:45:00+09:00,J2,1002,913,1915
2019-01-31T17:45:00+09:00,J3,1658,1318,2976
2019-01-31T17:45:00+09:00,J4,1143,925,2068
2019-01-31T17:45:00+09:00,J5,802,737,1539
2019-01-31T18:00:00+09:00,J1,1221,1512,2733
2019-01-31T18:00:00+09:00,J2,936,916,1852
2019-01-31T18:00:00+09:00,J3,1604,1348,2952
2019-01-31T18:00:00+09:00,J4,1151,1038,2189
2019-01-31T18:00:00+09:00,J5,758,848,1606
2019-01-31T18:15:00+09:00,J1,1304,1442,2746
2019-01-31T18:15:00+09:00,J2,1032,1006,2038
2019-01-31T18:15:00+09:00,J3,1622,1422,3044
2019-01-31T18:15:00+09:00,J4,1051,977,2028
2019-01-31T18:15:00+09:00,J5,702,708,1410
2019-01-31T18:30:00+09:00,J1,1274,1428,2702
2019-01-31T18:30:00+09:00,J2,965,942,1907
2019-01-31T18:30:00+09:00,J3,1599,1460,3059
2019-01-31T18:30:00+09:00,J4,1087,933,2020
2019-01-31T18:30:00+09:00,J5,663,697,1360
2019-01-31T18:45:00+09:00,J1,1274,1402,2676
2019-01-31T18:45:00+09:00,J2,897,892,1789
2019-01-31T18:45:00+09:00,J3,1454,1231,2685
2019-01-31T18:45:00+09:00,J4,1146,915,2061
2019-01-31T18:45:00+09:00,J5,752,694,1446
2019-01-31T19:00:00+09:00,J1,1260,1405,2665
2019-01-31T19:00:00+09:00,J2,883,915,1798
2019-01-31T19:00:00+09:00,J3,1478,1316,2794
2019-01-31T19:00:00+09:00,J4,1069,958,2027
2019-01-31T19:00:00+09:00,J5,737,725,1462
2019-01-31T19:15:00+09:00,J1,1209,1363,2572
2019-01-31T19:15:00+09:00,J2,889,877,1766
2019-01-31T19:15:00+09:00,J3,1498,1230,2728
2019-01-31T19:15:00+09:00,J4,1066,999,2065
2019-01-31T19:15:00+09:00,J5,718,833,1551
2019-01-31T19:30:00+09:00,J1,1203,1367,2570
2019-01-31T19:30:00+09:00,J2,830,827,1657
2019-01-31T19:30:00+09:00,J3,1469,1244,2713
2019-01-31T19:30:00+09:00,J4,1089,983,2072
2019-01-31T19:30:00+09:00,J5,718,714,1432
2019-01-31T19:45:00+09:00,J1,1259,1414,2673
2019-01-31T19:45:00+09:00,J2,805,715,1520
2019-01-31T19:45:00+09:00,J3,1215,1050,2265
2019-01-31T19:45:00+09:00,J4,1044,976,2020
2019-01-31T19:45:00+09:00,J5,689,724,1413
2019-01-31T20:00:00+09:00,J1,1206,1406,2612
2019-01-31T20:00:00+09:00,J2,919,801,1720
2019-01-31T20:00:00+09:00,J3,1275,1094,2369
2019-01-31T20:00:00+09:00,J4,979,1013,1992
2019-01-31T20:00:00+09:00,J5,662,742,1404
2019-01-31T20:15:00+09:00,J1,1189,1351,2540
2019-01-31T20:15:00+09:00,J2,872,894,1766
2019-01-31T20:15:00+09:00,J3,1137,1019,2156
2019-01-31T20:15:00+09:00,J4,992,926,1918
2019-01-31T20:15:00+09:00,J5,693,652,1345
2019-01-31T20:30:00+09:00,J1,1280,1396,2676
2019-01-31T20:30:00+09:00,J2,973,899,1872
2019-01-31T20:30:00+09:00,J3,1258,1098,2356
2019-01-31T20:30:00+09:00,J4,986,903,1889
2019-01-31T20:30:00+09:00,J5,701,652,1353
2019-01-31T20:45:00+09:00,J1,1229,1457,2686
2019-01-31T20:45:00+09:00,J2,765,759,1524
2019-01-31T20:45:00+09:00,J3,1152,1039,2191
2019-01-31T20:45:00+09:00,J4,973,878,1851
2019-01-31T20:45:00+09:00,J5,653,637,1290
2019-01-31T21:00:00+09:00,J1,1197,1351,2548
2019-01-31T21:00:00+09:00,J2,753,784,1537
2019-01-31T21:00:00+09:00,J3,1164,1045,2209
2019-01-31T21:00:00+09:00,J4,974,928,1902
2019-01-31T21:00:00+09:00,J5,645,675,1320
2019-01-31T21:15:00+09:00,J1,1127,1288,2415
2019-01-31T21:15:00+09:00,J2,911,816,1727
2019-01-31T21:15:00+09:00,J3,1185,979,2164
2019-01-31T21:15:00+09:00,J4,926,857,1783
2019-01-31T21:15:00+09:00,J5,688,660,1348
2019-01-31T21:30:00+09:00,J1,1141,1319,2460
2019-01-31T21:30:00+09:00,J2,884,845,1729
2019-01-31T21:30:00+09:00,J3,1126,1051,2177
2019-01-31T21:30:00+09:00,J4,927,885,1812
2019-01-31T21:30:00+09:00,J5,624,602,1226
2019-01-31T21:45:00+09:00,J1,1128,1288,2416
2019-01-31T21:45:00+09:00,J2,803,793,1596
2019-01-31T21:45:00+09:00,J3,1136,1064,2200
2019-01-31T21:45:00+09:00,J4,901,873,1774
2019-01-31T21:45:00+09:00,J5,650,639,1289
2019-01-31T22:00:00+09:00,J1,1240,1288,2528
2019-01-31T22:00:00+09:00,J2,781,754,1535
2019-01-31T22:00:00+09:00,J3,1156,1038,2194
2019-01-31T22:00:00+09:00,J4,1033,981,2014
2019-01-31T22:00:00+09:00,J5,580,582,1162
2019-01-31T22:15:00+09:00,J1,1171,1372,2543
2019-01-31T22:15:00+09:00,J2,669,781,1450
2019-01-31T22:15:00+09:00,J3,1141,959,2100
2019-01-31T22:15:00+09:00,J4,888,978,1866
2019-01-31T22:15:00+09:00,J5,611,606,1217
2019-01-31T22:30:00+09:00,J1,1098,1266,2364
2019-01-31T22:30:00+09:00,J2,683,749,1432
2019-01-31T22:30:00+09:00,J3,1087,829,1916
2019-01-31T22:30:00+09:00,J4,837,866,1703
2019-01-31T22:30:00+09:00,J5,570,578,1148
2019-01-31T22:45:00+09:00,J1,1181,1350,2531
2019-01-31T22:45:00+09:00,J2,697,779,1476
2019-01-31T22:45:00+09:00,J3,1050,797,1847
2019-01-31T22:45:00+09:00,J4,850,883,1733
2019-01-31T22:45:00+09:00,J5,597,573,1170
2019-01-31T23:00:00+09:00,J1,1221,1359,2580
2019-01-31T23:00:00+09:00,J2,670,794,1464
2019-01-31T23:00:00+09:00,J3,950,770,1720
2019-01-31T23:00:00+09:00,J4,817,867,1684
2019-01-31T23:00:00+09:00,J5,616,586,1202
2019-01-31T23:15:00+09:00,J1,1164,1327,2491
2019-01-31T23:15:00+09:00,J2,648,762,1410
2019-01-31T23:15:00+09:00,J3,936,806,1742
2019-01-31T23:15:00+09:00,J4,852,843,1695
2019-01-31T23:15:00+09:00,J5,620,620,1240
2019-01-31T23:30:00+09:00,J1,1242,1270,2512
2019-01-31T23:30:00+09:00,J2,704,861,1565
2019-01-31T23:30:00+09:00,J3,995,836,1831
2019-01-31T23:30:00+09:00,J4,759,793,1552
2019-01-31T23:30:00+09:00,J5,623,587,1210
2019-01-31T23:45:00+09:00,J1,1176,1192,2368
2019-01-31T23:45:00+09:00,J2,748,705,1453
2019-01-31T23:45:00+09:00,J3,916,637,1553
2019-01-31T23:45:00+09:00,J4,776,760,1536
2019-01-31T23:45:00+09:00,J5,634,578,1212
2019-02-01T00:00:00+09:00,J1,857,918,1775
2019-02-01T00:00:00+09:00,J2,714,717,1431
2019-02-01T00:00:00+09:00,J3,638,542,1180
2019-02-01T00:00:00+09:00,J4,552,674,1226
2019-02-01T00:00:00+09:00,J5,636,568,1204
2019-02-01T00:15:00+09:00,J1,757,783,1540
2019-02-01T00:15:00+09:00,J2,678,620,1298
2019-02-01T00:15:00+09:00,J3,602,542,1144
2019-02-01T00:15:00+09:00,J4,557,638,1195
2019-02-01T00:15:00+09:00,J5,666,703,1369
2019-02-01T00:30:00+09:00,J1,737,727,1464
2019-02-01T00:30:00+09:00,J2,611,601,1212
2019-02-01T00:30:00+09:00,J3,464,453,917
2019-02-01T00:30:00+09:00,J4,618,742,1360
2019-02-01T00:30:00+09:00,J5,671,766,1437
2019-02-01T00:45:00+09:00,J1,590,641,1231
2019-02-01T00:45:00+09:00,J2,607,554,1161
2019-02-01T00:45:00+09:00,J3,436,382,818
2019-02-01T00:45:00+09:00,J4,687,718,1405
2019-02-01T00:45:00+09:00,J5,653,660,1313
