日時,アレイ,札幌→大通り,大通り→札幌,合計
2018-09-01T05:45:00+09:00,J1,248,283,531
2018-09-01T05:45:00+09:00,J2,293,205,498
2018-09-01T05:45:00+09:00,J3,363,276,639
2018-09-01T05:45:00+09:00,J4,497,504,1001
2018-09-01T05:45:00+09:00,J5,174,80,254
2018-09-01T06:00:00+09:00,J1,293,263,556
2018-09-01T06:00:00+09:00,J2,234,234,468
2018-09-01T06:00:00+09:00,J3,381,281,662
2018-09-01T06:00:00+09:00,J4,506,503,1009
2018-09-01T06:00:00+09:00,J5,185,155,340
2018-09-01T06:15:00+09:00,J1,333,363,696
2018-09-01T06:15:00+09:00,J2,265,236,501
2018-09-01T06:15:00+09:00,J3,372,297,669
2018-09-01T06:15:00+09:00,J4,516,574,1090
2018-09-01T06:15:00+09:00,J5,187,188,375
2018-09-01T06:30:00+09:00,J1,324,293,617
2018-09-01T06:30:00+09:00,J2,245,276,521
2018-09-01T06:30:00+09:00,J3,364,331,695
2018-09-01T06:30:00+09:00,J4,587,547,1134
2018-09-01T06:30:00+09:00,J5,200,189,389
2018-09-01T06:45:00+09:00,J1,366,330,696
2018-09-01T06:45:00+09:00,J2,275,241,516
2018-09-01T06:45:00+09:00,J3,395,281,676
2018-09-01T06:45:00+09:00,J4,560,578,1138
2018-09-01T06:45:00+09:00,J5,202,146,348
2018-09-01T07:00:00+09:00,J1,343,307,650
2018-09-01T07:00:00+09:00,J2,241,209,450
2018-09-01T07:00:00+09:00,J3,387,317,704
2018-09-01T07:00:00+09:00,J4,607,555,1162
2018-09-01T07:00:00+09:00,J5,223,162,385
2018-09-01T07:15:00+09:00,J1,410,397,807
2018-09-01T07:15:00+09:00,J2,296,247,543
2018-09-01T07:15:00+09:00,J3,450,339,789
2018-09-01T07:15:00+09:00,J4,524,597,1121
2018-09-01T07:15:00+09:00,J5,207,142,349
2018-09-01T07:30:00+09:00,J1,473,422,895
2018-09-01T07:30:00+09:00,J2,298,234,532
2018-09-01T07:30:00+09:00,J3,452,360,812
2018-09-01T07:30:00+09:00,J4,458,509,967
2018-09-01T07:30:00+09:00,J5,214,175,389
2018-09-01T07:45:00+09:00,J1,439,423,862
2018-09-01T07:45:00+09:00,J2,289,283,572
2018-09-01T07:45:00+09:00,J3,480,362,842
2018-09-01T07:45:00+09:00,J4,479,510,989
2018-09-01T07:45:00+09:00,J5,212,159,371
2018-09-01T08:00:00+09:00,J1,551,514,1065
2018-09-01T08:00:00+09:00,J2,391,333,724
2018-09-01T08:00:00+09:00,J3,450,482,932
2018-09-01T08:00:00+09:00,J4,477,568,1045
2018-09-01T08:00:00+09:00,J5,230,191,421
2018-09-01T08:15:00+09:00,J1,565,484,1049
2018-09-01T08:15:00+09:00,J2,384,316,700
2018-09-01T08:15:00+09:00,J3,340,466,806
2018-09-01T08:15:00+09:00,J4,354,490,844
2018-09-01T08:15:00+09:00,J5,255,209,464
2018-09-01T08:30:00+09:00,J1,583,459,1042
2018-09-01T08:30:00+09:00,J2,370,321,691
2018-09-01T08:30:00+09:00,J3,348,517,865
2018-09-01T08:30:00+09:00,J4,453,568,1021
2018-09-01T08:30:00+09:00,J5,226,227,453
2018-09-01T08:45:00+09:00,J1,474,440,914
2018-09-01T08:45:00+09:00,J2,339,338,677
2018-09-01T08:45:00+09:00,J3,422,424,846
2018-09-01T08:45:00+09:00,J4,422,469,891
2018-09-01T08:45:00+09:00,J5,240,241,481
2018-09-01T09:00:00+09:00,J1,393,354,747
2018-09-01T09:00:00+09:00,J2,257,282,539
2018-09-01T09:00:00+09:00,J3,281,361,642
2018-09-01T09:00:00+09:00,J4,389,427,816
2018-09-01T09:00:00+09:00,J5,217,194,411
2018-09-01T09:15:00+09:00,J1,610,566,1176
2018-09-01T09:15:00+09:00,J2,587,433,1020
2018-09-01T09:15:00+09:00,J3,478,521,999
2018-09-01T09:15:00+09:00,J4,523,632,1155
2018-09-01T09:15:00+09:00,J5,277,298,575
2018-09-01T09:30:00+09:00,J1,557,434,991
2018-09-01T09:30:00+09:00,J2,450,302,752
2018-09-01T09:30:00+09:00,J3,440,459,899
2018-09-01T09:30:00+09:00,J4,360,418,778
2018-09-01T09:30:00+09:00,J5,251,259,510
2018-09-01T09:45:00+09:00,J1,559,517,1076
2018-09-01T09:45:00+09:00,J2,461,378,839
2018-09-01T09:45:00+09:00,J3,408,464,872
2018-09-01T09:45:00+09:00,J4,315,333,648
2018-09-01T09:45:00+09:00,J5,258,248,506
2018-09-01T10:00:00+09:00,J1,516,444,960
2018-09-01T10:00:00+09:00,J2,460,346,806
2018-09-01T10:00:00+09:00,J3,366,405,771
2018-09-01T10:00:00+09:00,J4,339,368,707
2018-09-01T10:00:00+09:00,J5,268,236,504
2018-09-01T10:15:00+09:00,J1,577,442,1019
2018-09-01T10:15:00+09:00,J2,480,346,826
2018-09-01T10:15:00+09:00,J3,373,437,810
2018-09-01T10:15:00+09:00,J4,426,469,895
2018-09-01T10:15:00+09:00,J5,230,231,461
2018-09-01T10:30:00+09:00,J1,598,523,1121
2018-09-01T10:30:00+09:00,J2,473,356,829
2018-09-01T10:30:00+09:00,J3,423,468,891
2018-09-01T10:30:00+09:00,J4,331,359,690
2018-09-01T10:30:00+09:00,J5,234,240,474
2018-09-01T10:45:00+09:00,J1,612,547,1159
2018-09-01T10:45:00+09:00,J2,497,402,899
2018-09-01T10:45:00+09:00,J3,373,449,822
2018-09-01T10:45:00+09:00,J4,409,450,859
2018-09-01T10:45:00+09:00,J5,254,266,520
2018-09-01T11:00:00+09:00,J1,579,537,1116
2018-09-01T11:00:00+09:00,J2,473,417,890
2018-09-01T11:00:00+09:00,J3,418,427,845
2018-09-01T11:00:00+09:00,J4,395,417,812
2018-09-01T11:00:00+09:00,J5,260,271,531
2018-09-01T11:15:00+09:00,J1,557,616,1173
2018-09-01T11:15:00+09:00,J2,514,390,904
2018-09-01T11:15:00+09:00,J3,466,452,918
2018-09-01T11:15:00+09:00,J4,392,399,791
2018-09-01T11:15:00+09:00,J5,241,260,501
2018-09-01T11:30:00+09:00,J1,579,587,1166
2018-09-01T11:30:00+09:00,J2,489,387,876
2018-09-01T11:30:00+09:00,J3,450,469,919
2018-09-01T11:30:00+09:00,J4,423,433,856
2018-09-01T11:30:00+09:00,J5,245,295,540
2018-09-01T11:45:00+09:00,J1,577,597,1174
2018-09-01T11:45:00+09:00,J2,462,393,855
2018-09-01T11:45:00+09:00,J3,392,410,802
2018-09-01T11:45:00+09:00,J4,478,444,922
2018-09-01T11:45:00+09:00,J5,244,264,508
2018-09-01T12:00:00+09:00,J1,580,544,1124
2018-09-01T12:00:00+09:00,J2,435,399,834
2018-09-01T12:00:00+09:00,J3,456,428,884
2018-09-01T12:00:00+09:00,J4,455,419,874
2018-09-01T12:00:00+09:00,J5,258,260,518
2018-09-01T12:15:00+09:00,J1,621,640,1261
2018-09-01T12:15:00+09:00,J2,440,372,812
2018-09-01T12:15:00+09:00,J3,452,517,969
2018-09-01T12:15:00+09:00,J4,506,485,991
2018-09-01T12:15:00+09:00,J5,294,261,555
2018-09-01T12:30:00+09:00,J1,563,638,1201
2018-09-01T12:30:00+09:00,J2,503,395,898
2018-09-01T12:30:00+09:00,J3,514,453,967
2018-09-01T12:30:00+09:00,J4,565,477,1042
2018-09-01T12:30:00+09:00,J5,290,253,543
2018-09-01T12:45:00+09:00,J1,622,662,1284
2018-09-01T12:45:00+09:00,J2,507,429,936
2018-09-01T12:45:00+09:00,J3,506,489,995
2018-09-01T12:45:00+09:00,J4,576,481,1057
2018-09-01T12:45:00+09:00,J5,244,270,514
2018-09-01T13:00:00+09:00,J1,608,697,1305
2018-09-01T13:00:00+09:00,J2,510,369,879
2018-09-01T13:00:00+09:00,J3,518,551,1069
2018-09-01T13:00:00+09:00,J4,512,518,1030
2018-09-01T13:00:00+09:00,J5,267,321,588
2018-09-01T13:15:00+09:00,J1,640,667,1307
2018-09-01T13:15:00+09:00,J2,470,376,846
2018-09-01T13:15:00+09:00,J3,481,498,979
2018-09-01T13:15:00+09:00,J4,537,468,1005
2018-09-01T13:15:00+09:00,J5,282,326,608
2018-09-01T13:30:00+09:00,J1,619,685,1304
2018-09-01T13:30:00+09:00,J2,488,403,891
2018-09-01T13:30:00+09:00,J3,458,511,969
2018-09-01T13:30:00+09:00,J4,630,583,1213
2018-09-01T13:30:00+09:00,J5,261,295,556
2018-09-01T13:45:00+09:00,J1,675,693,1368
2018-09-01T13:45:00+09:00,J2,452,453,905
2018-09-01T13:45:00+09:00,J3,542,457,999
2018-09-01T13:45:00+09:00,J4,588,571,1159
2018-09-01T13:45:00+09:00,J5,312,363,675
2018-09-01T14:00:00+09:00,J1,664,743,1407
2018-09-01T14:00:00+09:00,J2,482,406,888
2018-09-01T14:00:00+09:00,J3,583,476,1059
2018-09-01T14:00:00+09:00,J4,726,675,1401
2018-09-01T14:00:00+09:00,J5,312,299,611
2018-09-01T14:15:00+09:00,J1,580,661,1241
2018-09-01T14:15:00+09:00,J2,486,470,956
2018-09-01T14:15:00+09:00,J3,551,479,1030
2018-09-01T14:15:00+09:00,J4,668,600,1268
2018-09-01T14:15:00+09:00,J5,294,332,626
2018-09-01T14:30:00+09:00,J1,645,708,1353
2018-09-01T14:30:00+09:00,J2,525,414,939
2018-09-01T14:30:00+09:00,J3,489,544,1033
2018-09-01T14:30:00+09:00,J4,563,525,1088
2018-09-01T14:30:00+09:00,J5,287,344,631
2018-09-01T14:45:00+09:00,J1,666,701,1367
2018-09-01T14:45:00+09:00,J2,512,394,906
2018-09-01T14:45:00+09:00,J3,503,545,1048
2018-09-01T14:45:00+09:00,J4,611,523,1134
2018-09-01T14:45:00+09:00,J5,253,315,568
2018-09-01T15:00:00+09:00,J1,667,764,1431
2018-09-01T15:00:00+09:00,J2,513,446,959
2018-09-01T15:00:00+09:00,J3,580,555,1135
2018-09-01T15:00:00+09:00,J4,671,566,1237
2018-09-01T15:00:00+09:00,J5,279,293,572
2018-09-01T15:15:00+09:00,J1,626,738,1364
2018-09-01T15:15:00+09:00,J2,400,430,830
2018-09-01T15:15:00+09:00,J3,557,475,1032
2018-09-01T15:15:00+09:00,J4,568,571,1139
2018-09-01T15:15:00+09:00,J5,290,307,597
2018-09-01T15:30:00+09:00,J1,637,697,1334
2018-09-01T15:30:00+09:00,J2,511,424,935
2018-09-01T15:30:00+09:00,J3,520,508,1028
2018-09-01T15:30:00+09:00,J4,555,442,997
2018-09-01T15:30:00+09:00,J5,274,274,548
2018-09-01T15:45:00+09:00,J1,677,691,1368
2018-09-01T15:45:00+09:00,J2,479,431,910
2018-09-01T15:45:00+09:00,J3,515,535,1050
2018-09-01T15:45:00+09:00,J4,526,525,1051
2018-09-01T15:45:00+09:00,J5,326,263,589
2018-09-01T16:00:00+09:00,J1,629,713,1342
2018-09-01T16:00:00+09:00,J2,457,435,892
2018-09-01T16:00:00+09:00,J3,539,568,1107
2018-09-01T16:00:00+09:00,J4,594,482,1076
2018-09-01T16:00:00+09:00,J5,284,248,532
2018-09-01T16:15:00+09:00,J1,645,724,1369
2018-09-01T16:15:00+09:00,J2,433,422,855
2018-09-01T16:15:00+09:00,J3,507,507,1014
2018-09-01T16:15:00+09:00,J4,571,504,1075
2018-09-01T16:15:00+09:00,J5,281,245,526
2018-09-01T16:30:00+09:00,J1,606,727,1333
2018-09-01T16:30:00+09:00,J2,493,497,990
2018-09-01T16:30:00+09:00,J3,490,530,1020
2018-09-01T16:30:00+09:00,J4,537,550,1087
2018-09-01T16:30:00+09:00,J5,242,203,445
2018-09-01T16:45:00+09:00,J1,631,700,1331
2018-09-01T16:45:00+09:00,J2,506,439,945
2018-09-01T16:45:00+09:00,J3,538,547,1085
2018-09-01T16:45:00+09:00,J4,532,545,1077
2018-09-01T16:45:00+09:00,J5,256,228,484
2018-09-01T17:00:00+09:00,J1,701,642,1343
2018-09-01T17:00:00+09:00,J2,529,496,1025
2018-09-01T17:00:00+09:00,J3,583,560,1143
2018-09-01T17:00:00+09:00,J4,538,490,1028
2018-09-01T17:00:00+09:00,J5,241,221,462
2018-09-01T17:15:00+09:00,J1,711,814,1525
2018-09-01T17:15:00+09:00,J2,607,447,1054
2018-09-01T17:15:00+09:00,J3,628,527,1155
2018-09-01T17:15:00+09:00,J4,592,397,989
2018-09-01T17:15:00+09:00,J5,243,238,481
2018-09-01T17:30:00+09:00,J1,703,678,1381
2018-09-01T17:30:00+09:00,J2,556,468,1024
2018-09-01T17:30:00+09:00,J3,540,489,1029
2018-09-01T17:30:00+09:00,J4,524,441,965
2018-09-01T17:30:00+09:00,J5,246,223,469
2018-09-01T17:45:00+09:00,J1,687,818,1505
2018-09-01T17:45:00+09:00,J2,605,482,1087
2018-09-01T17:45:00+09:00,J3,536,504,1040
2018-09-01T17:45:00+09:00,J4,531,397,928
2018-09-01T17:45:00+09:00,J5,272,262,534
2018-09-01T18:00:00+09:00,J1,732,754,1486
2018-09-01T18:00:00+09:00,J2,606,432,1038
2018-09-01T18:00:00+09:00,J3,540,508,1048
2018-09-01T18:00:00+09:00,J4,467,443,910
2018-09-01T18:00:00+09:00,J5,297,291,588
2018-09-01T18:15:00+09:00,J1,684,747,1431
2018-09-01T18:15:00+09:00,J2,575,443,1018
2018-09-01T18:15:00+09:00,J3,562,551,1113
2018-09-01T18:15:00+09:00,J4,499,392,891
2018-09-01T18:15:00+09:00,J5,340,253,593
2018-09-01T18:30:00+09:00,J1,650,717,1367
2018-09-01T18:30:00+09:00,J2,573,438,1011
2018-09-01T18:30:00+09:00,J3,470,516,986
2018-09-01T18:30:00+09:00,J4,528,469,997
2018-09-01T18:30:00+09:00,J5,293,282,575
2018-09-01T18:45:00+09:00,J1,631,729,1360
2018-09-01T18:45:00+09:00,J2,464,472,936
2018-09-01T18:45:00+09:00,J3,471,472,943
2018-09-01T18:45:00+09:00,J4,477,423,900
2018-09-01T18:45:00+09:00,J5,255,271,526
2018-09-01T19:00:00+09:00,J1,657,737,1394
2018-09-01T19:00:00+09:00,J2,428,444,872
2018-09-01T19:00:00+09:00,J3,462,472,934
2018-09-01T19:00:00+09:00,J4,506,436,942
2018-09-01T19:00:00+09:00,J5,262,246,508
2018-09-01T19:15:00+09:00,J1,676,729,1405
2018-09-01T19:15:00+09:00,J2,445,417,862
2018-09-01T19:15:00+09:00,J3,470,508,978
2018-09-01T19:15:00+09:00,J4,525,445,970
2018-09-01T19:15:00+09:00,J5,315,273,588
2018-09-01T19:30:00+09:00,J1,640,745,1385
2018-09-01T19:30:00+09:00,J2,392,385,777
2018-09-01T19:30:00+09:00,J3,457,481,938
2018-09-01T19:30:00+09:00,J4,537,504,1041
2018-09-01T19:30:00+09:00,J5,321,269,590
2018-09-01T19:45:00+09:00,J1,592,630,1222
2018-09-01T19:45:00+09:00,J2,352,386,738
2018-09-01T19:45:00+09:00,J3,387,470,857
2018-09-01T19:45:00+09:00,J4,545,471,1016
2018-09-01T19:45:00+09:00,J5,313,252,565
2018-09-01T20:00:00+09:00,J1,588,707,1295
2018-09-01T20:00:00+09:00,J2,361,418,779
2018-09-01T20:00:00+09:00,J3,442,510,952
2018-09-01T20:00:00+09:00,J4,537,488,1025
2018-09-01T20:00:00+09:00,J5,252,190,442
2018-09-01T20:15:00+09:00,J1,580,606,1186
2018-09-01T20:15:00+09:00,J2,398,377,775
2018-09-01T20:15:00+09:00,J3,437,419,856
2018-09-01T20:15:00+09:00,J4,539,541,1080
2018-09-01T20:15:00+09:00,J5,268,245,513
2018-09-01T20:30:00+09:00,J1,593,595,1188
2018-09-01T20:30:00+09:00,J2,297,299,596
2018-09-01T20:30:00+09:00,J3,405,450,855
2018-09-01T20:30:00+09:00,J4,549,585,1134
2018-09-01T20:30:00+09:00,J5,324,242,566
2018-09-01T20:45:00+09:00,J1,660,633,1293
2018-09-01T20:45:00+09:00,J2,328,319,647
2018-09-01T20:45:00+09:00,J3,449,391,840
2018-09-01T20:45:00+09:00,J4,562,537,1099
2018-09-01T20:45:00+09:00,J5,321,277,598
2018-09-01T21:00:00+09:00,J1,623,601,1224
2018-09-01T21:00:00+09:00,J2,320,338,658
2018-09-01T21:00:00+09:00,J3,505,433,938
2018-09-01T21:00:00+09:00,J4,657,625,1282
2018-09-01T21:00:00+09:00,J5,402,343,745
2018-09-01T21:15:00+09:00,J1,623,652,1275
2018-09-01T21:15:00+09:00,J2,345,263,608
2018-09-01T21:15:00+09:00,J3,531,451,982
2018-09-01T21:15:00+09:00,J4,678,651,1329
2018-09-01T21:15:00+09:00,J5,394,313,707
2018-09-01T21:30:00+09:00,J1,603,589,1192
2018-09-01T21:30:00+09:00,J2,316,312,628
2018-09-01T21:30:00+09:00,J3,473,452,925
2018-09-01T21:30:00+09:00,J4,700,656,1356
2018-09-01T21:30:00+09:00,J5,350,327,677
2018-09-01T21:45:00+09:00,J1,569,545,1114
2018-09-01T21:45:00+09:00,J2,332,316,648
2018-09-01T21:45:00+09:00,J3,522,427,949
2018-09-01T21:45:00+09:00,J4,727,665,1392
2018-09-01T21:45:00+09:00,J5,388,370,758
2018-09-01T22:00:00+09:00,J1,574,618,1192
2018-09-01T22:00:00+09:00,J2,275,328,603
2018-09-01T22:00:00+09:00,J3,520,451,971
2018-09-01T22:00:00+09:00,J4,655,640,1295
2018-09-01T22:00:00+09:00,J5,367,334,701
2018-09-01T22:15:00+09:00,J1,553,596,1149
2018-09-01T22:15:00+09:00,J2,288,288,576
2018-09-01T22:15:00+09:00,J3,492,410,902
2018-09-01T22:15:00+09:00,J4,721,698,1419
2018-09-01T22:15:00+09:00,J5,362,377,739
2018-09-01T22:30:00+09:00,J1,521,587,1108
2018-09-01T22:30:00+09:00,J2,277,331,608
2018-09-01T22:30:00+09:00,J3,461,432,893
2018-09-01T22:30:00+09:00,J4,620,602,1222
2018-09-01T22:30:00+09:00,J5,251,253,504
2018-09-01T22:45:00+09:00,J1,546,560,1106
2018-09-01T22:45:00+09:00,J2,312,274,586
2018-09-01T22:45:00+09:00,J3,517,400,917
2018-09-01T22:45:00+09:00,J4,647,638,1285
2018-09-01T22:45:00+09:00,J5,186,145,331
2018-09-01T23:00:00+09:00,J1,513,532,1045
2018-09-01T23:00:00+09:00,J2,262,287,549
2018-09-01T23:00:00+09:00,J3,428,335,763
2018-09-01T23:00:00+09:00,J4,644,690,1334
2018-09-01T23:00:00+09:00,J5,149,85,234
2018-09-01T23:15:00+09:00,J1,373,521,894
2018-09-01T23:15:00+09:00,J2,283,332,615
2018-09-01T23:15:00+09:00,J3,535,449,984
2018-09-01T23:15:00+09:00,J4,743,739,1482
2018-09-01T23:15:00+09:00,J5,167,130,297
2018-09-01T23:30:00+09:00,J1,512,578,1090
2018-09-01T23:30:00+09:00,J2,293,313,606
2018-09-01T23:30:00+09:00,J3,459,435,894
2018-09-01T23:30:00+09:00,J4,689,714,1403
2018-09-01T23:30:00+09:00,J5,176,139,315
2018-09-01T23:45:00+09:00,J1,512,591,1103
2018-09-01T23:45:00+09:00,J2,283,278,561
2018-09-01T23:45:00+09:00,J3,500,372,872
2018-09-01T23:45:00+09:00,J4,668,686,1354
2018-09-01T23:45:00+09:00,J5,153,106,259
2018-09-02T00:00:00+09:00,J1,396,450,846
2018-09-02T00:00:00+09:00,J2,276,262,538
2018-09-02T00:00:00+09:00,J3,470,347,817
2018-09-02T00:00:00+09:00,J4,621,635,1256
2018-09-02T00:00:00+09:00,J5,161,122,283
2018-09-02T00:15:00+09:00,J1,287,272,559
2018-09-02T00:15:00+09:00,J2,178,206,384
2018-09-02T00:15:00+09:00,J3,261,260,521
2018-09-02T00:15:00+09:00,J4,639,716,1355
2018-09-02T00:15:00+09:00,J5,141,112,253
2018-09-02T00:30:00+09:00,J1,307,284,591
2018-09-02T00:30:00+09:00,J2,161,230,391
2018-09-02T00:30:00+09:00,J3,443,434,877
2018-09-02T00:30:00+09:00,J4,313,305,618
2018-09-02T00:30:00+09:00,J5,282,317,599
2018-09-02T00:45:00+09:00,J1,308,267,575
2018-09-02T00:45:00+09:00,J2,242,219,461
2018-09-02T00:45:00+09:00,J3,396,402,798
2018-09-02T00:45:00+09:00,J4,203,164,367
2018-09-02T00:45:00+09:00,J5,256,350,606
2018-09-02T05:45:00+09:00,J1,251,257,508
2018-09-02T05:45:00+09:00,J2,360,392,752
2018-09-02T05:45:00+09:00,J3,431,412,843
2018-09-02T05:45:00+09:00,J4,857,850,1707
2018-09-02T05:45:00+09:00,J5,155,188,343
2018-09-02T06:00:00+09:00,J1,415,414,829
2018-09-02T06:00:00+09:00,J2,260,235,495
2018-09-02T06:00:00+09:00,J3,423,395,818
2018-09-02T06:00:00+09:00,J4,930,959,1889
2018-09-02T06:00:00+09:00,J5,244,320,564
2018-09-02T06:15:00+09:00,J1,386,368,754
2018-09-02T06:15:00+09:00,J2,367,372,739
2018-09-02T06:15:00+09:00,J3,443,441,884
2018-09-02T06:15:00+09:00,J4,778,802,1580
2018-09-02T06:15:00+09:00,J5,273,343,616
2018-09-02T06:30:00+09:00,J1,443,460,903
2018-09-02T06:30:00+09:00,J2,336,366,702
2018-09-02T06:30:00+09:00,J3,557,513,1070
2018-09-02T06:30:00+09:00,J4,774,799,1573
2018-09-02T06:30:00+09:00,J5,300,262,562
2018-09-02T06:45:00+09:00,J1,512,477,989
2018-09-02T06:45:00+09:00,J2,328,307,635
2018-09-02T06:45:00+09:00,J3,527,486,1013
2018-09-02T06:45:00+09:00,J4,500,537,1037
2018-09-02T06:45:00+09:00,J5,320,386,706
2018-09-02T07:00:00+09:00,J1,502,501,1003
2018-09-02T07:00:00+09:00,J2,294,297,591
2018-09-02T07:00:00+09:00,J3,537,496,1033
2018-09-02T07:00:00+09:00,J4,640,596,1236
2018-09-02T07:00:00+09:00,J5,301,338,639
2018-09-02T07:15:00+09:00,J1,470,388,858
2018-09-02T07:15:00+09:00,J2,262,285,547
2018-09-02T07:15:00+09:00,J3,580,555,1135
2018-09-02T07:15:00+09:00,J4,516,540,1056
2018-09-02T07:15:00+09:00,J5,286,356,642
2018-09-02T07:30:00+09:00,J1,504,480,984
2018-09-02T07:30:00+09:00,J2,387,371,758
2018-09-02T07:30:00+09:00,J3,605,550,1155
2018-09-02T07:30:00+09:00,J4,526,535,1061
2018-09-02T07:30:00+09:00,J5,257,348,605
2018-09-02T07:45:00+09:00,J1,421,434,855
2018-09-02T07:45:00+09:00,J2,326,281,607
2018-09-02T07:45:00+09:00,J3,584,499,1083
2018-09-02T07:45:00+09:00,J4,415,448,863
2018-09-02T07:45:00+09:00,J5,257,286,543
2018-09-02T08:00:00+09:00,J1,601,531,1132
2018-09-02T08:00:00+09:00,J2,330,303,633
2018-09-02T08:00:00+09:00,J3,447,480,927
2018-09-02T08:00:00+09:00,J4,473,594,1067
2018-09-02T08:00:00+09:00,J5,334,342,676
2018-09-02T08:15:00+09:00,J1,686,623,1309
2018-09-02T08:15:00+09:00,J2,401,313,714
2018-09-02T08:15:00+09:00,J3,437,484,921
2018-09-02T08:15:00+09:00,J4,668,733,1401
2018-09-02T08:15:00+09:00,J5,362,433,795
2018-09-02T08:30:00+09:00,J1,639,581,1220
2018-09-02T08:30:00+09:00,J2,392,250,642
2018-09-02T08:30:00+09:00,J3,480,476,956
2018-09-02T08:30:00+09:00,J4,678,734,1412
2018-09-02T08:30:00+09:00,J5,296,301,597
2018-09-02T08:45:00+09:00,J1,591,576,1167
2018-09-02T08:45:00+09:00,J2,336,299,635
2018-09-02T08:45:00+09:00,J3,487,436,923
2018-09-02T08:45:00+09:00,J4,619,675,1294
2018-09-02T08:45:00+09:00,J5,267,289,556
2018-09-02T09:00:00+09:00,J1,522,527,1049
2018-09-02T09:00:00+09:00,J2,387,334,721
2018-09-02T09:00:00+09:00,J3,364,388,752
2018-09-02T09:00:00+09:00,J4,557,688,1245
2018-09-02T09:00:00+09:00,J5,284,306,590
2018-09-02T09:15:00+09:00,J1,509,485,994
2018-09-02T09:15:00+09:00,J2,376,276,652
2018-09-02T09:15:00+09:00,J3,485,382,867
2018-09-02T09:15:00+09:00,J4,616,654,1270
2018-09-02T09:15:00+09:00,J5,186,133,319
2018-09-02T09:30:00+09:00,J1,577,544,1121
2018-09-02T09:30:00+09:00,J2,397,268,665
2018-09-02T09:30:00+09:00,J3,482,446,928
2018-09-02T09:30:00+09:00,J4,586,643,1229
2018-09-02T09:30:00+09:00,J5,223,181,404
2018-09-02T09:45:00+09:00,J1,547,528,1075
2018-09-02T09:45:00+09:00,J2,431,251,682
2018-09-02T09:45:00+09:00,J3,571,502,1073
2018-09-02T09:45:00+09:00,J4,518,527,1045
2018-09-02T09:45:00+09:00,J5,209,111,320
2018-09-02T10:00:00+09:00,J1,455,433,888
2018-09-02T10:00:00+09:00,J2,416,257,673
2018-09-02T10:00:00+09:00,J3,637,522,1159
2018-09-02T10:00:00+09:00,J4,596,540,1136
2018-09-02T10:00:00+09:00,J5,213,191,404
2018-09-02T10:15:00+09:00,J1,462,460,922
2018-09-02T10:15:00+09:00,J2,493,304,797
2018-09-02T10:15:00+09:00,J3,629,639,1268
2018-09-02T10:15:00+09:00,J4,530,542,1072
2018-09-02T10:15:00+09:00,J5,276,233,509
2018-09-02T10:30:00+09:00,J1,510,511,1021
2018-09-02T10:30:00+09:00,J2,476,408,884
2018-09-02T10:30:00+09:00,J3,556,583,1139
2018-09-02T10:30:00+09:00,J4,553,508,1061
2018-09-02T10:30:00+09:00,J5,227,200,427
2018-09-02T10:45:00+09:00,J1,476,544,1020
2018-09-02T10:45:00+09:00,J2,466,425,891
2018-09-02T10:45:00+09:00,J3,546,558,1104
2018-09-02T10:45:00+09:00,J4,511,595,1106
2018-09-02T10:45:00+09:00,J5,272,239,511
2018-09-02T11:00:00+09:00,J1,548,586,1134
2018-09-02T11:00:00+09:00,J2,439,464,903
2018-09-02T11:00:00+09:00,J3,604,559,1163
2018-09-02T11:00:00+09:00,J4,503,514,1017
2018-09-02T11:00:00+09:00,J5,263,241,504
2018-09-02T11:15:00+09:00,J1,526,651,1177
2018-09-02T11:15:00+09:00,J2,454,419,873
2018-09-02T11:15:00+09:00,J3,602,569,1171
2018-09-02T11:15:00+09:00,J4,499,469,968
2018-09-02T11:15:00+09:00,J5,217,202,419
2018-09-02T11:30:00+09:00,J1,512,552,1064
2018-09-02T11:30:00+09:00,J2,440,503,943
2018-09-02T11:30:00+09:00,J3,624,622,1246
2018-09-02T11:30:00+09:00,J4,403,458,861
2018-09-02T11:30:00+09:00,J5,160,168,328
2018-09-02T11:45:00+09:00,J1,501,527,1028
2018-09-02T11:45:00+09:00,J2,447,475,922
2018-09-02T11:45:00+09:00,J3,636,545,1181
2018-09-02T11:45:00+09:00,J4,481,448,929
2018-09-02T11:45:00+09:00,J5,247,212,459
2018-09-02T12:00:00+09:00,J1,494,553,1047
2018-09-02T12:00:00+09:00,J2,451,483,934
2018-09-02T12:00:00+09:00,J3,553,601,1154
2018-09-02T12:00:00+09:00,J4,377,409,786
2018-09-02T12:00:00+09:00,J5,284,240,524
2018-09-02T12:15:00+09:00,J1,550,534,1084
2018-09-02T12:15:00+09:00,J2,529,467,996
2018-09-02T12:15:00+09:00,J3,485,545,1030
2018-09-02T12:15:00+09:00,J4,382,371,753
2018-09-02T12:15:00+09:00,J5,200,213,413
2018-09-02T12:30:00+09:00,J1,551,555,1106
2018-09-02T12:30:00+09:00,J2,572,468,1040
2018-09-02T12:30:00+09:00,J3,437,515,952
2018-09-02T12:30:00+09:00,J4,386,442,828
2018-09-02T12:30:00+09:00,J5,207,210,417
2018-09-02T12:45:00+09:00,J1,554,650,1204
2018-09-02T12:45:00+09:00,J2,465,445,910
2018-09-02T12:45:00+09:00,J3,425,512,937
2018-09-02T12:45:00+09:00,J4,379,390,769
2018-09-02T12:45:00+09:00,J5,206,218,424
2018-09-02T13:00:00+09:00,J1,552,735,1287
2018-09-02T13:00:00+09:00,J2,508,458,966
2018-09-02T13:00:00+09:00,J3,441,445,886
2018-09-02T13:00:00+09:00,J4,401,369,770
2018-09-02T13:00:00+09:00,J5,247,278,525
2018-09-02T13:15:00+09:00,J1,544,652,1196
2018-09-02T13:15:00+09:00,J2,450,469,919
2018-09-02T13:15:00+09:00,J3,430,447,877
2018-09-02T13:15:00+09:00,J4,373,355,728
2018-09-02T13:15:00+09:00,J5,242,283,525
2018-09-02T13:30:00+09:00,J1,489,555,1044
2018-09-02T13:30:00+09:00,J2,520,524,1044
2018-09-02T13:30:00+09:00,J3,460,457,917
2018-09-02T13:30:00+09:00,J4,404,384,788
2018-09-02T13:30:00+09:00,J5,240,276,516
2018-09-02T13:45:00+09:00,J1,523,581,1104
2018-09-02T13:45:00+09:00,J2,454,396,850
2018-09-02T13:45:00+09:00,J3,411,479,890
2018-09-02T13:45:00+09:00,J4,420,441,861
2018-09-02T13:45:00+09:00,J5,239,261,500
2018-09-02T14:00:00+09:00,J1,568,620,1188
2018-09-02T14:00:00+09:00,J2,448,452,900
2018-09-02T14:00:00+09:00,J3,398,457,855
2018-09-02T14:00:00+09:00,J4,488,441,929
2018-09-02T14:00:00+09:00,J5,244,200,444
2018-09-02T14:15:00+09:00,J1,537,620,1157
2018-09-02T14:15:00+09:00,J2,458,416,874
2018-09-02T14:15:00+09:00,J3,406,432,838
2018-09-02T14:15:00+09:00,J4,417,391,808
2018-09-02T14:15:00+09:00,J5,230,235,465
2018-09-02T14:30:00+09:00,J1,553,607,1160
2018-09-02T14:30:00+09:00,J2,500,409,909
2018-09-02T14:30:00+09:00,J3,393,451,844
2018-09-02T14:30:00+09:00,J4,439,330,769
2018-09-02T14:30:00+09:00,J5,229,199,428
2018-09-02T14:45:00+09:00,J1,548,553,1101
2018-09-02T14:45:00+09:00,J2,457,418,875
2018-09-02T14:45:00+09:00,J3,364,450,814
2018-09-02T14:45:00+09:00,J4,461,366,827
2018-09-02T14:45:00+09:00,J5,244,250,494
2018-09-02T15:00:00+09:00,J1,638,583,1221
2018-09-02T15:00:00+09:00,J2,486,414,900
2018-09-02T15:00:00+09:00,J3,360,449,809
2018-09-02T15:00:00+09:00,J4,441,432,873
2018-09-02T15:00:00+09:00,J5,248,251,499
2018-09-02T15:15:00+09:00,J1,646,639,1285
2018-09-02T15:15:00+09:00,J2,493,447,940
2018-09-02T15:15:00+09:00,J3,382,437,819
2018-09-02T15:15:00+09:00,J4,493,440,933
2018-09-02T15:15:00+09:00,J5,279,275,554
2018-09-02T15:30:00+09:00,J1,544,662,1206
2018-09-02T15:30:00+09:00,J2,444,436,880
2018-09-02T15:30:00+09:00,J3,446,462,908
2018-09-02T15:30:00+09:00,J4,431,380,811
2018-09-02T15:30:00+09:00,J5,259,242,501
2018-09-02T15:45:00+09:00,J1,599,643,1242
2018-09-02T15:45:00+09:00,J2,471,419,890
2018-09-02T15:45:00+09:00,J3,383,455,838
2018-09-02T15:45:00+09:00,J4,402,400,802
2018-09-02T15:45:00+09:00,J5,325,295,620
2018-09-02T16:00:00+09:00,J1,532,681,1213
2018-09-02T16:00:00+09:00,J2,456,468,924
2018-09-02T16:00:00+09:00,J3,350,439,789
2018-09-02T16:00:00+09:00,J4,424,403,827
2018-09-02T16:00:00+09:00,J5,266,313,579
2018-09-02T16:15:00+09:00,J1,561,695,1256
2018-09-02T16:15:00+09:00,J2,442,431,873
2018-09-02T16:15:00+09:00,J3,421,427,848
2018-09-02T16:15:00+09:00,J4,453,421,874
2018-09-02T16:15:00+09:00,J5,297,298,595
2018-09-02T16:30:00+09:00,J1,538,657,1195
2018-09-02T16:30:00+09:00,J2,378,435,813
2018-09-02T16:30:00+09:00,J3,418,437,855
2018-09-02T16:30:00+09:00,J4,475,389,864
2018-09-02T16:30:00+09:00,J5,266,239,505
2018-09-02T16:45:00+09:00,J1,591,590,1181
2018-09-02T16:45:00+09:00,J2,386,394,780
2018-09-02T16:45:00+09:00,J3,365,363,728
2018-09-02T16:45:00+09:00,J4,395,359,754
2018-09-02T16:45:00+09:00,J5,261,276,537
2018-09-02T17:00:00+09:00,J1,506,626,1132
2018-09-02T17:00:00+09:00,J2,407,402,809
2018-09-02T17:00:00+09:00,J3,425,377,802
2018-09-02T17:00:00+09:00,J4,469,374,843
2018-09-02T17:00:00+09:00,J5,290,302,592
2018-09-02T17:15:00+09:00,J1,501,595,1096
2018-09-02T17:15:00+09:00,J2,479,411,890
2018-09-02T17:15:00+09:00,J3,393,398,791
2018-09-02T17:15:00+09:00,J4,572,427,999
2018-09-02T17:15:00+09:00,J5,242,188,430
2018-09-02T17:30:00+09:00,J1,534,619,1153
2018-09-02T17:30:00+09:00,J2,452,451,903
2018-09-02T17:30:00+09:00,J3,342,443,785
2018-09-02T17:30:00+09:00,J4,529,424,953
2018-09-02T17:30:00+09:00,J5,262,265,527
2018-09-02T17:45:00+09:00,J1,551,551,1102
2018-09-02T17:45:00+09:00,J2,511,440,951
2018-09-02T17:45:00+09:00,J3,388,394,782
2018-09-02T17:45:00+09:00,J4,440,322,762
2018-09-02T17:45:00+09:00,J5,256,256,512
2018-09-02T18:00:00+09:00,J1,495,492,987
2018-09-02T18:00:00+09:00,J2,542,472,1014
2018-09-02T18:00:00+09:00,J3,412,371,783
2018-09-02T18:00:00+09:00,J4,384,322,706
2018-09-02T18:00:00+09:00,J5,244,304,548
2018-09-02T18:15:00+09:00,J1,499,562,1061
2018-09-02T18:15:00+09:00,J2,512,425,937
2018-09-02T18:15:00+09:00,J3,424,374,798
2018-09-02T18:15:00+09:00,J4,385,319,704
2018-09-02T18:15:00+09:00,J5,288,319,607
2018-09-02T18:30:00+09:00,J1,564,550,1114
2018-09-02T18:30:00+09:00,J2,559,444,1003
2018-09-02T18:30:00+09:00,J3,321,370,691
2018-09-02T18:30:00+09:00,J4,413,402,815
2018-09-02T18:30:00+09:00,J5,242,189,431
2018-09-02T18:45:00+09:00,J1,553,555,1108
2018-09-02T18:45:00+09:00,J2,464,418,882
2018-09-02T18:45:00+09:00,J3,385,351,736
2018-09-02T18:45:00+09:00,J4,539,495,1034
2018-09-02T18:45:00+09:00,J5,245,224,469
2018-09-02T19:00:00+09:00,J1,491,555,1046
2018-09-02T19:00:00+09:00,J2,400,395,795
2018-09-02T19:00:00+09:00,J3,378,378,756
2018-09-02T19:00:00+09:00,J4,437,443,880
2018-09-02T19:00:00+09:00,J5,260,227,487
2018-09-02T19:15:00+09:00,J1,469,500,969
2018-09-02T19:15:00+09:00,J2,350,404,754
2018-09-02T19:15:00+09:00,J3,378,381,759
2018-09-02T19:15:00+09:00,J4,636,589,1225
2018-09-02T19:15:00+09:00,J5,295,292,587
2018-09-02T19:30:00+09:00,J1,432,502,934
2018-09-02T19:30:00+09:00,J2,287,364,651
2018-09-02T19:30:00+09:00,J3,373,343,716
2018-09-02T19:30:00+09:00,J4,610,553,1163
2018-09-02T19:30:00+09:00,J5,294,227,521
2018-09-02T19:45:00+09:00,J1,455,527,982
2018-09-02T19:45:00+09:00,J2,316,385,701
2018-09-02T19:45:00+09:00,J3,403,423,826
2018-09-02T19:45:00+09:00,J4,578,547,1125
2018-09-02T19:45:00+09:00,J5,256,254,510
2018-09-02T20:00:00+09:00,J1,444,525,969
2018-09-02T20:00:00+09:00,J2,266,381,647
2018-09-02T20:00:00+09:00,J3,409,419,828
2018-09-02T20:00:00+09:00,J4,559,521,1080
2018-09-02T20:00:00+09:00,J5,289,268,557
2018-09-02T20:15:00+09:00,J1,378,500,878
2018-09-02T20:15:00+09:00,J2,319,322,641
2018-09-02T20:15:00+09:00,J3,396,395,791
2018-09-02T20:15:00+09:00,J4,598,589,1187
2018-09-02T20:15:00+09:00,J5,240,239,479
2018-09-02T20:30:00+09:00,J1,435,449,884
2018-09-02T20:30:00+09:00,J2,389,321,710
2018-09-02T20:30:00+09:00,J3,417,399,816
2018-09-02T20:30:00+09:00,J4,601,603,1204
2018-09-02T20:30:00+09:00,J5,240,216,456
2018-09-02T20:45:00+09:00,J1,418,413,831
2018-09-02T20:45:00+09:00,J2,376,260,636
2018-09-02T20:45:00+09:00,J3,510,432,942
2018-09-02T20:45:00+09:00,J4,636,663,1299
2018-09-02T20:45:00+09:00,J5,194,200,394
2018-09-02T21:00:00+09:00,J1,397,449,846
2018-09-02T21:00:00+09:00,J2,341,298,639
2018-09-02T21:00:00+09:00,J3,510,419,929
2018-09-02T21:00:00+09:00,J4,609,644,1253
2018-09-02T21:00:00+09:00,J5,203,181,384
2018-09-02T21:15:00+09:00,J1,355,424,779
2018-09-02T21:15:00+09:00,J2,304,254,558
2018-09-02T21:15:00+09:00,J3,516,466,982
2018-09-02T21:15:00+09:00,J4,724,686,1410
2018-09-02T21:15:00+09:00,J5,354,335,689
2018-09-02T21:30:00+09:00,J1,363,370,733
2018-09-02T21:30:00+09:00,J2,282,239,521
2018-09-02T21:30:00+09:00,J3,494,413,907
2018-09-02T21:30:00+09:00,J4,665,584,1249
2018-09-02T21:30:00+09:00,J5,355,320,675
2018-09-02T21:45:00+09:00,J1,385,411,796
2018-09-02T21:45:00+09:00,J2,267,277,544
2018-09-02T21:45:00+09:00,J3,478,408,886
2018-09-02T21:45:00+09:00,J4,672,606,1278
2018-09-02T21:45:00+09:00,J5,349,283,632
2018-09-02T22:00:00+09:00,J1,383,450,833
2018-09-02T22:00:00+09:00,J2,244,255,499
2018-09-02T22:00:00+09:00,J3,543,400,943
2018-09-02T22:00:00+09:00,J4,662,648,1310
2018-09-02T22:00:00+09:00,J5,414,386,800
2018-09-02T22:15:00+09:00,J1,353,389,742
2018-09-02T22:15:00+09:00,J2,212,278,490
2018-09-02T22:15:00+09:00,J3,489,450,939
2018-09-02T22:15:00+09:00,J4,661,646,1307
2018-09-02T22:15:00+09:00,J5,460,560,1020
2018-09-02T22:30:00+09:00,J1,327,394,721
2018-09-02T22:30:00+09:00,J2,256,311,567
2018-09-02T22:30:00+09:00,J3,523,431,954
2018-09-02T22:30:00+09:00,J4,830,858,1688
2018-09-02T22:30:00+09:00,J5,345,294,639
2018-09-02T22:45:00+09:00,J1,381,396,777
2018-09-02T22:45:00+09:00,J2,287,301,588
2018-09-02T22:45:00+09:00,J3,514,460,974
2018-09-02T22:45:00+09:00,J4,801,804,1605
2018-09-02T22:45:00+09:00,J5,212,115,327
2018-09-02T23:00:00+09:00,J1,359,405,764
2018-09-02T23:00:00+09:00,J2,247,262,509
2018-09-02T23:00:00+09:00,J3,466,381,847
2018-09-02T23:00:00+09:00,J4,717,748,1465
2018-09-02T23:00:00+09:00,J5,189,118,307
2018-09-02T23:15:00+09:00,J1,419,451,870
2018-09-02T23:15:00+09:00,J2,269,300,569
2018-09-02T23:15:00+09:00,J3,452,448,900
2018-09-02T23:15:00+09:00,J4,683,657,1340
2018-09-02T23:15:00+09:00,J5,189,128,317
2018-09-02T23:30:00+09:00,J1,414,417,831
2018-09-02T23:30:00+09:00,J2,241,264,505
2018-09-02T23:30:00+09:00,J3,407,374,781
2018-09-02T23:30:00+09:00,J4,607,641,1248
2018-09-02T23:30:00+09:00,J5,182,165,347
2018-09-02T23:45:00+09:00,J1,336,318,654
2018-09-02T23:45:00+09:00,J2,241,305,546
2018-09-02T23:45:00+09:00,J3,445,394,839
2018-09-02T23:45:00+09:00,J4,676,663,1339
2018-09-02T23:45:00+09:00,J5,168,94,262
2018-09-03T00:00:00+09:00,J1,337,339,676
2018-09-03T00:00:00+09:00,J2,220,253,473
2018-09-03T00:00:00+09:00,J3,449,355,804
2018-09-03T00:00:00+09:00,J4,661,682,1343
2018-09-03T00:00:00+09:00,J5,151,90,241
2018-09-03T00:15:00+09:00,J1,268,303,571
2018-09-03T00:15:00+09:00,J2,199,224,423
2018-09-03T00:15:00+09:00,J3,404,427,831
2018-09-03T00:15:00+09:00,J4,368,369,737
2018-09-03T00:15:00+09:00,J5,224,205,429
2018-09-03T00:30:00+09:00,J1,273,298,571
2018-09-03T00:30:00+09:00,J2,297,262,559
2018-09-03T00:30:00+09:00,J3,508,481,989
2018-09-03T00:30:00+09:00,J4,273,230,503
2018-09-03T00:30:00+09:00,J5,231,230,461
2018-09-03T00:45:00+09:00,J1,318,281,599
2018-09-03T00:45:00+09:00,J2,333,310,643
2018-09-03T00:45:00+09:00,J3,510,434,944
2018-09-03T00:45:00+09:00,J4,342,328,670
2018-09-03T00:45:00+09:00,J5,183,192,375
2018-09-03T05:45:00+09:00,J1,303,277,580
2018-09-03T05:45:00+09:00,J2,378,416,794
2018-09-03T05:45:00+09:00,J3,519,412,931
2018-09-03T05:45:00+09:00,J4,422,497,919
2018-09-03T05:45:00+09:00,J5,204,246,450
2018-09-03T06:00:00+09:00,J1,275,254,529
2018-09-03T06:00:00+09:00,J2,363,338,701
2018-09-03T06:00:00+09:00,J3,325,356,681
2018-09-03T06:00:00+09:00,J4,548,564,1112
2018-09-03T06:00:00+09:00,J5,336,349,685
2018-09-03T06:15:00+09:00,J1,328,246,574
2018-09-03T06:15:00+09:00,J2,380,434,814
2018-09-03T06:15:00+09:00,J3,340,328,668
2018-09-03T06:15:00+09:00,J4,586,652,1238
2018-09-03T06:15:00+09:00,J5,297,257,554
2018-09-03T06:30:00+09:00,J1,348,250,598
2018-09-03T06:30:00+09:00,J2,378,369,747
2018-09-03T06:30:00+09:00,J3,279,268,547
2018-09-03T06:30:00+09:00,J4,508,622,1130
2018-09-03T06:30:00+09:00,J5,316,278,594
2018-09-03T06:45:00+09:00,J1,370,333,703
2018-09-03T06:45:00+09:00,J2,289,254,543
2018-09-03T06:45:00+09:00,J3,303,205,508
2018-09-03T06:45:00+09:00,J4,549,553,1102
2018-09-03T06:45:00+09:00,J5,261,280,541
2018-09-03T07:00:00+09:00,J1,367,320,687
2018-09-03T07:00:00+09:00,J2,294,300,594
2018-09-03T07:00:00+09:00,J3,348,292,640
2018-09-03T07:00:00+09:00,J4,650,648,1298
2018-09-03T07:00:00+09:00,J5,210,193,403
2018-09-03T07:15:00+09:00,J1,420,365,785
2018-09-03T07:15:00+09:00,J2,328,279,607
2018-09-03T07:15:00+09:00,J3,381,377,758
2018-09-03T07:15:00+09:00,J4,682,758,1440
2018-09-03T07:15:00+09:00,J5,220,205,425
2018-09-03T07:30:00+09:00,J1,500,412,912
2018-09-03T07:30:00+09:00,J2,365,269,634
2018-09-03T07:30:00+09:00,J3,666,635,1301
2018-09-03T07:30:00+09:00,J4,620,830,1450
2018-09-03T07:30:00+09:00,J5,208,232,440
2018-09-03T07:45:00+09:00,J1,676,457,1133
2018-09-03T07:45:00+09:00,J2,536,368,904
2018-09-03T07:45:00+09:00,J3,554,716,1270
2018-09-03T07:45:00+09:00,J4,660,942,1602
2018-09-03T07:45:00+09:00,J5,244,286,530
2018-09-03T08:00:00+09:00,J1,847,541,1388
2018-09-03T08:00:00+09:00,J2,698,538,1236
2018-09-03T08:00:00+09:00,J3,641,781,1422
2018-09-03T08:00:00+09:00,J4,691,980,1671
2018-09-03T08:00:00+09:00,J5,312,363,675
2018-09-03T08:15:00+09:00,J1,1019,614,1633
2018-09-03T08:15:00+09:00,J2,742,470,1212
2018-09-03T08:15:00+09:00,J3,672,901,1573
2018-09-03T08:15:00+09:00,J4,597,970,1567
2018-09-03T08:15:00+09:00,J5,353,431,784
2018-09-03T08:30:00+09:00,J1,1018,617,1635
2018-09-03T08:30:00+09:00,J2,696,446,1142
2018-09-03T08:30:00+09:00,J3,591,989,1580
2018-09-03T08:30:00+09:00,J4,599,1013,1612
2018-09-03T08:30:00+09:00,J5,413,484,897
2018-09-03T08:45:00+09:00,J1,710,451,1161
2018-09-03T08:45:00+09:00,J2,538,344,882
2018-09-03T08:45:00+09:00,J3,464,694,1158
2018-09-03T08:45:00+09:00,J4,432,729,1161
2018-09-03T08:45:00+09:00,J5,378,423,801
2018-09-03T09:00:00+09:00,J1,596,420,1016
2018-09-03T09:00:00+09:00,J2,488,356,844
2018-09-03T09:00:00+09:00,J3,431,551,982
2018-09-03T09:00:00+09:00,J4,426,558,984
2018-09-03T09:00:00+09:00,J5,327,374,701
2018-09-03T09:15:00+09:00,J1,424,298,722
2018-09-03T09:15:00+09:00,J2,390,315,705
2018-09-03T09:15:00+09:00,J3,313,374,687
2018-09-03T09:15:00+09:00,J4,290,416,706
2018-09-03T09:15:00+09:00,J5,281,257,538
2018-09-03T09:30:00+09:00,J1,652,503,1155
2018-09-03T09:30:00+09:00,J2,620,491,1111
2018-09-03T09:30:00+09:00,J3,439,543,982
2018-09-03T09:30:00+09:00,J4,434,579,1013
2018-09-03T09:30:00+09:00,J5,343,414,757
2018-09-03T09:45:00+09:00,J1,495,428,923
2018-09-03T09:45:00+09:00,J2,421,413,834
2018-09-03T09:45:00+09:00,J3,352,411,763
2018-09-03T09:45:00+09:00,J4,283,365,648
2018-09-03T09:45:00+09:00,J5,247,308,555
2018-09-03T10:00:00+09:00,J1,503,440,943
2018-09-03T10:00:00+09:00,J2,367,370,737
2018-09-03T10:00:00+09:00,J3,329,352,681
2018-09-03T10:00:00+09:00,J4,284,372,656
2018-09-03T10:00:00+09:00,J5,221,280,501
2018-09-03T10:15:00+09:00,J1,524,464,988
2018-09-03T10:15:00+09:00,J2,451,375,826
2018-09-03T10:15:00+09:00,J3,380,405,785
2018-09-03T10:15:00+09:00,J4,401,491,892
2018-09-03T10:15:00+09:00,J5,272,315,587
2018-09-03T10:30:00+09:00,J1,543,517,1060
2018-09-03T10:30:00+09:00,J2,431,412,843
2018-09-03T10:30:00+09:00,J3,365,393,758
2018-09-03T10:30:00+09:00,J4,387,444,831
2018-09-03T10:30:00+09:00,J5,303,341,644
2018-09-03T10:45:00+09:00,J1,461,413,874
2018-09-03T10:45:00+09:00,J2,451,368,819
2018-09-03T10:45:00+09:00,J3,363,376,739
2018-09-03T10:45:00+09:00,J4,383,386,769
2018-09-03T10:45:00+09:00,J5,315,349,664
2018-09-03T11:00:00+09:00,J1,483,568,1051
2018-09-03T11:00:00+09:00,J2,449,401,850
2018-09-03T11:00:00+09:00,J3,364,374,738
2018-09-03T11:00:00+09:00,J4,386,485,871
2018-09-03T11:00:00+09:00,J5,307,371,678
2018-09-03T11:15:00+09:00,J1,569,606,1175
2018-09-03T11:15:00+09:00,J2,411,387,798
2018-09-03T11:15:00+09:00,J3,401,415,816
2018-09-03T11:15:00+09:00,J4,350,418,768
2018-09-03T11:15:00+09:00,J5,302,353,655
2018-09-03T11:30:00+09:00,J1,584,653,1237
2018-09-03T11:30:00+09:00,J2,431,405,836
2018-09-03T11:30:00+09:00,J3,418,448,866
2018-09-03T11:30:00+09:00,J4,396,463,859
2018-09-03T11:30:00+09:00,J5,323,359,682
2018-09-03T11:45:00+09:00,J1,560,603,1163
2018-09-03T11:45:00+09:00,J2,425,375,800
2018-09-03T11:45:00+09:00,J3,416,429,845
2018-09-03T11:45:00+09:00,J4,367,424,791
2018-09-03T11:45:00+09:00,J5,299,380,679
2018-09-03T12:00:00+09:00,J1,645,711,1356
2018-09-03T12:00:00+09:00,J2,443,396,839
2018-09-03T12:00:00+09:00,J3,442,448,890
2018-09-03T12:00:00+09:00,J4,427,396,823
2018-09-03T12:00:00+09:00,J5,291,352,643
2018-09-03T12:15:00+09:00,J1,575,607,1182
2018-09-03T12:15:00+09:00,J2,364,376,740
2018-09-03T12:15:00+09:00,J3,421,461,882
2018-09-03T12:15:00+09:00,J4,392,388,780
2018-09-03T12:15:00+09:00,J5,299,368,667
2018-09-03T12:30:00+09:00,J1,555,648,1203
2018-09-03T12:30:00+09:00,J2,346,342,688
2018-09-03T12:30:00+09:00,J3,450,492,942
2018-09-03T12:30:00+09:00,J4,444,476,920
2018-09-03T12:30:00+09:00,J5,354,400,754
2018-09-03T12:45:00+09:00,J1,572,673,1245
2018-09-03T12:45:00+09:00,J2,372,418,790
2018-09-03T12:45:00+09:00,J3,402,499,901
2018-09-03T12:45:00+09:00,J4,404,484,888
2018-09-03T12:45:00+09:00,J5,332,403,735
2018-09-03T13:00:00+09:00,J1,559,642,1201
2018-09-03T13:00:00+09:00,J2,365,380,745
2018-09-03T13:00:00+09:00,J3,435,385,820
2018-09-03T13:00:00+09:00,J4,459,401,860
2018-09-03T13:00:00+09:00,J5,303,350,653
2018-09-03T13:15:00+09:00,J1,522,648,1170
2018-09-03T13:15:00+09:00,J2,400,431,831
2018-09-03T13:15:00+09:00,J3,526,488,1014
2018-09-03T13:15:00+09:00,J4,624,508,1132
2018-09-03T13:15:00+09:00,J5,293,407,700
2018-09-03T13:30:00+09:00,J1,604,731,1335
2018-09-03T13:30:00+09:00,J2,443,497,940
2018-09-03T13:30:00+09:00,J3,558,550,1108
2018-09-03T13:30:00+09:00,J4,612,649,1261
2018-09-03T13:30:00+09:00,J5,345,388,733
2018-09-03T13:45:00+09:00,J1,570,756,1326
2018-09-03T13:45:00+09:00,J2,402,429,831
2018-09-03T13:45:00+09:00,J3,516,466,982
2018-09-03T13:45:00+09:00,J4,644,514,1158
2018-09-03T13:45:00+09:00,J5,348,405,753
2018-09-03T14:00:00+09:00,J1,553,698,1251
2018-09-03T14:00:00+09:00,J2,397,429,826
2018-09-03T14:00:00+09:00,J3,493,445,938
2018-09-03T14:00:00+09:00,J4,626,581,1207
2018-09-03T14:00:00+09:00,J5,316,399,715
2018-09-03T14:15:00+09:00,J1,478,644,1122
2018-09-03T14:15:00+09:00,J2,370,408,778
2018-09-03T14:15:00+09:00,J3,472,403,875
2018-09-03T14:15:00+09:00,J4,577,534,1111
2018-09-03T14:15:00+09:00,J5,328,377,705
2018-09-03T14:30:00+09:00,J1,498,572,1070
2018-09-03T14:30:00+09:00,J2,392,421,813
2018-09-03T14:30:00+09:00,J3,411,397,808
2018-09-03T14:30:00+09:00,J4,501,492,993
2018-09-03T14:30:00+09:00,J5,334,359,693
2018-09-03T14:45:00+09:00,J1,508,615,1123
2018-09-03T14:45:00+09:00,J2,352,426,778
2018-09-03T14:45:00+09:00,J3,402,419,821
2018-09-03T14:45:00+09:00,J4,450,449,899
2018-09-03T14:45:00+09:00,J5,339,383,722
2018-09-03T15:00:00+09:00,J1,565,659,1224
2018-09-03T15:00:00+09:00,J2,360,420,780
2018-09-03T15:00:00+09:00,J3,400,415,815
2018-09-03T15:00:00+09:00,J4,541,508,1049
2018-09-03T15:00:00+09:00,J5,381,378,759
2018-09-03T15:15:00+09:00,J1,507,642,1149
2018-09-03T15:15:00+09:00,J2,403,380,783
2018-09-03T15:15:00+09:00,J3,414,451,865
2018-09-03T15:15:00+09:00,J4,670,645,1315
2018-09-03T15:15:00+09:00,J5,320,335,655
2018-09-03T15:30:00+09:00,J1,461,616,1077
2018-09-03T15:30:00+09:00,J2,316,330,646
2018-09-03T15:30:00+09:00,J3,403,411,814
2018-09-03T15:30:00+09:00,J4,666,662,1328
2018-09-03T15:30:00+09:00,J5,353,418,771
2018-09-03T15:45:00+09:00,J1,494,642,1136
2018-09-03T15:45:00+09:00,J2,389,375,764
2018-09-03T15:45:00+09:00,J3,461,419,880
2018-09-03T15:45:00+09:00,J4,594,568,1162
2018-09-03T15:45:00+09:00,J5,379,346,725
2018-09-03T16:00:00+09:00,J1,566,644,1210
2018-09-03T16:00:00+09:00,J2,398,362,760
2018-09-03T16:00:00+09:00,J3,499,351,850
2018-09-03T16:00:00+09:00,J4,611,638,1249
2018-09-03T16:00:00+09:00,J5,352,322,674
2018-09-03T16:15:00+09:00,J1,527,718,1245
2018-09-03T16:15:00+09:00,J2,401,442,843
2018-09-03T16:15:00+09:00,J3,490,430,920
2018-09-03T16:15:00+09:00,J4,647,597,1244
2018-09-03T16:15:00+09:00,J5,387,398,785
2018-09-03T16:30:00+09:00,J1,614,609,1223
2018-09-03T16:30:00+09:00,J2,368,407,775
2018-09-03T16:30:00+09:00,J3,438,454,892
2018-09-03T16:30:00+09:00,J4,609,579,1188
2018-09-03T16:30:00+09:00,J5,339,460,799
2018-09-03T16:45:00+09:00,J1,565,677,1242
2018-09-03T16:45:00+09:00,J2,387,411,798
2018-09-03T16:45:00+09:00,J3,468,432,900
2018-09-03T16:45:00+09:00,J4,611,530,1141
2018-09-03T16:45:00+09:00,J5,368,437,805
2018-09-03T17:00:00+09:00,J1,630,766,1396
2018-09-03T17:00:00+09:00,J2,386,464,850
2018-09-03T17:00:00+09:00,J3,616,410,1026
2018-09-03T17:00:00+09:00,J4,694,614,1308
2018-09-03T17:00:00+09:00,J5,387,470,857
2018-09-03T17:15:00+09:00,J1,682,812,1494
2018-09-03T17:15:00+09:00,J2,464,456,920
2018-09-03T17:15:00+09:00,J3,741,498,1239
2018-09-03T17:15:00+09:00,J4,859,758,1617
2018-09-03T17:15:00+09:00,J5,369,529,898
2018-09-03T17:30:00+09:00,J1,741,890,1631
2018-09-03T17:30:00+09:00,J2,508,544,1052
2018-09-03T17:30:00+09:00,J3,764,551,1315
2018-09-03T17:30:00+09:00,J4,854,810,1664
2018-09-03T17:30:00+09:00,J5,406,570,976
2018-09-03T17:45:00+09:00,J1,798,924,1722
2018-09-03T17:45:00+09:00,J2,482,562,1044
2018-09-03T17:45:00+09:00,J3,829,506,1335
2018-09-03T17:45:00+09:00,J4,897,725,1622
2018-09-03T17:45:00+09:00,J5,416,554,970
2018-09-03T18:00:00+09:00,J1,766,989,1755
2018-09-03T18:00:00+09:00,J2,476,531,1007
2018-09-03T18:00:00+09:00,J3,826,425,1251
2018-09-03T18:00:00+09:00,J4,1002,679,1681
2018-09-03T18:00:00+09:00,J5,454,547,1001
2018-09-03T18:15:00+09:00,J1,717,919,1636
2018-09-03T18:15:00+09:00,J2,499,550,1049
2018-09-03T18:15:00+09:00,J3,786,463,1249
2018-09-03T18:15:00+09:00,J4,946,670,1616
2018-09-03T18:15:00+09:00,J5,409,536,945
2018-09-03T18:30:00+09:00,J1,575,815,1390
2018-09-03T18:30:00+09:00,J2,478,553,1031
2018-09-03T18:30:00+09:00,J3,673,411,1084
2018-09-03T18:30:00+09:00,J4,840,660,1500
2018-09-03T18:30:00+09:00,J5,402,458,860
2018-09-03T18:45:00+09:00,J1,550,719,1269
2018-09-03T18:45:00+09:00,J2,470,510,980
2018-09-03T18:45:00+09:00,J3,685,390,1075
2018-09-03T18:45:00+09:00,J4,831,615,1446
2018-09-03T18:45:00+09:00,J5,391,422,813
2018-09-03T19:00:00+09:00,J1,538,692,1230
2018-09-03T19:00:00+09:00,J2,398,477,875
2018-09-03T19:00:00+09:00,J3,605,436,1041
2018-09-03T19:00:00+09:00,J4,754,620,1374
2018-09-03T19:00:00+09:00,J5,393,489,882
2018-09-03T19:15:00+09:00,J1,500,758,1258
2018-09-03T19:15:00+09:00,J2,393,480,873
2018-09-03T19:15:00+09:00,J3,573,446,1019
2018-09-03T19:15:00+09:00,J4,771,599,1370
2018-09-03T19:15:00+09:00,J5,367,529,896
2018-09-03T19:30:00+09:00,J1,476,712,1188
2018-09-03T19:30:00+09:00,J2,359,501,860
2018-09-03T19:30:00+09:00,J3,599,452,1051
2018-09-03T19:30:00+09:00,J4,825,656,1481
2018-09-03T19:30:00+09:00,J5,434,511,945
2018-09-03T19:45:00+09:00,J1,471,584,1055
2018-09-03T19:45:00+09:00,J2,320,383,703
2018-09-03T19:45:00+09:00,J3,528,339,867
2018-09-03T19:45:00+09:00,J4,691,569,1260
2018-09-03T19:45:00+09:00,J5,332,466,798
2018-09-03T20:00:00+09:00,J1,505,596,1101
2018-09-03T20:00:00+09:00,J2,371,386,757
2018-09-03T20:00:00+09:00,J3,485,357,842
2018-09-03T20:00:00+09:00,J4,736,679,1415
2018-09-03T20:00:00+09:00,J5,318,422,740
2018-09-03T20:15:00+09:00,J1,493,602,1095
2018-09-03T20:15:00+09:00,J2,410,490,900
2018-09-03T20:15:00+09:00,J3,498,351,849
2018-09-03T20:15:00+09:00,J4,713,668,1381
2018-09-03T20:15:00+09:00,J5,339,437,776
2018-09-03T20:30:00+09:00,J1,465,539,1004
2018-09-03T20:30:00+09:00,J2,317,385,702
2018-09-03T20:30:00+09:00,J3,467,311,778
2018-09-03T20:30:00+09:00,J4,740,662,1402
2018-09-03T20:30:00+09:00,J5,359,419,778
2018-09-03T20:45:00+09:00,J1,471,600,1071
2018-09-03T20:45:00+09:00,J2,339,382,721
2018-09-03T20:45:00+09:00,J3,443,362,805
2018-09-03T20:45:00+09:00,J4,658,648,1306
2018-09-03T20:45:00+09:00,J5,363,442,805
2018-09-03T21:00:00+09:00,J1,438,514,952
2018-09-03T21:00:00+09:00,J2,326,393,719
2018-09-03T21:00:00+09:00,J3,412,320,732
2018-09-03T21:00:00+09:00,J4,676,546,1222
2018-09-03T21:00:00+09:00,J5,313,380,693
2018-09-03T21:15:00+09:00,J1,416,521,937
2018-09-03T21:15:00+09:00,J2,418,378,796
2018-09-03T21:15:00+09:00,J3,301,304,605
2018-09-03T21:15:00+09:00,J4,727,593,1320
2018-09-03T21:15:00+09:00,J5,316,368,684
2018-09-03T21:30:00+09:00,J1,386,470,856
2018-09-03T21:30:00+09:00,J2,372,328,700
2018-09-03T21:30:00+09:00,J3,339,299,638
2018-09-03T21:30:00+09:00,J4,579,559,1138
2018-09-03T21:30:00+09:00,J5,340,411,751
2018-09-03T21:45:00+09:00,J1,381,411,792
2018-09-03T21:45:00+09:00,J2,298,350,648
2018-09-03T21:45:00+09:00,J3,312,297,609
2018-09-03T21:45:00+09:00,J4,528,470,998
2018-09-03T21:45:00+09:00,J5,306,317,623
2018-09-03T22:00:00+09:00,J1,362,402,764
2018-09-03T22:00:00+09:00,J2,311,366,677
2018-09-03T22:00:00+09:00,J3,365,365,730
2018-09-03T22:00:00+09:00,J4,575,543,1118
2018-09-03T22:00:00+09:00,J5,299,290,589
2018-09-03T22:15:00+09:00,J1,318,356,674
2018-09-03T22:15:00+09:00,J2,341,238,579
2018-09-03T22:15:00+09:00,J3,468,405,873
2018-09-03T22:15:00+09:00,J4,614,576,1190
2018-09-03T22:15:00+09:00,J5,271,253,524
2018-09-03T22:30:00+09:00,J1,282,368,650
2018-09-03T22:30:00+09:00,J2,291,285,576
2018-09-03T22:30:00+09:00,J3,399,431,830
2018-09-03T22:30:00+09:00,J4,539,426,965
2018-09-03T22:30:00+09:00,J5,258,283,541
2018-09-03T22:45:00+09:00,J1,268,359,627
2018-09-03T22:45:00+09:00,J2,300,218,518
2018-09-03T22:45:00+09:00,J3,516,431,947
2018-09-03T22:45:00+09:00,J4,661,611,1272
2018-09-03T22:45:00+09:00,J5,254,260,514
2018-09-03T23:00:00+09:00,J1,239,289,528
2018-09-03T23:00:00+09:00,J2,273,281,554
2018-09-03T23:00:00+09:00,J3,447,403,850
2018-09-03T23:00:00+09:00,J4,743,745,1488
2018-09-03T23:00:00+09:00,J5,205,212,417
2018-09-03T23:15:00+09:00,J1,244,349,593
2018-09-03T23:15:00+09:00,J2,304,305,609
2018-09-03T23:15:00+09:00,J3,557,458,1015
2018-09-03T23:15:00+09:00,J4,722,765,1487
2018-09-03T23:15:00+09:00,J5,160,202,362
2018-09-03T23:30:00+09:00,J1,198,287,485
2018-09-03T23:30:00+09:00,J2,274,277,551
2018-09-03T23:30:00+09:00,J3,508,444,952
2018-09-03T23:30:00+09:00,J4,634,612,1246
2018-09-03T23:30:00+09:00,J5,148,195,343
2018-09-03T23:45:00+09:00,J1,192,213,405
2018-09-03T23:45:00+09:00,J2,241,183,424
2018-09-03T23:45:00+09:00,J3,552,414,966
2018-09-03T23:45:00+09:00,J4,614,615,1229
2018-09-03T23:45:00+09:00,J5,172,203,375
2018-09-04T00:00:00+09:00,J1,222,216,438
2018-09-04T00:00:00+09:00,J2,254,221,475
2018-09-04T00:00:00+09:00,J3,478,385,863
2018-09-04T00:00:00+09:00,J4,560,503,1063
2018-09-04T00:00:00+09:00,J5,166,206,372
2018-09-04T00:15:00+09:00,J1,163,231,394
2018-09-04T00:15:00+09:00,J2,207,178,385
2018-09-04T00:15:00+09:00,J3,377,265,642
2018-09-04T00:15:00+09:00,J4,313,304,617
2018-09-04T00:15:00+09:00,J5,161,150,311
2018-09-04T00:30:00+09:00,J1,130,176,306
2018-09-04T00:30:00+09:00,J2,218,215,433
2018-09-04T00:30:00+09:00,J3,294,230,524
2018-09-04T00:30:00+09:00,J4,417,394,811
2018-09-04T00:30:00+09:00,J5,129,76,205
2018-09-04T00:45:00+09:00,J1,137,152,289
2018-09-04T00:45:00+09:00,J2,180,216,396
2018-09-04T00:45:00+09:00,J3,267,203,470
2018-09-04T00:45:00+09:00,J4,553,521,1074
2018-09-04T00:45:00+09:00,J5,88,79,167
2018-09-04T05:45:00+09:00,J1,278,235,513
2018-09-04T05:45:00+09:00,J2,188,228,416
2018-09-04T05:45:00+09:00,J3,269,204,473
2018-09-04T05:45:00+09:00,J4,564,696,1260
2018-09-04T05:45:00+09:00,J5,307,240,547
2018-09-04T06:00:00+09:00,J1,269,279,548
2018-09-04T06:00:00+09:00,J2,339,205,544
2018-09-04T06:00:00+09:00,J3,345,232,577
2018-09-04T06:00:00+09:00,J4,535,694,1229
2018-09-04T06:00:00+09:00,J5,180,147,327
2018-09-04T06:15:00+09:00,J1,312,339,651
2018-09-04T06:15:00+09:00,J2,253,218,471
2018-09-04T06:15:00+09:00,J3,443,310,753
2018-09-04T06:15:00+09:00,J4,540,597,1137
2018-09-04T06:15:00+09:00,J5,146,116,262
2018-09-04T06:30:00+09:00,J1,306,322,628
2018-09-04T06:30:00+09:00,J2,308,232,540
2018-09-04T06:30:00+09:00,J3,450,305,755
2018-09-04T06:30:00+09:00,J4,559,504,1063
2018-09-04T06:30:00+09:00,J5,180,119,299
2018-09-04T06:45:00+09:00,J1,321,314,635
2018-09-04T06:45:00+09:00,J2,348,326,674
2018-09-04T06:45:00+09:00,J3,531,401,932
2018-09-04T06:45:00+09:00,J4,493,507,1000
2018-09-04T06:45:00+09:00,J5,156,115,271
2018-09-04T07:00:00+09:00,J1,337,379,716
2018-09-04T07:00:00+09:00,J2,369,322,691
2018-09-04T07:00:00+09:00,J3,560,413,973
2018-09-04T07:00:00+09:00,J4,454,464,918
2018-09-04T07:00:00+09:00,J5,183,126,309
2018-09-04T07:15:00+09:00,J1,400,332,732
2018-09-04T07:15:00+09:00,J2,395,372,767
2018-09-04T07:15:00+09:00,J3,540,433,973
2018-09-04T07:15:00+09:00,J4,481,510,991
2018-09-04T07:15:00+09:00,J5,163,151,314
2018-09-04T07:30:00+09:00,J1,446,324,770
2018-09-04T07:30:00+09:00,J2,404,350,754
2018-09-04T07:30:00+09:00,J3,491,512,1003
2018-09-04T07:30:00+09:00,J4,360,564,924
2018-09-04T07:30:00+09:00,J5,218,232,450
2018-09-04T07:45:00+09:00,J1,595,379,974
2018-09-04T07:45:00+09:00,J2,527,412,939
2018-09-04T07:45:00+09:00,J3,408,496,904
2018-09-04T07:45:00+09:00,J4,342,603,945
2018-09-04T07:45:00+09:00,J5,244,291,535
2018-09-04T08:00:00+09:00,J1,830,574,1404
2018-09-04T08:00:00+09:00,J2,616,431,1047
2018-09-04T08:00:00+09:00,J3,500,668,1168
2018-09-04T08:00:00+09:00,J4,394,845,1239
2018-09-04T08:00:00+09:00,J5,324,368,692
2018-09-04T08:15:00+09:00,J1,1158,652,1810
2018-09-04T08:15:00+09:00,J2,720,404,1124
2018-09-04T08:15:00+09:00,J3,522,803,1325
2018-09-04T08:15:00+09:00,J4,628,1095,1723
2018-09-04T08:15:00+09:00,J5,394,337,731
2018-09-04T08:30:00+09:00,J1,1193,652,1845
2018-09-04T08:30:00+09:00,J2,672,425,1097
2018-09-04T08:30:00+09:00,J3,610,805,1415
2018-09-04T08:30:00+09:00,J4,776,1130,1906
2018-09-04T08:30:00+09:00,J5,341,292,633
2018-09-04T08:45:00+09:00,J1,798,585,1383
2018-09-04T08:45:00+09:00,J2,536,325,861
2018-09-04T08:45:00+09:00,J3,450,557,1007
2018-09-04T08:45:00+09:00,J4,636,866,1502
2018-09-04T08:45:00+09:00,J5,328,246,574
2018-09-04T09:00:00+09:00,J1,649,560,1209
2018-09-04T09:00:00+09:00,J2,467,318,785
2018-09-04T09:00:00+09:00,J3,395,378,773
2018-09-04T09:00:00+09:00,J4,634,801,1435
2018-09-04T09:00:00+09:00,J5,345,301,646
2018-09-04T09:15:00+09:00,J1,598,464,1062
2018-09-04T09:15:00+09:00,J2,432,348,780
2018-09-04T09:15:00+09:00,J3,440,320,760
2018-09-04T09:15:00+09:00,J4,649,868,1517
2018-09-04T09:15:00+09:00,J5,344,374,718
2018-09-04T09:30:00+09:00,J1,607,512,1119
2018-09-04T09:30:00+09:00,J2,435,411,846
2018-09-04T09:30:00+09:00,J3,407,407,814
2018-09-04T09:30:00+09:00,J4,681,760,1441
2018-09-04T09:30:00+09:00,J5,315,268,583
2018-09-04T09:45:00+09:00,J1,537,478,1015
2018-09-04T09:45:00+09:00,J2,407,360,767
2018-09-04T09:45:00+09:00,J3,376,321,697
2018-09-04T09:45:00+09:00,J4,622,737,1359
2018-09-04T09:45:00+09:00,J5,332,378,710
2018-09-04T10:00:00+09:00,J1,447,492,939
2018-09-04T10:00:00+09:00,J2,359,345,704
2018-09-04T10:00:00+09:00,J3,395,337,732
2018-09-04T10:00:00+09:00,J4,453,436,889
2018-09-04T10:00:00+09:00,J5,349,387,736
2018-09-04T10:15:00+09:00,J1,460,507,967
2018-09-04T10:15:00+09:00,J2,371,347,718
2018-09-04T10:15:00+09:00,J3,373,293,666
2018-09-04T10:15:00+09:00,J4,460,487,947
2018-09-04T10:15:00+09:00,J5,341,371,712
2018-09-04T10:30:00+09:00,J1,463,518,981
2018-09-04T10:30:00+09:00,J2,305,332,637
2018-09-04T10:30:00+09:00,J3,400,397,797
2018-09-04T10:30:00+09:00,J4,499,569,1068
2018-09-04T10:30:00+09:00,J5,338,401,739
2018-09-04T10:45:00+09:00,J1,470,493,963
2018-09-04T10:45:00+09:00,J2,298,431,729
2018-09-04T10:45:00+09:00,J3,444,361,805
2018-09-04T10:45:00+09:00,J4,568,648,1216
2018-09-04T10:45:00+09:00,J5,380,395,775
2018-09-04T11:00:00+09:00,J1,501,503,1004
2018-09-04T11:00:00+09:00,J2,338,400,738
2018-09-04T11:00:00+09:00,J3,489,394,883
2018-09-04T11:00:00+09:00,J4,657,726,1383
2018-09-04T11:00:00+09:00,J5,328,411,739
2018-09-04T11:15:00+09:00,J1,631,650,1281
2018-09-04T11:15:00+09:00,J2,385,395,780
2018-09-04T11:15:00+09:00,J3,474,387,861
2018-09-04T11:15:00+09:00,J4,544,679,1223
2018-09-04T11:15:00+09:00,J5,365,394,759
2018-09-04T11:30:00+09:00,J1,667,630,1297
2018-09-04T11:30:00+09:00,J2,405,379,784
2018-09-04T11:30:00+09:00,J3,576,427,1003
2018-09-04T11:30:00+09:00,J4,603,695,1298
2018-09-04T11:30:00+09:00,J5,354,386,740
2018-09-04T11:45:00+09:00,J1,605,646,1251
2018-09-04T11:45:00+09:00,J2,392,400,792
2018-09-04T11:45:00+09:00,J3,568,457,1025
2018-09-04T11:45:00+09:00,J4,558,617,1175
2018-09-04T11:45:00+09:00,J5,348,411,759
2018-09-04T12:00:00+09:00,J1,675,713,1388
2018-09-04T12:00:00+09:00,J2,453,347,800
2018-09-04T12:00:00+09:00,J3,656,438,1094
2018-09-04T12:00:00+09:00,J4,723,682,1405
2018-09-04T12:00:00+09:00,J5,414,465,879
2018-09-04T12:15:00+09:00,J1,624,666,1290
2018-09-04T12:15:00+09:00,J2,495,421,916
2018-09-04T12:15:00+09:00,J3,585,454,1039
2018-09-04T12:15:00+09:00,J4,764,753,1517
2018-09-04T12:15:00+09:00,J5,380,429,809
2018-09-04T12:30:00+09:00,J1,655,710,1365
2018-09-04T12:30:00+09:00,J2,523,287,810
2018-09-04T12:30:00+09:00,J3,672,562,1234
2018-09-04T12:30:00+09:00,J4,666,618,1284
2018-09-04T12:30:00+09:00,J5,354,323,677
2018-09-04T12:45:00+09:00,J1,605,666,1271
2018-09-04T12:45:00+09:00,J2,520,351,871
2018-09-04T12:45:00+09:00,J3,648,627,1275
2018-09-04T12:45:00+09:00,J4,723,697,1420
2018-09-04T12:45:00+09:00,J5,438,394,832
2018-09-04T13:00:00+09:00,J1,565,707,1272
2018-09-04T13:00:00+09:00,J2,480,359,839
2018-09-04T13:00:00+09:00,J3,682,599,1281
2018-09-04T13:00:00+09:00,J4,794,737,1531
2018-09-04T13:00:00+09:00,J5,436,402,838
2018-09-04T13:15:00+09:00,J1,596,644,1240
2018-09-04T13:15:00+09:00,J2,549,358,907
2018-09-04T13:15:00+09:00,J3,688,621,1309
2018-09-04T13:15:00+09:00,J4,744,741,1485
2018-09-04T13:15:00+09:00,J5,459,388,847
2018-09-04T13:30:00+09:00,J1,562,574,1136
2018-09-04T13:30:00+09:00,J2,478,347,825
2018-09-04T13:30:00+09:00,J3,619,594,1213
2018-09-04T13:30:00+09:00,J4,713,698,1411
2018-09-04T13:30:00+09:00,J5,428,361,789
2018-09-04T13:45:00+09:00,J1,491,617,1108
2018-09-04T13:45:00+09:00,J2,457,349,806
2018-09-04T13:45:00+09:00,J3,663,626,1289
2018-09-04T13:45:00+09:00,J4,691,588,1279
2018-09-04T13:45:00+09:00,J5,443,449,892
2018-09-04T14:00:00+09:00,J1,533,611,1144
2018-09-04T14:00:00+09:00,J2,492,464,956
2018-09-04T14:00:00+09:00,J3,771,642,1413
2018-09-04T14:00:00+09:00,J4,700,594,1294
2018-09-04T14:00:00+09:00,J5,455,399,854
2018-09-04T14:15:00+09:00,J1,509,549,1058
2018-09-04T14:15:00+09:00,J2,503,351,854
2018-09-04T14:15:00+09:00,J3,702,689,1391
2018-09-04T14:15:00+09:00,J4,697,732,1429
2018-09-04T14:15:00+09:00,J5,485,420,905
2018-09-04T14:30:00+09:00,J1,458,513,971
2018-09-04T14:30:00+09:00,J2,432,393,825
2018-09-04T14:30:00+09:00,J3,664,587,1251
2018-09-04T14:30:00+09:00,J4,765,677,1442
2018-09-04T14:30:00+09:00,J5,388,361,749
2018-09-04T14:45:00+09:00,J1,511,478,989
2018-09-04T14:45:00+09:00,J2,451,338,789
2018-09-04T14:45:00+09:00,J3,612,581,1193
2018-09-04T14:45:00+09:00,J4,740,666,1406
2018-09-04T14:45:00+09:00,J5,384,355,739
2018-09-04T15:00:00+09:00,J1,507,593,1100
2018-09-04T15:00:00+09:00,J2,429,403,832
2018-09-04T15:00:00+09:00,J3,632,615,1247
2018-09-04T15:00:00+09:00,J4,742,671,1413
2018-09-04T15:00:00+09:00,J5,382,397,779
2018-09-04T15:15:00+09:00,J1,484,595,1079
2018-09-04T15:15:00+09:00,J2,440,414,854
2018-09-04T15:15:00+09:00,J3,712,646,1358
2018-09-04T15:15:00+09:00,J4,727,606,1333
2018-09-04T15:15:00+09:00,J5,427,360,787
2018-09-04T15:30:00+09:00,J1,564,568,1132
2018-09-04T15:30:00+09:00,J2,436,378,814
2018-09-04T15:30:00+09:00,J3,713,623,1336
2018-09-04T15:30:00+09:00,J4,733,691,1424
2018-09-04T15:30:00+09:00,J5,478,431,909
2018-09-04T15:45:00+09:00,J1,520,553,1073
2018-09-04T15:45:00+09:00,J2,506,381,887
2018-09-04T15:45:00+09:00,J3,642,575,1217
2018-09-04T15:45:00+09:00,J4,762,716,1478
2018-09-04T15:45:00+09:00,J5,432,427,859
2018-09-04T16:00:00+09:00,J1,527,590,1117
2018-09-04T16:00:00+09:00,J2,466,410,876
2018-09-04T16:00:00+09:00,J3,587,472,1059
2018-09-04T16:00:00+09:00,J4,731,756,1487
2018-09-04T16:00:00+09:00,J5,446,391,837
2018-09-04T16:15:00+09:00,J1,583,623,1206
2018-09-04T16:15:00+09:00,J2,495,369,864
2018-09-04T16:15:00+09:00,J3,639,536,1175
2018-09-04T16:15:00+09:00,J4,783,879,1662
2018-09-04T16:15:00+09:00,J5,436,409,845
2018-09-04T16:30:00+09:00,J1,575,588,1163
2018-09-04T16:30:00+09:00,J2,462,380,842
2018-09-04T16:30:00+09:00,J3,610,595,1205
2018-09-04T16:30:00+09:00,J4,743,614,1357
2018-09-04T16:30:00+09:00,J5,374,338,712
2018-09-04T16:45:00+09:00,J1,571,607,1178
2018-09-04T16:45:00+09:00,J2,520,436,956
2018-09-04T16:45:00+09:00,J3,628,634,1262
2018-09-04T16:45:00+09:00,J4,687,585,1272
2018-09-04T16:45:00+09:00,J5,449,414,863
2018-09-04T17:00:00+09:00,J1,594,735,1329
2018-09-04T17:00:00+09:00,J2,523,458,981
2018-09-04T17:00:00+09:00,J3,776,690,1466
2018-09-04T17:00:00+09:00,J4,720,606,1326
2018-09-04T17:00:00+09:00,J5,496,451,947
2018-09-04T17:15:00+09:00,J1,659,812,1471
2018-09-04T17:15:00+09:00,J2,547,501,1048
2018-09-04T17:15:00+09:00,J3,782,737,1519
2018-09-04T17:15:00+09:00,J4,734,593,1327
2018-09-04T17:15:00+09:00,J5,463,492,955
2018-09-04T17:30:00+09:00,J1,709,803,1512
2018-09-04T17:30:00+09:00,J2,659,590,1249
2018-09-04T17:30:00+09:00,J3,758,760,1518
2018-09-04T17:30:00+09:00,J4,803,660,1463
2018-09-04T17:30:00+09:00,J5,534,440,974
2018-09-04T17:45:00+09:00,J1,651,836,1487
2018-09-04T17:45:00+09:00,J2,577,579,1156
2018-09-04T17:45:00+09:00,J3,826,666,1492
2018-09-04T17:45:00+09:00,J4,795,629,1424
2018-09-04T17:45:00+09:00,J5,420,395,815
2018-09-04T18:00:00+09:00,J1,636,849,1485
2018-09-04T18:00:00+09:00,J2,607,568,1175
2018-09-04T18:00:00+09:00,J3,826,730,1556
2018-09-04T18:00:00+09:00,J4,858,641,1499
2018-09-04T18:00:00+09:00,J5,445,453,898
2018-09-04T18:15:00+09:00,J1,576,802,1378
2018-09-04T18:15:00+09:00,J2,583,598,1181
2018-09-04T18:15:00+09:00,J3,763,654,1417
2018-09-04T18:15:00+09:00,J4,888,625,1513
2018-09-04T18:15:00+09:00,J5,419,372,791
2018-09-04T18:30:00+09:00,J1,686,798,1484
2018-09-04T18:30:00+09:00,J2,599,526,1125
2018-09-04T18:30:00+09:00,J3,672,575,1247
2018-09-04T18:30:00+09:00,J4,727,531,1258
2018-09-04T18:30:00+09:00,J5,397,338,735
2018-09-04T18:45:00+09:00,J1,568,701,1269
2018-09-04T18:45:00+09:00,J2,498,463,961
2018-09-04T18:45:00+09:00,J3,614,548,1162
2018-09-04T18:45:00+09:00,J4,712,542,1254
2018-09-04T18:45:00+09:00,J5,446,364,810
2018-09-04T19:00:00+09:00,J1,542,728,1270
2018-09-04T19:00:00+09:00,J2,507,463,970
2018-09-04T19:00:00+09:00,J3,678,558,1236
2018-09-04T19:00:00+09:00,J4,721,592,1313
2018-09-04T19:00:00+09:00,J5,455,394,849
2018-09-04T19:15:00+09:00,J1,567,818,1385
2018-09-04T19:15:00+09:00,J2,519,532,1051
2018-09-04T19:15:00+09:00,J3,670,598,1268
2018-09-04T19:15:00+09:00,J4,726,527,1253
2018-09-04T19:15:00+09:00,J5,364,365,729
2018-09-04T19:30:00+09:00,J1,416,679,1095
2018-09-04T19:30:00+09:00,J2,497,428,925
2018-09-04T19:30:00+09:00,J3,621,579,1200
2018-09-04T19:30:00+09:00,J4,808,530,1338
2018-09-04T19:30:00+09:00,J5,464,456,920
2018-09-04T19:45:00+09:00,J1,437,598,1035
2018-09-04T19:45:00+09:00,J2,458,437,895
2018-09-04T19:45:00+09:00,J3,656,560,1216
2018-09-04T19:45:00+09:00,J4,709,640,1349
2018-09-04T19:45:00+09:00,J5,479,434,913
2018-09-04T20:00:00+09:00,J1,451,608,1059
2018-09-04T20:00:00+09:00,J2,461,451,912
2018-09-04T20:00:00+09:00,J3,629,630,1259
2018-09-04T20:00:00+09:00,J4,753,574,1327
2018-09-04T20:00:00+09:00,J5,476,377,853
2018-09-04T20:15:00+09:00,J1,460,684,1144
2018-09-04T20:15:00+09:00,J2,400,392,792
2018-09-04T20:15:00+09:00,J3,579,578,1157
2018-09-04T20:15:00+09:00,J4,711,548,1259
2018-09-04T20:15:00+09:00,J5,346,324,670
2018-09-04T20:30:00+09:00,J1,472,596,1068
2018-09-04T20:30:00+09:00,J2,379,337,716
2018-09-04T20:30:00+09:00,J3,539,523,1062
2018-09-04T20:30:00+09:00,J4,561,484,1045
2018-09-04T20:30:00+09:00,J5,333,302,635
2018-09-04T20:45:00+09:00,J1,480,542,1022
2018-09-04T20:45:00+09:00,J2,412,332,744
2018-09-04T20:45:00+09:00,J3,536,531,1067
2018-09-04T20:45:00+09:00,J4,610,485,1095
2018-09-04T20:45:00+09:00,J5,374,303,677
2018-09-04T21:00:00+09:00,J1,492,562,1054
2018-09-04T21:00:00+09:00,J2,448,399,847
2018-09-04T21:00:00+09:00,J3,559,609,1168
2018-09-04T21:00:00+09:00,J4,604,458,1062
2018-09-04T21:00:00+09:00,J5,333,311,644
2018-09-04T21:15:00+09:00,J1,472,575,1047
2018-09-04T21:15:00+09:00,J2,431,387,818
2018-09-04T21:15:00+09:00,J3,570,649,1219
2018-09-04T21:15:00+09:00,J4,601,448,1049
2018-09-04T21:15:00+09:00,J5,261,288,549
2018-09-04T21:30:00+09:00,J1,434,468,902
2018-09-04T21:30:00+09:00,J2,306,315,621
2018-09-04T21:30:00+09:00,J3,506,565,1071
2018-09-04T21:30:00+09:00,J4,557,427,984
2018-09-04T21:30:00+09:00,J5,203,221,424
2018-09-04T21:45:00+09:00,J1,332,404,736
2018-09-04T21:45:00+09:00,J2,321,281,602
2018-09-04T21:45:00+09:00,J3,520,513,1033
2018-09-04T21:45:00+09:00,J4,460,325,785
2018-09-04T21:45:00+09:00,J5,188,223,411
2018-09-04T22:00:00+09:00,J1,315,407,722
2018-09-04T22:00:00+09:00,J2,353,278,631
2018-09-04T22:00:00+09:00,J3,539,510,1049
2018-09-04T22:00:00+09:00,J4,403,332,735
2018-09-04T22:00:00+09:00,J5,230,220,450
2018-09-04T22:15:00+09:00,J1,288,402,690
2018-09-04T22:15:00+09:00,J2,366,286,652
2018-09-04T22:15:00+09:00,J3,510,488,998
2018-09-04T22:15:00+09:00,J4,345,290,635
2018-09-04T22:15:00+09:00,J5,272,223,495
2018-09-04T22:30:00+09:00,J1,321,369,690
2018-09-04T22:30:00+09:00,J2,402,288,690
2018-09-04T22:30:00+09:00,J3,528,481,1009
2018-09-04T22:30:00+09:00,J4,339,370,709
2018-09-04T22:30:00+09:00,J5,174,188,362
2018-09-04T22:45:00+09:00,J1,251,335,586
2018-09-04T22:45:00+09:00,J2,311,328,639
2018-09-04T22:45:00+09:00,J3,507,439,946
2018-09-04T22:45:00+09:00,J4,369,327,696
2018-09-04T22:45:00+09:00,J5,153,198,351
2018-09-04T23:00:00+09:00,J1,259,319,578
2018-09-04T23:00:00+09:00,J2,293,331,624
2018-09-04T23:00:00+09:00,J3,458,442,900
2018-09-04T23:00:00+09:00,J4,294,267,561
2018-09-04T23:00:00+09:00,J5,139,170,309
2018-09-04T23:15:00+09:00,J1,293,332,625
2018-09-04T23:15:00+09:00,J2,330,358,688
2018-09-04T23:15:00+09:00,J3,473,421,894
2018-09-04T23:15:00+09:00,J4,271,258,529
2018-09-04T23:15:00+09:00,J5,138,148,286
2018-09-04T23:30:00+09:00,J1,276,292,568
2018-09-04T23:30:00+09:00,J2,335,290,625
2018-09-04T23:30:00+09:00,J3,487,377,864
2018-09-04T23:30:00+09:00,J4,276,254,530
2018-09-04T23:30:00+09:00,J5,143,169,312
2018-09-04T23:45:00+09:00,J1,239,265,504
2018-09-04T23:45:00+09:00,J2,276,247,523
2018-09-04T23:45:00+09:00,J3,459,383,842
2018-09-04T23:45:00+09:00,J4,251,238,489
2018-09-04T23:45:00+09:00,J5,173,191,364
2018-09-05T00:00:00+09:00,J1,229,244,473
2018-09-05T00:00:00+09:00,J2,261,159,420
2018-09-05T00:00:00+09:00,J3,424,370,794
2018-09-05T00:00:00+09:00,J4,270,250,520
2018-09-05T00:00:00+09:00,J5,145,183,328
2018-09-05T00:15:00+09:00,J1,225,221,446
2018-09-05T00:15:00+09:00,J2,295,193,488
2018-09-05T00:15:00+09:00,J3,399,327,726
2018-09-05T00:15:00+09:00,J4,233,243,476
2018-09-05T00:15:00+09:00,J5,131,148,279
2018-09-05T00:30:00+09:00,J1,176,181,357
2018-09-05T00:30:00+09:00,J2,248,272,520
2018-09-05T00:30:00+09:00,J3,323,356,679
2018-09-05T00:30:00+09:00,J4,193,207,400
2018-09-05T00:30:00+09:00,J5,147,142,289
2018-09-05T00:45:00+09:00,J1,232,182,414
2018-09-05T00:45:00+09:00,J2,268,302,570
2018-09-05T00:45:00+09:00,J3,331,353,684
2018-09-05T00:45:00+09:00,J4,233,213,446
2018-09-05T00:45:00+09:00,J5,119,166,285
2018-09-05T05:45:00+09:00,J1,312,255,567
2018-09-05T05:45:00+09:00,J2,127,155,282
2018-09-05T05:45:00+09:00,J3,292,208,500
2018-09-05T05:45:00+09:00,J4,525,552,1077
2018-09-05T05:45:00+09:00,J5,316,281,597
2018-09-05T06:00:00+09:00,J1,335,225,560
2018-09-05T06:00:00+09:00,J2,139,199,338
2018-09-05T06:00:00+09:00,J3,285,240,525
2018-09-05T06:00:00+09:00,J4,498,504,1002
2018-09-05T06:00:00+09:00,J5,210,192,402
2018-09-05T06:15:00+09:00,J1,273,258,531
2018-09-05T06:15:00+09:00,J2,162,210,372
2018-09-05T06:15:00+09:00,J3,301,218,519
2018-09-05T06:15:00+09:00,J4,495,567,1062
2018-09-05T06:15:00+09:00,J5,361,259,620
2018-09-05T06:30:00+09:00,J1,327,287,614
2018-09-05T06:30:00+09:00,J2,178,227,405
2018-09-05T06:30:00+09:00,J3,308,230,538
2018-09-05T06:30:00+09:00,J4,560,576,1136
2018-09-05T06:30:00+09:00,J5,314,285,599
2018-09-05T06:45:00+09:00,J1,313,261,574
2018-09-05T06:45:00+09:00,J2,196,230,426
2018-09-05T06:45:00+09:00,J3,349,282,631
2018-09-05T06:45:00+09:00,J4,515,587,1102
2018-09-05T06:45:00+09:00,J5,283,270,553
2018-09-05T07:00:00+09:00,J1,233,243,476
2018-09-05T07:00:00+09:00,J2,205,232,437
2018-09-05T07:00:00+09:00,J3,419,341,760
2018-09-05T07:00:00+09:00,J4,582,693,1275
2018-09-05T07:00:00+09:00,J5,269,201,470
2018-09-05T07:15:00+09:00,J1,337,286,623
2018-09-05T07:15:00+09:00,J2,227,253,480
2018-09-05T07:15:00+09:00,J3,525,375,900
2018-09-05T07:15:00+09:00,J4,584,773,1357
2018-09-05T07:15:00+09:00,J5,288,276,564
2018-09-05T07:30:00+09:00,J1,378,361,739
2018-09-05T07:30:00+09:00,J2,262,317,579
2018-09-05T07:30:00+09:00,J3,472,470,942
2018-09-05T07:30:00+09:00,J4,581,781,1362
2018-09-05T07:30:00+09:00,J5,259,207,466
2018-09-05T07:45:00+09:00,J1,488,489,977
2018-09-05T07:45:00+09:00,J2,315,376,691
2018-09-05T07:45:00+09:00,J3,549,580,1129
2018-09-05T07:45:00+09:00,J4,526,835,1361
2018-09-05T07:45:00+09:00,J5,239,203,442
2018-09-05T08:00:00+09:00,J1,639,552,1191
2018-09-05T08:00:00+09:00,J2,316,427,743
2018-09-05T08:00:00+09:00,J3,540,660,1200
2018-09-05T08:00:00+09:00,J4,587,918,1505
2018-09-05T08:00:00+09:00,J5,289,301,590
2018-09-05T08:15:00+09:00,J1,736,658,1394
2018-09-05T08:15:00+09:00,J2,408,455,863
2018-09-05T08:15:00+09:00,J3,606,833,1439
2018-09-05T08:15:00+09:00,J4,608,991,1599
2018-09-05T08:15:00+09:00,J5,243,310,553
2018-09-05T08:30:00+09:00,J1,835,598,1433
2018-09-05T08:30:00+09:00,J2,522,431,953
2018-09-05T08:30:00+09:00,J3,658,950,1608
2018-09-05T08:30:00+09:00,J4,536,1145,1681
2018-09-05T08:30:00+09:00,J5,279,342,621
2018-09-05T08:45:00+09:00,J1,672,624,1296
2018-09-05T08:45:00+09:00,J2,427,385,812
2018-09-05T08:45:00+09:00,J3,608,788,1396
2018-09-05T08:45:00+09:00,J4,506,876,1382
2018-09-05T08:45:00+09:00,J5,214,305,519
2018-09-05T09:00:00+09:00,J1,546,583,1129
2018-09-05T09:00:00+09:00,J2,365,371,736
2018-09-05T09:00:00+09:00,J3,593,625,1218
2018-09-05T09:00:00+09:00,J4,462,661,1123
2018-09-05T09:00:00+09:00,J5,220,269,489
2018-09-05T09:15:00+09:00,J1,588,464,1052
2018-09-05T09:15:00+09:00,J2,381,352,733
2018-09-05T09:15:00+09:00,J3,525,584,1109
2018-09-05T09:15:00+09:00,J4,476,693,1169
2018-09-05T09:15:00+09:00,J5,247,265,512
2018-09-05T09:30:00+09:00,J1,487,433,920
2018-09-05T09:30:00+09:00,J2,369,383,752
2018-09-05T09:30:00+09:00,J3,527,533,1060
2018-09-05T09:30:00+09:00,J4,456,687,1143
2018-09-05T09:30:00+09:00,J5,220,271,491
2018-09-05T09:45:00+09:00,J1,535,486,1021
2018-09-05T09:45:00+09:00,J2,408,439,847
2018-09-05T09:45:00+09:00,J3,620,557,1177
2018-09-05T09:45:00+09:00,J4,556,622,1178
2018-09-05T09:45:00+09:00,J5,234,225,459
2018-09-05T10:00:00+09:00,J1,487,511,998
2018-09-05T10:00:00+09:00,J2,356,359,715
2018-09-05T10:00:00+09:00,J3,489,503,992
2018-09-05T10:00:00+09:00,J4,536,557,1093
2018-09-05T10:00:00+09:00,J5,216,195,411
2018-09-05T10:15:00+09:00,J1,464,451,915
2018-09-05T10:15:00+09:00,J2,406,340,746
2018-09-05T10:15:00+09:00,J3,484,422,906
2018-09-05T10:15:00+09:00,J4,572,573,1145
2018-09-05T10:15:00+09:00,J5,232,233,465
2018-09-05T10:30:00+09:00,J1,531,494,1025
2018-09-05T10:30:00+09:00,J2,358,300,658
2018-09-05T10:30:00+09:00,J3,519,496,1015
2018-09-05T10:30:00+09:00,J4,610,592,1202
2018-09-05T10:30:00+09:00,J5,199,213,412
2018-09-05T10:45:00+09:00,J1,507,521,1028
2018-09-05T10:45:00+09:00,J2,423,352,775
2018-09-05T10:45:00+09:00,J3,546,563,1109
2018-09-05T10:45:00+09:00,J4,617,595,1212
2018-09-05T10:45:00+09:00,J5,232,212,444
2018-09-05T11:00:00+09:00,J1,526,539,1065
2018-09-05T11:00:00+09:00,J2,426,368,794
2018-09-05T11:00:00+09:00,J3,513,521,1034
2018-09-05T11:00:00+09:00,J4,584,583,1167
2018-09-05T11:00:00+09:00,J5,197,209,406
2018-09-05T11:15:00+09:00,J1,559,546,1105
2018-09-05T11:15:00+09:00,J2,417,341,758
2018-09-05T11:15:00+09:00,J3,490,536,1026
2018-09-05T11:15:00+09:00,J4,572,636,1208
2018-09-05T11:15:00+09:00,J5,208,240,448
2018-09-05T11:30:00+09:00,J1,569,528,1097
2018-09-05T11:30:00+09:00,J2,402,328,730
2018-09-05T11:30:00+09:00,J3,519,577,1096
2018-09-05T11:30:00+09:00,J4,553,551,1104
2018-09-05T11:30:00+09:00,J5,218,224,442
2018-09-05T11:45:00+09:00,J1,530,521,1051
2018-09-05T11:45:00+09:00,J2,457,385,842
2018-09-05T11:45:00+09:00,J3,492,535,1027
2018-09-05T11:45:00+09:00,J4,590,576,1166
2018-09-05T11:45:00+09:00,J5,232,193,425
2018-09-05T12:00:00+09:00,J1,562,493,1055
2018-09-05T12:00:00+09:00,J2,555,429,984
2018-09-05T12:00:00+09:00,J3,600,572,1172
2018-09-05T12:00:00+09:00,J4,572,557,1129
2018-09-05T12:00:00+09:00,J5,306,262,568
2018-09-05T12:15:00+09:00,J1,538,550,1088
2018-09-05T12:15:00+09:00,J2,483,356,839
2018-09-05T12:15:00+09:00,J3,581,565,1146
2018-09-05T12:15:00+09:00,J4,693,584,1277
2018-09-05T12:15:00+09:00,J5,386,354,740
2018-09-05T12:30:00+09:00,J1,630,601,1231
2018-09-05T12:30:00+09:00,J2,440,387,827
2018-09-05T12:30:00+09:00,J3,497,588,1085
2018-09-05T12:30:00+09:00,J4,609,565,1174
2018-09-05T12:30:00+09:00,J5,318,288,606
2018-09-05T12:45:00+09:00,J1,557,567,1124
2018-09-05T12:45:00+09:00,J2,522,446,968
2018-09-05T12:45:00+09:00,J3,504,470,974
2018-09-05T12:45:00+09:00,J4,599,520,1119
2018-09-05T12:45:00+09:00,J5,258,238,496
2018-09-05T13:00:00+09:00,J1,489,554,1043
2018-09-05T13:00:00+09:00,J2,470,460,930
2018-09-05T13:00:00+09:00,J3,526,504,1030
2018-09-05T13:00:00+09:00,J4,621,551,1172
2018-09-05T13:00:00+09:00,J5,282,272,554
2018-09-05T13:15:00+09:00,J1,476,531,1007
2018-09-05T13:15:00+09:00,J2,475,374,849
2018-09-05T13:15:00+09:00,J3,496,506,1002
2018-09-05T13:15:00+09:00,J4,652,559,1211
2018-09-05T13:15:00+09:00,J5,192,196,388
2018-09-05T13:30:00+09:00,J1,520,547,1067
2018-09-05T13:30:00+09:00,J2,477,434,911
2018-09-05T13:30:00+09:00,J3,541,597,1138
2018-09-05T13:30:00+09:00,J4,592,612,1204
2018-09-05T13:30:00+09:00,J5,219,242,461
2018-09-05T13:45:00+09:00,J1,425,451,876
2018-09-05T13:45:00+09:00,J2,438,428,866
2018-09-05T13:45:00+09:00,J3,678,604,1282
2018-09-05T13:45:00+09:00,J4,510,528,1038
2018-09-05T13:45:00+09:00,J5,341,282,623
2018-09-05T14:00:00+09:00,J1,514,507,1021
2018-09-05T14:00:00+09:00,J2,448,391,839
2018-09-05T14:00:00+09:00,J3,602,629,1231
2018-09-05T14:00:00+09:00,J4,578,515,1093
2018-09-05T14:00:00+09:00,J5,376,333,709
2018-09-05T14:15:00+09:00,J1,458,526,984
2018-09-05T14:15:00+09:00,J2,454,420,874
2018-09-05T14:15:00+09:00,J3,564,595,1159
2018-09-05T14:15:00+09:00,J4,637,558,1195
2018-09-05T14:15:00+09:00,J5,340,337,677
2018-09-05T14:30:00+09:00,J1,496,535,1031
2018-09-05T14:30:00+09:00,J2,428,390,818
2018-09-05T14:30:00+09:00,J3,567,650,1217
2018-09-05T14:30:00+09:00,J4,605,518,1123
2018-09-05T14:30:00+09:00,J5,291,317,608
2018-09-05T14:45:00+09:00,J1,508,480,988
2018-09-05T14:45:00+09:00,J2,447,379,826
2018-09-05T14:45:00+09:00,J3,463,526,989
2018-09-05T14:45:00+09:00,J4,581,515,1096
2018-09-05T14:45:00+09:00,J5,290,273,563
2018-09-05T15:00:00+09:00,J1,412,455,867
2018-09-05T15:00:00+09:00,J2,481,370,851
2018-09-05T15:00:00+09:00,J3,515,514,1029
2018-09-05T15:00:00+09:00,J4,556,483,1039
2018-09-05T15:00:00+09:00,J5,201,240,441
2018-09-05T15:15:00+09:00,J1,481,541,1022
2018-09-05T15:15:00+09:00,J2,496,405,901
2018-09-05T15:15:00+09:00,J3,442,519,961
2018-09-05T15:15:00+09:00,J4,628,615,1243
2018-09-05T15:15:00+09:00,J5,306,272,578
2018-09-05T15:30:00+09:00,J1,421,426,847
2018-09-05T15:30:00+09:00,J2,514,402,916
2018-09-05T15:30:00+09:00,J3,515,513,1028
2018-09-05T15:30:00+09:00,J4,603,512,1115
2018-09-05T15:30:00+09:00,J5,287,277,564
2018-09-05T15:45:00+09:00,J1,445,447,892
2018-09-05T15:45:00+09:00,J2,446,360,806
2018-09-05T15:45:00+09:00,J3,433,484,917
2018-09-05T15:45:00+09:00,J4,548,536,1084
2018-09-05T15:45:00+09:00,J5,307,250,557
2018-09-05T16:00:00+09:00,J1,411,443,854
2018-09-05T16:00:00+09:00,J2,502,454,956
2018-09-05T16:00:00+09:00,J3,582,506,1088
2018-09-05T16:00:00+09:00,J4,596,525,1121
2018-09-05T16:00:00+09:00,J5,274,299,573
2018-09-05T16:15:00+09:00,J1,467,445,912
2018-09-05T16:15:00+09:00,J2,531,425,956
2018-09-05T16:15:00+09:00,J3,502,537,1039
2018-09-05T16:15:00+09:00,J4,629,511,1140
2018-09-05T16:15:00+09:00,J5,326,333,659
2018-09-05T16:30:00+09:00,J1,452,494,946
2018-09-05T16:30:00+09:00,J2,483,421,904
2018-09-05T16:30:00+09:00,J3,519,509,1028
2018-09-05T16:30:00+09:00,J4,634,516,1150
2018-09-05T16:30:00+09:00,J5,434,401,835
2018-09-05T16:45:00+09:00,J1,464,491,955
2018-09-05T16:45:00+09:00,J2,421,413,834
2018-09-05T16:45:00+09:00,J3,450,445,895
2018-09-05T16:45:00+09:00,J4,650,534,1184
2018-09-05T16:45:00+09:00,J5,395,421,816
2018-09-05T17:00:00+09:00,J1,533,514,1047
2018-09-05T17:00:00+09:00,J2,435,441,876
2018-09-05T17:00:00+09:00,J3,559,542,1101
2018-09-05T17:00:00+09:00,J4,658,582,1240
2018-09-05T17:00:00+09:00,J5,425,364,789
2018-09-05T17:15:00+09:00,J1,493,545,1038
2018-09-05T17:15:00+09:00,J2,634,415,1049
2018-09-05T17:15:00+09:00,J3,561,500,1061
2018-09-05T17:15:00+09:00,J4,746,597,1343
2018-09-05T17:15:00+09:00,J5,389,424,813
2018-09-05T17:30:00+09:00,J1,563,560,1123
2018-09-05T17:30:00+09:00,J2,613,511,1124
2018-09-05T17:30:00+09:00,J3,604,515,1119
2018-09-05T17:30:00+09:00,J4,714,551,1265
2018-09-05T17:30:00+09:00,J5,297,340,637
2018-09-05T17:45:00+09:00,J1,516,652,1168
2018-09-05T17:45:00+09:00,J2,567,456,1023
2018-09-05T17:45:00+09:00,J3,649,470,1119
2018-09-05T17:45:00+09:00,J4,747,520,1267
2018-09-05T17:45:00+09:00,J5,336,383,719
2018-09-05T18:00:00+09:00,J1,519,722,1241
2018-09-05T18:00:00+09:00,J2,530,501,1031
2018-09-05T18:00:00+09:00,J3,682,551,1233
2018-09-05T18:00:00+09:00,J4,724,531,1255
2018-09-05T18:00:00+09:00,J5,364,403,767
2018-09-05T18:15:00+09:00,J1,556,622,1178
2018-09-05T18:15:00+09:00,J2,611,515,1126
2018-09-05T18:15:00+09:00,J3,671,542,1213
2018-09-05T18:15:00+09:00,J4,770,508,1278
2018-09-05T18:15:00+09:00,J5,332,379,711
2018-09-05T18:30:00+09:00,J1,559,587,1146
2018-09-05T18:30:00+09:00,J2,539,480,1019
2018-09-05T18:30:00+09:00,J3,564,460,1024
2018-09-05T18:30:00+09:00,J4,798,532,1330
2018-09-05T18:30:00+09:00,J5,300,327,627
2018-09-05T18:45:00+09:00,J1,595,613,1208
2018-09-05T18:45:00+09:00,J2,494,427,921
2018-09-05T18:45:00+09:00,J3,506,497,1003
2018-09-05T18:45:00+09:00,J4,700,467,1167
2018-09-05T18:45:00+09:00,J5,334,330,664
2018-09-05T19:00:00+09:00,J1,430,524,954
2018-09-05T19:00:00+09:00,J2,480,427,907
2018-09-05T19:00:00+09:00,J3,518,431,949
2018-09-05T19:00:00+09:00,J4,700,546,1246
2018-09-05T19:00:00+09:00,J5,348,388,736
2018-09-05T19:15:00+09:00,J1,442,498,940
2018-09-05T19:15:00+09:00,J2,507,410,917
2018-09-05T19:15:00+09:00,J3,488,431,919
2018-09-05T19:15:00+09:00,J4,706,486,1192
2018-09-05T19:15:00+09:00,J5,396,394,790
2018-09-05T19:30:00+09:00,J1,461,531,992
2018-09-05T19:30:00+09:00,J2,448,341,789
2018-09-05T19:30:00+09:00,J3,416,392,808
2018-09-05T19:30:00+09:00,J4,647,567,1214
2018-09-05T19:30:00+09:00,J5,353,314,667
2018-09-05T19:45:00+09:00,J1,506,554,1060
2018-09-05T19:45:00+09:00,J2,433,354,787
2018-09-05T19:45:00+09:00,J3,415,413,828
2018-09-05T19:45:00+09:00,J4,650,512,1162
2018-09-05T19:45:00+09:00,J5,291,284,575
2018-09-05T20:00:00+09:00,J1,437,441,878
2018-09-05T20:00:00+09:00,J2,406,334,740
2018-09-05T20:00:00+09:00,J3,460,419,879
2018-09-05T20:00:00+09:00,J4,606,495,1101
2018-09-05T20:00:00+09:00,J5,331,339,670
2018-09-05T20:15:00+09:00,J1,433,446,879
2018-09-05T20:15:00+09:00,J2,384,314,698
2018-09-05T20:15:00+09:00,J3,490,415,905
2018-09-05T20:15:00+09:00,J4,700,520,1220
2018-09-05T20:15:00+09:00,J5,266,245,511
2018-09-05T20:30:00+09:00,J1,420,404,824
2018-09-05T20:30:00+09:00,J2,345,300,645
2018-09-05T20:30:00+09:00,J3,510,378,888
2018-09-05T20:30:00+09:00,J4,604,493,1097
2018-09-05T20:30:00+09:00,J5,235,240,475
2018-09-05T20:45:00+09:00,J1,340,399,739
2018-09-05T20:45:00+09:00,J2,326,250,576
2018-09-05T20:45:00+09:00,J3,519,365,884
2018-09-05T20:45:00+09:00,J4,609,446,1055
2018-09-05T20:45:00+09:00,J5,242,273,515
2018-09-05T21:00:00+09:00,J1,393,407,800
2018-09-05T21:00:00+09:00,J2,335,259,594
2018-09-05T21:00:00+09:00,J3,544,377,921
2018-09-05T21:00:00+09:00,J4,606,561,1167
2018-09-05T21:00:00+09:00,J5,286,299,585
2018-09-05T21:15:00+09:00,J1,458,590,1048
2018-09-05T21:15:00+09:00,J2,414,305,719
2018-09-05T21:15:00+09:00,J3,605,472,1077
2018-09-05T21:15:00+09:00,J4,680,544,1224
2018-09-05T21:15:00+09:00,J5,332,353,685
2018-09-05T21:30:00+09:00,J1,363,454,817
2018-09-05T21:30:00+09:00,J2,345,304,649
2018-09-05T21:30:00+09:00,J3,535,402,937
2018-09-05T21:30:00+09:00,J4,632,476,1108
2018-09-05T21:30:00+09:00,J5,331,280,611
2018-09-05T21:45:00+09:00,J1,342,361,703
2018-09-05T21:45:00+09:00,J2,283,261,544
2018-09-05T21:45:00+09:00,J3,482,384,866
2018-09-05T21:45:00+09:00,J4,577,501,1078
2018-09-05T21:45:00+09:00,J5,257,243,500
2018-09-05T22:00:00+09:00,J1,363,377,740
2018-09-05T22:00:00+09:00,J2,284,285,569
2018-09-05T22:00:00+09:00,J3,452,389,841
2018-09-05T22:00:00+09:00,J4,541,482,1023
2018-09-05T22:00:00+09:00,J5,308,355,663
2018-09-05T22:15:00+09:00,J1,305,392,697
2018-09-05T22:15:00+09:00,J2,294,322,616
2018-09-05T22:15:00+09:00,J3,408,342,750
2018-09-05T22:15:00+09:00,J4,592,528,1120
2018-09-05T22:15:00+09:00,J5,373,457,830
2018-09-05T22:30:00+09:00,J1,322,319,641
2018-09-05T22:30:00+09:00,J2,266,273,539
2018-09-05T22:30:00+09:00,J3,371,388,759
2018-09-05T22:30:00+09:00,J4,591,554,1145
2018-09-05T22:30:00+09:00,J5,281,290,571
2018-09-05T22:45:00+09:00,J1,333,346,679
2018-09-05T22:45:00+09:00,J2,233,259,492
2018-09-05T22:45:00+09:00,J3,432,321,753
2018-09-05T22:45:00+09:00,J4,588,541,1129
2018-09-05T22:45:00+09:00,J5,174,156,330
2018-09-05T23:00:00+09:00,J1,370,393,763
2018-09-05T23:00:00+09:00,J2,202,248,450
2018-09-05T23:00:00+09:00,J3,400,321,721
2018-09-05T23:00:00+09:00,J4,566,494,1060
2018-09-05T23:00:00+09:00,J5,110,97,207
2018-09-05T23:15:00+09:00,J1,364,385,749
2018-09-05T23:15:00+09:00,J2,181,249,430
2018-09-05T23:15:00+09:00,J3,484,321,805
2018-09-05T23:15:00+09:00,J4,560,515,1075
2018-09-05T23:15:00+09:00,J5,112,114,226
2018-09-05T23:30:00+09:00,J1,247,291,538
2018-09-05T23:30:00+09:00,J2,171,234,405
2018-09-05T23:30:00+09:00,J3,411,296,707
2018-09-05T23:30:00+09:00,J4,503,474,977
2018-09-05T23:30:00+09:00,J5,82,80,162
2018-09-05T23:45:00+09:00,J1,253,265,518
2018-09-05T23:45:00+09:00,J2,184,217,401
2018-09-05T23:45:00+09:00,J3,429,269,698
2018-09-05T23:45:00+09:00,J4,526,469,995
2018-09-05T23:45:00+09:00,J5,115,95,210
2018-09-06T00:00:00+09:00,J1,252,261,513
2018-09-06T00:00:00+09:00,J2,197,218,415
2018-09-06T00:00:00+09:00,J3,402,266,668
2018-09-06T00:00:00+09:00,J4,542,534,1076
2018-09-06T00:00:00+09:00,J5,111,91,202
2018-09-06T00:15:00+09:00,J1,259,289,548
2018-09-06T00:15:00+09:00,J2,140,152,292
2018-09-06T00:15:00+09:00,J3,275,221,496
2018-09-06T00:15:00+09:00,J4,548,540,1088
2018-09-06T00:15:00+09:00,J5,178,158,336
2018-09-06T00:30:00+09:00,J1,277,219,496
2018-09-06T00:30:00+09:00,J2,144,171,315
2018-09-06T00:30:00+09:00,J3,159,146,305
2018-09-06T00:30:00+09:00,J4,518,483,1001
2018-09-06T00:30:00+09:00,J5,335,259,594
2018-09-06T00:45:00+09:00,J1,262,267,529
2018-09-06T00:45:00+09:00,J2,141,157,298
2018-09-06T00:45:00+09:00,J3,178,146,324
2018-09-06T00:45:00+09:00,J4,305,256,561
2018-09-06T00:45:00+09:00,J5,289,336,625
2018-09-06T16:15:00+09:00,J4,0,0,0
2018-09-06T16:30:00+09:00,J1,59,61,120
2018-09-06T16:30:00+09:00,J2,164,177,341
2018-09-06T16:30:00+09:00,J3,15,28,43
2018-09-06T16:30:00+09:00,J4,46,35,81
2018-09-06T16:30:00+09:00,J5,132,228,360
2018-09-06T16:45:00+09:00,J1,39,67,106
2018-09-06T16:45:00+09:00,J2,223,238,461
2018-09-06T16:45:00+09:00,J3,95,139,234
2018-09-06T16:45:00+09:00,J4,185,148,333
2018-09-06T16:45:00+09:00,J5,142,205,347
2018-09-06T17:00:00+09:00,J1,44,54,98
2018-09-06T17:00:00+09:00,J2,238,243,481
2018-09-06T17:00:00+09:00,J3,112,172,284
2018-09-06T17:00:00+09:00,J4,190,146,336
2018-09-06T17:00:00+09:00,J5,153,209,362
2018-09-06T17:15:00+09:00,J1,52,77,129
2018-09-06T17:15:00+09:00,J2,214,260,474
2018-09-06T17:15:00+09:00,J3,144,155,299
2018-09-06T17:15:00+09:00,J4,196,155,351
2018-09-06T17:15:00+09:00,J5,125,185,310
2018-09-06T17:30:00+09:00,J1,57,74,131
2018-09-06T17:30:00+09:00,J2,205,268,473
2018-09-06T17:30:00+09:00,J3,111,167,278
2018-09-06T17:30:00+09:00,J4,161,123,284
2018-09-06T17:30:00+09:00,J5,128,163,291
2018-09-06T17:45:00+09:00,J1,61,79,140
2018-09-06T17:45:00+09:00,J2,261,274,535
2018-09-06T17:45:00+09:00,J3,158,203,361
2018-09-06T17:45:00+09:00,J4,197,173,370
2018-09-06T17:45:00+09:00,J5,122,172,294
2018-09-06T18:00:00+09:00,J1,47,46,93
2018-09-06T18:00:00+09:00,J2,194,205,399
2018-09-06T18:00:00+09:00,J3,131,197,328
2018-09-06T18:00:00+09:00,J4,160,175,335
2018-09-06T18:00:00+09:00,J5,138,193,331
2018-09-06T18:15:00+09:00,J1,58,52,110
2018-09-06T18:15:00+09:00,J2,171,215,386
2018-09-06T18:15:00+09:00,J3,139,203,342
2018-09-06T18:15:00+09:00,J4,176,159,335
2018-09-06T18:15:00+09:00,J5,147,168,315
2018-09-06T18:30:00+09:00,J1,57,45,102
2018-09-06T18:30:00+09:00,J2,191,237,428
2018-09-06T18:30:00+09:00,J3,167,184,351
2018-09-06T18:30:00+09:00,J4,186,160,346
2018-09-06T18:30:00+09:00,J5,144,180,324
2018-09-06T18:45:00+09:00,J1,59,49,108
2018-09-06T18:45:00+09:00,J2,170,217,387
2018-09-06T18:45:00+09:00,J3,129,179,308
2018-09-06T18:45:00+09:00,J4,146,177,323
2018-09-06T18:45:00+09:00,J5,153,164,317
2018-09-06T19:00:00+09:00,J1,43,55,98
2018-09-06T19:00:00+09:00,J2,179,176,355
2018-09-06T19:00:00+09:00,J3,114,175,289
2018-09-06T19:00:00+09:00,J4,134,178,312
2018-09-06T19:00:00+09:00,J5,167,169,336
2018-09-06T19:15:00+09:00,J1,57,70,127
2018-09-06T19:15:00+09:00,J2,178,235,413
2018-09-06T19:15:00+09:00,J3,127,208,335
2018-09-06T19:15:00+09:00,J4,149,174,323
2018-09-06T19:15:00+09:00,J5,167,204,371
2018-09-06T19:30:00+09:00,J1,53,69,122
2018-09-06T19:30:00+09:00,J2,235,273,508
2018-09-06T19:30:00+09:00,J3,123,208,331
2018-09-06T19:30:00+09:00,J4,173,190,363
2018-09-06T19:30:00+09:00,J5,153,181,334
2018-09-06T19:45:00+09:00,J1,39,55,94
2018-09-06T19:45:00+09:00,J2,169,262,431
2018-09-06T19:45:00+09:00,J3,153,167,320
2018-09-06T19:45:00+09:00,J4,137,156,293
2018-09-06T19:45:00+09:00,J5,138,173,311
2018-09-06T20:00:00+09:00,J1,40,46,86
2018-09-06T20:00:00+09:00,J2,209,257,466
2018-09-06T20:00:00+09:00,J3,146,227,373
2018-09-06T20:00:00+09:00,J4,147,136,283
2018-09-06T20:00:00+09:00,J5,159,201,360
2018-09-06T20:15:00+09:00,J1,51,35,86
2018-09-06T20:15:00+09:00,J2,175,207,382
2018-09-06T20:15:00+09:00,J3,133,234,367
2018-09-06T20:15:00+09:00,J4,151,166,317
2018-09-06T20:15:00+09:00,J5,153,207,360
2018-09-06T20:30:00+09:00,J1,37,47,84
2018-09-06T20:30:00+09:00,J2,190,253,443
2018-09-06T20:30:00+09:00,J3,126,219,345
2018-09-06T20:30:00+09:00,J4,174,158,332
2018-09-06T20:30:00+09:00,J5,146,159,305
2018-09-06T20:45:00+09:00,J1,86,78,164
2018-09-06T20:45:00+09:00,J2,215,229,444
2018-09-06T20:45:00+09:00,J3,213,257,470
2018-09-06T20:45:00+09:00,J4,177,145,322
2018-09-06T20:45:00+09:00,J5,173,193,366
2018-09-06T21:00:00+09:00,J1,64,50,114
2018-09-06T21:00:00+09:00,J2,169,208,377
2018-09-06T21:00:00+09:00,J3,238,178,416
2018-09-06T21:00:00+09:00,J4,183,161,344
2018-09-06T21:00:00+09:00,J5,165,154,319
2018-09-06T21:15:00+09:00,J1,58,70,128
2018-09-06T21:15:00+09:00,J2,172,220,392
2018-09-06T21:15:00+09:00,J3,262,210,472
2018-09-06T21:15:00+09:00,J4,207,170,377
2018-09-06T21:15:00+09:00,J5,130,159,289
2018-09-06T21:30:00+09:00,J1,60,86,146
2018-09-06T21:30:00+09:00,J2,313,292,605
2018-09-06T21:30:00+09:00,J3,212,236,448
2018-09-06T21:30:00+09:00,J4,252,248,500
2018-09-06T21:30:00+09:00,J5,186,188,374
2018-09-06T21:45:00+09:00,J1,73,68,141
2018-09-06T21:45:00+09:00,J2,300,314,614
2018-09-06T21:45:00+09:00,J3,173,247,420
2018-09-06T21:45:00+09:00,J4,202,202,404
2018-09-06T21:45:00+09:00,J5,136,173,309
2018-09-06T22:00:00+09:00,J1,86,84,170
2018-09-06T22:00:00+09:00,J2,256,340,596
2018-09-06T22:00:00+09:00,J3,189,245,434
2018-09-06T22:00:00+09:00,J4,244,256,500
2018-09-06T22:00:00+09:00,J5,162,136,298
2018-09-06T22:15:00+09:00,J1,79,94,173
2018-09-06T22:15:00+09:00,J2,204,289,493
2018-09-06T22:15:00+09:00,J3,205,251,456
2018-09-06T22:15:00+09:00,J4,229,227,456
2018-09-06T22:15:00+09:00,J5,164,164,328
2018-09-06T22:30:00+09:00,J1,80,70,150
2018-09-06T22:30:00+09:00,J2,248,310,558
2018-09-06T22:30:00+09:00,J3,266,325,591
2018-09-06T22:30:00+09:00,J4,425,344,769
2018-09-06T22:30:00+09:00,J5,195,174,369
2018-09-06T22:45:00+09:00,J1,67,57,124
2018-09-06T22:45:00+09:00,J2,229,309,538
2018-09-06T22:45:00+09:00,J3,364,379,743
2018-09-06T22:45:00+09:00,J4,469,433,902
2018-09-06T22:45:00+09:00,J5,176,193,369
2018-09-06T23:00:00+09:00,J1,76,73,149
2018-09-06T23:00:00+09:00,J2,271,310,581
2018-09-06T23:00:00+09:00,J3,402,346,748
2018-09-06T23:00:00+09:00,J4,467,380,847
2018-09-06T23:00:00+09:00,J5,159,193,352
2018-09-06T23:15:00+09:00,J1,99,88,187
2018-09-06T23:15:00+09:00,J2,284,335,619
2018-09-06T23:15:00+09:00,J3,349,346,695
2018-09-06T23:15:00+09:00,J4,379,397,776
2018-09-06T23:15:00+09:00,J5,174,206,380
2018-09-06T23:30:00+09:00,J1,98,68,166
2018-09-06T23:30:00+09:00,J2,280,364,644
2018-09-06T23:30:00+09:00,J3,319,285,604
2018-09-06T23:30:00+09:00,J4,285,289,574
2018-09-06T23:30:00+09:00,J5,187,155,342
2018-09-06T23:45:00+09:00,J1,99,78,177
2018-09-06T23:45:00+09:00,J2,293,305,598
2018-09-06T23:45:00+09:00,J3,276,278,554
2018-09-06T23:45:00+09:00,J4,316,278,594
2018-09-06T23:45:00+09:00,J5,198,176,374
2018-09-07T00:00:00+09:00,J1,95,56,151
2018-09-07T00:00:00+09:00,J2,279,292,571
2018-09-07T00:00:00+09:00,J3,302,328,630
2018-09-07T00:00:00+09:00,J4,247,257,504
2018-09-07T00:00:00+09:00,J5,180,197,377
2018-09-07T00:15:00+09:00,J1,91,85,176
2018-09-07T00:15:00+09:00,J2,336,371,707
2018-09-07T00:15:00+09:00,J3,343,294,637
2018-09-07T00:15:00+09:00,J4,253,217,470
2018-09-07T00:15:00+09:00,J5,185,136,321
2018-09-07T00:30:00+09:00,J1,101,78,179
2018-09-07T00:30:00+09:00,J2,314,280,594
2018-09-07T00:30:00+09:00,J3,344,296,640
2018-09-07T00:30:00+09:00,J4,294,282,576
2018-09-07T00:30:00+09:00,J5,179,166,345
2018-09-07T00:45:00+09:00,J1,126,127,253
2018-09-07T00:45:00+09:00,J2,317,293,610
2018-09-07T00:45:00+09:00,J3,330,268,598
2018-09-07T00:45:00+09:00,J4,271,268,539
2018-09-07T00:45:00+09:00,J5,181,131,312
2018-09-07T05:45:00+09:00,J1,149,136,285
2018-09-07T05:45:00+09:00,J2,143,106,249
2018-09-07T05:45:00+09:00,J3,292,251,543
2018-09-07T05:45:00+09:00,J4,289,294,583
2018-09-07T05:45:00+09:00,J5,119,90,209
2018-09-07T06:00:00+09:00,J1,169,123,292
2018-09-07T06:00:00+09:00,J2,131,116,247
2018-09-07T06:00:00+09:00,J3,294,263,557
2018-09-07T06:00:00+09:00,J4,293,271,564
2018-09-07T06:00:00+09:00,J5,135,110,245
2018-09-07T06:15:00+09:00,J1,148,136,284
2018-09-07T06:15:00+09:00,J2,162,146,308
2018-09-07T06:15:00+09:00,J3,252,265,517
2018-09-07T06:15:00+09:00,J4,238,207,445
2018-09-07T06:15:00+09:00,J5,124,109,233
2018-09-07T06:30:00+09:00,J1,134,141,275
2018-09-07T06:30:00+09:00,J2,172,153,325
2018-09-07T06:30:00+09:00,J3,308,243,551
2018-09-07T06:30:00+09:00,J4,235,205,440
2018-09-07T06:30:00+09:00,J5,157,140,297
2018-09-07T06:45:00+09:00,J1,158,111,269
2018-09-07T06:45:00+09:00,J2,201,167,368
2018-09-07T06:45:00+09:00,J3,329,270,599
2018-09-07T06:45:00+09:00,J4,246,237,483
2018-09-07T06:45:00+09:00,J5,244,238,482
2018-09-07T07:00:00+09:00,J1,150,125,275
2018-09-07T07:00:00+09:00,J2,171,158,329
2018-09-07T07:00:00+09:00,J3,329,285,614
2018-09-07T07:00:00+09:00,J4,252,278,530
2018-09-07T07:00:00+09:00,J5,208,166,374
2018-09-07T07:15:00+09:00,J1,142,153,295
2018-09-07T07:15:00+09:00,J2,176,154,330
2018-09-07T07:15:00+09:00,J3,329,256,585
2018-09-07T07:15:00+09:00,J4,299,249,548
2018-09-07T07:15:00+09:00,J5,266,256,522
2018-09-07T07:30:00+09:00,J1,146,146,292
2018-09-07T07:30:00+09:00,J2,174,157,331
2018-09-07T07:30:00+09:00,J3,325,276,601
2018-09-07T07:30:00+09:00,J4,286,271,557
2018-09-07T07:30:00+09:00,J5,341,337,678
2018-09-07T07:45:00+09:00,J1,152,146,298
2018-09-07T07:45:00+09:00,J2,178,178,356
2018-09-07T07:45:00+09:00,J3,330,286,616
2018-09-07T07:45:00+09:00,J4,279,280,559
2018-09-07T07:45:00+09:00,J5,358,326,684
2018-09-07T08:00:00+09:00,J1,148,150,298
2018-09-07T08:00:00+09:00,J2,165,164,329
2018-09-07T08:00:00+09:00,J3,308,299,607
2018-09-07T08:00:00+09:00,J4,234,242,476
2018-09-07T08:00:00+09:00,J5,234,246,480
2018-09-07T08:15:00+09:00,J1,157,121,278
2018-09-07T08:15:00+09:00,J2,124,148,272
2018-09-07T08:15:00+09:00,J3,322,336,658
2018-09-07T08:15:00+09:00,J4,218,185,403
2018-09-07T08:15:00+09:00,J5,216,201,417
2018-09-07T08:30:00+09:00,J1,124,98,222
2018-09-07T08:30:00+09:00,J2,94,150,244
2018-09-07T08:30:00+09:00,J3,276,263,539
2018-09-07T08:30:00+09:00,J4,173,125,298
2018-09-07T08:30:00+09:00,J5,141,108,249
2018-09-07T08:45:00+09:00,J1,113,91,204
2018-09-07T08:45:00+09:00,J2,104,124,228
2018-09-07T08:45:00+09:00,J3,239,256,495
2018-09-07T08:45:00+09:00,J4,125,108,233
2018-09-07T08:45:00+09:00,J5,183,129,312
2018-09-07T09:00:00+09:00,J1,94,81,175
2018-09-07T09:00:00+09:00,J2,67,107,174
2018-09-07T09:00:00+09:00,J3,228,291,519
2018-09-07T09:00:00+09:00,J4,120,108,228
2018-09-07T09:00:00+09:00,J5,187,201,388
2018-09-07T09:15:00+09:00,J1,94,96,190
2018-09-07T09:15:00+09:00,J2,72,101,173
2018-09-07T09:15:00+09:00,J3,238,237,475
2018-09-07T09:15:00+09:00,J4,84,106,190
2018-09-07T09:15:00+09:00,J5,134,203,337
2018-09-07T09:30:00+09:00,J1,91,105,196
2018-09-07T09:30:00+09:00,J2,120,119,239
2018-09-07T09:30:00+09:00,J3,238,286,524
2018-09-07T09:30:00+09:00,J4,114,132,246
2018-09-07T09:30:00+09:00,J5,169,254,423
2018-09-07T09:45:00+09:00,J1,54,90,144
2018-09-07T09:45:00+09:00,J2,110,80,190
2018-09-07T09:45:00+09:00,J3,259,327,586
2018-09-07T09:45:00+09:00,J4,98,119,217
2018-09-07T09:45:00+09:00,J5,153,199,352
2018-09-07T10:00:00+09:00,J1,91,94,185
2018-09-07T10:00:00+09:00,J2,100,111,211
2018-09-07T10:00:00+09:00,J3,255,280,535
2018-09-07T10:00:00+09:00,J4,107,125,232
2018-09-07T10:00:00+09:00,J5,173,206,379
2018-09-07T10:15:00+09:00,J1,92,91,183
2018-09-07T10:15:00+09:00,J2,116,85,201
2018-09-07T10:15:00+09:00,J3,268,288,556
2018-09-07T10:15:00+09:00,J4,107,120,227
2018-09-07T10:15:00+09:00,J5,189,234,423
2018-09-07T10:30:00+09:00,J1,106,73,179
2018-09-07T10:30:00+09:00,J2,116,114,230
2018-09-07T10:30:00+09:00,J3,350,348,698
2018-09-07T10:30:00+09:00,J4,157,183,340
2018-09-07T10:30:00+09:00,J5,187,226,413
2018-09-07T10:45:00+09:00,J1,141,69,210
2018-09-07T10:45:00+09:00,J2,98,105,203
2018-09-07T10:45:00+09:00,J3,321,353,674
2018-09-07T10:45:00+09:00,J4,218,200,418
2018-09-07T10:45:00+09:00,J5,184,247,431
2018-09-07T11:00:00+09:00,J1,147,70,217
2018-09-07T11:00:00+09:00,J2,80,113,193
2018-09-07T11:00:00+09:00,J3,379,405,784
2018-09-07T11:00:00+09:00,J4,250,202,452
2018-09-07T11:00:00+09:00,J5,194,211,405
2018-09-07T11:15:00+09:00,J1,182,112,294
2018-09-07T11:15:00+09:00,J2,93,120,213
2018-09-07T11:15:00+09:00,J3,411,377,788
2018-09-07T11:15:00+09:00,J4,291,212,503
2018-09-07T11:15:00+09:00,J5,191,216,407
2018-09-07T11:30:00+09:00,J1,206,133,339
2018-09-07T11:30:00+09:00,J2,95,93,188
2018-09-07T11:30:00+09:00,J3,390,379,769
2018-09-07T11:30:00+09:00,J4,286,207,493
2018-09-07T11:30:00+09:00,J5,174,217,391
2018-09-07T11:45:00+09:00,J1,188,172,360
2018-09-07T11:45:00+09:00,J2,115,115,230
2018-09-07T11:45:00+09:00,J3,412,303,715
2018-09-07T11:45:00+09:00,J4,292,259,551
2018-09-07T11:45:00+09:00,J5,180,247,427
2018-09-07T12:00:00+09:00,J1,187,152,339
2018-09-07T12:00:00+09:00,J2,91,109,200
2018-09-07T12:00:00+09:00,J3,292,382,674
2018-09-07T12:00:00+09:00,J4,275,209,484
2018-09-07T12:00:00+09:00,J5,184,216,400
2018-09-07T12:15:00+09:00,J1,172,206,378
2018-09-07T12:15:00+09:00,J2,127,121,248
2018-09-07T12:15:00+09:00,J3,317,352,669
2018-09-07T12:15:00+09:00,J4,277,191,468
2018-09-07T12:15:00+09:00,J5,186,235,421
2018-09-07T12:30:00+09:00,J1,173,177,350
2018-09-07T12:30:00+09:00,J2,164,166,330
2018-09-07T12:30:00+09:00,J3,358,379,737
2018-09-07T12:30:00+09:00,J4,320,255,575
2018-09-07T12:30:00+09:00,J5,219,240,459
2018-09-07T12:45:00+09:00,J1,146,164,310
2018-09-07T12:45:00+09:00,J2,150,149,299
2018-09-07T12:45:00+09:00,J3,346,366,712
2018-09-07T12:45:00+09:00,J4,330,288,618
2018-09-07T12:45:00+09:00,J5,224,239,463
2018-09-07T13:00:00+09:00,J1,130,151,281
2018-09-07T13:00:00+09:00,J2,107,144,251
2018-09-07T13:00:00+09:00,J3,368,337,705
2018-09-07T13:00:00+09:00,J4,344,330,674
2018-09-07T13:00:00+09:00,J5,249,264,513
2018-09-07T13:15:00+09:00,J1,146,159,305
2018-09-07T13:15:00+09:00,J2,99,119,218
2018-09-07T13:15:00+09:00,J3,378,422,800
2018-09-07T13:15:00+09:00,J4,326,287,613
2018-09-07T13:15:00+09:00,J5,306,327,633
2018-09-07T13:30:00+09:00,J1,182,188,370
2018-09-07T13:30:00+09:00,J2,127,139,266
2018-09-07T13:30:00+09:00,J3,422,399,821
2018-09-07T13:30:00+09:00,J4,419,328,747
2018-09-07T13:30:00+09:00,J5,302,318,620
2018-09-07T13:45:00+09:00,J1,142,149,291
2018-09-07T13:45:00+09:00,J2,122,115,237
2018-09-07T13:45:00+09:00,J3,223,201,424
2018-09-07T13:45:00+09:00,J4,359,340,699
2018-09-07T13:45:00+09:00,J5,285,297,582
2018-09-07T14:00:00+09:00,J1,142,161,303
2018-09-07T14:00:00+09:00,J2,117,154,271
2018-09-07T14:00:00+09:00,J3,243,185,428
2018-09-07T14:00:00+09:00,J4,375,391,766
2018-09-07T14:00:00+09:00,J5,323,319,642
2018-09-07T14:15:00+09:00,J1,154,196,350
2018-09-07T14:15:00+09:00,J2,102,123,225
2018-09-07T14:15:00+09:00,J3,248,222,470
2018-09-07T14:15:00+09:00,J4,389,370,759
2018-09-07T14:15:00+09:00,J5,343,370,713
2018-09-07T14:30:00+09:00,J1,161,225,386
2018-09-07T14:30:00+09:00,J2,120,170,290
2018-09-07T14:30:00+09:00,J3,243,225,468
2018-09-07T14:30:00+09:00,J4,433,451,884
2018-09-07T14:30:00+09:00,J5,344,374,718
2018-09-07T14:45:00+09:00,J1,142,285,427
2018-09-07T14:45:00+09:00,J2,144,154,298
2018-09-07T14:45:00+09:00,J3,251,300,551
2018-09-07T14:45:00+09:00,J4,393,406,799
2018-09-07T14:45:00+09:00,J5,354,346,700
2018-09-07T15:00:00+09:00,J1,149,192,341
2018-09-07T15:00:00+09:00,J2,111,119,230
2018-09-07T15:00:00+09:00,J3,194,187,381
2018-09-07T15:00:00+09:00,J4,317,342,659
2018-09-07T15:00:00+09:00,J5,361,343,704
2018-09-07T15:15:00+09:00,J1,158,179,337
2018-09-07T15:15:00+09:00,J2,115,119,234
2018-09-07T15:15:00+09:00,J3,210,199,409
2018-09-07T15:15:00+09:00,J4,384,384,768
2018-09-07T15:15:00+09:00,J5,362,386,748
2018-09-07T15:30:00+09:00,J1,161,224,385
2018-09-07T15:30:00+09:00,J2,100,119,219
2018-09-07T15:30:00+09:00,J3,229,195,424
2018-09-07T15:30:00+09:00,J4,382,391,773
2018-09-07T15:30:00+09:00,J5,285,308,593
2018-09-07T15:45:00+09:00,J1,170,201,371
2018-09-07T15:45:00+09:00,J2,105,137,242
2018-09-07T15:45:00+09:00,J3,246,186,432
2018-09-07T15:45:00+09:00,J4,396,347,743
2018-09-07T15:45:00+09:00,J5,367,330,697
2018-09-07T16:00:00+09:00,J1,161,237,398
2018-09-07T16:00:00+09:00,J2,124,138,262
2018-09-07T16:00:00+09:00,J3,284,250,534
2018-09-07T16:00:00+09:00,J4,354,347,701
2018-09-07T16:00:00+09:00,J5,233,247,480
2018-09-07T16:15:00+09:00,J1,142,209,351
2018-09-07T16:15:00+09:00,J2,105,141,246
2018-09-07T16:15:00+09:00,J3,298,292,590
2018-09-07T16:15:00+09:00,J4,365,319,684
2018-09-07T16:15:00+09:00,J5,226,278,504
2018-09-07T16:30:00+09:00,J1,250,294,544
2018-09-07T16:30:00+09:00,J2,112,130,242
2018-09-07T16:30:00+09:00,J3,290,271,561
2018-09-07T16:30:00+09:00,J4,359,311,670
2018-09-07T16:30:00+09:00,J5,203,252,455
2018-09-07T16:45:00+09:00,J1,394,385,779
2018-09-07T16:45:00+09:00,J2,138,156,294
2018-09-07T16:45:00+09:00,J3,258,216,474
2018-09-07T16:45:00+09:00,J4,407,356,763
2018-09-07T16:45:00+09:00,J5,192,222,414
2018-09-07T17:00:00+09:00,J1,456,506,962
2018-09-07T17:00:00+09:00,J2,120,160,280
2018-09-07T17:00:00+09:00,J3,313,285,598
2018-09-07T17:00:00+09:00,J4,375,313,688
2018-09-07T17:00:00+09:00,J5,259,287,546
2018-09-07T17:15:00+09:00,J1,436,539,975
2018-09-07T17:15:00+09:00,J2,128,131,259
2018-09-07T17:15:00+09:00,J3,320,268,588
2018-09-07T17:15:00+09:00,J4,428,305,733
2018-09-07T17:15:00+09:00,J5,210,242,452
2018-09-07T17:30:00+09:00,J1,421,530,951
2018-09-07T17:30:00+09:00,J2,122,136,258
2018-09-07T17:30:00+09:00,J3,476,344,820
2018-09-07T17:30:00+09:00,J4,409,375,784
2018-09-07T17:30:00+09:00,J5,222,272,494
2018-09-07T17:45:00+09:00,J1,502,552,1054
2018-09-07T17:45:00+09:00,J2,129,154,283
2018-09-07T17:45:00+09:00,J3,497,346,843
2018-09-07T17:45:00+09:00,J4,495,381,876
2018-09-07T17:45:00+09:00,J5,253,305,558
2018-09-07T18:00:00+09:00,J1,470,483,953
2018-09-07T18:00:00+09:00,J2,119,207,326
2018-09-07T18:00:00+09:00,J3,507,328,835
2018-09-07T18:00:00+09:00,J4,497,348,845
2018-09-07T18:00:00+09:00,J5,242,288,530
2018-09-07T18:15:00+09:00,J1,388,433,821
2018-09-07T18:15:00+09:00,J2,139,151,290
2018-09-07T18:15:00+09:00,J3,467,289,756
2018-09-07T18:15:00+09:00,J4,393,319,712
2018-09-07T18:15:00+09:00,J5,239,300,539
2018-09-07T18:30:00+09:00,J1,436,408,844
2018-09-07T18:30:00+09:00,J2,124,168,292
2018-09-07T18:30:00+09:00,J3,397,317,714
2018-09-07T18:30:00+09:00,J4,371,313,684
2018-09-07T18:30:00+09:00,J5,213,258,471
2018-09-07T18:45:00+09:00,J1,403,421,824
2018-09-07T18:45:00+09:00,J2,194,192,386
2018-09-07T18:45:00+09:00,J3,390,291,681
2018-09-07T18:45:00+09:00,J4,442,323,765
2018-09-07T18:45:00+09:00,J5,334,402,736
2018-09-07T19:00:00+09:00,J1,343,366,709
2018-09-07T19:00:00+09:00,J2,142,176,318
2018-09-07T19:00:00+09:00,J3,413,359,772
2018-09-07T19:00:00+09:00,J4,434,355,789
2018-09-07T19:00:00+09:00,J5,302,321,623
2018-09-07T19:15:00+09:00,J1,332,294,626
2018-09-07T19:15:00+09:00,J2,113,145,258
2018-09-07T19:15:00+09:00,J3,498,428,926
2018-09-07T19:15:00+09:00,J4,453,355,808
2018-09-07T19:15:00+09:00,J5,223,263,486
2018-09-07T19:30:00+09:00,J1,282,323,605
2018-09-07T19:30:00+09:00,J2,105,112,217
2018-09-07T19:30:00+09:00,J3,546,431,977
2018-09-07T19:30:00+09:00,J4,431,344,775
2018-09-07T19:30:00+09:00,J5,228,238,466
2018-09-07T19:45:00+09:00,J1,308,309,617
2018-09-07T19:45:00+09:00,J2,89,111,200
2018-09-07T19:45:00+09:00,J3,424,357,781
2018-09-07T19:45:00+09:00,J4,378,331,709
2018-09-07T19:45:00+09:00,J5,262,356,618
2018-09-07T20:00:00+09:00,J1,208,273,481
2018-09-07T20:00:00+09:00,J2,102,109,211
2018-09-07T20:00:00+09:00,J3,458,397,855
2018-09-07T20:00:00+09:00,J4,358,334,692
2018-09-07T20:00:00+09:00,J5,218,286,504
2018-09-07T20:15:00+09:00,J1,292,274,566
2018-09-07T20:15:00+09:00,J2,91,123,214
2018-09-07T20:15:00+09:00,J3,457,347,804
2018-09-07T20:15:00+09:00,J4,358,326,684
2018-09-07T20:15:00+09:00,J5,192,250,442
2018-09-07T20:30:00+09:00,J1,316,290,606
2018-09-07T20:30:00+09:00,J2,92,108,200
2018-09-07T20:30:00+09:00,J3,413,371,784
2018-09-07T20:30:00+09:00,J4,445,402,847
2018-09-07T20:30:00+09:00,J5,255,325,580
2018-09-07T20:45:00+09:00,J1,285,260,545
2018-09-07T20:45:00+09:00,J2,85,141,226
2018-09-07T20:45:00+09:00,J3,465,381,846
2018-09-07T20:45:00+09:00,J4,387,317,704
2018-09-07T20:45:00+09:00,J5,228,289,517
2018-09-07T21:00:00+09:00,J1,351,360,711
2018-09-07T21:00:00+09:00,J2,108,141,249
2018-09-07T21:00:00+09:00,J3,431,385,816
2018-09-07T21:00:00+09:00,J4,365,324,689
2018-09-07T21:00:00+09:00,J5,264,342,606
2018-09-07T21:15:00+09:00,J1,356,375,731
2018-09-07T21:15:00+09:00,J2,90,126,216
2018-09-07T21:15:00+09:00,J3,371,345,716
2018-09-07T21:15:00+09:00,J4,426,352,778
2018-09-07T21:15:00+09:00,J5,227,301,528
2018-09-07T21:30:00+09:00,J1,379,391,770
2018-09-07T21:30:00+09:00,J2,102,118,220
2018-09-07T21:30:00+09:00,J3,286,269,555
2018-09-07T21:30:00+09:00,J4,373,343,716
2018-09-07T21:30:00+09:00,J5,191,184,375
2018-09-07T21:45:00+09:00,J1,403,340,743
2018-09-07T21:45:00+09:00,J2,104,136,240
2018-09-07T21:45:00+09:00,J3,294,263,557
2018-09-07T21:45:00+09:00,J4,358,340,698
2018-09-07T21:45:00+09:00,J5,190,211,401
2018-09-07T22:00:00+09:00,J1,321,319,640
2018-09-07T22:00:00+09:00,J2,101,131,232
2018-09-07T22:00:00+09:00,J3,298,253,551
2018-09-07T22:00:00+09:00,J4,354,344,698
2018-09-07T22:00:00+09:00,J5,191,229,420
2018-09-07T22:15:00+09:00,J1,314,300,614
2018-09-07T22:15:00+09:00,J2,113,98,211
2018-09-07T22:15:00+09:00,J3,276,248,524
2018-09-07T22:15:00+09:00,J4,352,351,703
2018-09-07T22:15:00+09:00,J5,215,298,513
2018-09-07T22:30:00+09:00,J1,269,317,586
2018-09-07T22:30:00+09:00,J2,100,112,212
2018-09-07T22:30:00+09:00,J3,243,253,496
2018-09-07T22:30:00+09:00,J4,316,278,594
2018-09-07T22:30:00+09:00,J5,327,321,648
2018-09-07T22:45:00+09:00,J1,282,358,640
2018-09-07T22:45:00+09:00,J2,91,117,208
2018-09-07T22:45:00+09:00,J3,331,333,664
2018-09-07T22:45:00+09:00,J4,395,353,748
2018-09-07T22:45:00+09:00,J5,273,347,620
2018-09-07T23:00:00+09:00,J1,340,344,684
2018-09-07T23:00:00+09:00,J2,112,131,243
2018-09-07T23:00:00+09:00,J3,429,479,908
2018-09-07T23:00:00+09:00,J4,327,269,596
2018-09-07T23:00:00+09:00,J5,195,243,438
2018-09-07T23:15:00+09:00,J1,379,362,741
2018-09-07T23:15:00+09:00,J2,118,146,264
2018-09-07T23:15:00+09:00,J3,396,433,829
2018-09-07T23:15:00+09:00,J4,292,307,599
2018-09-07T23:15:00+09:00,J5,168,241,409
2018-09-07T23:30:00+09:00,J1,349,329,678
2018-09-07T23:30:00+09:00,J2,94,112,206
2018-09-07T23:30:00+09:00,J3,465,442,907
2018-09-07T23:30:00+09:00,J4,287,245,532
2018-09-07T23:30:00+09:00,J5,172,202,374
2018-09-07T23:45:00+09:00,J1,397,337,734
2018-09-07T23:45:00+09:00,J2,125,166,291
2018-09-07T23:45:00+09:00,J3,458,451,909
2018-09-07T23:45:00+09:00,J4,279,246,525
2018-09-07T23:45:00+09:00,J5,161,215,376
2018-09-08T00:00:00+09:00,J1,373,325,698
2018-09-08T00:00:00+09:00,J2,211,184,395
2018-09-08T00:00:00+09:00,J3,413,429,842
2018-09-08T00:00:00+09:00,J4,267,196,463
2018-09-08T00:00:00+09:00,J5,144,165,309
2018-09-08T00:15:00+09:00,J1,370,366,736
2018-09-08T00:15:00+09:00,J2,99,115,214
2018-09-08T00:15:00+09:00,J3,440,407,847
2018-09-08T00:15:00+09:00,J4,179,207,386
2018-09-08T00:15:00+09:00,J5,176,210,386
2018-09-08T00:30:00+09:00,J1,299,374,673
2018-09-08T00:30:00+09:00,J2,176,202,378
2018-09-08T00:30:00+09:00,J3,443,486,929
2018-09-08T00:30:00+09:00,J4,187,162,349
2018-09-08T00:30:00+09:00,J5,150,227,377
2018-09-08T00:45:00+09:00,J1,345,301,646
2018-09-08T00:45:00+09:00,J2,147,184,331
2018-09-08T00:45:00+09:00,J3,348,355,703
2018-09-08T00:45:00+09:00,J4,187,183,370
2018-09-08T00:45:00+09:00,J5,119,191,310
2018-09-08T05:45:00+09:00,J1,331,329,660
2018-09-08T05:45:00+09:00,J2,258,249,507
2018-09-08T05:45:00+09:00,J3,499,392,891
2018-09-08T05:45:00+09:00,J4,141,161,302
2018-09-08T05:45:00+09:00,J5,162,202,364
2018-09-08T06:00:00+09:00,J1,324,342,666
2018-09-08T06:00:00+09:00,J2,285,256,541
2018-09-08T06:00:00+09:00,J3,331,327,658
2018-09-08T06:00:00+09:00,J4,139,159,298
2018-09-08T06:00:00+09:00,J5,211,200,411
2018-09-08T06:15:00+09:00,J1,326,285,611
2018-09-08T06:15:00+09:00,J2,262,248,510
2018-09-08T06:15:00+09:00,J3,397,354,751
2018-09-08T06:15:00+09:00,J4,183,192,375
2018-09-08T06:15:00+09:00,J5,208,255,463
2018-09-08T06:30:00+09:00,J1,382,321,703
2018-09-08T06:30:00+09:00,J2,263,268,531
2018-09-08T06:30:00+09:00,J3,350,321,671
2018-09-08T06:30:00+09:00,J4,171,203,374
2018-09-08T06:30:00+09:00,J5,176,211,387
2018-09-08T06:45:00+09:00,J1,345,333,678
2018-09-08T06:45:00+09:00,J2,291,239,530
2018-09-08T06:45:00+09:00,J3,485,384,869
2018-09-08T06:45:00+09:00,J4,217,217,434
2018-09-08T06:45:00+09:00,J5,170,195,365
2018-09-08T07:00:00+09:00,J1,334,362,696
2018-09-08T07:00:00+09:00,J2,244,246,490
2018-09-08T07:00:00+09:00,J3,529,426,955
2018-09-08T07:00:00+09:00,J4,191,250,441
2018-09-08T07:00:00+09:00,J5,201,251,452
2018-09-08T07:15:00+09:00,J1,370,344,714
2018-09-08T07:15:00+09:00,J2,276,277,553
2018-09-08T07:15:00+09:00,J3,516,395,911
2018-09-08T07:15:00+09:00,J4,158,201,359
2018-09-08T07:15:00+09:00,J5,166,240,406
2018-09-08T07:30:00+09:00,J1,378,316,694
2018-09-08T07:30:00+09:00,J2,272,268,540
2018-09-08T07:30:00+09:00,J3,430,373,803
2018-09-08T07:30:00+09:00,J4,151,225,376
2018-09-08T07:30:00+09:00,J5,168,185,353
2018-09-08T07:45:00+09:00,J1,329,314,643
2018-09-08T07:45:00+09:00,J2,286,302,588
2018-09-08T07:45:00+09:00,J3,437,373,810
2018-09-08T07:45:00+09:00,J4,145,202,347
2018-09-08T07:45:00+09:00,J5,153,220,373
2018-09-08T08:00:00+09:00,J1,466,344,810
2018-09-08T08:00:00+09:00,J2,309,316,625
2018-09-08T08:00:00+09:00,J3,309,357,666
2018-09-08T08:00:00+09:00,J4,192,301,493
2018-09-08T08:00:00+09:00,J5,228,251,479
2018-09-08T08:15:00+09:00,J1,485,361,846
2018-09-08T08:15:00+09:00,J2,314,348,662
2018-09-08T08:15:00+09:00,J3,296,388,684
2018-09-08T08:15:00+09:00,J4,200,308,508
2018-09-08T08:15:00+09:00,J5,252,244,496
2018-09-08T08:30:00+09:00,J1,450,373,823
2018-09-08T08:30:00+09:00,J2,315,316,631
2018-09-08T08:30:00+09:00,J3,292,395,687
2018-09-08T08:30:00+09:00,J4,157,281,438
2018-09-08T08:30:00+09:00,J5,217,249,466
2018-09-08T08:45:00+09:00,J1,341,353,694
2018-09-08T08:45:00+09:00,J2,254,246,500
2018-09-08T08:45:00+09:00,J3,348,340,688
2018-09-08T08:45:00+09:00,J4,158,255,413
2018-09-08T08:45:00+09:00,J5,176,219,395
2018-09-08T09:00:00+09:00,J1,360,358,718
2018-09-08T09:00:00+09:00,J2,285,300,585
2018-09-08T09:00:00+09:00,J3,468,414,882
2018-09-08T09:00:00+09:00,J4,206,252,458
2018-09-08T09:00:00+09:00,J5,200,215,415
2018-09-08T09:15:00+09:00,J1,334,333,667
2018-09-08T09:15:00+09:00,J2,342,325,667
2018-09-08T09:15:00+09:00,J3,519,446,965
2018-09-08T09:15:00+09:00,J4,132,200,332
2018-09-08T09:15:00+09:00,J5,215,253,468
2018-09-08T09:30:00+09:00,J1,365,420,785
2018-09-08T09:30:00+09:00,J2,272,289,561
2018-09-08T09:30:00+09:00,J3,512,465,977
2018-09-08T09:30:00+09:00,J4,185,234,419
2018-09-08T09:30:00+09:00,J5,265,257,522
2018-09-08T09:45:00+09:00,J1,438,444,882
2018-09-08T09:45:00+09:00,J2,323,300,623
2018-09-08T09:45:00+09:00,J3,524,438,962
2018-09-08T09:45:00+09:00,J4,239,238,477
2018-09-08T09:45:00+09:00,J5,230,189,419
2018-09-08T10:00:00+09:00,J1,394,400,794
2018-09-08T10:00:00+09:00,J2,308,299,607
2018-09-08T10:00:00+09:00,J3,525,443,968
2018-09-08T10:00:00+09:00,J4,149,193,342
2018-09-08T10:00:00+09:00,J5,209,168,377
2018-09-08T10:15:00+09:00,J1,349,383,732
2018-09-08T10:15:00+09:00,J2,363,337,700
2018-09-08T10:15:00+09:00,J3,573,492,1065
2018-09-08T10:15:00+09:00,J4,167,183,350
2018-09-08T10:15:00+09:00,J5,200,176,376
2018-09-08T10:30:00+09:00,J1,377,383,760
2018-09-08T10:30:00+09:00,J2,324,346,670
2018-09-08T10:30:00+09:00,J3,496,463,959
2018-09-08T10:30:00+09:00,J4,169,184,353
2018-09-08T10:30:00+09:00,J5,206,168,374
2018-09-08T10:45:00+09:00,J1,351,371,722
2018-09-08T10:45:00+09:00,J2,301,304,605
2018-09-08T10:45:00+09:00,J3,518,493,1011
2018-09-08T10:45:00+09:00,J4,176,179,355
2018-09-08T10:45:00+09:00,J5,217,163,380
2018-09-08T11:00:00+09:00,J1,367,406,773
2018-09-08T11:00:00+09:00,J2,341,347,688
2018-09-08T11:00:00+09:00,J3,510,525,1035
2018-09-08T11:00:00+09:00,J4,206,189,395
2018-09-08T11:00:00+09:00,J5,207,117,324
2018-09-08T11:15:00+09:00,J1,446,442,888
2018-09-08T11:15:00+09:00,J2,383,407,790
2018-09-08T11:15:00+09:00,J3,598,532,1130
2018-09-08T11:15:00+09:00,J4,266,257,523
2018-09-08T11:15:00+09:00,J5,202,142,344
2018-09-08T11:30:00+09:00,J1,418,411,829
2018-09-08T11:30:00+09:00,J2,366,414,780
2018-09-08T11:30:00+09:00,J3,588,606,1194
2018-09-08T11:30:00+09:00,J4,330,361,691
2018-09-08T11:30:00+09:00,J5,203,122,325
2018-09-08T11:45:00+09:00,J1,392,417,809
2018-09-08T11:45:00+09:00,J2,372,356,728
2018-09-08T11:45:00+09:00,J3,570,649,1219
2018-09-08T11:45:00+09:00,J4,332,386,718
2018-09-08T11:45:00+09:00,J5,223,157,380
2018-09-08T12:00:00+09:00,J1,412,408,820
2018-09-08T12:00:00+09:00,J2,336,350,686
2018-09-08T12:00:00+09:00,J3,508,505,1013
2018-09-08T12:00:00+09:00,J4,344,327,671
2018-09-08T12:00:00+09:00,J5,192,126,318
2018-09-08T12:15:00+09:00,J1,369,409,778
2018-09-08T12:15:00+09:00,J2,332,356,688
2018-09-08T12:15:00+09:00,J3,589,535,1124
2018-09-08T12:15:00+09:00,J4,305,317,622
2018-09-08T12:15:00+09:00,J5,224,147,371
2018-09-08T12:30:00+09:00,J1,359,435,794
2018-09-08T12:30:00+09:00,J2,396,383,779
2018-09-08T12:30:00+09:00,J3,591,524,1115
2018-09-08T12:30:00+09:00,J4,356,325,681
2018-09-08T12:30:00+09:00,J5,191,139,330
2018-09-08T12:45:00+09:00,J1,416,411,827
2018-09-08T12:45:00+09:00,J2,352,354,706
2018-09-08T12:45:00+09:00,J3,565,526,1091
2018-09-08T12:45:00+09:00,J4,333,328,661
2018-09-08T12:45:00+09:00,J5,176,128,304
2018-09-08T13:00:00+09:00,J1,383,421,804
2018-09-08T13:00:00+09:00,J2,347,314,661
2018-09-08T13:00:00+09:00,J3,546,557,1103
2018-09-08T13:00:00+09:00,J4,319,303,622
2018-09-08T13:00:00+09:00,J5,193,109,302
2018-09-08T13:15:00+09:00,J1,432,488,920
2018-09-08T13:15:00+09:00,J2,372,338,710
2018-09-08T13:15:00+09:00,J3,610,508,1118
2018-09-08T13:15:00+09:00,J4,292,309,601
2018-09-08T13:15:00+09:00,J5,223,151,374
2018-09-08T13:30:00+09:00,J1,330,373,703
2018-09-08T13:30:00+09:00,J2,373,357,730
2018-09-08T13:30:00+09:00,J3,597,573,1170
2018-09-08T13:30:00+09:00,J4,276,264,540
2018-09-08T13:30:00+09:00,J5,214,129,343
2018-09-08T13:45:00+09:00,J1,328,382,710
2018-09-08T13:45:00+09:00,J2,362,303,665
2018-09-08T13:45:00+09:00,J3,564,519,1083
2018-09-08T13:45:00+09:00,J4,255,245,500
2018-09-08T13:45:00+09:00,J5,180,140,320
2018-09-08T14:00:00+09:00,J1,339,361,700
2018-09-08T14:00:00+09:00,J2,421,383,804
2018-09-08T14:00:00+09:00,J3,615,576,1191
2018-09-08T14:00:00+09:00,J4,221,258,479
2018-09-08T14:00:00+09:00,J5,207,116,323
2018-09-08T14:15:00+09:00,J1,398,470,868
2018-09-08T14:15:00+09:00,J2,346,357,703
2018-09-08T14:15:00+09:00,J3,571,505,1076
2018-09-08T14:15:00+09:00,J4,211,229,440
2018-09-08T14:15:00+09:00,J5,214,199,413
2018-09-08T14:30:00+09:00,J1,393,404,797
2018-09-08T14:30:00+09:00,J2,327,332,659
2018-09-08T14:30:00+09:00,J3,576,471,1047
2018-09-08T14:30:00+09:00,J4,184,226,410
2018-09-08T14:30:00+09:00,J5,214,174,388
2018-09-08T14:45:00+09:00,J1,436,479,915
2018-09-08T14:45:00+09:00,J2,335,421,756
2018-09-08T14:45:00+09:00,J3,531,570,1101
2018-09-08T14:45:00+09:00,J4,214,226,440
2018-09-08T14:45:00+09:00,J5,169,137,306
2018-09-08T15:00:00+09:00,J1,424,501,925
2018-09-08T15:00:00+09:00,J2,302,281,583
2018-09-08T15:00:00+09:00,J3,588,544,1132
2018-09-08T15:00:00+09:00,J4,258,249,507
2018-09-08T15:00:00+09:00,J5,227,167,394
2018-09-08T15:15:00+09:00,J1,452,492,944
2018-09-08T15:15:00+09:00,J2,365,334,699
2018-09-08T15:15:00+09:00,J3,590,487,1077
2018-09-08T15:15:00+09:00,J4,256,217,473
2018-09-08T15:15:00+09:00,J5,190,108,298
2018-09-08T15:30:00+09:00,J1,497,462,959
2018-09-08T15:30:00+09:00,J2,376,309,685
2018-09-08T15:30:00+09:00,J3,633,507,1140
2018-09-08T15:30:00+09:00,J4,254,270,524
2018-09-08T15:30:00+09:00,J5,187,160,347
2018-09-08T15:45:00+09:00,J1,424,478,902
2018-09-08T15:45:00+09:00,J2,339,355,694
2018-09-08T15:45:00+09:00,J3,583,570,1153
2018-09-08T15:45:00+09:00,J4,341,329,670
2018-09-08T15:45:00+09:00,J5,173,163,336
2018-09-08T16:00:00+09:00,J1,411,449,860
2018-09-08T16:00:00+09:00,J2,318,290,608
2018-09-08T16:00:00+09:00,J3,519,471,990
2018-09-08T16:00:00+09:00,J4,363,347,710
2018-09-08T16:00:00+09:00,J5,229,174,403
2018-09-08T16:15:00+09:00,J1,372,407,779
2018-09-08T16:15:00+09:00,J2,338,307,645
2018-09-08T16:15:00+09:00,J3,609,497,1106
2018-09-08T16:15:00+09:00,J4,377,254,631
2018-09-08T16:15:00+09:00,J5,229,177,406
2018-09-08T16:30:00+09:00,J1,357,395,752
2018-09-08T16:30:00+09:00,J2,408,281,689
2018-09-08T16:30:00+09:00,J3,613,482,1095
2018-09-08T16:30:00+09:00,J4,330,276,606
2018-09-08T16:30:00+09:00,J5,217,187,404
2018-09-08T16:45:00+09:00,J1,391,414,805
2018-09-08T16:45:00+09:00,J2,390,291,681
2018-09-08T16:45:00+09:00,J3,548,415,963
2018-09-08T16:45:00+09:00,J4,378,327,705
2018-09-08T16:45:00+09:00,J5,237,247,484
2018-09-08T17:00:00+09:00,J1,447,477,924
2018-09-08T17:00:00+09:00,J2,346,303,649
2018-09-08T17:00:00+09:00,J3,565,568,1133
2018-09-08T17:00:00+09:00,J4,344,305,649
2018-09-08T17:00:00+09:00,J5,218,270,488
2018-09-08T17:15:00+09:00,J1,424,455,879
2018-09-08T17:15:00+09:00,J2,341,360,701
2018-09-08T17:15:00+09:00,J3,562,578,1140
2018-09-08T17:15:00+09:00,J4,382,306,688
2018-09-08T17:15:00+09:00,J5,223,213,436
2018-09-08T17:30:00+09:00,J1,403,403,806
2018-09-08T17:30:00+09:00,J2,382,289,671
2018-09-08T17:30:00+09:00,J3,643,556,1199
2018-09-08T17:30:00+09:00,J4,403,328,731
2018-09-08T17:30:00+09:00,J5,217,229,446
2018-09-08T17:45:00+09:00,J1,423,384,807
2018-09-08T17:45:00+09:00,J2,345,279,624
2018-09-08T17:45:00+09:00,J3,635,481,1116
2018-09-08T17:45:00+09:00,J4,445,322,767
2018-09-08T17:45:00+09:00,J5,224,245,469
2018-09-08T18:00:00+09:00,J1,392,401,793
2018-09-08T18:00:00+09:00,J2,372,258,630
2018-09-08T18:00:00+09:00,J3,685,477,1162
2018-09-08T18:00:00+09:00,J4,467,316,783
2018-09-08T18:00:00+09:00,J5,359,319,678
2018-09-08T18:15:00+09:00,J1,381,433,814
2018-09-08T18:15:00+09:00,J2,485,386,871
2018-09-08T18:15:00+09:00,J3,717,506,1223
2018-09-08T18:15:00+09:00,J4,409,340,749
2018-09-08T18:15:00+09:00,J5,373,351,724
2018-09-08T18:30:00+09:00,J1,382,436,818
2018-09-08T18:30:00+09:00,J2,427,298,725
2018-09-08T18:30:00+09:00,J3,640,532,1172
2018-09-08T18:30:00+09:00,J4,396,280,676
2018-09-08T18:30:00+09:00,J5,357,359,716
2018-09-08T18:45:00+09:00,J1,410,440,850
2018-09-08T18:45:00+09:00,J2,353,245,598
2018-09-08T18:45:00+09:00,J3,690,551,1241
2018-09-08T18:45:00+09:00,J4,384,282,666
2018-09-08T18:45:00+09:00,J5,321,349,670
2018-09-08T19:00:00+09:00,J1,402,436,838
2018-09-08T19:00:00+09:00,J2,325,308,633
2018-09-08T19:00:00+09:00,J3,589,545,1134
2018-09-08T19:00:00+09:00,J4,389,257,646
2018-09-08T19:00:00+09:00,J5,318,347,665
2018-09-08T19:15:00+09:00,J1,335,420,755
2018-09-08T19:15:00+09:00,J2,291,230,521
2018-09-08T19:15:00+09:00,J3,572,560,1132
2018-09-08T19:15:00+09:00,J4,365,270,635
2018-09-08T19:15:00+09:00,J5,264,273,537
2018-09-08T19:30:00+09:00,J1,365,353,718
2018-09-08T19:30:00+09:00,J2,247,263,510
2018-09-08T19:30:00+09:00,J3,465,441,906
2018-09-08T19:30:00+09:00,J4,373,354,727
2018-09-08T19:30:00+09:00,J5,298,334,632
2018-09-08T19:45:00+09:00,J1,306,341,647
2018-09-08T19:45:00+09:00,J2,316,250,566
2018-09-08T19:45:00+09:00,J3,548,488,1036
2018-09-08T19:45:00+09:00,J4,427,341,768
2018-09-08T19:45:00+09:00,J5,262,277,539
2018-09-08T20:00:00+09:00,J1,298,319,617
2018-09-08T20:00:00+09:00,J2,230,215,445
2018-09-08T20:00:00+09:00,J3,598,471,1069
2018-09-08T20:00:00+09:00,J4,374,376,750
2018-09-08T20:00:00+09:00,J5,299,340,639
2018-09-08T20:15:00+09:00,J1,341,390,731
2018-09-08T20:15:00+09:00,J2,280,242,522
2018-09-08T20:15:00+09:00,J3,517,464,981
2018-09-08T20:15:00+09:00,J4,436,343,779
2018-09-08T20:15:00+09:00,J5,353,375,728
2018-09-08T20:30:00+09:00,J1,338,320,658
2018-09-08T20:30:00+09:00,J2,280,242,522
2018-09-08T20:30:00+09:00,J3,447,405,852
2018-09-08T20:30:00+09:00,J4,397,418,815
2018-09-08T20:30:00+09:00,J5,315,434,749
2018-09-08T20:45:00+09:00,J1,289,309,598
2018-09-08T20:45:00+09:00,J2,228,252,480
2018-09-08T20:45:00+09:00,J3,441,367,808
2018-09-08T20:45:00+09:00,J4,416,355,771
2018-09-08T20:45:00+09:00,J5,292,391,683
2018-09-08T21:00:00+09:00,J1,252,273,525
2018-09-08T21:00:00+09:00,J2,317,333,650
2018-09-08T21:00:00+09:00,J3,389,285,674
2018-09-08T21:00:00+09:00,J4,396,384,780
2018-09-08T21:00:00+09:00,J5,253,418,671
2018-09-08T21:15:00+09:00,J1,302,340,642
2018-09-08T21:15:00+09:00,J2,250,268,518
2018-09-08T21:15:00+09:00,J3,316,276,592
2018-09-08T21:15:00+09:00,J4,391,342,733
2018-09-08T21:15:00+09:00,J5,292,400,692
2018-09-08T21:30:00+09:00,J1,280,331,611
2018-09-08T21:30:00+09:00,J2,252,288,540
2018-09-08T21:30:00+09:00,J3,387,334,721
2018-09-08T21:30:00+09:00,J4,327,292,619
2018-09-08T21:30:00+09:00,J5,286,375,661
2018-09-08T21:45:00+09:00,J1,280,286,566
2018-09-08T21:45:00+09:00,J2,279,284,563
2018-09-08T21:45:00+09:00,J3,397,339,736
2018-09-08T21:45:00+09:00,J4,371,294,665
2018-09-08T21:45:00+09:00,J5,285,374,659
2018-09-08T22:00:00+09:00,J1,277,305,582
2018-09-08T22:00:00+09:00,J2,355,293,648
2018-09-08T22:00:00+09:00,J3,368,301,669
2018-09-08T22:00:00+09:00,J4,419,424,843
2018-09-08T22:00:00+09:00,J5,252,351,603
2018-09-08T22:15:00+09:00,J1,255,288,543
2018-09-08T22:15:00+09:00,J2,248,245,493
2018-09-08T22:15:00+09:00,J3,339,287,626
2018-09-08T22:15:00+09:00,J4,400,375,775
2018-09-08T22:15:00+09:00,J5,259,352,611
2018-09-08T22:30:00+09:00,J1,244,253,497
2018-09-08T22:30:00+09:00,J2,317,308,625
2018-09-08T22:30:00+09:00,J3,461,370,831
2018-09-08T22:30:00+09:00,J4,397,399,796
2018-09-08T22:30:00+09:00,J5,216,270,486
2018-09-08T22:45:00+09:00,J1,244,287,531
2018-09-08T22:45:00+09:00,J2,343,330,673
2018-09-08T22:45:00+09:00,J3,412,398,810
2018-09-08T22:45:00+09:00,J4,442,412,854
2018-09-08T22:45:00+09:00,J5,200,231,431
2018-09-08T23:00:00+09:00,J1,306,258,564
2018-09-08T23:00:00+09:00,J2,345,333,678
2018-09-08T23:00:00+09:00,J3,319,248,567
2018-09-08T23:00:00+09:00,J4,382,357,739
2018-09-08T23:00:00+09:00,J5,254,280,534
2018-09-08T23:15:00+09:00,J1,261,276,537
2018-09-08T23:15:00+09:00,J2,268,306,574
2018-09-08T23:15:00+09:00,J3,390,306,696
2018-09-08T23:15:00+09:00,J4,373,358,731
2018-09-08T23:15:00+09:00,J5,232,226,458
2018-09-08T23:30:00+09:00,J1,306,289,595
2018-09-08T23:30:00+09:00,J2,296,302,598
2018-09-08T23:30:00+09:00,J3,414,383,797
2018-09-08T23:30:00+09:00,J4,391,341,732
2018-09-08T23:30:00+09:00,J5,196,205,401
2018-09-08T23:45:00+09:00,J1,281,281,562
2018-09-08T23:45:00+09:00,J2,294,350,644
2018-09-08T23:45:00+09:00,J3,341,300,641
2018-09-08T23:45:00+09:00,J4,398,389,787
2018-09-08T23:45:00+09:00,J5,210,283,493
2018-09-09T00:00:00+09:00,J1,279,273,552
2018-09-09T00:00:00+09:00,J2,275,263,538
2018-09-09T00:00:00+09:00,J3,454,396,850
2018-09-09T00:00:00+09:00,J4,471,445,916
2018-09-09T00:00:00+09:00,J5,268,304,572
2018-09-09T00:15:00+09:00,J1,203,212,415
2018-09-09T00:15:00+09:00,J2,234,260,494
2018-09-09T00:15:00+09:00,J3,476,399,875
2018-09-09T00:15:00+09:00,J4,354,318,672
2018-09-09T00:15:00+09:00,J5,201,190,391
2018-09-09T00:30:00+09:00,J1,212,223,435
2018-09-09T00:30:00+09:00,J2,292,256,548
2018-09-09T00:30:00+09:00,J3,543,411,954
2018-09-09T00:30:00+09:00,J4,127,119,246
2018-09-09T00:30:00+09:00,J5,186,200,386
2018-09-09T00:45:00+09:00,J1,209,214,423
2018-09-09T00:45:00+09:00,J2,251,280,531
2018-09-09T00:45:00+09:00,J3,576,446,1022
2018-09-09T00:45:00+09:00,J4,119,140,259
2018-09-09T00:45:00+09:00,J5,182,152,334
2018-09-09T05:45:00+09:00,J1,276,319,595
2018-09-09T05:45:00+09:00,J2,286,272,558
2018-09-09T05:45:00+09:00,J3,195,178,373
2018-09-09T05:45:00+09:00,J4,110,106,216
2018-09-09T05:45:00+09:00,J5,210,145,355
2018-09-09T06:00:00+09:00,J1,387,375,762
2018-09-09T06:00:00+09:00,J2,235,256,491
2018-09-09T06:00:00+09:00,J3,233,219,452
2018-09-09T06:00:00+09:00,J4,250,237,487
2018-09-09T06:00:00+09:00,J5,166,161,327
2018-09-09T06:15:00+09:00,J1,309,338,647
2018-09-09T06:15:00+09:00,J2,226,274,500
2018-09-09T06:15:00+09:00,J3,303,274,577
2018-09-09T06:15:00+09:00,J4,261,238,499
2018-09-09T06:15:00+09:00,J5,211,227,438
2018-09-09T06:30:00+09:00,J1,369,388,757
2018-09-09T06:30:00+09:00,J2,301,286,587
2018-09-09T06:30:00+09:00,J3,267,241,508
2018-09-09T06:30:00+09:00,J4,159,155,314
2018-09-09T06:30:00+09:00,J5,379,485,864
2018-09-09T06:45:00+09:00,J1,387,377,764
2018-09-09T06:45:00+09:00,J2,287,284,571
2018-09-09T06:45:00+09:00,J3,278,248,526
2018-09-09T06:45:00+09:00,J4,187,204,391
2018-09-09T06:45:00+09:00,J5,369,462,831
2018-09-09T07:00:00+09:00,J1,358,368,726
2018-09-09T07:00:00+09:00,J2,285,314,599
2018-09-09T07:00:00+09:00,J3,250,224,474
2018-09-09T07:00:00+09:00,J4,197,188,385
2018-09-09T07:00:00+09:00,J5,442,504,946
2018-09-09T07:15:00+09:00,J1,414,352,766
2018-09-09T07:15:00+09:00,J2,304,315,619
2018-09-09T07:15:00+09:00,J3,271,259,530
2018-09-09T07:15:00+09:00,J4,147,200,347
2018-09-09T07:15:00+09:00,J5,438,482,920
2018-09-09T07:30:00+09:00,J1,417,359,776
2018-09-09T07:30:00+09:00,J2,303,268,571
2018-09-09T07:30:00+09:00,J3,320,269,589
2018-09-09T07:30:00+09:00,J4,179,220,399
2018-09-09T07:30:00+09:00,J5,435,463,898
2018-09-09T07:45:00+09:00,J1,426,401,827
2018-09-09T07:45:00+09:00,J2,294,259,553
2018-09-09T07:45:00+09:00,J3,344,317,661
2018-09-09T07:45:00+09:00,J4,279,340,619
2018-09-09T07:45:00+09:00,J5,317,322,639
2018-09-09T08:00:00+09:00,J1,481,436,917
2018-09-09T08:00:00+09:00,J2,307,265,572
2018-09-09T08:00:00+09:00,J3,335,289,624
2018-09-09T08:00:00+09:00,J4,292,311,603
2018-09-09T08:00:00+09:00,J5,401,433,834
2018-09-09T08:15:00+09:00,J1,602,479,1081
2018-09-09T08:15:00+09:00,J2,347,279,626
2018-09-09T08:15:00+09:00,J3,270,277,547
2018-09-09T08:15:00+09:00,J4,396,427,823
2018-09-09T08:15:00+09:00,J5,362,374,736
2018-09-09T08:30:00+09:00,J1,558,473,1031
2018-09-09T08:30:00+09:00,J2,294,248,542
2018-09-09T08:30:00+09:00,J3,251,241,492
2018-09-09T08:30:00+09:00,J4,359,446,805
2018-09-09T08:30:00+09:00,J5,301,310,611
2018-09-09T08:45:00+09:00,J1,499,451,950
2018-09-09T08:45:00+09:00,J2,288,263,551
2018-09-09T08:45:00+09:00,J3,315,291,606
2018-09-09T08:45:00+09:00,J4,263,328,591
2018-09-09T08:45:00+09:00,J5,251,239,490
2018-09-09T09:00:00+09:00,J1,467,424,891
2018-09-09T09:00:00+09:00,J2,287,321,608
2018-09-09T09:00:00+09:00,J3,323,271,594
2018-09-09T09:00:00+09:00,J4,307,346,653
2018-09-09T09:00:00+09:00,J5,246,245,491
2018-09-09T09:15:00+09:00,J1,566,555,1121
2018-09-09T09:15:00+09:00,J2,317,231,548
2018-09-09T09:15:00+09:00,J3,288,289,577
2018-09-09T09:15:00+09:00,J4,327,338,665
2018-09-09T09:15:00+09:00,J5,322,390,712
2018-09-09T09:30:00+09:00,J1,519,441,960
2018-09-09T09:30:00+09:00,J2,297,325,622
2018-09-09T09:30:00+09:00,J3,314,240,554
2018-09-09T09:30:00+09:00,J4,375,350,725
2018-09-09T09:30:00+09:00,J5,367,371,738
2018-09-09T09:45:00+09:00,J1,598,579,1177
2018-09-09T09:45:00+09:00,J2,296,241,537
2018-09-09T09:45:00+09:00,J3,278,235,513
2018-09-09T09:45:00+09:00,J4,379,364,743
2018-09-09T09:45:00+09:00,J5,367,391,758
2018-09-09T10:00:00+09:00,J1,532,508,1040
2018-09-09T10:00:00+09:00,J2,312,291,603
2018-09-09T10:00:00+09:00,J3,331,311,642
2018-09-09T10:00:00+09:00,J4,340,403,743
2018-09-09T10:00:00+09:00,J5,307,307,614
2018-09-09T10:15:00+09:00,J1,620,539,1159
2018-09-09T10:15:00+09:00,J2,351,352,703
2018-09-09T10:15:00+09:00,J3,264,224,488
2018-09-09T10:15:00+09:00,J4,446,509,955
2018-09-09T10:15:00+09:00,J5,262,341,603
2018-09-09T10:30:00+09:00,J1,525,541,1066
2018-09-09T10:30:00+09:00,J2,325,278,603
2018-09-09T10:30:00+09:00,J3,304,281,585
2018-09-09T10:30:00+09:00,J4,351,344,695
2018-09-09T10:30:00+09:00,J5,307,384,691
2018-09-09T10:45:00+09:00,J1,539,521,1060
2018-09-09T10:45:00+09:00,J2,403,358,761
2018-09-09T10:45:00+09:00,J3,349,337,686
2018-09-09T10:45:00+09:00,J4,370,370,740
2018-09-09T10:45:00+09:00,J5,306,367,673
2018-09-09T11:00:00+09:00,J1,783,829,1612
2018-09-09T11:00:00+09:00,J2,339,322,661
2018-09-09T11:00:00+09:00,J3,163,180,343
2018-09-09T11:00:00+09:00,J4,442,498,940
2018-09-09T11:00:00+09:00,J5,362,397,759
2018-09-09T11:15:00+09:00,J1,867,804,1671
2018-09-09T11:15:00+09:00,J2,371,306,677
2018-09-09T11:15:00+09:00,J3,204,184,388
2018-09-09T11:15:00+09:00,J4,450,478,928
2018-09-09T11:15:00+09:00,J5,351,342,693
2018-09-09T11:30:00+09:00,J1,823,840,1663
2018-09-09T11:30:00+09:00,J2,328,351,679
2018-09-09T11:30:00+09:00,J3,240,229,469
2018-09-09T11:30:00+09:00,J4,395,362,757
2018-09-09T11:30:00+09:00,J5,289,313,602
2018-09-09T11:45:00+09:00,J1,865,913,1778
2018-09-09T11:45:00+09:00,J2,380,352,732
2018-09-09T11:45:00+09:00,J3,275,286,561
2018-09-09T11:45:00+09:00,J4,393,381,774
2018-09-09T11:45:00+09:00,J5,329,341,670
2018-09-09T12:00:00+09:00,J1,814,884,1698
2018-09-09T12:00:00+09:00,J2,438,307,745
2018-09-09T12:00:00+09:00,J3,326,327,653
2018-09-09T12:00:00+09:00,J4,471,363,834
2018-09-09T12:00:00+09:00,J5,302,367,669
2018-09-09T12:15:00+09:00,J1,910,927,1837
2018-09-09T12:15:00+09:00,J2,429,312,741
2018-09-09T12:15:00+09:00,J3,416,344,760
2018-09-09T12:15:00+09:00,J4,392,323,715
2018-09-09T12:15:00+09:00,J5,302,368,670
2018-09-09T12:30:00+09:00,J1,784,745,1529
2018-09-09T12:30:00+09:00,J2,370,297,667
2018-09-09T12:30:00+09:00,J3,301,307,608
2018-09-09T12:30:00+09:00,J4,387,361,748
2018-09-09T12:30:00+09:00,J5,302,338,640
2018-09-09T12:45:00+09:00,J1,720,833,1553
2018-09-09T12:45:00+09:00,J2,348,297,645
2018-09-09T12:45:00+09:00,J3,276,232,508
2018-09-09T12:45:00+09:00,J4,388,372,760
2018-09-09T12:45:00+09:00,J5,310,304,614
2018-09-09T13:00:00+09:00,J1,711,760,1471
2018-09-09T13:00:00+09:00,J2,363,289,652
2018-09-09T13:00:00+09:00,J3,282,255,537
2018-09-09T13:00:00+09:00,J4,407,386,793
2018-09-09T13:00:00+09:00,J5,325,335,660
2018-09-09T13:15:00+09:00,J1,799,810,1609
2018-09-09T13:15:00+09:00,J2,373,295,668
2018-09-09T13:15:00+09:00,J3,361,270,631
2018-09-09T13:15:00+09:00,J4,445,293,738
2018-09-09T13:15:00+09:00,J5,341,387,728
2018-09-09T13:30:00+09:00,J1,817,906,1723
2018-09-09T13:30:00+09:00,J2,378,286,664
2018-09-09T13:30:00+09:00,J3,327,332,659
2018-09-09T13:30:00+09:00,J4,383,355,738
2018-09-09T13:30:00+09:00,J5,364,388,752
2018-09-09T13:45:00+09:00,J1,821,858,1679
2018-09-09T13:45:00+09:00,J2,420,323,743
2018-09-09T13:45:00+09:00,J3,334,332,666
2018-09-09T13:45:00+09:00,J4,335,351,686
2018-09-09T13:45:00+09:00,J5,317,415,732
2018-09-09T14:00:00+09:00,J1,742,841,1583
2018-09-09T14:00:00+09:00,J2,347,333,680
2018-09-09T14:00:00+09:00,J3,294,297,591
2018-09-09T14:00:00+09:00,J4,365,340,705
2018-09-09T14:00:00+09:00,J5,298,376,674
2018-09-09T14:15:00+09:00,J1,858,924,1782
2018-09-09T14:15:00+09:00,J2,358,303,661
2018-09-09T14:15:00+09:00,J3,334,309,643
2018-09-09T14:15:00+09:00,J4,381,363,744
2018-09-09T14:15:00+09:00,J5,336,376,712
2018-09-09T14:30:00+09:00,J1,863,912,1775
2018-09-09T14:30:00+09:00,J2,314,282,596
2018-09-09T14:30:00+09:00,J3,330,322,652
2018-09-09T14:30:00+09:00,J4,339,378,717
2018-09-09T14:30:00+09:00,J5,283,319,602
2018-09-09T14:45:00+09:00,J1,794,882,1676
2018-09-09T14:45:00+09:00,J2,369,275,644
2018-09-09T14:45:00+09:00,J3,426,363,789
2018-09-09T14:45:00+09:00,J4,354,337,691
2018-09-09T14:45:00+09:00,J5,296,287,583
2018-09-09T15:00:00+09:00,J1,803,831,1634
2018-09-09T15:00:00+09:00,J2,311,274,585
2018-09-09T15:00:00+09:00,J3,366,368,734
2018-09-09T15:00:00+09:00,J4,361,348,709
2018-09-09T15:00:00+09:00,J5,270,294,564
2018-09-09T15:15:00+09:00,J1,752,853,1605
2018-09-09T15:15:00+09:00,J2,328,308,636
2018-09-09T15:15:00+09:00,J3,348,350,698
2018-09-09T15:15:00+09:00,J4,318,408,726
2018-09-09T15:15:00+09:00,J5,276,255,531
2018-09-09T15:30:00+09:00,J1,796,842,1638
2018-09-09T15:30:00+09:00,J2,316,267,583
2018-09-09T15:30:00+09:00,J3,380,357,737
2018-09-09T15:30:00+09:00,J4,375,321,696
2018-09-09T15:30:00+09:00,J5,293,271,564
2018-09-09T15:45:00+09:00,J1,813,842,1655
2018-09-09T15:45:00+09:00,J2,353,270,623
2018-09-09T15:45:00+09:00,J3,394,332,726
2018-09-09T15:45:00+09:00,J4,294,356,650
2018-09-09T15:45:00+09:00,J5,238,208,446
2018-09-09T16:00:00+09:00,J1,777,868,1645
2018-09-09T16:00:00+09:00,J2,344,324,668
2018-09-09T16:00:00+09:00,J3,355,338,693
2018-09-09T16:00:00+09:00,J4,336,341,677
2018-09-09T16:00:00+09:00,J5,292,284,576
2018-09-09T16:15:00+09:00,J1,794,846,1640
2018-09-09T16:15:00+09:00,J2,306,265,571
2018-09-09T16:15:00+09:00,J3,403,361,764
2018-09-09T16:15:00+09:00,J4,315,304,619
2018-09-09T16:15:00+09:00,J5,290,280,570
2018-09-09T16:30:00+09:00,J1,885,963,1848
2018-09-09T16:30:00+09:00,J2,336,316,652
2018-09-09T16:30:00+09:00,J3,431,418,849
2018-09-09T16:30:00+09:00,J4,386,352,738
2018-09-09T16:30:00+09:00,J5,246,254,500
2018-09-09T16:45:00+09:00,J1,830,843,1673
2018-09-09T16:45:00+09:00,J2,327,236,563
2018-09-09T16:45:00+09:00,J3,365,393,758
2018-09-09T16:45:00+09:00,J4,409,313,722
2018-09-09T16:45:00+09:00,J5,256,247,503
2018-09-09T17:00:00+09:00,J1,896,957,1853
2018-09-09T17:00:00+09:00,J2,347,295,642
2018-09-09T17:00:00+09:00,J3,498,497,995
2018-09-09T17:00:00+09:00,J4,404,387,791
2018-09-09T17:00:00+09:00,J5,292,345,637
2018-09-09T17:15:00+09:00,J1,899,971,1870
2018-09-09T17:15:00+09:00,J2,317,299,616
2018-09-09T17:15:00+09:00,J3,514,481,995
2018-09-09T17:15:00+09:00,J4,375,341,716
2018-09-09T17:15:00+09:00,J5,323,322,645
2018-09-09T17:30:00+09:00,J1,891,1009,1900
2018-09-09T17:30:00+09:00,J2,323,289,612
2018-09-09T17:30:00+09:00,J3,477,450,927
2018-09-09T17:30:00+09:00,J4,342,321,663
2018-09-09T17:30:00+09:00,J5,302,312,614
2018-09-09T17:45:00+09:00,J1,876,938,1814
2018-09-09T17:45:00+09:00,J2,315,251,566
2018-09-09T17:45:00+09:00,J3,507,459,966
2018-09-09T17:45:00+09:00,J4,343,348,691
2018-09-09T17:45:00+09:00,J5,322,299,621
2018-09-09T18:00:00+09:00,J1,942,932,1874
2018-09-09T18:00:00+09:00,J2,309,283,592
2018-09-09T18:00:00+09:00,J3,514,477,991
2018-09-09T18:00:00+09:00,J4,366,316,682
2018-09-09T18:00:00+09:00,J5,402,392,794
2018-09-09T18:15:00+09:00,J1,902,955,1857
2018-09-09T18:15:00+09:00,J2,401,276,677
2018-09-09T18:15:00+09:00,J3,550,424,974
2018-09-09T18:15:00+09:00,J4,391,382,773
2018-09-09T18:15:00+09:00,J5,388,431,819
2018-09-09T18:30:00+09:00,J1,766,857,1623
2018-09-09T18:30:00+09:00,J2,296,261,557
2018-09-09T18:30:00+09:00,J3,560,417,977
2018-09-09T18:30:00+09:00,J4,390,314,704
2018-09-09T18:30:00+09:00,J5,347,350,697
2018-09-09T18:45:00+09:00,J1,748,766,1514
2018-09-09T18:45:00+09:00,J2,329,330,659
2018-09-09T18:45:00+09:00,J3,466,490,956
2018-09-09T18:45:00+09:00,J4,399,307,706
2018-09-09T18:45:00+09:00,J5,352,355,707
2018-09-09T19:00:00+09:00,J1,490,525,1015
2018-09-09T19:00:00+09:00,J2,265,238,503
2018-09-09T19:00:00+09:00,J3,501,570,1071
2018-09-09T19:00:00+09:00,J4,390,355,745
2018-09-09T19:00:00+09:00,J5,394,454,848
2018-09-09T19:15:00+09:00,J1,480,577,1057
2018-09-09T19:15:00+09:00,J2,241,243,484
2018-09-09T19:15:00+09:00,J3,526,479,1005
2018-09-09T19:15:00+09:00,J4,496,480,976
2018-09-09T19:15:00+09:00,J5,397,516,913
2018-09-09T19:30:00+09:00,J1,438,441,879
2018-09-09T19:30:00+09:00,J2,246,242,488
2018-09-09T19:30:00+09:00,J3,412,388,800
2018-09-09T19:30:00+09:00,J4,428,412,840
2018-09-09T19:30:00+09:00,J5,409,488,897
2018-09-09T19:45:00+09:00,J1,400,477,877
2018-09-09T19:45:00+09:00,J2,250,282,532
2018-09-09T19:45:00+09:00,J3,446,378,824
2018-09-09T19:45:00+09:00,J4,425,455,880
2018-09-09T19:45:00+09:00,J5,420,489,909
2018-09-09T20:00:00+09:00,J1,444,501,945
2018-09-09T20:00:00+09:00,J2,288,288,576
2018-09-09T20:00:00+09:00,J3,395,341,736
2018-09-09T20:00:00+09:00,J4,398,366,764
2018-09-09T20:00:00+09:00,J5,424,470,894
2018-09-09T20:15:00+09:00,J1,409,437,846
2018-09-09T20:15:00+09:00,J2,252,270,522
2018-09-09T20:15:00+09:00,J3,414,354,768
2018-09-09T20:15:00+09:00,J4,350,319,669
2018-09-09T20:15:00+09:00,J5,390,469,859
2018-09-09T20:30:00+09:00,J1,410,428,838
2018-09-09T20:30:00+09:00,J2,223,280,503
2018-09-09T20:30:00+09:00,J3,367,256,623
2018-09-09T20:30:00+09:00,J4,383,374,757
2018-09-09T20:30:00+09:00,J5,359,458,817
2018-09-09T20:45:00+09:00,J1,405,428,833
2018-09-09T20:45:00+09:00,J2,238,256,494
2018-09-09T20:45:00+09:00,J3,277,233,510
2018-09-09T20:45:00+09:00,J4,375,388,763
2018-09-09T20:45:00+09:00,J5,383,418,801
2018-09-09T21:00:00+09:00,J1,389,373,762
2018-09-09T21:00:00+09:00,J2,274,291,565
2018-09-09T21:00:00+09:00,J3,208,155,363
2018-09-09T21:00:00+09:00,J4,346,287,633
2018-09-09T21:00:00+09:00,J5,375,392,767
2018-09-09T21:15:00+09:00,J1,461,459,920
2018-09-09T21:15:00+09:00,J2,234,246,480
2018-09-09T21:15:00+09:00,J3,199,180,379
2018-09-09T21:15:00+09:00,J4,402,308,710
2018-09-09T21:15:00+09:00,J5,329,424,753
2018-09-09T21:30:00+09:00,J1,386,435,821
2018-09-09T21:30:00+09:00,J2,249,247,496
2018-09-09T21:30:00+09:00,J3,198,148,346
2018-09-09T21:30:00+09:00,J4,324,275,599
2018-09-09T21:30:00+09:00,J5,330,426,756
2018-09-09T21:45:00+09:00,J1,363,402,765
2018-09-09T21:45:00+09:00,J2,265,278,543
2018-09-09T21:45:00+09:00,J3,185,140,325
2018-09-09T21:45:00+09:00,J4,239,248,487
2018-09-09T21:45:00+09:00,J5,312,385,697
2018-09-09T22:00:00+09:00,J1,420,479,899
2018-09-09T22:00:00+09:00,J2,273,275,548
2018-09-09T22:00:00+09:00,J3,188,156,344
2018-09-09T22:00:00+09:00,J4,288,251,539
2018-09-09T22:00:00+09:00,J5,329,318,647
2018-09-09T22:15:00+09:00,J1,380,396,776
2018-09-09T22:15:00+09:00,J2,239,266,505
2018-09-09T22:15:00+09:00,J3,169,153,322
2018-09-09T22:15:00+09:00,J4,301,306,607
2018-09-09T22:15:00+09:00,J5,300,268,568
2018-09-09T22:30:00+09:00,J1,467,489,956
2018-09-09T22:30:00+09:00,J2,259,287,546
2018-09-09T22:30:00+09:00,J3,168,148,316
2018-09-09T22:30:00+09:00,J4,371,359,730
2018-09-09T22:30:00+09:00,J5,255,282,537
2018-09-09T22:45:00+09:00,J1,332,414,746
2018-09-09T22:45:00+09:00,J2,279,314,593
2018-09-09T22:45:00+09:00,J3,186,138,324
2018-09-09T22:45:00+09:00,J4,360,303,663
2018-09-09T22:45:00+09:00,J5,268,259,527
2018-09-09T23:00:00+09:00,J1,516,509,1025
2018-09-09T23:00:00+09:00,J2,269,240,509
2018-09-09T23:00:00+09:00,J3,142,104,246
2018-09-09T23:00:00+09:00,J4,363,348,711
2018-09-09T23:00:00+09:00,J5,248,279,527
2018-09-09T23:15:00+09:00,J1,495,448,943
2018-09-09T23:15:00+09:00,J2,284,273,557
2018-09-09T23:15:00+09:00,J3,174,121,295
2018-09-09T23:15:00+09:00,J4,288,277,565
2018-09-09T23:15:00+09:00,J5,281,328,609
2018-09-09T23:30:00+09:00,J1,465,490,955
2018-09-09T23:30:00+09:00,J2,273,264,537
2018-09-09T23:30:00+09:00,J3,118,93,211
2018-09-09T23:30:00+09:00,J4,299,337,636
2018-09-09T23:30:00+09:00,J5,231,254,485
2018-09-09T23:45:00+09:00,J1,489,462,951
2018-09-09T23:45:00+09:00,J2,260,268,528
2018-09-09T23:45:00+09:00,J3,167,113,280
2018-09-09T23:45:00+09:00,J4,293,253,546
2018-09-09T23:45:00+09:00,J5,245,234,479
2018-09-10T00:00:00+09:00,J1,371,332,703
2018-09-10T00:00:00+09:00,J2,276,275,551
2018-09-10T00:00:00+09:00,J3,184,128,312
2018-09-10T00:00:00+09:00,J4,268,258,526
2018-09-10T00:00:00+09:00,J5,237,251,488
2018-09-10T00:15:00+09:00,J1,176,183,359
2018-09-10T00:15:00+09:00,J2,368,349,717
2018-09-10T00:15:00+09:00,J3,249,220,469
2018-09-10T00:15:00+09:00,J4,177,190,367
2018-09-10T00:15:00+09:00,J5,207,212,419
2018-09-10T00:30:00+09:00,J1,227,230,457
2018-09-10T00:30:00+09:00,J2,331,246,577
2018-09-10T00:30:00+09:00,J3,269,279,548
2018-09-10T00:30:00+09:00,J4,198,187,385
2018-09-10T00:30:00+09:00,J5,169,170,339
2018-09-10T00:45:00+09:00,J1,309,193,502
2018-09-10T00:45:00+09:00,J2,355,225,580
2018-09-10T00:45:00+09:00,J3,335,287,622
2018-09-10T00:45:00+09:00,J4,166,184,350
2018-09-10T00:45:00+09:00,J5,110,154,264
2018-09-10T05:45:00+09:00,J1,395,384,779
2018-09-10T05:45:00+09:00,J2,274,208,482
2018-09-10T05:45:00+09:00,J3,423,363,786
2018-09-10T05:45:00+09:00,J4,258,268,526
2018-09-10T06:00:00+09:00,J1,530,484,1014
2018-09-10T06:00:00+09:00,J2,381,412,793
2018-09-10T06:00:00+09:00,J3,485,457,942
2018-09-10T06:00:00+09:00,J4,257,284,541
2018-09-10T06:15:00+09:00,J1,428,435,863
2018-09-10T06:15:00+09:00,J2,397,367,764
2018-09-10T06:15:00+09:00,J3,435,396,831
2018-09-10T06:15:00+09:00,J4,320,346,666
2018-09-10T06:30:00+09:00,J1,438,436,874
2018-09-10T06:30:00+09:00,J2,349,344,693
2018-09-10T06:30:00+09:00,J3,331,356,687
2018-09-10T06:30:00+09:00,J4,334,390,724
2018-09-10T06:45:00+09:00,J1,525,465,990
2018-09-10T06:45:00+09:00,J2,349,283,632
2018-09-10T06:45:00+09:00,J3,456,463,919
2018-09-10T06:45:00+09:00,J4,294,321,615
2018-09-10T07:00:00+09:00,J1,602,549,1151
2018-09-10T07:00:00+09:00,J2,359,285,644
2018-09-10T07:00:00+09:00,J3,532,494,1026
2018-09-10T07:00:00+09:00,J4,351,381,732
2018-09-10T07:15:00+09:00,J1,674,598,1272
2018-09-10T07:15:00+09:00,J2,394,324,718
2018-09-10T07:15:00+09:00,J3,627,567,1194
2018-09-10T07:15:00+09:00,J4,371,442,813
2018-09-10T07:30:00+09:00,J1,779,625,1404
2018-09-10T07:30:00+09:00,J2,409,333,742
2018-09-10T07:30:00+09:00,J3,593,566,1159
2018-09-10T07:30:00+09:00,J4,474,581,1055
2018-09-10T07:45:00+09:00,J1,809,714,1523
2018-09-10T07:45:00+09:00,J2,470,296,766
2018-09-10T07:45:00+09:00,J3,510,547,1057
2018-09-10T07:45:00+09:00,J4,481,672,1153
2018-09-10T08:00:00+09:00,J1,1130,900,2030
2018-09-10T08:00:00+09:00,J2,558,410,968
2018-09-10T08:00:00+09:00,J3,622,667,1289
2018-09-10T08:00:00+09:00,J4,550,714,1264
2018-09-10T08:15:00+09:00,J1,1129,884,2013
2018-09-10T08:15:00+09:00,J2,698,458,1156
2018-09-10T08:15:00+09:00,J3,726,852,1578
2018-09-10T08:15:00+09:00,J4,580,821,1401
2018-09-10T08:30:00+09:00,J1,1270,879,2149
2018-09-10T08:30:00+09:00,J2,683,445,1128
2018-09-10T08:30:00+09:00,J3,668,858,1526
2018-09-10T08:30:00+09:00,J4,578,861,1439
2018-09-10T08:45:00+09:00,J1,997,880,1877
2018-09-10T08:45:00+09:00,J2,470,367,837
2018-09-10T08:45:00+09:00,J3,530,529,1059
2018-09-10T08:45:00+09:00,J4,466,585,1051
2018-09-10T09:00:00+09:00,J1,930,848,1778
2018-09-10T09:00:00+09:00,J2,441,333,774
2018-09-10T09:00:00+09:00,J3,526,503,1029
2018-09-10T09:00:00+09:00,J4,443,499,942
2018-09-10T09:15:00+09:00,J1,788,720,1508
2018-09-10T09:15:00+09:00,J2,359,285,644
2018-09-10T09:15:00+09:00,J3,434,397,831
2018-09-10T09:15:00+09:00,J4,451,544,995
2018-09-10T09:30:00+09:00,J1,844,736,1580
2018-09-10T09:30:00+09:00,J2,361,322,683
2018-09-10T09:30:00+09:00,J3,418,451,869
2018-09-10T09:30:00+09:00,J4,412,467,879
2018-09-10T09:45:00+09:00,J1,648,599,1247
2018-09-10T09:45:00+09:00,J2,414,297,711
2018-09-10T09:45:00+09:00,J3,374,411,785
2018-09-10T09:45:00+09:00,J4,385,389,774
2018-09-10T10:00:00+09:00,J1,738,671,1409
2018-09-10T10:00:00+09:00,J2,417,330,747
2018-09-10T10:00:00+09:00,J3,397,396,793
2018-09-10T10:00:00+09:00,J4,365,364,729
2018-09-10T10:15:00+09:00,J1,769,791,1560
2018-09-10T10:15:00+09:00,J2,380,333,713
2018-09-10T10:15:00+09:00,J3,409,389,798
2018-09-10T10:15:00+09:00,J4,375,422,797
2018-09-10T10:30:00+09:00,J1,729,707,1436
2018-09-10T10:30:00+09:00,J2,397,356,753
2018-09-10T10:30:00+09:00,J3,420,395,815
2018-09-10T10:30:00+09:00,J4,419,490,909
2018-09-10T10:45:00+09:00,J1,794,754,1548
2018-09-10T10:45:00+09:00,J2,376,375,751
2018-09-10T10:45:00+09:00,J3,453,376,829
2018-09-10T10:45:00+09:00,J4,435,427,862
2018-09-10T11:00:00+09:00,J1,708,769,1477
2018-09-10T11:00:00+09:00,J2,370,358,728
2018-09-10T11:00:00+09:00,J3,431,384,815
2018-09-10T11:00:00+09:00,J4,420,433,853
2018-09-10T11:15:00+09:00,J1,889,900,1789
2018-09-10T11:15:00+09:00,J2,416,358,774
2018-09-10T11:15:00+09:00,J3,434,459,893
2018-09-10T11:15:00+09:00,J4,409,411,820
2018-09-10T11:30:00+09:00,J1,934,977,1911
2018-09-10T11:30:00+09:00,J2,361,344,705
2018-09-10T11:30:00+09:00,J3,520,461,981
2018-09-10T11:30:00+09:00,J4,410,396,806
2018-09-10T11:45:00+09:00,J1,854,852,1706
2018-09-10T11:45:00+09:00,J2,340,355,695
2018-09-10T11:45:00+09:00,J3,602,502,1104
2018-09-10T11:45:00+09:00,J4,542,461,1003
2018-09-10T12:00:00+09:00,J1,846,882,1728
2018-09-10T12:00:00+09:00,J2,372,387,759
2018-09-10T12:00:00+09:00,J3,624,637,1261
2018-09-10T12:00:00+09:00,J4,480,482,962
2018-09-10T12:15:00+09:00,J1,745,835,1580
2018-09-10T12:15:00+09:00,J2,349,407,756
2018-09-10T12:15:00+09:00,J3,548,496,1044
2018-09-10T12:15:00+09:00,J4,445,442,887
2018-09-10T12:30:00+09:00,J1,815,900,1715
2018-09-10T12:30:00+09:00,J2,406,433,839
2018-09-10T12:30:00+09:00,J3,584,501,1085
2018-09-10T12:30:00+09:00,J4,470,475,945
2018-09-10T12:45:00+09:00,J1,799,790,1589
2018-09-10T12:45:00+09:00,J2,357,405,762
2018-09-10T12:45:00+09:00,J3,529,521,1050
2018-09-10T12:45:00+09:00,J4,457,423,880
2018-09-10T13:00:00+09:00,J1,746,708,1454
2018-09-10T13:00:00+09:00,J2,412,445,857
2018-09-10T13:00:00+09:00,J3,554,501,1055
2018-09-10T13:00:00+09:00,J4,454,430,884
2018-09-10T13:15:00+09:00,J1,829,825,1654
2018-09-10T13:15:00+09:00,J2,466,418,884
2018-09-10T13:15:00+09:00,J3,547,537,1084
2018-09-10T13:15:00+09:00,J4,447,432,879
2018-09-10T13:30:00+09:00,J1,795,841,1636
2018-09-10T13:30:00+09:00,J2,386,385,771
2018-09-10T13:30:00+09:00,J3,562,472,1034
2018-09-10T13:30:00+09:00,J4,400,416,816
2018-09-10T13:45:00+09:00,J1,785,769,1554
2018-09-10T13:45:00+09:00,J2,405,358,763
2018-09-10T13:45:00+09:00,J3,505,491,996
2018-09-10T13:45:00+09:00,J4,472,454,926
2018-09-10T14:00:00+09:00,J1,782,802,1584
2018-09-10T14:00:00+09:00,J2,399,349,748
2018-09-10T14:00:00+09:00,J3,538,451,989
2018-09-10T14:00:00+09:00,J4,447,407,854
2018-09-10T14:15:00+09:00,J1,696,799,1495
2018-09-10T14:15:00+09:00,J2,377,435,812
2018-09-10T14:15:00+09:00,J3,579,495,1074
2018-09-10T14:15:00+09:00,J4,409,390,799
2018-09-10T14:30:00+09:00,J1,795,902,1697
2018-09-10T14:30:00+09:00,J2,346,388,734
2018-09-10T14:30:00+09:00,J3,600,496,1096
2018-09-10T14:30:00+09:00,J4,465,433,898
2018-09-10T14:45:00+09:00,J1,813,790,1603
2018-09-10T14:45:00+09:00,J2,369,424,793
2018-09-10T14:45:00+09:00,J3,644,523,1167
2018-09-10T14:45:00+09:00,J4,424,415,839
2018-09-10T15:00:00+09:00,J1,762,925,1687
2018-09-10T15:00:00+09:00,J2,350,405,755
2018-09-10T15:00:00+09:00,J3,599,524,1123
2018-09-10T15:00:00+09:00,J4,488,400,888
2018-09-10T15:15:00+09:00,J1,766,776,1542
2018-09-10T15:15:00+09:00,J2,385,421,806
2018-09-10T15:15:00+09:00,J3,577,568,1145
2018-09-10T15:15:00+09:00,J4,443,399,842
2018-09-10T15:30:00+09:00,J1,784,832,1616
2018-09-10T15:30:00+09:00,J2,382,397,779
2018-09-10T15:30:00+09:00,J3,636,510,1146
2018-09-10T15:30:00+09:00,J4,462,420,882
2018-09-10T15:45:00+09:00,J1,795,840,1635
2018-09-10T15:45:00+09:00,J2,314,396,710
2018-09-10T15:45:00+09:00,J3,582,556,1138
2018-09-10T15:45:00+09:00,J4,491,445,936
2018-09-10T16:00:00+09:00,J1,770,833,1603
2018-09-10T16:00:00+09:00,J2,387,454,841
2018-09-10T16:00:00+09:00,J3,660,610,1270
2018-09-10T16:00:00+09:00,J4,382,364,746
2018-09-10T16:15:00+09:00,J1,828,892,1720
2018-09-10T16:15:00+09:00,J2,355,439,794
2018-09-10T16:15:00+09:00,J3,673,499,1172
2018-09-10T16:15:00+09:00,J4,445,411,856
2018-09-10T16:30:00+09:00,J1,736,791,1527
2018-09-10T16:30:00+09:00,J2,392,382,774
2018-09-10T16:30:00+09:00,J3,548,564,1112
2018-09-10T16:30:00+09:00,J4,462,463,925
2018-09-10T16:45:00+09:00,J1,729,716,1445
2018-09-10T16:45:00+09:00,J2,353,406,759
2018-09-10T16:45:00+09:00,J3,561,448,1009
2018-09-10T16:45:00+09:00,J4,403,409,812
2018-09-10T17:00:00+09:00,J1,809,877,1686
2018-09-10T17:00:00+09:00,J2,419,465,884
2018-09-10T17:00:00+09:00,J3,686,658,1344
2018-09-10T17:00:00+09:00,J4,469,400,869
2018-09-10T17:15:00+09:00,J1,862,1039,1901
2018-09-10T17:15:00+09:00,J2,456,507,963
2018-09-10T17:15:00+09:00,J3,760,652,1412
2018-09-10T17:15:00+09:00,J4,484,406,890
2018-09-10T17:30:00+09:00,J1,857,1149,2006
2018-09-10T17:30:00+09:00,J2,469,519,988
2018-09-10T17:30:00+09:00,J3,748,568,1316
2018-09-10T17:30:00+09:00,J4,451,404,855
2018-09-10T17:45:00+09:00,J1,931,1057,1988
2018-09-10T17:45:00+09:00,J2,476,571,1047
2018-09-10T17:45:00+09:00,J3,739,597,1336
2018-09-10T17:45:00+09:00,J4,530,363,893
2018-09-10T18:00:00+09:00,J1,913,1167,2080
2018-09-10T18:00:00+09:00,J2,466,585,1051
2018-09-10T18:00:00+09:00,J3,867,591,1458
2018-09-10T18:00:00+09:00,J4,578,384,962
2018-09-10T18:15:00+09:00,J1,899,1115,2014
2018-09-10T18:15:00+09:00,J2,477,624,1101
2018-09-10T18:15:00+09:00,J3,754,552,1306
2018-09-10T18:15:00+09:00,J4,561,392,953
2018-09-10T18:30:00+09:00,J1,847,957,1804
2018-09-10T18:30:00+09:00,J2,453,523,976
2018-09-10T18:30:00+09:00,J3,748,569,1317
2018-09-10T18:30:00+09:00,J4,571,382,953
2018-09-10T18:45:00+09:00,J1,733,865,1598
2018-09-10T18:45:00+09:00,J2,457,424,881
2018-09-10T18:45:00+09:00,J3,674,499,1173
2018-09-10T18:45:00+09:00,J4,503,436,939
2018-09-10T19:00:00+09:00,J1,665,790,1455
2018-09-10T19:00:00+09:00,J2,359,439,798
2018-09-10T19:00:00+09:00,J3,637,593,1230
2018-09-10T19:00:00+09:00,J4,562,434,996
2018-09-10T19:15:00+09:00,J1,657,807,1464
2018-09-10T19:15:00+09:00,J2,361,448,809
2018-09-10T19:15:00+09:00,J3,594,484,1078
2018-09-10T19:15:00+09:00,J4,592,443,1035
2018-09-10T19:30:00+09:00,J1,609,756,1365
2018-09-10T19:30:00+09:00,J2,439,395,834
2018-09-10T19:30:00+09:00,J3,544,431,975
2018-09-10T19:30:00+09:00,J4,543,387,930
2018-09-10T19:45:00+09:00,J1,579,703,1282
2018-09-10T19:45:00+09:00,J2,341,360,701
2018-09-10T19:45:00+09:00,J3,473,365,838
2018-09-10T19:45:00+09:00,J4,444,370,814
2018-09-10T20:00:00+09:00,J1,620,729,1349
2018-09-10T20:00:00+09:00,J2,391,370,761
2018-09-10T20:00:00+09:00,J3,473,374,847
2018-09-10T20:00:00+09:00,J4,427,363,790
2018-09-10T20:15:00+09:00,J1,561,662,1223
2018-09-10T20:15:00+09:00,J2,380,390,770
2018-09-10T20:15:00+09:00,J3,475,346,821
2018-09-10T20:15:00+09:00,J4,522,375,897
2018-09-10T20:30:00+09:00,J1,572,597,1169
2018-09-10T20:30:00+09:00,J2,375,324,699
2018-09-10T20:30:00+09:00,J3,415,352,767
2018-09-10T20:30:00+09:00,J4,352,307,659
2018-09-10T20:45:00+09:00,J1,616,663,1279
2018-09-10T20:45:00+09:00,J2,388,433,821
2018-09-10T20:45:00+09:00,J3,408,324,732
2018-09-10T20:45:00+09:00,J4,319,293,612
2018-09-10T21:00:00+09:00,J1,609,739,1348
2018-09-10T21:00:00+09:00,J2,374,482,856
2018-09-10T21:00:00+09:00,J3,457,401,858
2018-09-10T21:00:00+09:00,J4,358,317,675
2018-09-10T21:15:00+09:00,J1,764,829,1593
2018-09-10T21:15:00+09:00,J2,369,438,807
2018-09-10T21:15:00+09:00,J3,435,431,866
2018-09-10T21:15:00+09:00,J4,328,239,567
2018-09-10T21:30:00+09:00,J1,700,744,1444
2018-09-10T21:30:00+09:00,J2,436,468,904
2018-09-10T21:30:00+09:00,J3,427,439,866
2018-09-10T21:30:00+09:00,J4,293,229,522
2018-09-10T21:45:00+09:00,J1,583,676,1259
2018-09-10T21:45:00+09:00,J2,393,437,830
2018-09-10T21:45:00+09:00,J3,444,470,914
2018-09-10T21:45:00+09:00,J4,286,254,540
2018-09-10T22:00:00+09:00,J1,591,615,1206
2018-09-10T22:00:00+09:00,J2,435,439,874
2018-09-10T22:00:00+09:00,J3,535,462,997
2018-09-10T22:00:00+09:00,J4,345,317,662
2018-09-10T22:15:00+09:00,J1,680,651,1331
2018-09-10T22:15:00+09:00,J2,378,430,808
2018-09-10T22:15:00+09:00,J3,533,500,1033
2018-09-10T22:15:00+09:00,J4,371,350,721
2018-09-10T22:30:00+09:00,J1,567,646,1213
2018-09-10T22:30:00+09:00,J2,358,364,722
2018-09-10T22:30:00+09:00,J3,435,398,833
2018-09-10T22:30:00+09:00,J4,496,390,886
2018-09-10T22:45:00+09:00,J1,504,476,980
2018-09-10T22:45:00+09:00,J2,395,323,718
2018-09-10T22:45:00+09:00,J3,510,502,1012
2018-09-10T22:45:00+09:00,J4,520,509,1029
2018-09-10T23:00:00+09:00,J1,452,497,949
2018-09-10T23:00:00+09:00,J2,378,361,739
2018-09-10T23:00:00+09:00,J3,453,466,919
2018-09-10T23:00:00+09:00,J4,528,546,1074
2018-09-10T23:15:00+09:00,J1,451,480,931
2018-09-10T23:15:00+09:00,J2,338,365,703
2018-09-10T23:15:00+09:00,J3,514,555,1069
2018-09-10T23:15:00+09:00,J4,539,570,1109
2018-09-10T23:30:00+09:00,J1,541,586,1127
2018-09-10T23:30:00+09:00,J2,336,342,678
2018-09-10T23:30:00+09:00,J3,404,377,781
2018-09-10T23:30:00+09:00,J4,437,408,845
2018-09-10T23:45:00+09:00,J1,493,489,982
2018-09-10T23:45:00+09:00,J2,393,359,752
2018-09-10T23:45:00+09:00,J3,446,412,858
2018-09-10T23:45:00+09:00,J4,472,462,934
2018-09-11T00:00:00+09:00,J1,388,405,793
2018-09-11T00:00:00+09:00,J2,336,354,690
2018-09-11T00:00:00+09:00,J3,343,284,627
2018-09-11T00:00:00+09:00,J4,432,424,856
2018-09-11T00:15:00+09:00,J1,223,167,390
2018-09-11T00:15:00+09:00,J2,303,253,556
2018-09-11T00:15:00+09:00,J3,449,391,840
2018-09-11T00:15:00+09:00,J4,165,180,345
2018-09-11T00:30:00+09:00,J1,181,150,331
2018-09-11T00:30:00+09:00,J2,271,288,559
2018-09-11T00:30:00+09:00,J3,410,420,830
2018-09-11T00:30:00+09:00,J4,277,216,493
2018-09-11T00:45:00+09:00,J1,201,174,375
2018-09-11T00:45:00+09:00,J2,254,280,534
2018-09-11T00:45:00+09:00,J3,367,363,730
2018-09-11T00:45:00+09:00,J4,239,186,425
2018-09-11T05:45:00+09:00,J1,205,204,409
2018-09-11T05:45:00+09:00,J2,326,212,538
2018-09-11T05:45:00+09:00,J3,386,336,722
2018-09-11T05:45:00+09:00,J4,834,882,1716
2018-09-11T05:45:00+09:00,J5,161,137,298
2018-09-11T06:00:00+09:00,J1,300,295,595
2018-09-11T06:00:00+09:00,J2,453,382,835
2018-09-11T06:00:00+09:00,J3,549,505,1054
2018-09-11T06:00:00+09:00,J4,900,843,1743
2018-09-11T06:00:00+09:00,J5,148,137,285
2018-09-11T06:15:00+09:00,J1,489,414,903
2018-09-11T06:15:00+09:00,J2,402,417,819
2018-09-11T06:15:00+09:00,J3,533,500,1033
2018-09-11T06:15:00+09:00,J4,822,885,1707
2018-09-11T06:15:00+09:00,J5,222,247,469
2018-09-11T06:30:00+09:00,J1,486,473,959
2018-09-11T06:30:00+09:00,J2,398,396,794
2018-09-11T06:30:00+09:00,J3,399,345,744
2018-09-11T06:30:00+09:00,J4,695,756,1451
2018-09-11T06:30:00+09:00,J5,235,311,546
2018-09-11T06:45:00+09:00,J1,445,442,887
2018-09-11T06:45:00+09:00,J2,384,256,640
2018-09-11T06:45:00+09:00,J3,419,420,839
2018-09-11T06:45:00+09:00,J4,619,669,1288
2018-09-11T06:45:00+09:00,J5,272,298,570
2018-09-11T07:00:00+09:00,J1,702,639,1341
2018-09-11T07:00:00+09:00,J2,350,261,611
2018-09-11T07:00:00+09:00,J3,519,476,995
2018-09-11T07:00:00+09:00,J4,654,747,1401
2018-09-11T07:00:00+09:00,J5,278,304,582
2018-09-11T07:15:00+09:00,J1,751,717,1468
2018-09-11T07:15:00+09:00,J2,359,312,671
2018-09-11T07:15:00+09:00,J3,499,498,997
2018-09-11T07:15:00+09:00,J4,532,655,1187
2018-09-11T07:15:00+09:00,J5,311,321,632
2018-09-11T07:30:00+09:00,J1,814,690,1504
2018-09-11T07:30:00+09:00,J2,396,265,661
2018-09-11T07:30:00+09:00,J3,489,487,976
2018-09-11T07:30:00+09:00,J4,573,697,1270
2018-09-11T07:30:00+09:00,J5,342,407,749
2018-09-11T07:45:00+09:00,J1,982,863,1845
2018-09-11T07:45:00+09:00,J2,537,297,834
2018-09-11T07:45:00+09:00,J3,607,668,1275
2018-09-11T07:45:00+09:00,J4,713,905,1618
2018-09-11T07:45:00+09:00,J5,352,445,797
2018-09-11T08:00:00+09:00,J1,1195,961,2156
2018-09-11T08:00:00+09:00,J2,696,369,1065
2018-09-11T08:00:00+09:00,J3,703,846,1549
2018-09-11T08:00:00+09:00,J4,733,1166,1899
2018-09-11T08:00:00+09:00,J5,369,468,837
2018-09-11T08:15:00+09:00,J1,1175,819,1994
2018-09-11T08:15:00+09:00,J2,752,408,1160
2018-09-11T08:15:00+09:00,J3,773,950,1723
2018-09-11T08:15:00+09:00,J4,742,1148,1890
2018-09-11T08:15:00+09:00,J5,406,537,943
2018-09-11T08:30:00+09:00,J1,1188,846,2034
2018-09-11T08:30:00+09:00,J2,896,344,1240
2018-09-11T08:30:00+09:00,J3,598,1047,1645
2018-09-11T08:30:00+09:00,J4,704,1085,1789
2018-09-11T08:30:00+09:00,J5,401,526,927
2018-09-11T08:45:00+09:00,J1,1003,816,1819
2018-09-11T08:45:00+09:00,J2,597,333,930
2018-09-11T08:45:00+09:00,J3,553,733,1286
2018-09-11T08:45:00+09:00,J4,594,823,1417
2018-09-11T08:45:00+09:00,J5,326,408,734
2018-09-11T09:00:00+09:00,J1,1029,877,1906
2018-09-11T09:00:00+09:00,J2,491,451,942
2018-09-11T09:00:00+09:00,J3,628,606,1234
2018-09-11T09:00:00+09:00,J4,529,727,1256
2018-09-11T09:00:00+09:00,J5,316,366,682
2018-09-11T09:15:00+09:00,J1,822,740,1562
2018-09-11T09:15:00+09:00,J2,483,415,898
2018-09-11T09:15:00+09:00,J3,636,623,1259
2018-09-11T09:15:00+09:00,J4,578,670,1248
2018-09-11T09:15:00+09:00,J5,336,329,665
2018-09-11T09:30:00+09:00,J1,719,683,1402
2018-09-11T09:30:00+09:00,J2,447,393,840
2018-09-11T09:30:00+09:00,J3,589,642,1231
2018-09-11T09:30:00+09:00,J4,616,634,1250
2018-09-11T09:30:00+09:00,J5,332,443,775
2018-09-11T09:45:00+09:00,J1,707,692,1399
2018-09-11T09:45:00+09:00,J2,424,320,744
2018-09-11T09:45:00+09:00,J3,518,524,1042
2018-09-11T09:45:00+09:00,J4,474,477,951
2018-09-11T09:45:00+09:00,J5,348,416,764
2018-09-11T10:00:00+09:00,J1,620,579,1199
2018-09-11T10:00:00+09:00,J2,357,308,665
2018-09-11T10:00:00+09:00,J3,443,464,907
2018-09-11T10:00:00+09:00,J4,534,514,1048
2018-09-11T10:00:00+09:00,J5,343,446,789
2018-09-11T10:15:00+09:00,J1,650,647,1297
2018-09-11T10:15:00+09:00,J2,392,322,714
2018-09-11T10:15:00+09:00,J3,433,469,902
2018-09-11T10:15:00+09:00,J4,487,489,976
2018-09-11T10:15:00+09:00,J5,390,405,795
2018-09-11T10:30:00+09:00,J1,789,731,1520
2018-09-11T10:30:00+09:00,J2,441,321,762
2018-09-11T10:30:00+09:00,J3,432,467,899
2018-09-11T10:30:00+09:00,J4,658,636,1294
2018-09-11T10:30:00+09:00,J5,368,386,754
2018-09-11T10:45:00+09:00,J1,602,623,1225
2018-09-11T10:45:00+09:00,J2,409,321,730
2018-09-11T10:45:00+09:00,J3,416,424,840
2018-09-11T10:45:00+09:00,J4,683,608,1291
2018-09-11T10:45:00+09:00,J5,373,433,806
2018-09-11T11:00:00+09:00,J1,664,656,1320
2018-09-11T11:00:00+09:00,J2,426,391,817
2018-09-11T11:00:00+09:00,J3,360,402,762
2018-09-11T11:00:00+09:00,J4,625,696,1321
2018-09-11T11:00:00+09:00,J5,401,426,827
2018-09-11T11:15:00+09:00,J1,742,768,1510
2018-09-11T11:15:00+09:00,J2,404,402,806
2018-09-11T11:15:00+09:00,J3,382,448,830
2018-09-11T11:15:00+09:00,J4,649,663,1312
2018-09-11T11:15:00+09:00,J5,334,393,727
2018-09-11T11:30:00+09:00,J1,730,711,1441
2018-09-11T11:30:00+09:00,J2,432,377,809
2018-09-11T11:30:00+09:00,J3,450,455,905
2018-09-11T11:30:00+09:00,J4,667,802,1469
2018-09-11T11:30:00+09:00,J5,359,392,751
2018-09-11T11:45:00+09:00,J1,795,778,1573
2018-09-11T11:45:00+09:00,J2,372,352,724
2018-09-11T11:45:00+09:00,J3,413,437,850
2018-09-11T11:45:00+09:00,J4,594,630,1224
2018-09-11T11:45:00+09:00,J5,382,436,818
2018-09-11T12:00:00+09:00,J1,677,655,1332
2018-09-11T12:00:00+09:00,J2,339,403,742
2018-09-11T12:00:00+09:00,J3,530,459,989
2018-09-11T12:00:00+09:00,J4,656,606,1262
2018-09-11T12:00:00+09:00,J5,443,407,850
2018-09-11T12:15:00+09:00,J1,639,690,1329
2018-09-11T12:15:00+09:00,J2,391,418,809
2018-09-11T12:15:00+09:00,J3,583,542,1125
2018-09-11T12:15:00+09:00,J4,690,773,1463
2018-09-11T12:15:00+09:00,J5,384,418,802
2018-09-11T12:30:00+09:00,J1,728,743,1471
2018-09-11T12:30:00+09:00,J2,375,425,800
2018-09-11T12:30:00+09:00,J3,609,565,1174
2018-09-11T12:30:00+09:00,J4,707,706,1413
2018-09-11T12:30:00+09:00,J5,382,351,733
2018-09-11T12:45:00+09:00,J1,780,820,1600
2018-09-11T12:45:00+09:00,J2,350,353,703
2018-09-11T12:45:00+09:00,J3,582,513,1095
2018-09-11T12:45:00+09:00,J4,722,654,1376
2018-09-11T12:45:00+09:00,J5,352,384,736
2018-09-11T13:00:00+09:00,J1,730,806,1536
2018-09-11T13:00:00+09:00,J2,328,439,767
2018-09-11T13:00:00+09:00,J3,580,528,1108
2018-09-11T13:00:00+09:00,J4,656,695,1351
2018-09-11T13:00:00+09:00,J5,372,376,748
2018-09-11T13:15:00+09:00,J1,749,671,1420
2018-09-11T13:15:00+09:00,J2,359,384,743
2018-09-11T13:15:00+09:00,J3,510,524,1034
2018-09-11T13:15:00+09:00,J4,656,665,1321
2018-09-11T13:15:00+09:00,J5,375,435,810
2018-09-11T13:30:00+09:00,J1,667,758,1425
2018-09-11T13:30:00+09:00,J2,411,380,791
2018-09-11T13:30:00+09:00,J3,561,574,1135
2018-09-11T13:30:00+09:00,J4,628,676,1304
2018-09-11T13:30:00+09:00,J5,283,323,606
2018-09-11T13:45:00+09:00,J1,688,733,1421
2018-09-11T13:45:00+09:00,J2,350,414,764
2018-09-11T13:45:00+09:00,J3,604,499,1103
2018-09-11T13:45:00+09:00,J4,680,703,1383
2018-09-11T13:45:00+09:00,J5,374,374,748
2018-09-11T14:00:00+09:00,J1,700,758,1458
2018-09-11T14:00:00+09:00,J2,387,402,789
2018-09-11T14:00:00+09:00,J3,557,531,1088
2018-09-11T14:00:00+09:00,J4,630,716,1346
2018-09-11T14:00:00+09:00,J5,354,416,770
2018-09-11T14:15:00+09:00,J1,722,760,1482
2018-09-11T14:15:00+09:00,J2,359,402,761
2018-09-11T14:15:00+09:00,J3,558,509,1067
2018-09-11T14:15:00+09:00,J4,658,746,1404
2018-09-11T14:15:00+09:00,J5,319,337,656
2018-09-11T14:30:00+09:00,J1,816,785,1601
2018-09-11T14:30:00+09:00,J2,327,425,752
2018-09-11T14:30:00+09:00,J3,559,490,1049
2018-09-11T14:30:00+09:00,J4,688,650,1338
2018-09-11T14:30:00+09:00,J5,402,380,782
2018-09-11T14:45:00+09:00,J1,590,722,1312
2018-09-11T14:45:00+09:00,J2,302,403,705
2018-09-11T14:45:00+09:00,J3,618,502,1120
2018-09-11T14:45:00+09:00,J4,651,567,1218
2018-09-11T14:45:00+09:00,J5,335,361,696
2018-09-11T15:00:00+09:00,J1,647,737,1384
2018-09-11T15:00:00+09:00,J2,356,422,778
2018-09-11T15:00:00+09:00,J3,608,523,1131
2018-09-11T15:00:00+09:00,J4,642,595,1237
2018-09-11T15:00:00+09:00,J5,341,353,694
2018-09-11T15:15:00+09:00,J1,804,837,1641
2018-09-11T15:15:00+09:00,J2,341,430,771
2018-09-11T15:15:00+09:00,J3,621,531,1152
2018-09-11T15:15:00+09:00,J4,657,555,1212
2018-09-11T15:15:00+09:00,J5,320,399,719
2018-09-11T15:30:00+09:00,J1,744,703,1447
2018-09-11T15:30:00+09:00,J2,368,380,748
2018-09-11T15:30:00+09:00,J3,578,532,1110
2018-09-11T15:30:00+09:00,J4,607,657,1264
2018-09-11T15:30:00+09:00,J5,359,397,756
2018-09-11T15:45:00+09:00,J1,766,786,1552
2018-09-11T15:45:00+09:00,J2,310,391,701
2018-09-11T15:45:00+09:00,J3,558,520,1078
2018-09-11T15:45:00+09:00,J4,619,620,1239
2018-09-11T15:45:00+09:00,J5,383,409,792
2018-09-11T16:00:00+09:00,J1,637,734,1371
2018-09-11T16:00:00+09:00,J2,371,439,810
2018-09-11T16:00:00+09:00,J3,550,481,1031
2018-09-11T16:00:00+09:00,J4,593,655,1248
2018-09-11T16:00:00+09:00,J5,370,386,756
2018-09-11T16:15:00+09:00,J1,727,810,1537
2018-09-11T16:15:00+09:00,J2,393,463,856
2018-09-11T16:15:00+09:00,J3,563,563,1126
2018-09-11T16:15:00+09:00,J4,616,676,1292
2018-09-11T16:15:00+09:00,J5,391,425,816
2018-09-11T16:30:00+09:00,J1,793,876,1669
2018-09-11T16:30:00+09:00,J2,343,410,753
2018-09-11T16:30:00+09:00,J3,564,510,1074
2018-09-11T16:30:00+09:00,J4,793,759,1552
2018-09-11T16:30:00+09:00,J5,346,437,783
2018-09-11T16:45:00+09:00,J1,672,737,1409
2018-09-11T16:45:00+09:00,J2,348,421,769
2018-09-11T16:45:00+09:00,J3,583,513,1096
2018-09-11T16:45:00+09:00,J4,715,709,1424
2018-09-11T16:45:00+09:00,J5,393,484,877
2018-09-11T17:00:00+09:00,J1,819,916,1735
2018-09-11T17:00:00+09:00,J2,352,471,823
2018-09-11T17:00:00+09:00,J3,734,603,1337
2018-09-11T17:00:00+09:00,J4,704,668,1372
2018-09-11T17:00:00+09:00,J5,425,504,929
2018-09-11T17:15:00+09:00,J1,875,1069,1944
2018-09-11T17:15:00+09:00,J2,436,527,963
2018-09-11T17:15:00+09:00,J3,747,655,1402
2018-09-11T17:15:00+09:00,J4,852,757,1609
2018-09-11T17:15:00+09:00,J5,390,578,968
2018-09-11T17:30:00+09:00,J1,863,973,1836
2018-09-11T17:30:00+09:00,J2,451,588,1039
2018-09-11T17:30:00+09:00,J3,726,640,1366
2018-09-11T17:30:00+09:00,J4,944,829,1773
2018-09-11T17:30:00+09:00,J5,366,620,986
2018-09-11T17:45:00+09:00,J1,863,1004,1867
2018-09-11T17:45:00+09:00,J2,493,609,1102
2018-09-11T17:45:00+09:00,J3,749,604,1353
2018-09-11T17:45:00+09:00,J4,901,876,1777
2018-09-11T17:45:00+09:00,J5,465,632,1097
2018-09-11T18:00:00+09:00,J1,937,1092,2029
2018-09-11T18:00:00+09:00,J2,470,597,1067
2018-09-11T18:00:00+09:00,J3,795,633,1428
2018-09-11T18:00:00+09:00,J4,981,740,1721
2018-09-11T18:00:00+09:00,J5,460,632,1092
2018-09-11T18:15:00+09:00,J1,804,1065,1869
2018-09-11T18:15:00+09:00,J2,466,625,1091
2018-09-11T18:15:00+09:00,J3,667,571,1238
2018-09-11T18:15:00+09:00,J4,1030,788,1818
2018-09-11T18:15:00+09:00,J5,470,651,1121
2018-09-11T18:30:00+09:00,J1,801,1055,1856
2018-09-11T18:30:00+09:00,J2,451,595,1046
2018-09-11T18:30:00+09:00,J3,572,524,1096
2018-09-11T18:30:00+09:00,J4,880,711,1591
2018-09-11T18:30:00+09:00,J5,450,610,1060
2018-09-11T18:45:00+09:00,J1,721,829,1550
2018-09-11T18:45:00+09:00,J2,386,507,893
2018-09-11T18:45:00+09:00,J3,527,493,1020
2018-09-11T18:45:00+09:00,J4,777,617,1394
2018-09-11T18:45:00+09:00,J5,453,512,965
2018-09-11T19:00:00+09:00,J1,625,745,1370
2018-09-11T19:00:00+09:00,J2,347,421,768
2018-09-11T19:00:00+09:00,J3,493,401,894
2018-09-11T19:00:00+09:00,J4,687,516,1203
2018-09-11T19:00:00+09:00,J5,415,568,983
2018-09-11T19:15:00+09:00,J1,704,835,1539
2018-09-11T19:15:00+09:00,J2,333,444,777
2018-09-11T19:15:00+09:00,J3,503,432,935
2018-09-11T19:15:00+09:00,J4,680,530,1210
2018-09-11T19:15:00+09:00,J5,406,521,927
2018-09-11T19:30:00+09:00,J1,726,877,1603
2018-09-11T19:30:00+09:00,J2,304,387,691
2018-09-11T19:30:00+09:00,J3,438,403,841
2018-09-11T19:30:00+09:00,J4,616,544,1160
2018-09-11T19:30:00+09:00,J5,425,482,907
2018-09-11T19:45:00+09:00,J1,676,738,1414
2018-09-11T19:45:00+09:00,J2,313,348,661
2018-09-11T19:45:00+09:00,J3,408,404,812
2018-09-11T19:45:00+09:00,J4,581,565,1146
2018-09-11T19:45:00+09:00,J5,373,437,810
2018-09-11T20:00:00+09:00,J1,661,664,1325
2018-09-11T20:00:00+09:00,J2,412,350,762
2018-09-11T20:00:00+09:00,J3,451,371,822
2018-09-11T20:00:00+09:00,J4,604,525,1129
2018-09-11T20:00:00+09:00,J5,359,396,755
2018-09-11T20:15:00+09:00,J1,541,646,1187
2018-09-11T20:15:00+09:00,J2,385,364,749
2018-09-11T20:15:00+09:00,J3,416,365,781
2018-09-11T20:15:00+09:00,J4,771,649,1420
2018-09-11T20:15:00+09:00,J5,357,406,763
2018-09-11T20:30:00+09:00,J1,515,607,1122
2018-09-11T20:30:00+09:00,J2,251,314,565
2018-09-11T20:30:00+09:00,J3,370,337,707
2018-09-11T20:30:00+09:00,J4,816,736,1552
2018-09-11T20:30:00+09:00,J5,359,446,805
2018-09-11T20:45:00+09:00,J1,448,573,1021
2018-09-11T20:45:00+09:00,J2,276,329,605
2018-09-11T20:45:00+09:00,J3,322,329,651
2018-09-11T20:45:00+09:00,J4,840,756,1596
2018-09-11T20:45:00+09:00,J5,354,375,729
2018-09-11T21:00:00+09:00,J1,539,695,1234
2018-09-11T21:00:00+09:00,J2,227,300,527
2018-09-11T21:00:00+09:00,J3,299,266,565
2018-09-11T21:00:00+09:00,J4,845,876,1721
2018-09-11T21:00:00+09:00,J5,333,352,685
2018-09-11T21:15:00+09:00,J1,627,639,1266
2018-09-11T21:15:00+09:00,J2,238,313,551
2018-09-11T21:15:00+09:00,J3,346,294,640
2018-09-11T21:15:00+09:00,J4,844,771,1615
2018-09-11T21:15:00+09:00,J5,367,388,755
2018-09-11T21:30:00+09:00,J1,600,689,1289
2018-09-11T21:30:00+09:00,J2,213,274,487
2018-09-11T21:30:00+09:00,J3,345,382,727
2018-09-11T21:30:00+09:00,J4,878,843,1721
2018-09-11T21:30:00+09:00,J5,329,371,700
2018-09-11T21:45:00+09:00,J1,516,608,1124
2018-09-11T21:45:00+09:00,J2,212,225,437
2018-09-11T21:45:00+09:00,J3,272,246,518
2018-09-11T21:45:00+09:00,J4,937,879,1816
2018-09-11T21:45:00+09:00,J5,336,351,687
2018-09-11T22:00:00+09:00,J1,488,479,967
2018-09-11T22:00:00+09:00,J2,324,335,659
2018-09-11T22:00:00+09:00,J3,255,226,481
2018-09-11T22:00:00+09:00,J4,999,934,1933
2018-09-11T22:00:00+09:00,J5,333,301,634
2018-09-11T22:15:00+09:00,J1,503,584,1087
2018-09-11T22:15:00+09:00,J2,203,297,500
2018-09-11T22:15:00+09:00,J3,290,257,547
2018-09-11T22:15:00+09:00,J4,1116,1059,2175
2018-09-11T22:15:00+09:00,J5,336,279,615
2018-09-11T22:30:00+09:00,J1,551,625,1176
2018-09-11T22:30:00+09:00,J2,275,281,556
2018-09-11T22:30:00+09:00,J3,269,253,522
2018-09-11T22:30:00+09:00,J4,1203,1122,2325
2018-09-11T22:30:00+09:00,J5,351,431,782
2018-09-11T22:45:00+09:00,J1,639,731,1370
2018-09-11T22:45:00+09:00,J2,233,297,530
2018-09-11T22:45:00+09:00,J3,301,279,580
2018-09-11T22:45:00+09:00,J4,1164,1134,2298
2018-09-11T22:45:00+09:00,J5,342,388,730
2018-09-11T23:00:00+09:00,J1,580,659,1239
2018-09-11T23:00:00+09:00,J2,287,255,542
2018-09-11T23:00:00+09:00,J3,284,257,541
2018-09-11T23:00:00+09:00,J4,1130,1142,2272
2018-09-11T23:00:00+09:00,J5,265,374,639
2018-09-11T23:15:00+09:00,J1,506,610,1116
2018-09-11T23:15:00+09:00,J2,263,271,534
2018-09-11T23:15:00+09:00,J3,273,239,512
2018-09-11T23:15:00+09:00,J4,1121,1192,2313
2018-09-11T23:15:00+09:00,J5,285,347,632
2018-09-11T23:30:00+09:00,J1,653,677,1330
2018-09-11T23:30:00+09:00,J2,263,243,506
2018-09-11T23:30:00+09:00,J3,269,298,567
2018-09-11T23:30:00+09:00,J4,1071,1106,2177
2018-09-11T23:30:00+09:00,J5,240,266,506
2018-09-11T23:45:00+09:00,J1,448,522,970
2018-09-11T23:45:00+09:00,J2,275,284,559
2018-09-11T23:45:00+09:00,J3,259,262,521
2018-09-11T23:45:00+09:00,J4,1056,1068,2124
2018-09-11T23:45:00+09:00,J5,304,389,693
2018-09-12T00:00:00+09:00,J1,412,409,821
2018-09-12T00:00:00+09:00,J2,352,315,667
2018-09-12T00:00:00+09:00,J3,208,190,398
2018-09-12T00:00:00+09:00,J4,1112,1079,2191
2018-09-12T00:00:00+09:00,J5,238,279,517
2018-09-12T00:15:00+09:00,J1,190,253,443
2018-09-12T00:15:00+09:00,J2,390,342,732
2018-09-12T00:15:00+09:00,J3,447,407,854
2018-09-12T00:15:00+09:00,J4,473,449,922
2018-09-12T00:15:00+09:00,J5,196,223,419
2018-09-12T00:30:00+09:00,J1,183,155,338
2018-09-12T00:30:00+09:00,J2,343,365,708
2018-09-12T00:30:00+09:00,J3,455,498,953
2018-09-12T00:30:00+09:00,J4,294,327,621
2018-09-12T00:30:00+09:00,J5,185,191,376
2018-09-12T00:45:00+09:00,J1,125,91,216
2018-09-12T00:45:00+09:00,J2,317,413,730
2018-09-12T00:45:00+09:00,J3,351,332,683
2018-09-12T00:45:00+09:00,J4,257,260,517
2018-09-12T00:45:00+09:00,J5,198,185,383
2018-09-12T05:45:00+09:00,J1,457,483,940
2018-09-12T05:45:00+09:00,J2,328,239,567
2018-09-12T05:45:00+09:00,J3,403,379,782
2018-09-12T05:45:00+09:00,J4,253,226,479
2018-09-12T05:45:00+09:00,J5,205,192,397
2018-09-12T06:00:00+09:00,J1,529,555,1084
2018-09-12T06:00:00+09:00,J2,341,289,630
2018-09-12T06:00:00+09:00,J3,603,524,1127
2018-09-12T06:00:00+09:00,J4,307,283,590
2018-09-12T06:00:00+09:00,J5,265,223,488
2018-09-12T06:15:00+09:00,J1,652,606,1258
2018-09-12T06:15:00+09:00,J2,393,396,789
2018-09-12T06:15:00+09:00,J3,558,516,1074
2018-09-12T06:15:00+09:00,J4,473,505,978
2018-09-12T06:15:00+09:00,J5,279,288,567
2018-09-12T06:30:00+09:00,J1,548,544,1092
2018-09-12T06:30:00+09:00,J2,417,351,768
2018-09-12T06:30:00+09:00,J3,421,464,885
2018-09-12T06:30:00+09:00,J4,434,501,935
2018-09-12T06:30:00+09:00,J5,273,316,589
2018-09-12T06:45:00+09:00,J1,592,553,1145
2018-09-12T06:45:00+09:00,J2,405,470,875
2018-09-12T06:45:00+09:00,J3,428,401,829
2018-09-12T06:45:00+09:00,J4,735,829,1564
2018-09-12T06:45:00+09:00,J5,260,312,572
2018-09-12T07:00:00+09:00,J1,702,611,1313
2018-09-12T07:00:00+09:00,J2,476,495,971
2018-09-12T07:00:00+09:00,J3,480,424,904
2018-09-12T07:00:00+09:00,J4,730,849,1579
2018-09-12T07:00:00+09:00,J5,320,300,620
2018-09-12T07:15:00+09:00,J1,729,637,1366
2018-09-12T07:15:00+09:00,J2,407,383,790
2018-09-12T07:15:00+09:00,J3,581,527,1108
2018-09-12T07:15:00+09:00,J4,618,728,1346
2018-09-12T07:15:00+09:00,J5,275,246,521
2018-09-12T07:30:00+09:00,J1,733,608,1341
2018-09-12T07:30:00+09:00,J2,448,330,778
2018-09-12T07:30:00+09:00,J3,455,452,907
2018-09-12T07:30:00+09:00,J4,493,681,1174
2018-09-12T07:30:00+09:00,J5,357,439,796
2018-09-12T07:45:00+09:00,J1,786,650,1436
2018-09-12T07:45:00+09:00,J2,550,344,894
2018-09-12T07:45:00+09:00,J3,488,577,1065
2018-09-12T07:45:00+09:00,J4,693,927,1620
2018-09-12T07:45:00+09:00,J5,326,450,776
2018-09-12T08:00:00+09:00,J1,1111,760,1871
2018-09-12T08:00:00+09:00,J2,669,389,1058
2018-09-12T08:00:00+09:00,J3,623,776,1399
2018-09-12T08:00:00+09:00,J4,638,927,1565
2018-09-12T08:00:00+09:00,J5,374,457,831
2018-09-12T08:15:00+09:00,J1,1155,744,1899
2018-09-12T08:15:00+09:00,J2,703,415,1118
2018-09-12T08:15:00+09:00,J3,667,891,1558
2018-09-12T08:15:00+09:00,J4,722,1086,1808
2018-09-12T08:15:00+09:00,J5,473,508,981
2018-09-12T08:30:00+09:00,J1,1049,844,1893
2018-09-12T08:30:00+09:00,J2,637,416,1053
2018-09-12T08:30:00+09:00,J3,567,866,1433
2018-09-12T08:30:00+09:00,J4,727,1051,1778
2018-09-12T08:30:00+09:00,J5,420,370,790
2018-09-12T08:45:00+09:00,J1,769,728,1497
2018-09-12T08:45:00+09:00,J2,453,297,750
2018-09-12T08:45:00+09:00,J3,477,670,1147
2018-09-12T08:45:00+09:00,J4,696,848,1544
2018-09-12T08:45:00+09:00,J5,378,356,734
2018-09-12T09:00:00+09:00,J1,730,639,1369
2018-09-12T09:00:00+09:00,J2,425,297,722
2018-09-12T09:00:00+09:00,J3,436,451,887
2018-09-12T09:00:00+09:00,J4,625,795,1420
2018-09-12T09:00:00+09:00,J5,431,399,830
2018-09-12T09:15:00+09:00,J1,638,508,1146
2018-09-12T09:15:00+09:00,J2,418,303,721
2018-09-12T09:15:00+09:00,J3,389,421,810
2018-09-12T09:15:00+09:00,J4,636,768,1404
2018-09-12T09:15:00+09:00,J5,276,276,552
2018-09-12T09:30:00+09:00,J1,539,548,1087
2018-09-12T09:30:00+09:00,J2,327,321,648
2018-09-12T09:30:00+09:00,J3,369,429,798
2018-09-12T09:30:00+09:00,J4,639,750,1389
2018-09-12T09:30:00+09:00,J5,234,238,472
2018-09-12T09:45:00+09:00,J1,485,486,971
2018-09-12T09:45:00+09:00,J2,354,281,635
2018-09-12T09:45:00+09:00,J3,436,425,861
2018-09-12T09:45:00+09:00,J4,587,589,1176
2018-09-12T09:45:00+09:00,J5,236,215,451
2018-09-12T10:00:00+09:00,J1,404,375,779
2018-09-12T10:00:00+09:00,J2,285,250,535
2018-09-12T10:00:00+09:00,J3,440,352,792
2018-09-12T10:00:00+09:00,J4,604,661,1265
2018-09-12T10:00:00+09:00,J5,296,294,590
2018-09-12T10:15:00+09:00,J1,469,420,889
2018-09-12T10:15:00+09:00,J2,384,270,654
2018-09-12T10:15:00+09:00,J3,508,402,910
2018-09-12T10:15:00+09:00,J4,594,687,1281
2018-09-12T10:15:00+09:00,J5,354,340,694
2018-09-12T10:30:00+09:00,J1,509,440,949
2018-09-12T10:30:00+09:00,J2,342,332,674
2018-09-12T10:30:00+09:00,J3,513,376,889
2018-09-12T10:30:00+09:00,J4,606,638,1244
2018-09-12T10:30:00+09:00,J5,290,279,569
2018-09-12T10:45:00+09:00,J1,540,522,1062
2018-09-12T10:45:00+09:00,J2,404,373,777
2018-09-12T10:45:00+09:00,J3,533,445,978
2018-09-12T10:45:00+09:00,J4,583,557,1140
2018-09-12T10:45:00+09:00,J5,205,180,385
2018-09-12T11:00:00+09:00,J1,483,497,980
2018-09-12T11:00:00+09:00,J2,423,370,793
2018-09-12T11:00:00+09:00,J3,544,498,1042
2018-09-12T11:00:00+09:00,J4,594,583,1177
2018-09-12T11:00:00+09:00,J5,235,216,451
2018-09-12T11:15:00+09:00,J1,688,675,1363
2018-09-12T11:15:00+09:00,J2,452,400,852
2018-09-12T11:15:00+09:00,J3,607,540,1147
2018-09-12T11:15:00+09:00,J4,543,554,1097
2018-09-12T11:15:00+09:00,J5,221,146,367
2018-09-12T11:30:00+09:00,J1,647,633,1280
2018-09-12T11:30:00+09:00,J2,509,381,890
2018-09-12T11:30:00+09:00,J3,703,598,1301
2018-09-12T11:30:00+09:00,J4,602,578,1180
2018-09-12T11:30:00+09:00,J5,264,205,469
2018-09-12T11:45:00+09:00,J1,663,697,1360
2018-09-12T11:45:00+09:00,J2,457,421,878
2018-09-12T11:45:00+09:00,J3,715,513,1228
2018-09-12T11:45:00+09:00,J4,526,519,1045
2018-09-12T11:45:00+09:00,J5,173,143,316
2018-09-12T12:00:00+09:00,J1,623,799,1422
2018-09-12T12:00:00+09:00,J2,464,406,870
2018-09-12T12:00:00+09:00,J3,774,563,1337
2018-09-12T12:00:00+09:00,J4,529,487,1016
2018-09-12T12:00:00+09:00,J5,225,215,440
2018-09-12T12:15:00+09:00,J1,630,703,1333
2018-09-12T12:15:00+09:00,J2,458,419,877
2018-09-12T12:15:00+09:00,J3,685,581,1266
2018-09-12T12:15:00+09:00,J4,525,527,1052
2018-09-12T12:15:00+09:00,J5,235,203,438
2018-09-12T12:30:00+09:00,J1,600,645,1245
2018-09-12T12:30:00+09:00,J2,531,376,907
2018-09-12T12:30:00+09:00,J3,736,618,1354
2018-09-12T12:30:00+09:00,J4,478,481,959
2018-09-12T12:30:00+09:00,J5,256,234,490
2018-09-12T12:45:00+09:00,J1,568,609,1177
2018-09-12T12:45:00+09:00,J2,468,403,871
2018-09-12T12:45:00+09:00,J3,691,505,1196
2018-09-12T12:45:00+09:00,J4,499,480,979
2018-09-12T12:45:00+09:00,J5,227,234,461
2018-09-12T13:00:00+09:00,J1,517,610,1127
2018-09-12T13:00:00+09:00,J2,445,355,800
2018-09-12T13:00:00+09:00,J3,694,594,1288
2018-09-12T13:00:00+09:00,J4,459,510,969
2018-09-12T13:00:00+09:00,J5,266,240,506
2018-09-12T13:15:00+09:00,J1,560,663,1223
2018-09-12T13:15:00+09:00,J2,499,376,875
2018-09-12T13:15:00+09:00,J3,754,558,1312
2018-09-12T13:15:00+09:00,J4,576,546,1122
2018-09-12T13:15:00+09:00,J5,258,260,518
2018-09-12T13:30:00+09:00,J1,547,671,1218
2018-09-12T13:30:00+09:00,J2,448,398,846
2018-09-12T13:30:00+09:00,J3,684,623,1307
2018-09-12T13:30:00+09:00,J4,508,528,1036
2018-09-12T13:30:00+09:00,J5,237,236,473
2018-09-12T13:45:00+09:00,J1,535,673,1208
2018-09-12T13:45:00+09:00,J2,436,370,806
2018-09-12T13:45:00+09:00,J3,752,633,1385
2018-09-12T13:45:00+09:00,J4,444,438,882
2018-09-12T13:45:00+09:00,J5,228,228,456
2018-09-12T14:00:00+09:00,J1,540,667,1207
2018-09-12T14:00:00+09:00,J2,492,403,895
2018-09-12T14:00:00+09:00,J3,680,621,1301
2018-09-12T14:00:00+09:00,J4,472,477,949
2018-09-12T14:00:00+09:00,J5,234,266,500
2018-09-12T14:15:00+09:00,J1,514,604,1118
2018-09-12T14:15:00+09:00,J2,442,406,848
2018-09-12T14:15:00+09:00,J3,715,598,1313
2018-09-12T14:15:00+09:00,J4,394,451,845
2018-09-12T14:15:00+09:00,J5,324,275,599
2018-09-12T14:30:00+09:00,J1,568,687,1255
2018-09-12T14:30:00+09:00,J2,468,426,894
2018-09-12T14:30:00+09:00,J3,727,597,1324
2018-09-12T14:30:00+09:00,J4,505,455,960
2018-09-12T14:30:00+09:00,J5,320,301,621
2018-09-12T14:45:00+09:00,J1,530,675,1205
2018-09-12T14:45:00+09:00,J2,493,424,917
2018-09-12T14:45:00+09:00,J3,719,584,1303
2018-09-12T14:45:00+09:00,J4,415,411,826
2018-09-12T14:45:00+09:00,J5,303,257,560
2018-09-12T15:00:00+09:00,J1,570,649,1219
2018-09-12T15:00:00+09:00,J2,493,456,949
2018-09-12T15:00:00+09:00,J3,712,604,1316
2018-09-12T15:00:00+09:00,J4,455,423,878
2018-09-12T15:00:00+09:00,J5,360,337,697
2018-09-12T15:15:00+09:00,J1,590,713,1303
2018-09-12T15:15:00+09:00,J2,459,421,880
2018-09-12T15:15:00+09:00,J3,715,613,1328
2018-09-12T15:15:00+09:00,J4,456,405,861
2018-09-12T15:15:00+09:00,J5,358,344,702
2018-09-12T15:30:00+09:00,J1,572,725,1297
2018-09-12T15:30:00+09:00,J2,447,408,855
2018-09-12T15:30:00+09:00,J3,728,595,1323
2018-09-12T15:30:00+09:00,J4,547,545,1092
2018-09-12T15:30:00+09:00,J5,400,375,775
2018-09-12T15:45:00+09:00,J1,573,631,1204
2018-09-12T15:45:00+09:00,J2,473,395,868
2018-09-12T15:45:00+09:00,J3,703,637,1340
2018-09-12T15:45:00+09:00,J4,468,505,973
2018-09-12T15:45:00+09:00,J5,408,408,816
2018-09-12T16:00:00+09:00,J1,608,703,1311
2018-09-12T16:00:00+09:00,J2,443,420,863
2018-09-12T16:00:00+09:00,J3,644,608,1252
2018-09-12T16:00:00+09:00,J4,519,534,1053
2018-09-12T16:00:00+09:00,J5,431,449,880
2018-09-12T16:15:00+09:00,J1,597,706,1303
2018-09-12T16:15:00+09:00,J2,454,437,891
2018-09-12T16:15:00+09:00,J3,719,567,1286
2018-09-12T16:15:00+09:00,J4,505,540,1045
2018-09-12T16:15:00+09:00,J5,453,413,866
2018-09-12T16:30:00+09:00,J1,647,731,1378
2018-09-12T16:30:00+09:00,J2,458,429,887
2018-09-12T16:30:00+09:00,J3,690,587,1277
2018-09-12T16:30:00+09:00,J4,458,455,913
2018-09-12T16:30:00+09:00,J5,356,439,795
2018-09-12T16:45:00+09:00,J1,622,719,1341
2018-09-12T16:45:00+09:00,J2,476,434,910
2018-09-12T16:45:00+09:00,J3,692,574,1266
2018-09-12T16:45:00+09:00,J4,507,443,950
2018-09-12T16:45:00+09:00,J5,397,459,856
2018-09-12T17:00:00+09:00,J1,697,833,1530
2018-09-12T17:00:00+09:00,J2,495,456,951
2018-09-12T17:00:00+09:00,J3,811,660,1471
2018-09-12T17:00:00+09:00,J4,531,476,1007
2018-09-12T17:00:00+09:00,J5,398,434,832
2018-09-12T17:15:00+09:00,J1,778,928,1706
2018-09-12T17:15:00+09:00,J2,528,541,1069
2018-09-12T17:15:00+09:00,J3,864,692,1556
2018-09-12T17:15:00+09:00,J4,646,561,1207
2018-09-12T17:15:00+09:00,J5,469,515,984
2018-09-12T17:30:00+09:00,J1,737,1043,1780
2018-09-12T17:30:00+09:00,J2,551,598,1149
2018-09-12T17:30:00+09:00,J3,868,680,1548
2018-09-12T17:30:00+09:00,J4,754,662,1416
2018-09-12T17:30:00+09:00,J5,433,541,974
2018-09-12T17:45:00+09:00,J1,776,1051,1827
2018-09-12T17:45:00+09:00,J2,579,593,1172
2018-09-12T17:45:00+09:00,J3,880,674,1554
2018-09-12T17:45:00+09:00,J4,794,624,1418
2018-09-12T17:45:00+09:00,J5,451,599,1050
2018-09-12T18:00:00+09:00,J1,859,1164,2023
2018-09-12T18:00:00+09:00,J2,562,615,1177
2018-09-12T18:00:00+09:00,J3,859,631,1490
2018-09-12T18:00:00+09:00,J4,842,625,1467
2018-09-12T18:00:00+09:00,J5,423,545,968
2018-09-12T18:15:00+09:00,J1,770,1007,1777
2018-09-12T18:15:00+09:00,J2,564,622,1186
2018-09-12T18:15:00+09:00,J3,894,659,1553
2018-09-12T18:15:00+09:00,J4,759,618,1377
2018-09-12T18:15:00+09:00,J5,496,622,1118
2018-09-12T18:30:00+09:00,J1,733,973,1706
2018-09-12T18:30:00+09:00,J2,502,476,978
2018-09-12T18:30:00+09:00,J3,745,662,1407
2018-09-12T18:30:00+09:00,J4,746,552,1298
2018-09-12T18:30:00+09:00,J5,451,548,999
2018-09-12T18:45:00+09:00,J1,723,783,1506
2018-09-12T18:45:00+09:00,J2,445,483,928
2018-09-12T18:45:00+09:00,J3,646,541,1187
2018-09-12T18:45:00+09:00,J4,675,543,1218
2018-09-12T18:45:00+09:00,J5,399,467,866
2018-09-12T19:00:00+09:00,J1,555,615,1170
2018-09-12T19:00:00+09:00,J2,410,486,896
2018-09-12T19:00:00+09:00,J3,595,506,1101
2018-09-12T19:00:00+09:00,J4,711,602,1313
2018-09-12T19:00:00+09:00,J5,439,514,953
2018-09-12T19:15:00+09:00,J1,600,689,1289
2018-09-12T19:15:00+09:00,J2,486,381,867
2018-09-12T19:15:00+09:00,J3,571,505,1076
2018-09-12T19:15:00+09:00,J4,836,706,1542
2018-09-12T19:15:00+09:00,J5,411,495,906
2018-09-12T19:30:00+09:00,J1,560,653,1213
2018-09-12T19:30:00+09:00,J2,387,441,828
2018-09-12T19:30:00+09:00,J3,550,479,1029
2018-09-12T19:30:00+09:00,J4,741,618,1359
2018-09-12T19:30:00+09:00,J5,399,543,942
2018-09-12T19:45:00+09:00,J1,544,591,1135
2018-09-12T19:45:00+09:00,J2,359,412,771
2018-09-12T19:45:00+09:00,J3,521,496,1017
2018-09-12T19:45:00+09:00,J4,751,638,1389
2018-09-12T19:45:00+09:00,J5,452,518,970
2018-09-12T20:00:00+09:00,J1,558,626,1184
2018-09-12T20:00:00+09:00,J2,371,372,743
2018-09-12T20:00:00+09:00,J3,523,419,942
2018-09-12T20:00:00+09:00,J4,670,616,1286
2018-09-12T20:00:00+09:00,J5,364,506,870
2018-09-12T20:15:00+09:00,J1,516,662,1178
2018-09-12T20:15:00+09:00,J2,396,387,783
2018-09-12T20:15:00+09:00,J3,504,433,937
2018-09-12T20:15:00+09:00,J4,729,624,1353
2018-09-12T20:15:00+09:00,J5,438,489,927
2018-09-12T20:30:00+09:00,J1,524,676,1200
2018-09-12T20:30:00+09:00,J2,314,404,718
2018-09-12T20:30:00+09:00,J3,496,385,881
2018-09-12T20:30:00+09:00,J4,752,608,1360
2018-09-12T20:30:00+09:00,J5,403,551,954
2018-09-12T20:45:00+09:00,J1,526,596,1122
2018-09-12T20:45:00+09:00,J2,324,362,686
2018-09-12T20:45:00+09:00,J3,385,365,750
2018-09-12T20:45:00+09:00,J4,689,510,1199
2018-09-12T20:45:00+09:00,J5,390,498,888
2018-09-12T21:00:00+09:00,J1,548,640,1188
2018-09-12T21:00:00+09:00,J2,352,324,676
2018-09-12T21:00:00+09:00,J3,351,302,653
2018-09-12T21:00:00+09:00,J4,675,596,1271
2018-09-12T21:00:00+09:00,J5,383,494,877
2018-09-12T21:15:00+09:00,J1,597,667,1264
2018-09-12T21:15:00+09:00,J2,280,364,644
2018-09-12T21:15:00+09:00,J3,390,321,711
2018-09-12T21:15:00+09:00,J4,714,666,1380
2018-09-12T21:15:00+09:00,J5,427,477,904
2018-09-12T21:30:00+09:00,J1,403,521,924
2018-09-12T21:30:00+09:00,J2,257,344,601
2018-09-12T21:30:00+09:00,J3,306,296,602
2018-09-12T21:30:00+09:00,J4,821,738,1559
2018-09-12T21:30:00+09:00,J5,347,444,791
2018-09-12T21:45:00+09:00,J1,401,508,909
2018-09-12T21:45:00+09:00,J2,295,348,643
2018-09-12T21:45:00+09:00,J3,373,327,700
2018-09-12T21:45:00+09:00,J4,617,638,1255
2018-09-12T21:45:00+09:00,J5,456,517,973
2018-09-12T22:00:00+09:00,J1,481,559,1040
2018-09-12T22:00:00+09:00,J2,230,278,508
2018-09-12T22:00:00+09:00,J3,346,297,643
2018-09-12T22:00:00+09:00,J4,638,621,1259
2018-09-12T22:00:00+09:00,J5,463,536,999
2018-09-12T22:15:00+09:00,J1,530,612,1142
2018-09-12T22:15:00+09:00,J2,189,243,432
2018-09-12T22:15:00+09:00,J3,286,265,551
2018-09-12T22:15:00+09:00,J4,693,705,1398
2018-09-12T22:15:00+09:00,J5,339,384,723
2018-09-12T22:30:00+09:00,J1,427,473,900
2018-09-12T22:30:00+09:00,J2,253,264,517
2018-09-12T22:30:00+09:00,J3,304,241,545
2018-09-12T22:30:00+09:00,J4,786,813,1599
2018-09-12T22:30:00+09:00,J5,424,438,862
2018-09-12T22:45:00+09:00,J1,438,477,915
2018-09-12T22:45:00+09:00,J2,241,282,523
2018-09-12T22:45:00+09:00,J3,317,251,568
2018-09-12T22:45:00+09:00,J4,837,862,1699
2018-09-12T22:45:00+09:00,J5,235,243,478
2018-09-12T23:00:00+09:00,J1,412,448,860
2018-09-12T23:00:00+09:00,J2,237,270,507
2018-09-12T23:00:00+09:00,J3,299,262,561
2018-09-12T23:00:00+09:00,J4,840,848,1688
2018-09-12T23:00:00+09:00,J5,145,192,337
2018-09-12T23:15:00+09:00,J1,348,365,713
2018-09-12T23:15:00+09:00,J2,226,276,502
2018-09-12T23:15:00+09:00,J3,309,241,550
2018-09-12T23:15:00+09:00,J4,1056,1068,2124
2018-09-12T23:15:00+09:00,J5,214,230,444
2018-09-12T23:30:00+09:00,J1,396,369,765
2018-09-12T23:30:00+09:00,J2,282,265,547
2018-09-12T23:30:00+09:00,J3,331,248,579
2018-09-12T23:30:00+09:00,J4,893,935,1828
2018-09-12T23:30:00+09:00,J5,325,333,658
2018-09-12T23:45:00+09:00,J1,392,418,810
2018-09-12T23:45:00+09:00,J2,226,260,486
2018-09-12T23:45:00+09:00,J3,237,232,469
2018-09-12T23:45:00+09:00,J4,695,705,1400
2018-09-12T23:45:00+09:00,J5,236,280,516
2018-09-13T00:00:00+09:00,J1,257,256,513
2018-09-13T00:00:00+09:00,J2,262,227,489
2018-09-13T00:00:00+09:00,J3,254,175,429
2018-09-13T00:00:00+09:00,J4,768,787,1555
2018-09-13T00:00:00+09:00,J5,339,355,694
2018-09-13T00:15:00+09:00,J1,196,188,384
2018-09-13T00:15:00+09:00,J2,254,212,466
2018-09-13T00:15:00+09:00,J3,348,316,664
2018-09-13T00:15:00+09:00,J4,263,257,520
2018-09-13T00:15:00+09:00,J5,266,342,608
2018-09-13T00:30:00+09:00,J1,191,211,402
2018-09-13T00:30:00+09:00,J2,288,232,520
2018-09-13T00:30:00+09:00,J3,537,450,987
2018-09-13T00:30:00+09:00,J4,245,198,443
2018-09-13T00:30:00+09:00,J5,209,242,451
2018-09-13T00:45:00+09:00,J1,201,161,362
2018-09-13T00:45:00+09:00,J2,303,270,573
2018-09-13T00:45:00+09:00,J3,491,368,859
2018-09-13T00:45:00+09:00,J4,228,257,485
2018-09-13T00:45:00+09:00,J5,202,192,394
2018-09-13T05:45:00+09:00,J1,328,294,622
2018-09-13T05:45:00+09:00,J2,394,443,837
2018-09-13T05:45:00+09:00,J3,550,461,1011
2018-09-13T05:45:00+09:00,J4,356,233,589
2018-09-13T05:45:00+09:00,J5,176,205,381
2018-09-13T06:00:00+09:00,J1,342,344,686
2018-09-13T06:00:00+09:00,J2,391,454,845
2018-09-13T06:00:00+09:00,J3,307,300,607
2018-09-13T06:00:00+09:00,J4,341,296,637
2018-09-13T06:00:00+09:00,J5,274,361,635
2018-09-13T06:15:00+09:00,J1,408,351,759
2018-09-13T06:15:00+09:00,J2,361,383,744
2018-09-13T06:15:00+09:00,J3,327,316,643
2018-09-13T06:15:00+09:00,J4,489,588,1077
2018-09-13T06:15:00+09:00,J5,306,411,717
2018-09-13T06:30:00+09:00,J1,375,398,773
2018-09-13T06:30:00+09:00,J2,370,374,744
2018-09-13T06:30:00+09:00,J3,269,270,539
2018-09-13T06:30:00+09:00,J4,606,674,1280
2018-09-13T06:30:00+09:00,J5,256,427,683
2018-09-13T06:45:00+09:00,J1,535,463,998
2018-09-13T06:45:00+09:00,J2,362,271,633
2018-09-13T06:45:00+09:00,J3,426,345,771
2018-09-13T06:45:00+09:00,J4,503,540,1043
2018-09-13T06:45:00+09:00,J5,293,339,632
2018-09-13T07:00:00+09:00,J1,494,452,946
2018-09-13T07:00:00+09:00,J2,374,285,659
2018-09-13T07:00:00+09:00,J3,437,395,832
2018-09-13T07:00:00+09:00,J4,568,568,1136
2018-09-13T07:00:00+09:00,J5,282,335,617
2018-09-13T07:15:00+09:00,J1,429,395,824
2018-09-13T07:15:00+09:00,J2,392,293,685
2018-09-13T07:15:00+09:00,J3,350,333,683
2018-09-13T07:15:00+09:00,J4,544,705,1249
2018-09-13T07:15:00+09:00,J5,348,418,766
2018-09-13T07:30:00+09:00,J1,492,421,913
2018-09-13T07:30:00+09:00,J2,373,294,667
2018-09-13T07:30:00+09:00,J3,353,434,787
2018-09-13T07:30:00+09:00,J4,631,757,1388
2018-09-13T07:30:00+09:00,J5,329,393,722
2018-09-13T07:45:00+09:00,J1,709,532,1241
2018-09-13T07:45:00+09:00,J2,428,303,731
2018-09-13T07:45:00+09:00,J3,529,576,1105
2018-09-13T07:45:00+09:00,J4,618,905,1523
2018-09-13T07:45:00+09:00,J5,303,313,616
2018-09-13T08:00:00+09:00,J1,994,795,1789
2018-09-13T08:00:00+09:00,J2,569,451,1020
2018-09-13T08:00:00+09:00,J3,584,672,1256
2018-09-13T08:00:00+09:00,J4,649,918,1567
2018-09-13T08:00:00+09:00,J5,290,302,592
2018-09-13T08:15:00+09:00,J1,1108,761,1869
2018-09-13T08:15:00+09:00,J2,644,427,1071
2018-09-13T08:15:00+09:00,J3,646,850,1496
2018-09-13T08:15:00+09:00,J4,580,1021,1601
2018-09-13T08:15:00+09:00,J5,293,248,541
2018-09-13T08:30:00+09:00,J1,1240,775,2015
2018-09-13T08:30:00+09:00,J2,700,446,1146
2018-09-13T08:30:00+09:00,J3,780,908,1688
2018-09-13T08:30:00+09:00,J4,659,1055,1714
2018-09-13T08:30:00+09:00,J5,311,266,577
2018-09-13T08:45:00+09:00,J1,898,709,1607
2018-09-13T08:45:00+09:00,J2,556,379,935
2018-09-13T08:45:00+09:00,J3,650,662,1312
2018-09-13T08:45:00+09:00,J4,596,802,1398
2018-09-13T08:45:00+09:00,J5,284,229,513
2018-09-13T09:00:00+09:00,J1,829,694,1523
2018-09-13T09:00:00+09:00,J2,437,322,759
2018-09-13T09:00:00+09:00,J3,561,528,1089
2018-09-13T09:00:00+09:00,J4,486,632,1118
2018-09-13T09:00:00+09:00,J5,230,179,409
2018-09-13T09:15:00+09:00,J1,618,485,1103
2018-09-13T09:15:00+09:00,J2,443,362,805
2018-09-13T09:15:00+09:00,J3,473,454,927
2018-09-13T09:15:00+09:00,J4,517,664,1181
2018-09-13T09:15:00+09:00,J5,241,203,444
2018-09-13T09:30:00+09:00,J1,637,476,1113
2018-09-13T09:30:00+09:00,J2,396,390,786
2018-09-13T09:30:00+09:00,J3,550,484,1034
2018-09-13T09:30:00+09:00,J4,497,631,1128
2018-09-13T09:30:00+09:00,J5,243,141,384
2018-09-13T09:45:00+09:00,J1,504,380,884
2018-09-13T09:45:00+09:00,J2,421,380,801
2018-09-13T09:45:00+09:00,J3,630,491,1121
2018-09-13T09:45:00+09:00,J4,520,569,1089
2018-09-13T09:45:00+09:00,J5,208,137,345
2018-09-13T10:00:00+09:00,J1,446,445,891
2018-09-13T10:00:00+09:00,J2,454,383,837
2018-09-13T10:00:00+09:00,J3,683,544,1227
2018-09-13T10:00:00+09:00,J4,539,510,1049
2018-09-13T10:00:00+09:00,J5,199,170,369
2018-09-13T10:15:00+09:00,J1,510,521,1031
2018-09-13T10:15:00+09:00,J2,457,384,841
2018-09-13T10:15:00+09:00,J3,735,566,1301
2018-09-13T10:15:00+09:00,J4,554,504,1058
2018-09-13T10:15:00+09:00,J5,201,137,338
2018-09-13T10:30:00+09:00,J1,490,525,1015
2018-09-13T10:30:00+09:00,J2,491,341,832
2018-09-13T10:30:00+09:00,J3,682,585,1267
2018-09-13T10:30:00+09:00,J4,503,549,1052
2018-09-13T10:30:00+09:00,J5,246,160,406
2018-09-13T10:45:00+09:00,J1,489,476,965
2018-09-13T10:45:00+09:00,J2,502,333,835
2018-09-13T10:45:00+09:00,J3,755,728,1483
2018-09-13T10:45:00+09:00,J4,496,462,958
2018-09-13T10:45:00+09:00,J5,227,184,411
2018-09-13T11:00:00+09:00,J1,486,439,925
2018-09-13T11:00:00+09:00,J2,466,294,760
2018-09-13T11:00:00+09:00,J3,705,593,1298
2018-09-13T11:00:00+09:00,J4,429,447,876
2018-09-13T11:00:00+09:00,J5,201,179,380
2018-09-13T11:15:00+09:00,J1,662,681,1343
2018-09-13T11:15:00+09:00,J2,542,317,859
2018-09-13T11:15:00+09:00,J3,699,655,1354
2018-09-13T11:15:00+09:00,J4,466,511,977
2018-09-13T11:15:00+09:00,J5,226,210,436
2018-09-13T11:30:00+09:00,J1,685,711,1396
2018-09-13T11:30:00+09:00,J2,516,372,888
2018-09-13T11:30:00+09:00,J3,720,646,1366
2018-09-13T11:30:00+09:00,J4,456,518,974
2018-09-13T11:30:00+09:00,J5,226,203,429
2018-09-13T11:45:00+09:00,J1,664,620,1284
2018-09-13T11:45:00+09:00,J2,533,423,956
2018-09-13T11:45:00+09:00,J3,714,677,1391
2018-09-13T11:45:00+09:00,J4,506,483,989
2018-09-13T11:45:00+09:00,J5,231,225,456
2018-09-13T12:00:00+09:00,J1,668,625,1293
2018-09-13T12:00:00+09:00,J2,549,421,970
2018-09-13T12:00:00+09:00,J3,763,680,1443
2018-09-13T12:00:00+09:00,J4,578,616,1194
2018-09-13T12:00:00+09:00,J5,280,268,548
2018-09-13T12:15:00+09:00,J1,622,612,1234
2018-09-13T12:15:00+09:00,J2,544,456,1000
2018-09-13T12:15:00+09:00,J3,689,664,1353
2018-09-13T12:15:00+09:00,J4,411,509,920
2018-09-13T12:15:00+09:00,J5,223,200,423
2018-09-13T12:30:00+09:00,J1,615,695,1310
2018-09-13T12:30:00+09:00,J2,547,458,1005
2018-09-13T12:30:00+09:00,J3,654,700,1354
2018-09-13T12:30:00+09:00,J4,485,507,992
2018-09-13T12:30:00+09:00,J5,253,245,498
2018-09-13T12:45:00+09:00,J1,642,714,1356
2018-09-13T12:45:00+09:00,J2,473,519,992
2018-09-13T12:45:00+09:00,J3,780,672,1452
2018-09-13T12:45:00+09:00,J4,387,467,854
2018-09-13T12:45:00+09:00,J5,231,236,467
2018-09-13T13:00:00+09:00,J1,624,671,1295
2018-09-13T13:00:00+09:00,J2,415,520,935
2018-09-13T13:00:00+09:00,J3,704,612,1316
2018-09-13T13:00:00+09:00,J4,442,471,913
2018-09-13T13:00:00+09:00,J5,213,235,448
2018-09-13T13:15:00+09:00,J1,584,686,1270
2018-09-13T13:15:00+09:00,J2,455,537,992
2018-09-13T13:15:00+09:00,J3,741,643,1384
2018-09-13T13:15:00+09:00,J4,469,470,939
2018-09-13T13:15:00+09:00,J5,193,249,442
2018-09-13T13:30:00+09:00,J1,555,655,1210
2018-09-13T13:30:00+09:00,J2,493,530,1023
2018-09-13T13:30:00+09:00,J3,730,588,1318
2018-09-13T13:30:00+09:00,J4,368,492,860
2018-09-13T13:30:00+09:00,J5,206,232,438
2018-09-13T13:45:00+09:00,J1,465,552,1017
2018-09-13T13:45:00+09:00,J2,422,514,936
2018-09-13T13:45:00+09:00,J3,776,617,1393
2018-09-13T13:45:00+09:00,J4,434,399,833
2018-09-13T13:45:00+09:00,J5,179,209,388
2018-09-13T14:00:00+09:00,J1,538,598,1136
2018-09-13T14:00:00+09:00,J2,400,498,898
2018-09-13T14:00:00+09:00,J3,648,557,1205
2018-09-13T14:00:00+09:00,J4,353,356,709
2018-09-13T14:00:00+09:00,J5,214,237,451
2018-09-13T14:15:00+09:00,J1,540,645,1185
2018-09-13T14:15:00+09:00,J2,392,500,892
2018-09-13T14:15:00+09:00,J3,662,525,1187
2018-09-13T14:15:00+09:00,J4,372,326,698
2018-09-13T14:15:00+09:00,J5,181,188,369
2018-09-13T14:30:00+09:00,J1,604,615,1219
2018-09-13T14:30:00+09:00,J2,447,485,932
2018-09-13T14:30:00+09:00,J3,722,592,1314
2018-09-13T14:30:00+09:00,J4,457,354,811
2018-09-13T14:30:00+09:00,J5,195,214,409
2018-09-13T14:45:00+09:00,J1,584,600,1184
2018-09-13T14:45:00+09:00,J2,403,477,880
2018-09-13T14:45:00+09:00,J3,625,494,1119
2018-09-13T14:45:00+09:00,J4,421,354,775
2018-09-13T14:45:00+09:00,J5,229,218,447
2018-09-13T15:00:00+09:00,J1,517,674,1191
2018-09-13T15:00:00+09:00,J2,448,484,932
2018-09-13T15:00:00+09:00,J3,582,583,1165
2018-09-13T15:00:00+09:00,J4,499,433,932
2018-09-13T15:00:00+09:00,J5,189,201,390
2018-09-13T15:15:00+09:00,J1,538,659,1197
2018-09-13T15:15:00+09:00,J2,414,496,910
2018-09-13T15:15:00+09:00,J3,676,579,1255
2018-09-13T15:15:00+09:00,J4,347,350,697
2018-09-13T15:15:00+09:00,J5,214,241,455
2018-09-13T15:30:00+09:00,J1,591,622,1213
2018-09-13T15:30:00+09:00,J2,455,528,983
2018-09-13T15:30:00+09:00,J3,626,626,1252
2018-09-13T15:30:00+09:00,J4,337,329,666
2018-09-13T15:30:00+09:00,J5,218,228,446
2018-09-13T15:45:00+09:00,J1,439,515,954
2018-09-13T15:45:00+09:00,J2,432,459,891
2018-09-13T15:45:00+09:00,J3,641,549,1190
2018-09-13T15:45:00+09:00,J4,378,336,714
2018-09-13T15:45:00+09:00,J5,212,229,441
2018-09-13T16:00:00+09:00,J1,484,580,1064
2018-09-13T16:00:00+09:00,J2,428,509,937
2018-09-13T16:00:00+09:00,J3,698,569,1267
2018-09-13T16:00:00+09:00,J4,402,427,829
2018-09-13T16:00:00+09:00,J5,202,221,423
2018-09-13T16:15:00+09:00,J1,557,647,1204
2018-09-13T16:15:00+09:00,J2,404,495,899
2018-09-13T16:15:00+09:00,J3,668,555,1223
2018-09-13T16:15:00+09:00,J4,502,477,979
2018-09-13T16:15:00+09:00,J5,204,214,418
2018-09-13T16:30:00+09:00,J1,514,605,1119
2018-09-13T16:30:00+09:00,J2,402,564,966
2018-09-13T16:30:00+09:00,J3,663,547,1210
2018-09-13T16:30:00+09:00,J4,415,418,833
2018-09-13T16:30:00+09:00,J5,181,210,391
2018-09-13T16:45:00+09:00,J1,555,647,1202
2018-09-13T16:45:00+09:00,J2,407,479,886
2018-09-13T16:45:00+09:00,J3,637,597,1234
2018-09-13T16:45:00+09:00,J4,467,440,907
2018-09-13T16:45:00+09:00,J5,194,216,410
2018-09-13T17:00:00+09:00,J1,627,760,1387
2018-09-13T17:00:00+09:00,J2,458,564,1022
2018-09-13T17:00:00+09:00,J3,567,608,1175
2018-09-13T17:00:00+09:00,J4,532,406,938
2018-09-13T17:00:00+09:00,J5,214,238,452
2018-09-13T17:15:00+09:00,J1,634,850,1484
2018-09-13T17:15:00+09:00,J2,506,605,1111
2018-09-13T17:15:00+09:00,J3,566,633,1199
2018-09-13T17:15:00+09:00,J4,568,454,1022
2018-09-13T17:15:00+09:00,J5,253,332,585
2018-09-13T17:30:00+09:00,J1,720,940,1660
2018-09-13T17:30:00+09:00,J2,516,631,1147
2018-09-13T17:30:00+09:00,J3,616,598,1214
2018-09-13T17:30:00+09:00,J4,581,431,1012
2018-09-13T17:30:00+09:00,J5,233,264,497
2018-09-13T17:45:00+09:00,J1,757,995,1752
2018-09-13T17:45:00+09:00,J2,554,589,1143
2018-09-13T17:45:00+09:00,J3,631,625,1256
2018-09-13T17:45:00+09:00,J4,588,444,1032
2018-09-13T17:45:00+09:00,J5,252,305,557
2018-09-13T18:00:00+09:00,J1,771,1084,1855
2018-09-13T18:00:00+09:00,J2,544,598,1142
2018-09-13T18:00:00+09:00,J3,706,623,1329
2018-09-13T18:00:00+09:00,J4,629,487,1116
2018-09-13T18:00:00+09:00,J5,253,349,602
2018-09-13T18:15:00+09:00,J1,700,1005,1705
2018-09-13T18:15:00+09:00,J2,532,539,1071
2018-09-13T18:15:00+09:00,J3,673,478,1151
2018-09-13T18:15:00+09:00,J4,703,442,1145
2018-09-13T18:15:00+09:00,J5,257,346,603
2018-09-13T18:30:00+09:00,J1,657,930,1587
2018-09-13T18:30:00+09:00,J2,557,536,1093
2018-09-13T18:30:00+09:00,J3,598,463,1061
2018-09-13T18:30:00+09:00,J4,559,403,962
2018-09-13T18:30:00+09:00,J5,200,274,474
2018-09-13T18:45:00+09:00,J1,661,830,1491
2018-09-13T18:45:00+09:00,J2,454,495,949
2018-09-13T18:45:00+09:00,J3,513,461,974
2018-09-13T18:45:00+09:00,J4,469,364,833
2018-09-13T18:45:00+09:00,J5,256,275,531
2018-09-13T19:00:00+09:00,J1,558,673,1231
2018-09-13T19:00:00+09:00,J2,425,514,939
2018-09-13T19:00:00+09:00,J3,511,408,919
2018-09-13T19:00:00+09:00,J4,476,338,814
2018-09-13T19:00:00+09:00,J5,220,226,446
2018-09-13T19:15:00+09:00,J1,560,634,1194
2018-09-13T19:15:00+09:00,J2,443,460,903
2018-09-13T19:15:00+09:00,J3,530,406,936
2018-09-13T19:15:00+09:00,J4,494,330,824
2018-09-13T19:15:00+09:00,J5,218,226,444
2018-09-13T19:30:00+09:00,J1,507,582,1089
2018-09-13T19:30:00+09:00,J2,404,480,884
2018-09-13T19:30:00+09:00,J3,548,481,1029
2018-09-13T19:30:00+09:00,J4,455,293,748
2018-09-13T19:30:00+09:00,J5,191,245,436
2018-09-13T19:45:00+09:00,J1,495,502,997
2018-09-13T19:45:00+09:00,J2,388,414,802
2018-09-13T19:45:00+09:00,J3,543,455,998
2018-09-13T19:45:00+09:00,J4,463,328,791
2018-09-13T19:45:00+09:00,J5,202,227,429
2018-09-13T20:00:00+09:00,J1,499,502,1001
2018-09-13T20:00:00+09:00,J2,342,416,758
2018-09-13T20:00:00+09:00,J3,553,455,1008
2018-09-13T20:00:00+09:00,J4,549,451,1000
2018-09-13T20:00:00+09:00,J5,198,191,389
2018-09-13T20:15:00+09:00,J1,394,495,889
2018-09-13T20:15:00+09:00,J2,364,408,772
2018-09-13T20:15:00+09:00,J3,481,415,896
2018-09-13T20:15:00+09:00,J4,468,362,830
2018-09-13T20:15:00+09:00,J5,191,216,407
2018-09-13T20:30:00+09:00,J1,374,456,830
2018-09-13T20:30:00+09:00,J2,335,407,742
2018-09-13T20:30:00+09:00,J3,513,534,1047
2018-09-13T20:30:00+09:00,J4,474,424,898
2018-09-13T20:30:00+09:00,J5,169,215,384
2018-09-13T20:45:00+09:00,J1,419,488,907
2018-09-13T20:45:00+09:00,J2,347,395,742
2018-09-13T20:45:00+09:00,J3,544,528,1072
2018-09-13T20:45:00+09:00,J4,492,398,890
2018-09-13T20:45:00+09:00,J5,189,171,360
2018-09-13T21:00:00+09:00,J1,455,470,925
2018-09-13T21:00:00+09:00,J2,333,410,743
2018-09-13T21:00:00+09:00,J3,469,448,917
2018-09-13T21:00:00+09:00,J4,396,338,734
2018-09-13T21:00:00+09:00,J5,165,179,344
2018-09-13T21:15:00+09:00,J1,418,526,944
2018-09-13T21:15:00+09:00,J2,337,417,754
2018-09-13T21:15:00+09:00,J3,463,446,909
2018-09-13T21:15:00+09:00,J4,426,379,805
2018-09-13T21:15:00+09:00,J5,179,198,377
2018-09-13T21:30:00+09:00,J1,419,487,906
2018-09-13T21:30:00+09:00,J2,318,402,720
2018-09-13T21:30:00+09:00,J3,407,403,810
2018-09-13T21:30:00+09:00,J4,349,326,675
2018-09-13T21:30:00+09:00,J5,186,195,381
2018-09-13T21:45:00+09:00,J1,370,431,801
2018-09-13T21:45:00+09:00,J2,370,402,772
2018-09-13T21:45:00+09:00,J3,468,316,784
2018-09-13T21:45:00+09:00,J4,319,278,597
2018-09-13T21:45:00+09:00,J5,158,124,282
2018-09-13T22:00:00+09:00,J1,392,400,792
2018-09-13T22:00:00+09:00,J2,376,382,758
2018-09-13T22:00:00+09:00,J3,457,356,813
2018-09-13T22:00:00+09:00,J4,288,241,529
2018-09-13T22:00:00+09:00,J5,183,136,319
2018-09-13T22:15:00+09:00,J1,419,441,860
2018-09-13T22:15:00+09:00,J2,328,394,722
2018-09-13T22:15:00+09:00,J3,475,362,837
2018-09-13T22:15:00+09:00,J4,273,234,507
2018-09-13T22:15:00+09:00,J5,169,160,329
2018-09-13T22:30:00+09:00,J1,334,409,743
2018-09-13T22:30:00+09:00,J2,307,393,700
2018-09-13T22:30:00+09:00,J3,472,379,851
2018-09-13T22:30:00+09:00,J4,505,462,967
2018-09-13T22:30:00+09:00,J5,195,172,367
2018-09-13T22:45:00+09:00,J1,425,518,943
2018-09-13T22:45:00+09:00,J2,363,400,763
2018-09-13T22:45:00+09:00,J3,425,412,837
2018-09-13T22:45:00+09:00,J4,478,454,932
2018-09-13T22:45:00+09:00,J5,195,211,406
2018-09-13T23:00:00+09:00,J1,365,389,754
2018-09-13T23:00:00+09:00,J2,352,430,782
2018-09-13T23:00:00+09:00,J3,431,351,782
2018-09-13T23:00:00+09:00,J4,460,447,907
2018-09-13T23:00:00+09:00,J5,170,167,337
2018-09-13T23:15:00+09:00,J1,382,403,785
2018-09-13T23:15:00+09:00,J2,311,368,679
2018-09-13T23:15:00+09:00,J3,364,349,713
2018-09-13T23:15:00+09:00,J4,330,358,688
2018-09-13T23:15:00+09:00,J5,159,201,360
2018-09-13T23:30:00+09:00,J1,354,392,746
2018-09-13T23:30:00+09:00,J2,350,334,684
2018-09-13T23:30:00+09:00,J3,375,302,677
2018-09-13T23:30:00+09:00,J4,260,306,566
2018-09-13T23:30:00+09:00,J5,149,179,328
2018-09-13T23:45:00+09:00,J1,287,300,587
2018-09-13T23:45:00+09:00,J2,284,220,504
2018-09-13T23:45:00+09:00,J3,418,328,746
2018-09-13T23:45:00+09:00,J4,264,220,484
2018-09-13T23:45:00+09:00,J5,171,206,377
2018-09-14T00:00:00+09:00,J1,251,246,497
2018-09-14T00:00:00+09:00,J2,351,271,622
2018-09-14T00:00:00+09:00,J3,388,281,669
2018-09-14T00:00:00+09:00,J4,274,269,543
2018-09-14T00:00:00+09:00,J5,136,156,292
2018-09-14T00:15:00+09:00,J1,281,276,557
2018-09-14T00:15:00+09:00,J2,253,182,435
2018-09-14T00:15:00+09:00,J3,352,274,626
2018-09-14T00:15:00+09:00,J4,234,257,491
2018-09-14T00:15:00+09:00,J5,143,159,302
2018-09-14T00:30:00+09:00,J1,308,300,608
2018-09-14T00:30:00+09:00,J2,272,173,445
2018-09-14T00:30:00+09:00,J3,308,252,560
2018-09-14T00:30:00+09:00,J4,263,268,531
2018-09-14T00:30:00+09:00,J5,164,104,268
2018-09-14T00:45:00+09:00,J1,271,301,572
2018-09-14T00:45:00+09:00,J2,198,170,368
2018-09-14T00:45:00+09:00,J3,258,203,461
2018-09-14T00:45:00+09:00,J4,262,273,535
2018-09-14T00:45:00+09:00,J5,131,91,222
2018-09-14T05:45:00+09:00,J1,320,244,564
2018-09-14T05:45:00+09:00,J2,181,232,413
2018-09-14T05:45:00+09:00,J3,287,211,498
2018-09-14T05:45:00+09:00,J4,526,572,1098
2018-09-14T05:45:00+09:00,J5,208,195,403
2018-09-14T06:00:00+09:00,J1,335,242,577
2018-09-14T06:00:00+09:00,J2,179,217,396
2018-09-14T06:00:00+09:00,J3,434,309,743
2018-09-14T06:00:00+09:00,J4,563,541,1104
2018-09-14T06:00:00+09:00,J5,177,121,298
2018-09-14T06:15:00+09:00,J1,311,243,554
2018-09-14T06:15:00+09:00,J2,228,269,497
2018-09-14T06:15:00+09:00,J3,458,352,810
2018-09-14T06:15:00+09:00,J4,550,610,1160
2018-09-14T06:15:00+09:00,J5,233,183,416
2018-09-14T06:30:00+09:00,J1,359,325,684
2018-09-14T06:30:00+09:00,J2,236,242,478
2018-09-14T06:30:00+09:00,J3,435,345,780
2018-09-14T06:30:00+09:00,J4,604,678,1282
2018-09-14T06:30:00+09:00,J5,205,199,404
2018-09-14T06:45:00+09:00,J1,344,293,637
2018-09-14T06:45:00+09:00,J2,294,222,516
2018-09-14T06:45:00+09:00,J3,442,345,787
2018-09-14T06:45:00+09:00,J4,608,702,1310
2018-09-14T06:45:00+09:00,J5,206,148,354
2018-09-14T07:00:00+09:00,J1,423,426,849
2018-09-14T07:00:00+09:00,J2,287,307,594
2018-09-14T07:00:00+09:00,J3,484,369,853
2018-09-14T07:00:00+09:00,J4,735,697,1432
2018-09-14T07:00:00+09:00,J5,211,175,386
2018-09-14T07:15:00+09:00,J1,475,395,870
2018-09-14T07:15:00+09:00,J2,308,276,584
2018-09-14T07:15:00+09:00,J3,510,419,929
2018-09-14T07:15:00+09:00,J4,589,694,1283
2018-09-14T07:15:00+09:00,J5,212,156,368
2018-09-14T07:30:00+09:00,J1,550,389,939
2018-09-14T07:30:00+09:00,J2,491,290,781
2018-09-14T07:30:00+09:00,J3,646,690,1336
2018-09-14T07:30:00+09:00,J4,468,667,1135
2018-09-14T07:30:00+09:00,J5,218,206,424
2018-09-14T07:45:00+09:00,J1,669,454,1123
2018-09-14T07:45:00+09:00,J2,578,285,863
2018-09-14T07:45:00+09:00,J3,682,692,1374
2018-09-14T07:45:00+09:00,J4,482,725,1207
2018-09-14T07:45:00+09:00,J5,181,198,379
2018-09-14T08:00:00+09:00,J1,957,642,1599
2018-09-14T08:00:00+09:00,J2,658,387,1045
2018-09-14T08:00:00+09:00,J3,710,768,1478
2018-09-14T08:00:00+09:00,J4,521,778,1299
2018-09-14T08:00:00+09:00,J5,210,256,466
2018-09-14T08:15:00+09:00,J1,1100,684,1784
2018-09-14T08:15:00+09:00,J2,657,452,1109
2018-09-14T08:15:00+09:00,J3,701,935,1636
2018-09-14T08:15:00+09:00,J4,515,1032,1547
2018-09-14T08:15:00+09:00,J5,308,392,700
2018-09-14T08:30:00+09:00,J1,1122,752,1874
2018-09-14T08:30:00+09:00,J2,745,456,1201
2018-09-14T08:30:00+09:00,J3,717,935,1652
2018-09-14T08:30:00+09:00,J4,480,921,1401
2018-09-14T08:30:00+09:00,J5,357,364,721
2018-09-14T08:45:00+09:00,J1,847,655,1502
2018-09-14T08:45:00+09:00,J2,519,436,955
2018-09-14T08:45:00+09:00,J3,567,695,1262
2018-09-14T08:45:00+09:00,J4,441,695,1136
2018-09-14T08:45:00+09:00,J5,286,317,603
2018-09-14T09:00:00+09:00,J1,832,679,1511
2018-09-14T09:00:00+09:00,J2,477,431,908
2018-09-14T09:00:00+09:00,J3,564,562,1126
2018-09-14T09:00:00+09:00,J4,366,499,865
2018-09-14T09:00:00+09:00,J5,306,314,620
2018-09-14T09:15:00+09:00,J1,620,501,1121
2018-09-14T09:15:00+09:00,J2,522,438,960
2018-09-14T09:15:00+09:00,J3,505,525,1030
2018-09-14T09:15:00+09:00,J4,413,460,873
2018-09-14T09:15:00+09:00,J5,275,281,556
2018-09-14T09:30:00+09:00,J1,634,531,1165
2018-09-14T09:30:00+09:00,J2,525,433,958
2018-09-14T09:30:00+09:00,J3,414,536,950
2018-09-14T09:30:00+09:00,J4,380,474,854
2018-09-14T09:30:00+09:00,J5,277,263,540
2018-09-14T09:45:00+09:00,J1,549,465,1014
2018-09-14T09:45:00+09:00,J2,528,483,1011
2018-09-14T09:45:00+09:00,J3,381,440,821
2018-09-14T09:45:00+09:00,J4,296,349,645
2018-09-14T09:45:00+09:00,J5,191,251,442
2018-09-14T10:00:00+09:00,J1,507,474,981
2018-09-14T10:00:00+09:00,J2,417,396,813
2018-09-14T10:00:00+09:00,J3,325,421,746
2018-09-14T10:00:00+09:00,J4,317,317,634
2018-09-14T10:00:00+09:00,J5,196,234,430
2018-09-14T10:15:00+09:00,J1,516,493,1009
2018-09-14T10:15:00+09:00,J2,425,405,830
2018-09-14T10:15:00+09:00,J3,348,428,776
2018-09-14T10:15:00+09:00,J4,351,342,693
2018-09-14T10:15:00+09:00,J5,223,259,482
2018-09-14T10:30:00+09:00,J1,562,523,1085
2018-09-14T10:30:00+09:00,J2,431,366,797
2018-09-14T10:30:00+09:00,J3,333,416,749
2018-09-14T10:30:00+09:00,J4,408,398,806
2018-09-14T10:30:00+09:00,J5,224,250,474
2018-09-14T10:45:00+09:00,J1,573,556,1129
2018-09-14T10:45:00+09:00,J2,451,380,831
2018-09-14T10:45:00+09:00,J3,369,422,791
2018-09-14T10:45:00+09:00,J4,355,360,715
2018-09-14T10:45:00+09:00,J5,208,238,446
2018-09-14T11:00:00+09:00,J1,532,557,1089
2018-09-14T11:00:00+09:00,J2,428,378,806
2018-09-14T11:00:00+09:00,J3,424,421,845
2018-09-14T11:00:00+09:00,J4,385,419,804
2018-09-14T11:00:00+09:00,J5,238,255,493
2018-09-14T11:15:00+09:00,J1,598,567,1165
2018-09-14T11:15:00+09:00,J2,451,364,815
2018-09-14T11:15:00+09:00,J3,428,462,890
2018-09-14T11:15:00+09:00,J4,452,443,895
2018-09-14T11:15:00+09:00,J5,216,267,483
2018-09-14T11:30:00+09:00,J1,613,593,1206
2018-09-14T11:30:00+09:00,J2,440,435,875
2018-09-14T11:30:00+09:00,J3,421,446,867
2018-09-14T11:30:00+09:00,J4,389,385,774
2018-09-14T11:30:00+09:00,J5,239,283,522
2018-09-14T11:45:00+09:00,J1,583,548,1131
2018-09-14T11:45:00+09:00,J2,362,333,695
2018-09-14T11:45:00+09:00,J3,397,430,827
2018-09-14T11:45:00+09:00,J4,511,481,992
2018-09-14T11:45:00+09:00,J5,210,283,493
2018-09-14T12:00:00+09:00,J1,593,619,1212
2018-09-14T12:00:00+09:00,J2,432,441,873
2018-09-14T12:00:00+09:00,J3,460,433,893
2018-09-14T12:00:00+09:00,J4,520,472,992
2018-09-14T12:00:00+09:00,J5,343,362,705
2018-09-14T12:15:00+09:00,J1,574,525,1099
2018-09-14T12:15:00+09:00,J2,390,356,746
2018-09-14T12:15:00+09:00,J3,431,414,845
2018-09-14T12:15:00+09:00,J4,555,475,1030
2018-09-14T12:15:00+09:00,J5,345,403,748
2018-09-14T12:30:00+09:00,J1,570,661,1231
2018-09-14T12:30:00+09:00,J2,347,373,720
2018-09-14T12:30:00+09:00,J3,426,509,935
2018-09-14T12:30:00+09:00,J4,563,550,1113
2018-09-14T12:30:00+09:00,J5,334,364,698
2018-09-14T12:45:00+09:00,J1,575,532,1107
2018-09-14T12:45:00+09:00,J2,374,428,802
2018-09-14T12:45:00+09:00,J3,440,475,915
2018-09-14T12:45:00+09:00,J4,606,583,1189
2018-09-14T12:45:00+09:00,J5,301,336,637
2018-09-14T13:00:00+09:00,J1,566,605,1171
2018-09-14T13:00:00+09:00,J2,360,387,747
2018-09-14T13:00:00+09:00,J3,422,435,857
2018-09-14T13:00:00+09:00,J4,626,553,1179
2018-09-14T13:00:00+09:00,J5,308,376,684
2018-09-14T13:15:00+09:00,J1,558,663,1221
2018-09-14T13:15:00+09:00,J2,320,365,685
2018-09-14T13:15:00+09:00,J3,437,464,901
2018-09-14T13:15:00+09:00,J4,683,619,1302
2018-09-14T13:15:00+09:00,J5,306,342,648
2018-09-14T13:30:00+09:00,J1,551,520,1071
2018-09-14T13:30:00+09:00,J2,378,376,754
2018-09-14T13:30:00+09:00,J3,465,470,935
2018-09-14T13:30:00+09:00,J4,566,488,1054
2018-09-14T13:30:00+09:00,J5,267,359,626
2018-09-14T13:45:00+09:00,J1,600,613,1213
2018-09-14T13:45:00+09:00,J2,321,369,690
2018-09-14T13:45:00+09:00,J3,446,440,886
2018-09-14T13:45:00+09:00,J4,580,609,1189
2018-09-14T13:45:00+09:00,J5,271,346,617
2018-09-14T14:00:00+09:00,J1,599,592,1191
2018-09-14T14:00:00+09:00,J2,379,446,825
2018-09-14T14:00:00+09:00,J3,484,461,945
2018-09-14T14:00:00+09:00,J4,572,498,1070
2018-09-14T14:00:00+09:00,J5,289,346,635
2018-09-14T14:15:00+09:00,J1,589,624,1213
2018-09-14T14:15:00+09:00,J2,352,374,726
2018-09-14T14:15:00+09:00,J3,520,482,1002
2018-09-14T14:15:00+09:00,J4,544,495,1039
2018-09-14T14:15:00+09:00,J5,246,323,569
2018-09-14T14:30:00+09:00,J1,546,595,1141
2018-09-14T14:30:00+09:00,J2,325,341,666
2018-09-14T14:30:00+09:00,J3,466,433,899
2018-09-14T14:30:00+09:00,J4,626,569,1195
2018-09-14T14:30:00+09:00,J5,251,320,571
2018-09-14T14:45:00+09:00,J1,543,560,1103
2018-09-14T14:45:00+09:00,J2,330,364,694
2018-09-14T14:45:00+09:00,J3,432,457,889
2018-09-14T14:45:00+09:00,J4,639,581,1220
2018-09-14T14:45:00+09:00,J5,244,320,564
2018-09-14T15:00:00+09:00,J1,561,610,1171
2018-09-14T15:00:00+09:00,J2,321,336,657
2018-09-14T15:00:00+09:00,J3,415,394,809
2018-09-14T15:00:00+09:00,J4,636,587,1223
2018-09-14T15:00:00+09:00,J5,238,330,568
2018-09-14T15:15:00+09:00,J1,613,640,1253
2018-09-14T15:15:00+09:00,J2,361,398,759
2018-09-14T15:15:00+09:00,J3,458,481,939
2018-09-14T15:15:00+09:00,J4,599,555,1154
2018-09-14T15:15:00+09:00,J5,219,302,521
2018-09-14T15:30:00+09:00,J1,643,650,1293
2018-09-14T15:30:00+09:00,J2,355,344,699
2018-09-14T15:30:00+09:00,J3,464,437,901
2018-09-14T15:30:00+09:00,J4,672,624,1296
2018-09-14T15:30:00+09:00,J5,266,334,600
2018-09-14T15:45:00+09:00,J1,618,661,1279
2018-09-14T15:45:00+09:00,J2,295,349,644
2018-09-14T15:45:00+09:00,J3,421,473,894
2018-09-14T15:45:00+09:00,J4,579,453,1032
2018-09-14T15:45:00+09:00,J5,257,257,514
2018-09-14T16:00:00+09:00,J1,589,659,1248
2018-09-14T16:00:00+09:00,J2,351,391,742
2018-09-14T16:00:00+09:00,J3,422,490,912
2018-09-14T16:00:00+09:00,J4,590,640,1230
2018-09-14T16:00:00+09:00,J5,233,278,511
2018-09-14T16:15:00+09:00,J1,730,649,1379
2018-09-14T16:15:00+09:00,J2,381,400,781
2018-09-14T16:15:00+09:00,J3,442,505,947
2018-09-14T16:15:00+09:00,J4,592,577,1169
2018-09-14T16:15:00+09:00,J5,212,301,513
2018-09-14T16:30:00+09:00,J1,649,655,1304
2018-09-14T16:30:00+09:00,J2,344,376,720
2018-09-14T16:30:00+09:00,J3,481,521,1002
2018-09-14T16:30:00+09:00,J4,625,553,1178
2018-09-14T16:30:00+09:00,J5,255,315,570
2018-09-14T16:45:00+09:00,J1,636,643,1279
2018-09-14T16:45:00+09:00,J2,359,385,744
2018-09-14T16:45:00+09:00,J3,458,474,932
2018-09-14T16:45:00+09:00,J4,502,438,940
2018-09-14T16:45:00+09:00,J5,213,302,515
2018-09-14T17:00:00+09:00,J1,764,805,1569
2018-09-14T17:00:00+09:00,J2,355,433,788
2018-09-14T17:00:00+09:00,J3,564,473,1037
2018-09-14T17:00:00+09:00,J4,523,433,956
2018-09-14T17:00:00+09:00,J5,246,324,570
2018-09-14T17:15:00+09:00,J1,799,846,1645
2018-09-14T17:15:00+09:00,J2,420,469,889
2018-09-14T17:15:00+09:00,J3,570,516,1086
2018-09-14T17:15:00+09:00,J4,670,553,1223
2018-09-14T17:15:00+09:00,J5,248,349,597
2018-09-14T17:30:00+09:00,J1,906,1009,1915
2018-09-14T17:30:00+09:00,J2,462,515,977
2018-09-14T17:30:00+09:00,J3,631,577,1208
2018-09-14T17:30:00+09:00,J4,745,529,1274
2018-09-14T17:30:00+09:00,J5,271,382,653
2018-09-14T17:45:00+09:00,J1,812,1005,1817
2018-09-14T17:45:00+09:00,J2,478,602,1080
2018-09-14T17:45:00+09:00,J3,621,584,1205
2018-09-14T17:45:00+09:00,J4,640,476,1116
2018-09-14T17:45:00+09:00,J5,243,387,630
2018-09-14T18:00:00+09:00,J1,864,1045,1909
2018-09-14T18:00:00+09:00,J2,581,589,1170
2018-09-14T18:00:00+09:00,J3,623,560,1183
2018-09-14T18:00:00+09:00,J4,642,494,1136
2018-09-14T18:00:00+09:00,J5,260,308,568
2018-09-14T18:15:00+09:00,J1,760,958,1718
2018-09-14T18:15:00+09:00,J2,546,547,1093
2018-09-14T18:15:00+09:00,J3,581,508,1089
2018-09-14T18:15:00+09:00,J4,665,463,1128
2018-09-14T18:15:00+09:00,J5,230,409,639
2018-09-14T18:30:00+09:00,J1,781,846,1627
2018-09-14T18:30:00+09:00,J2,533,530,1063
2018-09-14T18:30:00+09:00,J3,618,467,1085
2018-09-14T18:30:00+09:00,J4,600,424,1024
2018-09-14T18:30:00+09:00,J5,221,312,533
2018-09-14T18:45:00+09:00,J1,709,876,1585
2018-09-14T18:45:00+09:00,J2,532,463,995
2018-09-14T18:45:00+09:00,J3,494,487,981
2018-09-14T18:45:00+09:00,J4,536,425,961
2018-09-14T18:45:00+09:00,J5,261,340,601
2018-09-14T19:00:00+09:00,J1,585,687,1272
2018-09-14T19:00:00+09:00,J2,479,437,916
2018-09-14T19:00:00+09:00,J3,512,455,967
2018-09-14T19:00:00+09:00,J4,492,365,857
2018-09-14T19:00:00+09:00,J5,238,284,522
2018-09-14T19:15:00+09:00,J1,487,730,1217
2018-09-14T19:15:00+09:00,J2,471,429,900
2018-09-14T19:15:00+09:00,J3,525,456,981
2018-09-14T19:15:00+09:00,J4,516,384,900
2018-09-14T19:15:00+09:00,J5,272,275,547
2018-09-14T19:30:00+09:00,J1,495,564,1059
2018-09-14T19:30:00+09:00,J2,403,413,816
2018-09-14T19:30:00+09:00,J3,466,440,906
2018-09-14T19:30:00+09:00,J4,436,324,760
2018-09-14T19:30:00+09:00,J5,232,224,456
2018-09-14T19:45:00+09:00,J1,454,541,995
2018-09-14T19:45:00+09:00,J2,388,418,806
2018-09-14T19:45:00+09:00,J3,459,412,871
2018-09-14T19:45:00+09:00,J4,442,297,739
2018-09-14T19:45:00+09:00,J5,220,223,443
2018-09-14T20:00:00+09:00,J1,486,514,1000
2018-09-14T20:00:00+09:00,J2,422,415,837
2018-09-14T20:00:00+09:00,J3,481,486,967
2018-09-14T20:00:00+09:00,J4,432,320,752
2018-09-14T20:00:00+09:00,J5,201,184,385
2018-09-14T20:15:00+09:00,J1,492,545,1037
2018-09-14T20:15:00+09:00,J2,450,471,921
2018-09-14T20:15:00+09:00,J3,514,407,921
2018-09-14T20:15:00+09:00,J4,439,302,741
2018-09-14T20:15:00+09:00,J5,245,171,416
2018-09-14T20:30:00+09:00,J1,449,516,965
2018-09-14T20:30:00+09:00,J2,384,398,782
2018-09-14T20:30:00+09:00,J3,433,375,808
2018-09-14T20:30:00+09:00,J4,434,327,761
2018-09-14T20:30:00+09:00,J5,210,173,383
2018-09-14T20:45:00+09:00,J1,435,445,880
2018-09-14T20:45:00+09:00,J2,355,461,816
2018-09-14T20:45:00+09:00,J3,403,384,787
2018-09-14T20:45:00+09:00,J4,377,303,680
2018-09-14T20:45:00+09:00,J5,212,162,374
2018-09-14T21:00:00+09:00,J1,422,487,909
2018-09-14T21:00:00+09:00,J2,336,387,723
2018-09-14T21:00:00+09:00,J3,466,381,847
2018-09-14T21:00:00+09:00,J4,376,318,694
2018-09-14T21:00:00+09:00,J5,199,141,340
2018-09-14T21:15:00+09:00,J1,460,509,969
2018-09-14T21:15:00+09:00,J2,395,420,815
2018-09-14T21:15:00+09:00,J3,460,399,859
2018-09-14T21:15:00+09:00,J4,420,341,761
2018-09-14T21:15:00+09:00,J5,183,162,345
2018-09-14T21:30:00+09:00,J1,380,441,821
2018-09-14T21:30:00+09:00,J2,459,382,841
2018-09-14T21:30:00+09:00,J3,440,373,813
2018-09-14T21:30:00+09:00,J4,389,361,750
2018-09-14T21:30:00+09:00,J5,191,168,359
2018-09-14T21:45:00+09:00,J1,381,424,805
2018-09-14T21:45:00+09:00,J2,348,293,641
2018-09-14T21:45:00+09:00,J3,489,379,868
2018-09-14T21:45:00+09:00,J4,447,396,843
2018-09-14T21:45:00+09:00,J5,171,132,303
2018-09-14T22:00:00+09:00,J1,372,418,790
2018-09-14T22:00:00+09:00,J2,329,286,615
2018-09-14T22:00:00+09:00,J3,474,427,901
2018-09-14T22:00:00+09:00,J4,463,438,901
2018-09-14T22:00:00+09:00,J5,148,150,298
2018-09-14T22:15:00+09:00,J1,317,393,710
2018-09-14T22:15:00+09:00,J2,304,266,570
2018-09-14T22:15:00+09:00,J3,476,423,899
2018-09-14T22:15:00+09:00,J4,591,546,1137
2018-09-14T22:15:00+09:00,J5,169,175,344
2018-09-14T22:30:00+09:00,J1,322,404,726
2018-09-14T22:30:00+09:00,J2,261,231,492
2018-09-14T22:30:00+09:00,J3,439,379,818
2018-09-14T22:30:00+09:00,J4,577,576,1153
2018-09-14T22:30:00+09:00,J5,161,178,339
2018-09-14T22:45:00+09:00,J1,296,347,643
2018-09-14T22:45:00+09:00,J2,284,260,544
2018-09-14T22:45:00+09:00,J3,452,362,814
2018-09-14T22:45:00+09:00,J4,569,531,1100
2018-09-14T22:45:00+09:00,J5,147,175,322
2018-09-14T23:00:00+09:00,J1,277,324,601
2018-09-14T23:00:00+09:00,J2,284,238,522
2018-09-14T23:00:00+09:00,J3,477,379,856
2018-09-14T23:00:00+09:00,J4,598,519,1117
2018-09-14T23:00:00+09:00,J5,137,187,324
2018-09-14T23:15:00+09:00,J1,314,333,647
2018-09-14T23:15:00+09:00,J2,291,327,618
2018-09-14T23:15:00+09:00,J3,533,455,988
2018-09-14T23:15:00+09:00,J4,571,570,1141
2018-09-14T23:15:00+09:00,J5,147,189,336
2018-09-14T23:30:00+09:00,J1,316,334,650
2018-09-14T23:30:00+09:00,J2,303,253,556
2018-09-14T23:30:00+09:00,J3,434,386,820
2018-09-14T23:30:00+09:00,J4,570,558,1128
2018-09-14T23:30:00+09:00,J5,180,189,369
2018-09-14T23:45:00+09:00,J1,342,385,727
2018-09-14T23:45:00+09:00,J2,326,254,580
2018-09-14T23:45:00+09:00,J3,466,399,865
2018-09-14T23:45:00+09:00,J4,548,557,1105
2018-09-14T23:45:00+09:00,J5,171,201,372
2018-09-15T00:00:00+09:00,J1,242,269,511
2018-09-15T00:00:00+09:00,J2,279,267,546
2018-09-15T00:00:00+09:00,J3,419,317,736
2018-09-15T00:00:00+09:00,J4,655,573,1228
2018-09-15T00:00:00+09:00,J5,132,177,309
2018-09-15T00:15:00+09:00,J1,201,241,442
2018-09-15T00:15:00+09:00,J2,238,214,452
2018-09-15T00:15:00+09:00,J3,366,289,655
2018-09-15T00:15:00+09:00,J4,329,354,683
2018-09-15T00:15:00+09:00,J5,167,151,318
2018-09-15T00:30:00+09:00,J1,145,226,371
2018-09-15T00:30:00+09:00,J2,232,156,388
2018-09-15T00:30:00+09:00,J3,269,211,480
2018-09-15T00:30:00+09:00,J4,331,357,688
2018-09-15T00:30:00+09:00,J5,204,146,350
2018-09-15T00:45:00+09:00,J1,123,202,325
2018-09-15T00:45:00+09:00,J2,212,150,362
2018-09-15T00:45:00+09:00,J3,280,212,492
2018-09-15T00:45:00+09:00,J4,358,313,671
2018-09-15T00:45:00+09:00,J5,114,87,201
2018-09-15T05:45:00+09:00,J1,267,252,519
2018-09-15T05:45:00+09:00,J2,193,229,422
2018-09-15T05:45:00+09:00,J3,97,67,164
2018-09-15T05:45:00+09:00,J4,441,414,855
2018-09-15T05:45:00+09:00,J5,242,197,439
2018-09-15T06:00:00+09:00,J1,332,319,651
2018-09-15T06:00:00+09:00,J2,212,244,456
2018-09-15T06:00:00+09:00,J3,240,207,447
2018-09-15T06:00:00+09:00,J4,449,442,891
2018-09-15T06:00:00+09:00,J5,118,120,238
2018-09-15T06:15:00+09:00,J1,443,454,897
2018-09-15T06:15:00+09:00,J2,210,270,480
2018-09-15T06:15:00+09:00,J3,386,293,679
2018-09-15T06:15:00+09:00,J4,648,689,1337
2018-09-15T06:15:00+09:00,J5,161,155,316
2018-09-15T06:30:00+09:00,J1,405,413,818
2018-09-15T06:30:00+09:00,J2,221,267,488
2018-09-15T06:30:00+09:00,J3,392,281,673
2018-09-15T06:30:00+09:00,J4,696,725,1421
2018-09-15T06:30:00+09:00,J5,205,118,323
2018-09-15T06:45:00+09:00,J1,394,439,833
2018-09-15T06:45:00+09:00,J2,259,237,496
2018-09-15T06:45:00+09:00,J3,373,327,700
2018-09-15T06:45:00+09:00,J4,656,632,1288
2018-09-15T06:45:00+09:00,J5,192,139,331
2018-09-15T07:00:00+09:00,J1,418,424,842
2018-09-15T07:00:00+09:00,J2,289,298,587
2018-09-15T07:00:00+09:00,J3,435,397,832
2018-09-15T07:00:00+09:00,J4,703,714,1417
2018-09-15T07:00:00+09:00,J5,335,341,676
2018-09-15T07:15:00+09:00,J1,400,405,805
2018-09-15T07:15:00+09:00,J2,321,288,609
2018-09-15T07:15:00+09:00,J3,444,366,810
2018-09-15T07:15:00+09:00,J4,671,688,1359
2018-09-15T07:15:00+09:00,J5,370,380,750
2018-09-15T07:30:00+09:00,J1,398,397,795
2018-09-15T07:30:00+09:00,J2,305,308,613
2018-09-15T07:30:00+09:00,J3,404,340,744
2018-09-15T07:30:00+09:00,J4,583,622,1205
2018-09-15T07:30:00+09:00,J5,376,398,774
2018-09-15T07:45:00+09:00,J1,425,429,854
2018-09-15T07:45:00+09:00,J2,376,341,717
2018-09-15T07:45:00+09:00,J3,421,378,799
2018-09-15T07:45:00+09:00,J4,579,600,1179
2018-09-15T07:45:00+09:00,J5,337,395,732
2018-09-15T08:00:00+09:00,J1,715,670,1385
2018-09-15T08:00:00+09:00,J2,363,330,693
2018-09-15T08:00:00+09:00,J3,493,505,998
2018-09-15T08:00:00+09:00,J4,556,573,1129
2018-09-15T08:00:00+09:00,J5,311,423,734
2018-09-15T08:15:00+09:00,J1,730,727,1457
2018-09-15T08:15:00+09:00,J2,359,355,714
2018-09-15T08:15:00+09:00,J3,447,458,905
2018-09-15T08:15:00+09:00,J4,530,607,1137
2018-09-15T08:15:00+09:00,J5,329,394,723
2018-09-15T08:30:00+09:00,J1,807,631,1438
2018-09-15T08:30:00+09:00,J2,354,330,684
2018-09-15T08:30:00+09:00,J3,429,496,925
2018-09-15T08:30:00+09:00,J4,538,629,1167
2018-09-15T08:30:00+09:00,J5,302,284,586
2018-09-15T08:45:00+09:00,J1,707,711,1418
2018-09-15T08:45:00+09:00,J2,364,312,676
2018-09-15T08:45:00+09:00,J3,426,453,879
2018-09-15T08:45:00+09:00,J4,472,531,1003
2018-09-15T08:45:00+09:00,J5,304,329,633
2018-09-15T09:00:00+09:00,J1,641,515,1156
2018-09-15T09:00:00+09:00,J2,378,243,621
2018-09-15T09:00:00+09:00,J3,395,348,743
2018-09-15T09:00:00+09:00,J4,449,464,913
2018-09-15T09:00:00+09:00,J5,289,294,583
2018-09-15T09:15:00+09:00,J1,589,501,1090
2018-09-15T09:15:00+09:00,J2,429,305,734
2018-09-15T09:15:00+09:00,J3,410,415,825
2018-09-15T09:15:00+09:00,J4,342,412,754
2018-09-15T09:15:00+09:00,J5,253,219,472
2018-09-15T09:30:00+09:00,J1,557,514,1071
2018-09-15T09:30:00+09:00,J2,481,297,778
2018-09-15T09:30:00+09:00,J3,602,471,1073
2018-09-15T09:30:00+09:00,J4,391,444,835
2018-09-15T09:30:00+09:00,J5,235,194,429
2018-09-15T09:45:00+09:00,J1,591,496,1087
2018-09-15T09:45:00+09:00,J2,468,297,765
2018-09-15T09:45:00+09:00,J3,604,564,1168
2018-09-15T09:45:00+09:00,J4,347,419,766
2018-09-15T09:45:00+09:00,J5,196,142,338
2018-09-15T10:00:00+09:00,J1,539,459,998
2018-09-15T10:00:00+09:00,J2,506,352,858
2018-09-15T10:00:00+09:00,J3,679,669,1348
2018-09-15T10:00:00+09:00,J4,345,347,692
2018-09-15T10:00:00+09:00,J5,182,149,331
2018-09-15T10:15:00+09:00,J1,627,538,1165
2018-09-15T10:15:00+09:00,J2,509,446,955
2018-09-15T10:15:00+09:00,J3,678,605,1283
2018-09-15T10:15:00+09:00,J4,342,371,713
2018-09-15T10:15:00+09:00,J5,192,198,390
2018-09-15T10:30:00+09:00,J1,568,538,1106
2018-09-15T10:30:00+09:00,J2,463,447,910
2018-09-15T10:30:00+09:00,J3,567,520,1087
2018-09-15T10:30:00+09:00,J4,369,381,750
2018-09-15T10:30:00+09:00,J5,205,210,415
2018-09-15T10:45:00+09:00,J1,575,497,1072
2018-09-15T10:45:00+09:00,J2,470,439,909
2018-09-15T10:45:00+09:00,J3,601,520,1121
2018-09-15T10:45:00+09:00,J4,345,346,691
2018-09-15T10:45:00+09:00,J5,192,203,395
2018-09-15T11:00:00+09:00,J1,675,689,1364
2018-09-15T11:00:00+09:00,J2,466,428,894
2018-09-15T11:00:00+09:00,J3,619,523,1142
2018-09-15T11:00:00+09:00,J4,352,333,685
2018-09-15T11:00:00+09:00,J5,201,159,360
2018-09-15T11:15:00+09:00,J1,677,699,1376
2018-09-15T11:15:00+09:00,J2,510,448,958
2018-09-15T11:15:00+09:00,J3,479,576,1055
2018-09-15T11:15:00+09:00,J4,422,428,850
2018-09-15T11:15:00+09:00,J5,194,204,398
2018-09-15T11:30:00+09:00,J1,689,658,1347
2018-09-15T11:30:00+09:00,J2,503,407,910
2018-09-15T11:30:00+09:00,J3,528,499,1027
2018-09-15T11:30:00+09:00,J4,444,438,882
2018-09-15T11:30:00+09:00,J5,213,242,455
2018-09-15T11:45:00+09:00,J1,645,624,1269
2018-09-15T11:45:00+09:00,J2,499,391,890
2018-09-15T11:45:00+09:00,J3,457,438,895
2018-09-15T11:45:00+09:00,J4,593,516,1109
2018-09-15T11:45:00+09:00,J5,189,224,413
2018-09-15T12:00:00+09:00,J1,650,594,1244
2018-09-15T12:00:00+09:00,J2,482,417,899
2018-09-15T12:00:00+09:00,J3,465,457,922
2018-09-15T12:00:00+09:00,J4,638,647,1285
2018-09-15T12:00:00+09:00,J5,262,240,502
2018-09-15T12:15:00+09:00,J1,714,616,1330
2018-09-15T12:15:00+09:00,J2,454,450,904
2018-09-15T12:15:00+09:00,J3,505,416,921
2018-09-15T12:15:00+09:00,J4,658,662,1320
2018-09-15T12:15:00+09:00,J5,256,257,513
2018-09-15T12:30:00+09:00,J1,614,551,1165
2018-09-15T12:30:00+09:00,J2,474,436,910
2018-09-15T12:30:00+09:00,J3,486,461,947
2018-09-15T12:30:00+09:00,J4,712,674,1386
2018-09-15T12:30:00+09:00,J5,250,269,519
2018-09-15T12:45:00+09:00,J1,681,638,1319
2018-09-15T12:45:00+09:00,J2,427,428,855
2018-09-15T12:45:00+09:00,J3,470,448,918
2018-09-15T12:45:00+09:00,J4,763,708,1471
2018-09-15T12:45:00+09:00,J5,234,275,509
2018-09-15T13:00:00+09:00,J1,673,692,1365
2018-09-15T13:00:00+09:00,J2,420,385,805
2018-09-15T13:00:00+09:00,J3,474,521,995
2018-09-15T13:00:00+09:00,J4,741,699,1440
2018-09-15T13:00:00+09:00,J5,320,370,690
2018-09-15T13:15:00+09:00,J1,722,775,1497
2018-09-15T13:15:00+09:00,J2,441,399,840
2018-09-15T13:15:00+09:00,J3,447,546,993
2018-09-15T13:15:00+09:00,J4,808,736,1544
2018-09-15T13:15:00+09:00,J5,258,291,549
2018-09-15T13:30:00+09:00,J1,606,610,1216
2018-09-15T13:30:00+09:00,J2,300,407,707
2018-09-15T13:30:00+09:00,J3,413,429,842
2018-09-15T13:30:00+09:00,J4,646,681,1327
2018-09-15T13:30:00+09:00,J5,235,277,512
2018-09-15T13:45:00+09:00,J1,698,799,1497
2018-09-15T13:45:00+09:00,J2,406,497,903
2018-09-15T13:45:00+09:00,J3,536,546,1082
2018-09-15T13:45:00+09:00,J4,773,740,1513
2018-09-15T13:45:00+09:00,J5,334,380,714
2018-09-15T14:00:00+09:00,J1,710,750,1460
2018-09-15T14:00:00+09:00,J2,399,448,847
2018-09-15T14:00:00+09:00,J3,478,536,1014
2018-09-15T14:00:00+09:00,J4,780,831,1611
2018-09-15T14:00:00+09:00,J5,249,324,573
2018-09-15T14:15:00+09:00,J1,653,766,1419
2018-09-15T14:15:00+09:00,J2,430,427,857
2018-09-15T14:15:00+09:00,J3,475,536,1011
2018-09-15T14:15:00+09:00,J4,867,803,1670
2018-09-15T14:15:00+09:00,J5,287,337,624
2018-09-15T14:30:00+09:00,J1,739,744,1483
2018-09-15T14:30:00+09:00,J2,375,421,796
2018-09-15T14:30:00+09:00,J3,497,533,1030
2018-09-15T14:30:00+09:00,J4,818,842,1660
2018-09-15T14:30:00+09:00,J5,304,377,681
2018-09-15T14:45:00+09:00,J1,690,759,1449
2018-09-15T14:45:00+09:00,J2,414,408,822
2018-09-15T14:45:00+09:00,J3,511,531,1042
2018-09-15T14:45:00+09:00,J4,724,845,1569
2018-09-15T14:45:00+09:00,J5,323,397,720
2018-09-15T15:00:00+09:00,J1,728,776,1504
2018-09-15T15:00:00+09:00,J2,351,417,768
2018-09-15T15:00:00+09:00,J3,443,494,937
2018-09-15T15:00:00+09:00,J4,710,847,1557
2018-09-15T15:00:00+09:00,J5,294,345,639
2018-09-15T15:15:00+09:00,J1,625,729,1354
2018-09-15T15:15:00+09:00,J2,359,463,822
2018-09-15T15:15:00+09:00,J3,519,505,1024
2018-09-15T15:15:00+09:00,J4,745,857,1602
2018-09-15T15:15:00+09:00,J5,288,354,642
2018-09-15T15:30:00+09:00,J1,674,735,1409
2018-09-15T15:30:00+09:00,J2,381,500,881
2018-09-15T15:30:00+09:00,J3,441,549,990
2018-09-15T15:30:00+09:00,J4,810,770,1580
2018-09-15T15:30:00+09:00,J5,297,346,643
2018-09-15T15:45:00+09:00,J1,704,853,1557
2018-09-15T15:45:00+09:00,J2,414,484,898
2018-09-15T15:45:00+09:00,J3,531,558,1089
2018-09-15T15:45:00+09:00,J4,739,642,1381
2018-09-15T15:45:00+09:00,J5,263,359,622
2018-09-15T16:00:00+09:00,J1,659,748,1407
2018-09-15T16:00:00+09:00,J2,473,451,924
2018-09-15T16:00:00+09:00,J3,586,498,1084
2018-09-15T16:00:00+09:00,J4,798,651,1449
2018-09-15T16:00:00+09:00,J5,260,310,570
2018-09-15T16:15:00+09:00,J1,689,691,1380
2018-09-15T16:15:00+09:00,J2,448,422,870
2018-09-15T16:15:00+09:00,J3,563,461,1024
2018-09-15T16:15:00+09:00,J4,725,699,1424
2018-09-15T16:15:00+09:00,J5,251,380,631
2018-09-15T16:30:00+09:00,J1,709,723,1432
2018-09-15T16:30:00+09:00,J2,392,442,834
2018-09-15T16:30:00+09:00,J3,683,543,1226
2018-09-15T16:30:00+09:00,J4,773,755,1528
2018-09-15T16:30:00+09:00,J5,253,296,549
2018-09-15T16:45:00+09:00,J1,680,807,1487
2018-09-15T16:45:00+09:00,J2,363,436,799
2018-09-15T16:45:00+09:00,J3,513,520,1033
2018-09-15T16:45:00+09:00,J4,738,865,1603
2018-09-15T16:45:00+09:00,J5,249,303,552
2018-09-15T17:00:00+09:00,J1,699,828,1527
2018-09-15T17:00:00+09:00,J2,411,509,920
2018-09-15T17:00:00+09:00,J3,563,512,1075
2018-09-15T17:00:00+09:00,J4,721,805,1526
2018-09-15T17:00:00+09:00,J5,233,315,548
2018-09-15T17:15:00+09:00,J1,783,845,1628
2018-09-15T17:15:00+09:00,J2,463,462,925
2018-09-15T17:15:00+09:00,J3,535,486,1021
2018-09-15T17:15:00+09:00,J4,693,823,1516
2018-09-15T17:15:00+09:00,J5,242,297,539
2018-09-15T17:30:00+09:00,J1,865,797,1662
2018-09-15T17:30:00+09:00,J2,419,421,840
2018-09-15T17:30:00+09:00,J3,508,447,955
2018-09-15T17:30:00+09:00,J4,776,809,1585
2018-09-15T17:30:00+09:00,J5,230,308,538
2018-09-15T17:45:00+09:00,J1,804,839,1643
2018-09-15T17:45:00+09:00,J2,370,410,780
2018-09-15T17:45:00+09:00,J3,499,487,986
2018-09-15T17:45:00+09:00,J4,747,764,1511
2018-09-15T17:45:00+09:00,J5,201,277,478
2018-09-15T18:00:00+09:00,J1,756,866,1622
2018-09-15T18:00:00+09:00,J2,388,422,810
2018-09-15T18:00:00+09:00,J3,544,443,987
2018-09-15T18:00:00+09:00,J4,775,744,1519
2018-09-15T18:00:00+09:00,J5,243,313,556
2018-09-15T18:15:00+09:00,J1,808,874,1682
2018-09-15T18:15:00+09:00,J2,427,365,792
2018-09-15T18:15:00+09:00,J3,559,457,1016
2018-09-15T18:15:00+09:00,J4,768,739,1507
2018-09-15T18:15:00+09:00,J5,221,312,533
2018-09-15T18:30:00+09:00,J1,674,685,1359
2018-09-15T18:30:00+09:00,J2,437,397,834
2018-09-15T18:30:00+09:00,J3,419,441,860
2018-09-15T18:30:00+09:00,J4,704,704,1408
2018-09-15T18:30:00+09:00,J5,253,256,509
2018-09-15T18:45:00+09:00,J1,617,668,1285
2018-09-15T18:45:00+09:00,J2,418,364,782
2018-09-15T18:45:00+09:00,J3,427,392,819
2018-09-15T18:45:00+09:00,J4,641,518,1159
2018-09-15T18:45:00+09:00,J5,181,254,435
2018-09-15T19:00:00+09:00,J1,449,565,1014
2018-09-15T19:00:00+09:00,J2,424,346,770
2018-09-15T19:00:00+09:00,J3,422,392,814
2018-09-15T19:00:00+09:00,J4,501,350,851
2018-09-15T19:00:00+09:00,J5,232,296,528
2018-09-15T19:15:00+09:00,J1,534,576,1110
2018-09-15T19:15:00+09:00,J2,474,400,874
2018-09-15T19:15:00+09:00,J3,406,361,767
2018-09-15T19:15:00+09:00,J4,460,376,836
2018-09-15T19:15:00+09:00,J5,215,215,430
2018-09-15T19:30:00+09:00,J1,410,464,874
2018-09-15T19:30:00+09:00,J2,422,375,797
2018-09-15T19:30:00+09:00,J3,344,358,702
2018-09-15T19:30:00+09:00,J4,438,347,785
2018-09-15T19:30:00+09:00,J5,228,241,469
2018-09-15T19:45:00+09:00,J1,353,433,786
2018-09-15T19:45:00+09:00,J2,389,348,737
2018-09-15T19:45:00+09:00,J3,329,330,659
2018-09-15T19:45:00+09:00,J4,392,390,782
2018-09-15T19:45:00+09:00,J5,222,243,465
2018-09-15T20:00:00+09:00,J1,392,407,799
2018-09-15T20:00:00+09:00,J2,429,420,849
2018-09-15T20:00:00+09:00,J3,349,361,710
2018-09-15T20:00:00+09:00,J4,454,440,894
2018-09-15T20:00:00+09:00,J5,207,245,452
2018-09-15T20:15:00+09:00,J1,371,425,796
2018-09-15T20:15:00+09:00,J2,451,389,840
2018-09-15T20:15:00+09:00,J3,372,383,755
2018-09-15T20:15:00+09:00,J4,477,395,872
2018-09-15T20:15:00+09:00,J5,211,250,461
2018-09-15T20:30:00+09:00,J1,366,431,797
2018-09-15T20:30:00+09:00,J2,338,390,728
2018-09-15T20:30:00+09:00,J3,300,396,696
2018-09-15T20:30:00+09:00,J4,440,349,789
2018-09-15T20:30:00+09:00,J5,186,231,417
2018-09-15T20:45:00+09:00,J1,303,346,649
2018-09-15T20:45:00+09:00,J2,308,314,622
2018-09-15T20:45:00+09:00,J3,416,402,818
2018-09-15T20:45:00+09:00,J4,450,383,833
2018-09-15T20:45:00+09:00,J5,206,197,403
2018-09-15T21:00:00+09:00,J1,355,414,769
2018-09-15T21:00:00+09:00,J2,329,352,681
2018-09-15T21:00:00+09:00,J3,492,360,852
2018-09-15T21:00:00+09:00,J4,418,420,838
2018-09-15T21:00:00+09:00,J5,153,196,349
2018-09-15T21:15:00+09:00,J1,372,434,806
2018-09-15T21:15:00+09:00,J2,340,375,715
2018-09-15T21:15:00+09:00,J3,589,447,1036
2018-09-15T21:15:00+09:00,J4,502,441,943
2018-09-15T21:15:00+09:00,J5,162,185,347
2018-09-15T21:30:00+09:00,J1,381,416,797
2018-09-15T21:30:00+09:00,J2,381,356,737
2018-09-15T21:30:00+09:00,J3,528,439,967
2018-09-15T21:30:00+09:00,J4,434,383,817
2018-09-15T21:30:00+09:00,J5,196,220,416
2018-09-15T21:45:00+09:00,J1,377,399,776
2018-09-15T21:45:00+09:00,J2,340,273,613
2018-09-15T21:45:00+09:00,J3,511,454,965
2018-09-15T21:45:00+09:00,J4,422,375,797
2018-09-15T21:45:00+09:00,J5,167,214,381
2018-09-15T22:00:00+09:00,J1,367,444,811
2018-09-15T22:00:00+09:00,J2,287,284,571
2018-09-15T22:00:00+09:00,J3,536,452,988
2018-09-15T22:00:00+09:00,J4,542,599,1141
2018-09-15T22:00:00+09:00,J5,176,225,401
2018-09-15T22:15:00+09:00,J1,317,384,701
2018-09-15T22:15:00+09:00,J2,261,243,504
2018-09-15T22:15:00+09:00,J3,601,491,1092
2018-09-15T22:15:00+09:00,J4,653,618,1271
2018-09-15T22:15:00+09:00,J5,156,195,351
2018-09-15T22:30:00+09:00,J1,315,384,699
2018-09-15T22:30:00+09:00,J2,228,262,490
2018-09-15T22:30:00+09:00,J3,521,465,986
2018-09-15T22:30:00+09:00,J4,560,583,1143
2018-09-15T22:30:00+09:00,J5,219,205,424
2018-09-15T22:45:00+09:00,J1,334,394,728
2018-09-15T22:45:00+09:00,J2,245,337,582
2018-09-15T22:45:00+09:00,J3,552,446,998
2018-09-15T22:45:00+09:00,J4,636,610,1246
2018-09-15T22:45:00+09:00,J5,192,183,375
2018-09-15T23:00:00+09:00,J1,298,351,649
2018-09-15T23:00:00+09:00,J2,219,278,497
2018-09-15T23:00:00+09:00,J3,554,492,1046
2018-09-15T23:00:00+09:00,J4,615,544,1159
2018-09-15T23:00:00+09:00,J5,212,218,430
2018-09-15T23:15:00+09:00,J1,311,369,680
2018-09-15T23:15:00+09:00,J2,254,312,566
2018-09-15T23:15:00+09:00,J3,505,439,944
2018-09-15T23:15:00+09:00,J4,642,598,1240
2018-09-15T23:15:00+09:00,J5,135,134,269
2018-09-15T23:30:00+09:00,J1,323,387,710
2018-09-15T23:30:00+09:00,J2,245,271,516
2018-09-15T23:30:00+09:00,J3,501,472,973
2018-09-15T23:30:00+09:00,J4,481,505,986
2018-09-15T23:30:00+09:00,J5,164,162,326
2018-09-15T23:45:00+09:00,J1,341,357,698
2018-09-15T23:45:00+09:00,J2,249,332,581
2018-09-15T23:45:00+09:00,J3,500,448,948
2018-09-15T23:45:00+09:00,J4,378,334,712
2018-09-15T23:45:00+09:00,J5,128,149,277
2018-09-16T00:00:00+09:00,J1,283,240,523
2018-09-16T00:00:00+09:00,J2,271,252,523
2018-09-16T00:00:00+09:00,J3,402,356,758
2018-09-16T00:00:00+09:00,J4,617,637,1254
2018-09-16T00:00:00+09:00,J5,155,139,294
2018-09-16T00:15:00+09:00,J1,304,260,564
2018-09-16T00:15:00+09:00,J2,208,241,449
2018-09-16T00:15:00+09:00,J3,275,247,522
2018-09-16T00:15:00+09:00,J4,402,424,826
2018-09-16T00:15:00+09:00,J5,148,122,270
2018-09-16T00:30:00+09:00,J1,287,271,558
2018-09-16T00:30:00+09:00,J2,226,213,439
2018-09-16T00:30:00+09:00,J3,286,275,561
2018-09-16T00:30:00+09:00,J4,531,630,1161
2018-09-16T00:30:00+09:00,J5,278,213,491
2018-09-16T00:45:00+09:00,J1,295,259,554
2018-09-16T00:45:00+09:00,J2,235,224,459
2018-09-16T00:45:00+09:00,J3,309,395,704
2018-09-16T00:45:00+09:00,J4,403,364,767
2018-09-16T00:45:00+09:00,J5,326,357,683
2018-09-16T05:45:00+09:00,J1,230,270,500
2018-09-16T05:45:00+09:00,J2,371,381,752
2018-09-16T05:45:00+09:00,J3,322,318,640
2018-09-16T05:45:00+09:00,J4,594,594,1188
2018-09-16T05:45:00+09:00,J5,291,318,609
2018-09-16T06:00:00+09:00,J1,221,232,453
2018-09-16T06:00:00+09:00,J2,282,256,538
2018-09-16T06:00:00+09:00,J3,262,218,480
2018-09-16T06:00:00+09:00,J4,653,646,1299
2018-09-16T06:00:00+09:00,J5,153,115,268
2018-09-16T06:15:00+09:00,J1,219,286,505
2018-09-16T06:15:00+09:00,J2,216,229,445
2018-09-16T06:15:00+09:00,J3,334,252,586
2018-09-16T06:15:00+09:00,J4,531,581,1112
2018-09-16T06:15:00+09:00,J5,209,148,357
2018-09-16T06:30:00+09:00,J1,254,254,508
2018-09-16T06:30:00+09:00,J2,277,260,537
2018-09-16T06:30:00+09:00,J3,358,302,660
2018-09-16T06:30:00+09:00,J4,401,400,801
2018-09-16T06:30:00+09:00,J5,182,103,285
2018-09-16T06:45:00+09:00,J1,273,324,597
2018-09-16T06:45:00+09:00,J2,256,252,508
2018-09-16T06:45:00+09:00,J3,317,295,612
2018-09-16T06:45:00+09:00,J4,414,425,839
2018-09-16T06:45:00+09:00,J5,175,131,306
2018-09-16T07:00:00+09:00,J1,304,317,621
2018-09-16T07:00:00+09:00,J2,278,274,552
2018-09-16T07:00:00+09:00,J3,376,350,726
2018-09-16T07:00:00+09:00,J4,531,531,1062
2018-09-16T07:00:00+09:00,J5,199,140,339
2018-09-16T07:15:00+09:00,J1,244,246,490
2018-09-16T07:15:00+09:00,J2,347,356,703
2018-09-16T07:15:00+09:00,J3,463,450,913
2018-09-16T07:15:00+09:00,J4,510,539,1049
2018-09-16T07:15:00+09:00,J5,274,291,565
2018-09-16T07:30:00+09:00,J1,264,293,557
2018-09-16T07:30:00+09:00,J2,315,285,600
2018-09-16T07:30:00+09:00,J3,333,364,697
2018-09-16T07:30:00+09:00,J4,391,418,809
2018-09-16T07:30:00+09:00,J5,304,315,619
2018-09-16T07:45:00+09:00,J1,290,266,556
2018-09-16T07:45:00+09:00,J2,308,285,593
2018-09-16T07:45:00+09:00,J3,326,291,617
2018-09-16T07:45:00+09:00,J4,368,330,698
2018-09-16T07:45:00+09:00,J5,266,371,637
2018-09-16T08:00:00+09:00,J1,619,617,1236
2018-09-16T08:00:00+09:00,J2,311,313,624
2018-09-16T08:00:00+09:00,J3,508,434,942
2018-09-16T08:00:00+09:00,J4,413,424,837
2018-09-16T08:00:00+09:00,J5,274,286,560
2018-09-16T08:15:00+09:00,J1,703,590,1293
2018-09-16T08:15:00+09:00,J2,422,220,642
2018-09-16T08:15:00+09:00,J3,573,574,1147
2018-09-16T08:15:00+09:00,J4,352,425,777
2018-09-16T08:15:00+09:00,J5,311,226,537
2018-09-16T08:30:00+09:00,J1,692,583,1275
2018-09-16T08:30:00+09:00,J2,470,305,775
2018-09-16T08:30:00+09:00,J3,664,677,1341
2018-09-16T08:30:00+09:00,J4,388,495,883
2018-09-16T08:30:00+09:00,J5,222,163,385
2018-09-16T08:45:00+09:00,J1,585,562,1147
2018-09-16T08:45:00+09:00,J2,362,272,634
2018-09-16T08:45:00+09:00,J3,652,639,1291
2018-09-16T08:45:00+09:00,J4,304,341,645
2018-09-16T08:45:00+09:00,J5,215,143,358
2018-09-16T09:00:00+09:00,J1,560,508,1068
2018-09-16T09:00:00+09:00,J2,356,309,665
2018-09-16T09:00:00+09:00,J3,630,559,1189
2018-09-16T09:00:00+09:00,J4,253,346,599
2018-09-16T09:00:00+09:00,J5,207,147,354
2018-09-16T09:15:00+09:00,J1,543,468,1011
2018-09-16T09:15:00+09:00,J2,390,405,795
2018-09-16T09:15:00+09:00,J3,516,478,994
2018-09-16T09:15:00+09:00,J4,330,345,675
2018-09-16T09:15:00+09:00,J5,206,188,394
2018-09-16T09:30:00+09:00,J1,451,413,864
2018-09-16T09:30:00+09:00,J2,513,509,1022
2018-09-16T09:30:00+09:00,J3,534,489,1023
2018-09-16T09:30:00+09:00,J4,305,344,649
2018-09-16T09:30:00+09:00,J5,186,190,376
2018-09-16T09:45:00+09:00,J1,455,379,834
2018-09-16T09:45:00+09:00,J2,470,451,921
2018-09-16T09:45:00+09:00,J3,568,452,1020
2018-09-16T09:45:00+09:00,J4,367,346,713
2018-09-16T09:45:00+09:00,J5,160,185,345
2018-09-16T10:00:00+09:00,J1,367,322,689
2018-09-16T10:00:00+09:00,J2,382,405,787
2018-09-16T10:00:00+09:00,J3,473,403,876
2018-09-16T10:00:00+09:00,J4,323,342,665
2018-09-16T10:00:00+09:00,J5,191,218,409
2018-09-16T10:15:00+09:00,J1,430,368,798
2018-09-16T10:15:00+09:00,J2,431,397,828
2018-09-16T10:15:00+09:00,J3,361,417,778
2018-09-16T10:15:00+09:00,J4,414,347,761
2018-09-16T10:15:00+09:00,J5,202,215,417
2018-09-16T10:30:00+09:00,J1,404,344,748
2018-09-16T10:30:00+09:00,J2,510,369,879
2018-09-16T10:30:00+09:00,J3,331,377,708
2018-09-16T10:30:00+09:00,J4,511,466,977
2018-09-16T10:30:00+09:00,J5,218,193,411
2018-09-16T10:45:00+09:00,J1,541,453,994
2018-09-16T10:45:00+09:00,J2,404,352,756
2018-09-16T10:45:00+09:00,J3,384,354,738
2018-09-16T10:45:00+09:00,J4,666,632,1298
2018-09-16T10:45:00+09:00,J5,215,284,499
2018-09-16T11:00:00+09:00,J1,705,590,1295
2018-09-16T11:00:00+09:00,J2,407,361,768
2018-09-16T11:00:00+09:00,J3,454,396,850
2018-09-16T11:00:00+09:00,J4,798,746,1544
2018-09-16T11:00:00+09:00,J5,254,264,518
2018-09-16T11:15:00+09:00,J1,704,615,1319
2018-09-16T11:15:00+09:00,J2,414,367,781
2018-09-16T11:15:00+09:00,J3,456,430,886
2018-09-16T11:15:00+09:00,J4,701,804,1505
2018-09-16T11:15:00+09:00,J5,233,290,523
2018-09-16T11:30:00+09:00,J1,744,676,1420
2018-09-16T11:30:00+09:00,J2,410,341,751
2018-09-16T11:30:00+09:00,J3,456,438,894
2018-09-16T11:30:00+09:00,J4,721,829,1550
2018-09-16T11:30:00+09:00,J5,264,325,589
2018-09-16T11:45:00+09:00,J1,667,708,1375
2018-09-16T11:45:00+09:00,J2,395,378,773
2018-09-16T11:45:00+09:00,J3,499,426,925
2018-09-16T11:45:00+09:00,J4,721,751,1472
2018-09-16T11:45:00+09:00,J5,262,335,597
2018-09-16T12:00:00+09:00,J1,728,670,1398
2018-09-16T12:00:00+09:00,J2,383,415,798
2018-09-16T12:00:00+09:00,J3,485,487,972
2018-09-16T12:00:00+09:00,J4,716,790,1506
2018-09-16T12:00:00+09:00,J5,262,300,562
2018-09-16T12:15:00+09:00,J1,711,762,1473
2018-09-16T12:15:00+09:00,J2,422,388,810
2018-09-16T12:15:00+09:00,J3,534,491,1025
2018-09-16T12:15:00+09:00,J4,693,608,1301
2018-09-16T12:15:00+09:00,J5,260,297,557
2018-09-16T12:30:00+09:00,J1,671,689,1360
2018-09-16T12:30:00+09:00,J2,389,389,778
2018-09-16T12:30:00+09:00,J3,464,430,894
2018-09-16T12:30:00+09:00,J4,664,620,1284
2018-09-16T12:30:00+09:00,J5,247,295,542
2018-09-16T12:45:00+09:00,J1,636,742,1378
2018-09-16T12:45:00+09:00,J2,412,453,865
2018-09-16T12:45:00+09:00,J3,455,418,873
2018-09-16T12:45:00+09:00,J4,663,635,1298
2018-09-16T12:45:00+09:00,J5,292,427,719
2018-09-16T13:00:00+09:00,J1,667,715,1382
2018-09-16T13:00:00+09:00,J2,410,424,834
2018-09-16T13:00:00+09:00,J3,464,430,894
2018-09-16T13:00:00+09:00,J4,720,668,1388
2018-09-16T13:00:00+09:00,J5,287,306,593
2018-09-16T13:15:00+09:00,J1,579,676,1255
2018-09-16T13:15:00+09:00,J2,441,378,819
2018-09-16T13:15:00+09:00,J3,526,484,1010
2018-09-16T13:15:00+09:00,J4,704,585,1289
2018-09-16T13:15:00+09:00,J5,224,281,505
2018-09-16T13:30:00+09:00,J1,583,653,1236
2018-09-16T13:30:00+09:00,J2,450,407,857
2018-09-16T13:30:00+09:00,J3,438,514,952
2018-09-16T13:30:00+09:00,J4,626,581,1207
2018-09-16T13:30:00+09:00,J5,223,280,503
2018-09-16T13:45:00+09:00,J1,649,679,1328
2018-09-16T13:45:00+09:00,J2,426,359,785
2018-09-16T13:45:00+09:00,J3,499,505,1004
2018-09-16T13:45:00+09:00,J4,507,488,995
2018-09-16T13:45:00+09:00,J5,223,283,506
2018-09-16T14:00:00+09:00,J1,712,687,1399
2018-09-16T14:00:00+09:00,J2,444,390,834
2018-09-16T14:00:00+09:00,J3,505,495,1000
2018-09-16T14:00:00+09:00,J4,475,465,940
2018-09-16T14:00:00+09:00,J5,209,234,443
2018-09-16T14:15:00+09:00,J1,644,717,1361
2018-09-16T14:15:00+09:00,J2,426,477,903
2018-09-16T14:15:00+09:00,J3,472,583,1055
2018-09-16T14:15:00+09:00,J4,505,418,923
2018-09-16T14:15:00+09:00,J5,203,283,486
2018-09-16T14:30:00+09:00,J1,695,763,1458
2018-09-16T14:30:00+09:00,J2,485,454,939
2018-09-16T14:30:00+09:00,J3,450,544,994
2018-09-16T14:30:00+09:00,J4,479,494,973
2018-09-16T14:30:00+09:00,J5,226,265,491
2018-09-16T14:45:00+09:00,J1,634,722,1356
2018-09-16T14:45:00+09:00,J2,451,428,879
2018-09-16T14:45:00+09:00,J3,477,491,968
2018-09-16T14:45:00+09:00,J4,443,406,849
2018-09-16T14:45:00+09:00,J5,229,270,499
2018-09-16T15:00:00+09:00,J1,630,734,1364
2018-09-16T15:00:00+09:00,J2,394,408,802
2018-09-16T15:00:00+09:00,J3,447,493,940
2018-09-16T15:00:00+09:00,J4,505,443,948
2018-09-16T15:00:00+09:00,J5,182,245,427
2018-09-16T15:15:00+09:00,J1,638,800,1438
2018-09-16T15:15:00+09:00,J2,386,416,802
2018-09-16T15:15:00+09:00,J3,499,466,965
2018-09-16T15:15:00+09:00,J4,536,450,986
2018-09-16T15:15:00+09:00,J5,213,274,487
2018-09-16T15:30:00+09:00,J1,634,647,1281
2018-09-16T15:30:00+09:00,J2,432,424,856
2018-09-16T15:30:00+09:00,J3,509,506,1015
2018-09-16T15:30:00+09:00,J4,504,477,981
2018-09-16T15:30:00+09:00,J5,223,247,470
2018-09-16T15:45:00+09:00,J1,614,691,1305
2018-09-16T15:45:00+09:00,J2,437,480,917
2018-09-16T15:45:00+09:00,J3,481,511,992
2018-09-16T15:45:00+09:00,J4,497,471,968
2018-09-16T15:45:00+09:00,J5,235,226,461
2018-09-16T16:00:00+09:00,J1,675,724,1399
2018-09-16T16:00:00+09:00,J2,492,418,910
2018-09-16T16:00:00+09:00,J3,505,537,1042
2018-09-16T16:00:00+09:00,J4,558,500,1058
2018-09-16T16:00:00+09:00,J5,218,206,424
2018-09-16T16:15:00+09:00,J1,645,662,1307
2018-09-16T16:15:00+09:00,J2,377,453,830
2018-09-16T16:15:00+09:00,J3,453,502,955
2018-09-16T16:15:00+09:00,J4,544,500,1044
2018-09-16T16:15:00+09:00,J5,221,239,460
2018-09-16T16:30:00+09:00,J1,604,676,1280
2018-09-16T16:30:00+09:00,J2,400,412,812
2018-09-16T16:30:00+09:00,J3,469,493,962
2018-09-16T16:30:00+09:00,J4,571,497,1068
2018-09-16T16:30:00+09:00,J5,237,226,463
2018-09-16T16:45:00+09:00,J1,686,671,1357
2018-09-16T16:45:00+09:00,J2,411,432,843
2018-09-16T16:45:00+09:00,J3,400,471,871
2018-09-16T16:45:00+09:00,J4,613,509,1122
2018-09-16T16:45:00+09:00,J5,223,264,487
2018-09-16T17:00:00+09:00,J1,663,646,1309
2018-09-16T17:00:00+09:00,J2,394,422,816
2018-09-16T17:00:00+09:00,J3,419,432,851
2018-09-16T17:00:00+09:00,J4,710,608,1318
2018-09-16T17:00:00+09:00,J5,271,314,585
2018-09-16T17:15:00+09:00,J1,670,723,1393
2018-09-16T17:15:00+09:00,J2,428,426,854
2018-09-16T17:15:00+09:00,J3,488,419,907
2018-09-16T17:15:00+09:00,J4,769,634,1403
2018-09-16T17:15:00+09:00,J5,238,281,519
2018-09-16T17:30:00+09:00,J1,633,604,1237
2018-09-16T17:30:00+09:00,J2,404,442,846
2018-09-16T17:30:00+09:00,J3,457,434,891
2018-09-16T17:30:00+09:00,J4,719,646,1365
2018-09-16T17:30:00+09:00,J5,242,307,549
2018-09-16T17:45:00+09:00,J1,817,716,1533
2018-09-16T17:45:00+09:00,J2,384,387,771
2018-09-16T17:45:00+09:00,J3,440,417,857
2018-09-16T17:45:00+09:00,J4,659,578,1237
2018-09-16T17:45:00+09:00,J5,211,267,478
2018-09-16T18:00:00+09:00,J1,744,749,1493
2018-09-16T18:00:00+09:00,J2,384,406,790
2018-09-16T18:00:00+09:00,J3,470,415,885
2018-09-16T18:00:00+09:00,J4,710,654,1364
2018-09-16T18:00:00+09:00,J5,268,337,605
2018-09-16T18:15:00+09:00,J1,721,770,1491
2018-09-16T18:15:00+09:00,J2,372,418,790
2018-09-16T18:15:00+09:00,J3,491,411,902
2018-09-16T18:15:00+09:00,J4,719,584,1303
2018-09-16T18:15:00+09:00,J5,254,319,573
2018-09-16T18:30:00+09:00,J1,580,544,1124
2018-09-16T18:30:00+09:00,J2,353,392,745
2018-09-16T18:30:00+09:00,J3,390,383,773
2018-09-16T18:30:00+09:00,J4,660,618,1278
2018-09-16T18:30:00+09:00,J5,252,286,538
2018-09-16T18:45:00+09:00,J1,578,510,1088
2018-09-16T18:45:00+09:00,J2,327,347,674
2018-09-16T18:45:00+09:00,J3,379,359,738
2018-09-16T18:45:00+09:00,J4,627,573,1200
2018-09-16T18:45:00+09:00,J5,186,231,417
2018-09-16T19:00:00+09:00,J1,495,537,1032
2018-09-16T19:00:00+09:00,J2,342,345,687
2018-09-16T19:00:00+09:00,J3,377,346,723
2018-09-16T19:00:00+09:00,J4,543,434,977
2018-09-16T19:00:00+09:00,J5,207,261,468
2018-09-16T19:15:00+09:00,J1,445,465,910
2018-09-16T19:15:00+09:00,J2,347,306,653
2018-09-16T19:15:00+09:00,J3,388,352,740
2018-09-16T19:15:00+09:00,J4,496,405,901
2018-09-16T19:15:00+09:00,J5,206,268,474
2018-09-16T19:30:00+09:00,J1,391,440,831
2018-09-16T19:30:00+09:00,J2,362,348,710
2018-09-16T19:30:00+09:00,J3,334,358,692
2018-09-16T19:30:00+09:00,J4,501,402,903
2018-09-16T19:30:00+09:00,J5,238,242,480
2018-09-16T19:45:00+09:00,J1,314,354,668
2018-09-16T19:45:00+09:00,J2,352,402,754
2018-09-16T19:45:00+09:00,J3,250,295,545
2018-09-16T19:45:00+09:00,J4,418,361,779
2018-09-16T19:45:00+09:00,J5,209,255,464
2018-09-16T20:00:00+09:00,J1,361,360,721
2018-09-16T20:00:00+09:00,J2,389,381,770
2018-09-16T20:00:00+09:00,J3,327,335,662
2018-09-16T20:00:00+09:00,J4,383,366,749
2018-09-16T20:00:00+09:00,J5,206,258,464
2018-09-16T20:15:00+09:00,J1,346,376,722
2018-09-16T20:15:00+09:00,J2,356,356,712
2018-09-16T20:15:00+09:00,J3,349,395,744
2018-09-16T20:15:00+09:00,J4,497,334,831
2018-09-16T20:15:00+09:00,J5,218,226,444
2018-09-16T20:30:00+09:00,J1,333,371,704
2018-09-16T20:30:00+09:00,J2,350,342,692
2018-09-16T20:30:00+09:00,J3,307,361,668
2018-09-16T20:30:00+09:00,J4,365,327,692
2018-09-16T20:30:00+09:00,J5,194,202,396
2018-09-16T20:45:00+09:00,J1,252,354,606
2018-09-16T20:45:00+09:00,J2,347,333,680
2018-09-16T20:45:00+09:00,J3,307,329,636
2018-09-16T20:45:00+09:00,J4,329,293,622
2018-09-16T20:45:00+09:00,J5,183,196,379
2018-09-16T21:00:00+09:00,J1,319,361,680
2018-09-16T21:00:00+09:00,J2,318,315,633
2018-09-16T21:00:00+09:00,J3,355,340,695
2018-09-16T21:00:00+09:00,J4,327,315,642
2018-09-16T21:00:00+09:00,J5,199,253,452
2018-09-16T21:15:00+09:00,J1,353,403,756
2018-09-16T21:15:00+09:00,J2,332,351,683
2018-09-16T21:15:00+09:00,J3,430,364,794
2018-09-16T21:15:00+09:00,J4,394,372,766
2018-09-16T21:15:00+09:00,J5,185,211,396
2018-09-16T21:30:00+09:00,J1,289,402,691
2018-09-16T21:30:00+09:00,J2,314,339,653
2018-09-16T21:30:00+09:00,J3,387,395,782
2018-09-16T21:30:00+09:00,J4,329,338,667
2018-09-16T21:30:00+09:00,J5,191,178,369
2018-09-16T21:45:00+09:00,J1,340,390,730
2018-09-16T21:45:00+09:00,J2,297,287,584
2018-09-16T21:45:00+09:00,J3,441,362,803
2018-09-16T21:45:00+09:00,J4,374,338,712
2018-09-16T21:45:00+09:00,J5,217,164,381
2018-09-16T22:00:00+09:00,J1,327,348,675
2018-09-16T22:00:00+09:00,J2,265,305,570
2018-09-16T22:00:00+09:00,J3,342,321,663
2018-09-16T22:00:00+09:00,J4,297,288,585
2018-09-16T22:00:00+09:00,J5,215,205,420
2018-09-16T22:15:00+09:00,J1,307,323,630
2018-09-16T22:15:00+09:00,J2,292,339,631
2018-09-16T22:15:00+09:00,J3,398,318,716
2018-09-16T22:15:00+09:00,J4,318,322,640
2018-09-16T22:15:00+09:00,J5,163,152,315
2018-09-16T22:30:00+09:00,J1,334,357,691
2018-09-16T22:30:00+09:00,J2,304,351,655
2018-09-16T22:30:00+09:00,J3,364,328,692
2018-09-16T22:30:00+09:00,J4,387,378,765
2018-09-16T22:30:00+09:00,J5,149,155,304
2018-09-16T22:45:00+09:00,J1,282,327,609
2018-09-16T22:45:00+09:00,J2,343,352,695
2018-09-16T22:45:00+09:00,J3,402,305,707
2018-09-16T22:45:00+09:00,J4,335,315,650
2018-09-16T22:45:00+09:00,J5,162,175,337
2018-09-16T23:00:00+09:00,J1,318,333,651
2018-09-16T23:00:00+09:00,J2,293,377,670
2018-09-16T23:00:00+09:00,J3,391,333,724
2018-09-16T23:00:00+09:00,J4,365,382,747
2018-09-16T23:00:00+09:00,J5,136,179,315
2018-09-16T23:15:00+09:00,J1,299,328,627
2018-09-16T23:15:00+09:00,J2,322,331,653
2018-09-16T23:15:00+09:00,J3,429,356,785
2018-09-16T23:15:00+09:00,J4,319,327,646
2018-09-16T23:15:00+09:00,J5,140,196,336
2018-09-16T23:30:00+09:00,J1,338,373,711
2018-09-16T23:30:00+09:00,J2,310,308,618
2018-09-16T23:30:00+09:00,J3,410,432,842
2018-09-16T23:30:00+09:00,J4,281,309,590
2018-09-16T23:30:00+09:00,J5,145,168,313
2018-09-16T23:45:00+09:00,J1,308,325,633
2018-09-16T23:45:00+09:00,J2,309,335,644
2018-09-16T23:45:00+09:00,J3,372,330,702
2018-09-16T23:45:00+09:00,J4,376,353,729
2018-09-16T23:45:00+09:00,J5,147,154,301
2018-09-17T00:00:00+09:00,J1,236,272,508
2018-09-17T00:00:00+09:00,J2,282,245,527
2018-09-17T00:00:00+09:00,J3,359,297,656
2018-09-17T00:00:00+09:00,J4,367,350,717
2018-09-17T00:00:00+09:00,J5,155,168,323
2018-09-17T00:15:00+09:00,J1,208,226,434
2018-09-17T00:15:00+09:00,J2,215,158,373
2018-09-17T00:15:00+09:00,J3,306,246,552
2018-09-17T00:15:00+09:00,J4,358,293,651
2018-09-17T00:15:00+09:00,J5,199,215,414
2018-09-17T00:30:00+09:00,J1,187,191,378
2018-09-17T00:30:00+09:00,J2,181,180,361
2018-09-17T00:30:00+09:00,J3,336,247,583
2018-09-17T00:30:00+09:00,J4,426,358,784
2018-09-17T00:30:00+09:00,J5,199,159,358
2018-09-17T00:45:00+09:00,J1,189,191,380
2018-09-17T00:45:00+09:00,J2,154,156,310
2018-09-17T00:45:00+09:00,J3,329,223,552
2018-09-17T00:45:00+09:00,J4,420,368,788
2018-09-17T00:45:00+09:00,J5,178,129,307
2018-09-17T05:45:00+09:00,J1,294,257,551
2018-09-17T05:45:00+09:00,J2,132,179,311
2018-09-17T05:45:00+09:00,J3,313,225,538
2018-09-17T05:45:00+09:00,J4,489,503,992
2018-09-17T05:45:00+09:00,J5,327,278,605
2018-09-17T06:00:00+09:00,J1,309,263,572
2018-09-17T06:00:00+09:00,J2,215,209,424
2018-09-17T06:00:00+09:00,J3,362,233,595
2018-09-17T06:00:00+09:00,J4,693,657,1350
2018-09-17T06:00:00+09:00,J5,178,130,308
2018-09-17T06:15:00+09:00,J1,295,273,568
2018-09-17T06:15:00+09:00,J2,299,181,480
2018-09-17T06:15:00+09:00,J3,472,362,834
2018-09-17T06:15:00+09:00,J4,346,383,729
2018-09-17T06:15:00+09:00,J5,167,125,292
2018-09-17T06:30:00+09:00,J1,352,312,664
2018-09-17T06:30:00+09:00,J2,268,197,465
2018-09-17T06:30:00+09:00,J3,476,408,884
2018-09-17T06:30:00+09:00,J4,423,417,840
2018-09-17T06:30:00+09:00,J5,187,148,335
2018-09-17T06:45:00+09:00,J1,391,331,722
2018-09-17T06:45:00+09:00,J2,256,166,422
2018-09-17T06:45:00+09:00,J3,388,352,740
2018-09-17T06:45:00+09:00,J4,469,487,956
2018-09-17T06:45:00+09:00,J5,181,139,320
2018-09-17T07:00:00+09:00,J1,306,274,580
2018-09-17T07:00:00+09:00,J2,260,291,551
2018-09-17T07:00:00+09:00,J3,359,325,684
2018-09-17T07:00:00+09:00,J4,571,676,1247
2018-09-17T07:00:00+09:00,J5,153,140,293
2018-09-17T07:15:00+09:00,J1,346,296,642
2018-09-17T07:15:00+09:00,J2,249,287,536
2018-09-17T07:15:00+09:00,J3,363,278,641
2018-09-17T07:15:00+09:00,J4,484,504,988
2018-09-17T07:15:00+09:00,J5,173,191,364
2018-09-17T07:30:00+09:00,J1,357,356,713
2018-09-17T07:30:00+09:00,J2,272,240,512
2018-09-17T07:30:00+09:00,J3,606,506,1112
2018-09-17T07:30:00+09:00,J4,460,465,925
2018-09-17T07:30:00+09:00,J5,239,206,445
2018-09-17T07:45:00+09:00,J1,303,328,631
2018-09-17T07:45:00+09:00,J2,299,247,546
2018-09-17T07:45:00+09:00,J3,652,564,1216
2018-09-17T07:45:00+09:00,J4,397,413,810
2018-09-17T07:45:00+09:00,J5,180,122,302
2018-09-17T08:00:00+09:00,J1,561,545,1106
2018-09-17T08:00:00+09:00,J2,414,366,780
2018-09-17T08:00:00+09:00,J3,753,598,1351
2018-09-17T08:00:00+09:00,J4,446,453,899
2018-09-17T08:00:00+09:00,J5,177,130,307
2018-09-17T08:15:00+09:00,J1,627,532,1159
2018-09-17T08:15:00+09:00,J2,415,416,831
2018-09-17T08:15:00+09:00,J3,708,651,1359
2018-09-17T08:15:00+09:00,J4,392,507,899
2018-09-17T08:15:00+09:00,J5,209,115,324
2018-09-17T08:30:00+09:00,J1,626,500,1126
2018-09-17T08:30:00+09:00,J2,439,359,798
2018-09-17T08:30:00+09:00,J3,737,696,1433
2018-09-17T08:30:00+09:00,J4,374,487,861
2018-09-17T08:30:00+09:00,J5,245,156,401
2018-09-17T08:45:00+09:00,J1,487,456,943
2018-09-17T08:45:00+09:00,J2,391,361,752
2018-09-17T08:45:00+09:00,J3,703,644,1347
2018-09-17T08:45:00+09:00,J4,282,342,624
2018-09-17T08:45:00+09:00,J5,185,136,321
2018-09-17T09:00:00+09:00,J1,530,535,1065
2018-09-17T09:00:00+09:00,J2,358,447,805
2018-09-17T09:00:00+09:00,J3,714,568,1282
2018-09-17T09:00:00+09:00,J4,361,369,730
2018-09-17T09:00:00+09:00,J5,175,108,283
2018-09-17T09:15:00+09:00,J1,428,407,835
2018-09-17T09:15:00+09:00,J2,404,354,758
2018-09-17T09:15:00+09:00,J3,598,598,1196
2018-09-17T09:15:00+09:00,J4,439,513,952
2018-09-17T09:15:00+09:00,J5,179,90,269
2018-09-17T09:30:00+09:00,J1,455,437,892
2018-09-17T09:30:00+09:00,J2,396,319,715
2018-09-17T09:30:00+09:00,J3,686,671,1357
2018-09-17T09:30:00+09:00,J4,376,436,812
2018-09-17T09:30:00+09:00,J5,164,119,283
2018-09-17T09:45:00+09:00,J1,422,454,876
2018-09-17T09:45:00+09:00,J2,439,338,777
2018-09-17T09:45:00+09:00,J3,710,625,1335
2018-09-17T09:45:00+09:00,J4,327,366,693
2018-09-17T09:45:00+09:00,J5,160,150,310
2018-09-17T10:00:00+09:00,J1,360,448,808
2018-09-17T10:00:00+09:00,J2,427,304,731
2018-09-17T10:00:00+09:00,J3,684,632,1316
2018-09-17T10:00:00+09:00,J4,388,417,805
2018-09-17T10:00:00+09:00,J5,154,168,322
2018-09-17T10:15:00+09:00,J1,423,432,855
2018-09-17T10:15:00+09:00,J2,481,333,814
2018-09-17T10:15:00+09:00,J3,660,610,1270
2018-09-17T10:15:00+09:00,J4,392,418,810
2018-09-17T10:15:00+09:00,J5,205,208,413
2018-09-17T10:30:00+09:00,J1,514,534,1048
2018-09-17T10:30:00+09:00,J2,458,310,768
2018-09-17T10:30:00+09:00,J3,655,658,1313
2018-09-17T10:30:00+09:00,J4,451,514,965
2018-09-17T10:30:00+09:00,J5,219,199,418
2018-09-17T10:45:00+09:00,J1,617,589,1206
2018-09-17T10:45:00+09:00,J2,488,315,803
2018-09-17T10:45:00+09:00,J3,740,571,1311
2018-09-17T10:45:00+09:00,J4,465,480,945
2018-09-17T10:45:00+09:00,J5,246,198,444
2018-09-17T11:00:00+09:00,J1,535,571,1106
2018-09-17T11:00:00+09:00,J2,580,410,990
2018-09-17T11:00:00+09:00,J3,583,558,1141
2018-09-17T11:00:00+09:00,J4,475,499,974
2018-09-17T11:00:00+09:00,J5,166,131,297
2018-09-17T11:15:00+09:00,J1,710,684,1394
2018-09-17T11:15:00+09:00,J2,663,396,1059
2018-09-17T11:15:00+09:00,J3,613,613,1226
2018-09-17T11:15:00+09:00,J4,468,413,881
2018-09-17T11:15:00+09:00,J5,206,173,379
2018-09-17T11:30:00+09:00,J1,685,695,1380
2018-09-17T11:30:00+09:00,J2,623,406,1029
2018-09-17T11:30:00+09:00,J3,639,577,1216
2018-09-17T11:30:00+09:00,J4,476,480,956
2018-09-17T11:30:00+09:00,J5,200,172,372
2018-09-17T11:45:00+09:00,J1,665,659,1324
2018-09-17T11:45:00+09:00,J2,586,447,1033
2018-09-17T11:45:00+09:00,J3,581,662,1243
2018-09-17T11:45:00+09:00,J4,486,486,972
2018-09-17T11:45:00+09:00,J5,222,172,394
2018-09-17T12:00:00+09:00,J1,696,675,1371
2018-09-17T12:00:00+09:00,J2,591,509,1100
2018-09-17T12:00:00+09:00,J3,615,599,1214
2018-09-17T12:00:00+09:00,J4,483,469,952
2018-09-17T12:00:00+09:00,J5,209,183,392
2018-09-17T12:15:00+09:00,J1,663,615,1278
2018-09-17T12:15:00+09:00,J2,645,520,1165
2018-09-17T12:15:00+09:00,J3,610,665,1275
2018-09-17T12:15:00+09:00,J4,580,520,1100
2018-09-17T12:15:00+09:00,J5,209,194,403
2018-09-17T12:30:00+09:00,J1,654,640,1294
2018-09-17T12:30:00+09:00,J2,670,521,1191
2018-09-17T12:30:00+09:00,J3,567,568,1135
2018-09-17T12:30:00+09:00,J4,496,523,1019
2018-09-17T12:30:00+09:00,J5,222,199,421
2018-09-17T12:45:00+09:00,J1,639,620,1259
2018-09-17T12:45:00+09:00,J2,607,549,1156
2018-09-17T12:45:00+09:00,J3,578,612,1190
2018-09-17T12:45:00+09:00,J4,416,476,892
2018-09-17T12:45:00+09:00,J5,191,211,402
2018-09-17T13:00:00+09:00,J1,600,744,1344
2018-09-17T13:00:00+09:00,J2,560,572,1132
2018-09-17T13:00:00+09:00,J3,563,558,1121
2018-09-17T13:00:00+09:00,J4,549,456,1005
2018-09-17T13:00:00+09:00,J5,216,199,415
2018-09-17T13:15:00+09:00,J1,611,703,1314
2018-09-17T13:15:00+09:00,J2,552,544,1096
2018-09-17T13:15:00+09:00,J3,532,573,1105
2018-09-17T13:15:00+09:00,J4,488,493,981
2018-09-17T13:15:00+09:00,J5,214,192,406
2018-09-17T13:30:00+09:00,J1,585,713,1298
2018-09-17T13:30:00+09:00,J2,584,542,1126
2018-09-17T13:30:00+09:00,J3,634,529,1163
2018-09-17T13:30:00+09:00,J4,525,476,1001
2018-09-17T13:30:00+09:00,J5,246,191,437
2018-09-17T13:45:00+09:00,J1,634,707,1341
2018-09-17T13:45:00+09:00,J2,579,555,1134
2018-09-17T13:45:00+09:00,J3,618,673,1291
2018-09-17T13:45:00+09:00,J4,567,467,1034
2018-09-17T13:45:00+09:00,J5,231,177,408
2018-09-17T14:00:00+09:00,J1,585,745,1330
2018-09-17T14:00:00+09:00,J2,540,537,1077
2018-09-17T14:00:00+09:00,J3,696,639,1335
2018-09-17T14:00:00+09:00,J4,558,513,1071
2018-09-17T14:00:00+09:00,J5,201,155,356
2018-09-17T14:15:00+09:00,J1,646,665,1311
2018-09-17T14:15:00+09:00,J2,546,581,1127
2018-09-17T14:15:00+09:00,J3,599,629,1228
2018-09-17T14:15:00+09:00,J4,512,529,1041
2018-09-17T14:15:00+09:00,J5,201,198,399
2018-09-17T14:30:00+09:00,J1,656,747,1403
2018-09-17T14:30:00+09:00,J2,558,588,1146
2018-09-17T14:30:00+09:00,J3,668,661,1329
2018-09-17T14:30:00+09:00,J4,506,556,1062
2018-09-17T14:30:00+09:00,J5,189,222,411
2018-09-17T14:45:00+09:00,J1,681,733,1414
2018-09-17T14:45:00+09:00,J2,629,583,1212
2018-09-17T14:45:00+09:00,J3,705,583,1288
2018-09-17T14:45:00+09:00,J4,517,592,1109
2018-09-17T14:45:00+09:00,J5,191,197,388
2018-09-17T15:00:00+09:00,J1,628,708,1336
2018-09-17T15:00:00+09:00,J2,531,585,1116
2018-09-17T15:00:00+09:00,J3,631,584,1215
2018-09-17T15:00:00+09:00,J4,518,518,1036
2018-09-17T15:00:00+09:00,J5,192,180,372
2018-09-17T15:15:00+09:00,J1,684,806,1490
2018-09-17T15:15:00+09:00,J2,669,535,1204
2018-09-17T15:15:00+09:00,J3,653,607,1260
2018-09-17T15:15:00+09:00,J4,563,540,1103
2018-09-17T15:15:00+09:00,J5,180,139,319
2018-09-17T15:30:00+09:00,J1,665,653,1318
2018-09-17T15:30:00+09:00,J2,555,503,1058
2018-09-17T15:30:00+09:00,J3,692,689,1381
2018-09-17T15:30:00+09:00,J4,545,502,1047
2018-09-17T15:30:00+09:00,J5,192,172,364
2018-09-17T15:45:00+09:00,J1,595,701,1296
2018-09-17T15:45:00+09:00,J2,568,562,1130
2018-09-17T15:45:00+09:00,J3,710,644,1354
2018-09-17T15:45:00+09:00,J4,561,504,1065
2018-09-17T15:45:00+09:00,J5,240,187,427
2018-09-17T16:00:00+09:00,J1,667,733,1400
2018-09-17T16:00:00+09:00,J2,638,540,1178
2018-09-17T16:00:00+09:00,J3,679,635,1314
2018-09-17T16:00:00+09:00,J4,520,558,1078
2018-09-17T16:00:00+09:00,J5,204,139,343
2018-09-17T16:15:00+09:00,J1,561,718,1279
2018-09-17T16:15:00+09:00,J2,551,483,1034
2018-09-17T16:15:00+09:00,J3,637,665,1302
2018-09-17T16:15:00+09:00,J4,545,470,1015
2018-09-17T16:15:00+09:00,J5,200,147,347
2018-09-17T16:30:00+09:00,J1,610,655,1265
2018-09-17T16:30:00+09:00,J2,577,493,1070
2018-09-17T16:30:00+09:00,J3,667,630,1297
2018-09-17T16:30:00+09:00,J4,550,511,1061
2018-09-17T16:30:00+09:00,J5,205,158,363
2018-09-17T16:45:00+09:00,J1,657,697,1354
2018-09-17T16:45:00+09:00,J2,583,456,1039
2018-09-17T16:45:00+09:00,J3,680,716,1396
2018-09-17T16:45:00+09:00,J4,515,466,981
2018-09-17T16:45:00+09:00,J5,210,171,381
2018-09-17T17:00:00+09:00,J1,738,785,1523
2018-09-17T17:00:00+09:00,J2,569,513,1082
2018-09-17T17:00:00+09:00,J3,618,659,1277
2018-09-17T17:00:00+09:00,J4,524,530,1054
2018-09-17T17:00:00+09:00,J5,185,173,358
2018-09-17T17:15:00+09:00,J1,714,764,1478
2018-09-17T17:15:00+09:00,J2,522,543,1065
2018-09-17T17:15:00+09:00,J3,587,644,1231
2018-09-17T17:15:00+09:00,J4,499,552,1051
2018-09-17T17:15:00+09:00,J5,172,149,321
2018-09-17T17:30:00+09:00,J1,742,867,1609
2018-09-17T17:30:00+09:00,J2,547,531,1078
2018-09-17T17:30:00+09:00,J3,674,639,1313
2018-09-17T17:30:00+09:00,J4,559,580,1139
2018-09-17T17:30:00+09:00,J5,227,208,435
2018-09-17T17:45:00+09:00,J1,759,837,1596
2018-09-17T17:45:00+09:00,J2,523,388,911
2018-09-17T17:45:00+09:00,J3,653,627,1280
2018-09-17T17:45:00+09:00,J4,561,522,1083
2018-09-17T17:45:00+09:00,J5,210,171,381
2018-09-17T18:00:00+09:00,J1,807,886,1693
2018-09-17T18:00:00+09:00,J2,464,387,851
2018-09-17T18:00:00+09:00,J3,719,755,1474
2018-09-17T18:00:00+09:00,J4,500,536,1036
2018-09-17T18:00:00+09:00,J5,195,174,369
2018-09-17T18:15:00+09:00,J1,621,781,1402
2018-09-17T18:15:00+09:00,J2,552,439,991
2018-09-17T18:15:00+09:00,J3,717,693,1410
2018-09-17T18:15:00+09:00,J4,559,501,1060
2018-09-17T18:15:00+09:00,J5,226,221,447
2018-09-17T18:30:00+09:00,J1,552,715,1267
2018-09-17T18:30:00+09:00,J2,446,342,788
2018-09-17T18:30:00+09:00,J3,725,660,1385
2018-09-17T18:30:00+09:00,J4,574,547,1121
2018-09-17T18:30:00+09:00,J5,242,243,485
2018-09-17T18:45:00+09:00,J1,665,673,1338
2018-09-17T18:45:00+09:00,J2,402,404,806
2018-09-17T18:45:00+09:00,J3,709,634,1343
2018-09-17T18:45:00+09:00,J4,539,494,1033
2018-09-17T18:45:00+09:00,J5,215,236,451
2018-09-17T19:00:00+09:00,J1,426,544,970
2018-09-17T19:00:00+09:00,J2,387,337,724
2018-09-17T19:00:00+09:00,J3,698,658,1356
2018-09-17T19:00:00+09:00,J4,655,544,1199
2018-09-17T19:00:00+09:00,J5,297,303,600
2018-09-17T19:15:00+09:00,J1,465,551,1016
2018-09-17T19:15:00+09:00,J2,387,306,693
2018-09-17T19:15:00+09:00,J3,705,614,1319
2018-09-17T19:15:00+09:00,J4,608,550,1158
2018-09-17T19:15:00+09:00,J5,271,325,596
2018-09-17T19:30:00+09:00,J1,424,484,908
2018-09-17T19:30:00+09:00,J2,352,271,623
2018-09-17T19:30:00+09:00,J3,711,605,1316
2018-09-17T19:30:00+09:00,J4,590,548,1138
2018-09-17T19:30:00+09:00,J5,252,322,574
2018-09-17T19:45:00+09:00,J1,417,506,923
2018-09-17T19:45:00+09:00,J2,312,266,578
2018-09-17T19:45:00+09:00,J3,626,550,1176
2018-09-17T19:45:00+09:00,J4,558,521,1079
2018-09-17T19:45:00+09:00,J5,301,317,618
2018-09-17T20:00:00+09:00,J1,400,525,925
2018-09-17T20:00:00+09:00,J2,406,324,730
2018-09-17T20:00:00+09:00,J3,618,601,1219
2018-09-17T20:00:00+09:00,J4,635,625,1260
2018-09-17T20:00:00+09:00,J5,315,346,661
2018-09-17T20:15:00+09:00,J1,425,462,887
2018-09-17T20:15:00+09:00,J2,362,312,674
2018-09-17T20:15:00+09:00,J3,681,552,1233
2018-09-17T20:15:00+09:00,J4,687,627,1314
2018-09-17T20:15:00+09:00,J5,295,381,676
2018-09-17T20:30:00+09:00,J1,481,506,987
2018-09-17T20:30:00+09:00,J2,299,341,640
2018-09-17T20:30:00+09:00,J3,646,571,1217
2018-09-17T20:30:00+09:00,J4,631,660,1291
2018-09-17T20:30:00+09:00,J5,363,417,780
2018-09-17T20:45:00+09:00,J1,425,488,913
2018-09-17T20:45:00+09:00,J2,286,329,615
2018-09-17T20:45:00+09:00,J3,585,494,1079
2018-09-17T20:45:00+09:00,J4,620,603,1223
2018-09-17T20:45:00+09:00,J5,356,454,810
2018-09-17T21:00:00+09:00,J1,412,500,912
2018-09-17T21:00:00+09:00,J2,284,310,594
2018-09-17T21:00:00+09:00,J3,463,372,835
2018-09-17T21:00:00+09:00,J4,595,474,1069
2018-09-17T21:00:00+09:00,J5,333,423,756
2018-09-17T21:15:00+09:00,J1,427,486,913
2018-09-17T21:15:00+09:00,J2,318,362,680
2018-09-17T21:15:00+09:00,J3,492,373,865
2018-09-17T21:15:00+09:00,J4,578,535,1113
2018-09-17T21:15:00+09:00,J5,402,445,847
2018-09-17T21:30:00+09:00,J1,412,439,851
2018-09-17T21:30:00+09:00,J2,309,279,588
2018-09-17T21:30:00+09:00,J3,459,344,803
2018-09-17T21:30:00+09:00,J4,610,597,1207
2018-09-17T21:30:00+09:00,J5,359,503,862
2018-09-17T21:45:00+09:00,J1,369,419,788
2018-09-17T21:45:00+09:00,J2,236,251,487
2018-09-17T21:45:00+09:00,J3,394,290,684
2018-09-17T21:45:00+09:00,J4,553,482,1035
2018-09-17T21:45:00+09:00,J5,418,475,893
2018-09-17T22:00:00+09:00,J1,414,479,893
2018-09-17T22:00:00+09:00,J2,236,286,522
2018-09-17T22:00:00+09:00,J3,417,285,702
2018-09-17T22:00:00+09:00,J4,524,445,969
2018-09-17T22:00:00+09:00,J5,410,485,895
2018-09-17T22:15:00+09:00,J1,384,422,806
2018-09-17T22:15:00+09:00,J2,264,276,540
2018-09-17T22:15:00+09:00,J3,367,302,669
2018-09-17T22:15:00+09:00,J4,466,438,904
2018-09-17T22:15:00+09:00,J5,347,471,818
2018-09-17T22:30:00+09:00,J1,350,393,743
2018-09-17T22:30:00+09:00,J2,293,309,602
2018-09-17T22:30:00+09:00,J3,414,352,766
2018-09-17T22:30:00+09:00,J4,538,496,1034
2018-09-17T22:30:00+09:00,J5,286,383,669
2018-09-17T22:45:00+09:00,J1,382,407,789
2018-09-17T22:45:00+09:00,J2,265,249,514
2018-09-17T22:45:00+09:00,J3,414,331,745
2018-09-17T22:45:00+09:00,J4,605,581,1186
2018-09-17T22:45:00+09:00,J5,308,354,662
2018-09-17T23:00:00+09:00,J1,401,328,729
2018-09-17T23:00:00+09:00,J2,282,268,550
2018-09-17T23:00:00+09:00,J3,388,329,717
2018-09-17T23:00:00+09:00,J4,622,625,1247
2018-09-17T23:00:00+09:00,J5,281,395,676
2018-09-17T23:15:00+09:00,J1,303,392,695
2018-09-17T23:15:00+09:00,J2,301,317,618
2018-09-17T23:15:00+09:00,J3,397,371,768
2018-09-17T23:15:00+09:00,J4,553,538,1091
2018-09-17T23:15:00+09:00,J5,252,357,609
2018-09-17T23:30:00+09:00,J1,409,420,829
2018-09-17T23:30:00+09:00,J2,281,339,620
2018-09-17T23:30:00+09:00,J3,309,257,566
2018-09-17T23:30:00+09:00,J4,451,492,943
2018-09-17T23:30:00+09:00,J5,282,361,643
2018-09-17T23:45:00+09:00,J1,322,337,659
2018-09-17T23:45:00+09:00,J2,296,310,606
2018-09-17T23:45:00+09:00,J3,348,257,605
2018-09-17T23:45:00+09:00,J4,463,415,878
2018-09-17T23:45:00+09:00,J5,293,385,678
2018-09-18T00:00:00+09:00,J1,244,296,540
2018-09-18T00:00:00+09:00,J2,283,268,551
2018-09-18T00:00:00+09:00,J3,383,345,728
2018-09-18T00:00:00+09:00,J4,448,429,877
2018-09-18T00:00:00+09:00,J5,304,375,679
2018-09-18T00:15:00+09:00,J1,222,193,415
2018-09-18T00:15:00+09:00,J2,269,344,613
2018-09-18T00:15:00+09:00,J3,313,284,597
2018-09-18T00:15:00+09:00,J4,253,220,473
2018-09-18T00:15:00+09:00,J5,307,327,634
2018-09-18T00:30:00+09:00,J1,255,191,446
2018-09-18T00:30:00+09:00,J2,348,438,786
2018-09-18T00:30:00+09:00,J3,332,306,638
2018-09-18T00:30:00+09:00,J4,260,247,507
2018-09-18T00:30:00+09:00,J5,257,273,530
2018-09-18T00:45:00+09:00,J1,257,190,447
2018-09-18T00:45:00+09:00,J2,297,393,690
2018-09-18T00:45:00+09:00,J3,317,282,599
2018-09-18T00:45:00+09:00,J4,230,253,483
2018-09-18T00:45:00+09:00,J5,215,236,451
2018-09-18T05:45:00+09:00,J1,380,335,715
2018-09-18T05:45:00+09:00,J2,407,342,749
2018-09-18T05:45:00+09:00,J3,298,301,599
2018-09-18T05:45:00+09:00,J4,470,485,955
2018-09-18T05:45:00+09:00,J5,211,237,448
2018-09-18T06:00:00+09:00,J1,358,371,729
2018-09-18T06:00:00+09:00,J2,285,233,518
2018-09-18T06:00:00+09:00,J3,193,205,398
2018-09-18T06:00:00+09:00,J4,505,512,1017
2018-09-18T06:00:00+09:00,J5,241,345,586
2018-09-18T06:15:00+09:00,J1,332,302,634
2018-09-18T06:15:00+09:00,J2,329,327,656
2018-09-18T06:15:00+09:00,J3,324,266,590
2018-09-18T06:15:00+09:00,J4,435,476,911
2018-09-18T06:15:00+09:00,J5,302,375,677
2018-09-18T06:30:00+09:00,J1,332,306,638
2018-09-18T06:30:00+09:00,J2,387,399,786
2018-09-18T06:30:00+09:00,J3,341,307,648
2018-09-18T06:30:00+09:00,J4,329,372,701
2018-09-18T06:30:00+09:00,J5,373,378,751
2018-09-18T06:45:00+09:00,J1,360,312,672
2018-09-18T06:45:00+09:00,J2,390,368,758
2018-09-18T06:45:00+09:00,J3,278,325,603
2018-09-18T06:45:00+09:00,J4,372,432,804
2018-09-18T06:45:00+09:00,J5,302,377,679
2018-09-18T07:00:00+09:00,J1,410,363,773
2018-09-18T07:00:00+09:00,J2,415,330,745
2018-09-18T07:00:00+09:00,J3,355,318,673
2018-09-18T07:00:00+09:00,J4,447,486,933
2018-09-18T07:00:00+09:00,J5,280,364,644
2018-09-18T07:15:00+09:00,J1,488,395,883
2018-09-18T07:15:00+09:00,J2,442,356,798
2018-09-18T07:15:00+09:00,J3,338,356,694
2018-09-18T07:15:00+09:00,J4,458,536,994
2018-09-18T07:15:00+09:00,J5,271,402,673
2018-09-18T07:30:00+09:00,J1,594,514,1108
2018-09-18T07:30:00+09:00,J2,392,311,703
2018-09-18T07:30:00+09:00,J3,462,483,945
2018-09-18T07:30:00+09:00,J4,613,693,1306
2018-09-18T07:30:00+09:00,J5,373,449,822
2018-09-18T07:45:00+09:00,J1,683,521,1204
2018-09-18T07:45:00+09:00,J2,471,337,808
2018-09-18T07:45:00+09:00,J3,527,583,1110
2018-09-18T07:45:00+09:00,J4,634,879,1513
2018-09-18T07:45:00+09:00,J5,418,400,818
2018-09-18T08:00:00+09:00,J1,1085,728,1813
2018-09-18T08:00:00+09:00,J2,610,412,1022
2018-09-18T08:00:00+09:00,J3,689,735,1424
2018-09-18T08:00:00+09:00,J4,646,1039,1685
2018-09-18T08:00:00+09:00,J5,283,268,551
2018-09-18T08:15:00+09:00,J1,1169,784,1953
2018-09-18T08:15:00+09:00,J2,691,441,1132
2018-09-18T08:15:00+09:00,J3,776,821,1597
2018-09-18T08:15:00+09:00,J4,690,1022,1712
2018-09-18T08:15:00+09:00,J5,293,288,581
2018-09-18T08:30:00+09:00,J1,1156,761,1917
2018-09-18T08:30:00+09:00,J2,854,399,1253
2018-09-18T08:30:00+09:00,J3,768,944,1712
2018-09-18T08:30:00+09:00,J4,629,982,1611
2018-09-18T08:30:00+09:00,J5,333,270,603
2018-09-18T08:45:00+09:00,J1,978,686,1664
2018-09-18T08:45:00+09:00,J2,618,365,983
2018-09-18T08:45:00+09:00,J3,723,723,1446
2018-09-18T08:45:00+09:00,J4,619,828,1447
2018-09-18T08:45:00+09:00,J5,281,213,494
2018-09-18T09:00:00+09:00,J1,824,774,1598
2018-09-18T09:00:00+09:00,J2,499,375,874
2018-09-18T09:00:00+09:00,J3,581,549,1130
2018-09-18T09:00:00+09:00,J4,575,639,1214
2018-09-18T09:00:00+09:00,J5,196,196,392
2018-09-18T09:15:00+09:00,J1,644,541,1185
2018-09-18T09:15:00+09:00,J2,480,405,885
2018-09-18T09:15:00+09:00,J3,496,559,1055
2018-09-18T09:15:00+09:00,J4,543,604,1147
2018-09-18T09:15:00+09:00,J5,290,296,586
2018-09-18T09:30:00+09:00,J1,615,507,1122
2018-09-18T09:30:00+09:00,J2,475,445,920
2018-09-18T09:30:00+09:00,J3,547,514,1061
2018-09-18T09:30:00+09:00,J4,579,701,1280
2018-09-18T09:30:00+09:00,J5,290,298,588
2018-09-18T09:45:00+09:00,J1,586,533,1119
2018-09-18T09:45:00+09:00,J2,392,396,788
2018-09-18T09:45:00+09:00,J3,517,550,1067
2018-09-18T09:45:00+09:00,J4,559,611,1170
2018-09-18T09:45:00+09:00,J5,210,263,473
2018-09-18T10:00:00+09:00,J1,521,539,1060
2018-09-18T10:00:00+09:00,J2,344,336,680
2018-09-18T10:00:00+09:00,J3,512,449,961
2018-09-18T10:00:00+09:00,J4,580,581,1161
2018-09-18T10:00:00+09:00,J5,241,250,491
2018-09-18T10:15:00+09:00,J1,565,519,1084
2018-09-18T10:15:00+09:00,J2,438,364,802
2018-09-18T10:15:00+09:00,J3,478,452,930
2018-09-18T10:15:00+09:00,J4,639,630,1269
2018-09-18T10:15:00+09:00,J5,258,325,583
2018-09-18T10:30:00+09:00,J1,602,574,1176
2018-09-18T10:30:00+09:00,J2,483,384,867
2018-09-18T10:30:00+09:00,J3,589,471,1060
2018-09-18T10:30:00+09:00,J4,580,636,1216
2018-09-18T10:30:00+09:00,J5,291,276,567
2018-09-18T10:45:00+09:00,J1,646,594,1240
2018-09-18T10:45:00+09:00,J2,499,419,918
2018-09-18T10:45:00+09:00,J3,583,499,1082
2018-09-18T10:45:00+09:00,J4,615,622,1237
2018-09-18T10:45:00+09:00,J5,193,258,451
2018-09-18T11:00:00+09:00,J1,547,529,1076
2018-09-18T11:00:00+09:00,J2,550,377,927
2018-09-18T11:00:00+09:00,J3,569,496,1065
2018-09-18T11:00:00+09:00,J4,611,634,1245
2018-09-18T11:00:00+09:00,J5,271,272,543
2018-09-18T11:15:00+09:00,J1,738,728,1466
2018-09-18T11:15:00+09:00,J2,543,410,953
2018-09-18T11:15:00+09:00,J3,631,628,1259
2018-09-18T11:15:00+09:00,J4,520,551,1071
2018-09-18T11:15:00+09:00,J5,212,218,430
2018-09-18T11:30:00+09:00,J1,715,702,1417
2018-09-18T11:30:00+09:00,J2,577,400,977
2018-09-18T11:30:00+09:00,J3,624,662,1286
2018-09-18T11:30:00+09:00,J4,621,590,1211
2018-09-18T11:30:00+09:00,J5,179,172,351
2018-09-18T11:45:00+09:00,J1,726,738,1464
2018-09-18T11:45:00+09:00,J2,568,388,956
2018-09-18T11:45:00+09:00,J3,724,722,1446
2018-09-18T11:45:00+09:00,J4,553,481,1034
2018-09-18T11:45:00+09:00,J5,214,182,396
2018-09-18T12:00:00+09:00,J1,663,766,1429
2018-09-18T12:00:00+09:00,J2,579,433,1012
2018-09-18T12:00:00+09:00,J3,715,687,1402
2018-09-18T12:00:00+09:00,J4,600,491,1091
2018-09-18T12:00:00+09:00,J5,223,205,428
2018-09-18T12:15:00+09:00,J1,709,683,1392
2018-09-18T12:15:00+09:00,J2,588,455,1043
2018-09-18T12:15:00+09:00,J3,707,591,1298
2018-09-18T12:15:00+09:00,J4,631,487,1118
2018-09-18T12:15:00+09:00,J5,201,172,373
2018-09-18T12:30:00+09:00,J1,728,615,1343
2018-09-18T12:30:00+09:00,J2,648,493,1141
2018-09-18T12:30:00+09:00,J3,701,650,1351
2018-09-18T12:30:00+09:00,J4,650,530,1180
2018-09-18T12:30:00+09:00,J5,234,189,423
2018-09-18T12:45:00+09:00,J1,691,714,1405
2018-09-18T12:45:00+09:00,J2,618,488,1106
2018-09-18T12:45:00+09:00,J3,645,551,1196
2018-09-18T12:45:00+09:00,J4,649,526,1175
2018-09-18T12:45:00+09:00,J5,206,172,378
2018-09-18T13:00:00+09:00,J1,700,706,1406
2018-09-18T13:00:00+09:00,J2,625,482,1107
2018-09-18T13:00:00+09:00,J3,694,612,1306
2018-09-18T13:00:00+09:00,J4,623,541,1164
2018-09-18T13:00:00+09:00,J5,201,146,347
2018-09-18T13:15:00+09:00,J1,634,673,1307
2018-09-18T13:15:00+09:00,J2,549,412,961
2018-09-18T13:15:00+09:00,J3,659,624,1283
2018-09-18T13:15:00+09:00,J4,603,500,1103
2018-09-18T13:15:00+09:00,J5,238,141,379
2018-09-18T13:30:00+09:00,J1,611,655,1266
2018-09-18T13:30:00+09:00,J2,634,452,1086
2018-09-18T13:30:00+09:00,J3,732,646,1378
2018-09-18T13:30:00+09:00,J4,506,488,994
2018-09-18T13:30:00+09:00,J5,241,171,412
2018-09-18T13:45:00+09:00,J1,597,646,1243
2018-09-18T13:45:00+09:00,J2,551,434,985
2018-09-18T13:45:00+09:00,J3,648,582,1230
2018-09-18T13:45:00+09:00,J4,529,489,1018
2018-09-18T13:45:00+09:00,J5,218,171,389
2018-09-18T14:00:00+09:00,J1,595,680,1275
2018-09-18T14:00:00+09:00,J2,641,543,1184
2018-09-18T14:00:00+09:00,J3,642,574,1216
2018-09-18T14:00:00+09:00,J4,525,515,1040
2018-09-18T14:00:00+09:00,J5,182,168,350
2018-09-18T14:15:00+09:00,J1,653,707,1360
2018-09-18T14:15:00+09:00,J2,544,441,985
2018-09-18T14:15:00+09:00,J3,667,613,1280
2018-09-18T14:15:00+09:00,J4,546,507,1053
2018-09-18T14:15:00+09:00,J5,186,165,351
2018-09-18T14:30:00+09:00,J1,622,670,1292
2018-09-18T14:30:00+09:00,J2,553,424,977
2018-09-18T14:30:00+09:00,J3,662,653,1315
2018-09-18T14:30:00+09:00,J4,580,505,1085
2018-09-18T14:30:00+09:00,J5,210,159,369
2018-09-18T14:45:00+09:00,J1,502,734,1236
2018-09-18T14:45:00+09:00,J2,485,405,890
2018-09-18T14:45:00+09:00,J3,660,692,1352
2018-09-18T14:45:00+09:00,J4,468,436,904
2018-09-18T14:45:00+09:00,J5,213,159,372
2018-09-18T15:00:00+09:00,J1,548,702,1250
2018-09-18T15:00:00+09:00,J2,556,417,973
2018-09-18T15:00:00+09:00,J3,645,694,1339
2018-09-18T15:00:00+09:00,J4,497,470,967
2018-09-18T15:00:00+09:00,J5,166,166,332
2018-09-18T15:15:00+09:00,J1,591,677,1268
2018-09-18T15:15:00+09:00,J2,592,419,1011
2018-09-18T15:15:00+09:00,J3,686,623,1309
2018-09-18T15:15:00+09:00,J4,526,580,1106
2018-09-18T15:15:00+09:00,J5,220,188,408
2018-09-18T15:30:00+09:00,J1,601,696,1297
2018-09-18T15:30:00+09:00,J2,594,463,1057
2018-09-18T15:30:00+09:00,J3,670,694,1364
2018-09-18T15:30:00+09:00,J4,520,461,981
2018-09-18T15:30:00+09:00,J5,238,195,433
2018-09-18T15:45:00+09:00,J1,648,667,1315
2018-09-18T15:45:00+09:00,J2,500,423,923
2018-09-18T15:45:00+09:00,J3,675,725,1400
2018-09-18T15:45:00+09:00,J4,441,433,874
2018-09-18T15:45:00+09:00,J5,230,201,431
2018-09-18T16:00:00+09:00,J1,664,716,1380
2018-09-18T16:00:00+09:00,J2,555,396,951
2018-09-18T16:00:00+09:00,J3,683,601,1284
2018-09-18T16:00:00+09:00,J4,482,482,964
2018-09-18T16:00:00+09:00,J5,224,192,416
2018-09-18T16:15:00+09:00,J1,638,706,1344
2018-09-18T16:15:00+09:00,J2,532,437,969
2018-09-18T16:15:00+09:00,J3,725,720,1445
2018-09-18T16:15:00+09:00,J4,466,451,917
2018-09-18T16:15:00+09:00,J5,221,208,429
2018-09-18T16:30:00+09:00,J1,613,749,1362
2018-09-18T16:30:00+09:00,J2,519,434,953
2018-09-18T16:30:00+09:00,J3,693,630,1323
2018-09-18T16:30:00+09:00,J4,553,530,1083
2018-09-18T16:30:00+09:00,J5,210,227,437
2018-09-18T16:45:00+09:00,J1,649,735,1384
2018-09-18T16:45:00+09:00,J2,475,441,916
2018-09-18T16:45:00+09:00,J3,680,656,1336
2018-09-18T16:45:00+09:00,J4,582,528,1110
2018-09-18T16:45:00+09:00,J5,228,216,444
2018-09-18T17:00:00+09:00,J1,791,866,1657
2018-09-18T17:00:00+09:00,J2,535,544,1079
2018-09-18T17:00:00+09:00,J3,770,768,1538
2018-09-18T17:00:00+09:00,J4,574,526,1100
2018-09-18T17:00:00+09:00,J5,269,267,536
2018-09-18T17:15:00+09:00,J1,782,834,1616
2018-09-18T17:15:00+09:00,J2,594,538,1132
2018-09-18T17:15:00+09:00,J3,779,816,1595
2018-09-18T17:15:00+09:00,J4,671,607,1278
2018-09-18T17:15:00+09:00,J5,298,316,614
2018-09-18T17:30:00+09:00,J1,774,898,1672
2018-09-18T17:30:00+09:00,J2,575,589,1164
2018-09-18T17:30:00+09:00,J3,824,861,1685
2018-09-18T17:30:00+09:00,J4,670,640,1310
2018-09-18T17:30:00+09:00,J5,316,374,690
2018-09-18T17:45:00+09:00,J1,802,999,1801
2018-09-18T17:45:00+09:00,J2,604,531,1135
2018-09-18T17:45:00+09:00,J3,852,792,1644
2018-09-18T17:45:00+09:00,J4,738,656,1394
2018-09-18T17:45:00+09:00,J5,360,390,750
2018-09-18T18:00:00+09:00,J1,913,1046,1959
2018-09-18T18:00:00+09:00,J2,703,600,1303
2018-09-18T18:00:00+09:00,J3,986,828,1814
2018-09-18T18:00:00+09:00,J4,770,643,1413
2018-09-18T18:00:00+09:00,J5,365,403,768
2018-09-18T18:15:00+09:00,J1,767,893,1660
2018-09-18T18:15:00+09:00,J2,609,527,1136
2018-09-18T18:15:00+09:00,J3,952,826,1778
2018-09-18T18:15:00+09:00,J4,789,602,1391
2018-09-18T18:15:00+09:00,J5,395,433,828
2018-09-18T18:30:00+09:00,J1,631,917,1548
2018-09-18T18:30:00+09:00,J2,548,513,1061
2018-09-18T18:30:00+09:00,J3,802,741,1543
2018-09-18T18:30:00+09:00,J4,751,594,1345
2018-09-18T18:30:00+09:00,J5,323,396,719
2018-09-18T18:45:00+09:00,J1,678,754,1432
2018-09-18T18:45:00+09:00,J2,456,488,944
2018-09-18T18:45:00+09:00,J3,835,707,1542
2018-09-18T18:45:00+09:00,J4,726,530,1256
2018-09-18T18:45:00+09:00,J5,335,445,780
2018-09-18T19:00:00+09:00,J1,609,823,1432
2018-09-18T19:00:00+09:00,J2,437,473,910
2018-09-18T19:00:00+09:00,J3,757,718,1475
2018-09-18T19:00:00+09:00,J4,778,619,1397
2018-09-18T19:00:00+09:00,J5,420,518,938
2018-09-18T19:15:00+09:00,J1,602,831,1433
2018-09-18T19:15:00+09:00,J2,435,489,924
2018-09-18T19:15:00+09:00,J3,829,695,1524
2018-09-18T19:15:00+09:00,J4,804,672,1476
2018-09-18T19:15:00+09:00,J5,476,491,967
2018-09-18T19:30:00+09:00,J1,687,830,1517
2018-09-18T19:30:00+09:00,J2,402,440,842
2018-09-18T19:30:00+09:00,J3,717,678,1395
2018-09-18T19:30:00+09:00,J4,825,660,1485
2018-09-18T19:30:00+09:00,J5,408,497,905
2018-09-18T19:45:00+09:00,J1,620,791,1411
2018-09-18T19:45:00+09:00,J2,302,457,759
2018-09-18T19:45:00+09:00,J3,700,545,1245
2018-09-18T19:45:00+09:00,J4,793,694,1487
2018-09-18T19:45:00+09:00,J5,394,455,849
2018-09-18T20:00:00+09:00,J1,592,695,1287
2018-09-18T20:00:00+09:00,J2,376,366,742
2018-09-18T20:00:00+09:00,J3,636,575,1211
2018-09-18T20:00:00+09:00,J4,768,703,1471
2018-09-18T20:00:00+09:00,J5,387,444,831
2018-09-18T20:15:00+09:00,J1,522,639,1161
2018-09-18T20:15:00+09:00,J2,332,431,763
2018-09-18T20:15:00+09:00,J3,642,561,1203
2018-09-18T20:15:00+09:00,J4,816,640,1456
2018-09-18T20:15:00+09:00,J5,392,477,869
2018-09-18T20:30:00+09:00,J1,596,694,1290
2018-09-18T20:30:00+09:00,J2,391,426,817
2018-09-18T20:30:00+09:00,J3,584,472,1056
2018-09-18T20:30:00+09:00,J4,770,634,1404
2018-09-18T20:30:00+09:00,J5,316,466,782
2018-09-18T20:45:00+09:00,J1,513,573,1086
2018-09-18T20:45:00+09:00,J2,355,408,763
2018-09-18T20:45:00+09:00,J3,551,445,996
2018-09-18T20:45:00+09:00,J4,760,674,1434
2018-09-18T20:45:00+09:00,J5,338,465,803
2018-09-18T21:00:00+09:00,J1,452,576,1028
2018-09-18T21:00:00+09:00,J2,387,389,776
2018-09-18T21:00:00+09:00,J3,477,387,864
2018-09-18T21:00:00+09:00,J4,751,557,1308
2018-09-18T21:00:00+09:00,J5,274,390,664
2018-09-18T21:15:00+09:00,J1,413,521,934
2018-09-18T21:15:00+09:00,J2,398,402,800
2018-09-18T21:15:00+09:00,J3,540,499,1039
2018-09-18T21:15:00+09:00,J4,738,591,1329
2018-09-18T21:15:00+09:00,J5,281,427,708
2018-09-18T21:30:00+09:00,J1,428,516,944
2018-09-18T21:30:00+09:00,J2,392,409,801
2018-09-18T21:30:00+09:00,J3,407,364,771
2018-09-18T21:30:00+09:00,J4,680,589,1269
2018-09-18T21:30:00+09:00,J5,283,413,696
2018-09-18T21:45:00+09:00,J1,392,455,847
2018-09-18T21:45:00+09:00,J2,435,364,799
2018-09-18T21:45:00+09:00,J3,469,409,878
2018-09-18T21:45:00+09:00,J4,652,632,1284
2018-09-18T21:45:00+09:00,J5,301,367,668
2018-09-18T22:00:00+09:00,J1,388,460,848
2018-09-18T22:00:00+09:00,J2,348,377,725
2018-09-18T22:00:00+09:00,J3,375,332,707
2018-09-18T22:00:00+09:00,J4,675,661,1336
2018-09-18T22:00:00+09:00,J5,353,415,768
2018-09-18T22:15:00+09:00,J1,332,459,791
2018-09-18T22:15:00+09:00,J2,354,412,766
2018-09-18T22:15:00+09:00,J3,402,405,807
2018-09-18T22:15:00+09:00,J4,772,815,1587
2018-09-18T22:15:00+09:00,J5,277,445,722
2018-09-18T22:30:00+09:00,J1,409,478,887
2018-09-18T22:30:00+09:00,J2,398,393,791
2018-09-18T22:30:00+09:00,J3,386,408,794
2018-09-18T22:30:00+09:00,J4,898,907,1805
2018-09-18T22:30:00+09:00,J5,293,396,689
2018-09-18T22:45:00+09:00,J1,412,460,872
2018-09-18T22:45:00+09:00,J2,352,382,734
2018-09-18T22:45:00+09:00,J3,374,311,685
2018-09-18T22:45:00+09:00,J4,907,936,1843
2018-09-18T22:45:00+09:00,J5,272,316,588
2018-09-18T23:00:00+09:00,J1,327,316,643
2018-09-18T23:00:00+09:00,J2,405,402,807
2018-09-18T23:00:00+09:00,J3,412,383,795
2018-09-18T23:00:00+09:00,J4,926,955,1881
2018-09-18T23:00:00+09:00,J5,292,355,647
2018-09-18T23:15:00+09:00,J1,316,400,716
2018-09-18T23:15:00+09:00,J2,388,405,793
2018-09-18T23:15:00+09:00,J3,469,529,998
2018-09-18T23:15:00+09:00,J4,845,835,1680
2018-09-18T23:15:00+09:00,J5,273,358,631
2018-09-18T23:30:00+09:00,J1,348,405,753
2018-09-18T23:30:00+09:00,J2,390,373,763
2018-09-18T23:30:00+09:00,J3,438,443,881
2018-09-18T23:30:00+09:00,J4,744,718,1462
2018-09-18T23:30:00+09:00,J5,292,302,594
2018-09-18T23:45:00+09:00,J1,269,288,557
2018-09-18T23:45:00+09:00,J2,369,334,703
2018-09-18T23:45:00+09:00,J3,449,456,905
2018-09-18T23:45:00+09:00,J4,642,711,1353
2018-09-18T23:45:00+09:00,J5,311,314,625
2018-09-19T00:00:00+09:00,J1,249,273,522
2018-09-19T00:00:00+09:00,J2,345,360,705
2018-09-19T00:00:00+09:00,J3,470,438,908
2018-09-19T00:00:00+09:00,J4,544,497,1041
2018-09-19T00:00:00+09:00,J5,298,349,647
2018-09-19T00:15:00+09:00,J1,243,179,422
2018-09-19T00:15:00+09:00,J2,378,419,797
2018-09-19T00:15:00+09:00,J3,504,421,925
2018-09-19T00:15:00+09:00,J4,348,256,604
2018-09-19T00:15:00+09:00,J5,255,244,499
2018-09-19T00:30:00+09:00,J1,248,186,434
2018-09-19T00:30:00+09:00,J2,428,443,871
2018-09-19T00:30:00+09:00,J3,324,360,684
2018-09-19T00:30:00+09:00,J4,241,219,460
2018-09-19T00:30:00+09:00,J5,127,139,266
2018-09-19T00:45:00+09:00,J1,250,213,463
2018-09-19T00:45:00+09:00,J2,417,350,767
2018-09-19T00:45:00+09:00,J3,426,374,800
2018-09-19T00:45:00+09:00,J4,268,270,538
2018-09-19T00:45:00+09:00,J5,138,155,293
2018-09-19T05:45:00+09:00,J1,292,205,497
2018-09-19T05:45:00+09:00,J2,363,375,738
2018-09-19T05:45:00+09:00,J3,454,315,769
2018-09-19T05:45:00+09:00,J4,289,282,571
2018-09-19T05:45:00+09:00,J5,149,167,316
2018-09-19T06:00:00+09:00,J1,335,337,672
2018-09-19T06:00:00+09:00,J2,311,267,578
2018-09-19T06:00:00+09:00,J3,339,301,640
2018-09-19T06:00:00+09:00,J4,311,267,578
2018-09-19T06:00:00+09:00,J5,202,175,377
2018-09-19T06:15:00+09:00,J1,302,284,586
2018-09-19T06:15:00+09:00,J2,378,353,731
2018-09-19T06:15:00+09:00,J3,354,343,697
2018-09-19T06:15:00+09:00,J4,425,417,842
2018-09-19T06:15:00+09:00,J5,232,302,534
2018-09-19T06:30:00+09:00,J1,334,287,621
2018-09-19T06:30:00+09:00,J2,366,376,742
2018-09-19T06:30:00+09:00,J3,413,394,807
2018-09-19T06:30:00+09:00,J4,293,327,620
2018-09-19T06:30:00+09:00,J5,323,375,698
2018-09-19T06:45:00+09:00,J1,345,309,654
2018-09-19T06:45:00+09:00,J2,422,318,740
2018-09-19T06:45:00+09:00,J3,523,437,960
2018-09-19T06:45:00+09:00,J4,329,395,724
2018-09-19T06:45:00+09:00,J5,301,370,671
2018-09-19T07:00:00+09:00,J1,414,440,854
2018-09-19T07:00:00+09:00,J2,456,430,886
2018-09-19T07:00:00+09:00,J3,535,407,942
2018-09-19T07:00:00+09:00,J4,433,498,931
2018-09-19T07:00:00+09:00,J5,295,345,640
2018-09-19T07:15:00+09:00,J1,401,414,815
2018-09-19T07:15:00+09:00,J2,407,324,731
2018-09-19T07:15:00+09:00,J3,537,505,1042
2018-09-19T07:15:00+09:00,J4,391,478,869
2018-09-19T07:15:00+09:00,J5,294,327,621
2018-09-19T07:30:00+09:00,J1,568,402,970
2018-09-19T07:30:00+09:00,J2,392,303,695
2018-09-19T07:30:00+09:00,J3,605,667,1272
2018-09-19T07:30:00+09:00,J4,477,549,1026
2018-09-19T07:30:00+09:00,J5,299,296,595
2018-09-19T07:45:00+09:00,J1,760,575,1335
2018-09-19T07:45:00+09:00,J2,414,305,719
2018-09-19T07:45:00+09:00,J3,657,705,1362
2018-09-19T07:45:00+09:00,J4,656,893,1549
2018-09-19T07:45:00+09:00,J5,329,362,691
2018-09-19T08:00:00+09:00,J1,1071,757,1828
2018-09-19T08:00:00+09:00,J2,527,367,894
2018-09-19T08:00:00+09:00,J3,698,841,1539
2018-09-19T08:00:00+09:00,J4,649,963,1612
2018-09-19T08:00:00+09:00,J5,344,390,734
2018-09-19T08:15:00+09:00,J1,1174,838,2012
2018-09-19T08:15:00+09:00,J2,645,443,1088
2018-09-19T08:15:00+09:00,J3,696,929,1625
2018-09-19T08:15:00+09:00,J4,664,1153,1817
2018-09-19T08:15:00+09:00,J5,406,514,920
2018-09-19T08:30:00+09:00,J1,1237,798,2035
2018-09-19T08:30:00+09:00,J2,748,445,1193
2018-09-19T08:30:00+09:00,J3,635,929,1564
2018-09-19T08:30:00+09:00,J4,700,1057,1757
2018-09-19T08:30:00+09:00,J5,429,455,884
2018-09-19T08:45:00+09:00,J1,935,742,1677
2018-09-19T08:45:00+09:00,J2,552,339,891
2018-09-19T08:45:00+09:00,J3,609,744,1353
2018-09-19T08:45:00+09:00,J4,656,906,1562
2018-09-19T08:45:00+09:00,J5,352,423,775
2018-09-19T09:00:00+09:00,J1,917,715,1632
2018-09-19T09:00:00+09:00,J2,455,319,774
2018-09-19T09:00:00+09:00,J3,646,667,1313
2018-09-19T09:00:00+09:00,J4,666,823,1489
2018-09-19T09:00:00+09:00,J5,344,476,820
2018-09-19T09:15:00+09:00,J1,760,595,1355
2018-09-19T09:15:00+09:00,J2,439,347,786
2018-09-19T09:15:00+09:00,J3,515,591,1106
2018-09-19T09:15:00+09:00,J4,677,881,1558
2018-09-19T09:15:00+09:00,J5,338,444,782
2018-09-19T09:30:00+09:00,J1,605,586,1191
2018-09-19T09:30:00+09:00,J2,402,359,761
2018-09-19T09:30:00+09:00,J3,499,525,1024
2018-09-19T09:30:00+09:00,J4,647,819,1466
2018-09-19T09:30:00+09:00,J5,316,406,722
2018-09-19T09:45:00+09:00,J1,679,566,1245
2018-09-19T09:45:00+09:00,J2,377,378,755
2018-09-19T09:45:00+09:00,J3,632,636,1268
2018-09-19T09:45:00+09:00,J4,639,787,1426
2018-09-19T09:45:00+09:00,J5,306,399,705
2018-09-19T10:00:00+09:00,J1,528,508,1036
2018-09-19T10:00:00+09:00,J2,337,317,654
2018-09-19T10:00:00+09:00,J3,426,418,844
2018-09-19T10:00:00+09:00,J4,581,589,1170
2018-09-19T10:00:00+09:00,J5,296,429,725
2018-09-19T10:15:00+09:00,J1,597,627,1224
2018-09-19T10:15:00+09:00,J2,368,421,789
2018-09-19T10:15:00+09:00,J3,453,498,951
2018-09-19T10:15:00+09:00,J4,568,523,1091
2018-09-19T10:15:00+09:00,J5,314,322,636
2018-09-19T10:30:00+09:00,J1,551,566,1117
2018-09-19T10:30:00+09:00,J2,435,401,836
2018-09-19T10:30:00+09:00,J3,475,539,1014
2018-09-19T10:30:00+09:00,J4,571,627,1198
2018-09-19T10:30:00+09:00,J5,286,387,673
2018-09-19T10:45:00+09:00,J1,630,672,1302
2018-09-19T10:45:00+09:00,J2,449,384,833
2018-09-19T10:45:00+09:00,J3,517,480,997
2018-09-19T10:45:00+09:00,J4,566,583,1149
2018-09-19T10:45:00+09:00,J5,374,397,771
2018-09-19T11:00:00+09:00,J1,673,633,1306
2018-09-19T11:00:00+09:00,J2,485,407,892
2018-09-19T11:00:00+09:00,J3,512,530,1042
2018-09-19T11:00:00+09:00,J4,610,542,1152
2018-09-19T11:00:00+09:00,J5,320,366,686
2018-09-19T11:15:00+09:00,J1,710,743,1453
2018-09-19T11:15:00+09:00,J2,479,410,889
2018-09-19T11:15:00+09:00,J3,599,533,1132
2018-09-19T11:15:00+09:00,J4,585,570,1155
2018-09-19T11:15:00+09:00,J5,340,325,665
2018-09-19T11:30:00+09:00,J1,785,745,1530
2018-09-19T11:30:00+09:00,J2,532,425,957
2018-09-19T11:30:00+09:00,J3,653,574,1227
2018-09-19T11:30:00+09:00,J4,563,537,1100
2018-09-19T11:30:00+09:00,J5,304,334,638
2018-09-19T11:45:00+09:00,J1,835,789,1624
2018-09-19T11:45:00+09:00,J2,565,408,973
2018-09-19T11:45:00+09:00,J3,623,560,1183
2018-09-19T11:45:00+09:00,J4,543,480,1023
2018-09-19T11:45:00+09:00,J5,240,211,451
2018-09-19T12:00:00+09:00,J1,829,873,1702
2018-09-19T12:00:00+09:00,J2,509,446,955
2018-09-19T12:00:00+09:00,J3,765,616,1381
2018-09-19T12:00:00+09:00,J4,606,534,1140
2018-09-19T12:00:00+09:00,J5,279,285,564
2018-09-19T12:15:00+09:00,J1,778,736,1514
2018-09-19T12:15:00+09:00,J2,571,481,1052
2018-09-19T12:15:00+09:00,J3,708,588,1296
2018-09-19T12:15:00+09:00,J4,656,488,1144
2018-09-19T12:15:00+09:00,J5,218,245,463
2018-09-19T12:30:00+09:00,J1,777,756,1533
2018-09-19T12:30:00+09:00,J2,492,435,927
2018-09-19T12:30:00+09:00,J3,695,575,1270
2018-09-19T12:30:00+09:00,J4,574,546,1120
2018-09-19T12:30:00+09:00,J5,215,188,403
2018-09-19T12:45:00+09:00,J1,696,803,1499
2018-09-19T12:45:00+09:00,J2,553,471,1024
2018-09-19T12:45:00+09:00,J3,599,548,1147
2018-09-19T12:45:00+09:00,J4,505,552,1057
2018-09-19T12:45:00+09:00,J5,183,187,370
2018-09-19T13:00:00+09:00,J1,701,781,1482
2018-09-19T13:00:00+09:00,J2,477,392,869
2018-09-19T13:00:00+09:00,J3,643,589,1232
2018-09-19T13:00:00+09:00,J4,527,544,1071
2018-09-19T13:00:00+09:00,J5,215,229,444
2018-09-19T13:15:00+09:00,J1,697,812,1509
2018-09-19T13:15:00+09:00,J2,508,434,942
2018-09-19T13:15:00+09:00,J3,615,569,1184
2018-09-19T13:15:00+09:00,J4,603,526,1129
2018-09-19T13:15:00+09:00,J5,199,211,410
2018-09-19T13:30:00+09:00,J1,670,814,1484
2018-09-19T13:30:00+09:00,J2,476,430,906
2018-09-19T13:30:00+09:00,J3,635,589,1224
2018-09-19T13:30:00+09:00,J4,561,592,1153
2018-09-19T13:30:00+09:00,J5,250,252,502
2018-09-19T13:45:00+09:00,J1,662,759,1421
2018-09-19T13:45:00+09:00,J2,454,408,862
2018-09-19T13:45:00+09:00,J3,615,495,1110
2018-09-19T13:45:00+09:00,J4,578,568,1146
2018-09-19T13:45:00+09:00,J5,222,258,480
2018-09-19T14:00:00+09:00,J1,689,778,1467
2018-09-19T14:00:00+09:00,J2,479,394,873
2018-09-19T14:00:00+09:00,J3,608,525,1133
2018-09-19T14:00:00+09:00,J4,614,529,1143
2018-09-19T14:00:00+09:00,J5,193,215,408
2018-09-19T14:15:00+09:00,J1,715,780,1495
2018-09-19T14:15:00+09:00,J2,455,440,895
2018-09-19T14:15:00+09:00,J3,612,577,1189
2018-09-19T14:15:00+09:00,J4,514,533,1047
2018-09-19T14:15:00+09:00,J5,291,288,579
2018-09-19T14:30:00+09:00,J1,760,837,1597
2018-09-19T14:30:00+09:00,J2,478,393,871
2018-09-19T14:30:00+09:00,J3,669,531,1200
2018-09-19T14:30:00+09:00,J4,519,565,1084
2018-09-19T14:30:00+09:00,J5,214,227,441
2018-09-19T14:45:00+09:00,J1,693,760,1453
2018-09-19T14:45:00+09:00,J2,443,452,895
2018-09-19T14:45:00+09:00,J3,634,574,1208
2018-09-19T14:45:00+09:00,J4,456,502,958
2018-09-19T14:45:00+09:00,J5,280,287,567
2018-09-19T15:00:00+09:00,J1,729,729,1458
2018-09-19T15:00:00+09:00,J2,436,439,875
2018-09-19T15:00:00+09:00,J3,657,607,1264
2018-09-19T15:00:00+09:00,J4,524,488,1012
2018-09-19T15:00:00+09:00,J5,224,241,465
2018-09-19T15:15:00+09:00,J1,701,833,1534
2018-09-19T15:15:00+09:00,J2,479,430,909
2018-09-19T15:15:00+09:00,J3,667,560,1227
2018-09-19T15:15:00+09:00,J4,520,526,1046
2018-09-19T15:15:00+09:00,J5,264,249,513
2018-09-19T15:30:00+09:00,J1,715,809,1524
2018-09-19T15:30:00+09:00,J2,466,471,937
2018-09-19T15:30:00+09:00,J3,683,656,1339
2018-09-19T15:30:00+09:00,J4,508,538,1046
2018-09-19T15:30:00+09:00,J5,228,188,416
2018-09-19T15:45:00+09:00,J1,646,755,1401
2018-09-19T15:45:00+09:00,J2,470,490,960
2018-09-19T15:45:00+09:00,J3,613,610,1223
2018-09-19T15:45:00+09:00,J4,531,560,1091
2018-09-19T15:45:00+09:00,J5,273,307,580
2018-09-19T16:00:00+09:00,J1,821,856,1677
2018-09-19T16:00:00+09:00,J2,438,434,872
2018-09-19T16:00:00+09:00,J3,615,644,1259
2018-09-19T16:00:00+09:00,J4,557,554,1111
2018-09-19T16:00:00+09:00,J5,331,316,647
2018-09-19T16:15:00+09:00,J1,784,867,1651
2018-09-19T16:15:00+09:00,J2,448,478,926
2018-09-19T16:15:00+09:00,J3,648,613,1261
2018-09-19T16:15:00+09:00,J4,502,561,1063
2018-09-19T16:15:00+09:00,J5,303,345,648
2018-09-19T16:30:00+09:00,J1,711,843,1554
2018-09-19T16:30:00+09:00,J2,444,439,883
2018-09-19T16:30:00+09:00,J3,635,586,1221
2018-09-19T16:30:00+09:00,J4,589,588,1177
2018-09-19T16:30:00+09:00,J5,240,263,503
2018-09-19T16:45:00+09:00,J1,763,801,1564
2018-09-19T16:45:00+09:00,J2,448,457,905
2018-09-19T16:45:00+09:00,J3,642,585,1227
2018-09-19T16:45:00+09:00,J4,598,557,1155
2018-09-19T16:45:00+09:00,J5,159,212,371
2018-09-19T17:00:00+09:00,J1,804,942,1746
2018-09-19T17:00:00+09:00,J2,473,540,1013
2018-09-19T17:00:00+09:00,J3,810,687,1497
2018-09-19T17:00:00+09:00,J4,626,569,1195
2018-09-19T17:00:00+09:00,J5,241,273,514
2018-09-19T17:15:00+09:00,J1,906,1009,1915
2018-09-19T17:15:00+09:00,J2,506,543,1049
2018-09-19T17:15:00+09:00,J3,829,746,1575
2018-09-19T17:15:00+09:00,J4,700,607,1307
2018-09-19T17:15:00+09:00,J5,252,335,587
2018-09-19T17:30:00+09:00,J1,886,1050,1936
2018-09-19T17:30:00+09:00,J2,538,568,1106
2018-09-19T17:30:00+09:00,J3,879,776,1655
2018-09-19T17:30:00+09:00,J4,777,666,1443
2018-09-19T17:30:00+09:00,J5,260,331,591
2018-09-19T17:45:00+09:00,J1,863,1134,1997
2018-09-19T17:45:00+09:00,J2,495,566,1061
2018-09-19T17:45:00+09:00,J3,948,746,1694
2018-09-19T17:45:00+09:00,J4,770,655,1425
2018-09-19T17:45:00+09:00,J5,300,359,659
2018-09-19T18:00:00+09:00,J1,1033,1216,2249
2018-09-19T18:00:00+09:00,J2,584,642,1226
2018-09-19T18:00:00+09:00,J3,941,773,1714
2018-09-19T18:00:00+09:00,J4,825,605,1430
2018-09-19T18:00:00+09:00,J5,284,411,695
2018-09-19T18:15:00+09:00,J1,834,1159,1993
2018-09-19T18:15:00+09:00,J2,549,593,1142
2018-09-19T18:15:00+09:00,J3,980,753,1733
2018-09-19T18:15:00+09:00,J4,828,661,1489
2018-09-19T18:15:00+09:00,J5,304,393,697
2018-09-19T18:30:00+09:00,J1,908,1106,2014
2018-09-19T18:30:00+09:00,J2,530,580,1110
2018-09-19T18:30:00+09:00,J3,881,633,1514
2018-09-19T18:30:00+09:00,J4,739,568,1307
2018-09-19T18:30:00+09:00,J5,345,430,775
2018-09-19T18:45:00+09:00,J1,827,940,1767
2018-09-19T18:45:00+09:00,J2,438,542,980
2018-09-19T18:45:00+09:00,J3,757,621,1378
2018-09-19T18:45:00+09:00,J4,672,546,1218
2018-09-19T18:45:00+09:00,J5,433,511,944
2018-09-19T19:00:00+09:00,J1,636,802,1438
2018-09-19T19:00:00+09:00,J2,448,495,943
2018-09-19T19:00:00+09:00,J3,778,675,1453
2018-09-19T19:00:00+09:00,J4,752,589,1341
2018-09-19T19:00:00+09:00,J5,436,542,978
2018-09-19T19:15:00+09:00,J1,627,860,1487
2018-09-19T19:15:00+09:00,J2,469,464,933
2018-09-19T19:15:00+09:00,J3,705,631,1336
2018-09-19T19:15:00+09:00,J4,875,738,1613
2018-09-19T19:15:00+09:00,J5,440,528,968
2018-09-19T19:30:00+09:00,J1,652,750,1402
2018-09-19T19:30:00+09:00,J2,471,525,996
2018-09-19T19:30:00+09:00,J3,679,637,1316
2018-09-19T19:30:00+09:00,J4,831,760,1591
2018-09-19T19:30:00+09:00,J5,346,510,856
2018-09-19T19:45:00+09:00,J1,566,707,1273
2018-09-19T19:45:00+09:00,J2,392,446,838
2018-09-19T19:45:00+09:00,J3,614,580,1194
2018-09-19T19:45:00+09:00,J4,723,673,1396
2018-09-19T19:45:00+09:00,J5,392,500,892
2018-09-19T20:00:00+09:00,J1,590,711,1301
2018-09-19T20:00:00+09:00,J2,454,416,870
2018-09-19T20:00:00+09:00,J3,635,638,1273
2018-09-19T20:00:00+09:00,J4,806,691,1497
2018-09-19T20:00:00+09:00,J5,372,505,877
2018-09-19T20:15:00+09:00,J1,613,697,1310
2018-09-19T20:15:00+09:00,J2,444,483,927
2018-09-19T20:15:00+09:00,J3,622,552,1174
2018-09-19T20:15:00+09:00,J4,728,601,1329
2018-09-19T20:15:00+09:00,J5,335,512,847
2018-09-19T20:30:00+09:00,J1,561,715,1276
2018-09-19T20:30:00+09:00,J2,440,470,910
2018-09-19T20:30:00+09:00,J3,574,568,1142
2018-09-19T20:30:00+09:00,J4,568,437,1005
2018-09-19T20:30:00+09:00,J5,267,392,659
2018-09-19T20:45:00+09:00,J1,537,649,1186
2018-09-19T20:45:00+09:00,J2,464,458,922
2018-09-19T20:45:00+09:00,J3,581,562,1143
2018-09-19T20:45:00+09:00,J4,473,412,885
2018-09-19T20:45:00+09:00,J5,303,352,655
2018-09-19T21:00:00+09:00,J1,591,701,1292
2018-09-19T21:00:00+09:00,J2,464,481,945
2018-09-19T21:00:00+09:00,J3,547,512,1059
2018-09-19T21:00:00+09:00,J4,500,478,978
2018-09-19T21:00:00+09:00,J5,268,317,585
2018-09-19T21:15:00+09:00,J1,699,726,1425
2018-09-19T21:15:00+09:00,J2,472,502,974
2018-09-19T21:15:00+09:00,J3,457,443,900
2018-09-19T21:15:00+09:00,J4,557,452,1009
2018-09-19T21:15:00+09:00,J5,292,344,636
2018-09-19T21:30:00+09:00,J1,596,641,1237
2018-09-19T21:30:00+09:00,J2,415,478,893
2018-09-19T21:30:00+09:00,J3,447,402,849
2018-09-19T21:30:00+09:00,J4,559,532,1091
2018-09-19T21:30:00+09:00,J5,309,301,610
2018-09-19T21:45:00+09:00,J1,621,650,1271
2018-09-19T21:45:00+09:00,J2,411,475,886
2018-09-19T21:45:00+09:00,J3,400,381,781
2018-09-19T21:45:00+09:00,J4,586,549,1135
2018-09-19T21:45:00+09:00,J5,299,330,629
2018-09-19T22:00:00+09:00,J1,532,586,1118
2018-09-19T22:00:00+09:00,J2,396,441,837
2018-09-19T22:00:00+09:00,J3,355,368,723
2018-09-19T22:00:00+09:00,J4,690,665,1355
2018-09-19T22:00:00+09:00,J5,268,289,557
2018-09-19T22:15:00+09:00,J1,456,488,944
2018-09-19T22:15:00+09:00,J2,382,416,798
2018-09-19T22:15:00+09:00,J3,354,335,689
2018-09-19T22:15:00+09:00,J4,811,774,1585
2018-09-19T22:15:00+09:00,J5,285,275,560
2018-09-19T22:30:00+09:00,J1,313,430,743
2018-09-19T22:30:00+09:00,J2,436,467,903
2018-09-19T22:30:00+09:00,J3,371,401,772
2018-09-19T22:30:00+09:00,J4,971,949,1920
2018-09-19T22:30:00+09:00,J5,285,378,663
2018-09-19T22:45:00+09:00,J1,384,432,816
2018-09-19T22:45:00+09:00,J2,370,420,790
2018-09-19T22:45:00+09:00,J3,432,388,820
2018-09-19T22:45:00+09:00,J4,968,981,1949
2018-09-19T22:45:00+09:00,J5,278,335,613
2018-09-19T23:00:00+09:00,J1,401,412,813
2018-09-19T23:00:00+09:00,J2,412,384,796
2018-09-19T23:00:00+09:00,J3,412,350,762
2018-09-19T23:00:00+09:00,J4,990,961,1951
2018-09-19T23:00:00+09:00,J5,263,390,653
2018-09-19T23:15:00+09:00,J1,390,485,875
2018-09-19T23:15:00+09:00,J2,391,415,806
2018-09-19T23:15:00+09:00,J3,484,495,979
2018-09-19T23:15:00+09:00,J4,1046,1039,2085
2018-09-19T23:15:00+09:00,J5,220,321,541
2018-09-19T23:30:00+09:00,J1,472,456,928
2018-09-19T23:30:00+09:00,J2,418,395,813
2018-09-19T23:30:00+09:00,J3,331,320,651
2018-09-19T23:30:00+09:00,J4,928,932,1860
2018-09-19T23:30:00+09:00,J5,255,392,647
2018-09-19T23:45:00+09:00,J1,376,396,772
2018-09-19T23:45:00+09:00,J2,385,341,726
2018-09-19T23:45:00+09:00,J3,380,400,780
2018-09-19T23:45:00+09:00,J4,793,804,1597
2018-09-19T23:45:00+09:00,J5,286,353,639
2018-09-20T00:00:00+09:00,J1,237,250,487
2018-09-20T00:00:00+09:00,J2,378,376,754
2018-09-20T00:00:00+09:00,J3,238,212,450
2018-09-20T00:00:00+09:00,J4,932,998,1930
2018-09-20T00:00:00+09:00,J5,246,389,635
2018-09-20T00:15:00+09:00,J1,167,219,386
2018-09-20T00:15:00+09:00,J2,373,282,655
2018-09-20T00:15:00+09:00,J3,479,415,894
2018-09-20T00:15:00+09:00,J4,250,297,547
2018-09-20T00:15:00+09:00,J5,195,209,404
2018-09-20T00:30:00+09:00,J1,149,151,300
2018-09-20T00:30:00+09:00,J2,255,279,534
2018-09-20T00:30:00+09:00,J3,326,359,685
2018-09-20T00:30:00+09:00,J4,367,329,696
2018-09-20T00:30:00+09:00,J5,129,158,287
2018-09-20T00:45:00+09:00,J1,119,160,279
2018-09-20T00:45:00+09:00,J2,261,259,520
2018-09-20T00:45:00+09:00,J3,393,363,756
2018-09-20T00:45:00+09:00,J4,418,306,724
2018-09-20T00:45:00+09:00,J5,145,131,276
2018-09-20T05:45:00+09:00,J1,339,367,706
2018-09-20T05:45:00+09:00,J2,278,251,529
2018-09-20T05:45:00+09:00,J3,535,426,961
2018-09-20T05:45:00+09:00,J4,479,455,934
2018-09-20T05:45:00+09:00,J5,216,175,391
2018-09-20T06:00:00+09:00,J1,507,442,949
2018-09-20T06:00:00+09:00,J2,435,307,742
2018-09-20T06:00:00+09:00,J3,493,472,965
2018-09-20T06:00:00+09:00,J4,465,503,968
2018-09-20T06:00:00+09:00,J5,202,169,371
2018-09-20T06:15:00+09:00,J1,413,414,827
2018-09-20T06:15:00+09:00,J2,392,359,751
2018-09-20T06:15:00+09:00,J3,595,564,1159
2018-09-20T06:15:00+09:00,J4,607,669,1276
2018-09-20T06:15:00+09:00,J5,272,253,525
2018-09-20T06:30:00+09:00,J1,440,416,856
2018-09-20T06:30:00+09:00,J2,360,283,643
2018-09-20T06:30:00+09:00,J3,589,608,1197
2018-09-20T06:30:00+09:00,J4,448,512,960
2018-09-20T06:30:00+09:00,J5,263,306,569
2018-09-20T06:45:00+09:00,J1,361,327,688
2018-09-20T06:45:00+09:00,J2,417,339,756
2018-09-20T06:45:00+09:00,J3,679,600,1279
2018-09-20T06:45:00+09:00,J4,579,611,1190
2018-09-20T06:45:00+09:00,J5,276,351,627
2018-09-20T07:00:00+09:00,J1,458,475,933
2018-09-20T07:00:00+09:00,J2,435,403,838
2018-09-20T07:00:00+09:00,J3,601,581,1182
2018-09-20T07:00:00+09:00,J4,711,771,1482
2018-09-20T07:00:00+09:00,J5,270,378,648
2018-09-20T07:15:00+09:00,J1,527,462,989
2018-09-20T07:15:00+09:00,J2,455,389,844
2018-09-20T07:15:00+09:00,J3,648,636,1284
2018-09-20T07:15:00+09:00,J4,677,715,1392
2018-09-20T07:15:00+09:00,J5,265,393,658
2018-09-20T07:30:00+09:00,J1,555,458,1013
2018-09-20T07:30:00+09:00,J2,435,378,813
2018-09-20T07:30:00+09:00,J3,512,524,1036
2018-09-20T07:30:00+09:00,J4,582,746,1328
2018-09-20T07:30:00+09:00,J5,376,425,801
2018-09-20T07:45:00+09:00,J1,675,567,1242
2018-09-20T07:45:00+09:00,J2,471,311,782
2018-09-20T07:45:00+09:00,J3,424,567,991
2018-09-20T07:45:00+09:00,J4,663,764,1427
2018-09-20T07:45:00+09:00,J5,299,307,606
2018-09-20T08:00:00+09:00,J1,1007,817,1824
2018-09-20T08:00:00+09:00,J2,555,413,968
2018-09-20T08:00:00+09:00,J3,586,758,1344
2018-09-20T08:00:00+09:00,J4,700,979,1679
2018-09-20T08:00:00+09:00,J5,278,320,598
2018-09-20T08:15:00+09:00,J1,1227,863,2090
2018-09-20T08:15:00+09:00,J2,649,436,1085
2018-09-20T08:15:00+09:00,J3,612,856,1468
2018-09-20T08:15:00+09:00,J4,727,1132,1859
2018-09-20T08:15:00+09:00,J5,327,265,592
2018-09-20T08:30:00+09:00,J1,1217,907,2124
2018-09-20T08:30:00+09:00,J2,716,434,1150
2018-09-20T08:30:00+09:00,J3,634,871,1505
2018-09-20T08:30:00+09:00,J4,716,1100,1816
2018-09-20T08:30:00+09:00,J5,350,289,639
2018-09-20T08:45:00+09:00,J1,905,761,1666
2018-09-20T08:45:00+09:00,J2,542,340,882
2018-09-20T08:45:00+09:00,J3,557,629,1186
2018-09-20T08:45:00+09:00,J4,667,915,1582
2018-09-20T08:45:00+09:00,J5,308,229,537
2018-09-20T09:00:00+09:00,J1,820,730,1550
2018-09-20T09:00:00+09:00,J2,494,345,839
2018-09-20T09:00:00+09:00,J3,516,487,1003
2018-09-20T09:00:00+09:00,J4,587,745,1332
2018-09-20T09:00:00+09:00,J5,272,282,554
2018-09-20T09:15:00+09:00,J1,615,574,1189
2018-09-20T09:15:00+09:00,J2,442,350,792
2018-09-20T09:15:00+09:00,J3,404,450,854
2018-09-20T09:15:00+09:00,J4,622,748,1370
2018-09-20T09:15:00+09:00,J5,300,308,608
2018-09-20T09:30:00+09:00,J1,677,558,1235
2018-09-20T09:30:00+09:00,J2,334,307,641
2018-09-20T09:30:00+09:00,J3,435,417,852
2018-09-20T09:30:00+09:00,J4,578,699,1277
2018-09-20T09:30:00+09:00,J5,244,261,505
2018-09-20T09:45:00+09:00,J1,653,554,1207
2018-09-20T09:45:00+09:00,J2,375,343,718
2018-09-20T09:45:00+09:00,J3,449,465,914
2018-09-20T09:45:00+09:00,J4,597,584,1181
2018-09-20T09:45:00+09:00,J5,265,257,522
2018-09-20T10:00:00+09:00,J1,599,593,1192
2018-09-20T10:00:00+09:00,J2,313,353,666
2018-09-20T10:00:00+09:00,J3,432,432,864
2018-09-20T10:00:00+09:00,J4,607,570,1177
2018-09-20T10:00:00+09:00,J5,241,197,438
2018-09-20T10:15:00+09:00,J1,606,512,1118
2018-09-20T10:15:00+09:00,J2,381,353,734
2018-09-20T10:15:00+09:00,J3,559,489,1048
2018-09-20T10:15:00+09:00,J4,554,548,1102
2018-09-20T10:15:00+09:00,J5,247,216,463
2018-09-20T10:30:00+09:00,J1,658,547,1205
2018-09-20T10:30:00+09:00,J2,452,453,905
2018-09-20T10:30:00+09:00,J3,695,583,1278
2018-09-20T10:30:00+09:00,J4,584,583,1167
2018-09-20T10:30:00+09:00,J5,255,175,430
2018-09-20T10:45:00+09:00,J1,660,578,1238
2018-09-20T10:45:00+09:00,J2,440,412,852
2018-09-20T10:45:00+09:00,J3,673,616,1289
2018-09-20T10:45:00+09:00,J4,557,498,1055
2018-09-20T10:45:00+09:00,J5,247,166,413
2018-09-20T11:00:00+09:00,J1,617,618,1235
2018-09-20T11:00:00+09:00,J2,528,374,902
2018-09-20T11:00:00+09:00,J3,775,619,1394
2018-09-20T11:00:00+09:00,J4,566,531,1097
2018-09-20T11:00:00+09:00,J5,235,194,429
2018-09-20T11:15:00+09:00,J1,833,814,1647
2018-09-20T11:15:00+09:00,J2,551,441,992
2018-09-20T11:15:00+09:00,J3,778,683,1461
2018-09-20T11:15:00+09:00,J4,527,552,1079
2018-09-20T11:15:00+09:00,J5,229,203,432
2018-09-20T11:30:00+09:00,J1,866,780,1646
2018-09-20T11:30:00+09:00,J2,580,429,1009
2018-09-20T11:30:00+09:00,J3,722,731,1453
2018-09-20T11:30:00+09:00,J4,579,514,1093
2018-09-20T11:30:00+09:00,J5,264,255,519
2018-09-20T11:45:00+09:00,J1,821,799,1620
2018-09-20T11:45:00+09:00,J2,535,432,967
2018-09-20T11:45:00+09:00,J3,697,678,1375
2018-09-20T11:45:00+09:00,J4,502,466,968
2018-09-20T11:45:00+09:00,J5,244,189,433
2018-09-20T12:00:00+09:00,J1,872,916,1788
2018-09-20T12:00:00+09:00,J2,632,501,1133
2018-09-20T12:00:00+09:00,J3,686,690,1376
2018-09-20T12:00:00+09:00,J4,509,438,947
2018-09-20T12:00:00+09:00,J5,276,175,451
2018-09-20T12:15:00+09:00,J1,740,745,1485
2018-09-20T12:15:00+09:00,J2,604,427,1031
2018-09-20T12:15:00+09:00,J3,640,643,1283
2018-09-20T12:15:00+09:00,J4,590,576,1166
2018-09-20T12:15:00+09:00,J5,238,229,467
2018-09-20T12:30:00+09:00,J1,670,767,1437
2018-09-20T12:30:00+09:00,J2,639,454,1093
2018-09-20T12:30:00+09:00,J3,587,686,1273
2018-09-20T12:30:00+09:00,J4,500,514,1014
2018-09-20T12:30:00+09:00,J5,221,211,432
2018-09-20T12:45:00+09:00,J1,701,687,1388
2018-09-20T12:45:00+09:00,J2,598,444,1042
2018-09-20T12:45:00+09:00,J3,665,631,1296
2018-09-20T12:45:00+09:00,J4,479,542,1021
2018-09-20T12:45:00+09:00,J5,247,247,494
2018-09-20T13:00:00+09:00,J1,667,683,1350
2018-09-20T13:00:00+09:00,J2,612,466,1078
2018-09-20T13:00:00+09:00,J3,566,664,1230
2018-09-20T13:00:00+09:00,J4,497,539,1036
2018-09-20T13:00:00+09:00,J5,281,262,543
2018-09-20T13:15:00+09:00,J1,582,729,1311
2018-09-20T13:15:00+09:00,J2,555,410,965
2018-09-20T13:15:00+09:00,J3,592,676,1268
2018-09-20T13:15:00+09:00,J4,532,510,1042
2018-09-20T13:15:00+09:00,J5,226,254,480
2018-09-20T13:30:00+09:00,J1,663,701,1364
2018-09-20T13:30:00+09:00,J2,534,425,959
2018-09-20T13:30:00+09:00,J3,604,676,1280
2018-09-20T13:30:00+09:00,J4,472,485,957
2018-09-20T13:30:00+09:00,J5,224,214,438
2018-09-20T13:45:00+09:00,J1,619,606,1225
2018-09-20T13:45:00+09:00,J2,509,375,884
2018-09-20T13:45:00+09:00,J3,628,685,1313
2018-09-20T13:45:00+09:00,J4,478,480,958
2018-09-20T13:45:00+09:00,J5,240,207,447
2018-09-20T14:00:00+09:00,J1,616,648,1264
2018-09-20T14:00:00+09:00,J2,537,477,1014
2018-09-20T14:00:00+09:00,J3,617,662,1279
2018-09-20T14:00:00+09:00,J4,487,504,991
2018-09-20T14:00:00+09:00,J5,204,219,423
2018-09-20T14:15:00+09:00,J1,614,715,1329
2018-09-20T14:15:00+09:00,J2,517,423,940
2018-09-20T14:15:00+09:00,J3,592,660,1252
2018-09-20T14:15:00+09:00,J4,483,485,968
2018-09-20T14:15:00+09:00,J5,172,224,396
2018-09-20T14:30:00+09:00,J1,593,643,1236
2018-09-20T14:30:00+09:00,J2,574,423,997
2018-09-20T14:30:00+09:00,J3,626,701,1327
2018-09-20T14:30:00+09:00,J4,492,521,1013
2018-09-20T14:30:00+09:00,J5,226,217,443
2018-09-20T14:45:00+09:00,J1,580,670,1250
2018-09-20T14:45:00+09:00,J2,585,507,1092
2018-09-20T14:45:00+09:00,J3,529,671,1200
2018-09-20T14:45:00+09:00,J4,463,533,996
2018-09-20T14:45:00+09:00,J5,214,169,383
2018-09-20T15:00:00+09:00,J1,592,742,1334
2018-09-20T15:00:00+09:00,J2,546,490,1036
2018-09-20T15:00:00+09:00,J3,584,692,1276
2018-09-20T15:00:00+09:00,J4,435,516,951
2018-09-20T15:00:00+09:00,J5,193,192,385
2018-09-20T15:15:00+09:00,J1,614,700,1314
2018-09-20T15:15:00+09:00,J2,523,518,1041
2018-09-20T15:15:00+09:00,J3,589,666,1255
2018-09-20T15:15:00+09:00,J4,435,412,847
2018-09-20T15:15:00+09:00,J5,240,201,441
2018-09-20T15:30:00+09:00,J1,642,694,1336
2018-09-20T15:30:00+09:00,J2,550,478,1028
2018-09-20T15:30:00+09:00,J3,676,666,1342
2018-09-20T15:30:00+09:00,J4,465,426,891
2018-09-20T15:30:00+09:00,J5,202,179,381
2018-09-20T15:45:00+09:00,J1,677,773,1450
2018-09-20T15:45:00+09:00,J2,630,449,1079
2018-09-20T15:45:00+09:00,J3,621,704,1325
2018-09-20T15:45:00+09:00,J4,463,495,958
2018-09-20T15:45:00+09:00,J5,238,202,440
2018-09-20T16:00:00+09:00,J1,562,762,1324
2018-09-20T16:00:00+09:00,J2,592,493,1085
2018-09-20T16:00:00+09:00,J3,641,607,1248
2018-09-20T16:00:00+09:00,J4,495,448,943
2018-09-20T16:00:00+09:00,J5,220,168,388
2018-09-20T16:15:00+09:00,J1,675,782,1457
2018-09-20T16:15:00+09:00,J2,506,439,945
2018-09-20T16:15:00+09:00,J3,633,688,1321
2018-09-20T16:15:00+09:00,J4,441,474,915
2018-09-20T16:15:00+09:00,J5,231,178,409
2018-09-20T16:30:00+09:00,J1,624,784,1408
2018-09-20T16:30:00+09:00,J2,574,461,1035
2018-09-20T16:30:00+09:00,J3,646,687,1333
2018-09-20T16:30:00+09:00,J4,505,502,1007
2018-09-20T16:30:00+09:00,J5,232,207,439
2018-09-20T16:45:00+09:00,J1,585,700,1285
2018-09-20T16:45:00+09:00,J2,532,496,1028
2018-09-20T16:45:00+09:00,J3,573,662,1235
2018-09-20T16:45:00+09:00,J4,404,442,846
2018-09-20T16:45:00+09:00,J5,265,200,465
2018-09-20T17:00:00+09:00,J1,630,779,1409
2018-09-20T17:00:00+09:00,J2,531,494,1025
2018-09-20T17:00:00+09:00,J3,624,582,1206
2018-09-20T17:00:00+09:00,J4,475,446,921
2018-09-20T17:00:00+09:00,J5,303,223,526
2018-09-20T17:15:00+09:00,J1,683,979,1662
2018-09-20T17:15:00+09:00,J2,628,556,1184
2018-09-20T17:15:00+09:00,J3,681,661,1342
2018-09-20T17:15:00+09:00,J4,543,475,1018
2018-09-20T17:15:00+09:00,J5,284,297,581
2018-09-20T17:30:00+09:00,J1,704,939,1643
2018-09-20T17:30:00+09:00,J2,566,551,1117
2018-09-20T17:30:00+09:00,J3,639,684,1323
2018-09-20T17:30:00+09:00,J4,635,584,1219
2018-09-20T17:30:00+09:00,J5,302,283,585
2018-09-20T17:45:00+09:00,J1,721,892,1613
2018-09-20T17:45:00+09:00,J2,563,511,1074
2018-09-20T17:45:00+09:00,J3,744,659,1403
2018-09-20T17:45:00+09:00,J4,668,528,1196
2018-09-20T17:45:00+09:00,J5,359,326,685
2018-09-20T18:00:00+09:00,J1,735,982,1717
2018-09-20T18:00:00+09:00,J2,558,544,1102
2018-09-20T18:00:00+09:00,J3,827,711,1538
2018-09-20T18:00:00+09:00,J4,740,531,1271
2018-09-20T18:00:00+09:00,J5,366,352,718
2018-09-20T18:15:00+09:00,J1,702,916,1618
2018-09-20T18:15:00+09:00,J2,582,537,1119
2018-09-20T18:15:00+09:00,J3,772,718,1490
2018-09-20T18:15:00+09:00,J4,780,545,1325
2018-09-20T18:15:00+09:00,J5,364,363,727
2018-09-20T18:30:00+09:00,J1,617,817,1434
2018-09-20T18:30:00+09:00,J2,507,472,979
2018-09-20T18:30:00+09:00,J3,816,638,1454
2018-09-20T18:30:00+09:00,J4,744,635,1379
2018-09-20T18:30:00+09:00,J5,366,375,741
2018-09-20T18:45:00+09:00,J1,633,722,1355
2018-09-20T18:45:00+09:00,J2,479,463,942
2018-09-20T18:45:00+09:00,J3,683,616,1299
2018-09-20T18:45:00+09:00,J4,806,649,1455
2018-09-20T18:45:00+09:00,J5,397,362,759
2018-09-20T19:00:00+09:00,J1,557,678,1235
2018-09-20T19:00:00+09:00,J2,511,503,1014
2018-09-20T19:00:00+09:00,J3,727,639,1366
2018-09-20T19:00:00+09:00,J4,769,678,1447
2018-09-20T19:00:00+09:00,J5,450,405,855
2018-09-20T19:15:00+09:00,J1,508,754,1262
2018-09-20T19:15:00+09:00,J2,454,414,868
2018-09-20T19:15:00+09:00,J3,757,641,1398
2018-09-20T19:15:00+09:00,J4,790,654,1444
2018-09-20T19:15:00+09:00,J5,447,407,854
2018-09-20T19:30:00+09:00,J1,517,722,1239
2018-09-20T19:30:00+09:00,J2,410,412,822
2018-09-20T19:30:00+09:00,J3,762,636,1398
2018-09-20T19:30:00+09:00,J4,730,625,1355
2018-09-20T19:30:00+09:00,J5,482,441,923
2018-09-20T19:45:00+09:00,J1,465,615,1080
2018-09-20T19:45:00+09:00,J2,371,375,746
2018-09-20T19:45:00+09:00,J3,697,599,1296
2018-09-20T19:45:00+09:00,J4,766,618,1384
2018-09-20T19:45:00+09:00,J5,447,412,859
2018-09-20T20:00:00+09:00,J1,508,603,1111
2018-09-20T20:00:00+09:00,J2,331,340,671
2018-09-20T20:00:00+09:00,J3,713,646,1359
2018-09-20T20:00:00+09:00,J4,790,727,1517
2018-09-20T20:00:00+09:00,J5,422,381,803
2018-09-20T20:15:00+09:00,J1,421,634,1055
2018-09-20T20:15:00+09:00,J2,334,400,734
2018-09-20T20:15:00+09:00,J3,714,572,1286
2018-09-20T20:15:00+09:00,J4,765,631,1396
2018-09-20T20:15:00+09:00,J5,416,352,768
2018-09-20T20:30:00+09:00,J1,471,533,1004
2018-09-20T20:30:00+09:00,J2,320,351,671
2018-09-20T20:30:00+09:00,J3,666,495,1161
2018-09-20T20:30:00+09:00,J4,848,775,1623
2018-09-20T20:30:00+09:00,J5,358,364,722
2018-09-20T20:45:00+09:00,J1,505,624,1129
2018-09-20T20:45:00+09:00,J2,287,312,599
2018-09-20T20:45:00+09:00,J3,563,482,1045
2018-09-20T20:45:00+09:00,J4,742,733,1475
2018-09-20T20:45:00+09:00,J5,411,397,808
2018-09-20T21:00:00+09:00,J1,509,550,1059
2018-09-20T21:00:00+09:00,J2,310,330,640
2018-09-20T21:00:00+09:00,J3,510,393,903
2018-09-20T21:00:00+09:00,J4,850,797,1647
2018-09-20T21:00:00+09:00,J5,454,516,970
2018-09-20T21:15:00+09:00,J1,481,660,1141
2018-09-20T21:15:00+09:00,J2,317,359,676
2018-09-20T21:15:00+09:00,J3,496,450,946
2018-09-20T21:15:00+09:00,J4,830,729,1559
2018-09-20T21:15:00+09:00,J5,486,560,1046
2018-09-20T21:30:00+09:00,J1,486,585,1071
2018-09-20T21:30:00+09:00,J2,365,324,689
2018-09-20T21:30:00+09:00,J3,445,357,802
2018-09-20T21:30:00+09:00,J4,803,779,1582
2018-09-20T21:30:00+09:00,J5,452,537,989
2018-09-20T21:45:00+09:00,J1,496,575,1071
2018-09-20T21:45:00+09:00,J2,343,355,698
2018-09-20T21:45:00+09:00,J3,421,384,805
2018-09-20T21:45:00+09:00,J4,835,823,1658
2018-09-20T21:45:00+09:00,J5,442,513,955
2018-09-20T22:00:00+09:00,J1,458,517,975
2018-09-20T22:00:00+09:00,J2,333,358,691
2018-09-20T22:00:00+09:00,J3,400,397,797
2018-09-20T22:00:00+09:00,J4,805,821,1626
2018-09-20T22:00:00+09:00,J5,424,468,892
2018-09-20T22:15:00+09:00,J1,472,515,987
2018-09-20T22:15:00+09:00,J2,330,332,662
2018-09-20T22:15:00+09:00,J3,356,344,700
2018-09-20T22:15:00+09:00,J4,948,961,1909
2018-09-20T22:15:00+09:00,J5,381,523,904
2018-09-20T22:30:00+09:00,J1,430,556,986
2018-09-20T22:30:00+09:00,J2,411,391,802
2018-09-20T22:30:00+09:00,J3,420,434,854
2018-09-20T22:30:00+09:00,J4,927,952,1879
2018-09-20T22:30:00+09:00,J5,391,463,854
2018-09-20T22:45:00+09:00,J1,425,508,933
2018-09-20T22:45:00+09:00,J2,452,429,881
2018-09-20T22:45:00+09:00,J3,560,475,1035
2018-09-20T22:45:00+09:00,J4,933,942,1875
2018-09-20T22:45:00+09:00,J5,297,318,615
2018-09-20T23:00:00+09:00,J1,435,488,923
2018-09-20T23:00:00+09:00,J2,390,436,826
2018-09-20T23:00:00+09:00,J3,451,471,922
2018-09-20T23:00:00+09:00,J4,852,878,1730
2018-09-20T23:00:00+09:00,J5,229,233,462
2018-09-20T23:15:00+09:00,J1,438,492,930
2018-09-20T23:15:00+09:00,J2,390,372,762
2018-09-20T23:15:00+09:00,J3,429,436,865
2018-09-20T23:15:00+09:00,J4,961,922,1883
2018-09-20T23:15:00+09:00,J5,248,231,479
2018-09-20T23:30:00+09:00,J1,398,461,859
2018-09-20T23:30:00+09:00,J2,354,346,700
2018-09-20T23:30:00+09:00,J3,331,274,605
2018-09-20T23:30:00+09:00,J4,799,853,1652
2018-09-20T23:30:00+09:00,J5,194,181,375
2018-09-20T23:45:00+09:00,J1,326,363,689
2018-09-20T23:45:00+09:00,J2,362,424,786
2018-09-20T23:45:00+09:00,J3,326,289,615
2018-09-20T23:45:00+09:00,J4,796,739,1535
2018-09-20T23:45:00+09:00,J5,155,144,299
2018-09-21T00:00:00+09:00,J1,249,235,484
2018-09-21T00:00:00+09:00,J2,274,263,537
2018-09-21T00:00:00+09:00,J3,268,217,485
2018-09-21T00:00:00+09:00,J4,1007,1017,2024
2018-09-21T00:00:00+09:00,J5,183,179,362
2018-09-21T00:15:00+09:00,J1,235,177,412
2018-09-21T00:15:00+09:00,J2,360,333,693
2018-09-21T00:15:00+09:00,J3,416,422,838
2018-09-21T00:15:00+09:00,J4,212,209,421
2018-09-21T00:15:00+09:00,J5,249,262,511
2018-09-21T00:30:00+09:00,J1,262,170,432
2018-09-21T00:30:00+09:00,J2,403,341,744
2018-09-21T00:30:00+09:00,J3,444,464,908
2018-09-21T00:30:00+09:00,J4,325,294,619
2018-09-21T00:30:00+09:00,J5,194,194,388
2018-09-21T00:45:00+09:00,J1,217,209,426
2018-09-21T00:45:00+09:00,J2,386,331,717
2018-09-21T00:45:00+09:00,J3,462,390,852
2018-09-21T00:45:00+09:00,J4,289,313,602
2018-09-21T00:45:00+09:00,J5,147,163,310
2018-09-21T05:45:00+09:00,J1,271,252,523
2018-09-21T05:45:00+09:00,J2,268,313,581
2018-09-21T05:45:00+09:00,J3,425,392,817
2018-09-21T05:45:00+09:00,J4,895,855,1750
2018-09-21T05:45:00+09:00,J5,207,236,443
2018-09-21T06:00:00+09:00,J1,589,508,1097
2018-09-21T06:00:00+09:00,J2,425,458,883
2018-09-21T06:00:00+09:00,J3,430,375,805
2018-09-21T06:00:00+09:00,J4,796,806,1602
2018-09-21T06:00:00+09:00,J5,151,130,281
2018-09-21T06:15:00+09:00,J1,536,521,1057
2018-09-21T06:15:00+09:00,J2,431,422,853
2018-09-21T06:15:00+09:00,J3,541,543,1084
2018-09-21T06:15:00+09:00,J4,668,761,1429
2018-09-21T06:15:00+09:00,J5,248,261,509
2018-09-21T06:30:00+09:00,J1,579,608,1187
2018-09-21T06:30:00+09:00,J2,456,420,876
2018-09-21T06:30:00+09:00,J3,560,447,1007
2018-09-21T06:30:00+09:00,J4,680,698,1378
2018-09-21T06:30:00+09:00,J5,243,350,593
2018-09-21T06:45:00+09:00,J1,645,687,1332
2018-09-21T06:45:00+09:00,J2,479,378,857
2018-09-21T06:45:00+09:00,J3,562,463,1025
2018-09-21T06:45:00+09:00,J4,545,557,1102
2018-09-21T06:45:00+09:00,J5,281,287,568
2018-09-21T07:00:00+09:00,J1,698,756,1454
2018-09-21T07:00:00+09:00,J2,485,425,910
2018-09-21T07:00:00+09:00,J3,566,498,1064
2018-09-21T07:00:00+09:00,J4,681,734,1415
2018-09-21T07:00:00+09:00,J5,316,378,694
2018-09-21T07:15:00+09:00,J1,752,775,1527
2018-09-21T07:15:00+09:00,J2,554,456,1010
2018-09-21T07:15:00+09:00,J3,683,597,1280
2018-09-21T07:15:00+09:00,J4,557,708,1265
2018-09-21T07:15:00+09:00,J5,322,351,673
2018-09-21T07:30:00+09:00,J1,628,627,1255
2018-09-21T07:30:00+09:00,J2,494,359,853
2018-09-21T07:30:00+09:00,J3,603,704,1307
2018-09-21T07:30:00+09:00,J4,547,710,1257
2018-09-21T07:30:00+09:00,J5,351,424,775
2018-09-21T07:45:00+09:00,J1,713,575,1288
2018-09-21T07:45:00+09:00,J2,587,434,1021
2018-09-21T07:45:00+09:00,J3,655,760,1415
2018-09-21T07:45:00+09:00,J4,643,842,1485
2018-09-21T07:45:00+09:00,J5,363,372,735
2018-09-21T08:00:00+09:00,J1,897,734,1631
2018-09-21T08:00:00+09:00,J2,652,385,1037
2018-09-21T08:00:00+09:00,J3,680,800,1480
2018-09-21T08:00:00+09:00,J4,748,996,1744
2018-09-21T08:00:00+09:00,J5,335,329,664
2018-09-21T08:15:00+09:00,J1,992,697,1689
2018-09-21T08:15:00+09:00,J2,739,399,1138
2018-09-21T08:15:00+09:00,J3,694,903,1597
2018-09-21T08:15:00+09:00,J4,748,1104,1852
2018-09-21T08:15:00+09:00,J5,314,267,581
2018-09-21T08:30:00+09:00,J1,1028,688,1716
2018-09-21T08:30:00+09:00,J2,736,391,1127
2018-09-21T08:30:00+09:00,J3,653,914,1567
2018-09-21T08:30:00+09:00,J4,725,1058,1783
2018-09-21T08:30:00+09:00,J5,327,248,575
2018-09-21T08:45:00+09:00,J1,732,528,1260
2018-09-21T08:45:00+09:00,J2,553,333,886
2018-09-21T08:45:00+09:00,J3,548,734,1282
2018-09-21T08:45:00+09:00,J4,605,780,1385
2018-09-21T08:45:00+09:00,J5,262,201,463
2018-09-21T09:00:00+09:00,J1,645,501,1146
2018-09-21T09:00:00+09:00,J2,430,274,704
2018-09-21T09:00:00+09:00,J3,454,557,1011
2018-09-21T09:00:00+09:00,J4,574,658,1232
2018-09-21T09:00:00+09:00,J5,253,183,436
2018-09-21T09:15:00+09:00,J1,565,455,1020
2018-09-21T09:15:00+09:00,J2,424,321,745
2018-09-21T09:15:00+09:00,J3,419,453,872
2018-09-21T09:15:00+09:00,J4,469,652,1121
2018-09-21T09:15:00+09:00,J5,274,190,464
2018-09-21T09:30:00+09:00,J1,583,439,1022
2018-09-21T09:30:00+09:00,J2,379,357,736
2018-09-21T09:30:00+09:00,J3,404,448,852
2018-09-21T09:30:00+09:00,J4,523,613,1136
2018-09-21T09:30:00+09:00,J5,237,195,432
2018-09-21T09:45:00+09:00,J1,574,453,1027
2018-09-21T09:45:00+09:00,J2,407,372,779
2018-09-21T09:45:00+09:00,J3,356,421,777
2018-09-21T09:45:00+09:00,J4,443,494,937
2018-09-21T09:45:00+09:00,J5,217,167,384
2018-09-21T10:00:00+09:00,J1,531,483,1014
2018-09-21T10:00:00+09:00,J2,351,365,716
2018-09-21T10:00:00+09:00,J3,397,361,758
2018-09-21T10:00:00+09:00,J4,456,465,921
2018-09-21T10:00:00+09:00,J5,245,197,442
2018-09-21T10:15:00+09:00,J1,517,517,1034
2018-09-21T10:15:00+09:00,J2,443,374,817
2018-09-21T10:15:00+09:00,J3,474,448,922
2018-09-21T10:15:00+09:00,J4,497,482,979
2018-09-21T10:15:00+09:00,J5,241,192,433
2018-09-21T10:30:00+09:00,J1,507,535,1042
2018-09-21T10:30:00+09:00,J2,464,349,813
2018-09-21T10:30:00+09:00,J3,492,432,924
2018-09-21T10:30:00+09:00,J4,454,454,908
2018-09-21T10:30:00+09:00,J5,204,226,430
2018-09-21T10:45:00+09:00,J1,562,521,1083
2018-09-21T10:45:00+09:00,J2,576,445,1021
2018-09-21T10:45:00+09:00,J3,632,587,1219
2018-09-21T10:45:00+09:00,J4,374,442,816
2018-09-21T10:45:00+09:00,J5,206,184,390
2018-09-21T11:00:00+09:00,J1,537,469,1006
2018-09-21T11:00:00+09:00,J2,662,435,1097
2018-09-21T11:00:00+09:00,J3,696,625,1321
2018-09-21T11:00:00+09:00,J4,411,492,903
2018-09-21T11:00:00+09:00,J5,185,208,393
2018-09-21T11:15:00+09:00,J1,577,592,1169
2018-09-21T11:15:00+09:00,J2,563,365,928
2018-09-21T11:15:00+09:00,J3,696,664,1360
2018-09-21T11:15:00+09:00,J4,456,514,970
2018-09-21T11:15:00+09:00,J5,181,218,399
2018-09-21T11:30:00+09:00,J1,605,669,1274
2018-09-21T11:30:00+09:00,J2,589,381,970
2018-09-21T11:30:00+09:00,J3,633,640,1273
2018-09-21T11:30:00+09:00,J4,401,490,891
2018-09-21T11:30:00+09:00,J5,215,195,410
2018-09-21T11:45:00+09:00,J1,593,671,1264
2018-09-21T11:45:00+09:00,J2,606,389,995
2018-09-21T11:45:00+09:00,J3,663,639,1302
2018-09-21T11:45:00+09:00,J4,432,477,909
2018-09-21T11:45:00+09:00,J5,229,238,467
2018-09-21T12:00:00+09:00,J1,633,610,1243
2018-09-21T12:00:00+09:00,J2,681,456,1137
2018-09-21T12:00:00+09:00,J3,735,658,1393
2018-09-21T12:00:00+09:00,J4,434,484,918
2018-09-21T12:00:00+09:00,J5,212,239,451
2018-09-21T12:15:00+09:00,J1,618,614,1232
2018-09-21T12:15:00+09:00,J2,610,463,1073
2018-09-21T12:15:00+09:00,J3,617,622,1239
2018-09-21T12:15:00+09:00,J4,462,411,873
2018-09-21T12:15:00+09:00,J5,222,215,437
2018-09-21T12:30:00+09:00,J1,596,629,1225
2018-09-21T12:30:00+09:00,J2,662,466,1128
2018-09-21T12:30:00+09:00,J3,590,665,1255
2018-09-21T12:30:00+09:00,J4,504,484,988
2018-09-21T12:30:00+09:00,J5,198,223,421
2018-09-21T12:45:00+09:00,J1,562,615,1177
2018-09-21T12:45:00+09:00,J2,633,492,1125
2018-09-21T12:45:00+09:00,J3,659,631,1290
2018-09-21T12:45:00+09:00,J4,382,422,804
2018-09-21T12:45:00+09:00,J5,190,206,396
2018-09-21T13:00:00+09:00,J1,666,654,1320
2018-09-21T13:00:00+09:00,J2,692,503,1195
2018-09-21T13:00:00+09:00,J3,682,693,1375
2018-09-21T13:00:00+09:00,J4,421,443,864
2018-09-21T13:00:00+09:00,J5,232,220,452
2018-09-21T13:15:00+09:00,J1,659,661,1320
2018-09-21T13:15:00+09:00,J2,613,493,1106
2018-09-21T13:15:00+09:00,J3,629,597,1226
2018-09-21T13:15:00+09:00,J4,377,420,797
2018-09-21T13:15:00+09:00,J5,220,239,459
2018-09-21T13:30:00+09:00,J1,624,588,1212
2018-09-21T13:30:00+09:00,J2,595,536,1131
2018-09-21T13:30:00+09:00,J3,670,621,1291
2018-09-21T13:30:00+09:00,J4,401,419,820
2018-09-21T13:30:00+09:00,J5,247,212,459
2018-09-21T13:45:00+09:00,J1,570,608,1178
2018-09-21T13:45:00+09:00,J2,539,539,1078
2018-09-21T13:45:00+09:00,J3,634,602,1236
2018-09-21T13:45:00+09:00,J4,366,396,762
2018-09-21T13:45:00+09:00,J5,211,219,430
2018-09-21T14:00:00+09:00,J1,573,615,1188
2018-09-21T14:00:00+09:00,J2,619,510,1129
2018-09-21T14:00:00+09:00,J3,626,636,1262
2018-09-21T14:00:00+09:00,J4,369,381,750
2018-09-21T14:00:00+09:00,J5,228,204,432
2018-09-21T14:15:00+09:00,J1,513,665,1178
2018-09-21T14:15:00+09:00,J2,553,525,1078
2018-09-21T14:15:00+09:00,J3,582,645,1227
2018-09-21T14:15:00+09:00,J4,392,399,791
2018-09-21T14:15:00+09:00,J5,258,256,514
2018-09-21T14:30:00+09:00,J1,606,622,1228
2018-09-21T14:30:00+09:00,J2,516,541,1057
2018-09-21T14:30:00+09:00,J3,576,660,1236
2018-09-21T14:30:00+09:00,J4,373,402,775
2018-09-21T14:30:00+09:00,J5,248,232,480
2018-09-21T14:45:00+09:00,J1,513,670,1183
2018-09-21T14:45:00+09:00,J2,575,551,1126
2018-09-21T14:45:00+09:00,J3,558,584,1142
2018-09-21T14:45:00+09:00,J4,424,392,816
2018-09-21T14:45:00+09:00,J5,240,206,446
2018-09-21T15:00:00+09:00,J1,520,616,1136
2018-09-21T15:00:00+09:00,J2,523,528,1051
2018-09-21T15:00:00+09:00,J3,543,606,1149
2018-09-21T15:00:00+09:00,J4,365,363,728
2018-09-21T15:00:00+09:00,J5,233,179,412
2018-09-21T15:15:00+09:00,J1,536,661,1197
2018-09-21T15:15:00+09:00,J2,575,553,1128
2018-09-21T15:15:00+09:00,J3,617,571,1188
2018-09-21T15:15:00+09:00,J4,433,456,889
2018-09-21T15:15:00+09:00,J5,215,199,414
2018-09-21T15:30:00+09:00,J1,564,744,1308
2018-09-21T15:30:00+09:00,J2,594,575,1169
2018-09-21T15:30:00+09:00,J3,570,578,1148
2018-09-21T15:30:00+09:00,J4,398,426,824
2018-09-21T15:30:00+09:00,J5,241,257,498
2018-09-21T15:45:00+09:00,J1,577,683,1260
2018-09-21T15:45:00+09:00,J2,556,599,1155
2018-09-21T15:45:00+09:00,J3,645,555,1200
2018-09-21T15:45:00+09:00,J4,394,420,814
2018-09-21T15:45:00+09:00,J5,255,211,466
2018-09-21T16:00:00+09:00,J1,616,641,1257
2018-09-21T16:00:00+09:00,J2,499,491,990
2018-09-21T16:00:00+09:00,J3,684,611,1295
2018-09-21T16:00:00+09:00,J4,410,390,800
2018-09-21T16:00:00+09:00,J5,218,179,397
2018-09-21T16:15:00+09:00,J1,590,705,1295
2018-09-21T16:15:00+09:00,J2,513,514,1027
2018-09-21T16:15:00+09:00,J3,667,633,1300
2018-09-21T16:15:00+09:00,J4,416,481,897
2018-09-21T16:15:00+09:00,J5,227,216,443
2018-09-21T16:30:00+09:00,J1,646,693,1339
2018-09-21T16:30:00+09:00,J2,546,503,1049
2018-09-21T16:30:00+09:00,J3,620,550,1170
2018-09-21T16:30:00+09:00,J4,454,454,908
2018-09-21T16:30:00+09:00,J5,201,200,401
2018-09-21T16:45:00+09:00,J1,550,634,1184
2018-09-21T16:45:00+09:00,J2,524,569,1093
2018-09-21T16:45:00+09:00,J3,650,616,1266
2018-09-21T16:45:00+09:00,J4,389,347,736
2018-09-21T16:45:00+09:00,J5,211,203,414
2018-09-21T17:00:00+09:00,J1,672,716,1388
2018-09-21T17:00:00+09:00,J2,573,510,1083
2018-09-21T17:00:00+09:00,J3,710,621,1331
2018-09-21T17:00:00+09:00,J4,504,443,947
2018-09-21T17:00:00+09:00,J5,275,262,537
2018-09-21T17:15:00+09:00,J1,687,870,1557
2018-09-21T17:15:00+09:00,J2,584,633,1217
2018-09-21T17:15:00+09:00,J3,694,696,1390
2018-09-21T17:15:00+09:00,J4,554,470,1024
2018-09-21T17:15:00+09:00,J5,298,293,591
2018-09-21T17:30:00+09:00,J1,732,917,1649
2018-09-21T17:30:00+09:00,J2,626,677,1303
2018-09-21T17:30:00+09:00,J3,750,745,1495
2018-09-21T17:30:00+09:00,J4,650,477,1127
2018-09-21T17:30:00+09:00,J5,297,286,583
2018-09-21T17:45:00+09:00,J1,751,972,1723
2018-09-21T17:45:00+09:00,J2,583,582,1165
2018-09-21T17:45:00+09:00,J3,761,711,1472
2018-09-21T17:45:00+09:00,J4,687,452,1139
2018-09-21T17:45:00+09:00,J5,290,308,598
2018-09-21T18:00:00+09:00,J1,743,990,1733
2018-09-21T18:00:00+09:00,J2,623,565,1188
2018-09-21T18:00:00+09:00,J3,741,722,1463
2018-09-21T18:00:00+09:00,J4,737,469,1206
2018-09-21T18:00:00+09:00,J5,291,292,583
2018-09-21T18:15:00+09:00,J1,766,991,1757
2018-09-21T18:15:00+09:00,J2,691,616,1307
2018-09-21T18:15:00+09:00,J3,735,656,1391
2018-09-21T18:15:00+09:00,J4,858,489,1347
2018-09-21T18:15:00+09:00,J5,271,374,645
2018-09-21T18:30:00+09:00,J1,722,827,1549
2018-09-21T18:30:00+09:00,J2,670,555,1225
2018-09-21T18:30:00+09:00,J3,671,560,1231
2018-09-21T18:30:00+09:00,J4,631,439,1070
2018-09-21T18:30:00+09:00,J5,274,362,636
2018-09-21T18:45:00+09:00,J1,620,751,1371
2018-09-21T18:45:00+09:00,J2,641,520,1161
2018-09-21T18:45:00+09:00,J3,595,549,1144
2018-09-21T18:45:00+09:00,J4,568,404,972
2018-09-21T18:45:00+09:00,J5,247,272,519
2018-09-21T19:00:00+09:00,J1,631,665,1296
2018-09-21T19:00:00+09:00,J2,513,536,1049
2018-09-21T19:00:00+09:00,J3,596,514,1110
2018-09-21T19:00:00+09:00,J4,526,445,971
2018-09-21T19:00:00+09:00,J5,267,280,547
2018-09-21T19:15:00+09:00,J1,572,686,1258
2018-09-21T19:15:00+09:00,J2,498,554,1052
2018-09-21T19:15:00+09:00,J3,589,534,1123
2018-09-21T19:15:00+09:00,J4,557,391,948
2018-09-21T19:15:00+09:00,J5,264,282,546
2018-09-21T19:30:00+09:00,J1,537,624,1161
2018-09-21T19:30:00+09:00,J2,439,454,893
2018-09-21T19:30:00+09:00,J3,522,492,1014
2018-09-21T19:30:00+09:00,J4,499,395,894
2018-09-21T19:30:00+09:00,J5,226,236,462
2018-09-21T19:45:00+09:00,J1,567,601,1168
2018-09-21T19:45:00+09:00,J2,453,435,888
2018-09-21T19:45:00+09:00,J3,534,530,1064
2018-09-21T19:45:00+09:00,J4,486,417,903
2018-09-21T19:45:00+09:00,J5,237,224,461
2018-09-21T20:00:00+09:00,J1,475,637,1112
2018-09-21T20:00:00+09:00,J2,469,395,864
2018-09-21T20:00:00+09:00,J3,556,502,1058
2018-09-21T20:00:00+09:00,J4,484,472,956
2018-09-21T20:00:00+09:00,J5,224,220,444
2018-09-21T20:15:00+09:00,J1,523,659,1182
2018-09-21T20:15:00+09:00,J2,413,417,830
2018-09-21T20:15:00+09:00,J3,602,540,1142
2018-09-21T20:15:00+09:00,J4,471,437,908
2018-09-21T20:15:00+09:00,J5,246,260,506
2018-09-21T20:30:00+09:00,J1,508,645,1153
2018-09-21T20:30:00+09:00,J2,403,369,772
2018-09-21T20:30:00+09:00,J3,608,597,1205
2018-09-21T20:30:00+09:00,J4,453,418,871
2018-09-21T20:30:00+09:00,J5,223,248,471
2018-09-21T20:45:00+09:00,J1,457,589,1046
2018-09-21T20:45:00+09:00,J2,409,354,763
2018-09-21T20:45:00+09:00,J3,604,554,1158
2018-09-21T20:45:00+09:00,J4,404,302,706
2018-09-21T20:45:00+09:00,J5,199,223,422
2018-09-21T21:00:00+09:00,J1,500,610,1110
2018-09-21T21:00:00+09:00,J2,346,399,745
2018-09-21T21:00:00+09:00,J3,536,460,996
2018-09-21T21:00:00+09:00,J4,439,390,829
2018-09-21T21:00:00+09:00,J5,213,187,400
2018-09-21T21:15:00+09:00,J1,524,640,1164
2018-09-21T21:15:00+09:00,J2,325,334,659
2018-09-21T21:15:00+09:00,J3,573,480,1053
2018-09-21T21:15:00+09:00,J4,515,433,948
2018-09-21T21:15:00+09:00,J5,248,222,470
2018-09-21T21:30:00+09:00,J1,465,574,1039
2018-09-21T21:30:00+09:00,J2,329,303,632
2018-09-21T21:30:00+09:00,J3,635,483,1118
2018-09-21T21:30:00+09:00,J4,536,544,1080
2018-09-21T21:30:00+09:00,J5,278,212,490
2018-09-21T21:45:00+09:00,J1,471,561,1032
2018-09-21T21:45:00+09:00,J2,319,260,579
2018-09-21T21:45:00+09:00,J3,556,463,1019
2018-09-21T21:45:00+09:00,J4,525,481,1006
2018-09-21T21:45:00+09:00,J5,213,216,429
2018-09-21T22:00:00+09:00,J1,404,509,913
2018-09-21T22:00:00+09:00,J2,307,327,634
2018-09-21T22:00:00+09:00,J3,582,505,1087
2018-09-21T22:00:00+09:00,J4,514,527,1041
2018-09-21T22:00:00+09:00,J5,223,193,416
2018-09-21T22:15:00+09:00,J1,388,562,950
2018-09-21T22:15:00+09:00,J2,245,301,546
2018-09-21T22:15:00+09:00,J3,546,440,986
2018-09-21T22:15:00+09:00,J4,457,441,898
2018-09-21T22:15:00+09:00,J5,242,226,468
2018-09-21T22:30:00+09:00,J1,341,443,784
2018-09-21T22:30:00+09:00,J2,240,309,549
2018-09-21T22:30:00+09:00,J3,493,396,889
2018-09-21T22:30:00+09:00,J4,478,470,948
2018-09-21T22:30:00+09:00,J5,215,207,422
2018-09-21T22:45:00+09:00,J1,362,473,835
2018-09-21T22:45:00+09:00,J2,251,314,565
2018-09-21T22:45:00+09:00,J3,540,393,933
2018-09-21T22:45:00+09:00,J4,590,571,1161
2018-09-21T22:45:00+09:00,J5,172,180,352
2018-09-21T23:00:00+09:00,J1,377,431,808
2018-09-21T23:00:00+09:00,J2,258,311,569
2018-09-21T23:00:00+09:00,J3,553,411,964
2018-09-21T23:00:00+09:00,J4,723,662,1385
2018-09-21T23:00:00+09:00,J5,142,144,286
2018-09-21T23:15:00+09:00,J1,366,436,802
2018-09-21T23:15:00+09:00,J2,257,341,598
2018-09-21T23:15:00+09:00,J3,492,428,920
2018-09-21T23:15:00+09:00,J4,773,718,1491
2018-09-21T23:15:00+09:00,J5,157,142,299
2018-09-21T23:30:00+09:00,J1,384,483,867
2018-09-21T23:30:00+09:00,J2,269,358,627
2018-09-21T23:30:00+09:00,J3,463,403,866
2018-09-21T23:30:00+09:00,J4,677,599,1276
2018-09-21T23:30:00+09:00,J5,188,140,328
2018-09-21T23:45:00+09:00,J1,343,381,724
2018-09-21T23:45:00+09:00,J2,262,275,537
2018-09-21T23:45:00+09:00,J3,505,385,890
2018-09-21T23:45:00+09:00,J4,524,487,1011
2018-09-21T23:45:00+09:00,J5,171,152,323
2018-09-22T00:00:00+09:00,J1,300,362,662
2018-09-22T00:00:00+09:00,J2,243,235,478
2018-09-22T00:00:00+09:00,J3,408,338,746
2018-09-22T00:00:00+09:00,J4,411,349,760
2018-09-22T00:00:00+09:00,J5,165,122,287
2018-09-22T00:15:00+09:00,J1,225,198,423
2018-09-22T00:15:00+09:00,J2,294,272,566
2018-09-22T00:15:00+09:00,J3,366,310,676
2018-09-22T00:15:00+09:00,J4,427,413,840
2018-09-22T00:15:00+09:00,J5,198,205,403
2018-09-22T00:30:00+09:00,J1,240,167,407
2018-09-22T00:30:00+09:00,J2,351,360,711
2018-09-22T00:30:00+09:00,J3,543,459,1002
2018-09-22T00:30:00+09:00,J4,421,407,828
2018-09-22T00:30:00+09:00,J5,284,285,569
2018-09-22T00:45:00+09:00,J1,225,210,435
2018-09-22T00:45:00+09:00,J2,367,380,747
2018-09-22T00:45:00+09:00,J3,498,403,901
2018-09-22T00:45:00+09:00,J4,289,226,515
2018-09-22T00:45:00+09:00,J5,242,240,482
2018-09-22T05:45:00+09:00,J1,385,396,781
2018-09-22T05:45:00+09:00,J2,381,384,765
2018-09-22T05:45:00+09:00,J3,282,338,620
2018-09-22T05:45:00+09:00,J4,554,587,1141
2018-09-22T05:45:00+09:00,J5,245,285,530
2018-09-22T06:00:00+09:00,J1,477,512,989
2018-09-22T06:00:00+09:00,J2,252,323,575
2018-09-22T06:00:00+09:00,J3,239,250,489
2018-09-22T06:00:00+09:00,J4,629,641,1270
2018-09-22T06:00:00+09:00,J5,195,199,394
2018-09-22T06:15:00+09:00,J1,442,416,858
2018-09-22T06:15:00+09:00,J2,356,372,728
2018-09-22T06:15:00+09:00,J3,331,263,594
2018-09-22T06:15:00+09:00,J4,618,755,1373
2018-09-22T06:15:00+09:00,J5,262,211,473
2018-09-22T06:30:00+09:00,J1,495,415,910
2018-09-22T06:30:00+09:00,J2,346,332,678
2018-09-22T06:30:00+09:00,J3,256,215,471
2018-09-22T06:30:00+09:00,J4,664,698,1362
2018-09-22T06:30:00+09:00,J5,307,360,667
2018-09-22T06:45:00+09:00,J1,388,391,779
2018-09-22T06:45:00+09:00,J2,380,361,741
2018-09-22T06:45:00+09:00,J3,306,252,558
2018-09-22T06:45:00+09:00,J4,595,660,1255
2018-09-22T06:45:00+09:00,J5,329,403,732
2018-09-22T07:00:00+09:00,J1,379,406,785
2018-09-22T07:00:00+09:00,J2,440,386,826
2018-09-22T07:00:00+09:00,J3,350,287,637
2018-09-22T07:00:00+09:00,J4,757,701,1458
2018-09-22T07:00:00+09:00,J5,356,475,831
2018-09-22T07:15:00+09:00,J1,486,456,942
2018-09-22T07:15:00+09:00,J2,371,345,716
2018-09-22T07:15:00+09:00,J3,343,371,714
2018-09-22T07:15:00+09:00,J4,672,722,1394
2018-09-22T07:15:00+09:00,J5,310,435,745
2018-09-22T07:30:00+09:00,J1,462,419,881
2018-09-22T07:30:00+09:00,J2,359,358,717
2018-09-22T07:30:00+09:00,J3,399,391,790
2018-09-22T07:30:00+09:00,J4,650,726,1376
2018-09-22T07:30:00+09:00,J5,316,399,715
2018-09-22T07:45:00+09:00,J1,444,422,866
2018-09-22T07:45:00+09:00,J2,392,322,714
2018-09-22T07:45:00+09:00,J3,386,398,784
2018-09-22T07:45:00+09:00,J4,591,658,1249
2018-09-22T07:45:00+09:00,J5,275,400,675
2018-09-22T08:00:00+09:00,J1,582,543,1125
2018-09-22T08:00:00+09:00,J2,370,318,688
2018-09-22T08:00:00+09:00,J3,386,409,795
2018-09-22T08:00:00+09:00,J4,598,685,1283
2018-09-22T08:00:00+09:00,J5,327,377,704
2018-09-22T08:15:00+09:00,J1,668,550,1218
2018-09-22T08:15:00+09:00,J2,370,307,677
2018-09-22T08:15:00+09:00,J3,389,386,775
2018-09-22T08:15:00+09:00,J4,725,761,1486
2018-09-22T08:15:00+09:00,J5,406,377,783
2018-09-22T08:30:00+09:00,J1,651,560,1211
2018-09-22T08:30:00+09:00,J2,411,325,736
2018-09-22T08:30:00+09:00,J3,408,473,881
2018-09-22T08:30:00+09:00,J4,719,826,1545
2018-09-22T08:30:00+09:00,J5,284,320,604
2018-09-22T08:45:00+09:00,J1,612,572,1184
2018-09-22T08:45:00+09:00,J2,341,335,676
2018-09-22T08:45:00+09:00,J3,421,401,822
2018-09-22T08:45:00+09:00,J4,583,668,1251
2018-09-22T08:45:00+09:00,J5,313,306,619
2018-09-22T09:00:00+09:00,J1,501,466,967
2018-09-22T09:00:00+09:00,J2,422,409,831
2018-09-22T09:00:00+09:00,J3,356,379,735
2018-09-22T09:00:00+09:00,J4,612,704,1316
2018-09-22T09:00:00+09:00,J5,311,332,643
2018-09-22T09:15:00+09:00,J1,676,552,1228
2018-09-22T09:15:00+09:00,J2,428,328,756
2018-09-22T09:15:00+09:00,J3,385,383,768
2018-09-22T09:15:00+09:00,J4,670,767,1437
2018-09-22T09:15:00+09:00,J5,339,333,672
2018-09-22T09:30:00+09:00,J1,541,474,1015
2018-09-22T09:30:00+09:00,J2,405,307,712
2018-09-22T09:30:00+09:00,J3,398,374,772
2018-09-22T09:30:00+09:00,J4,598,739,1337
2018-09-22T09:30:00+09:00,J5,264,310,574
2018-09-22T09:45:00+09:00,J1,559,559,1118
2018-09-22T09:45:00+09:00,J2,400,373,773
2018-09-22T09:45:00+09:00,J3,403,395,798
2018-09-22T09:45:00+09:00,J4,732,744,1476
2018-09-22T09:45:00+09:00,J5,270,303,573
2018-09-22T10:00:00+09:00,J1,524,469,993
2018-09-22T10:00:00+09:00,J2,382,370,752
2018-09-22T10:00:00+09:00,J3,414,330,744
2018-09-22T10:00:00+09:00,J4,697,690,1387
2018-09-22T10:00:00+09:00,J5,354,337,691
2018-09-22T10:15:00+09:00,J1,576,567,1143
2018-09-22T10:15:00+09:00,J2,358,372,730
2018-09-22T10:15:00+09:00,J3,479,392,871
2018-09-22T10:15:00+09:00,J4,709,695,1404
2018-09-22T10:15:00+09:00,J5,326,359,685
2018-09-22T10:30:00+09:00,J1,634,591,1225
2018-09-22T10:30:00+09:00,J2,405,386,791
2018-09-22T10:30:00+09:00,J3,470,388,858
2018-09-22T10:30:00+09:00,J4,665,682,1347
2018-09-22T10:30:00+09:00,J5,350,346,696
2018-09-22T10:45:00+09:00,J1,550,492,1042
2018-09-22T10:45:00+09:00,J2,393,442,835
2018-09-22T10:45:00+09:00,J3,578,584,1162
2018-09-22T10:45:00+09:00,J4,646,696,1342
2018-09-22T10:45:00+09:00,J5,284,226,510
2018-09-22T11:00:00+09:00,J1,673,621,1294
2018-09-22T11:00:00+09:00,J2,451,392,843
2018-09-22T11:00:00+09:00,J3,655,600,1255
2018-09-22T11:00:00+09:00,J4,605,655,1260
2018-09-22T11:00:00+09:00,J5,275,230,505
2018-09-22T11:15:00+09:00,J1,669,595,1264
2018-09-22T11:15:00+09:00,J2,468,404,872
2018-09-22T11:15:00+09:00,J3,761,605,1366
2018-09-22T11:15:00+09:00,J4,645,550,1195
2018-09-22T11:15:00+09:00,J5,300,309,609
2018-09-22T11:30:00+09:00,J1,680,679,1359
2018-09-22T11:30:00+09:00,J2,432,400,832
2018-09-22T11:30:00+09:00,J3,730,612,1342
2018-09-22T11:30:00+09:00,J4,691,711,1402
2018-09-22T11:30:00+09:00,J5,300,288,588
2018-09-22T11:45:00+09:00,J1,639,663,1302
2018-09-22T11:45:00+09:00,J2,435,448,883
2018-09-22T11:45:00+09:00,J3,777,634,1411
2018-09-22T11:45:00+09:00,J4,760,716,1476
2018-09-22T11:45:00+09:00,J5,327,293,620
2018-09-22T12:00:00+09:00,J1,694,659,1353
2018-09-22T12:00:00+09:00,J2,513,437,950
2018-09-22T12:00:00+09:00,J3,802,644,1446
2018-09-22T12:00:00+09:00,J4,612,601,1213
2018-09-22T12:00:00+09:00,J5,270,266,536
2018-09-22T12:15:00+09:00,J1,710,778,1488
2018-09-22T12:15:00+09:00,J2,541,407,948
2018-09-22T12:15:00+09:00,J3,866,709,1575
2018-09-22T12:15:00+09:00,J4,573,642,1215
2018-09-22T12:15:00+09:00,J5,457,439,896
2018-09-22T12:30:00+09:00,J1,696,779,1475
2018-09-22T12:30:00+09:00,J2,530,398,928
2018-09-22T12:30:00+09:00,J3,779,647,1426
2018-09-22T12:30:00+09:00,J4,538,605,1143
2018-09-22T12:30:00+09:00,J5,459,453,912
2018-09-22T12:45:00+09:00,J1,634,740,1374
2018-09-22T12:45:00+09:00,J2,512,388,900
2018-09-22T12:45:00+09:00,J3,709,670,1379
2018-09-22T12:45:00+09:00,J4,643,643,1286
2018-09-22T12:45:00+09:00,J5,396,403,799
2018-09-22T13:00:00+09:00,J1,631,792,1423
2018-09-22T13:00:00+09:00,J2,471,388,859
2018-09-22T13:00:00+09:00,J3,693,604,1297
2018-09-22T13:00:00+09:00,J4,773,723,1496
2018-09-22T13:00:00+09:00,J5,335,357,692
2018-09-22T13:15:00+09:00,J1,629,766,1395
2018-09-22T13:15:00+09:00,J2,464,429,893
2018-09-22T13:15:00+09:00,J3,633,635,1268
2018-09-22T13:15:00+09:00,J4,870,849,1719
2018-09-22T13:15:00+09:00,J5,472,558,1030
2018-09-22T13:30:00+09:00,J1,729,834,1563
2018-09-22T13:30:00+09:00,J2,493,372,865
2018-09-22T13:30:00+09:00,J3,696,693,1389
2018-09-22T13:30:00+09:00,J4,724,697,1421
2018-09-22T13:30:00+09:00,J5,472,494,966
2018-09-22T13:45:00+09:00,J1,714,873,1587
2018-09-22T13:45:00+09:00,J2,534,420,954
2018-09-22T13:45:00+09:00,J3,708,668,1376
2018-09-22T13:45:00+09:00,J4,624,549,1173
2018-09-22T13:45:00+09:00,J5,449,435,884
2018-09-22T14:00:00+09:00,J1,588,756,1344
2018-09-22T14:00:00+09:00,J2,490,374,864
2018-09-22T14:00:00+09:00,J3,762,666,1428
2018-09-22T14:00:00+09:00,J4,626,670,1296
2018-09-22T14:00:00+09:00,J5,405,388,793
2018-09-22T14:15:00+09:00,J1,693,770,1463
2018-09-22T14:15:00+09:00,J2,494,349,843
2018-09-22T14:15:00+09:00,J3,757,781,1538
2018-09-22T14:15:00+09:00,J4,533,624,1157
2018-09-22T14:15:00+09:00,J5,351,319,670
2018-09-22T14:30:00+09:00,J1,650,731,1381
2018-09-22T14:30:00+09:00,J2,510,424,934
2018-09-22T14:30:00+09:00,J3,803,666,1469
2018-09-22T14:30:00+09:00,J4,578,560,1138
2018-09-22T14:30:00+09:00,J5,301,258,559
2018-09-22T14:45:00+09:00,J1,605,770,1375
2018-09-22T14:45:00+09:00,J2,490,441,931
2018-09-22T14:45:00+09:00,J3,818,782,1600
2018-09-22T14:45:00+09:00,J4,648,641,1289
2018-09-22T14:45:00+09:00,J5,276,285,561
2018-09-22T15:00:00+09:00,J1,692,754,1446
2018-09-22T15:00:00+09:00,J2,551,480,1031
2018-09-22T15:00:00+09:00,J3,845,794,1639
2018-09-22T15:00:00+09:00,J4,510,517,1027
2018-09-22T15:00:00+09:00,J5,366,335,701
2018-09-22T15:15:00+09:00,J1,665,775,1440
2018-09-22T15:15:00+09:00,J2,562,478,1040
2018-09-22T15:15:00+09:00,J3,791,704,1495
2018-09-22T15:15:00+09:00,J4,466,449,915
2018-09-22T15:15:00+09:00,J5,393,432,825
2018-09-22T15:30:00+09:00,J1,695,792,1487
2018-09-22T15:30:00+09:00,J2,552,541,1093
2018-09-22T15:30:00+09:00,J3,804,754,1558
2018-09-22T15:30:00+09:00,J4,457,465,922
2018-09-22T15:30:00+09:00,J5,309,321,630
2018-09-22T15:45:00+09:00,J1,657,834,1491
2018-09-22T15:45:00+09:00,J2,523,530,1053
2018-09-22T15:45:00+09:00,J3,812,773,1585
2018-09-22T15:45:00+09:00,J4,469,502,971
2018-09-22T15:45:00+09:00,J5,323,287,610
2018-09-22T16:00:00+09:00,J1,600,730,1330
2018-09-22T16:00:00+09:00,J2,517,458,975
2018-09-22T16:00:00+09:00,J3,764,733,1497
2018-09-22T16:00:00+09:00,J4,512,438,950
2018-09-22T16:00:00+09:00,J5,375,373,748
2018-09-22T16:15:00+09:00,J1,654,808,1462
2018-09-22T16:15:00+09:00,J2,574,506,1080
2018-09-22T16:15:00+09:00,J3,798,730,1528
2018-09-22T16:15:00+09:00,J4,480,404,884
2018-09-22T16:15:00+09:00,J5,491,428,919
2018-09-22T16:30:00+09:00,J1,670,827,1497
2018-09-22T16:30:00+09:00,J2,613,534,1147
2018-09-22T16:30:00+09:00,J3,816,720,1536
2018-09-22T16:30:00+09:00,J4,528,418,946
2018-09-22T16:30:00+09:00,J5,365,310,675
2018-09-22T16:45:00+09:00,J1,731,843,1574
2018-09-22T16:45:00+09:00,J2,606,503,1109
2018-09-22T16:45:00+09:00,J3,745,706,1451
2018-09-22T16:45:00+09:00,J4,523,455,978
2018-09-22T16:45:00+09:00,J5,373,315,688
2018-09-22T17:00:00+09:00,J1,683,814,1497
2018-09-22T17:00:00+09:00,J2,644,514,1158
2018-09-22T17:00:00+09:00,J3,715,704,1419
2018-09-22T17:00:00+09:00,J4,493,501,994
2018-09-22T17:00:00+09:00,J5,346,304,650
2018-09-22T17:15:00+09:00,J1,769,858,1627
2018-09-22T17:15:00+09:00,J2,654,562,1216
2018-09-22T17:15:00+09:00,J3,720,719,1439
2018-09-22T17:15:00+09:00,J4,603,475,1078
2018-09-22T17:15:00+09:00,J5,404,356,760
2018-09-22T17:30:00+09:00,J1,813,885,1698
2018-09-22T17:30:00+09:00,J2,671,521,1192
2018-09-22T17:30:00+09:00,J3,773,702,1475
2018-09-22T17:30:00+09:00,J4,564,423,987
2018-09-22T17:30:00+09:00,J5,309,323,632
2018-09-22T17:45:00+09:00,J1,732,824,1556
2018-09-22T17:45:00+09:00,J2,600,456,1056
2018-09-22T17:45:00+09:00,J3,758,683,1441
2018-09-22T17:45:00+09:00,J4,484,394,878
2018-09-22T17:45:00+09:00,J5,307,294,601
2018-09-22T18:00:00+09:00,J1,869,932,1801
2018-09-22T18:00:00+09:00,J2,743,630,1373
2018-09-22T18:00:00+09:00,J3,911,879,1790
2018-09-22T18:00:00+09:00,J4,645,576,1221
2018-09-22T18:00:00+09:00,J5,341,377,718
2018-09-22T18:15:00+09:00,J1,859,1073,1932
2018-09-22T18:15:00+09:00,J2,799,670,1469
2018-09-22T18:15:00+09:00,J3,891,966,1857
2018-09-22T18:15:00+09:00,J4,749,612,1361
2018-09-22T18:15:00+09:00,J5,372,440,812
2018-09-22T18:30:00+09:00,J1,853,919,1772
2018-09-22T18:30:00+09:00,J2,720,597,1317
2018-09-22T18:30:00+09:00,J3,787,789,1576
2018-09-22T18:30:00+09:00,J4,666,497,1163
2018-09-22T18:30:00+09:00,J5,314,303,617
2018-09-22T18:45:00+09:00,J1,747,906,1653
2018-09-22T18:45:00+09:00,J2,707,549,1256
2018-09-22T18:45:00+09:00,J3,743,705,1448
2018-09-22T18:45:00+09:00,J4,555,462,1017
2018-09-22T18:45:00+09:00,J5,338,307,645
2018-09-22T19:00:00+09:00,J1,715,848,1563
2018-09-22T19:00:00+09:00,J2,621,476,1097
2018-09-22T19:00:00+09:00,J3,633,608,1241
2018-09-22T19:00:00+09:00,J4,443,372,815
2018-09-22T19:00:00+09:00,J5,299,337,636
2018-09-22T19:15:00+09:00,J1,636,718,1354
2018-09-22T19:15:00+09:00,J2,537,428,965
2018-09-22T19:15:00+09:00,J3,667,648,1315
2018-09-22T19:15:00+09:00,J4,460,338,798
2018-09-22T19:15:00+09:00,J5,302,293,595
2018-09-22T19:30:00+09:00,J1,518,584,1102
2018-09-22T19:30:00+09:00,J2,489,398,887
2018-09-22T19:30:00+09:00,J3,622,697,1319
2018-09-22T19:30:00+09:00,J4,533,468,1001
2018-09-22T19:30:00+09:00,J5,321,355,676
2018-09-22T19:45:00+09:00,J1,518,675,1193
2018-09-22T19:45:00+09:00,J2,401,344,745
2018-09-22T19:45:00+09:00,J3,661,674,1335
2018-09-22T19:45:00+09:00,J4,468,432,900
2018-09-22T19:45:00+09:00,J5,352,334,686
2018-09-22T20:00:00+09:00,J1,471,576,1047
2018-09-22T20:00:00+09:00,J2,390,266,656
2018-09-22T20:00:00+09:00,J3,705,645,1350
2018-09-22T20:00:00+09:00,J4,442,450,892
2018-09-22T20:00:00+09:00,J5,320,303,623
2018-09-22T20:15:00+09:00,J1,555,797,1352
2018-09-22T20:15:00+09:00,J2,380,428,808
2018-09-22T20:15:00+09:00,J3,684,720,1404
2018-09-22T20:15:00+09:00,J4,419,424,843
2018-09-22T20:15:00+09:00,J5,281,283,564
2018-09-22T20:30:00+09:00,J1,522,742,1264
2018-09-22T20:30:00+09:00,J2,418,415,833
2018-09-22T20:30:00+09:00,J3,674,693,1367
2018-09-22T20:30:00+09:00,J4,399,427,826
2018-09-22T20:30:00+09:00,J5,267,257,524
2018-09-22T20:45:00+09:00,J1,610,697,1307
2018-09-22T20:45:00+09:00,J2,408,362,770
2018-09-22T20:45:00+09:00,J3,660,656,1316
2018-09-22T20:45:00+09:00,J4,467,417,884
2018-09-22T20:45:00+09:00,J5,300,298,598
2018-09-22T21:00:00+09:00,J1,532,637,1169
2018-09-22T21:00:00+09:00,J2,385,326,711
2018-09-22T21:00:00+09:00,J3,659,564,1223
2018-09-22T21:00:00+09:00,J4,480,425,905
2018-09-22T21:00:00+09:00,J5,354,323,677
2018-09-22T21:15:00+09:00,J1,533,618,1151
2018-09-22T21:15:00+09:00,J2,378,309,687
2018-09-22T21:15:00+09:00,J3,586,505,1091
2018-09-22T21:15:00+09:00,J4,463,403,866
2018-09-22T21:15:00+09:00,J5,425,372,797
2018-09-22T21:30:00+09:00,J1,419,477,896
2018-09-22T21:30:00+09:00,J2,315,321,636
2018-09-22T21:30:00+09:00,J3,567,446,1013
2018-09-22T21:30:00+09:00,J4,510,465,975
2018-09-22T21:30:00+09:00,J5,429,372,801
2018-09-22T21:45:00+09:00,J1,390,472,862
2018-09-22T21:45:00+09:00,J2,292,360,652
2018-09-22T21:45:00+09:00,J3,578,426,1004
2018-09-22T21:45:00+09:00,J4,390,348,738
2018-09-22T21:45:00+09:00,J5,418,369,787
2018-09-22T22:00:00+09:00,J1,357,446,803
2018-09-22T22:00:00+09:00,J2,274,359,633
2018-09-22T22:00:00+09:00,J3,620,474,1094
2018-09-22T22:00:00+09:00,J4,684,656,1340
2018-09-22T22:00:00+09:00,J5,489,438,927
2018-09-22T22:15:00+09:00,J1,344,428,772
2018-09-22T22:15:00+09:00,J2,214,347,561
2018-09-22T22:15:00+09:00,J3,630,472,1102
2018-09-22T22:15:00+09:00,J4,713,674,1387
2018-09-22T22:15:00+09:00,J5,484,471,955
2018-09-22T22:30:00+09:00,J1,370,446,816
2018-09-22T22:30:00+09:00,J2,231,325,556
2018-09-22T22:30:00+09:00,J3,537,454,991
2018-09-22T22:30:00+09:00,J4,540,527,1067
2018-09-22T22:30:00+09:00,J5,297,319,616
2018-09-22T22:45:00+09:00,J1,372,429,801
2018-09-22T22:45:00+09:00,J2,243,311,554
2018-09-22T22:45:00+09:00,J3,511,482,993
2018-09-22T22:45:00+09:00,J4,430,455,885
2018-09-22T22:45:00+09:00,J5,177,200,377
2018-09-22T23:00:00+09:00,J1,480,573,1053
2018-09-22T23:00:00+09:00,J2,277,358,635
2018-09-22T23:00:00+09:00,J3,533,394,927
2018-09-22T23:00:00+09:00,J4,302,325,627
2018-09-22T23:00:00+09:00,J5,161,173,334
2018-09-22T23:15:00+09:00,J1,398,498,896
2018-09-22T23:15:00+09:00,J2,268,374,642
2018-09-22T23:15:00+09:00,J3,546,490,1036
2018-09-22T23:15:00+09:00,J4,288,316,604
2018-09-22T23:15:00+09:00,J5,150,196,346
2018-09-22T23:30:00+09:00,J1,416,534,950
2018-09-22T23:30:00+09:00,J2,284,294,578
2018-09-22T23:30:00+09:00,J3,461,479,940
2018-09-22T23:30:00+09:00,J4,332,345,677
2018-09-22T23:30:00+09:00,J5,151,158,309
2018-09-22T23:45:00+09:00,J1,400,486,886
2018-09-22T23:45:00+09:00,J2,240,266,506
2018-09-22T23:45:00+09:00,J3,408,392,800
2018-09-22T23:45:00+09:00,J4,245,272,517
2018-09-22T23:45:00+09:00,J5,144,108,252
2018-09-23T00:00:00+09:00,J1,304,298,602
2018-09-23T00:00:00+09:00,J2,243,242,485
2018-09-23T00:00:00+09:00,J3,311,276,587
2018-09-23T00:00:00+09:00,J4,400,408,808
2018-09-23T00:00:00+09:00,J5,165,146,311
2018-09-23T00:15:00+09:00,J1,243,163,406
2018-09-23T00:15:00+09:00,J2,289,282,571
2018-09-23T00:15:00+09:00,J3,330,293,623
2018-09-23T00:15:00+09:00,J4,417,432,849
2018-09-23T00:15:00+09:00,J5,155,158,313
2018-09-23T00:30:00+09:00,J1,185,191,376
2018-09-23T00:30:00+09:00,J2,323,294,617
2018-09-23T00:30:00+09:00,J3,273,296,569
2018-09-23T00:30:00+09:00,J4,360,364,724
2018-09-23T00:30:00+09:00,J5,290,298,588
2018-09-23T00:45:00+09:00,J1,161,190,351
2018-09-23T00:45:00+09:00,J2,305,344,649
2018-09-23T00:45:00+09:00,J3,313,296,609
2018-09-23T00:45:00+09:00,J4,354,361,715
2018-09-23T00:45:00+09:00,J5,331,383,714
2018-09-23T05:45:00+09:00,J1,387,399,786
2018-09-23T05:45:00+09:00,J2,434,382,816
2018-09-23T05:45:00+09:00,J3,501,442,943
2018-09-23T05:45:00+09:00,J4,472,482,954
2018-09-23T05:45:00+09:00,J5,200,221,421
2018-09-23T06:00:00+09:00,J1,307,341,648
2018-09-23T06:00:00+09:00,J2,361,384,745
2018-09-23T06:00:00+09:00,J3,343,283,626
2018-09-23T06:00:00+09:00,J4,570,630,1200
2018-09-23T06:00:00+09:00,J5,152,192,344
2018-09-23T06:15:00+09:00,J1,261,241,502
2018-09-23T06:15:00+09:00,J2,421,486,907
2018-09-23T06:15:00+09:00,J3,274,236,510
2018-09-23T06:15:00+09:00,J4,725,770,1495
2018-09-23T06:15:00+09:00,J5,164,137,301
2018-09-23T06:30:00+09:00,J1,362,366,728
2018-09-23T06:30:00+09:00,J2,276,316,592
2018-09-23T06:30:00+09:00,J3,301,208,509
2018-09-23T06:30:00+09:00,J4,682,658,1340
2018-09-23T06:30:00+09:00,J5,188,179,367
2018-09-23T06:45:00+09:00,J1,380,378,758
2018-09-23T06:45:00+09:00,J2,329,353,682
2018-09-23T06:45:00+09:00,J3,335,290,625
2018-09-23T06:45:00+09:00,J4,558,607,1165
2018-09-23T06:45:00+09:00,J5,251,287,538
2018-09-23T07:00:00+09:00,J1,373,368,741
2018-09-23T07:00:00+09:00,J2,373,372,745
2018-09-23T07:00:00+09:00,J3,379,379,758
2018-09-23T07:00:00+09:00,J4,710,700,1410
2018-09-23T07:00:00+09:00,J5,226,251,477
2018-09-23T07:15:00+09:00,J1,390,404,794
2018-09-23T07:15:00+09:00,J2,287,265,552
2018-09-23T07:15:00+09:00,J3,419,372,791
2018-09-23T07:15:00+09:00,J4,565,621,1186
2018-09-23T07:15:00+09:00,J5,234,191,425
2018-09-23T07:30:00+09:00,J1,372,326,698
2018-09-23T07:30:00+09:00,J2,307,321,628
2018-09-23T07:30:00+09:00,J3,418,392,810
2018-09-23T07:30:00+09:00,J4,556,625,1181
2018-09-23T07:30:00+09:00,J5,227,213,440
2018-09-23T07:45:00+09:00,J1,361,373,734
2018-09-23T07:45:00+09:00,J2,232,233,465
2018-09-23T07:45:00+09:00,J3,318,285,603
2018-09-23T07:45:00+09:00,J4,469,442,911
2018-09-23T07:45:00+09:00,J5,225,215,440
2018-09-23T08:00:00+09:00,J1,590,544,1134
2018-09-23T08:00:00+09:00,J2,351,315,666
2018-09-23T08:00:00+09:00,J3,549,453,1002
2018-09-23T08:00:00+09:00,J4,468,472,940
2018-09-23T08:00:00+09:00,J5,187,203,390
2018-09-23T08:15:00+09:00,J1,621,543,1164
2018-09-23T08:15:00+09:00,J2,390,320,710
2018-09-23T08:15:00+09:00,J3,645,554,1199
2018-09-23T08:15:00+09:00,J4,407,462,869
2018-09-23T08:15:00+09:00,J5,224,188,412
2018-09-23T08:30:00+09:00,J1,623,567,1190
2018-09-23T08:30:00+09:00,J2,428,331,759
2018-09-23T08:30:00+09:00,J3,641,565,1206
2018-09-23T08:30:00+09:00,J4,491,522,1013
2018-09-23T08:30:00+09:00,J5,270,197,467
2018-09-23T08:45:00+09:00,J1,547,601,1148
2018-09-23T08:45:00+09:00,J2,379,275,654
2018-09-23T08:45:00+09:00,J3,645,462,1107
2018-09-23T08:45:00+09:00,J4,471,523,994
2018-09-23T08:45:00+09:00,J5,212,153,365
2018-09-23T09:00:00+09:00,J1,512,500,1012
2018-09-23T09:00:00+09:00,J2,415,324,739
2018-09-23T09:00:00+09:00,J3,690,525,1215
2018-09-23T09:00:00+09:00,J4,584,653,1237
2018-09-23T09:00:00+09:00,J5,185,206,391
2018-09-23T09:15:00+09:00,J1,558,543,1101
2018-09-23T09:15:00+09:00,J2,412,293,705
2018-09-23T09:15:00+09:00,J3,709,625,1334
2018-09-23T09:15:00+09:00,J4,487,576,1063
2018-09-23T09:15:00+09:00,J5,153,214,367
2018-09-23T09:30:00+09:00,J1,556,567,1123
2018-09-23T09:30:00+09:00,J2,509,337,846
2018-09-23T09:30:00+09:00,J3,773,688,1461
2018-09-23T09:30:00+09:00,J4,571,612,1183
2018-09-23T09:30:00+09:00,J5,210,233,443
2018-09-23T09:45:00+09:00,J1,645,513,1158
2018-09-23T09:45:00+09:00,J2,626,353,979
2018-09-23T09:45:00+09:00,J3,749,664,1413
2018-09-23T09:45:00+09:00,J4,494,535,1029
2018-09-23T09:45:00+09:00,J5,229,243,472
2018-09-23T10:00:00+09:00,J1,599,571,1170
2018-09-23T10:00:00+09:00,J2,560,333,893
2018-09-23T10:00:00+09:00,J3,732,561,1293
2018-09-23T10:00:00+09:00,J4,457,477,934
2018-09-23T10:00:00+09:00,J5,193,177,370
2018-09-23T10:15:00+09:00,J1,602,493,1095
2018-09-23T10:15:00+09:00,J2,568,315,883
2018-09-23T10:15:00+09:00,J3,644,522,1166
2018-09-23T10:15:00+09:00,J4,446,444,890
2018-09-23T10:15:00+09:00,J5,190,231,421
2018-09-23T10:30:00+09:00,J1,613,581,1194
2018-09-23T10:30:00+09:00,J2,587,390,977
2018-09-23T10:30:00+09:00,J3,609,530,1139
2018-09-23T10:30:00+09:00,J4,397,448,845
2018-09-23T10:30:00+09:00,J5,207,271,478
2018-09-23T10:45:00+09:00,J1,584,604,1188
2018-09-23T10:45:00+09:00,J2,610,453,1063
2018-09-23T10:45:00+09:00,J3,538,555,1093
2018-09-23T10:45:00+09:00,J4,415,438,853
2018-09-23T10:45:00+09:00,J5,197,276,473
2018-09-23T11:00:00+09:00,J1,706,696,1402
2018-09-23T11:00:00+09:00,J2,591,464,1055
2018-09-23T11:00:00+09:00,J3,576,515,1091
2018-09-23T11:00:00+09:00,J4,363,380,743
2018-09-23T11:00:00+09:00,J5,235,258,493
2018-09-23T11:15:00+09:00,J1,674,696,1370
2018-09-23T11:15:00+09:00,J2,636,465,1101
2018-09-23T11:15:00+09:00,J3,578,494,1072
2018-09-23T11:15:00+09:00,J4,410,357,767
2018-09-23T11:15:00+09:00,J5,196,261,457
2018-09-23T11:30:00+09:00,J1,800,690,1490
2018-09-23T11:30:00+09:00,J2,548,442,990
2018-09-23T11:30:00+09:00,J3,529,508,1037
2018-09-23T11:30:00+09:00,J4,463,412,875
2018-09-23T11:30:00+09:00,J5,214,267,481
2018-09-23T11:45:00+09:00,J1,673,723,1396
2018-09-23T11:45:00+09:00,J2,476,475,951
2018-09-23T11:45:00+09:00,J3,495,500,995
2018-09-23T11:45:00+09:00,J4,451,391,842
2018-09-23T11:45:00+09:00,J5,232,251,483
2018-09-23T12:00:00+09:00,J1,736,738,1474
2018-09-23T12:00:00+09:00,J2,604,441,1045
2018-09-23T12:00:00+09:00,J3,418,492,910
2018-09-23T12:00:00+09:00,J4,401,420,821
2018-09-23T12:00:00+09:00,J5,211,280,491
2018-09-23T12:15:00+09:00,J1,730,795,1525
2018-09-23T12:15:00+09:00,J2,563,574,1137
2018-09-23T12:15:00+09:00,J3,499,528,1027
2018-09-23T12:15:00+09:00,J4,514,378,892
2018-09-23T12:15:00+09:00,J5,276,265,541
2018-09-23T12:30:00+09:00,J1,735,780,1515
2018-09-23T12:30:00+09:00,J2,613,550,1163
2018-09-23T12:30:00+09:00,J3,554,538,1092
2018-09-23T12:30:00+09:00,J4,511,419,930
2018-09-23T12:30:00+09:00,J5,256,304,560
2018-09-23T12:45:00+09:00,J1,669,830,1499
2018-09-23T12:45:00+09:00,J2,612,574,1186
2018-09-23T12:45:00+09:00,J3,438,572,1010
2018-09-23T12:45:00+09:00,J4,450,401,851
2018-09-23T12:45:00+09:00,J5,238,261,499
2018-09-23T13:00:00+09:00,J1,713,750,1463
2018-09-23T13:00:00+09:00,J2,494,498,992
2018-09-23T13:00:00+09:00,J3,453,532,985
2018-09-23T13:00:00+09:00,J4,549,442,991
2018-09-23T13:00:00+09:00,J5,280,269,549
2018-09-23T13:15:00+09:00,J1,741,813,1554
2018-09-23T13:15:00+09:00,J2,575,581,1156
2018-09-23T13:15:00+09:00,J3,458,571,1029
2018-09-23T13:15:00+09:00,J4,526,473,999
2018-09-23T13:15:00+09:00,J5,239,249,488
2018-09-23T13:30:00+09:00,J1,679,808,1487
2018-09-23T13:30:00+09:00,J2,555,529,1084
2018-09-23T13:30:00+09:00,J3,470,525,995
2018-09-23T13:30:00+09:00,J4,638,504,1142
2018-09-23T13:30:00+09:00,J5,233,257,490
2018-09-23T13:45:00+09:00,J1,679,793,1472
2018-09-23T13:45:00+09:00,J2,595,567,1162
2018-09-23T13:45:00+09:00,J3,434,558,992
2018-09-23T13:45:00+09:00,J4,764,693,1457
2018-09-23T13:45:00+09:00,J5,252,263,515
2018-09-23T14:00:00+09:00,J1,681,742,1423
2018-09-23T14:00:00+09:00,J2,491,545,1036
2018-09-23T14:00:00+09:00,J3,460,557,1017
2018-09-23T14:00:00+09:00,J4,667,534,1201
2018-09-23T14:00:00+09:00,J5,210,253,463
2018-09-23T14:15:00+09:00,J1,619,781,1400
2018-09-23T14:15:00+09:00,J2,533,547,1080
2018-09-23T14:15:00+09:00,J3,471,596,1067
2018-09-23T14:15:00+09:00,J4,674,551,1225
2018-09-23T14:15:00+09:00,J5,240,226,466
2018-09-23T14:30:00+09:00,J1,717,894,1611
2018-09-23T14:30:00+09:00,J2,531,649,1180
2018-09-23T14:30:00+09:00,J3,491,622,1113
2018-09-23T14:30:00+09:00,J4,669,507,1176
2018-09-23T14:30:00+09:00,J5,267,256,523
2018-09-23T14:45:00+09:00,J1,646,765,1411
2018-09-23T14:45:00+09:00,J2,562,546,1108
2018-09-23T14:45:00+09:00,J3,505,564,1069
2018-09-23T14:45:00+09:00,J4,591,473,1064
2018-09-23T14:45:00+09:00,J5,239,332,571
2018-09-23T15:00:00+09:00,J1,662,789,1451
2018-09-23T15:00:00+09:00,J2,574,511,1085
2018-09-23T15:00:00+09:00,J3,519,580,1099
2018-09-23T15:00:00+09:00,J4,564,476,1040
2018-09-23T15:00:00+09:00,J5,269,263,532
2018-09-23T15:15:00+09:00,J1,766,881,1647
2018-09-23T15:15:00+09:00,J2,559,574,1133
2018-09-23T15:15:00+09:00,J3,470,647,1117
2018-09-23T15:15:00+09:00,J4,641,516,1157
2018-09-23T15:15:00+09:00,J5,205,269,474
2018-09-23T15:30:00+09:00,J1,736,889,1625
2018-09-23T15:30:00+09:00,J2,622,558,1180
2018-09-23T15:30:00+09:00,J3,543,543,1086
2018-09-23T15:30:00+09:00,J4,735,679,1414
2018-09-23T15:30:00+09:00,J5,218,279,497
2018-09-23T15:45:00+09:00,J1,754,785,1539
2018-09-23T15:45:00+09:00,J2,558,542,1100
2018-09-23T15:45:00+09:00,J3,599,555,1154
2018-09-23T15:45:00+09:00,J4,623,584,1207
2018-09-23T15:45:00+09:00,J5,203,278,481
2018-09-23T16:00:00+09:00,J1,760,910,1670
2018-09-23T16:00:00+09:00,J2,564,518,1082
2018-09-23T16:00:00+09:00,J3,567,534,1101
2018-09-23T16:00:00+09:00,J4,686,546,1232
2018-09-23T16:00:00+09:00,J5,230,233,463
2018-09-23T16:15:00+09:00,J1,716,857,1573
2018-09-23T16:15:00+09:00,J2,542,502,1044
2018-09-23T16:15:00+09:00,J3,661,591,1252
2018-09-23T16:15:00+09:00,J4,679,551,1230
2018-09-23T16:15:00+09:00,J5,226,275,501
2018-09-23T16:30:00+09:00,J1,713,838,1551
2018-09-23T16:30:00+09:00,J2,540,549,1089
2018-09-23T16:30:00+09:00,J3,579,543,1122
2018-09-23T16:30:00+09:00,J4,676,519,1195
2018-09-23T16:30:00+09:00,J5,216,252,468
2018-09-23T16:45:00+09:00,J1,736,872,1608
2018-09-23T16:45:00+09:00,J2,567,448,1015
2018-09-23T16:45:00+09:00,J3,557,545,1102
2018-09-23T16:45:00+09:00,J4,573,530,1103
2018-09-23T16:45:00+09:00,J5,204,251,455
2018-09-23T17:00:00+09:00,J1,738,876,1614
2018-09-23T17:00:00+09:00,J2,604,523,1127
2018-09-23T17:00:00+09:00,J3,515,524,1039
2018-09-23T17:00:00+09:00,J4,641,582,1223
2018-09-23T17:00:00+09:00,J5,193,218,411
2018-09-23T17:15:00+09:00,J1,808,899,1707
2018-09-23T17:15:00+09:00,J2,546,544,1090
2018-09-23T17:15:00+09:00,J3,519,607,1126
2018-09-23T17:15:00+09:00,J4,674,537,1211
2018-09-23T17:15:00+09:00,J5,260,239,499
2018-09-23T17:30:00+09:00,J1,781,810,1591
2018-09-23T17:30:00+09:00,J2,601,492,1093
2018-09-23T17:30:00+09:00,J3,602,541,1143
2018-09-23T17:30:00+09:00,J4,674,532,1206
2018-09-23T17:30:00+09:00,J5,234,222,456
2018-09-23T17:45:00+09:00,J1,739,850,1589
2018-09-23T17:45:00+09:00,J2,524,491,1015
2018-09-23T17:45:00+09:00,J3,564,483,1047
2018-09-23T17:45:00+09:00,J4,566,501,1067
2018-09-23T17:45:00+09:00,J5,196,231,427
2018-09-23T18:00:00+09:00,J1,685,793,1478
2018-09-23T18:00:00+09:00,J2,543,500,1043
2018-09-23T18:00:00+09:00,J3,664,519,1183
2018-09-23T18:00:00+09:00,J4,585,515,1100
2018-09-23T18:00:00+09:00,J5,211,214,425
2018-09-23T18:15:00+09:00,J1,698,774,1472
2018-09-23T18:15:00+09:00,J2,578,446,1024
2018-09-23T18:15:00+09:00,J3,643,532,1175
2018-09-23T18:15:00+09:00,J4,531,467,998
2018-09-23T18:15:00+09:00,J5,230,239,469
2018-09-23T18:30:00+09:00,J1,714,768,1482
2018-09-23T18:30:00+09:00,J2,613,522,1135
2018-09-23T18:30:00+09:00,J3,632,476,1108
2018-09-23T18:30:00+09:00,J4,608,388,996
2018-09-23T18:30:00+09:00,J5,222,195,417
2018-09-23T18:45:00+09:00,J1,631,707,1338
2018-09-23T18:45:00+09:00,J2,519,426,945
2018-09-23T18:45:00+09:00,J3,573,458,1031
2018-09-23T18:45:00+09:00,J4,446,389,835
2018-09-23T18:45:00+09:00,J5,194,203,397
2018-09-23T19:00:00+09:00,J1,644,687,1331
2018-09-23T19:00:00+09:00,J2,535,395,930
2018-09-23T19:00:00+09:00,J3,564,455,1019
2018-09-23T19:00:00+09:00,J4,412,387,799
2018-09-23T19:00:00+09:00,J5,212,213,425
2018-09-23T19:15:00+09:00,J1,585,643,1228
2018-09-23T19:15:00+09:00,J2,447,339,786
2018-09-23T19:15:00+09:00,J3,538,425,963
2018-09-23T19:15:00+09:00,J4,481,418,899
2018-09-23T19:15:00+09:00,J5,207,265,472
2018-09-23T19:30:00+09:00,J1,555,565,1120
2018-09-23T19:30:00+09:00,J2,420,328,748
2018-09-23T19:30:00+09:00,J3,599,468,1067
2018-09-23T19:30:00+09:00,J4,482,439,921
2018-09-23T19:30:00+09:00,J5,223,235,458
2018-09-23T19:45:00+09:00,J1,527,607,1134
2018-09-23T19:45:00+09:00,J2,345,290,635
2018-09-23T19:45:00+09:00,J3,550,468,1018
2018-09-23T19:45:00+09:00,J4,409,505,914
2018-09-23T19:45:00+09:00,J5,230,241,471
2018-09-23T20:00:00+09:00,J1,584,662,1246
2018-09-23T20:00:00+09:00,J2,373,328,701
2018-09-23T20:00:00+09:00,J3,564,484,1048
2018-09-23T20:00:00+09:00,J4,545,538,1083
2018-09-23T20:00:00+09:00,J5,220,236,456
2018-09-23T20:15:00+09:00,J1,566,619,1185
2018-09-23T20:15:00+09:00,J2,403,328,731
2018-09-23T20:15:00+09:00,J3,601,466,1067
2018-09-23T20:15:00+09:00,J4,529,503,1032
2018-09-23T20:15:00+09:00,J5,248,270,518
2018-09-23T20:30:00+09:00,J1,500,571,1071
2018-09-23T20:30:00+09:00,J2,322,307,629
2018-09-23T20:30:00+09:00,J3,578,498,1076
2018-09-23T20:30:00+09:00,J4,641,613,1254
2018-09-23T20:30:00+09:00,J5,247,276,523
2018-09-23T20:45:00+09:00,J1,469,544,1013
2018-09-23T20:45:00+09:00,J2,300,254,554
2018-09-23T20:45:00+09:00,J3,571,477,1048
2018-09-23T20:45:00+09:00,J4,555,528,1083
2018-09-23T20:45:00+09:00,J5,207,203,410
2018-09-23T21:00:00+09:00,J1,458,494,952
2018-09-23T21:00:00+09:00,J2,316,314,630
2018-09-23T21:00:00+09:00,J3,559,445,1004
2018-09-23T21:00:00+09:00,J4,611,595,1206
2018-09-23T21:00:00+09:00,J5,235,214,449
2018-09-23T21:15:00+09:00,J1,431,513,944
2018-09-23T21:15:00+09:00,J2,290,304,594
2018-09-23T21:15:00+09:00,J3,517,418,935
2018-09-23T21:15:00+09:00,J4,640,619,1259
2018-09-23T21:15:00+09:00,J5,260,254,514
2018-09-23T21:30:00+09:00,J1,389,449,838
2018-09-23T21:30:00+09:00,J2,292,287,579
2018-09-23T21:30:00+09:00,J3,595,439,1034
2018-09-23T21:30:00+09:00,J4,643,619,1262
2018-09-23T21:30:00+09:00,J5,297,347,644
2018-09-23T21:45:00+09:00,J1,465,482,947
2018-09-23T21:45:00+09:00,J2,230,259,489
2018-09-23T21:45:00+09:00,J3,566,435,1001
2018-09-23T21:45:00+09:00,J4,669,689,1358
2018-09-23T21:45:00+09:00,J5,333,317,650
2018-09-23T22:00:00+09:00,J1,490,491,981
2018-09-23T22:00:00+09:00,J2,281,298,579
2018-09-23T22:00:00+09:00,J3,525,368,893
2018-09-23T22:00:00+09:00,J4,640,657,1297
2018-09-23T22:00:00+09:00,J5,395,361,756
2018-09-23T22:15:00+09:00,J1,390,421,811
2018-09-23T22:15:00+09:00,J2,283,271,554
2018-09-23T22:15:00+09:00,J3,458,416,874
2018-09-23T22:15:00+09:00,J4,713,801,1514
2018-09-23T22:15:00+09:00,J5,427,404,831
2018-09-23T22:30:00+09:00,J1,402,418,820
2018-09-23T22:30:00+09:00,J2,256,298,554
2018-09-23T22:30:00+09:00,J3,504,412,916
2018-09-23T22:30:00+09:00,J4,708,715,1423
2018-09-23T22:30:00+09:00,J5,278,251,529
2018-09-23T22:45:00+09:00,J1,396,433,829
2018-09-23T22:45:00+09:00,J2,362,430,792
2018-09-23T22:45:00+09:00,J3,509,412,921
2018-09-23T22:45:00+09:00,J4,806,831,1637
2018-09-23T22:45:00+09:00,J5,175,168,343
2018-09-23T23:00:00+09:00,J1,384,396,780
2018-09-23T23:00:00+09:00,J2,265,295,560
2018-09-23T23:00:00+09:00,J3,579,430,1009
2018-09-23T23:00:00+09:00,J4,712,744,1456
2018-09-23T23:00:00+09:00,J5,136,133,269
2018-09-23T23:15:00+09:00,J1,374,433,807
2018-09-23T23:15:00+09:00,J2,372,387,759
2018-09-23T23:15:00+09:00,J3,451,419,870
2018-09-23T23:15:00+09:00,J4,751,726,1477
2018-09-23T23:15:00+09:00,J5,168,182,350
2018-09-23T23:30:00+09:00,J1,442,478,920
2018-09-23T23:30:00+09:00,J2,329,404,733
2018-09-23T23:30:00+09:00,J3,410,379,789
2018-09-23T23:30:00+09:00,J4,623,618,1241
2018-09-23T23:30:00+09:00,J5,167,190,357
2018-09-23T23:45:00+09:00,J1,360,331,691
2018-09-23T23:45:00+09:00,J2,287,300,587
2018-09-23T23:45:00+09:00,J3,470,320,790
2018-09-23T23:45:00+09:00,J4,456,497,953
2018-09-23T23:45:00+09:00,J5,146,170,316
2018-09-24T00:00:00+09:00,J1,317,358,675
2018-09-24T00:00:00+09:00,J2,272,260,532
2018-09-24T00:00:00+09:00,J3,428,328,756
2018-09-24T00:00:00+09:00,J4,365,323,688
2018-09-24T00:00:00+09:00,J5,134,162,296
2018-09-24T00:15:00+09:00,J1,211,171,382
2018-09-24T00:15:00+09:00,J2,337,308,645
2018-09-24T00:15:00+09:00,J3,455,465,920
2018-09-24T00:15:00+09:00,J4,433,368,801
2018-09-24T00:15:00+09:00,J5,240,277,517
2018-09-24T00:30:00+09:00,J1,268,187,455
2018-09-24T00:30:00+09:00,J2,406,399,805
2018-09-24T00:30:00+09:00,J3,539,499,1038
2018-09-24T00:30:00+09:00,J4,524,534,1058
2018-09-24T00:30:00+09:00,J5,239,285,524
2018-09-24T00:45:00+09:00,J1,247,222,469
2018-09-24T00:45:00+09:00,J2,383,332,715
2018-09-24T00:45:00+09:00,J3,545,492,1037
2018-09-24T00:45:00+09:00,J4,443,441,884
2018-09-24T00:45:00+09:00,J5,203,228,431
2018-09-24T05:45:00+09:00,J1,241,198,439
2018-09-24T05:45:00+09:00,J2,336,240,576
2018-09-24T05:45:00+09:00,J3,473,481,954
2018-09-24T05:45:00+09:00,J4,682,822,1504
2018-09-24T05:45:00+09:00,J5,226,218,444
2018-09-24T06:00:00+09:00,J1,231,197,428
2018-09-24T06:00:00+09:00,J2,377,269,646
2018-09-24T06:00:00+09:00,J3,464,459,923
2018-09-24T06:00:00+09:00,J4,745,796,1541
2018-09-24T06:00:00+09:00,J5,218,178,396
2018-09-24T06:15:00+09:00,J1,305,303,608
2018-09-24T06:15:00+09:00,J2,454,382,836
2018-09-24T06:15:00+09:00,J3,464,436,900
2018-09-24T06:15:00+09:00,J4,621,620,1241
2018-09-24T06:15:00+09:00,J5,202,203,405
2018-09-24T06:30:00+09:00,J1,371,315,686
2018-09-24T06:30:00+09:00,J2,372,334,706
2018-09-24T06:30:00+09:00,J3,496,487,983
2018-09-24T06:30:00+09:00,J4,485,426,911
2018-09-24T06:30:00+09:00,J5,229,297,526
2018-09-24T06:45:00+09:00,J1,344,320,664
2018-09-24T06:45:00+09:00,J2,329,331,660
2018-09-24T06:45:00+09:00,J3,492,443,935
2018-09-24T06:45:00+09:00,J4,487,543,1030
2018-09-24T06:45:00+09:00,J5,258,279,537
2018-09-24T07:00:00+09:00,J1,304,354,658
2018-09-24T07:00:00+09:00,J2,389,368,757
2018-09-24T07:00:00+09:00,J3,498,462,960
2018-09-24T07:00:00+09:00,J4,588,630,1218
2018-09-24T07:00:00+09:00,J5,305,336,641
2018-09-24T07:15:00+09:00,J1,319,302,621
2018-09-24T07:15:00+09:00,J2,382,336,718
2018-09-24T07:15:00+09:00,J3,485,492,977
2018-09-24T07:15:00+09:00,J4,552,573,1125
2018-09-24T07:15:00+09:00,J5,320,351,671
2018-09-24T07:30:00+09:00,J1,411,419,830
2018-09-24T07:30:00+09:00,J2,284,313,597
2018-09-24T07:30:00+09:00,J3,397,385,782
2018-09-24T07:30:00+09:00,J4,464,473,937
2018-09-24T07:30:00+09:00,J5,284,318,602
2018-09-24T07:45:00+09:00,J1,351,363,714
2018-09-24T07:45:00+09:00,J2,260,275,535
2018-09-24T07:45:00+09:00,J3,411,411,822
2018-09-24T07:45:00+09:00,J4,568,544,1112
2018-09-24T07:45:00+09:00,J5,303,391,694
2018-09-24T08:00:00+09:00,J1,514,451,965
2018-09-24T08:00:00+09:00,J2,403,350,753
2018-09-24T08:00:00+09:00,J3,368,430,798
2018-09-24T08:00:00+09:00,J4,587,620,1207
2018-09-24T08:00:00+09:00,J5,271,256,527
2018-09-24T08:15:00+09:00,J1,585,506,1091
2018-09-24T08:15:00+09:00,J2,434,315,749
2018-09-24T08:15:00+09:00,J3,437,434,871
2018-09-24T08:15:00+09:00,J4,595,624,1219
2018-09-24T08:15:00+09:00,J5,250,198,448
2018-09-24T08:30:00+09:00,J1,581,506,1087
2018-09-24T08:30:00+09:00,J2,394,279,673
2018-09-24T08:30:00+09:00,J3,441,459,900
2018-09-24T08:30:00+09:00,J4,510,621,1131
2018-09-24T08:30:00+09:00,J5,255,177,432
2018-09-24T08:45:00+09:00,J1,532,525,1057
2018-09-24T08:45:00+09:00,J2,353,300,653
2018-09-24T08:45:00+09:00,J3,429,414,843
2018-09-24T08:45:00+09:00,J4,604,615,1219
2018-09-24T08:45:00+09:00,J5,216,143,359
2018-09-24T09:00:00+09:00,J1,469,404,873
2018-09-24T09:00:00+09:00,J2,345,311,656
2018-09-24T09:00:00+09:00,J3,557,483,1040
2018-09-24T09:00:00+09:00,J4,476,595,1071
2018-09-24T09:00:00+09:00,J5,198,162,360
2018-09-24T09:15:00+09:00,J1,587,484,1071
2018-09-24T09:15:00+09:00,J2,436,282,718
2018-09-24T09:15:00+09:00,J3,640,527,1167
2018-09-24T09:15:00+09:00,J4,404,494,898
2018-09-24T09:15:00+09:00,J5,168,190,358
2018-09-24T09:30:00+09:00,J1,488,431,919
2018-09-24T09:30:00+09:00,J2,409,302,711
2018-09-24T09:30:00+09:00,J3,738,632,1370
2018-09-24T09:30:00+09:00,J4,648,656,1304
2018-09-24T09:30:00+09:00,J5,159,181,340
2018-09-24T09:45:00+09:00,J1,558,479,1037
2018-09-24T09:45:00+09:00,J2,468,293,761
2018-09-24T09:45:00+09:00,J3,728,688,1416
2018-09-24T09:45:00+09:00,J4,410,437,847
2018-09-24T09:45:00+09:00,J5,172,194,366
2018-09-24T10:00:00+09:00,J1,400,455,855
2018-09-24T10:00:00+09:00,J2,392,277,669
2018-09-24T10:00:00+09:00,J3,756,703,1459
2018-09-24T10:00:00+09:00,J4,288,347,635
2018-09-24T10:00:00+09:00,J5,183,173,356
2018-09-24T10:15:00+09:00,J1,473,383,856
2018-09-24T10:15:00+09:00,J2,402,267,669
2018-09-24T10:15:00+09:00,J3,765,728,1493
2018-09-24T10:15:00+09:00,J4,317,366,683
2018-09-24T10:15:00+09:00,J5,201,127,328
2018-09-24T10:30:00+09:00,J1,478,443,921
2018-09-24T10:30:00+09:00,J2,554,407,961
2018-09-24T10:30:00+09:00,J3,645,585,1230
2018-09-24T10:30:00+09:00,J4,390,482,872
2018-09-24T10:30:00+09:00,J5,201,182,383
2018-09-24T10:45:00+09:00,J1,474,460,934
2018-09-24T10:45:00+09:00,J2,527,395,922
2018-09-24T10:45:00+09:00,J3,643,631,1274
2018-09-24T10:45:00+09:00,J4,446,423,869
2018-09-24T10:45:00+09:00,J5,218,172,390
2018-09-24T11:00:00+09:00,J1,596,626,1222
2018-09-24T11:00:00+09:00,J2,565,358,923
2018-09-24T11:00:00+09:00,J3,612,660,1272
2018-09-24T11:00:00+09:00,J4,375,401,776
2018-09-24T11:00:00+09:00,J5,223,183,406
2018-09-24T11:15:00+09:00,J1,668,650,1318
2018-09-24T11:15:00+09:00,J2,500,370,870
2018-09-24T11:15:00+09:00,J3,745,659,1404
2018-09-24T11:15:00+09:00,J4,440,458,898
2018-09-24T11:15:00+09:00,J5,220,233,453
2018-09-24T11:30:00+09:00,J1,614,581,1195
2018-09-24T11:30:00+09:00,J2,543,445,988
2018-09-24T11:30:00+09:00,J3,670,617,1287
2018-09-24T11:30:00+09:00,J4,401,420,821
2018-09-24T11:30:00+09:00,J5,237,206,443
2018-09-24T11:45:00+09:00,J1,622,610,1232
2018-09-24T11:45:00+09:00,J2,559,478,1037
2018-09-24T11:45:00+09:00,J3,557,617,1174
2018-09-24T11:45:00+09:00,J4,427,366,793
2018-09-24T11:45:00+09:00,J5,233,231,464
2018-09-24T12:00:00+09:00,J1,575,570,1145
2018-09-24T12:00:00+09:00,J2,495,452,947
2018-09-24T12:00:00+09:00,J3,517,602,1119
2018-09-24T12:00:00+09:00,J4,406,355,761
2018-09-24T12:00:00+09:00,J5,229,272,501
2018-09-24T12:15:00+09:00,J1,512,538,1050
2018-09-24T12:15:00+09:00,J2,564,600,1164
2018-09-24T12:15:00+09:00,J3,461,521,982
2018-09-24T12:15:00+09:00,J4,455,337,792
2018-09-24T12:15:00+09:00,J5,207,269,476
2018-09-24T12:30:00+09:00,J1,540,501,1041
2018-09-24T12:30:00+09:00,J2,559,542,1101
2018-09-24T12:30:00+09:00,J3,454,562,1016
2018-09-24T12:30:00+09:00,J4,462,394,856
2018-09-24T12:30:00+09:00,J5,241,240,481
2018-09-24T12:45:00+09:00,J1,594,592,1186
2018-09-24T12:45:00+09:00,J2,469,546,1015
2018-09-24T12:45:00+09:00,J3,409,484,893
2018-09-24T12:45:00+09:00,J4,487,421,908
2018-09-24T12:45:00+09:00,J5,287,241,528
2018-09-24T13:00:00+09:00,J1,578,689,1267
2018-09-24T13:00:00+09:00,J2,546,530,1076
2018-09-24T13:00:00+09:00,J3,420,462,882
2018-09-24T13:00:00+09:00,J4,523,453,976
2018-09-24T13:00:00+09:00,J5,234,253,487
2018-09-24T13:15:00+09:00,J1,584,564,1148
2018-09-24T13:15:00+09:00,J2,510,514,1024
2018-09-24T13:15:00+09:00,J3,437,553,990
2018-09-24T13:15:00+09:00,J4,582,523,1105
2018-09-24T13:15:00+09:00,J5,258,291,549
2018-09-24T13:30:00+09:00,J1,515,631,1146
2018-09-24T13:30:00+09:00,J2,541,460,1001
2018-09-24T13:30:00+09:00,J3,393,465,858
2018-09-24T13:30:00+09:00,J4,601,499,1100
2018-09-24T13:30:00+09:00,J5,239,268,507
2018-09-24T13:45:00+09:00,J1,558,645,1203
2018-09-24T13:45:00+09:00,J2,494,521,1015
2018-09-24T13:45:00+09:00,J3,409,500,909
2018-09-24T13:45:00+09:00,J4,529,460,989
2018-09-24T13:45:00+09:00,J5,237,255,492
2018-09-24T14:00:00+09:00,J1,534,613,1147
2018-09-24T14:00:00+09:00,J2,506,460,966
2018-09-24T14:00:00+09:00,J3,424,504,928
2018-09-24T14:00:00+09:00,J4,489,423,912
2018-09-24T14:00:00+09:00,J5,252,318,570
2018-09-24T14:15:00+09:00,J1,587,629,1216
2018-09-24T14:15:00+09:00,J2,520,471,991
2018-09-24T14:15:00+09:00,J3,467,467,934
2018-09-24T14:15:00+09:00,J4,514,424,938
2018-09-24T14:15:00+09:00,J5,281,260,541
2018-09-24T14:30:00+09:00,J1,543,589,1132
2018-09-24T14:30:00+09:00,J2,508,456,964
2018-09-24T14:30:00+09:00,J3,459,477,936
2018-09-24T14:30:00+09:00,J4,551,463,1014
2018-09-24T14:30:00+09:00,J5,291,285,576
2018-09-24T14:45:00+09:00,J1,462,509,971
2018-09-24T14:45:00+09:00,J2,534,419,953
2018-09-24T14:45:00+09:00,J3,485,521,1006
2018-09-24T14:45:00+09:00,J4,588,479,1067
2018-09-24T14:45:00+09:00,J5,319,328,647
2018-09-24T15:00:00+09:00,J1,547,551,1098
2018-09-24T15:00:00+09:00,J2,588,516,1104
2018-09-24T15:00:00+09:00,J3,487,542,1029
2018-09-24T15:00:00+09:00,J4,597,550,1147
2018-09-24T15:00:00+09:00,J5,347,387,734
2018-09-24T15:15:00+09:00,J1,623,1013,1636
2018-09-24T15:15:00+09:00,J2,462,717,1179
2018-09-24T15:15:00+09:00,J3,533,725,1258
2018-09-24T15:15:00+09:00,J4,847,792,1639
2018-09-24T15:15:00+09:00,J5,351,410,761
2018-09-24T15:30:00+09:00,J1,602,811,1413
2018-09-24T15:30:00+09:00,J2,478,557,1035
2018-09-24T15:30:00+09:00,J3,517,644,1161
2018-09-24T15:30:00+09:00,J4,751,771,1522
2018-09-24T15:30:00+09:00,J5,368,468,836
2018-09-24T15:45:00+09:00,J1,694,994,1688
2018-09-24T15:45:00+09:00,J2,505,695,1200
2018-09-24T15:45:00+09:00,J3,612,806,1418
2018-09-24T15:45:00+09:00,J4,820,837,1657
2018-09-24T15:45:00+09:00,J5,357,454,811
2018-09-24T16:00:00+09:00,J1,694,996,1690
2018-09-24T16:00:00+09:00,J2,468,725,1193
2018-09-24T16:00:00+09:00,J3,602,735,1337
2018-09-24T16:00:00+09:00,J4,822,642,1464
2018-09-24T16:00:00+09:00,J5,397,444,841
2018-09-24T16:15:00+09:00,J1,703,861,1564
2018-09-24T16:15:00+09:00,J2,500,607,1107
2018-09-24T16:15:00+09:00,J3,567,594,1161
2018-09-24T16:15:00+09:00,J4,761,664,1425
2018-09-24T16:15:00+09:00,J5,357,416,773
2018-09-24T16:30:00+09:00,J1,589,765,1354
2018-09-24T16:30:00+09:00,J2,421,535,956
2018-09-24T16:30:00+09:00,J3,479,482,961
2018-09-24T16:30:00+09:00,J4,713,615,1328
2018-09-24T16:30:00+09:00,J5,345,349,694
2018-09-24T16:45:00+09:00,J1,600,728,1328
2018-09-24T16:45:00+09:00,J2,381,419,800
2018-09-24T16:45:00+09:00,J3,488,526,1014
2018-09-24T16:45:00+09:00,J4,803,692,1495
2018-09-24T16:45:00+09:00,J5,360,387,747
2018-09-24T17:00:00+09:00,J1,586,670,1256
2018-09-24T17:00:00+09:00,J2,440,471,911
2018-09-24T17:00:00+09:00,J3,478,479,957
2018-09-24T17:00:00+09:00,J4,688,708,1396
2018-09-24T17:00:00+09:00,J5,292,375,667
2018-09-24T17:15:00+09:00,J1,638,697,1335
2018-09-24T17:15:00+09:00,J2,438,417,855
2018-09-24T17:15:00+09:00,J3,456,416,872
2018-09-24T17:15:00+09:00,J4,708,656,1364
2018-09-24T17:15:00+09:00,J5,284,357,641
2018-09-24T17:30:00+09:00,J1,650,705,1355
2018-09-24T17:30:00+09:00,J2,523,512,1035
2018-09-24T17:30:00+09:00,J3,514,523,1037
2018-09-24T17:30:00+09:00,J4,728,665,1393
2018-09-24T17:30:00+09:00,J5,242,339,581
2018-09-24T17:45:00+09:00,J1,570,577,1147
2018-09-24T17:45:00+09:00,J2,515,424,939
2018-09-24T17:45:00+09:00,J3,437,401,838
2018-09-24T17:45:00+09:00,J4,753,614,1367
2018-09-24T17:45:00+09:00,J5,258,331,589
2018-09-24T18:00:00+09:00,J1,563,665,1228
2018-09-24T18:00:00+09:00,J2,510,438,948
2018-09-24T18:00:00+09:00,J3,384,466,850
2018-09-24T18:00:00+09:00,J4,591,466,1057
2018-09-24T18:00:00+09:00,J5,244,324,568
2018-09-24T18:15:00+09:00,J1,603,677,1280
2018-09-24T18:15:00+09:00,J2,624,457,1081
2018-09-24T18:15:00+09:00,J3,450,464,914
2018-09-24T18:15:00+09:00,J4,631,484,1115
2018-09-24T18:15:00+09:00,J5,250,316,566
2018-09-24T18:30:00+09:00,J1,540,598,1138
2018-09-24T18:30:00+09:00,J2,563,421,984
2018-09-24T18:30:00+09:00,J3,432,394,826
2018-09-24T18:30:00+09:00,J4,692,559,1251
2018-09-24T18:30:00+09:00,J5,251,231,482
2018-09-24T18:45:00+09:00,J1,523,587,1110
2018-09-24T18:45:00+09:00,J2,534,322,856
2018-09-24T18:45:00+09:00,J3,379,371,750
2018-09-24T18:45:00+09:00,J4,643,525,1168
2018-09-24T18:45:00+09:00,J5,291,278,569
2018-09-24T19:00:00+09:00,J1,493,512,1005
2018-09-24T19:00:00+09:00,J2,426,437,863
2018-09-24T19:00:00+09:00,J3,365,400,765
2018-09-24T19:00:00+09:00,J4,491,359,850
2018-09-24T19:00:00+09:00,J5,270,291,561
2018-09-24T19:15:00+09:00,J1,504,542,1046
2018-09-24T19:15:00+09:00,J2,389,402,791
2018-09-24T19:15:00+09:00,J3,376,358,734
2018-09-24T19:15:00+09:00,J4,409,358,767
2018-09-24T19:15:00+09:00,J5,228,246,474
2018-09-24T19:30:00+09:00,J1,493,493,986
2018-09-24T19:30:00+09:00,J2,380,394,774
2018-09-24T19:30:00+09:00,J3,343,382,725
2018-09-24T19:30:00+09:00,J4,329,261,590
2018-09-24T19:30:00+09:00,J5,274,228,502
2018-09-24T19:45:00+09:00,J1,419,474,893
2018-09-24T19:45:00+09:00,J2,308,379,687
2018-09-24T19:45:00+09:00,J3,338,364,702
2018-09-24T19:45:00+09:00,J4,314,295,609
2018-09-24T19:45:00+09:00,J5,211,171,382
2018-09-24T20:00:00+09:00,J1,402,448,850
2018-09-24T20:00:00+09:00,J2,317,371,688
2018-09-24T20:00:00+09:00,J3,344,346,690
2018-09-24T20:00:00+09:00,J4,313,296,609
2018-09-24T20:00:00+09:00,J5,214,184,398
2018-09-24T20:15:00+09:00,J1,456,519,975
2018-09-24T20:15:00+09:00,J2,384,373,757
2018-09-24T20:15:00+09:00,J3,376,385,761
2018-09-24T20:15:00+09:00,J4,458,375,833
2018-09-24T20:15:00+09:00,J5,205,197,402
2018-09-24T20:30:00+09:00,J1,443,452,895
2018-09-24T20:30:00+09:00,J2,400,359,759
2018-09-24T20:30:00+09:00,J3,474,429,903
2018-09-24T20:30:00+09:00,J4,381,312,693
2018-09-24T20:30:00+09:00,J5,190,205,395
2018-09-24T20:45:00+09:00,J1,343,386,729
2018-09-24T20:45:00+09:00,J2,372,348,720
2018-09-24T20:45:00+09:00,J3,439,418,857
2018-09-24T20:45:00+09:00,J4,421,372,793
2018-09-24T20:45:00+09:00,J5,205,172,377
2018-09-24T21:00:00+09:00,J1,407,446,853
2018-09-24T21:00:00+09:00,J2,349,241,590
2018-09-24T21:00:00+09:00,J3,499,396,895
2018-09-24T21:00:00+09:00,J4,505,469,974
2018-09-24T21:00:00+09:00,J5,182,143,325
2018-09-24T21:15:00+09:00,J1,488,500,988
2018-09-24T21:15:00+09:00,J2,308,261,569
2018-09-24T21:15:00+09:00,J3,515,363,878
2018-09-24T21:15:00+09:00,J4,583,525,1108
2018-09-24T21:15:00+09:00,J5,162,170,332
2018-09-24T21:30:00+09:00,J1,404,439,843
2018-09-24T21:30:00+09:00,J2,331,262,593
2018-09-24T21:30:00+09:00,J3,445,403,848
2018-09-24T21:30:00+09:00,J4,560,557,1117
2018-09-24T21:30:00+09:00,J5,184,181,365
2018-09-24T21:45:00+09:00,J1,509,544,1053
2018-09-24T21:45:00+09:00,J2,310,221,531
2018-09-24T21:45:00+09:00,J3,460,372,832
2018-09-24T21:45:00+09:00,J4,496,520,1016
2018-09-24T21:45:00+09:00,J5,204,169,373
2018-09-24T22:00:00+09:00,J1,448,413,861
2018-09-24T22:00:00+09:00,J2,231,207,438
2018-09-24T22:00:00+09:00,J3,479,402,881
2018-09-24T22:00:00+09:00,J4,621,604,1225
2018-09-24T22:00:00+09:00,J5,186,168,354
2018-09-24T22:15:00+09:00,J1,354,401,755
2018-09-24T22:15:00+09:00,J2,212,284,496
2018-09-24T22:15:00+09:00,J3,465,360,825
2018-09-24T22:15:00+09:00,J4,655,657,1312
2018-09-24T22:15:00+09:00,J5,215,210,425
2018-09-24T22:30:00+09:00,J1,322,365,687
2018-09-24T22:30:00+09:00,J2,245,245,490
2018-09-24T22:30:00+09:00,J3,479,348,827
2018-09-24T22:30:00+09:00,J4,808,735,1543
2018-09-24T22:30:00+09:00,J5,188,149,337
2018-09-24T22:45:00+09:00,J1,452,461,913
2018-09-24T22:45:00+09:00,J2,247,304,551
2018-09-24T22:45:00+09:00,J3,396,321,717
2018-09-24T22:45:00+09:00,J4,692,619,1311
2018-09-24T22:45:00+09:00,J5,164,124,288
2018-09-24T23:00:00+09:00,J1,392,421,813
2018-09-24T23:00:00+09:00,J2,292,275,567
2018-09-24T23:00:00+09:00,J3,441,342,783
2018-09-24T23:00:00+09:00,J4,660,666,1326
2018-09-24T23:00:00+09:00,J5,167,101,268
2018-09-24T23:15:00+09:00,J1,372,338,710
2018-09-24T23:15:00+09:00,J2,243,291,534
2018-09-24T23:15:00+09:00,J3,462,402,864
2018-09-24T23:15:00+09:00,J4,668,676,1344
2018-09-24T23:15:00+09:00,J5,168,151,319
2018-09-24T23:30:00+09:00,J1,408,465,873
2018-09-24T23:30:00+09:00,J2,318,347,665
2018-09-24T23:30:00+09:00,J3,500,419,919
2018-09-24T23:30:00+09:00,J4,554,578,1132
2018-09-24T23:30:00+09:00,J5,168,132,300
2018-09-24T23:45:00+09:00,J1,379,368,747
2018-09-24T23:45:00+09:00,J2,262,302,564
2018-09-24T23:45:00+09:00,J3,417,271,688
2018-09-24T23:45:00+09:00,J4,532,634,1166
2018-09-24T23:45:00+09:00,J5,154,107,261
2018-09-25T00:00:00+09:00,J1,187,215,402
2018-09-25T00:00:00+09:00,J2,302,350,652
2018-09-25T00:00:00+09:00,J3,321,285,606
2018-09-25T00:00:00+09:00,J4,704,688,1392
2018-09-25T00:00:00+09:00,J5,143,84,227
2018-09-25T00:15:00+09:00,J1,241,166,407
2018-09-25T00:15:00+09:00,J2,304,285,589
2018-09-25T00:15:00+09:00,J3,249,239,488
2018-09-25T00:15:00+09:00,J4,538,524,1062
2018-09-25T00:15:00+09:00,J5,165,126,291
2018-09-25T00:30:00+09:00,J1,258,181,439
2018-09-25T00:30:00+09:00,J2,351,425,776
2018-09-25T00:30:00+09:00,J3,287,286,573
2018-09-25T00:30:00+09:00,J4,184,168,352
2018-09-25T00:30:00+09:00,J5,322,297,619
2018-09-25T00:45:00+09:00,J1,245,207,452
2018-09-25T00:45:00+09:00,J2,321,381,702
2018-09-25T00:45:00+09:00,J3,279,329,608
2018-09-25T00:45:00+09:00,J4,221,192,413
2018-09-25T00:45:00+09:00,J5,310,408,718
2018-09-25T05:45:00+09:00,J1,232,217,449
2018-09-25T05:45:00+09:00,J2,354,269,623
2018-09-25T05:45:00+09:00,J3,375,356,731
2018-09-25T05:45:00+09:00,J4,657,700,1357
2018-09-25T05:45:00+09:00,J5,179,263,442
2018-09-25T06:00:00+09:00,J1,279,306,585
2018-09-25T06:00:00+09:00,J2,359,382,741
2018-09-25T06:00:00+09:00,J3,242,207,449
2018-09-25T06:00:00+09:00,J4,571,582,1153
2018-09-25T06:00:00+09:00,J5,338,384,722
2018-09-25T06:15:00+09:00,J1,410,409,819
2018-09-25T06:15:00+09:00,J2,303,270,573
2018-09-25T06:15:00+09:00,J3,272,267,539
2018-09-25T06:15:00+09:00,J4,595,714,1309
2018-09-25T06:15:00+09:00,J5,239,212,451
2018-09-25T06:30:00+09:00,J1,400,385,785
2018-09-25T06:30:00+09:00,J2,278,261,539
2018-09-25T06:30:00+09:00,J3,264,255,519
2018-09-25T06:30:00+09:00,J4,495,536,1031
2018-09-25T06:30:00+09:00,J5,216,223,439
2018-09-25T06:45:00+09:00,J1,449,406,855
2018-09-25T06:45:00+09:00,J2,323,338,661
2018-09-25T06:45:00+09:00,J3,358,247,605
2018-09-25T06:45:00+09:00,J4,535,502,1037
2018-09-25T06:45:00+09:00,J5,234,205,439
2018-09-25T07:00:00+09:00,J1,460,460,920
2018-09-25T07:00:00+09:00,J2,357,320,677
2018-09-25T07:00:00+09:00,J3,341,314,655
2018-09-25T07:00:00+09:00,J4,585,671,1256
2018-09-25T07:00:00+09:00,J5,334,363,697
2018-09-25T07:15:00+09:00,J1,510,442,952
2018-09-25T07:15:00+09:00,J2,390,287,677
2018-09-25T07:15:00+09:00,J3,397,365,762
2018-09-25T07:15:00+09:00,J4,601,642,1243
2018-09-25T07:15:00+09:00,J5,274,296,570
2018-09-25T07:30:00+09:00,J1,550,406,956
2018-09-25T07:30:00+09:00,J2,347,272,619
2018-09-25T07:30:00+09:00,J3,590,503,1093
2018-09-25T07:30:00+09:00,J4,605,791,1396
2018-09-25T07:30:00+09:00,J5,238,237,475
2018-09-25T07:45:00+09:00,J1,711,457,1168
2018-09-25T07:45:00+09:00,J2,405,264,669
2018-09-25T07:45:00+09:00,J3,622,594,1216
2018-09-25T07:45:00+09:00,J4,622,775,1397
2018-09-25T07:45:00+09:00,J5,249,177,426
2018-09-25T08:00:00+09:00,J1,933,627,1560
2018-09-25T08:00:00+09:00,J2,569,386,955
2018-09-25T08:00:00+09:00,J3,658,682,1340
2018-09-25T08:00:00+09:00,J4,514,818,1332
2018-09-25T08:00:00+09:00,J5,291,220,511
2018-09-25T08:15:00+09:00,J1,1004,721,1725
2018-09-25T08:15:00+09:00,J2,678,421,1099
2018-09-25T08:15:00+09:00,J3,681,863,1544
2018-09-25T08:15:00+09:00,J4,635,964,1599
2018-09-25T08:15:00+09:00,J5,311,312,623
2018-09-25T08:30:00+09:00,J1,1086,660,1746
2018-09-25T08:30:00+09:00,J2,753,420,1173
2018-09-25T08:30:00+09:00,J3,784,932,1716
2018-09-25T08:30:00+09:00,J4,824,1183,2007
2018-09-25T08:30:00+09:00,J5,276,289,565
2018-09-25T08:45:00+09:00,J1,782,563,1345
2018-09-25T08:45:00+09:00,J2,485,376,861
2018-09-25T08:45:00+09:00,J3,630,717,1347
2018-09-25T08:45:00+09:00,J4,795,925,1720
2018-09-25T08:45:00+09:00,J5,244,203,447
2018-09-25T09:00:00+09:00,J1,675,495,1170
2018-09-25T09:00:00+09:00,J2,468,337,805
2018-09-25T09:00:00+09:00,J3,733,544,1277
2018-09-25T09:00:00+09:00,J4,788,851,1639
2018-09-25T09:00:00+09:00,J5,264,224,488
2018-09-25T09:15:00+09:00,J1,590,488,1078
2018-09-25T09:15:00+09:00,J2,426,342,768
2018-09-25T09:15:00+09:00,J3,645,503,1148
2018-09-25T09:15:00+09:00,J4,606,751,1357
2018-09-25T09:15:00+09:00,J5,303,203,506
2018-09-25T09:30:00+09:00,J1,617,494,1111
2018-09-25T09:30:00+09:00,J2,402,358,760
2018-09-25T09:30:00+09:00,J3,587,553,1140
2018-09-25T09:30:00+09:00,J4,674,779,1453
2018-09-25T09:30:00+09:00,J5,278,212,490
2018-09-25T09:45:00+09:00,J1,613,476,1089
2018-09-25T09:45:00+09:00,J2,356,348,704
2018-09-25T09:45:00+09:00,J3,553,466,1019
2018-09-25T09:45:00+09:00,J4,677,727,1404
2018-09-25T09:45:00+09:00,J5,249,173,422
2018-09-25T10:00:00+09:00,J1,604,543,1147
2018-09-25T10:00:00+09:00,J2,324,333,657
2018-09-25T10:00:00+09:00,J3,545,473,1018
2018-09-25T10:00:00+09:00,J4,617,601,1218
2018-09-25T10:00:00+09:00,J5,238,176,414
2018-09-25T10:15:00+09:00,J1,599,560,1159
2018-09-25T10:15:00+09:00,J2,348,347,695
2018-09-25T10:15:00+09:00,J3,543,447,990
2018-09-25T10:15:00+09:00,J4,579,644,1223
2018-09-25T10:15:00+09:00,J5,207,164,371
2018-09-25T10:30:00+09:00,J1,663,659,1322
2018-09-25T10:30:00+09:00,J2,413,341,754
2018-09-25T10:30:00+09:00,J3,620,560,1180
2018-09-25T10:30:00+09:00,J4,621,609,1230
2018-09-25T10:30:00+09:00,J5,240,207,447
2018-09-25T10:45:00+09:00,J1,714,662,1376
2018-09-25T10:45:00+09:00,J2,427,410,837
2018-09-25T10:45:00+09:00,J3,639,565,1204
2018-09-25T10:45:00+09:00,J4,670,616,1286
2018-09-25T10:45:00+09:00,J5,236,205,441
2018-09-25T11:00:00+09:00,J1,605,583,1188
2018-09-25T11:00:00+09:00,J2,430,421,851
2018-09-25T11:00:00+09:00,J3,720,596,1316
2018-09-25T11:00:00+09:00,J4,624,535,1159
2018-09-25T11:00:00+09:00,J5,210,197,407
2018-09-25T11:15:00+09:00,J1,704,756,1460
2018-09-25T11:15:00+09:00,J2,505,445,950
2018-09-25T11:15:00+09:00,J3,662,650,1312
2018-09-25T11:15:00+09:00,J4,590,634,1224
2018-09-25T11:15:00+09:00,J5,230,213,443
2018-09-25T11:30:00+09:00,J1,650,653,1303
2018-09-25T11:30:00+09:00,J2,504,406,910
2018-09-25T11:30:00+09:00,J3,810,701,1511
2018-09-25T11:30:00+09:00,J4,568,617,1185
2018-09-25T11:30:00+09:00,J5,228,172,400
2018-09-25T11:45:00+09:00,J1,674,677,1351
2018-09-25T11:45:00+09:00,J2,479,411,890
2018-09-25T11:45:00+09:00,J3,775,727,1502
2018-09-25T11:45:00+09:00,J4,622,625,1247
2018-09-25T11:45:00+09:00,J5,212,136,348
2018-09-25T12:00:00+09:00,J1,742,756,1498
2018-09-25T12:00:00+09:00,J2,499,446,945
2018-09-25T12:00:00+09:00,J3,843,756,1599
2018-09-25T12:00:00+09:00,J4,571,524,1095
2018-09-25T12:00:00+09:00,J5,242,189,431
2018-09-25T12:15:00+09:00,J1,698,748,1446
2018-09-25T12:15:00+09:00,J2,508,471,979
2018-09-25T12:15:00+09:00,J3,778,685,1463
2018-09-25T12:15:00+09:00,J4,697,611,1308
2018-09-25T12:15:00+09:00,J5,230,183,413
2018-09-25T12:30:00+09:00,J1,703,728,1431
2018-09-25T12:30:00+09:00,J2,455,456,911
2018-09-25T12:30:00+09:00,J3,753,691,1444
2018-09-25T12:30:00+09:00,J4,668,684,1352
2018-09-25T12:30:00+09:00,J5,243,211,454
2018-09-25T12:45:00+09:00,J1,665,690,1355
2018-09-25T12:45:00+09:00,J2,430,433,863
2018-09-25T12:45:00+09:00,J3,737,672,1409
2018-09-25T12:45:00+09:00,J4,598,621,1219
2018-09-25T12:45:00+09:00,J5,271,195,466
2018-09-25T13:00:00+09:00,J1,700,810,1510
2018-09-25T13:00:00+09:00,J2,418,413,831
2018-09-25T13:00:00+09:00,J3,791,635,1426
2018-09-25T13:00:00+09:00,J4,636,551,1187
2018-09-25T13:00:00+09:00,J5,222,195,417
2018-09-25T13:15:00+09:00,J1,757,797,1554
2018-09-25T13:15:00+09:00,J2,473,454,927
2018-09-25T13:15:00+09:00,J3,708,655,1363
2018-09-25T13:15:00+09:00,J4,641,596,1237
2018-09-25T13:15:00+09:00,J5,251,190,441
2018-09-25T13:30:00+09:00,J1,739,682,1421
2018-09-25T13:30:00+09:00,J2,481,469,950
2018-09-25T13:30:00+09:00,J3,670,657,1327
2018-09-25T13:30:00+09:00,J4,586,555,1141
2018-09-25T13:30:00+09:00,J5,232,200,432
2018-09-25T13:45:00+09:00,J1,722,765,1487
2018-09-25T13:45:00+09:00,J2,464,495,959
2018-09-25T13:45:00+09:00,J3,692,688,1380
2018-09-25T13:45:00+09:00,J4,624,573,1197
2018-09-25T13:45:00+09:00,J5,261,215,476
2018-09-25T14:00:00+09:00,J1,732,757,1489
2018-09-25T14:00:00+09:00,J2,410,469,879
2018-09-25T14:00:00+09:00,J3,653,550,1203
2018-09-25T14:00:00+09:00,J4,576,570,1146
2018-09-25T14:00:00+09:00,J5,222,185,407
2018-09-25T14:15:00+09:00,J1,651,707,1358
2018-09-25T14:15:00+09:00,J2,398,455,853
2018-09-25T14:15:00+09:00,J3,640,607,1247
2018-09-25T14:15:00+09:00,J4,621,588,1209
2018-09-25T14:15:00+09:00,J5,213,179,392
2018-09-25T14:30:00+09:00,J1,659,735,1394
2018-09-25T14:30:00+09:00,J2,409,421,830
2018-09-25T14:30:00+09:00,J3,687,622,1309
2018-09-25T14:30:00+09:00,J4,601,583,1184
2018-09-25T14:30:00+09:00,J5,258,215,473
2018-09-25T14:45:00+09:00,J1,716,812,1528
2018-09-25T14:45:00+09:00,J2,423,474,897
2018-09-25T14:45:00+09:00,J3,700,575,1275
2018-09-25T14:45:00+09:00,J4,564,574,1138
2018-09-25T14:45:00+09:00,J5,214,180,394
2018-09-25T15:00:00+09:00,J1,609,767,1376
2018-09-25T15:00:00+09:00,J2,421,424,845
2018-09-25T15:00:00+09:00,J3,718,678,1396
2018-09-25T15:00:00+09:00,J4,734,667,1401
2018-09-25T15:00:00+09:00,J5,235,191,426
2018-09-25T15:15:00+09:00,J1,732,853,1585
2018-09-25T15:15:00+09:00,J2,460,437,897
2018-09-25T15:15:00+09:00,J3,692,649,1341
2018-09-25T15:15:00+09:00,J4,640,536,1176
2018-09-25T15:15:00+09:00,J5,280,288,568
2018-09-25T15:30:00+09:00,J1,638,775,1413
2018-09-25T15:30:00+09:00,J2,423,487,910
2018-09-25T15:30:00+09:00,J3,662,587,1249
2018-09-25T15:30:00+09:00,J4,722,729,1451
2018-09-25T15:30:00+09:00,J5,271,279,550
2018-09-25T15:45:00+09:00,J1,649,776,1425
2018-09-25T15:45:00+09:00,J2,458,517,975
2018-09-25T15:45:00+09:00,J3,692,624,1316
2018-09-25T15:45:00+09:00,J4,690,727,1417
2018-09-25T15:45:00+09:00,J5,227,239,466
2018-09-25T16:00:00+09:00,J1,756,822,1578
2018-09-25T16:00:00+09:00,J2,380,488,868
2018-09-25T16:00:00+09:00,J3,561,555,1116
2018-09-25T16:00:00+09:00,J4,687,670,1357
2018-09-25T16:00:00+09:00,J5,261,215,476
2018-09-25T16:15:00+09:00,J1,798,873,1671
2018-09-25T16:15:00+09:00,J2,415,486,901
2018-09-25T16:15:00+09:00,J3,640,581,1221
2018-09-25T16:15:00+09:00,J4,712,641,1353
2018-09-25T16:15:00+09:00,J5,217,208,425
2018-09-25T16:30:00+09:00,J1,702,756,1458
2018-09-25T16:30:00+09:00,J2,436,452,888
2018-09-25T16:30:00+09:00,J3,629,602,1231
2018-09-25T16:30:00+09:00,J4,679,711,1390
2018-09-25T16:30:00+09:00,J5,254,244,498
2018-09-25T16:45:00+09:00,J1,686,728,1414
2018-09-25T16:45:00+09:00,J2,402,525,927
2018-09-25T16:45:00+09:00,J3,635,586,1221
2018-09-25T16:45:00+09:00,J4,703,641,1344
2018-09-25T16:45:00+09:00,J5,239,225,464
2018-09-25T17:00:00+09:00,J1,879,927,1806
2018-09-25T17:00:00+09:00,J2,435,497,932
2018-09-25T17:00:00+09:00,J3,900,818,1718
2018-09-25T17:00:00+09:00,J4,701,612,1313
2018-09-25T17:00:00+09:00,J5,243,262,505
2018-09-25T17:15:00+09:00,J1,856,959,1815
2018-09-25T17:15:00+09:00,J2,560,509,1069
2018-09-25T17:15:00+09:00,J3,837,828,1665
2018-09-25T17:15:00+09:00,J4,710,634,1344
2018-09-25T17:15:00+09:00,J5,387,382,769
2018-09-25T17:30:00+09:00,J1,849,948,1797
2018-09-25T17:30:00+09:00,J2,603,536,1139
2018-09-25T17:30:00+09:00,J3,863,766,1629
2018-09-25T17:30:00+09:00,J4,787,651,1438
2018-09-25T17:30:00+09:00,J5,336,387,723
2018-09-25T17:45:00+09:00,J1,875,1027,1902
2018-09-25T17:45:00+09:00,J2,584,519,1103
2018-09-25T17:45:00+09:00,J3,944,733,1677
2018-09-25T17:45:00+09:00,J4,806,586,1392
2018-09-25T17:45:00+09:00,J5,406,417,823
2018-09-25T18:00:00+09:00,J1,853,1054,1907
2018-09-25T18:00:00+09:00,J2,631,579,1210
2018-09-25T18:00:00+09:00,J3,994,768,1762
2018-09-25T18:00:00+09:00,J4,782,607,1389
2018-09-25T18:00:00+09:00,J5,423,472,895
2018-09-25T18:15:00+09:00,J1,923,1009,1932
2018-09-25T18:15:00+09:00,J2,596,523,1119
2018-09-25T18:15:00+09:00,J3,848,691,1539
2018-09-25T18:15:00+09:00,J4,837,637,1474
2018-09-25T18:15:00+09:00,J5,434,489,923
2018-09-25T18:30:00+09:00,J1,752,942,1694
2018-09-25T18:30:00+09:00,J2,510,486,996
2018-09-25T18:30:00+09:00,J3,841,649,1490
2018-09-25T18:30:00+09:00,J4,759,624,1383
2018-09-25T18:30:00+09:00,J5,462,500,962
2018-09-25T18:45:00+09:00,J1,712,821,1533
2018-09-25T18:45:00+09:00,J2,402,453,855
2018-09-25T18:45:00+09:00,J3,779,668,1447
2018-09-25T18:45:00+09:00,J4,772,568,1340
2018-09-25T18:45:00+09:00,J5,487,499,986
2018-09-25T19:00:00+09:00,J1,615,782,1397
2018-09-25T19:00:00+09:00,J2,389,485,874
2018-09-25T19:00:00+09:00,J3,709,687,1396
2018-09-25T19:00:00+09:00,J4,783,705,1488
2018-09-25T19:00:00+09:00,J5,484,613,1097
2018-09-25T19:15:00+09:00,J1,701,811,1512
2018-09-25T19:15:00+09:00,J2,384,487,871
2018-09-25T19:15:00+09:00,J3,709,593,1302
2018-09-25T19:15:00+09:00,J4,821,627,1448
2018-09-25T19:15:00+09:00,J5,527,669,1196
2018-09-25T19:30:00+09:00,J1,636,762,1398
2018-09-25T19:30:00+09:00,J2,322,424,746
2018-09-25T19:30:00+09:00,J3,587,479,1066
2018-09-25T19:30:00+09:00,J4,774,653,1427
2018-09-25T19:30:00+09:00,J5,521,587,1108
2018-09-25T19:45:00+09:00,J1,602,733,1335
2018-09-25T19:45:00+09:00,J2,303,368,671
2018-09-25T19:45:00+09:00,J3,526,437,963
2018-09-25T19:45:00+09:00,J4,780,688,1468
2018-09-25T19:45:00+09:00,J5,420,568,988
2018-09-25T20:00:00+09:00,J1,571,732,1303
2018-09-25T20:00:00+09:00,J2,379,356,735
2018-09-25T20:00:00+09:00,J3,567,482,1049
2018-09-25T20:00:00+09:00,J4,803,696,1499
2018-09-25T20:00:00+09:00,J5,459,579,1038
2018-09-25T20:15:00+09:00,J1,551,704,1255
2018-09-25T20:15:00+09:00,J2,390,431,821
2018-09-25T20:15:00+09:00,J3,470,425,895
2018-09-25T20:15:00+09:00,J4,737,661,1398
2018-09-25T20:15:00+09:00,J5,471,554,1025
2018-09-25T20:30:00+09:00,J1,545,659,1204
2018-09-25T20:30:00+09:00,J2,334,367,701
2018-09-25T20:30:00+09:00,J3,487,449,936
2018-09-25T20:30:00+09:00,J4,740,678,1418
2018-09-25T20:30:00+09:00,J5,471,526,997
2018-09-25T20:45:00+09:00,J1,562,691,1253
2018-09-25T20:45:00+09:00,J2,359,368,727
2018-09-25T20:45:00+09:00,J3,468,399,867
2018-09-25T20:45:00+09:00,J4,661,511,1172
2018-09-25T20:45:00+09:00,J5,404,504,908
2018-09-25T21:00:00+09:00,J1,595,750,1345
2018-09-25T21:00:00+09:00,J2,459,464,923
2018-09-25T21:00:00+09:00,J3,414,360,774
2018-09-25T21:00:00+09:00,J4,721,624,1345
2018-09-25T21:00:00+09:00,J5,404,439,843
2018-09-25T21:15:00+09:00,J1,621,716,1337
2018-09-25T21:15:00+09:00,J2,524,508,1032
2018-09-25T21:15:00+09:00,J3,393,346,739
2018-09-25T21:15:00+09:00,J4,701,643,1344
2018-09-25T21:15:00+09:00,J5,362,433,795
2018-09-25T21:30:00+09:00,J1,625,735,1360
2018-09-25T21:30:00+09:00,J2,470,482,952
2018-09-25T21:30:00+09:00,J3,379,292,671
2018-09-25T21:30:00+09:00,J4,632,643,1275
2018-09-25T21:30:00+09:00,J5,399,372,771
2018-09-25T21:45:00+09:00,J1,530,600,1130
2018-09-25T21:45:00+09:00,J2,453,476,929
2018-09-25T21:45:00+09:00,J3,370,312,682
2018-09-25T21:45:00+09:00,J4,648,633,1281
2018-09-25T21:45:00+09:00,J5,343,396,739
2018-09-25T22:00:00+09:00,J1,492,528,1020
2018-09-25T22:00:00+09:00,J2,432,515,947
2018-09-25T22:00:00+09:00,J3,311,317,628
2018-09-25T22:00:00+09:00,J4,745,774,1519
2018-09-25T22:00:00+09:00,J5,384,362,746
2018-09-25T22:15:00+09:00,J1,505,552,1057
2018-09-25T22:15:00+09:00,J2,532,466,998
2018-09-25T22:15:00+09:00,J3,327,344,671
2018-09-25T22:15:00+09:00,J4,815,834,1649
2018-09-25T22:15:00+09:00,J5,281,310,591
2018-09-25T22:30:00+09:00,J1,595,625,1220
2018-09-25T22:30:00+09:00,J2,429,433,862
2018-09-25T22:30:00+09:00,J3,373,411,784
2018-09-25T22:30:00+09:00,J4,824,813,1637
2018-09-25T22:30:00+09:00,J5,320,391,711
2018-09-25T22:45:00+09:00,J1,594,674,1268
2018-09-25T22:45:00+09:00,J2,437,369,806
2018-09-25T22:45:00+09:00,J3,519,465,984
2018-09-25T22:45:00+09:00,J4,785,787,1572
2018-09-25T22:45:00+09:00,J5,266,361,627
2018-09-25T23:00:00+09:00,J1,547,588,1135
2018-09-25T23:00:00+09:00,J2,371,328,699
2018-09-25T23:00:00+09:00,J3,473,495,968
2018-09-25T23:00:00+09:00,J4,832,813,1645
2018-09-25T23:00:00+09:00,J5,246,413,659
2018-09-25T23:15:00+09:00,J1,544,584,1128
2018-09-25T23:15:00+09:00,J2,449,422,871
2018-09-25T23:15:00+09:00,J3,540,510,1050
2018-09-25T23:15:00+09:00,J4,808,799,1607
2018-09-25T23:15:00+09:00,J5,222,329,551
2018-09-25T23:30:00+09:00,J1,640,664,1304
2018-09-25T23:30:00+09:00,J2,433,458,891
2018-09-25T23:30:00+09:00,J3,450,391,841
2018-09-25T23:30:00+09:00,J4,686,679,1365
2018-09-25T23:30:00+09:00,J5,254,331,585
2018-09-25T23:45:00+09:00,J1,526,522,1048
2018-09-25T23:45:00+09:00,J2,339,375,714
2018-09-25T23:45:00+09:00,J3,447,412,859
2018-09-25T23:45:00+09:00,J4,775,759,1534
2018-09-25T23:45:00+09:00,J5,281,382,663
2018-09-26T00:00:00+09:00,J1,430,430,860
2018-09-26T00:00:00+09:00,J2,385,361,746
2018-09-26T00:00:00+09:00,J3,416,410,826
2018-09-26T00:00:00+09:00,J4,703,734,1437
2018-09-26T00:00:00+09:00,J5,239,293,532
2018-09-26T00:15:00+09:00,J1,156,233,389
2018-09-26T00:15:00+09:00,J2,267,247,514
2018-09-26T00:15:00+09:00,J3,430,348,778
2018-09-26T00:15:00+09:00,J4,237,240,477
2018-09-26T00:15:00+09:00,J5,173,181,354
2018-09-26T00:30:00+09:00,J1,179,221,400
2018-09-26T00:30:00+09:00,J2,310,309,619
2018-09-26T00:30:00+09:00,J3,492,458,950
2018-09-26T00:30:00+09:00,J4,364,326,690
2018-09-26T00:30:00+09:00,J5,184,209,393
2018-09-26T00:45:00+09:00,J1,193,190,383
2018-09-26T00:45:00+09:00,J2,270,280,550
2018-09-26T00:45:00+09:00,J3,511,443,954
2018-09-26T00:45:00+09:00,J4,271,267,538
2018-09-26T00:45:00+09:00,J5,146,182,328
2018-09-26T05:45:00+09:00,J1,226,176,402
2018-09-26T05:45:00+09:00,J2,281,315,596
2018-09-26T05:45:00+09:00,J3,478,480,958
2018-09-26T05:45:00+09:00,J4,1119,1026,2145
2018-09-26T05:45:00+09:00,J5,211,237,448
2018-09-26T06:00:00+09:00,J1,339,314,653
2018-09-26T06:00:00+09:00,J2,246,230,476
2018-09-26T06:00:00+09:00,J3,513,494,1007
2018-09-26T06:00:00+09:00,J4,1086,1121,2207
2018-09-26T06:00:00+09:00,J5,181,165,346
2018-09-26T06:15:00+09:00,J1,390,420,810
2018-09-26T06:15:00+09:00,J2,412,320,732
2018-09-26T06:15:00+09:00,J3,464,481,945
2018-09-26T06:15:00+09:00,J4,1128,1087,2215
2018-09-26T06:15:00+09:00,J5,273,286,559
2018-09-26T06:30:00+09:00,J1,412,435,847
2018-09-26T06:30:00+09:00,J2,358,239,597
2018-09-26T06:30:00+09:00,J3,416,432,848
2018-09-26T06:30:00+09:00,J4,1114,1127,2241
2018-09-26T06:30:00+09:00,J5,269,369,638
2018-09-26T06:45:00+09:00,J1,397,440,837
2018-09-26T06:45:00+09:00,J2,454,384,838
2018-09-26T06:45:00+09:00,J3,560,526,1086
2018-09-26T06:45:00+09:00,J4,965,998,1963
2018-09-26T06:45:00+09:00,J5,252,267,519
2018-09-26T07:00:00+09:00,J1,693,678,1371
2018-09-26T07:00:00+09:00,J2,432,440,872
2018-09-26T07:00:00+09:00,J3,562,534,1096
2018-09-26T07:00:00+09:00,J4,839,854,1693
2018-09-26T07:00:00+09:00,J5,240,225,465
2018-09-26T07:15:00+09:00,J1,666,584,1250
2018-09-26T07:15:00+09:00,J2,471,365,836
2018-09-26T07:15:00+09:00,J3,610,581,1191
2018-09-26T07:15:00+09:00,J4,819,951,1770
2018-09-26T07:15:00+09:00,J5,245,265,510
2018-09-26T07:30:00+09:00,J1,619,504,1123
2018-09-26T07:30:00+09:00,J2,538,436,974
2018-09-26T07:30:00+09:00,J3,474,516,990
2018-09-26T07:30:00+09:00,J4,851,960,1811
2018-09-26T07:30:00+09:00,J5,327,425,752
2018-09-26T07:45:00+09:00,J1,885,688,1573
2018-09-26T07:45:00+09:00,J2,613,480,1093
2018-09-26T07:45:00+09:00,J3,522,552,1074
2018-09-26T07:45:00+09:00,J4,761,955,1716
2018-09-26T07:45:00+09:00,J5,367,446,813
2018-09-26T08:00:00+09:00,J1,961,738,1699
2018-09-26T08:00:00+09:00,J2,662,420,1082
2018-09-26T08:00:00+09:00,J3,615,704,1319
2018-09-26T08:00:00+09:00,J4,870,1148,2018
2018-09-26T08:00:00+09:00,J5,464,452,916
2018-09-26T08:15:00+09:00,J1,1044,670,1714
2018-09-26T08:15:00+09:00,J2,755,440,1195
2018-09-26T08:15:00+09:00,J3,576,903,1479
2018-09-26T08:15:00+09:00,J4,824,1158,1982
2018-09-26T08:15:00+09:00,J5,371,389,760
2018-09-26T08:30:00+09:00,J1,1002,683,1685
2018-09-26T08:30:00+09:00,J2,729,377,1106
2018-09-26T08:30:00+09:00,J3,573,872,1445
2018-09-26T08:30:00+09:00,J4,843,1057,1900
2018-09-26T08:30:00+09:00,J5,341,290,631
2018-09-26T08:45:00+09:00,J1,705,512,1217
2018-09-26T08:45:00+09:00,J2,544,307,851
2018-09-26T08:45:00+09:00,J3,448,684,1132
2018-09-26T08:45:00+09:00,J4,678,991,1669
2018-09-26T08:45:00+09:00,J5,259,247,506
2018-09-26T09:00:00+09:00,J1,691,631,1322
2018-09-26T09:00:00+09:00,J2,498,370,868
2018-09-26T09:00:00+09:00,J3,445,525,970
2018-09-26T09:00:00+09:00,J4,677,784,1461
2018-09-26T09:00:00+09:00,J5,408,329,737
2018-09-26T09:15:00+09:00,J1,690,577,1267
2018-09-26T09:15:00+09:00,J2,461,329,790
2018-09-26T09:15:00+09:00,J3,452,507,959
2018-09-26T09:15:00+09:00,J4,697,818,1515
2018-09-26T09:15:00+09:00,J5,330,293,623
2018-09-26T09:30:00+09:00,J1,670,473,1143
2018-09-26T09:30:00+09:00,J2,419,292,711
2018-09-26T09:30:00+09:00,J3,464,555,1019
2018-09-26T09:30:00+09:00,J4,632,733,1365
2018-09-26T09:30:00+09:00,J5,321,277,598
2018-09-26T09:45:00+09:00,J1,589,495,1084
2018-09-26T09:45:00+09:00,J2,466,310,776
2018-09-26T09:45:00+09:00,J3,354,410,764
2018-09-26T09:45:00+09:00,J4,673,671,1344
2018-09-26T09:45:00+09:00,J5,238,253,491
2018-09-26T10:00:00+09:00,J1,636,652,1288
2018-09-26T10:00:00+09:00,J2,410,375,785
2018-09-26T10:00:00+09:00,J3,381,378,759
2018-09-26T10:00:00+09:00,J4,675,734,1409
2018-09-26T10:00:00+09:00,J5,266,243,509
2018-09-26T10:15:00+09:00,J1,601,592,1193
2018-09-26T10:15:00+09:00,J2,388,266,654
2018-09-26T10:15:00+09:00,J3,415,393,808
2018-09-26T10:15:00+09:00,J4,704,694,1398
2018-09-26T10:15:00+09:00,J5,310,332,642
2018-09-26T10:30:00+09:00,J1,608,564,1172
2018-09-26T10:30:00+09:00,J2,444,342,786
2018-09-26T10:30:00+09:00,J3,433,437,870
2018-09-26T10:30:00+09:00,J4,702,673,1375
2018-09-26T10:30:00+09:00,J5,238,261,499
2018-09-26T10:45:00+09:00,J1,657,608,1265
2018-09-26T10:45:00+09:00,J2,362,341,703
2018-09-26T10:45:00+09:00,J3,475,444,919
2018-09-26T10:45:00+09:00,J4,732,727,1459
2018-09-26T10:45:00+09:00,J5,254,249,503
2018-09-26T11:00:00+09:00,J1,623,586,1209
2018-09-26T11:00:00+09:00,J2,359,340,699
2018-09-26T11:00:00+09:00,J3,498,433,931
2018-09-26T11:00:00+09:00,J4,609,638,1247
2018-09-26T11:00:00+09:00,J5,259,290,549
2018-09-26T11:15:00+09:00,J1,718,674,1392
2018-09-26T11:15:00+09:00,J2,357,367,724
2018-09-26T11:15:00+09:00,J3,536,489,1025
2018-09-26T11:15:00+09:00,J4,663,657,1320
2018-09-26T11:15:00+09:00,J5,313,367,680
2018-09-26T11:30:00+09:00,J1,720,666,1386
2018-09-26T11:30:00+09:00,J2,375,379,754
2018-09-26T11:30:00+09:00,J3,640,563,1203
2018-09-26T11:30:00+09:00,J4,629,687,1316
2018-09-26T11:30:00+09:00,J5,356,374,730
2018-09-26T11:45:00+09:00,J1,686,720,1406
2018-09-26T11:45:00+09:00,J2,380,401,781
2018-09-26T11:45:00+09:00,J3,605,527,1132
2018-09-26T11:45:00+09:00,J4,647,639,1286
2018-09-26T11:45:00+09:00,J5,313,334,647
2018-09-26T12:00:00+09:00,J1,669,741,1410
2018-09-26T12:00:00+09:00,J2,434,417,851
2018-09-26T12:00:00+09:00,J3,669,659,1328
2018-09-26T12:00:00+09:00,J4,734,698,1432
2018-09-26T12:00:00+09:00,J5,349,389,738
2018-09-26T12:15:00+09:00,J1,666,735,1401
2018-09-26T12:15:00+09:00,J2,382,474,856
2018-09-26T12:15:00+09:00,J3,649,664,1313
2018-09-26T12:15:00+09:00,J4,776,729,1505
2018-09-26T12:15:00+09:00,J5,317,424,741
2018-09-26T12:30:00+09:00,J1,719,830,1549
2018-09-26T12:30:00+09:00,J2,434,515,949
2018-09-26T12:30:00+09:00,J3,744,698,1442
2018-09-26T12:30:00+09:00,J4,751,798,1549
2018-09-26T12:30:00+09:00,J5,314,344,658
2018-09-26T12:45:00+09:00,J1,745,815,1560
2018-09-26T12:45:00+09:00,J2,442,525,967
2018-09-26T12:45:00+09:00,J3,739,652,1391
2018-09-26T12:45:00+09:00,J4,770,757,1527
2018-09-26T12:45:00+09:00,J5,311,342,653
2018-09-26T13:00:00+09:00,J1,736,809,1545
2018-09-26T13:00:00+09:00,J2,448,450,898
2018-09-26T13:00:00+09:00,J3,656,714,1370
2018-09-26T13:00:00+09:00,J4,749,671,1420
2018-09-26T13:00:00+09:00,J5,283,321,604
2018-09-26T13:15:00+09:00,J1,658,804,1462
2018-09-26T13:15:00+09:00,J2,429,513,942
2018-09-26T13:15:00+09:00,J3,627,630,1257
2018-09-26T13:15:00+09:00,J4,689,668,1357
2018-09-26T13:15:00+09:00,J5,279,315,594
2018-09-26T13:30:00+09:00,J1,873,940,1813
2018-09-26T13:30:00+09:00,J2,513,621,1134
2018-09-26T13:30:00+09:00,J3,777,807,1584
2018-09-26T13:30:00+09:00,J4,810,807,1617
2018-09-26T13:30:00+09:00,J5,330,374,704
2018-09-26T13:45:00+09:00,J1,799,963,1762
2018-09-26T13:45:00+09:00,J2,579,713,1292
2018-09-26T13:45:00+09:00,J3,839,871,1710
2018-09-26T13:45:00+09:00,J4,898,759,1657
2018-09-26T13:45:00+09:00,J5,337,342,679
2018-09-26T14:00:00+09:00,J1,783,1055,1838
2018-09-26T14:00:00+09:00,J2,498,661,1159
2018-09-26T14:00:00+09:00,J3,818,848,1666
2018-09-26T14:00:00+09:00,J4,831,831,1662
2018-09-26T14:00:00+09:00,J5,321,342,663
2018-09-26T14:15:00+09:00,J1,724,966,1690
2018-09-26T14:15:00+09:00,J2,491,576,1067
2018-09-26T14:15:00+09:00,J3,760,739,1499
2018-09-26T14:15:00+09:00,J4,814,754,1568
2018-09-26T14:15:00+09:00,J5,290,240,530
2018-09-26T14:30:00+09:00,J1,733,813,1546
2018-09-26T14:30:00+09:00,J2,389,572,961
2018-09-26T14:30:00+09:00,J3,766,672,1438
2018-09-26T14:30:00+09:00,J4,849,806,1655
2018-09-26T14:30:00+09:00,J5,225,272,497
2018-09-26T14:45:00+09:00,J1,716,834,1550
2018-09-26T14:45:00+09:00,J2,442,478,920
2018-09-26T14:45:00+09:00,J3,791,708,1499
2018-09-26T14:45:00+09:00,J4,768,701,1469
2018-09-26T14:45:00+09:00,J5,259,264,523
2018-09-26T15:00:00+09:00,J1,693,756,1449
2018-09-26T15:00:00+09:00,J2,410,505,915
2018-09-26T15:00:00+09:00,J3,714,678,1392
2018-09-26T15:00:00+09:00,J4,738,704,1442
2018-09-26T15:00:00+09:00,J5,329,389,718
2018-09-26T15:15:00+09:00,J1,644,817,1461
2018-09-26T15:15:00+09:00,J2,410,490,900
2018-09-26T15:15:00+09:00,J3,703,712,1415
2018-09-26T15:15:00+09:00,J4,805,718,1523
2018-09-26T15:15:00+09:00,J5,372,424,796
2018-09-26T15:30:00+09:00,J1,618,807,1425
2018-09-26T15:30:00+09:00,J2,350,505,855
2018-09-26T15:30:00+09:00,J3,629,637,1266
2018-09-26T15:30:00+09:00,J4,790,770,1560
2018-09-26T15:30:00+09:00,J5,476,517,993
2018-09-26T15:45:00+09:00,J1,656,775,1431
2018-09-26T15:45:00+09:00,J2,342,483,825
2018-09-26T15:45:00+09:00,J3,667,652,1319
2018-09-26T15:45:00+09:00,J4,683,624,1307
2018-09-26T15:45:00+09:00,J5,438,537,975
2018-09-26T16:00:00+09:00,J1,690,762,1452
2018-09-26T16:00:00+09:00,J2,387,491,878
2018-09-26T16:00:00+09:00,J3,638,626,1264
2018-09-26T16:00:00+09:00,J4,766,712,1478
2018-09-26T16:00:00+09:00,J5,405,546,951
2018-09-26T16:15:00+09:00,J1,666,787,1453
2018-09-26T16:15:00+09:00,J2,404,461,865
2018-09-26T16:15:00+09:00,J3,628,582,1210
2018-09-26T16:15:00+09:00,J4,704,724,1428
2018-09-26T16:15:00+09:00,J5,419,514,933
2018-09-26T16:30:00+09:00,J1,726,835,1561
2018-09-26T16:30:00+09:00,J2,404,420,824
2018-09-26T16:30:00+09:00,J3,636,663,1299
2018-09-26T16:30:00+09:00,J4,777,687,1464
2018-09-26T16:30:00+09:00,J5,457,496,953
2018-09-26T16:45:00+09:00,J1,684,753,1437
2018-09-26T16:45:00+09:00,J2,404,421,825
2018-09-26T16:45:00+09:00,J3,604,605,1209
2018-09-26T16:45:00+09:00,J4,759,731,1490
2018-09-26T16:45:00+09:00,J5,491,537,1028
2018-09-26T17:00:00+09:00,J1,749,877,1626
2018-09-26T17:00:00+09:00,J2,499,513,1012
2018-09-26T17:00:00+09:00,J3,874,778,1652
2018-09-26T17:00:00+09:00,J4,709,692,1401
2018-09-26T17:00:00+09:00,J5,500,597,1097
2018-09-26T17:15:00+09:00,J1,818,900,1718
2018-09-26T17:15:00+09:00,J2,509,523,1032
2018-09-26T17:15:00+09:00,J3,853,800,1653
2018-09-26T17:15:00+09:00,J4,801,707,1508
2018-09-26T17:15:00+09:00,J5,423,605,1028
2018-09-26T17:30:00+09:00,J1,826,1071,1897
2018-09-26T17:30:00+09:00,J2,584,698,1282
2018-09-26T17:30:00+09:00,J3,957,909,1866
2018-09-26T17:30:00+09:00,J4,874,818,1692
2018-09-26T17:30:00+09:00,J5,489,634,1123
2018-09-26T17:45:00+09:00,J1,861,1241,2102
2018-09-26T17:45:00+09:00,J2,723,723,1446
2018-09-26T17:45:00+09:00,J3,1082,955,2037
2018-09-26T17:45:00+09:00,J4,971,752,1723
2018-09-26T17:45:00+09:00,J5,489,655,1144
2018-09-26T18:00:00+09:00,J1,863,1265,2128
2018-09-26T18:00:00+09:00,J2,650,717,1367
2018-09-26T18:00:00+09:00,J3,1040,1036,2076
2018-09-26T18:00:00+09:00,J4,979,806,1785
2018-09-26T18:00:00+09:00,J5,561,760,1321
2018-09-26T18:15:00+09:00,J1,918,1254,2172
2018-09-26T18:15:00+09:00,J2,696,721,1417
2018-09-26T18:15:00+09:00,J3,1045,1042,2087
2018-09-26T18:15:00+09:00,J4,1010,739,1749
2018-09-26T18:15:00+09:00,J5,572,715,1287
2018-09-26T18:30:00+09:00,J1,947,1115,2062
2018-09-26T18:30:00+09:00,J2,606,632,1238
2018-09-26T18:30:00+09:00,J3,1044,801,1845
2018-09-26T18:30:00+09:00,J4,958,749,1707
2018-09-26T18:30:00+09:00,J5,498,665,1163
2018-09-26T18:45:00+09:00,J1,800,976,1776
2018-09-26T18:45:00+09:00,J2,464,532,996
2018-09-26T18:45:00+09:00,J3,751,664,1415
2018-09-26T18:45:00+09:00,J4,941,717,1658
2018-09-26T18:45:00+09:00,J5,490,646,1136
2018-09-26T19:00:00+09:00,J1,755,858,1613
2018-09-26T19:00:00+09:00,J2,451,443,894
2018-09-26T19:00:00+09:00,J3,655,462,1117
2018-09-26T19:00:00+09:00,J4,941,716,1657
2018-09-26T19:00:00+09:00,J5,519,653,1172
2018-09-26T19:15:00+09:00,J1,800,875,1675
2018-09-26T19:15:00+09:00,J2,419,463,882
2018-09-26T19:15:00+09:00,J3,620,501,1121
2018-09-26T19:15:00+09:00,J4,851,658,1509
2018-09-26T19:15:00+09:00,J5,542,581,1123
2018-09-26T19:30:00+09:00,J1,749,864,1613
2018-09-26T19:30:00+09:00,J2,360,420,780
2018-09-26T19:30:00+09:00,J3,486,494,980
2018-09-26T19:30:00+09:00,J4,691,607,1298
2018-09-26T19:30:00+09:00,J5,516,554,1070
2018-09-26T19:45:00+09:00,J1,700,800,1500
2018-09-26T19:45:00+09:00,J2,356,425,781
2018-09-26T19:45:00+09:00,J3,459,464,923
2018-09-26T19:45:00+09:00,J4,669,628,1297
2018-09-26T19:45:00+09:00,J5,417,490,907
2018-09-26T20:00:00+09:00,J1,658,818,1476
2018-09-26T20:00:00+09:00,J2,385,381,766
2018-09-26T20:00:00+09:00,J3,450,448,898
2018-09-26T20:00:00+09:00,J4,620,626,1246
2018-09-26T20:00:00+09:00,J5,440,508,948
2018-09-26T20:15:00+09:00,J1,691,853,1544
2018-09-26T20:15:00+09:00,J2,444,451,895
2018-09-26T20:15:00+09:00,J3,453,434,887
2018-09-26T20:15:00+09:00,J4,664,587,1251
2018-09-26T20:15:00+09:00,J5,416,462,878
2018-09-26T20:30:00+09:00,J1,696,816,1512
2018-09-26T20:30:00+09:00,J2,431,428,859
2018-09-26T20:30:00+09:00,J3,529,513,1042
2018-09-26T20:30:00+09:00,J4,657,637,1294
2018-09-26T20:30:00+09:00,J5,416,432,848
2018-09-26T20:45:00+09:00,J1,707,747,1454
2018-09-26T20:45:00+09:00,J2,419,425,844
2018-09-26T20:45:00+09:00,J3,450,475,925
2018-09-26T20:45:00+09:00,J4,624,605,1229
2018-09-26T20:45:00+09:00,J5,339,412,751
2018-09-26T21:00:00+09:00,J1,700,794,1494
2018-09-26T21:00:00+09:00,J2,487,544,1031
2018-09-26T21:00:00+09:00,J3,529,463,992
2018-09-26T21:00:00+09:00,J4,651,660,1311
2018-09-26T21:00:00+09:00,J5,343,389,732
2018-09-26T21:15:00+09:00,J1,727,882,1609
2018-09-26T21:15:00+09:00,J2,497,498,995
2018-09-26T21:15:00+09:00,J3,519,520,1039
2018-09-26T21:15:00+09:00,J4,694,656,1350
2018-09-26T21:15:00+09:00,J5,332,392,724
2018-09-26T21:30:00+09:00,J1,669,737,1406
2018-09-26T21:30:00+09:00,J2,484,469,953
2018-09-26T21:30:00+09:00,J3,511,489,1000
2018-09-26T21:30:00+09:00,J4,738,696,1434
2018-09-26T21:30:00+09:00,J5,334,357,691
2018-09-26T21:45:00+09:00,J1,577,708,1285
2018-09-26T21:45:00+09:00,J2,432,509,941
2018-09-26T21:45:00+09:00,J3,550,553,1103
2018-09-26T21:45:00+09:00,J4,805,811,1616
2018-09-26T21:45:00+09:00,J5,296,346,642
2018-09-26T22:00:00+09:00,J1,545,593,1138
2018-09-26T22:00:00+09:00,J2,434,475,909
2018-09-26T22:00:00+09:00,J3,500,508,1008
2018-09-26T22:00:00+09:00,J4,850,863,1713
2018-09-26T22:00:00+09:00,J5,285,313,598
2018-09-26T22:15:00+09:00,J1,559,648,1207
2018-09-26T22:15:00+09:00,J2,449,452,901
2018-09-26T22:15:00+09:00,J3,532,536,1068
2018-09-26T22:15:00+09:00,J4,954,914,1868
2018-09-26T22:15:00+09:00,J5,274,266,540
2018-09-26T22:30:00+09:00,J1,512,573,1085
2018-09-26T22:30:00+09:00,J2,410,436,846
2018-09-26T22:30:00+09:00,J3,543,536,1079
2018-09-26T22:30:00+09:00,J4,930,862,1792
2018-09-26T22:30:00+09:00,J5,316,419,735
2018-09-26T22:45:00+09:00,J1,542,614,1156
2018-09-26T22:45:00+09:00,J2,425,406,831
2018-09-26T22:45:00+09:00,J3,583,547,1130
2018-09-26T22:45:00+09:00,J4,861,862,1723
2018-09-26T22:45:00+09:00,J5,304,421,725
2018-09-26T23:00:00+09:00,J1,534,597,1131
2018-09-26T23:00:00+09:00,J2,402,381,783
2018-09-26T23:00:00+09:00,J3,552,534,1086
2018-09-26T23:00:00+09:00,J4,897,921,1818
2018-09-26T23:00:00+09:00,J5,285,395,680
2018-09-26T23:15:00+09:00,J1,548,606,1154
2018-09-26T23:15:00+09:00,J2,421,435,856
2018-09-26T23:15:00+09:00,J3,664,568,1232
2018-09-26T23:15:00+09:00,J4,846,908,1754
2018-09-26T23:15:00+09:00,J5,249,332,581
2018-09-26T23:30:00+09:00,J1,622,668,1290
2018-09-26T23:30:00+09:00,J2,401,392,793
2018-09-26T23:30:00+09:00,J3,580,537,1117
2018-09-26T23:30:00+09:00,J4,742,803,1545
2018-09-26T23:30:00+09:00,J5,286,307,593
2018-09-26T23:45:00+09:00,J1,536,604,1140
2018-09-26T23:45:00+09:00,J2,380,366,746
2018-09-26T23:45:00+09:00,J3,614,516,1130
2018-09-26T23:45:00+09:00,J4,696,743,1439
2018-09-26T23:45:00+09:00,J5,270,315,585
2018-09-27T00:00:00+09:00,J1,408,383,791
2018-09-27T00:00:00+09:00,J2,399,412,811
2018-09-27T00:00:00+09:00,J3,461,433,894
2018-09-27T00:00:00+09:00,J4,896,864,1760
2018-09-27T00:00:00+09:00,J5,291,384,675
2018-09-27T00:15:00+09:00,J1,204,255,459
2018-09-27T00:15:00+09:00,J2,364,385,749
2018-09-27T00:15:00+09:00,J3,445,460,905
2018-09-27T00:15:00+09:00,J4,308,294,602
2018-09-27T00:15:00+09:00,J5,217,237,454
2018-09-27T00:30:00+09:00,J1,180,207,387
2018-09-27T00:30:00+09:00,J2,395,342,737
2018-09-27T00:30:00+09:00,J3,365,374,739
2018-09-27T00:30:00+09:00,J4,183,189,372
2018-09-27T00:30:00+09:00,J5,177,168,345
2018-09-27T00:45:00+09:00,J1,164,134,298
2018-09-27T00:45:00+09:00,J2,342,372,714
2018-09-27T00:45:00+09:00,J3,312,286,598
2018-09-27T00:45:00+09:00,J4,251,234,485
2018-09-27T00:45:00+09:00,J5,159,178,337
2018-09-27T05:45:00+09:00,J1,267,264,531
2018-09-27T05:45:00+09:00,J2,230,201,431
2018-09-27T05:45:00+09:00,J3,325,301,626
2018-09-27T05:45:00+09:00,J4,637,655,1292
2018-09-27T05:45:00+09:00,J5,184,196,380
2018-09-27T06:00:00+09:00,J1,317,316,633
2018-09-27T06:00:00+09:00,J2,256,236,492
2018-09-27T06:00:00+09:00,J3,208,189,397
2018-09-27T06:00:00+09:00,J4,800,793,1593
2018-09-27T06:00:00+09:00,J5,231,253,484
2018-09-27T06:15:00+09:00,J1,576,562,1138
2018-09-27T06:15:00+09:00,J2,392,381,773
2018-09-27T06:15:00+09:00,J3,310,334,644
2018-09-27T06:15:00+09:00,J4,635,687,1322
2018-09-27T06:15:00+09:00,J5,215,258,473
2018-09-27T06:30:00+09:00,J1,554,547,1101
2018-09-27T06:30:00+09:00,J2,460,432,892
2018-09-27T06:30:00+09:00,J3,281,245,526
2018-09-27T06:30:00+09:00,J4,718,728,1446
2018-09-27T06:30:00+09:00,J5,242,300,542
2018-09-27T06:45:00+09:00,J1,697,768,1465
2018-09-27T06:45:00+09:00,J2,445,478,923
2018-09-27T06:45:00+09:00,J3,342,317,659
2018-09-27T06:45:00+09:00,J4,668,678,1346
2018-09-27T06:45:00+09:00,J5,220,192,412
2018-09-27T07:00:00+09:00,J1,719,755,1474
2018-09-27T07:00:00+09:00,J2,526,505,1031
2018-09-27T07:00:00+09:00,J3,294,266,560
2018-09-27T07:00:00+09:00,J4,1008,1015,2023
2018-09-27T07:00:00+09:00,J5,272,230,502
2018-09-27T07:15:00+09:00,J1,671,624,1295
2018-09-27T07:15:00+09:00,J2,522,412,934
2018-09-27T07:15:00+09:00,J3,288,266,554
2018-09-27T07:15:00+09:00,J4,1029,1139,2168
2018-09-27T07:15:00+09:00,J5,300,307,607
2018-09-27T07:30:00+09:00,J1,696,561,1257
2018-09-27T07:30:00+09:00,J2,624,493,1117
2018-09-27T07:30:00+09:00,J3,202,266,468
2018-09-27T07:30:00+09:00,J4,999,1089,2088
2018-09-27T07:30:00+09:00,J5,299,396,695
2018-09-27T07:45:00+09:00,J1,907,743,1650
2018-09-27T07:45:00+09:00,J2,605,537,1142
2018-09-27T07:45:00+09:00,J3,250,353,603
2018-09-27T07:45:00+09:00,J4,1083,1185,2268
2018-09-27T07:45:00+09:00,J5,350,385,735
2018-09-27T08:00:00+09:00,J1,1108,859,1967
2018-09-27T08:00:00+09:00,J2,669,500,1169
2018-09-27T08:00:00+09:00,J3,376,499,875
2018-09-27T08:00:00+09:00,J4,810,1069,1879
2018-09-27T08:00:00+09:00,J5,336,395,731
2018-09-27T08:15:00+09:00,J1,1187,764,1951
2018-09-27T08:15:00+09:00,J2,806,544,1350
2018-09-27T08:15:00+09:00,J3,370,607,977
2018-09-27T08:15:00+09:00,J4,894,1239,2133
2018-09-27T08:15:00+09:00,J5,421,523,944
2018-09-27T08:30:00+09:00,J1,1153,796,1949
2018-09-27T08:30:00+09:00,J2,897,517,1414
2018-09-27T08:30:00+09:00,J3,352,564,916
2018-09-27T08:30:00+09:00,J4,938,1265,2203
2018-09-27T08:30:00+09:00,J5,429,537,966
2018-09-27T08:45:00+09:00,J1,807,630,1437
2018-09-27T08:45:00+09:00,J2,639,577,1216
2018-09-27T08:45:00+09:00,J3,338,429,767
2018-09-27T08:45:00+09:00,J4,853,1021,1874
2018-09-27T08:45:00+09:00,J5,390,456,846
2018-09-27T09:00:00+09:00,J1,786,621,1407
2018-09-27T09:00:00+09:00,J2,614,565,1179
2018-09-27T09:00:00+09:00,J3,365,420,785
2018-09-27T09:00:00+09:00,J4,551,709,1260
2018-09-27T09:00:00+09:00,J5,364,411,775
2018-09-27T09:15:00+09:00,J1,744,559,1303
2018-09-27T09:15:00+09:00,J2,611,507,1118
2018-09-27T09:15:00+09:00,J3,361,379,740
2018-09-27T09:15:00+09:00,J4,646,788,1434
2018-09-27T09:15:00+09:00,J5,402,451,853
2018-09-27T09:30:00+09:00,J1,668,602,1270
2018-09-27T09:30:00+09:00,J2,586,555,1141
2018-09-27T09:30:00+09:00,J3,341,404,745
2018-09-27T09:30:00+09:00,J4,532,642,1174
2018-09-27T09:30:00+09:00,J5,384,466,850
2018-09-27T09:45:00+09:00,J1,581,505,1086
2018-09-27T09:45:00+09:00,J2,632,540,1172
2018-09-27T09:45:00+09:00,J3,282,274,556
2018-09-27T09:45:00+09:00,J4,564,596,1160
2018-09-27T09:45:00+09:00,J5,379,403,782
2018-09-27T10:00:00+09:00,J1,606,550,1156
2018-09-27T10:00:00+09:00,J2,564,503,1067
2018-09-27T10:00:00+09:00,J3,268,289,557
2018-09-27T10:00:00+09:00,J4,537,597,1134
2018-09-27T10:00:00+09:00,J5,374,349,723
2018-09-27T10:15:00+09:00,J1,573,490,1063
2018-09-27T10:15:00+09:00,J2,498,476,974
2018-09-27T10:15:00+09:00,J3,238,249,487
2018-09-27T10:15:00+09:00,J4,537,534,1071
2018-09-27T10:15:00+09:00,J5,316,384,700
2018-09-27T10:30:00+09:00,J1,550,500,1050
2018-09-27T10:30:00+09:00,J2,502,449,951
2018-09-27T10:30:00+09:00,J3,258,248,506
2018-09-27T10:30:00+09:00,J4,533,506,1039
2018-09-27T10:30:00+09:00,J5,260,328,588
2018-09-27T10:45:00+09:00,J1,613,537,1150
2018-09-27T10:45:00+09:00,J2,489,406,895
2018-09-27T10:45:00+09:00,J3,239,241,480
2018-09-27T10:45:00+09:00,J4,719,568,1287
2018-09-27T10:45:00+09:00,J5,300,270,570
2018-09-27T11:00:00+09:00,J1,522,523,1045
2018-09-27T11:00:00+09:00,J2,482,413,895
2018-09-27T11:00:00+09:00,J3,240,263,503
2018-09-27T11:00:00+09:00,J4,635,577,1212
2018-09-27T11:00:00+09:00,J5,307,302,609
2018-09-27T11:15:00+09:00,J1,610,640,1250
2018-09-27T11:15:00+09:00,J2,517,426,943
2018-09-27T11:15:00+09:00,J3,226,268,494
2018-09-27T11:15:00+09:00,J4,671,686,1357
2018-09-27T11:15:00+09:00,J5,347,424,771
2018-09-27T11:30:00+09:00,J1,627,557,1184
2018-09-27T11:30:00+09:00,J2,450,415,865
2018-09-27T11:30:00+09:00,J3,200,242,442
2018-09-27T11:30:00+09:00,J4,746,794,1540
2018-09-27T11:30:00+09:00,J5,347,356,703
2018-09-27T11:45:00+09:00,J1,577,604,1181
2018-09-27T11:45:00+09:00,J2,429,397,826
2018-09-27T11:45:00+09:00,J3,235,269,504
2018-09-27T11:45:00+09:00,J4,804,786,1590
2018-09-27T11:45:00+09:00,J5,386,453,839
2018-09-27T12:00:00+09:00,J1,588,633,1221
2018-09-27T12:00:00+09:00,J2,455,380,835
2018-09-27T12:00:00+09:00,J3,277,317,594
2018-09-27T12:00:00+09:00,J4,776,817,1593
2018-09-27T12:00:00+09:00,J5,400,495,895
2018-09-27T12:15:00+09:00,J1,592,735,1327
2018-09-27T12:15:00+09:00,J2,472,378,850
2018-09-27T12:15:00+09:00,J3,249,261,510
2018-09-27T12:15:00+09:00,J4,764,704,1468
2018-09-27T12:15:00+09:00,J5,377,428,805
2018-09-27T12:30:00+09:00,J1,643,683,1326
2018-09-27T12:30:00+09:00,J2,497,441,938
2018-09-27T12:30:00+09:00,J3,255,293,548
2018-09-27T12:30:00+09:00,J4,802,755,1557
2018-09-27T12:30:00+09:00,J5,389,457,846
2018-09-27T12:45:00+09:00,J1,544,570,1114
2018-09-27T12:45:00+09:00,J2,469,431,900
2018-09-27T12:45:00+09:00,J3,272,269,541
2018-09-27T12:45:00+09:00,J4,714,675,1389
2018-09-27T12:45:00+09:00,J5,410,431,841
2018-09-27T13:00:00+09:00,J1,597,608,1205
2018-09-27T13:00:00+09:00,J2,397,449,846
2018-09-27T13:00:00+09:00,J3,268,279,547
2018-09-27T13:00:00+09:00,J4,653,666,1319
2018-09-27T13:00:00+09:00,J5,386,436,822
2018-09-27T13:15:00+09:00,J1,623,646,1269
2018-09-27T13:15:00+09:00,J2,436,450,886
2018-09-27T13:15:00+09:00,J3,276,278,554
2018-09-27T13:15:00+09:00,J4,656,607,1263
2018-09-27T13:15:00+09:00,J5,369,463,832
2018-09-27T13:30:00+09:00,J1,570,700,1270
2018-09-27T13:30:00+09:00,J2,393,469,862
2018-09-27T13:30:00+09:00,J3,290,290,580
2018-09-27T13:30:00+09:00,J4,668,712,1380
2018-09-27T13:30:00+09:00,J5,408,476,884
2018-09-27T13:45:00+09:00,J1,566,580,1146
2018-09-27T13:45:00+09:00,J2,353,425,778
2018-09-27T13:45:00+09:00,J3,277,262,539
2018-09-27T13:45:00+09:00,J4,665,627,1292
2018-09-27T13:45:00+09:00,J5,328,357,685
2018-09-27T14:00:00+09:00,J1,538,569,1107
2018-09-27T14:00:00+09:00,J2,383,413,796
2018-09-27T14:00:00+09:00,J3,256,238,494
2018-09-27T14:00:00+09:00,J4,641,602,1243
2018-09-27T14:00:00+09:00,J5,329,436,765
2018-09-27T14:15:00+09:00,J1,581,703,1284
2018-09-27T14:15:00+09:00,J2,374,456,830
2018-09-27T14:15:00+09:00,J3,290,272,562
2018-09-27T14:15:00+09:00,J4,679,644,1323
2018-09-27T14:15:00+09:00,J5,351,364,715
2018-09-27T14:30:00+09:00,J1,523,680,1203
2018-09-27T14:30:00+09:00,J2,433,453,886
2018-09-27T14:30:00+09:00,J3,307,295,602
2018-09-27T14:30:00+09:00,J4,631,655,1286
2018-09-27T14:30:00+09:00,J5,283,296,579
2018-09-27T14:45:00+09:00,J1,602,597,1199
2018-09-27T14:45:00+09:00,J2,393,405,798
2018-09-27T14:45:00+09:00,J3,295,301,596
2018-09-27T14:45:00+09:00,J4,629,559,1188
2018-09-27T14:45:00+09:00,J5,429,447,876
2018-09-27T15:00:00+09:00,J1,588,732,1320
2018-09-27T15:00:00+09:00,J2,373,442,815
2018-09-27T15:00:00+09:00,J3,280,300,580
2018-09-27T15:00:00+09:00,J4,669,596,1265
2018-09-27T15:00:00+09:00,J5,388,515,903
2018-09-27T15:15:00+09:00,J1,548,737,1285
2018-09-27T15:15:00+09:00,J2,395,473,868
2018-09-27T15:15:00+09:00,J3,257,374,631
2018-09-27T15:15:00+09:00,J4,576,566,1142
2018-09-27T15:15:00+09:00,J5,458,538,996
2018-09-27T15:30:00+09:00,J1,619,678,1297
2018-09-27T15:30:00+09:00,J2,403,478,881
2018-09-27T15:30:00+09:00,J3,311,376,687
2018-09-27T15:30:00+09:00,J4,587,552,1139
2018-09-27T15:30:00+09:00,J5,354,482,836
2018-09-27T15:45:00+09:00,J1,637,785,1422
2018-09-27T15:45:00+09:00,J2,373,471,844
2018-09-27T15:45:00+09:00,J3,274,298,572
2018-09-27T15:45:00+09:00,J4,535,528,1063
2018-09-27T15:45:00+09:00,J5,383,459,842
2018-09-27T16:00:00+09:00,J1,587,691,1278
2018-09-27T16:00:00+09:00,J2,359,468,827
2018-09-27T16:00:00+09:00,J3,324,283,607
2018-09-27T16:00:00+09:00,J4,574,527,1101
2018-09-27T16:00:00+09:00,J5,348,444,792
2018-09-27T16:15:00+09:00,J1,635,709,1344
2018-09-27T16:15:00+09:00,J2,406,493,899
2018-09-27T16:15:00+09:00,J3,286,313,599
2018-09-27T16:15:00+09:00,J4,616,579,1195
2018-09-27T16:15:00+09:00,J5,304,356,660
2018-09-27T16:30:00+09:00,J1,600,695,1295
2018-09-27T16:30:00+09:00,J2,357,436,793
2018-09-27T16:30:00+09:00,J3,303,323,626
2018-09-27T16:30:00+09:00,J4,677,618,1295
2018-09-27T16:30:00+09:00,J5,357,401,758
2018-09-27T16:45:00+09:00,J1,564,649,1213
2018-09-27T16:45:00+09:00,J2,382,389,771
2018-09-27T16:45:00+09:00,J3,404,375,779
2018-09-27T16:45:00+09:00,J4,626,613,1239
2018-09-27T16:45:00+09:00,J5,385,468,853
2018-09-27T17:00:00+09:00,J1,632,765,1397
2018-09-27T17:00:00+09:00,J2,441,539,980
2018-09-27T17:00:00+09:00,J3,469,448,917
2018-09-27T17:00:00+09:00,J4,622,591,1213
2018-09-27T17:00:00+09:00,J5,410,572,982
2018-09-27T17:15:00+09:00,J1,708,872,1580
2018-09-27T17:15:00+09:00,J2,462,586,1048
2018-09-27T17:15:00+09:00,J3,500,439,939
2018-09-27T17:15:00+09:00,J4,798,632,1430
2018-09-27T17:15:00+09:00,J5,417,594,1011
2018-09-27T17:30:00+09:00,J1,739,885,1624
2018-09-27T17:30:00+09:00,J2,486,663,1149
2018-09-27T17:30:00+09:00,J3,503,483,986
2018-09-27T17:30:00+09:00,J4,827,670,1497
2018-09-27T17:30:00+09:00,J5,388,608,996
2018-09-27T17:45:00+09:00,J1,801,952,1753
2018-09-27T17:45:00+09:00,J2,513,632,1145
2018-09-27T17:45:00+09:00,J3,471,456,927
2018-09-27T17:45:00+09:00,J4,776,680,1456
2018-09-27T17:45:00+09:00,J5,434,601,1035
2018-09-27T18:00:00+09:00,J1,797,1025,1822
2018-09-27T18:00:00+09:00,J2,497,656,1153
2018-09-27T18:00:00+09:00,J3,476,432,908
2018-09-27T18:00:00+09:00,J4,859,644,1503
2018-09-27T18:00:00+09:00,J5,452,646,1098
2018-09-27T18:15:00+09:00,J1,877,961,1838
2018-09-27T18:15:00+09:00,J2,531,632,1163
2018-09-27T18:15:00+09:00,J3,482,412,894
2018-09-27T18:15:00+09:00,J4,849,602,1451
2018-09-27T18:15:00+09:00,J5,504,629,1133
2018-09-27T18:30:00+09:00,J1,741,868,1609
2018-09-27T18:30:00+09:00,J2,442,553,995
2018-09-27T18:30:00+09:00,J3,397,374,771
2018-09-27T18:30:00+09:00,J4,799,649,1448
2018-09-27T18:30:00+09:00,J5,466,581,1047
2018-09-27T18:45:00+09:00,J1,704,821,1525
2018-09-27T18:45:00+09:00,J2,412,422,834
2018-09-27T18:45:00+09:00,J3,350,353,703
2018-09-27T18:45:00+09:00,J4,766,658,1424
2018-09-27T18:45:00+09:00,J5,458,599,1057
2018-09-27T19:00:00+09:00,J1,611,750,1361
2018-09-27T19:00:00+09:00,J2,353,398,751
2018-09-27T19:00:00+09:00,J3,363,356,719
2018-09-27T19:00:00+09:00,J4,762,673,1435
2018-09-27T19:00:00+09:00,J5,492,578,1070
2018-09-27T19:15:00+09:00,J1,643,729,1372
2018-09-27T19:15:00+09:00,J2,330,442,772
2018-09-27T19:15:00+09:00,J3,331,360,691
2018-09-27T19:15:00+09:00,J4,821,684,1505
2018-09-27T19:15:00+09:00,J5,447,588,1035
2018-09-27T19:30:00+09:00,J1,718,797,1515
2018-09-27T19:30:00+09:00,J2,323,402,725
2018-09-27T19:30:00+09:00,J3,264,311,575
2018-09-27T19:30:00+09:00,J4,781,660,1441
2018-09-27T19:30:00+09:00,J5,420,543,963
2018-09-27T19:45:00+09:00,J1,645,707,1352
2018-09-27T19:45:00+09:00,J2,268,360,628
2018-09-27T19:45:00+09:00,J3,241,349,590
2018-09-27T19:45:00+09:00,J4,781,711,1492
2018-09-27T19:45:00+09:00,J5,442,530,972
2018-09-27T20:00:00+09:00,J1,511,631,1142
2018-09-27T20:00:00+09:00,J2,293,377,670
2018-09-27T20:00:00+09:00,J3,268,303,571
2018-09-27T20:00:00+09:00,J4,741,708,1449
2018-09-27T20:00:00+09:00,J5,532,599,1131
2018-09-27T20:15:00+09:00,J1,465,668,1133
2018-09-27T20:15:00+09:00,J2,264,378,642
2018-09-27T20:15:00+09:00,J3,302,287,589
2018-09-27T20:15:00+09:00,J4,835,725,1560
2018-09-27T20:15:00+09:00,J5,497,541,1038
2018-09-27T20:30:00+09:00,J1,552,669,1221
2018-09-27T20:30:00+09:00,J2,295,335,630
2018-09-27T20:30:00+09:00,J3,286,332,618
2018-09-27T20:30:00+09:00,J4,673,540,1213
2018-09-27T20:30:00+09:00,J5,454,542,996
2018-09-27T20:45:00+09:00,J1,491,634,1125
2018-09-27T20:45:00+09:00,J2,422,372,794
2018-09-27T20:45:00+09:00,J3,279,288,567
2018-09-27T20:45:00+09:00,J4,543,480,1023
2018-09-27T20:45:00+09:00,J5,420,492,912
2018-09-27T21:00:00+09:00,J1,769,862,1631
2018-09-27T21:00:00+09:00,J2,376,376,752
2018-09-27T21:00:00+09:00,J3,216,172,388
2018-09-27T21:00:00+09:00,J4,749,634,1383
2018-09-27T21:00:00+09:00,J5,391,462,853
2018-09-27T21:15:00+09:00,J1,822,918,1740
2018-09-27T21:15:00+09:00,J2,290,331,621
2018-09-27T21:15:00+09:00,J3,244,222,466
2018-09-27T21:15:00+09:00,J4,786,624,1410
2018-09-27T21:15:00+09:00,J5,356,417,773
2018-09-27T21:30:00+09:00,J1,733,810,1543
2018-09-27T21:30:00+09:00,J2,314,289,603
2018-09-27T21:30:00+09:00,J3,208,179,387
2018-09-27T21:30:00+09:00,J4,690,588,1278
2018-09-27T21:30:00+09:00,J5,383,442,825
2018-09-27T21:45:00+09:00,J1,595,708,1303
2018-09-27T21:45:00+09:00,J2,302,333,635
2018-09-27T21:45:00+09:00,J3,197,180,377
2018-09-27T21:45:00+09:00,J4,603,654,1257
2018-09-27T21:45:00+09:00,J5,361,420,781
2018-09-27T22:00:00+09:00,J1,614,741,1355
2018-09-27T22:00:00+09:00,J2,365,350,715
2018-09-27T22:00:00+09:00,J3,165,126,291
2018-09-27T22:00:00+09:00,J4,728,728,1456
2018-09-27T22:00:00+09:00,J5,375,387,762
2018-09-27T22:15:00+09:00,J1,597,660,1257
2018-09-27T22:15:00+09:00,J2,303,322,625
2018-09-27T22:15:00+09:00,J3,171,167,338
2018-09-27T22:15:00+09:00,J4,813,794,1607
2018-09-27T22:15:00+09:00,J5,303,390,693
2018-09-27T22:30:00+09:00,J1,568,663,1231
2018-09-27T22:30:00+09:00,J2,240,262,502
2018-09-27T22:30:00+09:00,J3,150,130,280
2018-09-27T22:30:00+09:00,J4,986,970,1956
2018-09-27T22:30:00+09:00,J5,380,512,892
2018-09-27T22:45:00+09:00,J1,504,642,1146
2018-09-27T22:45:00+09:00,J2,275,329,604
2018-09-27T22:45:00+09:00,J3,188,150,338
2018-09-27T22:45:00+09:00,J4,868,857,1725
2018-09-27T22:45:00+09:00,J5,365,414,779
2018-09-27T23:00:00+09:00,J1,523,630,1153
2018-09-27T23:00:00+09:00,J2,353,361,714
2018-09-27T23:00:00+09:00,J3,153,143,296
2018-09-27T23:00:00+09:00,J4,930,878,1808
2018-09-27T23:00:00+09:00,J5,333,340,673
2018-09-27T23:15:00+09:00,J1,528,513,1041
2018-09-27T23:15:00+09:00,J2,280,301,581
2018-09-27T23:15:00+09:00,J3,153,151,304
2018-09-27T23:15:00+09:00,J4,1013,939,1952
2018-09-27T23:15:00+09:00,J5,342,343,685
2018-09-27T23:30:00+09:00,J1,409,418,827
2018-09-27T23:30:00+09:00,J2,312,316,628
2018-09-27T23:30:00+09:00,J3,172,166,338
2018-09-27T23:30:00+09:00,J4,668,718,1386
2018-09-27T23:30:00+09:00,J5,303,352,655
2018-09-27T23:45:00+09:00,J1,442,447,889
2018-09-27T23:45:00+09:00,J2,298,281,579
2018-09-27T23:45:00+09:00,J3,147,104,251
2018-09-27T23:45:00+09:00,J4,653,681,1334
2018-09-27T23:45:00+09:00,J5,306,331,637
2018-09-28T00:00:00+09:00,J1,407,405,812
2018-09-28T00:00:00+09:00,J2,348,279,627
2018-09-28T00:00:00+09:00,J3,152,78,230
2018-09-28T00:00:00+09:00,J4,971,891,1862
2018-09-28T00:00:00+09:00,J5,334,377,711
2018-09-28T00:15:00+09:00,J1,184,223,407
2018-09-28T00:15:00+09:00,J2,380,289,669
2018-09-28T00:15:00+09:00,J3,223,194,417
2018-09-28T00:15:00+09:00,J4,281,294,575
2018-09-28T00:15:00+09:00,J5,267,288,555
2018-09-28T00:30:00+09:00,J1,180,169,349
2018-09-28T00:30:00+09:00,J2,341,349,690
2018-09-28T00:30:00+09:00,J3,383,299,682
2018-09-28T00:30:00+09:00,J4,179,205,384
2018-09-28T00:30:00+09:00,J5,177,152,329
2018-09-28T00:45:00+09:00,J1,166,157,323
2018-09-28T00:45:00+09:00,J2,360,412,772
2018-09-28T00:45:00+09:00,J3,354,289,643
2018-09-28T00:45:00+09:00,J4,157,170,327
2018-09-28T00:45:00+09:00,J5,140,147,287
2018-09-28T05:45:00+09:00,J1,163,191,354
2018-09-28T05:45:00+09:00,J2,313,241,554
2018-09-28T05:45:00+09:00,J3,427,426,853
2018-09-28T05:45:00+09:00,J4,878,895,1773
2018-09-28T05:45:00+09:00,J5,168,127,295
2018-09-28T06:00:00+09:00,J1,174,150,324
2018-09-28T06:00:00+09:00,J2,237,155,392
2018-09-28T06:00:00+09:00,J3,334,290,624
2018-09-28T06:00:00+09:00,J4,574,550,1124
2018-09-28T06:00:00+09:00,J5,144,120,264
2018-09-28T06:15:00+09:00,J1,548,513,1061
2018-09-28T06:15:00+09:00,J2,597,552,1149
2018-09-28T06:15:00+09:00,J3,651,618,1269
2018-09-28T06:15:00+09:00,J4,987,986,1973
2018-09-28T06:15:00+09:00,J5,313,300,613
2018-09-28T06:30:00+09:00,J1,479,490,969
2018-09-28T06:30:00+09:00,J2,470,445,915
2018-09-28T06:30:00+09:00,J3,426,370,796
2018-09-28T06:30:00+09:00,J4,740,788,1528
2018-09-28T06:30:00+09:00,J5,243,316,559
2018-09-28T06:45:00+09:00,J1,450,398,848
2018-09-28T06:45:00+09:00,J2,392,331,723
2018-09-28T06:45:00+09:00,J3,474,430,904
2018-09-28T06:45:00+09:00,J4,788,851,1639
2018-09-28T06:45:00+09:00,J5,255,297,552
2018-09-28T07:00:00+09:00,J1,617,645,1262
2018-09-28T07:00:00+09:00,J2,383,341,724
2018-09-28T07:00:00+09:00,J3,456,434,890
2018-09-28T07:00:00+09:00,J4,915,1041,1956
2018-09-28T07:00:00+09:00,J5,262,253,515
2018-09-28T07:15:00+09:00,J1,694,675,1369
2018-09-28T07:15:00+09:00,J2,499,427,926
2018-09-28T07:15:00+09:00,J3,506,480,986
2018-09-28T07:15:00+09:00,J4,854,930,1784
2018-09-28T07:15:00+09:00,J5,284,293,577
2018-09-28T07:30:00+09:00,J1,764,675,1439
2018-09-28T07:30:00+09:00,J2,487,355,842
2018-09-28T07:30:00+09:00,J3,439,480,919
2018-09-28T07:30:00+09:00,J4,726,839,1565
2018-09-28T07:30:00+09:00,J5,340,419,759
2018-09-28T07:45:00+09:00,J1,817,683,1500
2018-09-28T07:45:00+09:00,J2,561,339,900
2018-09-28T07:45:00+09:00,J3,521,610,1131
2018-09-28T07:45:00+09:00,J4,649,961,1610
2018-09-28T07:45:00+09:00,J5,319,397,716
2018-09-28T08:00:00+09:00,J1,1080,737,1817
2018-09-28T08:00:00+09:00,J2,712,384,1096
2018-09-28T08:00:00+09:00,J3,636,754,1390
2018-09-28T08:00:00+09:00,J4,849,1054,1903
2018-09-28T08:00:00+09:00,J5,389,429,818
2018-09-28T08:15:00+09:00,J1,1047,700,1747
2018-09-28T08:15:00+09:00,J2,771,438,1209
2018-09-28T08:15:00+09:00,J3,746,936,1682
2018-09-28T08:15:00+09:00,J4,775,1104,1879
2018-09-28T08:15:00+09:00,J5,391,483,874
2018-09-28T08:30:00+09:00,J1,1022,691,1713
2018-09-28T08:30:00+09:00,J2,868,391,1259
2018-09-28T08:30:00+09:00,J3,634,902,1536
2018-09-28T08:30:00+09:00,J4,809,1138,1947
2018-09-28T08:30:00+09:00,J5,458,515,973
2018-09-28T08:45:00+09:00,J1,753,571,1324
2018-09-28T08:45:00+09:00,J2,699,463,1162
2018-09-28T08:45:00+09:00,J3,582,754,1336
2018-09-28T08:45:00+09:00,J4,727,1017,1744
2018-09-28T08:45:00+09:00,J5,438,507,945
2018-09-28T09:00:00+09:00,J1,742,630,1372
2018-09-28T09:00:00+09:00,J2,641,501,1142
2018-09-28T09:00:00+09:00,J3,551,617,1168
2018-09-28T09:00:00+09:00,J4,641,763,1404
2018-09-28T09:00:00+09:00,J5,346,429,775
2018-09-28T09:15:00+09:00,J1,666,502,1168
2018-09-28T09:15:00+09:00,J2,542,409,951
2018-09-28T09:15:00+09:00,J3,456,525,981
2018-09-28T09:15:00+09:00,J4,676,803,1479
2018-09-28T09:15:00+09:00,J5,366,362,728
2018-09-28T09:30:00+09:00,J1,816,730,1546
2018-09-28T09:30:00+09:00,J2,487,400,887
2018-09-28T09:30:00+09:00,J3,441,473,914
2018-09-28T09:30:00+09:00,J4,662,802,1464
2018-09-28T09:30:00+09:00,J5,275,269,544
2018-09-28T09:45:00+09:00,J1,718,626,1344
2018-09-28T09:45:00+09:00,J2,565,362,927
2018-09-28T09:45:00+09:00,J3,410,423,833
2018-09-28T09:45:00+09:00,J4,607,700,1307
2018-09-28T09:45:00+09:00,J5,259,294,553
2018-09-28T10:00:00+09:00,J1,729,741,1470
2018-09-28T10:00:00+09:00,J2,519,336,855
2018-09-28T10:00:00+09:00,J3,405,447,852
2018-09-28T10:00:00+09:00,J4,648,685,1333
2018-09-28T10:00:00+09:00,J5,244,196,440
2018-09-28T10:15:00+09:00,J1,715,631,1346
2018-09-28T10:15:00+09:00,J2,535,393,928
2018-09-28T10:15:00+09:00,J3,400,434,834
2018-09-28T10:15:00+09:00,J4,665,715,1380
2018-09-28T10:15:00+09:00,J5,224,203,427
2018-09-28T10:30:00+09:00,J1,672,587,1259
2018-09-28T10:30:00+09:00,J2,483,346,829
2018-09-28T10:30:00+09:00,J3,390,420,810
2018-09-28T10:30:00+09:00,J4,686,722,1408
2018-09-28T10:30:00+09:00,J5,251,266,517
2018-09-28T10:45:00+09:00,J1,674,621,1295
2018-09-28T10:45:00+09:00,J2,497,357,854
2018-09-28T10:45:00+09:00,J3,411,442,853
2018-09-28T10:45:00+09:00,J4,674,723,1397
2018-09-28T10:45:00+09:00,J5,232,203,435
2018-09-28T11:00:00+09:00,J1,561,588,1149
2018-09-28T11:00:00+09:00,J2,429,367,796
2018-09-28T11:00:00+09:00,J3,549,462,1011
2018-09-28T11:00:00+09:00,J4,692,661,1353
2018-09-28T11:00:00+09:00,J5,231,206,437
2018-09-28T11:15:00+09:00,J1,698,609,1307
2018-09-28T11:15:00+09:00,J2,433,338,771
2018-09-28T11:15:00+09:00,J3,508,481,989
2018-09-28T11:15:00+09:00,J4,657,723,1380
2018-09-28T11:15:00+09:00,J5,258,251,509
2018-09-28T11:30:00+09:00,J1,682,718,1400
2018-09-28T11:30:00+09:00,J2,455,398,853
2018-09-28T11:30:00+09:00,J3,552,512,1064
2018-09-28T11:30:00+09:00,J4,647,688,1335
2018-09-28T11:30:00+09:00,J5,353,334,687
2018-09-28T11:45:00+09:00,J1,745,811,1556
2018-09-28T11:45:00+09:00,J2,539,451,990
2018-09-28T11:45:00+09:00,J3,604,545,1149
2018-09-28T11:45:00+09:00,J4,802,751,1553
2018-09-28T11:45:00+09:00,J5,355,369,724
2018-09-28T12:00:00+09:00,J1,758,858,1616
2018-09-28T12:00:00+09:00,J2,513,500,1013
2018-09-28T12:00:00+09:00,J3,707,656,1363
2018-09-28T12:00:00+09:00,J4,738,667,1405
2018-09-28T12:00:00+09:00,J5,412,475,887
2018-09-28T12:15:00+09:00,J1,720,878,1598
2018-09-28T12:15:00+09:00,J2,499,522,1021
2018-09-28T12:15:00+09:00,J3,845,744,1589
2018-09-28T12:15:00+09:00,J4,785,781,1566
2018-09-28T12:15:00+09:00,J5,346,386,732
2018-09-28T12:30:00+09:00,J1,686,765,1451
2018-09-28T12:30:00+09:00,J2,484,550,1034
2018-09-28T12:30:00+09:00,J3,828,857,1685
2018-09-28T12:30:00+09:00,J4,698,719,1417
2018-09-28T12:30:00+09:00,J5,257,313,570
2018-09-28T12:45:00+09:00,J1,735,681,1416
2018-09-28T12:45:00+09:00,J2,483,427,910
2018-09-28T12:45:00+09:00,J3,756,786,1542
2018-09-28T12:45:00+09:00,J4,796,757,1553
2018-09-28T12:45:00+09:00,J5,270,252,522
2018-09-28T13:00:00+09:00,J1,748,766,1514
2018-09-28T13:00:00+09:00,J2,450,524,974
2018-09-28T13:00:00+09:00,J3,803,682,1485
2018-09-28T13:00:00+09:00,J4,760,792,1552
2018-09-28T13:00:00+09:00,J5,224,267,491
2018-09-28T13:15:00+09:00,J1,758,932,1690
2018-09-28T13:15:00+09:00,J2,488,620,1108
2018-09-28T13:15:00+09:00,J3,765,929,1694
2018-09-28T13:15:00+09:00,J4,747,785,1532
2018-09-28T13:15:00+09:00,J5,294,327,621
2018-09-28T13:30:00+09:00,J1,794,934,1728
2018-09-28T13:30:00+09:00,J2,433,573,1006
2018-09-28T13:30:00+09:00,J3,796,953,1749
2018-09-28T13:30:00+09:00,J4,785,787,1572
2018-09-28T13:30:00+09:00,J5,317,304,621
2018-09-28T13:45:00+09:00,J1,805,950,1755
2018-09-28T13:45:00+09:00,J2,570,572,1142
2018-09-28T13:45:00+09:00,J3,888,909,1797
2018-09-28T13:45:00+09:00,J4,702,764,1466
2018-09-28T13:45:00+09:00,J5,298,336,634
2018-09-28T14:00:00+09:00,J1,785,999,1784
2018-09-28T14:00:00+09:00,J2,590,591,1181
2018-09-28T14:00:00+09:00,J3,877,892,1769
2018-09-28T14:00:00+09:00,J4,877,818,1695
2018-09-28T14:00:00+09:00,J5,327,329,656
2018-09-28T14:15:00+09:00,J1,780,934,1714
2018-09-28T14:15:00+09:00,J2,528,501,1029
2018-09-28T14:15:00+09:00,J3,897,819,1716
2018-09-28T14:15:00+09:00,J4,904,826,1730
2018-09-28T14:15:00+09:00,J5,332,304,636
2018-09-28T14:30:00+09:00,J1,708,835,1543
2018-09-28T14:30:00+09:00,J2,529,481,1010
2018-09-28T14:30:00+09:00,J3,738,764,1502
2018-09-28T14:30:00+09:00,J4,821,854,1675
2018-09-28T14:30:00+09:00,J5,247,254,501
2018-09-28T14:45:00+09:00,J1,696,769,1465
2018-09-28T14:45:00+09:00,J2,444,452,896
2018-09-28T14:45:00+09:00,J3,747,669,1416
2018-09-28T14:45:00+09:00,J4,691,693,1384
2018-09-28T14:45:00+09:00,J5,240,272,512
2018-09-28T15:00:00+09:00,J1,737,869,1606
2018-09-28T15:00:00+09:00,J2,457,435,892
2018-09-28T15:00:00+09:00,J3,689,674,1363
2018-09-28T15:00:00+09:00,J4,784,639,1423
2018-09-28T15:00:00+09:00,J5,302,300,602
2018-09-28T15:15:00+09:00,J1,714,879,1593
2018-09-28T15:15:00+09:00,J2,421,438,859
2018-09-28T15:15:00+09:00,J3,699,710,1409
2018-09-28T15:15:00+09:00,J4,708,690,1398
2018-09-28T15:15:00+09:00,J5,294,298,592
2018-09-28T15:30:00+09:00,J1,645,799,1444
2018-09-28T15:30:00+09:00,J2,396,547,943
2018-09-28T15:30:00+09:00,J3,797,675,1472
2018-09-28T15:30:00+09:00,J4,722,754,1476
2018-09-28T15:30:00+09:00,J5,330,331,661
2018-09-28T15:45:00+09:00,J1,691,760,1451
2018-09-28T15:45:00+09:00,J2,428,501,929
2018-09-28T15:45:00+09:00,J3,796,726,1522
2018-09-28T15:45:00+09:00,J4,695,753,1448
2018-09-28T15:45:00+09:00,J5,303,326,629
2018-09-28T16:00:00+09:00,J1,709,776,1485
2018-09-28T16:00:00+09:00,J2,401,540,941
2018-09-28T16:00:00+09:00,J3,738,632,1370
2018-09-28T16:00:00+09:00,J4,680,691,1371
2018-09-28T16:00:00+09:00,J5,388,379,767
2018-09-28T16:15:00+09:00,J1,659,796,1455
2018-09-28T16:15:00+09:00,J2,482,444,926
2018-09-28T16:15:00+09:00,J3,789,738,1527
2018-09-28T16:15:00+09:00,J4,574,610,1184
2018-09-28T16:15:00+09:00,J5,317,320,637
2018-09-28T16:30:00+09:00,J1,682,758,1440
2018-09-28T16:30:00+09:00,J2,443,433,876
2018-09-28T16:30:00+09:00,J3,779,720,1499
2018-09-28T16:30:00+09:00,J4,636,557,1193
2018-09-28T16:30:00+09:00,J5,350,405,755
2018-09-28T16:45:00+09:00,J1,706,777,1483
2018-09-28T16:45:00+09:00,J2,428,460,888
2018-09-28T16:45:00+09:00,J3,817,751,1568
2018-09-28T16:45:00+09:00,J4,674,646,1320
2018-09-28T16:45:00+09:00,J5,414,479,893
2018-09-28T17:00:00+09:00,J1,781,902,1683
2018-09-28T17:00:00+09:00,J2,426,514,940
2018-09-28T17:00:00+09:00,J3,834,728,1562
2018-09-28T17:00:00+09:00,J4,662,679,1341
2018-09-28T17:00:00+09:00,J5,463,533,996
2018-09-28T17:15:00+09:00,J1,822,1057,1879
2018-09-28T17:15:00+09:00,J2,572,551,1123
2018-09-28T17:15:00+09:00,J3,935,782,1717
2018-09-28T17:15:00+09:00,J4,766,742,1508
2018-09-28T17:15:00+09:00,J5,480,520,1000
2018-09-28T17:30:00+09:00,J1,850,1051,1901
2018-09-28T17:30:00+09:00,J2,568,542,1110
2018-09-28T17:30:00+09:00,J3,943,799,1742
2018-09-28T17:30:00+09:00,J4,825,762,1587
2018-09-28T17:30:00+09:00,J5,425,560,985
2018-09-28T17:45:00+09:00,J1,888,1028,1916
2018-09-28T17:45:00+09:00,J2,569,575,1144
2018-09-28T17:45:00+09:00,J3,973,846,1819
2018-09-28T17:45:00+09:00,J4,836,692,1528
2018-09-28T17:45:00+09:00,J5,508,621,1129
2018-09-28T18:00:00+09:00,J1,849,1024,1873
2018-09-28T18:00:00+09:00,J2,574,540,1114
2018-09-28T18:00:00+09:00,J3,1047,833,1880
2018-09-28T18:00:00+09:00,J4,935,732,1667
2018-09-28T18:00:00+09:00,J5,530,731,1261
2018-09-28T18:15:00+09:00,J1,866,999,1865
2018-09-28T18:15:00+09:00,J2,650,571,1221
2018-09-28T18:15:00+09:00,J3,999,779,1778
2018-09-28T18:15:00+09:00,J4,954,732,1686
2018-09-28T18:15:00+09:00,J5,529,658,1187
2018-09-28T18:30:00+09:00,J1,800,855,1655
2018-09-28T18:30:00+09:00,J2,620,443,1063
2018-09-28T18:30:00+09:00,J3,905,700,1605
2018-09-28T18:30:00+09:00,J4,858,702,1560
2018-09-28T18:30:00+09:00,J5,508,568,1076
2018-09-28T18:45:00+09:00,J1,763,807,1570
2018-09-28T18:45:00+09:00,J2,542,490,1032
2018-09-28T18:45:00+09:00,J3,758,665,1423
2018-09-28T18:45:00+09:00,J4,805,680,1485
2018-09-28T18:45:00+09:00,J5,536,554,1090
2018-09-28T19:00:00+09:00,J1,703,784,1487
2018-09-28T19:00:00+09:00,J2,532,414,946
2018-09-28T19:00:00+09:00,J3,747,541,1288
2018-09-28T19:00:00+09:00,J4,730,675,1405
2018-09-28T19:00:00+09:00,J5,502,584,1086
2018-09-28T19:15:00+09:00,J1,762,826,1588
2018-09-28T19:15:00+09:00,J2,470,448,918
2018-09-28T19:15:00+09:00,J3,711,568,1279
2018-09-28T19:15:00+09:00,J4,759,617,1376
2018-09-28T19:15:00+09:00,J5,553,573,1126
2018-09-28T19:30:00+09:00,J1,671,751,1422
2018-09-28T19:30:00+09:00,J2,471,405,876
2018-09-28T19:30:00+09:00,J3,649,529,1178
2018-09-28T19:30:00+09:00,J4,776,655,1431
2018-09-28T19:30:00+09:00,J5,526,665,1191
2018-09-28T19:45:00+09:00,J1,595,791,1386
2018-09-28T19:45:00+09:00,J2,366,435,801
2018-09-28T19:45:00+09:00,J3,562,472,1034
2018-09-28T19:45:00+09:00,J4,807,700,1507
2018-09-28T19:45:00+09:00,J5,503,579,1082
2018-09-28T20:00:00+09:00,J1,509,711,1220
2018-09-28T20:00:00+09:00,J2,368,373,741
2018-09-28T20:00:00+09:00,J3,568,464,1032
2018-09-28T20:00:00+09:00,J4,769,696,1465
2018-09-28T20:00:00+09:00,J5,520,616,1136
2018-09-28T20:15:00+09:00,J1,525,693,1218
2018-09-28T20:15:00+09:00,J2,356,375,731
2018-09-28T20:15:00+09:00,J3,605,543,1148
2018-09-28T20:15:00+09:00,J4,746,674,1420
2018-09-28T20:15:00+09:00,J5,485,597,1082
2018-09-28T20:30:00+09:00,J1,482,613,1095
2018-09-28T20:30:00+09:00,J2,301,396,697
2018-09-28T20:30:00+09:00,J3,467,508,975
2018-09-28T20:30:00+09:00,J4,736,658,1394
2018-09-28T20:30:00+09:00,J5,491,625,1116
2018-09-28T20:45:00+09:00,J1,592,692,1284
2018-09-28T20:45:00+09:00,J2,329,329,658
2018-09-28T20:45:00+09:00,J3,441,438,879
2018-09-28T20:45:00+09:00,J4,674,639,1313
2018-09-28T20:45:00+09:00,J5,478,526,1004
2018-09-28T21:00:00+09:00,J1,689,783,1472
2018-09-28T21:00:00+09:00,J2,299,393,692
2018-09-28T21:00:00+09:00,J3,516,438,954
2018-09-28T21:00:00+09:00,J4,788,734,1522
2018-09-28T21:00:00+09:00,J5,385,451,836
2018-09-28T21:15:00+09:00,J1,669,828,1497
2018-09-28T21:15:00+09:00,J2,327,365,692
2018-09-28T21:15:00+09:00,J3,564,378,942
2018-09-28T21:15:00+09:00,J4,813,772,1585
2018-09-28T21:15:00+09:00,J5,429,506,935
2018-09-28T21:30:00+09:00,J1,615,742,1357
2018-09-28T21:30:00+09:00,J2,265,290,555
2018-09-28T21:30:00+09:00,J3,510,384,894
2018-09-28T21:30:00+09:00,J4,739,725,1464
2018-09-28T21:30:00+09:00,J5,430,455,885
2018-09-28T21:45:00+09:00,J1,601,694,1295
2018-09-28T21:45:00+09:00,J2,235,330,565
2018-09-28T21:45:00+09:00,J3,455,364,819
2018-09-28T21:45:00+09:00,J4,764,686,1450
2018-09-28T21:45:00+09:00,J5,423,487,910
2018-09-28T22:00:00+09:00,J1,580,671,1251
2018-09-28T22:00:00+09:00,J2,281,346,627
2018-09-28T22:00:00+09:00,J3,442,347,789
2018-09-28T22:00:00+09:00,J4,888,858,1746
2018-09-28T22:00:00+09:00,J5,419,386,805
2018-09-28T22:15:00+09:00,J1,609,736,1345
2018-09-28T22:15:00+09:00,J2,243,354,597
2018-09-28T22:15:00+09:00,J3,410,349,759
2018-09-28T22:15:00+09:00,J4,1039,1052,2091
2018-09-28T22:15:00+09:00,J5,333,427,760
2018-09-28T22:30:00+09:00,J1,641,691,1332
2018-09-28T22:30:00+09:00,J2,255,355,610
2018-09-28T22:30:00+09:00,J3,389,349,738
2018-09-28T22:30:00+09:00,J4,1132,1006,2138
2018-09-28T22:30:00+09:00,J5,418,491,909
2018-09-28T22:45:00+09:00,J1,582,700,1282
2018-09-28T22:45:00+09:00,J2,220,288,508
2018-09-28T22:45:00+09:00,J3,380,317,697
2018-09-28T22:45:00+09:00,J4,1103,1058,2161
2018-09-28T22:45:00+09:00,J5,289,293,582
2018-09-28T23:00:00+09:00,J1,581,673,1254
2018-09-28T23:00:00+09:00,J2,213,275,488
2018-09-28T23:00:00+09:00,J3,422,342,764
2018-09-28T23:00:00+09:00,J4,974,968,1942
2018-09-28T23:00:00+09:00,J5,202,225,427
2018-09-28T23:15:00+09:00,J1,538,585,1123
2018-09-28T23:15:00+09:00,J2,189,299,488
2018-09-28T23:15:00+09:00,J3,386,372,758
2018-09-28T23:15:00+09:00,J4,1153,1101,2254
2018-09-28T23:15:00+09:00,J5,194,179,373
2018-09-28T23:30:00+09:00,J1,574,612,1186
2018-09-28T23:30:00+09:00,J2,239,269,508
2018-09-28T23:30:00+09:00,J3,393,384,777
2018-09-28T23:30:00+09:00,J4,952,995,1947
2018-09-28T23:30:00+09:00,J5,199,236,435
2018-09-28T23:45:00+09:00,J1,461,520,981
2018-09-28T23:45:00+09:00,J2,195,227,422
2018-09-28T23:45:00+09:00,J3,345,310,655
2018-09-28T23:45:00+09:00,J4,959,978,1937
2018-09-28T23:45:00+09:00,J5,252,282,534
2018-09-29T00:00:00+09:00,J1,363,365,728
2018-09-29T00:00:00+09:00,J2,182,192,374
2018-09-29T00:00:00+09:00,J3,267,246,513
2018-09-29T00:00:00+09:00,J4,968,947,1915
2018-09-29T00:00:00+09:00,J5,372,349,721
2018-09-29T00:15:00+09:00,J1,187,216,403
2018-09-29T00:15:00+09:00,J2,223,227,450
2018-09-29T00:15:00+09:00,J3,424,392,816
2018-09-29T00:15:00+09:00,J4,340,362,702
2018-09-29T00:15:00+09:00,J5,262,305,567
2018-09-29T00:30:00+09:00,J1,172,105,277
2018-09-29T00:30:00+09:00,J2,343,269,612
2018-09-29T00:30:00+09:00,J3,577,512,1089
2018-09-29T00:30:00+09:00,J4,226,238,464
2018-09-29T00:30:00+09:00,J5,170,176,346
2018-09-29T00:45:00+09:00,J1,157,102,259
2018-09-29T00:45:00+09:00,J2,347,345,692
2018-09-29T00:45:00+09:00,J3,553,574,1127
2018-09-29T00:45:00+09:00,J4,221,199,420
2018-09-29T00:45:00+09:00,J5,157,166,323
2018-09-29T05:45:00+09:00,J1,140,224,364
2018-09-29T05:45:00+09:00,J2,276,264,540
2018-09-29T05:45:00+09:00,J3,477,420,897
2018-09-29T05:45:00+09:00,J4,1091,1018,2109
2018-09-29T05:45:00+09:00,J5,147,149,296
2018-09-29T06:00:00+09:00,J1,357,355,712
2018-09-29T06:00:00+09:00,J2,374,355,729
2018-09-29T06:00:00+09:00,J3,576,508,1084
2018-09-29T06:00:00+09:00,J4,727,778,1505
2018-09-29T06:00:00+09:00,J5,154,149,303
2018-09-29T06:15:00+09:00,J1,456,507,963
2018-09-29T06:15:00+09:00,J2,390,448,838
2018-09-29T06:15:00+09:00,J3,620,501,1121
2018-09-29T06:15:00+09:00,J4,979,1008,1987
2018-09-29T06:15:00+09:00,J5,209,221,430
2018-09-29T06:30:00+09:00,J1,556,561,1117
2018-09-29T06:30:00+09:00,J2,454,456,910
2018-09-29T06:30:00+09:00,J3,516,473,989
2018-09-29T06:30:00+09:00,J4,764,746,1510
2018-09-29T06:30:00+09:00,J5,252,266,518
2018-09-29T06:45:00+09:00,J1,475,453,928
2018-09-29T06:45:00+09:00,J2,438,440,878
2018-09-29T06:45:00+09:00,J3,541,497,1038
2018-09-29T06:45:00+09:00,J4,719,695,1414
2018-09-29T06:45:00+09:00,J5,232,247,479
2018-09-29T07:00:00+09:00,J1,692,635,1327
2018-09-29T07:00:00+09:00,J2,437,417,854
2018-09-29T07:00:00+09:00,J3,558,571,1129
2018-09-29T07:00:00+09:00,J4,1117,1077,2194
2018-09-29T07:00:00+09:00,J5,234,180,414
2018-09-29T07:15:00+09:00,J1,654,679,1333
2018-09-29T07:15:00+09:00,J2,392,314,706
2018-09-29T07:15:00+09:00,J3,578,504,1082
2018-09-29T07:15:00+09:00,J4,863,871,1734
2018-09-29T07:15:00+09:00,J5,208,195,403
2018-09-29T07:30:00+09:00,J1,620,633,1253
2018-09-29T07:30:00+09:00,J2,480,512,992
2018-09-29T07:30:00+09:00,J3,510,491,1001
2018-09-29T07:30:00+09:00,J4,827,869,1696
2018-09-29T07:30:00+09:00,J5,219,196,415
2018-09-29T07:45:00+09:00,J1,545,570,1115
2018-09-29T07:45:00+09:00,J2,497,441,938
2018-09-29T07:45:00+09:00,J3,581,620,1201
2018-09-29T07:45:00+09:00,J4,558,613,1171
2018-09-29T07:45:00+09:00,J5,221,182,403
2018-09-29T08:00:00+09:00,J1,730,736,1466
2018-09-29T08:00:00+09:00,J2,426,387,813
2018-09-29T08:00:00+09:00,J3,480,447,927
2018-09-29T08:00:00+09:00,J4,806,875,1681
2018-09-29T08:00:00+09:00,J5,265,243,508
2018-09-29T08:15:00+09:00,J1,757,643,1400
2018-09-29T08:15:00+09:00,J2,569,494,1063
2018-09-29T08:15:00+09:00,J3,535,596,1131
2018-09-29T08:15:00+09:00,J4,713,802,1515
2018-09-29T08:15:00+09:00,J5,261,238,499
2018-09-29T08:30:00+09:00,J1,702,586,1288
2018-09-29T08:30:00+09:00,J2,565,543,1108
2018-09-29T08:30:00+09:00,J3,563,633,1196
2018-09-29T08:30:00+09:00,J4,536,651,1187
2018-09-29T08:30:00+09:00,J5,264,234,498
2018-09-29T08:45:00+09:00,J1,566,527,1093
2018-09-29T08:45:00+09:00,J2,464,418,882
2018-09-29T08:45:00+09:00,J3,619,608,1227
2018-09-29T08:45:00+09:00,J4,476,536,1012
2018-09-29T08:45:00+09:00,J5,276,255,531
2018-09-29T09:00:00+09:00,J1,599,608,1207
2018-09-29T09:00:00+09:00,J2,550,495,1045
2018-09-29T09:00:00+09:00,J3,551,559,1110
2018-09-29T09:00:00+09:00,J4,396,494,890
2018-09-29T09:00:00+09:00,J5,258,324,582
2018-09-29T09:15:00+09:00,J1,648,583,1231
2018-09-29T09:15:00+09:00,J2,554,532,1086
2018-09-29T09:15:00+09:00,J3,508,511,1019
2018-09-29T09:15:00+09:00,J4,433,502,935
2018-09-29T09:15:00+09:00,J5,286,361,647
2018-09-29T09:30:00+09:00,J1,657,593,1250
2018-09-29T09:30:00+09:00,J2,543,507,1050
2018-09-29T09:30:00+09:00,J3,514,532,1046
2018-09-29T09:30:00+09:00,J4,472,430,902
2018-09-29T09:30:00+09:00,J5,317,409,726
2018-09-29T09:45:00+09:00,J1,641,598,1239
2018-09-29T09:45:00+09:00,J2,583,463,1046
2018-09-29T09:45:00+09:00,J3,484,537,1021
2018-09-29T09:45:00+09:00,J4,481,467,948
2018-09-29T09:45:00+09:00,J5,326,415,741
2018-09-29T10:00:00+09:00,J1,600,559,1159
2018-09-29T10:00:00+09:00,J2,533,511,1044
2018-09-29T10:00:00+09:00,J3,451,408,859
2018-09-29T10:00:00+09:00,J4,642,557,1199
2018-09-29T10:00:00+09:00,J5,355,375,730
2018-09-29T10:15:00+09:00,J1,795,693,1488
2018-09-29T10:15:00+09:00,J2,584,432,1016
2018-09-29T10:15:00+09:00,J3,443,396,839
2018-09-29T10:15:00+09:00,J4,743,785,1528
2018-09-29T10:15:00+09:00,J5,235,292,527
2018-09-29T10:30:00+09:00,J1,595,562,1157
2018-09-29T10:30:00+09:00,J2,518,375,893
2018-09-29T10:30:00+09:00,J3,487,457,944
2018-09-29T10:30:00+09:00,J4,734,777,1511
2018-09-29T10:30:00+09:00,J5,225,256,481
2018-09-29T10:45:00+09:00,J1,608,605,1213
2018-09-29T10:45:00+09:00,J2,464,397,861
2018-09-29T10:45:00+09:00,J3,419,422,841
2018-09-29T10:45:00+09:00,J4,672,730,1402
2018-09-29T10:45:00+09:00,J5,303,355,658
2018-09-29T11:00:00+09:00,J1,657,693,1350
2018-09-29T11:00:00+09:00,J2,435,353,788
2018-09-29T11:00:00+09:00,J3,432,460,892
2018-09-29T11:00:00+09:00,J4,679,617,1296
2018-09-29T11:00:00+09:00,J5,247,249,496
2018-09-29T11:15:00+09:00,J1,645,610,1255
2018-09-29T11:15:00+09:00,J2,442,345,787
2018-09-29T11:15:00+09:00,J3,520,450,970
2018-09-29T11:15:00+09:00,J4,626,595,1221
2018-09-29T11:15:00+09:00,J5,244,250,494
2018-09-29T11:30:00+09:00,J1,629,700,1329
2018-09-29T11:30:00+09:00,J2,502,351,853
2018-09-29T11:30:00+09:00,J3,585,470,1055
2018-09-29T11:30:00+09:00,J4,584,539,1123
2018-09-29T11:30:00+09:00,J5,198,144,342
2018-09-29T11:45:00+09:00,J1,638,665,1303
2018-09-29T11:45:00+09:00,J2,407,351,758
2018-09-29T11:45:00+09:00,J3,590,524,1114
2018-09-29T11:45:00+09:00,J4,659,562,1221
2018-09-29T11:45:00+09:00,J5,253,263,516
2018-09-29T12:00:00+09:00,J1,588,606,1194
2018-09-29T12:00:00+09:00,J2,446,363,809
2018-09-29T12:00:00+09:00,J3,599,521,1120
2018-09-29T12:00:00+09:00,J4,613,558,1171
2018-09-29T12:00:00+09:00,J5,224,227,451
2018-09-29T12:15:00+09:00,J1,582,600,1182
2018-09-29T12:15:00+09:00,J2,479,378,857
2018-09-29T12:15:00+09:00,J3,670,616,1286
2018-09-29T12:15:00+09:00,J4,581,534,1115
2018-09-29T12:15:00+09:00,J5,272,252,524
2018-09-29T12:30:00+09:00,J1,623,638,1261
2018-09-29T12:30:00+09:00,J2,426,419,845
2018-09-29T12:30:00+09:00,J3,807,651,1458
2018-09-29T12:30:00+09:00,J4,616,585,1201
2018-09-29T12:30:00+09:00,J5,213,187,400
2018-09-29T12:45:00+09:00,J1,608,658,1266
2018-09-29T12:45:00+09:00,J2,425,445,870
2018-09-29T12:45:00+09:00,J3,798,734,1532
2018-09-29T12:45:00+09:00,J4,536,583,1119
2018-09-29T12:45:00+09:00,J5,284,279,563
2018-09-29T13:00:00+09:00,J1,605,583,1188
2018-09-29T13:00:00+09:00,J2,438,417,855
2018-09-29T13:00:00+09:00,J3,847,706,1553
2018-09-29T13:00:00+09:00,J4,630,563,1193
2018-09-29T13:00:00+09:00,J5,276,279,555
2018-09-29T13:15:00+09:00,J1,574,661,1235
2018-09-29T13:15:00+09:00,J2,448,473,921
2018-09-29T13:15:00+09:00,J3,739,688,1427
2018-09-29T13:15:00+09:00,J4,586,602,1188
2018-09-29T13:15:00+09:00,J5,259,220,479
2018-09-29T13:30:00+09:00,J1,605,675,1280
2018-09-29T13:30:00+09:00,J2,451,481,932
2018-09-29T13:30:00+09:00,J3,802,715,1517
2018-09-29T13:30:00+09:00,J4,548,578,1126
2018-09-29T13:30:00+09:00,J5,255,208,463
2018-09-29T13:45:00+09:00,J1,620,743,1363
2018-09-29T13:45:00+09:00,J2,435,438,873
2018-09-29T13:45:00+09:00,J3,883,754,1637
2018-09-29T13:45:00+09:00,J4,492,546,1038
2018-09-29T13:45:00+09:00,J5,274,294,568
2018-09-29T14:00:00+09:00,J1,622,688,1310
2018-09-29T14:00:00+09:00,J2,466,462,928
2018-09-29T14:00:00+09:00,J3,815,700,1515
2018-09-29T14:00:00+09:00,J4,533,505,1038
2018-09-29T14:00:00+09:00,J5,208,167,375
2018-09-29T14:15:00+09:00,J1,632,690,1322
2018-09-29T14:15:00+09:00,J2,411,448,859
2018-09-29T14:15:00+09:00,J3,933,786,1719
2018-09-29T14:15:00+09:00,J4,525,598,1123
2018-09-29T14:15:00+09:00,J5,209,159,368
2018-09-29T14:30:00+09:00,J1,610,722,1332
2018-09-29T14:30:00+09:00,J2,491,490,981
2018-09-29T14:30:00+09:00,J3,857,808,1665
2018-09-29T14:30:00+09:00,J4,494,512,1006
2018-09-29T14:30:00+09:00,J5,235,169,404
2018-09-29T14:45:00+09:00,J1,642,717,1359
2018-09-29T14:45:00+09:00,J2,462,501,963
2018-09-29T14:45:00+09:00,J3,825,804,1629
2018-09-29T14:45:00+09:00,J4,531,559,1090
2018-09-29T14:45:00+09:00,J5,254,218,472
2018-09-29T15:00:00+09:00,J1,631,746,1377
2018-09-29T15:00:00+09:00,J2,421,461,882
2018-09-29T15:00:00+09:00,J3,702,765,1467
2018-09-29T15:00:00+09:00,J4,442,507,949
2018-09-29T15:00:00+09:00,J5,191,200,391
2018-09-29T15:15:00+09:00,J1,649,758,1407
2018-09-29T15:15:00+09:00,J2,500,469,969
2018-09-29T15:15:00+09:00,J3,663,768,1431
2018-09-29T15:15:00+09:00,J4,486,529,1015
2018-09-29T15:15:00+09:00,J5,204,207,411
2018-09-29T15:30:00+09:00,J1,652,710,1362
2018-09-29T15:30:00+09:00,J2,496,523,1019
2018-09-29T15:30:00+09:00,J3,724,769,1493
2018-09-29T15:30:00+09:00,J4,486,487,973
2018-09-29T15:30:00+09:00,J5,212,201,413
2018-09-29T15:45:00+09:00,J1,645,649,1294
2018-09-29T15:45:00+09:00,J2,437,474,911
2018-09-29T15:45:00+09:00,J3,738,762,1500
2018-09-29T15:45:00+09:00,J4,505,575,1080
2018-09-29T15:45:00+09:00,J5,241,214,455
2018-09-29T16:00:00+09:00,J1,709,723,1432
2018-09-29T16:00:00+09:00,J2,527,458,985
2018-09-29T16:00:00+09:00,J3,774,778,1552
2018-09-29T16:00:00+09:00,J4,578,581,1159
2018-09-29T16:00:00+09:00,J5,265,220,485
2018-09-29T16:15:00+09:00,J1,684,751,1435
2018-09-29T16:15:00+09:00,J2,506,470,976
2018-09-29T16:15:00+09:00,J3,713,765,1478
2018-09-29T16:15:00+09:00,J4,502,516,1018
2018-09-29T16:15:00+09:00,J5,254,223,477
2018-09-29T16:30:00+09:00,J1,694,759,1453
2018-09-29T16:30:00+09:00,J2,531,478,1009
2018-09-29T16:30:00+09:00,J3,711,769,1480
2018-09-29T16:30:00+09:00,J4,539,593,1132
2018-09-29T16:30:00+09:00,J5,379,414,793
2018-09-29T16:45:00+09:00,J1,663,780,1443
2018-09-29T16:45:00+09:00,J2,526,456,982
2018-09-29T16:45:00+09:00,J3,859,754,1613
2018-09-29T16:45:00+09:00,J4,602,569,1171
2018-09-29T16:45:00+09:00,J5,452,517,969
2018-09-29T17:00:00+09:00,J1,781,895,1676
2018-09-29T17:00:00+09:00,J2,531,486,1017
2018-09-29T17:00:00+09:00,J3,829,805,1634
2018-09-29T17:00:00+09:00,J4,614,564,1178
2018-09-29T17:00:00+09:00,J5,498,535,1033
2018-09-29T17:15:00+09:00,J1,837,794,1631
2018-09-29T17:15:00+09:00,J2,550,493,1043
2018-09-29T17:15:00+09:00,J3,901,819,1720
2018-09-29T17:15:00+09:00,J4,689,649,1338
2018-09-29T17:15:00+09:00,J5,498,607,1105
2018-09-29T17:30:00+09:00,J1,793,786,1579
2018-09-29T17:30:00+09:00,J2,498,505,1003
2018-09-29T17:30:00+09:00,J3,866,781,1647
2018-09-29T17:30:00+09:00,J4,706,669,1375
2018-09-29T17:30:00+09:00,J5,474,589,1063
2018-09-29T17:45:00+09:00,J1,712,716,1428
2018-09-29T17:45:00+09:00,J2,510,537,1047
2018-09-29T17:45:00+09:00,J3,867,801,1668
2018-09-29T17:45:00+09:00,J4,679,663,1342
2018-09-29T17:45:00+09:00,J5,480,557,1037
2018-09-29T18:00:00+09:00,J1,804,868,1672
2018-09-29T18:00:00+09:00,J2,510,519,1029
2018-09-29T18:00:00+09:00,J3,974,785,1759
2018-09-29T18:00:00+09:00,J4,743,672,1415
2018-09-29T18:00:00+09:00,J5,500,596,1096
2018-09-29T18:15:00+09:00,J1,820,889,1709
2018-09-29T18:15:00+09:00,J2,481,502,983
2018-09-29T18:15:00+09:00,J3,926,739,1665
2018-09-29T18:15:00+09:00,J4,756,600,1356
2018-09-29T18:15:00+09:00,J5,507,576,1083
2018-09-29T18:30:00+09:00,J1,666,887,1553
2018-09-29T18:30:00+09:00,J2,431,497,928
2018-09-29T18:30:00+09:00,J3,829,664,1493
2018-09-29T18:30:00+09:00,J4,694,628,1322
2018-09-29T18:30:00+09:00,J5,533,598,1131
2018-09-29T18:45:00+09:00,J1,622,748,1370
2018-09-29T18:45:00+09:00,J2,453,466,919
2018-09-29T18:45:00+09:00,J3,712,632,1344
2018-09-29T18:45:00+09:00,J4,678,583,1261
2018-09-29T18:45:00+09:00,J5,526,545,1071
2018-09-29T19:00:00+09:00,J1,552,592,1144
2018-09-29T19:00:00+09:00,J2,408,401,809
2018-09-29T19:00:00+09:00,J3,732,572,1304
2018-09-29T19:00:00+09:00,J4,644,637,1281
2018-09-29T19:00:00+09:00,J5,468,531,999
2018-09-29T19:15:00+09:00,J1,499,609,1108
2018-09-29T19:15:00+09:00,J2,400,420,820
2018-09-29T19:15:00+09:00,J3,622,598,1220
2018-09-29T19:15:00+09:00,J4,661,598,1259
2018-09-29T19:15:00+09:00,J5,507,625,1132
2018-09-29T19:30:00+09:00,J1,480,587,1067
2018-09-29T19:30:00+09:00,J2,291,350,641
2018-09-29T19:30:00+09:00,J3,544,540,1084
2018-09-29T19:30:00+09:00,J4,679,645,1324
2018-09-29T19:30:00+09:00,J5,517,525,1042
2018-09-29T19:45:00+09:00,J1,516,556,1072
2018-09-29T19:45:00+09:00,J2,330,410,740
2018-09-29T19:45:00+09:00,J3,594,533,1127
2018-09-29T19:45:00+09:00,J4,699,703,1402
2018-09-29T19:45:00+09:00,J5,510,555,1065
2018-09-29T20:00:00+09:00,J1,450,573,1023
2018-09-29T20:00:00+09:00,J2,338,398,736
2018-09-29T20:00:00+09:00,J3,600,513,1113
2018-09-29T20:00:00+09:00,J4,606,589,1195
2018-09-29T20:00:00+09:00,J5,524,570,1094
2018-09-29T20:15:00+09:00,J1,497,606,1103
2018-09-29T20:15:00+09:00,J2,350,423,773
2018-09-29T20:15:00+09:00,J3,614,568,1182
2018-09-29T20:15:00+09:00,J4,653,678,1331
2018-09-29T20:15:00+09:00,J5,571,585,1156
2018-09-29T20:30:00+09:00,J1,484,630,1114
2018-09-29T20:30:00+09:00,J2,346,462,808
2018-09-29T20:30:00+09:00,J3,580,496,1076
2018-09-29T20:30:00+09:00,J4,836,728,1564
2018-09-29T20:30:00+09:00,J5,498,577,1075
2018-09-29T20:45:00+09:00,J1,544,664,1208
2018-09-29T20:45:00+09:00,J2,334,332,666
2018-09-29T20:45:00+09:00,J3,497,402,899
2018-09-29T20:45:00+09:00,J4,752,718,1470
2018-09-29T20:45:00+09:00,J5,438,532,970
2018-09-29T21:00:00+09:00,J1,594,688,1282
2018-09-29T21:00:00+09:00,J2,308,351,659
2018-09-29T21:00:00+09:00,J3,528,427,955
2018-09-29T21:00:00+09:00,J4,757,705,1462
2018-09-29T21:00:00+09:00,J5,454,563,1017
2018-09-29T21:15:00+09:00,J1,555,711,1266
2018-09-29T21:15:00+09:00,J2,301,346,647
2018-09-29T21:15:00+09:00,J3,492,434,926
2018-09-29T21:15:00+09:00,J4,669,647,1316
2018-09-29T21:15:00+09:00,J5,518,585,1103
2018-09-29T21:30:00+09:00,J1,504,567,1071
2018-09-29T21:30:00+09:00,J2,249,311,560
2018-09-29T21:30:00+09:00,J3,539,410,949
2018-09-29T21:30:00+09:00,J4,659,644,1303
2018-09-29T21:30:00+09:00,J5,373,413,786
2018-09-29T21:45:00+09:00,J1,482,511,993
2018-09-29T21:45:00+09:00,J2,259,274,533
2018-09-29T21:45:00+09:00,J3,430,360,790
2018-09-29T21:45:00+09:00,J4,707,686,1393
2018-09-29T21:45:00+09:00,J5,493,486,979
2018-09-29T22:00:00+09:00,J1,509,634,1143
2018-09-29T22:00:00+09:00,J2,250,323,573
2018-09-29T22:00:00+09:00,J3,372,401,773
2018-09-29T22:00:00+09:00,J4,647,648,1295
2018-09-29T22:00:00+09:00,J5,441,512,953
2018-09-29T22:15:00+09:00,J1,504,628,1132
2018-09-29T22:15:00+09:00,J2,217,299,516
2018-09-29T22:15:00+09:00,J3,380,331,711
2018-09-29T22:15:00+09:00,J4,741,726,1467
2018-09-29T22:15:00+09:00,J5,480,510,990
2018-09-29T22:30:00+09:00,J1,558,585,1143
2018-09-29T22:30:00+09:00,J2,218,303,521
2018-09-29T22:30:00+09:00,J3,377,294,671
2018-09-29T22:30:00+09:00,J4,769,766,1535
2018-09-29T22:30:00+09:00,J5,417,447,864
2018-09-29T22:45:00+09:00,J1,528,550,1078
2018-09-29T22:45:00+09:00,J2,200,246,446
2018-09-29T22:45:00+09:00,J3,338,296,634
2018-09-29T22:45:00+09:00,J4,836,854,1690
2018-09-29T22:45:00+09:00,J5,243,229,472
2018-09-29T23:00:00+09:00,J1,520,620,1140
2018-09-29T23:00:00+09:00,J2,176,277,453
2018-09-29T23:00:00+09:00,J3,344,289,633
2018-09-29T23:00:00+09:00,J4,866,910,1776
2018-09-29T23:00:00+09:00,J5,174,149,323
2018-09-29T23:15:00+09:00,J1,479,583,1062
2018-09-29T23:15:00+09:00,J2,167,261,428
2018-09-29T23:15:00+09:00,J3,301,327,628
2018-09-29T23:15:00+09:00,J4,931,913,1844
2018-09-29T23:15:00+09:00,J5,203,219,422
2018-09-29T23:30:00+09:00,J1,527,590,1117
2018-09-29T23:30:00+09:00,J2,159,286,445
2018-09-29T23:30:00+09:00,J3,324,263,587
2018-09-29T23:30:00+09:00,J4,565,625,1190
2018-09-29T23:30:00+09:00,J5,214,232,446
2018-09-29T23:45:00+09:00,J1,464,456,920
2018-09-29T23:45:00+09:00,J2,189,259,448
2018-09-29T23:45:00+09:00,J3,260,248,508
2018-09-29T23:45:00+09:00,J4,596,581,1177
2018-09-29T23:45:00+09:00,J5,194,199,393
2018-09-30T00:00:00+09:00,J1,451,519,970
2018-09-30T00:00:00+09:00,J2,206,203,409
2018-09-30T00:00:00+09:00,J3,283,211,494
2018-09-30T00:00:00+09:00,J4,553,557,1110
2018-09-30T00:00:00+09:00,J5,299,301,600
2018-09-30T00:15:00+09:00,J1,210,286,496
2018-09-30T00:15:00+09:00,J2,207,254,461
2018-09-30T00:15:00+09:00,J3,394,376,770
2018-09-30T00:15:00+09:00,J4,342,279,621
2018-09-30T00:15:00+09:00,J5,233,285,518
2018-09-30T00:30:00+09:00,J1,186,174,360
2018-09-30T00:30:00+09:00,J2,280,246,526
2018-09-30T00:30:00+09:00,J3,549,458,1007
2018-09-30T00:30:00+09:00,J4,184,177,361
2018-09-30T00:30:00+09:00,J5,178,170,348
2018-09-30T00:45:00+09:00,J1,153,136,289
2018-09-30T00:45:00+09:00,J2,374,352,726
2018-09-30T00:45:00+09:00,J3,618,498,1116
2018-09-30T00:45:00+09:00,J4,204,211,415
2018-09-30T00:45:00+09:00,J5,138,148,286
2018-09-30T05:45:00+09:00,J1,337,346,683
2018-09-30T05:45:00+09:00,J2,368,291,659
2018-09-30T05:45:00+09:00,J3,477,467,944
2018-09-30T05:45:00+09:00,J4,343,334,677
2018-09-30T05:45:00+09:00,J5,149,152,301
2018-09-30T06:00:00+09:00,J1,427,439,866
2018-09-30T06:00:00+09:00,J2,445,430,875
2018-09-30T06:00:00+09:00,J3,484,464,948
2018-09-30T06:00:00+09:00,J4,381,367,748
2018-09-30T06:00:00+09:00,J5,143,219,362
2018-09-30T06:15:00+09:00,J1,319,344,663
2018-09-30T06:15:00+09:00,J2,453,469,922
2018-09-30T06:15:00+09:00,J3,396,409,805
2018-09-30T06:15:00+09:00,J4,523,530,1053
2018-09-30T06:15:00+09:00,J5,234,274,508
2018-09-30T06:30:00+09:00,J1,417,424,841
2018-09-30T06:30:00+09:00,J2,383,415,798
2018-09-30T06:30:00+09:00,J3,386,334,720
2018-09-30T06:30:00+09:00,J4,357,435,792
2018-09-30T06:30:00+09:00,J5,278,317,595
2018-09-30T06:45:00+09:00,J1,511,500,1011
2018-09-30T06:45:00+09:00,J2,376,461,837
2018-09-30T06:45:00+09:00,J3,456,414,870
2018-09-30T06:45:00+09:00,J4,477,434,911
2018-09-30T06:45:00+09:00,J5,245,376,621
2018-09-30T07:00:00+09:00,J1,579,567,1146
2018-09-30T07:00:00+09:00,J2,445,404,849
2018-09-30T07:00:00+09:00,J3,563,525,1088
2018-09-30T07:00:00+09:00,J4,389,374,763
2018-09-30T07:00:00+09:00,J5,267,279,546
2018-09-30T07:15:00+09:00,J1,578,606,1184
2018-09-30T07:15:00+09:00,J2,422,387,809
2018-09-30T07:15:00+09:00,J3,420,432,852
2018-09-30T07:15:00+09:00,J4,469,537,1006
2018-09-30T07:15:00+09:00,J5,261,280,541
2018-09-30T07:30:00+09:00,J1,468,526,994
2018-09-30T07:30:00+09:00,J2,472,433,905
2018-09-30T07:30:00+09:00,J3,371,354,725
2018-09-30T07:30:00+09:00,J4,500,561,1061
2018-09-30T07:30:00+09:00,J5,232,304,536
2018-09-30T07:45:00+09:00,J1,416,418,834
2018-09-30T07:45:00+09:00,J2,405,412,817
2018-09-30T07:45:00+09:00,J3,301,322,623
2018-09-30T07:45:00+09:00,J4,642,705,1347
2018-09-30T07:45:00+09:00,J5,322,308,630
2018-09-30T08:00:00+09:00,J1,597,592,1189
2018-09-30T08:00:00+09:00,J2,425,358,783
2018-09-30T08:00:00+09:00,J3,255,262,517
2018-09-30T08:00:00+09:00,J4,520,613,1133
2018-09-30T08:00:00+09:00,J5,333,422,755
2018-09-30T08:15:00+09:00,J1,620,585,1205
2018-09-30T08:15:00+09:00,J2,456,352,808
2018-09-30T08:15:00+09:00,J3,356,378,734
2018-09-30T08:15:00+09:00,J4,463,573,1036
2018-09-30T08:15:00+09:00,J5,311,394,705
2018-09-30T08:30:00+09:00,J1,566,574,1140
2018-09-30T08:30:00+09:00,J2,550,460,1010
2018-09-30T08:30:00+09:00,J3,472,562,1034
2018-09-30T08:30:00+09:00,J4,537,614,1151
2018-09-30T08:30:00+09:00,J5,307,356,663
2018-09-30T08:45:00+09:00,J1,570,507,1077
2018-09-30T08:45:00+09:00,J2,556,492,1048
2018-09-30T08:45:00+09:00,J3,504,456,960
2018-09-30T08:45:00+09:00,J4,406,441,847
2018-09-30T08:45:00+09:00,J5,288,365,653
2018-09-30T09:00:00+09:00,J1,537,446,983
2018-09-30T09:00:00+09:00,J2,591,484,1075
2018-09-30T09:00:00+09:00,J3,393,325,718
2018-09-30T09:00:00+09:00,J4,493,526,1019
2018-09-30T09:00:00+09:00,J5,298,345,643
2018-09-30T09:15:00+09:00,J1,533,469,1002
2018-09-30T09:15:00+09:00,J2,602,503,1105
2018-09-30T09:15:00+09:00,J3,379,354,733
2018-09-30T09:15:00+09:00,J4,525,632,1157
2018-09-30T09:15:00+09:00,J5,340,410,750
2018-09-30T09:30:00+09:00,J1,479,472,951
2018-09-30T09:30:00+09:00,J2,478,386,864
2018-09-30T09:30:00+09:00,J3,403,349,752
2018-09-30T09:30:00+09:00,J4,524,576,1100
2018-09-30T09:30:00+09:00,J5,285,353,638
2018-09-30T09:45:00+09:00,J1,558,541,1099
2018-09-30T09:45:00+09:00,J2,525,361,886
2018-09-30T09:45:00+09:00,J3,380,377,757
2018-09-30T09:45:00+09:00,J4,497,502,999
2018-09-30T09:45:00+09:00,J5,325,363,688
2018-09-30T10:00:00+09:00,J1,509,490,999
2018-09-30T10:00:00+09:00,J2,490,355,845
2018-09-30T10:00:00+09:00,J3,376,343,719
2018-09-30T10:00:00+09:00,J4,531,553,1084
2018-09-30T10:00:00+09:00,J5,322,320,642
2018-09-30T10:15:00+09:00,J1,542,487,1029
2018-09-30T10:15:00+09:00,J2,483,345,828
2018-09-30T10:15:00+09:00,J3,324,379,703
2018-09-30T10:15:00+09:00,J4,659,732,1391
2018-09-30T10:15:00+09:00,J5,313,291,604
2018-09-30T10:30:00+09:00,J1,486,496,982
2018-09-30T10:30:00+09:00,J2,375,306,681
2018-09-30T10:30:00+09:00,J3,364,385,749
2018-09-30T10:30:00+09:00,J4,678,734,1412
2018-09-30T10:30:00+09:00,J5,292,268,560
2018-09-30T10:45:00+09:00,J1,493,548,1041
2018-09-30T10:45:00+09:00,J2,376,317,693
2018-09-30T10:45:00+09:00,J3,390,398,788
2018-09-30T10:45:00+09:00,J4,666,679,1345
2018-09-30T10:45:00+09:00,J5,221,220,441
2018-09-30T11:00:00+09:00,J1,580,600,1180
2018-09-30T11:00:00+09:00,J2,383,367,750
2018-09-30T11:00:00+09:00,J3,452,457,909
2018-09-30T11:00:00+09:00,J4,645,626,1271
2018-09-30T11:00:00+09:00,J5,268,261,529
2018-09-30T11:15:00+09:00,J1,540,518,1058
2018-09-30T11:15:00+09:00,J2,394,348,742
2018-09-30T11:15:00+09:00,J3,543,557,1100
2018-09-30T11:15:00+09:00,J4,602,676,1278
2018-09-30T11:15:00+09:00,J5,252,201,453
2018-09-30T11:30:00+09:00,J1,539,586,1125
2018-09-30T11:30:00+09:00,J2,345,397,742
2018-09-30T11:30:00+09:00,J3,616,566,1182
2018-09-30T11:30:00+09:00,J4,668,559,1227
2018-09-30T11:30:00+09:00,J5,253,235,488
2018-09-30T11:45:00+09:00,J1,638,564,1202
2018-09-30T11:45:00+09:00,J2,380,410,790
2018-09-30T11:45:00+09:00,J3,641,602,1243
2018-09-30T11:45:00+09:00,J4,602,556,1158
2018-09-30T11:45:00+09:00,J5,214,194,408
2018-09-30T12:00:00+09:00,J1,609,633,1242
2018-09-30T12:00:00+09:00,J2,387,468,855
2018-09-30T12:00:00+09:00,J3,755,691,1446
2018-09-30T12:00:00+09:00,J4,637,624,1261
2018-09-30T12:00:00+09:00,J5,240,169,409
2018-09-30T12:15:00+09:00,J1,599,548,1147
2018-09-30T12:15:00+09:00,J2,423,401,824
2018-09-30T12:15:00+09:00,J3,762,725,1487
2018-09-30T12:15:00+09:00,J4,562,520,1082
2018-09-30T12:15:00+09:00,J5,187,179,366
2018-09-30T12:30:00+09:00,J1,586,626,1212
2018-09-30T12:30:00+09:00,J2,365,397,762
2018-09-30T12:30:00+09:00,J3,877,780,1657
2018-09-30T12:30:00+09:00,J4,590,646,1236
2018-09-30T12:30:00+09:00,J5,268,183,451
2018-09-30T12:45:00+09:00,J1,631,609,1240
2018-09-30T12:45:00+09:00,J2,453,352,805
2018-09-30T12:45:00+09:00,J3,765,783,1548
2018-09-30T12:45:00+09:00,J4,519,547,1066
2018-09-30T12:45:00+09:00,J5,240,150,390
2018-09-30T13:00:00+09:00,J1,570,663,1233
2018-09-30T13:00:00+09:00,J2,451,431,882
2018-09-30T13:00:00+09:00,J3,816,803,1619
2018-09-30T13:00:00+09:00,J4,585,578,1163
2018-09-30T13:00:00+09:00,J5,211,200,411
2018-09-30T13:15:00+09:00,J1,630,687,1317
2018-09-30T13:15:00+09:00,J2,445,386,831
2018-09-30T13:15:00+09:00,J3,752,774,1526
2018-09-30T13:15:00+09:00,J4,524,533,1057
2018-09-30T13:15:00+09:00,J5,208,195,403
2018-09-30T13:30:00+09:00,J1,599,656,1255
2018-09-30T13:30:00+09:00,J2,452,383,835
2018-09-30T13:30:00+09:00,J3,797,751,1548
2018-09-30T13:30:00+09:00,J4,468,513,981
2018-09-30T13:30:00+09:00,J5,224,214,438
2018-09-30T13:45:00+09:00,J1,626,785,1411
2018-09-30T13:45:00+09:00,J2,437,364,801
2018-09-30T13:45:00+09:00,J3,688,745,1433
2018-09-30T13:45:00+09:00,J4,414,496,910
2018-09-30T13:45:00+09:00,J5,216,181,397
2018-09-30T14:00:00+09:00,J1,584,647,1231
2018-09-30T14:00:00+09:00,J2,414,367,781
2018-09-30T14:00:00+09:00,J3,754,723,1477
2018-09-30T14:00:00+09:00,J4,429,503,932
2018-09-30T14:00:00+09:00,J5,236,173,409
2018-09-30T14:15:00+09:00,J1,592,686,1278
2018-09-30T14:15:00+09:00,J2,505,333,838
2018-09-30T14:15:00+09:00,J3,765,735,1500
2018-09-30T14:15:00+09:00,J4,435,460,895
2018-09-30T14:15:00+09:00,J5,216,211,427
2018-09-30T14:30:00+09:00,J1,590,753,1343
2018-09-30T14:30:00+09:00,J2,488,384,872
2018-09-30T14:30:00+09:00,J3,783,752,1535
2018-09-30T14:30:00+09:00,J4,431,458,889
2018-09-30T14:30:00+09:00,J5,251,230,481
2018-09-30T14:45:00+09:00,J1,561,695,1256
2018-09-30T14:45:00+09:00,J2,515,371,886
2018-09-30T14:45:00+09:00,J3,822,747,1569
2018-09-30T14:45:00+09:00,J4,410,442,852
2018-09-30T14:45:00+09:00,J5,228,213,441
2018-09-30T15:00:00+09:00,J1,635,691,1326
2018-09-30T15:00:00+09:00,J2,510,395,905
2018-09-30T15:00:00+09:00,J3,752,709,1461
2018-09-30T15:00:00+09:00,J4,351,433,784
2018-09-30T15:00:00+09:00,J5,227,229,456
2018-09-30T15:15:00+09:00,J1,585,722,1307
2018-09-30T15:15:00+09:00,J2,522,365,887
2018-09-30T15:15:00+09:00,J3,629,646,1275
2018-09-30T15:15:00+09:00,J4,417,441,858
2018-09-30T15:15:00+09:00,J5,196,225,421
2018-09-30T15:30:00+09:00,J1,599,747,1346
2018-09-30T15:30:00+09:00,J2,529,417,946
2018-09-30T15:30:00+09:00,J3,667,642,1309
2018-09-30T15:30:00+09:00,J4,478,478,956
2018-09-30T15:30:00+09:00,J5,188,179,367
2018-09-30T15:45:00+09:00,J1,716,752,1468
2018-09-30T15:45:00+09:00,J2,536,445,981
2018-09-30T15:45:00+09:00,J3,661,585,1246
2018-09-30T15:45:00+09:00,J4,488,492,980
2018-09-30T15:45:00+09:00,J5,196,205,401
2018-09-30T16:00:00+09:00,J1,651,742,1393
2018-09-30T16:00:00+09:00,J2,509,387,896
2018-09-30T16:00:00+09:00,J3,630,586,1216
2018-09-30T16:00:00+09:00,J4,417,442,859
2018-09-30T16:00:00+09:00,J5,214,212,426
2018-09-30T16:15:00+09:00,J1,637,705,1342
2018-09-30T16:15:00+09:00,J2,571,436,1007
2018-09-30T16:15:00+09:00,J3,592,640,1232
2018-09-30T16:15:00+09:00,J4,447,468,915
2018-09-30T16:15:00+09:00,J5,238,205,443
2018-09-30T16:30:00+09:00,J1,651,709,1360
2018-09-30T16:30:00+09:00,J2,535,371,906
2018-09-30T16:30:00+09:00,J3,583,589,1172
2018-09-30T16:30:00+09:00,J4,442,370,812
2018-09-30T16:30:00+09:00,J5,197,199,396
2018-09-30T16:45:00+09:00,J1,584,746,1330
2018-09-30T16:45:00+09:00,J2,522,344,866
2018-09-30T16:45:00+09:00,J3,637,565,1202
2018-09-30T16:45:00+09:00,J4,438,447,885
2018-09-30T16:45:00+09:00,J5,163,219,382
2018-09-30T17:00:00+09:00,J1,639,704,1343
2018-09-30T17:00:00+09:00,J2,537,425,962
2018-09-30T17:00:00+09:00,J3,595,628,1223
2018-09-30T17:00:00+09:00,J4,384,401,785
2018-09-30T17:00:00+09:00,J5,210,253,463
2018-09-30T17:15:00+09:00,J1,635,727,1362
2018-09-30T17:15:00+09:00,J2,517,387,904
2018-09-30T17:15:00+09:00,J3,585,655,1240
2018-09-30T17:15:00+09:00,J4,423,411,834
2018-09-30T17:15:00+09:00,J5,164,211,375
2018-09-30T17:30:00+09:00,J1,638,762,1400
2018-09-30T17:30:00+09:00,J2,487,401,888
2018-09-30T17:30:00+09:00,J3,577,623,1200
2018-09-30T17:30:00+09:00,J4,419,390,809
2018-09-30T17:30:00+09:00,J5,228,252,480
2018-09-30T17:45:00+09:00,J1,589,733,1322
2018-09-30T17:45:00+09:00,J2,545,381,926
2018-09-30T17:45:00+09:00,J3,595,644,1239
2018-09-30T17:45:00+09:00,J4,440,452,892
2018-09-30T17:45:00+09:00,J5,204,203,407
2018-09-30T18:00:00+09:00,J1,670,775,1445
2018-09-30T18:00:00+09:00,J2,547,405,952
2018-09-30T18:00:00+09:00,J3,679,670,1349
2018-09-30T18:00:00+09:00,J4,471,417,888
2018-09-30T18:00:00+09:00,J5,208,211,419
2018-09-30T18:15:00+09:00,J1,687,775,1462
2018-09-30T18:15:00+09:00,J2,566,396,962
2018-09-30T18:15:00+09:00,J3,645,692,1337
2018-09-30T18:15:00+09:00,J4,456,440,896
2018-09-30T18:15:00+09:00,J5,220,222,442
2018-09-30T18:30:00+09:00,J1,604,677,1281
2018-09-30T18:30:00+09:00,J2,500,346,846
2018-09-30T18:30:00+09:00,J3,551,577,1128
2018-09-30T18:30:00+09:00,J4,398,364,762
2018-09-30T18:30:00+09:00,J5,233,237,470
2018-09-30T18:45:00+09:00,J1,521,613,1134
2018-09-30T18:45:00+09:00,J2,459,333,792
2018-09-30T18:45:00+09:00,J3,586,674,1260
2018-09-30T18:45:00+09:00,J4,526,468,994
2018-09-30T18:45:00+09:00,J5,216,201,417
2018-09-30T19:00:00+09:00,J1,525,561,1086
2018-09-30T19:00:00+09:00,J2,486,291,777
2018-09-30T19:00:00+09:00,J3,549,526,1075
2018-09-30T19:00:00+09:00,J4,587,499,1086
2018-09-30T19:00:00+09:00,J5,208,205,413
2018-09-30T19:15:00+09:00,J1,428,482,910
2018-09-30T19:15:00+09:00,J2,487,310,797
2018-09-30T19:15:00+09:00,J3,548,544,1092
2018-09-30T19:15:00+09:00,J4,536,470,1006
2018-09-30T19:15:00+09:00,J5,236,220,456
2018-09-30T19:30:00+09:00,J1,458,515,973
2018-09-30T19:30:00+09:00,J2,380,306,686
2018-09-30T19:30:00+09:00,J3,609,569,1178
2018-09-30T19:30:00+09:00,J4,529,484,1013
2018-09-30T19:30:00+09:00,J5,191,192,383
2018-09-30T19:45:00+09:00,J1,405,455,860
2018-09-30T19:45:00+09:00,J2,344,308,652
2018-09-30T19:45:00+09:00,J3,601,563,1164
2018-09-30T19:45:00+09:00,J4,624,561,1185
2018-09-30T19:45:00+09:00,J5,210,200,410
2018-09-30T20:00:00+09:00,J1,354,442,796
2018-09-30T20:00:00+09:00,J2,335,268,603
2018-09-30T20:00:00+09:00,J3,610,593,1203
2018-09-30T20:00:00+09:00,J4,644,653,1297
2018-09-30T20:00:00+09:00,J5,208,217,425
2018-09-30T20:15:00+09:00,J1,435,480,915
2018-09-30T20:15:00+09:00,J2,373,260,633
2018-09-30T20:15:00+09:00,J3,690,559,1249
2018-09-30T20:15:00+09:00,J4,581,547,1128
2018-09-30T20:15:00+09:00,J5,168,203,371
2018-09-30T20:30:00+09:00,J1,376,451,827
2018-09-30T20:30:00+09:00,J2,321,280,601
2018-09-30T20:30:00+09:00,J3,575,531,1106
2018-09-30T20:30:00+09:00,J4,527,434,961
2018-09-30T20:30:00+09:00,J5,181,205,386
2018-09-30T20:45:00+09:00,J1,383,430,813
2018-09-30T20:45:00+09:00,J2,315,300,615
2018-09-30T20:45:00+09:00,J3,612,637,1249
2018-09-30T20:45:00+09:00,J4,599,565,1164
2018-09-30T20:45:00+09:00,J5,195,182,377
2018-09-30T21:00:00+09:00,J1,405,433,838
2018-09-30T21:00:00+09:00,J2,346,301,647
2018-09-30T21:00:00+09:00,J3,604,503,1107
2018-09-30T21:00:00+09:00,J4,666,663,1329
2018-09-30T21:00:00+09:00,J5,147,157,304
2018-09-30T21:15:00+09:00,J1,403,488,891
2018-09-30T21:15:00+09:00,J2,365,250,615
2018-09-30T21:15:00+09:00,J3,529,450,979
2018-09-30T21:15:00+09:00,J4,733,640,1373
2018-09-30T21:15:00+09:00,J5,197,155,352
2018-09-30T21:30:00+09:00,J1,369,438,807
2018-09-30T21:30:00+09:00,J2,328,249,577
2018-09-30T21:30:00+09:00,J3,599,463,1062
2018-09-30T21:30:00+09:00,J4,677,664,1341
2018-09-30T21:30:00+09:00,J5,184,187,371
2018-09-30T21:45:00+09:00,J1,349,420,769
2018-09-30T21:45:00+09:00,J2,303,263,566
2018-09-30T21:45:00+09:00,J3,594,466,1060
2018-09-30T21:45:00+09:00,J4,651,635,1286
2018-09-30T21:45:00+09:00,J5,182,160,342
2018-09-30T22:00:00+09:00,J1,412,475,887
2018-09-30T22:00:00+09:00,J2,323,239,562
2018-09-30T22:00:00+09:00,J3,554,409,963
2018-09-30T22:00:00+09:00,J4,510,518,1028
2018-09-30T22:00:00+09:00,J5,246,196,442
2018-09-30T22:15:00+09:00,J1,397,447,844
2018-09-30T22:15:00+09:00,J2,306,260,566
2018-09-30T22:15:00+09:00,J3,578,457,1035
2018-09-30T22:15:00+09:00,J4,531,519,1050
2018-09-30T22:15:00+09:00,J5,270,267,537
2018-09-30T22:30:00+09:00,J1,387,464,851
2018-09-30T22:30:00+09:00,J2,328,253,581
2018-09-30T22:30:00+09:00,J3,536,430,966
2018-09-30T22:30:00+09:00,J4,514,554,1068
2018-09-30T22:30:00+09:00,J5,202,211,413
2018-09-30T22:45:00+09:00,J1,386,427,813
2018-09-30T22:45:00+09:00,J2,305,245,550
2018-09-30T22:45:00+09:00,J3,528,421,949
2018-09-30T22:45:00+09:00,J4,683,593,1276
2018-09-30T22:45:00+09:00,J5,201,203,404
2018-09-30T23:00:00+09:00,J1,370,445,815
2018-09-30T23:00:00+09:00,J2,276,242,518
2018-09-30T23:00:00+09:00,J3,507,410,917
2018-09-30T23:00:00+09:00,J4,645,590,1235
2018-09-30T23:00:00+09:00,J5,162,211,373
2018-09-30T23:15:00+09:00,J1,350,435,785
2018-09-30T23:15:00+09:00,J2,277,278,555
2018-09-30T23:15:00+09:00,J3,532,453,985
2018-09-30T23:15:00+09:00,J4,593,572,1165
2018-09-30T23:15:00+09:00,J5,178,203,381
2018-09-30T23:30:00+09:00,J1,379,493,872
2018-09-30T23:30:00+09:00,J2,293,277,570
2018-09-30T23:30:00+09:00,J3,514,453,967
2018-09-30T23:30:00+09:00,J4,556,522,1078
2018-09-30T23:30:00+09:00,J5,158,148,306
2018-09-30T23:45:00+09:00,J1,309,364,673
2018-09-30T23:45:00+09:00,J2,238,204,442
2018-09-30T23:45:00+09:00,J3,487,387,874
2018-09-30T23:45:00+09:00,J4,522,540,1062
2018-09-30T23:45:00+09:00,J5,136,181,317
2018-10-01T00:00:00+09:00,J1,262,286,548
2018-10-01T00:00:00+09:00,J2,260,212,472
2018-10-01T00:00:00+09:00,J3,491,374,865
2018-10-01T00:00:00+09:00,J4,481,422,903
2018-10-01T00:00:00+09:00,J5,170,179,349
2018-10-01T00:15:00+09:00,J1,141,165,306
2018-10-01T00:15:00+09:00,J2,227,221,448
2018-10-01T00:15:00+09:00,J3,323,273,596
2018-10-01T00:15:00+09:00,J4,324,361,685
2018-10-01T00:15:00+09:00,J5,170,118,288
2018-10-01T00:30:00+09:00,J1,253,168,421
2018-10-01T00:30:00+09:00,J2,196,221,417
2018-10-01T00:30:00+09:00,J3,246,194,440
2018-10-01T00:30:00+09:00,J4,357,359,716
2018-10-01T00:30:00+09:00,J5,110,94,204
2018-10-01T00:45:00+09:00,J1,226,164,390
2018-10-01T00:45:00+09:00,J2,209,247,456
2018-10-01T00:45:00+09:00,J3,250,205,455
2018-10-01T00:45:00+09:00,J4,330,363,693
2018-10-01T00:45:00+09:00,J5,139,126,265
