日時,アレイ,札幌→大通り,大通り→札幌,合計
2018-08-01T05:45:00+09:00,J1,250,243,493
2018-08-01T05:45:00+09:00,J2,267,274,541
2018-08-01T05:45:00+09:00,J3,242,173,415
2018-08-01T05:45:00+09:00,J4,220,229,449
2018-08-01T06:00:00+09:00,J1,290,276,566
2018-08-01T06:00:00+09:00,J2,155,168,323
2018-08-01T06:00:00+09:00,J3,261,215,476
2018-08-01T06:00:00+09:00,J4,215,190,405
2018-08-01T06:15:00+09:00,J1,317,299,616
2018-08-01T06:15:00+09:00,J2,155,173,328
2018-08-01T06:15:00+09:00,J3,289,229,518
2018-08-01T06:15:00+09:00,J4,218,205,423
2018-08-01T06:30:00+09:00,J1,271,245,516
2018-08-01T06:30:00+09:00,J2,160,166,326
2018-08-01T06:30:00+09:00,J3,336,275,611
2018-08-01T06:30:00+09:00,J4,227,218,445
2018-08-01T06:45:00+09:00,J1,325,289,614
2018-08-01T06:45:00+09:00,J2,201,195,396
2018-08-01T06:45:00+09:00,J3,423,357,780
2018-08-01T06:45:00+09:00,J4,381,356,737
2018-08-01T07:00:00+09:00,J1,353,320,673
2018-08-01T07:00:00+09:00,J2,234,239,473
2018-08-01T07:00:00+09:00,J3,475,422,897
2018-08-01T07:00:00+09:00,J4,499,538,1037
2018-08-01T07:15:00+09:00,J1,431,311,742
2018-08-01T07:15:00+09:00,J2,298,294,592
2018-08-01T07:15:00+09:00,J3,455,542,997
2018-08-01T07:15:00+09:00,J4,567,558,1125
2018-08-01T07:30:00+09:00,J1,496,377,873
2018-08-01T07:30:00+09:00,J2,388,292,680
2018-08-01T07:30:00+09:00,J3,550,607,1157
2018-08-01T07:30:00+09:00,J4,674,671,1345
2018-08-01T07:45:00+09:00,J1,623,410,1033
2018-08-01T07:45:00+09:00,J2,601,421,1022
2018-08-01T07:45:00+09:00,J3,683,802,1485
2018-08-01T07:45:00+09:00,J4,507,649,1156
2018-08-01T08:00:00+09:00,J1,805,506,1311
2018-08-01T08:00:00+09:00,J2,760,527,1287
2018-08-01T08:00:00+09:00,J3,652,839,1491
2018-08-01T08:00:00+09:00,J4,500,789,1289
2018-08-01T08:15:00+09:00,J1,1030,504,1534
2018-08-01T08:15:00+09:00,J2,854,550,1404
2018-08-01T08:15:00+09:00,J3,671,910,1581
2018-08-01T08:15:00+09:00,J4,433,866,1299
2018-08-01T08:30:00+09:00,J1,962,571,1533
2018-08-01T08:30:00+09:00,J2,816,509,1325
2018-08-01T08:30:00+09:00,J3,692,989,1681
2018-08-01T08:30:00+09:00,J4,412,828,1240
2018-08-01T08:45:00+09:00,J1,710,476,1186
2018-08-01T08:45:00+09:00,J2,591,422,1013
2018-08-01T08:45:00+09:00,J3,524,714,1238
2018-08-01T08:45:00+09:00,J4,385,617,1002
2018-08-01T09:00:00+09:00,J1,541,367,908
2018-08-01T09:00:00+09:00,J2,595,416,1011
2018-08-01T09:00:00+09:00,J3,448,530,978
2018-08-01T09:00:00+09:00,J4,303,509,812
2018-08-01T09:15:00+09:00,J1,569,355,924
2018-08-01T09:15:00+09:00,J2,556,413,969
2018-08-01T09:15:00+09:00,J3,447,505,952
2018-08-01T09:15:00+09:00,J4,274,517,791
2018-08-01T09:30:00+09:00,J1,484,411,895
2018-08-01T09:30:00+09:00,J2,554,460,1014
2018-08-01T09:30:00+09:00,J3,443,486,929
2018-08-01T09:30:00+09:00,J4,294,490,784
2018-08-01T09:45:00+09:00,J1,500,447,947
2018-08-01T09:45:00+09:00,J2,614,487,1101
2018-08-01T09:45:00+09:00,J3,419,472,891
2018-08-01T09:45:00+09:00,J4,301,390,691
2018-08-01T10:00:00+09:00,J1,439,467,906
2018-08-01T10:00:00+09:00,J2,547,423,970
2018-08-01T10:00:00+09:00,J3,465,475,940
2018-08-01T10:00:00+09:00,J4,307,366,673
2018-08-01T10:15:00+09:00,J1,509,431,940
2018-08-01T10:15:00+09:00,J2,652,486,1138
2018-08-01T10:15:00+09:00,J3,423,472,895
2018-08-01T10:15:00+09:00,J4,343,397,740
2018-08-01T10:30:00+09:00,J1,537,514,1051
2018-08-01T10:30:00+09:00,J2,614,436,1050
2018-08-01T10:30:00+09:00,J3,474,591,1065
2018-08-01T10:30:00+09:00,J4,423,423,846
2018-08-01T10:45:00+09:00,J1,556,532,1088
2018-08-01T10:45:00+09:00,J2,490,432,922
2018-08-01T10:45:00+09:00,J3,541,578,1119
2018-08-01T10:45:00+09:00,J4,417,371,788
2018-08-01T11:00:00+09:00,J1,554,606,1160
2018-08-01T11:00:00+09:00,J2,432,444,876
2018-08-01T11:00:00+09:00,J3,548,658,1206
2018-08-01T11:00:00+09:00,J4,421,446,867
2018-08-01T11:15:00+09:00,J1,663,720,1383
2018-08-01T11:15:00+09:00,J2,479,465,944
2018-08-01T11:15:00+09:00,J3,588,638,1226
2018-08-01T11:15:00+09:00,J4,420,442,862
2018-08-01T11:30:00+09:00,J1,626,685,1311
2018-08-01T11:30:00+09:00,J2,509,446,955
2018-08-01T11:30:00+09:00,J3,619,695,1314
2018-08-01T11:30:00+09:00,J4,522,546,1068
2018-08-01T11:45:00+09:00,J1,684,712,1396
2018-08-01T11:45:00+09:00,J2,552,477,1029
2018-08-01T11:45:00+09:00,J3,700,691,1391
2018-08-01T11:45:00+09:00,J4,518,438,956
2018-08-01T12:00:00+09:00,J1,670,655,1325
2018-08-01T12:00:00+09:00,J2,575,473,1048
2018-08-01T12:00:00+09:00,J3,709,717,1426
2018-08-01T12:00:00+09:00,J4,450,440,890
2018-08-01T12:15:00+09:00,J1,585,575,1160
2018-08-01T12:15:00+09:00,J2,480,498,978
2018-08-01T12:15:00+09:00,J3,644,678,1322
2018-08-01T12:15:00+09:00,J4,494,443,937
2018-08-01T12:30:00+09:00,J1,593,622,1215
2018-08-01T12:30:00+09:00,J2,606,481,1087
2018-08-01T12:30:00+09:00,J3,632,620,1252
2018-08-01T12:30:00+09:00,J4,503,426,929
2018-08-01T12:45:00+09:00,J1,606,591,1197
2018-08-01T12:45:00+09:00,J2,679,528,1207
2018-08-01T12:45:00+09:00,J3,598,613,1211
2018-08-01T12:45:00+09:00,J4,527,523,1050
2018-08-01T13:00:00+09:00,J1,566,560,1126
2018-08-01T13:00:00+09:00,J2,604,579,1183
2018-08-01T13:00:00+09:00,J3,624,569,1193
2018-08-01T13:00:00+09:00,J4,544,571,1115
2018-08-01T13:15:00+09:00,J1,594,594,1188
2018-08-01T13:15:00+09:00,J2,540,521,1061
2018-08-01T13:15:00+09:00,J3,579,631,1210
2018-08-01T13:15:00+09:00,J4,541,616,1157
2018-08-01T13:30:00+09:00,J1,547,601,1148
2018-08-01T13:30:00+09:00,J2,545,502,1047
2018-08-01T13:30:00+09:00,J3,680,571,1251
2018-08-01T13:30:00+09:00,J4,571,598,1169
2018-08-01T13:45:00+09:00,J1,624,641,1265
2018-08-01T13:45:00+09:00,J2,612,557,1169
2018-08-01T13:45:00+09:00,J3,667,648,1315
2018-08-01T13:45:00+09:00,J4,599,613,1212
2018-08-01T14:00:00+09:00,J1,500,504,1004
2018-08-01T14:00:00+09:00,J2,451,397,848
2018-08-01T14:00:00+09:00,J3,492,450,942
2018-08-01T14:00:00+09:00,J4,488,451,939
2018-08-01T14:15:00+09:00,J1,694,763,1457
2018-08-01T14:15:00+09:00,J2,619,616,1235
2018-08-01T14:15:00+09:00,J3,762,738,1500
2018-08-01T14:15:00+09:00,J4,699,647,1346
2018-08-01T14:30:00+09:00,J1,600,597,1197
2018-08-01T14:30:00+09:00,J2,541,431,972
2018-08-01T14:30:00+09:00,J3,641,590,1231
2018-08-01T14:30:00+09:00,J4,582,549,1131
2018-08-01T14:45:00+09:00,J1,607,625,1232
2018-08-01T14:45:00+09:00,J2,535,454,989
2018-08-01T14:45:00+09:00,J3,603,575,1178
2018-08-01T14:45:00+09:00,J4,535,570,1105
2018-08-01T15:00:00+09:00,J1,600,577,1177
2018-08-01T15:00:00+09:00,J2,504,520,1024
2018-08-01T15:00:00+09:00,J3,721,669,1390
2018-08-01T15:00:00+09:00,J4,544,583,1127
2018-08-01T15:15:00+09:00,J1,552,557,1109
2018-08-01T15:15:00+09:00,J2,590,571,1161
2018-08-01T15:15:00+09:00,J3,742,714,1456
2018-08-01T15:15:00+09:00,J4,592,660,1252
2018-08-01T15:30:00+09:00,J1,593,591,1184
2018-08-01T15:30:00+09:00,J2,561,445,1006
2018-08-01T15:30:00+09:00,J3,741,637,1378
2018-08-01T15:30:00+09:00,J4,586,549,1135
2018-08-01T15:45:00+09:00,J1,639,664,1303
2018-08-01T15:45:00+09:00,J2,551,475,1026
2018-08-01T15:45:00+09:00,J3,711,613,1324
2018-08-01T15:45:00+09:00,J4,596,573,1169
2018-08-01T16:00:00+09:00,J1,604,672,1276
2018-08-01T16:00:00+09:00,J2,508,537,1045
2018-08-01T16:00:00+09:00,J3,650,644,1294
2018-08-01T16:00:00+09:00,J4,556,613,1169
2018-08-01T16:15:00+09:00,J1,681,690,1371
2018-08-01T16:15:00+09:00,J2,489,461,950
2018-08-01T16:15:00+09:00,J3,730,664,1394
2018-08-01T16:15:00+09:00,J4,663,671,1334
2018-08-01T16:30:00+09:00,J1,729,763,1492
2018-08-01T16:30:00+09:00,J2,459,491,950
2018-08-01T16:30:00+09:00,J3,733,606,1339
2018-08-01T16:30:00+09:00,J4,646,596,1242
2018-08-01T16:45:00+09:00,J1,606,783,1389
2018-08-01T16:45:00+09:00,J2,450,462,912
2018-08-01T16:45:00+09:00,J3,779,630,1409
2018-08-01T16:45:00+09:00,J4,674,618,1292
2018-08-01T17:00:00+09:00,J1,546,809,1355
2018-08-01T17:00:00+09:00,J2,547,539,1086
2018-08-01T17:00:00+09:00,J3,767,608,1375
2018-08-01T17:00:00+09:00,J4,659,620,1279
2018-08-01T17:15:00+09:00,J1,649,867,1516
2018-08-01T17:15:00+09:00,J2,719,601,1320
2018-08-01T17:15:00+09:00,J3,785,743,1528
2018-08-01T17:15:00+09:00,J4,794,737,1531
2018-08-01T17:30:00+09:00,J1,644,909,1553
2018-08-01T17:30:00+09:00,J2,740,651,1391
2018-08-01T17:30:00+09:00,J3,763,785,1548
2018-08-01T17:30:00+09:00,J4,803,757,1560
2018-08-01T17:45:00+09:00,J1,665,943,1608
2018-08-01T17:45:00+09:00,J2,734,687,1421
2018-08-01T17:45:00+09:00,J3,846,748,1594
2018-08-01T17:45:00+09:00,J4,866,680,1546
2018-08-01T18:00:00+09:00,J1,709,928,1637
2018-08-01T18:00:00+09:00,J2,670,649,1319
2018-08-01T18:00:00+09:00,J3,802,735,1537
2018-08-01T18:00:00+09:00,J4,792,711,1503
2018-08-01T18:15:00+09:00,J1,592,830,1422
2018-08-01T18:15:00+09:00,J2,612,634,1246
2018-08-01T18:15:00+09:00,J3,715,585,1300
2018-08-01T18:15:00+09:00,J4,815,636,1451
2018-08-01T18:30:00+09:00,J1,518,828,1346
2018-08-01T18:30:00+09:00,J2,595,556,1151
2018-08-01T18:30:00+09:00,J3,628,539,1167
2018-08-01T18:30:00+09:00,J4,693,604,1297
2018-08-01T18:45:00+09:00,J1,513,671,1184
2018-08-01T18:45:00+09:00,J2,513,468,981
2018-08-01T18:45:00+09:00,J3,517,457,974
2018-08-01T18:45:00+09:00,J4,665,598,1263
2018-08-01T19:00:00+09:00,J1,478,677,1155
2018-08-01T19:00:00+09:00,J2,395,356,751
2018-08-01T19:00:00+09:00,J3,543,347,890
2018-08-01T19:00:00+09:00,J4,616,545,1161
2018-08-01T19:15:00+09:00,J1,450,646,1096
2018-08-01T19:15:00+09:00,J2,403,423,826
2018-08-01T19:15:00+09:00,J3,601,471,1072
2018-08-01T19:15:00+09:00,J4,656,501,1157
2018-08-01T19:30:00+09:00,J1,462,567,1029
2018-08-01T19:30:00+09:00,J2,300,365,665
2018-08-01T19:30:00+09:00,J3,629,513,1142
2018-08-01T19:30:00+09:00,J4,645,515,1160
2018-08-01T19:45:00+09:00,J1,397,514,911
2018-08-01T19:45:00+09:00,J2,302,364,666
2018-08-01T19:45:00+09:00,J3,623,479,1102
2018-08-01T19:45:00+09:00,J4,522,501,1023
2018-08-01T20:00:00+09:00,J1,444,550,994
2018-08-01T20:00:00+09:00,J2,285,368,653
2018-08-01T20:00:00+09:00,J3,642,564,1206
2018-08-01T20:00:00+09:00,J4,574,496,1070
2018-08-01T20:15:00+09:00,J1,424,530,954
2018-08-01T20:15:00+09:00,J2,314,349,663
2018-08-01T20:15:00+09:00,J3,678,496,1174
2018-08-01T20:15:00+09:00,J4,692,468,1160
2018-08-01T20:30:00+09:00,J1,370,522,892
2018-08-01T20:30:00+09:00,J2,311,321,632
2018-08-01T20:30:00+09:00,J3,570,467,1037
2018-08-01T20:30:00+09:00,J4,575,519,1094
2018-08-01T20:45:00+09:00,J1,430,453,883
2018-08-01T20:45:00+09:00,J2,292,279,571
2018-08-01T20:45:00+09:00,J3,593,424,1017
2018-08-01T20:45:00+09:00,J4,547,559,1106
2018-08-01T21:00:00+09:00,J1,419,523,942
2018-08-01T21:00:00+09:00,J2,319,315,634
2018-08-01T21:00:00+09:00,J3,551,482,1033
2018-08-01T21:00:00+09:00,J4,655,532,1187
2018-08-01T21:15:00+09:00,J1,373,493,866
2018-08-01T21:15:00+09:00,J2,300,302,602
2018-08-01T21:15:00+09:00,J3,527,386,913
2018-08-01T21:15:00+09:00,J4,650,573,1223
2018-08-01T21:30:00+09:00,J1,377,429,806
2018-08-01T21:30:00+09:00,J2,293,313,606
2018-08-01T21:30:00+09:00,J3,541,390,931
2018-08-01T21:30:00+09:00,J4,570,445,1015
2018-08-01T21:45:00+09:00,J1,309,400,709
2018-08-01T21:45:00+09:00,J2,322,319,641
2018-08-01T21:45:00+09:00,J3,510,377,887
2018-08-01T21:45:00+09:00,J4,503,348,851
2018-08-01T22:00:00+09:00,J1,330,420,750
2018-08-01T22:00:00+09:00,J2,292,335,627
2018-08-01T22:00:00+09:00,J3,464,308,772
2018-08-01T22:00:00+09:00,J4,437,346,783
2018-08-01T22:15:00+09:00,J1,313,407,720
2018-08-01T22:15:00+09:00,J2,335,343,678
2018-08-01T22:15:00+09:00,J3,396,289,685
2018-08-01T22:15:00+09:00,J4,391,302,693
2018-08-01T22:30:00+09:00,J1,330,383,713
2018-08-01T22:30:00+09:00,J2,318,348,666
2018-08-01T22:30:00+09:00,J3,381,307,688
2018-08-01T22:30:00+09:00,J4,348,267,615
2018-08-01T22:45:00+09:00,J1,315,345,660
2018-08-01T22:45:00+09:00,J2,350,292,642
2018-08-01T22:45:00+09:00,J3,348,277,625
2018-08-01T22:45:00+09:00,J4,361,271,632
2018-08-01T23:00:00+09:00,J1,259,315,574
2018-08-01T23:00:00+09:00,J2,323,392,715
2018-08-01T23:00:00+09:00,J3,324,282,606
2018-08-01T23:00:00+09:00,J4,356,318,674
2018-08-01T23:15:00+09:00,J1,255,358,613
2018-08-01T23:15:00+09:00,J2,296,362,658
2018-08-01T23:15:00+09:00,J3,332,265,597
2018-08-01T23:15:00+09:00,J4,260,210,470
2018-08-01T23:30:00+09:00,J1,253,352,605
2018-08-01T23:30:00+09:00,J2,272,271,543
2018-08-01T23:30:00+09:00,J3,271,222,493
2018-08-01T23:30:00+09:00,J4,285,233,518
2018-08-01T23:45:00+09:00,J1,245,296,541
2018-08-01T23:45:00+09:00,J2,262,325,587
2018-08-01T23:45:00+09:00,J3,268,178,446
2018-08-01T23:45:00+09:00,J4,205,197,402
2018-08-02T00:00:00+09:00,J1,247,282,529
2018-08-02T00:00:00+09:00,J2,338,324,662
2018-08-02T00:00:00+09:00,J3,268,206,474
2018-08-02T00:00:00+09:00,J4,235,234,469
2018-08-02T00:15:00+09:00,J1,255,221,476
2018-08-02T00:15:00+09:00,J2,195,246,441
2018-08-02T00:15:00+09:00,J3,250,162,412
2018-08-02T00:15:00+09:00,J4,232,272,504
2018-08-02T00:30:00+09:00,J1,243,190,433
2018-08-02T00:30:00+09:00,J2,217,233,450
2018-08-02T00:30:00+09:00,J3,184,162,346
2018-08-02T00:30:00+09:00,J4,184,231,415
2018-08-02T00:45:00+09:00,J1,231,200,431
2018-08-02T00:45:00+09:00,J2,263,261,524
2018-08-02T00:45:00+09:00,J3,213,163,376
2018-08-02T00:45:00+09:00,J4,192,243,435
2018-08-02T05:45:00+09:00,J1,211,183,394
2018-08-02T05:45:00+09:00,J2,243,127,370
2018-08-02T05:45:00+09:00,J3,387,284,671
2018-08-02T05:45:00+09:00,J4,569,629,1198
2018-08-02T06:00:00+09:00,J1,227,206,433
2018-08-02T06:00:00+09:00,J2,218,128,346
2018-08-02T06:00:00+09:00,J3,260,257,517
2018-08-02T06:00:00+09:00,J4,500,561,1061
2018-08-02T06:15:00+09:00,J1,241,226,467
2018-08-02T06:15:00+09:00,J2,273,233,506
2018-08-02T06:15:00+09:00,J3,234,264,498
2018-08-02T06:15:00+09:00,J4,475,473,948
2018-08-02T06:30:00+09:00,J1,233,184,417
2018-08-02T06:30:00+09:00,J2,243,244,487
2018-08-02T06:30:00+09:00,J3,205,257,462
2018-08-02T06:30:00+09:00,J4,398,434,832
2018-08-02T06:45:00+09:00,J1,281,258,539
2018-08-02T06:45:00+09:00,J2,215,242,457
2018-08-02T06:45:00+09:00,J3,256,237,493
2018-08-02T06:45:00+09:00,J4,315,389,704
2018-08-02T07:00:00+09:00,J1,337,278,615
2018-08-02T07:00:00+09:00,J2,249,277,526
2018-08-02T07:00:00+09:00,J3,247,235,482
2018-08-02T07:00:00+09:00,J4,370,399,769
2018-08-02T07:15:00+09:00,J1,411,299,710
2018-08-02T07:15:00+09:00,J2,266,264,530
2018-08-02T07:15:00+09:00,J3,282,295,577
2018-08-02T07:15:00+09:00,J4,291,435,726
2018-08-02T07:30:00+09:00,J1,546,360,906
2018-08-02T07:30:00+09:00,J2,292,255,547
2018-08-02T07:30:00+09:00,J3,411,389,800
2018-08-02T07:30:00+09:00,J4,306,461,767
2018-08-02T07:45:00+09:00,J1,636,380,1016
2018-08-02T07:45:00+09:00,J2,299,234,533
2018-08-02T07:45:00+09:00,J3,550,549,1099
2018-08-02T07:45:00+09:00,J4,354,597,951
2018-08-02T08:00:00+09:00,J1,854,556,1410
2018-08-02T08:00:00+09:00,J2,355,230,585
2018-08-02T08:00:00+09:00,J3,647,695,1342
2018-08-02T08:00:00+09:00,J4,511,846,1357
2018-08-02T08:15:00+09:00,J1,1116,629,1745
2018-08-02T08:15:00+09:00,J2,402,291,693
2018-08-02T08:15:00+09:00,J3,789,816,1605
2018-08-02T08:15:00+09:00,J4,647,1088,1735
2018-08-02T08:30:00+09:00,J1,1126,689,1815
2018-08-02T08:30:00+09:00,J2,479,303,782
2018-08-02T08:30:00+09:00,J3,753,940,1693
2018-08-02T08:30:00+09:00,J4,788,1061,1849
2018-08-02T08:45:00+09:00,J1,843,613,1456
2018-08-02T08:45:00+09:00,J2,383,293,676
2018-08-02T08:45:00+09:00,J3,715,826,1541
2018-08-02T08:45:00+09:00,J4,621,920,1541
2018-08-02T09:00:00+09:00,J1,767,573,1340
2018-08-02T09:00:00+09:00,J2,339,276,615
2018-08-02T09:00:00+09:00,J3,740,657,1397
2018-08-02T09:00:00+09:00,J4,683,826,1509
2018-08-02T09:15:00+09:00,J1,648,540,1188
2018-08-02T09:15:00+09:00,J2,380,330,710
2018-08-02T09:15:00+09:00,J3,613,551,1164
2018-08-02T09:15:00+09:00,J4,650,806,1456
2018-08-02T09:30:00+09:00,J1,672,596,1268
2018-08-02T09:30:00+09:00,J2,350,336,686
2018-08-02T09:30:00+09:00,J3,666,520,1186
2018-08-02T09:30:00+09:00,J4,730,824,1554
2018-08-02T09:45:00+09:00,J1,645,558,1203
2018-08-02T09:45:00+09:00,J2,408,403,811
2018-08-02T09:45:00+09:00,J3,615,510,1125
2018-08-02T09:45:00+09:00,J4,577,651,1228
2018-08-02T10:00:00+09:00,J1,575,577,1152
2018-08-02T10:00:00+09:00,J2,326,324,650
2018-08-02T10:00:00+09:00,J3,535,493,1028
2018-08-02T10:00:00+09:00,J4,569,599,1168
2018-08-02T10:15:00+09:00,J1,573,533,1106
2018-08-02T10:15:00+09:00,J2,328,258,586
2018-08-02T10:15:00+09:00,J3,503,487,990
2018-08-02T10:15:00+09:00,J4,564,606,1170
2018-08-02T10:30:00+09:00,J1,619,577,1196
2018-08-02T10:30:00+09:00,J2,446,365,811
2018-08-02T10:30:00+09:00,J3,608,534,1142
2018-08-02T10:30:00+09:00,J4,628,563,1191
2018-08-02T10:45:00+09:00,J1,591,588,1179
2018-08-02T10:45:00+09:00,J2,388,269,657
2018-08-02T10:45:00+09:00,J3,583,597,1180
2018-08-02T10:45:00+09:00,J4,632,620,1252
2018-08-02T11:00:00+09:00,J1,605,604,1209
2018-08-02T11:00:00+09:00,J2,393,371,764
2018-08-02T11:00:00+09:00,J3,517,631,1148
2018-08-02T11:00:00+09:00,J4,568,556,1124
2018-08-02T11:15:00+09:00,J1,631,691,1322
2018-08-02T11:15:00+09:00,J2,407,349,756
2018-08-02T11:15:00+09:00,J3,594,669,1263
2018-08-02T11:15:00+09:00,J4,556,588,1144
2018-08-02T11:30:00+09:00,J1,633,670,1303
2018-08-02T11:30:00+09:00,J2,438,344,782
2018-08-02T11:30:00+09:00,J3,704,674,1378
2018-08-02T11:30:00+09:00,J4,555,605,1160
2018-08-02T11:45:00+09:00,J1,617,607,1224
2018-08-02T11:45:00+09:00,J2,434,346,780
2018-08-02T11:45:00+09:00,J3,551,551,1102
2018-08-02T11:45:00+09:00,J4,537,660,1197
2018-08-02T12:00:00+09:00,J1,628,643,1271
2018-08-02T12:00:00+09:00,J2,427,353,780
2018-08-02T12:00:00+09:00,J3,618,518,1136
2018-08-02T12:00:00+09:00,J4,612,649,1261
2018-08-02T12:15:00+09:00,J1,617,662,1279
2018-08-02T12:15:00+09:00,J2,398,317,715
2018-08-02T12:15:00+09:00,J3,571,546,1117
2018-08-02T12:15:00+09:00,J4,630,644,1274
2018-08-02T12:30:00+09:00,J1,657,643,1300
2018-08-02T12:30:00+09:00,J2,382,350,732
2018-08-02T12:30:00+09:00,J3,559,555,1114
2018-08-02T12:30:00+09:00,J4,651,677,1328
2018-08-02T12:45:00+09:00,J1,631,671,1302
2018-08-02T12:45:00+09:00,J2,405,356,761
2018-08-02T12:45:00+09:00,J3,520,583,1103
2018-08-02T12:45:00+09:00,J4,677,641,1318
2018-08-02T13:00:00+09:00,J1,710,711,1421
2018-08-02T13:00:00+09:00,J2,446,325,771
2018-08-02T13:00:00+09:00,J3,586,594,1180
2018-08-02T13:00:00+09:00,J4,622,568,1190
2018-08-02T13:15:00+09:00,J1,629,646,1275
2018-08-02T13:15:00+09:00,J2,452,392,844
2018-08-02T13:15:00+09:00,J3,507,606,1113
2018-08-02T13:15:00+09:00,J4,694,600,1294
2018-08-02T13:30:00+09:00,J1,606,606,1212
2018-08-02T13:30:00+09:00,J2,508,395,903
2018-08-02T13:30:00+09:00,J3,592,613,1205
2018-08-02T13:30:00+09:00,J4,595,672,1267
2018-08-02T13:45:00+09:00,J1,573,654,1227
2018-08-02T13:45:00+09:00,J2,502,348,850
2018-08-02T13:45:00+09:00,J3,502,531,1033
2018-08-02T13:45:00+09:00,J4,596,580,1176
2018-08-02T14:00:00+09:00,J1,556,618,1174
2018-08-02T14:00:00+09:00,J2,501,418,919
2018-08-02T14:00:00+09:00,J3,479,476,955
2018-08-02T14:00:00+09:00,J4,573,623,1196
2018-08-02T14:15:00+09:00,J1,542,583,1125
2018-08-02T14:15:00+09:00,J2,536,445,981
2018-08-02T14:15:00+09:00,J3,490,489,979
2018-08-02T14:15:00+09:00,J4,595,589,1184
2018-08-02T14:30:00+09:00,J1,589,648,1237
2018-08-02T14:30:00+09:00,J2,494,398,892
2018-08-02T14:30:00+09:00,J3,492,538,1030
2018-08-02T14:30:00+09:00,J4,621,623,1244
2018-08-02T14:45:00+09:00,J1,620,674,1294
2018-08-02T14:45:00+09:00,J2,529,420,949
2018-08-02T14:45:00+09:00,J3,569,539,1108
2018-08-02T14:45:00+09:00,J4,604,607,1211
2018-08-02T15:00:00+09:00,J1,579,688,1267
2018-08-02T15:00:00+09:00,J2,469,334,803
2018-08-02T15:00:00+09:00,J3,615,563,1178
2018-08-02T15:00:00+09:00,J4,560,598,1158
2018-08-02T15:15:00+09:00,J1,530,575,1105
2018-08-02T15:15:00+09:00,J2,436,350,786
2018-08-02T15:15:00+09:00,J3,667,591,1258
2018-08-02T15:15:00+09:00,J4,579,564,1143
2018-08-02T15:30:00+09:00,J1,484,520,1004
2018-08-02T15:30:00+09:00,J2,461,322,783
2018-08-02T15:30:00+09:00,J3,625,551,1176
2018-08-02T15:30:00+09:00,J4,584,543,1127
2018-08-02T15:45:00+09:00,J1,530,630,1160
2018-08-02T15:45:00+09:00,J2,453,391,844
2018-08-02T15:45:00+09:00,J3,603,606,1209
2018-08-02T15:45:00+09:00,J4,612,552,1164
2018-08-02T16:00:00+09:00,J1,485,638,1123
2018-08-02T16:00:00+09:00,J2,402,377,779
2018-08-02T16:00:00+09:00,J3,549,557,1106
2018-08-02T16:00:00+09:00,J4,627,621,1248
2018-08-02T16:15:00+09:00,J1,529,642,1171
2018-08-02T16:15:00+09:00,J2,513,452,965
2018-08-02T16:15:00+09:00,J3,553,604,1157
2018-08-02T16:15:00+09:00,J4,588,613,1201
2018-08-02T16:30:00+09:00,J1,508,615,1123
2018-08-02T16:30:00+09:00,J2,469,361,830
2018-08-02T16:30:00+09:00,J3,593,552,1145
2018-08-02T16:30:00+09:00,J4,624,560,1184
2018-08-02T16:45:00+09:00,J1,518,564,1082
2018-08-02T16:45:00+09:00,J2,395,363,758
2018-08-02T16:45:00+09:00,J3,631,585,1216
2018-08-02T16:45:00+09:00,J4,563,542,1105
2018-08-02T17:00:00+09:00,J1,583,657,1240
2018-08-02T17:00:00+09:00,J2,523,423,946
2018-08-02T17:00:00+09:00,J3,740,620,1360
2018-08-02T17:00:00+09:00,J4,576,561,1137
2018-08-02T17:15:00+09:00,J1,652,778,1430
2018-08-02T17:15:00+09:00,J2,517,386,903
2018-08-02T17:15:00+09:00,J3,789,667,1456
2018-08-02T17:15:00+09:00,J4,567,547,1114
2018-08-02T17:30:00+09:00,J1,689,864,1553
2018-08-02T17:30:00+09:00,J2,558,437,995
2018-08-02T17:30:00+09:00,J3,813,725,1538
2018-08-02T17:30:00+09:00,J4,594,506,1100
2018-08-02T17:45:00+09:00,J1,1111,1308,2419
2018-08-02T17:45:00+09:00,J2,934,655,1589
2018-08-02T17:45:00+09:00,J3,1242,1149,2391
2018-08-02T17:45:00+09:00,J4,1037,835,1872
2018-08-02T18:00:00+09:00,J1,645,852,1497
2018-08-02T18:00:00+09:00,J2,553,446,999
2018-08-02T18:00:00+09:00,J3,829,609,1438
2018-08-02T18:00:00+09:00,J4,675,475,1150
2018-08-02T18:15:00+09:00,J1,631,880,1511
2018-08-02T18:15:00+09:00,J2,582,442,1024
2018-08-02T18:15:00+09:00,J3,737,644,1381
2018-08-02T18:15:00+09:00,J4,669,462,1131
2018-08-02T18:30:00+09:00,J1,607,787,1394
2018-08-02T18:30:00+09:00,J2,512,388,900
2018-08-02T18:30:00+09:00,J3,700,580,1280
2018-08-02T18:30:00+09:00,J4,554,416,970
2018-08-02T18:45:00+09:00,J1,586,723,1309
2018-08-02T18:45:00+09:00,J2,523,391,914
2018-08-02T18:45:00+09:00,J3,554,511,1065
2018-08-02T18:45:00+09:00,J4,464,411,875
2018-08-02T19:00:00+09:00,J1,525,686,1211
2018-08-02T19:00:00+09:00,J2,483,318,801
2018-08-02T19:00:00+09:00,J3,536,522,1058
2018-08-02T19:00:00+09:00,J4,438,397,835
2018-08-02T19:15:00+09:00,J1,524,663,1187
2018-08-02T19:15:00+09:00,J2,515,349,864
2018-08-02T19:15:00+09:00,J3,550,515,1065
2018-08-02T19:15:00+09:00,J4,483,403,886
2018-08-02T19:30:00+09:00,J1,527,602,1129
2018-08-02T19:30:00+09:00,J2,426,277,703
2018-08-02T19:30:00+09:00,J3,446,490,936
2018-08-02T19:30:00+09:00,J4,479,388,867
2018-08-02T19:45:00+09:00,J1,467,564,1031
2018-08-02T19:45:00+09:00,J2,364,299,663
2018-08-02T19:45:00+09:00,J3,542,470,1012
2018-08-02T19:45:00+09:00,J4,465,371,836
2018-08-02T20:00:00+09:00,J1,433,578,1011
2018-08-02T20:00:00+09:00,J2,381,288,669
2018-08-02T20:00:00+09:00,J3,557,483,1040
2018-08-02T20:00:00+09:00,J4,438,374,812
2018-08-02T20:15:00+09:00,J1,452,519,971
2018-08-02T20:15:00+09:00,J2,352,267,619
2018-08-02T20:15:00+09:00,J3,543,466,1009
2018-08-02T20:15:00+09:00,J4,498,399,897
2018-08-02T20:30:00+09:00,J1,477,527,1004
2018-08-02T20:30:00+09:00,J2,332,262,594
2018-08-02T20:30:00+09:00,J3,491,484,975
2018-08-02T20:30:00+09:00,J4,461,366,827
2018-08-02T20:45:00+09:00,J1,456,528,984
2018-08-02T20:45:00+09:00,J2,383,288,671
2018-08-02T20:45:00+09:00,J3,474,458,932
2018-08-02T20:45:00+09:00,J4,497,341,838
2018-08-02T21:00:00+09:00,J1,392,506,898
2018-08-02T21:00:00+09:00,J2,357,270,627
2018-08-02T21:00:00+09:00,J3,453,330,783
2018-08-02T21:00:00+09:00,J4,624,426,1050
2018-08-02T21:15:00+09:00,J1,391,538,929
2018-08-02T21:15:00+09:00,J2,336,303,639
2018-08-02T21:15:00+09:00,J3,517,386,903
2018-08-02T21:15:00+09:00,J4,634,487,1121
2018-08-02T21:30:00+09:00,J1,399,476,875
2018-08-02T21:30:00+09:00,J2,275,244,519
2018-08-02T21:30:00+09:00,J3,460,380,840
2018-08-02T21:30:00+09:00,J4,613,548,1161
2018-08-02T21:45:00+09:00,J1,399,404,803
2018-08-02T21:45:00+09:00,J2,249,227,476
2018-08-02T21:45:00+09:00,J3,407,358,765
2018-08-02T21:45:00+09:00,J4,581,556,1137
2018-08-02T22:00:00+09:00,J1,357,415,772
2018-08-02T22:00:00+09:00,J2,236,241,477
2018-08-02T22:00:00+09:00,J3,416,321,737
2018-08-02T22:00:00+09:00,J4,619,602,1221
2018-08-02T22:15:00+09:00,J1,311,401,712
2018-08-02T22:15:00+09:00,J2,211,190,401
2018-08-02T22:15:00+09:00,J3,411,345,756
2018-08-02T22:15:00+09:00,J4,512,492,1004
2018-08-02T22:30:00+09:00,J1,315,413,728
2018-08-02T22:30:00+09:00,J2,206,187,393
2018-08-02T22:30:00+09:00,J3,395,318,713
2018-08-02T22:30:00+09:00,J4,496,439,935
2018-08-02T22:45:00+09:00,J1,335,385,720
2018-08-02T22:45:00+09:00,J2,194,174,368
2018-08-02T22:45:00+09:00,J3,398,279,677
2018-08-02T22:45:00+09:00,J4,482,380,862
2018-08-02T23:00:00+09:00,J1,329,382,711
2018-08-02T23:00:00+09:00,J2,189,212,401
2018-08-02T23:00:00+09:00,J3,369,314,683
2018-08-02T23:00:00+09:00,J4,465,412,877
2018-08-02T23:15:00+09:00,J1,321,359,680
2018-08-02T23:15:00+09:00,J2,166,197,363
2018-08-02T23:15:00+09:00,J3,378,323,701
2018-08-02T23:15:00+09:00,J4,491,399,890
2018-08-02T23:30:00+09:00,J1,336,379,715
2018-08-02T23:30:00+09:00,J2,182,215,397
2018-08-02T23:30:00+09:00,J3,401,309,710
2018-08-02T23:30:00+09:00,J4,473,465,938
2018-08-02T23:45:00+09:00,J1,264,294,558
2018-08-02T23:45:00+09:00,J2,173,205,378
2018-08-02T23:45:00+09:00,J3,328,304,632
2018-08-02T23:45:00+09:00,J4,416,392,808
2018-08-03T00:00:00+09:00,J1,271,276,547
2018-08-03T00:00:00+09:00,J2,150,147,297
2018-08-03T00:00:00+09:00,J3,298,222,520
2018-08-03T00:00:00+09:00,J4,290,250,540
2018-08-03T00:15:00+09:00,J1,237,235,472
2018-08-03T00:15:00+09:00,J2,153,169,322
2018-08-03T00:15:00+09:00,J3,199,144,343
2018-08-03T00:15:00+09:00,J4,192,184,376
2018-08-03T00:30:00+09:00,J1,261,249,510
2018-08-03T00:30:00+09:00,J2,156,141,297
2018-08-03T00:30:00+09:00,J3,206,174,380
2018-08-03T00:30:00+09:00,J4,203,218,421
2018-08-03T00:45:00+09:00,J1,262,248,510
2018-08-03T00:45:00+09:00,J2,150,191,341
2018-08-03T00:45:00+09:00,J3,196,180,376
2018-08-03T00:45:00+09:00,J4,194,201,395
2018-08-03T05:45:00+09:00,J1,160,134,294
2018-08-03T05:45:00+09:00,J2,214,206,420
2018-08-03T05:45:00+09:00,J3,367,280,647
2018-08-03T05:45:00+09:00,J4,694,695,1389
2018-08-03T06:00:00+09:00,J1,188,171,359
2018-08-03T06:00:00+09:00,J2,313,188,501
2018-08-03T06:00:00+09:00,J3,421,308,729
2018-08-03T06:00:00+09:00,J4,726,713,1439
2018-08-03T06:15:00+09:00,J1,224,217,441
2018-08-03T06:15:00+09:00,J2,280,238,518
2018-08-03T06:15:00+09:00,J3,450,387,837
2018-08-03T06:15:00+09:00,J4,611,654,1265
2018-08-03T06:30:00+09:00,J1,213,231,444
2018-08-03T06:30:00+09:00,J2,262,224,486
2018-08-03T06:30:00+09:00,J3,309,323,632
2018-08-03T06:30:00+09:00,J4,542,561,1103
2018-08-03T06:45:00+09:00,J1,283,283,566
2018-08-03T06:45:00+09:00,J2,365,312,677
2018-08-03T06:45:00+09:00,J3,298,355,653
2018-08-03T06:45:00+09:00,J4,480,498,978
2018-08-03T07:00:00+09:00,J1,301,305,606
2018-08-03T07:00:00+09:00,J2,391,249,640
2018-08-03T07:00:00+09:00,J3,405,361,766
2018-08-03T07:00:00+09:00,J4,441,475,916
2018-08-03T07:15:00+09:00,J1,361,330,691
2018-08-03T07:15:00+09:00,J2,401,301,702
2018-08-03T07:15:00+09:00,J3,354,362,716
2018-08-03T07:15:00+09:00,J4,348,465,813
2018-08-03T07:30:00+09:00,J1,488,367,855
2018-08-03T07:30:00+09:00,J2,400,349,749
2018-08-03T07:30:00+09:00,J3,439,492,931
2018-08-03T07:30:00+09:00,J4,307,464,771
2018-08-03T07:45:00+09:00,J1,609,382,991
2018-08-03T07:45:00+09:00,J2,426,294,720
2018-08-03T07:45:00+09:00,J3,543,534,1077
2018-08-03T07:45:00+09:00,J4,372,583,955
2018-08-03T08:00:00+09:00,J1,840,492,1332
2018-08-03T08:00:00+09:00,J2,580,359,939
2018-08-03T08:00:00+09:00,J3,626,708,1334
2018-08-03T08:00:00+09:00,J4,510,907,1417
2018-08-03T08:15:00+09:00,J1,982,583,1565
2018-08-03T08:15:00+09:00,J2,561,401,962
2018-08-03T08:15:00+09:00,J3,699,827,1526
2018-08-03T08:15:00+09:00,J4,690,1097,1787
2018-08-03T08:30:00+09:00,J1,1081,663,1744
2018-08-03T08:30:00+09:00,J2,770,393,1163
2018-08-03T08:30:00+09:00,J3,699,832,1531
2018-08-03T08:30:00+09:00,J4,760,977,1737
2018-08-03T08:45:00+09:00,J1,759,540,1299
2018-08-03T08:45:00+09:00,J2,483,360,843
2018-08-03T08:45:00+09:00,J3,636,737,1373
2018-08-03T08:45:00+09:00,J4,640,856,1496
2018-08-03T09:00:00+09:00,J1,686,586,1272
2018-08-03T09:00:00+09:00,J2,427,372,799
2018-08-03T09:00:00+09:00,J3,650,530,1180
2018-08-03T09:00:00+09:00,J4,603,720,1323
2018-08-03T09:15:00+09:00,J1,658,562,1220
2018-08-03T09:15:00+09:00,J2,514,351,865
2018-08-03T09:15:00+09:00,J3,605,507,1112
2018-08-03T09:15:00+09:00,J4,580,693,1273
2018-08-03T09:30:00+09:00,J1,628,501,1129
2018-08-03T09:30:00+09:00,J2,551,414,965
2018-08-03T09:30:00+09:00,J3,579,536,1115
2018-08-03T09:30:00+09:00,J4,623,721,1344
2018-08-03T09:45:00+09:00,J1,663,517,1180
2018-08-03T09:45:00+09:00,J2,535,372,907
2018-08-03T09:45:00+09:00,J3,560,487,1047
2018-08-03T09:45:00+09:00,J4,600,645,1245
2018-08-03T10:00:00+09:00,J1,519,557,1076
2018-08-03T10:00:00+09:00,J2,463,365,828
2018-08-03T10:00:00+09:00,J3,630,487,1117
2018-08-03T10:00:00+09:00,J4,627,534,1161
2018-08-03T10:15:00+09:00,J1,590,503,1093
2018-08-03T10:15:00+09:00,J2,543,438,981
2018-08-03T10:15:00+09:00,J3,546,461,1007
2018-08-03T10:15:00+09:00,J4,634,561,1195
2018-08-03T10:30:00+09:00,J1,630,569,1199
2018-08-03T10:30:00+09:00,J2,630,592,1222
2018-08-03T10:30:00+09:00,J3,493,556,1049
2018-08-03T10:30:00+09:00,J4,633,575,1208
2018-08-03T10:45:00+09:00,J1,566,563,1129
2018-08-03T10:45:00+09:00,J2,625,557,1182
2018-08-03T10:45:00+09:00,J3,549,618,1167
2018-08-03T10:45:00+09:00,J4,613,575,1188
2018-08-03T11:00:00+09:00,J1,582,572,1154
2018-08-03T11:00:00+09:00,J2,675,596,1271
2018-08-03T11:00:00+09:00,J3,590,643,1233
2018-08-03T11:00:00+09:00,J4,598,607,1205
2018-08-03T11:15:00+09:00,J1,700,669,1369
2018-08-03T11:15:00+09:00,J2,645,598,1243
2018-08-03T11:15:00+09:00,J3,600,685,1285
2018-08-03T11:15:00+09:00,J4,535,569,1104
2018-08-03T11:30:00+09:00,J1,706,683,1389
2018-08-03T11:30:00+09:00,J2,716,516,1232
2018-08-03T11:30:00+09:00,J3,640,670,1310
2018-08-03T11:30:00+09:00,J4,583,580,1163
2018-08-03T11:45:00+09:00,J1,648,680,1328
2018-08-03T11:45:00+09:00,J2,703,580,1283
2018-08-03T11:45:00+09:00,J3,697,662,1359
2018-08-03T11:45:00+09:00,J4,491,562,1053
2018-08-03T12:00:00+09:00,J1,702,687,1389
2018-08-03T12:00:00+09:00,J2,797,605,1402
2018-08-03T12:00:00+09:00,J3,856,695,1551
2018-08-03T12:00:00+09:00,J4,469,559,1028
2018-08-03T12:15:00+09:00,J1,730,702,1432
2018-08-03T12:15:00+09:00,J2,677,547,1224
2018-08-03T12:15:00+09:00,J3,670,666,1336
2018-08-03T12:15:00+09:00,J4,635,649,1284
2018-08-03T12:30:00+09:00,J1,699,677,1376
2018-08-03T12:30:00+09:00,J2,633,539,1172
2018-08-03T12:30:00+09:00,J3,708,622,1330
2018-08-03T12:30:00+09:00,J4,655,671,1326
2018-08-03T12:45:00+09:00,J1,663,733,1396
2018-08-03T12:45:00+09:00,J2,627,486,1113
2018-08-03T12:45:00+09:00,J3,673,674,1347
2018-08-03T12:45:00+09:00,J4,667,595,1262
2018-08-03T13:00:00+09:00,J1,672,712,1384
2018-08-03T13:00:00+09:00,J2,675,538,1213
2018-08-03T13:00:00+09:00,J3,679,579,1258
2018-08-03T13:00:00+09:00,J4,624,604,1228
2018-08-03T13:15:00+09:00,J1,665,731,1396
2018-08-03T13:15:00+09:00,J2,559,523,1082
2018-08-03T13:15:00+09:00,J3,643,660,1303
2018-08-03T13:15:00+09:00,J4,524,560,1084
2018-08-03T13:30:00+09:00,J1,635,664,1299
2018-08-03T13:30:00+09:00,J2,566,507,1073
2018-08-03T13:30:00+09:00,J3,694,600,1294
2018-08-03T13:30:00+09:00,J4,518,470,988
2018-08-03T13:45:00+09:00,J1,584,582,1166
2018-08-03T13:45:00+09:00,J2,529,474,1003
2018-08-03T13:45:00+09:00,J3,564,596,1160
2018-08-03T13:45:00+09:00,J4,454,505,959
2018-08-03T14:00:00+09:00,J1,599,684,1283
2018-08-03T14:00:00+09:00,J2,649,509,1158
2018-08-03T14:00:00+09:00,J3,602,640,1242
2018-08-03T14:00:00+09:00,J4,468,504,972
2018-08-03T14:15:00+09:00,J1,592,616,1208
2018-08-03T14:15:00+09:00,J2,592,535,1127
2018-08-03T14:15:00+09:00,J3,616,636,1252
2018-08-03T14:15:00+09:00,J4,483,447,930
2018-08-03T14:30:00+09:00,J1,608,648,1256
2018-08-03T14:30:00+09:00,J2,578,518,1096
2018-08-03T14:30:00+09:00,J3,685,653,1338
2018-08-03T14:30:00+09:00,J4,466,547,1013
2018-08-03T14:45:00+09:00,J1,629,707,1336
2018-08-03T14:45:00+09:00,J2,579,481,1060
2018-08-03T14:45:00+09:00,J3,632,600,1232
2018-08-03T14:45:00+09:00,J4,412,432,844
2018-08-03T15:00:00+09:00,J1,643,657,1300
2018-08-03T15:00:00+09:00,J2,644,594,1238
2018-08-03T15:00:00+09:00,J3,573,661,1234
2018-08-03T15:00:00+09:00,J4,396,436,832
2018-08-03T15:15:00+09:00,J1,662,752,1414
2018-08-03T15:15:00+09:00,J2,533,563,1096
2018-08-03T15:15:00+09:00,J3,676,718,1394
2018-08-03T15:15:00+09:00,J4,479,409,888
2018-08-03T15:30:00+09:00,J1,638,700,1338
2018-08-03T15:30:00+09:00,J2,644,487,1131
2018-08-03T15:30:00+09:00,J3,710,714,1424
2018-08-03T15:30:00+09:00,J4,486,460,946
2018-08-03T15:45:00+09:00,J1,593,739,1332
2018-08-03T15:45:00+09:00,J2,593,563,1156
2018-08-03T15:45:00+09:00,J3,700,703,1403
2018-08-03T15:45:00+09:00,J4,518,492,1010
2018-08-03T16:00:00+09:00,J1,586,698,1284
2018-08-03T16:00:00+09:00,J2,542,581,1123
2018-08-03T16:00:00+09:00,J3,742,651,1393
2018-08-03T16:00:00+09:00,J4,466,414,880
2018-08-03T16:15:00+09:00,J1,577,704,1281
2018-08-03T16:15:00+09:00,J2,531,551,1082
2018-08-03T16:15:00+09:00,J3,695,687,1382
2018-08-03T16:15:00+09:00,J4,555,510,1065
2018-08-03T16:30:00+09:00,J1,633,716,1349
2018-08-03T16:30:00+09:00,J2,627,578,1205
2018-08-03T16:30:00+09:00,J3,705,676,1381
2018-08-03T16:30:00+09:00,J4,511,446,957
2018-08-03T16:45:00+09:00,J1,635,704,1339
2018-08-03T16:45:00+09:00,J2,581,566,1147
2018-08-03T16:45:00+09:00,J3,733,647,1380
2018-08-03T16:45:00+09:00,J4,582,487,1069
2018-08-03T17:00:00+09:00,J1,690,775,1465
2018-08-03T17:00:00+09:00,J2,586,529,1115
2018-08-03T17:00:00+09:00,J3,780,661,1441
2018-08-03T17:00:00+09:00,J4,578,550,1128
2018-08-03T17:15:00+09:00,J1,692,843,1535
2018-08-03T17:15:00+09:00,J2,730,658,1388
2018-08-03T17:15:00+09:00,J3,908,806,1714
2018-08-03T17:15:00+09:00,J4,721,582,1303
2018-08-03T17:30:00+09:00,J1,750,832,1582
2018-08-03T17:30:00+09:00,J2,680,562,1242
2018-08-03T17:30:00+09:00,J3,926,787,1713
2018-08-03T17:30:00+09:00,J4,740,558,1298
2018-08-03T17:45:00+09:00,J1,744,948,1692
2018-08-03T17:45:00+09:00,J2,673,585,1258
2018-08-03T17:45:00+09:00,J3,961,769,1730
2018-08-03T17:45:00+09:00,J4,817,651,1468
2018-08-03T18:00:00+09:00,J1,761,883,1644
2018-08-03T18:00:00+09:00,J2,666,599,1265
2018-08-03T18:00:00+09:00,J3,1089,730,1819
2018-08-03T18:00:00+09:00,J4,801,495,1296
2018-08-03T18:15:00+09:00,J1,784,901,1685
2018-08-03T18:15:00+09:00,J2,685,583,1268
2018-08-03T18:15:00+09:00,J3,957,757,1714
2018-08-03T18:15:00+09:00,J4,769,502,1271
2018-08-03T18:30:00+09:00,J1,713,854,1567
2018-08-03T18:30:00+09:00,J2,627,565,1192
2018-08-03T18:30:00+09:00,J3,851,687,1538
2018-08-03T18:30:00+09:00,J4,683,491,1174
2018-08-03T18:45:00+09:00,J1,604,698,1302
2018-08-03T18:45:00+09:00,J2,590,498,1088
2018-08-03T18:45:00+09:00,J3,690,648,1338
2018-08-03T18:45:00+09:00,J4,541,427,968
2018-08-03T19:00:00+09:00,J1,575,695,1270
2018-08-03T19:00:00+09:00,J2,509,469,978
2018-08-03T19:00:00+09:00,J3,624,549,1173
2018-08-03T19:00:00+09:00,J4,458,384,842
2018-08-03T19:15:00+09:00,J1,592,745,1337
2018-08-03T19:15:00+09:00,J2,530,476,1006
2018-08-03T19:15:00+09:00,J3,631,580,1211
2018-08-03T19:15:00+09:00,J4,549,482,1031
2018-08-03T19:30:00+09:00,J1,596,748,1344
2018-08-03T19:30:00+09:00,J2,448,433,881
2018-08-03T19:30:00+09:00,J3,490,498,988
2018-08-03T19:30:00+09:00,J4,524,437,961
2018-08-03T19:45:00+09:00,J1,592,615,1207
2018-08-03T19:45:00+09:00,J2,459,395,854
2018-08-03T19:45:00+09:00,J3,564,517,1081
2018-08-03T19:45:00+09:00,J4,565,527,1092
2018-08-03T20:00:00+09:00,J1,578,596,1174
2018-08-03T20:00:00+09:00,J2,375,419,794
2018-08-03T20:00:00+09:00,J3,604,523,1127
2018-08-03T20:00:00+09:00,J4,686,466,1152
2018-08-03T20:15:00+09:00,J1,480,635,1115
2018-08-03T20:15:00+09:00,J2,392,418,810
2018-08-03T20:15:00+09:00,J3,670,579,1249
2018-08-03T20:15:00+09:00,J4,763,624,1387
2018-08-03T20:30:00+09:00,J1,577,631,1208
2018-08-03T20:30:00+09:00,J2,351,412,763
2018-08-03T20:30:00+09:00,J3,574,385,959
2018-08-03T20:30:00+09:00,J4,646,614,1260
2018-08-03T20:45:00+09:00,J1,534,605,1139
2018-08-03T20:45:00+09:00,J2,369,454,823
2018-08-03T20:45:00+09:00,J3,544,374,918
2018-08-03T20:45:00+09:00,J4,662,593,1255
2018-08-03T21:00:00+09:00,J1,470,619,1089
2018-08-03T21:00:00+09:00,J2,294,363,657
2018-08-03T21:00:00+09:00,J3,497,428,925
2018-08-03T21:00:00+09:00,J4,660,602,1262
2018-08-03T21:15:00+09:00,J1,440,576,1016
2018-08-03T21:15:00+09:00,J2,338,395,733
2018-08-03T21:15:00+09:00,J3,553,421,974
2018-08-03T21:15:00+09:00,J4,705,633,1338
2018-08-03T21:30:00+09:00,J1,436,584,1020
2018-08-03T21:30:00+09:00,J2,319,365,684
2018-08-03T21:30:00+09:00,J3,571,410,981
2018-08-03T21:30:00+09:00,J4,669,580,1249
2018-08-03T21:45:00+09:00,J1,420,482,902
2018-08-03T21:45:00+09:00,J2,274,296,570
2018-08-03T21:45:00+09:00,J3,496,450,946
2018-08-03T21:45:00+09:00,J4,577,478,1055
2018-08-03T22:00:00+09:00,J1,388,498,886
2018-08-03T22:00:00+09:00,J2,219,278,497
2018-08-03T22:00:00+09:00,J3,509,349,858
2018-08-03T22:00:00+09:00,J4,498,388,886
2018-08-03T22:15:00+09:00,J1,406,490,896
2018-08-03T22:15:00+09:00,J2,200,257,457
2018-08-03T22:15:00+09:00,J3,471,445,916
2018-08-03T22:15:00+09:00,J4,384,332,716
2018-08-03T22:30:00+09:00,J1,394,456,850
2018-08-03T22:30:00+09:00,J2,308,330,638
2018-08-03T22:30:00+09:00,J3,373,315,688
2018-08-03T22:30:00+09:00,J4,354,363,717
2018-08-03T22:45:00+09:00,J1,430,505,935
2018-08-03T22:45:00+09:00,J2,337,347,684
2018-08-03T22:45:00+09:00,J3,407,337,744
2018-08-03T22:45:00+09:00,J4,320,334,654
2018-08-03T23:00:00+09:00,J1,360,426,786
2018-08-03T23:00:00+09:00,J2,293,336,629
2018-08-03T23:00:00+09:00,J3,380,326,706
2018-08-03T23:00:00+09:00,J4,382,393,775
2018-08-03T23:15:00+09:00,J1,337,382,719
2018-08-03T23:15:00+09:00,J2,361,402,763
2018-08-03T23:15:00+09:00,J3,363,346,709
2018-08-03T23:15:00+09:00,J4,342,338,680
2018-08-03T23:30:00+09:00,J1,349,427,776
2018-08-03T23:30:00+09:00,J2,361,382,743
2018-08-03T23:30:00+09:00,J3,326,291,617
2018-08-03T23:30:00+09:00,J4,376,388,764
2018-08-03T23:45:00+09:00,J1,354,406,760
2018-08-03T23:45:00+09:00,J2,338,398,736
2018-08-03T23:45:00+09:00,J3,318,267,585
2018-08-03T23:45:00+09:00,J4,321,295,616
2018-08-04T00:00:00+09:00,J1,265,285,550
2018-08-04T00:00:00+09:00,J2,305,285,590
2018-08-04T00:00:00+09:00,J3,328,245,573
2018-08-04T00:00:00+09:00,J4,292,257,549
2018-08-04T00:15:00+09:00,J1,222,202,424
2018-08-04T00:15:00+09:00,J2,276,342,618
2018-08-04T00:15:00+09:00,J3,217,221,438
2018-08-04T00:15:00+09:00,J4,303,269,572
2018-08-04T00:30:00+09:00,J1,199,176,375
2018-08-04T00:30:00+09:00,J2,279,292,571
2018-08-04T00:30:00+09:00,J3,256,244,500
2018-08-04T00:30:00+09:00,J4,351,409,760
2018-08-04T00:45:00+09:00,J1,175,146,321
2018-08-04T00:45:00+09:00,J2,299,199,498
2018-08-04T00:45:00+09:00,J3,191,231,422
2018-08-04T00:45:00+09:00,J4,363,372,735
2018-08-04T05:45:00+09:00,J1,259,296,555
2018-08-04T05:45:00+09:00,J2,245,229,474
2018-08-04T05:45:00+09:00,J3,325,271,596
2018-08-04T05:45:00+09:00,J4,589,614,1203
2018-08-04T06:00:00+09:00,J1,274,269,543
2018-08-04T06:00:00+09:00,J2,268,207,475
2018-08-04T06:00:00+09:00,J3,420,358,778
2018-08-04T06:00:00+09:00,J4,511,584,1095
2018-08-04T06:15:00+09:00,J1,245,241,486
2018-08-04T06:15:00+09:00,J2,266,276,542
2018-08-04T06:15:00+09:00,J3,434,352,786
2018-08-04T06:15:00+09:00,J4,509,507,1016
2018-08-04T06:30:00+09:00,J1,273,249,522
2018-08-04T06:30:00+09:00,J2,259,229,488
2018-08-04T06:30:00+09:00,J3,420,323,743
2018-08-04T06:30:00+09:00,J4,503,503,1006
2018-08-04T06:45:00+09:00,J1,257,242,499
2018-08-04T06:45:00+09:00,J2,292,270,562
2018-08-04T06:45:00+09:00,J3,404,305,709
2018-08-04T06:45:00+09:00,J4,459,536,995
2018-08-04T07:00:00+09:00,J1,310,324,634
2018-08-04T07:00:00+09:00,J2,273,268,541
2018-08-04T07:00:00+09:00,J3,365,345,710
2018-08-04T07:00:00+09:00,J4,558,589,1147
2018-08-04T07:15:00+09:00,J1,270,286,556
2018-08-04T07:15:00+09:00,J2,285,252,537
2018-08-04T07:15:00+09:00,J3,405,362,767
2018-08-04T07:15:00+09:00,J4,516,575,1091
2018-08-04T07:30:00+09:00,J1,323,249,572
2018-08-04T07:30:00+09:00,J2,287,294,581
2018-08-04T07:30:00+09:00,J3,434,394,828
2018-08-04T07:30:00+09:00,J4,511,515,1026
2018-08-04T07:45:00+09:00,J1,314,258,572
2018-08-04T07:45:00+09:00,J2,302,244,546
2018-08-04T07:45:00+09:00,J3,478,404,882
2018-08-04T07:45:00+09:00,J4,501,531,1032
2018-08-04T08:00:00+09:00,J1,412,338,750
2018-08-04T08:00:00+09:00,J2,407,366,773
2018-08-04T08:00:00+09:00,J3,510,563,1073
2018-08-04T08:00:00+09:00,J4,430,513,943
2018-08-04T08:15:00+09:00,J1,579,463,1042
2018-08-04T08:15:00+09:00,J2,523,494,1017
2018-08-04T08:15:00+09:00,J3,575,507,1082
2018-08-04T08:15:00+09:00,J4,407,496,903
2018-08-04T08:30:00+09:00,J1,562,430,992
2018-08-04T08:30:00+09:00,J2,443,463,906
2018-08-04T08:30:00+09:00,J3,474,530,1004
2018-08-04T08:30:00+09:00,J4,446,500,946
2018-08-04T08:45:00+09:00,J1,489,483,972
2018-08-04T08:45:00+09:00,J2,472,476,948
2018-08-04T08:45:00+09:00,J3,488,452,940
2018-08-04T08:45:00+09:00,J4,400,454,854
2018-08-04T09:00:00+09:00,J1,456,467,923
2018-08-04T09:00:00+09:00,J2,412,363,775
2018-08-04T09:00:00+09:00,J3,358,432,790
2018-08-04T09:00:00+09:00,J4,338,465,803
2018-08-04T09:15:00+09:00,J1,518,455,973
2018-08-04T09:15:00+09:00,J2,509,462,971
2018-08-04T09:15:00+09:00,J3,377,392,769
2018-08-04T09:15:00+09:00,J4,401,474,875
2018-08-04T09:30:00+09:00,J1,491,460,951
2018-08-04T09:30:00+09:00,J2,509,496,1005
2018-08-04T09:30:00+09:00,J3,383,421,804
2018-08-04T09:30:00+09:00,J4,365,453,818
2018-08-04T09:45:00+09:00,J1,550,485,1035
2018-08-04T09:45:00+09:00,J2,572,565,1137
2018-08-04T09:45:00+09:00,J3,484,428,912
2018-08-04T09:45:00+09:00,J4,363,396,759
2018-08-04T10:00:00+09:00,J1,500,468,968
2018-08-04T10:00:00+09:00,J2,524,540,1064
2018-08-04T10:00:00+09:00,J3,493,435,928
2018-08-04T10:00:00+09:00,J4,385,474,859
2018-08-04T10:15:00+09:00,J1,473,404,877
2018-08-04T10:15:00+09:00,J2,502,419,921
2018-08-04T10:15:00+09:00,J3,409,446,855
2018-08-04T10:15:00+09:00,J4,396,425,821
2018-08-04T10:30:00+09:00,J1,506,463,969
2018-08-04T10:30:00+09:00,J2,501,448,949
2018-08-04T10:30:00+09:00,J3,443,410,853
2018-08-04T10:30:00+09:00,J4,410,422,832
2018-08-04T10:45:00+09:00,J1,467,433,900
2018-08-04T10:45:00+09:00,J2,518,443,961
2018-08-04T10:45:00+09:00,J3,418,488,906
2018-08-04T10:45:00+09:00,J4,427,406,833
2018-08-04T11:00:00+09:00,J1,572,491,1063
2018-08-04T11:00:00+09:00,J2,534,406,940
2018-08-04T11:00:00+09:00,J3,451,473,924
2018-08-04T11:00:00+09:00,J4,398,421,819
2018-08-04T11:15:00+09:00,J1,641,528,1169
2018-08-04T11:15:00+09:00,J2,502,390,892
2018-08-04T11:15:00+09:00,J3,494,549,1043
2018-08-04T11:15:00+09:00,J4,421,442,863
2018-08-04T11:30:00+09:00,J1,656,522,1178
2018-08-04T11:30:00+09:00,J2,447,416,863
2018-08-04T11:30:00+09:00,J3,500,529,1029
2018-08-04T11:30:00+09:00,J4,449,506,955
2018-08-04T11:45:00+09:00,J1,604,535,1139
2018-08-04T11:45:00+09:00,J2,500,382,882
2018-08-04T11:45:00+09:00,J3,546,477,1023
2018-08-04T11:45:00+09:00,J4,451,371,822
2018-08-04T12:00:00+09:00,J1,613,601,1214
2018-08-04T12:00:00+09:00,J2,483,413,896
2018-08-04T12:00:00+09:00,J3,523,496,1019
2018-08-04T12:00:00+09:00,J4,421,436,857
2018-08-04T12:15:00+09:00,J1,669,649,1318
2018-08-04T12:15:00+09:00,J2,505,418,923
2018-08-04T12:15:00+09:00,J3,605,526,1131
2018-08-04T12:15:00+09:00,J4,421,424,845
2018-08-04T12:30:00+09:00,J1,613,730,1343
2018-08-04T12:30:00+09:00,J2,456,494,950
2018-08-04T12:30:00+09:00,J3,537,506,1043
2018-08-04T12:30:00+09:00,J4,463,481,944
2018-08-04T12:45:00+09:00,J1,654,684,1338
2018-08-04T12:45:00+09:00,J2,454,438,892
2018-08-04T12:45:00+09:00,J3,535,491,1026
2018-08-04T12:45:00+09:00,J4,533,501,1034
2018-08-04T13:00:00+09:00,J1,645,684,1329
2018-08-04T13:00:00+09:00,J2,467,424,891
2018-08-04T13:00:00+09:00,J3,579,501,1080
2018-08-04T13:00:00+09:00,J4,542,456,998
2018-08-04T13:15:00+09:00,J1,669,726,1395
2018-08-04T13:15:00+09:00,J2,414,420,834
2018-08-04T13:15:00+09:00,J3,561,478,1039
2018-08-04T13:15:00+09:00,J4,605,569,1174
2018-08-04T13:30:00+09:00,J1,621,680,1301
2018-08-04T13:30:00+09:00,J2,474,431,905
2018-08-04T13:30:00+09:00,J3,617,513,1130
2018-08-04T13:30:00+09:00,J4,692,716,1408
2018-08-04T13:45:00+09:00,J1,556,731,1287
2018-08-04T13:45:00+09:00,J2,406,438,844
2018-08-04T13:45:00+09:00,J3,543,489,1032
2018-08-04T13:45:00+09:00,J4,723,706,1429
2018-08-04T14:00:00+09:00,J1,590,630,1220
2018-08-04T14:00:00+09:00,J2,478,460,938
2018-08-04T14:00:00+09:00,J3,575,564,1139
2018-08-04T14:00:00+09:00,J4,824,780,1604
2018-08-04T14:15:00+09:00,J1,603,759,1362
2018-08-04T14:15:00+09:00,J2,476,455,931
2018-08-04T14:15:00+09:00,J3,600,551,1151
2018-08-04T14:15:00+09:00,J4,752,722,1474
2018-08-04T14:30:00+09:00,J1,616,637,1253
2018-08-04T14:30:00+09:00,J2,494,494,988
2018-08-04T14:30:00+09:00,J3,581,524,1105
2018-08-04T14:30:00+09:00,J4,572,513,1085
2018-08-04T14:45:00+09:00,J1,581,635,1216
2018-08-04T14:45:00+09:00,J2,541,535,1076
2018-08-04T14:45:00+09:00,J3,536,533,1069
2018-08-04T14:45:00+09:00,J4,627,567,1194
2018-08-04T15:00:00+09:00,J1,589,636,1225
2018-08-04T15:00:00+09:00,J2,521,491,1012
2018-08-04T15:00:00+09:00,J3,532,536,1068
2018-08-04T15:00:00+09:00,J4,648,592,1240
2018-08-04T15:15:00+09:00,J1,626,638,1264
2018-08-04T15:15:00+09:00,J2,450,517,967
2018-08-04T15:15:00+09:00,J3,525,510,1035
2018-08-04T15:15:00+09:00,J4,623,535,1158
2018-08-04T15:30:00+09:00,J1,538,566,1104
2018-08-04T15:30:00+09:00,J2,442,357,799
2018-08-04T15:30:00+09:00,J3,482,498,980
2018-08-04T15:30:00+09:00,J4,521,500,1021
2018-08-04T15:45:00+09:00,J1,673,811,1484
2018-08-04T15:45:00+09:00,J2,609,543,1152
2018-08-04T15:45:00+09:00,J3,676,703,1379
2018-08-04T15:45:00+09:00,J4,718,540,1258
2018-08-04T16:00:00+09:00,J1,532,686,1218
2018-08-04T16:00:00+09:00,J2,610,511,1121
2018-08-04T16:00:00+09:00,J3,570,591,1161
2018-08-04T16:00:00+09:00,J4,619,448,1067
2018-08-04T16:15:00+09:00,J1,638,734,1372
2018-08-04T16:15:00+09:00,J2,581,452,1033
2018-08-04T16:15:00+09:00,J3,626,580,1206
2018-08-04T16:15:00+09:00,J4,664,472,1136
2018-08-04T16:30:00+09:00,J1,586,687,1273
2018-08-04T16:30:00+09:00,J2,535,462,997
2018-08-04T16:30:00+09:00,J3,581,620,1201
2018-08-04T16:30:00+09:00,J4,574,506,1080
2018-08-04T16:45:00+09:00,J1,698,790,1488
2018-08-04T16:45:00+09:00,J2,451,432,883
2018-08-04T16:45:00+09:00,J3,619,508,1127
2018-08-04T16:45:00+09:00,J4,561,468,1029
2018-08-04T17:00:00+09:00,J1,673,739,1412
2018-08-04T17:00:00+09:00,J2,491,446,937
2018-08-04T17:00:00+09:00,J3,619,500,1119
2018-08-04T17:00:00+09:00,J4,635,564,1199
2018-08-04T17:15:00+09:00,J1,668,744,1412
2018-08-04T17:15:00+09:00,J2,466,433,899
2018-08-04T17:15:00+09:00,J3,608,500,1108
2018-08-04T17:15:00+09:00,J4,754,622,1376
2018-08-04T17:30:00+09:00,J1,668,702,1370
2018-08-04T17:30:00+09:00,J2,513,455,968
2018-08-04T17:30:00+09:00,J3,676,581,1257
2018-08-04T17:30:00+09:00,J4,771,604,1375
2018-08-04T17:45:00+09:00,J1,720,691,1411
2018-08-04T17:45:00+09:00,J2,457,464,921
2018-08-04T17:45:00+09:00,J3,605,459,1064
2018-08-04T17:45:00+09:00,J4,740,579,1319
2018-08-04T18:00:00+09:00,J1,632,730,1362
2018-08-04T18:00:00+09:00,J2,462,447,909
2018-08-04T18:00:00+09:00,J3,572,498,1070
2018-08-04T18:00:00+09:00,J4,658,546,1204
2018-08-04T18:15:00+09:00,J1,646,696,1342
2018-08-04T18:15:00+09:00,J2,493,476,969
2018-08-04T18:15:00+09:00,J3,543,491,1034
2018-08-04T18:15:00+09:00,J4,622,428,1050
2018-08-04T18:30:00+09:00,J1,568,629,1197
2018-08-04T18:30:00+09:00,J2,424,383,807
2018-08-04T18:30:00+09:00,J3,570,427,997
2018-08-04T18:30:00+09:00,J4,584,478,1062
2018-08-04T18:45:00+09:00,J1,583,626,1209
2018-08-04T18:45:00+09:00,J2,431,406,837
2018-08-04T18:45:00+09:00,J3,549,486,1035
2018-08-04T18:45:00+09:00,J4,774,609,1383
2018-08-04T19:00:00+09:00,J1,533,622,1155
2018-08-04T19:00:00+09:00,J2,390,389,779
2018-08-04T19:00:00+09:00,J3,581,493,1074
2018-08-04T19:00:00+09:00,J4,707,575,1282
2018-08-04T19:15:00+09:00,J1,536,623,1159
2018-08-04T19:15:00+09:00,J2,341,362,703
2018-08-04T19:15:00+09:00,J3,557,430,987
2018-08-04T19:15:00+09:00,J4,730,595,1325
2018-08-04T19:30:00+09:00,J1,449,529,978
2018-08-04T19:30:00+09:00,J2,332,287,619
2018-08-04T19:30:00+09:00,J3,454,413,867
2018-08-04T19:30:00+09:00,J4,607,545,1152
2018-08-04T19:45:00+09:00,J1,470,517,987
2018-08-04T19:45:00+09:00,J2,362,349,711
2018-08-04T19:45:00+09:00,J3,438,412,850
2018-08-04T19:45:00+09:00,J4,609,501,1110
2018-08-04T20:00:00+09:00,J1,486,561,1047
2018-08-04T20:00:00+09:00,J2,312,359,671
2018-08-04T20:00:00+09:00,J3,421,383,804
2018-08-04T20:00:00+09:00,J4,510,505,1015
2018-08-04T20:15:00+09:00,J1,471,599,1070
2018-08-04T20:15:00+09:00,J2,287,363,650
2018-08-04T20:15:00+09:00,J3,449,390,839
2018-08-04T20:15:00+09:00,J4,529,436,965
2018-08-04T20:30:00+09:00,J1,427,538,965
2018-08-04T20:30:00+09:00,J2,369,362,731
2018-08-04T20:30:00+09:00,J3,363,346,709
2018-08-04T20:30:00+09:00,J4,446,391,837
2018-08-04T20:45:00+09:00,J1,414,489,903
2018-08-04T20:45:00+09:00,J2,382,370,752
2018-08-04T20:45:00+09:00,J3,391,335,726
2018-08-04T20:45:00+09:00,J4,461,380,841
2018-08-04T21:00:00+09:00,J1,421,514,935
2018-08-04T21:00:00+09:00,J2,383,409,792
2018-08-04T21:00:00+09:00,J3,439,420,859
2018-08-04T21:00:00+09:00,J4,449,382,831
2018-08-04T21:15:00+09:00,J1,355,468,823
2018-08-04T21:15:00+09:00,J2,446,414,860
2018-08-04T21:15:00+09:00,J3,388,405,793
2018-08-04T21:15:00+09:00,J4,588,586,1174
2018-08-04T21:30:00+09:00,J1,373,439,812
2018-08-04T21:30:00+09:00,J2,361,403,764
2018-08-04T21:30:00+09:00,J3,401,419,820
2018-08-04T21:30:00+09:00,J4,644,612,1256
2018-08-04T21:45:00+09:00,J1,358,447,805
2018-08-04T21:45:00+09:00,J2,359,382,741
2018-08-04T21:45:00+09:00,J3,371,375,746
2018-08-04T21:45:00+09:00,J4,663,614,1277
2018-08-04T22:00:00+09:00,J1,400,462,862
2018-08-04T22:00:00+09:00,J2,288,349,637
2018-08-04T22:00:00+09:00,J3,370,385,755
2018-08-04T22:00:00+09:00,J4,531,537,1068
2018-08-04T22:15:00+09:00,J1,303,367,670
2018-08-04T22:15:00+09:00,J2,343,341,684
2018-08-04T22:15:00+09:00,J3,401,431,832
2018-08-04T22:15:00+09:00,J4,628,605,1233
2018-08-04T22:30:00+09:00,J1,378,391,769
2018-08-04T22:30:00+09:00,J2,316,332,648
2018-08-04T22:30:00+09:00,J3,415,401,816
2018-08-04T22:30:00+09:00,J4,677,599,1276
2018-08-04T22:45:00+09:00,J1,294,350,644
2018-08-04T22:45:00+09:00,J2,338,301,639
2018-08-04T22:45:00+09:00,J3,452,396,848
2018-08-04T22:45:00+09:00,J4,804,692,1496
2018-08-04T23:00:00+09:00,J1,365,461,826
2018-08-04T23:00:00+09:00,J2,346,293,639
2018-08-04T23:00:00+09:00,J3,415,393,808
2018-08-04T23:00:00+09:00,J4,648,598,1246
2018-08-04T23:15:00+09:00,J1,383,451,834
2018-08-04T23:15:00+09:00,J2,350,290,640
2018-08-04T23:15:00+09:00,J3,443,418,861
2018-08-04T23:15:00+09:00,J4,728,698,1426
2018-08-04T23:30:00+09:00,J1,403,451,854
2018-08-04T23:30:00+09:00,J2,325,316,641
2018-08-04T23:30:00+09:00,J3,351,392,743
2018-08-04T23:30:00+09:00,J4,689,658,1347
2018-08-04T23:45:00+09:00,J1,266,344,610
2018-08-04T23:45:00+09:00,J2,282,321,603
2018-08-04T23:45:00+09:00,J3,481,408,889
2018-08-04T23:45:00+09:00,J4,658,603,1261
2018-08-05T00:00:00+09:00,J1,257,227,484
2018-08-05T00:00:00+09:00,J2,328,284,612
2018-08-05T00:00:00+09:00,J3,349,303,652
2018-08-05T00:00:00+09:00,J4,611,635,1246
2018-08-05T00:15:00+09:00,J1,170,168,338
2018-08-05T00:15:00+09:00,J2,231,224,455
2018-08-05T00:15:00+09:00,J3,348,313,661
2018-08-05T00:15:00+09:00,J4,415,409,824
2018-08-05T00:30:00+09:00,J1,140,160,300
2018-08-05T00:30:00+09:00,J2,245,323,568
2018-08-05T00:30:00+09:00,J3,364,294,658
2018-08-05T00:30:00+09:00,J4,472,423,895
2018-08-05T00:45:00+09:00,J1,212,198,410
2018-08-05T00:45:00+09:00,J2,191,205,396
2018-08-05T00:45:00+09:00,J3,375,303,678
2018-08-05T00:45:00+09:00,J4,528,521,1049
2018-08-05T05:45:00+09:00,J1,333,277,610
2018-08-05T05:45:00+09:00,J2,393,419,812
2018-08-05T05:45:00+09:00,J3,359,319,678
2018-08-05T05:45:00+09:00,J4,511,477,988
2018-08-05T06:00:00+09:00,J1,272,314,586
2018-08-05T06:00:00+09:00,J2,298,349,647
2018-08-05T06:00:00+09:00,J3,292,291,583
2018-08-05T06:00:00+09:00,J4,518,515,1033
2018-08-05T06:15:00+09:00,J1,290,293,583
2018-08-05T06:15:00+09:00,J2,292,294,586
2018-08-05T06:15:00+09:00,J3,370,343,713
2018-08-05T06:15:00+09:00,J4,537,480,1017
2018-08-05T06:30:00+09:00,J1,285,275,560
2018-08-05T06:30:00+09:00,J2,357,317,674
2018-08-05T06:30:00+09:00,J3,369,334,703
2018-08-05T06:30:00+09:00,J4,463,469,932
2018-08-05T06:45:00+09:00,J1,281,250,531
2018-08-05T06:45:00+09:00,J2,452,411,863
2018-08-05T06:45:00+09:00,J3,406,371,777
2018-08-05T06:45:00+09:00,J4,502,522,1024
2018-08-05T07:00:00+09:00,J1,338,327,665
2018-08-05T07:00:00+09:00,J2,400,354,754
2018-08-05T07:00:00+09:00,J3,513,441,954
2018-08-05T07:00:00+09:00,J4,561,604,1165
2018-08-05T07:15:00+09:00,J1,379,328,707
2018-08-05T07:15:00+09:00,J2,386,295,681
2018-08-05T07:15:00+09:00,J3,546,510,1056
2018-08-05T07:15:00+09:00,J4,654,619,1273
2018-08-05T07:30:00+09:00,J1,322,295,617
2018-08-05T07:30:00+09:00,J2,406,378,784
2018-08-05T07:30:00+09:00,J3,561,550,1111
2018-08-05T07:30:00+09:00,J4,629,679,1308
2018-08-05T07:45:00+09:00,J1,215,232,447
2018-08-05T07:45:00+09:00,J2,393,367,760
2018-08-05T07:45:00+09:00,J3,547,532,1079
2018-08-05T07:45:00+09:00,J4,634,667,1301
2018-08-05T08:00:00+09:00,J1,470,443,913
2018-08-05T08:00:00+09:00,J2,357,369,726
2018-08-05T08:00:00+09:00,J3,502,446,948
2018-08-05T08:00:00+09:00,J4,577,635,1212
2018-08-05T08:15:00+09:00,J1,555,480,1035
2018-08-05T08:15:00+09:00,J2,402,344,746
2018-08-05T08:15:00+09:00,J3,466,386,852
2018-08-05T08:15:00+09:00,J4,543,518,1061
2018-08-05T08:30:00+09:00,J1,536,515,1051
2018-08-05T08:30:00+09:00,J2,426,369,795
2018-08-05T08:30:00+09:00,J3,363,433,796
2018-08-05T08:30:00+09:00,J4,702,746,1448
2018-08-05T08:45:00+09:00,J1,422,412,834
2018-08-05T08:45:00+09:00,J2,402,390,792
2018-08-05T08:45:00+09:00,J3,417,455,872
2018-08-05T08:45:00+09:00,J4,629,634,1263
2018-08-05T09:00:00+09:00,J1,460,406,866
2018-08-05T09:00:00+09:00,J2,426,333,759
2018-08-05T09:00:00+09:00,J3,446,448,894
2018-08-05T09:00:00+09:00,J4,590,671,1261
2018-08-05T09:15:00+09:00,J1,479,418,897
2018-08-05T09:15:00+09:00,J2,409,366,775
2018-08-05T09:15:00+09:00,J3,419,397,816
2018-08-05T09:15:00+09:00,J4,589,589,1178
2018-08-05T09:30:00+09:00,J1,464,463,927
2018-08-05T09:30:00+09:00,J2,385,378,763
2018-08-05T09:30:00+09:00,J3,406,348,754
2018-08-05T09:30:00+09:00,J4,578,667,1245
2018-08-05T09:45:00+09:00,J1,445,398,843
2018-08-05T09:45:00+09:00,J2,465,374,839
2018-08-05T09:45:00+09:00,J3,397,393,790
2018-08-05T09:45:00+09:00,J4,692,607,1299
2018-08-05T10:00:00+09:00,J1,392,420,812
2018-08-05T10:00:00+09:00,J2,373,369,742
2018-08-05T10:00:00+09:00,J3,427,382,809
2018-08-05T10:00:00+09:00,J4,584,662,1246
2018-08-05T10:15:00+09:00,J1,507,491,998
2018-08-05T10:15:00+09:00,J2,376,349,725
2018-08-05T10:15:00+09:00,J3,426,390,816
2018-08-05T10:15:00+09:00,J4,576,582,1158
2018-08-05T10:30:00+09:00,J1,502,495,997
2018-08-05T10:30:00+09:00,J2,414,367,781
2018-08-05T10:30:00+09:00,J3,432,400,832
2018-08-05T10:30:00+09:00,J4,626,526,1152
2018-08-05T10:45:00+09:00,J1,444,443,887
2018-08-05T10:45:00+09:00,J2,339,364,703
2018-08-05T10:45:00+09:00,J3,532,466,998
2018-08-05T10:45:00+09:00,J4,663,627,1290
2018-08-05T11:00:00+09:00,J1,470,397,867
2018-08-05T11:00:00+09:00,J2,413,348,761
2018-08-05T11:00:00+09:00,J3,679,479,1158
2018-08-05T11:00:00+09:00,J4,657,619,1276
2018-08-05T11:15:00+09:00,J1,441,354,795
2018-08-05T11:15:00+09:00,J2,444,355,799
2018-08-05T11:15:00+09:00,J3,663,584,1247
2018-08-05T11:15:00+09:00,J4,664,623,1287
2018-08-05T11:30:00+09:00,J1,485,366,851
2018-08-05T11:30:00+09:00,J2,456,343,799
2018-08-05T11:30:00+09:00,J3,802,648,1450
2018-08-05T11:30:00+09:00,J4,552,575,1127
2018-08-05T11:45:00+09:00,J1,534,510,1044
2018-08-05T11:45:00+09:00,J2,454,391,845
2018-08-05T11:45:00+09:00,J3,691,760,1451
2018-08-05T11:45:00+09:00,J4,479,554,1033
2018-08-05T12:00:00+09:00,J1,525,540,1065
2018-08-05T12:00:00+09:00,J2,531,396,927
2018-08-05T12:00:00+09:00,J3,676,647,1323
2018-08-05T12:00:00+09:00,J4,494,449,943
2018-08-05T12:15:00+09:00,J1,464,413,877
2018-08-05T12:15:00+09:00,J2,442,491,933
2018-08-05T12:15:00+09:00,J3,785,689,1474
2018-08-05T12:15:00+09:00,J4,408,427,835
2018-08-05T12:30:00+09:00,J1,515,595,1110
2018-08-05T12:30:00+09:00,J2,536,516,1052
2018-08-05T12:30:00+09:00,J3,653,671,1324
2018-08-05T12:30:00+09:00,J4,484,460,944
2018-08-05T12:45:00+09:00,J1,497,520,1017
2018-08-05T12:45:00+09:00,J2,497,512,1009
2018-08-05T12:45:00+09:00,J3,602,537,1139
2018-08-05T12:45:00+09:00,J4,363,423,786
2018-08-05T13:00:00+09:00,J1,522,585,1107
2018-08-05T13:00:00+09:00,J2,545,405,950
2018-08-05T13:00:00+09:00,J3,553,477,1030
2018-08-05T13:00:00+09:00,J4,425,414,839
2018-08-05T13:15:00+09:00,J1,482,556,1038
2018-08-05T13:15:00+09:00,J2,527,417,944
2018-08-05T13:15:00+09:00,J3,566,466,1032
2018-08-05T13:15:00+09:00,J4,388,362,750
2018-08-05T13:30:00+09:00,J1,496,539,1035
2018-08-05T13:30:00+09:00,J2,486,512,998
2018-08-05T13:30:00+09:00,J3,476,454,930
2018-08-05T13:30:00+09:00,J4,354,354,708
2018-08-05T13:45:00+09:00,J1,528,567,1095
2018-08-05T13:45:00+09:00,J2,463,436,899
2018-08-05T13:45:00+09:00,J3,468,505,973
2018-08-05T13:45:00+09:00,J4,465,425,890
2018-08-05T14:00:00+09:00,J1,547,626,1173
2018-08-05T14:00:00+09:00,J2,481,437,918
2018-08-05T14:00:00+09:00,J3,420,477,897
2018-08-05T14:00:00+09:00,J4,448,422,870
2018-08-05T14:15:00+09:00,J1,510,652,1162
2018-08-05T14:15:00+09:00,J2,444,368,812
2018-08-05T14:15:00+09:00,J3,439,480,919
2018-08-05T14:15:00+09:00,J4,379,373,752
2018-08-05T14:30:00+09:00,J1,513,561,1074
2018-08-05T14:30:00+09:00,J2,503,435,938
2018-08-05T14:30:00+09:00,J3,503,437,940
2018-08-05T14:30:00+09:00,J4,480,408,888
2018-08-05T14:45:00+09:00,J1,536,664,1200
2018-08-05T14:45:00+09:00,J2,564,497,1061
2018-08-05T14:45:00+09:00,J3,445,512,957
2018-08-05T14:45:00+09:00,J4,417,427,844
2018-08-05T15:00:00+09:00,J1,558,666,1224
2018-08-05T15:00:00+09:00,J2,479,455,934
2018-08-05T15:00:00+09:00,J3,458,431,889
2018-08-05T15:00:00+09:00,J4,466,413,879
2018-08-05T15:15:00+09:00,J1,561,721,1282
2018-08-05T15:15:00+09:00,J2,446,478,924
2018-08-05T15:15:00+09:00,J3,487,540,1027
2018-08-05T15:15:00+09:00,J4,594,516,1110
2018-08-05T15:30:00+09:00,J1,629,719,1348
2018-08-05T15:30:00+09:00,J2,495,405,900
2018-08-05T15:30:00+09:00,J3,537,500,1037
2018-08-05T15:30:00+09:00,J4,618,467,1085
2018-08-05T15:45:00+09:00,J1,558,651,1209
2018-08-05T15:45:00+09:00,J2,372,444,816
2018-08-05T15:45:00+09:00,J3,486,553,1039
2018-08-05T15:45:00+09:00,J4,586,465,1051
2018-08-05T16:00:00+09:00,J1,556,649,1205
2018-08-05T16:00:00+09:00,J2,387,351,738
2018-08-05T16:00:00+09:00,J3,487,530,1017
2018-08-05T16:00:00+09:00,J4,607,494,1101
2018-08-05T16:15:00+09:00,J1,524,627,1151
2018-08-05T16:15:00+09:00,J2,384,426,810
2018-08-05T16:15:00+09:00,J3,490,485,975
2018-08-05T16:15:00+09:00,J4,628,497,1125
2018-08-05T16:30:00+09:00,J1,557,572,1129
2018-08-05T16:30:00+09:00,J2,371,353,724
2018-08-05T16:30:00+09:00,J3,468,505,973
2018-08-05T16:30:00+09:00,J4,666,590,1256
2018-08-05T16:45:00+09:00,J1,563,678,1241
2018-08-05T16:45:00+09:00,J2,363,404,767
2018-08-05T16:45:00+09:00,J3,472,455,927
2018-08-05T16:45:00+09:00,J4,703,594,1297
2018-08-05T17:00:00+09:00,J1,587,679,1266
2018-08-05T17:00:00+09:00,J2,336,368,704
2018-08-05T17:00:00+09:00,J3,582,507,1089
2018-08-05T17:00:00+09:00,J4,661,607,1268
2018-08-05T17:15:00+09:00,J1,586,674,1260
2018-08-05T17:15:00+09:00,J2,406,346,752
2018-08-05T17:15:00+09:00,J3,631,499,1130
2018-08-05T17:15:00+09:00,J4,672,582,1254
2018-08-05T17:30:00+09:00,J1,589,697,1286
2018-08-05T17:30:00+09:00,J2,406,413,819
2018-08-05T17:30:00+09:00,J3,590,518,1108
2018-08-05T17:30:00+09:00,J4,671,593,1264
2018-08-05T17:45:00+09:00,J1,532,632,1164
2018-08-05T17:45:00+09:00,J2,412,403,815
2018-08-05T17:45:00+09:00,J3,536,417,953
2018-08-05T17:45:00+09:00,J4,657,597,1254
2018-08-05T18:00:00+09:00,J1,575,589,1164
2018-08-05T18:00:00+09:00,J2,431,358,789
2018-08-05T18:00:00+09:00,J3,686,514,1200
2018-08-05T18:00:00+09:00,J4,544,440,984
2018-08-05T18:15:00+09:00,J1,603,659,1262
2018-08-05T18:15:00+09:00,J2,355,368,723
2018-08-05T18:15:00+09:00,J3,530,457,987
2018-08-05T18:15:00+09:00,J4,590,427,1017
2018-08-05T18:30:00+09:00,J1,452,471,923
2018-08-05T18:30:00+09:00,J2,387,383,770
2018-08-05T18:30:00+09:00,J3,437,415,852
2018-08-05T18:30:00+09:00,J4,506,399,905
2018-08-05T18:45:00+09:00,J1,445,523,968
2018-08-05T18:45:00+09:00,J2,338,351,689
2018-08-05T18:45:00+09:00,J3,392,399,791
2018-08-05T18:45:00+09:00,J4,459,322,781
2018-08-05T19:00:00+09:00,J1,461,494,955
2018-08-05T19:00:00+09:00,J2,373,361,734
2018-08-05T19:00:00+09:00,J3,371,354,725
2018-08-05T19:00:00+09:00,J4,466,364,830
2018-08-05T19:15:00+09:00,J1,464,495,959
2018-08-05T19:15:00+09:00,J2,386,475,861
2018-08-05T19:15:00+09:00,J3,404,370,774
2018-08-05T19:15:00+09:00,J4,483,412,895
2018-08-05T19:30:00+09:00,J1,403,473,876
2018-08-05T19:30:00+09:00,J2,315,326,641
2018-08-05T19:30:00+09:00,J3,375,325,700
2018-08-05T19:30:00+09:00,J4,390,420,810
2018-08-05T19:45:00+09:00,J1,367,459,826
2018-08-05T19:45:00+09:00,J2,323,392,715
2018-08-05T19:45:00+09:00,J3,270,346,616
2018-08-05T19:45:00+09:00,J4,309,332,641
2018-08-05T20:00:00+09:00,J1,374,493,867
2018-08-05T20:00:00+09:00,J2,330,359,689
2018-08-05T20:00:00+09:00,J3,331,316,647
2018-08-05T20:00:00+09:00,J4,322,326,648
2018-08-05T20:15:00+09:00,J1,410,478,888
2018-08-05T20:15:00+09:00,J2,364,339,703
2018-08-05T20:15:00+09:00,J3,314,346,660
2018-08-05T20:15:00+09:00,J4,362,317,679
2018-08-05T20:30:00+09:00,J1,353,389,742
2018-08-05T20:30:00+09:00,J2,314,371,685
2018-08-05T20:30:00+09:00,J3,341,311,652
2018-08-05T20:30:00+09:00,J4,333,320,653
2018-08-05T20:45:00+09:00,J1,355,350,705
2018-08-05T20:45:00+09:00,J2,371,367,738
2018-08-05T20:45:00+09:00,J3,322,308,630
2018-08-05T20:45:00+09:00,J4,316,296,612
2018-08-05T21:00:00+09:00,J1,397,347,744
2018-08-05T21:00:00+09:00,J2,345,404,749
2018-08-05T21:00:00+09:00,J3,377,344,721
2018-08-05T21:00:00+09:00,J4,361,289,650
2018-08-05T21:15:00+09:00,J1,365,366,731
2018-08-05T21:15:00+09:00,J2,329,324,653
2018-08-05T21:15:00+09:00,J3,385,354,739
2018-08-05T21:15:00+09:00,J4,390,350,740
2018-08-05T21:30:00+09:00,J1,303,389,692
2018-08-05T21:30:00+09:00,J2,334,319,653
2018-08-05T21:30:00+09:00,J3,430,370,800
2018-08-05T21:30:00+09:00,J4,432,430,862
2018-08-05T21:45:00+09:00,J1,323,363,686
2018-08-05T21:45:00+09:00,J2,356,319,675
2018-08-05T21:45:00+09:00,J3,460,387,847
2018-08-05T21:45:00+09:00,J4,502,470,972
2018-08-05T22:00:00+09:00,J1,313,349,662
2018-08-05T22:00:00+09:00,J2,332,348,680
2018-08-05T22:00:00+09:00,J3,466,391,857
2018-08-05T22:00:00+09:00,J4,590,527,1117
2018-08-05T22:15:00+09:00,J1,291,304,595
2018-08-05T22:15:00+09:00,J2,382,353,735
2018-08-05T22:15:00+09:00,J3,473,339,812
2018-08-05T22:15:00+09:00,J4,696,659,1355
2018-08-05T22:30:00+09:00,J1,333,307,640
2018-08-05T22:30:00+09:00,J2,364,338,702
2018-08-05T22:30:00+09:00,J3,454,372,826
2018-08-05T22:30:00+09:00,J4,681,698,1379
2018-08-05T22:45:00+09:00,J1,284,335,619
2018-08-05T22:45:00+09:00,J2,390,361,751
2018-08-05T22:45:00+09:00,J3,467,393,860
2018-08-05T22:45:00+09:00,J4,684,634,1318
2018-08-05T23:00:00+09:00,J1,293,309,602
2018-08-05T23:00:00+09:00,J2,317,338,655
2018-08-05T23:00:00+09:00,J3,452,407,859
2018-08-05T23:00:00+09:00,J4,696,691,1387
2018-08-05T23:15:00+09:00,J1,321,286,607
2018-08-05T23:15:00+09:00,J2,346,329,675
2018-08-05T23:15:00+09:00,J3,436,356,792
2018-08-05T23:15:00+09:00,J4,570,635,1205
2018-08-05T23:30:00+09:00,J1,377,398,775
2018-08-05T23:30:00+09:00,J2,336,300,636
2018-08-05T23:30:00+09:00,J3,389,356,745
2018-08-05T23:30:00+09:00,J4,542,517,1059
2018-08-05T23:45:00+09:00,J1,306,337,643
2018-08-05T23:45:00+09:00,J2,312,309,621
2018-08-05T23:45:00+09:00,J3,391,326,717
2018-08-05T23:45:00+09:00,J4,513,516,1029
2018-08-06T00:00:00+09:00,J1,246,245,491
2018-08-06T00:00:00+09:00,J2,288,264,552
2018-08-06T00:00:00+09:00,J3,315,259,574
2018-08-06T00:00:00+09:00,J4,642,599,1241
2018-08-06T00:15:00+09:00,J1,213,151,364
2018-08-06T00:15:00+09:00,J2,357,293,650
2018-08-06T00:15:00+09:00,J3,351,308,659
2018-08-06T00:15:00+09:00,J4,411,386,797
2018-08-06T00:30:00+09:00,J1,211,194,405
2018-08-06T00:30:00+09:00,J2,234,218,452
2018-08-06T00:30:00+09:00,J3,317,256,573
2018-08-06T00:30:00+09:00,J4,548,583,1131
2018-08-06T00:45:00+09:00,J1,210,183,393
2018-08-06T00:45:00+09:00,J2,208,216,424
2018-08-06T00:45:00+09:00,J3,276,249,525
2018-08-06T00:45:00+09:00,J4,590,655,1245
2018-08-06T05:45:00+09:00,J1,314,313,627
2018-08-06T05:45:00+09:00,J2,368,390,758
2018-08-06T05:45:00+09:00,J3,521,432,953
2018-08-06T05:45:00+09:00,J4,360,410,770
2018-08-06T06:00:00+09:00,J1,294,302,596
2018-08-06T06:00:00+09:00,J2,239,267,506
2018-08-06T06:00:00+09:00,J3,429,402,831
2018-08-06T06:00:00+09:00,J4,385,453,838
2018-08-06T06:15:00+09:00,J1,330,316,646
2018-08-06T06:15:00+09:00,J2,361,429,790
2018-08-06T06:15:00+09:00,J3,547,493,1040
2018-08-06T06:15:00+09:00,J4,488,494,982
2018-08-06T06:30:00+09:00,J1,333,299,632
2018-08-06T06:30:00+09:00,J2,407,365,772
2018-08-06T06:30:00+09:00,J3,619,529,1148
2018-08-06T06:30:00+09:00,J4,503,451,954
2018-08-06T06:45:00+09:00,J1,357,286,643
2018-08-06T06:45:00+09:00,J2,383,312,695
2018-08-06T06:45:00+09:00,J3,356,350,706
2018-08-06T06:45:00+09:00,J4,488,523,1011
2018-08-06T07:00:00+09:00,J1,417,347,764
2018-08-06T07:00:00+09:00,J2,381,312,693
2018-08-06T07:00:00+09:00,J3,531,513,1044
2018-08-06T07:00:00+09:00,J4,605,648,1253
2018-08-06T07:15:00+09:00,J1,469,361,830
2018-08-06T07:15:00+09:00,J2,330,261,591
2018-08-06T07:15:00+09:00,J3,485,474,959
2018-08-06T07:15:00+09:00,J4,615,698,1313
2018-08-06T07:30:00+09:00,J1,570,438,1008
2018-08-06T07:30:00+09:00,J2,380,271,651
2018-08-06T07:30:00+09:00,J3,633,648,1281
2018-08-06T07:30:00+09:00,J4,696,815,1511
2018-08-06T07:45:00+09:00,J1,654,457,1111
2018-08-06T07:45:00+09:00,J2,529,319,848
2018-08-06T07:45:00+09:00,J3,793,747,1540
2018-08-06T07:45:00+09:00,J4,726,939,1665
2018-08-06T08:00:00+09:00,J1,827,550,1377
2018-08-06T08:00:00+09:00,J2,687,510,1197
2018-08-06T08:00:00+09:00,J3,773,877,1650
2018-08-06T08:00:00+09:00,J4,632,972,1604
2018-08-06T08:15:00+09:00,J1,947,654,1601
2018-08-06T08:15:00+09:00,J2,644,528,1172
2018-08-06T08:15:00+09:00,J3,829,941,1770
2018-08-06T08:15:00+09:00,J4,693,1068,1761
2018-08-06T08:30:00+09:00,J1,1046,590,1636
2018-08-06T08:30:00+09:00,J2,769,405,1174
2018-08-06T08:30:00+09:00,J3,724,977,1701
2018-08-06T08:30:00+09:00,J4,695,1048,1743
2018-08-06T08:45:00+09:00,J1,671,452,1123
2018-08-06T08:45:00+09:00,J2,609,412,1021
2018-08-06T08:45:00+09:00,J3,532,758,1290
2018-08-06T08:45:00+09:00,J4,509,775,1284
2018-08-06T09:00:00+09:00,J1,666,462,1128
2018-08-06T09:00:00+09:00,J2,551,451,1002
2018-08-06T09:00:00+09:00,J3,510,643,1153
2018-08-06T09:00:00+09:00,J4,439,516,955
2018-08-06T09:15:00+09:00,J1,566,419,985
2018-08-06T09:15:00+09:00,J2,522,456,978
2018-08-06T09:15:00+09:00,J3,440,479,919
2018-08-06T09:15:00+09:00,J4,355,490,845
2018-08-06T09:30:00+09:00,J1,519,422,941
2018-08-06T09:30:00+09:00,J2,485,376,861
2018-08-06T09:30:00+09:00,J3,492,491,983
2018-08-06T09:30:00+09:00,J4,407,482,889
2018-08-06T09:45:00+09:00,J1,539,445,984
2018-08-06T09:45:00+09:00,J2,449,429,878
2018-08-06T09:45:00+09:00,J3,479,454,933
2018-08-06T09:45:00+09:00,J4,327,384,711
2018-08-06T10:00:00+09:00,J1,419,424,843
2018-08-06T10:00:00+09:00,J2,428,444,872
2018-08-06T10:00:00+09:00,J3,366,415,781
2018-08-06T10:00:00+09:00,J4,338,337,675
2018-08-06T10:15:00+09:00,J1,471,395,866
2018-08-06T10:15:00+09:00,J2,500,482,982
2018-08-06T10:15:00+09:00,J3,464,404,868
2018-08-06T10:15:00+09:00,J4,362,338,700
2018-08-06T10:30:00+09:00,J1,501,451,952
2018-08-06T10:30:00+09:00,J2,493,449,942
2018-08-06T10:30:00+09:00,J3,438,439,877
2018-08-06T10:30:00+09:00,J4,378,356,734
2018-08-06T10:45:00+09:00,J1,521,440,961
2018-08-06T10:45:00+09:00,J2,479,427,906
2018-08-06T10:45:00+09:00,J3,434,474,908
2018-08-06T10:45:00+09:00,J4,384,431,815
2018-08-06T11:00:00+09:00,J1,529,480,1009
2018-08-06T11:00:00+09:00,J2,432,452,884
2018-08-06T11:00:00+09:00,J3,449,465,914
2018-08-06T11:00:00+09:00,J4,384,389,773
2018-08-06T11:15:00+09:00,J1,554,579,1133
2018-08-06T11:15:00+09:00,J2,478,448,926
2018-08-06T11:15:00+09:00,J3,470,505,975
2018-08-06T11:15:00+09:00,J4,380,413,793
2018-08-06T11:30:00+09:00,J1,567,587,1154
2018-08-06T11:30:00+09:00,J2,535,425,960
2018-08-06T11:30:00+09:00,J3,494,487,981
2018-08-06T11:30:00+09:00,J4,418,474,892
2018-08-06T11:45:00+09:00,J1,600,570,1170
2018-08-06T11:45:00+09:00,J2,435,395,830
2018-08-06T11:45:00+09:00,J3,453,426,879
2018-08-06T11:45:00+09:00,J4,460,374,834
2018-08-06T12:00:00+09:00,J1,600,673,1273
2018-08-06T12:00:00+09:00,J2,516,409,925
2018-08-06T12:00:00+09:00,J3,587,524,1111
2018-08-06T12:00:00+09:00,J4,556,469,1025
2018-08-06T12:15:00+09:00,J1,654,645,1299
2018-08-06T12:15:00+09:00,J2,457,388,845
2018-08-06T12:15:00+09:00,J3,533,549,1082
2018-08-06T12:15:00+09:00,J4,548,408,956
2018-08-06T12:30:00+09:00,J1,642,694,1336
2018-08-06T12:30:00+09:00,J2,479,423,902
2018-08-06T12:30:00+09:00,J3,502,528,1030
2018-08-06T12:30:00+09:00,J4,612,583,1195
2018-08-06T12:45:00+09:00,J1,637,632,1269
2018-08-06T12:45:00+09:00,J2,454,415,869
2018-08-06T12:45:00+09:00,J3,521,531,1052
2018-08-06T12:45:00+09:00,J4,618,545,1163
2018-08-06T13:00:00+09:00,J1,589,705,1294
2018-08-06T13:00:00+09:00,J2,467,416,883
2018-08-06T13:00:00+09:00,J3,494,501,995
2018-08-06T13:00:00+09:00,J4,619,516,1135
2018-08-06T13:15:00+09:00,J1,612,663,1275
2018-08-06T13:15:00+09:00,J2,437,428,865
2018-08-06T13:15:00+09:00,J3,505,486,991
2018-08-06T13:15:00+09:00,J4,623,540,1163
2018-08-06T13:30:00+09:00,J1,612,633,1245
2018-08-06T13:30:00+09:00,J2,466,359,825
2018-08-06T13:30:00+09:00,J3,513,510,1023
2018-08-06T13:30:00+09:00,J4,681,652,1333
2018-08-06T13:45:00+09:00,J1,557,739,1296
2018-08-06T13:45:00+09:00,J2,414,391,805
2018-08-06T13:45:00+09:00,J3,460,484,944
2018-08-06T13:45:00+09:00,J4,644,562,1206
2018-08-06T14:00:00+09:00,J1,585,681,1266
2018-08-06T14:00:00+09:00,J2,453,428,881
2018-08-06T14:00:00+09:00,J3,501,500,1001
2018-08-06T14:00:00+09:00,J4,631,546,1177
2018-08-06T14:15:00+09:00,J1,607,715,1322
2018-08-06T14:15:00+09:00,J2,456,425,881
2018-08-06T14:15:00+09:00,J3,501,537,1038
2018-08-06T14:15:00+09:00,J4,599,541,1140
2018-08-06T14:30:00+09:00,J1,626,719,1345
2018-08-06T14:30:00+09:00,J2,451,422,873
2018-08-06T14:30:00+09:00,J3,550,460,1010
2018-08-06T14:30:00+09:00,J4,633,593,1226
2018-08-06T14:45:00+09:00,J1,629,725,1354
2018-08-06T14:45:00+09:00,J2,457,443,900
2018-08-06T14:45:00+09:00,J3,477,447,924
2018-08-06T14:45:00+09:00,J4,592,513,1105
2018-08-06T15:00:00+09:00,J1,622,736,1358
2018-08-06T15:00:00+09:00,J2,423,446,869
2018-08-06T15:00:00+09:00,J3,642,424,1066
2018-08-06T15:00:00+09:00,J4,693,562,1255
2018-08-06T15:15:00+09:00,J1,620,825,1445
2018-08-06T15:15:00+09:00,J2,372,440,812
2018-08-06T15:15:00+09:00,J3,632,475,1107
2018-08-06T15:15:00+09:00,J4,744,567,1311
2018-08-06T15:30:00+09:00,J1,663,801,1464
2018-08-06T15:30:00+09:00,J2,399,397,796
2018-08-06T15:30:00+09:00,J3,535,487,1022
2018-08-06T15:30:00+09:00,J4,732,690,1422
2018-08-06T15:45:00+09:00,J1,627,787,1414
2018-08-06T15:45:00+09:00,J2,410,457,867
2018-08-06T15:45:00+09:00,J3,512,487,999
2018-08-06T15:45:00+09:00,J4,621,615,1236
2018-08-06T16:00:00+09:00,J1,622,726,1348
2018-08-06T16:00:00+09:00,J2,450,408,858
2018-08-06T16:00:00+09:00,J3,575,427,1002
2018-08-06T16:00:00+09:00,J4,719,649,1368
2018-08-06T16:15:00+09:00,J1,592,697,1289
2018-08-06T16:15:00+09:00,J2,433,426,859
2018-08-06T16:15:00+09:00,J3,578,420,998
2018-08-06T16:15:00+09:00,J4,712,722,1434
2018-08-06T16:30:00+09:00,J1,615,722,1337
2018-08-06T16:30:00+09:00,J2,413,451,864
2018-08-06T16:30:00+09:00,J3,554,365,919
2018-08-06T16:30:00+09:00,J4,753,632,1385
2018-08-06T16:45:00+09:00,J1,669,746,1415
2018-08-06T16:45:00+09:00,J2,410,446,856
2018-08-06T16:45:00+09:00,J3,559,417,976
2018-08-06T16:45:00+09:00,J4,693,710,1403
2018-08-06T17:00:00+09:00,J1,629,782,1411
2018-08-06T17:00:00+09:00,J2,467,451,918
2018-08-06T17:00:00+09:00,J3,731,563,1294
2018-08-06T17:00:00+09:00,J4,751,823,1574
2018-08-06T17:15:00+09:00,J1,656,798,1454
2018-08-06T17:15:00+09:00,J2,518,473,991
2018-08-06T17:15:00+09:00,J3,799,568,1367
2018-08-06T17:15:00+09:00,J4,880,659,1539
2018-08-06T17:30:00+09:00,J1,786,855,1641
2018-08-06T17:30:00+09:00,J2,567,535,1102
2018-08-06T17:30:00+09:00,J3,834,627,1461
2018-08-06T17:30:00+09:00,J4,894,608,1502
2018-08-06T17:45:00+09:00,J1,764,945,1709
2018-08-06T17:45:00+09:00,J2,531,567,1098
2018-08-06T17:45:00+09:00,J3,835,607,1442
2018-08-06T17:45:00+09:00,J4,925,649,1574
2018-08-06T18:00:00+09:00,J1,759,929,1688
2018-08-06T18:00:00+09:00,J2,499,584,1083
2018-08-06T18:00:00+09:00,J3,893,553,1446
2018-08-06T18:00:00+09:00,J4,853,649,1502
2018-08-06T18:15:00+09:00,J1,724,873,1597
2018-08-06T18:15:00+09:00,J2,547,470,1017
2018-08-06T18:15:00+09:00,J3,900,572,1472
2018-08-06T18:15:00+09:00,J4,919,608,1527
2018-08-06T18:30:00+09:00,J1,656,769,1425
2018-08-06T18:30:00+09:00,J2,448,447,895
2018-08-06T18:30:00+09:00,J3,784,537,1321
2018-08-06T18:30:00+09:00,J4,858,583,1441
2018-08-06T18:45:00+09:00,J1,593,705,1298
2018-08-06T18:45:00+09:00,J2,355,399,754
2018-08-06T18:45:00+09:00,J3,735,500,1235
2018-08-06T18:45:00+09:00,J4,771,638,1409
2018-08-06T19:00:00+09:00,J1,542,714,1256
2018-08-06T19:00:00+09:00,J2,346,417,763
2018-08-06T19:00:00+09:00,J3,593,426,1019
2018-08-06T19:00:00+09:00,J4,739,676,1415
2018-08-06T19:15:00+09:00,J1,552,779,1331
2018-08-06T19:15:00+09:00,J2,367,430,797
2018-08-06T19:15:00+09:00,J3,538,421,959
2018-08-06T19:15:00+09:00,J4,753,579,1332
2018-08-06T19:30:00+09:00,J1,468,661,1129
2018-08-06T19:30:00+09:00,J2,363,394,757
2018-08-06T19:30:00+09:00,J3,406,371,777
2018-08-06T19:30:00+09:00,J4,634,467,1101
2018-08-06T19:45:00+09:00,J1,428,656,1084
2018-08-06T19:45:00+09:00,J2,332,342,674
2018-08-06T19:45:00+09:00,J3,353,345,698
2018-08-06T19:45:00+09:00,J4,530,389,919
2018-08-06T20:00:00+09:00,J1,488,535,1023
2018-08-06T20:00:00+09:00,J2,372,366,738
2018-08-06T20:00:00+09:00,J3,414,359,773
2018-08-06T20:00:00+09:00,J4,540,382,922
2018-08-06T20:15:00+09:00,J1,466,548,1014
2018-08-06T20:15:00+09:00,J2,359,376,735
2018-08-06T20:15:00+09:00,J3,379,277,656
2018-08-06T20:15:00+09:00,J4,501,441,942
2018-08-06T20:30:00+09:00,J1,444,495,939
2018-08-06T20:30:00+09:00,J2,422,408,830
2018-08-06T20:30:00+09:00,J3,356,338,694
2018-08-06T20:30:00+09:00,J4,512,468,980
2018-08-06T20:45:00+09:00,J1,394,439,833
2018-08-06T20:45:00+09:00,J2,463,376,839
2018-08-06T20:45:00+09:00,J3,356,305,661
2018-08-06T20:45:00+09:00,J4,529,480,1009
2018-08-06T21:00:00+09:00,J1,375,440,815
2018-08-06T21:00:00+09:00,J2,420,401,821
2018-08-06T21:00:00+09:00,J3,522,447,969
2018-08-06T21:00:00+09:00,J4,553,478,1031
2018-08-06T21:15:00+09:00,J1,407,521,928
2018-08-06T21:15:00+09:00,J2,304,367,671
2018-08-06T21:15:00+09:00,J3,574,488,1062
2018-08-06T21:15:00+09:00,J4,588,520,1108
2018-08-06T21:30:00+09:00,J1,375,453,828
2018-08-06T21:30:00+09:00,J2,346,370,716
2018-08-06T21:30:00+09:00,J3,439,383,822
2018-08-06T21:30:00+09:00,J4,608,497,1105
2018-08-06T21:45:00+09:00,J1,408,415,823
2018-08-06T21:45:00+09:00,J2,349,310,659
2018-08-06T21:45:00+09:00,J3,494,421,915
2018-08-06T21:45:00+09:00,J4,656,626,1282
2018-08-06T22:00:00+09:00,J1,363,409,772
2018-08-06T22:00:00+09:00,J2,417,353,770
2018-08-06T22:00:00+09:00,J3,537,435,972
2018-08-06T22:00:00+09:00,J4,655,708,1363
2018-08-06T22:15:00+09:00,J1,322,486,808
2018-08-06T22:15:00+09:00,J2,351,280,631
2018-08-06T22:15:00+09:00,J3,560,436,996
2018-08-06T22:15:00+09:00,J4,716,622,1338
2018-08-06T22:30:00+09:00,J1,369,390,759
2018-08-06T22:30:00+09:00,J2,354,304,658
2018-08-06T22:30:00+09:00,J3,560,414,974
2018-08-06T22:30:00+09:00,J4,722,701,1423
2018-08-06T22:45:00+09:00,J1,351,387,738
2018-08-06T22:45:00+09:00,J2,362,275,637
2018-08-06T22:45:00+09:00,J3,531,427,958
2018-08-06T22:45:00+09:00,J4,725,657,1382
2018-08-06T23:00:00+09:00,J1,360,353,713
2018-08-06T23:00:00+09:00,J2,314,275,589
2018-08-06T23:00:00+09:00,J3,544,426,970
2018-08-06T23:00:00+09:00,J4,655,698,1353
2018-08-06T23:15:00+09:00,J1,323,354,677
2018-08-06T23:15:00+09:00,J2,319,269,588
2018-08-06T23:15:00+09:00,J3,513,453,966
2018-08-06T23:15:00+09:00,J4,674,651,1325
2018-08-06T23:30:00+09:00,J1,315,372,687
2018-08-06T23:30:00+09:00,J2,314,294,608
2018-08-06T23:30:00+09:00,J3,532,426,958
2018-08-06T23:30:00+09:00,J4,675,681,1356
2018-08-06T23:45:00+09:00,J1,269,314,583
2018-08-06T23:45:00+09:00,J2,244,251,495
2018-08-06T23:45:00+09:00,J3,492,396,888
2018-08-06T23:45:00+09:00,J4,665,695,1360
2018-08-07T00:00:00+09:00,J1,249,238,487
2018-08-07T00:00:00+09:00,J2,262,229,491
2018-08-07T00:00:00+09:00,J3,466,346,812
2018-08-07T00:00:00+09:00,J4,676,665,1341
2018-08-07T00:15:00+09:00,J1,179,226,405
2018-08-07T00:15:00+09:00,J2,212,212,424
2018-08-07T00:15:00+09:00,J3,365,297,662
2018-08-07T00:15:00+09:00,J4,529,589,1118
2018-08-07T00:30:00+09:00,J1,204,200,404
2018-08-07T00:30:00+09:00,J2,187,199,386
2018-08-07T00:30:00+09:00,J3,317,314,631
2018-08-07T00:30:00+09:00,J4,505,576,1081
2018-08-07T00:45:00+09:00,J1,223,192,415
2018-08-07T00:45:00+09:00,J2,188,193,381
2018-08-07T00:45:00+09:00,J3,309,274,583
2018-08-07T00:45:00+09:00,J4,426,337,763
2018-08-07T05:45:00+09:00,J1,243,300,543
2018-08-07T05:45:00+09:00,J2,365,350,715
2018-08-07T05:45:00+09:00,J3,370,356,726
2018-08-07T05:45:00+09:00,J4,405,384,789
2018-08-07T06:00:00+09:00,J1,270,253,523
2018-08-07T06:00:00+09:00,J2,300,277,577
2018-08-07T06:00:00+09:00,J3,257,263,520
2018-08-07T06:00:00+09:00,J4,526,465,991
2018-08-07T06:15:00+09:00,J1,322,291,613
2018-08-07T06:15:00+09:00,J2,366,398,764
2018-08-07T06:15:00+09:00,J3,250,276,526
2018-08-07T06:15:00+09:00,J4,533,580,1113
2018-08-07T06:30:00+09:00,J1,298,297,595
2018-08-07T06:30:00+09:00,J2,376,355,731
2018-08-07T06:30:00+09:00,J3,272,328,600
2018-08-07T06:30:00+09:00,J4,506,595,1101
2018-08-07T06:45:00+09:00,J1,391,349,740
2018-08-07T06:45:00+09:00,J2,335,359,694
2018-08-07T06:45:00+09:00,J3,390,353,743
2018-08-07T06:45:00+09:00,J4,548,579,1127
2018-08-07T07:00:00+09:00,J1,403,325,728
2018-08-07T07:00:00+09:00,J2,405,354,759
2018-08-07T07:00:00+09:00,J3,388,372,760
2018-08-07T07:00:00+09:00,J4,526,593,1119
2018-08-07T07:15:00+09:00,J1,442,357,799
2018-08-07T07:15:00+09:00,J2,330,340,670
2018-08-07T07:15:00+09:00,J3,346,385,731
2018-08-07T07:15:00+09:00,J4,600,755,1355
2018-08-07T07:30:00+09:00,J1,494,380,874
2018-08-07T07:30:00+09:00,J2,362,349,711
2018-08-07T07:30:00+09:00,J3,721,607,1328
2018-08-07T07:30:00+09:00,J4,560,709,1269
2018-08-07T07:45:00+09:00,J1,658,466,1124
2018-08-07T07:45:00+09:00,J2,574,349,923
2018-08-07T07:45:00+09:00,J3,726,764,1490
2018-08-07T07:45:00+09:00,J4,539,783,1322
2018-08-07T08:00:00+09:00,J1,766,591,1357
2018-08-07T08:00:00+09:00,J2,671,485,1156
2018-08-07T08:00:00+09:00,J3,834,906,1740
2018-08-07T08:00:00+09:00,J4,662,971,1633
2018-08-07T08:15:00+09:00,J1,933,620,1553
2018-08-07T08:15:00+09:00,J2,785,528,1313
2018-08-07T08:15:00+09:00,J3,756,1091,1847
2018-08-07T08:15:00+09:00,J4,523,1016,1539
2018-08-07T08:30:00+09:00,J1,990,526,1516
2018-08-07T08:30:00+09:00,J2,761,556,1317
2018-08-07T08:30:00+09:00,J3,762,985,1747
2018-08-07T08:30:00+09:00,J4,536,997,1533
2018-08-07T08:45:00+09:00,J1,656,482,1138
2018-08-07T08:45:00+09:00,J2,560,411,971
2018-08-07T08:45:00+09:00,J3,658,812,1470
2018-08-07T08:45:00+09:00,J4,583,798,1381
2018-08-07T09:00:00+09:00,J1,549,376,925
2018-08-07T09:00:00+09:00,J2,481,489,970
2018-08-07T09:00:00+09:00,J3,758,700,1458
2018-08-07T09:00:00+09:00,J4,512,662,1174
2018-08-07T09:15:00+09:00,J1,510,373,883
2018-08-07T09:15:00+09:00,J2,547,399,946
2018-08-07T09:15:00+09:00,J3,718,655,1373
2018-08-07T09:15:00+09:00,J4,649,684,1333
2018-08-07T09:30:00+09:00,J1,488,411,899
2018-08-07T09:30:00+09:00,J2,532,400,932
2018-08-07T09:30:00+09:00,J3,667,662,1329
2018-08-07T09:30:00+09:00,J4,564,669,1233
2018-08-07T09:45:00+09:00,J1,453,406,859
2018-08-07T09:45:00+09:00,J2,576,477,1053
2018-08-07T09:45:00+09:00,J3,627,591,1218
2018-08-07T09:45:00+09:00,J4,564,590,1154
2018-08-07T10:00:00+09:00,J1,411,406,817
2018-08-07T10:00:00+09:00,J2,492,467,959
2018-08-07T10:00:00+09:00,J3,592,606,1198
2018-08-07T10:00:00+09:00,J4,463,491,954
2018-08-07T10:15:00+09:00,J1,452,396,848
2018-08-07T10:15:00+09:00,J2,544,503,1047
2018-08-07T10:15:00+09:00,J3,673,590,1263
2018-08-07T10:15:00+09:00,J4,557,537,1094
2018-08-07T10:30:00+09:00,J1,507,432,939
2018-08-07T10:30:00+09:00,J2,551,489,1040
2018-08-07T10:30:00+09:00,J3,550,657,1207
2018-08-07T10:30:00+09:00,J4,470,530,1000
2018-08-07T10:45:00+09:00,J1,479,476,955
2018-08-07T10:45:00+09:00,J2,477,486,963
2018-08-07T10:45:00+09:00,J3,498,581,1079
2018-08-07T10:45:00+09:00,J4,456,534,990
2018-08-07T11:00:00+09:00,J1,552,536,1088
2018-08-07T11:00:00+09:00,J2,561,390,951
2018-08-07T11:00:00+09:00,J3,445,481,926
2018-08-07T11:00:00+09:00,J4,451,443,894
2018-08-07T11:15:00+09:00,J1,552,564,1116
2018-08-07T11:15:00+09:00,J2,450,475,925
2018-08-07T11:15:00+09:00,J3,517,475,992
2018-08-07T11:15:00+09:00,J4,394,402,796
2018-08-07T11:30:00+09:00,J1,595,592,1187
2018-08-07T11:30:00+09:00,J2,485,421,906
2018-08-07T11:30:00+09:00,J3,487,559,1046
2018-08-07T11:30:00+09:00,J4,423,479,902
2018-08-07T11:45:00+09:00,J1,524,598,1122
2018-08-07T11:45:00+09:00,J2,513,407,920
2018-08-07T11:45:00+09:00,J3,498,478,976
2018-08-07T11:45:00+09:00,J4,405,369,774
2018-08-07T12:00:00+09:00,J1,572,678,1250
2018-08-07T12:00:00+09:00,J2,539,441,980
2018-08-07T12:00:00+09:00,J3,487,477,964
2018-08-07T12:00:00+09:00,J4,499,393,892
2018-08-07T12:15:00+09:00,J1,584,623,1207
2018-08-07T12:15:00+09:00,J2,496,410,906
2018-08-07T12:15:00+09:00,J3,532,525,1057
2018-08-07T12:15:00+09:00,J4,563,552,1115
2018-08-07T12:30:00+09:00,J1,587,665,1252
2018-08-07T12:30:00+09:00,J2,490,478,968
2018-08-07T12:30:00+09:00,J3,510,595,1105
2018-08-07T12:30:00+09:00,J4,508,535,1043
2018-08-07T12:45:00+09:00,J1,532,595,1127
2018-08-07T12:45:00+09:00,J2,470,367,837
2018-08-07T12:45:00+09:00,J3,457,543,1000
2018-08-07T12:45:00+09:00,J4,459,523,982
2018-08-07T13:00:00+09:00,J1,580,616,1196
2018-08-07T13:00:00+09:00,J2,494,402,896
2018-08-07T13:00:00+09:00,J3,470,495,965
2018-08-07T13:00:00+09:00,J4,466,438,904
2018-08-07T13:15:00+09:00,J1,518,593,1111
2018-08-07T13:15:00+09:00,J2,481,445,926
2018-08-07T13:15:00+09:00,J3,525,466,991
2018-08-07T13:15:00+09:00,J4,477,451,928
2018-08-07T13:30:00+09:00,J1,479,556,1035
2018-08-07T13:30:00+09:00,J2,433,383,816
2018-08-07T13:30:00+09:00,J3,498,474,972
2018-08-07T13:30:00+09:00,J4,441,503,944
2018-08-07T13:45:00+09:00,J1,464,559,1023
2018-08-07T13:45:00+09:00,J2,433,399,832
2018-08-07T13:45:00+09:00,J3,492,480,972
2018-08-07T13:45:00+09:00,J4,471,435,906
2018-08-07T14:00:00+09:00,J1,514,629,1143
2018-08-07T14:00:00+09:00,J2,504,438,942
2018-08-07T14:00:00+09:00,J3,591,495,1086
2018-08-07T14:00:00+09:00,J4,467,432,899
2018-08-07T14:15:00+09:00,J1,532,632,1164
2018-08-07T14:15:00+09:00,J2,483,459,942
2018-08-07T14:15:00+09:00,J3,556,491,1047
2018-08-07T14:15:00+09:00,J4,517,508,1025
2018-08-07T14:30:00+09:00,J1,606,656,1262
2018-08-07T14:30:00+09:00,J2,511,461,972
2018-08-07T14:30:00+09:00,J3,614,466,1080
2018-08-07T14:30:00+09:00,J4,505,479,984
2018-08-07T14:45:00+09:00,J1,525,688,1213
2018-08-07T14:45:00+09:00,J2,477,456,933
2018-08-07T14:45:00+09:00,J3,613,576,1189
2018-08-07T14:45:00+09:00,J4,535,541,1076
2018-08-07T15:00:00+09:00,J1,472,599,1071
2018-08-07T15:00:00+09:00,J2,525,449,974
2018-08-07T15:00:00+09:00,J3,664,645,1309
2018-08-07T15:00:00+09:00,J4,591,516,1107
2018-08-07T15:15:00+09:00,J1,484,616,1100
2018-08-07T15:15:00+09:00,J2,517,440,957
2018-08-07T15:15:00+09:00,J3,611,583,1194
2018-08-07T15:15:00+09:00,J4,588,565,1153
2018-08-07T15:30:00+09:00,J1,518,597,1115
2018-08-07T15:30:00+09:00,J2,516,447,963
2018-08-07T15:30:00+09:00,J3,681,620,1301
2018-08-07T15:30:00+09:00,J4,467,437,904
2018-08-07T15:45:00+09:00,J1,500,570,1070
2018-08-07T15:45:00+09:00,J2,497,434,931
2018-08-07T15:45:00+09:00,J3,610,599,1209
2018-08-07T15:45:00+09:00,J4,407,395,802
2018-08-07T16:00:00+09:00,J1,490,644,1134
2018-08-07T16:00:00+09:00,J2,510,476,986
2018-08-07T16:00:00+09:00,J3,636,624,1260
2018-08-07T16:00:00+09:00,J4,456,432,888
2018-08-07T16:15:00+09:00,J1,539,645,1184
2018-08-07T16:15:00+09:00,J2,560,493,1053
2018-08-07T16:15:00+09:00,J3,695,601,1296
2018-08-07T16:15:00+09:00,J4,503,429,932
2018-08-07T16:30:00+09:00,J1,484,632,1116
2018-08-07T16:30:00+09:00,J2,530,481,1011
2018-08-07T16:30:00+09:00,J3,681,533,1214
2018-08-07T16:30:00+09:00,J4,473,412,885
2018-08-07T16:45:00+09:00,J1,501,586,1087
2018-08-07T16:45:00+09:00,J2,491,447,938
2018-08-07T16:45:00+09:00,J3,599,651,1250
2018-08-07T16:45:00+09:00,J4,475,439,914
2018-08-07T17:00:00+09:00,J1,591,777,1368
2018-08-07T17:00:00+09:00,J2,510,553,1063
2018-08-07T17:00:00+09:00,J3,712,647,1359
2018-08-07T17:00:00+09:00,J4,456,425,881
2018-08-07T17:15:00+09:00,J1,616,859,1475
2018-08-07T17:15:00+09:00,J2,573,643,1216
2018-08-07T17:15:00+09:00,J3,786,622,1408
2018-08-07T17:15:00+09:00,J4,548,411,959
2018-08-07T17:30:00+09:00,J1,697,881,1578
2018-08-07T17:30:00+09:00,J2,662,577,1239
2018-08-07T17:30:00+09:00,J3,818,691,1509
2018-08-07T17:30:00+09:00,J4,667,416,1083
2018-08-07T17:45:00+09:00,J1,722,833,1555
2018-08-07T17:45:00+09:00,J2,702,591,1293
2018-08-07T17:45:00+09:00,J3,827,633,1460
2018-08-07T17:45:00+09:00,J4,687,423,1110
2018-08-07T18:00:00+09:00,J1,693,911,1604
2018-08-07T18:00:00+09:00,J2,691,567,1258
2018-08-07T18:00:00+09:00,J3,826,677,1503
2018-08-07T18:00:00+09:00,J4,717,482,1199
2018-08-07T18:15:00+09:00,J1,749,837,1586
2018-08-07T18:15:00+09:00,J2,660,582,1242
2018-08-07T18:15:00+09:00,J3,870,594,1464
2018-08-07T18:15:00+09:00,J4,644,501,1145
2018-08-07T18:30:00+09:00,J1,650,695,1345
2018-08-07T18:30:00+09:00,J2,573,632,1205
2018-08-07T18:30:00+09:00,J3,726,535,1261
2018-08-07T18:30:00+09:00,J4,616,462,1078
2018-08-07T18:45:00+09:00,J1,623,661,1284
2018-08-07T18:45:00+09:00,J2,554,596,1150
2018-08-07T18:45:00+09:00,J3,670,570,1240
2018-08-07T18:45:00+09:00,J4,595,476,1071
2018-08-07T19:00:00+09:00,J1,567,640,1207
2018-08-07T19:00:00+09:00,J2,467,510,977
2018-08-07T19:00:00+09:00,J3,679,583,1262
2018-08-07T19:00:00+09:00,J4,597,467,1064
2018-08-07T19:15:00+09:00,J1,587,680,1267
2018-08-07T19:15:00+09:00,J2,470,432,902
2018-08-07T19:15:00+09:00,J3,686,577,1263
2018-08-07T19:15:00+09:00,J4,633,457,1090
2018-08-07T19:30:00+09:00,J1,568,650,1218
2018-08-07T19:30:00+09:00,J2,404,459,863
2018-08-07T19:30:00+09:00,J3,622,548,1170
2018-08-07T19:30:00+09:00,J4,666,449,1115
2018-08-07T19:45:00+09:00,J1,480,570,1050
2018-08-07T19:45:00+09:00,J2,415,385,800
2018-08-07T19:45:00+09:00,J3,621,546,1167
2018-08-07T19:45:00+09:00,J4,539,421,960
2018-08-07T20:00:00+09:00,J1,536,649,1185
2018-08-07T20:00:00+09:00,J2,455,453,908
2018-08-07T20:00:00+09:00,J3,648,542,1190
2018-08-07T20:00:00+09:00,J4,605,557,1162
2018-08-07T20:15:00+09:00,J1,488,608,1096
2018-08-07T20:15:00+09:00,J2,409,355,764
2018-08-07T20:15:00+09:00,J3,672,531,1203
2018-08-07T20:15:00+09:00,J4,704,637,1341
2018-08-07T20:30:00+09:00,J1,492,552,1044
2018-08-07T20:30:00+09:00,J2,365,325,690
2018-08-07T20:30:00+09:00,J3,668,541,1209
2018-08-07T20:30:00+09:00,J4,717,611,1328
2018-08-07T20:45:00+09:00,J1,456,509,965
2018-08-07T20:45:00+09:00,J2,414,341,755
2018-08-07T20:45:00+09:00,J3,669,507,1176
2018-08-07T20:45:00+09:00,J4,844,637,1481
2018-08-07T21:00:00+09:00,J1,494,599,1093
2018-08-07T21:00:00+09:00,J2,416,355,771
2018-08-07T21:00:00+09:00,J3,656,446,1102
2018-08-07T21:00:00+09:00,J4,796,667,1463
2018-08-07T21:15:00+09:00,J1,516,618,1134
2018-08-07T21:15:00+09:00,J2,390,376,766
2018-08-07T21:15:00+09:00,J3,646,509,1155
2018-08-07T21:15:00+09:00,J4,841,713,1554
2018-08-07T21:30:00+09:00,J1,536,571,1107
2018-08-07T21:30:00+09:00,J2,349,358,707
2018-08-07T21:30:00+09:00,J3,545,479,1024
2018-08-07T21:30:00+09:00,J4,725,661,1386
2018-08-07T21:45:00+09:00,J1,505,561,1066
2018-08-07T21:45:00+09:00,J2,315,296,611
2018-08-07T21:45:00+09:00,J3,556,453,1009
2018-08-07T21:45:00+09:00,J4,712,578,1290
2018-08-07T22:00:00+09:00,J1,437,520,957
2018-08-07T22:00:00+09:00,J2,297,325,622
2018-08-07T22:00:00+09:00,J3,574,472,1046
2018-08-07T22:00:00+09:00,J4,687,631,1318
2018-08-07T22:15:00+09:00,J1,391,474,865
2018-08-07T22:15:00+09:00,J2,282,365,647
2018-08-07T22:15:00+09:00,J3,551,477,1028
2018-08-07T22:15:00+09:00,J4,702,629,1331
2018-08-07T22:30:00+09:00,J1,401,400,801
2018-08-07T22:30:00+09:00,J2,263,354,617
2018-08-07T22:30:00+09:00,J3,487,455,942
2018-08-07T22:30:00+09:00,J4,701,655,1356
2018-08-07T22:45:00+09:00,J1,444,487,931
2018-08-07T22:45:00+09:00,J2,267,294,561
2018-08-07T22:45:00+09:00,J3,442,410,852
2018-08-07T22:45:00+09:00,J4,640,602,1242
2018-08-07T23:00:00+09:00,J1,404,455,859
2018-08-07T23:00:00+09:00,J2,258,339,597
2018-08-07T23:00:00+09:00,J3,487,437,924
2018-08-07T23:00:00+09:00,J4,658,605,1263
2018-08-07T23:15:00+09:00,J1,337,367,704
2018-08-07T23:15:00+09:00,J2,256,288,544
2018-08-07T23:15:00+09:00,J3,495,460,955
2018-08-07T23:15:00+09:00,J4,667,686,1353
2018-08-07T23:30:00+09:00,J1,402,417,819
2018-08-07T23:30:00+09:00,J2,220,255,475
2018-08-07T23:30:00+09:00,J3,496,410,906
2018-08-07T23:30:00+09:00,J4,687,637,1324
2018-08-07T23:45:00+09:00,J1,329,371,700
2018-08-07T23:45:00+09:00,J2,266,275,541
2018-08-07T23:45:00+09:00,J3,478,414,892
2018-08-07T23:45:00+09:00,J4,649,632,1281
2018-08-08T00:00:00+09:00,J1,300,293,593
2018-08-08T00:00:00+09:00,J2,231,227,458
2018-08-08T00:00:00+09:00,J3,393,271,664
2018-08-08T00:00:00+09:00,J4,564,462,1026
2018-08-08T00:15:00+09:00,J1,251,274,525
2018-08-08T00:15:00+09:00,J2,181,188,369
2018-08-08T00:15:00+09:00,J3,309,270,579
2018-08-08T00:15:00+09:00,J4,526,587,1113
2018-08-08T00:30:00+09:00,J1,268,291,559
2018-08-08T00:30:00+09:00,J2,274,204,478
2018-08-08T00:30:00+09:00,J3,325,326,651
2018-08-08T00:30:00+09:00,J4,373,300,673
2018-08-08T00:45:00+09:00,J1,328,277,605
2018-08-08T00:45:00+09:00,J2,298,223,521
2018-08-08T00:45:00+09:00,J3,292,367,659
2018-08-08T00:45:00+09:00,J4,255,268,523
2018-08-08T05:45:00+09:00,J1,367,325,692
2018-08-08T05:45:00+09:00,J2,302,360,662
2018-08-08T05:45:00+09:00,J3,319,303,622
2018-08-08T05:45:00+09:00,J4,502,532,1034
2018-08-08T06:00:00+09:00,J1,280,295,575
2018-08-08T06:00:00+09:00,J2,244,214,458
2018-08-08T06:00:00+09:00,J3,234,201,435
2018-08-08T06:00:00+09:00,J4,477,561,1038
2018-08-08T06:15:00+09:00,J1,344,302,646
2018-08-08T06:15:00+09:00,J2,287,271,558
2018-08-08T06:15:00+09:00,J3,347,313,660
2018-08-08T06:15:00+09:00,J4,512,535,1047
2018-08-08T06:30:00+09:00,J1,337,307,644
2018-08-08T06:30:00+09:00,J2,384,354,738
2018-08-08T06:30:00+09:00,J3,351,274,625
2018-08-08T06:30:00+09:00,J4,512,521,1033
2018-08-08T06:45:00+09:00,J1,443,360,803
2018-08-08T06:45:00+09:00,J2,319,295,614
2018-08-08T06:45:00+09:00,J3,383,306,689
2018-08-08T06:45:00+09:00,J4,465,508,973
2018-08-08T07:00:00+09:00,J1,419,405,824
2018-08-08T07:00:00+09:00,J2,289,304,593
2018-08-08T07:00:00+09:00,J3,391,405,796
2018-08-08T07:00:00+09:00,J4,526,687,1213
2018-08-08T07:15:00+09:00,J1,502,375,877
2018-08-08T07:15:00+09:00,J2,326,299,625
2018-08-08T07:15:00+09:00,J3,389,384,773
2018-08-08T07:15:00+09:00,J4,633,786,1419
2018-08-08T07:30:00+09:00,J1,596,452,1048
2018-08-08T07:30:00+09:00,J2,425,312,737
2018-08-08T07:30:00+09:00,J3,681,599,1280
2018-08-08T07:30:00+09:00,J4,622,837,1459
2018-08-08T07:45:00+09:00,J1,682,491,1173
2018-08-08T07:45:00+09:00,J2,564,303,867
2018-08-08T07:45:00+09:00,J3,643,701,1344
2018-08-08T07:45:00+09:00,J4,649,901,1550
2018-08-08T08:00:00+09:00,J1,887,629,1516
2018-08-08T08:00:00+09:00,J2,690,455,1145
2018-08-08T08:00:00+09:00,J3,663,817,1480
2018-08-08T08:00:00+09:00,J4,682,938,1620
2018-08-08T08:15:00+09:00,J1,1004,651,1655
2018-08-08T08:15:00+09:00,J2,656,566,1222
2018-08-08T08:15:00+09:00,J3,709,904,1613
2018-08-08T08:15:00+09:00,J4,582,983,1565
2018-08-08T08:30:00+09:00,J1,1039,620,1659
2018-08-08T08:30:00+09:00,J2,678,476,1154
2018-08-08T08:30:00+09:00,J3,675,939,1614
2018-08-08T08:30:00+09:00,J4,548,1006,1554
2018-08-08T08:45:00+09:00,J1,652,437,1089
2018-08-08T08:45:00+09:00,J2,554,448,1002
2018-08-08T08:45:00+09:00,J3,552,756,1308
2018-08-08T08:45:00+09:00,J4,449,737,1186
2018-08-08T09:00:00+09:00,J1,608,373,981
2018-08-08T09:00:00+09:00,J2,483,425,908
2018-08-08T09:00:00+09:00,J3,650,645,1295
2018-08-08T09:00:00+09:00,J4,466,590,1056
2018-08-08T09:15:00+09:00,J1,617,444,1061
2018-08-08T09:15:00+09:00,J2,550,512,1062
2018-08-08T09:15:00+09:00,J3,527,647,1174
2018-08-08T09:15:00+09:00,J4,347,553,900
2018-08-08T09:30:00+09:00,J1,587,429,1016
2018-08-08T09:30:00+09:00,J2,540,500,1040
2018-08-08T09:30:00+09:00,J3,527,634,1161
2018-08-08T09:30:00+09:00,J4,379,523,902
2018-08-08T09:45:00+09:00,J1,432,412,844
2018-08-08T09:45:00+09:00,J2,543,467,1010
2018-08-08T09:45:00+09:00,J3,417,537,954
2018-08-08T09:45:00+09:00,J4,314,416,730
2018-08-08T10:00:00+09:00,J1,444,337,781
2018-08-08T10:00:00+09:00,J2,595,518,1113
2018-08-08T10:00:00+09:00,J3,362,444,806
2018-08-08T10:00:00+09:00,J4,333,359,692
2018-08-08T10:15:00+09:00,J1,510,431,941
2018-08-08T10:15:00+09:00,J2,462,426,888
2018-08-08T10:15:00+09:00,J3,377,394,771
2018-08-08T10:15:00+09:00,J4,376,424,800
2018-08-08T10:30:00+09:00,J1,469,463,932
2018-08-08T10:30:00+09:00,J2,443,422,865
2018-08-08T10:30:00+09:00,J3,409,463,872
2018-08-08T10:30:00+09:00,J4,340,397,737
2018-08-08T10:45:00+09:00,J1,338,354,692
2018-08-08T10:45:00+09:00,J2,303,247,550
2018-08-08T10:45:00+09:00,J3,300,292,592
2018-08-08T10:45:00+09:00,J4,248,255,503
2018-08-08T11:00:00+09:00,J1,540,544,1084
2018-08-08T11:00:00+09:00,J2,447,402,849
2018-08-08T11:00:00+09:00,J3,429,480,909
2018-08-08T11:00:00+09:00,J4,377,355,732
2018-08-08T11:15:00+09:00,J1,599,606,1205
2018-08-08T11:15:00+09:00,J2,445,419,864
2018-08-08T11:15:00+09:00,J3,475,509,984
2018-08-08T11:15:00+09:00,J4,446,385,831
2018-08-08T11:30:00+09:00,J1,392,415,807
2018-08-08T11:30:00+09:00,J2,360,302,662
2018-08-08T11:30:00+09:00,J3,347,398,745
2018-08-08T11:30:00+09:00,J4,331,297,628
2018-08-08T11:45:00+09:00,J1,875,856,1731
2018-08-08T11:45:00+09:00,J2,742,729,1471
2018-08-08T11:45:00+09:00,J3,648,708,1356
2018-08-08T11:45:00+09:00,J4,918,732,1650
2018-08-08T12:00:00+09:00,J1,774,831,1605
2018-08-08T12:00:00+09:00,J2,540,487,1027
2018-08-08T12:00:00+09:00,J3,607,634,1241
2018-08-08T12:00:00+09:00,J4,765,678,1443
2018-08-08T12:15:00+09:00,J1,553,674,1227
2018-08-08T12:15:00+09:00,J2,405,407,812
2018-08-08T12:15:00+09:00,J3,493,534,1027
2018-08-08T12:15:00+09:00,J4,660,610,1270
2018-08-08T12:30:00+09:00,J1,626,645,1271
2018-08-08T12:30:00+09:00,J2,389,435,824
2018-08-08T12:30:00+09:00,J3,523,521,1044
2018-08-08T12:30:00+09:00,J4,649,655,1304
2018-08-08T12:45:00+09:00,J1,651,690,1341
2018-08-08T12:45:00+09:00,J2,432,412,844
2018-08-08T12:45:00+09:00,J3,496,472,968
2018-08-08T12:45:00+09:00,J4,627,483,1110
2018-08-08T13:00:00+09:00,J1,575,720,1295
2018-08-08T13:00:00+09:00,J2,412,438,850
2018-08-08T13:00:00+09:00,J3,509,493,1002
2018-08-08T13:00:00+09:00,J4,630,571,1201
2018-08-08T13:15:00+09:00,J1,654,764,1418
2018-08-08T13:15:00+09:00,J2,405,469,874
2018-08-08T13:15:00+09:00,J3,559,466,1025
2018-08-08T13:15:00+09:00,J4,669,636,1305
2018-08-08T13:30:00+09:00,J1,689,773,1462
2018-08-08T13:30:00+09:00,J2,366,435,801
2018-08-08T13:30:00+09:00,J3,588,463,1051
2018-08-08T13:30:00+09:00,J4,722,684,1406
2018-08-08T13:45:00+09:00,J1,545,692,1237
2018-08-08T13:45:00+09:00,J2,384,407,791
2018-08-08T13:45:00+09:00,J3,544,430,974
2018-08-08T13:45:00+09:00,J4,713,655,1368
2018-08-08T14:00:00+09:00,J1,607,672,1279
2018-08-08T14:00:00+09:00,J2,375,432,807
2018-08-08T14:00:00+09:00,J3,565,434,999
2018-08-08T14:00:00+09:00,J4,656,592,1248
2018-08-08T14:15:00+09:00,J1,632,709,1341
2018-08-08T14:15:00+09:00,J2,353,449,802
2018-08-08T14:15:00+09:00,J3,520,391,911
2018-08-08T14:15:00+09:00,J4,729,646,1375
2018-08-08T14:30:00+09:00,J1,698,766,1464
2018-08-08T14:30:00+09:00,J2,351,433,784
2018-08-08T14:30:00+09:00,J3,548,437,985
2018-08-08T14:30:00+09:00,J4,778,742,1520
2018-08-08T14:45:00+09:00,J1,661,779,1440
2018-08-08T14:45:00+09:00,J2,332,453,785
2018-08-08T14:45:00+09:00,J3,547,423,970
2018-08-08T14:45:00+09:00,J4,706,772,1478
2018-08-08T15:00:00+09:00,J1,683,795,1478
2018-08-08T15:00:00+09:00,J2,385,432,817
2018-08-08T15:00:00+09:00,J3,501,375,876
2018-08-08T15:00:00+09:00,J4,694,735,1429
2018-08-08T15:15:00+09:00,J1,718,769,1487
2018-08-08T15:15:00+09:00,J2,380,502,882
2018-08-08T15:15:00+09:00,J3,520,430,950
2018-08-08T15:15:00+09:00,J4,720,783,1503
2018-08-08T15:30:00+09:00,J1,710,747,1457
2018-08-08T15:30:00+09:00,J2,420,483,903
2018-08-08T15:30:00+09:00,J3,571,425,996
2018-08-08T15:30:00+09:00,J4,769,775,1544
2018-08-08T15:45:00+09:00,J1,715,797,1512
2018-08-08T15:45:00+09:00,J2,352,457,809
2018-08-08T15:45:00+09:00,J3,534,402,936
2018-08-08T15:45:00+09:00,J4,753,829,1582
2018-08-08T16:00:00+09:00,J1,700,731,1431
2018-08-08T16:00:00+09:00,J2,425,459,884
2018-08-08T16:00:00+09:00,J3,561,418,979
2018-08-08T16:00:00+09:00,J4,748,763,1511
2018-08-08T16:15:00+09:00,J1,654,730,1384
2018-08-08T16:15:00+09:00,J2,377,459,836
2018-08-08T16:15:00+09:00,J3,585,500,1085
2018-08-08T16:15:00+09:00,J4,718,709,1427
2018-08-08T16:30:00+09:00,J1,638,643,1281
2018-08-08T16:30:00+09:00,J2,436,476,912
2018-08-08T16:30:00+09:00,J3,645,507,1152
2018-08-08T16:30:00+09:00,J4,765,660,1425
2018-08-08T16:45:00+09:00,J1,623,671,1294
2018-08-08T16:45:00+09:00,J2,446,472,918
2018-08-08T16:45:00+09:00,J3,633,560,1193
2018-08-08T16:45:00+09:00,J4,761,689,1450
2018-08-08T17:00:00+09:00,J1,628,669,1297
2018-08-08T17:00:00+09:00,J2,414,515,929
2018-08-08T17:00:00+09:00,J3,796,685,1481
2018-08-08T17:00:00+09:00,J4,819,617,1436
2018-08-08T17:15:00+09:00,J1,769,819,1588
2018-08-08T17:15:00+09:00,J2,572,565,1137
2018-08-08T17:15:00+09:00,J3,838,755,1593
2018-08-08T17:15:00+09:00,J4,797,601,1398
2018-08-08T17:30:00+09:00,J1,763,872,1635
2018-08-08T17:30:00+09:00,J2,604,560,1164
2018-08-08T17:30:00+09:00,J3,844,675,1519
2018-08-08T17:30:00+09:00,J4,892,679,1571
2018-08-08T17:45:00+09:00,J1,725,875,1600
2018-08-08T17:45:00+09:00,J2,617,610,1227
2018-08-08T17:45:00+09:00,J3,839,671,1510
2018-08-08T17:45:00+09:00,J4,988,669,1657
2018-08-08T18:00:00+09:00,J1,786,933,1719
2018-08-08T18:00:00+09:00,J2,557,550,1107
2018-08-08T18:00:00+09:00,J3,902,618,1520
2018-08-08T18:00:00+09:00,J4,930,621,1551
2018-08-08T18:15:00+09:00,J1,756,860,1616
2018-08-08T18:15:00+09:00,J2,637,555,1192
2018-08-08T18:15:00+09:00,J3,840,651,1491
2018-08-08T18:15:00+09:00,J4,955,681,1636
2018-08-08T18:30:00+09:00,J1,676,701,1377
2018-08-08T18:30:00+09:00,J2,589,518,1107
2018-08-08T18:30:00+09:00,J3,763,573,1336
2018-08-08T18:30:00+09:00,J4,815,548,1363
2018-08-08T18:45:00+09:00,J1,620,648,1268
2018-08-08T18:45:00+09:00,J2,493,478,971
2018-08-08T18:45:00+09:00,J3,753,597,1350
2018-08-08T18:45:00+09:00,J4,702,502,1204
2018-08-08T19:00:00+09:00,J1,590,675,1265
2018-08-08T19:00:00+09:00,J2,449,510,959
2018-08-08T19:00:00+09:00,J3,659,498,1157
2018-08-08T19:00:00+09:00,J4,762,604,1366
2018-08-08T19:15:00+09:00,J1,553,699,1252
2018-08-08T19:15:00+09:00,J2,446,487,933
2018-08-08T19:15:00+09:00,J3,698,508,1206
2018-08-08T19:15:00+09:00,J4,751,645,1396
2018-08-08T19:30:00+09:00,J1,494,616,1110
2018-08-08T19:30:00+09:00,J2,304,395,699
2018-08-08T19:30:00+09:00,J3,645,424,1069
2018-08-08T19:30:00+09:00,J4,752,602,1354
2018-08-08T19:45:00+09:00,J1,423,588,1011
2018-08-08T19:45:00+09:00,J2,302,364,666
2018-08-08T19:45:00+09:00,J3,554,429,983
2018-08-08T19:45:00+09:00,J4,686,615,1301
2018-08-08T20:00:00+09:00,J1,412,573,985
2018-08-08T20:00:00+09:00,J2,333,375,708
2018-08-08T20:00:00+09:00,J3,621,412,1033
2018-08-08T20:00:00+09:00,J4,712,617,1329
2018-08-08T20:15:00+09:00,J1,419,538,957
2018-08-08T20:15:00+09:00,J2,365,374,739
2018-08-08T20:15:00+09:00,J3,631,446,1077
2018-08-08T20:15:00+09:00,J4,737,614,1351
2018-08-08T20:30:00+09:00,J1,497,506,1003
2018-08-08T20:30:00+09:00,J2,310,371,681
2018-08-08T20:30:00+09:00,J3,666,482,1148
2018-08-08T20:30:00+09:00,J4,661,476,1137
2018-08-08T20:45:00+09:00,J1,351,489,840
2018-08-08T20:45:00+09:00,J2,296,307,603
2018-08-08T20:45:00+09:00,J3,564,439,1003
2018-08-08T20:45:00+09:00,J4,634,481,1115
2018-08-08T21:00:00+09:00,J1,406,482,888
2018-08-08T21:00:00+09:00,J2,227,327,554
2018-08-08T21:00:00+09:00,J3,498,388,886
2018-08-08T21:00:00+09:00,J4,577,398,975
2018-08-08T21:15:00+09:00,J1,378,552,930
2018-08-08T21:15:00+09:00,J2,274,311,585
2018-08-08T21:15:00+09:00,J3,458,311,769
2018-08-08T21:15:00+09:00,J4,559,353,912
2018-08-08T21:30:00+09:00,J1,335,439,774
2018-08-08T21:30:00+09:00,J2,255,313,568
2018-08-08T21:30:00+09:00,J3,428,312,740
2018-08-08T21:30:00+09:00,J4,510,355,865
2018-08-08T21:45:00+09:00,J1,333,409,742
2018-08-08T21:45:00+09:00,J2,309,278,587
2018-08-08T21:45:00+09:00,J3,409,310,719
2018-08-08T21:45:00+09:00,J4,429,325,754
2018-08-08T22:00:00+09:00,J1,312,426,738
2018-08-08T22:00:00+09:00,J2,323,390,713
2018-08-08T22:00:00+09:00,J3,389,277,666
2018-08-08T22:00:00+09:00,J4,436,339,775
2018-08-08T22:15:00+09:00,J1,289,391,680
2018-08-08T22:15:00+09:00,J2,294,307,601
2018-08-08T22:15:00+09:00,J3,338,288,626
2018-08-08T22:15:00+09:00,J4,377,304,681
2018-08-08T22:30:00+09:00,J1,300,296,596
2018-08-08T22:30:00+09:00,J2,301,294,595
2018-08-08T22:30:00+09:00,J3,377,335,712
2018-08-08T22:30:00+09:00,J4,458,383,841
2018-08-08T22:45:00+09:00,J1,289,331,620
2018-08-08T22:45:00+09:00,J2,278,289,567
2018-08-08T22:45:00+09:00,J3,387,319,706
2018-08-08T22:45:00+09:00,J4,404,324,728
2018-08-08T23:00:00+09:00,J1,230,301,531
2018-08-08T23:00:00+09:00,J2,251,296,547
2018-08-08T23:00:00+09:00,J3,359,277,636
2018-08-08T23:00:00+09:00,J4,465,416,881
2018-08-08T23:15:00+09:00,J1,302,345,647
2018-08-08T23:15:00+09:00,J2,259,301,560
2018-08-08T23:15:00+09:00,J3,339,289,628
2018-08-08T23:15:00+09:00,J4,359,328,687
2018-08-08T23:30:00+09:00,J1,281,333,614
2018-08-08T23:30:00+09:00,J2,263,262,525
2018-08-08T23:30:00+09:00,J3,387,291,678
2018-08-08T23:30:00+09:00,J4,410,323,733
2018-08-08T23:45:00+09:00,J1,288,278,566
2018-08-08T23:45:00+09:00,J2,318,296,614
2018-08-08T23:45:00+09:00,J3,353,252,605
2018-08-08T23:45:00+09:00,J4,333,278,611
2018-08-09T00:00:00+09:00,J1,244,248,492
2018-08-09T00:00:00+09:00,J2,223,270,493
2018-08-09T00:00:00+09:00,J3,255,179,434
2018-08-09T00:00:00+09:00,J4,230,176,406
2018-08-09T00:15:00+09:00,J1,217,249,466
2018-08-09T00:15:00+09:00,J2,246,262,508
2018-08-09T00:15:00+09:00,J3,199,169,368
2018-08-09T00:15:00+09:00,J4,216,191,407
2018-08-09T00:30:00+09:00,J1,288,265,553
2018-08-09T00:30:00+09:00,J2,268,261,529
2018-08-09T00:30:00+09:00,J3,211,211,422
2018-08-09T00:30:00+09:00,J4,239,233,472
2018-08-09T00:45:00+09:00,J1,267,272,539
2018-08-09T00:45:00+09:00,J2,253,344,597
2018-08-09T00:45:00+09:00,J3,284,261,545
2018-08-09T00:45:00+09:00,J4,235,244,479
2018-08-09T05:45:00+09:00,J1,306,273,579
2018-08-09T05:45:00+09:00,J2,333,324,657
2018-08-09T05:45:00+09:00,J3,353,297,650
2018-08-09T05:45:00+09:00,J4,365,375,740
2018-08-09T06:00:00+09:00,J1,257,226,483
2018-08-09T06:00:00+09:00,J2,292,321,613
2018-08-09T06:00:00+09:00,J3,197,192,389
2018-08-09T06:00:00+09:00,J4,439,402,841
2018-08-09T06:15:00+09:00,J1,269,255,524
2018-08-09T06:15:00+09:00,J2,334,342,676
2018-08-09T06:15:00+09:00,J3,230,264,494
2018-08-09T06:15:00+09:00,J4,342,374,716
2018-08-09T06:30:00+09:00,J1,297,316,613
2018-08-09T06:30:00+09:00,J2,284,349,633
2018-08-09T06:30:00+09:00,J3,254,256,510
2018-08-09T06:30:00+09:00,J4,256,384,640
2018-08-09T06:45:00+09:00,J1,341,344,685
2018-08-09T06:45:00+09:00,J2,332,323,655
2018-08-09T06:45:00+09:00,J3,256,248,504
2018-08-09T06:45:00+09:00,J4,271,357,628
2018-08-09T07:00:00+09:00,J1,320,295,615
2018-08-09T07:00:00+09:00,J2,349,342,691
2018-08-09T07:00:00+09:00,J3,267,259,526
2018-08-09T07:00:00+09:00,J4,301,344,645
2018-08-09T07:15:00+09:00,J1,391,339,730
2018-08-09T07:15:00+09:00,J2,384,319,703
2018-08-09T07:15:00+09:00,J3,300,317,617
2018-08-09T07:15:00+09:00,J4,290,420,710
2018-08-09T07:30:00+09:00,J1,492,404,896
2018-08-09T07:30:00+09:00,J2,352,292,644
2018-08-09T07:30:00+09:00,J3,402,391,793
2018-08-09T07:30:00+09:00,J4,304,453,757
2018-08-09T07:45:00+09:00,J1,653,470,1123
2018-08-09T07:45:00+09:00,J2,473,321,794
2018-08-09T07:45:00+09:00,J3,452,421,873
2018-08-09T07:45:00+09:00,J4,389,645,1034
2018-08-09T08:00:00+09:00,J1,876,593,1469
2018-08-09T08:00:00+09:00,J2,532,349,881
2018-08-09T08:00:00+09:00,J3,580,575,1155
2018-08-09T08:00:00+09:00,J4,577,913,1490
2018-08-09T08:15:00+09:00,J1,1054,586,1640
2018-08-09T08:15:00+09:00,J2,637,458,1095
2018-08-09T08:15:00+09:00,J3,749,775,1524
2018-08-09T08:15:00+09:00,J4,667,1071,1738
2018-08-09T08:30:00+09:00,J1,1088,639,1727
2018-08-09T08:30:00+09:00,J2,722,415,1137
2018-08-09T08:30:00+09:00,J3,717,882,1599
2018-08-09T08:30:00+09:00,J4,686,1050,1736
2018-08-09T08:45:00+09:00,J1,738,547,1285
2018-08-09T08:45:00+09:00,J2,518,355,873
2018-08-09T08:45:00+09:00,J3,645,644,1289
2018-08-09T08:45:00+09:00,J4,609,808,1417
2018-08-09T09:00:00+09:00,J1,679,556,1235
2018-08-09T09:00:00+09:00,J2,428,342,770
2018-08-09T09:00:00+09:00,J3,677,540,1217
2018-08-09T09:00:00+09:00,J4,617,802,1419
2018-08-09T09:15:00+09:00,J1,581,448,1029
2018-08-09T09:15:00+09:00,J2,395,355,750
2018-08-09T09:15:00+09:00,J3,725,471,1196
2018-08-09T09:15:00+09:00,J4,622,737,1359
2018-08-09T09:30:00+09:00,J1,567,470,1037
2018-08-09T09:30:00+09:00,J2,394,341,735
2018-08-09T09:30:00+09:00,J3,683,554,1237
2018-08-09T09:30:00+09:00,J4,588,710,1298
2018-08-09T09:45:00+09:00,J1,534,460,994
2018-08-09T09:45:00+09:00,J2,372,334,706
2018-08-09T09:45:00+09:00,J3,657,550,1207
2018-08-09T09:45:00+09:00,J4,614,689,1303
2018-08-09T10:00:00+09:00,J1,469,421,890
2018-08-09T10:00:00+09:00,J2,274,290,564
2018-08-09T10:00:00+09:00,J3,682,531,1213
2018-08-09T10:00:00+09:00,J4,577,678,1255
2018-08-09T10:15:00+09:00,J1,511,505,1016
2018-08-09T10:15:00+09:00,J2,346,364,710
2018-08-09T10:15:00+09:00,J3,627,543,1170
2018-08-09T10:15:00+09:00,J4,631,670,1301
2018-08-09T10:30:00+09:00,J1,522,468,990
2018-08-09T10:30:00+09:00,J2,369,379,748
2018-08-09T10:30:00+09:00,J3,637,518,1155
2018-08-09T10:30:00+09:00,J4,659,737,1396
2018-08-09T10:45:00+09:00,J1,539,529,1068
2018-08-09T10:45:00+09:00,J2,403,418,821
2018-08-09T10:45:00+09:00,J3,610,519,1129
2018-08-09T10:45:00+09:00,J4,666,600,1266
2018-08-09T11:00:00+09:00,J1,563,536,1099
2018-08-09T11:00:00+09:00,J2,479,408,887
2018-08-09T11:00:00+09:00,J3,607,561,1168
2018-08-09T11:00:00+09:00,J4,729,605,1334
2018-08-09T11:15:00+09:00,J1,644,576,1220
2018-08-09T11:15:00+09:00,J2,531,452,983
2018-08-09T11:15:00+09:00,J3,668,647,1315
2018-08-09T11:15:00+09:00,J4,695,617,1312
2018-08-09T11:30:00+09:00,J1,645,606,1251
2018-08-09T11:30:00+09:00,J2,549,430,979
2018-08-09T11:30:00+09:00,J3,748,712,1460
2018-08-09T11:30:00+09:00,J4,656,630,1286
2018-08-09T11:45:00+09:00,J1,647,678,1325
2018-08-09T11:45:00+09:00,J2,626,433,1059
2018-08-09T11:45:00+09:00,J3,702,749,1451
2018-08-09T11:45:00+09:00,J4,704,669,1373
2018-08-09T12:00:00+09:00,J1,676,753,1429
2018-08-09T12:00:00+09:00,J2,718,472,1190
2018-08-09T12:00:00+09:00,J3,723,857,1580
2018-08-09T12:00:00+09:00,J4,743,627,1370
2018-08-09T12:15:00+09:00,J1,597,600,1197
2018-08-09T12:15:00+09:00,J2,600,486,1086
2018-08-09T12:15:00+09:00,J3,584,687,1271
2018-08-09T12:15:00+09:00,J4,546,643,1189
2018-08-09T12:30:00+09:00,J1,577,594,1171
2018-08-09T12:30:00+09:00,J2,602,470,1072
2018-08-09T12:30:00+09:00,J3,634,658,1292
2018-08-09T12:30:00+09:00,J4,571,589,1160
2018-08-09T12:45:00+09:00,J1,511,551,1062
2018-08-09T12:45:00+09:00,J2,540,459,999
2018-08-09T12:45:00+09:00,J3,581,689,1270
2018-08-09T12:45:00+09:00,J4,558,628,1186
2018-08-09T13:00:00+09:00,J1,439,590,1029
2018-08-09T13:00:00+09:00,J2,455,463,918
2018-08-09T13:00:00+09:00,J3,556,682,1238
2018-08-09T13:00:00+09:00,J4,573,550,1123
2018-08-09T13:15:00+09:00,J1,504,558,1062
2018-08-09T13:15:00+09:00,J2,522,464,986
2018-08-09T13:15:00+09:00,J3,526,643,1169
2018-08-09T13:15:00+09:00,J4,580,588,1168
2018-08-09T13:30:00+09:00,J1,465,542,1007
2018-08-09T13:30:00+09:00,J2,549,429,978
2018-08-09T13:30:00+09:00,J3,593,690,1283
2018-08-09T13:30:00+09:00,J4,452,588,1040
2018-08-09T13:45:00+09:00,J1,452,501,953
2018-08-09T13:45:00+09:00,J2,517,468,985
2018-08-09T13:45:00+09:00,J3,557,623,1180
2018-08-09T13:45:00+09:00,J4,494,569,1063
2018-08-09T14:00:00+09:00,J1,425,503,928
2018-08-09T14:00:00+09:00,J2,458,407,865
2018-08-09T14:00:00+09:00,J3,608,612,1220
2018-08-09T14:00:00+09:00,J4,534,534,1068
2018-08-09T14:15:00+09:00,J1,437,526,963
2018-08-09T14:15:00+09:00,J2,570,431,1001
2018-08-09T14:15:00+09:00,J3,540,577,1117
2018-08-09T14:15:00+09:00,J4,547,567,1114
2018-08-09T14:30:00+09:00,J1,470,549,1019
2018-08-09T14:30:00+09:00,J2,517,412,929
2018-08-09T14:30:00+09:00,J3,553,610,1163
2018-08-09T14:30:00+09:00,J4,458,492,950
2018-08-09T14:45:00+09:00,J1,451,553,1004
2018-08-09T14:45:00+09:00,J2,506,398,904
2018-08-09T14:45:00+09:00,J3,523,534,1057
2018-08-09T14:45:00+09:00,J4,446,476,922
2018-08-09T15:00:00+09:00,J1,438,519,957
2018-08-09T15:00:00+09:00,J2,478,421,899
2018-08-09T15:00:00+09:00,J3,506,501,1007
2018-08-09T15:00:00+09:00,J4,475,482,957
2018-08-09T15:15:00+09:00,J1,395,586,981
2018-08-09T15:15:00+09:00,J2,543,506,1049
2018-08-09T15:15:00+09:00,J3,525,608,1133
2018-08-09T15:15:00+09:00,J4,402,417,819
2018-08-09T15:30:00+09:00,J1,499,690,1189
2018-08-09T15:30:00+09:00,J2,577,481,1058
2018-08-09T15:30:00+09:00,J3,540,626,1166
2018-08-09T15:30:00+09:00,J4,373,496,869
2018-08-09T15:45:00+09:00,J1,635,788,1423
2018-08-09T15:45:00+09:00,J2,656,573,1229
2018-08-09T15:45:00+09:00,J3,544,678,1222
2018-08-09T15:45:00+09:00,J4,426,503,929
2018-08-09T16:00:00+09:00,J1,621,726,1347
2018-08-09T16:00:00+09:00,J2,651,587,1238
2018-08-09T16:00:00+09:00,J3,547,608,1155
2018-08-09T16:00:00+09:00,J4,383,481,864
2018-08-09T16:15:00+09:00,J1,595,742,1337
2018-08-09T16:15:00+09:00,J2,576,548,1124
2018-08-09T16:15:00+09:00,J3,412,595,1007
2018-08-09T16:15:00+09:00,J4,422,463,885
2018-08-09T16:30:00+09:00,J1,575,628,1203
2018-08-09T16:30:00+09:00,J2,541,493,1034
2018-08-09T16:30:00+09:00,J3,557,537,1094
2018-08-09T16:30:00+09:00,J4,384,397,781
2018-08-09T16:45:00+09:00,J1,588,694,1282
2018-08-09T16:45:00+09:00,J2,522,535,1057
2018-08-09T16:45:00+09:00,J3,597,565,1162
2018-08-09T16:45:00+09:00,J4,366,416,782
2018-08-09T17:00:00+09:00,J1,620,795,1415
2018-08-09T17:00:00+09:00,J2,529,530,1059
2018-08-09T17:00:00+09:00,J3,753,738,1491
2018-08-09T17:00:00+09:00,J4,347,416,763
2018-08-09T17:15:00+09:00,J1,718,863,1581
2018-08-09T17:15:00+09:00,J2,656,566,1222
2018-08-09T17:15:00+09:00,J3,834,769,1603
2018-08-09T17:15:00+09:00,J4,485,498,983
2018-08-09T17:30:00+09:00,J1,796,972,1768
2018-08-09T17:30:00+09:00,J2,729,624,1353
2018-08-09T17:30:00+09:00,J3,1002,851,1853
2018-08-09T17:30:00+09:00,J4,691,539,1230
2018-08-09T17:45:00+09:00,J1,967,1108,2075
2018-08-09T17:45:00+09:00,J2,852,707,1559
2018-08-09T17:45:00+09:00,J3,1171,1016,2187
2018-08-09T17:45:00+09:00,J4,929,638,1567
2018-08-09T18:00:00+09:00,J1,869,1166,2035
2018-08-09T18:00:00+09:00,J2,753,762,1515
2018-08-09T18:00:00+09:00,J3,1254,962,2216
2018-08-09T18:00:00+09:00,J4,880,611,1491
2018-08-09T18:15:00+09:00,J1,841,1173,2014
2018-08-09T18:15:00+09:00,J2,678,813,1491
2018-08-09T18:15:00+09:00,J3,1188,843,2031
2018-08-09T18:15:00+09:00,J4,963,616,1579
2018-08-09T18:30:00+09:00,J1,827,978,1805
2018-08-09T18:30:00+09:00,J2,626,654,1280
2018-08-09T18:30:00+09:00,J3,1100,825,1925
2018-08-09T18:30:00+09:00,J4,798,512,1310
2018-08-09T18:45:00+09:00,J1,740,857,1597
2018-08-09T18:45:00+09:00,J2,544,614,1158
2018-08-09T18:45:00+09:00,J3,987,736,1723
2018-08-09T18:45:00+09:00,J4,699,475,1174
2018-08-09T19:00:00+09:00,J1,630,804,1434
2018-08-09T19:00:00+09:00,J2,614,548,1162
2018-08-09T19:00:00+09:00,J3,942,700,1642
2018-08-09T19:00:00+09:00,J4,621,436,1057
2018-08-09T19:15:00+09:00,J1,602,843,1445
2018-08-09T19:15:00+09:00,J2,588,530,1118
2018-08-09T19:15:00+09:00,J3,847,720,1567
2018-08-09T19:15:00+09:00,J4,648,403,1051
2018-08-09T19:30:00+09:00,J1,646,693,1339
2018-08-09T19:30:00+09:00,J2,592,512,1104
2018-08-09T19:30:00+09:00,J3,762,583,1345
2018-08-09T19:30:00+09:00,J4,486,420,906
2018-08-09T19:45:00+09:00,J1,584,695,1279
2018-08-09T19:45:00+09:00,J2,614,540,1154
2018-08-09T19:45:00+09:00,J3,808,630,1438
2018-08-09T19:45:00+09:00,J4,485,441,926
2018-08-09T20:00:00+09:00,J1,496,618,1114
2018-08-09T20:00:00+09:00,J2,582,455,1037
2018-08-09T20:00:00+09:00,J3,697,612,1309
2018-08-09T20:00:00+09:00,J4,405,376,781
2018-08-09T20:15:00+09:00,J1,489,561,1050
2018-08-09T20:15:00+09:00,J2,490,446,936
2018-08-09T20:15:00+09:00,J3,723,579,1302
2018-08-09T20:15:00+09:00,J4,449,402,851
2018-08-09T20:30:00+09:00,J1,423,536,959
2018-08-09T20:30:00+09:00,J2,449,460,909
2018-08-09T20:30:00+09:00,J3,622,528,1150
2018-08-09T20:30:00+09:00,J4,395,367,762
2018-08-09T20:45:00+09:00,J1,408,545,953
2018-08-09T20:45:00+09:00,J2,487,428,915
2018-08-09T20:45:00+09:00,J3,564,560,1124
2018-08-09T20:45:00+09:00,J4,514,509,1023
2018-08-09T21:00:00+09:00,J1,455,625,1080
2018-08-09T21:00:00+09:00,J2,479,488,967
2018-08-09T21:00:00+09:00,J3,526,532,1058
2018-08-09T21:00:00+09:00,J4,560,464,1024
2018-08-09T21:15:00+09:00,J1,428,602,1030
2018-08-09T21:15:00+09:00,J2,421,452,873
2018-08-09T21:15:00+09:00,J3,489,546,1035
2018-08-09T21:15:00+09:00,J4,462,411,873
2018-08-09T21:30:00+09:00,J1,403,547,950
2018-08-09T21:30:00+09:00,J2,372,399,771
2018-08-09T21:30:00+09:00,J3,468,554,1022
2018-08-09T21:30:00+09:00,J4,557,448,1005
2018-08-09T21:45:00+09:00,J1,314,447,761
2018-08-09T21:45:00+09:00,J2,341,336,677
2018-08-09T21:45:00+09:00,J3,379,516,895
2018-08-09T21:45:00+09:00,J4,500,438,938
2018-08-09T22:00:00+09:00,J1,316,491,807
2018-08-09T22:00:00+09:00,J2,363,383,746
2018-08-09T22:00:00+09:00,J3,443,490,933
2018-08-09T22:00:00+09:00,J4,522,505,1027
2018-08-09T22:15:00+09:00,J1,294,441,735
2018-08-09T22:15:00+09:00,J2,321,363,684
2018-08-09T22:15:00+09:00,J3,487,582,1069
2018-08-09T22:15:00+09:00,J4,542,508,1050
2018-08-09T22:30:00+09:00,J1,285,437,722
2018-08-09T22:30:00+09:00,J2,367,308,675
2018-08-09T22:30:00+09:00,J3,485,532,1017
2018-08-09T22:30:00+09:00,J4,596,532,1128
2018-08-09T22:45:00+09:00,J1,346,468,814
2018-08-09T22:45:00+09:00,J2,379,352,731
2018-08-09T22:45:00+09:00,J3,516,569,1085
2018-08-09T22:45:00+09:00,J4,577,567,1144
2018-08-09T23:00:00+09:00,J1,333,402,735
2018-08-09T23:00:00+09:00,J2,404,366,770
2018-08-09T23:00:00+09:00,J3,494,444,938
2018-08-09T23:00:00+09:00,J4,567,484,1051
2018-08-09T23:15:00+09:00,J1,343,398,741
2018-08-09T23:15:00+09:00,J2,373,342,715
2018-08-09T23:15:00+09:00,J3,425,466,891
2018-08-09T23:15:00+09:00,J4,558,544,1102
2018-08-09T23:30:00+09:00,J1,339,414,753
2018-08-09T23:30:00+09:00,J2,365,402,767
2018-08-09T23:30:00+09:00,J3,432,447,879
2018-08-09T23:30:00+09:00,J4,552,482,1034
2018-08-09T23:45:00+09:00,J1,290,349,639
2018-08-09T23:45:00+09:00,J2,306,347,653
2018-08-09T23:45:00+09:00,J3,330,396,726
2018-08-09T23:45:00+09:00,J4,532,482,1014
2018-08-10T00:00:00+09:00,J1,288,281,569
2018-08-10T00:00:00+09:00,J2,316,277,593
2018-08-10T00:00:00+09:00,J3,413,367,780
2018-08-10T00:00:00+09:00,J4,513,399,912
2018-08-10T00:15:00+09:00,J1,161,226,387
2018-08-10T00:15:00+09:00,J2,237,250,487
2018-08-10T00:15:00+09:00,J3,368,263,631
2018-08-10T00:15:00+09:00,J4,474,356,830
2018-08-10T00:30:00+09:00,J1,211,235,446
2018-08-10T00:30:00+09:00,J2,184,219,403
2018-08-10T00:30:00+09:00,J3,302,251,553
2018-08-10T00:30:00+09:00,J4,498,597,1095
2018-08-10T00:45:00+09:00,J1,223,243,466
2018-08-10T00:45:00+09:00,J2,176,197,373
2018-08-10T00:45:00+09:00,J3,266,231,497
2018-08-10T00:45:00+09:00,J4,490,643,1133
2018-08-10T05:45:00+09:00,J1,229,236,465
2018-08-10T05:45:00+09:00,J2,286,308,594
2018-08-10T05:45:00+09:00,J3,251,260,511
2018-08-10T05:45:00+09:00,J4,188,229,417
2018-08-10T06:00:00+09:00,J1,279,311,590
2018-08-10T06:00:00+09:00,J2,258,239,497
2018-08-10T06:00:00+09:00,J3,263,223,486
2018-08-10T06:00:00+09:00,J4,193,227,420
2018-08-10T06:15:00+09:00,J1,307,265,572
2018-08-10T06:15:00+09:00,J2,262,246,508
2018-08-10T06:15:00+09:00,J3,257,252,509
2018-08-10T06:15:00+09:00,J4,338,343,681
2018-08-10T06:30:00+09:00,J1,293,301,594
2018-08-10T06:30:00+09:00,J2,340,317,657
2018-08-10T06:30:00+09:00,J3,228,283,511
2018-08-10T06:30:00+09:00,J4,274,283,557
2018-08-10T06:45:00+09:00,J1,326,281,607
2018-08-10T06:45:00+09:00,J2,272,265,537
2018-08-10T06:45:00+09:00,J3,327,333,660
2018-08-10T06:45:00+09:00,J4,331,379,710
2018-08-10T07:00:00+09:00,J1,345,311,656
2018-08-10T07:00:00+09:00,J2,346,343,689
2018-08-10T07:00:00+09:00,J3,303,308,611
2018-08-10T07:00:00+09:00,J4,401,447,848
2018-08-10T07:15:00+09:00,J1,456,340,796
2018-08-10T07:15:00+09:00,J2,365,263,628
2018-08-10T07:15:00+09:00,J3,468,359,827
2018-08-10T07:15:00+09:00,J4,496,552,1048
2018-08-10T07:30:00+09:00,J1,537,408,945
2018-08-10T07:30:00+09:00,J2,371,356,727
2018-08-10T07:30:00+09:00,J3,626,560,1186
2018-08-10T07:30:00+09:00,J4,571,749,1320
2018-08-10T07:45:00+09:00,J1,681,433,1114
2018-08-10T07:45:00+09:00,J2,576,441,1017
2018-08-10T07:45:00+09:00,J3,553,673,1226
2018-08-10T07:45:00+09:00,J4,624,939,1563
2018-08-10T08:00:00+09:00,J1,954,621,1575
2018-08-10T08:00:00+09:00,J2,773,433,1206
2018-08-10T08:00:00+09:00,J3,631,804,1435
2018-08-10T08:00:00+09:00,J4,705,944,1649
2018-08-10T08:15:00+09:00,J1,1042,656,1698
2018-08-10T08:15:00+09:00,J2,794,551,1345
2018-08-10T08:15:00+09:00,J3,701,999,1700
2018-08-10T08:15:00+09:00,J4,657,956,1613
2018-08-10T08:30:00+09:00,J1,1024,591,1615
2018-08-10T08:30:00+09:00,J2,812,523,1335
2018-08-10T08:30:00+09:00,J3,646,1100,1746
2018-08-10T08:30:00+09:00,J4,711,975,1686
2018-08-10T08:45:00+09:00,J1,747,533,1280
2018-08-10T08:45:00+09:00,J2,647,437,1084
2018-08-10T08:45:00+09:00,J3,575,945,1520
2018-08-10T08:45:00+09:00,J4,579,813,1392
2018-08-10T09:00:00+09:00,J1,705,577,1282
2018-08-10T09:00:00+09:00,J2,559,494,1053
2018-08-10T09:00:00+09:00,J3,556,773,1329
2018-08-10T09:00:00+09:00,J4,550,678,1228
2018-08-10T09:15:00+09:00,J1,687,605,1292
2018-08-10T09:15:00+09:00,J2,556,387,943
2018-08-10T09:15:00+09:00,J3,532,694,1226
2018-08-10T09:15:00+09:00,J4,593,688,1281
2018-08-10T09:30:00+09:00,J1,629,542,1171
2018-08-10T09:30:00+09:00,J2,574,506,1080
2018-08-10T09:30:00+09:00,J3,487,673,1160
2018-08-10T09:30:00+09:00,J4,568,624,1192
2018-08-10T09:45:00+09:00,J1,565,500,1065
2018-08-10T09:45:00+09:00,J2,438,413,851
2018-08-10T09:45:00+09:00,J3,425,595,1020
2018-08-10T09:45:00+09:00,J4,515,544,1059
2018-08-10T10:00:00+09:00,J1,474,423,897
2018-08-10T10:00:00+09:00,J2,443,455,898
2018-08-10T10:00:00+09:00,J3,414,504,918
2018-08-10T10:00:00+09:00,J4,524,457,981
2018-08-10T10:15:00+09:00,J1,494,414,908
2018-08-10T10:15:00+09:00,J2,473,443,916
2018-08-10T10:15:00+09:00,J3,439,550,989
2018-08-10T10:15:00+09:00,J4,471,543,1014
2018-08-10T10:30:00+09:00,J1,463,444,907
2018-08-10T10:30:00+09:00,J2,444,477,921
2018-08-10T10:30:00+09:00,J3,582,691,1273
2018-08-10T10:30:00+09:00,J4,487,495,982
2018-08-10T10:45:00+09:00,J1,418,368,786
2018-08-10T10:45:00+09:00,J2,575,404,979
2018-08-10T10:45:00+09:00,J3,742,805,1547
2018-08-10T10:45:00+09:00,J4,466,452,918
2018-08-10T11:00:00+09:00,J1,429,433,862
2018-08-10T11:00:00+09:00,J2,556,410,966
2018-08-10T11:00:00+09:00,J3,744,772,1516
2018-08-10T11:00:00+09:00,J4,381,450,831
2018-08-10T11:15:00+09:00,J1,533,508,1041
2018-08-10T11:15:00+09:00,J2,487,404,891
2018-08-10T11:15:00+09:00,J3,661,697,1358
2018-08-10T11:15:00+09:00,J4,394,488,882
2018-08-10T11:30:00+09:00,J1,546,473,1019
2018-08-10T11:30:00+09:00,J2,507,407,914
2018-08-10T11:30:00+09:00,J3,627,700,1327
2018-08-10T11:30:00+09:00,J4,398,442,840
2018-08-10T11:45:00+09:00,J1,516,443,959
2018-08-10T11:45:00+09:00,J2,502,409,911
2018-08-10T11:45:00+09:00,J3,648,745,1393
2018-08-10T11:45:00+09:00,J4,413,495,908
2018-08-10T12:00:00+09:00,J1,528,535,1063
2018-08-10T12:00:00+09:00,J2,506,465,971
2018-08-10T12:00:00+09:00,J3,804,743,1547
2018-08-10T12:00:00+09:00,J4,466,455,921
2018-08-10T12:15:00+09:00,J1,537,574,1111
2018-08-10T12:15:00+09:00,J2,549,441,990
2018-08-10T12:15:00+09:00,J3,568,661,1229
2018-08-10T12:15:00+09:00,J4,536,469,1005
2018-08-10T12:30:00+09:00,J1,503,619,1122
2018-08-10T12:30:00+09:00,J2,536,505,1041
2018-08-10T12:30:00+09:00,J3,590,649,1239
2018-08-10T12:30:00+09:00,J4,466,531,997
2018-08-10T12:45:00+09:00,J1,562,616,1178
2018-08-10T12:45:00+09:00,J2,511,483,994
2018-08-10T12:45:00+09:00,J3,615,658,1273
2018-08-10T12:45:00+09:00,J4,529,530,1059
2018-08-10T13:00:00+09:00,J1,564,574,1138
2018-08-10T13:00:00+09:00,J2,467,494,961
2018-08-10T13:00:00+09:00,J3,588,639,1227
2018-08-10T13:00:00+09:00,J4,490,527,1017
2018-08-10T13:15:00+09:00,J1,477,580,1057
2018-08-10T13:15:00+09:00,J2,447,443,890
2018-08-10T13:15:00+09:00,J3,571,684,1255
2018-08-10T13:15:00+09:00,J4,531,501,1032
2018-08-10T13:30:00+09:00,J1,509,510,1019
2018-08-10T13:30:00+09:00,J2,448,453,901
2018-08-10T13:30:00+09:00,J3,613,600,1213
2018-08-10T13:30:00+09:00,J4,445,462,907
2018-08-10T13:45:00+09:00,J1,409,540,949
2018-08-10T13:45:00+09:00,J2,448,508,956
2018-08-10T13:45:00+09:00,J3,526,583,1109
2018-08-10T13:45:00+09:00,J4,413,460,873
2018-08-10T14:00:00+09:00,J1,442,548,990
2018-08-10T14:00:00+09:00,J2,426,439,865
2018-08-10T14:00:00+09:00,J3,551,557,1108
2018-08-10T14:00:00+09:00,J4,448,512,960
2018-08-10T14:15:00+09:00,J1,429,551,980
2018-08-10T14:15:00+09:00,J2,520,483,1003
2018-08-10T14:15:00+09:00,J3,560,597,1157
2018-08-10T14:15:00+09:00,J4,557,515,1072
2018-08-10T14:30:00+09:00,J1,405,535,940
2018-08-10T14:30:00+09:00,J2,501,523,1024
2018-08-10T14:30:00+09:00,J3,512,635,1147
2018-08-10T14:30:00+09:00,J4,545,521,1066
2018-08-10T14:45:00+09:00,J1,473,570,1043
2018-08-10T14:45:00+09:00,J2,509,452,961
2018-08-10T14:45:00+09:00,J3,527,572,1099
2018-08-10T14:45:00+09:00,J4,455,521,976
2018-08-10T15:00:00+09:00,J1,525,591,1116
2018-08-10T15:00:00+09:00,J2,450,557,1007
2018-08-10T15:00:00+09:00,J3,595,656,1251
2018-08-10T15:00:00+09:00,J4,541,530,1071
2018-08-10T15:15:00+09:00,J1,526,691,1217
2018-08-10T15:15:00+09:00,J2,566,582,1148
2018-08-10T15:15:00+09:00,J3,632,785,1417
2018-08-10T15:15:00+09:00,J4,517,531,1048
2018-08-10T15:30:00+09:00,J1,503,655,1158
2018-08-10T15:30:00+09:00,J2,539,496,1035
2018-08-10T15:30:00+09:00,J3,602,681,1283
2018-08-10T15:30:00+09:00,J4,491,532,1023
2018-08-10T15:45:00+09:00,J1,571,697,1268
2018-08-10T15:45:00+09:00,J2,613,505,1118
2018-08-10T15:45:00+09:00,J3,520,660,1180
2018-08-10T15:45:00+09:00,J4,510,507,1017
2018-08-10T16:00:00+09:00,J1,604,702,1306
2018-08-10T16:00:00+09:00,J2,713,557,1270
2018-08-10T16:00:00+09:00,J3,607,708,1315
2018-08-10T16:00:00+09:00,J4,574,480,1054
2018-08-10T16:15:00+09:00,J1,561,742,1303
2018-08-10T16:15:00+09:00,J2,742,545,1287
2018-08-10T16:15:00+09:00,J3,610,709,1319
2018-08-10T16:15:00+09:00,J4,526,567,1093
2018-08-10T16:30:00+09:00,J1,569,644,1213
2018-08-10T16:30:00+09:00,J2,713,541,1254
2018-08-10T16:30:00+09:00,J3,590,621,1211
2018-08-10T16:30:00+09:00,J4,542,540,1082
2018-08-10T16:45:00+09:00,J1,664,690,1354
2018-08-10T16:45:00+09:00,J2,760,489,1249
2018-08-10T16:45:00+09:00,J3,656,711,1367
2018-08-10T16:45:00+09:00,J4,604,533,1137
2018-08-10T17:00:00+09:00,J1,768,780,1548
2018-08-10T17:00:00+09:00,J2,776,604,1380
2018-08-10T17:00:00+09:00,J3,695,807,1502
2018-08-10T17:00:00+09:00,J4,659,573,1232
2018-08-10T17:15:00+09:00,J1,951,950,1901
2018-08-10T17:15:00+09:00,J2,854,616,1470
2018-08-10T17:15:00+09:00,J3,867,896,1763
2018-08-10T17:15:00+09:00,J4,723,644,1367
2018-08-10T17:30:00+09:00,J1,929,1021,1950
2018-08-10T17:30:00+09:00,J2,869,633,1502
2018-08-10T17:30:00+09:00,J3,897,1000,1897
2018-08-10T17:30:00+09:00,J4,729,622,1351
2018-08-10T17:45:00+09:00,J1,962,947,1909
2018-08-10T17:45:00+09:00,J2,802,678,1480
2018-08-10T17:45:00+09:00,J3,977,1013,1990
2018-08-10T17:45:00+09:00,J4,779,620,1399
2018-08-10T18:00:00+09:00,J1,936,1105,2041
2018-08-10T18:00:00+09:00,J2,825,647,1472
2018-08-10T18:00:00+09:00,J3,1003,959,1962
2018-08-10T18:00:00+09:00,J4,779,582,1361
2018-08-10T18:15:00+09:00,J1,878,1040,1918
2018-08-10T18:15:00+09:00,J2,877,615,1492
2018-08-10T18:15:00+09:00,J3,974,878,1852
2018-08-10T18:15:00+09:00,J4,874,573,1447
2018-08-10T18:30:00+09:00,J1,915,945,1860
2018-08-10T18:30:00+09:00,J2,785,627,1412
2018-08-10T18:30:00+09:00,J3,886,814,1700
2018-08-10T18:30:00+09:00,J4,758,490,1248
2018-08-10T18:45:00+09:00,J1,834,827,1661
2018-08-10T18:45:00+09:00,J2,732,555,1287
2018-08-10T18:45:00+09:00,J3,818,784,1602
2018-08-10T18:45:00+09:00,J4,639,512,1151
2018-08-10T19:00:00+09:00,J1,636,737,1373
2018-08-10T19:00:00+09:00,J2,723,607,1330
2018-08-10T19:00:00+09:00,J3,899,779,1678
2018-08-10T19:00:00+09:00,J4,642,565,1207
2018-08-10T19:15:00+09:00,J1,638,684,1322
2018-08-10T19:15:00+09:00,J2,670,624,1294
2018-08-10T19:15:00+09:00,J3,975,858,1833
2018-08-10T19:15:00+09:00,J4,609,556,1165
2018-08-10T19:30:00+09:00,J1,541,675,1216
2018-08-10T19:30:00+09:00,J2,582,548,1130
2018-08-10T19:30:00+09:00,J3,908,829,1737
2018-08-10T19:30:00+09:00,J4,740,642,1382
2018-08-10T19:45:00+09:00,J1,537,697,1234
2018-08-10T19:45:00+09:00,J2,526,472,998
2018-08-10T19:45:00+09:00,J3,852,807,1659
2018-08-10T19:45:00+09:00,J4,741,671,1412
2018-08-10T20:00:00+09:00,J1,570,628,1198
2018-08-10T20:00:00+09:00,J2,502,444,946
2018-08-10T20:00:00+09:00,J3,902,836,1738
2018-08-10T20:00:00+09:00,J4,814,664,1478
2018-08-10T20:15:00+09:00,J1,579,610,1189
2018-08-10T20:15:00+09:00,J2,473,456,929
2018-08-10T20:15:00+09:00,J3,768,759,1527
2018-08-10T20:15:00+09:00,J4,749,710,1459
2018-08-10T20:30:00+09:00,J1,487,588,1075
2018-08-10T20:30:00+09:00,J2,469,410,879
2018-08-10T20:30:00+09:00,J3,724,641,1365
2018-08-10T20:30:00+09:00,J4,662,563,1225
2018-08-10T20:45:00+09:00,J1,452,513,965
2018-08-10T20:45:00+09:00,J2,526,396,922
2018-08-10T20:45:00+09:00,J3,682,550,1232
2018-08-10T20:45:00+09:00,J4,659,562,1221
2018-08-10T21:00:00+09:00,J1,601,690,1291
2018-08-10T21:00:00+09:00,J2,562,461,1023
2018-08-10T21:00:00+09:00,J3,672,655,1327
2018-08-10T21:00:00+09:00,J4,708,643,1351
2018-08-10T21:15:00+09:00,J1,568,803,1371
2018-08-10T21:15:00+09:00,J2,515,510,1025
2018-08-10T21:15:00+09:00,J3,712,722,1434
2018-08-10T21:15:00+09:00,J4,759,638,1397
2018-08-10T21:30:00+09:00,J1,592,719,1311
2018-08-10T21:30:00+09:00,J2,537,471,1008
2018-08-10T21:30:00+09:00,J3,669,663,1332
2018-08-10T21:30:00+09:00,J4,679,581,1260
2018-08-10T21:45:00+09:00,J1,543,652,1195
2018-08-10T21:45:00+09:00,J2,464,417,881
2018-08-10T21:45:00+09:00,J3,551,535,1086
2018-08-10T21:45:00+09:00,J4,703,640,1343
2018-08-10T22:00:00+09:00,J1,479,637,1116
2018-08-10T22:00:00+09:00,J2,458,350,808
2018-08-10T22:00:00+09:00,J3,507,457,964
2018-08-10T22:00:00+09:00,J4,650,617,1267
2018-08-10T22:15:00+09:00,J1,467,601,1068
2018-08-10T22:15:00+09:00,J2,408,352,760
2018-08-10T22:15:00+09:00,J3,496,481,977
2018-08-10T22:15:00+09:00,J4,621,538,1159
2018-08-10T22:30:00+09:00,J1,490,598,1088
2018-08-10T22:30:00+09:00,J2,426,319,745
2018-08-10T22:30:00+09:00,J3,515,546,1061
2018-08-10T22:30:00+09:00,J4,567,536,1103
2018-08-10T22:45:00+09:00,J1,512,614,1126
2018-08-10T22:45:00+09:00,J2,419,377,796
2018-08-10T22:45:00+09:00,J3,514,528,1042
2018-08-10T22:45:00+09:00,J4,536,510,1046
2018-08-10T23:00:00+09:00,J1,426,540,966
2018-08-10T23:00:00+09:00,J2,424,421,845
2018-08-10T23:00:00+09:00,J3,528,540,1068
2018-08-10T23:00:00+09:00,J4,570,594,1164
2018-08-10T23:15:00+09:00,J1,428,534,962
2018-08-10T23:15:00+09:00,J2,361,358,719
2018-08-10T23:15:00+09:00,J3,489,544,1033
2018-08-10T23:15:00+09:00,J4,558,582,1140
2018-08-10T23:30:00+09:00,J1,472,590,1062
2018-08-10T23:30:00+09:00,J2,323,455,778
2018-08-10T23:30:00+09:00,J3,570,584,1154
2018-08-10T23:30:00+09:00,J4,574,576,1150
2018-08-10T23:45:00+09:00,J1,379,435,814
2018-08-10T23:45:00+09:00,J2,322,289,611
2018-08-10T23:45:00+09:00,J3,449,466,915
2018-08-10T23:45:00+09:00,J4,459,415,874
2018-08-11T00:00:00+09:00,J1,334,297,631
2018-08-11T00:00:00+09:00,J2,321,296,617
2018-08-11T00:00:00+09:00,J3,489,387,876
2018-08-11T00:00:00+09:00,J4,384,312,696
2018-08-11T00:15:00+09:00,J1,304,251,555
2018-08-11T00:15:00+09:00,J2,202,208,410
2018-08-11T00:15:00+09:00,J3,251,223,474
2018-08-11T00:15:00+09:00,J4,425,349,774
2018-08-11T00:30:00+09:00,J1,259,236,495
2018-08-11T00:30:00+09:00,J2,155,193,348
2018-08-11T00:30:00+09:00,J3,152,195,347
2018-08-11T00:30:00+09:00,J4,421,297,718
2018-08-11T00:45:00+09:00,J1,297,217,514
2018-08-11T00:45:00+09:00,J2,150,194,344
2018-08-11T00:45:00+09:00,J3,193,289,482
2018-08-11T00:45:00+09:00,J4,390,307,697
2018-08-11T05:45:00+09:00,J1,283,284,567
2018-08-11T05:45:00+09:00,J2,247,252,499
2018-08-11T05:45:00+09:00,J3,350,323,673
2018-08-11T05:45:00+09:00,J4,533,457,990
2018-08-11T05:45:00+09:00,J5,134,204,338
2018-08-11T06:00:00+09:00,J1,263,237,500
2018-08-11T06:00:00+09:00,J2,252,263,515
2018-08-11T06:00:00+09:00,J3,235,255,490
2018-08-11T06:00:00+09:00,J4,247,290,537
2018-08-11T06:00:00+09:00,J5,168,168,336
2018-08-11T06:15:00+09:00,J1,309,342,651
2018-08-11T06:15:00+09:00,J2,276,298,574
2018-08-11T06:15:00+09:00,J3,248,229,477
2018-08-11T06:15:00+09:00,J4,280,338,618
2018-08-11T06:15:00+09:00,J5,186,191,377
2018-08-11T06:30:00+09:00,J1,290,319,609
2018-08-11T06:30:00+09:00,J2,286,256,542
2018-08-11T06:30:00+09:00,J3,210,206,416
2018-08-11T06:30:00+09:00,J4,409,424,833
2018-08-11T06:30:00+09:00,J5,262,223,485
2018-08-11T06:45:00+09:00,J1,375,347,722
2018-08-11T06:45:00+09:00,J2,255,317,572
2018-08-11T06:45:00+09:00,J3,224,179,403
2018-08-11T06:45:00+09:00,J4,488,455,943
2018-08-11T06:45:00+09:00,J5,196,259,455
2018-08-11T07:00:00+09:00,J1,338,407,745
2018-08-11T07:00:00+09:00,J2,262,240,502
2018-08-11T07:00:00+09:00,J3,261,223,484
2018-08-11T07:00:00+09:00,J4,589,605,1194
2018-08-11T07:00:00+09:00,J5,246,256,502
2018-08-11T07:15:00+09:00,J1,388,314,702
2018-08-11T07:15:00+09:00,J2,283,233,516
2018-08-11T07:15:00+09:00,J3,267,246,513
2018-08-11T07:15:00+09:00,J4,436,500,936
2018-08-11T07:15:00+09:00,J5,221,251,472
2018-08-11T07:30:00+09:00,J1,351,369,720
2018-08-11T07:30:00+09:00,J2,258,235,493
2018-08-11T07:30:00+09:00,J3,277,270,547
2018-08-11T07:30:00+09:00,J4,443,430,873
2018-08-11T07:30:00+09:00,J5,227,267,494
2018-08-11T07:45:00+09:00,J1,374,368,742
2018-08-11T07:45:00+09:00,J2,264,266,530
2018-08-11T07:45:00+09:00,J3,252,269,521
2018-08-11T07:45:00+09:00,J4,357,426,783
2018-08-11T07:45:00+09:00,J5,267,261,528
2018-08-11T08:00:00+09:00,J1,456,425,881
2018-08-11T08:00:00+09:00,J2,256,261,517
2018-08-11T08:00:00+09:00,J3,473,387,860
2018-08-11T08:00:00+09:00,J4,372,465,837
2018-08-11T08:00:00+09:00,J5,297,330,627
2018-08-11T08:15:00+09:00,J1,502,455,957
2018-08-11T08:15:00+09:00,J2,299,238,537
2018-08-11T08:15:00+09:00,J3,479,377,856
2018-08-11T08:15:00+09:00,J4,308,416,724
2018-08-11T08:15:00+09:00,J5,325,352,677
2018-08-11T08:30:00+09:00,J1,475,414,889
2018-08-11T08:30:00+09:00,J2,260,259,519
2018-08-11T08:30:00+09:00,J3,417,375,792
2018-08-11T08:30:00+09:00,J4,332,421,753
2018-08-11T08:30:00+09:00,J5,343,326,669
2018-08-11T08:45:00+09:00,J1,463,437,900
2018-08-11T08:45:00+09:00,J2,254,223,477
2018-08-11T08:45:00+09:00,J3,490,380,870
2018-08-11T08:45:00+09:00,J4,306,332,638
2018-08-11T08:45:00+09:00,J5,246,301,547
2018-08-11T09:00:00+09:00,J1,440,458,898
2018-08-11T09:00:00+09:00,J2,267,265,532
2018-08-11T09:00:00+09:00,J3,409,367,776
2018-08-11T09:00:00+09:00,J4,271,357,628
2018-08-11T09:00:00+09:00,J5,324,315,639
2018-08-11T09:15:00+09:00,J1,465,449,914
2018-08-11T09:15:00+09:00,J2,282,249,531
2018-08-11T09:15:00+09:00,J3,490,370,860
2018-08-11T09:15:00+09:00,J4,334,386,720
2018-08-11T09:15:00+09:00,J5,300,362,662
2018-08-11T09:30:00+09:00,J1,491,489,980
2018-08-11T09:30:00+09:00,J2,283,317,600
2018-08-11T09:30:00+09:00,J3,560,448,1008
2018-08-11T09:30:00+09:00,J4,480,447,927
2018-08-11T09:30:00+09:00,J5,223,173,396
2018-08-11T09:45:00+09:00,J1,539,461,1000
2018-08-11T09:45:00+09:00,J2,267,324,591
2018-08-11T09:45:00+09:00,J3,533,443,976
2018-08-11T09:45:00+09:00,J4,480,424,904
2018-08-11T09:45:00+09:00,J5,398,407,805
2018-08-11T10:00:00+09:00,J1,464,492,956
2018-08-11T10:00:00+09:00,J2,299,300,599
2018-08-11T10:00:00+09:00,J3,613,414,1027
2018-08-11T10:00:00+09:00,J4,486,486,972
2018-08-11T10:00:00+09:00,J5,330,401,731
2018-08-11T10:15:00+09:00,J1,496,525,1021
2018-08-11T10:15:00+09:00,J2,290,332,622
2018-08-11T10:15:00+09:00,J3,600,465,1065
2018-08-11T10:15:00+09:00,J4,529,525,1054
2018-08-11T10:15:00+09:00,J5,408,367,775
2018-08-11T10:30:00+09:00,J1,526,462,988
2018-08-11T10:30:00+09:00,J2,304,346,650
2018-08-11T10:30:00+09:00,J3,625,502,1127
2018-08-11T10:30:00+09:00,J4,534,544,1078
2018-08-11T10:30:00+09:00,J5,363,324,687
2018-08-11T10:45:00+09:00,J1,521,503,1024
2018-08-11T10:45:00+09:00,J2,370,357,727
2018-08-11T10:45:00+09:00,J3,643,606,1249
2018-08-11T10:45:00+09:00,J4,589,659,1248
2018-08-11T10:45:00+09:00,J5,288,249,537
2018-08-11T11:00:00+09:00,J1,558,587,1145
2018-08-11T11:00:00+09:00,J2,410,342,752
2018-08-11T11:00:00+09:00,J3,627,551,1178
2018-08-11T11:00:00+09:00,J4,561,593,1154
2018-08-11T11:00:00+09:00,J5,399,392,791
2018-08-11T11:15:00+09:00,J1,619,601,1220
2018-08-11T11:15:00+09:00,J2,486,397,883
2018-08-11T11:15:00+09:00,J3,644,619,1263
2018-08-11T11:15:00+09:00,J4,650,796,1446
2018-08-11T11:15:00+09:00,J5,364,398,762
2018-08-11T11:30:00+09:00,J1,624,661,1285
2018-08-11T11:30:00+09:00,J2,502,416,918
2018-08-11T11:30:00+09:00,J3,625,635,1260
2018-08-11T11:30:00+09:00,J4,691,823,1514
2018-08-11T11:30:00+09:00,J5,339,328,667
2018-08-11T11:45:00+09:00,J1,611,636,1247
2018-08-11T11:45:00+09:00,J2,512,399,911
2018-08-11T11:45:00+09:00,J3,610,612,1222
2018-08-11T11:45:00+09:00,J4,702,675,1377
2018-08-11T11:45:00+09:00,J5,379,349,728
2018-08-11T12:00:00+09:00,J1,629,652,1281
2018-08-11T12:00:00+09:00,J2,508,417,925
2018-08-11T12:00:00+09:00,J3,647,543,1190
2018-08-11T12:00:00+09:00,J4,732,611,1343
2018-08-11T12:00:00+09:00,J5,402,362,764
2018-08-11T12:15:00+09:00,J1,632,675,1307
2018-08-11T12:15:00+09:00,J2,489,386,875
2018-08-11T12:15:00+09:00,J3,649,618,1267
2018-08-11T12:15:00+09:00,J4,759,593,1352
2018-08-11T12:15:00+09:00,J5,407,409,816
2018-08-11T12:30:00+09:00,J1,632,646,1278
2018-08-11T12:30:00+09:00,J2,568,365,933
2018-08-11T12:30:00+09:00,J3,704,591,1295
2018-08-11T12:30:00+09:00,J4,718,671,1389
2018-08-11T12:30:00+09:00,J5,365,362,727
2018-08-11T12:45:00+09:00,J1,680,726,1406
2018-08-11T12:45:00+09:00,J2,580,365,945
2018-08-11T12:45:00+09:00,J3,644,622,1266
2018-08-11T12:45:00+09:00,J4,740,649,1389
2018-08-11T12:45:00+09:00,J5,419,436,855
2018-08-11T13:00:00+09:00,J1,692,738,1430
2018-08-11T13:00:00+09:00,J2,624,419,1043
2018-08-11T13:00:00+09:00,J3,615,556,1171
2018-08-11T13:00:00+09:00,J4,758,651,1409
2018-08-11T13:00:00+09:00,J5,413,446,859
2018-08-11T13:15:00+09:00,J1,707,753,1460
2018-08-11T13:15:00+09:00,J2,681,431,1112
2018-08-11T13:15:00+09:00,J3,660,660,1320
2018-08-11T13:15:00+09:00,J4,831,645,1476
2018-08-11T13:15:00+09:00,J5,410,402,812
2018-08-11T13:30:00+09:00,J1,731,771,1502
2018-08-11T13:30:00+09:00,J2,682,474,1156
2018-08-11T13:30:00+09:00,J3,611,601,1212
2018-08-11T13:30:00+09:00,J4,718,664,1382
2018-08-11T13:30:00+09:00,J5,400,381,781
2018-08-11T13:45:00+09:00,J1,670,721,1391
2018-08-11T13:45:00+09:00,J2,614,449,1063
2018-08-11T13:45:00+09:00,J3,578,590,1168
2018-08-11T13:45:00+09:00,J4,658,629,1287
2018-08-11T13:45:00+09:00,J5,392,385,777
2018-08-11T14:00:00+09:00,J1,601,817,1418
2018-08-11T14:00:00+09:00,J2,571,460,1031
2018-08-11T14:00:00+09:00,J3,546,612,1158
2018-08-11T14:00:00+09:00,J4,679,600,1279
2018-08-11T14:00:00+09:00,J5,376,326,702
2018-08-11T14:15:00+09:00,J1,692,844,1536
2018-08-11T14:15:00+09:00,J2,608,479,1087
2018-08-11T14:15:00+09:00,J3,556,586,1142
2018-08-11T14:15:00+09:00,J4,737,602,1339
2018-08-11T14:15:00+09:00,J5,414,378,792
2018-08-11T14:30:00+09:00,J1,677,787,1464
2018-08-11T14:30:00+09:00,J2,621,464,1085
2018-08-11T14:30:00+09:00,J3,616,555,1171
2018-08-11T14:30:00+09:00,J4,716,633,1349
2018-08-11T14:30:00+09:00,J5,438,354,792
2018-08-11T14:45:00+09:00,J1,684,787,1471
2018-08-11T14:45:00+09:00,J2,698,502,1200
2018-08-11T14:45:00+09:00,J3,606,601,1207
2018-08-11T14:45:00+09:00,J4,644,633,1277
2018-08-11T14:45:00+09:00,J5,421,367,788
2018-08-11T15:00:00+09:00,J1,666,795,1461
2018-08-11T15:00:00+09:00,J2,578,521,1099
2018-08-11T15:00:00+09:00,J3,585,527,1112
2018-08-11T15:00:00+09:00,J4,712,672,1384
2018-08-11T15:00:00+09:00,J5,367,328,695
2018-08-11T15:15:00+09:00,J1,653,833,1486
2018-08-11T15:15:00+09:00,J2,530,461,991
2018-08-11T15:15:00+09:00,J3,552,580,1132
2018-08-11T15:15:00+09:00,J4,808,714,1522
2018-08-11T15:15:00+09:00,J5,411,385,796
2018-08-11T15:30:00+09:00,J1,637,742,1379
2018-08-11T15:30:00+09:00,J2,554,415,969
2018-08-11T15:30:00+09:00,J3,508,581,1089
2018-08-11T15:30:00+09:00,J4,695,682,1377
2018-08-11T15:30:00+09:00,J5,377,355,732
2018-08-11T15:45:00+09:00,J1,714,786,1500
2018-08-11T15:45:00+09:00,J2,624,475,1099
2018-08-11T15:45:00+09:00,J3,548,604,1152
2018-08-11T15:45:00+09:00,J4,668,697,1365
2018-08-11T15:45:00+09:00,J5,378,353,731
2018-08-11T16:00:00+09:00,J1,665,742,1407
2018-08-11T16:00:00+09:00,J2,543,388,931
2018-08-11T16:00:00+09:00,J3,533,519,1052
2018-08-11T16:00:00+09:00,J4,707,671,1378
2018-08-11T16:00:00+09:00,J5,365,353,718
2018-08-11T16:15:00+09:00,J1,632,725,1357
2018-08-11T16:15:00+09:00,J2,566,472,1038
2018-08-11T16:15:00+09:00,J3,615,597,1212
2018-08-11T16:15:00+09:00,J4,684,640,1324
2018-08-11T16:15:00+09:00,J5,334,322,656
2018-08-11T16:30:00+09:00,J1,677,714,1391
2018-08-11T16:30:00+09:00,J2,582,458,1040
2018-08-11T16:30:00+09:00,J3,524,499,1023
2018-08-11T16:30:00+09:00,J4,584,621,1205
2018-08-11T16:30:00+09:00,J5,353,364,717
2018-08-11T16:45:00+09:00,J1,570,702,1272
2018-08-11T16:45:00+09:00,J2,577,382,959
2018-08-11T16:45:00+09:00,J3,569,530,1099
2018-08-11T16:45:00+09:00,J4,617,574,1191
2018-08-11T16:45:00+09:00,J5,387,389,776
2018-08-11T17:00:00+09:00,J1,604,742,1346
2018-08-11T17:00:00+09:00,J2,555,409,964
2018-08-11T17:00:00+09:00,J3,558,543,1101
2018-08-11T17:00:00+09:00,J4,509,626,1135
2018-08-11T17:00:00+09:00,J5,360,338,698
2018-08-11T17:15:00+09:00,J1,737,888,1625
2018-08-11T17:15:00+09:00,J2,711,495,1206
2018-08-11T17:15:00+09:00,J3,792,690,1482
2018-08-11T17:15:00+09:00,J4,682,580,1262
2018-08-11T17:15:00+09:00,J5,421,368,789
2018-08-11T17:30:00+09:00,J1,804,915,1719
2018-08-11T17:30:00+09:00,J2,688,511,1199
2018-08-11T17:30:00+09:00,J3,747,670,1417
2018-08-11T17:30:00+09:00,J4,634,607,1241
2018-08-11T17:30:00+09:00,J5,376,368,744
2018-08-11T17:45:00+09:00,J1,718,804,1522
2018-08-11T17:45:00+09:00,J2,670,460,1130
2018-08-11T17:45:00+09:00,J3,725,644,1369
2018-08-11T17:45:00+09:00,J4,591,624,1215
2018-08-11T17:45:00+09:00,J5,413,333,746
2018-08-11T18:00:00+09:00,J1,766,848,1614
2018-08-11T18:00:00+09:00,J2,660,518,1178
2018-08-11T18:00:00+09:00,J3,718,654,1372
2018-08-11T18:00:00+09:00,J4,692,593,1285
2018-08-11T18:00:00+09:00,J5,420,373,793
2018-08-11T18:15:00+09:00,J1,756,770,1526
2018-08-11T18:15:00+09:00,J2,667,477,1144
2018-08-11T18:15:00+09:00,J3,732,649,1381
2018-08-11T18:15:00+09:00,J4,669,602,1271
2018-08-11T18:15:00+09:00,J5,447,386,833
2018-08-11T18:30:00+09:00,J1,615,736,1351
2018-08-11T18:30:00+09:00,J2,582,450,1032
2018-08-11T18:30:00+09:00,J3,730,665,1395
2018-08-11T18:30:00+09:00,J4,706,582,1288
2018-08-11T18:30:00+09:00,J5,391,367,758
2018-08-11T18:45:00+09:00,J1,646,679,1325
2018-08-11T18:45:00+09:00,J2,589,419,1008
2018-08-11T18:45:00+09:00,J3,671,646,1317
2018-08-11T18:45:00+09:00,J4,724,573,1297
2018-08-11T18:45:00+09:00,J5,425,372,797
2018-08-11T19:00:00+09:00,J1,564,630,1194
2018-08-11T19:00:00+09:00,J2,481,438,919
2018-08-11T19:00:00+09:00,J3,683,589,1272
2018-08-11T19:00:00+09:00,J4,704,563,1267
2018-08-11T19:00:00+09:00,J5,474,424,898
2018-08-11T19:15:00+09:00,J1,551,685,1236
2018-08-11T19:15:00+09:00,J2,488,426,914
2018-08-11T19:15:00+09:00,J3,683,698,1381
2018-08-11T19:15:00+09:00,J4,824,616,1440
2018-08-11T19:15:00+09:00,J5,465,436,901
2018-08-11T19:30:00+09:00,J1,581,666,1247
2018-08-11T19:30:00+09:00,J2,450,415,865
2018-08-11T19:30:00+09:00,J3,693,645,1338
2018-08-11T19:30:00+09:00,J4,747,627,1374
2018-08-11T19:30:00+09:00,J5,468,443,911
2018-08-11T19:45:00+09:00,J1,531,642,1173
2018-08-11T19:45:00+09:00,J2,440,410,850
2018-08-11T19:45:00+09:00,J3,652,588,1240
2018-08-11T19:45:00+09:00,J4,694,572,1266
2018-08-11T19:45:00+09:00,J5,423,393,816
2018-08-11T20:00:00+09:00,J1,531,683,1214
2018-08-11T20:00:00+09:00,J2,495,389,884
2018-08-11T20:00:00+09:00,J3,697,628,1325
2018-08-11T20:00:00+09:00,J4,723,659,1382
2018-08-11T20:00:00+09:00,J5,383,378,761
2018-08-11T20:15:00+09:00,J1,565,710,1275
2018-08-11T20:15:00+09:00,J2,494,403,897
2018-08-11T20:15:00+09:00,J3,669,585,1254
2018-08-11T20:15:00+09:00,J4,689,571,1260
2018-08-11T20:15:00+09:00,J5,419,415,834
2018-08-11T20:30:00+09:00,J1,625,661,1286
2018-08-11T20:30:00+09:00,J2,500,365,865
2018-08-11T20:30:00+09:00,J3,711,541,1252
2018-08-11T20:30:00+09:00,J4,723,635,1358
2018-08-11T20:30:00+09:00,J5,438,422,860
2018-08-11T20:45:00+09:00,J1,567,662,1229
2018-08-11T20:45:00+09:00,J2,474,390,864
2018-08-11T20:45:00+09:00,J3,536,517,1053
2018-08-11T20:45:00+09:00,J4,668,630,1298
2018-08-11T20:45:00+09:00,J5,463,440,903
2018-08-11T21:00:00+09:00,J1,560,596,1156
2018-08-11T21:00:00+09:00,J2,514,373,887
2018-08-11T21:00:00+09:00,J3,520,507,1027
2018-08-11T21:00:00+09:00,J4,695,607,1302
2018-08-11T21:00:00+09:00,J5,488,519,1007
2018-08-11T21:15:00+09:00,J1,514,605,1119
2018-08-11T21:15:00+09:00,J2,484,352,836
2018-08-11T21:15:00+09:00,J3,507,461,968
2018-08-11T21:15:00+09:00,J4,654,574,1228
2018-08-11T21:15:00+09:00,J5,448,483,931
2018-08-11T21:30:00+09:00,J1,497,512,1009
2018-08-11T21:30:00+09:00,J2,444,317,761
2018-08-11T21:30:00+09:00,J3,428,421,849
2018-08-11T21:30:00+09:00,J4,566,506,1072
2018-08-11T21:30:00+09:00,J5,476,408,884
2018-08-11T21:45:00+09:00,J1,454,451,905
2018-08-11T21:45:00+09:00,J2,402,366,768
2018-08-11T21:45:00+09:00,J3,466,401,867
2018-08-11T21:45:00+09:00,J4,554,559,1113
2018-08-11T21:45:00+09:00,J5,425,362,787
2018-08-11T22:00:00+09:00,J1,444,499,943
2018-08-11T22:00:00+09:00,J2,351,315,666
2018-08-11T22:00:00+09:00,J3,417,382,799
2018-08-11T22:00:00+09:00,J4,547,493,1040
2018-08-11T22:00:00+09:00,J5,407,396,803
2018-08-11T22:15:00+09:00,J1,437,524,961
2018-08-11T22:15:00+09:00,J2,336,386,722
2018-08-11T22:15:00+09:00,J3,438,460,898
2018-08-11T22:15:00+09:00,J4,507,441,948
2018-08-11T22:15:00+09:00,J5,375,362,737
2018-08-11T22:30:00+09:00,J1,374,452,826
2018-08-11T22:30:00+09:00,J2,318,331,649
2018-08-11T22:30:00+09:00,J3,431,469,900
2018-08-11T22:30:00+09:00,J4,466,478,944
2018-08-11T22:30:00+09:00,J5,413,374,787
2018-08-11T22:45:00+09:00,J1,406,482,888
2018-08-11T22:45:00+09:00,J2,273,367,640
2018-08-11T22:45:00+09:00,J3,459,418,877
2018-08-11T22:45:00+09:00,J4,476,453,929
2018-08-11T22:45:00+09:00,J5,259,227,486
2018-08-11T23:00:00+09:00,J1,379,429,808
2018-08-11T23:00:00+09:00,J2,327,344,671
2018-08-11T23:00:00+09:00,J3,475,421,896
2018-08-11T23:00:00+09:00,J4,478,413,891
2018-08-11T23:00:00+09:00,J5,145,105,250
2018-08-11T23:15:00+09:00,J1,372,400,772
2018-08-11T23:15:00+09:00,J2,246,291,537
2018-08-11T23:15:00+09:00,J3,412,408,820
2018-08-11T23:15:00+09:00,J4,448,437,885
2018-08-11T23:15:00+09:00,J5,164,108,272
2018-08-11T23:30:00+09:00,J1,373,419,792
2018-08-11T23:30:00+09:00,J2,307,386,693
2018-08-11T23:30:00+09:00,J3,384,412,796
2018-08-11T23:30:00+09:00,J4,428,439,867
2018-08-11T23:30:00+09:00,J5,159,124,283
2018-08-11T23:45:00+09:00,J1,334,361,695
2018-08-11T23:45:00+09:00,J2,241,319,560
2018-08-11T23:45:00+09:00,J3,382,422,804
2018-08-11T23:45:00+09:00,J4,380,351,731
2018-08-11T23:45:00+09:00,J5,145,109,254
2018-08-12T00:00:00+09:00,J1,302,343,645
2018-08-12T00:00:00+09:00,J2,206,287,493
2018-08-12T00:00:00+09:00,J3,374,327,701
2018-08-12T00:00:00+09:00,J4,371,329,700
2018-08-12T00:00:00+09:00,J5,186,117,303
2018-08-12T00:15:00+09:00,J1,245,229,474
2018-08-12T00:15:00+09:00,J2,213,239,452
2018-08-12T00:15:00+09:00,J3,219,169,388
2018-08-12T00:15:00+09:00,J4,279,255,534
2018-08-12T00:15:00+09:00,J5,285,259,544
2018-08-12T00:30:00+09:00,J1,252,274,526
2018-08-12T00:30:00+09:00,J2,171,190,361
2018-08-12T00:30:00+09:00,J3,232,178,410
2018-08-12T00:30:00+09:00,J4,235,250,485
2018-08-12T00:30:00+09:00,J5,295,365,660
2018-08-12T00:45:00+09:00,J1,247,287,534
2018-08-12T00:45:00+09:00,J2,167,200,367
2018-08-12T00:45:00+09:00,J3,214,236,450
2018-08-12T00:45:00+09:00,J4,211,216,427
2018-08-12T00:45:00+09:00,J5,222,335,557
2018-08-12T05:45:00+09:00,J1,283,243,526
2018-08-12T05:45:00+09:00,J2,263,240,503
2018-08-12T05:45:00+09:00,J3,287,263,550
2018-08-12T05:45:00+09:00,J4,318,353,671
2018-08-12T05:45:00+09:00,J5,155,168,323
2018-08-12T06:00:00+09:00,J1,281,286,567
2018-08-12T06:00:00+09:00,J2,123,161,284
2018-08-12T06:00:00+09:00,J3,242,194,436
2018-08-12T06:00:00+09:00,J4,265,295,560
2018-08-12T06:00:00+09:00,J5,194,218,412
2018-08-12T06:15:00+09:00,J1,295,282,577
2018-08-12T06:15:00+09:00,J2,200,195,395
2018-08-12T06:15:00+09:00,J3,224,210,434
2018-08-12T06:15:00+09:00,J4,412,409,821
2018-08-12T06:15:00+09:00,J5,181,196,377
2018-08-12T06:30:00+09:00,J1,308,252,560
2018-08-12T06:30:00+09:00,J2,217,228,445
2018-08-12T06:30:00+09:00,J3,222,212,434
2018-08-12T06:30:00+09:00,J4,535,537,1072
2018-08-12T06:30:00+09:00,J5,245,219,464
2018-08-12T06:45:00+09:00,J1,282,272,554
2018-08-12T06:45:00+09:00,J2,238,227,465
2018-08-12T06:45:00+09:00,J3,196,181,377
2018-08-12T06:45:00+09:00,J4,334,380,714
2018-08-12T06:45:00+09:00,J5,254,245,499
2018-08-12T07:00:00+09:00,J1,329,324,653
2018-08-12T07:00:00+09:00,J2,203,184,387
2018-08-12T07:00:00+09:00,J3,223,200,423
2018-08-12T07:00:00+09:00,J4,341,406,747
2018-08-12T07:00:00+09:00,J5,229,269,498
2018-08-12T07:15:00+09:00,J1,312,266,578
2018-08-12T07:15:00+09:00,J2,220,217,437
2018-08-12T07:15:00+09:00,J3,247,234,481
2018-08-12T07:15:00+09:00,J4,414,380,794
2018-08-12T07:15:00+09:00,J5,197,245,442
2018-08-12T07:30:00+09:00,J1,348,331,679
2018-08-12T07:30:00+09:00,J2,283,231,514
2018-08-12T07:30:00+09:00,J3,218,233,451
2018-08-12T07:30:00+09:00,J4,314,367,681
2018-08-12T07:30:00+09:00,J5,217,306,523
2018-08-12T07:45:00+09:00,J1,402,352,754
2018-08-12T07:45:00+09:00,J2,238,214,452
2018-08-12T07:45:00+09:00,J3,236,219,455
2018-08-12T07:45:00+09:00,J4,265,276,541
2018-08-12T07:45:00+09:00,J5,245,282,527
2018-08-12T08:00:00+09:00,J1,510,455,965
2018-08-12T08:00:00+09:00,J2,267,242,509
2018-08-12T08:00:00+09:00,J3,512,319,831
2018-08-12T08:00:00+09:00,J4,260,364,624
2018-08-12T08:00:00+09:00,J5,275,327,602
2018-08-12T08:15:00+09:00,J1,537,421,958
2018-08-12T08:15:00+09:00,J2,292,271,563
2018-08-12T08:15:00+09:00,J3,444,329,773
2018-08-12T08:15:00+09:00,J4,358,398,756
2018-08-12T08:15:00+09:00,J5,295,328,623
2018-08-12T08:30:00+09:00,J1,502,447,949
2018-08-12T08:30:00+09:00,J2,248,258,506
2018-08-12T08:30:00+09:00,J3,463,373,836
2018-08-12T08:30:00+09:00,J4,397,496,893
2018-08-12T08:30:00+09:00,J5,324,300,624
2018-08-12T08:45:00+09:00,J1,424,439,863
2018-08-12T08:45:00+09:00,J2,229,230,459
2018-08-12T08:45:00+09:00,J3,509,335,844
2018-08-12T08:45:00+09:00,J4,390,379,769
2018-08-12T08:45:00+09:00,J5,327,371,698
2018-08-12T09:00:00+09:00,J1,375,365,740
2018-08-12T09:00:00+09:00,J2,259,267,526
2018-08-12T09:00:00+09:00,J3,486,349,835
2018-08-12T09:00:00+09:00,J4,365,374,739
2018-08-12T09:00:00+09:00,J5,337,356,693
2018-08-12T09:15:00+09:00,J1,444,378,822
2018-08-12T09:15:00+09:00,J2,279,283,562
2018-08-12T09:15:00+09:00,J3,540,378,918
2018-08-12T09:15:00+09:00,J4,384,422,806
2018-08-12T09:15:00+09:00,J5,336,364,700
2018-08-12T09:30:00+09:00,J1,397,418,815
2018-08-12T09:30:00+09:00,J2,257,287,544
2018-08-12T09:30:00+09:00,J3,506,364,870
2018-08-12T09:30:00+09:00,J4,455,511,966
2018-08-12T09:30:00+09:00,J5,389,397,786
2018-08-12T09:45:00+09:00,J1,434,454,888
2018-08-12T09:45:00+09:00,J2,277,316,593
2018-08-12T09:45:00+09:00,J3,665,460,1125
2018-08-12T09:45:00+09:00,J4,571,662,1233
2018-08-12T09:45:00+09:00,J5,346,237,583
2018-08-12T10:00:00+09:00,J1,477,437,914
2018-08-12T10:00:00+09:00,J2,340,306,646
2018-08-12T10:00:00+09:00,J3,701,517,1218
2018-08-12T10:00:00+09:00,J4,619,724,1343
2018-08-12T10:00:00+09:00,J5,335,293,628
2018-08-12T10:15:00+09:00,J1,501,456,957
2018-08-12T10:15:00+09:00,J2,356,317,673
2018-08-12T10:15:00+09:00,J3,612,507,1119
2018-08-12T10:15:00+09:00,J4,594,655,1249
2018-08-12T10:15:00+09:00,J5,402,348,750
2018-08-12T10:30:00+09:00,J1,483,457,940
2018-08-12T10:30:00+09:00,J2,458,365,823
2018-08-12T10:30:00+09:00,J3,548,455,1003
2018-08-12T10:30:00+09:00,J4,578,634,1212
2018-08-12T10:30:00+09:00,J5,227,173,400
2018-08-12T10:45:00+09:00,J1,471,438,909
2018-08-12T10:45:00+09:00,J2,485,308,793
2018-08-12T10:45:00+09:00,J3,562,538,1100
2018-08-12T10:45:00+09:00,J4,614,579,1193
2018-08-12T10:45:00+09:00,J5,329,274,603
2018-08-12T11:00:00+09:00,J1,527,494,1021
2018-08-12T11:00:00+09:00,J2,421,398,819
2018-08-12T11:00:00+09:00,J3,564,511,1075
2018-08-12T11:00:00+09:00,J4,596,565,1161
2018-08-12T11:00:00+09:00,J5,293,287,580
2018-08-12T11:15:00+09:00,J1,598,504,1102
2018-08-12T11:15:00+09:00,J2,498,428,926
2018-08-12T11:15:00+09:00,J3,627,597,1224
2018-08-12T11:15:00+09:00,J4,524,558,1082
2018-08-12T11:15:00+09:00,J5,446,428,874
2018-08-12T11:30:00+09:00,J1,635,524,1159
2018-08-12T11:30:00+09:00,J2,542,446,988
2018-08-12T11:30:00+09:00,J3,632,624,1256
2018-08-12T11:30:00+09:00,J4,655,661,1316
2018-08-12T11:30:00+09:00,J5,415,441,856
2018-08-12T11:45:00+09:00,J1,619,607,1226
2018-08-12T11:45:00+09:00,J2,614,341,955
2018-08-12T11:45:00+09:00,J3,687,551,1238
2018-08-12T11:45:00+09:00,J4,591,580,1171
2018-08-12T11:45:00+09:00,J5,310,273,583
2018-08-12T12:00:00+09:00,J1,641,589,1230
2018-08-12T12:00:00+09:00,J2,501,389,890
2018-08-12T12:00:00+09:00,J3,631,566,1197
2018-08-12T12:00:00+09:00,J4,622,547,1169
2018-08-12T12:00:00+09:00,J5,439,434,873
2018-08-12T12:15:00+09:00,J1,627,601,1228
2018-08-12T12:15:00+09:00,J2,509,374,883
2018-08-12T12:15:00+09:00,J3,629,610,1239
2018-08-12T12:15:00+09:00,J4,601,578,1179
2018-08-12T12:15:00+09:00,J5,468,407,875
2018-08-12T12:30:00+09:00,J1,553,565,1118
2018-08-12T12:30:00+09:00,J2,554,407,961
2018-08-12T12:30:00+09:00,J3,498,528,1026
2018-08-12T12:30:00+09:00,J4,615,563,1178
2018-08-12T12:30:00+09:00,J5,333,282,615
2018-08-12T12:45:00+09:00,J1,485,544,1029
2018-08-12T12:45:00+09:00,J2,485,396,881
2018-08-12T12:45:00+09:00,J3,543,472,1015
2018-08-12T12:45:00+09:00,J4,614,564,1178
2018-08-12T12:45:00+09:00,J5,304,287,591
2018-08-12T13:00:00+09:00,J1,450,460,910
2018-08-12T13:00:00+09:00,J2,509,374,883
2018-08-12T13:00:00+09:00,J3,536,536,1072
2018-08-12T13:00:00+09:00,J4,522,556,1078
2018-08-12T13:00:00+09:00,J5,339,316,655
2018-08-12T13:15:00+09:00,J1,501,534,1035
2018-08-12T13:15:00+09:00,J2,534,354,888
2018-08-12T13:15:00+09:00,J3,520,528,1048
2018-08-12T13:15:00+09:00,J4,599,546,1145
2018-08-12T13:15:00+09:00,J5,306,300,606
2018-08-12T13:30:00+09:00,J1,528,523,1051
2018-08-12T13:30:00+09:00,J2,489,389,878
2018-08-12T13:30:00+09:00,J3,535,503,1038
2018-08-12T13:30:00+09:00,J4,552,557,1109
2018-08-12T13:30:00+09:00,J5,262,258,520
2018-08-12T13:45:00+09:00,J1,455,471,926
2018-08-12T13:45:00+09:00,J2,501,361,862
2018-08-12T13:45:00+09:00,J3,571,546,1117
2018-08-12T13:45:00+09:00,J4,557,529,1086
2018-08-12T13:45:00+09:00,J5,503,423,926
2018-08-12T14:00:00+09:00,J1,435,461,896
2018-08-12T14:00:00+09:00,J2,472,409,881
2018-08-12T14:00:00+09:00,J3,461,499,960
2018-08-12T14:00:00+09:00,J4,553,544,1097
2018-08-12T14:00:00+09:00,J5,398,363,761
2018-08-12T14:15:00+09:00,J1,418,509,927
2018-08-12T14:15:00+09:00,J2,500,454,954
2018-08-12T14:15:00+09:00,J3,484,565,1049
2018-08-12T14:15:00+09:00,J4,613,553,1166
2018-08-12T14:15:00+09:00,J5,492,473,965
2018-08-12T14:30:00+09:00,J1,448,450,898
2018-08-12T14:30:00+09:00,J2,556,431,987
2018-08-12T14:30:00+09:00,J3,494,490,984
2018-08-12T14:30:00+09:00,J4,559,530,1089
2018-08-12T14:30:00+09:00,J5,362,324,686
2018-08-12T14:45:00+09:00,J1,410,451,861
2018-08-12T14:45:00+09:00,J2,495,381,876
2018-08-12T14:45:00+09:00,J3,486,509,995
2018-08-12T14:45:00+09:00,J4,545,591,1136
2018-08-12T14:45:00+09:00,J5,345,307,652
2018-08-12T15:00:00+09:00,J1,467,541,1008
2018-08-12T15:00:00+09:00,J2,482,503,985
2018-08-12T15:00:00+09:00,J3,481,522,1003
2018-08-12T15:00:00+09:00,J4,521,574,1095
2018-08-12T15:00:00+09:00,J5,429,375,804
2018-08-12T15:15:00+09:00,J1,542,601,1143
2018-08-12T15:15:00+09:00,J2,515,457,972
2018-08-12T15:15:00+09:00,J3,513,539,1052
2018-08-12T15:15:00+09:00,J4,502,552,1054
2018-08-12T15:15:00+09:00,J5,453,437,890
2018-08-12T15:30:00+09:00,J1,475,495,970
2018-08-12T15:30:00+09:00,J2,516,425,941
2018-08-12T15:30:00+09:00,J3,461,507,968
2018-08-12T15:30:00+09:00,J4,527,560,1087
2018-08-12T15:30:00+09:00,J5,393,385,778
2018-08-12T15:45:00+09:00,J1,565,592,1157
2018-08-12T15:45:00+09:00,J2,532,438,970
2018-08-12T15:45:00+09:00,J3,447,517,964
2018-08-12T15:45:00+09:00,J4,541,612,1153
2018-08-12T15:45:00+09:00,J5,438,361,799
2018-08-12T16:00:00+09:00,J1,587,655,1242
2018-08-12T16:00:00+09:00,J2,503,477,980
2018-08-12T16:00:00+09:00,J3,481,549,1030
2018-08-12T16:00:00+09:00,J4,541,566,1107
2018-08-12T16:00:00+09:00,J5,382,353,735
2018-08-12T16:15:00+09:00,J1,506,555,1061
2018-08-12T16:15:00+09:00,J2,530,467,997
2018-08-12T16:15:00+09:00,J3,502,559,1061
2018-08-12T16:15:00+09:00,J4,475,566,1041
2018-08-12T16:15:00+09:00,J5,422,337,759
2018-08-12T16:30:00+09:00,J1,542,571,1113
2018-08-12T16:30:00+09:00,J2,506,437,943
2018-08-12T16:30:00+09:00,J3,535,521,1056
2018-08-12T16:30:00+09:00,J4,488,504,992
2018-08-12T16:30:00+09:00,J5,422,398,820
2018-08-12T16:45:00+09:00,J1,496,514,1010
2018-08-12T16:45:00+09:00,J2,556,476,1032
2018-08-12T16:45:00+09:00,J3,513,538,1051
2018-08-12T16:45:00+09:00,J4,448,558,1006
2018-08-12T16:45:00+09:00,J5,394,357,751
2018-08-12T17:00:00+09:00,J1,613,622,1235
2018-08-12T17:00:00+09:00,J2,518,466,984
2018-08-12T17:00:00+09:00,J3,550,556,1106
2018-08-12T17:00:00+09:00,J4,533,498,1031
2018-08-12T17:00:00+09:00,J5,430,408,838
2018-08-12T17:15:00+09:00,J1,625,666,1291
2018-08-12T17:15:00+09:00,J2,595,491,1086
2018-08-12T17:15:00+09:00,J3,565,575,1140
2018-08-12T17:15:00+09:00,J4,541,463,1004
2018-08-12T17:15:00+09:00,J5,366,332,698
2018-08-12T17:30:00+09:00,J1,639,574,1213
2018-08-12T17:30:00+09:00,J2,515,460,975
2018-08-12T17:30:00+09:00,J3,540,530,1070
2018-08-12T17:30:00+09:00,J4,465,457,922
2018-08-12T17:30:00+09:00,J5,310,307,617
2018-08-12T17:45:00+09:00,J1,573,553,1126
2018-08-12T17:45:00+09:00,J2,475,437,912
2018-08-12T17:45:00+09:00,J3,468,477,945
2018-08-12T17:45:00+09:00,J4,530,487,1017
2018-08-12T17:45:00+09:00,J5,340,363,703
2018-08-12T18:00:00+09:00,J1,596,621,1217
2018-08-12T18:00:00+09:00,J2,477,436,913
2018-08-12T18:00:00+09:00,J3,469,448,917
2018-08-12T18:00:00+09:00,J4,509,474,983
2018-08-12T18:00:00+09:00,J5,408,389,797
2018-08-12T18:15:00+09:00,J1,610,615,1225
2018-08-12T18:15:00+09:00,J2,478,508,986
2018-08-12T18:15:00+09:00,J3,518,504,1022
2018-08-12T18:15:00+09:00,J4,569,542,1111
2018-08-12T18:15:00+09:00,J5,413,398,811
2018-08-12T18:30:00+09:00,J1,526,570,1096
2018-08-12T18:30:00+09:00,J2,432,400,832
2018-08-12T18:30:00+09:00,J3,435,467,902
2018-08-12T18:30:00+09:00,J4,486,411,897
2018-08-12T18:30:00+09:00,J5,356,376,732
2018-08-12T18:45:00+09:00,J1,478,480,958
2018-08-12T18:45:00+09:00,J2,434,442,876
2018-08-12T18:45:00+09:00,J3,444,483,927
2018-08-12T18:45:00+09:00,J4,492,485,977
2018-08-12T18:45:00+09:00,J5,382,372,754
2018-08-12T19:00:00+09:00,J1,463,460,923
2018-08-12T19:00:00+09:00,J2,352,363,715
2018-08-12T19:00:00+09:00,J3,482,449,931
2018-08-12T19:00:00+09:00,J4,469,473,942
2018-08-12T19:00:00+09:00,J5,397,410,807
2018-08-12T19:15:00+09:00,J1,467,480,947
2018-08-12T19:15:00+09:00,J2,354,302,656
2018-08-12T19:15:00+09:00,J3,444,438,882
2018-08-12T19:15:00+09:00,J4,428,405,833
2018-08-12T19:15:00+09:00,J5,436,419,855
2018-08-12T19:30:00+09:00,J1,464,530,994
2018-08-12T19:30:00+09:00,J2,336,294,630
2018-08-12T19:30:00+09:00,J3,407,400,807
2018-08-12T19:30:00+09:00,J4,430,445,875
2018-08-12T19:30:00+09:00,J5,402,421,823
2018-08-12T19:45:00+09:00,J1,412,434,846
2018-08-12T19:45:00+09:00,J2,319,366,685
2018-08-12T19:45:00+09:00,J3,408,348,756
2018-08-12T19:45:00+09:00,J4,485,466,951
2018-08-12T19:45:00+09:00,J5,435,402,837
2018-08-12T20:00:00+09:00,J1,433,442,875
2018-08-12T20:00:00+09:00,J2,351,287,638
2018-08-12T20:00:00+09:00,J3,471,383,854
2018-08-12T20:00:00+09:00,J4,531,454,985
2018-08-12T20:00:00+09:00,J5,455,400,855
2018-08-12T20:15:00+09:00,J1,363,429,792
2018-08-12T20:15:00+09:00,J2,395,328,723
2018-08-12T20:15:00+09:00,J3,464,377,841
2018-08-12T20:15:00+09:00,J4,508,479,987
2018-08-12T20:15:00+09:00,J5,390,419,809
2018-08-12T20:30:00+09:00,J1,370,395,765
2018-08-12T20:30:00+09:00,J2,340,262,602
2018-08-12T20:30:00+09:00,J3,408,361,769
2018-08-12T20:30:00+09:00,J4,488,463,951
2018-08-12T20:30:00+09:00,J5,422,375,797
2018-08-12T20:45:00+09:00,J1,408,394,802
2018-08-12T20:45:00+09:00,J2,355,315,670
2018-08-12T20:45:00+09:00,J3,410,301,711
2018-08-12T20:45:00+09:00,J4,449,459,908
2018-08-12T20:45:00+09:00,J5,391,405,796
2018-08-12T21:00:00+09:00,J1,382,450,832
2018-08-12T21:00:00+09:00,J2,429,299,728
2018-08-12T21:00:00+09:00,J3,408,334,742
2018-08-12T21:00:00+09:00,J4,496,420,916
2018-08-12T21:00:00+09:00,J5,401,376,777
2018-08-12T21:15:00+09:00,J1,356,392,748
2018-08-12T21:15:00+09:00,J2,311,270,581
2018-08-12T21:15:00+09:00,J3,420,401,821
2018-08-12T21:15:00+09:00,J4,555,513,1068
2018-08-12T21:15:00+09:00,J5,402,430,832
2018-08-12T21:30:00+09:00,J1,383,387,770
2018-08-12T21:30:00+09:00,J2,304,243,547
2018-08-12T21:30:00+09:00,J3,470,400,870
2018-08-12T21:30:00+09:00,J4,530,464,994
2018-08-12T21:30:00+09:00,J5,416,415,831
2018-08-12T21:45:00+09:00,J1,368,363,731
2018-08-12T21:45:00+09:00,J2,294,315,609
2018-08-12T21:45:00+09:00,J3,422,416,838
2018-08-12T21:45:00+09:00,J4,609,513,1122
2018-08-12T21:45:00+09:00,J5,395,425,820
2018-08-12T22:00:00+09:00,J1,382,358,740
2018-08-12T22:00:00+09:00,J2,213,310,523
2018-08-12T22:00:00+09:00,J3,392,373,765
2018-08-12T22:00:00+09:00,J4,608,515,1123
2018-08-12T22:00:00+09:00,J5,361,356,717
2018-08-12T22:15:00+09:00,J1,347,411,758
2018-08-12T22:15:00+09:00,J2,249,265,514
2018-08-12T22:15:00+09:00,J3,461,370,831
2018-08-12T22:15:00+09:00,J4,582,514,1096
2018-08-12T22:15:00+09:00,J5,373,356,729
2018-08-12T22:30:00+09:00,J1,335,328,663
2018-08-12T22:30:00+09:00,J2,196,256,452
2018-08-12T22:30:00+09:00,J3,416,311,727
2018-08-12T22:30:00+09:00,J4,487,533,1020
2018-08-12T22:30:00+09:00,J5,384,338,722
2018-08-12T22:45:00+09:00,J1,315,307,622
2018-08-12T22:45:00+09:00,J2,217,214,431
2018-08-12T22:45:00+09:00,J3,367,302,669
2018-08-12T22:45:00+09:00,J4,507,459,966
2018-08-12T22:45:00+09:00,J5,198,159,357
2018-08-12T23:00:00+09:00,J1,297,360,657
2018-08-12T23:00:00+09:00,J2,168,208,376
2018-08-12T23:00:00+09:00,J3,370,290,660
2018-08-12T23:00:00+09:00,J4,508,490,998
2018-08-12T23:00:00+09:00,J5,174,136,310
2018-08-12T23:15:00+09:00,J1,315,321,636
2018-08-12T23:15:00+09:00,J2,159,213,372
2018-08-12T23:15:00+09:00,J3,417,321,738
2018-08-12T23:15:00+09:00,J4,597,581,1178
2018-08-12T23:15:00+09:00,J5,157,121,278
2018-08-12T23:30:00+09:00,J1,310,346,656
2018-08-12T23:30:00+09:00,J2,207,320,527
2018-08-12T23:30:00+09:00,J3,496,438,934
2018-08-12T23:30:00+09:00,J4,620,565,1185
2018-08-12T23:30:00+09:00,J5,169,133,302
2018-08-12T23:45:00+09:00,J1,301,330,631
2018-08-12T23:45:00+09:00,J2,221,260,481
2018-08-12T23:45:00+09:00,J3,442,370,812
2018-08-12T23:45:00+09:00,J4,519,473,992
2018-08-12T23:45:00+09:00,J5,125,98,223
2018-08-13T00:00:00+09:00,J1,280,287,567
2018-08-13T00:00:00+09:00,J2,174,229,403
2018-08-13T00:00:00+09:00,J3,366,269,635
2018-08-13T00:00:00+09:00,J4,471,468,939
2018-08-13T00:00:00+09:00,J5,143,123,266
2018-08-13T00:15:00+09:00,J1,246,216,462
2018-08-13T00:15:00+09:00,J2,166,168,334
2018-08-13T00:15:00+09:00,J3,284,187,471
2018-08-13T00:15:00+09:00,J4,472,410,882
2018-08-13T00:15:00+09:00,J5,213,181,394
2018-08-13T00:30:00+09:00,J1,303,231,534
2018-08-13T00:30:00+09:00,J2,181,184,365
2018-08-13T00:30:00+09:00,J3,238,190,428
2018-08-13T00:30:00+09:00,J4,256,199,455
2018-08-13T00:30:00+09:00,J5,339,275,614
2018-08-13T00:45:00+09:00,J1,249,236,485
2018-08-13T00:45:00+09:00,J2,128,175,303
2018-08-13T00:45:00+09:00,J3,249,194,443
2018-08-13T00:45:00+09:00,J4,226,235,461
2018-08-13T00:45:00+09:00,J5,371,302,673
2018-08-13T05:45:00+09:00,J1,249,217,466
2018-08-13T05:45:00+09:00,J2,189,163,352
2018-08-13T05:45:00+09:00,J3,243,293,536
2018-08-13T05:45:00+09:00,J4,289,351,640
2018-08-13T05:45:00+09:00,J5,179,218,397
2018-08-13T06:00:00+09:00,J1,253,219,472
2018-08-13T06:00:00+09:00,J2,178,193,371
2018-08-13T06:00:00+09:00,J3,224,183,407
2018-08-13T06:00:00+09:00,J4,344,365,709
2018-08-13T06:00:00+09:00,J5,250,316,566
2018-08-13T06:15:00+09:00,J1,244,210,454
2018-08-13T06:15:00+09:00,J2,147,198,345
2018-08-13T06:15:00+09:00,J3,220,182,402
2018-08-13T06:15:00+09:00,J4,308,323,631
2018-08-13T06:15:00+09:00,J5,287,308,595
2018-08-13T06:30:00+09:00,J1,275,272,547
2018-08-13T06:30:00+09:00,J2,200,223,423
2018-08-13T06:30:00+09:00,J3,258,197,455
2018-08-13T06:30:00+09:00,J4,273,314,587
2018-08-13T06:30:00+09:00,J5,282,295,577
2018-08-13T06:45:00+09:00,J1,306,311,617
2018-08-13T06:45:00+09:00,J2,210,261,471
2018-08-13T06:45:00+09:00,J3,318,205,523
2018-08-13T06:45:00+09:00,J4,251,327,578
2018-08-13T06:45:00+09:00,J5,288,366,654
2018-08-13T07:00:00+09:00,J1,347,286,633
2018-08-13T07:00:00+09:00,J2,246,259,505
2018-08-13T07:00:00+09:00,J3,304,228,532
2018-08-13T07:00:00+09:00,J4,240,306,546
2018-08-13T07:00:00+09:00,J5,317,342,659
2018-08-13T07:15:00+09:00,J1,355,307,662
2018-08-13T07:15:00+09:00,J2,287,252,539
2018-08-13T07:15:00+09:00,J3,314,236,550
2018-08-13T07:15:00+09:00,J4,254,398,652
2018-08-13T07:15:00+09:00,J5,322,333,655
2018-08-13T07:30:00+09:00,J1,435,405,840
2018-08-13T07:30:00+09:00,J2,290,348,638
2018-08-13T07:30:00+09:00,J3,618,487,1105
2018-08-13T07:30:00+09:00,J4,327,444,771
2018-08-13T07:30:00+09:00,J5,269,197,466
2018-08-13T07:45:00+09:00,J1,529,413,942
2018-08-13T07:45:00+09:00,J2,332,275,607
2018-08-13T07:45:00+09:00,J3,700,533,1233
2018-08-13T07:45:00+09:00,J4,360,580,940
2018-08-13T07:45:00+09:00,J5,233,200,433
2018-08-13T08:00:00+09:00,J1,669,479,1148
2018-08-13T08:00:00+09:00,J2,463,375,838
2018-08-13T08:00:00+09:00,J3,642,602,1244
2018-08-13T08:00:00+09:00,J4,568,783,1351
2018-08-13T08:00:00+09:00,J5,218,169,387
2018-08-13T08:15:00+09:00,J1,765,556,1321
2018-08-13T08:15:00+09:00,J2,561,363,924
2018-08-13T08:15:00+09:00,J3,629,641,1270
2018-08-13T08:15:00+09:00,J4,637,897,1534
2018-08-13T08:15:00+09:00,J5,317,230,547
2018-08-13T08:30:00+09:00,J1,775,522,1297
2018-08-13T08:30:00+09:00,J2,533,362,895
2018-08-13T08:30:00+09:00,J3,632,676,1308
2018-08-13T08:30:00+09:00,J4,689,879,1568
2018-08-13T08:30:00+09:00,J5,257,247,504
2018-08-13T08:45:00+09:00,J1,546,462,1008
2018-08-13T08:45:00+09:00,J2,345,326,671
2018-08-13T08:45:00+09:00,J3,541,555,1096
2018-08-13T08:45:00+09:00,J4,559,747,1306
2018-08-13T08:45:00+09:00,J5,247,190,437
2018-08-13T09:00:00+09:00,J1,556,527,1083
2018-08-13T09:00:00+09:00,J2,347,385,732
2018-08-13T09:00:00+09:00,J3,516,476,992
2018-08-13T09:00:00+09:00,J4,550,651,1201
2018-08-13T09:00:00+09:00,J5,279,236,515
2018-08-13T09:15:00+09:00,J1,539,456,995
2018-08-13T09:15:00+09:00,J2,456,339,795
2018-08-13T09:15:00+09:00,J3,547,505,1052
2018-08-13T09:15:00+09:00,J4,591,650,1241
2018-08-13T09:15:00+09:00,J5,265,231,496
2018-08-13T09:30:00+09:00,J1,504,386,890
2018-08-13T09:30:00+09:00,J2,483,367,850
2018-08-13T09:30:00+09:00,J3,591,541,1132
2018-08-13T09:30:00+09:00,J4,557,561,1118
2018-08-13T09:30:00+09:00,J5,302,266,568
2018-08-13T09:45:00+09:00,J1,471,455,926
2018-08-13T09:45:00+09:00,J2,464,365,829
2018-08-13T09:45:00+09:00,J3,561,464,1025
2018-08-13T09:45:00+09:00,J4,529,506,1035
2018-08-13T09:45:00+09:00,J5,260,235,495
2018-08-13T10:00:00+09:00,J1,435,439,874
2018-08-13T10:00:00+09:00,J2,445,394,839
2018-08-13T10:00:00+09:00,J3,542,542,1084
2018-08-13T10:00:00+09:00,J4,559,516,1075
2018-08-13T10:00:00+09:00,J5,220,238,458
2018-08-13T10:15:00+09:00,J1,396,409,805
2018-08-13T10:15:00+09:00,J2,544,416,960
2018-08-13T10:15:00+09:00,J3,442,476,918
2018-08-13T10:15:00+09:00,J4,544,509,1053
2018-08-13T10:15:00+09:00,J5,257,251,508
2018-08-13T10:30:00+09:00,J1,384,431,815
2018-08-13T10:30:00+09:00,J2,601,540,1141
2018-08-13T10:30:00+09:00,J3,424,500,924
2018-08-13T10:30:00+09:00,J4,544,500,1044
2018-08-13T10:30:00+09:00,J5,200,232,432
2018-08-13T10:45:00+09:00,J1,404,384,788
2018-08-13T10:45:00+09:00,J2,603,499,1102
2018-08-13T10:45:00+09:00,J3,405,487,892
2018-08-13T10:45:00+09:00,J4,529,523,1052
2018-08-13T10:45:00+09:00,J5,263,276,539
2018-08-13T11:00:00+09:00,J1,382,399,781
2018-08-13T11:00:00+09:00,J2,559,522,1081
2018-08-13T11:00:00+09:00,J3,422,434,856
2018-08-13T11:00:00+09:00,J4,472,488,960
2018-08-13T11:00:00+09:00,J5,243,271,514
2018-08-13T11:15:00+09:00,J1,426,411,837
2018-08-13T11:15:00+09:00,J2,466,489,955
2018-08-13T11:15:00+09:00,J3,438,545,983
2018-08-13T11:15:00+09:00,J4,411,480,891
2018-08-13T11:15:00+09:00,J5,211,252,463
2018-08-13T11:30:00+09:00,J1,401,444,845
2018-08-13T11:30:00+09:00,J2,454,416,870
2018-08-13T11:30:00+09:00,J3,458,516,974
2018-08-13T11:30:00+09:00,J4,405,464,869
2018-08-13T11:30:00+09:00,J5,250,322,572
2018-08-13T11:45:00+09:00,J1,383,420,803
2018-08-13T11:45:00+09:00,J2,453,416,869
2018-08-13T11:45:00+09:00,J3,481,520,1001
2018-08-13T11:45:00+09:00,J4,429,445,874
2018-08-13T11:45:00+09:00,J5,344,332,676
2018-08-13T12:00:00+09:00,J1,413,517,930
2018-08-13T12:00:00+09:00,J2,430,388,818
2018-08-13T12:00:00+09:00,J3,553,570,1123
2018-08-13T12:00:00+09:00,J4,419,472,891
2018-08-13T12:00:00+09:00,J5,246,308,554
2018-08-13T12:15:00+09:00,J1,457,520,977
2018-08-13T12:15:00+09:00,J2,438,389,827
2018-08-13T12:15:00+09:00,J3,515,547,1062
2018-08-13T12:15:00+09:00,J4,465,442,907
2018-08-13T12:15:00+09:00,J5,374,296,670
2018-08-13T12:30:00+09:00,J1,571,645,1216
2018-08-13T12:30:00+09:00,J2,477,459,936
2018-08-13T12:30:00+09:00,J3,607,596,1203
2018-08-13T12:30:00+09:00,J4,454,475,929
2018-08-13T12:30:00+09:00,J5,234,293,527
2018-08-13T12:45:00+09:00,J1,566,660,1226
2018-08-13T12:45:00+09:00,J2,460,466,926
2018-08-13T12:45:00+09:00,J3,525,728,1253
2018-08-13T12:45:00+09:00,J4,435,536,971
2018-08-13T12:45:00+09:00,J5,304,325,629
2018-08-13T13:00:00+09:00,J1,678,644,1322
2018-08-13T13:00:00+09:00,J2,470,464,934
2018-08-13T13:00:00+09:00,J3,489,635,1124
2018-08-13T13:00:00+09:00,J4,444,452,896
2018-08-13T13:00:00+09:00,J5,331,304,635
2018-08-13T13:15:00+09:00,J1,646,794,1440
2018-08-13T13:15:00+09:00,J2,489,562,1051
2018-08-13T13:15:00+09:00,J3,591,652,1243
2018-08-13T13:15:00+09:00,J4,534,465,999
2018-08-13T13:15:00+09:00,J5,342,307,649
2018-08-13T13:30:00+09:00,J1,666,756,1422
2018-08-13T13:30:00+09:00,J2,561,535,1096
2018-08-13T13:30:00+09:00,J3,601,659,1260
2018-08-13T13:30:00+09:00,J4,502,452,954
2018-08-13T13:30:00+09:00,J5,325,289,614
2018-08-13T13:45:00+09:00,J1,604,801,1405
2018-08-13T13:45:00+09:00,J2,498,493,991
2018-08-13T13:45:00+09:00,J3,550,650,1200
2018-08-13T13:45:00+09:00,J4,511,552,1063
2018-08-13T13:45:00+09:00,J5,293,310,603
2018-08-13T14:00:00+09:00,J1,777,905,1682
2018-08-13T14:00:00+09:00,J2,485,574,1059
2018-08-13T14:00:00+09:00,J3,742,638,1380
2018-08-13T14:00:00+09:00,J4,572,514,1086
2018-08-13T14:00:00+09:00,J5,352,369,721
2018-08-13T14:15:00+09:00,J1,679,735,1414
2018-08-13T14:15:00+09:00,J2,475,571,1046
2018-08-13T14:15:00+09:00,J3,810,809,1619
2018-08-13T14:15:00+09:00,J4,582,530,1112
2018-08-13T14:15:00+09:00,J5,291,378,669
2018-08-13T14:30:00+09:00,J1,694,783,1477
2018-08-13T14:30:00+09:00,J2,491,539,1030
2018-08-13T14:30:00+09:00,J3,756,820,1576
2018-08-13T14:30:00+09:00,J4,585,520,1105
2018-08-13T14:30:00+09:00,J5,313,355,668
2018-08-13T14:45:00+09:00,J1,678,776,1454
2018-08-13T14:45:00+09:00,J2,488,560,1048
2018-08-13T14:45:00+09:00,J3,825,918,1743
2018-08-13T14:45:00+09:00,J4,517,510,1027
2018-08-13T14:45:00+09:00,J5,249,325,574
2018-08-13T15:00:00+09:00,J1,725,805,1530
2018-08-13T15:00:00+09:00,J2,474,562,1036
2018-08-13T15:00:00+09:00,J3,742,809,1551
2018-08-13T15:00:00+09:00,J4,566,486,1052
2018-08-13T15:00:00+09:00,J5,270,334,604
2018-08-13T15:15:00+09:00,J1,655,743,1398
2018-08-13T15:15:00+09:00,J2,508,527,1035
2018-08-13T15:15:00+09:00,J3,728,875,1603
2018-08-13T15:15:00+09:00,J4,551,500,1051
2018-08-13T15:15:00+09:00,J5,294,331,625
2018-08-13T15:30:00+09:00,J1,647,647,1294
2018-08-13T15:30:00+09:00,J2,527,506,1033
2018-08-13T15:30:00+09:00,J3,579,718,1297
2018-08-13T15:30:00+09:00,J4,454,520,974
2018-08-13T15:30:00+09:00,J5,260,317,577
2018-08-13T15:45:00+09:00,J1,640,579,1219
2018-08-13T15:45:00+09:00,J2,469,559,1028
2018-08-13T15:45:00+09:00,J3,519,620,1139
2018-08-13T15:45:00+09:00,J4,542,596,1138
2018-08-13T15:45:00+09:00,J5,236,293,529
2018-08-13T16:00:00+09:00,J1,587,633,1220
2018-08-13T16:00:00+09:00,J2,554,534,1088
2018-08-13T16:00:00+09:00,J3,494,624,1118
2018-08-13T16:00:00+09:00,J4,600,567,1167
2018-08-13T16:00:00+09:00,J5,244,311,555
2018-08-13T16:15:00+09:00,J1,652,723,1375
2018-08-13T16:15:00+09:00,J2,661,536,1197
2018-08-13T16:15:00+09:00,J3,595,764,1359
2018-08-13T16:15:00+09:00,J4,593,580,1173
2018-08-13T16:15:00+09:00,J5,258,329,587
2018-08-13T16:30:00+09:00,J1,672,711,1383
2018-08-13T16:30:00+09:00,J2,733,511,1244
2018-08-13T16:30:00+09:00,J3,631,719,1350
2018-08-13T16:30:00+09:00,J4,596,595,1191
2018-08-13T16:30:00+09:00,J5,260,313,573
2018-08-13T16:45:00+09:00,J1,662,706,1368
2018-08-13T16:45:00+09:00,J2,703,463,1166
2018-08-13T16:45:00+09:00,J3,541,725,1266
2018-08-13T16:45:00+09:00,J4,579,565,1144
2018-08-13T16:45:00+09:00,J5,243,282,525
2018-08-13T17:00:00+09:00,J1,727,726,1453
2018-08-13T17:00:00+09:00,J2,737,474,1211
2018-08-13T17:00:00+09:00,J3,766,783,1549
2018-08-13T17:00:00+09:00,J4,701,599,1300
2018-08-13T17:00:00+09:00,J5,292,393,685
2018-08-13T17:15:00+09:00,J1,773,783,1556
2018-08-13T17:15:00+09:00,J2,802,530,1332
2018-08-13T17:15:00+09:00,J3,811,916,1727
2018-08-13T17:15:00+09:00,J4,790,661,1451
2018-08-13T17:15:00+09:00,J5,367,455,822
2018-08-13T17:30:00+09:00,J1,836,841,1677
2018-08-13T17:30:00+09:00,J2,862,669,1531
2018-08-13T17:30:00+09:00,J3,979,959,1938
2018-08-13T17:30:00+09:00,J4,832,668,1500
2018-08-13T17:30:00+09:00,J5,380,463,843
2018-08-13T17:45:00+09:00,J1,872,819,1691
2018-08-13T17:45:00+09:00,J2,827,747,1574
2018-08-13T17:45:00+09:00,J3,942,970,1912
2018-08-13T17:45:00+09:00,J4,880,600,1480
2018-08-13T17:45:00+09:00,J5,372,525,897
2018-08-13T18:00:00+09:00,J1,798,874,1672
2018-08-13T18:00:00+09:00,J2,867,732,1599
2018-08-13T18:00:00+09:00,J3,1013,996,2009
2018-08-13T18:00:00+09:00,J4,771,648,1419
2018-08-13T18:00:00+09:00,J5,377,523,900
2018-08-13T18:15:00+09:00,J1,784,845,1629
2018-08-13T18:15:00+09:00,J2,856,628,1484
2018-08-13T18:15:00+09:00,J3,979,951,1930
2018-08-13T18:15:00+09:00,J4,810,684,1494
2018-08-13T18:15:00+09:00,J5,390,489,879
2018-08-13T18:30:00+09:00,J1,615,761,1376
2018-08-13T18:30:00+09:00,J2,772,487,1259
2018-08-13T18:30:00+09:00,J3,956,890,1846
2018-08-13T18:30:00+09:00,J4,726,568,1294
2018-08-13T18:30:00+09:00,J5,322,426,748
2018-08-13T18:45:00+09:00,J1,603,629,1232
2018-08-13T18:45:00+09:00,J2,758,488,1246
2018-08-13T18:45:00+09:00,J3,926,830,1756
2018-08-13T18:45:00+09:00,J4,653,575,1228
2018-08-13T18:45:00+09:00,J5,249,329,578
2018-08-13T19:00:00+09:00,J1,551,672,1223
2018-08-13T19:00:00+09:00,J2,630,497,1127
2018-08-13T19:00:00+09:00,J3,916,691,1607
2018-08-13T19:00:00+09:00,J4,675,593,1268
2018-08-13T19:00:00+09:00,J5,298,366,664
2018-08-13T19:15:00+09:00,J1,484,696,1180
2018-08-13T19:15:00+09:00,J2,482,513,995
2018-08-13T19:15:00+09:00,J3,862,672,1534
2018-08-13T19:15:00+09:00,J4,715,601,1316
2018-08-13T19:15:00+09:00,J5,304,335,639
2018-08-13T19:30:00+09:00,J1,499,580,1079
2018-08-13T19:30:00+09:00,J2,485,427,912
2018-08-13T19:30:00+09:00,J3,764,646,1410
2018-08-13T19:30:00+09:00,J4,642,548,1190
2018-08-13T19:30:00+09:00,J5,233,303,536
2018-08-13T19:45:00+09:00,J1,437,548,985
2018-08-13T19:45:00+09:00,J2,443,378,821
2018-08-13T19:45:00+09:00,J3,656,472,1128
2018-08-13T19:45:00+09:00,J4,609,579,1188
2018-08-13T19:45:00+09:00,J5,216,238,454
2018-08-13T20:00:00+09:00,J1,446,540,986
2018-08-13T20:00:00+09:00,J2,436,417,853
2018-08-13T20:00:00+09:00,J3,692,503,1195
2018-08-13T20:00:00+09:00,J4,673,587,1260
2018-08-13T20:00:00+09:00,J5,204,226,430
2018-08-13T20:15:00+09:00,J1,466,632,1098
2018-08-13T20:15:00+09:00,J2,446,404,850
2018-08-13T20:15:00+09:00,J3,691,502,1193
2018-08-13T20:15:00+09:00,J4,659,659,1318
2018-08-13T20:15:00+09:00,J5,282,253,535
2018-08-13T20:30:00+09:00,J1,415,474,889
2018-08-13T20:30:00+09:00,J2,424,342,766
2018-08-13T20:30:00+09:00,J3,627,506,1133
2018-08-13T20:30:00+09:00,J4,636,659,1295
2018-08-13T20:30:00+09:00,J5,232,232,464
2018-08-13T20:45:00+09:00,J1,428,474,902
2018-08-13T20:45:00+09:00,J2,444,346,790
2018-08-13T20:45:00+09:00,J3,649,474,1123
2018-08-13T20:45:00+09:00,J4,613,659,1272
2018-08-13T20:45:00+09:00,J5,256,219,475
2018-08-13T21:00:00+09:00,J1,425,486,911
2018-08-13T21:00:00+09:00,J2,417,350,767
2018-08-13T21:00:00+09:00,J3,583,501,1084
2018-08-13T21:00:00+09:00,J4,638,517,1155
2018-08-13T21:00:00+09:00,J5,275,257,532
2018-08-13T21:15:00+09:00,J1,394,478,872
2018-08-13T21:15:00+09:00,J2,399,330,729
2018-08-13T21:15:00+09:00,J3,567,463,1030
2018-08-13T21:15:00+09:00,J4,659,580,1239
2018-08-13T21:15:00+09:00,J5,261,268,529
2018-08-13T21:30:00+09:00,J1,388,409,797
2018-08-13T21:30:00+09:00,J2,375,289,664
2018-08-13T21:30:00+09:00,J3,455,466,921
2018-08-13T21:30:00+09:00,J4,551,499,1050
2018-08-13T21:30:00+09:00,J5,284,263,547
2018-08-13T21:45:00+09:00,J1,343,416,759
2018-08-13T21:45:00+09:00,J2,320,246,566
2018-08-13T21:45:00+09:00,J3,471,442,913
2018-08-13T21:45:00+09:00,J4,514,541,1055
2018-08-13T21:45:00+09:00,J5,288,252,540
2018-08-13T22:00:00+09:00,J1,342,387,729
2018-08-13T22:00:00+09:00,J2,391,290,681
2018-08-13T22:00:00+09:00,J3,439,456,895
2018-08-13T22:00:00+09:00,J4,498,471,969
2018-08-13T22:00:00+09:00,J5,303,234,537
2018-08-13T22:15:00+09:00,J1,349,399,748
2018-08-13T22:15:00+09:00,J2,405,290,695
2018-08-13T22:15:00+09:00,J3,478,451,929
2018-08-13T22:15:00+09:00,J4,432,367,799
2018-08-13T22:15:00+09:00,J5,330,322,652
2018-08-13T22:30:00+09:00,J1,320,374,694
2018-08-13T22:30:00+09:00,J2,371,261,632
2018-08-13T22:30:00+09:00,J3,506,468,974
2018-08-13T22:30:00+09:00,J4,442,423,865
2018-08-13T22:30:00+09:00,J5,243,247,490
2018-08-13T22:45:00+09:00,J1,277,336,613
2018-08-13T22:45:00+09:00,J2,326,269,595
2018-08-13T22:45:00+09:00,J3,424,430,854
2018-08-13T22:45:00+09:00,J4,497,431,928
2018-08-13T22:45:00+09:00,J5,200,136,336
2018-08-13T23:00:00+09:00,J1,297,379,676
2018-08-13T23:00:00+09:00,J2,330,285,615
2018-08-13T23:00:00+09:00,J3,407,428,835
2018-08-13T23:00:00+09:00,J4,448,423,871
2018-08-13T23:00:00+09:00,J5,166,137,303
2018-08-13T23:15:00+09:00,J1,293,388,681
2018-08-13T23:15:00+09:00,J2,338,348,686
2018-08-13T23:15:00+09:00,J3,357,456,813
2018-08-13T23:15:00+09:00,J4,493,439,932
2018-08-13T23:15:00+09:00,J5,147,176,323
2018-08-13T23:30:00+09:00,J1,326,394,720
2018-08-13T23:30:00+09:00,J2,331,342,673
2018-08-13T23:30:00+09:00,J3,484,488,972
2018-08-13T23:30:00+09:00,J4,495,522,1017
2018-08-13T23:30:00+09:00,J5,134,141,275
2018-08-13T23:45:00+09:00,J1,378,380,758
2018-08-13T23:45:00+09:00,J2,252,307,559
2018-08-13T23:45:00+09:00,J3,463,430,893
2018-08-13T23:45:00+09:00,J4,420,391,811
2018-08-13T23:45:00+09:00,J5,183,181,364
2018-08-14T00:00:00+09:00,J1,295,348,643
2018-08-14T00:00:00+09:00,J2,370,302,672
2018-08-14T00:00:00+09:00,J3,393,379,772
2018-08-14T00:00:00+09:00,J4,368,342,710
2018-08-14T00:00:00+09:00,J5,144,139,283
2018-08-14T00:15:00+09:00,J1,231,279,510
2018-08-14T00:15:00+09:00,J2,331,264,595
2018-08-14T00:15:00+09:00,J3,341,245,586
2018-08-14T00:15:00+09:00,J4,382,363,745
2018-08-14T00:15:00+09:00,J5,151,111,262
2018-08-14T00:30:00+09:00,J1,243,241,484
2018-08-14T00:30:00+09:00,J2,267,231,498
2018-08-14T00:30:00+09:00,J3,217,200,417
2018-08-14T00:30:00+09:00,J4,472,406,878
2018-08-14T00:30:00+09:00,J5,181,162,343
2018-08-14T00:45:00+09:00,J1,206,234,440
2018-08-14T00:45:00+09:00,J2,194,269,463
2018-08-14T00:45:00+09:00,J3,204,175,379
2018-08-14T00:45:00+09:00,J4,450,397,847
2018-08-14T00:45:00+09:00,J5,271,277,548
2018-08-14T05:45:00+09:00,J1,282,270,552
2018-08-14T05:45:00+09:00,J2,211,194,405
2018-08-14T05:45:00+09:00,J3,231,242,473
2018-08-14T05:45:00+09:00,J4,469,488,957
2018-08-14T05:45:00+09:00,J5,205,208,413
2018-08-14T06:00:00+09:00,J1,290,290,580
2018-08-14T06:00:00+09:00,J2,146,184,330
2018-08-14T06:00:00+09:00,J3,195,196,391
2018-08-14T06:00:00+09:00,J4,326,361,687
2018-08-14T06:00:00+09:00,J5,291,283,574
2018-08-14T06:15:00+09:00,J1,314,307,621
2018-08-14T06:15:00+09:00,J2,188,226,414
2018-08-14T06:15:00+09:00,J3,233,201,434
2018-08-14T06:15:00+09:00,J4,348,391,739
2018-08-14T06:15:00+09:00,J5,302,375,677
2018-08-14T06:30:00+09:00,J1,279,260,539
2018-08-14T06:30:00+09:00,J2,208,205,413
2018-08-14T06:30:00+09:00,J3,216,207,423
2018-08-14T06:30:00+09:00,J4,510,527,1037
2018-08-14T06:30:00+09:00,J5,270,344,614
2018-08-14T06:45:00+09:00,J1,343,316,659
2018-08-14T06:45:00+09:00,J2,241,240,481
2018-08-14T06:45:00+09:00,J3,246,183,429
2018-08-14T06:45:00+09:00,J4,468,468,936
2018-08-14T06:45:00+09:00,J5,273,324,597
2018-08-14T07:00:00+09:00,J1,394,315,709
2018-08-14T07:00:00+09:00,J2,225,177,402
2018-08-14T07:00:00+09:00,J3,254,222,476
2018-08-14T07:00:00+09:00,J4,488,503,991
2018-08-14T07:00:00+09:00,J5,309,350,659
2018-08-14T07:15:00+09:00,J1,422,402,824
2018-08-14T07:15:00+09:00,J2,308,218,526
2018-08-14T07:15:00+09:00,J3,277,228,505
2018-08-14T07:15:00+09:00,J4,450,494,944
2018-08-14T07:15:00+09:00,J5,311,406,717
2018-08-14T07:30:00+09:00,J1,588,464,1052
2018-08-14T07:30:00+09:00,J2,320,313,633
2018-08-14T07:30:00+09:00,J3,590,459,1049
2018-08-14T07:30:00+09:00,J4,330,473,803
2018-08-14T07:30:00+09:00,J5,318,328,646
2018-08-14T07:45:00+09:00,J1,641,507,1148
2018-08-14T07:45:00+09:00,J2,413,304,717
2018-08-14T07:45:00+09:00,J3,713,563,1276
2018-08-14T07:45:00+09:00,J4,367,612,979
2018-08-14T07:45:00+09:00,J5,349,263,612
2018-08-14T08:00:00+09:00,J1,763,539,1302
2018-08-14T08:00:00+09:00,J2,513,324,837
2018-08-14T08:00:00+09:00,J3,712,586,1298
2018-08-14T08:00:00+09:00,J4,513,698,1211
2018-08-14T08:00:00+09:00,J5,345,281,626
2018-08-14T08:15:00+09:00,J1,910,530,1440
2018-08-14T08:15:00+09:00,J2,553,359,912
2018-08-14T08:15:00+09:00,J3,753,749,1502
2018-08-14T08:15:00+09:00,J4,527,859,1386
2018-08-14T08:15:00+09:00,J5,311,223,534
2018-08-14T08:30:00+09:00,J1,817,509,1326
2018-08-14T08:30:00+09:00,J2,573,371,944
2018-08-14T08:30:00+09:00,J3,635,763,1398
2018-08-14T08:30:00+09:00,J4,586,847,1433
2018-08-14T08:30:00+09:00,J5,302,249,551
2018-08-14T08:45:00+09:00,J1,599,457,1056
2018-08-14T08:45:00+09:00,J2,401,367,768
2018-08-14T08:45:00+09:00,J3,679,693,1372
2018-08-14T08:45:00+09:00,J4,544,649,1193
2018-08-14T08:45:00+09:00,J5,247,192,439
2018-08-14T09:00:00+09:00,J1,578,486,1064
2018-08-14T09:00:00+09:00,J2,330,352,682
2018-08-14T09:00:00+09:00,J3,693,629,1322
2018-08-14T09:00:00+09:00,J4,543,605,1148
2018-08-14T09:00:00+09:00,J5,209,173,382
2018-08-14T09:15:00+09:00,J1,517,475,992
2018-08-14T09:15:00+09:00,J2,384,432,816
2018-08-14T09:15:00+09:00,J3,646,557,1203
2018-08-14T09:15:00+09:00,J4,572,662,1234
2018-08-14T09:15:00+09:00,J5,223,186,409
2018-08-14T09:30:00+09:00,J1,515,463,978
2018-08-14T09:30:00+09:00,J2,391,348,739
2018-08-14T09:30:00+09:00,J3,650,663,1313
2018-08-14T09:30:00+09:00,J4,616,709,1325
2018-08-14T09:30:00+09:00,J5,248,247,495
2018-08-14T09:45:00+09:00,J1,592,534,1126
2018-08-14T09:45:00+09:00,J2,404,412,816
2018-08-14T09:45:00+09:00,J3,576,568,1144
2018-08-14T09:45:00+09:00,J4,629,699,1328
2018-08-14T09:45:00+09:00,J5,265,249,514
2018-08-14T10:00:00+09:00,J1,521,511,1032
2018-08-14T10:00:00+09:00,J2,428,386,814
2018-08-14T10:00:00+09:00,J3,556,597,1153
2018-08-14T10:00:00+09:00,J4,630,674,1304
2018-08-14T10:00:00+09:00,J5,352,266,618
2018-08-14T10:15:00+09:00,J1,536,503,1039
2018-08-14T10:15:00+09:00,J2,458,393,851
2018-08-14T10:15:00+09:00,J3,531,555,1086
2018-08-14T10:15:00+09:00,J4,603,650,1253
2018-08-14T10:15:00+09:00,J5,322,305,627
2018-08-14T10:30:00+09:00,J1,568,460,1028
2018-08-14T10:30:00+09:00,J2,481,364,845
2018-08-14T10:30:00+09:00,J3,606,608,1214
2018-08-14T10:30:00+09:00,J4,586,697,1283
2018-08-14T10:30:00+09:00,J5,291,283,574
2018-08-14T10:45:00+09:00,J1,575,525,1100
2018-08-14T10:45:00+09:00,J2,582,360,942
2018-08-14T10:45:00+09:00,J3,626,609,1235
2018-08-14T10:45:00+09:00,J4,569,687,1256
2018-08-14T10:45:00+09:00,J5,281,254,535
2018-08-14T11:00:00+09:00,J1,617,652,1269
2018-08-14T11:00:00+09:00,J2,645,419,1064
2018-08-14T11:00:00+09:00,J3,628,656,1284
2018-08-14T11:00:00+09:00,J4,727,702,1429
2018-08-14T11:00:00+09:00,J5,327,293,620
2018-08-14T11:15:00+09:00,J1,578,557,1135
2018-08-14T11:15:00+09:00,J2,530,462,992
2018-08-14T11:15:00+09:00,J3,758,746,1504
2018-08-14T11:15:00+09:00,J4,702,611,1313
2018-08-14T11:15:00+09:00,J5,336,313,649
2018-08-14T11:30:00+09:00,J1,611,665,1276
2018-08-14T11:30:00+09:00,J2,533,433,966
2018-08-14T11:30:00+09:00,J3,667,793,1460
2018-08-14T11:30:00+09:00,J4,721,618,1339
2018-08-14T11:30:00+09:00,J5,332,301,633
2018-08-14T11:45:00+09:00,J1,588,628,1216
2018-08-14T11:45:00+09:00,J2,521,502,1023
2018-08-14T11:45:00+09:00,J3,678,765,1443
2018-08-14T11:45:00+09:00,J4,757,575,1332
2018-08-14T11:45:00+09:00,J5,392,352,744
2018-08-14T12:00:00+09:00,J1,670,735,1405
2018-08-14T12:00:00+09:00,J2,586,479,1065
2018-08-14T12:00:00+09:00,J3,730,788,1518
2018-08-14T12:00:00+09:00,J4,774,625,1399
2018-08-14T12:00:00+09:00,J5,349,290,639
2018-08-14T12:15:00+09:00,J1,595,706,1301
2018-08-14T12:15:00+09:00,J2,561,553,1114
2018-08-14T12:15:00+09:00,J3,544,731,1275
2018-08-14T12:15:00+09:00,J4,729,635,1364
2018-08-14T12:15:00+09:00,J5,347,291,638
2018-08-14T12:30:00+09:00,J1,642,705,1347
2018-08-14T12:30:00+09:00,J2,574,494,1068
2018-08-14T12:30:00+09:00,J3,564,774,1338
2018-08-14T12:30:00+09:00,J4,694,685,1379
2018-08-14T12:30:00+09:00,J5,301,285,586
2018-08-14T12:45:00+09:00,J1,535,595,1130
2018-08-14T12:45:00+09:00,J2,571,458,1029
2018-08-14T12:45:00+09:00,J3,624,763,1387
2018-08-14T12:45:00+09:00,J4,713,647,1360
2018-08-14T12:45:00+09:00,J5,321,272,593
2018-08-14T13:00:00+09:00,J1,609,673,1282
2018-08-14T13:00:00+09:00,J2,522,459,981
2018-08-14T13:00:00+09:00,J3,594,760,1354
2018-08-14T13:00:00+09:00,J4,675,614,1289
2018-08-14T13:00:00+09:00,J5,237,229,466
2018-08-14T13:15:00+09:00,J1,503,613,1116
2018-08-14T13:15:00+09:00,J2,549,518,1067
2018-08-14T13:15:00+09:00,J3,535,798,1333
2018-08-14T13:15:00+09:00,J4,778,677,1455
2018-08-14T13:15:00+09:00,J5,198,273,471
2018-08-14T13:30:00+09:00,J1,531,524,1055
2018-08-14T13:30:00+09:00,J2,549,510,1059
2018-08-14T13:30:00+09:00,J3,583,771,1354
2018-08-14T13:30:00+09:00,J4,785,642,1427
2018-08-14T13:30:00+09:00,J5,230,263,493
2018-08-14T13:45:00+09:00,J1,539,603,1142
2018-08-14T13:45:00+09:00,J2,560,489,1049
2018-08-14T13:45:00+09:00,J3,587,712,1299
2018-08-14T13:45:00+09:00,J4,731,730,1461
2018-08-14T13:45:00+09:00,J5,267,278,545
2018-08-14T14:00:00+09:00,J1,596,668,1264
2018-08-14T14:00:00+09:00,J2,497,448,945
2018-08-14T14:00:00+09:00,J3,630,716,1346
2018-08-14T14:00:00+09:00,J4,799,733,1532
2018-08-14T14:00:00+09:00,J5,346,279,625
2018-08-14T14:15:00+09:00,J1,586,718,1304
2018-08-14T14:15:00+09:00,J2,483,505,988
2018-08-14T14:15:00+09:00,J3,632,763,1395
2018-08-14T14:15:00+09:00,J4,748,634,1382
2018-08-14T14:15:00+09:00,J5,324,287,611
2018-08-14T14:30:00+09:00,J1,664,775,1439
2018-08-14T14:30:00+09:00,J2,559,548,1107
2018-08-14T14:30:00+09:00,J3,642,845,1487
2018-08-14T14:30:00+09:00,J4,801,683,1484
2018-08-14T14:30:00+09:00,J5,296,333,629
2018-08-14T14:45:00+09:00,J1,658,778,1436
2018-08-14T14:45:00+09:00,J2,609,543,1152
2018-08-14T14:45:00+09:00,J3,640,823,1463
2018-08-14T14:45:00+09:00,J4,742,659,1401
2018-08-14T14:45:00+09:00,J5,321,293,614
2018-08-14T15:00:00+09:00,J1,660,754,1414
2018-08-14T15:00:00+09:00,J2,572,562,1134
2018-08-14T15:00:00+09:00,J3,594,842,1436
2018-08-14T15:00:00+09:00,J4,768,589,1357
2018-08-14T15:00:00+09:00,J5,332,356,688
2018-08-14T15:15:00+09:00,J1,660,813,1473
2018-08-14T15:15:00+09:00,J2,647,559,1206
2018-08-14T15:15:00+09:00,J3,578,860,1438
2018-08-14T15:15:00+09:00,J4,817,698,1515
2018-08-14T15:15:00+09:00,J5,346,317,663
2018-08-14T15:30:00+09:00,J1,658,742,1400
2018-08-14T15:30:00+09:00,J2,679,545,1224
2018-08-14T15:30:00+09:00,J3,602,735,1337
2018-08-14T15:30:00+09:00,J4,751,664,1415
2018-08-14T15:30:00+09:00,J5,282,335,617
2018-08-14T15:45:00+09:00,J1,602,707,1309
2018-08-14T15:45:00+09:00,J2,559,468,1027
2018-08-14T15:45:00+09:00,J3,603,677,1280
2018-08-14T15:45:00+09:00,J4,599,548,1147
2018-08-14T15:45:00+09:00,J5,283,237,520
2018-08-14T16:00:00+09:00,J1,613,729,1342
2018-08-14T16:00:00+09:00,J2,550,439,989
2018-08-14T16:00:00+09:00,J3,580,666,1246
2018-08-14T16:00:00+09:00,J4,605,588,1193
2018-08-14T16:00:00+09:00,J5,305,282,587
2018-08-14T16:15:00+09:00,J1,664,742,1406
2018-08-14T16:15:00+09:00,J2,581,481,1062
2018-08-14T16:15:00+09:00,J3,686,693,1379
2018-08-14T16:15:00+09:00,J4,671,584,1255
2018-08-14T16:15:00+09:00,J5,340,301,641
2018-08-14T16:30:00+09:00,J1,584,722,1306
2018-08-14T16:30:00+09:00,J2,534,438,972
2018-08-14T16:30:00+09:00,J3,624,655,1279
2018-08-14T16:30:00+09:00,J4,682,596,1278
2018-08-14T16:30:00+09:00,J5,323,307,630
2018-08-14T16:45:00+09:00,J1,584,653,1237
2018-08-14T16:45:00+09:00,J2,492,467,959
2018-08-14T16:45:00+09:00,J3,601,683,1284
2018-08-14T16:45:00+09:00,J4,715,560,1275
2018-08-14T16:45:00+09:00,J5,360,290,650
2018-08-14T17:00:00+09:00,J1,591,702,1293
2018-08-14T17:00:00+09:00,J2,456,427,883
2018-08-14T17:00:00+09:00,J3,667,700,1367
2018-08-14T17:00:00+09:00,J4,738,614,1352
2018-08-14T17:00:00+09:00,J5,391,360,751
2018-08-14T17:15:00+09:00,J1,640,701,1341
2018-08-14T17:15:00+09:00,J2,639,515,1154
2018-08-14T17:15:00+09:00,J3,678,720,1398
2018-08-14T17:15:00+09:00,J4,664,582,1246
2018-08-14T17:15:00+09:00,J5,375,389,764
2018-08-14T17:30:00+09:00,J1,690,836,1526
2018-08-14T17:30:00+09:00,J2,609,490,1099
2018-08-14T17:30:00+09:00,J3,798,756,1554
2018-08-14T17:30:00+09:00,J4,829,646,1475
2018-08-14T17:30:00+09:00,J5,446,465,911
2018-08-14T17:45:00+09:00,J1,716,726,1442
2018-08-14T17:45:00+09:00,J2,641,492,1133
2018-08-14T17:45:00+09:00,J3,789,768,1557
2018-08-14T17:45:00+09:00,J4,753,629,1382
2018-08-14T17:45:00+09:00,J5,458,401,859
2018-08-14T18:00:00+09:00,J1,734,892,1626
2018-08-14T18:00:00+09:00,J2,683,519,1202
2018-08-14T18:00:00+09:00,J3,855,706,1561
2018-08-14T18:00:00+09:00,J4,786,662,1448
2018-08-14T18:00:00+09:00,J5,444,420,864
2018-08-14T18:15:00+09:00,J1,711,929,1640
2018-08-14T18:15:00+09:00,J2,695,564,1259
2018-08-14T18:15:00+09:00,J3,741,698,1439
2018-08-14T18:15:00+09:00,J4,843,664,1507
2018-08-14T18:15:00+09:00,J5,436,432,868
2018-08-14T18:30:00+09:00,J1,729,765,1494
2018-08-14T18:30:00+09:00,J2,709,531,1240
2018-08-14T18:30:00+09:00,J3,762,638,1400
2018-08-14T18:30:00+09:00,J4,833,625,1458
2018-08-14T18:30:00+09:00,J5,390,385,775
2018-08-14T18:45:00+09:00,J1,659,776,1435
2018-08-14T18:45:00+09:00,J2,598,473,1071
2018-08-14T18:45:00+09:00,J3,696,634,1330
2018-08-14T18:45:00+09:00,J4,716,562,1278
2018-08-14T18:45:00+09:00,J5,397,368,765
2018-08-14T19:00:00+09:00,J1,592,659,1251
2018-08-14T19:00:00+09:00,J2,518,481,999
2018-08-14T19:00:00+09:00,J3,741,592,1333
2018-08-14T19:00:00+09:00,J4,707,618,1325
2018-08-14T19:00:00+09:00,J5,446,356,802
2018-08-14T19:15:00+09:00,J1,552,688,1240
2018-08-14T19:15:00+09:00,J2,559,396,955
2018-08-14T19:15:00+09:00,J3,717,567,1284
2018-08-14T19:15:00+09:00,J4,794,590,1384
2018-08-14T19:15:00+09:00,J5,346,318,664
2018-08-14T19:30:00+09:00,J1,542,570,1112
2018-08-14T19:30:00+09:00,J2,458,379,837
2018-08-14T19:30:00+09:00,J3,625,555,1180
2018-08-14T19:30:00+09:00,J4,747,615,1362
2018-08-14T19:30:00+09:00,J5,393,363,756
2018-08-14T19:45:00+09:00,J1,521,595,1116
2018-08-14T19:45:00+09:00,J2,443,438,881
2018-08-14T19:45:00+09:00,J3,595,643,1238
2018-08-14T19:45:00+09:00,J4,685,587,1272
2018-08-14T19:45:00+09:00,J5,409,364,773
2018-08-14T20:00:00+09:00,J1,469,639,1108
2018-08-14T20:00:00+09:00,J2,452,419,871
2018-08-14T20:00:00+09:00,J3,607,615,1222
2018-08-14T20:00:00+09:00,J4,749,599,1348
2018-08-14T20:00:00+09:00,J5,366,365,731
2018-08-14T20:15:00+09:00,J1,476,576,1052
2018-08-14T20:15:00+09:00,J2,429,383,812
2018-08-14T20:15:00+09:00,J3,622,602,1224
2018-08-14T20:15:00+09:00,J4,752,589,1341
2018-08-14T20:15:00+09:00,J5,443,408,851
2018-08-14T20:30:00+09:00,J1,504,626,1130
2018-08-14T20:30:00+09:00,J2,461,391,852
2018-08-14T20:30:00+09:00,J3,666,557,1223
2018-08-14T20:30:00+09:00,J4,718,659,1377
2018-08-14T20:30:00+09:00,J5,451,382,833
2018-08-14T20:45:00+09:00,J1,470,542,1012
2018-08-14T20:45:00+09:00,J2,461,349,810
2018-08-14T20:45:00+09:00,J3,627,553,1180
2018-08-14T20:45:00+09:00,J4,697,531,1228
2018-08-14T20:45:00+09:00,J5,396,387,783
2018-08-14T21:00:00+09:00,J1,551,617,1168
2018-08-14T21:00:00+09:00,J2,493,380,873
2018-08-14T21:00:00+09:00,J3,604,501,1105
2018-08-14T21:00:00+09:00,J4,760,578,1338
2018-08-14T21:00:00+09:00,J5,416,416,832
2018-08-14T21:15:00+09:00,J1,541,592,1133
2018-08-14T21:15:00+09:00,J2,487,375,862
2018-08-14T21:15:00+09:00,J3,520,528,1048
2018-08-14T21:15:00+09:00,J4,701,532,1233
2018-08-14T21:15:00+09:00,J5,438,452,890
2018-08-14T21:30:00+09:00,J1,522,486,1008
2018-08-14T21:30:00+09:00,J2,427,329,756
2018-08-14T21:30:00+09:00,J3,531,515,1046
2018-08-14T21:30:00+09:00,J4,622,531,1153
2018-08-14T21:30:00+09:00,J5,468,433,901
2018-08-14T21:45:00+09:00,J1,452,539,991
2018-08-14T21:45:00+09:00,J2,393,302,695
2018-08-14T21:45:00+09:00,J3,547,486,1033
2018-08-14T21:45:00+09:00,J4,582,522,1104
2018-08-14T21:45:00+09:00,J5,410,449,859
2018-08-14T22:00:00+09:00,J1,491,542,1033
2018-08-14T22:00:00+09:00,J2,455,370,825
2018-08-14T22:00:00+09:00,J3,435,483,918
2018-08-14T22:00:00+09:00,J4,615,516,1131
2018-08-14T22:00:00+09:00,J5,446,416,862
2018-08-14T22:15:00+09:00,J1,483,546,1029
2018-08-14T22:15:00+09:00,J2,360,346,706
2018-08-14T22:15:00+09:00,J3,408,420,828
2018-08-14T22:15:00+09:00,J4,597,516,1113
2018-08-14T22:15:00+09:00,J5,413,359,772
2018-08-14T22:30:00+09:00,J1,430,475,905
2018-08-14T22:30:00+09:00,J2,334,324,658
2018-08-14T22:30:00+09:00,J3,443,480,923
2018-08-14T22:30:00+09:00,J4,572,558,1130
2018-08-14T22:30:00+09:00,J5,327,329,656
2018-08-14T22:45:00+09:00,J1,479,541,1020
2018-08-14T22:45:00+09:00,J2,342,299,641
2018-08-14T22:45:00+09:00,J3,450,468,918
2018-08-14T22:45:00+09:00,J4,424,480,904
2018-08-14T22:45:00+09:00,J5,212,214,426
2018-08-14T23:00:00+09:00,J1,446,492,938
2018-08-14T23:00:00+09:00,J2,346,328,674
2018-08-14T23:00:00+09:00,J3,475,464,939
2018-08-14T23:00:00+09:00,J4,471,444,915
2018-08-14T23:00:00+09:00,J5,150,123,273
2018-08-14T23:15:00+09:00,J1,383,508,891
2018-08-14T23:15:00+09:00,J2,342,358,700
2018-08-14T23:15:00+09:00,J3,424,445,869
2018-08-14T23:15:00+09:00,J4,466,544,1010
2018-08-14T23:15:00+09:00,J5,147,131,278
2018-08-14T23:30:00+09:00,J1,469,475,944
2018-08-14T23:30:00+09:00,J2,337,328,665
2018-08-14T23:30:00+09:00,J3,400,388,788
2018-08-14T23:30:00+09:00,J4,465,485,950
2018-08-14T23:30:00+09:00,J5,150,109,259
2018-08-14T23:45:00+09:00,J1,354,385,739
2018-08-14T23:45:00+09:00,J2,280,260,540
2018-08-14T23:45:00+09:00,J3,444,393,837
2018-08-14T23:45:00+09:00,J4,434,381,815
2018-08-14T23:45:00+09:00,J5,126,99,225
2018-08-15T00:00:00+09:00,J1,303,275,578
2018-08-15T00:00:00+09:00,J2,224,235,459
2018-08-15T00:00:00+09:00,J3,411,348,759
2018-08-15T00:00:00+09:00,J4,416,388,804
2018-08-15T00:00:00+09:00,J5,114,77,191
2018-08-15T00:15:00+09:00,J1,225,196,421
2018-08-15T00:15:00+09:00,J2,217,202,419
2018-08-15T00:15:00+09:00,J3,259,236,495
2018-08-15T00:15:00+09:00,J4,355,289,644
2018-08-15T00:15:00+09:00,J5,132,126,258
2018-08-15T00:30:00+09:00,J1,219,203,422
2018-08-15T00:30:00+09:00,J2,196,217,413
2018-08-15T00:30:00+09:00,J3,194,199,393
2018-08-15T00:30:00+09:00,J4,388,299,687
2018-08-15T00:30:00+09:00,J5,313,263,576
2018-08-15T00:45:00+09:00,J1,244,222,466
2018-08-15T00:45:00+09:00,J2,193,214,407
2018-08-15T00:45:00+09:00,J3,187,169,356
2018-08-15T00:45:00+09:00,J4,348,275,623
2018-08-15T00:45:00+09:00,J5,323,333,656
2018-08-15T05:45:00+09:00,J1,309,287,596
2018-08-15T05:45:00+09:00,J2,179,219,398
2018-08-15T05:45:00+09:00,J3,266,277,543
2018-08-15T05:45:00+09:00,J4,278,346,624
2018-08-15T05:45:00+09:00,J5,210,208,418
2018-08-15T06:00:00+09:00,J1,291,264,555
2018-08-15T06:00:00+09:00,J2,177,241,418
2018-08-15T06:00:00+09:00,J3,206,193,399
2018-08-15T06:00:00+09:00,J4,349,365,714
2018-08-15T06:00:00+09:00,J5,296,336,632
2018-08-15T06:15:00+09:00,J1,280,268,548
2018-08-15T06:15:00+09:00,J2,198,220,418
2018-08-15T06:15:00+09:00,J3,256,242,498
2018-08-15T06:15:00+09:00,J4,308,384,692
2018-08-15T06:15:00+09:00,J5,323,374,697
2018-08-15T06:30:00+09:00,J1,342,314,656
2018-08-15T06:30:00+09:00,J2,191,214,405
2018-08-15T06:30:00+09:00,J3,246,195,441
2018-08-15T06:30:00+09:00,J4,272,310,582
2018-08-15T06:30:00+09:00,J5,384,332,716
2018-08-15T06:45:00+09:00,J1,377,357,734
2018-08-15T06:45:00+09:00,J2,243,281,524
2018-08-15T06:45:00+09:00,J3,253,211,464
2018-08-15T06:45:00+09:00,J4,291,357,648
2018-08-15T06:45:00+09:00,J5,322,341,663
2018-08-15T07:00:00+09:00,J1,415,399,814
2018-08-15T07:00:00+09:00,J2,238,242,480
2018-08-15T07:00:00+09:00,J3,278,233,511
2018-08-15T07:00:00+09:00,J4,386,432,818
2018-08-15T07:00:00+09:00,J5,323,342,665
2018-08-15T07:15:00+09:00,J1,446,407,853
2018-08-15T07:15:00+09:00,J2,254,281,535
2018-08-15T07:15:00+09:00,J3,337,309,646
2018-08-15T07:15:00+09:00,J4,375,462,837
2018-08-15T07:15:00+09:00,J5,296,343,639
2018-08-15T07:30:00+09:00,J1,533,450,983
2018-08-15T07:30:00+09:00,J2,414,356,770
2018-08-15T07:30:00+09:00,J3,633,519,1152
2018-08-15T07:30:00+09:00,J4,385,530,915
2018-08-15T07:30:00+09:00,J5,281,258,539
2018-08-15T07:45:00+09:00,J1,698,532,1230
2018-08-15T07:45:00+09:00,J2,481,327,808
2018-08-15T07:45:00+09:00,J3,676,603,1279
2018-08-15T07:45:00+09:00,J4,481,665,1146
2018-08-15T07:45:00+09:00,J5,251,160,411
2018-08-15T08:00:00+09:00,J1,811,634,1445
2018-08-15T08:00:00+09:00,J2,761,429,1190
2018-08-15T08:00:00+09:00,J3,717,666,1383
2018-08-15T08:00:00+09:00,J4,585,927,1512
2018-08-15T08:00:00+09:00,J5,309,276,585
2018-08-15T08:15:00+09:00,J1,902,723,1625
2018-08-15T08:15:00+09:00,J2,766,352,1118
2018-08-15T08:15:00+09:00,J3,638,802,1440
2018-08-15T08:15:00+09:00,J4,722,1108,1830
2018-08-15T08:15:00+09:00,J5,350,342,692
2018-08-15T08:30:00+09:00,J1,894,642,1536
2018-08-15T08:30:00+09:00,J2,784,336,1120
2018-08-15T08:30:00+09:00,J3,608,833,1441
2018-08-15T08:30:00+09:00,J4,707,980,1687
2018-08-15T08:30:00+09:00,J5,290,328,618
2018-08-15T08:45:00+09:00,J1,693,575,1268
2018-08-15T08:45:00+09:00,J2,592,356,948
2018-08-15T08:45:00+09:00,J3,545,638,1183
2018-08-15T08:45:00+09:00,J4,620,806,1426
2018-08-15T08:45:00+09:00,J5,288,273,561
2018-08-15T09:00:00+09:00,J1,692,596,1288
2018-08-15T09:00:00+09:00,J2,523,419,942
2018-08-15T09:00:00+09:00,J3,546,632,1178
2018-08-15T09:00:00+09:00,J4,638,799,1437
2018-08-15T09:00:00+09:00,J5,291,233,524
2018-08-15T09:15:00+09:00,J1,612,568,1180
2018-08-15T09:15:00+09:00,J2,512,409,921
2018-08-15T09:15:00+09:00,J3,580,625,1205
2018-08-15T09:15:00+09:00,J4,637,762,1399
2018-08-15T09:15:00+09:00,J5,261,252,513
2018-08-15T09:30:00+09:00,J1,620,578,1198
2018-08-15T09:30:00+09:00,J2,504,440,944
2018-08-15T09:30:00+09:00,J3,616,707,1323
2018-08-15T09:30:00+09:00,J4,692,774,1466
2018-08-15T09:30:00+09:00,J5,299,212,511
2018-08-15T09:45:00+09:00,J1,548,570,1118
2018-08-15T09:45:00+09:00,J2,530,408,938
2018-08-15T09:45:00+09:00,J3,573,591,1164
2018-08-15T09:45:00+09:00,J4,594,637,1231
2018-08-15T09:45:00+09:00,J5,320,237,557
2018-08-15T10:00:00+09:00,J1,515,537,1052
2018-08-15T10:00:00+09:00,J2,472,340,812
2018-08-15T10:00:00+09:00,J3,684,691,1375
2018-08-15T10:00:00+09:00,J4,633,696,1329
2018-08-15T10:00:00+09:00,J5,288,262,550
2018-08-15T10:15:00+09:00,J1,590,607,1197
2018-08-15T10:15:00+09:00,J2,566,398,964
2018-08-15T10:15:00+09:00,J3,613,686,1299
2018-08-15T10:15:00+09:00,J4,650,738,1388
2018-08-15T10:15:00+09:00,J5,291,235,526
2018-08-15T10:30:00+09:00,J1,585,606,1191
2018-08-15T10:30:00+09:00,J2,599,390,989
2018-08-15T10:30:00+09:00,J3,665,698,1363
2018-08-15T10:30:00+09:00,J4,654,699,1353
2018-08-15T10:30:00+09:00,J5,319,287,606
2018-08-15T10:45:00+09:00,J1,613,606,1219
2018-08-15T10:45:00+09:00,J2,633,442,1075
2018-08-15T10:45:00+09:00,J3,677,763,1440
2018-08-15T10:45:00+09:00,J4,674,667,1341
2018-08-15T10:45:00+09:00,J5,293,302,595
2018-08-15T11:00:00+09:00,J1,615,525,1140
2018-08-15T11:00:00+09:00,J2,610,387,997
2018-08-15T11:00:00+09:00,J3,674,678,1352
2018-08-15T11:00:00+09:00,J4,686,634,1320
2018-08-15T11:00:00+09:00,J5,264,239,503
2018-08-15T11:15:00+09:00,J1,657,699,1356
2018-08-15T11:15:00+09:00,J2,549,407,956
2018-08-15T11:15:00+09:00,J3,727,713,1440
2018-08-15T11:15:00+09:00,J4,704,664,1368
2018-08-15T11:15:00+09:00,J5,228,265,493
2018-08-15T11:30:00+09:00,J1,672,696,1368
2018-08-15T11:30:00+09:00,J2,547,357,904
2018-08-15T11:30:00+09:00,J3,671,728,1399
2018-08-15T11:30:00+09:00,J4,687,661,1348
2018-08-15T11:30:00+09:00,J5,239,219,458
2018-08-15T11:45:00+09:00,J1,674,653,1327
2018-08-15T11:45:00+09:00,J2,622,429,1051
2018-08-15T11:45:00+09:00,J3,788,704,1492
2018-08-15T11:45:00+09:00,J4,646,611,1257
2018-08-15T11:45:00+09:00,J5,312,213,525
2018-08-15T12:00:00+09:00,J1,627,653,1280
2018-08-15T12:00:00+09:00,J2,562,444,1006
2018-08-15T12:00:00+09:00,J3,710,716,1426
2018-08-15T12:00:00+09:00,J4,709,600,1309
2018-08-15T12:00:00+09:00,J5,378,240,618
2018-08-15T12:15:00+09:00,J1,667,723,1390
2018-08-15T12:15:00+09:00,J2,591,484,1075
2018-08-15T12:15:00+09:00,J3,593,659,1252
2018-08-15T12:15:00+09:00,J4,760,660,1420
2018-08-15T12:15:00+09:00,J5,368,289,657
2018-08-15T12:30:00+09:00,J1,658,725,1383
2018-08-15T12:30:00+09:00,J2,627,399,1026
2018-08-15T12:30:00+09:00,J3,559,589,1148
2018-08-15T12:30:00+09:00,J4,637,672,1309
2018-08-15T12:30:00+09:00,J5,322,266,588
2018-08-15T12:45:00+09:00,J1,639,717,1356
2018-08-15T12:45:00+09:00,J2,602,452,1054
2018-08-15T12:45:00+09:00,J3,656,677,1333
2018-08-15T12:45:00+09:00,J4,696,664,1360
2018-08-15T12:45:00+09:00,J5,330,297,627
2018-08-15T13:00:00+09:00,J1,685,764,1449
2018-08-15T13:00:00+09:00,J2,595,486,1081
2018-08-15T13:00:00+09:00,J3,650,645,1295
2018-08-15T13:00:00+09:00,J4,648,620,1268
2018-08-15T13:00:00+09:00,J5,302,255,557
2018-08-15T13:15:00+09:00,J1,753,792,1545
2018-08-15T13:15:00+09:00,J2,577,444,1021
2018-08-15T13:15:00+09:00,J3,638,669,1307
2018-08-15T13:15:00+09:00,J4,611,583,1194
2018-08-15T13:15:00+09:00,J5,252,316,568
2018-08-15T13:30:00+09:00,J1,661,837,1498
2018-08-15T13:30:00+09:00,J2,537,440,977
2018-08-15T13:30:00+09:00,J3,690,711,1401
2018-08-15T13:30:00+09:00,J4,613,614,1227
2018-08-15T13:30:00+09:00,J5,346,316,662
2018-08-15T13:45:00+09:00,J1,619,764,1383
2018-08-15T13:45:00+09:00,J2,543,440,983
2018-08-15T13:45:00+09:00,J3,660,688,1348
2018-08-15T13:45:00+09:00,J4,590,589,1179
2018-08-15T13:45:00+09:00,J5,301,270,571
2018-08-15T14:00:00+09:00,J1,717,850,1567
2018-08-15T14:00:00+09:00,J2,629,498,1127
2018-08-15T14:00:00+09:00,J3,587,736,1323
2018-08-15T14:00:00+09:00,J4,608,612,1220
2018-08-15T14:00:00+09:00,J5,289,266,555
2018-08-15T14:15:00+09:00,J1,721,951,1672
2018-08-15T14:15:00+09:00,J2,597,556,1153
2018-08-15T14:15:00+09:00,J3,648,764,1412
2018-08-15T14:15:00+09:00,J4,600,659,1259
2018-08-15T14:15:00+09:00,J5,301,304,605
2018-08-15T14:30:00+09:00,J1,733,830,1563
2018-08-15T14:30:00+09:00,J2,610,556,1166
2018-08-15T14:30:00+09:00,J3,605,746,1351
2018-08-15T14:30:00+09:00,J4,559,569,1128
2018-08-15T14:30:00+09:00,J5,316,316,632
2018-08-15T14:45:00+09:00,J1,816,968,1784
2018-08-15T14:45:00+09:00,J2,551,527,1078
2018-08-15T14:45:00+09:00,J3,623,782,1405
2018-08-15T14:45:00+09:00,J4,586,584,1170
2018-08-15T14:45:00+09:00,J5,306,321,627
2018-08-15T15:00:00+09:00,J1,817,1003,1820
2018-08-15T15:00:00+09:00,J2,594,521,1115
2018-08-15T15:00:00+09:00,J3,642,751,1393
2018-08-15T15:00:00+09:00,J4,552,604,1156
2018-08-15T15:00:00+09:00,J5,260,267,527
2018-08-15T15:15:00+09:00,J1,741,954,1695
2018-08-15T15:15:00+09:00,J2,621,520,1141
2018-08-15T15:15:00+09:00,J3,605,651,1256
2018-08-15T15:15:00+09:00,J4,659,620,1279
2018-08-15T15:15:00+09:00,J5,282,270,552
2018-08-15T15:30:00+09:00,J1,792,939,1731
2018-08-15T15:30:00+09:00,J2,651,558,1209
2018-08-15T15:30:00+09:00,J3,604,688,1292
2018-08-15T15:30:00+09:00,J4,730,584,1314
2018-08-15T15:30:00+09:00,J5,279,240,519
2018-08-15T15:45:00+09:00,J1,749,834,1583
2018-08-15T15:45:00+09:00,J2,649,502,1151
2018-08-15T15:45:00+09:00,J3,483,624,1107
2018-08-15T15:45:00+09:00,J4,753,625,1378
2018-08-15T15:45:00+09:00,J5,307,280,587
2018-08-15T16:00:00+09:00,J1,784,845,1629
2018-08-15T16:00:00+09:00,J2,677,571,1248
2018-08-15T16:00:00+09:00,J3,558,610,1168
2018-08-15T16:00:00+09:00,J4,636,593,1229
2018-08-15T16:00:00+09:00,J5,339,300,639
2018-08-15T16:15:00+09:00,J1,767,860,1627
2018-08-15T16:15:00+09:00,J2,694,469,1163
2018-08-15T16:15:00+09:00,J3,530,679,1209
2018-08-15T16:15:00+09:00,J4,607,583,1190
2018-08-15T16:15:00+09:00,J5,353,302,655
2018-08-15T16:30:00+09:00,J1,810,826,1636
2018-08-15T16:30:00+09:00,J2,770,518,1288
2018-08-15T16:30:00+09:00,J3,648,631,1279
2018-08-15T16:30:00+09:00,J4,590,551,1141
2018-08-15T16:30:00+09:00,J5,327,304,631
2018-08-15T16:45:00+09:00,J1,797,862,1659
2018-08-15T16:45:00+09:00,J2,712,482,1194
2018-08-15T16:45:00+09:00,J3,653,632,1285
2018-08-15T16:45:00+09:00,J4,660,527,1187
2018-08-15T16:45:00+09:00,J5,388,331,719
2018-08-15T17:00:00+09:00,J1,772,911,1683
2018-08-15T17:00:00+09:00,J2,663,580,1243
2018-08-15T17:00:00+09:00,J3,658,725,1383
2018-08-15T17:00:00+09:00,J4,616,561,1177
2018-08-15T17:00:00+09:00,J5,445,369,814
2018-08-15T17:15:00+09:00,J1,839,979,1818
2018-08-15T17:15:00+09:00,J2,643,593,1236
2018-08-15T17:15:00+09:00,J3,802,867,1669
2018-08-15T17:15:00+09:00,J4,744,673,1417
2018-08-15T17:15:00+09:00,J5,416,443,859
2018-08-15T17:30:00+09:00,J1,877,1014,1891
2018-08-15T17:30:00+09:00,J2,725,628,1353
2018-08-15T17:30:00+09:00,J3,864,903,1767
2018-08-15T17:30:00+09:00,J4,802,653,1455
2018-08-15T17:30:00+09:00,J5,377,444,821
2018-08-15T17:45:00+09:00,J1,879,1079,1958
2018-08-15T17:45:00+09:00,J2,790,584,1374
2018-08-15T17:45:00+09:00,J3,945,880,1825
2018-08-15T17:45:00+09:00,J4,882,661,1543
2018-08-15T17:45:00+09:00,J5,392,447,839
2018-08-15T18:00:00+09:00,J1,912,1052,1964
2018-08-15T18:00:00+09:00,J2,810,585,1395
2018-08-15T18:00:00+09:00,J3,939,831,1770
2018-08-15T18:00:00+09:00,J4,848,634,1482
2018-08-15T18:00:00+09:00,J5,485,459,944
2018-08-15T18:15:00+09:00,J1,901,982,1883
2018-08-15T18:15:00+09:00,J2,747,524,1271
2018-08-15T18:15:00+09:00,J3,954,744,1698
2018-08-15T18:15:00+09:00,J4,892,648,1540
2018-08-15T18:15:00+09:00,J5,450,452,902
2018-08-15T18:30:00+09:00,J1,832,917,1749
2018-08-15T18:30:00+09:00,J2,727,566,1293
2018-08-15T18:30:00+09:00,J3,869,774,1643
2018-08-15T18:30:00+09:00,J4,856,713,1569
2018-08-15T18:30:00+09:00,J5,406,389,795
2018-08-15T18:45:00+09:00,J1,718,804,1522
2018-08-15T18:45:00+09:00,J2,661,524,1185
2018-08-15T18:45:00+09:00,J3,855,727,1582
2018-08-15T18:45:00+09:00,J4,806,546,1352
2018-08-15T18:45:00+09:00,J5,426,384,810
2018-08-15T19:00:00+09:00,J1,674,718,1392
2018-08-15T19:00:00+09:00,J2,577,460,1037
2018-08-15T19:00:00+09:00,J3,810,702,1512
2018-08-15T19:00:00+09:00,J4,806,591,1397
2018-08-15T19:00:00+09:00,J5,474,497,971
2018-08-15T19:15:00+09:00,J1,651,744,1395
2018-08-15T19:15:00+09:00,J2,592,430,1022
2018-08-15T19:15:00+09:00,J3,730,678,1408
2018-08-15T19:15:00+09:00,J4,822,659,1481
2018-08-15T19:15:00+09:00,J5,482,521,1003
2018-08-15T19:30:00+09:00,J1,603,685,1288
2018-08-15T19:30:00+09:00,J2,585,337,922
2018-08-15T19:30:00+09:00,J3,612,560,1172
2018-08-15T19:30:00+09:00,J4,743,604,1347
2018-08-15T19:30:00+09:00,J5,455,396,851
2018-08-15T19:45:00+09:00,J1,534,641,1175
2018-08-15T19:45:00+09:00,J2,523,380,903
2018-08-15T19:45:00+09:00,J3,640,634,1274
2018-08-15T19:45:00+09:00,J4,692,667,1359
2018-08-15T19:45:00+09:00,J5,433,441,874
2018-08-15T20:00:00+09:00,J1,531,643,1174
2018-08-15T20:00:00+09:00,J2,467,347,814
2018-08-15T20:00:00+09:00,J3,711,626,1337
2018-08-15T20:00:00+09:00,J4,715,600,1315
2018-08-15T20:00:00+09:00,J5,560,544,1104
2018-08-15T20:15:00+09:00,J1,545,598,1143
2018-08-15T20:15:00+09:00,J2,496,354,850
2018-08-15T20:15:00+09:00,J3,617,562,1179
2018-08-15T20:15:00+09:00,J4,711,573,1284
2018-08-15T20:15:00+09:00,J5,507,553,1060
2018-08-15T20:30:00+09:00,J1,560,590,1150
2018-08-15T20:30:00+09:00,J2,450,339,789
2018-08-15T20:30:00+09:00,J3,629,638,1267
2018-08-15T20:30:00+09:00,J4,646,543,1189
2018-08-15T20:30:00+09:00,J5,459,503,962
2018-08-15T20:45:00+09:00,J1,524,600,1124
2018-08-15T20:45:00+09:00,J2,431,364,795
2018-08-15T20:45:00+09:00,J3,646,545,1191
2018-08-15T20:45:00+09:00,J4,587,451,1038
2018-08-15T20:45:00+09:00,J5,463,527,990
2018-08-15T21:00:00+09:00,J1,578,710,1288
2018-08-15T21:00:00+09:00,J2,464,356,820
2018-08-15T21:00:00+09:00,J3,554,506,1060
2018-08-15T21:00:00+09:00,J4,544,540,1084
2018-08-15T21:00:00+09:00,J5,438,528,966
2018-08-15T21:15:00+09:00,J1,550,658,1208
2018-08-15T21:15:00+09:00,J2,459,383,842
2018-08-15T21:15:00+09:00,J3,603,543,1146
2018-08-15T21:15:00+09:00,J4,628,545,1173
2018-08-15T21:15:00+09:00,J5,481,487,968
2018-08-15T21:30:00+09:00,J1,489,529,1018
2018-08-15T21:30:00+09:00,J2,412,326,738
2018-08-15T21:30:00+09:00,J3,571,569,1140
2018-08-15T21:30:00+09:00,J4,584,538,1122
2018-08-15T21:30:00+09:00,J5,467,492,959
2018-08-15T21:45:00+09:00,J1,462,489,951
2018-08-15T21:45:00+09:00,J2,430,301,731
2018-08-15T21:45:00+09:00,J3,492,471,963
2018-08-15T21:45:00+09:00,J4,532,466,998
2018-08-15T21:45:00+09:00,J5,411,419,830
2018-08-15T22:00:00+09:00,J1,416,527,943
2018-08-15T22:00:00+09:00,J2,352,301,653
2018-08-15T22:00:00+09:00,J3,546,403,949
2018-08-15T22:00:00+09:00,J4,542,544,1086
2018-08-15T22:00:00+09:00,J5,386,413,799
2018-08-15T22:15:00+09:00,J1,433,454,887
2018-08-15T22:15:00+09:00,J2,313,340,653
2018-08-15T22:15:00+09:00,J3,521,476,997
2018-08-15T22:15:00+09:00,J4,580,523,1103
2018-08-15T22:15:00+09:00,J5,383,456,839
2018-08-15T22:30:00+09:00,J1,438,499,937
2018-08-15T22:30:00+09:00,J2,280,378,658
2018-08-15T22:30:00+09:00,J3,508,390,898
2018-08-15T22:30:00+09:00,J4,576,565,1141
2018-08-15T22:30:00+09:00,J5,392,382,774
2018-08-15T22:45:00+09:00,J1,401,495,896
2018-08-15T22:45:00+09:00,J2,314,339,653
2018-08-15T22:45:00+09:00,J3,486,409,895
2018-08-15T22:45:00+09:00,J4,446,439,885
2018-08-15T22:45:00+09:00,J5,241,174,415
2018-08-15T23:00:00+09:00,J1,376,502,878
2018-08-15T23:00:00+09:00,J2,303,388,691
2018-08-15T23:00:00+09:00,J3,507,485,992
2018-08-15T23:00:00+09:00,J4,540,476,1016
2018-08-15T23:00:00+09:00,J5,155,83,238
2018-08-15T23:15:00+09:00,J1,401,471,872
2018-08-15T23:15:00+09:00,J2,304,338,642
2018-08-15T23:15:00+09:00,J3,458,463,921
2018-08-15T23:15:00+09:00,J4,478,503,981
2018-08-15T23:15:00+09:00,J5,162,135,297
2018-08-15T23:30:00+09:00,J1,404,437,841
2018-08-15T23:30:00+09:00,J2,258,332,590
2018-08-15T23:30:00+09:00,J3,451,477,928
2018-08-15T23:30:00+09:00,J4,426,419,845
2018-08-15T23:30:00+09:00,J5,188,110,298
2018-08-15T23:45:00+09:00,J1,323,407,730
2018-08-15T23:45:00+09:00,J2,264,310,574
2018-08-15T23:45:00+09:00,J3,423,377,800
2018-08-15T23:45:00+09:00,J4,452,450,902
2018-08-15T23:45:00+09:00,J5,203,153,356
2018-08-16T00:00:00+09:00,J1,340,306,646
2018-08-16T00:00:00+09:00,J2,244,246,490
2018-08-16T00:00:00+09:00,J3,339,322,661
2018-08-16T00:00:00+09:00,J4,403,409,812
2018-08-16T00:00:00+09:00,J5,272,206,478
2018-08-16T00:15:00+09:00,J1,270,241,511
2018-08-16T00:15:00+09:00,J2,206,199,405
2018-08-16T00:15:00+09:00,J3,204,265,469
2018-08-16T00:15:00+09:00,J4,255,233,488
2018-08-16T00:15:00+09:00,J5,283,267,550
2018-08-16T00:30:00+09:00,J1,230,186,416
2018-08-16T00:30:00+09:00,J2,172,152,324
2018-08-16T00:30:00+09:00,J3,265,300,565
2018-08-16T00:30:00+09:00,J4,162,181,343
2018-08-16T00:30:00+09:00,J5,264,311,575
2018-08-16T00:45:00+09:00,J1,247,180,427
2018-08-16T00:45:00+09:00,J2,153,197,350
2018-08-16T00:45:00+09:00,J3,248,290,538
2018-08-16T00:45:00+09:00,J4,130,167,297
2018-08-16T00:45:00+09:00,J5,189,203,392
2018-08-16T05:45:00+09:00,J1,334,346,680
2018-08-16T05:45:00+09:00,J2,270,281,551
2018-08-16T05:45:00+09:00,J3,297,297,594
2018-08-16T05:45:00+09:00,J4,533,563,1096
2018-08-16T05:45:00+09:00,J5,144,153,297
2018-08-16T06:00:00+09:00,J1,359,394,753
2018-08-16T06:00:00+09:00,J2,258,251,509
2018-08-16T06:00:00+09:00,J3,307,323,630
2018-08-16T06:00:00+09:00,J4,446,475,921
2018-08-16T06:00:00+09:00,J5,173,187,360
2018-08-16T06:15:00+09:00,J1,334,346,680
2018-08-16T06:15:00+09:00,J2,301,256,557
2018-08-16T06:15:00+09:00,J3,252,294,546
2018-08-16T06:15:00+09:00,J4,550,589,1139
2018-08-16T06:15:00+09:00,J5,192,233,425
2018-08-16T06:30:00+09:00,J1,332,318,650
2018-08-16T06:30:00+09:00,J2,334,335,669
2018-08-16T06:30:00+09:00,J3,242,229,471
2018-08-16T06:30:00+09:00,J4,663,678,1341
2018-08-16T06:30:00+09:00,J5,220,255,475
2018-08-16T06:45:00+09:00,J1,401,327,728
2018-08-16T06:45:00+09:00,J2,334,398,732
2018-08-16T06:45:00+09:00,J3,283,240,523
2018-08-16T06:45:00+09:00,J4,691,718,1409
2018-08-16T06:45:00+09:00,J5,222,218,440
2018-08-16T07:00:00+09:00,J1,467,400,867
2018-08-16T07:00:00+09:00,J2,300,279,579
2018-08-16T07:00:00+09:00,J3,285,263,548
2018-08-16T07:00:00+09:00,J4,681,735,1416
2018-08-16T07:00:00+09:00,J5,219,252,471
2018-08-16T07:15:00+09:00,J1,536,442,978
2018-08-16T07:15:00+09:00,J2,282,241,523
2018-08-16T07:15:00+09:00,J3,326,370,696
2018-08-16T07:15:00+09:00,J4,677,724,1401
2018-08-16T07:15:00+09:00,J5,242,265,507
2018-08-16T07:30:00+09:00,J1,545,501,1046
2018-08-16T07:30:00+09:00,J2,317,313,630
2018-08-16T07:30:00+09:00,J3,393,404,797
2018-08-16T07:30:00+09:00,J4,599,704,1303
2018-08-16T07:30:00+09:00,J5,274,342,616
2018-08-16T07:45:00+09:00,J1,736,543,1279
2018-08-16T07:45:00+09:00,J2,423,229,652
2018-08-16T07:45:00+09:00,J3,528,538,1066
2018-08-16T07:45:00+09:00,J4,570,757,1327
2018-08-16T07:45:00+09:00,J5,331,332,663
2018-08-16T08:00:00+09:00,J1,918,631,1549
2018-08-16T08:00:00+09:00,J2,558,379,937
2018-08-16T08:00:00+09:00,J3,681,678,1359
2018-08-16T08:00:00+09:00,J4,521,854,1375
2018-08-16T08:00:00+09:00,J5,392,467,859
2018-08-16T08:15:00+09:00,J1,1030,597,1627
2018-08-16T08:15:00+09:00,J2,672,405,1077
2018-08-16T08:15:00+09:00,J3,679,911,1590
2018-08-16T08:15:00+09:00,J4,610,961,1571
2018-08-16T08:15:00+09:00,J5,481,516,997
2018-08-16T08:30:00+09:00,J1,1014,640,1654
2018-08-16T08:30:00+09:00,J2,810,396,1206
2018-08-16T08:30:00+09:00,J3,679,883,1562
2018-08-16T08:30:00+09:00,J4,671,1054,1725
2018-08-16T08:30:00+09:00,J5,484,480,964
2018-08-16T08:45:00+09:00,J1,758,525,1283
2018-08-16T08:45:00+09:00,J2,556,353,909
2018-08-16T08:45:00+09:00,J3,576,706,1282
2018-08-16T08:45:00+09:00,J4,600,827,1427
2018-08-16T08:45:00+09:00,J5,410,459,869
2018-08-16T09:00:00+09:00,J1,679,493,1172
2018-08-16T09:00:00+09:00,J2,526,352,878
2018-08-16T09:00:00+09:00,J3,541,582,1123
2018-08-16T09:00:00+09:00,J4,508,690,1198
2018-08-16T09:00:00+09:00,J5,351,364,715
2018-08-16T09:15:00+09:00,J1,641,546,1187
2018-08-16T09:15:00+09:00,J2,453,433,886
2018-08-16T09:15:00+09:00,J3,426,505,931
2018-08-16T09:15:00+09:00,J4,570,694,1264
2018-08-16T09:15:00+09:00,J5,304,321,625
2018-08-16T09:30:00+09:00,J1,608,511,1119
2018-08-16T09:30:00+09:00,J2,460,348,808
2018-08-16T09:30:00+09:00,J3,457,517,974
2018-08-16T09:30:00+09:00,J4,714,787,1501
2018-08-16T09:30:00+09:00,J5,347,349,696
2018-08-16T09:45:00+09:00,J1,632,558,1190
2018-08-16T09:45:00+09:00,J2,415,376,791
2018-08-16T09:45:00+09:00,J3,469,462,931
2018-08-16T09:45:00+09:00,J4,648,688,1336
2018-08-16T09:45:00+09:00,J5,365,395,760
2018-08-16T10:00:00+09:00,J1,545,592,1137
2018-08-16T10:00:00+09:00,J2,347,388,735
2018-08-16T10:00:00+09:00,J3,443,413,856
2018-08-16T10:00:00+09:00,J4,551,561,1112
2018-08-16T10:00:00+09:00,J5,353,380,733
2018-08-16T10:15:00+09:00,J1,614,635,1249
2018-08-16T10:15:00+09:00,J2,387,374,761
2018-08-16T10:15:00+09:00,J3,492,523,1015
2018-08-16T10:15:00+09:00,J4,475,538,1013
2018-08-16T10:15:00+09:00,J5,427,383,810
2018-08-16T10:30:00+09:00,J1,624,648,1272
2018-08-16T10:30:00+09:00,J2,391,357,748
2018-08-16T10:30:00+09:00,J3,458,493,951
2018-08-16T10:30:00+09:00,J4,506,582,1088
2018-08-16T10:30:00+09:00,J5,414,408,822
2018-08-16T10:45:00+09:00,J1,635,650,1285
2018-08-16T10:45:00+09:00,J2,433,359,792
2018-08-16T10:45:00+09:00,J3,524,483,1007
2018-08-16T10:45:00+09:00,J4,564,609,1173
2018-08-16T10:45:00+09:00,J5,388,395,783
2018-08-16T11:00:00+09:00,J1,607,613,1220
2018-08-16T11:00:00+09:00,J2,497,405,902
2018-08-16T11:00:00+09:00,J3,548,480,1028
2018-08-16T11:00:00+09:00,J4,543,575,1118
2018-08-16T11:00:00+09:00,J5,353,445,798
2018-08-16T11:15:00+09:00,J1,694,726,1420
2018-08-16T11:15:00+09:00,J2,429,452,881
2018-08-16T11:15:00+09:00,J3,578,482,1060
2018-08-16T11:15:00+09:00,J4,518,554,1072
2018-08-16T11:15:00+09:00,J5,401,410,811
2018-08-16T11:30:00+09:00,J1,750,742,1492
2018-08-16T11:30:00+09:00,J2,458,477,935
2018-08-16T11:30:00+09:00,J3,544,564,1108
2018-08-16T11:30:00+09:00,J4,492,520,1012
2018-08-16T11:30:00+09:00,J5,348,410,758
2018-08-16T11:45:00+09:00,J1,747,764,1511
2018-08-16T11:45:00+09:00,J2,459,494,953
2018-08-16T11:45:00+09:00,J3,596,546,1142
2018-08-16T11:45:00+09:00,J4,536,594,1130
2018-08-16T11:45:00+09:00,J5,371,436,807
2018-08-16T12:00:00+09:00,J1,808,907,1715
2018-08-16T12:00:00+09:00,J2,524,512,1036
2018-08-16T12:00:00+09:00,J3,794,649,1443
2018-08-16T12:00:00+09:00,J4,596,467,1063
2018-08-16T12:00:00+09:00,J5,370,474,844
2018-08-16T12:15:00+09:00,J1,760,811,1571
2018-08-16T12:15:00+09:00,J2,498,538,1036
2018-08-16T12:15:00+09:00,J3,674,705,1379
2018-08-16T12:15:00+09:00,J4,704,660,1364
2018-08-16T12:15:00+09:00,J5,395,441,836
2018-08-16T12:30:00+09:00,J1,789,826,1615
2018-08-16T12:30:00+09:00,J2,477,519,996
2018-08-16T12:30:00+09:00,J3,798,700,1498
2018-08-16T12:30:00+09:00,J4,673,613,1286
2018-08-16T12:30:00+09:00,J5,323,419,742
2018-08-16T12:45:00+09:00,J1,755,883,1638
2018-08-16T12:45:00+09:00,J2,512,539,1051
2018-08-16T12:45:00+09:00,J3,841,685,1526
2018-08-16T12:45:00+09:00,J4,743,760,1503
2018-08-16T12:45:00+09:00,J5,356,413,769
2018-08-16T13:00:00+09:00,J1,716,842,1558
2018-08-16T13:00:00+09:00,J2,479,547,1026
2018-08-16T13:00:00+09:00,J3,740,721,1461
2018-08-16T13:00:00+09:00,J4,783,768,1551
2018-08-16T13:00:00+09:00,J5,359,456,815
2018-08-16T13:15:00+09:00,J1,748,889,1637
2018-08-16T13:15:00+09:00,J2,473,567,1040
2018-08-16T13:15:00+09:00,J3,760,713,1473
2018-08-16T13:15:00+09:00,J4,739,735,1474
2018-08-16T13:15:00+09:00,J5,375,393,768
2018-08-16T13:30:00+09:00,J1,783,898,1681
2018-08-16T13:30:00+09:00,J2,501,536,1037
2018-08-16T13:30:00+09:00,J3,804,697,1501
2018-08-16T13:30:00+09:00,J4,739,714,1453
2018-08-16T13:30:00+09:00,J5,400,453,853
2018-08-16T13:45:00+09:00,J1,832,958,1790
2018-08-16T13:45:00+09:00,J2,498,491,989
2018-08-16T13:45:00+09:00,J3,818,743,1561
2018-08-16T13:45:00+09:00,J4,859,861,1720
2018-08-16T13:45:00+09:00,J5,398,448,846
2018-08-16T14:00:00+09:00,J1,758,900,1658
2018-08-16T14:00:00+09:00,J2,434,548,982
2018-08-16T14:00:00+09:00,J3,771,771,1542
2018-08-16T14:00:00+09:00,J4,732,745,1477
2018-08-16T14:00:00+09:00,J5,338,413,751
2018-08-16T14:15:00+09:00,J1,793,890,1683
2018-08-16T14:15:00+09:00,J2,498,507,1005
2018-08-16T14:15:00+09:00,J3,849,715,1564
2018-08-16T14:15:00+09:00,J4,750,764,1514
2018-08-16T14:15:00+09:00,J5,331,405,736
2018-08-16T14:30:00+09:00,J1,798,909,1707
2018-08-16T14:30:00+09:00,J2,521,535,1056
2018-08-16T14:30:00+09:00,J3,801,749,1550
2018-08-16T14:30:00+09:00,J4,817,734,1551
2018-08-16T14:30:00+09:00,J5,335,529,864
2018-08-16T14:45:00+09:00,J1,750,820,1570
2018-08-16T14:45:00+09:00,J2,480,512,992
2018-08-16T14:45:00+09:00,J3,730,779,1509
2018-08-16T14:45:00+09:00,J4,730,768,1498
2018-08-16T14:45:00+09:00,J5,353,394,747
2018-08-16T15:00:00+09:00,J1,801,964,1765
2018-08-16T15:00:00+09:00,J2,490,543,1033
2018-08-16T15:00:00+09:00,J3,707,713,1420
2018-08-16T15:00:00+09:00,J4,732,611,1343
2018-08-16T15:00:00+09:00,J5,291,390,681
2018-08-16T15:15:00+09:00,J1,828,972,1800
2018-08-16T15:15:00+09:00,J2,517,590,1107
2018-08-16T15:15:00+09:00,J3,789,741,1530
2018-08-16T15:15:00+09:00,J4,858,791,1649
2018-08-16T15:15:00+09:00,J5,267,383,650
2018-08-16T15:30:00+09:00,J1,818,939,1757
2018-08-16T15:30:00+09:00,J2,568,517,1085
2018-08-16T15:30:00+09:00,J3,809,722,1531
2018-08-16T15:30:00+09:00,J4,854,760,1614
2018-08-16T15:30:00+09:00,J5,294,391,685
2018-08-16T15:45:00+09:00,J1,828,947,1775
2018-08-16T15:45:00+09:00,J2,534,476,1010
2018-08-16T15:45:00+09:00,J3,683,692,1375
2018-08-16T15:45:00+09:00,J4,803,730,1533
2018-08-16T15:45:00+09:00,J5,216,280,496
2018-08-16T16:00:00+09:00,J1,814,1032,1846
2018-08-16T16:00:00+09:00,J2,617,514,1131
2018-08-16T16:00:00+09:00,J3,666,667,1333
2018-08-16T16:00:00+09:00,J4,712,748,1460
2018-08-16T16:00:00+09:00,J5,207,286,493
2018-08-16T16:15:00+09:00,J1,894,999,1893
2018-08-16T16:15:00+09:00,J2,633,545,1178
2018-08-16T16:15:00+09:00,J3,672,727,1399
2018-08-16T16:15:00+09:00,J4,832,751,1583
2018-08-16T16:15:00+09:00,J5,256,321,577
2018-08-16T16:30:00+09:00,J1,772,951,1723
2018-08-16T16:30:00+09:00,J2,651,581,1232
2018-08-16T16:30:00+09:00,J3,714,644,1358
2018-08-16T16:30:00+09:00,J4,769,591,1360
2018-08-16T16:30:00+09:00,J5,273,319,592
2018-08-16T16:45:00+09:00,J1,868,981,1849
2018-08-16T16:45:00+09:00,J2,707,574,1281
2018-08-16T16:45:00+09:00,J3,662,643,1305
2018-08-16T16:45:00+09:00,J4,716,561,1277
2018-08-16T16:45:00+09:00,J5,291,295,586
2018-08-16T17:00:00+09:00,J1,866,998,1864
2018-08-16T17:00:00+09:00,J2,695,710,1405
2018-08-16T17:00:00+09:00,J3,746,720,1466
2018-08-16T17:00:00+09:00,J4,714,548,1262
2018-08-16T17:00:00+09:00,J5,277,396,673
2018-08-16T17:15:00+09:00,J1,954,1145,2099
2018-08-16T17:15:00+09:00,J2,780,734,1514
2018-08-16T17:15:00+09:00,J3,838,761,1599
2018-08-16T17:15:00+09:00,J4,704,557,1261
2018-08-16T17:15:00+09:00,J5,437,456,893
2018-08-16T17:30:00+09:00,J1,940,1199,2139
2018-08-16T17:30:00+09:00,J2,812,673,1485
2018-08-16T17:30:00+09:00,J3,946,822,1768
2018-08-16T17:30:00+09:00,J4,803,586,1389
2018-08-16T17:30:00+09:00,J5,514,544,1058
2018-08-16T17:45:00+09:00,J1,930,1192,2122
2018-08-16T17:45:00+09:00,J2,736,696,1432
2018-08-16T17:45:00+09:00,J3,921,727,1648
2018-08-16T17:45:00+09:00,J4,790,686,1476
2018-08-16T17:45:00+09:00,J5,375,445,820
2018-08-16T18:00:00+09:00,J1,958,1105,2063
2018-08-16T18:00:00+09:00,J2,688,672,1360
2018-08-16T18:00:00+09:00,J3,864,736,1600
2018-08-16T18:00:00+09:00,J4,788,584,1372
2018-08-16T18:00:00+09:00,J5,350,439,789
2018-08-16T18:15:00+09:00,J1,842,1152,1994
2018-08-16T18:15:00+09:00,J2,806,629,1435
2018-08-16T18:15:00+09:00,J3,912,778,1690
2018-08-16T18:15:00+09:00,J4,891,695,1586
2018-08-16T18:15:00+09:00,J5,512,550,1062
2018-08-16T18:30:00+09:00,J1,905,1051,1956
2018-08-16T18:30:00+09:00,J2,649,583,1232
2018-08-16T18:30:00+09:00,J3,915,657,1572
2018-08-16T18:30:00+09:00,J4,866,636,1502
2018-08-16T18:30:00+09:00,J5,486,446,932
2018-08-16T18:45:00+09:00,J1,901,975,1876
2018-08-16T18:45:00+09:00,J2,701,452,1153
2018-08-16T18:45:00+09:00,J3,772,673,1445
2018-08-16T18:45:00+09:00,J4,851,761,1612
2018-08-16T18:45:00+09:00,J5,444,441,885
2018-08-16T19:00:00+09:00,J1,866,1014,1880
2018-08-16T19:00:00+09:00,J2,575,496,1071
2018-08-16T19:00:00+09:00,J3,769,678,1447
2018-08-16T19:00:00+09:00,J4,891,704,1595
2018-08-16T19:00:00+09:00,J5,473,529,1002
2018-08-16T19:15:00+09:00,J1,762,851,1613
2018-08-16T19:15:00+09:00,J2,574,549,1123
2018-08-16T19:15:00+09:00,J3,740,657,1397
2018-08-16T19:15:00+09:00,J4,939,773,1712
2018-08-16T19:15:00+09:00,J5,350,388,738
2018-08-16T19:30:00+09:00,J1,759,815,1574
2018-08-16T19:30:00+09:00,J2,572,478,1050
2018-08-16T19:30:00+09:00,J3,707,680,1387
2018-08-16T19:30:00+09:00,J4,891,813,1704
2018-08-16T19:30:00+09:00,J5,541,500,1041
2018-08-16T19:45:00+09:00,J1,693,748,1441
2018-08-16T19:45:00+09:00,J2,470,409,879
2018-08-16T19:45:00+09:00,J3,685,577,1262
2018-08-16T19:45:00+09:00,J4,829,733,1562
2018-08-16T19:45:00+09:00,J5,506,483,989
2018-08-16T20:00:00+09:00,J1,708,817,1525
2018-08-16T20:00:00+09:00,J2,493,405,898
2018-08-16T20:00:00+09:00,J3,691,624,1315
2018-08-16T20:00:00+09:00,J4,866,718,1584
2018-08-16T20:00:00+09:00,J5,620,632,1252
2018-08-16T20:15:00+09:00,J1,776,865,1641
2018-08-16T20:15:00+09:00,J2,486,447,933
2018-08-16T20:15:00+09:00,J3,745,568,1313
2018-08-16T20:15:00+09:00,J4,819,678,1497
2018-08-16T20:15:00+09:00,J5,615,669,1284
2018-08-16T20:30:00+09:00,J1,738,843,1581
2018-08-16T20:30:00+09:00,J2,476,377,853
2018-08-16T20:30:00+09:00,J3,669,636,1305
2018-08-16T20:30:00+09:00,J4,787,672,1459
2018-08-16T20:30:00+09:00,J5,527,591,1118
2018-08-16T20:45:00+09:00,J1,756,870,1626
2018-08-16T20:45:00+09:00,J2,514,414,928
2018-08-16T20:45:00+09:00,J3,706,573,1279
2018-08-16T20:45:00+09:00,J4,592,501,1093
2018-08-16T20:45:00+09:00,J5,591,677,1268
2018-08-16T21:00:00+09:00,J1,869,925,1794
2018-08-16T21:00:00+09:00,J2,503,471,974
2018-08-16T21:00:00+09:00,J3,709,671,1380
2018-08-16T21:00:00+09:00,J4,709,654,1363
2018-08-16T21:00:00+09:00,J5,519,637,1156
2018-08-16T21:15:00+09:00,J1,887,935,1822
2018-08-16T21:15:00+09:00,J2,515,354,869
2018-08-16T21:15:00+09:00,J3,790,603,1393
2018-08-16T21:15:00+09:00,J4,704,538,1242
2018-08-16T21:15:00+09:00,J5,439,623,1062
2018-08-16T21:30:00+09:00,J1,804,862,1666
2018-08-16T21:30:00+09:00,J2,464,385,849
2018-08-16T21:30:00+09:00,J3,666,532,1198
2018-08-16T21:30:00+09:00,J4,710,637,1347
2018-08-16T21:30:00+09:00,J5,439,479,918
2018-08-16T21:45:00+09:00,J1,821,827,1648
2018-08-16T21:45:00+09:00,J2,462,377,839
2018-08-16T21:45:00+09:00,J3,723,557,1280
2018-08-16T21:45:00+09:00,J4,708,618,1326
2018-08-16T21:45:00+09:00,J5,356,499,855
2018-08-16T22:00:00+09:00,J1,696,867,1563
2018-08-16T22:00:00+09:00,J2,396,371,767
2018-08-16T22:00:00+09:00,J3,637,530,1167
2018-08-16T22:00:00+09:00,J4,840,774,1614
2018-08-16T22:00:00+09:00,J5,305,377,682
2018-08-16T22:15:00+09:00,J1,815,868,1683
2018-08-16T22:15:00+09:00,J2,400,410,810
2018-08-16T22:15:00+09:00,J3,597,533,1130
2018-08-16T22:15:00+09:00,J4,854,784,1638
2018-08-16T22:15:00+09:00,J5,262,285,547
2018-08-16T22:30:00+09:00,J1,819,858,1677
2018-08-16T22:30:00+09:00,J2,397,365,762
2018-08-16T22:30:00+09:00,J3,543,476,1019
2018-08-16T22:30:00+09:00,J4,648,654,1302
2018-08-16T22:30:00+09:00,J5,233,209,442
2018-08-16T22:45:00+09:00,J1,871,979,1850
2018-08-16T22:45:00+09:00,J2,363,315,678
2018-08-16T22:45:00+09:00,J3,580,476,1056
2018-08-16T22:45:00+09:00,J4,719,766,1485
2018-08-16T22:45:00+09:00,J5,270,362,632
2018-08-16T23:00:00+09:00,J1,766,918,1684
2018-08-16T23:00:00+09:00,J2,417,322,739
2018-08-16T23:00:00+09:00,J3,613,474,1087
2018-08-16T23:00:00+09:00,J4,723,747,1470
2018-08-16T23:00:00+09:00,J5,265,349,614
2018-08-16T23:15:00+09:00,J1,717,881,1598
2018-08-16T23:15:00+09:00,J2,347,323,670
2018-08-16T23:15:00+09:00,J3,529,480,1009
2018-08-16T23:15:00+09:00,J4,967,930,1897
2018-08-16T23:15:00+09:00,J5,299,356,655
2018-08-16T23:30:00+09:00,J1,733,882,1615
2018-08-16T23:30:00+09:00,J2,353,299,652
2018-08-16T23:30:00+09:00,J3,581,512,1093
2018-08-16T23:30:00+09:00,J4,791,747,1538
2018-08-16T23:30:00+09:00,J5,300,298,598
2018-08-16T23:45:00+09:00,J1,721,758,1479
2018-08-16T23:45:00+09:00,J2,377,266,643
2018-08-16T23:45:00+09:00,J3,475,432,907
2018-08-16T23:45:00+09:00,J4,683,717,1400
2018-08-16T23:45:00+09:00,J5,271,267,538
2018-08-17T00:00:00+09:00,J1,555,550,1105
2018-08-17T00:00:00+09:00,J2,275,216,491
2018-08-17T00:00:00+09:00,J3,423,360,783
2018-08-17T00:00:00+09:00,J4,740,691,1431
2018-08-17T00:00:00+09:00,J5,301,264,565
2018-08-17T00:15:00+09:00,J1,203,251,454
2018-08-17T00:15:00+09:00,J2,263,254,517
2018-08-17T00:15:00+09:00,J3,325,428,753
2018-08-17T00:15:00+09:00,J4,280,300,580
2018-08-17T00:15:00+09:00,J5,290,346,636
2018-08-17T00:30:00+09:00,J1,216,182,398
2018-08-17T00:30:00+09:00,J2,224,235,459
2018-08-17T00:30:00+09:00,J3,496,461,957
2018-08-17T00:30:00+09:00,J4,178,181,359
2018-08-17T00:30:00+09:00,J5,295,356,651
2018-08-17T00:45:00+09:00,J1,259,217,476
2018-08-17T00:45:00+09:00,J2,217,240,457
2018-08-17T00:45:00+09:00,J3,593,458,1051
2018-08-17T00:45:00+09:00,J4,220,202,422
2018-08-17T00:45:00+09:00,J5,236,242,478
2018-08-17T05:45:00+09:00,J1,623,651,1274
2018-08-17T05:45:00+09:00,J2,251,256,507
2018-08-17T05:45:00+09:00,J3,549,506,1055
2018-08-17T05:45:00+09:00,J4,867,847,1714
2018-08-17T05:45:00+09:00,J5,194,164,358
2018-08-17T06:00:00+09:00,J1,799,906,1705
2018-08-17T06:00:00+09:00,J2,242,214,456
2018-08-17T06:00:00+09:00,J3,560,455,1015
2018-08-17T06:00:00+09:00,J4,752,785,1537
2018-08-17T06:00:00+09:00,J5,200,207,407
2018-08-17T06:15:00+09:00,J1,743,795,1538
2018-08-17T06:15:00+09:00,J2,274,273,547
2018-08-17T06:15:00+09:00,J3,470,429,899
2018-08-17T06:15:00+09:00,J4,544,619,1163
2018-08-17T06:15:00+09:00,J5,256,298,554
2018-08-17T06:30:00+09:00,J1,691,732,1423
2018-08-17T06:30:00+09:00,J2,246,282,528
2018-08-17T06:30:00+09:00,J3,430,402,832
2018-08-17T06:30:00+09:00,J4,489,526,1015
2018-08-17T06:30:00+09:00,J5,305,287,592
2018-08-17T06:45:00+09:00,J1,738,699,1437
2018-08-17T06:45:00+09:00,J2,270,242,512
2018-08-17T06:45:00+09:00,J3,440,418,858
2018-08-17T06:45:00+09:00,J4,430,467,897
2018-08-17T06:45:00+09:00,J5,301,353,654
2018-08-17T07:00:00+09:00,J1,704,832,1536
2018-08-17T07:00:00+09:00,J2,264,292,556
2018-08-17T07:00:00+09:00,J3,363,416,779
2018-08-17T07:00:00+09:00,J4,550,585,1135
2018-08-17T07:00:00+09:00,J5,365,403,768
2018-08-17T07:15:00+09:00,J1,770,802,1572
2018-08-17T07:15:00+09:00,J2,301,246,547
2018-08-17T07:15:00+09:00,J3,391,369,760
2018-08-17T07:15:00+09:00,J4,555,626,1181
2018-08-17T07:15:00+09:00,J5,319,403,722
2018-08-17T07:30:00+09:00,J1,917,822,1739
2018-08-17T07:30:00+09:00,J2,338,318,656
2018-08-17T07:30:00+09:00,J3,601,607,1208
2018-08-17T07:30:00+09:00,J4,724,797,1521
2018-08-17T07:30:00+09:00,J5,346,363,709
2018-08-17T07:45:00+09:00,J1,1024,981,2005
2018-08-17T07:45:00+09:00,J2,438,317,755
2018-08-17T07:45:00+09:00,J3,689,615,1304
2018-08-17T07:45:00+09:00,J4,672,853,1525
2018-08-17T07:45:00+09:00,J5,359,297,656
2018-08-17T08:00:00+09:00,J1,1104,987,2091
2018-08-17T08:00:00+09:00,J2,536,372,908
2018-08-17T08:00:00+09:00,J3,716,787,1503
2018-08-17T08:00:00+09:00,J4,742,979,1721
2018-08-17T08:00:00+09:00,J5,370,356,726
2018-08-17T08:15:00+09:00,J1,1069,885,1954
2018-08-17T08:15:00+09:00,J2,636,428,1064
2018-08-17T08:15:00+09:00,J3,846,927,1773
2018-08-17T08:15:00+09:00,J4,745,1100,1845
2018-08-17T08:15:00+09:00,J5,380,354,734
2018-08-17T08:30:00+09:00,J1,1158,890,2048
2018-08-17T08:30:00+09:00,J2,708,463,1171
2018-08-17T08:30:00+09:00,J3,758,902,1660
2018-08-17T08:30:00+09:00,J4,742,1111,1853
2018-08-17T08:30:00+09:00,J5,402,335,737
2018-08-17T08:45:00+09:00,J1,971,858,1829
2018-08-17T08:45:00+09:00,J2,540,371,911
2018-08-17T08:45:00+09:00,J3,665,826,1491
2018-08-17T08:45:00+09:00,J4,789,960,1749
2018-08-17T08:45:00+09:00,J5,337,325,662
2018-08-17T09:00:00+09:00,J1,907,810,1717
2018-08-17T09:00:00+09:00,J2,453,427,880
2018-08-17T09:00:00+09:00,J3,553,606,1159
2018-08-17T09:00:00+09:00,J4,719,829,1548
2018-08-17T09:00:00+09:00,J5,399,347,746
2018-08-17T09:15:00+09:00,J1,764,682,1446
2018-08-17T09:15:00+09:00,J2,438,378,816
2018-08-17T09:15:00+09:00,J3,542,576,1118
2018-08-17T09:15:00+09:00,J4,671,856,1527
2018-08-17T09:15:00+09:00,J5,270,200,470
2018-08-17T09:30:00+09:00,J1,719,622,1341
2018-08-17T09:30:00+09:00,J2,451,376,827
2018-08-17T09:30:00+09:00,J3,582,571,1153
2018-08-17T09:30:00+09:00,J4,620,775,1395
2018-08-17T09:30:00+09:00,J5,268,202,470
2018-08-17T09:45:00+09:00,J1,735,681,1416
2018-08-17T09:45:00+09:00,J2,396,351,747
2018-08-17T09:45:00+09:00,J3,547,515,1062
2018-08-17T09:45:00+09:00,J4,503,614,1117
2018-08-17T09:45:00+09:00,J5,261,189,450
2018-08-17T10:00:00+09:00,J1,584,604,1188
2018-08-17T10:00:00+09:00,J2,355,348,703
2018-08-17T10:00:00+09:00,J3,520,495,1015
2018-08-17T10:00:00+09:00,J4,533,616,1149
2018-08-17T10:00:00+09:00,J5,299,294,593
2018-08-17T10:15:00+09:00,J1,655,680,1335
2018-08-17T10:15:00+09:00,J2,440,416,856
2018-08-17T10:15:00+09:00,J3,656,563,1219
2018-08-17T10:15:00+09:00,J4,481,509,990
2018-08-17T10:15:00+09:00,J5,289,294,583
2018-08-17T10:30:00+09:00,J1,718,765,1483
2018-08-17T10:30:00+09:00,J2,490,341,831
2018-08-17T10:30:00+09:00,J3,631,514,1145
2018-08-17T10:30:00+09:00,J4,506,565,1071
2018-08-17T10:30:00+09:00,J5,284,243,527
2018-08-17T10:45:00+09:00,J1,743,636,1379
2018-08-17T10:45:00+09:00,J2,569,463,1032
2018-08-17T10:45:00+09:00,J3,753,627,1380
2018-08-17T10:45:00+09:00,J4,648,690,1338
2018-08-17T10:45:00+09:00,J5,301,222,523
2018-08-17T11:00:00+09:00,J1,666,729,1395
2018-08-17T11:00:00+09:00,J2,526,437,963
2018-08-17T11:00:00+09:00,J3,735,678,1413
2018-08-17T11:00:00+09:00,J4,675,785,1460
2018-08-17T11:00:00+09:00,J5,225,204,429
2018-08-17T11:15:00+09:00,J1,765,829,1594
2018-08-17T11:15:00+09:00,J2,534,363,897
2018-08-17T11:15:00+09:00,J3,804,729,1533
2018-08-17T11:15:00+09:00,J4,701,773,1474
2018-08-17T11:15:00+09:00,J5,236,190,426
2018-08-17T11:30:00+09:00,J1,818,811,1629
2018-08-17T11:30:00+09:00,J2,571,336,907
2018-08-17T11:30:00+09:00,J3,770,747,1517
2018-08-17T11:30:00+09:00,J4,747,741,1488
2018-08-17T11:30:00+09:00,J5,295,220,515
2018-08-17T11:45:00+09:00,J1,714,785,1499
2018-08-17T11:45:00+09:00,J2,504,347,851
2018-08-17T11:45:00+09:00,J3,735,819,1554
2018-08-17T11:45:00+09:00,J4,722,748,1470
2018-08-17T11:45:00+09:00,J5,262,244,506
2018-08-17T12:00:00+09:00,J1,694,875,1569
2018-08-17T12:00:00+09:00,J2,648,375,1023
2018-08-17T12:00:00+09:00,J3,816,793,1609
2018-08-17T12:00:00+09:00,J4,715,640,1355
2018-08-17T12:00:00+09:00,J5,265,220,485
2018-08-17T12:15:00+09:00,J1,791,785,1576
2018-08-17T12:15:00+09:00,J2,671,421,1092
2018-08-17T12:15:00+09:00,J3,685,655,1340
2018-08-17T12:15:00+09:00,J4,738,661,1399
2018-08-17T12:15:00+09:00,J5,235,205,440
2018-08-17T12:30:00+09:00,J1,778,861,1639
2018-08-17T12:30:00+09:00,J2,677,441,1118
2018-08-17T12:30:00+09:00,J3,680,588,1268
2018-08-17T12:30:00+09:00,J4,701,700,1401
2018-08-17T12:30:00+09:00,J5,270,205,475
2018-08-17T12:45:00+09:00,J1,804,789,1593
2018-08-17T12:45:00+09:00,J2,664,409,1073
2018-08-17T12:45:00+09:00,J3,684,611,1295
2018-08-17T12:45:00+09:00,J4,654,691,1345
2018-08-17T12:45:00+09:00,J5,266,246,512
2018-08-17T13:00:00+09:00,J1,720,856,1576
2018-08-17T13:00:00+09:00,J2,652,384,1036
2018-08-17T13:00:00+09:00,J3,641,491,1132
2018-08-17T13:00:00+09:00,J4,690,760,1450
2018-08-17T13:00:00+09:00,J5,293,250,543
2018-08-17T13:15:00+09:00,J1,774,833,1607
2018-08-17T13:15:00+09:00,J2,626,411,1037
2018-08-17T13:15:00+09:00,J3,611,600,1211
2018-08-17T13:15:00+09:00,J4,735,745,1480
2018-08-17T13:15:00+09:00,J5,269,257,526
2018-08-17T13:30:00+09:00,J1,761,888,1649
2018-08-17T13:30:00+09:00,J2,611,516,1127
2018-08-17T13:30:00+09:00,J3,710,609,1319
2018-08-17T13:30:00+09:00,J4,661,716,1377
2018-08-17T13:30:00+09:00,J5,272,194,466
2018-08-17T13:45:00+09:00,J1,724,862,1586
2018-08-17T13:45:00+09:00,J2,623,473,1096
2018-08-17T13:45:00+09:00,J3,576,546,1122
2018-08-17T13:45:00+09:00,J4,765,787,1552
2018-08-17T13:45:00+09:00,J5,255,242,497
2018-08-17T14:00:00+09:00,J1,790,825,1615
2018-08-17T14:00:00+09:00,J2,642,512,1154
2018-08-17T14:00:00+09:00,J3,617,510,1127
2018-08-17T14:00:00+09:00,J4,752,634,1386
2018-08-17T14:00:00+09:00,J5,229,243,472
2018-08-17T14:15:00+09:00,J1,701,836,1537
2018-08-17T14:15:00+09:00,J2,651,522,1173
2018-08-17T14:15:00+09:00,J3,606,543,1149
2018-08-17T14:15:00+09:00,J4,697,721,1418
2018-08-17T14:15:00+09:00,J5,281,261,542
2018-08-17T14:30:00+09:00,J1,821,848,1669
2018-08-17T14:30:00+09:00,J2,632,528,1160
2018-08-17T14:30:00+09:00,J3,554,548,1102
2018-08-17T14:30:00+09:00,J4,704,678,1382
2018-08-17T14:30:00+09:00,J5,264,232,496
2018-08-17T14:45:00+09:00,J1,753,918,1671
2018-08-17T14:45:00+09:00,J2,638,534,1172
2018-08-17T14:45:00+09:00,J3,669,549,1218
2018-08-17T14:45:00+09:00,J4,600,616,1216
2018-08-17T14:45:00+09:00,J5,230,193,423
2018-08-17T15:00:00+09:00,J1,795,872,1667
2018-08-17T15:00:00+09:00,J2,515,534,1049
2018-08-17T15:00:00+09:00,J3,591,504,1095
2018-08-17T15:00:00+09:00,J4,636,625,1261
2018-08-17T15:00:00+09:00,J5,251,186,437
2018-08-17T15:15:00+09:00,J1,770,916,1686
2018-08-17T15:15:00+09:00,J2,573,492,1065
2018-08-17T15:15:00+09:00,J3,629,565,1194
2018-08-17T15:15:00+09:00,J4,595,557,1152
2018-08-17T15:15:00+09:00,J5,230,221,451
2018-08-17T15:30:00+09:00,J1,757,832,1589
2018-08-17T15:30:00+09:00,J2,598,495,1093
2018-08-17T15:30:00+09:00,J3,616,540,1156
2018-08-17T15:30:00+09:00,J4,669,688,1357
2018-08-17T15:30:00+09:00,J5,286,218,504
2018-08-17T15:45:00+09:00,J1,751,834,1585
2018-08-17T15:45:00+09:00,J2,589,443,1032
2018-08-17T15:45:00+09:00,J3,556,541,1097
2018-08-17T15:45:00+09:00,J4,717,695,1412
2018-08-17T15:45:00+09:00,J5,292,244,536
2018-08-17T16:00:00+09:00,J1,771,837,1608
2018-08-17T16:00:00+09:00,J2,630,427,1057
2018-08-17T16:00:00+09:00,J3,615,530,1145
2018-08-17T16:00:00+09:00,J4,557,568,1125
2018-08-17T16:00:00+09:00,J5,280,262,542
2018-08-17T16:15:00+09:00,J1,749,869,1618
2018-08-17T16:15:00+09:00,J2,593,542,1135
2018-08-17T16:15:00+09:00,J3,611,571,1182
2018-08-17T16:15:00+09:00,J4,632,674,1306
2018-08-17T16:15:00+09:00,J5,288,227,515
2018-08-17T16:30:00+09:00,J1,764,827,1591
2018-08-17T16:30:00+09:00,J2,620,515,1135
2018-08-17T16:30:00+09:00,J3,611,544,1155
2018-08-17T16:30:00+09:00,J4,586,614,1200
2018-08-17T16:30:00+09:00,J5,279,272,551
2018-08-17T16:45:00+09:00,J1,728,845,1573
2018-08-17T16:45:00+09:00,J2,668,485,1153
2018-08-17T16:45:00+09:00,J3,642,573,1215
2018-08-17T16:45:00+09:00,J4,550,638,1188
2018-08-17T16:45:00+09:00,J5,216,217,433
2018-08-17T17:00:00+09:00,J1,844,853,1697
2018-08-17T17:00:00+09:00,J2,646,590,1236
2018-08-17T17:00:00+09:00,J3,599,531,1130
2018-08-17T17:00:00+09:00,J4,648,608,1256
2018-08-17T17:00:00+09:00,J5,308,301,609
2018-08-17T17:15:00+09:00,J1,875,1027,1902
2018-08-17T17:15:00+09:00,J2,611,596,1207
2018-08-17T17:15:00+09:00,J3,806,658,1464
2018-08-17T17:15:00+09:00,J4,669,593,1262
2018-08-17T17:15:00+09:00,J5,351,380,731
2018-08-17T17:30:00+09:00,J1,929,952,1881
2018-08-17T17:30:00+09:00,J2,738,647,1385
2018-08-17T17:30:00+09:00,J3,870,703,1573
2018-08-17T17:30:00+09:00,J4,732,589,1321
2018-08-17T17:30:00+09:00,J5,396,427,823
2018-08-17T17:45:00+09:00,J1,921,1078,1999
2018-08-17T17:45:00+09:00,J2,771,645,1416
2018-08-17T17:45:00+09:00,J3,893,728,1621
2018-08-17T17:45:00+09:00,J4,859,763,1622
2018-08-17T17:45:00+09:00,J5,503,507,1010
2018-08-17T18:00:00+09:00,J1,934,1118,2052
2018-08-17T18:00:00+09:00,J2,854,722,1576
2018-08-17T18:00:00+09:00,J3,969,789,1758
2018-08-17T18:00:00+09:00,J4,896,667,1563
2018-08-17T18:00:00+09:00,J5,507,519,1026
2018-08-17T18:15:00+09:00,J1,998,1190,2188
2018-08-17T18:15:00+09:00,J2,834,667,1501
2018-08-17T18:15:00+09:00,J3,996,728,1724
2018-08-17T18:15:00+09:00,J4,923,760,1683
2018-08-17T18:15:00+09:00,J5,499,557,1056
2018-08-17T18:30:00+09:00,J1,904,1073,1977
2018-08-17T18:30:00+09:00,J2,742,613,1355
2018-08-17T18:30:00+09:00,J3,919,724,1643
2018-08-17T18:30:00+09:00,J4,870,700,1570
2018-08-17T18:30:00+09:00,J5,493,460,953
2018-08-17T18:45:00+09:00,J1,874,997,1871
2018-08-17T18:45:00+09:00,J2,674,447,1121
2018-08-17T18:45:00+09:00,J3,827,643,1470
2018-08-17T18:45:00+09:00,J4,873,659,1532
2018-08-17T18:45:00+09:00,J5,471,502,973
2018-08-17T19:00:00+09:00,J1,900,1026,1926
2018-08-17T19:00:00+09:00,J2,690,524,1214
2018-08-17T19:00:00+09:00,J3,823,701,1524
2018-08-17T19:00:00+09:00,J4,793,565,1358
2018-08-17T19:00:00+09:00,J5,629,734,1363
2018-08-17T19:15:00+09:00,J1,877,995,1872
2018-08-17T19:15:00+09:00,J2,607,485,1092
2018-08-17T19:15:00+09:00,J3,828,679,1507
2018-08-17T19:15:00+09:00,J4,840,575,1415
2018-08-17T19:15:00+09:00,J5,590,626,1216
2018-08-17T19:30:00+09:00,J1,844,896,1740
2018-08-17T19:30:00+09:00,J2,623,416,1039
2018-08-17T19:30:00+09:00,J3,735,682,1417
2018-08-17T19:30:00+09:00,J4,889,704,1593
2018-08-17T19:30:00+09:00,J5,597,721,1318
2018-08-17T19:45:00+09:00,J1,781,903,1684
2018-08-17T19:45:00+09:00,J2,583,408,991
2018-08-17T19:45:00+09:00,J3,700,618,1318
2018-08-17T19:45:00+09:00,J4,825,726,1551
2018-08-17T19:45:00+09:00,J5,633,657,1290
2018-08-17T20:00:00+09:00,J1,847,880,1727
2018-08-17T20:00:00+09:00,J2,570,395,965
2018-08-17T20:00:00+09:00,J3,749,607,1356
2018-08-17T20:00:00+09:00,J4,827,710,1537
2018-08-17T20:00:00+09:00,J5,618,653,1271
2018-08-17T20:15:00+09:00,J1,703,781,1484
2018-08-17T20:15:00+09:00,J2,526,408,934
2018-08-17T20:15:00+09:00,J3,783,591,1374
2018-08-17T20:15:00+09:00,J4,879,745,1624
2018-08-17T20:15:00+09:00,J5,583,725,1308
2018-08-17T20:30:00+09:00,J1,768,832,1600
2018-08-17T20:30:00+09:00,J2,399,382,781
2018-08-17T20:30:00+09:00,J3,647,501,1148
2018-08-17T20:30:00+09:00,J4,745,664,1409
2018-08-17T20:30:00+09:00,J5,581,674,1255
2018-08-17T20:45:00+09:00,J1,711,776,1487
2018-08-17T20:45:00+09:00,J2,351,375,726
2018-08-17T20:45:00+09:00,J3,674,569,1243
2018-08-17T20:45:00+09:00,J4,657,605,1262
2018-08-17T20:45:00+09:00,J5,579,653,1232
2018-08-17T21:00:00+09:00,J1,764,831,1595
2018-08-17T21:00:00+09:00,J2,394,415,809
2018-08-17T21:00:00+09:00,J3,626,572,1198
2018-08-17T21:00:00+09:00,J4,746,655,1401
2018-08-17T21:00:00+09:00,J5,480,571,1051
2018-08-17T21:15:00+09:00,J1,801,873,1674
2018-08-17T21:15:00+09:00,J2,434,419,853
2018-08-17T21:15:00+09:00,J3,657,521,1178
2018-08-17T21:15:00+09:00,J4,757,683,1440
2018-08-17T21:15:00+09:00,J5,491,563,1054
2018-08-17T21:30:00+09:00,J1,748,844,1592
2018-08-17T21:30:00+09:00,J2,352,393,745
2018-08-17T21:30:00+09:00,J3,539,420,959
2018-08-17T21:30:00+09:00,J4,672,700,1372
2018-08-17T21:30:00+09:00,J5,445,493,938
2018-08-17T21:45:00+09:00,J1,731,814,1545
2018-08-17T21:45:00+09:00,J2,311,356,667
2018-08-17T21:45:00+09:00,J3,532,422,954
2018-08-17T21:45:00+09:00,J4,747,670,1417
2018-08-17T21:45:00+09:00,J5,445,491,936
2018-08-17T22:00:00+09:00,J1,706,828,1534
2018-08-17T22:00:00+09:00,J2,338,359,697
2018-08-17T22:00:00+09:00,J3,502,428,930
2018-08-17T22:00:00+09:00,J4,809,733,1542
2018-08-17T22:00:00+09:00,J5,422,446,868
2018-08-17T22:15:00+09:00,J1,721,819,1540
2018-08-17T22:15:00+09:00,J2,314,365,679
2018-08-17T22:15:00+09:00,J3,473,429,902
2018-08-17T22:15:00+09:00,J4,881,869,1750
2018-08-17T22:15:00+09:00,J5,402,455,857
2018-08-17T22:30:00+09:00,J1,686,836,1522
2018-08-17T22:30:00+09:00,J2,267,346,613
2018-08-17T22:30:00+09:00,J3,478,413,891
2018-08-17T22:30:00+09:00,J4,1033,985,2018
2018-08-17T22:30:00+09:00,J5,453,542,995
2018-08-17T22:45:00+09:00,J1,743,829,1572
2018-08-17T22:45:00+09:00,J2,258,333,591
2018-08-17T22:45:00+09:00,J3,517,417,934
2018-08-17T22:45:00+09:00,J4,985,959,1944
2018-08-17T22:45:00+09:00,J5,332,348,680
2018-08-17T23:00:00+09:00,J1,746,769,1515
2018-08-17T23:00:00+09:00,J2,263,289,552
2018-08-17T23:00:00+09:00,J3,509,406,915
2018-08-17T23:00:00+09:00,J4,1014,951,1965
2018-08-17T23:00:00+09:00,J5,213,193,406
2018-08-17T23:15:00+09:00,J1,731,739,1470
2018-08-17T23:15:00+09:00,J2,287,326,613
2018-08-17T23:15:00+09:00,J3,467,410,877
2018-08-17T23:15:00+09:00,J4,1058,1058,2116
2018-08-17T23:15:00+09:00,J5,210,215,425
2018-08-17T23:30:00+09:00,J1,749,865,1614
2018-08-17T23:30:00+09:00,J2,261,354,615
2018-08-17T23:30:00+09:00,J3,493,447,940
2018-08-17T23:30:00+09:00,J4,819,843,1662
2018-08-17T23:30:00+09:00,J5,255,223,478
2018-08-17T23:45:00+09:00,J1,599,636,1235
2018-08-17T23:45:00+09:00,J2,241,306,547
2018-08-17T23:45:00+09:00,J3,436,364,800
2018-08-17T23:45:00+09:00,J4,891,883,1774
2018-08-17T23:45:00+09:00,J5,287,244,531
2018-08-18T00:00:00+09:00,J1,546,606,1152
2018-08-18T00:00:00+09:00,J2,249,260,509
2018-08-18T00:00:00+09:00,J3,422,305,727
2018-08-18T00:00:00+09:00,J4,937,906,1843
2018-08-18T00:00:00+09:00,J5,288,266,554
2018-08-18T00:15:00+09:00,J1,320,346,666
2018-08-18T00:15:00+09:00,J2,159,166,325
2018-08-18T00:15:00+09:00,J3,320,292,612
2018-08-18T00:15:00+09:00,J4,355,362,717
2018-08-18T00:15:00+09:00,J5,273,318,591
2018-08-18T00:30:00+09:00,J1,217,226,443
2018-08-18T00:30:00+09:00,J2,146,192,338
2018-08-18T00:30:00+09:00,J3,508,470,978
2018-08-18T00:30:00+09:00,J4,207,215,422
2018-08-18T00:30:00+09:00,J5,271,277,548
2018-08-18T00:45:00+09:00,J1,168,132,300
2018-08-18T00:45:00+09:00,J2,214,224,438
2018-08-18T00:45:00+09:00,J3,549,464,1013
2018-08-18T00:45:00+09:00,J4,221,233,454
2018-08-18T00:45:00+09:00,J5,227,227,454
2018-08-18T05:45:00+09:00,J1,379,365,744
2018-08-18T05:45:00+09:00,J2,392,365,757
2018-08-18T05:45:00+09:00,J3,492,431,923
2018-08-18T05:45:00+09:00,J4,317,350,667
2018-08-18T05:45:00+09:00,J5,164,153,317
2018-08-18T06:00:00+09:00,J1,436,457,893
2018-08-18T06:00:00+09:00,J2,313,243,556
2018-08-18T06:00:00+09:00,J3,369,338,707
2018-08-18T06:00:00+09:00,J4,327,369,696
2018-08-18T06:00:00+09:00,J5,242,235,477
2018-08-18T06:15:00+09:00,J1,443,497,940
2018-08-18T06:15:00+09:00,J2,255,249,504
2018-08-18T06:15:00+09:00,J3,344,352,696
2018-08-18T06:15:00+09:00,J4,274,312,586
2018-08-18T06:15:00+09:00,J5,253,291,544
2018-08-18T06:30:00+09:00,J1,456,500,956
2018-08-18T06:30:00+09:00,J2,272,269,541
2018-08-18T06:30:00+09:00,J3,383,287,670
2018-08-18T06:30:00+09:00,J4,264,275,539
2018-08-18T06:30:00+09:00,J5,268,322,590
2018-08-18T06:45:00+09:00,J1,523,485,1008
2018-08-18T06:45:00+09:00,J2,356,293,649
2018-08-18T06:45:00+09:00,J3,428,471,899
2018-08-18T06:45:00+09:00,J4,326,327,653
2018-08-18T06:45:00+09:00,J5,276,328,604
2018-08-18T07:00:00+09:00,J1,511,469,980
2018-08-18T07:00:00+09:00,J2,423,374,797
2018-08-18T07:00:00+09:00,J3,575,510,1085
2018-08-18T07:00:00+09:00,J4,232,298,530
2018-08-18T07:00:00+09:00,J5,269,249,518
2018-08-18T07:15:00+09:00,J1,496,463,959
2018-08-18T07:15:00+09:00,J2,384,328,712
2018-08-18T07:15:00+09:00,J3,577,522,1099
2018-08-18T07:15:00+09:00,J4,317,325,642
2018-08-18T07:15:00+09:00,J5,290,242,532
2018-08-18T07:30:00+09:00,J1,463,510,973
2018-08-18T07:30:00+09:00,J2,441,401,842
2018-08-18T07:30:00+09:00,J3,544,531,1075
2018-08-18T07:30:00+09:00,J4,293,304,597
2018-08-18T07:30:00+09:00,J5,254,234,488
2018-08-18T07:45:00+09:00,J1,494,477,971
2018-08-18T07:45:00+09:00,J2,364,361,725
2018-08-18T07:45:00+09:00,J3,559,525,1084
2018-08-18T07:45:00+09:00,J4,353,329,682
2018-08-18T07:45:00+09:00,J5,224,235,459
2018-08-18T08:00:00+09:00,J1,592,563,1155
2018-08-18T08:00:00+09:00,J2,307,320,627
2018-08-18T08:00:00+09:00,J3,499,494,993
2018-08-18T08:00:00+09:00,J4,487,479,966
2018-08-18T08:00:00+09:00,J5,280,295,575
2018-08-18T08:15:00+09:00,J1,670,546,1216
2018-08-18T08:15:00+09:00,J2,360,310,670
2018-08-18T08:15:00+09:00,J3,450,438,888
2018-08-18T08:15:00+09:00,J4,581,747,1328
2018-08-18T08:15:00+09:00,J5,303,402,705
2018-08-18T08:30:00+09:00,J1,691,629,1320
2018-08-18T08:30:00+09:00,J2,326,282,608
2018-08-18T08:30:00+09:00,J3,437,472,909
2018-08-18T08:30:00+09:00,J4,632,713,1345
2018-08-18T08:30:00+09:00,J5,300,389,689
2018-08-18T08:45:00+09:00,J1,715,662,1377
2018-08-18T08:45:00+09:00,J2,290,281,571
2018-08-18T08:45:00+09:00,J3,412,418,830
2018-08-18T08:45:00+09:00,J4,564,560,1124
2018-08-18T08:45:00+09:00,J5,302,355,657
2018-08-18T09:00:00+09:00,J1,613,578,1191
2018-08-18T09:00:00+09:00,J2,329,302,631
2018-08-18T09:00:00+09:00,J3,411,377,788
2018-08-18T09:00:00+09:00,J4,604,622,1226
2018-08-18T09:00:00+09:00,J5,293,394,687
2018-08-18T09:15:00+09:00,J1,628,599,1227
2018-08-18T09:15:00+09:00,J2,426,391,817
2018-08-18T09:15:00+09:00,J3,432,462,894
2018-08-18T09:15:00+09:00,J4,645,733,1378
2018-08-18T09:15:00+09:00,J5,281,341,622
2018-08-18T09:30:00+09:00,J1,630,568,1198
2018-08-18T09:30:00+09:00,J2,355,340,695
2018-08-18T09:30:00+09:00,J3,429,398,827
2018-08-18T09:30:00+09:00,J4,698,739,1437
2018-08-18T09:30:00+09:00,J5,304,316,620
2018-08-18T09:45:00+09:00,J1,673,558,1231
2018-08-18T09:45:00+09:00,J2,403,337,740
2018-08-18T09:45:00+09:00,J3,445,453,898
2018-08-18T09:45:00+09:00,J4,688,697,1385
2018-08-18T09:45:00+09:00,J5,327,353,680
2018-08-18T10:00:00+09:00,J1,601,526,1127
2018-08-18T10:00:00+09:00,J2,378,380,758
2018-08-18T10:00:00+09:00,J3,517,419,936
2018-08-18T10:00:00+09:00,J4,665,688,1353
2018-08-18T10:00:00+09:00,J5,265,259,524
2018-08-18T10:15:00+09:00,J1,598,590,1188
2018-08-18T10:15:00+09:00,J2,400,432,832
2018-08-18T10:15:00+09:00,J3,534,526,1060
2018-08-18T10:15:00+09:00,J4,721,723,1444
2018-08-18T10:15:00+09:00,J5,292,263,555
2018-08-18T10:30:00+09:00,J1,604,583,1187
2018-08-18T10:30:00+09:00,J2,431,318,749
2018-08-18T10:30:00+09:00,J3,567,563,1130
2018-08-18T10:30:00+09:00,J4,610,640,1250
2018-08-18T10:30:00+09:00,J5,241,173,414
2018-08-18T10:45:00+09:00,J1,694,642,1336
2018-08-18T10:45:00+09:00,J2,511,377,888
2018-08-18T10:45:00+09:00,J3,661,586,1247
2018-08-18T10:45:00+09:00,J4,650,589,1239
2018-08-18T10:45:00+09:00,J5,226,193,419
2018-08-18T11:00:00+09:00,J1,642,678,1320
2018-08-18T11:00:00+09:00,J2,635,372,1007
2018-08-18T11:00:00+09:00,J3,765,661,1426
2018-08-18T11:00:00+09:00,J4,642,671,1313
2018-08-18T11:00:00+09:00,J5,223,174,397
2018-08-18T11:15:00+09:00,J1,610,644,1254
2018-08-18T11:15:00+09:00,J2,628,449,1077
2018-08-18T11:15:00+09:00,J3,604,691,1295
2018-08-18T11:15:00+09:00,J4,664,569,1233
2018-08-18T11:15:00+09:00,J5,219,215,434
2018-08-18T11:30:00+09:00,J1,742,663,1405
2018-08-18T11:30:00+09:00,J2,649,468,1117
2018-08-18T11:30:00+09:00,J3,623,627,1250
2018-08-18T11:30:00+09:00,J4,580,617,1197
2018-08-18T11:30:00+09:00,J5,180,241,421
2018-08-18T11:45:00+09:00,J1,661,676,1337
2018-08-18T11:45:00+09:00,J2,609,509,1118
2018-08-18T11:45:00+09:00,J3,660,597,1257
2018-08-18T11:45:00+09:00,J4,643,616,1259
2018-08-18T11:45:00+09:00,J5,202,171,373
2018-08-18T12:00:00+09:00,J1,662,748,1410
2018-08-18T12:00:00+09:00,J2,565,484,1049
2018-08-18T12:00:00+09:00,J3,621,532,1153
2018-08-18T12:00:00+09:00,J4,582,590,1172
2018-08-18T12:00:00+09:00,J5,273,213,486
2018-08-18T12:15:00+09:00,J1,675,750,1425
2018-08-18T12:15:00+09:00,J2,496,525,1021
2018-08-18T12:15:00+09:00,J3,627,522,1149
2018-08-18T12:15:00+09:00,J4,506,587,1093
2018-08-18T12:15:00+09:00,J5,261,260,521
2018-08-18T12:30:00+09:00,J1,671,698,1369
2018-08-18T12:30:00+09:00,J2,545,534,1079
2018-08-18T12:30:00+09:00,J3,564,495,1059
2018-08-18T12:30:00+09:00,J4,598,602,1200
2018-08-18T12:30:00+09:00,J5,211,213,424
2018-08-18T12:45:00+09:00,J1,639,768,1407
2018-08-18T12:45:00+09:00,J2,547,579,1126
2018-08-18T12:45:00+09:00,J3,610,562,1172
2018-08-18T12:45:00+09:00,J4,656,583,1239
2018-08-18T12:45:00+09:00,J5,207,214,421
2018-08-18T13:00:00+09:00,J1,684,841,1525
2018-08-18T13:00:00+09:00,J2,574,584,1158
2018-08-18T13:00:00+09:00,J3,570,565,1135
2018-08-18T13:00:00+09:00,J4,548,585,1133
2018-08-18T13:00:00+09:00,J5,265,203,468
2018-08-18T13:15:00+09:00,J1,685,781,1466
2018-08-18T13:15:00+09:00,J2,554,571,1125
2018-08-18T13:15:00+09:00,J3,598,537,1135
2018-08-18T13:15:00+09:00,J4,601,604,1205
2018-08-18T13:15:00+09:00,J5,185,245,430
2018-08-18T13:30:00+09:00,J1,661,739,1400
2018-08-18T13:30:00+09:00,J2,512,577,1089
2018-08-18T13:30:00+09:00,J3,606,542,1148
2018-08-18T13:30:00+09:00,J4,560,556,1116
2018-08-18T13:30:00+09:00,J5,212,238,450
2018-08-18T13:45:00+09:00,J1,629,809,1438
2018-08-18T13:45:00+09:00,J2,484,543,1027
2018-08-18T13:45:00+09:00,J3,572,516,1088
2018-08-18T13:45:00+09:00,J4,548,546,1094
2018-08-18T13:45:00+09:00,J5,200,219,419
2018-08-18T14:00:00+09:00,J1,670,725,1395
2018-08-18T14:00:00+09:00,J2,523,546,1069
2018-08-18T14:00:00+09:00,J3,618,461,1079
2018-08-18T14:00:00+09:00,J4,547,535,1082
2018-08-18T14:00:00+09:00,J5,196,224,420
2018-08-18T14:15:00+09:00,J1,659,777,1436
2018-08-18T14:15:00+09:00,J2,582,541,1123
2018-08-18T14:15:00+09:00,J3,582,552,1134
2018-08-18T14:15:00+09:00,J4,456,464,920
2018-08-18T14:15:00+09:00,J5,224,230,454
2018-08-18T14:30:00+09:00,J1,675,825,1500
2018-08-18T14:30:00+09:00,J2,534,579,1113
2018-08-18T14:30:00+09:00,J3,590,582,1172
2018-08-18T14:30:00+09:00,J4,470,479,949
2018-08-18T14:30:00+09:00,J5,221,227,448
2018-08-18T14:45:00+09:00,J1,634,797,1431
2018-08-18T14:45:00+09:00,J2,528,556,1084
2018-08-18T14:45:00+09:00,J3,548,533,1081
2018-08-18T14:45:00+09:00,J4,465,477,942
2018-08-18T14:45:00+09:00,J5,233,227,460
2018-08-18T15:00:00+09:00,J1,700,816,1516
2018-08-18T15:00:00+09:00,J2,513,584,1097
2018-08-18T15:00:00+09:00,J3,615,563,1178
2018-08-18T15:00:00+09:00,J4,442,487,929
2018-08-18T15:00:00+09:00,J5,278,241,519
2018-08-18T15:15:00+09:00,J1,698,776,1474
2018-08-18T15:15:00+09:00,J2,543,527,1070
2018-08-18T15:15:00+09:00,J3,563,524,1087
2018-08-18T15:15:00+09:00,J4,443,471,914
2018-08-18T15:15:00+09:00,J5,306,283,589
2018-08-18T15:30:00+09:00,J1,764,788,1552
2018-08-18T15:30:00+09:00,J2,591,541,1132
2018-08-18T15:30:00+09:00,J3,535,569,1104
2018-08-18T15:30:00+09:00,J4,497,451,948
2018-08-18T15:30:00+09:00,J5,305,297,602
2018-08-18T15:45:00+09:00,J1,719,811,1530
2018-08-18T15:45:00+09:00,J2,526,559,1085
2018-08-18T15:45:00+09:00,J3,678,519,1197
2018-08-18T15:45:00+09:00,J4,506,528,1034
2018-08-18T15:45:00+09:00,J5,322,247,569
2018-08-18T16:00:00+09:00,J1,676,794,1470
2018-08-18T16:00:00+09:00,J2,521,545,1066
2018-08-18T16:00:00+09:00,J3,612,505,1117
2018-08-18T16:00:00+09:00,J4,458,475,933
2018-08-18T16:00:00+09:00,J5,270,277,547
2018-08-18T16:15:00+09:00,J1,647,787,1434
2018-08-18T16:15:00+09:00,J2,557,550,1107
2018-08-18T16:15:00+09:00,J3,614,481,1095
2018-08-18T16:15:00+09:00,J4,468,434,902
2018-08-18T16:15:00+09:00,J5,284,232,516
2018-08-18T16:30:00+09:00,J1,693,798,1491
2018-08-18T16:30:00+09:00,J2,552,550,1102
2018-08-18T16:30:00+09:00,J3,640,540,1180
2018-08-18T16:30:00+09:00,J4,538,507,1045
2018-08-18T16:30:00+09:00,J5,292,243,535
2018-08-18T16:45:00+09:00,J1,738,851,1589
2018-08-18T16:45:00+09:00,J2,501,510,1011
2018-08-18T16:45:00+09:00,J3,618,512,1130
2018-08-18T16:45:00+09:00,J4,512,424,936
2018-08-18T16:45:00+09:00,J5,294,245,539
2018-08-18T17:00:00+09:00,J1,762,904,1666
2018-08-18T17:00:00+09:00,J2,580,528,1108
2018-08-18T17:00:00+09:00,J3,528,534,1062
2018-08-18T17:00:00+09:00,J4,431,366,797
2018-08-18T17:00:00+09:00,J5,265,265,530
2018-08-18T17:15:00+09:00,J1,833,912,1745
2018-08-18T17:15:00+09:00,J2,620,531,1151
2018-08-18T17:15:00+09:00,J3,587,561,1148
2018-08-18T17:15:00+09:00,J4,451,385,836
2018-08-18T17:15:00+09:00,J5,297,260,557
2018-08-18T17:30:00+09:00,J1,748,886,1634
2018-08-18T17:30:00+09:00,J2,591,476,1067
2018-08-18T17:30:00+09:00,J3,584,582,1166
2018-08-18T17:30:00+09:00,J4,480,368,848
2018-08-18T17:30:00+09:00,J5,273,274,547
2018-08-18T17:45:00+09:00,J1,758,841,1599
2018-08-18T17:45:00+09:00,J2,502,498,1000
2018-08-18T17:45:00+09:00,J3,560,554,1114
2018-08-18T17:45:00+09:00,J4,475,378,853
2018-08-18T17:45:00+09:00,J5,227,247,474
2018-08-18T18:00:00+09:00,J1,745,831,1576
2018-08-18T18:00:00+09:00,J2,547,493,1040
2018-08-18T18:00:00+09:00,J3,539,541,1080
2018-08-18T18:00:00+09:00,J4,469,369,838
2018-08-18T18:00:00+09:00,J5,313,300,613
2018-08-18T18:15:00+09:00,J1,771,844,1615
2018-08-18T18:15:00+09:00,J2,514,506,1020
2018-08-18T18:15:00+09:00,J3,567,585,1152
2018-08-18T18:15:00+09:00,J4,507,405,912
2018-08-18T18:15:00+09:00,J5,371,371,742
2018-08-18T18:30:00+09:00,J1,785,807,1592
2018-08-18T18:30:00+09:00,J2,537,488,1025
2018-08-18T18:30:00+09:00,J3,476,488,964
2018-08-18T18:30:00+09:00,J4,445,395,840
2018-08-18T18:30:00+09:00,J5,354,312,666
2018-08-18T18:45:00+09:00,J1,713,744,1457
2018-08-18T18:45:00+09:00,J2,476,464,940
2018-08-18T18:45:00+09:00,J3,488,444,932
2018-08-18T18:45:00+09:00,J4,518,449,967
2018-08-18T18:45:00+09:00,J5,350,365,715
2018-08-18T19:00:00+09:00,J1,642,689,1331
2018-08-18T19:00:00+09:00,J2,481,441,922
2018-08-18T19:00:00+09:00,J3,454,485,939
2018-08-18T19:00:00+09:00,J4,446,391,837
2018-08-18T19:00:00+09:00,J5,369,363,732
2018-08-18T19:15:00+09:00,J1,683,763,1446
2018-08-18T19:15:00+09:00,J2,464,423,887
2018-08-18T19:15:00+09:00,J3,457,456,913
2018-08-18T19:15:00+09:00,J4,430,384,814
2018-08-18T19:15:00+09:00,J5,368,366,734
2018-08-18T19:30:00+09:00,J1,551,640,1191
2018-08-18T19:30:00+09:00,J2,443,501,944
2018-08-18T19:30:00+09:00,J3,400,424,824
2018-08-18T19:30:00+09:00,J4,353,315,668
2018-08-18T19:30:00+09:00,J5,351,316,667
2018-08-18T19:45:00+09:00,J1,566,662,1228
2018-08-18T19:45:00+09:00,J2,399,424,823
2018-08-18T19:45:00+09:00,J3,427,392,819
2018-08-18T19:45:00+09:00,J4,384,370,754
2018-08-18T19:45:00+09:00,J5,355,367,722
2018-08-18T20:00:00+09:00,J1,554,656,1210
2018-08-18T20:00:00+09:00,J2,418,387,805
2018-08-18T20:00:00+09:00,J3,435,421,856
2018-08-18T20:00:00+09:00,J4,438,404,842
2018-08-18T20:00:00+09:00,J5,383,415,798
2018-08-18T20:15:00+09:00,J1,572,633,1205
2018-08-18T20:15:00+09:00,J2,447,411,858
2018-08-18T20:15:00+09:00,J3,457,443,900
2018-08-18T20:15:00+09:00,J4,410,373,783
2018-08-18T20:15:00+09:00,J5,445,419,864
2018-08-18T20:30:00+09:00,J1,515,545,1060
2018-08-18T20:30:00+09:00,J2,452,344,796
2018-08-18T20:30:00+09:00,J3,446,424,870
2018-08-18T20:30:00+09:00,J4,431,339,770
2018-08-18T20:30:00+09:00,J5,481,443,924
2018-08-18T20:45:00+09:00,J1,496,552,1048
2018-08-18T20:45:00+09:00,J2,404,381,785
2018-08-18T20:45:00+09:00,J3,476,447,923
2018-08-18T20:45:00+09:00,J4,407,342,749
2018-08-18T20:45:00+09:00,J5,553,492,1045
2018-08-18T21:00:00+09:00,J1,507,549,1056
2018-08-18T21:00:00+09:00,J2,432,330,762
2018-08-18T21:00:00+09:00,J3,539,483,1022
2018-08-18T21:00:00+09:00,J4,471,384,855
2018-08-18T21:00:00+09:00,J5,578,578,1156
2018-08-18T21:15:00+09:00,J1,488,603,1091
2018-08-18T21:15:00+09:00,J2,359,294,653
2018-08-18T21:15:00+09:00,J3,603,500,1103
2018-08-18T21:15:00+09:00,J4,457,413,870
2018-08-18T21:15:00+09:00,J5,560,619,1179
2018-08-18T21:30:00+09:00,J1,482,545,1027
2018-08-18T21:30:00+09:00,J2,348,282,630
2018-08-18T21:30:00+09:00,J3,579,497,1076
2018-08-18T21:30:00+09:00,J4,478,433,911
2018-08-18T21:30:00+09:00,J5,597,619,1216
2018-08-18T21:45:00+09:00,J1,421,507,928
2018-08-18T21:45:00+09:00,J2,319,294,613
2018-08-18T21:45:00+09:00,J3,562,449,1011
2018-08-18T21:45:00+09:00,J4,502,469,971
2018-08-18T21:45:00+09:00,J5,567,596,1163
2018-08-18T22:00:00+09:00,J1,395,511,906
2018-08-18T22:00:00+09:00,J2,337,356,693
2018-08-18T22:00:00+09:00,J3,617,455,1072
2018-08-18T22:00:00+09:00,J4,597,477,1074
2018-08-18T22:00:00+09:00,J5,563,607,1170
2018-08-18T22:15:00+09:00,J1,388,519,907
2018-08-18T22:15:00+09:00,J2,260,334,594
2018-08-18T22:15:00+09:00,J3,577,447,1024
2018-08-18T22:15:00+09:00,J4,567,482,1049
2018-08-18T22:15:00+09:00,J5,548,554,1102
2018-08-18T22:30:00+09:00,J1,499,581,1080
2018-08-18T22:30:00+09:00,J2,296,280,576
2018-08-18T22:30:00+09:00,J3,541,429,970
2018-08-18T22:30:00+09:00,J4,619,574,1193
2018-08-18T22:30:00+09:00,J5,445,418,863
2018-08-18T22:45:00+09:00,J1,340,476,816
2018-08-18T22:45:00+09:00,J2,284,344,628
2018-08-18T22:45:00+09:00,J3,622,558,1180
2018-08-18T22:45:00+09:00,J4,611,642,1253
2018-08-18T22:45:00+09:00,J5,246,212,458
2018-08-18T23:00:00+09:00,J1,475,520,995
2018-08-18T23:00:00+09:00,J2,282,344,626
2018-08-18T23:00:00+09:00,J3,532,528,1060
2018-08-18T23:00:00+09:00,J4,576,553,1129
2018-08-18T23:00:00+09:00,J5,132,90,222
2018-08-18T23:15:00+09:00,J1,405,538,943
2018-08-18T23:15:00+09:00,J2,326,335,661
2018-08-18T23:15:00+09:00,J3,532,448,980
2018-08-18T23:15:00+09:00,J4,619,634,1253
2018-08-18T23:15:00+09:00,J5,150,99,249
2018-08-18T23:30:00+09:00,J1,438,501,939
2018-08-18T23:30:00+09:00,J2,262,317,579
2018-08-18T23:30:00+09:00,J3,535,450,985
2018-08-18T23:30:00+09:00,J4,644,671,1315
2018-08-18T23:30:00+09:00,J5,152,119,271
2018-08-18T23:45:00+09:00,J1,408,465,873
2018-08-18T23:45:00+09:00,J2,324,381,705
2018-08-18T23:45:00+09:00,J3,525,449,974
2018-08-18T23:45:00+09:00,J4,572,573,1145
2018-08-18T23:45:00+09:00,J5,135,127,262
2018-08-19T00:00:00+09:00,J1,363,357,720
2018-08-19T00:00:00+09:00,J2,286,297,583
2018-08-19T00:00:00+09:00,J3,474,422,896
2018-08-19T00:00:00+09:00,J4,587,590,1177
2018-08-19T00:00:00+09:00,J5,137,131,268
2018-08-19T00:15:00+09:00,J1,294,249,543
2018-08-19T00:15:00+09:00,J2,285,256,541
2018-08-19T00:15:00+09:00,J3,361,356,717
2018-08-19T00:15:00+09:00,J4,541,491,1032
2018-08-19T00:15:00+09:00,J5,224,244,468
2018-08-19T00:30:00+09:00,J1,274,200,474
2018-08-19T00:30:00+09:00,J2,282,273,555
2018-08-19T00:30:00+09:00,J3,541,479,1020
2018-08-19T00:30:00+09:00,J4,265,218,483
2018-08-19T00:30:00+09:00,J5,211,287,498
2018-08-19T00:45:00+09:00,J1,284,196,480
2018-08-19T00:45:00+09:00,J2,348,280,628
2018-08-19T00:45:00+09:00,J3,530,423,953
2018-08-19T00:45:00+09:00,J4,198,183,381
2018-08-19T00:45:00+09:00,J5,193,213,406
2018-08-19T05:45:00+09:00,J1,275,186,461
2018-08-19T05:45:00+09:00,J2,425,514,939
2018-08-19T05:45:00+09:00,J3,481,356,837
2018-08-19T05:45:00+09:00,J4,240,235,475
2018-08-19T05:45:00+09:00,J5,211,259,470
2018-08-19T06:00:00+09:00,J1,246,233,479
2018-08-19T06:00:00+09:00,J2,463,435,898
2018-08-19T06:00:00+09:00,J3,294,292,586
2018-08-19T06:00:00+09:00,J4,265,291,556
2018-08-19T06:00:00+09:00,J5,358,327,685
2018-08-19T06:15:00+09:00,J1,250,258,508
2018-08-19T06:15:00+09:00,J2,423,469,892
2018-08-19T06:15:00+09:00,J3,449,409,858
2018-08-19T06:15:00+09:00,J4,253,259,512
2018-08-19T06:15:00+09:00,J5,323,372,695
2018-08-19T06:30:00+09:00,J1,280,242,522
2018-08-19T06:30:00+09:00,J2,407,420,827
2018-08-19T06:30:00+09:00,J3,341,330,671
2018-08-19T06:30:00+09:00,J4,249,232,481
2018-08-19T06:30:00+09:00,J5,383,449,832
2018-08-19T06:45:00+09:00,J1,359,321,680
2018-08-19T06:45:00+09:00,J2,390,344,734
2018-08-19T06:45:00+09:00,J3,377,352,729
2018-08-19T06:45:00+09:00,J4,341,301,642
2018-08-19T06:45:00+09:00,J5,339,372,711
2018-08-19T07:00:00+09:00,J1,312,273,585
2018-08-19T07:00:00+09:00,J2,439,461,900
2018-08-19T07:00:00+09:00,J3,440,483,923
2018-08-19T07:00:00+09:00,J4,297,317,614
2018-08-19T07:00:00+09:00,J5,322,335,657
2018-08-19T07:15:00+09:00,J1,287,245,532
2018-08-19T07:15:00+09:00,J2,365,368,733
2018-08-19T07:15:00+09:00,J3,432,432,864
2018-08-19T07:15:00+09:00,J4,386,384,770
2018-08-19T07:15:00+09:00,J5,321,333,654
2018-08-19T07:30:00+09:00,J1,306,293,599
2018-08-19T07:30:00+09:00,J2,305,315,620
2018-08-19T07:30:00+09:00,J3,337,375,712
2018-08-19T07:30:00+09:00,J4,455,465,920
2018-08-19T07:30:00+09:00,J5,342,389,731
2018-08-19T07:45:00+09:00,J1,311,294,605
2018-08-19T07:45:00+09:00,J2,326,328,654
2018-08-19T07:45:00+09:00,J3,342,360,702
2018-08-19T07:45:00+09:00,J4,586,645,1231
2018-08-19T07:45:00+09:00,J5,370,401,771
2018-08-19T08:00:00+09:00,J1,498,450,948
2018-08-19T08:00:00+09:00,J2,343,322,665
2018-08-19T08:00:00+09:00,J3,505,464,969
2018-08-19T08:00:00+09:00,J4,538,681,1219
2018-08-19T08:00:00+09:00,J5,402,427,829
2018-08-19T08:15:00+09:00,J1,538,445,983
2018-08-19T08:15:00+09:00,J2,409,326,735
2018-08-19T08:15:00+09:00,J3,616,496,1112
2018-08-19T08:15:00+09:00,J4,526,604,1130
2018-08-19T08:15:00+09:00,J5,431,490,921
2018-08-19T08:30:00+09:00,J1,532,449,981
2018-08-19T08:30:00+09:00,J2,388,273,661
2018-08-19T08:30:00+09:00,J3,666,637,1303
2018-08-19T08:30:00+09:00,J4,589,641,1230
2018-08-19T08:30:00+09:00,J5,315,308,623
2018-08-19T08:45:00+09:00,J1,514,476,990
2018-08-19T08:45:00+09:00,J2,399,256,655
2018-08-19T08:45:00+09:00,J3,574,526,1100
2018-08-19T08:45:00+09:00,J4,507,554,1061
2018-08-19T08:45:00+09:00,J5,241,290,531
2018-08-19T09:00:00+09:00,J1,470,396,866
2018-08-19T09:00:00+09:00,J2,409,295,704
2018-08-19T09:00:00+09:00,J3,652,629,1281
2018-08-19T09:00:00+09:00,J4,530,566,1096
2018-08-19T09:00:00+09:00,J5,264,258,522
2018-08-19T09:15:00+09:00,J1,502,488,990
2018-08-19T09:15:00+09:00,J2,422,311,733
2018-08-19T09:15:00+09:00,J3,711,661,1372
2018-08-19T09:15:00+09:00,J4,576,661,1237
2018-08-19T09:15:00+09:00,J5,304,291,595
2018-08-19T09:30:00+09:00,J1,573,556,1129
2018-08-19T09:30:00+09:00,J2,492,335,827
2018-08-19T09:30:00+09:00,J3,650,656,1306
2018-08-19T09:30:00+09:00,J4,585,627,1212
2018-08-19T09:30:00+09:00,J5,260,246,506
2018-08-19T09:45:00+09:00,J1,618,652,1270
2018-08-19T09:45:00+09:00,J2,510,390,900
2018-08-19T09:45:00+09:00,J3,657,641,1298
2018-08-19T09:45:00+09:00,J4,591,627,1218
2018-08-19T09:45:00+09:00,J5,187,265,452
2018-08-19T10:00:00+09:00,J1,553,551,1104
2018-08-19T10:00:00+09:00,J2,479,409,888
2018-08-19T10:00:00+09:00,J3,605,633,1238
2018-08-19T10:00:00+09:00,J4,630,646,1276
2018-08-19T10:00:00+09:00,J5,182,221,403
2018-08-19T10:15:00+09:00,J1,603,584,1187
2018-08-19T10:15:00+09:00,J2,528,450,978
2018-08-19T10:15:00+09:00,J3,599,581,1180
2018-08-19T10:15:00+09:00,J4,694,715,1409
2018-08-19T10:15:00+09:00,J5,211,232,443
2018-08-19T10:30:00+09:00,J1,639,617,1256
2018-08-19T10:30:00+09:00,J2,531,441,972
2018-08-19T10:30:00+09:00,J3,582,603,1185
2018-08-19T10:30:00+09:00,J4,701,767,1468
2018-08-19T10:30:00+09:00,J5,207,230,437
2018-08-19T10:45:00+09:00,J1,685,718,1403
2018-08-19T10:45:00+09:00,J2,525,522,1047
2018-08-19T10:45:00+09:00,J3,560,631,1191
2018-08-19T10:45:00+09:00,J4,765,688,1453
2018-08-19T10:45:00+09:00,J5,218,256,474
2018-08-19T11:00:00+09:00,J1,695,666,1361
2018-08-19T11:00:00+09:00,J2,474,519,993
2018-08-19T11:00:00+09:00,J3,569,558,1127
2018-08-19T11:00:00+09:00,J4,690,739,1429
2018-08-19T11:00:00+09:00,J5,241,248,489
2018-08-19T11:15:00+09:00,J1,674,698,1372
2018-08-19T11:15:00+09:00,J2,527,550,1077
2018-08-19T11:15:00+09:00,J3,606,573,1179
2018-08-19T11:15:00+09:00,J4,672,668,1340
2018-08-19T11:15:00+09:00,J5,259,232,491
2018-08-19T11:30:00+09:00,J1,691,673,1364
2018-08-19T11:30:00+09:00,J2,465,535,1000
2018-08-19T11:30:00+09:00,J3,585,580,1165
2018-08-19T11:30:00+09:00,J4,565,636,1201
2018-08-19T11:30:00+09:00,J5,224,227,451
2018-08-19T11:45:00+09:00,J1,588,620,1208
2018-08-19T11:45:00+09:00,J2,426,488,914
2018-08-19T11:45:00+09:00,J3,552,538,1090
2018-08-19T11:45:00+09:00,J4,577,575,1152
2018-08-19T11:45:00+09:00,J5,200,231,431
2018-08-19T12:00:00+09:00,J1,566,523,1089
2018-08-19T12:00:00+09:00,J2,422,413,835
2018-08-19T12:00:00+09:00,J3,510,499,1009
2018-08-19T12:00:00+09:00,J4,444,434,878
2018-08-19T12:00:00+09:00,J5,235,241,476
2018-08-19T12:15:00+09:00,J1,607,540,1147
2018-08-19T12:15:00+09:00,J2,451,405,856
2018-08-19T12:15:00+09:00,J3,581,511,1092
2018-08-19T12:15:00+09:00,J4,410,446,856
2018-08-19T12:15:00+09:00,J5,222,236,458
2018-08-19T12:30:00+09:00,J1,565,545,1110
2018-08-19T12:30:00+09:00,J2,487,392,879
2018-08-19T12:30:00+09:00,J3,434,478,912
2018-08-19T12:30:00+09:00,J4,409,457,866
2018-08-19T12:30:00+09:00,J5,213,206,419
2018-08-19T12:45:00+09:00,J1,569,560,1129
2018-08-19T12:45:00+09:00,J2,486,396,882
2018-08-19T12:45:00+09:00,J3,433,504,937
2018-08-19T12:45:00+09:00,J4,479,454,933
2018-08-19T12:45:00+09:00,J5,219,249,468
2018-08-19T13:00:00+09:00,J1,507,579,1086
2018-08-19T13:00:00+09:00,J2,496,384,880
2018-08-19T13:00:00+09:00,J3,432,482,914
2018-08-19T13:00:00+09:00,J4,432,414,846
2018-08-19T13:00:00+09:00,J5,225,234,459
2018-08-19T13:15:00+09:00,J1,555,603,1158
2018-08-19T13:15:00+09:00,J2,449,369,818
2018-08-19T13:15:00+09:00,J3,450,511,961
2018-08-19T13:15:00+09:00,J4,403,420,823
2018-08-19T13:15:00+09:00,J5,244,234,478
2018-08-19T13:30:00+09:00,J1,541,626,1167
2018-08-19T13:30:00+09:00,J2,407,375,782
2018-08-19T13:30:00+09:00,J3,508,479,987
2018-08-19T13:30:00+09:00,J4,367,422,789
2018-08-19T13:30:00+09:00,J5,236,251,487
2018-08-19T13:45:00+09:00,J1,554,620,1174
2018-08-19T13:45:00+09:00,J2,452,396,848
2018-08-19T13:45:00+09:00,J3,422,476,898
2018-08-19T13:45:00+09:00,J4,381,380,761
2018-08-19T13:45:00+09:00,J5,238,260,498
2018-08-19T14:00:00+09:00,J1,531,596,1127
2018-08-19T14:00:00+09:00,J2,376,356,732
2018-08-19T14:00:00+09:00,J3,426,446,872
2018-08-19T14:00:00+09:00,J4,407,436,843
2018-08-19T14:00:00+09:00,J5,245,265,510
2018-08-19T14:15:00+09:00,J1,556,592,1148
2018-08-19T14:15:00+09:00,J2,377,384,761
2018-08-19T14:15:00+09:00,J3,419,434,853
2018-08-19T14:15:00+09:00,J4,390,382,772
2018-08-19T14:15:00+09:00,J5,251,288,539
2018-08-19T14:30:00+09:00,J1,519,553,1072
2018-08-19T14:30:00+09:00,J2,426,436,862
2018-08-19T14:30:00+09:00,J3,400,448,848
2018-08-19T14:30:00+09:00,J4,421,416,837
2018-08-19T14:30:00+09:00,J5,285,320,605
2018-08-19T14:45:00+09:00,J1,482,533,1015
2018-08-19T14:45:00+09:00,J2,374,362,736
2018-08-19T14:45:00+09:00,J3,413,429,842
2018-08-19T14:45:00+09:00,J4,398,386,784
2018-08-19T14:45:00+09:00,J5,285,260,545
2018-08-19T15:00:00+09:00,J1,475,567,1042
2018-08-19T15:00:00+09:00,J2,316,428,744
2018-08-19T15:00:00+09:00,J3,387,435,822
2018-08-19T15:00:00+09:00,J4,395,430,825
2018-08-19T15:00:00+09:00,J5,274,283,557
2018-08-19T15:15:00+09:00,J1,481,604,1085
2018-08-19T15:15:00+09:00,J2,339,395,734
2018-08-19T15:15:00+09:00,J3,436,490,926
2018-08-19T15:15:00+09:00,J4,462,465,927
2018-08-19T15:15:00+09:00,J5,297,271,568
2018-08-19T15:30:00+09:00,J1,538,517,1055
2018-08-19T15:30:00+09:00,J2,362,405,767
2018-08-19T15:30:00+09:00,J3,429,443,872
2018-08-19T15:30:00+09:00,J4,423,496,919
2018-08-19T15:30:00+09:00,J5,270,242,512
2018-08-19T15:45:00+09:00,J1,523,570,1093
2018-08-19T15:45:00+09:00,J2,358,409,767
2018-08-19T15:45:00+09:00,J3,447,447,894
2018-08-19T15:45:00+09:00,J4,399,450,849
2018-08-19T15:45:00+09:00,J5,285,291,576
2018-08-19T16:00:00+09:00,J1,471,575,1046
2018-08-19T16:00:00+09:00,J2,348,401,749
2018-08-19T16:00:00+09:00,J3,398,465,863
2018-08-19T16:00:00+09:00,J4,390,461,851
2018-08-19T16:00:00+09:00,J5,313,305,618
2018-08-19T16:15:00+09:00,J1,542,629,1171
2018-08-19T16:15:00+09:00,J2,349,398,747
2018-08-19T16:15:00+09:00,J3,453,456,909
2018-08-19T16:15:00+09:00,J4,477,471,948
2018-08-19T16:15:00+09:00,J5,311,296,607
2018-08-19T16:30:00+09:00,J1,594,600,1194
2018-08-19T16:30:00+09:00,J2,408,378,786
2018-08-19T16:30:00+09:00,J3,483,474,957
2018-08-19T16:30:00+09:00,J4,518,434,952
2018-08-19T16:30:00+09:00,J5,267,236,503
2018-08-19T16:45:00+09:00,J1,602,600,1202
2018-08-19T16:45:00+09:00,J2,359,416,775
2018-08-19T16:45:00+09:00,J3,465,447,912
2018-08-19T16:45:00+09:00,J4,567,484,1051
2018-08-19T16:45:00+09:00,J5,284,291,575
2018-08-19T17:00:00+09:00,J1,563,587,1150
2018-08-19T17:00:00+09:00,J2,399,410,809
2018-08-19T17:00:00+09:00,J3,486,482,968
2018-08-19T17:00:00+09:00,J4,643,494,1137
2018-08-19T17:00:00+09:00,J5,285,274,559
2018-08-19T17:15:00+09:00,J1,563,579,1142
2018-08-19T17:15:00+09:00,J2,352,389,741
2018-08-19T17:15:00+09:00,J3,411,440,851
2018-08-19T17:15:00+09:00,J4,614,429,1043
2018-08-19T17:15:00+09:00,J5,287,280,567
2018-08-19T17:30:00+09:00,J1,580,580,1160
2018-08-19T17:30:00+09:00,J2,333,379,712
2018-08-19T17:30:00+09:00,J3,396,420,816
2018-08-19T17:30:00+09:00,J4,518,399,917
2018-08-19T17:30:00+09:00,J5,277,309,586
2018-08-19T17:45:00+09:00,J1,563,549,1112
2018-08-19T17:45:00+09:00,J2,364,301,665
2018-08-19T17:45:00+09:00,J3,406,389,795
2018-08-19T17:45:00+09:00,J4,448,382,830
2018-08-19T17:45:00+09:00,J5,245,254,499
2018-08-19T18:00:00+09:00,J1,561,622,1183
2018-08-19T18:00:00+09:00,J2,381,404,785
2018-08-19T18:00:00+09:00,J3,480,382,862
2018-08-19T18:00:00+09:00,J4,473,400,873
2018-08-19T18:00:00+09:00,J5,320,261,581
2018-08-19T18:15:00+09:00,J1,587,610,1197
2018-08-19T18:15:00+09:00,J2,335,435,770
2018-08-19T18:15:00+09:00,J3,428,443,871
2018-08-19T18:15:00+09:00,J4,461,361,822
2018-08-19T18:15:00+09:00,J5,239,272,511
2018-08-19T18:30:00+09:00,J1,512,576,1088
2018-08-19T18:30:00+09:00,J2,323,352,675
2018-08-19T18:30:00+09:00,J3,390,365,755
2018-08-19T18:30:00+09:00,J4,442,323,765
2018-08-19T18:30:00+09:00,J5,245,233,478
2018-08-19T18:45:00+09:00,J1,458,476,934
2018-08-19T18:45:00+09:00,J2,276,282,558
2018-08-19T18:45:00+09:00,J3,350,331,681
2018-08-19T18:45:00+09:00,J4,372,306,678
2018-08-19T18:45:00+09:00,J5,244,237,481
2018-08-19T19:00:00+09:00,J1,442,423,865
2018-08-19T19:00:00+09:00,J2,265,321,586
2018-08-19T19:00:00+09:00,J3,326,351,677
2018-08-19T19:00:00+09:00,J4,418,442,860
2018-08-19T19:00:00+09:00,J5,242,250,492
2018-08-19T19:15:00+09:00,J1,477,516,993
2018-08-19T19:15:00+09:00,J2,262,327,589
2018-08-19T19:15:00+09:00,J3,351,299,650
2018-08-19T19:15:00+09:00,J4,356,345,701
2018-08-19T19:15:00+09:00,J5,254,222,476
2018-08-19T19:30:00+09:00,J1,352,371,723
2018-08-19T19:30:00+09:00,J2,291,351,642
2018-08-19T19:30:00+09:00,J3,283,294,577
2018-08-19T19:30:00+09:00,J4,429,478,907
2018-08-19T19:30:00+09:00,J5,269,222,491
2018-08-19T19:45:00+09:00,J1,373,404,777
2018-08-19T19:45:00+09:00,J2,250,268,518
2018-08-19T19:45:00+09:00,J3,309,302,611
2018-08-19T19:45:00+09:00,J4,504,458,962
2018-08-19T19:45:00+09:00,J5,285,244,529
2018-08-19T20:00:00+09:00,J1,386,380,766
2018-08-19T20:00:00+09:00,J2,277,294,571
2018-08-19T20:00:00+09:00,J3,294,290,584
2018-08-19T20:00:00+09:00,J4,496,430,926
2018-08-19T20:00:00+09:00,J5,282,258,540
2018-08-19T20:15:00+09:00,J1,380,447,827
2018-08-19T20:15:00+09:00,J2,312,287,599
2018-08-19T20:15:00+09:00,J3,342,289,631
2018-08-19T20:15:00+09:00,J4,458,400,858
2018-08-19T20:15:00+09:00,J5,284,265,549
2018-08-19T20:30:00+09:00,J1,337,395,732
2018-08-19T20:30:00+09:00,J2,340,290,630
2018-08-19T20:30:00+09:00,J3,314,287,601
2018-08-19T20:30:00+09:00,J4,431,410,841
2018-08-19T20:30:00+09:00,J5,307,234,541
2018-08-19T20:45:00+09:00,J1,352,411,763
2018-08-19T20:45:00+09:00,J2,364,321,685
2018-08-19T20:45:00+09:00,J3,289,294,583
2018-08-19T20:45:00+09:00,J4,375,303,678
2018-08-19T20:45:00+09:00,J5,268,212,480
2018-08-19T21:00:00+09:00,J1,341,346,687
2018-08-19T21:00:00+09:00,J2,385,352,737
2018-08-19T21:00:00+09:00,J3,374,343,717
2018-08-19T21:00:00+09:00,J4,549,473,1022
2018-08-19T21:00:00+09:00,J5,219,191,410
2018-08-19T21:15:00+09:00,J1,368,404,772
2018-08-19T21:15:00+09:00,J2,347,405,752
2018-08-19T21:15:00+09:00,J3,382,376,758
2018-08-19T21:15:00+09:00,J4,469,450,919
2018-08-19T21:15:00+09:00,J5,228,204,432
2018-08-19T21:30:00+09:00,J1,310,382,692
2018-08-19T21:30:00+09:00,J2,397,394,791
2018-08-19T21:30:00+09:00,J3,443,376,819
2018-08-19T21:30:00+09:00,J4,504,429,933
2018-08-19T21:30:00+09:00,J5,231,201,432
2018-08-19T21:45:00+09:00,J1,316,317,633
2018-08-19T21:45:00+09:00,J2,329,360,689
2018-08-19T21:45:00+09:00,J3,437,362,799
2018-08-19T21:45:00+09:00,J4,572,564,1136
2018-08-19T21:45:00+09:00,J5,201,193,394
2018-08-19T22:00:00+09:00,J1,280,325,605
2018-08-19T22:00:00+09:00,J2,360,364,724
2018-08-19T22:00:00+09:00,J3,466,389,855
2018-08-19T22:00:00+09:00,J4,622,623,1245
2018-08-19T22:00:00+09:00,J5,250,206,456
2018-08-19T22:15:00+09:00,J1,310,311,621
2018-08-19T22:15:00+09:00,J2,374,308,682
2018-08-19T22:15:00+09:00,J3,473,363,836
2018-08-19T22:15:00+09:00,J4,619,646,1265
2018-08-19T22:15:00+09:00,J5,251,239,490
2018-08-19T22:30:00+09:00,J1,319,345,664
2018-08-19T22:30:00+09:00,J2,321,251,572
2018-08-19T22:30:00+09:00,J3,511,391,902
2018-08-19T22:30:00+09:00,J4,592,594,1186
2018-08-19T22:30:00+09:00,J5,218,239,457
2018-08-19T22:45:00+09:00,J1,309,356,665
2018-08-19T22:45:00+09:00,J2,327,277,604
2018-08-19T22:45:00+09:00,J3,477,380,857
2018-08-19T22:45:00+09:00,J4,640,655,1295
2018-08-19T22:45:00+09:00,J5,186,233,419
2018-08-19T23:00:00+09:00,J1,335,325,660
2018-08-19T23:00:00+09:00,J2,310,251,561
2018-08-19T23:00:00+09:00,J3,463,351,814
2018-08-19T23:00:00+09:00,J4,608,595,1203
2018-08-19T23:00:00+09:00,J5,186,197,383
2018-08-19T23:15:00+09:00,J1,311,309,620
2018-08-19T23:15:00+09:00,J2,245,225,470
2018-08-19T23:15:00+09:00,J3,467,398,865
2018-08-19T23:15:00+09:00,J4,707,679,1386
2018-08-19T23:15:00+09:00,J5,138,177,315
2018-08-19T23:30:00+09:00,J1,276,321,597
2018-08-19T23:30:00+09:00,J2,279,283,562
2018-08-19T23:30:00+09:00,J3,407,372,779
2018-08-19T23:30:00+09:00,J4,632,611,1243
2018-08-19T23:30:00+09:00,J5,157,163,320
2018-08-19T23:45:00+09:00,J1,317,313,630
2018-08-19T23:45:00+09:00,J2,265,219,484
2018-08-19T23:45:00+09:00,J3,438,343,781
2018-08-19T23:45:00+09:00,J4,588,577,1165
2018-08-19T23:45:00+09:00,J5,166,172,338
2018-08-20T00:00:00+09:00,J1,252,300,552
2018-08-20T00:00:00+09:00,J2,266,219,485
2018-08-20T00:00:00+09:00,J3,414,277,691
2018-08-20T00:00:00+09:00,J4,596,566,1162
2018-08-20T00:00:00+09:00,J5,192,187,379
2018-08-20T00:15:00+09:00,J1,248,192,440
2018-08-20T00:15:00+09:00,J2,229,160,389
2018-08-20T00:15:00+09:00,J3,293,257,550
2018-08-20T00:15:00+09:00,J4,511,443,954
2018-08-20T00:15:00+09:00,J5,166,128,294
2018-08-20T00:30:00+09:00,J1,226,177,403
2018-08-20T00:30:00+09:00,J2,199,176,375
2018-08-20T00:30:00+09:00,J3,279,288,567
2018-08-20T00:30:00+09:00,J4,569,631,1200
2018-08-20T00:30:00+09:00,J5,105,71,176
2018-08-20T00:45:00+09:00,J1,185,219,404
2018-08-20T00:45:00+09:00,J2,210,177,387
2018-08-20T00:45:00+09:00,J3,260,255,515
2018-08-20T00:45:00+09:00,J4,546,645,1191
2018-08-20T00:45:00+09:00,J5,78,46,124
2018-08-20T05:45:00+09:00,J1,291,300,591
2018-08-20T05:45:00+09:00,J2,201,235,436
2018-08-20T05:45:00+09:00,J3,355,347,702
2018-08-20T05:45:00+09:00,J4,437,443,880
2018-08-20T05:45:00+09:00,J5,292,264,556
2018-08-20T06:00:00+09:00,J1,390,377,767
2018-08-20T06:00:00+09:00,J2,167,150,317
2018-08-20T06:00:00+09:00,J3,280,248,528
2018-08-20T06:00:00+09:00,J4,541,477,1018
2018-08-20T06:00:00+09:00,J5,210,207,417
2018-08-20T06:15:00+09:00,J1,295,281,576
2018-08-20T06:15:00+09:00,J2,261,237,498
2018-08-20T06:15:00+09:00,J3,314,297,611
2018-08-20T06:15:00+09:00,J4,521,630,1151
2018-08-20T06:15:00+09:00,J5,127,108,235
2018-08-20T06:30:00+09:00,J1,316,286,602
2018-08-20T06:30:00+09:00,J2,335,305,640
2018-08-20T06:30:00+09:00,J3,347,312,659
2018-08-20T06:30:00+09:00,J4,616,643,1259
2018-08-20T06:30:00+09:00,J5,206,181,387
2018-08-20T06:45:00+09:00,J1,399,329,728
2018-08-20T06:45:00+09:00,J2,272,236,508
2018-08-20T06:45:00+09:00,J3,341,330,671
2018-08-20T06:45:00+09:00,J4,589,679,1268
2018-08-20T06:45:00+09:00,J5,241,222,463
2018-08-20T07:00:00+09:00,J1,371,279,650
2018-08-20T07:00:00+09:00,J2,273,246,519
2018-08-20T07:00:00+09:00,J3,450,378,828
2018-08-20T07:00:00+09:00,J4,583,645,1228
2018-08-20T07:00:00+09:00,J5,237,233,470
2018-08-20T07:15:00+09:00,J1,437,324,761
2018-08-20T07:15:00+09:00,J2,348,229,577
2018-08-20T07:15:00+09:00,J3,603,482,1085
2018-08-20T07:15:00+09:00,J4,550,689,1239
2018-08-20T07:15:00+09:00,J5,222,183,405
2018-08-20T07:30:00+09:00,J1,486,412,898
2018-08-20T07:30:00+09:00,J2,353,305,658
2018-08-20T07:30:00+09:00,J3,628,629,1257
2018-08-20T07:30:00+09:00,J4,585,677,1262
2018-08-20T07:30:00+09:00,J5,237,167,404
2018-08-20T07:45:00+09:00,J1,677,390,1067
2018-08-20T07:45:00+09:00,J2,468,392,860
2018-08-20T07:45:00+09:00,J3,651,718,1369
2018-08-20T07:45:00+09:00,J4,387,653,1040
2018-08-20T07:45:00+09:00,J5,216,238,454
2018-08-20T08:00:00+09:00,J1,857,515,1372
2018-08-20T08:00:00+09:00,J2,620,387,1007
2018-08-20T08:00:00+09:00,J3,684,783,1467
2018-08-20T08:00:00+09:00,J4,395,716,1111
2018-08-20T08:00:00+09:00,J5,317,317,634
2018-08-20T08:15:00+09:00,J1,918,554,1472
2018-08-20T08:15:00+09:00,J2,658,378,1036
2018-08-20T08:15:00+09:00,J3,572,857,1429
2018-08-20T08:15:00+09:00,J4,454,891,1345
2018-08-20T08:15:00+09:00,J5,411,465,876
2018-08-20T08:30:00+09:00,J1,982,569,1551
2018-08-20T08:30:00+09:00,J2,713,359,1072
2018-08-20T08:30:00+09:00,J3,484,917,1401
2018-08-20T08:30:00+09:00,J4,473,937,1410
2018-08-20T08:30:00+09:00,J5,462,432,894
2018-08-20T08:45:00+09:00,J1,714,464,1178
2018-08-20T08:45:00+09:00,J2,423,254,677
2018-08-20T08:45:00+09:00,J3,417,601,1018
2018-08-20T08:45:00+09:00,J4,458,783,1241
2018-08-20T08:45:00+09:00,J5,441,376,817
2018-08-20T09:00:00+09:00,J1,588,429,1017
2018-08-20T09:00:00+09:00,J2,423,289,712
2018-08-20T09:00:00+09:00,J3,428,453,881
2018-08-20T09:00:00+09:00,J4,474,658,1132
2018-08-20T09:00:00+09:00,J5,350,358,708
2018-08-20T09:15:00+09:00,J1,535,369,904
2018-08-20T09:15:00+09:00,J2,346,267,613
2018-08-20T09:15:00+09:00,J3,386,401,787
2018-08-20T09:15:00+09:00,J4,591,727,1318
2018-08-20T09:15:00+09:00,J5,370,361,731
2018-08-20T09:30:00+09:00,J1,514,420,934
2018-08-20T09:30:00+09:00,J2,358,290,648
2018-08-20T09:30:00+09:00,J3,377,452,829
2018-08-20T09:30:00+09:00,J4,584,730,1314
2018-08-20T09:30:00+09:00,J5,414,387,801
2018-08-20T09:45:00+09:00,J1,483,423,906
2018-08-20T09:45:00+09:00,J2,303,275,578
2018-08-20T09:45:00+09:00,J3,403,405,808
2018-08-20T09:45:00+09:00,J4,583,672,1255
2018-08-20T09:45:00+09:00,J5,315,371,686
2018-08-20T10:00:00+09:00,J1,456,490,946
2018-08-20T10:00:00+09:00,J2,276,249,525
2018-08-20T10:00:00+09:00,J3,359,377,736
2018-08-20T10:00:00+09:00,J4,528,560,1088
2018-08-20T10:00:00+09:00,J5,324,344,668
2018-08-20T10:15:00+09:00,J1,519,534,1053
2018-08-20T10:15:00+09:00,J2,343,357,700
2018-08-20T10:15:00+09:00,J3,521,416,937
2018-08-20T10:15:00+09:00,J4,588,669,1257
2018-08-20T10:15:00+09:00,J5,327,382,709
2018-08-20T10:30:00+09:00,J1,602,530,1132
2018-08-20T10:30:00+09:00,J2,383,380,763
2018-08-20T10:30:00+09:00,J3,598,482,1080
2018-08-20T10:30:00+09:00,J4,616,667,1283
2018-08-20T10:30:00+09:00,J5,281,272,553
2018-08-20T10:45:00+09:00,J1,549,567,1116
2018-08-20T10:45:00+09:00,J2,470,362,832
2018-08-20T10:45:00+09:00,J3,626,457,1083
2018-08-20T10:45:00+09:00,J4,620,697,1317
2018-08-20T10:45:00+09:00,J5,303,320,623
2018-08-20T11:00:00+09:00,J1,508,608,1116
2018-08-20T11:00:00+09:00,J2,401,400,801
2018-08-20T11:00:00+09:00,J3,677,486,1163
2018-08-20T11:00:00+09:00,J4,636,769,1405
2018-08-20T11:00:00+09:00,J5,374,439,813
2018-08-20T11:15:00+09:00,J1,627,620,1247
2018-08-20T11:15:00+09:00,J2,477,393,870
2018-08-20T11:15:00+09:00,J3,653,495,1148
2018-08-20T11:15:00+09:00,J4,570,715,1285
2018-08-20T11:15:00+09:00,J5,348,331,679
2018-08-20T11:30:00+09:00,J1,657,654,1311
2018-08-20T11:30:00+09:00,J2,476,400,876
2018-08-20T11:30:00+09:00,J3,597,463,1060
2018-08-20T11:30:00+09:00,J4,647,782,1429
2018-08-20T11:30:00+09:00,J5,270,216,486
2018-08-20T11:45:00+09:00,J1,669,684,1353
2018-08-20T11:45:00+09:00,J2,442,402,844
2018-08-20T11:45:00+09:00,J3,609,495,1104
2018-08-20T11:45:00+09:00,J4,680,636,1316
2018-08-20T11:45:00+09:00,J5,310,335,645
2018-08-20T12:00:00+09:00,J1,696,763,1459
2018-08-20T12:00:00+09:00,J2,476,379,855
2018-08-20T12:00:00+09:00,J3,717,594,1311
2018-08-20T12:00:00+09:00,J4,707,619,1326
2018-08-20T12:00:00+09:00,J5,414,454,868
2018-08-20T12:15:00+09:00,J1,686,734,1420
2018-08-20T12:15:00+09:00,J2,503,358,861
2018-08-20T12:15:00+09:00,J3,737,722,1459
2018-08-20T12:15:00+09:00,J4,720,596,1316
2018-08-20T12:15:00+09:00,J5,414,410,824
2018-08-20T12:30:00+09:00,J1,676,729,1405
2018-08-20T12:30:00+09:00,J2,622,389,1011
2018-08-20T12:30:00+09:00,J3,835,794,1629
2018-08-20T12:30:00+09:00,J4,647,517,1164
2018-08-20T12:30:00+09:00,J5,453,493,946
2018-08-20T12:45:00+09:00,J1,665,673,1338
2018-08-20T12:45:00+09:00,J2,564,433,997
2018-08-20T12:45:00+09:00,J3,768,815,1583
2018-08-20T12:45:00+09:00,J4,682,557,1239
2018-08-20T12:45:00+09:00,J5,474,434,908
2018-08-20T13:00:00+09:00,J1,633,709,1342
2018-08-20T13:00:00+09:00,J2,605,473,1078
2018-08-20T13:00:00+09:00,J3,756,736,1492
2018-08-20T13:00:00+09:00,J4,692,634,1326
2018-08-20T13:00:00+09:00,J5,387,318,705
2018-08-20T13:15:00+09:00,J1,647,655,1302
2018-08-20T13:15:00+09:00,J2,536,392,928
2018-08-20T13:15:00+09:00,J3,735,726,1461
2018-08-20T13:15:00+09:00,J4,612,626,1238
2018-08-20T13:15:00+09:00,J5,385,387,772
2018-08-20T13:30:00+09:00,J1,628,656,1284
2018-08-20T13:30:00+09:00,J2,527,373,900
2018-08-20T13:30:00+09:00,J3,815,816,1631
2018-08-20T13:30:00+09:00,J4,665,525,1190
2018-08-20T13:30:00+09:00,J5,481,485,966
2018-08-20T13:45:00+09:00,J1,604,603,1207
2018-08-20T13:45:00+09:00,J2,492,383,875
2018-08-20T13:45:00+09:00,J3,726,775,1501
2018-08-20T13:45:00+09:00,J4,647,505,1152
2018-08-20T13:45:00+09:00,J5,513,464,977
2018-08-20T14:00:00+09:00,J1,561,630,1191
2018-08-20T14:00:00+09:00,J2,506,378,884
2018-08-20T14:00:00+09:00,J3,752,692,1444
2018-08-20T14:00:00+09:00,J4,623,502,1125
2018-08-20T14:00:00+09:00,J5,527,496,1023
2018-08-20T14:15:00+09:00,J1,596,665,1261
2018-08-20T14:15:00+09:00,J2,579,392,971
2018-08-20T14:15:00+09:00,J3,676,655,1331
2018-08-20T14:15:00+09:00,J4,666,617,1283
2018-08-20T14:15:00+09:00,J5,403,412,815
2018-08-20T14:30:00+09:00,J1,522,670,1192
2018-08-20T14:30:00+09:00,J2,564,450,1014
2018-08-20T14:30:00+09:00,J3,573,550,1123
2018-08-20T14:30:00+09:00,J4,706,537,1243
2018-08-20T14:30:00+09:00,J5,517,462,979
2018-08-20T14:45:00+09:00,J1,575,608,1183
2018-08-20T14:45:00+09:00,J2,521,473,994
2018-08-20T14:45:00+09:00,J3,501,550,1051
2018-08-20T14:45:00+09:00,J4,661,611,1272
2018-08-20T14:45:00+09:00,J5,249,273,522
2018-08-20T15:00:00+09:00,J1,536,646,1182
2018-08-20T15:00:00+09:00,J2,548,411,959
2018-08-20T15:00:00+09:00,J3,544,573,1117
2018-08-20T15:00:00+09:00,J4,629,542,1171
2018-08-20T15:00:00+09:00,J5,218,237,455
2018-08-20T15:15:00+09:00,J1,522,526,1048
2018-08-20T15:15:00+09:00,J2,531,410,941
2018-08-20T15:15:00+09:00,J3,614,567,1181
2018-08-20T15:15:00+09:00,J4,609,554,1163
2018-08-20T15:15:00+09:00,J5,230,275,505
2018-08-20T15:30:00+09:00,J1,559,607,1166
2018-08-20T15:30:00+09:00,J2,585,412,997
2018-08-20T15:30:00+09:00,J3,644,545,1189
2018-08-20T15:30:00+09:00,J4,676,604,1280
2018-08-20T15:30:00+09:00,J5,252,250,502
2018-08-20T15:45:00+09:00,J1,562,638,1200
2018-08-20T15:45:00+09:00,J2,605,404,1009
2018-08-20T15:45:00+09:00,J3,568,549,1117
2018-08-20T15:45:00+09:00,J4,624,578,1202
2018-08-20T15:45:00+09:00,J5,194,244,438
2018-08-20T16:00:00+09:00,J1,580,595,1175
2018-08-20T16:00:00+09:00,J2,578,460,1038
2018-08-20T16:00:00+09:00,J3,543,528,1071
2018-08-20T16:00:00+09:00,J4,630,567,1197
2018-08-20T16:00:00+09:00,J5,191,237,428
2018-08-20T16:15:00+09:00,J1,533,601,1134
2018-08-20T16:15:00+09:00,J2,613,438,1051
2018-08-20T16:15:00+09:00,J3,668,611,1279
2018-08-20T16:15:00+09:00,J4,617,608,1225
2018-08-20T16:15:00+09:00,J5,378,345,723
2018-08-20T16:30:00+09:00,J1,549,647,1196
2018-08-20T16:30:00+09:00,J2,606,451,1057
2018-08-20T16:30:00+09:00,J3,577,556,1133
2018-08-20T16:30:00+09:00,J4,619,590,1209
2018-08-20T16:30:00+09:00,J5,516,429,945
2018-08-20T16:45:00+09:00,J1,581,706,1287
2018-08-20T16:45:00+09:00,J2,505,448,953
2018-08-20T16:45:00+09:00,J3,669,574,1243
2018-08-20T16:45:00+09:00,J4,716,549,1265
2018-08-20T16:45:00+09:00,J5,512,438,950
2018-08-20T17:00:00+09:00,J1,598,732,1330
2018-08-20T17:00:00+09:00,J2,637,460,1097
2018-08-20T17:00:00+09:00,J3,683,575,1258
2018-08-20T17:00:00+09:00,J4,785,554,1339
2018-08-20T17:00:00+09:00,J5,522,477,999
2018-08-20T17:15:00+09:00,J1,697,761,1458
2018-08-20T17:15:00+09:00,J2,646,470,1116
2018-08-20T17:15:00+09:00,J3,717,637,1354
2018-08-20T17:15:00+09:00,J4,695,634,1329
2018-08-20T17:15:00+09:00,J5,511,603,1114
2018-08-20T17:30:00+09:00,J1,727,855,1582
2018-08-20T17:30:00+09:00,J2,712,469,1181
2018-08-20T17:30:00+09:00,J3,685,693,1378
2018-08-20T17:30:00+09:00,J4,766,658,1424
2018-08-20T17:30:00+09:00,J5,527,540,1067
2018-08-20T17:45:00+09:00,J1,701,885,1586
2018-08-20T17:45:00+09:00,J2,567,520,1087
2018-08-20T17:45:00+09:00,J3,769,720,1489
2018-08-20T17:45:00+09:00,J4,822,681,1503
2018-08-20T17:45:00+09:00,J5,541,598,1139
2018-08-20T18:00:00+09:00,J1,684,797,1481
2018-08-20T18:00:00+09:00,J2,550,472,1022
2018-08-20T18:00:00+09:00,J3,834,642,1476
2018-08-20T18:00:00+09:00,J4,759,649,1408
2018-08-20T18:00:00+09:00,J5,544,559,1103
2018-08-20T18:15:00+09:00,J1,664,885,1549
2018-08-20T18:15:00+09:00,J2,588,524,1112
2018-08-20T18:15:00+09:00,J3,737,593,1330
2018-08-20T18:15:00+09:00,J4,869,621,1490
2018-08-20T18:15:00+09:00,J5,567,647,1214
2018-08-20T18:30:00+09:00,J1,667,786,1453
2018-08-20T18:30:00+09:00,J2,530,398,928
2018-08-20T18:30:00+09:00,J3,707,543,1250
2018-08-20T18:30:00+09:00,J4,848,602,1450
2018-08-20T18:30:00+09:00,J5,516,602,1118
2018-08-20T18:45:00+09:00,J1,569,639,1208
2018-08-20T18:45:00+09:00,J2,521,389,910
2018-08-20T18:45:00+09:00,J3,597,491,1088
2018-08-20T18:45:00+09:00,J4,808,599,1407
2018-08-20T18:45:00+09:00,J5,521,559,1080
2018-08-20T19:00:00+09:00,J1,516,690,1206
2018-08-20T19:00:00+09:00,J2,403,365,768
2018-08-20T19:00:00+09:00,J3,618,473,1091
2018-08-20T19:00:00+09:00,J4,828,594,1422
2018-08-20T19:00:00+09:00,J5,496,547,1043
2018-08-20T19:15:00+09:00,J1,497,685,1182
2018-08-20T19:15:00+09:00,J2,382,383,765
2018-08-20T19:15:00+09:00,J3,627,502,1129
2018-08-20T19:15:00+09:00,J4,784,541,1325
2018-08-20T19:15:00+09:00,J5,514,519,1033
2018-08-20T19:30:00+09:00,J1,465,577,1042
2018-08-20T19:30:00+09:00,J2,428,370,798
2018-08-20T19:30:00+09:00,J3,603,436,1039
2018-08-20T19:30:00+09:00,J4,681,540,1221
2018-08-20T19:30:00+09:00,J5,442,537,979
2018-08-20T19:45:00+09:00,J1,441,569,1010
2018-08-20T19:45:00+09:00,J2,374,331,705
2018-08-20T19:45:00+09:00,J3,567,482,1049
2018-08-20T19:45:00+09:00,J4,771,576,1347
2018-08-20T19:45:00+09:00,J5,438,556,994
2018-08-20T20:00:00+09:00,J1,439,520,959
2018-08-20T20:00:00+09:00,J2,341,283,624
2018-08-20T20:00:00+09:00,J3,606,473,1079
2018-08-20T20:00:00+09:00,J4,666,550,1216
2018-08-20T20:00:00+09:00,J5,458,543,1001
2018-08-20T20:15:00+09:00,J1,457,577,1034
2018-08-20T20:15:00+09:00,J2,340,330,670
2018-08-20T20:15:00+09:00,J3,543,432,975
2018-08-20T20:15:00+09:00,J4,671,621,1292
2018-08-20T20:15:00+09:00,J5,426,486,912
2018-08-20T20:30:00+09:00,J1,395,485,880
2018-08-20T20:30:00+09:00,J2,324,352,676
2018-08-20T20:30:00+09:00,J3,580,468,1048
2018-08-20T20:30:00+09:00,J4,650,604,1254
2018-08-20T20:30:00+09:00,J5,383,479,862
2018-08-20T20:45:00+09:00,J1,410,494,904
2018-08-20T20:45:00+09:00,J2,347,392,739
2018-08-20T20:45:00+09:00,J3,609,494,1103
2018-08-20T20:45:00+09:00,J4,646,597,1243
2018-08-20T20:45:00+09:00,J5,371,440,811
2018-08-20T21:00:00+09:00,J1,431,522,953
2018-08-20T21:00:00+09:00,J2,288,340,628
2018-08-20T21:00:00+09:00,J3,477,371,848
2018-08-20T21:00:00+09:00,J4,581,484,1065
2018-08-20T21:00:00+09:00,J5,343,414,757
2018-08-20T21:15:00+09:00,J1,455,468,923
2018-08-20T21:15:00+09:00,J2,300,282,582
2018-08-20T21:15:00+09:00,J3,451,386,837
2018-08-20T21:15:00+09:00,J4,568,492,1060
2018-08-20T21:15:00+09:00,J5,329,468,797
2018-08-20T21:30:00+09:00,J1,383,411,794
2018-08-20T21:30:00+09:00,J2,223,212,435
2018-08-20T21:30:00+09:00,J3,380,331,711
2018-08-20T21:30:00+09:00,J4,427,319,746
2018-08-20T21:30:00+09:00,J5,321,451,772
2018-08-20T21:45:00+09:00,J1,320,352,672
2018-08-20T21:45:00+09:00,J2,248,233,481
2018-08-20T21:45:00+09:00,J3,317,285,602
2018-08-20T21:45:00+09:00,J4,339,277,616
2018-08-20T21:45:00+09:00,J5,276,390,666
2018-08-20T22:00:00+09:00,J1,368,434,802
2018-08-20T22:00:00+09:00,J2,222,256,478
2018-08-20T22:00:00+09:00,J3,328,294,622
2018-08-20T22:00:00+09:00,J4,252,248,500
2018-08-20T22:00:00+09:00,J5,298,366,664
2018-08-20T22:15:00+09:00,J1,342,409,751
2018-08-20T22:15:00+09:00,J2,257,286,543
2018-08-20T22:15:00+09:00,J3,383,337,720
2018-08-20T22:15:00+09:00,J4,266,241,507
2018-08-20T22:15:00+09:00,J5,271,333,604
2018-08-20T22:30:00+09:00,J1,334,319,653
2018-08-20T22:30:00+09:00,J2,269,269,538
2018-08-20T22:30:00+09:00,J3,327,286,613
2018-08-20T22:30:00+09:00,J4,264,264,528
2018-08-20T22:30:00+09:00,J5,256,301,557
2018-08-20T22:45:00+09:00,J1,319,388,707
2018-08-20T22:45:00+09:00,J2,292,289,581
2018-08-20T22:45:00+09:00,J3,335,290,625
2018-08-20T22:45:00+09:00,J4,295,255,550
2018-08-20T22:45:00+09:00,J5,282,301,583
2018-08-20T23:00:00+09:00,J1,280,337,617
2018-08-20T23:00:00+09:00,J2,297,300,597
2018-08-20T23:00:00+09:00,J3,362,280,642
2018-08-20T23:00:00+09:00,J4,252,270,522
2018-08-20T23:00:00+09:00,J5,267,302,569
2018-08-20T23:15:00+09:00,J1,278,306,584
2018-08-20T23:15:00+09:00,J2,271,343,614
2018-08-20T23:15:00+09:00,J3,339,314,653
2018-08-20T23:15:00+09:00,J4,338,287,625
2018-08-20T23:15:00+09:00,J5,262,271,533
2018-08-20T23:30:00+09:00,J1,319,345,664
2018-08-20T23:30:00+09:00,J2,254,306,560
2018-08-20T23:30:00+09:00,J3,254,267,521
2018-08-20T23:30:00+09:00,J4,284,279,563
2018-08-20T23:30:00+09:00,J5,254,232,486
2018-08-20T23:45:00+09:00,J1,309,345,654
2018-08-20T23:45:00+09:00,J2,260,283,543
2018-08-20T23:45:00+09:00,J3,287,263,550
2018-08-20T23:45:00+09:00,J4,352,308,660
2018-08-20T23:45:00+09:00,J5,239,224,463
2018-08-21T00:00:00+09:00,J1,241,221,462
2018-08-21T00:00:00+09:00,J2,244,278,522
2018-08-21T00:00:00+09:00,J3,257,250,507
2018-08-21T00:00:00+09:00,J4,271,266,537
2018-08-21T00:00:00+09:00,J5,235,231,466
2018-08-21T00:15:00+09:00,J1,222,207,429
2018-08-21T00:15:00+09:00,J2,242,291,533
2018-08-21T00:15:00+09:00,J3,306,260,566
2018-08-21T00:15:00+09:00,J4,150,212,362
2018-08-21T00:15:00+09:00,J5,163,197,360
2018-08-21T00:30:00+09:00,J1,242,244,486
2018-08-21T00:30:00+09:00,J2,213,266,479
2018-08-21T00:30:00+09:00,J3,219,249,468
2018-08-21T00:30:00+09:00,J4,257,250,507
2018-08-21T00:30:00+09:00,J5,143,155,298
2018-08-21T00:45:00+09:00,J1,230,227,457
2018-08-21T00:45:00+09:00,J2,238,273,511
2018-08-21T00:45:00+09:00,J3,229,254,483
2018-08-21T00:45:00+09:00,J4,279,302,581
2018-08-21T00:45:00+09:00,J5,132,170,302
2018-08-21T05:45:00+09:00,J1,320,252,572
2018-08-21T05:45:00+09:00,J2,271,222,493
2018-08-21T05:45:00+09:00,J3,324,229,553
2018-08-21T05:45:00+09:00,J4,532,497,1029
2018-08-21T05:45:00+09:00,J5,172,142,314
2018-08-21T06:00:00+09:00,J1,275,275,550
2018-08-21T06:00:00+09:00,J2,312,289,601
2018-08-21T06:00:00+09:00,J3,348,297,645
2018-08-21T06:00:00+09:00,J4,568,603,1171
2018-08-21T06:00:00+09:00,J5,118,151,269
2018-08-21T06:15:00+09:00,J1,262,217,479
2018-08-21T06:15:00+09:00,J2,325,279,604
2018-08-21T06:15:00+09:00,J3,354,359,713
2018-08-21T06:15:00+09:00,J4,514,507,1021
2018-08-21T06:15:00+09:00,J5,166,211,377
2018-08-21T06:30:00+09:00,J1,209,199,408
2018-08-21T06:30:00+09:00,J2,281,227,508
2018-08-21T06:30:00+09:00,J3,304,286,590
2018-08-21T06:30:00+09:00,J4,488,463,951
2018-08-21T06:30:00+09:00,J5,121,163,284
2018-08-21T06:45:00+09:00,J1,299,282,581
2018-08-21T06:45:00+09:00,J2,372,344,716
2018-08-21T06:45:00+09:00,J3,385,322,707
2018-08-21T06:45:00+09:00,J4,360,424,784
2018-08-21T06:45:00+09:00,J5,134,160,294
2018-08-21T07:00:00+09:00,J1,355,285,640
2018-08-21T07:00:00+09:00,J2,306,266,572
2018-08-21T07:00:00+09:00,J3,432,325,757
2018-08-21T07:00:00+09:00,J4,372,441,813
2018-08-21T07:00:00+09:00,J5,182,145,327
2018-08-21T07:15:00+09:00,J1,391,324,715
2018-08-21T07:15:00+09:00,J2,400,363,763
2018-08-21T07:15:00+09:00,J3,493,435,928
2018-08-21T07:15:00+09:00,J4,367,520,887
2018-08-21T07:15:00+09:00,J5,194,203,397
2018-08-21T07:30:00+09:00,J1,418,323,741
2018-08-21T07:30:00+09:00,J2,351,336,687
2018-08-21T07:30:00+09:00,J3,400,470,870
2018-08-21T07:30:00+09:00,J4,348,562,910
2018-08-21T07:30:00+09:00,J5,257,244,501
2018-08-21T07:45:00+09:00,J1,578,391,969
2018-08-21T07:45:00+09:00,J2,417,310,727
2018-08-21T07:45:00+09:00,J3,450,527,977
2018-08-21T07:45:00+09:00,J4,366,626,992
2018-08-21T07:45:00+09:00,J5,335,354,689
2018-08-21T08:00:00+09:00,J1,886,548,1434
2018-08-21T08:00:00+09:00,J2,537,319,856
2018-08-21T08:00:00+09:00,J3,454,655,1109
2018-08-21T08:00:00+09:00,J4,472,839,1311
2018-08-21T08:00:00+09:00,J5,384,434,818
2018-08-21T08:15:00+09:00,J1,1057,594,1651
2018-08-21T08:15:00+09:00,J2,559,359,918
2018-08-21T08:15:00+09:00,J3,532,810,1342
2018-08-21T08:15:00+09:00,J4,629,1006,1635
2018-08-21T08:15:00+09:00,J5,376,336,712
2018-08-21T08:30:00+09:00,J1,1129,600,1729
2018-08-21T08:30:00+09:00,J2,553,389,942
2018-08-21T08:30:00+09:00,J3,553,814,1367
2018-08-21T08:30:00+09:00,J4,647,1086,1733
2018-08-21T08:30:00+09:00,J5,343,278,621
2018-08-21T08:45:00+09:00,J1,839,493,1332
2018-08-21T08:45:00+09:00,J2,451,339,790
2018-08-21T08:45:00+09:00,J3,465,588,1053
2018-08-21T08:45:00+09:00,J4,521,809,1330
2018-08-21T08:45:00+09:00,J5,264,201,465
2018-08-21T09:00:00+09:00,J1,631,498,1129
2018-08-21T09:00:00+09:00,J2,356,279,635
2018-08-21T09:00:00+09:00,J3,417,408,825
2018-08-21T09:00:00+09:00,J4,532,713,1245
2018-08-21T09:00:00+09:00,J5,337,310,647
2018-08-21T09:15:00+09:00,J1,633,439,1072
2018-08-21T09:15:00+09:00,J2,399,311,710
2018-08-21T09:15:00+09:00,J3,448,463,911
2018-08-21T09:15:00+09:00,J4,570,778,1348
2018-08-21T09:15:00+09:00,J5,298,257,555
2018-08-21T09:30:00+09:00,J1,560,424,984
2018-08-21T09:30:00+09:00,J2,415,337,752
2018-08-21T09:30:00+09:00,J3,540,465,1005
2018-08-21T09:30:00+09:00,J4,616,805,1421
2018-08-21T09:30:00+09:00,J5,312,304,616
2018-08-21T09:45:00+09:00,J1,478,426,904
2018-08-21T09:45:00+09:00,J2,326,283,609
2018-08-21T09:45:00+09:00,J3,445,366,811
2018-08-21T09:45:00+09:00,J4,614,578,1192
2018-08-21T09:45:00+09:00,J5,327,332,659
2018-08-21T10:00:00+09:00,J1,436,458,894
2018-08-21T10:00:00+09:00,J2,291,296,587
2018-08-21T10:00:00+09:00,J3,481,347,828
2018-08-21T10:00:00+09:00,J4,532,592,1124
2018-08-21T10:00:00+09:00,J5,347,335,682
2018-08-21T10:15:00+09:00,J1,540,485,1025
2018-08-21T10:15:00+09:00,J2,356,291,647
2018-08-21T10:15:00+09:00,J3,572,362,934
2018-08-21T10:15:00+09:00,J4,590,652,1242
2018-08-21T10:15:00+09:00,J5,330,289,619
2018-08-21T10:30:00+09:00,J1,469,478,947
2018-08-21T10:30:00+09:00,J2,315,356,671
2018-08-21T10:30:00+09:00,J3,561,430,991
2018-08-21T10:30:00+09:00,J4,599,608,1207
2018-08-21T10:30:00+09:00,J5,391,417,808
2018-08-21T10:45:00+09:00,J1,468,534,1002
2018-08-21T10:45:00+09:00,J2,374,418,792
2018-08-21T10:45:00+09:00,J3,556,400,956
2018-08-21T10:45:00+09:00,J4,530,571,1101
2018-08-21T10:45:00+09:00,J5,260,235,495
2018-08-21T11:00:00+09:00,J1,532,499,1031
2018-08-21T11:00:00+09:00,J2,358,387,745
2018-08-21T11:00:00+09:00,J3,592,464,1056
2018-08-21T11:00:00+09:00,J4,549,531,1080
2018-08-21T11:00:00+09:00,J5,348,405,753
2018-08-21T11:15:00+09:00,J1,590,607,1197
2018-08-21T11:15:00+09:00,J2,354,375,729
2018-08-21T11:15:00+09:00,J3,570,404,974
2018-08-21T11:15:00+09:00,J4,508,589,1097
2018-08-21T11:15:00+09:00,J5,244,241,485
2018-08-21T11:30:00+09:00,J1,586,599,1185
2018-08-21T11:30:00+09:00,J2,354,442,796
2018-08-21T11:30:00+09:00,J3,544,420,964
2018-08-21T11:30:00+09:00,J4,649,692,1341
2018-08-21T11:30:00+09:00,J5,288,276,564
2018-08-21T11:45:00+09:00,J1,542,615,1157
2018-08-21T11:45:00+09:00,J2,365,433,798
2018-08-21T11:45:00+09:00,J3,568,382,950
2018-08-21T11:45:00+09:00,J4,642,734,1376
2018-08-21T11:45:00+09:00,J5,310,289,599
2018-08-21T12:00:00+09:00,J1,586,690,1276
2018-08-21T12:00:00+09:00,J2,394,442,836
2018-08-21T12:00:00+09:00,J3,627,411,1038
2018-08-21T12:00:00+09:00,J4,648,617,1265
2018-08-21T12:00:00+09:00,J5,367,410,777
2018-08-21T12:15:00+09:00,J1,575,689,1264
2018-08-21T12:15:00+09:00,J2,422,437,859
2018-08-21T12:15:00+09:00,J3,566,366,932
2018-08-21T12:15:00+09:00,J4,645,635,1280
2018-08-21T12:15:00+09:00,J5,334,339,673
2018-08-21T12:30:00+09:00,J1,694,774,1468
2018-08-21T12:30:00+09:00,J2,529,530,1059
2018-08-21T12:30:00+09:00,J3,613,491,1104
2018-08-21T12:30:00+09:00,J4,601,620,1221
2018-08-21T12:30:00+09:00,J5,364,358,722
2018-08-21T12:45:00+09:00,J1,712,802,1514
2018-08-21T12:45:00+09:00,J2,620,486,1106
2018-08-21T12:45:00+09:00,J3,734,542,1276
2018-08-21T12:45:00+09:00,J4,650,718,1368
2018-08-21T12:45:00+09:00,J5,384,419,803
2018-08-21T13:00:00+09:00,J1,728,828,1556
2018-08-21T13:00:00+09:00,J2,574,415,989
2018-08-21T13:00:00+09:00,J3,653,514,1167
2018-08-21T13:00:00+09:00,J4,732,712,1444
2018-08-21T13:00:00+09:00,J5,432,453,885
2018-08-21T13:15:00+09:00,J1,703,736,1439
2018-08-21T13:15:00+09:00,J2,505,466,971
2018-08-21T13:15:00+09:00,J3,647,496,1143
2018-08-21T13:15:00+09:00,J4,712,789,1501
2018-08-21T13:15:00+09:00,J5,427,451,878
2018-08-21T13:30:00+09:00,J1,720,740,1460
2018-08-21T13:30:00+09:00,J2,577,446,1023
2018-08-21T13:30:00+09:00,J3,672,446,1118
2018-08-21T13:30:00+09:00,J4,709,689,1398
2018-08-21T13:30:00+09:00,J5,423,451,874
2018-08-21T13:45:00+09:00,J1,689,696,1385
2018-08-21T13:45:00+09:00,J2,585,491,1076
2018-08-21T13:45:00+09:00,J3,676,536,1212
2018-08-21T13:45:00+09:00,J4,689,694,1383
2018-08-21T13:45:00+09:00,J5,374,424,798
2018-08-21T14:00:00+09:00,J1,628,739,1367
2018-08-21T14:00:00+09:00,J2,509,482,991
2018-08-21T14:00:00+09:00,J3,595,500,1095
2018-08-21T14:00:00+09:00,J4,707,648,1355
2018-08-21T14:00:00+09:00,J5,366,465,831
2018-08-21T14:15:00+09:00,J1,647,723,1370
2018-08-21T14:15:00+09:00,J2,495,410,905
2018-08-21T14:15:00+09:00,J3,544,501,1045
2018-08-21T14:15:00+09:00,J4,675,676,1351
2018-08-21T14:15:00+09:00,J5,367,330,697
2018-08-21T14:30:00+09:00,J1,599,707,1306
2018-08-21T14:30:00+09:00,J2,508,385,893
2018-08-21T14:30:00+09:00,J3,604,464,1068
2018-08-21T14:30:00+09:00,J4,746,687,1433
2018-08-21T14:30:00+09:00,J5,400,449,849
2018-08-21T14:45:00+09:00,J1,644,793,1437
2018-08-21T14:45:00+09:00,J2,549,469,1018
2018-08-21T14:45:00+09:00,J3,633,512,1145
2018-08-21T14:45:00+09:00,J4,767,669,1436
2018-08-21T14:45:00+09:00,J5,332,311,643
2018-08-21T15:00:00+09:00,J1,700,834,1534
2018-08-21T15:00:00+09:00,J2,562,462,1024
2018-08-21T15:00:00+09:00,J3,659,563,1222
2018-08-21T15:00:00+09:00,J4,715,659,1374
2018-08-21T15:00:00+09:00,J5,461,546,1007
2018-08-21T15:15:00+09:00,J1,694,772,1466
2018-08-21T15:15:00+09:00,J2,577,466,1043
2018-08-21T15:15:00+09:00,J3,671,536,1207
2018-08-21T15:15:00+09:00,J4,667,740,1407
2018-08-21T15:15:00+09:00,J5,466,590,1056
2018-08-21T15:30:00+09:00,J1,734,765,1499
2018-08-21T15:30:00+09:00,J2,552,480,1032
2018-08-21T15:30:00+09:00,J3,754,575,1329
2018-08-21T15:30:00+09:00,J4,726,623,1349
2018-08-21T15:30:00+09:00,J5,439,488,927
2018-08-21T15:45:00+09:00,J1,658,762,1420
2018-08-21T15:45:00+09:00,J2,570,458,1028
2018-08-21T15:45:00+09:00,J3,671,560,1231
2018-08-21T15:45:00+09:00,J4,782,622,1404
2018-08-21T15:45:00+09:00,J5,439,506,945
2018-08-21T16:00:00+09:00,J1,676,812,1488
2018-08-21T16:00:00+09:00,J2,588,474,1062
2018-08-21T16:00:00+09:00,J3,695,598,1293
2018-08-21T16:00:00+09:00,J4,698,669,1367
2018-08-21T16:00:00+09:00,J5,354,416,770
2018-08-21T16:15:00+09:00,J1,711,779,1490
2018-08-21T16:15:00+09:00,J2,612,434,1046
2018-08-21T16:15:00+09:00,J3,678,560,1238
2018-08-21T16:15:00+09:00,J4,719,663,1382
2018-08-21T16:15:00+09:00,J5,406,472,878
2018-08-21T16:30:00+09:00,J1,730,806,1536
2018-08-21T16:30:00+09:00,J2,605,469,1074
2018-08-21T16:30:00+09:00,J3,717,498,1215
2018-08-21T16:30:00+09:00,J4,766,725,1491
2018-08-21T16:30:00+09:00,J5,373,486,859
2018-08-21T16:45:00+09:00,J1,708,725,1433
2018-08-21T16:45:00+09:00,J2,568,476,1044
2018-08-21T16:45:00+09:00,J3,740,514,1254
2018-08-21T16:45:00+09:00,J4,763,692,1455
2018-08-21T16:45:00+09:00,J5,392,501,893
2018-08-21T17:00:00+09:00,J1,752,895,1647
2018-08-21T17:00:00+09:00,J2,653,586,1239
2018-08-21T17:00:00+09:00,J3,801,655,1456
2018-08-21T17:00:00+09:00,J4,822,676,1498
2018-08-21T17:00:00+09:00,J5,418,574,992
2018-08-21T17:15:00+09:00,J1,875,937,1812
2018-08-21T17:15:00+09:00,J2,827,576,1403
2018-08-21T17:15:00+09:00,J3,802,717,1519
2018-08-21T17:15:00+09:00,J4,907,693,1600
2018-08-21T17:15:00+09:00,J5,473,521,994
2018-08-21T17:30:00+09:00,J1,875,1027,1902
2018-08-21T17:30:00+09:00,J2,769,669,1438
2018-08-21T17:30:00+09:00,J3,946,759,1705
2018-08-21T17:30:00+09:00,J4,938,762,1700
2018-08-21T17:30:00+09:00,J5,470,511,981
2018-08-21T17:45:00+09:00,J1,947,1108,2055
2018-08-21T17:45:00+09:00,J2,795,667,1462
2018-08-21T17:45:00+09:00,J3,995,825,1820
2018-08-21T17:45:00+09:00,J4,947,776,1723
2018-08-21T17:45:00+09:00,J5,505,538,1043
2018-08-21T18:00:00+09:00,J1,885,1030,1915
2018-08-21T18:00:00+09:00,J2,825,704,1529
2018-08-21T18:00:00+09:00,J3,957,736,1693
2018-08-21T18:00:00+09:00,J4,880,803,1683
2018-08-21T18:00:00+09:00,J5,456,502,958
2018-08-21T18:15:00+09:00,J1,835,966,1801
2018-08-21T18:15:00+09:00,J2,774,545,1319
2018-08-21T18:15:00+09:00,J3,868,694,1562
2018-08-21T18:15:00+09:00,J4,936,731,1667
2018-08-21T18:15:00+09:00,J5,451,439,890
2018-08-21T18:30:00+09:00,J1,681,819,1500
2018-08-21T18:30:00+09:00,J2,734,500,1234
2018-08-21T18:30:00+09:00,J3,833,619,1452
2018-08-21T18:30:00+09:00,J4,901,686,1587
2018-08-21T18:30:00+09:00,J5,464,451,915
2018-08-21T18:45:00+09:00,J1,633,776,1409
2018-08-21T18:45:00+09:00,J2,660,465,1125
2018-08-21T18:45:00+09:00,J3,724,538,1262
2018-08-21T18:45:00+09:00,J4,784,598,1382
2018-08-21T18:45:00+09:00,J5,415,479,894
2018-08-21T19:00:00+09:00,J1,544,719,1263
2018-08-21T19:00:00+09:00,J2,577,478,1055
2018-08-21T19:00:00+09:00,J3,658,497,1155
2018-08-21T19:00:00+09:00,J4,759,616,1375
2018-08-21T19:00:00+09:00,J5,455,496,951
2018-08-21T19:15:00+09:00,J1,548,746,1294
2018-08-21T19:15:00+09:00,J2,598,494,1092
2018-08-21T19:15:00+09:00,J3,620,508,1128
2018-08-21T19:15:00+09:00,J4,799,593,1392
2018-08-21T19:15:00+09:00,J5,433,498,931
2018-08-21T19:30:00+09:00,J1,505,665,1170
2018-08-21T19:30:00+09:00,J2,465,394,859
2018-08-21T19:30:00+09:00,J3,656,444,1100
2018-08-21T19:30:00+09:00,J4,745,564,1309
2018-08-21T19:30:00+09:00,J5,368,395,763
2018-08-21T19:45:00+09:00,J1,483,619,1102
2018-08-21T19:45:00+09:00,J2,457,385,842
2018-08-21T19:45:00+09:00,J3,568,403,971
2018-08-21T19:45:00+09:00,J4,679,537,1216
2018-08-21T19:45:00+09:00,J5,338,326,664
2018-08-21T20:00:00+09:00,J1,443,600,1043
2018-08-21T20:00:00+09:00,J2,426,353,779
2018-08-21T20:00:00+09:00,J3,578,383,961
2018-08-21T20:00:00+09:00,J4,695,474,1169
2018-08-21T20:00:00+09:00,J5,340,361,701
2018-08-21T20:15:00+09:00,J1,410,602,1012
2018-08-21T20:15:00+09:00,J2,396,357,753
2018-08-21T20:15:00+09:00,J3,584,362,946
2018-08-21T20:15:00+09:00,J4,713,601,1314
2018-08-21T20:15:00+09:00,J5,324,329,653
2018-08-21T20:30:00+09:00,J1,412,570,982
2018-08-21T20:30:00+09:00,J2,374,355,729
2018-08-21T20:30:00+09:00,J3,576,359,935
2018-08-21T20:30:00+09:00,J4,633,655,1288
2018-08-21T20:30:00+09:00,J5,314,329,643
2018-08-21T20:45:00+09:00,J1,412,497,909
2018-08-21T20:45:00+09:00,J2,356,324,680
2018-08-21T20:45:00+09:00,J3,517,349,866
2018-08-21T20:45:00+09:00,J4,581,552,1133
2018-08-21T20:45:00+09:00,J5,258,223,481
2018-08-21T21:00:00+09:00,J1,380,504,884
2018-08-21T21:00:00+09:00,J2,363,308,671
2018-08-21T21:00:00+09:00,J3,522,365,887
2018-08-21T21:00:00+09:00,J4,662,488,1150
2018-08-21T21:00:00+09:00,J5,412,475,887
2018-08-21T21:15:00+09:00,J1,455,498,953
2018-08-21T21:15:00+09:00,J2,376,383,759
2018-08-21T21:15:00+09:00,J3,508,391,899
2018-08-21T21:15:00+09:00,J4,660,555,1215
2018-08-21T21:15:00+09:00,J5,386,386,772
2018-08-21T21:30:00+09:00,J1,434,499,933
2018-08-21T21:30:00+09:00,J2,334,344,678
2018-08-21T21:30:00+09:00,J3,515,358,873
2018-08-21T21:30:00+09:00,J4,649,555,1204
2018-08-21T21:30:00+09:00,J5,265,302,567
2018-08-21T21:45:00+09:00,J1,560,749,1309
2018-08-21T21:45:00+09:00,J2,439,601,1040
2018-08-21T21:45:00+09:00,J3,742,556,1298
2018-08-21T21:45:00+09:00,J4,869,770,1639
2018-08-21T21:45:00+09:00,J5,425,464,889
2018-08-21T22:00:00+09:00,J1,414,539,953
2018-08-21T22:00:00+09:00,J2,294,434,728
2018-08-21T22:00:00+09:00,J3,564,411,975
2018-08-21T22:00:00+09:00,J4,707,622,1329
2018-08-21T22:00:00+09:00,J5,361,300,661
2018-08-21T22:15:00+09:00,J1,371,522,893
2018-08-21T22:15:00+09:00,J2,270,388,658
2018-08-21T22:15:00+09:00,J3,514,403,917
2018-08-21T22:15:00+09:00,J4,718,593,1311
2018-08-21T22:15:00+09:00,J5,228,213,441
2018-08-21T22:30:00+09:00,J1,404,439,843
2018-08-21T22:30:00+09:00,J2,260,313,573
2018-08-21T22:30:00+09:00,J3,523,433,956
2018-08-21T22:30:00+09:00,J4,687,642,1329
2018-08-21T22:30:00+09:00,J5,225,193,418
2018-08-21T22:45:00+09:00,J1,304,384,688
2018-08-21T22:45:00+09:00,J2,197,288,485
2018-08-21T22:45:00+09:00,J3,495,384,879
2018-08-21T22:45:00+09:00,J4,600,503,1103
2018-08-21T22:45:00+09:00,J5,201,195,396
2018-08-21T23:00:00+09:00,J1,343,367,710
2018-08-21T23:00:00+09:00,J2,230,301,531
2018-08-21T23:00:00+09:00,J3,542,394,936
2018-08-21T23:00:00+09:00,J4,651,577,1228
2018-08-21T23:00:00+09:00,J5,140,105,245
2018-08-21T23:15:00+09:00,J1,288,357,645
2018-08-21T23:15:00+09:00,J2,200,274,474
2018-08-21T23:15:00+09:00,J3,447,372,819
2018-08-21T23:15:00+09:00,J4,525,543,1068
2018-08-21T23:15:00+09:00,J5,118,101,219
2018-08-21T23:30:00+09:00,J1,311,384,695
2018-08-21T23:30:00+09:00,J2,191,313,504
2018-08-21T23:30:00+09:00,J3,476,395,871
2018-08-21T23:30:00+09:00,J4,582,566,1148
2018-08-21T23:30:00+09:00,J5,110,96,206
2018-08-21T23:45:00+09:00,J1,319,296,615
2018-08-21T23:45:00+09:00,J2,188,262,450
2018-08-21T23:45:00+09:00,J3,429,316,745
2018-08-21T23:45:00+09:00,J4,574,603,1177
2018-08-21T23:45:00+09:00,J5,104,80,184
2018-08-22T00:00:00+09:00,J1,261,282,543
2018-08-22T00:00:00+09:00,J2,244,272,516
2018-08-22T00:00:00+09:00,J3,384,324,708
2018-08-22T00:00:00+09:00,J4,499,519,1018
2018-08-22T00:00:00+09:00,J5,123,99,222
2018-08-22T00:15:00+09:00,J1,263,248,511
2018-08-22T00:15:00+09:00,J2,191,193,384
2018-08-22T00:15:00+09:00,J3,217,208,425
2018-08-22T00:15:00+09:00,J4,583,606,1189
2018-08-22T00:15:00+09:00,J5,209,166,375
2018-08-22T00:30:00+09:00,J1,239,234,473
2018-08-22T00:30:00+09:00,J2,154,191,345
2018-08-22T00:30:00+09:00,J3,163,146,309
2018-08-22T00:30:00+09:00,J4,463,399,862
2018-08-22T00:30:00+09:00,J5,347,341,688
2018-08-22T00:45:00+09:00,J1,238,193,431
2018-08-22T00:45:00+09:00,J2,148,154,302
2018-08-22T00:45:00+09:00,J3,151,147,298
2018-08-22T00:45:00+09:00,J4,296,293,589
2018-08-22T00:45:00+09:00,J5,250,321,571
2018-08-22T05:45:00+09:00,J1,282,257,539
2018-08-22T05:45:00+09:00,J2,271,289,560
2018-08-22T05:45:00+09:00,J3,234,237,471
2018-08-22T05:45:00+09:00,J4,300,341,641
2018-08-22T05:45:00+09:00,J5,210,232,442
2018-08-22T06:00:00+09:00,J1,244,205,449
2018-08-22T06:00:00+09:00,J2,255,258,513
2018-08-22T06:00:00+09:00,J3,194,208,402
2018-08-22T06:00:00+09:00,J4,462,446,908
2018-08-22T06:00:00+09:00,J5,341,327,668
2018-08-22T06:15:00+09:00,J1,284,290,574
2018-08-22T06:15:00+09:00,J2,243,210,453
2018-08-22T06:15:00+09:00,J3,222,213,435
2018-08-22T06:15:00+09:00,J4,512,531,1043
2018-08-22T06:15:00+09:00,J5,349,364,713
2018-08-22T06:30:00+09:00,J1,315,328,643
2018-08-22T06:30:00+09:00,J2,213,226,439
2018-08-22T06:30:00+09:00,J3,253,221,474
2018-08-22T06:30:00+09:00,J4,363,414,777
2018-08-22T06:30:00+09:00,J5,326,302,628
2018-08-22T06:45:00+09:00,J1,313,295,608
2018-08-22T06:45:00+09:00,J2,243,234,477
2018-08-22T06:45:00+09:00,J3,279,286,565
2018-08-22T06:45:00+09:00,J4,503,574,1077
2018-08-22T06:45:00+09:00,J5,236,232,468
2018-08-22T07:00:00+09:00,J1,360,332,692
2018-08-22T07:00:00+09:00,J2,260,217,477
2018-08-22T07:00:00+09:00,J3,307,286,593
2018-08-22T07:00:00+09:00,J4,542,652,1194
2018-08-22T07:00:00+09:00,J5,295,318,613
2018-08-22T07:15:00+09:00,J1,389,333,722
2018-08-22T07:15:00+09:00,J2,277,266,543
2018-08-22T07:15:00+09:00,J3,380,340,720
2018-08-22T07:15:00+09:00,J4,587,659,1246
2018-08-22T07:15:00+09:00,J5,285,209,494
2018-08-22T07:30:00+09:00,J1,607,445,1052
2018-08-22T07:30:00+09:00,J2,398,341,739
2018-08-22T07:30:00+09:00,J3,708,479,1187
2018-08-22T07:30:00+09:00,J4,587,716,1303
2018-08-22T07:30:00+09:00,J5,319,291,610
2018-08-22T07:45:00+09:00,J1,756,490,1246
2018-08-22T07:45:00+09:00,J2,528,397,925
2018-08-22T07:45:00+09:00,J3,755,663,1418
2018-08-22T07:45:00+09:00,J4,535,785,1320
2018-08-22T07:45:00+09:00,J5,302,291,593
2018-08-22T08:00:00+09:00,J1,927,627,1554
2018-08-22T08:00:00+09:00,J2,680,370,1050
2018-08-22T08:00:00+09:00,J3,739,746,1485
2018-08-22T08:00:00+09:00,J4,614,904,1518
2018-08-22T08:00:00+09:00,J5,325,328,653
2018-08-22T08:15:00+09:00,J1,1092,728,1820
2018-08-22T08:15:00+09:00,J2,863,416,1279
2018-08-22T08:15:00+09:00,J3,770,851,1621
2018-08-22T08:15:00+09:00,J4,509,1098,1607
2018-08-22T08:15:00+09:00,J5,388,415,803
2018-08-22T08:30:00+09:00,J1,1112,743,1855
2018-08-22T08:30:00+09:00,J2,970,464,1434
2018-08-22T08:30:00+09:00,J3,704,1015,1719
2018-08-22T08:30:00+09:00,J4,558,1045,1603
2018-08-22T08:30:00+09:00,J5,413,415,828
2018-08-22T08:45:00+09:00,J1,721,568,1289
2018-08-22T08:45:00+09:00,J2,641,432,1073
2018-08-22T08:45:00+09:00,J3,593,809,1402
2018-08-22T08:45:00+09:00,J4,452,781,1233
2018-08-22T08:45:00+09:00,J5,327,318,645
2018-08-22T09:00:00+09:00,J1,662,530,1192
2018-08-22T09:00:00+09:00,J2,601,360,961
2018-08-22T09:00:00+09:00,J3,597,695,1292
2018-08-22T09:00:00+09:00,J4,411,633,1044
2018-08-22T09:00:00+09:00,J5,297,327,624
2018-08-22T09:15:00+09:00,J1,535,468,1003
2018-08-22T09:15:00+09:00,J2,565,389,954
2018-08-22T09:15:00+09:00,J3,570,641,1211
2018-08-22T09:15:00+09:00,J4,439,602,1041
2018-08-22T09:15:00+09:00,J5,241,291,532
2018-08-22T09:30:00+09:00,J1,588,441,1029
2018-08-22T09:30:00+09:00,J2,586,390,976
2018-08-22T09:30:00+09:00,J3,530,571,1101
2018-08-22T09:30:00+09:00,J4,448,579,1027
2018-08-22T09:30:00+09:00,J5,207,292,499
2018-08-22T09:45:00+09:00,J1,494,445,939
2018-08-22T09:45:00+09:00,J2,518,391,909
2018-08-22T09:45:00+09:00,J3,417,468,885
2018-08-22T09:45:00+09:00,J4,409,487,896
2018-08-22T09:45:00+09:00,J5,192,252,444
2018-08-22T10:00:00+09:00,J1,399,504,903
2018-08-22T10:00:00+09:00,J2,490,370,860
2018-08-22T10:00:00+09:00,J3,374,426,800
2018-08-22T10:00:00+09:00,J4,391,418,809
2018-08-22T10:00:00+09:00,J5,221,236,457
2018-08-22T10:15:00+09:00,J1,469,429,898
2018-08-22T10:15:00+09:00,J2,534,409,943
2018-08-22T10:15:00+09:00,J3,374,420,794
2018-08-22T10:15:00+09:00,J4,384,434,818
2018-08-22T10:15:00+09:00,J5,191,203,394
2018-08-22T10:30:00+09:00,J1,517,478,995
2018-08-22T10:30:00+09:00,J2,489,462,951
2018-08-22T10:30:00+09:00,J3,394,460,854
2018-08-22T10:30:00+09:00,J4,447,530,977
2018-08-22T10:30:00+09:00,J5,211,245,456
2018-08-22T10:45:00+09:00,J1,423,441,864
2018-08-22T10:45:00+09:00,J2,497,456,953
2018-08-22T10:45:00+09:00,J3,450,470,920
2018-08-22T10:45:00+09:00,J4,464,474,938
2018-08-22T10:45:00+09:00,J5,202,286,488
2018-08-22T11:00:00+09:00,J1,381,422,803
2018-08-22T11:00:00+09:00,J2,474,460,934
2018-08-22T11:00:00+09:00,J3,472,425,897
2018-08-22T11:00:00+09:00,J4,377,489,866
2018-08-22T11:00:00+09:00,J5,225,233,458
2018-08-22T11:15:00+09:00,J1,422,507,929
2018-08-22T11:15:00+09:00,J2,497,446,943
2018-08-22T11:15:00+09:00,J3,453,540,993
2018-08-22T11:15:00+09:00,J4,376,478,854
2018-08-22T11:15:00+09:00,J5,222,240,462
2018-08-22T11:30:00+09:00,J1,504,487,991
2018-08-22T11:30:00+09:00,J2,499,457,956
2018-08-22T11:30:00+09:00,J3,433,497,930
2018-08-22T11:30:00+09:00,J4,336,421,757
2018-08-22T11:30:00+09:00,J5,239,271,510
2018-08-22T11:45:00+09:00,J1,534,639,1173
2018-08-22T11:45:00+09:00,J2,511,479,990
2018-08-22T11:45:00+09:00,J3,501,581,1082
2018-08-22T11:45:00+09:00,J4,334,447,781
2018-08-22T11:45:00+09:00,J5,270,360,630
2018-08-22T12:00:00+09:00,J1,656,692,1348
2018-08-22T12:00:00+09:00,J2,547,472,1019
2018-08-22T12:00:00+09:00,J3,510,577,1087
2018-08-22T12:00:00+09:00,J4,413,437,850
2018-08-22T12:00:00+09:00,J5,352,385,737
2018-08-22T12:15:00+09:00,J1,694,647,1341
2018-08-22T12:15:00+09:00,J2,614,454,1068
2018-08-22T12:15:00+09:00,J3,597,733,1330
2018-08-22T12:15:00+09:00,J4,435,494,929
2018-08-22T12:15:00+09:00,J5,270,276,546
2018-08-22T12:30:00+09:00,J1,639,608,1247
2018-08-22T12:30:00+09:00,J2,575,457,1032
2018-08-22T12:30:00+09:00,J3,635,760,1395
2018-08-22T12:30:00+09:00,J4,462,496,958
2018-08-22T12:30:00+09:00,J5,268,314,582
2018-08-22T12:45:00+09:00,J1,638,563,1201
2018-08-22T12:45:00+09:00,J2,560,453,1013
2018-08-22T12:45:00+09:00,J3,668,739,1407
2018-08-22T12:45:00+09:00,J4,458,481,939
2018-08-22T12:45:00+09:00,J5,216,278,494
2018-08-22T13:00:00+09:00,J1,550,586,1136
2018-08-22T13:00:00+09:00,J2,590,452,1042
2018-08-22T13:00:00+09:00,J3,620,755,1375
2018-08-22T13:00:00+09:00,J4,448,482,930
2018-08-22T13:00:00+09:00,J5,230,286,516
2018-08-22T13:15:00+09:00,J1,567,641,1208
2018-08-22T13:15:00+09:00,J2,607,444,1051
2018-08-22T13:15:00+09:00,J3,628,753,1381
2018-08-22T13:15:00+09:00,J4,456,464,920
2018-08-22T13:15:00+09:00,J5,245,315,560
2018-08-22T13:30:00+09:00,J1,600,632,1232
2018-08-22T13:30:00+09:00,J2,552,405,957
2018-08-22T13:30:00+09:00,J3,621,723,1344
2018-08-22T13:30:00+09:00,J4,467,425,892
2018-08-22T13:30:00+09:00,J5,271,267,538
2018-08-22T13:45:00+09:00,J1,551,662,1213
2018-08-22T13:45:00+09:00,J2,568,401,969
2018-08-22T13:45:00+09:00,J3,573,661,1234
2018-08-22T13:45:00+09:00,J4,371,428,799
2018-08-22T13:45:00+09:00,J5,227,247,474
2018-08-22T14:00:00+09:00,J1,535,641,1176
2018-08-22T14:00:00+09:00,J2,512,409,921
2018-08-22T14:00:00+09:00,J3,626,768,1394
2018-08-22T14:00:00+09:00,J4,419,396,815
2018-08-22T14:00:00+09:00,J5,248,299,547
2018-08-22T14:15:00+09:00,J1,631,725,1356
2018-08-22T14:15:00+09:00,J2,597,412,1009
2018-08-22T14:15:00+09:00,J3,598,710,1308
2018-08-22T14:15:00+09:00,J4,421,486,907
2018-08-22T14:15:00+09:00,J5,254,283,537
2018-08-22T14:30:00+09:00,J1,632,717,1349
2018-08-22T14:30:00+09:00,J2,579,417,996
2018-08-22T14:30:00+09:00,J3,632,774,1406
2018-08-22T14:30:00+09:00,J4,389,439,828
2018-08-22T14:30:00+09:00,J5,238,284,522
2018-08-22T14:45:00+09:00,J1,601,644,1245
2018-08-22T14:45:00+09:00,J2,506,422,928
2018-08-22T14:45:00+09:00,J3,652,713,1365
2018-08-22T14:45:00+09:00,J4,413,423,836
2018-08-22T14:45:00+09:00,J5,221,259,480
2018-08-22T15:00:00+09:00,J1,573,623,1196
2018-08-22T15:00:00+09:00,J2,516,442,958
2018-08-22T15:00:00+09:00,J3,679,656,1335
2018-08-22T15:00:00+09:00,J4,341,389,730
2018-08-22T15:00:00+09:00,J5,232,274,506
2018-08-22T15:15:00+09:00,J1,534,607,1141
2018-08-22T15:15:00+09:00,J2,562,492,1054
2018-08-22T15:15:00+09:00,J3,644,763,1407
2018-08-22T15:15:00+09:00,J4,410,440,850
2018-08-22T15:15:00+09:00,J5,257,332,589
2018-08-22T15:30:00+09:00,J1,487,613,1100
2018-08-22T15:30:00+09:00,J2,640,477,1117
2018-08-22T15:30:00+09:00,J3,632,819,1451
2018-08-22T15:30:00+09:00,J4,390,520,910
2018-08-22T15:30:00+09:00,J5,248,291,539
2018-08-22T15:45:00+09:00,J1,532,632,1164
2018-08-22T15:45:00+09:00,J2,585,464,1049
2018-08-22T15:45:00+09:00,J3,617,756,1373
2018-08-22T15:45:00+09:00,J4,443,479,922
2018-08-22T15:45:00+09:00,J5,227,327,554
2018-08-22T16:00:00+09:00,J1,572,720,1292
2018-08-22T16:00:00+09:00,J2,573,440,1013
2018-08-22T16:00:00+09:00,J3,626,698,1324
2018-08-22T16:00:00+09:00,J4,446,517,963
2018-08-22T16:00:00+09:00,J5,243,276,519
2018-08-22T16:15:00+09:00,J1,653,653,1306
2018-08-22T16:15:00+09:00,J2,584,481,1065
2018-08-22T16:15:00+09:00,J3,576,699,1275
2018-08-22T16:15:00+09:00,J4,392,482,874
2018-08-22T16:15:00+09:00,J5,236,289,525
2018-08-22T16:30:00+09:00,J1,618,685,1303
2018-08-22T16:30:00+09:00,J2,594,436,1030
2018-08-22T16:30:00+09:00,J3,561,711,1272
2018-08-22T16:30:00+09:00,J4,418,473,891
2018-08-22T16:30:00+09:00,J5,237,333,570
2018-08-22T16:45:00+09:00,J1,604,653,1257
2018-08-22T16:45:00+09:00,J2,545,455,1000
2018-08-22T16:45:00+09:00,J3,604,714,1318
2018-08-22T16:45:00+09:00,J4,423,486,909
2018-08-22T16:45:00+09:00,J5,211,276,487
2018-08-22T17:00:00+09:00,J1,627,747,1374
2018-08-22T17:00:00+09:00,J2,583,464,1047
2018-08-22T17:00:00+09:00,J3,728,781,1509
2018-08-22T17:00:00+09:00,J4,558,493,1051
2018-08-22T17:00:00+09:00,J5,279,346,625
2018-08-22T17:15:00+09:00,J1,694,779,1473
2018-08-22T17:15:00+09:00,J2,652,520,1172
2018-08-22T17:15:00+09:00,J3,706,853,1559
2018-08-22T17:15:00+09:00,J4,590,579,1169
2018-08-22T17:15:00+09:00,J5,281,418,699
2018-08-22T17:30:00+09:00,J1,700,827,1527
2018-08-22T17:30:00+09:00,J2,696,529,1225
2018-08-22T17:30:00+09:00,J3,758,930,1688
2018-08-22T17:30:00+09:00,J4,620,562,1182
2018-08-22T17:30:00+09:00,J5,310,421,731
2018-08-22T17:45:00+09:00,J1,788,881,1669
2018-08-22T17:45:00+09:00,J2,730,565,1295
2018-08-22T17:45:00+09:00,J3,829,860,1689
2018-08-22T17:45:00+09:00,J4,642,518,1160
2018-08-22T17:45:00+09:00,J5,349,450,799
2018-08-22T18:00:00+09:00,J1,754,896,1650
2018-08-22T18:00:00+09:00,J2,645,480,1125
2018-08-22T18:00:00+09:00,J3,915,926,1841
2018-08-22T18:00:00+09:00,J4,524,533,1057
2018-08-22T18:00:00+09:00,J5,356,429,785
2018-08-22T18:15:00+09:00,J1,678,912,1590
2018-08-22T18:15:00+09:00,J2,561,553,1114
2018-08-22T18:15:00+09:00,J3,749,769,1518
2018-08-22T18:15:00+09:00,J4,631,481,1112
2018-08-22T18:15:00+09:00,J5,317,486,803
2018-08-22T18:30:00+09:00,J1,617,748,1365
2018-08-22T18:30:00+09:00,J2,610,550,1160
2018-08-22T18:30:00+09:00,J3,653,600,1253
2018-08-22T18:30:00+09:00,J4,548,435,983
2018-08-22T18:30:00+09:00,J5,338,406,744
2018-08-22T18:45:00+09:00,J1,613,777,1390
2018-08-22T18:45:00+09:00,J2,578,464,1042
2018-08-22T18:45:00+09:00,J3,564,532,1096
2018-08-22T18:45:00+09:00,J4,414,393,807
2018-08-22T18:45:00+09:00,J5,287,414,701
2018-08-22T19:00:00+09:00,J1,586,691,1277
2018-08-22T19:00:00+09:00,J2,429,427,856
2018-08-22T19:00:00+09:00,J3,525,532,1057
2018-08-22T19:00:00+09:00,J4,346,384,730
2018-08-22T19:00:00+09:00,J5,314,372,686
2018-08-22T19:15:00+09:00,J1,469,569,1038
2018-08-22T19:15:00+09:00,J2,452,448,900
2018-08-22T19:15:00+09:00,J3,562,583,1145
2018-08-22T19:15:00+09:00,J4,436,418,854
2018-08-22T19:15:00+09:00,J5,261,377,638
2018-08-22T19:30:00+09:00,J1,401,519,920
2018-08-22T19:30:00+09:00,J2,460,370,830
2018-08-22T19:30:00+09:00,J3,573,543,1116
2018-08-22T19:30:00+09:00,J4,353,326,679
2018-08-22T19:30:00+09:00,J5,248,322,570
2018-08-22T19:45:00+09:00,J1,372,449,821
2018-08-22T19:45:00+09:00,J2,422,327,749
2018-08-22T19:45:00+09:00,J3,504,553,1057
2018-08-22T19:45:00+09:00,J4,353,321,674
2018-08-22T19:45:00+09:00,J5,255,295,550
2018-08-22T20:00:00+09:00,J1,389,453,842
2018-08-22T20:00:00+09:00,J2,410,353,763
2018-08-22T20:00:00+09:00,J3,517,595,1112
2018-08-22T20:00:00+09:00,J4,428,364,792
2018-08-22T20:00:00+09:00,J5,248,286,534
2018-08-22T20:15:00+09:00,J1,343,420,763
2018-08-22T20:15:00+09:00,J2,410,343,753
2018-08-22T20:15:00+09:00,J3,578,558,1136
2018-08-22T20:15:00+09:00,J4,417,358,775
2018-08-22T20:15:00+09:00,J5,232,256,488
2018-08-22T20:30:00+09:00,J1,264,388,652
2018-08-22T20:30:00+09:00,J2,395,279,674
2018-08-22T20:30:00+09:00,J3,562,529,1091
2018-08-22T20:30:00+09:00,J4,520,382,902
2018-08-22T20:30:00+09:00,J5,275,271,546
2018-08-22T20:45:00+09:00,J1,267,361,628
2018-08-22T20:45:00+09:00,J2,363,336,699
2018-08-22T20:45:00+09:00,J3,434,481,915
2018-08-22T20:45:00+09:00,J4,427,350,777
2018-08-22T20:45:00+09:00,J5,242,220,462
2018-08-22T21:00:00+09:00,J1,312,367,679
2018-08-22T21:00:00+09:00,J2,416,352,768
2018-08-22T21:00:00+09:00,J3,428,454,882
2018-08-22T21:00:00+09:00,J4,538,371,909
2018-08-22T21:00:00+09:00,J5,285,228,513
2018-08-22T21:15:00+09:00,J1,270,364,634
2018-08-22T21:15:00+09:00,J2,391,340,731
2018-08-22T21:15:00+09:00,J3,390,432,822
2018-08-22T21:15:00+09:00,J4,440,386,826
2018-08-22T21:15:00+09:00,J5,313,260,573
2018-08-22T21:30:00+09:00,J1,267,316,583
2018-08-22T21:30:00+09:00,J2,367,330,697
2018-08-22T21:30:00+09:00,J3,360,427,787
2018-08-22T21:30:00+09:00,J4,426,368,794
2018-08-22T21:30:00+09:00,J5,330,270,600
2018-08-22T21:45:00+09:00,J1,210,293,503
2018-08-22T21:45:00+09:00,J2,362,338,700
2018-08-22T21:45:00+09:00,J3,315,424,739
2018-08-22T21:45:00+09:00,J4,450,399,849
2018-08-22T21:45:00+09:00,J5,279,275,554
2018-08-22T22:00:00+09:00,J1,279,349,628
2018-08-22T22:00:00+09:00,J2,311,289,600
2018-08-22T22:00:00+09:00,J3,331,358,689
2018-08-22T22:00:00+09:00,J4,435,355,790
2018-08-22T22:00:00+09:00,J5,201,191,392
2018-08-22T22:15:00+09:00,J1,370,407,777
2018-08-22T22:15:00+09:00,J2,337,264,601
2018-08-22T22:15:00+09:00,J3,413,389,802
2018-08-22T22:15:00+09:00,J4,393,380,773
2018-08-22T22:15:00+09:00,J5,153,190,343
2018-08-22T22:30:00+09:00,J1,323,367,690
2018-08-22T22:30:00+09:00,J2,304,295,599
2018-08-22T22:30:00+09:00,J3,354,337,691
2018-08-22T22:30:00+09:00,J4,526,469,995
2018-08-22T22:30:00+09:00,J5,194,166,360
2018-08-22T22:45:00+09:00,J1,324,381,705
2018-08-22T22:45:00+09:00,J2,258,254,512
2018-08-22T22:45:00+09:00,J3,367,351,718
2018-08-22T22:45:00+09:00,J4,514,504,1018
2018-08-22T22:45:00+09:00,J5,171,183,354
2018-08-22T23:00:00+09:00,J1,359,412,771
2018-08-22T23:00:00+09:00,J2,192,251,443
2018-08-22T23:00:00+09:00,J3,376,383,759
2018-08-22T23:00:00+09:00,J4,549,469,1018
2018-08-22T23:00:00+09:00,J5,171,130,301
2018-08-22T23:15:00+09:00,J1,333,429,762
2018-08-22T23:15:00+09:00,J2,194,260,454
2018-08-22T23:15:00+09:00,J3,377,355,732
2018-08-22T23:15:00+09:00,J4,523,471,994
2018-08-22T23:15:00+09:00,J5,137,137,274
2018-08-22T23:30:00+09:00,J1,340,332,672
2018-08-22T23:30:00+09:00,J2,181,247,428
2018-08-22T23:30:00+09:00,J3,349,307,656
2018-08-22T23:30:00+09:00,J4,537,438,975
2018-08-22T23:30:00+09:00,J5,118,92,210
2018-08-22T23:45:00+09:00,J1,342,311,653
2018-08-22T23:45:00+09:00,J2,169,222,391
2018-08-22T23:45:00+09:00,J3,446,334,780
2018-08-22T23:45:00+09:00,J4,563,462,1025
2018-08-22T23:45:00+09:00,J5,121,83,204
2018-08-23T00:00:00+09:00,J1,326,275,601
2018-08-23T00:00:00+09:00,J2,159,188,347
2018-08-23T00:00:00+09:00,J3,339,259,598
2018-08-23T00:00:00+09:00,J4,580,499,1079
2018-08-23T00:00:00+09:00,J5,122,88,210
2018-08-23T00:15:00+09:00,J1,252,262,514
2018-08-23T00:15:00+09:00,J2,123,147,270
2018-08-23T00:15:00+09:00,J3,258,175,433
2018-08-23T00:15:00+09:00,J4,419,416,835
2018-08-23T00:15:00+09:00,J5,168,114,282
2018-08-23T00:30:00+09:00,J1,221,239,460
2018-08-23T00:30:00+09:00,J2,195,202,397
2018-08-23T00:30:00+09:00,J3,157,162,319
2018-08-23T00:30:00+09:00,J4,290,239,529
2018-08-23T00:30:00+09:00,J5,293,217,510
2018-08-23T00:45:00+09:00,J1,198,249,447
2018-08-23T00:45:00+09:00,J2,183,194,377
2018-08-23T00:45:00+09:00,J3,173,141,314
2018-08-23T00:45:00+09:00,J4,212,222,434
2018-08-23T00:45:00+09:00,J5,353,303,656
2018-08-23T05:45:00+09:00,J1,208,197,405
2018-08-23T05:45:00+09:00,J2,328,304,632
2018-08-23T05:45:00+09:00,J3,219,219,438
2018-08-23T05:45:00+09:00,J4,210,237,447
2018-08-23T05:45:00+09:00,J5,243,234,477
2018-08-23T06:00:00+09:00,J1,307,243,550
2018-08-23T06:00:00+09:00,J2,210,234,444
2018-08-23T06:00:00+09:00,J3,209,177,386
2018-08-23T06:00:00+09:00,J4,264,287,551
2018-08-23T06:00:00+09:00,J5,279,325,604
2018-08-23T06:15:00+09:00,J1,300,286,586
2018-08-23T06:15:00+09:00,J2,224,188,412
2018-08-23T06:15:00+09:00,J3,195,198,393
2018-08-23T06:15:00+09:00,J4,230,295,525
2018-08-23T06:15:00+09:00,J5,270,349,619
2018-08-23T06:30:00+09:00,J1,243,222,465
2018-08-23T06:30:00+09:00,J2,252,260,512
2018-08-23T06:30:00+09:00,J3,222,233,455
2018-08-23T06:30:00+09:00,J4,161,205,366
2018-08-23T06:30:00+09:00,J5,298,334,632
2018-08-23T06:45:00+09:00,J1,350,265,615
2018-08-23T06:45:00+09:00,J2,293,256,549
2018-08-23T06:45:00+09:00,J3,308,296,604
2018-08-23T06:45:00+09:00,J4,244,300,544
2018-08-23T06:45:00+09:00,J5,233,254,487
2018-08-23T07:00:00+09:00,J1,310,243,553
2018-08-23T07:00:00+09:00,J2,330,250,580
2018-08-23T07:00:00+09:00,J3,265,244,509
2018-08-23T07:00:00+09:00,J4,368,403,771
2018-08-23T07:00:00+09:00,J5,226,258,484
2018-08-23T07:15:00+09:00,J1,450,318,768
2018-08-23T07:15:00+09:00,J2,331,256,587
2018-08-23T07:15:00+09:00,J3,321,248,569
2018-08-23T07:15:00+09:00,J4,530,556,1086
2018-08-23T07:15:00+09:00,J5,338,295,633
2018-08-23T07:30:00+09:00,J1,524,343,867
2018-08-23T07:30:00+09:00,J2,312,338,650
2018-08-23T07:30:00+09:00,J3,567,450,1017
2018-08-23T07:30:00+09:00,J4,566,779,1345
2018-08-23T07:30:00+09:00,J5,262,256,518
2018-08-23T07:45:00+09:00,J1,692,455,1147
2018-08-23T07:45:00+09:00,J2,397,318,715
2018-08-23T07:45:00+09:00,J3,585,538,1123
2018-08-23T07:45:00+09:00,J4,637,842,1479
2018-08-23T07:45:00+09:00,J5,303,227,530
2018-08-23T08:00:00+09:00,J1,808,608,1416
2018-08-23T08:00:00+09:00,J2,584,363,947
2018-08-23T08:00:00+09:00,J3,617,594,1211
2018-08-23T08:00:00+09:00,J4,634,912,1546
2018-08-23T08:00:00+09:00,J5,286,260,546
2018-08-23T08:15:00+09:00,J1,1039,596,1635
2018-08-23T08:15:00+09:00,J2,817,337,1154
2018-08-23T08:15:00+09:00,J3,662,772,1434
2018-08-23T08:15:00+09:00,J4,689,947,1636
2018-08-23T08:15:00+09:00,J5,263,282,545
2018-08-23T08:30:00+09:00,J1,1117,596,1713
2018-08-23T08:30:00+09:00,J2,819,354,1173
2018-08-23T08:30:00+09:00,J3,641,850,1491
2018-08-23T08:30:00+09:00,J4,622,997,1619
2018-08-23T08:30:00+09:00,J5,257,295,552
2018-08-23T08:45:00+09:00,J1,777,515,1292
2018-08-23T08:45:00+09:00,J2,586,324,910
2018-08-23T08:45:00+09:00,J3,552,711,1263
2018-08-23T08:45:00+09:00,J4,629,726,1355
2018-08-23T08:45:00+09:00,J5,211,257,468
2018-08-23T09:00:00+09:00,J1,662,503,1165
2018-08-23T09:00:00+09:00,J2,514,316,830
2018-08-23T09:00:00+09:00,J3,556,523,1079
2018-08-23T09:00:00+09:00,J4,537,682,1219
2018-08-23T09:00:00+09:00,J5,270,295,565
2018-08-23T09:15:00+09:00,J1,664,474,1138
2018-08-23T09:15:00+09:00,J2,583,320,903
2018-08-23T09:15:00+09:00,J3,528,463,991
2018-08-23T09:15:00+09:00,J4,553,658,1211
2018-08-23T09:15:00+09:00,J5,197,243,440
2018-08-23T09:30:00+09:00,J1,620,429,1049
2018-08-23T09:30:00+09:00,J2,538,307,845
2018-08-23T09:30:00+09:00,J3,564,541,1105
2018-08-23T09:30:00+09:00,J4,592,641,1233
2018-08-23T09:30:00+09:00,J5,290,240,530
2018-08-23T09:45:00+09:00,J1,514,428,942
2018-08-23T09:45:00+09:00,J2,508,330,838
2018-08-23T09:45:00+09:00,J3,560,461,1021
2018-08-23T09:45:00+09:00,J4,455,580,1035
2018-08-23T09:45:00+09:00,J5,294,231,525
2018-08-23T10:00:00+09:00,J1,515,467,982
2018-08-23T10:00:00+09:00,J2,397,365,762
2018-08-23T10:00:00+09:00,J3,511,451,962
2018-08-23T10:00:00+09:00,J4,480,498,978
2018-08-23T10:00:00+09:00,J5,281,232,513
2018-08-23T10:15:00+09:00,J1,515,425,940
2018-08-23T10:15:00+09:00,J2,426,371,797
2018-08-23T10:15:00+09:00,J3,492,523,1015
2018-08-23T10:15:00+09:00,J4,485,452,937
2018-08-23T10:15:00+09:00,J5,373,330,703
2018-08-23T10:30:00+09:00,J1,520,469,989
2018-08-23T10:30:00+09:00,J2,493,382,875
2018-08-23T10:30:00+09:00,J3,361,496,857
2018-08-23T10:30:00+09:00,J4,545,581,1126
2018-08-23T10:30:00+09:00,J5,243,244,487
2018-08-23T10:45:00+09:00,J1,535,493,1028
2018-08-23T10:45:00+09:00,J2,540,425,965
2018-08-23T10:45:00+09:00,J3,407,505,912
2018-08-23T10:45:00+09:00,J4,531,525,1056
2018-08-23T10:45:00+09:00,J5,415,359,774
2018-08-23T11:00:00+09:00,J1,487,488,975
2018-08-23T11:00:00+09:00,J2,507,497,1004
2018-08-23T11:00:00+09:00,J3,405,509,914
2018-08-23T11:00:00+09:00,J4,539,599,1138
2018-08-23T11:00:00+09:00,J5,460,359,819
2018-08-23T11:15:00+09:00,J1,537,559,1096
2018-08-23T11:15:00+09:00,J2,528,421,949
2018-08-23T11:15:00+09:00,J3,608,602,1210
2018-08-23T11:15:00+09:00,J4,447,537,984
2018-08-23T11:15:00+09:00,J5,354,316,670
2018-08-23T11:30:00+09:00,J1,549,477,1026
2018-08-23T11:30:00+09:00,J2,531,444,975
2018-08-23T11:30:00+09:00,J3,604,676,1280
2018-08-23T11:30:00+09:00,J4,475,563,1038
2018-08-23T11:30:00+09:00,J5,229,288,517
2018-08-23T11:45:00+09:00,J1,465,535,1000
2018-08-23T11:45:00+09:00,J2,524,513,1037
2018-08-23T11:45:00+09:00,J3,614,598,1212
2018-08-23T11:45:00+09:00,J4,478,487,965
2018-08-23T11:45:00+09:00,J5,260,257,517
2018-08-23T12:00:00+09:00,J1,537,594,1131
2018-08-23T12:00:00+09:00,J2,526,467,993
2018-08-23T12:00:00+09:00,J3,667,705,1372
2018-08-23T12:00:00+09:00,J4,451,510,961
2018-08-23T12:00:00+09:00,J5,255,278,533
2018-08-23T12:15:00+09:00,J1,536,602,1138
2018-08-23T12:15:00+09:00,J2,510,484,994
2018-08-23T12:15:00+09:00,J3,529,545,1074
2018-08-23T12:15:00+09:00,J4,494,529,1023
2018-08-23T12:15:00+09:00,J5,226,270,496
2018-08-23T12:30:00+09:00,J1,528,523,1051
2018-08-23T12:30:00+09:00,J2,560,490,1050
2018-08-23T12:30:00+09:00,J3,521,528,1049
2018-08-23T12:30:00+09:00,J4,456,608,1064
2018-08-23T12:30:00+09:00,J5,267,295,562
2018-08-23T12:45:00+09:00,J1,530,551,1081
2018-08-23T12:45:00+09:00,J2,495,441,936
2018-08-23T12:45:00+09:00,J3,488,561,1049
2018-08-23T12:45:00+09:00,J4,483,489,972
2018-08-23T12:45:00+09:00,J5,231,282,513
2018-08-23T13:00:00+09:00,J1,499,556,1055
2018-08-23T13:00:00+09:00,J2,540,416,956
2018-08-23T13:00:00+09:00,J3,440,507,947
2018-08-23T13:00:00+09:00,J4,487,507,994
2018-08-23T13:00:00+09:00,J5,252,281,533
2018-08-23T13:15:00+09:00,J1,520,610,1130
2018-08-23T13:15:00+09:00,J2,527,428,955
2018-08-23T13:15:00+09:00,J3,434,493,927
2018-08-23T13:15:00+09:00,J4,490,500,990
2018-08-23T13:15:00+09:00,J5,261,263,524
2018-08-23T13:30:00+09:00,J1,522,545,1067
2018-08-23T13:30:00+09:00,J2,547,481,1028
2018-08-23T13:30:00+09:00,J3,432,490,922
2018-08-23T13:30:00+09:00,J4,530,575,1105
2018-08-23T13:30:00+09:00,J5,259,268,527
2018-08-23T13:45:00+09:00,J1,484,540,1024
2018-08-23T13:45:00+09:00,J2,469,499,968
2018-08-23T13:45:00+09:00,J3,452,515,967
2018-08-23T13:45:00+09:00,J4,474,519,993
2018-08-23T13:45:00+09:00,J5,200,271,471
2018-08-23T14:00:00+09:00,J1,510,605,1115
2018-08-23T14:00:00+09:00,J2,527,519,1046
2018-08-23T14:00:00+09:00,J3,465,428,893
2018-08-23T14:00:00+09:00,J4,561,525,1086
2018-08-23T14:00:00+09:00,J5,230,277,507
2018-08-23T14:15:00+09:00,J1,476,576,1052
2018-08-23T14:15:00+09:00,J2,458,477,935
2018-08-23T14:15:00+09:00,J3,476,503,979
2018-08-23T14:15:00+09:00,J4,486,523,1009
2018-08-23T14:15:00+09:00,J5,187,214,401
2018-08-23T14:30:00+09:00,J1,582,599,1181
2018-08-23T14:30:00+09:00,J2,483,451,934
2018-08-23T14:30:00+09:00,J3,468,496,964
2018-08-23T14:30:00+09:00,J4,487,496,983
2018-08-23T14:30:00+09:00,J5,219,287,506
2018-08-23T14:45:00+09:00,J1,463,644,1107
2018-08-23T14:45:00+09:00,J2,558,425,983
2018-08-23T14:45:00+09:00,J3,387,494,881
2018-08-23T14:45:00+09:00,J4,488,475,963
2018-08-23T14:45:00+09:00,J5,211,224,435
2018-08-23T15:00:00+09:00,J1,474,665,1139
2018-08-23T15:00:00+09:00,J2,501,463,964
2018-08-23T15:00:00+09:00,J3,451,517,968
2018-08-23T15:00:00+09:00,J4,492,463,955
2018-08-23T15:00:00+09:00,J5,233,258,491
2018-08-23T15:15:00+09:00,J1,470,612,1082
2018-08-23T15:15:00+09:00,J2,482,432,914
2018-08-23T15:15:00+09:00,J3,481,483,964
2018-08-23T15:15:00+09:00,J4,461,548,1009
2018-08-23T15:15:00+09:00,J5,262,271,533
2018-08-23T15:30:00+09:00,J1,504,606,1110
2018-08-23T15:30:00+09:00,J2,491,512,1003
2018-08-23T15:30:00+09:00,J3,419,496,915
2018-08-23T15:30:00+09:00,J4,534,568,1102
2018-08-23T15:30:00+09:00,J5,301,290,591
2018-08-23T15:45:00+09:00,J1,512,581,1093
2018-08-23T15:45:00+09:00,J2,537,470,1007
2018-08-23T15:45:00+09:00,J3,432,511,943
2018-08-23T15:45:00+09:00,J4,488,491,979
2018-08-23T15:45:00+09:00,J5,249,247,496
2018-08-23T16:00:00+09:00,J1,526,616,1142
2018-08-23T16:00:00+09:00,J2,601,459,1060
2018-08-23T16:00:00+09:00,J3,470,528,998
2018-08-23T16:00:00+09:00,J4,469,517,986
2018-08-23T16:00:00+09:00,J5,243,274,517
2018-08-23T16:15:00+09:00,J1,535,638,1173
2018-08-23T16:15:00+09:00,J2,553,478,1031
2018-08-23T16:15:00+09:00,J3,469,525,994
2018-08-23T16:15:00+09:00,J4,438,507,945
2018-08-23T16:15:00+09:00,J5,240,288,528
2018-08-23T16:30:00+09:00,J1,545,679,1224
2018-08-23T16:30:00+09:00,J2,564,467,1031
2018-08-23T16:30:00+09:00,J3,478,522,1000
2018-08-23T16:30:00+09:00,J4,498,555,1053
2018-08-23T16:30:00+09:00,J5,229,271,500
2018-08-23T16:45:00+09:00,J1,601,708,1309
2018-08-23T16:45:00+09:00,J2,437,429,866
2018-08-23T16:45:00+09:00,J3,442,531,973
2018-08-23T16:45:00+09:00,J4,508,491,999
2018-08-23T16:45:00+09:00,J5,239,260,499
2018-08-23T17:00:00+09:00,J1,603,738,1341
2018-08-23T17:00:00+09:00,J2,561,462,1023
2018-08-23T17:00:00+09:00,J3,483,571,1054
2018-08-23T17:00:00+09:00,J4,606,558,1164
2018-08-23T17:00:00+09:00,J5,325,283,608
2018-08-23T17:15:00+09:00,J1,589,693,1282
2018-08-23T17:15:00+09:00,J2,527,492,1019
2018-08-23T17:15:00+09:00,J3,545,511,1056
2018-08-23T17:15:00+09:00,J4,628,551,1179
2018-08-23T17:15:00+09:00,J5,337,360,697
2018-08-23T17:30:00+09:00,J1,608,674,1282
2018-08-23T17:30:00+09:00,J2,619,506,1125
2018-08-23T17:30:00+09:00,J3,525,579,1104
2018-08-23T17:30:00+09:00,J4,552,552,1104
2018-08-23T17:30:00+09:00,J5,382,371,753
2018-08-23T17:45:00+09:00,J1,572,718,1290
2018-08-23T17:45:00+09:00,J2,666,492,1158
2018-08-23T17:45:00+09:00,J3,627,530,1157
2018-08-23T17:45:00+09:00,J4,646,551,1197
2018-08-23T17:45:00+09:00,J5,409,399,808
2018-08-23T18:00:00+09:00,J1,551,753,1304
2018-08-23T18:00:00+09:00,J2,575,563,1138
2018-08-23T18:00:00+09:00,J3,652,537,1189
2018-08-23T18:00:00+09:00,J4,649,488,1137
2018-08-23T18:00:00+09:00,J5,391,421,812
2018-08-23T18:15:00+09:00,J1,620,756,1376
2018-08-23T18:15:00+09:00,J2,555,495,1050
2018-08-23T18:15:00+09:00,J3,707,520,1227
2018-08-23T18:15:00+09:00,J4,650,514,1164
2018-08-23T18:15:00+09:00,J5,385,398,783
2018-08-23T18:30:00+09:00,J1,613,722,1335
2018-08-23T18:30:00+09:00,J2,517,474,991
2018-08-23T18:30:00+09:00,J3,503,625,1128
2018-08-23T18:30:00+09:00,J4,658,430,1088
2018-08-23T18:30:00+09:00,J5,366,348,714
2018-08-23T18:45:00+09:00,J1,590,652,1242
2018-08-23T18:45:00+09:00,J2,516,419,935
2018-08-23T18:45:00+09:00,J3,461,547,1008
2018-08-23T18:45:00+09:00,J4,598,507,1105
2018-08-23T18:45:00+09:00,J5,352,420,772
2018-08-23T19:00:00+09:00,J1,573,625,1198
2018-08-23T19:00:00+09:00,J2,453,399,852
2018-08-23T19:00:00+09:00,J3,471,468,939
2018-08-23T19:00:00+09:00,J4,695,466,1161
2018-08-23T19:00:00+09:00,J5,475,435,910
2018-08-23T19:15:00+09:00,J1,575,611,1186
2018-08-23T19:15:00+09:00,J2,358,399,757
2018-08-23T19:15:00+09:00,J3,494,390,884
2018-08-23T19:15:00+09:00,J4,592,492,1084
2018-08-23T19:15:00+09:00,J5,389,390,779
2018-08-23T19:30:00+09:00,J1,489,639,1128
2018-08-23T19:30:00+09:00,J2,386,338,724
2018-08-23T19:30:00+09:00,J3,498,383,881
2018-08-23T19:30:00+09:00,J4,687,523,1210
2018-08-23T19:30:00+09:00,J5,470,445,915
2018-08-23T19:45:00+09:00,J1,497,630,1127
2018-08-23T19:45:00+09:00,J2,384,384,768
2018-08-23T19:45:00+09:00,J3,537,416,953
2018-08-23T19:45:00+09:00,J4,631,550,1181
2018-08-23T19:45:00+09:00,J5,508,464,972
2018-08-23T20:00:00+09:00,J1,512,576,1088
2018-08-23T20:00:00+09:00,J2,387,364,751
2018-08-23T20:00:00+09:00,J3,445,360,805
2018-08-23T20:00:00+09:00,J4,667,505,1172
2018-08-23T20:00:00+09:00,J5,506,450,956
2018-08-23T20:15:00+09:00,J1,470,569,1039
2018-08-23T20:15:00+09:00,J2,368,364,732
2018-08-23T20:15:00+09:00,J3,436,363,799
2018-08-23T20:15:00+09:00,J4,649,478,1127
2018-08-23T20:15:00+09:00,J5,471,523,994
2018-08-23T20:30:00+09:00,J1,524,572,1096
2018-08-23T20:30:00+09:00,J2,359,317,676
2018-08-23T20:30:00+09:00,J3,466,366,832
2018-08-23T20:30:00+09:00,J4,672,504,1176
2018-08-23T20:30:00+09:00,J5,532,503,1035
2018-08-23T20:45:00+09:00,J1,465,488,953
2018-08-23T20:45:00+09:00,J2,349,286,635
2018-08-23T20:45:00+09:00,J3,472,330,802
2018-08-23T20:45:00+09:00,J4,626,438,1064
2018-08-23T20:45:00+09:00,J5,497,486,983
2018-08-23T21:00:00+09:00,J1,587,652,1239
2018-08-23T21:00:00+09:00,J2,405,374,779
2018-08-23T21:00:00+09:00,J3,664,444,1108
2018-08-23T21:00:00+09:00,J4,853,782,1635
2018-08-23T21:00:00+09:00,J5,637,661,1298
2018-08-23T21:15:00+09:00,J1,424,430,854
2018-08-23T21:15:00+09:00,J2,307,330,637
2018-08-23T21:15:00+09:00,J3,425,340,765
2018-08-23T21:15:00+09:00,J4,628,599,1227
2018-08-23T21:15:00+09:00,J5,453,489,942
2018-08-23T21:30:00+09:00,J1,369,453,822
2018-08-23T21:30:00+09:00,J2,298,335,633
2018-08-23T21:30:00+09:00,J3,416,330,746
2018-08-23T21:30:00+09:00,J4,616,565,1181
2018-08-23T21:30:00+09:00,J5,492,498,990
2018-08-23T21:45:00+09:00,J1,308,345,653
2018-08-23T21:45:00+09:00,J2,282,305,587
2018-08-23T21:45:00+09:00,J3,391,301,692
2018-08-23T21:45:00+09:00,J4,626,544,1170
2018-08-23T21:45:00+09:00,J5,424,503,927
2018-08-23T22:00:00+09:00,J1,365,391,756
2018-08-23T22:00:00+09:00,J2,193,261,454
2018-08-23T22:00:00+09:00,J3,467,335,802
2018-08-23T22:00:00+09:00,J4,561,497,1058
2018-08-23T22:00:00+09:00,J5,411,483,894
2018-08-23T22:15:00+09:00,J1,336,383,719
2018-08-23T22:15:00+09:00,J2,222,259,481
2018-08-23T22:15:00+09:00,J3,400,366,766
2018-08-23T22:15:00+09:00,J4,564,474,1038
2018-08-23T22:15:00+09:00,J5,372,438,810
2018-08-23T22:30:00+09:00,J1,346,395,741
2018-08-23T22:30:00+09:00,J2,164,227,391
2018-08-23T22:30:00+09:00,J3,410,316,726
2018-08-23T22:30:00+09:00,J4,543,480,1023
2018-08-23T22:30:00+09:00,J5,432,403,835
2018-08-23T22:45:00+09:00,J1,312,319,631
2018-08-23T22:45:00+09:00,J2,191,243,434
2018-08-23T22:45:00+09:00,J3,353,290,643
2018-08-23T22:45:00+09:00,J4,525,444,969
2018-08-23T22:45:00+09:00,J5,330,314,644
2018-08-23T23:00:00+09:00,J1,298,305,603
2018-08-23T23:00:00+09:00,J2,240,269,509
2018-08-23T23:00:00+09:00,J3,359,316,675
2018-08-23T23:00:00+09:00,J4,551,457,1008
2018-08-23T23:00:00+09:00,J5,285,258,543
2018-08-23T23:15:00+09:00,J1,322,321,643
2018-08-23T23:15:00+09:00,J2,199,255,454
2018-08-23T23:15:00+09:00,J3,363,266,629
2018-08-23T23:15:00+09:00,J4,523,476,999
2018-08-23T23:15:00+09:00,J5,305,266,571
2018-08-23T23:30:00+09:00,J1,325,298,623
2018-08-23T23:30:00+09:00,J2,195,263,458
2018-08-23T23:30:00+09:00,J3,416,306,722
2018-08-23T23:30:00+09:00,J4,529,494,1023
2018-08-23T23:30:00+09:00,J5,224,213,437
2018-08-23T23:45:00+09:00,J1,325,296,621
2018-08-23T23:45:00+09:00,J2,198,244,442
2018-08-23T23:45:00+09:00,J3,392,257,649
2018-08-23T23:45:00+09:00,J4,497,450,947
2018-08-23T23:45:00+09:00,J5,268,209,477
2018-08-24T00:00:00+09:00,J1,242,249,491
2018-08-24T00:00:00+09:00,J2,233,235,468
2018-08-24T00:00:00+09:00,J3,369,263,632
2018-08-24T00:00:00+09:00,J4,437,400,837
2018-08-24T00:00:00+09:00,J5,293,240,533
2018-08-24T00:15:00+09:00,J1,252,225,477
2018-08-24T00:15:00+09:00,J2,149,207,356
2018-08-24T00:15:00+09:00,J3,221,215,436
2018-08-24T00:15:00+09:00,J4,292,282,574
2018-08-24T00:15:00+09:00,J5,344,303,647
2018-08-24T00:30:00+09:00,J1,228,209,437
2018-08-24T00:30:00+09:00,J2,205,271,476
2018-08-24T00:30:00+09:00,J3,214,181,395
2018-08-24T00:30:00+09:00,J4,169,180,349
2018-08-24T00:30:00+09:00,J5,242,360,602
2018-08-24T00:45:00+09:00,J1,254,203,457
2018-08-24T00:45:00+09:00,J2,257,289,546
2018-08-24T00:45:00+09:00,J3,239,188,427
2018-08-24T00:45:00+09:00,J4,167,188,355
2018-08-24T00:45:00+09:00,J5,255,307,562
2018-08-24T05:45:00+09:00,J1,166,131,297
2018-08-24T05:45:00+09:00,J2,336,237,573
2018-08-24T05:45:00+09:00,J3,335,245,580
2018-08-24T05:45:00+09:00,J4,512,498,1010
2018-08-24T05:45:00+09:00,J5,121,159,280
2018-08-24T06:00:00+09:00,J1,205,149,354
2018-08-24T06:00:00+09:00,J2,311,250,561
2018-08-24T06:00:00+09:00,J3,356,331,687
2018-08-24T06:00:00+09:00,J4,494,504,998
2018-08-24T06:00:00+09:00,J5,163,191,354
2018-08-24T06:15:00+09:00,J1,194,187,381
2018-08-24T06:15:00+09:00,J2,272,285,557
2018-08-24T06:15:00+09:00,J3,313,304,617
2018-08-24T06:15:00+09:00,J4,385,364,749
2018-08-24T06:15:00+09:00,J5,175,214,389
2018-08-24T06:30:00+09:00,J1,201,154,355
2018-08-24T06:30:00+09:00,J2,259,252,511
2018-08-24T06:30:00+09:00,J3,318,302,620
2018-08-24T06:30:00+09:00,J4,336,370,706
2018-08-24T06:30:00+09:00,J5,213,202,415
2018-08-24T06:45:00+09:00,J1,231,207,438
2018-08-24T06:45:00+09:00,J2,299,307,606
2018-08-24T06:45:00+09:00,J3,311,275,586
2018-08-24T06:45:00+09:00,J4,343,391,734
2018-08-24T06:45:00+09:00,J5,235,243,478
2018-08-24T07:00:00+09:00,J1,258,210,468
2018-08-24T07:00:00+09:00,J2,356,260,616
2018-08-24T07:00:00+09:00,J3,318,327,645
2018-08-24T07:00:00+09:00,J4,336,379,715
2018-08-24T07:00:00+09:00,J5,236,254,490
2018-08-24T07:15:00+09:00,J1,336,232,568
2018-08-24T07:15:00+09:00,J2,368,350,718
2018-08-24T07:15:00+09:00,J3,288,331,619
2018-08-24T07:15:00+09:00,J4,355,512,867
2018-08-24T07:15:00+09:00,J5,249,258,507
2018-08-24T07:30:00+09:00,J1,393,316,709
2018-08-24T07:30:00+09:00,J2,419,370,789
2018-08-24T07:30:00+09:00,J3,349,398,747
2018-08-24T07:30:00+09:00,J4,308,472,780
2018-08-24T07:30:00+09:00,J5,294,339,633
2018-08-24T07:45:00+09:00,J1,609,314,923
2018-08-24T07:45:00+09:00,J2,453,305,758
2018-08-24T07:45:00+09:00,J3,397,452,849
2018-08-24T07:45:00+09:00,J4,293,554,847
2018-08-24T07:45:00+09:00,J5,352,366,718
2018-08-24T08:00:00+09:00,J1,745,400,1145
2018-08-24T08:00:00+09:00,J2,512,330,842
2018-08-24T08:00:00+09:00,J3,503,539,1042
2018-08-24T08:00:00+09:00,J4,524,771,1295
2018-08-24T08:00:00+09:00,J5,371,332,703
2018-08-24T08:15:00+09:00,J1,935,529,1464
2018-08-24T08:15:00+09:00,J2,596,373,969
2018-08-24T08:15:00+09:00,J3,659,757,1416
2018-08-24T08:15:00+09:00,J4,689,1132,1821
2018-08-24T08:15:00+09:00,J5,287,235,522
2018-08-24T08:30:00+09:00,J1,1005,538,1543
2018-08-24T08:30:00+09:00,J2,669,401,1070
2018-08-24T08:30:00+09:00,J3,625,751,1376
2018-08-24T08:30:00+09:00,J4,755,1085,1840
2018-08-24T08:30:00+09:00,J5,353,310,663
2018-08-24T08:45:00+09:00,J1,712,476,1188
2018-08-24T08:45:00+09:00,J2,477,336,813
2018-08-24T08:45:00+09:00,J3,555,563,1118
2018-08-24T08:45:00+09:00,J4,634,890,1524
2018-08-24T08:45:00+09:00,J5,276,230,506
2018-08-24T09:00:00+09:00,J1,630,436,1066
2018-08-24T09:00:00+09:00,J2,395,299,694
2018-08-24T09:00:00+09:00,J3,546,373,919
2018-08-24T09:00:00+09:00,J4,625,783,1408
2018-08-24T09:00:00+09:00,J5,270,216,486
2018-08-24T09:15:00+09:00,J1,535,359,894
2018-08-24T09:15:00+09:00,J2,388,312,700
2018-08-24T09:15:00+09:00,J3,594,502,1096
2018-08-24T09:15:00+09:00,J4,645,832,1477
2018-08-24T09:15:00+09:00,J5,252,203,455
2018-08-24T09:30:00+09:00,J1,589,403,992
2018-08-24T09:30:00+09:00,J2,387,379,766
2018-08-24T09:30:00+09:00,J3,601,497,1098
2018-08-24T09:30:00+09:00,J4,707,809,1516
2018-08-24T09:30:00+09:00,J5,333,294,627
2018-08-24T09:45:00+09:00,J1,615,469,1084
2018-08-24T09:45:00+09:00,J2,372,325,697
2018-08-24T09:45:00+09:00,J3,558,479,1037
2018-08-24T09:45:00+09:00,J4,611,733,1344
2018-08-24T09:45:00+09:00,J5,362,361,723
2018-08-24T10:00:00+09:00,J1,490,444,934
2018-08-24T10:00:00+09:00,J2,277,284,561
2018-08-24T10:00:00+09:00,J3,557,403,960
2018-08-24T10:00:00+09:00,J4,572,709,1281
2018-08-24T10:00:00+09:00,J5,328,324,652
2018-08-24T10:15:00+09:00,J1,524,482,1006
2018-08-24T10:15:00+09:00,J2,374,376,750
2018-08-24T10:15:00+09:00,J3,571,450,1021
2018-08-24T10:15:00+09:00,J4,577,620,1197
2018-08-24T10:15:00+09:00,J5,359,355,714
2018-08-24T10:30:00+09:00,J1,595,502,1097
2018-08-24T10:30:00+09:00,J2,373,406,779
2018-08-24T10:30:00+09:00,J3,621,516,1137
2018-08-24T10:30:00+09:00,J4,632,688,1320
2018-08-24T10:30:00+09:00,J5,235,244,479
2018-08-24T10:45:00+09:00,J1,577,514,1091
2018-08-24T10:45:00+09:00,J2,402,386,788
2018-08-24T10:45:00+09:00,J3,633,501,1134
2018-08-24T10:45:00+09:00,J4,682,665,1347
2018-08-24T10:45:00+09:00,J5,350,302,652
2018-08-24T11:00:00+09:00,J1,555,489,1044
2018-08-24T11:00:00+09:00,J2,425,437,862
2018-08-24T11:00:00+09:00,J3,636,490,1126
2018-08-24T11:00:00+09:00,J4,676,663,1339
2018-08-24T11:00:00+09:00,J5,459,378,837
2018-08-24T11:15:00+09:00,J1,499,453,952
2018-08-24T11:15:00+09:00,J2,407,405,812
2018-08-24T11:15:00+09:00,J3,669,678,1347
2018-08-24T11:15:00+09:00,J4,663,617,1280
2018-08-24T11:15:00+09:00,J5,318,292,610
2018-08-24T11:30:00+09:00,J1,552,480,1032
2018-08-24T11:30:00+09:00,J2,540,406,946
2018-08-24T11:30:00+09:00,J3,723,615,1338
2018-08-24T11:30:00+09:00,J4,646,561,1207
2018-08-24T11:30:00+09:00,J5,347,335,682
2018-08-24T11:45:00+09:00,J1,488,495,983
2018-08-24T11:45:00+09:00,J2,502,409,911
2018-08-24T11:45:00+09:00,J3,702,549,1251
2018-08-24T11:45:00+09:00,J4,637,597,1234
2018-08-24T11:45:00+09:00,J5,285,292,577
2018-08-24T12:00:00+09:00,J1,493,491,984
2018-08-24T12:00:00+09:00,J2,537,421,958
2018-08-24T12:00:00+09:00,J3,708,676,1384
2018-08-24T12:00:00+09:00,J4,652,577,1229
2018-08-24T12:00:00+09:00,J5,432,373,805
2018-08-24T12:15:00+09:00,J1,529,578,1107
2018-08-24T12:15:00+09:00,J2,541,393,934
2018-08-24T12:15:00+09:00,J3,665,690,1355
2018-08-24T12:15:00+09:00,J4,711,628,1339
2018-08-24T12:15:00+09:00,J5,514,461,975
2018-08-24T12:30:00+09:00,J1,578,607,1185
2018-08-24T12:30:00+09:00,J2,655,456,1111
2018-08-24T12:30:00+09:00,J3,615,661,1276
2018-08-24T12:30:00+09:00,J4,637,632,1269
2018-08-24T12:30:00+09:00,J5,335,347,682
2018-08-24T12:45:00+09:00,J1,551,641,1192
2018-08-24T12:45:00+09:00,J2,650,414,1064
2018-08-24T12:45:00+09:00,J3,666,686,1352
2018-08-24T12:45:00+09:00,J4,602,637,1239
2018-08-24T12:45:00+09:00,J5,345,327,672
2018-08-24T13:00:00+09:00,J1,594,660,1254
2018-08-24T13:00:00+09:00,J2,655,483,1138
2018-08-24T13:00:00+09:00,J3,575,673,1248
2018-08-24T13:00:00+09:00,J4,640,650,1290
2018-08-24T13:00:00+09:00,J5,360,344,704
2018-08-24T13:15:00+09:00,J1,534,730,1264
2018-08-24T13:15:00+09:00,J2,583,542,1125
2018-08-24T13:15:00+09:00,J3,633,685,1318
2018-08-24T13:15:00+09:00,J4,622,594,1216
2018-08-24T13:15:00+09:00,J5,346,304,650
2018-08-24T13:30:00+09:00,J1,590,649,1239
2018-08-24T13:30:00+09:00,J2,587,539,1126
2018-08-24T13:30:00+09:00,J3,641,728,1369
2018-08-24T13:30:00+09:00,J4,524,617,1141
2018-08-24T13:30:00+09:00,J5,272,267,539
2018-08-24T13:45:00+09:00,J1,534,618,1152
2018-08-24T13:45:00+09:00,J2,539,505,1044
2018-08-24T13:45:00+09:00,J3,574,663,1237
2018-08-24T13:45:00+09:00,J4,494,546,1040
2018-08-24T13:45:00+09:00,J5,279,266,545
2018-08-24T14:00:00+09:00,J1,531,594,1125
2018-08-24T14:00:00+09:00,J2,493,459,952
2018-08-24T14:00:00+09:00,J3,592,604,1196
2018-08-24T14:00:00+09:00,J4,530,568,1098
2018-08-24T14:00:00+09:00,J5,271,293,564
2018-08-24T14:15:00+09:00,J1,514,580,1094
2018-08-24T14:15:00+09:00,J2,511,535,1046
2018-08-24T14:15:00+09:00,J3,652,631,1283
2018-08-24T14:15:00+09:00,J4,532,576,1108
2018-08-24T14:15:00+09:00,J5,266,244,510
2018-08-24T14:30:00+09:00,J1,572,609,1181
2018-08-24T14:30:00+09:00,J2,529,472,1001
2018-08-24T14:30:00+09:00,J3,603,616,1219
2018-08-24T14:30:00+09:00,J4,547,549,1096
2018-08-24T14:30:00+09:00,J5,323,263,586
2018-08-24T14:45:00+09:00,J1,532,631,1163
2018-08-24T14:45:00+09:00,J2,468,465,933
2018-08-24T14:45:00+09:00,J3,554,619,1173
2018-08-24T14:45:00+09:00,J4,482,529,1011
2018-08-24T14:45:00+09:00,J5,276,293,569
2018-08-24T15:00:00+09:00,J1,605,679,1284
2018-08-24T15:00:00+09:00,J2,481,531,1012
2018-08-24T15:00:00+09:00,J3,600,671,1271
2018-08-24T15:00:00+09:00,J4,568,504,1072
2018-08-24T15:00:00+09:00,J5,280,327,607
2018-08-24T15:15:00+09:00,J1,605,750,1355
2018-08-24T15:15:00+09:00,J2,570,636,1206
2018-08-24T15:15:00+09:00,J3,622,772,1394
2018-08-24T15:15:00+09:00,J4,543,531,1074
2018-08-24T15:15:00+09:00,J5,291,306,597
2018-08-24T15:30:00+09:00,J1,675,813,1488
2018-08-24T15:30:00+09:00,J2,568,595,1163
2018-08-24T15:30:00+09:00,J3,645,754,1399
2018-08-24T15:30:00+09:00,J4,554,572,1126
2018-08-24T15:30:00+09:00,J5,330,321,651
2018-08-24T15:45:00+09:00,J1,673,780,1453
2018-08-24T15:45:00+09:00,J2,497,496,993
2018-08-24T15:45:00+09:00,J3,626,797,1423
2018-08-24T15:45:00+09:00,J4,405,542,947
2018-08-24T15:45:00+09:00,J5,295,351,646
2018-08-24T16:00:00+09:00,J1,678,879,1557
2018-08-24T16:00:00+09:00,J2,469,546,1015
2018-08-24T16:00:00+09:00,J3,642,807,1449
2018-08-24T16:00:00+09:00,J4,537,490,1027
2018-08-24T16:00:00+09:00,J5,290,337,627
2018-08-24T16:15:00+09:00,J1,732,861,1593
2018-08-24T16:15:00+09:00,J2,494,489,983
2018-08-24T16:15:00+09:00,J3,711,865,1576
2018-08-24T16:15:00+09:00,J4,506,507,1013
2018-08-24T16:15:00+09:00,J5,301,417,718
2018-08-24T16:30:00+09:00,J1,713,794,1507
2018-08-24T16:30:00+09:00,J2,517,497,1014
2018-08-24T16:30:00+09:00,J3,717,817,1534
2018-08-24T16:30:00+09:00,J4,483,499,982
2018-08-24T16:30:00+09:00,J5,297,351,648
2018-08-24T16:45:00+09:00,J1,707,777,1484
2018-08-24T16:45:00+09:00,J2,518,499,1017
2018-08-24T16:45:00+09:00,J3,702,782,1484
2018-08-24T16:45:00+09:00,J4,516,451,967
2018-08-24T16:45:00+09:00,J5,275,339,614
2018-08-24T17:00:00+09:00,J1,663,859,1522
2018-08-24T17:00:00+09:00,J2,484,605,1089
2018-08-24T17:00:00+09:00,J3,825,856,1681
2018-08-24T17:00:00+09:00,J4,581,471,1052
2018-08-24T17:00:00+09:00,J5,309,447,756
2018-08-24T17:15:00+09:00,J1,800,969,1769
2018-08-24T17:15:00+09:00,J2,564,730,1294
2018-08-24T17:15:00+09:00,J3,951,953,1904
2018-08-24T17:15:00+09:00,J4,729,499,1228
2018-08-24T17:15:00+09:00,J5,333,464,797
2018-08-24T17:30:00+09:00,J1,851,1148,1999
2018-08-24T17:30:00+09:00,J2,702,793,1495
2018-08-24T17:30:00+09:00,J3,1133,963,2096
2018-08-24T17:30:00+09:00,J4,859,628,1487
2018-08-24T17:30:00+09:00,J5,307,476,783
2018-08-24T17:45:00+09:00,J1,806,1194,2000
2018-08-24T17:45:00+09:00,J2,703,776,1479
2018-08-24T17:45:00+09:00,J3,1194,862,2056
2018-08-24T17:45:00+09:00,J4,961,663,1624
2018-08-24T17:45:00+09:00,J5,316,499,815
2018-08-24T18:00:00+09:00,J1,860,1158,2018
2018-08-24T18:00:00+09:00,J2,669,707,1376
2018-08-24T18:00:00+09:00,J3,1220,917,2137
2018-08-24T18:00:00+09:00,J4,949,569,1518
2018-08-24T18:00:00+09:00,J5,307,481,788
2018-08-24T18:15:00+09:00,J1,915,1200,2115
2018-08-24T18:15:00+09:00,J2,667,819,1486
2018-08-24T18:15:00+09:00,J3,1097,765,1862
2018-08-24T18:15:00+09:00,J4,989,651,1640
2018-08-24T18:15:00+09:00,J5,311,536,847
2018-08-24T18:30:00+09:00,J1,867,958,1825
2018-08-24T18:30:00+09:00,J2,612,756,1368
2018-08-24T18:30:00+09:00,J3,998,731,1729
2018-08-24T18:30:00+09:00,J4,907,577,1484
2018-08-24T18:30:00+09:00,J5,295,449,744
2018-08-24T18:45:00+09:00,J1,873,893,1766
2018-08-24T18:45:00+09:00,J2,609,612,1221
2018-08-24T18:45:00+09:00,J3,770,742,1512
2018-08-24T18:45:00+09:00,J4,706,509,1215
2018-08-24T18:45:00+09:00,J5,345,440,785
2018-08-24T19:00:00+09:00,J1,776,845,1621
2018-08-24T19:00:00+09:00,J2,531,611,1142
2018-08-24T19:00:00+09:00,J3,693,606,1299
2018-08-24T19:00:00+09:00,J4,683,459,1142
2018-08-24T19:00:00+09:00,J5,310,374,684
2018-08-24T19:15:00+09:00,J1,714,878,1592
2018-08-24T19:15:00+09:00,J2,515,565,1080
2018-08-24T19:15:00+09:00,J3,712,624,1336
2018-08-24T19:15:00+09:00,J4,630,411,1041
2018-08-24T19:15:00+09:00,J5,305,372,677
2018-08-24T19:30:00+09:00,J1,613,755,1368
2018-08-24T19:30:00+09:00,J2,558,531,1089
2018-08-24T19:30:00+09:00,J3,614,646,1260
2018-08-24T19:30:00+09:00,J4,522,493,1015
2018-08-24T19:30:00+09:00,J5,323,338,661
2018-08-24T19:45:00+09:00,J1,590,816,1406
2018-08-24T19:45:00+09:00,J2,608,510,1118
2018-08-24T19:45:00+09:00,J3,568,636,1204
2018-08-24T19:45:00+09:00,J4,545,511,1056
2018-08-24T19:45:00+09:00,J5,307,283,590
2018-08-24T20:00:00+09:00,J1,590,699,1289
2018-08-24T20:00:00+09:00,J2,523,516,1039
2018-08-24T20:00:00+09:00,J3,572,582,1154
2018-08-24T20:00:00+09:00,J4,616,508,1124
2018-08-24T20:00:00+09:00,J5,296,312,608
2018-08-24T20:15:00+09:00,J1,562,780,1342
2018-08-24T20:15:00+09:00,J2,525,450,975
2018-08-24T20:15:00+09:00,J3,596,592,1188
2018-08-24T20:15:00+09:00,J4,625,566,1191
2018-08-24T20:15:00+09:00,J5,334,310,644
2018-08-24T20:30:00+09:00,J1,567,646,1213
2018-08-24T20:30:00+09:00,J2,488,429,917
2018-08-24T20:30:00+09:00,J3,574,595,1169
2018-08-24T20:30:00+09:00,J4,676,491,1167
2018-08-24T20:30:00+09:00,J5,310,312,622
2018-08-24T20:45:00+09:00,J1,474,593,1067
2018-08-24T20:45:00+09:00,J2,400,400,800
2018-08-24T20:45:00+09:00,J3,480,608,1088
2018-08-24T20:45:00+09:00,J4,610,519,1129
2018-08-24T20:45:00+09:00,J5,375,377,752
2018-08-24T21:00:00+09:00,J1,523,596,1119
2018-08-24T21:00:00+09:00,J2,383,401,784
2018-08-24T21:00:00+09:00,J3,480,511,991
2018-08-24T21:00:00+09:00,J4,628,593,1221
2018-08-24T21:00:00+09:00,J5,405,397,802
2018-08-24T21:15:00+09:00,J1,465,647,1112
2018-08-24T21:15:00+09:00,J2,366,351,717
2018-08-24T21:15:00+09:00,J3,499,493,992
2018-08-24T21:15:00+09:00,J4,685,630,1315
2018-08-24T21:15:00+09:00,J5,381,372,753
2018-08-24T21:30:00+09:00,J1,410,476,886
2018-08-24T21:30:00+09:00,J2,383,352,735
2018-08-24T21:30:00+09:00,J3,454,485,939
2018-08-24T21:30:00+09:00,J4,703,583,1286
2018-08-24T21:30:00+09:00,J5,406,367,773
2018-08-24T21:45:00+09:00,J1,417,480,897
2018-08-24T21:45:00+09:00,J2,380,323,703
2018-08-24T21:45:00+09:00,J3,437,440,877
2018-08-24T21:45:00+09:00,J4,669,559,1228
2018-08-24T21:45:00+09:00,J5,371,339,710
2018-08-24T22:00:00+09:00,J1,399,480,879
2018-08-24T22:00:00+09:00,J2,351,275,626
2018-08-24T22:00:00+09:00,J3,461,408,869
2018-08-24T22:00:00+09:00,J4,646,531,1177
2018-08-24T22:00:00+09:00,J5,370,330,700
2018-08-24T22:15:00+09:00,J1,396,449,845
2018-08-24T22:15:00+09:00,J2,316,315,631
2018-08-24T22:15:00+09:00,J3,446,412,858
2018-08-24T22:15:00+09:00,J4,642,568,1210
2018-08-24T22:15:00+09:00,J5,339,314,653
2018-08-24T22:30:00+09:00,J1,367,452,819
2018-08-24T22:30:00+09:00,J2,283,305,588
2018-08-24T22:30:00+09:00,J3,398,357,755
2018-08-24T22:30:00+09:00,J4,604,558,1162
2018-08-24T22:30:00+09:00,J5,255,234,489
2018-08-24T22:45:00+09:00,J1,377,464,841
2018-08-24T22:45:00+09:00,J2,386,256,642
2018-08-24T22:45:00+09:00,J3,445,355,800
2018-08-24T22:45:00+09:00,J4,587,498,1085
2018-08-24T22:45:00+09:00,J5,201,169,370
2018-08-24T23:00:00+09:00,J1,313,354,667
2018-08-24T23:00:00+09:00,J2,314,247,561
2018-08-24T23:00:00+09:00,J3,367,358,725
2018-08-24T23:00:00+09:00,J4,602,507,1109
2018-08-24T23:00:00+09:00,J5,180,163,343
2018-08-24T23:15:00+09:00,J1,322,343,665
2018-08-24T23:15:00+09:00,J2,260,302,562
2018-08-24T23:15:00+09:00,J3,372,422,794
2018-08-24T23:15:00+09:00,J4,637,582,1219
2018-08-24T23:15:00+09:00,J5,157,158,315
2018-08-24T23:30:00+09:00,J1,289,318,607
2018-08-24T23:30:00+09:00,J2,275,259,534
2018-08-24T23:30:00+09:00,J3,435,396,831
2018-08-24T23:30:00+09:00,J4,606,579,1185
2018-08-24T23:30:00+09:00,J5,164,142,306
2018-08-24T23:45:00+09:00,J1,374,382,756
2018-08-24T23:45:00+09:00,J2,284,254,538
2018-08-24T23:45:00+09:00,J3,416,358,774
2018-08-24T23:45:00+09:00,J4,465,475,940
2018-08-24T23:45:00+09:00,J5,143,168,311
2018-08-25T00:00:00+09:00,J1,287,322,609
2018-08-25T00:00:00+09:00,J2,265,170,435
2018-08-25T00:00:00+09:00,J3,375,299,674
2018-08-25T00:00:00+09:00,J4,455,450,905
2018-08-25T00:00:00+09:00,J5,123,92,215
2018-08-25T00:15:00+09:00,J1,224,230,454
2018-08-25T00:15:00+09:00,J2,197,191,388
2018-08-25T00:15:00+09:00,J3,293,253,546
2018-08-25T00:15:00+09:00,J4,295,262,557
2018-08-25T00:15:00+09:00,J5,143,93,236
2018-08-25T00:30:00+09:00,J1,211,225,436
2018-08-25T00:30:00+09:00,J2,169,211,380
2018-08-25T00:30:00+09:00,J3,173,146,319
2018-08-25T00:30:00+09:00,J4,330,280,610
2018-08-25T00:30:00+09:00,J5,288,259,547
2018-08-25T00:45:00+09:00,J1,230,194,424
2018-08-25T00:45:00+09:00,J2,162,189,351
2018-08-25T00:45:00+09:00,J3,200,207,407
2018-08-25T00:45:00+09:00,J4,279,270,549
2018-08-25T00:45:00+09:00,J5,338,293,631
2018-08-25T05:45:00+09:00,J1,283,264,547
2018-08-25T05:45:00+09:00,J2,191,165,356
2018-08-25T05:45:00+09:00,J3,224,263,487
2018-08-25T05:45:00+09:00,J4,304,330,634
2018-08-25T05:45:00+09:00,J5,187,254,441
2018-08-25T06:00:00+09:00,J1,242,251,493
2018-08-25T06:00:00+09:00,J2,182,177,359
2018-08-25T06:00:00+09:00,J3,199,221,420
2018-08-25T06:00:00+09:00,J4,292,272,564
2018-08-25T06:00:00+09:00,J5,231,358,589
2018-08-25T06:15:00+09:00,J1,264,292,556
2018-08-25T06:15:00+09:00,J2,182,160,342
2018-08-25T06:15:00+09:00,J3,205,152,357
2018-08-25T06:15:00+09:00,J4,330,401,731
2018-08-25T06:15:00+09:00,J5,335,343,678
2018-08-25T06:30:00+09:00,J1,230,272,502
2018-08-25T06:30:00+09:00,J2,179,167,346
2018-08-25T06:30:00+09:00,J3,170,189,359
2018-08-25T06:30:00+09:00,J4,350,368,718
2018-08-25T06:30:00+09:00,J5,298,340,638
2018-08-25T06:45:00+09:00,J1,274,280,554
2018-08-25T06:45:00+09:00,J2,178,157,335
2018-08-25T06:45:00+09:00,J3,167,213,380
2018-08-25T06:45:00+09:00,J4,411,436,847
2018-08-25T06:45:00+09:00,J5,304,343,647
2018-08-25T07:00:00+09:00,J1,287,276,563
2018-08-25T07:00:00+09:00,J2,205,161,366
2018-08-25T07:00:00+09:00,J3,187,159,346
2018-08-25T07:00:00+09:00,J4,505,476,981
2018-08-25T07:00:00+09:00,J5,324,370,694
2018-08-25T07:15:00+09:00,J1,388,398,786
2018-08-25T07:15:00+09:00,J2,202,203,405
2018-08-25T07:15:00+09:00,J3,250,225,475
2018-08-25T07:15:00+09:00,J4,412,413,825
2018-08-25T07:15:00+09:00,J5,299,329,628
2018-08-25T07:30:00+09:00,J1,348,303,651
2018-08-25T07:30:00+09:00,J2,214,205,419
2018-08-25T07:30:00+09:00,J3,265,258,523
2018-08-25T07:30:00+09:00,J4,443,437,880
2018-08-25T07:30:00+09:00,J5,265,331,596
2018-08-25T07:45:00+09:00,J1,395,358,753
2018-08-25T07:45:00+09:00,J2,207,224,431
2018-08-25T07:45:00+09:00,J3,310,297,607
2018-08-25T07:45:00+09:00,J4,442,453,895
2018-08-25T07:45:00+09:00,J5,292,295,587
2018-08-25T08:00:00+09:00,J1,498,480,978
2018-08-25T08:00:00+09:00,J2,231,235,466
2018-08-25T08:00:00+09:00,J3,573,436,1009
2018-08-25T08:00:00+09:00,J4,436,468,904
2018-08-25T08:00:00+09:00,J5,327,280,607
2018-08-25T08:15:00+09:00,J1,585,493,1078
2018-08-25T08:15:00+09:00,J2,212,235,447
2018-08-25T08:15:00+09:00,J3,619,471,1090
2018-08-25T08:15:00+09:00,J4,466,518,984
2018-08-25T08:15:00+09:00,J5,320,327,647
2018-08-25T08:30:00+09:00,J1,608,480,1088
2018-08-25T08:30:00+09:00,J2,231,216,447
2018-08-25T08:30:00+09:00,J3,565,505,1070
2018-08-25T08:30:00+09:00,J4,387,557,944
2018-08-25T08:30:00+09:00,J5,313,222,535
2018-08-25T08:45:00+09:00,J1,613,555,1168
2018-08-25T08:45:00+09:00,J2,214,218,432
2018-08-25T08:45:00+09:00,J3,514,488,1002
2018-08-25T08:45:00+09:00,J4,367,455,822
2018-08-25T08:45:00+09:00,J5,353,277,630
2018-08-25T09:00:00+09:00,J1,550,491,1041
2018-08-25T09:00:00+09:00,J2,265,247,512
2018-08-25T09:00:00+09:00,J3,491,422,913
2018-08-25T09:00:00+09:00,J4,523,513,1036
2018-08-25T09:00:00+09:00,J5,328,279,607
2018-08-25T09:15:00+09:00,J1,592,459,1051
2018-08-25T09:15:00+09:00,J2,268,244,512
2018-08-25T09:15:00+09:00,J3,519,400,919
2018-08-25T09:15:00+09:00,J4,506,609,1115
2018-08-25T09:15:00+09:00,J5,230,179,409
2018-08-25T09:30:00+09:00,J1,611,528,1139
2018-08-25T09:30:00+09:00,J2,304,256,560
2018-08-25T09:30:00+09:00,J3,565,446,1011
2018-08-25T09:30:00+09:00,J4,569,608,1177
2018-08-25T09:30:00+09:00,J5,243,207,450
2018-08-25T09:45:00+09:00,J1,627,513,1140
2018-08-25T09:45:00+09:00,J2,272,271,543
2018-08-25T09:45:00+09:00,J3,607,491,1098
2018-08-25T09:45:00+09:00,J4,588,604,1192
2018-08-25T09:45:00+09:00,J5,190,214,404
2018-08-25T10:00:00+09:00,J1,551,498,1049
2018-08-25T10:00:00+09:00,J2,315,260,575
2018-08-25T10:00:00+09:00,J3,593,436,1029
2018-08-25T10:00:00+09:00,J4,561,608,1169
2018-08-25T10:00:00+09:00,J5,225,163,388
2018-08-25T10:15:00+09:00,J1,550,458,1008
2018-08-25T10:15:00+09:00,J2,307,215,522
2018-08-25T10:15:00+09:00,J3,688,515,1203
2018-08-25T10:15:00+09:00,J4,564,522,1086
2018-08-25T10:15:00+09:00,J5,230,192,422
2018-08-25T10:30:00+09:00,J1,477,484,961
2018-08-25T10:30:00+09:00,J2,349,174,523
2018-08-25T10:30:00+09:00,J3,681,522,1203
2018-08-25T10:30:00+09:00,J4,649,650,1299
2018-08-25T10:30:00+09:00,J5,242,212,454
2018-08-25T10:45:00+09:00,J1,513,533,1046
2018-08-25T10:45:00+09:00,J2,406,251,657
2018-08-25T10:45:00+09:00,J3,687,598,1285
2018-08-25T10:45:00+09:00,J4,683,679,1362
2018-08-25T10:45:00+09:00,J5,285,247,532
2018-08-25T11:00:00+09:00,J1,547,562,1109
2018-08-25T11:00:00+09:00,J2,419,204,623
2018-08-25T11:00:00+09:00,J3,801,654,1455
2018-08-25T11:00:00+09:00,J4,731,700,1431
2018-08-25T11:00:00+09:00,J5,368,300,668
2018-08-25T11:15:00+09:00,J1,527,498,1025
2018-08-25T11:15:00+09:00,J2,370,201,571
2018-08-25T11:15:00+09:00,J3,821,712,1533
2018-08-25T11:15:00+09:00,J4,643,563,1206
2018-08-25T11:15:00+09:00,J5,381,308,689
2018-08-25T11:30:00+09:00,J1,552,540,1092
2018-08-25T11:30:00+09:00,J2,360,240,600
2018-08-25T11:30:00+09:00,J3,756,692,1448
2018-08-25T11:30:00+09:00,J4,605,633,1238
2018-08-25T11:30:00+09:00,J5,339,326,665
2018-08-25T11:45:00+09:00,J1,561,561,1122
2018-08-25T11:45:00+09:00,J2,432,248,680
2018-08-25T11:45:00+09:00,J3,842,663,1505
2018-08-25T11:45:00+09:00,J4,648,590,1238
2018-08-25T11:45:00+09:00,J5,359,325,684
2018-08-25T12:00:00+09:00,J1,553,546,1099
2018-08-25T12:00:00+09:00,J2,433,260,693
2018-08-25T12:00:00+09:00,J3,782,702,1484
2018-08-25T12:00:00+09:00,J4,669,652,1321
2018-08-25T12:00:00+09:00,J5,319,261,580
2018-08-25T12:15:00+09:00,J1,614,555,1169
2018-08-25T12:15:00+09:00,J2,447,261,708
2018-08-25T12:15:00+09:00,J3,810,697,1507
2018-08-25T12:15:00+09:00,J4,683,697,1380
2018-08-25T12:15:00+09:00,J5,374,358,732
2018-08-25T12:30:00+09:00,J1,549,568,1117
2018-08-25T12:30:00+09:00,J2,420,319,739
2018-08-25T12:30:00+09:00,J3,776,729,1505
2018-08-25T12:30:00+09:00,J4,707,664,1371
2018-08-25T12:30:00+09:00,J5,302,303,605
2018-08-25T12:45:00+09:00,J1,556,557,1113
2018-08-25T12:45:00+09:00,J2,363,285,648
2018-08-25T12:45:00+09:00,J3,844,720,1564
2018-08-25T12:45:00+09:00,J4,695,663,1358
2018-08-25T12:45:00+09:00,J5,374,358,732
2018-08-25T13:00:00+09:00,J1,574,560,1134
2018-08-25T13:00:00+09:00,J2,389,313,702
2018-08-25T13:00:00+09:00,J3,805,784,1589
2018-08-25T13:00:00+09:00,J4,699,699,1398
2018-08-25T13:00:00+09:00,J5,292,274,566
2018-08-25T13:15:00+09:00,J1,550,633,1183
2018-08-25T13:15:00+09:00,J2,399,317,716
2018-08-25T13:15:00+09:00,J3,763,736,1499
2018-08-25T13:15:00+09:00,J4,739,688,1427
2018-08-25T13:15:00+09:00,J5,295,276,571
2018-08-25T13:30:00+09:00,J1,628,609,1237
2018-08-25T13:30:00+09:00,J2,423,309,732
2018-08-25T13:30:00+09:00,J3,816,711,1527
2018-08-25T13:30:00+09:00,J4,755,688,1443
2018-08-25T13:30:00+09:00,J5,354,314,668
2018-08-25T13:45:00+09:00,J1,601,626,1227
2018-08-25T13:45:00+09:00,J2,449,263,712
2018-08-25T13:45:00+09:00,J3,763,697,1460
2018-08-25T13:45:00+09:00,J4,719,634,1353
2018-08-25T13:45:00+09:00,J5,354,398,752
2018-08-25T14:00:00+09:00,J1,631,680,1311
2018-08-25T14:00:00+09:00,J2,446,301,747
2018-08-25T14:00:00+09:00,J3,778,672,1450
2018-08-25T14:00:00+09:00,J4,735,735,1470
2018-08-25T14:00:00+09:00,J5,359,303,662
2018-08-25T14:15:00+09:00,J1,571,664,1235
2018-08-25T14:15:00+09:00,J2,398,307,705
2018-08-25T14:15:00+09:00,J3,731,688,1419
2018-08-25T14:15:00+09:00,J4,708,696,1404
2018-08-25T14:15:00+09:00,J5,282,316,598
2018-08-25T14:30:00+09:00,J1,590,681,1271
2018-08-25T14:30:00+09:00,J2,398,296,694
2018-08-25T14:30:00+09:00,J3,717,633,1350
2018-08-25T14:30:00+09:00,J4,765,682,1447
2018-08-25T14:30:00+09:00,J5,358,435,793
2018-08-25T14:45:00+09:00,J1,586,611,1197
2018-08-25T14:45:00+09:00,J2,457,295,752
2018-08-25T14:45:00+09:00,J3,683,632,1315
2018-08-25T14:45:00+09:00,J4,761,674,1435
2018-08-25T14:45:00+09:00,J5,473,454,927
2018-08-25T15:00:00+09:00,J1,569,667,1236
2018-08-25T15:00:00+09:00,J2,431,221,652
2018-08-25T15:00:00+09:00,J3,592,543,1135
2018-08-25T15:00:00+09:00,J4,685,631,1316
2018-08-25T15:00:00+09:00,J5,428,439,867
2018-08-25T15:15:00+09:00,J1,543,617,1160
2018-08-25T15:15:00+09:00,J2,450,223,673
2018-08-25T15:15:00+09:00,J3,653,581,1234
2018-08-25T15:15:00+09:00,J4,772,731,1503
2018-08-25T15:15:00+09:00,J5,367,393,760
2018-08-25T15:30:00+09:00,J1,621,638,1259
2018-08-25T15:30:00+09:00,J2,460,220,680
2018-08-25T15:30:00+09:00,J3,591,591,1182
2018-08-25T15:30:00+09:00,J4,747,683,1430
2018-08-25T15:30:00+09:00,J5,362,333,695
2018-08-25T15:45:00+09:00,J1,632,658,1290
2018-08-25T15:45:00+09:00,J2,467,243,710
2018-08-25T15:45:00+09:00,J3,694,515,1209
2018-08-25T15:45:00+09:00,J4,876,754,1630
2018-08-25T15:45:00+09:00,J5,361,444,805
2018-08-25T16:00:00+09:00,J1,673,576,1249
2018-08-25T16:00:00+09:00,J2,466,240,706
2018-08-25T16:00:00+09:00,J3,633,524,1157
2018-08-25T16:00:00+09:00,J4,796,726,1522
2018-08-25T16:00:00+09:00,J5,383,427,810
2018-08-25T16:15:00+09:00,J1,694,729,1423
2018-08-25T16:15:00+09:00,J2,514,238,752
2018-08-25T16:15:00+09:00,J3,625,526,1151
2018-08-25T16:15:00+09:00,J4,807,803,1610
2018-08-25T16:15:00+09:00,J5,368,451,819
2018-08-25T16:30:00+09:00,J1,713,716,1429
2018-08-25T16:30:00+09:00,J2,498,254,752
2018-08-25T16:30:00+09:00,J3,557,532,1089
2018-08-25T16:30:00+09:00,J4,780,788,1568
2018-08-25T16:30:00+09:00,J5,392,413,805
2018-08-25T16:45:00+09:00,J1,801,815,1616
2018-08-25T16:45:00+09:00,J2,530,245,775
2018-08-25T16:45:00+09:00,J3,644,597,1241
2018-08-25T16:45:00+09:00,J4,755,635,1390
2018-08-25T16:45:00+09:00,J5,318,338,656
2018-08-25T17:00:00+09:00,J1,691,823,1514
2018-08-25T17:00:00+09:00,J2,522,268,790
2018-08-25T17:00:00+09:00,J3,701,631,1332
2018-08-25T17:00:00+09:00,J4,777,683,1460
2018-08-25T17:00:00+09:00,J5,393,475,868
2018-08-25T17:15:00+09:00,J1,761,891,1652
2018-08-25T17:15:00+09:00,J2,559,242,801
2018-08-25T17:15:00+09:00,J3,715,588,1303
2018-08-25T17:15:00+09:00,J4,783,722,1505
2018-08-25T17:15:00+09:00,J5,327,284,611
2018-08-25T17:30:00+09:00,J1,738,803,1541
2018-08-25T17:30:00+09:00,J2,530,280,810
2018-08-25T17:30:00+09:00,J3,711,535,1246
2018-08-25T17:30:00+09:00,J4,853,744,1597
2018-08-25T17:30:00+09:00,J5,344,367,711
2018-08-25T17:45:00+09:00,J1,739,740,1479
2018-08-25T17:45:00+09:00,J2,495,245,740
2018-08-25T17:45:00+09:00,J3,639,510,1149
2018-08-25T17:45:00+09:00,J4,760,668,1428
2018-08-25T17:45:00+09:00,J5,329,326,655
2018-08-25T18:00:00+09:00,J1,756,706,1462
2018-08-25T18:00:00+09:00,J2,512,271,783
2018-08-25T18:00:00+09:00,J3,684,470,1154
2018-08-25T18:00:00+09:00,J4,795,703,1498
2018-08-25T18:00:00+09:00,J5,391,433,824
2018-08-25T18:15:00+09:00,J1,715,739,1454
2018-08-25T18:15:00+09:00,J2,496,243,739
2018-08-25T18:15:00+09:00,J3,724,472,1196
2018-08-25T18:15:00+09:00,J4,838,780,1618
2018-08-25T18:15:00+09:00,J5,370,374,744
2018-08-25T18:30:00+09:00,J1,655,696,1351
2018-08-25T18:30:00+09:00,J2,473,214,687
2018-08-25T18:30:00+09:00,J3,703,433,1136
2018-08-25T18:30:00+09:00,J4,825,703,1528
2018-08-25T18:30:00+09:00,J5,344,468,812
2018-08-25T18:45:00+09:00,J1,647,642,1289
2018-08-25T18:45:00+09:00,J2,423,221,644
2018-08-25T18:45:00+09:00,J3,643,410,1053
2018-08-25T18:45:00+09:00,J4,753,617,1370
2018-08-25T18:45:00+09:00,J5,321,347,668
2018-08-25T19:00:00+09:00,J1,543,633,1176
2018-08-25T19:00:00+09:00,J2,430,225,655
2018-08-25T19:00:00+09:00,J3,632,409,1041
2018-08-25T19:00:00+09:00,J4,629,491,1120
2018-08-25T19:00:00+09:00,J5,294,443,737
2018-08-25T19:15:00+09:00,J1,542,615,1157
2018-08-25T19:15:00+09:00,J2,377,225,602
2018-08-25T19:15:00+09:00,J3,575,416,991
2018-08-25T19:15:00+09:00,J4,584,489,1073
2018-08-25T19:15:00+09:00,J5,301,429,730
2018-08-25T19:30:00+09:00,J1,541,639,1180
2018-08-25T19:30:00+09:00,J2,360,210,570
2018-08-25T19:30:00+09:00,J3,524,389,913
2018-08-25T19:30:00+09:00,J4,510,453,963
2018-08-25T19:30:00+09:00,J5,330,388,718
2018-08-25T19:45:00+09:00,J1,453,620,1073
2018-08-25T19:45:00+09:00,J2,335,279,614
2018-08-25T19:45:00+09:00,J3,547,402,949
2018-08-25T19:45:00+09:00,J4,482,446,928
2018-08-25T19:45:00+09:00,J5,318,413,731
2018-08-25T20:00:00+09:00,J1,564,614,1178
2018-08-25T20:00:00+09:00,J2,359,268,627
2018-08-25T20:00:00+09:00,J3,514,446,960
2018-08-25T20:00:00+09:00,J4,556,476,1032
2018-08-25T20:00:00+09:00,J5,308,288,596
2018-08-25T20:15:00+09:00,J1,468,683,1151
2018-08-25T20:15:00+09:00,J2,335,261,596
2018-08-25T20:15:00+09:00,J3,526,395,921
2018-08-25T20:15:00+09:00,J4,533,487,1020
2018-08-25T20:15:00+09:00,J5,259,244,503
2018-08-25T20:30:00+09:00,J1,518,591,1109
2018-08-25T20:30:00+09:00,J2,329,316,645
2018-08-25T20:30:00+09:00,J3,487,415,902
2018-08-25T20:30:00+09:00,J4,446,439,885
2018-08-25T20:30:00+09:00,J5,297,299,596
2018-08-25T20:45:00+09:00,J1,477,558,1035
2018-08-25T20:45:00+09:00,J2,240,270,510
2018-08-25T20:45:00+09:00,J3,489,380,869
2018-08-25T20:45:00+09:00,J4,531,480,1011
2018-08-25T20:45:00+09:00,J5,273,368,641
2018-08-25T21:00:00+09:00,J1,542,580,1122
2018-08-25T21:00:00+09:00,J2,228,253,481
2018-08-25T21:00:00+09:00,J3,522,355,877
2018-08-25T21:00:00+09:00,J4,640,550,1190
2018-08-25T21:00:00+09:00,J5,348,399,747
2018-08-25T21:15:00+09:00,J1,479,562,1041
2018-08-25T21:15:00+09:00,J2,275,250,525
2018-08-25T21:15:00+09:00,J3,526,338,864
2018-08-25T21:15:00+09:00,J4,638,596,1234
2018-08-25T21:15:00+09:00,J5,294,323,617
2018-08-25T21:30:00+09:00,J1,472,537,1009
2018-08-25T21:30:00+09:00,J2,216,225,441
2018-08-25T21:30:00+09:00,J3,426,365,791
2018-08-25T21:30:00+09:00,J4,496,478,974
2018-08-25T21:30:00+09:00,J5,327,318,645
2018-08-25T21:45:00+09:00,J1,457,512,969
2018-08-25T21:45:00+09:00,J2,230,234,464
2018-08-25T21:45:00+09:00,J3,408,295,703
2018-08-25T21:45:00+09:00,J4,525,511,1036
2018-08-25T21:45:00+09:00,J5,325,345,670
2018-08-25T22:00:00+09:00,J1,399,438,837
2018-08-25T22:00:00+09:00,J2,228,226,454
2018-08-25T22:00:00+09:00,J3,417,311,728
2018-08-25T22:00:00+09:00,J4,587,581,1168
2018-08-25T22:00:00+09:00,J5,331,302,633
2018-08-25T22:15:00+09:00,J1,425,477,902
2018-08-25T22:15:00+09:00,J2,158,216,374
2018-08-25T22:15:00+09:00,J3,352,297,649
2018-08-25T22:15:00+09:00,J4,550,531,1081
2018-08-25T22:15:00+09:00,J5,311,331,642
2018-08-25T22:30:00+09:00,J1,476,465,941
2018-08-25T22:30:00+09:00,J2,208,221,429
2018-08-25T22:30:00+09:00,J3,407,292,699
2018-08-25T22:30:00+09:00,J4,482,525,1007
2018-08-25T22:30:00+09:00,J5,298,277,575
2018-08-25T22:45:00+09:00,J1,361,353,714
2018-08-25T22:45:00+09:00,J2,139,161,300
2018-08-25T22:45:00+09:00,J3,293,254,547
2018-08-25T22:45:00+09:00,J4,570,555,1125
2018-08-25T22:45:00+09:00,J5,291,234,525
2018-08-25T23:00:00+09:00,J1,427,490,917
2018-08-25T23:00:00+09:00,J2,209,242,451
2018-08-25T23:00:00+09:00,J3,349,295,644
2018-08-25T23:00:00+09:00,J4,597,566,1163
2018-08-25T23:00:00+09:00,J5,345,328,673
2018-08-25T23:15:00+09:00,J1,331,401,732
2018-08-25T23:15:00+09:00,J2,127,168,295
2018-08-25T23:15:00+09:00,J3,298,294,592
2018-08-25T23:15:00+09:00,J4,570,591,1161
2018-08-25T23:15:00+09:00,J5,354,298,652
2018-08-25T23:30:00+09:00,J1,366,369,735
2018-08-25T23:30:00+09:00,J2,146,151,297
2018-08-25T23:30:00+09:00,J3,285,271,556
2018-08-25T23:30:00+09:00,J4,522,551,1073
2018-08-25T23:30:00+09:00,J5,327,322,649
2018-08-25T23:45:00+09:00,J1,347,333,680
2018-08-25T23:45:00+09:00,J2,146,148,294
2018-08-25T23:45:00+09:00,J3,314,237,551
2018-08-25T23:45:00+09:00,J4,415,401,816
2018-08-25T23:45:00+09:00,J5,337,309,646
2018-08-26T00:00:00+09:00,J1,324,279,603
2018-08-26T00:00:00+09:00,J2,151,166,317
2018-08-26T00:00:00+09:00,J3,285,216,501
2018-08-26T00:00:00+09:00,J4,441,436,877
2018-08-26T00:00:00+09:00,J5,325,279,604
2018-08-26T00:15:00+09:00,J1,239,233,472
2018-08-26T00:15:00+09:00,J2,120,153,273
2018-08-26T00:15:00+09:00,J3,215,207,422
2018-08-26T00:15:00+09:00,J4,369,342,711
2018-08-26T00:15:00+09:00,J5,261,282,543
2018-08-26T00:30:00+09:00,J1,236,194,430
2018-08-26T00:30:00+09:00,J2,123,112,235
2018-08-26T00:30:00+09:00,J3,239,272,511
2018-08-26T00:30:00+09:00,J4,154,161,315
2018-08-26T00:30:00+09:00,J5,169,233,402
2018-08-26T00:45:00+09:00,J1,223,223,446
2018-08-26T00:45:00+09:00,J2,123,115,238
2018-08-26T00:45:00+09:00,J3,264,293,557
2018-08-26T00:45:00+09:00,J4,178,172,350
2018-08-26T00:45:00+09:00,J5,152,155,307
2018-08-26T05:45:00+09:00,J1,344,327,671
2018-08-26T05:45:00+09:00,J2,248,266,514
2018-08-26T05:45:00+09:00,J3,241,275,516
2018-08-26T05:45:00+09:00,J4,306,346,652
2018-08-26T05:45:00+09:00,J5,188,189,377
2018-08-26T06:00:00+09:00,J1,341,305,646
2018-08-26T06:00:00+09:00,J2,171,215,386
2018-08-26T06:00:00+09:00,J3,225,278,503
2018-08-26T06:00:00+09:00,J4,289,333,622
2018-08-26T06:00:00+09:00,J5,196,215,411
2018-08-26T06:15:00+09:00,J1,307,306,613
2018-08-26T06:15:00+09:00,J2,227,224,451
2018-08-26T06:15:00+09:00,J3,402,327,729
2018-08-26T06:15:00+09:00,J4,234,273,507
2018-08-26T06:15:00+09:00,J5,158,212,370
2018-08-26T06:30:00+09:00,J1,315,327,642
2018-08-26T06:30:00+09:00,J2,257,258,515
2018-08-26T06:30:00+09:00,J3,446,341,787
2018-08-26T06:30:00+09:00,J4,348,350,698
2018-08-26T06:30:00+09:00,J5,167,173,340
2018-08-26T06:45:00+09:00,J1,369,310,679
2018-08-26T06:45:00+09:00,J2,237,181,418
2018-08-26T06:45:00+09:00,J3,506,394,900
2018-08-26T06:45:00+09:00,J4,353,365,718
2018-08-26T06:45:00+09:00,J5,168,193,361
2018-08-26T07:00:00+09:00,J1,397,364,761
2018-08-26T07:00:00+09:00,J2,268,196,464
2018-08-26T07:00:00+09:00,J3,514,377,891
2018-08-26T07:00:00+09:00,J4,292,362,654
2018-08-26T07:00:00+09:00,J5,177,215,392
2018-08-26T07:15:00+09:00,J1,415,399,814
2018-08-26T07:15:00+09:00,J2,347,251,598
2018-08-26T07:15:00+09:00,J3,405,377,782
2018-08-26T07:15:00+09:00,J4,279,275,554
2018-08-26T07:15:00+09:00,J5,182,236,418
2018-08-26T07:30:00+09:00,J1,480,392,872
2018-08-26T07:30:00+09:00,J2,282,256,538
2018-08-26T07:30:00+09:00,J3,413,412,825
2018-08-26T07:30:00+09:00,J4,311,307,618
2018-08-26T07:30:00+09:00,J5,240,278,518
2018-08-26T07:45:00+09:00,J1,452,361,813
2018-08-26T07:45:00+09:00,J2,302,239,541
2018-08-26T07:45:00+09:00,J3,387,372,759
2018-08-26T07:45:00+09:00,J4,419,454,873
2018-08-26T07:45:00+09:00,J5,266,209,475
2018-08-26T08:00:00+09:00,J1,570,441,1011
2018-08-26T08:00:00+09:00,J2,342,305,647
2018-08-26T08:00:00+09:00,J3,465,415,880
2018-08-26T08:00:00+09:00,J4,595,606,1201
2018-08-26T08:00:00+09:00,J5,351,316,667
2018-08-26T08:15:00+09:00,J1,520,483,1003
2018-08-26T08:15:00+09:00,J2,301,292,593
2018-08-26T08:15:00+09:00,J3,430,473,903
2018-08-26T08:15:00+09:00,J4,683,776,1459
2018-08-26T08:15:00+09:00,J5,424,349,773
2018-08-26T08:30:00+09:00,J1,536,466,1002
2018-08-26T08:30:00+09:00,J2,271,266,537
2018-08-26T08:30:00+09:00,J3,377,397,774
2018-08-26T08:30:00+09:00,J4,673,722,1395
2018-08-26T08:30:00+09:00,J5,355,332,687
2018-08-26T08:45:00+09:00,J1,479,503,982
2018-08-26T08:45:00+09:00,J2,272,332,604
2018-08-26T08:45:00+09:00,J3,373,405,778
2018-08-26T08:45:00+09:00,J4,666,722,1388
2018-08-26T08:45:00+09:00,J5,375,330,705
2018-08-26T09:00:00+09:00,J1,465,496,961
2018-08-26T09:00:00+09:00,J2,301,404,705
2018-08-26T09:00:00+09:00,J3,481,427,908
2018-08-26T09:00:00+09:00,J4,629,721,1350
2018-08-26T09:00:00+09:00,J5,358,379,737
2018-08-26T09:15:00+09:00,J1,459,483,942
2018-08-26T09:15:00+09:00,J2,334,423,757
2018-08-26T09:15:00+09:00,J3,515,389,904
2018-08-26T09:15:00+09:00,J4,556,626,1182
2018-08-26T09:15:00+09:00,J5,336,366,702
2018-08-26T09:30:00+09:00,J1,493,482,975
2018-08-26T09:30:00+09:00,J2,383,454,837
2018-08-26T09:30:00+09:00,J3,594,489,1083
2018-08-26T09:30:00+09:00,J4,632,654,1286
2018-08-26T09:30:00+09:00,J5,305,213,518
2018-08-26T09:45:00+09:00,J1,524,429,953
2018-08-26T09:45:00+09:00,J2,388,364,752
2018-08-26T09:45:00+09:00,J3,544,449,993
2018-08-26T09:45:00+09:00,J4,571,607,1178
2018-08-26T09:45:00+09:00,J5,372,389,761
2018-08-26T10:00:00+09:00,J1,448,404,852
2018-08-26T10:00:00+09:00,J2,402,339,741
2018-08-26T10:00:00+09:00,J3,546,434,980
2018-08-26T10:00:00+09:00,J4,596,598,1194
2018-08-26T10:00:00+09:00,J5,363,361,724
2018-08-26T10:15:00+09:00,J1,474,412,886
2018-08-26T10:15:00+09:00,J2,427,313,740
2018-08-26T10:15:00+09:00,J3,617,430,1047
2018-08-26T10:15:00+09:00,J4,544,546,1090
2018-08-26T10:15:00+09:00,J5,407,347,754
2018-08-26T10:30:00+09:00,J1,522,487,1009
2018-08-26T10:30:00+09:00,J2,529,312,841
2018-08-26T10:30:00+09:00,J3,603,504,1107
2018-08-26T10:30:00+09:00,J4,597,591,1188
2018-08-26T10:30:00+09:00,J5,411,353,764
2018-08-26T10:45:00+09:00,J1,455,451,906
2018-08-26T10:45:00+09:00,J2,448,292,740
2018-08-26T10:45:00+09:00,J3,567,493,1060
2018-08-26T10:45:00+09:00,J4,596,619,1215
2018-08-26T10:45:00+09:00,J5,221,199,420
2018-08-26T11:00:00+09:00,J1,572,583,1155
2018-08-26T11:00:00+09:00,J2,461,365,826
2018-08-26T11:00:00+09:00,J3,543,474,1017
2018-08-26T11:00:00+09:00,J4,615,540,1155
2018-08-26T11:00:00+09:00,J5,347,339,686
2018-08-26T11:15:00+09:00,J1,584,532,1116
2018-08-26T11:15:00+09:00,J2,458,364,822
2018-08-26T11:15:00+09:00,J3,586,503,1089
2018-08-26T11:15:00+09:00,J4,601,609,1210
2018-08-26T11:15:00+09:00,J5,389,376,765
2018-08-26T11:30:00+09:00,J1,606,607,1213
2018-08-26T11:30:00+09:00,J2,461,428,889
2018-08-26T11:30:00+09:00,J3,583,562,1145
2018-08-26T11:30:00+09:00,J4,623,616,1239
2018-08-26T11:30:00+09:00,J5,294,296,590
2018-08-26T11:45:00+09:00,J1,614,598,1212
2018-08-26T11:45:00+09:00,J2,462,390,852
2018-08-26T11:45:00+09:00,J3,654,536,1190
2018-08-26T11:45:00+09:00,J4,622,549,1171
2018-08-26T11:45:00+09:00,J5,263,233,496
2018-08-26T12:00:00+09:00,J1,626,587,1213
2018-08-26T12:00:00+09:00,J2,453,367,820
2018-08-26T12:00:00+09:00,J3,604,502,1106
2018-08-26T12:00:00+09:00,J4,707,553,1260
2018-08-26T12:00:00+09:00,J5,340,349,689
2018-08-26T12:15:00+09:00,J1,618,630,1248
2018-08-26T12:15:00+09:00,J2,434,321,755
2018-08-26T12:15:00+09:00,J3,555,452,1007
2018-08-26T12:15:00+09:00,J4,702,624,1326
2018-08-26T12:15:00+09:00,J5,374,397,771
2018-08-26T12:30:00+09:00,J1,583,619,1202
2018-08-26T12:30:00+09:00,J2,528,314,842
2018-08-26T12:30:00+09:00,J3,641,610,1251
2018-08-26T12:30:00+09:00,J4,630,594,1224
2018-08-26T12:30:00+09:00,J5,402,395,797
2018-08-26T12:45:00+09:00,J1,607,620,1227
2018-08-26T12:45:00+09:00,J2,516,348,864
2018-08-26T12:45:00+09:00,J3,672,529,1201
2018-08-26T12:45:00+09:00,J4,736,665,1401
2018-08-26T12:45:00+09:00,J5,346,403,749
2018-08-26T13:00:00+09:00,J1,608,757,1365
2018-08-26T13:00:00+09:00,J2,450,389,839
2018-08-26T13:00:00+09:00,J3,565,519,1084
2018-08-26T13:00:00+09:00,J4,722,671,1393
2018-08-26T13:00:00+09:00,J5,472,462,934
2018-08-26T13:15:00+09:00,J1,649,711,1360
2018-08-26T13:15:00+09:00,J2,470,368,838
2018-08-26T13:15:00+09:00,J3,588,544,1132
2018-08-26T13:15:00+09:00,J4,735,584,1319
2018-08-26T13:15:00+09:00,J5,427,496,923
2018-08-26T13:30:00+09:00,J1,664,710,1374
2018-08-26T13:30:00+09:00,J2,423,425,848
2018-08-26T13:30:00+09:00,J3,577,562,1139
2018-08-26T13:30:00+09:00,J4,647,607,1254
2018-08-26T13:30:00+09:00,J5,440,500,940
2018-08-26T13:45:00+09:00,J1,606,734,1340
2018-08-26T13:45:00+09:00,J2,449,399,848
2018-08-26T13:45:00+09:00,J3,604,564,1168
2018-08-26T13:45:00+09:00,J4,631,583,1214
2018-08-26T13:45:00+09:00,J5,430,453,883
2018-08-26T14:00:00+09:00,J1,642,811,1453
2018-08-26T14:00:00+09:00,J2,433,389,822
2018-08-26T14:00:00+09:00,J3,660,622,1282
2018-08-26T14:00:00+09:00,J4,688,640,1328
2018-08-26T14:00:00+09:00,J5,364,370,734
2018-08-26T14:15:00+09:00,J1,655,798,1453
2018-08-26T14:15:00+09:00,J2,415,475,890
2018-08-26T14:15:00+09:00,J3,634,633,1267
2018-08-26T14:15:00+09:00,J4,730,589,1319
2018-08-26T14:15:00+09:00,J5,366,342,708
2018-08-26T14:30:00+09:00,J1,624,788,1412
2018-08-26T14:30:00+09:00,J2,386,518,904
2018-08-26T14:30:00+09:00,J3,651,594,1245
2018-08-26T14:30:00+09:00,J4,678,673,1351
2018-08-26T14:30:00+09:00,J5,354,345,699
2018-08-26T14:45:00+09:00,J1,665,734,1399
2018-08-26T14:45:00+09:00,J2,421,494,915
2018-08-26T14:45:00+09:00,J3,628,554,1182
2018-08-26T14:45:00+09:00,J4,679,603,1282
2018-08-26T14:45:00+09:00,J5,348,367,715
2018-08-26T15:00:00+09:00,J1,610,765,1375
2018-08-26T15:00:00+09:00,J2,411,433,844
2018-08-26T15:00:00+09:00,J3,600,603,1203
2018-08-26T15:00:00+09:00,J4,589,540,1129
2018-08-26T15:00:00+09:00,J5,255,156,411
2018-08-26T15:15:00+09:00,J1,656,796,1452
2018-08-26T15:15:00+09:00,J2,450,449,899
2018-08-26T15:15:00+09:00,J3,554,643,1197
2018-08-26T15:15:00+09:00,J4,788,665,1453
2018-08-26T15:15:00+09:00,J5,251,231,482
2018-08-26T15:30:00+09:00,J1,626,757,1383
2018-08-26T15:30:00+09:00,J2,396,423,819
2018-08-26T15:30:00+09:00,J3,576,599,1175
2018-08-26T15:30:00+09:00,J4,705,604,1309
2018-08-26T15:30:00+09:00,J5,363,383,746
2018-08-26T15:45:00+09:00,J1,660,752,1412
2018-08-26T15:45:00+09:00,J2,430,478,908
2018-08-26T15:45:00+09:00,J3,572,577,1149
2018-08-26T15:45:00+09:00,J4,703,702,1405
2018-08-26T15:45:00+09:00,J5,329,341,670
2018-08-26T16:00:00+09:00,J1,635,765,1400
2018-08-26T16:00:00+09:00,J2,488,530,1018
2018-08-26T16:00:00+09:00,J3,511,590,1101
2018-08-26T16:00:00+09:00,J4,722,702,1424
2018-08-26T16:00:00+09:00,J5,348,284,632
2018-08-26T16:15:00+09:00,J1,624,671,1295
2018-08-26T16:15:00+09:00,J2,418,472,890
2018-08-26T16:15:00+09:00,J3,525,576,1101
2018-08-26T16:15:00+09:00,J4,694,731,1425
2018-08-26T16:15:00+09:00,J5,320,347,667
2018-08-26T16:30:00+09:00,J1,610,641,1251
2018-08-26T16:30:00+09:00,J2,434,442,876
2018-08-26T16:30:00+09:00,J3,555,634,1189
2018-08-26T16:30:00+09:00,J4,785,765,1550
2018-08-26T16:30:00+09:00,J5,298,312,610
2018-08-26T16:45:00+09:00,J1,633,738,1371
2018-08-26T16:45:00+09:00,J2,402,454,856
2018-08-26T16:45:00+09:00,J3,515,575,1090
2018-08-26T16:45:00+09:00,J4,737,736,1473
2018-08-26T16:45:00+09:00,J5,297,309,606
2018-08-26T17:00:00+09:00,J1,645,702,1347
2018-08-26T17:00:00+09:00,J2,433,377,810
2018-08-26T17:00:00+09:00,J3,560,546,1106
2018-08-26T17:00:00+09:00,J4,702,704,1406
2018-08-26T17:00:00+09:00,J5,261,313,574
2018-08-26T17:15:00+09:00,J1,636,717,1353
2018-08-26T17:15:00+09:00,J2,392,416,808
2018-08-26T17:15:00+09:00,J3,566,523,1089
2018-08-26T17:15:00+09:00,J4,721,733,1454
2018-08-26T17:15:00+09:00,J5,252,315,567
2018-08-26T17:30:00+09:00,J1,700,722,1422
2018-08-26T17:30:00+09:00,J2,400,447,847
2018-08-26T17:30:00+09:00,J3,527,591,1118
2018-08-26T17:30:00+09:00,J4,731,660,1391
2018-08-26T17:30:00+09:00,J5,249,319,568
2018-08-26T17:45:00+09:00,J1,649,699,1348
2018-08-26T17:45:00+09:00,J2,439,419,858
2018-08-26T17:45:00+09:00,J3,486,496,982
2018-08-26T17:45:00+09:00,J4,755,600,1355
2018-08-26T17:45:00+09:00,J5,285,355,640
2018-08-26T18:00:00+09:00,J1,657,748,1405
2018-08-26T18:00:00+09:00,J2,460,383,843
2018-08-26T18:00:00+09:00,J3,526,554,1080
2018-08-26T18:00:00+09:00,J4,634,583,1217
2018-08-26T18:00:00+09:00,J5,234,306,540
2018-08-26T18:15:00+09:00,J1,717,747,1464
2018-08-26T18:15:00+09:00,J2,464,408,872
2018-08-26T18:15:00+09:00,J3,567,564,1131
2018-08-26T18:15:00+09:00,J4,656,513,1169
2018-08-26T18:15:00+09:00,J5,276,316,592
2018-08-26T18:30:00+09:00,J1,587,689,1276
2018-08-26T18:30:00+09:00,J2,404,404,808
2018-08-26T18:30:00+09:00,J3,420,524,944
2018-08-26T18:30:00+09:00,J4,556,426,982
2018-08-26T18:30:00+09:00,J5,217,265,482
2018-08-26T18:45:00+09:00,J1,600,671,1271
2018-08-26T18:45:00+09:00,J2,342,343,685
2018-08-26T18:45:00+09:00,J3,421,521,942
2018-08-26T18:45:00+09:00,J4,421,324,745
2018-08-26T18:45:00+09:00,J5,218,279,497
2018-08-26T19:00:00+09:00,J1,518,620,1138
2018-08-26T19:00:00+09:00,J2,276,322,598
2018-08-26T19:00:00+09:00,J3,403,438,841
2018-08-26T19:00:00+09:00,J4,498,401,899
2018-08-26T19:00:00+09:00,J5,224,273,497
2018-08-26T19:15:00+09:00,J1,533,580,1113
2018-08-26T19:15:00+09:00,J2,319,406,725
2018-08-26T19:15:00+09:00,J3,399,470,869
2018-08-26T19:15:00+09:00,J4,409,392,801
2018-08-26T19:15:00+09:00,J5,249,249,498
2018-08-26T19:30:00+09:00,J1,509,550,1059
2018-08-26T19:30:00+09:00,J2,370,358,728
2018-08-26T19:30:00+09:00,J3,381,443,824
2018-08-26T19:30:00+09:00,J4,354,389,743
2018-08-26T19:30:00+09:00,J5,237,279,516
2018-08-26T19:45:00+09:00,J1,438,539,977
2018-08-26T19:45:00+09:00,J2,358,372,730
2018-08-26T19:45:00+09:00,J3,349,373,722
2018-08-26T19:45:00+09:00,J4,335,304,639
2018-08-26T19:45:00+09:00,J5,240,225,465
2018-08-26T20:00:00+09:00,J1,486,569,1055
2018-08-26T20:00:00+09:00,J2,324,325,649
2018-08-26T20:00:00+09:00,J3,446,433,879
2018-08-26T20:00:00+09:00,J4,357,351,708
2018-08-26T20:00:00+09:00,J5,242,246,488
2018-08-26T20:15:00+09:00,J1,539,576,1115
2018-08-26T20:15:00+09:00,J2,296,282,578
2018-08-26T20:15:00+09:00,J3,501,483,984
2018-08-26T20:15:00+09:00,J4,344,309,653
2018-08-26T20:15:00+09:00,J5,261,233,494
2018-08-26T20:30:00+09:00,J1,415,480,895
2018-08-26T20:30:00+09:00,J2,278,328,606
2018-08-26T20:30:00+09:00,J3,522,470,992
2018-08-26T20:30:00+09:00,J4,343,336,679
2018-08-26T20:30:00+09:00,J5,234,194,428
2018-08-26T20:45:00+09:00,J1,516,536,1052
2018-08-26T20:45:00+09:00,J2,324,313,637
2018-08-26T20:45:00+09:00,J3,530,433,963
2018-08-26T20:45:00+09:00,J4,381,346,727
2018-08-26T20:45:00+09:00,J5,220,179,399
2018-08-26T21:00:00+09:00,J1,561,616,1177
2018-08-26T21:00:00+09:00,J2,369,315,684
2018-08-26T21:00:00+09:00,J3,517,434,951
2018-08-26T21:00:00+09:00,J4,503,435,938
2018-08-26T21:00:00+09:00,J5,251,181,432
2018-08-26T21:15:00+09:00,J1,629,701,1330
2018-08-26T21:15:00+09:00,J2,373,354,727
2018-08-26T21:15:00+09:00,J3,449,401,850
2018-08-26T21:15:00+09:00,J4,459,462,921
2018-08-26T21:15:00+09:00,J5,237,241,478
2018-08-26T21:30:00+09:00,J1,591,696,1287
2018-08-26T21:30:00+09:00,J2,310,295,605
2018-08-26T21:30:00+09:00,J3,427,373,800
2018-08-26T21:30:00+09:00,J4,412,452,864
2018-08-26T21:30:00+09:00,J5,224,211,435
2018-08-26T21:45:00+09:00,J1,521,593,1114
2018-08-26T21:45:00+09:00,J2,272,334,606
2018-08-26T21:45:00+09:00,J3,437,399,836
2018-08-26T21:45:00+09:00,J4,474,449,923
2018-08-26T21:45:00+09:00,J5,242,182,424
2018-08-26T22:00:00+09:00,J1,497,520,1017
2018-08-26T22:00:00+09:00,J2,277,355,632
2018-08-26T22:00:00+09:00,J3,411,408,819
2018-08-26T22:00:00+09:00,J4,576,566,1142
2018-08-26T22:00:00+09:00,J5,212,174,386
2018-08-26T22:15:00+09:00,J1,436,534,970
2018-08-26T22:15:00+09:00,J2,310,393,703
2018-08-26T22:15:00+09:00,J3,442,398,840
2018-08-26T22:15:00+09:00,J4,542,585,1127
2018-08-26T22:15:00+09:00,J5,224,190,414
2018-08-26T22:30:00+09:00,J1,551,520,1071
2018-08-26T22:30:00+09:00,J2,295,327,622
2018-08-26T22:30:00+09:00,J3,483,330,813
2018-08-26T22:30:00+09:00,J4,635,617,1252
2018-08-26T22:30:00+09:00,J5,142,108,250
2018-08-26T22:45:00+09:00,J1,501,460,961
2018-08-26T22:45:00+09:00,J2,333,322,655
2018-08-26T22:45:00+09:00,J3,453,350,803
2018-08-26T22:45:00+09:00,J4,640,648,1288
2018-08-26T22:45:00+09:00,J5,170,109,279
2018-08-26T23:00:00+09:00,J1,455,495,950
2018-08-26T23:00:00+09:00,J2,304,304,608
2018-08-26T23:00:00+09:00,J3,413,378,791
2018-08-26T23:00:00+09:00,J4,721,612,1333
2018-08-26T23:00:00+09:00,J5,132,146,278
2018-08-26T23:15:00+09:00,J1,401,432,833
2018-08-26T23:15:00+09:00,J2,314,323,637
2018-08-26T23:15:00+09:00,J3,413,391,804
2018-08-26T23:15:00+09:00,J4,623,645,1268
2018-08-26T23:15:00+09:00,J5,162,134,296
2018-08-26T23:30:00+09:00,J1,444,423,867
2018-08-26T23:30:00+09:00,J2,322,310,632
2018-08-26T23:30:00+09:00,J3,450,350,800
2018-08-26T23:30:00+09:00,J4,609,618,1227
2018-08-26T23:30:00+09:00,J5,168,131,299
2018-08-26T23:45:00+09:00,J1,356,390,746
2018-08-26T23:45:00+09:00,J2,294,254,548
2018-08-26T23:45:00+09:00,J3,446,340,786
2018-08-26T23:45:00+09:00,J4,587,577,1164
2018-08-26T23:45:00+09:00,J5,168,133,301
2018-08-27T00:00:00+09:00,J1,438,401,839
2018-08-27T00:00:00+09:00,J2,257,231,488
2018-08-27T00:00:00+09:00,J3,408,316,724
2018-08-27T00:00:00+09:00,J4,563,548,1111
2018-08-27T00:00:00+09:00,J5,191,162,353
2018-08-27T00:15:00+09:00,J1,222,239,461
2018-08-27T00:15:00+09:00,J2,225,156,381
2018-08-27T00:15:00+09:00,J3,354,234,588
2018-08-27T00:15:00+09:00,J4,504,588,1092
2018-08-27T00:15:00+09:00,J5,136,114,250
2018-08-27T00:30:00+09:00,J1,185,174,359
2018-08-27T00:30:00+09:00,J2,210,237,447
2018-08-27T00:30:00+09:00,J3,290,271,561
2018-08-27T00:30:00+09:00,J4,592,658,1250
2018-08-27T00:30:00+09:00,J5,125,104,229
2018-08-27T00:45:00+09:00,J1,234,194,428
2018-08-27T00:45:00+09:00,J2,207,202,409
2018-08-27T00:45:00+09:00,J3,252,225,477
2018-08-27T00:45:00+09:00,J4,421,385,806
2018-08-27T00:45:00+09:00,J5,91,80,171
2018-08-27T05:45:00+09:00,J1,439,448,887
2018-08-27T05:45:00+09:00,J2,222,226,448
2018-08-27T05:45:00+09:00,J3,337,332,669
2018-08-27T05:45:00+09:00,J4,323,286,609
2018-08-27T05:45:00+09:00,J5,289,347,636
2018-08-27T06:00:00+09:00,J1,611,589,1200
2018-08-27T06:00:00+09:00,J2,233,201,434
2018-08-27T06:00:00+09:00,J3,300,233,533
2018-08-27T06:00:00+09:00,J4,360,322,682
2018-08-27T06:00:00+09:00,J5,313,322,635
2018-08-27T06:15:00+09:00,J1,465,467,932
2018-08-27T06:15:00+09:00,J2,240,243,483
2018-08-27T06:15:00+09:00,J3,329,298,627
2018-08-27T06:15:00+09:00,J4,495,551,1046
2018-08-27T06:15:00+09:00,J5,242,196,438
2018-08-27T06:30:00+09:00,J1,548,518,1066
2018-08-27T06:30:00+09:00,J2,237,212,449
2018-08-27T06:30:00+09:00,J3,344,256,600
2018-08-27T06:30:00+09:00,J4,576,673,1249
2018-08-27T06:30:00+09:00,J5,285,190,475
2018-08-27T06:45:00+09:00,J1,492,467,959
2018-08-27T06:45:00+09:00,J2,323,229,552
2018-08-27T06:45:00+09:00,J3,392,340,732
2018-08-27T06:45:00+09:00,J4,623,708,1331
2018-08-27T06:45:00+09:00,J5,238,191,429
2018-08-27T07:00:00+09:00,J1,514,517,1031
2018-08-27T07:00:00+09:00,J2,325,260,585
2018-08-27T07:00:00+09:00,J3,396,313,709
2018-08-27T07:00:00+09:00,J4,549,593,1142
2018-08-27T07:00:00+09:00,J5,211,192,403
2018-08-27T07:15:00+09:00,J1,573,475,1048
2018-08-27T07:15:00+09:00,J2,371,245,616
2018-08-27T07:15:00+09:00,J3,448,397,845
2018-08-27T07:15:00+09:00,J4,640,741,1381
2018-08-27T07:15:00+09:00,J5,237,176,413
2018-08-27T07:30:00+09:00,J1,602,493,1095
2018-08-27T07:30:00+09:00,J2,387,285,672
2018-08-27T07:30:00+09:00,J3,611,615,1226
2018-08-27T07:30:00+09:00,J4,635,745,1380
2018-08-27T07:30:00+09:00,J5,239,188,427
2018-08-27T07:45:00+09:00,J1,837,767,1604
2018-08-27T07:45:00+09:00,J2,509,432,941
2018-08-27T07:45:00+09:00,J3,634,656,1290
2018-08-27T07:45:00+09:00,J4,629,856,1485
2018-08-27T07:45:00+09:00,J5,230,255,485
2018-08-27T08:00:00+09:00,J1,1020,849,1869
2018-08-27T08:00:00+09:00,J2,568,442,1010
2018-08-27T08:00:00+09:00,J3,702,720,1422
2018-08-27T08:00:00+09:00,J4,663,934,1597
2018-08-27T08:00:00+09:00,J5,316,318,634
2018-08-27T08:15:00+09:00,J1,1130,721,1851
2018-08-27T08:15:00+09:00,J2,758,445,1203
2018-08-27T08:15:00+09:00,J3,619,815,1434
2018-08-27T08:15:00+09:00,J4,603,942,1545
2018-08-27T08:15:00+09:00,J5,323,369,692
2018-08-27T08:30:00+09:00,J1,1158,724,1882
2018-08-27T08:30:00+09:00,J2,879,498,1377
2018-08-27T08:30:00+09:00,J3,642,921,1563
2018-08-27T08:30:00+09:00,J4,609,1053,1662
2018-08-27T08:30:00+09:00,J5,422,396,818
2018-08-27T08:45:00+09:00,J1,857,725,1582
2018-08-27T08:45:00+09:00,J2,589,496,1085
2018-08-27T08:45:00+09:00,J3,552,713,1265
2018-08-27T08:45:00+09:00,J4,706,977,1683
2018-08-27T08:45:00+09:00,J5,280,344,624
2018-08-27T09:00:00+09:00,J1,790,694,1484
2018-08-27T09:00:00+09:00,J2,496,473,969
2018-08-27T09:00:00+09:00,J3,561,607,1168
2018-08-27T09:00:00+09:00,J4,710,838,1548
2018-08-27T09:00:00+09:00,J5,265,293,558
2018-08-27T09:15:00+09:00,J1,666,574,1240
2018-08-27T09:15:00+09:00,J2,476,436,912
2018-08-27T09:15:00+09:00,J3,498,498,996
2018-08-27T09:15:00+09:00,J4,666,759,1425
2018-08-27T09:15:00+09:00,J5,239,293,532
2018-08-27T09:30:00+09:00,J1,623,489,1112
2018-08-27T09:30:00+09:00,J2,436,449,885
2018-08-27T09:30:00+09:00,J3,518,554,1072
2018-08-27T09:30:00+09:00,J4,605,716,1321
2018-08-27T09:30:00+09:00,J5,256,295,551
2018-08-27T09:45:00+09:00,J1,562,517,1079
2018-08-27T09:45:00+09:00,J2,377,361,738
2018-08-27T09:45:00+09:00,J3,543,520,1063
2018-08-27T09:45:00+09:00,J4,558,628,1186
2018-08-27T09:45:00+09:00,J5,238,260,498
2018-08-27T10:00:00+09:00,J1,573,533,1106
2018-08-27T10:00:00+09:00,J2,345,363,708
2018-08-27T10:00:00+09:00,J3,441,505,946
2018-08-27T10:00:00+09:00,J4,556,636,1192
2018-08-27T10:00:00+09:00,J5,207,260,467
2018-08-27T10:15:00+09:00,J1,594,539,1133
2018-08-27T10:15:00+09:00,J2,410,465,875
2018-08-27T10:15:00+09:00,J3,470,499,969
2018-08-27T10:15:00+09:00,J4,589,599,1188
2018-08-27T10:15:00+09:00,J5,229,243,472
2018-08-27T10:30:00+09:00,J1,634,629,1263
2018-08-27T10:30:00+09:00,J2,467,469,936
2018-08-27T10:30:00+09:00,J3,443,482,925
2018-08-27T10:30:00+09:00,J4,569,551,1120
2018-08-27T10:30:00+09:00,J5,222,285,507
2018-08-27T10:45:00+09:00,J1,686,699,1385
2018-08-27T10:45:00+09:00,J2,467,442,909
2018-08-27T10:45:00+09:00,J3,427,508,935
2018-08-27T10:45:00+09:00,J4,536,585,1121
2018-08-27T10:45:00+09:00,J5,219,277,496
2018-08-27T11:00:00+09:00,J1,643,654,1297
2018-08-27T11:00:00+09:00,J2,475,451,926
2018-08-27T11:00:00+09:00,J3,409,536,945
2018-08-27T11:00:00+09:00,J4,484,508,992
2018-08-27T11:00:00+09:00,J5,206,219,425
2018-08-27T11:15:00+09:00,J1,654,706,1360
2018-08-27T11:15:00+09:00,J2,445,465,910
2018-08-27T11:15:00+09:00,J3,436,525,961
2018-08-27T11:15:00+09:00,J4,468,463,931
2018-08-27T11:15:00+09:00,J5,173,252,425
2018-08-27T11:30:00+09:00,J1,671,762,1433
2018-08-27T11:30:00+09:00,J2,424,465,889
2018-08-27T11:30:00+09:00,J3,438,548,986
2018-08-27T11:30:00+09:00,J4,426,450,876
2018-08-27T11:30:00+09:00,J5,212,264,476
2018-08-27T11:45:00+09:00,J1,644,727,1371
2018-08-27T11:45:00+09:00,J2,422,374,796
2018-08-27T11:45:00+09:00,J3,450,516,966
2018-08-27T11:45:00+09:00,J4,423,406,829
2018-08-27T11:45:00+09:00,J5,211,242,453
2018-08-27T12:00:00+09:00,J1,621,643,1264
2018-08-27T12:00:00+09:00,J2,459,464,923
2018-08-27T12:00:00+09:00,J3,451,560,1011
2018-08-27T12:00:00+09:00,J4,437,390,827
2018-08-27T12:00:00+09:00,J5,222,318,540
2018-08-27T12:15:00+09:00,J1,718,711,1429
2018-08-27T12:15:00+09:00,J2,488,419,907
2018-08-27T12:15:00+09:00,J3,473,536,1009
2018-08-27T12:15:00+09:00,J4,453,489,942
2018-08-27T12:15:00+09:00,J5,229,319,548
2018-08-27T12:30:00+09:00,J1,638,668,1306
2018-08-27T12:30:00+09:00,J2,485,435,920
2018-08-27T12:30:00+09:00,J3,479,513,992
2018-08-27T12:30:00+09:00,J4,427,482,909
2018-08-27T12:30:00+09:00,J5,267,283,550
2018-08-27T12:45:00+09:00,J1,661,650,1311
2018-08-27T12:45:00+09:00,J2,473,369,842
2018-08-27T12:45:00+09:00,J3,491,512,1003
2018-08-27T12:45:00+09:00,J4,443,434,877
2018-08-27T12:45:00+09:00,J5,269,332,601
2018-08-27T13:00:00+09:00,J1,655,665,1320
2018-08-27T13:00:00+09:00,J2,420,436,856
2018-08-27T13:00:00+09:00,J3,498,480,978
2018-08-27T13:00:00+09:00,J4,472,401,873
2018-08-27T13:00:00+09:00,J5,217,325,542
2018-08-27T13:15:00+09:00,J1,628,641,1269
2018-08-27T13:15:00+09:00,J2,423,383,806
2018-08-27T13:15:00+09:00,J3,432,432,864
2018-08-27T13:15:00+09:00,J4,451,470,921
2018-08-27T13:15:00+09:00,J5,255,304,559
2018-08-27T13:30:00+09:00,J1,622,646,1268
2018-08-27T13:30:00+09:00,J2,389,356,745
2018-08-27T13:30:00+09:00,J3,449,479,928
2018-08-27T13:30:00+09:00,J4,465,418,883
2018-08-27T13:30:00+09:00,J5,268,307,575
2018-08-27T13:45:00+09:00,J1,645,686,1331
2018-08-27T13:45:00+09:00,J2,377,361,738
2018-08-27T13:45:00+09:00,J3,479,483,962
2018-08-27T13:45:00+09:00,J4,401,356,757
2018-08-27T13:45:00+09:00,J5,214,249,463
2018-08-27T14:00:00+09:00,J1,636,660,1296
2018-08-27T14:00:00+09:00,J2,388,370,758
2018-08-27T14:00:00+09:00,J3,503,512,1015
2018-08-27T14:00:00+09:00,J4,402,381,783
2018-08-27T14:00:00+09:00,J5,280,328,608
2018-08-27T14:15:00+09:00,J1,728,756,1484
2018-08-27T14:15:00+09:00,J2,393,421,814
2018-08-27T14:15:00+09:00,J3,406,471,877
2018-08-27T14:15:00+09:00,J4,479,449,928
2018-08-27T14:15:00+09:00,J5,263,367,630
2018-08-27T14:30:00+09:00,J1,714,716,1430
2018-08-27T14:30:00+09:00,J2,421,429,850
2018-08-27T14:30:00+09:00,J3,450,475,925
2018-08-27T14:30:00+09:00,J4,493,459,952
2018-08-27T14:30:00+09:00,J5,238,301,539
2018-08-27T14:45:00+09:00,J1,617,610,1227
2018-08-27T14:45:00+09:00,J2,411,428,839
2018-08-27T14:45:00+09:00,J3,407,479,886
2018-08-27T14:45:00+09:00,J4,490,428,918
2018-08-27T14:45:00+09:00,J5,233,312,545
2018-08-27T15:00:00+09:00,J1,651,731,1382
2018-08-27T15:00:00+09:00,J2,407,421,828
2018-08-27T15:00:00+09:00,J3,446,543,989
2018-08-27T15:00:00+09:00,J4,467,481,948
2018-08-27T15:00:00+09:00,J5,247,292,539
2018-08-27T15:15:00+09:00,J1,693,777,1470
2018-08-27T15:15:00+09:00,J2,308,374,682
2018-08-27T15:15:00+09:00,J3,453,507,960
2018-08-27T15:15:00+09:00,J4,472,436,908
2018-08-27T15:15:00+09:00,J5,258,314,572
2018-08-27T15:30:00+09:00,J1,724,846,1570
2018-08-27T15:30:00+09:00,J2,363,418,781
2018-08-27T15:30:00+09:00,J3,471,518,989
2018-08-27T15:30:00+09:00,J4,614,478,1092
2018-08-27T15:30:00+09:00,J5,257,300,557
2018-08-27T15:45:00+09:00,J1,746,791,1537
2018-08-27T15:45:00+09:00,J2,412,404,816
2018-08-27T15:45:00+09:00,J3,487,500,987
2018-08-27T15:45:00+09:00,J4,551,497,1048
2018-08-27T15:45:00+09:00,J5,246,327,573
2018-08-27T16:00:00+09:00,J1,691,745,1436
2018-08-27T16:00:00+09:00,J2,446,434,880
2018-08-27T16:00:00+09:00,J3,465,523,988
2018-08-27T16:00:00+09:00,J4,543,514,1057
2018-08-27T16:00:00+09:00,J5,218,286,504
2018-08-27T16:15:00+09:00,J1,667,685,1352
2018-08-27T16:15:00+09:00,J2,494,425,919
2018-08-27T16:15:00+09:00,J3,440,508,948
2018-08-27T16:15:00+09:00,J4,566,492,1058
2018-08-27T16:15:00+09:00,J5,246,325,571
2018-08-27T16:30:00+09:00,J1,648,694,1342
2018-08-27T16:30:00+09:00,J2,447,423,870
2018-08-27T16:30:00+09:00,J3,474,514,988
2018-08-27T16:30:00+09:00,J4,531,496,1027
2018-08-27T16:30:00+09:00,J5,243,283,526
2018-08-27T16:45:00+09:00,J1,691,792,1483
2018-08-27T16:45:00+09:00,J2,439,421,860
2018-08-27T16:45:00+09:00,J3,462,493,955
2018-08-27T16:45:00+09:00,J4,512,388,900
2018-08-27T16:45:00+09:00,J5,257,337,594
2018-08-27T17:00:00+09:00,J1,690,793,1483
2018-08-27T17:00:00+09:00,J2,465,507,972
2018-08-27T17:00:00+09:00,J3,515,548,1063
2018-08-27T17:00:00+09:00,J4,589,502,1091
2018-08-27T17:00:00+09:00,J5,290,386,676
2018-08-27T17:15:00+09:00,J1,711,914,1625
2018-08-27T17:15:00+09:00,J2,573,493,1066
2018-08-27T17:15:00+09:00,J3,513,496,1009
2018-08-27T17:15:00+09:00,J4,692,529,1221
2018-08-27T17:15:00+09:00,J5,293,395,688
2018-08-27T17:30:00+09:00,J1,740,931,1671
2018-08-27T17:30:00+09:00,J2,559,583,1142
2018-08-27T17:30:00+09:00,J3,545,608,1153
2018-08-27T17:30:00+09:00,J4,736,556,1292
2018-08-27T17:30:00+09:00,J5,274,430,704
2018-08-27T17:45:00+09:00,J1,828,997,1825
2018-08-27T17:45:00+09:00,J2,559,570,1129
2018-08-27T17:45:00+09:00,J3,618,609,1227
2018-08-27T17:45:00+09:00,J4,680,492,1172
2018-08-27T17:45:00+09:00,J5,288,401,689
2018-08-27T18:00:00+09:00,J1,731,985,1716
2018-08-27T18:00:00+09:00,J2,528,526,1054
2018-08-27T18:00:00+09:00,J3,670,540,1210
2018-08-27T18:00:00+09:00,J4,729,449,1178
2018-08-27T18:00:00+09:00,J5,330,408,738
2018-08-27T18:15:00+09:00,J1,831,976,1807
2018-08-27T18:15:00+09:00,J2,547,542,1089
2018-08-27T18:15:00+09:00,J3,642,613,1255
2018-08-27T18:15:00+09:00,J4,668,463,1131
2018-08-27T18:15:00+09:00,J5,302,465,767
2018-08-27T18:30:00+09:00,J1,716,792,1508
2018-08-27T18:30:00+09:00,J2,489,507,996
2018-08-27T18:30:00+09:00,J3,564,519,1083
2018-08-27T18:30:00+09:00,J4,585,397,982
2018-08-27T18:30:00+09:00,J5,299,365,664
2018-08-27T18:45:00+09:00,J1,602,804,1406
2018-08-27T18:45:00+09:00,J2,566,495,1061
2018-08-27T18:45:00+09:00,J3,479,445,924
2018-08-27T18:45:00+09:00,J4,510,428,938
2018-08-27T18:45:00+09:00,J5,263,297,560
2018-08-27T19:00:00+09:00,J1,612,754,1366
2018-08-27T19:00:00+09:00,J2,472,473,945
2018-08-27T19:00:00+09:00,J3,457,402,859
2018-08-27T19:00:00+09:00,J4,485,445,930
2018-08-27T19:00:00+09:00,J5,258,269,527
2018-08-27T19:15:00+09:00,J1,647,792,1439
2018-08-27T19:15:00+09:00,J2,470,441,911
2018-08-27T19:15:00+09:00,J3,429,424,853
2018-08-27T19:15:00+09:00,J4,580,423,1003
2018-08-27T19:15:00+09:00,J5,274,351,625
2018-08-27T19:30:00+09:00,J1,619,731,1350
2018-08-27T19:30:00+09:00,J2,489,503,992
2018-08-27T19:30:00+09:00,J3,397,434,831
2018-08-27T19:30:00+09:00,J4,571,410,981
2018-08-27T19:30:00+09:00,J5,297,331,628
2018-08-27T19:45:00+09:00,J1,597,696,1293
2018-08-27T19:45:00+09:00,J2,391,374,765
2018-08-27T19:45:00+09:00,J3,360,430,790
2018-08-27T19:45:00+09:00,J4,548,486,1034
2018-08-27T19:45:00+09:00,J5,229,255,484
2018-08-27T20:00:00+09:00,J1,621,708,1329
2018-08-27T20:00:00+09:00,J2,407,443,850
2018-08-27T20:00:00+09:00,J3,394,408,802
2018-08-27T20:00:00+09:00,J4,610,513,1123
2018-08-27T20:00:00+09:00,J5,211,219,430
2018-08-27T20:15:00+09:00,J1,588,663,1251
2018-08-27T20:15:00+09:00,J2,422,435,857
2018-08-27T20:15:00+09:00,J3,398,392,790
2018-08-27T20:15:00+09:00,J4,636,557,1193
2018-08-27T20:15:00+09:00,J5,226,265,491
2018-08-27T20:30:00+09:00,J1,575,615,1190
2018-08-27T20:30:00+09:00,J2,393,407,800
2018-08-27T20:30:00+09:00,J3,358,398,756
2018-08-27T20:30:00+09:00,J4,555,498,1053
2018-08-27T20:30:00+09:00,J5,246,258,504
2018-08-27T20:45:00+09:00,J1,601,650,1251
2018-08-27T20:45:00+09:00,J2,324,343,667
2018-08-27T20:45:00+09:00,J3,303,328,631
2018-08-27T20:45:00+09:00,J4,691,582,1273
2018-08-27T20:45:00+09:00,J5,217,213,430
2018-08-27T21:00:00+09:00,J1,546,617,1163
2018-08-27T21:00:00+09:00,J2,363,338,701
2018-08-27T21:00:00+09:00,J3,424,407,831
2018-08-27T21:00:00+09:00,J4,633,619,1252
2018-08-27T21:00:00+09:00,J5,230,191,421
2018-08-27T21:15:00+09:00,J1,519,598,1117
2018-08-27T21:15:00+09:00,J2,419,372,791
2018-08-27T21:15:00+09:00,J3,501,396,897
2018-08-27T21:15:00+09:00,J4,695,577,1272
2018-08-27T21:15:00+09:00,J5,209,177,386
2018-08-27T21:30:00+09:00,J1,582,575,1157
2018-08-27T21:30:00+09:00,J2,349,353,702
2018-08-27T21:30:00+09:00,J3,532,374,906
2018-08-27T21:30:00+09:00,J4,635,554,1189
2018-08-27T21:30:00+09:00,J5,213,204,417
2018-08-27T21:45:00+09:00,J1,521,535,1056
2018-08-27T21:45:00+09:00,J2,318,318,636
2018-08-27T21:45:00+09:00,J3,504,387,891
2018-08-27T21:45:00+09:00,J4,596,562,1158
2018-08-27T21:45:00+09:00,J5,190,184,374
2018-08-27T22:00:00+09:00,J1,481,488,969
2018-08-27T22:00:00+09:00,J2,364,292,656
2018-08-27T22:00:00+09:00,J3,405,325,730
2018-08-27T22:00:00+09:00,J4,640,578,1218
2018-08-27T22:00:00+09:00,J5,179,168,347
2018-08-27T22:15:00+09:00,J1,464,569,1033
2018-08-27T22:15:00+09:00,J2,301,304,605
2018-08-27T22:15:00+09:00,J3,428,359,787
2018-08-27T22:15:00+09:00,J4,716,625,1341
2018-08-27T22:15:00+09:00,J5,186,157,343
2018-08-27T22:30:00+09:00,J1,436,550,986
2018-08-27T22:30:00+09:00,J2,307,321,628
2018-08-27T22:30:00+09:00,J3,513,376,889
2018-08-27T22:30:00+09:00,J4,675,633,1308
2018-08-27T22:30:00+09:00,J5,158,122,280
2018-08-27T22:45:00+09:00,J1,450,468,918
2018-08-27T22:45:00+09:00,J2,333,311,644
2018-08-27T22:45:00+09:00,J3,507,407,914
2018-08-27T22:45:00+09:00,J4,661,638,1299
2018-08-27T22:45:00+09:00,J5,161,156,317
2018-08-27T23:00:00+09:00,J1,394,442,836
2018-08-27T23:00:00+09:00,J2,259,255,514
2018-08-27T23:00:00+09:00,J3,448,365,813
2018-08-27T23:00:00+09:00,J4,671,687,1358
2018-08-27T23:00:00+09:00,J5,126,168,294
2018-08-27T23:15:00+09:00,J1,304,377,681
2018-08-27T23:15:00+09:00,J2,277,289,566
2018-08-27T23:15:00+09:00,J3,464,400,864
2018-08-27T23:15:00+09:00,J4,632,638,1270
2018-08-27T23:15:00+09:00,J5,153,158,311
2018-08-27T23:30:00+09:00,J1,325,358,683
2018-08-27T23:30:00+09:00,J2,256,277,533
2018-08-27T23:30:00+09:00,J3,412,386,798
2018-08-27T23:30:00+09:00,J4,534,545,1079
2018-08-27T23:30:00+09:00,J5,147,122,269
2018-08-27T23:45:00+09:00,J1,334,341,675
2018-08-27T23:45:00+09:00,J2,262,274,536
2018-08-27T23:45:00+09:00,J3,446,377,823
2018-08-27T23:45:00+09:00,J4,669,631,1300
2018-08-27T23:45:00+09:00,J5,144,136,280
2018-08-28T00:00:00+09:00,J1,273,279,552
2018-08-28T00:00:00+09:00,J2,221,188,409
2018-08-28T00:00:00+09:00,J3,399,314,713
2018-08-28T00:00:00+09:00,J4,628,621,1249
2018-08-28T00:00:00+09:00,J5,182,144,326
2018-08-28T00:15:00+09:00,J1,160,231,391
2018-08-28T00:15:00+09:00,J2,213,184,397
2018-08-28T00:15:00+09:00,J3,283,247,530
2018-08-28T00:15:00+09:00,J4,523,477,1000
2018-08-28T00:15:00+09:00,J5,127,117,244
2018-08-28T00:30:00+09:00,J1,173,204,377
2018-08-28T00:30:00+09:00,J2,221,206,427
2018-08-28T00:30:00+09:00,J3,264,228,492
2018-08-28T00:30:00+09:00,J4,582,698,1280
2018-08-28T00:30:00+09:00,J5,71,56,127
2018-08-28T00:45:00+09:00,J1,177,167,344
2018-08-28T00:45:00+09:00,J2,223,188,411
2018-08-28T00:45:00+09:00,J3,225,219,444
2018-08-28T00:45:00+09:00,J4,532,568,1100
2018-08-28T00:45:00+09:00,J5,75,48,123
2018-08-28T05:45:00+09:00,J1,231,213,444
2018-08-28T05:45:00+09:00,J2,202,224,426
2018-08-28T05:45:00+09:00,J3,299,292,591
2018-08-28T05:45:00+09:00,J4,526,455,981
2018-08-28T05:45:00+09:00,J5,198,207,405
2018-08-28T06:00:00+09:00,J1,266,265,531
2018-08-28T06:00:00+09:00,J2,212,218,430
2018-08-28T06:00:00+09:00,J3,349,283,632
2018-08-28T06:00:00+09:00,J4,658,676,1334
2018-08-28T06:00:00+09:00,J5,110,66,176
2018-08-28T06:15:00+09:00,J1,309,303,612
2018-08-28T06:15:00+09:00,J2,213,253,466
2018-08-28T06:15:00+09:00,J3,379,292,671
2018-08-28T06:15:00+09:00,J4,541,595,1136
2018-08-28T06:15:00+09:00,J5,181,140,321
2018-08-28T06:30:00+09:00,J1,325,335,660
2018-08-28T06:30:00+09:00,J2,218,189,407
2018-08-28T06:30:00+09:00,J3,323,274,597
2018-08-28T06:30:00+09:00,J4,535,532,1067
2018-08-28T06:30:00+09:00,J5,159,100,259
2018-08-28T06:45:00+09:00,J1,380,309,689
2018-08-28T06:45:00+09:00,J2,282,242,524
2018-08-28T06:45:00+09:00,J3,438,361,799
2018-08-28T06:45:00+09:00,J4,578,606,1184
2018-08-28T06:45:00+09:00,J5,194,145,339
2018-08-28T07:00:00+09:00,J1,357,305,662
2018-08-28T07:00:00+09:00,J2,286,227,513
2018-08-28T07:00:00+09:00,J3,438,371,809
2018-08-28T07:00:00+09:00,J4,530,604,1134
2018-08-28T07:00:00+09:00,J5,186,126,312
2018-08-28T07:15:00+09:00,J1,450,332,782
2018-08-28T07:15:00+09:00,J2,359,222,581
2018-08-28T07:15:00+09:00,J3,557,413,970
2018-08-28T07:15:00+09:00,J4,575,668,1243
2018-08-28T07:15:00+09:00,J5,192,154,346
2018-08-28T07:30:00+09:00,J1,531,391,922
2018-08-28T07:30:00+09:00,J2,399,319,718
2018-08-28T07:30:00+09:00,J3,630,650,1280
2018-08-28T07:30:00+09:00,J4,662,754,1416
2018-08-28T07:30:00+09:00,J5,223,224,447
2018-08-28T07:45:00+09:00,J1,665,465,1130
2018-08-28T07:45:00+09:00,J2,488,385,873
2018-08-28T07:45:00+09:00,J3,563,600,1163
2018-08-28T07:45:00+09:00,J4,549,710,1259
2018-08-28T07:45:00+09:00,J5,282,304,586
2018-08-28T08:00:00+09:00,J1,834,567,1401
2018-08-28T08:00:00+09:00,J2,617,454,1071
2018-08-28T08:00:00+09:00,J3,686,693,1379
2018-08-28T08:00:00+09:00,J4,442,772,1214
2018-08-28T08:00:00+09:00,J5,299,359,658
2018-08-28T08:15:00+09:00,J1,958,538,1496
2018-08-28T08:15:00+09:00,J2,744,419,1163
2018-08-28T08:15:00+09:00,J3,544,812,1356
2018-08-28T08:15:00+09:00,J4,518,916,1434
2018-08-28T08:15:00+09:00,J5,387,448,835
2018-08-28T08:30:00+09:00,J1,1068,542,1610
2018-08-28T08:30:00+09:00,J2,728,368,1096
2018-08-28T08:30:00+09:00,J3,523,882,1405
2018-08-28T08:30:00+09:00,J4,551,1085,1636
2018-08-28T08:30:00+09:00,J5,420,471,891
2018-08-28T08:45:00+09:00,J1,775,439,1214
2018-08-28T08:45:00+09:00,J2,557,288,845
2018-08-28T08:45:00+09:00,J3,413,673,1086
2018-08-28T08:45:00+09:00,J4,596,878,1474
2018-08-28T08:45:00+09:00,J5,387,402,789
2018-08-28T09:00:00+09:00,J1,601,409,1010
2018-08-28T09:00:00+09:00,J2,495,348,843
2018-08-28T09:00:00+09:00,J3,431,467,898
2018-08-28T09:00:00+09:00,J4,492,632,1124
2018-08-28T09:00:00+09:00,J5,300,349,649
2018-08-28T09:15:00+09:00,J1,603,467,1070
2018-08-28T09:15:00+09:00,J2,514,347,861
2018-08-28T09:15:00+09:00,J3,327,413,740
2018-08-28T09:15:00+09:00,J4,408,550,958
2018-08-28T09:15:00+09:00,J5,304,353,657
2018-08-28T09:30:00+09:00,J1,580,508,1088
2018-08-28T09:30:00+09:00,J2,451,326,777
2018-08-28T09:30:00+09:00,J3,344,375,719
2018-08-28T09:30:00+09:00,J4,430,504,934
2018-08-28T09:30:00+09:00,J5,262,337,599
2018-08-28T09:45:00+09:00,J1,491,402,893
2018-08-28T09:45:00+09:00,J2,476,367,843
2018-08-28T09:45:00+09:00,J3,287,366,653
2018-08-28T09:45:00+09:00,J4,380,434,814
2018-08-28T09:45:00+09:00,J5,261,322,583
2018-08-28T10:00:00+09:00,J1,471,443,914
2018-08-28T10:00:00+09:00,J2,473,404,877
2018-08-28T10:00:00+09:00,J3,286,330,616
2018-08-28T10:00:00+09:00,J4,300,342,642
2018-08-28T10:00:00+09:00,J5,299,334,633
2018-08-28T10:15:00+09:00,J1,504,432,936
2018-08-28T10:15:00+09:00,J2,477,398,875
2018-08-28T10:15:00+09:00,J3,292,346,638
2018-08-28T10:15:00+09:00,J4,509,545,1054
2018-08-28T10:15:00+09:00,J5,251,258,509
2018-08-28T10:30:00+09:00,J1,508,445,953
2018-08-28T10:30:00+09:00,J2,483,438,921
2018-08-28T10:30:00+09:00,J3,372,392,764
2018-08-28T10:30:00+09:00,J4,380,451,831
2018-08-28T10:30:00+09:00,J5,283,272,555
2018-08-28T10:45:00+09:00,J1,502,428,930
2018-08-28T10:45:00+09:00,J2,509,385,894
2018-08-28T10:45:00+09:00,J3,313,371,684
2018-08-28T10:45:00+09:00,J4,295,321,616
2018-08-28T10:45:00+09:00,J5,245,275,520
2018-08-28T11:00:00+09:00,J1,471,405,876
2018-08-28T11:00:00+09:00,J2,477,408,885
2018-08-28T11:00:00+09:00,J3,304,378,682
2018-08-28T11:00:00+09:00,J4,344,357,701
2018-08-28T11:00:00+09:00,J5,214,277,491
2018-08-28T11:15:00+09:00,J1,550,520,1070
2018-08-28T11:15:00+09:00,J2,497,442,939
2018-08-28T11:15:00+09:00,J3,339,399,738
2018-08-28T11:15:00+09:00,J4,381,408,789
2018-08-28T11:15:00+09:00,J5,225,258,483
2018-08-28T11:30:00+09:00,J1,581,514,1095
2018-08-28T11:30:00+09:00,J2,458,369,827
2018-08-28T11:30:00+09:00,J3,336,425,761
2018-08-28T11:30:00+09:00,J4,374,428,802
2018-08-28T11:30:00+09:00,J5,250,287,537
2018-08-28T11:45:00+09:00,J1,539,600,1139
2018-08-28T11:45:00+09:00,J2,438,410,848
2018-08-28T11:45:00+09:00,J3,348,368,716
2018-08-28T11:45:00+09:00,J4,432,421,853
2018-08-28T11:45:00+09:00,J5,226,287,513
2018-08-28T12:00:00+09:00,J1,557,620,1177
2018-08-28T12:00:00+09:00,J2,407,407,814
2018-08-28T12:00:00+09:00,J3,334,365,699
2018-08-28T12:00:00+09:00,J4,485,389,874
2018-08-28T12:00:00+09:00,J5,267,310,577
2018-08-28T12:15:00+09:00,J1,580,622,1202
2018-08-28T12:15:00+09:00,J2,363,344,707
2018-08-28T12:15:00+09:00,J3,388,384,772
2018-08-28T12:15:00+09:00,J4,528,439,967
2018-08-28T12:15:00+09:00,J5,226,304,530
2018-08-28T12:30:00+09:00,J1,598,634,1232
2018-08-28T12:30:00+09:00,J2,428,371,799
2018-08-28T12:30:00+09:00,J3,413,419,832
2018-08-28T12:30:00+09:00,J4,566,556,1122
2018-08-28T12:30:00+09:00,J5,243,318,561
2018-08-28T12:45:00+09:00,J1,580,600,1180
2018-08-28T12:45:00+09:00,J2,379,420,799
2018-08-28T12:45:00+09:00,J3,392,474,866
2018-08-28T12:45:00+09:00,J4,519,501,1020
2018-08-28T12:45:00+09:00,J5,283,340,623
2018-08-28T13:00:00+09:00,J1,512,626,1138
2018-08-28T13:00:00+09:00,J2,383,419,802
2018-08-28T13:00:00+09:00,J3,368,413,781
2018-08-28T13:00:00+09:00,J4,509,432,941
2018-08-28T13:00:00+09:00,J5,269,305,574
2018-08-28T13:15:00+09:00,J1,567,627,1194
2018-08-28T13:15:00+09:00,J2,404,416,820
2018-08-28T13:15:00+09:00,J3,379,410,789
2018-08-28T13:15:00+09:00,J4,596,523,1119
2018-08-28T13:15:00+09:00,J5,265,283,548
2018-08-28T13:30:00+09:00,J1,530,591,1121
2018-08-28T13:30:00+09:00,J2,353,367,720
2018-08-28T13:30:00+09:00,J3,358,391,749
2018-08-28T13:30:00+09:00,J4,582,492,1074
2018-08-28T13:30:00+09:00,J5,259,333,592
2018-08-28T13:45:00+09:00,J1,582,615,1197
2018-08-28T13:45:00+09:00,J2,364,359,723
2018-08-28T13:45:00+09:00,J3,364,396,760
2018-08-28T13:45:00+09:00,J4,529,533,1062
2018-08-28T13:45:00+09:00,J5,272,352,624
2018-08-28T14:00:00+09:00,J1,570,664,1234
2018-08-28T14:00:00+09:00,J2,360,355,715
2018-08-28T14:00:00+09:00,J3,334,402,736
2018-08-28T14:00:00+09:00,J4,543,512,1055
2018-08-28T14:00:00+09:00,J5,276,352,628
2018-08-28T14:15:00+09:00,J1,494,654,1148
2018-08-28T14:15:00+09:00,J2,330,395,725
2018-08-28T14:15:00+09:00,J3,391,411,802
2018-08-28T14:15:00+09:00,J4,646,591,1237
2018-08-28T14:15:00+09:00,J5,254,313,567
2018-08-28T14:30:00+09:00,J1,543,629,1172
2018-08-28T14:30:00+09:00,J2,375,351,726
2018-08-28T14:30:00+09:00,J3,333,411,744
2018-08-28T14:30:00+09:00,J4,551,519,1070
2018-08-28T14:30:00+09:00,J5,281,360,641
2018-08-28T14:45:00+09:00,J1,533,693,1226
2018-08-28T14:45:00+09:00,J2,379,353,732
2018-08-28T14:45:00+09:00,J3,369,406,775
2018-08-28T14:45:00+09:00,J4,524,494,1018
2018-08-28T14:45:00+09:00,J5,266,292,558
2018-08-28T15:00:00+09:00,J1,525,645,1170
2018-08-28T15:00:00+09:00,J2,358,400,758
2018-08-28T15:00:00+09:00,J3,391,394,785
2018-08-28T15:00:00+09:00,J4,491,526,1017
2018-08-28T15:00:00+09:00,J5,293,314,607
2018-08-28T15:15:00+09:00,J1,536,663,1199
2018-08-28T15:15:00+09:00,J2,387,404,791
2018-08-28T15:15:00+09:00,J3,416,432,848
2018-08-28T15:15:00+09:00,J4,587,539,1126
2018-08-28T15:15:00+09:00,J5,254,352,606
2018-08-28T15:30:00+09:00,J1,553,647,1200
2018-08-28T15:30:00+09:00,J2,392,404,796
2018-08-28T15:30:00+09:00,J3,372,439,811
2018-08-28T15:30:00+09:00,J4,508,513,1021
2018-08-28T15:30:00+09:00,J5,261,287,548
2018-08-28T15:45:00+09:00,J1,543,697,1240
2018-08-28T15:45:00+09:00,J2,351,448,799
2018-08-28T15:45:00+09:00,J3,353,458,811
2018-08-28T15:45:00+09:00,J4,550,510,1060
2018-08-28T15:45:00+09:00,J5,223,324,547
2018-08-28T16:00:00+09:00,J1,545,679,1224
2018-08-28T16:00:00+09:00,J2,395,424,819
2018-08-28T16:00:00+09:00,J3,448,459,907
2018-08-28T16:00:00+09:00,J4,580,529,1109
2018-08-28T16:00:00+09:00,J5,261,300,561
2018-08-28T16:15:00+09:00,J1,591,692,1283
2018-08-28T16:15:00+09:00,J2,431,417,848
2018-08-28T16:15:00+09:00,J3,413,462,875
2018-08-28T16:15:00+09:00,J4,643,622,1265
2018-08-28T16:15:00+09:00,J5,247,310,557
2018-08-28T16:30:00+09:00,J1,596,717,1313
2018-08-28T16:30:00+09:00,J2,406,426,832
2018-08-28T16:30:00+09:00,J3,389,470,859
2018-08-28T16:30:00+09:00,J4,631,602,1233
2018-08-28T16:30:00+09:00,J5,262,318,580
2018-08-28T16:45:00+09:00,J1,560,732,1292
2018-08-28T16:45:00+09:00,J2,501,445,946
2018-08-28T16:45:00+09:00,J3,456,472,928
2018-08-28T16:45:00+09:00,J4,569,512,1081
2018-08-28T16:45:00+09:00,J5,227,297,524
2018-08-28T17:00:00+09:00,J1,641,791,1432
2018-08-28T17:00:00+09:00,J2,550,506,1056
2018-08-28T17:00:00+09:00,J3,456,424,880
2018-08-28T17:00:00+09:00,J4,650,605,1255
2018-08-28T17:00:00+09:00,J5,257,350,607
2018-08-28T17:15:00+09:00,J1,663,957,1620
2018-08-28T17:15:00+09:00,J2,531,542,1073
2018-08-28T17:15:00+09:00,J3,455,527,982
2018-08-28T17:15:00+09:00,J4,828,759,1587
2018-08-28T17:15:00+09:00,J5,267,396,663
2018-08-28T17:30:00+09:00,J1,682,940,1622
2018-08-28T17:30:00+09:00,J2,498,559,1057
2018-08-28T17:30:00+09:00,J3,491,613,1104
2018-08-28T17:30:00+09:00,J4,906,793,1699
2018-08-28T17:30:00+09:00,J5,279,362,641
2018-08-28T17:45:00+09:00,J1,665,909,1574
2018-08-28T17:45:00+09:00,J2,471,511,982
2018-08-28T17:45:00+09:00,J3,599,536,1135
2018-08-28T17:45:00+09:00,J4,937,738,1675
2018-08-28T17:45:00+09:00,J5,308,402,710
2018-08-28T18:00:00+09:00,J1,692,991,1683
2018-08-28T18:00:00+09:00,J2,507,536,1043
2018-08-28T18:00:00+09:00,J3,602,515,1117
2018-08-28T18:00:00+09:00,J4,867,655,1522
2018-08-28T18:00:00+09:00,J5,293,409,702
2018-08-28T18:15:00+09:00,J1,676,967,1643
2018-08-28T18:15:00+09:00,J2,534,558,1092
2018-08-28T18:15:00+09:00,J3,619,563,1182
2018-08-28T18:15:00+09:00,J4,869,648,1517
2018-08-28T18:15:00+09:00,J5,296,397,693
2018-08-28T18:30:00+09:00,J1,655,823,1478
2018-08-28T18:30:00+09:00,J2,454,471,925
2018-08-28T18:30:00+09:00,J3,494,465,959
2018-08-28T18:30:00+09:00,J4,763,558,1321
2018-08-28T18:30:00+09:00,J5,268,330,598
2018-08-28T18:45:00+09:00,J1,563,699,1262
2018-08-28T18:45:00+09:00,J2,387,428,815
2018-08-28T18:45:00+09:00,J3,409,366,775
2018-08-28T18:45:00+09:00,J4,631,429,1060
2018-08-28T18:45:00+09:00,J5,238,290,528
2018-08-28T19:00:00+09:00,J1,532,704,1236
2018-08-28T19:00:00+09:00,J2,498,509,1007
2018-08-28T19:00:00+09:00,J3,498,426,924
2018-08-28T19:00:00+09:00,J4,634,401,1035
2018-08-28T19:00:00+09:00,J5,266,347,613
2018-08-28T19:15:00+09:00,J1,501,672,1173
2018-08-28T19:15:00+09:00,J2,480,434,914
2018-08-28T19:15:00+09:00,J3,442,452,894
2018-08-28T19:15:00+09:00,J4,533,356,889
2018-08-28T19:15:00+09:00,J5,235,288,523
2018-08-28T19:30:00+09:00,J1,574,683,1257
2018-08-28T19:30:00+09:00,J2,468,408,876
2018-08-28T19:30:00+09:00,J3,511,447,958
2018-08-28T19:30:00+09:00,J4,455,390,845
2018-08-28T19:30:00+09:00,J5,215,248,463
2018-08-28T19:45:00+09:00,J1,487,586,1073
2018-08-28T19:45:00+09:00,J2,435,418,853
2018-08-28T19:45:00+09:00,J3,438,491,929
2018-08-28T19:45:00+09:00,J4,451,336,787
2018-08-28T19:45:00+09:00,J5,234,246,480
2018-08-28T20:00:00+09:00,J1,488,528,1016
2018-08-28T20:00:00+09:00,J2,395,396,791
2018-08-28T20:00:00+09:00,J3,517,486,1003
2018-08-28T20:00:00+09:00,J4,418,309,727
2018-08-28T20:00:00+09:00,J5,167,198,365
2018-08-28T20:15:00+09:00,J1,478,526,1004
2018-08-28T20:15:00+09:00,J2,380,430,810
2018-08-28T20:15:00+09:00,J3,555,479,1034
2018-08-28T20:15:00+09:00,J4,421,300,721
2018-08-28T20:15:00+09:00,J5,235,257,492
2018-08-28T20:30:00+09:00,J1,500,566,1066
2018-08-28T20:30:00+09:00,J2,438,430,868
2018-08-28T20:30:00+09:00,J3,437,485,922
2018-08-28T20:30:00+09:00,J4,459,385,844
2018-08-28T20:30:00+09:00,J5,274,279,553
2018-08-28T20:45:00+09:00,J1,485,489,974
2018-08-28T20:45:00+09:00,J2,355,360,715
2018-08-28T20:45:00+09:00,J3,420,439,859
2018-08-28T20:45:00+09:00,J4,432,364,796
2018-08-28T20:45:00+09:00,J5,228,206,434
2018-08-28T21:00:00+09:00,J1,464,500,964
2018-08-28T21:00:00+09:00,J2,340,371,711
2018-08-28T21:00:00+09:00,J3,530,493,1023
2018-08-28T21:00:00+09:00,J4,492,432,924
2018-08-28T21:00:00+09:00,J5,223,176,399
2018-08-28T21:15:00+09:00,J1,482,582,1064
2018-08-28T21:15:00+09:00,J2,346,334,680
2018-08-28T21:15:00+09:00,J3,551,406,957
2018-08-28T21:15:00+09:00,J4,494,466,960
2018-08-28T21:15:00+09:00,J5,237,168,405
2018-08-28T21:30:00+09:00,J1,482,516,998
2018-08-28T21:30:00+09:00,J2,342,304,646
2018-08-28T21:30:00+09:00,J3,517,401,918
2018-08-28T21:30:00+09:00,J4,668,508,1176
2018-08-28T21:30:00+09:00,J5,227,212,439
2018-08-28T21:45:00+09:00,J1,439,494,933
2018-08-28T21:45:00+09:00,J2,279,306,585
2018-08-28T21:45:00+09:00,J3,454,350,804
2018-08-28T21:45:00+09:00,J4,695,621,1316
2018-08-28T21:45:00+09:00,J5,207,174,381
2018-08-28T22:00:00+09:00,J1,381,463,844
2018-08-28T22:00:00+09:00,J2,324,281,605
2018-08-28T22:00:00+09:00,J3,469,411,880
2018-08-28T22:00:00+09:00,J4,665,647,1312
2018-08-28T22:00:00+09:00,J5,224,175,399
2018-08-28T22:15:00+09:00,J1,395,457,852
2018-08-28T22:15:00+09:00,J2,304,275,579
2018-08-28T22:15:00+09:00,J3,471,394,865
2018-08-28T22:15:00+09:00,J4,679,647,1326
2018-08-28T22:15:00+09:00,J5,200,155,355
2018-08-28T22:30:00+09:00,J1,434,438,872
2018-08-28T22:30:00+09:00,J2,302,304,606
2018-08-28T22:30:00+09:00,J3,457,411,868
2018-08-28T22:30:00+09:00,J4,710,694,1404
2018-08-28T22:30:00+09:00,J5,161,129,290
2018-08-28T22:45:00+09:00,J1,383,397,780
2018-08-28T22:45:00+09:00,J2,313,283,596
2018-08-28T22:45:00+09:00,J3,438,410,848
2018-08-28T22:45:00+09:00,J4,675,645,1320
2018-08-28T22:45:00+09:00,J5,175,115,290
2018-08-28T23:00:00+09:00,J1,350,393,743
2018-08-28T23:00:00+09:00,J2,282,278,560
2018-08-28T23:00:00+09:00,J3,496,382,878
2018-08-28T23:00:00+09:00,J4,632,633,1265
2018-08-28T23:00:00+09:00,J5,160,193,353
2018-08-28T23:15:00+09:00,J1,379,379,758
2018-08-28T23:15:00+09:00,J2,245,317,562
2018-08-28T23:15:00+09:00,J3,478,399,877
2018-08-28T23:15:00+09:00,J4,652,742,1394
2018-08-28T23:15:00+09:00,J5,153,142,295
2018-08-28T23:30:00+09:00,J1,373,407,780
2018-08-28T23:30:00+09:00,J2,291,298,589
2018-08-28T23:30:00+09:00,J3,423,360,783
2018-08-28T23:30:00+09:00,J4,579,617,1196
2018-08-28T23:30:00+09:00,J5,136,183,319
2018-08-28T23:45:00+09:00,J1,333,338,671
2018-08-28T23:45:00+09:00,J2,262,263,525
2018-08-28T23:45:00+09:00,J3,484,392,876
2018-08-28T23:45:00+09:00,J4,534,532,1066
2018-08-28T23:45:00+09:00,J5,122,157,279
2018-08-29T00:00:00+09:00,J1,275,303,578
2018-08-29T00:00:00+09:00,J2,230,189,419
2018-08-29T00:00:00+09:00,J3,410,301,711
2018-08-29T00:00:00+09:00,J4,633,653,1286
2018-08-29T00:00:00+09:00,J5,136,155,291
2018-08-29T00:15:00+09:00,J1,224,178,402
2018-08-29T00:15:00+09:00,J2,204,183,387
2018-08-29T00:15:00+09:00,J3,258,241,499
2018-08-29T00:15:00+09:00,J4,515,451,966
2018-08-29T00:15:00+09:00,J5,133,107,240
2018-08-29T00:30:00+09:00,J1,198,156,354
2018-08-29T00:30:00+09:00,J2,166,218,384
2018-08-29T00:30:00+09:00,J3,293,257,550
2018-08-29T00:30:00+09:00,J4,586,628,1214
2018-08-29T00:30:00+09:00,J5,259,223,482
2018-08-29T00:45:00+09:00,J1,194,153,347
2018-08-29T00:45:00+09:00,J2,188,202,390
2018-08-29T00:45:00+09:00,J3,309,256,565
2018-08-29T00:45:00+09:00,J4,584,627,1211
2018-08-29T00:45:00+09:00,J5,373,327,700
2018-08-29T05:45:00+09:00,J1,276,262,538
2018-08-29T05:45:00+09:00,J2,261,239,500
2018-08-29T05:45:00+09:00,J3,363,303,666
2018-08-29T05:45:00+09:00,J4,579,618,1197
2018-08-29T05:45:00+09:00,J5,208,217,425
2018-08-29T06:00:00+09:00,J1,274,257,531
2018-08-29T06:00:00+09:00,J2,246,201,447
2018-08-29T06:00:00+09:00,J3,275,194,469
2018-08-29T06:00:00+09:00,J4,683,688,1371
2018-08-29T06:00:00+09:00,J5,134,91,225
2018-08-29T06:15:00+09:00,J1,338,299,637
2018-08-29T06:15:00+09:00,J2,281,225,506
2018-08-29T06:15:00+09:00,J3,350,262,612
2018-08-29T06:15:00+09:00,J4,684,721,1405
2018-08-29T06:15:00+09:00,J5,175,125,300
2018-08-29T06:30:00+09:00,J1,350,320,670
2018-08-29T06:30:00+09:00,J2,264,234,498
2018-08-29T06:30:00+09:00,J3,363,320,683
2018-08-29T06:30:00+09:00,J4,636,679,1315
2018-08-29T06:30:00+09:00,J5,175,110,285
2018-08-29T06:45:00+09:00,J1,357,308,665
2018-08-29T06:45:00+09:00,J2,292,255,547
2018-08-29T06:45:00+09:00,J3,381,314,695
2018-08-29T06:45:00+09:00,J4,599,682,1281
2018-08-29T06:45:00+09:00,J5,166,132,298
2018-08-29T07:00:00+09:00,J1,361,295,656
2018-08-29T07:00:00+09:00,J2,267,276,543
2018-08-29T07:00:00+09:00,J3,504,397,901
2018-08-29T07:00:00+09:00,J4,731,775,1506
2018-08-29T07:00:00+09:00,J5,197,179,376
2018-08-29T07:15:00+09:00,J1,441,326,767
2018-08-29T07:15:00+09:00,J2,297,274,571
2018-08-29T07:15:00+09:00,J3,533,374,907
2018-08-29T07:15:00+09:00,J4,743,774,1517
2018-08-29T07:15:00+09:00,J5,269,172,441
2018-08-29T07:30:00+09:00,J1,528,380,908
2018-08-29T07:30:00+09:00,J2,372,281,653
2018-08-29T07:30:00+09:00,J3,685,626,1311
2018-08-29T07:30:00+09:00,J4,692,793,1485
2018-08-29T07:30:00+09:00,J5,236,207,443
2018-08-29T07:45:00+09:00,J1,687,485,1172
2018-08-29T07:45:00+09:00,J2,555,313,868
2018-08-29T07:45:00+09:00,J3,642,629,1271
2018-08-29T07:45:00+09:00,J4,773,969,1742
2018-08-29T07:45:00+09:00,J5,251,258,509
2018-08-29T08:00:00+09:00,J1,865,533,1398
2018-08-29T08:00:00+09:00,J2,639,431,1070
2018-08-29T08:00:00+09:00,J3,698,777,1475
2018-08-29T08:00:00+09:00,J4,713,1046,1759
2018-08-29T08:00:00+09:00,J5,298,314,612
2018-08-29T08:15:00+09:00,J1,1086,634,1720
2018-08-29T08:15:00+09:00,J2,735,495,1230
2018-08-29T08:15:00+09:00,J3,749,819,1568
2018-08-29T08:15:00+09:00,J4,751,1087,1838
2018-08-29T08:15:00+09:00,J5,333,334,667
2018-08-29T08:30:00+09:00,J1,1054,632,1686
2018-08-29T08:30:00+09:00,J2,787,466,1253
2018-08-29T08:30:00+09:00,J3,661,885,1546
2018-08-29T08:30:00+09:00,J4,825,1157,1982
2018-08-29T08:30:00+09:00,J5,386,380,766
2018-08-29T08:45:00+09:00,J1,675,425,1100
2018-08-29T08:45:00+09:00,J2,533,389,922
2018-08-29T08:45:00+09:00,J3,582,707,1289
2018-08-29T08:45:00+09:00,J4,607,865,1472
2018-08-29T08:45:00+09:00,J5,310,356,666
2018-08-29T09:00:00+09:00,J1,529,417,946
2018-08-29T09:00:00+09:00,J2,481,340,821
2018-08-29T09:00:00+09:00,J3,688,608,1296
2018-08-29T09:00:00+09:00,J4,496,689,1185
2018-08-29T09:00:00+09:00,J5,235,241,476
2018-08-29T09:15:00+09:00,J1,583,525,1108
2018-08-29T09:15:00+09:00,J2,513,371,884
2018-08-29T09:15:00+09:00,J3,553,584,1137
2018-08-29T09:15:00+09:00,J4,436,611,1047
2018-08-29T09:15:00+09:00,J5,274,282,556
2018-08-29T09:30:00+09:00,J1,597,450,1047
2018-08-29T09:30:00+09:00,J2,426,427,853
2018-08-29T09:30:00+09:00,J3,485,499,984
2018-08-29T09:30:00+09:00,J4,386,538,924
2018-08-29T09:30:00+09:00,J5,248,268,516
2018-08-29T09:45:00+09:00,J1,512,409,921
2018-08-29T09:45:00+09:00,J2,420,374,794
2018-08-29T09:45:00+09:00,J3,429,455,884
2018-08-29T09:45:00+09:00,J4,367,461,828
2018-08-29T09:45:00+09:00,J5,223,257,480
2018-08-29T10:00:00+09:00,J1,414,386,800
2018-08-29T10:00:00+09:00,J2,431,444,875
2018-08-29T10:00:00+09:00,J3,425,409,834
2018-08-29T10:00:00+09:00,J4,526,536,1062
2018-08-29T10:00:00+09:00,J5,242,214,456
2018-08-29T10:15:00+09:00,J1,466,402,868
2018-08-29T10:15:00+09:00,J2,424,370,794
2018-08-29T10:15:00+09:00,J3,483,514,997
2018-08-29T10:15:00+09:00,J4,545,615,1160
2018-08-29T10:15:00+09:00,J5,162,216,378
2018-08-29T10:30:00+09:00,J1,494,419,913
2018-08-29T10:30:00+09:00,J2,411,386,797
2018-08-29T10:30:00+09:00,J3,534,473,1007
2018-08-29T10:30:00+09:00,J4,578,682,1260
2018-08-29T10:30:00+09:00,J5,220,242,462
2018-08-29T10:45:00+09:00,J1,492,512,1004
2018-08-29T10:45:00+09:00,J2,436,464,900
2018-08-29T10:45:00+09:00,J3,452,460,912
2018-08-29T10:45:00+09:00,J4,576,585,1161
2018-08-29T10:45:00+09:00,J5,245,228,473
2018-08-29T11:00:00+09:00,J1,519,516,1035
2018-08-29T11:00:00+09:00,J2,428,501,929
2018-08-29T11:00:00+09:00,J3,406,467,873
2018-08-29T11:00:00+09:00,J4,368,432,800
2018-08-29T11:00:00+09:00,J5,223,245,468
2018-08-29T11:15:00+09:00,J1,552,517,1069
2018-08-29T11:15:00+09:00,J2,463,468,931
2018-08-29T11:15:00+09:00,J3,490,492,982
2018-08-29T11:15:00+09:00,J4,442,517,959
2018-08-29T11:15:00+09:00,J5,263,206,469
2018-08-29T11:30:00+09:00,J1,489,455,944
2018-08-29T11:30:00+09:00,J2,465,459,924
2018-08-29T11:30:00+09:00,J3,540,554,1094
2018-08-29T11:30:00+09:00,J4,475,567,1042
2018-08-29T11:30:00+09:00,J5,254,224,478
2018-08-29T11:45:00+09:00,J1,504,493,997
2018-08-29T11:45:00+09:00,J2,455,437,892
2018-08-29T11:45:00+09:00,J3,558,520,1078
2018-08-29T11:45:00+09:00,J4,526,559,1085
2018-08-29T11:45:00+09:00,J5,248,221,469
2018-08-29T12:00:00+09:00,J1,555,554,1109
2018-08-29T12:00:00+09:00,J2,497,550,1047
2018-08-29T12:00:00+09:00,J3,555,552,1107
2018-08-29T12:00:00+09:00,J4,380,378,758
2018-08-29T12:00:00+09:00,J5,244,302,546
2018-08-29T12:15:00+09:00,J1,548,640,1188
2018-08-29T12:15:00+09:00,J2,541,459,1000
2018-08-29T12:15:00+09:00,J3,473,488,961
2018-08-29T12:15:00+09:00,J4,444,426,870
2018-08-29T12:15:00+09:00,J5,251,290,541
2018-08-29T12:30:00+09:00,J1,650,671,1321
2018-08-29T12:30:00+09:00,J2,564,391,955
2018-08-29T12:30:00+09:00,J3,527,469,996
2018-08-29T12:30:00+09:00,J4,494,521,1015
2018-08-29T12:30:00+09:00,J5,304,295,599
2018-08-29T12:45:00+09:00,J1,674,694,1368
2018-08-29T12:45:00+09:00,J2,535,438,973
2018-08-29T12:45:00+09:00,J3,538,464,1002
2018-08-29T12:45:00+09:00,J4,631,610,1241
2018-08-29T12:45:00+09:00,J5,274,271,545
2018-08-29T13:00:00+09:00,J1,621,678,1299
2018-08-29T13:00:00+09:00,J2,520,446,966
2018-08-29T13:00:00+09:00,J3,478,456,934
2018-08-29T13:00:00+09:00,J4,579,563,1142
2018-08-29T13:00:00+09:00,J5,305,314,619
2018-08-29T13:15:00+09:00,J1,527,662,1189
2018-08-29T13:15:00+09:00,J2,494,434,928
2018-08-29T13:15:00+09:00,J3,525,483,1008
2018-08-29T13:15:00+09:00,J4,423,458,881
2018-08-29T13:15:00+09:00,J5,277,286,563
2018-08-29T13:30:00+09:00,J1,580,622,1202
2018-08-29T13:30:00+09:00,J2,551,491,1042
2018-08-29T13:30:00+09:00,J3,468,497,965
2018-08-29T13:30:00+09:00,J4,370,396,766
2018-08-29T13:30:00+09:00,J5,243,269,512
2018-08-29T13:45:00+09:00,J1,564,584,1148
2018-08-29T13:45:00+09:00,J2,500,457,957
2018-08-29T13:45:00+09:00,J3,490,477,967
2018-08-29T13:45:00+09:00,J4,379,369,748
2018-08-29T13:45:00+09:00,J5,227,279,506
2018-08-29T14:00:00+09:00,J1,511,671,1182
2018-08-29T14:00:00+09:00,J2,539,499,1038
2018-08-29T14:00:00+09:00,J3,584,515,1099
2018-08-29T14:00:00+09:00,J4,420,402,822
2018-08-29T14:00:00+09:00,J5,255,292,547
2018-08-29T14:15:00+09:00,J1,442,601,1043
2018-08-29T14:15:00+09:00,J2,531,419,950
2018-08-29T14:15:00+09:00,J3,507,480,987
2018-08-29T14:15:00+09:00,J4,395,385,780
2018-08-29T14:15:00+09:00,J5,240,253,493
2018-08-29T14:30:00+09:00,J1,522,592,1114
2018-08-29T14:30:00+09:00,J2,498,466,964
2018-08-29T14:30:00+09:00,J3,478,498,976
2018-08-29T14:30:00+09:00,J4,432,415,847
2018-08-29T14:30:00+09:00,J5,264,252,516
2018-08-29T14:45:00+09:00,J1,483,617,1100
2018-08-29T14:45:00+09:00,J2,447,470,917
2018-08-29T14:45:00+09:00,J3,491,594,1085
2018-08-29T14:45:00+09:00,J4,490,478,968
2018-08-29T14:45:00+09:00,J5,263,244,507
2018-08-29T15:00:00+09:00,J1,492,714,1206
2018-08-29T15:00:00+09:00,J2,522,476,998
2018-08-29T15:00:00+09:00,J3,525,533,1058
2018-08-29T15:00:00+09:00,J4,474,450,924
2018-08-29T15:00:00+09:00,J5,253,236,489
2018-08-29T15:15:00+09:00,J1,527,698,1225
2018-08-29T15:15:00+09:00,J2,558,494,1052
2018-08-29T15:15:00+09:00,J3,547,474,1021
2018-08-29T15:15:00+09:00,J4,450,454,904
2018-08-29T15:15:00+09:00,J5,287,237,524
2018-08-29T15:30:00+09:00,J1,630,596,1226
2018-08-29T15:30:00+09:00,J2,560,437,997
2018-08-29T15:30:00+09:00,J3,547,492,1039
2018-08-29T15:30:00+09:00,J4,421,431,852
2018-08-29T15:30:00+09:00,J5,265,241,506
2018-08-29T15:45:00+09:00,J1,492,567,1059
2018-08-29T15:45:00+09:00,J2,492,427,919
2018-08-29T15:45:00+09:00,J3,440,489,929
2018-08-29T15:45:00+09:00,J4,406,341,747
2018-08-29T15:45:00+09:00,J5,246,278,524
2018-08-29T16:00:00+09:00,J1,536,682,1218
2018-08-29T16:00:00+09:00,J2,486,451,937
2018-08-29T16:00:00+09:00,J3,456,461,917
2018-08-29T16:00:00+09:00,J4,414,429,843
2018-08-29T16:00:00+09:00,J5,213,261,474
2018-08-29T16:15:00+09:00,J1,556,650,1206
2018-08-29T16:15:00+09:00,J2,519,466,985
2018-08-29T16:15:00+09:00,J3,437,491,928
2018-08-29T16:15:00+09:00,J4,469,400,869
2018-08-29T16:15:00+09:00,J5,242,273,515
2018-08-29T16:30:00+09:00,J1,588,642,1230
2018-08-29T16:30:00+09:00,J2,483,422,905
2018-08-29T16:30:00+09:00,J3,465,487,952
2018-08-29T16:30:00+09:00,J4,443,405,848
2018-08-29T16:30:00+09:00,J5,278,271,549
2018-08-29T16:45:00+09:00,J1,594,652,1246
2018-08-29T16:45:00+09:00,J2,465,377,842
2018-08-29T16:45:00+09:00,J3,437,521,958
2018-08-29T16:45:00+09:00,J4,499,457,956
2018-08-29T16:45:00+09:00,J5,272,287,559
2018-08-29T17:00:00+09:00,J1,663,816,1479
2018-08-29T17:00:00+09:00,J2,568,478,1046
2018-08-29T17:00:00+09:00,J3,529,500,1029
2018-08-29T17:00:00+09:00,J4,551,452,1003
2018-08-29T17:00:00+09:00,J5,262,328,590
2018-08-29T17:15:00+09:00,J1,705,839,1544
2018-08-29T17:15:00+09:00,J2,606,599,1205
2018-08-29T17:15:00+09:00,J3,507,549,1056
2018-08-29T17:15:00+09:00,J4,607,461,1068
2018-08-29T17:15:00+09:00,J5,283,365,648
2018-08-29T17:30:00+09:00,J1,762,892,1654
2018-08-29T17:30:00+09:00,J2,687,600,1287
2018-08-29T17:30:00+09:00,J3,622,606,1228
2018-08-29T17:30:00+09:00,J4,716,495,1211
2018-08-29T17:30:00+09:00,J5,286,347,633
2018-08-29T17:45:00+09:00,J1,734,964,1698
2018-08-29T17:45:00+09:00,J2,656,561,1217
2018-08-29T17:45:00+09:00,J3,562,654,1216
2018-08-29T17:45:00+09:00,J4,719,544,1263
2018-08-29T17:45:00+09:00,J5,303,352,655
2018-08-29T18:00:00+09:00,J1,771,993,1764
2018-08-29T18:00:00+09:00,J2,694,566,1260
2018-08-29T18:00:00+09:00,J3,715,580,1295
2018-08-29T18:00:00+09:00,J4,787,544,1331
2018-08-29T18:00:00+09:00,J5,333,418,751
2018-08-29T18:15:00+09:00,J1,794,992,1786
2018-08-29T18:15:00+09:00,J2,603,607,1210
2018-08-29T18:15:00+09:00,J3,637,555,1192
2018-08-29T18:15:00+09:00,J4,954,592,1546
2018-08-29T18:15:00+09:00,J5,304,411,715
2018-08-29T18:30:00+09:00,J1,652,836,1488
2018-08-29T18:30:00+09:00,J2,553,501,1054
2018-08-29T18:30:00+09:00,J3,534,513,1047
2018-08-29T18:30:00+09:00,J4,754,500,1254
2018-08-29T18:30:00+09:00,J5,292,362,654
2018-08-29T18:45:00+09:00,J1,675,729,1404
2018-08-29T18:45:00+09:00,J2,537,514,1051
2018-08-29T18:45:00+09:00,J3,423,414,837
2018-08-29T18:45:00+09:00,J4,603,510,1113
2018-08-29T18:45:00+09:00,J5,277,275,552
2018-08-29T19:00:00+09:00,J1,553,661,1214
2018-08-29T19:00:00+09:00,J2,516,471,987
2018-08-29T19:00:00+09:00,J3,413,388,801
2018-08-29T19:00:00+09:00,J4,602,532,1134
2018-08-29T19:00:00+09:00,J5,265,261,526
2018-08-29T19:15:00+09:00,J1,554,683,1237
2018-08-29T19:15:00+09:00,J2,528,425,953
2018-08-29T19:15:00+09:00,J3,430,428,858
2018-08-29T19:15:00+09:00,J4,583,412,995
2018-08-29T19:15:00+09:00,J5,263,300,563
2018-08-29T19:30:00+09:00,J1,572,622,1194
2018-08-29T19:30:00+09:00,J2,480,392,872
2018-08-29T19:30:00+09:00,J3,437,371,808
2018-08-29T19:30:00+09:00,J4,575,451,1026
2018-08-29T19:30:00+09:00,J5,240,275,515
2018-08-29T19:45:00+09:00,J1,462,512,974
2018-08-29T19:45:00+09:00,J2,437,408,845
2018-08-29T19:45:00+09:00,J3,370,403,773
2018-08-29T19:45:00+09:00,J4,542,491,1033
2018-08-29T19:45:00+09:00,J5,280,261,541
2018-08-29T20:00:00+09:00,J1,493,581,1074
2018-08-29T20:00:00+09:00,J2,363,422,785
2018-08-29T20:00:00+09:00,J3,484,426,910
2018-08-29T20:00:00+09:00,J4,563,517,1080
2018-08-29T20:00:00+09:00,J5,247,227,474
2018-08-29T20:15:00+09:00,J1,484,629,1113
2018-08-29T20:15:00+09:00,J2,401,383,784
2018-08-29T20:15:00+09:00,J3,441,478,919
2018-08-29T20:15:00+09:00,J4,559,518,1077
2018-08-29T20:15:00+09:00,J5,239,228,467
2018-08-29T20:30:00+09:00,J1,472,533,1005
2018-08-29T20:30:00+09:00,J2,391,438,829
2018-08-29T20:30:00+09:00,J3,507,475,982
2018-08-29T20:30:00+09:00,J4,591,503,1094
2018-08-29T20:30:00+09:00,J5,266,239,505
2018-08-29T20:45:00+09:00,J1,455,536,991
2018-08-29T20:45:00+09:00,J2,350,361,711
2018-08-29T20:45:00+09:00,J3,468,476,944
2018-08-29T20:45:00+09:00,J4,572,516,1088
2018-08-29T20:45:00+09:00,J5,263,282,545
2018-08-29T21:00:00+09:00,J1,509,591,1100
2018-08-29T21:00:00+09:00,J2,327,331,658
2018-08-29T21:00:00+09:00,J3,581,484,1065
2018-08-29T21:00:00+09:00,J4,594,560,1154
2018-08-29T21:00:00+09:00,J5,243,241,484
2018-08-29T21:15:00+09:00,J1,498,621,1119
2018-08-29T21:15:00+09:00,J2,338,364,702
2018-08-29T21:15:00+09:00,J3,593,469,1062
2018-08-29T21:15:00+09:00,J4,598,574,1172
2018-08-29T21:15:00+09:00,J5,228,218,446
2018-08-29T21:30:00+09:00,J1,444,520,964
2018-08-29T21:30:00+09:00,J2,315,350,665
2018-08-29T21:30:00+09:00,J3,556,451,1007
2018-08-29T21:30:00+09:00,J4,547,516,1063
2018-08-29T21:30:00+09:00,J5,212,225,437
2018-08-29T21:45:00+09:00,J1,428,480,908
2018-08-29T21:45:00+09:00,J2,334,325,659
2018-08-29T21:45:00+09:00,J3,547,415,962
2018-08-29T21:45:00+09:00,J4,563,547,1110
2018-08-29T21:45:00+09:00,J5,196,189,385
2018-08-29T22:00:00+09:00,J1,404,467,871
2018-08-29T22:00:00+09:00,J2,297,263,560
2018-08-29T22:00:00+09:00,J3,537,447,984
2018-08-29T22:00:00+09:00,J4,686,619,1305
2018-08-29T22:00:00+09:00,J5,168,155,323
2018-08-29T22:15:00+09:00,J1,386,452,838
2018-08-29T22:15:00+09:00,J2,304,258,562
2018-08-29T22:15:00+09:00,J3,512,427,939
2018-08-29T22:15:00+09:00,J4,734,687,1421
2018-08-29T22:15:00+09:00,J5,206,180,386
2018-08-29T22:30:00+09:00,J1,358,437,795
2018-08-29T22:30:00+09:00,J2,260,259,519
2018-08-29T22:30:00+09:00,J3,519,368,887
2018-08-29T22:30:00+09:00,J4,692,671,1363
2018-08-29T22:30:00+09:00,J5,251,239,490
2018-08-29T22:45:00+09:00,J1,334,449,783
2018-08-29T22:45:00+09:00,J2,275,254,529
2018-08-29T22:45:00+09:00,J3,499,418,917
2018-08-29T22:45:00+09:00,J4,768,758,1526
2018-08-29T22:45:00+09:00,J5,170,214,384
2018-08-29T23:00:00+09:00,J1,374,399,773
2018-08-29T23:00:00+09:00,J2,218,243,461
2018-08-29T23:00:00+09:00,J3,579,411,990
2018-08-29T23:00:00+09:00,J4,690,702,1392
2018-08-29T23:00:00+09:00,J5,161,179,340
2018-08-29T23:15:00+09:00,J1,354,403,757
2018-08-29T23:15:00+09:00,J2,265,259,524
2018-08-29T23:15:00+09:00,J3,510,448,958
2018-08-29T23:15:00+09:00,J4,633,634,1267
2018-08-29T23:15:00+09:00,J5,152,196,348
2018-08-29T23:30:00+09:00,J1,355,407,762
2018-08-29T23:30:00+09:00,J2,288,255,543
2018-08-29T23:30:00+09:00,J3,517,409,926
2018-08-29T23:30:00+09:00,J4,557,583,1140
2018-08-29T23:30:00+09:00,J5,159,211,370
2018-08-29T23:45:00+09:00,J1,324,322,646
2018-08-29T23:45:00+09:00,J2,259,281,540
2018-08-29T23:45:00+09:00,J3,527,388,915
2018-08-29T23:45:00+09:00,J4,690,625,1315
2018-08-29T23:45:00+09:00,J5,155,165,320
2018-08-30T00:00:00+09:00,J1,264,255,519
2018-08-30T00:00:00+09:00,J2,218,230,448
2018-08-30T00:00:00+09:00,J3,441,306,747
2018-08-30T00:00:00+09:00,J4,664,698,1362
2018-08-30T00:00:00+09:00,J5,153,165,318
2018-08-30T00:15:00+09:00,J1,202,174,376
2018-08-30T00:15:00+09:00,J2,172,161,333
2018-08-30T00:15:00+09:00,J3,322,274,596
2018-08-30T00:15:00+09:00,J4,461,425,886
2018-08-30T00:15:00+09:00,J5,128,133,261
2018-08-30T00:30:00+09:00,J1,211,189,400
2018-08-30T00:30:00+09:00,J2,197,210,407
2018-08-30T00:30:00+09:00,J3,264,240,504
2018-08-30T00:30:00+09:00,J4,532,614,1146
2018-08-30T00:30:00+09:00,J5,116,107,223
2018-08-30T00:45:00+09:00,J1,213,167,380
2018-08-30T00:45:00+09:00,J2,173,194,367
2018-08-30T00:45:00+09:00,J3,299,341,640
2018-08-30T00:45:00+09:00,J4,588,708,1296
2018-08-30T00:45:00+09:00,J5,210,187,397
2018-08-30T05:45:00+09:00,J1,253,300,553
2018-08-30T05:45:00+09:00,J2,228,271,499
2018-08-30T05:45:00+09:00,J3,272,211,483
2018-08-30T05:45:00+09:00,J4,672,734,1406
2018-08-30T05:45:00+09:00,J5,197,205,402
2018-08-30T06:00:00+09:00,J1,317,290,607
2018-08-30T06:00:00+09:00,J2,244,244,488
2018-08-30T06:00:00+09:00,J3,288,203,491
2018-08-30T06:00:00+09:00,J4,649,643,1292
2018-08-30T06:00:00+09:00,J5,92,95,187
2018-08-30T06:15:00+09:00,J1,318,311,629
2018-08-30T06:15:00+09:00,J2,274,256,530
2018-08-30T06:15:00+09:00,J3,354,312,666
2018-08-30T06:15:00+09:00,J4,638,680,1318
2018-08-30T06:15:00+09:00,J5,169,132,301
2018-08-30T06:30:00+09:00,J1,354,335,689
2018-08-30T06:30:00+09:00,J2,260,281,541
2018-08-30T06:30:00+09:00,J3,362,311,673
2018-08-30T06:30:00+09:00,J4,589,593,1182
2018-08-30T06:30:00+09:00,J5,164,126,290
2018-08-30T06:45:00+09:00,J1,358,352,710
2018-08-30T06:45:00+09:00,J2,294,254,548
2018-08-30T06:45:00+09:00,J3,413,303,716
2018-08-30T06:45:00+09:00,J4,653,676,1329
2018-08-30T06:45:00+09:00,J5,194,128,322
2018-08-30T07:00:00+09:00,J1,394,343,737
2018-08-30T07:00:00+09:00,J2,321,354,675
2018-08-30T07:00:00+09:00,J3,405,310,715
2018-08-30T07:00:00+09:00,J4,684,748,1432
2018-08-30T07:00:00+09:00,J5,192,143,335
2018-08-30T07:15:00+09:00,J1,472,386,858
2018-08-30T07:15:00+09:00,J2,378,286,664
2018-08-30T07:15:00+09:00,J3,596,434,1030
2018-08-30T07:15:00+09:00,J4,674,748,1422
2018-08-30T07:15:00+09:00,J5,163,197,360
2018-08-30T07:30:00+09:00,J1,610,449,1059
2018-08-30T07:30:00+09:00,J2,424,392,816
2018-08-30T07:30:00+09:00,J3,606,618,1224
2018-08-30T07:30:00+09:00,J4,686,850,1536
2018-08-30T07:30:00+09:00,J5,250,268,518
2018-08-30T07:45:00+09:00,J1,734,515,1249
2018-08-30T07:45:00+09:00,J2,542,463,1005
2018-08-30T07:45:00+09:00,J3,601,679,1280
2018-08-30T07:45:00+09:00,J4,658,838,1496
2018-08-30T07:45:00+09:00,J5,273,272,545
2018-08-30T08:00:00+09:00,J1,919,610,1529
2018-08-30T08:00:00+09:00,J2,674,457,1131
2018-08-30T08:00:00+09:00,J3,704,808,1512
2018-08-30T08:00:00+09:00,J4,720,1037,1757
2018-08-30T08:00:00+09:00,J5,375,415,790
2018-08-30T08:15:00+09:00,J1,1170,735,1905
2018-08-30T08:15:00+09:00,J2,850,421,1271
2018-08-30T08:15:00+09:00,J3,734,942,1676
2018-08-30T08:15:00+09:00,J4,601,1155,1756
2018-08-30T08:15:00+09:00,J5,474,508,982
2018-08-30T08:30:00+09:00,J1,1216,772,1988
2018-08-30T08:30:00+09:00,J2,897,373,1270
2018-08-30T08:30:00+09:00,J3,681,1040,1721
2018-08-30T08:30:00+09:00,J4,637,1074,1711
2018-08-30T08:30:00+09:00,J5,560,499,1059
2018-08-30T08:45:00+09:00,J1,782,484,1266
2018-08-30T08:45:00+09:00,J2,646,376,1022
2018-08-30T08:45:00+09:00,J3,555,845,1400
2018-08-30T08:45:00+09:00,J4,607,919,1526
2018-08-30T08:45:00+09:00,J5,478,407,885
2018-08-30T09:00:00+09:00,J1,658,477,1135
2018-08-30T09:00:00+09:00,J2,584,391,975
2018-08-30T09:00:00+09:00,J3,524,588,1112
2018-08-30T09:00:00+09:00,J4,449,675,1124
2018-08-30T09:00:00+09:00,J5,335,384,719
2018-08-30T09:15:00+09:00,J1,653,466,1119
2018-08-30T09:15:00+09:00,J2,566,340,906
2018-08-30T09:15:00+09:00,J3,372,453,825
2018-08-30T09:15:00+09:00,J4,487,705,1192
2018-08-30T09:15:00+09:00,J5,363,387,750
2018-08-30T09:30:00+09:00,J1,647,551,1198
2018-08-30T09:30:00+09:00,J2,540,362,902
2018-08-30T09:30:00+09:00,J3,404,439,843
2018-08-30T09:30:00+09:00,J4,558,634,1192
2018-08-30T09:30:00+09:00,J5,334,388,722
2018-08-30T09:45:00+09:00,J1,552,477,1029
2018-08-30T09:45:00+09:00,J2,527,413,940
2018-08-30T09:45:00+09:00,J3,388,424,812
2018-08-30T09:45:00+09:00,J4,433,525,958
2018-08-30T09:45:00+09:00,J5,352,395,747
2018-08-30T10:00:00+09:00,J1,534,502,1036
2018-08-30T10:00:00+09:00,J2,409,373,782
2018-08-30T10:00:00+09:00,J3,318,363,681
2018-08-30T10:00:00+09:00,J4,363,416,779
2018-08-30T10:00:00+09:00,J5,347,376,723
2018-08-30T10:15:00+09:00,J1,572,490,1062
2018-08-30T10:15:00+09:00,J2,406,332,738
2018-08-30T10:15:00+09:00,J3,372,359,731
2018-08-30T10:15:00+09:00,J4,340,375,715
2018-08-30T10:15:00+09:00,J5,335,354,689
2018-08-30T10:30:00+09:00,J1,593,536,1129
2018-08-30T10:30:00+09:00,J2,464,338,802
2018-08-30T10:30:00+09:00,J3,375,402,777
2018-08-30T10:30:00+09:00,J4,411,410,821
2018-08-30T10:30:00+09:00,J5,314,318,632
2018-08-30T10:45:00+09:00,J1,573,544,1117
2018-08-30T10:45:00+09:00,J2,393,361,754
2018-08-30T10:45:00+09:00,J3,441,388,829
2018-08-30T10:45:00+09:00,J4,398,448,846
2018-08-30T10:45:00+09:00,J5,390,342,732
2018-08-30T11:00:00+09:00,J1,548,520,1068
2018-08-30T11:00:00+09:00,J2,372,322,694
2018-08-30T11:00:00+09:00,J3,390,395,785
2018-08-30T11:00:00+09:00,J4,400,457,857
2018-08-30T11:00:00+09:00,J5,370,296,666
2018-08-30T11:15:00+09:00,J1,588,560,1148
2018-08-30T11:15:00+09:00,J2,383,370,753
2018-08-30T11:15:00+09:00,J3,378,427,805
2018-08-30T11:15:00+09:00,J4,419,470,889
2018-08-30T11:15:00+09:00,J5,340,338,678
2018-08-30T11:30:00+09:00,J1,607,661,1268
2018-08-30T11:30:00+09:00,J2,399,321,720
2018-08-30T11:30:00+09:00,J3,487,465,952
2018-08-30T11:30:00+09:00,J4,401,449,850
2018-08-30T11:30:00+09:00,J5,354,405,759
2018-08-30T11:45:00+09:00,J1,557,664,1221
2018-08-30T11:45:00+09:00,J2,414,363,777
2018-08-30T11:45:00+09:00,J3,458,390,848
2018-08-30T11:45:00+09:00,J4,428,411,839
2018-08-30T11:45:00+09:00,J5,323,368,691
2018-08-30T12:00:00+09:00,J1,615,762,1377
2018-08-30T12:00:00+09:00,J2,414,430,844
2018-08-30T12:00:00+09:00,J3,565,438,1003
2018-08-30T12:00:00+09:00,J4,466,409,875
2018-08-30T12:00:00+09:00,J5,297,347,644
2018-08-30T12:15:00+09:00,J1,609,691,1300
2018-08-30T12:15:00+09:00,J2,385,394,779
2018-08-30T12:15:00+09:00,J3,510,462,972
2018-08-30T12:15:00+09:00,J4,501,496,997
2018-08-30T12:15:00+09:00,J5,320,357,677
2018-08-30T12:30:00+09:00,J1,627,690,1317
2018-08-30T12:30:00+09:00,J2,386,421,807
2018-08-30T12:30:00+09:00,J3,572,523,1095
2018-08-30T12:30:00+09:00,J4,580,604,1184
2018-08-30T12:30:00+09:00,J5,314,382,696
2018-08-30T12:45:00+09:00,J1,589,623,1212
2018-08-30T12:45:00+09:00,J2,453,423,876
2018-08-30T12:45:00+09:00,J3,616,499,1115
2018-08-30T12:45:00+09:00,J4,662,713,1375
2018-08-30T12:45:00+09:00,J5,305,416,721
2018-08-30T13:00:00+09:00,J1,558,684,1242
2018-08-30T13:00:00+09:00,J2,386,377,763
2018-08-30T13:00:00+09:00,J3,649,461,1110
2018-08-30T13:00:00+09:00,J4,612,671,1283
2018-08-30T13:00:00+09:00,J5,336,396,732
2018-08-30T13:15:00+09:00,J1,557,709,1266
2018-08-30T13:15:00+09:00,J2,363,415,778
2018-08-30T13:15:00+09:00,J3,522,448,970
2018-08-30T13:15:00+09:00,J4,590,605,1195
2018-08-30T13:15:00+09:00,J5,316,370,686
2018-08-30T13:30:00+09:00,J1,608,630,1238
2018-08-30T13:30:00+09:00,J2,395,415,810
2018-08-30T13:30:00+09:00,J3,558,508,1066
2018-08-30T13:30:00+09:00,J4,614,723,1337
2018-08-30T13:30:00+09:00,J5,354,423,777
2018-08-30T13:45:00+09:00,J1,614,753,1367
2018-08-30T13:45:00+09:00,J2,467,585,1052
2018-08-30T13:45:00+09:00,J3,634,580,1214
2018-08-30T13:45:00+09:00,J4,693,791,1484
2018-08-30T13:45:00+09:00,J5,385,352,737
2018-08-30T14:00:00+09:00,J1,713,790,1503
2018-08-30T14:00:00+09:00,J2,451,542,993
2018-08-30T14:00:00+09:00,J3,636,595,1231
2018-08-30T14:00:00+09:00,J4,643,638,1281
2018-08-30T14:00:00+09:00,J5,396,410,806
2018-08-30T14:15:00+09:00,J1,678,845,1523
2018-08-30T14:15:00+09:00,J2,489,506,995
2018-08-30T14:15:00+09:00,J3,683,565,1248
2018-08-30T14:15:00+09:00,J4,736,673,1409
2018-08-30T14:15:00+09:00,J5,394,372,766
2018-08-30T14:30:00+09:00,J1,669,763,1432
2018-08-30T14:30:00+09:00,J2,484,520,1004
2018-08-30T14:30:00+09:00,J3,773,595,1368
2018-08-30T14:30:00+09:00,J4,868,807,1675
2018-08-30T14:30:00+09:00,J5,377,410,787
2018-08-30T14:45:00+09:00,J1,634,734,1368
2018-08-30T14:45:00+09:00,J2,434,490,924
2018-08-30T14:45:00+09:00,J3,714,609,1323
2018-08-30T14:45:00+09:00,J4,786,750,1536
2018-08-30T14:45:00+09:00,J5,391,353,744
2018-08-30T15:00:00+09:00,J1,666,779,1445
2018-08-30T15:00:00+09:00,J2,458,507,965
2018-08-30T15:00:00+09:00,J3,722,541,1263
2018-08-30T15:00:00+09:00,J4,788,734,1522
2018-08-30T15:00:00+09:00,J5,359,348,707
2018-08-30T15:15:00+09:00,J1,648,821,1469
2018-08-30T15:15:00+09:00,J2,456,517,973
2018-08-30T15:15:00+09:00,J3,701,550,1251
2018-08-30T15:15:00+09:00,J4,716,759,1475
2018-08-30T15:15:00+09:00,J5,362,340,702
2018-08-30T15:30:00+09:00,J1,698,807,1505
2018-08-30T15:30:00+09:00,J2,490,548,1038
2018-08-30T15:30:00+09:00,J3,704,561,1265
2018-08-30T15:30:00+09:00,J4,737,735,1472
2018-08-30T15:30:00+09:00,J5,397,431,828
2018-08-30T15:45:00+09:00,J1,687,797,1484
2018-08-30T15:45:00+09:00,J2,429,540,969
2018-08-30T15:45:00+09:00,J3,687,586,1273
2018-08-30T15:45:00+09:00,J4,743,650,1393
2018-08-30T15:45:00+09:00,J5,364,427,791
2018-08-30T16:00:00+09:00,J1,621,760,1381
2018-08-30T16:00:00+09:00,J2,460,436,896
2018-08-30T16:00:00+09:00,J3,582,454,1036
2018-08-30T16:00:00+09:00,J4,737,659,1396
2018-08-30T16:00:00+09:00,J5,391,344,735
2018-08-30T16:15:00+09:00,J1,621,696,1317
2018-08-30T16:15:00+09:00,J2,420,472,892
2018-08-30T16:15:00+09:00,J3,640,505,1145
2018-08-30T16:15:00+09:00,J4,816,697,1513
2018-08-30T16:15:00+09:00,J5,298,406,704
2018-08-30T16:30:00+09:00,J1,635,702,1337
2018-08-30T16:30:00+09:00,J2,380,492,872
2018-08-30T16:30:00+09:00,J3,543,498,1041
2018-08-30T16:30:00+09:00,J4,765,708,1473
2018-08-30T16:30:00+09:00,J5,343,381,724
2018-08-30T16:45:00+09:00,J1,660,770,1430
2018-08-30T16:45:00+09:00,J2,434,538,972
2018-08-30T16:45:00+09:00,J3,616,530,1146
2018-08-30T16:45:00+09:00,J4,770,688,1458
2018-08-30T16:45:00+09:00,J5,356,421,777
2018-08-30T17:00:00+09:00,J1,752,874,1626
2018-08-30T17:00:00+09:00,J2,475,599,1074
2018-08-30T17:00:00+09:00,J3,735,562,1297
2018-08-30T17:00:00+09:00,J4,831,712,1543
2018-08-30T17:00:00+09:00,J5,360,459,819
2018-08-30T17:15:00+09:00,J1,787,865,1652
2018-08-30T17:15:00+09:00,J2,565,568,1133
2018-08-30T17:15:00+09:00,J3,752,513,1265
2018-08-30T17:15:00+09:00,J4,883,645,1528
2018-08-30T17:15:00+09:00,J5,420,533,953
2018-08-30T17:30:00+09:00,J1,788,900,1688
2018-08-30T17:30:00+09:00,J2,579,703,1282
2018-08-30T17:30:00+09:00,J3,738,575,1313
2018-08-30T17:30:00+09:00,J4,1007,738,1745
2018-08-30T17:30:00+09:00,J5,437,483,920
2018-08-30T17:45:00+09:00,J1,842,856,1698
2018-08-30T17:45:00+09:00,J2,596,665,1261
2018-08-30T17:45:00+09:00,J3,730,523,1253
2018-08-30T17:45:00+09:00,J4,1025,695,1720
2018-08-30T17:45:00+09:00,J5,438,558,996
2018-08-30T18:00:00+09:00,J1,749,959,1708
2018-08-30T18:00:00+09:00,J2,667,623,1290
2018-08-30T18:00:00+09:00,J3,852,562,1414
2018-08-30T18:00:00+09:00,J4,960,647,1607
2018-08-30T18:00:00+09:00,J5,429,525,954
2018-08-30T18:15:00+09:00,J1,720,968,1688
2018-08-30T18:15:00+09:00,J2,608,599,1207
2018-08-30T18:15:00+09:00,J3,764,552,1316
2018-08-30T18:15:00+09:00,J4,1019,682,1701
2018-08-30T18:15:00+09:00,J5,376,484,860
2018-08-30T18:30:00+09:00,J1,714,835,1549
2018-08-30T18:30:00+09:00,J2,653,599,1252
2018-08-30T18:30:00+09:00,J3,697,461,1158
2018-08-30T18:30:00+09:00,J4,912,699,1611
2018-08-30T18:30:00+09:00,J5,395,493,888
2018-08-30T18:45:00+09:00,J1,541,734,1275
2018-08-30T18:45:00+09:00,J2,503,502,1005
2018-08-30T18:45:00+09:00,J3,653,442,1095
2018-08-30T18:45:00+09:00,J4,836,583,1419
2018-08-30T18:45:00+09:00,J5,370,530,900
2018-08-30T19:00:00+09:00,J1,482,720,1202
2018-08-30T19:00:00+09:00,J2,523,433,956
2018-08-30T19:00:00+09:00,J3,573,433,1006
2018-08-30T19:00:00+09:00,J4,807,644,1451
2018-08-30T19:00:00+09:00,J5,354,469,823
2018-08-30T19:15:00+09:00,J1,522,689,1211
2018-08-30T19:15:00+09:00,J2,479,500,979
2018-08-30T19:15:00+09:00,J3,556,419,975
2018-08-30T19:15:00+09:00,J4,855,659,1514
2018-08-30T19:15:00+09:00,J5,373,490,863
2018-08-30T19:30:00+09:00,J1,580,669,1249
2018-08-30T19:30:00+09:00,J2,428,464,892
2018-08-30T19:30:00+09:00,J3,478,369,847
2018-08-30T19:30:00+09:00,J4,685,541,1226
2018-08-30T19:30:00+09:00,J5,402,488,890
2018-08-30T19:45:00+09:00,J1,474,672,1146
2018-08-30T19:45:00+09:00,J2,397,422,819
2018-08-30T19:45:00+09:00,J3,448,322,770
2018-08-30T19:45:00+09:00,J4,641,575,1216
2018-08-30T19:45:00+09:00,J5,379,466,845
2018-08-30T20:00:00+09:00,J1,484,613,1097
2018-08-30T20:00:00+09:00,J2,377,387,764
2018-08-30T20:00:00+09:00,J3,426,297,723
2018-08-30T20:00:00+09:00,J4,638,547,1185
2018-08-30T20:00:00+09:00,J5,389,439,828
2018-08-30T20:15:00+09:00,J1,452,620,1072
2018-08-30T20:15:00+09:00,J2,358,374,732
2018-08-30T20:15:00+09:00,J3,419,328,747
2018-08-30T20:15:00+09:00,J4,635,629,1264
2018-08-30T20:15:00+09:00,J5,359,439,798
2018-08-30T20:30:00+09:00,J1,477,577,1054
2018-08-30T20:30:00+09:00,J2,361,402,763
2018-08-30T20:30:00+09:00,J3,449,396,845
2018-08-30T20:30:00+09:00,J4,635,520,1155
2018-08-30T20:30:00+09:00,J5,390,456,846
2018-08-30T20:45:00+09:00,J1,490,502,992
2018-08-30T20:45:00+09:00,J2,360,394,754
2018-08-30T20:45:00+09:00,J3,391,293,684
2018-08-30T20:45:00+09:00,J4,529,422,951
2018-08-30T20:45:00+09:00,J5,318,396,714
2018-08-30T21:00:00+09:00,J1,500,526,1026
2018-08-30T21:00:00+09:00,J2,384,434,818
2018-08-30T21:00:00+09:00,J3,377,295,672
2018-08-30T21:00:00+09:00,J4,585,490,1075
2018-08-30T21:00:00+09:00,J5,350,455,805
2018-08-30T21:15:00+09:00,J1,488,528,1016
2018-08-30T21:15:00+09:00,J2,340,368,708
2018-08-30T21:15:00+09:00,J3,365,341,706
2018-08-30T21:15:00+09:00,J4,623,491,1114
2018-08-30T21:15:00+09:00,J5,312,415,727
2018-08-30T21:30:00+09:00,J1,376,383,759
2018-08-30T21:30:00+09:00,J2,265,305,570
2018-08-30T21:30:00+09:00,J3,356,283,639
2018-08-30T21:30:00+09:00,J4,564,507,1071
2018-08-30T21:30:00+09:00,J5,390,392,782
2018-08-30T21:45:00+09:00,J1,380,433,813
2018-08-30T21:45:00+09:00,J2,258,335,593
2018-08-30T21:45:00+09:00,J3,311,254,565
2018-08-30T21:45:00+09:00,J4,507,476,983
2018-08-30T21:45:00+09:00,J5,342,346,688
2018-08-30T22:00:00+09:00,J1,359,370,729
2018-08-30T22:00:00+09:00,J2,175,235,410
2018-08-30T22:00:00+09:00,J3,295,217,512
2018-08-30T22:00:00+09:00,J4,525,491,1016
2018-08-30T22:00:00+09:00,J5,346,380,726
2018-08-30T22:15:00+09:00,J1,341,411,752
2018-08-30T22:15:00+09:00,J2,186,233,419
2018-08-30T22:15:00+09:00,J3,256,199,455
2018-08-30T22:15:00+09:00,J4,588,517,1105
2018-08-30T22:15:00+09:00,J5,311,405,716
2018-08-30T22:30:00+09:00,J1,396,435,831
2018-08-30T22:30:00+09:00,J2,169,238,407
2018-08-30T22:30:00+09:00,J3,221,215,436
2018-08-30T22:30:00+09:00,J4,572,562,1134
2018-08-30T22:30:00+09:00,J5,395,354,749
2018-08-30T22:45:00+09:00,J1,359,406,765
2018-08-30T22:45:00+09:00,J2,211,243,454
2018-08-30T22:45:00+09:00,J3,265,224,489
2018-08-30T22:45:00+09:00,J4,489,419,908
2018-08-30T22:45:00+09:00,J5,382,349,731
2018-08-30T23:00:00+09:00,J1,280,302,582
2018-08-30T23:00:00+09:00,J2,246,304,550
2018-08-30T23:00:00+09:00,J3,287,218,505
2018-08-30T23:00:00+09:00,J4,466,420,886
2018-08-30T23:00:00+09:00,J5,335,406,741
2018-08-30T23:15:00+09:00,J1,274,335,609
2018-08-30T23:15:00+09:00,J2,237,270,507
2018-08-30T23:15:00+09:00,J3,200,184,384
2018-08-30T23:15:00+09:00,J4,480,451,931
2018-08-30T23:15:00+09:00,J5,319,331,650
2018-08-30T23:30:00+09:00,J1,326,371,697
2018-08-30T23:30:00+09:00,J2,214,245,459
2018-08-30T23:30:00+09:00,J3,228,196,424
2018-08-30T23:30:00+09:00,J4,460,448,908
2018-08-30T23:30:00+09:00,J5,323,349,672
2018-08-30T23:45:00+09:00,J1,295,318,613
2018-08-30T23:45:00+09:00,J2,216,279,495
2018-08-30T23:45:00+09:00,J3,224,159,383
2018-08-30T23:45:00+09:00,J4,448,409,857
2018-08-30T23:45:00+09:00,J5,341,325,666
2018-08-31T00:00:00+09:00,J1,279,293,572
2018-08-31T00:00:00+09:00,J2,172,199,371
2018-08-31T00:00:00+09:00,J3,207,188,395
2018-08-31T00:00:00+09:00,J4,336,310,646
2018-08-31T00:00:00+09:00,J5,335,338,673
2018-08-31T00:15:00+09:00,J1,269,198,467
2018-08-31T00:15:00+09:00,J2,191,211,402
2018-08-31T00:15:00+09:00,J3,238,285,523
2018-08-31T00:15:00+09:00,J4,211,235,446
2018-08-31T00:15:00+09:00,J5,209,234,443
2018-08-31T00:30:00+09:00,J1,272,224,496
2018-08-31T00:30:00+09:00,J2,260,208,468
2018-08-31T00:30:00+09:00,J3,261,283,544
2018-08-31T00:30:00+09:00,J4,140,147,287
2018-08-31T00:30:00+09:00,J5,191,202,393
2018-08-31T00:45:00+09:00,J1,292,229,521
2018-08-31T00:45:00+09:00,J2,300,303,603
2018-08-31T00:45:00+09:00,J3,240,260,500
2018-08-31T00:45:00+09:00,J4,159,160,319
2018-08-31T00:45:00+09:00,J5,181,189,370
2018-08-31T05:45:00+09:00,J1,307,304,611
2018-08-31T05:45:00+09:00,J2,221,215,436
2018-08-31T05:45:00+09:00,J3,348,297,645
2018-08-31T05:45:00+09:00,J4,411,418,829
2018-08-31T05:45:00+09:00,J5,134,180,314
2018-08-31T06:00:00+09:00,J1,360,373,733
2018-08-31T06:00:00+09:00,J2,286,260,546
2018-08-31T06:00:00+09:00,J3,258,274,532
2018-08-31T06:00:00+09:00,J4,252,305,557
2018-08-31T06:00:00+09:00,J5,148,194,342
2018-08-31T06:15:00+09:00,J1,361,308,669
2018-08-31T06:15:00+09:00,J2,317,284,601
2018-08-31T06:15:00+09:00,J3,263,285,548
2018-08-31T06:15:00+09:00,J4,373,417,790
2018-08-31T06:15:00+09:00,J5,169,211,380
2018-08-31T06:30:00+09:00,J1,350,341,691
2018-08-31T06:30:00+09:00,J2,270,251,521
2018-08-31T06:30:00+09:00,J3,234,286,520
2018-08-31T06:30:00+09:00,J4,323,346,669
2018-08-31T06:30:00+09:00,J5,144,228,372
2018-08-31T06:45:00+09:00,J1,354,341,695
2018-08-31T06:45:00+09:00,J2,292,251,543
2018-08-31T06:45:00+09:00,J3,303,245,548
2018-08-31T06:45:00+09:00,J4,280,317,597
2018-08-31T06:45:00+09:00,J5,181,281,462
2018-08-31T07:00:00+09:00,J1,398,348,746
2018-08-31T07:00:00+09:00,J2,335,247,582
2018-08-31T07:00:00+09:00,J3,298,272,570
2018-08-31T07:00:00+09:00,J4,342,384,726
2018-08-31T07:00:00+09:00,J5,225,284,509
2018-08-31T07:15:00+09:00,J1,493,382,875
2018-08-31T07:15:00+09:00,J2,344,213,557
2018-08-31T07:15:00+09:00,J3,314,340,654
2018-08-31T07:15:00+09:00,J4,361,401,762
2018-08-31T07:15:00+09:00,J5,209,269,478
2018-08-31T07:30:00+09:00,J1,558,414,972
2018-08-31T07:30:00+09:00,J2,305,240,545
2018-08-31T07:30:00+09:00,J3,458,434,892
2018-08-31T07:30:00+09:00,J4,373,534,907
2018-08-31T07:30:00+09:00,J5,268,320,588
2018-08-31T07:45:00+09:00,J1,713,517,1230
2018-08-31T07:45:00+09:00,J2,446,333,779
2018-08-31T07:45:00+09:00,J3,519,564,1083
2018-08-31T07:45:00+09:00,J4,489,718,1207
2018-08-31T07:45:00+09:00,J5,360,376,736
2018-08-31T08:00:00+09:00,J1,961,624,1585
2018-08-31T08:00:00+09:00,J2,529,395,924
2018-08-31T08:00:00+09:00,J3,639,676,1315
2018-08-31T08:00:00+09:00,J4,583,942,1525
2018-08-31T08:00:00+09:00,J5,462,388,850
2018-08-31T08:15:00+09:00,J1,1086,714,1800
2018-08-31T08:15:00+09:00,J2,669,490,1159
2018-08-31T08:15:00+09:00,J3,759,820,1579
2018-08-31T08:15:00+09:00,J4,708,1167,1875
2018-08-31T08:15:00+09:00,J5,346,281,627
2018-08-31T08:30:00+09:00,J1,1161,704,1865
2018-08-31T08:30:00+09:00,J2,781,457,1238
2018-08-31T08:30:00+09:00,J3,830,875,1705
2018-08-31T08:30:00+09:00,J4,762,1234,1996
2018-08-31T08:30:00+09:00,J5,357,295,652
2018-08-31T08:45:00+09:00,J1,757,557,1314
2018-08-31T08:45:00+09:00,J2,479,362,841
2018-08-31T08:45:00+09:00,J3,736,700,1436
2018-08-31T08:45:00+09:00,J4,616,880,1496
2018-08-31T08:45:00+09:00,J5,315,225,540
2018-08-31T09:00:00+09:00,J1,674,531,1205
2018-08-31T09:00:00+09:00,J2,433,294,727
2018-08-31T09:00:00+09:00,J3,573,489,1062
2018-08-31T09:00:00+09:00,J4,599,751,1350
2018-08-31T09:00:00+09:00,J5,365,278,643
2018-08-31T09:15:00+09:00,J1,630,507,1137
2018-08-31T09:15:00+09:00,J2,414,337,751
2018-08-31T09:15:00+09:00,J3,569,467,1036
2018-08-31T09:15:00+09:00,J4,633,756,1389
2018-08-31T09:15:00+09:00,J5,299,282,581
2018-08-31T09:30:00+09:00,J1,634,447,1081
2018-08-31T09:30:00+09:00,J2,391,317,708
2018-08-31T09:30:00+09:00,J3,585,514,1099
2018-08-31T09:30:00+09:00,J4,546,743,1289
2018-08-31T09:30:00+09:00,J5,389,350,739
2018-08-31T09:45:00+09:00,J1,598,495,1093
2018-08-31T09:45:00+09:00,J2,336,347,683
2018-08-31T09:45:00+09:00,J3,534,449,983
2018-08-31T09:45:00+09:00,J4,516,668,1184
2018-08-31T09:45:00+09:00,J5,373,376,749
2018-08-31T10:00:00+09:00,J1,548,609,1157
2018-08-31T10:00:00+09:00,J2,338,386,724
2018-08-31T10:00:00+09:00,J3,555,432,987
2018-08-31T10:00:00+09:00,J4,533,618,1151
2018-08-31T10:00:00+09:00,J5,477,413,890
2018-08-31T10:15:00+09:00,J1,630,589,1219
2018-08-31T10:15:00+09:00,J2,410,420,830
2018-08-31T10:15:00+09:00,J3,625,538,1163
2018-08-31T10:15:00+09:00,J4,603,714,1317
2018-08-31T10:15:00+09:00,J5,393,411,804
2018-08-31T10:30:00+09:00,J1,632,642,1274
2018-08-31T10:30:00+09:00,J2,464,440,904
2018-08-31T10:30:00+09:00,J3,735,560,1295
2018-08-31T10:30:00+09:00,J4,635,759,1394
2018-08-31T10:30:00+09:00,J5,420,445,865
2018-08-31T10:45:00+09:00,J1,639,604,1243
2018-08-31T10:45:00+09:00,J2,508,496,1004
2018-08-31T10:45:00+09:00,J3,722,599,1321
2018-08-31T10:45:00+09:00,J4,674,768,1442
2018-08-31T10:45:00+09:00,J5,386,390,776
2018-08-31T11:00:00+09:00,J1,614,614,1228
2018-08-31T11:00:00+09:00,J2,431,436,867
2018-08-31T11:00:00+09:00,J3,715,650,1365
2018-08-31T11:00:00+09:00,J4,700,773,1473
2018-08-31T11:00:00+09:00,J5,429,346,775
2018-08-31T11:15:00+09:00,J1,633,642,1275
2018-08-31T11:15:00+09:00,J2,430,424,854
2018-08-31T11:15:00+09:00,J3,758,593,1351
2018-08-31T11:15:00+09:00,J4,694,732,1426
2018-08-31T11:15:00+09:00,J5,385,401,786
2018-08-31T11:30:00+09:00,J1,699,745,1444
2018-08-31T11:30:00+09:00,J2,499,492,991
2018-08-31T11:30:00+09:00,J3,704,689,1393
2018-08-31T11:30:00+09:00,J4,703,830,1533
2018-08-31T11:30:00+09:00,J5,379,421,800
2018-08-31T11:45:00+09:00,J1,638,676,1314
2018-08-31T11:45:00+09:00,J2,485,430,915
2018-08-31T11:45:00+09:00,J3,706,625,1331
2018-08-31T11:45:00+09:00,J4,692,688,1380
2018-08-31T11:45:00+09:00,J5,411,421,832
2018-08-31T12:00:00+09:00,J1,645,752,1397
2018-08-31T12:00:00+09:00,J2,480,431,911
2018-08-31T12:00:00+09:00,J3,779,736,1515
2018-08-31T12:00:00+09:00,J4,722,697,1419
2018-08-31T12:00:00+09:00,J5,467,450,917
2018-08-31T12:15:00+09:00,J1,783,849,1632
2018-08-31T12:15:00+09:00,J2,571,494,1065
2018-08-31T12:15:00+09:00,J3,835,760,1595
2018-08-31T12:15:00+09:00,J4,764,603,1367
2018-08-31T12:15:00+09:00,J5,459,456,915
2018-08-31T12:30:00+09:00,J1,689,730,1419
2018-08-31T12:30:00+09:00,J2,521,472,993
2018-08-31T12:30:00+09:00,J3,658,701,1359
2018-08-31T12:30:00+09:00,J4,698,672,1370
2018-08-31T12:30:00+09:00,J5,458,493,951
2018-08-31T12:45:00+09:00,J1,652,675,1327
2018-08-31T12:45:00+09:00,J2,484,490,974
2018-08-31T12:45:00+09:00,J3,650,617,1267
2018-08-31T12:45:00+09:00,J4,701,658,1359
2018-08-31T12:45:00+09:00,J5,445,408,853
2018-08-31T13:00:00+09:00,J1,622,751,1373
2018-08-31T13:00:00+09:00,J2,515,493,1008
2018-08-31T13:00:00+09:00,J3,766,691,1457
2018-08-31T13:00:00+09:00,J4,719,657,1376
2018-08-31T13:00:00+09:00,J5,440,447,887
2018-08-31T13:15:00+09:00,J1,632,762,1394
2018-08-31T13:15:00+09:00,J2,468,538,1006
2018-08-31T13:15:00+09:00,J3,706,692,1398
2018-08-31T13:15:00+09:00,J4,762,647,1409
2018-08-31T13:15:00+09:00,J5,405,409,814
2018-08-31T13:30:00+09:00,J1,594,684,1278
2018-08-31T13:30:00+09:00,J2,464,431,895
2018-08-31T13:30:00+09:00,J3,623,599,1222
2018-08-31T13:30:00+09:00,J4,680,655,1335
2018-08-31T13:30:00+09:00,J5,397,445,842
2018-08-31T13:45:00+09:00,J1,561,637,1198
2018-08-31T13:45:00+09:00,J2,383,411,794
2018-08-31T13:45:00+09:00,J3,636,663,1299
2018-08-31T13:45:00+09:00,J4,738,668,1406
2018-08-31T13:45:00+09:00,J5,462,401,863
2018-08-31T14:00:00+09:00,J1,547,664,1211
2018-08-31T14:00:00+09:00,J2,428,435,863
2018-08-31T14:00:00+09:00,J3,625,645,1270
2018-08-31T14:00:00+09:00,J4,695,680,1375
2018-08-31T14:00:00+09:00,J5,401,394,795
2018-08-31T14:15:00+09:00,J1,579,592,1171
2018-08-31T14:15:00+09:00,J2,337,359,696
2018-08-31T14:15:00+09:00,J3,620,682,1302
2018-08-31T14:15:00+09:00,J4,614,616,1230
2018-08-31T14:15:00+09:00,J5,380,401,781
2018-08-31T14:30:00+09:00,J1,640,661,1301
2018-08-31T14:30:00+09:00,J2,370,412,782
2018-08-31T14:30:00+09:00,J3,639,629,1268
2018-08-31T14:30:00+09:00,J4,663,641,1304
2018-08-31T14:30:00+09:00,J5,436,404,840
2018-08-31T14:45:00+09:00,J1,595,675,1270
2018-08-31T14:45:00+09:00,J2,362,420,782
2018-08-31T14:45:00+09:00,J3,600,671,1271
2018-08-31T14:45:00+09:00,J4,621,631,1252
2018-08-31T14:45:00+09:00,J5,414,413,827
2018-08-31T15:00:00+09:00,J1,569,632,1201
2018-08-31T15:00:00+09:00,J2,399,485,884
2018-08-31T15:00:00+09:00,J3,621,655,1276
2018-08-31T15:00:00+09:00,J4,660,618,1278
2018-08-31T15:00:00+09:00,J5,383,374,757
2018-08-31T15:15:00+09:00,J1,629,701,1330
2018-08-31T15:15:00+09:00,J2,399,447,846
2018-08-31T15:15:00+09:00,J3,679,613,1292
2018-08-31T15:15:00+09:00,J4,669,630,1299
2018-08-31T15:15:00+09:00,J5,419,417,836
2018-08-31T15:30:00+09:00,J1,566,666,1232
2018-08-31T15:30:00+09:00,J2,368,431,799
2018-08-31T15:30:00+09:00,J3,627,593,1220
2018-08-31T15:30:00+09:00,J4,728,686,1414
2018-08-31T15:30:00+09:00,J5,410,431,841
2018-08-31T15:45:00+09:00,J1,585,669,1254
2018-08-31T15:45:00+09:00,J2,372,347,719
2018-08-31T15:45:00+09:00,J3,649,606,1255
2018-08-31T15:45:00+09:00,J4,714,613,1327
2018-08-31T15:45:00+09:00,J5,388,426,814
2018-08-31T16:00:00+09:00,J1,585,697,1282
2018-08-31T16:00:00+09:00,J2,376,450,826
2018-08-31T16:00:00+09:00,J3,664,636,1300
2018-08-31T16:00:00+09:00,J4,636,563,1199
2018-08-31T16:00:00+09:00,J5,408,389,797
2018-08-31T16:15:00+09:00,J1,656,761,1417
2018-08-31T16:15:00+09:00,J2,410,401,811
2018-08-31T16:15:00+09:00,J3,649,660,1309
2018-08-31T16:15:00+09:00,J4,770,656,1426
2018-08-31T16:15:00+09:00,J5,437,443,880
2018-08-31T16:30:00+09:00,J1,632,701,1333
2018-08-31T16:30:00+09:00,J2,370,421,791
2018-08-31T16:30:00+09:00,J3,634,626,1260
2018-08-31T16:30:00+09:00,J4,755,664,1419
2018-08-31T16:30:00+09:00,J5,448,478,926
2018-08-31T16:45:00+09:00,J1,598,688,1286
2018-08-31T16:45:00+09:00,J2,354,433,787
2018-08-31T16:45:00+09:00,J3,677,608,1285
2018-08-31T16:45:00+09:00,J4,720,646,1366
2018-08-31T16:45:00+09:00,J5,410,488,898
2018-08-31T17:00:00+09:00,J1,688,791,1479
2018-08-31T17:00:00+09:00,J2,403,467,870
2018-08-31T17:00:00+09:00,J3,654,560,1214
2018-08-31T17:00:00+09:00,J4,760,664,1424
2018-08-31T17:00:00+09:00,J5,433,489,922
2018-08-31T17:15:00+09:00,J1,749,881,1630
2018-08-31T17:15:00+09:00,J2,439,476,915
2018-08-31T17:15:00+09:00,J3,776,629,1405
2018-08-31T17:15:00+09:00,J4,818,763,1581
2018-08-31T17:15:00+09:00,J5,448,538,986
2018-08-31T17:30:00+09:00,J1,788,905,1693
2018-08-31T17:30:00+09:00,J2,501,532,1033
2018-08-31T17:30:00+09:00,J3,812,670,1482
2018-08-31T17:30:00+09:00,J4,898,764,1662
2018-08-31T17:30:00+09:00,J5,416,566,982
2018-08-31T17:45:00+09:00,J1,775,972,1747
2018-08-31T17:45:00+09:00,J2,518,594,1112
2018-08-31T17:45:00+09:00,J3,787,634,1421
2018-08-31T17:45:00+09:00,J4,899,714,1613
2018-08-31T17:45:00+09:00,J5,427,516,943
2018-08-31T18:00:00+09:00,J1,752,1001,1753
2018-08-31T18:00:00+09:00,J2,459,587,1046
2018-08-31T18:00:00+09:00,J3,915,533,1448
2018-08-31T18:00:00+09:00,J4,927,841,1768
2018-08-31T18:00:00+09:00,J5,436,577,1013
2018-08-31T18:15:00+09:00,J1,804,957,1761
2018-08-31T18:15:00+09:00,J2,505,534,1039
2018-08-31T18:15:00+09:00,J3,891,616,1507
2018-08-31T18:15:00+09:00,J4,941,771,1712
2018-08-31T18:15:00+09:00,J5,512,588,1100
2018-08-31T18:30:00+09:00,J1,727,900,1627
2018-08-31T18:30:00+09:00,J2,459,529,988
2018-08-31T18:30:00+09:00,J3,783,505,1288
2018-08-31T18:30:00+09:00,J4,876,739,1615
2018-08-31T18:30:00+09:00,J5,417,487,904
2018-08-31T18:45:00+09:00,J1,709,774,1483
2018-08-31T18:45:00+09:00,J2,426,426,852
2018-08-31T18:45:00+09:00,J3,692,491,1183
2018-08-31T18:45:00+09:00,J4,832,732,1564
2018-08-31T18:45:00+09:00,J5,454,521,975
2018-08-31T19:00:00+09:00,J1,640,714,1354
2018-08-31T19:00:00+09:00,J2,404,453,857
2018-08-31T19:00:00+09:00,J3,681,443,1124
2018-08-31T19:00:00+09:00,J4,821,771,1592
2018-08-31T19:00:00+09:00,J5,399,511,910
2018-08-31T19:15:00+09:00,J1,601,721,1322
2018-08-31T19:15:00+09:00,J2,437,450,887
2018-08-31T19:15:00+09:00,J3,624,481,1105
2018-08-31T19:15:00+09:00,J4,847,702,1549
2018-08-31T19:15:00+09:00,J5,420,523,943
2018-08-31T19:30:00+09:00,J1,537,723,1260
2018-08-31T19:30:00+09:00,J2,396,432,828
2018-08-31T19:30:00+09:00,J3,585,432,1017
2018-08-31T19:30:00+09:00,J4,676,528,1204
2018-08-31T19:30:00+09:00,J5,359,516,875
2018-08-31T19:45:00+09:00,J1,562,629,1191
2018-08-31T19:45:00+09:00,J2,337,356,693
2018-08-31T19:45:00+09:00,J3,493,420,913
2018-08-31T19:45:00+09:00,J4,590,489,1079
2018-08-31T19:45:00+09:00,J5,336,486,822
2018-08-31T20:00:00+09:00,J1,618,641,1259
2018-08-31T20:00:00+09:00,J2,342,385,727
2018-08-31T20:00:00+09:00,J3,518,439,957
2018-08-31T20:00:00+09:00,J4,605,439,1044
2018-08-31T20:00:00+09:00,J5,358,446,804
2018-08-31T20:15:00+09:00,J1,523,673,1196
2018-08-31T20:15:00+09:00,J2,379,426,805
2018-08-31T20:15:00+09:00,J3,537,415,952
2018-08-31T20:15:00+09:00,J4,552,421,973
2018-08-31T20:15:00+09:00,J5,315,417,732
2018-08-31T20:30:00+09:00,J1,569,662,1231
2018-08-31T20:30:00+09:00,J2,300,336,636
2018-08-31T20:30:00+09:00,J3,464,418,882
2018-08-31T20:30:00+09:00,J4,457,394,851
2018-08-31T20:30:00+09:00,J5,333,434,767
2018-08-31T20:45:00+09:00,J1,574,611,1185
2018-08-31T20:45:00+09:00,J2,262,299,561
2018-08-31T20:45:00+09:00,J3,448,359,807
2018-08-31T20:45:00+09:00,J4,494,332,826
2018-08-31T20:45:00+09:00,J5,331,462,793
2018-08-31T21:00:00+09:00,J1,627,662,1289
2018-08-31T21:00:00+09:00,J2,348,326,674
2018-08-31T21:00:00+09:00,J3,471,363,834
2018-08-31T21:00:00+09:00,J4,456,380,836
2018-08-31T21:00:00+09:00,J5,315,387,702
2018-08-31T21:15:00+09:00,J1,615,652,1267
2018-08-31T21:15:00+09:00,J2,296,329,625
2018-08-31T21:15:00+09:00,J3,483,398,881
2018-08-31T21:15:00+09:00,J4,518,356,874
2018-08-31T21:15:00+09:00,J5,303,417,720
2018-08-31T21:30:00+09:00,J1,602,643,1245
2018-08-31T21:30:00+09:00,J2,317,348,665
2018-08-31T21:30:00+09:00,J3,464,353,817
2018-08-31T21:30:00+09:00,J4,420,360,780
2018-08-31T21:30:00+09:00,J5,297,358,655
2018-08-31T21:45:00+09:00,J1,638,692,1330
2018-08-31T21:45:00+09:00,J2,393,377,770
2018-08-31T21:45:00+09:00,J3,371,339,710
2018-08-31T21:45:00+09:00,J4,407,321,728
2018-08-31T21:45:00+09:00,J5,295,298,593
2018-08-31T22:00:00+09:00,J1,633,663,1296
2018-08-31T22:00:00+09:00,J2,335,357,692
2018-08-31T22:00:00+09:00,J3,329,306,635
2018-08-31T22:00:00+09:00,J4,405,315,720
2018-08-31T22:00:00+09:00,J5,293,298,591
2018-08-31T22:15:00+09:00,J1,543,631,1174
2018-08-31T22:15:00+09:00,J2,283,273,556
2018-08-31T22:15:00+09:00,J3,344,272,616
2018-08-31T22:15:00+09:00,J4,416,345,761
2018-08-31T22:15:00+09:00,J5,283,312,595
2018-08-31T22:30:00+09:00,J1,546,605,1151
2018-08-31T22:30:00+09:00,J2,257,263,520
2018-08-31T22:30:00+09:00,J3,354,307,661
2018-08-31T22:30:00+09:00,J4,512,442,954
2018-08-31T22:30:00+09:00,J5,247,264,511
2018-08-31T22:45:00+09:00,J1,555,555,1110
2018-08-31T22:45:00+09:00,J2,291,298,589
2018-08-31T22:45:00+09:00,J3,340,316,656
2018-08-31T22:45:00+09:00,J4,476,405,881
2018-08-31T22:45:00+09:00,J5,230,271,501
2018-08-31T23:00:00+09:00,J1,513,513,1026
2018-08-31T23:00:00+09:00,J2,331,324,655
2018-08-31T23:00:00+09:00,J3,335,285,620
2018-08-31T23:00:00+09:00,J4,443,405,848
2018-08-31T23:00:00+09:00,J5,249,267,516
2018-08-31T23:15:00+09:00,J1,454,452,906
2018-08-31T23:15:00+09:00,J2,296,352,648
2018-08-31T23:15:00+09:00,J3,296,289,585
2018-08-31T23:15:00+09:00,J4,575,513,1088
2018-08-31T23:15:00+09:00,J5,266,282,548
2018-08-31T23:30:00+09:00,J1,409,513,922
2018-08-31T23:30:00+09:00,J2,247,341,588
2018-08-31T23:30:00+09:00,J3,303,310,613
2018-08-31T23:30:00+09:00,J4,407,439,846
2018-08-31T23:30:00+09:00,J5,214,225,439
2018-08-31T23:45:00+09:00,J1,388,422,810
2018-08-31T23:45:00+09:00,J2,273,324,597
2018-08-31T23:45:00+09:00,J3,318,253,571
2018-08-31T23:45:00+09:00,J4,379,377,756
2018-08-31T23:45:00+09:00,J5,200,243,443
2018-09-01T00:00:00+09:00,J1,343,313,656
2018-09-01T00:00:00+09:00,J2,286,258,544
2018-09-01T00:00:00+09:00,J3,237,204,441
2018-09-01T00:00:00+09:00,J4,437,379,816
2018-09-01T00:00:00+09:00,J5,191,221,412
2018-09-01T00:15:00+09:00,J1,187,176,363
2018-09-01T00:15:00+09:00,J2,304,265,569
2018-09-01T00:15:00+09:00,J3,246,264,510
2018-09-01T00:15:00+09:00,J4,235,207,442
2018-09-01T00:15:00+09:00,J5,188,175,363
2018-09-01T00:30:00+09:00,J1,205,168,373
2018-09-01T00:30:00+09:00,J2,232,218,450
2018-09-01T00:30:00+09:00,J3,357,320,677
2018-09-01T00:30:00+09:00,J4,203,241,444
2018-09-01T00:30:00+09:00,J5,150,201,351
2018-09-01T00:45:00+09:00,J1,190,157,347
2018-09-01T00:45:00+09:00,J2,206,217,423
2018-09-01T00:45:00+09:00,J3,420,298,718
2018-09-01T00:45:00+09:00,J4,286,280,566
2018-09-01T00:45:00+09:00,J5,151,201,352
