日時,アレイ,札幌→大通り,大通り→札幌,合計
2019-11-01T05:45:00+09:00,J1,174,202,376
2019-11-01T05:45:00+09:00,J2,217,194,411
2019-11-01T05:45:00+09:00,J3,526,480,1006
2019-11-01T05:45:00+09:00,J4,437,359,796
2019-11-01T05:45:00+09:00,J5,237,231,468
2019-11-01T06:00:00+09:00,J1,214,260,474
2019-11-01T06:00:00+09:00,J2,291,244,535
2019-11-01T06:00:00+09:00,J3,620,501,1121
2019-11-01T06:00:00+09:00,J4,523,458,981
2019-11-01T06:00:00+09:00,J5,226,235,461
2019-11-01T06:15:00+09:00,J1,374,341,715
2019-11-01T06:15:00+09:00,J2,334,247,581
2019-11-01T06:15:00+09:00,J3,619,491,1110
2019-11-01T06:15:00+09:00,J4,484,514,998
2019-11-01T06:15:00+09:00,J5,343,321,664
2019-11-01T06:30:00+09:00,J1,400,399,799
2019-11-01T06:30:00+09:00,J2,351,251,602
2019-11-01T06:30:00+09:00,J3,534,492,1026
2019-11-01T06:30:00+09:00,J4,404,435,839
2019-11-01T06:30:00+09:00,J5,277,314,591
2019-11-01T06:45:00+09:00,J1,487,428,915
2019-11-01T06:45:00+09:00,J2,484,304,788
2019-11-01T06:45:00+09:00,J3,517,469,986
2019-11-01T06:45:00+09:00,J4,549,562,1111
2019-11-01T06:45:00+09:00,J5,350,344,694
2019-11-01T07:00:00+09:00,J1,565,505,1070
2019-11-01T07:00:00+09:00,J2,509,325,834
2019-11-01T07:00:00+09:00,J3,525,427,952
2019-11-01T07:00:00+09:00,J4,673,677,1350
2019-11-01T07:00:00+09:00,J5,392,419,811
2019-11-01T07:15:00+09:00,J1,644,536,1180
2019-11-01T07:15:00+09:00,J2,515,374,889
2019-11-01T07:15:00+09:00,J3,522,542,1064
2019-11-01T07:15:00+09:00,J4,667,862,1529
2019-11-01T07:15:00+09:00,J5,411,461,872
2019-11-01T07:30:00+09:00,J1,475,366,841
2019-11-01T07:30:00+09:00,J2,415,185,600
2019-11-01T07:30:00+09:00,J3,446,391,837
2019-11-01T07:30:00+09:00,J4,550,558,1108
2019-11-01T07:30:00+09:00,J5,420,322,742
2019-11-01T07:45:00+09:00,J1,1104,779,1883
2019-11-01T07:45:00+09:00,J2,1084,851,1935
2019-11-01T07:45:00+09:00,J3,1073,1084,2157
2019-11-01T07:45:00+09:00,J4,1268,1289,2557
2019-11-01T07:45:00+09:00,J5,898,809,1707
2019-11-01T08:00:00+09:00,J1,1030,778,1808
2019-11-01T08:00:00+09:00,J2,934,607,1541
2019-11-01T08:00:00+09:00,J3,824,929,1753
2019-11-01T08:00:00+09:00,J4,792,1015,1807
2019-11-01T08:00:00+09:00,J5,523,525,1048
2019-11-01T08:15:00+09:00,J1,1096,695,1791
2019-11-01T08:15:00+09:00,J2,962,565,1527
2019-11-01T08:15:00+09:00,J3,853,1095,1948
2019-11-01T08:15:00+09:00,J4,694,1061,1755
2019-11-01T08:15:00+09:00,J5,519,591,1110
2019-11-01T08:30:00+09:00,J1,1048,795,1843
2019-11-01T08:30:00+09:00,J2,877,479,1356
2019-11-01T08:30:00+09:00,J3,854,1199,2053
2019-11-01T08:30:00+09:00,J4,813,1080,1893
2019-11-01T08:30:00+09:00,J5,532,612,1144
2019-11-01T08:45:00+09:00,J1,962,755,1717
2019-11-01T08:45:00+09:00,J2,574,303,877
2019-11-01T08:45:00+09:00,J3,763,958,1721
2019-11-01T08:45:00+09:00,J4,703,1042,1745
2019-11-01T08:45:00+09:00,J5,519,553,1072
2019-11-01T09:00:00+09:00,J1,880,682,1562
2019-11-01T09:00:00+09:00,J2,460,300,760
2019-11-01T09:00:00+09:00,J3,740,797,1537
2019-11-01T09:00:00+09:00,J4,622,776,1398
2019-11-01T09:00:00+09:00,J5,484,493,977
2019-11-01T09:15:00+09:00,J1,712,562,1274
2019-11-01T09:15:00+09:00,J2,451,332,783
2019-11-01T09:15:00+09:00,J3,663,742,1405
2019-11-01T09:15:00+09:00,J4,546,736,1282
2019-11-01T09:15:00+09:00,J5,550,559,1109
2019-11-01T09:30:00+09:00,J1,717,589,1306
2019-11-01T09:30:00+09:00,J2,482,358,840
2019-11-01T09:30:00+09:00,J3,800,744,1544
2019-11-01T09:30:00+09:00,J4,644,837,1481
2019-11-01T09:30:00+09:00,J5,564,602,1166
2019-11-01T09:45:00+09:00,J1,700,673,1373
2019-11-01T09:45:00+09:00,J2,379,316,695
2019-11-01T09:45:00+09:00,J3,782,796,1578
2019-11-01T09:45:00+09:00,J4,620,724,1344
2019-11-01T09:45:00+09:00,J5,500,524,1024
2019-11-01T10:00:00+09:00,J1,711,698,1409
2019-11-01T10:00:00+09:00,J2,475,416,891
2019-11-01T10:00:00+09:00,J3,653,746,1399
2019-11-01T10:00:00+09:00,J4,578,639,1217
2019-11-01T10:00:00+09:00,J5,483,454,937
2019-11-01T10:15:00+09:00,J1,728,560,1288
2019-11-01T10:15:00+09:00,J2,427,337,764
2019-11-01T10:15:00+09:00,J3,649,680,1329
2019-11-01T10:15:00+09:00,J4,636,636,1272
2019-11-01T10:15:00+09:00,J5,462,466,928
2019-11-01T10:30:00+09:00,J1,664,576,1240
2019-11-01T10:30:00+09:00,J2,384,371,755
2019-11-01T10:30:00+09:00,J3,656,616,1272
2019-11-01T10:30:00+09:00,J4,715,734,1449
2019-11-01T10:30:00+09:00,J5,500,469,969
2019-11-01T10:45:00+09:00,J1,677,706,1383
2019-11-01T10:45:00+09:00,J2,482,408,890
2019-11-01T10:45:00+09:00,J3,645,713,1358
2019-11-01T10:45:00+09:00,J4,635,689,1324
2019-11-01T10:45:00+09:00,J5,376,361,737
2019-11-01T11:00:00+09:00,J1,656,607,1263
2019-11-01T11:00:00+09:00,J2,368,455,823
2019-11-01T11:00:00+09:00,J3,709,702,1411
2019-11-01T11:00:00+09:00,J4,650,692,1342
2019-11-01T11:00:00+09:00,J5,321,356,677
2019-11-01T11:15:00+09:00,J1,809,760,1569
2019-11-01T11:15:00+09:00,J2,539,481,1020
2019-11-01T11:15:00+09:00,J3,802,657,1459
2019-11-01T11:15:00+09:00,J4,628,617,1245
2019-11-01T11:15:00+09:00,J5,302,353,655
2019-11-01T11:30:00+09:00,J1,783,753,1536
2019-11-01T11:30:00+09:00,J2,531,417,948
2019-11-01T11:30:00+09:00,J3,740,677,1417
2019-11-01T11:30:00+09:00,J4,704,707,1411
2019-11-01T11:30:00+09:00,J5,441,418,859
2019-11-01T11:45:00+09:00,J1,691,699,1390
2019-11-01T11:45:00+09:00,J2,555,475,1030
2019-11-01T11:45:00+09:00,J3,776,669,1445
2019-11-01T11:45:00+09:00,J4,779,773,1552
2019-11-01T11:45:00+09:00,J5,479,454,933
2019-11-01T12:00:00+09:00,J1,755,751,1506
2019-11-01T12:00:00+09:00,J2,672,541,1213
2019-11-01T12:00:00+09:00,J3,776,724,1500
2019-11-01T12:00:00+09:00,J4,840,853,1693
2019-11-01T12:00:00+09:00,J5,468,473,941
2019-11-01T12:15:00+09:00,J1,682,708,1390
2019-11-01T12:15:00+09:00,J2,747,615,1362
2019-11-01T12:15:00+09:00,J3,740,689,1429
2019-11-01T12:15:00+09:00,J4,901,830,1731
2019-11-01T12:15:00+09:00,J5,502,431,933
2019-11-01T12:30:00+09:00,J1,633,731,1364
2019-11-01T12:30:00+09:00,J2,772,592,1364
2019-11-01T12:30:00+09:00,J3,832,745,1577
2019-11-01T12:30:00+09:00,J4,888,814,1702
2019-11-01T12:30:00+09:00,J5,458,465,923
2019-11-01T12:45:00+09:00,J1,743,731,1474
2019-11-01T12:45:00+09:00,J2,646,518,1164
2019-11-01T12:45:00+09:00,J3,893,798,1691
2019-11-01T12:45:00+09:00,J4,930,860,1790
2019-11-01T12:45:00+09:00,J5,454,437,891
2019-11-01T13:00:00+09:00,J1,810,744,1554
2019-11-01T13:00:00+09:00,J2,507,457,964
2019-11-01T13:00:00+09:00,J3,817,738,1555
2019-11-01T13:00:00+09:00,J4,879,851,1730
2019-11-01T13:00:00+09:00,J5,470,543,1013
2019-11-01T13:15:00+09:00,J1,737,795,1532
2019-11-01T13:15:00+09:00,J2,475,460,935
2019-11-01T13:15:00+09:00,J3,767,775,1542
2019-11-01T13:15:00+09:00,J4,918,884,1802
2019-11-01T13:15:00+09:00,J5,535,555,1090
2019-11-01T13:30:00+09:00,J1,756,792,1548
2019-11-01T13:30:00+09:00,J2,465,449,914
2019-11-01T13:30:00+09:00,J3,781,825,1606
2019-11-01T13:30:00+09:00,J4,880,856,1736
2019-11-01T13:30:00+09:00,J5,500,502,1002
2019-11-01T13:45:00+09:00,J1,784,796,1580
2019-11-01T13:45:00+09:00,J2,400,474,874
2019-11-01T13:45:00+09:00,J3,808,823,1631
2019-11-01T13:45:00+09:00,J4,834,860,1694
2019-11-01T13:45:00+09:00,J5,471,518,989
2019-11-01T14:00:00+09:00,J1,810,780,1590
2019-11-01T14:00:00+09:00,J2,502,533,1035
2019-11-01T14:00:00+09:00,J3,756,715,1471
2019-11-01T14:00:00+09:00,J4,867,883,1750
2019-11-01T14:00:00+09:00,J5,469,516,985
2019-11-01T14:15:00+09:00,J1,779,814,1593
2019-11-01T14:15:00+09:00,J2,526,540,1066
2019-11-01T14:15:00+09:00,J3,796,796,1592
2019-11-01T14:15:00+09:00,J4,904,914,1818
2019-11-01T14:15:00+09:00,J5,519,557,1076
2019-11-01T14:30:00+09:00,J1,727,805,1532
2019-11-01T14:30:00+09:00,J2,595,571,1166
2019-11-01T14:30:00+09:00,J3,783,797,1580
2019-11-01T14:30:00+09:00,J4,926,825,1751
2019-11-01T14:30:00+09:00,J5,496,521,1017
2019-11-01T14:45:00+09:00,J1,727,806,1533
2019-11-01T14:45:00+09:00,J2,459,531,990
2019-11-01T14:45:00+09:00,J3,754,798,1552
2019-11-01T14:45:00+09:00,J4,876,840,1716
2019-11-01T14:45:00+09:00,J5,556,547,1103
2019-11-01T15:00:00+09:00,J1,786,847,1633
2019-11-01T15:00:00+09:00,J2,562,502,1064
2019-11-01T15:00:00+09:00,J3,757,792,1549
2019-11-01T15:00:00+09:00,J4,880,757,1637
2019-11-01T15:00:00+09:00,J5,458,533,991
2019-11-01T15:15:00+09:00,J1,710,811,1521
2019-11-01T15:15:00+09:00,J2,533,544,1077
2019-11-01T15:15:00+09:00,J3,756,741,1497
2019-11-01T15:15:00+09:00,J4,913,896,1809
2019-11-01T15:15:00+09:00,J5,515,541,1056
2019-11-01T15:30:00+09:00,J1,625,649,1274
2019-11-01T15:30:00+09:00,J2,438,398,836
2019-11-01T15:30:00+09:00,J3,666,633,1299
2019-11-01T15:30:00+09:00,J4,703,661,1364
2019-11-01T15:30:00+09:00,J5,427,424,851
2019-11-01T15:45:00+09:00,J1,957,1054,2011
2019-11-01T15:45:00+09:00,J2,685,679,1364
2019-11-01T15:45:00+09:00,J3,872,841,1713
2019-11-01T15:45:00+09:00,J4,1069,1063,2132
2019-11-01T15:45:00+09:00,J5,604,653,1257
2019-11-01T16:00:00+09:00,J1,642,721,1363
2019-11-01T16:00:00+09:00,J2,468,489,957
2019-11-01T16:00:00+09:00,J3,681,731,1412
2019-11-01T16:00:00+09:00,J4,789,761,1550
2019-11-01T16:00:00+09:00,J5,451,499,950
2019-11-01T16:15:00+09:00,J1,795,958,1753
2019-11-01T16:15:00+09:00,J2,620,748,1368
2019-11-01T16:15:00+09:00,J3,874,891,1765
2019-11-01T16:15:00+09:00,J4,1018,918,1936
2019-11-01T16:15:00+09:00,J5,517,584,1101
2019-11-01T16:30:00+09:00,J1,750,805,1555
2019-11-01T16:30:00+09:00,J2,548,538,1086
2019-11-01T16:30:00+09:00,J3,779,688,1467
2019-11-01T16:30:00+09:00,J4,847,766,1613
2019-11-01T16:30:00+09:00,J5,474,519,993
2019-11-01T16:45:00+09:00,J1,770,809,1579
2019-11-01T16:45:00+09:00,J2,504,581,1085
2019-11-01T16:45:00+09:00,J3,772,753,1525
2019-11-01T16:45:00+09:00,J4,903,795,1698
2019-11-01T16:45:00+09:00,J5,503,526,1029
2019-11-01T17:00:00+09:00,J1,850,974,1824
2019-11-01T17:00:00+09:00,J2,627,630,1257
2019-11-01T17:00:00+09:00,J3,856,823,1679
2019-11-01T17:00:00+09:00,J4,946,937,1883
2019-11-01T17:00:00+09:00,J5,510,577,1087
2019-11-01T17:15:00+09:00,J1,881,1035,1916
2019-11-01T17:15:00+09:00,J2,582,645,1227
2019-11-01T17:15:00+09:00,J3,911,838,1749
2019-11-01T17:15:00+09:00,J4,883,735,1618
2019-11-01T17:15:00+09:00,J5,584,604,1188
2019-11-01T17:30:00+09:00,J1,1021,986,2007
2019-11-01T17:30:00+09:00,J2,706,779,1485
2019-11-01T17:30:00+09:00,J3,1065,894,1959
2019-11-01T17:30:00+09:00,J4,852,700,1552
2019-11-01T17:30:00+09:00,J5,575,620,1195
2019-11-01T17:45:00+09:00,J1,925,1024,1949
2019-11-01T17:45:00+09:00,J2,692,742,1434
2019-11-01T17:45:00+09:00,J3,1064,985,2049
2019-11-01T17:45:00+09:00,J4,823,689,1512
2019-11-01T17:45:00+09:00,J5,607,633,1240
2019-11-01T18:00:00+09:00,J1,987,933,1920
2019-11-01T18:00:00+09:00,J2,682,694,1376
2019-11-01T18:00:00+09:00,J3,1045,973,2018
2019-11-01T18:00:00+09:00,J4,812,645,1457
2019-11-01T18:00:00+09:00,J5,596,667,1263
2019-11-01T18:15:00+09:00,J1,863,967,1830
2019-11-01T18:15:00+09:00,J2,660,730,1390
2019-11-01T18:15:00+09:00,J3,1181,927,2108
2019-11-01T18:15:00+09:00,J4,856,706,1562
2019-11-01T18:15:00+09:00,J5,385,528,913
2019-11-01T18:30:00+09:00,J1,848,891,1739
2019-11-01T18:30:00+09:00,J2,566,617,1183
2019-11-01T18:30:00+09:00,J3,981,871,1852
2019-11-01T18:30:00+09:00,J4,835,678,1513
2019-11-01T18:30:00+09:00,J5,378,443,821
2019-11-01T18:45:00+09:00,J1,831,805,1636
2019-11-01T18:45:00+09:00,J2,583,574,1157
2019-11-01T18:45:00+09:00,J3,944,866,1810
2019-11-01T18:45:00+09:00,J4,916,846,1762
2019-11-01T18:45:00+09:00,J5,447,431,878
2019-11-01T19:00:00+09:00,J1,725,802,1527
2019-11-01T19:00:00+09:00,J2,703,541,1244
2019-11-01T19:00:00+09:00,J3,993,840,1833
2019-11-01T19:00:00+09:00,J4,884,893,1777
2019-11-01T19:00:00+09:00,J5,430,480,910
2019-11-01T19:15:00+09:00,J1,725,852,1577
2019-11-01T19:15:00+09:00,J2,780,666,1446
2019-11-01T19:15:00+09:00,J3,930,843,1773
2019-11-01T19:15:00+09:00,J4,872,835,1707
2019-11-01T19:15:00+09:00,J5,401,427,828
2019-11-01T19:30:00+09:00,J1,672,737,1409
2019-11-01T19:30:00+09:00,J2,733,617,1350
2019-11-01T19:30:00+09:00,J3,906,808,1714
2019-11-01T19:30:00+09:00,J4,971,877,1848
2019-11-01T19:30:00+09:00,J5,406,418,824
2019-11-01T19:45:00+09:00,J1,625,751,1376
2019-11-01T19:45:00+09:00,J2,659,574,1233
2019-11-01T19:45:00+09:00,J3,883,771,1654
2019-11-01T19:45:00+09:00,J4,951,820,1771
2019-11-01T19:45:00+09:00,J5,417,444,861
2019-11-01T20:00:00+09:00,J1,620,715,1335
2019-11-01T20:00:00+09:00,J2,723,589,1312
2019-11-01T20:00:00+09:00,J3,849,800,1649
2019-11-01T20:00:00+09:00,J4,895,900,1795
2019-11-01T20:00:00+09:00,J5,454,408,862
2019-11-01T20:15:00+09:00,J1,661,691,1352
2019-11-01T20:15:00+09:00,J2,675,613,1288
2019-11-01T20:15:00+09:00,J3,891,778,1669
2019-11-01T20:15:00+09:00,J4,881,833,1714
2019-11-01T20:15:00+09:00,J5,457,435,892
2019-11-01T20:30:00+09:00,J1,622,717,1339
2019-11-01T20:30:00+09:00,J2,716,489,1205
2019-11-01T20:30:00+09:00,J3,883,776,1659
2019-11-01T20:30:00+09:00,J4,941,938,1879
2019-11-01T20:30:00+09:00,J5,437,410,847
2019-11-01T20:45:00+09:00,J1,614,705,1319
2019-11-01T20:45:00+09:00,J2,653,529,1182
2019-11-01T20:45:00+09:00,J3,803,693,1496
2019-11-01T20:45:00+09:00,J4,860,798,1658
2019-11-01T20:45:00+09:00,J5,410,424,834
2019-11-01T21:00:00+09:00,J1,794,784,1578
2019-11-01T21:00:00+09:00,J2,491,508,999
2019-11-01T21:00:00+09:00,J3,768,643,1411
2019-11-01T21:00:00+09:00,J4,845,877,1722
2019-11-01T21:00:00+09:00,J5,352,375,727
2019-11-01T21:15:00+09:00,J1,733,798,1531
2019-11-01T21:15:00+09:00,J2,418,459,877
2019-11-01T21:15:00+09:00,J3,717,628,1345
2019-11-01T21:15:00+09:00,J4,915,849,1764
2019-11-01T21:15:00+09:00,J5,383,418,801
2019-11-01T21:30:00+09:00,J1,721,756,1477
2019-11-01T21:30:00+09:00,J2,423,428,851
2019-11-01T21:30:00+09:00,J3,787,579,1366
2019-11-01T21:30:00+09:00,J4,872,832,1704
2019-11-01T21:30:00+09:00,J5,457,419,876
2019-11-01T21:45:00+09:00,J1,700,778,1478
2019-11-01T21:45:00+09:00,J2,411,411,822
2019-11-01T21:45:00+09:00,J3,704,611,1315
2019-11-01T21:45:00+09:00,J4,936,875,1811
2019-11-01T21:45:00+09:00,J5,426,481,907
2019-11-01T22:00:00+09:00,J1,625,714,1339
2019-11-01T22:00:00+09:00,J2,400,457,857
2019-11-01T22:00:00+09:00,J3,687,639,1326
2019-11-01T22:00:00+09:00,J4,918,906,1824
2019-11-01T22:00:00+09:00,J5,356,409,765
2019-11-01T22:15:00+09:00,J1,589,631,1220
2019-11-01T22:15:00+09:00,J2,349,392,741
2019-11-01T22:15:00+09:00,J3,675,595,1270
2019-11-01T22:15:00+09:00,J4,823,814,1637
2019-11-01T22:15:00+09:00,J5,407,433,840
2019-11-01T22:30:00+09:00,J1,593,645,1238
2019-11-01T22:30:00+09:00,J2,283,300,583
2019-11-01T22:30:00+09:00,J3,611,568,1179
2019-11-01T22:30:00+09:00,J4,807,862,1669
2019-11-01T22:30:00+09:00,J5,390,427,817
2019-11-01T22:45:00+09:00,J1,577,673,1250
2019-11-01T22:45:00+09:00,J2,254,284,538
2019-11-01T22:45:00+09:00,J3,644,581,1225
2019-11-01T22:45:00+09:00,J4,646,706,1352
2019-11-01T22:45:00+09:00,J5,289,318,607
2019-11-01T23:00:00+09:00,J1,600,591,1191
2019-11-01T23:00:00+09:00,J2,279,338,617
2019-11-01T23:00:00+09:00,J3,635,623,1258
2019-11-01T23:00:00+09:00,J4,690,686,1376
2019-11-01T23:00:00+09:00,J5,284,297,581
2019-11-01T23:15:00+09:00,J1,561,631,1192
2019-11-01T23:15:00+09:00,J2,309,388,697
2019-11-01T23:15:00+09:00,J3,597,558,1155
2019-11-01T23:15:00+09:00,J4,585,741,1326
2019-11-01T23:15:00+09:00,J5,278,291,569
2019-11-01T23:30:00+09:00,J1,519,596,1115
2019-11-01T23:30:00+09:00,J2,387,398,785
2019-11-01T23:30:00+09:00,J3,622,586,1208
2019-11-01T23:30:00+09:00,J4,517,527,1044
2019-11-01T23:30:00+09:00,J5,262,266,528
2019-11-01T23:45:00+09:00,J1,531,601,1132
2019-11-01T23:45:00+09:00,J2,412,349,761
2019-11-01T23:45:00+09:00,J3,600,537,1137
2019-11-01T23:45:00+09:00,J4,526,574,1100
2019-11-01T23:45:00+09:00,J5,285,274,559
2019-11-02T00:00:00+09:00,J1,355,405,760
2019-11-02T00:00:00+09:00,J2,177,195,372
2019-11-02T00:00:00+09:00,J3,526,478,1004
2019-11-02T00:00:00+09:00,J4,530,590,1120
2019-11-02T00:00:00+09:00,J5,274,281,555
2019-11-02T00:15:00+09:00,J1,247,256,503
2019-11-02T00:15:00+09:00,J2,163,143,306
2019-11-02T00:15:00+09:00,J3,483,383,866
2019-11-02T00:15:00+09:00,J4,407,422,829
2019-11-02T00:15:00+09:00,J5,265,255,520
2019-11-02T00:30:00+09:00,J1,236,291,527
2019-11-02T00:30:00+09:00,J2,244,180,424
2019-11-02T00:30:00+09:00,J3,496,356,852
2019-11-02T00:30:00+09:00,J4,333,364,697
2019-11-02T00:30:00+09:00,J5,254,265,519
2019-11-02T00:45:00+09:00,J1,319,309,628
2019-11-02T00:45:00+09:00,J2,225,204,429
2019-11-02T00:45:00+09:00,J3,445,323,768
2019-11-02T00:45:00+09:00,J4,339,358,697
2019-11-02T00:45:00+09:00,J5,269,244,513
2019-11-02T05:45:00+09:00,J1,297,251,548
2019-11-02T05:45:00+09:00,J2,191,257,448
2019-11-02T05:45:00+09:00,J3,382,360,742
2019-11-02T05:45:00+09:00,J4,429,497,926
2019-11-02T05:45:00+09:00,J5,252,218,470
2019-11-02T06:00:00+09:00,J1,339,353,692
2019-11-02T06:00:00+09:00,J2,182,196,378
2019-11-02T06:00:00+09:00,J3,498,432,930
2019-11-02T06:00:00+09:00,J4,410,495,905
2019-11-02T06:00:00+09:00,J5,315,247,562
2019-11-02T06:15:00+09:00,J1,423,361,784
2019-11-02T06:15:00+09:00,J2,140,146,286
2019-11-02T06:15:00+09:00,J3,467,453,920
2019-11-02T06:15:00+09:00,J4,464,606,1070
2019-11-02T06:15:00+09:00,J5,315,280,595
2019-11-02T06:30:00+09:00,J1,389,436,825
2019-11-02T06:30:00+09:00,J2,160,186,346
2019-11-02T06:30:00+09:00,J3,425,403,828
2019-11-02T06:30:00+09:00,J4,425,494,919
2019-11-02T06:30:00+09:00,J5,311,287,598
2019-11-02T06:45:00+09:00,J1,367,377,744
2019-11-02T06:45:00+09:00,J2,151,129,280
2019-11-02T06:45:00+09:00,J3,498,422,920
2019-11-02T06:45:00+09:00,J4,559,644,1203
2019-11-02T06:45:00+09:00,J5,315,272,587
2019-11-02T07:00:00+09:00,J1,440,474,914
2019-11-02T07:00:00+09:00,J2,149,118,267
2019-11-02T07:00:00+09:00,J3,438,444,882
2019-11-02T07:00:00+09:00,J4,584,640,1224
2019-11-02T07:00:00+09:00,J5,333,314,647
2019-11-02T07:15:00+09:00,J1,431,434,865
2019-11-02T07:15:00+09:00,J2,124,131,255
2019-11-02T07:15:00+09:00,J3,531,461,992
2019-11-02T07:15:00+09:00,J4,833,801,1634
2019-11-02T07:15:00+09:00,J5,377,364,741
2019-11-02T07:30:00+09:00,J1,482,497,979
2019-11-02T07:30:00+09:00,J2,117,127,244
2019-11-02T07:30:00+09:00,J3,509,453,962
2019-11-02T07:30:00+09:00,J4,784,775,1559
2019-11-02T07:30:00+09:00,J5,353,369,722
2019-11-02T07:45:00+09:00,J1,461,498,959
2019-11-02T07:45:00+09:00,J2,113,106,219
2019-11-02T07:45:00+09:00,J3,567,488,1055
2019-11-02T07:45:00+09:00,J4,754,756,1510
2019-11-02T07:45:00+09:00,J5,348,419,767
2019-11-02T08:00:00+09:00,J1,753,741,1494
2019-11-02T08:00:00+09:00,J2,193,155,348
2019-11-02T08:00:00+09:00,J3,583,569,1152
2019-11-02T08:00:00+09:00,J4,831,823,1654
2019-11-02T08:00:00+09:00,J5,362,447,809
2019-11-02T08:15:00+09:00,J1,665,695,1360
2019-11-02T08:15:00+09:00,J2,257,237,494
2019-11-02T08:15:00+09:00,J3,725,681,1406
2019-11-02T08:15:00+09:00,J4,839,862,1701
2019-11-02T08:15:00+09:00,J5,407,451,858
2019-11-02T08:30:00+09:00,J1,781,814,1595
2019-11-02T08:30:00+09:00,J2,276,293,569
2019-11-02T08:30:00+09:00,J3,797,766,1563
2019-11-02T08:30:00+09:00,J4,898,960,1858
2019-11-02T08:30:00+09:00,J5,411,425,836
2019-11-02T08:45:00+09:00,J1,753,736,1489
2019-11-02T08:45:00+09:00,J2,208,240,448
2019-11-02T08:45:00+09:00,J3,682,578,1260
2019-11-02T08:45:00+09:00,J4,759,807,1566
2019-11-02T08:45:00+09:00,J5,325,340,665
2019-11-02T09:00:00+09:00,J1,651,609,1260
2019-11-02T09:00:00+09:00,J2,223,244,467
2019-11-02T09:00:00+09:00,J3,671,605,1276
2019-11-02T09:00:00+09:00,J4,877,935,1812
2019-11-02T09:00:00+09:00,J5,345,383,728
2019-11-02T09:15:00+09:00,J1,590,640,1230
2019-11-02T09:15:00+09:00,J2,253,211,464
2019-11-02T09:15:00+09:00,J3,659,629,1288
2019-11-02T09:15:00+09:00,J4,805,862,1667
2019-11-02T09:15:00+09:00,J5,403,467,870
2019-11-02T09:30:00+09:00,J1,661,544,1205
2019-11-02T09:30:00+09:00,J2,245,247,492
2019-11-02T09:30:00+09:00,J3,780,621,1401
2019-11-02T09:30:00+09:00,J4,938,986,1924
2019-11-02T09:30:00+09:00,J5,366,429,795
2019-11-02T09:45:00+09:00,J1,662,610,1272
2019-11-02T09:45:00+09:00,J2,279,333,612
2019-11-02T09:45:00+09:00,J3,757,653,1410
2019-11-02T09:45:00+09:00,J4,932,939,1871
2019-11-02T09:45:00+09:00,J5,413,445,858
2019-11-02T10:00:00+09:00,J1,572,617,1189
2019-11-02T10:00:00+09:00,J2,241,276,517
2019-11-02T10:00:00+09:00,J3,791,684,1475
2019-11-02T10:00:00+09:00,J4,993,892,1885
2019-11-02T10:00:00+09:00,J5,404,469,873
2019-11-02T10:15:00+09:00,J1,687,590,1277
2019-11-02T10:15:00+09:00,J2,246,315,561
2019-11-02T10:15:00+09:00,J3,726,698,1424
2019-11-02T10:15:00+09:00,J4,863,863,1726
2019-11-02T10:15:00+09:00,J5,478,512,990
2019-11-02T10:30:00+09:00,J1,706,641,1347
2019-11-02T10:30:00+09:00,J2,275,326,601
2019-11-02T10:30:00+09:00,J3,707,689,1396
2019-11-02T10:30:00+09:00,J4,747,769,1516
2019-11-02T10:30:00+09:00,J5,522,493,1015
2019-11-02T10:45:00+09:00,J1,663,614,1277
2019-11-02T10:45:00+09:00,J2,387,400,787
2019-11-02T10:45:00+09:00,J3,682,736,1418
2019-11-02T10:45:00+09:00,J4,783,817,1600
2019-11-02T10:45:00+09:00,J5,480,501,981
2019-11-02T11:00:00+09:00,J1,729,708,1437
2019-11-02T11:00:00+09:00,J2,367,418,785
2019-11-02T11:00:00+09:00,J3,683,738,1421
2019-11-02T11:00:00+09:00,J4,523,686,1209
2019-11-02T11:00:00+09:00,J5,474,484,958
2019-11-02T11:15:00+09:00,J1,821,730,1551
2019-11-02T11:15:00+09:00,J2,365,341,706
2019-11-02T11:15:00+09:00,J3,689,714,1403
2019-11-02T11:15:00+09:00,J4,570,661,1231
2019-11-02T11:15:00+09:00,J5,476,466,942
2019-11-02T11:30:00+09:00,J1,807,762,1569
2019-11-02T11:30:00+09:00,J2,335,319,654
2019-11-02T11:30:00+09:00,J3,747,716,1463
2019-11-02T11:30:00+09:00,J4,658,823,1481
2019-11-02T11:30:00+09:00,J5,446,512,958
2019-11-02T11:45:00+09:00,J1,897,846,1743
2019-11-02T11:45:00+09:00,J2,351,324,675
2019-11-02T11:45:00+09:00,J3,718,749,1467
2019-11-02T11:45:00+09:00,J4,683,762,1445
2019-11-02T11:45:00+09:00,J5,433,481,914
2019-11-02T12:00:00+09:00,J1,835,793,1628
2019-11-02T12:00:00+09:00,J2,339,306,645
2019-11-02T12:00:00+09:00,J3,743,745,1488
2019-11-02T12:00:00+09:00,J4,606,702,1308
2019-11-02T12:00:00+09:00,J5,414,450,864
2019-11-02T12:15:00+09:00,J1,823,801,1624
2019-11-02T12:15:00+09:00,J2,330,295,625
2019-11-02T12:15:00+09:00,J3,675,736,1411
2019-11-02T12:15:00+09:00,J4,631,685,1316
2019-11-02T12:15:00+09:00,J5,398,463,861
2019-11-02T12:30:00+09:00,J1,759,736,1495
2019-11-02T12:30:00+09:00,J2,290,314,604
2019-11-02T12:30:00+09:00,J3,735,736,1471
2019-11-02T12:30:00+09:00,J4,722,759,1481
2019-11-02T12:30:00+09:00,J5,414,448,862
2019-11-02T12:45:00+09:00,J1,734,808,1542
2019-11-02T12:45:00+09:00,J2,299,299,598
2019-11-02T12:45:00+09:00,J3,766,731,1497
2019-11-02T12:45:00+09:00,J4,678,748,1426
2019-11-02T12:45:00+09:00,J5,388,442,830
2019-11-02T13:00:00+09:00,J1,797,760,1557
2019-11-02T13:00:00+09:00,J2,368,323,691
2019-11-02T13:00:00+09:00,J3,765,763,1528
2019-11-02T13:00:00+09:00,J4,714,724,1438
2019-11-02T13:00:00+09:00,J5,405,484,889
2019-11-02T13:15:00+09:00,J1,699,752,1451
2019-11-02T13:15:00+09:00,J2,341,336,677
2019-11-02T13:15:00+09:00,J3,717,757,1474
2019-11-02T13:15:00+09:00,J4,762,801,1563
2019-11-02T13:15:00+09:00,J5,411,502,913
2019-11-02T13:30:00+09:00,J1,769,644,1413
2019-11-02T13:30:00+09:00,J2,308,333,641
2019-11-02T13:30:00+09:00,J3,746,723,1469
2019-11-02T13:30:00+09:00,J4,879,797,1676
2019-11-02T13:30:00+09:00,J5,395,491,886
2019-11-02T13:45:00+09:00,J1,763,799,1562
2019-11-02T13:45:00+09:00,J2,360,334,694
2019-11-02T13:45:00+09:00,J3,782,703,1485
2019-11-02T13:45:00+09:00,J4,790,781,1571
2019-11-02T13:45:00+09:00,J5,398,504,902
2019-11-02T14:00:00+09:00,J1,717,769,1486
2019-11-02T14:00:00+09:00,J2,365,340,705
2019-11-02T14:00:00+09:00,J3,762,809,1571
2019-11-02T14:00:00+09:00,J4,897,870,1767
2019-11-02T14:00:00+09:00,J5,439,461,900
2019-11-02T14:15:00+09:00,J1,732,797,1529
2019-11-02T14:15:00+09:00,J2,333,374,707
2019-11-02T14:15:00+09:00,J3,795,739,1534
2019-11-02T14:15:00+09:00,J4,947,934,1881
2019-11-02T14:15:00+09:00,J5,490,506,996
2019-11-02T14:30:00+09:00,J1,756,758,1514
2019-11-02T14:30:00+09:00,J2,391,360,751
2019-11-02T14:30:00+09:00,J3,789,782,1571
2019-11-02T14:30:00+09:00,J4,897,852,1749
2019-11-02T14:30:00+09:00,J5,462,543,1005
2019-11-02T14:45:00+09:00,J1,733,780,1513
2019-11-02T14:45:00+09:00,J2,339,323,662
2019-11-02T14:45:00+09:00,J3,839,744,1583
2019-11-02T14:45:00+09:00,J4,921,890,1811
2019-11-02T14:45:00+09:00,J5,452,491,943
2019-11-02T15:00:00+09:00,J1,732,781,1513
2019-11-02T15:00:00+09:00,J2,384,364,748
2019-11-02T15:00:00+09:00,J3,757,690,1447
2019-11-02T15:00:00+09:00,J4,924,900,1824
2019-11-02T15:00:00+09:00,J5,414,457,871
2019-11-02T15:15:00+09:00,J1,710,803,1513
2019-11-02T15:15:00+09:00,J2,341,314,655
2019-11-02T15:15:00+09:00,J3,717,738,1455
2019-11-02T15:15:00+09:00,J4,866,858,1724
2019-11-02T15:15:00+09:00,J5,436,545,981
2019-11-02T15:30:00+09:00,J1,724,731,1455
2019-11-02T15:30:00+09:00,J2,338,327,665
2019-11-02T15:30:00+09:00,J3,771,739,1510
2019-11-02T15:30:00+09:00,J4,846,879,1725
2019-11-02T15:30:00+09:00,J5,516,558,1074
2019-11-02T15:45:00+09:00,J1,766,826,1592
2019-11-02T15:45:00+09:00,J2,341,339,680
2019-11-02T15:45:00+09:00,J3,821,739,1560
2019-11-02T15:45:00+09:00,J4,853,779,1632
2019-11-02T15:45:00+09:00,J5,453,501,954
2019-11-02T16:00:00+09:00,J1,771,744,1515
2019-11-02T16:00:00+09:00,J2,347,328,675
2019-11-02T16:00:00+09:00,J3,844,772,1616
2019-11-02T16:00:00+09:00,J4,839,966,1805
2019-11-02T16:00:00+09:00,J5,429,461,890
2019-11-02T16:15:00+09:00,J1,747,777,1524
2019-11-02T16:15:00+09:00,J2,339,348,687
2019-11-02T16:15:00+09:00,J3,876,831,1707
2019-11-02T16:15:00+09:00,J4,911,890,1801
2019-11-02T16:15:00+09:00,J5,379,489,868
2019-11-02T16:30:00+09:00,J1,721,673,1394
2019-11-02T16:30:00+09:00,J2,325,360,685
2019-11-02T16:30:00+09:00,J3,828,790,1618
2019-11-02T16:30:00+09:00,J4,829,746,1575
2019-11-02T16:30:00+09:00,J5,347,482,829
2019-11-02T16:45:00+09:00,J1,797,821,1618
2019-11-02T16:45:00+09:00,J2,343,366,709
2019-11-02T16:45:00+09:00,J3,875,788,1663
2019-11-02T16:45:00+09:00,J4,859,878,1737
2019-11-02T16:45:00+09:00,J5,366,500,866
2019-11-02T17:00:00+09:00,J1,822,942,1764
2019-11-02T17:00:00+09:00,J2,351,384,735
2019-11-02T17:00:00+09:00,J3,840,889,1729
2019-11-02T17:00:00+09:00,J4,826,858,1684
2019-11-02T17:00:00+09:00,J5,398,478,876
2019-11-02T17:15:00+09:00,J1,837,987,1824
2019-11-02T17:15:00+09:00,J2,337,393,730
2019-11-02T17:15:00+09:00,J3,889,894,1783
2019-11-02T17:15:00+09:00,J4,773,782,1555
2019-11-02T17:15:00+09:00,J5,374,469,843
2019-11-02T17:30:00+09:00,J1,853,879,1732
2019-11-02T17:30:00+09:00,J2,331,397,728
2019-11-02T17:30:00+09:00,J3,967,828,1795
2019-11-02T17:30:00+09:00,J4,681,685,1366
2019-11-02T17:30:00+09:00,J5,359,471,830
2019-11-02T17:45:00+09:00,J1,842,880,1722
2019-11-02T17:45:00+09:00,J2,336,362,698
2019-11-02T17:45:00+09:00,J3,902,856,1758
2019-11-02T17:45:00+09:00,J4,728,666,1394
2019-11-02T17:45:00+09:00,J5,399,496,895
2019-11-02T18:00:00+09:00,J1,882,922,1804
2019-11-02T18:00:00+09:00,J2,350,376,726
2019-11-02T18:00:00+09:00,J3,1020,892,1912
2019-11-02T18:00:00+09:00,J4,716,661,1377
2019-11-02T18:00:00+09:00,J5,426,532,958
2019-11-02T18:15:00+09:00,J1,925,924,1849
2019-11-02T18:15:00+09:00,J2,344,384,728
2019-11-02T18:15:00+09:00,J3,995,860,1855
2019-11-02T18:15:00+09:00,J4,647,518,1165
2019-11-02T18:15:00+09:00,J5,417,565,982
2019-11-02T18:30:00+09:00,J1,794,750,1544
2019-11-02T18:30:00+09:00,J2,324,387,711
2019-11-02T18:30:00+09:00,J3,841,726,1567
2019-11-02T18:30:00+09:00,J4,742,642,1384
2019-11-02T18:30:00+09:00,J5,446,481,927
2019-11-02T18:45:00+09:00,J1,748,729,1477
2019-11-02T18:45:00+09:00,J2,343,345,688
2019-11-02T18:45:00+09:00,J3,774,701,1475
2019-11-02T18:45:00+09:00,J4,654,595,1249
2019-11-02T18:45:00+09:00,J5,478,481,959
2019-11-02T19:00:00+09:00,J1,630,663,1293
2019-11-02T19:00:00+09:00,J2,351,287,638
2019-11-02T19:00:00+09:00,J3,766,739,1505
2019-11-02T19:00:00+09:00,J4,712,808,1520
2019-11-02T19:00:00+09:00,J5,440,506,946
2019-11-02T19:15:00+09:00,J1,609,650,1259
2019-11-02T19:15:00+09:00,J2,416,350,766
2019-11-02T19:15:00+09:00,J3,763,707,1470
2019-11-02T19:15:00+09:00,J4,774,808,1582
2019-11-02T19:15:00+09:00,J5,446,477,923
2019-11-02T19:30:00+09:00,J1,573,631,1204
2019-11-02T19:30:00+09:00,J2,426,285,711
2019-11-02T19:30:00+09:00,J3,732,675,1407
2019-11-02T19:30:00+09:00,J4,781,737,1518
2019-11-02T19:30:00+09:00,J5,416,454,870
2019-11-02T19:45:00+09:00,J1,516,605,1121
2019-11-02T19:45:00+09:00,J2,427,273,700
2019-11-02T19:45:00+09:00,J3,635,696,1331
2019-11-02T19:45:00+09:00,J4,705,721,1426
2019-11-02T19:45:00+09:00,J5,369,436,805
2019-11-02T20:00:00+09:00,J1,517,582,1099
2019-11-02T20:00:00+09:00,J2,380,274,654
2019-11-02T20:00:00+09:00,J3,656,721,1377
2019-11-02T20:00:00+09:00,J4,681,661,1342
2019-11-02T20:00:00+09:00,J5,360,423,783
2019-11-02T20:15:00+09:00,J1,556,632,1188
2019-11-02T20:15:00+09:00,J2,393,280,673
2019-11-02T20:15:00+09:00,J3,707,711,1418
2019-11-02T20:15:00+09:00,J4,739,754,1493
2019-11-02T20:15:00+09:00,J5,426,401,827
2019-11-02T20:30:00+09:00,J1,525,588,1113
2019-11-02T20:30:00+09:00,J2,375,343,718
2019-11-02T20:30:00+09:00,J3,632,691,1323
2019-11-02T20:30:00+09:00,J4,841,790,1631
2019-11-02T20:30:00+09:00,J5,421,470,891
2019-11-02T20:45:00+09:00,J1,576,633,1209
2019-11-02T20:45:00+09:00,J2,378,322,700
2019-11-02T20:45:00+09:00,J3,836,760,1596
2019-11-02T20:45:00+09:00,J4,850,759,1609
2019-11-02T20:45:00+09:00,J5,417,477,894
2019-11-02T21:00:00+09:00,J1,568,623,1191
2019-11-02T21:00:00+09:00,J2,284,389,673
2019-11-02T21:00:00+09:00,J3,680,597,1277
2019-11-02T21:00:00+09:00,J4,911,928,1839
2019-11-02T21:00:00+09:00,J5,331,391,722
2019-11-02T21:15:00+09:00,J1,593,629,1222
2019-11-02T21:15:00+09:00,J2,284,359,643
2019-11-02T21:15:00+09:00,J3,652,589,1241
2019-11-02T21:15:00+09:00,J4,975,851,1826
2019-11-02T21:15:00+09:00,J5,452,471,923
2019-11-02T21:30:00+09:00,J1,573,621,1194
2019-11-02T21:30:00+09:00,J2,343,286,629
2019-11-02T21:30:00+09:00,J3,583,602,1185
2019-11-02T21:30:00+09:00,J4,1016,949,1965
2019-11-02T21:30:00+09:00,J5,371,441,812
2019-11-02T21:45:00+09:00,J1,545,613,1158
2019-11-02T21:45:00+09:00,J2,337,262,599
2019-11-02T21:45:00+09:00,J3,571,617,1188
2019-11-02T21:45:00+09:00,J4,1010,1009,2019
2019-11-02T21:45:00+09:00,J5,395,449,844
2019-11-02T22:00:00+09:00,J1,497,570,1067
2019-11-02T22:00:00+09:00,J2,325,265,590
2019-11-02T22:00:00+09:00,J3,495,612,1107
2019-11-02T22:00:00+09:00,J4,960,1003,1963
2019-11-02T22:00:00+09:00,J5,273,377,650
2019-11-02T22:15:00+09:00,J1,603,611,1214
2019-11-02T22:15:00+09:00,J2,290,267,557
2019-11-02T22:15:00+09:00,J3,638,633,1271
2019-11-02T22:15:00+09:00,J4,823,790,1613
2019-11-02T22:15:00+09:00,J5,335,384,719
2019-11-02T22:30:00+09:00,J1,567,629,1196
2019-11-02T22:30:00+09:00,J2,245,251,496
2019-11-02T22:30:00+09:00,J3,566,583,1149
2019-11-02T22:30:00+09:00,J4,845,865,1710
2019-11-02T22:30:00+09:00,J5,306,376,682
2019-11-02T22:45:00+09:00,J1,569,620,1189
2019-11-02T22:45:00+09:00,J2,215,221,436
2019-11-02T22:45:00+09:00,J3,609,579,1188
2019-11-02T22:45:00+09:00,J4,915,871,1786
2019-11-02T22:45:00+09:00,J5,319,366,685
2019-11-02T23:00:00+09:00,J1,578,581,1159
2019-11-02T23:00:00+09:00,J2,176,254,430
2019-11-02T23:00:00+09:00,J3,619,577,1196
2019-11-02T23:00:00+09:00,J4,831,821,1652
2019-11-02T23:00:00+09:00,J5,284,318,602
2019-11-02T23:15:00+09:00,J1,550,611,1161
2019-11-02T23:15:00+09:00,J2,206,202,408
2019-11-02T23:15:00+09:00,J3,634,553,1187
2019-11-02T23:15:00+09:00,J4,812,800,1612
2019-11-02T23:15:00+09:00,J5,284,297,581
2019-11-02T23:30:00+09:00,J1,459,559,1018
2019-11-02T23:30:00+09:00,J2,183,235,418
2019-11-02T23:30:00+09:00,J3,594,544,1138
2019-11-02T23:30:00+09:00,J4,643,765,1408
2019-11-02T23:30:00+09:00,J5,263,304,567
2019-11-02T23:45:00+09:00,J1,499,519,1018
2019-11-02T23:45:00+09:00,J2,172,168,340
2019-11-02T23:45:00+09:00,J3,605,519,1124
2019-11-02T23:45:00+09:00,J4,507,656,1163
2019-11-02T23:45:00+09:00,J5,291,282,573
2019-11-03T00:00:00+09:00,J1,361,339,700
2019-11-03T00:00:00+09:00,J2,144,127,271
2019-11-03T00:00:00+09:00,J3,544,457,1001
2019-11-03T00:00:00+09:00,J4,555,529,1084
2019-11-03T00:00:00+09:00,J5,297,321,618
2019-11-03T00:15:00+09:00,J1,300,260,560
2019-11-03T00:15:00+09:00,J2,164,194,358
2019-11-03T00:15:00+09:00,J3,446,368,814
2019-11-03T00:15:00+09:00,J4,468,476,944
2019-11-03T00:15:00+09:00,J5,263,268,531
2019-11-03T00:30:00+09:00,J1,229,241,470
2019-11-03T00:30:00+09:00,J2,186,210,396
2019-11-03T00:30:00+09:00,J3,452,350,802
2019-11-03T00:30:00+09:00,J4,320,376,696
2019-11-03T00:30:00+09:00,J5,295,254,549
2019-11-03T00:45:00+09:00,J1,304,295,599
2019-11-03T00:45:00+09:00,J2,161,205,366
2019-11-03T00:45:00+09:00,J3,383,375,758
2019-11-03T00:45:00+09:00,J4,324,385,709
2019-11-03T00:45:00+09:00,J5,271,250,521
2019-11-03T05:45:00+09:00,J1,394,423,817
2019-11-03T05:45:00+09:00,J2,296,366,662
2019-11-03T05:45:00+09:00,J3,387,378,765
2019-11-03T05:45:00+09:00,J4,635,636,1271
2019-11-03T05:45:00+09:00,J5,240,210,450
2019-11-03T06:00:00+09:00,J1,391,388,779
2019-11-03T06:00:00+09:00,J2,295,309,604
2019-11-03T06:00:00+09:00,J3,432,422,854
2019-11-03T06:00:00+09:00,J4,632,709,1341
2019-11-03T06:00:00+09:00,J5,226,229,455
2019-11-03T06:15:00+09:00,J1,436,442,878
2019-11-03T06:15:00+09:00,J2,237,311,548
2019-11-03T06:15:00+09:00,J3,514,427,941
2019-11-03T06:15:00+09:00,J4,624,695,1319
2019-11-03T06:15:00+09:00,J5,318,263,581
2019-11-03T06:30:00+09:00,J1,416,437,853
2019-11-03T06:30:00+09:00,J2,228,290,518
2019-11-03T06:30:00+09:00,J3,377,364,741
2019-11-03T06:30:00+09:00,J4,655,699,1354
2019-11-03T06:30:00+09:00,J5,307,253,560
2019-11-03T06:45:00+09:00,J1,448,419,867
2019-11-03T06:45:00+09:00,J2,287,354,641
2019-11-03T06:45:00+09:00,J3,444,358,802
2019-11-03T06:45:00+09:00,J4,716,720,1436
2019-11-03T06:45:00+09:00,J5,265,291,556
2019-11-03T07:00:00+09:00,J1,437,438,875
2019-11-03T07:00:00+09:00,J2,263,326,589
2019-11-03T07:00:00+09:00,J3,426,388,814
2019-11-03T07:00:00+09:00,J4,816,834,1650
2019-11-03T07:00:00+09:00,J5,359,338,697
2019-11-03T07:15:00+09:00,J1,488,486,974
2019-11-03T07:15:00+09:00,J2,223,255,478
2019-11-03T07:15:00+09:00,J3,382,416,798
2019-11-03T07:15:00+09:00,J4,904,912,1816
2019-11-03T07:15:00+09:00,J5,372,344,716
2019-11-03T07:30:00+09:00,J1,489,488,977
2019-11-03T07:30:00+09:00,J2,240,320,560
2019-11-03T07:30:00+09:00,J3,450,426,876
2019-11-03T07:30:00+09:00,J4,810,880,1690
2019-11-03T07:30:00+09:00,J5,405,404,809
2019-11-03T07:45:00+09:00,J1,546,528,1074
2019-11-03T07:45:00+09:00,J2,266,269,535
2019-11-03T07:45:00+09:00,J3,454,425,879
2019-11-03T07:45:00+09:00,J4,792,888,1680
2019-11-03T07:45:00+09:00,J5,399,405,804
2019-11-03T08:00:00+09:00,J1,912,830,1742
2019-11-03T08:00:00+09:00,J2,233,238,471
2019-11-03T08:00:00+09:00,J3,585,567,1152
2019-11-03T08:00:00+09:00,J4,1045,1018,2063
2019-11-03T08:00:00+09:00,J5,391,497,888
2019-11-03T08:15:00+09:00,J1,852,837,1689
2019-11-03T08:15:00+09:00,J2,216,178,394
2019-11-03T08:15:00+09:00,J3,503,524,1027
2019-11-03T08:15:00+09:00,J4,1108,1062,2170
2019-11-03T08:15:00+09:00,J5,465,521,986
2019-11-03T08:30:00+09:00,J1,923,854,1777
2019-11-03T08:30:00+09:00,J2,220,166,386
2019-11-03T08:30:00+09:00,J3,480,554,1034
2019-11-03T08:30:00+09:00,J4,1042,1072,2114
2019-11-03T08:30:00+09:00,J5,500,511,1011
2019-11-03T08:45:00+09:00,J1,872,850,1722
2019-11-03T08:45:00+09:00,J2,264,175,439
2019-11-03T08:45:00+09:00,J3,560,585,1145
2019-11-03T08:45:00+09:00,J4,982,1050,2032
2019-11-03T08:45:00+09:00,J5,395,470,865
2019-11-03T09:00:00+09:00,J1,811,717,1528
2019-11-03T09:00:00+09:00,J2,360,333,693
2019-11-03T09:00:00+09:00,J3,677,643,1320
2019-11-03T09:00:00+09:00,J4,881,969,1850
2019-11-03T09:00:00+09:00,J5,389,413,802
2019-11-03T09:15:00+09:00,J1,778,714,1492
2019-11-03T09:15:00+09:00,J2,331,324,655
2019-11-03T09:15:00+09:00,J3,723,639,1362
2019-11-03T09:15:00+09:00,J4,972,963,1935
2019-11-03T09:15:00+09:00,J5,422,450,872
2019-11-03T09:30:00+09:00,J1,716,722,1438
2019-11-03T09:30:00+09:00,J2,402,370,772
2019-11-03T09:30:00+09:00,J3,646,626,1272
2019-11-03T09:30:00+09:00,J4,957,912,1869
2019-11-03T09:30:00+09:00,J5,396,419,815
2019-11-03T09:45:00+09:00,J1,712,699,1411
2019-11-03T09:45:00+09:00,J2,402,341,743
2019-11-03T09:45:00+09:00,J3,642,631,1273
2019-11-03T09:45:00+09:00,J4,914,945,1859
2019-11-03T09:45:00+09:00,J5,367,415,782
2019-11-03T10:00:00+09:00,J1,773,739,1512
2019-11-03T10:00:00+09:00,J2,476,393,869
2019-11-03T10:00:00+09:00,J3,640,590,1230
2019-11-03T10:00:00+09:00,J4,859,937,1796
2019-11-03T10:00:00+09:00,J5,392,426,818
2019-11-03T10:15:00+09:00,J1,860,800,1660
2019-11-03T10:15:00+09:00,J2,433,336,769
2019-11-03T10:15:00+09:00,J3,679,671,1350
2019-11-03T10:15:00+09:00,J4,944,929,1873
2019-11-03T10:15:00+09:00,J5,394,420,814
2019-11-03T10:30:00+09:00,J1,691,763,1454
2019-11-03T10:30:00+09:00,J2,490,450,940
2019-11-03T10:30:00+09:00,J3,731,671,1402
2019-11-03T10:30:00+09:00,J4,902,1036,1938
2019-11-03T10:30:00+09:00,J5,390,471,861
2019-11-03T10:45:00+09:00,J1,849,721,1570
2019-11-03T10:45:00+09:00,J2,506,405,911
2019-11-03T10:45:00+09:00,J3,852,760,1612
2019-11-03T10:45:00+09:00,J4,886,959,1845
2019-11-03T10:45:00+09:00,J5,345,423,768
2019-11-03T11:00:00+09:00,J1,939,876,1815
2019-11-03T11:00:00+09:00,J2,513,407,920
2019-11-03T11:00:00+09:00,J3,791,706,1497
2019-11-03T11:00:00+09:00,J4,785,924,1709
2019-11-03T11:00:00+09:00,J5,453,435,888
2019-11-03T11:15:00+09:00,J1,974,993,1967
2019-11-03T11:15:00+09:00,J2,533,427,960
2019-11-03T11:15:00+09:00,J3,782,780,1562
2019-11-03T11:15:00+09:00,J4,789,894,1683
2019-11-03T11:15:00+09:00,J5,438,441,879
2019-11-03T11:30:00+09:00,J1,976,919,1895
2019-11-03T11:30:00+09:00,J2,567,481,1048
2019-11-03T11:30:00+09:00,J3,763,756,1519
2019-11-03T11:30:00+09:00,J4,800,918,1718
2019-11-03T11:30:00+09:00,J5,448,446,894
2019-11-03T11:45:00+09:00,J1,985,972,1957
2019-11-03T11:45:00+09:00,J2,681,570,1251
2019-11-03T11:45:00+09:00,J3,748,740,1488
2019-11-03T11:45:00+09:00,J4,880,930,1810
2019-11-03T11:45:00+09:00,J5,466,432,898
2019-11-03T12:00:00+09:00,J1,1012,990,2002
2019-11-03T12:00:00+09:00,J2,623,645,1268
2019-11-03T12:00:00+09:00,J3,896,889,1785
2019-11-03T12:00:00+09:00,J4,858,882,1740
2019-11-03T12:00:00+09:00,J5,453,416,869
2019-11-03T12:15:00+09:00,J1,1017,1069,2086
2019-11-03T12:15:00+09:00,J2,652,599,1251
2019-11-03T12:15:00+09:00,J3,876,945,1821
2019-11-03T12:15:00+09:00,J4,937,975,1912
2019-11-03T12:15:00+09:00,J5,436,480,916
2019-11-03T12:30:00+09:00,J1,850,1002,1852
2019-11-03T12:30:00+09:00,J2,726,606,1332
2019-11-03T12:30:00+09:00,J3,736,725,1461
2019-11-03T12:30:00+09:00,J4,853,941,1794
2019-11-03T12:30:00+09:00,J5,383,462,845
2019-11-03T12:45:00+09:00,J1,922,1009,1931
2019-11-03T12:45:00+09:00,J2,712,608,1320
2019-11-03T12:45:00+09:00,J3,694,811,1505
2019-11-03T12:45:00+09:00,J4,796,839,1635
2019-11-03T12:45:00+09:00,J5,374,400,774
2019-11-03T13:00:00+09:00,J1,917,1038,1955
2019-11-03T13:00:00+09:00,J2,819,721,1540
2019-11-03T13:00:00+09:00,J3,727,848,1575
2019-11-03T13:00:00+09:00,J4,720,799,1519
2019-11-03T13:00:00+09:00,J5,374,483,857
2019-11-03T13:15:00+09:00,J1,819,1003,1822
2019-11-03T13:15:00+09:00,J2,732,632,1364
2019-11-03T13:15:00+09:00,J3,826,821,1647
2019-11-03T13:15:00+09:00,J4,790,840,1630
2019-11-03T13:15:00+09:00,J5,383,429,812
2019-11-03T13:30:00+09:00,J1,909,982,1891
2019-11-03T13:30:00+09:00,J2,812,637,1449
2019-11-03T13:30:00+09:00,J3,941,730,1671
2019-11-03T13:30:00+09:00,J4,807,831,1638
2019-11-03T13:30:00+09:00,J5,359,421,780
2019-11-03T13:45:00+09:00,J1,831,927,1758
2019-11-03T13:45:00+09:00,J2,754,568,1322
2019-11-03T13:45:00+09:00,J3,1002,793,1795
2019-11-03T13:45:00+09:00,J4,814,837,1651
2019-11-03T13:45:00+09:00,J5,392,435,827
2019-11-03T14:00:00+09:00,J1,853,1047,1900
2019-11-03T14:00:00+09:00,J2,784,674,1458
2019-11-03T14:00:00+09:00,J3,886,767,1653
2019-11-03T14:00:00+09:00,J4,688,816,1504
2019-11-03T14:00:00+09:00,J5,352,415,767
2019-11-03T14:15:00+09:00,J1,856,1060,1916
2019-11-03T14:15:00+09:00,J2,826,794,1620
2019-11-03T14:15:00+09:00,J3,927,849,1776
2019-11-03T14:15:00+09:00,J4,819,847,1666
2019-11-03T14:15:00+09:00,J5,323,365,688
2019-11-03T14:30:00+09:00,J1,864,990,1854
2019-11-03T14:30:00+09:00,J2,774,742,1516
2019-11-03T14:30:00+09:00,J3,953,874,1827
2019-11-03T14:30:00+09:00,J4,837,880,1717
2019-11-03T14:30:00+09:00,J5,395,399,794
2019-11-03T14:45:00+09:00,J1,832,995,1827
2019-11-03T14:45:00+09:00,J2,729,738,1467
2019-11-03T14:45:00+09:00,J3,1020,886,1906
2019-11-03T14:45:00+09:00,J4,894,1025,1919
2019-11-03T14:45:00+09:00,J5,411,479,890
2019-11-03T15:00:00+09:00,J1,854,974,1828
2019-11-03T15:00:00+09:00,J2,785,751,1536
2019-11-03T15:00:00+09:00,J3,988,853,1841
2019-11-03T15:00:00+09:00,J4,849,949,1798
2019-11-03T15:00:00+09:00,J5,381,408,789
2019-11-03T15:15:00+09:00,J1,886,1084,1970
2019-11-03T15:15:00+09:00,J2,896,751,1647
2019-11-03T15:15:00+09:00,J3,1084,882,1966
2019-11-03T15:15:00+09:00,J4,823,992,1815
2019-11-03T15:15:00+09:00,J5,331,407,738
2019-11-03T15:30:00+09:00,J1,847,991,1838
2019-11-03T15:30:00+09:00,J2,869,691,1560
2019-11-03T15:30:00+09:00,J3,1031,918,1949
2019-11-03T15:30:00+09:00,J4,823,918,1741
2019-11-03T15:30:00+09:00,J5,418,460,878
2019-11-03T15:45:00+09:00,J1,815,943,1758
2019-11-03T15:45:00+09:00,J2,774,654,1428
2019-11-03T15:45:00+09:00,J3,1097,874,1971
2019-11-03T15:45:00+09:00,J4,903,956,1859
2019-11-03T15:45:00+09:00,J5,403,539,942
2019-11-03T16:00:00+09:00,J1,791,823,1614
2019-11-03T16:00:00+09:00,J2,684,689,1373
2019-11-03T16:00:00+09:00,J3,1092,945,2037
2019-11-03T16:00:00+09:00,J4,871,1002,1873
2019-11-03T16:00:00+09:00,J5,424,422,846
2019-11-03T16:15:00+09:00,J1,799,801,1600
2019-11-03T16:15:00+09:00,J2,693,651,1344
2019-11-03T16:15:00+09:00,J3,1091,980,2071
2019-11-03T16:15:00+09:00,J4,887,984,1871
2019-11-03T16:15:00+09:00,J5,404,442,846
2019-11-03T16:30:00+09:00,J1,782,855,1637
2019-11-03T16:30:00+09:00,J2,556,590,1146
2019-11-03T16:30:00+09:00,J3,1123,946,2069
2019-11-03T16:30:00+09:00,J4,896,979,1875
2019-11-03T16:30:00+09:00,J5,384,346,730
2019-11-03T16:45:00+09:00,J1,824,945,1769
2019-11-03T16:45:00+09:00,J2,627,610,1237
2019-11-03T16:45:00+09:00,J3,1155,976,2131
2019-11-03T16:45:00+09:00,J4,866,1028,1894
2019-11-03T16:45:00+09:00,J5,392,392,784
2019-11-03T17:00:00+09:00,J1,911,1016,1927
2019-11-03T17:00:00+09:00,J2,614,608,1222
2019-11-03T17:00:00+09:00,J3,1011,906,1917
2019-11-03T17:00:00+09:00,J4,887,959,1846
2019-11-03T17:00:00+09:00,J5,417,419,836
2019-11-03T17:15:00+09:00,J1,939,1093,2032
2019-11-03T17:15:00+09:00,J2,594,514,1108
2019-11-03T17:15:00+09:00,J3,1004,870,1874
2019-11-03T17:15:00+09:00,J4,876,853,1729
2019-11-03T17:15:00+09:00,J5,430,415,845
2019-11-03T17:30:00+09:00,J1,941,1169,2110
2019-11-03T17:30:00+09:00,J2,536,582,1118
2019-11-03T17:30:00+09:00,J3,904,806,1710
2019-11-03T17:30:00+09:00,J4,867,820,1687
2019-11-03T17:30:00+09:00,J5,359,335,694
2019-11-03T17:45:00+09:00,J1,890,1061,1951
2019-11-03T17:45:00+09:00,J2,544,562,1106
2019-11-03T17:45:00+09:00,J3,838,840,1678
2019-11-03T17:45:00+09:00,J4,738,793,1531
2019-11-03T17:45:00+09:00,J5,381,363,744
2019-11-03T18:00:00+09:00,J1,917,922,1839
2019-11-03T18:00:00+09:00,J2,676,560,1236
2019-11-03T18:00:00+09:00,J3,936,694,1630
2019-11-03T18:00:00+09:00,J4,850,857,1707
2019-11-03T18:00:00+09:00,J5,425,419,844
2019-11-03T18:15:00+09:00,J1,922,879,1801
2019-11-03T18:15:00+09:00,J2,743,539,1282
2019-11-03T18:15:00+09:00,J3,966,631,1597
2019-11-03T18:15:00+09:00,J4,920,877,1797
2019-11-03T18:15:00+09:00,J5,482,455,937
2019-11-03T18:30:00+09:00,J1,795,834,1629
2019-11-03T18:30:00+09:00,J2,709,579,1288
2019-11-03T18:30:00+09:00,J3,832,622,1454
2019-11-03T18:30:00+09:00,J4,938,954,1892
2019-11-03T18:30:00+09:00,J5,357,426,783
2019-11-03T18:45:00+09:00,J1,724,794,1518
2019-11-03T18:45:00+09:00,J2,759,553,1312
2019-11-03T18:45:00+09:00,J3,746,624,1370
2019-11-03T18:45:00+09:00,J4,1061,984,2045
2019-11-03T18:45:00+09:00,J5,372,420,792
2019-11-03T19:00:00+09:00,J1,687,818,1505
2019-11-03T19:00:00+09:00,J2,467,492,959
2019-11-03T19:00:00+09:00,J3,802,700,1502
2019-11-03T19:00:00+09:00,J4,961,974,1935
2019-11-03T19:00:00+09:00,J5,383,438,821
2019-11-03T19:15:00+09:00,J1,661,814,1475
2019-11-03T19:15:00+09:00,J2,408,463,871
2019-11-03T19:15:00+09:00,J3,763,688,1451
2019-11-03T19:15:00+09:00,J4,880,957,1837
2019-11-03T19:15:00+09:00,J5,357,408,765
2019-11-03T19:30:00+09:00,J1,664,749,1413
2019-11-03T19:30:00+09:00,J2,380,406,786
2019-11-03T19:30:00+09:00,J3,709,627,1336
2019-11-03T19:30:00+09:00,J4,784,840,1624
2019-11-03T19:30:00+09:00,J5,366,397,763
2019-11-03T19:45:00+09:00,J1,673,732,1405
2019-11-03T19:45:00+09:00,J2,331,455,786
2019-11-03T19:45:00+09:00,J3,750,606,1356
2019-11-03T19:45:00+09:00,J4,856,901,1757
2019-11-03T19:45:00+09:00,J5,300,398,698
2019-11-03T20:00:00+09:00,J1,662,684,1346
2019-11-03T20:00:00+09:00,J2,508,468,976
2019-11-03T20:00:00+09:00,J3,681,673,1354
2019-11-03T20:00:00+09:00,J4,867,835,1702
2019-11-03T20:00:00+09:00,J5,357,444,801
2019-11-03T20:15:00+09:00,J1,678,731,1409
2019-11-03T20:15:00+09:00,J2,398,466,864
2019-11-03T20:15:00+09:00,J3,778,725,1503
2019-11-03T20:15:00+09:00,J4,826,884,1710
2019-11-03T20:15:00+09:00,J5,381,425,806
2019-11-03T20:30:00+09:00,J1,644,684,1328
2019-11-03T20:30:00+09:00,J2,383,410,793
2019-11-03T20:30:00+09:00,J3,754,632,1386
2019-11-03T20:30:00+09:00,J4,793,857,1650
2019-11-03T20:30:00+09:00,J5,388,378,766
2019-11-03T20:45:00+09:00,J1,694,703,1397
2019-11-03T20:45:00+09:00,J2,347,392,739
2019-11-03T20:45:00+09:00,J3,726,647,1373
2019-11-03T20:45:00+09:00,J4,850,842,1692
2019-11-03T20:45:00+09:00,J5,403,421,824
2019-11-03T21:00:00+09:00,J1,674,755,1429
2019-11-03T21:00:00+09:00,J2,340,458,798
2019-11-03T21:00:00+09:00,J3,614,653,1267
2019-11-03T21:00:00+09:00,J4,1033,998,2031
2019-11-03T21:00:00+09:00,J5,404,451,855
2019-11-03T21:15:00+09:00,J1,670,791,1461
2019-11-03T21:15:00+09:00,J2,306,448,754
2019-11-03T21:15:00+09:00,J3,613,663,1276
2019-11-03T21:15:00+09:00,J4,954,946,1900
2019-11-03T21:15:00+09:00,J5,394,469,863
2019-11-03T21:30:00+09:00,J1,640,673,1313
2019-11-03T21:30:00+09:00,J2,290,382,672
2019-11-03T21:30:00+09:00,J3,615,543,1158
2019-11-03T21:30:00+09:00,J4,885,898,1783
2019-11-03T21:30:00+09:00,J5,367,368,735
2019-11-03T21:45:00+09:00,J1,620,697,1317
2019-11-03T21:45:00+09:00,J2,262,373,635
2019-11-03T21:45:00+09:00,J3,579,565,1144
2019-11-03T21:45:00+09:00,J4,865,875,1740
2019-11-03T21:45:00+09:00,J5,374,400,774
2019-11-03T22:00:00+09:00,J1,548,595,1143
2019-11-03T22:00:00+09:00,J2,306,373,679
2019-11-03T22:00:00+09:00,J3,590,549,1139
2019-11-03T22:00:00+09:00,J4,791,869,1660
2019-11-03T22:00:00+09:00,J5,344,341,685
2019-11-03T22:15:00+09:00,J1,577,562,1139
2019-11-03T22:15:00+09:00,J2,385,427,812
2019-11-03T22:15:00+09:00,J3,542,477,1019
2019-11-03T22:15:00+09:00,J4,817,902,1719
2019-11-03T22:15:00+09:00,J5,329,324,653
2019-11-03T22:30:00+09:00,J1,589,590,1179
2019-11-03T22:30:00+09:00,J2,428,435,863
2019-11-03T22:30:00+09:00,J3,595,504,1099
2019-11-03T22:30:00+09:00,J4,823,794,1617
2019-11-03T22:30:00+09:00,J5,367,315,682
2019-11-03T22:45:00+09:00,J1,601,655,1256
2019-11-03T22:45:00+09:00,J2,292,345,637
2019-11-03T22:45:00+09:00,J3,580,537,1117
2019-11-03T22:45:00+09:00,J4,840,931,1771
2019-11-03T22:45:00+09:00,J5,326,334,660
2019-11-03T23:00:00+09:00,J1,608,624,1232
2019-11-03T23:00:00+09:00,J2,319,407,726
2019-11-03T23:00:00+09:00,J3,579,508,1087
2019-11-03T23:00:00+09:00,J4,827,859,1686
2019-11-03T23:00:00+09:00,J5,283,343,626
2019-11-03T23:15:00+09:00,J1,531,573,1104
2019-11-03T23:15:00+09:00,J2,286,359,645
2019-11-03T23:15:00+09:00,J3,504,512,1016
2019-11-03T23:15:00+09:00,J4,853,788,1641
2019-11-03T23:15:00+09:00,J5,328,328,656
2019-11-03T23:30:00+09:00,J1,522,494,1016
2019-11-03T23:30:00+09:00,J2,274,420,694
2019-11-03T23:30:00+09:00,J3,532,476,1008
2019-11-03T23:30:00+09:00,J4,819,815,1634
2019-11-03T23:30:00+09:00,J5,310,314,624
2019-11-03T23:45:00+09:00,J1,514,591,1105
2019-11-03T23:45:00+09:00,J2,272,365,637
2019-11-03T23:45:00+09:00,J3,563,468,1031
2019-11-03T23:45:00+09:00,J4,875,712,1587
2019-11-03T23:45:00+09:00,J5,325,284,609
2019-11-04T00:00:00+09:00,J1,348,368,716
2019-11-04T00:00:00+09:00,J2,286,250,536
2019-11-04T00:00:00+09:00,J3,449,398,847
2019-11-04T00:00:00+09:00,J4,886,752,1638
2019-11-04T00:00:00+09:00,J5,343,331,674
2019-11-04T00:15:00+09:00,J1,330,315,645
2019-11-04T00:15:00+09:00,J2,296,252,548
2019-11-04T00:15:00+09:00,J3,376,404,780
2019-11-04T00:15:00+09:00,J4,881,796,1677
2019-11-04T00:15:00+09:00,J5,277,228,505
2019-11-04T00:30:00+09:00,J1,237,240,477
2019-11-04T00:30:00+09:00,J2,250,243,493
2019-11-04T00:30:00+09:00,J3,356,381,737
2019-11-04T00:30:00+09:00,J4,748,685,1433
2019-11-04T00:30:00+09:00,J5,254,211,465
2019-11-04T00:45:00+09:00,J1,250,318,568
2019-11-04T00:45:00+09:00,J2,242,245,487
2019-11-04T00:45:00+09:00,J3,334,348,682
2019-11-04T00:45:00+09:00,J4,501,546,1047
2019-11-04T00:45:00+09:00,J5,234,170,404
2019-11-04T05:45:00+09:00,J1,245,229,474
2019-11-04T05:45:00+09:00,J2,289,267,556
2019-11-04T05:45:00+09:00,J3,403,412,815
2019-11-04T05:45:00+09:00,J4,923,877,1800
2019-11-04T05:45:00+09:00,J5,408,414,822
2019-11-04T06:00:00+09:00,J1,309,281,590
2019-11-04T06:00:00+09:00,J2,258,216,474
2019-11-04T06:00:00+09:00,J3,437,410,847
2019-11-04T06:00:00+09:00,J4,896,779,1675
2019-11-04T06:00:00+09:00,J5,374,374,748
2019-11-04T06:15:00+09:00,J1,450,494,944
2019-11-04T06:15:00+09:00,J2,258,243,501
2019-11-04T06:15:00+09:00,J3,473,450,923
2019-11-04T06:15:00+09:00,J4,828,787,1615
2019-11-04T06:15:00+09:00,J5,261,262,523
2019-11-04T06:30:00+09:00,J1,517,513,1030
2019-11-04T06:30:00+09:00,J2,264,215,479
2019-11-04T06:30:00+09:00,J3,474,441,915
2019-11-04T06:30:00+09:00,J4,870,884,1754
2019-11-04T06:30:00+09:00,J5,296,271,567
2019-11-04T06:45:00+09:00,J1,516,495,1011
2019-11-04T06:45:00+09:00,J2,260,201,461
2019-11-04T06:45:00+09:00,J3,440,437,877
2019-11-04T06:45:00+09:00,J4,927,863,1790
2019-11-04T06:45:00+09:00,J5,300,255,555
2019-11-04T07:00:00+09:00,J1,484,522,1006
2019-11-04T07:00:00+09:00,J2,297,291,588
2019-11-04T07:00:00+09:00,J3,470,441,911
2019-11-04T07:00:00+09:00,J4,869,818,1687
2019-11-04T07:00:00+09:00,J5,315,304,619
2019-11-04T07:15:00+09:00,J1,572,583,1155
2019-11-04T07:15:00+09:00,J2,259,226,485
2019-11-04T07:15:00+09:00,J3,507,463,970
2019-11-04T07:15:00+09:00,J4,854,812,1666
2019-11-04T07:15:00+09:00,J5,370,403,773
2019-11-04T07:30:00+09:00,J1,584,547,1131
2019-11-04T07:30:00+09:00,J2,250,258,508
2019-11-04T07:30:00+09:00,J3,564,512,1076
2019-11-04T07:30:00+09:00,J4,875,866,1741
2019-11-04T07:30:00+09:00,J5,399,392,791
2019-11-04T07:45:00+09:00,J1,555,517,1072
2019-11-04T07:45:00+09:00,J2,314,258,572
2019-11-04T07:45:00+09:00,J3,508,475,983
2019-11-04T07:45:00+09:00,J4,786,850,1636
2019-11-04T07:45:00+09:00,J5,389,361,750
2019-11-04T08:00:00+09:00,J1,946,897,1843
2019-11-04T08:00:00+09:00,J2,301,346,647
2019-11-04T08:00:00+09:00,J3,642,585,1227
2019-11-04T08:00:00+09:00,J4,918,872,1790
2019-11-04T08:00:00+09:00,J5,396,380,776
2019-11-04T08:15:00+09:00,J1,1024,928,1952
2019-11-04T08:15:00+09:00,J2,301,311,612
2019-11-04T08:15:00+09:00,J3,599,646,1245
2019-11-04T08:15:00+09:00,J4,987,1083,2070
2019-11-04T08:15:00+09:00,J5,446,498,944
2019-11-04T08:30:00+09:00,J1,873,830,1703
2019-11-04T08:30:00+09:00,J2,325,361,686
2019-11-04T08:30:00+09:00,J3,683,612,1295
2019-11-04T08:30:00+09:00,J4,1014,989,2003
2019-11-04T08:30:00+09:00,J5,504,487,991
2019-11-04T08:45:00+09:00,J1,809,844,1653
2019-11-04T08:45:00+09:00,J2,302,315,617
2019-11-04T08:45:00+09:00,J3,592,601,1193
2019-11-04T08:45:00+09:00,J4,1024,960,1984
2019-11-04T08:45:00+09:00,J5,411,438,849
2019-11-04T09:00:00+09:00,J1,701,641,1342
2019-11-04T09:00:00+09:00,J2,400,378,778
2019-11-04T09:00:00+09:00,J3,695,629,1324
2019-11-04T09:00:00+09:00,J4,969,875,1844
2019-11-04T09:00:00+09:00,J5,367,391,758
2019-11-04T09:15:00+09:00,J1,765,725,1490
2019-11-04T09:15:00+09:00,J2,390,325,715
2019-11-04T09:15:00+09:00,J3,651,630,1281
2019-11-04T09:15:00+09:00,J4,908,915,1823
2019-11-04T09:15:00+09:00,J5,411,467,878
2019-11-04T09:30:00+09:00,J1,740,728,1468
2019-11-04T09:30:00+09:00,J2,484,420,904
2019-11-04T09:30:00+09:00,J3,734,641,1375
2019-11-04T09:30:00+09:00,J4,980,917,1897
2019-11-04T09:30:00+09:00,J5,385,474,859
2019-11-04T09:45:00+09:00,J1,892,718,1610
2019-11-04T09:45:00+09:00,J2,479,494,973
2019-11-04T09:45:00+09:00,J3,684,590,1274
2019-11-04T09:45:00+09:00,J4,962,937,1899
2019-11-04T09:45:00+09:00,J5,354,390,744
2019-11-04T10:00:00+09:00,J1,722,751,1473
2019-11-04T10:00:00+09:00,J2,532,477,1009
2019-11-04T10:00:00+09:00,J3,638,643,1281
2019-11-04T10:00:00+09:00,J4,935,940,1875
2019-11-04T10:00:00+09:00,J5,354,405,759
2019-11-04T10:15:00+09:00,J1,736,738,1474
2019-11-04T10:15:00+09:00,J2,511,408,919
2019-11-04T10:15:00+09:00,J3,676,633,1309
2019-11-04T10:15:00+09:00,J4,873,889,1762
2019-11-04T10:15:00+09:00,J5,365,393,758
2019-11-04T10:30:00+09:00,J1,857,804,1661
2019-11-04T10:30:00+09:00,J2,567,416,983
2019-11-04T10:30:00+09:00,J3,730,724,1454
2019-11-04T10:30:00+09:00,J4,1000,923,1923
2019-11-04T10:30:00+09:00,J5,401,436,837
2019-11-04T10:45:00+09:00,J1,777,814,1591
2019-11-04T10:45:00+09:00,J2,541,418,959
2019-11-04T10:45:00+09:00,J3,779,677,1456
2019-11-04T10:45:00+09:00,J4,857,929,1786
2019-11-04T10:45:00+09:00,J5,328,378,706
2019-11-04T11:00:00+09:00,J1,862,967,1829
2019-11-04T11:00:00+09:00,J2,511,445,956
2019-11-04T11:00:00+09:00,J3,838,717,1555
2019-11-04T11:00:00+09:00,J4,871,912,1783
2019-11-04T11:00:00+09:00,J5,360,414,774
2019-11-04T11:15:00+09:00,J1,901,1026,1927
2019-11-04T11:15:00+09:00,J2,582,509,1091
2019-11-04T11:15:00+09:00,J3,791,788,1579
2019-11-04T11:15:00+09:00,J4,946,976,1922
2019-11-04T11:15:00+09:00,J5,350,463,813
2019-11-04T11:30:00+09:00,J1,848,1015,1863
2019-11-04T11:30:00+09:00,J2,611,491,1102
2019-11-04T11:30:00+09:00,J3,759,855,1614
2019-11-04T11:30:00+09:00,J4,968,1007,1975
2019-11-04T11:30:00+09:00,J5,422,487,909
2019-11-04T11:45:00+09:00,J1,914,865,1779
2019-11-04T11:45:00+09:00,J2,588,511,1099
2019-11-04T11:45:00+09:00,J3,871,698,1569
2019-11-04T11:45:00+09:00,J4,964,1017,1981
2019-11-04T11:45:00+09:00,J5,406,493,899
2019-11-04T12:00:00+09:00,J1,927,956,1883
2019-11-04T12:00:00+09:00,J2,601,499,1100
2019-11-04T12:00:00+09:00,J3,929,778,1707
2019-11-04T12:00:00+09:00,J4,1012,1064,2076
2019-11-04T12:00:00+09:00,J5,442,545,987
2019-11-04T12:15:00+09:00,J1,837,973,1810
2019-11-04T12:15:00+09:00,J2,592,494,1086
2019-11-04T12:15:00+09:00,J3,931,786,1717
2019-11-04T12:15:00+09:00,J4,1001,1023,2024
2019-11-04T12:15:00+09:00,J5,363,455,818
2019-11-04T12:30:00+09:00,J1,925,991,1916
2019-11-04T12:30:00+09:00,J2,674,565,1239
2019-11-04T12:30:00+09:00,J3,971,865,1836
2019-11-04T12:30:00+09:00,J4,1032,1013,2045
2019-11-04T12:30:00+09:00,J5,454,483,937
2019-11-04T12:45:00+09:00,J1,848,962,1810
2019-11-04T12:45:00+09:00,J2,642,593,1235
2019-11-04T12:45:00+09:00,J3,935,779,1714
2019-11-04T12:45:00+09:00,J4,1047,1031,2078
2019-11-04T12:45:00+09:00,J5,381,430,811
2019-11-04T13:00:00+09:00,J1,850,950,1800
2019-11-04T13:00:00+09:00,J2,677,567,1244
2019-11-04T13:00:00+09:00,J3,934,873,1807
2019-11-04T13:00:00+09:00,J4,1046,1110,2156
2019-11-04T13:00:00+09:00,J5,402,465,867
2019-11-04T13:15:00+09:00,J1,840,939,1779
2019-11-04T13:15:00+09:00,J2,674,579,1253
2019-11-04T13:15:00+09:00,J3,900,871,1771
2019-11-04T13:15:00+09:00,J4,995,1013,2008
2019-11-04T13:15:00+09:00,J5,420,420,840
2019-11-04T13:30:00+09:00,J1,810,1025,1835
2019-11-04T13:30:00+09:00,J2,674,651,1325
2019-11-04T13:30:00+09:00,J3,916,822,1738
2019-11-04T13:30:00+09:00,J4,1045,1032,2077
2019-11-04T13:30:00+09:00,J5,427,428,855
2019-11-04T13:45:00+09:00,J1,870,949,1819
2019-11-04T13:45:00+09:00,J2,671,573,1244
2019-11-04T13:45:00+09:00,J3,907,832,1739
2019-11-04T13:45:00+09:00,J4,1051,1121,2172
2019-11-04T13:45:00+09:00,J5,429,455,884
2019-11-04T14:00:00+09:00,J1,839,967,1806
2019-11-04T14:00:00+09:00,J2,657,611,1268
2019-11-04T14:00:00+09:00,J3,892,829,1721
2019-11-04T14:00:00+09:00,J4,1080,1150,2230
2019-11-04T14:00:00+09:00,J5,439,445,884
2019-11-04T14:15:00+09:00,J1,810,1040,1850
2019-11-04T14:15:00+09:00,J2,600,506,1106
2019-11-04T14:15:00+09:00,J3,962,844,1806
2019-11-04T14:15:00+09:00,J4,1074,1074,2148
2019-11-04T14:15:00+09:00,J5,384,393,777
2019-11-04T14:30:00+09:00,J1,820,1016,1836
2019-11-04T14:30:00+09:00,J2,583,455,1038
2019-11-04T14:30:00+09:00,J3,975,906,1881
2019-11-04T14:30:00+09:00,J4,1056,1077,2133
2019-11-04T14:30:00+09:00,J5,386,435,821
2019-11-04T14:45:00+09:00,J1,813,975,1788
2019-11-04T14:45:00+09:00,J2,571,384,955
2019-11-04T14:45:00+09:00,J3,998,828,1826
2019-11-04T14:45:00+09:00,J4,1116,1172,2288
2019-11-04T14:45:00+09:00,J5,434,421,855
2019-11-04T15:00:00+09:00,J1,860,978,1838
2019-11-04T15:00:00+09:00,J2,605,455,1060
2019-11-04T15:00:00+09:00,J3,860,811,1671
2019-11-04T15:00:00+09:00,J4,1071,1112,2183
2019-11-04T15:00:00+09:00,J5,349,358,707
2019-11-04T15:15:00+09:00,J1,854,1029,1883
2019-11-04T15:15:00+09:00,J2,695,570,1265
2019-11-04T15:15:00+09:00,J3,986,811,1797
2019-11-04T15:15:00+09:00,J4,1102,1086,2188
2019-11-04T15:15:00+09:00,J5,402,373,775
2019-11-04T15:30:00+09:00,J1,829,991,1820
2019-11-04T15:30:00+09:00,J2,690,583,1273
2019-11-04T15:30:00+09:00,J3,943,744,1687
2019-11-04T15:30:00+09:00,J4,1101,1071,2172
2019-11-04T15:30:00+09:00,J5,373,342,715
2019-11-04T15:45:00+09:00,J1,864,1025,1889
2019-11-04T15:45:00+09:00,J2,807,597,1404
2019-11-04T15:45:00+09:00,J3,965,748,1713
2019-11-04T15:45:00+09:00,J4,1067,1098,2165
2019-11-04T15:45:00+09:00,J5,380,312,692
2019-11-04T16:00:00+09:00,J1,858,956,1814
2019-11-04T16:00:00+09:00,J2,717,569,1286
2019-11-04T16:00:00+09:00,J3,942,746,1688
2019-11-04T16:00:00+09:00,J4,962,1040,2002
2019-11-04T16:00:00+09:00,J5,361,376,737
2019-11-04T16:15:00+09:00,J1,810,983,1793
2019-11-04T16:15:00+09:00,J2,795,589,1384
2019-11-04T16:15:00+09:00,J3,958,880,1838
2019-11-04T16:15:00+09:00,J4,1001,1043,2044
2019-11-04T16:15:00+09:00,J5,365,348,713
2019-11-04T16:30:00+09:00,J1,812,999,1811
2019-11-04T16:30:00+09:00,J2,703,590,1293
2019-11-04T16:30:00+09:00,J3,915,861,1776
2019-11-04T16:30:00+09:00,J4,1041,1197,2238
2019-11-04T16:30:00+09:00,J5,414,381,795
2019-11-04T16:45:00+09:00,J1,811,1034,1845
2019-11-04T16:45:00+09:00,J2,636,559,1195
2019-11-04T16:45:00+09:00,J3,961,888,1849
2019-11-04T16:45:00+09:00,J4,974,1062,2036
2019-11-04T16:45:00+09:00,J5,354,370,724
2019-11-04T17:00:00+09:00,J1,978,1086,2064
2019-11-04T17:00:00+09:00,J2,633,509,1142
2019-11-04T17:00:00+09:00,J3,979,884,1863
2019-11-04T17:00:00+09:00,J4,1010,1042,2052
2019-11-04T17:00:00+09:00,J5,405,399,804
2019-11-04T17:15:00+09:00,J1,987,1074,2061
2019-11-04T17:15:00+09:00,J2,541,418,959
2019-11-04T17:15:00+09:00,J3,921,799,1720
2019-11-04T17:15:00+09:00,J4,1000,985,1985
2019-11-04T17:15:00+09:00,J5,389,384,773
2019-11-04T17:30:00+09:00,J1,913,1085,1998
2019-11-04T17:30:00+09:00,J2,490,445,935
2019-11-04T17:30:00+09:00,J3,966,705,1671
2019-11-04T17:30:00+09:00,J4,1116,1087,2203
2019-11-04T17:30:00+09:00,J5,405,489,894
2019-11-04T17:45:00+09:00,J1,855,1072,1927
2019-11-04T17:45:00+09:00,J2,502,394,896
2019-11-04T17:45:00+09:00,J3,910,812,1722
2019-11-04T17:45:00+09:00,J4,942,1070,2012
2019-11-04T17:45:00+09:00,J5,469,407,876
2019-11-04T18:00:00+09:00,J1,951,1036,1987
2019-11-04T18:00:00+09:00,J2,482,366,848
2019-11-04T18:00:00+09:00,J3,944,743,1687
2019-11-04T18:00:00+09:00,J4,1000,932,1932
2019-11-04T18:00:00+09:00,J5,430,438,868
2019-11-04T18:15:00+09:00,J1,886,1094,1980
2019-11-04T18:15:00+09:00,J2,508,491,999
2019-11-04T18:15:00+09:00,J3,888,801,1689
2019-11-04T18:15:00+09:00,J4,951,904,1855
2019-11-04T18:15:00+09:00,J5,480,538,1018
2019-11-04T18:30:00+09:00,J1,830,904,1734
2019-11-04T18:30:00+09:00,J2,512,397,909
2019-11-04T18:30:00+09:00,J3,805,749,1554
2019-11-04T18:30:00+09:00,J4,942,900,1842
2019-11-04T18:30:00+09:00,J5,419,468,887
2019-11-04T18:45:00+09:00,J1,779,834,1613
2019-11-04T18:45:00+09:00,J2,534,447,981
2019-11-04T18:45:00+09:00,J3,714,655,1369
2019-11-04T18:45:00+09:00,J4,930,969,1899
2019-11-04T18:45:00+09:00,J5,430,388,818
2019-11-04T19:00:00+09:00,J1,715,818,1533
2019-11-04T19:00:00+09:00,J2,427,370,797
2019-11-04T19:00:00+09:00,J3,776,622,1398
2019-11-04T19:00:00+09:00,J4,887,919,1806
2019-11-04T19:00:00+09:00,J5,354,404,758
2019-11-04T19:15:00+09:00,J1,687,840,1527
2019-11-04T19:15:00+09:00,J2,416,286,702
2019-11-04T19:15:00+09:00,J3,748,646,1394
2019-11-04T19:15:00+09:00,J4,904,995,1899
2019-11-04T19:15:00+09:00,J5,416,497,913
2019-11-04T19:30:00+09:00,J1,681,714,1395
2019-11-04T19:30:00+09:00,J2,360,286,646
2019-11-04T19:30:00+09:00,J3,723,597,1320
2019-11-04T19:30:00+09:00,J4,845,893,1738
2019-11-04T19:30:00+09:00,J5,368,434,802
2019-11-04T19:45:00+09:00,J1,748,765,1513
2019-11-04T19:45:00+09:00,J2,353,338,691
2019-11-04T19:45:00+09:00,J3,663,709,1372
2019-11-04T19:45:00+09:00,J4,901,921,1822
2019-11-04T19:45:00+09:00,J5,398,405,803
2019-11-04T20:00:00+09:00,J1,689,746,1435
2019-11-04T20:00:00+09:00,J2,380,366,746
2019-11-04T20:00:00+09:00,J3,740,659,1399
2019-11-04T20:00:00+09:00,J4,793,847,1640
2019-11-04T20:00:00+09:00,J5,415,442,857
2019-11-04T20:15:00+09:00,J1,678,742,1420
2019-11-04T20:15:00+09:00,J2,304,258,562
2019-11-04T20:15:00+09:00,J3,713,663,1376
2019-11-04T20:15:00+09:00,J4,867,860,1727
2019-11-04T20:15:00+09:00,J5,391,392,783
2019-11-04T20:30:00+09:00,J1,691,719,1410
2019-11-04T20:30:00+09:00,J2,301,252,553
2019-11-04T20:30:00+09:00,J3,633,581,1214
2019-11-04T20:30:00+09:00,J4,952,929,1881
2019-11-04T20:30:00+09:00,J5,408,400,808
2019-11-04T20:45:00+09:00,J1,692,669,1361
2019-11-04T20:45:00+09:00,J2,370,320,690
2019-11-04T20:45:00+09:00,J3,619,626,1245
2019-11-04T20:45:00+09:00,J4,899,881,1780
2019-11-04T20:45:00+09:00,J5,356,345,701
2019-11-04T21:00:00+09:00,J1,709,761,1470
2019-11-04T21:00:00+09:00,J2,329,254,583
2019-11-04T21:00:00+09:00,J3,683,596,1279
2019-11-04T21:00:00+09:00,J4,987,985,1972
2019-11-04T21:00:00+09:00,J5,392,419,811
2019-11-04T21:15:00+09:00,J1,703,749,1452
2019-11-04T21:15:00+09:00,J2,296,250,546
2019-11-04T21:15:00+09:00,J3,692,593,1285
2019-11-04T21:15:00+09:00,J4,910,959,1869
2019-11-04T21:15:00+09:00,J5,419,401,820
2019-11-04T21:30:00+09:00,J1,704,733,1437
2019-11-04T21:30:00+09:00,J2,294,268,562
2019-11-04T21:30:00+09:00,J3,683,579,1262
2019-11-04T21:30:00+09:00,J4,802,820,1622
2019-11-04T21:30:00+09:00,J5,369,367,736
2019-11-04T21:45:00+09:00,J1,689,671,1360
2019-11-04T21:45:00+09:00,J2,272,258,530
2019-11-04T21:45:00+09:00,J3,671,561,1232
2019-11-04T21:45:00+09:00,J4,679,700,1379
2019-11-04T21:45:00+09:00,J5,316,293,609
2019-11-04T22:00:00+09:00,J1,598,658,1256
2019-11-04T22:00:00+09:00,J2,286,295,581
2019-11-04T22:00:00+09:00,J3,627,493,1120
2019-11-04T22:00:00+09:00,J4,754,725,1479
2019-11-04T22:00:00+09:00,J5,361,337,698
2019-11-04T22:15:00+09:00,J1,658,690,1348
2019-11-04T22:15:00+09:00,J2,388,326,714
2019-11-04T22:15:00+09:00,J3,601,510,1111
2019-11-04T22:15:00+09:00,J4,772,843,1615
2019-11-04T22:15:00+09:00,J5,326,355,681
2019-11-04T22:30:00+09:00,J1,622,660,1282
2019-11-04T22:30:00+09:00,J2,356,360,716
2019-11-04T22:30:00+09:00,J3,597,527,1124
2019-11-04T22:30:00+09:00,J4,742,800,1542
2019-11-04T22:30:00+09:00,J5,368,361,729
2019-11-04T22:45:00+09:00,J1,643,654,1297
2019-11-04T22:45:00+09:00,J2,320,339,659
2019-11-04T22:45:00+09:00,J3,584,507,1091
2019-11-04T22:45:00+09:00,J4,636,665,1301
2019-11-04T22:45:00+09:00,J5,360,392,752
2019-11-04T23:00:00+09:00,J1,567,663,1230
2019-11-04T23:00:00+09:00,J2,329,361,690
2019-11-04T23:00:00+09:00,J3,625,554,1179
2019-11-04T23:00:00+09:00,J4,712,694,1406
2019-11-04T23:00:00+09:00,J5,374,395,769
2019-11-04T23:15:00+09:00,J1,557,594,1151
2019-11-04T23:15:00+09:00,J2,340,337,677
2019-11-04T23:15:00+09:00,J3,549,516,1065
2019-11-04T23:15:00+09:00,J4,798,764,1562
2019-11-04T23:15:00+09:00,J5,380,359,739
2019-11-04T23:30:00+09:00,J1,510,530,1040
2019-11-04T23:30:00+09:00,J2,310,262,572
2019-11-04T23:30:00+09:00,J3,491,519,1010
2019-11-04T23:30:00+09:00,J4,739,720,1459
2019-11-04T23:30:00+09:00,J5,404,353,757
2019-11-04T23:45:00+09:00,J1,507,586,1093
2019-11-04T23:45:00+09:00,J2,323,281,604
2019-11-04T23:45:00+09:00,J3,531,529,1060
2019-11-04T23:45:00+09:00,J4,701,646,1347
2019-11-04T23:45:00+09:00,J5,375,397,772
2019-11-05T00:00:00+09:00,J1,409,427,836
2019-11-05T00:00:00+09:00,J2,377,382,759
2019-11-05T00:00:00+09:00,J3,505,438,943
2019-11-05T00:00:00+09:00,J4,773,694,1467
2019-11-05T00:00:00+09:00,J5,447,377,824
2019-11-05T00:15:00+09:00,J1,318,351,669
2019-11-05T00:15:00+09:00,J2,349,344,693
2019-11-05T00:15:00+09:00,J3,444,377,821
2019-11-05T00:15:00+09:00,J4,812,614,1426
2019-11-05T00:15:00+09:00,J5,370,287,657
2019-11-05T00:30:00+09:00,J1,378,272,650
2019-11-05T00:30:00+09:00,J2,270,308,578
2019-11-05T00:30:00+09:00,J3,354,396,750
2019-11-05T00:30:00+09:00,J4,774,724,1498
2019-11-05T00:30:00+09:00,J5,342,286,628
2019-11-05T00:45:00+09:00,J1,334,301,635
2019-11-05T00:45:00+09:00,J2,244,262,506
2019-11-05T00:45:00+09:00,J3,345,367,712
2019-11-05T00:45:00+09:00,J4,788,757,1545
2019-11-05T00:45:00+09:00,J5,307,280,587
2019-11-05T05:45:00+09:00,J1,249,262,511
2019-11-05T05:45:00+09:00,J2,352,304,656
2019-11-05T05:45:00+09:00,J3,443,369,812
2019-11-05T05:45:00+09:00,J4,710,759,1469
2019-11-05T05:45:00+09:00,J5,431,461,892
2019-11-05T06:00:00+09:00,J1,297,330,627
2019-11-05T06:00:00+09:00,J2,299,272,571
2019-11-05T06:00:00+09:00,J3,482,393,875
2019-11-05T06:00:00+09:00,J4,557,576,1133
2019-11-05T06:00:00+09:00,J5,413,438,851
2019-11-05T06:15:00+09:00,J1,486,492,978
2019-11-05T06:15:00+09:00,J2,295,245,540
2019-11-05T06:15:00+09:00,J3,447,369,816
2019-11-05T06:15:00+09:00,J4,693,683,1376
2019-11-05T06:15:00+09:00,J5,321,283,604
2019-11-05T06:30:00+09:00,J1,531,557,1088
2019-11-05T06:30:00+09:00,J2,262,242,504
2019-11-05T06:30:00+09:00,J3,408,419,827
2019-11-05T06:30:00+09:00,J4,764,712,1476
2019-11-05T06:30:00+09:00,J5,301,295,596
2019-11-05T06:45:00+09:00,J1,538,556,1094
2019-11-05T06:45:00+09:00,J2,342,306,648
2019-11-05T06:45:00+09:00,J3,510,464,974
2019-11-05T06:45:00+09:00,J4,932,930,1862
2019-11-05T06:45:00+09:00,J5,392,322,714
2019-11-05T07:00:00+09:00,J1,608,592,1200
2019-11-05T07:00:00+09:00,J2,403,331,734
2019-11-05T07:00:00+09:00,J3,521,469,990
2019-11-05T07:00:00+09:00,J4,884,877,1761
2019-11-05T07:00:00+09:00,J5,371,339,710
2019-11-05T07:15:00+09:00,J1,689,718,1407
2019-11-05T07:15:00+09:00,J2,366,339,705
2019-11-05T07:15:00+09:00,J3,620,579,1199
2019-11-05T07:15:00+09:00,J4,850,944,1794
2019-11-05T07:15:00+09:00,J5,471,368,839
2019-11-05T07:30:00+09:00,J1,738,741,1479
2019-11-05T07:30:00+09:00,J2,329,267,596
2019-11-05T07:30:00+09:00,J3,665,741,1406
2019-11-05T07:30:00+09:00,J4,860,979,1839
2019-11-05T07:30:00+09:00,J5,464,424,888
2019-11-05T07:45:00+09:00,J1,916,863,1779
2019-11-05T07:45:00+09:00,J2,674,447,1121
2019-11-05T07:45:00+09:00,J3,844,922,1766
2019-11-05T07:45:00+09:00,J4,1116,1221,2337
2019-11-05T07:45:00+09:00,J5,481,511,992
2019-11-05T08:00:00+09:00,J1,1119,1010,2129
2019-11-05T08:00:00+09:00,J2,774,533,1307
2019-11-05T08:00:00+09:00,J3,909,971,1880
2019-11-05T08:00:00+09:00,J4,1084,1200,2284
2019-11-05T08:00:00+09:00,J5,490,528,1018
2019-11-05T08:15:00+09:00,J1,1132,948,2080
2019-11-05T08:15:00+09:00,J2,885,568,1453
2019-11-05T08:15:00+09:00,J3,934,1109,2043
2019-11-05T08:15:00+09:00,J4,1082,1285,2367
2019-11-05T08:15:00+09:00,J5,385,428,813
2019-11-05T08:30:00+09:00,J1,1187,958,2145
2019-11-05T08:30:00+09:00,J2,989,558,1547
2019-11-05T08:30:00+09:00,J3,1005,1107,2112
2019-11-05T08:30:00+09:00,J4,1039,1274,2313
2019-11-05T08:30:00+09:00,J5,393,422,815
2019-11-05T08:45:00+09:00,J1,908,734,1642
2019-11-05T08:45:00+09:00,J2,686,474,1160
2019-11-05T08:45:00+09:00,J3,804,894,1698
2019-11-05T08:45:00+09:00,J4,994,1110,2104
2019-11-05T08:45:00+09:00,J5,456,406,862
2019-11-05T09:00:00+09:00,J1,1001,735,1736
2019-11-05T09:00:00+09:00,J2,638,446,1084
2019-11-05T09:00:00+09:00,J3,751,759,1510
2019-11-05T09:00:00+09:00,J4,778,901,1679
2019-11-05T09:00:00+09:00,J5,577,491,1068
2019-11-05T09:15:00+09:00,J1,800,744,1544
2019-11-05T09:15:00+09:00,J2,740,557,1297
2019-11-05T09:15:00+09:00,J3,687,654,1341
2019-11-05T09:15:00+09:00,J4,785,871,1656
2019-11-05T09:15:00+09:00,J5,453,415,868
2019-11-05T09:30:00+09:00,J1,707,620,1327
2019-11-05T09:30:00+09:00,J2,701,480,1181
2019-11-05T09:30:00+09:00,J3,690,653,1343
2019-11-05T09:30:00+09:00,J4,794,901,1695
2019-11-05T09:30:00+09:00,J5,459,457,916
2019-11-05T09:45:00+09:00,J1,796,791,1587
2019-11-05T09:45:00+09:00,J2,675,476,1151
2019-11-05T09:45:00+09:00,J3,681,710,1391
2019-11-05T09:45:00+09:00,J4,721,881,1602
2019-11-05T09:45:00+09:00,J5,417,419,836
2019-11-05T10:00:00+09:00,J1,677,719,1396
2019-11-05T10:00:00+09:00,J2,537,450,987
2019-11-05T10:00:00+09:00,J3,611,573,1184
2019-11-05T10:00:00+09:00,J4,707,735,1442
2019-11-05T10:00:00+09:00,J5,414,352,766
2019-11-05T10:15:00+09:00,J1,739,728,1467
2019-11-05T10:15:00+09:00,J2,625,435,1060
2019-11-05T10:15:00+09:00,J3,644,624,1268
2019-11-05T10:15:00+09:00,J4,716,792,1508
2019-11-05T10:15:00+09:00,J5,355,338,693
2019-11-05T10:30:00+09:00,J1,673,754,1427
2019-11-05T10:30:00+09:00,J2,595,468,1063
2019-11-05T10:30:00+09:00,J3,642,541,1183
2019-11-05T10:30:00+09:00,J4,706,794,1500
2019-11-05T10:30:00+09:00,J5,411,414,825
2019-11-05T10:45:00+09:00,J1,728,754,1482
2019-11-05T10:45:00+09:00,J2,651,476,1127
2019-11-05T10:45:00+09:00,J3,695,605,1300
2019-11-05T10:45:00+09:00,J4,819,855,1674
2019-11-05T10:45:00+09:00,J5,363,351,714
2019-11-05T11:00:00+09:00,J1,760,749,1509
2019-11-05T11:00:00+09:00,J2,717,496,1213
2019-11-05T11:00:00+09:00,J3,701,625,1326
2019-11-05T11:00:00+09:00,J4,739,820,1559
2019-11-05T11:00:00+09:00,J5,357,361,718
2019-11-05T11:15:00+09:00,J1,903,941,1844
2019-11-05T11:15:00+09:00,J2,632,503,1135
2019-11-05T11:15:00+09:00,J3,754,665,1419
2019-11-05T11:15:00+09:00,J4,785,848,1633
2019-11-05T11:15:00+09:00,J5,348,371,719
2019-11-05T11:30:00+09:00,J1,903,960,1863
2019-11-05T11:30:00+09:00,J2,702,476,1178
2019-11-05T11:30:00+09:00,J3,803,783,1586
2019-11-05T11:30:00+09:00,J4,743,837,1580
2019-11-05T11:30:00+09:00,J5,386,456,842
2019-11-05T11:45:00+09:00,J1,880,958,1838
2019-11-05T11:45:00+09:00,J2,684,616,1300
2019-11-05T11:45:00+09:00,J3,779,754,1533
2019-11-05T11:45:00+09:00,J4,751,730,1481
2019-11-05T11:45:00+09:00,J5,336,372,708
2019-11-05T12:00:00+09:00,J1,857,1031,1888
2019-11-05T12:00:00+09:00,J2,733,582,1315
2019-11-05T12:00:00+09:00,J3,810,722,1532
2019-11-05T12:00:00+09:00,J4,765,792,1557
2019-11-05T12:00:00+09:00,J5,444,511,955
2019-11-05T12:15:00+09:00,J1,755,866,1621
2019-11-05T12:15:00+09:00,J2,716,631,1347
2019-11-05T12:15:00+09:00,J3,766,760,1526
2019-11-05T12:15:00+09:00,J4,938,880,1818
2019-11-05T12:15:00+09:00,J5,417,463,880
2019-11-05T12:30:00+09:00,J1,826,913,1739
2019-11-05T12:30:00+09:00,J2,803,624,1427
2019-11-05T12:30:00+09:00,J3,755,741,1496
2019-11-05T12:30:00+09:00,J4,730,735,1465
2019-11-05T12:30:00+09:00,J5,373,429,802
2019-11-05T12:45:00+09:00,J1,846,765,1611
2019-11-05T12:45:00+09:00,J2,816,572,1388
2019-11-05T12:45:00+09:00,J3,850,707,1557
2019-11-05T12:45:00+09:00,J4,834,876,1710
2019-11-05T12:45:00+09:00,J5,415,415,830
2019-11-05T13:00:00+09:00,J1,717,834,1551
2019-11-05T13:00:00+09:00,J2,769,602,1371
2019-11-05T13:00:00+09:00,J3,909,701,1610
2019-11-05T13:00:00+09:00,J4,921,845,1766
2019-11-05T13:00:00+09:00,J5,398,434,832
2019-11-05T13:15:00+09:00,J1,682,851,1533
2019-11-05T13:15:00+09:00,J2,741,645,1386
2019-11-05T13:15:00+09:00,J3,771,703,1474
2019-11-05T13:15:00+09:00,J4,868,881,1749
2019-11-05T13:15:00+09:00,J5,458,474,932
2019-11-05T13:30:00+09:00,J1,782,926,1708
2019-11-05T13:30:00+09:00,J2,786,604,1390
2019-11-05T13:30:00+09:00,J3,821,708,1529
2019-11-05T13:30:00+09:00,J4,816,773,1589
2019-11-05T13:30:00+09:00,J5,498,483,981
2019-11-05T13:45:00+09:00,J1,727,795,1522
2019-11-05T13:45:00+09:00,J2,675,583,1258
2019-11-05T13:45:00+09:00,J3,779,660,1439
2019-11-05T13:45:00+09:00,J4,840,920,1760
2019-11-05T13:45:00+09:00,J5,459,488,947
2019-11-05T14:00:00+09:00,J1,707,691,1398
2019-11-05T14:00:00+09:00,J2,753,619,1372
2019-11-05T14:00:00+09:00,J3,803,592,1395
2019-11-05T14:00:00+09:00,J4,890,885,1775
2019-11-05T14:00:00+09:00,J5,440,441,881
2019-11-05T14:15:00+09:00,J1,725,708,1433
2019-11-05T14:15:00+09:00,J2,799,550,1349
2019-11-05T14:15:00+09:00,J3,810,648,1458
2019-11-05T14:15:00+09:00,J4,874,920,1794
2019-11-05T14:15:00+09:00,J5,417,404,821
2019-11-05T14:30:00+09:00,J1,720,747,1467
2019-11-05T14:30:00+09:00,J2,757,584,1341
2019-11-05T14:30:00+09:00,J3,805,650,1455
2019-11-05T14:30:00+09:00,J4,849,788,1637
2019-11-05T14:30:00+09:00,J5,381,392,773
2019-11-05T14:45:00+09:00,J1,711,634,1345
2019-11-05T14:45:00+09:00,J2,796,644,1440
2019-11-05T14:45:00+09:00,J3,874,663,1537
2019-11-05T14:45:00+09:00,J4,801,805,1606
2019-11-05T14:45:00+09:00,J5,388,367,755
2019-11-05T15:00:00+09:00,J1,746,719,1465
2019-11-05T15:00:00+09:00,J2,772,637,1409
2019-11-05T15:00:00+09:00,J3,850,676,1526
2019-11-05T15:00:00+09:00,J4,719,708,1427
2019-11-05T15:00:00+09:00,J5,482,471,953
2019-11-05T15:15:00+09:00,J1,678,845,1523
2019-11-05T15:15:00+09:00,J2,769,648,1417
2019-11-05T15:15:00+09:00,J3,839,633,1472
2019-11-05T15:15:00+09:00,J4,862,921,1783
2019-11-05T15:15:00+09:00,J5,381,409,790
2019-11-05T15:30:00+09:00,J1,721,741,1462
2019-11-05T15:30:00+09:00,J2,751,707,1458
2019-11-05T15:30:00+09:00,J3,940,630,1570
2019-11-05T15:30:00+09:00,J4,824,817,1641
2019-11-05T15:30:00+09:00,J5,435,412,847
2019-11-05T15:45:00+09:00,J1,656,708,1364
2019-11-05T15:45:00+09:00,J2,726,636,1362
2019-11-05T15:45:00+09:00,J3,800,724,1524
2019-11-05T15:45:00+09:00,J4,833,896,1729
2019-11-05T15:45:00+09:00,J5,393,396,789
2019-11-05T16:00:00+09:00,J1,788,746,1534
2019-11-05T16:00:00+09:00,J2,691,601,1292
2019-11-05T16:00:00+09:00,J3,881,618,1499
2019-11-05T16:00:00+09:00,J4,816,852,1668
2019-11-05T16:00:00+09:00,J5,363,340,703
2019-11-05T16:15:00+09:00,J1,761,793,1554
2019-11-05T16:15:00+09:00,J2,769,644,1413
2019-11-05T16:15:00+09:00,J3,887,711,1598
2019-11-05T16:15:00+09:00,J4,731,721,1452
2019-11-05T16:15:00+09:00,J5,376,363,739
2019-11-05T16:30:00+09:00,J1,702,720,1422
2019-11-05T16:30:00+09:00,J2,749,621,1370
2019-11-05T16:30:00+09:00,J3,906,733,1639
2019-11-05T16:30:00+09:00,J4,870,940,1810
2019-11-05T16:30:00+09:00,J5,389,398,787
2019-11-05T16:45:00+09:00,J1,734,755,1489
2019-11-05T16:45:00+09:00,J2,782,620,1402
2019-11-05T16:45:00+09:00,J3,916,764,1680
2019-11-05T16:45:00+09:00,J4,822,871,1693
2019-11-05T16:45:00+09:00,J5,424,436,860
2019-11-05T17:00:00+09:00,J1,841,879,1720
2019-11-05T17:00:00+09:00,J2,755,718,1473
2019-11-05T17:00:00+09:00,J3,918,742,1660
2019-11-05T17:00:00+09:00,J4,931,905,1836
2019-11-05T17:00:00+09:00,J5,462,594,1056
2019-11-05T17:15:00+09:00,J1,901,962,1863
2019-11-05T17:15:00+09:00,J2,873,785,1658
2019-11-05T17:15:00+09:00,J3,1020,787,1807
2019-11-05T17:15:00+09:00,J4,886,923,1809
2019-11-05T17:15:00+09:00,J5,549,653,1202
2019-11-05T17:30:00+09:00,J1,851,907,1758
2019-11-05T17:30:00+09:00,J2,902,693,1595
2019-11-05T17:30:00+09:00,J3,1031,810,1841
2019-11-05T17:30:00+09:00,J4,866,842,1708
2019-11-05T17:30:00+09:00,J5,543,695,1238
2019-11-05T17:45:00+09:00,J1,829,952,1781
2019-11-05T17:45:00+09:00,J2,817,725,1542
2019-11-05T17:45:00+09:00,J3,1094,807,1901
2019-11-05T17:45:00+09:00,J4,772,859,1631
2019-11-05T17:45:00+09:00,J5,578,671,1249
2019-11-05T18:00:00+09:00,J1,924,999,1923
2019-11-05T18:00:00+09:00,J2,786,742,1528
2019-11-05T18:00:00+09:00,J3,1108,784,1892
2019-11-05T18:00:00+09:00,J4,913,823,1736
2019-11-05T18:00:00+09:00,J5,549,685,1234
2019-11-05T18:15:00+09:00,J1,794,936,1730
2019-11-05T18:15:00+09:00,J2,779,743,1522
2019-11-05T18:15:00+09:00,J3,1075,808,1883
2019-11-05T18:15:00+09:00,J4,956,726,1682
2019-11-05T18:15:00+09:00,J5,587,771,1358
2019-11-05T18:30:00+09:00,J1,836,886,1722
2019-11-05T18:30:00+09:00,J2,750,606,1356
2019-11-05T18:30:00+09:00,J3,844,798,1642
2019-11-05T18:30:00+09:00,J4,930,820,1750
2019-11-05T18:30:00+09:00,J5,472,664,1136
2019-11-05T18:45:00+09:00,J1,810,901,1711
2019-11-05T18:45:00+09:00,J2,812,613,1425
2019-11-05T18:45:00+09:00,J3,879,676,1555
2019-11-05T18:45:00+09:00,J4,867,733,1600
2019-11-05T18:45:00+09:00,J5,399,542,941
2019-11-05T19:00:00+09:00,J1,752,835,1587
2019-11-05T19:00:00+09:00,J2,509,489,998
2019-11-05T19:00:00+09:00,J3,867,652,1519
2019-11-05T19:00:00+09:00,J4,966,880,1846
2019-11-05T19:00:00+09:00,J5,462,599,1061
2019-11-05T19:15:00+09:00,J1,647,824,1471
2019-11-05T19:15:00+09:00,J2,422,481,903
2019-11-05T19:15:00+09:00,J3,866,628,1494
2019-11-05T19:15:00+09:00,J4,957,881,1838
2019-11-05T19:15:00+09:00,J5,440,587,1027
2019-11-05T19:30:00+09:00,J1,673,792,1465
2019-11-05T19:30:00+09:00,J2,452,471,923
2019-11-05T19:30:00+09:00,J3,852,678,1530
2019-11-05T19:30:00+09:00,J4,933,905,1838
2019-11-05T19:30:00+09:00,J5,445,558,1003
2019-11-05T19:45:00+09:00,J1,700,789,1489
2019-11-05T19:45:00+09:00,J2,447,564,1011
2019-11-05T19:45:00+09:00,J3,856,739,1595
2019-11-05T19:45:00+09:00,J4,923,831,1754
2019-11-05T19:45:00+09:00,J5,474,568,1042
2019-11-05T20:00:00+09:00,J1,676,839,1515
2019-11-05T20:00:00+09:00,J2,427,473,900
2019-11-05T20:00:00+09:00,J3,831,739,1570
2019-11-05T20:00:00+09:00,J4,876,886,1762
2019-11-05T20:00:00+09:00,J5,510,570,1080
2019-11-05T20:15:00+09:00,J1,664,853,1517
2019-11-05T20:15:00+09:00,J2,412,548,960
2019-11-05T20:15:00+09:00,J3,867,721,1588
2019-11-05T20:15:00+09:00,J4,920,925,1845
2019-11-05T20:15:00+09:00,J5,489,580,1069
2019-11-05T20:30:00+09:00,J1,640,816,1456
2019-11-05T20:30:00+09:00,J2,416,450,866
2019-11-05T20:30:00+09:00,J3,891,728,1619
2019-11-05T20:30:00+09:00,J4,910,921,1831
2019-11-05T20:30:00+09:00,J5,466,560,1026
2019-11-05T20:45:00+09:00,J1,713,860,1573
2019-11-05T20:45:00+09:00,J2,396,400,796
2019-11-05T20:45:00+09:00,J3,829,681,1510
2019-11-05T20:45:00+09:00,J4,939,875,1814
2019-11-05T20:45:00+09:00,J5,463,484,947
2019-11-05T21:00:00+09:00,J1,682,883,1565
2019-11-05T21:00:00+09:00,J2,387,450,837
2019-11-05T21:00:00+09:00,J3,790,667,1457
2019-11-05T21:00:00+09:00,J4,845,868,1713
2019-11-05T21:00:00+09:00,J5,454,523,977
2019-11-05T21:15:00+09:00,J1,702,820,1522
2019-11-05T21:15:00+09:00,J2,395,394,789
2019-11-05T21:15:00+09:00,J3,772,672,1444
2019-11-05T21:15:00+09:00,J4,852,933,1785
2019-11-05T21:15:00+09:00,J5,388,481,869
2019-11-05T21:30:00+09:00,J1,673,795,1468
2019-11-05T21:30:00+09:00,J2,384,442,826
2019-11-05T21:30:00+09:00,J3,697,656,1353
2019-11-05T21:30:00+09:00,J4,910,912,1822
2019-11-05T21:30:00+09:00,J5,431,425,856
2019-11-05T21:45:00+09:00,J1,622,707,1329
2019-11-05T21:45:00+09:00,J2,337,353,690
2019-11-05T21:45:00+09:00,J3,658,551,1209
2019-11-05T21:45:00+09:00,J4,935,901,1836
2019-11-05T21:45:00+09:00,J5,425,380,805
2019-11-05T22:00:00+09:00,J1,621,661,1282
2019-11-05T22:00:00+09:00,J2,361,373,734
2019-11-05T22:00:00+09:00,J3,634,597,1231
2019-11-05T22:00:00+09:00,J4,826,894,1720
2019-11-05T22:00:00+09:00,J5,371,382,753
2019-11-05T22:15:00+09:00,J1,581,641,1222
2019-11-05T22:15:00+09:00,J2,412,399,811
2019-11-05T22:15:00+09:00,J3,574,503,1077
2019-11-05T22:15:00+09:00,J4,837,835,1672
2019-11-05T22:15:00+09:00,J5,371,335,706
2019-11-05T22:30:00+09:00,J1,619,639,1258
2019-11-05T22:30:00+09:00,J2,500,401,901
2019-11-05T22:30:00+09:00,J3,641,578,1219
2019-11-05T22:30:00+09:00,J4,745,782,1527
2019-11-05T22:30:00+09:00,J5,314,305,619
2019-11-05T22:45:00+09:00,J1,618,677,1295
2019-11-05T22:45:00+09:00,J2,602,504,1106
2019-11-05T22:45:00+09:00,J3,521,548,1069
2019-11-05T22:45:00+09:00,J4,813,812,1625
2019-11-05T22:45:00+09:00,J5,280,271,551
2019-11-05T23:00:00+09:00,J1,540,676,1216
2019-11-05T23:00:00+09:00,J2,533,451,984
2019-11-05T23:00:00+09:00,J3,626,522,1148
2019-11-05T23:00:00+09:00,J4,846,787,1633
2019-11-05T23:00:00+09:00,J5,257,242,499
2019-11-05T23:15:00+09:00,J1,503,636,1139
2019-11-05T23:15:00+09:00,J2,502,424,926
2019-11-05T23:15:00+09:00,J3,559,529,1088
2019-11-05T23:15:00+09:00,J4,822,784,1606
2019-11-05T23:15:00+09:00,J5,302,312,614
2019-11-05T23:30:00+09:00,J1,443,452,895
2019-11-05T23:30:00+09:00,J2,476,361,837
2019-11-05T23:30:00+09:00,J3,522,490,1012
2019-11-05T23:30:00+09:00,J4,753,725,1478
2019-11-05T23:30:00+09:00,J5,319,337,656
2019-11-05T23:45:00+09:00,J1,519,579,1098
2019-11-05T23:45:00+09:00,J2,445,350,795
2019-11-05T23:45:00+09:00,J3,553,443,996
2019-11-05T23:45:00+09:00,J4,804,700,1504
2019-11-05T23:45:00+09:00,J5,295,265,560
2019-11-06T00:00:00+09:00,J1,370,448,818
2019-11-06T00:00:00+09:00,J2,495,441,936
2019-11-06T00:00:00+09:00,J3,487,366,853
2019-11-06T00:00:00+09:00,J4,886,741,1627
2019-11-06T00:00:00+09:00,J5,342,328,670
2019-11-06T00:15:00+09:00,J1,298,350,648
2019-11-06T00:15:00+09:00,J2,517,437,954
2019-11-06T00:15:00+09:00,J3,461,463,924
2019-11-06T00:15:00+09:00,J4,810,716,1526
2019-11-06T00:15:00+09:00,J5,310,280,590
2019-11-06T00:30:00+09:00,J1,289,243,532
2019-11-06T00:30:00+09:00,J2,491,495,986
2019-11-06T00:30:00+09:00,J3,405,416,821
2019-11-06T00:30:00+09:00,J4,674,656,1330
2019-11-06T00:30:00+09:00,J5,378,370,748
2019-11-06T00:45:00+09:00,J1,279,247,526
2019-11-06T00:45:00+09:00,J2,538,460,998
2019-11-06T00:45:00+09:00,J3,477,440,917
2019-11-06T00:45:00+09:00,J4,813,715,1528
2019-11-06T00:45:00+09:00,J5,403,387,790
2019-11-06T05:45:00+09:00,J1,361,349,710
2019-11-06T05:45:00+09:00,J2,381,369,750
2019-11-06T05:45:00+09:00,J3,515,381,896
2019-11-06T05:45:00+09:00,J4,796,760,1556
2019-11-06T05:45:00+09:00,J5,535,494,1029
2019-11-06T06:00:00+09:00,J1,308,332,640
2019-11-06T06:00:00+09:00,J2,398,434,832
2019-11-06T06:00:00+09:00,J3,480,343,823
2019-11-06T06:00:00+09:00,J4,823,754,1577
2019-11-06T06:00:00+09:00,J5,549,483,1032
2019-11-06T06:15:00+09:00,J1,490,529,1019
2019-11-06T06:15:00+09:00,J2,358,334,692
2019-11-06T06:15:00+09:00,J3,573,475,1048
2019-11-06T06:15:00+09:00,J4,836,827,1663
2019-11-06T06:15:00+09:00,J5,439,442,881
2019-11-06T06:30:00+09:00,J1,533,553,1086
2019-11-06T06:30:00+09:00,J2,354,326,680
2019-11-06T06:30:00+09:00,J3,456,421,877
2019-11-06T06:30:00+09:00,J4,857,783,1640
2019-11-06T06:30:00+09:00,J5,454,387,841
2019-11-06T06:45:00+09:00,J1,537,535,1072
2019-11-06T06:45:00+09:00,J2,386,338,724
2019-11-06T06:45:00+09:00,J3,481,468,949
2019-11-06T06:45:00+09:00,J4,852,913,1765
2019-11-06T06:45:00+09:00,J5,456,430,886
2019-11-06T07:00:00+09:00,J1,589,669,1258
2019-11-06T07:00:00+09:00,J2,360,406,766
2019-11-06T07:00:00+09:00,J3,529,521,1050
2019-11-06T07:00:00+09:00,J4,801,760,1561
2019-11-06T07:00:00+09:00,J5,461,432,893
2019-11-06T07:15:00+09:00,J1,699,697,1396
2019-11-06T07:15:00+09:00,J2,478,401,879
2019-11-06T07:15:00+09:00,J3,619,565,1184
2019-11-06T07:15:00+09:00,J4,847,906,1753
2019-11-06T07:15:00+09:00,J5,495,415,910
2019-11-06T07:30:00+09:00,J1,801,759,1560
2019-11-06T07:30:00+09:00,J2,399,352,751
2019-11-06T07:30:00+09:00,J3,623,732,1355
2019-11-06T07:30:00+09:00,J4,907,1052,1959
2019-11-06T07:30:00+09:00,J5,535,515,1050
2019-11-06T07:45:00+09:00,J1,902,879,1781
2019-11-06T07:45:00+09:00,J2,518,405,923
2019-11-06T07:45:00+09:00,J3,768,908,1676
2019-11-06T07:45:00+09:00,J4,947,1168,2115
2019-11-06T07:45:00+09:00,J5,546,629,1175
2019-11-06T08:00:00+09:00,J1,1075,1049,2124
2019-11-06T08:00:00+09:00,J2,511,447,958
2019-11-06T08:00:00+09:00,J3,1005,1059,2064
2019-11-06T08:00:00+09:00,J4,1015,1177,2192
2019-11-06T08:00:00+09:00,J5,563,667,1230
2019-11-06T08:15:00+09:00,J1,1169,1007,2176
2019-11-06T08:15:00+09:00,J2,693,474,1167
2019-11-06T08:15:00+09:00,J3,1253,1185,2438
2019-11-06T08:15:00+09:00,J4,1037,1256,2293
2019-11-06T08:15:00+09:00,J5,524,590,1114
2019-11-06T08:30:00+09:00,J1,1136,1023,2159
2019-11-06T08:30:00+09:00,J2,660,462,1122
2019-11-06T08:30:00+09:00,J3,1025,1134,2159
2019-11-06T08:30:00+09:00,J4,961,1259,2220
2019-11-06T08:30:00+09:00,J5,516,567,1083
2019-11-06T08:45:00+09:00,J1,1080,884,1964
2019-11-06T08:45:00+09:00,J2,483,379,862
2019-11-06T08:45:00+09:00,J3,923,963,1886
2019-11-06T08:45:00+09:00,J4,777,1082,1859
2019-11-06T08:45:00+09:00,J5,553,547,1100
2019-11-06T09:00:00+09:00,J1,931,857,1788
2019-11-06T09:00:00+09:00,J2,444,353,797
2019-11-06T09:00:00+09:00,J3,885,813,1698
2019-11-06T09:00:00+09:00,J4,704,847,1551
2019-11-06T09:00:00+09:00,J5,584,503,1087
2019-11-06T09:15:00+09:00,J1,837,727,1564
2019-11-06T09:15:00+09:00,J2,509,416,925
2019-11-06T09:15:00+09:00,J3,851,845,1696
2019-11-06T09:15:00+09:00,J4,713,833,1546
2019-11-06T09:15:00+09:00,J5,558,524,1082
2019-11-06T09:30:00+09:00,J1,753,723,1476
2019-11-06T09:30:00+09:00,J2,449,273,722
2019-11-06T09:30:00+09:00,J3,831,922,1753
2019-11-06T09:30:00+09:00,J4,835,978,1813
2019-11-06T09:30:00+09:00,J5,476,454,930
2019-11-06T09:45:00+09:00,J1,769,713,1482
2019-11-06T09:45:00+09:00,J2,310,241,551
2019-11-06T09:45:00+09:00,J3,781,819,1600
2019-11-06T09:45:00+09:00,J4,819,886,1705
2019-11-06T09:45:00+09:00,J5,462,445,907
2019-11-06T10:00:00+09:00,J1,751,716,1467
2019-11-06T10:00:00+09:00,J2,324,195,519
2019-11-06T10:00:00+09:00,J3,721,706,1427
2019-11-06T10:00:00+09:00,J4,754,818,1572
2019-11-06T10:00:00+09:00,J5,444,436,880
2019-11-06T10:15:00+09:00,J1,809,849,1658
2019-11-06T10:15:00+09:00,J2,330,268,598
2019-11-06T10:15:00+09:00,J3,679,715,1394
2019-11-06T10:15:00+09:00,J4,785,769,1554
2019-11-06T10:15:00+09:00,J5,448,475,923
2019-11-06T10:30:00+09:00,J1,903,780,1683
2019-11-06T10:30:00+09:00,J2,341,302,643
2019-11-06T10:30:00+09:00,J3,794,744,1538
2019-11-06T10:30:00+09:00,J4,732,883,1615
2019-11-06T10:30:00+09:00,J5,488,475,963
2019-11-06T10:45:00+09:00,J1,795,813,1608
2019-11-06T10:45:00+09:00,J2,398,330,728
2019-11-06T10:45:00+09:00,J3,735,763,1498
2019-11-06T10:45:00+09:00,J4,782,821,1603
2019-11-06T10:45:00+09:00,J5,448,497,945
2019-11-06T11:00:00+09:00,J1,745,826,1571
2019-11-06T11:00:00+09:00,J2,400,295,695
2019-11-06T11:00:00+09:00,J3,752,800,1552
2019-11-06T11:00:00+09:00,J4,760,840,1600
2019-11-06T11:00:00+09:00,J5,399,498,897
2019-11-06T11:15:00+09:00,J1,902,971,1873
2019-11-06T11:15:00+09:00,J2,377,348,725
2019-11-06T11:15:00+09:00,J3,763,694,1457
2019-11-06T11:15:00+09:00,J4,724,765,1489
2019-11-06T11:15:00+09:00,J5,421,494,915
2019-11-06T11:30:00+09:00,J1,927,993,1920
2019-11-06T11:30:00+09:00,J2,430,391,821
2019-11-06T11:30:00+09:00,J3,720,712,1432
2019-11-06T11:30:00+09:00,J4,716,853,1569
2019-11-06T11:30:00+09:00,J5,464,514,978
2019-11-06T11:45:00+09:00,J1,1006,1064,2070
2019-11-06T11:45:00+09:00,J2,401,343,744
2019-11-06T11:45:00+09:00,J3,751,715,1466
2019-11-06T11:45:00+09:00,J4,705,847,1552
2019-11-06T11:45:00+09:00,J5,407,445,852
2019-11-06T12:00:00+09:00,J1,945,957,1902
2019-11-06T12:00:00+09:00,J2,438,373,811
2019-11-06T12:00:00+09:00,J3,934,890,1824
2019-11-06T12:00:00+09:00,J4,766,864,1630
2019-11-06T12:00:00+09:00,J5,505,602,1107
2019-11-06T12:15:00+09:00,J1,877,918,1795
2019-11-06T12:15:00+09:00,J2,493,406,899
2019-11-06T12:15:00+09:00,J3,865,866,1731
2019-11-06T12:15:00+09:00,J4,1045,1075,2120
2019-11-06T12:15:00+09:00,J5,479,638,1117
2019-11-06T12:30:00+09:00,J1,920,930,1850
2019-11-06T12:30:00+09:00,J2,454,410,864
2019-11-06T12:30:00+09:00,J3,1027,1038,2065
2019-11-06T12:30:00+09:00,J4,1052,1074,2126
2019-11-06T12:30:00+09:00,J5,534,601,1135
2019-11-06T12:45:00+09:00,J1,912,888,1800
2019-11-06T12:45:00+09:00,J2,462,456,918
2019-11-06T12:45:00+09:00,J3,903,1077,1980
2019-11-06T12:45:00+09:00,J4,1139,1086,2225
2019-11-06T12:45:00+09:00,J5,516,484,1000
2019-11-06T13:00:00+09:00,J1,846,876,1722
2019-11-06T13:00:00+09:00,J2,398,378,776
2019-11-06T13:00:00+09:00,J3,921,1021,1942
2019-11-06T13:00:00+09:00,J4,965,1041,2006
2019-11-06T13:00:00+09:00,J5,583,550,1133
2019-11-06T13:15:00+09:00,J1,880,894,1774
2019-11-06T13:15:00+09:00,J2,414,418,832
2019-11-06T13:15:00+09:00,J3,873,955,1828
2019-11-06T13:15:00+09:00,J4,1025,978,2003
2019-11-06T13:15:00+09:00,J5,585,576,1161
2019-11-06T13:30:00+09:00,J1,828,894,1722
2019-11-06T13:30:00+09:00,J2,391,378,769
2019-11-06T13:30:00+09:00,J3,907,936,1843
2019-11-06T13:30:00+09:00,J4,972,966,1938
2019-11-06T13:30:00+09:00,J5,555,521,1076
2019-11-06T13:45:00+09:00,J1,817,845,1662
2019-11-06T13:45:00+09:00,J2,380,360,740
2019-11-06T13:45:00+09:00,J3,920,949,1869
2019-11-06T13:45:00+09:00,J4,1028,1024,2052
2019-11-06T13:45:00+09:00,J5,628,603,1231
2019-11-06T14:00:00+09:00,J1,779,884,1663
2019-11-06T14:00:00+09:00,J2,411,420,831
2019-11-06T14:00:00+09:00,J3,899,860,1759
2019-11-06T14:00:00+09:00,J4,964,977,1941
2019-11-06T14:00:00+09:00,J5,556,532,1088
2019-11-06T14:15:00+09:00,J1,755,794,1549
2019-11-06T14:15:00+09:00,J2,533,497,1030
2019-11-06T14:15:00+09:00,J3,1007,917,1924
2019-11-06T14:15:00+09:00,J4,1027,1044,2071
2019-11-06T14:15:00+09:00,J5,571,520,1091
2019-11-06T14:30:00+09:00,J1,824,882,1706
2019-11-06T14:30:00+09:00,J2,502,457,959
2019-11-06T14:30:00+09:00,J3,945,908,1853
2019-11-06T14:30:00+09:00,J4,1016,1107,2123
2019-11-06T14:30:00+09:00,J5,587,546,1133
2019-11-06T14:45:00+09:00,J1,825,901,1726
2019-11-06T14:45:00+09:00,J2,443,488,931
2019-11-06T14:45:00+09:00,J3,815,892,1707
2019-11-06T14:45:00+09:00,J4,903,977,1880
2019-11-06T14:45:00+09:00,J5,535,458,993
2019-11-06T15:00:00+09:00,J1,818,869,1687
2019-11-06T15:00:00+09:00,J2,490,536,1026
2019-11-06T15:00:00+09:00,J3,893,923,1816
2019-11-06T15:00:00+09:00,J4,980,1131,2111
2019-11-06T15:00:00+09:00,J5,595,583,1178
2019-11-06T15:15:00+09:00,J1,837,879,1716
2019-11-06T15:15:00+09:00,J2,478,559,1037
2019-11-06T15:15:00+09:00,J3,920,922,1842
2019-11-06T15:15:00+09:00,J4,943,962,1905
2019-11-06T15:15:00+09:00,J5,579,611,1190
2019-11-06T15:30:00+09:00,J1,823,914,1737
2019-11-06T15:30:00+09:00,J2,515,578,1093
2019-11-06T15:30:00+09:00,J3,940,901,1841
2019-11-06T15:30:00+09:00,J4,981,1000,1981
2019-11-06T15:30:00+09:00,J5,563,534,1097
2019-11-06T15:45:00+09:00,J1,891,942,1833
2019-11-06T15:45:00+09:00,J2,473,484,957
2019-11-06T15:45:00+09:00,J3,813,841,1654
2019-11-06T15:45:00+09:00,J4,1017,1027,2044
2019-11-06T15:45:00+09:00,J5,555,543,1098
2019-11-06T16:00:00+09:00,J1,846,824,1670
2019-11-06T16:00:00+09:00,J2,479,490,969
2019-11-06T16:00:00+09:00,J3,849,937,1786
2019-11-06T16:00:00+09:00,J4,914,991,1905
2019-11-06T16:00:00+09:00,J5,576,518,1094
2019-11-06T16:15:00+09:00,J1,884,913,1797
2019-11-06T16:15:00+09:00,J2,549,512,1061
2019-11-06T16:15:00+09:00,J3,891,838,1729
2019-11-06T16:15:00+09:00,J4,989,958,1947
2019-11-06T16:15:00+09:00,J5,546,561,1107
2019-11-06T16:30:00+09:00,J1,888,861,1749
2019-11-06T16:30:00+09:00,J2,558,604,1162
2019-11-06T16:30:00+09:00,J3,890,905,1795
2019-11-06T16:30:00+09:00,J4,1000,1004,2004
2019-11-06T16:30:00+09:00,J5,574,596,1170
2019-11-06T16:45:00+09:00,J1,864,895,1759
2019-11-06T16:45:00+09:00,J2,458,564,1022
2019-11-06T16:45:00+09:00,J3,896,824,1720
2019-11-06T16:45:00+09:00,J4,1020,969,1989
2019-11-06T16:45:00+09:00,J5,617,595,1212
2019-11-06T17:00:00+09:00,J1,992,1000,1992
2019-11-06T17:00:00+09:00,J2,575,676,1251
2019-11-06T17:00:00+09:00,J3,1096,1016,2112
2019-11-06T17:00:00+09:00,J4,1111,1039,2150
2019-11-06T17:00:00+09:00,J5,679,600,1279
2019-11-06T17:15:00+09:00,J1,1016,1103,2119
2019-11-06T17:15:00+09:00,J2,529,631,1160
2019-11-06T17:15:00+09:00,J3,1099,1058,2157
2019-11-06T17:15:00+09:00,J4,1126,1075,2201
2019-11-06T17:15:00+09:00,J5,558,669,1227
2019-11-06T17:30:00+09:00,J1,1020,1123,2143
2019-11-06T17:30:00+09:00,J2,606,769,1375
2019-11-06T17:30:00+09:00,J3,1162,1024,2186
2019-11-06T17:30:00+09:00,J4,1156,1109,2265
2019-11-06T17:30:00+09:00,J5,595,651,1246
2019-11-06T17:45:00+09:00,J1,982,1060,2042
2019-11-06T17:45:00+09:00,J2,627,770,1397
2019-11-06T17:45:00+09:00,J3,1148,1039,2187
2019-11-06T17:45:00+09:00,J4,1195,1050,2245
2019-11-06T17:45:00+09:00,J5,553,676,1229
2019-11-06T18:00:00+09:00,J1,949,1123,2072
2019-11-06T18:00:00+09:00,J2,641,752,1393
2019-11-06T18:00:00+09:00,J3,1162,997,2159
2019-11-06T18:00:00+09:00,J4,1153,1102,2255
2019-11-06T18:00:00+09:00,J5,587,649,1236
2019-11-06T18:15:00+09:00,J1,947,1076,2023
2019-11-06T18:15:00+09:00,J2,633,735,1368
2019-11-06T18:15:00+09:00,J3,1137,985,2122
2019-11-06T18:15:00+09:00,J4,1077,990,2067
2019-11-06T18:15:00+09:00,J5,593,748,1341
2019-11-06T18:30:00+09:00,J1,926,954,1880
2019-11-06T18:30:00+09:00,J2,581,659,1240
2019-11-06T18:30:00+09:00,J3,1001,986,1987
2019-11-06T18:30:00+09:00,J4,1022,857,1879
2019-11-06T18:30:00+09:00,J5,515,635,1150
2019-11-06T18:45:00+09:00,J1,846,884,1730
2019-11-06T18:45:00+09:00,J2,532,631,1163
2019-11-06T18:45:00+09:00,J3,985,927,1912
2019-11-06T18:45:00+09:00,J4,980,939,1919
2019-11-06T18:45:00+09:00,J5,525,583,1108
2019-11-06T19:00:00+09:00,J1,781,883,1664
2019-11-06T19:00:00+09:00,J2,709,576,1285
2019-11-06T19:00:00+09:00,J3,1003,838,1841
2019-11-06T19:00:00+09:00,J4,993,1018,2011
2019-11-06T19:00:00+09:00,J5,489,589,1078
2019-11-06T19:15:00+09:00,J1,851,906,1757
2019-11-06T19:15:00+09:00,J2,721,625,1346
2019-11-06T19:15:00+09:00,J3,912,888,1800
2019-11-06T19:15:00+09:00,J4,1033,987,2020
2019-11-06T19:15:00+09:00,J5,529,594,1123
2019-11-06T19:30:00+09:00,J1,780,882,1662
2019-11-06T19:30:00+09:00,J2,702,637,1339
2019-11-06T19:30:00+09:00,J3,880,849,1729
2019-11-06T19:30:00+09:00,J4,1030,999,2029
2019-11-06T19:30:00+09:00,J5,516,556,1072
2019-11-06T19:45:00+09:00,J1,760,845,1605
2019-11-06T19:45:00+09:00,J2,623,616,1239
2019-11-06T19:45:00+09:00,J3,830,699,1529
2019-11-06T19:45:00+09:00,J4,1004,940,1944
2019-11-06T19:45:00+09:00,J5,472,519,991
2019-11-06T20:00:00+09:00,J1,737,878,1615
2019-11-06T20:00:00+09:00,J2,608,642,1250
2019-11-06T20:00:00+09:00,J3,808,741,1549
2019-11-06T20:00:00+09:00,J4,1014,979,1993
2019-11-06T20:00:00+09:00,J5,465,513,978
2019-11-06T20:15:00+09:00,J1,736,880,1616
2019-11-06T20:15:00+09:00,J2,642,629,1271
2019-11-06T20:15:00+09:00,J3,772,682,1454
2019-11-06T20:15:00+09:00,J4,1047,939,1986
2019-11-06T20:15:00+09:00,J5,462,538,1000
2019-11-06T20:30:00+09:00,J1,749,806,1555
2019-11-06T20:30:00+09:00,J2,664,569,1233
2019-11-06T20:30:00+09:00,J3,763,655,1418
2019-11-06T20:30:00+09:00,J4,926,924,1850
2019-11-06T20:30:00+09:00,J5,461,535,996
2019-11-06T20:45:00+09:00,J1,714,825,1539
2019-11-06T20:45:00+09:00,J2,587,493,1080
2019-11-06T20:45:00+09:00,J3,826,672,1498
2019-11-06T20:45:00+09:00,J4,950,880,1830
2019-11-06T20:45:00+09:00,J5,509,491,1000
2019-11-06T21:00:00+09:00,J1,752,875,1627
2019-11-06T21:00:00+09:00,J2,490,504,994
2019-11-06T21:00:00+09:00,J3,738,587,1325
2019-11-06T21:00:00+09:00,J4,1062,1029,2091
2019-11-06T21:00:00+09:00,J5,484,456,940
2019-11-06T21:15:00+09:00,J1,824,892,1716
2019-11-06T21:15:00+09:00,J2,581,500,1081
2019-11-06T21:15:00+09:00,J3,808,719,1527
2019-11-06T21:15:00+09:00,J4,1003,1006,2009
2019-11-06T21:15:00+09:00,J5,399,515,914
2019-11-06T21:30:00+09:00,J1,786,836,1622
2019-11-06T21:30:00+09:00,J2,549,447,996
2019-11-06T21:30:00+09:00,J3,702,667,1369
2019-11-06T21:30:00+09:00,J4,1031,1027,2058
2019-11-06T21:30:00+09:00,J5,455,448,903
2019-11-06T21:45:00+09:00,J1,668,817,1485
2019-11-06T21:45:00+09:00,J2,531,491,1022
2019-11-06T21:45:00+09:00,J3,762,722,1484
2019-11-06T21:45:00+09:00,J4,854,852,1706
2019-11-06T21:45:00+09:00,J5,464,503,967
2019-11-06T22:00:00+09:00,J1,660,760,1420
2019-11-06T22:00:00+09:00,J2,498,412,910
2019-11-06T22:00:00+09:00,J3,674,690,1364
2019-11-06T22:00:00+09:00,J4,929,858,1787
2019-11-06T22:00:00+09:00,J5,466,493,959
2019-11-06T22:15:00+09:00,J1,668,730,1398
2019-11-06T22:15:00+09:00,J2,501,452,953
2019-11-06T22:15:00+09:00,J3,667,656,1323
2019-11-06T22:15:00+09:00,J4,925,878,1803
2019-11-06T22:15:00+09:00,J5,494,455,949
2019-11-06T22:30:00+09:00,J1,608,700,1308
2019-11-06T22:30:00+09:00,J2,458,392,850
2019-11-06T22:30:00+09:00,J3,743,589,1332
2019-11-06T22:30:00+09:00,J4,862,794,1656
2019-11-06T22:30:00+09:00,J5,534,496,1030
2019-11-06T22:45:00+09:00,J1,634,660,1294
2019-11-06T22:45:00+09:00,J2,376,372,748
2019-11-06T22:45:00+09:00,J3,755,620,1375
2019-11-06T22:45:00+09:00,J4,668,759,1427
2019-11-06T22:45:00+09:00,J5,550,435,985
2019-11-06T23:00:00+09:00,J1,559,708,1267
2019-11-06T23:00:00+09:00,J2,422,410,832
2019-11-06T23:00:00+09:00,J3,673,574,1247
2019-11-06T23:00:00+09:00,J4,681,695,1376
2019-11-06T23:00:00+09:00,J5,481,416,897
2019-11-06T23:15:00+09:00,J1,617,706,1323
2019-11-06T23:15:00+09:00,J2,409,423,832
2019-11-06T23:15:00+09:00,J3,652,609,1261
2019-11-06T23:15:00+09:00,J4,654,735,1389
2019-11-06T23:15:00+09:00,J5,534,473,1007
2019-11-06T23:30:00+09:00,J1,555,584,1139
2019-11-06T23:30:00+09:00,J2,389,377,766
2019-11-06T23:30:00+09:00,J3,629,624,1253
2019-11-06T23:30:00+09:00,J4,633,637,1270
2019-11-06T23:30:00+09:00,J5,468,403,871
2019-11-06T23:45:00+09:00,J1,543,591,1134
2019-11-06T23:45:00+09:00,J2,433,346,779
2019-11-06T23:45:00+09:00,J3,563,452,1015
2019-11-06T23:45:00+09:00,J4,479,512,991
2019-11-06T23:45:00+09:00,J5,466,511,977
2019-11-07T00:00:00+09:00,J1,384,421,805
2019-11-07T00:00:00+09:00,J2,280,265,545
2019-11-07T00:00:00+09:00,J3,541,436,977
2019-11-07T00:00:00+09:00,J4,540,610,1150
2019-11-07T00:00:00+09:00,J5,491,489,980
2019-11-07T00:15:00+09:00,J1,363,316,679
2019-11-07T00:15:00+09:00,J2,263,239,502
2019-11-07T00:15:00+09:00,J3,568,507,1075
2019-11-07T00:15:00+09:00,J4,364,401,765
2019-11-07T00:15:00+09:00,J5,418,471,889
2019-11-07T00:30:00+09:00,J1,305,367,672
2019-11-07T00:30:00+09:00,J2,340,260,600
2019-11-07T00:30:00+09:00,J3,549,493,1042
2019-11-07T00:30:00+09:00,J4,340,262,602
2019-11-07T00:30:00+09:00,J5,377,352,729
2019-11-07T00:45:00+09:00,J1,241,200,441
2019-11-07T00:45:00+09:00,J2,362,318,680
2019-11-07T00:45:00+09:00,J3,587,489,1076
2019-11-07T00:45:00+09:00,J4,465,494,959
2019-11-07T00:45:00+09:00,J5,430,434,864
2019-11-07T05:45:00+09:00,J1,324,331,655
2019-11-07T05:45:00+09:00,J2,223,255,478
2019-11-07T05:45:00+09:00,J3,537,489,1026
2019-11-07T05:45:00+09:00,J4,689,684,1373
2019-11-07T05:45:00+09:00,J5,430,391,821
2019-11-07T06:00:00+09:00,J1,446,352,798
2019-11-07T06:00:00+09:00,J2,375,295,670
2019-11-07T06:00:00+09:00,J3,601,469,1070
2019-11-07T06:00:00+09:00,J4,777,687,1464
2019-11-07T06:00:00+09:00,J5,377,394,771
2019-11-07T06:15:00+09:00,J1,497,513,1010
2019-11-07T06:15:00+09:00,J2,441,319,760
2019-11-07T06:15:00+09:00,J3,679,577,1256
2019-11-07T06:15:00+09:00,J4,828,720,1548
2019-11-07T06:15:00+09:00,J5,475,478,953
2019-11-07T06:30:00+09:00,J1,506,537,1043
2019-11-07T06:30:00+09:00,J2,401,295,696
2019-11-07T06:30:00+09:00,J3,567,532,1099
2019-11-07T06:30:00+09:00,J4,727,709,1436
2019-11-07T06:30:00+09:00,J5,524,493,1017
2019-11-07T06:45:00+09:00,J1,446,462,908
2019-11-07T06:45:00+09:00,J2,465,397,862
2019-11-07T06:45:00+09:00,J3,488,474,962
2019-11-07T06:45:00+09:00,J4,744,798,1542
2019-11-07T06:45:00+09:00,J5,495,449,944
2019-11-07T07:00:00+09:00,J1,561,546,1107
2019-11-07T07:00:00+09:00,J2,496,381,877
2019-11-07T07:00:00+09:00,J3,477,493,970
2019-11-07T07:00:00+09:00,J4,810,884,1694
2019-11-07T07:00:00+09:00,J5,552,499,1051
2019-11-07T07:15:00+09:00,J1,632,617,1249
2019-11-07T07:15:00+09:00,J2,611,466,1077
2019-11-07T07:15:00+09:00,J3,601,594,1195
2019-11-07T07:15:00+09:00,J4,1033,1069,2102
2019-11-07T07:15:00+09:00,J5,619,512,1131
2019-11-07T07:30:00+09:00,J1,762,847,1609
2019-11-07T07:30:00+09:00,J2,638,558,1196
2019-11-07T07:30:00+09:00,J3,689,653,1342
2019-11-07T07:30:00+09:00,J4,1136,1221,2357
2019-11-07T07:30:00+09:00,J5,523,494,1017
2019-11-07T07:45:00+09:00,J1,884,834,1718
2019-11-07T07:45:00+09:00,J2,741,528,1269
2019-11-07T07:45:00+09:00,J3,746,691,1437
2019-11-07T07:45:00+09:00,J4,1171,1237,2408
2019-11-07T07:45:00+09:00,J5,503,566,1069
2019-11-07T08:00:00+09:00,J1,1151,964,2115
2019-11-07T08:00:00+09:00,J2,759,455,1214
2019-11-07T08:00:00+09:00,J3,1066,1008,2074
2019-11-07T08:00:00+09:00,J4,1065,1266,2331
2019-11-07T08:00:00+09:00,J5,485,493,978
2019-11-07T08:15:00+09:00,J1,1115,978,2093
2019-11-07T08:15:00+09:00,J2,975,506,1481
2019-11-07T08:15:00+09:00,J3,1104,1185,2289
2019-11-07T08:15:00+09:00,J4,1052,1270,2322
2019-11-07T08:15:00+09:00,J5,507,446,953
2019-11-07T08:30:00+09:00,J1,1119,983,2102
2019-11-07T08:30:00+09:00,J2,1011,517,1528
2019-11-07T08:30:00+09:00,J3,974,1174,2148
2019-11-07T08:30:00+09:00,J4,1035,1274,2309
2019-11-07T08:30:00+09:00,J5,545,416,961
2019-11-07T08:45:00+09:00,J1,1037,936,1973
2019-11-07T08:45:00+09:00,J2,699,442,1141
2019-11-07T08:45:00+09:00,J3,810,934,1744
2019-11-07T08:45:00+09:00,J4,1132,1212,2344
2019-11-07T08:45:00+09:00,J5,624,542,1166
2019-11-07T09:00:00+09:00,J1,950,817,1767
2019-11-07T09:00:00+09:00,J2,690,547,1237
2019-11-07T09:00:00+09:00,J3,722,732,1454
2019-11-07T09:00:00+09:00,J4,1094,1093,2187
2019-11-07T09:00:00+09:00,J5,697,696,1393
2019-11-07T09:15:00+09:00,J1,723,693,1416
2019-11-07T09:15:00+09:00,J2,639,476,1115
2019-11-07T09:15:00+09:00,J3,679,653,1332
2019-11-07T09:15:00+09:00,J4,990,1126,2116
2019-11-07T09:15:00+09:00,J5,751,664,1415
2019-11-07T09:30:00+09:00,J1,832,729,1561
2019-11-07T09:30:00+09:00,J2,591,469,1060
2019-11-07T09:30:00+09:00,J3,732,748,1480
2019-11-07T09:30:00+09:00,J4,1079,1105,2184
2019-11-07T09:30:00+09:00,J5,609,625,1234
2019-11-07T09:45:00+09:00,J1,746,682,1428
2019-11-07T09:45:00+09:00,J2,425,390,815
2019-11-07T09:45:00+09:00,J3,667,677,1344
2019-11-07T09:45:00+09:00,J4,1029,954,1983
2019-11-07T09:45:00+09:00,J5,553,515,1068
2019-11-07T10:00:00+09:00,J1,774,760,1534
2019-11-07T10:00:00+09:00,J2,377,370,747
2019-11-07T10:00:00+09:00,J3,646,632,1278
2019-11-07T10:00:00+09:00,J4,949,946,1895
2019-11-07T10:00:00+09:00,J5,536,530,1066
2019-11-07T10:15:00+09:00,J1,803,709,1512
2019-11-07T10:15:00+09:00,J2,415,430,845
2019-11-07T10:15:00+09:00,J3,747,747,1494
2019-11-07T10:15:00+09:00,J4,911,932,1843
2019-11-07T10:15:00+09:00,J5,452,456,908
2019-11-07T10:30:00+09:00,J1,784,773,1557
2019-11-07T10:30:00+09:00,J2,485,443,928
2019-11-07T10:30:00+09:00,J3,767,762,1529
2019-11-07T10:30:00+09:00,J4,1004,999,2003
2019-11-07T10:30:00+09:00,J5,498,474,972
2019-11-07T10:45:00+09:00,J1,840,825,1665
2019-11-07T10:45:00+09:00,J2,441,501,942
2019-11-07T10:45:00+09:00,J3,676,790,1466
2019-11-07T10:45:00+09:00,J4,957,981,1938
2019-11-07T10:45:00+09:00,J5,466,435,901
2019-11-07T11:00:00+09:00,J1,929,924,1853
2019-11-07T11:00:00+09:00,J2,500,497,997
2019-11-07T11:00:00+09:00,J3,767,770,1537
2019-11-07T11:00:00+09:00,J4,966,986,1952
2019-11-07T11:00:00+09:00,J5,402,387,789
2019-11-07T11:15:00+09:00,J1,955,1035,1990
2019-11-07T11:15:00+09:00,J2,536,534,1070
2019-11-07T11:15:00+09:00,J3,763,778,1541
2019-11-07T11:15:00+09:00,J4,975,958,1933
2019-11-07T11:15:00+09:00,J5,454,445,899
2019-11-07T11:30:00+09:00,J1,1038,1048,2086
2019-11-07T11:30:00+09:00,J2,590,563,1153
2019-11-07T11:30:00+09:00,J3,907,898,1805
2019-11-07T11:30:00+09:00,J4,991,1041,2032
2019-11-07T11:30:00+09:00,J5,527,515,1042
2019-11-07T11:45:00+09:00,J1,966,1098,2064
2019-11-07T11:45:00+09:00,J2,671,599,1270
2019-11-07T11:45:00+09:00,J3,929,868,1797
2019-11-07T11:45:00+09:00,J4,1063,1003,2066
2019-11-07T11:45:00+09:00,J5,515,471,986
2019-11-07T12:00:00+09:00,J1,1058,1132,2190
2019-11-07T12:00:00+09:00,J2,657,638,1295
2019-11-07T12:00:00+09:00,J3,960,943,1903
2019-11-07T12:00:00+09:00,J4,989,930,1919
2019-11-07T12:00:00+09:00,J5,582,590,1172
2019-11-07T12:15:00+09:00,J1,1093,1188,2281
2019-11-07T12:15:00+09:00,J2,662,704,1366
2019-11-07T12:15:00+09:00,J3,883,959,1842
2019-11-07T12:15:00+09:00,J4,1110,1105,2215
2019-11-07T12:15:00+09:00,J5,572,540,1112
2019-11-07T12:30:00+09:00,J1,1017,1121,2138
2019-11-07T12:30:00+09:00,J2,733,661,1394
2019-11-07T12:30:00+09:00,J3,837,950,1787
2019-11-07T12:30:00+09:00,J4,1148,1130,2278
2019-11-07T12:30:00+09:00,J5,594,566,1160
2019-11-07T12:45:00+09:00,J1,1046,1200,2246
2019-11-07T12:45:00+09:00,J2,761,684,1445
2019-11-07T12:45:00+09:00,J3,895,797,1692
2019-11-07T12:45:00+09:00,J4,1082,1121,2203
2019-11-07T12:45:00+09:00,J5,615,592,1207
2019-11-07T13:00:00+09:00,J1,1029,1052,2081
2019-11-07T13:00:00+09:00,J2,820,651,1471
2019-11-07T13:00:00+09:00,J3,827,835,1662
2019-11-07T13:00:00+09:00,J4,1141,1121,2262
2019-11-07T13:00:00+09:00,J5,705,609,1314
2019-11-07T13:15:00+09:00,J1,1056,1171,2227
2019-11-07T13:15:00+09:00,J2,824,703,1527
2019-11-07T13:15:00+09:00,J3,878,888,1766
2019-11-07T13:15:00+09:00,J4,1139,1209,2348
2019-11-07T13:15:00+09:00,J5,787,696,1483
2019-11-07T13:30:00+09:00,J1,1078,1207,2285
2019-11-07T13:30:00+09:00,J2,824,671,1495
2019-11-07T13:30:00+09:00,J3,965,867,1832
2019-11-07T13:30:00+09:00,J4,1190,1244,2434
2019-11-07T13:30:00+09:00,J5,762,710,1472
2019-11-07T13:45:00+09:00,J1,1040,1082,2122
2019-11-07T13:45:00+09:00,J2,813,638,1451
2019-11-07T13:45:00+09:00,J3,960,808,1768
2019-11-07T13:45:00+09:00,J4,1150,1192,2342
2019-11-07T13:45:00+09:00,J5,782,753,1535
2019-11-07T14:00:00+09:00,J1,993,1098,2091
2019-11-07T14:00:00+09:00,J2,801,715,1516
2019-11-07T14:00:00+09:00,J3,979,904,1883
2019-11-07T14:00:00+09:00,J4,1169,1194,2363
2019-11-07T14:00:00+09:00,J5,753,814,1567
2019-11-07T14:15:00+09:00,J1,1014,1196,2210
2019-11-07T14:15:00+09:00,J2,823,708,1531
2019-11-07T14:15:00+09:00,J3,955,937,1892
2019-11-07T14:15:00+09:00,J4,1145,1183,2328
2019-11-07T14:15:00+09:00,J5,727,738,1465
2019-11-07T14:30:00+09:00,J1,985,1128,2113
2019-11-07T14:30:00+09:00,J2,788,747,1535
2019-11-07T14:30:00+09:00,J3,1002,862,1864
2019-11-07T14:30:00+09:00,J4,1188,1229,2417
2019-11-07T14:30:00+09:00,J5,747,743,1490
2019-11-07T14:45:00+09:00,J1,1029,1207,2236
2019-11-07T14:45:00+09:00,J2,845,640,1485
2019-11-07T14:45:00+09:00,J3,927,889,1816
2019-11-07T14:45:00+09:00,J4,1114,1118,2232
2019-11-07T14:45:00+09:00,J5,698,786,1484
2019-11-07T15:00:00+09:00,J1,1085,1209,2294
2019-11-07T15:00:00+09:00,J2,777,656,1433
2019-11-07T15:00:00+09:00,J3,811,909,1720
2019-11-07T15:00:00+09:00,J4,1013,1101,2114
2019-11-07T15:00:00+09:00,J5,711,761,1472
2019-11-07T15:15:00+09:00,J1,1027,1225,2252
2019-11-07T15:15:00+09:00,J2,788,681,1469
2019-11-07T15:15:00+09:00,J3,980,842,1822
2019-11-07T15:15:00+09:00,J4,1101,1114,2215
2019-11-07T15:15:00+09:00,J5,663,658,1321
2019-11-07T15:30:00+09:00,J1,1052,1211,2263
2019-11-07T15:30:00+09:00,J2,800,657,1457
2019-11-07T15:30:00+09:00,J3,1037,899,1936
2019-11-07T15:30:00+09:00,J4,1049,1087,2136
2019-11-07T15:30:00+09:00,J5,522,486,1008
2019-11-07T15:45:00+09:00,J1,1092,1134,2226
2019-11-07T15:45:00+09:00,J2,890,689,1579
2019-11-07T15:45:00+09:00,J3,1113,951,2064
2019-11-07T15:45:00+09:00,J4,1094,1250,2344
2019-11-07T15:45:00+09:00,J5,445,442,887
2019-11-07T16:00:00+09:00,J1,1048,1216,2264
2019-11-07T16:00:00+09:00,J2,819,692,1511
2019-11-07T16:00:00+09:00,J3,1004,989,1993
2019-11-07T16:00:00+09:00,J4,1094,1163,2257
2019-11-07T16:00:00+09:00,J5,489,438,927
2019-11-07T16:15:00+09:00,J1,1070,1143,2213
2019-11-07T16:15:00+09:00,J2,793,715,1508
2019-11-07T16:15:00+09:00,J3,1116,941,2057
2019-11-07T16:15:00+09:00,J4,1050,1088,2138
2019-11-07T16:15:00+09:00,J5,494,438,932
2019-11-07T16:30:00+09:00,J1,995,1135,2130
2019-11-07T16:30:00+09:00,J2,848,735,1583
2019-11-07T16:30:00+09:00,J3,1219,1103,2322
2019-11-07T16:30:00+09:00,J4,1066,1080,2146
2019-11-07T16:30:00+09:00,J5,631,535,1166
2019-11-07T16:45:00+09:00,J1,1047,1104,2151
2019-11-07T16:45:00+09:00,J2,874,747,1621
2019-11-07T16:45:00+09:00,J3,1190,1141,2331
2019-11-07T16:45:00+09:00,J4,1078,1073,2151
2019-11-07T16:45:00+09:00,J5,689,722,1411
2019-11-07T17:00:00+09:00,J1,1038,1189,2227
2019-11-07T17:00:00+09:00,J2,915,807,1722
2019-11-07T17:00:00+09:00,J3,1274,1138,2412
2019-11-07T17:00:00+09:00,J4,1159,1191,2350
2019-11-07T17:00:00+09:00,J5,708,734,1442
2019-11-07T17:15:00+09:00,J1,1018,1180,2198
2019-11-07T17:15:00+09:00,J2,1010,843,1853
2019-11-07T17:15:00+09:00,J3,1292,1234,2526
2019-11-07T17:15:00+09:00,J4,1149,1078,2227
2019-11-07T17:15:00+09:00,J5,708,694,1402
2019-11-07T17:30:00+09:00,J1,1025,1190,2215
2019-11-07T17:30:00+09:00,J2,1065,891,1956
2019-11-07T17:30:00+09:00,J3,1372,1178,2550
2019-11-07T17:30:00+09:00,J4,1175,1172,2347
2019-11-07T17:30:00+09:00,J5,736,763,1499
2019-11-07T17:45:00+09:00,J1,1013,1208,2221
2019-11-07T17:45:00+09:00,J2,1048,855,1903
2019-11-07T17:45:00+09:00,J3,1416,1225,2641
2019-11-07T17:45:00+09:00,J4,1171,1075,2246
2019-11-07T17:45:00+09:00,J5,694,814,1508
2019-11-07T18:00:00+09:00,J1,1041,1261,2302
2019-11-07T18:00:00+09:00,J2,1051,852,1903
2019-11-07T18:00:00+09:00,J3,1528,1234,2762
2019-11-07T18:00:00+09:00,J4,1183,1115,2298
2019-11-07T18:00:00+09:00,J5,667,843,1510
2019-11-07T18:15:00+09:00,J1,1096,1228,2324
2019-11-07T18:15:00+09:00,J2,1073,868,1941
2019-11-07T18:15:00+09:00,J3,1597,1323,2920
2019-11-07T18:15:00+09:00,J4,1314,1068,2382
2019-11-07T18:15:00+09:00,J5,606,734,1340
2019-11-07T18:30:00+09:00,J1,1074,1144,2218
2019-11-07T18:30:00+09:00,J2,1017,872,1889
2019-11-07T18:30:00+09:00,J3,1439,1261,2700
2019-11-07T18:30:00+09:00,J4,1239,1068,2307
2019-11-07T18:30:00+09:00,J5,537,661,1198
2019-11-07T18:45:00+09:00,J1,983,1152,2135
2019-11-07T18:45:00+09:00,J2,863,886,1749
2019-11-07T18:45:00+09:00,J3,1290,1307,2597
2019-11-07T18:45:00+09:00,J4,1166,1051,2217
2019-11-07T18:45:00+09:00,J5,563,583,1146
2019-11-07T19:00:00+09:00,J1,959,1155,2114
2019-11-07T19:00:00+09:00,J2,706,772,1478
2019-11-07T19:00:00+09:00,J3,1325,1187,2512
2019-11-07T19:00:00+09:00,J4,1078,1026,2104
2019-11-07T19:00:00+09:00,J5,575,614,1189
2019-11-07T19:15:00+09:00,J1,975,1095,2070
2019-11-07T19:15:00+09:00,J2,585,672,1257
2019-11-07T19:15:00+09:00,J3,1249,1087,2336
2019-11-07T19:15:00+09:00,J4,1122,1028,2150
2019-11-07T19:15:00+09:00,J5,577,653,1230
2019-11-07T19:30:00+09:00,J1,938,1137,2075
2019-11-07T19:30:00+09:00,J2,542,609,1151
2019-11-07T19:30:00+09:00,J3,1133,992,2125
2019-11-07T19:30:00+09:00,J4,1093,1018,2111
2019-11-07T19:30:00+09:00,J5,608,613,1221
2019-11-07T19:45:00+09:00,J1,869,1045,1914
2019-11-07T19:45:00+09:00,J2,465,544,1009
2019-11-07T19:45:00+09:00,J3,994,861,1855
2019-11-07T19:45:00+09:00,J4,1119,1054,2173
2019-11-07T19:45:00+09:00,J5,644,690,1334
2019-11-07T20:00:00+09:00,J1,935,1037,1972
2019-11-07T20:00:00+09:00,J2,410,602,1012
2019-11-07T20:00:00+09:00,J3,1038,885,1923
2019-11-07T20:00:00+09:00,J4,1150,1016,2166
2019-11-07T20:00:00+09:00,J5,586,595,1181
2019-11-07T20:15:00+09:00,J1,892,1007,1899
2019-11-07T20:15:00+09:00,J2,435,600,1035
2019-11-07T20:15:00+09:00,J3,1032,881,1913
2019-11-07T20:15:00+09:00,J4,1062,1061,2123
2019-11-07T20:15:00+09:00,J5,602,577,1179
2019-11-07T20:30:00+09:00,J1,911,976,1887
2019-11-07T20:30:00+09:00,J2,443,563,1006
2019-11-07T20:30:00+09:00,J3,1002,841,1843
2019-11-07T20:30:00+09:00,J4,1011,954,1965
2019-11-07T20:30:00+09:00,J5,589,562,1151
2019-11-07T20:45:00+09:00,J1,904,1072,1976
2019-11-07T20:45:00+09:00,J2,496,513,1009
2019-11-07T20:45:00+09:00,J3,1030,827,1857
2019-11-07T20:45:00+09:00,J4,1035,1027,2062
2019-11-07T20:45:00+09:00,J5,551,563,1114
2019-11-07T21:00:00+09:00,J1,1004,1021,2025
2019-11-07T21:00:00+09:00,J2,445,537,982
2019-11-07T21:00:00+09:00,J3,983,811,1794
2019-11-07T21:00:00+09:00,J4,1195,1129,2324
2019-11-07T21:00:00+09:00,J5,624,555,1179
2019-11-07T21:15:00+09:00,J1,979,1032,2011
2019-11-07T21:15:00+09:00,J2,424,516,940
2019-11-07T21:15:00+09:00,J3,901,815,1716
2019-11-07T21:15:00+09:00,J4,1072,1155,2227
2019-11-07T21:15:00+09:00,J5,552,495,1047
2019-11-07T21:30:00+09:00,J1,852,1047,1899
2019-11-07T21:30:00+09:00,J2,324,497,821
2019-11-07T21:30:00+09:00,J3,892,778,1670
2019-11-07T21:30:00+09:00,J4,1098,1106,2204
2019-11-07T21:30:00+09:00,J5,578,559,1137
2019-11-07T21:45:00+09:00,J1,759,903,1662
2019-11-07T21:45:00+09:00,J2,354,457,811
2019-11-07T21:45:00+09:00,J3,893,780,1673
2019-11-07T21:45:00+09:00,J4,998,1010,2008
2019-11-07T21:45:00+09:00,J5,627,568,1195
2019-11-07T22:00:00+09:00,J1,793,865,1658
2019-11-07T22:00:00+09:00,J2,374,429,803
2019-11-07T22:00:00+09:00,J3,853,700,1553
2019-11-07T22:00:00+09:00,J4,1158,1067,2225
2019-11-07T22:00:00+09:00,J5,577,540,1117
2019-11-07T22:15:00+09:00,J1,743,911,1654
2019-11-07T22:15:00+09:00,J2,451,537,988
2019-11-07T22:15:00+09:00,J3,793,689,1482
2019-11-07T22:15:00+09:00,J4,1068,1040,2108
2019-11-07T22:15:00+09:00,J5,539,524,1063
2019-11-07T22:30:00+09:00,J1,918,983,1901
2019-11-07T22:30:00+09:00,J2,483,521,1004
2019-11-07T22:30:00+09:00,J3,792,668,1460
2019-11-07T22:30:00+09:00,J4,973,965,1938
2019-11-07T22:30:00+09:00,J5,505,535,1040
2019-11-07T22:45:00+09:00,J1,856,916,1772
2019-11-07T22:45:00+09:00,J2,350,380,730
2019-11-07T22:45:00+09:00,J3,789,672,1461
2019-11-07T22:45:00+09:00,J4,976,954,1930
2019-11-07T22:45:00+09:00,J5,517,511,1028
2019-11-07T23:00:00+09:00,J1,727,868,1595
2019-11-07T23:00:00+09:00,J2,422,397,819
2019-11-07T23:00:00+09:00,J3,711,685,1396
2019-11-07T23:00:00+09:00,J4,1032,1008,2040
2019-11-07T23:00:00+09:00,J5,489,453,942
2019-11-07T23:15:00+09:00,J1,635,745,1380
2019-11-07T23:15:00+09:00,J2,425,401,826
2019-11-07T23:15:00+09:00,J3,727,678,1405
2019-11-07T23:15:00+09:00,J4,946,869,1815
2019-11-07T23:15:00+09:00,J5,454,425,879
2019-11-07T23:30:00+09:00,J1,549,661,1210
2019-11-07T23:30:00+09:00,J2,382,472,854
2019-11-07T23:30:00+09:00,J3,728,718,1446
2019-11-07T23:30:00+09:00,J4,797,738,1535
2019-11-07T23:30:00+09:00,J5,458,469,927
2019-11-07T23:45:00+09:00,J1,724,759,1483
2019-11-07T23:45:00+09:00,J2,293,407,700
2019-11-07T23:45:00+09:00,J3,678,640,1318
2019-11-07T23:45:00+09:00,J4,878,813,1691
2019-11-07T23:45:00+09:00,J5,466,432,898
2019-11-08T00:00:00+09:00,J1,486,504,990
2019-11-08T00:00:00+09:00,J2,296,261,557
2019-11-08T00:00:00+09:00,J3,561,524,1085
2019-11-08T00:00:00+09:00,J4,856,829,1685
2019-11-08T00:00:00+09:00,J5,485,477,962
2019-11-08T00:15:00+09:00,J1,426,397,823
2019-11-08T00:15:00+09:00,J2,263,248,511
2019-11-08T00:15:00+09:00,J3,505,414,919
2019-11-08T00:15:00+09:00,J4,818,771,1589
2019-11-08T00:15:00+09:00,J5,419,374,793
2019-11-08T00:30:00+09:00,J1,286,287,573
2019-11-08T00:30:00+09:00,J2,355,322,677
2019-11-08T00:30:00+09:00,J3,458,446,904
2019-11-08T00:30:00+09:00,J4,722,757,1479
2019-11-08T00:30:00+09:00,J5,425,377,802
2019-11-08T00:45:00+09:00,J1,335,300,635
2019-11-08T00:45:00+09:00,J2,324,329,653
2019-11-08T00:45:00+09:00,J3,516,441,957
2019-11-08T00:45:00+09:00,J4,570,577,1147
2019-11-08T00:45:00+09:00,J5,399,324,723
2019-11-08T05:45:00+09:00,J1,422,344,766
2019-11-08T05:45:00+09:00,J2,227,246,473
2019-11-08T05:45:00+09:00,J3,520,409,929
2019-11-08T05:45:00+09:00,J4,491,579,1070
2019-11-08T05:45:00+09:00,J5,373,327,700
2019-11-08T06:00:00+09:00,J1,431,458,889
2019-11-08T06:00:00+09:00,J2,281,273,554
2019-11-08T06:00:00+09:00,J3,544,441,985
2019-11-08T06:00:00+09:00,J4,610,618,1228
2019-11-08T06:00:00+09:00,J5,361,311,672
2019-11-08T06:15:00+09:00,J1,574,582,1156
2019-11-08T06:15:00+09:00,J2,263,311,574
2019-11-08T06:15:00+09:00,J3,586,466,1052
2019-11-08T06:15:00+09:00,J4,718,748,1466
2019-11-08T06:15:00+09:00,J5,424,363,787
2019-11-08T06:30:00+09:00,J1,574,550,1124
2019-11-08T06:30:00+09:00,J2,199,290,489
2019-11-08T06:30:00+09:00,J3,546,449,995
2019-11-08T06:30:00+09:00,J4,666,742,1408
2019-11-08T06:30:00+09:00,J5,420,438,858
2019-11-08T06:45:00+09:00,J1,636,647,1283
2019-11-08T06:45:00+09:00,J2,250,300,550
2019-11-08T06:45:00+09:00,J3,684,577,1261
2019-11-08T06:45:00+09:00,J4,896,928,1824
2019-11-08T06:45:00+09:00,J5,442,481,923
2019-11-08T07:00:00+09:00,J1,677,622,1299
2019-11-08T07:00:00+09:00,J2,254,311,565
2019-11-08T07:00:00+09:00,J3,671,650,1321
2019-11-08T07:00:00+09:00,J4,964,949,1913
2019-11-08T07:00:00+09:00,J5,535,586,1121
2019-11-08T07:15:00+09:00,J1,817,789,1606
2019-11-08T07:15:00+09:00,J2,312,306,618
2019-11-08T07:15:00+09:00,J3,726,668,1394
2019-11-08T07:15:00+09:00,J4,1130,1176,2306
2019-11-08T07:15:00+09:00,J5,669,693,1362
2019-11-08T07:30:00+09:00,J1,869,874,1743
2019-11-08T07:30:00+09:00,J2,304,248,552
2019-11-08T07:30:00+09:00,J3,715,757,1472
2019-11-08T07:30:00+09:00,J4,1115,1217,2332
2019-11-08T07:30:00+09:00,J5,675,617,1292
2019-11-08T07:45:00+09:00,J1,926,944,1870
2019-11-08T07:45:00+09:00,J2,366,286,652
2019-11-08T07:45:00+09:00,J3,816,839,1655
2019-11-08T07:45:00+09:00,J4,1140,1191,2331
2019-11-08T07:45:00+09:00,J5,712,628,1340
2019-11-08T08:00:00+09:00,J1,1194,1080,2274
2019-11-08T08:00:00+09:00,J2,456,286,742
2019-11-08T08:00:00+09:00,J3,1015,1151,2166
2019-11-08T08:00:00+09:00,J4,1168,1335,2503
2019-11-08T08:00:00+09:00,J5,677,648,1325
2019-11-08T08:15:00+09:00,J1,1197,1035,2232
2019-11-08T08:15:00+09:00,J2,616,381,997
2019-11-08T08:15:00+09:00,J3,1092,1243,2335
2019-11-08T08:15:00+09:00,J4,1170,1421,2591
2019-11-08T08:15:00+09:00,J5,726,670,1396
2019-11-08T08:30:00+09:00,J1,1250,1070,2320
2019-11-08T08:30:00+09:00,J2,691,413,1104
2019-11-08T08:30:00+09:00,J3,958,1237,2195
2019-11-08T08:30:00+09:00,J4,1211,1380,2591
2019-11-08T08:30:00+09:00,J5,649,628,1277
2019-11-08T08:45:00+09:00,J1,984,783,1767
2019-11-08T08:45:00+09:00,J2,569,366,935
2019-11-08T08:45:00+09:00,J3,851,975,1826
2019-11-08T08:45:00+09:00,J4,1079,1184,2263
2019-11-08T08:45:00+09:00,J5,532,664,1196
2019-11-08T09:00:00+09:00,J1,1067,918,1985
2019-11-08T09:00:00+09:00,J2,452,350,802
2019-11-08T09:00:00+09:00,J3,856,829,1685
2019-11-08T09:00:00+09:00,J4,897,965,1862
2019-11-08T09:00:00+09:00,J5,541,596,1137
2019-11-08T09:15:00+09:00,J1,805,823,1628
2019-11-08T09:15:00+09:00,J2,463,390,853
2019-11-08T09:15:00+09:00,J3,906,845,1751
2019-11-08T09:15:00+09:00,J4,908,1025,1933
2019-11-08T09:15:00+09:00,J5,622,788,1410
2019-11-08T09:30:00+09:00,J1,830,832,1662
2019-11-08T09:30:00+09:00,J2,500,397,897
2019-11-08T09:30:00+09:00,J3,894,853,1747
2019-11-08T09:30:00+09:00,J4,970,1053,2023
2019-11-08T09:30:00+09:00,J5,700,763,1463
2019-11-08T09:45:00+09:00,J1,811,785,1596
2019-11-08T09:45:00+09:00,J2,478,350,828
2019-11-08T09:45:00+09:00,J3,858,821,1679
2019-11-08T09:45:00+09:00,J4,859,881,1740
2019-11-08T09:45:00+09:00,J5,625,679,1304
2019-11-08T10:00:00+09:00,J1,826,834,1660
2019-11-08T10:00:00+09:00,J2,435,407,842
2019-11-08T10:00:00+09:00,J3,827,782,1609
2019-11-08T10:00:00+09:00,J4,888,926,1814
2019-11-08T10:00:00+09:00,J5,655,702,1357
2019-11-08T10:15:00+09:00,J1,777,792,1569
2019-11-08T10:15:00+09:00,J2,446,378,824
2019-11-08T10:15:00+09:00,J3,815,810,1625
2019-11-08T10:15:00+09:00,J4,881,940,1821
2019-11-08T10:15:00+09:00,J5,700,664,1364
2019-11-08T10:30:00+09:00,J1,794,837,1631
2019-11-08T10:30:00+09:00,J2,580,445,1025
2019-11-08T10:30:00+09:00,J3,956,874,1830
2019-11-08T10:30:00+09:00,J4,959,1062,2021
2019-11-08T10:30:00+09:00,J5,684,659,1343
2019-11-08T10:45:00+09:00,J1,795,868,1663
2019-11-08T10:45:00+09:00,J2,495,355,850
2019-11-08T10:45:00+09:00,J3,990,891,1881
2019-11-08T10:45:00+09:00,J4,921,1068,1989
2019-11-08T10:45:00+09:00,J5,655,602,1257
2019-11-08T11:00:00+09:00,J1,789,822,1611
2019-11-08T11:00:00+09:00,J2,451,340,791
2019-11-08T11:00:00+09:00,J3,932,909,1841
2019-11-08T11:00:00+09:00,J4,959,1017,1976
2019-11-08T11:00:00+09:00,J5,603,621,1224
2019-11-08T11:15:00+09:00,J1,965,1002,1967
2019-11-08T11:15:00+09:00,J2,479,362,841
2019-11-08T11:15:00+09:00,J3,983,978,1961
2019-11-08T11:15:00+09:00,J4,902,1044,1946
2019-11-08T11:15:00+09:00,J5,520,525,1045
2019-11-08T11:30:00+09:00,J1,985,1034,2019
2019-11-08T11:30:00+09:00,J2,502,384,886
2019-11-08T11:30:00+09:00,J3,1009,923,1932
2019-11-08T11:30:00+09:00,J4,1059,1113,2172
2019-11-08T11:30:00+09:00,J5,468,444,912
2019-11-08T11:45:00+09:00,J1,934,1038,1972
2019-11-08T11:45:00+09:00,J2,466,360,826
2019-11-08T11:45:00+09:00,J3,1030,913,1943
2019-11-08T11:45:00+09:00,J4,1070,1082,2152
2019-11-08T11:45:00+09:00,J5,549,512,1061
2019-11-08T12:00:00+09:00,J1,1049,1037,2086
2019-11-08T12:00:00+09:00,J2,525,353,878
2019-11-08T12:00:00+09:00,J3,1028,977,2005
2019-11-08T12:00:00+09:00,J4,1021,1036,2057
2019-11-08T12:00:00+09:00,J5,488,460,948
2019-11-08T12:15:00+09:00,J1,906,987,1893
2019-11-08T12:15:00+09:00,J2,581,353,934
2019-11-08T12:15:00+09:00,J3,988,827,1815
2019-11-08T12:15:00+09:00,J4,1019,1065,2084
2019-11-08T12:15:00+09:00,J5,585,514,1099
2019-11-08T12:30:00+09:00,J1,866,1035,1901
2019-11-08T12:30:00+09:00,J2,668,474,1142
2019-11-08T12:30:00+09:00,J3,946,826,1772
2019-11-08T12:30:00+09:00,J4,1054,1144,2198
2019-11-08T12:30:00+09:00,J5,681,669,1350
2019-11-08T12:45:00+09:00,J1,888,1015,1903
2019-11-08T12:45:00+09:00,J2,677,424,1101
2019-11-08T12:45:00+09:00,J3,977,831,1808
2019-11-08T12:45:00+09:00,J4,1063,1130,2193
2019-11-08T12:45:00+09:00,J5,649,718,1367
2019-11-08T13:00:00+09:00,J1,833,913,1746
2019-11-08T13:00:00+09:00,J2,620,457,1077
2019-11-08T13:00:00+09:00,J3,922,881,1803
2019-11-08T13:00:00+09:00,J4,1059,992,2051
2019-11-08T13:00:00+09:00,J5,706,662,1368
2019-11-08T13:15:00+09:00,J1,832,971,1803
2019-11-08T13:15:00+09:00,J2,607,398,1005
2019-11-08T13:15:00+09:00,J3,955,860,1815
2019-11-08T13:15:00+09:00,J4,1125,1165,2290
2019-11-08T13:15:00+09:00,J5,687,740,1427
2019-11-08T13:30:00+09:00,J1,997,1022,2019
2019-11-08T13:30:00+09:00,J2,633,449,1082
2019-11-08T13:30:00+09:00,J3,1009,827,1836
2019-11-08T13:30:00+09:00,J4,1153,1189,2342
2019-11-08T13:30:00+09:00,J5,620,789,1409
2019-11-08T13:45:00+09:00,J1,950,1021,1971
2019-11-08T13:45:00+09:00,J2,634,472,1106
2019-11-08T13:45:00+09:00,J3,891,791,1682
2019-11-08T13:45:00+09:00,J4,1069,1029,2098
2019-11-08T13:45:00+09:00,J5,657,746,1403
2019-11-08T14:00:00+09:00,J1,867,983,1850
2019-11-08T14:00:00+09:00,J2,607,497,1104
2019-11-08T14:00:00+09:00,J3,904,781,1685
2019-11-08T14:00:00+09:00,J4,1080,1148,2228
2019-11-08T14:00:00+09:00,J5,661,642,1303
2019-11-08T14:15:00+09:00,J1,840,933,1773
2019-11-08T14:15:00+09:00,J2,604,506,1110
2019-11-08T14:15:00+09:00,J3,912,814,1726
2019-11-08T14:15:00+09:00,J4,1032,1105,2137
2019-11-08T14:15:00+09:00,J5,697,775,1472
2019-11-08T14:30:00+09:00,J1,789,955,1744
2019-11-08T14:30:00+09:00,J2,626,433,1059
2019-11-08T14:30:00+09:00,J3,901,761,1662
2019-11-08T14:30:00+09:00,J4,1074,1136,2210
2019-11-08T14:30:00+09:00,J5,654,633,1287
2019-11-08T14:45:00+09:00,J1,847,824,1671
2019-11-08T14:45:00+09:00,J2,560,466,1026
2019-11-08T14:45:00+09:00,J3,955,832,1787
2019-11-08T14:45:00+09:00,J4,1068,1138,2206
2019-11-08T14:45:00+09:00,J5,613,658,1271
2019-11-08T15:00:00+09:00,J1,791,921,1712
2019-11-08T15:00:00+09:00,J2,613,459,1072
2019-11-08T15:00:00+09:00,J3,865,770,1635
2019-11-08T15:00:00+09:00,J4,1166,1143,2309
2019-11-08T15:00:00+09:00,J5,740,762,1502
2019-11-08T15:15:00+09:00,J1,860,1006,1866
2019-11-08T15:15:00+09:00,J2,639,426,1065
2019-11-08T15:15:00+09:00,J3,920,818,1738
2019-11-08T15:15:00+09:00,J4,1107,1124,2231
2019-11-08T15:15:00+09:00,J5,690,750,1440
2019-11-08T15:30:00+09:00,J1,795,1076,1871
2019-11-08T15:30:00+09:00,J2,602,404,1006
2019-11-08T15:30:00+09:00,J3,902,803,1705
2019-11-08T15:30:00+09:00,J4,1087,1127,2214
2019-11-08T15:30:00+09:00,J5,670,738,1408
2019-11-08T15:45:00+09:00,J1,837,927,1764
2019-11-08T15:45:00+09:00,J2,631,438,1069
2019-11-08T15:45:00+09:00,J3,894,821,1715
2019-11-08T15:45:00+09:00,J4,1107,1177,2284
2019-11-08T15:45:00+09:00,J5,623,722,1345
2019-11-08T16:00:00+09:00,J1,838,990,1828
2019-11-08T16:00:00+09:00,J2,571,385,956
2019-11-08T16:00:00+09:00,J3,936,805,1741
2019-11-08T16:00:00+09:00,J4,1145,1193,2338
2019-11-08T16:00:00+09:00,J5,691,769,1460
2019-11-08T16:15:00+09:00,J1,985,978,1963
2019-11-08T16:15:00+09:00,J2,687,395,1082
2019-11-08T16:15:00+09:00,J3,874,829,1703
2019-11-08T16:15:00+09:00,J4,1106,1145,2251
2019-11-08T16:15:00+09:00,J5,627,720,1347
2019-11-08T16:30:00+09:00,J1,862,957,1819
2019-11-08T16:30:00+09:00,J2,741,455,1196
2019-11-08T16:30:00+09:00,J3,964,809,1773
2019-11-08T16:30:00+09:00,J4,1153,1094,2247
2019-11-08T16:30:00+09:00,J5,642,762,1404
2019-11-08T16:45:00+09:00,J1,908,980,1888
2019-11-08T16:45:00+09:00,J2,698,496,1194
2019-11-08T16:45:00+09:00,J3,1050,948,1998
2019-11-08T16:45:00+09:00,J4,1139,1122,2261
2019-11-08T16:45:00+09:00,J5,653,726,1379
2019-11-08T17:00:00+09:00,J1,997,1103,2100
2019-11-08T17:00:00+09:00,J2,740,497,1237
2019-11-08T17:00:00+09:00,J3,1003,884,1887
2019-11-08T17:00:00+09:00,J4,1175,1126,2301
2019-11-08T17:00:00+09:00,J5,718,727,1445
2019-11-08T17:15:00+09:00,J1,1009,1088,2097
2019-11-08T17:15:00+09:00,J2,748,443,1191
2019-11-08T17:15:00+09:00,J3,1057,927,1984
2019-11-08T17:15:00+09:00,J4,1216,1099,2315
2019-11-08T17:15:00+09:00,J5,779,741,1520
2019-11-08T17:30:00+09:00,J1,1041,1116,2157
2019-11-08T17:30:00+09:00,J2,881,452,1333
2019-11-08T17:30:00+09:00,J3,1098,905,2003
2019-11-08T17:30:00+09:00,J4,1251,1113,2364
2019-11-08T17:30:00+09:00,J5,703,747,1450
2019-11-08T17:45:00+09:00,J1,987,1124,2111
2019-11-08T17:45:00+09:00,J2,823,450,1273
2019-11-08T17:45:00+09:00,J3,1152,1000,2152
2019-11-08T17:45:00+09:00,J4,1142,1161,2303
2019-11-08T17:45:00+09:00,J5,713,729,1442
2019-11-08T18:00:00+09:00,J1,1103,1159,2262
2019-11-08T18:00:00+09:00,J2,878,493,1371
2019-11-08T18:00:00+09:00,J3,1372,1022,2394
2019-11-08T18:00:00+09:00,J4,1183,1079,2262
2019-11-08T18:00:00+09:00,J5,712,723,1435
2019-11-08T18:15:00+09:00,J1,1032,1115,2147
2019-11-08T18:15:00+09:00,J2,860,497,1357
2019-11-08T18:15:00+09:00,J3,1501,1120,2621
2019-11-08T18:15:00+09:00,J4,1189,1024,2213
2019-11-08T18:15:00+09:00,J5,519,638,1157
2019-11-08T18:30:00+09:00,J1,1019,1113,2132
2019-11-08T18:30:00+09:00,J2,847,499,1346
2019-11-08T18:30:00+09:00,J3,1486,1034,2520
2019-11-08T18:30:00+09:00,J4,1249,1045,2294
2019-11-08T18:30:00+09:00,J5,513,560,1073
2019-11-08T18:45:00+09:00,J1,1014,1065,2079
2019-11-08T18:45:00+09:00,J2,810,450,1260
2019-11-08T18:45:00+09:00,J3,1288,882,2170
2019-11-08T18:45:00+09:00,J4,1204,1098,2302
2019-11-08T18:45:00+09:00,J5,563,555,1118
2019-11-08T19:00:00+09:00,J1,923,1064,1987
2019-11-08T19:00:00+09:00,J2,653,432,1085
2019-11-08T19:00:00+09:00,J3,1178,906,2084
2019-11-08T19:00:00+09:00,J4,1138,1038,2176
2019-11-08T19:00:00+09:00,J5,561,546,1107
2019-11-08T19:15:00+09:00,J1,1092,1131,2223
2019-11-08T19:15:00+09:00,J2,566,435,1001
2019-11-08T19:15:00+09:00,J3,1166,881,2047
2019-11-08T19:15:00+09:00,J4,1235,1150,2385
2019-11-08T19:15:00+09:00,J5,528,548,1076
2019-11-08T19:30:00+09:00,J1,1071,1056,2127
2019-11-08T19:30:00+09:00,J2,488,394,882
2019-11-08T19:30:00+09:00,J3,989,923,1912
2019-11-08T19:30:00+09:00,J4,1192,1196,2388
2019-11-08T19:30:00+09:00,J5,567,548,1115
2019-11-08T19:45:00+09:00,J1,973,1034,2007
2019-11-08T19:45:00+09:00,J2,514,487,1001
2019-11-08T19:45:00+09:00,J3,841,836,1677
2019-11-08T19:45:00+09:00,J4,1294,1292,2586
2019-11-08T19:45:00+09:00,J5,599,495,1094
2019-11-08T20:00:00+09:00,J1,937,1027,1964
2019-11-08T20:00:00+09:00,J2,550,558,1108
2019-11-08T20:00:00+09:00,J3,795,909,1704
2019-11-08T20:00:00+09:00,J4,1240,1234,2474
2019-11-08T20:00:00+09:00,J5,542,555,1097
2019-11-08T20:15:00+09:00,J1,903,942,1845
2019-11-08T20:15:00+09:00,J2,650,488,1138
2019-11-08T20:15:00+09:00,J3,858,831,1689
2019-11-08T20:15:00+09:00,J4,1202,1140,2342
2019-11-08T20:15:00+09:00,J5,491,504,995
2019-11-08T20:30:00+09:00,J1,845,918,1763
2019-11-08T20:30:00+09:00,J2,539,399,938
2019-11-08T20:30:00+09:00,J3,823,858,1681
2019-11-08T20:30:00+09:00,J4,1281,1256,2537
2019-11-08T20:30:00+09:00,J5,506,548,1054
2019-11-08T20:45:00+09:00,J1,938,986,1924
2019-11-08T20:45:00+09:00,J2,384,404,788
2019-11-08T20:45:00+09:00,J3,761,764,1525
2019-11-08T20:45:00+09:00,J4,1273,1207,2480
2019-11-08T20:45:00+09:00,J5,503,508,1011
2019-11-08T21:00:00+09:00,J1,866,1051,1917
2019-11-08T21:00:00+09:00,J2,379,408,787
2019-11-08T21:00:00+09:00,J3,776,812,1588
2019-11-08T21:00:00+09:00,J4,1261,1253,2514
2019-11-08T21:00:00+09:00,J5,526,555,1081
2019-11-08T21:15:00+09:00,J1,920,1018,1938
2019-11-08T21:15:00+09:00,J2,432,402,834
2019-11-08T21:15:00+09:00,J3,791,817,1608
2019-11-08T21:15:00+09:00,J4,1252,1188,2440
2019-11-08T21:15:00+09:00,J5,526,509,1035
2019-11-08T21:30:00+09:00,J1,897,981,1878
2019-11-08T21:30:00+09:00,J2,347,403,750
2019-11-08T21:30:00+09:00,J3,849,739,1588
2019-11-08T21:30:00+09:00,J4,1190,1112,2302
2019-11-08T21:30:00+09:00,J5,550,545,1095
2019-11-08T21:45:00+09:00,J1,830,827,1657
2019-11-08T21:45:00+09:00,J2,356,367,723
2019-11-08T21:45:00+09:00,J3,767,702,1469
2019-11-08T21:45:00+09:00,J4,1102,1103,2205
2019-11-08T21:45:00+09:00,J5,525,564,1089
2019-11-08T22:00:00+09:00,J1,777,892,1669
2019-11-08T22:00:00+09:00,J2,268,301,569
2019-11-08T22:00:00+09:00,J3,776,764,1540
2019-11-08T22:00:00+09:00,J4,1077,1063,2140
2019-11-08T22:00:00+09:00,J5,498,525,1023
2019-11-08T22:15:00+09:00,J1,755,814,1569
2019-11-08T22:15:00+09:00,J2,302,340,642
2019-11-08T22:15:00+09:00,J3,771,714,1485
2019-11-08T22:15:00+09:00,J4,1034,991,2025
2019-11-08T22:15:00+09:00,J5,502,504,1006
2019-11-08T22:30:00+09:00,J1,687,784,1471
2019-11-08T22:30:00+09:00,J2,300,352,652
2019-11-08T22:30:00+09:00,J3,787,682,1469
2019-11-08T22:30:00+09:00,J4,952,916,1868
2019-11-08T22:30:00+09:00,J5,513,491,1004
2019-11-08T22:45:00+09:00,J1,641,778,1419
2019-11-08T22:45:00+09:00,J2,473,397,870
2019-11-08T22:45:00+09:00,J3,873,658,1531
2019-11-08T22:45:00+09:00,J4,1001,971,1972
2019-11-08T22:45:00+09:00,J5,405,404,809
2019-11-08T23:00:00+09:00,J1,684,731,1415
2019-11-08T23:00:00+09:00,J2,389,344,733
2019-11-08T23:00:00+09:00,J3,815,713,1528
2019-11-08T23:00:00+09:00,J4,991,934,1925
2019-11-08T23:00:00+09:00,J5,426,421,847
2019-11-08T23:15:00+09:00,J1,647,700,1347
2019-11-08T23:15:00+09:00,J2,326,347,673
2019-11-08T23:15:00+09:00,J3,781,689,1470
2019-11-08T23:15:00+09:00,J4,934,931,1865
2019-11-08T23:15:00+09:00,J5,371,404,775
2019-11-08T23:30:00+09:00,J1,557,707,1264
2019-11-08T23:30:00+09:00,J2,277,390,667
2019-11-08T23:30:00+09:00,J3,773,717,1490
2019-11-08T23:30:00+09:00,J4,881,864,1745
2019-11-08T23:30:00+09:00,J5,352,400,752
2019-11-08T23:45:00+09:00,J1,680,776,1456
2019-11-08T23:45:00+09:00,J2,268,346,614
2019-11-08T23:45:00+09:00,J3,733,630,1363
2019-11-08T23:45:00+09:00,J4,852,798,1650
2019-11-08T23:45:00+09:00,J5,311,398,709
2019-11-09T00:00:00+09:00,J1,445,472,917
2019-11-09T00:00:00+09:00,J2,295,313,608
2019-11-09T00:00:00+09:00,J3,593,524,1117
2019-11-09T00:00:00+09:00,J4,760,675,1435
2019-11-09T00:00:00+09:00,J5,367,389,756
2019-11-09T00:15:00+09:00,J1,312,308,620
2019-11-09T00:15:00+09:00,J2,262,274,536
2019-11-09T00:15:00+09:00,J3,456,417,873
2019-11-09T00:15:00+09:00,J4,551,509,1060
2019-11-09T00:15:00+09:00,J5,361,333,694
2019-11-09T00:30:00+09:00,J1,265,287,552
2019-11-09T00:30:00+09:00,J2,264,202,466
2019-11-09T00:30:00+09:00,J3,435,430,865
2019-11-09T00:30:00+09:00,J4,468,480,948
2019-11-09T00:30:00+09:00,J5,330,343,673
2019-11-09T00:45:00+09:00,J1,328,299,627
2019-11-09T00:45:00+09:00,J2,243,221,464
2019-11-09T00:45:00+09:00,J3,400,361,761
2019-11-09T00:45:00+09:00,J4,463,545,1008
2019-11-09T00:45:00+09:00,J5,372,256,628
2019-11-09T05:45:00+09:00,J1,431,426,857
2019-11-09T05:45:00+09:00,J2,305,335,640
2019-11-09T05:45:00+09:00,J3,527,439,966
2019-11-09T05:45:00+09:00,J4,603,620,1223
2019-11-09T05:45:00+09:00,J5,390,321,711
2019-11-09T06:00:00+09:00,J1,348,370,718
2019-11-09T06:00:00+09:00,J2,333,394,727
2019-11-09T06:00:00+09:00,J3,544,486,1030
2019-11-09T06:00:00+09:00,J4,518,568,1086
2019-11-09T06:00:00+09:00,J5,391,349,740
2019-11-09T06:15:00+09:00,J1,457,504,961
2019-11-09T06:15:00+09:00,J2,256,379,635
2019-11-09T06:15:00+09:00,J3,601,627,1228
2019-11-09T06:15:00+09:00,J4,686,720,1406
2019-11-09T06:15:00+09:00,J5,389,359,748
2019-11-09T06:30:00+09:00,J1,535,519,1054
2019-11-09T06:30:00+09:00,J2,218,332,550
2019-11-09T06:30:00+09:00,J3,498,570,1068
2019-11-09T06:30:00+09:00,J4,800,893,1693
2019-11-09T06:30:00+09:00,J5,430,463,893
2019-11-09T06:45:00+09:00,J1,522,568,1090
2019-11-09T06:45:00+09:00,J2,263,364,627
2019-11-09T06:45:00+09:00,J3,567,556,1123
2019-11-09T06:45:00+09:00,J4,997,890,1887
2019-11-09T06:45:00+09:00,J5,454,462,916
2019-11-09T07:00:00+09:00,J1,551,597,1148
2019-11-09T07:00:00+09:00,J2,296,378,674
2019-11-09T07:00:00+09:00,J3,561,527,1088
2019-11-09T07:00:00+09:00,J4,979,941,1920
2019-11-09T07:00:00+09:00,J5,480,392,872
2019-11-09T07:15:00+09:00,J1,563,550,1113
2019-11-09T07:15:00+09:00,J2,352,388,740
2019-11-09T07:15:00+09:00,J3,588,578,1166
2019-11-09T07:15:00+09:00,J4,1020,901,1921
2019-11-09T07:15:00+09:00,J5,489,496,985
2019-11-09T07:30:00+09:00,J1,634,637,1271
2019-11-09T07:30:00+09:00,J2,328,334,662
2019-11-09T07:30:00+09:00,J3,647,572,1219
2019-11-09T07:30:00+09:00,J4,980,935,1915
2019-11-09T07:30:00+09:00,J5,592,577,1169
2019-11-09T07:45:00+09:00,J1,647,654,1301
2019-11-09T07:45:00+09:00,J2,429,404,833
2019-11-09T07:45:00+09:00,J3,610,576,1186
2019-11-09T07:45:00+09:00,J4,935,941,1876
2019-11-09T07:45:00+09:00,J5,593,587,1180
2019-11-09T08:00:00+09:00,J1,1029,1036,2065
2019-11-09T08:00:00+09:00,J2,384,397,781
2019-11-09T08:00:00+09:00,J3,613,583,1196
2019-11-09T08:00:00+09:00,J4,966,1001,1967
2019-11-09T08:00:00+09:00,J5,579,518,1097
2019-11-09T08:15:00+09:00,J1,1033,1069,2102
2019-11-09T08:15:00+09:00,J2,472,411,883
2019-11-09T08:15:00+09:00,J3,534,558,1092
2019-11-09T08:15:00+09:00,J4,1035,1106,2141
2019-11-09T08:15:00+09:00,J5,557,492,1049
2019-11-09T08:30:00+09:00,J1,1054,1142,2196
2019-11-09T08:30:00+09:00,J2,511,428,939
2019-11-09T08:30:00+09:00,J3,547,571,1118
2019-11-09T08:30:00+09:00,J4,1038,1179,2217
2019-11-09T08:30:00+09:00,J5,562,477,1039
2019-11-09T08:45:00+09:00,J1,1005,1097,2102
2019-11-09T08:45:00+09:00,J2,420,435,855
2019-11-09T08:45:00+09:00,J3,715,670,1385
2019-11-09T08:45:00+09:00,J4,974,1055,2029
2019-11-09T08:45:00+09:00,J5,513,536,1049
2019-11-09T09:00:00+09:00,J1,830,805,1635
2019-11-09T09:00:00+09:00,J2,384,414,798
2019-11-09T09:00:00+09:00,J3,713,717,1430
2019-11-09T09:00:00+09:00,J4,841,974,1815
2019-11-09T09:00:00+09:00,J5,541,587,1128
2019-11-09T09:15:00+09:00,J1,882,943,1825
2019-11-09T09:15:00+09:00,J2,550,481,1031
2019-11-09T09:15:00+09:00,J3,792,730,1522
2019-11-09T09:15:00+09:00,J4,952,922,1874
2019-11-09T09:15:00+09:00,J5,635,566,1201
2019-11-09T09:30:00+09:00,J1,840,886,1726
2019-11-09T09:30:00+09:00,J2,725,493,1218
2019-11-09T09:30:00+09:00,J3,774,665,1439
2019-11-09T09:30:00+09:00,J4,965,1046,2011
2019-11-09T09:30:00+09:00,J5,702,625,1327
2019-11-09T09:45:00+09:00,J1,773,851,1624
2019-11-09T09:45:00+09:00,J2,811,563,1374
2019-11-09T09:45:00+09:00,J3,812,735,1547
2019-11-09T09:45:00+09:00,J4,964,970,1934
2019-11-09T09:45:00+09:00,J5,616,591,1207
2019-11-09T10:00:00+09:00,J1,861,901,1762
2019-11-09T10:00:00+09:00,J2,678,557,1235
2019-11-09T10:00:00+09:00,J3,771,718,1489
2019-11-09T10:00:00+09:00,J4,852,966,1818
2019-11-09T10:00:00+09:00,J5,536,524,1060
2019-11-09T10:15:00+09:00,J1,816,911,1727
2019-11-09T10:15:00+09:00,J2,683,575,1258
2019-11-09T10:15:00+09:00,J3,765,763,1528
2019-11-09T10:15:00+09:00,J4,799,903,1702
2019-11-09T10:15:00+09:00,J5,569,507,1076
2019-11-09T10:30:00+09:00,J1,954,930,1884
2019-11-09T10:30:00+09:00,J2,755,568,1323
2019-11-09T10:30:00+09:00,J3,847,731,1578
2019-11-09T10:30:00+09:00,J4,799,872,1671
2019-11-09T10:30:00+09:00,J5,523,498,1021
2019-11-09T10:45:00+09:00,J1,917,932,1849
2019-11-09T10:45:00+09:00,J2,742,582,1324
2019-11-09T10:45:00+09:00,J3,824,805,1629
2019-11-09T10:45:00+09:00,J4,957,957,1914
2019-11-09T10:45:00+09:00,J5,553,489,1042
2019-11-09T11:00:00+09:00,J1,1055,1106,2161
2019-11-09T11:00:00+09:00,J2,737,603,1340
2019-11-09T11:00:00+09:00,J3,866,844,1710
2019-11-09T11:00:00+09:00,J4,846,892,1738
2019-11-09T11:00:00+09:00,J5,403,378,781
2019-11-09T11:15:00+09:00,J1,981,1077,2058
2019-11-09T11:15:00+09:00,J2,742,640,1382
2019-11-09T11:15:00+09:00,J3,881,851,1732
2019-11-09T11:15:00+09:00,J4,913,1022,1935
2019-11-09T11:15:00+09:00,J5,446,395,841
2019-11-09T11:30:00+09:00,J1,1017,1076,2093
2019-11-09T11:30:00+09:00,J2,801,609,1410
2019-11-09T11:30:00+09:00,J3,963,872,1835
2019-11-09T11:30:00+09:00,J4,908,974,1882
2019-11-09T11:30:00+09:00,J5,456,411,867
2019-11-09T11:45:00+09:00,J1,1110,1104,2214
2019-11-09T11:45:00+09:00,J2,737,558,1295
2019-11-09T11:45:00+09:00,J3,959,921,1880
2019-11-09T11:45:00+09:00,J4,935,946,1881
2019-11-09T11:45:00+09:00,J5,377,425,802
2019-11-09T12:00:00+09:00,J1,864,1020,1884
2019-11-09T12:00:00+09:00,J2,746,571,1317
2019-11-09T12:00:00+09:00,J3,955,889,1844
2019-11-09T12:00:00+09:00,J4,898,952,1850
2019-11-09T12:00:00+09:00,J5,522,483,1005
2019-11-09T12:15:00+09:00,J1,1041,1071,2112
2019-11-09T12:15:00+09:00,J2,604,590,1194
2019-11-09T12:15:00+09:00,J3,838,914,1752
2019-11-09T12:15:00+09:00,J4,1048,1120,2168
2019-11-09T12:15:00+09:00,J5,493,473,966
2019-11-09T12:30:00+09:00,J1,883,1000,1883
2019-11-09T12:30:00+09:00,J2,595,706,1301
2019-11-09T12:30:00+09:00,J3,791,923,1714
2019-11-09T12:30:00+09:00,J4,1165,1199,2364
2019-11-09T12:30:00+09:00,J5,503,520,1023
2019-11-09T12:45:00+09:00,J1,976,1035,2011
2019-11-09T12:45:00+09:00,J2,747,695,1442
2019-11-09T12:45:00+09:00,J3,888,912,1800
2019-11-09T12:45:00+09:00,J4,1160,1139,2299
2019-11-09T12:45:00+09:00,J5,497,462,959
2019-11-09T13:00:00+09:00,J1,865,1009,1874
2019-11-09T13:00:00+09:00,J2,752,642,1394
2019-11-09T13:00:00+09:00,J3,752,814,1566
2019-11-09T13:00:00+09:00,J4,1257,1342,2599
2019-11-09T13:00:00+09:00,J5,516,482,998
2019-11-09T13:15:00+09:00,J1,942,1012,1954
2019-11-09T13:15:00+09:00,J2,674,666,1340
2019-11-09T13:15:00+09:00,J3,802,841,1643
2019-11-09T13:15:00+09:00,J4,1169,1193,2362
2019-11-09T13:15:00+09:00,J5,541,468,1009
2019-11-09T13:30:00+09:00,J1,886,1047,1933
2019-11-09T13:30:00+09:00,J2,583,659,1242
2019-11-09T13:30:00+09:00,J3,775,808,1583
2019-11-09T13:30:00+09:00,J4,1079,1081,2160
2019-11-09T13:30:00+09:00,J5,609,510,1119
2019-11-09T13:45:00+09:00,J1,873,1014,1887
2019-11-09T13:45:00+09:00,J2,659,678,1337
2019-11-09T13:45:00+09:00,J3,818,809,1627
2019-11-09T13:45:00+09:00,J4,1169,1095,2264
2019-11-09T13:45:00+09:00,J5,614,550,1164
2019-11-09T14:00:00+09:00,J1,822,1021,1843
2019-11-09T14:00:00+09:00,J2,726,688,1414
2019-11-09T14:00:00+09:00,J3,825,861,1686
2019-11-09T14:00:00+09:00,J4,1112,1053,2165
2019-11-09T14:00:00+09:00,J5,637,595,1232
2019-11-09T14:15:00+09:00,J1,860,989,1849
2019-11-09T14:15:00+09:00,J2,755,660,1415
2019-11-09T14:15:00+09:00,J3,750,815,1565
2019-11-09T14:15:00+09:00,J4,997,1084,2081
2019-11-09T14:15:00+09:00,J5,606,596,1202
2019-11-09T14:30:00+09:00,J1,888,968,1856
2019-11-09T14:30:00+09:00,J2,751,699,1450
2019-11-09T14:30:00+09:00,J3,848,764,1612
2019-11-09T14:30:00+09:00,J4,1082,1098,2180
2019-11-09T14:30:00+09:00,J5,551,607,1158
2019-11-09T14:45:00+09:00,J1,826,949,1775
2019-11-09T14:45:00+09:00,J2,784,701,1485
2019-11-09T14:45:00+09:00,J3,836,802,1638
2019-11-09T14:45:00+09:00,J4,1060,1104,2164
2019-11-09T14:45:00+09:00,J5,531,542,1073
2019-11-09T15:00:00+09:00,J1,847,1011,1858
2019-11-09T15:00:00+09:00,J2,759,725,1484
2019-11-09T15:00:00+09:00,J3,878,868,1746
2019-11-09T15:00:00+09:00,J4,1065,1025,2090
2019-11-09T15:00:00+09:00,J5,611,609,1220
2019-11-09T15:15:00+09:00,J1,902,1039,1941
2019-11-09T15:15:00+09:00,J2,803,802,1605
2019-11-09T15:15:00+09:00,J3,796,878,1674
2019-11-09T15:15:00+09:00,J4,964,1053,2017
2019-11-09T15:15:00+09:00,J5,652,596,1248
2019-11-09T15:30:00+09:00,J1,900,1077,1977
2019-11-09T15:30:00+09:00,J2,865,782,1647
2019-11-09T15:30:00+09:00,J3,900,881,1781
2019-11-09T15:30:00+09:00,J4,1047,979,2026
2019-11-09T15:30:00+09:00,J5,635,617,1252
2019-11-09T15:45:00+09:00,J1,946,990,1936
2019-11-09T15:45:00+09:00,J2,830,742,1572
2019-11-09T15:45:00+09:00,J3,960,857,1817
2019-11-09T15:45:00+09:00,J4,1073,1035,2108
2019-11-09T15:45:00+09:00,J5,695,664,1359
2019-11-09T16:00:00+09:00,J1,903,1064,1967
2019-11-09T16:00:00+09:00,J2,854,772,1626
2019-11-09T16:00:00+09:00,J3,1066,987,2053
2019-11-09T16:00:00+09:00,J4,939,929,1868
2019-11-09T16:00:00+09:00,J5,662,674,1336
2019-11-09T16:15:00+09:00,J1,907,1000,1907
2019-11-09T16:15:00+09:00,J2,867,720,1587
2019-11-09T16:15:00+09:00,J3,1191,1013,2204
2019-11-09T16:15:00+09:00,J4,986,956,1942
2019-11-09T16:15:00+09:00,J5,642,607,1249
2019-11-09T16:30:00+09:00,J1,943,1019,1962
2019-11-09T16:30:00+09:00,J2,912,723,1635
2019-11-09T16:30:00+09:00,J3,1269,1029,2298
2019-11-09T16:30:00+09:00,J4,1011,1012,2023
2019-11-09T16:30:00+09:00,J5,651,640,1291
2019-11-09T16:45:00+09:00,J1,988,1062,2050
2019-11-09T16:45:00+09:00,J2,876,695,1571
2019-11-09T16:45:00+09:00,J3,1295,1092,2387
2019-11-09T16:45:00+09:00,J4,1069,1112,2181
2019-11-09T16:45:00+09:00,J5,645,697,1342
2019-11-09T17:00:00+09:00,J1,1020,1077,2097
2019-11-09T17:00:00+09:00,J2,870,677,1547
2019-11-09T17:00:00+09:00,J3,1105,1107,2212
2019-11-09T17:00:00+09:00,J4,1035,1049,2084
2019-11-09T17:00:00+09:00,J5,630,683,1313
2019-11-09T17:15:00+09:00,J1,1062,1054,2116
2019-11-09T17:15:00+09:00,J2,892,723,1615
2019-11-09T17:15:00+09:00,J3,1137,1129,2266
2019-11-09T17:15:00+09:00,J4,1087,1056,2143
2019-11-09T17:15:00+09:00,J5,690,678,1368
2019-11-09T17:30:00+09:00,J1,1045,1097,2142
2019-11-09T17:30:00+09:00,J2,952,685,1637
2019-11-09T17:30:00+09:00,J3,1115,1008,2123
2019-11-09T17:30:00+09:00,J4,1061,994,2055
2019-11-09T17:30:00+09:00,J5,717,678,1395
2019-11-09T17:45:00+09:00,J1,1030,1001,2031
2019-11-09T17:45:00+09:00,J2,922,658,1580
2019-11-09T17:45:00+09:00,J3,1108,1098,2206
2019-11-09T17:45:00+09:00,J4,1033,1082,2115
2019-11-09T17:45:00+09:00,J5,633,652,1285
2019-11-09T18:00:00+09:00,J1,1104,1102,2206
2019-11-09T18:00:00+09:00,J2,950,644,1594
2019-11-09T18:00:00+09:00,J3,1157,1025,2182
2019-11-09T18:00:00+09:00,J4,980,928,1908
2019-11-09T18:00:00+09:00,J5,588,635,1223
2019-11-09T18:15:00+09:00,J1,1030,1146,2176
2019-11-09T18:15:00+09:00,J2,1009,674,1683
2019-11-09T18:15:00+09:00,J3,1172,1011,2183
2019-11-09T18:15:00+09:00,J4,1061,1045,2106
2019-11-09T18:15:00+09:00,J5,707,753,1460
2019-11-09T18:30:00+09:00,J1,993,1020,2013
2019-11-09T18:30:00+09:00,J2,952,620,1572
2019-11-09T18:30:00+09:00,J3,1090,881,1971
2019-11-09T18:30:00+09:00,J4,1017,906,1923
2019-11-09T18:30:00+09:00,J5,675,610,1285
2019-11-09T18:45:00+09:00,J1,965,1000,1965
2019-11-09T18:45:00+09:00,J2,889,605,1494
2019-11-09T18:45:00+09:00,J3,1012,750,1762
2019-11-09T18:45:00+09:00,J4,970,989,1959
2019-11-09T18:45:00+09:00,J5,587,557,1144
2019-11-09T19:00:00+09:00,J1,893,992,1885
2019-11-09T19:00:00+09:00,J2,528,559,1087
2019-11-09T19:00:00+09:00,J3,1006,732,1738
2019-11-09T19:00:00+09:00,J4,944,964,1908
2019-11-09T19:00:00+09:00,J5,574,541,1115
2019-11-09T19:15:00+09:00,J1,936,999,1935
2019-11-09T19:15:00+09:00,J2,596,536,1132
2019-11-09T19:15:00+09:00,J3,1026,776,1802
2019-11-09T19:15:00+09:00,J4,1003,1008,2011
2019-11-09T19:15:00+09:00,J5,557,509,1066
2019-11-09T19:30:00+09:00,J1,845,883,1728
2019-11-09T19:30:00+09:00,J2,464,553,1017
2019-11-09T19:30:00+09:00,J3,1005,788,1793
2019-11-09T19:30:00+09:00,J4,897,992,1889
2019-11-09T19:30:00+09:00,J5,544,492,1036
2019-11-09T19:45:00+09:00,J1,876,905,1781
2019-11-09T19:45:00+09:00,J2,412,452,864
2019-11-09T19:45:00+09:00,J3,884,734,1618
2019-11-09T19:45:00+09:00,J4,921,911,1832
2019-11-09T19:45:00+09:00,J5,533,493,1026
2019-11-09T20:00:00+09:00,J1,826,876,1702
2019-11-09T20:00:00+09:00,J2,489,536,1025
2019-11-09T20:00:00+09:00,J3,884,772,1656
2019-11-09T20:00:00+09:00,J4,938,948,1886
2019-11-09T20:00:00+09:00,J5,519,523,1042
2019-11-09T20:15:00+09:00,J1,756,945,1701
2019-11-09T20:15:00+09:00,J2,470,561,1031
2019-11-09T20:15:00+09:00,J3,956,783,1739
2019-11-09T20:15:00+09:00,J4,954,1005,1959
2019-11-09T20:15:00+09:00,J5,528,525,1053
2019-11-09T20:30:00+09:00,J1,825,938,1763
2019-11-09T20:30:00+09:00,J2,462,535,997
2019-11-09T20:30:00+09:00,J3,947,795,1742
2019-11-09T20:30:00+09:00,J4,907,968,1875
2019-11-09T20:30:00+09:00,J5,558,494,1052
2019-11-09T20:45:00+09:00,J1,826,967,1793
2019-11-09T20:45:00+09:00,J2,438,533,971
2019-11-09T20:45:00+09:00,J3,909,828,1737
2019-11-09T20:45:00+09:00,J4,892,868,1760
2019-11-09T20:45:00+09:00,J5,532,480,1012
2019-11-09T21:00:00+09:00,J1,820,991,1811
2019-11-09T21:00:00+09:00,J2,419,524,943
2019-11-09T21:00:00+09:00,J3,866,820,1686
2019-11-09T21:00:00+09:00,J4,1037,967,2004
2019-11-09T21:00:00+09:00,J5,508,500,1008
2019-11-09T21:15:00+09:00,J1,832,869,1701
2019-11-09T21:15:00+09:00,J2,429,509,938
2019-11-09T21:15:00+09:00,J3,708,755,1463
2019-11-09T21:15:00+09:00,J4,1052,1049,2101
2019-11-09T21:15:00+09:00,J5,532,527,1059
2019-11-09T21:30:00+09:00,J1,788,884,1672
2019-11-09T21:30:00+09:00,J2,372,463,835
2019-11-09T21:30:00+09:00,J3,679,728,1407
2019-11-09T21:30:00+09:00,J4,1015,1010,2025
2019-11-09T21:30:00+09:00,J5,561,534,1095
2019-11-09T21:45:00+09:00,J1,778,867,1645
2019-11-09T21:45:00+09:00,J2,367,463,830
2019-11-09T21:45:00+09:00,J3,681,695,1376
2019-11-09T21:45:00+09:00,J4,950,890,1840
2019-11-09T21:45:00+09:00,J5,514,535,1049
2019-11-09T22:00:00+09:00,J1,793,829,1622
2019-11-09T22:00:00+09:00,J2,378,450,828
2019-11-09T22:00:00+09:00,J3,750,731,1481
2019-11-09T22:00:00+09:00,J4,1015,977,1992
2019-11-09T22:00:00+09:00,J5,409,477,886
2019-11-09T22:15:00+09:00,J1,816,803,1619
2019-11-09T22:15:00+09:00,J2,356,426,782
2019-11-09T22:15:00+09:00,J3,753,686,1439
2019-11-09T22:15:00+09:00,J4,1002,967,1969
2019-11-09T22:15:00+09:00,J5,486,503,989
2019-11-09T22:30:00+09:00,J1,769,836,1605
2019-11-09T22:30:00+09:00,J2,340,453,793
2019-11-09T22:30:00+09:00,J3,753,636,1389
2019-11-09T22:30:00+09:00,J4,955,1037,1992
2019-11-09T22:30:00+09:00,J5,454,468,922
2019-11-09T22:45:00+09:00,J1,761,791,1552
2019-11-09T22:45:00+09:00,J2,390,476,866
2019-11-09T22:45:00+09:00,J3,724,649,1373
2019-11-09T22:45:00+09:00,J4,1016,936,1952
2019-11-09T22:45:00+09:00,J5,419,422,841
2019-11-09T23:00:00+09:00,J1,680,780,1460
2019-11-09T23:00:00+09:00,J2,354,483,837
2019-11-09T23:00:00+09:00,J3,745,671,1416
2019-11-09T23:00:00+09:00,J4,955,912,1867
2019-11-09T23:00:00+09:00,J5,376,396,772
2019-11-09T23:15:00+09:00,J1,648,742,1390
2019-11-09T23:15:00+09:00,J2,296,441,737
2019-11-09T23:15:00+09:00,J3,715,699,1414
2019-11-09T23:15:00+09:00,J4,967,932,1899
2019-11-09T23:15:00+09:00,J5,399,456,855
2019-11-09T23:30:00+09:00,J1,671,806,1477
2019-11-09T23:30:00+09:00,J2,313,493,806
2019-11-09T23:30:00+09:00,J3,685,691,1376
2019-11-09T23:30:00+09:00,J4,845,913,1758
2019-11-09T23:30:00+09:00,J5,336,378,714
2019-11-09T23:45:00+09:00,J1,659,763,1422
2019-11-09T23:45:00+09:00,J2,309,444,753
2019-11-09T23:45:00+09:00,J3,619,583,1202
2019-11-09T23:45:00+09:00,J4,916,808,1724
2019-11-09T23:45:00+09:00,J5,368,346,714
2019-11-10T00:00:00+09:00,J1,502,465,967
2019-11-10T00:00:00+09:00,J2,395,354,749
2019-11-10T00:00:00+09:00,J3,607,554,1161
2019-11-10T00:00:00+09:00,J4,1050,855,1905
2019-11-10T00:00:00+09:00,J5,426,353,779
2019-11-10T00:15:00+09:00,J1,356,364,720
2019-11-10T00:15:00+09:00,J2,270,237,507
2019-11-10T00:15:00+09:00,J3,450,428,878
2019-11-10T00:15:00+09:00,J4,911,816,1727
2019-11-10T00:15:00+09:00,J5,363,351,714
2019-11-10T00:30:00+09:00,J1,226,207,433
2019-11-10T00:30:00+09:00,J2,211,241,452
2019-11-10T00:30:00+09:00,J3,435,403,838
2019-11-10T00:30:00+09:00,J4,856,857,1713
2019-11-10T00:30:00+09:00,J5,311,307,618
2019-11-10T00:45:00+09:00,J1,274,298,572
2019-11-10T00:45:00+09:00,J2,333,314,647
2019-11-10T00:45:00+09:00,J3,458,344,802
2019-11-10T00:45:00+09:00,J4,681,649,1330
2019-11-10T00:45:00+09:00,J5,338,254,592
2019-11-10T05:45:00+09:00,J1,296,289,585
2019-11-10T05:45:00+09:00,J2,290,241,531
2019-11-10T05:45:00+09:00,J3,491,441,932
2019-11-10T05:45:00+09:00,J4,850,815,1665
2019-11-10T05:45:00+09:00,J5,378,317,695
2019-11-10T06:00:00+09:00,J1,377,379,756
2019-11-10T06:00:00+09:00,J2,294,320,614
2019-11-10T06:00:00+09:00,J3,559,477,1036
2019-11-10T06:00:00+09:00,J4,438,500,938
2019-11-10T06:00:00+09:00,J5,390,357,747
2019-11-10T06:15:00+09:00,J1,451,437,888
2019-11-10T06:15:00+09:00,J2,285,366,651
2019-11-10T06:15:00+09:00,J3,588,582,1170
2019-11-10T06:15:00+09:00,J4,588,640,1228
2019-11-10T06:15:00+09:00,J5,423,384,807
2019-11-10T06:30:00+09:00,J1,477,509,986
2019-11-10T06:30:00+09:00,J2,253,315,568
2019-11-10T06:30:00+09:00,J3,521,523,1044
2019-11-10T06:30:00+09:00,J4,567,643,1210
2019-11-10T06:30:00+09:00,J5,374,381,755
2019-11-10T06:45:00+09:00,J1,469,475,944
2019-11-10T06:45:00+09:00,J2,253,323,576
2019-11-10T06:45:00+09:00,J3,546,583,1129
2019-11-10T06:45:00+09:00,J4,546,613,1159
2019-11-10T06:45:00+09:00,J5,449,401,850
2019-11-10T07:00:00+09:00,J1,491,500,991
2019-11-10T07:00:00+09:00,J2,302,331,633
2019-11-10T07:00:00+09:00,J3,587,514,1101
2019-11-10T07:00:00+09:00,J4,667,751,1418
2019-11-10T07:00:00+09:00,J5,449,412,861
2019-11-10T07:15:00+09:00,J1,489,564,1053
2019-11-10T07:15:00+09:00,J2,345,329,674
2019-11-10T07:15:00+09:00,J3,556,527,1083
2019-11-10T07:15:00+09:00,J4,855,861,1716
2019-11-10T07:15:00+09:00,J5,440,399,839
2019-11-10T07:30:00+09:00,J1,583,649,1232
2019-11-10T07:30:00+09:00,J2,351,380,731
2019-11-10T07:30:00+09:00,J3,626,583,1209
2019-11-10T07:30:00+09:00,J4,921,939,1860
2019-11-10T07:30:00+09:00,J5,503,484,987
2019-11-10T07:45:00+09:00,J1,585,579,1164
2019-11-10T07:45:00+09:00,J2,302,291,593
2019-11-10T07:45:00+09:00,J3,610,666,1276
2019-11-10T07:45:00+09:00,J4,834,872,1706
2019-11-10T07:45:00+09:00,J5,557,556,1113
2019-11-10T08:00:00+09:00,J1,956,1091,2047
2019-11-10T08:00:00+09:00,J2,354,397,751
2019-11-10T08:00:00+09:00,J3,672,703,1375
2019-11-10T08:00:00+09:00,J4,983,1017,2000
2019-11-10T08:00:00+09:00,J5,554,473,1027
2019-11-10T08:15:00+09:00,J1,972,1039,2011
2019-11-10T08:15:00+09:00,J2,379,417,796
2019-11-10T08:15:00+09:00,J3,561,542,1103
2019-11-10T08:15:00+09:00,J4,1049,1118,2167
2019-11-10T08:15:00+09:00,J5,509,467,976
2019-11-10T08:30:00+09:00,J1,972,1066,2038
2019-11-10T08:30:00+09:00,J2,399,394,793
2019-11-10T08:30:00+09:00,J3,602,593,1195
2019-11-10T08:30:00+09:00,J4,1067,1071,2138
2019-11-10T08:30:00+09:00,J5,485,442,927
2019-11-10T08:45:00+09:00,J1,919,956,1875
2019-11-10T08:45:00+09:00,J2,346,400,746
2019-11-10T08:45:00+09:00,J3,658,644,1302
2019-11-10T08:45:00+09:00,J4,1081,1022,2103
2019-11-10T08:45:00+09:00,J5,493,428,921
2019-11-10T09:00:00+09:00,J1,710,739,1449
2019-11-10T09:00:00+09:00,J2,363,388,751
2019-11-10T09:00:00+09:00,J3,673,638,1311
2019-11-10T09:00:00+09:00,J4,972,985,1957
2019-11-10T09:00:00+09:00,J5,582,518,1100
2019-11-10T09:15:00+09:00,J1,815,814,1629
2019-11-10T09:15:00+09:00,J2,462,410,872
2019-11-10T09:15:00+09:00,J3,767,702,1469
2019-11-10T09:15:00+09:00,J4,952,953,1905
2019-11-10T09:15:00+09:00,J5,587,568,1155
2019-11-10T09:30:00+09:00,J1,823,808,1631
2019-11-10T09:30:00+09:00,J2,542,462,1004
2019-11-10T09:30:00+09:00,J3,753,737,1490
2019-11-10T09:30:00+09:00,J4,889,832,1721
2019-11-10T09:30:00+09:00,J5,520,578,1098
2019-11-10T09:45:00+09:00,J1,861,786,1647
2019-11-10T09:45:00+09:00,J2,593,513,1106
2019-11-10T09:45:00+09:00,J3,650,637,1287
2019-11-10T09:45:00+09:00,J4,947,903,1850
2019-11-10T09:45:00+09:00,J5,480,550,1030
2019-11-10T10:00:00+09:00,J1,777,743,1520
2019-11-10T10:00:00+09:00,J2,558,501,1059
2019-11-10T10:00:00+09:00,J3,676,661,1337
2019-11-10T10:00:00+09:00,J4,790,886,1676
2019-11-10T10:00:00+09:00,J5,553,530,1083
2019-11-10T10:15:00+09:00,J1,870,800,1670
2019-11-10T10:15:00+09:00,J2,612,532,1144
2019-11-10T10:15:00+09:00,J3,633,675,1308
2019-11-10T10:15:00+09:00,J4,850,921,1771
2019-11-10T10:15:00+09:00,J5,528,510,1038
2019-11-10T10:30:00+09:00,J1,839,797,1636
2019-11-10T10:30:00+09:00,J2,565,496,1061
2019-11-10T10:30:00+09:00,J3,786,737,1523
2019-11-10T10:30:00+09:00,J4,811,908,1719
2019-11-10T10:30:00+09:00,J5,504,512,1016
2019-11-10T10:45:00+09:00,J1,781,845,1626
2019-11-10T10:45:00+09:00,J2,618,463,1081
2019-11-10T10:45:00+09:00,J3,813,744,1557
2019-11-10T10:45:00+09:00,J4,867,893,1760
2019-11-10T10:45:00+09:00,J5,534,508,1042
2019-11-10T11:00:00+09:00,J1,886,1053,1939
2019-11-10T11:00:00+09:00,J2,623,491,1114
2019-11-10T11:00:00+09:00,J3,825,818,1643
2019-11-10T11:00:00+09:00,J4,885,877,1762
2019-11-10T11:00:00+09:00,J5,364,367,731
2019-11-10T11:15:00+09:00,J1,913,906,1819
2019-11-10T11:15:00+09:00,J2,462,466,928
2019-11-10T11:15:00+09:00,J3,707,732,1439
2019-11-10T11:15:00+09:00,J4,1068,1006,2074
2019-11-10T11:15:00+09:00,J5,426,374,800
2019-11-10T11:30:00+09:00,J1,924,955,1879
2019-11-10T11:30:00+09:00,J2,416,465,881
2019-11-10T11:30:00+09:00,J3,584,605,1189
2019-11-10T11:30:00+09:00,J4,1025,954,1979
2019-11-10T11:30:00+09:00,J5,404,391,795
2019-11-10T11:45:00+09:00,J1,950,1001,1951
2019-11-10T11:45:00+09:00,J2,513,578,1091
2019-11-10T11:45:00+09:00,J3,646,637,1283
2019-11-10T11:45:00+09:00,J4,1125,1076,2201
2019-11-10T11:45:00+09:00,J5,325,347,672
2019-11-10T12:00:00+09:00,J1,917,1011,1928
2019-11-10T12:00:00+09:00,J2,753,612,1365
2019-11-10T12:00:00+09:00,J3,699,711,1410
2019-11-10T12:00:00+09:00,J4,1047,1076,2123
2019-11-10T12:00:00+09:00,J5,446,421,867
2019-11-10T12:15:00+09:00,J1,921,1028,1949
2019-11-10T12:15:00+09:00,J2,668,647,1315
2019-11-10T12:15:00+09:00,J3,787,880,1667
2019-11-10T12:15:00+09:00,J4,721,860,1581
2019-11-10T12:15:00+09:00,J5,495,414,909
2019-11-10T12:30:00+09:00,J1,866,994,1860
2019-11-10T12:30:00+09:00,J2,518,602,1120
2019-11-10T12:30:00+09:00,J3,709,796,1505
2019-11-10T12:30:00+09:00,J4,900,977,1877
2019-11-10T12:30:00+09:00,J5,524,511,1035
2019-11-10T12:45:00+09:00,J1,814,894,1708
2019-11-10T12:45:00+09:00,J2,555,588,1143
2019-11-10T12:45:00+09:00,J3,746,816,1562
2019-11-10T12:45:00+09:00,J4,926,968,1894
2019-11-10T12:45:00+09:00,J5,539,544,1083
2019-11-10T13:00:00+09:00,J1,778,945,1723
2019-11-10T13:00:00+09:00,J2,583,605,1188
2019-11-10T13:00:00+09:00,J3,772,759,1531
2019-11-10T13:00:00+09:00,J4,967,886,1853
2019-11-10T13:00:00+09:00,J5,516,579,1095
2019-11-10T13:15:00+09:00,J1,849,999,1848
2019-11-10T13:15:00+09:00,J2,658,637,1295
2019-11-10T13:15:00+09:00,J3,750,753,1503
2019-11-10T13:15:00+09:00,J4,866,895,1761
2019-11-10T13:15:00+09:00,J5,536,559,1095
2019-11-10T13:30:00+09:00,J1,871,987,1858
2019-11-10T13:30:00+09:00,J2,633,629,1262
2019-11-10T13:30:00+09:00,J3,753,789,1542
2019-11-10T13:30:00+09:00,J4,938,963,1901
2019-11-10T13:30:00+09:00,J5,546,579,1125
2019-11-10T13:45:00+09:00,J1,857,980,1837
2019-11-10T13:45:00+09:00,J2,642,576,1218
2019-11-10T13:45:00+09:00,J3,698,749,1447
2019-11-10T13:45:00+09:00,J4,935,1048,1983
2019-11-10T13:45:00+09:00,J5,540,510,1050
2019-11-10T14:00:00+09:00,J1,771,932,1703
2019-11-10T14:00:00+09:00,J2,597,606,1203
2019-11-10T14:00:00+09:00,J3,720,755,1475
2019-11-10T14:00:00+09:00,J4,938,929,1867
2019-11-10T14:00:00+09:00,J5,528,544,1072
2019-11-10T14:15:00+09:00,J1,804,999,1803
2019-11-10T14:15:00+09:00,J2,580,649,1229
2019-11-10T14:15:00+09:00,J3,779,773,1552
2019-11-10T14:15:00+09:00,J4,877,986,1863
2019-11-10T14:15:00+09:00,J5,434,479,913
2019-11-10T14:30:00+09:00,J1,829,916,1745
2019-11-10T14:30:00+09:00,J2,631,671,1302
2019-11-10T14:30:00+09:00,J3,766,843,1609
2019-11-10T14:30:00+09:00,J4,870,965,1835
2019-11-10T14:30:00+09:00,J5,522,581,1103
2019-11-10T14:45:00+09:00,J1,830,934,1764
2019-11-10T14:45:00+09:00,J2,560,628,1188
2019-11-10T14:45:00+09:00,J3,713,749,1462
2019-11-10T14:45:00+09:00,J4,874,944,1818
2019-11-10T14:45:00+09:00,J5,541,575,1116
2019-11-10T15:00:00+09:00,J1,833,978,1811
2019-11-10T15:00:00+09:00,J2,624,658,1282
2019-11-10T15:00:00+09:00,J3,739,775,1514
2019-11-10T15:00:00+09:00,J4,986,1014,2000
2019-11-10T15:00:00+09:00,J5,524,521,1045
2019-11-10T15:15:00+09:00,J1,857,1031,1888
2019-11-10T15:15:00+09:00,J2,619,673,1292
2019-11-10T15:15:00+09:00,J3,802,774,1576
2019-11-10T15:15:00+09:00,J4,959,1045,2004
2019-11-10T15:15:00+09:00,J5,530,546,1076
2019-11-10T15:30:00+09:00,J1,769,1006,1775
2019-11-10T15:30:00+09:00,J2,588,609,1197
2019-11-10T15:30:00+09:00,J3,741,805,1546
2019-11-10T15:30:00+09:00,J4,971,1055,2026
2019-11-10T15:30:00+09:00,J5,510,569,1079
2019-11-10T15:45:00+09:00,J1,840,1085,1925
2019-11-10T15:45:00+09:00,J2,621,702,1323
2019-11-10T15:45:00+09:00,J3,832,756,1588
2019-11-10T15:45:00+09:00,J4,916,1098,2014
2019-11-10T15:45:00+09:00,J5,538,621,1159
2019-11-10T16:00:00+09:00,J1,869,991,1860
2019-11-10T16:00:00+09:00,J2,678,699,1377
2019-11-10T16:00:00+09:00,J3,817,874,1691
2019-11-10T16:00:00+09:00,J4,985,1011,1996
2019-11-10T16:00:00+09:00,J5,533,584,1117
2019-11-10T16:15:00+09:00,J1,856,1003,1859
2019-11-10T16:15:00+09:00,J2,677,601,1278
2019-11-10T16:15:00+09:00,J3,903,875,1778
2019-11-10T16:15:00+09:00,J4,905,909,1814
2019-11-10T16:15:00+09:00,J5,515,569,1084
2019-11-10T16:30:00+09:00,J1,858,998,1856
2019-11-10T16:30:00+09:00,J2,694,639,1333
2019-11-10T16:30:00+09:00,J3,906,910,1816
2019-11-10T16:30:00+09:00,J4,941,1044,1985
2019-11-10T16:30:00+09:00,J5,547,643,1190
2019-11-10T16:45:00+09:00,J1,870,1007,1877
2019-11-10T16:45:00+09:00,J2,710,651,1361
2019-11-10T16:45:00+09:00,J3,1010,900,1910
2019-11-10T16:45:00+09:00,J4,978,1019,1997
2019-11-10T16:45:00+09:00,J5,540,590,1130
2019-11-10T17:00:00+09:00,J1,963,1065,2028
2019-11-10T17:00:00+09:00,J2,827,670,1497
2019-11-10T17:00:00+09:00,J3,889,801,1690
2019-11-10T17:00:00+09:00,J4,1014,994,2008
2019-11-10T17:00:00+09:00,J5,560,614,1174
2019-11-10T17:15:00+09:00,J1,946,1074,2020
2019-11-10T17:15:00+09:00,J2,761,576,1337
2019-11-10T17:15:00+09:00,J3,818,810,1628
2019-11-10T17:15:00+09:00,J4,1012,1002,2014
2019-11-10T17:15:00+09:00,J5,696,669,1365
2019-11-10T17:30:00+09:00,J1,994,1083,2077
2019-11-10T17:30:00+09:00,J2,806,649,1455
2019-11-10T17:30:00+09:00,J3,867,775,1642
2019-11-10T17:30:00+09:00,J4,948,971,1919
2019-11-10T17:30:00+09:00,J5,557,595,1152
2019-11-10T17:45:00+09:00,J1,1023,1000,2023
2019-11-10T17:45:00+09:00,J2,783,627,1410
2019-11-10T17:45:00+09:00,J3,805,690,1495
2019-11-10T17:45:00+09:00,J4,965,1000,1965
2019-11-10T17:45:00+09:00,J5,508,546,1054
2019-11-10T18:00:00+09:00,J1,915,1090,2005
2019-11-10T18:00:00+09:00,J2,732,657,1389
2019-11-10T18:00:00+09:00,J3,840,761,1601
2019-11-10T18:00:00+09:00,J4,923,1014,1937
2019-11-10T18:00:00+09:00,J5,544,596,1140
2019-11-10T18:15:00+09:00,J1,1069,1055,2124
2019-11-10T18:15:00+09:00,J2,780,660,1440
2019-11-10T18:15:00+09:00,J3,944,682,1626
2019-11-10T18:15:00+09:00,J4,1083,1084,2167
2019-11-10T18:15:00+09:00,J5,680,666,1346
2019-11-10T18:30:00+09:00,J1,952,891,1843
2019-11-10T18:30:00+09:00,J2,756,625,1381
2019-11-10T18:30:00+09:00,J3,844,710,1554
2019-11-10T18:30:00+09:00,J4,1051,1016,2067
2019-11-10T18:30:00+09:00,J5,548,544,1092
2019-11-10T18:45:00+09:00,J1,833,791,1624
2019-11-10T18:45:00+09:00,J2,774,533,1307
2019-11-10T18:45:00+09:00,J3,873,758,1631
2019-11-10T18:45:00+09:00,J4,1031,1057,2088
2019-11-10T18:45:00+09:00,J5,568,495,1063
2019-11-10T19:00:00+09:00,J1,734,824,1558
2019-11-10T19:00:00+09:00,J2,413,521,934
2019-11-10T19:00:00+09:00,J3,898,846,1744
2019-11-10T19:00:00+09:00,J4,1052,1027,2079
2019-11-10T19:00:00+09:00,J5,532,525,1057
2019-11-10T19:15:00+09:00,J1,737,796,1533
2019-11-10T19:15:00+09:00,J2,469,470,939
2019-11-10T19:15:00+09:00,J3,884,812,1696
2019-11-10T19:15:00+09:00,J4,979,962,1941
2019-11-10T19:15:00+09:00,J5,536,569,1105
2019-11-10T19:30:00+09:00,J1,760,769,1529
2019-11-10T19:30:00+09:00,J2,376,469,845
2019-11-10T19:30:00+09:00,J3,835,760,1595
2019-11-10T19:30:00+09:00,J4,965,986,1951
2019-11-10T19:30:00+09:00,J5,431,494,925
2019-11-10T19:45:00+09:00,J1,775,742,1517
2019-11-10T19:45:00+09:00,J2,326,443,769
2019-11-10T19:45:00+09:00,J3,791,774,1565
2019-11-10T19:45:00+09:00,J4,946,979,1925
2019-11-10T19:45:00+09:00,J5,426,478,904
2019-11-10T20:00:00+09:00,J1,683,749,1432
2019-11-10T20:00:00+09:00,J2,374,484,858
2019-11-10T20:00:00+09:00,J3,865,708,1573
2019-11-10T20:00:00+09:00,J4,919,1000,1919
2019-11-10T20:00:00+09:00,J5,523,551,1074
2019-11-10T20:15:00+09:00,J1,731,739,1470
2019-11-10T20:15:00+09:00,J2,456,480,936
2019-11-10T20:15:00+09:00,J3,812,742,1554
2019-11-10T20:15:00+09:00,J4,943,943,1886
2019-11-10T20:15:00+09:00,J5,534,479,1013
2019-11-10T20:30:00+09:00,J1,783,786,1569
2019-11-10T20:30:00+09:00,J2,405,440,845
2019-11-10T20:30:00+09:00,J3,878,815,1693
2019-11-10T20:30:00+09:00,J4,964,984,1948
2019-11-10T20:30:00+09:00,J5,418,479,897
2019-11-10T20:45:00+09:00,J1,769,747,1516
2019-11-10T20:45:00+09:00,J2,579,483,1062
2019-11-10T20:45:00+09:00,J3,771,822,1593
2019-11-10T20:45:00+09:00,J4,844,839,1683
2019-11-10T20:45:00+09:00,J5,425,478,903
2019-11-10T21:00:00+09:00,J1,780,803,1583
2019-11-10T21:00:00+09:00,J2,607,524,1131
2019-11-10T21:00:00+09:00,J3,779,700,1479
2019-11-10T21:00:00+09:00,J4,959,1004,1963
2019-11-10T21:00:00+09:00,J5,500,503,1003
2019-11-10T21:15:00+09:00,J1,754,811,1565
2019-11-10T21:15:00+09:00,J2,362,345,707
2019-11-10T21:15:00+09:00,J3,666,643,1309
2019-11-10T21:15:00+09:00,J4,1048,1082,2130
2019-11-10T21:15:00+09:00,J5,477,505,982
2019-11-10T21:30:00+09:00,J1,634,759,1393
2019-11-10T21:30:00+09:00,J2,357,392,749
2019-11-10T21:30:00+09:00,J3,596,658,1254
2019-11-10T21:30:00+09:00,J4,948,915,1863
2019-11-10T21:30:00+09:00,J5,487,476,963
2019-11-10T21:45:00+09:00,J1,643,786,1429
2019-11-10T21:45:00+09:00,J2,359,439,798
2019-11-10T21:45:00+09:00,J3,603,555,1158
2019-11-10T21:45:00+09:00,J4,938,837,1775
2019-11-10T21:45:00+09:00,J5,466,511,977
2019-11-10T22:00:00+09:00,J1,665,712,1377
2019-11-10T22:00:00+09:00,J2,351,428,779
2019-11-10T22:00:00+09:00,J3,620,552,1172
2019-11-10T22:00:00+09:00,J4,911,972,1883
2019-11-10T22:00:00+09:00,J5,412,474,886
2019-11-10T22:15:00+09:00,J1,721,744,1465
2019-11-10T22:15:00+09:00,J2,377,470,847
2019-11-10T22:15:00+09:00,J3,579,573,1152
2019-11-10T22:15:00+09:00,J4,911,894,1805
2019-11-10T22:15:00+09:00,J5,433,473,906
2019-11-10T22:30:00+09:00,J1,640,686,1326
2019-11-10T22:30:00+09:00,J2,370,451,821
2019-11-10T22:30:00+09:00,J3,598,637,1235
2019-11-10T22:30:00+09:00,J4,943,874,1817
2019-11-10T22:30:00+09:00,J5,428,447,875
2019-11-10T22:45:00+09:00,J1,641,684,1325
2019-11-10T22:45:00+09:00,J2,327,335,662
2019-11-10T22:45:00+09:00,J3,649,548,1197
2019-11-10T22:45:00+09:00,J4,914,831,1745
2019-11-10T22:45:00+09:00,J5,360,398,758
2019-11-10T23:00:00+09:00,J1,607,706,1313
2019-11-10T23:00:00+09:00,J2,353,412,765
2019-11-10T23:00:00+09:00,J3,670,582,1252
2019-11-10T23:00:00+09:00,J4,805,779,1584
2019-11-10T23:00:00+09:00,J5,355,344,699
2019-11-10T23:15:00+09:00,J1,620,699,1319
2019-11-10T23:15:00+09:00,J2,378,469,847
2019-11-10T23:15:00+09:00,J3,643,531,1174
2019-11-10T23:15:00+09:00,J4,743,773,1516
2019-11-10T23:15:00+09:00,J5,334,356,690
2019-11-10T23:30:00+09:00,J1,566,614,1180
2019-11-10T23:30:00+09:00,J2,340,422,762
2019-11-10T23:30:00+09:00,J3,599,504,1103
2019-11-10T23:30:00+09:00,J4,722,728,1450
2019-11-10T23:30:00+09:00,J5,362,347,709
2019-11-10T23:45:00+09:00,J1,540,520,1060
2019-11-10T23:45:00+09:00,J2,289,376,665
2019-11-10T23:45:00+09:00,J3,610,511,1121
2019-11-10T23:45:00+09:00,J4,643,626,1269
2019-11-10T23:45:00+09:00,J5,335,356,691
2019-11-11T00:00:00+09:00,J1,414,435,849
2019-11-11T00:00:00+09:00,J2,304,315,619
2019-11-11T00:00:00+09:00,J3,513,483,996
2019-11-11T00:00:00+09:00,J4,479,511,990
2019-11-11T00:00:00+09:00,J5,412,406,818
2019-11-11T00:15:00+09:00,J1,326,324,650
2019-11-11T00:15:00+09:00,J2,318,302,620
2019-11-11T00:15:00+09:00,J3,408,457,865
2019-11-11T00:15:00+09:00,J4,548,564,1112
2019-11-11T00:15:00+09:00,J5,378,323,701
2019-11-11T00:30:00+09:00,J1,222,224,446
2019-11-11T00:30:00+09:00,J2,303,328,631
2019-11-11T00:30:00+09:00,J3,469,465,934
2019-11-11T00:30:00+09:00,J4,481,512,993
2019-11-11T00:30:00+09:00,J5,357,315,672
2019-11-11T00:45:00+09:00,J1,273,274,547
2019-11-11T00:45:00+09:00,J2,265,296,561
2019-11-11T00:45:00+09:00,J3,366,399,765
2019-11-11T00:45:00+09:00,J4,477,479,956
2019-11-11T00:45:00+09:00,J5,344,345,689
2019-11-11T05:45:00+09:00,J1,442,381,823
2019-11-11T05:45:00+09:00,J2,264,196,460
2019-11-11T05:45:00+09:00,J3,527,398,925
2019-11-11T05:45:00+09:00,J4,493,558,1051
2019-11-11T05:45:00+09:00,J5,354,330,684
2019-11-11T06:00:00+09:00,J1,439,461,900
2019-11-11T06:00:00+09:00,J2,269,221,490
2019-11-11T06:00:00+09:00,J3,546,427,973
2019-11-11T06:00:00+09:00,J4,371,440,811
2019-11-11T06:00:00+09:00,J5,332,311,643
2019-11-11T06:15:00+09:00,J1,488,504,992
2019-11-11T06:15:00+09:00,J2,368,341,709
2019-11-11T06:15:00+09:00,J3,590,491,1081
2019-11-11T06:15:00+09:00,J4,647,691,1338
2019-11-11T06:15:00+09:00,J5,328,313,641
2019-11-11T06:30:00+09:00,J1,506,546,1052
2019-11-11T06:30:00+09:00,J2,267,281,548
2019-11-11T06:30:00+09:00,J3,637,575,1212
2019-11-11T06:30:00+09:00,J4,684,671,1355
2019-11-11T06:30:00+09:00,J5,362,367,729
2019-11-11T06:45:00+09:00,J1,567,558,1125
2019-11-11T06:45:00+09:00,J2,301,317,618
2019-11-11T06:45:00+09:00,J3,655,536,1191
2019-11-11T06:45:00+09:00,J4,767,788,1555
2019-11-11T06:45:00+09:00,J5,435,397,832
2019-11-11T07:00:00+09:00,J1,661,641,1302
2019-11-11T07:00:00+09:00,J2,320,337,657
2019-11-11T07:00:00+09:00,J3,686,679,1365
2019-11-11T07:00:00+09:00,J4,913,870,1783
2019-11-11T07:00:00+09:00,J5,468,493,961
2019-11-11T07:15:00+09:00,J1,703,700,1403
2019-11-11T07:15:00+09:00,J2,378,354,732
2019-11-11T07:15:00+09:00,J3,723,726,1449
2019-11-11T07:15:00+09:00,J4,992,930,1922
2019-11-11T07:15:00+09:00,J5,482,579,1061
2019-11-11T07:30:00+09:00,J1,763,748,1511
2019-11-11T07:30:00+09:00,J2,397,356,753
2019-11-11T07:30:00+09:00,J3,639,746,1385
2019-11-11T07:30:00+09:00,J4,1010,1088,2098
2019-11-11T07:30:00+09:00,J5,600,659,1259
2019-11-11T07:45:00+09:00,J1,927,812,1739
2019-11-11T07:45:00+09:00,J2,422,377,799
2019-11-11T07:45:00+09:00,J3,693,725,1418
2019-11-11T07:45:00+09:00,J4,1043,1102,2145
2019-11-11T07:45:00+09:00,J5,674,633,1307
2019-11-11T08:00:00+09:00,J1,1153,1009,2162
2019-11-11T08:00:00+09:00,J2,761,451,1212
2019-11-11T08:00:00+09:00,J3,845,1018,1863
2019-11-11T08:00:00+09:00,J4,1140,1288,2428
2019-11-11T08:00:00+09:00,J5,638,619,1257
2019-11-11T08:15:00+09:00,J1,1183,1021,2204
2019-11-11T08:15:00+09:00,J2,973,549,1522
2019-11-11T08:15:00+09:00,J3,864,1231,2095
2019-11-11T08:15:00+09:00,J4,1076,1305,2381
2019-11-11T08:15:00+09:00,J5,610,597,1207
2019-11-11T08:30:00+09:00,J1,1187,913,2100
2019-11-11T08:30:00+09:00,J2,947,575,1522
2019-11-11T08:30:00+09:00,J3,786,1178,1964
2019-11-11T08:30:00+09:00,J4,987,1214,2201
2019-11-11T08:30:00+09:00,J5,562,651,1213
2019-11-11T08:45:00+09:00,J1,1022,769,1791
2019-11-11T08:45:00+09:00,J2,729,421,1150
2019-11-11T08:45:00+09:00,J3,939,1122,2061
2019-11-11T08:45:00+09:00,J4,960,1081,2041
2019-11-11T08:45:00+09:00,J5,468,520,988
2019-11-11T09:00:00+09:00,J1,890,682,1572
2019-11-11T09:00:00+09:00,J2,501,318,819
2019-11-11T09:00:00+09:00,J3,864,915,1779
2019-11-11T09:00:00+09:00,J4,862,896,1758
2019-11-11T09:00:00+09:00,J5,409,437,846
2019-11-11T09:15:00+09:00,J1,823,631,1454
2019-11-11T09:15:00+09:00,J2,506,465,971
2019-11-11T09:15:00+09:00,J3,800,744,1544
2019-11-11T09:15:00+09:00,J4,723,800,1523
2019-11-11T09:15:00+09:00,J5,442,474,916
2019-11-11T09:30:00+09:00,J1,844,756,1600
2019-11-11T09:30:00+09:00,J2,600,521,1121
2019-11-11T09:30:00+09:00,J3,810,769,1579
2019-11-11T09:30:00+09:00,J4,703,796,1499
2019-11-11T09:30:00+09:00,J5,458,503,961
2019-11-11T09:45:00+09:00,J1,715,677,1392
2019-11-11T09:45:00+09:00,J2,587,585,1172
2019-11-11T09:45:00+09:00,J3,798,821,1619
2019-11-11T09:45:00+09:00,J4,633,649,1282
2019-11-11T09:45:00+09:00,J5,438,487,925
2019-11-11T10:00:00+09:00,J1,653,709,1362
2019-11-11T10:00:00+09:00,J2,588,498,1086
2019-11-11T10:00:00+09:00,J3,746,774,1520
2019-11-11T10:00:00+09:00,J4,638,675,1313
2019-11-11T10:00:00+09:00,J5,487,572,1059
2019-11-11T10:15:00+09:00,J1,796,619,1415
2019-11-11T10:15:00+09:00,J2,611,540,1151
2019-11-11T10:15:00+09:00,J3,850,757,1607
2019-11-11T10:15:00+09:00,J4,676,705,1381
2019-11-11T10:15:00+09:00,J5,505,535,1040
2019-11-11T10:30:00+09:00,J1,733,691,1424
2019-11-11T10:30:00+09:00,J2,560,530,1090
2019-11-11T10:30:00+09:00,J3,874,797,1671
2019-11-11T10:30:00+09:00,J4,682,754,1436
2019-11-11T10:30:00+09:00,J5,523,535,1058
2019-11-11T10:45:00+09:00,J1,711,660,1371
2019-11-11T10:45:00+09:00,J2,513,580,1093
2019-11-11T10:45:00+09:00,J3,894,859,1753
2019-11-11T10:45:00+09:00,J4,651,669,1320
2019-11-11T10:45:00+09:00,J5,488,494,982
2019-11-11T11:00:00+09:00,J1,795,697,1492
2019-11-11T11:00:00+09:00,J2,512,577,1089
2019-11-11T11:00:00+09:00,J3,948,839,1787
2019-11-11T11:00:00+09:00,J4,530,649,1179
2019-11-11T11:00:00+09:00,J5,448,480,928
2019-11-11T11:15:00+09:00,J1,852,839,1691
2019-11-11T11:15:00+09:00,J2,543,579,1122
2019-11-11T11:15:00+09:00,J3,773,805,1578
2019-11-11T11:15:00+09:00,J4,605,684,1289
2019-11-11T11:15:00+09:00,J5,414,416,830
2019-11-11T11:30:00+09:00,J1,893,781,1674
2019-11-11T11:30:00+09:00,J2,459,558,1017
2019-11-11T11:30:00+09:00,J3,771,764,1535
2019-11-11T11:30:00+09:00,J4,651,695,1346
2019-11-11T11:30:00+09:00,J5,318,349,667
2019-11-11T11:45:00+09:00,J1,880,851,1731
2019-11-11T11:45:00+09:00,J2,502,557,1059
2019-11-11T11:45:00+09:00,J3,758,728,1486
2019-11-11T11:45:00+09:00,J4,585,618,1203
2019-11-11T11:45:00+09:00,J5,319,341,660
2019-11-11T12:00:00+09:00,J1,864,806,1670
2019-11-11T12:00:00+09:00,J2,531,575,1106
2019-11-11T12:00:00+09:00,J3,800,778,1578
2019-11-11T12:00:00+09:00,J4,650,669,1319
2019-11-11T12:00:00+09:00,J5,296,332,628
2019-11-11T12:15:00+09:00,J1,855,782,1637
2019-11-11T12:15:00+09:00,J2,561,580,1141
2019-11-11T12:15:00+09:00,J3,685,683,1368
2019-11-11T12:15:00+09:00,J4,766,855,1621
2019-11-11T12:15:00+09:00,J5,399,353,752
2019-11-11T12:30:00+09:00,J1,779,762,1541
2019-11-11T12:30:00+09:00,J2,537,606,1143
2019-11-11T12:30:00+09:00,J3,811,822,1633
2019-11-11T12:30:00+09:00,J4,757,833,1590
2019-11-11T12:30:00+09:00,J5,442,461,903
2019-11-11T12:45:00+09:00,J1,747,659,1406
2019-11-11T12:45:00+09:00,J2,551,533,1084
2019-11-11T12:45:00+09:00,J3,790,810,1600
2019-11-11T12:45:00+09:00,J4,823,828,1651
2019-11-11T12:45:00+09:00,J5,493,536,1029
2019-11-11T13:00:00+09:00,J1,653,692,1345
2019-11-11T13:00:00+09:00,J2,493,534,1027
2019-11-11T13:00:00+09:00,J3,764,743,1507
2019-11-11T13:00:00+09:00,J4,888,866,1754
2019-11-11T13:00:00+09:00,J5,481,526,1007
2019-11-11T13:15:00+09:00,J1,645,678,1323
2019-11-11T13:15:00+09:00,J2,514,615,1129
2019-11-11T13:15:00+09:00,J3,790,747,1537
2019-11-11T13:15:00+09:00,J4,908,913,1821
2019-11-11T13:15:00+09:00,J5,511,547,1058
2019-11-11T13:30:00+09:00,J1,746,754,1500
2019-11-11T13:30:00+09:00,J2,479,597,1076
2019-11-11T13:30:00+09:00,J3,718,703,1421
2019-11-11T13:30:00+09:00,J4,841,899,1740
2019-11-11T13:30:00+09:00,J5,487,478,965
2019-11-11T13:45:00+09:00,J1,783,767,1550
2019-11-11T13:45:00+09:00,J2,479,602,1081
2019-11-11T13:45:00+09:00,J3,710,741,1451
2019-11-11T13:45:00+09:00,J4,827,933,1760
2019-11-11T13:45:00+09:00,J5,299,314,613
2019-11-11T14:00:00+09:00,J1,803,736,1539
2019-11-11T14:00:00+09:00,J2,490,567,1057
2019-11-11T14:00:00+09:00,J3,763,686,1449
2019-11-11T14:00:00+09:00,J4,864,816,1680
2019-11-11T14:00:00+09:00,J5,351,391,742
2019-11-11T14:15:00+09:00,J1,734,840,1574
2019-11-11T14:15:00+09:00,J2,552,501,1053
2019-11-11T14:15:00+09:00,J3,851,792,1643
2019-11-11T14:15:00+09:00,J4,851,785,1636
2019-11-11T14:15:00+09:00,J5,408,406,814
2019-11-11T14:30:00+09:00,J1,721,778,1499
2019-11-11T14:30:00+09:00,J2,505,573,1078
2019-11-11T14:30:00+09:00,J3,823,826,1649
2019-11-11T14:30:00+09:00,J4,815,759,1574
2019-11-11T14:30:00+09:00,J5,436,481,917
2019-11-11T14:45:00+09:00,J1,752,717,1469
2019-11-11T14:45:00+09:00,J2,475,529,1004
2019-11-11T14:45:00+09:00,J3,796,744,1540
2019-11-11T14:45:00+09:00,J4,836,761,1597
2019-11-11T14:45:00+09:00,J5,486,513,999
2019-11-11T15:00:00+09:00,J1,752,766,1518
2019-11-11T15:00:00+09:00,J2,475,612,1087
2019-11-11T15:00:00+09:00,J3,701,769,1470
2019-11-11T15:00:00+09:00,J4,817,845,1662
2019-11-11T15:00:00+09:00,J5,522,551,1073
2019-11-11T15:15:00+09:00,J1,786,769,1555
2019-11-11T15:15:00+09:00,J2,480,629,1109
2019-11-11T15:15:00+09:00,J3,733,750,1483
2019-11-11T15:15:00+09:00,J4,812,885,1697
2019-11-11T15:15:00+09:00,J5,477,486,963
2019-11-11T15:30:00+09:00,J1,838,896,1734
2019-11-11T15:30:00+09:00,J2,482,537,1019
2019-11-11T15:30:00+09:00,J3,720,722,1442
2019-11-11T15:30:00+09:00,J4,810,770,1580
2019-11-11T15:30:00+09:00,J5,457,436,893
2019-11-11T15:45:00+09:00,J1,695,923,1618
2019-11-11T15:45:00+09:00,J2,433,512,945
2019-11-11T15:45:00+09:00,J3,654,738,1392
2019-11-11T15:45:00+09:00,J4,842,824,1666
2019-11-11T15:45:00+09:00,J5,501,514,1015
2019-11-11T16:00:00+09:00,J1,777,837,1614
2019-11-11T16:00:00+09:00,J2,490,504,994
2019-11-11T16:00:00+09:00,J3,740,769,1509
2019-11-11T16:00:00+09:00,J4,822,833,1655
2019-11-11T16:00:00+09:00,J5,504,537,1041
2019-11-11T16:15:00+09:00,J1,793,905,1698
2019-11-11T16:15:00+09:00,J2,509,597,1106
2019-11-11T16:15:00+09:00,J3,675,733,1408
2019-11-11T16:15:00+09:00,J4,840,809,1649
2019-11-11T16:15:00+09:00,J5,487,502,989
2019-11-11T16:30:00+09:00,J1,791,968,1759
2019-11-11T16:30:00+09:00,J2,505,523,1028
2019-11-11T16:30:00+09:00,J3,778,717,1495
2019-11-11T16:30:00+09:00,J4,839,864,1703
2019-11-11T16:30:00+09:00,J5,472,504,976
2019-11-11T16:45:00+09:00,J1,754,887,1641
2019-11-11T16:45:00+09:00,J2,530,592,1122
2019-11-11T16:45:00+09:00,J3,798,801,1599
2019-11-11T16:45:00+09:00,J4,865,826,1691
2019-11-11T16:45:00+09:00,J5,494,544,1038
2019-11-11T17:00:00+09:00,J1,879,1008,1887
2019-11-11T17:00:00+09:00,J2,535,640,1175
2019-11-11T17:00:00+09:00,J3,905,803,1708
2019-11-11T17:00:00+09:00,J4,948,926,1874
2019-11-11T17:00:00+09:00,J5,471,548,1019
2019-11-11T17:15:00+09:00,J1,944,1067,2011
2019-11-11T17:15:00+09:00,J2,624,690,1314
2019-11-11T17:15:00+09:00,J3,1000,982,1982
2019-11-11T17:15:00+09:00,J4,914,840,1754
2019-11-11T17:15:00+09:00,J5,491,481,972
2019-11-11T17:30:00+09:00,J1,991,1085,2076
2019-11-11T17:30:00+09:00,J2,784,823,1607
2019-11-11T17:30:00+09:00,J3,1092,1045,2137
2019-11-11T17:30:00+09:00,J4,1011,912,1923
2019-11-11T17:30:00+09:00,J5,458,587,1045
2019-11-11T17:45:00+09:00,J1,1012,1100,2112
2019-11-11T17:45:00+09:00,J2,838,837,1675
2019-11-11T17:45:00+09:00,J3,1205,1032,2237
2019-11-11T17:45:00+09:00,J4,1097,887,1984
2019-11-11T17:45:00+09:00,J5,437,552,989
2019-11-11T18:00:00+09:00,J1,965,1171,2136
2019-11-11T18:00:00+09:00,J2,855,885,1740
2019-11-11T18:00:00+09:00,J3,1295,1066,2361
2019-11-11T18:00:00+09:00,J4,1044,850,1894
2019-11-11T18:00:00+09:00,J5,484,575,1059
2019-11-11T18:15:00+09:00,J1,929,1060,1989
2019-11-11T18:15:00+09:00,J2,960,868,1828
2019-11-11T18:15:00+09:00,J3,1249,1030,2279
2019-11-11T18:15:00+09:00,J4,1140,860,2000
2019-11-11T18:15:00+09:00,J5,455,503,958
2019-11-11T18:30:00+09:00,J1,873,926,1799
2019-11-11T18:30:00+09:00,J2,800,829,1629
2019-11-11T18:30:00+09:00,J3,1099,929,2028
2019-11-11T18:30:00+09:00,J4,1103,987,2090
2019-11-11T18:30:00+09:00,J5,440,489,929
2019-11-11T18:45:00+09:00,J1,895,911,1806
2019-11-11T18:45:00+09:00,J2,747,640,1387
2019-11-11T18:45:00+09:00,J3,917,781,1698
2019-11-11T18:45:00+09:00,J4,1048,878,1926
2019-11-11T18:45:00+09:00,J5,369,417,786
2019-11-11T19:00:00+09:00,J1,721,823,1544
2019-11-11T19:00:00+09:00,J2,794,703,1497
2019-11-11T19:00:00+09:00,J3,1006,838,1844
2019-11-11T19:00:00+09:00,J4,1092,909,2001
2019-11-11T19:00:00+09:00,J5,366,413,779
2019-11-11T19:15:00+09:00,J1,757,858,1615
2019-11-11T19:15:00+09:00,J2,799,734,1533
2019-11-11T19:15:00+09:00,J3,936,798,1734
2019-11-11T19:15:00+09:00,J4,1068,949,2017
2019-11-11T19:15:00+09:00,J5,375,437,812
2019-11-11T19:30:00+09:00,J1,681,888,1569
2019-11-11T19:30:00+09:00,J2,759,735,1494
2019-11-11T19:30:00+09:00,J3,838,645,1483
2019-11-11T19:30:00+09:00,J4,1043,967,2010
2019-11-11T19:30:00+09:00,J5,352,376,728
2019-11-11T19:45:00+09:00,J1,677,830,1507
2019-11-11T19:45:00+09:00,J2,673,645,1318
2019-11-11T19:45:00+09:00,J3,788,601,1389
2019-11-11T19:45:00+09:00,J4,975,998,1973
2019-11-11T19:45:00+09:00,J5,325,348,673
2019-11-11T20:00:00+09:00,J1,670,875,1545
2019-11-11T20:00:00+09:00,J2,717,728,1445
2019-11-11T20:00:00+09:00,J3,859,675,1534
2019-11-11T20:00:00+09:00,J4,1061,927,1988
2019-11-11T20:00:00+09:00,J5,382,352,734
2019-11-11T20:15:00+09:00,J1,692,806,1498
2019-11-11T20:15:00+09:00,J2,803,661,1464
2019-11-11T20:15:00+09:00,J3,913,661,1574
2019-11-11T20:15:00+09:00,J4,1046,977,2023
2019-11-11T20:15:00+09:00,J5,344,383,727
2019-11-11T20:30:00+09:00,J1,677,708,1385
2019-11-11T20:30:00+09:00,J2,875,640,1515
2019-11-11T20:30:00+09:00,J3,786,652,1438
2019-11-11T20:30:00+09:00,J4,952,824,1776
2019-11-11T20:30:00+09:00,J5,304,318,622
2019-11-11T20:45:00+09:00,J1,640,668,1308
2019-11-11T20:45:00+09:00,J2,715,578,1293
2019-11-11T20:45:00+09:00,J3,710,682,1392
2019-11-11T20:45:00+09:00,J4,714,725,1439
2019-11-11T20:45:00+09:00,J5,311,300,611
2019-11-11T21:00:00+09:00,J1,633,704,1337
2019-11-11T21:00:00+09:00,J2,694,604,1298
2019-11-11T21:00:00+09:00,J3,640,592,1232
2019-11-11T21:00:00+09:00,J4,828,789,1617
2019-11-11T21:00:00+09:00,J5,315,338,653
2019-11-11T21:15:00+09:00,J1,709,768,1477
2019-11-11T21:15:00+09:00,J2,715,593,1308
2019-11-11T21:15:00+09:00,J3,615,613,1228
2019-11-11T21:15:00+09:00,J4,879,819,1698
2019-11-11T21:15:00+09:00,J5,287,325,612
2019-11-11T21:30:00+09:00,J1,645,726,1371
2019-11-11T21:30:00+09:00,J2,639,548,1187
2019-11-11T21:30:00+09:00,J3,555,556,1111
2019-11-11T21:30:00+09:00,J4,732,842,1574
2019-11-11T21:30:00+09:00,J5,343,338,681
2019-11-11T21:45:00+09:00,J1,683,716,1399
2019-11-11T21:45:00+09:00,J2,504,496,1000
2019-11-11T21:45:00+09:00,J3,511,518,1029
2019-11-11T21:45:00+09:00,J4,777,717,1494
2019-11-11T21:45:00+09:00,J5,328,338,666
2019-11-11T22:00:00+09:00,J1,671,658,1329
2019-11-11T22:00:00+09:00,J2,429,414,843
2019-11-11T22:00:00+09:00,J3,662,652,1314
2019-11-11T22:00:00+09:00,J4,784,775,1559
2019-11-11T22:00:00+09:00,J5,322,303,625
2019-11-11T22:15:00+09:00,J1,642,640,1282
2019-11-11T22:15:00+09:00,J2,403,444,847
2019-11-11T22:15:00+09:00,J3,633,546,1179
2019-11-11T22:15:00+09:00,J4,782,824,1606
2019-11-11T22:15:00+09:00,J5,348,348,696
2019-11-11T22:30:00+09:00,J1,608,645,1253
2019-11-11T22:30:00+09:00,J2,447,411,858
2019-11-11T22:30:00+09:00,J3,557,564,1121
2019-11-11T22:30:00+09:00,J4,763,824,1587
2019-11-11T22:30:00+09:00,J5,378,405,783
2019-11-11T22:45:00+09:00,J1,648,607,1255
2019-11-11T22:45:00+09:00,J2,364,353,717
2019-11-11T22:45:00+09:00,J3,667,556,1223
2019-11-11T22:45:00+09:00,J4,669,721,1390
2019-11-11T22:45:00+09:00,J5,411,441,852
2019-11-11T23:00:00+09:00,J1,547,584,1131
2019-11-11T23:00:00+09:00,J2,311,352,663
2019-11-11T23:00:00+09:00,J3,611,587,1198
2019-11-11T23:00:00+09:00,J4,631,657,1288
2019-11-11T23:00:00+09:00,J5,424,478,902
2019-11-11T23:15:00+09:00,J1,556,586,1142
2019-11-11T23:15:00+09:00,J2,312,368,680
2019-11-11T23:15:00+09:00,J3,619,570,1189
2019-11-11T23:15:00+09:00,J4,589,698,1287
2019-11-11T23:15:00+09:00,J5,405,524,929
2019-11-11T23:30:00+09:00,J1,514,555,1069
2019-11-11T23:30:00+09:00,J2,269,317,586
2019-11-11T23:30:00+09:00,J3,599,553,1152
2019-11-11T23:30:00+09:00,J4,634,613,1247
2019-11-11T23:30:00+09:00,J5,407,426,833
2019-11-11T23:45:00+09:00,J1,492,548,1040
2019-11-11T23:45:00+09:00,J2,271,237,508
2019-11-11T23:45:00+09:00,J3,504,454,958
2019-11-11T23:45:00+09:00,J4,461,505,966
2019-11-11T23:45:00+09:00,J5,414,492,906
2019-11-12T00:00:00+09:00,J1,443,406,849
2019-11-12T00:00:00+09:00,J2,263,274,537
2019-11-12T00:00:00+09:00,J3,574,478,1052
2019-11-12T00:00:00+09:00,J4,448,472,920
2019-11-12T00:00:00+09:00,J5,397,464,861
2019-11-12T00:15:00+09:00,J1,344,296,640
2019-11-12T00:15:00+09:00,J2,283,308,591
2019-11-12T00:15:00+09:00,J3,628,564,1192
2019-11-12T00:15:00+09:00,J4,388,370,758
2019-11-12T00:15:00+09:00,J5,359,376,735
2019-11-12T00:30:00+09:00,J1,222,247,469
2019-11-12T00:30:00+09:00,J2,321,256,577
2019-11-12T00:30:00+09:00,J3,591,514,1105
2019-11-12T00:30:00+09:00,J4,285,366,651
2019-11-12T00:30:00+09:00,J5,304,320,624
2019-11-12T00:45:00+09:00,J1,269,258,527
2019-11-12T00:45:00+09:00,J2,269,287,556
2019-11-12T00:45:00+09:00,J3,539,526,1065
2019-11-12T00:45:00+09:00,J4,352,340,692
2019-11-12T00:45:00+09:00,J5,293,303,596
2019-11-12T05:45:00+09:00,J1,391,383,774
2019-11-12T05:45:00+09:00,J2,259,367,626
2019-11-12T05:45:00+09:00,J3,478,442,920
2019-11-12T05:45:00+09:00,J4,367,422,789
2019-11-12T05:45:00+09:00,J5,269,260,529
2019-11-12T06:00:00+09:00,J1,339,378,717
2019-11-12T06:00:00+09:00,J2,305,387,692
2019-11-12T06:00:00+09:00,J3,571,516,1087
2019-11-12T06:00:00+09:00,J4,366,459,825
2019-11-12T06:00:00+09:00,J5,283,256,539
2019-11-12T06:15:00+09:00,J1,431,377,808
2019-11-12T06:15:00+09:00,J2,276,362,638
2019-11-12T06:15:00+09:00,J3,620,583,1203
2019-11-12T06:15:00+09:00,J4,443,477,920
2019-11-12T06:15:00+09:00,J5,356,346,702
2019-11-12T06:30:00+09:00,J1,457,423,880
2019-11-12T06:30:00+09:00,J2,312,342,654
2019-11-12T06:30:00+09:00,J3,534,476,1010
2019-11-12T06:30:00+09:00,J4,414,539,953
2019-11-12T06:30:00+09:00,J5,404,420,824
2019-11-12T06:45:00+09:00,J1,475,439,914
2019-11-12T06:45:00+09:00,J2,346,361,707
2019-11-12T06:45:00+09:00,J3,642,562,1204
2019-11-12T06:45:00+09:00,J4,519,609,1128
2019-11-12T06:45:00+09:00,J5,438,462,900
2019-11-12T07:00:00+09:00,J1,515,510,1025
2019-11-12T07:00:00+09:00,J2,333,323,656
2019-11-12T07:00:00+09:00,J3,661,615,1276
2019-11-12T07:00:00+09:00,J4,545,671,1216
2019-11-12T07:00:00+09:00,J5,499,571,1070
2019-11-12T07:15:00+09:00,J1,633,530,1163
2019-11-12T07:15:00+09:00,J2,367,291,658
2019-11-12T07:15:00+09:00,J3,680,689,1369
2019-11-12T07:15:00+09:00,J4,597,736,1333
2019-11-12T07:15:00+09:00,J5,580,511,1091
2019-11-12T07:30:00+09:00,J1,693,614,1307
2019-11-12T07:30:00+09:00,J2,433,347,780
2019-11-12T07:30:00+09:00,J3,601,656,1257
2019-11-12T07:30:00+09:00,J4,668,842,1510
2019-11-12T07:30:00+09:00,J5,467,438,905
2019-11-12T07:45:00+09:00,J1,818,755,1573
2019-11-12T07:45:00+09:00,J2,640,447,1087
2019-11-12T07:45:00+09:00,J3,808,827,1635
2019-11-12T07:45:00+09:00,J4,694,936,1630
2019-11-12T07:45:00+09:00,J5,449,410,859
2019-11-12T08:00:00+09:00,J1,1142,930,2072
2019-11-12T08:00:00+09:00,J2,943,618,1561
2019-11-12T08:00:00+09:00,J3,1018,1106,2124
2019-11-12T08:00:00+09:00,J4,737,1088,1825
2019-11-12T08:00:00+09:00,J5,505,493,998
2019-11-12T08:15:00+09:00,J1,1218,965,2183
2019-11-12T08:15:00+09:00,J2,1126,698,1824
2019-11-12T08:15:00+09:00,J3,1127,1325,2452
2019-11-12T08:15:00+09:00,J4,872,1281,2153
2019-11-12T08:15:00+09:00,J5,555,507,1062
2019-11-12T08:30:00+09:00,J1,1200,1004,2204
2019-11-12T08:30:00+09:00,J2,1098,683,1781
2019-11-12T08:30:00+09:00,J3,1014,1209,2223
2019-11-12T08:30:00+09:00,J4,901,1339,2240
2019-11-12T08:30:00+09:00,J5,506,537,1043
2019-11-12T08:45:00+09:00,J1,1015,944,1959
2019-11-12T08:45:00+09:00,J2,884,511,1395
2019-11-12T08:45:00+09:00,J3,857,980,1837
2019-11-12T08:45:00+09:00,J4,751,1154,1905
2019-11-12T08:45:00+09:00,J5,484,560,1044
2019-11-12T09:00:00+09:00,J1,947,895,1842
2019-11-12T09:00:00+09:00,J2,742,595,1337
2019-11-12T09:00:00+09:00,J3,868,819,1687
2019-11-12T09:00:00+09:00,J4,596,852,1448
2019-11-12T09:00:00+09:00,J5,665,624,1289
2019-11-12T09:15:00+09:00,J1,850,761,1611
2019-11-12T09:15:00+09:00,J2,551,336,887
2019-11-12T09:15:00+09:00,J3,875,809,1684
2019-11-12T09:15:00+09:00,J4,706,845,1551
2019-11-12T09:15:00+09:00,J5,526,590,1116
2019-11-12T09:30:00+09:00,J1,794,757,1551
2019-11-12T09:30:00+09:00,J2,545,423,968
2019-11-12T09:30:00+09:00,J3,868,827,1695
2019-11-12T09:30:00+09:00,J4,739,824,1563
2019-11-12T09:30:00+09:00,J5,558,522,1080
2019-11-12T09:45:00+09:00,J1,734,690,1424
2019-11-12T09:45:00+09:00,J2,475,425,900
2019-11-12T09:45:00+09:00,J3,826,898,1724
2019-11-12T09:45:00+09:00,J4,654,732,1386
2019-11-12T09:45:00+09:00,J5,458,398,856
2019-11-12T10:00:00+09:00,J1,682,689,1371
2019-11-12T10:00:00+09:00,J2,462,424,886
2019-11-12T10:00:00+09:00,J3,835,756,1591
2019-11-12T10:00:00+09:00,J4,625,698,1323
2019-11-12T10:00:00+09:00,J5,440,421,861
2019-11-12T10:15:00+09:00,J1,719,748,1467
2019-11-12T10:15:00+09:00,J2,510,442,952
2019-11-12T10:15:00+09:00,J3,855,832,1687
2019-11-12T10:15:00+09:00,J4,604,739,1343
2019-11-12T10:15:00+09:00,J5,440,412,852
2019-11-12T10:30:00+09:00,J1,759,733,1492
2019-11-12T10:30:00+09:00,J2,486,444,930
2019-11-12T10:30:00+09:00,J3,915,868,1783
2019-11-12T10:30:00+09:00,J4,633,744,1377
2019-11-12T10:30:00+09:00,J5,439,456,895
2019-11-12T10:45:00+09:00,J1,755,702,1457
2019-11-12T10:45:00+09:00,J2,446,435,881
2019-11-12T10:45:00+09:00,J3,848,828,1676
2019-11-12T10:45:00+09:00,J4,659,737,1396
2019-11-12T10:45:00+09:00,J5,340,344,684
2019-11-12T11:00:00+09:00,J1,738,759,1497
2019-11-12T11:00:00+09:00,J2,458,434,892
2019-11-12T11:00:00+09:00,J3,895,891,1786
2019-11-12T11:00:00+09:00,J4,706,755,1461
2019-11-12T11:00:00+09:00,J5,310,318,628
2019-11-12T11:15:00+09:00,J1,910,927,1837
2019-11-12T11:15:00+09:00,J2,509,499,1008
2019-11-12T11:15:00+09:00,J3,887,841,1728
2019-11-12T11:15:00+09:00,J4,681,760,1441
2019-11-12T11:15:00+09:00,J5,377,338,715
2019-11-12T11:30:00+09:00,J1,805,901,1706
2019-11-12T11:30:00+09:00,J2,473,495,968
2019-11-12T11:30:00+09:00,J3,823,844,1667
2019-11-12T11:30:00+09:00,J4,698,737,1435
2019-11-12T11:30:00+09:00,J5,340,338,678
2019-11-12T11:45:00+09:00,J1,812,884,1696
2019-11-12T11:45:00+09:00,J2,444,537,981
2019-11-12T11:45:00+09:00,J3,848,927,1775
2019-11-12T11:45:00+09:00,J4,747,789,1536
2019-11-12T11:45:00+09:00,J5,327,324,651
2019-11-12T12:00:00+09:00,J1,830,932,1762
2019-11-12T12:00:00+09:00,J2,479,601,1080
2019-11-12T12:00:00+09:00,J3,975,1041,2016
2019-11-12T12:00:00+09:00,J4,744,797,1541
2019-11-12T12:00:00+09:00,J5,359,360,719
2019-11-12T12:15:00+09:00,J1,776,836,1612
2019-11-12T12:15:00+09:00,J2,567,551,1118
2019-11-12T12:15:00+09:00,J3,844,859,1703
2019-11-12T12:15:00+09:00,J4,717,764,1481
2019-11-12T12:15:00+09:00,J5,337,343,680
2019-11-12T12:30:00+09:00,J1,792,839,1631
2019-11-12T12:30:00+09:00,J2,562,535,1097
2019-11-12T12:30:00+09:00,J3,750,795,1545
2019-11-12T12:30:00+09:00,J4,767,827,1594
2019-11-12T12:30:00+09:00,J5,441,410,851
2019-11-12T12:45:00+09:00,J1,813,867,1680
2019-11-12T12:45:00+09:00,J2,532,483,1015
2019-11-12T12:45:00+09:00,J3,753,759,1512
2019-11-12T12:45:00+09:00,J4,806,849,1655
2019-11-12T12:45:00+09:00,J5,415,392,807
2019-11-12T13:00:00+09:00,J1,726,824,1550
2019-11-12T13:00:00+09:00,J2,484,525,1009
2019-11-12T13:00:00+09:00,J3,779,764,1543
2019-11-12T13:00:00+09:00,J4,742,788,1530
2019-11-12T13:00:00+09:00,J5,388,427,815
2019-11-12T13:15:00+09:00,J1,747,903,1650
2019-11-12T13:15:00+09:00,J2,499,505,1004
2019-11-12T13:15:00+09:00,J3,742,793,1535
2019-11-12T13:15:00+09:00,J4,665,759,1424
2019-11-12T13:15:00+09:00,J5,428,404,832
2019-11-12T13:30:00+09:00,J1,748,805,1553
2019-11-12T13:30:00+09:00,J2,515,598,1113
2019-11-12T13:30:00+09:00,J3,694,801,1495
2019-11-12T13:30:00+09:00,J4,838,824,1662
2019-11-12T13:30:00+09:00,J5,449,415,864
2019-11-12T13:45:00+09:00,J1,805,858,1663
2019-11-12T13:45:00+09:00,J2,444,502,946
2019-11-12T13:45:00+09:00,J3,770,740,1510
2019-11-12T13:45:00+09:00,J4,764,896,1660
2019-11-12T13:45:00+09:00,J5,487,432,919
2019-11-12T14:00:00+09:00,J1,863,844,1707
2019-11-12T14:00:00+09:00,J2,447,506,953
2019-11-12T14:00:00+09:00,J3,754,698,1452
2019-11-12T14:00:00+09:00,J4,762,782,1544
2019-11-12T14:00:00+09:00,J5,567,448,1015
2019-11-12T14:15:00+09:00,J1,801,791,1592
2019-11-12T14:15:00+09:00,J2,482,514,996
2019-11-12T14:15:00+09:00,J3,761,746,1507
2019-11-12T14:15:00+09:00,J4,863,774,1637
2019-11-12T14:15:00+09:00,J5,538,481,1019
2019-11-12T14:30:00+09:00,J1,741,882,1623
2019-11-12T14:30:00+09:00,J2,519,592,1111
2019-11-12T14:30:00+09:00,J3,763,781,1544
2019-11-12T14:30:00+09:00,J4,850,881,1731
2019-11-12T14:30:00+09:00,J5,513,511,1024
2019-11-12T14:45:00+09:00,J1,762,813,1575
2019-11-12T14:45:00+09:00,J2,507,548,1055
2019-11-12T14:45:00+09:00,J3,750,787,1537
2019-11-12T14:45:00+09:00,J4,795,817,1612
2019-11-12T14:45:00+09:00,J5,543,532,1075
2019-11-12T15:00:00+09:00,J1,801,848,1649
2019-11-12T15:00:00+09:00,J2,495,610,1105
2019-11-12T15:00:00+09:00,J3,739,826,1565
2019-11-12T15:00:00+09:00,J4,808,778,1586
2019-11-12T15:00:00+09:00,J5,545,564,1109
2019-11-12T15:15:00+09:00,J1,863,998,1861
2019-11-12T15:15:00+09:00,J2,493,610,1103
2019-11-12T15:15:00+09:00,J3,690,761,1451
2019-11-12T15:15:00+09:00,J4,877,860,1737
2019-11-12T15:15:00+09:00,J5,562,552,1114
2019-11-12T15:30:00+09:00,J1,919,902,1821
2019-11-12T15:30:00+09:00,J2,513,587,1100
2019-11-12T15:30:00+09:00,J3,750,769,1519
2019-11-12T15:30:00+09:00,J4,839,832,1671
2019-11-12T15:30:00+09:00,J5,634,592,1226
2019-11-12T15:45:00+09:00,J1,893,919,1812
2019-11-12T15:45:00+09:00,J2,508,529,1037
2019-11-12T15:45:00+09:00,J3,713,709,1422
2019-11-12T15:45:00+09:00,J4,815,871,1686
2019-11-12T15:45:00+09:00,J5,597,552,1149
2019-11-12T16:00:00+09:00,J1,837,871,1708
2019-11-12T16:00:00+09:00,J2,540,587,1127
2019-11-12T16:00:00+09:00,J3,704,763,1467
2019-11-12T16:00:00+09:00,J4,797,887,1684
2019-11-12T16:00:00+09:00,J5,549,570,1119
2019-11-12T16:15:00+09:00,J1,805,852,1657
2019-11-12T16:15:00+09:00,J2,494,644,1138
2019-11-12T16:15:00+09:00,J3,755,740,1495
2019-11-12T16:15:00+09:00,J4,850,852,1702
2019-11-12T16:15:00+09:00,J5,657,550,1207
2019-11-12T16:30:00+09:00,J1,745,871,1616
2019-11-12T16:30:00+09:00,J2,518,611,1129
2019-11-12T16:30:00+09:00,J3,731,779,1510
2019-11-12T16:30:00+09:00,J4,835,813,1648
2019-11-12T16:30:00+09:00,J5,526,550,1076
2019-11-12T16:45:00+09:00,J1,731,833,1564
2019-11-12T16:45:00+09:00,J2,542,602,1144
2019-11-12T16:45:00+09:00,J3,802,796,1598
2019-11-12T16:45:00+09:00,J4,851,788,1639
2019-11-12T16:45:00+09:00,J5,582,612,1194
2019-11-12T17:00:00+09:00,J1,886,936,1822
2019-11-12T17:00:00+09:00,J2,529,658,1187
2019-11-12T17:00:00+09:00,J3,733,752,1485
2019-11-12T17:00:00+09:00,J4,829,821,1650
2019-11-12T17:00:00+09:00,J5,630,567,1197
2019-11-12T17:15:00+09:00,J1,930,986,1916
2019-11-12T17:15:00+09:00,J2,620,707,1327
2019-11-12T17:15:00+09:00,J3,919,760,1679
2019-11-12T17:15:00+09:00,J4,981,910,1891
2019-11-12T17:15:00+09:00,J5,555,525,1080
2019-11-12T17:30:00+09:00,J1,978,942,1920
2019-11-12T17:30:00+09:00,J2,703,765,1468
2019-11-12T17:30:00+09:00,J3,964,883,1847
2019-11-12T17:30:00+09:00,J4,1040,1013,2053
2019-11-12T17:30:00+09:00,J5,518,536,1054
2019-11-12T17:45:00+09:00,J1,868,1025,1893
2019-11-12T17:45:00+09:00,J2,646,811,1457
2019-11-12T17:45:00+09:00,J3,975,920,1895
2019-11-12T17:45:00+09:00,J4,984,928,1912
2019-11-12T17:45:00+09:00,J5,499,507,1006
2019-11-12T18:00:00+09:00,J1,910,1049,1959
2019-11-12T18:00:00+09:00,J2,654,732,1386
2019-11-12T18:00:00+09:00,J3,1162,944,2106
2019-11-12T18:00:00+09:00,J4,961,838,1799
2019-11-12T18:00:00+09:00,J5,464,557,1021
2019-11-12T18:15:00+09:00,J1,867,1037,1904
2019-11-12T18:15:00+09:00,J2,698,783,1481
2019-11-12T18:15:00+09:00,J3,1169,928,2097
2019-11-12T18:15:00+09:00,J4,921,637,1558
2019-11-12T18:15:00+09:00,J5,376,459,835
2019-11-12T18:30:00+09:00,J1,921,904,1825
2019-11-12T18:30:00+09:00,J2,614,713,1327
2019-11-12T18:30:00+09:00,J3,973,948,1921
2019-11-12T18:30:00+09:00,J4,903,731,1634
2019-11-12T18:30:00+09:00,J5,400,424,824
2019-11-12T18:45:00+09:00,J1,816,881,1697
2019-11-12T18:45:00+09:00,J2,554,679,1233
2019-11-12T18:45:00+09:00,J3,904,838,1742
2019-11-12T18:45:00+09:00,J4,804,699,1503
2019-11-12T18:45:00+09:00,J5,406,433,839
2019-11-12T19:00:00+09:00,J1,739,831,1570
2019-11-12T19:00:00+09:00,J2,486,536,1022
2019-11-12T19:00:00+09:00,J3,911,870,1781
2019-11-12T19:00:00+09:00,J4,804,782,1586
2019-11-12T19:00:00+09:00,J5,368,422,790
2019-11-12T19:15:00+09:00,J1,770,887,1657
2019-11-12T19:15:00+09:00,J2,509,577,1086
2019-11-12T19:15:00+09:00,J3,856,866,1722
2019-11-12T19:15:00+09:00,J4,870,825,1695
2019-11-12T19:15:00+09:00,J5,428,384,812
2019-11-12T19:30:00+09:00,J1,753,860,1613
2019-11-12T19:30:00+09:00,J2,584,538,1122
2019-11-12T19:30:00+09:00,J3,960,889,1849
2019-11-12T19:30:00+09:00,J4,773,701,1474
2019-11-12T19:30:00+09:00,J5,411,474,885
2019-11-12T19:45:00+09:00,J1,715,840,1555
2019-11-12T19:45:00+09:00,J2,559,496,1055
2019-11-12T19:45:00+09:00,J3,872,843,1715
2019-11-12T19:45:00+09:00,J4,794,776,1570
2019-11-12T19:45:00+09:00,J5,399,435,834
2019-11-12T20:00:00+09:00,J1,730,794,1524
2019-11-12T20:00:00+09:00,J2,529,558,1087
2019-11-12T20:00:00+09:00,J3,912,870,1782
2019-11-12T20:00:00+09:00,J4,888,765,1653
2019-11-12T20:00:00+09:00,J5,444,448,892
2019-11-12T20:15:00+09:00,J1,666,803,1469
2019-11-12T20:15:00+09:00,J2,540,526,1066
2019-11-12T20:15:00+09:00,J3,903,828,1731
2019-11-12T20:15:00+09:00,J4,923,806,1729
2019-11-12T20:15:00+09:00,J5,446,477,923
2019-11-12T20:30:00+09:00,J1,734,827,1561
2019-11-12T20:30:00+09:00,J2,471,465,936
2019-11-12T20:30:00+09:00,J3,889,841,1730
2019-11-12T20:30:00+09:00,J4,852,793,1645
2019-11-12T20:30:00+09:00,J5,383,451,834
2019-11-12T20:45:00+09:00,J1,685,733,1418
2019-11-12T20:45:00+09:00,J2,429,419,848
2019-11-12T20:45:00+09:00,J3,780,738,1518
2019-11-12T20:45:00+09:00,J4,933,781,1714
2019-11-12T20:45:00+09:00,J5,462,435,897
2019-11-12T21:00:00+09:00,J1,686,723,1409
2019-11-12T21:00:00+09:00,J2,505,493,998
2019-11-12T21:00:00+09:00,J3,772,687,1459
2019-11-12T21:00:00+09:00,J4,866,844,1710
2019-11-12T21:00:00+09:00,J5,458,459,917
2019-11-12T21:15:00+09:00,J1,661,829,1490
2019-11-12T21:15:00+09:00,J2,470,526,996
2019-11-12T21:15:00+09:00,J3,706,683,1389
2019-11-12T21:15:00+09:00,J4,848,753,1601
2019-11-12T21:15:00+09:00,J5,453,408,861
2019-11-12T21:30:00+09:00,J1,689,735,1424
2019-11-12T21:30:00+09:00,J2,417,419,836
2019-11-12T21:30:00+09:00,J3,726,646,1372
2019-11-12T21:30:00+09:00,J4,786,726,1512
2019-11-12T21:30:00+09:00,J5,421,424,845
2019-11-12T21:45:00+09:00,J1,638,733,1371
2019-11-12T21:45:00+09:00,J2,366,392,758
2019-11-12T21:45:00+09:00,J3,719,665,1384
2019-11-12T21:45:00+09:00,J4,822,801,1623
2019-11-12T21:45:00+09:00,J5,481,479,960
2019-11-12T22:00:00+09:00,J1,671,744,1415
2019-11-12T22:00:00+09:00,J2,325,376,701
2019-11-12T22:00:00+09:00,J3,663,623,1286
2019-11-12T22:00:00+09:00,J4,748,799,1547
2019-11-12T22:00:00+09:00,J5,542,432,974
2019-11-12T22:15:00+09:00,J1,558,602,1160
2019-11-12T22:15:00+09:00,J2,307,434,741
2019-11-12T22:15:00+09:00,J3,610,520,1130
2019-11-12T22:15:00+09:00,J4,725,784,1509
2019-11-12T22:15:00+09:00,J5,471,462,933
2019-11-12T22:30:00+09:00,J1,594,623,1217
2019-11-12T22:30:00+09:00,J2,317,413,730
2019-11-12T22:30:00+09:00,J3,647,643,1290
2019-11-12T22:30:00+09:00,J4,722,788,1510
2019-11-12T22:30:00+09:00,J5,448,481,929
2019-11-12T22:45:00+09:00,J1,616,627,1243
2019-11-12T22:45:00+09:00,J2,283,393,676
2019-11-12T22:45:00+09:00,J3,659,636,1295
2019-11-12T22:45:00+09:00,J4,662,696,1358
2019-11-12T22:45:00+09:00,J5,390,450,840
2019-11-12T23:00:00+09:00,J1,542,575,1117
2019-11-12T23:00:00+09:00,J2,285,370,655
2019-11-12T23:00:00+09:00,J3,616,604,1220
2019-11-12T23:00:00+09:00,J4,605,601,1206
2019-11-12T23:00:00+09:00,J5,331,423,754
2019-11-12T23:15:00+09:00,J1,448,525,973
2019-11-12T23:15:00+09:00,J2,284,361,645
2019-11-12T23:15:00+09:00,J3,606,560,1166
2019-11-12T23:15:00+09:00,J4,674,700,1374
2019-11-12T23:15:00+09:00,J5,356,384,740
2019-11-12T23:30:00+09:00,J1,436,471,907
2019-11-12T23:30:00+09:00,J2,244,324,568
2019-11-12T23:30:00+09:00,J3,536,515,1051
2019-11-12T23:30:00+09:00,J4,490,579,1069
2019-11-12T23:30:00+09:00,J5,356,397,753
2019-11-12T23:45:00+09:00,J1,473,487,960
2019-11-12T23:45:00+09:00,J2,232,241,473
2019-11-12T23:45:00+09:00,J3,576,432,1008
2019-11-12T23:45:00+09:00,J4,452,492,944
2019-11-12T23:45:00+09:00,J5,338,372,710
2019-11-13T00:00:00+09:00,J1,378,368,746
2019-11-13T00:00:00+09:00,J2,242,290,532
2019-11-13T00:00:00+09:00,J3,532,510,1042
2019-11-13T00:00:00+09:00,J4,431,450,881
2019-11-13T00:00:00+09:00,J5,376,341,717
2019-11-13T00:15:00+09:00,J1,284,271,555
2019-11-13T00:15:00+09:00,J2,227,266,493
2019-11-13T00:15:00+09:00,J3,496,474,970
2019-11-13T00:15:00+09:00,J4,314,319,633
2019-11-13T00:15:00+09:00,J5,346,291,637
2019-11-13T00:30:00+09:00,J1,245,277,522
2019-11-13T00:30:00+09:00,J2,210,268,478
2019-11-13T00:30:00+09:00,J3,449,439,888
2019-11-13T00:30:00+09:00,J4,267,263,530
2019-11-13T00:30:00+09:00,J5,339,308,647
2019-11-13T00:45:00+09:00,J1,294,267,561
2019-11-13T00:45:00+09:00,J2,244,292,536
2019-11-13T00:45:00+09:00,J3,451,431,882
2019-11-13T00:45:00+09:00,J4,360,342,702
2019-11-13T00:45:00+09:00,J5,309,290,599
2019-11-13T05:45:00+09:00,J1,360,373,733
2019-11-13T05:45:00+09:00,J2,269,380,649
2019-11-13T05:45:00+09:00,J3,422,463,885
2019-11-13T05:45:00+09:00,J4,468,523,991
2019-11-13T05:45:00+09:00,J5,315,289,604
2019-11-13T06:00:00+09:00,J1,444,416,860
2019-11-13T06:00:00+09:00,J2,232,310,542
2019-11-13T06:00:00+09:00,J3,520,544,1064
2019-11-13T06:00:00+09:00,J4,507,515,1022
2019-11-13T06:00:00+09:00,J5,377,295,672
2019-11-13T06:15:00+09:00,J1,561,500,1061
2019-11-13T06:15:00+09:00,J2,299,377,676
2019-11-13T06:15:00+09:00,J3,578,609,1187
2019-11-13T06:15:00+09:00,J4,629,702,1331
2019-11-13T06:15:00+09:00,J5,378,390,768
2019-11-13T06:30:00+09:00,J1,549,553,1102
2019-11-13T06:30:00+09:00,J2,280,327,607
2019-11-13T06:30:00+09:00,J3,495,549,1044
2019-11-13T06:30:00+09:00,J4,588,719,1307
2019-11-13T06:30:00+09:00,J5,365,426,791
2019-11-13T06:45:00+09:00,J1,624,605,1229
2019-11-13T06:45:00+09:00,J2,260,304,564
2019-11-13T06:45:00+09:00,J3,593,579,1172
2019-11-13T06:45:00+09:00,J4,714,728,1442
2019-11-13T06:45:00+09:00,J5,399,438,837
2019-11-13T07:00:00+09:00,J1,629,637,1266
2019-11-13T07:00:00+09:00,J2,318,331,649
2019-11-13T07:00:00+09:00,J3,634,598,1232
2019-11-13T07:00:00+09:00,J4,764,903,1667
2019-11-13T07:00:00+09:00,J5,495,577,1072
2019-11-13T07:15:00+09:00,J1,677,707,1384
2019-11-13T07:15:00+09:00,J2,324,311,635
2019-11-13T07:15:00+09:00,J3,696,581,1277
2019-11-13T07:15:00+09:00,J4,820,952,1772
2019-11-13T07:15:00+09:00,J5,557,645,1202
2019-11-13T07:30:00+09:00,J1,865,825,1690
2019-11-13T07:30:00+09:00,J2,302,271,573
2019-11-13T07:30:00+09:00,J3,657,680,1337
2019-11-13T07:30:00+09:00,J4,885,995,1880
2019-11-13T07:30:00+09:00,J5,649,659,1308
2019-11-13T07:45:00+09:00,J1,955,861,1816
2019-11-13T07:45:00+09:00,J2,310,245,555
2019-11-13T07:45:00+09:00,J3,649,742,1391
2019-11-13T07:45:00+09:00,J4,928,1080,2008
2019-11-13T07:45:00+09:00,J5,645,644,1289
2019-11-13T08:00:00+09:00,J1,1100,968,2068
2019-11-13T08:00:00+09:00,J2,472,347,819
2019-11-13T08:00:00+09:00,J3,834,955,1789
2019-11-13T08:00:00+09:00,J4,1029,1161,2190
2019-11-13T08:00:00+09:00,J5,656,708,1364
2019-11-13T08:15:00+09:00,J1,1225,877,2102
2019-11-13T08:15:00+09:00,J2,581,406,987
2019-11-13T08:15:00+09:00,J3,899,1081,1980
2019-11-13T08:15:00+09:00,J4,986,1192,2178
2019-11-13T08:15:00+09:00,J5,620,651,1271
2019-11-13T08:30:00+09:00,J1,1182,869,2051
2019-11-13T08:30:00+09:00,J2,789,641,1430
2019-11-13T08:30:00+09:00,J3,841,1140,1981
2019-11-13T08:30:00+09:00,J4,945,1096,2041
2019-11-13T08:30:00+09:00,J5,568,665,1233
2019-11-13T08:45:00+09:00,J1,1021,821,1842
2019-11-13T08:45:00+09:00,J2,786,568,1354
2019-11-13T08:45:00+09:00,J3,936,1060,1996
2019-11-13T08:45:00+09:00,J4,903,988,1891
2019-11-13T08:45:00+09:00,J5,446,527,973
2019-11-13T09:00:00+09:00,J1,954,837,1791
2019-11-13T09:00:00+09:00,J2,513,349,862
2019-11-13T09:00:00+09:00,J3,770,745,1515
2019-11-13T09:00:00+09:00,J4,857,867,1724
2019-11-13T09:00:00+09:00,J5,402,487,889
2019-11-13T09:15:00+09:00,J1,791,660,1451
2019-11-13T09:15:00+09:00,J2,492,385,877
2019-11-13T09:15:00+09:00,J3,790,728,1518
2019-11-13T09:15:00+09:00,J4,799,863,1662
2019-11-13T09:15:00+09:00,J5,456,497,953
2019-11-13T09:30:00+09:00,J1,733,658,1391
2019-11-13T09:30:00+09:00,J2,499,438,937
2019-11-13T09:30:00+09:00,J3,815,767,1582
2019-11-13T09:30:00+09:00,J4,851,963,1814
2019-11-13T09:30:00+09:00,J5,571,639,1210
2019-11-13T09:45:00+09:00,J1,707,567,1274
2019-11-13T09:45:00+09:00,J2,465,428,893
2019-11-13T09:45:00+09:00,J3,793,742,1535
2019-11-13T09:45:00+09:00,J4,711,767,1478
2019-11-13T09:45:00+09:00,J5,474,625,1099
2019-11-13T10:00:00+09:00,J1,687,603,1290
2019-11-13T10:00:00+09:00,J2,440,493,933
2019-11-13T10:00:00+09:00,J3,656,642,1298
2019-11-13T10:00:00+09:00,J4,649,653,1302
2019-11-13T10:00:00+09:00,J5,489,626,1115
2019-11-13T10:15:00+09:00,J1,531,513,1044
2019-11-13T10:15:00+09:00,J2,458,455,913
2019-11-13T10:15:00+09:00,J3,720,672,1392
2019-11-13T10:15:00+09:00,J4,556,689,1245
2019-11-13T10:15:00+09:00,J5,532,581,1113
2019-11-13T10:30:00+09:00,J1,665,552,1217
2019-11-13T10:30:00+09:00,J2,464,389,853
2019-11-13T10:30:00+09:00,J3,778,819,1597
2019-11-13T10:30:00+09:00,J4,591,677,1268
2019-11-13T10:30:00+09:00,J5,576,605,1181
2019-11-13T10:45:00+09:00,J1,566,575,1141
2019-11-13T10:45:00+09:00,J2,439,444,883
2019-11-13T10:45:00+09:00,J3,848,875,1723
2019-11-13T10:45:00+09:00,J4,657,681,1338
2019-11-13T10:45:00+09:00,J5,484,504,988
2019-11-13T11:00:00+09:00,J1,610,628,1238
2019-11-13T11:00:00+09:00,J2,432,442,874
2019-11-13T11:00:00+09:00,J3,835,815,1650
2019-11-13T11:00:00+09:00,J4,576,748,1324
2019-11-13T11:00:00+09:00,J5,409,465,874
2019-11-13T11:15:00+09:00,J1,699,802,1501
2019-11-13T11:15:00+09:00,J2,415,443,858
2019-11-13T11:15:00+09:00,J3,727,756,1483
2019-11-13T11:15:00+09:00,J4,609,689,1298
2019-11-13T11:15:00+09:00,J5,411,380,791
2019-11-13T11:30:00+09:00,J1,774,807,1581
2019-11-13T11:30:00+09:00,J2,398,390,788
2019-11-13T11:30:00+09:00,J3,737,707,1444
2019-11-13T11:30:00+09:00,J4,674,714,1388
2019-11-13T11:30:00+09:00,J5,337,320,657
2019-11-13T11:45:00+09:00,J1,784,852,1636
2019-11-13T11:45:00+09:00,J2,367,386,753
2019-11-13T11:45:00+09:00,J3,803,683,1486
2019-11-13T11:45:00+09:00,J4,760,730,1490
2019-11-13T11:45:00+09:00,J5,335,280,615
2019-11-13T12:00:00+09:00,J1,778,899,1677
2019-11-13T12:00:00+09:00,J2,437,429,866
2019-11-13T12:00:00+09:00,J3,867,755,1622
2019-11-13T12:00:00+09:00,J4,837,769,1606
2019-11-13T12:00:00+09:00,J5,327,303,630
2019-11-13T12:15:00+09:00,J1,726,820,1546
2019-11-13T12:15:00+09:00,J2,504,488,992
2019-11-13T12:15:00+09:00,J3,708,648,1356
2019-11-13T12:15:00+09:00,J4,930,877,1807
2019-11-13T12:15:00+09:00,J5,413,317,730
2019-11-13T12:30:00+09:00,J1,723,799,1522
2019-11-13T12:30:00+09:00,J2,531,479,1010
2019-11-13T12:30:00+09:00,J3,725,743,1468
2019-11-13T12:30:00+09:00,J4,911,978,1889
2019-11-13T12:30:00+09:00,J5,425,387,812
2019-11-13T12:45:00+09:00,J1,671,770,1441
2019-11-13T12:45:00+09:00,J2,577,535,1112
2019-11-13T12:45:00+09:00,J3,749,710,1459
2019-11-13T12:45:00+09:00,J4,887,924,1811
2019-11-13T12:45:00+09:00,J5,496,472,968
2019-11-13T13:00:00+09:00,J1,706,784,1490
2019-11-13T13:00:00+09:00,J2,492,481,973
2019-11-13T13:00:00+09:00,J3,724,725,1449
2019-11-13T13:00:00+09:00,J4,988,927,1915
2019-11-13T13:00:00+09:00,J5,501,435,936
2019-11-13T13:15:00+09:00,J1,727,783,1510
2019-11-13T13:15:00+09:00,J2,497,487,984
2019-11-13T13:15:00+09:00,J3,721,729,1450
2019-11-13T13:15:00+09:00,J4,940,922,1862
2019-11-13T13:15:00+09:00,J5,534,473,1007
2019-11-13T13:30:00+09:00,J1,692,805,1497
2019-11-13T13:30:00+09:00,J2,439,472,911
2019-11-13T13:30:00+09:00,J3,683,712,1395
2019-11-13T13:30:00+09:00,J4,844,927,1771
2019-11-13T13:30:00+09:00,J5,594,523,1117
2019-11-13T13:45:00+09:00,J1,721,855,1576
2019-11-13T13:45:00+09:00,J2,472,502,974
2019-11-13T13:45:00+09:00,J3,731,676,1407
2019-11-13T13:45:00+09:00,J4,820,768,1588
2019-11-13T13:45:00+09:00,J5,495,540,1035
2019-11-13T14:00:00+09:00,J1,710,867,1577
2019-11-13T14:00:00+09:00,J2,461,484,945
2019-11-13T14:00:00+09:00,J3,682,728,1410
2019-11-13T14:00:00+09:00,J4,851,818,1669
2019-11-13T14:00:00+09:00,J5,564,529,1093
2019-11-13T14:15:00+09:00,J1,687,835,1522
2019-11-13T14:15:00+09:00,J2,428,486,914
2019-11-13T14:15:00+09:00,J3,702,729,1431
2019-11-13T14:15:00+09:00,J4,838,794,1632
2019-11-13T14:15:00+09:00,J5,512,512,1024
2019-11-13T14:30:00+09:00,J1,589,829,1418
2019-11-13T14:30:00+09:00,J2,489,552,1041
2019-11-13T14:30:00+09:00,J3,723,661,1384
2019-11-13T14:30:00+09:00,J4,849,833,1682
2019-11-13T14:30:00+09:00,J5,538,526,1064
2019-11-13T14:45:00+09:00,J1,656,793,1449
2019-11-13T14:45:00+09:00,J2,496,571,1067
2019-11-13T14:45:00+09:00,J3,703,670,1373
2019-11-13T14:45:00+09:00,J4,792,757,1549
2019-11-13T14:45:00+09:00,J5,465,535,1000
2019-11-13T15:00:00+09:00,J1,674,787,1461
2019-11-13T15:00:00+09:00,J2,412,541,953
2019-11-13T15:00:00+09:00,J3,717,720,1437
2019-11-13T15:00:00+09:00,J4,816,845,1661
2019-11-13T15:00:00+09:00,J5,531,507,1038
2019-11-13T15:15:00+09:00,J1,650,880,1530
2019-11-13T15:15:00+09:00,J2,435,565,1000
2019-11-13T15:15:00+09:00,J3,675,709,1384
2019-11-13T15:15:00+09:00,J4,829,890,1719
2019-11-13T15:15:00+09:00,J5,541,514,1055
2019-11-13T15:30:00+09:00,J1,603,820,1423
2019-11-13T15:30:00+09:00,J2,491,478,969
2019-11-13T15:30:00+09:00,J3,758,727,1485
2019-11-13T15:30:00+09:00,J4,878,865,1743
2019-11-13T15:30:00+09:00,J5,535,577,1112
2019-11-13T15:45:00+09:00,J1,680,782,1462
2019-11-13T15:45:00+09:00,J2,464,507,971
2019-11-13T15:45:00+09:00,J3,728,681,1409
2019-11-13T15:45:00+09:00,J4,867,815,1682
2019-11-13T15:45:00+09:00,J5,494,510,1004
2019-11-13T16:00:00+09:00,J1,664,816,1480
2019-11-13T16:00:00+09:00,J2,420,494,914
2019-11-13T16:00:00+09:00,J3,731,716,1447
2019-11-13T16:00:00+09:00,J4,797,875,1672
2019-11-13T16:00:00+09:00,J5,495,535,1030
2019-11-13T16:15:00+09:00,J1,753,817,1570
2019-11-13T16:15:00+09:00,J2,485,549,1034
2019-11-13T16:15:00+09:00,J3,772,775,1547
2019-11-13T16:15:00+09:00,J4,740,793,1533
2019-11-13T16:15:00+09:00,J5,520,571,1091
2019-11-13T16:30:00+09:00,J1,714,825,1539
2019-11-13T16:30:00+09:00,J2,442,527,969
2019-11-13T16:30:00+09:00,J3,772,786,1558
2019-11-13T16:30:00+09:00,J4,802,735,1537
2019-11-13T16:30:00+09:00,J5,528,535,1063
2019-11-13T16:45:00+09:00,J1,641,789,1430
2019-11-13T16:45:00+09:00,J2,448,484,932
2019-11-13T16:45:00+09:00,J3,807,794,1601
2019-11-13T16:45:00+09:00,J4,811,770,1581
2019-11-13T16:45:00+09:00,J5,520,609,1129
2019-11-13T17:00:00+09:00,J1,785,963,1748
2019-11-13T17:00:00+09:00,J2,486,604,1090
2019-11-13T17:00:00+09:00,J3,957,876,1833
2019-11-13T17:00:00+09:00,J4,809,823,1632
2019-11-13T17:00:00+09:00,J5,541,580,1121
2019-11-13T17:15:00+09:00,J1,826,1021,1847
2019-11-13T17:15:00+09:00,J2,577,684,1261
2019-11-13T17:15:00+09:00,J3,931,933,1864
2019-11-13T17:15:00+09:00,J4,932,950,1882
2019-11-13T17:15:00+09:00,J5,455,518,973
2019-11-13T17:30:00+09:00,J1,920,992,1912
2019-11-13T17:30:00+09:00,J2,618,777,1395
2019-11-13T17:30:00+09:00,J3,1034,999,2033
2019-11-13T17:30:00+09:00,J4,951,951,1902
2019-11-13T17:30:00+09:00,J5,501,530,1031
2019-11-13T17:45:00+09:00,J1,952,1003,1955
2019-11-13T17:45:00+09:00,J2,667,820,1487
2019-11-13T17:45:00+09:00,J3,1121,1010,2131
2019-11-13T17:45:00+09:00,J4,1057,919,1976
2019-11-13T17:45:00+09:00,J5,456,530,986
2019-11-13T18:00:00+09:00,J1,945,1113,2058
2019-11-13T18:00:00+09:00,J2,664,776,1440
2019-11-13T18:00:00+09:00,J3,1219,1010,2229
2019-11-13T18:00:00+09:00,J4,1065,825,1890
2019-11-13T18:00:00+09:00,J5,502,572,1074
2019-11-13T18:15:00+09:00,J1,901,998,1899
2019-11-13T18:15:00+09:00,J2,722,813,1535
2019-11-13T18:15:00+09:00,J3,1170,949,2119
2019-11-13T18:15:00+09:00,J4,1154,907,2061
2019-11-13T18:15:00+09:00,J5,440,470,910
2019-11-13T18:30:00+09:00,J1,758,870,1628
2019-11-13T18:30:00+09:00,J2,661,667,1328
2019-11-13T18:30:00+09:00,J3,976,856,1832
2019-11-13T18:30:00+09:00,J4,977,880,1857
2019-11-13T18:30:00+09:00,J5,362,370,732
2019-11-13T18:45:00+09:00,J1,726,796,1522
2019-11-13T18:45:00+09:00,J2,479,576,1055
2019-11-13T18:45:00+09:00,J3,810,770,1580
2019-11-13T18:45:00+09:00,J4,988,839,1827
2019-11-13T18:45:00+09:00,J5,309,322,631
2019-11-13T19:00:00+09:00,J1,543,696,1239
2019-11-13T19:00:00+09:00,J2,650,597,1247
2019-11-13T19:00:00+09:00,J3,743,615,1358
2019-11-13T19:00:00+09:00,J4,1053,906,1959
2019-11-13T19:00:00+09:00,J5,330,375,705
2019-11-13T19:15:00+09:00,J1,628,718,1346
2019-11-13T19:15:00+09:00,J2,825,663,1488
2019-11-13T19:15:00+09:00,J3,775,650,1425
2019-11-13T19:15:00+09:00,J4,1103,923,2026
2019-11-13T19:15:00+09:00,J5,343,384,727
2019-11-13T19:30:00+09:00,J1,644,735,1379
2019-11-13T19:30:00+09:00,J2,784,646,1430
2019-11-13T19:30:00+09:00,J3,686,682,1368
2019-11-13T19:30:00+09:00,J4,1008,895,1903
2019-11-13T19:30:00+09:00,J5,321,364,685
2019-11-13T19:45:00+09:00,J1,609,682,1291
2019-11-13T19:45:00+09:00,J2,696,721,1417
2019-11-13T19:45:00+09:00,J3,629,668,1297
2019-11-13T19:45:00+09:00,J4,936,832,1768
2019-11-13T19:45:00+09:00,J5,334,338,672
2019-11-13T20:00:00+09:00,J1,536,667,1203
2019-11-13T20:00:00+09:00,J2,718,671,1389
2019-11-13T20:00:00+09:00,J3,686,671,1357
2019-11-13T20:00:00+09:00,J4,959,914,1873
2019-11-13T20:00:00+09:00,J5,315,368,683
2019-11-13T20:15:00+09:00,J1,662,692,1354
2019-11-13T20:15:00+09:00,J2,685,678,1363
2019-11-13T20:15:00+09:00,J3,704,725,1429
2019-11-13T20:15:00+09:00,J4,902,779,1681
2019-11-13T20:15:00+09:00,J5,309,333,642
2019-11-13T20:30:00+09:00,J1,647,706,1353
2019-11-13T20:30:00+09:00,J2,634,564,1198
2019-11-13T20:30:00+09:00,J3,835,728,1563
2019-11-13T20:30:00+09:00,J4,775,665,1440
2019-11-13T20:30:00+09:00,J5,301,298,599
2019-11-13T20:45:00+09:00,J1,667,763,1430
2019-11-13T20:45:00+09:00,J2,596,507,1103
2019-11-13T20:45:00+09:00,J3,790,727,1517
2019-11-13T20:45:00+09:00,J4,806,733,1539
2019-11-13T20:45:00+09:00,J5,290,335,625
2019-11-13T21:00:00+09:00,J1,630,721,1351
2019-11-13T21:00:00+09:00,J2,487,493,980
2019-11-13T21:00:00+09:00,J3,718,629,1347
2019-11-13T21:00:00+09:00,J4,872,847,1719
2019-11-13T21:00:00+09:00,J5,290,297,587
2019-11-13T21:15:00+09:00,J1,663,816,1479
2019-11-13T21:15:00+09:00,J2,572,504,1076
2019-11-13T21:15:00+09:00,J3,712,630,1342
2019-11-13T21:15:00+09:00,J4,819,722,1541
2019-11-13T21:15:00+09:00,J5,280,296,576
2019-11-13T21:30:00+09:00,J1,561,722,1283
2019-11-13T21:30:00+09:00,J2,600,508,1108
2019-11-13T21:30:00+09:00,J3,597,571,1168
2019-11-13T21:30:00+09:00,J4,845,835,1680
2019-11-13T21:30:00+09:00,J5,336,377,713
2019-11-13T21:45:00+09:00,J1,598,629,1227
2019-11-13T21:45:00+09:00,J2,444,400,844
2019-11-13T21:45:00+09:00,J3,624,588,1212
2019-11-13T21:45:00+09:00,J4,855,833,1688
2019-11-13T21:45:00+09:00,J5,331,357,688
2019-11-13T22:00:00+09:00,J1,542,631,1173
2019-11-13T22:00:00+09:00,J2,323,373,696
2019-11-13T22:00:00+09:00,J3,639,573,1212
2019-11-13T22:00:00+09:00,J4,744,689,1433
2019-11-13T22:00:00+09:00,J5,348,369,717
2019-11-13T22:15:00+09:00,J1,553,626,1179
2019-11-13T22:15:00+09:00,J2,421,393,814
2019-11-13T22:15:00+09:00,J3,696,625,1321
2019-11-13T22:15:00+09:00,J4,667,674,1341
2019-11-13T22:15:00+09:00,J5,345,294,639
2019-11-13T22:30:00+09:00,J1,556,658,1214
2019-11-13T22:30:00+09:00,J2,475,443,918
2019-11-13T22:30:00+09:00,J3,663,580,1243
2019-11-13T22:30:00+09:00,J4,774,730,1504
2019-11-13T22:30:00+09:00,J5,336,382,718
2019-11-13T22:45:00+09:00,J1,506,581,1087
2019-11-13T22:45:00+09:00,J2,428,384,812
2019-11-13T22:45:00+09:00,J3,617,641,1258
2019-11-13T22:45:00+09:00,J4,809,735,1544
2019-11-13T22:45:00+09:00,J5,408,453,861
2019-11-13T23:00:00+09:00,J1,552,594,1146
2019-11-13T23:00:00+09:00,J2,399,422,821
2019-11-13T23:00:00+09:00,J3,651,646,1297
2019-11-13T23:00:00+09:00,J4,698,668,1366
2019-11-13T23:00:00+09:00,J5,421,468,889
2019-11-13T23:15:00+09:00,J1,505,634,1139
2019-11-13T23:15:00+09:00,J2,366,392,758
2019-11-13T23:15:00+09:00,J3,664,624,1288
2019-11-13T23:15:00+09:00,J4,737,658,1395
2019-11-13T23:15:00+09:00,J5,401,480,881
2019-11-13T23:30:00+09:00,J1,531,566,1097
2019-11-13T23:30:00+09:00,J2,360,389,749
2019-11-13T23:30:00+09:00,J3,596,555,1151
2019-11-13T23:30:00+09:00,J4,768,684,1452
2019-11-13T23:30:00+09:00,J5,380,430,810
2019-11-13T23:45:00+09:00,J1,500,465,965
2019-11-13T23:45:00+09:00,J2,326,332,658
2019-11-13T23:45:00+09:00,J3,554,533,1087
2019-11-13T23:45:00+09:00,J4,713,657,1370
2019-11-13T23:45:00+09:00,J5,438,458,896
2019-11-14T00:00:00+09:00,J1,322,333,655
2019-11-14T00:00:00+09:00,J2,222,254,476
2019-11-14T00:00:00+09:00,J3,531,471,1002
2019-11-14T00:00:00+09:00,J4,769,665,1434
2019-11-14T00:00:00+09:00,J5,470,511,981
2019-11-14T00:15:00+09:00,J1,283,281,564
2019-11-14T00:15:00+09:00,J2,220,196,416
2019-11-14T00:15:00+09:00,J3,594,534,1128
2019-11-14T00:15:00+09:00,J4,726,664,1390
2019-11-14T00:15:00+09:00,J5,403,398,801
2019-11-14T00:30:00+09:00,J1,287,300,587
2019-11-14T00:30:00+09:00,J2,208,230,438
2019-11-14T00:30:00+09:00,J3,545,499,1044
2019-11-14T00:30:00+09:00,J4,736,618,1354
2019-11-14T00:30:00+09:00,J5,314,329,643
2019-11-14T00:45:00+09:00,J1,292,257,549
2019-11-14T00:45:00+09:00,J2,235,261,496
2019-11-14T00:45:00+09:00,J3,554,492,1046
2019-11-14T00:45:00+09:00,J4,768,658,1426
2019-11-14T00:45:00+09:00,J5,242,235,477
2019-11-14T05:45:00+09:00,J1,252,304,556
2019-11-14T05:45:00+09:00,J2,338,374,712
2019-11-14T05:45:00+09:00,J3,512,467,979
2019-11-14T05:45:00+09:00,J4,404,444,848
2019-11-14T05:45:00+09:00,J5,236,208,444
2019-11-14T06:00:00+09:00,J1,305,340,645
2019-11-14T06:00:00+09:00,J2,243,273,516
2019-11-14T06:00:00+09:00,J3,460,483,943
2019-11-14T06:00:00+09:00,J4,472,380,852
2019-11-14T06:00:00+09:00,J5,247,212,459
2019-11-14T06:15:00+09:00,J1,375,445,820
2019-11-14T06:15:00+09:00,J2,275,289,564
2019-11-14T06:15:00+09:00,J3,569,525,1094
2019-11-14T06:15:00+09:00,J4,553,500,1053
2019-11-14T06:15:00+09:00,J5,301,306,607
2019-11-14T06:30:00+09:00,J1,507,529,1036
2019-11-14T06:30:00+09:00,J2,253,286,539
2019-11-14T06:30:00+09:00,J3,516,482,998
2019-11-14T06:30:00+09:00,J4,490,547,1037
2019-11-14T06:30:00+09:00,J5,374,426,800
2019-11-14T06:45:00+09:00,J1,464,523,987
2019-11-14T06:45:00+09:00,J2,313,278,591
2019-11-14T06:45:00+09:00,J3,656,599,1255
2019-11-14T06:45:00+09:00,J4,636,789,1425
2019-11-14T06:45:00+09:00,J5,426,458,884
2019-11-14T07:00:00+09:00,J1,633,522,1155
2019-11-14T07:00:00+09:00,J2,295,310,605
2019-11-14T07:00:00+09:00,J3,675,644,1319
2019-11-14T07:00:00+09:00,J4,635,768,1403
2019-11-14T07:00:00+09:00,J5,525,516,1041
2019-11-14T07:15:00+09:00,J1,607,612,1219
2019-11-14T07:15:00+09:00,J2,376,308,684
2019-11-14T07:15:00+09:00,J3,704,657,1361
2019-11-14T07:15:00+09:00,J4,655,815,1470
2019-11-14T07:15:00+09:00,J5,508,585,1093
2019-11-14T07:30:00+09:00,J1,664,665,1329
2019-11-14T07:30:00+09:00,J2,468,347,815
2019-11-14T07:30:00+09:00,J3,654,679,1333
2019-11-14T07:30:00+09:00,J4,707,928,1635
2019-11-14T07:30:00+09:00,J5,465,429,894
2019-11-14T07:45:00+09:00,J1,745,668,1413
2019-11-14T07:45:00+09:00,J2,737,529,1266
2019-11-14T07:45:00+09:00,J3,715,754,1469
2019-11-14T07:45:00+09:00,J4,741,951,1692
2019-11-14T07:45:00+09:00,J5,425,398,823
2019-11-14T08:00:00+09:00,J1,1007,853,1860
2019-11-14T08:00:00+09:00,J2,904,608,1512
2019-11-14T08:00:00+09:00,J3,857,818,1675
2019-11-14T08:00:00+09:00,J4,895,1159,2054
2019-11-14T08:00:00+09:00,J5,434,386,820
2019-11-14T08:15:00+09:00,J1,1088,895,1983
2019-11-14T08:15:00+09:00,J2,968,675,1643
2019-11-14T08:15:00+09:00,J3,794,914,1708
2019-11-14T08:15:00+09:00,J4,897,1238,2135
2019-11-14T08:15:00+09:00,J5,476,453,929
2019-11-14T08:30:00+09:00,J1,1135,927,2062
2019-11-14T08:30:00+09:00,J2,1009,640,1649
2019-11-14T08:30:00+09:00,J3,935,1117,2052
2019-11-14T08:30:00+09:00,J4,928,1232,2160
2019-11-14T08:30:00+09:00,J5,444,431,875
2019-11-14T08:45:00+09:00,J1,1021,836,1857
2019-11-14T08:45:00+09:00,J2,859,600,1459
2019-11-14T08:45:00+09:00,J3,795,987,1782
2019-11-14T08:45:00+09:00,J4,744,1011,1755
2019-11-14T08:45:00+09:00,J5,543,517,1060
2019-11-14T09:00:00+09:00,J1,839,851,1690
2019-11-14T09:00:00+09:00,J2,745,535,1280
2019-11-14T09:00:00+09:00,J3,840,875,1715
2019-11-14T09:00:00+09:00,J4,612,849,1461
2019-11-14T09:00:00+09:00,J5,690,671,1361
2019-11-14T09:15:00+09:00,J1,739,719,1458
2019-11-14T09:15:00+09:00,J2,477,338,815
2019-11-14T09:15:00+09:00,J3,752,794,1546
2019-11-14T09:15:00+09:00,J4,584,782,1366
2019-11-14T09:15:00+09:00,J5,568,527,1095
2019-11-14T09:30:00+09:00,J1,698,721,1419
2019-11-14T09:30:00+09:00,J2,440,370,810
2019-11-14T09:30:00+09:00,J3,836,833,1669
2019-11-14T09:30:00+09:00,J4,792,888,1680
2019-11-14T09:30:00+09:00,J5,571,555,1126
2019-11-14T09:45:00+09:00,J1,704,686,1390
2019-11-14T09:45:00+09:00,J2,484,443,927
2019-11-14T09:45:00+09:00,J3,859,853,1712
2019-11-14T09:45:00+09:00,J4,832,890,1722
2019-11-14T09:45:00+09:00,J5,530,481,1011
2019-11-14T10:00:00+09:00,J1,730,632,1362
2019-11-14T10:00:00+09:00,J2,522,504,1026
2019-11-14T10:00:00+09:00,J3,810,730,1540
2019-11-14T10:00:00+09:00,J4,705,786,1491
2019-11-14T10:00:00+09:00,J5,480,461,941
2019-11-14T10:15:00+09:00,J1,680,638,1318
2019-11-14T10:15:00+09:00,J2,536,535,1071
2019-11-14T10:15:00+09:00,J3,765,769,1534
2019-11-14T10:15:00+09:00,J4,697,778,1475
2019-11-14T10:15:00+09:00,J5,521,452,973
2019-11-14T10:30:00+09:00,J1,640,666,1306
2019-11-14T10:30:00+09:00,J2,530,530,1060
2019-11-14T10:30:00+09:00,J3,715,719,1434
2019-11-14T10:30:00+09:00,J4,711,815,1526
2019-11-14T10:30:00+09:00,J5,544,503,1047
2019-11-14T10:45:00+09:00,J1,698,690,1388
2019-11-14T10:45:00+09:00,J2,504,545,1049
2019-11-14T10:45:00+09:00,J3,794,745,1539
2019-11-14T10:45:00+09:00,J4,761,841,1602
2019-11-14T10:45:00+09:00,J5,531,467,998
2019-11-14T11:00:00+09:00,J1,741,712,1453
2019-11-14T11:00:00+09:00,J2,554,539,1093
2019-11-14T11:00:00+09:00,J3,800,778,1578
2019-11-14T11:00:00+09:00,J4,826,835,1661
2019-11-14T11:00:00+09:00,J5,468,467,935
2019-11-14T11:15:00+09:00,J1,881,859,1740
2019-11-14T11:15:00+09:00,J2,493,630,1123
2019-11-14T11:15:00+09:00,J3,764,768,1532
2019-11-14T11:15:00+09:00,J4,720,806,1526
2019-11-14T11:15:00+09:00,J5,404,388,792
2019-11-14T11:30:00+09:00,J1,900,892,1792
2019-11-14T11:30:00+09:00,J2,585,679,1264
2019-11-14T11:30:00+09:00,J3,787,893,1680
2019-11-14T11:30:00+09:00,J4,776,893,1669
2019-11-14T11:30:00+09:00,J5,397,375,772
2019-11-14T11:45:00+09:00,J1,949,907,1856
2019-11-14T11:45:00+09:00,J2,605,624,1229
2019-11-14T11:45:00+09:00,J3,904,880,1784
2019-11-14T11:45:00+09:00,J4,786,855,1641
2019-11-14T11:45:00+09:00,J5,353,298,651
2019-11-14T12:00:00+09:00,J1,1008,940,1948
2019-11-14T12:00:00+09:00,J2,611,672,1283
2019-11-14T12:00:00+09:00,J3,961,924,1885
2019-11-14T12:00:00+09:00,J4,700,770,1470
2019-11-14T12:00:00+09:00,J5,412,404,816
2019-11-14T12:15:00+09:00,J1,887,934,1821
2019-11-14T12:15:00+09:00,J2,638,628,1266
2019-11-14T12:15:00+09:00,J3,842,873,1715
2019-11-14T12:15:00+09:00,J4,924,843,1767
2019-11-14T12:15:00+09:00,J5,422,456,878
2019-11-14T12:30:00+09:00,J1,875,873,1748
2019-11-14T12:30:00+09:00,J2,623,713,1336
2019-11-14T12:30:00+09:00,J3,871,901,1772
2019-11-14T12:30:00+09:00,J4,960,930,1890
2019-11-14T12:30:00+09:00,J5,597,568,1165
2019-11-14T12:45:00+09:00,J1,825,900,1725
2019-11-14T12:45:00+09:00,J2,611,673,1284
2019-11-14T12:45:00+09:00,J3,935,876,1811
2019-11-14T12:45:00+09:00,J4,874,898,1772
2019-11-14T12:45:00+09:00,J5,717,598,1315
2019-11-14T13:00:00+09:00,J1,878,980,1858
2019-11-14T13:00:00+09:00,J2,773,640,1413
2019-11-14T13:00:00+09:00,J3,1043,846,1889
2019-11-14T13:00:00+09:00,J4,952,915,1867
2019-11-14T13:00:00+09:00,J5,699,654,1353
2019-11-14T13:15:00+09:00,J1,955,1084,2039
2019-11-14T13:15:00+09:00,J2,750,594,1344
2019-11-14T13:15:00+09:00,J3,966,900,1866
2019-11-14T13:15:00+09:00,J4,963,1074,2037
2019-11-14T13:15:00+09:00,J5,689,677,1366
2019-11-14T13:30:00+09:00,J1,1001,1123,2124
2019-11-14T13:30:00+09:00,J2,720,616,1336
2019-11-14T13:30:00+09:00,J3,973,911,1884
2019-11-14T13:30:00+09:00,J4,870,910,1780
2019-11-14T13:30:00+09:00,J5,691,626,1317
2019-11-14T13:45:00+09:00,J1,998,1177,2175
2019-11-14T13:45:00+09:00,J2,674,637,1311
2019-11-14T13:45:00+09:00,J3,888,852,1740
2019-11-14T13:45:00+09:00,J4,931,954,1885
2019-11-14T13:45:00+09:00,J5,564,498,1062
2019-11-14T14:00:00+09:00,J1,1052,1194,2246
2019-11-14T14:00:00+09:00,J2,511,576,1087
2019-11-14T14:00:00+09:00,J3,869,778,1647
2019-11-14T14:00:00+09:00,J4,959,991,1950
2019-11-14T14:00:00+09:00,J5,529,509,1038
2019-11-14T14:15:00+09:00,J1,1007,1087,2094
2019-11-14T14:15:00+09:00,J2,461,535,996
2019-11-14T14:15:00+09:00,J3,800,828,1628
2019-11-14T14:15:00+09:00,J4,1058,1026,2084
2019-11-14T14:15:00+09:00,J5,651,598,1249
2019-11-14T14:30:00+09:00,J1,1012,1156,2168
2019-11-14T14:30:00+09:00,J2,481,563,1044
2019-11-14T14:30:00+09:00,J3,929,803,1732
2019-11-14T14:30:00+09:00,J4,894,1012,1906
2019-11-14T14:30:00+09:00,J5,608,614,1222
2019-11-14T14:45:00+09:00,J1,963,1025,1988
2019-11-14T14:45:00+09:00,J2,509,536,1045
2019-11-14T14:45:00+09:00,J3,948,863,1811
2019-11-14T14:45:00+09:00,J4,983,980,1963
2019-11-14T14:45:00+09:00,J5,634,587,1221
2019-11-14T15:00:00+09:00,J1,1036,1144,2180
2019-11-14T15:00:00+09:00,J2,478,594,1072
2019-11-14T15:00:00+09:00,J3,893,839,1732
2019-11-14T15:00:00+09:00,J4,937,1016,1953
2019-11-14T15:00:00+09:00,J5,689,734,1423
2019-11-14T15:15:00+09:00,J1,1162,1194,2356
2019-11-14T15:15:00+09:00,J2,497,573,1070
2019-11-14T15:15:00+09:00,J3,1080,897,1977
2019-11-14T15:15:00+09:00,J4,975,1050,2025
2019-11-14T15:15:00+09:00,J5,590,616,1206
2019-11-14T15:30:00+09:00,J1,1062,1162,2224
2019-11-14T15:30:00+09:00,J2,530,597,1127
2019-11-14T15:30:00+09:00,J3,1064,862,1926
2019-11-14T15:30:00+09:00,J4,961,996,1957
2019-11-14T15:30:00+09:00,J5,693,653,1346
2019-11-14T15:45:00+09:00,J1,1094,1156,2250
2019-11-14T15:45:00+09:00,J2,504,619,1123
2019-11-14T15:45:00+09:00,J3,934,832,1766
2019-11-14T15:45:00+09:00,J4,1103,1090,2193
2019-11-14T15:45:00+09:00,J5,721,620,1341
2019-11-14T16:00:00+09:00,J1,1011,1182,2193
2019-11-14T16:00:00+09:00,J2,501,668,1169
2019-11-14T16:00:00+09:00,J3,992,857,1849
2019-11-14T16:00:00+09:00,J4,1180,1093,2273
2019-11-14T16:00:00+09:00,J5,749,693,1442
2019-11-14T16:15:00+09:00,J1,1059,1228,2287
2019-11-14T16:15:00+09:00,J2,459,686,1145
2019-11-14T16:15:00+09:00,J3,1022,907,1929
2019-11-14T16:15:00+09:00,J4,1138,1158,2296
2019-11-14T16:15:00+09:00,J5,739,619,1358
2019-11-14T16:30:00+09:00,J1,1034,1159,2193
2019-11-14T16:30:00+09:00,J2,516,640,1156
2019-11-14T16:30:00+09:00,J3,1101,989,2090
2019-11-14T16:30:00+09:00,J4,1145,1091,2236
2019-11-14T16:30:00+09:00,J5,730,712,1442
2019-11-14T16:45:00+09:00,J1,1065,1114,2179
2019-11-14T16:45:00+09:00,J2,604,708,1312
2019-11-14T16:45:00+09:00,J3,1202,1102,2304
2019-11-14T16:45:00+09:00,J4,1145,1121,2266
2019-11-14T16:45:00+09:00,J5,655,700,1355
2019-11-14T17:00:00+09:00,J1,1104,1186,2290
2019-11-14T17:00:00+09:00,J2,598,739,1337
2019-11-14T17:00:00+09:00,J3,1206,1180,2386
2019-11-14T17:00:00+09:00,J4,1096,1098,2194
2019-11-14T17:00:00+09:00,J5,692,730,1422
2019-11-14T17:15:00+09:00,J1,1145,1230,2375
2019-11-14T17:15:00+09:00,J2,632,811,1443
2019-11-14T17:15:00+09:00,J3,1261,1087,2348
2019-11-14T17:15:00+09:00,J4,1112,1000,2112
2019-11-14T17:15:00+09:00,J5,730,715,1445
2019-11-14T17:30:00+09:00,J1,1111,1227,2338
2019-11-14T17:30:00+09:00,J2,714,885,1599
2019-11-14T17:30:00+09:00,J3,1307,1152,2459
2019-11-14T17:30:00+09:00,J4,1169,1098,2267
2019-11-14T17:30:00+09:00,J5,742,690,1432
2019-11-14T17:45:00+09:00,J1,1162,1225,2387
2019-11-14T17:45:00+09:00,J2,699,908,1607
2019-11-14T17:45:00+09:00,J3,1368,1310,2678
2019-11-14T17:45:00+09:00,J4,1080,971,2051
2019-11-14T17:45:00+09:00,J5,718,726,1444
2019-11-14T18:00:00+09:00,J1,1107,1313,2420
2019-11-14T18:00:00+09:00,J2,707,839,1546
2019-11-14T18:00:00+09:00,J3,1482,1266,2748
2019-11-14T18:00:00+09:00,J4,1118,996,2114
2019-11-14T18:00:00+09:00,J5,734,777,1511
2019-11-14T18:15:00+09:00,J1,1210,1261,2471
2019-11-14T18:15:00+09:00,J2,659,889,1548
2019-11-14T18:15:00+09:00,J3,1511,1192,2703
2019-11-14T18:15:00+09:00,J4,1267,978,2245
2019-11-14T18:15:00+09:00,J5,703,783,1486
2019-11-14T18:30:00+09:00,J1,1178,1284,2462
2019-11-14T18:30:00+09:00,J2,623,743,1366
2019-11-14T18:30:00+09:00,J3,1357,1184,2541
2019-11-14T18:30:00+09:00,J4,1086,983,2069
2019-11-14T18:30:00+09:00,J5,706,687,1393
2019-11-14T18:45:00+09:00,J1,1178,1211,2389
2019-11-14T18:45:00+09:00,J2,641,653,1294
2019-11-14T18:45:00+09:00,J3,1264,1098,2362
2019-11-14T18:45:00+09:00,J4,962,1001,1963
2019-11-14T18:45:00+09:00,J5,711,686,1397
2019-11-14T19:00:00+09:00,J1,1063,1159,2222
2019-11-14T19:00:00+09:00,J2,567,638,1205
2019-11-14T19:00:00+09:00,J3,1200,1076,2276
2019-11-14T19:00:00+09:00,J4,1110,959,2069
2019-11-14T19:00:00+09:00,J5,695,711,1406
2019-11-14T19:15:00+09:00,J1,1121,1197,2318
2019-11-14T19:15:00+09:00,J2,521,676,1197
2019-11-14T19:15:00+09:00,J3,1174,1039,2213
2019-11-14T19:15:00+09:00,J4,1075,1025,2100
2019-11-14T19:15:00+09:00,J5,707,706,1413
2019-11-14T19:30:00+09:00,J1,1093,1179,2272
2019-11-14T19:30:00+09:00,J2,488,586,1074
2019-11-14T19:30:00+09:00,J3,1110,985,2095
2019-11-14T19:30:00+09:00,J4,1060,1019,2079
2019-11-14T19:30:00+09:00,J5,686,694,1380
2019-11-14T19:45:00+09:00,J1,1033,1162,2195
2019-11-14T19:45:00+09:00,J2,616,569,1185
2019-11-14T19:45:00+09:00,J3,1013,893,1906
2019-11-14T19:45:00+09:00,J4,1035,1041,2076
2019-11-14T19:45:00+09:00,J5,680,716,1396
2019-11-14T20:00:00+09:00,J1,1062,1124,2186
2019-11-14T20:00:00+09:00,J2,602,586,1188
2019-11-14T20:00:00+09:00,J3,959,817,1776
2019-11-14T20:00:00+09:00,J4,1118,1135,2253
2019-11-14T20:00:00+09:00,J5,706,690,1396
2019-11-14T20:15:00+09:00,J1,993,1070,2063
2019-11-14T20:15:00+09:00,J2,617,552,1169
2019-11-14T20:15:00+09:00,J3,958,815,1773
2019-11-14T20:15:00+09:00,J4,1113,1176,2289
2019-11-14T20:15:00+09:00,J5,626,770,1396
2019-11-14T20:30:00+09:00,J1,1078,1082,2160
2019-11-14T20:30:00+09:00,J2,576,553,1129
2019-11-14T20:30:00+09:00,J3,926,770,1696
2019-11-14T20:30:00+09:00,J4,1033,979,2012
2019-11-14T20:30:00+09:00,J5,642,692,1334
2019-11-14T20:45:00+09:00,J1,1015,1213,2228
2019-11-14T20:45:00+09:00,J2,628,566,1194
2019-11-14T20:45:00+09:00,J3,1011,828,1839
2019-11-14T20:45:00+09:00,J4,1017,972,1989
2019-11-14T20:45:00+09:00,J5,621,712,1333
2019-11-14T21:00:00+09:00,J1,1014,1085,2099
2019-11-14T21:00:00+09:00,J2,559,546,1105
2019-11-14T21:00:00+09:00,J3,996,817,1813
2019-11-14T21:00:00+09:00,J4,1119,1052,2171
2019-11-14T21:00:00+09:00,J5,631,691,1322
2019-11-14T21:15:00+09:00,J1,926,1093,2019
2019-11-14T21:15:00+09:00,J2,417,523,940
2019-11-14T21:15:00+09:00,J3,914,848,1762
2019-11-14T21:15:00+09:00,J4,1098,1103,2201
2019-11-14T21:15:00+09:00,J5,560,612,1172
2019-11-14T21:30:00+09:00,J1,964,1100,2064
2019-11-14T21:30:00+09:00,J2,480,460,940
2019-11-14T21:30:00+09:00,J3,905,813,1718
2019-11-14T21:30:00+09:00,J4,1133,1075,2208
2019-11-14T21:30:00+09:00,J5,521,603,1124
2019-11-14T21:45:00+09:00,J1,937,1058,1995
2019-11-14T21:45:00+09:00,J2,472,475,947
2019-11-14T21:45:00+09:00,J3,913,738,1651
2019-11-14T21:45:00+09:00,J4,1077,1012,2089
2019-11-14T21:45:00+09:00,J5,575,610,1185
2019-11-14T22:00:00+09:00,J1,929,995,1924
2019-11-14T22:00:00+09:00,J2,505,514,1019
2019-11-14T22:00:00+09:00,J3,894,877,1771
2019-11-14T22:00:00+09:00,J4,1065,1039,2104
2019-11-14T22:00:00+09:00,J5,535,580,1115
2019-11-14T22:15:00+09:00,J1,938,945,1883
2019-11-14T22:15:00+09:00,J2,483,501,984
2019-11-14T22:15:00+09:00,J3,806,796,1602
2019-11-14T22:15:00+09:00,J4,1051,1098,2149
2019-11-14T22:15:00+09:00,J5,525,550,1075
2019-11-14T22:30:00+09:00,J1,959,1048,2007
2019-11-14T22:30:00+09:00,J2,552,566,1118
2019-11-14T22:30:00+09:00,J3,819,809,1628
2019-11-14T22:30:00+09:00,J4,976,1034,2010
2019-11-14T22:30:00+09:00,J5,584,525,1109
2019-11-14T22:45:00+09:00,J1,867,1016,1883
2019-11-14T22:45:00+09:00,J2,583,568,1151
2019-11-14T22:45:00+09:00,J3,835,798,1633
2019-11-14T22:45:00+09:00,J4,1023,1041,2064
2019-11-14T22:45:00+09:00,J5,631,606,1237
2019-11-14T23:00:00+09:00,J1,893,918,1811
2019-11-14T23:00:00+09:00,J2,560,571,1131
2019-11-14T23:00:00+09:00,J3,756,798,1554
2019-11-14T23:00:00+09:00,J4,1065,859,1924
2019-11-14T23:00:00+09:00,J5,599,565,1164
2019-11-14T23:15:00+09:00,J1,801,872,1673
2019-11-14T23:15:00+09:00,J2,512,550,1062
2019-11-14T23:15:00+09:00,J3,732,733,1465
2019-11-14T23:15:00+09:00,J4,976,900,1876
2019-11-14T23:15:00+09:00,J5,704,561,1265
2019-11-14T23:30:00+09:00,J1,761,846,1607
2019-11-14T23:30:00+09:00,J2,578,611,1189
2019-11-14T23:30:00+09:00,J3,735,791,1526
2019-11-14T23:30:00+09:00,J4,954,906,1860
2019-11-14T23:30:00+09:00,J5,587,543,1130
2019-11-14T23:45:00+09:00,J1,801,819,1620
2019-11-14T23:45:00+09:00,J2,527,499,1026
2019-11-14T23:45:00+09:00,J3,723,639,1362
2019-11-14T23:45:00+09:00,J4,820,773,1593
2019-11-14T23:45:00+09:00,J5,587,584,1171
2019-11-15T00:00:00+09:00,J1,624,701,1325
2019-11-15T00:00:00+09:00,J2,468,469,937
2019-11-15T00:00:00+09:00,J3,670,672,1342
2019-11-15T00:00:00+09:00,J4,883,855,1738
2019-11-15T00:00:00+09:00,J5,585,637,1222
2019-11-15T00:15:00+09:00,J1,455,492,947
2019-11-15T00:15:00+09:00,J2,421,480,901
2019-11-15T00:15:00+09:00,J3,641,579,1220
2019-11-15T00:15:00+09:00,J4,654,637,1291
2019-11-15T00:15:00+09:00,J5,495,520,1015
2019-11-15T00:30:00+09:00,J1,364,354,718
2019-11-15T00:30:00+09:00,J2,446,411,857
2019-11-15T00:30:00+09:00,J3,550,493,1043
2019-11-15T00:30:00+09:00,J4,581,576,1157
2019-11-15T00:30:00+09:00,J5,430,430,860
2019-11-15T00:45:00+09:00,J1,317,378,695
2019-11-15T00:45:00+09:00,J2,445,438,883
2019-11-15T00:45:00+09:00,J3,591,563,1154
2019-11-15T00:45:00+09:00,J4,720,588,1308
2019-11-15T00:45:00+09:00,J5,480,448,928
2019-11-15T05:45:00+09:00,J1,577,593,1170
2019-11-15T05:45:00+09:00,J2,303,312,615
2019-11-15T05:45:00+09:00,J3,666,562,1228
2019-11-15T05:45:00+09:00,J4,764,805,1569
2019-11-15T05:45:00+09:00,J5,419,403,822
2019-11-15T06:00:00+09:00,J1,684,631,1315
2019-11-15T06:00:00+09:00,J2,402,346,748
2019-11-15T06:00:00+09:00,J3,682,678,1360
2019-11-15T06:00:00+09:00,J4,901,802,1703
2019-11-15T06:00:00+09:00,J5,440,507,947
2019-11-15T06:15:00+09:00,J1,678,644,1322
2019-11-15T06:15:00+09:00,J2,422,432,854
2019-11-15T06:15:00+09:00,J3,716,695,1411
2019-11-15T06:15:00+09:00,J4,940,755,1695
2019-11-15T06:15:00+09:00,J5,499,531,1030
2019-11-15T06:30:00+09:00,J1,717,755,1472
2019-11-15T06:30:00+09:00,J2,411,371,782
2019-11-15T06:30:00+09:00,J3,658,642,1300
2019-11-15T06:30:00+09:00,J4,776,752,1528
2019-11-15T06:30:00+09:00,J5,572,554,1126
2019-11-15T06:45:00+09:00,J1,770,735,1505
2019-11-15T06:45:00+09:00,J2,388,379,767
2019-11-15T06:45:00+09:00,J3,717,571,1288
2019-11-15T06:45:00+09:00,J4,835,855,1690
2019-11-15T06:45:00+09:00,J5,517,536,1053
2019-11-15T07:00:00+09:00,J1,924,906,1830
2019-11-15T07:00:00+09:00,J2,357,273,630
2019-11-15T07:00:00+09:00,J3,734,712,1446
2019-11-15T07:00:00+09:00,J4,922,900,1822
2019-11-15T07:00:00+09:00,J5,567,526,1093
2019-11-15T07:15:00+09:00,J1,874,919,1793
2019-11-15T07:15:00+09:00,J2,360,282,642
2019-11-15T07:15:00+09:00,J3,780,734,1514
2019-11-15T07:15:00+09:00,J4,908,988,1896
2019-11-15T07:15:00+09:00,J5,593,594,1187
2019-11-15T07:30:00+09:00,J1,893,990,1883
2019-11-15T07:30:00+09:00,J2,345,336,681
2019-11-15T07:30:00+09:00,J3,847,858,1705
2019-11-15T07:30:00+09:00,J4,933,1067,2000
2019-11-15T07:30:00+09:00,J5,676,715,1391
2019-11-15T07:45:00+09:00,J1,1159,1012,2171
2019-11-15T07:45:00+09:00,J2,455,350,805
2019-11-15T07:45:00+09:00,J3,1017,1151,2168
2019-11-15T07:45:00+09:00,J4,994,1170,2164
2019-11-15T07:45:00+09:00,J5,750,716,1466
2019-11-15T08:00:00+09:00,J1,1271,1218,2489
2019-11-15T08:00:00+09:00,J2,493,431,924
2019-11-15T08:00:00+09:00,J3,1226,1288,2514
2019-11-15T08:00:00+09:00,J4,1057,1332,2389
2019-11-15T08:00:00+09:00,J5,698,743,1441
2019-11-15T08:15:00+09:00,J1,1273,1175,2448
2019-11-15T08:15:00+09:00,J2,762,498,1260
2019-11-15T08:15:00+09:00,J3,1318,1385,2703
2019-11-15T08:15:00+09:00,J4,1181,1338,2519
2019-11-15T08:15:00+09:00,J5,576,688,1264
2019-11-15T08:30:00+09:00,J1,1261,1094,2355
2019-11-15T08:30:00+09:00,J2,1062,616,1678
2019-11-15T08:30:00+09:00,J3,968,1363,2331
2019-11-15T08:30:00+09:00,J4,1158,1394,2552
2019-11-15T08:30:00+09:00,J5,540,623,1163
2019-11-15T08:45:00+09:00,J1,1169,1015,2184
2019-11-15T08:45:00+09:00,J2,883,590,1473
2019-11-15T08:45:00+09:00,J3,1032,1117,2149
2019-11-15T08:45:00+09:00,J4,1223,1218,2441
2019-11-15T08:45:00+09:00,J5,614,503,1117
2019-11-15T09:00:00+09:00,J1,1128,1144,2272
2019-11-15T09:00:00+09:00,J2,709,509,1218
2019-11-15T09:00:00+09:00,J3,983,973,1956
2019-11-15T09:00:00+09:00,J4,1085,1090,2175
2019-11-15T09:00:00+09:00,J5,583,595,1178
2019-11-15T09:15:00+09:00,J1,1072,1017,2089
2019-11-15T09:15:00+09:00,J2,618,455,1073
2019-11-15T09:15:00+09:00,J3,1014,1001,2015
2019-11-15T09:15:00+09:00,J4,1014,1073,2087
2019-11-15T09:15:00+09:00,J5,676,685,1361
2019-11-15T09:30:00+09:00,J1,1089,1143,2232
2019-11-15T09:30:00+09:00,J2,603,479,1082
2019-11-15T09:30:00+09:00,J3,1007,1050,2057
2019-11-15T09:30:00+09:00,J4,1012,1110,2122
2019-11-15T09:30:00+09:00,J5,646,683,1329
2019-11-15T09:45:00+09:00,J1,1082,1118,2200
2019-11-15T09:45:00+09:00,J2,545,472,1017
2019-11-15T09:45:00+09:00,J3,1028,1077,2105
2019-11-15T09:45:00+09:00,J4,1057,1145,2202
2019-11-15T09:45:00+09:00,J5,638,656,1294
2019-11-15T10:00:00+09:00,J1,1202,1150,2352
2019-11-15T10:00:00+09:00,J2,547,522,1069
2019-11-15T10:00:00+09:00,J3,979,983,1962
2019-11-15T10:00:00+09:00,J4,1156,1135,2291
2019-11-15T10:00:00+09:00,J5,562,624,1186
2019-11-15T10:15:00+09:00,J1,1126,1143,2269
2019-11-15T10:15:00+09:00,J2,631,563,1194
2019-11-15T10:15:00+09:00,J3,1024,1083,2107
2019-11-15T10:15:00+09:00,J4,1004,1118,2122
2019-11-15T10:15:00+09:00,J5,631,623,1254
2019-11-15T10:30:00+09:00,J1,1139,1097,2236
2019-11-15T10:30:00+09:00,J2,685,639,1324
2019-11-15T10:30:00+09:00,J3,1086,989,2075
2019-11-15T10:30:00+09:00,J4,1125,1110,2235
2019-11-15T10:30:00+09:00,J5,620,635,1255
2019-11-15T10:45:00+09:00,J1,1077,1154,2231
2019-11-15T10:45:00+09:00,J2,590,633,1223
2019-11-15T10:45:00+09:00,J3,979,1065,2044
2019-11-15T10:45:00+09:00,J4,1042,994,2036
2019-11-15T10:45:00+09:00,J5,589,671,1260
2019-11-15T11:00:00+09:00,J1,1082,1137,2219
2019-11-15T11:00:00+09:00,J2,579,652,1231
2019-11-15T11:00:00+09:00,J3,1020,1055,2075
2019-11-15T11:00:00+09:00,J4,1005,1089,2094
2019-11-15T11:00:00+09:00,J5,580,671,1251
2019-11-15T11:15:00+09:00,J1,1098,1164,2262
2019-11-15T11:15:00+09:00,J2,640,635,1275
2019-11-15T11:15:00+09:00,J3,1177,1030,2207
2019-11-15T11:15:00+09:00,J4,953,1090,2043
2019-11-15T11:15:00+09:00,J5,565,674,1239
2019-11-15T11:30:00+09:00,J1,1136,1224,2360
2019-11-15T11:30:00+09:00,J2,560,607,1167
2019-11-15T11:30:00+09:00,J3,1217,1160,2377
2019-11-15T11:30:00+09:00,J4,942,1058,2000
2019-11-15T11:30:00+09:00,J5,639,570,1209
2019-11-15T11:45:00+09:00,J1,1183,1228,2411
2019-11-15T11:45:00+09:00,J2,625,695,1320
2019-11-15T11:45:00+09:00,J3,1178,1254,2432
2019-11-15T11:45:00+09:00,J4,950,1015,1965
2019-11-15T11:45:00+09:00,J5,506,479,985
2019-11-15T12:00:00+09:00,J1,1071,1249,2320
2019-11-15T12:00:00+09:00,J2,653,749,1402
2019-11-15T12:00:00+09:00,J3,1173,1219,2392
2019-11-15T12:00:00+09:00,J4,957,942,1899
2019-11-15T12:00:00+09:00,J5,454,461,915
2019-11-15T12:15:00+09:00,J1,1102,1177,2279
2019-11-15T12:15:00+09:00,J2,651,746,1397
2019-11-15T12:15:00+09:00,J3,1317,1044,2361
2019-11-15T12:15:00+09:00,J4,1007,1104,2111
2019-11-15T12:15:00+09:00,J5,540,534,1074
2019-11-15T12:30:00+09:00,J1,1009,1140,2149
2019-11-15T12:30:00+09:00,J2,686,686,1372
2019-11-15T12:30:00+09:00,J3,1079,996,2075
2019-11-15T12:30:00+09:00,J4,1029,1142,2171
2019-11-15T12:30:00+09:00,J5,682,666,1348
2019-11-15T12:45:00+09:00,J1,1021,1179,2200
2019-11-15T12:45:00+09:00,J2,652,674,1326
2019-11-15T12:45:00+09:00,J3,1185,1026,2211
2019-11-15T12:45:00+09:00,J4,1018,1068,2086
2019-11-15T12:45:00+09:00,J5,709,709,1418
2019-11-15T13:00:00+09:00,J1,1062,1152,2214
2019-11-15T13:00:00+09:00,J2,677,740,1417
2019-11-15T13:00:00+09:00,J3,1203,1065,2268
2019-11-15T13:00:00+09:00,J4,1174,1162,2336
2019-11-15T13:00:00+09:00,J5,730,733,1463
2019-11-15T13:15:00+09:00,J1,1037,1204,2241
2019-11-15T13:15:00+09:00,J2,607,689,1296
2019-11-15T13:15:00+09:00,J3,1052,942,1994
2019-11-15T13:15:00+09:00,J4,1151,1205,2356
2019-11-15T13:15:00+09:00,J5,788,743,1531
2019-11-15T13:30:00+09:00,J1,1152,1212,2364
2019-11-15T13:30:00+09:00,J2,637,619,1256
2019-11-15T13:30:00+09:00,J3,1112,1160,2272
2019-11-15T13:30:00+09:00,J4,1130,1193,2323
2019-11-15T13:30:00+09:00,J5,713,752,1465
2019-11-15T13:45:00+09:00,J1,1108,1280,2388
2019-11-15T13:45:00+09:00,J2,562,629,1191
2019-11-15T13:45:00+09:00,J3,1046,1195,2241
2019-11-15T13:45:00+09:00,J4,1111,1243,2354
2019-11-15T13:45:00+09:00,J5,690,766,1456
2019-11-15T14:00:00+09:00,J1,1096,1228,2324
2019-11-15T14:00:00+09:00,J2,584,653,1237
2019-11-15T14:00:00+09:00,J3,1143,974,2117
2019-11-15T14:00:00+09:00,J4,1040,1113,2153
2019-11-15T14:00:00+09:00,J5,649,736,1385
2019-11-15T14:15:00+09:00,J1,1027,1274,2301
2019-11-15T14:15:00+09:00,J2,641,681,1322
2019-11-15T14:15:00+09:00,J3,1112,939,2051
2019-11-15T14:15:00+09:00,J4,968,966,1934
2019-11-15T14:15:00+09:00,J5,645,731,1376
2019-11-15T14:30:00+09:00,J1,1016,1265,2281
2019-11-15T14:30:00+09:00,J2,552,747,1299
2019-11-15T14:30:00+09:00,J3,1084,942,2026
2019-11-15T14:30:00+09:00,J4,983,1012,1995
2019-11-15T14:30:00+09:00,J5,656,730,1386
2019-11-15T14:45:00+09:00,J1,1025,1174,2199
2019-11-15T14:45:00+09:00,J2,540,677,1217
2019-11-15T14:45:00+09:00,J3,1072,976,2048
2019-11-15T14:45:00+09:00,J4,1081,1008,2089
2019-11-15T14:45:00+09:00,J5,638,740,1378
2019-11-15T15:00:00+09:00,J1,1024,1150,2174
2019-11-15T15:00:00+09:00,J2,523,736,1259
2019-11-15T15:00:00+09:00,J3,1117,1008,2125
2019-11-15T15:00:00+09:00,J4,1018,1085,2103
2019-11-15T15:00:00+09:00,J5,696,745,1441
2019-11-15T15:15:00+09:00,J1,1036,1218,2254
2019-11-15T15:15:00+09:00,J2,594,696,1290
2019-11-15T15:15:00+09:00,J3,1074,1037,2111
2019-11-15T15:15:00+09:00,J4,1084,1125,2209
2019-11-15T15:15:00+09:00,J5,731,737,1468
2019-11-15T15:30:00+09:00,J1,1025,1155,2180
2019-11-15T15:30:00+09:00,J2,564,690,1254
2019-11-15T15:30:00+09:00,J3,1074,1051,2125
2019-11-15T15:30:00+09:00,J4,1042,1125,2167
2019-11-15T15:30:00+09:00,J5,673,769,1442
2019-11-15T15:45:00+09:00,J1,1051,1182,2233
2019-11-15T15:45:00+09:00,J2,518,729,1247
2019-11-15T15:45:00+09:00,J3,1076,1038,2114
2019-11-15T15:45:00+09:00,J4,1109,1101,2210
2019-11-15T15:45:00+09:00,J5,653,700,1353
2019-11-15T16:00:00+09:00,J1,1098,1218,2316
2019-11-15T16:00:00+09:00,J2,552,675,1227
2019-11-15T16:00:00+09:00,J3,1066,1145,2211
2019-11-15T16:00:00+09:00,J4,1030,1029,2059
2019-11-15T16:00:00+09:00,J5,692,717,1409
2019-11-15T16:15:00+09:00,J1,1090,1195,2285
2019-11-15T16:15:00+09:00,J2,639,714,1353
2019-11-15T16:15:00+09:00,J3,1061,1167,2228
2019-11-15T16:15:00+09:00,J4,990,1042,2032
2019-11-15T16:15:00+09:00,J5,681,732,1413
2019-11-15T16:30:00+09:00,J1,998,1145,2143
2019-11-15T16:30:00+09:00,J2,633,685,1318
2019-11-15T16:30:00+09:00,J3,1150,1165,2315
2019-11-15T16:30:00+09:00,J4,1117,1081,2198
2019-11-15T16:30:00+09:00,J5,654,747,1401
2019-11-15T16:45:00+09:00,J1,1075,1233,2308
2019-11-15T16:45:00+09:00,J2,636,681,1317
2019-11-15T16:45:00+09:00,J3,1199,1144,2343
2019-11-15T16:45:00+09:00,J4,1069,1004,2073
2019-11-15T16:45:00+09:00,J5,614,687,1301
2019-11-15T17:00:00+09:00,J1,1142,1284,2426
2019-11-15T17:00:00+09:00,J2,749,761,1510
2019-11-15T17:00:00+09:00,J3,1401,1318,2719
2019-11-15T17:00:00+09:00,J4,1101,1053,2154
2019-11-15T17:00:00+09:00,J5,665,767,1432
2019-11-15T17:15:00+09:00,J1,1115,1276,2391
2019-11-15T17:15:00+09:00,J2,853,812,1665
2019-11-15T17:15:00+09:00,J3,1489,1230,2719
2019-11-15T17:15:00+09:00,J4,1135,1080,2215
2019-11-15T17:15:00+09:00,J5,699,831,1530
2019-11-15T17:30:00+09:00,J1,1169,1282,2451
2019-11-15T17:30:00+09:00,J2,804,767,1571
2019-11-15T17:30:00+09:00,J3,1468,1294,2762
2019-11-15T17:30:00+09:00,J4,1289,1177,2466
2019-11-15T17:30:00+09:00,J5,729,760,1489
2019-11-15T17:45:00+09:00,J1,1161,1252,2413
2019-11-15T17:45:00+09:00,J2,748,679,1427
2019-11-15T17:45:00+09:00,J3,1484,1264,2748
2019-11-15T17:45:00+09:00,J4,1198,1088,2286
2019-11-15T17:45:00+09:00,J5,739,815,1554
2019-11-15T18:00:00+09:00,J1,1176,1299,2475
2019-11-15T18:00:00+09:00,J2,715,712,1427
2019-11-15T18:00:00+09:00,J3,1553,1231,2784
2019-11-15T18:00:00+09:00,J4,1215,1035,2250
2019-11-15T18:00:00+09:00,J5,633,827,1460
2019-11-15T18:15:00+09:00,J1,1191,1254,2445
2019-11-15T18:15:00+09:00,J2,718,682,1400
2019-11-15T18:15:00+09:00,J3,1607,1297,2904
2019-11-15T18:15:00+09:00,J4,1312,1000,2312
2019-11-15T18:15:00+09:00,J5,716,789,1505
2019-11-15T18:30:00+09:00,J1,1165,1270,2435
2019-11-15T18:30:00+09:00,J2,708,557,1265
2019-11-15T18:30:00+09:00,J3,1451,1277,2728
2019-11-15T18:30:00+09:00,J4,1183,960,2143
2019-11-15T18:30:00+09:00,J5,716,812,1528
2019-11-15T18:45:00+09:00,J1,1188,1289,2477
2019-11-15T18:45:00+09:00,J2,686,628,1314
2019-11-15T18:45:00+09:00,J3,1337,1106,2443
2019-11-15T18:45:00+09:00,J4,1022,1008,2030
2019-11-15T18:45:00+09:00,J5,733,778,1511
2019-11-15T19:00:00+09:00,J1,1075,1095,2170
2019-11-15T19:00:00+09:00,J2,500,510,1010
2019-11-15T19:00:00+09:00,J3,1241,1027,2268
2019-11-15T19:00:00+09:00,J4,1016,969,1985
2019-11-15T19:00:00+09:00,J5,717,734,1451
2019-11-15T19:15:00+09:00,J1,1024,1133,2157
2019-11-15T19:15:00+09:00,J2,541,580,1121
2019-11-15T19:15:00+09:00,J3,1167,990,2157
2019-11-15T19:15:00+09:00,J4,1071,948,2019
2019-11-15T19:15:00+09:00,J5,666,798,1464
2019-11-15T19:30:00+09:00,J1,915,1069,1984
2019-11-15T19:30:00+09:00,J2,458,402,860
2019-11-15T19:30:00+09:00,J3,1089,850,1939
2019-11-15T19:30:00+09:00,J4,1011,1037,2048
2019-11-15T19:30:00+09:00,J5,621,725,1346
2019-11-15T19:45:00+09:00,J1,905,1126,2031
2019-11-15T19:45:00+09:00,J2,426,411,837
2019-11-15T19:45:00+09:00,J3,1032,767,1799
2019-11-15T19:45:00+09:00,J4,966,1018,1984
2019-11-15T19:45:00+09:00,J5,559,670,1229
2019-11-15T20:00:00+09:00,J1,935,1037,1972
2019-11-15T20:00:00+09:00,J2,453,452,905
2019-11-15T20:00:00+09:00,J3,1046,773,1819
2019-11-15T20:00:00+09:00,J4,1035,1026,2061
2019-11-15T20:00:00+09:00,J5,631,682,1313
2019-11-15T20:15:00+09:00,J1,1014,1013,2027
2019-11-15T20:15:00+09:00,J2,468,401,869
2019-11-15T20:15:00+09:00,J3,1118,785,1903
2019-11-15T20:15:00+09:00,J4,1092,1050,2142
2019-11-15T20:15:00+09:00,J5,620,735,1355
2019-11-15T20:30:00+09:00,J1,936,1033,1969
2019-11-15T20:30:00+09:00,J2,464,450,914
2019-11-15T20:30:00+09:00,J3,1033,810,1843
2019-11-15T20:30:00+09:00,J4,1166,1062,2228
2019-11-15T20:30:00+09:00,J5,583,667,1250
2019-11-15T20:45:00+09:00,J1,1044,1103,2147
2019-11-15T20:45:00+09:00,J2,454,438,892
2019-11-15T20:45:00+09:00,J3,1013,816,1829
2019-11-15T20:45:00+09:00,J4,1130,1034,2164
2019-11-15T20:45:00+09:00,J5,503,637,1140
2019-11-15T21:00:00+09:00,J1,881,1066,1947
2019-11-15T21:00:00+09:00,J2,511,492,1003
2019-11-15T21:00:00+09:00,J3,962,873,1835
2019-11-15T21:00:00+09:00,J4,1076,1057,2133
2019-11-15T21:00:00+09:00,J5,531,611,1142
2019-11-15T21:15:00+09:00,J1,968,1141,2109
2019-11-15T21:15:00+09:00,J2,529,558,1087
2019-11-15T21:15:00+09:00,J3,919,887,1806
2019-11-15T21:15:00+09:00,J4,1083,1050,2133
2019-11-15T21:15:00+09:00,J5,499,551,1050
2019-11-15T21:30:00+09:00,J1,949,1097,2046
2019-11-15T21:30:00+09:00,J2,514,511,1025
2019-11-15T21:30:00+09:00,J3,905,914,1819
2019-11-15T21:30:00+09:00,J4,1086,1083,2169
2019-11-15T21:30:00+09:00,J5,495,590,1085
2019-11-15T21:45:00+09:00,J1,887,1036,1923
2019-11-15T21:45:00+09:00,J2,605,572,1177
2019-11-15T21:45:00+09:00,J3,950,883,1833
2019-11-15T21:45:00+09:00,J4,1002,945,1947
2019-11-15T21:45:00+09:00,J5,513,509,1022
2019-11-15T22:00:00+09:00,J1,834,1022,1856
2019-11-15T22:00:00+09:00,J2,605,568,1173
2019-11-15T22:00:00+09:00,J3,894,911,1805
2019-11-15T22:00:00+09:00,J4,1003,1021,2024
2019-11-15T22:00:00+09:00,J5,524,547,1071
2019-11-15T22:15:00+09:00,J1,879,994,1873
2019-11-15T22:15:00+09:00,J2,548,505,1053
2019-11-15T22:15:00+09:00,J3,863,923,1786
2019-11-15T22:15:00+09:00,J4,1107,1082,2189
2019-11-15T22:15:00+09:00,J5,526,538,1064
2019-11-15T22:30:00+09:00,J1,896,1052,1948
2019-11-15T22:30:00+09:00,J2,681,580,1261
2019-11-15T22:30:00+09:00,J3,848,858,1706
2019-11-15T22:30:00+09:00,J4,1151,1103,2254
2019-11-15T22:30:00+09:00,J5,548,558,1106
2019-11-15T22:45:00+09:00,J1,850,1041,1891
2019-11-15T22:45:00+09:00,J2,640,580,1220
2019-11-15T22:45:00+09:00,J3,874,780,1654
2019-11-15T22:45:00+09:00,J4,962,1026,1988
2019-11-15T22:45:00+09:00,J5,537,524,1061
2019-11-15T23:00:00+09:00,J1,870,1013,1883
2019-11-15T23:00:00+09:00,J2,626,596,1222
2019-11-15T23:00:00+09:00,J3,865,913,1778
2019-11-15T23:00:00+09:00,J4,977,1042,2019
2019-11-15T23:00:00+09:00,J5,608,554,1162
2019-11-15T23:15:00+09:00,J1,831,984,1815
2019-11-15T23:15:00+09:00,J2,661,572,1233
2019-11-15T23:15:00+09:00,J3,802,862,1664
2019-11-15T23:15:00+09:00,J4,920,1017,1937
2019-11-15T23:15:00+09:00,J5,578,567,1145
2019-11-15T23:30:00+09:00,J1,822,955,1777
2019-11-15T23:30:00+09:00,J2,637,570,1207
2019-11-15T23:30:00+09:00,J3,825,843,1668
2019-11-15T23:30:00+09:00,J4,942,968,1910
2019-11-15T23:30:00+09:00,J5,515,505,1020
2019-11-15T23:45:00+09:00,J1,822,933,1755
2019-11-15T23:45:00+09:00,J2,582,544,1126
2019-11-15T23:45:00+09:00,J3,695,709,1404
2019-11-15T23:45:00+09:00,J4,768,900,1668
2019-11-15T23:45:00+09:00,J5,551,512,1063
2019-11-16T00:00:00+09:00,J1,709,663,1372
2019-11-16T00:00:00+09:00,J2,639,495,1134
2019-11-16T00:00:00+09:00,J3,783,660,1443
2019-11-16T00:00:00+09:00,J4,743,803,1546
2019-11-16T00:00:00+09:00,J5,489,603,1092
2019-11-16T00:15:00+09:00,J1,459,508,967
2019-11-16T00:15:00+09:00,J2,489,449,938
2019-11-16T00:15:00+09:00,J3,739,701,1440
2019-11-16T00:15:00+09:00,J4,508,552,1060
2019-11-16T00:15:00+09:00,J5,424,454,878
2019-11-16T00:30:00+09:00,J1,360,326,686
2019-11-16T00:30:00+09:00,J2,474,435,909
2019-11-16T00:30:00+09:00,J3,613,512,1125
2019-11-16T00:30:00+09:00,J4,388,343,731
2019-11-16T00:30:00+09:00,J5,383,396,779
2019-11-16T00:45:00+09:00,J1,311,265,576
2019-11-16T00:45:00+09:00,J2,409,403,812
2019-11-16T00:45:00+09:00,J3,609,569,1178
2019-11-16T00:45:00+09:00,J4,473,404,877
2019-11-16T00:45:00+09:00,J5,360,420,780
2019-11-16T05:45:00+09:00,J1,582,568,1150
2019-11-16T05:45:00+09:00,J2,388,284,672
2019-11-16T05:45:00+09:00,J3,640,572,1212
2019-11-16T05:45:00+09:00,J4,594,623,1217
2019-11-16T05:45:00+09:00,J5,439,456,895
2019-11-16T06:00:00+09:00,J1,611,517,1128
2019-11-16T06:00:00+09:00,J2,394,348,742
2019-11-16T06:00:00+09:00,J3,719,645,1364
2019-11-16T06:00:00+09:00,J4,717,706,1423
2019-11-16T06:00:00+09:00,J5,457,524,981
2019-11-16T06:15:00+09:00,J1,623,605,1228
2019-11-16T06:15:00+09:00,J2,434,396,830
2019-11-16T06:15:00+09:00,J3,679,608,1287
2019-11-16T06:15:00+09:00,J4,826,704,1530
2019-11-16T06:15:00+09:00,J5,536,566,1102
2019-11-16T06:30:00+09:00,J1,678,640,1318
2019-11-16T06:30:00+09:00,J2,349,391,740
2019-11-16T06:30:00+09:00,J3,672,585,1257
2019-11-16T06:30:00+09:00,J4,708,679,1387
2019-11-16T06:30:00+09:00,J5,566,552,1118
2019-11-16T06:45:00+09:00,J1,652,633,1285
2019-11-16T06:45:00+09:00,J2,395,343,738
2019-11-16T06:45:00+09:00,J3,657,584,1241
2019-11-16T06:45:00+09:00,J4,604,630,1234
2019-11-16T06:45:00+09:00,J5,579,569,1148
2019-11-16T07:00:00+09:00,J1,747,871,1618
2019-11-16T07:00:00+09:00,J2,357,260,617
2019-11-16T07:00:00+09:00,J3,668,645,1313
2019-11-16T07:00:00+09:00,J4,653,727,1380
2019-11-16T07:00:00+09:00,J5,616,605,1221
2019-11-16T07:15:00+09:00,J1,808,852,1660
2019-11-16T07:15:00+09:00,J2,294,190,484
2019-11-16T07:15:00+09:00,J3,616,652,1268
2019-11-16T07:15:00+09:00,J4,689,789,1478
2019-11-16T07:15:00+09:00,J5,606,591,1197
2019-11-16T07:30:00+09:00,J1,826,836,1662
2019-11-16T07:30:00+09:00,J2,296,237,533
2019-11-16T07:30:00+09:00,J3,683,677,1360
2019-11-16T07:30:00+09:00,J4,800,781,1581
2019-11-16T07:30:00+09:00,J5,618,556,1174
2019-11-16T07:45:00+09:00,J1,825,800,1625
2019-11-16T07:45:00+09:00,J2,376,303,679
2019-11-16T07:45:00+09:00,J3,711,738,1449
2019-11-16T07:45:00+09:00,J4,726,772,1498
2019-11-16T07:45:00+09:00,J5,578,582,1160
2019-11-16T08:00:00+09:00,J1,1086,1130,2216
2019-11-16T08:00:00+09:00,J2,363,376,739
2019-11-16T08:00:00+09:00,J3,822,761,1583
2019-11-16T08:00:00+09:00,J4,877,820,1697
2019-11-16T08:00:00+09:00,J5,503,536,1039
2019-11-16T08:15:00+09:00,J1,1149,1154,2303
2019-11-16T08:15:00+09:00,J2,423,346,769
2019-11-16T08:15:00+09:00,J3,914,902,1816
2019-11-16T08:15:00+09:00,J4,928,904,1832
2019-11-16T08:15:00+09:00,J5,604,611,1215
2019-11-16T08:30:00+09:00,J1,1179,1200,2379
2019-11-16T08:30:00+09:00,J2,331,404,735
2019-11-16T08:30:00+09:00,J3,941,1028,1969
2019-11-16T08:30:00+09:00,J4,916,932,1848
2019-11-16T08:30:00+09:00,J5,604,639,1243
2019-11-16T08:45:00+09:00,J1,1101,1185,2286
2019-11-16T08:45:00+09:00,J2,338,440,778
2019-11-16T08:45:00+09:00,J3,1100,1060,2160
2019-11-16T08:45:00+09:00,J4,879,917,1796
2019-11-16T08:45:00+09:00,J5,504,618,1122
2019-11-16T09:00:00+09:00,J1,1062,1090,2152
2019-11-16T09:00:00+09:00,J2,467,408,875
2019-11-16T09:00:00+09:00,J3,886,778,1664
2019-11-16T09:00:00+09:00,J4,866,932,1798
2019-11-16T09:00:00+09:00,J5,458,567,1025
2019-11-16T09:15:00+09:00,J1,1139,1183,2322
2019-11-16T09:15:00+09:00,J2,377,304,681
2019-11-16T09:15:00+09:00,J3,771,731,1502
2019-11-16T09:15:00+09:00,J4,851,1015,1866
2019-11-16T09:15:00+09:00,J5,542,622,1164
2019-11-16T09:30:00+09:00,J1,1106,1130,2236
2019-11-16T09:30:00+09:00,J2,398,454,852
2019-11-16T09:30:00+09:00,J3,907,822,1729
2019-11-16T09:30:00+09:00,J4,870,973,1843
2019-11-16T09:30:00+09:00,J5,513,552,1065
2019-11-16T09:45:00+09:00,J1,1160,1093,2253
2019-11-16T09:45:00+09:00,J2,352,456,808
2019-11-16T09:45:00+09:00,J3,880,841,1721
2019-11-16T09:45:00+09:00,J4,1027,1012,2039
2019-11-16T09:45:00+09:00,J5,519,534,1053
2019-11-16T10:00:00+09:00,J1,1059,1100,2159
2019-11-16T10:00:00+09:00,J2,365,440,805
2019-11-16T10:00:00+09:00,J3,860,772,1632
2019-11-16T10:00:00+09:00,J4,895,943,1838
2019-11-16T10:00:00+09:00,J5,488,531,1019
2019-11-16T10:15:00+09:00,J1,1028,1074,2102
2019-11-16T10:15:00+09:00,J2,413,418,831
2019-11-16T10:15:00+09:00,J3,764,760,1524
2019-11-16T10:15:00+09:00,J4,980,990,1970
2019-11-16T10:15:00+09:00,J5,496,587,1083
2019-11-16T10:30:00+09:00,J1,1057,1062,2119
2019-11-16T10:30:00+09:00,J2,390,500,890
2019-11-16T10:30:00+09:00,J3,741,763,1504
2019-11-16T10:30:00+09:00,J4,1035,975,2010
2019-11-16T10:30:00+09:00,J5,529,531,1060
2019-11-16T10:45:00+09:00,J1,963,1027,1990
2019-11-16T10:45:00+09:00,J2,390,398,788
2019-11-16T10:45:00+09:00,J3,751,779,1530
2019-11-16T10:45:00+09:00,J4,993,1050,2043
2019-11-16T10:45:00+09:00,J5,557,594,1151
2019-11-16T11:00:00+09:00,J1,1060,1253,2313
2019-11-16T11:00:00+09:00,J2,476,472,948
2019-11-16T11:00:00+09:00,J3,837,986,1823
2019-11-16T11:00:00+09:00,J4,1012,1028,2040
2019-11-16T11:00:00+09:00,J5,509,548,1057
2019-11-16T11:15:00+09:00,J1,1121,1069,2190
2019-11-16T11:15:00+09:00,J2,504,435,939
2019-11-16T11:15:00+09:00,J3,960,985,1945
2019-11-16T11:15:00+09:00,J4,982,1091,2073
2019-11-16T11:15:00+09:00,J5,545,571,1116
2019-11-16T11:30:00+09:00,J1,1160,1199,2359
2019-11-16T11:30:00+09:00,J2,511,428,939
2019-11-16T11:30:00+09:00,J3,851,876,1727
2019-11-16T11:30:00+09:00,J4,998,1062,2060
2019-11-16T11:30:00+09:00,J5,472,481,953
2019-11-16T11:45:00+09:00,J1,1088,1177,2265
2019-11-16T11:45:00+09:00,J2,538,402,940
2019-11-16T11:45:00+09:00,J3,1079,1187,2266
2019-11-16T11:45:00+09:00,J4,921,1012,1933
2019-11-16T11:45:00+09:00,J5,461,427,888
2019-11-16T12:00:00+09:00,J1,1113,1271,2384
2019-11-16T12:00:00+09:00,J2,657,420,1077
2019-11-16T12:00:00+09:00,J3,1079,1081,2160
2019-11-16T12:00:00+09:00,J4,944,1057,2001
2019-11-16T12:00:00+09:00,J5,448,426,874
2019-11-16T12:15:00+09:00,J1,1131,1262,2393
2019-11-16T12:15:00+09:00,J2,606,481,1087
2019-11-16T12:15:00+09:00,J3,951,1003,1954
2019-11-16T12:15:00+09:00,J4,943,996,1939
2019-11-16T12:15:00+09:00,J5,570,563,1133
2019-11-16T12:30:00+09:00,J1,1051,1236,2287
2019-11-16T12:30:00+09:00,J2,561,453,1014
2019-11-16T12:30:00+09:00,J3,1056,995,2051
2019-11-16T12:30:00+09:00,J4,996,1039,2035
2019-11-16T12:30:00+09:00,J5,571,604,1175
2019-11-16T12:45:00+09:00,J1,998,1208,2206
2019-11-16T12:45:00+09:00,J2,562,495,1057
2019-11-16T12:45:00+09:00,J3,1184,1044,2228
2019-11-16T12:45:00+09:00,J4,1016,1007,2023
2019-11-16T12:45:00+09:00,J5,542,591,1133
2019-11-16T13:00:00+09:00,J1,1044,1249,2293
2019-11-16T13:00:00+09:00,J2,548,510,1058
2019-11-16T13:00:00+09:00,J3,1107,953,2060
2019-11-16T13:00:00+09:00,J4,960,989,1949
2019-11-16T13:00:00+09:00,J5,592,593,1185
2019-11-16T13:15:00+09:00,J1,1062,1258,2320
2019-11-16T13:15:00+09:00,J2,592,539,1131
2019-11-16T13:15:00+09:00,J3,1078,1099,2177
2019-11-16T13:15:00+09:00,J4,902,920,1822
2019-11-16T13:15:00+09:00,J5,680,628,1308
2019-11-16T13:30:00+09:00,J1,1074,1274,2348
2019-11-16T13:30:00+09:00,J2,546,515,1061
2019-11-16T13:30:00+09:00,J3,1190,1073,2263
2019-11-16T13:30:00+09:00,J4,870,900,1770
2019-11-16T13:30:00+09:00,J5,572,638,1210
2019-11-16T13:45:00+09:00,J1,1041,1242,2283
2019-11-16T13:45:00+09:00,J2,570,488,1058
2019-11-16T13:45:00+09:00,J3,1202,1071,2273
2019-11-16T13:45:00+09:00,J4,883,837,1720
2019-11-16T13:45:00+09:00,J5,618,630,1248
2019-11-16T14:00:00+09:00,J1,1006,1150,2156
2019-11-16T14:00:00+09:00,J2,533,522,1055
2019-11-16T14:00:00+09:00,J3,1154,1076,2230
2019-11-16T14:00:00+09:00,J4,879,864,1743
2019-11-16T14:00:00+09:00,J5,586,617,1203
2019-11-16T14:15:00+09:00,J1,1041,1209,2250
2019-11-16T14:15:00+09:00,J2,525,478,1003
2019-11-16T14:15:00+09:00,J3,1150,1019,2169
2019-11-16T14:15:00+09:00,J4,882,923,1805
2019-11-16T14:15:00+09:00,J5,571,669,1240
2019-11-16T14:30:00+09:00,J1,1036,1200,2236
2019-11-16T14:30:00+09:00,J2,543,465,1008
2019-11-16T14:30:00+09:00,J3,1142,980,2122
2019-11-16T14:30:00+09:00,J4,873,903,1776
2019-11-16T14:30:00+09:00,J5,542,648,1190
2019-11-16T14:45:00+09:00,J1,1055,1241,2296
2019-11-16T14:45:00+09:00,J2,509,499,1008
2019-11-16T14:45:00+09:00,J3,1184,1006,2190
2019-11-16T14:45:00+09:00,J4,862,898,1760
2019-11-16T14:45:00+09:00,J5,578,612,1190
2019-11-16T15:00:00+09:00,J1,1131,1262,2393
2019-11-16T15:00:00+09:00,J2,515,547,1062
2019-11-16T15:00:00+09:00,J3,1172,1061,2233
2019-11-16T15:00:00+09:00,J4,818,913,1731
2019-11-16T15:00:00+09:00,J5,541,667,1208
2019-11-16T15:15:00+09:00,J1,1119,1230,2349
2019-11-16T15:15:00+09:00,J2,558,591,1149
2019-11-16T15:15:00+09:00,J3,1178,1060,2238
2019-11-16T15:15:00+09:00,J4,837,910,1747
2019-11-16T15:15:00+09:00,J5,599,640,1239
2019-11-16T15:30:00+09:00,J1,1117,1244,2361
2019-11-16T15:30:00+09:00,J2,571,538,1109
2019-11-16T15:30:00+09:00,J3,1192,1090,2282
2019-11-16T15:30:00+09:00,J4,849,813,1662
2019-11-16T15:30:00+09:00,J5,561,680,1241
2019-11-16T15:45:00+09:00,J1,1120,1228,2348
2019-11-16T15:45:00+09:00,J2,636,559,1195
2019-11-16T15:45:00+09:00,J3,1253,1122,2375
2019-11-16T15:45:00+09:00,J4,812,929,1741
2019-11-16T15:45:00+09:00,J5,590,616,1206
2019-11-16T16:00:00+09:00,J1,1117,1261,2378
2019-11-16T16:00:00+09:00,J2,633,470,1103
2019-11-16T16:00:00+09:00,J3,1325,1175,2500
2019-11-16T16:00:00+09:00,J4,824,856,1680
2019-11-16T16:00:00+09:00,J5,525,637,1162
2019-11-16T16:15:00+09:00,J1,1137,1229,2366
2019-11-16T16:15:00+09:00,J2,721,491,1212
2019-11-16T16:15:00+09:00,J3,1311,1206,2517
2019-11-16T16:15:00+09:00,J4,884,847,1731
2019-11-16T16:15:00+09:00,J5,554,678,1232
2019-11-16T16:30:00+09:00,J1,1076,1230,2306
2019-11-16T16:30:00+09:00,J2,721,444,1165
2019-11-16T16:30:00+09:00,J3,1309,1238,2547
2019-11-16T16:30:00+09:00,J4,851,855,1706
2019-11-16T16:30:00+09:00,J5,581,623,1204
2019-11-16T16:45:00+09:00,J1,1081,1268,2349
2019-11-16T16:45:00+09:00,J2,737,453,1190
2019-11-16T16:45:00+09:00,J3,1337,1114,2451
2019-11-16T16:45:00+09:00,J4,932,863,1795
2019-11-16T16:45:00+09:00,J5,526,596,1122
2019-11-16T17:00:00+09:00,J1,1144,1286,2430
2019-11-16T17:00:00+09:00,J2,692,396,1088
2019-11-16T17:00:00+09:00,J3,1425,1185,2610
2019-11-16T17:00:00+09:00,J4,875,797,1672
2019-11-16T17:00:00+09:00,J5,537,622,1159
2019-11-16T17:15:00+09:00,J1,1139,1269,2408
2019-11-16T17:15:00+09:00,J2,730,354,1084
2019-11-16T17:15:00+09:00,J3,1415,1201,2616
2019-11-16T17:15:00+09:00,J4,829,807,1636
2019-11-16T17:15:00+09:00,J5,693,730,1423
2019-11-16T17:30:00+09:00,J1,1118,1257,2375
2019-11-16T17:30:00+09:00,J2,722,482,1204
2019-11-16T17:30:00+09:00,J3,1288,1209,2497
2019-11-16T17:30:00+09:00,J4,865,814,1679
2019-11-16T17:30:00+09:00,J5,563,637,1200
2019-11-16T17:45:00+09:00,J1,1158,1316,2474
2019-11-16T17:45:00+09:00,J2,715,422,1137
2019-11-16T17:45:00+09:00,J3,1374,1244,2618
2019-11-16T17:45:00+09:00,J4,846,782,1628
2019-11-16T17:45:00+09:00,J5,502,558,1060
2019-11-16T18:00:00+09:00,J1,1188,1289,2477
2019-11-16T18:00:00+09:00,J2,676,430,1106
2019-11-16T18:00:00+09:00,J3,1323,1185,2508
2019-11-16T18:00:00+09:00,J4,914,757,1671
2019-11-16T18:00:00+09:00,J5,490,579,1069
2019-11-16T18:15:00+09:00,J1,1211,1307,2518
2019-11-16T18:15:00+09:00,J2,673,419,1092
2019-11-16T18:15:00+09:00,J3,1454,1126,2580
2019-11-16T18:15:00+09:00,J4,907,847,1754
2019-11-16T18:15:00+09:00,J5,601,640,1241
2019-11-16T18:30:00+09:00,J1,1159,1267,2426
2019-11-16T18:30:00+09:00,J2,647,393,1040
2019-11-16T18:30:00+09:00,J3,1254,1072,2326
2019-11-16T18:30:00+09:00,J4,1010,790,1800
2019-11-16T18:30:00+09:00,J5,460,594,1054
2019-11-16T18:45:00+09:00,J1,1167,1221,2388
2019-11-16T18:45:00+09:00,J2,585,395,980
2019-11-16T18:45:00+09:00,J3,1160,932,2092
2019-11-16T18:45:00+09:00,J4,940,885,1825
2019-11-16T18:45:00+09:00,J5,501,512,1013
2019-11-16T19:00:00+09:00,J1,1077,1217,2294
2019-11-16T19:00:00+09:00,J2,541,425,966
2019-11-16T19:00:00+09:00,J3,1168,904,2072
2019-11-16T19:00:00+09:00,J4,938,884,1822
2019-11-16T19:00:00+09:00,J5,478,521,999
2019-11-16T19:15:00+09:00,J1,978,1178,2156
2019-11-16T19:15:00+09:00,J2,540,404,944
2019-11-16T19:15:00+09:00,J3,1162,897,2059
2019-11-16T19:15:00+09:00,J4,932,842,1774
2019-11-16T19:15:00+09:00,J5,526,530,1056
2019-11-16T19:30:00+09:00,J1,957,1132,2089
2019-11-16T19:30:00+09:00,J2,499,416,915
2019-11-16T19:30:00+09:00,J3,1021,829,1850
2019-11-16T19:30:00+09:00,J4,841,818,1659
2019-11-16T19:30:00+09:00,J5,461,445,906
2019-11-16T19:45:00+09:00,J1,931,1065,1996
2019-11-16T19:45:00+09:00,J2,403,425,828
2019-11-16T19:45:00+09:00,J3,1052,807,1859
2019-11-16T19:45:00+09:00,J4,878,810,1688
2019-11-16T19:45:00+09:00,J5,376,417,793
2019-11-16T20:00:00+09:00,J1,969,1126,2095
2019-11-16T20:00:00+09:00,J2,405,460,865
2019-11-16T20:00:00+09:00,J3,919,844,1763
2019-11-16T20:00:00+09:00,J4,782,810,1592
2019-11-16T20:00:00+09:00,J5,442,493,935
2019-11-16T20:15:00+09:00,J1,979,1127,2106
2019-11-16T20:15:00+09:00,J2,438,411,849
2019-11-16T20:15:00+09:00,J3,1050,852,1902
2019-11-16T20:15:00+09:00,J4,882,908,1790
2019-11-16T20:15:00+09:00,J5,442,534,976
2019-11-16T20:30:00+09:00,J1,983,1115,2098
2019-11-16T20:30:00+09:00,J2,504,397,901
2019-11-16T20:30:00+09:00,J3,1034,921,1955
2019-11-16T20:30:00+09:00,J4,857,738,1595
2019-11-16T20:30:00+09:00,J5,464,473,937
2019-11-16T20:45:00+09:00,J1,1054,1146,2200
2019-11-16T20:45:00+09:00,J2,549,471,1020
2019-11-16T20:45:00+09:00,J3,954,821,1775
2019-11-16T20:45:00+09:00,J4,831,715,1546
2019-11-16T20:45:00+09:00,J5,420,403,823
2019-11-16T21:00:00+09:00,J1,922,1079,2001
2019-11-16T21:00:00+09:00,J2,543,526,1069
2019-11-16T21:00:00+09:00,J3,1022,886,1908
2019-11-16T21:00:00+09:00,J4,860,854,1714
2019-11-16T21:00:00+09:00,J5,449,519,968
2019-11-16T21:15:00+09:00,J1,949,1108,2057
2019-11-16T21:15:00+09:00,J2,585,541,1126
2019-11-16T21:15:00+09:00,J3,953,1004,1957
2019-11-16T21:15:00+09:00,J4,845,836,1681
2019-11-16T21:15:00+09:00,J5,466,571,1037
2019-11-16T21:30:00+09:00,J1,918,1097,2015
2019-11-16T21:30:00+09:00,J2,541,404,945
2019-11-16T21:30:00+09:00,J3,935,996,1931
2019-11-16T21:30:00+09:00,J4,793,854,1647
2019-11-16T21:30:00+09:00,J5,413,421,834
2019-11-16T21:45:00+09:00,J1,905,1072,1977
2019-11-16T21:45:00+09:00,J2,480,401,881
2019-11-16T21:45:00+09:00,J3,946,933,1879
2019-11-16T21:45:00+09:00,J4,817,810,1627
2019-11-16T21:45:00+09:00,J5,448,426,874
2019-11-16T22:00:00+09:00,J1,946,982,1928
2019-11-16T22:00:00+09:00,J2,495,449,944
2019-11-16T22:00:00+09:00,J3,928,914,1842
2019-11-16T22:00:00+09:00,J4,838,818,1656
2019-11-16T22:00:00+09:00,J5,389,454,843
2019-11-16T22:15:00+09:00,J1,850,1057,1907
2019-11-16T22:15:00+09:00,J2,412,375,787
2019-11-16T22:15:00+09:00,J3,856,845,1701
2019-11-16T22:15:00+09:00,J4,775,760,1535
2019-11-16T22:15:00+09:00,J5,456,468,924
2019-11-16T22:30:00+09:00,J1,882,960,1842
2019-11-16T22:30:00+09:00,J2,406,346,752
2019-11-16T22:30:00+09:00,J3,819,761,1580
2019-11-16T22:30:00+09:00,J4,778,790,1568
2019-11-16T22:30:00+09:00,J5,539,471,1010
2019-11-16T22:45:00+09:00,J1,820,938,1758
2019-11-16T22:45:00+09:00,J2,419,349,768
2019-11-16T22:45:00+09:00,J3,768,795,1563
2019-11-16T22:45:00+09:00,J4,835,801,1636
2019-11-16T22:45:00+09:00,J5,583,505,1088
2019-11-16T23:00:00+09:00,J1,880,936,1816
2019-11-16T23:00:00+09:00,J2,404,381,785
2019-11-16T23:00:00+09:00,J3,782,799,1581
2019-11-16T23:00:00+09:00,J4,791,805,1596
2019-11-16T23:00:00+09:00,J5,562,527,1089
2019-11-16T23:15:00+09:00,J1,863,953,1816
2019-11-16T23:15:00+09:00,J2,422,386,808
2019-11-16T23:15:00+09:00,J3,781,787,1568
2019-11-16T23:15:00+09:00,J4,744,845,1589
2019-11-16T23:15:00+09:00,J5,489,462,951
2019-11-16T23:30:00+09:00,J1,803,941,1744
2019-11-16T23:30:00+09:00,J2,429,366,795
2019-11-16T23:30:00+09:00,J3,737,839,1576
2019-11-16T23:30:00+09:00,J4,681,815,1496
2019-11-16T23:30:00+09:00,J5,495,430,925
2019-11-16T23:45:00+09:00,J1,883,1042,1925
2019-11-16T23:45:00+09:00,J2,418,438,856
2019-11-16T23:45:00+09:00,J3,835,754,1589
2019-11-16T23:45:00+09:00,J4,622,698,1320
2019-11-16T23:45:00+09:00,J5,520,442,962
2019-11-17T00:00:00+09:00,J1,841,763,1604
2019-11-17T00:00:00+09:00,J2,381,385,766
2019-11-17T00:00:00+09:00,J3,805,714,1519
2019-11-17T00:00:00+09:00,J4,547,639,1186
2019-11-17T00:00:00+09:00,J5,584,510,1094
2019-11-17T00:15:00+09:00,J1,426,475,901
2019-11-17T00:15:00+09:00,J2,328,343,671
2019-11-17T00:15:00+09:00,J3,647,634,1281
2019-11-17T00:15:00+09:00,J4,681,690,1371
2019-11-17T00:15:00+09:00,J5,481,452,933
2019-11-17T00:30:00+09:00,J1,374,370,744
2019-11-17T00:30:00+09:00,J2,277,309,586
2019-11-17T00:30:00+09:00,J3,553,575,1128
2019-11-17T00:30:00+09:00,J4,788,802,1590
2019-11-17T00:30:00+09:00,J5,367,415,782
2019-11-17T00:45:00+09:00,J1,336,331,667
2019-11-17T00:45:00+09:00,J2,375,373,748
2019-11-17T00:45:00+09:00,J3,509,544,1053
2019-11-17T00:45:00+09:00,J4,819,708,1527
2019-11-17T00:45:00+09:00,J5,396,383,779
2019-11-17T05:45:00+09:00,J1,588,666,1254
2019-11-17T05:45:00+09:00,J2,272,250,522
2019-11-17T05:45:00+09:00,J3,654,606,1260
2019-11-17T05:45:00+09:00,J4,731,736,1467
2019-11-17T05:45:00+09:00,J5,410,430,840
2019-11-17T06:00:00+09:00,J1,640,627,1267
2019-11-17T06:00:00+09:00,J2,288,277,565
2019-11-17T06:00:00+09:00,J3,719,712,1431
2019-11-17T06:00:00+09:00,J4,748,793,1541
2019-11-17T06:00:00+09:00,J5,430,424,854
2019-11-17T06:15:00+09:00,J1,681,765,1446
2019-11-17T06:15:00+09:00,J2,357,264,621
2019-11-17T06:15:00+09:00,J3,754,651,1405
2019-11-17T06:15:00+09:00,J4,805,781,1586
2019-11-17T06:15:00+09:00,J5,494,526,1020
2019-11-17T06:30:00+09:00,J1,630,614,1244
2019-11-17T06:30:00+09:00,J2,368,365,733
2019-11-17T06:30:00+09:00,J3,742,636,1378
2019-11-17T06:30:00+09:00,J4,716,764,1480
2019-11-17T06:30:00+09:00,J5,594,536,1130
2019-11-17T06:45:00+09:00,J1,721,737,1458
2019-11-17T06:45:00+09:00,J2,330,303,633
2019-11-17T06:45:00+09:00,J3,688,653,1341
2019-11-17T06:45:00+09:00,J4,747,776,1523
2019-11-17T06:45:00+09:00,J5,537,521,1058
2019-11-17T07:00:00+09:00,J1,757,747,1504
2019-11-17T07:00:00+09:00,J2,264,288,552
2019-11-17T07:00:00+09:00,J3,703,667,1370
2019-11-17T07:00:00+09:00,J4,809,816,1625
2019-11-17T07:00:00+09:00,J5,624,563,1187
2019-11-17T07:15:00+09:00,J1,719,741,1460
2019-11-17T07:15:00+09:00,J2,274,290,564
2019-11-17T07:15:00+09:00,J3,755,703,1458
2019-11-17T07:15:00+09:00,J4,885,814,1699
2019-11-17T07:15:00+09:00,J5,601,604,1205
2019-11-17T07:30:00+09:00,J1,812,859,1671
2019-11-17T07:30:00+09:00,J2,257,287,544
2019-11-17T07:30:00+09:00,J3,800,754,1554
2019-11-17T07:30:00+09:00,J4,898,790,1688
2019-11-17T07:30:00+09:00,J5,693,591,1284
2019-11-17T07:45:00+09:00,J1,825,845,1670
2019-11-17T07:45:00+09:00,J2,306,393,699
2019-11-17T07:45:00+09:00,J3,777,750,1527
2019-11-17T07:45:00+09:00,J4,831,837,1668
2019-11-17T07:45:00+09:00,J5,663,580,1243
2019-11-17T08:00:00+09:00,J1,1182,1185,2367
2019-11-17T08:00:00+09:00,J2,367,366,733
2019-11-17T08:00:00+09:00,J3,821,701,1522
2019-11-17T08:00:00+09:00,J4,906,895,1801
2019-11-17T08:00:00+09:00,J5,484,451,935
2019-11-17T08:15:00+09:00,J1,1188,1218,2406
2019-11-17T08:15:00+09:00,J2,457,464,921
2019-11-17T08:15:00+09:00,J3,855,784,1639
2019-11-17T08:15:00+09:00,J4,1003,969,1972
2019-11-17T08:15:00+09:00,J5,582,615,1197
2019-11-17T08:30:00+09:00,J1,733,751,1484
2019-11-17T08:30:00+09:00,J2,306,255,561
2019-11-17T08:30:00+09:00,J3,675,675,1350
2019-11-17T08:30:00+09:00,J4,665,638,1303
2019-11-17T08:30:00+09:00,J5,412,383,795
2019-11-17T08:45:00+09:00,J1,1101,1269,2370
2019-11-17T08:45:00+09:00,J2,436,355,791
2019-11-17T08:45:00+09:00,J3,1043,993,2036
2019-11-17T08:45:00+09:00,J4,934,890,1824
2019-11-17T08:45:00+09:00,J5,471,496,967
2019-11-17T09:00:00+09:00,J1,1166,1165,2331
2019-11-17T09:00:00+09:00,J2,375,418,793
2019-11-17T09:00:00+09:00,J3,804,809,1613
2019-11-17T09:00:00+09:00,J4,958,872,1830
2019-11-17T09:00:00+09:00,J5,503,524,1027
2019-11-17T09:15:00+09:00,J1,1190,1134,2324
2019-11-17T09:15:00+09:00,J2,452,388,840
2019-11-17T09:15:00+09:00,J3,927,868,1795
2019-11-17T09:15:00+09:00,J4,996,911,1907
2019-11-17T09:15:00+09:00,J5,542,516,1058
2019-11-17T09:30:00+09:00,J1,1204,1227,2431
2019-11-17T09:30:00+09:00,J2,453,344,797
2019-11-17T09:30:00+09:00,J3,1021,921,1942
2019-11-17T09:30:00+09:00,J4,902,862,1764
2019-11-17T09:30:00+09:00,J5,561,581,1142
2019-11-17T09:45:00+09:00,J1,1172,1169,2341
2019-11-17T09:45:00+09:00,J2,454,355,809
2019-11-17T09:45:00+09:00,J3,929,965,1894
2019-11-17T09:45:00+09:00,J4,803,785,1588
2019-11-17T09:45:00+09:00,J5,500,498,998
2019-11-17T10:00:00+09:00,J1,1111,1072,2183
2019-11-17T10:00:00+09:00,J2,439,326,765
2019-11-17T10:00:00+09:00,J3,927,968,1895
2019-11-17T10:00:00+09:00,J4,754,732,1486
2019-11-17T10:00:00+09:00,J5,523,537,1060
2019-11-17T10:15:00+09:00,J1,1145,1230,2375
2019-11-17T10:15:00+09:00,J2,462,319,781
2019-11-17T10:15:00+09:00,J3,1058,1112,2170
2019-11-17T10:15:00+09:00,J4,853,841,1694
2019-11-17T10:15:00+09:00,J5,515,491,1006
2019-11-17T10:30:00+09:00,J1,1138,1132,2270
2019-11-17T10:30:00+09:00,J2,540,328,868
2019-11-17T10:30:00+09:00,J3,1036,1006,2042
2019-11-17T10:30:00+09:00,J4,785,745,1530
2019-11-17T10:30:00+09:00,J5,519,486,1005
2019-11-17T10:45:00+09:00,J1,1138,1170,2308
2019-11-17T10:45:00+09:00,J2,521,445,966
2019-11-17T10:45:00+09:00,J3,1031,990,2021
2019-11-17T10:45:00+09:00,J4,828,894,1722
2019-11-17T10:45:00+09:00,J5,531,566,1097
2019-11-17T11:00:00+09:00,J1,1079,1161,2240
2019-11-17T11:00:00+09:00,J2,570,512,1082
2019-11-17T11:00:00+09:00,J3,1117,936,2053
2019-11-17T11:00:00+09:00,J4,955,888,1843
2019-11-17T11:00:00+09:00,J5,496,539,1035
2019-11-17T11:15:00+09:00,J1,1060,1155,2215
2019-11-17T11:15:00+09:00,J2,519,469,988
2019-11-17T11:15:00+09:00,J3,1020,992,2012
2019-11-17T11:15:00+09:00,J4,916,872,1788
2019-11-17T11:15:00+09:00,J5,557,565,1122
2019-11-17T11:30:00+09:00,J1,1095,1246,2341
2019-11-17T11:30:00+09:00,J2,464,511,975
2019-11-17T11:30:00+09:00,J3,920,1040,1960
2019-11-17T11:30:00+09:00,J4,904,954,1858
2019-11-17T11:30:00+09:00,J5,515,505,1020
2019-11-17T11:45:00+09:00,J1,1090,1264,2354
2019-11-17T11:45:00+09:00,J2,495,447,942
2019-11-17T11:45:00+09:00,J3,979,1016,1995
2019-11-17T11:45:00+09:00,J4,884,984,1868
2019-11-17T11:45:00+09:00,J5,538,466,1004
2019-11-17T12:00:00+09:00,J1,1171,1256,2427
2019-11-17T12:00:00+09:00,J2,521,474,995
2019-11-17T12:00:00+09:00,J3,1040,991,2031
2019-11-17T12:00:00+09:00,J4,1011,984,1995
2019-11-17T12:00:00+09:00,J5,584,554,1138
2019-11-17T12:15:00+09:00,J1,1061,1268,2329
2019-11-17T12:15:00+09:00,J2,453,519,972
2019-11-17T12:15:00+09:00,J3,985,916,1901
2019-11-17T12:15:00+09:00,J4,983,984,1967
2019-11-17T12:15:00+09:00,J5,561,536,1097
2019-11-17T12:30:00+09:00,J1,962,1155,2117
2019-11-17T12:30:00+09:00,J2,496,502,998
2019-11-17T12:30:00+09:00,J3,1130,1023,2153
2019-11-17T12:30:00+09:00,J4,854,813,1667
2019-11-17T12:30:00+09:00,J5,594,614,1208
2019-11-17T12:45:00+09:00,J1,1021,1145,2166
2019-11-17T12:45:00+09:00,J2,486,578,1064
2019-11-17T12:45:00+09:00,J3,1100,993,2093
2019-11-17T12:45:00+09:00,J4,775,865,1640
2019-11-17T12:45:00+09:00,J5,554,619,1173
2019-11-17T13:00:00+09:00,J1,924,1026,1950
2019-11-17T13:00:00+09:00,J2,572,621,1193
2019-11-17T13:00:00+09:00,J3,1239,1057,2296
2019-11-17T13:00:00+09:00,J4,786,797,1583
2019-11-17T13:00:00+09:00,J5,484,561,1045
2019-11-17T13:15:00+09:00,J1,847,943,1790
2019-11-17T13:15:00+09:00,J2,525,606,1131
2019-11-17T13:15:00+09:00,J3,1173,1076,2249
2019-11-17T13:15:00+09:00,J4,679,829,1508
2019-11-17T13:15:00+09:00,J5,508,581,1089
2019-11-17T13:30:00+09:00,J1,813,953,1766
2019-11-17T13:30:00+09:00,J2,504,549,1053
2019-11-17T13:30:00+09:00,J3,1132,1006,2138
2019-11-17T13:30:00+09:00,J4,704,820,1524
2019-11-17T13:30:00+09:00,J5,528,605,1133
2019-11-17T13:45:00+09:00,J1,837,916,1753
2019-11-17T13:45:00+09:00,J2,499,516,1015
2019-11-17T13:45:00+09:00,J3,1162,982,2144
2019-11-17T13:45:00+09:00,J4,737,786,1523
2019-11-17T13:45:00+09:00,J5,541,584,1125
2019-11-17T14:00:00+09:00,J1,765,856,1621
2019-11-17T14:00:00+09:00,J2,484,500,984
2019-11-17T14:00:00+09:00,J3,1137,935,2072
2019-11-17T14:00:00+09:00,J4,699,777,1476
2019-11-17T14:00:00+09:00,J5,525,573,1098
2019-11-17T14:15:00+09:00,J1,774,942,1716
2019-11-17T14:15:00+09:00,J2,468,535,1003
2019-11-17T14:15:00+09:00,J3,1145,991,2136
2019-11-17T14:15:00+09:00,J4,716,814,1530
2019-11-17T14:15:00+09:00,J5,550,545,1095
2019-11-17T14:30:00+09:00,J1,770,973,1743
2019-11-17T14:30:00+09:00,J2,496,489,985
2019-11-17T14:30:00+09:00,J3,1153,947,2100
2019-11-17T14:30:00+09:00,J4,734,776,1510
2019-11-17T14:30:00+09:00,J5,573,602,1175
2019-11-17T14:45:00+09:00,J1,735,891,1626
2019-11-17T14:45:00+09:00,J2,497,524,1021
2019-11-17T14:45:00+09:00,J3,1209,977,2186
2019-11-17T14:45:00+09:00,J4,753,782,1535
2019-11-17T14:45:00+09:00,J5,587,600,1187
2019-11-17T15:00:00+09:00,J1,778,916,1694
2019-11-17T15:00:00+09:00,J2,534,612,1146
2019-11-17T15:00:00+09:00,J3,1144,968,2112
2019-11-17T15:00:00+09:00,J4,671,769,1440
2019-11-17T15:00:00+09:00,J5,554,646,1200
2019-11-17T15:15:00+09:00,J1,825,1006,1831
2019-11-17T15:15:00+09:00,J2,593,745,1338
2019-11-17T15:15:00+09:00,J3,1169,889,2058
2019-11-17T15:15:00+09:00,J4,767,765,1532
2019-11-17T15:15:00+09:00,J5,587,613,1200
2019-11-17T15:30:00+09:00,J1,841,981,1822
2019-11-17T15:30:00+09:00,J2,550,693,1243
2019-11-17T15:30:00+09:00,J3,1127,894,2021
2019-11-17T15:30:00+09:00,J4,771,783,1554
2019-11-17T15:30:00+09:00,J5,557,575,1132
2019-11-17T15:45:00+09:00,J1,803,964,1767
2019-11-17T15:45:00+09:00,J2,663,705,1368
2019-11-17T15:45:00+09:00,J3,1045,927,1972
2019-11-17T15:45:00+09:00,J4,749,762,1511
2019-11-17T15:45:00+09:00,J5,523,587,1110
2019-11-17T16:00:00+09:00,J1,742,897,1639
2019-11-17T16:00:00+09:00,J2,702,781,1483
2019-11-17T16:00:00+09:00,J3,1273,1071,2344
2019-11-17T16:00:00+09:00,J4,752,826,1578
2019-11-17T16:00:00+09:00,J5,556,600,1156
2019-11-17T16:15:00+09:00,J1,832,906,1738
2019-11-17T16:15:00+09:00,J2,603,744,1347
2019-11-17T16:15:00+09:00,J3,1276,1160,2436
2019-11-17T16:15:00+09:00,J4,688,721,1409
2019-11-17T16:15:00+09:00,J5,548,597,1145
2019-11-17T16:30:00+09:00,J1,870,921,1791
2019-11-17T16:30:00+09:00,J2,684,741,1425
2019-11-17T16:30:00+09:00,J3,1196,1206,2402
2019-11-17T16:30:00+09:00,J4,739,785,1524
2019-11-17T16:30:00+09:00,J5,473,497,970
2019-11-17T16:45:00+09:00,J1,773,964,1737
2019-11-17T16:45:00+09:00,J2,609,670,1279
2019-11-17T16:45:00+09:00,J3,1248,1124,2372
2019-11-17T16:45:00+09:00,J4,681,694,1375
2019-11-17T16:45:00+09:00,J5,439,564,1003
2019-11-17T17:00:00+09:00,J1,815,966,1781
2019-11-17T17:00:00+09:00,J2,575,645,1220
2019-11-17T17:00:00+09:00,J3,1223,1085,2308
2019-11-17T17:00:00+09:00,J4,799,756,1555
2019-11-17T17:00:00+09:00,J5,546,578,1124
2019-11-17T17:15:00+09:00,J1,817,961,1778
2019-11-17T17:15:00+09:00,J2,621,619,1240
2019-11-17T17:15:00+09:00,J3,1251,1114,2365
2019-11-17T17:15:00+09:00,J4,776,694,1470
2019-11-17T17:15:00+09:00,J5,569,660,1229
2019-11-17T17:30:00+09:00,J1,807,961,1768
2019-11-17T17:30:00+09:00,J2,600,614,1214
2019-11-17T17:30:00+09:00,J3,1159,964,2123
2019-11-17T17:30:00+09:00,J4,751,661,1412
2019-11-17T17:30:00+09:00,J5,580,624,1204
2019-11-17T17:45:00+09:00,J1,816,907,1723
2019-11-17T17:45:00+09:00,J2,586,625,1211
2019-11-17T17:45:00+09:00,J3,1182,1052,2234
2019-11-17T17:45:00+09:00,J4,677,732,1409
2019-11-17T17:45:00+09:00,J5,518,556,1074
2019-11-17T18:00:00+09:00,J1,820,980,1800
2019-11-17T18:00:00+09:00,J2,536,603,1139
2019-11-17T18:00:00+09:00,J3,1083,1012,2095
2019-11-17T18:00:00+09:00,J4,645,612,1257
2019-11-17T18:00:00+09:00,J5,505,581,1086
2019-11-17T18:15:00+09:00,J1,837,940,1777
2019-11-17T18:15:00+09:00,J2,490,568,1058
2019-11-17T18:15:00+09:00,J3,1231,1062,2293
2019-11-17T18:15:00+09:00,J4,706,695,1401
2019-11-17T18:15:00+09:00,J5,586,621,1207
2019-11-17T18:30:00+09:00,J1,871,891,1762
2019-11-17T18:30:00+09:00,J2,474,566,1040
2019-11-17T18:30:00+09:00,J3,1076,839,1915
2019-11-17T18:30:00+09:00,J4,807,769,1576
2019-11-17T18:30:00+09:00,J5,509,545,1054
2019-11-17T18:45:00+09:00,J1,866,875,1741
2019-11-17T18:45:00+09:00,J2,439,599,1038
2019-11-17T18:45:00+09:00,J3,875,726,1601
2019-11-17T18:45:00+09:00,J4,729,719,1448
2019-11-17T18:45:00+09:00,J5,419,468,887
2019-11-17T19:00:00+09:00,J1,757,824,1581
2019-11-17T19:00:00+09:00,J2,443,538,981
2019-11-17T19:00:00+09:00,J3,897,767,1664
2019-11-17T19:00:00+09:00,J4,792,726,1518
2019-11-17T19:00:00+09:00,J5,512,566,1078
2019-11-17T19:15:00+09:00,J1,789,857,1646
2019-11-17T19:15:00+09:00,J2,472,549,1021
2019-11-17T19:15:00+09:00,J3,802,822,1624
2019-11-17T19:15:00+09:00,J4,770,752,1522
2019-11-17T19:15:00+09:00,J5,498,512,1010
2019-11-17T19:30:00+09:00,J1,689,789,1478
2019-11-17T19:30:00+09:00,J2,367,580,947
2019-11-17T19:30:00+09:00,J3,824,790,1614
2019-11-17T19:30:00+09:00,J4,707,766,1473
2019-11-17T19:30:00+09:00,J5,426,468,894
2019-11-17T19:45:00+09:00,J1,770,797,1567
2019-11-17T19:45:00+09:00,J2,422,601,1023
2019-11-17T19:45:00+09:00,J3,802,857,1659
2019-11-17T19:45:00+09:00,J4,697,725,1422
2019-11-17T19:45:00+09:00,J5,417,446,863
2019-11-17T20:00:00+09:00,J1,714,805,1519
2019-11-17T20:00:00+09:00,J2,335,519,854
2019-11-17T20:00:00+09:00,J3,778,753,1531
2019-11-17T20:00:00+09:00,J4,814,789,1603
2019-11-17T20:00:00+09:00,J5,500,548,1048
2019-11-17T20:15:00+09:00,J1,765,829,1594
2019-11-17T20:15:00+09:00,J2,380,505,885
2019-11-17T20:15:00+09:00,J3,823,845,1668
2019-11-17T20:15:00+09:00,J4,775,795,1570
2019-11-17T20:15:00+09:00,J5,415,500,915
2019-11-17T20:30:00+09:00,J1,769,775,1544
2019-11-17T20:30:00+09:00,J2,390,524,914
2019-11-17T20:30:00+09:00,J3,860,754,1614
2019-11-17T20:30:00+09:00,J4,868,862,1730
2019-11-17T20:30:00+09:00,J5,499,498,997
2019-11-17T20:45:00+09:00,J1,756,857,1613
2019-11-17T20:45:00+09:00,J2,377,565,942
2019-11-17T20:45:00+09:00,J3,764,716,1480
2019-11-17T20:45:00+09:00,J4,769,809,1578
2019-11-17T20:45:00+09:00,J5,441,450,891
2019-11-17T21:00:00+09:00,J1,724,827,1551
2019-11-17T21:00:00+09:00,J2,419,500,919
2019-11-17T21:00:00+09:00,J3,807,670,1477
2019-11-17T21:00:00+09:00,J4,811,826,1637
2019-11-17T21:00:00+09:00,J5,488,469,957
2019-11-17T21:15:00+09:00,J1,694,840,1534
2019-11-17T21:15:00+09:00,J2,438,477,915
2019-11-17T21:15:00+09:00,J3,791,718,1509
2019-11-17T21:15:00+09:00,J4,754,800,1554
2019-11-17T21:15:00+09:00,J5,449,554,1003
2019-11-17T21:30:00+09:00,J1,692,769,1461
2019-11-17T21:30:00+09:00,J2,538,529,1067
2019-11-17T21:30:00+09:00,J3,719,695,1414
2019-11-17T21:30:00+09:00,J4,715,718,1433
2019-11-17T21:30:00+09:00,J5,422,463,885
2019-11-17T21:45:00+09:00,J1,669,668,1337
2019-11-17T21:45:00+09:00,J2,581,525,1106
2019-11-17T21:45:00+09:00,J3,795,713,1508
2019-11-17T21:45:00+09:00,J4,757,763,1520
2019-11-17T21:45:00+09:00,J5,432,434,866
2019-11-17T22:00:00+09:00,J1,703,711,1414
2019-11-17T22:00:00+09:00,J2,606,462,1068
2019-11-17T22:00:00+09:00,J3,823,720,1543
2019-11-17T22:00:00+09:00,J4,678,691,1369
2019-11-17T22:00:00+09:00,J5,393,426,819
2019-11-17T22:15:00+09:00,J1,700,736,1436
2019-11-17T22:15:00+09:00,J2,540,440,980
2019-11-17T22:15:00+09:00,J3,735,686,1421
2019-11-17T22:15:00+09:00,J4,622,710,1332
2019-11-17T22:15:00+09:00,J5,439,449,888
2019-11-17T22:30:00+09:00,J1,674,693,1367
2019-11-17T22:30:00+09:00,J2,527,487,1014
2019-11-17T22:30:00+09:00,J3,787,681,1468
2019-11-17T22:30:00+09:00,J4,620,676,1296
2019-11-17T22:30:00+09:00,J5,432,385,817
2019-11-17T22:45:00+09:00,J1,660,743,1403
2019-11-17T22:45:00+09:00,J2,573,525,1098
2019-11-17T22:45:00+09:00,J3,744,623,1367
2019-11-17T22:45:00+09:00,J4,587,709,1296
2019-11-17T22:45:00+09:00,J5,548,463,1011
2019-11-17T23:00:00+09:00,J1,672,752,1424
2019-11-17T23:00:00+09:00,J2,435,378,813
2019-11-17T23:00:00+09:00,J3,809,761,1570
2019-11-17T23:00:00+09:00,J4,585,676,1261
2019-11-17T23:00:00+09:00,J5,606,529,1135
2019-11-17T23:15:00+09:00,J1,647,703,1350
2019-11-17T23:15:00+09:00,J2,437,476,913
2019-11-17T23:15:00+09:00,J3,665,662,1327
2019-11-17T23:15:00+09:00,J4,632,677,1309
2019-11-17T23:15:00+09:00,J5,554,529,1083
2019-11-17T23:30:00+09:00,J1,569,630,1199
2019-11-17T23:30:00+09:00,J2,491,454,945
2019-11-17T23:30:00+09:00,J3,630,621,1251
2019-11-17T23:30:00+09:00,J4,609,734,1343
2019-11-17T23:30:00+09:00,J5,588,469,1057
2019-11-17T23:45:00+09:00,J1,578,617,1195
2019-11-17T23:45:00+09:00,J2,534,431,965
2019-11-17T23:45:00+09:00,J3,575,545,1120
2019-11-17T23:45:00+09:00,J4,560,622,1182
2019-11-17T23:45:00+09:00,J5,580,534,1114
2019-11-18T00:00:00+09:00,J1,414,407,821
2019-11-18T00:00:00+09:00,J2,450,389,839
2019-11-18T00:00:00+09:00,J3,599,550,1149
2019-11-18T00:00:00+09:00,J4,516,553,1069
2019-11-18T00:00:00+09:00,J5,596,527,1123
2019-11-18T00:15:00+09:00,J1,363,392,755
2019-11-18T00:15:00+09:00,J2,338,373,711
2019-11-18T00:15:00+09:00,J3,664,608,1272
2019-11-18T00:15:00+09:00,J4,475,504,979
2019-11-18T00:15:00+09:00,J5,499,549,1048
2019-11-18T00:30:00+09:00,J1,156,140,296
2019-11-18T00:30:00+09:00,J2,444,327,771
2019-11-18T00:30:00+09:00,J3,527,526,1053
2019-11-18T00:30:00+09:00,J4,637,684,1321
2019-11-18T00:30:00+09:00,J5,483,539,1022
2019-11-18T00:45:00+09:00,J1,176,137,313
2019-11-18T00:45:00+09:00,J2,439,366,805
2019-11-18T00:45:00+09:00,J3,504,550,1054
2019-11-18T00:45:00+09:00,J4,699,685,1384
2019-11-18T00:45:00+09:00,J5,445,511,956
2019-11-18T05:45:00+09:00,J1,544,589,1133
2019-11-18T05:45:00+09:00,J2,327,271,598
2019-11-18T05:45:00+09:00,J3,665,695,1360
2019-11-18T05:45:00+09:00,J4,865,830,1695
2019-11-18T05:45:00+09:00,J5,336,320,656
2019-11-18T06:00:00+09:00,J1,541,542,1083
2019-11-18T06:00:00+09:00,J2,338,330,668
2019-11-18T06:00:00+09:00,J3,747,629,1376
2019-11-18T06:00:00+09:00,J4,745,801,1546
2019-11-18T06:00:00+09:00,J5,355,405,760
2019-11-18T06:15:00+09:00,J1,649,657,1306
2019-11-18T06:15:00+09:00,J2,476,416,892
2019-11-18T06:15:00+09:00,J3,693,641,1334
2019-11-18T06:15:00+09:00,J4,799,887,1686
2019-11-18T06:15:00+09:00,J5,523,502,1025
2019-11-18T06:30:00+09:00,J1,585,632,1217
2019-11-18T06:30:00+09:00,J2,559,483,1042
2019-11-18T06:30:00+09:00,J3,669,616,1285
2019-11-18T06:30:00+09:00,J4,823,793,1616
2019-11-18T06:30:00+09:00,J5,646,540,1186
2019-11-18T06:45:00+09:00,J1,659,683,1342
2019-11-18T06:45:00+09:00,J2,614,487,1101
2019-11-18T06:45:00+09:00,J3,637,626,1263
2019-11-18T06:45:00+09:00,J4,850,837,1687
2019-11-18T06:45:00+09:00,J5,557,524,1081
2019-11-18T07:00:00+09:00,J1,783,796,1579
2019-11-18T07:00:00+09:00,J2,490,473,963
2019-11-18T07:00:00+09:00,J3,585,640,1225
2019-11-18T07:00:00+09:00,J4,828,804,1632
2019-11-18T07:00:00+09:00,J5,590,524,1114
2019-11-18T07:15:00+09:00,J1,895,868,1763
2019-11-18T07:15:00+09:00,J2,573,430,1003
2019-11-18T07:15:00+09:00,J3,747,746,1493
2019-11-18T07:15:00+09:00,J4,918,861,1779
2019-11-18T07:15:00+09:00,J5,677,524,1201
2019-11-18T07:30:00+09:00,J1,879,891,1770
2019-11-18T07:30:00+09:00,J2,685,551,1236
2019-11-18T07:30:00+09:00,J3,830,742,1572
2019-11-18T07:30:00+09:00,J4,1010,1045,2055
2019-11-18T07:30:00+09:00,J5,541,468,1009
2019-11-18T07:45:00+09:00,J1,1010,1084,2094
2019-11-18T07:45:00+09:00,J2,781,551,1332
2019-11-18T07:45:00+09:00,J3,971,919,1890
2019-11-18T07:45:00+09:00,J4,1068,1133,2201
2019-11-18T07:45:00+09:00,J5,566,552,1118
2019-11-18T08:00:00+09:00,J1,1215,1012,2227
2019-11-18T08:00:00+09:00,J2,809,476,1285
2019-11-18T08:00:00+09:00,J3,1046,992,2038
2019-11-18T08:00:00+09:00,J4,952,1027,1979
2019-11-18T08:00:00+09:00,J5,507,541,1048
2019-11-18T08:15:00+09:00,J1,1371,1115,2486
2019-11-18T08:15:00+09:00,J2,1226,594,1820
2019-11-18T08:15:00+09:00,J3,1247,1429,2676
2019-11-18T08:15:00+09:00,J4,1111,1311,2422
2019-11-18T08:15:00+09:00,J5,608,698,1306
2019-11-18T08:30:00+09:00,J1,1212,956,2168
2019-11-18T08:30:00+09:00,J2,1050,555,1605
2019-11-18T08:30:00+09:00,J3,931,1333,2264
2019-11-18T08:30:00+09:00,J4,1064,1172,2236
2019-11-18T08:30:00+09:00,J5,605,719,1324
2019-11-18T08:45:00+09:00,J1,1243,1071,2314
2019-11-18T08:45:00+09:00,J2,759,399,1158
2019-11-18T08:45:00+09:00,J3,965,1040,2005
2019-11-18T08:45:00+09:00,J4,1044,1074,2118
2019-11-18T08:45:00+09:00,J5,397,442,839
2019-11-18T09:00:00+09:00,J1,1099,1004,2103
2019-11-18T09:00:00+09:00,J2,561,372,933
2019-11-18T09:00:00+09:00,J3,924,826,1750
2019-11-18T09:00:00+09:00,J4,1021,1021,2042
2019-11-18T09:00:00+09:00,J5,443,441,884
2019-11-18T09:15:00+09:00,J1,1054,935,1989
2019-11-18T09:15:00+09:00,J2,524,387,911
2019-11-18T09:15:00+09:00,J3,971,875,1846
2019-11-18T09:15:00+09:00,J4,932,1047,1979
2019-11-18T09:15:00+09:00,J5,397,386,783
2019-11-18T09:30:00+09:00,J1,1014,1095,2109
2019-11-18T09:30:00+09:00,J2,475,412,887
2019-11-18T09:30:00+09:00,J3,900,886,1786
2019-11-18T09:30:00+09:00,J4,960,999,1959
2019-11-18T09:30:00+09:00,J5,401,389,790
2019-11-18T09:45:00+09:00,J1,937,992,1929
2019-11-18T09:45:00+09:00,J2,467,410,877
2019-11-18T09:45:00+09:00,J3,821,864,1685
2019-11-18T09:45:00+09:00,J4,944,903,1847
2019-11-18T09:45:00+09:00,J5,513,475,988
2019-11-18T10:00:00+09:00,J1,960,977,1937
2019-11-18T10:00:00+09:00,J2,455,439,894
2019-11-18T10:00:00+09:00,J3,902,842,1744
2019-11-18T10:00:00+09:00,J4,966,957,1923
2019-11-18T10:00:00+09:00,J5,418,434,852
2019-11-18T10:15:00+09:00,J1,956,1087,2043
2019-11-18T10:15:00+09:00,J2,460,448,908
2019-11-18T10:15:00+09:00,J3,899,862,1761
2019-11-18T10:15:00+09:00,J4,974,941,1915
2019-11-18T10:15:00+09:00,J5,426,426,852
2019-11-18T10:30:00+09:00,J1,1003,1003,2006
2019-11-18T10:30:00+09:00,J2,544,473,1017
2019-11-18T10:30:00+09:00,J3,987,875,1862
2019-11-18T10:30:00+09:00,J4,1018,994,2012
2019-11-18T10:30:00+09:00,J5,478,380,858
2019-11-18T10:45:00+09:00,J1,988,1134,2122
2019-11-18T10:45:00+09:00,J2,464,592,1056
2019-11-18T10:45:00+09:00,J3,983,898,1881
2019-11-18T10:45:00+09:00,J4,1045,1007,2052
2019-11-18T10:45:00+09:00,J5,408,364,772
2019-11-18T11:00:00+09:00,J1,839,894,1733
2019-11-18T11:00:00+09:00,J2,382,449,831
2019-11-18T11:00:00+09:00,J3,810,704,1514
2019-11-18T11:00:00+09:00,J4,913,864,1777
2019-11-18T11:00:00+09:00,J5,365,406,771
2019-11-18T11:15:00+09:00,J1,1254,1378,2632
2019-11-18T11:15:00+09:00,J2,570,674,1244
2019-11-18T11:15:00+09:00,J3,1138,1178,2316
2019-11-18T11:15:00+09:00,J4,1359,1234,2593
2019-11-18T11:15:00+09:00,J5,535,616,1151
2019-11-18T11:30:00+09:00,J1,1094,1187,2281
2019-11-18T11:30:00+09:00,J2,536,549,1085
2019-11-18T11:30:00+09:00,J3,1059,1004,2063
2019-11-18T11:30:00+09:00,J4,997,972,1969
2019-11-18T11:30:00+09:00,J5,450,546,996
2019-11-18T11:45:00+09:00,J1,1091,1250,2341
2019-11-18T11:45:00+09:00,J2,593,629,1222
2019-11-18T11:45:00+09:00,J3,1066,1006,2072
2019-11-18T11:45:00+09:00,J4,984,984,1968
2019-11-18T11:45:00+09:00,J5,440,470,910
2019-11-18T12:00:00+09:00,J1,1144,1160,2304
2019-11-18T12:00:00+09:00,J2,633,699,1332
2019-11-18T12:00:00+09:00,J3,1166,1112,2278
2019-11-18T12:00:00+09:00,J4,1155,1027,2182
2019-11-18T12:00:00+09:00,J5,481,584,1065
2019-11-18T12:15:00+09:00,J1,1068,1164,2232
2019-11-18T12:15:00+09:00,J2,625,681,1306
2019-11-18T12:15:00+09:00,J3,991,967,1958
2019-11-18T12:15:00+09:00,J4,1065,984,2049
2019-11-18T12:15:00+09:00,J5,468,543,1011
2019-11-18T12:30:00+09:00,J1,1014,1201,2215
2019-11-18T12:30:00+09:00,J2,733,622,1355
2019-11-18T12:30:00+09:00,J3,959,895,1854
2019-11-18T12:30:00+09:00,J4,1058,1039,2097
2019-11-18T12:30:00+09:00,J5,527,524,1051
2019-11-18T12:45:00+09:00,J1,959,1198,2157
2019-11-18T12:45:00+09:00,J2,691,599,1290
2019-11-18T12:45:00+09:00,J3,1011,939,1950
2019-11-18T12:45:00+09:00,J4,955,974,1929
2019-11-18T12:45:00+09:00,J5,487,448,935
2019-11-18T13:00:00+09:00,J1,984,1168,2152
2019-11-18T13:00:00+09:00,J2,664,686,1350
2019-11-18T13:00:00+09:00,J3,952,801,1753
2019-11-18T13:00:00+09:00,J4,989,982,1971
2019-11-18T13:00:00+09:00,J5,468,482,950
2019-11-18T13:15:00+09:00,J1,997,1146,2143
2019-11-18T13:15:00+09:00,J2,630,654,1284
2019-11-18T13:15:00+09:00,J3,1094,987,2081
2019-11-18T13:15:00+09:00,J4,976,1017,1993
2019-11-18T13:15:00+09:00,J5,526,555,1081
2019-11-18T13:30:00+09:00,J1,956,1205,2161
2019-11-18T13:30:00+09:00,J2,605,665,1270
2019-11-18T13:30:00+09:00,J3,1203,1093,2296
2019-11-18T13:30:00+09:00,J4,884,922,1806
2019-11-18T13:30:00+09:00,J5,501,486,987
2019-11-18T13:45:00+09:00,J1,996,1154,2150
2019-11-18T13:45:00+09:00,J2,617,664,1281
2019-11-18T13:45:00+09:00,J3,1205,1100,2305
2019-11-18T13:45:00+09:00,J4,850,882,1732
2019-11-18T13:45:00+09:00,J5,420,453,873
2019-11-18T14:00:00+09:00,J1,984,1084,2068
2019-11-18T14:00:00+09:00,J2,667,595,1262
2019-11-18T14:00:00+09:00,J3,1109,1007,2116
2019-11-18T14:00:00+09:00,J4,769,828,1597
2019-11-18T14:00:00+09:00,J5,369,419,788
2019-11-18T14:15:00+09:00,J1,891,1058,1949
2019-11-18T14:15:00+09:00,J2,635,590,1225
2019-11-18T14:15:00+09:00,J3,1027,935,1962
2019-11-18T14:15:00+09:00,J4,917,953,1870
2019-11-18T14:15:00+09:00,J5,410,439,849
2019-11-18T14:30:00+09:00,J1,948,1071,2019
2019-11-18T14:30:00+09:00,J2,698,649,1347
2019-11-18T14:30:00+09:00,J3,1196,1193,2389
2019-11-18T14:30:00+09:00,J4,1037,995,2032
2019-11-18T14:30:00+09:00,J5,441,544,985
2019-11-18T14:45:00+09:00,J1,926,999,1925
2019-11-18T14:45:00+09:00,J2,781,671,1452
2019-11-18T14:45:00+09:00,J3,1007,1113,2120
2019-11-18T14:45:00+09:00,J4,831,828,1659
2019-11-18T14:45:00+09:00,J5,413,457,870
2019-11-18T15:00:00+09:00,J1,919,1047,1966
2019-11-18T15:00:00+09:00,J2,718,632,1350
2019-11-18T15:00:00+09:00,J3,1132,1053,2185
2019-11-18T15:00:00+09:00,J4,674,736,1410
2019-11-18T15:00:00+09:00,J5,391,410,801
2019-11-18T15:15:00+09:00,J1,887,1008,1895
2019-11-18T15:15:00+09:00,J2,657,650,1307
2019-11-18T15:15:00+09:00,J3,1045,1073,2118
2019-11-18T15:15:00+09:00,J4,652,727,1379
2019-11-18T15:15:00+09:00,J5,407,449,856
2019-11-18T15:30:00+09:00,J1,939,1019,1958
2019-11-18T15:30:00+09:00,J2,746,654,1400
2019-11-18T15:30:00+09:00,J3,950,1065,2015
2019-11-18T15:30:00+09:00,J4,644,660,1304
2019-11-18T15:30:00+09:00,J5,326,390,716
2019-11-18T15:45:00+09:00,J1,981,1060,2041
2019-11-18T15:45:00+09:00,J2,716,663,1379
2019-11-18T15:45:00+09:00,J3,924,1095,2019
2019-11-18T15:45:00+09:00,J4,630,636,1266
2019-11-18T15:45:00+09:00,J5,448,494,942
2019-11-18T16:00:00+09:00,J1,834,1096,1930
2019-11-18T16:00:00+09:00,J2,779,651,1430
2019-11-18T16:00:00+09:00,J3,943,908,1851
2019-11-18T16:00:00+09:00,J4,703,711,1414
2019-11-18T16:00:00+09:00,J5,417,467,884
2019-11-18T16:15:00+09:00,J1,825,1078,1903
2019-11-18T16:15:00+09:00,J2,802,730,1532
2019-11-18T16:15:00+09:00,J3,1014,918,1932
2019-11-18T16:15:00+09:00,J4,745,723,1468
2019-11-18T16:15:00+09:00,J5,400,433,833
2019-11-18T16:30:00+09:00,J1,817,1096,1913
2019-11-18T16:30:00+09:00,J2,805,786,1591
2019-11-18T16:30:00+09:00,J3,984,1007,1991
2019-11-18T16:30:00+09:00,J4,680,688,1368
2019-11-18T16:30:00+09:00,J5,407,456,863
2019-11-18T16:45:00+09:00,J1,817,1055,1872
2019-11-18T16:45:00+09:00,J2,805,723,1528
2019-11-18T16:45:00+09:00,J3,956,1013,1969
2019-11-18T16:45:00+09:00,J4,742,658,1400
2019-11-18T16:45:00+09:00,J5,438,478,916
2019-11-18T17:00:00+09:00,J1,805,1058,1863
2019-11-18T17:00:00+09:00,J2,855,757,1612
2019-11-18T17:00:00+09:00,J3,1104,1096,2200
2019-11-18T17:00:00+09:00,J4,745,707,1452
2019-11-18T17:00:00+09:00,J5,510,598,1108
2019-11-18T17:15:00+09:00,J1,1004,1142,2146
2019-11-18T17:15:00+09:00,J2,786,852,1638
2019-11-18T17:15:00+09:00,J3,1309,1146,2455
2019-11-18T17:15:00+09:00,J4,912,856,1768
2019-11-18T17:15:00+09:00,J5,599,703,1302
2019-11-18T17:30:00+09:00,J1,953,1101,2054
2019-11-18T17:30:00+09:00,J2,823,901,1724
2019-11-18T17:30:00+09:00,J3,1422,1104,2526
2019-11-18T17:30:00+09:00,J4,1083,916,1999
2019-11-18T17:30:00+09:00,J5,537,684,1221
2019-11-18T17:45:00+09:00,J1,1043,1155,2198
2019-11-18T17:45:00+09:00,J2,714,831,1545
2019-11-18T17:45:00+09:00,J3,1415,1091,2506
2019-11-18T17:45:00+09:00,J4,1012,929,1941
2019-11-18T17:45:00+09:00,J5,525,689,1214
2019-11-18T18:00:00+09:00,J1,1057,1251,2308
2019-11-18T18:00:00+09:00,J2,751,771,1522
2019-11-18T18:00:00+09:00,J3,1390,1038,2428
2019-11-18T18:00:00+09:00,J4,1029,895,1924
2019-11-18T18:00:00+09:00,J5,550,657,1207
2019-11-18T18:15:00+09:00,J1,1383,1597,2980
2019-11-18T18:15:00+09:00,J2,926,1092,2018
2019-11-18T18:15:00+09:00,J3,1720,1404,3124
2019-11-18T18:15:00+09:00,J4,1400,1128,2528
2019-11-18T18:15:00+09:00,J5,600,800,1400
2019-11-18T18:30:00+09:00,J1,999,1078,2077
2019-11-18T18:30:00+09:00,J2,657,741,1398
2019-11-18T18:30:00+09:00,J3,1157,913,2070
2019-11-18T18:30:00+09:00,J4,922,766,1688
2019-11-18T18:30:00+09:00,J5,511,612,1123
2019-11-18T18:45:00+09:00,J1,914,1016,1930
2019-11-18T18:45:00+09:00,J2,629,657,1286
2019-11-18T18:45:00+09:00,J3,1041,758,1799
2019-11-18T18:45:00+09:00,J4,912,821,1733
2019-11-18T18:45:00+09:00,J5,479,585,1064
2019-11-18T19:00:00+09:00,J1,827,855,1682
2019-11-18T19:00:00+09:00,J2,717,651,1368
2019-11-18T19:00:00+09:00,J3,1039,835,1874
2019-11-18T19:00:00+09:00,J4,793,701,1494
2019-11-18T19:00:00+09:00,J5,571,681,1252
2019-11-18T19:15:00+09:00,J1,799,920,1719
2019-11-18T19:15:00+09:00,J2,737,724,1461
2019-11-18T19:15:00+09:00,J3,941,732,1673
2019-11-18T19:15:00+09:00,J4,872,689,1561
2019-11-18T19:15:00+09:00,J5,539,677,1216
2019-11-18T19:30:00+09:00,J1,803,877,1680
2019-11-18T19:30:00+09:00,J2,713,646,1359
2019-11-18T19:30:00+09:00,J3,865,732,1597
2019-11-18T19:30:00+09:00,J4,786,680,1466
2019-11-18T19:30:00+09:00,J5,602,670,1272
2019-11-18T19:45:00+09:00,J1,725,797,1522
2019-11-18T19:45:00+09:00,J2,678,623,1301
2019-11-18T19:45:00+09:00,J3,772,644,1416
2019-11-18T19:45:00+09:00,J4,702,628,1330
2019-11-18T19:45:00+09:00,J5,516,641,1157
2019-11-18T20:00:00+09:00,J1,770,829,1599
2019-11-18T20:00:00+09:00,J2,749,633,1382
2019-11-18T20:00:00+09:00,J3,731,667,1398
2019-11-18T20:00:00+09:00,J4,713,602,1315
2019-11-18T20:00:00+09:00,J5,563,593,1156
2019-11-18T20:15:00+09:00,J1,751,795,1546
2019-11-18T20:15:00+09:00,J2,726,562,1288
2019-11-18T20:15:00+09:00,J3,736,676,1412
2019-11-18T20:15:00+09:00,J4,705,651,1356
2019-11-18T20:15:00+09:00,J5,566,620,1186
2019-11-18T20:30:00+09:00,J1,696,833,1529
2019-11-18T20:30:00+09:00,J2,722,597,1319
2019-11-18T20:30:00+09:00,J3,724,640,1364
2019-11-18T20:30:00+09:00,J4,637,566,1203
2019-11-18T20:30:00+09:00,J5,535,606,1141
2019-11-18T20:45:00+09:00,J1,734,829,1563
2019-11-18T20:45:00+09:00,J2,744,655,1399
2019-11-18T20:45:00+09:00,J3,766,636,1402
2019-11-18T20:45:00+09:00,J4,607,498,1105
2019-11-18T20:45:00+09:00,J5,451,536,987
2019-11-18T21:00:00+09:00,J1,706,786,1492
2019-11-18T21:00:00+09:00,J2,655,646,1301
2019-11-18T21:00:00+09:00,J3,687,621,1308
2019-11-18T21:00:00+09:00,J4,715,614,1329
2019-11-18T21:00:00+09:00,J5,497,553,1050
2019-11-18T21:15:00+09:00,J1,647,797,1444
2019-11-18T21:15:00+09:00,J2,580,607,1187
2019-11-18T21:15:00+09:00,J3,648,679,1327
2019-11-18T21:15:00+09:00,J4,695,611,1306
2019-11-18T21:15:00+09:00,J5,411,480,891
2019-11-18T21:30:00+09:00,J1,691,764,1455
2019-11-18T21:30:00+09:00,J2,390,430,820
2019-11-18T21:30:00+09:00,J3,656,698,1354
2019-11-18T21:30:00+09:00,J4,589,594,1183
2019-11-18T21:30:00+09:00,J5,417,478,895
2019-11-18T21:45:00+09:00,J1,662,780,1442
2019-11-18T21:45:00+09:00,J2,407,428,835
2019-11-18T21:45:00+09:00,J3,622,707,1329
2019-11-18T21:45:00+09:00,J4,589,547,1136
2019-11-18T21:45:00+09:00,J5,411,422,833
2019-11-18T22:00:00+09:00,J1,612,711,1323
2019-11-18T22:00:00+09:00,J2,353,424,777
2019-11-18T22:00:00+09:00,J3,708,662,1370
2019-11-18T22:00:00+09:00,J4,670,667,1337
2019-11-18T22:00:00+09:00,J5,363,379,742
2019-11-18T22:15:00+09:00,J1,628,743,1371
2019-11-18T22:15:00+09:00,J2,308,414,722
2019-11-18T22:15:00+09:00,J3,702,657,1359
2019-11-18T22:15:00+09:00,J4,639,592,1231
2019-11-18T22:15:00+09:00,J5,342,320,662
2019-11-18T22:30:00+09:00,J1,645,659,1304
2019-11-18T22:30:00+09:00,J2,315,385,700
2019-11-18T22:30:00+09:00,J3,655,579,1234
2019-11-18T22:30:00+09:00,J4,679,684,1363
2019-11-18T22:30:00+09:00,J5,367,326,693
2019-11-18T22:45:00+09:00,J1,696,682,1378
2019-11-18T22:45:00+09:00,J2,311,381,692
2019-11-18T22:45:00+09:00,J3,740,626,1366
2019-11-18T22:45:00+09:00,J4,631,536,1167
2019-11-18T22:45:00+09:00,J5,327,300,627
2019-11-18T23:00:00+09:00,J1,607,611,1218
2019-11-18T23:00:00+09:00,J2,318,355,673
2019-11-18T23:00:00+09:00,J3,693,619,1312
2019-11-18T23:00:00+09:00,J4,611,556,1167
2019-11-18T23:00:00+09:00,J5,290,300,590
2019-11-18T23:15:00+09:00,J1,508,519,1027
2019-11-18T23:15:00+09:00,J2,287,378,665
2019-11-18T23:15:00+09:00,J3,669,588,1257
2019-11-18T23:15:00+09:00,J4,539,552,1091
2019-11-18T23:15:00+09:00,J5,283,334,617
2019-11-18T23:30:00+09:00,J1,515,585,1100
2019-11-18T23:30:00+09:00,J2,307,408,715
2019-11-18T23:30:00+09:00,J3,591,529,1120
2019-11-18T23:30:00+09:00,J4,511,576,1087
2019-11-18T23:30:00+09:00,J5,295,326,621
2019-11-18T23:45:00+09:00,J1,598,530,1128
2019-11-18T23:45:00+09:00,J2,341,426,767
2019-11-18T23:45:00+09:00,J3,551,562,1113
2019-11-18T23:45:00+09:00,J4,448,421,869
2019-11-18T23:45:00+09:00,J5,331,299,630
2019-11-19T00:00:00+09:00,J1,369,364,733
2019-11-19T00:00:00+09:00,J2,327,335,662
2019-11-19T00:00:00+09:00,J3,560,536,1096
2019-11-19T00:00:00+09:00,J4,390,446,836
2019-11-19T00:00:00+09:00,J5,372,340,712
2019-11-19T00:15:00+09:00,J1,324,372,696
2019-11-19T00:15:00+09:00,J2,286,355,641
2019-11-19T00:15:00+09:00,J3,482,403,885
2019-11-19T00:15:00+09:00,J4,469,440,909
2019-11-19T00:15:00+09:00,J5,299,317,616
2019-11-19T00:30:00+09:00,J1,302,294,596
2019-11-19T00:30:00+09:00,J2,279,322,601
2019-11-19T00:30:00+09:00,J3,411,338,749
2019-11-19T00:30:00+09:00,J4,479,454,933
2019-11-19T00:30:00+09:00,J5,397,396,793
2019-11-19T00:45:00+09:00,J1,313,279,592
2019-11-19T00:45:00+09:00,J2,292,268,560
2019-11-19T00:45:00+09:00,J3,426,341,767
2019-11-19T00:45:00+09:00,J4,420,437,857
2019-11-19T00:45:00+09:00,J5,329,383,712
2019-11-19T05:45:00+09:00,J1,454,525,979
2019-11-19T05:45:00+09:00,J2,344,286,630
2019-11-19T05:45:00+09:00,J3,545,470,1015
2019-11-19T05:45:00+09:00,J4,556,609,1165
2019-11-19T05:45:00+09:00,J5,508,521,1029
2019-11-19T06:00:00+09:00,J1,459,494,953
2019-11-19T06:00:00+09:00,J2,321,261,582
2019-11-19T06:00:00+09:00,J3,561,484,1045
2019-11-19T06:00:00+09:00,J4,578,566,1144
2019-11-19T06:00:00+09:00,J5,514,492,1006
2019-11-19T06:15:00+09:00,J1,517,531,1048
2019-11-19T06:15:00+09:00,J2,292,262,554
2019-11-19T06:15:00+09:00,J3,466,449,915
2019-11-19T06:15:00+09:00,J4,602,638,1240
2019-11-19T06:15:00+09:00,J5,408,447,855
2019-11-19T06:30:00+09:00,J1,566,571,1137
2019-11-19T06:30:00+09:00,J2,324,283,607
2019-11-19T06:30:00+09:00,J3,488,478,966
2019-11-19T06:30:00+09:00,J4,557,631,1188
2019-11-19T06:30:00+09:00,J5,415,361,776
2019-11-19T06:45:00+09:00,J1,615,627,1242
2019-11-19T06:45:00+09:00,J2,386,367,753
2019-11-19T06:45:00+09:00,J3,489,468,957
2019-11-19T06:45:00+09:00,J4,648,649,1297
2019-11-19T06:45:00+09:00,J5,387,362,749
2019-11-19T07:00:00+09:00,J1,733,656,1389
2019-11-19T07:00:00+09:00,J2,456,361,817
2019-11-19T07:00:00+09:00,J3,550,500,1050
2019-11-19T07:00:00+09:00,J4,583,683,1266
2019-11-19T07:00:00+09:00,J5,445,379,824
2019-11-19T07:15:00+09:00,J1,816,770,1586
2019-11-19T07:15:00+09:00,J2,488,412,900
2019-11-19T07:15:00+09:00,J3,599,503,1102
2019-11-19T07:15:00+09:00,J4,619,803,1422
2019-11-19T07:15:00+09:00,J5,527,435,962
2019-11-19T07:30:00+09:00,J1,907,843,1750
2019-11-19T07:30:00+09:00,J2,415,350,765
2019-11-19T07:30:00+09:00,J3,850,819,1669
2019-11-19T07:30:00+09:00,J4,802,869,1671
2019-11-19T07:30:00+09:00,J5,512,545,1057
2019-11-19T07:45:00+09:00,J1,1029,865,1894
2019-11-19T07:45:00+09:00,J2,465,334,799
2019-11-19T07:45:00+09:00,J3,885,929,1814
2019-11-19T07:45:00+09:00,J4,696,1025,1721
2019-11-19T07:45:00+09:00,J5,541,555,1096
2019-11-19T08:00:00+09:00,J1,1207,1003,2210
2019-11-19T08:00:00+09:00,J2,510,439,949
2019-11-19T08:00:00+09:00,J3,1136,1192,2328
2019-11-19T08:00:00+09:00,J4,742,1023,1765
2019-11-19T08:00:00+09:00,J5,512,592,1104
2019-11-19T08:15:00+09:00,J1,1207,1017,2224
2019-11-19T08:15:00+09:00,J2,566,502,1068
2019-11-19T08:15:00+09:00,J3,1196,1228,2424
2019-11-19T08:15:00+09:00,J4,796,1099,1895
2019-11-19T08:15:00+09:00,J5,542,595,1137
2019-11-19T08:30:00+09:00,J1,1307,1011,2318
2019-11-19T08:30:00+09:00,J2,570,509,1079
2019-11-19T08:30:00+09:00,J3,1159,1275,2434
2019-11-19T08:30:00+09:00,J4,730,1074,1804
2019-11-19T08:30:00+09:00,J5,448,517,965
2019-11-19T08:45:00+09:00,J1,1088,924,2012
2019-11-19T08:45:00+09:00,J2,400,375,775
2019-11-19T08:45:00+09:00,J3,1047,1132,2179
2019-11-19T08:45:00+09:00,J4,679,910,1589
2019-11-19T08:45:00+09:00,J5,546,508,1054
2019-11-19T09:00:00+09:00,J1,947,923,1870
2019-11-19T09:00:00+09:00,J2,455,426,881
2019-11-19T09:00:00+09:00,J3,823,853,1676
2019-11-19T09:00:00+09:00,J4,762,918,1680
2019-11-19T09:00:00+09:00,J5,646,568,1214
2019-11-19T09:15:00+09:00,J1,882,863,1745
2019-11-19T09:15:00+09:00,J2,562,387,949
2019-11-19T09:15:00+09:00,J3,825,896,1721
2019-11-19T09:15:00+09:00,J4,754,876,1630
2019-11-19T09:15:00+09:00,J5,548,558,1106
2019-11-19T09:30:00+09:00,J1,928,821,1749
2019-11-19T09:30:00+09:00,J2,496,339,835
2019-11-19T09:30:00+09:00,J3,853,880,1733
2019-11-19T09:30:00+09:00,J4,790,859,1649
2019-11-19T09:30:00+09:00,J5,517,492,1009
2019-11-19T09:45:00+09:00,J1,867,819,1686
2019-11-19T09:45:00+09:00,J2,433,341,774
2019-11-19T09:45:00+09:00,J3,879,853,1732
2019-11-19T09:45:00+09:00,J4,784,871,1655
2019-11-19T09:45:00+09:00,J5,486,444,930
2019-11-19T10:00:00+09:00,J1,809,778,1587
2019-11-19T10:00:00+09:00,J2,326,264,590
2019-11-19T10:00:00+09:00,J3,668,721,1389
2019-11-19T10:00:00+09:00,J4,784,758,1542
2019-11-19T10:00:00+09:00,J5,472,518,990
2019-11-19T10:15:00+09:00,J1,804,782,1586
2019-11-19T10:15:00+09:00,J2,395,417,812
2019-11-19T10:15:00+09:00,J3,755,763,1518
2019-11-19T10:15:00+09:00,J4,778,793,1571
2019-11-19T10:15:00+09:00,J5,494,455,949
2019-11-19T10:30:00+09:00,J1,806,766,1572
2019-11-19T10:30:00+09:00,J2,520,416,936
2019-11-19T10:30:00+09:00,J3,740,663,1403
2019-11-19T10:30:00+09:00,J4,707,745,1452
2019-11-19T10:30:00+09:00,J5,488,508,996
2019-11-19T10:45:00+09:00,J1,812,756,1568
2019-11-19T10:45:00+09:00,J2,453,367,820
2019-11-19T10:45:00+09:00,J3,780,793,1573
2019-11-19T10:45:00+09:00,J4,722,711,1433
2019-11-19T10:45:00+09:00,J5,511,537,1048
2019-11-19T11:00:00+09:00,J1,833,817,1650
2019-11-19T11:00:00+09:00,J2,444,308,752
2019-11-19T11:00:00+09:00,J3,929,819,1748
2019-11-19T11:00:00+09:00,J4,690,777,1467
2019-11-19T11:00:00+09:00,J5,521,578,1099
2019-11-19T11:15:00+09:00,J1,996,999,1995
2019-11-19T11:15:00+09:00,J2,415,437,852
2019-11-19T11:15:00+09:00,J3,927,871,1798
2019-11-19T11:15:00+09:00,J4,666,648,1314
2019-11-19T11:15:00+09:00,J5,501,530,1031
2019-11-19T11:30:00+09:00,J1,1039,961,2000
2019-11-19T11:30:00+09:00,J2,407,394,801
2019-11-19T11:30:00+09:00,J3,864,833,1697
2019-11-19T11:30:00+09:00,J4,745,763,1508
2019-11-19T11:30:00+09:00,J5,449,541,990
2019-11-19T11:45:00+09:00,J1,997,1012,2009
2019-11-19T11:45:00+09:00,J2,501,387,888
2019-11-19T11:45:00+09:00,J3,937,853,1790
2019-11-19T11:45:00+09:00,J4,717,735,1452
2019-11-19T11:45:00+09:00,J5,509,546,1055
2019-11-19T12:00:00+09:00,J1,968,1000,1968
2019-11-19T12:00:00+09:00,J2,680,458,1138
2019-11-19T12:00:00+09:00,J3,1012,926,1938
2019-11-19T12:00:00+09:00,J4,849,834,1683
2019-11-19T12:00:00+09:00,J5,485,574,1059
2019-11-19T12:15:00+09:00,J1,754,881,1635
2019-11-19T12:15:00+09:00,J2,556,443,999
2019-11-19T12:15:00+09:00,J3,920,911,1831
2019-11-19T12:15:00+09:00,J4,597,646,1243
2019-11-19T12:15:00+09:00,J5,453,570,1023
2019-11-19T12:30:00+09:00,J1,1063,1131,2194
2019-11-19T12:30:00+09:00,J2,880,719,1599
2019-11-19T12:30:00+09:00,J3,1237,1212,2449
2019-11-19T12:30:00+09:00,J4,659,863,1522
2019-11-19T12:30:00+09:00,J5,542,639,1181
2019-11-19T12:45:00+09:00,J1,869,982,1851
2019-11-19T12:45:00+09:00,J2,822,678,1500
2019-11-19T12:45:00+09:00,J3,1000,951,1951
2019-11-19T12:45:00+09:00,J4,623,734,1357
2019-11-19T12:45:00+09:00,J5,543,567,1110
2019-11-19T13:00:00+09:00,J1,856,1002,1858
2019-11-19T13:00:00+09:00,J2,709,587,1296
2019-11-19T13:00:00+09:00,J3,960,926,1886
2019-11-19T13:00:00+09:00,J4,657,714,1371
2019-11-19T13:00:00+09:00,J5,558,546,1104
2019-11-19T13:15:00+09:00,J1,859,880,1739
2019-11-19T13:15:00+09:00,J2,578,504,1082
2019-11-19T13:15:00+09:00,J3,952,883,1835
2019-11-19T13:15:00+09:00,J4,635,625,1260
2019-11-19T13:15:00+09:00,J5,599,572,1171
2019-11-19T13:30:00+09:00,J1,908,1036,1944
2019-11-19T13:30:00+09:00,J2,475,391,866
2019-11-19T13:30:00+09:00,J3,942,878,1820
2019-11-19T13:30:00+09:00,J4,628,730,1358
2019-11-19T13:30:00+09:00,J5,535,537,1072
2019-11-19T13:45:00+09:00,J1,857,1048,1905
2019-11-19T13:45:00+09:00,J2,473,435,908
2019-11-19T13:45:00+09:00,J3,1006,887,1893
2019-11-19T13:45:00+09:00,J4,556,617,1173
2019-11-19T13:45:00+09:00,J5,505,559,1064
2019-11-19T14:00:00+09:00,J1,875,1089,1964
2019-11-19T14:00:00+09:00,J2,450,432,882
2019-11-19T14:00:00+09:00,J3,910,817,1727
2019-11-19T14:00:00+09:00,J4,566,520,1086
2019-11-19T14:00:00+09:00,J5,617,597,1214
2019-11-19T14:15:00+09:00,J1,938,1054,1992
2019-11-19T14:15:00+09:00,J2,469,440,909
2019-11-19T14:15:00+09:00,J3,914,809,1723
2019-11-19T14:15:00+09:00,J4,549,665,1214
2019-11-19T14:15:00+09:00,J5,606,568,1174
2019-11-19T14:30:00+09:00,J1,899,1074,1973
2019-11-19T14:30:00+09:00,J2,479,483,962
2019-11-19T14:30:00+09:00,J3,825,894,1719
2019-11-19T14:30:00+09:00,J4,632,659,1291
2019-11-19T14:30:00+09:00,J5,639,601,1240
2019-11-19T14:45:00+09:00,J1,980,1092,2072
2019-11-19T14:45:00+09:00,J2,454,460,914
2019-11-19T14:45:00+09:00,J3,864,810,1674
2019-11-19T14:45:00+09:00,J4,628,654,1282
2019-11-19T14:45:00+09:00,J5,592,566,1158
2019-11-19T15:00:00+09:00,J1,960,1205,2165
2019-11-19T15:00:00+09:00,J2,469,458,927
2019-11-19T15:00:00+09:00,J3,806,820,1626
2019-11-19T15:00:00+09:00,J4,667,726,1393
2019-11-19T15:00:00+09:00,J5,646,622,1268
2019-11-19T15:15:00+09:00,J1,1048,1072,2120
2019-11-19T15:15:00+09:00,J2,498,502,1000
2019-11-19T15:15:00+09:00,J3,919,816,1735
2019-11-19T15:15:00+09:00,J4,581,668,1249
2019-11-19T15:15:00+09:00,J5,650,546,1196
2019-11-19T15:30:00+09:00,J1,1037,1098,2135
2019-11-19T15:30:00+09:00,J2,486,450,936
2019-11-19T15:30:00+09:00,J3,908,856,1764
2019-11-19T15:30:00+09:00,J4,591,640,1231
2019-11-19T15:30:00+09:00,J5,628,645,1273
2019-11-19T15:45:00+09:00,J1,1030,1160,2190
2019-11-19T15:45:00+09:00,J2,528,623,1151
2019-11-19T15:45:00+09:00,J3,899,853,1752
2019-11-19T15:45:00+09:00,J4,664,652,1316
2019-11-19T15:45:00+09:00,J5,692,568,1260
2019-11-19T16:00:00+09:00,J1,1058,1127,2185
2019-11-19T16:00:00+09:00,J2,526,714,1240
2019-11-19T16:00:00+09:00,J3,1006,962,1968
2019-11-19T16:00:00+09:00,J4,672,691,1363
2019-11-19T16:00:00+09:00,J5,628,592,1220
2019-11-19T16:15:00+09:00,J1,1018,1174,2192
2019-11-19T16:15:00+09:00,J2,638,708,1346
2019-11-19T16:15:00+09:00,J3,952,910,1862
2019-11-19T16:15:00+09:00,J4,674,780,1454
2019-11-19T16:15:00+09:00,J5,678,617,1295
2019-11-19T16:30:00+09:00,J1,1066,1105,2171
2019-11-19T16:30:00+09:00,J2,671,700,1371
2019-11-19T16:30:00+09:00,J3,1120,991,2111
2019-11-19T16:30:00+09:00,J4,742,822,1564
2019-11-19T16:30:00+09:00,J5,686,626,1312
2019-11-19T16:45:00+09:00,J1,978,1070,2048
2019-11-19T16:45:00+09:00,J2,803,749,1552
2019-11-19T16:45:00+09:00,J3,1261,1105,2366
2019-11-19T16:45:00+09:00,J4,690,783,1473
2019-11-19T16:45:00+09:00,J5,731,649,1380
2019-11-19T17:00:00+09:00,J1,1051,1101,2152
2019-11-19T17:00:00+09:00,J2,804,726,1530
2019-11-19T17:00:00+09:00,J3,1195,1017,2212
2019-11-19T17:00:00+09:00,J4,783,887,1670
2019-11-19T17:00:00+09:00,J5,675,678,1353
2019-11-19T17:15:00+09:00,J1,1030,1184,2214
2019-11-19T17:15:00+09:00,J2,723,729,1452
2019-11-19T17:15:00+09:00,J3,1236,1142,2378
2019-11-19T17:15:00+09:00,J4,820,713,1533
2019-11-19T17:15:00+09:00,J5,555,599,1154
2019-11-19T17:30:00+09:00,J1,1184,1225,2409
2019-11-19T17:30:00+09:00,J2,874,751,1625
2019-11-19T17:30:00+09:00,J3,1604,1255,2859
2019-11-19T17:30:00+09:00,J4,899,787,1686
2019-11-19T17:30:00+09:00,J5,596,691,1287
2019-11-19T17:45:00+09:00,J1,1157,1202,2359
2019-11-19T17:45:00+09:00,J2,647,813,1460
2019-11-19T17:45:00+09:00,J3,1553,1311,2864
2019-11-19T17:45:00+09:00,J4,997,809,1806
2019-11-19T17:45:00+09:00,J5,659,775,1434
2019-11-19T18:00:00+09:00,J1,1133,1237,2370
2019-11-19T18:00:00+09:00,J2,855,917,1772
2019-11-19T18:00:00+09:00,J3,1702,1285,2987
2019-11-19T18:00:00+09:00,J4,991,808,1799
2019-11-19T18:00:00+09:00,J5,653,791,1444
2019-11-19T18:15:00+09:00,J1,1231,1235,2466
2019-11-19T18:15:00+09:00,J2,827,825,1652
2019-11-19T18:15:00+09:00,J3,1350,1142,2492
2019-11-19T18:15:00+09:00,J4,1090,934,2024
2019-11-19T18:15:00+09:00,J5,557,692,1249
2019-11-19T18:30:00+09:00,J1,1200,1180,2380
2019-11-19T18:30:00+09:00,J2,603,725,1328
2019-11-19T18:30:00+09:00,J3,1269,1127,2396
2019-11-19T18:30:00+09:00,J4,995,926,1921
2019-11-19T18:30:00+09:00,J5,510,596,1106
2019-11-19T18:45:00+09:00,J1,1074,1186,2260
2019-11-19T18:45:00+09:00,J2,619,640,1259
2019-11-19T18:45:00+09:00,J3,1283,1183,2466
2019-11-19T18:45:00+09:00,J4,885,847,1732
2019-11-19T18:45:00+09:00,J5,494,578,1072
2019-11-19T19:00:00+09:00,J1,1046,1116,2162
2019-11-19T19:00:00+09:00,J2,565,539,1104
2019-11-19T19:00:00+09:00,J3,1270,1109,2379
2019-11-19T19:00:00+09:00,J4,759,768,1527
2019-11-19T19:00:00+09:00,J5,505,519,1024
2019-11-19T19:15:00+09:00,J1,1107,1106,2213
2019-11-19T19:15:00+09:00,J2,558,591,1149
2019-11-19T19:15:00+09:00,J3,1258,1136,2394
2019-11-19T19:15:00+09:00,J4,1033,869,1902
2019-11-19T19:15:00+09:00,J5,448,556,1004
2019-11-19T19:30:00+09:00,J1,1039,1168,2207
2019-11-19T19:30:00+09:00,J2,566,564,1130
2019-11-19T19:30:00+09:00,J3,1217,1133,2350
2019-11-19T19:30:00+09:00,J4,951,864,1815
2019-11-19T19:30:00+09:00,J5,453,572,1025
2019-11-19T19:45:00+09:00,J1,1069,1172,2241
2019-11-19T19:45:00+09:00,J2,511,503,1014
2019-11-19T19:45:00+09:00,J3,1215,1007,2222
2019-11-19T19:45:00+09:00,J4,929,828,1757
2019-11-19T19:45:00+09:00,J5,469,556,1025
2019-11-19T20:00:00+09:00,J1,1003,1137,2140
2019-11-19T20:00:00+09:00,J2,461,444,905
2019-11-19T20:00:00+09:00,J3,1163,1002,2165
2019-11-19T20:00:00+09:00,J4,887,914,1801
2019-11-19T20:00:00+09:00,J5,471,545,1016
2019-11-19T20:15:00+09:00,J1,1045,1149,2194
2019-11-19T20:15:00+09:00,J2,508,520,1028
2019-11-19T20:15:00+09:00,J3,1170,978,2148
2019-11-19T20:15:00+09:00,J4,951,878,1829
2019-11-19T20:15:00+09:00,J5,415,532,947
2019-11-19T20:30:00+09:00,J1,1022,1104,2126
2019-11-19T20:30:00+09:00,J2,585,580,1165
2019-11-19T20:30:00+09:00,J3,1177,1048,2225
2019-11-19T20:30:00+09:00,J4,991,784,1775
2019-11-19T20:30:00+09:00,J5,442,476,918
2019-11-19T20:45:00+09:00,J1,1035,1126,2161
2019-11-19T20:45:00+09:00,J2,481,435,916
2019-11-19T20:45:00+09:00,J3,1177,983,2160
2019-11-19T20:45:00+09:00,J4,991,875,1866
2019-11-19T20:45:00+09:00,J5,493,457,950
2019-11-19T21:00:00+09:00,J1,986,1108,2094
2019-11-19T21:00:00+09:00,J2,642,541,1183
2019-11-19T21:00:00+09:00,J3,945,864,1809
2019-11-19T21:00:00+09:00,J4,882,900,1782
2019-11-19T21:00:00+09:00,J5,549,495,1044
2019-11-19T21:15:00+09:00,J1,917,1173,2090
2019-11-19T21:15:00+09:00,J2,640,532,1172
2019-11-19T21:15:00+09:00,J3,916,840,1756
2019-11-19T21:15:00+09:00,J4,929,856,1785
2019-11-19T21:15:00+09:00,J5,437,506,943
2019-11-19T21:30:00+09:00,J1,934,1069,2003
2019-11-19T21:30:00+09:00,J2,569,547,1116
2019-11-19T21:30:00+09:00,J3,865,861,1726
2019-11-19T21:30:00+09:00,J4,902,892,1794
2019-11-19T21:30:00+09:00,J5,513,483,996
2019-11-19T21:45:00+09:00,J1,909,1039,1948
2019-11-19T21:45:00+09:00,J2,481,485,966
2019-11-19T21:45:00+09:00,J3,888,864,1752
2019-11-19T21:45:00+09:00,J4,794,826,1620
2019-11-19T21:45:00+09:00,J5,532,479,1011
2019-11-19T22:00:00+09:00,J1,857,1000,1857
2019-11-19T22:00:00+09:00,J2,405,551,956
2019-11-19T22:00:00+09:00,J3,890,818,1708
2019-11-19T22:00:00+09:00,J4,848,836,1684
2019-11-19T22:00:00+09:00,J5,517,487,1004
2019-11-19T22:15:00+09:00,J1,917,1022,1939
2019-11-19T22:15:00+09:00,J2,405,543,948
2019-11-19T22:15:00+09:00,J3,842,844,1686
2019-11-19T22:15:00+09:00,J4,804,795,1599
2019-11-19T22:15:00+09:00,J5,589,529,1118
2019-11-19T22:30:00+09:00,J1,924,1147,2071
2019-11-19T22:30:00+09:00,J2,436,571,1007
2019-11-19T22:30:00+09:00,J3,871,776,1647
2019-11-19T22:30:00+09:00,J4,741,791,1532
2019-11-19T22:30:00+09:00,J5,593,517,1110
2019-11-19T22:45:00+09:00,J1,939,1115,2054
2019-11-19T22:45:00+09:00,J2,519,524,1043
2019-11-19T22:45:00+09:00,J3,909,752,1661
2019-11-19T22:45:00+09:00,J4,777,858,1635
2019-11-19T22:45:00+09:00,J5,529,516,1045
2019-11-19T23:00:00+09:00,J1,1005,1087,2092
2019-11-19T23:00:00+09:00,J2,565,563,1128
2019-11-19T23:00:00+09:00,J3,798,724,1522
2019-11-19T23:00:00+09:00,J4,709,858,1567
2019-11-19T23:00:00+09:00,J5,444,520,964
2019-11-19T23:15:00+09:00,J1,881,1113,1994
2019-11-19T23:15:00+09:00,J2,641,637,1278
2019-11-19T23:15:00+09:00,J3,787,709,1496
2019-11-19T23:15:00+09:00,J4,739,852,1591
2019-11-19T23:15:00+09:00,J5,478,503,981
2019-11-19T23:30:00+09:00,J1,926,1087,2013
2019-11-19T23:30:00+09:00,J2,558,558,1116
2019-11-19T23:30:00+09:00,J3,786,686,1472
2019-11-19T23:30:00+09:00,J4,778,876,1654
2019-11-19T23:30:00+09:00,J5,409,492,901
2019-11-19T23:45:00+09:00,J1,883,963,1846
2019-11-19T23:45:00+09:00,J2,491,491,982
2019-11-19T23:45:00+09:00,J3,743,680,1423
2019-11-19T23:45:00+09:00,J4,652,677,1329
2019-11-19T23:45:00+09:00,J5,419,483,902
2019-11-20T00:00:00+09:00,J1,761,767,1528
2019-11-20T00:00:00+09:00,J2,383,389,772
2019-11-20T00:00:00+09:00,J3,688,583,1271
2019-11-20T00:00:00+09:00,J4,604,676,1280
2019-11-20T00:00:00+09:00,J5,479,503,982
2019-11-20T00:15:00+09:00,J1,501,476,977
2019-11-20T00:15:00+09:00,J2,232,198,430
2019-11-20T00:15:00+09:00,J3,444,378,822
2019-11-20T00:15:00+09:00,J4,515,537,1052
2019-11-20T00:15:00+09:00,J5,345,353,698
2019-11-20T00:30:00+09:00,J1,555,486,1041
2019-11-20T00:30:00+09:00,J2,377,408,785
2019-11-20T00:30:00+09:00,J3,572,512,1084
2019-11-20T00:30:00+09:00,J4,690,783,1473
2019-11-20T00:30:00+09:00,J5,535,539,1074
2019-11-20T00:45:00+09:00,J1,377,361,738
2019-11-20T00:45:00+09:00,J2,304,359,663
2019-11-20T00:45:00+09:00,J3,462,385,847
2019-11-20T00:45:00+09:00,J4,699,739,1438
2019-11-20T00:45:00+09:00,J5,480,435,915
2019-11-20T05:45:00+09:00,J1,690,711,1401
2019-11-20T05:45:00+09:00,J2,354,467,821
2019-11-20T05:45:00+09:00,J3,540,452,992
2019-11-20T05:45:00+09:00,J4,820,786,1606
2019-11-20T05:45:00+09:00,J5,453,407,860
2019-11-20T06:00:00+09:00,J1,605,640,1245
2019-11-20T06:00:00+09:00,J2,233,356,589
2019-11-20T06:00:00+09:00,J3,574,466,1040
2019-11-20T06:00:00+09:00,J4,824,841,1665
2019-11-20T06:00:00+09:00,J5,410,412,822
2019-11-20T06:15:00+09:00,J1,716,770,1486
2019-11-20T06:15:00+09:00,J2,295,391,686
2019-11-20T06:15:00+09:00,J3,654,500,1154
2019-11-20T06:15:00+09:00,J4,817,854,1671
2019-11-20T06:15:00+09:00,J5,444,445,889
2019-11-20T06:30:00+09:00,J1,746,734,1480
2019-11-20T06:30:00+09:00,J2,260,382,642
2019-11-20T06:30:00+09:00,J3,613,504,1117
2019-11-20T06:30:00+09:00,J4,756,756,1512
2019-11-20T06:30:00+09:00,J5,441,521,962
2019-11-20T06:45:00+09:00,J1,732,737,1469
2019-11-20T06:45:00+09:00,J2,321,388,709
2019-11-20T06:45:00+09:00,J3,662,600,1262
2019-11-20T06:45:00+09:00,J4,810,948,1758
2019-11-20T06:45:00+09:00,J5,570,618,1188
2019-11-20T07:00:00+09:00,J1,904,900,1804
2019-11-20T07:00:00+09:00,J2,341,425,766
2019-11-20T07:00:00+09:00,J3,775,692,1467
2019-11-20T07:00:00+09:00,J4,862,891,1753
2019-11-20T07:00:00+09:00,J5,697,626,1323
2019-11-20T07:15:00+09:00,J1,847,855,1702
2019-11-20T07:15:00+09:00,J2,366,430,796
2019-11-20T07:15:00+09:00,J3,889,737,1626
2019-11-20T07:15:00+09:00,J4,977,904,1881
2019-11-20T07:15:00+09:00,J5,715,669,1384
2019-11-20T07:30:00+09:00,J1,964,849,1813
2019-11-20T07:30:00+09:00,J2,435,337,772
2019-11-20T07:30:00+09:00,J3,927,878,1805
2019-11-20T07:30:00+09:00,J4,1010,1035,2045
2019-11-20T07:30:00+09:00,J5,645,638,1283
2019-11-20T07:45:00+09:00,J1,1095,1103,2198
2019-11-20T07:45:00+09:00,J2,531,406,937
2019-11-20T07:45:00+09:00,J3,1211,1031,2242
2019-11-20T07:45:00+09:00,J4,1039,1113,2152
2019-11-20T07:45:00+09:00,J5,618,672,1290
2019-11-20T08:00:00+09:00,J1,1258,1179,2437
2019-11-20T08:00:00+09:00,J2,570,399,969
2019-11-20T08:00:00+09:00,J3,1496,1389,2885
2019-11-20T08:00:00+09:00,J4,1040,1174,2214
2019-11-20T08:00:00+09:00,J5,558,656,1214
2019-11-20T08:15:00+09:00,J1,1272,1120,2392
2019-11-20T08:15:00+09:00,J2,733,512,1245
2019-11-20T08:15:00+09:00,J3,1602,1479,3081
2019-11-20T08:15:00+09:00,J4,1053,1252,2305
2019-11-20T08:15:00+09:00,J5,590,656,1246
2019-11-20T08:30:00+09:00,J1,1255,1199,2454
2019-11-20T08:30:00+09:00,J2,820,625,1445
2019-11-20T08:30:00+09:00,J3,1400,1495,2895
2019-11-20T08:30:00+09:00,J4,1064,1244,2308
2019-11-20T08:30:00+09:00,J5,583,599,1182
2019-11-20T08:45:00+09:00,J1,1224,1132,2356
2019-11-20T08:45:00+09:00,J2,581,477,1058
2019-11-20T08:45:00+09:00,J3,1144,1286,2430
2019-11-20T08:45:00+09:00,J4,926,1021,1947
2019-11-20T08:45:00+09:00,J5,726,675,1401
2019-11-20T09:00:00+09:00,J1,1193,1199,2392
2019-11-20T09:00:00+09:00,J2,480,437,917
2019-11-20T09:00:00+09:00,J3,1101,1026,2127
2019-11-20T09:00:00+09:00,J4,843,867,1710
2019-11-20T09:00:00+09:00,J5,778,640,1418
2019-11-20T09:15:00+09:00,J1,1156,1095,2251
2019-11-20T09:15:00+09:00,J2,491,351,842
2019-11-20T09:15:00+09:00,J3,1074,1023,2097
2019-11-20T09:15:00+09:00,J4,918,935,1853
2019-11-20T09:15:00+09:00,J5,737,670,1407
2019-11-20T09:30:00+09:00,J1,1189,1038,2227
2019-11-20T09:30:00+09:00,J2,505,338,843
2019-11-20T09:30:00+09:00,J3,1020,989,2009
2019-11-20T09:30:00+09:00,J4,890,850,1740
2019-11-20T09:30:00+09:00,J5,739,663,1402
2019-11-20T09:45:00+09:00,J1,1091,1087,2178
2019-11-20T09:45:00+09:00,J2,415,324,739
2019-11-20T09:45:00+09:00,J3,1024,1004,2028
2019-11-20T09:45:00+09:00,J4,870,949,1819
2019-11-20T09:45:00+09:00,J5,722,612,1334
2019-11-20T10:00:00+09:00,J1,1187,1070,2257
2019-11-20T10:00:00+09:00,J2,399,318,717
2019-11-20T10:00:00+09:00,J3,910,1001,1911
2019-11-20T10:00:00+09:00,J4,866,885,1751
2019-11-20T10:00:00+09:00,J5,757,643,1400
2019-11-20T10:15:00+09:00,J1,1191,1240,2431
2019-11-20T10:15:00+09:00,J2,433,322,755
2019-11-20T10:15:00+09:00,J3,940,955,1895
2019-11-20T10:15:00+09:00,J4,842,780,1622
2019-11-20T10:15:00+09:00,J5,634,554,1188
2019-11-20T10:30:00+09:00,J1,1232,1174,2406
2019-11-20T10:30:00+09:00,J2,435,316,751
2019-11-20T10:30:00+09:00,J3,1061,1073,2134
2019-11-20T10:30:00+09:00,J4,797,836,1633
2019-11-20T10:30:00+09:00,J5,574,552,1126
2019-11-20T10:45:00+09:00,J1,1120,1288,2408
2019-11-20T10:45:00+09:00,J2,456,321,777
2019-11-20T10:45:00+09:00,J3,1109,1106,2215
2019-11-20T10:45:00+09:00,J4,895,839,1734
2019-11-20T10:45:00+09:00,J5,613,578,1191
2019-11-20T11:00:00+09:00,J1,1193,1251,2444
2019-11-20T11:00:00+09:00,J2,469,353,822
2019-11-20T11:00:00+09:00,J3,1025,1172,2197
2019-11-20T11:00:00+09:00,J4,957,947,1904
2019-11-20T11:00:00+09:00,J5,511,520,1031
2019-11-20T11:15:00+09:00,J1,1154,1226,2380
2019-11-20T11:15:00+09:00,J2,495,406,901
2019-11-20T11:15:00+09:00,J3,1069,996,2065
2019-11-20T11:15:00+09:00,J4,939,1000,1939
2019-11-20T11:15:00+09:00,J5,543,549,1092
2019-11-20T11:30:00+09:00,J1,1228,1205,2433
2019-11-20T11:30:00+09:00,J2,522,404,926
2019-11-20T11:30:00+09:00,J3,1291,1106,2397
2019-11-20T11:30:00+09:00,J4,900,980,1880
2019-11-20T11:30:00+09:00,J5,502,592,1094
2019-11-20T11:45:00+09:00,J1,1199,1284,2483
2019-11-20T11:45:00+09:00,J2,606,470,1076
2019-11-20T11:45:00+09:00,J3,1309,1014,2323
2019-11-20T11:45:00+09:00,J4,1009,940,1949
2019-11-20T11:45:00+09:00,J5,539,656,1195
2019-11-20T12:00:00+09:00,J1,1185,1280,2465
2019-11-20T12:00:00+09:00,J2,560,503,1063
2019-11-20T12:00:00+09:00,J3,1325,1109,2434
2019-11-20T12:00:00+09:00,J4,1007,933,1940
2019-11-20T12:00:00+09:00,J5,591,729,1320
2019-11-20T12:15:00+09:00,J1,1032,1215,2247
2019-11-20T12:15:00+09:00,J2,572,517,1089
2019-11-20T12:15:00+09:00,J3,1221,1175,2396
2019-11-20T12:15:00+09:00,J4,1088,1077,2165
2019-11-20T12:15:00+09:00,J5,572,645,1217
2019-11-20T12:30:00+09:00,J1,1070,1150,2220
2019-11-20T12:30:00+09:00,J2,578,579,1157
2019-11-20T12:30:00+09:00,J3,1238,1222,2460
2019-11-20T12:30:00+09:00,J4,950,954,1904
2019-11-20T12:30:00+09:00,J5,588,603,1191
2019-11-20T12:45:00+09:00,J1,1085,1199,2284
2019-11-20T12:45:00+09:00,J2,611,578,1189
2019-11-20T12:45:00+09:00,J3,1128,1178,2306
2019-11-20T12:45:00+09:00,J4,846,887,1733
2019-11-20T12:45:00+09:00,J5,524,601,1125
2019-11-20T13:00:00+09:00,J1,1037,1253,2290
2019-11-20T13:00:00+09:00,J2,582,447,1029
2019-11-20T13:00:00+09:00,J3,1011,1078,2089
2019-11-20T13:00:00+09:00,J4,942,888,1830
2019-11-20T13:00:00+09:00,J5,531,549,1080
2019-11-20T13:15:00+09:00,J1,1073,1128,2201
2019-11-20T13:15:00+09:00,J2,586,394,980
2019-11-20T13:15:00+09:00,J3,1065,1077,2142
2019-11-20T13:15:00+09:00,J4,961,977,1938
2019-11-20T13:15:00+09:00,J5,525,563,1088
2019-11-20T13:30:00+09:00,J1,1056,1175,2231
2019-11-20T13:30:00+09:00,J2,619,413,1032
2019-11-20T13:30:00+09:00,J3,1069,1058,2127
2019-11-20T13:30:00+09:00,J4,939,850,1789
2019-11-20T13:30:00+09:00,J5,530,564,1094
2019-11-20T13:45:00+09:00,J1,1030,1184,2214
2019-11-20T13:45:00+09:00,J2,564,469,1033
2019-11-20T13:45:00+09:00,J3,1120,1063,2183
2019-11-20T13:45:00+09:00,J4,826,885,1711
2019-11-20T13:45:00+09:00,J5,496,529,1025
2019-11-20T14:00:00+09:00,J1,1043,1157,2200
2019-11-20T14:00:00+09:00,J2,546,465,1011
2019-11-20T14:00:00+09:00,J3,1061,1018,2079
2019-11-20T14:00:00+09:00,J4,804,770,1574
2019-11-20T14:00:00+09:00,J5,533,512,1045
2019-11-20T14:15:00+09:00,J1,1115,1188,2303
2019-11-20T14:15:00+09:00,J2,622,486,1108
2019-11-20T14:15:00+09:00,J3,1068,1024,2092
2019-11-20T14:15:00+09:00,J4,815,924,1739
2019-11-20T14:15:00+09:00,J5,546,534,1080
2019-11-20T14:30:00+09:00,J1,1131,1235,2366
2019-11-20T14:30:00+09:00,J2,611,404,1015
2019-11-20T14:30:00+09:00,J3,1141,969,2110
2019-11-20T14:30:00+09:00,J4,905,886,1791
2019-11-20T14:30:00+09:00,J5,560,561,1121
2019-11-20T14:45:00+09:00,J1,1102,1201,2303
2019-11-20T14:45:00+09:00,J2,571,412,983
2019-11-20T14:45:00+09:00,J3,1081,1003,2084
2019-11-20T14:45:00+09:00,J4,948,908,1856
2019-11-20T14:45:00+09:00,J5,543,543,1086
2019-11-20T15:00:00+09:00,J1,1089,1199,2288
2019-11-20T15:00:00+09:00,J2,569,398,967
2019-11-20T15:00:00+09:00,J3,1008,979,1987
2019-11-20T15:00:00+09:00,J4,912,917,1829
2019-11-20T15:00:00+09:00,J5,550,568,1118
2019-11-20T15:15:00+09:00,J1,1062,1247,2309
2019-11-20T15:15:00+09:00,J2,520,353,873
2019-11-20T15:15:00+09:00,J3,1021,1057,2078
2019-11-20T15:15:00+09:00,J4,799,925,1724
2019-11-20T15:15:00+09:00,J5,502,497,999
2019-11-20T15:30:00+09:00,J1,1070,1260,2330
2019-11-20T15:30:00+09:00,J2,595,365,960
2019-11-20T15:30:00+09:00,J3,1010,1052,2062
2019-11-20T15:30:00+09:00,J4,836,931,1767
2019-11-20T15:30:00+09:00,J5,487,521,1008
2019-11-20T15:45:00+09:00,J1,1072,1201,2273
2019-11-20T15:45:00+09:00,J2,613,385,998
2019-11-20T15:45:00+09:00,J3,1105,1005,2110
2019-11-20T15:45:00+09:00,J4,869,884,1753
2019-11-20T15:45:00+09:00,J5,508,508,1016
2019-11-20T16:00:00+09:00,J1,1102,1231,2333
2019-11-20T16:00:00+09:00,J2,590,545,1135
2019-11-20T16:00:00+09:00,J3,1092,964,2056
2019-11-20T16:00:00+09:00,J4,842,840,1682
2019-11-20T16:00:00+09:00,J5,476,493,969
2019-11-20T16:15:00+09:00,J1,1117,1203,2320
2019-11-20T16:15:00+09:00,J2,687,490,1177
2019-11-20T16:15:00+09:00,J3,1039,1001,2040
2019-11-20T16:15:00+09:00,J4,895,829,1724
2019-11-20T16:15:00+09:00,J5,485,489,974
2019-11-20T16:30:00+09:00,J1,1057,1210,2267
2019-11-20T16:30:00+09:00,J2,655,522,1177
2019-11-20T16:30:00+09:00,J3,1238,1052,2290
2019-11-20T16:30:00+09:00,J4,864,883,1747
2019-11-20T16:30:00+09:00,J5,476,456,932
2019-11-20T16:45:00+09:00,J1,1073,1200,2273
2019-11-20T16:45:00+09:00,J2,695,456,1151
2019-11-20T16:45:00+09:00,J3,1362,1068,2430
2019-11-20T16:45:00+09:00,J4,874,826,1700
2019-11-20T16:45:00+09:00,J5,492,501,993
2019-11-20T17:00:00+09:00,J1,1180,1291,2471
2019-11-20T17:00:00+09:00,J2,752,437,1189
2019-11-20T17:00:00+09:00,J3,1390,1119,2509
2019-11-20T17:00:00+09:00,J4,934,834,1768
2019-11-20T17:00:00+09:00,J5,515,526,1041
2019-11-20T17:15:00+09:00,J1,1138,1277,2415
2019-11-20T17:15:00+09:00,J2,745,429,1174
2019-11-20T17:15:00+09:00,J3,1465,1169,2634
2019-11-20T17:15:00+09:00,J4,936,914,1850
2019-11-20T17:15:00+09:00,J5,511,603,1114
2019-11-20T17:30:00+09:00,J1,1147,1252,2399
2019-11-20T17:30:00+09:00,J2,809,531,1340
2019-11-20T17:30:00+09:00,J3,1496,1202,2698
2019-11-20T17:30:00+09:00,J4,925,902,1827
2019-11-20T17:30:00+09:00,J5,543,611,1154
2019-11-20T17:45:00+09:00,J1,1249,1221,2470
2019-11-20T17:45:00+09:00,J2,782,566,1348
2019-11-20T17:45:00+09:00,J3,1617,1281,2898
2019-11-20T17:45:00+09:00,J4,945,950,1895
2019-11-20T17:45:00+09:00,J5,528,611,1139
2019-11-20T18:00:00+09:00,J1,1152,1271,2423
2019-11-20T18:00:00+09:00,J2,788,507,1295
2019-11-20T18:00:00+09:00,J3,1611,1215,2826
2019-11-20T18:00:00+09:00,J4,1106,896,2002
2019-11-20T18:00:00+09:00,J5,529,650,1179
2019-11-20T18:15:00+09:00,J1,1234,1276,2510
2019-11-20T18:15:00+09:00,J2,802,607,1409
2019-11-20T18:15:00+09:00,J3,1580,1297,2877
2019-11-20T18:15:00+09:00,J4,1190,968,2158
2019-11-20T18:15:00+09:00,J5,478,644,1122
2019-11-20T18:30:00+09:00,J1,1126,1265,2391
2019-11-20T18:30:00+09:00,J2,650,517,1167
2019-11-20T18:30:00+09:00,J3,1347,1206,2553
2019-11-20T18:30:00+09:00,J4,1054,906,1960
2019-11-20T18:30:00+09:00,J5,479,555,1034
2019-11-20T18:45:00+09:00,J1,1176,1184,2360
2019-11-20T18:45:00+09:00,J2,596,462,1058
2019-11-20T18:45:00+09:00,J3,1326,1209,2535
2019-11-20T18:45:00+09:00,J4,1042,915,1957
2019-11-20T18:45:00+09:00,J5,469,447,916
2019-11-20T19:00:00+09:00,J1,1071,1142,2213
2019-11-20T19:00:00+09:00,J2,543,464,1007
2019-11-20T19:00:00+09:00,J3,1295,1191,2486
2019-11-20T19:00:00+09:00,J4,1019,870,1889
2019-11-20T19:00:00+09:00,J5,446,511,957
2019-11-20T19:15:00+09:00,J1,1060,1188,2248
2019-11-20T19:15:00+09:00,J2,498,480,978
2019-11-20T19:15:00+09:00,J3,1173,1175,2348
2019-11-20T19:15:00+09:00,J4,980,866,1846
2019-11-20T19:15:00+09:00,J5,484,500,984
2019-11-20T19:30:00+09:00,J1,1027,1099,2126
2019-11-20T19:30:00+09:00,J2,480,371,851
2019-11-20T19:30:00+09:00,J3,1143,1064,2207
2019-11-20T19:30:00+09:00,J4,910,824,1734
2019-11-20T19:30:00+09:00,J5,476,466,942
2019-11-20T19:45:00+09:00,J1,1014,1128,2142
2019-11-20T19:45:00+09:00,J2,469,325,794
2019-11-20T19:45:00+09:00,J3,1143,1074,2217
2019-11-20T19:45:00+09:00,J4,955,864,1819
2019-11-20T19:45:00+09:00,J5,441,463,904
2019-11-20T20:00:00+09:00,J1,958,1034,1992
2019-11-20T20:00:00+09:00,J2,455,367,822
2019-11-20T20:00:00+09:00,J3,1076,1036,2112
2019-11-20T20:00:00+09:00,J4,961,873,1834
2019-11-20T20:00:00+09:00,J5,450,479,929
2019-11-20T20:15:00+09:00,J1,974,1052,2026
2019-11-20T20:15:00+09:00,J2,530,403,933
2019-11-20T20:15:00+09:00,J3,1151,1090,2241
2019-11-20T20:15:00+09:00,J4,925,844,1769
2019-11-20T20:15:00+09:00,J5,483,510,993
2019-11-20T20:30:00+09:00,J1,946,1057,2003
2019-11-20T20:30:00+09:00,J2,429,385,814
2019-11-20T20:30:00+09:00,J3,1148,982,2130
2019-11-20T20:30:00+09:00,J4,921,794,1715
2019-11-20T20:30:00+09:00,J5,498,504,1002
2019-11-20T20:45:00+09:00,J1,1003,1157,2160
2019-11-20T20:45:00+09:00,J2,445,400,845
2019-11-20T20:45:00+09:00,J3,1136,957,2093
2019-11-20T20:45:00+09:00,J4,969,810,1779
2019-11-20T20:45:00+09:00,J5,442,491,933
2019-11-20T21:00:00+09:00,J1,956,1063,2019
2019-11-20T21:00:00+09:00,J2,444,296,740
2019-11-20T21:00:00+09:00,J3,900,844,1744
2019-11-20T21:00:00+09:00,J4,989,851,1840
2019-11-20T21:00:00+09:00,J5,466,442,908
2019-11-20T21:15:00+09:00,J1,917,1025,1942
2019-11-20T21:15:00+09:00,J2,515,394,909
2019-11-20T21:15:00+09:00,J3,940,912,1852
2019-11-20T21:15:00+09:00,J4,943,879,1822
2019-11-20T21:15:00+09:00,J5,525,473,998
2019-11-20T21:30:00+09:00,J1,946,1017,1963
2019-11-20T21:30:00+09:00,J2,488,411,899
2019-11-20T21:30:00+09:00,J3,886,832,1718
2019-11-20T21:30:00+09:00,J4,1002,888,1890
2019-11-20T21:30:00+09:00,J5,540,506,1046
2019-11-20T21:45:00+09:00,J1,936,1099,2035
2019-11-20T21:45:00+09:00,J2,548,509,1057
2019-11-20T21:45:00+09:00,J3,831,886,1717
2019-11-20T21:45:00+09:00,J4,923,829,1752
2019-11-20T21:45:00+09:00,J5,542,519,1061
2019-11-20T22:00:00+09:00,J1,924,1042,1966
2019-11-20T22:00:00+09:00,J2,453,385,838
2019-11-20T22:00:00+09:00,J3,737,760,1497
2019-11-20T22:00:00+09:00,J4,838,870,1708
2019-11-20T22:00:00+09:00,J5,546,495,1041
2019-11-20T22:15:00+09:00,J1,900,979,1879
2019-11-20T22:15:00+09:00,J2,445,442,887
2019-11-20T22:15:00+09:00,J3,763,803,1566
2019-11-20T22:15:00+09:00,J4,831,818,1649
2019-11-20T22:15:00+09:00,J5,505,464,969
2019-11-20T22:30:00+09:00,J1,882,929,1811
2019-11-20T22:30:00+09:00,J2,432,512,944
2019-11-20T22:30:00+09:00,J3,902,770,1672
2019-11-20T22:30:00+09:00,J4,889,849,1738
2019-11-20T22:30:00+09:00,J5,620,476,1096
2019-11-20T22:45:00+09:00,J1,884,930,1814
2019-11-20T22:45:00+09:00,J2,415,430,845
2019-11-20T22:45:00+09:00,J3,856,737,1593
2019-11-20T22:45:00+09:00,J4,896,863,1759
2019-11-20T22:45:00+09:00,J5,541,499,1040
2019-11-20T23:00:00+09:00,J1,875,916,1791
2019-11-20T23:00:00+09:00,J2,345,382,727
2019-11-20T23:00:00+09:00,J3,882,731,1613
2019-11-20T23:00:00+09:00,J4,758,773,1531
2019-11-20T23:00:00+09:00,J5,468,505,973
2019-11-20T23:15:00+09:00,J1,817,930,1747
2019-11-20T23:15:00+09:00,J2,314,337,651
2019-11-20T23:15:00+09:00,J3,761,728,1489
2019-11-20T23:15:00+09:00,J4,808,884,1692
2019-11-20T23:15:00+09:00,J5,443,503,946
2019-11-20T23:30:00+09:00,J1,804,846,1650
2019-11-20T23:30:00+09:00,J2,335,378,713
2019-11-20T23:30:00+09:00,J3,749,735,1484
2019-11-20T23:30:00+09:00,J4,848,856,1704
2019-11-20T23:30:00+09:00,J5,476,467,943
2019-11-20T23:45:00+09:00,J1,827,846,1673
2019-11-20T23:45:00+09:00,J2,367,381,748
2019-11-20T23:45:00+09:00,J3,770,659,1429
2019-11-20T23:45:00+09:00,J4,665,697,1362
2019-11-20T23:45:00+09:00,J5,405,432,837
2019-11-21T00:00:00+09:00,J1,545,622,1167
2019-11-21T00:00:00+09:00,J2,294,350,644
2019-11-21T00:00:00+09:00,J3,735,638,1373
2019-11-21T00:00:00+09:00,J4,554,663,1217
2019-11-21T00:00:00+09:00,J5,455,465,920
2019-11-21T00:15:00+09:00,J1,442,418,860
2019-11-21T00:15:00+09:00,J2,273,333,606
2019-11-21T00:15:00+09:00,J3,574,503,1077
2019-11-21T00:15:00+09:00,J4,703,756,1459
2019-11-21T00:15:00+09:00,J5,413,391,804
2019-11-21T00:30:00+09:00,J1,359,386,745
2019-11-21T00:30:00+09:00,J2,314,334,648
2019-11-21T00:30:00+09:00,J3,472,470,942
2019-11-21T00:30:00+09:00,J4,897,858,1755
2019-11-21T00:30:00+09:00,J5,459,385,844
2019-11-21T00:45:00+09:00,J1,357,336,693
2019-11-21T00:45:00+09:00,J2,326,334,660
2019-11-21T00:45:00+09:00,J3,468,458,926
2019-11-21T00:45:00+09:00,J4,822,788,1610
2019-11-21T00:45:00+09:00,J5,417,372,789
2019-11-21T05:45:00+09:00,J1,471,410,881
2019-11-21T05:45:00+09:00,J2,238,327,565
2019-11-21T05:45:00+09:00,J3,565,419,984
2019-11-21T05:45:00+09:00,J4,764,741,1505
2019-11-21T05:45:00+09:00,J5,376,378,754
2019-11-21T06:00:00+09:00,J1,434,360,794
2019-11-21T06:00:00+09:00,J2,264,314,578
2019-11-21T06:00:00+09:00,J3,569,410,979
2019-11-21T06:00:00+09:00,J4,788,771,1559
2019-11-21T06:00:00+09:00,J5,364,369,733
2019-11-21T06:15:00+09:00,J1,659,666,1325
2019-11-21T06:15:00+09:00,J2,278,341,619
2019-11-21T06:15:00+09:00,J3,669,604,1273
2019-11-21T06:15:00+09:00,J4,788,800,1588
2019-11-21T06:15:00+09:00,J5,395,395,790
2019-11-21T06:30:00+09:00,J1,685,694,1379
2019-11-21T06:30:00+09:00,J2,256,338,594
2019-11-21T06:30:00+09:00,J3,693,532,1225
2019-11-21T06:30:00+09:00,J4,704,811,1515
2019-11-21T06:30:00+09:00,J5,438,452,890
2019-11-21T06:45:00+09:00,J1,715,684,1399
2019-11-21T06:45:00+09:00,J2,313,378,691
2019-11-21T06:45:00+09:00,J3,772,630,1402
2019-11-21T06:45:00+09:00,J4,847,831,1678
2019-11-21T06:45:00+09:00,J5,541,525,1066
2019-11-21T07:00:00+09:00,J1,850,845,1695
2019-11-21T07:00:00+09:00,J2,322,315,637
2019-11-21T07:00:00+09:00,J3,803,742,1545
2019-11-21T07:00:00+09:00,J4,823,817,1640
2019-11-21T07:00:00+09:00,J5,649,597,1246
2019-11-21T07:15:00+09:00,J1,944,919,1863
2019-11-21T07:15:00+09:00,J2,371,359,730
2019-11-21T07:15:00+09:00,J3,909,763,1672
2019-11-21T07:15:00+09:00,J4,919,839,1758
2019-11-21T07:15:00+09:00,J5,753,669,1422
2019-11-21T07:30:00+09:00,J1,959,944,1903
2019-11-21T07:30:00+09:00,J2,371,296,667
2019-11-21T07:30:00+09:00,J3,893,965,1858
2019-11-21T07:30:00+09:00,J4,901,870,1771
2019-11-21T07:30:00+09:00,J5,543,582,1125
2019-11-21T07:45:00+09:00,J1,1018,1055,2073
2019-11-21T07:45:00+09:00,J2,458,435,893
2019-11-21T07:45:00+09:00,J3,1151,1075,2226
2019-11-21T07:45:00+09:00,J4,971,1024,1995
2019-11-21T07:45:00+09:00,J5,556,586,1142
2019-11-21T08:00:00+09:00,J1,1248,1108,2356
2019-11-21T08:00:00+09:00,J2,577,456,1033
2019-11-21T08:00:00+09:00,J3,1348,1373,2721
2019-11-21T08:00:00+09:00,J4,956,1093,2049
2019-11-21T08:00:00+09:00,J5,547,609,1156
2019-11-21T08:15:00+09:00,J1,1269,1147,2416
2019-11-21T08:15:00+09:00,J2,546,516,1062
2019-11-21T08:15:00+09:00,J3,1400,1465,2865
2019-11-21T08:15:00+09:00,J4,949,1163,2112
2019-11-21T08:15:00+09:00,J5,500,633,1133
2019-11-21T08:30:00+09:00,J1,1274,1123,2397
2019-11-21T08:30:00+09:00,J2,637,444,1081
2019-11-21T08:30:00+09:00,J3,1335,1420,2755
2019-11-21T08:30:00+09:00,J4,839,1152,1991
2019-11-21T08:30:00+09:00,J5,537,546,1083
2019-11-21T08:45:00+09:00,J1,1239,1053,2292
2019-11-21T08:45:00+09:00,J2,474,378,852
2019-11-21T08:45:00+09:00,J3,1173,1218,2391
2019-11-21T08:45:00+09:00,J4,978,1119,2097
2019-11-21T08:45:00+09:00,J5,552,481,1033
2019-11-21T09:00:00+09:00,J1,1201,1078,2279
2019-11-21T09:00:00+09:00,J2,440,362,802
2019-11-21T09:00:00+09:00,J3,1119,1013,2132
2019-11-21T09:00:00+09:00,J4,898,964,1862
2019-11-21T09:00:00+09:00,J5,620,650,1270
2019-11-21T09:15:00+09:00,J1,1074,971,2045
2019-11-21T09:15:00+09:00,J2,395,429,824
2019-11-21T09:15:00+09:00,J3,1014,1051,2065
2019-11-21T09:15:00+09:00,J4,964,992,1956
2019-11-21T09:15:00+09:00,J5,660,626,1286
2019-11-21T09:30:00+09:00,J1,1100,1039,2139
2019-11-21T09:30:00+09:00,J2,569,531,1100
2019-11-21T09:30:00+09:00,J3,1068,1053,2121
2019-11-21T09:30:00+09:00,J4,937,965,1902
2019-11-21T09:30:00+09:00,J5,669,591,1260
2019-11-21T09:45:00+09:00,J1,1105,1049,2154
2019-11-21T09:45:00+09:00,J2,600,495,1095
2019-11-21T09:45:00+09:00,J3,1036,1132,2168
2019-11-21T09:45:00+09:00,J4,913,907,1820
2019-11-21T09:45:00+09:00,J5,599,552,1151
2019-11-21T10:00:00+09:00,J1,1074,1072,2146
2019-11-21T10:00:00+09:00,J2,461,442,903
2019-11-21T10:00:00+09:00,J3,1070,959,2029
2019-11-21T10:00:00+09:00,J4,914,803,1717
2019-11-21T10:00:00+09:00,J5,664,600,1264
2019-11-21T10:15:00+09:00,J1,1158,1144,2302
2019-11-21T10:15:00+09:00,J2,566,481,1047
2019-11-21T10:15:00+09:00,J3,1098,933,2031
2019-11-21T10:15:00+09:00,J4,910,907,1817
2019-11-21T10:15:00+09:00,J5,493,497,990
2019-11-21T10:30:00+09:00,J1,1184,1139,2323
2019-11-21T10:30:00+09:00,J2,590,458,1048
2019-11-21T10:30:00+09:00,J3,996,956,1952
2019-11-21T10:30:00+09:00,J4,838,848,1686
2019-11-21T10:30:00+09:00,J5,526,528,1054
2019-11-21T10:45:00+09:00,J1,1103,1089,2192
2019-11-21T10:45:00+09:00,J2,593,539,1132
2019-11-21T10:45:00+09:00,J3,1135,1025,2160
2019-11-21T10:45:00+09:00,J4,976,913,1889
2019-11-21T10:45:00+09:00,J5,489,482,971
2019-11-21T11:00:00+09:00,J1,1096,1120,2216
2019-11-21T11:00:00+09:00,J2,577,573,1150
2019-11-21T11:00:00+09:00,J3,954,925,1879
2019-11-21T11:00:00+09:00,J4,941,925,1866
2019-11-21T11:00:00+09:00,J5,494,483,977
2019-11-21T11:15:00+09:00,J1,1085,1166,2251
2019-11-21T11:15:00+09:00,J2,508,577,1085
2019-11-21T11:15:00+09:00,J3,1046,956,2002
2019-11-21T11:15:00+09:00,J4,877,919,1796
2019-11-21T11:15:00+09:00,J5,511,564,1075
2019-11-21T11:30:00+09:00,J1,1145,1255,2400
2019-11-21T11:30:00+09:00,J2,467,522,989
2019-11-21T11:30:00+09:00,J3,981,936,1917
2019-11-21T11:30:00+09:00,J4,920,908,1828
2019-11-21T11:30:00+09:00,J5,528,657,1185
2019-11-21T11:45:00+09:00,J1,1201,1266,2467
2019-11-21T11:45:00+09:00,J2,501,573,1074
2019-11-21T11:45:00+09:00,J3,948,925,1873
2019-11-21T11:45:00+09:00,J4,920,922,1842
2019-11-21T11:45:00+09:00,J5,574,576,1150
2019-11-21T12:00:00+09:00,J1,1195,1236,2431
2019-11-21T12:00:00+09:00,J2,588,609,1197
2019-11-21T12:00:00+09:00,J3,958,1017,1975
2019-11-21T12:00:00+09:00,J4,949,880,1829
2019-11-21T12:00:00+09:00,J5,600,686,1286
2019-11-21T12:15:00+09:00,J1,1077,1153,2230
2019-11-21T12:15:00+09:00,J2,583,618,1201
2019-11-21T12:15:00+09:00,J3,1109,957,2066
2019-11-21T12:15:00+09:00,J4,765,869,1634
2019-11-21T12:15:00+09:00,J5,622,590,1212
2019-11-21T12:30:00+09:00,J1,1040,1087,2127
2019-11-21T12:30:00+09:00,J2,566,645,1211
2019-11-21T12:30:00+09:00,J3,1108,935,2043
2019-11-21T12:30:00+09:00,J4,721,788,1509
2019-11-21T12:30:00+09:00,J5,463,546,1009
2019-11-21T12:45:00+09:00,J1,1054,1125,2179
2019-11-21T12:45:00+09:00,J2,579,617,1196
2019-11-21T12:45:00+09:00,J3,1151,981,2132
2019-11-21T12:45:00+09:00,J4,739,788,1527
2019-11-21T12:45:00+09:00,J5,529,597,1126
2019-11-21T13:00:00+09:00,J1,1004,1122,2126
2019-11-21T13:00:00+09:00,J2,513,643,1156
2019-11-21T13:00:00+09:00,J3,1103,960,2063
2019-11-21T13:00:00+09:00,J4,706,785,1491
2019-11-21T13:00:00+09:00,J5,511,555,1066
2019-11-21T13:15:00+09:00,J1,1089,1153,2242
2019-11-21T13:15:00+09:00,J2,514,637,1151
2019-11-21T13:15:00+09:00,J3,1060,909,1969
2019-11-21T13:15:00+09:00,J4,658,818,1476
2019-11-21T13:15:00+09:00,J5,564,615,1179
2019-11-21T13:30:00+09:00,J1,1072,1174,2246
2019-11-21T13:30:00+09:00,J2,504,618,1122
2019-11-21T13:30:00+09:00,J3,1110,954,2064
2019-11-21T13:30:00+09:00,J4,703,760,1463
2019-11-21T13:30:00+09:00,J5,542,526,1068
2019-11-21T13:45:00+09:00,J1,1066,1210,2276
2019-11-21T13:45:00+09:00,J2,421,603,1024
2019-11-21T13:45:00+09:00,J3,1114,975,2089
2019-11-21T13:45:00+09:00,J4,635,801,1436
2019-11-21T13:45:00+09:00,J5,455,512,967
2019-11-21T14:00:00+09:00,J1,1056,1129,2185
2019-11-21T14:00:00+09:00,J2,479,576,1055
2019-11-21T14:00:00+09:00,J3,1064,911,1975
2019-11-21T14:00:00+09:00,J4,625,686,1311
2019-11-21T14:00:00+09:00,J5,473,515,988
2019-11-21T14:15:00+09:00,J1,942,1139,2081
2019-11-21T14:15:00+09:00,J2,499,584,1083
2019-11-21T14:15:00+09:00,J3,1166,976,2142
2019-11-21T14:15:00+09:00,J4,620,757,1377
2019-11-21T14:15:00+09:00,J5,486,536,1022
2019-11-21T14:30:00+09:00,J1,983,1063,2046
2019-11-21T14:30:00+09:00,J2,468,647,1115
2019-11-21T14:30:00+09:00,J3,1018,910,1928
2019-11-21T14:30:00+09:00,J4,625,773,1398
2019-11-21T14:30:00+09:00,J5,462,507,969
2019-11-21T14:45:00+09:00,J1,1072,1199,2271
2019-11-21T14:45:00+09:00,J2,586,563,1149
2019-11-21T14:45:00+09:00,J3,1020,929,1949
2019-11-21T14:45:00+09:00,J4,637,727,1364
2019-11-21T14:45:00+09:00,J5,427,543,970
2019-11-21T15:00:00+09:00,J1,1055,1196,2251
2019-11-21T15:00:00+09:00,J2,593,643,1236
2019-11-21T15:00:00+09:00,J3,1020,903,1923
2019-11-21T15:00:00+09:00,J4,637,711,1348
2019-11-21T15:00:00+09:00,J5,495,493,988
2019-11-21T15:15:00+09:00,J1,1077,1173,2250
2019-11-21T15:15:00+09:00,J2,542,612,1154
2019-11-21T15:15:00+09:00,J3,1052,997,2049
2019-11-21T15:15:00+09:00,J4,627,715,1342
2019-11-21T15:15:00+09:00,J5,498,457,955
2019-11-21T15:30:00+09:00,J1,962,1218,2180
2019-11-21T15:30:00+09:00,J2,596,632,1228
2019-11-21T15:30:00+09:00,J3,1062,1029,2091
2019-11-21T15:30:00+09:00,J4,599,728,1327
2019-11-21T15:30:00+09:00,J5,503,502,1005
2019-11-21T15:45:00+09:00,J1,1027,1131,2158
2019-11-21T15:45:00+09:00,J2,514,605,1119
2019-11-21T15:45:00+09:00,J3,1094,998,2092
2019-11-21T15:45:00+09:00,J4,626,760,1386
2019-11-21T15:45:00+09:00,J5,486,502,988
2019-11-21T16:00:00+09:00,J1,957,1138,2095
2019-11-21T16:00:00+09:00,J2,553,633,1186
2019-11-21T16:00:00+09:00,J3,1009,953,1962
2019-11-21T16:00:00+09:00,J4,591,769,1360
2019-11-21T16:00:00+09:00,J5,470,489,959
2019-11-21T16:15:00+09:00,J1,991,1107,2098
2019-11-21T16:15:00+09:00,J2,649,680,1329
2019-11-21T16:15:00+09:00,J3,1103,949,2052
2019-11-21T16:15:00+09:00,J4,704,718,1422
2019-11-21T16:15:00+09:00,J5,500,482,982
2019-11-21T16:30:00+09:00,J1,971,1059,2030
2019-11-21T16:30:00+09:00,J2,578,598,1176
2019-11-21T16:30:00+09:00,J3,1146,971,2117
2019-11-21T16:30:00+09:00,J4,666,763,1429
2019-11-21T16:30:00+09:00,J5,450,486,936
2019-11-21T16:45:00+09:00,J1,978,1083,2061
2019-11-21T16:45:00+09:00,J2,575,606,1181
2019-11-21T16:45:00+09:00,J3,1097,1060,2157
2019-11-21T16:45:00+09:00,J4,679,772,1451
2019-11-21T16:45:00+09:00,J5,453,507,960
2019-11-21T17:00:00+09:00,J1,1023,1173,2196
2019-11-21T17:00:00+09:00,J2,590,770,1360
2019-11-21T17:00:00+09:00,J3,1257,1222,2479
2019-11-21T17:00:00+09:00,J4,677,840,1517
2019-11-21T17:00:00+09:00,J5,528,537,1065
2019-11-21T17:15:00+09:00,J1,1161,1249,2410
2019-11-21T17:15:00+09:00,J2,660,757,1417
2019-11-21T17:15:00+09:00,J3,1231,1198,2429
2019-11-21T17:15:00+09:00,J4,877,744,1621
2019-11-21T17:15:00+09:00,J5,556,672,1228
2019-11-21T17:30:00+09:00,J1,1144,1279,2423
2019-11-21T17:30:00+09:00,J2,721,861,1582
2019-11-21T17:30:00+09:00,J3,1319,1052,2371
2019-11-21T17:30:00+09:00,J4,874,834,1708
2019-11-21T17:30:00+09:00,J5,599,700,1299
2019-11-21T17:45:00+09:00,J1,1173,1259,2432
2019-11-21T17:45:00+09:00,J2,738,846,1584
2019-11-21T17:45:00+09:00,J3,1313,1166,2479
2019-11-21T17:45:00+09:00,J4,965,714,1679
2019-11-21T17:45:00+09:00,J5,566,730,1296
2019-11-21T18:00:00+09:00,J1,1186,1214,2400
2019-11-21T18:00:00+09:00,J2,771,764,1535
2019-11-21T18:00:00+09:00,J3,1396,1145,2541
2019-11-21T18:00:00+09:00,J4,930,739,1669
2019-11-21T18:00:00+09:00,J5,510,690,1200
2019-11-21T18:15:00+09:00,J1,1166,1175,2341
2019-11-21T18:15:00+09:00,J2,729,737,1466
2019-11-21T18:15:00+09:00,J3,1402,1138,2540
2019-11-21T18:15:00+09:00,J4,937,846,1783
2019-11-21T18:15:00+09:00,J5,524,726,1250
2019-11-21T18:30:00+09:00,J1,1157,1132,2289
2019-11-21T18:30:00+09:00,J2,710,758,1468
2019-11-21T18:30:00+09:00,J3,1327,1058,2385
2019-11-21T18:30:00+09:00,J4,1066,960,2026
2019-11-21T18:30:00+09:00,J5,461,616,1077
2019-11-21T18:45:00+09:00,J1,1093,1064,2157
2019-11-21T18:45:00+09:00,J2,625,767,1392
2019-11-21T18:45:00+09:00,J3,1154,926,2080
2019-11-21T18:45:00+09:00,J4,975,908,1883
2019-11-21T18:45:00+09:00,J5,445,575,1020
2019-11-21T19:00:00+09:00,J1,896,968,1864
2019-11-21T19:00:00+09:00,J2,589,609,1198
2019-11-21T19:00:00+09:00,J3,1116,980,2096
2019-11-21T19:00:00+09:00,J4,1077,853,1930
2019-11-21T19:00:00+09:00,J5,474,498,972
2019-11-21T19:15:00+09:00,J1,970,1031,2001
2019-11-21T19:15:00+09:00,J2,553,593,1146
2019-11-21T19:15:00+09:00,J3,1233,886,2119
2019-11-21T19:15:00+09:00,J4,1040,887,1927
2019-11-21T19:15:00+09:00,J5,445,544,989
2019-11-21T19:30:00+09:00,J1,964,1008,1972
2019-11-21T19:30:00+09:00,J2,523,575,1098
2019-11-21T19:30:00+09:00,J3,1094,850,1944
2019-11-21T19:30:00+09:00,J4,1047,925,1972
2019-11-21T19:30:00+09:00,J5,437,538,975
2019-11-21T19:45:00+09:00,J1,889,962,1851
2019-11-21T19:45:00+09:00,J2,516,582,1098
2019-11-21T19:45:00+09:00,J3,1031,758,1789
2019-11-21T19:45:00+09:00,J4,995,866,1861
2019-11-21T19:45:00+09:00,J5,527,610,1137
2019-11-21T20:00:00+09:00,J1,924,1000,1924
2019-11-21T20:00:00+09:00,J2,465,581,1046
2019-11-21T20:00:00+09:00,J3,1044,760,1804
2019-11-21T20:00:00+09:00,J4,992,859,1851
2019-11-21T20:00:00+09:00,J5,607,609,1216
2019-11-21T20:15:00+09:00,J1,894,951,1845
2019-11-21T20:15:00+09:00,J2,460,547,1007
2019-11-21T20:15:00+09:00,J3,1041,837,1878
2019-11-21T20:15:00+09:00,J4,931,815,1746
2019-11-21T20:15:00+09:00,J5,492,550,1042
2019-11-21T20:30:00+09:00,J1,941,983,1924
2019-11-21T20:30:00+09:00,J2,614,544,1158
2019-11-21T20:30:00+09:00,J3,1079,904,1983
2019-11-21T20:30:00+09:00,J4,873,779,1652
2019-11-21T20:30:00+09:00,J5,475,517,992
2019-11-21T20:45:00+09:00,J1,923,1017,1940
2019-11-21T20:45:00+09:00,J2,572,415,987
2019-11-21T20:45:00+09:00,J3,1038,813,1851
2019-11-21T20:45:00+09:00,J4,956,765,1721
2019-11-21T20:45:00+09:00,J5,571,577,1148
2019-11-21T21:00:00+09:00,J1,884,1025,1909
2019-11-21T21:00:00+09:00,J2,444,348,792
2019-11-21T21:00:00+09:00,J3,881,808,1689
2019-11-21T21:00:00+09:00,J4,938,919,1857
2019-11-21T21:00:00+09:00,J5,446,505,951
2019-11-21T21:15:00+09:00,J1,924,1031,1955
2019-11-21T21:15:00+09:00,J2,478,387,865
2019-11-21T21:15:00+09:00,J3,901,804,1705
2019-11-21T21:15:00+09:00,J4,954,844,1798
2019-11-21T21:15:00+09:00,J5,429,418,847
2019-11-21T21:30:00+09:00,J1,905,1007,1912
2019-11-21T21:30:00+09:00,J2,470,410,880
2019-11-21T21:30:00+09:00,J3,817,737,1554
2019-11-21T21:30:00+09:00,J4,1009,916,1925
2019-11-21T21:30:00+09:00,J5,467,453,920
2019-11-21T21:45:00+09:00,J1,868,997,1865
2019-11-21T21:45:00+09:00,J2,476,405,881
2019-11-21T21:45:00+09:00,J3,878,741,1619
2019-11-21T21:45:00+09:00,J4,935,867,1802
2019-11-21T21:45:00+09:00,J5,521,491,1012
2019-11-21T22:00:00+09:00,J1,856,918,1774
2019-11-21T22:00:00+09:00,J2,493,463,956
2019-11-21T22:00:00+09:00,J3,791,713,1504
2019-11-21T22:00:00+09:00,J4,876,868,1744
2019-11-21T22:00:00+09:00,J5,466,450,916
2019-11-21T22:15:00+09:00,J1,838,912,1750
2019-11-21T22:15:00+09:00,J2,373,342,715
2019-11-21T22:15:00+09:00,J3,813,723,1536
2019-11-21T22:15:00+09:00,J4,863,874,1737
2019-11-21T22:15:00+09:00,J5,507,490,997
2019-11-21T22:30:00+09:00,J1,823,936,1759
2019-11-21T22:30:00+09:00,J2,368,332,700
2019-11-21T22:30:00+09:00,J3,768,730,1498
2019-11-21T22:30:00+09:00,J4,832,856,1688
2019-11-21T22:30:00+09:00,J5,547,465,1012
2019-11-21T22:45:00+09:00,J1,817,882,1699
2019-11-21T22:45:00+09:00,J2,375,342,717
2019-11-21T22:45:00+09:00,J3,777,716,1493
2019-11-21T22:45:00+09:00,J4,777,870,1647
2019-11-21T22:45:00+09:00,J5,448,479,927
2019-11-21T23:00:00+09:00,J1,799,879,1678
2019-11-21T23:00:00+09:00,J2,336,294,630
2019-11-21T23:00:00+09:00,J3,763,802,1565
2019-11-21T23:00:00+09:00,J4,740,846,1586
2019-11-21T23:00:00+09:00,J5,478,550,1028
2019-11-21T23:15:00+09:00,J1,796,885,1681
2019-11-21T23:15:00+09:00,J2,320,325,645
2019-11-21T23:15:00+09:00,J3,751,716,1467
2019-11-21T23:15:00+09:00,J4,690,845,1535
2019-11-21T23:15:00+09:00,J5,474,468,942
2019-11-21T23:30:00+09:00,J1,803,817,1620
2019-11-21T23:30:00+09:00,J2,295,333,628
2019-11-21T23:30:00+09:00,J3,672,714,1386
2019-11-21T23:30:00+09:00,J4,648,747,1395
2019-11-21T23:30:00+09:00,J5,451,469,920
2019-11-21T23:45:00+09:00,J1,784,831,1615
2019-11-21T23:45:00+09:00,J2,318,243,561
2019-11-21T23:45:00+09:00,J3,692,630,1322
2019-11-21T23:45:00+09:00,J4,598,698,1296
2019-11-21T23:45:00+09:00,J5,527,510,1037
2019-11-22T00:00:00+09:00,J1,541,570,1111
2019-11-22T00:00:00+09:00,J2,253,241,494
2019-11-22T00:00:00+09:00,J3,712,619,1331
2019-11-22T00:00:00+09:00,J4,617,650,1267
2019-11-22T00:00:00+09:00,J5,531,505,1036
2019-11-22T00:15:00+09:00,J1,462,436,898
2019-11-22T00:15:00+09:00,J2,228,252,480
2019-11-22T00:15:00+09:00,J3,612,633,1245
2019-11-22T00:15:00+09:00,J4,597,609,1206
2019-11-22T00:15:00+09:00,J5,382,381,763
2019-11-22T00:30:00+09:00,J1,298,301,599
2019-11-22T00:30:00+09:00,J2,272,196,468
2019-11-22T00:30:00+09:00,J3,584,611,1195
2019-11-22T00:30:00+09:00,J4,749,712,1461
2019-11-22T00:30:00+09:00,J5,358,350,708
2019-11-22T00:45:00+09:00,J1,301,241,542
2019-11-22T00:45:00+09:00,J2,177,170,347
2019-11-22T00:45:00+09:00,J3,494,505,999
2019-11-22T00:45:00+09:00,J4,649,641,1290
2019-11-22T00:45:00+09:00,J5,312,287,599
2019-11-22T05:45:00+09:00,J1,535,492,1027
2019-11-22T05:45:00+09:00,J2,348,325,673
2019-11-22T05:45:00+09:00,J3,606,486,1092
2019-11-22T05:45:00+09:00,J4,824,777,1601
2019-11-22T05:45:00+09:00,J5,344,369,713
2019-11-22T06:00:00+09:00,J1,541,527,1068
2019-11-22T06:00:00+09:00,J2,355,326,681
2019-11-22T06:00:00+09:00,J3,714,587,1301
2019-11-22T06:00:00+09:00,J4,787,762,1549
2019-11-22T06:00:00+09:00,J5,366,340,706
2019-11-22T06:15:00+09:00,J1,612,636,1248
2019-11-22T06:15:00+09:00,J2,400,371,771
2019-11-22T06:15:00+09:00,J3,767,692,1459
2019-11-22T06:15:00+09:00,J4,789,815,1604
2019-11-22T06:15:00+09:00,J5,389,426,815
2019-11-22T06:30:00+09:00,J1,654,665,1319
2019-11-22T06:30:00+09:00,J2,395,385,780
2019-11-22T06:30:00+09:00,J3,720,638,1358
2019-11-22T06:30:00+09:00,J4,803,762,1565
2019-11-22T06:30:00+09:00,J5,509,542,1051
2019-11-22T06:45:00+09:00,J1,741,724,1465
2019-11-22T06:45:00+09:00,J2,460,390,850
2019-11-22T06:45:00+09:00,J3,782,698,1480
2019-11-22T06:45:00+09:00,J4,848,824,1672
2019-11-22T06:45:00+09:00,J5,479,521,1000
2019-11-22T07:00:00+09:00,J1,777,831,1608
2019-11-22T07:00:00+09:00,J2,398,322,720
2019-11-22T07:00:00+09:00,J3,801,680,1481
2019-11-22T07:00:00+09:00,J4,943,889,1832
2019-11-22T07:00:00+09:00,J5,661,590,1251
2019-11-22T07:15:00+09:00,J1,945,850,1795
2019-11-22T07:15:00+09:00,J2,473,392,865
2019-11-22T07:15:00+09:00,J3,763,794,1557
2019-11-22T07:15:00+09:00,J4,910,896,1806
2019-11-22T07:15:00+09:00,J5,663,639,1302
2019-11-22T07:30:00+09:00,J1,950,944,1894
2019-11-22T07:30:00+09:00,J2,683,432,1115
2019-11-22T07:30:00+09:00,J3,785,781,1566
2019-11-22T07:30:00+09:00,J4,910,991,1901
2019-11-22T07:30:00+09:00,J5,596,540,1136
2019-11-22T07:45:00+09:00,J1,941,1006,1947
2019-11-22T07:45:00+09:00,J2,689,603,1292
2019-11-22T07:45:00+09:00,J3,993,962,1955
2019-11-22T07:45:00+09:00,J4,965,987,1952
2019-11-22T07:45:00+09:00,J5,519,580,1099
2019-11-22T08:00:00+09:00,J1,1191,1145,2336
2019-11-22T08:00:00+09:00,J2,816,549,1365
2019-11-22T08:00:00+09:00,J3,1167,1199,2366
2019-11-22T08:00:00+09:00,J4,1007,1077,2084
2019-11-22T08:00:00+09:00,J5,518,630,1148
2019-11-22T08:15:00+09:00,J1,1327,1084,2411
2019-11-22T08:15:00+09:00,J2,970,596,1566
2019-11-22T08:15:00+09:00,J3,1264,1229,2493
2019-11-22T08:15:00+09:00,J4,1048,1122,2170
2019-11-22T08:15:00+09:00,J5,491,549,1040
2019-11-22T08:30:00+09:00,J1,1265,1200,2465
2019-11-22T08:30:00+09:00,J2,983,513,1496
2019-11-22T08:30:00+09:00,J3,1094,1292,2386
2019-11-22T08:30:00+09:00,J4,848,1066,1914
2019-11-22T08:30:00+09:00,J5,448,510,958
2019-11-22T08:45:00+09:00,J1,1212,1068,2280
2019-11-22T08:45:00+09:00,J2,722,518,1240
2019-11-22T08:45:00+09:00,J3,947,1035,1982
2019-11-22T08:45:00+09:00,J4,915,1069,1984
2019-11-22T08:45:00+09:00,J5,450,445,895
2019-11-22T09:00:00+09:00,J1,1176,1092,2268
2019-11-22T09:00:00+09:00,J2,669,347,1016
2019-11-22T09:00:00+09:00,J3,882,804,1686
2019-11-22T09:00:00+09:00,J4,910,992,1902
2019-11-22T09:00:00+09:00,J5,573,473,1046
2019-11-22T09:15:00+09:00,J1,987,887,1874
2019-11-22T09:15:00+09:00,J2,551,360,911
2019-11-22T09:15:00+09:00,J3,867,818,1685
2019-11-22T09:15:00+09:00,J4,927,989,1916
2019-11-22T09:15:00+09:00,J5,503,483,986
2019-11-22T09:30:00+09:00,J1,1028,1017,2045
2019-11-22T09:30:00+09:00,J2,503,431,934
2019-11-22T09:30:00+09:00,J3,829,835,1664
2019-11-22T09:30:00+09:00,J4,902,946,1848
2019-11-22T09:30:00+09:00,J5,548,508,1056
2019-11-22T09:45:00+09:00,J1,1041,977,2018
2019-11-22T09:45:00+09:00,J2,509,397,906
2019-11-22T09:45:00+09:00,J3,906,804,1710
2019-11-22T09:45:00+09:00,J4,850,954,1804
2019-11-22T09:45:00+09:00,J5,540,530,1070
2019-11-22T10:00:00+09:00,J1,964,999,1963
2019-11-22T10:00:00+09:00,J2,452,409,861
2019-11-22T10:00:00+09:00,J3,713,665,1378
2019-11-22T10:00:00+09:00,J4,924,878,1802
2019-11-22T10:00:00+09:00,J5,522,475,997
2019-11-22T10:15:00+09:00,J1,985,986,1971
2019-11-22T10:15:00+09:00,J2,467,410,877
2019-11-22T10:15:00+09:00,J3,742,714,1456
2019-11-22T10:15:00+09:00,J4,884,905,1789
2019-11-22T10:15:00+09:00,J5,469,456,925
2019-11-22T10:30:00+09:00,J1,962,988,1950
2019-11-22T10:30:00+09:00,J2,583,446,1029
2019-11-22T10:30:00+09:00,J3,762,698,1460
2019-11-22T10:30:00+09:00,J4,916,868,1784
2019-11-22T10:30:00+09:00,J5,453,431,884
2019-11-22T10:45:00+09:00,J1,1024,1023,2047
2019-11-22T10:45:00+09:00,J2,567,451,1018
2019-11-22T10:45:00+09:00,J3,742,727,1469
2019-11-22T10:45:00+09:00,J4,878,892,1770
2019-11-22T10:45:00+09:00,J5,446,488,934
2019-11-22T11:00:00+09:00,J1,982,1036,2018
2019-11-22T11:00:00+09:00,J2,662,500,1162
2019-11-22T11:00:00+09:00,J3,666,764,1430
2019-11-22T11:00:00+09:00,J4,861,769,1630
2019-11-22T11:00:00+09:00,J5,442,390,832
2019-11-22T11:15:00+09:00,J1,1075,1170,2245
2019-11-22T11:15:00+09:00,J2,688,463,1151
2019-11-22T11:15:00+09:00,J3,824,850,1674
2019-11-22T11:15:00+09:00,J4,698,757,1455
2019-11-22T11:15:00+09:00,J5,434,504,938
2019-11-22T11:30:00+09:00,J1,1050,1060,2110
2019-11-22T11:30:00+09:00,J2,661,509,1170
2019-11-22T11:30:00+09:00,J3,823,1020,1843
2019-11-22T11:30:00+09:00,J4,790,709,1499
2019-11-22T11:30:00+09:00,J5,497,606,1103
2019-11-22T11:45:00+09:00,J1,991,1117,2108
2019-11-22T11:45:00+09:00,J2,565,544,1109
2019-11-22T11:45:00+09:00,J3,887,874,1761
2019-11-22T11:45:00+09:00,J4,714,757,1471
2019-11-22T11:45:00+09:00,J5,482,592,1074
2019-11-22T12:00:00+09:00,J1,1021,1045,2066
2019-11-22T12:00:00+09:00,J2,706,623,1329
2019-11-22T12:00:00+09:00,J3,981,770,1751
2019-11-22T12:00:00+09:00,J4,813,738,1551
2019-11-22T12:00:00+09:00,J5,507,664,1171
2019-11-22T12:15:00+09:00,J1,858,982,1840
2019-11-22T12:15:00+09:00,J2,724,625,1349
2019-11-22T12:15:00+09:00,J3,946,748,1694
2019-11-22T12:15:00+09:00,J4,733,771,1504
2019-11-22T12:15:00+09:00,J5,494,591,1085
2019-11-22T12:30:00+09:00,J1,901,947,1848
2019-11-22T12:30:00+09:00,J2,832,652,1484
2019-11-22T12:30:00+09:00,J3,1016,885,1901
2019-11-22T12:30:00+09:00,J4,679,814,1493
2019-11-22T12:30:00+09:00,J5,474,503,977
2019-11-22T12:45:00+09:00,J1,911,900,1811
2019-11-22T12:45:00+09:00,J2,821,656,1477
2019-11-22T12:45:00+09:00,J3,976,832,1808
2019-11-22T12:45:00+09:00,J4,626,783,1409
2019-11-22T12:45:00+09:00,J5,454,516,970
2019-11-22T13:00:00+09:00,J1,801,892,1693
2019-11-22T13:00:00+09:00,J2,800,662,1462
2019-11-22T13:00:00+09:00,J3,957,915,1872
2019-11-22T13:00:00+09:00,J4,645,834,1479
2019-11-22T13:00:00+09:00,J5,517,556,1073
2019-11-22T13:15:00+09:00,J1,850,911,1761
2019-11-22T13:15:00+09:00,J2,879,703,1582
2019-11-22T13:15:00+09:00,J3,1011,916,1927
2019-11-22T13:15:00+09:00,J4,671,728,1399
2019-11-22T13:15:00+09:00,J5,462,521,983
2019-11-22T13:30:00+09:00,J1,796,940,1736
2019-11-22T13:30:00+09:00,J2,876,690,1566
2019-11-22T13:30:00+09:00,J3,927,903,1830
2019-11-22T13:30:00+09:00,J4,590,741,1331
2019-11-22T13:30:00+09:00,J5,486,475,961
2019-11-22T13:45:00+09:00,J1,877,931,1808
2019-11-22T13:45:00+09:00,J2,861,720,1581
2019-11-22T13:45:00+09:00,J3,1002,955,1957
2019-11-22T13:45:00+09:00,J4,580,629,1209
2019-11-22T13:45:00+09:00,J5,500,505,1005
2019-11-22T14:00:00+09:00,J1,935,913,1848
2019-11-22T14:00:00+09:00,J2,793,694,1487
2019-11-22T14:00:00+09:00,J3,1010,897,1907
2019-11-22T14:00:00+09:00,J4,562,644,1206
2019-11-22T14:00:00+09:00,J5,517,457,974
2019-11-22T14:15:00+09:00,J1,879,864,1743
2019-11-22T14:15:00+09:00,J2,814,641,1455
2019-11-22T14:15:00+09:00,J3,952,914,1866
2019-11-22T14:15:00+09:00,J4,624,691,1315
2019-11-22T14:15:00+09:00,J5,505,507,1012
2019-11-22T14:30:00+09:00,J1,810,905,1715
2019-11-22T14:30:00+09:00,J2,806,659,1465
2019-11-22T14:30:00+09:00,J3,935,919,1854
2019-11-22T14:30:00+09:00,J4,644,640,1284
2019-11-22T14:30:00+09:00,J5,483,448,931
2019-11-22T14:45:00+09:00,J1,835,860,1695
2019-11-22T14:45:00+09:00,J2,839,685,1524
2019-11-22T14:45:00+09:00,J3,939,873,1812
2019-11-22T14:45:00+09:00,J4,596,677,1273
2019-11-22T14:45:00+09:00,J5,442,437,879
2019-11-22T15:00:00+09:00,J1,825,854,1679
2019-11-22T15:00:00+09:00,J2,848,729,1577
2019-11-22T15:00:00+09:00,J3,936,906,1842
2019-11-22T15:00:00+09:00,J4,576,700,1276
2019-11-22T15:00:00+09:00,J5,466,479,945
2019-11-22T15:15:00+09:00,J1,844,930,1774
2019-11-22T15:15:00+09:00,J2,798,704,1502
2019-11-22T15:15:00+09:00,J3,931,942,1873
2019-11-22T15:15:00+09:00,J4,660,678,1338
2019-11-22T15:15:00+09:00,J5,518,495,1013
2019-11-22T15:30:00+09:00,J1,850,932,1782
2019-11-22T15:30:00+09:00,J2,852,674,1526
2019-11-22T15:30:00+09:00,J3,965,952,1917
2019-11-22T15:30:00+09:00,J4,675,693,1368
2019-11-22T15:30:00+09:00,J5,489,503,992
2019-11-22T15:45:00+09:00,J1,867,863,1730
2019-11-22T15:45:00+09:00,J2,861,713,1574
2019-11-22T15:45:00+09:00,J3,961,948,1909
2019-11-22T15:45:00+09:00,J4,613,732,1345
2019-11-22T15:45:00+09:00,J5,535,510,1045
2019-11-22T16:00:00+09:00,J1,808,892,1700
2019-11-22T16:00:00+09:00,J2,821,642,1463
2019-11-22T16:00:00+09:00,J3,938,925,1863
2019-11-22T16:00:00+09:00,J4,677,748,1425
2019-11-22T16:00:00+09:00,J5,482,499,981
2019-11-22T16:15:00+09:00,J1,881,903,1784
2019-11-22T16:15:00+09:00,J2,904,687,1591
2019-11-22T16:15:00+09:00,J3,969,990,1959
2019-11-22T16:15:00+09:00,J4,766,757,1523
2019-11-22T16:15:00+09:00,J5,519,469,988
2019-11-22T16:30:00+09:00,J1,824,950,1774
2019-11-22T16:30:00+09:00,J2,881,727,1608
2019-11-22T16:30:00+09:00,J3,979,981,1960
2019-11-22T16:30:00+09:00,J4,693,725,1418
2019-11-22T16:30:00+09:00,J5,499,518,1017
2019-11-22T16:45:00+09:00,J1,823,931,1754
2019-11-22T16:45:00+09:00,J2,850,763,1613
2019-11-22T16:45:00+09:00,J3,1054,938,1992
2019-11-22T16:45:00+09:00,J4,716,716,1432
2019-11-22T16:45:00+09:00,J5,508,500,1008
2019-11-22T17:00:00+09:00,J1,984,993,1977
2019-11-22T17:00:00+09:00,J2,762,738,1500
2019-11-22T17:00:00+09:00,J3,1056,1089,2145
2019-11-22T17:00:00+09:00,J4,689,709,1398
2019-11-22T17:00:00+09:00,J5,528,526,1054
2019-11-22T17:15:00+09:00,J1,970,1027,1997
2019-11-22T17:15:00+09:00,J2,823,748,1571
2019-11-22T17:15:00+09:00,J3,1134,1128,2262
2019-11-22T17:15:00+09:00,J4,794,748,1542
2019-11-22T17:15:00+09:00,J5,529,565,1094
2019-11-22T17:30:00+09:00,J1,1058,1099,2157
2019-11-22T17:30:00+09:00,J2,906,831,1737
2019-11-22T17:30:00+09:00,J3,1306,1110,2416
2019-11-22T17:30:00+09:00,J4,858,717,1575
2019-11-22T17:30:00+09:00,J5,516,635,1151
2019-11-22T17:45:00+09:00,J1,1048,1065,2113
2019-11-22T17:45:00+09:00,J2,964,738,1702
2019-11-22T17:45:00+09:00,J3,1358,1213,2571
2019-11-22T17:45:00+09:00,J4,963,697,1660
2019-11-22T17:45:00+09:00,J5,499,594,1093
2019-11-22T18:00:00+09:00,J1,983,1162,2145
2019-11-22T18:00:00+09:00,J2,964,831,1795
2019-11-22T18:00:00+09:00,J3,1309,1161,2470
2019-11-22T18:00:00+09:00,J4,937,774,1711
2019-11-22T18:00:00+09:00,J5,498,628,1126
2019-11-22T18:15:00+09:00,J1,982,1160,2142
2019-11-22T18:15:00+09:00,J2,1171,789,1960
2019-11-22T18:15:00+09:00,J3,1254,1074,2328
2019-11-22T18:15:00+09:00,J4,1028,823,1851
2019-11-22T18:15:00+09:00,J5,513,637,1150
2019-11-22T18:30:00+09:00,J1,1052,1046,2098
2019-11-22T18:30:00+09:00,J2,951,780,1731
2019-11-22T18:30:00+09:00,J3,1129,1025,2154
2019-11-22T18:30:00+09:00,J4,1004,806,1810
2019-11-22T18:30:00+09:00,J5,497,524,1021
2019-11-22T18:45:00+09:00,J1,999,964,1963
2019-11-22T18:45:00+09:00,J2,886,771,1657
2019-11-22T18:45:00+09:00,J3,1085,926,2011
2019-11-22T18:45:00+09:00,J4,970,837,1807
2019-11-22T18:45:00+09:00,J5,444,506,950
2019-11-22T19:00:00+09:00,J1,893,1040,1933
2019-11-22T19:00:00+09:00,J2,845,694,1539
2019-11-22T19:00:00+09:00,J3,1085,902,1987
2019-11-22T19:00:00+09:00,J4,938,956,1894
2019-11-22T19:00:00+09:00,J5,451,511,962
2019-11-22T19:15:00+09:00,J1,898,1008,1906
2019-11-22T19:15:00+09:00,J2,800,607,1407
2019-11-22T19:15:00+09:00,J3,1039,964,2003
2019-11-22T19:15:00+09:00,J4,1017,898,1915
2019-11-22T19:15:00+09:00,J5,459,493,952
2019-11-22T19:30:00+09:00,J1,837,1000,1837
2019-11-22T19:30:00+09:00,J2,687,593,1280
2019-11-22T19:30:00+09:00,J3,955,882,1837
2019-11-22T19:30:00+09:00,J4,881,916,1797
2019-11-22T19:30:00+09:00,J5,402,476,878
2019-11-22T19:45:00+09:00,J1,839,944,1783
2019-11-22T19:45:00+09:00,J2,645,610,1255
2019-11-22T19:45:00+09:00,J3,887,886,1773
2019-11-22T19:45:00+09:00,J4,912,818,1730
2019-11-22T19:45:00+09:00,J5,408,479,887
2019-11-22T20:00:00+09:00,J1,824,921,1745
2019-11-22T20:00:00+09:00,J2,743,594,1337
2019-11-22T20:00:00+09:00,J3,895,755,1650
2019-11-22T20:00:00+09:00,J4,902,830,1732
2019-11-22T20:00:00+09:00,J5,376,437,813
2019-11-22T20:15:00+09:00,J1,915,913,1828
2019-11-22T20:15:00+09:00,J2,732,565,1297
2019-11-22T20:15:00+09:00,J3,973,856,1829
2019-11-22T20:15:00+09:00,J4,950,836,1786
2019-11-22T20:15:00+09:00,J5,358,465,823
2019-11-22T20:30:00+09:00,J1,793,928,1721
2019-11-22T20:30:00+09:00,J2,694,606,1300
2019-11-22T20:30:00+09:00,J3,859,857,1716
2019-11-22T20:30:00+09:00,J4,891,774,1665
2019-11-22T20:30:00+09:00,J5,388,423,811
2019-11-22T20:45:00+09:00,J1,883,895,1778
2019-11-22T20:45:00+09:00,J2,704,588,1292
2019-11-22T20:45:00+09:00,J3,921,823,1744
2019-11-22T20:45:00+09:00,J4,962,790,1752
2019-11-22T20:45:00+09:00,J5,355,413,768
2019-11-22T21:00:00+09:00,J1,845,890,1735
2019-11-22T21:00:00+09:00,J2,740,563,1303
2019-11-22T21:00:00+09:00,J3,884,755,1639
2019-11-22T21:00:00+09:00,J4,934,844,1778
2019-11-22T21:00:00+09:00,J5,399,415,814
2019-11-22T21:15:00+09:00,J1,831,922,1753
2019-11-22T21:15:00+09:00,J2,678,618,1296
2019-11-22T21:15:00+09:00,J3,770,798,1568
2019-11-22T21:15:00+09:00,J4,887,846,1733
2019-11-22T21:15:00+09:00,J5,360,409,769
2019-11-22T21:30:00+09:00,J1,798,953,1751
2019-11-22T21:30:00+09:00,J2,602,618,1220
2019-11-22T21:30:00+09:00,J3,776,750,1526
2019-11-22T21:30:00+09:00,J4,871,861,1732
2019-11-22T21:30:00+09:00,J5,400,355,755
2019-11-22T21:45:00+09:00,J1,841,931,1772
2019-11-22T21:45:00+09:00,J2,611,518,1129
2019-11-22T21:45:00+09:00,J3,771,713,1484
2019-11-22T21:45:00+09:00,J4,822,809,1631
2019-11-22T21:45:00+09:00,J5,369,364,733
2019-11-22T22:00:00+09:00,J1,760,901,1661
2019-11-22T22:00:00+09:00,J2,501,645,1146
2019-11-22T22:00:00+09:00,J3,862,775,1637
2019-11-22T22:00:00+09:00,J4,869,834,1703
2019-11-22T22:00:00+09:00,J5,395,382,777
2019-11-22T22:15:00+09:00,J1,735,881,1616
2019-11-22T22:15:00+09:00,J2,518,499,1017
2019-11-22T22:15:00+09:00,J3,766,744,1510
2019-11-22T22:15:00+09:00,J4,844,788,1632
2019-11-22T22:15:00+09:00,J5,419,397,816
2019-11-22T22:30:00+09:00,J1,827,857,1684
2019-11-22T22:30:00+09:00,J2,511,501,1012
2019-11-22T22:30:00+09:00,J3,791,787,1578
2019-11-22T22:30:00+09:00,J4,848,806,1654
2019-11-22T22:30:00+09:00,J5,497,426,923
2019-11-22T22:45:00+09:00,J1,778,864,1642
2019-11-22T22:45:00+09:00,J2,573,573,1146
2019-11-22T22:45:00+09:00,J3,800,745,1545
2019-11-22T22:45:00+09:00,J4,859,827,1686
2019-11-22T22:45:00+09:00,J5,540,473,1013
2019-11-22T23:00:00+09:00,J1,681,737,1418
2019-11-22T23:00:00+09:00,J2,468,466,934
2019-11-22T23:00:00+09:00,J3,709,633,1342
2019-11-22T23:00:00+09:00,J4,702,757,1459
2019-11-22T23:00:00+09:00,J5,428,433,861
2019-11-22T23:15:00+09:00,J1,859,863,1722
2019-11-22T23:15:00+09:00,J2,591,588,1179
2019-11-22T23:15:00+09:00,J3,795,852,1647
2019-11-22T23:15:00+09:00,J4,860,993,1853
2019-11-22T23:15:00+09:00,J5,558,549,1107
2019-11-22T23:30:00+09:00,J1,632,764,1396
2019-11-22T23:30:00+09:00,J2,556,536,1092
2019-11-22T23:30:00+09:00,J3,677,717,1394
2019-11-22T23:30:00+09:00,J4,721,743,1464
2019-11-22T23:30:00+09:00,J5,477,448,925
2019-11-22T23:45:00+09:00,J1,691,827,1518
2019-11-22T23:45:00+09:00,J2,513,476,989
2019-11-22T23:45:00+09:00,J3,652,621,1273
2019-11-22T23:45:00+09:00,J4,635,689,1324
2019-11-22T23:45:00+09:00,J5,498,502,1000
2019-11-23T00:00:00+09:00,J1,567,595,1162
2019-11-23T00:00:00+09:00,J2,311,270,581
2019-11-23T00:00:00+09:00,J3,626,588,1214
2019-11-23T00:00:00+09:00,J4,565,594,1159
2019-11-23T00:00:00+09:00,J5,485,516,1001
2019-11-23T00:15:00+09:00,J1,389,402,791
2019-11-23T00:15:00+09:00,J2,292,259,551
2019-11-23T00:15:00+09:00,J3,578,554,1132
2019-11-23T00:15:00+09:00,J4,572,582,1154
2019-11-23T00:15:00+09:00,J5,346,343,689
2019-11-23T00:30:00+09:00,J1,336,262,598
2019-11-23T00:30:00+09:00,J2,283,281,564
2019-11-23T00:30:00+09:00,J3,628,627,1255
2019-11-23T00:30:00+09:00,J4,766,747,1513
2019-11-23T00:30:00+09:00,J5,303,266,569
2019-11-23T00:45:00+09:00,J1,352,366,718
2019-11-23T00:45:00+09:00,J2,346,287,633
2019-11-23T00:45:00+09:00,J3,609,629,1238
2019-11-23T00:45:00+09:00,J4,747,768,1515
2019-11-23T00:45:00+09:00,J5,259,256,515
2019-11-23T05:45:00+09:00,J1,399,346,745
2019-11-23T05:45:00+09:00,J2,239,232,471
2019-11-23T05:45:00+09:00,J3,794,623,1417
2019-11-23T05:45:00+09:00,J4,835,760,1595
2019-11-23T05:45:00+09:00,J5,318,282,600
2019-11-23T06:00:00+09:00,J1,395,413,808
2019-11-23T06:00:00+09:00,J2,320,268,588
2019-11-23T06:00:00+09:00,J3,777,735,1512
2019-11-23T06:00:00+09:00,J4,827,696,1523
2019-11-23T06:00:00+09:00,J5,302,281,583
2019-11-23T06:15:00+09:00,J1,545,496,1041
2019-11-23T06:15:00+09:00,J2,349,269,618
2019-11-23T06:15:00+09:00,J3,707,699,1406
2019-11-23T06:15:00+09:00,J4,774,714,1488
2019-11-23T06:15:00+09:00,J5,339,364,703
2019-11-23T06:30:00+09:00,J1,515,471,986
2019-11-23T06:30:00+09:00,J2,364,225,589
2019-11-23T06:30:00+09:00,J3,701,638,1339
2019-11-23T06:30:00+09:00,J4,814,801,1615
2019-11-23T06:30:00+09:00,J5,394,432,826
2019-11-23T06:45:00+09:00,J1,571,540,1111
2019-11-23T06:45:00+09:00,J2,348,266,614
2019-11-23T06:45:00+09:00,J3,738,605,1343
2019-11-23T06:45:00+09:00,J4,838,785,1623
2019-11-23T06:45:00+09:00,J5,401,418,819
2019-11-23T07:00:00+09:00,J1,593,549,1142
2019-11-23T07:00:00+09:00,J2,226,208,434
2019-11-23T07:00:00+09:00,J3,728,637,1365
2019-11-23T07:00:00+09:00,J4,883,768,1651
2019-11-23T07:00:00+09:00,J5,537,540,1077
2019-11-23T07:15:00+09:00,J1,631,688,1319
2019-11-23T07:15:00+09:00,J2,234,228,462
2019-11-23T07:15:00+09:00,J3,717,677,1394
2019-11-23T07:15:00+09:00,J4,936,775,1711
2019-11-23T07:15:00+09:00,J5,500,566,1066
2019-11-23T07:30:00+09:00,J1,719,693,1412
2019-11-23T07:30:00+09:00,J2,282,202,484
2019-11-23T07:30:00+09:00,J3,758,658,1416
2019-11-23T07:30:00+09:00,J4,875,844,1719
2019-11-23T07:30:00+09:00,J5,587,579,1166
2019-11-23T07:45:00+09:00,J1,669,666,1335
2019-11-23T07:45:00+09:00,J2,276,253,529
2019-11-23T07:45:00+09:00,J3,703,668,1371
2019-11-23T07:45:00+09:00,J4,919,807,1726
2019-11-23T07:45:00+09:00,J5,504,557,1061
2019-11-23T08:00:00+09:00,J1,1031,1030,2061
2019-11-23T08:00:00+09:00,J2,387,380,767
2019-11-23T08:00:00+09:00,J3,602,665,1267
2019-11-23T08:00:00+09:00,J4,935,794,1729
2019-11-23T08:00:00+09:00,J5,446,398,844
2019-11-23T08:15:00+09:00,J1,1059,1115,2174
2019-11-23T08:15:00+09:00,J2,535,469,1004
2019-11-23T08:15:00+09:00,J3,658,718,1376
2019-11-23T08:15:00+09:00,J4,1019,857,1876
2019-11-23T08:15:00+09:00,J5,405,386,791
2019-11-23T08:30:00+09:00,J1,1073,988,2061
2019-11-23T08:30:00+09:00,J2,476,398,874
2019-11-23T08:30:00+09:00,J3,718,742,1460
2019-11-23T08:30:00+09:00,J4,932,911,1843
2019-11-23T08:30:00+09:00,J5,386,368,754
2019-11-23T08:45:00+09:00,J1,996,1086,2082
2019-11-23T08:45:00+09:00,J2,474,382,856
2019-11-23T08:45:00+09:00,J3,689,698,1387
2019-11-23T08:45:00+09:00,J4,966,838,1804
2019-11-23T08:45:00+09:00,J5,394,344,738
2019-11-23T09:00:00+09:00,J1,788,794,1582
2019-11-23T09:00:00+09:00,J2,513,356,869
2019-11-23T09:00:00+09:00,J3,630,592,1222
2019-11-23T09:00:00+09:00,J4,922,792,1714
2019-11-23T09:00:00+09:00,J5,375,379,754
2019-11-23T09:15:00+09:00,J1,858,829,1687
2019-11-23T09:15:00+09:00,J2,395,326,721
2019-11-23T09:15:00+09:00,J3,625,648,1273
2019-11-23T09:15:00+09:00,J4,847,839,1686
2019-11-23T09:15:00+09:00,J5,362,321,683
2019-11-23T09:30:00+09:00,J1,838,834,1672
2019-11-23T09:30:00+09:00,J2,399,320,719
2019-11-23T09:30:00+09:00,J3,630,597,1227
2019-11-23T09:30:00+09:00,J4,879,838,1717
2019-11-23T09:30:00+09:00,J5,339,337,676
2019-11-23T09:45:00+09:00,J1,802,773,1575
2019-11-23T09:45:00+09:00,J2,400,333,733
2019-11-23T09:45:00+09:00,J3,714,652,1366
2019-11-23T09:45:00+09:00,J4,846,797,1643
2019-11-23T09:45:00+09:00,J5,336,311,647
2019-11-23T10:00:00+09:00,J1,769,765,1534
2019-11-23T10:00:00+09:00,J2,446,397,843
2019-11-23T10:00:00+09:00,J3,626,669,1295
2019-11-23T10:00:00+09:00,J4,784,747,1531
2019-11-23T10:00:00+09:00,J5,300,274,574
2019-11-23T10:15:00+09:00,J1,783,825,1608
2019-11-23T10:15:00+09:00,J2,407,411,818
2019-11-23T10:15:00+09:00,J3,689,595,1284
2019-11-23T10:15:00+09:00,J4,749,751,1500
2019-11-23T10:15:00+09:00,J5,286,255,541
2019-11-23T10:30:00+09:00,J1,802,818,1620
2019-11-23T10:30:00+09:00,J2,543,513,1056
2019-11-23T10:30:00+09:00,J3,674,652,1326
2019-11-23T10:30:00+09:00,J4,740,748,1488
2019-11-23T10:30:00+09:00,J5,319,293,612
2019-11-23T10:45:00+09:00,J1,824,836,1660
2019-11-23T10:45:00+09:00,J2,619,528,1147
2019-11-23T10:45:00+09:00,J3,748,632,1380
2019-11-23T10:45:00+09:00,J4,871,834,1705
2019-11-23T10:45:00+09:00,J5,329,270,599
2019-11-23T11:00:00+09:00,J1,927,893,1820
2019-11-23T11:00:00+09:00,J2,611,477,1088
2019-11-23T11:00:00+09:00,J3,737,788,1525
2019-11-23T11:00:00+09:00,J4,761,833,1594
2019-11-23T11:00:00+09:00,J5,288,265,553
2019-11-23T11:15:00+09:00,J1,896,1002,1898
2019-11-23T11:15:00+09:00,J2,605,515,1120
2019-11-23T11:15:00+09:00,J3,814,838,1652
2019-11-23T11:15:00+09:00,J4,707,809,1516
2019-11-23T11:15:00+09:00,J5,312,324,636
2019-11-23T11:30:00+09:00,J1,799,941,1740
2019-11-23T11:30:00+09:00,J2,700,512,1212
2019-11-23T11:30:00+09:00,J3,873,809,1682
2019-11-23T11:30:00+09:00,J4,667,816,1483
2019-11-23T11:30:00+09:00,J5,321,379,700
2019-11-23T11:45:00+09:00,J1,874,997,1871
2019-11-23T11:45:00+09:00,J2,649,513,1162
2019-11-23T11:45:00+09:00,J3,890,729,1619
2019-11-23T11:45:00+09:00,J4,618,701,1319
2019-11-23T11:45:00+09:00,J5,328,398,726
2019-11-23T12:00:00+09:00,J1,924,1033,1957
2019-11-23T12:00:00+09:00,J2,690,437,1127
2019-11-23T12:00:00+09:00,J3,875,799,1674
2019-11-23T12:00:00+09:00,J4,704,736,1440
2019-11-23T12:00:00+09:00,J5,291,337,628
2019-11-23T12:15:00+09:00,J1,920,1034,1954
2019-11-23T12:15:00+09:00,J2,714,444,1158
2019-11-23T12:15:00+09:00,J3,867,707,1574
2019-11-23T12:15:00+09:00,J4,731,762,1493
2019-11-23T12:15:00+09:00,J5,345,359,704
2019-11-23T12:30:00+09:00,J1,729,864,1593
2019-11-23T12:30:00+09:00,J2,720,417,1137
2019-11-23T12:30:00+09:00,J3,916,827,1743
2019-11-23T12:30:00+09:00,J4,649,728,1377
2019-11-23T12:30:00+09:00,J5,356,324,680
2019-11-23T12:45:00+09:00,J1,716,828,1544
2019-11-23T12:45:00+09:00,J2,678,417,1095
2019-11-23T12:45:00+09:00,J3,944,871,1815
2019-11-23T12:45:00+09:00,J4,704,720,1424
2019-11-23T12:45:00+09:00,J5,369,358,727
2019-11-23T13:00:00+09:00,J1,739,891,1630
2019-11-23T13:00:00+09:00,J2,683,390,1073
2019-11-23T13:00:00+09:00,J3,931,876,1807
2019-11-23T13:00:00+09:00,J4,802,819,1621
2019-11-23T13:00:00+09:00,J5,337,349,686
2019-11-23T13:15:00+09:00,J1,741,969,1710
2019-11-23T13:15:00+09:00,J2,626,436,1062
2019-11-23T13:15:00+09:00,J3,980,828,1808
2019-11-23T13:15:00+09:00,J4,837,824,1661
2019-11-23T13:15:00+09:00,J5,369,346,715
2019-11-23T13:30:00+09:00,J1,800,879,1679
2019-11-23T13:30:00+09:00,J2,636,549,1185
2019-11-23T13:30:00+09:00,J3,970,891,1861
2019-11-23T13:30:00+09:00,J4,897,869,1766
2019-11-23T13:30:00+09:00,J5,366,380,746
2019-11-23T13:45:00+09:00,J1,749,782,1531
2019-11-23T13:45:00+09:00,J2,676,588,1264
2019-11-23T13:45:00+09:00,J3,906,891,1797
2019-11-23T13:45:00+09:00,J4,977,969,1946
2019-11-23T13:45:00+09:00,J5,358,374,732
2019-11-23T14:00:00+09:00,J1,810,858,1668
2019-11-23T14:00:00+09:00,J2,642,508,1150
2019-11-23T14:00:00+09:00,J3,930,981,1911
2019-11-23T14:00:00+09:00,J4,898,974,1872
2019-11-23T14:00:00+09:00,J5,340,390,730
2019-11-23T14:15:00+09:00,J1,739,946,1685
2019-11-23T14:15:00+09:00,J2,696,637,1333
2019-11-23T14:15:00+09:00,J3,1007,929,1936
2019-11-23T14:15:00+09:00,J4,819,861,1680
2019-11-23T14:15:00+09:00,J5,380,342,722
2019-11-23T14:30:00+09:00,J1,820,923,1743
2019-11-23T14:30:00+09:00,J2,657,542,1199
2019-11-23T14:30:00+09:00,J3,1008,977,1985
2019-11-23T14:30:00+09:00,J4,908,871,1779
2019-11-23T14:30:00+09:00,J5,396,368,764
2019-11-23T14:45:00+09:00,J1,814,876,1690
2019-11-23T14:45:00+09:00,J2,654,451,1105
2019-11-23T14:45:00+09:00,J3,994,849,1843
2019-11-23T14:45:00+09:00,J4,914,953,1867
2019-11-23T14:45:00+09:00,J5,333,313,646
2019-11-23T15:00:00+09:00,J1,807,1014,1821
2019-11-23T15:00:00+09:00,J2,600,473,1073
2019-11-23T15:00:00+09:00,J3,929,957,1886
2019-11-23T15:00:00+09:00,J4,1008,939,1947
2019-11-23T15:00:00+09:00,J5,300,317,617
2019-11-23T15:15:00+09:00,J1,709,999,1708
2019-11-23T15:15:00+09:00,J2,622,498,1120
2019-11-23T15:15:00+09:00,J3,977,897,1874
2019-11-23T15:15:00+09:00,J4,977,986,1963
2019-11-23T15:15:00+09:00,J5,339,368,707
2019-11-23T15:30:00+09:00,J1,834,1033,1867
2019-11-23T15:30:00+09:00,J2,637,452,1089
2019-11-23T15:30:00+09:00,J3,1017,1017,2034
2019-11-23T15:30:00+09:00,J4,963,1015,1978
2019-11-23T15:30:00+09:00,J5,321,364,685
2019-11-23T15:45:00+09:00,J1,829,1057,1886
2019-11-23T15:45:00+09:00,J2,616,494,1110
2019-11-23T15:45:00+09:00,J3,959,986,1945
2019-11-23T15:45:00+09:00,J4,1046,969,2015
2019-11-23T15:45:00+09:00,J5,309,315,624
2019-11-23T16:00:00+09:00,J1,881,981,1862
2019-11-23T16:00:00+09:00,J2,664,504,1168
2019-11-23T16:00:00+09:00,J3,1112,887,1999
2019-11-23T16:00:00+09:00,J4,966,997,1963
2019-11-23T16:00:00+09:00,J5,362,352,714
2019-11-23T16:15:00+09:00,J1,875,940,1815
2019-11-23T16:15:00+09:00,J2,710,550,1260
2019-11-23T16:15:00+09:00,J3,1012,906,1918
2019-11-23T16:15:00+09:00,J4,1065,980,2045
2019-11-23T16:15:00+09:00,J5,346,384,730
2019-11-23T16:30:00+09:00,J1,849,937,1786
2019-11-23T16:30:00+09:00,J2,817,503,1320
2019-11-23T16:30:00+09:00,J3,1066,957,2023
2019-11-23T16:30:00+09:00,J4,994,954,1948
2019-11-23T16:30:00+09:00,J5,325,346,671
2019-11-23T16:45:00+09:00,J1,862,1063,1925
2019-11-23T16:45:00+09:00,J2,827,480,1307
2019-11-23T16:45:00+09:00,J3,1113,910,2023
2019-11-23T16:45:00+09:00,J4,978,1003,1981
2019-11-23T16:45:00+09:00,J5,377,385,762
2019-11-23T17:00:00+09:00,J1,891,1131,2022
2019-11-23T17:00:00+09:00,J2,743,573,1316
2019-11-23T17:00:00+09:00,J3,1090,1010,2100
2019-11-23T17:00:00+09:00,J4,982,991,1973
2019-11-23T17:00:00+09:00,J5,357,350,707
2019-11-23T17:15:00+09:00,J1,918,1114,2032
2019-11-23T17:15:00+09:00,J2,788,496,1284
2019-11-23T17:15:00+09:00,J3,1224,1021,2245
2019-11-23T17:15:00+09:00,J4,993,818,1811
2019-11-23T17:15:00+09:00,J5,420,404,824
2019-11-23T17:30:00+09:00,J1,921,1083,2004
2019-11-23T17:30:00+09:00,J2,806,493,1299
2019-11-23T17:30:00+09:00,J3,1193,998,2191
2019-11-23T17:30:00+09:00,J4,1002,938,1940
2019-11-23T17:30:00+09:00,J5,401,438,839
2019-11-23T17:45:00+09:00,J1,934,1048,1982
2019-11-23T17:45:00+09:00,J2,775,424,1199
2019-11-23T17:45:00+09:00,J3,1058,956,2014
2019-11-23T17:45:00+09:00,J4,898,933,1831
2019-11-23T17:45:00+09:00,J5,351,310,661
2019-11-23T18:00:00+09:00,J1,821,983,1804
2019-11-23T18:00:00+09:00,J2,770,427,1197
2019-11-23T18:00:00+09:00,J3,1055,844,1899
2019-11-23T18:00:00+09:00,J4,866,796,1662
2019-11-23T18:00:00+09:00,J5,380,347,727
2019-11-23T18:15:00+09:00,J1,938,1089,2027
2019-11-23T18:15:00+09:00,J2,658,451,1109
2019-11-23T18:15:00+09:00,J3,1111,918,2029
2019-11-23T18:15:00+09:00,J4,898,781,1679
2019-11-23T18:15:00+09:00,J5,433,393,826
2019-11-23T18:30:00+09:00,J1,876,917,1793
2019-11-23T18:30:00+09:00,J2,586,396,982
2019-11-23T18:30:00+09:00,J3,987,875,1862
2019-11-23T18:30:00+09:00,J4,912,825,1737
2019-11-23T18:30:00+09:00,J5,345,365,710
2019-11-23T18:45:00+09:00,J1,869,920,1789
2019-11-23T18:45:00+09:00,J2,540,472,1012
2019-11-23T18:45:00+09:00,J3,872,918,1790
2019-11-23T18:45:00+09:00,J4,851,864,1715
2019-11-23T18:45:00+09:00,J5,276,329,605
2019-11-23T19:00:00+09:00,J1,770,806,1576
2019-11-23T19:00:00+09:00,J2,600,416,1016
2019-11-23T19:00:00+09:00,J3,913,917,1830
2019-11-23T19:00:00+09:00,J4,943,751,1694
2019-11-23T19:00:00+09:00,J5,317,336,653
2019-11-23T19:15:00+09:00,J1,677,829,1506
2019-11-23T19:15:00+09:00,J2,463,435,898
2019-11-23T19:15:00+09:00,J3,899,913,1812
2019-11-23T19:15:00+09:00,J4,783,661,1444
2019-11-23T19:15:00+09:00,J5,398,424,822
2019-11-23T19:30:00+09:00,J1,664,722,1386
2019-11-23T19:30:00+09:00,J2,439,425,864
2019-11-23T19:30:00+09:00,J3,828,733,1561
2019-11-23T19:30:00+09:00,J4,653,675,1328
2019-11-23T19:30:00+09:00,J5,302,306,608
2019-11-23T19:45:00+09:00,J1,625,745,1370
2019-11-23T19:45:00+09:00,J2,391,426,817
2019-11-23T19:45:00+09:00,J3,792,696,1488
2019-11-23T19:45:00+09:00,J4,646,638,1284
2019-11-23T19:45:00+09:00,J5,303,321,624
2019-11-23T20:00:00+09:00,J1,641,769,1410
2019-11-23T20:00:00+09:00,J2,431,434,865
2019-11-23T20:00:00+09:00,J3,876,700,1576
2019-11-23T20:00:00+09:00,J4,677,683,1360
2019-11-23T20:00:00+09:00,J5,238,281,519
2019-11-23T20:15:00+09:00,J1,640,742,1382
2019-11-23T20:15:00+09:00,J2,419,364,783
2019-11-23T20:15:00+09:00,J3,858,738,1596
2019-11-23T20:15:00+09:00,J4,623,673,1296
2019-11-23T20:15:00+09:00,J5,259,278,537
2019-11-23T20:30:00+09:00,J1,692,772,1464
2019-11-23T20:30:00+09:00,J2,462,410,872
2019-11-23T20:30:00+09:00,J3,848,712,1560
2019-11-23T20:30:00+09:00,J4,742,779,1521
2019-11-23T20:30:00+09:00,J5,252,270,522
2019-11-23T20:45:00+09:00,J1,664,735,1399
2019-11-23T20:45:00+09:00,J2,445,365,810
2019-11-23T20:45:00+09:00,J3,747,714,1461
2019-11-23T20:45:00+09:00,J4,778,795,1573
2019-11-23T20:45:00+09:00,J5,256,239,495
2019-11-23T21:00:00+09:00,J1,734,776,1510
2019-11-23T21:00:00+09:00,J2,522,405,927
2019-11-23T21:00:00+09:00,J3,761,697,1458
2019-11-23T21:00:00+09:00,J4,769,822,1591
2019-11-23T21:00:00+09:00,J5,302,296,598
2019-11-23T21:15:00+09:00,J1,684,716,1400
2019-11-23T21:15:00+09:00,J2,454,378,832
2019-11-23T21:15:00+09:00,J3,708,624,1332
2019-11-23T21:15:00+09:00,J4,840,758,1598
2019-11-23T21:15:00+09:00,J5,303,347,650
2019-11-23T21:30:00+09:00,J1,680,745,1425
2019-11-23T21:30:00+09:00,J2,388,380,768
2019-11-23T21:30:00+09:00,J3,736,638,1374
2019-11-23T21:30:00+09:00,J4,748,713,1461
2019-11-23T21:30:00+09:00,J5,316,289,605
2019-11-23T21:45:00+09:00,J1,602,751,1353
2019-11-23T21:45:00+09:00,J2,421,408,829
2019-11-23T21:45:00+09:00,J3,721,623,1344
2019-11-23T21:45:00+09:00,J4,731,679,1410
2019-11-23T21:45:00+09:00,J5,281,241,522
2019-11-23T22:00:00+09:00,J1,590,702,1292
2019-11-23T22:00:00+09:00,J2,418,376,794
2019-11-23T22:00:00+09:00,J3,670,712,1382
2019-11-23T22:00:00+09:00,J4,731,759,1490
2019-11-23T22:00:00+09:00,J5,298,286,584
2019-11-23T22:15:00+09:00,J1,602,690,1292
2019-11-23T22:15:00+09:00,J2,340,449,789
2019-11-23T22:15:00+09:00,J3,633,612,1245
2019-11-23T22:15:00+09:00,J4,675,653,1328
2019-11-23T22:15:00+09:00,J5,271,262,533
2019-11-23T22:30:00+09:00,J1,559,666,1225
2019-11-23T22:30:00+09:00,J2,365,378,743
2019-11-23T22:30:00+09:00,J3,703,605,1308
2019-11-23T22:30:00+09:00,J4,676,692,1368
2019-11-23T22:30:00+09:00,J5,240,233,473
2019-11-23T22:45:00+09:00,J1,604,629,1233
2019-11-23T22:45:00+09:00,J2,398,315,713
2019-11-23T22:45:00+09:00,J3,617,627,1244
2019-11-23T22:45:00+09:00,J4,705,711,1416
2019-11-23T22:45:00+09:00,J5,226,248,474
2019-11-23T23:00:00+09:00,J1,533,567,1100
2019-11-23T23:00:00+09:00,J2,381,430,811
2019-11-23T23:00:00+09:00,J3,622,610,1232
2019-11-23T23:00:00+09:00,J4,668,743,1411
2019-11-23T23:00:00+09:00,J5,232,245,477
2019-11-23T23:15:00+09:00,J1,527,598,1125
2019-11-23T23:15:00+09:00,J2,366,387,753
2019-11-23T23:15:00+09:00,J3,595,562,1157
2019-11-23T23:15:00+09:00,J4,682,771,1453
2019-11-23T23:15:00+09:00,J5,254,260,514
2019-11-23T23:30:00+09:00,J1,620,613,1233
2019-11-23T23:30:00+09:00,J2,346,356,702
2019-11-23T23:30:00+09:00,J3,641,633,1274
2019-11-23T23:30:00+09:00,J4,658,726,1384
2019-11-23T23:30:00+09:00,J5,213,224,437
2019-11-23T23:45:00+09:00,J1,550,607,1157
2019-11-23T23:45:00+09:00,J2,391,402,793
2019-11-23T23:45:00+09:00,J3,589,551,1140
2019-11-23T23:45:00+09:00,J4,607,596,1203
2019-11-23T23:45:00+09:00,J5,226,197,423
2019-11-24T00:00:00+09:00,J1,484,488,972
2019-11-24T00:00:00+09:00,J2,403,415,818
2019-11-24T00:00:00+09:00,J3,533,462,995
2019-11-24T00:00:00+09:00,J4,612,609,1221
2019-11-24T00:00:00+09:00,J5,263,284,547
2019-11-24T00:15:00+09:00,J1,282,311,593
2019-11-24T00:15:00+09:00,J2,415,406,821
2019-11-24T00:15:00+09:00,J3,483,543,1026
2019-11-24T00:15:00+09:00,J4,595,504,1099
2019-11-24T00:15:00+09:00,J5,394,346,740
2019-11-24T00:30:00+09:00,J1,300,299,599
2019-11-24T00:30:00+09:00,J2,372,368,740
2019-11-24T00:30:00+09:00,J3,522,519,1041
2019-11-24T00:30:00+09:00,J4,700,617,1317
2019-11-24T00:30:00+09:00,J5,428,404,832
2019-11-24T00:45:00+09:00,J1,311,318,629
2019-11-24T00:45:00+09:00,J2,463,431,894
2019-11-24T00:45:00+09:00,J3,483,445,928
2019-11-24T00:45:00+09:00,J4,379,364,743
2019-11-24T00:45:00+09:00,J5,430,455,885
2019-11-24T05:45:00+09:00,J1,357,398,755
2019-11-24T05:45:00+09:00,J2,404,382,786
2019-11-24T05:45:00+09:00,J3,631,580,1211
2019-11-24T05:45:00+09:00,J4,633,590,1223
2019-11-24T05:45:00+09:00,J5,417,453,870
2019-11-24T06:00:00+09:00,J1,357,385,742
2019-11-24T06:00:00+09:00,J2,474,443,917
2019-11-24T06:00:00+09:00,J3,526,557,1083
2019-11-24T06:00:00+09:00,J4,630,628,1258
2019-11-24T06:00:00+09:00,J5,433,539,972
2019-11-24T06:15:00+09:00,J1,354,433,787
2019-11-24T06:15:00+09:00,J2,445,419,864
2019-11-24T06:15:00+09:00,J3,477,489,966
2019-11-24T06:15:00+09:00,J4,582,609,1191
2019-11-24T06:15:00+09:00,J5,358,405,763
2019-11-24T06:30:00+09:00,J1,366,366,732
2019-11-24T06:30:00+09:00,J2,383,401,784
2019-11-24T06:30:00+09:00,J3,393,449,842
2019-11-24T06:30:00+09:00,J4,622,580,1202
2019-11-24T06:30:00+09:00,J5,421,421,842
2019-11-24T06:45:00+09:00,J1,350,380,730
2019-11-24T06:45:00+09:00,J2,403,343,746
2019-11-24T06:45:00+09:00,J3,410,380,790
2019-11-24T06:45:00+09:00,J4,577,594,1171
2019-11-24T06:45:00+09:00,J5,368,372,740
2019-11-24T07:00:00+09:00,J1,320,397,717
2019-11-24T07:00:00+09:00,J2,440,398,838
2019-11-24T07:00:00+09:00,J3,407,388,795
2019-11-24T07:00:00+09:00,J4,625,624,1249
2019-11-24T07:00:00+09:00,J5,430,391,821
2019-11-24T07:15:00+09:00,J1,420,421,841
2019-11-24T07:15:00+09:00,J2,545,508,1053
2019-11-24T07:15:00+09:00,J3,459,462,921
2019-11-24T07:15:00+09:00,J4,601,625,1226
2019-11-24T07:15:00+09:00,J5,382,380,762
2019-11-24T07:30:00+09:00,J1,463,510,973
2019-11-24T07:30:00+09:00,J2,454,487,941
2019-11-24T07:30:00+09:00,J3,426,414,840
2019-11-24T07:30:00+09:00,J4,673,668,1341
2019-11-24T07:30:00+09:00,J5,336,331,667
2019-11-24T07:45:00+09:00,J1,451,523,974
2019-11-24T07:45:00+09:00,J2,435,401,836
2019-11-24T07:45:00+09:00,J3,443,413,856
2019-11-24T07:45:00+09:00,J4,570,574,1144
2019-11-24T07:45:00+09:00,J5,355,287,642
2019-11-24T08:00:00+09:00,J1,755,769,1524
2019-11-24T08:00:00+09:00,J2,454,476,930
2019-11-24T08:00:00+09:00,J3,705,677,1382
2019-11-24T08:00:00+09:00,J4,645,692,1337
2019-11-24T08:00:00+09:00,J5,287,243,530
2019-11-24T08:15:00+09:00,J1,767,821,1588
2019-11-24T08:15:00+09:00,J2,435,404,839
2019-11-24T08:15:00+09:00,J3,764,802,1566
2019-11-24T08:15:00+09:00,J4,577,659,1236
2019-11-24T08:15:00+09:00,J5,340,272,612
2019-11-24T08:30:00+09:00,J1,806,859,1665
2019-11-24T08:30:00+09:00,J2,461,393,854
2019-11-24T08:30:00+09:00,J3,753,766,1519
2019-11-24T08:30:00+09:00,J4,628,719,1347
2019-11-24T08:30:00+09:00,J5,278,244,522
2019-11-24T08:45:00+09:00,J1,825,790,1615
2019-11-24T08:45:00+09:00,J2,463,470,933
2019-11-24T08:45:00+09:00,J3,770,726,1496
2019-11-24T08:45:00+09:00,J4,644,625,1269
2019-11-24T08:45:00+09:00,J5,231,219,450
2019-11-24T09:00:00+09:00,J1,610,630,1240
2019-11-24T09:00:00+09:00,J2,464,366,830
2019-11-24T09:00:00+09:00,J3,661,723,1384
2019-11-24T09:00:00+09:00,J4,614,588,1202
2019-11-24T09:00:00+09:00,J5,287,240,527
2019-11-24T09:15:00+09:00,J1,644,603,1247
2019-11-24T09:15:00+09:00,J2,481,362,843
2019-11-24T09:15:00+09:00,J3,622,662,1284
2019-11-24T09:15:00+09:00,J4,660,717,1377
2019-11-24T09:15:00+09:00,J5,333,320,653
2019-11-24T09:30:00+09:00,J1,665,623,1288
2019-11-24T09:30:00+09:00,J2,463,367,830
2019-11-24T09:30:00+09:00,J3,685,619,1304
2019-11-24T09:30:00+09:00,J4,658,694,1352
2019-11-24T09:30:00+09:00,J5,322,306,628
2019-11-24T09:45:00+09:00,J1,708,627,1335
2019-11-24T09:45:00+09:00,J2,479,397,876
2019-11-24T09:45:00+09:00,J3,685,556,1241
2019-11-24T09:45:00+09:00,J4,564,651,1215
2019-11-24T09:45:00+09:00,J5,273,301,574
2019-11-24T10:00:00+09:00,J1,732,679,1411
2019-11-24T10:00:00+09:00,J2,446,376,822
2019-11-24T10:00:00+09:00,J3,634,635,1269
2019-11-24T10:00:00+09:00,J4,640,678,1318
2019-11-24T10:00:00+09:00,J5,265,282,547
2019-11-24T10:15:00+09:00,J1,757,674,1431
2019-11-24T10:15:00+09:00,J2,493,362,855
2019-11-24T10:15:00+09:00,J3,656,654,1310
2019-11-24T10:15:00+09:00,J4,605,609,1214
2019-11-24T10:15:00+09:00,J5,285,268,553
2019-11-24T10:30:00+09:00,J1,750,632,1382
2019-11-24T10:30:00+09:00,J2,539,457,996
2019-11-24T10:30:00+09:00,J3,770,716,1486
2019-11-24T10:30:00+09:00,J4,547,589,1136
2019-11-24T10:30:00+09:00,J5,286,316,602
2019-11-24T10:45:00+09:00,J1,726,639,1365
2019-11-24T10:45:00+09:00,J2,488,411,899
2019-11-24T10:45:00+09:00,J3,749,699,1448
2019-11-24T10:45:00+09:00,J4,540,575,1115
2019-11-24T10:45:00+09:00,J5,289,286,575
2019-11-24T11:00:00+09:00,J1,760,734,1494
2019-11-24T11:00:00+09:00,J2,458,437,895
2019-11-24T11:00:00+09:00,J3,836,806,1642
2019-11-24T11:00:00+09:00,J4,539,549,1088
2019-11-24T11:00:00+09:00,J5,290,332,622
2019-11-24T11:15:00+09:00,J1,717,715,1432
2019-11-24T11:15:00+09:00,J2,459,395,854
2019-11-24T11:15:00+09:00,J3,948,898,1846
2019-11-24T11:15:00+09:00,J4,713,681,1394
2019-11-24T11:15:00+09:00,J5,329,412,741
2019-11-24T11:30:00+09:00,J1,652,718,1370
2019-11-24T11:30:00+09:00,J2,462,453,915
2019-11-24T11:30:00+09:00,J3,929,918,1847
2019-11-24T11:30:00+09:00,J4,807,769,1576
2019-11-24T11:30:00+09:00,J5,516,521,1037
2019-11-24T11:45:00+09:00,J1,731,757,1488
2019-11-24T11:45:00+09:00,J2,449,477,926
2019-11-24T11:45:00+09:00,J3,885,918,1803
2019-11-24T11:45:00+09:00,J4,725,833,1558
2019-11-24T11:45:00+09:00,J5,539,623,1162
2019-11-24T12:00:00+09:00,J1,722,721,1443
2019-11-24T12:00:00+09:00,J2,504,482,986
2019-11-24T12:00:00+09:00,J3,993,952,1945
2019-11-24T12:00:00+09:00,J4,822,937,1759
2019-11-24T12:00:00+09:00,J5,501,562,1063
2019-11-24T12:15:00+09:00,J1,779,917,1696
2019-11-24T12:15:00+09:00,J2,543,516,1059
2019-11-24T12:15:00+09:00,J3,949,952,1901
2019-11-24T12:15:00+09:00,J4,796,985,1781
2019-11-24T12:15:00+09:00,J5,470,485,955
2019-11-24T12:30:00+09:00,J1,728,794,1522
2019-11-24T12:30:00+09:00,J2,577,486,1063
2019-11-24T12:30:00+09:00,J3,878,817,1695
2019-11-24T12:30:00+09:00,J4,959,843,1802
2019-11-24T12:30:00+09:00,J5,453,515,968
2019-11-24T12:45:00+09:00,J1,730,794,1524
2019-11-24T12:45:00+09:00,J2,538,450,988
2019-11-24T12:45:00+09:00,J3,785,783,1568
2019-11-24T12:45:00+09:00,J4,915,890,1805
2019-11-24T12:45:00+09:00,J5,416,498,914
2019-11-24T13:00:00+09:00,J1,719,873,1592
2019-11-24T13:00:00+09:00,J2,549,534,1083
2019-11-24T13:00:00+09:00,J3,808,822,1630
2019-11-24T13:00:00+09:00,J4,879,817,1696
2019-11-24T13:00:00+09:00,J5,445,523,968
2019-11-24T13:15:00+09:00,J1,672,789,1461
2019-11-24T13:15:00+09:00,J2,567,476,1043
2019-11-24T13:15:00+09:00,J3,720,817,1537
2019-11-24T13:15:00+09:00,J4,871,776,1647
2019-11-24T13:15:00+09:00,J5,505,511,1016
2019-11-24T13:30:00+09:00,J1,771,860,1631
2019-11-24T13:30:00+09:00,J2,566,487,1053
2019-11-24T13:30:00+09:00,J3,768,770,1538
2019-11-24T13:30:00+09:00,J4,845,883,1728
2019-11-24T13:30:00+09:00,J5,519,565,1084
2019-11-24T13:45:00+09:00,J1,787,912,1699
2019-11-24T13:45:00+09:00,J2,567,513,1080
2019-11-24T13:45:00+09:00,J3,683,717,1400
2019-11-24T13:45:00+09:00,J4,860,823,1683
2019-11-24T13:45:00+09:00,J5,496,559,1055
2019-11-24T14:00:00+09:00,J1,754,924,1678
2019-11-24T14:00:00+09:00,J2,647,597,1244
2019-11-24T14:00:00+09:00,J3,749,756,1505
2019-11-24T14:00:00+09:00,J4,824,847,1671
2019-11-24T14:00:00+09:00,J5,466,580,1046
2019-11-24T14:15:00+09:00,J1,749,893,1642
2019-11-24T14:15:00+09:00,J2,585,497,1082
2019-11-24T14:15:00+09:00,J3,712,739,1451
2019-11-24T14:15:00+09:00,J4,849,796,1645
2019-11-24T14:15:00+09:00,J5,515,568,1083
2019-11-24T14:30:00+09:00,J1,734,881,1615
2019-11-24T14:30:00+09:00,J2,520,470,990
2019-11-24T14:30:00+09:00,J3,748,778,1526
2019-11-24T14:30:00+09:00,J4,922,788,1710
2019-11-24T14:30:00+09:00,J5,498,521,1019
2019-11-24T14:45:00+09:00,J1,785,945,1730
2019-11-24T14:45:00+09:00,J2,544,414,958
2019-11-24T14:45:00+09:00,J3,687,729,1416
2019-11-24T14:45:00+09:00,J4,767,865,1632
2019-11-24T14:45:00+09:00,J5,520,621,1141
2019-11-24T15:00:00+09:00,J1,749,943,1692
2019-11-24T15:00:00+09:00,J2,517,458,975
2019-11-24T15:00:00+09:00,J3,680,718,1398
2019-11-24T15:00:00+09:00,J4,853,763,1616
2019-11-24T15:00:00+09:00,J5,466,609,1075
2019-11-24T15:15:00+09:00,J1,793,903,1696
2019-11-24T15:15:00+09:00,J2,565,478,1043
2019-11-24T15:15:00+09:00,J3,658,764,1422
2019-11-24T15:15:00+09:00,J4,876,844,1720
2019-11-24T15:15:00+09:00,J5,526,550,1076
2019-11-24T15:30:00+09:00,J1,704,897,1601
2019-11-24T15:30:00+09:00,J2,550,422,972
2019-11-24T15:30:00+09:00,J3,711,771,1482
2019-11-24T15:30:00+09:00,J4,818,736,1554
2019-11-24T15:30:00+09:00,J5,497,558,1055
2019-11-24T15:45:00+09:00,J1,735,850,1585
2019-11-24T15:45:00+09:00,J2,583,409,992
2019-11-24T15:45:00+09:00,J3,786,778,1564
2019-11-24T15:45:00+09:00,J4,814,791,1605
2019-11-24T15:45:00+09:00,J5,550,577,1127
2019-11-24T16:00:00+09:00,J1,714,838,1552
2019-11-24T16:00:00+09:00,J2,587,372,959
2019-11-24T16:00:00+09:00,J3,809,713,1522
2019-11-24T16:00:00+09:00,J4,779,799,1578
2019-11-24T16:00:00+09:00,J5,523,588,1111
2019-11-24T16:15:00+09:00,J1,706,878,1584
2019-11-24T16:15:00+09:00,J2,555,420,975
2019-11-24T16:15:00+09:00,J3,815,755,1570
2019-11-24T16:15:00+09:00,J4,789,734,1523
2019-11-24T16:15:00+09:00,J5,489,541,1030
2019-11-24T16:30:00+09:00,J1,781,923,1704
2019-11-24T16:30:00+09:00,J2,559,341,900
2019-11-24T16:30:00+09:00,J3,828,837,1665
2019-11-24T16:30:00+09:00,J4,855,789,1644
2019-11-24T16:30:00+09:00,J5,527,527,1054
2019-11-24T16:45:00+09:00,J1,782,898,1680
2019-11-24T16:45:00+09:00,J2,532,426,958
2019-11-24T16:45:00+09:00,J3,774,804,1578
2019-11-24T16:45:00+09:00,J4,818,752,1570
2019-11-24T16:45:00+09:00,J5,441,498,939
2019-11-24T17:00:00+09:00,J1,826,971,1797
2019-11-24T17:00:00+09:00,J2,512,351,863
2019-11-24T17:00:00+09:00,J3,777,791,1568
2019-11-24T17:00:00+09:00,J4,798,769,1567
2019-11-24T17:00:00+09:00,J5,464,519,983
2019-11-24T17:15:00+09:00,J1,793,911,1704
2019-11-24T17:15:00+09:00,J2,522,412,934
2019-11-24T17:15:00+09:00,J3,727,719,1446
2019-11-24T17:15:00+09:00,J4,780,679,1459
2019-11-24T17:15:00+09:00,J5,443,515,958
2019-11-24T17:30:00+09:00,J1,858,942,1800
2019-11-24T17:30:00+09:00,J2,513,500,1013
2019-11-24T17:30:00+09:00,J3,745,719,1464
2019-11-24T17:30:00+09:00,J4,760,730,1490
2019-11-24T17:30:00+09:00,J5,441,480,921
2019-11-24T17:45:00+09:00,J1,898,881,1779
2019-11-24T17:45:00+09:00,J2,492,524,1016
2019-11-24T17:45:00+09:00,J3,778,656,1434
2019-11-24T17:45:00+09:00,J4,756,733,1489
2019-11-24T17:45:00+09:00,J5,420,477,897
2019-11-24T18:00:00+09:00,J1,905,891,1796
2019-11-24T18:00:00+09:00,J2,468,490,958
2019-11-24T18:00:00+09:00,J3,876,726,1602
2019-11-24T18:00:00+09:00,J4,748,744,1492
2019-11-24T18:00:00+09:00,J5,405,418,823
2019-11-24T18:15:00+09:00,J1,936,918,1854
2019-11-24T18:15:00+09:00,J2,487,510,997
2019-11-24T18:15:00+09:00,J3,934,787,1721
2019-11-24T18:15:00+09:00,J4,914,834,1748
2019-11-24T18:15:00+09:00,J5,448,485,933
2019-11-24T18:30:00+09:00,J1,829,832,1661
2019-11-24T18:30:00+09:00,J2,489,478,967
2019-11-24T18:30:00+09:00,J3,845,738,1583
2019-11-24T18:30:00+09:00,J4,840,801,1641
2019-11-24T18:30:00+09:00,J5,447,525,972
2019-11-24T18:45:00+09:00,J1,870,854,1724
2019-11-24T18:45:00+09:00,J2,413,469,882
2019-11-24T18:45:00+09:00,J3,860,754,1614
2019-11-24T18:45:00+09:00,J4,894,851,1745
2019-11-24T18:45:00+09:00,J5,504,518,1022
2019-11-24T19:00:00+09:00,J1,743,694,1437
2019-11-24T19:00:00+09:00,J2,496,426,922
2019-11-24T19:00:00+09:00,J3,809,723,1532
2019-11-24T19:00:00+09:00,J4,881,772,1653
2019-11-24T19:00:00+09:00,J5,510,546,1056
2019-11-24T19:15:00+09:00,J1,609,696,1305
2019-11-24T19:15:00+09:00,J2,416,354,770
2019-11-24T19:15:00+09:00,J3,769,699,1468
2019-11-24T19:15:00+09:00,J4,769,785,1554
2019-11-24T19:15:00+09:00,J5,517,555,1072
2019-11-24T19:30:00+09:00,J1,565,583,1148
2019-11-24T19:30:00+09:00,J2,417,380,797
2019-11-24T19:30:00+09:00,J3,813,757,1570
2019-11-24T19:30:00+09:00,J4,723,641,1364
2019-11-24T19:30:00+09:00,J5,419,473,892
2019-11-24T19:45:00+09:00,J1,572,595,1167
2019-11-24T19:45:00+09:00,J2,342,432,774
2019-11-24T19:45:00+09:00,J3,819,835,1654
2019-11-24T19:45:00+09:00,J4,610,552,1162
2019-11-24T19:45:00+09:00,J5,430,423,853
2019-11-24T20:00:00+09:00,J1,599,573,1172
2019-11-24T20:00:00+09:00,J2,347,409,756
2019-11-24T20:00:00+09:00,J3,733,785,1518
2019-11-24T20:00:00+09:00,J4,528,577,1105
2019-11-24T20:00:00+09:00,J5,379,424,803
2019-11-24T20:15:00+09:00,J1,658,699,1357
2019-11-24T20:15:00+09:00,J2,389,416,805
2019-11-24T20:15:00+09:00,J3,746,683,1429
2019-11-24T20:15:00+09:00,J4,481,484,965
2019-11-24T20:15:00+09:00,J5,461,479,940
2019-11-24T20:30:00+09:00,J1,608,675,1283
2019-11-24T20:30:00+09:00,J2,432,376,808
2019-11-24T20:30:00+09:00,J3,683,654,1337
2019-11-24T20:30:00+09:00,J4,523,543,1066
2019-11-24T20:30:00+09:00,J5,374,443,817
2019-11-24T20:45:00+09:00,J1,635,609,1244
2019-11-24T20:45:00+09:00,J2,383,412,795
2019-11-24T20:45:00+09:00,J3,625,626,1251
2019-11-24T20:45:00+09:00,J4,540,533,1073
2019-11-24T20:45:00+09:00,J5,347,372,719
2019-11-24T21:00:00+09:00,J1,590,698,1288
2019-11-24T21:00:00+09:00,J2,386,326,712
2019-11-24T21:00:00+09:00,J3,650,637,1287
2019-11-24T21:00:00+09:00,J4,559,527,1086
2019-11-24T21:00:00+09:00,J5,315,343,658
2019-11-24T21:15:00+09:00,J1,617,702,1319
2019-11-24T21:15:00+09:00,J2,390,361,751
2019-11-24T21:15:00+09:00,J3,652,715,1367
2019-11-24T21:15:00+09:00,J4,506,524,1030
2019-11-24T21:15:00+09:00,J5,296,318,614
2019-11-24T21:30:00+09:00,J1,589,753,1342
2019-11-24T21:30:00+09:00,J2,361,417,778
2019-11-24T21:30:00+09:00,J3,651,688,1339
2019-11-24T21:30:00+09:00,J4,455,405,860
2019-11-24T21:30:00+09:00,J5,269,275,544
2019-11-24T21:45:00+09:00,J1,619,625,1244
2019-11-24T21:45:00+09:00,J2,499,410,909
2019-11-24T21:45:00+09:00,J3,563,580,1143
2019-11-24T21:45:00+09:00,J4,440,430,870
2019-11-24T21:45:00+09:00,J5,235,180,415
2019-11-24T22:00:00+09:00,J1,583,629,1212
2019-11-24T22:00:00+09:00,J2,385,389,774
2019-11-24T22:00:00+09:00,J3,568,612,1180
2019-11-24T22:00:00+09:00,J4,400,468,868
2019-11-24T22:00:00+09:00,J5,229,210,439
2019-11-24T22:15:00+09:00,J1,648,664,1312
2019-11-24T22:15:00+09:00,J2,424,403,827
2019-11-24T22:15:00+09:00,J3,634,680,1314
2019-11-24T22:15:00+09:00,J4,445,469,914
2019-11-24T22:15:00+09:00,J5,228,211,439
2019-11-24T22:30:00+09:00,J1,626,651,1277
2019-11-24T22:30:00+09:00,J2,357,365,722
2019-11-24T22:30:00+09:00,J3,623,563,1186
2019-11-24T22:30:00+09:00,J4,451,488,939
2019-11-24T22:30:00+09:00,J5,228,212,440
2019-11-24T22:45:00+09:00,J1,566,591,1157
2019-11-24T22:45:00+09:00,J2,373,364,737
2019-11-24T22:45:00+09:00,J3,620,622,1242
2019-11-24T22:45:00+09:00,J4,445,491,936
2019-11-24T22:45:00+09:00,J5,229,204,433
2019-11-24T23:00:00+09:00,J1,543,574,1117
2019-11-24T23:00:00+09:00,J2,361,341,702
2019-11-24T23:00:00+09:00,J3,563,621,1184
2019-11-24T23:00:00+09:00,J4,473,492,965
2019-11-24T23:00:00+09:00,J5,266,242,508
2019-11-24T23:15:00+09:00,J1,554,569,1123
2019-11-24T23:15:00+09:00,J2,372,375,747
2019-11-24T23:15:00+09:00,J3,509,593,1102
2019-11-24T23:15:00+09:00,J4,453,457,910
2019-11-24T23:15:00+09:00,J5,241,216,457
2019-11-24T23:30:00+09:00,J1,488,533,1021
2019-11-24T23:30:00+09:00,J2,346,355,701
2019-11-24T23:30:00+09:00,J3,608,568,1176
2019-11-24T23:30:00+09:00,J4,395,431,826
2019-11-24T23:30:00+09:00,J5,245,221,466
2019-11-24T23:45:00+09:00,J1,459,486,945
2019-11-24T23:45:00+09:00,J2,347,315,662
2019-11-24T23:45:00+09:00,J3,553,519,1072
2019-11-24T23:45:00+09:00,J4,357,392,749
2019-11-24T23:45:00+09:00,J5,254,213,467
2019-11-25T00:00:00+09:00,J1,369,453,822
2019-11-25T00:00:00+09:00,J2,326,310,636
2019-11-25T00:00:00+09:00,J3,451,510,961
2019-11-25T00:00:00+09:00,J4,309,367,676
2019-11-25T00:00:00+09:00,J5,272,249,521
2019-11-25T00:15:00+09:00,J1,374,314,688
2019-11-25T00:15:00+09:00,J2,329,276,605
2019-11-25T00:15:00+09:00,J3,384,458,842
2019-11-25T00:15:00+09:00,J4,414,374,788
2019-11-25T00:15:00+09:00,J5,255,255,510
2019-11-25T00:30:00+09:00,J1,438,460,898
2019-11-25T00:30:00+09:00,J2,354,287,641
2019-11-25T00:30:00+09:00,J3,449,425,874
2019-11-25T00:30:00+09:00,J4,371,364,735
2019-11-25T00:30:00+09:00,J5,229,229,458
2019-11-25T00:45:00+09:00,J1,517,438,955
2019-11-25T00:45:00+09:00,J2,330,301,631
2019-11-25T00:45:00+09:00,J3,535,398,933
2019-11-25T00:45:00+09:00,J4,398,405,803
2019-11-25T00:45:00+09:00,J5,243,217,460
2019-11-25T05:45:00+09:00,J1,483,534,1017
2019-11-25T05:45:00+09:00,J2,288,268,556
2019-11-25T05:45:00+09:00,J3,589,648,1237
2019-11-25T05:45:00+09:00,J4,645,596,1241
2019-11-25T05:45:00+09:00,J5,433,473,906
2019-11-25T06:00:00+09:00,J1,570,541,1111
2019-11-25T06:00:00+09:00,J2,354,273,627
2019-11-25T06:00:00+09:00,J3,752,660,1412
2019-11-25T06:00:00+09:00,J4,615,553,1168
2019-11-25T06:00:00+09:00,J5,357,418,775
2019-11-25T06:15:00+09:00,J1,682,674,1356
2019-11-25T06:15:00+09:00,J2,458,324,782
2019-11-25T06:15:00+09:00,J3,683,665,1348
2019-11-25T06:15:00+09:00,J4,602,654,1256
2019-11-25T06:15:00+09:00,J5,513,549,1062
2019-11-25T06:30:00+09:00,J1,667,741,1408
2019-11-25T06:30:00+09:00,J2,370,385,755
2019-11-25T06:30:00+09:00,J3,688,681,1369
2019-11-25T06:30:00+09:00,J4,558,544,1102
2019-11-25T06:30:00+09:00,J5,547,497,1044
2019-11-25T06:45:00+09:00,J1,697,727,1424
2019-11-25T06:45:00+09:00,J2,340,274,614
2019-11-25T06:45:00+09:00,J3,732,732,1464
2019-11-25T06:45:00+09:00,J4,665,710,1375
2019-11-25T06:45:00+09:00,J5,510,474,984
2019-11-25T07:00:00+09:00,J1,772,824,1596
2019-11-25T07:00:00+09:00,J2,333,271,604
2019-11-25T07:00:00+09:00,J3,730,708,1438
2019-11-25T07:00:00+09:00,J4,712,750,1462
2019-11-25T07:00:00+09:00,J5,429,397,826
2019-11-25T07:15:00+09:00,J1,858,937,1795
2019-11-25T07:15:00+09:00,J2,391,250,641
2019-11-25T07:15:00+09:00,J3,796,783,1579
2019-11-25T07:15:00+09:00,J4,746,812,1558
2019-11-25T07:15:00+09:00,J5,473,453,926
2019-11-25T07:30:00+09:00,J1,959,1044,2003
2019-11-25T07:30:00+09:00,J2,508,367,875
2019-11-25T07:30:00+09:00,J3,745,832,1577
2019-11-25T07:30:00+09:00,J4,886,958,1844
2019-11-25T07:30:00+09:00,J5,491,436,927
2019-11-25T07:45:00+09:00,J1,1027,990,2017
2019-11-25T07:45:00+09:00,J2,553,487,1040
2019-11-25T07:45:00+09:00,J3,1047,902,1949
2019-11-25T07:45:00+09:00,J4,909,1052,1961
2019-11-25T07:45:00+09:00,J5,525,458,983
2019-11-25T08:00:00+09:00,J1,1329,1136,2465
2019-11-25T08:00:00+09:00,J2,684,553,1237
2019-11-25T08:00:00+09:00,J3,1197,1251,2448
2019-11-25T08:00:00+09:00,J4,894,1104,1998
2019-11-25T08:00:00+09:00,J5,532,515,1047
2019-11-25T08:15:00+09:00,J1,1291,1185,2476
2019-11-25T08:15:00+09:00,J2,713,577,1290
2019-11-25T08:15:00+09:00,J3,1223,1451,2674
2019-11-25T08:15:00+09:00,J4,881,1180,2061
2019-11-25T08:15:00+09:00,J5,537,528,1065
2019-11-25T08:30:00+09:00,J1,1238,1214,2452
2019-11-25T08:30:00+09:00,J2,737,546,1283
2019-11-25T08:30:00+09:00,J3,1114,1401,2515
2019-11-25T08:30:00+09:00,J4,889,1036,1925
2019-11-25T08:30:00+09:00,J5,587,630,1217
2019-11-25T08:45:00+09:00,J1,1182,1077,2259
2019-11-25T08:45:00+09:00,J2,594,478,1072
2019-11-25T08:45:00+09:00,J3,1042,1132,2174
2019-11-25T08:45:00+09:00,J4,847,937,1784
2019-11-25T08:45:00+09:00,J5,654,626,1280
2019-11-25T09:00:00+09:00,J1,1182,1165,2347
2019-11-25T09:00:00+09:00,J2,655,549,1204
2019-11-25T09:00:00+09:00,J3,940,974,1914
2019-11-25T09:00:00+09:00,J4,920,951,1871
2019-11-25T09:00:00+09:00,J5,675,740,1415
2019-11-25T09:15:00+09:00,J1,1155,1126,2281
2019-11-25T09:15:00+09:00,J2,577,442,1019
2019-11-25T09:15:00+09:00,J3,958,952,1910
2019-11-25T09:15:00+09:00,J4,921,984,1905
2019-11-25T09:15:00+09:00,J5,660,614,1274
2019-11-25T09:30:00+09:00,J1,1073,1085,2158
2019-11-25T09:30:00+09:00,J2,610,526,1136
2019-11-25T09:30:00+09:00,J3,1042,988,2030
2019-11-25T09:30:00+09:00,J4,920,995,1915
2019-11-25T09:30:00+09:00,J5,579,537,1116
2019-11-25T09:45:00+09:00,J1,1133,1176,2309
2019-11-25T09:45:00+09:00,J2,532,584,1116
2019-11-25T09:45:00+09:00,J3,1021,973,1994
2019-11-25T09:45:00+09:00,J4,951,985,1936
2019-11-25T09:45:00+09:00,J5,584,503,1087
2019-11-25T10:00:00+09:00,J1,1121,1090,2211
2019-11-25T10:00:00+09:00,J2,538,569,1107
2019-11-25T10:00:00+09:00,J3,991,977,1968
2019-11-25T10:00:00+09:00,J4,901,922,1823
2019-11-25T10:00:00+09:00,J5,557,548,1105
2019-11-25T10:15:00+09:00,J1,1076,1130,2206
2019-11-25T10:15:00+09:00,J2,661,534,1195
2019-11-25T10:15:00+09:00,J3,925,1014,1939
2019-11-25T10:15:00+09:00,J4,945,923,1868
2019-11-25T10:15:00+09:00,J5,593,562,1155
2019-11-25T10:30:00+09:00,J1,1085,1131,2216
2019-11-25T10:30:00+09:00,J2,571,450,1021
2019-11-25T10:30:00+09:00,J3,990,1037,2027
2019-11-25T10:30:00+09:00,J4,906,944,1850
2019-11-25T10:30:00+09:00,J5,600,520,1120
2019-11-25T10:45:00+09:00,J1,1046,1107,2153
2019-11-25T10:45:00+09:00,J2,567,423,990
2019-11-25T10:45:00+09:00,J3,988,1039,2027
2019-11-25T10:45:00+09:00,J4,989,983,1972
2019-11-25T10:45:00+09:00,J5,527,455,982
2019-11-25T11:00:00+09:00,J1,1100,1142,2242
2019-11-25T11:00:00+09:00,J2,582,488,1070
2019-11-25T11:00:00+09:00,J3,959,1072,2031
2019-11-25T11:00:00+09:00,J4,934,957,1891
2019-11-25T11:00:00+09:00,J5,519,450,969
2019-11-25T11:15:00+09:00,J1,1104,1261,2365
2019-11-25T11:15:00+09:00,J2,602,414,1016
2019-11-25T11:15:00+09:00,J3,1047,1157,2204
2019-11-25T11:15:00+09:00,J4,922,979,1901
2019-11-25T11:15:00+09:00,J5,475,485,960
2019-11-25T11:30:00+09:00,J1,1100,1243,2343
2019-11-25T11:30:00+09:00,J2,599,435,1034
2019-11-25T11:30:00+09:00,J3,1007,1084,2091
2019-11-25T11:30:00+09:00,J4,978,1032,2010
2019-11-25T11:30:00+09:00,J5,523,448,971
2019-11-25T11:45:00+09:00,J1,1196,1243,2439
2019-11-25T11:45:00+09:00,J2,597,436,1033
2019-11-25T11:45:00+09:00,J3,1096,1015,2111
2019-11-25T11:45:00+09:00,J4,1025,953,1978
2019-11-25T11:45:00+09:00,J5,467,488,955
2019-11-25T12:00:00+09:00,J1,1135,1317,2452
2019-11-25T12:00:00+09:00,J2,601,493,1094
2019-11-25T12:00:00+09:00,J3,1206,1061,2267
2019-11-25T12:00:00+09:00,J4,1035,997,2032
2019-11-25T12:00:00+09:00,J5,546,556,1102
2019-11-25T12:15:00+09:00,J1,1089,1266,2355
2019-11-25T12:15:00+09:00,J2,569,436,1005
2019-11-25T12:15:00+09:00,J3,1117,1244,2361
2019-11-25T12:15:00+09:00,J4,963,959,1922
2019-11-25T12:15:00+09:00,J5,499,534,1033
2019-11-25T12:30:00+09:00,J1,1069,1243,2312
2019-11-25T12:30:00+09:00,J2,614,485,1099
2019-11-25T12:30:00+09:00,J3,1136,1162,2298
2019-11-25T12:30:00+09:00,J4,997,983,1980
2019-11-25T12:30:00+09:00,J5,565,518,1083
2019-11-25T12:45:00+09:00,J1,1008,1166,2174
2019-11-25T12:45:00+09:00,J2,626,465,1091
2019-11-25T12:45:00+09:00,J3,1107,1181,2288
2019-11-25T12:45:00+09:00,J4,940,945,1885
2019-11-25T12:45:00+09:00,J5,580,563,1143
2019-11-25T13:00:00+09:00,J1,1037,1190,2227
2019-11-25T13:00:00+09:00,J2,586,449,1035
2019-11-25T13:00:00+09:00,J3,987,1145,2132
2019-11-25T13:00:00+09:00,J4,905,886,1791
2019-11-25T13:00:00+09:00,J5,611,610,1221
2019-11-25T13:15:00+09:00,J1,1113,1183,2296
2019-11-25T13:15:00+09:00,J2,610,422,1032
2019-11-25T13:15:00+09:00,J3,1148,1057,2205
2019-11-25T13:15:00+09:00,J4,941,912,1853
2019-11-25T13:15:00+09:00,J5,594,582,1176
2019-11-25T13:30:00+09:00,J1,1038,1215,2253
2019-11-25T13:30:00+09:00,J2,644,477,1121
2019-11-25T13:30:00+09:00,J3,1149,1001,2150
2019-11-25T13:30:00+09:00,J4,916,954,1870
2019-11-25T13:30:00+09:00,J5,514,481,995
2019-11-25T13:45:00+09:00,J1,1038,1238,2276
2019-11-25T13:45:00+09:00,J2,604,463,1067
2019-11-25T13:45:00+09:00,J3,1110,994,2104
2019-11-25T13:45:00+09:00,J4,838,840,1678
2019-11-25T13:45:00+09:00,J5,598,507,1105
2019-11-25T14:00:00+09:00,J1,1086,1169,2255
2019-11-25T14:00:00+09:00,J2,580,458,1038
2019-11-25T14:00:00+09:00,J3,1259,1051,2310
2019-11-25T14:00:00+09:00,J4,906,921,1827
2019-11-25T14:00:00+09:00,J5,571,559,1130
2019-11-25T14:15:00+09:00,J1,1021,1172,2193
2019-11-25T14:15:00+09:00,J2,595,470,1065
2019-11-25T14:15:00+09:00,J3,1212,966,2178
2019-11-25T14:15:00+09:00,J4,932,917,1849
2019-11-25T14:15:00+09:00,J5,538,525,1063
2019-11-25T14:30:00+09:00,J1,1076,1128,2204
2019-11-25T14:30:00+09:00,J2,611,445,1056
2019-11-25T14:30:00+09:00,J3,1131,973,2104
2019-11-25T14:30:00+09:00,J4,912,907,1819
2019-11-25T14:30:00+09:00,J5,583,536,1119
2019-11-25T14:45:00+09:00,J1,1048,1177,2225
2019-11-25T14:45:00+09:00,J2,572,405,977
2019-11-25T14:45:00+09:00,J3,1209,1063,2272
2019-11-25T14:45:00+09:00,J4,943,933,1876
2019-11-25T14:45:00+09:00,J5,563,529,1092
2019-11-25T15:00:00+09:00,J1,1076,1169,2245
2019-11-25T15:00:00+09:00,J2,585,407,992
2019-11-25T15:00:00+09:00,J3,1117,1004,2121
2019-11-25T15:00:00+09:00,J4,879,844,1723
2019-11-25T15:00:00+09:00,J5,529,537,1066
2019-11-25T15:15:00+09:00,J1,1035,1197,2232
2019-11-25T15:15:00+09:00,J2,588,437,1025
2019-11-25T15:15:00+09:00,J3,1045,985,2030
2019-11-25T15:15:00+09:00,J4,866,839,1705
2019-11-25T15:15:00+09:00,J5,521,523,1044
2019-11-25T15:30:00+09:00,J1,1022,1137,2159
2019-11-25T15:30:00+09:00,J2,599,404,1003
2019-11-25T15:30:00+09:00,J3,1134,928,2062
2019-11-25T15:30:00+09:00,J4,890,861,1751
2019-11-25T15:30:00+09:00,J5,530,489,1019
2019-11-25T15:45:00+09:00,J1,1093,1221,2314
2019-11-25T15:45:00+09:00,J2,602,436,1038
2019-11-25T15:45:00+09:00,J3,1025,996,2021
2019-11-25T15:45:00+09:00,J4,974,925,1899
2019-11-25T15:45:00+09:00,J5,527,515,1042
2019-11-25T16:00:00+09:00,J1,1046,1212,2258
2019-11-25T16:00:00+09:00,J2,566,406,972
2019-11-25T16:00:00+09:00,J3,928,930,1858
2019-11-25T16:00:00+09:00,J4,838,915,1753
2019-11-25T16:00:00+09:00,J5,511,506,1017
2019-11-25T16:15:00+09:00,J1,1096,1172,2268
2019-11-25T16:15:00+09:00,J2,612,374,986
2019-11-25T16:15:00+09:00,J3,1030,1020,2050
2019-11-25T16:15:00+09:00,J4,878,934,1812
2019-11-25T16:15:00+09:00,J5,473,507,980
2019-11-25T16:30:00+09:00,J1,1045,1259,2304
2019-11-25T16:30:00+09:00,J2,582,422,1004
2019-11-25T16:30:00+09:00,J3,1272,973,2245
2019-11-25T16:30:00+09:00,J4,888,930,1818
2019-11-25T16:30:00+09:00,J5,509,474,983
2019-11-25T16:45:00+09:00,J1,1056,1195,2251
2019-11-25T16:45:00+09:00,J2,635,434,1069
2019-11-25T16:45:00+09:00,J3,1233,1026,2259
2019-11-25T16:45:00+09:00,J4,853,940,1793
2019-11-25T16:45:00+09:00,J5,527,476,1003
2019-11-25T17:00:00+09:00,J1,1100,1293,2393
2019-11-25T17:00:00+09:00,J2,629,456,1085
2019-11-25T17:00:00+09:00,J3,1284,1125,2409
2019-11-25T17:00:00+09:00,J4,874,889,1763
2019-11-25T17:00:00+09:00,J5,549,534,1083
2019-11-25T17:15:00+09:00,J1,1159,1310,2469
2019-11-25T17:15:00+09:00,J2,768,459,1227
2019-11-25T17:15:00+09:00,J3,1467,1136,2603
2019-11-25T17:15:00+09:00,J4,958,964,1922
2019-11-25T17:15:00+09:00,J5,532,580,1112
2019-11-25T17:30:00+09:00,J1,1160,1329,2489
2019-11-25T17:30:00+09:00,J2,697,549,1246
2019-11-25T17:30:00+09:00,J3,1493,1245,2738
2019-11-25T17:30:00+09:00,J4,1101,1028,2129
2019-11-25T17:30:00+09:00,J5,500,604,1104
2019-11-25T17:45:00+09:00,J1,1175,1260,2435
2019-11-25T17:45:00+09:00,J2,685,416,1101
2019-11-25T17:45:00+09:00,J3,1551,1199,2750
2019-11-25T17:45:00+09:00,J4,1092,1021,2113
2019-11-25T17:45:00+09:00,J5,509,617,1126
2019-11-25T18:00:00+09:00,J1,1193,1260,2453
2019-11-25T18:00:00+09:00,J2,720,453,1173
2019-11-25T18:00:00+09:00,J3,1587,1274,2861
2019-11-25T18:00:00+09:00,J4,1162,993,2155
2019-11-25T18:00:00+09:00,J5,535,619,1154
2019-11-25T18:15:00+09:00,J1,1156,1336,2492
2019-11-25T18:15:00+09:00,J2,763,462,1225
2019-11-25T18:15:00+09:00,J3,1490,1206,2696
2019-11-25T18:15:00+09:00,J4,1298,1019,2317
2019-11-25T18:15:00+09:00,J5,485,548,1033
2019-11-25T18:30:00+09:00,J1,1180,1307,2487
2019-11-25T18:30:00+09:00,J2,714,374,1088
2019-11-25T18:30:00+09:00,J3,1313,1207,2520
2019-11-25T18:30:00+09:00,J4,1130,955,2085
2019-11-25T18:30:00+09:00,J5,455,453,908
2019-11-25T18:45:00+09:00,J1,1177,1235,2412
2019-11-25T18:45:00+09:00,J2,622,365,987
2019-11-25T18:45:00+09:00,J3,1183,1083,2266
2019-11-25T18:45:00+09:00,J4,1070,914,1984
2019-11-25T18:45:00+09:00,J5,453,473,926
2019-11-25T19:00:00+09:00,J1,1060,1128,2188
2019-11-25T19:00:00+09:00,J2,587,336,923
2019-11-25T19:00:00+09:00,J3,1112,1123,2235
2019-11-25T19:00:00+09:00,J4,1036,891,1927
2019-11-25T19:00:00+09:00,J5,455,518,973
2019-11-25T19:15:00+09:00,J1,1030,1184,2214
2019-11-25T19:15:00+09:00,J2,563,427,990
2019-11-25T19:15:00+09:00,J3,1203,1106,2309
2019-11-25T19:15:00+09:00,J4,1022,917,1939
2019-11-25T19:15:00+09:00,J5,457,486,943
2019-11-25T19:30:00+09:00,J1,1087,1115,2202
2019-11-25T19:30:00+09:00,J2,565,359,924
2019-11-25T19:30:00+09:00,J3,1042,1098,2140
2019-11-25T19:30:00+09:00,J4,984,897,1881
2019-11-25T19:30:00+09:00,J5,466,453,919
2019-11-25T19:45:00+09:00,J1,1034,1130,2164
2019-11-25T19:45:00+09:00,J2,435,339,774
2019-11-25T19:45:00+09:00,J3,991,1070,2061
2019-11-25T19:45:00+09:00,J4,942,898,1840
2019-11-25T19:45:00+09:00,J5,557,522,1079
2019-11-25T20:00:00+09:00,J1,977,1127,2104
2019-11-25T20:00:00+09:00,J2,506,345,851
2019-11-25T20:00:00+09:00,J3,1080,1043,2123
2019-11-25T20:00:00+09:00,J4,956,944,1900
2019-11-25T20:00:00+09:00,J5,461,476,937
2019-11-25T20:15:00+09:00,J1,999,1131,2130
2019-11-25T20:15:00+09:00,J2,521,351,872
2019-11-25T20:15:00+09:00,J3,1070,1083,2153
2019-11-25T20:15:00+09:00,J4,921,748,1669
2019-11-25T20:15:00+09:00,J5,490,499,989
2019-11-25T20:30:00+09:00,J1,971,1163,2134
2019-11-25T20:30:00+09:00,J2,505,356,861
2019-11-25T20:30:00+09:00,J3,1143,1063,2206
2019-11-25T20:30:00+09:00,J4,836,728,1564
2019-11-25T20:30:00+09:00,J5,500,494,994
2019-11-25T20:45:00+09:00,J1,1004,1137,2141
2019-11-25T20:45:00+09:00,J2,437,326,763
2019-11-25T20:45:00+09:00,J3,936,974,1910
2019-11-25T20:45:00+09:00,J4,782,729,1511
2019-11-25T20:45:00+09:00,J5,505,500,1005
2019-11-25T21:00:00+09:00,J1,1011,1108,2119
2019-11-25T21:00:00+09:00,J2,512,407,919
2019-11-25T21:00:00+09:00,J3,984,879,1863
2019-11-25T21:00:00+09:00,J4,823,934,1757
2019-11-25T21:00:00+09:00,J5,512,511,1023
2019-11-25T21:15:00+09:00,J1,969,1076,2045
2019-11-25T21:15:00+09:00,J2,532,392,924
2019-11-25T21:15:00+09:00,J3,941,851,1792
2019-11-25T21:15:00+09:00,J4,959,924,1883
2019-11-25T21:15:00+09:00,J5,573,494,1067
2019-11-25T21:30:00+09:00,J1,909,1023,1932
2019-11-25T21:30:00+09:00,J2,394,308,702
2019-11-25T21:30:00+09:00,J3,895,806,1701
2019-11-25T21:30:00+09:00,J4,1008,910,1918
2019-11-25T21:30:00+09:00,J5,595,553,1148
2019-11-25T21:45:00+09:00,J1,909,1004,1913
2019-11-25T21:45:00+09:00,J2,364,314,678
2019-11-25T21:45:00+09:00,J3,930,788,1718
2019-11-25T21:45:00+09:00,J4,1007,809,1816
2019-11-25T21:45:00+09:00,J5,632,557,1189
2019-11-25T22:00:00+09:00,J1,863,1045,1908
2019-11-25T22:00:00+09:00,J2,343,318,661
2019-11-25T22:00:00+09:00,J3,920,752,1672
2019-11-25T22:00:00+09:00,J4,926,907,1833
2019-11-25T22:00:00+09:00,J5,626,509,1135
2019-11-25T22:15:00+09:00,J1,843,954,1797
2019-11-25T22:15:00+09:00,J2,287,264,551
2019-11-25T22:15:00+09:00,J3,865,781,1646
2019-11-25T22:15:00+09:00,J4,966,912,1878
2019-11-25T22:15:00+09:00,J5,591,553,1144
2019-11-25T22:30:00+09:00,J1,839,1002,1841
2019-11-25T22:30:00+09:00,J2,341,397,738
2019-11-25T22:30:00+09:00,J3,882,751,1633
2019-11-25T22:30:00+09:00,J4,913,818,1731
2019-11-25T22:30:00+09:00,J5,492,559,1051
2019-11-25T22:45:00+09:00,J1,863,1007,1870
2019-11-25T22:45:00+09:00,J2,335,418,753
2019-11-25T22:45:00+09:00,J3,798,658,1456
2019-11-25T22:45:00+09:00,J4,1043,816,1859
2019-11-25T22:45:00+09:00,J5,439,451,890
2019-11-25T23:00:00+09:00,J1,879,926,1805
2019-11-25T23:00:00+09:00,J2,311,425,736
2019-11-25T23:00:00+09:00,J3,833,670,1503
2019-11-25T23:00:00+09:00,J4,975,808,1783
2019-11-25T23:00:00+09:00,J5,436,443,879
2019-11-25T23:15:00+09:00,J1,801,929,1730
2019-11-25T23:15:00+09:00,J2,336,408,744
2019-11-25T23:15:00+09:00,J3,736,680,1416
2019-11-25T23:15:00+09:00,J4,872,845,1717
2019-11-25T23:15:00+09:00,J5,436,506,942
2019-11-25T23:30:00+09:00,J1,762,814,1576
2019-11-25T23:30:00+09:00,J2,264,314,578
2019-11-25T23:30:00+09:00,J3,827,737,1564
2019-11-25T23:30:00+09:00,J4,834,848,1682
2019-11-25T23:30:00+09:00,J5,402,419,821
2019-11-25T23:45:00+09:00,J1,812,841,1653
2019-11-25T23:45:00+09:00,J2,229,237,466
2019-11-25T23:45:00+09:00,J3,860,687,1547
2019-11-25T23:45:00+09:00,J4,906,735,1641
2019-11-25T23:45:00+09:00,J5,453,448,901
2019-11-26T00:00:00+09:00,J1,538,608,1146
2019-11-26T00:00:00+09:00,J2,266,365,631
2019-11-26T00:00:00+09:00,J3,661,557,1218
2019-11-26T00:00:00+09:00,J4,764,744,1508
2019-11-26T00:00:00+09:00,J5,457,498,955
2019-11-26T00:15:00+09:00,J1,477,544,1021
2019-11-26T00:15:00+09:00,J2,237,350,587
2019-11-26T00:15:00+09:00,J3,541,447,988
2019-11-26T00:15:00+09:00,J4,625,661,1286
2019-11-26T00:15:00+09:00,J5,453,381,834
2019-11-26T00:30:00+09:00,J1,378,369,747
2019-11-26T00:30:00+09:00,J2,241,333,574
2019-11-26T00:30:00+09:00,J3,517,443,960
2019-11-26T00:30:00+09:00,J4,496,534,1030
2019-11-26T00:30:00+09:00,J5,462,434,896
2019-11-26T00:45:00+09:00,J1,320,310,630
2019-11-26T00:45:00+09:00,J2,216,312,528
2019-11-26T00:45:00+09:00,J3,501,424,925
2019-11-26T00:45:00+09:00,J4,544,511,1055
2019-11-26T00:45:00+09:00,J5,490,411,901
2019-11-26T05:45:00+09:00,J1,591,683,1274
2019-11-26T05:45:00+09:00,J2,296,385,681
2019-11-26T05:45:00+09:00,J3,476,417,893
2019-11-26T05:45:00+09:00,J4,460,450,910
2019-11-26T05:45:00+09:00,J5,486,440,926
2019-11-26T06:00:00+09:00,J1,595,638,1233
2019-11-26T06:00:00+09:00,J2,338,436,774
2019-11-26T06:00:00+09:00,J3,532,488,1020
2019-11-26T06:00:00+09:00,J4,576,479,1055
2019-11-26T06:00:00+09:00,J5,413,383,796
2019-11-26T06:15:00+09:00,J1,696,714,1410
2019-11-26T06:15:00+09:00,J2,284,355,639
2019-11-26T06:15:00+09:00,J3,590,571,1161
2019-11-26T06:15:00+09:00,J4,567,474,1041
2019-11-26T06:15:00+09:00,J5,425,467,892
2019-11-26T06:30:00+09:00,J1,716,746,1462
2019-11-26T06:30:00+09:00,J2,261,351,612
2019-11-26T06:30:00+09:00,J3,622,532,1154
2019-11-26T06:30:00+09:00,J4,606,506,1112
2019-11-26T06:30:00+09:00,J5,480,461,941
2019-11-26T06:45:00+09:00,J1,703,733,1436
2019-11-26T06:45:00+09:00,J2,331,351,682
2019-11-26T06:45:00+09:00,J3,672,575,1247
2019-11-26T06:45:00+09:00,J4,651,613,1264
2019-11-26T06:45:00+09:00,J5,506,535,1041
2019-11-26T07:00:00+09:00,J1,835,892,1727
2019-11-26T07:00:00+09:00,J2,407,392,799
2019-11-26T07:00:00+09:00,J3,669,608,1277
2019-11-26T07:00:00+09:00,J4,688,640,1328
2019-11-26T07:00:00+09:00,J5,590,586,1176
2019-11-26T07:15:00+09:00,J1,886,913,1799
2019-11-26T07:15:00+09:00,J2,417,429,846
2019-11-26T07:15:00+09:00,J3,822,742,1564
2019-11-26T07:15:00+09:00,J4,631,581,1212
2019-11-26T07:15:00+09:00,J5,688,773,1461
2019-11-26T07:30:00+09:00,J1,871,1008,1879
2019-11-26T07:30:00+09:00,J2,341,305,646
2019-11-26T07:30:00+09:00,J3,987,955,1942
2019-11-26T07:30:00+09:00,J4,595,693,1288
2019-11-26T07:30:00+09:00,J5,582,498,1080
2019-11-26T07:45:00+09:00,J1,976,1019,1995
2019-11-26T07:45:00+09:00,J2,464,381,845
2019-11-26T07:45:00+09:00,J3,1086,1003,2089
2019-11-26T07:45:00+09:00,J4,692,825,1517
2019-11-26T07:45:00+09:00,J5,527,545,1072
2019-11-26T08:00:00+09:00,J1,1259,1122,2381
2019-11-26T08:00:00+09:00,J2,618,455,1073
2019-11-26T08:00:00+09:00,J3,1361,1278,2639
2019-11-26T08:00:00+09:00,J4,870,959,1829
2019-11-26T08:00:00+09:00,J5,528,523,1051
2019-11-26T08:15:00+09:00,J1,1259,1156,2415
2019-11-26T08:15:00+09:00,J2,684,484,1168
2019-11-26T08:15:00+09:00,J3,1378,1452,2830
2019-11-26T08:15:00+09:00,J4,948,1112,2060
2019-11-26T08:15:00+09:00,J5,540,577,1117
2019-11-26T08:30:00+09:00,J1,1258,1221,2479
2019-11-26T08:30:00+09:00,J2,518,483,1001
2019-11-26T08:30:00+09:00,J3,1315,1464,2779
2019-11-26T08:30:00+09:00,J4,924,1035,1959
2019-11-26T08:30:00+09:00,J5,662,556,1218
2019-11-26T08:45:00+09:00,J1,1192,1183,2375
2019-11-26T08:45:00+09:00,J2,469,446,915
2019-11-26T08:45:00+09:00,J3,1085,1186,2271
2019-11-26T08:45:00+09:00,J4,771,856,1627
2019-11-26T08:45:00+09:00,J5,729,717,1446
2019-11-26T09:00:00+09:00,J1,1086,1144,2230
2019-11-26T09:00:00+09:00,J2,413,388,801
2019-11-26T09:00:00+09:00,J3,1050,1032,2082
2019-11-26T09:00:00+09:00,J4,710,752,1462
2019-11-26T09:00:00+09:00,J5,740,724,1464
2019-11-26T09:15:00+09:00,J1,1050,1033,2083
2019-11-26T09:15:00+09:00,J2,483,403,886
2019-11-26T09:15:00+09:00,J3,954,972,1926
2019-11-26T09:15:00+09:00,J4,773,776,1549
2019-11-26T09:15:00+09:00,J5,800,744,1544
2019-11-26T09:30:00+09:00,J1,1044,959,2003
2019-11-26T09:30:00+09:00,J2,504,379,883
2019-11-26T09:30:00+09:00,J3,952,994,1946
2019-11-26T09:30:00+09:00,J4,726,825,1551
2019-11-26T09:30:00+09:00,J5,752,748,1500
2019-11-26T09:45:00+09:00,J1,1070,951,2021
2019-11-26T09:45:00+09:00,J2,450,417,867
2019-11-26T09:45:00+09:00,J3,977,977,1954
2019-11-26T09:45:00+09:00,J4,742,687,1429
2019-11-26T09:45:00+09:00,J5,733,715,1448
2019-11-26T10:00:00+09:00,J1,1081,1136,2217
2019-11-26T10:00:00+09:00,J2,435,404,839
2019-11-26T10:00:00+09:00,J3,891,906,1797
2019-11-26T10:00:00+09:00,J4,774,687,1461
2019-11-26T10:00:00+09:00,J5,714,630,1344
2019-11-26T10:15:00+09:00,J1,1114,1165,2279
2019-11-26T10:15:00+09:00,J2,476,340,816
2019-11-26T10:15:00+09:00,J3,910,986,1896
2019-11-26T10:15:00+09:00,J4,766,720,1486
2019-11-26T10:15:00+09:00,J5,684,641,1325
2019-11-26T10:30:00+09:00,J1,1162,1109,2271
2019-11-26T10:30:00+09:00,J2,496,413,909
2019-11-26T10:30:00+09:00,J3,950,1004,1954
2019-11-26T10:30:00+09:00,J4,818,757,1575
2019-11-26T10:30:00+09:00,J5,599,502,1101
2019-11-26T10:45:00+09:00,J1,1061,1070,2131
2019-11-26T10:45:00+09:00,J2,444,427,871
2019-11-26T10:45:00+09:00,J3,987,973,1960
2019-11-26T10:45:00+09:00,J4,905,838,1743
2019-11-26T10:45:00+09:00,J5,625,559,1184
2019-11-26T11:00:00+09:00,J1,1146,1069,2215
2019-11-26T11:00:00+09:00,J2,487,458,945
2019-11-26T11:00:00+09:00,J3,1042,983,2025
2019-11-26T11:00:00+09:00,J4,797,775,1572
2019-11-26T11:00:00+09:00,J5,588,516,1104
2019-11-26T11:15:00+09:00,J1,1108,1134,2242
2019-11-26T11:15:00+09:00,J2,427,498,925
2019-11-26T11:15:00+09:00,J3,1082,969,2051
2019-11-26T11:15:00+09:00,J4,814,831,1645
2019-11-26T11:15:00+09:00,J5,476,473,949
2019-11-26T11:30:00+09:00,J1,1179,1146,2325
2019-11-26T11:30:00+09:00,J2,458,438,896
2019-11-26T11:30:00+09:00,J3,1141,1042,2183
2019-11-26T11:30:00+09:00,J4,847,910,1757
2019-11-26T11:30:00+09:00,J5,485,559,1044
2019-11-26T11:45:00+09:00,J1,1176,1269,2445
2019-11-26T11:45:00+09:00,J2,397,436,833
2019-11-26T11:45:00+09:00,J3,1128,1104,2232
2019-11-26T11:45:00+09:00,J4,894,823,1717
2019-11-26T11:45:00+09:00,J5,512,538,1050
2019-11-26T12:00:00+09:00,J1,1193,1240,2433
2019-11-26T12:00:00+09:00,J2,409,461,870
2019-11-26T12:00:00+09:00,J3,1176,1200,2376
2019-11-26T12:00:00+09:00,J4,929,959,1888
2019-11-26T12:00:00+09:00,J5,561,719,1280
2019-11-26T12:15:00+09:00,J1,966,1155,2121
2019-11-26T12:15:00+09:00,J2,412,481,893
2019-11-26T12:15:00+09:00,J3,1140,1098,2238
2019-11-26T12:15:00+09:00,J4,1023,915,1938
2019-11-26T12:15:00+09:00,J5,635,627,1262
2019-11-26T12:30:00+09:00,J1,924,1066,1990
2019-11-26T12:30:00+09:00,J2,480,522,1002
2019-11-26T12:30:00+09:00,J3,1027,1026,2053
2019-11-26T12:30:00+09:00,J4,948,959,1907
2019-11-26T12:30:00+09:00,J5,545,557,1102
2019-11-26T12:45:00+09:00,J1,974,1128,2102
2019-11-26T12:45:00+09:00,J2,389,500,889
2019-11-26T12:45:00+09:00,J3,917,1065,1982
2019-11-26T12:45:00+09:00,J4,875,843,1718
2019-11-26T12:45:00+09:00,J5,504,571,1075
2019-11-26T13:00:00+09:00,J1,1058,1102,2160
2019-11-26T13:00:00+09:00,J2,408,471,879
2019-11-26T13:00:00+09:00,J3,966,1063,2029
2019-11-26T13:00:00+09:00,J4,870,802,1672
2019-11-26T13:00:00+09:00,J5,532,510,1042
2019-11-26T13:15:00+09:00,J1,979,1145,2124
2019-11-26T13:15:00+09:00,J2,453,502,955
2019-11-26T13:15:00+09:00,J3,1012,1085,2097
2019-11-26T13:15:00+09:00,J4,868,792,1660
2019-11-26T13:15:00+09:00,J5,510,535,1045
2019-11-26T13:30:00+09:00,J1,1076,1141,2217
2019-11-26T13:30:00+09:00,J2,512,465,977
2019-11-26T13:30:00+09:00,J3,1106,1032,2138
2019-11-26T13:30:00+09:00,J4,854,848,1702
2019-11-26T13:30:00+09:00,J5,503,525,1028
2019-11-26T13:45:00+09:00,J1,996,1078,2074
2019-11-26T13:45:00+09:00,J2,489,463,952
2019-11-26T13:45:00+09:00,J3,914,923,1837
2019-11-26T13:45:00+09:00,J4,720,815,1535
2019-11-26T13:45:00+09:00,J5,492,526,1018
2019-11-26T14:00:00+09:00,J1,977,1117,2094
2019-11-26T14:00:00+09:00,J2,453,435,888
2019-11-26T14:00:00+09:00,J3,936,1016,1952
2019-11-26T14:00:00+09:00,J4,789,854,1643
2019-11-26T14:00:00+09:00,J5,452,539,991
2019-11-26T14:15:00+09:00,J1,1007,1113,2120
2019-11-26T14:15:00+09:00,J2,510,479,989
2019-11-26T14:15:00+09:00,J3,938,972,1910
2019-11-26T14:15:00+09:00,J4,799,818,1617
2019-11-26T14:15:00+09:00,J5,499,447,946
2019-11-26T14:30:00+09:00,J1,966,1097,2063
2019-11-26T14:30:00+09:00,J2,490,449,939
2019-11-26T14:30:00+09:00,J3,913,977,1890
2019-11-26T14:30:00+09:00,J4,802,775,1577
2019-11-26T14:30:00+09:00,J5,456,503,959
2019-11-26T14:45:00+09:00,J1,849,1063,1912
2019-11-26T14:45:00+09:00,J2,474,453,927
2019-11-26T14:45:00+09:00,J3,942,892,1834
2019-11-26T14:45:00+09:00,J4,732,761,1493
2019-11-26T14:45:00+09:00,J5,438,493,931
2019-11-26T15:00:00+09:00,J1,979,1087,2066
2019-11-26T15:00:00+09:00,J2,465,443,908
2019-11-26T15:00:00+09:00,J3,915,895,1810
2019-11-26T15:00:00+09:00,J4,783,798,1581
2019-11-26T15:00:00+09:00,J5,498,508,1006
2019-11-26T15:15:00+09:00,J1,983,1086,2069
2019-11-26T15:15:00+09:00,J2,496,532,1028
2019-11-26T15:15:00+09:00,J3,931,946,1877
2019-11-26T15:15:00+09:00,J4,750,819,1569
2019-11-26T15:15:00+09:00,J5,457,485,942
2019-11-26T15:30:00+09:00,J1,987,1091,2078
2019-11-26T15:30:00+09:00,J2,474,483,957
2019-11-26T15:30:00+09:00,J3,974,990,1964
2019-11-26T15:30:00+09:00,J4,723,816,1539
2019-11-26T15:30:00+09:00,J5,472,469,941
2019-11-26T15:45:00+09:00,J1,982,1106,2088
2019-11-26T15:45:00+09:00,J2,498,504,1002
2019-11-26T15:45:00+09:00,J3,870,972,1842
2019-11-26T15:45:00+09:00,J4,795,809,1604
2019-11-26T15:45:00+09:00,J5,425,510,935
2019-11-26T16:00:00+09:00,J1,922,1111,2033
2019-11-26T16:00:00+09:00,J2,514,502,1016
2019-11-26T16:00:00+09:00,J3,983,941,1924
2019-11-26T16:00:00+09:00,J4,783,845,1628
2019-11-26T16:00:00+09:00,J5,435,484,919
2019-11-26T16:15:00+09:00,J1,960,1081,2041
2019-11-26T16:15:00+09:00,J2,535,459,994
2019-11-26T16:15:00+09:00,J3,1054,924,1978
2019-11-26T16:15:00+09:00,J4,788,806,1594
2019-11-26T16:15:00+09:00,J5,447,488,935
2019-11-26T16:30:00+09:00,J1,892,1051,1943
2019-11-26T16:30:00+09:00,J2,555,438,993
2019-11-26T16:30:00+09:00,J3,1027,1002,2029
2019-11-26T16:30:00+09:00,J4,797,816,1613
2019-11-26T16:30:00+09:00,J5,455,503,958
2019-11-26T16:45:00+09:00,J1,890,1026,1916
2019-11-26T16:45:00+09:00,J2,571,467,1038
2019-11-26T16:45:00+09:00,J3,1006,1046,2052
2019-11-26T16:45:00+09:00,J4,885,830,1715
2019-11-26T16:45:00+09:00,J5,468,493,961
2019-11-26T17:00:00+09:00,J1,997,1094,2091
2019-11-26T17:00:00+09:00,J2,587,473,1060
2019-11-26T17:00:00+09:00,J3,1233,1105,2338
2019-11-26T17:00:00+09:00,J4,784,745,1529
2019-11-26T17:00:00+09:00,J5,487,517,1004
2019-11-26T17:15:00+09:00,J1,1071,1229,2300
2019-11-26T17:15:00+09:00,J2,602,517,1119
2019-11-26T17:15:00+09:00,J3,1345,1156,2501
2019-11-26T17:15:00+09:00,J4,854,803,1657
2019-11-26T17:15:00+09:00,J5,475,594,1069
2019-11-26T17:30:00+09:00,J1,1055,1193,2248
2019-11-26T17:30:00+09:00,J2,651,540,1191
2019-11-26T17:30:00+09:00,J3,1392,1259,2651
2019-11-26T17:30:00+09:00,J4,866,870,1736
2019-11-26T17:30:00+09:00,J5,534,567,1101
2019-11-26T17:45:00+09:00,J1,1084,1164,2248
2019-11-26T17:45:00+09:00,J2,639,501,1140
2019-11-26T17:45:00+09:00,J3,1405,1207,2612
2019-11-26T17:45:00+09:00,J4,911,815,1726
2019-11-26T17:45:00+09:00,J5,536,644,1180
2019-11-26T18:00:00+09:00,J1,1136,1213,2349
2019-11-26T18:00:00+09:00,J2,567,501,1068
2019-11-26T18:00:00+09:00,J3,1402,1201,2603
2019-11-26T18:00:00+09:00,J4,950,771,1721
2019-11-26T18:00:00+09:00,J5,491,594,1085
2019-11-26T18:15:00+09:00,J1,1118,1188,2306
2019-11-26T18:15:00+09:00,J2,616,521,1137
2019-11-26T18:15:00+09:00,J3,1487,1197,2684
2019-11-26T18:15:00+09:00,J4,1099,850,1949
2019-11-26T18:15:00+09:00,J5,493,602,1095
2019-11-26T18:30:00+09:00,J1,1065,1158,2223
2019-11-26T18:30:00+09:00,J2,591,475,1066
2019-11-26T18:30:00+09:00,J3,1366,1144,2510
2019-11-26T18:30:00+09:00,J4,1103,763,1866
2019-11-26T18:30:00+09:00,J5,497,541,1038
2019-11-26T18:45:00+09:00,J1,1119,1156,2275
2019-11-26T18:45:00+09:00,J2,483,462,945
2019-11-26T18:45:00+09:00,J3,1209,1050,2259
2019-11-26T18:45:00+09:00,J4,945,832,1777
2019-11-26T18:45:00+09:00,J5,412,465,877
2019-11-26T19:00:00+09:00,J1,933,1026,1959
2019-11-26T19:00:00+09:00,J2,448,417,865
2019-11-26T19:00:00+09:00,J3,1200,962,2162
2019-11-26T19:00:00+09:00,J4,969,786,1755
2019-11-26T19:00:00+09:00,J5,394,496,890
2019-11-26T19:15:00+09:00,J1,978,1108,2086
2019-11-26T19:15:00+09:00,J2,489,402,891
2019-11-26T19:15:00+09:00,J3,1135,1024,2159
2019-11-26T19:15:00+09:00,J4,975,810,1785
2019-11-26T19:15:00+09:00,J5,418,494,912
2019-11-26T19:30:00+09:00,J1,926,1131,2057
2019-11-26T19:30:00+09:00,J2,426,427,853
2019-11-26T19:30:00+09:00,J3,1151,967,2118
2019-11-26T19:30:00+09:00,J4,959,778,1737
2019-11-26T19:30:00+09:00,J5,398,474,872
2019-11-26T19:45:00+09:00,J1,925,1012,1937
2019-11-26T19:45:00+09:00,J2,430,441,871
2019-11-26T19:45:00+09:00,J3,1065,880,1945
2019-11-26T19:45:00+09:00,J4,888,816,1704
2019-11-26T19:45:00+09:00,J5,444,433,877
2019-11-26T20:00:00+09:00,J1,870,1005,1875
2019-11-26T20:00:00+09:00,J2,452,373,825
2019-11-26T20:00:00+09:00,J3,1147,991,2138
2019-11-26T20:00:00+09:00,J4,910,824,1734
2019-11-26T20:00:00+09:00,J5,455,502,957
2019-11-26T20:15:00+09:00,J1,886,1098,1984
2019-11-26T20:15:00+09:00,J2,476,410,886
2019-11-26T20:15:00+09:00,J3,1021,942,1963
2019-11-26T20:15:00+09:00,J4,959,749,1708
2019-11-26T20:15:00+09:00,J5,487,489,976
2019-11-26T20:30:00+09:00,J1,926,975,1901
2019-11-26T20:30:00+09:00,J2,376,376,752
2019-11-26T20:30:00+09:00,J3,996,876,1872
2019-11-26T20:30:00+09:00,J4,832,729,1561
2019-11-26T20:30:00+09:00,J5,497,507,1004
2019-11-26T20:45:00+09:00,J1,933,1109,2042
2019-11-26T20:45:00+09:00,J2,447,338,785
2019-11-26T20:45:00+09:00,J3,981,852,1833
2019-11-26T20:45:00+09:00,J4,782,686,1468
2019-11-26T20:45:00+09:00,J5,485,477,962
2019-11-26T21:00:00+09:00,J1,901,988,1889
2019-11-26T21:00:00+09:00,J2,392,312,704
2019-11-26T21:00:00+09:00,J3,922,761,1683
2019-11-26T21:00:00+09:00,J4,874,734,1608
2019-11-26T21:00:00+09:00,J5,452,479,931
2019-11-26T21:15:00+09:00,J1,907,1007,1914
2019-11-26T21:15:00+09:00,J2,447,367,814
2019-11-26T21:15:00+09:00,J3,842,767,1609
2019-11-26T21:15:00+09:00,J4,900,884,1784
2019-11-26T21:15:00+09:00,J5,502,443,945
2019-11-26T21:30:00+09:00,J1,917,1006,1923
2019-11-26T21:30:00+09:00,J2,509,400,909
2019-11-26T21:30:00+09:00,J3,763,729,1492
2019-11-26T21:30:00+09:00,J4,910,814,1724
2019-11-26T21:30:00+09:00,J5,526,451,977
2019-11-26T21:45:00+09:00,J1,850,963,1813
2019-11-26T21:45:00+09:00,J2,524,346,870
2019-11-26T21:45:00+09:00,J3,732,738,1470
2019-11-26T21:45:00+09:00,J4,831,777,1608
2019-11-26T21:45:00+09:00,J5,606,479,1085
2019-11-26T22:00:00+09:00,J1,915,1002,1917
2019-11-26T22:00:00+09:00,J2,411,351,762
2019-11-26T22:00:00+09:00,J3,752,824,1576
2019-11-26T22:00:00+09:00,J4,879,743,1622
2019-11-26T22:00:00+09:00,J5,511,467,978
2019-11-26T22:15:00+09:00,J1,817,994,1811
2019-11-26T22:15:00+09:00,J2,376,351,727
2019-11-26T22:15:00+09:00,J3,766,768,1534
2019-11-26T22:15:00+09:00,J4,767,683,1450
2019-11-26T22:15:00+09:00,J5,588,501,1089
2019-11-26T22:30:00+09:00,J1,858,974,1832
2019-11-26T22:30:00+09:00,J2,346,357,703
2019-11-26T22:30:00+09:00,J3,849,721,1570
2019-11-26T22:30:00+09:00,J4,744,772,1516
2019-11-26T22:30:00+09:00,J5,522,513,1035
2019-11-26T22:45:00+09:00,J1,801,908,1709
2019-11-26T22:45:00+09:00,J2,332,330,662
2019-11-26T22:45:00+09:00,J3,778,712,1490
2019-11-26T22:45:00+09:00,J4,821,758,1579
2019-11-26T22:45:00+09:00,J5,501,487,988
2019-11-26T23:00:00+09:00,J1,844,834,1678
2019-11-26T23:00:00+09:00,J2,270,299,569
2019-11-26T23:00:00+09:00,J3,849,715,1564
2019-11-26T23:00:00+09:00,J4,888,785,1673
2019-11-26T23:00:00+09:00,J5,433,432,865
2019-11-26T23:15:00+09:00,J1,766,861,1627
2019-11-26T23:15:00+09:00,J2,298,308,606
2019-11-26T23:15:00+09:00,J3,835,646,1481
2019-11-26T23:15:00+09:00,J4,793,707,1500
2019-11-26T23:15:00+09:00,J5,441,446,887
2019-11-26T23:30:00+09:00,J1,715,765,1480
2019-11-26T23:30:00+09:00,J2,294,286,580
2019-11-26T23:30:00+09:00,J3,796,713,1509
2019-11-26T23:30:00+09:00,J4,736,628,1364
2019-11-26T23:30:00+09:00,J5,383,440,823
2019-11-26T23:45:00+09:00,J1,718,794,1512
2019-11-26T23:45:00+09:00,J2,305,254,559
2019-11-26T23:45:00+09:00,J3,721,687,1408
2019-11-26T23:45:00+09:00,J4,782,662,1444
2019-11-26T23:45:00+09:00,J5,391,425,816
2019-11-27T00:00:00+09:00,J1,564,613,1177
2019-11-27T00:00:00+09:00,J2,275,292,567
2019-11-27T00:00:00+09:00,J3,706,651,1357
2019-11-27T00:00:00+09:00,J4,800,663,1463
2019-11-27T00:00:00+09:00,J5,452,378,830
2019-11-27T00:15:00+09:00,J1,441,396,837
2019-11-27T00:15:00+09:00,J2,247,314,561
2019-11-27T00:15:00+09:00,J3,495,516,1011
2019-11-27T00:15:00+09:00,J4,703,620,1323
2019-11-27T00:15:00+09:00,J5,413,416,829
2019-11-27T00:30:00+09:00,J1,302,374,676
2019-11-27T00:30:00+09:00,J2,234,301,535
2019-11-27T00:30:00+09:00,J3,481,428,909
2019-11-27T00:30:00+09:00,J4,547,620,1167
2019-11-27T00:30:00+09:00,J5,445,382,827
2019-11-27T00:45:00+09:00,J1,325,325,650
2019-11-27T00:45:00+09:00,J2,243,288,531
2019-11-27T00:45:00+09:00,J3,456,413,869
2019-11-27T00:45:00+09:00,J4,580,570,1150
2019-11-27T00:45:00+09:00,J5,467,414,881
2019-11-27T05:45:00+09:00,J1,572,582,1154
2019-11-27T05:45:00+09:00,J2,200,259,459
2019-11-27T05:45:00+09:00,J3,507,434,941
2019-11-27T05:45:00+09:00,J4,638,614,1252
2019-11-27T05:45:00+09:00,J5,470,414,884
2019-11-27T06:00:00+09:00,J1,508,525,1033
2019-11-27T06:00:00+09:00,J2,194,293,487
2019-11-27T06:00:00+09:00,J3,533,478,1011
2019-11-27T06:00:00+09:00,J4,688,680,1368
2019-11-27T06:00:00+09:00,J5,467,395,862
2019-11-27T06:15:00+09:00,J1,734,647,1381
2019-11-27T06:15:00+09:00,J2,231,242,473
2019-11-27T06:15:00+09:00,J3,588,502,1090
2019-11-27T06:15:00+09:00,J4,709,658,1367
2019-11-27T06:15:00+09:00,J5,434,435,869
2019-11-27T06:30:00+09:00,J1,585,578,1163
2019-11-27T06:30:00+09:00,J2,239,250,489
2019-11-27T06:30:00+09:00,J3,672,605,1277
2019-11-27T06:30:00+09:00,J4,696,684,1380
2019-11-27T06:30:00+09:00,J5,496,466,962
2019-11-27T06:45:00+09:00,J1,717,744,1461
2019-11-27T06:45:00+09:00,J2,275,284,559
2019-11-27T06:45:00+09:00,J3,724,642,1366
2019-11-27T06:45:00+09:00,J4,625,672,1297
2019-11-27T06:45:00+09:00,J5,463,468,931
2019-11-27T07:00:00+09:00,J1,840,910,1750
2019-11-27T07:00:00+09:00,J2,230,219,449
2019-11-27T07:00:00+09:00,J3,759,717,1476
2019-11-27T07:00:00+09:00,J4,636,631,1267
2019-11-27T07:00:00+09:00,J5,574,629,1203
2019-11-27T07:15:00+09:00,J1,961,941,1902
2019-11-27T07:15:00+09:00,J2,376,399,775
2019-11-27T07:15:00+09:00,J3,782,754,1536
2019-11-27T07:15:00+09:00,J4,641,713,1354
2019-11-27T07:15:00+09:00,J5,609,683,1292
2019-11-27T07:30:00+09:00,J1,973,964,1937
2019-11-27T07:30:00+09:00,J2,528,407,935
2019-11-27T07:30:00+09:00,J3,756,820,1576
2019-11-27T07:30:00+09:00,J4,666,783,1449
2019-11-27T07:30:00+09:00,J5,683,598,1281
2019-11-27T07:45:00+09:00,J1,1036,987,2023
2019-11-27T07:45:00+09:00,J2,714,510,1224
2019-11-27T07:45:00+09:00,J3,1000,964,1964
2019-11-27T07:45:00+09:00,J4,806,876,1682
2019-11-27T07:45:00+09:00,J5,515,490,1005
2019-11-27T08:00:00+09:00,J1,1246,1197,2443
2019-11-27T08:00:00+09:00,J2,874,670,1544
2019-11-27T08:00:00+09:00,J3,1322,1252,2574
2019-11-27T08:00:00+09:00,J4,814,1000,1814
2019-11-27T08:00:00+09:00,J5,517,505,1022
2019-11-27T08:15:00+09:00,J1,1258,1143,2401
2019-11-27T08:15:00+09:00,J2,1103,617,1720
2019-11-27T08:15:00+09:00,J3,1321,1341,2662
2019-11-27T08:15:00+09:00,J4,927,1151,2078
2019-11-27T08:15:00+09:00,J5,535,479,1014
2019-11-27T08:30:00+09:00,J1,1237,1186,2423
2019-11-27T08:30:00+09:00,J2,982,533,1515
2019-11-27T08:30:00+09:00,J3,1238,1279,2517
2019-11-27T08:30:00+09:00,J4,959,1193,2152
2019-11-27T08:30:00+09:00,J5,494,495,989
2019-11-27T08:45:00+09:00,J1,1246,1110,2356
2019-11-27T08:45:00+09:00,J2,666,500,1166
2019-11-27T08:45:00+09:00,J3,982,1097,2079
2019-11-27T08:45:00+09:00,J4,964,1142,2106
2019-11-27T08:45:00+09:00,J5,572,583,1155
2019-11-27T09:00:00+09:00,J1,1129,1082,2211
2019-11-27T09:00:00+09:00,J2,651,504,1155
2019-11-27T09:00:00+09:00,J3,923,975,1898
2019-11-27T09:00:00+09:00,J4,976,1040,2016
2019-11-27T09:00:00+09:00,J5,654,618,1272
2019-11-27T09:15:00+09:00,J1,1007,913,1920
2019-11-27T09:15:00+09:00,J2,650,521,1171
2019-11-27T09:15:00+09:00,J3,914,894,1808
2019-11-27T09:15:00+09:00,J4,888,928,1816
2019-11-27T09:15:00+09:00,J5,665,617,1282
2019-11-27T09:30:00+09:00,J1,967,967,1934
2019-11-27T09:30:00+09:00,J2,587,513,1100
2019-11-27T09:30:00+09:00,J3,958,849,1807
2019-11-27T09:30:00+09:00,J4,951,943,1894
2019-11-27T09:30:00+09:00,J5,651,545,1196
2019-11-27T09:45:00+09:00,J1,912,982,1894
2019-11-27T09:45:00+09:00,J2,526,488,1014
2019-11-27T09:45:00+09:00,J3,1024,852,1876
2019-11-27T09:45:00+09:00,J4,898,896,1794
2019-11-27T09:45:00+09:00,J5,633,595,1228
2019-11-27T10:00:00+09:00,J1,979,970,1949
2019-11-27T10:00:00+09:00,J2,556,565,1121
2019-11-27T10:00:00+09:00,J3,919,864,1783
2019-11-27T10:00:00+09:00,J4,746,805,1551
2019-11-27T10:00:00+09:00,J5,691,672,1363
2019-11-27T10:15:00+09:00,J1,1022,892,1914
2019-11-27T10:15:00+09:00,J2,533,523,1056
2019-11-27T10:15:00+09:00,J3,834,800,1634
2019-11-27T10:15:00+09:00,J4,800,812,1612
2019-11-27T10:15:00+09:00,J5,645,547,1192
2019-11-27T10:30:00+09:00,J1,946,913,1859
2019-11-27T10:30:00+09:00,J2,566,533,1099
2019-11-27T10:30:00+09:00,J3,865,868,1733
2019-11-27T10:30:00+09:00,J4,910,829,1739
2019-11-27T10:30:00+09:00,J5,513,505,1018
2019-11-27T10:45:00+09:00,J1,994,951,1945
2019-11-27T10:45:00+09:00,J2,510,521,1031
2019-11-27T10:45:00+09:00,J3,813,828,1641
2019-11-27T10:45:00+09:00,J4,770,750,1520
2019-11-27T10:45:00+09:00,J5,482,432,914
2019-11-27T11:00:00+09:00,J1,837,929,1766
2019-11-27T11:00:00+09:00,J2,515,495,1010
2019-11-27T11:00:00+09:00,J3,794,882,1676
2019-11-27T11:00:00+09:00,J4,786,799,1585
2019-11-27T11:00:00+09:00,J5,465,412,877
2019-11-27T11:15:00+09:00,J1,1002,985,1987
2019-11-27T11:15:00+09:00,J2,566,561,1127
2019-11-27T11:15:00+09:00,J3,985,973,1958
2019-11-27T11:15:00+09:00,J4,901,984,1885
2019-11-27T11:15:00+09:00,J5,470,396,866
2019-11-27T11:30:00+09:00,J1,962,1081,2043
2019-11-27T11:30:00+09:00,J2,540,538,1078
2019-11-27T11:30:00+09:00,J3,928,998,1926
2019-11-27T11:30:00+09:00,J4,956,958,1914
2019-11-27T11:30:00+09:00,J5,404,432,836
2019-11-27T11:45:00+09:00,J1,1104,1112,2216
2019-11-27T11:45:00+09:00,J2,627,540,1167
2019-11-27T11:45:00+09:00,J3,845,867,1712
2019-11-27T11:45:00+09:00,J4,931,872,1803
2019-11-27T11:45:00+09:00,J5,364,433,797
2019-11-27T12:00:00+09:00,J1,1153,1126,2279
2019-11-27T12:00:00+09:00,J2,667,567,1234
2019-11-27T12:00:00+09:00,J3,921,928,1849
2019-11-27T12:00:00+09:00,J4,1024,899,1923
2019-11-27T12:00:00+09:00,J5,392,526,918
2019-11-27T12:15:00+09:00,J1,980,998,1978
2019-11-27T12:15:00+09:00,J2,657,603,1260
2019-11-27T12:15:00+09:00,J3,975,999,1974
2019-11-27T12:15:00+09:00,J4,934,920,1854
2019-11-27T12:15:00+09:00,J5,438,520,958
2019-11-27T12:30:00+09:00,J1,985,1015,2000
2019-11-27T12:30:00+09:00,J2,755,608,1363
2019-11-27T12:30:00+09:00,J3,903,1044,1947
2019-11-27T12:30:00+09:00,J4,989,953,1942
2019-11-27T12:30:00+09:00,J5,393,474,867
2019-11-27T12:45:00+09:00,J1,992,997,1989
2019-11-27T12:45:00+09:00,J2,711,559,1270
2019-11-27T12:45:00+09:00,J3,919,904,1823
2019-11-27T12:45:00+09:00,J4,815,952,1767
2019-11-27T12:45:00+09:00,J5,414,440,854
2019-11-27T13:00:00+09:00,J1,963,972,1935
2019-11-27T13:00:00+09:00,J2,619,602,1221
2019-11-27T13:00:00+09:00,J3,902,946,1848
2019-11-27T13:00:00+09:00,J4,756,898,1654
2019-11-27T13:00:00+09:00,J5,463,476,939
2019-11-27T13:15:00+09:00,J1,901,1042,1943
2019-11-27T13:15:00+09:00,J2,570,521,1091
2019-11-27T13:15:00+09:00,J3,886,919,1805
2019-11-27T13:15:00+09:00,J4,791,822,1613
2019-11-27T13:15:00+09:00,J5,448,484,932
2019-11-27T13:30:00+09:00,J1,995,1034,2029
2019-11-27T13:30:00+09:00,J2,624,509,1133
2019-11-27T13:30:00+09:00,J3,873,858,1731
2019-11-27T13:30:00+09:00,J4,848,896,1744
2019-11-27T13:30:00+09:00,J5,479,421,900
2019-11-27T13:45:00+09:00,J1,946,1067,2013
2019-11-27T13:45:00+09:00,J2,603,545,1148
2019-11-27T13:45:00+09:00,J3,975,889,1864
2019-11-27T13:45:00+09:00,J4,753,878,1631
2019-11-27T13:45:00+09:00,J5,464,429,893
2019-11-27T14:00:00+09:00,J1,950,1063,2013
2019-11-27T14:00:00+09:00,J2,626,659,1285
2019-11-27T14:00:00+09:00,J3,997,858,1855
2019-11-27T14:00:00+09:00,J4,761,755,1516
2019-11-27T14:00:00+09:00,J5,417,439,856
2019-11-27T14:15:00+09:00,J1,963,1119,2082
2019-11-27T14:15:00+09:00,J2,599,656,1255
2019-11-27T14:15:00+09:00,J3,1011,887,1898
2019-11-27T14:15:00+09:00,J4,739,811,1550
2019-11-27T14:15:00+09:00,J5,416,402,818
2019-11-27T14:30:00+09:00,J1,920,1026,1946
2019-11-27T14:30:00+09:00,J2,665,696,1361
2019-11-27T14:30:00+09:00,J3,1090,855,1945
2019-11-27T14:30:00+09:00,J4,779,901,1680
2019-11-27T14:30:00+09:00,J5,445,501,946
2019-11-27T14:45:00+09:00,J1,910,1100,2010
2019-11-27T14:45:00+09:00,J2,649,687,1336
2019-11-27T14:45:00+09:00,J3,1008,935,1943
2019-11-27T14:45:00+09:00,J4,823,867,1690
2019-11-27T14:45:00+09:00,J5,444,425,869
2019-11-27T15:00:00+09:00,J1,1011,1247,2258
2019-11-27T15:00:00+09:00,J2,566,668,1234
2019-11-27T15:00:00+09:00,J3,887,887,1774
2019-11-27T15:00:00+09:00,J4,799,888,1687
2019-11-27T15:00:00+09:00,J5,483,444,927
2019-11-27T15:15:00+09:00,J1,1050,1239,2289
2019-11-27T15:15:00+09:00,J2,532,641,1173
2019-11-27T15:15:00+09:00,J3,1030,981,2011
2019-11-27T15:15:00+09:00,J4,827,945,1772
2019-11-27T15:15:00+09:00,J5,432,409,841
2019-11-27T15:30:00+09:00,J1,1008,1228,2236
2019-11-27T15:30:00+09:00,J2,566,670,1236
2019-11-27T15:30:00+09:00,J3,974,904,1878
2019-11-27T15:30:00+09:00,J4,814,838,1652
2019-11-27T15:30:00+09:00,J5,465,456,921
2019-11-27T15:45:00+09:00,J1,1098,1165,2263
2019-11-27T15:45:00+09:00,J2,614,675,1289
2019-11-27T15:45:00+09:00,J3,1012,987,1999
2019-11-27T15:45:00+09:00,J4,819,845,1664
2019-11-27T15:45:00+09:00,J5,444,418,862
2019-11-27T16:00:00+09:00,J1,1115,1200,2315
2019-11-27T16:00:00+09:00,J2,678,663,1341
2019-11-27T16:00:00+09:00,J3,1045,994,2039
2019-11-27T16:00:00+09:00,J4,810,798,1608
2019-11-27T16:00:00+09:00,J5,428,393,821
2019-11-27T16:15:00+09:00,J1,1040,1156,2196
2019-11-27T16:15:00+09:00,J2,729,670,1399
2019-11-27T16:15:00+09:00,J3,1037,1044,2081
2019-11-27T16:15:00+09:00,J4,857,914,1771
2019-11-27T16:15:00+09:00,J5,478,440,918
2019-11-27T16:30:00+09:00,J1,956,1196,2152
2019-11-27T16:30:00+09:00,J2,675,604,1279
2019-11-27T16:30:00+09:00,J3,1140,1128,2268
2019-11-27T16:30:00+09:00,J4,866,908,1774
2019-11-27T16:30:00+09:00,J5,402,391,793
2019-11-27T16:45:00+09:00,J1,972,1107,2079
2019-11-27T16:45:00+09:00,J2,646,656,1302
2019-11-27T16:45:00+09:00,J3,1077,1083,2160
2019-11-27T16:45:00+09:00,J4,917,890,1807
2019-11-27T16:45:00+09:00,J5,409,441,850
2019-11-27T17:00:00+09:00,J1,1109,1256,2365
2019-11-27T17:00:00+09:00,J2,700,711,1411
2019-11-27T17:00:00+09:00,J3,1338,1229,2567
2019-11-27T17:00:00+09:00,J4,935,939,1874
2019-11-27T17:00:00+09:00,J5,438,467,905
2019-11-27T17:15:00+09:00,J1,1140,1239,2379
2019-11-27T17:15:00+09:00,J2,743,786,1529
2019-11-27T17:15:00+09:00,J3,1352,1210,2562
2019-11-27T17:15:00+09:00,J4,983,938,1921
2019-11-27T17:15:00+09:00,J5,485,530,1015
2019-11-27T17:30:00+09:00,J1,1158,1241,2399
2019-11-27T17:30:00+09:00,J2,761,901,1662
2019-11-27T17:30:00+09:00,J3,1404,1225,2629
2019-11-27T17:30:00+09:00,J4,1048,936,1984
2019-11-27T17:30:00+09:00,J5,494,580,1074
2019-11-27T17:45:00+09:00,J1,1162,1303,2465
2019-11-27T17:45:00+09:00,J2,740,882,1622
2019-11-27T17:45:00+09:00,J3,1394,1328,2722
2019-11-27T17:45:00+09:00,J4,1012,918,1930
2019-11-27T17:45:00+09:00,J5,500,593,1093
2019-11-27T18:00:00+09:00,J1,1112,1323,2435
2019-11-27T18:00:00+09:00,J2,762,915,1677
2019-11-27T18:00:00+09:00,J3,1490,1250,2740
2019-11-27T18:00:00+09:00,J4,1043,919,1962
2019-11-27T18:00:00+09:00,J5,492,576,1068
2019-11-27T18:15:00+09:00,J1,1175,1230,2405
2019-11-27T18:15:00+09:00,J2,768,806,1574
2019-11-27T18:15:00+09:00,J3,1569,1232,2801
2019-11-27T18:15:00+09:00,J4,1155,948,2103
2019-11-27T18:15:00+09:00,J5,526,565,1091
2019-11-27T18:30:00+09:00,J1,1143,1162,2305
2019-11-27T18:30:00+09:00,J2,685,709,1394
2019-11-27T18:30:00+09:00,J3,1338,1162,2500
2019-11-27T18:30:00+09:00,J4,1176,914,2090
2019-11-27T18:30:00+09:00,J5,439,502,941
2019-11-27T18:45:00+09:00,J1,1103,1155,2258
2019-11-27T18:45:00+09:00,J2,664,645,1309
2019-11-27T18:45:00+09:00,J3,1202,995,2197
2019-11-27T18:45:00+09:00,J4,1135,952,2087
2019-11-27T18:45:00+09:00,J5,433,407,840
2019-11-27T19:00:00+09:00,J1,1021,1114,2135
2019-11-27T19:00:00+09:00,J2,661,591,1252
2019-11-27T19:00:00+09:00,J3,1271,1066,2337
2019-11-27T19:00:00+09:00,J4,996,875,1871
2019-11-27T19:00:00+09:00,J5,419,437,856
2019-11-27T19:15:00+09:00,J1,1024,1178,2202
2019-11-27T19:15:00+09:00,J2,578,564,1142
2019-11-27T19:15:00+09:00,J3,1243,1064,2307
2019-11-27T19:15:00+09:00,J4,886,815,1701
2019-11-27T19:15:00+09:00,J5,440,402,842
2019-11-27T19:30:00+09:00,J1,1016,1159,2175
2019-11-27T19:30:00+09:00,J2,550,468,1018
2019-11-27T19:30:00+09:00,J3,1172,999,2171
2019-11-27T19:30:00+09:00,J4,860,735,1595
2019-11-27T19:30:00+09:00,J5,379,347,726
2019-11-27T19:45:00+09:00,J1,1001,1086,2087
2019-11-27T19:45:00+09:00,J2,483,479,962
2019-11-27T19:45:00+09:00,J3,1140,1049,2189
2019-11-27T19:45:00+09:00,J4,817,767,1584
2019-11-27T19:45:00+09:00,J5,405,372,777
2019-11-27T20:00:00+09:00,J1,1047,1083,2130
2019-11-27T20:00:00+09:00,J2,495,476,971
2019-11-27T20:00:00+09:00,J3,1165,1077,2242
2019-11-27T20:00:00+09:00,J4,821,732,1553
2019-11-27T20:00:00+09:00,J5,356,400,756
2019-11-27T20:15:00+09:00,J1,947,1076,2023
2019-11-27T20:15:00+09:00,J2,477,508,985
2019-11-27T20:15:00+09:00,J3,1174,1040,2214
2019-11-27T20:15:00+09:00,J4,858,778,1636
2019-11-27T20:15:00+09:00,J5,487,429,916
2019-11-27T20:30:00+09:00,J1,886,995,1881
2019-11-27T20:30:00+09:00,J2,685,602,1287
2019-11-27T20:30:00+09:00,J3,1131,1052,2183
2019-11-27T20:30:00+09:00,J4,737,584,1321
2019-11-27T20:30:00+09:00,J5,455,372,827
2019-11-27T20:45:00+09:00,J1,890,1050,1940
2019-11-27T20:45:00+09:00,J2,566,549,1115
2019-11-27T20:45:00+09:00,J3,1075,956,2031
2019-11-27T20:45:00+09:00,J4,727,604,1331
2019-11-27T20:45:00+09:00,J5,444,376,820
2019-11-27T21:00:00+09:00,J1,894,1088,1982
2019-11-27T21:00:00+09:00,J2,642,560,1202
2019-11-27T21:00:00+09:00,J3,964,886,1850
2019-11-27T21:00:00+09:00,J4,904,800,1704
2019-11-27T21:00:00+09:00,J5,464,433,897
2019-11-27T21:15:00+09:00,J1,964,1122,2086
2019-11-27T21:15:00+09:00,J2,702,627,1329
2019-11-27T21:15:00+09:00,J3,909,913,1822
2019-11-27T21:15:00+09:00,J4,992,860,1852
2019-11-27T21:15:00+09:00,J5,423,414,837
2019-11-27T21:30:00+09:00,J1,907,966,1873
2019-11-27T21:30:00+09:00,J2,631,584,1215
2019-11-27T21:30:00+09:00,J3,782,884,1666
2019-11-27T21:30:00+09:00,J4,918,855,1773
2019-11-27T21:30:00+09:00,J5,430,421,851
2019-11-27T21:45:00+09:00,J1,908,949,1857
2019-11-27T21:45:00+09:00,J2,535,602,1137
2019-11-27T21:45:00+09:00,J3,901,950,1851
2019-11-27T21:45:00+09:00,J4,901,774,1675
2019-11-27T21:45:00+09:00,J5,561,453,1014
2019-11-27T22:00:00+09:00,J1,925,1006,1931
2019-11-27T22:00:00+09:00,J2,467,518,985
2019-11-27T22:00:00+09:00,J3,924,817,1741
2019-11-27T22:00:00+09:00,J4,902,865,1767
2019-11-27T22:00:00+09:00,J5,546,459,1005
2019-11-27T22:15:00+09:00,J1,897,955,1852
2019-11-27T22:15:00+09:00,J2,521,529,1050
2019-11-27T22:15:00+09:00,J3,916,856,1772
2019-11-27T22:15:00+09:00,J4,962,896,1858
2019-11-27T22:15:00+09:00,J5,592,450,1042
2019-11-27T22:30:00+09:00,J1,838,959,1797
2019-11-27T22:30:00+09:00,J2,482,531,1013
2019-11-27T22:30:00+09:00,J3,879,788,1667
2019-11-27T22:30:00+09:00,J4,968,883,1851
2019-11-27T22:30:00+09:00,J5,519,504,1023
2019-11-27T22:45:00+09:00,J1,849,896,1745
2019-11-27T22:45:00+09:00,J2,403,524,927
2019-11-27T22:45:00+09:00,J3,829,735,1564
2019-11-27T22:45:00+09:00,J4,950,886,1836
2019-11-27T22:45:00+09:00,J5,493,491,984
2019-11-27T23:00:00+09:00,J1,895,907,1802
2019-11-27T23:00:00+09:00,J2,421,545,966
2019-11-27T23:00:00+09:00,J3,764,725,1489
2019-11-27T23:00:00+09:00,J4,960,932,1892
2019-11-27T23:00:00+09:00,J5,435,576,1011
2019-11-27T23:15:00+09:00,J1,874,893,1767
2019-11-27T23:15:00+09:00,J2,406,546,952
2019-11-27T23:15:00+09:00,J3,755,666,1421
2019-11-27T23:15:00+09:00,J4,888,840,1728
2019-11-27T23:15:00+09:00,J5,458,508,966
2019-11-27T23:30:00+09:00,J1,747,752,1499
2019-11-27T23:30:00+09:00,J2,424,535,959
2019-11-27T23:30:00+09:00,J3,790,756,1546
2019-11-27T23:30:00+09:00,J4,914,913,1827
2019-11-27T23:30:00+09:00,J5,434,471,905
2019-11-27T23:45:00+09:00,J1,816,764,1580
2019-11-27T23:45:00+09:00,J2,378,410,788
2019-11-27T23:45:00+09:00,J3,801,728,1529
2019-11-27T23:45:00+09:00,J4,945,888,1833
2019-11-27T23:45:00+09:00,J5,475,432,907
2019-11-28T00:00:00+09:00,J1,581,532,1113
2019-11-28T00:00:00+09:00,J2,383,497,880
2019-11-28T00:00:00+09:00,J3,656,628,1284
2019-11-28T00:00:00+09:00,J4,811,809,1620
2019-11-28T00:00:00+09:00,J5,458,508,966
2019-11-28T00:15:00+09:00,J1,412,409,821
2019-11-28T00:15:00+09:00,J2,413,492,905
2019-11-28T00:15:00+09:00,J3,501,493,994
2019-11-28T00:15:00+09:00,J4,824,775,1599
2019-11-28T00:15:00+09:00,J5,471,463,934
2019-11-28T00:30:00+09:00,J1,382,358,740
2019-11-28T00:30:00+09:00,J2,339,436,775
2019-11-28T00:30:00+09:00,J3,497,441,938
2019-11-28T00:30:00+09:00,J4,601,610,1211
2019-11-28T00:30:00+09:00,J5,504,448,952
2019-11-28T00:45:00+09:00,J1,282,272,554
2019-11-28T00:45:00+09:00,J2,339,411,750
2019-11-28T00:45:00+09:00,J3,471,458,929
2019-11-28T00:45:00+09:00,J4,635,606,1241
2019-11-28T00:45:00+09:00,J5,477,381,858
2019-11-28T05:45:00+09:00,J1,394,379,773
2019-11-28T05:45:00+09:00,J2,377,315,692
2019-11-28T05:45:00+09:00,J3,677,653,1330
2019-11-28T05:45:00+09:00,J4,357,335,692
2019-11-28T05:45:00+09:00,J5,508,453,961
2019-11-28T06:00:00+09:00,J1,440,501,941
2019-11-28T06:00:00+09:00,J2,370,344,714
2019-11-28T06:00:00+09:00,J3,768,759,1527
2019-11-28T06:00:00+09:00,J4,455,404,859
2019-11-28T06:00:00+09:00,J5,505,444,949
2019-11-28T06:15:00+09:00,J1,645,630,1275
2019-11-28T06:15:00+09:00,J2,397,386,783
2019-11-28T06:15:00+09:00,J3,773,737,1510
2019-11-28T06:15:00+09:00,J4,555,555,1110
2019-11-28T06:15:00+09:00,J5,507,483,990
2019-11-28T06:30:00+09:00,J1,724,760,1484
2019-11-28T06:30:00+09:00,J2,360,276,636
2019-11-28T06:30:00+09:00,J3,623,669,1292
2019-11-28T06:30:00+09:00,J4,516,564,1080
2019-11-28T06:30:00+09:00,J5,532,525,1057
2019-11-28T06:45:00+09:00,J1,815,817,1632
2019-11-28T06:45:00+09:00,J2,332,285,617
2019-11-28T06:45:00+09:00,J3,679,653,1332
2019-11-28T06:45:00+09:00,J4,640,623,1263
2019-11-28T06:45:00+09:00,J5,512,497,1009
2019-11-28T07:00:00+09:00,J1,863,929,1792
2019-11-28T07:00:00+09:00,J2,406,353,759
2019-11-28T07:00:00+09:00,J3,791,808,1599
2019-11-28T07:00:00+09:00,J4,629,779,1408
2019-11-28T07:00:00+09:00,J5,620,618,1238
2019-11-28T07:15:00+09:00,J1,938,1014,1952
2019-11-28T07:15:00+09:00,J2,407,333,740
2019-11-28T07:15:00+09:00,J3,1347,1221,2568
2019-11-28T07:15:00+09:00,J4,630,700,1330
2019-11-28T07:15:00+09:00,J5,707,724,1431
2019-11-28T07:30:00+09:00,J1,1024,1060,2084
2019-11-28T07:30:00+09:00,J2,464,472,936
2019-11-28T07:30:00+09:00,J3,1591,1283,2874
2019-11-28T07:30:00+09:00,J4,547,749,1296
2019-11-28T07:30:00+09:00,J5,711,705,1416
2019-11-28T07:45:00+09:00,J1,1082,1118,2200
2019-11-28T07:45:00+09:00,J2,487,467,954
2019-11-28T07:45:00+09:00,J3,1647,1424,3071
2019-11-28T07:45:00+09:00,J4,723,933,1656
2019-11-28T07:45:00+09:00,J5,498,544,1042
2019-11-28T08:00:00+09:00,J1,1270,1165,2435
2019-11-28T08:00:00+09:00,J2,616,431,1047
2019-11-28T08:00:00+09:00,J3,1653,1417,3070
2019-11-28T08:00:00+09:00,J4,737,1067,1804
2019-11-28T08:00:00+09:00,J5,688,643,1331
2019-11-28T08:15:00+09:00,J1,1251,1150,2401
2019-11-28T08:15:00+09:00,J2,700,425,1125
2019-11-28T08:15:00+09:00,J3,1579,1377,2956
2019-11-28T08:15:00+09:00,J4,856,1134,1990
2019-11-28T08:15:00+09:00,J5,852,776,1628
2019-11-28T08:30:00+09:00,J1,1266,1199,2465
2019-11-28T08:30:00+09:00,J2,649,486,1135
2019-11-28T08:30:00+09:00,J3,1424,1374,2798
2019-11-28T08:30:00+09:00,J4,793,1083,1876
2019-11-28T08:30:00+09:00,J5,779,776,1555
2019-11-28T08:45:00+09:00,J1,1233,1182,2415
2019-11-28T08:45:00+09:00,J2,468,443,911
2019-11-28T08:45:00+09:00,J3,1188,1163,2351
2019-11-28T08:45:00+09:00,J4,646,838,1484
2019-11-28T08:45:00+09:00,J5,806,760,1566
2019-11-28T09:00:00+09:00,J1,1205,1211,2416
2019-11-28T09:00:00+09:00,J2,455,462,917
2019-11-28T09:00:00+09:00,J3,1402,1216,2618
2019-11-28T09:00:00+09:00,J4,579,740,1319
2019-11-28T09:00:00+09:00,J5,659,761,1420
2019-11-28T09:15:00+09:00,J1,1203,1198,2401
2019-11-28T09:15:00+09:00,J2,529,420,949
2019-11-28T09:15:00+09:00,J3,1230,1110,2340
2019-11-28T09:15:00+09:00,J4,640,780,1420
2019-11-28T09:15:00+09:00,J5,781,739,1520
2019-11-28T09:30:00+09:00,J1,1211,1183,2394
2019-11-28T09:30:00+09:00,J2,600,447,1047
2019-11-28T09:30:00+09:00,J3,1161,1105,2266
2019-11-28T09:30:00+09:00,J4,658,762,1420
2019-11-28T09:30:00+09:00,J5,718,733,1451
2019-11-28T09:45:00+09:00,J1,1180,1206,2386
2019-11-28T09:45:00+09:00,J2,567,502,1069
2019-11-28T09:45:00+09:00,J3,1292,1159,2451
2019-11-28T09:45:00+09:00,J4,585,659,1244
2019-11-28T09:45:00+09:00,J5,712,684,1396
2019-11-28T10:00:00+09:00,J1,1249,1198,2447
2019-11-28T10:00:00+09:00,J2,608,535,1143
2019-11-28T10:00:00+09:00,J3,974,927,1901
2019-11-28T10:00:00+09:00,J4,446,628,1074
2019-11-28T10:00:00+09:00,J5,633,630,1263
2019-11-28T10:15:00+09:00,J1,1249,1234,2483
2019-11-28T10:15:00+09:00,J2,525,488,1013
2019-11-28T10:15:00+09:00,J3,1166,1050,2216
2019-11-28T10:15:00+09:00,J4,614,753,1367
2019-11-28T10:15:00+09:00,J5,690,684,1374
2019-11-28T10:30:00+09:00,J1,1200,1209,2409
2019-11-28T10:30:00+09:00,J2,579,415,994
2019-11-28T10:30:00+09:00,J3,993,829,1822
2019-11-28T10:30:00+09:00,J4,639,739,1378
2019-11-28T10:30:00+09:00,J5,754,701,1455
2019-11-28T10:45:00+09:00,J1,1212,1180,2392
2019-11-28T10:45:00+09:00,J2,666,577,1243
2019-11-28T10:45:00+09:00,J3,1046,898,1944
2019-11-28T10:45:00+09:00,J4,613,708,1321
2019-11-28T10:45:00+09:00,J5,730,706,1436
2019-11-28T11:00:00+09:00,J1,1183,1218,2401
2019-11-28T11:00:00+09:00,J2,636,618,1254
2019-11-28T11:00:00+09:00,J3,968,896,1864
2019-11-28T11:00:00+09:00,J4,662,731,1393
2019-11-28T11:00:00+09:00,J5,716,650,1366
2019-11-28T11:15:00+09:00,J1,1191,1264,2455
2019-11-28T11:15:00+09:00,J2,746,645,1391
2019-11-28T11:15:00+09:00,J3,1143,982,2125
2019-11-28T11:15:00+09:00,J4,624,749,1373
2019-11-28T11:15:00+09:00,J5,576,556,1132
2019-11-28T11:30:00+09:00,J1,1182,1264,2446
2019-11-28T11:30:00+09:00,J2,783,730,1513
2019-11-28T11:30:00+09:00,J3,1194,1027,2221
2019-11-28T11:30:00+09:00,J4,707,702,1409
2019-11-28T11:30:00+09:00,J5,497,487,984
2019-11-28T11:45:00+09:00,J1,1147,1295,2442
2019-11-28T11:45:00+09:00,J2,758,731,1489
2019-11-28T11:45:00+09:00,J3,1250,1125,2375
2019-11-28T11:45:00+09:00,J4,705,705,1410
2019-11-28T11:45:00+09:00,J5,498,515,1013
2019-11-28T12:00:00+09:00,J1,1122,1269,2391
2019-11-28T12:00:00+09:00,J2,806,735,1541
2019-11-28T12:00:00+09:00,J3,1303,1166,2469
2019-11-28T12:00:00+09:00,J4,720,708,1428
2019-11-28T12:00:00+09:00,J5,554,589,1143
2019-11-28T12:15:00+09:00,J1,1059,1229,2288
2019-11-28T12:15:00+09:00,J2,786,697,1483
2019-11-28T12:15:00+09:00,J3,1411,1177,2588
2019-11-28T12:15:00+09:00,J4,748,731,1479
2019-11-28T12:15:00+09:00,J5,548,502,1050
2019-11-28T12:30:00+09:00,J1,1045,1224,2269
2019-11-28T12:30:00+09:00,J2,780,792,1572
2019-11-28T12:30:00+09:00,J3,1343,1266,2609
2019-11-28T12:30:00+09:00,J4,659,791,1450
2019-11-28T12:30:00+09:00,J5,586,588,1174
2019-11-28T12:45:00+09:00,J1,1094,1215,2309
2019-11-28T12:45:00+09:00,J2,698,661,1359
2019-11-28T12:45:00+09:00,J3,1347,1308,2655
2019-11-28T12:45:00+09:00,J4,623,727,1350
2019-11-28T12:45:00+09:00,J5,618,581,1199
2019-11-28T13:00:00+09:00,J1,1102,1247,2349
2019-11-28T13:00:00+09:00,J2,633,607,1240
2019-11-28T13:00:00+09:00,J3,1421,1254,2675
2019-11-28T13:00:00+09:00,J4,704,717,1421
2019-11-28T13:00:00+09:00,J5,605,526,1131
2019-11-28T13:15:00+09:00,J1,1114,1225,2339
2019-11-28T13:15:00+09:00,J2,623,706,1329
2019-11-28T13:15:00+09:00,J3,1408,1292,2700
2019-11-28T13:15:00+09:00,J4,740,680,1420
2019-11-28T13:15:00+09:00,J5,465,500,965
2019-11-28T13:30:00+09:00,J1,1056,1166,2222
2019-11-28T13:30:00+09:00,J2,638,674,1312
2019-11-28T13:30:00+09:00,J3,1372,1229,2601
2019-11-28T13:30:00+09:00,J4,816,756,1572
2019-11-28T13:30:00+09:00,J5,521,503,1024
2019-11-28T13:45:00+09:00,J1,1031,1147,2178
2019-11-28T13:45:00+09:00,J2,589,678,1267
2019-11-28T13:45:00+09:00,J3,1296,1214,2510
2019-11-28T13:45:00+09:00,J4,813,794,1607
2019-11-28T13:45:00+09:00,J5,466,525,991
2019-11-28T14:00:00+09:00,J1,1094,1220,2314
2019-11-28T14:00:00+09:00,J2,582,691,1273
2019-11-28T14:00:00+09:00,J3,1361,1258,2619
2019-11-28T14:00:00+09:00,J4,914,770,1684
2019-11-28T14:00:00+09:00,J5,467,469,936
2019-11-28T14:15:00+09:00,J1,1100,1203,2303
2019-11-28T14:15:00+09:00,J2,623,752,1375
2019-11-28T14:15:00+09:00,J3,1334,1238,2572
2019-11-28T14:15:00+09:00,J4,836,736,1572
2019-11-28T14:15:00+09:00,J5,489,510,999
2019-11-28T14:30:00+09:00,J1,1054,1229,2283
2019-11-28T14:30:00+09:00,J2,598,666,1264
2019-11-28T14:30:00+09:00,J3,1461,1273,2734
2019-11-28T14:30:00+09:00,J4,840,766,1606
2019-11-28T14:30:00+09:00,J5,541,537,1078
2019-11-28T14:45:00+09:00,J1,1094,1235,2329
2019-11-28T14:45:00+09:00,J2,532,693,1225
2019-11-28T14:45:00+09:00,J3,1306,1200,2506
2019-11-28T14:45:00+09:00,J4,813,768,1581
2019-11-28T14:45:00+09:00,J5,526,510,1036
2019-11-28T15:00:00+09:00,J1,1074,1297,2371
2019-11-28T15:00:00+09:00,J2,561,654,1215
2019-11-28T15:00:00+09:00,J3,1369,1242,2611
2019-11-28T15:00:00+09:00,J4,761,739,1500
2019-11-28T15:00:00+09:00,J5,493,539,1032
2019-11-28T15:15:00+09:00,J1,1095,1210,2305
2019-11-28T15:15:00+09:00,J2,596,744,1340
2019-11-28T15:15:00+09:00,J3,1401,1270,2671
2019-11-28T15:15:00+09:00,J4,870,795,1665
2019-11-28T15:15:00+09:00,J5,545,530,1075
2019-11-28T15:30:00+09:00,J1,1087,1222,2309
2019-11-28T15:30:00+09:00,J2,658,712,1370
2019-11-28T15:30:00+09:00,J3,1266,1162,2428
2019-11-28T15:30:00+09:00,J4,886,760,1646
2019-11-28T15:30:00+09:00,J5,521,511,1032
2019-11-28T15:45:00+09:00,J1,1102,1244,2346
2019-11-28T15:45:00+09:00,J2,661,741,1402
2019-11-28T15:45:00+09:00,J3,1240,1250,2490
2019-11-28T15:45:00+09:00,J4,798,745,1543
2019-11-28T15:45:00+09:00,J5,573,467,1040
2019-11-28T16:00:00+09:00,J1,1069,1269,2338
2019-11-28T16:00:00+09:00,J2,590,692,1282
2019-11-28T16:00:00+09:00,J3,1207,1287,2494
2019-11-28T16:00:00+09:00,J4,759,789,1548
2019-11-28T16:00:00+09:00,J5,507,457,964
2019-11-28T16:15:00+09:00,J1,1096,1236,2332
2019-11-28T16:15:00+09:00,J2,596,752,1348
2019-11-28T16:15:00+09:00,J3,1283,1217,2500
2019-11-28T16:15:00+09:00,J4,853,805,1658
2019-11-28T16:15:00+09:00,J5,531,503,1034
2019-11-28T16:30:00+09:00,J1,1074,1199,2273
2019-11-28T16:30:00+09:00,J2,606,749,1355
2019-11-28T16:30:00+09:00,J3,1415,1246,2661
2019-11-28T16:30:00+09:00,J4,749,732,1481
2019-11-28T16:30:00+09:00,J5,621,521,1142
2019-11-28T16:45:00+09:00,J1,1105,1260,2365
2019-11-28T16:45:00+09:00,J2,694,712,1406
2019-11-28T16:45:00+09:00,J3,1451,1231,2682
2019-11-28T16:45:00+09:00,J4,758,786,1544
2019-11-28T16:45:00+09:00,J5,655,580,1235
2019-11-28T17:00:00+09:00,J1,1113,1254,2367
2019-11-28T17:00:00+09:00,J2,764,800,1564
2019-11-28T17:00:00+09:00,J3,1613,1290,2903
2019-11-28T17:00:00+09:00,J4,848,829,1677
2019-11-28T17:00:00+09:00,J5,575,543,1118
2019-11-28T17:15:00+09:00,J1,1116,1237,2353
2019-11-28T17:15:00+09:00,J2,810,907,1717
2019-11-28T17:15:00+09:00,J3,1522,1394,2916
2019-11-28T17:15:00+09:00,J4,947,890,1837
2019-11-28T17:15:00+09:00,J5,502,576,1078
2019-11-28T17:30:00+09:00,J1,1082,1280,2362
2019-11-28T17:30:00+09:00,J2,837,917,1754
2019-11-28T17:30:00+09:00,J3,1534,1459,2993
2019-11-28T17:30:00+09:00,J4,1011,901,1912
2019-11-28T17:30:00+09:00,J5,540,616,1156
2019-11-28T17:45:00+09:00,J1,1157,1190,2347
2019-11-28T17:45:00+09:00,J2,757,902,1659
2019-11-28T17:45:00+09:00,J3,1633,1399,3032
2019-11-28T17:45:00+09:00,J4,1129,988,2117
2019-11-28T17:45:00+09:00,J5,648,673,1321
2019-11-28T18:00:00+09:00,J1,1184,1186,2370
2019-11-28T18:00:00+09:00,J2,945,910,1855
2019-11-28T18:00:00+09:00,J3,1529,1370,2899
2019-11-28T18:00:00+09:00,J4,1049,779,1828
2019-11-28T18:00:00+09:00,J5,706,701,1407
2019-11-28T18:15:00+09:00,J1,1166,1241,2407
2019-11-28T18:15:00+09:00,J2,927,912,1839
2019-11-28T18:15:00+09:00,J3,1606,1362,2968
2019-11-28T18:15:00+09:00,J4,990,743,1733
2019-11-28T18:15:00+09:00,J5,651,756,1407
2019-11-28T18:30:00+09:00,J1,1200,1246,2446
2019-11-28T18:30:00+09:00,J2,847,893,1740
2019-11-28T18:30:00+09:00,J3,1334,1278,2612
2019-11-28T18:30:00+09:00,J4,944,837,1781
2019-11-28T18:30:00+09:00,J5,661,716,1377
2019-11-28T18:45:00+09:00,J1,1218,1225,2443
2019-11-28T18:45:00+09:00,J2,865,816,1681
2019-11-28T18:45:00+09:00,J3,1252,1129,2381
2019-11-28T18:45:00+09:00,J4,908,855,1763
2019-11-28T18:45:00+09:00,J5,656,701,1357
2019-11-28T19:00:00+09:00,J1,1066,1174,2240
2019-11-28T19:00:00+09:00,J2,846,740,1586
2019-11-28T19:00:00+09:00,J3,1207,1070,2277
2019-11-28T19:00:00+09:00,J4,928,853,1781
2019-11-28T19:00:00+09:00,J5,707,716,1423
2019-11-28T19:15:00+09:00,J1,1087,1136,2223
2019-11-28T19:15:00+09:00,J2,822,747,1569
2019-11-28T19:15:00+09:00,J3,1122,999,2121
2019-11-28T19:15:00+09:00,J4,1006,846,1852
2019-11-28T19:15:00+09:00,J5,766,689,1455
2019-11-28T19:30:00+09:00,J1,1043,1221,2264
2019-11-28T19:30:00+09:00,J2,747,645,1392
2019-11-28T19:30:00+09:00,J3,1152,1066,2218
2019-11-28T19:30:00+09:00,J4,801,836,1637
2019-11-28T19:30:00+09:00,J5,723,685,1408
2019-11-28T19:45:00+09:00,J1,1099,1118,2217
2019-11-28T19:45:00+09:00,J2,680,651,1331
2019-11-28T19:45:00+09:00,J3,1230,991,2221
2019-11-28T19:45:00+09:00,J4,842,734,1576
2019-11-28T19:45:00+09:00,J5,713,690,1403
2019-11-28T20:00:00+09:00,J1,1053,1177,2230
2019-11-28T20:00:00+09:00,J2,668,683,1351
2019-11-28T20:00:00+09:00,J3,1168,1026,2194
2019-11-28T20:00:00+09:00,J4,748,795,1543
2019-11-28T20:00:00+09:00,J5,742,701,1443
2019-11-28T20:15:00+09:00,J1,1081,1197,2278
2019-11-28T20:15:00+09:00,J2,692,702,1394
2019-11-28T20:15:00+09:00,J3,1131,1111,2242
2019-11-28T20:15:00+09:00,J4,809,792,1601
2019-11-28T20:15:00+09:00,J5,722,739,1461
2019-11-28T20:30:00+09:00,J1,1064,1154,2218
2019-11-28T20:30:00+09:00,J2,718,701,1419
2019-11-28T20:30:00+09:00,J3,1192,1047,2239
2019-11-28T20:30:00+09:00,J4,891,824,1715
2019-11-28T20:30:00+09:00,J5,625,655,1280
2019-11-28T20:45:00+09:00,J1,1055,1179,2234
2019-11-28T20:45:00+09:00,J2,698,696,1394
2019-11-28T20:45:00+09:00,J3,1175,973,2148
2019-11-28T20:45:00+09:00,J4,952,923,1875
2019-11-28T20:45:00+09:00,J5,610,647,1257
2019-11-28T21:00:00+09:00,J1,1013,1125,2138
2019-11-28T21:00:00+09:00,J2,640,647,1287
2019-11-28T21:00:00+09:00,J3,1199,1060,2259
2019-11-28T21:00:00+09:00,J4,766,816,1582
2019-11-28T21:00:00+09:00,J5,661,693,1354
2019-11-28T21:15:00+09:00,J1,975,1144,2119
2019-11-28T21:15:00+09:00,J2,580,625,1205
2019-11-28T21:15:00+09:00,J3,1178,1043,2221
2019-11-28T21:15:00+09:00,J4,680,685,1365
2019-11-28T21:15:00+09:00,J5,575,639,1214
2019-11-28T21:30:00+09:00,J1,928,1106,2034
2019-11-28T21:30:00+09:00,J2,572,550,1122
2019-11-28T21:30:00+09:00,J3,1053,1071,2124
2019-11-28T21:30:00+09:00,J4,602,716,1318
2019-11-28T21:30:00+09:00,J5,620,599,1219
2019-11-28T21:45:00+09:00,J1,936,1091,2027
2019-11-28T21:45:00+09:00,J2,541,525,1066
2019-11-28T21:45:00+09:00,J3,1069,1055,2124
2019-11-28T21:45:00+09:00,J4,586,602,1188
2019-11-28T21:45:00+09:00,J5,594,629,1223
2019-11-28T22:00:00+09:00,J1,906,1096,2002
2019-11-28T22:00:00+09:00,J2,530,510,1040
2019-11-28T22:00:00+09:00,J3,1055,1028,2083
2019-11-28T22:00:00+09:00,J4,584,595,1179
2019-11-28T22:00:00+09:00,J5,583,579,1162
2019-11-28T22:15:00+09:00,J1,951,1053,2004
2019-11-28T22:15:00+09:00,J2,464,506,970
2019-11-28T22:15:00+09:00,J3,989,984,1973
2019-11-28T22:15:00+09:00,J4,657,656,1313
2019-11-28T22:15:00+09:00,J5,607,622,1229
2019-11-28T22:30:00+09:00,J1,916,1071,1987
2019-11-28T22:30:00+09:00,J2,590,594,1184
2019-11-28T22:30:00+09:00,J3,1040,1046,2086
2019-11-28T22:30:00+09:00,J4,552,615,1167
2019-11-28T22:30:00+09:00,J5,583,544,1127
2019-11-28T22:45:00+09:00,J1,898,1048,1946
2019-11-28T22:45:00+09:00,J2,679,647,1326
2019-11-28T22:45:00+09:00,J3,1075,978,2053
2019-11-28T22:45:00+09:00,J4,640,634,1274
2019-11-28T22:45:00+09:00,J5,543,564,1107
2019-11-28T23:00:00+09:00,J1,890,992,1882
2019-11-28T23:00:00+09:00,J2,560,619,1179
2019-11-28T23:00:00+09:00,J3,1038,1006,2044
2019-11-28T23:00:00+09:00,J4,548,627,1175
2019-11-28T23:00:00+09:00,J5,653,588,1241
2019-11-28T23:15:00+09:00,J1,885,1017,1902
2019-11-28T23:15:00+09:00,J2,640,617,1257
2019-11-28T23:15:00+09:00,J3,918,921,1839
2019-11-28T23:15:00+09:00,J4,540,590,1130
2019-11-28T23:15:00+09:00,J5,547,596,1143
2019-11-28T23:30:00+09:00,J1,847,958,1805
2019-11-28T23:30:00+09:00,J2,572,681,1253
2019-11-28T23:30:00+09:00,J3,945,873,1818
2019-11-28T23:30:00+09:00,J4,516,542,1058
2019-11-28T23:30:00+09:00,J5,653,659,1312
2019-11-28T23:45:00+09:00,J1,858,970,1828
2019-11-28T23:45:00+09:00,J2,547,570,1117
2019-11-28T23:45:00+09:00,J3,900,869,1769
2019-11-28T23:45:00+09:00,J4,440,427,867
2019-11-28T23:45:00+09:00,J5,620,636,1256
2019-11-29T00:00:00+09:00,J1,708,741,1449
2019-11-29T00:00:00+09:00,J2,574,567,1141
2019-11-29T00:00:00+09:00,J3,844,839,1683
2019-11-29T00:00:00+09:00,J4,569,467,1036
2019-11-29T00:00:00+09:00,J5,655,644,1299
2019-11-29T00:15:00+09:00,J1,519,509,1028
2019-11-29T00:15:00+09:00,J2,504,497,1001
2019-11-29T00:15:00+09:00,J3,734,617,1351
2019-11-29T00:15:00+09:00,J4,323,311,634
2019-11-29T00:15:00+09:00,J5,665,753,1418
2019-11-29T00:30:00+09:00,J1,373,409,782
2019-11-29T00:30:00+09:00,J2,468,531,999
2019-11-29T00:30:00+09:00,J3,493,471,964
2019-11-29T00:30:00+09:00,J4,450,444,894
2019-11-29T00:30:00+09:00,J5,720,862,1582
2019-11-29T00:45:00+09:00,J1,453,411,864
2019-11-29T00:45:00+09:00,J2,475,521,996
2019-11-29T00:45:00+09:00,J3,536,504,1040
2019-11-29T00:45:00+09:00,J4,438,495,933
2019-11-29T00:45:00+09:00,J5,719,750,1469
2019-11-29T05:45:00+09:00,J1,666,654,1320
2019-11-29T05:45:00+09:00,J2,408,337,745
2019-11-29T05:45:00+09:00,J3,863,758,1621
2019-11-29T05:45:00+09:00,J4,404,431,835
2019-11-29T05:45:00+09:00,J5,469,517,986
2019-11-29T06:00:00+09:00,J1,591,636,1227
2019-11-29T06:00:00+09:00,J2,353,305,658
2019-11-29T06:00:00+09:00,J3,892,760,1652
2019-11-29T06:00:00+09:00,J4,389,407,796
2019-11-29T06:00:00+09:00,J5,545,623,1168
2019-11-29T06:15:00+09:00,J1,690,810,1500
2019-11-29T06:15:00+09:00,J2,284,242,526
2019-11-29T06:15:00+09:00,J3,888,773,1661
2019-11-29T06:15:00+09:00,J4,419,433,852
2019-11-29T06:15:00+09:00,J5,642,567,1209
2019-11-29T06:30:00+09:00,J1,730,798,1528
2019-11-29T06:30:00+09:00,J2,269,252,521
2019-11-29T06:30:00+09:00,J3,954,778,1732
2019-11-29T06:30:00+09:00,J4,383,448,831
2019-11-29T06:30:00+09:00,J5,646,640,1286
2019-11-29T06:45:00+09:00,J1,818,837,1655
2019-11-29T06:45:00+09:00,J2,342,340,682
2019-11-29T06:45:00+09:00,J3,820,829,1649
2019-11-29T06:45:00+09:00,J4,437,552,989
2019-11-29T06:45:00+09:00,J5,591,533,1124
2019-11-29T07:00:00+09:00,J1,867,867,1734
2019-11-29T07:00:00+09:00,J2,470,436,906
2019-11-29T07:00:00+09:00,J3,902,885,1787
2019-11-29T07:00:00+09:00,J4,445,566,1011
2019-11-29T07:00:00+09:00,J5,617,585,1202
2019-11-29T07:15:00+09:00,J1,1038,984,2022
2019-11-29T07:15:00+09:00,J2,525,420,945
2019-11-29T07:15:00+09:00,J3,872,898,1770
2019-11-29T07:15:00+09:00,J4,519,640,1159
2019-11-29T07:15:00+09:00,J5,631,651,1282
2019-11-29T07:30:00+09:00,J1,999,1000,1999
2019-11-29T07:30:00+09:00,J2,518,418,936
2019-11-29T07:30:00+09:00,J3,1121,1056,2177
2019-11-29T07:30:00+09:00,J4,621,834,1455
2019-11-29T07:30:00+09:00,J5,654,682,1336
2019-11-29T07:45:00+09:00,J1,978,1019,1997
2019-11-29T07:45:00+09:00,J2,532,451,983
2019-11-29T07:45:00+09:00,J3,1179,1216,2395
2019-11-29T07:45:00+09:00,J4,636,896,1532
2019-11-29T07:45:00+09:00,J5,553,485,1038
2019-11-29T08:00:00+09:00,J1,1187,1232,2419
2019-11-29T08:00:00+09:00,J2,508,363,871
2019-11-29T08:00:00+09:00,J3,1203,1207,2410
2019-11-29T08:00:00+09:00,J4,631,1008,1639
2019-11-29T08:00:00+09:00,J5,643,552,1195
2019-11-29T08:15:00+09:00,J1,1280,1120,2400
2019-11-29T08:15:00+09:00,J2,712,601,1313
2019-11-29T08:15:00+09:00,J3,1234,1336,2570
2019-11-29T08:15:00+09:00,J4,646,1125,1771
2019-11-29T08:15:00+09:00,J5,688,674,1362
2019-11-29T08:30:00+09:00,J1,1269,1199,2468
2019-11-29T08:30:00+09:00,J2,706,517,1223
2019-11-29T08:30:00+09:00,J3,1033,1224,2257
2019-11-29T08:30:00+09:00,J4,642,1152,1794
2019-11-29T08:30:00+09:00,J5,666,639,1305
2019-11-29T08:45:00+09:00,J1,1220,1146,2366
2019-11-29T08:45:00+09:00,J2,574,432,1006
2019-11-29T08:45:00+09:00,J3,1115,1181,2296
2019-11-29T08:45:00+09:00,J4,667,1013,1680
2019-11-29T08:45:00+09:00,J5,569,629,1198
2019-11-29T09:00:00+09:00,J1,1169,1203,2372
2019-11-29T09:00:00+09:00,J2,517,464,981
2019-11-29T09:00:00+09:00,J3,1123,1009,2132
2019-11-29T09:00:00+09:00,J4,556,806,1362
2019-11-29T09:00:00+09:00,J5,606,666,1272
2019-11-29T09:15:00+09:00,J1,1167,1024,2191
2019-11-29T09:15:00+09:00,J2,566,487,1053
2019-11-29T09:15:00+09:00,J3,1019,979,1998
2019-11-29T09:15:00+09:00,J4,588,782,1370
2019-11-29T09:15:00+09:00,J5,666,750,1416
2019-11-29T09:30:00+09:00,J1,1176,1124,2300
2019-11-29T09:30:00+09:00,J2,636,478,1114
2019-11-29T09:30:00+09:00,J3,870,944,1814
2019-11-29T09:30:00+09:00,J4,653,770,1423
2019-11-29T09:30:00+09:00,J5,781,788,1569
2019-11-29T09:45:00+09:00,J1,1090,1108,2198
2019-11-29T09:45:00+09:00,J2,554,495,1049
2019-11-29T09:45:00+09:00,J3,1038,972,2010
2019-11-29T09:45:00+09:00,J4,565,682,1247
2019-11-29T09:45:00+09:00,J5,597,631,1228
2019-11-29T10:00:00+09:00,J1,1219,1182,2401
2019-11-29T10:00:00+09:00,J2,532,471,1003
2019-11-29T10:00:00+09:00,J3,881,960,1841
2019-11-29T10:00:00+09:00,J4,638,712,1350
2019-11-29T10:00:00+09:00,J5,605,631,1236
2019-11-29T10:15:00+09:00,J1,1216,1245,2461
2019-11-29T10:15:00+09:00,J2,504,468,972
2019-11-29T10:15:00+09:00,J3,919,838,1757
2019-11-29T10:15:00+09:00,J4,596,824,1420
2019-11-29T10:15:00+09:00,J5,596,686,1282
2019-11-29T10:30:00+09:00,J1,1185,1243,2428
2019-11-29T10:30:00+09:00,J2,537,451,988
2019-11-29T10:30:00+09:00,J3,1040,974,2014
2019-11-29T10:30:00+09:00,J4,602,745,1347
2019-11-29T10:30:00+09:00,J5,696,691,1387
2019-11-29T10:45:00+09:00,J1,1204,1235,2439
2019-11-29T10:45:00+09:00,J2,634,458,1092
2019-11-29T10:45:00+09:00,J3,992,902,1894
2019-11-29T10:45:00+09:00,J4,662,711,1373
2019-11-29T10:45:00+09:00,J5,665,667,1332
2019-11-29T11:00:00+09:00,J1,1208,1176,2384
2019-11-29T11:00:00+09:00,J2,619,515,1134
2019-11-29T11:00:00+09:00,J3,950,940,1890
2019-11-29T11:00:00+09:00,J4,638,712,1350
2019-11-29T11:00:00+09:00,J5,621,755,1376
2019-11-29T11:15:00+09:00,J1,1106,1180,2286
2019-11-29T11:15:00+09:00,J2,664,576,1240
2019-11-29T11:15:00+09:00,J3,1052,1027,2079
2019-11-29T11:15:00+09:00,J4,626,742,1368
2019-11-29T11:15:00+09:00,J5,509,495,1004
2019-11-29T11:30:00+09:00,J1,1129,1238,2367
2019-11-29T11:30:00+09:00,J2,608,482,1090
2019-11-29T11:30:00+09:00,J3,1094,1005,2099
2019-11-29T11:30:00+09:00,J4,639,792,1431
2019-11-29T11:30:00+09:00,J5,466,419,885
2019-11-29T11:45:00+09:00,J1,1193,1259,2452
2019-11-29T11:45:00+09:00,J2,650,499,1149
2019-11-29T11:45:00+09:00,J3,1082,954,2036
2019-11-29T11:45:00+09:00,J4,614,771,1385
2019-11-29T11:45:00+09:00,J5,394,353,747
2019-11-29T12:00:00+09:00,J1,1136,1281,2417
2019-11-29T12:00:00+09:00,J2,630,485,1115
2019-11-29T12:00:00+09:00,J3,1102,1053,2155
2019-11-29T12:00:00+09:00,J4,694,743,1437
2019-11-29T12:00:00+09:00,J5,455,472,927
2019-11-29T12:15:00+09:00,J1,1075,1253,2328
2019-11-29T12:15:00+09:00,J2,674,538,1212
2019-11-29T12:15:00+09:00,J3,1198,1131,2329
2019-11-29T12:15:00+09:00,J4,657,694,1351
2019-11-29T12:15:00+09:00,J5,502,459,961
2019-11-29T12:30:00+09:00,J1,1083,1218,2301
2019-11-29T12:30:00+09:00,J2,727,561,1288
2019-11-29T12:30:00+09:00,J3,1134,1063,2197
2019-11-29T12:30:00+09:00,J4,704,700,1404
2019-11-29T12:30:00+09:00,J5,618,568,1186
2019-11-29T12:45:00+09:00,J1,1069,1260,2329
2019-11-29T12:45:00+09:00,J2,690,620,1310
2019-11-29T12:45:00+09:00,J3,1268,987,2255
2019-11-29T12:45:00+09:00,J4,686,794,1480
2019-11-29T12:45:00+09:00,J5,719,627,1346
2019-11-29T13:00:00+09:00,J1,1051,1259,2310
2019-11-29T13:00:00+09:00,J2,689,571,1260
2019-11-29T13:00:00+09:00,J3,1154,1092,2246
2019-11-29T13:00:00+09:00,J4,748,752,1500
2019-11-29T13:00:00+09:00,J5,768,766,1534
2019-11-29T13:15:00+09:00,J1,1097,1194,2291
2019-11-29T13:15:00+09:00,J2,716,564,1280
2019-11-29T13:15:00+09:00,J3,1179,1005,2184
2019-11-29T13:15:00+09:00,J4,741,716,1457
2019-11-29T13:15:00+09:00,J5,716,724,1440
2019-11-29T13:30:00+09:00,J1,1060,1173,2233
2019-11-29T13:30:00+09:00,J2,692,563,1255
2019-11-29T13:30:00+09:00,J3,1137,971,2108
2019-11-29T13:30:00+09:00,J4,744,784,1528
2019-11-29T13:30:00+09:00,J5,762,659,1421
2019-11-29T13:45:00+09:00,J1,1066,1254,2320
2019-11-29T13:45:00+09:00,J2,623,585,1208
2019-11-29T13:45:00+09:00,J3,1072,1019,2091
2019-11-29T13:45:00+09:00,J4,753,767,1520
2019-11-29T13:45:00+09:00,J5,782,681,1463
2019-11-29T14:00:00+09:00,J1,1076,1242,2318
2019-11-29T14:00:00+09:00,J2,614,511,1125
2019-11-29T14:00:00+09:00,J3,1186,1005,2191
2019-11-29T14:00:00+09:00,J4,669,725,1394
2019-11-29T14:00:00+09:00,J5,678,670,1348
2019-11-29T14:15:00+09:00,J1,1047,1166,2213
2019-11-29T14:15:00+09:00,J2,602,465,1067
2019-11-29T14:15:00+09:00,J3,1168,932,2100
2019-11-29T14:15:00+09:00,J4,732,799,1531
2019-11-29T14:15:00+09:00,J5,699,737,1436
2019-11-29T14:30:00+09:00,J1,1085,1170,2255
2019-11-29T14:30:00+09:00,J2,572,437,1009
2019-11-29T14:30:00+09:00,J3,1117,935,2052
2019-11-29T14:30:00+09:00,J4,817,740,1557
2019-11-29T14:30:00+09:00,J5,772,720,1492
2019-11-29T14:45:00+09:00,J1,1030,1183,2213
2019-11-29T14:45:00+09:00,J2,614,463,1077
2019-11-29T14:45:00+09:00,J3,1083,979,2062
2019-11-29T14:45:00+09:00,J4,787,727,1514
2019-11-29T14:45:00+09:00,J5,729,655,1384
2019-11-29T15:00:00+09:00,J1,1058,1213,2271
2019-11-29T15:00:00+09:00,J2,619,442,1061
2019-11-29T15:00:00+09:00,J3,1218,969,2187
2019-11-29T15:00:00+09:00,J4,841,754,1595
2019-11-29T15:00:00+09:00,J5,707,721,1428
2019-11-29T15:15:00+09:00,J1,1056,1205,2261
2019-11-29T15:15:00+09:00,J2,598,492,1090
2019-11-29T15:15:00+09:00,J3,1183,917,2100
2019-11-29T15:15:00+09:00,J4,877,863,1740
2019-11-29T15:15:00+09:00,J5,697,716,1413
2019-11-29T15:30:00+09:00,J1,1122,1201,2323
2019-11-29T15:30:00+09:00,J2,689,587,1276
2019-11-29T15:30:00+09:00,J3,1141,897,2038
2019-11-29T15:30:00+09:00,J4,787,730,1517
2019-11-29T15:30:00+09:00,J5,663,655,1318
2019-11-29T15:45:00+09:00,J1,1036,1227,2263
2019-11-29T15:45:00+09:00,J2,810,772,1582
2019-11-29T15:45:00+09:00,J3,1103,922,2025
2019-11-29T15:45:00+09:00,J4,985,862,1847
2019-11-29T15:45:00+09:00,J5,618,538,1156
2019-11-29T16:00:00+09:00,J1,1102,1142,2244
2019-11-29T16:00:00+09:00,J2,852,689,1541
2019-11-29T16:00:00+09:00,J3,1151,975,2126
2019-11-29T16:00:00+09:00,J4,873,867,1740
2019-11-29T16:00:00+09:00,J5,580,500,1080
2019-11-29T16:15:00+09:00,J1,1116,1207,2323
2019-11-29T16:15:00+09:00,J2,795,733,1528
2019-11-29T16:15:00+09:00,J3,1101,950,2051
2019-11-29T16:15:00+09:00,J4,950,854,1804
2019-11-29T16:15:00+09:00,J5,635,519,1154
2019-11-29T16:30:00+09:00,J1,1062,1198,2260
2019-11-29T16:30:00+09:00,J2,976,709,1685
2019-11-29T16:30:00+09:00,J3,1282,1018,2300
2019-11-29T16:30:00+09:00,J4,934,801,1735
2019-11-29T16:30:00+09:00,J5,738,673,1411
2019-11-29T16:45:00+09:00,J1,1088,1207,2295
2019-11-29T16:45:00+09:00,J2,846,714,1560
2019-11-29T16:45:00+09:00,J3,1326,1213,2539
2019-11-29T16:45:00+09:00,J4,816,760,1576
2019-11-29T16:45:00+09:00,J5,669,706,1375
2019-11-29T17:00:00+09:00,J1,1111,1226,2337
2019-11-29T17:00:00+09:00,J2,857,873,1730
2019-11-29T17:00:00+09:00,J3,1338,1211,2549
2019-11-29T17:00:00+09:00,J4,860,769,1629
2019-11-29T17:00:00+09:00,J5,700,626,1326
2019-11-29T17:15:00+09:00,J1,1142,1239,2381
2019-11-29T17:15:00+09:00,J2,907,871,1778
2019-11-29T17:15:00+09:00,J3,1405,1176,2581
2019-11-29T17:15:00+09:00,J4,999,827,1826
2019-11-29T17:15:00+09:00,J5,607,627,1234
2019-11-29T17:30:00+09:00,J1,1145,1281,2426
2019-11-29T17:30:00+09:00,J2,1026,926,1952
2019-11-29T17:30:00+09:00,J3,1524,1351,2875
2019-11-29T17:30:00+09:00,J4,1006,828,1834
2019-11-29T17:30:00+09:00,J5,713,669,1382
2019-11-29T17:45:00+09:00,J1,1213,1248,2461
2019-11-29T17:45:00+09:00,J2,1104,944,2048
2019-11-29T17:45:00+09:00,J3,1511,1248,2759
2019-11-29T17:45:00+09:00,J4,1038,844,1882
2019-11-29T17:45:00+09:00,J5,662,704,1366
2019-11-29T18:00:00+09:00,J1,1172,1283,2455
2019-11-29T18:00:00+09:00,J2,1081,962,2043
2019-11-29T18:00:00+09:00,J3,1526,1299,2825
2019-11-29T18:00:00+09:00,J4,1012,790,1802
2019-11-29T18:00:00+09:00,J5,741,644,1385
2019-11-29T18:15:00+09:00,J1,1145,1273,2418
2019-11-29T18:15:00+09:00,J2,1183,966,2149
2019-11-29T18:15:00+09:00,J3,1480,1183,2663
2019-11-29T18:15:00+09:00,J4,1009,782,1791
2019-11-29T18:15:00+09:00,J5,698,707,1405
2019-11-29T18:30:00+09:00,J1,1145,1218,2363
2019-11-29T18:30:00+09:00,J2,1116,826,1942
2019-11-29T18:30:00+09:00,J3,1327,1103,2430
2019-11-29T18:30:00+09:00,J4,1050,750,1800
2019-11-29T18:30:00+09:00,J5,698,654,1352
2019-11-29T18:45:00+09:00,J1,1193,1262,2455
2019-11-29T18:45:00+09:00,J2,1084,806,1890
2019-11-29T18:45:00+09:00,J3,1202,1039,2241
2019-11-29T18:45:00+09:00,J4,972,875,1847
2019-11-29T18:45:00+09:00,J5,695,674,1369
2019-11-29T19:00:00+09:00,J1,1079,1188,2267
2019-11-29T19:00:00+09:00,J2,909,728,1637
2019-11-29T19:00:00+09:00,J3,1129,942,2071
2019-11-29T19:00:00+09:00,J4,857,802,1659
2019-11-29T19:00:00+09:00,J5,642,676,1318
2019-11-29T19:15:00+09:00,J1,1079,1198,2277
2019-11-29T19:15:00+09:00,J2,874,776,1650
2019-11-29T19:15:00+09:00,J3,1219,1101,2320
2019-11-29T19:15:00+09:00,J4,845,901,1746
2019-11-29T19:15:00+09:00,J5,687,712,1399
2019-11-29T19:30:00+09:00,J1,1098,1241,2339
2019-11-29T19:30:00+09:00,J2,825,706,1531
2019-11-29T19:30:00+09:00,J3,1358,1197,2555
2019-11-29T19:30:00+09:00,J4,843,991,1834
2019-11-29T19:30:00+09:00,J5,687,655,1342
2019-11-29T19:45:00+09:00,J1,1044,1152,2196
2019-11-29T19:45:00+09:00,J2,770,662,1432
2019-11-29T19:45:00+09:00,J3,1325,1099,2424
2019-11-29T19:45:00+09:00,J4,870,841,1711
2019-11-29T19:45:00+09:00,J5,652,678,1330
2019-11-29T20:00:00+09:00,J1,1043,1166,2209
2019-11-29T20:00:00+09:00,J2,708,592,1300
2019-11-29T20:00:00+09:00,J3,1166,1015,2181
2019-11-29T20:00:00+09:00,J4,844,884,1728
2019-11-29T20:00:00+09:00,J5,685,684,1369
2019-11-29T20:15:00+09:00,J1,1086,1233,2319
2019-11-29T20:15:00+09:00,J2,737,592,1329
2019-11-29T20:15:00+09:00,J3,1075,967,2042
2019-11-29T20:15:00+09:00,J4,886,851,1737
2019-11-29T20:15:00+09:00,J5,721,623,1344
2019-11-29T20:30:00+09:00,J1,1075,1196,2271
2019-11-29T20:30:00+09:00,J2,772,732,1504
2019-11-29T20:30:00+09:00,J3,1104,840,1944
2019-11-29T20:30:00+09:00,J4,859,775,1634
2019-11-29T20:30:00+09:00,J5,657,640,1297
2019-11-29T20:45:00+09:00,J1,1056,1198,2254
2019-11-29T20:45:00+09:00,J2,734,549,1283
2019-11-29T20:45:00+09:00,J3,1027,855,1882
2019-11-29T20:45:00+09:00,J4,884,850,1734
2019-11-29T20:45:00+09:00,J5,698,682,1380
2019-11-29T21:00:00+09:00,J1,1004,1108,2112
2019-11-29T21:00:00+09:00,J2,726,674,1400
2019-11-29T21:00:00+09:00,J3,1218,1080,2298
2019-11-29T21:00:00+09:00,J4,755,728,1483
2019-11-29T21:00:00+09:00,J5,668,634,1302
2019-11-29T21:15:00+09:00,J1,979,1161,2140
2019-11-29T21:15:00+09:00,J2,698,680,1378
2019-11-29T21:15:00+09:00,J3,1248,1116,2364
2019-11-29T21:15:00+09:00,J4,749,708,1457
2019-11-29T21:15:00+09:00,J5,668,669,1337
2019-11-29T21:30:00+09:00,J1,945,1164,2109
2019-11-29T21:30:00+09:00,J2,553,652,1205
2019-11-29T21:30:00+09:00,J3,1125,992,2117
2019-11-29T21:30:00+09:00,J4,776,744,1520
2019-11-29T21:30:00+09:00,J5,642,625,1267
2019-11-29T21:45:00+09:00,J1,931,1107,2038
2019-11-29T21:45:00+09:00,J2,446,657,1103
2019-11-29T21:45:00+09:00,J3,1170,1067,2237
2019-11-29T21:45:00+09:00,J4,669,730,1399
2019-11-29T21:45:00+09:00,J5,621,599,1220
2019-11-29T22:00:00+09:00,J1,950,1104,2054
2019-11-29T22:00:00+09:00,J2,469,603,1072
2019-11-29T22:00:00+09:00,J3,1161,1101,2262
2019-11-29T22:00:00+09:00,J4,681,763,1444
2019-11-29T22:00:00+09:00,J5,507,565,1072
2019-11-29T22:15:00+09:00,J1,925,1142,2067
2019-11-29T22:15:00+09:00,J2,513,729,1242
2019-11-29T22:15:00+09:00,J3,1078,1125,2203
2019-11-29T22:15:00+09:00,J4,688,735,1423
2019-11-29T22:15:00+09:00,J5,521,589,1110
2019-11-29T22:30:00+09:00,J1,946,1110,2056
2019-11-29T22:30:00+09:00,J2,591,595,1186
2019-11-29T22:30:00+09:00,J3,1123,1121,2244
2019-11-29T22:30:00+09:00,J4,678,699,1377
2019-11-29T22:30:00+09:00,J5,554,545,1099
2019-11-29T22:45:00+09:00,J1,951,1147,2098
2019-11-29T22:45:00+09:00,J2,556,571,1127
2019-11-29T22:45:00+09:00,J3,1053,1038,2091
2019-11-29T22:45:00+09:00,J4,677,629,1306
2019-11-29T22:45:00+09:00,J5,454,525,979
2019-11-29T23:00:00+09:00,J1,881,1072,1953
2019-11-29T23:00:00+09:00,J2,551,504,1055
2019-11-29T23:00:00+09:00,J3,1090,1117,2207
2019-11-29T23:00:00+09:00,J4,695,554,1249
2019-11-29T23:00:00+09:00,J5,557,541,1098
2019-11-29T23:15:00+09:00,J1,866,986,1852
2019-11-29T23:15:00+09:00,J2,483,555,1038
2019-11-29T23:15:00+09:00,J3,1040,1053,2093
2019-11-29T23:15:00+09:00,J4,627,675,1302
2019-11-29T23:15:00+09:00,J5,535,540,1075
2019-11-29T23:30:00+09:00,J1,831,1016,1847
2019-11-29T23:30:00+09:00,J2,550,522,1072
2019-11-29T23:30:00+09:00,J3,883,920,1803
2019-11-29T23:30:00+09:00,J4,671,733,1404
2019-11-29T23:30:00+09:00,J5,492,455,947
2019-11-29T23:45:00+09:00,J1,908,971,1879
2019-11-29T23:45:00+09:00,J2,520,541,1061
2019-11-29T23:45:00+09:00,J3,953,907,1860
2019-11-29T23:45:00+09:00,J4,529,539,1068
2019-11-29T23:45:00+09:00,J5,557,557,1114
2019-11-30T00:00:00+09:00,J1,844,898,1742
2019-11-30T00:00:00+09:00,J2,589,561,1150
2019-11-30T00:00:00+09:00,J3,964,927,1891
2019-11-30T00:00:00+09:00,J4,456,437,893
2019-11-30T00:00:00+09:00,J5,578,570,1148
2019-11-30T00:15:00+09:00,J1,589,628,1217
2019-11-30T00:15:00+09:00,J2,588,586,1174
2019-11-30T00:15:00+09:00,J3,944,793,1737
2019-11-30T00:15:00+09:00,J4,405,380,785
2019-11-30T00:15:00+09:00,J5,606,592,1198
2019-11-30T00:30:00+09:00,J1,458,464,922
2019-11-30T00:30:00+09:00,J2,553,517,1070
2019-11-30T00:30:00+09:00,J3,864,698,1562
2019-11-30T00:30:00+09:00,J4,449,522,971
2019-11-30T00:30:00+09:00,J5,437,544,981
2019-11-30T00:45:00+09:00,J1,447,480,927
2019-11-30T00:45:00+09:00,J2,507,496,1003
2019-11-30T00:45:00+09:00,J3,874,694,1568
2019-11-30T00:45:00+09:00,J4,428,519,947
2019-11-30T00:45:00+09:00,J5,424,518,942
2019-11-30T05:45:00+09:00,J1,643,664,1307
2019-11-30T05:45:00+09:00,J2,279,277,556
2019-11-30T05:45:00+09:00,J3,801,697,1498
2019-11-30T05:45:00+09:00,J4,393,446,839
2019-11-30T05:45:00+09:00,J5,619,535,1154
2019-11-30T06:00:00+09:00,J1,581,626,1207
2019-11-30T06:00:00+09:00,J2,255,262,517
2019-11-30T06:00:00+09:00,J3,876,812,1688
2019-11-30T06:00:00+09:00,J4,372,404,776
2019-11-30T06:00:00+09:00,J5,608,580,1188
2019-11-30T06:15:00+09:00,J1,617,665,1282
2019-11-30T06:15:00+09:00,J2,284,280,564
2019-11-30T06:15:00+09:00,J3,793,716,1509
2019-11-30T06:15:00+09:00,J4,358,448,806
2019-11-30T06:15:00+09:00,J5,554,496,1050
2019-11-30T06:30:00+09:00,J1,680,664,1344
2019-11-30T06:30:00+09:00,J2,284,252,536
2019-11-30T06:30:00+09:00,J3,870,765,1635
2019-11-30T06:30:00+09:00,J4,397,435,832
2019-11-30T06:30:00+09:00,J5,528,469,997
2019-11-30T06:45:00+09:00,J1,669,754,1423
2019-11-30T06:45:00+09:00,J2,325,304,629
2019-11-30T06:45:00+09:00,J3,823,745,1568
2019-11-30T06:45:00+09:00,J4,409,451,860
2019-11-30T06:45:00+09:00,J5,547,550,1097
2019-11-30T07:00:00+09:00,J1,796,783,1579
2019-11-30T07:00:00+09:00,J2,396,350,746
2019-11-30T07:00:00+09:00,J3,849,758,1607
2019-11-30T07:00:00+09:00,J4,419,462,881
2019-11-30T07:00:00+09:00,J5,569,537,1106
2019-11-30T07:15:00+09:00,J1,816,848,1664
2019-11-30T07:15:00+09:00,J2,475,401,876
2019-11-30T07:15:00+09:00,J3,838,822,1660
2019-11-30T07:15:00+09:00,J4,435,490,925
2019-11-30T07:15:00+09:00,J5,602,552,1154
2019-11-30T07:30:00+09:00,J1,948,844,1792
2019-11-30T07:30:00+09:00,J2,470,421,891
2019-11-30T07:30:00+09:00,J3,828,821,1649
2019-11-30T07:30:00+09:00,J4,487,598,1085
2019-11-30T07:30:00+09:00,J5,596,556,1152
2019-11-30T07:45:00+09:00,J1,860,901,1761
2019-11-30T07:45:00+09:00,J2,389,372,761
2019-11-30T07:45:00+09:00,J3,831,803,1634
2019-11-30T07:45:00+09:00,J4,521,567,1088
2019-11-30T07:45:00+09:00,J5,556,493,1049
2019-11-30T08:00:00+09:00,J1,1093,1132,2225
2019-11-30T08:00:00+09:00,J2,447,457,904
2019-11-30T08:00:00+09:00,J3,832,870,1702
2019-11-30T08:00:00+09:00,J4,510,548,1058
2019-11-30T08:00:00+09:00,J5,554,575,1129
2019-11-30T08:15:00+09:00,J1,1131,1146,2277
2019-11-30T08:15:00+09:00,J2,496,484,980
2019-11-30T08:15:00+09:00,J3,912,849,1761
2019-11-30T08:15:00+09:00,J4,560,604,1164
2019-11-30T08:15:00+09:00,J5,678,674,1352
2019-11-30T08:30:00+09:00,J1,1070,1188,2258
2019-11-30T08:30:00+09:00,J2,425,481,906
2019-11-30T08:30:00+09:00,J3,862,889,1751
2019-11-30T08:30:00+09:00,J4,582,677,1259
2019-11-30T08:30:00+09:00,J5,751,677,1428
2019-11-30T08:45:00+09:00,J1,1076,1153,2229
2019-11-30T08:45:00+09:00,J2,436,486,922
2019-11-30T08:45:00+09:00,J3,1057,968,2025
2019-11-30T08:45:00+09:00,J4,532,638,1170
2019-11-30T08:45:00+09:00,J5,655,639,1294
2019-11-30T09:00:00+09:00,J1,1140,1147,2287
2019-11-30T09:00:00+09:00,J2,438,441,879
2019-11-30T09:00:00+09:00,J3,958,943,1901
2019-11-30T09:00:00+09:00,J4,510,624,1134
2019-11-30T09:00:00+09:00,J5,585,606,1191
2019-11-30T09:15:00+09:00,J1,1134,1148,2282
2019-11-30T09:15:00+09:00,J2,544,495,1039
2019-11-30T09:15:00+09:00,J3,1033,915,1948
2019-11-30T09:15:00+09:00,J4,462,596,1058
2019-11-30T09:15:00+09:00,J5,635,675,1310
2019-11-30T09:30:00+09:00,J1,1187,1130,2317
2019-11-30T09:30:00+09:00,J2,632,527,1159
2019-11-30T09:30:00+09:00,J3,988,872,1860
2019-11-30T09:30:00+09:00,J4,508,599,1107
2019-11-30T09:30:00+09:00,J5,636,697,1333
2019-11-30T09:45:00+09:00,J1,1196,1145,2341
2019-11-30T09:45:00+09:00,J2,694,520,1214
2019-11-30T09:45:00+09:00,J3,947,854,1801
2019-11-30T09:45:00+09:00,J4,502,628,1130
2019-11-30T09:45:00+09:00,J5,581,637,1218
2019-11-30T10:00:00+09:00,J1,1254,1209,2463
2019-11-30T10:00:00+09:00,J2,719,614,1333
2019-11-30T10:00:00+09:00,J3,879,768,1647
2019-11-30T10:00:00+09:00,J4,496,687,1183
2019-11-30T10:00:00+09:00,J5,603,620,1223
2019-11-30T10:15:00+09:00,J1,1182,1249,2431
2019-11-30T10:15:00+09:00,J2,765,690,1455
2019-11-30T10:15:00+09:00,J3,880,738,1618
2019-11-30T10:15:00+09:00,J4,539,723,1262
2019-11-30T10:15:00+09:00,J5,607,651,1258
2019-11-30T10:30:00+09:00,J1,1227,1174,2401
2019-11-30T10:30:00+09:00,J2,763,677,1440
2019-11-30T10:30:00+09:00,J3,933,863,1796
2019-11-30T10:30:00+09:00,J4,596,773,1369
2019-11-30T10:30:00+09:00,J5,601,615,1216
2019-11-30T10:45:00+09:00,J1,1139,1181,2320
2019-11-30T10:45:00+09:00,J2,722,673,1395
2019-11-30T10:45:00+09:00,J3,943,817,1760
2019-11-30T10:45:00+09:00,J4,620,797,1417
2019-11-30T10:45:00+09:00,J5,565,632,1197
2019-11-30T11:00:00+09:00,J1,1159,1215,2374
2019-11-30T11:00:00+09:00,J2,655,663,1318
2019-11-30T11:00:00+09:00,J3,1076,1087,2163
2019-11-30T11:00:00+09:00,J4,601,697,1298
2019-11-30T11:00:00+09:00,J5,424,442,866
2019-11-30T11:15:00+09:00,J1,1195,1266,2461
2019-11-30T11:15:00+09:00,J2,701,521,1222
2019-11-30T11:15:00+09:00,J3,1102,1108,2210
2019-11-30T11:15:00+09:00,J4,560,767,1327
2019-11-30T11:15:00+09:00,J5,388,375,763
2019-11-30T11:30:00+09:00,J1,1215,1197,2412
2019-11-30T11:30:00+09:00,J2,648,536,1184
2019-11-30T11:30:00+09:00,J3,1263,1090,2353
2019-11-30T11:30:00+09:00,J4,678,824,1502
2019-11-30T11:30:00+09:00,J5,383,409,792
2019-11-30T11:45:00+09:00,J1,1179,1286,2465
2019-11-30T11:45:00+09:00,J2,697,578,1275
2019-11-30T11:45:00+09:00,J3,1302,1143,2445
2019-11-30T11:45:00+09:00,J4,652,823,1475
2019-11-30T11:45:00+09:00,J5,390,372,762
2019-11-30T12:00:00+09:00,J1,1158,1275,2433
2019-11-30T12:00:00+09:00,J2,756,621,1377
2019-11-30T12:00:00+09:00,J3,1164,1026,2190
2019-11-30T12:00:00+09:00,J4,632,710,1342
2019-11-30T12:00:00+09:00,J5,428,376,804
2019-11-30T12:15:00+09:00,J1,1212,1311,2523
2019-11-30T12:15:00+09:00,J2,787,588,1375
2019-11-30T12:15:00+09:00,J3,1223,1166,2389
2019-11-30T12:15:00+09:00,J4,620,744,1364
2019-11-30T12:15:00+09:00,J5,476,423,899
2019-11-30T12:30:00+09:00,J1,1094,1168,2262
2019-11-30T12:30:00+09:00,J2,693,541,1234
2019-11-30T12:30:00+09:00,J3,1042,1035,2077
2019-11-30T12:30:00+09:00,J4,765,884,1649
2019-11-30T12:30:00+09:00,J5,574,440,1014
2019-11-30T12:45:00+09:00,J1,1118,1233,2351
2019-11-30T12:45:00+09:00,J2,739,625,1364
2019-11-30T12:45:00+09:00,J3,1085,988,2073
2019-11-30T12:45:00+09:00,J4,826,877,1703
2019-11-30T12:45:00+09:00,J5,579,539,1118
2019-11-30T13:00:00+09:00,J1,1046,1266,2312
2019-11-30T13:00:00+09:00,J2,860,641,1501
2019-11-30T13:00:00+09:00,J3,944,967,1911
2019-11-30T13:00:00+09:00,J4,897,946,1843
2019-11-30T13:00:00+09:00,J5,596,518,1114
2019-11-30T13:15:00+09:00,J1,1026,1268,2294
2019-11-30T13:15:00+09:00,J2,859,699,1558
2019-11-30T13:15:00+09:00,J3,1061,937,1998
2019-11-30T13:15:00+09:00,J4,1061,982,2043
2019-11-30T13:15:00+09:00,J5,668,549,1217
2019-11-30T13:30:00+09:00,J1,1076,1278,2354
2019-11-30T13:30:00+09:00,J2,855,715,1570
2019-11-30T13:30:00+09:00,J3,1015,984,1999
2019-11-30T13:30:00+09:00,J4,952,913,1865
2019-11-30T13:30:00+09:00,J5,634,531,1165
2019-11-30T13:45:00+09:00,J1,1116,1288,2404
2019-11-30T13:45:00+09:00,J2,915,772,1687
2019-11-30T13:45:00+09:00,J3,1063,928,1991
2019-11-30T13:45:00+09:00,J4,1008,1091,2099
2019-11-30T13:45:00+09:00,J5,627,516,1143
2019-11-30T14:00:00+09:00,J1,1121,1207,2328
2019-11-30T14:00:00+09:00,J2,962,694,1656
2019-11-30T14:00:00+09:00,J3,1032,1050,2082
2019-11-30T14:00:00+09:00,J4,1041,1009,2050
2019-11-30T14:00:00+09:00,J5,566,486,1052
2019-11-30T14:15:00+09:00,J1,1128,1221,2349
2019-11-30T14:15:00+09:00,J2,950,747,1697
2019-11-30T14:15:00+09:00,J3,979,1002,1981
2019-11-30T14:15:00+09:00,J4,1122,1030,2152
2019-11-30T14:15:00+09:00,J5,563,475,1038
2019-11-30T14:30:00+09:00,J1,1123,1230,2353
2019-11-30T14:30:00+09:00,J2,950,751,1701
2019-11-30T14:30:00+09:00,J3,962,981,1943
2019-11-30T14:30:00+09:00,J4,1127,989,2116
2019-11-30T14:30:00+09:00,J5,510,501,1011
2019-11-30T14:45:00+09:00,J1,1098,1225,2323
2019-11-30T14:45:00+09:00,J2,964,773,1737
2019-11-30T14:45:00+09:00,J3,965,1050,2015
2019-11-30T14:45:00+09:00,J4,1112,1043,2155
2019-11-30T14:45:00+09:00,J5,554,498,1052
2019-11-30T15:00:00+09:00,J1,1091,1229,2320
2019-11-30T15:00:00+09:00,J2,939,733,1672
2019-11-30T15:00:00+09:00,J3,983,928,1911
2019-11-30T15:00:00+09:00,J4,1017,983,2000
2019-11-30T15:00:00+09:00,J5,535,470,1005
2019-11-30T15:15:00+09:00,J1,1102,1184,2286
2019-11-30T15:15:00+09:00,J2,969,721,1690
2019-11-30T15:15:00+09:00,J3,1017,932,1949
2019-11-30T15:15:00+09:00,J4,1058,1006,2064
2019-11-30T15:15:00+09:00,J5,552,534,1086
2019-11-30T15:30:00+09:00,J1,1077,1215,2292
2019-11-30T15:30:00+09:00,J2,985,671,1656
2019-11-30T15:30:00+09:00,J3,1009,1043,2052
2019-11-30T15:30:00+09:00,J4,1043,1044,2087
2019-11-30T15:30:00+09:00,J5,536,450,986
2019-11-30T15:45:00+09:00,J1,1082,1247,2329
2019-11-30T15:45:00+09:00,J2,994,702,1696
2019-11-30T15:45:00+09:00,J3,995,1131,2126
2019-11-30T15:45:00+09:00,J4,1162,1016,2178
2019-11-30T15:45:00+09:00,J5,498,472,970
2019-11-30T16:00:00+09:00,J1,1051,1206,2257
2019-11-30T16:00:00+09:00,J2,971,662,1633
2019-11-30T16:00:00+09:00,J3,1222,1075,2297
2019-11-30T16:00:00+09:00,J4,1110,1072,2182
2019-11-30T16:00:00+09:00,J5,454,440,894
2019-11-30T16:15:00+09:00,J1,1097,1224,2321
2019-11-30T16:15:00+09:00,J2,1083,711,1794
2019-11-30T16:15:00+09:00,J3,1263,1117,2380
2019-11-30T16:15:00+09:00,J4,1070,1044,2114
2019-11-30T16:15:00+09:00,J5,513,470,983
2019-11-30T16:30:00+09:00,J1,1147,1223,2370
2019-11-30T16:30:00+09:00,J2,1073,687,1760
2019-11-30T16:30:00+09:00,J3,1212,989,2201
2019-11-30T16:30:00+09:00,J4,1131,1059,2190
2019-11-30T16:30:00+09:00,J5,599,489,1088
2019-11-30T16:45:00+09:00,J1,1092,1206,2298
2019-11-30T16:45:00+09:00,J2,1144,670,1814
2019-11-30T16:45:00+09:00,J3,1333,1002,2335
2019-11-30T16:45:00+09:00,J4,1112,1003,2115
2019-11-30T16:45:00+09:00,J5,593,452,1045
2019-11-30T17:00:00+09:00,J1,1089,1217,2306
2019-11-30T17:00:00+09:00,J2,1082,739,1821
2019-11-30T17:00:00+09:00,J3,1281,934,2215
2019-11-30T17:00:00+09:00,J4,1170,950,2120
2019-11-30T17:00:00+09:00,J5,563,505,1068
2019-11-30T17:15:00+09:00,J1,1133,1206,2339
2019-11-30T17:15:00+09:00,J2,1201,748,1949
2019-11-30T17:15:00+09:00,J3,1413,1090,2503
2019-11-30T17:15:00+09:00,J4,1066,1012,2078
2019-11-30T17:15:00+09:00,J5,490,480,970
2019-11-30T17:30:00+09:00,J1,1187,1177,2364
2019-11-30T17:30:00+09:00,J2,1147,721,1868
2019-11-30T17:30:00+09:00,J3,1427,1144,2571
2019-11-30T17:30:00+09:00,J4,1105,934,2039
2019-11-30T17:30:00+09:00,J5,511,485,996
2019-11-30T17:45:00+09:00,J1,1128,1216,2344
2019-11-30T17:45:00+09:00,J2,1062,647,1709
2019-11-30T17:45:00+09:00,J3,1441,1166,2607
2019-11-30T17:45:00+09:00,J4,1101,955,2056
2019-11-30T17:45:00+09:00,J5,540,479,1019
2019-11-30T18:00:00+09:00,J1,1120,1172,2292
2019-11-30T18:00:00+09:00,J2,914,719,1633
2019-11-30T18:00:00+09:00,J3,1336,1173,2509
2019-11-30T18:00:00+09:00,J4,1044,976,2020
2019-11-30T18:00:00+09:00,J5,516,503,1019
2019-11-30T18:15:00+09:00,J1,1085,1207,2292
2019-11-30T18:15:00+09:00,J2,934,659,1593
2019-11-30T18:15:00+09:00,J3,1311,1114,2425
2019-11-30T18:15:00+09:00,J4,998,867,1865
2019-11-30T18:15:00+09:00,J5,528,486,1014
2019-11-30T18:30:00+09:00,J1,1191,1154,2345
2019-11-30T18:30:00+09:00,J2,995,671,1666
2019-11-30T18:30:00+09:00,J3,1014,970,1984
2019-11-30T18:30:00+09:00,J4,887,793,1680
2019-11-30T18:30:00+09:00,J5,500,472,972
2019-11-30T18:45:00+09:00,J1,1189,1280,2469
2019-11-30T18:45:00+09:00,J2,857,775,1632
2019-11-30T18:45:00+09:00,J3,1032,958,1990
2019-11-30T18:45:00+09:00,J4,822,771,1593
2019-11-30T18:45:00+09:00,J5,545,500,1045
2019-11-30T19:00:00+09:00,J1,1059,1103,2162
2019-11-30T19:00:00+09:00,J2,720,637,1357
2019-11-30T19:00:00+09:00,J3,1009,978,1987
2019-11-30T19:00:00+09:00,J4,743,739,1482
2019-11-30T19:00:00+09:00,J5,534,504,1038
2019-11-30T19:15:00+09:00,J1,1034,1057,2091
2019-11-30T19:15:00+09:00,J2,749,655,1404
2019-11-30T19:15:00+09:00,J3,985,962,1947
2019-11-30T19:15:00+09:00,J4,879,752,1631
2019-11-30T19:15:00+09:00,J5,543,455,998
2019-11-30T19:30:00+09:00,J1,973,1071,2044
2019-11-30T19:30:00+09:00,J2,677,616,1293
2019-11-30T19:30:00+09:00,J3,938,959,1897
2019-11-30T19:30:00+09:00,J4,757,703,1460
2019-11-30T19:30:00+09:00,J5,571,481,1052
2019-11-30T19:45:00+09:00,J1,931,1063,1994
2019-11-30T19:45:00+09:00,J2,663,577,1240
2019-11-30T19:45:00+09:00,J3,882,978,1860
2019-11-30T19:45:00+09:00,J4,694,665,1359
2019-11-30T19:45:00+09:00,J5,527,532,1059
2019-11-30T20:00:00+09:00,J1,967,1011,1978
2019-11-30T20:00:00+09:00,J2,627,523,1150
2019-11-30T20:00:00+09:00,J3,853,915,1768
2019-11-30T20:00:00+09:00,J4,676,722,1398
2019-11-30T20:00:00+09:00,J5,548,490,1038
2019-11-30T20:15:00+09:00,J1,1028,1028,2056
2019-11-30T20:15:00+09:00,J2,670,591,1261
2019-11-30T20:15:00+09:00,J3,931,914,1845
2019-11-30T20:15:00+09:00,J4,739,734,1473
2019-11-30T20:15:00+09:00,J5,543,556,1099
2019-11-30T20:30:00+09:00,J1,942,1192,2134
2019-11-30T20:30:00+09:00,J2,656,587,1243
2019-11-30T20:30:00+09:00,J3,908,917,1825
2019-11-30T20:30:00+09:00,J4,697,635,1332
2019-11-30T20:30:00+09:00,J5,529,510,1039
2019-11-30T20:45:00+09:00,J1,992,1071,2063
2019-11-30T20:45:00+09:00,J2,654,672,1326
2019-11-30T20:45:00+09:00,J3,913,881,1794
2019-11-30T20:45:00+09:00,J4,611,573,1184
2019-11-30T20:45:00+09:00,J5,490,494,984
2019-11-30T21:00:00+09:00,J1,832,1067,1899
2019-11-30T21:00:00+09:00,J2,652,565,1217
2019-11-30T21:00:00+09:00,J3,896,924,1820
2019-11-30T21:00:00+09:00,J4,698,664,1362
2019-11-30T21:00:00+09:00,J5,474,488,962
2019-11-30T21:15:00+09:00,J1,908,1031,1939
2019-11-30T21:15:00+09:00,J2,744,686,1430
2019-11-30T21:15:00+09:00,J3,887,868,1755
2019-11-30T21:15:00+09:00,J4,730,654,1384
2019-11-30T21:15:00+09:00,J5,538,546,1084
2019-11-30T21:30:00+09:00,J1,871,991,1862
2019-11-30T21:30:00+09:00,J2,561,610,1171
2019-11-30T21:30:00+09:00,J3,915,819,1734
2019-11-30T21:30:00+09:00,J4,661,657,1318
2019-11-30T21:30:00+09:00,J5,507,498,1005
2019-11-30T21:45:00+09:00,J1,850,984,1834
2019-11-30T21:45:00+09:00,J2,466,522,988
2019-11-30T21:45:00+09:00,J3,925,838,1763
2019-11-30T21:45:00+09:00,J4,606,640,1246
2019-11-30T21:45:00+09:00,J5,536,535,1071
2019-11-30T22:00:00+09:00,J1,844,1022,1866
2019-11-30T22:00:00+09:00,J2,424,550,974
2019-11-30T22:00:00+09:00,J3,981,789,1770
2019-11-30T22:00:00+09:00,J4,610,608,1218
2019-11-30T22:00:00+09:00,J5,451,424,875
2019-11-30T22:15:00+09:00,J1,836,960,1796
2019-11-30T22:15:00+09:00,J2,396,525,921
2019-11-30T22:15:00+09:00,J3,899,747,1646
2019-11-30T22:15:00+09:00,J4,673,656,1329
2019-11-30T22:15:00+09:00,J5,452,497,949
2019-11-30T22:30:00+09:00,J1,856,945,1801
2019-11-30T22:30:00+09:00,J2,639,668,1307
2019-11-30T22:30:00+09:00,J3,861,731,1592
2019-11-30T22:30:00+09:00,J4,665,612,1277
2019-11-30T22:30:00+09:00,J5,402,420,822
2019-11-30T22:45:00+09:00,J1,863,882,1745
2019-11-30T22:45:00+09:00,J2,469,537,1006
2019-11-30T22:45:00+09:00,J3,804,676,1480
2019-11-30T22:45:00+09:00,J4,653,613,1266
2019-11-30T22:45:00+09:00,J5,386,386,772
2019-11-30T23:00:00+09:00,J1,839,954,1793
2019-11-30T23:00:00+09:00,J2,491,530,1021
2019-11-30T23:00:00+09:00,J3,801,740,1541
2019-11-30T23:00:00+09:00,J4,628,642,1270
2019-11-30T23:00:00+09:00,J5,380,422,802
2019-11-30T23:15:00+09:00,J1,861,1013,1874
2019-11-30T23:15:00+09:00,J2,402,617,1019
2019-11-30T23:15:00+09:00,J3,822,773,1595
2019-11-30T23:15:00+09:00,J4,565,612,1177
2019-11-30T23:15:00+09:00,J5,402,406,808
2019-11-30T23:30:00+09:00,J1,823,943,1766
2019-11-30T23:30:00+09:00,J2,384,576,960
2019-11-30T23:30:00+09:00,J3,836,768,1604
2019-11-30T23:30:00+09:00,J4,491,549,1040
2019-11-30T23:30:00+09:00,J5,379,379,758
2019-11-30T23:45:00+09:00,J1,756,897,1653
2019-11-30T23:45:00+09:00,J2,334,488,822
2019-11-30T23:45:00+09:00,J3,849,712,1561
2019-11-30T23:45:00+09:00,J4,620,570,1190
2019-11-30T23:45:00+09:00,J5,352,389,741
2019-12-01T00:00:00+09:00,J1,698,726,1424
2019-12-01T00:00:00+09:00,J2,378,442,820
2019-12-01T00:00:00+09:00,J3,630,531,1161
2019-12-01T00:00:00+09:00,J4,628,529,1157
2019-12-01T00:00:00+09:00,J5,402,383,785
2019-12-01T00:15:00+09:00,J1,527,584,1111
2019-12-01T00:15:00+09:00,J2,348,324,672
2019-12-01T00:15:00+09:00,J3,562,489,1051
2019-12-01T00:15:00+09:00,J4,425,386,811
2019-12-01T00:15:00+09:00,J5,469,456,925
2019-12-01T00:30:00+09:00,J1,433,381,814
2019-12-01T00:30:00+09:00,J2,301,283,584
2019-12-01T00:30:00+09:00,J3,620,649,1269
2019-12-01T00:30:00+09:00,J4,345,306,651
2019-12-01T00:30:00+09:00,J5,543,547,1090
2019-12-01T00:45:00+09:00,J1,357,306,663
2019-12-01T00:45:00+09:00,J2,287,258,545
2019-12-01T00:45:00+09:00,J3,626,622,1248
2019-12-01T00:45:00+09:00,J4,342,350,692
2019-12-01T00:45:00+09:00,J5,580,593,1173
